1356068661649,-0.093598604,-0.029249758,0.99518025,0.99309933,0.06819832,0.09540737,-0.07066026,0.9972429,0.022664666
1356068661688,0.56614816,0.021421641,0.8240251,0.82126915,0.07103707,-0.5661013,-0.070663095,0.99724364,0.022624597
1356068661728,0.5662773,0.021588475,0.82393193,0.82117856,0.07094832,-0.5662439,-0.07068089,0.99724627,0.02244845
1356068661770,0.5664685,0.021890491,0.8237927,0.82104194,0.0708137,-0.5664588,-0.0707359,0.99724936,0.022140697
1356068661808,0.56646883,0.022167295,0.82378495,0.8210305,0.07078089,-0.5664794,-0.07086551,0.9972455,0.021895155
1356068661848,0.56585765,0.022150218,0.8242054,0.8214309,0.07106699,-0.56586283,-0.071107775,0.9972256,0.022018924
1356068661888,0.5643003,0.021609217,0.8252868,0.8224684,0.07185194,-0.5642545,-0.0714916,0.9971813,0.022773147
1356068661928,0.5617121,0.020491749,0.82707894,0.82418704,0.07323398,-0.56156254,-0.07207772,0.9971043,0.024247363
1356068661968,0.5582994,0.019071251,0.8294203,0.82642245,0.07517235,-0.5580099,-0.07299146,0.9969881,0.026207745
1356068662010,0.5545034,0.017804682,0.831991,0.82884526,0.07761715,-0.55406785,-0.07444179,0.99682426,0.028281644
1356068662048,0.55081517,0.017140388,0.8344512,0.8311014,0.080537334,-0.5502583,-0.076636106,0.9966042,0.030115768
1356068662088,0.54776883,0.017458856,0.8364476,0.83282363,0.08387953,-0.54714644,-0.079713404,0.996323,0.031406432
1356068662128,0.54608166,0.019296914,0.83750963,0.8335378,0.08739716,-0.5455055,-0.0837225,0.9959866,0.031641304
1356068662170,0.54674757,0.023510903,0.83696735,0.8325949,0.090528786,-0.54643416,-0.08861676,0.9956162,0.029921353
1356068662209,0.5510652,0.031436443,0.8338698,0.82909137,0.092567146,-0.5513971,-0.09452286,0.99521005,0.024946898
1356068662248,0.55917805,0.043328434,0.8279145,0.82284915,0.0928814,-0.5606178,-0.10118851,0.9947339,0.016284496
1356068662289,0.5713344,0.059930235,0.8185264,0.813478,0.09082262,-0.57446045,-0.108768284,0.99406224,0.0031381547
1356068662328,0.5864938,0.08074269,0.8059192,0.8014593,0.085875034,-0.5918517,-0.11699602,0.99302876,-0.014346778
1356068662370,0.6028617,0.104473144,0.79097605,0.78801787,0.077157974,-0.61079824,-0.12484211,0.9915302,-0.035811126
1356068662408,0.61767757,0.12872776,0.7758244,0.7755439,0.06387928,-0.62805337,-0.13040695,0.9896204,-0.06037721
1356068662449,0.6279429,0.1509937,0.7634714,0.76691395,0.04684121,-0.6400382,-0.13240367,0.9874243,-0.08638558
1356068662489,0.63251233,0.17114118,0.7554064,0.76338696,0.02724304,-0.6453666,-0.13102838,0.9848698,-0.11341539
1356068662530,0.62932277,0.1894322,0.7537031,0.76646584,0.008927137,-0.642223,-0.12838617,0.98185325,-0.1395753
1356068662571,0.62037027,0.2083849,0.7561194,0.77414536,-0.007992208,-0.63295734,-0.12585565,0.97801423,-0.1662783
1356068662611,0.6017947,0.22837168,0.7653035,0.7889517,-0.021104746,-0.6140927,-0.12408987,0.9733453,-0.19287497
1356068662649,0.57898545,0.25157288,0.77555585,0.80603456,-0.033323646,-0.5909296,-0.12281749,0.96726453,-0.22207034
1356068662688,0.5506505,0.27862272,0.78686297,0.8258519,-0.044680595,-0.56211394,-0.12146017,0.95936066,-0.25470448
1356068662730,0.5212326,0.31085473,0.7947867,0.8449529,-0.05715528,-0.5317779,-0.119879395,0.9487373,-0.29244882
1356068662768,0.48965338,0.34637317,0.8001658,0.86378896,-0.067688026,-0.49928635,-0.11877772,0.9356516,-0.332337
1356068662809,0.4621032,0.3846302,0.79907465,0.8787557,-0.077313244,-0.47096828,-0.119369626,0.91982734,-0.3737227
1356068662845,0.4382553,0.42332613,0.7929232,0.89046407,-0.08425301,-0.44718587,-0.12249926,0.9020512,-0.413881
1356068662886,0.41915601,0.4600408,0.78273284,0.898811,-0.08847921,-0.42931378,-0.12824625,0.8834783,-0.4505763
1356068662929,0.40272292,0.49156964,0.77212274,0.90532327,-0.089574784,-0.4151699,-0.13492218,0.8662191,-0.48110327
1356068662968,0.38517308,0.5143777,0.7661966,0.9122727,-0.08691943,-0.40025425,-0.13928452,0.8531474,-0.5027318
1356068663010,0.36270693,0.5254798,0.7696198,0.92155063,-0.07949194,-0.38003358,-0.13852137,0.8470844,-0.51308846
1356068663048,0.33444676,0.52496433,0.7826607,0.93287385,-0.066541694,-0.35400352,-0.13375962,0.8485191,-0.5119802
1356068663089,0.29633754,0.50936866,0.8079155,0.94665515,-0.04451877,-0.3191583,-0.12660182,0.859396,-0.4953891
1356068663128,0.24918486,0.47792864,0.842313,0.96100795,-0.014366373,-0.27614743,-0.119877815,0.8782812,-0.4628731
1356068663168,0.19182801,0.4276204,0.88337016,0.97472453,0.022014737,-0.22232294,-0.11451703,0.90369034,-0.41258907
1356068663208,0.12857205,0.35910502,0.9243986,0.9855424,0.05744624,-0.15939274,-0.110341966,0.9315275,-0.34652728
1356068663248,0.06755045,0.27815637,0.95815766,0.9919257,0.08458963,-0.094487816,-0.10733262,0.9568039,-0.27019644
1356068663288,0.019036442,0.1951578,0.9805871,0.9941642,0.10046628,-0.039294988,-0.10618463,0.97561264,-0.19210637
1356068663328,-0.009132862,0.120488405,0.99267274,0.9941467,0.107966304,-0.0039583147,-0.10765213,0.9868262,-0.12076914
1356068663368,-0.012816012,0.0610829,0.99805045,0.99367815,0.11211175,0.0058983564,-0.1115329,0.99181646,-0.06213355
1356068663408,0.008022964,0.019053042,0.9997864,0.99313027,0.1165694,-0.010191053,-0.11673871,0.9929998,-0.017986953
1356068663448,0.051160812,-0.006689459,0.9986681,0.99115944,0.12291366,-0.049952835,-0.12241581,0.9923948,0.012918651
1356068663488,0.11431536,-0.017611027,0.9932884,0.98501146,0.13200971,-0.111022234,-0.12916851,0.99109197,0.0324378
1356068663528,0.19626269,-0.013463974,0.98045886,0.9706353,0.14451066,-0.1923118,-0.13909742,0.9894117,0.041430652
1356068663568,0.29562974,0.006619543,0.9552796,0.9428711,0.15877467,-0.2928899,-0.15361294,0.9872926,0.040697187
1356068663608,0.4079351,0.043115467,0.9119923,0.8965422,0.1699495,-0.40905884,-0.17262939,0.9845091,0.030673534
1356068663647,0.5207189,0.08811879,0.8491684,0.8321371,0.16989432,-0.5279052,-0.19078732,0.9815147,0.015140235
1356068663688,0.616488,0.1305128,0.77647215,0.7609321,0.15461975,-0.6301389,-0.20229912,0.97931564,-0.0039901435
1356068663728,0.6864576,0.1581791,0.70975727,0.6985575,0.12765479,-0.7040751,-0.20197392,0.97912395,-0.02286762
1356068663768,0.7310231,0.16628481,0.66178143,0.65546346,0.098452866,-0.74878216,-0.18966535,0.9811505,-0.037022293
1356068663808,0.7555889,0.15808548,0.6356842,0.63284445,0.074343495,-0.7707016,-0.1690957,0.9846228,-0.04387039
1356068663848,0.76475006,0.13991095,0.6289533,0.62772804,0.058358252,-0.776242,-0.14530934,0.9884428,-0.043196544
1356068663888,0.759662,0.116734475,0.6397552,0.638801,0.050376855,-0.76772094,-0.121848285,0.9918846,-0.036300674
1356068663928,0.7380923,0.090942144,0.66854274,0.6672733,0.048221618,-0.74325037,-0.099830985,0.99468803,-0.02509126
1356068663968,0.69513935,0.06399226,0.7160211,0.71452284,0.04793012,-0.6979683,-0.078983545,0.9967987,-0.012405813
1356068664008,0.6268679,0.038520277,0.77817273,0.7769153,0.04427369,-0.6280466,-0.0586451,0.99827653,-0.00217323
1356068664048,0.53773785,0.022863418,0.842802,0.84215665,0.03301148,-0.53822154,-0.040127695,0.9991934,-0.0015030354
1356068664088,0.45052767,0.03104341,0.8922226,0.89229804,0.016573787,-0.45114243,-0.0287925,0.9993806,-0.020233005
1356068664128,0.4016246,0.07580161,0.91266197,0.91522616,0.0021875799,-0.40293464,-0.032539606,0.9971205,-0.06849703
1356068664168,0.40326005,0.15455571,0.9019389,0.91352534,-0.010463297,-0.4066473,-0.053412408,0.9879286,-0.14540997
1356068664208,0.43513945,0.2460826,0.8660814,0.8966277,-0.030905813,-0.4417053,-0.08192903,0.968756,-0.23409283
1356068664267,0.46065712,0.32205984,0.82708675,0.8814876,-0.05702555,-0.46875128,-0.10380089,0.9450003,-0.31016096
1356068664290,0.4566784,0.36731994,0.8102597,0.88261604,-0.07291323,-0.46440557,-0.11150673,0.92723227,-0.35750034
1356068664328,0.41824955,0.38026842,0.82490194,0.90208745,-0.067588255,-0.42622763,-0.106327236,0.9224033,-0.37130418
1356068664365,0.34943748,0.36340728,0.8636137,0.93211746,-0.04124458,-0.3598,-0.095134586,0.930717,-0.35315067
1356068664409,0.25493973,0.3178209,0.91323364,0.9632343,-6.776005E-4,-0.26866218,-0.08476767,0.9481505,-0.3063087
1356068664448,0.14899865,0.25097057,0.9564587,0.9856956,0.0393472,-0.16387773,-0.07876244,0.9671947,-0.2415179
1356068664488,0.04805845,0.17508742,0.98337924,0.9959508,0.06648618,-0.060510457,-0.075975746,0.98230547,-0.17118323
1356068664528,-0.03392425,0.10325581,0.9940762,0.99670583,0.07680979,0.026035637,-0.07366651,0.9916847,-0.10552138
1356068664568,-0.09051809,0.04357186,0.9949411,0.9933866,0.07480952,0.087100476,-0.070635915,0.9962454,-0.050055325
1356068664608,-0.12239063,-0.0024572313,0.99247897,0.9901866,0.067670286,0.1222755,-0.06746176,0.99770474,-0.0058490634
1356068664647,-0.12968546,-0.035437077,0.99092174,0.98937285,0.061643362,0.13168716,-0.06575033,0.99746895,0.027066171
1356068664688,-0.11346716,-0.05531016,0.99200106,0.99121845,0.061940014,0.11683118,-0.06790653,0.99654615,0.04779625
1356068664728,-0.06730217,-0.060054094,0.9959237,0.99477375,0.072779536,0.07161304,-0.0767836,0.99553835,0.054841936
1356068664768,0.015550554,-0.046946913,0.9987763,0.9954505,0.094637215,-0.011050433,-0.094002604,0.9944042,0.048205018
1356068664808,0.13786262,-0.014002353,0.9903524,0.9834156,0.12090528,-0.13518757,-0.11784586,0.99256533,0.030438483
1356068664848,0.2868672,0.03496942,0.9573318,0.9473758,0.13785696,-0.28891948,-0.14207813,0.98983467,0.006417483
1356068664888,0.42569697,0.084228545,0.90093714,0.8908986,0.135249,-0.4335982,-0.15837222,0.98722506,-0.017464042
1356068664928,0.5191846,0.11609262,0.8467407,0.8390979,0.11897485,-0.53081036,-0.162364,0.98608696,-0.03564316
1356068664968,0.5605923,0.12633157,0.8183988,0.81320876,0.102544785,-0.5728665,-0.15629363,0.98667365,-0.04524812
1356068665008,0.55759645,0.12031937,0.82134616,0.81726944,0.09380214,-0.56856996,-0.14545402,0.9882937,-0.046029627
1356068665048,0.51393825,0.102517426,0.8516793,0.8474561,0.093239844,-0.52261317,-0.13298744,0.9903517,-0.038959533
1356068665088,0.42783755,0.074760914,0.9007585,0.8959923,0.09608978,-0.433549,-0.11896622,0.99256116,-0.025874406
1356068665128,0.30214888,0.040169507,0.95241404,0.94780064,0.09412402,-0.30465508,-0.101882845,0.9947498,-0.009633213
1356068665168,0.15649712,0.007760197,0.9876479,0.9843817,0.08040923,-0.1566113,-0.080631346,0.99673164,0.004944831
1356068665208,0.025803506,-0.007870764,0.99963605,0.99806273,0.05683154,-0.025315344,-0.056611568,0.9983527,0.009322047
1356068665248,-0.06274289,0.0066908,0.9980073,0.9973764,0.036598265,0.06245786,-0.03610742,0.9993077,-0.008969545
1356068665288,-0.103660405,0.05723828,0.9929644,0.9942067,0.03448701,0.10180211,-0.028417438,0.9977647,-0.060481608
1356068665329,-0.11085799,0.13663086,0.98439956,0.9930967,0.053432018,0.10442129,-0.03833127,0.98917997,-0.14161104
1356068665368,-0.11053172,0.22075492,0.96904594,0.9921003,0.08270916,0.0943197,-0.059327424,0.97181606,-0.22815299
1356068665408,-0.122329,0.28462273,0.95080256,0.9891934,0.112977326,0.09344852,-0.080821544,0.951959,-0.2953673
1356068665448,-0.15749007,0.31099185,0.9372731,0.9830452,0.13962924,0.11885154,-0.09390885,0.94009984,-0.32770926
1356068665488,-0.21424693,0.29519975,0.9311044,0.9719486,0.15911716,0.1731982,-0.09702662,0.9420928,-0.3210094
1356068665528,-0.2789922,0.24641731,0.928139,0.95574546,0.16520599,0.243429,-0.09334898,0.95497936,-0.2816034
1356068665568,-0.33709937,0.1806016,0.9239844,0.93753386,0.15403593,0.3119348,-0.085990876,0.9714196,-0.22124547
1356068665611,-0.37941134,0.11332646,0.91826147,0.9220314,0.12874174,0.36508048,-0.07684535,0.98518157,-0.15333664
1356068665649,-0.40402043,0.05394569,0.9131579,0.9122633,0.09731752,0.39787552,-0.0674026,0.99379027,-0.08853096
1356068665689,-0.41320258,0.005215198,0.91062415,0.90870285,0.067536354,0.41194403,-0.05935189,0.9977032,-0.032645285
1356068665728,-0.40971422,-0.033459634,0.91160005,0.9105737,0.04489839,0.41090095,-0.054677963,0.9984311,0.012071967
1356068665768,-0.3949741,-0.06279364,0.9165437,0.91700137,0.033554435,0.39747018,-0.0557127,0.99746233,0.04432869
1356068665808,-0.36818945,-0.08174276,0.92615044,0.9274893,0.037144065,0.37200007,-0.06480929,0.99596107,0.06213951
1356068665848,-0.3260517,-0.0873937,0.94130373,0.9417171,0.05720687,0.33150616,-0.082820565,0.99452996,0.06364775
1356068665888,-0.26377213,-0.07626638,0.96156526,0.9585444,0.09066367,0.27013448,-0.1077812,0.992957,0.049190164
1356068665928,-0.17824823,-0.047233224,0.98285115,0.9747735,0.12788093,0.18292892,-0.13432822,0.9906641,0.023247182
1356068665968,-0.07493472,-0.0058636665,0.99717116,0.9850606,0.1550489,0.07493639,-0.15504968,0.9878894,-0.005842507
1356068666008,0.02817908,0.034559727,0.9990052,0.98593795,0.16372463,-0.033474416,-0.1647186,0.9859005,-0.029460132
1356068666048,0.11006442,0.061178625,0.9920398,0.98035914,0.15765718,-0.11849111,-0.16365132,0.98559695,-0.042624593
1356068666088,0.15948573,0.069723815,0.98473495,0.97482216,0.1463432,-0.16824204,-0.15583974,0.98677367,-0.04462868
1356068666128,0.17515978,0.062489897,0.98255485,0.9738344,0.13577566,-0.18224046,-0.14479524,0.9887669,-0.03707242
1356068666168,0.16032633,0.043608665,0.9861003,0.9782344,0.1263065,-0.16463321,-0.13173035,0.9910323,-0.02240929
1356068666208,0.120521605,0.01751715,0.9925562,0.9858878,0.114911616,-0.121739954,-0.116188794,0.9932213,-0.0034205914
1356068666248,0.06412107,-0.0100287795,0.9978917,0.9931696,0.09831852,-0.062829494,-0.09748119,0.99510443,0.016264558
1356068666288,0.003127575,-0.03036642,0.999534,0.9970833,0.07631689,-8.0132484E-4,-0.07625702,0.99662113,0.030516565
1356068666328,-0.04918897,-0.031823337,0.9982824,0.9971705,0.05532062,0.050897717,-0.056845367,0.9979614,0.029012203
1356068666369,-0.08376181,-0.00368914,0.996479,0.99535453,0.047326267,0.083842546,-0.04746896,0.99887276,-2.9212236E-4
1356068666418,-0.087984085,0.074480474,0.9933335,0.99413866,0.06945956,0.0828473,-0.06282598,0.9948005,-0.08015525
1356068666458,-0.098564684,0.16424507,0.98148286,0.9909639,0.10636169,0.08171776,-0.09097043,0.98066854,-0.17324448
1356068666499,-0.115258425,0.2424297,0.96329814,0.9859731,0.14577243,0.08128551,-0.120716274,0.95915496,-0.2558307
1356068666540,-0.1440939,0.29069793,0.94590265,0.9796765,0.1766952,0.09493628,-0.1395387,0.9403583,-0.31025064
1356068666613,-0.18443173,0.30313066,0.93493146,0.9722836,0.19535172,0.12846163,-0.14369982,0.9327109,-0.33075804
1356068666614,-0.22633559,0.2919186,0.92927694,0.9638469,0.20484221,0.17040735,-0.1406101,0.93425006,-0.32772797
1356068666645,-0.2747625,0.24630049,0.9294308,0.9526055,0.20099616,0.22834921,-0.13056952,0.9481226,-0.28985345
1356068666688,-0.31789777,0.18211395,0.9304706,0.940821,0.18217096,0.28577906,-0.11746037,0.9662548,-0.22924834
1356068666728,-0.34867632,0.116188735,0.9300134,0.93168926,0.15083355,0.33046064,-0.101881474,0.98170733,-0.16084391
1356068666768,-0.36569178,0.058074325,0.92892253,0.9269837,0.11225575,0.3579105,-0.083491474,0.9919809,-0.09488493
1356068666808,-0.37000704,0.011158675,0.9289619,0.926803,0.07361138,0.36826292,-0.06427279,0.99722457,-0.037578583
1356068666848,-0.3631727,-0.024665475,0.9313953,0.93046623,0.042278707,0.3639301,-0.048354685,0.99880135,0.0075958967
1356068666888,-0.34580064,-0.04976207,0.93698764,0.93745625,0.024219275,0.34725976,-0.039973587,0.99846745,0.038274646
1356068666928,-0.31733567,-0.06376371,0.9461672,0.94738257,0.022877693,0.31928498,-0.042004943,0.9977028,0.053148687
1356068666968,-0.2765959,-0.06623036,0.9587013,0.9593914,0.038421333,0.27944922,-0.055342615,0.99706435,0.052913666
1356068667008,-0.22231483,-0.05667287,0.9733264,0.9718321,0.06721139,0.225887,-0.07822031,0.9961279,0.04013443
1356068667048,-0.1537798,-0.03464228,0.98749757,0.98252517,0.10069764,0.1565381,-0.10486147,0.9943137,0.018551648
1356068667088,-0.07301739,-0.0023742616,0.9973278,0.9893365,0.12618753,0.07273275,-0.12602302,0.9920035,-0.0068649054
1356068667128,0.012747645,0.03178069,0.99941355,0.9909177,0.13340575,-0.016881466,-0.13386399,0.9905518,-0.029791415
1356068667168,0.093170464,0.057407737,0.9939938,0.9874407,0.12261027,-0.09963748,-0.12759382,0.9907931,-0.045263052
1356068667208,0.16107786,0.06972739,0.98447555,0.98047745,0.10267478,-0.16769591,-0.112773836,0.9922682,-0.05182749
1356068667249,0.21406803,0.07036984,0.9742807,0.97210896,0.08247933,-0.2195481,-0.09580764,0.9941052,-0.05075097
1356068667289,0.25212565,0.06308243,0.96563613,0.9643736,0.0662196,-0.25612196,-0.080100864,0.99580896,-0.044139385
1356068667325,0.27591014,0.051369935,0.9598098,0.95891106,0.05391282,-0.27853724,-0.06605449,0.9972234,-0.0343841
1356068667368,0.28614,0.037237704,0.957464,0.95676374,0.043355256,-0.28761688,-0.0522213,0.9983655,-0.023222
1356068667408,0.2846027,0.024047107,0.9583439,0.95790005,0.032283843,-0.28528097,-0.03779924,0.9991895,-0.013846666
1356068667448,0.27815488,0.01965478,0.96033514,0.9602009,0.020723075,-0.27854016,-0.025375754,0.99959207,-0.013108313
1356068667488,0.27946305,0.036996067,0.95944345,0.95988417,0.013030887,-0.28009385,-0.02286473,0.99923044,-0.031870246
1356068667528,0.30299014,0.08797777,0.94892406,0.952173,0.013369322,-0.30526704,-0.03954318,0.9960328,-0.079719275
1356068667568,0.35043815,0.1675047,0.9214853,0.933594,0.016105086,-0.3579705,-0.07480231,0.9857397,-0.15073752
1356068667607,0.40910065,0.25356126,0.876552,0.90493226,0.010635808,-0.42542285,-0.11719361,0.9672609,-0.22510463
1356068667648,0.46006298,0.31871402,0.82871187,0.87501013,-0.0043702573,-0.484085,-0.15066299,0.9478409,-0.2808886
1356068667688,0.49371582,0.35053203,0.7958467,0.8535093,-0.019962847,-0.52069503,-0.16663286,0.936338,-0.30903828
1356068667728,0.51007277,0.34905285,0.7861221,0.8441176,-0.027601898,-0.5354471,-0.16520086,0.9366964,-0.30872062
1356068667768,0.51334834,0.32099771,0.7958857,0.84446156,-0.0237825,-0.53508794,-0.15283388,0.9467814,-0.28327897
1356068667809,0.5089897,0.27536747,0.8155379,0.8498404,-0.010241076,-0.5269405,-0.13675025,0.96128446,-0.23923102
1356068667848,0.50233406,0.22128361,0.8358792,0.8561681,0.007966876,-0.5166361,-0.1209825,0.975177,-0.18545395
1356068667888,0.49706185,0.16587543,0.8517128,0.86115444,0.026172653,-0.50766915,-0.10650137,0.98579925,-0.12983489
1356068667928,0.49706122,0.115041465,0.8600556,0.86264014,0.04153219,-0.5041103,-0.09371358,0.99249214,-0.07859534
1356068667968,0.5053641,0.07278791,0.8598308,0.85888183,0.053692088,-0.5093516,-0.08324075,0.9959011,-0.03538218
1356068668008,0.5232426,0.040977985,0.85119796,0.848822,0.06357266,-0.5248425,-0.075619906,0.9971355,-0.001519084
1356068668048,0.5519669,0.020889282,0.83360434,0.8307561,0.0724819,-0.55189717,-0.0719499,0.9971509,0.022653744
1356068668088,0.5927792,0.013969958,0.80524385,0.8019267,0.08205354,-0.5917608,-0.074339956,0.99653,0.03743677
1356068668128,0.6459063,0.021322787,0.7631188,0.758754,0.09238015,-0.6447932,-0.0842458,0.9954955,0.043490186
1356068668168,0.70827633,0.042186618,0.70467365,0.69880295,0.099639066,-0.70834076,-0.10009551,0.99412894,0.04109186
1356068668208,0.7717637,0.07155377,0.631871,0.6251318,0.09679645,-0.7744939,-0.116580874,0.9927289,0.029973447
1356068668248,0.8254174,0.099137336,0.5557498,0.55021644,0.07894519,-0.83128184,-0.12628484,0.9919372,0.010615736
1356068668288,0.86287403,0.11466865,0.4922393,0.49000663,0.048880488,-0.87034714,-0.123862445,0.9922005,-0.014010705
1356068668328,0.8856305,0.11590922,0.4496929,0.45112848,0.015032351,-0.89233243,-0.11018951,0.99314606,-0.038976848
1356068668368,0.8982724,0.1085365,0.4258247,0.429794,-0.01508352,-0.9028011,-0.091563955,0.9939781,-0.060197443
1356068668408,0.90406907,0.09964332,0.4156084,0.42081448,-0.037660092,-0.90636474,-0.074661314,0.9943103,-0.07597867
1356068668448,0.90397537,0.09332006,0.41727692,0.4229588,-0.05199662,-0.9046559,-0.06272559,0.99427754,-0.08647421
1356068668488,0.89691734,0.09052536,0.43283305,0.43870357,-0.05934748,-0.89667,-0.055483818,0.9941243,-0.09294358
1356068668528,0.8799765,0.090676084,0.4662822,0.47230083,-0.06219301,-0.8792405,-0.050726593,0.99393654,-0.09755477
1356068668568,0.8490892,0.09340392,0.5199262,0.52624357,-0.06387198,-0.8479316,-0.045991436,0.99357736,-0.10338622
1356068668607,0.8014571,0.10059905,0.5895305,0.59672296,-0.06882838,-0.79949003,-0.039851487,0.9925434,-0.11519275
1356068668648,0.7425946,0.117697835,0.6593182,0.6688745,-0.080266565,-0.73902917,-0.034060955,0.9898002,-0.13833061
1356068668688,0.6956232,0.15158209,0.702233,0.71758986,-0.10000313,-0.68924904,-0.034252286,0.9833729,-0.17833824
1356068668728,0.6765334,0.2025015,0.70802236,0.73494494,-0.125009,-0.66650474,-0.04645905,0.9712702,-0.23340023
1356068668770,0.6808461,0.26077873,0.68442893,0.7289729,-0.1506306,-0.66776407,-0.07104275,0.9535748,-0.2926569
1356068668809,0.6889243,0.3130646,0.6537384,0.7177696,-0.16904765,-0.6754477,-0.10094586,0.9345659,-0.3411693
1356068668849,0.683729,0.3504839,0.6400591,0.7187526,-0.1718393,-0.67369574,-0.12613228,0.9206695,-0.36940277
1356068668889,0.6544854,0.36899644,0.659917,0.74324244,-0.15387136,-0.651087,-0.1387065,0.9166053,-0.37496042
1356068668928,0.59400254,0.36563098,0.7165717,0.79269123,-0.11419982,-0.5988314,-0.13711894,0.9237275,-0.35766745
1356068668968,0.49913728,0.3373312,0.7981664,0.85726845,-0.057973742,-0.5115954,-0.12630439,0.9395992,-0.31812027
1356068669008,0.3752324,0.28413114,0.88230956,0.91999614,0.002055779,-0.39192194,-0.11317107,0.9587832,-0.26062816
1356068669049,0.237452,0.2126422,0.94783956,0.9660795,0.050283223,-0.25330228,-0.10152322,0.9758355,-0.19348949
1356068669088,0.10675961,0.13575879,0.9849731,0.99006057,0.0767051,-0.117883265,-0.09155616,0.9877681,-0.1262204
1356068669128,-5.2919984E-4,0.066010624,0.9978188,0.9965825,0.08245632,-0.004926294,-0.082601696,0.9944061,-0.06582868
1356068669168,-0.077819556,0.010089487,0.9969164,0.994169,0.07565561,0.07683939,-0.07464704,0.997083,-0.015918136
1356068669208,-0.12607765,-0.03105393,0.9915342,0.98968494,0.064606786,0.12786597,-0.068030536,0.9974275,0.022588134
1356068669248,-0.14570409,-0.057884872,0.98763335,0.9872636,0.055951595,0.14892888,-0.063880354,0.99675405,0.048995316
1356068669288,-0.13568729,-0.07061648,0.98823184,0.9886389,0.055455446,0.1397059,-0.06466836,0.99596083,0.062289655
1356068669328,-0.09226906,-0.06866905,0.9933635,0.99306595,0.06663674,0.09684786,-0.07284501,0.9954115,0.062044322
1356068669368,-0.008663833,-0.049858868,0.99871874,0.9960926,0.087352335,0.013001919,-0.08788863,0.99492896,0.04890728
1356068669408,0.11963782,-0.0123589635,0.9927407,0.9873091,0.10666785,-0.11765534,-0.10443944,0.99421793,0.024963588
1356068669448,0.274509,0.036909908,0.96087587,0.95474005,0.10855216,-0.27692586,-0.11452648,0.9934053,-0.005440861
1356068669488,0.40978914,0.07944745,0.90871394,0.90514785,0.088046715,-0.41587877,-0.113049775,0.99294305,-0.035831124
1356068669528,0.49404246,0.10301334,0.8633136,0.86353767,0.057345197,-0.50101334,-0.10111797,0.9930256,-0.060624957
1356068669568,0.528468,0.11040074,0.84174407,0.8447499,0.030158713,-0.5343107,-0.08437416,0.9934294,-0.07732311
1356068669607,0.52179587,0.10864049,0.8461243,0.85037345,0.012564823,-0.5260295,-0.06777951,0.9940017,-0.08582872
1356068669648,0.47573185,0.102764845,0.8735666,0.8779317,0.005486563,-0.47875455,-0.053992033,0.99469066,-0.087610394
1356068669688,0.38880876,0.09430435,0.9164794,0.9203321,0.0062644184,-0.39108786,-0.042622507,0.9955237,-0.08435565
1356068669728,0.25975966,0.08450085,0.961969,0.9651392,0.010408759,-0.26153004,-0.03211245,0.996369,-0.07885131
1356068669768,0.108543634,0.07735953,0.9910771,0.9938631,0.012935519,-0.10985851,-0.021318734,0.9969194,-0.0754807
1356068669808,-0.023670048,0.08146459,0.9963951,0.99965197,0.013541907,0.022640169,-0.011648744,0.99658424,-0.08175677
1356068669848,-0.102275044,0.10593048,0.98909986,0.9947208,0.019269675,0.10079253,-0.008382589,0.99418676,-0.107342005
1356068669888,-0.1231786,0.1530092,0.98051786,0.9922348,0.036153734,0.11900878,-0.017239928,0.98756325,-0.15627438
1356068669928,-0.10920569,0.21293786,0.9709437,0.99333584,0.059592098,0.098655015,-0.036853194,0.9752468,-0.21802658
1356068669968,-0.09571946,0.2662053,0.9591519,0.9937674,0.08086181,0.07673141,-0.057132423,0.9605186,-0.27228618
1356068670008,-0.10963133,0.295693,0.94897133,0.991639,0.09791544,0.084050804,-0.0680657,0.9502517,-0.30395538
1356068670048,-0.15929481,0.29373142,0.9425217,0.98490465,0.11278692,0.13130847,-0.06773472,0.94921076,-0.30726385
1356068670088,-0.23789904,0.26098698,0.9355693,0.9693101,0.12526235,0.21153548,-0.061983615,0.95718086,-0.28277713
1356068670128,-0.3291293,0.2055524,0.921641,0.942483,0.1317741,0.30718285,-0.058306217,0.9697339,-0.23710036
1356068670168,-0.41601205,0.139985,0.89852005,0.9073938,0.12882859,0.40004972,-0.059754133,0.981737,-0.18061584
1356068670209,-0.4873833,0.076603085,0.8698215,0.8708484,0.11551589,0.47778556,-0.06387836,0.9903474,-0.12301016
1356068670255,-0.5442765,0.01868242,0.8386978,0.8362803,0.09111899,0.5406779,-0.06632015,0.9956647,-0.065217674
1356068670285,-0.5765283,-0.02329424,0.81674504,0.8143966,0.064519346,0.5767108,-0.06612986,0.99764454,-0.018226445
1356068670329,-0.59381783,-0.051584184,0.80294424,0.80227643,0.037818313,0.59575355,-0.061097443,0.99795234,0.018927574
1356068670368,-0.5914677,-0.06785378,0.80346864,0.8045076,0.017273009,0.59369123,-0.054162502,0.9975457,0.04437244
1356068670408,-0.569542,-0.07421771,0.8186047,0.82042193,0.009612858,0.5716778,-0.050297737,0.9971957,0.055414915
1356068670448,-0.5262122,-0.07312018,0.84720373,0.8485456,0.01977712,0.52875257,-0.055417746,0.99712706,0.051638782
1356068670488,-0.4572693,-0.06448755,0.8869871,0.88644207,0.04723674,0.4604227,-0.07158989,0.9967999,0.0355646
1356068670528,-0.35313284,-0.044148177,0.934531,0.93089676,0.08316791,0.3556885,-0.09342599,0.9955571,0.011728048
1356068670568,-0.20912135,-0.009579122,0.9778428,0.9715257,0.11185992,0.20886621,-0.11138216,0.99367774,-0.014085889
1356068670607,-0.048327655,0.03008753,0.9983783,0.99172443,0.12047163,0.044374943,-0.11894107,0.9922607,-0.035660625
1356068670648,0.08652854,0.058929205,0.9945049,0.9893502,0.112195015,-0.09272811,-0.11704287,0.9919373,-0.04859352
1356068670688,0.17328033,0.07053468,0.98234355,0.9787626,0.098597854,-0.1797283,-0.109534055,0.9926245,-0.051951647
1356068670728,0.21692115,0.06801766,0.9738165,0.97104996,0.08719152,-0.22239488,-0.10003528,0.99386674,-0.047134876
1356068670768,0.2291275,0.055987537,0.97178495,0.9692727,0.07867572,-0.2330679,-0.08950481,0.9953269,-0.03624046
1356068670808,0.22092974,0.038302273,0.9745373,0.97225404,0.07012808,-0.22316831,-0.07689029,0.9968024,-0.021746188
1356068670848,0.20283088,0.019138128,0.97902673,0.977332,0.0579966,-0.20361352,-0.060676992,0.9981333,-0.006940812
1356068670888,0.18707767,0.00518468,0.9823314,0.9814986,0.040516526,-0.1871329,-0.0407708,0.99916536,0.0024910271
1356068670928,0.18918931,0.007424623,0.9819126,0.98171115,0.020191193,-0.18930316,-0.021231532,0.9997686,-0.003468901
1356068670968,0.22330505,0.038112074,0.9740032,0.9746932,0.001932323,-0.22353888,-0.010401636,0.99927163,-0.036716074
1356068671009,0.2905011,0.100489736,0.9515834,0.9567698,-0.015783519,-0.2904177,-0.014164716,0.99481297,-0.10073072
1356068671048,0.37436324,0.18172842,0.9093002,0.92679375,-0.04150726,-0.37326998,-0.030091196,0.98247236,-0.18396357
1356068671088,0.44755483,0.2542503,0.8573514,0.89298844,-0.0760272,-0.44361195,-0.04760641,0.96414554,-0.26106888
1356068671128,0.49667147,0.2992813,0.81470746,0.8660255,-0.10859415,-0.4880647,-0.057596207,0.9479652,-0.31312087
1356068671168,0.523771,0.31204832,0.79264736,0.84988034,-0.12803292,-0.511186,-0.0580298,0.9413998,-0.33226365
1356068671208,0.53701013,0.29590473,0.78997505,0.8418621,-0.12832683,-0.524214,-0.05374244,0.94655824,-0.3180238
1356068671248,0.5458464,0.25905955,0.79683113,0.8363323,-0.11058001,-0.53695476,-0.050989687,0.95951045,-0.27701962
1356068671288,0.55681056,0.21035343,0.8035629,0.82902926,-0.08052759,-0.55337673,-0.051695675,0.9743032,-0.21922776
1356068671328,0.5751502,0.15859094,0.80252796,0.8163357,-0.047829494,-0.57559395,-0.05289948,0.9861852,-0.15697259
1356068671368,0.60124296,0.109846175,0.7914801,0.79741293,-0.018795371,-0.60314125,-0.05137664,0.9937709,-0.09889336
1356068671408,0.634392,0.068313956,0.7699869,0.77158505,0.0045232475,-0.63611007,-0.046938002,0.9976536,-0.049840495
1356068671448,0.6727737,0.036754042,0.7389348,0.7386575,0.023277402,-0.67367893,-0.041960895,0.9990532,-0.011488214
1356068671488,0.7160508,0.018382818,0.6978061,0.69688916,0.03875667,-0.71613085,-0.040209144,0.9990796,0.014940962
1356068671528,0.7638341,0.016863406,0.64519215,0.6437868,0.05100128,-0.7635033,-0.045780838,0.99855614,0.028100103
1356068671568,0.81365746,0.034317553,0.5803308,0.578048,0.058399983,-0.81391025,-0.061822712,0.9977032,0.027680397
1356068671607,0.8604336,0.06813103,0.50498736,0.50191873,0.057691272,-0.8629886,-0.087929636,0.99600697,0.015443273
1356068671648,0.8974298,0.10673039,0.42805168,0.42553163,0.046524078,-0.90374684,-0.11637196,0.993199,-0.0036650598
1356068671689,0.9220439,0.13615996,0.36234733,0.3621789,0.026892155,-0.9317206,-0.13660735,0.9903219,-0.024518512
1356068671729,0.9374528,0.14784242,0.3151585,0.3177179,0.006600648,-0.9481623,-0.14225885,0.9889889,-0.04078439
1356068671770,0.94704366,0.14172482,0.28813604,0.29218054,-0.008149773,-0.95632845,-0.13318726,0.9898725,-0.049127433
1356068671809,0.9532597,0.12826842,0.27357474,0.2776957,-0.015075207,-0.9605508,-0.11908414,0.99162483,-0.049990177
1356068671850,0.95622915,0.11120177,0.27066582,0.27374387,-0.013120294,-0.96171314,-0.103393,0.9937113,-0.042986814
1356068671888,0.9552815,0.09387698,0.2804006,0.2820967,-0.0050393045,-0.9593728,-0.088649996,0.9955711,-0.031296343
1356068671929,0.9490516,0.07467617,0.30614457,0.30645102,0.0076023927,-0.9518561,-0.073408395,0.99717885,-0.015669525
1356068671968,0.9329993,0.053635523,0.35585883,0.3552878,0.020152869,-0.9345397,-0.057296097,0.9983572,-2.5343522E-4
1356068672008,0.9028913,0.033094123,0.4285932,0.4279214,0.025604635,-0.9034532,-0.04087296,0.9991242,0.008956522
1356068672048,0.85723025,0.024998724,0.51432616,0.5140731,0.016163409,-0.85759413,-0.029752076,0.9995569,0.0010045841
1356068672089,0.81272256,0.047868133,0.5806812,0.581733,-0.010744341,-0.8133089,-0.03269258,0.9987959,-0.036578655
1356068672129,0.79380494,0.109144256,0.59829867,0.6057156,-0.053545713,-0.7938775,-0.05461082,0.9925827,-0.10861522
1356068672168,0.7919152,0.18519934,0.581869,0.60458374,-0.104026616,-0.7897196,-0.08572565,0.9771795,-0.19434875
1356068672208,0.7878923,0.2501241,0.5627287,0.60556877,-0.14870933,-0.78177494,-0.11185776,0.9567254,-0.2686343
1356068672248,0.7646132,0.29032433,0.57539415,0.6328047,-0.16895735,-0.75565314,-0.12216741,0.94189453,-0.3129056
1356068672288,0.713156,0.3020965,0.6325711,0.6914541,-0.15469286,-0.7056637,-0.11532432,0.94064224,-0.319206
1356068672328,0.62958485,0.2849605,0.7227866,0.77060485,-0.11055237,-0.62765145,-0.09895003,0.9521427,-0.289194
1356068672368,0.5183934,0.24068257,0.82057303,0.8512293,-0.053545147,-0.52205503,-0.08171183,0.96912575,-0.23263353
1356068672408,0.3970484,0.17806283,0.9003589,0.91528344,-0.004257202,-0.40278798,-0.06788859,0.9840099,-0.16466826
1356068672448,0.28869963,0.11087367,0.9509783,0.95571065,0.02594924,-0.29316172,-0.05718115,0.9934957,-0.09847167
1356068672488,0.2105608,0.050815105,0.97625923,0.9763751,0.038651347,-0.21259761,-0.048536927,0.99795985,-0.04147613
1356068672528,0.16962022,0.0033464134,0.9855039,0.9845966,0.042457283,-0.16960824,-0.04240945,0.9990927,0.003906697
1356068672568,0.16851512,-0.029866457,0.9852465,0.9848615,0.0462974,-0.1670458,-0.040625274,0.99848104,0.037216157
1356068672608,0.21283576,-0.04646766,0.9759825,0.97600555,0.057115585,-0.21012148,-0.045980036,0.9972856,0.057508886
1356068672648,0.31021392,-0.043498427,0.94967115,0.9488348,0.076153815,-0.30645266,-0.058990926,0.9961469,0.06489676
1356068672688,0.45992133,-0.015637547,0.887822,0.8843968,0.09754434,-0.45642892,-0.079464555,0.99510837,0.058692515
1356068672728,0.63760316,0.034218162,0.7696047,0.7634878,0.10512203,-0.63720936,-0.10270652,0.99387044,0.04090099
1356068672768,0.7838401,0.085541785,0.6150425,0.6090596,0.08709248,-0.7883283,-0.12100059,0.9925208,0.016166538
1356068672809,0.86758804,0.11572364,0.4836312,0.480718,0.053760026,-0.8752258,-0.12728435,0.9918256,-0.008988887
1356068672848,0.9058754,0.12156026,0.40572515,0.40612024,0.022635104,-0.9135393,-0.120233685,0.9923259,-0.028863497
1356068672888,0.9210077,0.11234027,0.37299395,0.3752074,0.0015485287,-0.9269396,-0.104710236,0.99366856,-0.04072469
1356068672928,0.92354465,0.09720884,0.37096608,0.3735087,-0.008735508,-0.9275856,-0.08692898,0.99522567,-0.044375986
1356068672968,0.9154766,0.08069202,0.3941971,0.39618617,-0.009656131,-0.91811943,-0.07027851,0.9966923,-0.04080903
1356068673008,0.892714,0.06334376,0.44614935,0.4472506,-0.003636416,-0.89440125,-0.055032328,0.99798506,-0.03157682
1356068673048,0.84390414,0.043814898,0.53470176,0.5350081,0.0053946674,-0.8448297,-0.039900675,0.9990251,-0.01888875
1356068673088,0.7491245,0.022217691,0.66205645,0.6620126,0.010329992,-0.74942154,-0.023489445,0.9996998,-0.0069699436
1356068673128,0.5988044,0.006775856,0.8008666,0.80087256,0.0024650842,-0.5988297,-0.0060317516,0.99997395,-0.0039504766
1356068673169,0.4413173,0.016381145,0.8972016,0.89731294,-0.0172818,-0.44105652,0.008280218,0.9997165,-0.022325784
1356068673215,0.3982161,0.078629225,0.91391534,0.9172609,-0.042280465,-0.39603624,0.0075007677,0.99600685,-0.08896026
1356068673245,0.3854097,0.1558901,0.9094821,0.9227413,-0.06210941,-0.38038263,-0.002810508,0.9858198,-0.16778383
1356068673288,0.45264062,0.24446136,0.8575285,0.89114827,-0.09040597,-0.44461393,-0.031165242,0.9654354,-0.25877276
1356068673328,0.5258894,0.31794265,0.78889346,0.84795487,-0.12353957,-0.5154713,-0.06643075,0.9400268,-0.33456913
1356068673368,0.56530225,0.3646155,0.73992497,0.8192927,-0.14391935,-0.55501956,-0.09587926,0.9199689,-0.38008478
1356068673408,0.55854595,0.38562745,0.7343826,0.82158965,-0.1354253,-0.55376023,-0.11409119,0.91266173,-0.3924688
1356068673448,0.49958128,0.3814323,0.7777711,0.85746527,-0.090075254,-0.5065962,-0.12317416,0.9199977,-0.3720648
1356068673488,0.38986343,0.3488563,0.8522358,0.91202915,-0.018323839,-0.40971583,-0.12731573,0.9369971,-0.32531095
1356068673528,0.23364872,0.28436497,0.929809,0.96392334,0.05766827,-0.259858,-0.12751496,0.9569801,-0.26063192
1356068673568,0.065392435,0.19897255,0.9778209,0.99030566,0.1074059,-0.08808291,-0.12254986,0.97410154,-0.19002014
1356068673608,-0.0771631,0.11349088,0.990538,0.9907287,0.12014824,0.06341195,-0.11181471,0.98624754,-0.121709645
1356068673648,-0.16717821,0.04523474,0.98488843,0.9810291,0.107077956,0.16160518,-0.09814975,0.9932211,-0.062277734
1356068673688,-0.21076405,-0.0045793653,0.9775263,0.9738757,0.08548421,0.2103774,-0.08452645,0.996329,-0.013557255
1356068673728,-0.20616484,-0.03733626,0.9778048,0.9756702,0.068329334,0.20832387,-0.0745908,0.996964,0.022340775
1356068673768,-0.14448833,-0.053159744,0.9880774,0.98686683,0.065146685,0.14781633,-0.072227806,0.99645865,0.04304874
1356068673808,-0.0023944378,-0.04790789,0.9988489,0.99675375,0.080267906,0.006239295,-0.08047441,0.9956213,0.047560215
1356068673848,0.25145772,-0.011360884,0.9678016,0.9628132,0.105000466,-0.24892911,-0.09879157,0.9944073,0.037341565
1356068673888,0.5739125,0.056066483,0.816995,0.80994904,0.10837561,-0.57640016,-0.12085906,0.9925277,0.016787112
1356068673928,0.798363,0.11494698,0.5911039,0.58632135,0.075386316,-0.80656314,-0.13727313,0.990507,-0.007210225
1356068673968,0.8900336,0.14013727,0.43382224,0.43313313,0.0369955,-0.9005704,-0.14225295,0.9894407,-0.027770855
1356068674008,0.91905296,0.1422768,0.36755812,0.36961696,0.012651206,-0.92909807,-0.13683915,0.98974603,-0.04096079
1356068674049,0.9218972,0.13361326,0.36366636,0.3665426,0.0032850802,-0.9303955,-0.12550785,0.9910281,-0.04594645
1356068674088,0.90526134,0.11981434,0.4076106,0.40988028,0.0061792713,-0.9121184,-0.11180358,0.99277705,-0.043515682
1356068674128,0.85930413,0.10120469,0.5013522,0.5022481,0.01828229,-0.86453027,-0.09666039,0.99469763,-0.035119824
1356068674168,0.7578935,0.075167984,0.6480334,0.6475309,0.03419012,-0.7612718,-0.07937959,0.9965846,-0.022761106
1356068674208,0.5707966,0.041403413,0.8200469,0.8189791,0.042884737,-0.57221854,-0.05885923,0.99822176,-0.009430036
1356068674248,0.32581186,0.012668997,0.9453497,0.9447688,0.03315842,-0.32605597,-0.035477072,0.99936974,-0.0011658669
1356068674288,0.124706745,0.010643244,0.9921366,0.99209416,0.012822866,-0.12483895,-0.014050752,0.9998611,-0.008960038
1356068674328,0.023727447,0.04546371,0.99868417,0.99971104,0.0027816594,-0.023878396,-0.003863573,0.9989621,-0.045384526
1356068674368,0.007043302,0.113597006,0.99350196,0.9998914,0.012058854,-0.008467346,-0.012942374,0.99345374,-0.1134997
1356068674408,0.033198625,0.198863,0.9794648,0.99862957,0.033070534,-0.0405626,-0.040457785,0.9794692,-0.19749254
1356068674448,0.059037,0.27624267,0.959273,0.99544686,0.05574724,-0.07731691,-0.07483506,0.9594698,-0.27169377
1356068674488,0.055265754,0.32524613,0.9440131,0.9932685,0.07848737,-0.08519104,-0.10180119,0.9423666,-0.31871903
1356068674528,0.011389703,0.33633056,0.9416751,0.99330115,0.10449335,-0.04933518,-0.114991724,0.9359289,-0.3328874
1356068674568,-0.06971729,0.3074173,0.9490174,0.99068356,0.13290012,0.029727578,-0.11698577,0.94224846,-0.3138187
1356068674607,-0.16909331,0.24726811,0.95407856,0.97898746,0.15408283,0.13357437,-0.113978386,0.9566175,-0.26812673
1356068674648,-0.26249045,0.17383686,0.9491467,0.9587147,0.15848827,0.23610929,-0.10938412,0.9719374,-0.20826167
1356068674688,-0.33793086,0.10184911,0.9356439,0.93553114,0.145019,0.32210413,-0.10288012,0.98417294,-0.14428937
1356068674728,-0.3904999,0.04159668,0.9196627,0.91580105,0.119452596,0.38345733,-0.09390557,0.99196815,-0.08474046
1356068674768,-0.42221045,-0.0039898157,0.906489,0.9026415,0.09029043,0.4208158,-0.083526224,0.9959074,-0.03452015
1356068674808,-0.43647903,-0.036061585,0.89899147,0.8966246,0.065303504,0.43794942,-0.07450041,0.9972136,0.0038300753
1356068674848,-0.43550372,-0.056696087,0.89839965,0.8974061,0.05104065,0.43824318,-0.07070154,0.9970859,0.028651118
1356068674888,-0.4198507,-0.067561805,0.90507495,0.90443426,0.051983476,0.42343393,-0.07565692,0.99635994,0.039279938
1356068674928,-0.38785475,-0.06877792,0.9191508,0.91731536,0.068575144,0.39221162,-0.09000638,0.99527234,0.036493838
1356068674968,-0.33501744,-0.058339626,0.9404041,0.9358934,0.09479022,0.33929095,-0.1089353,0.99378633,0.022843242
1356068675008,-0.25823337,-0.035047114,0.9654466,0.9581842,0.11823499,0.260583,-0.123282224,0.9923669,0.0030494332
1356068675048,-0.1662451,-0.004244715,0.98607534,0.978058,0.12662023,0.1654385,-0.12555939,0.99194217,-0.016898453
1356068675088,-0.08272523,0.022562325,0.99631697,0.9898904,0.11743802,0.07953212,-0.11521107,0.99282384,-0.0320493
1356068675128,-0.030442625,0.037189752,0.99884444,0.9947972,0.0983254,0.026658386,-0.09722036,0.99445915,-0.03998953
1356068675168,-0.018836588,0.038966298,0.99906296,0.99684477,0.077795714,0.015760481,-0.07710868,0.99620754,-0.040308774
1356068675208,-0.046340168,0.031244487,0.9984369,0.99724436,0.05941367,0.044425577,-0.057932764,0.9977443,-0.033911645
1356068675248,-0.10448772,0.018318594,0.99435747,0.99371547,0.04228574,0.10364121,-0.040148616,0.99893767,-0.02262187
1356068675289,-0.17942256,0.0050555468,0.9837591,0.98350406,0.024263501,0.17925131,-0.022963226,0.9996928,-0.009325564
1356068675328,-0.25373477,-0.0019875169,0.9672718,0.9672533,0.0059942007,0.25374222,-0.0063023865,0.9999801,4.0143728E-4
1356068675368,-0.31129944,0.00534153,0.9502968,0.9502874,-0.005425513,0.3113269,0.006818831,0.99997103,-0.003387034
1356068675408,-0.3433221,0.034305632,0.938591,0.93916607,0.0020574331,0.34345725,0.009851396,0.9994093,-0.03292507
1356068675448,-0.3502267,0.08724421,0.932593,0.9366582,0.036386967,0.34834936,-0.003542751,0.99552214,-0.09446174
1356068675488,-0.34091073,0.15674257,0.9269366,0.9395118,0.09155053,0.33005467,-0.033127934,0.9833871,-0.17847204
