1356069450637,-0.17074418,-0.07567793,-0.9824048,0.9847297,0.021266699,-0.1727865,0.033968657,-0.99690557,0.07089114
1356069450678,-0.0021720529,-0.07094312,-0.997478,0.99942064,0.03372532,-0.0045749247,0.033964783,-0.9969101,0.070828825
1356069450719,-0.0023220778,-0.07048705,-0.99750996,0.99942136,0.033685565,-0.0047068596,0.03393343,-0.9969437,0.07036808
1356069450758,-0.0027085543,-0.06893173,-0.9976177,0.99942434,0.03355205,-0.0050317943,0.03381899,-0.99705696,0.068801135
1356069450798,-0.0034076571,-0.06547314,-0.9978485,0.9994312,0.03325677,-0.005595237,0.033551544,-0.9973,0.06532255
1356069450838,-0.0044002533,-0.059818834,-0.99819964,0.9994422,0.032782614,-0.0063702166,0.033104718,-0.9976709,0.059641182
1356069450878,-0.0056007504,-0.052428722,-0.99860895,0.9994552,0.032186747,-0.00729537,0.032524467,-0.99810576,0.052219927
1356069450918,-0.006952524,-0.044165015,-0.9990001,0.9994668,0.031565905,-0.008351266,0.031903177,-0.99852544,0.043921977
1356069450958,-0.008511066,-0.035845876,-0.9993211,0.9994724,0.031020284,-0.009625077,0.031344205,-0.99887574,0.035562992
1356069450999,-0.0103394985,-0.028273284,-0.99954677,0.9994679,0.030631125,-0.011205137,0.030934006,-0.9991308,0.027941525
1356069451038,-0.012632251,-0.021925628,-0.9996798,0.9994493,0.0304026,-0.0132960975,0.030684382,-0.99929714,0.021529496
1356069451078,-0.01578468,-0.016867697,-0.9997332,0.99940926,0.030264199,-0.016290069,0.030531019,-0.99939966,0.016379952
1356069451118,-0.02037996,-0.012914687,-0.9997089,0.9993305,0.030124128,-0.0207614,0.030383497,-0.9994627,0.012292147
1356069451157,-0.026964724,-0.009871751,-0.99958766,0.99918103,0.029913485,-0.027249187,0.030170113,-0.99950373,0.009057045
1356069451198,-0.03573239,-0.0076316,-0.9993322,0.9989156,0.029589236,-0.03594348,0.029843688,-0.99953294,0.0065661073
1356069451238,-0.04644203,-0.0060628057,-0.99890256,0.9984887,0.029132783,-0.046599627,0.029383302,-0.99955714,0.0047007203
1356069451278,-0.058448613,-0.00485453,-0.9982786,0.9978745,0.02857691,-0.058563918,0.028812021,-0.9995798,0.0031739473
1356069451318,-0.070573926,-0.003578186,-0.99750006,0.9971087,0.027986825,-0.07064673,0.028169602,-0.99960184,0.0015926957
1356069451358,-0.08169168,-0.0019463301,-0.9966557,0.996278,0.02743882,-0.0817143,0.027506083,-0.9996216,-3.0243397E-4
1356069451398,-0.09067547,-9.548664E-5,-0.9958805,0.99551976,0.026903331,-0.09064525,0.02680114,-0.999638,-0.0023444295
1356069451438,-0.096520245,0.0013123155,-0.9953301,0.99499494,0.02611196,-0.09645328,0.025863409,-0.9996581,-0.0038260818
1356069451478,-0.098550916,0.0014339983,-0.995131,0.9948337,0.02462691,-0.098486036,0.024365813,-0.99969566,-0.003853619
1356069451518,-0.09666705,-2.6029348E-4,-0.99531674,0.99507385,0.022066712,-0.09664926,0.021988511,-0.99975646,-0.0018740892
1356069451558,-0.09130639,-0.0038995743,-0.9958152,0.99565125,0.018204689,-0.091362625,0.018484771,-0.99982667,0.0022204518
1356069451599,-0.08284366,-0.009772629,-0.9965147,0.9964715,0.012701273,-0.0829646,0.013467789,-0.99987155,0.008685946
1356069451635,-0.071334064,-0.01709047,-0.997306,0.99742424,0.0063036084,-0.07145056,0.0075077713,-0.99983406,0.016596794
1356069451678,-0.056741953,-0.026526123,-0.9980364,0.9983889,-0.0014526844,-0.056723416,5.480647E-5,-0.9996471,0.02656579
1356069451718,-0.037249923,-0.038268387,-0.99857295,0.99926263,-0.010735333,-0.03686425,-0.009309292,-0.99920976,0.038640082
1356069451758,-0.0121276975,-0.053339362,-0.99850285,0.9996997,-0.021912158,-0.010971606,-0.021294147,-0.998336,0.053589135
1356069451798,0.018556356,-0.0731253,-0.9971501,0.99920326,-0.033889055,0.021079838,-0.03533393,-0.99674684,0.07243824
1356069451838,0.051902056,-0.098807245,-0.9937521,0.997411,-0.044469297,0.05651471,-0.04977545,-0.9941125,0.09624332
1356069451878,0.081685245,-0.13025376,-0.98810995,0.9946439,-0.05234438,0.089125484,-0.06333098,-0.9900979,0.12528041
1356069451918,0.09937394,-0.16587171,-0.9811277,0.99215484,-0.058647096,0.11040586,-0.07585341,-0.984402,0.15874234
1356069451958,0.09722233,-0.20375589,-0.9741824,0.99138427,-0.06650245,0.11284843,-0.087779105,-0.9767605,0.19553483
1356069451998,0.0716728,-0.24319759,-0.9673252,0.99246097,-0.0792793,0.09346697,-0.09941986,-0.9667314,0.23568198
1356069452038,0.022715092,-0.28328606,-0.9587664,0.99364185,-0.099381864,0.05290565,-0.110271394,-0.9538722,0.27922744
1356069452078,-0.042458534,-0.32436946,-0.94497716,0.9919585,-0.1265589,-0.0011272728,-0.119229585,-0.937426,0.3271345
1356069452118,-0.11652541,-0.36589095,-0.9233339,0.98529685,-0.1595431,-0.061122835,-0.12494728,-0.9168804,0.37910205
1356069452158,-0.19026577,-0.40718514,-0.89330804,0.9734687,-0.1960665,-0.11796871,-0.12711272,-0.8920529,0.43368673
1356069452198,-0.25751185,-0.44582617,-0.8572787,0.95783675,-0.23476952,-0.16562629,-0.12742236,-0.8637837,0.48748454
1356069452238,-0.31499386,-0.4781117,-0.8198707,0.94036937,-0.27408022,-0.20145813,-0.12839082,-0.8344395,0.5359352
1356069452278,-0.36238444,-0.5001244,-0.7864815,0.9228237,-0.31083715,-0.22754475,-0.130667,-0.80824244,0.57416916
1356069452318,-0.4009633,-0.5089172,-0.7617295,0.9065378,-0.3402121,-0.24989006,-0.13197622,-0.7907332,0.5977652
1356069452358,-0.4317963,-0.50420946,-0.7478802,0.8926938,-0.35751295,-0.27437615,-0.12903386,-0.78610265,0.6044774
1356069452398,-0.4550073,-0.48835015,-0.7446358,0.8823569,-0.35999405,-0.30306852,-0.12006089,-0.79493296,0.594699
1356069452438,-0.4706174,-0.46278724,-0.75123054,0.87597907,-0.3470899,-0.33494684,-0.10573542,-0.815694,0.56873846
1356069452478,-0.4789077,-0.42658287,-0.76725125,0.87334687,-0.32008028,-0.36717016,-0.088953465,-0.84591705,0.52584374
1356069452518,-0.4798324,-0.37882015,-0.7913635,0.8742945,-0.28179014,-0.3952256,-0.07327899,-0.8815268,0.46641245
1356069452558,-0.47270072,-0.32084534,-0.8207389,0.8791213,-0.23598248,-0.4140749,-0.060825944,-0.91726255,0.393611
1356069452599,-0.45715952,-0.25387663,-0.85238004,0.88788646,-0.18588316,-0.4208385,-0.051602036,-0.94920707,0.3103919
1356069452644,-0.4307893,-0.18393141,-0.88350993,0.9013637,-0.13577288,-0.411229,-0.044318736,-0.9735168,0.22427857
1356069452678,-0.39334494,-0.12086475,-0.91141176,0.9186028,-0.092704,-0.38415468,-0.038060814,-0.9883307,0.14749134
1356069452718,-0.35374838,-0.06422499,-0.933133,0.9347788,-0.05884987,-0.3503218,-0.03241536,-0.9961988,0.08085418
1356069452758,-0.3081931,-0.017326415,-0.95116603,0.95092034,-0.034728825,-0.3074808,-0.027705312,-0.9992466,0.027179182
1356069452798,-0.25740343,0.01798895,-0.9661366,0.9659791,-0.02113545,-0.25775498,-0.025056511,-0.9996148,-0.011936605
1356069452838,-0.2014752,0.040329725,-0.97866297,0.97913074,-0.018900692,-0.20235038,-0.026658088,-0.9990076,-0.035680056
1356069452878,-0.13950735,0.048842102,-0.98901576,0.9896121,-0.028145194,-0.1409814,-0.03472191,-0.99840987,-0.04440826
1356069452920,-0.07094723,0.04295051,-0.996555,0.9962028,-0.04749155,-0.07296899,-0.050462008,-0.9979478,-0.03941804
1356069452959,0.004972577,0.023421973,-0.9997133,0.9973508,-0.07266784,0.003258288,-0.07257071,-0.9970811,-0.023721218
1356069452997,0.085862815,-0.0045125186,-0.99629676,0.9917923,-0.09470296,0.085903525,-0.094739914,-0.9954953,-0.00365597
1356069453038,0.16370267,-0.03578314,-0.9858606,0.9802464,-0.10653198,0.16663715,-0.11098847,-0.9936652,0.017636687
1356069453078,0.2323083,-0.06275496,-0.9706156,0.96572983,-0.10387835,0.2378552,-0.11575258,-0.9926082,0.03647259
1356069453118,0.28411517,-0.0797672,-0.95546633,0.95262086,-0.08938119,0.29073107,-0.1085915,-0.9927982,0.050593287
1356069453158,0.3141026,-0.08634496,-0.9454545,0.944769,-0.069698334,0.32024017,-0.09354767,-0.99382436,0.05968359
1356069453198,0.3192882,-0.08565676,-0.9437786,0.9446025,-0.051138878,0.32420826,-0.07603437,-0.99501145,0.06458348
1356069453238,0.29907656,-0.080916256,-0.9507921,0.9524381,-0.03570366,0.30263278,-0.058434725,-0.9960811,0.06638968
1356069453278,0.25245264,-0.075101495,-0.9646903,0.96673334,-0.02283582,0.25476503,-0.0411627,-0.9969144,0.066838115
1356069453318,0.18136358,-0.07187083,-0.9807863,0.98313046,-0.010787189,0.18258747,-0.023702621,-0.9973556,0.06870201
1356069453358,0.09138778,-0.07736036,-0.99280596,0.9957975,0.001124233,0.09157553,-0.0059681237,-0.9970026,0.07713798
1356069453398,-0.009427607,-0.101346046,-0.9948065,0.9999143,0.008085668,-0.010299772,0.009087533,-0.99481833,0.10126114
1356069453438,-0.111359835,-0.15302956,-0.98192716,0.9936806,-0.003161192,-0.11220014,0.014065862,-0.9882165,0.15241453
1356069453479,-0.20862108,-0.22739479,-0.9511934,0.97799516,-0.046885252,-0.20329091,0.0016304255,-0.9726733,0.23217219
1356069453518,-0.29673266,-0.2989458,-0.90696263,0.9546671,-0.116410494,-0.27396986,-0.023677766,-0.9471431,0.3199364
1356069453556,-0.37060964,-0.34673882,-0.86163837,0.9275402,-0.1862576,-0.32400206,-0.048142612,-0.91928256,0.39064303
1356069453598,-0.4294666,-0.36409283,-0.82643497,0.901018,-0.23459655,-0.36487108,-0.061031878,-0.9013328,0.42880565
1356069453627,-0.47362316,-0.36139187,-0.80316687,0.8783188,-0.2612111,-0.4004057,-0.06509277,-0.895078,0.44113296
1356069453658,-0.50497484,-0.3417557,-0.7925928,0.8609008,-0.26543957,-0.434041,-0.062049568,-0.9015236,0.4282581
1356069453698,-0.52485836,-0.2967742,-0.7977774,0.8497191,-0.23774791,-0.47058827,-0.050011456,-0.9248789,0.37695873
1356069453738,-0.53076553,-0.24025661,-0.8127513,0.8468465,-0.18852806,-0.49730068,-0.03374666,-0.95222574,0.30352473
1356069453778,-0.523505,-0.18075645,-0.832628,0.8518467,-0.13088876,-0.5071737,-0.017306775,-0.97477955,0.22249776
1356069453818,-0.5042926,-0.12414661,-0.8545621,0.86352324,-0.07713473,-0.498375,-0.0040448904,-0.9892612,0.14610207
1356069453858,-0.474721,-0.07368234,-0.8770466,0.8801248,-0.034647405,-0.47347638,0.004499465,-0.99667966,0.08129752
1356069453898,-0.4363314,-0.031230867,-0.8992439,0.89975184,-0.0064271092,-0.43635458,0.007848203,-0.9994915,0.030904353
1356069453938,-0.39026576,0.0014263988,-0.92070115,0.92068946,0.005877495,-0.3902517,0.0048547983,-0.9999817,-0.0036070943
1356069453978,-0.33747578,0.022659391,-0.9410615,0.94131076,0.0010522604,-0.3375398,-0.0066581666,-0.99974275,-0.021684647
1356069454018,-0.27863574,0.03128904,-0.959887,0.95999575,-0.019809604,-0.279313,-0.027754426,-0.99931407,-0.024517655
1356069454058,-0.21449727,0.026697397,-0.9763596,0.9751657,-0.050599873,-0.21561861,-0.055160165,-0.99836206,-0.015180826
1356069454098,-0.14637059,0.009964883,-0.9891796,0.9859545,-0.079833925,-0.14669761,-0.08043191,-0.99675834,0.0018603802
1356069454138,-0.07640517,-0.014018416,-0.9969783,0.9925811,-0.09591496,-0.07471955,-0.09457764,-0.9952909,0.021242827
1356069454178,-0.008086145,-0.03773737,-0.99925506,0.9954865,-0.09479785,-0.004475534,-0.09455827,-0.9947811,0.038333565
1356069454218,0.054071367,-0.055416763,-0.9969981,0.99497527,-0.081267536,0.058478773,-0.08426428,-0.9951505,0.050744057
1356069454258,0.105365396,-0.065240175,-0.9922912,0.99202514,-0.062509716,0.10944697,-0.06916821,-0.9959097,0.058133543
1356069454298,0.14233959,-0.06798455,-0.98748046,0.9884336,-0.04298091,0.14543605,-0.052330196,-0.99676013,0.061080307
1356069454338,0.16286626,-0.06567764,-0.98445976,0.9860512,-0.023868471,0.16472188,-0.034316093,-0.9975554,0.060874164
1356069454378,0.16565916,-0.061285943,-0.984277,0.9860753,-0.0044624507,0.16623971,-0.014580399,-0.9981103,0.059693277
1356069454418,0.14927211,-0.05952531,-0.98700285,0.98877186,0.01598689,0.14857548,0.00693509,-0.9980988,0.061243355
1356069454458,0.11277413,-0.06906593,-0.9912174,0.9931954,0.037019253,0.11041981,0.029067963,-0.99692506,0.072770715
1356069454498,0.052554846,-0.102710605,-0.99332196,0.99754083,0.051588893,0.047443718,0.0463714,-0.99337256,0.10516921
1356069454537,-0.031692863,-0.1698372,-0.98496234,0.99823356,0.044166803,-0.039735585,0.050251216,-0.98448193,0.16813746
1356069454595,-0.06380105,-0.25902578,-0.96376085,0.997331,0.017803788,-0.07080844,0.03549978,-0.96570635,0.25719857
1356069454620,-0.21599823,-0.34092814,-0.9149387,0.97636503,-0.06822276,-0.2050783,0.0074973404,-0.9376107,0.3476062
1356069454660,-0.31788278,-0.38519466,-0.8663577,0.94789076,-0.14963847,-0.28126746,-0.021297783,-0.91062254,0.41268998
1356069454700,-0.37951124,-0.3937191,-0.8372314,0.924253,-0.20199579,-0.3239663,-0.041565508,-0.8967625,0.44055572
1356069454740,-0.41227084,-0.37411174,-0.83070636,0.90961874,-0.2203139,-0.3522151,-0.05124843,-0.90083414,0.43112808
1356069454780,-0.42340803,-0.3333778,-0.8423686,0.90442705,-0.20924896,-0.37178826,-0.05231887,-0.9192791,0.39011368
1356069454820,-0.417369,-0.27908143,-0.8648218,0.9075192,-0.17726016,-0.3807725,-0.04703194,-0.94376504,0.32725465
1356069454858,-0.39757013,-0.2190555,-0.8910402,0.91680205,-0.13460124,-0.37597406,-0.0375759,-0.9663836,0.254344
1356069454898,-0.36710936,-0.15987831,-0.9163348,0.929782,-0.091804385,-0.35647902,-0.027130306,-0.9828584,0.18235427
1356069454938,-0.32874686,-0.106170475,-0.9384314,0.9442223,-0.057184458,-0.32430586,-0.019231945,-0.99270225,0.1190477
1356069454978,-0.2848816,-0.06131792,-0.9565996,0.95842206,-0.035318315,-0.28316045,-0.0164226,-0.99749327,0.06882995
1356069455018,-0.2377811,-0.028155416,-0.97091067,0.97110903,-0.02766037,-0.23702759,-0.020182103,-0.9992208,0.033919036
1356069455058,-0.18923205,-0.008716226,-0.9818938,0.98142695,-0.033761382,-0.18884236,-0.031504065,-0.999392,0.014943063
1356069455098,-0.14039373,-0.0034545064,-0.9900898,0.9887913,-0.051805735,-0.1400288,-0.05080852,-0.99865127,0.010688901
1356069455138,-0.09154141,-0.01087448,-0.9957419,0.99288595,-0.0774551,-0.09043291,-0.076141894,-0.99693656,0.017887443
1356069455178,-0.042913973,-0.027446717,-0.9987017,0.9939163,-0.10266173,-0.03988692,-0.101433635,-0.99433756,0.031685323
1356069455218,0.0044605136,-0.047916174,-0.9988414,0.992975,-0.11789334,0.010089874,-0.11824024,-0.99186957,0.047053754
1356069455258,0.04919952,-0.065879434,-0.9966139,0.9914297,-0.1176846,0.05672294,-0.121023,-0.9908634,0.059524804
1356069455298,0.08780068,-0.077147484,-0.9931462,0.9898492,-0.10509634,0.095673144,-0.11175689,-0.99146515,0.067136824
1356069455338,0.11630589,-0.08072671,-0.98992735,0.9885862,-0.08668733,0.12321749,-0.09576112,-0.9929595,0.06972307
1356069455378,0.13139606,-0.07765201,-0.988284,0.9883034,-0.0675804,0.13670856,-0.07740438,-0.9946874,0.067864
1356069455418,0.13121489,-0.069812864,-0.98889273,0.98966765,-0.048932165,0.13477221,-0.05779749,-0.99635935,0.062670946
1356069455458,0.11480525,-0.05997461,-0.99157596,0.9927239,-0.029567212,0.11672655,-0.03631878,-0.99776196,0.05614376
1356069455498,0.08137983,-0.05280298,-0.9952835,0.9966014,-0.0084783435,0.08193737,-0.012764931,-0.99856895,0.051933616
1356069455538,0.028664947,-0.056673467,-0.9979812,0.99953336,0.012164593,0.028018743,0.0105520785,-0.9983187,0.05699578
1356069455597,-0.048007965,-0.08450517,-0.99526584,0.99846876,0.023355603,-0.050145537,0.027482599,-0.9961493,0.08325449
1356069455619,-0.15207314,-0.1433163,-0.9779234,0.9879137,0.007995844,-0.15479851,0.030004472,-0.98964465,0.14036822
1356069455660,-0.2730623,-0.2232871,-0.93572426,0.9619056,-0.050014377,-0.26876786,0.013212711,-0.9734688,0.2284382
1356069455699,-0.386729,-0.2934442,-0.87426037,0.92204785,-0.139884,-0.36091593,-0.01638633,-0.9456866,0.3246667
1356069455740,-0.4747458,-0.33330458,-0.8145702,0.8789465,-0.22738725,-0.41922343,-0.04549375,-0.91498816,0.40090787
1356069455779,-0.535738,-0.34312618,-0.77152395,0.8419483,-0.28643143,-0.45725283,-0.06409335,-0.8945509,0.44234672
1356069455818,-0.5743047,-0.33039445,-0.7490084,0.81560165,-0.3096981,-0.4887547,-0.07048467,-0.8915866,0.44733128
1356069455858,-0.5943244,-0.30164963,-0.74551046,0.80137235,-0.3001417,-0.517414,-0.067681074,-0.9049432,0.4201153
1356069455898,-0.5985335,-0.26274645,-0.75678384,0.79893756,-0.26510763,-0.5398302,-0.058790714,-0.9277296,0.36859384
1356069455938,-0.5889147,-0.21880895,-0.7780117,0.80689865,-0.21369314,-0.55068123,-0.045761734,-0.95208085,0.30240363
1356069455978,-0.56666344,-0.17354679,-0.80546516,0.8233641,-0.15611124,-0.54561985,-0.031051576,-0.97237384,0.23135465
1356069456018,-0.53198975,-0.12903306,-0.83686167,0.8465555,-0.10227674,-0.5223824,-0.018186927,-0.98635185,0.16364384
1356069456058,-0.48454118,-0.08681229,-0.8704502,0.8747071,-0.0598678,-0.48094,-0.01036036,-0.9944242,0.10494369
1356069456098,-0.42460197,-0.04907164,-0.9040492,0.9053265,-0.033871412,-0.4233634,-0.00984633,-0.99822074,0.05880779
1356069456138,-0.3536508,-0.019850671,-0.9351668,0.9352058,-0.026654541,-0.3530998,-0.017917156,-0.99944746,0.027990878
1356069456178,-0.2754652,-0.003090769,-0.961306,0.96066654,-0.03749436,-0.2751615,-0.035193175,-0.999292,0.013297677
1356069456218,-0.1935966,-0.0012765527,-0.9810804,0.9791687,-0.06266135,-0.19313782,-0.06122923,-0.99803406,0.013380945
1356069456258,-0.108249426,-0.013958216,-0.9940258,0.98994756,-0.09306997,-0.10649836,-0.09102741,-0.9955617,0.023892581
1356069456298,-0.019711971,-0.0376001,-0.9990985,0.99308413,-0.11641562,-0.015212148,-0.11573869,-0.9924886,0.039634824
1356069456338,0.07394028,-0.06491089,-0.99514794,0.9892001,-0.121859014,0.081446886,-0.12655449,-0.9904226,0.055199564
1356069456378,0.17321712,-0.08730331,-0.9810066,0.9774016,-0.10730654,0.18213022,-0.121169,-0.99038553,0.066743046
1356069456419,0.27333763,-0.09934288,-0.9567745,0.95620936,-0.08014223,0.28149742,-0.10464287,-0.99182063,0.07308677
1356069456465,0.3677081,-0.097736865,-0.9247909,0.9265374,-0.046504676,0.3733174,-0.07949394,-0.99412525,0.073456705
1356069456495,0.44019938,-0.09039849,-0.89333797,0.8960002,-0.020463884,0.44358203,-0.058380276,-0.9956955,0.07198885
1356069456538,0.49415964,-0.07822427,-0.8658447,0.8685174,2.9325485E-4,0.49565852,-0.038518637,-0.9969357,0.06808409
1356069456596,0.51724184,-0.06469035,-0.85339093,0.8556348,0.017290711,0.5172911,-0.01870799,-0.9977556,0.0642948
1356069456620,0.5071849,-0.05524075,-0.86006504,0.8618353,0.034618318,0.50600535,0.0018218756,-0.99787277,0.06516634
1356069456659,0.4560457,-0.061151356,-0.8878529,0.88970554,0.055007935,0.45320854,0.021124572,-0.9966115,0.07949287
1356069456700,0.34988084,-0.10107675,-0.9313253,0.9362136,0.072722465,0.34382468,0.032975554,-0.9922171,0.120073676
1356069456740,0.18619704,-0.1854057,-0.9648603,0.982061,0.06488335,0.17704856,0.029777497,-0.9805176,0.19416085
1356069456780,0.0068205595,-0.2894932,-0.9571558,0.9999292,0.01131165,0.0037041306,0.009754717,-0.95711327,0.2895498
1356069456820,-0.12703532,-0.3715713,-0.91967213,0.99171257,-0.06551558,-0.1105164,-0.019188136,-0.9260899,0.37681472
1356069456860,-0.19638753,-0.41619253,-0.8878151,0.9794682,-0.12532169,-0.15791288,-0.045540392,-0.9005989,0.432259
1356069456899,-0.2134952,-0.42764187,-0.8783748,0.9749249,-0.15103853,-0.1634284,-0.062779576,-0.8912406,0.44916466
1356069456940,-0.19134599,-0.41012686,-0.8917301,0.9789924,-0.14493996,-0.14340937,-0.07043129,-0.90043783,0.4292448
1356069456978,-0.13940763,-0.3691297,-0.9188628,0.9877256,-0.11785519,-0.102510035,-0.07045326,-0.92187494,0.38102877
1356069457018,-0.066152275,-0.31159443,-0.9479097,0.9957512,-0.08160347,-0.042666554,-0.064058036,-0.94670475,0.3156688
1356069457058,0.021457732,-0.24586341,-0.969067,0.99839735,-0.04550135,0.03365138,-0.05236745,-0.96823597,0.24449295
1356069457098,0.11786628,-0.18023208,-0.97653663,0.99229574,-0.016419172,0.12279868,-0.038166165,-0.983487,0.17690825
1356069457138,0.21828252,-0.121022284,-0.96835244,0.97556204,0.0015081763,0.2197192,-0.02513042,-0.9926487,0.1183939
1356069457178,0.3189479,-0.073204696,-0.9449408,0.9476283,0.0072595477,0.31929258,-0.016513914,-0.9972905,0.0716863
1356069457218,0.41573423,-0.04095888,-0.9085633,0.9093615,0.002184093,0.41600087,-0.015054643,-0.9991584,0.038154483
1356069457258,0.50715125,-0.027735144,-0.8614106,0.86154926,-0.010395914,0.5075676,-0.023032635,-0.99956125,0.01862292
1356069457298,0.5909694,-0.034560382,-0.80595326,0.8056297,-0.026018485,0.5918478,-0.041424185,-0.99906385,0.0124667585
1356069457338,0.66520405,-0.058929116,-0.74433255,0.7434741,-0.039739504,0.66758305,-0.06891948,-0.9974709,0.017377391
1356069457378,0.72876835,-0.09309852,-0.67840207,0.6774597,-0.046256706,0.7341039,-0.09972465,-0.9945818,0.029360093
1356069457418,0.78073585,-0.12501259,-0.61222816,0.612373,-0.041828737,0.78946155,-0.124301404,-0.991273,0.043897144
1356069457458,0.82179546,-0.14305992,-0.55153066,0.5537649,-0.027367532,0.83222324,-0.13415182,-0.9893356,0.05673104
1356069457498,0.8531577,-0.14332612,-0.5015771,0.5057259,-0.008529596,0.862652,-0.12791885,-0.98963875,0.06520665
1356069457538,0.8749207,-0.13076599,-0.4662768,0.47130555,0.008661717,0.8819274,-0.111287385,-0.9913753,0.06920907
1356069457595,0.88657385,-0.11333197,-0.4484893,0.45342368,0.020885468,0.8910503,-0.091617584,-0.9933376,0.06990391
1356069457620,0.88738394,-0.09623887,-0.4508745,0.45519185,0.027733415,0.88996136,-0.0731446,-0.9949719,0.06841734
1356069457659,0.8755864,-0.08100368,-0.47622138,0.47976863,0.030913137,0.87685025,-0.056306615,-0.9962343,0.06593016
1356069457699,0.8472368,-0.06751034,-0.5269081,0.52974355,0.03358931,0.84749246,-0.03951603,-0.9971529,0.06422126
1356069457740,0.79445744,-0.057314903,-0.6046094,0.6069455,0.0399774,0.7937373,-0.02132228,-0.9975554,0.06654737
1356069457779,0.70756966,-0.057824373,-0.7042737,0.7066389,0.054254726,0.70549124,-0.0025844276,-0.9968514,0.07924996
1356069457819,0.58260095,-0.0852007,-0.80828017,0.81268525,0.07440278,0.5779333,0.010897934,-0.9935819,0.112588495
1356069457858,0.43129694,-0.15406996,-0.8889575,0.902157,0.08433062,0.42308524,0.009781659,-0.98445463,0.17536683
1356069457898,0.2782956,-0.25373837,-0.92637384,0.9604454,0.06367001,0.2710917,-0.0098041,-0.96517515,0.26142094
1356069457938,0.14617932,-0.35021767,-0.9251914,0.98841834,0.013180137,0.15117997,-0.040751696,-0.9365756,0.34808826
1356069457978,0.041772187,-0.41326946,-0.9096502,0.9968025,-0.044833243,0.06614283,-0.06811738,-0.90950453,0.4100752
1356069458018,-0.037055194,-0.4356559,-0.8993502,0.99588245,-0.090608776,0.002859354,-0.082734704,-0.89554113,0.4372196
1356069458059,-0.09526819,-0.4219133,-0.901617,0.99188745,-0.11681187,-0.050144166,-0.08416307,-0.8990797,0.4296189
1356069458098,-0.13568372,-0.38025555,-0.9148747,0.987784,-0.12334454,-0.09523028,-0.07663289,-0.91661984,0.39234617
1356069458138,-0.15881145,-0.32163194,-0.93345153,0.98520374,-0.11333269,-0.12856618,-0.064439625,-0.94005775,0.3348716
1356069458178,-0.16472036,-0.25726566,-0.9521983,0.9850519,-0.09223533,-0.1454835,-0.05039841,-0.96192884,0.26861304
1356069458218,-0.15416646,-0.19449463,-0.9687128,0.9873643,-0.06671125,-0.14374071,-0.036667258,-0.9786324,0.20232171
1356069458258,-0.12666512,-0.13871944,-0.982198,0.99161017,-0.043453872,-0.12174177,-0.02579233,-0.989378,0.14305967
1356069458298,-0.08250308,-0.09252298,-0.9922866,0.99639595,-0.027345538,-0.080295,-0.019705474,-0.995335,0.094445616
1356069458338,-0.021153867,-0.058178782,-0.99808204,0.99957895,-0.021061003,-0.01995796,-0.019859552,-0.998084,0.05859986
1356069458378,0.057291806,-0.03828013,-0.99762326,0.9979689,-0.025678277,0.05829692,-0.0278489,-0.998937,0.036731303
1356069458418,0.15100732,-0.03467369,-0.98792434,0.9875189,-0.039957374,0.15234774,-0.044757336,-0.9985996,0.028207034
1356069458458,0.25534382,-0.046865195,-0.9657138,0.96441483,-0.05850348,0.2578394,-0.0685814,-0.9971864,0.030259013
1356069458498,0.36210832,-0.07019678,-0.92948914,0.9275459,-0.071701616,0.3667664,-0.09239161,-0.994953,0.03914696
1356069458538,0.46123946,-0.09449023,-0.8822299,0.88084495,-0.07073128,0.46809095,-0.10663131,-0.99300987,0.050607234
1356069458595,0.54433227,-0.108900696,-0.831771,0.8321624,-0.055036694,0.5517941,-0.1058687,-0.9925279,0.060664803
1356069458620,0.60775924,-0.10996184,-0.7864713,0.7886901,-0.03205058,0.613955,-0.09271848,-0.99341893,0.067246765
1356069458659,0.6514732,-0.10179892,-0.7518109,0.75504446,-0.009787798,0.6556005,-0.07409802,-0.99475676,0.07048623
1356069458699,0.67683566,-0.089515865,-0.73067117,0.73408604,0.008085266,0.67900836,-0.05487436,-0.9959526,0.071184754
1356069458739,0.6844853,-0.076563716,-0.724995,0.72808427,0.02124536,0.6851583,-0.037055522,-0.9968383,0.070287004
1356069458778,0.6746682,-0.064540684,-0.735294,0.73784244,0.031597883,0.6742329,-0.020281762,-0.99741465,0.068938956
1356069458818,0.6460296,-0.055108815,-0.7613205,0.7633034,0.041812375,0.6446856,-0.0036952794,-0.9976045,0.06907681
1356069458858,0.5967685,-0.052841544,-0.8006717,0.80231863,0.05463694,0.59439015,0.012337744,-0.99710715,0.07500136
1356069458898,0.52709216,-0.06917241,-0.8469882,0.8494942,0.06997551,0.5229369,0.023095578,-0.9951475,0.095645145
1356069458938,0.44194147,-0.118926466,-0.8891256,0.89683956,0.07973185,0.43511108,0.0191454,-0.9896966,0.14189477
1356069458978,0.35115096,-0.20417139,-0.9137871,0.9363029,0.070885986,0.3439649,-0.0054531395,-0.9763652,0.21605802
1356069459018,0.26579168,-0.30236748,-0.9153845,0.96306515,0.040798992,0.26615962,-0.043131232,-0.95231783,0.30204362
1356069459058,0.19469523,-0.3825212,-0.90320057,0.97780293,0.0030024052,0.20950502,-0.07742834,-0.9239418,0.37461495
1356069459098,0.14125115,-0.42825347,-0.89255095,0.98515755,-0.028019488,0.16935065,-0.09753385,-0.90322423,0.4179393
1356069459138,0.10425335,-0.43728557,-0.8932595,0.9892665,-0.046867907,0.13840213,-0.102386504,-0.8981006,0.42770588
1356069459178,0.08246523,-0.41508496,-0.9060375,0.9918822,-0.054115236,0.11507055,-0.096794546,-0.9081718,0.4072528
1356069459218,0.07415104,-0.3672651,-0.9271558,0.9936236,-0.051972926,0.10005444,-0.08493358,-0.9286631,0.3610695
1356069459258,0.080405176,-0.30296904,-0.94960237,0.9943339,-0.042079568,0.09761804,-0.06953415,-0.9520709,0.29786903
1356069459299,0.10174775,-0.23228869,-0.96731037,0.9934232,-0.027602911,0.111122966,-0.052513182,-0.9722551,0.22795245
1356069459338,0.13798094,-0.16313821,-0.9769069,0.98977286,-0.013344884,0.14202663,-0.036206692,-0.9865129,0.15962848
1356069459379,0.19077787,-0.10199502,-0.97632,0.9813521,-0.003987521,0.19217777,-0.023494273,-0.99477696,0.0993323
1356069459425,0.2606432,-0.052595794,-0.9640014,0.96526724,-0.0044258535,0.26122692,-0.018005997,-0.9986061,0.049615443
1356069459455,0.36514902,-0.01880163,-0.9307592,0.93078905,-0.011162281,0.36538616,-0.01725933,-0.99976087,0.013424516
1356069459498,0.46688393,-0.0085859,-0.8842769,0.8839067,-0.025985807,0.46694076,-0.026987731,-0.99962544,-0.0045431852
1356069459538,0.5789798,-0.021880925,-0.8150482,0.81398374,-0.042162538,0.57935554,-0.047041327,-0.99887115,-0.0066005588
1356069459595,0.68716997,-0.053561747,-0.7245195,0.72268236,-0.05166249,0.6892468,-0.074347764,-0.9972272,0.0032072216
1356069459620,0.77669173,-0.091863394,-0.6231461,0.62161523,-0.04795675,0.7818533,-0.10170776,-0.99461615,0.019856066
1356069459660,0.84016514,-0.12102744,-0.52865374,0.52904177,-0.031565942,0.8480084,-0.11931978,-0.9921471,0.03750798
1356069459700,0.8799816,-0.13158219,-0.45641926,0.45925474,-0.009722553,0.88825136,-0.12131563,-0.9912576,0.05187407
1356069459740,0.9028665,-0.12515013,-0.41130227,0.41571093,0.010202967,0.90943956,-0.109619975,-0.99208534,0.0612382
1356069459780,0.9133483,-0.10956621,-0.3921608,0.39689797,0.024501927,0.9175356,-0.09092221,-0.99367744,0.0658654
1356069459820,0.9126406,-0.09164697,-0.3983568,0.40256646,0.032470614,0.9148147,-0.07090509,-0.995262,0.06652799
1356069459858,0.8985592,-0.07430376,-0.43251634,0.43581414,0.035313822,0.8993436,-0.051550806,-0.99661016,0.06411418
1356069459898,0.8640683,-0.0580837,-0.5000122,0.50233966,0.03583795,0.8639273,-0.03226073,-0.9976682,0.06014419
1356069459938,0.794877,-0.044596404,-0.60512954,0.60665166,0.038666308,0.79402685,-0.012012601,-0.99825656,0.057789437
1356069459978,0.6721675,-0.041530013,-0.7392335,0.74035054,0.049134567,0.6704229,0.008479267,-0.9979284,0.06377341
1356069460018,0.4930376,-0.06586322,-0.8675114,0.8696681,0.06517801,0.48931503,0.02431485,-0.99569774,0.08941433
1356069460058,0.29311723,-0.13128868,-0.9470193,0.9556829,0.068656504,0.28628063,0.027433634,-0.98896384,0.14559475
1356069460098,0.114127755,-0.22687605,-0.9672135,0.9933703,0.039582074,0.10792953,0.013797671,-0.97311896,0.22988936
1356069460138,-0.03546405,-0.3188769,-0.9471324,0.9993222,-0.020677388,-0.030456603,-0.009872317,-0.94757056,0.31939408
1356069460178,-0.16379249,-0.37768036,-0.9113339,0.98600227,-0.091864765,-0.13914144,-0.03116855,-0.92136765,0.3874405
1356069460218,-0.27541578,-0.39418936,-0.87679017,0.96037364,-0.15339297,-0.23270816,-0.04276237,-0.90613765,0.42081589
1356069460258,-0.37048155,-0.37360957,-0.85038775,0.92775226,-0.19313794,-0.319333,-0.0449363,-0.9072561,0.4181712
1356069460298,-0.44569838,-0.32843053,-0.83275825,0.8942195,-0.20649648,-0.397153,-0.04152447,-0.92167914,0.38572422
1356069460338,-0.5001315,-0.27058324,-0.8225893,0.8652468,-0.19440764,-0.46211857,-0.03487611,-0.9428628,0.33135074
1356069460378,-0.5342008,-0.21100193,-0.8186011,0.84495324,-0.16322166,-0.50932574,-0.026144683,-0.9637618,0.26547986
1356069460418,-0.5506655,-0.155777,-0.8200617,0.8345468,-0.12310457,-0.53700745,-0.01729992,-0.9800912,0.19779265
1356069460458,-0.5525378,-0.10653028,-0.826652,0.83340776,-0.084376454,-0.5461798,-0.011565208,-0.990723,0.13540423
1356069460498,-0.54147404,-0.0632337,-0.83833605,0.84063447,-0.05473584,-0.5388299,-0.011814833,-0.99649656,0.08279443
1356069460539,-0.517501,-0.026841342,-0.85526156,0.8554593,-0.03906405,-0.5163947,-0.01954925,-0.99887615,0.043177366
1356069460596,-0.4795158,1.0097027E-4,-0.87753326,0.87682503,-0.040112615,-0.47913343,-0.035248518,-0.99919516,0.019146085
1356069460620,-0.4257086,0.014465958,-0.9047446,0.9029833,-0.057576776,-0.4258004,-0.058251917,-0.9982362,0.011448443
1356069460660,-0.35445487,0.01393348,-0.9349692,0.9311229,-0.08655065,-0.3542866,-0.08585867,-0.99614996,0.017704546
1356069460700,-0.26588756,-0.0018404126,-0.96400225,0.9574237,-0.11714661,-0.2638494,-0.11244404,-0.9931129,0.03290993
1356069460738,-0.16462177,-0.028851986,-0.98593473,0.97777784,-0.13632125,-0.15927055,-0.12980863,-0.9902445,0.050652295
1356069460778,-0.0623464,-0.05764991,-0.9963882,0.9893312,-0.1352753,-0.054077953,-0.13166916,-0.9891294,0.06546879
1356069460818,0.025514424,-0.07836929,-0.9965979,0.9925934,-0.116461456,0.034570068,-0.118774444,-0.9900985,0.07481739
1356069460858,0.08652872,-0.08726099,-0.9924204,0.99144065,-0.09021455,0.09437564,-0.0977661,-0.99209213,0.07870796
1356069460898,0.11430949,-0.08634344,-0.98968595,0.99057686,-0.06574279,0.12014809,-0.07543868,-0.994094,0.07801473
1356069460938,0.10768503,-0.0793044,-0.991017,0.99267966,-0.046257734,0.11156741,-0.054689974,-0.99577665,0.07374257
1356069460978,0.06911075,-0.0696491,-0.99517465,0.99699247,-0.030243635,0.071353644,-0.03506741,-0.997113,0.06734952
1356069461018,0.0045021772,-0.061404914,-0.99810284,0.99987686,-0.014732242,0.005416572,-0.015036881,-0.99800426,0.061331004
1356069461058,-0.0791406,-0.061199963,-0.9949832,0.99684864,5.9735775E-4,-0.079325706,0.0054490864,-0.99812543,0.060959756
1356069461098,-0.17664301,-0.079173654,-0.9810854,0.98402023,0.008468211,-0.1778548,0.022389382,-0.99682486,0.07641274
1356069461138,-0.2854696,-0.123286396,-0.95042497,0.95798826,-0.008074701,-0.28669384,0.02767104,-0.9923383,0.12041199
1356069461178,-0.39818972,-0.18604574,-0.8982382,0.917181,-0.064780235,-0.39316964,0.014959455,-0.9804032,0.19643253
1356069461218,-0.49868125,-0.24354336,-0.8318675,0.86668575,-0.15464842,-0.4742779,-0.013139784,-0.9574813,0.2881959
1356069461258,-0.57520646,-0.2762131,-0.7699636,0.8168445,-0.24414337,-0.52264625,-0.043619752,-0.92957,0.3660559
1356069461298,-0.6280043,-0.28386414,-0.7245908,0.77555954,-0.30507356,-0.5526641,-0.064172,-0.9090387,0.41174096
1356069461338,-0.6619803,-0.2738372,-0.6977072,0.7461598,-0.32883143,-0.57889163,-0.07090598,-0.90381587,0.42200622
1356069461378,-0.6810513,-0.25194407,-0.68752694,0.7292092,-0.31864524,-0.6055734,-0.066506535,-0.9137776,0.40073365
1356069461418,-0.6874546,-0.22253093,-0.6912931,0.7241137,-0.28260958,-0.62911946,-0.05536753,-0.93306583,0.35541892
1356069461458,-0.68256515,-0.18953356,-0.7058201,0.7296902,-0.23053926,-0.6437422,-0.040708452,-0.95442593,0.2956587
1356069461498,-0.6669329,-0.1557579,-0.72865635,0.74470156,-0.1720202,-0.64484775,-0.024903417,-0.97270167,0.23071903
1356069461538,-0.63993084,-0.12242195,-0.7586181,0.7683556,-0.115906954,-0.6294404,-0.010871798,-0.9856868,0.16823602
1356069461597,-0.59980917,-0.08971828,-0.79509723,0.80014104,-0.06952566,-0.5957689,-0.0018282831,-0.99353755,0.11348933
1356069461620,-0.5448347,-0.058555424,-0.8364966,0.8385435,-0.038505077,-0.5434724,-3.8605928E-4,-0.9975413,0.0700801
1356069461660,-0.47531658,-0.031644225,-0.8792456,0.8797734,-0.026796043,-0.4746375,-0.00854075,-0.9991399,0.04057634
1356069461700,-0.39446145,-0.013024896,-0.91882014,0.91850936,-0.035200834,-0.3938291,-0.027213693,-0.99929535,0.025848925
1356069461740,-0.30801916,-0.0060447454,-0.951361,0.9497938,-0.05967629,-0.30713257,-0.054917157,-0.99819946,0.024122715
1356069461779,-0.22217047,-0.011731356,-0.9749373,0.97120523,-0.09088814,-0.2202264,-0.0860267,-0.99579203,0.03158617
1356069461820,-0.14138037,-0.027742118,-0.98956656,0.98372054,-0.115948856,-0.13729453,-0.110930294,-0.9928677,0.04368341
1356069461858,-0.06694448,-0.048072726,-0.9965979,0.99044764,-0.1238811,-0.060555696,-0.120548576,-0.9911319,0.055906683
1356069461898,0.001229167,-0.06566161,-0.9978411,0.99362963,-0.11236411,0.008617938,-0.11268747,-0.9914952,0.06510529
1356069461938,0.06127411,-0.07637662,-0.99519455,0.9937876,-0.088140786,0.06795189,-0.09290722,-0.9931756,0.07050142
1356069461978,0.10925251,-0.080020875,-0.99078786,0.9916109,-0.06049359,0.11422902,-0.069077015,-0.99495584,0.072740495
1356069462018,0.14154568,-0.078499675,-0.9868144,0.9888536,-0.035300463,0.14464623,-0.046189666,-0.99628896,0.07262802
1356069462058,0.15616426,-0.07419169,-0.98494077,0.9874114,-0.013645083,0.15758383,-0.025130957,-0.99715066,0.07112682
1356069462098,0.1507133,-0.069992304,-0.98609656,0.98856604,0.0058763325,0.15067357,-0.004751444,-0.99753016,0.07007772
1356069462138,0.11907515,-0.07075217,-0.9903611,0.99274886,0.02501586,0.11757502,0.016456008,-0.9971801,0.07321793
1356069462178,0.041566253,-0.08656666,-0.99537855,0.9984267,0.041123092,0.03811708,0.03763336,-0.995397,0.08813983
1356069462218,-0.114103794,-0.13092327,-0.9848043,0.9920424,0.03808546,-0.12000567,0.053218275,-0.9906607,0.12553573
1356069462258,-0.34803224,-0.20044461,-0.9158032,0.93586504,-0.0169245,-0.35195205,0.055047393,-0.9795588,0.19347942
1356069462298,-0.5652223,-0.25558966,-0.7843454,0.82397586,-0.12899536,-0.55174625,0.039843738,-0.95814097,0.2835108
1356069462339,-0.6949445,-0.27475774,-0.6645001,0.7189201,-0.24704075,-0.6497113,0.014354616,-0.92923576,0.36920846
1356069462385,-0.7557058,-0.26957366,-0.5968574,0.6547811,-0.32916403,-0.6803768,-0.0130523145,-0.9049757,0.425263
1356069462415,-0.78869975,-0.25605735,-0.55891633,0.6139474,-0.3753124,-0.6944129,-0.03195867,-0.89082843,0.4532145
1356069462458,-0.796458,-0.23804982,-0.5558658,0.6032228,-0.37685865,-0.7029223,-0.042152345,-0.89515907,0.44374925
1356069462498,-0.78333217,-0.21905386,-0.5817269,0.6198621,-0.34527367,-0.7046681,-0.046494693,-0.9125796,0.40624714
1356069462538,-0.7462905,-0.2007079,-0.63463914,0.664,-0.29097337,-0.688795,-0.04641649,-0.9354415,0.3504207
1356069462597,-0.67274636,-0.18333459,-0.71679896,0.73866475,-0.22177798,-0.6365445,-0.042269588,-0.9577071,0.28462315
1356069462620,-0.53529364,-0.165811,-0.82823145,0.8439048,-0.14660466,-0.51607335,-0.035851985,-0.97519934,0.2184053
1356069462658,-0.28858173,-0.14265233,-0.9467686,0.95698994,-0.07379955,-0.28057766,-0.029846072,-0.98701763,0.15781409
1356069462698,0.07277495,-0.109344155,-0.99133635,0.9969851,-0.018855214,0.07526937,-0.026922077,-0.9938252,0.1076422
1356069462738,0.41367823,-0.07689664,-0.9071699,0.9099561,0.0030112863,0.4146935,-0.029156804,-0.99703455,0.07121825
1356069462778,0.6224729,-0.06353834,-0.78005797,0.7816913,0.0013764352,0.623664,-0.03855288,-0.99797845,0.05052416
1356069462818,0.7258258,-0.072074115,-0.6840923,0.68554014,-0.006140232,0.72800887,-0.056671113,-0.9973804,0.04495299
1356069462858,0.77651435,-0.09586698,-0.622764,0.6247348,-0.011561573,0.78075147,-0.08204839,-0.9953271,0.05091369
1356069462898,0.8108396,-0.1237697,-0.5720316,0.5753673,-0.0104482025,0.8178284,-0.10719906,-0.9922559,0.06274122
1356069462938,0.8508663,-0.14181848,-0.50587946,0.51129544,0.002044268,0.85940266,-0.120844975,-0.9898906,0.07425052
1356069462979,0.90045834,-0.13996786,-0.4118055,0.41897964,0.024989903,0.9076516,-0.11675112,-0.98984057,0.08114606
1356069463018,0.94672114,-0.119311266,-0.2991386,0.30647433,0.048358142,0.9506498,-0.098957434,-0.99167854,0.08234751
1356069463058,0.9775322,-0.09019359,-0.19051483,0.19645932,0.062320977,0.97852945,-0.07638401,-0.9939724,0.07864013
1356069463098,0.9926738,-0.062493622,-0.10340816,0.10743365,0.0649063,0.9920914,-0.05528753,-0.9959327,0.0711447
1356069463138,0.9982978,-0.039509177,-0.042901125,0.04520634,0.059429824,0.99720836,-0.03684927,-0.99745035,0.06111473
1356069463178,0.9997754,-0.019729685,-0.007741398,0.008724047,0.050216228,0.99870026,-0.019315299,-0.9985435,0.05037707
1356069463218,0.99999774,-5.8172055E-4,0.0020618327,-0.0020352374,0.042514056,0.9990938,-6.688504E-4,-0.9990957,0.042512774
1356069463258,0.99962425,0.017965714,-0.020705229,0.01986667,0.0456613,0.99875945,0.018888855,-0.99879545,0.04528722
1356069463298,0.99414164,0.026245244,-0.10485032,0.1026587,0.0742327,0.99194294,0.03381711,-0.9968956,0.07110351
1356069463338,0.9436778,-0.010814786,-0.33068907,0.32901523,0.13623583,0.9344456,0.03494583,-0.9906173,0.13212097
1356069463378,0.5969194,-0.169341,-0.7842263,0.8021078,0.14742415,0.5786962,0.017616987,-0.974469,0.22383003
1356069463418,-0.055781186,-0.3180446,-0.9464333,0.9983823,-0.028224587,-0.04935822,-0.011014551,-0.94765556,0.3191045
1356069463458,-0.3542713,-0.35139906,-0.86660856,0.9344002,-0.16993922,-0.31307647,-0.037256062,-0.92067325,0.388552
1356069463498,-0.45240557,-0.35274166,-0.81908643,0.89026517,-0.23270828,-0.39150324,-0.052508682,-0.90632236,0.4193121
1356069463538,-0.48022294,-0.33721313,-0.8097365,0.8753451,-0.24337184,-0.41778108,-0.05618581,-0.9094269,0.41205063
1356069463597,-0.4780721,-0.30562964,-0.8234303,0.87683284,-0.22061658,-0.42719138,-0.051100075,-0.926239,0.37345678
1356069463620,-0.4602849,-0.26135513,-0.8484287,0.8868749,-0.17830229,-0.4262172,-0.03988272,-0.9486315,0.3138592
1356069463659,-0.43188477,-0.21003947,-0.8771311,0.9015821,-0.12749839,-0.41339302,-0.02500394,-0.9693439,0.24443245
1356069463700,-0.393099,-0.15615249,-0.9061399,0.9194442,-0.0772295,-0.38556188,-0.009774327,-0.9847091,0.17393237
1356069463740,-0.34006333,-0.10440287,-0.93458915,0.9404012,-0.036109507,-0.33814433,0.0015556514,-0.9938793,0.1104601
1356069463780,-0.26766068,-0.0583238,-0.96174634,0.9634933,-0.009781182,-0.2675537,0.0061977208,-0.99824977,0.05881262
1356069463818,-0.16804177,-0.02204439,-0.98553324,0.98577535,-7.7944994E-4,-0.16806567,0.002936691,-0.9997566,0.02186191
1356069463858,-0.0333336,-8.365512E-4,-0.9994439,0.99940294,-0.009118497,-0.0333246,-0.009085506,-0.99995804,0.0011399984
1356069463898,0.1397362,-6.302893E-4,-0.9901886,0.98972225,-0.030602962,0.13968989,-0.03039077,-0.9995314,-0.003652513
1356069463938,0.34080136,-0.02485755,-0.93980664,0.93825185,-0.05425322,0.34167248,-0.059480727,-0.99821776,0.004833102
1356069463978,0.539279,-0.06783819,-0.8393904,0.83718467,-0.06464544,0.5430865,-0.091104716,-0.99559987,0.021931112
1356069464018,0.69859326,-0.1119352,-0.70670927,0.7059614,-0.053067923,0.70625937,-0.11655885,-0.99229753,0.041949034
1356069464058,0.80438405,-0.13860431,-0.57771546,0.58019423,-0.025962517,0.81406426,-0.12783177,-0.9900075,0.059533592
1356069464098,0.8659678,-0.1429816,-0.4792244,0.48458797,0.0030927584,0.8747371,-0.12358919,-0.9897205,0.0719654
1356069464138,0.89776254,-0.13253817,-0.42006674,0.4267173,0.025169194,0.90403485,-0.10924634,-0.9908583,0.079152286
