1356068465908,0.03495866,0.01687923,-0.9992462,-0.970139,-0.23955631,-0.037986875,-0.240017,0.97073567,0.008000672
1356068466059,-0.8187783,-0.20009692,-0.53811103,-0.5218539,-0.13130707,0.8428683,-0.23931313,0.9709376,0.0030899644
1356068466102,-0.8130942,-0.20033196,-0.54657555,-0.5309204,-0.12988055,0.8374094,-0.23874943,0.9710809,-7.5513124E-4
1356068466148,-0.80759907,-0.20069464,-0.5545318,-0.5395466,-0.128133,0.83214873,-0.23806158,0.9712382,-0.0048040748
1356068466190,-0.80165744,-0.2005779,-0.5631287,-0.5486847,-0.12699229,0.8263281,-0.23725614,0.9714121,-0.0082497
1356068466230,-0.79615265,-0.19965601,-0.5712079,-0.5570511,-0.12679863,0.82074124,-0.2362943,0.9716273,-0.010267556
1356068466268,-0.79157346,-0.19775368,-0.5781911,-0.56397974,-0.12782365,0.8158357,-0.23524101,0.971882,-0.010347247
1356068466310,-0.78814995,-0.19506806,-0.5837535,-0.56909615,-0.1302591,0.81188804,-0.23441263,0.9721014,-0.008348763
1356068466349,-0.7842555,-0.19224097,-0.589904,-0.5744316,-0.13431686,0.8074573,-0.23446046,0.9721123,-0.0050905347
1356068466390,-0.7784069,-0.1899998,-0.5983166,-0.58167326,-0.14014626,0.80125856,-0.2360908,0.97173,-0.0014269948
1356068466431,-0.7692367,-0.18882383,-0.6104264,-0.59229034,-0.14770144,0.792071,-0.23972276,0.97083974,0.0017789006
1356068466471,-0.75388134,-0.18929528,-0.62915033,-0.6091141,-0.15755051,0.77727586,-0.24625765,0.96919817,0.0034720302
1356068466509,-0.7326087,-0.19117104,-0.65325195,-0.631171,-0.16843021,0.7571356,-0.25476974,0.96699786,0.0027318
1356068466548,-0.70056564,-0.1948032,-0.68648344,-0.6622216,-0.18090647,0.7271419,-0.26583886,0.9640148,-0.0022660494
1356068466590,-0.65673524,-0.19988224,-0.7271491,-0.7007983,-0.19437599,0.6863671,-0.2785329,0.9603463,-0.012423575
1356068466628,-0.6004043,-0.20616588,-0.77266437,-0.74468005,-0.20804077,0.6341693,-0.29148978,0.9561457,-0.028619051
1356068466668,-0.53684324,-0.21352047,-0.8162159,-0.78758925,-0.22003567,0.57557577,-0.3024938,0.95183676,-0.050041735
1356068466708,-0.4722193,-0.22249094,-0.8529401,-0.8250464,-0.22910094,0.51653767,-0.31033435,0.9476342,-0.07537943
1356068466748,-0.41560328,-0.23426098,-0.8788605,-0.8529702,-0.23508537,0.46602228,-0.31577805,0.9433222,-0.10211539
1356068466788,-0.37555707,-0.25007883,-0.8924222,-0.8694192,-0.23848575,0.43270633,-0.32104072,0.9383949,-0.12785834
1356068466828,-0.35746354,-0.27096823,-0.89375395,-0.8744019,-0.23908383,0.42220894,-0.32808727,0.9324244,-0.15147138
1356068466868,-0.35972703,-0.29719847,-0.88446003,-0.86988884,-0.23602635,0.43311077,-0.33747572,0.9251836,-0.17362458
1356068466908,-0.37588614,-0.32815447,-0.8666166,-0.8587166,-0.22816128,0.4588555,-0.3483038,0.9166554,-0.19602907
1356068466949,-0.39454126,-0.36246127,-0.84436905,-0.8457534,-0.21598715,0.48790458,-0.3592193,0.90662646,-0.22133702
1356068466987,-0.42103958,-0.39917684,-0.81448364,-0.82890964,-0.19526404,0.5241955,-0.368286,0.89584035,-0.24866766
1356068467028,-0.4346286,-0.43436444,-0.78893936,-0.81865656,-0.17456436,0.54710937,-0.37536559,0.88365984,-0.2797246
1356068467068,-0.43339992,-0.4682573,-0.76999974,-0.8165498,-0.15749222,0.5553762,-0.3813279,0.86944306,-0.3140983
1356068467108,-0.41268015,-0.50012875,-0.7612925,-0.82458663,-0.14995193,0.54550093,-0.38697797,0.8528691,-0.35051727
1356068467148,-0.37719238,-0.5286444,-0.7604348,-0.83918625,-0.152251,0.52209777,-0.39178103,0.8350777,-0.38620317
1356068467189,-0.34681016,-0.55214405,-0.758195,-0.8511518,-0.1543312,0.5017195,-0.39403456,0.81934047,-0.41643482
1356068467226,-0.35102135,-0.56948435,-0.7432844,-0.85017097,-0.13883632,0.50787187,-0.39241987,0.8101927,-0.43542457
1356068467268,-0.4101889,-0.5771644,-0.70613486,-0.82592857,-0.09326482,0.5560069,-0.38676494,0.8112848,-0.43844044
1356068467308,-0.5141707,-0.5673778,-0.6432036,-0.76960194,-0.0258345,0.63800114,-0.3786045,0.8230522,-0.42337167
1356068467348,-0.6325495,-0.5352092,-0.5598503,-0.6807538,0.039439082,0.73144984,-0.36939868,0.8437984,-0.38929284
1356068467389,-0.7324916,-0.48760113,-0.47508025,-0.57806236,0.076883316,0.81236255,-0.35958314,0.8696747,-0.33818018
1356068467430,-0.8049344,-0.43558425,-0.40292323,-0.48013282,0.07914513,0.87361807,-0.34864485,0.8966618,-0.27284497
1356068467468,-0.84860456,-0.39042795,-0.3569824,-0.40773296,0.05272907,0.9115775,-0.33708197,0.9191223,-0.20393652
1356068467510,-0.87602484,-0.35202515,-0.32963434,-0.35608667,0.011178255,0.9343861,-0.32524267,0.93592376,-0.13514388
1356068467548,-0.8907652,-0.32031298,-0.32239246,-0.32884914,-0.035343885,0.9437208,-0.31368065,0.9466522,-0.073851466
1356068467589,-0.8986283,-0.29205167,-0.3273728,-0.31839,-0.079220116,0.9446438,-0.30181932,0.9531159,-0.021796823
1356068467628,-0.9001321,-0.2656548,-0.3452383,-0.32517946,-0.1175856,0.9383133,-0.28986254,0.9568705,0.019457221
1356068467668,-0.8958758,-0.24100183,-0.37326226,-0.34602833,-0.14850664,0.9263964,-0.27869514,0.9590954,0.049650073
1356068467708,-0.8816352,-0.21999085,-0.41752067,-0.38590264,-0.17320806,0.90613365,-0.27165905,0.9600016,0.06781119
1356068467748,-0.8507598,-0.20506835,-0.48389554,-0.44922972,-0.19411212,0.8720741,-0.27276474,0.95930576,0.07301986
1356068467788,-0.79505223,-0.19653639,-0.57381654,-0.5359912,-0.2151733,0.81634176,-0.28391087,0.95659494,0.06573224
1356068467829,-0.71211547,-0.1906878,-0.67566985,-0.6340258,-0.23863202,0.735572,-0.3015011,0.9522042,0.04903257
1356068467869,-0.6110944,-0.18384424,-0.76991224,-0.72479355,-0.26101446,0.6376095,-0.31817913,0.947667,0.026255429
1356068467908,-0.5138745,-0.17366242,-0.84010386,-0.79349333,-0.27596915,0.54241073,-0.32603908,0.9453478,0.0040134788
1356068467952,-0.43990052,-0.16239801,-0.8832409,-0.8385161,-0.27784842,0.4687121,-0.32152504,0.9467983,-0.013947666
1356068467990,-0.3971526,-0.15358791,-0.9048097,-0.86388457,-0.27023512,0.42506054,-0.3097955,0.9504651,-0.025357604
1356068468030,-0.3888952,-0.14820364,-0.9092833,-0.87314963,-0.25555277,0.41509345,-0.29388818,0.9553683,-0.030020654
1356068468069,-0.41720968,-0.14679104,-0.89687705,-0.8658064,-0.23578107,0.44134626,-0.27625227,0.9606558,-0.028722465
1356068468109,-0.4786625,-0.14839482,-0.86536765,-0.83932334,-0.2119683,0.50060534,-0.25771776,0.9659443,-0.023090005
1356068468139,-0.5596405,-0.15240982,-0.81460035,-0.79320025,-0.18623853,0.5797832,-0.24007463,0.97061145,-0.016664863
1356068468179,-0.64023226,-0.15349346,-0.7526901,-0.73570615,-0.15936595,0.65828484,-0.2209956,0.97521394,-0.010894895
1356068468208,-0.7207673,-0.15580344,-0.67544043,-0.66274446,-0.13066018,0.7373586,-0.20313618,0.9791084,-0.009082258
1356068468248,-0.7723386,-0.16367811,-0.6137609,-0.6060069,-0.09974384,0.78918105,-0.19039057,0.98145837,-0.022153974
1356068468288,-0.7909589,-0.18988173,-0.5816605,-0.5811083,-0.06450611,0.81126577,-0.19156519,0.9796856,-0.05932015
1356068468328,-0.76165515,-0.24523924,-0.59978265,-0.6115151,-0.034101665,0.79049754,-0.2143146,0.96886265,-0.12399387
1356068468369,-0.67720854,-0.32533354,-0.6599597,-0.69009894,-0.030315638,0.72307986,-0.2552492,0.94511324,-0.20398235
1356068468408,-0.5625099,-0.40116245,-0.7229462,-0.7710809,-0.06099546,0.6338089,-0.29835683,0.91397387,-0.27501822
1356068468448,-0.4715873,-0.44646847,-0.7604415,-0.818462,-0.099359155,0.56590426,-0.3282153,0.8892658,-0.31856096
1356068468489,-0.43942738,-0.45809025,-0.77269465,-0.83120483,-0.11879182,0.5431272,-0.340591,0.88093245,-0.32856643
1356068468528,-0.46723717,-0.44222477,-0.7655891,-0.8163316,-0.11677259,0.5656562,-0.33954695,0.8892702,-0.30644155
1356068468568,-0.53195894,-0.40624192,-0.7429584,-0.7795255,-0.10771626,0.61703914,-0.33069587,0.90739447,-0.25937527
1356068468608,-0.60583675,-0.3583687,-0.71030533,-0.7296973,-0.1054669,0.6755876,-0.31702316,0.92760366,-0.19760495
1356068468648,-0.66979504,-0.3065539,-0.676313,-0.67951506,-0.114181995,0.72472185,-0.29938906,0.94497997,-0.1318295
1356068468688,-0.7166056,-0.256108,-0.64875656,-0.6393576,-0.13052374,0.75775015,-0.27874404,0.9577955,-0.070210576
1356068468728,-0.74506384,-0.20993763,-0.63309246,-0.6153448,-0.14987862,0.77387804,-0.25735313,0.9661587,-0.017514884
1356068468768,-0.75559705,-0.16983789,-0.6326361,-0.6100871,-0.16913575,0.7740717,-0.23846802,0.9708493,0.024182439
1356068468808,-0.74720895,-0.13784052,-0.6501374,-0.6249071,-0.18724775,0.7579112,-0.22620764,0.97259355,0.05377567
1356068468848,-0.71692514,-0.11612746,-0.6874101,-0.65983284,-0.20524806,0.7228373,-0.2250309,0.97179604,0.070522845
1356068468888,-0.6627408,-0.10515365,-0.74142927,-0.710449,-0.22469103,0.6669154,-0.2367211,0.96873975,0.07420564
1356068468950,-0.58797365,-0.102681905,-0.8023362,-0.7669139,-0.24457932,0.59331614,-0.25715765,0.9641771,0.06505793
1356068468970,-0.5045875,-0.10423663,-0.85704505,-0.8178532,-0.26032287,0.51317453,-0.2766,0.95987844,0.046105385
1356068469008,-0.42809248,-0.1066519,-0.8974198,-0.8569787,-0.2673602,0.4405748,-0.28692243,0.9576764,0.023056388
1356068469048,-0.37159163,-0.10880929,-0.92199785,-0.88318104,-0.26471955,0.3871882,-0.28620058,0.95816696,0.0022693872
1356068469088,-0.34340495,-0.11104852,-0.9325992,-0.89730567,-0.25442952,0.36070508,-0.2773365,0.9606945,-0.0122721195
1356068469128,-0.34836847,-0.114124656,-0.9303843,-0.8992294,-0.2395193,0.36608335,-0.2646241,0.9641608,-0.019183278
1356068469168,-0.38792115,-0.1185464,-0.9140372,-0.88688874,-0.2219348,0.40518314,-0.2508897,0.96782833,-0.01904422
1356068469208,-0.45932257,-0.124795586,-0.8794594,-0.85601616,-0.2021882,0.47576922,-0.23719022,0.971363,-0.013957441
1356068469248,-0.553394,-0.13203627,-0.8223877,-0.8025105,-0.17983294,0.568891,-0.2230067,0.97479564,-0.0064420104
1356068469288,-0.6553682,-0.1399832,-0.74222445,-0.7261075,-0.15383655,0.6701509,-0.20799112,0.97813034,-8.2319975E-4
1356068469328,-0.74425274,-0.15129824,-0.65053564,-0.6388577,-0.12282103,0.7594575,-0.19480406,0.9808281,-0.005248189
1356068469368,-0.8007703,-0.17390391,-0.5731704,-0.5678532,-0.084011376,0.8188313,-0.19055083,0.98117244,-0.031478107
1356068469408,-0.8177282,-0.21797124,-0.5327374,-0.53852594,-0.037097394,0.841792,-0.20324959,0.9752499,-0.08704758
1356068469448,-0.80140907,-0.28153616,-0.5277129,-0.55164224,0.006930232,0.834052,-0.23115861,0.95952564,-0.1608612
1356068469488,-0.7678948,-0.3477046,-0.53799534,-0.5843543,0.036162496,0.8106925,-0.2624263,0.9369065,-0.2309516
1356068469528,-0.74577355,-0.39225483,-0.53847754,-0.60336155,0.055002987,0.7955687,-0.28244776,0.91821074,-0.2776913
1356068469568,-0.75434244,-0.4026258,-0.518517,-0.59088373,0.07225776,0.8035143,-0.28604874,0.9125082,-0.29241216
1356068469608,-0.78912693,-0.3813698,-0.48149335,-0.54797363,0.08296275,0.83237135,-0.27749527,0.9206923,-0.2744488
1356068469648,-0.8301829,-0.34211063,-0.44017795,-0.49113888,0.07522988,0.86782664,-0.26377818,0.9366433,-0.2304784
1356068469688,-0.86158544,-0.3003813,-0.4091963,-0.44201803,0.047613442,0.8957416,-0.24958077,0.95263004,-0.17379701
1356068469729,-0.8806161,-0.26283404,-0.3942504,-0.41078696,0.008796096,0.9116889,-0.23615503,0.96480095,-0.11571473
1356068469768,-0.888977,-0.23001623,-0.39599538,-0.3996486,-0.0325585,0.91609,-0.22360861,0.97264194,-0.062981844
1356068469808,-0.88829213,-0.20074034,-0.4130865,-0.4072879,-0.071372926,0.9105067,-0.2122586,0.977041,-0.018359065
1356068469848,-0.87853295,-0.17481224,-0.44454545,-0.4322706,-0.10508847,0.89559954,-0.20327836,0.9789776,0.016757429
1356068469888,-0.8573826,-0.15418153,-0.49104273,-0.47444922,-0.13301599,0.87017506,-0.19948144,0.97904783,0.04089433
1356068469948,-0.8201272,-0.14255452,-0.5541388,-0.5340613,-0.15686363,0.83076614,-0.20535365,0.97727793,0.05251515
1356068469961,-0.7676696,-0.13663052,-0.62611127,-0.6024331,-0.17931026,0.77776736,-0.21853502,0.9742586,0.05534041
1356068470000,-0.69541806,-0.14188036,-0.7044599,-0.6761068,-0.20294571,0.7083027,-0.24346136,0.9688565,0.045205772
1356068470040,-0.6102078,-0.15033403,-0.77784705,-0.74468684,-0.22620279,0.6279122,-0.2703478,0.96240944,0.026078999
1356068470097,-0.52986753,-0.15472567,-0.8338467,-0.79793066,-0.24213713,0.5519749,-0.28730997,0.9578254,0.0048403144
1356068470119,-0.46899754,-0.15280718,-0.8698801,-0.83444357,-0.24605262,0.49311465,-0.28938773,0.9571354,-0.012110889
1356068470159,-0.43346298,-0.14602578,-0.8892616,-0.85676205,-0.23917466,0.45689628,-0.27940747,0.9599333,-0.021436036
1356068470196,-0.42287356,-0.13689649,-0.8957887,-0.86706483,-0.22620118,0.4438825,-0.26339442,0.96441305,-0.023043692
1356068470238,-0.43513083,-0.12665862,-0.8914139,-0.86640143,-0.21046841,0.45282626,-0.2449688,0.96936095,-0.018155932
1356068470278,-0.46696693,-0.11626688,-0.87659794,-0.85498035,-0.19368213,0.48114002,-0.22572201,0.97415054,-0.00896275
1356068470318,-0.51303613,-0.10587013,-0.85181314,-0.8334014,-0.17615992,0.5238415,-0.20551449,0.97865176,0.0021440387
1356068470358,-0.56447715,-0.09677628,-0.81975603,-0.804481,-0.1579166,0.5726017,-0.18486735,0.9826987,0.011285663
1356068470398,-0.6060708,-0.094715,-0.7897514,-0.77741927,-0.13944477,0.61333054,-0.16821828,0.9856897,0.010880113
1356068470438,-0.61813694,-0.11047667,-0.77826834,-0.76870024,-0.12203139,0.62786007,-0.16433707,0.98635864,-0.009491324
1356068470478,-0.58049136,-0.1548005,-0.7994164,-0.7938421,-0.11092073,0.5979225,-0.18123057,0.9816993,-0.05849862
1356068470518,-0.48505652,-0.22321182,-0.8455156,-0.8472933,-0.11926454,0.5175616,-0.21636593,0.9674464,-0.13127583
1356068470558,-0.34858716,-0.29290944,-0.890332,-0.9011982,-0.15627211,0.40425333,-0.25754368,0.9432831,-0.20949501
1356068470598,-0.2125293,-0.33857092,-0.9166248,-0.9331137,-0.20812613,0.29322737,-0.29005185,0.91763455,-0.27169222
1356068470638,-0.11033946,-0.35203326,-0.929461,-0.9457247,-0.25041574,0.20711514,-0.30566308,0.9018673,-0.30529583
1356068470678,-0.053633094,-0.33692124,-0.9400041,-0.95090115,-0.2701189,0.15107232,-0.30481234,0.9019534,-0.30589145
1356068470718,-0.039153874,-0.29902023,-0.95344317,-0.95535487,-0.26844716,0.12342316,-0.2928551,0.9157091,-0.27515966
1356068470758,-0.05235964,-0.24530205,-0.9680317,-0.9599601,-0.25477117,0.116482854,-0.27520007,0.9353708,-0.22214043
1356068470798,-0.07443327,-0.18421277,-0.98006403,-0.9640956,-0.23792768,0.11794138,-0.25491062,0.95365417,-0.15988907
1356068470839,-0.09095061,-0.12341851,-0.988178,-0.9680595,-0.22184914,0.116806746,-0.23364255,0.9672388,-0.09929913
1356068470878,-0.09413433,-0.06832397,-0.9932122,-0.97239804,-0.2076332,0.106444895,-0.21349654,0.97581774,-0.046892703
1356068470950,-0.08677989,-0.019988209,-0.996027,-0.97680044,-0.19477576,0.08901352,-0.19578111,0.98064417,-0.002621889
1356068470970,-0.05821401,0.018641949,-0.9981301,-0.9811383,-0.18568283,0.053754985,-0.18433347,0.9824329,0.029099703
1356068471010,-0.022863626,0.04400465,-0.99876976,-0.9830389,-0.18282706,0.014448315,-0.18196633,0.98215985,0.047438353
1356068471050,0.01658982,0.05683723,-0.9982456,-0.98140204,-0.1900369,-0.027130008,-0.19124553,0.9801303,0.052627474
1356068471090,0.05637461,0.059102535,-0.9966588,-0.9756379,-0.20872426,-0.06756306,-0.21202007,0.976187,0.045895994
1356068471130,0.09322399,0.053150922,-0.9942255,-0.96683836,-0.23363352,-0.10314599,-0.23776665,0.970871,0.02960807
1356068471170,0.12420702,0.04154876,-0.99138606,-0.95838976,-0.2537802,-0.1307089,-0.25702485,0.96636915,0.008298546
1356068471211,0.14647907,0.027115673,-0.988842,-0.95392394,-0.26074845,-0.14845672,-0.2618645,0.9650259,-0.0123279095
1356068471250,0.15686095,0.012895584,-0.9875365,-0.95464265,-0.2542556,-0.15495619,-0.25308496,0.967051,-0.027572095
1356068471291,0.15192187,0.0014294982,-0.9883915,-0.9592343,-0.24089026,-0.14778861,-0.23830512,0.97055125,-0.035225302
1356068471330,0.13036579,-0.0058466196,-0.99144876,-0.9662739,-0.22473681,-0.12573028,-0.2220799,0.97440195,-0.034947425
1356068471371,0.090266824,-0.00988844,-0.99586856,-0.97443926,-0.20742822,-0.08626479,-0.20571819,0.97820026,-0.028359562
1356068471411,0.03180033,-0.012248367,-0.9994192,-0.98168933,-0.18827945,-0.028928727,-0.18781582,0.9820391,-0.018011421
1356068471450,-0.043985903,-0.016631424,-0.99889374,-0.9847267,-0.16787732,0.04615721,-0.1684592,0.9856676,-0.008993238
1356068471492,-0.12342292,-0.027458876,-0.99197423,-0.98120713,-0.14603037,0.12612551,-0.14832166,0.98889893,-0.008919328
1356068471529,-0.19777715,-0.05175051,-0.97888,-0.9710952,-0.12579352,0.20285463,-0.13363463,0.9907057,-0.025375545
1356068471570,-0.23601413,-0.10071495,-0.9665163,-0.9623809,-0.11355364,0.24683708,-0.13461167,0.9884139,-0.07012594
1356068471610,-0.22664171,-0.17539811,-0.95805484,-0.96116483,-0.11875278,0.24911836,-0.15746659,0.9773092,-0.14167213
1356068471650,-0.1776318,-0.25883725,-0.94944733,-0.9641243,-0.14761698,0.22062093,-0.19725949,0.9545745,-0.22332984
1356068471690,-0.11988282,-0.32563567,-0.93786436,-0.9638736,-0.18815362,0.1885362,-0.23785669,0.92658496,-0.2913152
1356068471730,-0.08202994,-0.36247605,-0.92837614,-0.96070784,-0.21907985,0.1704244,-0.26516324,0.9058781,-0.33026254
1356068471768,-0.07776821,-0.36883345,-0.9262365,-0.9579519,-0.22972816,0.17191038,-0.27618888,0.9006591,-0.33545917
1356068471808,-0.10827774,-0.34870633,-0.93095636,-0.95525575,-0.22278953,0.19455376,-0.27524945,0.91036737,-0.30898064
1356068471848,-0.16308689,-0.30848595,-0.93714416,-0.9498514,-0.2077741,0.23369262,-0.26680517,0.92825985,-0.25913066
1356068471888,-0.2253952,-0.2564542,-0.9399086,-0.9408784,-0.19310147,0.2783156,-0.25287297,0.9470708,-0.19776803
1356068471949,-0.2800882,-0.20079303,-0.9387399,-0.93080235,-0.18243277,0.31674162,-0.23485646,0.962497,-0.13580132
1356068471970,-0.31847936,-0.1474939,-0.9363848,-0.9231587,-0.1760884,0.34171745,-0.21528772,0.9732617,-0.080079794
1356068472010,-0.33866674,-0.09957263,-0.9356229,-0.92005277,-0.17314792,0.35145795,-0.19699675,0.9798496,-0.032972634
1356068472050,-0.34015048,-0.059125423,-0.9385105,-0.9224414,-0.17298037,0.34522405,-0.18275541,0.98314905,0.004299581
1356068472090,-0.3240078,-0.028657645,-0.9456203,-0.92965305,-0.1756689,0.32386056,-0.17539719,0.98403215,0.030276418
1356068472130,-0.2910753,-0.010826975,-0.95663893,-0.93991363,-0.1832586,0.2880603,-0.17843103,0.98300517,0.043165565
1356068472169,-0.24417245,-0.0066882074,-0.9697088,-0.9500952,-0.19856817,0.24060327,-0.19416246,0.98006433,0.04213041
1356068472208,-0.18936682,-0.014241904,-0.98180306,-0.95684826,-0.22177345,0.18777063,-0.2204121,0.9749942,0.028369248
1356068472248,-0.13524717,-0.02862066,-0.99039847,-0.95906365,-0.24722838,0.13811252,-0.24880749,0.96853447,0.005987853
1356068472289,-0.09053904,-0.043883026,-0.9949257,-0.95908374,-0.26525825,0.09897709,-0.26825565,0.9631783,-0.018071324
1356068472329,-0.060501754,-0.056271076,-0.99658066,-0.9602572,-0.26926517,0.073500454,-0.27248043,0.9614207,-0.037743658
1356068472369,-0.04792005,-0.064643115,-0.99675715,-0.96285677,-0.26248455,0.063313276,-0.26572618,0.96276844,-0.049663693
1356068472410,-0.053409815,-0.068252355,-0.9962374,-0.9662415,-0.24827904,0.0688113,-0.25204143,0.96628106,-0.052687705
1356068472451,-0.07874459,-0.06972724,-0.9944534,-0.9682352,-0.2321251,0.092944294,-0.23731834,0.9701836,-0.049233824
1356068472490,-0.1212548,-0.06766477,-0.99031246,-0.9677596,-0.21383345,0.1331039,-0.22076833,0.97452384,-0.039554954
1356068472529,-0.18233818,-0.06546709,-0.98105395,-0.9621823,-0.19349378,0.19174284,-0.20238066,0.9789148,-0.027709961
1356068472571,-0.25281084,-0.064306825,-0.9653762,-0.9504291,-0.17018569,0.26023313,-0.18102795,0.9833114,-0.018094301
1356068472608,-0.32509714,-0.07038611,-0.94305754,-0.93176085,-0.1466294,0.33214673,-0.1616585,0.9866841,-0.017914176
1356068472648,-0.37434727,-0.09422451,-0.9224889,-0.91456515,-0.12671626,0.38407487,-0.15308368,0.98745364,-0.03873855
1356068472688,-0.3848881,-0.14409307,-0.9116459,-0.9083177,-0.116127014,0.40183774,-0.16376874,0.9827267,-0.08618635
1356068472728,-0.3480621,-0.21612978,-0.9122174,-0.9171376,-0.12306285,0.37909645,-0.19419405,0.96857804,-0.15538722
1356068472768,-0.27638918,-0.28952867,-0.91639626,-0.932313,-0.15064293,0.32878426,-0.23324108,0.9452406,-0.2282952
1356068472808,-0.19876242,-0.34091195,-0.9188431,-0.9433273,-0.18768412,0.27369386,-0.26575774,0.9211698,-0.28428704
1356068472848,-0.14079636,-0.36046764,-0.9220844,-0.94879603,-0.21688956,0.22966301,-0.28277653,0.9072057,-0.311473
1356068472888,-0.11541057,-0.3498883,-0.92965513,-0.9518379,-0.22867954,0.20423096,-0.28405112,0.9084514,-0.30664492
1356068472949,-0.12677449,-0.31380838,-0.9409849,-0.9535541,-0.22276461,0.20275751,-0.27324516,0.9229845,-0.27099234
1356068472969,-0.16112143,-0.26102844,-0.9517899,-0.9532783,-0.20854133,0.21856588,-0.25553948,0.9425363,-0.21523225
1356068473010,-0.20557398,-0.1995765,-0.9580754,-0.95031583,-0.19312263,0.24413833,-0.23375031,0.9606627,-0.14995974
1356068473050,-0.24353176,-0.13732994,-0.96012115,-0.9467443,-0.18132675,0.26607466,-0.21063563,0.97378695,-0.08585757
1356068473096,-0.26598144,-0.079732776,-0.960675,-0.94533336,-0.17348158,0.27613214,-0.18867621,0.9816042,-0.02923119
1356068473129,-0.26834035,-0.029958963,-0.9628582,-0.94817156,-0.16836846,0.26948604,-0.17018846,0.9852687,0.01677382
1356068473165,-0.24890983,0.009893239,-0.9684761,-0.95559114,-0.16539067,0.24390876,-0.1577639,0.9861785,0.05062133
1356068473208,-0.20869142,0.037803352,-0.9772507,-0.9656214,-0.16633016,0.19977379,-0.15499416,0.98534524,0.07121542
1356068473248,-0.15043855,0.053340673,-0.9871794,-0.9748304,-0.17419761,0.1391441,-0.16454223,0.98326504,0.078204095
1356068473288,-0.08179915,0.0574238,-0.9949932,-0.97907877,-0.19126189,0.069452584,-0.18631604,0.97985786,0.071867436
1356068473328,-0.011955261,0.052580833,-0.99854517,-0.97652364,-0.21541017,3.4865737E-4,-0.21507838,0.9751071,0.05392164
1356068473370,0.05121225,0.04164654,-0.99781907,-0.96914023,-0.23916614,-0.059722573,-0.24113175,0.97008514,0.028113067
1356068473409,0.09866619,0.029136717,-0.994694,-0.96174467,-0.25391352,-0.102835566,-0.25556254,0.96678805,0.0029693842
1356068473451,0.12867963,0.0167588,-0.9915446,-0.9582895,-0.255193,-0.1286771,-0.25519168,0.9667449,-0.01677838
1356068473498,0.13496125,0.006326258,-0.99083066,-0.960346,-0.24538201,-0.13237566,-0.24396941,0.96940583,-0.027041703
1356068473539,0.11210126,-0.0029844344,-0.9936924,-0.9664892,-0.23272884,-0.10833347,-0.23093751,0.97253716,-0.028973669
1356068473578,0.06491673,-0.010295093,-0.99783766,-0.9739345,-0.21844351,-0.061107844,-0.21734205,0.97579527,-0.024207383
1356068473619,-0.008632481,-0.017486423,-0.99980986,-0.9792861,-0.2021265,0.011990428,-0.20229769,0.97920334,-0.015379399
1356068473659,-0.10808647,-0.026505291,-0.99378806,-0.9768707,-0.18269104,0.11111906,-0.18450147,0.982813,-0.0061457753
1356068473698,-0.22774893,-0.041249335,-0.9728458,-0.95941573,-0.16111732,0.23143634,-0.16628885,0.9860729,-0.0028809905
1356068473741,-0.33363008,-0.069146484,-0.9401648,-0.92996895,-0.13923478,0.34025225,-0.15443087,0.9878423,-0.017851233
1356068473788,-0.3805521,-0.12727416,-0.91595936,-0.9101703,-0.123695254,0.39533463,-0.16361573,0.9841244,-0.06876868
1356068473828,-0.37163705,-0.20430484,-0.9056188,-0.9085485,-0.12050122,0.40002403,-0.19085503,0.97146225,-0.14083815
1356068473868,-0.30805612,-0.28261396,-0.90842223,-0.92362297,-0.14007795,0.35678968,-0.22808364,0.94895077,-0.21787691
1356068473908,-0.23308355,-0.34067678,-0.91083,-0.9370439,-0.17177755,0.30404148,-0.26004001,0.9243548,-0.27919066
1356068473951,-0.1874013,-0.37001833,-0.909927,-0.9426111,-0.19286186,0.2725592,-0.27634206,0.90878534,-0.31264085
1356068473990,-0.18827683,-0.37326923,-0.90841734,-0.94226944,-0.19214201,0.2742442,-0.276912,0.9076077,-0.3155443
1356068474030,-0.24162763,-0.35445854,-0.9033135,-0.9329723,-0.17108023,0.31669268,-0.2667935,0.91928816,-0.28936225
1356068474068,-0.33301455,-0.31691954,-0.8880671,-0.9088913,-0.14285332,0.39180267,-0.25103328,0.93763256,-0.24047315
1356068474108,-0.43068653,-0.26722553,-0.8620323,-0.872013,-0.12295514,0.47378844,-0.2325997,0.95575756,-0.18006897
1356068474148,-0.5085893,-0.21388361,-0.83402085,-0.83420837,-0.11739302,0.53880906,-0.21315065,0.96977973,-0.11871868
1356068474188,-0.555001,-0.16330653,-0.81566226,-0.80872065,-0.12368661,0.57504135,-0.1947945,0.9787914,-0.06342322
1356068474228,-0.5682345,-0.11843082,-0.81429946,-0.80295956,-0.13655001,0.580181,-0.17990395,0.9835284,-0.017502666
1356068474268,-0.54928434,-0.08027071,-0.8317712,-0.81807667,-0.15132248,0.55484426,-0.17040342,0.98521984,0.017451525
1356068474308,-0.497302,-0.04994166,-0.86613894,-0.8510893,-0.16562808,0.49821126,-0.16833842,0.984923,0.039862335
1356068474348,-0.41091573,-0.02876249,-0.91121936,-0.89449775,-0.18037838,0.40906873,-0.17613015,0.9831766,0.048392355
1356068474388,-0.29541016,-0.016867757,-0.9552216,-0.93528044,-0.19885951,0.2927548,-0.19489306,0.97988284,0.042969048
1356068474428,-0.167131,-0.012293786,-0.9858581,-0.9607427,-0.22256255,0.16564861,-0.22145149,0.974841,0.025385886
1356068474469,-0.04693061,-0.012027353,-0.9988258,-0.96785533,-0.24679708,0.04844731,-0.24709001,0.96899253,-5.838275E-5
1356068474508,0.049591422,-0.013344198,-0.99868035,-0.9638219,-0.26283175,-0.04434848,-0.26189312,0.96474934,-0.025895566
1356068474550,0.11806053,-0.015669197,-0.9928827,-0.95802546,-0.2648493,-0.109735966,-0.26124486,0.96416247,-0.04627973
1356068474588,0.1563921,-0.018828988,-0.98751557,-0.95526564,-0.25698054,-0.14638484,-0.25101602,0.96623313,-0.0581764
1356068474629,0.16524333,-0.022226512,-0.9860024,-0.95768183,-0.24251008,-0.15503049,-0.23566967,0.9698943,-0.061359137
1356068474668,0.14127767,-0.02680841,-0.989607,-0.965453,-0.22482288,-0.13173902,-0.21895453,0.97403085,-0.057644725
1356068474710,0.082844675,-0.03322369,-0.9960084,-0.9759781,-0.20479053,-0.07434744,-0.20150301,0.97824174,-0.04939136
1356068474750,-0.012161076,-0.042443454,-0.99902487,-0.9831384,-0.18179965,0.019691437,-0.18245816,0.98241913,-0.039516896
1356068474788,-0.14217246,-0.05637449,-0.98823524,-0.9763704,-0.15616733,0.14937416,-0.16275093,0.9861206,-0.032839715
1356068474828,-0.27895135,-0.07701364,-0.95721215,-0.9492357,-0.12879759,0.28698936,-0.14538866,0.98867595,-0.037175894
1356068474868,-0.38553214,-0.11144441,-0.91593945,-0.9122018,-0.10324305,0.39652076,-0.13875446,0.9883932,-0.06185621
1356068474909,-0.41776502,-0.16671851,-0.8931279,-0.8957534,-0.08885908,0.4355802,-0.15198174,0.9819924,-0.11221647
1356068474956,-0.35546982,-0.24161002,-0.9029207,-0.9156691,-0.10386366,0.38828135,-0.18759334,0.9647989,-0.18431443
1356068474990,-0.24430722,-0.31083205,-0.9185301,-0.94201875,-0.14862686,0.3008502,-0.23003212,0.9387724,-0.25649905
1356068475030,-0.14422578,-0.35517812,-0.9236057,-0.95417166,-0.19740891,0.2249136,-0.26221243,0.9137167,-0.3104294
1356068475070,-0.09434113,-0.37323293,-0.92292845,-0.95676994,-0.2222046,0.1876601,-0.2751199,0.9007343,-0.3361351
1356068475108,-0.10989654,-0.37030822,-0.9223853,-0.95632225,-0.21350688,0.19965616,-0.2708699,0.90403914,-0.3306703
1356068475148,-0.1906982,-0.34867737,-0.91763735,-0.9474342,-0.17927259,0.2650091,-0.25690982,0.9199378,-0.2961619
1356068475188,-0.31229985,-0.3092654,-0.8982336,-0.9192027,-0.14036477,0.36791864,-0.23986489,0.94055974,-0.24044168
1356068475228,-0.43352753,-0.2577967,-0.8634782,-0.87315756,-0.11676097,0.473247,-0.22282204,0.9591182,-0.17447811
1356068475268,-0.525056,-0.20334736,-0.82641757,-0.8256148,-0.11400217,0.5525972,-0.20658264,0.9724471,-0.10802907
1356068475308,-0.5794351,-0.15213025,-0.8006942,-0.7921386,-0.1260258,0.59718835,-0.19175854,0.9802927,-0.047484398
1356068475348,-0.60015607,-0.10645422,-0.7927674,-0.77953446,-0.14428884,0.6095135,-0.1792728,0.9837928,0.0036111474
1356068475388,-0.59102577,-0.06740686,-0.80383146,-0.7884177,-0.16241395,0.59331214,-0.17054674,0.9844177,0.042846024
1356068475428,-0.5524063,-0.036664933,-0.8327682,-0.8164408,-0.1777184,0.5494002,-0.16814193,0.9833981,0.06823802
1356068475468,-0.48457843,-0.015906662,-0.87460303,-0.8570528,-0.19145352,0.4783366,-0.17505464,0.9813727,0.0791415
1356068475508,-0.39176804,-0.0057985485,-0.92004573,-0.89965236,-0.20705187,0.38438922,-0.19272614,0.9783128,0.07589966
1356068475548,-0.28720582,-0.004031837,-0.95786035,-0.93313766,-0.22458881,0.2807383,-0.21625659,0.9744453,0.060741007
1356068475588,-0.18724847,-0.0076287985,-0.982283,-0.9536511,-0.23838085,0.18364179,-0.23555836,0.9711418,0.037361175
1356068475628,-0.10388696,-0.014007807,-0.9944905,-0.96480536,-0.24144506,0.10418683,-0.2415742,0.9703134,0.011568159
1356068475668,-0.043760955,-0.021555752,-0.9988094,-0.9714693,-0.23234427,0.0475775,-0.2330932,0.9723947,-0.010773152
1356068475708,-0.010805905,-0.02929166,-0.99951255,-0.97632504,-0.21564955,0.016875058,-0.21603873,0.9760314,-0.026267886
1356068475748,-0.008481741,-0.03633836,-0.9993035,-0.980422,-0.19629997,0.015459657,-0.19672507,0.97987026,-0.033961922
1356068475788,-0.04080957,-0.042586267,-0.99825907,-0.98297507,-0.17742503,0.04775378,-0.17914978,0.9832125,-0.034620672
1356068475828,-0.10884786,-0.048167557,-0.99289083,-0.980446,-0.15952867,0.11522272,-0.16394451,0.9860176,-0.02986142
1356068475868,-0.2100932,-0.053923726,-0.97619313,-0.9660692,-0.1419825,0.21575731,-0.15023679,0.9883993,-0.02226448
1356068475908,-0.33226275,-0.06195119,-0.94115007,-0.9330902,-0.124022424,0.3375811,-0.13763726,0.99034363,-0.016598046
1356068475951,-0.4476304,-0.078300655,-0.8907839,-0.8848459,-0.10506612,0.45388186,-0.12913048,0.99137783,-0.022253215
1356068475990,-0.5270182,-0.11147508,-0.84251124,-0.8396603,-0.08478594,0.5364531,-0.13123423,0.9901438,-0.048917532
1356068476030,-0.5406414,-0.17160183,-0.82356524,-0.8274675,-0.06802726,0.55737764,-0.15167192,0.98281485,-0.10521662
1356068476087,-0.49001783,-0.25422943,-0.8338164,-0.85095,-0.06801444,0.5208245,-0.1891205,0.9647494,-0.1830082
1356068476109,-0.40344393,-0.3359386,-0.85110414,-0.88516366,-0.09232044,0.45602873,-0.23177198,0.9373485,-0.26011455
1356068476149,-0.3268571,-0.3929576,-0.85950494,-0.9072952,-0.124094725,0.40176594,-0.26453707,0.91114473,-0.31596732
1356068476186,-0.29120886,-0.4187253,-0.8601549,-0.9149651,-0.14064342,0.3782306,-0.27934986,0.8971559,-0.34216243
1356068476228,-0.30995953,-0.41486824,-0.8554586,-0.90964496,-0.13230073,0.3937543,-0.276534,0.9002115,-0.33637488
1356068476268,-0.37515628,-0.3848931,-0.84327644,-0.8891337,-0.10781467,0.44476664,-0.26210517,0.9166424,-0.30177402
1356068476308,-0.4629206,-0.33530775,-0.8205322,-0.8526423,-0.084587514,0.5156026,-0.24229237,0.9383036,-0.24674022
1356068476348,-0.545914,-0.2763805,-0.79094356,-0.80812895,-0.07547712,0.5841496,-0.22114569,0.9580798,-0.18214709
1356068476388,-0.6082031,-0.21766874,-0.76335394,-0.76798606,-0.08180618,0.63522065,-0.2007147,0.9725883,-0.11741179
1356068476428,-0.6465537,-0.16429973,-0.7449657,-0.7408238,-0.09783524,0.66453624,-0.182067,0.98154664,-0.058461428
1356068476468,-0.66344476,-0.117996395,-0.7388625,-0.7295553,-0.117201746,0.6738047,-0.1661025,0.9860733,-0.008328021
1356068476508,-0.6615916,-0.07988319,-0.7455971,-0.7338096,-0.13567841,0.66566867,-0.1543372,0.9875272,0.031144679
1356068476548,-0.6404407,-0.052196145,-0.7662318,-0.7532906,-0.15168518,0.63995695,-0.14962932,0.9870497,0.05782658
1356068476588,-0.59945315,-0.037641585,-0.7995243,-0.7851717,-0.166331,0.5965228,-0.1554397,0.9853513,0.0701524
1356068476628,-0.53999513,-0.037099272,-0.8408501,-0.82361305,-0.1825251,0.5369786,-0.17339778,0.98250103,0.06800723
1356068476668,-0.46921504,-0.048097968,-0.8817731,-0.860049,-0.20168501,0.46865636,-0.20038188,0.9782687,0.05326706
1356068476708,-0.40078247,-0.06474894,-0.9138824,-0.88753885,-0.21999657,0.4048164,-0.22726241,0.97334945,0.030703545
1356068476749,-0.34794408,-0.08141112,-0.9339738,-0.9051626,-0.23028082,0.3572834,-0.24416313,0.9697128,0.00643456
1356068476789,-0.3194096,-0.094614655,-0.9428816,-0.9147959,-0.22881323,0.3328559,-0.24723688,0.96886146,-0.0134679675
1356068476828,-0.31687266,-0.103651404,-0.9427874,-0.9175551,-0.2182082,0.3323821,-0.24017581,0.9703822,-0.025961697
1356068476870,-0.33921117,-0.107753515,-0.9345186,-0.9129479,-0.20185465,0.35465604,-0.22685239,0.97347003,-0.029901981
1356068476908,-0.38355482,-0.10882923,-0.9170834,-0.898841,-0.18403333,0.39776433,-0.21206227,0.9768766,-0.027233303
1356068476958,-0.44188124,-0.10497981,-0.8909098,-0.87551445,-0.16595155,0.4538001,-0.19548774,0.98053014,-0.018580437
1356068476991,-0.5089657,-0.09788054,-0.85520375,-0.84237283,-0.14776278,0.5182414,-0.17709306,0.98416746,-0.0072457194
1356068477032,-0.5733873,-0.08909449,-0.8144256,-0.80416286,-0.1289041,0.5802635,-0.15668109,0.9876466,0.002265513
1356068477069,-0.624342,-0.086010695,-0.7764015,-0.7686919,-0.109161615,0.6302354,-0.13896018,0.99029595,0.0020384192
1356068477110,-0.6473724,-0.10280317,-0.75520885,-0.7505016,-0.08676475,0.6551482,-0.13287684,0.99091035,-0.020984769
1356068477150,-0.6344647,-0.15072414,-0.758114,-0.7590829,-0.06346375,0.64789313,-0.14576587,0.9865367,-0.07414663
1356068477190,-0.5825654,-0.22804937,-0.78013533,-0.79335964,-0.049036622,0.60677505,-0.17662984,0.972414,-0.15235817
1356068477230,-0.50145024,-0.31349173,-0.8063936,-0.83816266,-0.05510807,0.54262924,-0.21454862,0.94799054,-0.2351231
1356068477270,-0.41452986,-0.37936673,-0.82719153,-0.87631595,-0.078737974,0.47525838,-0.24542862,0.92189,-0.29980594
1356068477310,-0.34310424,-0.4111448,-0.84453505,-0.9023686,-0.10535395,0.4178894,-0.26078814,0.90546155,-0.33485675
1356068477348,-0.29635262,-0.40807313,-0.8635111,-0.9187282,-0.12526017,0.37449756,-0.26098594,0.90431535,-0.3377871
1356068477388,-0.27318513,-0.3756952,-0.8855636,-0.92835295,-0.13824499,0.34503475,-0.25205263,0.9163741,-0.3110113
1356068477428,-0.26622552,-0.32300174,-0.90818155,-0.9335642,-0.14815134,0.32635733,-0.23996231,0.9347304,-0.26210117
1356068477468,-0.26689684,-0.26000863,-0.92798793,-0.93666285,-0.15660363,0.31326988,-0.22677913,0.95282257,-0.20174342
1356068477508,-0.26905966,-0.19478005,-0.943222,-0.9396133,-0.16197854,0.30147964,-0.21150392,0.96737987,-0.13943607
1356068477548,-0.2680475,-0.13345188,-0.954118,-0.943716,-0.16283,0.28790012,-0.19377986,0.97758734,-0.08229452
1356068477588,-0.26082325,-0.08038369,-0.9620341,-0.9492532,-0.16006935,0.27073282,-0.17575464,0.9838274,-0.03455472
1356068477628,-0.24539995,-0.038864046,-0.9686426,-0.95584404,-0.15694755,0.24845454,-0.16168201,0.9868419,0.0013669133
1356068477668,-0.22110665,-0.011060953,-0.9751869,-0.9625723,-0.15822935,0.22004119,-0.15673703,0.98734045,0.024338603
1356068477708,-0.18922532,0.003002435,-0.98192906,-0.9679638,-0.16865146,0.18601844,-0.16504523,0.98567116,0.034819335
1356068477748,-0.152147,0.004751712,-0.9883464,-0.97034717,-0.19075185,0.14845908,-0.18782347,0.98162675,0.033633143
1356068477788,-0.113185406,-0.0021889508,-0.9935714,-0.9692925,-0.21948212,0.110903144,-0.2183139,0.9756141,0.022720426
1356068477828,-0.076209545,-0.013654381,-0.99699837,-0.966666,-0.24411464,0.07723412,-0.24443644,0.96965027,0.0054045916
1356068477868,-0.044593215,-0.025573283,-0.99867797,-0.9656459,-0.25507432,0.049649954,-0.25600675,0.96658325,-0.013320178
1356068477908,-0.0207991,-0.035256714,-0.99916184,-0.96757865,-0.25089997,0.028995007,-0.25171193,0.96737075,-0.02889517
1356068477952,-0.006759405,-0.04144171,-0.9991181,-0.9716139,-0.23600602,0.016362488,-0.23647597,0.9708675,-0.038670093
1356068477990,-0.004562795,-0.0445275,-0.9989977,-0.97579336,-0.21823382,0.014183998,-0.21864665,0.9748801,-0.042453855
1356068478030,-0.014744997,-0.044467628,-0.99890196,-0.97968215,-0.19919491,0.023328722,-0.20001361,0.97895044,-0.040626973
1356068478070,-0.039662182,-0.042701423,-0.99830025,-0.98269635,-0.17923743,0.04670903,-0.18092734,0.9828787,-0.034853578
1356068478109,-0.07869834,-0.040784925,-0.9960638,-0.98374176,-0.15861672,0.084219545,-0.16142723,0.9864975,-0.027638942
1356068478148,-0.1275016,-0.042315304,-0.9909352,-0.9814969,-0.138515,0.13220212,-0.14285359,0.9894558,-0.023871422
1356068478188,-0.17625326,-0.055616856,-0.9827724,-0.9756491,-0.122544944,0.18191075,-0.13055116,0.9909034,-0.032663584
1356068478228,-0.20726514,-0.09210649,-0.9739392,-0.9691576,-0.11634368,0.21725029,-0.13332185,0.988929,-0.06515175
1356068478268,-0.20481277,-0.15623116,-0.9662523,-0.9661845,-0.12572128,0.22512597,-0.15665019,0.9796867,-0.12519878
1356068478308,-0.16859812,-0.23433447,-0.9574246,-0.9661635,-0.15306765,0.2076011,-0.19519883,0.96002996,-0.20059848
1356068478348,-0.117922306,-0.30135494,-0.94619215,-0.96511024,-0.18954712,0.18064931,-0.23378754,0.93448234,-0.26848894
1356068478389,-0.0756664,-0.34151927,-0.93682396,-0.9629307,-0.21893147,0.15758657,-0.25891912,0.91402054,-0.3122936
1356068478428,-0.056369185,-0.35217378,-0.9342356,-0.96204245,-0.23109066,0.14515993,-0.26701462,0.9069568,-0.3257798
1356068478468,-0.065817624,-0.33648983,-0.9393842,-0.9626086,-0.22651306,0.14858234,-0.26277924,0.91403854,-0.30899942
1356068478508,-0.10098106,-0.30032602,-0.9484762,-0.96227276,-0.21262115,0.16977444,-0.25265375,0.92983687,-0.26752484
1356068478548,-0.15122414,-0.2516041,-0.95594275,-0.95882046,-0.19785643,0.20375517,-0.24040508,0.9473902,-0.21132255
1356068478588,-0.2039172,-0.19818386,-0.9587184,-0.9522886,-0.18699396,0.2412045,-0.22707736,0.9621624,-0.15059692
1356068478628,-0.249448,-0.14572036,-0.9573616,-0.9446944,-0.18073285,0.27365687,-0.21290407,0.97267735,-0.092577755
1356068478668,-0.28232247,-0.09755266,-0.95434666,-0.93857455,-0.1776771,0.2958187,-0.19842342,0.9792417,-0.041398168
1356068478708,-0.2979771,-0.057183832,-0.9528587,-0.9363502,-0.17660344,0.3034131,-0.18562844,0.9826196,-9.202957E-4
1356068478748,-0.29431933,-0.028293967,-0.9552883,-0.93892545,-0.17793405,0.2945481,-0.17831221,0.9836356,0.025803506
1356068478788,-0.27155387,-0.012817532,-0.9623379,-0.9452263,-0.18462664,0.26918435,-0.18112344,0.98272514,0.03802055
1356068478828,-0.23437887,-0.009909898,-0.9720949,-0.9521791,-0.19928002,0.23160857,-0.19601429,0.97989255,0.037270963
1356068478868,-0.19004965,-0.015999138,-0.98164415,-0.9572526,-0.21905524,0.18889755,-0.21805644,0.97558135,0.026316106
1356068478908,-0.14670455,-0.026135385,-0.9888351,-0.960608,-0.23476416,0.14872164,-0.2360299,0.97170097,0.009335101
1356068478951,-0.11106807,-0.03600806,-0.99316025,-0.96439415,-0.2374469,0.116459966,-0.24001631,0.9707329,-0.008353174
1356068478995,-0.08797109,-0.042608827,-0.9952113,-0.9692873,-0.22668016,0.0953846,-0.2296589,0.97303677,-0.021358848
1356068479028,-0.07931423,-0.04547462,-0.9958118,-0.9741328,-0.20851189,0.08710942,-0.21159992,0.976962,-0.027760327
1356068479068,-0.08580643,-0.044842064,-0.99530226,-0.97775954,-0.18809652,0.09276846,-0.19137281,0.9811264,-0.027704895
1356068479109,-0.10873777,-0.041982144,-0.99318355,-0.97899425,-0.16882229,0.11432049,-0.17247099,0.98475194,-0.022742927
1356068479146,-0.14789593,-0.038255513,-0.9882628,-0.9767309,-0.15127736,0.15202612,-0.15531757,0.9877508,-0.014992058
1356068479188,-0.2011115,-0.03485796,-0.9789479,-0.969684,-0.13452655,0.2039986,-0.13880548,0.9902967,-0.0067464113
1356068479228,-0.2641428,-0.034980386,-0.96384907,-0.9566008,-0.11800456,0.26643914,-0.12305871,0.9923968,-0.0022922158
1356068479268,-0.3247257,-0.0458211,-0.9446976,-0.93912673,-0.10289335,0.32780153,-0.11222339,0.9936364,-0.009619653
1356068479308,-0.3642103,-0.07888833,-0.9279695,-0.92416906,-0.092597485,0.37059057,-0.11516291,0.9925736,-0.039181173
1356068479348,-0.3652892,-0.14124367,-0.9201163,-0.9205086,-0.09242666,0.379633,-0.13866398,0.98565084,-0.096253514
1356068479388,-0.32437682,-0.22345066,-0.9191569,-0.9289367,-0.10809666,0.3541069,-0.17848322,0.9687027,-0.17250746
1356068479428,-0.25873595,-0.300475,-0.9180254,-0.9404936,-0.1383779,0.31036025,-0.22028995,0.9436982,-0.24679142
1356068479468,-0.19537657,-0.35092917,-0.91579294,-0.9480345,-0.1715157,0.26797935,-0.25111464,0.9205601,-0.29918283
1356068479508,-0.15387666,-0.36841244,-0.9168393,-0.95145935,-0.19506073,0.2380681,-0.26654655,0.90896845,-0.3205142
1356068479548,-0.1423378,-0.35574988,-0.9236785,-0.952602,-0.20424795,0.22545993,-0.2688668,0.91198945,-0.30981588
1356068479588,-0.15948808,-0.3191323,-0.93419385,-0.95172465,-0.20169759,0.23138335,-0.26226652,0.9259982,-0.2715577
