1356068716820,-0.041880727,-0.09465596,0.9946287,0.84449184,0.52864003,0.08586809,-0.53392845,0.843552,0.05779636
1356068716858,-0.41931856,-0.20484796,-0.884426,-0.73423135,-0.49643713,0.46309236,-0.5339254,0.8435565,0.057759464
1356068716900,-0.41898113,-0.20476773,-0.8846044,-0.7344415,-0.49642605,0.46277088,-0.53390115,0.84358245,0.05760321
1356068716938,-0.41860306,-0.20462072,-0.8848174,-0.73471636,-0.49638093,0.46238282,-0.5338196,0.84364474,0.057448387
1356068716977,-0.41918647,-0.20455647,-0.88455606,-0.73450714,-0.4962631,0.4628415,-0.5336497,0.8437296,0.057778537
1356068717020,-0.42255455,-0.20523092,-0.8827955,-0.732808,-0.49579626,0.46602416,-0.5333293,0.84384024,0.05910611
1356068717058,-0.42760986,-0.20566678,-0.8802562,-0.7303187,-0.49525416,0.4704867,-0.532714,0.8440524,0.061573327
1356068717098,-0.4354651,-0.20679754,-0.8761307,-0.72644496,-0.49406195,0.4776824,-0.5316464,0.84447473,0.06491971
1356068717138,-0.44613898,-0.20861629,-0.8703099,-0.72124135,-0.49194837,0.48764506,-0.5298782,0.845261,0.06901464
1356068717180,-0.45857966,-0.21087334,-0.8632711,-0.71538126,-0.48870552,0.4993962,-0.52719474,0.846581,0.07325554
1356068717219,-0.47031903,-0.213079,-0.8563863,-0.7104895,-0.48417765,0.5106631,-0.52345467,0.848628,0.07632747
1356068717258,-0.47813642,-0.21475437,-0.8516255,-0.70827067,-0.47910708,0.5184678,-0.5193631,0.8510798,0.07697436
1356068717300,-0.48073554,-0.21582371,-0.84989023,-0.70914376,-0.4743998,0.52159363,-0.51576006,0.85344297,0.07501081
1356068717338,-0.48045266,-0.21697983,-0.8497559,-0.7108675,-0.4711175,0.5222219,-0.5136465,0.85496676,0.072105765
1356068717378,-0.48090154,-0.2191001,-0.84895754,-0.7104003,-0.4701295,0.5237459,-0.51387274,0.85496986,0.07043713
1356068717419,-0.48286676,-0.22247456,-0.8469621,-0.7060383,-0.47324193,0.526832,-0.5180247,0.8523773,0.07143727
1356068717458,-0.48433685,-0.22698946,-0.84492224,-0.69843084,-0.48129964,0.529665,-0.52688915,0.84665596,0.07457474
1356068717498,-0.48088205,-0.23138574,-0.8457027,-0.68942237,-0.49614644,0.5277647,-0.5417096,0.83683896,0.07906541
1356068717538,-0.4720888,-0.23524868,-0.8495823,-0.68000257,-0.51613045,0.52077425,-0.5610068,0.8235699,0.08368972
1356068717578,-0.45962274,-0.23804744,-0.85561687,-0.6710933,-0.5379303,0.51016146,-0.5817049,0.8086806,0.08749303
1356068717618,-0.44562495,-0.23925292,-0.8626566,-0.663886,-0.5581311,0.49773997,-0.60056126,0.794511,0.08988047
1356068717658,-0.43112385,-0.23824038,-0.87027216,-0.6598067,-0.5746555,0.48417565,-0.61545694,0.7829511,0.09055513
1356068717698,-0.4161502,-0.2343698,-0.8785725,-0.6599141,-0.5868773,0.4691357,-0.6255656,0.7750134,0.08956525
1356068717748,-0.40072966,-0.22723117,-0.8875707,-0.6643803,-0.59500515,0.4522915,-0.6308839,0.7709311,0.0874683
1356068717780,-0.38525224,-0.21678786,-0.89698595,-0.67244345,-0.59972864,0.43375733,-0.63198143,0.77027833,0.08526915
1356068717819,-0.3699841,-0.20348626,-0.90647954,-0.68251026,-0.6024478,0.4138072,-0.6303107,0.77178365,0.084014654
1356068717877,-0.35514855,-0.18843538,-0.9156209,-0.69233567,-0.6051148,0.3930743,-0.62812495,0.7735168,0.08444512
1356068717898,-0.3413837,-0.17330152,-0.9238093,-0.699437,-0.60972923,0.3728512,-0.6278893,0.77343184,0.08693817
1356068717939,-0.32995898,-0.16015902,-0.9303098,-0.70164275,-0.6176846,0.3551947,-0.63152564,0.7699448,0.09143609
1356068717976,-0.32091177,-0.15060252,-0.9350586,-0.6990985,-0.6283978,0.3411414,-0.6389655,0.76317436,0.09637424
1356068718018,-0.3123492,-0.14517611,-0.93880874,-0.6942047,-0.63972634,0.32989392,-0.64847344,0.75476754,0.09903613
1356068718058,-0.30392432,-0.14439759,-0.94168967,-0.69056714,-0.6475516,0.3221709,-0.65631324,0.7482155,0.09709039
1356068718098,-0.29695916,-0.14845997,-0.9432788,-0.69113594,-0.6482174,0.3196017,-0.65889776,0.74684256,0.089888155
1356068718138,-0.29422933,-0.15784326,-0.94261056,-0.6968322,-0.6395728,0.32460988,-0.6541056,0.75235105,0.0781908
1356068718178,-0.29825646,-0.17282009,-0.9387099,-0.7063806,-0.6214553,0.3388507,-0.64192647,0.76415086,0.06327626
1356068718218,-0.3119508,-0.1936211,-0.9301599,-0.71629846,-0.59525025,0.36413407,-0.624182,0.7798641,0.046998292
1356068718258,-0.33811206,-0.22003174,-0.9150225,-0.7221265,-0.56283754,0.4021779,-0.60350096,0.79674315,0.03141153
1356068718298,-0.37796092,-0.25106323,-0.8911301,-0.7198307,-0.525622,0.45339304,-0.58222795,0.81282765,0.017941594
1356068718338,-0.4297747,-0.28487635,-0.8568193,-0.7068389,-0.48431808,0.51557225,-0.5618473,0.8272131,0.006785959
1356068718378,-0.48782605,-0.3192268,-0.8124776,-0.68313867,-0.4398337,0.5829817,-0.54345846,0.83942866,-0.003513813
1356068718418,-0.5414186,-0.35270905,-0.76319206,-0.65337336,-0.3947717,0.6459555,-0.52912104,0.8483817,-0.016713917
1356068718458,-0.5756351,-0.38647595,-0.7206113,-0.62868005,-0.35434806,0.69224185,-0.52288204,0.8515126,-0.03899455
1356068718498,-0.57341325,-0.42419586,-0.700896,-0.6246995,-0.32710934,0.7090487,-0.53004515,0.8444273,-0.077426076
1356068718538,-0.5194619,-0.4677695,-0.7150881,-0.6507175,-0.3258459,0.68585074,-0.5538286,0.82159364,-0.13512123
1356068718578,-0.408341,-0.509816,-0.7571958,-0.6953189,-0.36372614,0.6198669,-0.5914299,0.7796095,-0.20596045
1356068718618,-0.270698,-0.53532565,-0.8000931,-0.72718966,-0.4309017,0.53433967,-0.6308072,0.72646415,-0.27263904
1356068718658,-0.15846825,-0.54132646,-0.8257442,-0.7344715,-0.49429834,0.46499538,-0.6598783,0.68017256,-0.3192582
1356068718698,-0.106217146,-0.5386187,-0.83582765,-0.73082745,-0.5276969,0.4329287,-0.6742472,0.6568302,-0.3375869
1356068718747,-0.12359607,-0.5370742,-0.8344312,-0.72559404,-0.5247037,0.4451959,-0.67693233,0.66048276,-0.32484657
1356068718780,-0.19878459,-0.5374105,-0.81955755,-0.712993,-0.49444264,0.4971593,-0.67240286,0.68316644,-0.28488237
1356068718819,-0.30943656,-0.53470504,-0.7863457,-0.6825701,-0.4508558,0.57517576,-0.6620779,0.71471643,-0.22546238
1356068718859,-0.42538315,-0.52391005,-0.7379481,-0.63382196,-0.40957367,0.65613955,-0.64600223,0.7468385,-0.15783995
1356068718899,-0.5237304,-0.50470483,-0.6862796,-0.5784384,-0.3807267,0.72142655,-0.6253924,0.77480346,-0.09254253
1356068718939,-0.5962415,-0.47980648,-0.64364725,-0.5301997,-0.36667335,0.764486,-0.60281366,0.79707986,-0.035767436
1356068718979,-0.64301527,-0.45166427,-0.6184908,-0.49860638,-0.36609656,0.7857259,-0.5813116,0.81361717,0.010202944
1356068719008,-0.6672538,-0.42162782,-0.6140052,-0.48709875,-0.37662548,0.7879645,-0.56347775,0.8248535,0.045930386
1356068719048,-0.672777,-0.39387226,-0.6262872,-0.4919386,-0.39411795,0.7763166,-0.5526006,0.8303829,0.071392596
1356068719088,-0.6509249,-0.3635736,-0.66641647,-0.52101743,-0.42450178,0.74049926,-0.552121,0.829224,0.08689058
1356068719128,-0.59934694,-0.33018044,-0.7292216,-0.56768286,-0.46695077,0.67800665,-0.56437516,0.8203279,0.09242779
1356068719168,-0.5221443,-0.29294372,-0.80096775,-0.61865866,-0.5163542,0.5921485,-0.5870492,0.8047126,0.088379234
1356068719208,-0.43367398,-0.25372738,-0.86460924,-0.66120523,-0.562267,0.49665213,-0.61215556,0.7870693,0.07607478
1356068719248,-0.35243142,-0.21719119,-0.9102857,-0.69222414,-0.59407896,0.40975076,-0.6297759,0.7745308,0.059027165
1356068719288,-0.29123014,-0.18833345,-0.9379316,-0.7160047,-0.6073043,0.34426585,-0.63444656,0.771824,0.04201758
1356068719328,-0.25530213,-0.17067403,-0.95167804,-0.7356859,-0.6043867,0.3057497,-0.6273651,0.7781947,0.028738797
1356068719368,-0.24651808,-0.16629562,-0.9547642,-0.7503656,-0.5907287,0.29663274,-0.6133353,0.78954756,0.02084279
1356068719408,-0.26630634,-0.17631325,-0.94762576,-0.7569258,-0.570437,0.3188492,-0.59677815,0.802194,0.01845494
1356068719448,-0.31516492,-0.20080307,-0.92755,-0.7514074,-0.5442072,0.37312898,-0.57970494,0.8145652,0.02063024
1356068719488,-0.39047664,-0.2381581,-0.8892743,-0.72913396,-0.5097223,0.45666933,-0.5620424,0.8267188,0.02538547
1356068719528,-0.48320472,-0.28409487,-0.8281324,-0.68665624,-0.46384346,0.5597789,-0.5431541,0.83913016,0.029055834
1356068719568,-0.57509714,-0.33216876,-0.74761426,-0.62803453,-0.4063605,0.66365933,-0.5242479,0.85119617,0.025083363
1356068719608,-0.64093167,-0.37842184,-0.6678349,-0.57261133,-0.3437044,0.74430066,-0.51119745,0.85945576,0.0036023855
1356068719648,-0.656678,-0.426542,-0.6219613,-0.5521418,-0.2898546,0.78174406,-0.513725,0.856765,-0.045170546
1356068719688,-0.60456717,-0.48182535,-0.63430506,-0.58832633,-0.26673943,0.7633624,-0.53700155,0.8346822,-0.122208655
1356068719749,-0.47713584,-0.5354833,-0.6968494,-0.6649484,-0.29848015,0.6846556,-0.5746173,0.7900426,-0.21365327
1356068719770,-0.31498384,-0.5648114,-0.7627406,-0.7271567,-0.3728537,0.57638806,-0.60994124,0.7361849,-0.2932635
1356068719809,-0.18619084,-0.5671438,-0.80229723,-0.7516397,-0.443662,0.48805925,-0.6327486,0.69391066,-0.343682
1356068719849,-0.13186902,-0.5590176,-0.8186024,-0.7549272,-0.47855216,0.44841132,-0.6424138,0.6771168,-0.3589114
1356068719879,-0.123809814,-0.54716325,-0.82781845,-0.75377524,-0.49070174,0.43707496,-0.6453634,0.67810327,-0.35168436
1356068719919,-0.207681,-0.54519916,-0.81217396,-0.7399529,-0.45548815,0.49497503,-0.63979554,0.70376736,-0.3088255
1356068719949,-0.30045927,-0.53398144,-0.79030883,-0.71657777,-0.42047173,0.5565249,-0.6294764,0.73353076,-0.25630468
1356068719979,-0.39797527,-0.5175579,-0.75746256,-0.6811771,-0.38634878,0.6218782,-0.6145027,0.7634582,-0.19879138
1356068720009,-0.48774064,-0.49514684,-0.7189844,-0.638124,-0.35981613,0.6806835,-0.5957405,0.7907983,-0.14046818
1356068720049,-0.5728167,-0.467166,-0.67352575,-0.5864491,-0.3405043,0.73493826,-0.5726766,0.8159735,-0.07892251
1356068720088,-0.63032186,-0.4326528,-0.6445975,-0.54733384,-0.34118134,0.76421267,-0.5505634,0.8345099,-0.021751463
1356068720128,-0.65876454,-0.39607158,-0.63965344,-0.5298546,-0.35934997,0.7681937,-0.53411925,0.84498215,0.026866734
1356068720168,-0.6594535,-0.35929674,-0.6603234,-0.5363954,-0.3905211,0.74818,-0.5266888,0.8475843,0.06480533
1356068720208,-0.6317047,-0.32219326,-0.7050821,-0.5648755,-0.43159246,0.7033091,-0.5309096,0.84256727,0.09063995
1356068720248,-0.57475364,-0.28379983,-0.7675388,-0.6075818,-0.48031163,0.6325702,-0.5481812,0.8299146,0.10362923
1356068720288,-0.4930759,-0.24404725,-0.83505523,-0.6514641,-0.53258634,0.54032063,-0.5766027,0.81042755,0.10361737
1356068720328,-0.3999312,-0.20529579,-0.8932574,-0.68507695,-0.58047545,0.4401339,-0.6088716,0.7879733,0.09150681
1356068720370,-0.31150836,-0.17183614,-0.9345774,-0.7073248,-0.61483663,0.34880877,-0.6345504,0.7697066,0.06998277
1356068720408,-0.2443834,-0.14822832,-0.9582824,-0.7227378,-0.6310083,0.28191942,-0.64647263,0.7614834,0.047077745
1356068720448,-0.20268834,-0.13651434,-0.969681,-0.73757565,-0.63007414,0.24287584,-0.644127,0.76444125,0.027019024
1356068720489,-0.18972808,-0.13914314,-0.9719272,-0.7502639,-0.6179901,0.23493043,-0.6333303,0.77377486,0.012855977
1356068720528,-0.20743328,-0.15690306,-0.9655842,-0.75703096,-0.5994063,0.26003125,-0.619577,0.7849163,0.005556345
1356068720568,-0.25714797,-0.18980172,-0.94754964,-0.75341034,-0.57467026,0.31957307,-0.60518414,0.7960713,0.004776716
1356068720608,-0.33688343,-0.23590456,-0.9115145,-0.73388547,-0.540696,0.41116905,-0.5898489,0.8074633,0.00902459
1356068720648,-0.43769944,-0.28976685,-0.8511488,-0.693439,-0.4937889,0.5247044,-0.5723298,0.8198827,0.015195578
1356068720688,-0.54057235,-0.34288076,-0.76825404,-0.6343739,-0.4336707,0.6399215,-0.5525861,0.8332842,0.016915798
1356068720746,-0.61914897,-0.38914442,-0.6820712,-0.57500505,-0.36688125,0.7312779,-0.53481185,0.8449643,0.003394127
1356068720770,-0.6509447,-0.4312963,-0.6247035,-0.54607517,-0.30560607,0.7800044,-0.5273262,0.8488748,-0.036587536
1356068720827,-0.6236266,-0.47672993,-0.6195308,-0.569398,-0.26598817,0.77784073,-0.5356078,0.83784175,-0.10557181
1356068720848,-0.53595227,-0.5238061,-0.6621045,-0.63556933,-0.2658801,0.7248168,-0.5557039,0.8092805,-0.19041604
1356068720888,-0.41308248,-0.5580127,-0.7197115,-0.70470595,-0.30472177,0.6407294,-0.5768469,0.77185905,-0.26735967
1356068720926,-0.30674833,-0.57064897,-0.7617514,-0.74636227,-0.35243088,0.56456697,-0.59063435,0.74172246,-0.31780326
1356068720968,-0.25915384,-0.56825155,-0.78097975,-0.7599514,-0.37907243,0.5279943,-0.5960815,0.73033845,-0.3336054
1356068721008,-0.27907073,-0.55762076,-0.7817791,-0.7528938,-0.37827402,0.5385718,-0.59604555,0.7388963,-0.314264
1356068721048,-0.34869063,-0.5390726,-0.76669145,-0.7267292,-0.36105835,0.58438146,-0.5918443,0.7609453,-0.2658621
1356068721088,-0.4348222,-0.5110251,-0.74147356,-0.68655014,-0.34469908,0.6401808,-0.58273375,0.7874236,-0.20096153
1356068721128,-0.5109997,-0.47564363,-0.71599054,-0.64431965,-0.3394001,0.6853173,-0.568974,0.8115237,-0.13303322
1356068721168,-0.56546026,-0.43719083,-0.6993703,-0.6116914,-0.34650213,0.7111751,-0.5532525,0.8299401,-0.07149267
1356068721208,-0.5957922,-0.3991606,-0.6969236,-0.59499955,-0.36347854,0.7168395,-0.5394509,0.84175664,-0.020942688
1356068721248,-0.60398287,-0.36363995,-0.70920426,-0.59447163,-0.38715106,0.7047819,-0.5308561,0.847278,0.017658949
1356068721288,-0.5921536,-0.3319221,-0.73429006,-0.60704607,-0.41552734,0.6773715,-0.5299521,0.8468559,0.04456395
1356068721328,-0.5610319,-0.3051973,-0.76947904,-0.62801784,-0.4486611,0.63584346,-0.53929293,0.83997494,0.060043752
1356068721368,-0.5121088,-0.28379285,-0.81068254,-0.65121937,-0.4871341,0.58190525,-0.5600517,0.82593095,0.06465423
1356068721408,-0.45202446,-0.26701224,-0.85110426,-0.6704606,-0.52763563,0.5216161,-0.5883508,0.8064151,0.059482962
1356068721448,-0.39139557,-0.25399396,-0.88447523,-0.6843716,-0.5621992,0.4642925,-0.6151788,0.78703177,0.04621607
1356068721488,-0.3415441,-0.24421197,-0.9075838,-0.69685054,-0.5821761,0.4188919,-0.6306719,0.7755202,0.028659523
1356068721528,-0.309757,-0.23814104,-0.9205104,-0.71115005,-0.58458745,0.39054197,-0.63112295,0.7755942,0.011726052
1356068721568,-0.29843658,-0.23704422,-0.92452455,-0.72550356,-0.57305425,0.38112128,-0.6201453,0.7844864,-9.560883E-4
1356068721608,-0.3077411,-0.24226283,-0.92011094,-0.73519015,-0.55331796,0.39157957,-0.6039791,0.7969616,-0.007830501
1356068721648,-0.33760768,-0.25440568,-0.90625536,-0.73607033,-0.5287493,0.4226401,-0.5867039,0.80975425,-0.008750647
1356068721688,-0.38707966,-0.27305377,-0.8806878,-0.72521627,-0.49969327,0.4736748,-0.5694125,0.822039,-0.004601866
1356068721750,-0.4522155,-0.2959764,-0.84136736,-0.7011297,-0.46510667,0.5404563,-0.5512879,0.8343103,0.0028105974
1356068721770,-0.5247522,-0.320224,-0.7887279,-0.6650057,-0.42420787,0.61466664,-0.5314156,0.8470562,0.009653211
1356068721809,-0.59070545,-0.34377894,-0.7299884,-0.6246996,-0.37776154,0.6834081,-0.5107028,0.85971636,0.008387208
1356068721850,-0.6320682,-0.36966884,-0.6810542,-0.5965873,-0.32875633,0.7321222,-0.4945436,0.86905944,-0.012743294
1356068721890,-0.6308471,-0.40606967,-0.6611651,-0.60054,-0.28403246,0.74744713,-0.491308,0.86858094,-0.06467998
1356068721929,-0.57606435,-0.45761415,-0.6773029,-0.6432647,-0.25745386,0.72106045,-0.50434166,0.85106224,-0.14605707
1356068721968,-0.47724777,-0.5136336,-0.71303225,-0.70331764,-0.2632125,0.660351,-0.5268575,0.81663924,-0.23563004
1356068722008,-0.3731687,-0.5548042,-0.7435977,-0.7479316,-0.29433542,0.59494966,-0.54894763,0.7781767,-0.30511886
1356068722048,-0.30532843,-0.57289374,-0.76063615,-0.7654519,-0.32749468,0.55392295,-0.56644326,0.7513588,-0.33852923
1356068722088,-0.2889812,-0.57076263,-0.76858306,-0.7617562,-0.34917277,0.5457159,-0.57984257,0.74317455,-0.33387762
1356068722128,-0.3145489,-0.5527214,-0.7717241,-0.74447453,-0.36073595,0.56180716,-0.5889114,0.7512448,-0.29801798
1356068722168,-0.3617491,-0.5224216,-0.7721485,-0.7207022,-0.3686735,0.5870845,-0.5913763,0.76886636,-0.24314308
1356068722208,-0.4133879,-0.48360237,-0.77151746,-0.6971077,-0.3770132,0.60983765,-0.5857912,0.7899302,-0.18127024
1356068722248,-0.45872098,-0.44000867,-0.7719893,-0.6787536,-0.38718647,0.6240034,-0.57347065,0.81023395,-0.1210469
1356068722288,-0.4924209,-0.3949932,-0.7755657,-0.6681328,-0.39951664,0.62768227,-0.55778164,0.8272647,-0.06717759
1356068722328,-0.51226467,-0.3513655,-0.7836627,-0.6655615,-0.41427433,0.6208097,-0.5427824,0.8395946,-0.02163726
1356068722368,-0.51716304,-0.31172663,-0.79710025,-0.6699724,-0.4321106,0.6036699,-0.5326155,0.846231,0.014623463
1356068722408,-0.50525695,-0.27836102,-0.8168417,-0.6801541,-0.45412624,0.5754648,-0.5311363,0.8463358,0.04012209
1356068722448,-0.47612405,-0.25327748,-0.8421142,-0.6932155,-0.48111355,0.5366396,-0.5410713,0.8392737,0.053493828
1356068722488,-0.43178898,-0.23674744,-0.87034976,-0.70533305,-0.5128136,0.48941523,-0.56219506,0.82521063,0.05444157
1356068722528,-0.37846142,-0.22730018,-0.8972745,-0.71346074,-0.54594046,0.4392298,-0.58969545,0.80640167,0.04444763
1356068722568,-0.32653725,-0.22215956,-0.9187048,-0.7181333,-0.57365036,0.3939668,-0.61453885,0.7883973,0.02777803
1356068722608,-0.28652787,-0.21893224,-0.9327221,-0.72295296,-0.5894252,0.36044002,-0.6286819,0.7775903,0.0106090605
1356068722648,-0.2639522,-0.21720093,-0.93976223,-0.7299379,-0.591903,0.34182107,-0.63049185,0.7761924,-0.0023091733
1356068722688,-0.25935924,-0.2182355,-0.9408008,-0.7375205,-0.5841736,0.33882856,-0.6235354,0.78173816,-0.009442389
1356068722748,-0.27218217,-0.22375995,-0.93586767,-0.7425798,-0.56969,0.35217673,-0.61195755,0.7908127,-0.011100113
1356068722769,-0.30228376,-0.23498514,-0.9238,-0.74254024,-0.54964536,0.38278455,-0.5977111,0.8016682,-0.0083370805
1356068722809,-0.34949034,-0.25167066,-0.9025067,-0.73559964,-0.5228931,0.43066925,-0.5803013,0.81439835,-0.0023827255
1356068722849,-0.41222537,-0.27316755,-0.86916614,-0.7193619,-0.4878415,0.49449885,-0.55909634,0.82909,0.004594296
1356068722889,-0.48311222,-0.29773793,-0.82338005,-0.69301295,-0.44470227,0.5674266,-0.5351034,0.8447438,0.008504868
1356068722929,-0.5464834,-0.32578757,-0.77150404,-0.6612681,-0.39742428,0.63622206,-0.51388764,0.85785574,0.0017527938
1356068722969,-0.5806366,-0.36155015,-0.7294811,-0.6383148,-0.3540241,0.68353575,-0.50538635,0.86252445,-0.025223434
1356068723008,-0.56800574,-0.4094762,-0.7139318,-0.64037263,-0.325028,0.69590205,-0.5170032,0.8524588,-0.077599525
1356068723048,-0.5049997,-0.46560466,-0.7267652,-0.6686504,-0.32140416,0.67052674,-0.5457857,0.82456756,-0.14901769
1356068723088,-0.4106353,-0.5153214,-0.7522118,-0.70397687,-0.34511667,0.6207344,-0.5794785,0.7844351,-0.2210573
1356068723128,-0.32270944,-0.545896,-0.7732116,-0.72685343,-0.38032246,0.5718732,-0.606253,0.74656034,-0.27405274
1356068723168,-0.2726513,-0.55676025,-0.78465235,-0.73405176,-0.40683264,0.543742,-0.6219561,0.72422737,-0.29776746
1356068723208,-0.27003032,-0.55331856,-0.7879861,-0.7297159,-0.4163171,0.5423972,-0.62817055,0.7214697,-0.2913471
1356068723248,-0.30649787,-0.5395825,-0.78416187,-0.7161945,-0.4119177,0.5633731,-0.62699634,0.7342851,-0.26019412
1356068723288,-0.3658337,-0.5174556,-0.77356666,-0.6951035,-0.40078944,0.59682393,-0.6188672,0.75604725,-0.21306288
1356068723328,-0.43210262,-0.48861992,-0.75798285,-0.66935956,-0.38948882,0.6326581,-0.6043552,0.7807362,-0.15876335
1356068723368,-0.49526334,-0.45521122,-0.73993033,-0.6418697,-0.38221276,0.6647681,-0.5854208,0.8041742,-0.10289037
1356068723407,-0.54616314,-0.42027277,-0.7246218,-0.6176637,-0.38229328,0.6872725,-0.5658599,0.8229354,-0.050792694
1356068723448,-0.5812871,-0.38695136,-0.71580297,-0.6005449,-0.3895573,0.698277,-0.5490455,0.8357713,-0.0059370995
1356068723488,-0.60002065,-0.357411,-0.7157043,-0.5922456,-0.40296996,0.69775385,-0.5377922,0.84253937,0.030115247
1356068723528,-0.6016885,-0.33295655,-0.72602403,-0.59313315,-0.42252004,0.6853247,-0.5349431,0.8429809,0.0567379
1356068723568,-0.5859279,-0.31448364,-0.7468524,-0.60157526,-0.44869828,0.66089106,-0.54295087,0.83652246,0.07371932
1356068723608,-0.55377555,-0.30170453,-0.7760844,-0.614466,-0.48092556,0.62541354,-0.561929,0.8232162,0.080937654
1356068723648,-0.5090108,-0.29346883,-0.80918735,-0.62803423,-0.5162504,0.58228743,-0.58862644,0.80458784,0.07846856
1356068723688,-0.45712316,-0.28864163,-0.84126365,-0.64043486,-0.549517,0.5365394,-0.61715615,0.7840391,0.066340715
1356068723749,-0.40714335,-0.28606474,-0.8674107,-0.65274465,-0.57314897,0.4954036,-0.63887304,0.7678979,0.046626568
1356068723769,-0.36825013,-0.285438,-0.884826,-0.6677546,-0.5810044,0.46533608,-0.6469124,0.7622067,0.023352414
1356068723827,-0.34638858,-0.28739664,-0.8929827,-0.6866025,-0.57096004,0.4500907,-0.639212,0.7690304,4.4682622E-4
1356068723848,-0.3436979,-0.2934962,-0.8920379,-0.7050294,-0.5468321,0.45156184,-0.6203267,0.7841139,-0.018978357
1356068723889,-0.35968912,-0.30498177,-0.8818218,-0.7170027,-0.51443964,0.47038162,-0.597102,0.8014598,-0.033634335
1356068723926,-0.39276296,-0.3225822,-0.8612073,-0.7176104,-0.47814447,0.5063725,-0.57512826,0.81689566,-0.04369092
1356068723968,-0.43949544,-0.3453799,-0.82919025,-0.7050366,-0.4393422,0.55668813,-0.5565672,0.8292714,-0.05041653
1356068724008,-0.4952054,-0.37240857,-0.78490984,-0.6791299,-0.39750427,0.61706805,-0.54180646,0.83863115,-0.056067526
1356068724048,-0.5509952,-0.40169424,-0.73146844,-0.64382595,-0.35304713,0.6788563,-0.5309355,0.84498495,-0.06409389
1356068724088,-0.59632635,-0.43284437,-0.67604786,-0.6072541,-0.30756116,0.73256314,-0.52501184,0.84737945,-0.07943964
1356068724128,-0.6214021,-0.4675343,-0.6287059,-0.5804529,-0.26425636,0.77022266,-0.52624506,0.8435521,-0.10717219
1356068724168,-0.6191113,-0.5081616,-0.59872603,-0.57292956,-0.22914505,0.78692067,-0.537078,0.8302194,-0.14927447
1356068724209,-0.58698577,-0.5543989,-0.58999115,-0.58668387,-0.21089935,0.7818718,-0.5578976,0.8050859,-0.20146197
1356068724248,-0.5320633,-0.5996983,-0.5977212,-0.6129241,-0.21423846,0.7605432,-0.5841514,0.7710148,-0.25358117
1356068724288,-0.475555,-0.6335465,-0.6103002,-0.63750136,-0.22985667,0.73536247,-0.6061678,0.73877245,-0.29457724
1356068724328,-0.44285822,-0.64981973,-0.61774665,-0.65272653,-0.23868424,0.71901166,-0.6146744,0.7216399,-0.31845134
1356068724368,-0.45138806,-0.648251,-0.6132042,-0.6550823,-0.22587854,0.7210035,-0.60590094,0.7271516,-0.32269883
1356068724409,-0.504306,-0.62975967,-0.5908285,-0.6365857,-0.1911754,0.7471349,-0.5834673,0.7528976,-0.30448508
1356068724448,-0.57985985,-0.599031,-0.5521996,-0.5936761,-0.15349692,0.78992873,-0.55795276,0.7858756,-0.26662368
1356068724488,-0.65705264,-0.56264144,-0.5017134,-0.528343,-0.1310218,0.83886045,-0.53771305,0.8162523,-0.21117944
1356068724528,-0.71344465,-0.53230923,-0.4556792,-0.46040308,-0.13412333,0.87751913,-0.52822876,0.8358575,-0.14938718
1356068724568,-0.74558336,-0.5143726,-0.4237054,-0.40384728,-0.15701324,0.90125144,-0.5301064,0.8430704,-0.090661526
1356068724609,-0.75866115,-0.5086626,-0.40705717,-0.36282763,-0.18905818,0.9124763,-0.5411001,0.839952,-0.041125774
1356068724648,-0.760482,-0.51089424,-0.40081686,-0.33534428,-0.21958405,0.9161479,-0.5560677,0.8311257,-0.004335761
1356068724690,-0.75257355,-0.5191206,-0.40515035,-0.32198927,-0.2465955,0.9140643,-0.5744178,0.8183547,0.018430054
1356068724754,-0.73411864,-0.5326551,-0.42112726,-0.32410288,-0.2701187,0.9066383,-0.59668,0.80206877,0.02566415
1356068724781,-0.71048295,-0.54672825,-0.4430601,-0.33642808,-0.28910065,0.8962349,-0.6180859,0.78581744,0.021466374
1356068724819,-0.6829304,-0.5599569,-0.46909934,-0.35895896,-0.3020438,0.88312966,-0.6362031,0.7715035,0.0052734017
1356068724861,-0.6536327,-0.5707686,-0.49697834,-0.39159667,-0.30686402,0.8674598,-0.6476236,0.76161516,-0.022934735
1356068724900,-0.6260221,-0.57793593,-0.52353257,-0.4315058,-0.3024767,0.84988856,-0.6495375,0.7579564,-0.060025632
1356068724940,-0.6039894,-0.5812455,-0.5452985,-0.47199532,-0.2904417,0.8323846,-0.6421972,0.7601298,-0.09892142
1356068724981,-0.5911487,-0.58162194,-0.55880153,-0.5063873,-0.27161777,0.81841046,-0.6277859,0.7667722,-0.13395947
1356068725020,-0.58994216,-0.5805334,-0.56120354,-0.5289514,-0.24727356,0.811829,-0.61006457,0.7757815,-0.16119689
1356068725060,-0.60128593,-0.57924306,-0.5503932,-0.5360311,-0.21841097,0.81545526,-0.59255874,0.78534967,-0.17916489
1356068725100,-0.62438726,-0.5780542,-0.5253513,-0.52601707,-0.18603599,0.82987756,-0.5774485,0.79450864,-0.18790781
1356068725140,-0.6567785,-0.5766588,-0.48590794,-0.4990736,-0.15065277,0.85336345,-0.56530297,0.80297464,-0.18884963
1356068725181,-0.69504046,-0.5734509,-0.43367353,-0.4575651,-0.11245835,0.88203585,-0.5545745,0.8114846,-0.18422794
1356068725220,-0.73443407,-0.56777287,-0.37180713,-0.4066316,-0.07049185,0.91086864,-0.54337585,0.82016146,-0.17910278
1356068725261,-0.76789296,-0.56029594,-0.310498,-0.3576797,-0.027084172,0.93345153,-0.5314186,0.8278496,-0.17960876
1356068725300,-0.7890267,-0.5567944,-0.25964755,-0.3213862,0.0138937235,0.94684625,-0.5235913,0.8305341,-0.18990856
1356068725341,-0.7890269,-0.56704307,-0.2364291,-0.3152618,0.043404996,0.94801164,-0.52730113,0.82254374,-0.21301472
1356068725379,-0.76412016,-0.59516984,-0.24878362,-0.34429532,0.05014199,0.93752146,-0.54550993,0.80203414,-0.24322867
1356068725419,-0.7173862,-0.63275987,-0.29149973,-0.3961678,0.026339829,0.91780025,-0.5730691,0.7739,-0.26957488
1356068725460,-0.6634125,-0.663193,-0.34649503,-0.44715294,-0.019905925,0.89423597,-0.59994835,0.7481836,-0.2833429
1356068725499,-0.6225366,-0.67559916,-0.39498603,-0.4795936,-0.06948447,0.8747353,-0.61841583,0.7339875,-0.2807564
1356068725539,-0.60698575,-0.6693635,-0.42839333,-0.48916447,-0.11015433,0.86520755,-0.62632775,0.73472345,-0.2605667
1356068725578,-0.6182737,-0.64834625,-0.4442801,-0.47679597,-0.13997853,0.86779696,-0.62482256,0.748367,-0.22258383
1356068725618,-0.6489254,-0.61676985,-0.44552302,-0.44920725,-0.16203666,0.8786108,-0.61409175,0.77028507,-0.17190778
1356068725658,-0.68880904,-0.5782027,-0.43729135,-0.41629815,-0.17835158,0.89156413,-0.5934964,0.79616106,-0.117854536
1356068725698,-0.7286836,-0.53602666,-0.42625776,-0.38733292,-0.19073468,0.90199417,-0.564795,0.822372,-0.06863552
1356068725747,-0.7612975,-0.49382004,-0.4201998,-0.3693644,-0.2023412,0.9069884,-0.5329128,0.8456949,-0.028357685
1356068725780,-0.78162485,-0.45479676,-0.42687517,-0.36763707,-0.21695864,0.9043074,-0.5038904,0.86376435,0.0023801923
1356068725819,-0.78601694,-0.42103243,-0.45266888,-0.38599563,-0.23771513,0.8913467,-0.48289213,0.8753418,0.02433145
1356068725858,-0.7694862,-0.39309222,-0.5033582,-0.42784542,-0.26787585,0.8632443,-0.47417215,0.8796141,0.037944138
1356068725898,-0.7248246,-0.36895084,-0.58181155,-0.4933815,-0.31143057,0.81214887,-0.48083687,0.87572044,0.043698967
1356068725938,-0.6468445,-0.34349585,-0.6808838,-0.5731289,-0.3700428,0.7311577,-0.5031058,0.8631795,0.042492747
1356068725978,-0.5419823,-0.31152165,-0.78051865,-0.6474627,-0.43732017,0.6241338,-0.5357678,0.84362626,0.035321176
1356068726018,-0.43127084,-0.2732538,-0.85984755,-0.7007161,-0.49889457,0.5100011,-0.568333,0.8224576,0.023685366
1356068726058,-0.33587438,-0.23446833,-0.9122571,-0.7334254,-0.54259175,0.40948913,-0.59099543,0.8066094,0.010277659
1356068726098,-0.26531893,-0.20144114,-0.9428824,-0.7541499,-0.56594014,0.333121,-0.60071933,0.7994581,-0.0017621219
1356068726138,-0.22144365,-0.1783587,-0.9587236,-0.76831865,-0.57353115,0.28416282,-0.6005407,0.7995313,-0.0100314915
1356068726178,-0.20514959,-0.16763031,-0.96426845,-0.7773027,-0.57077885,0.26459765,-0.5947387,0.8038106,-0.013204396
1356068726218,-0.2180348,-0.1705099,-0.9609304,-0.7808174,-0.5602073,0.2765718,-0.5854785,0.81061345,-0.010992408
1356068726258,-0.26074272,-0.1873562,-0.9470538,-0.77720547,-0.5411865,0.32104337,-0.57268226,0.8197651,-0.0045038164
1356068726298,-0.32966757,-0.21698034,-0.9188247,-0.7633031,-0.5114842,0.3946545,-0.5555966,0.8314465,0.002998054
1356068726338,-0.4121827,-0.25608945,-0.87437034,-0.73721945,-0.4701659,0.48523337,-0.53536236,0.84460765,0.005000174
1356068726378,-0.4829771,-0.29992256,-0.82266617,-0.7064917,-0.42156577,0.5684644,-0.5173031,0.8557621,-0.008286178
1356068726418,-0.5096834,-0.34481892,-0.7882403,-0.69350755,-0.37755907,0.61359304,-0.5091858,0.85938877,-0.046698928
1356068726458,-0.46654415,-0.3876044,-0.7950468,-0.7194388,-0.35659665,0.59602576,-0.51453316,0.8500598,-0.11248952
1356068726498,-0.34288406,-0.41842157,-0.84104335,-0.7760392,-0.37833434,0.50460505,-0.52933323,0.8257036,-0.19498676
1356068726538,-0.1806894,-0.42521292,-0.88687396,-0.81883806,-0.4344812,0.37514055,-0.5448446,0.79399,-0.26967442
1356068726578,-0.059009254,-0.4166097,-0.9071683,-0.8284047,-0.48663378,0.2773685,-0.5570131,0.7678698,-0.31640556
1356068726618,-0.031056404,-0.4166237,-0.9085484,-0.82302725,-0.50512356,0.25976235,-0.5671523,0.75582737,-0.3272054
1356068726658,-0.10053581,-0.43572766,-0.89444613,-0.8109234,-0.48498273,0.32740623,-0.57645094,0.7582434,-0.30458358
1356068726698,-0.2351824,-0.4632914,-0.85442984,-0.77809,-0.4370709,0.4511596,-0.5824648,0.77092814,-0.2576911
1356068726747,-0.3861397,-0.48226792,-0.7863293,-0.7159597,-0.38080758,0.5851387,-0.58163375,0.7889254,-0.19823956
1356068726780,-0.5154824,-0.485136,-0.70634335,-0.6368679,-0.3345899,0.69458544,-0.57330376,0.807894,-0.13649231
1356068726836,-0.6079998,-0.47471458,-0.6363822,-0.56253046,-0.30805933,0.7672411,-0.560264,0.8244668,-0.07974136
1356068726858,-0.666191,-0.4570497,-0.5893176,-0.50761014,-0.30102664,0.80728865,-0.5463713,0.836952,-0.031461895
1356068726899,-0.69495904,-0.43607724,-0.5717242,-0.4798078,-0.31096673,0.82041705,-0.5355524,0.84447396,0.0068758726
1356068726936,-0.6982891,-0.41369843,-0.5841625,-0.48023856,-0.3344109,0.81088847,-0.5308136,0.846772,0.034841597
1356068726978,-0.6754503,-0.38975313,-0.6259867,-0.5080402,-0.369326,0.7781346,-0.53447354,0.8436177,0.051451087
1356068727018,-0.6240739,-0.36180484,-0.6925526,-0.5581774,-0.41380703,0.7191675,-0.54678136,0.8353808,0.05629486
1356068727058,-0.5452197,-0.32808048,-0.77142626,-0.61818904,-0.46418488,0.63433003,-0.5661958,0.8227366,0.05026704
1356068727098,-0.44987422,-0.2898523,-0.8447478,-0.67201686,-0.5131199,0.5339488,-0.5882231,0.8078946,0.036053777
1356068727138,-0.35898292,-0.2531664,-0.8983529,-0.7100704,-0.55059785,0.43890995,-0.6057485,0.79545504,0.01788932
1356068727178,-0.29151416,-0.22571895,-0.9295539,-0.73419845,-0.57010835,0.36868596,-0.6131658,0.7899542,4.720986E-4
1356068727218,-0.25673932,-0.21325177,-0.9426604,-0.7494045,-0.57198733,0.3335018,-0.61030966,0.7920569,-0.012960196
1356068727258,-0.2582171,-0.2193304,-0.9408603,-0.7563236,-0.56004035,0.33812624,-0.60108113,0.79890484,-0.021272749
1356068727298,-0.29876965,-0.24628943,-0.92199683,-0.7502948,-0.53641164,0.3864198,-0.589741,0.80722,-0.024526179
1356068727338,-0.3786227,-0.29335415,-0.8778316,-0.7228246,-0.49865127,0.47840524,-0.578074,0.8156533,-0.02324298
1356068727378,-0.4908535,-0.35505736,-0.79561114,-0.66237915,-0.44113356,0.6055204,-0.5659653,0.8242181,-0.018650651
1356068727418,-0.61425084,-0.41803,-0.66928834,-0.5631641,-0.3618914,0.7428868,-0.55275863,0.833238,-0.013127387
1356068727458,-0.71922326,-0.46716657,-0.51426965,-0.4384385,-0.26902324,0.8575536,-0.5389709,0.8422481,-0.011336029
1356068727498,-0.78553444,-0.49832892,-0.366884,-0.32188863,-0.17730719,0.93002677,-0.52851045,0.8486639,-0.021125436
1356068727538,-0.81128246,-0.52250844,-0.26230857,-0.2492882,-0.09667826,0.9635916,-0.52884424,0.8471353,-0.051821887
1356068727578,-0.80314076,-0.55533636,-0.21579258,-0.23926966,-0.031062245,0.9704561,-0.5456326,0.8310455,-0.1079278
1356068727618,-0.7650621,-0.6039052,-0.22355868,-0.2882247,0.0106832385,0.9575032,-0.5758529,0.79698455,-0.18223375
1356068727658,-0.7038736,-0.6594106,-0.2640826,-0.36709687,0.019408524,0.9299802,-0.6081134,0.7515324,-0.25572872
1356068727698,-0.6434474,-0.7030211,-0.3028808,-0.43314272,0.008138478,0.9012886,-0.6311599,0.7111224,-0.30974513
1356068727749,-0.6150466,-0.72344565,-0.31359845,-0.4592851,0.005419731,0.88827235,-0.6409172,0.69036,-0.3356012
1356068727780,-0.6307968,-0.7196357,-0.2902065,-0.43941307,0.02303654,0.8979897,-0.6395401,0.69396955,-0.33074874
1356068727820,-0.67618185,-0.6952113,-0.2438431,-0.3809158,0.04659754,0.92343485,-0.6306198,0.7172935,-0.29632533
1356068727858,-0.72661763,-0.65888363,-0.19467694,-0.3042791,0.05456674,0.9510188,-0.61598784,0.7502632,-0.24013358
1356068727898,-0.7692652,-0.61957914,-0.1560537,-0.23005217,0.040731072,0.97232556,-0.59607637,0.78387666,-0.17386854
1356068727938,-0.8020578,-0.5823127,-0.13272198,-0.17125414,0.011339486,0.98516166,-0.57216716,0.81288576,-0.10881841
1356068727979,-0.82627815,-0.5491024,-0.12550263,-0.13357088,-0.025442183,0.99071264,-0.54719573,0.8353677,-0.05232179
1356068728018,-0.84257525,-0.5212375,-0.13556741,-0.11905572,-0.06522757,0.99074274,-0.5252549,0.8509154,-0.0070972443
1356068728058,-0.8501462,-0.49985552,-0.16551702,-0.12864888,-0.107634306,0.9858318,-0.51058877,0.8593947,0.02719903
1356068728098,-0.8464125,-0.48541558,-0.21899198,-0.16346617,-0.15454614,0.9743686,-0.50681806,0.8605156,0.051460803
1356068728138,-0.82682204,-0.4765777,-0.29872918,-0.22378385,-0.20853144,0.95206904,-0.5160293,0.8540424,0.065767944
1356068728178,-0.7858012,-0.46936047,-0.402762,-0.30570102,-0.27134407,0.9126441,-0.5376461,0.84028155,0.06973851
1356068728218,-0.71987474,-0.45826244,-0.52132124,-0.39855522,-0.342008,0.8509901,-0.5682729,0.8203816,0.06356001
1356068728258,-0.6342895,-0.439008,-0.636356,-0.4860068,-0.4137053,0.7698347,-0.6012274,0.79757136,0.049048007
1356068728298,-0.5461551,-0.41222268,-0.7292373,-0.55504954,-0.47392952,0.6836013,-0.627403,0.7781152,0.030035019
1356068728338,-0.47438872,-0.3831577,-0.79255635,-0.60470855,-0.51244825,0.6096921,-0.6397523,0.76849663,0.011400849
1356068728378,-0.42733198,-0.35737932,-0.83046216,-0.6408298,-0.52821916,0.5570653,-0.6377496,0.7702367,-0.0032943785
1356068728418,-0.40371573,-0.3382446,-0.85006124,-0.6669682,-0.5271816,0.5265291,-0.6262323,0.77953196,-0.012766838
1356068728458,-0.40111417,-0.32722336,-0.8555888,-0.68324953,-0.5152551,0.5173801,-0.61014545,0.79210913,-0.01689902
1356068728498,-0.41849607,-0.32489413,-0.8481184,-0.68831664,-0.49576807,0.5295604,-0.5925211,0.8053929,-0.016153038
1356068728538,-0.45531577,-0.33038154,-0.8267621,-0.6811526,-0.4687236,0.56243163,-0.57333994,0.81923515,-0.011622995
1356068728578,-0.5087964,-0.34176123,-0.7901427,-0.66140115,-0.43233186,0.6128928,-0.55106694,0.834439,-0.006072402
1356068728618,-0.56994784,-0.3565908,-0.74027187,-0.63183457,-0.38576823,0.6722857,-0.52530426,0.8508971,-0.005438626
1356068728658,-0.620734,-0.3742336,-0.68894017,-0.6036005,-0.33268678,0.7245592,-0.5003557,0.8656031,-0.01937759
1356068728698,-0.6363943,-0.3984583,-0.66047966,-0.59914464,-0.28394836,0.7485981,-0.4858272,0.87212634,-0.058031082
1356068728748,-0.59318244,-0.43361703,-0.67831475,-0.63872135,-0.25941277,0.7243895,-0.49007112,0.8629492,-0.12308133
1356068728780,-0.4831704,-0.47195685,-0.73743004,-0.7105385,-0.28074336,0.6452272,-0.511548,0.8357271,-0.19969666
1356068728819,-0.3409722,-0.4942701,-0.79964685,-0.7695024,-0.34187317,0.53943384,-0.5400038,0.79926205,-0.26377285
1356068728859,-0.22965962,-0.494882,-0.8380623,-0.791783,-0.40573913,0.45656937,-0.5659826,0.76841897,-0.2986573
1356068728898,-0.18423903,-0.48353672,-0.855715,-0.78951097,-0.44575733,0.42186803,-0.58542997,0.753321,-0.29963166
1356068728938,-0.2018925,-0.4672079,-0.8607882,-0.7761923,-0.45966864,0.43154424,-0.59729815,0.7552627,-0.26983953
1356068728978,-0.25939655,-0.44562334,-0.85681576,-0.7565114,-0.45772928,0.46709144,-0.6003365,0.7693528,-0.21838576
1356068729018,-0.33108604,-0.4168742,-0.8465211,-0.7334379,-0.450738,0.5088262,-0.5936758,0.7893359,-0.15651828
1356068729058,-0.39736664,-0.38080174,-0.83491904,-0.7120629,-0.4459616,0.5422957,-0.578849,0.81000507,-0.09394455
1356068729098,-0.44710928,-0.33914357,-0.82769257,-0.6976976,-0.44682246,0.5599713,-0.5597423,0.8278474,-0.036841154
1356068729138,-0.4751534,-0.2942149,-0.8292568,-0.6938787,-0.45424193,0.55874556,-0.5410745,0.84089345,0.011685133
1356068729178,-0.47965914,-0.24827991,-0.8415961,-0.7015653,-0.46754456,0.53778076,-0.5270039,0.84838617,0.050077498
1356068729219,-0.45961618,-0.20334148,-0.8645259,-0.7193639,-0.485632,0.4966658,-0.5208343,0.85018444,0.07692787
1356068729258,-0.4148631,-0.16109794,-0.8955088,-0.7432582,-0.5077051,0.43566364,-0.52483886,0.846335,0.090890765
1356068729298,-0.34898877,-0.122893125,-0.929034,-0.7666669,-0.5326636,0.3584571,-0.53891444,0.83735704,0.09167552
1356068729338,-0.26944524,-0.090307415,-0.9587721,-0.7827087,-0.55948335,0.27266395,-0.5610406,0.82390726,0.08006561
1356068729378,-0.18822986,-0.06436634,-0.9800135,-0.78801423,-0.5856641,0.18981871,-0.58617663,0.8079941,0.05951786
1356068729418,-0.11730921,-0.045832574,-0.9920372,-0.7856388,-0.60675067,0.120934635,-0.60746205,0.7935697,0.035169646
1356068729458,-0.06579256,-0.034974307,-0.9972202,-0.782616,-0.61817235,0.07331431,-0.61901814,0.7852641,0.013299748
1356068729498,-0.03687197,-0.032099932,-0.99880433,-0.78354,-0.6194195,0.048832387,-0.6202464,0.7844037,-0.0023124218
1356068729538,-0.031247199,-0.037832648,-0.99879545,-0.78817844,-0.61358,0.047899365,-0.61465305,0.7887258,-0.010646269
1356068729578,-0.04946983,-0.052995205,-0.9973687,-0.79407746,-0.60360134,0.071458906,-0.60580003,0.79552305,-0.012222186
1356068729617,-0.091922164,-0.07833201,-0.99268043,-0.7985744,-0.58971447,0.12048206,-0.5948355,0.80380416,-0.00834617
1356068729658,-0.10553461,-0.076624125,-0.9914591,-0.8071643,-0.5757413,0.13041332,-0.5808168,0.8140335,-0.0010875762
1356068729698,-0.24560934,-0.15978038,-0.95611,-0.7895702,-0.53922606,0.29294068,-0.56236553,0.8268649,0.006281078
1356068729748,-0.36936808,-0.22831869,-0.9007983,-0.7563252,-0.48936176,0.4341625,-0.5399438,0.8416623,0.008071542
1356068729780,-0.46499395,-0.28694922,-0.8375206,-0.7171648,-0.4325933,0.546386,-0.5190909,0.8547065,-0.0046365857
1356068729837,-0.5116622,-0.34091574,-0.788656,-0.6916712,-0.3810966,0.6134789,-0.50969875,0.85938466,-0.040808856
1356068729858,-0.4945743,-0.394749,-0.77431875,-0.69781643,-0.35074776,0.6245224,-0.5181201,0.8492051,-0.101991475
1356068729899,-0.41582334,-0.44483513,-0.7932292,-0.7311582,-0.35517108,0.58246124,-0.5408313,0.82217705,-0.1775564
1356068729936,-0.3097875,-0.4787717,-0.8214679,-0.76441765,-0.388367,0.51462287,-0.5654179,0.78736824,-0.24567026
1356068729978,-0.21979874,-0.49192792,-0.84243417,-0.7817474,-0.42776257,0.45375112,-0.58357465,0.7583047,-0.29054165
1356068730018,-0.17403442,-0.48900512,-0.85474324,-0.78592193,-0.45400983,0.4197641,-0.5933286,0.7448148,-0.30530655
1356068730058,-0.17936963,-0.4763911,-0.8607427,-0.7822516,-0.46150762,0.41844133,-0.5965811,0.74837303,-0.28987718
1356068730098,-0.22483617,-0.45639294,-0.8609032,-0.77214795,-0.45545757,0.4431095,-0.5943369,0.76437163,-0.24999958
1356068730138,-0.2903298,-0.4290386,-0.8553563,-0.7565886,-0.4443695,0.4796971,-0.58590287,0.7864232,-0.19559199
1356068730178,-0.35713995,-0.39502433,-0.8464081,-0.7389178,-0.43481797,0.5147171,-0.5713593,0.80925214,-0.1365996
1356068730218,-0.41152716,-0.35630286,-0.8388645,-0.72426677,-0.43087208,0.53831863,-0.55324775,0.8290944,-0.08074272
1356068730258,-0.44589108,-0.3153644,-0.83769107,-0.7170967,-0.43423128,0.5451748,-0.5356804,0.84379405,-0.03252691
1356068730298,-0.45676857,-0.27424586,-0.84625745,-0.71973395,-0.4451629,0.53274095,-0.5228244,0.8524196,0.005952418
1356068730338,-0.4430136,-0.2345532,-0.8652882,-0.7316983,-0.46310502,0.5001514,-0.5180314,0.8547038,0.033539623
1356068730378,-0.40424782,-0.19750866,-0.89307,-0.7495457,-0.4880374,0.44721442,-0.5241803,0.85018224,0.04924631
1356068730418,-0.34391463,-0.1634045,-0.92467386,-0.7667967,-0.5195121,0.3770013,-0.54198295,0.83869314,0.05336973
1356068730459,-0.27032816,-0.13285682,-0.9535574,-0.7764795,-0.55548203,0.29752162,-0.56921184,0.8208463,0.047001958
1356068730498,-0.19358033,-0.10637736,-0.97530025,-0.77643764,-0.59107363,0.21857873,-0.599726,0.79957235,0.031824768
1356068730538,-0.123499095,-0.08441314,-0.98874795,-0.7709805,-0.6191456,0.1491577,-0.6247697,0.7807262,0.011382937
