1356069575119,-0.5242043,0.108991414,0.8445892,-0.83822596,0.10899323,-0.53432006,-0.15029085,-0.9880493,0.03422463
1356069575158,-0.16095018,0.05864343,0.98521876,-0.97545254,0.14255548,-0.1678401,-0.15029106,-0.98804796,0.034259558
1356069575200,-0.16089755,0.058781654,0.9852192,-0.9754598,0.1425435,-0.16780835,-0.15030068,-0.9880416,0.03440416
1356069575239,-0.16077775,0.05894509,0.9852289,-0.97546923,0.14258718,-0.16771597,-0.15036705,-0.9880255,0.03457433
1356069575278,-0.16054487,0.058775365,0.985277,-0.9754757,0.14283359,-0.16746837,-0.15057367,-0.988,0.034402728
1356069575318,-0.16018963,0.05788842,0.9853874,-0.9754616,0.14347243,-0.16700456,-0.1510436,-0.98795986,0.033485055
1356069575359,-0.15970546,0.056134194,0.98556733,-0.975417,0.14459288,-0.16629618,-0.1518409,-0.9878977,0.031662047
1356069575398,-0.15921366,0.053809255,0.98577666,-0.97534156,0.1460104,-0.16549838,-0.15283898,-0.9878186,0.029235601
1356069575438,-0.15911001,0.05118963,0.98593295,-0.9751793,0.14760625,-0.16503832,-0.15397814,-0.9877206,0.026433408
1356069575479,-0.15972275,0.048820317,0.9859539,-0.9748729,0.14930493,-0.1653206,-0.15527877,-0.9875852,0.023746252
1356069575518,-0.16136748,0.047244042,0.98576295,-0.9743488,0.15113401,-0.16674227,-0.15685987,-0.98738366,0.021644056
1356069575558,-0.16403735,0.04656878,0.9853543,-0.9735354,0.15348727,-0.16932377,-0.15912452,-0.9870527,0.020158708
1356069575599,-0.16788107,0.046744645,0.98469824,-0.9723336,0.1567303,-0.17321321,-0.1624288,-0.9865345,0.01913935
1356069575639,-0.17262709,0.047961026,0.9838188,-0.97071004,0.16116029,-0.1781835,-0.16709834,-0.9857622,0.018735707
1356069575678,-0.1780535,0.050615728,0.9827182,-0.9687303,0.16635382,-0.18408728,-0.1727967,-0.98476624,0.019413114
1356069575720,-0.18341506,0.05553499,0.9814656,-0.9664595,0.17238677,-0.19036508,-0.17976364,-0.9834626,0.022053957
1356069575758,-0.1893751,0.06263274,0.97990525,-0.96387523,0.1785062,-0.19768682,-0.18730083,-0.98194337,0.026565552
1356069575798,-0.19579071,0.07221943,0.97798276,-0.960996,0.18451142,-0.20601529,-0.19532728,-0.9801734,0.033276975
1356069575838,-0.20362109,0.08500102,0.9753529,-0.9576466,0.18987584,-0.21647212,-0.20359626,-0.97812164,0.04273826
1356069575878,-0.21333104,0.102781594,0.97155845,-0.95370656,0.19385779,-0.22991946,-0.2119756,-0.97563064,0.056667626
1356069575918,-0.22556376,0.12770924,0.9658215,-0.9490073,0.19531292,-0.24746287,-0.22024068,-0.9723904,0.07714158
1356069575959,-0.24140298,0.16076341,0.95701605,-0.94319725,0.19309926,-0.27035487,-0.22826225,-0.96791935,0.10501683
1356069575998,-0.26225662,0.20120427,0.94378936,-0.93561745,0.18648076,-0.2997413,-0.23630777,-0.961635,0.13934445
1356069576055,-0.28891104,0.24754554,0.9247982,-0.9254783,0.17498362,-0.33596233,-0.24499053,-0.9529439,0.17854327
1356069576080,-0.32146257,0.29719666,0.89907503,-0.9120455,0.15813541,-0.37837312,-0.25462678,-0.9416301,0.2202223
1356069576120,-0.3565716,0.3478673,0.86709,-0.8958482,0.13610649,-0.4230023,-0.26516524,-0.92761165,0.26310462
1356069576159,-0.38965708,0.3983211,0.830366,-0.8785704,0.10962206,-0.4648624,-0.2761909,-0.9106719,0.3072381
1356069576199,-0.4168061,0.44725287,0.7913517,-0.86254287,0.08014166,-0.4995968,-0.28686634,-0.8908098,0.35237134
1356069576239,-0.434565,0.49359822,0.75333536,-0.8504157,0.050536454,-0.52367854,-0.29655778,-0.86822057,0.39780223
1356069576280,-0.4413767,0.5365652,0.7192248,-0.8439044,0.024203777,-0.5359474,-0.30497873,-0.84351164,0.44212675
1356069576320,-0.4376362,0.5749732,0.6912888,-0.84335124,0.0041404366,-0.5373466,-0.31182218,-0.8181617,0.4830924
1356069576359,-0.42446,0.6085087,0.6704856,-0.84823656,-0.008190393,-0.52955425,-0.31674686,-0.79350495,0.51963574
1356069576399,-0.40331125,0.6364217,0.657501,-0.85752845,-0.012102008,-0.51429415,-0.31935087,-0.77124643,0.55063057
1356069576439,-0.3771333,0.65643877,0.6533441,-0.8694511,-0.007884681,-0.49395594,-0.31910038,-0.754338,0.5737151
1356069576479,-0.34988958,0.66515744,0.6596534,-0.8820368,0.0032963157,-0.47116876,-0.31557584,-0.74669576,0.5855402
1356069576519,-0.32416838,0.6604409,0.677298,-0.8940296,0.02015549,-0.4475542,-0.30923438,-0.7506074,0.58392
1356069576559,-0.30029696,0.6419665,0.7054791,-0.9050098,0.041864574,-0.42332557,-0.30129546,-0.7655889,0.5684142
1356069576600,-0.2782526,0.60915315,0.7426356,-0.9147688,0.06768489,-0.39826703,-0.29287076,-0.79015887,0.538401
1356069576639,-0.25796372,0.56123483,0.7864287,-0.9233364,0.09642732,-0.37168744,-0.28443718,-0.8220202,0.49333388
1356069576680,-0.24074036,0.4965766,0.8339399,-0.930734,0.12557834,-0.34345934,-0.27527866,-0.85886073,0.43194893
1356069576719,-0.22523052,0.4169706,0.8805718,-0.9378408,0.15216267,-0.31193116,-0.26405627,-0.89609265,0.35678047
1356069576758,-0.2102871,0.32655028,0.92149025,-0.9451635,0.17301905,-0.2770025,-0.24989063,-0.92920893,0.2722597
1356069576797,-0.19323885,0.23391989,0.9528589,-0.9528706,0.1867488,-0.23908672,-0.23387238,-0.9541521,0.18680829
1356069576836,-0.1726588,0.14758271,0.9738625,-0.96050876,0.19380021,-0.19966051,-0.21820119,-0.96987665,0.108293176
1356069576878,-0.14761162,0.07353976,0.9863076,-0.96764565,0.19558406,-0.15940154,-0.20462838,-0.9779258,0.042289972
1356069576918,-0.117771715,0.014717191,0.9929316,-0.9739429,0.19344226,-0.118386626,-0.19381726,-0.98100126,-0.008448362
1356069576958,-0.08395383,-0.027929097,0.99607813,-0.9788605,0.1894032,-0.07719198,-0.18650445,-0.9815022,-0.043239832
1356069576998,-0.04705891,-0.054288536,0.9974157,-0.9817083,0.18692884,-0.03614348,-0.18448359,-0.9808722,-0.062092125
1356069577056,-0.00880453,-0.06512937,0.997838,-0.9818125,0.18981662,0.0037263334,-0.18964899,-0.97965705,-0.06561613
1356069577080,0.028846502,-0.063503474,0.99756455,-0.97900283,0.19967651,0.04102078,-0.20179519,-0.9778019,-0.056410074
1356069577119,0.0637179,-0.053655356,0.9965245,-0.97394145,0.21444935,0.07382044,-0.2176649,-0.97526026,-0.038592935
1356069577159,0.093900025,-0.03964874,0.99479175,-0.9683918,0.22828871,0.10050681,-0.23108467,-0.97278583,-0.01695919
1356069577199,0.11753231,-0.02474451,0.9927608,-0.96464264,0.2346319,0.12005162,-0.23590401,-0.97176933,0.00370723
1356069577239,0.13264886,-0.0110248625,0.99110174,-0.96400774,0.23102465,0.13159248,-0.23041967,-0.9728854,0.020017147
1356069577279,0.13713425,8.6426735E-4,0.99055207,-0.96626705,0.2201916,0.13358,-0.21799576,-0.97545624,0.031030953
1356069577319,0.12860924,0.011398107,0.99162984,-0.97062004,0.20649904,0.12351084,-0.20336282,-0.97838044,0.037620902
1356069577359,0.1045768,0.021601677,0.9942822,-0.9763439,0.19248036,0.0985083,-0.18925184,-0.98106307,0.04121965
1356069577399,0.06297627,0.032787293,0.99747634,-0.9823451,0.17845091,0.056155264,-0.17615938,-0.98340243,0.0434466
1356069577438,0.0032361448,0.046539098,0.99891126,-0.98651755,0.16359594,-0.0044258833,-0.16362384,-0.9854291,0.04644102
1356069577478,-0.07298511,0.06552467,0.9951782,-0.98576784,0.14677995,-0.08195928,-0.15144256,-0.98699653,0.05387938
1356069577518,-0.16078407,0.095273644,0.9823805,-0.97685254,0.1269257,-0.17218885,-0.14109445,-0.987326,0.072660625
1356069577558,-0.25290215,0.14487433,0.95658344,-0.9577112,0.10274559,-0.26876113,-0.13722128,-0.98410094,0.112763226
1356069577598,-0.34040976,0.22141,0.91383743,-0.9288559,0.07183635,-0.36340916,-0.1461092,-0.9725313,0.1812042
1356069577638,-0.41302955,0.3193361,0.8528957,-0.89467216,0.03274715,-0.4455215,-0.170201,-0.9470756,0.27217555
1356069577678,-0.46279436,0.41446123,0.7836091,-0.8631667,-0.009355664,-0.5048323,-0.20190221,-0.91001886,0.36207896
1356069577718,-0.4901151,0.48401266,0.7249268,-0.84095937,-0.043794453,-0.5393231,-0.22929141,-0.8739644,0.42849934
1356069577758,-0.5011482,0.51821285,0.693041,-0.8302035,-0.061953902,-0.5540071,-0.24415706,-0.85300475,0.46127018
1356069577798,-0.5011494,0.5177065,0.69341856,-0.8295412,-0.05924833,-0.5552936,-0.24639523,-0.85350436,0.45915112
1356069577838,-0.49114513,0.4864763,0.722577,-0.8373208,-0.034973145,-0.5455923,-0.24014693,-0.8729936,0.42451346
1356069577878,-0.46905965,0.43070498,0.7710229,-0.8529246,0.005583644,-0.5220044,-0.22913504,-0.90247554,0.36473972
1356069577918,-0.43280113,0.35754168,0.8275549,-0.87548196,0.05220729,-0.48042235,-0.21497542,-0.9324367,0.29042596
1356069577958,-0.38215995,0.27615622,0.8818681,-0.9023826,0.094135046,-0.42052835,-0.19914618,-0.95649165,0.21322405
1356069577998,-0.3202359,0.19658056,0.9267174,-0.92922294,0.12520611,-0.3476611,-0.18437412,-0.9724605,0.14257163
1356069578054,-0.2517197,0.123758495,0.9598547,-0.9519438,0.1471343,-0.2686158,-0.17447105,-0.9813436,0.080774546
1356069578089,-0.17723215,0.06695393,0.9818889,-0.96907365,0.16219765,-0.18597907,-0.17171204,-0.98448414,0.036136687
1356069578129,-0.11296004,0.030244589,0.99313915,-0.9774965,0.17584085,-0.11653581,-0.178159,-0.98395395,0.009700954
1356069578159,-0.058606327,0.0068053007,0.998258,-0.9801195,0.1894846,-0.058833152,-0.1895549,-0.98186016,-0.004435003
1356069578199,-0.019148856,0.0024356842,0.9998137,-0.9775042,0.2100375,-0.019233167,-0.21004519,-0.97769034,-0.0016410947
1356069578229,0.012551397,0.0053110123,0.99990714,-0.9729603,0.23071083,0.010987759,-0.23063111,-0.97300786,0.008063078
1356069578269,0.033767343,0.018589497,0.99925685,-0.9682888,0.24824798,0.028102577,-0.2475411,-0.96851814,0.026382685
1356069578309,0.0492768,0.034135163,0.9982016,-0.96634907,0.25425878,0.03900948,-0.2524699,-0.96653354,0.045515597
1356069578348,0.060798287,0.046538293,0.9970646,-0.96801406,0.24635327,0.047528297,-0.2434183,-0.96806216,0.06002748
1356069578388,0.06828734,0.054374546,0.99618286,-0.9718878,0.2291412,0.05411476,-0.2253241,-0.97187334,0.068493366
1356069578428,0.070672154,0.058245152,0.99579763,-0.9762564,0.20896721,0.057062596,-0.20476541,-0.9761865,0.07163036
1356069578468,0.06671575,0.059195578,0.9960145,-0.9804004,0.18935135,0.05441621,-0.18537545,-0.9801234,0.0706681
1356069578508,0.055496067,0.058680177,0.996733,-0.9842987,0.17074344,0.044751585,-0.16755956,-0.9835666,0.0672344
1356069578548,0.036705226,0.05901274,0.9975822,-0.9879526,0.15232274,0.027340174,-0.150341,-0.9865675,0.06389284
1356069578588,0.010429442,0.064570546,0.9978586,-0.9910215,0.13369107,0.001706928,-0.13329452,-0.98891723,0.06538516
1356069578628,-0.023210406,0.08396456,0.99619836,-0.9926866,0.11614442,-0.032917798,-0.118466794,-0.9896769,0.08065474
1356069578668,-0.06403214,0.12912065,0.9895594,-0.9917186,0.10238713,-0.077531636,-0.11132911,-0.9863289,0.12149525
1356069578708,-0.108578086,0.20735112,0.9722223,-0.9871677,0.09270817,-0.1300196,-0.11709261,-0.9738638,0.19462425
1356069578748,-0.14684713,0.3065771,0.9404501,-0.97999763,0.084008455,-0.18040815,-0.13431478,-0.9481313,0.2881085
1356069578788,-0.16695583,0.39680177,0.902593,-0.97376007,0.077230275,-0.21407214,-0.15465173,-0.9146496,0.37349564
1356069578829,-0.16480786,0.45455965,0.87533647,-0.9714464,0.078761935,-0.22380424,-0.17067558,-0.8872272,0.4285998
1356069578868,-0.14298409,0.47278816,0.86949813,-0.9731757,0.09282398,-0.21050617,-0.18023515,-0.8762734,0.44683352
1356069578908,-0.10668361,0.4532903,0.8849556,-0.976899,0.11796528,-0.17819166,-0.18516654,-0.8835225,0.43023401
1356069578948,-0.061104536,0.40193528,0.913627,-0.9803682,0.14775044,-0.13056868,-0.18746898,-0.9036692,0.38501623
1356069578988,-0.011900604,0.3282278,0.9445237,-0.98222494,0.17312574,-0.07253784,-0.18733037,-0.92859787,0.32033318
1356069579051,0.03543204,0.24477038,0.96893346,-0.98221993,0.1873861,-0.011419326,-0.18435979,-0.9513012,0.24705777
1356069579061,0.075846225,0.16920176,0.9826586,-0.98072183,0.19064882,0.04286933,-0.18008909,-0.9669663,0.1803999
1356069579095,0.10905513,0.10059458,0.9889326,-0.9784377,0.18641385,0.0889357,-0.17540431,-0.9773078,0.118754864
1356069579138,0.13581717,0.043721914,0.9897687,-0.9754919,0.18046677,0.12588617,-0.17311639,-0.9826088,0.067160845
1356069579178,0.15642402,0.0018290877,0.9876883,-0.97179866,0.17894599,0.15357614,-0.17646196,-0.98385715,0.029768974
1356069579218,0.17147762,-0.024074167,0.9848938,-0.966998,0.1871047,0.17293519,-0.18844151,-0.9820449,0.008804619
1356069579258,0.18197116,-0.035117924,0.98267657,-0.9605809,0.207252,0.18528613,-0.21016854,-0.9776571,0.003980279
1356069579298,0.18918583,-0.03455746,0.981333,-0.9526282,0.2359049,0.19195929,-0.23813489,-0.9711615,0.011709452
1356069579338,0.19413921,-0.025475293,0.98064315,-0.9445113,0.26516226,0.19387457,-0.2649686,-0.9638672,0.027416646
1356069579378,0.19772497,-0.0122437775,0.9801811,-0.93934596,0.28349444,0.19302887,-0.28023934,-0.95889574,0.044552743
1356069579418,0.20000198,0.001441747,0.9797944,-0.93953085,0.28400895,0.19136518,-0.27799448,-0.9588205,0.058156908
1356069579458,0.20004106,0.013412476,0.9796957,-0.9444637,0.26870745,0.18916836,-0.26071426,-0.96312845,0.06642014
1356069579498,0.19598284,0.022900343,0.9803399,-0.95175725,0.24515787,0.18454203,-0.23611197,-0.96921265,0.06984234
1356069579538,0.18550718,0.029827654,0.98219013,-0.95978975,0.21981382,0.17460096,-0.210691,-0.97508574,0.06940532
1356069579578,0.16637436,0.03475815,0.98544985,-0.9681888,0.19517782,0.15657601,-0.18689567,-0.9801518,0.066125035
1356069579618,0.13701221,0.03930354,0.98978925,-0.9768568,0.1710451,0.12843001,-0.16425082,-0.98447895,0.06182918
1356069579658,0.09703842,0.046848744,0.99417734,-0.98515666,0.14663205,0.08924815,-0.14159703,-0.988081,0.060382336
1356069579698,0.047868818,0.06368351,0.9968214,-0.9916879,0.12235466,0.03980553,-0.11943075,-0.9904412,0.06901115
1356069579745,-0.0076115727,0.112730116,0.99359655,-0.9946444,0.10156757,-0.019143105,-0.10307518,-0.98842096,0.11135328
1356069579775,-0.06801981,0.17582163,0.98206925,-0.9932364,0.08090764,-0.08327833,-0.094099045,-0.9810916,0.1691291
1356069579818,-0.115463555,0.26541254,0.9571961,-0.9880357,0.06850076,-0.13817763,-0.10224274,-0.9616984,0.2543277
1356069579858,-0.14716578,0.35467252,0.92333615,-0.98176706,0.06117201,-0.1799762,-0.120314956,-0.93298733,0.33920336
1356069579898,-0.16468036,0.4180244,0.8933846,-0.9764527,0.058876753,-0.2075417,-0.13935709,-0.90652585,0.39848527
1356069579938,-0.17290741,0.44587567,0.8782356,-0.97258186,0.063503146,-0.2237226,-0.15552315,-0.89283943,0.4226705
1356069579978,-0.17563832,0.43979338,0.8807571,-0.9699265,0.075829685,-0.23128471,-0.16850507,-0.894892,0.41324857
1356069580054,-0.17561221,0.39169553,0.9031805,-0.9683143,0.096746266,-0.23023397,-0.17756093,-0.9149944,0.36229452
1356069580059,-0.16537756,0.33897296,0.92614657,-0.9692795,0.11749554,-0.2160834,-0.18206447,-0.9334303,0.30912846
1356069580085,-0.15311462,0.28410098,0.9464896,-0.9712949,0.13317913,-0.19710281,-0.18204972,-0.94949985,0.2555542
1356069580117,-0.13879442,0.22786522,0.9637497,-0.9741943,0.14349478,-0.17422596,-0.17799312,-0.9630611,0.20206875
1356069580158,-0.122071326,0.16677573,0.9784091,-0.97791505,0.14828676,-0.14728609,-0.16964883,-0.97478044,0.14499092
1356069580198,-0.09969497,0.10734978,0.9892101,-0.9819491,0.14998579,-0.1152398,-0.16073832,-0.98284286,0.09045923
1356069580238,-0.07327026,0.055304646,0.9957775,-0.9852197,0.15099835,-0.08087975,-0.15483376,-0.98698574,0.043423593
1356069580278,-0.044522673,0.01529178,0.99889135,-0.9868835,0.15463552,-0.04635468,-0.15517294,-0.9878533,0.0082063675
1356069580318,-0.015631974,-0.009840995,0.99982935,-0.9862771,0.1645202,-0.0138008,-0.16435629,-0.9863246,-0.012277722
1356069580358,0.011722207,-0.01931566,0.9997447,-0.9828915,0.1835677,0.015071183,-0.18381196,-0.9828173,-0.016833365
1356069580398,0.03679183,-0.016260117,0.9991907,-0.9768833,0.2101132,0.03938967,-0.21058369,-0.97754186,-0.008153796
1356069580438,0.058947653,-0.005166203,0.9982478,-0.9694271,0.23830959,0.05847916,-0.23819417,-0.97117555,0.009039521
1356069580478,0.07815632,0.007735491,0.9969111,-0.9632136,0.2584879,0.07350883,-0.2571209,-0.9659835,0.027653337
1356069580518,0.093833596,0.018543184,0.99541515,-0.9605887,0.26445755,0.08562416,-0.2616573,-0.96421903,0.042627394
1356069580558,0.10469529,0.02627927,0.9941571,-0.96165603,0.25747576,0.09446654,-0.25348887,-0.96592736,0.052228153
1356069580598,0.10853806,0.031389922,0.9935967,-0.9650439,0.24318305,0.09773636,-0.23855796,-0.9694724,0.056687236
1356069580638,0.10247472,0.034508497,0.9941368,-0.9697753,0.22594163,0.09212062,-0.22143793,-0.97352934,0.05661875
1356069580678,0.08345911,0.036716282,0.9958346,-0.97559077,0.20670202,0.07414141,-0.20311889,-0.9777148,0.0530712
1356069580718,0.04883206,0.039964706,0.9980071,-0.9819826,0.18454581,0.040657908,-0.18255311,-0.9820111,0.048256457
1356069580758,-0.0024751425,0.047535658,0.99886644,-0.9872749,0.1587084,-0.009999305,-0.15900382,-0.98618054,0.046537936
1356069580798,-0.06820759,0.06571016,0.99550486,-0.988592,0.12985846,-0.07630551,-0.13428879,-0.9893528,0.05610317
1356069580838,-0.141357,0.10405907,0.9844744,-0.9833195,0.10022038,-0.15178454,-0.11445895,-0.98950875,0.08815646
1356069580878,-0.20895231,0.17141801,0.962785,-0.97201174,0.07170671,-0.22372171,-0.10738805,-0.98258543,0.15163702
1356069580918,-0.25857407,0.26094902,0.930078,-0.9591086,0.04537952,-0.27937692,-0.11510968,-0.96428543,0.2385444
1356069580958,-0.28496623,0.34950382,0.8925477,-0.9495062,0.024595618,-0.3127827,-0.13127151,-0.93661207,0.3248471
1356069580998,-0.2947325,0.4133975,0.8615308,-0.9442609,0.012360573,-0.32896584,-0.14664271,-0.91046673,0.38671204
1356069581052,-0.3038923,0.43389425,0.84816587,-0.9398184,0.009410441,-0.34154493,-0.15617597,-0.9009147,0.40492198
1356069581089,-0.31115782,0.42110303,0.8519701,-0.9366709,0.015711606,-0.3498582,-0.16071215,-0.9068767,0.38954622
1356069581129,-0.32803988,0.378706,0.86543155,-0.9306648,0.0275743,-0.36483267,-0.16202804,-0.9251063,0.34340274
1356069581169,-0.35110778,0.3162253,0.8813199,-0.92244637,0.044696093,-0.38352948,-0.16067326,-0.9476306,0.27600783
1356069581209,-0.37390858,0.24538553,0.8944151,-0.9141396,0.06538278,-0.40009233,-0.1566562,-0.96721816,0.1998694
1356069581248,-0.3910606,0.17562926,0.9034522,-0.90789783,0.08740872,-0.40997702,-0.1509735,-0.98056823,0.12527138
1356069581289,-0.39762342,0.114834964,0.9103343,-0.90584236,0.10884762,-0.40939203,-0.14610022,-0.9874033,0.06074202
1356069581328,-0.39163977,0.06757739,0.91763365,-0.9086126,0.12882012,-0.39727637,-0.14505658,-0.9893627,0.010950565
1356069581368,-0.3719942,0.0367485,0.92750734,-0.91587603,0.14798158,-0.3731924,-0.15096825,-0.9883071,-0.021391273
1356069581408,-0.33842117,0.023855716,0.9406923,-0.92617023,0.16830361,-0.33746487,-0.16637239,-0.9854465,-0.034863055
1356069581448,-0.29255575,0.02747646,0.9558536,-0.9368937,0.19185823,-0.29226786,-0.1914188,-0.9810379,-0.030386686
1356069581488,-0.23850697,0.043652415,0.9701592,-0.9451907,0.21896005,-0.24222079,-0.2229996,-0.97475684,-0.010963619
1356069581528,-0.18404692,0.06440151,0.9808054,-0.9499309,0.24468571,-0.1943199,-0.25250354,-0.9674613,0.016143322
1356069581568,-0.13855031,0.082701445,0.9868963,-0.95276916,0.26079735,-0.15561387,-0.27024946,-0.9618447,0.042661786
1356069581608,-0.10945383,0.09551054,0.9893925,-0.9561859,0.26179,-0.13105205,-0.2715299,-0.96038735,0.0626719
1356069581648,-0.10141492,0.10400066,0.98939323,-0.9603784,0.2492736,-0.124643415,-0.25959262,-0.96283257,0.07459992
1356069581688,-0.11785495,0.11048472,0.9868654,-0.9631741,0.22913963,-0.14067906,-0.24167278,-0.96710294,0.07941085
1356069581728,-0.16163182,0.11624667,0.97998047,-0.9612886,0.20601034,-0.18298611,-0.22315761,-0.97162044,0.07844877
1356069581768,-0.23364198,0.12154251,0.96469617,-0.9503538,0.18116772,-0.2529938,-0.20552132,-0.9759127,0.07317996
1356069581808,-0.32970035,0.12601155,0.93563807,-0.92526704,0.15376055,-0.34675428,-0.18755922,-0.9800401,0.06589949
1356069581848,-0.43834382,0.129911,0.88936937,-0.8830361,0.12230641,-0.45308775,-0.16763663,-0.9839534,0.06110382
1356069581888,-0.54216564,0.13728592,0.8289806,-0.8274039,0.08476913,-0.5551729,-0.14648932,-0.98689747,0.06763208
1356069581928,-0.6248223,0.15816283,0.7645794,-0.7699739,0.03744185,-0.636976,-0.12937322,-0.9867029,0.098386705
1356069581968,-0.6793642,0.20223299,0.7053838,-0.7233465,-0.022873878,-0.69010633,-0.12342745,-0.97907037,0.1618241
1356069582008,-0.7083703,0.26559114,0.653967,-0.6937195,-0.0909971,-0.7144738,-0.13024881,-0.9597817,0.24870539
1356069582051,-0.71970296,0.32976198,0.61097026,-0.6792424,-0.15225762,-0.7179466,-0.14372662,-0.9317052,0.33356863
1356069582089,-0.7233472,0.37371165,0.5806104,-0.6729389,-0.19319499,-0.7140231,-0.1546677,-0.9072019,0.39123213
1356069582129,-0.7265034,0.39014086,0.56567043,-0.6682358,-0.2092396,-0.71391857,-0.16016813,-0.89666545,0.41271937
1356069582168,-0.72980976,0.38121343,0.5674981,-0.6642878,-0.19926608,-0.72042674,-0.16155323,-0.9027565,0.39866173
1356069582208,-0.73112,0.35333997,0.5836218,-0.6629794,-0.16608274,-0.72998273,-0.16100258,-0.92063415,0.35568357
1356069582248,-0.72782737,0.31176665,0.61079377,-0.6670896,-0.11545968,-0.73597604,-0.15893072,-0.94311756,0.29201096
1356069582288,-0.71630913,0.26293337,0.6463492,-0.68029857,-0.057092607,-0.73070806,-0.15522578,-0.96312326,0.21976912
1356069582328,-0.6947142,0.21235286,0.6872251,-0.7031766,5.67317E-4,-0.7110149,-0.15137586,-0.9771928,0.14892757
1356069582368,-0.6623848,0.16553074,0.73064774,-0.7339196,0.052366674,-0.6772148,-0.15036148,-0.9848134,0.086799264
1356069582408,-0.6207246,0.12728888,0.7736269,-0.7685498,0.096316874,-0.6324985,-0.15502337,-0.9871781,0.03804159
1356069582448,-0.57287335,0.102042705,0.8132671,-0.80232644,0.1330691,-0.5818632,-0.1675956,-0.98583966,0.005639851
1356069582488,-0.52271175,0.09273735,0.8474504,-0.8312279,0.16528481,-0.5307929,-0.18929502,-0.9818761,-0.009310424
1356069582529,-0.4738515,0.09931582,0.8749863,-0.8529002,0.19551301,-0.48408252,-0.21914825,-0.9756593,-0.00793761
1356069582568,-0.42862725,0.11725438,0.8958405,-0.8676488,0.22305447,-0.44433358,-0.25192133,-0.9677284,0.0061283708
1356069582608,-0.388425,0.13836122,0.91103363,-0.87832236,0.24343258,-0.41144916,-0.27870384,-0.95999825,0.026970446
1356069582649,-0.35409302,0.15405291,0.92243475,-0.88877803,0.2514966,-0.38317493,-0.29101843,-0.9555193,0.04786563
1356069582688,-0.32623506,0.16025516,0.93160564,-0.9007,0.24641144,-0.35780016,-0.2868976,-0.95582414,0.06395376
1356069582729,-0.30566686,0.15849257,0.9388546,-0.9128014,0.2317205,-0.33630243,-0.27085337,-0.95978427,0.07384288
1356069582765,-0.29364675,0.15254304,0.94366425,-0.922485,0.21356171,-0.3215785,-0.25058514,-0.9649466,0.07800698
1356069582808,-0.29140002,0.1443362,0.94564956,-0.9285172,0.19509894,-0.31589904,-0.23009092,-0.97010493,0.077166796
1356069582848,-0.30018514,0.13517144,0.9442551,-0.9304595,0.17652214,-0.32106882,-0.21008125,-0.9749711,0.07278222
1356069582888,-0.31919724,0.12618211,0.93925035,-0.9286256,0.15614086,-0.33656296,-0.1891236,-0.9796418,0.0673362
1356069582928,-0.3461095,0.12065017,0.93040407,-0.92335165,0.1318968,-0.3605897,-0.16622248,-0.98389363,0.06575185
1356069582968,-0.376984,0.1266216,0.91752386,-0.91503966,0.10253632,-0.3901137,-0.14347637,-0.98663735,0.077209234
1356069583008,-0.40649736,0.15666443,0.9001201,-0.90472156,0.06838781,-0.42047822,-0.12743121,-0.98528135,0.11393827
1356069583051,-0.42742413,0.22138661,0.8765253,-0.89525396,0.03127855,-0.44445702,-0.12581325,-0.97468436,0.18482804
1356069583090,-0.43172175,0.30624515,0.8484282,-0.8916059,-0.0024572015,-0.45280567,-0.13658482,-0.9519496,0.27411067
1356069583130,-0.41725296,0.38936546,0.82115436,-0.895906,-0.024623454,-0.44356078,-0.15248758,-0.92075413,0.35910904
1356069583168,-0.38732916,0.44784915,0.80585814,-0.907189,-0.029398382,-0.41969505,-0.16426915,-0.89362574,0.41767064
1356069583212,-0.34907275,0.4729147,0.8090116,-0.9217309,-0.017582178,-0.38743114,-0.16899765,-0.8809327,0.44203767
1356069583248,-0.30826944,0.46445736,0.83021045,-0.9361844,0.0068348646,-0.35144287,-0.16890466,-0.88556916,0.43271068
1356069583296,-0.2718475,0.41535407,0.8680898,-0.947916,0.04002416,-0.3159958,-0.16599473,-0.9087789,0.3828403
1356069583335,-0.23165232,0.34842446,0.9082608,-0.959237,0.07354301,-0.2728662,-0.16186956,-0.93444735,0.31718513
1356069583377,-0.19690031,0.2745775,0.94118935,-0.96784997,0.09881419,-0.23130533,-0.15651411,-0.9564742,0.2462933
1356069583418,-0.16775978,0.20253107,0.9647994,-0.97415125,0.11612576,-0.19376305,-0.15128112,-0.9723662,0.17781466
1356069583458,-0.14293313,0.13835135,0.9800148,-0.9785297,0.1288054,-0.16090032,-0.14849198,-0.9819715,0.1169703
1356069583498,-0.12078047,0.085788906,0.9889653,-0.9812649,0.14032781,-0.1320129,-0.15010461,-0.9863815,0.06723273
1356069583538,-0.09959987,0.047554165,0.9938906,-0.9824867,0.15338525,-0.10579604,-0.15747923,-0.9870215,0.031444192
1356069583578,-0.07812503,0.025335222,0.99662155,-0.98192894,0.17088887,-0.081317544,-0.17237169,-0.9849645,0.011526704
1356069583618,-0.055449665,0.018486232,0.9982903,-0.9791428,0.19472104,-0.05799195,-0.19546017,-0.9806844,0.0073034763
1356069583658,-0.031631023,0.023494005,0.9992235,-0.9742142,0.22272238,-0.03607604,-0.22339693,-0.97459877,0.015843272
1356069583698,-0.00782463,0.034900755,0.9993602,-0.96876025,0.2474676,-0.016227335,-0.2478756,-0.96826744,0.03187412
1356069583738,0.01387313,0.047101766,0.9987937,-0.9655757,0.26011994,0.0011448562,-0.25975224,-0.96442676,0.049088955
1356069583779,0.030878305,0.05647424,0.9979265,-0.9663435,0.2567956,0.015368581,-0.2553952,-0.9648143,0.06250292
1356069583818,0.040368855,0.062249392,0.99724394,-0.97031724,0.24061573,0.024259299,-0.23844248,-0.9686223,0.07011503
1356069583858,0.039109826,0.06532249,0.99709755,-0.9756659,0.217946,0.023991019,-0.21574634,-0.9737724,0.072256744
1356069583898,0.023679852,0.066749334,0.99748874,-0.9811276,0.19308281,0.010370851,-0.19190565,-0.9789094,0.0700618
1356069583938,-0.009726882,0.067928016,0.99764276,-0.9855805,0.16789389,-0.021040916,-0.1689274,-0.983462,0.065315366
1356069583978,-0.062393427,0.06994572,0.9955976,-0.9872489,0.14204681,-0.07184973,-0.14644703,-0.98738563,0.060191035
1356069584051,-0.13230652,0.076309234,0.98826706,-0.9836333,0.11292422,-0.14040563,-0.1223135,-0.9906689,0.06011969
1356069584058,-0.2261399,0.089526534,0.969972,-0.9688617,0.08240652,-0.23348698,-0.10083529,-0.99256945,0.06810343
1356069584098,-0.30323505,0.12213826,0.94505596,-0.94886863,0.05260569,-0.3112571,-0.08773175,-0.99111795,0.099941194
1356069584138,-0.3592654,0.18439722,0.91483665,-0.9289954,0.022674799,-0.369396,-0.08885935,-0.9825902,0.16315788
1356069584178,-0.38603914,0.27119637,0.8817178,-0.9165019,-0.004093647,-0.40000942,-0.10487169,-0.96251535,0.25013232
1356069584218,-0.38781983,0.3591801,0.8488731,-0.91280687,-0.021787822,-0.40780994,-0.12798214,-0.9330139,0.33631182
1356069584258,-0.37873578,0.4236607,0.8228431,-0.91361743,-0.02910477,-0.40553182,-0.14785925,-0.90535325,0.39808685
1356069584298,-0.37298608,0.4522609,0.81014895,-0.91411203,-0.029488862,-0.4043879,-0.15899843,-0.891398,0.42441612
1356069584338,-0.37811714,0.44518036,0.81169087,-0.9112956,-0.024615169,-0.41101646,-0.16299659,-0.8951026,0.4149982
1356069584378,-0.39475107,0.40806043,0.82320005,-0.9041141,-0.013031125,-0.42709243,-0.16355228,-0.91286194,0.3740772
1356069584418,-0.4155587,0.35224018,0.8385927,-0.89491403,0.006482661,-0.4461913,-0.16260284,-0.9358871,0.31253082
1356069584458,-0.43386787,0.28819272,0.8536414,-0.88664913,0.031721056,-0.46135342,-0.16003716,-0.95704687,0.24176311
1356069584498,-0.4435984,0.22496903,0.8675306,-0.8825203,0.058988273,-0.46656007,-0.15613565,-0.9725787,0.17237264
1356069584538,-0.4410721,0.16878468,0.88145745,-0.88440734,0.085228086,-0.458868,-0.1525748,-0.98196125,0.11168265
1356069584578,-0.42401272,0.123723984,0.8971653,-0.89281785,0.109104335,-0.4370041,-0.15195248,-0.98630047,0.064201355
1356069584618,-0.39148265,0.09233636,0.915541,-0.9066446,0.13135368,-0.40092617,-0.15727979,-0.9870259,0.032293558
1356069584658,-0.3441134,0.0751605,0.9359149,-0.9231724,0.15475696,-0.35185638,-0.171285,-0.9850894,0.016132236
1356069584698,-0.28514737,0.06980005,0.95593876,-0.9385463,0.1820299,-0.29325068,-0.19447833,-0.98081243,0.013605237
1356069584738,-0.22073841,0.07113773,0.9727353,-0.9496867,0.21152896,-0.23097762,-0.22219291,-0.97477937,0.020865977
1356069584778,-0.15878353,0.073556066,0.98456967,-0.95656383,0.23547861,-0.17185923,-0.24448645,-0.969092,0.032970846
1356069584818,-0.106289476,0.073658556,0.99160326,-0.9620055,0.24461165,-0.12128717,-0.25149155,-0.96681935,0.044860244
1356069584858,-0.06768674,0.07163289,0.99513173,-0.96832645,0.23555213,-0.08281934,-0.24033797,-0.96921813,0.053420305
1356069584898,-0.045794547,0.06968412,0.9965174,-0.9752207,0.21302354,-0.059712112,-0.2164427,-0.9745589,0.058202088
1356069584938,-0.04363635,0.069369465,0.9966363,-0.981161,0.18494865,-0.05583188,-0.18819955,-0.98029685,0.059992075
1356069584978,-0.064528644,0.07074422,0.9954051,-0.98480135,0.156668,-0.07497582,-0.16125217,-0.98511434,0.059559464
1356069585051,-0.11093676,0.07266408,0.9911675,-0.9846032,0.12752974,-0.11955151,-0.13509041,-0.98916936,0.057397604
1356069585059,-0.1934734,0.07705054,0.97807527,-0.9747319,0.09835255,-0.20056006,-0.111649424,-0.99216425,0.056075037
1356069585098,-0.27722138,0.083153844,0.957201,-0.9567132,0.067967534,-0.28298452,-0.08858991,-0.9942162,0.060712278
1356069585138,-0.3625846,0.100939095,0.9264684,-0.9294619,0.03343928,-0.3673994,-0.068065405,-0.99433047,0.081694484
1356069585178,-0.4327398,0.1436806,0.8899956,-0.8997232,-0.006551504,-0.4364119,-0.056873113,-0.98960245,0.1321078
1356069585218,-0.47567266,0.21904254,0.8519131,-0.8774651,-0.050373733,-0.47698784,-0.06156656,-0.9744141,0.21616364
1356069585258,-0.49088162,0.31474826,0.8123846,-0.8674315,-0.08963317,-0.48941636,-0.08122635,-0.94493353,0.31702185
1356069585298,-0.48980045,0.40034506,0.77448004,-0.8653699,-0.115268886,-0.48769653,-0.10597348,-0.90908575,0.40290532
1356069585338,-0.48616844,0.4532869,0.7471085,-0.8646363,-0.12559593,-0.48644596,-0.12666577,-0.88247186,0.45298916
1356069585378,-0.4869488,0.4680733,0.7374199,-0.86210066,-0.122026324,-0.4918251,-0.14022553,-0.8752239,0.46294695
1356069585418,-0.49130416,0.44990987,0.7457892,-0.858288,-0.10439366,-0.5024379,-0.1481961,-0.8869516,0.43744114
1356069585458,-0.4954884,0.40563297,0.768084,-0.855198,-0.07299662,-0.5131352,-0.15207696,-0.9111165,0.38306558
1356069585498,-0.49342614,0.34428152,0.79874957,-0.85642815,-0.031974852,-0.515275,-0.15185979,-0.9383218,0.3106296
1356069585538,-0.48168123,0.27415508,0.8323594,-0.86376554,0.011838019,-0.50375485,-0.14796042,-0.9616126,0.2311036
1356069585578,-0.45834404,0.20361418,0.865137,-0.87719864,0.052957833,-0.4771981,-0.14298007,-0.97761786,0.15433717
1356069585618,-0.42344218,0.14002168,0.8950366,-0.8949547,0.08861935,-0.43726724,-0.1405445,-0.98617464,0.087787926
1356069585658,-0.37856603,0.0889304,0.92129207,-0.9143635,0.11851972,-0.38715953,-0.14362147,-0.9889613,0.036447227
1356069585699,-0.32590717,0.05401647,0.94385743,-0.932671,0.14491892,-0.33033818,-0.15462652,-0.987968,0.0031494498
1356069585736,-0.26811093,0.03532642,0.9627402,-0.9474256,0.17149293,-0.2701387,-0.17464626,-0.9845518,-0.012510002
1356069585778,-0.208586,0.030282319,0.9775351,-0.956758,0.2008886,-0.21037573,-0.2027463,-0.97914594,-0.012929678
1356069585818,-0.15047032,0.032615453,0.9880763,-0.96108747,0.22938144,-0.15393198,-0.2316669,-0.97279,-0.0031687617
1356069585858,-0.09753853,0.03672868,0.9945538,-0.9630995,0.2483964,-0.103627,-0.25084963,-0.9679619,0.0111451745
1356069585898,-0.052587897,0.039357275,0.99784046,-0.9660965,0.25091717,-0.06081173,-0.2527687,-0.96720815,0.024827719
1356069585938,-0.017567217,0.040315807,0.9990326,-0.97104424,0.2374081,-0.026655585,-0.23825315,-0.97057307,0.034977794
1356069585978,0.0056978166,0.040897608,0.99914706,-0.97669005,0.21463051,-0.0032155812,-0.21457896,-0.97583866,0.0411672
1356069586054,0.014629573,0.041326374,0.9990385,-0.9824389,0.1864647,0.0066730976,-0.18600959,-0.98159206,0.043328583
1356069586059,0.0016377568,0.043857574,0.99903643,-0.986743,0.16219753,-0.0055028796,-0.16228259,-0.98578316,0.04354179
1356069586085,-0.022118986,0.046192855,0.9986876,-0.9895233,0.14153916,-0.028462738,-0.14266816,-0.9888543,0.04257822
1356069586128,-0.055453897,0.048483312,0.99728346,-0.990609,0.12234819,-0.061030775,-0.12497485,-0.9913024,0.041243315
1356069586168,-0.11002505,0.05615565,0.99234116,-0.9879931,0.102771044,-0.11535871,-0.108461946,-0.99311864,0.044174075
1356069586208,-0.17379832,0.075981766,0.9818457,-0.9801806,0.08291471,-0.17992005,-0.09508008,-0.9936558,0.06006539
1356069586248,-0.23033601,0.12087503,0.96557474,-0.9687891,0.06493133,-0.23923123,-0.0916132,-0.9905418,0.10214639
1356069586288,-0.26378065,0.19928178,0.94377255,-0.958822,0.052601457,-0.27909395,-0.10526216,-0.97852945,0.1772005
1356069586328,-0.2651415,0.30097938,0.91603017,-0.95477116,0.050647855,-0.29299626,-0.13458082,-0.9522847,0.27393758
1356069586368,-0.2417962,0.3956742,0.885989,-0.95580924,0.06023401,-0.2877508,-0.1672222,-0.91641355,0.36362472
1356069586408,-0.21097904,0.4570209,0.86407167,-0.9586576,0.07594323,-0.27424142,-0.1909545,-0.88620794,0.42210406
1356069586448,-0.18607163,0.47766072,0.85861385,-0.961477,0.091438234,-0.25923184,-0.20233503,-0.8737731,0.44224566
1356069586488,-0.1727516,0.46134943,0.8702377,-0.96348435,0.104363024,-0.24658927,-0.20458448,-0.88105905,0.4264741
1356069586528,-0.17071569,0.415888,0.8932487,-0.9642716,0.1158638,-0.23823455,-0.20257404,-0.90200484,0.38124934
1356069586568,-0.17587179,0.35116613,0.9196476,-0.9640403,0.12763697,-0.23309937,-0.1992377,-0.92757285,0.31609046
1356069586608,-0.18237549,0.27763364,0.9432173,-0.9636724,0.13990676,-0.22751173,-0.19512746,-0.95044494,0.24203223
1356069586648,-0.18417418,0.20465851,0.9613505,-0.9642874,0.15178639,-0.2170501,-0.19034106,-0.9669932,0.16939443
1356069586688,-0.17671955,0.13889465,0.9744119,-0.96659184,0.16225314,-0.19842923,-0.18566209,-0.9769249,0.105581164
1356069586728,-0.15741706,0.08425486,0.9839314,-0.97059166,0.17055762,-0.16988784,-0.18213084,-0.98173887,0.054928422
1356069586768,-0.12509307,0.043397516,0.9911953,-0.97546065,0.17706522,-0.13085982,-0.18118522,-0.9832418,0.020182908
1356069586808,-0.07947007,0.018511325,0.9966653,-0.97937095,0.18489459,-0.081525266,-0.18578714,-0.98258394,0.0034359097
1356069586848,-0.022229612,0.00917998,0.9997108,-0.9796494,0.19932228,-0.02361378,-0.19948149,-0.97989094,0.0045622587
1356069586888,0.0411745,0.010661185,0.9990951,-0.97404325,0.2231901,0.037760407,-0.22258556,-0.97471666,0.019574225
1356069586928,0.10332018,0.015752703,0.9945234,-0.963043,0.25163472,0.09606394,-0.24874339,-0.96769404,0.041169465
1356069586968,0.15837902,0.019073188,0.9871941,-0.9507557,0.27272117,0.14726385,-0.26641995,-0.9619039,0.06132728
1356069587008,0.20377088,0.019627303,0.9788219,-0.94195175,0.27643573,0.19055218,-0.26684132,-0.96083194,0.07481751
1356069587053,0.23859394,0.019060344,0.97093236,-0.93823874,0.2624879,0.225407,-0.25056168,-0.9647471,0.08051118
1356069587089,0.26111242,0.018721908,0.9651269,-0.93857014,0.2386131,0.24929884,-0.22562459,-0.9709343,0.07987663
1356069587130,0.26820698,0.018673182,0.9631803,-0.9424099,0.21246794,0.25830415,-0.19982159,-0.9769896,0.07458317
1356069587170,0.25584906,0.018864125,0.96653265,-0.950389,0.18788809,0.24790862,-0.17692333,-0.9820093,0.06599927
1356069587208,0.22003904,0.020082414,0.97528434,-0.9627942,0.1652548,0.21381822,-0.15687644,-0.98604643,0.05569771
1356069587248,0.15756112,0.024643928,0.9872017,-0.9777795,0.14388043,0.15246561,-0.13828161,-0.9892882,0.04676631
1356069587288,0.06940347,0.03757608,0.9968807,-0.9901782,0.124170065,0.0642564,-0.12136823,-0.99154913,0.045824826
1356069587328,-0.031683296,0.06771448,0.99720156,-0.9933493,0.10836288,-0.03891912,-0.110695094,-0.9918026,0.06383079
1356069587368,-0.1154871,0.12641564,0.9852319,-0.986737,0.09930813,-0.12840581,-0.11407402,-0.9869939,0.11327016
1356069587408,-0.15609366,0.21374625,0.9643377,-0.97868794,0.098420024,-0.18023142,-0.13343394,-0.9719187,0.19382817
1356069587449,-0.15302187,0.3100515,0.9383243,-0.97522634,0.10610646,-0.19410071,-0.15974349,-0.9447801,0.28613374
1356069587488,-0.1365534,0.3880028,0.91148615,-0.9741966,0.114314854,-0.19461,-0.17970562,-0.91454136,0.36238095
1356069587528,-0.14141,0.43343967,0.8900187,-0.9720883,0.10922283,-0.20764112,-0.18721029,-0.89453924,0.40589637
1356069587568,-0.19027233,0.44501072,0.8750782,-0.9641437,0.0832628,-0.2519806,-0.18499553,-0.8916461,0.41321167
1356069587608,-0.2884428,0.4251169,0.857949,-0.9406862,0.0413509,-0.33674857,-0.17863452,-0.9041934,0.38797414
1356069587648,-0.41625643,0.37900645,0.82648927,-0.89292854,0.0010442734,-0.45019704,-0.17149061,-0.9253934,0.33799112
1356069587688,-0.5384636,0.3182457,0.7802414,-0.8265926,-0.019594312,-0.5624596,-0.16371205,-0.94780576,0.27361035
1356069587728,-0.63073003,0.25606403,0.7325373,-0.7603662,-0.015388072,-0.64931226,-0.15499318,-0.96653736,0.20440811
1356069587768,-0.6851934,0.20200339,0.6997889,-0.7133751,0.0077705383,-0.70073926,-0.14698943,-0.979354,0.13877988
1356069587808,-0.7046904,0.15970188,0.691308,-0.6950424,0.040409744,-0.71783227,-0.14257476,-0.98633784,0.08252323
1356069587848,-0.69322914,0.12938833,0.7090077,-0.7061354,0.07495129,-0.7040988,-0.14424318,-0.98875725,0.039407313
1356069587888,-0.6517754,0.11076763,0.75027937,-0.7425604,0.107999265,-0.66101444,-0.1542486,-0.9879608,0.01186049
1356069587928,-0.5792115,0.102113456,0.8087565,-0.7964939,0.14030123,-0.58814377,-0.17352691,-0.9848291,6.866455E-5
1356069587968,-0.47958547,0.100026995,0.8717754,-0.8541709,0.17432076,-0.4899023,-0.20097205,-0.9795953,0.0018384457
1356069588008,-0.36605632,0.09948239,0.92525995,-0.9013654,0.20932412,-0.3791092,-0.2313939,-0.97277266,0.013045549
1356069588053,-0.2585929,0.09658626,0.9611455,-0.931571,0.2382865,-0.2745816,-0.2555488,-0.9663802,0.028357804
1356069588089,-0.17407966,0.09094113,0.9805232,-0.9485864,0.25181335,-0.19176483,-0.26434815,-0.96349347,0.042429984
1356069588129,-0.12068674,0.085356265,0.98901415,-0.95943224,0.24569902,-0.13828182,-0.25480303,-0.9655808,0.05224091
1356069588169,-0.102400005,0.08303031,0.991272,-0.9673681,0.22386044,-0.11868161,-0.23176074,-0.971078,0.057397604
1356069588208,-0.124378145,0.0853062,0.98856103,-0.9711498,0.1938324,-0.13891396,-0.20346534,-0.97731864,0.058736622
1356069588248,-0.19247752,0.091175854,0.9770565,-0.965525,0.16022474,-0.20515755,-0.17525402,-0.9828607,0.05719292
1356069588288,-0.31071043,0.09888387,0.94534713,-0.93868935,0.124408185,-0.32153535,-0.14940363,-0.9872916,0.054166257
1356069588328,-0.46473163,0.104769856,0.87923133,-0.876516,0.08627945,-0.47357747,-0.12547621,-0.99074674,0.05173564
1356069588368,-0.62133133,0.10687393,0.77622503,-0.7767743,0.045964003,-0.6280995,-0.10280585,-0.99320954,0.054458022
1356069588408,-0.74624014,0.110239655,0.6564851,-0.6603532,0.0018799305,-0.7509528,-0.084018886,-0.9939032,0.071394324
1356069588448,-0.8255352,0.12695193,0.5498863,-0.55922085,-0.052940607,-0.82732666,-0.07591939,-0.9904951,0.11469853
1356069588488,-0.8695017,0.1643319,0.46579152,-0.48673338,-0.124679446,-0.8646072,-0.084007904,-0.9784938,0.18839478
1356069588528,-0.89178115,0.21510568,0.3980652,-0.4399872,-0.20706505,-0.87380505,-0.105535075,-0.9543865,0.27930045
1356069588568,-0.9026514,0.25906593,0.34366435,-0.41072166,-0.28001076,-0.867699,-0.12856153,-0.9243802,0.3591562
1356069588609,-0.9081597,0.28432623,0.30725306,-0.39299384,-0.3261811,-0.8597451,-0.14422789,-0.9015345,0.40796316
1356069588655,-0.9116182,0.28655466,0.29468432,-0.3824151,-0.32842457,-0.86365277,-0.15070215,-0.90001327,0.40898055
1356069588686,-0.90719557,0.28757855,0.30707455,-0.3912665,-0.30847132,-0.8670386,-0.154618,-0.9067216,0.39236367
1356069588728,-0.90176284,0.2764539,0.33226055,-0.40273374,-0.25829548,-0.8781168,-0.15693739,-0.92566556,0.3442585
1356069588768,-0.88937205,0.2573674,0.37786132,-0.42948195,-0.18700117,-0.88350195,-0.15672408,-0.9480466,0.27684844
1356069588808,-0.8664147,0.2299422,0.44322944,-0.47528577,-0.10767311,-0.8732182,-0.15306588,-0.9672296,0.20257771
