1356069008030,0.92642164,-0.035254136,0.3748333,-0.37417895,0.023868112,0.92704934,-0.041628897,-0.99909335,0.008920576
1356069008069,-0.41512012,0.025416285,0.90941143,-0.90881455,0.034133613,-0.41580164,-0.041609615,-0.999094,0.008929193
1356069008108,-0.41498452,0.025432616,0.90947294,-0.9088824,0.033985555,-0.41566548,-0.041480422,-0.99909866,0.009011745
1356069008148,-0.41403377,0.02557844,0.9099021,-0.9093312,0.03355956,-0.41471738,-0.041143745,-0.9991093,0.009364486
1356069008190,-0.4108523,0.026222408,0.9113246,-0.91078854,0.032925665,-0.4115581,-0.04079798,-0.99911374,0.010355532
1356069008228,-0.40354472,0.028108954,0.914528,-0.91403,0.032666743,-0.40432903,-0.041239917,-0.9990709,0.012509942
1356069008268,-0.39059848,0.03202018,0.92000407,-0.91953015,0.033713818,-0.3915707,-0.04355496,-0.9989184,0.016274989
1356069008310,-0.37139302,0.038544893,0.9276753,-0.9272027,0.036906064,-0.37273726,-0.048603952,-0.9985751,0.02203226
1356069008348,-0.3473816,0.047181815,0.9365362,-0.9360477,0.04224235,-0.3493285,-0.056043446,-0.99799275,0.029490173
1356069008388,-0.3210765,0.05715257,0.94532716,-0.94482297,0.049132884,-0.3238758,-0.06495699,-0.9971558,0.038223684
1356069008428,-0.29600132,0.06711024,0.9528271,-0.95234185,0.056207597,-0.2998095,-0.07367638,-0.9961611,0.04727441
1356069008470,-0.27521807,0.075938076,0.9583781,-0.957994,0.061953306,-0.2800167,-0.08063865,-0.9951861,0.0556975
1356069008508,-0.26050836,0.082915306,0.9619046,-0.9617586,0.06500679,-0.2660724,-0.084591806,-0.9944341,0.062809706
1356069008548,-0.2525969,0.087592185,0.9635986,-0.96385044,0.064478755,-0.2585241,-0.08477628,-0.99406743,0.06813866
1356069008589,-0.25094765,0.089860916,0.9638207,-0.9646255,0.059860587,-0.25673822,-0.080765605,-0.99415386,0.07166022
1356069008635,-0.254789,0.089793414,0.9628186,-0.9642476,0.051433206,-0.2599638,-0.07286391,-0.99463147,0.07347846
1356069008677,-0.2618931,0.088326484,0.96104646,-0.9629661,0.04221928,-0.26629645,-0.064095706,-0.9951964,0.07399851
1356069008698,-0.27484918,0.0835883,0.95784706,-0.959981,0.031885922,-0.27824408,-0.053799808,-0.9959901,0.07147926
1356069008735,-0.2940858,0.07555011,0.95278835,-0.95471525,0.023798764,-0.29656765,-0.04508093,-0.9968579,0.065129995
1356069008766,-0.31473106,0.06651476,0.94684744,-0.9483508,0.01967591,-0.31661293,-0.03968951,-0.9975914,0.056886673
1356069008808,-0.3380736,0.055444777,0.93948495,-0.9402454,0.02311951,-0.33971173,-0.040555686,-0.99819404,0.044315636
1356069008848,-0.35846043,0.04502949,0.9324583,-0.93234646,0.0333277,-0.3600269,-0.047288537,-0.9984296,0.03003645
1356069008888,-0.37104756,0.037695825,0.92784834,-0.92671824,0.048778415,-0.37257743,-0.059303552,-0.998098,0.016834319
1356069008967,-0.37056875,0.035953492,0.92810893,-0.9254552,0.070497155,-0.3722402,-0.07881239,-0.99686384,0.0071493387
1356069008968,-0.35967308,0.036897838,0.9323486,-0.92787266,0.09125894,-0.361558,-0.098425895,-0.9951434,0.0014131069
1356069008995,-0.34267503,0.04005766,0.93859965,-0.9320558,0.11064166,-0.34500787,-0.11766845,-0.9930527,-5.7816505E-4
1356069009027,-0.3195899,0.045172065,0.9464786,-0.9376577,0.12892252,-0.3227645,-0.13660231,-0.99062526,0.0011535883
1356069009068,-0.28665757,0.053435296,0.9565418,-0.9451072,0.14768606,-0.29148105,-0.15684327,-0.98758984,0.00816673
1356069009108,-0.24466711,0.061600953,0.9676484,-0.95345354,0.16612315,-0.2516535,-0.17625093,-0.9841791,0.018088758
1356069009148,-0.19786477,0.06753808,0.97789985,-0.9610205,0.1831646,-0.20709962,-0.19310373,-0.98075956,0.028663635
1356069009188,-0.14926967,0.06989351,0.9863232,-0.9669759,0.19808188,-0.16037828,-0.20658213,-0.9776904,0.03801775
1356069009228,-0.10097298,0.068498224,0.9925283,-0.97086704,0.21111903,-0.113339484,-0.21730518,-0.9750573,0.045185387
1356069009268,-0.054426193,0.06395498,0.99646753,-0.9724535,0.22312957,-0.06743541,-0.22665423,-0.97268856,0.050049126
1356069009308,-0.011451393,0.057059288,0.99830514,-0.97180676,0.2344971,-0.024550378,-0.23550051,-0.9704408,0.05276531
1356069009348,0.026355058,0.04860732,0.9984702,-0.96958935,0.24435374,0.013697118,-0.24331415,-0.9684671,0.053569138
1356069009388,0.05872947,0.03971371,0.9974836,-0.96694314,0.2506318,0.046952695,-0.2481364,-0.9672675,0.053120434
1356069009428,0.08646971,0.031811506,0.99574655,-0.9650388,0.25091136,0.07578716,-0.24743325,-0.9674872,0.052395523
1356069009468,0.11022568,0.026290715,0.99355876,-0.96474344,0.24320978,0.10059321,-0.23899853,-0.96961725,0.052171767
1356069009508,0.12947664,0.024344355,0.99128366,-0.9662578,0.2275897,0.12061864,-0.22266963,-0.97345275,0.052990437
1356069009548,0.14301848,0.027069032,0.98934984,-0.9693006,0.20583802,0.13448843,-0.20000538,-0.97821164,0.05567664
1356069009588,0.14752355,0.034976393,0.9884399,-0.97341704,0.18216476,0.13883546,-0.17520297,-0.98264575,0.06092021
1356069009628,0.13835675,0.04751566,0.98924196,-0.9785943,0.16021168,0.12917224,-0.1523504,-0.98593843,0.06866497
1356069009668,0.11067587,0.063738585,0.9918106,-0.98487294,0.14090937,0.10084623,-0.13332766,-0.9879686,0.07836962
1356069009708,0.06328982,0.08335674,0.994508,-0.991071,0.122431874,0.05280927,-0.11735752,-0.9889703,0.09036109
1356069009748,7.4350834E-4,0.10726747,0.9942299,-0.994732,0.101994514,-0.010260314,-0.10250661,-0.9889847,0.106778264
1356069009788,-0.065054655,0.13802642,0.9882897,-0.99400824,0.07821435,-0.07635468,-0.08783737,-0.9873354,0.13211125
1356069009828,-0.11207968,0.18154821,0.9769741,-0.990803,0.054592013,-0.12381083,-0.07581267,-0.9818656,0.17375985
1356069009868,-0.11230552,0.24638918,0.9626421,-0.9909667,0.04368943,-0.12679237,-0.0732975,-0.9681857,0.23925689
1356069009908,-0.05007261,0.33283532,0.94165456,-0.9949603,0.065384746,-0.076017916,-0.08687127,-0.9407154,0.32788405
1356069009963,0.075897574,0.42888498,0.90016514,-0.989617,0.14290774,0.015351087,-0.12205678,-0.89198375,0.43527815
1356069009999,0.1724649,0.48986062,0.85457146,-0.97301006,0.21976352,0.07039389,-0.15332046,-0.8436471,0.51454085
1356069010040,0.22314364,0.51837873,0.82552433,-0.9594202,0.2665677,0.09194821,-0.17239407,-0.8125424,0.55682594
1356069010079,0.23415756,0.52348334,0.81922853,-0.9556305,0.27883947,0.09496769,-0.17871925,-0.80511725,0.565549
1356069010118,0.20610058,0.5095992,0.8353629,-0.9626869,0.2585966,0.079761416,-0.17537567,-0.82063174,0.54388136
1356069010158,0.13781965,0.47683224,0.86812246,-0.97653127,0.21187878,0.038651884,-0.16550621,-0.8530758,0.49484268
1356069010198,0.035459936,0.42500356,0.9044968,-0.9879315,0.15145731,-0.032435656,-0.1507779,-0.8924307,0.42524508
1356069010238,-0.08544475,0.3570988,0.93015045,-0.98748386,0.093865156,-0.12674767,-0.1325702,-0.9293384,0.34460896
1356069010278,-0.19759214,0.2832278,0.9384771,-0.9735861,0.055024803,-0.2215904,-0.11440009,-0.9574728,0.26487428
1356069010318,-0.28113705,0.21489462,0.93529797,-0.9544376,0.039000094,-0.29585087,-0.10005346,-0.9758582,0.19413912
1356069010358,-0.32757318,0.15947282,0.93127024,-0.9403659,0.04062736,-0.33772972,-0.09169379,-0.98636603,0.13665438
1356069010398,-0.33838302,0.11902583,0.9334504,-0.9367213,0.051974654,-0.34619614,-0.08972198,-0.9915298,0.0939067
1356069010439,-0.31733167,0.093652695,0.94367886,-0.9436059,0.067858934,-0.32404166,-0.09438443,-0.99328965,0.06683743
1356069010478,-0.2690755,0.08226991,0.9595989,-0.95728624,0.0866431,-0.2758552,-0.105837196,-0.9928367,0.055442333
1356069010518,-0.2033199,0.08145034,0.9757186,-0.9713609,0.10836744,-0.21145806,-0.122959465,-0.99076855,0.05708444
1356069010558,-0.13306546,0.08626509,0.98734593,-0.9808996,0.13114583,-0.14365503,-0.14187875,-0.9876027,0.06716645
1356069010598,-0.07116926,0.09137291,0.9932703,-0.9853762,0.14811844,-0.08422938,-0.15481794,-0.98473954,0.07949525
1356069010638,-0.024375975,0.095068485,0.99517226,-0.9875268,0.15260404,-0.03876689,-0.15555286,-0.9837042,0.090162754
1356069010678,0.00488925,0.09758046,0.9952156,-0.9894872,0.14432228,-0.009289652,-0.14453822,-0.9847076,0.09726024
1356069010718,0.014101684,0.09905428,0.99498206,-0.991739,0.12826574,0.0012863278,-0.12749463,-0.98678064,0.10004479
1356069010758,-3.5223365E-4,0.098789155,0.99510837,-0.99395615,0.10920599,-0.011193216,-0.10977757,-0.989098,0.09815359
1356069010798,-0.04134792,0.09631246,0.99449205,-0.9947836,0.088929534,-0.049972415,-0.09325269,-0.99137056,0.092132986
1356069010838,-0.10806888,0.09155023,0.989919,-0.9912169,0.06642455,-0.11435372,-0.07622403,-0.99358255,0.08356774
1356069010878,-0.19561803,0.08555138,0.9769414,-0.9790782,0.039880395,-0.1995382,-0.056031525,-0.99553525,0.07596016
1356069010918,-0.29009867,0.08261827,0.95342386,-0.95643544,0.009089768,-0.29180261,-0.032774657,-0.99653983,0.0763821
1356069010963,-0.36594325,0.095121354,0.9257632,-0.9305533,-0.02404815,-0.3653658,-0.012491167,-0.9951752,0.09731579
1356069011000,-0.39679682,0.14071026,0.9070573,-0.91788924,-0.05477035,-0.39303896,-0.005624801,-0.9885347,0.15088916
1356069011039,-0.36748207,0.2280376,0.90164065,-0.92983484,-0.07019615,-0.3612196,-0.019079953,-0.97111857,0.23783314
1356069011069,-0.30715573,0.32481897,0.89450985,-0.95072937,-0.06319445,-0.3035128,-0.042058587,-0.9436625,0.32822558
1356069011099,-0.23649311,0.41110647,0.8803763,-0.96917176,-0.035356224,-0.24383587,-0.06911564,-0.91090137,0.40679437
1356069011139,-0.18128508,0.47014642,0.8637697,-0.97885156,-0.0016025901,-0.2045658,-0.09479165,-0.8825871,0.460494
1356069011179,-0.15971845,0.49292403,0.8552871,-0.9809777,0.017581522,-0.1933229,-0.11033076,-0.86989474,0.48073936
1356069011219,-0.17598957,0.48183858,0.8584051,-0.97770894,0.015880704,-0.20936328,-0.1145114,-0.8761161,0.46830305
1356069011260,-0.22206932,0.4424069,0.86888516,-0.96886384,-5.3942204E-5,-0.24759433,-0.10949057,-0.89681447,0.42864394
1356069011299,-0.2817961,0.3833828,0.8795503,-0.9544314,-0.018143535,-0.2978785,-0.098243356,-0.92341137,0.37102532
1356069011339,-0.34101224,0.31401458,0.8860617,-0.93628263,-0.029054403,-0.35004374,-0.08417481,-0.9489734,0.30391443
1356069011379,-0.38727915,0.24506858,0.8887948,-0.9191625,-0.027555943,-0.39291337,-0.07179913,-0.96911407,0.23592973
1356069011418,-0.41495407,0.18470731,0.8908963,-0.90754855,-0.014541328,-0.41969535,-0.06456599,-0.9826859,0.17366487
1356069011459,-0.42433292,0.13667902,0.8951316,-0.9032712,0.0055212975,-0.42903453,-0.06358233,-0.99060005,0.12111539
1356069011498,-0.4180463,0.10217479,0.9026613,-0.90581214,0.028434694,-0.4227242,-0.06885859,-0.9943599,0.08066428
1356069011538,-0.39841187,0.08189002,0.91354364,-0.91363776,0.052345574,-0.40314516,-0.080833495,-0.9952657,0.053962767
1356069011578,-0.36792678,0.07534042,0.92679757,-0.9244963,0.07720965,-0.3732897,-0.099681556,-0.9941642,0.041244388
1356069011618,-0.33080018,0.079348,0.940359,-0.9356686,0.10215503,-0.33777004,-0.12286374,-0.9915988,0.040450633
1356069011662,-0.2930767,0.088442594,0.9519895,-0.9452276,0.12285668,-0.3024088,-0.14370412,-0.9884757,0.047591925
1356069011698,-0.26147598,0.0963963,0.9603843,-0.9528817,0.13274091,-0.27275687,-0.15377504,-0.98645204,0.057145715
1356069011738,-0.24020416,0.09988028,0.9655703,-0.9591144,0.12894762,-0.2519367,-0.1496715,-0.9866086,0.06482285
1356069011775,-0.23016083,0.09913674,0.9680898,-0.9636445,0.11550343,-0.24093202,-0.13570288,-0.98834753,0.06894827
1356069011818,-0.23125589,0.09531504,0.9682126,-0.9657859,0.09757954,-0.2402825,-0.11738026,-0.9906529,0.06948811
1356069011858,-0.24396795,0.089309394,0.96566224,-0.96481663,0.07829541,-0.25099546,-0.098023176,-0.99292177,0.0670656
1356069011898,-0.2680183,0.08157021,0.95995444,-0.9602913,0.05753833,-0.27300158,-0.077503026,-0.99500537,0.06290984
1356069011960,-0.30167973,0.073150605,0.9505989,-0.9518367,0.034134448,-0.30469927,-0.05473703,-0.9967365,0.059329808
1356069011972,-0.3411106,0.06578195,0.93771863,-0.9394835,0.009938955,-0.3424498,-0.031847,-0.9977845,0.058410764
1356069012009,-0.37379688,0.066155195,0.9251483,-0.92747724,-0.01820165,-0.37343633,-0.007865548,-0.99764335,0.06816113
1356069012049,-0.39276576,0.0875774,0.91545916,-0.9195823,-0.048420608,-0.38990253,0.0101804435,-0.9949803,0.09955257
1356069012089,-0.38069648,0.14623654,0.9130635,-0.92462325,-0.072928846,-0.37383586,0.0119202435,-0.9865578,0.16297746
1356069012129,-0.32633096,0.24455762,0.91307163,-0.9452156,-0.0755378,-0.31758708,-0.0086969435,-0.966688,0.25580996
1356069012169,-0.2461946,0.34908375,0.904173,-0.9682858,-0.047627926,-0.24526349,-0.042553633,-0.9358804,0.34973857
1356069012209,-0.17313802,0.4223336,0.8897514,-0.98210156,-0.0060089827,-0.18825632,-0.07416046,-0.9064205,0.41581488
1356069012248,-0.12704647,0.4529832,0.8824203,-0.98735446,0.027287722,-0.15616232,-0.094818145,-0.8911014,0.44378814
1356069012288,-0.11063141,0.4464688,0.8879337,-0.9884356,0.043800652,-0.1451771,-0.1037091,-0.89372647,0.43646002
1356069012328,-0.11812246,0.41211107,0.9034443,-0.9877056,0.045055866,-0.14969185,-0.10239509,-0.9100189,0.40172234
1356069012368,-0.14110124,0.35952008,0.9224077,-0.9856595,0.036088407,-0.16484275,-0.0925526,-0.9324393,0.3492722
1356069012408,-0.17128593,0.29770198,0.939167,-0.9821955,0.023055613,-0.18644175,-0.07715717,-0.9543804,0.2884524
1356069012448,-0.20154732,0.23466945,0.9509516,-0.9775953,0.011984944,-0.21015188,-0.06071329,-0.9720013,0.22699621
1356069012488,-0.22627693,0.17702046,0.95784265,-0.9729254,0.006438017,-0.23102981,-0.04706365,-0.9841861,0.17077082
1356069012528,-0.24189359,0.12936547,0.96164036,-0.9695623,0.0064872503,-0.244759,-0.03790182,-0.99157584,0.12385863
1356069012568,-0.24624193,0.09481534,0.96455956,-0.96860325,0.01108855,-0.24836424,-0.03424433,-0.9954332,0.08910793
1356069012608,-0.23783767,0.07552752,0.968364,-0.9705554,0.020678222,-0.23998865,-0.038149804,-0.9969293,0.06838554
1356069012648,-0.2166844,0.0717144,0.9736041,-0.9748732,0.0368945,-0.21968439,-0.05167517,-0.9967427,0.0619179
1356069012688,-0.18575114,0.08026999,0.97931266,-0.9797922,0.0601179,-0.19076973,-0.07418731,-0.9949586,0.06748092
1356069012728,-0.1510995,0.09528661,0.9839153,-0.98340464,0.08662391,-0.15941012,-0.100420326,-0.9916737,0.080616415
1356069012768,-0.1199674,0.110601485,0.9865977,-0.98532206,0.10829908,-0.13195312,-0.12144178,-0.9879466,0.09598577
1356069012808,-0.09796584,0.12267569,0.98759973,-0.9865767,0.11830717,-0.11256006,-0.13064846,-0.98537004,0.109438956
1356069012848,-0.0886336,0.1306625,0.98745704,-0.9877146,0.116564155,-0.10408074,-0.12870154,-0.9845508,0.11872572
1356069012889,-0.09474498,0.13459143,0.9863613,-0.9881495,0.107481,-0.10958275,-0.12076408,-0.98505485,0.122813165
1356069012961,-0.12077445,0.13242558,0.9838074,-0.9867445,0.09219998,-0.1335456,-0.10839182,-0.98689544,0.11953485
1356069012969,-0.17150688,0.1284458,0.97677386,-0.980516,0.07413632,-0.18191281,-0.09578034,-0.98894167,0.11322826
1356069013008,-0.23255688,0.11852038,0.9653343,-0.9693767,0.05227971,-0.23994943,-0.07890633,-0.9915744,0.10273284
1356069013048,-0.3078158,0.10528585,0.9456028,-0.9497603,0.025133431,-0.31196758,-0.056612045,-0.9941244,0.092259824
1356069013088,-0.38423634,0.09556505,0.9182754,-0.9227252,-0.0067095757,-0.38540003,-0.03066951,-0.99540055,0.09075832
1356069013128,-0.4415831,0.10359058,0.89122015,-0.89718854,-0.042627633,-0.43958554,-0.0075463057,-0.9937061,0.111763954
1356069013168,-0.46162468,0.14420035,0.87527645,-0.8870667,-0.07938784,-0.45476392,0.0039092004,-0.9863589,0.1645627
1356069013208,-0.4395454,0.21658936,0.871716,-0.8982197,-0.1047889,-0.42687312,-0.0011099875,-0.97062266,0.24060428
1356069013248,-0.39228058,0.2956362,0.87104267,-0.91967,-0.10754424,-0.37767917,-0.01798004,-0.94922787,0.31407517
1356069013288,-0.34998953,0.35097274,0.8685191,-0.93606865,-0.09558582,-0.33858347,-0.035815418,-0.93149424,0.36198866
1356069013328,-0.33402914,0.3690724,0.8673005,-0.9414085,-0.08511013,-0.3263529,-0.046631783,-0.92549545,0.37587717
1356069013368,-0.34733695,0.3526622,0.8688996,-0.9364562,-0.08197081,-0.34107262,-0.049059063,-0.9321535,0.3587242
1356069013408,-0.37868053,0.31290624,0.87102854,-0.9244361,-0.08218652,-0.37237504,-0.04493171,-0.9462215,0.32038423
1356069013448,-0.4130144,0.26318255,0.87186813,-0.909976,-0.08044994,-0.4067819,-0.036916167,-0.96138585,0.27271676
1356069013488,-0.4387625,0.21478888,0.8725555,-0.89814425,-0.07379866,-0.43346342,-0.02870968,-0.97386825,0.22529155
1356069013528,-0.45018268,0.1744749,0.8757249,-0.8926104,-0.061424673,-0.44662502,-0.024133772,-0.982744,0.18339032
1356069013568,-0.44621128,0.14447844,0.88318825,-0.89456546,-0.04393184,-0.44477263,-0.025459975,-0.9885323,0.14884824
1356069013608,-0.4283026,0.12446478,0.89502263,-0.9030225,-0.02247858,-0.42900485,-0.033277214,-0.9919694,0.12202209
1356069013648,-0.39841336,0.113487095,0.9101579,-0.91597986,0.0020608902,-0.40121886,-0.04740885,-0.9935373,0.10313088
1356069013688,-0.3587702,0.11057907,0.9268528,-0.93094176,0.03000474,-0.36393273,-0.068053305,-0.9934143,0.09217793
1356069013728,-0.31288022,0.11322355,0.94301987,-0.9451754,0.06066364,-0.320879,-0.093538076,-0.9917159,0.0880357
1356069013768,-0.26629502,0.1181891,0.9566182,-0.95649827,0.09028506,-0.2774162,-0.119155884,-0.98887813,0.08900517
1356069013808,-0.22484046,0.12224057,0.9666974,-0.96468437,0.11179292,-0.23850867,-0.13722533,-0.98618424,0.09278804
1356069013848,-0.19274956,0.123818904,0.9734045,-0.9709041,0.1195938,-0.20746699,-0.1421015,-0.98507166,0.09716463
1356069013888,-0.17203116,0.12317398,0.9773605,-0.9757885,0.114724636,-0.18621293,-0.13506392,-0.9857315,0.10045552
1356069013962,-0.16492128,0.12016156,0.97895974,-0.97916865,0.099250436,-0.17713886,-0.11844748,-0.98778063,0.10128987
1356069013969,-0.17432088,0.11720991,0.9776882,-0.9792559,0.08352119,-0.18461335,-0.10329619,-0.98958886,0.10021901
1356069013995,-0.19278121,0.11329761,0.9746789,-0.97712135,0.068767786,-0.201258,-0.08982849,-0.99117833,0.09744847
1356069014026,-0.21954328,0.108048946,0.96960104,-0.9725703,0.054060757,-0.22624001,-0.076862335,-0.9926746,0.09321654
1356069014068,-0.25604612,0.10053855,0.961422,-0.96475166,0.035960555,-0.26069337,-0.06078297,-0.994283,0.08778721
1356069014108,-0.3058445,0.09395996,0.94743365,-0.9512055,0.01252085,-0.3083039,-0.04083085,-0.99549717,0.0855459
1356069014148,-0.35442555,0.0948109,0.9302652,-0.93491143,-0.016809106,-0.35448265,-0.017971843,-0.99535334,0.09459746
1356069014188,-0.38218498,0.11557612,0.9168297,-0.924083,-0.050213397,-0.37887865,0.0022478104,-0.99202853,0.12599283
1356069014228,-0.36673188,0.16984156,0.9146921,-0.930251,-0.079493225,-0.3582095,0.011872947,-0.98226,0.18714792
1356069014268,-0.2986228,0.25497484,0.91968054,-0.95434403,-0.08705562,-0.28574258,0.0072062016,-0.96302086,0.2693305
1356069014308,-0.19850743,0.3422943,0.9183842,-0.9800763,-0.0628947,-0.18840033,-0.006726891,-0.9374854,0.34795955
1356069014348,-0.1070891,0.40097353,0.9098088,-0.9940369,-0.024262846,-0.10631001,-0.020552933,-0.91576827,0.40118083
1356069014388,-0.053126216,0.42163983,0.9052057,-0.99818194,0.0034196377,-0.060175836,-0.028468013,-0.90675694,0.4206916
1356069014428,-0.04505658,0.40882438,0.9115002,-0.9985288,0.009126902,-0.053452045,-0.030171692,-0.9125675,0.40781164
1356069014468,-0.07710105,0.37037787,0.9256758,-0.9966475,-0.0031425357,-0.08175507,-0.027371347,-0.9288759,0.36937842
1356069014508,-0.13506293,0.31491125,0.939462,-0.9906074,-0.022504687,-0.13487229,-0.021330476,-0.9488542,0.314993
1356069014548,-0.20134276,0.2518527,0.94658935,-0.97942394,-0.038167596,-0.19817173,-0.013781041,-0.96701264,0.25435528
1356069014588,-0.25960153,0.19056535,0.9467269,-0.96568596,-0.04351759,-0.2560407,-0.007593155,-0.98070943,0.19532353
1356069014628,-0.29782385,0.13860235,0.94450533,-0.9546045,-0.03745389,-0.2955122,-0.0055832267,-0.98963964,0.1434651
1356069014686,-0.30983764,0.100247264,0.9454899,-0.95074224,-0.022751987,-0.3091465,-0.009479344,-0.99470234,0.1023587
1356069014708,-0.29377764,0.077007115,0.95276684,-0.95565563,-0.0023661852,-0.2944771,-0.020422399,-0.99702775,0.074287355
1356069014748,-0.25116605,0.06813303,0.96554315,-0.9671414,0.022951424,-0.25320134,-0.039411902,-0.9974122,0.060129642
1356069014786,-0.18918389,0.06986904,0.9794527,-0.9797431,0.05327922,-0.19304064,-0.06567201,-0.9961324,0.058374166
1356069014828,-0.1185236,0.07763928,0.9899113,-0.98833996,0.086743236,-0.12513879,-0.09558383,-0.9932008,0.06645286
1356069014868,-0.0509547,0.08639833,0.9949568,-0.9914403,0.11553621,-0.060807347,-0.12020725,-0.98953867,0.07977164
1356069014908,0.005085349,0.093616396,0.99559534,-0.9913367,0.1311441,-0.0072680116,-0.13124683,-0.98693323,0.0934723
1356069014963,0.046352953,0.099276155,0.9939798,-0.9913943,0.12652591,0.033595324,-0.12242904,-0.98698306,0.10428658
1356069014999,0.066775024,0.10344094,0.99239165,-0.9918931,0.114657044,0.054790318,-0.10811716,-0.988005,0.11025849
1356069015039,0.0677239,0.106058866,0.9920509,-0.99335706,0.099886924,0.05713424,-0.093033314,-0.98933005,0.11211911
1356069015079,0.04676637,0.1072472,0.9931319,-0.99582386,0.08304468,0.037925214,-0.07840693,-0.99075806,0.110683024
1356069015118,0.0018984079,0.10732302,0.99422234,-0.9979906,0.063169956,-0.0049133897,-0.06333226,-0.99221534,0.107227325
1356069015158,-0.06505251,0.10662982,0.9921685,-0.99682105,0.038890123,-0.0695371,-0.0460003,-0.99353796,0.10376096
1356069015198,-0.14710426,0.10744569,0.9832679,-0.9887824,0.01003319,-0.14902568,-0.025877476,-0.9941603,0.10476452
1356069015238,-0.223454,0.118142456,0.9675281,-0.9746902,-0.020079553,-0.22265628,-0.0068776906,-0.9927937,0.1196391
1356069015278,-0.25785625,0.1548037,0.95370114,-0.96618193,-0.04294026,-0.25426072,0.0015916526,-0.9870116,0.16064095
1356069015318,-0.21974051,0.22751385,0.94865775,-0.97551984,-0.04260254,-0.21574542,-0.008669823,-0.97284245,0.23130572
1356069015359,-0.12020373,0.31731796,0.94067013,-0.99213314,-0.0050212145,-0.12508616,-0.034968823,-0.94830585,0.31542525
1356069015398,-0.014387965,0.38774034,0.92165637,-0.9977981,0.05411786,-0.038343966,-0.064745575,-0.92017865,0.38610786
1356069015438,0.05105269,0.42291185,0.9047316,-0.9949014,0.10043216,0.009194404,-0.08697569,-0.90058815,0.42588294
1356069015478,0.06162685,0.4269128,0.9021903,-0.99328184,0.11493415,0.013462722,-0.097944975,-0.896959,0.4311279
1356069015518,0.020312667,0.40624037,0.9135405,-0.9949646,0.09791201,-0.021417141,-0.098147064,-0.9085054,0.40618366
1356069015558,-0.059808552,0.36556998,0.9288603,-0.99423146,0.06117946,-0.08809599,-0.08903238,-0.928771,0.35980216
1356069015598,-0.15886712,0.31014904,0.93732,-0.98457277,0.020746827,-0.17374095,-0.07333195,-0.9504615,0.30206838
1356069015638,-0.25108057,0.24928662,0.9353154,-0.9663187,-0.008201182,-0.25721747,-0.05645016,-0.96839505,0.24294949
1356069015678,-0.3140499,0.1943793,0.92929506,-0.9483676,-0.01845038,-0.3166361,-0.044401675,-0.98075294,0.19013733
1356069015718,-0.33925486,0.15215597,0.9283074,-0.9398297,-0.012519956,-0.34141365,-0.04032579,-0.9882772,0.14724815
1356069015758,-0.33014536,0.122822136,0.9359052,-0.9428996,0.0034041405,-0.33305946,-0.044092983,-0.9924228,0.11468518
1356069015798,-0.29351592,0.103921056,0.9502889,-0.9543829,0.025117636,-0.29752722,-0.05478838,-0.9942684,0.09180808
1356069015838,-0.23585135,0.09291437,0.96733713,-0.9691129,0.051336706,-0.24121529,-0.0720723,-0.9943498,0.07793665
1356069015878,-0.16446877,0.08731726,0.9825099,-0.98179567,0.081454515,-0.17158821,-0.095012486,-0.9928448,0.07233095
1356069015918,-0.08781123,0.08482763,0.9925188,-0.98886955,0.112713695,-0.097121656,-0.12010908,-0.98999995,0.073985934
1356069015962,-0.012527049,0.0845207,0.996343,-0.98999465,0.13900727,-0.024239331,-0.14054763,-0.9866779,0.08193374
1356069015999,0.05288133,0.08493188,0.9949824,-0.9874333,0.15304163,0.039416432,-0.14892596,-0.98456323,0.09195763
1356069016039,0.105198205,0.087572336,0.99058795,-0.9843806,0.15057379,0.09122756,-0.14116761,-0.9847125,0.10204455
1356069016079,0.13957173,0.093046784,0.98583066,-0.9826623,0.13571936,0.12631339,-0.12204328,-0.98636836,0.11037612
1356069016118,0.1495902,0.10085538,0.98359084,-0.9837191,0.11538589,0.13777825,-0.09959683,-0.9881873,0.11647397
1356069016158,0.12760451,0.10962656,0.98574805,-0.9886801,0.0931457,0.11762524,-0.078923374,-0.9895989,0.120271385
1356069016198,0.06472951,0.11822444,0.9908749,-0.99601537,0.06869739,0.05686882,-0.061347216,-0.99060774,0.12220016
1356069016238,-0.040793955,0.12579262,0.99121743,-0.9981252,0.040171623,-0.046176374,-0.045627415,-0.9912428,0.12391809
1356069016278,-0.18188411,0.13202313,0.9744167,-0.98284996,0.0062243342,-0.18430164,-0.030397117,-0.99122703,0.12862694
1356069016318,-0.33344424,0.13903055,0.9324621,-0.9426327,-0.03229344,-0.33226624,-0.016082734,-0.9897615,0.14182281
1356069016358,-0.45223522,0.15671417,0.8780228,-0.8918724,-0.0719049,-0.44653466,-0.0068441927,-0.985023,0.17228699
1356069016398,-0.498919,0.20226732,0.8427144,-0.8665941,-0.1055277,-0.487728,-0.009721667,-0.97362816,0.22793347
1356069016438,-0.46444935,0.28150222,0.8396686,-0.88517714,-0.11827713,-0.44996884,-0.027353644,-0.9522432,0.30411303
1356069016478,-0.3844959,0.36915797,0.8461001,-0.92168146,-0.10225022,-0.37423027,-0.05163619,-0.9237248,0.37956077
1356069016518,-0.32089114,0.43140066,0.8431622,-0.9444996,-0.07963091,-0.31871533,-0.07035226,-0.8986392,0.4330105
1356069016558,-0.31290716,0.45634604,0.83296907,-0.94659185,-0.077998996,-0.3128578,-0.07780066,-0.88637716,0.45637983
1356069016599,-0.3695197,0.44423354,0.81615674,-0.9261422,-0.104608655,-0.36237785,-0.075603336,-0.8897829,0.45007834
1356069016638,-0.476569,0.3974319,0.7841747,-0.87651044,-0.1458993,-0.45874047,-0.0679076,-0.9059588,0.4178843
1356069016678,-0.5982522,0.3260613,0.7319688,-0.79923004,-0.17706382,-0.57435155,-0.057668686,-0.92861855,0.36652684
1356069016718,-0.6997488,0.24858876,0.66974276,-0.71287525,-0.18197829,-0.67726874,-0.0464828,-0.95136094,0.30455172
1356069016758,-0.7676537,0.18079147,0.61483514,-0.6398375,-0.16190898,-0.7512613,-0.036274254,-0.9701031,0.23996723
1356069016798,-0.8042484,0.12998916,0.5799029,-0.593568,-0.12750334,-0.7946193,-0.029352367,-0.98328316,0.1797018
1356069016838,-0.8168405,0.096248746,0.5687774,-0.5762302,-0.08995092,-0.81232226,-0.027022958,-0.9912845,0.128937
1356069016878,-0.81053346,0.07732257,0.58056587,-0.5849383,-0.056584537,-0.8091016,-0.02971077,-0.9953991,0.09109259
1356069016918,-0.78538495,0.07277179,0.6147151,-0.6177763,-0.029542446,-0.7857987,-0.039023757,-0.996911,0.068158925
1356069016962,-0.7378666,0.08222669,0.66991913,-0.6725584,-0.0061528683,-0.7400184,-0.05672732,-0.9965946,0.05984229
1356069016999,-0.6666472,0.10242927,0.73830205,-0.7408164,0.0183115,-0.67145795,-0.08229643,-0.99457175,0.063673854
1356069017039,-0.5783198,0.12598771,0.80602324,-0.80833364,0.044961512,-0.5870053,-0.11019549,-0.9910124,0.07583791
1356069017079,-0.4883685,0.14460373,0.8605732,-0.862849,0.067276716,-0.50096464,-0.13033792,-0.9871999,0.09191525
1356069017118,-0.41254967,0.15407163,0.897811,-0.9009593,0.076449156,-0.42711565,-0.13444322,-0.98509765,0.10727328
1356069017158,-0.35908347,0.15530312,0.92029345,-0.925272,0.069860995,-0.37281534,-0.122191936,-0.9853935,0.11861169
1356069017198,-0.32892084,0.15186304,0.93206686,-0.9388121,0.054219663,-0.3401353,-0.102190316,-0.9869132,0.124736965
1356069017238,-0.32257682,0.14621598,0.93518186,-0.9429268,0.036644638,-0.3309777,-0.082663655,-0.9885738,0.12605023
1356069017278,-0.34121925,0.13904381,0.9296431,-0.9376112,0.019877136,-0.3471168,-0.066743076,-0.9900867,0.123586655
1356069017318,-0.38299453,0.13062388,0.9144686,-0.9222116,0.0030552149,-0.38667378,-0.053302765,-0.9914273,0.11929262
1356069017358,-0.44063032,0.12208977,0.88934755,-0.89680135,-0.015829802,-0.4421502,-0.03990385,-0.9923928,0.11646533
1356069017398,-0.50119615,0.11666533,0.85743314,-0.86497414,-0.03898132,-0.5003001,-0.024943829,-0.99240595,0.12044978
1356069017438,-0.5451603,0.12286362,0.8292798,-0.83827484,-0.06834912,-0.5409471,-0.009782225,-0.99006724,0.14025462
1356069017478,-0.5461883,0.15701497,0.82281494,-0.83766204,-0.10158247,-0.53665924,-6.798804E-4,-0.982358,0.18700874
1356069017518,-0.4758951,0.23475417,0.8475932,-0.87948346,-0.12077427,-0.4603502,-0.0057016313,-0.9645227,0.26393837
1356069017558,-0.3308398,0.34226394,0.87943196,-0.9433466,-0.09492099,-0.31794226,-0.025343627,-0.93479705,0.35427707
1356069017598,-0.16748112,0.4316288,0.88636714,-0.9846337,-0.028125703,-0.17235264,-0.049462616,-0.90161276,0.4297068
1356069017642,-0.051621556,0.47581467,0.87802935,-0.99643314,0.0342288,-0.07713181,-0.06675437,-0.87887925,0.4723506
1356069017688,-0.01644051,0.47422704,0.880249,-0.99733675,0.05478686,-0.048143357,-0.07105693,-0.8786962,0.47206336
1356069017746,-0.012082934,0.44636947,0.89476717,-0.9976112,0.05548328,-0.04115051,-0.06801289,-0.893127,0.44463283
1356069017768,-0.049265146,0.39689755,0.9165398,-0.99692357,0.036468804,-0.06937832,-0.060961187,-0.9171381,0.39387995
1356069017808,-0.108074665,0.33201683,0.9370618,-0.9927535,0.01377058,-0.11937699,-0.05253902,-0.94317293,0.3281226
1356069017846,-0.16690743,0.2614499,0.95067656,-0.98494625,-2.30968E-4,-0.1728605,-0.044974774,-0.965217,0.25755268
1356069017888,-0.21360642,0.1934799,0.95756865,-0.97609746,-0.002060473,-0.2173234,-0.040074587,-0.981102,0.18929541
1356069017961,-0.24413115,0.13208202,0.96070516,-0.96896124,0.0065276027,-0.24712655,-0.038912088,-0.99121726,0.12638879
1356069017969,-0.24361151,0.08398411,0.9662298,-0.96908295,0.019121826,-0.24599293,-0.039135545,-0.99628365,0.0767293
1356069018008,-0.22453982,0.05158332,0.9730987,-0.97355795,0.031199634,-0.22629964,-0.042033613,-0.9981812,0.043213844
1356069018048,-0.18212712,0.034826964,0.982658,-0.9820168,0.044096768,-0.18357119,-0.049725294,-0.99842,0.026169479
1356069018088,-0.12065405,0.031651348,0.9921899,-0.99065065,0.06026554,-0.122389436,-0.06366864,-0.9976804,0.02408415
1356069018128,-0.04923725,0.03738925,0.99808705,-0.99543667,0.07994521,-0.052101374,-0.08174029,-0.9960978,0.0332824
1356069018168,0.022192568,0.04735616,0.9986315,-0.9949459,0.098890394,0.017421156,-0.097930044,-0.9939709,0.0493114
1356069018208,0.0855588,0.057730258,0.9946592,-0.99080604,0.10993895,0.078846425,-0.1047999,-0.99226034,0.06660572
1356069018248,0.13620117,0.06729689,0.9883928,-0.9856149,0.10997537,0.12833041,-0.10006255,-0.9916534,0.08130765
1356069018288,0.17117837,0.07570952,0.98232687,-0.9812953,0.10223284,0.16311938,-0.08807638,-0.99187523,0.09179345
1356069018328,0.18750858,0.08230981,0.97880816,-0.979404,0.09163928,0.17991656,-0.07488832,-0.9923846,0.09779775
1356069018368,0.18307945,0.086610496,0.9792755,-0.98105747,0.08024374,0.1763156,-0.06330997,-0.99300534,0.09966084
1356069018408,0.15789485,0.08916175,0.98342234,-0.98605645,0.06724131,0.15222135,-0.05255431,-0.99374485,0.09853554
1356069018448,0.11476123,0.091768235,0.9891453,-0.9925724,0.05105859,0.110421866,-0.04037115,-0.9944705,0.09694618
1356069018488,0.06128484,0.0981943,0.99327844,-0.99779934,0.031262577,0.05847323,-0.025310695,-0.9946761,0.099894166
1356069018528,0.01412791,0.116591066,0.99307954,-0.99985504,0.011076868,0.012923807,-0.009493381,-0.99311817,0.11673072
1356069018568,3.0577183E-5,0.15955615,0.9871888,-1.0,1.5556812E-5,2.8461218E-5,-1.0818243E-5,-0.9871888,0.15955615
1356069018608,0.040185034,0.23232654,0.97180736,-0.99918425,0.013235271,0.038153023,-0.0039981604,-0.97254777,0.23266888
1356069018648,0.12262696,0.31613928,0.9407543,-0.99224335,0.05852872,0.10967007,-0.020390093,-0.94690573,0.32086432
1356069018688,0.20524669,0.3803617,0.90177536,-0.97790134,0.11715543,0.1731579,-0.039785266,-0.91738737,0.39600194
1356069018728,0.2571522,0.41272274,0.8738036,-0.9648477,0.16040146,0.20818341,-0.054237336,-0.8966222,0.43946218
1356069018768,0.26988703,0.41666645,0.86807257,-0.96091896,0.17422992,0.21512464,-0.06160897,-0.8922068,0.44740513
1356069018808,0.24650908,0.39853093,0.8834061,-0.96706474,0.16077942,0.19732109,-0.063394904,-0.90295243,0.42503887
1356069018848,0.19333339,0.36262694,0.9116601,-0.97923386,0.12910712,0.15630928,-0.061019868,-0.9229481,0.38005722
1356069018888,0.12412363,0.31460875,0.941071,-0.990725,0.09214175,0.09986895,-0.05529225,-0.9447387,0.3231278
1356069018962,0.040780187,0.25444284,0.9662277,-0.99812794,0.05449134,0.027777016,-0.045583427,-0.9655515,0.25618854
1356069018969,-0.020214617,0.19899568,0.9797919,-0.99913967,0.03147334,-0.02700606,-0.0362114,-0.9794949,0.19818828
1356069018995,-0.064734876,0.15181494,0.98628676,-0.9975126,0.017784297,-0.06820917,-0.02789557,-0.98824894,0.15028605
1356069019038,-0.09306818,0.11405435,0.9891056,-0.99543107,0.010629952,-0.094889164,-0.021336675,-0.9934176,0.11254394
1356069019079,-0.098897934,0.087026745,0.99128485,-0.99490714,0.010845423,-0.10021141,-0.019472003,-0.99614704,0.08551085
1356069019118,-0.08411491,0.07162681,0.99387836,-0.9961064,0.020379066,-0.08577216,-0.026397914,-0.99722326,0.06963372
1356069019158,-0.052386403,0.066912174,0.99638265,-0.99761784,0.041335106,-0.05522722,-0.044880927,-0.9969023,0.064587355
1356069019198,-0.010235906,0.069844455,0.99750537,-0.9972763,0.072154224,-0.01528582,-0.07304186,-0.99494493,0.068915665
1356069019238,0.035301536,0.07691634,0.9964124,-0.9940045,0.10594353,0.027038068,-0.10348377,-0.99139285,0.08019516
1356069019278,0.078361094,0.085210264,0.9932768,-0.9889204,0.13264954,0.066637814,-0.1260795,-0.98749346,0.0946607
1356069019318,0.11471653,0.09290093,0.9890448,-0.9843001,0.14506918,0.10053983,-0.13413969,-0.98505044,0.10808426
1356069019358,0.1416308,0.099325925,0.9849239,-0.9815966,0.14284,0.12674743,-0.12809724,-0.98474926,0.11772853
1356069019398,0.15689126,0.10440901,0.9820814,-0.98111355,0.13039699,0.14287359,-0.113143206,-0.985949,0.12289521
1356069019438,0.15819317,0.10810557,0.9814724,-0.98289907,0.11212546,0.14607298,-0.09425673,-0.98779607,0.12399438
1356069019478,0.14356044,0.11051196,0.98345184,-0.98690015,0.08990237,0.13396132,-0.073610306,-0.98980033,0.12197071
1356069019518,0.112130314,0.11212385,0.9873474,-0.9923861,0.06358728,0.105481505,-0.050955713,-0.9916576,0.118400306
1356069019558,0.065437734,0.114440024,0.99127257,-0.9975342,0.032752633,0.062069863,-0.025363535,-0.99289,0.11630112
1356069019598,0.011856675,0.12201005,0.9924581,-0.999927,-8.8107586E-4,0.012054265,0.0023451746,-0.9925285,0.12199068
1356069019638,-0.025847673,0.1455898,0.98900735,-0.99930775,-0.030241966,-0.021665066,0.026755363,-0.98888266,0.14627072
1356069019678,-0.012062967,0.19899097,0.97992706,-0.9991859,-0.040129244,-0.004151106,0.038497686,-0.9791794,0.19931304
1356069019718,0.07217318,0.27977392,0.9573493,-0.99688756,-0.010291576,0.07816151,0.03172019,-0.96001077,0.2781604
1356069019758,0.19206095,0.35676897,0.9142366,-0.98132575,0.05974847,0.18283883,0.010606945,-0.93228006,0.36158183
1356069019798,0.28733975,0.40236264,0.8692182,-0.95772916,0.1337778,0.2546731,-0.013811171,-0.90565324,0.42379412
1356069019838,0.3285922,0.41630372,0.84777254,-0.94387054,0.17676887,0.27903587,-0.033696115,-0.89187664,0.45102173
1356069019878,0.31063262,0.4069334,0.85901845,-0.94932556,0.17829803,0.25882575,-0.047836453,-0.89588785,0.44169748
1356069019918,0.2372055,0.37856063,0.894665,-0.96979487,0.1461671,0.19527712,-0.05684641,-0.91396236,0.4017977
1356069019962,0.12255168,0.33298904,0.9349328,-0.9906705,0.0976221,0.09508842,-0.05960667,-0.93786365,0.3418462
1356069019999,-0.0060942173,0.2750155,0.96142054,-0.9984312,0.051841736,-0.021158189,-0.055660516,-0.96004117,0.27426815
1356069020039,-0.11953741,0.21326947,0.969653,-0.991693,0.021073401,-0.12688947,-0.047495604,-0.9767661,0.20897874
1356069020079,-0.19637418,0.1572659,0.96783495,-0.9797456,0.007977486,-0.20008716,-0.03918776,-0.98752403,0.15251398
1356069020119,-0.2287904,0.11336535,0.9668522,-0.97286683,0.008495271,-0.23120973,-0.03442487,-0.99351704,0.10834569
1356069020158,-0.21713924,0.08459416,0.97246826,-0.975441,0.018909574,-0.21944791,-0.036953002,-0.996236,0.078410625
1356069020198,-0.16737294,0.07081786,0.9833468,-0.9846083,0.038909197,-0.17038977,-0.050327867,-0.9967301,0.063215494
1356069020238,-0.09291917,0.06814945,0.99333864,-0.9928503,0.06873596,-0.097589225,-0.0749287,-0.99530447,0.061275303
1356069020278,-0.011300743,0.07077816,0.99742806,-0.9944711,0.10335016,-0.01860109,-0.1044009,-0.9921236,0.06921893
1356069020319,0.06414607,0.074697584,0.9951409,-0.98984396,0.1315302,0.053931624,-0.1268625,-0.9884938,0.08237612
1356069020358,0.12748823,0.07899648,0.9886892,-0.98288375,0.14372048,0.11525631,-0.13299003,-0.9864603,0.095967025
1356069020398,0.17647555,0.08414915,0.98070145,-0.9765705,0.13962647,0.16375151,-0.123152286,-0.9866222,0.10681826
1356069020438,0.20837489,0.08994925,0.973904,-0.9723847,0.12606528,0.19640648,-0.10510886,-0.98793554,0.113734156
1356069020478,0.21947113,0.09517464,0.9709656,-0.97180796,0.1092073,0.20895693,-0.0861491,-0.9894521,0.11645934
1356069020518,0.20703578,0.09880707,0.9733311,-0.9759177,0.090729535,0.19837561,-0.068709016,-0.9909619,0.115211755
1356069020558,0.17069227,0.10091013,0.9801435,-0.9839789,0.069423616,0.1642127,-0.051474392,-0.9924704,0.11114347
1356069020598,0.11346626,0.102781385,0.98821115,-0.9930186,0.044005513,0.10944128,-0.032238215,-0.99373007,0.107056946
1356069020638,0.045220017,0.10833588,0.9930853,-0.99891627,0.015870392,0.04375416,-0.011020482,-0.9939876,0.10893613
1356069020678,-0.0083066225,0.12817231,0.99171704,-0.99993813,-0.008396566,-0.0072903335,0.007392645,-0.99171627,0.12823421
1356069020718,-0.012556374,0.17621523,0.9842715,-0.99981636,-0.016461015,-0.009807676,0.0144738555,-0.98421395,0.17638963
1356069020776,0.04959482,0.25175673,0.966519,-0.9987491,0.0063248277,0.049601138,0.006374389,-0.9677699,0.25175548
1356069020798,0.14536232,0.32665703,0.93389773,-0.9893242,0.057875037,0.13374612,-0.010360241,-0.94336927,0.3315826
1356069020839,0.22341257,0.37377906,0.9002089,-0.9743948,0.10964191,0.19629908,-0.02532816,-0.92101455,0.38870376
1356069020876,0.259853,0.38920367,0.8837403,-0.96505463,0.1367513,0.22353652,-0.033851355,-0.91094434,0.41113806
1356069020918,0.2488342,0.3778135,0.89181757,-0.967857,0.13172531,0.21424598,-0.03652993,-0.91646355,0.39844722
1356069020962,0.19186568,0.3427724,0.9196166,-0.9808297,0.09949821,0.16755068,-0.034068435,-0.9341345,0.35529166
1356069020999,0.11908251,0.2952005,0.9479853,-0.9925051,0.061781883,0.105436146,-0.027443498,-0.9534357,0.3003451
1356069021040,0.035641253,0.239036,0.97035635,-0.9992225,0.024898112,0.030568153,-0.016853154,-0.97069144,0.23973754
1356069021079,-0.037124693,0.18244082,0.98251575,-0.9992903,-4.937649E-4,-0.037666798,-0.006386876,-0.98321676,0.1823296
1356069021119,-0.08544648,0.13292012,0.98743665,-0.99634254,-0.010779858,-0.08476609,-6.227195E-4,-0.9910682,0.13335499
1356069021160,-0.10350698,0.09487322,0.9900936,-0.9946258,-0.0074638724,-0.10326558,-0.002407223,-0.9954614,0.09513593
1356069021199,-0.09213537,0.06981462,0.99329597,-0.99565774,0.0068531036,-0.09283614,-0.013288438,-0.9975364,0.06888014
1356069021239,-0.05595267,0.05730784,0.9967874,-0.99784744,0.03098917,-0.057793826,-0.03420165,-0.99787545,0.05545056
1356069021278,-0.0034143627,0.054923385,0.99848473,-0.9979187,0.06410965,-0.0069388747,-0.06439361,-0.99643034,0.054590166
1356069021318,0.055048823,0.058902085,0.99674475,-0.99352103,0.10263485,0.048805565,-0.099426,-0.99297357,0.06417039
1356069021358,0.11044362,0.06563321,0.9917129,-0.98529017,0.13815191,0.10058513,-0.13040534,-0.9882339,0.079925746
1356069021398,0.15740168,0.07283214,0.9848453,-0.97643936,0.16055197,0.14418495,-0.14761758,-0.9843366,0.09638733
1356069021438,0.19361135,0.079643965,0.97784024,-0.96991026,0.165499,0.17856157,-0.14761025,-0.98298883,0.109289974
1356069021478,0.21720281,0.08563629,0.97236276,-0.9667301,0.15675715,0.20213893,-0.13511443,-0.9839175,0.11683524
1356069021518,0.22507471,0.09007457,0.97016895,-0.9672605,0.14048266,0.21135691,-0.11725399,-0.9859773,0.11874467
1356069021559,0.21352568,0.09239152,0.97255874,-0.9720216,0.119835466,0.2020235,-0.097881764,-0.98848534,0.1153945
1356069021598,0.17958319,0.092879474,0.9793484,-0.98071665,0.094929636,0.17083111,-0.07710251,-0.9911417,0.10813621
