1356068772001,-0.904277,0.05307834,0.4236341,0.41883612,-0.08219707,0.904334,0.082822025,0.99520165,0.052097738
1356068772050,-0.011104375,0.053210437,-0.99852157,-0.99650174,0.08212891,0.015458554,0.08282998,0.99520016,0.0521124
1356068772090,-0.01123029,0.053244114,-0.99851835,-0.9964981,0.08214933,0.015588015,0.08285758,0.9951967,0.05213511
1356068772131,-0.011476427,0.05315578,-0.9985203,-0.99648976,0.082205206,0.015829235,0.08292502,0.99519694,0.052025735
1356068772170,-0.0118890405,0.052689135,-0.9985403,-0.99648005,0.08224964,0.016204476,0.082983404,0.99521804,0.05152577
1356068772210,-0.011769742,0.05123505,-0.9986173,-0.99648714,0.08221033,0.015962511,0.0829145,0.9952972,0.050087452
1356068772258,-0.009105176,0.04785368,-0.9988129,-0.9965521,0.08194265,0.013010472,0.08246803,0.9954876,0.046942532
1356068772301,-0.008649737,0.04382831,-0.9990016,-0.9966176,0.08126864,0.012194514,0.08172199,0.99572814,0.042977095
1356068772341,-0.0068385303,0.038943768,-0.99921805,-0.99672425,0.08026078,0.009949535,0.08058554,0.9960128,0.038267374
1356068772378,-0.004846841,0.034510046,-0.9993927,-0.9968369,0.07911453,0.007566303,0.07932764,0.99626803,0.034017444
1356068772422,-0.0032173991,0.031044185,-0.9995128,-0.99694675,0.07788038,0.005628079,0.078017116,0.99647915,0.030698836
1356068772469,-0.0023401082,0.02902329,-0.999576,-0.9970485,0.076639205,0.0045593977,0.07673904,0.9966364,0.028758228
1356068772511,-0.0020011663,0.028271973,-0.99959826,-0.9971246,0.07566601,0.0041363537,0.07575253,0.99673235,0.028039277
1356068772552,-0.0024476647,0.028888285,-0.99957955,-0.9971754,0.07496554,0.004608363,0.07506713,0.9967675,0.028623223
1356068772590,-0.002884388,0.029717654,-0.99955416,-0.99720633,0.07452214,0.005093217,0.074640274,0.99677646,0.02941966
1356068772631,-0.0029776394,0.030017942,-0.99954486,-0.9972198,0.07433334,0.005203128,0.07445565,0.99678147,0.029713213
1356068772678,-0.0026626885,0.029470831,-0.9995621,-0.9972247,0.0742937,0.0048469007,0.07440406,0.9968008,0.029191136
1356068772720,-0.002805531,0.028947294,-0.99957705,-0.9972227,0.07431275,0.0049509406,0.074424654,0.9968148,0.02865839
1356068772758,-0.0036392808,0.028921068,-0.99957514,-0.99720067,0.07454765,0.0057875514,0.07468334,0.996798,0.028568804
1356068772799,-0.005144477,0.029278368,-0.9995581,-0.9971489,0.07510173,0.0073319376,0.0752832,0.99674594,0.028808594
1356068772841,-0.006461203,0.02895996,-0.99955964,-0.99709296,0.075703025,0.008638561,0.07591984,0.99670976,0.028386652
1356068772880,-0.005914867,0.025879353,-0.99964756,-0.99712133,0.07541436,0.007852316,0.07559103,0.9968164,0.025358796
1356068772922,-0.0019927323,0.018149763,-0.99983335,-0.9973273,0.07298824,0.0033126473,0.07303622,0.99716765,0.01795578
1356068772958,0.0057533383,0.004822463,-0.9999718,-0.9977131,0.06737393,-0.0054154396,0.06734592,0.9977162,0.0051990747
1356068773002,0.015302002,-0.012927353,-0.9997994,-0.9981528,0.058599114,-0.016034514,0.058794647,0.9981979,-0.012006819
1356068773040,0.024034888,-0.03394431,-0.9991347,-0.99858767,0.046553224,-0.025603324,0.047382057,0.99833894,-0.03277749
1356068773080,0.0268085,-0.054879695,-0.99813306,-0.99906194,0.032498956,-0.028620392,0.03400898,0.997964,-0.053956985
1356068773122,0.023568273,-0.07582241,-0.9968428,-0.9995765,0.015240431,-0.024792165,0.017072141,0.99700487,-0.07543111
1356068773160,0.009522289,-0.095541835,-0.9953798,-0.99995327,-0.0025476515,-0.009321481,-0.0016452968,0.9954221,-0.09556162
1356068773202,-0.0106574,-0.11580655,-0.9932146,-0.99970067,-0.020640045,0.013133585,-0.022020966,0.9930573,-0.11555189
1356068773240,-0.03568113,-0.13844594,-0.989727,-0.99843144,-0.037816644,0.04128483,-0.04314387,0.98964775,-0.13687944
1356068773282,-0.06071931,-0.16546825,-0.9843441,-0.99604857,-0.053987622,0.070516646,-0.06481075,0.98473626,-0.16153628
1356068773320,-0.08116773,-0.19795397,-0.9768449,-0.9928994,-0.069453865,0.09657627,-0.086963296,0.9777476,-0.19091094
1356068773359,-0.092817485,-0.23545727,-0.9674424,-0.989656,-0.08493072,0.11561921,-0.10938895,0.9681667,-0.22513866
1356068773399,-0.09188163,-0.27706337,-0.95644844,-0.9870074,-0.10180408,0.12430778,-0.13181147,0.95544326,-0.26410967
1356068773439,-0.07809985,-0.31939346,-0.94439834,-0.9852744,-0.119797945,0.12199563,-0.15210158,0.9400193,-0.30533397
1356068773469,-0.056822658,-0.35549846,-0.93294805,-0.98426664,-0.13664424,0.11201635,-0.16730362,0.9246347,-0.3421408
1356068773512,-0.032557815,-0.38423544,-0.92266095,-0.9843891,-0.14743301,0.09613344,-0.17296854,0.9113872,-0.37343705
1356068773549,-0.010600418,-0.4000366,-0.91643786,-0.98583806,-0.14921585,0.07653776,-0.16736495,0.90427065,-0.39278954
1356068773592,7.6439977E-4,-0.40009403,-0.9164738,-0.9884316,-0.13930002,0.05998814,-0.15166575,0.90582573,-0.395572
1356068773630,-0.003934562,-0.38351327,-0.923527,-0.9915977,-0.1179176,0.053192258,-0.12930003,0.9159765,-0.3798269
1356068773671,-0.025744379,-0.35139048,-0.935875,-0.99423635,-0.08846444,0.060565293,-0.1040737,0.93204015,-0.34708774
1356068773710,-0.06330684,-0.305343,-0.9501357,-0.99493027,-0.05523339,0.084041715,-0.078140736,0.95063925,-0.30029833
1356068773751,-0.11063266,-0.24936813,-0.96206856,-0.99241024,-0.024572551,0.12049103,-0.053687066,0.968097,-0.244757
1356068773791,-0.16111472,-0.18794313,-0.9688753,-0.9863769,-0.0023676455,0.16448432,-0.033207625,0.9821771,-0.18500137
1356068773831,-0.20365709,-0.12958688,-0.9704282,-0.9788633,0.007999063,0.20435914,-0.018719763,0.9915358,-0.12847692
1356068773871,-0.23462647,-0.07799414,-0.9689517,-0.9720315,0.008299112,0.23470414,-0.010264099,0.9969193,-0.07775992
1356068773929,-0.2501346,-0.035835236,-0.96754766,-0.9681947,0.0034532547,0.25017396,-0.0056238174,0.99935174,-0.035559297
1356068773951,-0.252787,-0.0022035837,-0.9675194,-0.9675171,-0.0025854707,0.25279233,-0.0030585527,0.99999416,-0.001478374
1356068773990,-0.2431845,0.023482263,-0.96969575,-0.9699782,-0.0078091025,0.24306622,-0.0018646717,0.99969375,0.024676323
1356068774028,-0.22200912,0.040139556,-0.97421795,-0.97503996,-0.012207031,0.22169349,-0.0029936433,0.9991194,0.041847765
1356068774069,-0.19042379,0.046008497,-0.98062325,-0.9816668,-0.017381608,0.18981096,-0.0083118975,0.9987898,0.048474908
1356068774110,-0.14996785,0.039595515,-0.98789775,-0.98849106,-0.026093543,0.14901206,-0.019877583,0.998875,0.04305303
1356068774148,-0.10633147,0.02583012,-0.9939952,-0.993731,-0.037475884,0.105329305,-0.034530133,0.9989637,0.029653013
1356068774189,-0.06499565,0.008069307,-0.997853,-0.996783,-0.047520816,0.06454161,-0.046897948,0.9988377,0.011131942
1356068774229,-0.03052795,-0.008753419,-0.99949557,-0.998301,-0.04938388,0.030923933,-0.04962963,0.9987415,-0.007230997
1356068774270,-0.0061311126,-0.021543354,-0.99974906,-0.99915934,-0.0403921,0.006997913,-0.040532798,0.99895155,-0.021277547
1356068774308,0.0061621666,-0.028753668,-0.99956757,-0.99970806,-0.023534715,-0.005486071,-0.02336675,0.9993095,-0.028890342
1356068774349,0.004639685,-0.029997528,-0.99953926,-0.9999793,-0.00459677,-0.0045037866,-0.00445953,0.99953943,-0.03001821
1356068774390,-0.011993021,-0.024686694,-0.9996233,-0.99983776,0.013732463,0.011656463,0.013439536,0.99960095,-0.024847388
1356068774430,-0.04535702,-0.014943659,-0.99885905,-0.99855596,0.029493421,0.044901997,0.028788775,0.9994533,-0.01625979
1356068774473,-0.091171086,-0.0020883381,-0.99583304,-0.9949211,0.043028712,0.09099737,0.042659372,0.9990717,-0.0060006976
1356068774511,-0.14926642,0.008849978,-0.9887575,-0.9872609,0.054384172,0.14952722,0.05509606,0.9984809,6.195307E-4
1356068774549,-0.20406878,0.009020925,-0.978915,-0.97680825,0.0643332,0.20422244,0.06481901,0.9978876,-0.0043166876
1356068774589,-0.24539983,-0.012682587,-0.969339,-0.96710896,0.07223505,0.2438902,0.066927105,0.99730706,-0.029991925
1356068774629,-0.25858313,-0.06586656,-0.9637408,-0.9644439,0.07400805,0.2537137,0.05461335,0.9950801,-0.08266187
1356068774669,-0.2343024,-0.14920017,-0.96064645,-0.9718572,0.06076002,0.22760001,0.024410963,0.9869385,-0.1592375
1356068774710,-0.1774114,-0.24370122,-0.95348567,-0.9839628,0.025705904,0.17651197,-0.01850599,0.9695096,-0.24435347
1356068774767,-0.10960433,-0.32059714,-0.94085306,-0.9921931,-0.021369487,0.12286681,-0.059496224,0.9469746,-0.3157521
1356068774788,-0.05309859,-0.3638619,-0.9299382,-0.99497986,-0.05982837,0.08022171,-0.08482632,0.9295295,-0.35885853
1356068774829,-0.020153165,-0.3715274,-0.9282032,-0.99581754,-0.075290024,0.051757187,-0.08911368,0.92536414,-0.36845618
1356068774866,-0.015288174,-0.34699112,-0.9377438,-0.9970005,-0.06587213,0.04062882,-0.07586908,0.93555224,-0.34494328
1356068774908,-0.034792095,-0.29754695,-0.954073,-0.9979671,-0.040661305,0.049073845,-0.05339557,0.953841,-0.2955274
1356068774950,-0.07549974,-0.22852573,-0.97060585,-0.9967729,-0.0093216,0.079729885,-0.027267903,0.9734932,-0.22708446
1356068774988,-0.1210736,-0.1531882,-0.980752,-0.99264085,0.016410887,0.11997804,-0.0022842288,0.9880607,-0.15404779
1356068775032,-0.16394287,-0.07929936,-0.9832773,-0.98626506,0.033483982,0.16174066,0.02009809,0.9962883,-0.08369964
1356068775068,-0.19000345,-0.017478585,-0.9816278,-0.98106194,0.041704297,0.18915138,0.03763199,0.99897707,-0.025071561
1356068775111,-0.19937521,0.029822588,-0.9794694,-0.97868156,0.04424286,0.20056194,0.04931584,0.9985756,0.020365894
1356068775148,-0.18957031,0.061675638,-0.97992814,-0.9803598,0.04339063,0.19238478,0.054385155,0.9971526,0.052238703
1356068775188,-0.16202247,0.07850462,-0.9836594,-0.9854006,0.0399518,0.16549784,0.052291304,0.9961129,0.07088542
1356068775228,-0.11965585,0.08072662,-0.98952794,-0.99192333,0.03252077,0.12259862,0.042077154,0.99620557,0.07618332
1356068775268,-0.066444576,0.07026529,-0.9953129,-0.9975096,0.01897329,0.06793067,0.02365753,0.99734783,0.068829656
1356068775309,-0.009292603,0.05137232,-0.9986363,-0.99995553,-0.0020519495,0.009199351,-0.0015766025,0.9986774,0.051389128
1356068775348,0.04373604,0.029803008,-0.99859846,-0.9986185,-0.027834296,-0.044567615,-0.029123545,0.99916816,0.028544515
1356068775390,0.087715685,0.00916189,-0.9961034,-0.99478847,-0.051373243,-0.08807245,-0.05197999,0.99863756,0.0046078563
1356068775428,0.11818412,-0.0065092742,-0.99297035,-0.9909731,-0.06450203,-0.11752361,-0.06328353,0.9978964,-0.0140737
1356068775469,0.13480064,-0.01672563,-0.9907316,-0.98896575,-0.06427345,-0.13347527,-0.061445266,0.9977921,-0.025205195
1356068775508,0.13589379,-0.02140215,-0.9904922,-0.9894222,-0.054156512,-0.13457677,-0.050761342,0.99830306,-0.028535306
1356068775550,0.11994356,-0.020393908,-0.9925712,-0.99215597,-0.037924945,-0.11911416,-0.035214007,0.99907243,-0.024782777
1356068775589,0.0843696,-0.013790965,-0.9963391,-0.9962958,-0.01785332,-0.08411884,-0.016627878,0.9997455,-0.015246153
1356068775629,0.02701813,-0.0020740926,-0.9996328,-0.9996226,0.0049155354,-0.027028024,0.0049697757,0.99998575,-0.0019404888
1356068775669,-0.052824557,0.014697313,-0.9984957,-0.9981017,0.030927718,0.053258926,0.031663924,0.9994136,0.013035655
1356068775710,-0.15525156,0.032862127,-0.98732823,-0.9860262,0.055961788,0.1569094,0.06040901,0.99789196,0.02371478
1356068775750,-0.2571771,0.040672183,-0.965508,-0.9626416,0.07683033,0.25965014,0.08474079,0.9962143,0.019393742
1356068775788,-0.3383056,0.025217712,-0.9406984,-0.93631756,0.09096211,0.33916858,0.09412101,0.995535,-0.0071612
1356068775828,-0.35996932,-0.03039679,-0.9324688,-0.92962325,0.096193254,0.3557351,0.078883976,0.99489844,-0.06288421
1356068775870,-0.318578,-0.116482705,-0.94071233,-0.9469373,0.08374494,0.31031656,0.042633355,0.98965573,-0.13698107
1356068775925,-0.2519661,-0.19538659,-0.9478065,-0.9677271,0.055080622,0.24590719,0.0041588247,0.9791783,-0.20295936
1356068775952,-0.20177251,-0.24269387,-0.9488876,-0.9791641,0.027308464,0.20122594,-0.022923619,0.9697185,-0.2431472
1356068775989,-0.18659654,-0.2548151,-0.9488156,-0.9818411,0.014745802,0.18913126,-0.034202456,0.96687734,-0.25293946
1356068776028,-0.22458792,-0.23193419,-0.94644964,-0.9739425,0.021966338,0.22572881,-0.031564146,0.97248346,-0.230824
1356068776068,-0.3024031,-0.18220767,-0.93560284,-0.952953,0.036366522,0.30092862,-0.020806849,0.98258734,-0.18463272
1356068776109,-0.38750935,-0.12121853,-0.9138614,-0.9218384,0.043314397,0.3851464,-0.0071035028,0.9916804,-0.12852865
1356068776149,-0.45874828,-0.06043297,-0.8865088,-0.888535,0.039565265,0.45709965,0.0074510872,0.99738777,-0.07184732
1356068776188,-0.49833792,-0.009406865,-0.8669319,-0.8667339,0.02936995,0.49790537,0.02077803,0.99952435,-0.022789419
1356068776229,-0.50911146,0.03087625,-0.86014664,-0.8601136,0.018651783,0.50976145,0.031782836,0.99934924,0.017061234
1356068776269,-0.48779523,0.05992639,-0.8708987,-0.87209016,0.011021912,0.48922098,0.0389162,0.9981419,0.046884835
1356068776309,-0.4394408,0.07687402,-0.89497614,-0.89738196,0.006761074,0.44120282,0.039968044,0.9970179,0.06601423
1356068776348,-0.36171436,0.08098966,-0.92876446,-0.9316984,0.0040507317,0.36321023,0.03317848,0.9967067,0.07399273
1356068776388,-0.2606268,0.07170695,-0.9627731,-0.9653035,-0.002604723,0.26111773,0.016216248,0.99742246,0.06989777
1356068776428,-0.147968,0.0529491,-0.98757374,-0.9889393,-0.018244028,0.14719447,-0.010223538,0.9984305,0.05506307
1356068776468,-0.041233122,0.03144589,-0.9986546,-0.99834955,-0.041287363,0.03992048,-0.039976448,0.99865246,0.033096403
1356068776508,0.048439085,0.011565149,-0.99875915,-0.99681,-0.06294042,-0.049073398,-0.06342983,0.99795026,0.008479506
1356068776548,0.11750549,-0.004889518,-0.99306023,-0.99039316,-0.073981225,-0.11682564,-0.0728966,0.99724764,-0.013535738
1356068776588,0.16538534,-0.017182678,-0.9860794,-0.9839066,-0.07145128,-0.16377598,-0.06764251,0.99729615,-0.02872315
1356068776628,0.19175392,-0.024866045,-0.9811279,-0.9800305,-0.058466136,-0.19005767,-0.052636802,0.99797964,-0.035580605
1356068776668,0.19541985,-0.027450621,-0.9803355,-0.9801702,-0.038925588,-0.19429696,-0.032826543,0.998865,-0.034513116
1356068776708,0.1736173,-0.024923563,-0.9844978,-0.98474336,-0.016299129,-0.173248,-0.011728466,0.9995565,-0.027373165
1356068776748,0.12353456,-0.017130494,-0.9921924,-0.9922905,0.0078780055,-0.1236828,0.00993526,0.9998222,-0.016025215
1356068776788,0.0410493,-0.0040356815,-0.999149,-0.99862707,0.03240317,-0.041158706,0.032541692,0.9994668,-0.002700001
1356068776828,-0.07435787,0.013056368,-0.9971461,-0.9956465,0.055383265,0.07497123,0.05620399,0.9983798,0.00888139
1356068776868,-0.20905042,0.027280718,-0.9775243,-0.97478485,0.07397342,0.21052897,0.07805422,0.99688697,0.011128664
1356068776920,-0.32504153,0.021937132,-0.94544524,-0.94146013,0.08705133,0.32569137,0.08944696,0.99596226,-0.0076423287
1356068776950,-0.37527972,-0.022557378,-0.92663705,-0.92347246,0.0951367,0.37168214,0.07977304,0.9952086,-0.056533933
1356068776990,-0.33816433,-0.10832849,-0.9348314,-0.9399172,0.088392556,0.3297611,0.0469096,0.9901776,-0.13171107
1356068777029,-0.24062112,-0.20634928,-0.9484311,-0.9706167,0.053360075,0.23464018,0.0021905303,0.97702235,-0.21312559
1356068777069,-0.14714384,-0.27811658,-0.94921017,-0.9884418,0.0059435368,0.15148401,-0.036488563,0.96052897,-0.27577662
1356068777109,-0.10663411,-0.30990022,-0.94477034,-0.9926171,-0.022053748,0.11926842,-0.057797074,0.95051324,-0.3052606
1356068777148,-0.1379407,-0.30439365,-0.9425056,-0.988554,-0.016392529,0.14997432,-0.061101288,0.9524052,-0.29864836
1356068777188,-0.2380726,-0.26558086,-0.9342313,-0.969859,0.013595432,0.24328691,-0.051911086,0.96399266,-0.2608127
1356068777228,-0.3744319,-0.20198202,-0.9049884,-0.9265367,0.043105304,0.37372681,-0.036476314,0.97844017,-0.20328379
1356068777268,-0.49968952,-0.13038331,-0.8563355,-0.86599064,0.053227007,0.49721932,-0.019248962,0.99003386,-0.13950765
1356068777308,-0.5855392,-0.066290826,-0.80792904,-0.8106382,0.044092774,0.58388484,-0.0030824244,0.9968256,-0.07955587
1356068777348,-0.6293722,-0.015526921,-0.7769489,-0.7770349,0.02591002,0.6289241,0.010365456,0.9995437,-0.02837199
1356068777388,-0.6388194,0.022898167,-0.7690159,-0.76907647,0.007974565,0.63910705,0.020766914,0.999706,0.012516141
1356068777428,-0.6197845,0.050626844,-0.7831373,-0.78426313,-0.004025936,0.6204152,0.028256804,0.99870956,0.04219997
1356068777468,-0.5707767,0.06666437,-0.81839466,-0.82050323,-0.008146167,0.57158375,0.031437486,0.9977422,0.059347987
1356068777508,-0.489402,0.06911489,-0.86931515,-0.8716239,-0.007307112,0.4901208,0.027522445,0.99758196,0.063818336
1356068777550,-0.37454438,0.05557078,-0.9255423,-0.92712045,-0.008644998,0.37466395,0.012819052,0.9984174,0.054758728
1356068777588,-0.24313587,0.034255505,-0.9693872,-0.96995664,-0.017144382,0.24267289,-0.0083066225,0.999266,0.037394762
1356068777628,-0.118014276,0.010573745,-0.99295557,-0.9925474,-0.031836987,0.11762673,-0.030368894,0.99943715,0.014252126
1356068777668,-0.01631391,-0.008423448,-0.99983144,-0.998917,-0.04344064,0.016664982,-0.043573737,0.99902046,-0.007705629
1356068777709,0.055237263,-0.021256596,-0.9982469,-0.9975461,-0.04424998,-0.0542562,-0.043019146,0.9987943,-0.02364868
1356068777768,0.09591895,-0.028573364,-0.99497896,-0.99482715,-0.036335826,-0.09486088,-0.033442914,0.99893105,-0.031910837
1356068777789,0.10596809,-0.030311286,-0.99390745,-0.9941817,-0.022659272,-0.10530627,-0.01932919,0.9992837,-0.03253612
1356068777828,0.08182132,-0.026432425,-0.9962964,-0.9966396,-0.0060259104,-0.081689626,-0.0038443506,0.9996325,-0.026836634
1356068777865,0.021320075,-0.016743511,-0.9996325,-0.9996871,0.012725085,-0.021534353,0.013080955,0.99977887,-0.016466975
1356068777909,-0.07799792,-5.4204464E-4,-0.99695337,-0.99640596,0.033180773,0.07793704,0.033037424,0.99944925,-0.0031281114
1356068777951,-0.21518534,0.020142078,-0.97636557,-0.9750383,0.05160296,0.21595734,0.054733187,0.99846464,0.008535087
1356068777988,-0.36047155,0.036930323,-0.9320388,-0.9297651,0.06591666,0.36220407,0.07481313,0.9971415,0.010575473
1356068778028,-0.47709906,0.03363514,-0.87820566,-0.87466544,0.07921958,0.47820985,0.08565578,0.9962896,-0.0083761215
1356068778068,-0.5343403,-0.0055570602,-0.8452512,-0.84154516,0.097264946,0.531358,0.07926053,0.9952431,-0.05664909
1356068778110,-0.52410614,-0.08499566,-0.847401,-0.8500258,0.11368507,0.5143267,0.052621335,0.9898745,-0.13183159
1356068778148,-0.47723526,-0.17643762,-0.8608811,-0.87860334,0.1151945,0.4634505,0.017398685,0.97754794,-0.2099936
1356068778189,-0.4281597,-0.25108486,-0.8681219,-0.9035978,0.10428208,0.41549522,-0.013795018,0.96233135,-0.27152914
1356068778238,-0.426242,-0.2795907,-0.8603178,-0.90415204,0.10144335,0.41499192,-0.028754354,0.9547451,-0.2960319
1356068778280,-0.46045583,-0.27002952,-0.8456149,-0.88713396,0.106494606,0.44905707,-0.031205207,0.9569446,-0.2885884
1356068778319,-0.5325787,-0.2238271,-0.8162483,-0.84600997,0.11224872,0.5212171,-0.025039673,0.96814334,-0.24914128
1356068778359,-0.6036179,-0.163578,-0.78031254,-0.79711854,0.104506314,0.59471047,-0.015733987,0.98097944,-0.19347292
1356068778399,-0.66338634,-0.098798424,-0.74172604,-0.7482624,0.08135986,0.6583951,-0.004701674,0.99177593,-0.12790024
1356068778439,-0.69760305,-0.042873412,-0.71520054,-0.71646,0.049997807,0.6958343,0.005925685,0.9978287,-0.06559569
1356068778479,-0.71125686,0.0028771758,-0.7029263,-0.70276713,0.018760622,0.7111726,0.015233487,0.9998199,-0.011321604
1356068778518,-0.7060589,0.038297385,-0.7071168,-0.7077919,-0.0062739253,0.70639324,0.022616625,0.9992467,0.03153634
1356068778559,-0.68591106,0.06356296,-0.72490406,-0.7271626,-0.022116244,0.68610895,0.02757898,0.99773276,0.06139034
1356068778598,-0.6502118,0.07658118,-0.7558836,-0.75923324,-0.028698266,0.65018564,0.028099477,0.9966503,0.07680291
1356068778638,-0.5982478,0.074317515,-0.79785746,-0.80104244,-0.029680252,0.5978713,0.020751715,0.9967929,0.077287614
1356068778678,-0.530811,0.055718422,-0.84565663,-0.8474849,-0.031361997,0.52989227,0.0030032694,0.99795383,0.06386781
1356068778718,-0.45471108,0.025464982,-0.89027494,-0.89035034,-0.038448393,0.45364982,-0.022677422,0.9989361,0.04015559
1356068778758,-0.38224423,-0.007723987,-0.924029,-0.92281604,-0.04870504,0.38214964,-0.047956586,0.9987833,0.011489451
1356068778798,-0.32628387,-0.03455043,-0.94464016,-0.94322187,-0.05387789,0.3277646,-0.06221962,0.9979496,-0.015009165
1356068778839,-0.29300612,-0.0505552,-0.95477307,-0.9541267,-0.04883474,0.2953936,-0.061559767,0.99752665,-0.033927202
1356068778879,-0.2822004,-0.055113703,-0.95777106,-0.95813406,-0.034172118,0.28427368,-0.04839644,0.9978952,-0.043162942
1356068778926,-0.28961468,-0.05157742,-0.9557526,-0.95663,-0.01709944,0.29080337,-0.031341672,0.9985226,-0.044388235
1356068778962,-0.31089544,-0.040239125,-0.949592,-0.95035803,-2.9319525E-4,0.31115857,-0.012799144,0.9991901,-0.03815049
1356068779003,-0.34237832,-0.024682045,-0.93923795,-0.9395478,0.014538407,0.3421092,0.005211085,0.9995897,-0.028167665
1356068779041,-0.3781464,-0.005495161,-0.92572945,-0.9254277,0.028454006,0.3778543,0.024264276,0.99957997,-0.01584512
1356068779080,-0.41457176,0.013145328,-0.90992165,-0.908964,0.042096257,0.41474363,0.043756276,0.999027,-0.005503297
1356068779120,-0.4436248,0.023458838,-0.89590555,-0.89410836,0.05687821,0.44422424,0.06137848,0.9981055,-0.004257858
1356068779159,-0.45723748,0.011520594,-0.88927,-0.8866043,0.07252979,0.4568065,0.06976122,0.9972997,-0.0229491
1356068779199,-0.44658476,-0.036732823,-0.89398706,-0.8927417,0.08505595,0.44246787,0.059785813,0.99569887,-0.070777595
1356068779241,-0.4050467,-0.1246894,-0.9057537,-0.9138914,0.0846836,0.39702797,0.027197301,0.98857534,-0.14825338
1356068779280,-0.33893663,-0.22655866,-0.9131227,-0.94064987,0.0637483,0.33333746,-0.01731044,0.97190917,-0.23471904
1356068779319,-0.26496446,-0.31189477,-0.91242284,-0.962464,0.027848065,0.2699769,-0.058795214,0.9497084,-0.30756623
1356068779361,-0.19892374,-0.36072454,-0.9112119,-0.9764037,-0.006796211,0.21584603,-0.084053755,0.9326476,-0.35086077
1356068779402,-0.15148771,-0.3679944,-0.9174048,-0.9844278,-0.027569652,0.1736139,-0.08918151,0.92941916,-0.35808742
1356068779441,-0.11689085,-0.34539932,-0.9311476,-0.98974174,-0.037035108,0.13798425,-0.08214486,0.9377247,-0.3375271
1356068779481,-0.10302287,-0.29195803,-0.95086634,-0.9925336,-0.032577634,0.11754012,-0.06529376,0.9558761,-0.28642195
1356068779520,-0.09445995,-0.22575963,-0.9695927,-0.994519,-0.022454917,0.102116734,-0.04482594,0.9739243,-0.22240114
1356068779561,-0.09013593,-0.15454254,-0.983866,-0.9956876,-0.007787466,0.092442155,-0.02194801,0.98795545,-0.15317416
1356068779599,-0.083970696,-0.087168545,-0.99264824,-0.9964676,0.008451968,0.083551586,0.0011067986,0.9961577,-0.08757037
1356068779640,-0.07365072,-0.028948247,-0.99686384,-0.9970452,0.02401495,0.072966754,0.02182731,0.99929243,-0.030631423
1356068779680,-0.0586223,0.01747188,-0.99812734,-0.9975604,0.036937416,0.059235573,0.03790319,0.9991648,0.015263915
1356068779720,-0.03872013,0.04988733,-0.99800396,-0.99814534,0.0450207,0.040976077,0.046974987,0.9977397,0.048051596
1356068779761,-0.014607966,0.06567338,-0.9977342,-0.9988756,0.0440498,0.017524153,0.04510081,0.9968684,0.0649561
1356068779799,0.011694372,0.06678182,-0.9976991,-0.9994231,0.03259927,-0.009532481,0.03188771,0.99723494,0.067124456
1356068779841,0.038286626,0.05373189,-0.9978212,-0.99924576,0.00854373,-0.037881285,0.0064897537,0.99851894,0.054018438
1356068779879,0.06256932,0.03138128,-0.99754715,-0.9977555,-0.021922171,-0.06327206,-0.023853928,0.99926704,0.029939204
1356068779920,0.08210546,0.0055636168,-0.99660814,-0.9954909,-0.047204673,-0.08227697,-0.04750231,0.9988698,0.001662761
1356068779959,0.09473151,-0.01735717,-0.99535155,-0.99395794,-0.05733168,-0.09359911,-0.055440515,0.99820435,-0.022683471
1356068780000,0.09957439,-0.03362921,-0.99446166,-0.9938489,-0.052043676,-0.09775305,-0.048468143,0.99807835,-0.038604528
1356068780039,0.096099555,-0.041520387,-0.99450535,-0.9948491,-0.036380053,-0.09461388,-0.032251775,0.9984751,-0.044802636
1356068780079,0.08278069,-0.041906983,-0.9956863,-0.99644923,-0.018895298,-0.08204886,-0.015375376,0.99894285,-0.043322355
1356068780120,0.0597243,-0.034486264,-0.99761903,-0.9982146,-0.0013585389,-0.059712976,7.0402026E-4,0.9994042,-0.034505874
1356068780158,0.024075538,-0.022453487,-0.99945796,-0.99958116,0.015518934,-0.024427116,0.016059041,0.9996274,-0.022070408
1356068780200,-0.02058804,-0.007454753,-0.99976027,-0.99923754,0.033333004,0.02032873,0.03317347,0.9994165,-0.008135378
1356068780238,-0.0738827,0.0048165917,-0.9972552,-0.9959623,0.05077511,0.07403222,0.05099234,0.9986985,0.0010457635
1356068780278,-0.12325269,0.0034568906,-0.9923693,-0.99020505,0.06567031,0.123212606,0.06559515,0.9978354,-0.0046709776
1356068780318,-0.15722042,-0.024542838,-0.98725855,-0.9851202,0.074175835,0.15503597,0.06942573,0.9969431,-0.035839617
1356068780358,-0.16181847,-0.08716115,-0.98296374,-0.9851781,0.071713716,0.15582404,0.056910217,0.99360955,-0.09747386
1356068780398,-0.1325067,-0.17560393,-0.9755026,-0.99073976,0.052867025,0.12505963,0.029610991,0.98304045,-0.180983
1356068780438,-0.082963586,-0.26128554,-0.9616896,-0.9965515,0.020349681,0.08044222,-0.0014483631,0.965047,-0.26207274
1356068780478,-0.034352332,-0.3205373,-0.9466128,-0.9991107,-0.012154609,0.040373206,-0.024446845,0.9471579,-0.3198347
1356068780518,-0.0022557676,-0.3444672,-0.9387956,-0.9994322,-0.030784816,0.013697177,-0.033618867,0.93829346,-0.34420216
1356068780560,0.0023970902,-0.3314212,-0.9434798,-0.9995344,-0.02948919,0.007819325,-0.030413985,0.9430219,-0.33133763
1356068780599,-0.014223486,-0.29286617,-0.9560476,-0.9996477,-0.017262965,0.020160347,-0.022408545,0.9559976,-0.29251742
1356068780639,-0.05013737,-0.23448774,-0.9708253,-0.9986572,-9.1692805E-4,0.051796198,-0.013035804,0.9721186,-0.23412693
1356068780678,-0.09048173,-0.17111403,-0.9810877,-0.99589103,0.011814743,0.08978635,-0.0037723482,0.98518044,-0.17147994
1356068780719,-0.12771279,-0.1103282,-0.98565567,-0.9917952,0.01984483,0.12628701,0.0056271553,0.99369705,-0.11195743
1356068780758,-0.15457916,-0.05850783,-0.98624647,-0.9878768,0.023611069,0.15343401,0.014309287,0.99800766,-0.061448336
1356068780799,-0.16889602,-0.017940998,-0.98547053,-0.9854139,0.024195015,0.16844589,0.020821333,0.99954623,-0.021765709
1356068780836,-0.17032409,0.010362625,-0.9853337,-0.98511344,0.021818042,0.17051548,0.023265034,0.99970824,0.006492257
1356068780878,-0.15971154,0.025354385,-0.986838,-0.98697424,0.015484333,0.16013145,0.019340485,0.99955857,0.02255112
1356068780924,-0.13852412,0.02645439,-0.9900056,-0.9903329,0.0035613775,0.13866511,0.0071940124,0.9996437,0.025705397
1356068780960,-0.109820545,0.015268564,-0.99383414,-0.9938668,-0.014734268,0.10959786,-0.01297006,0.9997749,0.016793072
1356068781000,-0.07816249,-0.0040255785,-0.9969325,-0.9962286,-0.037473857,0.07825863,-0.03767392,0.9992895,-0.0010813475
1356068781040,-0.048101604,-0.026291847,-0.99849635,-0.99706304,-0.05837941,0.049569756,-0.05959493,0.99794817,-0.023406446
1356068781080,-0.023970902,-0.04565814,-0.9986695,-0.99730015,-0.068266094,0.027059108,-0.06941071,0.99662185,-0.043898493
1356068781121,-0.008590639,-0.05820787,-0.99826753,-0.99800265,-0.061982214,0.0122024715,-0.062585115,0.9963784,-0.057559133
1356068781160,-0.0032237768,-0.06325737,-0.99799204,-0.9989176,-0.04610771,0.006149262,-0.046404094,0.99693155,-0.063040316
1356068781201,-0.008517474,-0.060535222,-0.9981297,-0.99962497,-0.02546516,0.010074675,-0.026027352,0.9978412,-0.06029564
1356068781240,-0.026021987,-0.05256912,-0.99827826,-0.9996371,-0.0055957735,0.026352048,-0.006971389,0.9986017,-0.052404463
1356068781281,-0.055287242,-0.03989768,-0.99767303,-0.9984106,0.013153732,0.05480212,0.010936618,0.9991172,-0.040561497
1356068781320,-0.09797096,-0.02407685,-0.99489796,-0.9947728,0.03129089,0.09720138,0.028790921,0.9992204,-0.02701664
1356068781361,-0.15180594,-0.0075416863,-0.98838156,-0.98726714,0.04923767,0.1512591,0.04752487,0.9987587,-0.014920235
1356068781401,-0.2099837,0.0032832623,-0.97769934,-0.9755035,0.066363156,0.20973495,0.065571845,0.9977901,-0.010732353
1356068781438,-0.2577325,-0.0048955977,-0.9662039,-0.9632131,0.0800854,0.2565289,0.07612297,0.99677604,-0.025356174
1356068781478,-0.27412993,-0.04892978,-0.9604471,-0.9592242,0.08542049,0.26942915,0.06885874,0.99514276,-0.070350945
1356068781518,-0.24395078,-0.13276407,-0.960657,-0.96900356,0.073194265,0.23595473,0.038988322,0.98844135,-0.1465047
1356068781559,-0.17241487,-0.2339615,-0.95683604,-0.9850069,0.035146922,0.16889706,-0.0058855414,0.9716104,-0.23651356
1356068781598,-0.08622351,-0.31819513,-0.9440961,-0.99504256,-0.019632071,0.09749311,-0.049556375,0.9478219,-0.31492501
1356068781638,-0.012464136,-0.36672208,-0.93024707,-0.9969144,-0.067548186,0.039986283,-0.07750037,0.92787504,-0.36474854
1356068781680,0.032875538,-0.37760672,-0.92538226,-0.9959042,-0.09040159,0.0015078783,-0.084225416,0.9215425,-0.3790322
1356068781719,0.049202472,-0.35919607,-0.9319643,-0.99585485,-0.08911076,-0.018230587,-0.07649973,0.9289981,-0.3620916
1356068781760,0.02168575,-0.31004682,-0.95047396,-0.9980581,-0.062241822,-0.0024680495,-0.058394015,0.9486817,-0.31079453
1356068781798,-0.031716615,-0.24364385,-0.96934605,-0.99878764,-0.028804272,0.039919853,-0.037647486,0.969437,-0.24243492
1356068781840,-0.10525411,-0.16636863,-0.98043007,-0.99431646,0.0017273426,0.10645166,-0.016016662,0.98606217,-0.16560489
1356068781878,-0.17385656,-0.09351447,-0.9803209,-0.9847628,0.020597398,0.1726794,0.004044056,0.99540484,-0.09567058
1356068781926,-0.23014522,-0.030248582,-0.97268605,-0.9729057,0.02983433,0.22926942,0.022084385,0.9990971,-0.036295235
1356068781960,-0.2657994,0.019701213,-0.963827,-0.9633299,0.0326249,0.26632917,0.036691755,0.99927354,0.010307014
1356068782000,-0.2787857,0.054632455,-0.95879805,-0.9592303,0.032428384,0.28075916,0.046430796,0.9979798,0.043364525
1356068782040,-0.2672667,0.0724816,-0.9608928,-0.9623885,0.030371726,0.2699737,0.04875207,0.9969072,0.061638117
1356068782079,-0.23187464,0.07318121,-0.96998894,-0.9718582,0.025155842,0.2342194,0.041541338,0.9970013,0.06528878
1356068782120,-0.17660207,0.058134764,-0.9825641,-0.9839951,0.013688445,0.17766914,0.023778588,0.99821484,0.05478686
1356068782160,-0.10952604,0.032272905,-0.9934598,-0.9939829,-0.004933238,0.10942343,-0.0013695359,0.9994669,0.032619
1356068782200,-0.044078648,0.0039148927,-0.9990204,-0.99871844,-0.025066316,0.043967128,-0.02486962,0.99967813,0.005014777
1356068782240,0.010167837,-0.021817774,-0.9997102,-0.9992422,-0.03778541,-0.009338468,-0.037570685,0.99904764,-0.022185415
1356068782280,0.04547745,-0.04125175,-0.9981133,-0.99831295,-0.03798127,-0.04391685,-0.036097974,0.9984267,-0.042909443
1356068782321,0.0567981,-0.052701205,-0.9969938,-0.99812484,-0.025822759,-0.055497497,-0.022820354,0.99827635,-0.054069072
1356068782360,0.037917316,-0.056205183,-0.997699,-0.9992627,-0.008161187,-0.03751695,-0.006033778,0.9983859,-0.056473196
1356068782401,-0.014418721,-0.05015883,-0.9986371,-0.99982154,0.012910962,0.013787389,0.012201756,0.9986578,-0.050336003
1356068782440,-0.11076677,-0.035819232,-0.9932008,-0.99339765,0.034020543,0.10956177,0.029864877,0.99877906,-0.039351106
1356068782481,-0.24652106,-0.012512594,-0.96905667,-0.96796393,0.052372277,0.24556682,0.047679007,0.9985492,-0.025022626
1356068782520,-0.4156103,0.017178804,-0.90938056,-0.9071858,0.06410253,0.4158182,0.06543684,0.99779546,-0.011057258
1356068782560,-0.5833193,0.043705583,-0.81106627,-0.8081848,0.06846219,0.58493614,0.08109233,0.996696,-0.0046131015
1356068782600,-0.7096632,0.051358104,-0.70266664,-0.6988859,0.07479519,0.7113116,0.089087695,0.9958755,-0.017185926
1356068782639,-0.7821183,0.028335482,-0.6224854,-0.61766076,0.09681147,0.78046316,0.08237854,0.99489933,-0.058216393
1356068782679,-0.8079358,-0.028434426,-0.5885842,-0.58646,0.13623959,0.7984382,0.057485342,0.99026775,-0.12674844
1356068782720,-0.7995126,-0.10913339,-0.5906517,-0.60035694,0.17586851,0.78015494,0.018736064,0.97834563,-0.20612812
1356068782759,-0.7756602,-0.18801863,-0.602495,-0.6307779,0.19812363,0.75024414,-0.021691382,0.9619751,-0.2722746
1356068782800,-0.76157814,-0.2375708,-0.60295844,-0.6460656,0.20514005,0.7351985,-0.050970763,0.9494618,-0.30971646
1356068782840,-0.7721302,-0.24672046,-0.5856141,-0.63223934,0.20553344,0.7470137,-0.06394026,0.9470401,-0.314685
1356068782880,-0.80167645,-0.2223918,-0.5548485,-0.59439564,0.19826245,0.7793497,-0.06331532,0.9545858,-0.29113108
1356068782927,-0.83646727,-0.17820495,-0.5182331,-0.54537547,0.17795646,0.8190831,-0.05374174,0.96776783,-0.24604332
1356068782961,-0.8629156,-0.13096568,-0.48808256,-0.503767,0.146595,0.85130996,-0.039941937,0.9804886,-0.19247526
1356068783001,-0.8801525,-0.0858127,-0.46687013,-0.47410166,0.109918654,0.873582,-0.023646697,0.99022925,-0.13742912
1356068783040,-0.8871741,-0.046879098,-0.4590473,-0.46137708,0.074394464,0.8840795,-0.007294297,0.99612635,-0.087629795
1356068783081,-0.8867097,-0.013707131,-0.46212327,-0.46226,0.043239832,0.88568956,0.007841855,0.9989707,-0.044677377
1356068783120,-0.87921226,0.013180241,-0.47624785,-0.47600186,0.018079221,0.8792584,0.020199046,0.99974966,-0.00962168
1356068783161,-0.8643008,0.031526044,-0.5019864,-0.5022346,5.3226948E-5,0.86473143,0.027288273,0.9995029,0.015787482
1356068783199,-0.84008443,0.037142903,-0.54118276,-0.5418651,-0.010910392,0.84039474,0.025310218,0.9992504,0.029291987
1356068783239,-0.80413073,0.027228564,-0.5938286,-0.5943402,-0.017402768,0.8040254,0.011558235,0.99947774,0.030177057
1356068783279,-0.75597733,0.0031120777,-0.6545905,-0.65447086,-0.023289263,0.7557285,-0.012893051,0.9997239,0.01964295
1356068783319,-0.7001721,-0.028022766,-0.7134239,-0.7128016,-0.029806197,0.7007321,-0.040900886,0.9991628,8.947849E-4
1356068783358,-0.6469253,-0.05588916,-0.7605026,-0.76005614,-0.03338909,0.6489992,-0.061664462,0.99787855,-0.020878732
1356068783398,-0.60688806,-0.072767615,-0.7914492,-0.79188293,-0.029692352,0.60995066,-0.067884654,0.9969069,-0.03960353
1356068783438,-0.58546907,-0.07658291,-0.8070694,-0.808475,-0.01846379,0.58824074,-0.05995074,0.9968922,-0.05110538
1356068783478,-0.581967,-0.0700905,-0.81018627,-0.81198704,-0.004586935,0.5836574,-0.044625133,0.9975301,-0.054243088
1356068783518,-0.5933391,-0.056429923,-0.8029723,-0.8044785,0.0073370934,0.5939365,-0.02762428,0.99837965,-0.04975009
1356068783558,-0.6162723,-0.037601262,-0.786635,-0.7874571,0.015537143,0.6161737,-0.01094687,0.99917203,-0.03918451
1356068783598,-0.6468193,-0.014828056,-0.7624991,-0.7626189,0.020576537,0.64652073,0.0061029494,0.99967825,-0.024617434
1356068783638,-0.68014824,0.01033029,-0.7330018,-0.7326529,0.024331272,0.68016744,0.024861157,0.9996506,-0.008980334
1356068783678,-0.7106732,0.034250468,-0.7026881,-0.7020354,0.030378044,0.7114938,0.045715302,0.9989515,0.0024561286
1356068783718,-0.73217714,0.04812914,-0.67941165,-0.6779421,0.044662297,0.7337573,0.065659165,0.99784213,-7.1942806E-5
1356068783759,-0.738245,0.03683719,-0.67352617,-0.6701268,0.07388681,0.7385601,0.0769712,0.9965861,-0.029861033
1356068783795,-0.7230275,-0.012615114,-0.690704,-0.68707037,0.11715102,0.7170843,0.071870565,0.993034,-0.093370855
1356068783838,-0.68111306,-0.10017496,-0.72529304,-0.73055065,0.15899557,0.66409045,0.048793137,0.982184,-0.18147683
1356068783878,-0.6174102,-0.19801214,-0.7613119,-0.7864219,0.17823136,0.5914171,0.018581897,0.9638593,-0.26576293
1356068783921,-0.5496041,-0.27256572,-0.78971076,-0.8354088,0.17340279,0.5215587,-0.0052210093,0.9463822,-0.3230067
1356068783962,-0.49231064,-0.30890277,-0.8137624,-0.8702576,0.15664774,0.46702588,-0.016791552,0.93810475,-0.34594434
1356068783999,-0.45676032,-0.30461785,-0.8358098,-0.88940525,0.13723722,0.43603238,-0.018119007,0.9425359,-0.33361322
1356068784039,-0.43848097,-0.26928613,-0.8574493,-0.89862597,0.11614102,0.42306325,-0.014340043,0.95603144,-0.29291314
1356068784080,-0.4302891,-0.21448982,-0.8768383,-0.9026532,0.09333116,0.4201268,-0.008276582,0.9722569,-0.2337693
1356068784118,-0.42085028,-0.15611055,-0.8935964,-0.90712976,0.07147741,0.41473687,-8.728504E-4,0.98515,-0.1716938
1356068784160,-0.40958363,-0.09913674,-0.90686995,-0.9122344,0.053595066,0.40614763,0.008339584,0.99362946,-0.1123876
1356068784198,-0.38972044,-0.050883442,-0.91952646,-0.92076397,0.04067415,0.3879941,0.017658532,0.997876,-0.06270319
1356068784240,-0.36407506,-0.012613386,-0.9312842,-0.9310069,0.032832384,0.36352196,0.025991052,0.9993813,-0.023696542
1356068784278,-0.33102375,0.01423043,-0.9435152,-0.9431002,0.028273106,0.33130455,0.031390697,0.99949896,0.0040616393
1356068784320,-0.2914914,0.028796583,-0.9561398,-0.95606124,0.023932755,0.2921883,0.031297058,0.9992987,0.020555079
1356068784358,-0.24635923,0.030850679,-0.9686874,-0.9688965,0.016270518,0.24693063,0.023379028,0.99939156,0.025882721
1356068784400,-0.19750375,0.022132456,-0.98005223,-0.98027116,0.003490746,0.19762671,0.0077950656,0.99974895,0.021006346
1356068784440,-0.14733452,0.0045239627,-0.9890763,-0.9890045,-0.013565183,0.14726183,-0.012750804,0.9998977,0.0064728856
1356068784478,-0.10102111,-0.015031278,-0.99477077,-0.994463,-0.027569532,0.101406395,-0.028949618,0.9995069,-0.012162983
1356068784518,-0.063126445,-0.032904983,-0.9974629,-0.99743414,-0.03173536,0.06417152,-0.03376645,0.99895453,-0.03081721
1356068784558,-0.037421107,-0.04563865,-0.9982569,-0.99894404,-0.02493602,0.038586885,-0.026653677,0.99864674,-0.04465729
1356068784598,-0.026916206,-0.051552832,-0.99830747,-0.99955493,-0.011461616,0.027541697,-0.0128620565,0.9986045,-0.05122143
1356068784638,-0.033865124,-0.05046305,-0.9981516,-0.99942434,0.0037364066,0.03371945,0.0020279288,0.998719,-0.050560534
1356068784678,-0.059806496,-0.04300329,-0.9972832,-0.9980873,0.018239886,0.059068203,0.015650243,0.9989084,-0.04401189
1356068784718,-0.10520154,-0.030266166,-0.99399024,-0.99404573,0.0317297,0.10424125,0.02838403,0.9990381,-0.03342396
1356068784758,-0.16840559,-0.013688207,-0.98562276,-0.98483646,0.044609368,0.16765174,0.041673213,0.99891067,-0.020993114
1356068784798,-0.24476784,0.0030531883,-0.9695769,-0.96795833,0.057072997,0.24453896,0.056083262,0.99836534,-0.011014283
1356068784838,-0.32210678,0.011461914,-0.94663393,-0.9441773,0.06910664,0.3221077,0.06911066,0.99754345,-0.0114376545
1356068784878,-0.38275588,-0.002418816,-0.92384636,-0.9209222,0.08054185,0.38133353,0.07348597,0.99674827,-0.033055425
1356068784921,-0.40439117,-0.056996524,-0.9128084,-0.9127364,0.08859396,0.39882746,0.058137506,0.9944358,-0.08784938
1356068784959,-0.3857143,-0.14246339,-0.91155285,-0.9222948,0.08569658,0.37686646,0.024427295,0.98608327,-0.16444767
1356068784999,-0.3317979,-0.23948628,-0.9124453,-0.9431265,0.06313574,0.32638368,-0.02055648,0.9688448,-0.24681419
1356068785039,-0.2712547,-0.31523407,-0.909422,-0.96068907,0.0306184,0.27593297,-0.059138417,0.9485199,-0.31114733
1356068785078,-0.23008808,-0.35345745,-0.9067124,-0.9699167,0.007170528,0.24333155,-0.07950574,0.93542314,-0.34447414
1356068785118,-0.22168896,-0.35292104,-0.9090108,-0.9717263,0.0022788346,0.23609927,-0.08125293,0.93565035,-0.3434478
1356068785158,-0.24742651,-0.318555,-0.9150425,-0.96632075,0.012178302,0.2570524,-0.07074168,0.94782615,-0.31083953
1356068785198,-0.29664302,-0.26003957,-0.9189029,-0.95343614,0.025802314,0.30048934,-0.054429263,0.96525323,-0.25558525
1356068785238,-0.35186738,-0.19062728,-0.9164336,-0.9353698,0.03429413,0.35200453,-0.03567341,0.98106325,-0.19037396
1356068785278,-0.39910585,-0.121848345,-0.9087725,-0.91677284,0.03621018,0.39776427,-0.015560091,0.991888,-0.1261589
1356068785318,-0.43114406,-0.060790956,-0.90023285,-0.90227073,0.034270525,0.42980582,0.0047231317,0.997562,-0.06962544
1356068785358,-0.44605082,-0.0106116235,-0.89494467,-0.8947065,0.031224191,0.44556186,0.0232158,0.99945605,-0.023421884
1356068785398,-0.4438609,0.027057469,-0.8956871,-0.8953095,0.028470278,0.44453382,0.037528455,0.99922836,0.011587977
1356068785438,-0.4241079,0.049935997,-0.90423393,-0.9045081,0.02592218,0.42566794,0.044695914,0.998416,0.034173608
1356068785478,-0.38539708,0.05593267,-0.9210541,-0.92180455,0.02185756,0.38703838,0.041780114,0.9981953,0.043135107
