1356068203020,-0.49140358,-0.14577979,-0.85864466,-0.7381979,-0.4534394,0.49945623,-0.46215397,0.8792843,0.11520746
1356068203062,-0.2733304,-0.017635852,-0.9617586,-0.84361935,-0.4759857,0.24848357,-0.46216547,0.8792763,0.11522329
1356068203102,-0.27346408,-0.017627478,-0.9617207,-0.8435118,-0.4761266,0.24857849,-0.46228266,0.87920004,0.11533448
1356068203140,-0.27355248,-0.017564982,-0.9616967,-0.8432889,-0.47652298,0.24857518,-0.46263677,0.8789865,0.11554167
1356068203181,-0.272834,-0.017422438,-0.9619033,-0.84298325,-0.47749138,0.2477521,-0.46361703,0.8784636,0.11558911
1356068203221,-0.26979744,-0.017143846,-0.9627645,-0.8430591,-0.47888857,0.24477968,-0.46525335,0.8777083,0.11474961
1356068203260,-0.26295072,-0.016778708,-0.9646634,-0.84416586,-0.4801278,0.23845616,-0.4671627,0.8770381,0.11208591
1356068203301,-0.2534141,-0.016413718,-0.9672187,-0.8464799,-0.4802128,0.22992936,-0.46824473,0.87699854,0.107798755
1356068203341,-0.24230325,-0.016213953,-0.970065,-0.85010105,-0.47831088,0.22033328,-0.46756518,0.87804085,0.10211286
1356068203378,-0.2322216,-0.016439319,-0.9725239,-0.8539977,-0.4751469,0.2119514,-0.46557602,0.879753,0.096300215
1356068203420,-0.22420508,-0.017227441,-0.9743897,-0.8572962,-0.47198403,0.20560697,-0.4634385,0.88143873,0.091052234
1356068203461,-0.21802539,-0.01864639,-0.97576493,-0.8594222,-0.47009265,0.201013,-0.46244818,0.88242006,0.08646709
1356068203503,-0.21229702,-0.020477623,-0.9769906,-0.86037934,-0.47011977,0.19681141,-0.4633328,0.882365,0.08218649
1356068203542,-0.2056331,-0.022286624,-0.9783753,-0.86052096,-0.47200376,0.19161454,-0.46606728,0.88131475,0.077881485
1356068203581,-0.1969788,-0.023479402,-0.9801266,-0.8603152,-0.47528595,0.18428564,-0.47016728,0.87951815,0.07342151
1356068203622,-0.18531972,-0.023541331,-0.98239625,-0.86004966,-0.47971904,0.17373583,-0.47536424,0.8771062,0.068654746
1356068203661,-0.17088056,-0.021901876,-0.9850483,-0.85999286,-0.484587,0.15996116,-0.48084512,0.87446874,0.0639711
1356068203701,-0.15400743,-0.018655717,-0.9878936,-0.8598414,-0.490039,0.14329883,-0.48677972,0.87150085,0.059428692
1356068203741,-0.13523555,-0.013390154,-0.990723,-0.8595089,-0.49584472,0.12402621,-0.4929055,0.86830795,0.05554685
1356068203782,-0.116357625,-0.006929517,-0.99318314,-0.85840166,-0.5023101,0.104071856,-0.4996072,0.86465967,0.052499413
1356068203820,-0.097564876,6.4751506E-4,-0.995229,-0.85646605,-0.50938404,0.083630145,-0.5068996,0.86053914,0.050252497
1356068203861,-0.080031574,0.008746594,-0.996754,-0.85372734,-0.51677066,0.064012975,-0.51453334,0.8560792,0.048825145
1356068203937,-0.0654639,0.016771555,-0.9977139,-0.8504618,-0.52393335,0.046994805,-0.5219475,0.8515941,0.048562333
1356068203938,-0.055463016,0.024155676,-0.9981685,-0.84691924,-0.53061944,0.034217894,-0.52882105,0.84726596,0.049887642
1356068203980,-0.050936043,0.030291498,-0.99824244,-0.84268725,-0.53774184,0.026681036,-0.5359885,0.8425652,0.052916676
1356068204021,-0.05012369,0.034493387,-0.99814725,-0.83760166,-0.54578876,0.023200482,-0.54397726,0.8372127,0.05624856
1356068204060,-0.049586535,0.036274582,-0.99811095,-0.8315152,-0.55509984,0.021135837,-0.55328447,0.83099246,0.05768825
1356068204098,-0.047499597,0.034321636,-0.9982815,-0.826581,-0.5624627,0.019991934,-0.56080985,0.82611006,0.05508633
1356068204138,-0.041850924,0.028584272,-0.99871486,-0.82510495,-0.56467927,0.01841411,-0.56342727,0.8248153,0.047217384
1356068204178,-0.037528276,0.01784578,-0.9991361,-0.82826054,-0.55994534,0.021108806,-0.559085,0.82833725,0.03579484
1356068204223,-0.040101886,0.00165838,-0.99919426,-0.8356621,-0.5482738,0.032628685,-0.5477779,0.8362973,0.02337265
1356068204259,-0.055522442,-0.020436347,-0.9982482,-0.8452567,-0.5312156,0.05788827,-0.53146815,0.8469901,0.012220442
1356068204301,-0.0886479,-0.04862085,-0.99487567,-0.85404575,-0.5102913,0.10103789,-0.512589,0.8586261,0.0037118196
1356068204339,-0.1435802,-0.08342621,-0.98611605,-0.85792506,-0.48620212,0.16604844,-0.4933045,0.8698549,-0.0017644465
1356068204381,-0.22099823,-0.12469253,-0.96727014,-0.8519176,-0.45811862,0.2536998,-0.47475895,0.8801018,-0.004984349
1356068204420,-0.3158598,-0.17037019,-0.93338454,-0.8315587,-0.42400092,0.35879427,-0.4568837,0.8894927,-0.0077480376
1356068204461,-0.42022645,-0.2191382,-0.88056135,-0.793461,-0.38208014,0.47374517,-0.44026065,0.8977713,-0.013317525
1356068204499,-0.51567346,-0.2678549,-0.81383944,-0.74285793,-0.33350515,0.5804622,-0.42689928,0.9038961,-0.02699846
1356068204539,-0.5838638,-0.3161242,-0.7477757,-0.69434154,-0.2828632,0.6617236,-0.42070508,0.90556824,-0.054344535
1356068204576,-0.6023735,-0.36678487,-0.7089534,-0.6741012,-0.24189413,0.6979074,-0.42747357,0.89830726,-0.10153949
1356068204619,-0.563313,-0.42262977,-0.70997363,-0.6936795,-0.22491097,0.6842688,-0.44887322,0.8779517,-0.16647434
1356068204659,-0.46575832,-0.47757617,-0.7449766,-0.7431443,-0.24595797,0.6222871,-0.48042244,0.8434605,-0.24035096
1356068204698,-0.3421328,-0.5179378,-0.78401875,-0.788288,-0.2959106,0.5394801,-0.5114167,0.8026066,-0.30704343
1356068204738,-0.2484225,-0.5397901,-0.804309,-0.8088793,-0.34122044,0.47883493,-0.532917,0.7695423,-0.3518582
1356068204778,-0.22356659,-0.552333,-0.8030855,-0.80981195,-0.353271,0.46840608,-0.54242295,0.7550682,-0.36830634
1356068204818,-0.2778461,-0.5623413,-0.77882844,-0.79300565,-0.32331038,0.5163452,-0.5421656,0.76107985,-0.35610926
1356068204858,-0.3979038,-0.5658701,-0.72212434,-0.74493665,-0.26014143,0.61432546,-0.5354829,0.7823793,-0.31802613
1356068204927,-0.5444295,-0.553902,-0.629912,-0.6547089,-0.18883818,0.7319128,-0.52435935,0.81088394,-0.25983548
1356068204941,-0.67257094,-0.5260415,-0.52050805,-0.53673446,-0.1374768,0.83247596,-0.50947475,0.83927375,-0.18988168
1356068204980,-0.7594481,-0.49304068,-0.42444015,-0.42498106,-0.11799258,0.8974792,-0.4925745,0.8619679,-0.11992371
1356068205019,-0.8122079,-0.4633598,-0.35442337,-0.33713636,-0.12299186,0.9333874,-0.4760854,0.87759364,-0.05632043
1356068205060,-0.8413234,-0.44021818,-0.31366062,-0.2794889,-0.14240557,0.9495297,-0.46266723,0.88652617,-0.0032269359
1356068205100,-0.85558605,-0.4230345,-0.29835248,-0.24950701,-0.16798085,0.9536921,-0.4535622,0.8904067,0.038172066
1356068205139,-0.860332,-0.40983874,-0.30308604,-0.24222344,-0.19446748,0.95053154,-0.44850498,0.89118725,0.06803399
1356068205180,-0.85769814,-0.39912376,-0.32412064,-0.25395927,-0.21926153,0.9420345,-0.44705552,0.8902947,0.08669895
1356068205220,-0.8469441,-0.39063552,-0.36067948,-0.28336778,-0.24235338,0.92788345,-0.4498761,0.8880703,0.09456617
1356068205260,-0.8250152,-0.3846266,-0.41401973,-0.3303418,-0.26617813,0.9055515,-0.4585022,0.8838617,0.09254277
1356068205301,-0.7879718,-0.38069636,-0.48391187,-0.39299184,-0.2940542,0.8712575,-0.47398084,0.87669975,0.08209586
1356068205341,-0.73708814,-0.376516,-0.5611922,-0.4617842,-0.32568938,0.8250344,-0.493413,0.86727273,0.06619263
1356068205382,-0.6793383,-0.37100613,-0.6331302,-0.52573806,-0.3558563,0.7726355,-0.511956,0.85774153,0.046694815
1356068205421,-0.6296433,-0.36426905,-0.68619055,-0.57476085,-0.3758341,0.72691035,-0.52268475,0.85208964,0.027273893
1356068205462,-0.6005011,-0.3587818,-0.71461457,-0.60533696,-0.37994963,0.69943225,-0.5224611,0.85259247,0.010976315
1356068205500,-0.59639543,-0.35702914,-0.7189178,-0.6172185,-0.36862493,0.69509494,-0.5131802,0.8582808,-5.187392E-4
1356068205541,-0.61552703,-0.36014467,-0.7010152,-0.6097571,-0.34592348,0.71311516,-0.49932224,0.86639065,-0.0066755414
1356068205580,-0.6534187,-0.3671928,-0.6619769,-0.5821279,-0.31527835,0.7494843,-0.4839122,0.87508225,-0.0077444315
1356068205621,-0.7041816,-0.37587175,-0.6023691,-0.5341686,-0.2784503,0.79820377,-0.46775216,0.8838472,-0.00469923
1356068205660,-0.7601556,-0.38261905,-0.5251343,-0.46867105,-0.23688406,0.851019,-0.45001206,0.8930222,7.4625015E-4
1356068205701,-0.812086,-0.38512686,-0.438399,-0.39380005,-0.19271374,0.8987675,-0.430625,0.90251803,0.0048371553
1356068205741,-0.8508248,-0.38485655,-0.35774675,-0.32603177,-0.14726192,0.93381864,-0.4120687,0.9111528,-1.8143654E-4
1356068205780,-0.87122977,-0.38879767,-0.2996583,-0.28308585,-0.10076517,0.95378655,-0.40102512,0.9157962,-0.02227348
1356068205823,-0.8684563,-0.40770367,-0.2820661,-0.28553256,-0.05377662,0.95685905,-0.4052835,0.91152936,-0.06970996
1356068205863,-0.8356706,-0.45071012,-0.31387103,-0.34468466,-0.014551103,0.9386058,-0.42760628,0.8925518,-0.14319295
1356068205929,-0.7749238,-0.50679713,-0.3776899,-0.43773243,-7.3707104E-4,0.899105,-0.45594227,0.862065,-0.22127032
1356068205942,-0.69476664,-0.56007,-0.45124382,-0.53432757,-0.01804477,0.84508485,-0.48144925,0.8282488,-0.2867239
1356068205980,-0.6223893,-0.59281254,-0.51108205,-0.6040361,-0.051473796,0.795293,-0.497767,0.8036938,-0.32604343
1356068206020,-0.5820043,-0.60109484,-0.5476823,-0.637262,-0.08123374,0.76635385,-0.5051416,0.79503834,-0.33577657
1356068206060,-0.5779752,-0.5897286,-0.564061,-0.6392907,-0.10239673,0.76211697,-0.5072002,0.8010836,-0.31782526
1356068206100,-0.6004256,-0.5648409,-0.5660776,-0.61846364,-0.12075353,0.77648,-0.5069436,0.8163169,-0.27683008
1356068206140,-0.6351445,-0.53211606,-0.55986065,-0.5845411,-0.14265108,0.7987255,-0.5048794,0.83456767,-0.22043967
1356068206180,-0.67121166,-0.4961759,-0.55071265,-0.54724956,-0.16942883,0.8196413,-0.49999282,0.85153,-0.15780944
1356068206219,-0.70210665,-0.4603025,-0.5432936,-0.5148331,-0.19895005,0.833886,-0.4919281,0.8651824,-0.09729487
1356068206260,-0.72412723,-0.42662823,-0.5418745,-0.4932378,-0.22879517,0.839267,-0.48203334,0.8750092,-0.0447523
1356068206300,-0.7356288,-0.3960557,-0.5495364,-0.48543167,-0.25759274,0.83546525,-0.47244734,0.88135463,-0.002765417
1356068206329,-0.7371268,-0.36806425,-0.566721,-0.49077103,-0.2849214,0.8233854,-0.46452966,0.8850698,0.02938795
1356068206370,-0.7303589,-0.3444584,-0.5898511,-0.5054288,-0.30834663,0.8058933,-0.45947534,0.8867191,0.051104605
1356068206409,-0.71083164,-0.322576,-0.6250306,-0.533772,-0.33129996,0.7780282,-0.45804578,0.88667077,0.063316405
1356068206450,-0.67739016,-0.30278236,-0.67042196,-0.5730915,-0.3541746,0.7390038,-0.4612037,0.8848069,0.06639236
1356068206491,-0.6285904,-0.2854201,-0.72347057,-0.6198777,-0.3779407,0.6876865,-0.46970844,0.8807363,0.06064427
1356068206532,-0.5636052,-0.2708367,-0.78038234,-0.6692047,-0.4041369,0.62356913,-0.4842667,0.8736824,0.04652846
1356068206571,-0.49160355,-0.2570971,-0.8320018,-0.7122407,-0.43100786,0.5540264,-0.50103796,0.8649469,0.02877003
1356068206611,-0.42466056,-0.24473546,-0.8716467,-0.7445971,-0.453264,0.49002743,-0.51501316,0.8571209,0.010254055
1356068206652,-0.3757668,-0.23398116,-0.8966895,-0.7668756,-0.46473312,0.442634,-0.52028936,0.8539765,-0.004803121
1356068206691,-0.34971678,-0.22645083,-0.9090754,-0.78254175,-0.46290517,0.4163497,-0.51509845,0.856994,-0.015321493
1356068206730,-0.3466884,-0.22419342,-0.91079336,-0.79179704,-0.4506166,0.41231316,-0.50285643,0.86410767,-0.02129221
1356068206771,-0.36577177,-0.22829571,-0.9022705,-0.7925513,-0.4318365,0.43055755,-0.48792773,0.8725814,-0.022982508
1356068206810,-0.40629274,-0.23910815,-0.88190335,-0.7817791,-0.40867025,0.4709672,-0.47301978,0.8808042,-0.020889997
1356068206851,-0.46630698,-0.25579363,-0.8468337,-0.75650996,-0.38088447,0.5316199,-0.45853078,0.8885362,-0.015901327
1356068206890,-0.5411802,-0.27705216,-0.7939559,-0.7141067,-0.3471557,0.6078935,-0.4440446,0.8959492,-0.009970963
1356068206929,-0.61988264,-0.3008846,-0.7247165,-0.6565059,-0.3070277,0.6890095,-0.42982036,0.9028856,-0.007211387
1356068206968,-0.6877801,-0.3276698,-0.6477585,-0.5927027,-0.26171815,0.7617133,-0.41912055,0.90781945,-0.014206231
1356068207009,-0.7228863,-0.3609777,-0.5891778,-0.54963917,-0.21631932,0.80690944,-0.41872683,0.90713894,-0.042033195
1356068207049,-0.71475947,-0.40806133,-0.56798315,-0.54827195,-0.17725301,0.81729996,-0.43418524,0.8955821,-0.09703529
1356068207089,-0.65245926,-0.4706264,-0.5939761,-0.5985128,-0.16075951,0.78481764,-0.4648432,0.8675639,-0.17678696
1356068207128,-0.5495023,-0.5325284,-0.6437863,-0.67073107,-0.17826569,0.71995914,-0.4981637,0.8274267,-0.2592259
1356068207168,-0.44636685,-0.5751288,-0.6855533,-0.72668064,-0.2141012,0.6527602,-0.52219903,0.78954893,-0.32236725
1356068207208,-0.3912843,-0.5945868,-0.7023982,-0.7512863,-0.23440689,0.616946,-0.5314748,0.7691034,-0.35498524
1356068207248,-0.40226638,-0.5972868,-0.69385177,-0.7474569,-0.22337282,0.6256299,-0.5286681,0.7702942,-0.35659075
1356068207288,-0.46805215,-0.5861012,-0.66137165,-0.7147113,-0.18909323,0.67337316,-0.51972574,0.7878637,-0.3303876
1356068207328,-0.5577804,-0.5621509,-0.6106288,-0.6553131,-0.15322095,0.73965406,-0.50935835,0.81271756,-0.28292125
1356068207368,-0.6413981,-0.5303609,-0.5543698,-0.582467,-0.1336711,0.8017881,-0.49934027,0.8371675,-0.2231813
1356068207408,-0.7049527,-0.4974264,-0.5055775,-0.5129014,-0.1348055,0.8477969,-0.4898712,0.85696816,-0.16009921
1356068207448,-0.74747616,-0.46765682,-0.47178024,-0.4580452,-0.15152854,0.87591875,-0.48111755,0.87082505,-0.10094404
1356068207495,-0.7747126,-0.4413639,-0.4527894,-0.4190034,-0.17795938,0.8903744,-0.47355726,0.87950456,-0.047065616
1356068207526,-0.7852615,-0.4178668,-0.45689356,-0.40632436,-0.20900792,0.8895033,-0.4671883,0.8841397,-0.0056635737
1356068207569,-0.7854684,-0.4001512,-0.47214228,-0.40976882,-0.2354747,0.88127244,-0.4638198,0.8856809,0.020988524
1356068207608,-0.77171195,-0.38630393,-0.5052028,-0.4335458,-0.26163536,0.8623137,-0.46529412,0.8844864,0.03442675
1356068207648,-0.74186194,-0.37596282,-0.55524117,-0.47466877,-0.29043353,0.83086574,-0.47363526,0.8799434,0.037003756
1356068207690,-0.69427884,-0.36774945,-0.6186576,-0.52802354,-0.323833,0.7850626,-0.48904812,0.8717181,0.03065002
1356068207728,-0.63526225,-0.35814047,-0.6842348,-0.5834696,-0.35788047,0.72903,-0.50596946,0.8623555,0.01838386
1356068207768,-0.57521886,-0.34647173,-0.7409997,-0.6332066,-0.3848818,0.67150235,-0.51785386,0.8554667,0.0020030737
1356068207808,-0.52552634,-0.3332718,-0.78278476,-0.6735684,-0.3990928,0.62211776,-0.519738,0.85419834,-0.01474756
1356068207849,-0.49296737,-0.3211488,-0.8086079,-0.7032781,-0.4000827,0.587651,-0.51223344,0.858369,-0.028629184
1356068207889,-0.48000282,-0.3127783,-0.819614,-0.7213903,-0.39090556,0.5716546,-0.49919277,0.8656574,-0.03799951
1356068207936,-0.48628026,-0.31052566,-0.8167651,-0.72624695,-0.37614614,0.575395,-0.48589796,0.8729764,-0.042605877
1356068207973,-0.510598,-0.31393746,-0.800458,-0.71739864,-0.3576154,0.59787166,-0.47395045,0.87951946,-0.04262054
1356068208011,-0.55168307,-0.32281947,-0.7690471,-0.6936903,-0.33434445,0.63797146,-0.4630763,0.8854385,-0.03948456
1356068208051,-0.60284394,-0.33493328,-0.72415394,-0.6573801,-0.30583107,0.68870807,-0.45214003,0.89122784,-0.035810053
1356068208090,-0.65382326,-0.34782046,-0.6719643,-0.61533016,-0.27238905,0.7397114,-0.44032252,0.8971205,-0.035930157
1356068208131,-0.6937013,-0.3623635,-0.62247175,-0.5784483,-0.23465228,0.7812399,-0.42915732,0.9020149,-0.04682988
1356068208173,-0.70588297,-0.3841771,-0.5950942,-0.5678742,-0.19522619,0.7996284,-0.42337692,0.90238273,-0.08035737
1356068208211,-0.6823237,-0.41810954,-0.5996823,-0.5935018,-0.16213197,0.78833294,-0.42683715,0.89381075,-0.13752228
1356068208252,-0.5993314,-0.4697489,-0.6481805,-0.66748756,-0.15371364,0.72858256,-0.44188502,0.86931473,-0.22142619
1356068208291,-0.47309625,-0.52009565,-0.71111214,-0.7526637,-0.18091828,0.63306075,-0.4579053,0.834727,-0.30586535
1356068208331,-0.34293348,-0.55188817,-0.76014215,-0.8141574,-0.2290135,0.5335734,-0.46855563,0.80185556,-0.3707875
1356068208370,-0.2561447,-0.5608443,-0.7873015,-0.84285307,-0.26918918,0.46597853,-0.4732744,0.7829374,-0.40375793
1356068208410,-0.23021466,-0.55363184,-0.80030805,-0.84887415,-0.28787482,0.4433292,-0.47582966,0.78142166,-0.40369076
1356068208450,-0.25768012,-0.5348623,-0.80468833,-0.8390831,-0.2890786,0.46083963,-0.47910395,0.7939495,-0.37430412
1356068208490,-0.31795174,-0.50604475,-0.8017639,-0.81600606,-0.28451473,0.5031753,-0.48274294,0.81422967,-0.32247365
1356068208530,-0.3893574,-0.46929634,-0.79256654,-0.7834152,-0.2838108,0.5529124,-0.48441872,0.8361892,-0.25715005
1356068208570,-0.45471442,-0.42842838,-0.7808225,-0.74863255,-0.29106873,0.59567463,-0.48247692,0.85541105,-0.18838233
1356068208610,-0.50448895,-0.38747153,-0.7715936,-0.7194642,-0.30541235,0.6237744,-0.47734904,0.8698213,-0.124694765
1356068208650,-0.53533316,-0.34911495,-0.7691145,-0.70114094,-0.32406992,0.6351221,-0.47097751,0.87925965,-0.07129341
1356068208690,-0.54777515,-0.31434405,-0.7753259,-0.6952745,-0.3444088,0.6308534,-0.46533406,0.8846301,-0.029896796
1356068208730,-0.5437939,-0.28308836,-0.79003114,-0.70085716,-0.36462116,0.6130667,-0.46161407,0.8870809,-1.257658E-4
1356068208770,-0.52492166,-0.25513506,-0.8120119,-0.71558446,-0.38427687,0.58332676,-0.46086448,0.88726395,0.019144535
1356068208809,-0.49231726,-0.23058894,-0.8393166,-0.7359947,-0.4045127,0.54284537,-0.46468842,0.88498485,0.02943647
1356068208850,-0.44731885,-0.2098234,-0.8694135,-0.7578325,-0.42732024,0.49303877,-0.47496912,0.8794154,0.032137454
1356068208890,-0.3933481,-0.19263366,-0.8989825,-0.7771137,-0.45284897,0.4370609,-0.4912959,0.87052864,0.028428972
1356068208928,-0.33548266,-0.1792933,-0.9248272,-0.79191434,-0.4780326,0.3799429,-0.51021874,0.85984814,0.018386632
1356068208967,-0.2819878,-0.16908255,-0.9444014,-0.8032794,-0.49664283,0.32876763,-0.5246191,0.8513266,0.0042266846
1356068209008,-0.23953015,-0.16183606,-0.9573058,-0.8139241,-0.504066,0.28886843,-0.5292946,0.848367,-0.010983288
1356068209048,-0.21215242,-0.15724495,-0.96450263,-0.8252859,-0.4997325,0.26300278,-0.5233492,0.8517872,-0.02375251
1356068209089,-0.2012924,-0.15547514,-0.9671137,-0.8360544,-0.48717636,0.2523336,-0.5103865,0.85935247,-0.03192076
1356068209130,-0.20772654,-0.15629196,-0.9656203,-0.8445864,-0.46934748,0.2576564,-0.49348107,0.8690718,-0.034506142
1356068209169,-0.23087567,-0.16066328,-0.95962685,-0.84855425,-0.44933456,0.27938163,-0.47607988,0.8787979,-0.032591075
1356068209210,-0.26829523,-0.1664519,-0.9488474,-0.8479787,-0.42656368,0.31460378,-0.45711026,0.8890091,-0.026702642
1356068209249,-0.31813794,-0.17507723,-0.93173826,-0.841472,-0.40057015,0.36258563,-0.43670702,0.8993839,-0.019885957
1356068209289,-0.37075257,-0.18540373,-0.91003734,-0.8309543,-0.37141705,0.41420335,-0.4147982,0.9097664,-0.016358256
1356068209328,-0.41369224,-0.20111617,-0.88792515,-0.8197813,-0.3419327,0.45939162,-0.3960017,0.9179512,-0.02341634
1356068209369,-0.42262053,-0.22897732,-0.87690437,-0.8184446,-0.31916744,0.4777871,-0.38928175,0.9196203,-0.052518547
1356068209408,-0.37780344,-0.27405486,-0.88439727,-0.83415496,-0.3137781,0.45357338,-0.4018085,0.909086,-0.11005777
1356068209450,-0.2761776,-0.3292964,-0.90293396,-0.8593437,-0.3361181,0.38542575,-0.4304118,0.8823766,-0.19015044
1356068209488,-0.15110594,-0.37463054,-0.91477805,-0.8748187,-0.3802144,0.30021515,-0.46028155,0.84562933,-0.2702812
1356068209528,-0.046954274,-0.397688,-0.9163184,-0.8761114,-0.42424035,0.22901705,-0.47981656,0.8135505,-0.32849908
1356068209568,0.011517823,-0.39952642,-0.9166493,-0.87294835,-0.4511053,0.1856479,-0.48767656,0.7980493,-0.3539617
1356068209608,0.019858003,-0.38628745,-0.92216474,-0.8721186,-0.457709,0.1729503,-0.48889154,0.80080247,-0.34597763
1356068209648,-0.014399707,-0.36260664,-0.931831,-0.872875,-0.450019,0.18860602,-0.48773143,0.81608784,-0.31003013
1356068209688,-0.076116085,-0.33179894,-0.9402743,-0.8713267,-0.4363336,0.22450575,-0.48476404,0.8363745,-0.2558933
1356068209728,-0.14809692,-0.29687226,-0.94336325,-0.8653424,-0.4229129,0.26893738,-0.47880048,0.856161,-0.19426411
1356068209768,-0.21585178,-0.26071054,-0.94097716,-0.85584813,-0.41338915,0.310859,-0.47003394,0.87243307,-0.13389784
1356068209808,-0.268924,-0.22589791,-0.936296,-0.84583974,-0.40957862,0.34176105,-0.4606899,0.883864,-0.08092791
1356068209848,-0.30269307,-0.19415739,-0.9331022,-0.83840275,-0.41136932,0.35756975,-0.45327443,0.89054936,-0.03826341
1356068209888,-0.31735903,-0.16624862,-0.9336191,-0.8351411,-0.41740227,0.35821038,-0.4492467,0.893385,-0.006374657
1356068209932,-0.31470692,-0.14255717,-0.9384226,-0.83606076,-0.42645633,0.34516275,-0.44940168,0.8932035,0.015022308
1356068209970,-0.29671746,-0.12363911,-0.94692767,-0.8395229,-0.43882895,0.3203598,-0.4551483,0.8900238,0.026410371
1356068210009,-0.2668026,-0.1094248,-0.957519,-0.8426173,-0.45574397,0.28686866,-0.46777397,0.8833593,0.029390424
1356068210050,-0.2291193,-0.09996292,-0.96825194,-0.8425641,-0.47773868,0.24869955,-0.48743212,0.8727962,0.025233954
1356068210090,-0.18928218,-0.09434295,-0.97738004,-0.8397427,-0.5003435,0.21092328,-0.50892484,0.86067176,0.015482247
1356068210129,-0.1535052,-0.09147069,-0.9839051,-0.8379029,-0.51574636,0.17867383,-0.5237889,0.8518443,0.0025261939
1356068210168,-0.12661368,-0.09041035,-0.98782337,-0.840988,-0.51830745,0.15523109,-0.52603066,0.8504019,-0.010409266
1356068210210,-0.111682594,-0.09091753,-0.9895761,-0.8488729,-0.5090079,0.1425682,-0.516664,0.8559468,-0.020330071
1356068210248,-0.11017442,-0.09366104,-0.9894893,-0.85764766,-0.49416548,0.14227027,-0.5022967,0.8643078,-0.025883734
1356068210290,-0.12301034,-0.09873834,-0.98748124,-0.86491764,-0.47723097,0.15546101,-0.4866066,0.87321323,-0.026696205
1356068210328,-0.15196311,-0.10730627,-0.98254395,-0.8691187,-0.4588889,0.18453684,-0.47068045,0.8819901,-0.023527741
1356068210369,-0.19632632,-0.11984274,-0.97318745,-0.8694097,-0.4376691,0.22928727,-0.45341244,0.89111364,-0.01826647
1356068210409,-0.25205922,-0.13665944,-0.9580137,-0.8651368,-0.411749,0.2863582,-0.43359476,0.90099216,-0.014443994
1356068210449,-0.30918455,-0.15916598,-0.9375879,-0.8567312,-0.38134432,0.34725818,-0.4128155,0.9106276,-0.018456727
1356068210487,-0.3475725,-0.19086948,-0.91802084,-0.849239,-0.35094804,0.39449796,-0.39747524,0.91673565,-0.040113926
1356068210529,-0.3477891,-0.23490259,-0.90766925,-0.85001993,-0.32949597,0.41097257,-0.39561182,0.91446877,-0.08507681
1356068210570,-0.29068536,-0.29165548,-0.9112843,-0.86359924,-0.3300733,0.38111413,-0.41194463,0.89776874,-0.15592599
1356068210608,-0.19866341,-0.34465277,-0.9174679,-0.8779125,-0.35355008,0.32291168,-0.43566328,0.86960727,-0.23233753
1356068210648,-0.10522705,-0.37997815,-0.91899073,-0.883266,-0.38888735,0.26193097,-0.45691192,0.8392755,-0.29470026
1356068210688,-0.04049951,-0.39213002,-0.9190179,-0.8816769,-0.4187265,0.2175178,-0.47011235,0.81908625,-0.32877377
1356068210728,-0.017412364,-0.38423824,-0.9230697,-0.8791988,-0.43375683,0.19714093,-0.4761369,0.81499445,-0.33026904
1356068210768,-0.035037875,-0.36086452,-0.9319598,-0.87776077,-0.43474084,0.20133641,-0.47781616,0.8250922,-0.3015203
1356068210808,-0.08199638,-0.3261535,-0.9417539,-0.87565136,-0.42766827,0.22435349,-0.47593194,0.84304434,-0.25052953
1356068210848,-0.1422981,-0.28430104,-0.94811606,-0.8713366,-0.4184578,0.25625294,-0.4695996,0.8625925,-0.18817613
1356068210888,-0.2007699,-0.23963839,-0.94987625,-0.8652527,-0.41130316,0.28664863,-0.45937914,0.8794334,-0.12477049
1356068210928,-0.24741781,-0.19581988,-0.94891465,-0.8592111,-0.40830743,0.30828783,-0.4478178,0.8915938,-0.06722808
1356068210969,-0.27608383,-0.15547389,-0.94847536,-0.8557094,-0.40959156,0.31622157,-0.43765175,0.8989229,-0.019958854
1356068211009,-0.28850412,-0.12008703,-0.94991803,-0.8554914,-0.41321963,0.3120639,-0.42999968,0.9026785,0.016482204
1356068211048,-0.28553945,-0.09007916,-0.9541242,-0.8585954,-0.4182561,0.29643834,-0.42577124,0.9038515,0.042087108
1356068211088,-0.2677837,-0.06646916,-0.96118355,-0.8636677,-0.42561907,0.27004904,-0.427048,0.9024579,0.056566626
1356068211128,-0.23542494,-0.05031556,-0.9705892,-0.86842763,-0.43748516,0.23332405,-0.43635827,0.8978168,0.0592995
1356068211168,-0.18991584,-0.042093277,-0.9808976,-0.8704528,-0.454915,0.18805394,-0.45414084,0.8895395,0.049755335
1356068211208,-0.13634259,-0.040833056,-0.9898199,-0.86886734,-0.47504824,0.13927916,-0.47589937,0.87901187,0.029290825
1356068211248,-0.08379066,-0.043940187,-0.99551415,-0.86597234,-0.49107015,0.09456232,-0.49302235,0.8700111,0.0030960739
1356068211289,-0.041509867,-0.04853472,-0.99795854,-0.8655555,-0.49718368,0.0601826,-0.4990897,0.86628675,-0.021371454
1356068211328,-0.014822245,-0.0531362,-0.99847734,-0.8689532,-0.4933431,0.039153814,-0.49467233,0.8682104,-0.03886044
1356068211368,-0.005648792,-0.057719797,-0.9983169,-0.87484264,-0.48328918,0.032892525,-0.4843743,0.87355596,-0.04776573
1356068211408,-0.014742911,-0.063331515,-0.9978837,-0.8812034,-0.47078693,0.04289794,-0.4725074,0.8799709,-0.048867166
1356068211449,-0.042560577,-0.07075617,-0.99658525,-0.8869678,-0.45645148,0.07028657,-0.45986602,0.88693047,-0.043331653
1356068211488,-0.089065075,-0.081843555,-0.99265754,-0.890786,-0.43932915,0.11614701,-0.44560933,0.89459,-0.033776164
1356068211530,-0.15119869,-0.09688273,-0.98374426,-0.89131784,-0.4169516,0.17805594,-0.4274243,0.9037506,-0.02331078
1356068211568,-0.22366166,-0.11938134,-0.9673281,-0.88549066,-0.3898369,0.2528507,-0.40728584,0.91311294,-0.01851952
1356068211610,-0.27999973,-0.15085441,-0.9480734,-0.87723166,-0.3609507,0.31651095,-0.38995484,0.920303,-0.03126815
1356068211649,-0.29933798,-0.19508523,-0.93399066,-0.87326676,-0.3383988,0.35055867,-0.38445014,0.9205586,-0.06906581
1356068211688,-0.2524311,-0.24974671,-0.934829,-0.88211536,-0.33766973,0.3284079,-0.39768222,0.9075273,-0.13506705
1356068211728,-0.14739424,-0.30109903,-0.94213283,-0.89302707,-0.36895847,0.25762826,-0.42517948,0.87932307,-0.21450728
1356068211768,-0.034255087,-0.33254123,-0.94246644,-0.8912016,-0.41662604,0.17939475,-0.45231217,0.8460728,-0.28208974
1356068211808,0.04358554,-0.34312728,-0.9382771,-0.8826437,-0.4531914,0.12473059,-0.46801758,0.8227279,-0.32261172
1356068211848,0.068547785,-0.3413177,-0.93744516,-0.8793878,-0.46443015,0.10479352,-0.47114566,0.81719446,-0.3319863
1356068211888,0.036182344,-0.33444646,-0.9417199,-0.8833473,-0.4513654,0.12636033,-0.46732056,0.82729363,-0.31176376
1356068211927,-0.049182057,-0.3253744,-0.94430536,-0.8854815,-0.4231838,0.19193259,-0.46206468,0.84560454,-0.26729992
1356068211969,-0.16109902,-0.31314486,-0.93594205,-0.874549,-0.39420855,0.2824249,-0.45739618,0.8640255,-0.21035394
1356068212008,-0.27585268,-0.2971379,-0.9141194,-0.8478987,-0.37272096,0.37702364,-0.45273942,0.8790837,-0.14912677
1356068212048,-0.37120587,-0.2774294,-0.88613725,-0.81363577,-0.3626775,0.4543808,-0.44744062,0.8896617,-0.09109855
1356068212088,-0.43766654,-0.25522396,-0.86215353,-0.7830956,-0.36297542,0.5049852,-0.44182488,0.8961638,-0.04100257
1356068212128,-0.4739893,-0.23161426,-0.84952277,-0.7644603,-0.37052852,0.52755004,-0.43696052,0.89947957,-0.0014333725
1356068212168,-0.48093623,-0.20743906,-0.8518623,-0.7614652,-0.3827836,0.52311325,-0.43459308,0.9002476,0.026136875
1356068212208,-0.45882297,-0.18329927,-0.8694153,-0.7735858,-0.39893472,0.49235776,-0.43708876,0.8984723,0.04124272
1356068212248,-0.40917003,-0.15950212,-0.8984091,-0.79572105,-0.41948408,0.4368765,-0.44655108,0.8936398,0.044721186
1356068212288,-0.33736753,-0.13625973,-0.9314593,-0.8196112,-0.44419736,0.361837,-0.46305564,0.8855065,0.038177818
1356068212328,-0.25387037,-0.114224195,-0.9604701,-0.8381667,-0.46960694,0.27739137,-0.48272815,0.87545544,0.023480356
1356068212368,-0.17188048,-0.094583005,-0.98056674,-0.8499119,-0.48905462,0.19615138,-0.49810323,0.86711,0.003671676
1356068212410,-0.102434814,-0.07873103,-0.99161917,-0.8585477,-0.49647224,0.12810656,-0.50239736,0.8644749,-0.016738355
1356068212449,-0.05271274,-0.06810954,-0.9962843,-0.8667735,-0.49232173,0.079517305,-0.49590832,0.8677444,-0.033083886
1356068212490,-0.025364399,-0.06385791,-0.99763656,-0.87602144,-0.47935593,0.052955598,-0.48160467,0.8752942,-0.043782324
1356068212528,-0.023568928,-0.067914486,-0.9974127,-0.88481426,-0.46298426,0.052433133,-0.46534732,0.8837608,-0.049179673
1356068212568,-0.048448145,-0.08019814,-0.9956008,-0.89229167,-0.4444539,0.0792228,-0.4488522,0.8922045,-0.050027132
1356068212608,-0.10375774,-0.102546364,-0.98930204,-0.8957983,-0.42257476,0.13775316,-0.4321802,0.90050805,-0.048015445
1356068212648,-0.18819064,-0.13480541,-0.97283703,-0.8902638,-0.39488065,0.2269356,-0.41474658,0.9087887,-0.045699567
1356068212689,-0.2927904,-0.17526042,-0.9399774,-0.8699086,-0.3592378,0.3379455,-0.3969039,0.9166417,-0.04727912
1356068212728,-0.39745867,-0.22135818,-0.89052075,-0.8343514,-0.31676644,0.45112827,-0.38194805,0.92231214,-0.058788955
1356068212770,-0.45869577,-0.2714516,-0.846116,-0.80442595,-0.27765566,0.52517253,-0.37748784,0.9215321,-0.09100324
1356068212808,-0.46085227,-0.32657757,-0.8252043,-0.798144,-0.2540518,0.5462818,-0.3880481,0.91038716,-0.14357555
1356068212849,-0.37250483,-0.3831979,-0.8452215,-0.8291658,-0.2716229,0.48857445,-0.41680217,0.8828252,-0.2165538
1356068212888,-0.2335763,-0.42556936,-0.8742613,-0.8613344,-0.32663274,0.38911963,-0.45115978,0.84392047,-0.2902639
1356068212929,-0.103931606,-0.44473344,-0.88961244,-0.87169343,-0.38995957,0.29678607,-0.47890362,0.8063148,-0.34714204
1356068212967,-0.026780307,-0.44779176,-0.8937367,-0.8694592,-0.4307434,0.24186954,-0.49327835,0.7835449,-0.3778012
1356068213008,-0.017186463,-0.44645745,-0.89463985,-0.8685308,-0.43661302,0.2345705,-0.49533716,0.78105366,-0.3802582
1356068213048,-0.07760137,-0.44571525,-0.89180493,-0.86827713,-0.40939313,0.28016463,-0.48997244,0.796075,-0.35523486
1356068213088,-0.19598198,-0.44260582,-0.8750378,-0.8542496,-0.36110616,0.37397838,-0.4815066,0.82079375,-0.3073256
1356068213128,-0.34187585,-0.43064767,-0.8352626,-0.81311566,-0.31004155,0.49266338,-0.47113043,0.84759474,-0.2441706
1356068213168,-0.47750968,-0.40755653,-0.7783843,-0.74953866,-0.27329683,0.6029102,-0.45844996,0.8713246,-0.17497748
1356068213208,-0.57997495,-0.37740827,-0.7219364,-0.6829556,-0.25782782,0.68344456,-0.4440729,0.8894312,-0.108219504
1356068213248,-0.6447177,-0.34569356,-0.68178815,-0.63175845,-0.26118344,0.7298386,-0.4303723,0.90126526,-0.050005257
1356068213288,-0.67662483,-0.31568122,-0.6652249,-0.6046983,-0.27726328,0.7466358,-0.42014134,0.9074527,-0.0032886863
1356068213328,-0.6818268,-0.2882415,-0.6723311,-0.60229194,-0.30041397,0.7395917,-0.41515863,0.90921307,0.031224668
1356068213369,-0.6638392,-0.2630788,-0.7000765,-0.6213197,-0.32702565,0.7120506,-0.4162684,0.9076584,0.05363643
1356068213415,-0.6149813,-0.24055731,-0.75095284,-0.6624007,-0.35907543,0.65748775,-0.42781222,0.9017744,0.06147933
1356068213446,-0.550487,-0.21477737,-0.8067434,-0.7083091,-0.39132988,0.5875025,-0.441885,0.89483607,0.06329316
1356068213488,-0.47041506,-0.19242734,-0.86120915,-0.7510608,-0.42504162,0.5052199,-0.46326792,0.8844835,0.05542147
1356068213528,-0.38098043,-0.17179754,-0.908482,-0.78507805,-0.45889932,0.41600952,-0.4883712,0.8717207,0.039957166
1356068213568,-0.29520494,-0.15402281,-0.94293755,-0.80738753,-0.48748213,0.3323954,-0.5108616,0.8594407,0.01955092
1356068213608,-0.22539324,-0.14048651,-0.9640858,-0.8214389,-0.5046805,0.26558584,-0.52386653,0.85179883,-0.0016495287
1356068213650,-0.17808622,-0.13237745,-0.97507,-0.833064,-0.507114,0.2209971,-0.5237267,0.85165226,-0.019968867
1356068213688,-0.15574545,-0.13109627,-0.9790593,-0.84323704,-0.49858832,0.20090044,-0.5144848,0.8568684,-0.032892317
1356068213730,-0.15860885,-0.1364494,-0.97786754,-0.8520845,-0.48142457,0.20538384,-0.4987939,0.8658014,-0.03990826
1356068213768,-0.18928564,-0.15060842,-0.97030306,-0.8557577,-0.45926768,0.2382268,-0.48150775,0.87543726,-0.041951627
1356068213808,-0.2462253,-0.17155167,-0.9539094,-0.85138476,-0.43204314,0.29746032,-0.4631598,0.8853862,-0.039676517
1356068213848,-0.32969534,-0.19931543,-0.9228079,-0.8334055,-0.397784,0.38367075,-0.4435497,0.8955676,-0.03496301
1356068213888,-0.43084288,-0.23067635,-0.8724465,-0.7975084,-0.35510892,0.4877274,-0.42232066,0.9059173,-0.030970156
1356068213937,-0.52731615,-0.26278603,-0.8080106,-0.7500831,-0.30275404,0.58797556,-0.39914024,0.91612417,-0.03746432
1356068213978,-0.6070067,-0.29988462,-0.735943,-0.6963951,-0.24541825,0.67439145,-0.38285345,0.9218672,-0.05986762
1356068214018,-0.621483,-0.3421556,-0.70476127,-0.68364656,-0.20247638,0.7011638,-0.38260463,0.917569,-0.108077824
1356068214060,-0.5587765,-0.3953249,-0.7290317,-0.72617584,-0.19134367,0.6603456,-0.40054658,0.8983907,-0.18015707
1356068214098,-0.42883724,-0.44751167,-0.78474957,-0.79557836,-0.2244407,0.5627445,-0.4279645,0.86565554,-0.25978202
1356068214138,-0.28358418,-0.4793669,-0.83053446,-0.84533846,-0.28394353,0.45252514,-0.45275044,0.8304117,-0.32470542
1356068214179,-0.1849261,-0.48928422,-0.852293,-0.8636479,-0.33292466,0.3785151,-0.46895075,0.8060783,-0.3610028
1356068214218,-0.16347462,-0.48867387,-0.8570145,-0.86317545,-0.34979445,0.36410433,-0.4777072,0.7992757,-0.3646288
1356068214258,-0.21567267,-0.48347694,-0.8483722,-0.84920603,-0.33600467,0.40736955,-0.48201084,0.80830127,-0.3381045
1356068214298,-0.32008594,-0.47210968,-0.82137525,-0.81527627,-0.30434847,0.4926425,-0.4825656,0.8273357,-0.28748208
1356068214338,-0.4418108,-0.4513449,-0.7753006,-0.75930864,-0.27210844,0.5911069,-0.4777589,0.8498498,-0.22248966
1356068214378,-0.5507172,-0.4224767,-0.7198777,-0.692012,-0.25114602,0.67679024,-0.46672258,0.87088406,-0.15404856
1356068214418,-0.63177425,-0.39027905,-0.6697339,-0.63004076,-0.24478114,0.73697406,-0.4515638,0.8875609,-0.09124535
1356068214458,-0.6824867,-0.35923275,-0.63652474,-0.5862855,-0.2509591,0.77025247,-0.4364416,0.89887226,-0.03933668
1356068214498,-0.7064062,-0.33154255,-0.62535584,-0.56598866,-0.2659452,0.7803397,-0.42502615,0.90518105,2.1594763E-4
1356068214538,-0.7071424,-0.3076241,-0.63664514,-0.5690961,-0.2867288,0.7706596,-0.41961798,0.90727836,0.02769041
1356068214578,-0.6851262,-0.2867908,-0.6695918,-0.5938468,-0.31243038,0.74144,-0.421839,0.9056149,0.043744445
1356068214618,-0.63904184,-0.26821166,-0.7208938,-0.63547564,-0.34393877,0.6912862,-0.43335444,0.89987135,0.049349427
1356068214658,-0.5695941,-0.2505517,-0.78280675,-0.68491864,-0.38180715,0.6205721,-0.45436656,0.8896332,0.045867562
1356068214698,-0.48431557,-0.23285486,-0.8433368,-0.73068637,-0.42249638,0.5362781,-0.48118174,0.8759426,0.03447771
1356068214738,-0.39713043,-0.21565127,-0.89206606,-0.76586,-0.45772976,0.45159924,-0.50571316,0.86254156,0.016619712
1356068214778,-0.3229258,-0.20078936,-0.9248798,-0.7913337,-0.47876084,0.38023555,-0.51914346,0.85467637,-0.0042871535
1356068214818,-0.2712471,-0.19044486,-0.94348073,-0.8115854,-0.48172194,0.33056492,-0.51744974,0.8553799,-0.023896605
1356068214859,-0.24576694,-0.18658847,-0.951201,-0.8278232,-0.47011405,0.30610716,-0.504289,0.8626573,-0.03892377
1356068214937,-0.2481026,-0.19042611,-0.94983315,-0.8386198,-0.4486001,0.30898997,-0.48493505,0.8732101,-0.04839623
1356068214941,-0.2806133,-0.20370382,-0.93795574,-0.8395706,-0.4215023,0.34272006,-0.46516386,0.88365185,-0.052744567
1356068214980,-0.34285933,-0.22487798,-0.9120731,-0.82675374,-0.38874894,0.40663552,-0.4460109,0.89347863,-0.05263245
1356068215020,-0.4327532,-0.25242582,-0.86545134,-0.79393053,-0.34807765,0.4985142,-0.4270821,0.9028418,-0.049776793
1356068215060,-0.5381919,-0.2798143,-0.7950179,-0.7383885,-0.29826194,0.60483253,-0.40636438,0.91254795,-0.04608947
1356068215098,-0.6419747,-0.302935,-0.70434284,-0.6631455,-0.24171609,0.7083865,-0.3848461,0.921848,-0.04571432
1356068215139,-0.7163751,-0.32041377,-0.6197916,-0.59358853,-0.18697202,0.78274775,-0.36668688,0.9286423,-0.056251764
1356068215180,-0.74171007,-0.34469295,-0.575372,-0.5644909,-0.142492,0.81304735,-0.3622376,0.92783767,-0.08888823
1356068215218,-0.71436995,-0.38625288,-0.5835104,-0.5895275,-0.11705649,0.7992216,-0.37700528,0.9149353,-0.14408511
1356068215259,-0.6261834,-0.44710147,-0.63874453,-0.6629206,-0.1259206,0.7380246,-0.41040295,0.88557565,-0.21754342
1356068215298,-0.5008395,-0.50659794,-0.7017966,-0.74005574,-0.16984361,0.6507463,-0.44886237,0.845288,-0.28984636
1356068215338,-0.38859963,-0.5448806,-0.74303126,-0.78725827,-0.22266698,0.57501644,-0.47876385,0.8084087,-0.34243357
1356068215378,-0.32340044,-0.55961466,-0.7630488,-0.8066231,-0.25857484,0.53150547,-0.49474353,0.787382,-0.3677749
1356068215419,-0.30944157,-0.5550499,-0.77211756,-0.80950344,-0.27228284,0.52015984,-0.498949,0.78599083,-0.36505926
1356068215458,-0.33635253,-0.5339162,-0.77575797,-0.8001738,-0.27233523,0.53437376,-0.49657708,0.8004792,-0.33562505
1356068215498,-0.38565725,-0.4986564,-0.77627975,-0.781095,-0.27136236,0.56236374,-0.4910794,0.8232279,-0.2848451
1356068215538,-0.44306624,-0.45231754,-0.7740162,-0.7558982,-0.27569973,0.5938077,-0.48198575,0.8481736,-0.21975267
1356068215578,-0.49446613,-0.39957735,-0.77190745,-0.7323836,-0.28673238,0.61757493,-0.4680998,0.87070227,-0.15086448
1356068215618,-0.53218776,-0.34555984,-0.77289367,-0.7166829,-0.3021208,0.6285608,-0.45071265,0.888432,-0.08687192
1356068215658,-0.55147815,-0.29469815,-0.7804004,-0.71253204,-0.32006776,0.6243835,-0.43378565,0.90039414,-0.033471465
1356068215698,-0.55153674,-0.24995027,-0.79582167,-0.7198582,-0.33939487,0.6054876,-0.42143956,0.90682745,0.007259965
1356068215738,-0.5338002,-0.21310645,-0.8183173,-0.7358301,-0.35977632,0.5736856,-0.41666722,0.9083759,0.035238385
1356068215778,-0.5006613,-0.18532845,-0.84557176,-0.7560766,-0.3820423,0.5314056,-0.4215287,0.90537125,0.051151216
1356068215818,-0.45578444,-0.16694534,-0.8742938,-0.77542573,-0.40778226,0.48210832,-0.43700728,0.89768744,0.056407154
1356068215859,-0.40370923,-0.15736905,-0.90125126,-0.7896241,-0.43759954,0.43011665,-0.46207422,0.8852918,0.05240065
1356068215929,-0.3453408,-0.15704423,-0.9252442,-0.7978564,-0.4699692,0.37756336,-0.4941305,0.8686,0.037000805
1356068215943,-0.29542077,-0.15794772,-0.94222033,-0.8027147,-0.49375325,0.3344502,-0.51804996,0.85513765,0.019077957
1356068215982,-0.25452173,-0.1606547,-0.95362926,-0.8101648,-0.5030371,0.30097628,-0.52806413,0.8492018,-0.002122879
1356068216020,-0.22416466,-0.16275266,-0.9608651,-0.82066596,-0.5002284,0.27618638,-0.52560216,0.8504605,-0.021431983
1356068216062,-0.20446515,-0.16378549,-0.96507424,-0.83308876,-0.48853648,0.25941303,-0.5139621,0.8570335,-0.036559105
1356068216100,-0.19554168,-0.16417602,-0.9668556,-0.8443967,-0.47321123,0.2511282,-0.4987561,0.8655157,-0.04609716
1356068216141,-0.19807422,-0.16442135,-0.96629816,-0.8531567,-0.45644557,0.25254914,-0.48258704,0.8744272,-0.049867034
1356068216180,-0.21263564,-0.164841,-0.9631269,-0.85931855,-0.43765968,0.26462352,-0.4651426,0.88390124,-0.048588842
1356068216221,-0.23833609,-0.16621771,-0.9568529,-0.862965,-0.4157244,0.28716683,-0.4455193,0.8941728,-0.044357926
1356068216260,-0.27107567,-0.16927573,-0.94755673,-0.8645326,-0.3899969,0.31699497,-0.4232037,0.9051233,-0.04062578
1356068216301,-0.30223727,-0.17711282,-0.9366343,-0.8650255,-0.3618518,0.34755456,-0.4004792,0.9152565,-0.043842077
1356068216339,-0.315969,-0.19607785,-0.92828727,-0.8676214,-0.33620292,0.36633423,-0.38392285,0.9211521,-0.06389171
1356068216379,-0.29489243,-0.23214307,-0.9269024,-0.8758724,-0.32207948,0.35932222,-0.3819504,0.9178096,-0.108348906
1356068216416,-0.23096329,-0.2827831,-0.93096167,-0.88817745,-0.3293727,0.32039717,-0.3972363,0.90085924,-0.17508852
1356068216459,-0.13900584,-0.33327493,-0.9325262,-0.89553654,-0.3596586,0.2620302,-0.42271918,0.87153506,-0.24846524
1356068216498,-0.050388932,-0.3678261,-0.9285283,-0.8930553,-0.3996228,0.20677003,-0.44711646,0.8396461,-0.3083525
1356068216538,0.010680914,-0.38151115,-0.9243026,-0.8863049,-0.43159348,0.16790083,-0.462979,0.8174205,-0.3427451
1356068216578,0.03522563,-0.37749118,-0.9253429,-0.88211805,-0.4469266,0.14874238,-0.46970928,0.81102216,-0.34873497
1356068216618,0.022687256,-0.35985416,-0.9327327,-0.8823913,-0.44578904,0.15052539,-0.46996915,0.8196202,-0.3276459
1356068216658,-0.022274494,-0.33196592,-0.94302833,-0.8848572,-0.4324904,0.17314631,-0.46532944,0.8383022,-0.28410894
1356068216698,-0.08981806,-0.29707733,-0.9506197,-0.88569975,-0.4126914,0.21265405,-0.45548728,0.8610638,-0.22605419
