1356069319138,0.2910226,-0.082267225,0.95317256,-0.9337036,0.19278084,0.30171695,-0.20857477,-0.97778714,-0.020709574
1356069319178,-0.25530773,0.034067273,0.9662595,-0.94409394,0.20680892,-0.2567425,-0.2085776,-0.9777881,-0.020637214
1356069319218,-0.25513226,0.034529835,0.9662894,-0.94413567,0.20670873,-0.25666958,-0.20860326,-0.97779304,-0.02013719
1356069319260,-0.254259,0.03585714,0.96647125,-0.9443479,0.20644808,-0.25609818,-0.20870906,-0.97780037,-0.01862967
1356069319298,-0.25185204,0.038322985,0.9670067,-0.94493157,0.20603889,-0.25426817,-0.20898524,-0.9777931,-0.015678704
1356069319338,-0.24717861,0.041930825,0.96806216,-0.946049,0.20557249,-0.25046214,-0.20950899,-0.97774315,-0.011144459
1356069319378,-0.23990017,0.046377957,0.96968913,-0.9477576,0.20513439,-0.2442854,-0.21024609,-0.9776344,-0.0052567124
1356069319418,-0.23037887,0.051554322,0.9717344,-0.9499239,0.20473307,-0.23606992,-0.21111655,-0.9774592,0.0018065572
1356069319458,-0.21919698,0.056963593,0.97401637,-0.9523655,0.20444268,-0.22628102,-0.21202034,-0.9772197,0.009436965
1356069319500,-0.20754385,0.062187523,0.976247,-0.95477474,0.20433128,-0.21599498,-0.21291,-0.97692454,0.016967416
1356069319538,-0.19665694,0.06678951,0.97819483,-0.9568757,0.20448864,-0.20633301,-0.21381065,-0.97658765,0.023695111
1356069319577,-0.18775076,0.07070306,0.97966874,-0.9584129,0.20506519,-0.19847673,-0.2149289,-0.9761912,0.029261589
1356069319618,-0.18149889,0.07418528,0.980589,-0.95922136,0.20636195,-0.19315594,-0.2166856,-0.97565943,0.03370565
1356069319658,-0.17798585,0.07764828,0.9809647,-0.9592644,0.20856565,-0.1905576,-0.219392,-0.9749211,0.03736353
1356069319698,-0.17657393,0.08165488,0.98089457,-0.95863175,0.21177953,-0.19019601,-0.22326377,-0.9739003,0.04088223
1356069319738,-0.1765008,0.08681318,0.9804647,-0.9575089,0.21567965,-0.19146529,-0.22808793,-0.9725975,0.04505682
1356069319778,-0.17688912,0.093814254,0.97974944,-0.95610523,0.21989202,-0.1936757,-0.23360857,-0.97100276,0.050799787
1356069319818,-0.17721063,0.103200555,0.97874725,-0.95459425,0.22395658,-0.19645181,-0.23947087,-0.9691198,0.058827102
1356069319858,-0.17727184,0.11534572,0.9773792,-0.95309246,0.22744471,-0.19970882,-0.24533534,-0.9669355,0.06961554
1356069319898,-0.17725068,0.1303631,0.9754935,-0.9516053,0.23014623,-0.20366639,-0.25105673,-0.96438485,0.083260655
1356069319938,-0.17762572,0.1481826,0.97287774,-0.9499544,0.23233104,-0.20882761,-0.25697434,-0.9612826,0.09949869
1356069319978,-0.17926759,0.16845748,0.96927047,-0.94785595,0.23430836,-0.21602932,-0.26349998,-0.9574559,0.11766952
1356069320018,-0.18337291,0.19085938,0.96433765,-0.9451179,0.23562074,-0.22635168,-0.2704193,-0.95291954,0.13717812
1356069320086,-0.19119102,0.21563795,0.9575732,-0.94156873,0.23531634,-0.24098691,-0.27729857,-0.9476954,0.15804756
1356069320100,-0.20362437,0.24364436,0.94824815,-0.9367809,0.23302686,-0.26103622,-0.28456727,-0.9414541,0.1807915
1356069320140,-0.22125232,0.27471086,0.935725,-0.93011725,0.2289713,-0.28714794,-0.29313684,-0.9338662,0.20485288
1356069320179,-0.24233854,0.3088126,0.9197319,-0.92132926,0.22380513,-0.31790504,-0.3040138,-0.92441654,0.23028153
1356069320219,-0.2655583,0.34542936,0.9000874,-0.91054255,0.21696359,-0.35190773,-0.31684548,-0.9130199,0.25691164
1356069320259,-0.28799188,0.38384306,0.87733984,-0.89893425,0.207461,-0.38584614,-0.33011815,-0.89979136,0.28530252
1356069320300,-0.3067351,0.42292118,0.85267305,-0.888355,0.19438046,-0.41598272,-0.3416709,-0.8850728,0.3160808
1356069320339,-0.3191473,0.4612278,0.8278973,-0.880721,0.17824906,-0.43881416,-0.3499652,-0.86919284,0.3493253
1356069320380,-0.32319242,0.4973399,0.80510855,-0.8772425,0.16165733,-0.45200956,-0.3549541,-0.85236144,0.38404125
1356069320420,-0.3174637,0.5301702,0.7862164,-0.87809396,0.14866024,-0.45480883,-0.35800526,-0.8347572,0.4183451
1356069320459,-0.30143023,0.5586534,0.7726877,-0.8825298,0.14330453,-0.44788954,-0.36094463,-0.8169273,0.44983187
1356069320499,-0.27607936,0.5808916,0.76573163,-0.8893281,0.14776433,-0.43273672,-0.36452097,-0.8004564,0.47580868
1356069320540,-0.2442984,0.59364706,0.7667474,-0.8973293,0.16133648,-0.4108172,-0.36758476,-0.7883869,0.49328256
1356069320579,-0.20970517,0.59346664,0.7770593,-0.9058125,0.18130916,-0.3829238,-0.36814046,-0.7841711,0.499548
1356069320619,-0.1749183,0.578316,0.7968402,-0.9144442,0.20457006,-0.34920323,-0.36495948,-0.78974795,0.49305463
1356069320659,-0.14143056,0.5473623,0.82485867,-0.92294705,0.22842193,-0.3098258,-0.3580028,-0.80511975,0.47288066
1356069320717,-0.11012244,0.50062054,0.8586339,-0.930888,0.25079352,-0.2656127,-0.34831095,-0.8285419,0.43840367
1356069320738,-0.08252764,0.43873262,0.89482003,-0.93780303,0.26962864,-0.2186915,-0.3372162,-0.857213,0.38919294
1356069320778,-0.059844255,0.3638455,0.9295348,-0.9435841,0.28319985,-0.171601,-0.32568035,-0.8873636,0.326371
1356069320816,-0.0415231,0.28163663,0.95862234,-0.9484272,0.29067034,-0.1264784,-0.31426406,-0.91443515,0.25504225
1356069320858,-0.026849091,0.19742385,0.9799505,-0.9526056,0.2921067,-0.08494863,-0.303021,-0.9357871,0.1802243
1356069320898,-0.01159215,0.117486596,0.9930068,-0.95642376,0.28844798,-0.045292467,-0.29175207,-0.9502604,0.10902321
1356069320938,0.0078752935,0.046043307,0.99890846,-0.95988643,0.28033832,-0.0053541064,-0.28027886,-0.9587964,0.046404064
1356069320978,0.035239726,-0.014594257,0.99927235,-0.9625084,0.26859602,0.037866116,-0.2689532,-0.9631424,-0.0045818686
1356069321018,0.07205284,-0.06324741,0.9953934,-0.963189,0.25472885,0.08590716,-0.25898883,-0.9649419,-0.042565286
1356069321090,0.11807302,-0.09897259,0.98806024,-0.9603125,0.24183491,0.13898137,-0.2527028,-0.9652566,-0.06649041
1356069321095,0.1698679,-0.12455693,0.97756356,-0.95308053,0.23145571,0.19510466,-0.25056428,-0.9648388,-0.07939589
1356069321125,0.22122397,-0.13472176,0.96587265,-0.9410224,0.23049976,0.24768278,-0.25600168,-0.9637011,-0.07578409
1356069321158,0.27317744,-0.1383484,0.9519632,-0.9247628,0.23477374,0.29949152,-0.26493016,-0.9621544,-0.06380457
1356069321198,0.32068717,-0.13260701,0.9378567,-0.9050957,0.24898022,0.34468925,-0.27921596,-0.9593874,-0.040177256
1356069321238,0.36324733,-0.12342325,0.92348146,-0.8838198,0.26798946,0.38346338,-0.2948116,-0.9554833,-0.011737466
1356069321278,0.39709646,-0.11318448,0.9107709,-0.86526585,0.28468764,0.41263533,-0.30598915,-0.951915,0.015113771
1356069321318,0.42008358,-0.10202652,0.90173185,-0.85360295,0.2928723,0.43079922,-0.30804524,-0.95069265,0.035940707
1356069321358,0.4307416,-0.089541405,0.89802223,-0.8509189,0.29121512,0.43718514,-0.30066377,-0.9524579,0.049245983
1356069321398,0.42736074,-0.07585806,0.90089315,-0.85701793,0.28332403,0.43040422,-0.2878943,-0.9560194,0.05606988
1356069321438,0.4079618,-0.0612635,0.91094124,-0.8707503,0.2738933,0.4083826,-0.27451968,-0.95980686,0.058392793
1356069321478,0.37021866,-0.045114577,0.92784846,-0.8909045,0.26565847,0.36839476,-0.26311076,-0.963011,0.058158934
1356069321518,0.3117719,-0.02541691,0.94981694,-0.9156311,0.25898853,0.30748114,-0.25380686,-0.9655459,0.057472855
1356069321558,0.23148999,9.797812E-4,0.97283673,-0.94126505,0.2529194,0.22372264,-0.24583015,-0.9674868,0.059470534
1356069321598,0.13128647,0.038438678,0.99059904,-0.9619894,0.2463071,0.11793724,-0.23945823,-0.9684293,0.06931436
1356069321638,0.02338028,0.09243202,0.9954444,-0.9709836,0.23914522,5.9995055E-4,-0.23800027,-0.9665743,0.095341265
1356069321678,-0.07123068,0.16839802,0.983142,-0.96617424,0.2332736,-0.109957755,-0.24785778,-0.9577189,0.14608562
1356069321718,-0.13074005,0.2618527,0.9562113,-0.953266,0.23177975,-0.19380885,-0.2723798,-0.9368624,0.21931249
1356069321758,-0.14550191,0.35636857,0.9229467,-0.9402133,0.24055439,-0.24110693,-0.3079418,-0.9028483,0.30006135
1356069321798,-0.13025105,0.42865956,0.8940277,-0.930526,0.25843817,-0.25948194,-0.3422803,-0.86571395,0.36521715
1356069321838,-0.107240796,0.4668076,0.87783253,-0.9250524,0.27674413,-0.26017448,-0.3643864,-0.83994246,0.40214324
1356069321878,-0.09175676,0.47143638,0.8771138,-0.92428935,0.28740776,-0.25116953,-0.37049976,-0.83375335,0.4093719
1356069321918,-0.08899456,0.448246,0.88946927,-0.9272773,0.28874648,-0.23829049,-0.36364388,-0.8459912,0.38995144
1356069321958,-0.100533664,0.40345028,0.90946186,-0.93185365,0.2821195,-0.22816113,-0.3486286,-0.8704232,0.34759408
1356069321998,-0.120363,0.34386322,0.9312738,-0.9365114,0.27187562,-0.22142717,-0.3293313,-0.89880013,0.28930807
1356069322038,-0.13875633,0.27650574,0.95094234,-0.9413196,0.2615009,-0.21338892,-0.30767554,-0.9247496,0.22399533
1356069322086,-0.14482778,0.2067931,0.9676061,-0.94753695,0.2526443,-0.19581807,-0.284954,-0.94520235,0.15935415
1356069322120,-0.124946445,0.13813671,0.9825003,-0.95656407,0.24611184,-0.15625063,-0.2633889,-0.95934737,0.10138577
1356069322159,-0.070405126,0.07252577,0.9948784,-0.966872,0.24035794,-0.08594516,-0.24536014,-0.9679711,0.05320078
1356069322189,0.019713998,0.011423469,0.9997404,-0.97252846,0.23219699,0.016524255,-0.23194796,-0.9726017,0.015687168
1356069322219,0.122626126,-0.039767653,0.9916559,-0.9668298,0.22079611,0.12841058,-0.22406036,-0.9745089,-0.011373222
1356069322258,0.23532614,-0.07959306,0.9686519,-0.9454192,0.21238545,0.24713343,-0.22539768,-0.9739391,-0.025268972
1356069322299,0.3537312,-0.11167291,0.9286568,-0.9052479,0.20896897,0.36994344,-0.23537305,-0.97152513,-0.027172774
1356069322338,0.45411092,-0.13579604,0.8805355,-0.85465467,0.21280377,0.47358212,-0.25169182,-0.9676125,-0.019422203
1356069322378,0.5294601,-0.15310052,0.8344053,-0.8044009,0.22181967,0.5511217,-0.2694645,-0.9629934,-0.005709529
1356069322418,0.58395,-0.16341162,0.79517233,-0.7609773,0.23091692,0.6062928,-0.28269407,-0.95915276,0.010491401
1356069322458,0.6236187,-0.1661056,0.76387733,-0.72729445,0.23497522,0.6448484,-0.28660518,-0.9577033,0.025727272
1356069322498,0.65132695,-0.16133735,0.74144685,-0.7049792,0.23276997,0.6699421,-0.28067327,-0.95905596,0.03786987
1356069322538,0.6671035,-0.15056834,0.7295903,-0.695006,0.22681758,0.68229055,-0.26821524,-0.9622282,0.046664923
1356069322578,0.66911733,-0.13578933,0.7306458,-0.6985057,0.22074059,0.680708,-0.25371605,-0.9658337,0.05285172
1356069322618,0.6542018,-0.11803809,0.7470522,-0.7170919,0.217174,0.66227984,-0.24041453,-0.9689698,0.05743146
1356069322658,0.6167823,-0.096129894,0.7812417,-0.7528897,0.2175157,0.6211635,-0.22964472,-0.97131145,0.061784655
1356069322698,0.5456531,-0.06581277,0.8354229,-0.80822754,0.22208622,0.54538596,-0.22142923,-0.97280335,0.06799039
1356069322738,0.42251694,-0.019209236,0.9061514,-0.8802737,0.22941758,0.41531414,-0.2158649,-0.9731385,0.08002344
1356069322779,0.22144142,0.056240737,0.97355056,-0.9510843,0.23298404,0.2028721,-0.21541214,-0.9708529,0.105081975
1356069322819,-0.047814667,0.16639936,0.98489845,-0.9730296,0.21501195,-0.08356491,-0.22567001,-0.96233106,0.15163082
1356069322858,-0.284674,0.29158506,0.9132025,-0.9251832,0.16585022,-0.3413646,-0.25099167,-0.94205725,0.22255635
1356069322898,-0.41003788,0.40456098,0.8174348,-0.8659126,0.10882419,-0.48821387,-0.286469,-0.9080131,0.30569237
1356069322938,-0.4522348,0.4899088,0.74530053,-0.83295524,0.066750765,-0.5492994,-0.318856,-0.86921436,0.37788516
1356069322978,-0.4685433,0.5397186,0.69940764,-0.81617606,0.038549304,-0.5765159,-0.33811802,-0.8409624,0.4224434
1356069323018,-0.4933372,0.55412155,0.6704981,-0.7994124,0.015011013,-0.6005951,-0.34286755,-0.8323004,0.4355662
1356069323099,-0.54090357,0.53662896,0.6476517,-0.77111304,-0.008906424,-0.63663596,-0.33586904,-0.8437713,0.4186191
1356069323099,-0.6079258,0.49169534,0.62342745,-0.7265678,-0.027858436,-0.6865297,-0.32019573,-0.87032145,0.37418598
1356069323135,-0.6581695,0.43400058,0.61518806,-0.6903969,-0.022024274,-0.7230954,-0.3002748,-0.90064335,0.3141284
1356069323178,-0.6897359,0.36900115,0.6229786,-0.6688167,0.004938066,-0.7434109,-0.27739578,-0.92941576,0.24338824
1356069323218,-0.6677502,0.30060583,0.68098897,-0.69970423,0.058707416,-0.7120165,-0.25401545,-0.9519399,0.17113316
1356069323258,-0.5524388,0.21932697,0.804181,-0.80044746,0.12960869,-0.5852226,-0.23258391,-0.9670043,0.103958845
1356069323298,-0.2818557,0.10791817,0.9533683,-0.93497086,0.1921593,-0.29816845,-0.21537638,-0.975412,0.0467391
1356069323338,0.08717647,-0.015939653,0.9960654,-0.97506577,0.20346448,0.088594586,-0.20407608,-0.97895265,0.0021950603
1356069323378,0.37493294,-0.1029239,0.9213208,-0.9051057,0.17432259,0.38780838,-0.20052183,-0.97929484,-0.027797759
1356069323418,0.5343103,-0.14917889,0.8320205,-0.81964326,0.14918083,0.55310947,-0.20663378,-0.97749203,-0.0425646
1356069323458,0.61354357,-0.1745784,0.7701212,-0.75756955,0.14507043,0.6364298,-0.22282869,-0.9738978,-0.043248236
1356069323498,0.65210354,-0.19074965,0.7337408,-0.7169615,0.15942821,0.67863756,-0.24642888,-0.9686058,-0.032796472
1356069323538,0.6717552,-0.20061588,0.71309054,-0.6893251,0.18319634,0.7009065,-0.27124852,-0.9623889,-0.015226454
1356069323578,0.6838597,-0.20308259,0.7007805,-0.6698272,0.2060304,0.71336037,-0.28925318,-0.9572403,0.0048656464
1356069323618,0.692339,-0.19701357,0.6941558,-0.6585481,0.22067523,0.71945596,-0.29492554,-0.9552424,0.023039162
1356069323658,0.69560254,-0.18310781,0.69470036,-0.6579463,0.22597119,0.71836185,-0.2885199,-0.9567698,0.036711052
1356069323705,0.6909152,-0.16098186,0.7047844,-0.67037404,0.2222695,0.70795125,-0.27061942,-0.96160346,0.0456513
1356069323735,0.6549672,-0.13308805,0.7438451,-0.7113312,0.22359404,0.6663435,-0.2550017,-0.96555334,0.051777095
1356069323778,0.5996216,-0.10340741,0.7935747,-0.7629882,0.22532004,0.6058711,-0.24145982,-0.9687816,0.056208134
1356069323818,0.48613793,-0.060834885,0.87176204,-0.8429243,0.23052758,0.4861437,-0.23053968,-0.9711623,0.06078899
1356069323858,0.26536587,0.0068273544,0.96412355,-0.9382799,0.23190907,0.2566104,-0.22183698,-0.9727135,0.0679467
1356069323898,-0.11095047,0.10798541,0.98794186,-0.9701879,0.20375186,-0.13122743,-0.21546566,-0.973049,0.08215982
1356069323938,-0.52316576,0.21056846,0.8258078,-0.82475173,0.118983984,-0.5528358,-0.21466771,-0.97031116,0.11141831
1356069323978,-0.7626306,0.27954942,0.5833066,-0.605999,0.006550133,-0.79543847,-0.2261851,-0.96010894,0.16441137
1356069324018,-0.85248816,0.3336812,0.40239388,-0.4571726,-0.10262668,-0.8834371,-0.25348997,-0.93708307,0.24003792
1356069324093,-0.8747685,0.38696527,0.29161257,-0.3874575,-0.19724524,-0.9005393,-0.29095823,-0.9007509,0.3224765
1356069324094,-0.87541586,0.42833734,0.22399622,-0.35929847,-0.26663852,-0.8943202,-0.3233447,-0.8633835,0.38732046
1356069324125,-0.8736912,0.45185292,0.18025705,-0.34295678,-0.30929422,-0.8869711,-0.345028,-0.8367592,0.42519367
1356069324168,-0.8782241,0.4527122,0.15418792,-0.32374933,-0.32546896,-0.8884009,-0.35200655,-0.83013344,0.4324001
1356069324208,-0.8893102,0.4345286,0.14252213,-0.29919255,-0.3171559,-0.8999423,-0.3458489,-0.8429693,0.41205752
1356069324248,-0.9036827,0.40375772,0.1426092,-0.27269533,-0.28587025,-0.9186488,-0.3301438,-0.8690558,0.36843878
1356069324288,-0.917506,0.3662726,0.15500729,-0.25198528,-0.23380524,-0.9390626,-0.30771142,-0.90065503,0.30681294
1356069324328,-0.9266616,0.32720152,0.18503372,-0.24945042,-0.16704631,-0.95387113,-0.2811989,-0.9300724,0.23641598
1356069324368,-0.9267804,0.28805798,0.24104106,-0.27748543,-0.09258759,-0.95625806,-0.25314036,-0.95312655,0.16574019
1356069324408,-0.90820795,0.24821497,0.33696836,-0.35159522,-0.015763044,-0.9360195,-0.2270224,-0.9685767,0.101587236
1356069324448,-0.84898174,0.20326097,0.48776522,-0.4864419,0.05993569,-0.8716547,-0.20640793,-0.9772884,0.047990322
1356069324488,-0.7077297,0.14496756,0.69145,-0.6793027,0.12922907,-0.7223903,-0.1940786,-0.98096085,0.0070176125
1356069324528,-0.45451742,0.07044026,0.8879483,-0.86981916,0.17967391,-0.459491,-0.1919078,-0.98120105,-0.020394623
1356069324568,-0.15201887,-0.0034450889,0.9883715,-0.967831,0.20335755,-0.14815083,-0.20048234,-0.97909844,-0.03424841
1356069324608,0.093601316,-0.05745861,0.99395037,-0.97137165,0.21367493,0.10382721,-0.21834803,-0.9752135,-0.03581339
1356069324648,0.25364655,-0.09071666,0.9630337,-0.93657833,0.22587739,0.267956,-0.2418356,-0.96992254,-0.027670205
1356069324688,0.34897822,-0.108617514,0.930815,-0.8988627,0.24214597,0.365255,-0.26506618,-0.9641409,-0.013128549
1356069324728,0.4013752,-0.11347091,0.9088577,-0.87178624,0.25696072,0.41708502,-0.28086773,-0.9597372,0.0042153
1356069324768,0.42224038,-0.10565919,0.90030503,-0.860793,0.26460582,0.43476325,-0.28416267,-0.9585509,0.02077657
1356069324808,0.41384724,-0.08614588,0.90626115,-0.86778706,0.2634972,0.42132494,-0.27509266,-0.9608059,0.034291327
1356069324848,0.371409,-0.05643624,0.92675257,-0.8918359,0.25592786,0.37300086,-0.2582326,-0.9650471,0.04472205
1356069324888,0.28362188,-0.017259985,0.9587809,-0.92862654,0.24444768,0.27910239,-0.23918912,-0.96950895,0.053302616
1356069324928,0.13447338,0.031838745,0.99040556,-0.96578526,0.22788411,0.12380466,-0.22175595,-0.97316754,0.061393738
1356069324968,-0.08431232,0.08966282,0.99239707,-0.97460425,0.19993222,-0.10086459,-0.2074559,-0.97569853,0.0705291
1356069325008,-0.34458548,0.14798626,0.9270173,-0.91793644,0.15369701,-0.36574572,-0.19660515,-0.9769736,0.0828802
1356069325048,-0.5778764,0.1944868,0.79261196,-0.7938816,0.09123534,-0.60118884,-0.18923753,-0.9766529,0.1016767
1356069325087,-0.73851323,0.22724758,0.63478863,-0.6480565,0.020573795,-0.7613143,-0.18606684,-0.9736197,0.13207537
1356069325128,-0.832253,0.2534949,0.493047,-0.5212287,-0.054782987,-0.8516569,-0.1888801,-0.9657842,0.1777221
1356069325168,-0.88123226,0.28358287,0.37816742,-0.427494,-0.13677365,-0.8936118,-0.20168963,-0.94914377,0.24175924
1356069325208,-0.9030809,0.32064822,0.28570938,-0.36498013,-0.22238177,-0.9040663,-0.22635071,-0.9207232,0.31785882
1356069325248,-0.907944,0.3604682,0.21377607,-0.32970375,-0.2994815,-0.89532465,-0.25871408,-0.8833875,0.39076024
1356069325288,-0.9036371,0.39526504,0.16494061,-0.31544918,-0.35371828,-0.88055384,-0.2897097,-0.8477316,0.44431907
1356069325328,-0.89627874,0.42033714,0.1414248,-0.3147812,-0.37831467,-0.8705118,-0.31240538,-0.8247391,0.4713897
1356069325368,-0.88876253,0.43533742,0.14346641,-0.32319033,-0.37322068,-0.8696289,-0.32503733,-0.8192605,0.47240132
1356069325408,-0.880799,0.4418578,0.17016116,-0.33996922,-0.3400305,-0.8768125,-0.32956648,-0.8301452,0.44971657
1356069325448,-0.8698574,0.44080108,0.22145572,-0.36785662,-0.28050733,-0.88656485,-0.32867882,-0.85264885,0.4061529
1356069325488,-0.85127825,0.430559,0.2999072,-0.41318247,-0.19774252,-0.88891965,-0.32342798,-0.88063437,0.34623337
1356069325528,-0.81647956,0.4063486,0.41017303,-0.48503464,-0.09734464,-0.8690601,-0.3132132,-0.9085179,0.27657306
1356069325568,-0.75062984,0.3613175,0.55317676,-0.589776,0.011021197,-0.80749166,-0.29785755,-0.9323777,0.2048235
1356069325608,-0.6360646,0.29077584,0.71475255,-0.71930605,0.111867785,-0.6856269,-0.27932152,-0.95022887,0.13800174
1356069325648,-0.46832144,0.19922018,0.86080563,-0.84410596,0.18699276,-0.5025126,-0.2610751,-0.9619485,0.08059025
1356069325688,-0.27096874,0.10360649,0.9569962,-0.9304675,0.2264933,-0.28797784,-0.24658966,-0.9684868,0.03502977
1356069325728,-0.08279401,0.023238033,0.9962957,-0.9675914,0.23744488,-0.08594689,-0.23856258,-0.971123,0.0028259158
1356069325768,0.071094185,-0.03284496,0.9969287,-0.9684436,0.2370812,0.07687372,-0.23887792,-0.97093445,-0.014953375
1356069325808,0.18654963,-0.0662114,0.980212,-0.9507194,0.23933831,0.19710365,-0.2476528,-0.9686761,-0.018299997
1356069325848,0.2696877,-0.08251777,0.95940566,-0.9264407,0.24950118,0.28188068,-0.26263297,-0.9648523,-0.00916037
1356069325888,0.3285327,-0.0875054,0.9404303,-0.9021158,0.26583195,0.33988303,-0.27973798,-0.9600397,0.00839451
1356069325928,0.36907208,-0.08502519,0.9255034,-0.8818106,0.28253317,0.37760434,-0.29359126,-0.9554819,0.02929902
1356069325968,0.39450595,-0.07674071,0.9156833,-0.86899006,0.29277107,0.39892533,-0.29869944,-0.9530982,0.048812985
1356069326008,0.40636307,-0.063634425,0.9114932,-0.8656342,0.29251587,0.40633973,-0.29248348,-0.954141,0.06378347
1356069326048,0.40547633,-0.047121853,0.9128902,-0.87106407,0.28291923,0.40150228,-0.2771937,-0.9579855,0.07367092
1356069326087,0.3922012,-0.028880179,0.91942596,-0.8829476,0.26855147,0.38507602,-0.25803423,-0.9628322,0.079826504
1356069326128,0.36606842,-0.010129094,0.9305328,-0.8990582,0.25423396,0.35645387,-0.24018359,-0.96708965,0.083960384
1356069326168,0.32705203,0.009140164,0.94496214,-0.91771126,0.24166623,0.31528297,-0.22548369,-0.9703164,0.08742547
1356069326208,0.27305868,0.03064707,0.961509,-0.9379395,0.23060933,0.25901473,-0.21379492,-0.9725636,0.09171501
1356069326248,0.20355394,0.056919903,0.97740775,-0.9574969,0.21995643,0.18659803,-0.20436591,-0.9738476,0.09927368
1356069326288,0.11753628,0.092812955,0.9887219,-0.97321326,0.20886216,0.09608647,-0.1975885,-0.9735309,0.114875674
1356069326328,0.015612483,0.14575225,0.98919785,-0.9802541,0.19727361,-0.0135958195,-0.19712415,-0.9694531,0.14595425
1356069326368,-0.095716,0.22268268,0.970181,-0.9731647,0.18396157,-0.13823447,-0.20925847,-0.95737696,0.19909877
1356069326408,-0.20115656,0.3221646,0.9250655,-0.95014197,0.16552675,-0.264256,-0.23825705,-0.9321003,0.27280515
1356069326448,-0.2765894,0.42326623,0.86275375,-0.9196132,0.14401782,-0.36547297,-0.27894428,-0.89448565,0.34940743
1356069326488,-0.30866307,0.50163984,0.8081365,-0.8957077,0.13259071,-0.42441428,-0.32005447,-0.85485506,0.40839684
1356069326528,-0.2999882,0.54413986,0.78352976,-0.8871453,0.14281076,-0.4388374,-0.35068548,-0.82675076,0.43988955
1356069326569,-0.25906104,0.5484004,0.795075,-0.893767,0.17595077,-0.41257954,-0.36615282,-0.8174951,0.44456023
1356069326608,-0.19235659,0.51539654,0.8350841,-0.90979797,0.22527033,-0.3485986,-0.36778617,-0.826813,0.42557448
1356069326648,-0.10550237,0.4481305,0.8877208,-0.9272343,0.27822804,-0.25065067,-0.359313,-0.84956944,0.38616827
1356069326686,-0.0073097944,0.3556782,0.93457985,-0.9389409,0.31907207,-0.12877491,-0.34400073,-0.8784566,0.3316285
1356069326728,0.09097752,0.25072894,0.9637729,-0.94206023,0.33543965,0.0016621053,-0.32287088,-0.9080833,0.26671925
1356069326768,0.1808641,0.14948756,0.97208107,-0.93746096,0.3250909,0.12442991,-0.29741398,-0.93379295,0.19893599
1356069326808,0.2575085,0.06353456,0.9641851,-0.92770505,0.2953665,0.22830266,-0.2702829,-0.9532692,0.1350007
1356069326848,0.32096428,-0.0031205714,0.94708616,-0.914847,0.25768942,0.31088758,-0.24502426,-0.96622276,0.07985422
1356069326888,0.37291822,-0.05173576,0.9264208,-0.9002465,0.22161368,0.37475806,-0.22469592,-0.97376114,0.036068827
1356069326928,0.4149344,-0.08567786,0.9058083,-0.8848629,0.1937197,0.42366314,-0.21177146,-0.97730863,0.004567802
1356069326968,0.44778925,-0.108638465,0.8875147,-0.86951333,0.17844017,0.46054918,-0.20840159,-0.9779349,-0.014559001
1356069327008,0.4718207,-0.123842865,0.87295365,-0.8549167,0.1778959,0.48730943,-0.21564469,-0.9762254,-0.02194035
1356069327048,0.48721904,-0.13363859,0.86299384,-0.84170246,0.19147749,0.50484985,-0.23271132,-0.9723565,-0.019192457
1356069327087,0.49428576,-0.13862872,0.8581746,-0.83067274,0.2156838,0.5132868,-0.25625068,-0.96657264,-0.008545667
1356069327128,0.4931805,-0.1372911,0.8590251,-0.82415223,0.24235894,0.51189375,-0.27847087,-0.96042347,0.0063779354
1356069327168,0.48439527,-0.12752366,0.865505,-0.8247569,0.2633956,0.5003987,-0.29178295,-0.956222,0.022411525
1356069327208,0.46677923,-0.10948691,0.8775704,-0.83448815,0.27403462,0.47805282,-0.29282522,-0.9554672,0.036548138
1356069327248,0.4388048,-0.085776985,0.894479,-0.8524043,0.27526754,0.44456127,-0.28435415,-0.95753336,0.047672033
1356069327288,0.39828223,-0.059039235,0.9153609,-0.8760997,0.27110767,0.39868528,-0.27169943,-0.9607367,0.056253135
1356069327328,0.34239495,-0.030246943,0.93906915,-0.9031739,0.26484436,0.33783767,-0.25892577,-0.96381664,0.063363105
1356069327368,0.26858237,0.0013256073,0.9632558,-0.9308966,0.2573792,0.25920555,-0.24757844,-0.96630955,0.070361525
1356069327408,0.17540967,0.03707239,0.9837973,-0.9554194,0.24747694,0.16102427,-0.2374976,-0.9681843,0.07882953
1356069327448,0.06546742,0.07840884,0.99476933,-0.97146153,0.23277557,0.04558587,-0.22798368,-0.9693645,0.09141034
1356069327488,-0.054395884,0.12848541,0.99021846,-0.97397614,0.21169332,-0.08097184,-0.22002631,-0.9688537,0.11362648
1356069327528,-0.17148745,0.19305405,0.966086,-0.96067154,0.18462616,-0.2074205,-0.21840805,-0.96366143,0.15380055
1356069327568,-0.26940626,0.27608687,0.92260295,-0.93530446,0.15319967,-0.31895986,-0.22940308,-0.94884455,0.21695238
1356069327608,-0.33435982,0.36987484,0.8668311,-0.9076203,0.121346116,-0.40187138,-0.2538287,-0.9211231,0.29513258
1356069327648,-0.36328834,0.4547508,0.81315637,-0.8872918,0.09730607,-0.45082694,-0.284139,-0.8852871,0.36814642
1356069327688,-0.3649587,0.5123343,0.7773794,-0.8781021,0.08808184,-0.4702959,-0.3094217,-0.8542571,0.41773564
1356069327728,-0.35119885,0.5358101,0.76783246,-0.878775,0.09438825,-0.46780896,-0.32313114,-0.839046,0.4377076
1356069327768,-0.32893723,0.52601326,0.7842897,-0.8868334,0.113354206,-0.44797012,-0.32454076,-0.84288836,0.42919976
1356069327809,-0.29996574,0.48626703,0.82070994,-0.9000824,0.14073974,-0.4123637,-0.31602538,-0.86240166,0.3954634
1356069327848,-0.26263565,0.42205155,0.86769533,-0.9169084,0.170897,-0.36065677,-0.30050233,-0.8903184,0.3420989
1356069327888,-0.21522522,0.3406417,0.91522753,-0.9355346,0.19688189,-0.2932788,-0.28009477,-0.919348,0.27630818
1356069327928,-0.15691751,0.25106552,0.95516646,-0.95367,0.21285266,-0.21261999,-0.2566913,-0.9442774,0.20603335
1356069327968,-0.08868778,0.16294774,0.9826406,-0.968449,0.21656197,-0.12331858,-0.23289713,-0.96257424,0.13860017
1356069328008,-0.013564616,0.08434051,0.9963447,-0.97716206,0.21020767,-0.031097502,-0.21206212,-0.974012,0.0795629
1356069328048,0.06369755,0.020127982,0.99776626,-0.97824204,0.19906732,0.05843529,-0.1974465,-0.979779,0.03237009
1356069328087,0.13809845,-0.027927399,0.9900247,-0.97163063,0.18995705,0.14089116,-0.1919969,-0.9813951,-9.023547E-4
1356069328137,0.20655608,-0.059337348,0.97663385,-0.95750785,0.19307804,0.21424177,-0.2012791,-0.9793875,-0.016934514
1356069328178,0.2691707,-0.08013001,0.9597533,-0.93746114,0.20657659,0.28016582,-0.22071227,-0.9751438,-0.019514382
1356069328218,0.31871784,-0.092235,0.9433513,-0.9151783,0.22910737,0.33160013,-0.24671394,-0.9690215,-0.011390924
1356069328258,0.35650027,-0.09729603,0.9292153,-0.89352465,0.25508976,0.36951715,-0.27298585,-0.9620097,0.0040031374
1356069328298,0.3844616,-0.09518981,0.9182201,-0.8757955,0.2768441,0.39539808,-0.2918417,-0.9561884,0.023069143
1356069328338,0.4033808,-0.08642563,0.9109416,-0.8651849,0.28807288,0.4104499,-0.297891,-0.95370054,0.041428894
1356069328378,0.41266924,-0.07278094,0.90796864,-0.86288846,0.2880525,0.41527018,-0.2917664,-0.95484483,0.05606857
1356069328418,0.410649,-0.0562993,0.91005373,-0.8683226,0.2803604,0.4091625,-0.27817857,-0.9582423,0.06624377
1356069328458,0.3938241,-0.038323194,0.9183866,-0.88069415,0.27037197,0.38894314,-0.26321152,-0.9619929,0.07272801
1356069328498,0.35884947,-0.018658131,0.93320894,-0.8992623,0.26099116,0.35101402,-0.2501086,-0.96516085,0.07687798
1356069328538,0.30092108,0.0046441257,0.9536377,-0.92313385,0.25235945,0.2900666,-0.23931238,-0.9676224,0.080227435
1356069328578,0.21481699,0.03417191,0.97605634,-0.94924116,0.2424249,0.20042795,-0.22977138,-0.9695682,0.08451435
1356069328618,0.09653708,0.07280865,0.9926628,-0.9705874,0.22787395,0.077676356,-0.2205464,-0.9709646,0.09266549
1356069328658,-0.049557656,0.12411916,0.9910289,-0.97582245,0.20546433,-0.074530214,-0.2128717,-0.9707619,0.110935986
1356069328698,-0.20228893,0.19253737,0.9602128,-0.9560674,0.17359084,-0.23622319,-0.21216595,-0.9658134,0.14896321
1356069328738,-0.3259657,0.27939576,0.90315247,-0.9181393,0.1341266,-0.37286767,-0.22531441,-0.9507618,0.2128036
1356069328778,-0.3947931,0.37579575,0.83840084,-0.88347566,0.095219076,-0.45869827,-0.25220862,-0.92179763,0.29441452
1356069328818,-0.4129396,0.4624743,0.78460085,-0.86567193,0.06838846,-0.49591857,-0.28300726,-0.8839913,0.37211066
1356069328858,-0.40527672,0.52212024,0.7504274,-0.8612355,0.05727309,-0.5049684,-0.30663353,-0.85094666,0.42645705
1356069328898,-0.39589804,0.5492159,0.73595285,-0.8613268,0.055793464,-0.50497836,-0.31840348,-0.8338159,0.45096588
1356069328938,-0.3987621,0.54655975,0.73638386,-0.85959417,0.056999266,-0.50778824,-0.31950992,-0.835478,0.44709045
1356069328978,-0.42186743,0.5183705,0.7438547,-0.85082936,0.0571028,-0.5223299,-0.31323653,-0.8532475,0.41695505
1356069329018,-0.46062034,0.47169533,0.75188595,-0.8343878,0.058775306,-0.54803526,-0.30269796,-0.87980056,0.36650366
1356069329089,-0.5273866,0.40305817,0.7479356,-0.8002752,0.05999601,-0.596624,-0.28534728,-0.91320574,0.29091626
1356069329101,-0.5684532,0.33616483,0.75090235,-0.7786411,0.074899614,-0.6229833,-0.26566738,-0.9388202,0.2191748
1356069329139,-0.6073849,0.2711768,0.7466905,-0.75665724,0.08882272,-0.6477502,-0.2419779,-0.9584225,0.15123832
1356069329180,-0.63110816,0.21094558,0.74646133,-0.7446753,0.10465002,-0.6591716,-0.21716648,-0.97187984,0.09104049
1356069329219,-0.632585,0.1596683,0.75785375,-0.749123,0.122247934,-0.65105313,-0.19659862,-0.9795721,0.042278945
1356069329260,-0.60694814,0.12118515,0.78544784,-0.77262723,0.14154506,-0.6188798,-0.18617535,-0.98248625,0.007720351
1356069329298,-0.5510747,0.09702554,0.82879597,-0.81253564,0.16376454,-0.5594346,-0.19000679,-0.98171645,-0.0114097595
1356069329338,-0.4671237,0.08569905,0.8800291,-0.8591883,0.19102347,-0.4746636,-0.20878446,-0.9778372,-0.015600026
1356069329378,-0.36595726,0.082782775,0.9269424,-0.8996531,0.223382,-0.37513307,-0.2381168,-0.9712093,-0.007272482
1356069329418,-0.2657163,0.083872914,0.9603958,-0.92573047,0.25588375,-0.2784721,-0.2691059,-0.9630623,0.009651244
1356069329458,-0.18386862,0.08714789,0.97907996,-0.9387025,0.27992055,-0.20120162,-0.29159883,-0.9560595,0.030337393
1356069329498,-0.13295913,0.09347439,0.98670375,-0.94484496,0.2886969,-0.154668,-0.29931578,-0.95284665,0.04993391
1356069329538,-0.121426225,0.105291724,0.9870001,-0.9482621,0.281565,-0.14669743,-0.29335067,-0.95374775,0.065654814
1356069329579,-0.1574862,0.124972165,0.97958153,-0.9470456,0.26197058,-0.18567687,-0.279826,-0.95695,0.077097595
1356069329625,-0.25146002,0.1528202,0.9557269,-0.9317186,0.22912878,-0.28178084,-0.2620464,-0.96132517,0.08476865
1356069329655,-0.4392277,0.19458428,0.87704957,-0.86359763,0.17755347,-0.47188336,-0.24754429,-0.96468216,0.09005612
1356069329698,-0.6134569,0.22283503,0.75763786,-0.7538074,0.120823324,-0.64589167,-0.23546761,-0.96733975,0.093854785
1356069329738,-0.7739676,0.23924951,0.5862882,-0.5920682,0.05493045,-0.8040136,-0.22456492,-0.969403,0.099137664
1356069329778,-0.8813907,0.2408545,0.40637365,-0.4211436,-0.010962963,-0.90692776,-0.21398255,-0.97049934,0.11109698
1356069329818,-0.9368491,0.2360262,0.25808015,-0.28258678,-0.076093554,-0.9562189,-0.20605446,-0.9687628,0.13798606
1356069329858,-0.9590132,0.23759788,0.15440474,-0.19289654,-0.14825368,-0.9699545,-0.20756806,-0.95998335,0.18800902
1356069329898,-0.96289843,0.25481814,0.088850036,-0.14961635,-0.23007327,-0.96160346,-0.22459199,-0.9392199,0.25966215
1356069329938,-0.95663214,0.28708926,0.04934162,-0.14128011,-0.30913383,-0.94046587,-0.2547445,-0.90665096,0.33628744
1356069329978,-0.9458757,0.32346374,0.0262772,-0.1511157,-0.36734056,-0.9177282,-0.28719908,-0.87202764,0.39633888
1356069330018,-0.9362768,0.3509403,0.015056074,-0.16320527,-0.39666164,-0.9033402,-0.3110463,-0.8482337,0.4286604
1356069330089,-0.9329919,0.35962445,0.014019668,-0.1645798,-0.39168686,-0.90525967,-0.3200622,-0.8469072,0.42462742
1356069330102,-0.9313991,0.36293212,0.027856454,-0.17109552,-0.36896634,-0.913559,-0.32128185,-0.8556542,0.405751
1356069330139,-0.9344827,0.3530246,0.045997515,-0.16856132,-0.3249427,-0.93059087,-0.3135749,-0.8773744,0.36315966
1356069330179,-0.93908465,0.33571398,0.0735937,-0.1686545,-0.26356596,-0.94978344,-0.29945877,-0.90433896,0.3041305
1356069330219,-0.9432731,0.31283563,0.11121906,-0.17766982,-0.19262093,-0.96505475,-0.28048038,-0.9300705,0.2372756
1356069330259,-0.9449434,0.2855146,0.1598852,-0.20071456,-0.11981261,-0.9722955,-0.2584483,-0.9508556,0.17052305
1356069330300,-0.9413784,0.25545976,0.22033384,-0.24082826,-0.05152744,-0.969199,-0.23623809,-0.9654456,0.110028744
1356069330339,-0.92953163,0.22502017,0.29212493,-0.29807597,0.007844329,-0.95451,-0.21707553,-0.97432256,0.05978149
1356069330380,-0.90678406,0.19704206,0.37271583,-0.36912006,0.05608821,-0.92768776,-0.20369846,-0.9787893,0.021872282
1356069330419,-0.8709422,0.1752636,0.45906693,-0.44944906,0.093515456,-0.88839763,-0.19863361,-0.9800702,-0.0026744604
1356069330460,-0.82174665,0.16352946,0.5458851,-0.5320164,0.123081565,-0.83774066,-0.20418368,-0.97883046,-0.0141415
1356069330498,-0.7607503,0.1628603,0.62827975,-0.6104014,0.14950186,-0.7778556,-0.22061074,-0.97525674,-0.014323413
1356069330538,-0.69146127,0.16961274,0.7022199,-0.6800355,0.17520934,-0.7119364,-0.24378897,-0.9698109,-0.0058077574
1356069330578,-0.6189007,0.17659709,0.76535964,-0.73944867,0.19763446,-0.6435498,-0.26491037,-0.9642376,0.008268416
1356069330618,-0.54877883,0.17738289,0.8169315,-0.7894436,0.2114957,-0.57623637,-0.27499196,-0.96114767,0.023969412
1356069330658,-0.4866644,0.17071977,0.85674524,-0.8304651,0.21391445,-0.51436204,-0.27108192,-0.96181875,0.03767234
1356069330698,-0.43798906,0.16058114,0.8845221,-0.86137784,0.20662642,-0.4640408,-0.25728187,-0.9651525,0.047820866
1356069330738,-0.40823323,0.1522035,0.90009975,-0.88063735,0.1940664,-0.43222216,-0.2404648,-0.96910906,0.054811776
1356069330778,-0.40193242,0.14866626,0.9035202,-0.8875301,0.17948711,-0.42435223,-0.22525707,-0.97246224,0.059804022
1356069330818,-0.42087948,0.15080029,0.8944942,-0.8817783,0.16342348,-0.4424475,-0.21290258,-0.9749626,0.064190805
1356069330858,-0.46240485,0.15837589,0.8724098,-0.8631941,0.14449853,-0.48375225,-0.20267665,-0.97674835,0.06989223
1356069330898,-0.52069104,0.17143464,0.8363558,-0.8315109,0.12028259,-0.54232997,-0.1935732,-0.97782534,0.079919636
1356069330938,-0.5846813,0.1923312,0.7881348,-0.78956854,0.08825719,-0.60728264,-0.18635792,-0.9773532,0.100256324
1356069330978,-0.6434887,0.22853416,0.73054385,-0.7424645,0.045804262,-0.6683177,-0.1861954,-0.97245777,0.14020401
1356069331018,-0.6866221,0.2880029,0.6675361,-0.69867975,-0.007559836,-0.71539456,-0.20098925,-0.9575997,0.20641255
1356069331089,-0.70243245,0.38231197,0.60035497,-0.6694834,-0.06855762,-0.7396565,-0.24162062,-0.92148644,0.30410868
1356069331109,-0.6933696,0.46475753,0.55067134,-0.66272783,-0.11127913,-0.7405462,-0.28289625,-0.8784175,0.38516533
1356069331149,-0.6722372,0.5202313,0.52674156,-0.6700929,-0.12506491,-0.7316655,-0.3147584,-0.8448185,0.43267643
1356069331189,-0.6479509,0.54395646,0.53317064,-0.68527716,-0.11075002,-0.7198122,-0.33249784,-0.8317726,0.4445216
1356069331229,-0.6245524,0.5371473,0.5669275,-0.7046412,-0.074542224,-0.70563734,-0.3367712,-0.84018815,0.4250518
1356069331268,-0.6008697,0.5034262,0.6209005,-0.7278565,-0.02349335,-0.6853268,-0.3304244,-0.86371875,0.38053858
1356069331308,-0.5739143,0.4475727,0.68578494,-0.7554915,0.033767045,-0.65428764,-0.31599823,-0.8936097,0.31875807
1356069331348,-0.5407445,0.37615454,0.7523983,-0.7875593,0.087866545,-0.60994256,-0.29554325,-0.9223813,0.2487306
1356069331388,-0.49966586,0.29744843,0.8135469,-0.8225038,0.13167113,-0.55330855,-0.27170143,-0.94561476,0.17886084
1356069331428,-0.45058835,0.21953124,0.86531854,-0.8576432,0.16263199,-0.48785138,-0.24782708,-0.9619547,0.11499941
1356069331468,-0.39347482,0.14931178,0.9071292,-0.8907094,0.18239707,-0.41637486,-0.22762734,-0.9718216,0.06122476
1356069331508,-0.33045828,0.0912033,0.93940365,-0.91925883,0.19448751,-0.34225395,-0.2139169,-0.97665584,0.019569457
1356069331549,-0.26362562,0.04759547,0.9634501,-0.9417857,0.20335454,-0.26774356,-0.20866534,-0.9779476,-0.008784711
1356069331588,-0.19510978,0.01922211,0.9805931,-0.9573965,0.21329182,-0.19467539,-0.21289459,-0.9767994,-0.023212194
1356069331628,-0.12745214,0.004883051,0.99183273,-0.9657425,0.227292,-0.12521857,-0.22604707,-0.9738144,-0.02425307
1356069331668,-0.06393874,0.0016341805,0.9979524,-0.9672138,0.24618495,-0.062372476,-0.2457828,-0.9692215,-0.014160156
1356069331708,-0.008206248,0.006016195,0.99994826,-0.9633411,0.2681105,-0.009518951,-0.26815394,-0.96336937,0.0035954714
1356069331748,0.03615263,0.0148617625,0.99923575,-0.95715487,0.28798184,0.0303469,-0.28731072,-0.9575205,0.024636328
1356069331788,0.06581193,0.025953889,0.99749446,-0.9524269,0.299756,0.055039138,-0.29757646,-0.95366275,0.044446707
1356069331828,0.07784462,0.038483053,0.9962225,-0.95163906,0.30074322,0.062743515,-0.29719257,-0.9529284,0.060033202
1356069331868,0.06914702,0.05292824,0.9962014,-0.95468116,0.2932835,0.050682873,-0.28948689,-0.9545592,0.070809245
1356069331908,0.036361754,0.0701555,0.996873,-0.9595071,0.2812736,0.015203953,-0.27932736,-0.9570597,0.077542365
1356069331948,-0.024001688,0.09098917,0.9955626,-0.9627207,0.26628593,-0.047547013,-0.26943058,-0.95958996,0.081205845
1356069331988,-0.113835394,0.11600056,0.98670423,-0.9589269,0.24689144,-0.13965622,-0.259809,-0.9620751,0.083131075
1356069332028,-0.23025084,0.14478871,0.9622997,-0.9406462,0.22025543,-0.2582096,-0.24933755,-0.96463656,0.08548099
1356069332089,-0.36191505,0.17576838,0.9154906,-0.9015809,0.18367809,-0.39168125,-0.23700073,-0.9671442,0.09199357
1356069332109,-0.4924739,0.20851877,0.844979,-0.8409569,0.1360817,-0.52371114,-0.22418982,-0.96850497,0.108338535
1356069332149,-0.5977281,0.24731183,0.76259947,-0.77195036,0.07917273,-0.63073313,-0.21636483,-0.96569586,0.14358872
1356069332189,-0.66495425,0.3003217,0.68384403,-0.71322334,0.016444445,-0.70074385,-0.221694,-0.9536962,0.20326167
1356069332229,-0.6907875,0.3705776,0.62087417,-0.6807953,-0.044080198,-0.7311461,-0.24357809,-0.9277549,0.2827376
1356069332268,-0.68324685,0.44772425,0.576816,-0.6762244,-0.08994198,-0.73118466,-0.2754891,-0.8896367,0.36421466
1356069332308,-0.6582862,0.5133897,0.5505363,-0.687585,-0.11238766,-0.71735334,-0.30640835,-0.8507644,0.42698228
1356069332348,-0.63292634,0.554251,0.5405646,-0.700934,-0.11371505,-0.7041025,-0.32877922,-0.82454515,0.46046662
1356069332388,-0.61793983,0.56668115,0.54499805,-0.7087636,-0.10147691,-0.69810927,-0.34030062,-0.81766427,0.46434963
1356069332428,-0.6169932,0.5523633,0.560548,-0.7088649,-0.080712736,-0.7007109,-0.3418036,-0.82968676,0.44135028
1356069332468,-0.6276979,0.51580054,0.5830481,-0.70263416,-0.052975416,-0.7095764,-0.3351127,-0.8550692,0.39567167
1356069332508,-0.64431465,0.46313512,0.6085759,-0.6939024,-0.019509614,-0.7198048,-0.3214938,-0.88607293,0.3339408
1356069332548,-0.660372,0.4008923,0.6349756,-0.6876358,0.016977727,-0.72585726,-0.301771,-0.9159678,0.26445633
1356069332588,-0.6701396,0.3352208,0.6622236,-0.6883223,0.053150415,-0.72345525,-0.27771473,-0.9406392,0.1951217
1356069332626,-0.668358,0.2723363,0.6921925,-0.6994625,0.086509645,-0.70941406,-0.25308055,-0.9583053,0.13266957
1356069332667,-0.6528409,0.21652925,0.7258882,-0.7211454,0.11562669,-0.68306637,-0.2318359,-0.9694047,0.080663264
1356069332708,-0.6216283,0.17050546,0.76453006,-0.75256526,0.14077294,-0.64329505,-0.21731046,-0.9752492,0.04080808
1356069332748,-0.57480276,0.1358057,0.806944,-0.79040384,0.1631099,-0.59047174,-0.21181,-0.9772165,0.013585329
1356069332789,-0.5127458,0.11259407,0.85112524,-0.83082265,0.18479562,-0.5249611,-0.21639168,-0.97630584,-0.0012074113
1356069332828,-0.43791062,0.09957135,0.8934875,-0.868986,0.20785421,-0.4490656,-0.23042923,-0.9730787,-0.0044955015
1356069332868,-0.35529888,0.093396604,0.93007517,-0.9004308,0.23295057,-0.3673669,-0.25097236,-0.9679934,0.0013301373
1356069332908,-0.27234358,0.089963734,0.95798516,-0.9225065,0.25860244,-0.28654256,-0.2735158,-0.96178555,0.012563348
1356069332948,-0.19637316,0.086465955,0.97670937,-0.93582547,0.28081322,-0.21301305,-0.29269126,-0.95585954,0.02577287
