1356069264001,-0.2762732,-0.08290011,-0.95749706,0.9461811,0.15127707,-0.28610572,0.16856557,-0.98500896,0.036644757
1356069264059,-0.12742937,0.015116423,0.9917325,-0.9774163,-0.17185938,-0.12297034,0.16857961,-0.9850055,0.036674947
1356069264078,-0.12740529,0.015269339,0.9917332,-0.97740453,-0.17196465,-0.12291688,0.16866615,-0.9849848,0.036833525
1356069264119,-0.12731886,0.015650868,0.9917383,-0.97736347,-0.17231381,-0.1227541,0.168969,-0.98491776,0.03723541
1356069264155,-0.12715721,0.016043216,0.9917528,-0.97726905,-0.17302787,-0.122501165,0.1696356,-0.9847863,0.037680298
1356069264198,-0.12699836,0.015858918,0.9917761,-0.9770863,-0.1741755,-0.122332156,0.17080304,-0.9845869,0.037615508
1356069264238,-0.1269325,0.0145843625,0.99180424,-0.9767855,-0.17579049,-0.12242538,0.17256418,-0.9843196,0.036559254
1356069264278,-0.12698472,0.012184769,0.9918298,-0.97634125,-0.17797267,-0.12281528,0.17502207,-0.98396003,0.034496278
1356069264318,-0.12708074,0.009343386,0.99184835,-0.97576827,-0.18074554,-0.12331781,0.17811999,-0.98348546,0.032086253
1356069264358,-0.12707675,0.0072062016,0.9918668,-0.9751105,-0.18407756,-0.123592526,0.18168977,-0.98288536,0.030418813
1356069264398,-0.12683892,0.0067991614,0.99189997,-0.97442925,-0.18783075,-0.12331739,0.18547091,-0.98217785,0.03044957
1356069264438,-0.12634528,0.008345425,0.9919512,-0.9737977,-0.19165397,-0.12242058,0.18908978,-0.9814271,0.03234136
1356069264478,-0.12572652,0.011152923,0.9920022,-0.9732923,-0.19499111,-0.12116298,0.19208032,-0.9807415,0.035370648
1356069264518,-0.1252299,0.01407063,0.992028,-0.9729613,-0.1973337,-0.120024085,0.19407165,-0.98023546,0.03840223
1356069264558,-0.12512171,0.015873969,0.9920144,-0.97284085,-0.1982246,-0.11953142,0.1947442,-0.98002815,0.040244997
1356069264598,-0.125575,0.015535295,0.9919625,-0.9730302,-0.19695097,-0.12009385,0.19350225,-0.9802903,0.039848447
1356069264638,-0.12659448,0.012647957,0.99187386,-0.9736786,-0.19264174,-0.12181574,0.18953559,-0.98118764,0.036702454
1356069264678,-0.12797815,0.0076179206,0.99174774,-0.9749329,-0.18447936,-0.12439135,0.18200937,-0.9828069,0.031036288
1356069264718,-0.12940359,0.0019001067,0.99159014,-0.9767839,-0.17241919,-0.12714091,0.17072758,-0.9850218,0.024167687
1356069264758,-0.13047498,-0.0025692284,0.9914483,-0.9790486,-0.15734684,-0.12925091,0.1563333,-0.9875401,0.018014371
1356069264798,-0.13081205,-0.0044364035,0.99139726,-0.9816115,-0.13964587,-0.13014567,0.13902187,-0.9901916,0.013912529
1356069264838,-0.13005626,-0.003389597,0.9915008,-0.9843414,-0.11956161,-0.12952593,0.11898452,-0.992821,0.01221329
1356069264878,-0.12795347,-2.7680397E-4,0.99178016,-0.9870195,-0.09782803,-0.12736654,0.09705916,-0.99520326,0.012244165
1356069264926,-0.12443447,0.0032895207,0.9922224,-0.9894041,-0.07580119,-0.12382969,0.074804306,-0.9971175,0.012686908
1356069264950,-0.11947411,0.005803883,0.9928204,-0.99128294,-0.05663216,-0.118958026,0.055535078,-0.9983783,0.0125193
1356069264979,-0.11413568,0.00658378,0.9934433,-0.9926728,-0.040685117,-0.11377758,0.039669216,-0.99915034,0.011179209
1356069265019,-0.10820484,0.0043458045,0.99411905,-0.9937421,-0.028352559,-0.108039945,0.027716279,-0.9995885,0.0073865056
1356069265059,-0.09961593,-1.1128187E-4,0.99502593,-0.99482864,-0.01990211,-0.09959841,0.019814193,-0.9998019,0.0018718243
1356069265099,-0.08812803,-0.005267054,0.9960953,-0.9959974,-0.014519334,-0.08819616,0.014927179,-0.9998808,-0.003966391
1356069265139,-0.07348865,-0.009078801,0.9972547,-0.9972332,-0.0105550885,-0.073583156,0.01119414,-0.9999031,-0.008278012
1356069265168,-0.055865943,-0.010719627,0.9983807,-0.9984106,-0.00684613,-0.055941194,0.0074347854,-0.99991906,-0.010320067
1356069265209,-0.03798157,-0.008172482,0.99924505,-0.9992763,-0.001737833,-0.037996978,0.002047062,-0.9999651,-0.008100569
1356069265249,-0.017490447,-0.0028235614,0.9998431,-0.99983513,0.004924178,-0.01747635,-0.00487414,-0.9999839,-0.002909243
1356069265289,0.0037098527,0.0030265152,0.99998856,-0.99991345,0.01263994,0.003671348,-0.0126286745,-0.99991554,0.0030730963
1356069265329,0.023780763,0.008163393,0.9996839,-0.9995368,0.01919216,0.023620546,-0.018993318,-0.9997825,0.008615971
1356069265369,0.04121399,0.013077199,0.9990647,-0.9989528,0.020420134,0.040942132,-0.019865602,-0.999706,0.013905108
1356069265409,0.05466628,0.018427819,0.99833465,-0.9984369,0.012656093,0.054438263,-0.011631846,-0.99975014,0.01909089
1356069265448,0.06278515,0.024096012,0.9977361,-0.99800396,-0.0052781105,0.06292942,0.0067825615,-0.99969566,0.023716569
1356069265488,0.06395483,0.029327095,0.9975219,-0.99745184,-0.029791832,0.06482631,0.0316191,-0.9991259,0.027346969
1356069265529,0.05698085,0.03359893,0.99780977,-0.99666965,-0.05648148,0.058817625,0.058333993,-0.99783814,0.03026867
1356069265568,0.04036349,0.036721766,0.99851,-0.99571055,-0.081787646,0.04325819,0.08325431,-0.995973,0.033262998
1356069265608,0.013458014,0.039200276,0.99914074,-0.99436986,-0.104510784,0.017494112,0.10510671,-0.99375093,0.03757307
1356069265648,-0.022884488,0.043177515,0.9988053,-0.9919795,-0.12520725,-0.017315507,0.12431005,-0.99119055,0.045696557
1356069265688,-0.06666958,0.053609014,0.99633384,-0.9877596,-0.14467466,-0.058311433,0.14101824,-0.9880259,0.06259823
1356069265728,-0.11413199,0.07909435,0.9903121,-0.98156625,-0.16279858,-0.10012159,0.15330234,-0.9834839,0.09621683
1356069265768,-0.16038668,0.12940538,0.9785348,-0.9745468,-0.17808086,-0.1361829,0.15663555,-0.9754698,0.1546734
1356069265808,-0.20017022,0.20824307,0.95737493,-0.9687666,-0.18804389,-0.16164976,0.14636603,-0.95983034,0.23937973
1356069265848,-0.22931427,0.30423373,0.9245846,-0.9655332,-0.19126064,-0.17653617,0.123128384,-0.9331994,0.33760655
1356069265888,-0.24704564,0.3928852,0.88578194,-0.9642453,-0.19015402,-0.18458712,0.09591347,-0.89971256,0.42581445
1356069265930,-0.2563727,0.45353544,0.85356814,-0.96354294,-0.18984276,-0.18853286,0.07653743,-0.8707843,0.4856715
1356069265967,-0.26020563,0.48020947,0.8376707,-0.9629402,-0.19284403,-0.18856683,0.07098815,-0.85569286,0.51259196
1356069266008,-0.2617458,0.47367877,0.84090275,-0.9619042,-0.19928211,-0.1871545,0.07892579,-0.85785484,0.5077949
1356069266048,-0.26074386,0.4370603,0.8608083,-0.9606702,-0.20569378,-0.1865552,0.09552705,-0.875596,0.47350425
1356069266088,-0.2556041,0.37644506,0.89048064,-0.9599979,-0.20775098,-0.18773293,0.11432707,-0.9028448,0.4144884
1356069266128,-0.24478,0.30074376,0.921757,-0.9607354,-0.20333993,-0.1887868,0.1306535,-0.93177575,0.3387087
1356069266168,-0.22752285,0.22034854,0.9485146,-0.9632843,-0.19350898,-0.18611184,0.14253664,-0.95603395,0.25628603
1356069266208,-0.20420325,0.14420876,0.96824837,-0.9674783,-0.18056762,-0.17714745,0.14928803,-0.97293335,0.17639124
1356069266248,-0.17594635,0.078192145,0.98128945,-0.97284377,-0.16610509,-0.16119623,0.15039283,-0.98300314,0.10529429
1356069266288,-0.1442666,0.025448859,0.9892117,-0.97870296,-0.15120524,-0.13884401,0.14604059,-0.9881748,0.046720684
1356069266328,-0.11094475,-0.012444049,0.99374866,-0.98434067,-0.13644886,-0.11160302,0.13698456,-0.990569,0.0028890371
1356069266368,-0.07748127,-0.034461528,0.996398,-0.98931515,-0.12114054,-0.08112034,0.12349972,-0.99203694,-0.024707168
1356069266408,-0.045213163,-0.04080054,0.9981438,-0.99343264,-0.103289366,-0.049221933,0.10510597,-0.9938142,-0.035862535
1356069266448,-0.015147448,-0.03396952,0.9993081,-0.99651563,-0.08146775,-0.01787451,0.08201864,-0.99609697,-0.032617092
1356069266488,0.011938989,-0.01854071,0.9997569,-0.9982991,-0.05727929,0.010859311,0.057063997,-0.99818605,-0.019193083
1356069266528,0.035291493,9.430349E-4,0.99937665,-0.9987081,-0.03654939,0.03530243,0.03655982,-0.9993315,-3.4809113E-4
1356069266568,0.054117054,0.02050662,0.99832404,-0.9981426,-0.026901394,0.054659784,0.027977258,-0.99942774,0.01901272
1356069266608,0.06742692,0.037582576,0.99701613,-0.99712545,-0.032076538,0.06864342,0.03456062,-0.9987786,0.03531173
1356069266648,0.074108124,0.050127774,0.99598956,-0.99587905,-0.04863566,0.07654771,0.052277774,-0.9975579,0.046316892
1356069266688,0.07303208,0.05689034,0.99570566,-0.9945936,-0.06974536,0.0769355,0.07382268,-0.9959413,0.051489085
1356069266728,0.06318748,0.057659626,0.99633455,-0.99358904,-0.09014076,0.06822994,0.09374452,-0.9942585,0.051594228
1356069266768,0.044115722,0.053456515,0.99759525,-0.99288726,-0.10818648,0.04970476,0.110583365,-0.99269235,0.048303545
1356069266808,0.016208649,0.04636827,0.99879295,-0.9919405,-0.12480003,0.021891236,0.12566441,-0.9910979,0.043971688
1356069266848,-0.0188483,0.039913327,0.99902534,-0.98983216,-0.14164335,-0.013015956,0.14098582,-0.98911273,0.04217726
1356069266888,-0.058627307,0.041288048,0.9974257,-0.9859115,-0.15918708,-0.051361054,0.15665671,-0.98638463,0.050039113
1356069266928,-0.10024923,0.06540018,0.9928106,-0.9806563,-0.17509699,-0.0874877,0.16811648,-0.9823766,0.08168846
1356069266967,-0.14071083,0.120177865,0.9827298,-0.97561073,-0.18574178,-0.116977185,0.1684759,-0.97522163,0.1433827
1356069267027,-0.17486268,0.20746961,0.962486,-0.9726236,-0.18836015,-0.13610238,0.15305686,-0.95993584,0.234727
1356069267048,-0.19850653,0.3016116,0.9325372,-0.9715603,-0.18588024,-0.14669377,0.1290957,-0.9351358,0.32993236
1356069267089,-0.2104063,0.37134162,0.9043421,-0.9714732,-0.18294048,-0.15090603,0.109403074,-0.91029567,0.39924026
1356069267125,-0.21251166,0.4029681,0.8901998,-0.9719482,-0.1811226,-0.15003788,0.100774795,-0.89711285,0.43015474
1356069267168,-0.20770502,0.3967126,0.89413524,-0.97283834,-0.17927301,-0.14644712,0.1021969,-0.9002668,0.4231731
1356069267208,-0.19714451,0.3611502,0.91142994,-0.9743108,-0.17541397,-0.14123872,0.108869135,-0.91586053,0.38645446
1356069267248,-0.18193418,0.30707413,0.9341335,-0.97628814,-0.16974378,-0.13434505,0.11730945,-0.93642545,0.33067498
1356069267288,-0.16297615,0.24494225,0.9557416,-0.9785151,-0.16411299,-0.12479991,0.12628084,-0.95554703,0.26642624
1356069267328,-0.14102781,0.18293232,0.97295785,-0.98077446,-0.15971166,-0.11213243,0.1348801,-0.97006595,0.20193914
1356069267368,-0.11672908,0.12642753,0.985084,-0.98304725,-0.15591818,-0.09647691,0.14139515,-0.9796457,0.1424844
1356069267408,-0.09084827,0.07824755,0.99278593,-0.98542607,-0.15102696,-0.07827142,0.14381287,-0.985428,0.090827644
1356069267448,-0.06410384,0.040871024,0.997106,-0.98804533,-0.14297467,-0.057660848,0.14020425,-0.9888822,0.049547583
1356069267488,-0.03787464,0.01598382,0.9991547,-0.99095523,-0.12941372,-0.035493553,0.128737,-0.9914618,0.020740777
1356069267528,-0.013308883,0.0038678348,0.999904,-0.9939469,-0.10911256,-0.012807488,0.10905248,-0.9940219,0.0052965283
1356069267568,0.008616805,0.0035013855,0.9999567,-0.9965445,-0.0825851,0.008876562,0.082612604,-0.99657786,0.0027776659
1356069267608,0.027353942,0.012092918,0.9995526,-0.9981494,-0.053995013,0.027968824,0.0543091,-0.998468,0.010593593
1356069267649,0.042158365,0.026581377,0.99875724,-0.99861395,-0.03040421,0.04296148,0.031508446,-0.99918413,0.025262743
1356069267688,0.05228567,0.043525964,0.99768317,-0.99839616,-0.019443214,0.053171307,0.021712512,-0.9988631,0.04243955
1356069267728,0.056859016,0.05942127,0.99661237,-0.99801564,-0.023665547,0.058350086,0.027052581,-0.99795246,0.05795774
1356069267768,0.054849625,0.07150513,0.9959309,-0.9975907,-0.038506687,0.0577057,0.042476267,-0.99669665,0.06922081
1356069267808,0.045178115,0.07836303,0.99590075,-0.99714684,-0.056812406,0.04970503,0.060474515,-0.9953048,0.0755727
1356069267848,0.026953936,0.07994315,0.99643487,-0.99670815,-0.07409394,0.032905817,0.07646042,-0.9940418,0.07768288
1356069267888,-1.3577938E-4,0.07736686,0.9970027,-0.9959465,-0.08968824,0.0068241656,0.08994737,-0.99296045,0.07706541
1356069267932,-0.035435557,0.072760254,0.9967197,-0.99408245,-0.10504401,-0.027673602,0.1026859,-0.9918022,0.07605198
1356069267969,-0.07738078,0.069752336,0.9945586,-0.9901695,-0.12195891,-0.068485856,0.11651826,-0.9900811,0.07850391
1356069268009,-0.12329602,0.075323015,0.9895072,-0.9836159,-0.1414268,-0.11179626,0.13152203,-0.987079,0.09152627
1356069268048,-0.17047966,0.10088733,0.98018277,-0.97485185,-0.16216427,-0.15286136,0.14352891,-0.9815928,0.12599593
1356069268088,-0.21559608,0.15731812,0.9637269,-0.9656751,-0.18077981,-0.18652156,0.14487913,-0.97086036,0.19089362
1356069268128,-0.25365853,0.24184176,0.9365735,-0.95832837,-0.19435304,-0.20936474,0.13139272,-0.9506521,0.28106314
1356069268168,-0.2795503,0.3323126,0.90078855,-0.9540807,-0.20130521,-0.22182485,0.10761824,-0.9214361,0.37332803
1356069268208,-0.29208225,0.4021653,0.8677275,-0.95277965,-0.20115167,-0.22748363,0.083058804,-0.89319706,0.4419278
1356069268248,-0.29410422,0.4382541,0.84937394,-0.95361435,-0.19425088,-0.22997025,0.06420621,-0.87761045,0.4750553
1356069268288,-0.2887836,0.43940023,0.85060656,-0.95594263,-0.18124741,-0.23091799,0.05270478,-0.87981635,0.4723827
1356069268328,-0.27791548,0.40827987,0.8695232,-0.95939803,-0.1633442,-0.22994372,0.04815018,-0.89812374,0.43709868
1356069268368,-0.26157403,0.35337034,0.8981695,-0.9638704,-0.14415956,-0.22399086,0.050327986,-0.9243092,0.3783116
1356069268408,-0.24020284,0.28491545,0.9279686,-0.9688883,-0.1291104,-0.21115392,0.059649408,-0.9498177,0.30706394
1356069268448,-0.21462363,0.21362302,0.95304877,-0.973804,-0.12185013,-0.19198528,0.075116575,-0.9692873,0.23417881
1356069268488,-0.18620956,0.14825127,0.9712608,-0.9780779,-0.12176156,-0.16893107,0.09321806,-0.98142534,0.16767445
1356069268528,-0.15659899,0.094273,0.98315275,-0.9815929,-0.12504172,-0.14436051,0.109325886,-0.98766243,0.11211917
1356069268568,-0.1274845,0.054652303,0.9903337,-0.9846089,-0.12732697,-0.119720936,0.11955321,-0.99035394,0.070043385
1356069268608,-0.10054511,0.030995965,0.99444956,-0.9874984,-0.12506682,-0.09594408,0.12139875,-0.99166405,0.043183327
1356069268648,-0.076992035,0.023419261,0.9967566,-0.9905143,-0.11591846,-0.07378626,0.11381441,-0.9929826,0.032121837
1356069268688,-0.057328522,0.02938193,0.99792296,-0.99358946,-0.09923196,-0.054157853,0.09743458,-0.99463046,0.034882367
1356069268728,-0.041457117,0.044012904,0.9981704,-0.9963373,-0.07660073,-0.038003355,0.074787945,-0.99608994,0.04702738
1356069268768,-0.029052138,0.06172502,0.9976703,-0.9982587,-0.053052902,-0.025786936,0.0513376,-0.9966822,0.06315887
1356069268808,-0.020001054,0.07788968,0.9967614,-0.99920166,-0.03604281,-0.01723355,0.034583747,-0.9963103,0.0785484
1356069268848,-0.014646828,0.08971143,0.9958601,-0.99946785,-0.030344784,-0.011966348,0.029145628,-0.99550545,0.090108156
1356069268888,-0.013829052,0.096090645,0.9952765,-0.99934924,-0.03449124,-0.010555595,0.03331405,-0.9947748,0.096505076
1356069268928,-0.018689036,0.096707374,0.99513733,-0.9989313,-0.043888927,-0.014495164,0.04227376,-0.9943447,0.09742427
1356069268967,-0.031075656,0.09272975,0.99520624,-0.99818426,-0.054281533,-0.026110888,0.05160007,-0.9942106,0.094248176
1356069269008,-0.049987376,0.08495507,0.9951301,-0.99686277,-0.06546408,-0.04448563,0.06136602,-0.9942319,0.08796099
1356069269048,-0.07618779,0.07490754,0.9942757,-0.99439716,-0.07899231,-0.07024592,0.07327816,-0.9940569,0.080506116
1356069269088,-0.10840869,0.06552583,0.99194455,-0.9901276,-0.09630191,-0.10184866,0.088852435,-0.993193,0.0753189
1356069269128,-0.14428198,0.063619435,0.98748946,-0.98369914,-0.11745739,-0.13616094,0.107325464,-0.99103796,0.079529405
1356069269168,-0.18164831,0.08121112,0.98000443,-0.97561634,-0.13973325,-0.1692555,0.12319377,-0.98685324,0.104613185
1356069269208,-0.21774763,0.13047275,0.9672449,-0.9675611,-0.15893489,-0.19637993,0.12810677,-0.97862995,0.16084805
1356069269248,-0.24782246,0.21022418,0.9457219,-0.96156573,-0.1724912,-0.21363121,0.11821824,-0.96231633,0.24489146
1356069269288,-0.26639134,0.2992096,0.9162473,-0.9588175,-0.17941773,-0.22017762,0.098511755,-0.9371674,0.33468276
1356069269328,-0.27158362,0.36972263,0.8885648,-0.9591547,-0.17990792,-0.21830109,0.07914904,-0.91155815,0.4034813
1356069269368,-0.26591676,0.40723625,0.8737545,-0.96163297,-0.17548507,-0.21087208,0.067456126,-0.89630556,0.4382763
1356069269408,-0.25284612,0.4103312,0.8761833,-0.9653513,-0.16740984,-0.20017713,0.0645428,-0.89643866,0.43844265
1356069269448,-0.23493952,0.3832489,0.8932657,-0.96964157,-0.15652078,-0.18787318,0.06781244,-0.9102865,0.40838698
1356069269488,-0.21381015,0.3334016,0.9182204,-0.97399795,-0.14484805,-0.17420441,0.07492241,-0.93159133,0.3557024
1356069269528,-0.1907,0.26993877,0.94380426,-0.9779609,-0.13549936,-0.15884718,0.08500588,-0.9532958,0.2898293
1356069269568,-0.16657227,0.2024909,0.9650135,-0.981274,-0.13004285,-0.14209187,0.096720785,-0.97061133,0.2203606
1356069269608,-0.14215171,0.13935766,0.9799859,-0.9840332,-0.12702179,-0.12467581,0.10710496,-0.98206156,0.15518889
1356069269648,-0.11800134,0.08636004,0.9892511,-0.9865776,-0.12343311,-0.10690695,0.11287385,-0.98858804,0.099766105
1356069269688,-0.09466696,0.047174633,0.9943906,-0.9892184,-0.1165728,-0.08864424,0.1117371,-0.99206114,0.057701528
1356069269728,-0.07269746,0.023795962,0.99707013,-0.99207735,-0.10442579,-0.069841206,0.10245782,-0.994248,0.031198889
1356069269768,-0.05257374,0.015716642,0.9984933,-0.9949955,-0.08590096,-0.05103746,0.0849694,-0.9961797,0.020154148
1356069269808,-0.034637332,0.019338429,0.99921286,-0.9975192,-0.061978877,-0.033379048,0.061284512,-0.9978901,0.021437198
1356069269848,-0.019155324,0.029400557,0.99938416,-0.999135,-0.037460566,-0.018048525,0.03690687,-0.9988655,0.030092776
1356069269888,-0.0064901114,0.041001648,0.999138,-0.9997716,-0.020609498,-0.005648464,0.020360142,-0.9989464,0.041126013
1356069269927,0.0026744008,0.050561547,0.99871737,-0.99982846,-0.01816678,0.003597021,0.018325388,-0.99855566,0.050504357
1356069269968,0.00708884,0.05596009,0.99840784,-0.99954355,-0.028927803,0.008718312,0.029369593,-0.9980139,0.05572945
1356069270026,0.0053028464,0.056641698,0.9983804,-0.9988587,-0.04709035,0.007976979,0.04746592,-0.99728334,0.056327373
1356069270048,-0.004731536,0.05293894,0.99858654,-0.9978101,-0.066132545,-0.001221925,0.065974355,-0.9964055,0.053135872
1356069270088,-0.024680436,0.04568246,0.998651,-0.9963423,-0.082873225,-0.02083245,0.08180976,-0.9955125,0.04756075
1356069270126,-0.055045128,0.036312252,0.9978233,-0.99392414,-0.097388744,-0.051285893,0.09531444,-0.9945837,0.041452408
1356069270169,-0.09474045,0.027147293,0.99513185,-0.9896158,-0.11111277,-0.09118411,0.10809648,-0.99343693,0.03739226
1356069270208,-0.14223307,0.022850513,0.9895694,-0.98245347,-0.12511015,-0.13832125,0.12064445,-0.9918797,0.04024431
1356069270248,-0.19328189,0.033811808,0.98056054,-0.97248745,-0.13906205,-0.18689546,0.13003948,-0.9897063,0.059759706
1356069270288,-0.24265862,0.07568985,0.96715444,-0.9614757,-0.15149319,-0.22937793,0.1291557,-0.98555607,0.1095351
1356069270328,-0.28398162,0.15769354,0.94577336,-0.95232165,-0.16111875,-0.2590837,0.11152601,-0.9742554,0.1959297
1356069270368,-0.31123304,0.2641647,0.91288066,-0.9469558,-0.16712433,-0.27448884,0.08005431,-0.94988763,0.30216688
1356069270408,-0.32365775,0.35893524,0.8754491,-0.9449345,-0.16996872,-0.27965945,0.048419297,-0.917756,0.39418197
1356069270448,-0.3267091,0.41602463,0.848637,-0.9446623,-0.17183232,-0.2794402,0.029569209,-0.89297104,0.44914192
1356069270488,-0.32586986,0.4307129,0.8416028,-0.9450369,-0.17356282,-0.27709422,0.026722908,-0.8856423,0.4635985
1356069270528,-0.32314712,0.40923834,0.8532877,-0.94569564,-0.1731376,-0.27510568,0.035152435,-0.89585006,0.44296384
1356069270568,-0.3176576,0.36176002,0.87648344,-0.9469806,-0.16800499,-0.27386498,0.048180193,-0.91700816,0.3959478
1356069270608,-0.3080712,0.29834175,0.90337384,-0.94934106,-0.15828282,-0.27147377,0.06199658,-0.9412432,0.33199048
1356069270648,-0.29338598,0.22862494,0.9282539,-0.95301735,-0.14650941,-0.26512817,0.07538295,-0.962427,0.26086733
1356069270688,-0.2734874,0.16085291,0.94833064,-0.9579152,-0.13492262,-0.25336623,0.08719656,-0.97771275,0.19098303
1356069270728,-0.24868971,0.1018005,0.9632186,-0.9638687,-0.124010265,-0.23575118,0.09544939,-0.98704517,0.12896237
1356069270768,-0.21995425,0.05550936,0.97392964,-0.9705552,-0.11295277,-0.21275437,0.098198175,-0.9920486,0.07871932
1356069270808,-0.18767232,0.02438125,0.981929,-0.9776989,-0.10056627,-0.18436679,0.09425384,-0.9946315,0.04271108
1356069270848,-0.15302354,0.008440375,0.9881865,-0.9847214,-0.08540124,-0.15175754,0.083111495,-0.9963109,0.021379828
1356069270888,-0.11714429,0.0054741204,0.9930998,-0.9909576,-0.06651908,-0.116524905,0.06542221,-0.9977701,0.013216972
1356069270927,-0.081397176,0.012039036,0.9966091,-0.9957286,-0.044701397,-0.080785245,0.043577194,-0.99892783,0.015626132
1356069270968,-0.047366142,0.023567349,0.99859947,-0.9986023,-0.024586856,-0.04678604,0.023449838,-0.9994198,0.024699062
1356069271008,-0.017222106,0.03681907,0.9991735,-0.99978256,-0.012386382,-0.016776174,0.011758536,-0.99924517,0.03702441
1356069271048,0.007220447,0.0495601,0.9987451,-0.99989235,-0.012403071,0.0078442395,0.012776256,-0.9986942,0.04946521
1356069271088,0.023879886,0.060267836,0.99789655,-0.9994154,-0.022992969,0.025304824,0.024469703,-0.9979174,0.05968353
1356069271128,0.030690491,0.06801769,0.997212,-0.99866354,-0.03941995,0.0334239,0.04158348,-0.9969051,0.066717
1356069271168,0.025821745,0.07222131,0.9970543,-0.9978627,-0.058027625,0.030045867,0.060026705,-0.99569917,0.07056865
1356069271208,0.008118153,0.073001355,0.99729884,-0.9968811,-0.077700675,0.01380232,0.07849839,-0.9943005,0.0721429
1356069271248,-0.022360623,0.07143116,0.9971949,-0.99499726,-0.09873366,-0.015238792,0.09736812,-0.9925469,0.07328147
1356069271288,-0.064089894,0.06971574,0.99550605,-0.9910333,-0.121641934,-0.05528328,0.117241144,-0.9901227,0.076886594
1356069271328,-0.11347175,0.0725787,0.99088675,-0.9839641,-0.14635253,-0.10195923,0.13761872,-0.9865664,0.088021755
1356069271368,-0.16448766,0.08966431,0.9822953,-0.97424865,-0.1704688,-0.14757976,0.15421811,-0.98127496,0.1153954
1356069271409,-0.20938003,0.13379347,0.9686378,-0.96496856,-0.18843502,-0.18255928,0.15810004,-0.97292936,0.16856104
1356069271448,-0.24086595,0.20970973,0.9476315,-0.96006036,-0.19469893,-0.20093846,0.14236405,-0.9581827,0.24823037
1356069271488,-0.25554836,0.3032034,0.91802114,-0.9604779,-0.1880027,-0.20527357,0.11035079,-0.9341963,0.3392639
1356069271528,-0.25675088,0.38725635,0.88550067,-0.96360373,-0.1731739,-0.20366263,0.074475974,-0.9055624,0.4176243
1356069271568,-0.25174928,0.44276828,0.8605687,-0.96666664,-0.15792018,-0.20153603,0.046667397,-0.8826196,0.46776563
1356069271608,-0.2462247,0.4651743,0.850286,-0.9686527,-0.14792562,-0.19957405,0.032942384,-0.8727719,0.48701534
1356069271648,-0.24363607,0.4565352,0.8556968,-0.96931887,-0.14426756,-0.19901651,0.032591283,-0.8779307,0.47767708
1356069271688,-0.24503833,0.42067623,0.87349176,-0.9686551,-0.14413184,-0.20231995,0.040786773,-0.8956883,0.4428079
1356069271728,-0.24936128,0.36385944,0.89745486,-0.9669913,-0.14370894,-0.21041766,0.052409828,-0.9203011,0.38768435
1356069271768,-0.25413382,0.29482868,0.92113626,-0.964991,-0.14117652,-0.22104648,0.064872,-0.9450636,0.3203848
1356069271808,-0.25660998,0.22307134,0.9404204,-0.9633913,-0.13719875,-0.23033395,0.0776436,-0.96509886,0.25011155
1356069271848,-0.25449383,0.15704659,0.9542375,-0.96287084,-0.13304937,-0.23489928,0.090070546,-0.97858787,0.18507579
1356069271888,-0.24644428,0.102620125,0.9637087,-0.9639255,-0.12913418,-0.2327489,0.10056299,-0.986303,0.13074249
1356069271927,-0.23193681,0.062987596,0.9706894,-0.9668281,-0.12469536,-0.22292277,0.10699907,-0.9901937,0.08981961
1356069271968,-0.21068639,0.039152473,0.97676927,-0.97164476,-0.11808348,-0.20484784,0.10732001,-0.9922315,0.06292087
1356069272008,-0.18372816,0.030548483,0.9825022,-0.9779607,-0.10653019,-0.17956659,0.09918067,-0.99384,0.049447834
1356069272048,-0.15163785,0.033994168,0.9878514,-0.9850075,-0.088365436,-0.14816049,0.08225539,-0.99550784,0.04688412
1356069272088,-0.11640173,0.0452528,0.9921708,-0.9914609,-0.06442183,-0.113380164,0.05878666,-0.99689615,0.052365154
1356069272128,-0.08030397,0.06038761,0.9949395,-0.99617124,-0.039466977,-0.07800797,0.034556568,-0.99739444,0.06332579
1356069272168,-0.04621905,0.076352626,0.9960091,-0.99878573,-0.020555198,-0.044772148,0.017054707,-0.99686897,0.07720998
1356069272208,-0.017416835,0.09076908,0.9957197,-0.9997854,-0.012753427,-0.016325325,0.011217028,-0.99579024,0.09097177
1356069272248,0.0028954744,0.10231143,0.99474823,-0.9998638,-0.015871346,0.0045428276,0.016252726,-0.99462587,0.10225147
1356069272288,0.01200825,0.110736966,0.99377716,-0.99954915,-0.026022494,0.014977723,0.027519077,-0.99350905,0.11037454
1356069272328,0.007854342,0.116104394,0.9932059,-0.9991442,-0.039425313,0.012510031,0.040609956,-0.9924542,0.11569545
1356069272368,-0.010531306,0.11876401,0.99286664,-0.99850404,-0.054525673,-0.0040688813,0.05365345,-0.9914243,0.11916059
1356069272408,-0.042492628,0.11981696,0.99188614,-0.99685234,-0.07159215,-0.03405726,0.06693065,-0.99021125,0.12248203
1356069272448,-0.085398376,0.12124354,0.98894244,-0.99298567,-0.09181845,-0.07449061,0.08177167,-0.988367,0.12823424
1356069272488,-0.13562447,0.1263474,0.982671,-0.9858341,-0.11599344,-0.121147096,0.09867677,-0.98518115,0.14028907
1356069272528,-0.18590242,0.14236027,0.9722005,-0.97580355,-0.1426537,-0.16570249,0.115098596,-0.9794812,0.16543537
1356069272568,-0.22696728,0.18104517,0.9569266,-0.9660313,-0.16652042,-0.19762203,0.12356934,-0.96927476,0.21269003
1356069272608,-0.25037318,0.24980155,0.9353676,-0.9612216,-0.17951274,-0.2093525,0.11561379,-0.95151174,0.28505972
1356069272649,-0.25369108,0.33636242,0.9069185,-0.96291465,-0.17684859,-0.20376435,0.09184864,-0.9249784,0.36875325
1356069272688,-0.24274111,0.41492614,0.87687683,-0.9680567,-0.16211665,-0.19127056,0.062793106,-0.89529574,0.4410244
1356069272728,-0.22767437,0.46513498,0.8554611,-0.9728738,-0.14564812,-0.17973045,0.040997446,-0.87317586,0.48567808
1356069272768,-0.21622306,0.4808791,0.8497076,-0.9757931,-0.1356681,-0.17152843,0.03279379,-0.86622715,0.4985731
1356069272808,-0.21235204,0.4632207,0.8604262,-0.9764929,-0.13391936,-0.16890004,0.03698975,-0.8760663,0.48076975
1356069272848,-0.21645153,0.41683266,0.882836,-0.9751179,-0.13666493,-0.17455035,0.04789442,-0.8986508,0.43604225
1356069272888,-0.22659945,0.34864977,0.90944815,-0.97211695,-0.13880771,-0.18900025,0.060343564,-0.9269173,0.37038213
1356069272927,-0.23779768,0.26989654,0.9330638,-0.9686619,-0.13684392,-0.20728686,0.07173818,-0.9531157,0.2939797
1356069272968,-0.24491209,0.19297516,0.9501466,-0.96610856,-0.13101399,-0.22241744,0.081561506,-0.9724175,0.21852192
1356069273015,-0.24617106,0.12465328,0.9611771,-0.9650524,-0.12346071,-0.23115218,0.08985376,-0.9844892,0.15068936
1356069273055,-0.24073166,0.06724915,0.9682592,-0.965875,-0.11482823,-0.23216364,0.09557065,-0.9911065,0.09259707
1356069273085,-0.22238892,0.025958925,0.9746124,-0.9700221,-0.10635394,-0.21850872,0.09798163,-0.99398947,0.048832655
1356069273128,-0.19965923,0.0039771497,0.9798573,-0.9754553,-0.095574856,-0.19837433,0.09286079,-0.9954143,0.022961974
1356069273168,-0.16888624,-6.971061E-4,0.9856353,-0.98243964,-0.08034462,-0.16839555,0.079307884,-0.9967669,0.012884259
1356069273208,-0.13266999,0.0071540177,0.9911344,-0.9894507,-0.059662998,-0.132014,0.0581896,-0.9981929,0.014994025
1356069273248,-0.09443861,0.021671116,0.99529487,-0.9949638,-0.03578973,-0.09362793,0.033592284,-0.9991244,0.024941862
1356069273288,-0.05800903,0.03773731,0.99760246,-0.99822766,-0.015486658,-0.057459623,0.013281196,-0.9991677,0.038568795
1356069273328,-0.027142763,0.052236676,0.99826574,-0.9996189,-0.00644964,-0.026842088,0.0050363243,-0.99861383,0.052391797
1356069273368,-0.005348563,0.064094156,0.9979296,-0.99992645,-0.011206031,-0.004639536,0.010885447,-0.99788105,0.06414935
1356069273408,0.003854394,0.07308221,0.99731845,-0.99965346,-0.02568835,0.0057457387,0.026039422,-0.996995,0.0729579
1356069273448,-0.003173411,0.07858023,0.9969027,-0.99902844,-0.044068456,2.9349327E-4,0.043955058,-0.9959333,0.07864377
1356069273488,-0.02945292,0.079835355,0.9963728,-0.9976912,-0.06337333,-0.024413973,0.06119442,-0.9947915,0.08151761
1356069273528,-0.07606399,0.0772084,0.9941093,-0.9940673,-0.0836097,-0.069567144,0.07774606,-0.99350303,0.083110094
1356069273568,-0.1408487,0.07289556,0.9873439,-0.9854789,-0.10585052,-0.13276765,0.09483263,-0.9917066,0.08674586
1356069273608,-0.21764266,0.07154027,0.9734031,-0.96946955,-0.13127112,-0.20711538,0.1129626,-0.9887618,0.09792629
1356069273648,-0.29561937,0.08202541,0.9517778,-0.9464059,-0.16082615,-0.28009075,0.13009623,-0.9835684,0.12517267
1356069273688,-0.36282563,0.116699785,0.92452073,-0.92134213,-0.19354683,-0.33714733,0.1395931,-0.9741256,0.17774421
1356069273728,-0.41084993,0.18227527,0.8932962,-0.90199256,-0.22388834,-0.36916572,0.13270885,-0.95741826,0.2563955
1356069273768,-0.4395097,0.2666328,0.8577519,-0.8918208,-0.243474,-0.3812824,0.10717791,-0.9325382,0.3447978
1356069273808,-0.4573936,0.34173715,0.8209792,-0.8862958,-0.25055796,-0.38948742,0.07260054,-0.9057795,0.4174838
1356069273848,-0.47498548,0.3854978,0.7910627,-0.8789383,-0.25183833,-0.40502447,0.043083847,-0.88767606,0.45844844
1356069273889,-0.49747205,0.39176154,0.77397966,-0.8670769,-0.25175852,-0.42987853,0.026446074,-0.88495237,0.4649301
1356069273930,-0.5251558,0.36137223,0.77046835,-0.85068464,-0.24779868,-0.46360683,0.023386389,-0.89889145,0.43754676
1356069273967,-0.54823697,0.31170377,0.77606505,-0.83585,-0.235421,-0.495915,0.028123438,-0.9205529,0.38960412
1356069274008,-0.5655656,0.24816093,0.7864806,-0.82381845,-0.21416605,-0.52483904,0.03819287,-0.94474816,0.3255645
1356069274048,-0.5717803,0.18138856,0.8001034,-0.8187998,-0.18718135,-0.54270613,0.05132374,-0.96543324,0.25554752
1356069274088,-0.56484014,0.12005797,0.81642,-0.82262385,-0.16004223,-0.54559743,0.06515837,-0.97978187,0.18916082
1356069274128,-0.5452233,0.06911278,0.83543706,-0.83474416,-0.13633919,-0.5334922,0.07703164,-0.98824847,0.13202673
1356069274168,-0.51457554,0.030938923,0.8568866,-0.8532586,-0.117108226,-0.5081686,0.08462629,-0.99263704,0.08665997
1356069274208,-0.4747476,0.007240057,0.88009214,-0.8758908,-0.101821125,-0.4716436,0.08619723,-0.99477637,0.054680824
1356069274248,-0.42805248,-0.0010035634,0.9037533,-0.90016973,-0.08849764,-0.42645347,0.08040804,-0.99607587,0.036978304
1356069274288,-0.37708443,0.005002558,0.92616546,-0.92376566,-0.0741722,-0.37570676,0.06681624,-0.9972329,0.03259039
1356069274328,-0.32476282,0.020831466,0.9455661,-0.94460934,-0.05720061,-0.32317394,0.047354758,-0.9981454,0.0382542
1356069274368,-0.27424204,0.039766908,0.9608381,-0.96125567,-0.0403291,-0.27269208,0.027905583,-0.9983947,0.049286127
1356069274408,-0.22854155,0.05572626,0.9719379,-0.9733933,-0.03005898,-0.2271603,0.01655665,-0.99799347,0.061113298
1356069274448,-0.1901074,0.06602922,0.9795403,-0.981596,-0.031199336,-0.18840334,0.018120885,-0.9973297,0.07074529
1356069274488,-0.1607809,0.0710412,0.98443013,-0.9865432,-0.04158008,-0.1581254,0.029699266,-0.99660635,0.076770425
1356069274528,-0.14237422,0.07180756,0.98720473,-0.9888049,-0.055318534,-0.13858122,0.044659555,-0.9958833,0.078879595
1356069274568,-0.13626045,0.068878114,0.98827577,-0.9889584,-0.06812489,-0.13160655,0.058261305,-0.99529636,0.07740027
1356069274608,-0.1427601,0.06284055,0.9877604,-0.9872788,-0.07962221,-0.13762495,0.06999925,-0.9948423,0.07340804
1356069274648,-0.1609869,0.05519718,0.9854119,-0.9835587,-0.09175068,-0.15554473,0.08182654,-0.994251,0.069060266
1356069274688,-0.18842661,0.0494591,0.9808411,-0.9774033,-0.10687101,-0.18237722,0.09580332,-0.993042,0.06847882
1356069274728,-0.22223794,0.053493828,0.9735239,-0.9686581,-0.1257472,-0.21421754,0.110958636,-0.99061906,0.079763055
1356069274768,-0.25818777,0.080644965,0.9627229,-0.9584371,-0.14660084,-0.24475801,0.121397465,-0.9859029,0.11514369
1356069274808,-0.29197294,0.14229041,0.94578284,-0.94897157,-0.16632545,-0.26793417,0.11918336,-0.97575057,0.18359214
1356069274848,-0.31843644,0.23277116,0.918921,-0.9423337,-0.18304282,-0.28018326,0.102983326,-0.9551508,0.27763557
1356069274888,-0.33345002,0.32553867,0.88478005,-0.9392358,-0.19587022,-0.28190604,0.08153072,-0.92501867,0.3710705
1356069274928,-0.33702886,0.3925296,0.85576403,-0.93920076,-0.20357913,-0.27650955,0.06567752,-0.8969259,0.4372761
1356069274967,-0.33091772,0.42324743,0.8434187,-0.94179773,-0.2042464,-0.26702136,0.059249103,-0.8826919,0.46620223
1356069275008,-0.31842738,0.41638815,0.85160136,-0.94600844,-0.19701123,-0.25739965,0.060596883,-0.88758516,0.4566405
1356069275048,-0.2982744,0.37794182,0.8764658,-0.952188,-0.18142211,-0.24581262,0.06610748,-0.9078798,0.41398537
1356069275088,-0.26957357,0.31821564,0.90888333,-0.960106,-0.16167665,-0.22816038,0.07434094,-0.9341303,0.3491045
1356069275129,-0.23308116,0.24824378,0.94023836,-0.96866477,-0.14457458,-0.2019571,0.08579996,-0.9578482,0.27416262
1356069275168,-0.19070333,0.17862755,0.9652587,-0.976623,-0.13388687,-0.16817191,0.09919536,-0.9747648,0.19998443
1356069275208,-0.14524132,0.11718321,0.98243225,-0.98320985,-0.12796122,-0.13009319,0.11046854,-0.9848319,0.13380098
1356069275248,-0.09951669,0.068069965,0.99270475,-0.9883033,-0.12262112,-0.09066734,0.1155549,-0.99011636,0.079476714
1356069275288,-0.055933237,0.03293693,0.99789107,-0.9920784,-0.1144287,-0.05183053,0.11248031,-0.99288523,0.039076418
1356069275328,-0.016122222,0.012449801,0.99979246,-0.9947615,-0.10114807,-0.0147815645,0.10094309,-0.9947934,0.014015377
1356069275368,0.018906534,0.005846262,0.9998041,-0.9964994,-0.08133584,0.019319564,0.08143288,-0.99666953,0.0042880774
1356069275408,0.048845112,0.010025024,0.99875605,-0.99723935,-0.055501044,0.04932803,0.05592656,-0.99840826,0.007286459
1356069275448,0.0737859,0.020414442,0.9970652,-0.9968444,-0.027837455,0.07433954,0.029273272,-0.9994041,0.018295914
1356069275488,0.09387344,0.033017337,0.99503654,-0.99554163,-0.006130159,0.094124526,0.0092074275,-0.999436,0.0322946
1356069275528,0.10902667,0.045476526,0.992998,-0.9940361,0.00265342,0.1090191,0.002322942,-0.99896187,0.045494586
1356069275568,0.11879134,0.056533843,0.9913085,-0.9928796,-0.0021640658,0.119103014,0.008878529,-0.99839836,0.05587414
1356069275608,0.122335434,0.064988166,0.99035877,-0.9922124,-0.015540242,0.12358412,0.023421943,-0.99776495,0.06258094
1356069275648,0.11852294,0.06942102,0.99052167,-0.99214673,-0.031870604,0.12095109,0.039965063,-0.9970783,0.065098435
1356069275688,0.10622883,0.06906533,0.99194026,-0.9927552,-0.048965037,0.109725356,0.05614856,-0.9964098,0.06336346
1356069275728,0.08444625,0.06470075,0.99432516,-0.99375343,-0.06759679,0.0887962,0.07295847,-0.99561256,0.058588356
1356069275768,0.052932322,0.058924466,0.99685806,-0.99430907,-0.08931184,0.058076143,0.09245342,-0.9942591,0.053861678
1356069275808,0.012758255,0.057237774,0.99827904,-0.9932364,-0.11450136,0.019258887,0.11540669,-0.9917728,0.05538979
1356069275848,-0.03446436,0.06995189,0.9969549,-0.98993754,-0.13937837,-0.024442196,0.13724414,-0.98776543,0.07405156
1356069275888,-0.08404744,0.11140755,0.99021435,-0.9853591,-0.15722191,-0.06594649,0.14833638,-0.98125935,0.12299049
1356069275927,-0.12912518,0.19005215,0.97324544,-0.9817432,-0.16273582,-0.098474145,0.13966674,-0.9681927,0.2075958
1356069275987,-0.16264564,0.28793672,0.9437367,-0.98011804,-0.15731245,-0.12091917,0.11364451,-0.9446402,0.30779818
1356069276008,-0.18189192,0.3754368,0.9088248,-0.9799744,-0.1453712,-0.13607875,0.081028014,-0.91537666,0.39436033
1356069276048,-0.19120806,0.42928073,0.88269895,-0.9800612,-0.13300174,-0.14761609,0.05403173,-0.89332443,0.44615242
1356069276086,-0.1965794,0.44325918,0.874573,-0.97974795,-0.12344974,-0.15765181,0.038085192,-0.8878522,0.45854998
1356069276128,-0.20224988,0.41933066,0.8850179,-0.97878915,-0.11668831,-0.16839096,0.0326598,-0.900303,0.43403655
1356069276168,-0.20752579,0.36785114,0.90643173,-0.9775816,-0.11170447,-0.17848316,0.035597265,-0.9231509,0.3827861
1356069276208,-0.20968479,0.30158865,0.93009496,-0.97671044,-0.10885906,-0.18489578,0.045486778,-0.9472033,0.3173909
1356069276248,-0.20581466,0.23218992,0.95064616,-0.9767418,-0.108433425,-0.18498006,0.06013131,-0.96660745,0.2491068
1356069276288,-0.19411612,0.16827655,0.9664378,-0.97805035,-0.10926312,-0.17742366,0.07573974,-0.9796656,0.18579262
1356069276328,-0.17433417,0.11490631,0.97795916,-0.98070097,-0.10952872,-0.1619538,0.08850515,-0.9873196,0.1317833
1356069276369,-0.14730108,0.07484937,0.9862555,-0.9844538,-0.107544065,-0.13887024,0.095671535,-0.9913788,0.08952713
1356069276408,-0.11463863,0.049591422,0.99216866,-0.9888073,-0.10169822,-0.10916707,0.09548807,-0.99357843,0.060694963
1356069276448,-0.07842392,0.038740188,0.99616706,-0.9931059,-0.09036207,-0.074668795,0.08712304,-0.9951552,0.045559704
1356069276488,-0.041021883,0.039061427,0.9983944,-0.99663246,-0.07260448,-0.038108885,0.070999324,-0.99659556,0.041908264
1356069276528,-0.004798174,0.045401692,0.9989574,-0.9987378,-0.050164938,-0.0025171041,0.049998313,-0.99770856,0.045585036
1356069276568,0.028236628,0.052850395,0.9982031,-0.99913096,-0.029136121,0.029805511,0.03065902,-0.9981773,0.051981777
1356069276608,0.056597233,0.05866,0.99667233,-0.99818695,-0.017153025,0.057692826,0.020480216,-0.9981306,0.057582885
1356069276648,0.07923198,0.06252557,0.99489343,-0.99659854,-0.01772374,0.08048168,0.022665381,-0.99788606,0.060908586
1356069276688,0.09509364,0.06489977,0.9933504,-0.99487305,-0.028306872,0.097088784,0.034419745,-0.99749017,0.061875284
1356069276728,0.10292083,0.065526485,0.9925289,-0.99340725,-0.043878913,0.10590878,0.050490856,-0.99688566,0.060578406
1356069276768,0.10136545,0.06394479,0.9927921,-0.9925897,-0.060719907,0.10525575,0.06701279,-0.9961046,0.057316005
1356069276808,0.08937222,0.060517102,0.9941581,-0.9925468,-0.07761389,0.09395194,0.082846224,-0.9951451,0.053129584
1356069276848,0.06651634,0.056877494,0.9961629,-0.9929179,-0.09472048,0.071707815,0.09843567,-0.99387765,0.050174296
1356069276888,0.033789158,0.056978464,0.9978035,-0.9929253,-0.11179805,0.04000804,0.11383206,-0.99209607,0.052797765
1356069276927,-0.005687654,0.06979641,0.9975451,-0.99196124,-0.12650204,0.0031952858,0.12641445,-0.98950785,0.06995478
1356069276968,-0.046809137,0.10693565,0.99316347,-0.99039817,-0.13444102,-0.032203346,0.13007823,-0.9851347,0.11220199
1356069277008,-0.081444204,0.17795333,0.98066276,-0.9897026,-0.13064402,-0.05848798,0.11770958,-0.97532797,0.18676111
1356069277048,-0.104317784,0.27317724,0.9562908,-0.9905335,-0.11480284,-0.075258225,0.08922607,-0.95508873,0.28256714
1356069277088,-0.11527008,0.36444822,0.92406183,-0.99180543,-0.09381801,-0.08671895,0.055089056,-0.92648566,0.37227616
1356069277128,-0.11945444,0.42613798,0.8967369,-0.99240416,-0.077999055,-0.09513241,0.029405117,-0.9012894,0.4322184
1356069277168,-0.12234259,0.44972342,0.8847492,-0.99230105,-0.07272446,-0.100248516,0.019258827,-0.8902022,0.45515835
1356069277208,-0.12670451,0.4370527,0.8904667,-0.99166095,-0.07711965,-0.10325208,0.023545891,-0.8961235,0.4431796
1356069277248,-0.1325913,0.39404345,0.90947753,-0.9904721,-0.08712357,-0.10665187,0.03721142,-0.9149531,0.4018408
1356069277288,-0.13766396,0.3300904,0.93385696,-0.98892856,-0.098538935,-0.11095181,0.055397213,-0.938792,0.34000117
1356069277328,-0.1385175,0.25705847,0.9564172,-0.98751485,-0.109000206,-0.113725066,0.075015634,-0.96022916,0.26894748
1356069277368,-0.13250887,0.18602437,0.97356886,-0.9867422,-0.11761922,-0.11182788,0.09370774,-0.9754797,0.19914371
1356069277408,-0.11847299,0.12496188,0.98506284,-0.98698425,-0.12347019,-0.10304099,0.10874963,-0.98444897,0.13796324
1356069277448,-0.096511066,0.07856551,0.99222636,-0.9883976,-0.12503284,-0.08623847,0.11728552,-0.98903704,0.089720964
1356069277488,-0.06768578,0.04912448,0.99649656,-0.9908557,-0.12015611,-0.061379284,0.11671996,-0.99153876,0.056808144
1356069277528,-0.033761203,0.03677416,0.9987532,-0.99386656,-0.10653061,-0.029673517,0.105306625,-0.99362916,0.04014519
1356069277568,0.0028262734,0.038752526,0.9992448,-0.99650073,-0.083364666,0.0060515404,0.08353624,-0.9957653,0.038381338
