1356068313248,-0.106915,-0.080911815,0.9909705,0.97233063,-0.21672046,0.08720896,0.20770732,0.9728749,0.101843715
1356068313408,0.6652139,-0.21414146,0.7152859,0.7158464,-0.08942658,-0.69250757,0.21226016,0.97270054,0.0938046
1356068313448,0.6800501,-0.21406057,0.70122033,0.70070565,-0.09167409,-0.70753616,0.21573931,0.9725091,0.08765048
1356068313488,0.6903383,-0.21366228,0.69121736,0.6894618,-0.09525949,-0.7180307,0.21926111,0.972252,0.08155072
1356068313528,0.6992192,-0.21338737,0.68231833,0.67916036,-0.09975362,-0.7271798,0.2232347,0.97186166,0.07517457
1356068313568,0.7068808,-0.21364383,0.6742965,0.669699,-0.10465805,-0.73522097,0.227646,0.97128934,0.0690963
1356068313608,0.7126989,-0.21471487,0.6678008,0.6619125,-0.10932559,-0.7415657,0.2322329,0.97053874,0.06420624
1356068313648,0.71620053,-0.21667379,0.66340727,0.6565883,-0.11298083,-0.7457394,0.23653446,0.9696844,0.061348528
1356068313688,0.71740544,-0.21922854,0.6612627,0.6540742,-0.114804074,-0.74766773,0.23982573,0.96889573,0.061030656
1356068313730,0.71700746,-0.2215143,0.6609325,0.6540513,-0.11412449,-0.7477917,0.24107516,0.968456,0.06305361
1356068313768,0.7162158,-0.22219102,0.6615634,0.655568,-0.11085154,-0.7469555,0.23930213,0.9686811,0.0662677
1356068313808,0.7161296,-0.22015016,0.6623385,0.6574983,-0.10564874,-0.7460122,0.23420997,0.9697279,0.06909019
1356068313850,0.71709543,-0.21526979,0.66289747,0.65915847,-0.09956531,-0.7453837,0.22646017,0.97146577,0.07049906
1356068313888,0.7186833,-0.20845638,0.6633553,0.6604879,-0.09357625,-0.74498266,0.21737073,0.9735448,0.07043123
1356068313928,0.72039086,-0.20082434,0.66385746,0.66154486,-0.088527635,-0.744662,0.20831588,0.97561914,0.06907976
1356068313969,0.7221432,-0.19296944,0.66428304,0.66207504,-0.08541222,-0.7445544,0.20041421,0.9774802,0.06608042
1356068314008,0.7242818,-0.18500023,0.66422194,0.66160655,-0.08477993,-0.74504304,0.19414581,0.9790747,0.060992807
1356068314048,0.7275551,-0.17671238,0.6629,0.65945435,-0.086288676,-0.74677587,0.18916532,0.9804728,0.053754
1356068314088,0.732062,-0.16858658,0.6600483,0.6556405,-0.088744506,-0.7498399,0.18498866,0.98168373,0.045565724
1356068314128,0.73756313,-0.16146632,0.65568984,0.6504426,-0.09103957,-0.7540796,0.18145224,0.98266995,0.037877172
1356068314168,0.744238,-0.15560175,0.64953655,0.6436367,-0.09273116,-0.7596925,0.17844181,0.9834576,0.03113696
1356068314208,0.75316286,-0.15003327,0.6404965,0.6341394,-0.0933743,-0.76756006,0.17496544,0.9842618,0.024815954
1356068314248,0.76597863,-0.14291365,0.6267793,0.62033427,-0.09154849,-0.77897644,0.16870706,0.985492,0.018530041
1356068314289,0.78419477,-0.13209201,0.6062921,0.6003693,-0.0854312,-0.7951467,0.15682879,0.98754907,0.012309279
1356068314327,0.80600154,-0.119540855,0.5797168,0.5746085,-0.07707019,-0.81479156,0.14207976,0.9898335,0.006570488
1356068314368,0.8278762,-0.10690299,0.5506293,0.5461621,-0.069997944,-0.8347497,0.12778021,0.99180233,4.367493E-4
1356068314408,0.84650195,-0.09836203,0.5232202,0.51880425,-0.06816142,-0.85217154,0.11948471,0.9928137,-0.0066681467
1356068314467,0.8585829,-0.09737992,0.50334144,0.49822462,-0.072969876,-0.863972,0.120862305,0.9925687,-0.014133602
1356068314490,0.8619355,-0.10506971,0.4960118,0.48936749,-0.08348021,-0.868073,0.13261528,0.9909549,-0.02053687
1356068314529,0.85542446,-0.119037345,0.5040626,0.49510908,-0.09775138,-0.8633144,0.15203945,0.9880662,-0.024682458
1356068314566,0.83778775,-0.13506018,0.5290278,0.51712495,-0.11462054,-0.84820044,0.1751955,0.98418546,-0.026184708
1356068314609,0.8061696,-0.14876886,0.5726764,0.5573214,-0.13411358,-0.8193939,0.198704,0.9797354,-0.025206238
1356068314648,0.7544699,-0.15556455,0.63763225,0.6182877,-0.15750654,-0.7700079,0.22021714,0.97518796,-0.022650305
1356068314689,0.6740368,-0.15129712,0.72303784,0.6988014,-0.18672334,-0.69051516,0.23948094,0.9706924,-0.020131797
1356068314728,0.55567604,-0.12991092,0.8211865,0.79077244,-0.22239834,-0.5702788,0.25671595,0.9662619,-0.02085147
1356068314768,0.40809953,-0.08629376,0.90884984,0.8717124,-0.258946,-0.4160102,0.2712421,0.9620293,-0.030452415
1356068314808,0.2664317,-0.020761728,0.9636302,0.9223092,-0.28486717,-0.26114452,0.27992836,0.9583422,-0.056748897
1356068314849,0.1737817,0.059821248,0.9829656,0.9448514,-0.29148614,-0.14930415,0.2775893,0.95470273,-0.1071772
1356068314889,0.14264297,0.14681998,0.97882426,0.95450556,-0.28204656,-0.096793115,0.26186287,0.94810003,-0.18037248
1356068314928,0.15394273,0.23026732,0.96087384,0.9590119,-0.26896378,-0.08918899,0.237903,0.93521947,-0.26223406
1356068314968,0.16598493,0.2993416,0.9395975,0.96185625,-0.2592423,-0.08732635,0.21744308,0.91825265,-0.33095387
1356068315008,0.13940227,0.34700495,0.9274452,0.96770877,-0.24637765,-0.05327168,0.21001613,0.9049231,-0.3701454
1356068315048,0.05925083,0.37084106,0.92680436,0.97440696,-0.2231642,0.027000278,0.21684235,0.9014847,-0.37457275
1356068315088,-0.06825587,0.36961457,0.92667484,0.97015214,-0.19204995,0.14805949,0.23269275,0.9091215,-0.3454739
1356068315128,-0.21660733,0.34581754,0.91295755,0.9437187,-0.16525906,0.28650388,0.24995255,0.92363393,-0.29055816
1356068315168,-0.35837895,0.30702785,0.8816453,0.8957062,-0.1531657,0.41743356,0.2632016,0.9392945,-0.22011536
1356068315208,-0.4748839,0.26362613,0.8396348,0.8375449,-0.15753555,0.5231645,0.27019215,0.9516742,-0.14598763
1356068315248,-0.5599142,0.22410208,0.79766804,0.7828352,-0.17227918,0.5979037,0.27141315,0.9592174,-0.07897341
1356068315292,-0.6209735,0.19037604,0.7603609,0.7367075,-0.18952525,0.64910877,0.26768237,0.963243,-0.022561252
1356068315329,-0.6614042,0.16295412,0.7321137,0.7029792,-0.20559639,0.6808453,0.2614665,0.9649747,0.021428943
1356068315369,-0.68709654,0.14145318,0.71266353,0.68073535,-0.21752071,0.69948846,0.25396398,0.96575135,0.053165615
1356068315399,-0.69949937,0.12416792,0.70376337,0.67068756,-0.2259466,0.7064887,0.24673621,0.9661938,0.0747717
1356068315430,-0.7017304,0.11107594,0.7037304,0.67103976,-0.22877651,0.7052424,0.23933248,0.9671211,0.086003125
1356068315469,-0.68799996,0.10203272,0.7185021,0.6886419,-0.22059077,0.69073296,0.22897232,0.9700149,0.0815025
1356068315509,-0.650184,0.093853354,0.75395775,0.72880244,-0.20341277,0.65381205,0.2147271,0.97458446,0.06385523
1356068315539,-0.58320975,0.08437565,0.8079277,0.78737533,-0.18587214,0.58778536,0.19976607,0.9789444,0.041967213
1356068315579,-0.45906806,0.07400906,0.885313,0.8691001,-0.16918093,0.46480402,0.18417782,0.9828023,0.0133443475
1356068315610,-0.26398808,0.057791144,0.96279305,0.9488367,-0.16375053,0.26999044,0.17326087,0.9848076,-0.011606157
1356068315649,-0.023712635,0.03466794,0.9991175,0.9849489,-0.1703465,0.02928716,0.17121148,0.9847742,-0.030106783
1356068315689,0.12807107,0.016573042,0.9916265,0.97582185,-0.18066561,-0.12301037,0.17711413,0.9834049,-0.039310336
1356068315728,0.120666444,0.016851008,0.9925501,0.97476965,-0.19115269,-0.11525953,0.1877864,0.9814156,-0.039491594
1356068315768,-0.043455005,0.041952193,0.9981742,0.9786889,-0.19892311,0.050967216,0.20069805,0.9791168,-0.03241396
1356068315809,-0.2910353,0.08372423,0.95304185,0.9322175,-0.19915515,0.30217177,0.21510226,0.97638494,-0.020088017
1356068315849,-0.49656492,0.12223053,0.8593503,0.8365793,-0.19656962,0.51136625,0.23142672,0.97284126,-0.0046459436
1356068315888,-0.6126478,0.14992237,0.77600634,0.7496484,-0.20081407,0.6306353,0.25037935,0.9680893,0.01063925
1356068315928,-0.6620479,0.17230555,0.7293856,0.69866,-0.21031672,0.6838429,0.2712319,0.96232927,0.018856764
1356068315970,-0.6688696,0.19654597,0.71692634,0.684423,-0.21358383,0.6970992,0.29013586,0.95694923,0.008339047
1356068316008,-0.6463427,0.22796936,0.7281971,0.7016512,-0.19748569,0.6846057,0.29987764,0.9534303,-0.0323115
1356068316049,-0.60236496,0.26822656,0.7518052,0.7419582,-0.15919411,0.65127206,0.2943714,0.9501115,-0.10311991
1356068316090,-0.5482645,0.3127206,0.77563655,0.7894359,-0.1126008,0.603417,0.2760382,0.94314736,-0.18513787
1356068316119,-0.4999379,0.35152197,0.7915139,0.82678103,-0.078403115,0.5570333,0.2578666,0.9328908,-0.25143492
1356068316160,-0.47195476,0.37675744,0.7970649,0.8460879,-0.060533643,0.52959514,0.24777815,0.9243319,-0.29020077
1356068316189,-0.4528092,0.38761604,0.80294305,0.8571837,-0.058565795,0.5116699,0.2453565,0.9199586,-0.305739
1356068316219,-0.44997084,0.38363084,0.806445,0.8575418,-0.066470265,0.51010156,0.24929535,0.9210912,-0.29906976
1356068316300,-0.4718573,0.35757276,0.80591094,0.8427452,-0.08569938,0.5314473,0.25909707,0.9299449,-0.26090485
1356068316300,-0.48930907,0.31687617,0.81250614,0.8298675,-0.11726707,0.5454984,0.2681356,0.94118965,-0.20558542
1356068316326,-0.48629576,0.27384168,0.82977533,0.82989174,-0.1524775,0.53668445,0.27348867,0.9496111,-0.15310985
1356068316355,-0.47514856,0.23121929,0.8489826,0.83582234,-0.18296677,0.51761395,0.27501795,0.95554215,-0.10632187
1356068316399,-0.45898628,0.18700278,0.8685399,0.8460269,-0.20646,0.49154136,0.2712383,0.9604188,-0.06344712
1356068316438,-0.42100716,0.14067346,0.8960826,0.8677518,-0.2251975,0.44304958,0.26412088,0.9641043,-0.027259886
1356068316478,-0.36207628,0.09437564,0.9273586,0.89658606,-0.23691553,0.37417194,0.25501835,0.9669355,0.0011655688
1356068316518,-0.27858746,0.04992068,0.9591126,0.9288855,-0.23976183,0.28228694,0.24405056,0.96954745,0.020424008
1356068316558,-0.16639364,0.010269731,0.986006,0.9589137,-0.2313286,0.164231,0.22977796,0.97282153,0.028643727
1356068316598,-0.02154231,-0.020301014,0.9995619,0.9773376,-0.21102124,0.016777486,0.21058813,0.9772707,0.024386793
1356068316638,0.1521985,-0.03744632,0.9876403,0.9704593,-0.18360996,-0.15651238,0.18720144,0.9822856,0.008395016
1356068316680,0.33356655,-0.040758163,0.941845,0.9282392,-0.16027588,-0.3356838,0.16463691,0.9862304,-0.015629321
1356068316718,0.48636442,-0.04074946,0.87280536,0.86056185,-0.15059882,-0.48657295,0.1512711,0.9877547,-0.03817846
1356068316759,0.58940005,-0.04684463,0.80648196,0.7934129,-0.15426993,-0.5888096,0.15199852,0.9869176,-0.053759575
1356068316798,0.6550815,-0.062014252,0.75300896,0.7378719,-0.16186677,-0.6552437,0.16252157,0.98486215,-0.06027735
1356068316839,0.69441557,-0.084196806,0.7146313,0.69705355,-0.1678086,-0.69710594,0.17861536,0.9822175,-0.057839237
1356068316878,0.71911216,-0.10885367,0.6863152,0.6668855,-0.16947068,-0.7256331,0.19529812,0.97950524,-0.049275495
1356068316919,0.7318286,-0.13427272,0.6681301,0.6477312,-0.16769047,-0.7431853,0.21182853,0.97665286,-0.035748057
1356068316959,0.7336159,-0.15950294,0.6605805,0.63987607,-0.16520065,-0.75051147,0.22883709,0.9732768,-0.019131724
1356068316999,0.7246041,-0.18284811,0.66446626,0.64324206,-0.166628,-0.7473117,0.24736318,0.96891785,-0.003123764
1356068317050,0.71051246,-0.19671342,0.67563003,0.65049255,-0.18258847,-0.7372388,0.26838696,0.9633096,-0.0017707944
1356068317090,0.69715047,-0.18972066,0.69136626,0.6580955,-0.2132225,-0.72211254,0.28441453,0.9584061,-0.023793843
1356068317128,0.7099762,-0.15545818,0.68685263,0.6425009,-0.2563188,-0.7221449,0.2883166,0.9540091,-0.082098246
1356068317168,0.74513996,-0.10065499,0.6592685,0.606776,-0.30789566,-0.7328186,0.27674773,0.9460808,-0.16835034
1356068317208,0.7811353,-0.045850843,0.62267596,0.56930673,-0.35717207,-0.74048495,0.25635433,0.93291247,-0.25289652
1356068317248,0.8022105,-0.0073705614,0.59699583,0.5469769,-0.39174157,-0.7398343,0.2393211,0.92004573,-0.31022766
1356068317292,0.80484,0.010078013,0.5934062,0.54585266,-0.4050631,-0.7334635,0.23297511,0.9142332,-0.3315121
1356068317330,0.79192054,0.008962482,0.6105584,0.5632361,-0.39692968,-0.724715,0.23585351,0.9178052,-0.31938475
1356068317387,0.7682873,-0.006262839,0.6400745,0.59250796,-0.37142527,-0.71482694,0.24221668,0.92844176,-0.28165054
1356068317409,0.738934,-0.031616926,0.6730356,0.626785,-0.33425426,-0.703857,0.2472188,0.9419525,-0.22717482
1356068317449,0.7114719,-0.06256604,0.69992363,0.657437,-0.29248035,-0.69442904,0.24816164,0.95422256,-0.1669583
1356068317486,0.6934689,-0.09454465,0.7142564,0.67781115,-0.2505084,-0.6912436,0.24428056,0.96348685,-0.10963639
1356068317528,0.6897756,-0.12412408,0.71330416,0.6845076,-0.20922524,-0.6983367,0.23592162,0.9699577,-0.059354603
1356068317568,0.7026833,-0.14960885,0.6955956,0.67489463,-0.1694015,-0.71820635,0.22528495,0.97412544,-0.018065423
1356068317608,0.7295394,-0.1699809,0.6624793,0.64925385,-0.13242835,-0.74895406,0.21503893,0.97650874,0.013749059
1356068317648,0.7666515,-0.18395011,0.6151486,0.6080411,-0.09973127,-0.7876165,0.20623164,0.9778631,0.03539008
1356068317698,0.81473565,-0.18628572,0.54909337,0.54573876,-0.07357456,-0.83471906,0.19589555,0.9797369,0.04171953
1356068317738,0.8683566,-0.17847824,0.462712,0.46106488,-0.05316472,-0.88577235,0.18269105,0.9825065,0.03612411
1356068317778,0.91337377,-0.16151592,0.37371242,0.37163737,-0.044033445,-0.9273331,0.16623491,0.9858873,0.019806355
1356068317818,0.9447149,-0.1433971,0.29487458,0.29114452,-0.046819296,-0.9555327,0.15082645,0.98855716,-0.0024816096
1356068317859,0.96229297,-0.13239956,0.2376186,0.23175284,-0.05830574,-0.97102576,0.14241794,0.9894801,-0.025423229
1356068317898,0.96987486,-0.13155952,0.20502432,0.19674781,-0.07323411,-0.9777153,0.1436425,0.9885995,-0.045143872
1356068317938,0.97093844,-0.13925461,0.19464518,0.18349595,-0.088983804,-0.9789847,0.15364842,0.9862505,-0.060845137
1356068317978,0.96751535,-0.15146595,0.20241599,0.18786788,-0.10502055,-0.97656363,0.16917397,0.98286766,-0.07315341
1356068318018,0.9602558,-0.16429758,0.22564372,0.20721349,-0.12200427,-0.9706583,0.18700632,0.97883666,-0.08311063
1356068318058,0.94853574,-0.17500077,0.26392174,0.2411563,-0.14097297,-0.96019286,0.20524032,0.9744236,-0.09151536
1356068318098,0.9306451,-0.18096794,0.31804132,0.29056752,-0.16282305,-0.9428994,0.22241901,0.96991724,-0.09894708
1356068318138,0.9049879,-0.17947671,0.38572675,0.3532596,-0.18822604,-0.9163944,0.23707527,0.96558744,-0.10694042
1356068318178,0.8736678,-0.16683325,0.45702428,0.4197419,-0.21652558,-0.88143826,0.24601066,0.96191645,-0.11914453
1356068318218,0.8478208,-0.14026225,0.5113965,0.47092068,-0.24421354,-0.847699,0.24379006,0.959524,-0.14099693
1356068318290,0.8552355,-0.09753269,0.50897896,0.46966243,-0.26928788,-0.8407742,0.21906485,0.9581082,-0.18449712
1356068318309,0.8706843,-0.05026266,0.48926726,0.4550062,-0.2954073,-0.8400618,0.18675688,0.9540483,-0.23433667
1356068318349,0.8810978,-0.01063478,0.47281453,0.44480664,-0.3210023,-0.8361248,0.16066656,0.94701874,-0.278104
1356068318388,0.8989735,-0.0063337237,0.43795717,0.41025722,-0.3380434,-0.84700394,0.15341319,0.9411092,-0.3012936
1356068318428,0.8307337,0.028827757,0.5559231,0.5314392,-0.33832008,-0.77660286,0.16569224,0.9405894,-0.29637408
1356068318468,0.7150778,0.051925838,0.69711363,0.67306507,-0.3204856,-0.6665376,0.18880439,0.9458291,-0.2641216
1356068318508,0.5511132,0.06212166,0.8321148,0.80679893,-0.29417223,-0.5123848,0.21295485,0.9537314,-0.2122419
1356068318548,0.36195183,0.059424877,0.9303007,0.90276545,-0.27113128,-0.3339196,0.2323905,0.96070623,-0.1517832
1356068318588,0.18645915,0.047210544,0.9813278,0.9513551,-0.25803402,-0.16835043,0.24526802,0.9649817,-0.09302679
1356068318628,0.052769303,0.030139595,0.9981518,0.96642244,-0.253259,-0.043444574,0.25148153,0.9669289,-0.042491883
1356068318668,-0.031178832,0.01094985,0.9994538,0.96731234,-0.25144064,0.03293085,0.2516639,0.96781075,-0.0027522743
1356068318708,-0.06642848,-0.009852886,0.99774253,0.9666767,-0.2484023,0.061907142,0.24723157,0.9686068,0.026025534
1356068318748,-0.05160427,-0.03283286,0.9981277,0.9695114,-0.24138778,0.042184383,0.2395508,0.9698732,0.044288486
1356068318788,0.02245617,-0.05897963,0.9980066,0.9731978,-0.22723973,-0.035327256,0.2288703,0.9720512,0.052295923
1356068318828,0.17251986,-0.0881767,0.9810514,0.96138287,-0.20174593,-0.18719399,0.2144292,0.97546065,0.049966335
1356068318868,0.40512773,-0.115677536,0.90691245,0.89298874,-0.16266528,-0.419656,0.19606793,0.9798769,0.037398487
1356068318908,0.6594904,-0.13084784,0.7402373,0.7307216,-0.11949755,-0.6721356,0.17640406,0.9841744,0.01680585
1356068318948,0.8313625,-0.13196346,0.5398352,0.53190374,-0.09243803,-0.8417444,0.16098076,0.98693514,-0.0066576637
1356068318997,0.9072948,-0.13243067,0.3990968,0.3901518,-0.088876665,-0.91645104,0.15683657,0.9871996,-0.028969288
1356068319039,0.9329403,-0.14038777,0.3315323,0.32062557,-0.09491134,-0.94243884,0.16377307,0.98553693,-0.043534696
1356068319079,0.93689275,-0.15210071,0.3147973,0.30188638,-0.10220432,-0.94784963,0.17634228,0.98306644,-0.04983735
1356068319120,0.92612237,-0.1659322,0.33876818,0.3241372,-0.1093232,-0.939672,0.19295704,0.98005867,-0.047461867
1356068319159,0.89843667,-0.17710188,0.40180403,0.3855221,-0.11989516,-0.9148759,0.2102006,0.9768624,-0.039441526
1356068319199,0.8401777,-0.18383177,0.5102032,0.49164557,-0.13886356,-0.859652,0.22887994,0.9730995,-0.02629
1356068319238,0.7176093,-0.17565969,0.6739292,0.650622,-0.17611901,-0.73869693,0.24845102,0.9685689,-0.01209658
1356068319296,0.5139872,-0.13894579,0.8464699,0.81494415,-0.22890335,-0.53241825,0.26773706,0.9634819,-0.004420325
1356068319320,0.28767428,-0.07073441,0.9551127,0.9152825,-0.27329615,-0.2959177,0.28196013,0.95932585,-0.01387836
1356068319360,0.1673274,0.003905058,0.98589367,0.9437183,-0.29001415,-0.1590206,0.2853021,0.9570144,-0.052212626
1356068319401,0.16678822,0.07452136,0.9831726,0.9468276,-0.29035062,-0.13861495,0.27513498,0.95401424,-0.11898595
1356068319442,0.2319732,0.13843182,0.9628215,0.9386122,-0.29167828,-0.1842038,0.2553344,0.94644624,-0.19759536
1356068319480,0.28517136,0.19270012,0.9389057,0.92899454,-0.29665878,-0.22127512,0.23589492,0.9353397,-0.26361594
1356068319520,0.2763244,0.23570454,0.93171257,0.93430674,-0.29305154,-0.20295766,0.22520179,0.92658746,-0.3011976
1356068319560,0.19457614,0.26515087,0.9443702,0.9548781,-0.27144182,-0.12052846,0.2243833,0.9252105,-0.3060029
1356068319600,0.059197396,0.27561945,0.9594424,0.9716136,-0.23643932,0.007973611,0.22904754,0.93173516,-0.28179222
1356068319640,-0.09195024,0.26449716,0.9599929,0.9677702,-0.20325047,0.14869466,0.23444828,0.94272506,-0.23728359
1356068319680,-0.22234952,0.23698029,0.9457278,0.94550836,-0.18423241,0.26846287,0.23785412,0.95388615,-0.1831029
1356068319720,-0.31550616,0.20169824,0.9272398,0.9185781,-0.18021798,0.3517609,0.23805484,0.9627249,-0.12841576
1356068319760,-0.37152106,0.16491479,0.91366035,0.8982448,-0.18502617,0.39864972,0.23479432,0.96879745,-0.07939273
1356068319800,-0.39447963,0.13003159,0.90965796,0.8900285,-0.19214988,0.4134341,0.22855017,0.9727128,-0.03993261
1356068319840,-0.3850124,0.099155664,0.9175694,0.8964164,-0.19633615,0.3973533,0.21955189,0.97551024,-0.013292909
1356068319880,-0.33917636,0.07370153,0.9378313,0.91773355,-0.19312471,0.34708497,0.20669904,0.97840226,-0.0021350384
1356068319920,-0.24904507,0.054677725,0.96694726,0.94987404,-0.18103367,0.25488457,0.18898648,0.98195577,-0.0068514347
1356068319958,-0.107824445,0.042590737,0.9932573,0.9796071,-0.16582632,0.11345318,0.1695402,0.98523486,-0.023842096
1356068319998,0.06738818,0.03537512,0.9970995,0.9854561,-0.15861428,-0.060973942,0.15599728,0.9867067,-0.045549363
1356068320038,0.22399941,0.028379977,0.97417593,0.96236116,-0.1642867,-0.2164967,0.1539,0.98600423,-0.06411192
1356068320078,0.3201033,0.019327164,0.9471855,0.9334058,-0.17753768,-0.31182376,0.16213441,0.98392427,-0.0748705
1356068320118,0.3514861,0.010273486,0.9361367,0.91949236,-0.19181842,-0.3431316,0.17604318,0.9813766,-0.07686788
1356068320158,0.32684574,0.0044264495,0.9450673,0.9253408,-0.20479885,-0.31906417,0.19213638,0.9787941,-0.0710336
1356068320198,0.25220117,0.0040810406,0.96766627,0.9447495,-0.21741858,-0.24531147,0.20938745,0.9760699,-0.05868876
1356068320238,0.1352067,0.010369897,0.9907632,0.9641658,-0.23174196,-0.12915152,0.22826207,0.9727221,-0.04133138
1356068320289,-0.0052328706,0.023380727,0.9997128,0.968261,-0.24970275,0.010908186,0.24988613,0.96804017,-0.021331906
1356068320320,-0.13713008,0.045066804,0.98952734,0.9520714,-0.26973933,0.14422435,0.27341416,0.96187824,-0.0059174
1356068320361,-0.22762877,0.078434855,0.9705839,0.9280807,-0.2841918,0.24062672,0.29470554,0.95555377,-0.008103609
1356068320418,-0.26540583,0.12736827,0.9556867,0.91411096,-0.28190356,0.29143015,0.30653045,0.950951,-0.041609883
1356068320439,-0.25868565,0.19162771,0.94676316,0.9171593,-0.25887042,0.3029931,0.30315086,0.94671273,-0.10878706
1356068320479,-0.23266554,0.2613874,0.9367728,0.9291256,-0.22488654,0.2935162,0.287389,0.93867075,-0.1905384
1356068320516,-0.21834403,0.3204356,0.9217629,0.9376333,-0.19293189,0.28917298,0.2704988,0.9274148,-0.25832552
1356068320558,-0.23406142,0.35707465,0.90427476,0.9364598,-0.16714346,0.30839282,0.26126295,0.91899985,-0.29526418
1356068320598,-0.28103232,0.3676815,0.88647115,0.92381465,-0.14657944,0.35366789,0.25997555,0.9183272,-0.29847604
1356068320638,-0.34796613,0.3546618,0.8678333,0.9002243,-0.13205183,0.41491985,0.26175517,0.9256227,-0.27332562
1356068320678,-0.41907632,0.3247078,0.84790325,0.8693517,-0.12589514,0.47788924,0.2619213,0.93739814,-0.22952557
1356068320718,-0.48208898,0.28588435,0.82816684,0.8371347,-0.12853628,0.5316802,0.25844857,0.9496044,-0.1773578
1356068320758,-0.5316648,0.24451008,0.81089294,0.8086419,-0.13815904,0.5718482,0.25185487,0.9597536,-0.1242668
1356068320799,-0.56708777,0.20452401,0.7978605,0.7866074,-0.15278041,0.5982533,0.24425462,0.9668651,-0.07424021
1356068320838,-0.5888707,0.16849023,0.79046977,0.7724116,-0.1705985,0.6117814,0.23793212,0.9708281,-0.029683411
1356068320878,-0.5971683,0.13806498,0.79014444,0.7674219,-0.18823773,0.61288685,0.23335317,0.9723707,0.006455481
1356068320918,-0.5924063,0.11362755,0.7975861,0.77265316,-0.20025384,0.6024164,0.22817075,0.9731326,0.03083694
1356068320958,-0.57428706,0.0946095,0.81316864,0.7888851,-0.20146936,0.5805775,0.21875677,0.9749149,0.041065276
1356068320998,-0.5407226,0.08073804,0.83731735,0.8161651,-0.19068152,0.5454494,0.20369947,0.9783261,0.037210286
1356068321038,-0.4864421,0.07277426,0.87067676,0.8535441,-0.1732986,0.49135518,0.18664506,0.9821769,0.022183657
1356068321078,-0.40497112,0.07143441,0.9115347,0.897449,-0.15962791,0.41122282,0.17488188,0.98458934,5.3596497E-4
1356068321118,-0.3013715,0.0735665,0.95066464,0.937483,-0.15915376,0.30950877,0.17407134,0.984509,-0.021002889
1356068321158,-0.1996941,0.074347496,0.97703373,0.96246874,-0.17213726,0.20981595,0.1837832,0.9822633,-0.03718239
1356068321198,-0.1277647,0.071988076,0.98918855,0.9715699,-0.19135183,0.13941464,0.19931924,0.978878,-0.045493424
1356068321238,-0.09947133,0.06876165,0.9926618,0.97130007,-0.2099073,0.11187106,0.21605939,0.9753004,-0.04590848
1356068321290,-0.11539149,0.06762758,0.9910153,0.9657718,-0.22569537,0.12785381,0.23231399,0.97184783,-0.039269477
1356068321320,-0.16877145,0.07114625,0.9830842,0.9538783,-0.23942554,0.18108481,0.24825895,0.9683046,-0.0274567
1356068321358,-0.24505126,0.080082595,0.966197,0.9325312,-0.25314486,0.25749448,0.26520857,0.9641082,-0.012646079
1356068321398,-0.32519323,0.095452994,0.9408177,0.9019767,-0.26753843,0.33891165,0.28405502,0.95880747,9.0533495E-4
1356068321438,-0.38869733,0.119912,0.9135293,0.86999166,-0.27868664,0.4067536,0.303363,0.95286673,0.004002273
1356068321478,-0.42086393,0.15754482,0.89333826,0.84925437,-0.27768117,0.4490659,0.31881124,0.947667,-0.016929626
1356068321518,-0.4180035,0.21052241,0.8837156,0.8480401,-0.25837177,0.46267915,0.32573152,0.9428278,-0.07053113
1356068321558,-0.39036626,0.27341032,0.8791251,0.8621627,-0.22638261,0.45323986,0.32293913,0.9348784,-0.14735204
1356068321598,-0.3612433,0.3319514,0.87138486,0.8776716,-0.19459373,0.4379794,0.3149539,0.92300683,-0.22104871
1356068321638,-0.35422832,0.37172034,0.8581062,0.8827107,-0.17007524,0.43805954,0.30877835,0.9126326,-0.26787603
1356068321678,-0.37953758,0.38580585,0.8408954,0.8726672,-0.15255916,0.46387243,0.307251,0.90987885,-0.2787782
1356068321718,-0.43152374,0.37504345,0.8204448,0.8480008,-0.14157724,0.5107352,0.3077042,0.9161323,-0.25694317
1356068321758,-0.4946609,0.3460611,0.79721534,0.813231,-0.13923573,0.5650388,0.30653882,0.9278228,-0.21255308
1356068321798,-0.55326855,0.30832148,0.7738422,0.7760862,-0.14670622,0.61332494,0.30262876,0.93990165,-0.1581161
1356068321838,-0.5985936,0.2698639,0.7542276,0.7442284,-0.16094542,0.64824426,0.29632717,0.9493525,-0.10449946
1356068321878,-0.6293331,0.23456587,0.74089044,0.7219352,-0.17643136,0.6690901,0.28766197,0.95595545,-0.05830729
1356068321918,-0.64744806,0.20303655,0.734566,0.7102221,-0.18882132,0.6781822,0.27639747,0.9607927,-0.021949053
1356068321958,-0.6540006,0.1749377,0.7359893,0.70956385,-0.19548178,0.67698306,0.26230234,0.96497864,0.003715694
1356068321998,-0.6482644,0.14966291,0.74656165,0.7211324,-0.19401258,0.66507685,0.24437967,0.96951544,0.017844617
1356068322038,-0.62746406,0.1262643,0.76834,0.74653816,-0.18288523,0.6397139,0.22129104,0.9749925,0.020492733
1356068322079,-0.58308923,0.1043528,0.8056781,0.7892438,-0.16236728,0.59222543,0.1926162,0.9811969,0.012314856
1356068322118,-0.48651975,0.08390111,0.8696315,0.85839325,-0.13941884,0.49368346,0.16266358,0.98667264,-0.004190147
1356068322158,-0.2701888,0.06233591,0.96078736,0.952632,-0.12738824,0.27616033,0.13960773,0.9898921,-0.024964333
1356068322198,0.11339164,0.029664785,0.99310744,0.9848405,-0.13541824,-0.1084027,0.1312691,0.9903443,-0.044570386
1356068322238,0.45980322,-0.012025446,0.8879394,0.8770554,-0.15050048,-0.45620543,0.13912135,0.9885368,-0.058653623
1356068322292,0.6188725,-0.04689926,0.78409004,0.76951617,-0.16409674,-0.6171848,0.15761214,0.98532873,-0.06546524
1356068322320,0.6599741,-0.071258456,0.7479014,0.72943926,-0.17755671,-0.6605997,0.17986822,0.9815273,-0.065204106
1356068322360,0.63033384,-0.0838213,0.77178574,0.74955624,-0.19309652,-0.6331502,0.20210063,0.9775928,-0.05888647
1356068322400,0.5298542,-0.08048397,0.84426117,0.8179997,-0.21431392,-0.5338034,0.22389951,0.9734433,-0.04771927
1356068322440,0.34216315,-0.054643452,0.9380504,0.9068432,-0.2422505,-0.3448916,0.24608922,0.96867377,-0.033336177
1356068322480,0.09113765,-0.0055878162,0.99582267,0.9588176,-0.26963085,-0.08926386,0.2690033,0.96294755,-0.019215792
1356068322518,-0.12730962,0.052618027,0.9904663,0.9481956,-0.28658062,0.13710082,0.2910624,0.9566101,-0.013407707
1356068322558,-0.24158782,0.10779515,0.9643731,0.9203099,-0.28965402,0.26292625,0.30767676,0.95104194,-0.029228061
1356068322598,-0.24787843,0.16091198,0.9553343,0.91677684,-0.27980912,0.28500372,0.31317177,0.9464746,-0.07816172
1356068322638,-0.1655398,0.21478978,0.96252894,0.937655,-0.26817155,0.22110474,0.3056139,0.9391216,-0.15700561
1356068322678,-0.037712038,0.26458353,0.9636251,0.95619565,-0.27057356,0.11171296,0.2902889,0.9256271,-0.24278975
1356068322718,0.06427109,0.30229458,0.9510454,0.9587313,-0.2831928,0.025223702,0.2769542,0.9101758,-0.30802038
1356068322758,0.08779925,0.32630682,0.9411775,0.9583427,-0.2854604,0.009568781,0.2717913,0.90113044,-0.337777
1356068322798,0.024446517,0.3364277,0.9413919,0.9615482,-0.26558074,0.0699414,0.2735458,0.9034839,-0.32998395
1356068322839,-0.103224576,0.328886,0.93871117,0.95519376,-0.23042339,0.18576807,0.27739754,0.915827,-0.2903645
1356068322878,-0.24825877,0.30324408,0.9200058,0.92723954,-0.20047069,0.31628814,0.28034678,0.9315871,-0.23141128
1356068322918,-0.37374687,0.26632756,0.88847226,0.88353556,-0.18928641,0.4284105,0.28227323,0.9451139,-0.16456467
1356068322958,-0.46235454,0.22667357,0.85723245,0.84027636,-0.19669372,0.50521994,0.28313223,0.95390284,-0.09952623
1356068322998,-0.5158045,0.18876019,0.8356526,0.8090222,-0.21356332,0.5476074,0.28183123,0.9585198,-0.04255426
1356068323038,-0.54116476,0.15337664,0.82681096,0.79398274,-0.23068833,0.5624716,0.27700567,0.9608635,0.0030620098
1356068323078,-0.5415983,0.120397836,0.8319708,0.7969476,-0.24136955,0.55372846,0.26748013,0.96293557,0.0347746
1356068323118,-0.51565933,0.09005597,0.8520478,0.8189609,-0.24044102,0.5210482,0.25179073,0.96647716,0.050233305
1356068323158,-0.45576543,0.06280771,0.88788116,0.8601893,-0.22533607,0.45749074,0.22880566,0.97225446,0.048673928
1356068323198,-0.34598637,0.039948165,0.93738866,0.91676146,-0.19815618,0.34681764,0.19960412,0.97935605,0.031936467
1356068323238,-0.1649431,0.023519337,0.9860226,0.9715005,-0.16867751,0.16653717,0.17023668,0.98539066,0.0049731433
1356068323289,0.072556436,0.013762891,0.9972693,0.98588693,-0.15224618,-0.069627225,0.1508722,0.98824674,-0.02461505
1356068323321,0.27600154,0.0062645674,0.9611368,0.94964045,-0.15611395,-0.2716827,0.1483449,0.9877192,-0.0490368
1356068323360,0.38314167,-0.0022457242,0.92368686,0.909699,-0.17247024,-0.37775892,0.16015682,0.98501223,-0.06403762
1356068323417,0.40803295,-0.009723157,0.9129154,0.89537966,-0.19106585,-0.4022302,0.17833787,0.98152906,-0.06925525
1356068323439,0.37522298,-0.012533307,0.92684984,0.9059017,-0.2068401,-0.36953938,0.19634128,0.9782945,-0.06625722
1356068323479,0.2961592,-0.008929998,0.95509684,0.9312589,-0.21950108,-0.2908198,0.2122418,0.9755714,-0.05669114
1356068323516,0.17912382,0.0012909174,0.9838257,0.9573106,-0.23083073,-0.17399338,0.22687253,0.97299314,-0.042583108
1356068323558,0.04170108,0.01656884,0.9989928,0.96939003,-0.24280709,-0.036438286,0.24195877,0.9699331,-0.026187003
1356068323598,-0.09012443,0.03724408,0.99523383,0.96186906,-0.255854,0.09667778,0.25823528,0.9659977,-0.012765199
1356068323638,-0.18643779,0.06576908,0.9802629,0.9435091,-0.26619595,0.19730747,0.27391875,0.96167254,-0.012424678
1356068323678,-0.23102766,0.10741675,0.9669994,0.9305134,-0.2659254,0.2518504,0.28420267,0.9579903,-0.03851658
1356068323718,-0.22504318,0.16554385,0.96018267,0.9318411,-0.25133294,0.26173255,0.28465375,0.9536388,-0.09769982
1356068323758,-0.18781853,0.23432145,0.9538437,0.9425014,-0.23031944,0.24216542,0.27643326,0.9444821,-0.17759007
1356068323798,-0.15064114,0.29839343,0.9424801,0.9516298,-0.21447152,0.2200062,0.26778352,0.93003404,-0.25165188
1356068323838,-0.13834089,0.3436689,0.9288453,0.9534918,-0.2073785,0.21874091,0.267797,0.91590714,-0.2989965
1356068323878,-0.1594373,0.3635587,0.9178262,0.94713575,-0.20586711,0.24607447,0.27841273,0.9085394,-0.31151658
1356068323918,-0.20878178,0.35751748,0.91027,0.9328072,-0.2067644,0.2951597,0.2937362,0.91073036,-0.29032624
1356068323958,-0.27161962,0.33027184,0.9039598,0.9124415,-0.21033084,0.3510149,0.30606097,0.92015296,-0.24422377
1356068323999,-0.3323304,0.2895906,0.89760447,0.89017797,-0.21818525,0.39997306,0.31167245,0.9319509,-0.18527758
1356068324038,-0.37693942,0.24539077,0.8931405,0.8723204,-0.23014122,0.43138397,0.31140608,0.94171035,-0.1273101
1356068324078,-0.40428287,0.20239997,0.89195836,0.8617964,-0.24236399,0.44560826,0.3063697,0.94883823,-0.07644391
1356068324118,-0.41415548,0.1622467,0.895629,0.8602382,-0.2517687,0.443399,0.2974314,0.9540904,-0.03529942
1356068324158,-0.40819103,0.12532517,0.9042531,0.8672025,-0.25622302,0.4269772,0.28520143,0.9584589,-0.0040943623
1356068324198,-0.38705444,0.09207404,0.9174482,0.8817484,-0.25401676,0.3974862,0.2696454,0.9628073,0.017132163
1356068324238,-0.35031223,0.06341806,0.93448347,0.9026904,-0.24329478,0.35490492,0.24986237,0.9678769,0.027982295
1356068324289,-0.2960798,0.041138113,0.9542769,0.9282327,-0.22317374,0.29761997,0.22521302,0.97391033,0.027891457
1356068324320,-0.22144288,0.02760142,0.9747826,0.9550622,-0.19582224,0.2225078,0.19702566,0.98025084,0.017002404
1356068324360,-0.12621683,0.024106264,0.9917097,0.9773288,-0.16829163,0.1284773,0.16999352,0.9854424,-0.0023185313
1356068324400,-0.019021451,0.028270572,0.99941933,0.9882177,-0.15130305,0.023088127,0.1518679,0.9880831,-0.025059491
1356068324440,0.08124107,0.033489525,0.99613166,0.98555464,-0.15170753,-0.0752781,0.14859965,0.9878579,-0.045330584
1356068324480,0.15683812,0.033987194,0.9870393,0.97471,-0.16641855,-0.14914864,0.15919247,0.9854693,-0.05922848
1356068324518,0.20183897,0.028936714,0.9789911,0.9632417,-0.186786,-0.19307095,0.177275,0.9819743,-0.06557372
1356068324559,0.21875975,0.02066356,0.97555995,0.9556554,-0.20653215,-0.20992172,0.1971468,0.97822154,-0.064928144
1356068324598,0.2119435,0.011625886,0.9772128,0.95297176,-0.22409981,-0.20401987,0.21662128,0.97449684,-0.05857569
1356068324638,0.18560624,0.003676355,0.98261726,0.9538567,-0.2408709,-0.1792725,0.23602483,0.9705502,-0.04821387
1356068324678,0.14509994,-0.0010935664,0.98941636,0.95563215,-0.25893265,-0.14043158,0.25634575,0.96589476,-0.036526084
1356068324718,0.09986156,0.0011135042,0.9950007,0.95545244,-0.27924013,-0.0955798,0.27773774,0.96022063,-0.02894923
1356068324758,0.065458715,0.016825229,0.99771345,0.9524416,-0.2992584,-0.05744186,0.29760766,0.95402384,-0.035614133
1356068324798,0.059162498,0.052981466,0.9968414,0.9488673,-0.31317234,-0.03967032,0.31008142,0.9482173,-0.06880045
1356068324839,0.088404,0.11044419,0.98994285,0.9467493,-0.31821424,-0.04904473,0.3095972,0.9415635,-0.1326944
1356068324878,0.14381859,0.1795317,0.9731828,0.94429123,-0.3190668,-0.08068791,0.29602423,0.9305724,-0.21541798
1356068324919,0.2008627,0.24218744,0.94920987,0.93944055,-0.32227856,-0.116567165,0.2776789,0.9151403,-0.29225445
1356068324958,0.23720267,0.28397316,0.92902863,0.9342467,-0.32883623,-0.13802063,0.26630417,0.9006808,-0.3433018
1356068324998,0.24321637,0.29974028,0.9224974,0.9322214,-0.3349794,-0.13693768,0.26797196,0.89327735,-0.36089674
1356068325038,0.22016364,0.2902297,0.9312866,0.9346638,-0.33598942,-0.11625302,0.27916232,0.8960345,-0.34523985
1356068325078,0.17675507,0.2592726,0.9494922,0.940197,-0.32986867,-0.084949255,0.29118267,0.90772486,-0.30207327
1356068325118,0.12635565,0.21332127,0.9687767,0.9462263,-0.31910992,-0.053147525,0.29780874,0.92339754,-0.24217156
1356068325158,0.08057195,0.15919691,0.9839535,0.95118314,-0.30733925,-0.028163135,0.29792413,0.93818915,-0.17618832
1356068325198,0.050359428,0.10365361,0.99333775,0.95481414,-0.29669106,-0.017447025,0.29290596,0.9493315,-0.11391109
1356068325238,0.040674448,0.05110213,0.9978648,0.958001,-0.2857234,-0.024417251,0.2838655,0.95694864,-0.06057757
1356068325287,0.05399406,0.0036844015,0.99853444,0.9608463,-0.27235693,-0.050951213,0.2717701,0.9621892,-0.018245757
1356068325320,0.09259355,-0.036946863,0.99501824,0.96184635,-0.25505883,-0.09897748,0.25744507,0.9662194,0.0119203925
1356068325360,0.15863168,-0.06870356,0.9849446,0.95757246,-0.23239511,-0.17043358,0.24060571,0.9701919,0.028923422
1356068325400,0.25266165,-0.08898011,0.9634545,0.94219613,-0.20385349,-0.26591364,0.22006464,0.97494936,0.03233081
1356068325440,0.37017715,-0.095578015,0.92403114,0.90799576,-0.1729052,-0.3816378,0.196246,0.98029006,0.022778898
1356068325478,0.49547458,-0.08995965,0.8639515,0.8510674,-0.14867675,-0.5035667,0.17375022,0.9847855,0.0028961897
1356068325518,0.604113,-0.08060163,0.792812,0.78061175,-0.14025652,-0.60907584,0.16028959,0.986829,-0.021812186
1356068325558,0.6804011,-0.077860326,0.72869205,0.71504486,-0.14725868,-0.6833928,0.1605154,0.98602873,-0.04452137
1356068325598,0.72554326,-0.08538532,0.68285894,0.6661463,-0.1619193,-0.7280324,0.17273134,0.983103,-0.060600348
1356068325638,0.7487264,-0.099895895,0.6553088,0.63500965,-0.17554648,-0.752294,0.19018823,0.9793897,-0.06800142
1356068325678,0.75621617,-0.11727178,0.643727,0.6203655,-0.1843103,-0.76234925,0.20804757,0.9758469,-0.066627055
1356068325718,0.7501364,-0.1351731,0.6473204,0.6218412,-0.1888206,-0.7600397,0.22496435,0.9726639,-0.057585
1356068325758,0.7296106,-0.15237981,0.6666699,0.6397259,-0.1924674,-0.7441148,0.24170037,0.9694001,-0.042944912
1356068325798,0.6926172,-0.16701767,0.7017026,0.6730977,-0.20002045,-0.7119911,0.25926992,0.9654517,-0.026118398
1356068325839,0.6404035,-0.17426592,0.7480071,0.71623755,-0.21610856,-0.6635517,0.27728516,0.9606917,-0.013580896
1356068325878,0.5856458,-0.16536963,0.7935187,0.7560341,-0.24156782,-0.6083236,0.2922868,0.9561893,-0.016448103
1356068325918,0.5533132,-0.13253939,0.8223611,0.7777606,-0.2712474,-0.56702125,0.29821602,0.9533404,-0.047000796
1356068325958,0.5611549,-0.07705352,0.82411647,0.77497923,-0.30078536,-0.55581945,0.29071,0.950574,-0.10907232
1356068325998,0.5990108,-0.011362463,0.8006604,0.7530956,-0.33176953,-0.5681338,0.27209008,0.9432921,-0.19017655
1356068326038,0.63754106,0.047955513,0.76892245,0.7281113,-0.3636874,-0.58102095,0.25178424,0.9302858,-0.26678264
1356068326078,0.6530551,0.090406865,0.7518947,0.718122,-0.38917124,-0.5769285,0.2404575,0.91671824,-0.31907344
1356068326118,0.6372056,0.11404529,0.76220906,0.7315979,-0.40050367,-0.5516895,0.24234995,0.90917027,-0.33863848
1356068326158,0.59072924,0.12068504,0.79779327,0.7660513,-0.3943897,-0.507565,0.253386,0.91098404,-0.32542843
1356068326198,0.5189074,0.112487346,0.847397,0.81239915,-0.3733319,-0.4479185,0.26597518,0.9208528,-0.2851093
1356068326238,0.43008938,0.09159231,0.89812803,0.85979056,-0.34491447,-0.37655577,0.27528772,0.9341546,-0.22709425
1356068326286,0.3355744,0.0610739,0.94003177,0.89920086,-0.31818557,-0.30032596,0.28076252,0.9460591,-0.16169262
1356068326320,0.24928251,0.025574028,0.96809304,0.9261123,-0.29857412,-0.2305851,0.28315052,0.95404375,-0.098113716
1356068326360,0.18309951,-0.010243088,0.983041,0.9416225,-0.28554285,-0.17836025,0.28252727,0.9583112,-0.042637587
1356068326417,0.1439892,-0.043195665,0.988636,0.94957894,-0.27514166,-0.15032232,0.27850822,0.96043277,0.0014002919
1356068326439,0.13626605,-0.07107431,0.9881195,0.9531006,-0.2626781,-0.15033102,0.270242,0.9622623,0.031946898
1356068326479,0.16353893,-0.09179342,0.9822571,0.9527,-0.24383414,-0.18140456,0.25615957,0.96546304,0.047575235
1356068326516,0.22679037,-0.10352838,0.9684255,0.9450766,-0.21689904,-0.24450976,0.23536429,0.97068876,0.048651636
1356068326558,0.32300907,-0.10402888,0.94066095,0.92313963,-0.18435663,-0.3373807,0.20851445,0.9773385,0.036484346
1356068326598,0.43800288,-0.09455043,0.89398754,0.88050973,-0.15539312,-0.4478343,0.1812625,0.98331743,0.015189946
1356068326638,0.5444952,-0.081412405,0.8348036,0.8229263,-0.1406455,-0.5504646,0.16222599,0.98670715,-0.009584412
1356068326678,0.61940753,-0.073824465,0.7815908,0.7690852,-0.14281443,-0.6229863,0.15761405,0.98699236,-0.031683028
1356068326718,0.65838665,-0.0755665,0.7488769,0.73407257,-0.15539683,-0.66105163,0.1663265,0.9849576,-0.046839893
1356068326758,0.6685624,-0.083482355,0.7389554,0.72104466,-0.17040089,-0.6716086,0.18198612,0.9818321,-0.05372914
1356068326798,0.65619564,-0.092556655,0.74889296,0.72797936,-0.18359056,-0.6605609,0.1986289,0.9786357,-0.053092025
1356068326839,0.6223009,-0.099330515,0.7764503,0.7530321,-0.1948784,-0.6284626,0.21373886,0.97578484,-0.046473972
1356068326878,0.5636965,-0.101512104,0.81972045,0.79403055,-0.20675856,-0.57163477,0.22751206,0.9731116,-0.03594537
1356068326918,0.47711128,-0.09729949,0.87344015,0.8450383,-0.22220284,-0.48634988,0.2414025,0.97013336,-0.023793697
1356068326958,0.36556244,-0.08292806,0.92708516,0.89478046,-0.24304193,-0.37456432,0.25638255,0.9664644,-0.014644548
1356068326998,0.25122398,-0.05301559,0.96647596,0.9291636,-0.26654124,-0.25614598,0.2711855,0.9623643,-0.017701358
1356068327038,0.16919923,-0.0032275915,0.9855766,0.94460005,-0.28483337,-0.16309729,0.28125155,0.9585717,-0.045144767
1356068327079,0.13987583,0.06540504,0.9880066,0.949419,-0.29216814,-0.115071654,0.2811377,0.9541279,-0.1029641
1356068327118,0.15016529,0.1435835,0.97817904,0.9510646,-0.29122958,-0.10325426,0.27004904,0.9458167,-0.1802898
1356068327158,0.16481459,0.21600148,0.9623822,0.95267737,-0.2875427,-0.09861517,0.25542498,0.93309295,-0.25317094
1356068327198,0.15229133,0.2700258,0.95073307,0.9566513,-0.28189293,-0.07317656,0.24824533,0.9206642,-0.30125037
1356068327238,0.10027251,0.30013448,0.948612,0.9621597,-0.2720373,-0.015633762,0.2533656,0.9142839,-0.31605518
1356068327283,0.013352871,0.3054534,0.9521134,0.963732,-0.25775057,0.06917477,0.26653743,0.9166585,-0.29781693
1356068327320,-0.09109408,0.2891525,0.952939,0.9557977,-0.24324447,0.16517556,0.279558,0.9258634,-0.2542132
1356068327360,-0.19377393,0.25753987,0.9466387,0.93799603,-0.23406965,0.25568506,0.28742847,0.93748844,-0.1962148
