1356068258201,-0.9911648,0.069943,-0.112695396,-0.12311087,-0.1689663,0.9779029,0.049355745,0.983137,0.17608416
1356068258240,0.41551277,-0.18049222,0.8914997,0.90824753,0.02915147,-0.41741666,0.04935193,0.9831443,0.1760444
1356068258281,0.41595232,-0.1801948,0.89135486,0.908048,0.029140055,-0.41785133,0.04932046,0.98319924,0.1757464
1356068258322,0.4176612,-0.17917365,0.8907615,0.9072668,0.029093802,-0.41954812,0.049256265,0.98338723,0.1747096
1356068258359,0.4214244,-0.1771881,0.8893851,0.9055248,0.028948367,-0.42330468,0.04925829,0.9837512,0.17264774
1356068258403,0.4274154,-0.1741916,0.8871152,0.90270174,0.028552622,-0.42931852,0.049454212,0.98429775,0.16944687
1356068258440,0.43597677,-0.16986609,0.8837815,0.8985846,0.027934402,-0.43791014,0.049698234,0.9850711,0.16481785
1356068258480,0.44701234,-0.16430831,0.8793081,0.89316297,0.027703494,-0.44887903,0.049394637,0.98601997,0.15913792
1356068258520,0.4604516,-0.1571095,0.87367094,0.88640654,0.02857846,-0.46202448,0.047620296,0.9871676,0.1524219
1356068258561,0.47496203,-0.14938706,0.8672339,0.87890524,0.03124395,-0.4759721,0.044008255,0.98828506,0.14613675
1356068258602,0.4895965,-0.14152396,0.86038727,0.87114096,0.036917984,-0.48964316,0.03753245,0.9892462,0.14136223
1356068258639,0.5036114,-0.13409463,0.8534602,0.86342585,0.044365823,-0.5025212,0.029520899,0.9899749,0.13812385
1356068258682,0.5172113,-0.12628841,0.846489,0.8556286,0.053415924,-0.51482654,0.019800603,0.99055433,0.1356833
1356068258729,0.53183424,-0.11664769,0.83877623,0.84681094,0.06392643,-0.5280385,0.007974535,0.9911139,0.13277681
1356068258771,0.5446357,-0.107358456,0.8317728,0.8386696,0.07241517,-0.5398048,-0.0022803247,0.99157953,0.1294782
1356068258820,0.55619353,-0.09805769,0.82524747,0.83098555,0.078252986,-0.5507626,-0.010571539,0.99209934,0.12500833
1356068258851,0.5667588,-0.08855444,0.8191108,0.8237114,0.0812401,-0.56115913,-0.016851485,0.9927528,0.11898686
1356068258891,0.5767137,-0.07878214,0.81313884,0.8166661,0.08166435,-0.57130325,-0.021396011,0.99354136,0.11143562
1356068258930,0.58619565,-0.068911254,0.80723345,0.80980265,0.07981999,-0.5812474,-0.024378926,0.9944245,0.10259463
1356068258971,0.59496707,-0.059443414,0.80154896,0.8033226,0.076499924,-0.5906103,-0.026210576,0.99529606,0.09326716
1356068259019,0.6056372,-0.048230737,0.7942779,0.7952212,0.07275537,-0.60193855,-0.028756052,0.996183,0.08241746
1356068259058,0.61819476,-0.03572488,0.78521264,0.7852849,0.07140988,-0.6150026,-0.03410104,0.99680704,0.07219945
1356068259122,0.6381233,-0.016395092,0.76975965,0.7684091,0.076458335,-0.63537514,-0.048437476,0.996938,0.061388
1356068259151,0.66192585,0.006115496,0.74954444,0.74656105,0.08412121,-0.65997756,-0.06708872,0.99643683,0.051116377
1356068259191,0.6865161,0.030076206,0.7264923,0.72198266,0.09030253,-0.6859931,-0.08623618,0.99546015,0.04027964
1356068259231,0.7078233,0.052016586,0.7044718,0.69921756,0.09015849,-0.7092011,-0.10040432,0.9945681,0.027445361
1356068259270,0.7188779,0.0654583,0.6920476,0.68724686,0.08264139,-0.7217078,-0.10443357,0.9944273,0.014423043
1356068259310,0.7142662,0.0660772,0.6967478,0.6933868,0.06842217,-0.71730965,-0.09507081,0.9954658,0.003054589
1356068259349,0.6897535,0.0547404,0.721972,0.7202822,0.049639642,-0.69190276,-0.07371345,0.99726593,-0.005189419
1356068259380,0.6476668,0.04073742,0.7608338,0.7602731,0.031137899,-0.6488567,-0.050123453,0.99868447,-0.010804579
1356068259410,0.5943841,0.027135998,0.80372334,0.8037547,0.012503356,-0.59482944,-0.02619052,0.99955356,-0.01437889
1356068259449,0.5266432,0.014401376,0.8499644,0.8500855,-0.0074563175,-0.5265919,-0.0012460649,0.9998685,-0.016169235
1356068259490,0.43238655,0.0063858926,0.90166575,0.90143275,-0.026871234,-0.43208447,0.021469653,0.99961853,-0.017375201
1356068259519,0.32019186,0.0049479604,0.9473398,0.94648486,-0.044463813,-0.31967068,0.040540636,0.99899876,-0.018920124
1356068259560,0.21635202,0.010405958,0.97625995,0.97468925,-0.059990495,-0.21536443,0.056325316,0.9981446,-0.023121595
1356068259589,0.111619174,0.02219209,0.99350333,0.99133873,-0.07210457,-0.10976538,0.06920019,0.9971502,-0.030048192
1356068259630,0.032691836,0.043195814,0.9985317,0.9964174,-0.07937521,-0.02918896,0.07799783,0.9959085,-0.04563597
1356068259669,-0.02933377,0.07482988,0.9967648,0.9962695,-0.07877612,0.03523308,0.081157714,0.9940799,-0.072239935
1356068259699,-0.078635335,0.11116308,0.9906863,0.99375015,-0.07023859,0.086759865,0.07922891,0.991317,-0.10494506
1356068259729,-0.109871864,0.151824,0.9822818,0.99146247,-0.053073883,0.11910203,0.07021603,0.98698163,-0.14469647
1356068259769,-0.1196318,0.20371512,0.9716935,0.9917178,-0.021549553,0.12661499,0.046732992,0.97879297,-0.19944996
1356068259809,-0.120215505,0.2614961,0.9576889,0.9926702,0.019595355,0.11925608,0.012418747,0.9650056,-0.26193506
1356068259867,-0.11758089,0.3185297,0.94059217,0.9927285,0.06229633,0.10300177,-0.02578634,0.94586366,-0.32353836
1356068259890,-0.11802149,0.3675772,0.9224738,0.9912803,0.09843397,0.08760178,-0.058602303,0.92476904,-0.37598932
1356068259932,-0.12737402,0.40174714,0.906849,0.9888253,0.12284014,0.084468246,-0.07746261,0.9074743,-0.41290444
1356068259970,-0.14860249,0.41699183,0.8966801,0.9856583,0.1357832,0.10020378,-0.07996994,0.8987106,-0.43118918
1356068260010,-0.18203273,0.4107385,0.89339685,0.98103535,0.13739082,0.13672403,-0.0665867,0.90134215,-0.4279586
1356068260050,-0.22385442,0.38430178,0.89565694,0.97363687,0.12949991,0.18777934,-0.04382357,0.9140799,-0.4031595
1356068260121,-0.26937392,0.33925945,0.9012995,0.96286064,0.11272028,0.24534374,-0.018359512,0.93391496,-0.35702342
1356068260129,-0.3113125,0.28062218,0.9079293,0.9503005,0.08825266,0.29856375,0.0036564171,0.9557524,-0.29414958
1356068260169,-0.34295046,0.21540415,0.91432273,0.93917036,0.059405565,0.3382751,0.018549949,0.9747164,-0.22267437
1356068260208,-0.3604235,0.15036184,0.92059016,0.93243235,0.030798376,0.36002958,0.025782019,0.9881512,-0.1513027
1356068260248,-0.36344045,0.09007737,0.92725253,0.9312297,0.0064136386,0.36437628,0.02687499,0.9959141,-0.08621371
1356068260288,-0.35238928,0.03822434,0.9350726,0.9355385,-0.011536419,0.3530364,0.024281979,0.9992026,-0.03169501
1356068260328,-0.32894623,-0.0029901862,0.9443438,0.94414085,-0.022014797,0.3288059,0.019806355,0.9997531,0.0100649
1356068260368,-0.2944371,-0.032405168,0.9551213,0.9555712,-0.024418294,0.29374734,0.013803482,0.9991765,0.03815508
1356068260408,-0.24976826,-0.049842685,0.96702194,0.9682915,-0.018223047,0.24915701,0.0052034855,0.99859077,0.052813888
1356068260448,-0.19526178,-0.055962265,0.9791532,0.9807231,-0.0035909414,0.19536963,-0.007417202,0.99842644,0.05558473
1356068260489,-0.1305545,-0.051348835,0.99011046,0.99114907,0.017478824,0.13159797,-0.02406329,0.99852777,0.048612416
1356068260529,-0.055048645,-0.0363113,0.9978232,0.9976275,0.039377153,0.05647081,-0.04134196,0.9985644,0.034057498
1356068260569,0.029071808,-0.013024151,0.9994925,0.9981629,0.05355376,-0.028335333,-0.053157568,0.9984801,0.014557064
1356068260613,0.11329511,0.011302471,0.993497,0.99203837,0.054056555,-0.11374369,-0.05499053,0.9984739,-0.005088091
1356068260650,0.18599051,0.029104888,0.98212034,0.981474,0.041296184,-0.18709192,-0.046003044,0.9987229,-0.02088496
1356068260690,0.24001807,0.03722,0.9700546,0.9702419,0.023708522,-0.2409741,-0.03196764,0.9990258,-0.030421942
1356068260733,0.27139303,0.035645396,0.9618084,0.96235466,0.0053313076,-0.27174482,-0.014814198,0.9993503,-0.032856643
1356068260770,0.27996007,0.028821766,0.9595789,0.9600097,-0.010412425,-0.279773,0.0019280314,0.9995303,-0.030584186
1356068260810,0.26857206,0.018125504,0.9630891,0.96306384,-0.025208741,-0.26809064,0.019418925,0.9995179,-0.024226427
1356068260868,0.23731157,0.007856518,0.9714019,0.97070944,-0.040522903,-0.23681465,0.03750342,0.9991478,-0.017242998
1356068260889,0.19660616,0.0035711825,0.980476,0.97889304,-0.057631195,-0.1960788,0.055805832,0.99833155,-0.014826447
1356068260929,0.15853998,0.014795065,0.98724174,0.98483205,-0.0737699,-0.15704751,0.07050517,0.99716556,-0.026266158
1356068260965,0.13776147,0.051389605,0.98913145,0.9876511,-0.08235705,-0.13327652,0.074612886,0.9952771,-0.06210068
1356068261010,0.14797258,0.12227693,0.98140335,0.98714554,-0.07886195,-0.13901266,0.060397387,0.98935795,-0.13237453
1356068261048,0.17044473,0.20754752,0.9632615,0.984717,-0.071383834,-0.1588606,0.035790175,0.97561693,-0.2165426
1356068261125,0.19683847,0.28987247,0.93660486,0.9803836,-0.06807199,-0.18497136,0.010138422,0.95464146,-0.29758537
1356068261126,0.20888925,0.3493811,0.9133992,0.97791696,-0.06831521,-0.19751304,-0.006608218,0.9344869,-0.355936
1356068261156,0.1982956,0.37620413,0.90506864,0.98010206,-0.06774485,-0.18657592,-0.00887689,0.9240569,-0.38215196
1356068261188,0.17670724,0.3810413,0.90751433,0.9842484,-0.063295335,-0.16507256,-0.0054580867,0.9223889,-0.38622397
1356068261230,0.12978694,0.35146087,0.9271627,0.9915382,-0.048561424,-0.12039024,0.0027118921,0.9349423,-0.35478956
1356068261269,0.07758841,0.30097315,0.95047104,0.9969394,-0.032580882,-0.07106471,0.009578615,0.9530759,-0.30257988
1356068261309,0.026751995,0.23709086,0.97111905,0.99956167,-0.018666744,-0.022978127,0.012679756,0.9713081,-0.23748624
1356068261348,-0.0090149045,0.1724934,0.98496944,0.999886,-0.010379195,0.010969073,0.0121153,0.984956,-0.17238015
1356068261390,-0.026239991,0.113785535,0.9931587,0.99961877,-0.0055477023,0.027046233,0.008587211,0.99348986,-0.11359662
1356068261428,-0.01985687,0.06545821,0.99765766,0.9997952,-0.0025959015,0.020069778,0.0039035976,0.9978519,-0.06539327
1356068261469,0.0043816864,0.027463883,0.99961317,0.99998987,8.5005164E-4,-0.0044067204,-9.7072124E-4,0.99962246,-0.02745992
1356068261508,0.047991127,3.9339066E-5,0.9988478,0.9988301,0.005946547,-0.0479905,-0.00594157,0.9999823,2.4610758E-4
1356068261548,0.11044249,-0.015607417,0.99376,0.9937919,0.015238017,-0.11020669,-0.013422877,0.99976206,0.017193407
1356068261589,0.19240284,-0.017520994,0.98115957,0.98092854,0.031528533,-0.19179448,-0.027574062,0.99934924,0.023253024
1356068261628,0.2927528,-0.004150927,0.95617914,0.9548897,0.053364575,-0.29212636,-0.04981351,0.99856645,0.019586325
1356068261670,0.40295583,0.021955103,0.91495603,0.9121833,0.071729004,-0.40345585,-0.07448679,0.9971825,0.008876562
1356068261709,0.5040209,0.04952237,0.86227053,0.8589469,0.07576065,-0.5064293,-0.09040576,0.9958955,-0.0043521523
1356068261750,0.5778662,0.0654566,0.8135024,0.81104887,0.06501269,-0.5813545,-0.09094149,0.9957353,-0.015519857
1356068261790,0.6183654,0.06421414,0.78326285,0.78222454,0.045866787,-0.62130594,-0.07582238,0.9968815,-0.021867454
1356068261829,0.6306076,0.052148223,0.7743479,0.77419347,0.027658254,-0.63234437,-0.054392755,0.9982562,-0.022931308
1356068261869,0.6182417,0.03349313,0.785274,0.7853987,0.012354791,-0.6188669,-0.030429691,0.9993626,-0.018667206
1356068261909,0.5802845,0.01287353,0.8143121,0.81438327,-5.0775707E-4,-0.58032715,-0.0070573688,0.9999169,-0.010778621
1356068261949,0.51742107,-0.007339716,0.8556994,0.8555868,-0.0139130205,-0.5174724,0.01570347,0.99987626,-9.191483E-4
1356068261988,0.43108374,-0.023605794,0.9020031,0.9015038,-0.031032503,-0.43165725,0.038181007,0.9992396,0.007903099
1356068262028,0.33560997,-0.029978007,0.9415239,0.9400747,-0.05322939,-0.33678818,0.06021297,0.9981322,0.010317236
1356068262068,0.252208,-0.015894562,0.9675424,0.96458936,-0.0756287,-0.2526806,0.07719025,0.99700934,-0.0037423968
1356068262116,0.20257464,0.027558714,0.978879,0.97594905,-0.08789566,-0.19949368,0.08054149,0.9957484,-0.044701308
1356068262151,0.19877401,0.10387346,0.97452515,0.9780462,-0.084505945,-0.19048482,0.06256682,0.99099404,-0.11839065
1356068262190,0.21777353,0.19307435,0.95671153,0.97550845,-0.0741435,-0.2070893,0.030950308,0.9783788,-0.20449215
1356068262232,0.24029583,0.274068,0.931206,0.97069645,-0.06535858,-0.2312502,-0.0025160015,0.95948684,-0.28174224
1356068262270,0.24234873,0.32614756,0.91372585,0.9699085,-0.058790505,-0.23626536,-0.023338944,0.943489,-0.33058107
1356068262311,0.21758802,0.34318724,0.91371655,0.9756346,-0.049472734,-0.21375108,-0.028152555,0.9379631,-0.34559
1356068262350,0.17001644,0.32743177,0.929453,0.98519087,-0.035218507,-0.1678052,-0.022210807,0.9442183,-0.32857054
1356068262391,0.11020583,0.28588682,0.95190513,0.9938374,-0.020217955,-0.108988434,-0.011912793,0.95805013,-0.2863531
1356068262430,0.050757945,0.22813872,0.9723047,0.9987109,-0.011125922,-0.049525887,-4.8097968E-4,0.9735651,-0.22840935
1356068262471,0.004106283,0.16533759,0.98622847,0.9999366,-0.011024952,-0.0023150444,0.010490358,0.9861754,-0.16537237
1356068262510,-0.023029298,0.10553336,0.9941491,0.9995506,-0.016662568,0.024923176,0.019195288,0.99427617,-0.10510218
1356068262550,-0.026920259,0.053529173,0.9982033,0.99935114,-0.022462666,0.028155804,0.023929447,0.99831355,-0.052889705
1356068262591,-0.008428514,0.010748655,0.99990666,0.99968016,-0.023753583,0.008681983,0.02384469,0.99966,-0.010545015
1356068262631,0.03621304,-0.021451324,0.9991138,0.99915445,-0.018698573,-0.036615998,0.019467473,0.99959505,0.020756036
1356068262670,0.105321646,-0.041110247,0.9935881,0.9943912,-0.005357623,-0.10562849,0.009665698,0.99914026,0.04031539
1356068262711,0.20432985,-0.04486224,0.97787356,0.97887135,0.017272651,-0.20374593,-0.007749945,0.9988438,0.047443688
1356068262750,0.33402404,-0.031169474,0.9420491,0.942058,0.043802828,-0.33257794,-0.030898213,0.9985539,0.043994635
1356068262793,0.48329377,0.0019584596,0.875456,0.87361,0.06386508,-0.48241755,-0.056855798,0.9979565,0.029154688
1356068262831,0.6218542,0.038461536,0.78218794,0.779531,0.06528574,-0.62295204,-0.07502541,0.9971251,0.010616258
1356068262871,0.7195056,0.06324747,0.6916007,0.68995094,0.04853052,-0.72222745,-0.079242796,0.99681723,-0.008719683
1356068262910,0.7766383,0.070476115,0.62599206,0.6259794,0.02501028,-0.7794384,-0.07058802,0.9971999,-0.02469264
1356068262951,0.8038566,0.064561576,0.591309,0.59232056,0.0042105913,-0.8056914,-0.05450648,0.99790484,-0.03485644
1356068262990,0.8086355,0.050576687,0.58613205,0.58726716,-0.010097109,-0.8093302,-0.035015047,0.99866915,-0.03786692
1356068263031,0.7928346,0.03231728,0.6085794,0.6092634,-0.018204927,-0.7927589,-0.0145406425,0.99931186,-0.034123234
1356068263070,0.75385606,0.010041177,0.6569628,0.65699196,-0.02355013,-0.7535296,0.007905245,0.99967223,-0.024350382
1356068263120,0.6852301,-0.014663577,0.728179,0.7275538,-0.032265723,-0.68529147,0.033544093,0.9993717,-0.011440873
1356068263151,0.5895078,-0.034624845,0.80702025,0.8054216,-0.050813958,-0.59052026,0.061454535,0.9981078,-0.0020676404
1356068263190,0.4901145,-0.03582874,0.8709214,0.8675468,-0.076877,-0.4913781,0.08455929,0.99639666,-0.0065954328
1356068263232,0.42996454,-0.0056944788,0.90282786,0.8980993,-0.09970558,-0.42834145,0.09245613,0.99500066,-0.03775564
1356068263269,0.41981646,0.053691745,0.9060195,0.903984,-0.11386636,-0.4121254,0.0810374,0.99204415,-0.096339464
1356068263311,0.44278124,0.12655517,0.88765335,0.8948046,-0.12550107,-0.42845544,0.05717817,0.9839884,-0.16881171
1356068263350,0.46663284,0.19035012,0.8637249,0.88380486,-0.13767993,-0.447139,0.033804595,0.97201395,-0.23247838
1356068263391,0.47085208,0.23007685,0.8516824,0.8820146,-0.14319979,-0.4489367,0.018670768,0.96257913,-0.27035707
1356068263431,0.4486887,0.2405504,0.86070555,0.89360726,-0.13372248,-0.4284676,0.012027621,0.9613812,-0.27495733
1356068263470,0.41064274,0.22730306,0.8830095,0.91173816,-0.11330098,-0.3948371,0.0102981925,0.9672104,-0.25376707
1356068263513,0.3562576,0.19187379,0.9144752,0.9343015,-0.086447686,-0.34584305,0.012696117,0.97760475,-0.2100656
1356068263550,0.30842945,0.14761433,0.9397241,0.95107865,-0.06644896,-0.30171824,0.017905712,0.9868103,-0.16088772
1356068263592,0.2680835,0.10047951,0.95814145,0.9630562,-0.05434978,-0.263759,0.02557239,0.9934535,-0.11133772
1356068263630,0.24459201,0.05601245,0.96800685,0.96904093,-0.048799038,-0.24202952,0.033681154,0.9972367,-0.066214174
1356068263671,0.2394624,0.017009169,0.97075665,0.9700581,-0.045959026,-0.23848477,0.040558606,0.9987985,-0.027505338
1356068263710,0.2539536,-0.014677048,0.96710503,0.9661836,-0.042345732,-0.25435424,0.04468596,0.9989952,0.0034268796
1356068263750,0.29216135,-0.036377817,0.955677,0.9553907,-0.03408861,-0.29337138,0.043249846,0.9987566,0.024795622
1356068263791,0.35837936,-0.0449346,0.93249404,0.932994,-0.018025458,-0.35944015,0.032959938,0.9988273,0.03546375
1356068263847,0.45409486,-0.035837382,0.8902323,0.8908857,0.0059485734,-0.45418867,0.010981321,0.99933994,0.034628212
1356068263869,0.57253635,-0.007573217,0.81984437,0.81962407,0.030235931,-0.5721032,-0.020456046,0.99951404,0.023518384
1356068263910,0.6882813,0.03231731,0.72472376,0.7235129,0.0422626,-0.6890159,-0.052895844,0.99858373,0.0057065785
1356068263946,0.7701678,0.06520221,0.6344999,0.6334654,0.038133025,-0.7728307,-0.07458565,0.99714315,-0.011934504
1356068263997,0.8090664,0.07752618,0.5825815,0.5827675,0.022553653,-0.8123259,-0.07611585,0.99673516,-0.026932329
1356068264050,0.81111205,0.070524275,0.58062345,0.58164406,0.007193893,-0.8134116,-0.061542153,0.9974841,-0.035184957
1356068264122,0.785339,0.058087826,0.6163347,0.61746126,-0.0018609092,-0.7865991,-0.044544905,0.9983098,-0.037328437
1356068264131,0.73732996,0.042352885,0.67420375,0.6749995,-0.00654155,-0.73778915,-0.02683714,0.99908125,-0.033411443
1356068264169,0.65963244,0.025140435,0.7511677,0.7515335,-0.00998646,-0.65961933,-0.009081602,0.999634,-0.025481269
1356068264210,0.5547307,0.007219881,0.83199865,0.8319638,-0.017431542,-0.55455625,0.010499179,0.999822,-0.015676513
1356068264248,0.43197322,-0.0041638613,0.9018768,0.9013585,-0.03221786,-0.43187374,0.030854762,0.9994722,-0.010164142
1356068264288,0.32707417,0.0022803247,0.944996,0.94375813,-0.05201143,-0.32652032,0.048405975,0.998644,-0.019163698
1356068264329,0.25957394,0.035872787,0.96505666,0.9641266,-0.06706554,-0.2568308,0.055508822,0.99710345,-0.051994354
1356068264379,0.2511229,0.111252874,0.96154046,0.9671831,-0.068508446,-0.24466997,0.038653463,0.99142796,-0.12480593
1356068264418,0.24385643,0.19158316,0.9506997,0.9697441,-0.059718013,-0.23670706,0.01142481,0.9796579,-0.20034924
1356068264460,0.23220247,0.2563255,0.9382853,0.972505,-0.043545187,-0.22877514,-0.017783105,0.9656092,-0.25938916
1356068264499,0.2064735,0.29233363,0.933761,0.97767687,-0.023655444,-0.20877832,-0.038944334,0.95602375,-0.29069203
1356068264540,0.16373974,0.29294106,0.94200575,0.98531663,-0.0017359853,-0.17072824,-0.04837805,0.95612895,-0.28892398
1356068264579,0.11719984,0.2670457,0.9565306,0.99192023,0.015621662,-0.12589723,-0.048562884,0.9635572,-0.26305717
1356068264620,0.071504295,0.21993905,0.9728895,0.996576,0.024842441,-0.07886124,-0.04151362,0.9751972,-0.21740961
1356068264658,0.040492475,0.16607398,0.9852816,0.99868363,0.024347782,-0.04514724,-0.031487197,0.9858127,-0.16486949
1356068264699,0.024531543,0.111996114,0.9934059,0.9994783,0.018139005,-0.026726514,-0.021012723,0.99354315,-0.11149269
1356068264738,0.026323915,0.06332359,0.99764574,0.99957776,0.010611415,-0.02704838,-0.01229915,0.9979366,-0.06301749
1356068264779,0.04416281,0.022665948,0.99876714,0.999004,0.0053699017,-0.044295102,-0.0063672066,0.9997287,-0.02240616
1356068264819,0.0759747,-0.008550465,0.9970731,0.9971017,0.004668176,-0.07593688,-0.0040052533,0.99995255,0.008880317
1356068264858,0.12097195,-0.028789878,0.9922384,0.9926337,0.010202855,-0.12072414,-0.0066480637,0.9995335,0.029812008
1356068264898,0.1778574,-0.03554061,0.9834143,0.9839072,0.023821771,-0.17708567,-0.017132998,0.99908435,0.03920546
1356068264938,0.24731803,-0.027087241,0.9685557,0.9682586,0.044235945,-0.24600503,-0.03618136,0.99865377,0.037167788
1356068264978,0.32699844,-0.0029028058,0.94502044,0.94303864,0.06580278,-0.32611063,-0.06123832,0.9978285,0.024254829
1356068265018,0.41012755,0.031547934,0.91148233,0.9081228,0.078262895,-0.41132465,-0.084311634,0.9964335,0.003448397
1356068265058,0.4845099,0.06389722,0.87244904,0.8694655,0.074651554,-0.4883204,-0.096331984,0.9951604,-0.019387007
1356068265119,0.5396154,0.08151966,0.8379557,0.8373151,0.051898807,-0.5442517,-0.087856114,0.9953196,-0.04025221
1356068265151,0.5773832,0.0847764,0.8120601,0.8133123,0.027715027,-0.581167,-0.071775526,0.9960145,-0.05294752
1356068265191,0.59707814,0.07725841,0.79845405,0.80050063,0.0070469826,-0.59929043,-0.05192688,0.9969862,-0.057637796
1356068265231,0.6016589,0.06480554,0.7961199,0.7980925,-0.008242443,-0.60247874,-0.032482,0.9978639,-0.05667995
1356068265271,0.5930682,0.049767792,0.8036126,0.8050315,-0.019373164,-0.59291553,-0.01393953,0.9985728,-0.051554233
1356068265310,0.5710305,0.03332588,0.8202521,0.8209162,-0.028720781,-0.570326,0.004551649,0.9990318,-0.043758214
1356068265351,0.5362929,0.017176509,0.84385717,0.8436916,-0.039299354,-0.53538775,0.023966938,0.9990798,-0.035567656
1356068265390,0.4938109,0.0071326196,0.8695401,0.8685123,-0.05333531,-0.49278978,0.042862266,0.99855125,-0.032532334
1356068265430,0.45489562,0.015007824,0.8904183,0.88889086,-0.06855923,-0.45295972,0.054248482,0.9975341,-0.04452759
1356068265471,0.43472776,0.05319944,0.8989892,0.8992808,-0.07887241,-0.4302014,0.048018962,0.9954642,-0.08212927
1356068265510,0.43652,0.12080136,0.8915477,0.89944494,-0.08193305,-0.42928502,0.021189064,0.9892895,-0.14441958
1356068265550,0.45095652,0.20142612,0.8695204,0.8923603,-0.08188622,-0.44383284,-0.018197805,0.9760748,-0.21667182
1356068265593,0.4619711,0.27064183,0.84459203,0.8852005,-0.08186434,-0.4579503,-0.054798603,0.95919305,-0.27739128
1356068265630,0.45951116,0.31214702,0.8315129,0.8848431,-0.07990895,-0.45898503,-0.0768255,0.94666725,-0.3129202
1356068265672,0.4403929,0.3203036,0.83872503,0.8940983,-0.07166274,-0.44210038,-0.08150101,0.94460046,-0.31794265
1356068265710,0.41091883,0.30312324,0.85980344,0.90849924,-0.057539284,-0.41390613,-0.07599205,0.95121264,-0.2990312
1356068265750,0.37210912,0.26363674,0.8899609,0.9258988,-0.03811705,-0.37584376,-0.06516352,0.9638686,-0.25828463
1356068265788,0.33060926,0.20983785,0.9201443,0.94226176,-0.018335268,-0.33437476,-0.053293377,0.9775642,-0.20378399
1356068265830,0.29266205,0.1502842,0.94433236,0.95527697,-0.0021958053,-0.29570448,-0.042366117,0.9886404,-0.14420569
1356068265868,0.26421952,0.09295082,0.95997304,0.9638915,0.008799076,-0.26615006,-0.03318578,0.9956319,-0.087269664
1356068265909,0.24881476,0.043064356,0.96759325,0.96820056,0.015815258,-0.24967483,-0.0260548,0.99894714,-0.03775984
1356068265950,0.2476058,0.0029886067,0.9688563,0.968627,0.021207869,-0.2476126,-0.021287441,0.99977064,0.0023563206
1356068265988,0.26375306,-0.025419652,0.9642552,0.9643898,0.027326584,-0.26306945,-0.019662648,0.9993033,0.03172195
1356068266029,0.2956078,-0.0406211,0.95444536,0.9550194,0.03718072,-0.29420316,-0.023536146,0.9984826,0.04978484
1356068266069,0.34615797,-0.040929943,0.93728304,0.93750703,0.052819192,-0.34393415,-0.03542936,0.99776495,0.056655854
1356068266120,0.41349083,-0.027436972,0.9100948,0.90894485,0.07098842,-0.41082826,-0.053334296,0.99709976,0.054291785
1356068266153,0.4911676,-0.00124529,0.8710642,0.8680135,0.084331915,-0.48932683,-0.072849125,0.99643695,0.042502046
1356068266191,0.5635623,0.025520235,0.8256793,0.8217467,0.08484891,-0.56350064,-0.08443868,0.9960669,0.026846483
1356068266231,0.61552244,0.042649,0.78696454,0.7838863,0.0702232,-0.6169206,-0.08157426,0.9966192,0.00979194
1356068266270,0.6417804,0.046825945,0.76545763,0.7638431,0.049832866,-0.64347523,-0.06827626,0.99765927,-0.0037859231
1356068266311,0.6431871,0.040468603,0.7646389,0.7641529,0.029709518,-0.6443507,-0.048793048,0.99873906,-0.011815429
1356068266350,0.6193359,0.02813822,0.7846217,0.7846226,0.013603196,-0.6198244,-0.02811411,0.9995115,-0.013652936
1356068266391,0.56940424,0.012633294,0.82196057,0.82201827,0.0010436028,-0.5694603,-0.008051962,0.99991965,-0.009790584
1356068266430,0.49202582,-0.0045175552,0.8705689,0.87050027,-0.011033922,-0.49204433,0.011828572,0.99992895,-0.0014964491
1356068266473,0.38959113,-0.020900905,0.92075074,0.92040783,-0.026641876,-0.39005083,0.032682896,0.99942654,0.008857906
1356068266510,0.27442303,-0.030268222,0.9611326,0.9601016,-0.047318906,-0.27561885,0.05382222,0.99842113,0.016075134
1356068266550,0.17314374,-0.022601306,0.98463714,0.98231393,-0.06838906,-0.17430496,0.071277946,0.99740267,0.010360479
1356068266590,0.10268888,0.012506664,0.9946349,0.9917838,-0.0779753,-0.101414055,0.07628852,0.99687684,-0.020411164
1356068266631,0.066663444,0.07716873,0.99478686,0.99586046,-0.06688774,-0.061546683,0.061789602,0.99477184,-0.081308216
1356068266670,0.05153832,0.15916476,0.9859059,0.998214,-0.03807226,-0.04603532,0.030208468,0.98651767,-0.16084266
1356068266709,0.03660378,0.23438406,0.97145474,0.999316,-0.0034642518,-0.03681773,-0.005264133,0.97213787,-0.23435056
1356068266750,0.0096747875,0.28275156,0.95914435,0.9994478,0.027756274,-0.018263698,-0.031786352,0.9587915,-0.28232688
1356068266790,-0.030353278,0.296041,0.95469284,0.99852514,0.05199465,0.0156238675,-0.045013607,0.953759,-0.29718262
1356068266830,-0.07720828,0.27606982,0.95803154,0.9958882,0.06702703,0.06094438,-0.04738915,0.95879763,-0.2801097
1356068266869,-0.121418506,0.23136917,0.96525943,0.9916812,0.07014027,0.10792968,-0.04273197,0.9703343,-0.23796076
1356068266909,-0.15408131,0.17381534,0.9726495,0.98746955,0.06106201,0.14551705,-0.034098804,0.9828833,-0.18104589
1356068266946,-0.16996849,0.11451998,0.9787727,0.98515975,0.043831646,0.16594914,-0.023896754,0.9924536,-0.12027055
1356068266989,-0.1695227,0.059117407,0.98375154,0.9854301,0.024107754,0.16836321,-0.0137628615,0.99795985,-0.062342882
1356068267028,-0.15354228,0.011008561,0.98808074,0.98812884,0.0068853498,0.15347305,-0.0051137805,0.9999157,-0.011935055
1356068267068,-0.124578774,-0.02804774,0.9918132,0.99220926,-0.0044413805,0.12450296,9.1299415E-4,0.99959666,0.0283826
1356068267115,-0.08440977,-0.056262672,0.99484146,0.9964288,-0.0069264174,0.08415273,0.002156049,0.998392,0.056646407
1356068267150,-0.03400433,-0.07168427,0.9968475,0.9994098,0.0024356246,0.03426689,-0.0048843324,0.9974244,0.07155913
1356068267190,0.026379466,-0.0720824,0.9970498,0.99939835,0.024369597,-0.02467984,-0.022518754,0.997101,0.072681904
1356068267230,0.09684655,-0.055338353,0.99375975,0.9941088,0.05419907,-0.093862444,-0.048666686,0.99699557,0.06026134
1356068267269,0.17502642,-0.0237315,0.9842777,0.9816998,0.080402255,-0.1726295,-0.07504144,0.99648,0.037369728
1356068267311,0.25368884,0.013775498,0.96718776,0.9629431,0.09104672,-0.25387222,-0.09155652,0.9957513,0.009832472
1356068267350,0.32410553,0.04450938,0.94497323,0.94148684,0.082503825,-0.32679573,-0.09250927,0.9955963,-0.015164971
1356068267391,0.38148865,0.06109178,0.92235255,0.9208447,0.061988622,-0.3849708,-0.08069393,0.99620545,-0.03260809
1356068267432,0.425139,0.06287798,0.9029414,0.90307593,0.037669957,-0.42782557,-0.060914576,0.99731004,-0.040768623
1356068267470,0.4580707,0.05469674,0.88723135,0.88804084,0.016114965,-0.4594821,-0.039429873,0.99837303,-0.04119116
1356068267511,0.48083764,0.038761705,0.8759525,0.8766439,-0.00182648,-0.48113635,-0.01704976,0.99924684,-0.034858435
1356068267550,0.49466008,0.01813981,0.8688972,0.869066,-0.017196596,-0.49439716,0.005973786,0.99968755,-0.02427116
1356068267592,0.50041443,-0.0035228431,0.8657788,0.8652773,-0.032241285,-0.50025564,0.02967617,0.99947387,-0.013085738
1356068267630,0.5011603,-0.018421322,0.8651583,0.8638222,-0.04881829,-0.50142574,0.051472515,0.9986378,-0.008553043
1356068267671,0.5039064,-0.0141068995,0.8636431,0.8613274,-0.06675458,-0.5036457,0.06475693,0.99766976,-0.021487445
1356068267710,0.51753414,0.022243679,0.8553734,0.8534675,-0.084977716,-0.51417124,0.061250567,0.9961345,-0.06296316
1356068267751,0.5419351,0.087754905,0.83582616,0.83943737,-0.10460812,-0.5332935,0.04063514,0.9906342,-0.13035552
1356068267790,0.5684989,0.1635147,0.80627036,0.8225963,-0.12729342,-0.5541947,0.012013912,0.97829413,-0.20687279
1356068267830,0.58526164,0.22318295,0.7795243,0.8107761,-0.14858872,-0.5661833,-0.010533929,0.9633851,-0.26791462
1356068267870,0.58772004,0.2530423,0.76847565,0.8088224,-0.16053012,-0.5657176,-0.019786954,0.95404387,-0.29901305
1356068267908,0.5764984,0.25215626,0.7772173,0.8169068,-0.15727466,-0.55491257,-0.017688096,0.9548204,-0.2966568
1356068267948,0.5544798,0.22597358,0.80092955,0.8321332,-0.13861537,-0.5369731,-0.010320604,0.96422076,-0.26489955
1356068267988,0.5262372,0.18261528,0.8304975,0.8503356,-0.11077653,-0.5144492,-0.0019467175,0.9769239,-0.21357903
1356068268028,0.49779046,0.13106444,0.857337,0.86727464,-0.08237587,-0.49096733,0.006275505,0.9879455,-0.15467477
1356068268069,0.4747787,0.07873309,0.87657654,0.8799942,-0.058287457,-0.4713945,0.013979048,0.99519026,-0.09695831
1356068268115,0.46258724,0.031728297,0.8860059,0.8863437,-0.039313734,-0.46135587,0.020194143,0.9987231,-0.04630822
1356068268150,0.46381196,-0.006549746,0.88590944,0.88560486,-0.023814708,-0.46382865,0.02413562,0.99969494,-0.0052450597
1356068268190,0.4793068,-0.034092456,0.876985,0.8772861,-0.010061055,-0.4798624,0.025183082,0.999368,0.025086492
1356068268230,0.5094321,-0.048816353,0.859125,0.8602313,0.0034413636,-0.50989246,0.02193454,0.9988018,0.043746486
1356068268269,0.5533838,-0.048608154,0.83150685,0.8328401,0.017918974,-0.55322355,0.011991471,0.99865717,0.050398916
1356068268310,0.6091201,-0.03108105,0.79246867,0.793044,0.0331188,-0.6082633,-0.0073401034,0.99896795,0.044821993
1356068268350,0.67130524,0.0023350716,0.7411773,0.740366,0.044769987,-0.6707114,-0.034748644,0.9989946,0.028325528
1356068268388,0.7295475,0.043190956,0.682565,0.68102056,0.04608307,-0.7308128,-0.063019186,0.9980035,0.0042058527
1356068268429,0.774045,0.07687035,0.6284466,0.62784183,0.034834832,-0.77756095,-0.08166316,0.9964323,-0.021298677
1356068268470,0.80173635,0.09331119,0.59034884,0.5916684,0.0158045,-0.80602646,-0.08454147,0.99551153,-0.04253824
1356068268509,0.81557214,0.09510943,0.57078576,0.573524,-0.0017870888,-0.81918687,-0.07689233,0.9954652,-0.05600503
1356068268550,0.8181572,0.0872598,0.5683348,0.5714711,-0.014145762,-0.8205002,-0.06355712,0.9960851,-0.06143991
1356068268588,0.8097005,0.074038446,0.5821542,0.5848883,-0.020905942,-0.8108444,-0.047863185,0.9970362,-0.060231768
1356068268629,0.7890388,0.057134897,0.61168087,0.61360824,-0.02459696,-0.7892275,-0.03004697,0.99806345,-0.054466397
1356068268669,0.7540898,0.037265867,0.6557132,0.65671325,-0.0295043,-0.753563,-0.008735806,0.9988697,-0.046721876
1356068268709,0.70368767,0.018208444,0.71027607,0.7103295,-0.040525556,-0.7027017,0.015989244,0.9990126,-0.04145132
1356068268750,0.6442568,0.00940606,0.7647514,0.76366246,-0.06264977,-0.6425687,0.041867495,0.9979912,-0.047545567
1356068268788,0.58500886,0.023322433,0.8106915,0.8087336,-0.09189361,-0.5809523,0.060948193,0.9954957,-0.0726202
1356068268828,0.545967,0.0705972,0.834827,0.8353001,-0.12288952,-0.53588426,0.06475955,0.9899062,-0.12606348
1356068268868,0.5242737,0.14231667,0.83957314,0.8498697,-0.14935167,-0.50538665,0.053466648,0.97848874,-0.1992518
1356068268908,0.5102367,0.2176668,0.8320334,0.8593373,-0.16796456,-0.48303962,0.03461042,0.9614619,-0.27275088
1356068268948,0.49180686,0.27535596,0.8260177,0.8705157,-0.17524715,-0.45988154,0.01812607,0.9452342,-0.32588944
1356068268995,0.46361005,0.30415586,0.83219886,0.8859954,-0.1684969,-0.43199658,0.00882864,0.9376023,-0.3475975
1356068269028,0.42679876,0.30414897,0.8516667,0.90432996,-0.14925094,-0.3998893,0.0054861307,0.94086,-0.33875117
1356068269068,0.380844,0.27440834,0.88298243,0.92461824,-0.11947413,-0.3616727,0.0062475204,0.95416254,-0.29922396
1356068269116,0.33126226,0.22171897,0.9171183,0.94347876,-0.08879629,-0.31931654,0.010638177,0.9710592,-0.23860198
1356068269150,0.28462702,0.15621701,0.9458243,0.9584433,-0.06627518,-0.2774781,0.019337893,0.98549676,-0.16858888
1356068269190,0.24794501,0.08945131,0.96463555,0.96827924,-0.0547058,-0.24380869,0.03096217,0.9944877,-0.100177854
1356068269230,0.22625515,0.030562282,0.97358847,0.9731761,-0.049855202,-0.2245943,0.041674346,0.9982887,-0.04102248
1356068269270,0.22184241,-0.015478164,0.97495973,0.9739243,-0.04520434,-0.22232446,0.047513634,0.99885786,0.005046308
1356068269311,0.2356753,-0.046078444,0.97073877,0.97075474,-0.03585252,-0.23738095,0.045741647,0.9982941,0.036281317
1356068269350,0.2682954,-0.058934838,0.96153224,0.9627383,-0.01877302,-0.26978254,0.033950448,0.99808526,0.051702082
1356068269390,0.3196736,-0.052265972,0.9460851,0.9474716,0.006765604,-0.31976828,0.01031217,0.99861026,0.051683336
1356068269430,0.38705885,-0.02596438,0.9216894,0.9217447,0.036827028,-0.38604465,-0.023919702,0.99898434,0.03818673
1356068269470,0.46222734,0.014924288,0.8866359,0.8846757,0.060777023,-0.46222854,-0.060785532,0.99803984,0.0148896575
1356068269510,0.5306723,0.05692044,0.84566367,0.84307003,0.06730862,-0.5335752,-0.08729181,0.9961072,-0.01226908
1356068269548,0.5797195,0.08505878,0.81036437,0.80928874,0.05553846,-0.58477956,-0.09474704,0.99482685,-0.036640406
1356068269591,0.60579145,0.09388399,0.79006493,0.79116124,0.033940643,-0.6106652,-0.084147036,0.9950044,-0.05371645
1356068269628,0.61156833,0.0884231,0.78623503,0.7885933,0.012345955,-0.61479115,-0.064068556,0.9960065,-0.062179476
1356068269669,0.5998848,0.07491779,0.7965711,0.799019,-0.004687056,-0.6012874,-0.04131353,0.9971786,-0.06267242
1356068269709,0.570976,0.05634576,0.8190308,0.8207642,-0.017018333,-0.5710135,-0.018235624,0.99826616,-0.055963635
1356068269749,0.5241886,0.03598109,0.8508418,0.8515918,-0.027100936,-0.52350456,0.0042223334,0.998985,-0.044847205
1356068269790,0.46251655,0.014012247,0.88649994,0.8861536,-0.039410055,-0.46171293,0.028467357,0.9991249,-0.030644834
1356068269847,0.38762882,-0.0024621785,0.92181224,0.92017126,-0.058668047,-0.3870955,0.05503404,0.9982745,-0.020475775
1356068269879,0.30968174,0.0010323226,0.95083976,0.9478178,-0.08000633,-0.30861074,0.07575455,0.9967939,-0.025754988
1356068269915,0.25353065,0.035752833,0.9666664,0.96393067,-0.09300932,-0.24937311,0.080993235,0.99502313,-0.058043927
1356068269960,0.22488254,0.1052126,0.96868885,0.97225857,-0.08988702,-0.21594837,0.064352006,0.9903791,-0.12250787
1356068270000,0.21041346,0.19204715,0.95856357,0.9770528,-0.074486494,-0.19954869,0.03307724,0.97855484,-0.20331314
1356068270038,0.19087535,0.26598814,0.9448899,0.98160315,-0.056315064,-0.18243897,0.004684925,0.96233,-0.27184397
1356068270079,0.15925196,0.31014994,0.9372544,0.98718727,-0.04040137,-0.15436691,-0.0100105405,0.9498288,-0.3126101
1356068270118,0.11231798,0.31791642,0.9414424,0.99362755,-0.026940227,-0.10944635,-0.009432137,0.94773585,-0.31891638
1356068270158,0.05613023,0.2953635,0.95373464,0.9984227,-0.015420854,-0.053984553,-0.001237601,0.9552605,-0.29576313
1356068270198,-0.0035546124,0.24840274,0.9686503,0.99995565,-0.0075609386,0.0056084692,0.00871706,0.96862733,-0.24836487
1356068270238,-0.05801645,0.18921572,0.9802201,0.99815804,-0.0064495504,0.06032318,0.017736107,0.98191434,-0.18849295
1356068270278,-0.10095522,0.12940174,0.98643976,0.99456245,-0.012355894,0.10340732,0.02556938,0.99151534,-0.1274507
1356068270318,-0.13046688,0.07563773,0.9885632,0.9909425,-0.02203548,0.13246694,0.031803012,0.99689186,-0.07207769
1356068270358,-0.14653933,0.031027883,0.98871815,0.98856485,-0.03135556,0.14750057,0.03557837,0.9990266,-0.026078284
1356068270398,-0.15062326,-0.0037135184,0.9885843,0.9879316,-0.03709036,0.15038452,0.036108494,0.999305,0.009255409
1356068270438,-0.1434567,-0.028016776,0.9892601,0.98914135,-0.036312044,0.14241108,0.031932145,0.99894774,0.03292173
1356068270478,-0.125391,-0.04151666,0.9912384,0.99188745,-0.026287079,0.124372035,0.020893157,0.99879205,0.044475913
1356068270518,-0.09673035,-0.04355997,0.994357,0.99531025,-0.0051198006,0.096598804,8.830726E-4,0.9990377,0.0438509
1356068270559,-0.057550132,-0.033903003,0.9977668,0.99799955,0.024243891,0.05838734,-0.02616924,0.999131,0.032439947
1356068270598,-0.009695768,-0.013063312,0.9998677,0.9985161,0.05345893,0.010381132,-0.053587466,0.9984846,0.0125255585
1356068270638,0.041638285,0.0141736865,0.99903214,0.9965882,0.07072654,-0.042539805,-0.07126102,0.9973949,-0.011180401
1356068270678,0.08766028,0.03918907,0.99537927,0.99348783,0.06956896,-0.09023273,-0.07278365,0.9968071,-0.032835484
1356068270719,0.120854735,0.055303097,0.99112856,0.99091244,0.052671313,-0.123767346,-0.0590488,0.9970794,-0.048434973
1356068270758,0.13850293,0.061309755,0.98846245,0.98963124,0.029768795,-0.14051312,-0.03804013,0.99767476,-0.05655098
1356068270800,0.1415889,0.05811861,0.98821795,0.98982346,0.0060231388,-0.14217314,-0.014215082,0.9982915,-0.05667436
1356068270838,0.13318908,0.04933545,0.98986197,0.9910538,-0.015238583,-0.13259006,0.008542657,0.99866605,-0.050923735
1356068270880,0.11773509,0.035515487,0.9924097,0.9925272,-0.036478102,-0.116443604,0.03206572,0.9987031,-0.03954479
1356068270918,0.09928247,0.021001339,0.99483764,0.9934411,-0.059085816,-0.09789577,0.056724906,0.998032,-0.026729763
1356068270959,0.08375645,0.012284905,0.9964105,0.9930787,-0.08365095,-0.082445025,0.082337886,0.9964193,-0.019206136
1356068270998,0.075304925,0.02032113,0.9969535,0.9919572,-0.103530765,-0.07281721,0.10173562,0.9944186,-0.027954042
1356068271039,0.076710016,0.05820012,0.9953534,0.9916278,-0.10845724,-0.070081234,0.103874505,0.992396,-0.06603259
1356068271079,0.08293161,0.12353554,0.9888687,0.99285054,-0.095724255,-0.07130706,0.08584976,0.9877124,-0.13059092
1356068271121,0.08796421,0.20294738,0.9752305,0.99469554,-0.070299655,-0.07509038,0.053319037,0.97666276,-0.20805472
1356068271158,0.08785874,0.27347773,0.95785743,0.9959269,-0.04367429,-0.078881264,0.020261467,0.96088636,-0.276201
1356068271198,0.08416921,0.31911162,0.94397205,0.9964503,-0.025505543,-0.08022618,-0.0015245676,0.94737387,-0.32012564
1356068271238,0.081626296,0.3330819,0.9393581,0.9966313,-0.01976347,-0.0795953,-0.007946819,0.94269073,-0.3335731
1356068271278,0.08562398,0.31541243,0.94508386,0.99632335,-0.02436465,-0.08213478,-0.0028796792,0.94864184,-0.31633896
1356068271318,0.10019824,0.2718224,0.95711696,0.9949382,-0.034757644,-0.09428644,0.0076379776,0.9617195,-0.27392912
1356068271358,0.12676945,0.21153021,0.96911526,0.9917141,-0.0475125,-0.11935499,0.020797938,0.97621596,-0.21580064
1356068271398,0.16417396,0.1450907,0.97570264,0.9857693,-0.060367465,-0.15689093,0.036137223,0.9875751,-0.15293673
1356068271438,0.20915374,0.08117139,0.97450805,0.9764849,-0.07060197,-0.2036972,0.05226779,0.9941964,-0.09402931
1356068271478,0.2581881,0.025583148,0.96575594,0.9638218,-0.07535204,-0.25567496,0.066230655,0.9968288,-0.044112653
1356068271518,0.30821106,-0.018608421,0.95113605,0.948333,-0.07313135,-0.30873358,0.0753029,0.99714875,-0.0048929453
1356068271558,0.3581581,-0.048877418,0.93238074,0.9304462,-0.06411332,-0.36077598,0.07741183,0.996745,0.022515118
1356068271598,0.407295,-0.062778324,0.9111365,0.91056633,-0.049171448,-0.41042805,0.070567876,0.99681544,0.037136525
1356068271638,0.45593864,-0.059046537,0.8880504,0.88841295,-0.029576838,-0.45809132,0.053314447,0.997817,0.038972482
1356068271678,0.504472,-0.038912952,0.86255074,0.8630175,-0.008078247,-0.5051095,0.02662319,0.99920994,0.029507324
1356068271718,0.5526962,-0.0069058537,0.8333542,0.83337057,0.009996608,-0.5526242,-0.004514396,0.9999262,0.011280224
1356068271759,0.6000506,0.02774486,0.7994808,0.7993561,0.018096432,-0.60058504,-0.03113088,0.9994512,-0.011319235
1356068271799,0.6460309,0.054148793,0.7613882,0.7619582,0.013617948,-0.64748293,-0.04542893,0.99843997,-0.032461494
1356068271839,0.69036245,0.065938056,0.7204525,0.72201794,1.283437E-4,-0.69187427,-0.045713305,0.9978237,-0.047519833
1356068271879,0.7327958,0.06420678,0.6774126,0.6794497,-0.015118666,-0.7335664,-0.03685841,0.99782217,-0.05470419
1356068271919,0.7708305,0.051742524,0.63493544,0.63663495,-0.02701813,-0.77069193,-0.02272278,0.9982949,-0.053767502
1356068271958,0.80272454,0.033303916,0.59541917,0.59631306,-0.033733584,-0.8020427,-0.0066255033,0.99887574,-0.04693833
