1356068600707,-0.8634682,-0.050429136,-0.501876,-0.5019456,-0.012192428,0.8648132,-0.049730867,0.9986532,-0.014784932
1356068600750,0.64883804,0.04348293,0.7596831,0.7592995,0.028253585,-0.6501276,-0.049733162,0.99865454,-0.014684543
1356068600788,0.64811313,0.043082952,0.7603245,0.75991774,0.0286282,-0.6493887,-0.049744368,0.9986613,-0.014185205
1356068600830,0.6461049,0.04193136,0.7620959,0.7616234,0.029704228,-0.6473386,-0.049781233,0.9986788,-0.0127438605
1356068600868,0.64266247,0.03979811,0.76511514,0.76452506,0.031684086,-0.643815,-0.04986462,0.9987053,-0.010064483
1356068600910,0.638042,0.036634564,0.76912963,0.76837575,0.034585267,-0.63906384,-0.05001238,0.99873006,-0.0060822666
1356068600948,0.6332443,0.03281179,0.7732562,0.7723217,0.038025305,-0.6340926,-0.050209045,0.998738,-0.0012619793
1356068600999,0.62317544,0.027589738,0.78159523,0.7804485,0.042620793,-0.62376565,-0.05052173,0.99871033,0.0050278604
1356068601039,0.6225797,0.022931606,0.78222036,0.7808893,0.047006994,-0.6228983,-0.05105391,0.9986313,0.011358529
1356068601078,0.62233514,0.019327462,0.7825123,0.7810213,0.0510893,-0.62241125,-0.052007675,0.99850714,0.016699493
1356068601123,0.62482595,0.017774314,0.7805617,0.77888787,0.05507639,-0.62474024,-0.05409488,0.9983239,0.020568952
1356068601168,0.6336411,0.019825876,0.773373,0.7714193,0.059279114,-0.63355994,-0.058405727,0.9980445,0.022267625
1356068601211,0.64895844,0.025350243,0.7604015,0.75808156,0.063237414,-0.6490867,-0.06454036,0.9976765,0.021820888
1356068601248,0.6718831,0.035086215,0.7398257,0.73707604,0.06643388,-0.6725365,-0.07274619,0.99717367,0.018774614
1356068601289,0.702469,0.049393922,0.70999825,0.7068814,0.0676378,-0.7040907,-0.08280051,0.9964864,0.012597814
1356068601331,0.7412564,0.06937358,0.66762733,0.6644814,0.064763956,-0.7444931,-0.09488633,0.99548626,0.0019092709
1356068601368,0.78130835,0.09230313,0.6172823,0.6147764,0.056906104,-0.7866458,-0.107736975,0.9941035,-0.012284562
1356068601409,0.8229979,0.1193431,0.5553661,0.5547327,0.041559666,-0.83098996,-0.1222537,0.9919828,-0.03199999
1356068601448,0.8571092,0.1456895,0.4941036,0.4967699,0.020064268,-0.86765033,-0.13632135,0.98912686,-0.055176884
1356068601492,0.880726,0.16853674,0.44262528,0.45001286,-0.0063720644,-0.8929994,-0.14768279,0.98567486,-0.08145574
1356068601531,0.8921468,0.18634352,0.41152173,0.42446062,-0.03398493,-0.9048083,-0.15461963,0.98189664,-0.10941503
1356068601572,0.89278895,0.20065117,0.40332,0.42193425,-0.05885279,-0.9047143,-0.15779543,0.9778934,-0.1372047
1356068601633,0.88445336,0.21433502,0.41449094,0.43866062,-0.07900572,-0.89517313,-0.15911983,0.9735598,-0.16389722
1356068601651,0.8670424,0.23001552,0.44196185,0.47171944,-0.09345716,-0.87678194,-0.16036895,0.9686891,-0.18953413
1356068601690,0.83952135,0.24951053,0.4826473,0.51851135,-0.102525175,-0.848902,-0.16232651,0.9629295,-0.21544611
1356068601731,0.8009103,0.27382892,0.5325039,0.57564515,-0.1072762,-0.8106321,-0.16484952,0.95577693,-0.2435469
1356068601771,0.75434786,0.30367333,0.5820153,0.63471836,-0.11102885,-0.7647255,-0.16760623,0.94628483,-0.27650142
1356068601811,0.7022222,0.33855745,0.6263089,0.69128907,-0.11380538,-0.7135599,-0.17030372,0.9340381,-0.31395775
1356068601852,0.6601967,0.37809977,0.64898443,0.7308128,-0.123939216,-0.6712315,-0.17335781,0.917431,-0.3581444
1356068601890,0.6265152,0.41961002,0.6568151,0.7590966,-0.13736969,-0.63631904,-0.17677934,0.8972497,-0.4045888
1356068601932,0.6044632,0.45891914,0.6511662,0.7761258,-0.15497926,-0.6112365,-0.1795909,0.8748569,-0.4498583
1356068601972,0.58131313,0.49084154,0.6489604,0.79372895,-0.16653904,-0.58502924,-0.1790794,0.85518384,-0.48640648
1356068602008,0.5434046,0.51093185,0.6660782,0.82139134,-0.1598269,-0.5475141,-0.17328511,0.8446325,-0.50652564
1356068602048,0.47993243,0.51573,0.7097094,0.8619902,-0.12670946,-0.49083352,-0.16321072,0.8473295,-0.5053662
1356068602086,0.37969428,0.49939677,0.77873945,0.91255486,-0.06396181,-0.40392148,-0.1519075,0.86400914,-0.4800129
1356068602129,0.23499204,0.4533848,0.8597796,0.961467,0.021427289,-0.27408406,-0.14268827,0.89105725,-0.43087924
1356068602169,0.048455015,0.37042898,0.92759603,0.98938483,0.10958184,-0.09544334,-0.13700265,0.9223741,-0.36118698
1356068602209,-0.14810827,0.25996774,0.9541911,0.9798165,0.16954699,0.105893016,-0.13425148,0.9506159,-0.27983207
1356068602251,-0.32134554,0.14290139,0.93611765,0.9375391,0.18711922,0.29326913,-0.13325706,0.9718876,-0.19410557
1356068602288,-0.4379562,0.04842773,0.897691,0.88920844,0.1702832,0.42463157,-0.13229778,0.9842044,-0.117638946
1356068602328,-0.5110754,-0.020905644,0.85928166,0.8495673,0.13952678,0.50869215,-0.13052735,0.9899976,-0.05354792
1356068602368,-0.5474153,-0.06778327,0.83411145,0.8270751,0.10816026,0.5515869,-0.12760606,0.9918199,-0.003146708
1356068602408,-0.556192,-0.098137975,0.82523906,0.8217274,0.08340734,0.56374407,-0.1241557,0.99167144,0.034252167
1356068602448,-0.54000974,-0.11615983,0.83360434,0.8327166,0.07025379,0.5492243,-0.12236163,0.99074274,0.058790505
1356068602488,-0.49593884,-0.1237925,0.85948825,0.8592768,0.07280594,0.5063031,-0.12525237,0.98963356,0.0702647
1356068602528,-0.4132113,-0.119330585,0.90278274,0.9005787,0.09337747,0.42454517,-0.13496083,0.98845375,0.06888193
1356068602568,-0.2651915,-0.09534821,0.9594698,0.952392,0.1293267,0.27608714,-0.15040946,0.98700726,0.056512535
1356068602632,-0.017376065,-0.039797634,0.9990567,0.9858769,0.16577846,0.023750693,-0.16656724,0.98535967,0.03635508
1356068602652,0.2851894,0.03791353,0.957721,0.94209814,0.17281395,-0.28737846,-0.17640314,0.98422456,0.013566434
1356068602691,0.49663728,0.09436521,0.86281323,0.8499327,0.14866619,-0.50548273,-0.17597115,0.9843747,-0.006370902
1356068602730,0.5781537,0.11335161,0.8080159,0.7989178,0.122512445,-0.58883035,-0.16573685,0.98597264,-0.019727588
1356068602770,0.5697566,0.107013375,0.81481624,0.80806255,0.107666135,-0.5791744,-0.14970756,0.98841095,-0.025130033
1356068602810,0.4953549,0.08561158,0.86446184,0.8586936,0.10228197,-0.50217897,-0.1314112,0.9910646,-0.022848219
1356068602851,0.36194843,0.054408878,0.930609,0.925354,0.099778116,-0.36573818,-0.11275384,0.9935211,-0.014232904
1356068602891,0.18588081,0.018948346,0.98238957,0.97807944,0.09193489,-0.18683851,-0.093856186,0.9955847,-0.0014440715
1356068602931,0.0070880353,-0.010646522,0.9999182,0.9971718,0.07489398,-0.0062711835,-0.074821115,0.99713475,0.011147201
1356068602971,-0.12704986,-0.023077846,0.9916278,0.99031746,0.05343312,0.12812546,-0.055942655,0.9983047,0.016065717
1356068603012,-0.20744503,-0.011938542,0.97817385,0.9773874,0.039370418,0.20775878,-0.040991455,0.9991534,0.0035014153
1356068603050,-0.23092061,0.02858457,0.9725526,0.9723147,0.043529987,0.22958475,-0.03577262,0.9986431,-0.037845194
1356068603089,-0.21544051,0.09560639,0.9718255,0.9755127,0.066193044,0.20974603,-0.044274956,0.9932159,-0.107525885
1356068603129,-0.18701476,0.1721755,0.967151,0.98035777,0.09549081,0.17256895,-0.06264192,0.980427,-0.18665177
1356068603160,-0.17103228,0.23392412,0.95709324,0.98208296,0.118489236,0.14653787,-0.07912648,0.96500766,-0.24999839
1356068603199,-0.18329445,0.26215452,0.9474588,0.9790922,0.13516691,0.15201455,-0.08821374,0.95551294,-0.28144878
1356068603240,-0.22399592,0.24894923,0.942258,0.9704507,0.14598906,0.19212693,-0.08972955,0.95745057,-0.2742939
1356068603280,-0.28031775,0.20106658,0.93861294,0.95589614,0.14776793,0.253825,-0.08766118,0.9683681,-0.23362076
1356068603321,-0.3345918,0.13477162,0.9326762,0.9385717,0.1363514,0.317004,-0.084448576,0.98145044,-0.17211485
1356068603360,-0.37245435,0.068823785,0.925495,0.92456734,0.113836944,0.3636156,-0.08033013,0.9911127,-0.1060313
1356068603401,-0.38996416,0.013682753,0.9207283,0.9177357,0.08767676,0.38739374,-0.07542589,0.996055,-0.046747983
1356068603441,-0.3900987,-0.029708862,0.92029357,0.9180648,0.064051926,0.39122167,-0.07056931,0.99750423,0.0022881627
1356068603480,-0.3723727,-0.06186369,0.9260192,0.9256278,0.04777628,0.37540704,-0.06746581,0.99694043,0.039472222
1356068603521,-0.34107876,-0.08448219,0.9362308,0.93756294,0.041604877,0.34531832,-0.06812501,0.995556,0.065016866
1356068603560,-0.29256272,-0.09707785,0.951306,0.95330846,0.048313618,0.29810885,-0.074900776,0.99410355,0.07841039
1356068603634,-0.22326303,-0.09723812,0.9698961,0.9705964,0.06967187,0.2304093,-0.08997905,0.99281955,0.078823805
1356068603635,-0.13275343,-0.08596301,0.9874142,0.98516476,0.097865045,0.14097106,-0.108751595,0.9914801,0.071695805
1356068603665,-0.020145655,-0.054881215,0.9982897,0.9908489,0.1321938,0.027262896,-0.13346398,0.9897034,0.05171585
1356068603697,0.11389163,-0.011246353,0.99342954,0.98146975,0.15637001,-0.11075023,-0.15409708,0.98763454,0.028847158
1356068603738,0.24758723,0.038579196,0.9680972,0.95485866,0.15957549,-0.25056073,-0.16415104,0.9864316,0.0026711226
1356068603778,0.36192822,0.07770857,0.9289614,0.91813827,0.14275394,-0.36965293,-0.16133806,0.98670286,-0.0196805
1356068603818,0.44148558,0.09770894,0.8919325,0.8847267,0.118218124,-0.45086938,-0.14949656,0.9881688,-0.034254104
1356068603858,0.4866139,0.100955516,0.8677643,0.8632642,0.09690055,-0.49536377,-0.13409656,0.99016076,-0.039998144
1356068603898,0.5014308,0.092313826,0.8602589,0.8570806,0.082880124,-0.508472,-0.11823732,0.9922747,-0.037561715
1356068603938,0.48806947,0.075020224,0.8695747,0.86680794,0.074927405,-0.49298075,-0.10213852,0.99436307,-0.028458357
1356068603978,0.44695085,0.051381797,0.89308167,0.89053535,0.06902093,-0.44964755,-0.08474502,0.99629116,-0.014908344
1356068604018,0.38124177,0.026261032,0.9241023,0.9221435,0.060149938,-0.38214296,-0.065620154,0.9978438,-0.0012847483
1356068604058,0.30445823,0.010939032,0.9524628,0.9513581,0.046002418,-0.30463344,-0.04714796,0.9988814,0.0035988986
1356068604098,0.23965421,0.021354198,0.9706235,0.97020227,0.03148064,-0.24024284,-0.035686046,0.9992763,-0.013173431
1356068604138,0.20480761,0.06703812,0.9765038,0.9780932,0.023948759,-0.20678505,-0.03724855,0.99746287,-0.060664654
1356068604178,0.19832855,0.1408022,0.9699693,0.9788051,0.023092985,-0.20348737,-0.0510509,0.98976827,-0.13323787
1356068604219,0.19907516,0.21820277,0.955383,0.9776029,0.023703814,-0.20911893,-0.068276584,0.9756155,-0.20859677
1356068604258,0.18464047,0.27413705,0.94379914,0.9796115,0.026031375,-0.19920778,-0.07917866,0.9613383,-0.26374143
1356068604298,0.1424008,0.29512945,0.9447861,0.9865564,0.034999013,-0.1596294,-0.08017793,0.95481604,-0.28617793
1356068604338,0.070620984,0.27846098,0.9578476,0.9947171,0.05205956,-0.08847383,-0.074501604,0.95903563,-0.27331334
1356068604379,-0.019616693,0.23214266,0.9724839,0.9975178,0.070335776,0.0033317804,-0.06762692,0.9701354,-0.23294616
1356068604418,-0.11116049,0.17028841,0.9791043,0.99185646,0.080634624,0.098584116,-0.06216201,0.9820896,-0.17786503
1356068604458,-0.1892649,0.10786751,0.97598326,0.98020864,0.07951677,0.18129596,-0.05805111,0.99098015,-0.120782375
1356068604498,-0.24799764,0.05378601,0.96726644,0.9671979,0.07043636,0.24406335,-0.055003554,0.99606514,-0.06948984
1356068604538,-0.28874922,0.009798795,0.95735466,0.9559059,0.05888194,0.2877096,-0.053551674,0.99821687,-0.026368797
1356068604578,-0.313685,-0.024496317,0.949211,0.94796497,0.04923898,0.31454393,-0.05444333,0.9984865,0.007776141
1356068604624,-0.32394034,-0.049090534,0.944803,0.94426084,0.04508257,0.32609677,-0.058602422,0.9977764,0.031750143
1356068604660,-0.31906116,-0.063430876,0.9456091,0.94531095,0.050004005,0.32231483,-0.067729,0.9967327,0.04400754
1356068604700,-0.29793072,-0.06678745,0.95224816,0.95094323,0.066316426,0.30217373,-0.08333105,0.9955609,0.043753445
1356068604740,-0.2586496,-0.057929277,0.9642327,0.96049094,0.090755284,0.26309827,-0.10275033,0.994187,0.03216666
1356068604780,-0.20205468,-0.037442386,0.9786583,0.9722232,0.11286712,0.20504418,-0.11813569,0.9929044,0.013596952
1356068604820,-0.13679546,-0.011138141,0.9905367,0.98302287,0.121908545,0.13712862,-0.12228218,0.99247885,-0.00572747
1356068604861,-0.078381926,0.010915786,0.9968637,0.99022615,0.1165643,0.076583624,-0.11536279,0.9931232,-0.019945681
1356068604901,-0.038800806,0.022511125,0.99899334,0.9940064,0.10312489,0.036283344,-0.10220426,0.9944136,-0.026377559
1356068604958,-0.020770222,0.023696035,0.99950343,0.9958558,0.08902684,0.018583804,-0.08854228,0.9957473,-0.025446951
1356068604980,-0.022250831,0.015722126,0.9996288,0.9969226,0.0755254,0.02100277,-0.07516709,0.9970199,-0.01735419
1356068605019,-0.03816119,0.0024223328,0.99926865,0.9973873,0.06147489,0.037940323,-0.061338037,0.9981057,-0.0047619343
1356068605056,-0.061947584,-0.012906462,0.997996,0.99706984,0.044163227,0.062461257,-0.044880897,0.99894094,0.01013279
1356068605099,-0.08706987,-0.02444759,0.99590224,0.9959042,0.022316277,0.087617844,-0.024366915,0.999452,0.022404373
1356068605138,-0.10591668,-0.022565484,0.994119,0.99436855,0.0012062192,0.10597059,-0.0035904646,0.99974465,0.022310615
1356068605179,-0.10866606,0.006514609,0.99405694,0.99404186,-0.007846713,0.10871586,0.008508325,0.9999479,-0.005623102
1356068605218,-0.09686124,0.06589377,0.9931143,0.9952884,0.0020534396,0.09693697,0.0043482184,0.99782455,-0.06578225
1356068605258,-0.07542539,0.14767343,0.9861559,0.9970239,0.02698642,0.0722155,-0.015948474,0.9886679,-0.1492694
1356068605298,-0.058339655,0.22582662,0.972419,0.9975114,0.05181694,0.047811538,-0.039590627,0.97278845,-0.22828764
1356068605338,-0.054812938,0.27715668,0.95926,0.99700654,0.06765804,0.037421584,-0.054529935,0.95843965,-0.2800355
1356068605379,-0.067956656,0.28967357,0.95471,0.995973,0.0757862,0.047899038,-0.058478743,0.9541204,-0.29365724
1356068605418,-0.0918479,0.26825482,0.9589595,0.99407345,0.0809437,0.07256827,-0.058155,0.9599414,-0.27409947
1356068605460,-0.12413147,0.21609733,0.9684489,0.99051785,0.084890395,0.10801795,-0.0588696,0.9726745,-0.22458583
1356068605499,-0.14941588,0.15683243,0.9762574,0.9868945,0.08450964,0.13746768,-0.060943782,0.9840029,-0.16740412
1356068605539,-0.16796774,0.097707,0.98093843,0.983799,0.0798648,0.16050261,-0.06266025,0.9920055,-0.10953879
1356068605578,-0.17456305,0.04666525,0.9835396,0.9826587,0.07168722,0.17100546,-0.06252721,0.9963349,-0.058369994
1356068605627,-0.17004341,0.0053200126,0.98542225,0.9835731,0.062384427,0.16938761,-0.060573846,0.99803805,-0.01584065
1356068605660,-0.15438569,-0.02631843,0.98766,0.9863026,0.05464846,0.15562975,-0.058070004,0.9981587,0.017520964
1356068605700,-0.12692297,-0.047791243,0.99076056,0.99023557,0.051951706,0.12936172,-0.057654023,0.9975053,0.040730774
1356068605740,-0.085758924,-0.057753205,0.9946406,0.9943106,0.058345914,0.0891183,-0.06318009,0.9966244,0.052420974
1356068605778,-0.027622879,-0.054032683,0.998157,0.99660015,0.07604915,0.031696558,-0.07762161,0.99563897,0.051748276
1356068605818,0.050628513,-0.034296513,0.9981284,0.99375093,0.10127571,-0.0469265,-0.099476695,0.994267,0.039209664
1356068605858,0.14651224,-2.7626753E-4,0.9892088,0.9818017,0.12218705,-0.14538106,-0.1208283,0.992507,0.018173188
1356068605898,0.24609703,0.038258135,0.9684899,0.96021533,0.12645417,-0.2489897,-0.13199547,0.9912344,-0.0056160986
1356068605938,0.329967,0.06755239,0.9415723,0.93505853,0.11351207,-0.33582813,-0.1295658,0.99123746,-0.025710166
1356068605978,0.38745618,0.08185777,0.91824675,0.9143356,0.09311484,-0.3941067,-0.11776307,0.9922847,-0.038767546
1356068606018,0.41812178,0.083360404,0.90455806,0.9025625,0.07449797,-0.42406484,-0.10273802,0.9937309,-0.04408878
1356068606058,0.4241049,0.075834304,0.90243244,0.9013475,0.06125769,-0.4287428,-0.08779439,0.9952371,-0.04237342
1356068606098,0.40684295,0.06195569,0.9113947,0.91056603,0.0523687,-0.41003308,-0.073132515,0.9967041,-0.035108984
1356068606138,0.36792758,0.044079572,0.92880905,0.9280678,0.044483513,-0.36974493,-0.057614833,0.9980371,-0.024542063
1356068606178,0.31254274,0.026920915,0.94952214,0.94903696,0.033843458,-0.31334257,-0.040570587,0.99906456,-0.014971405
1356068606218,0.25381532,0.02067861,0.9670316,0.96695185,0.019509941,-0.25421154,-0.02412343,0.99959576,-0.015043259
1356068606258,0.21075532,0.039018005,0.97675985,0.97743213,0.006351322,-0.2111541,-0.014442563,0.99921834,-0.036798865
1356068606298,0.19631702,0.09000456,0.976401,0.98036695,7.171035E-4,-0.19718057,-0.01844737,0.9959411,-0.08809674
1356068606338,0.2068857,0.16634873,0.96411943,0.9776585,0.0022941232,-0.21018678,-0.037176013,0.98606426,-0.16215757
1356068606380,0.2271331,0.24789044,0.94178605,0.9717604,0.005833924,-0.23589766,-0.06397107,0.9687705,-0.23956501
1356068606418,0.2360345,0.30899477,0.9213088,0.9679514,0.008929238,-0.25097883,-0.0857777,0.9510218,-0.29698431
1356068606459,0.22508417,0.33746424,0.9140323,0.9696479,0.014364883,-0.24408329,-0.09549934,0.94122875,-0.32398814
1356068606499,0.19027816,0.3283161,0.92520416,0.97730684,0.026014253,-0.21022499,-0.093088746,0.9442096,-0.31591564
1356068606538,0.14164197,0.29051048,0.9463304,0.98623437,0.04098016,-0.160195,-0.08531913,0.9559939,-0.28070694
1356068606580,0.0806748,0.22665548,0.970628,0.9938867,0.0553433,-0.095531404,-0.07537043,0.9724013,-0.22080505
1356068606631,0.02945003,0.15832335,0.986948,0.99744576,0.059626132,-0.039328337,-0.065074444,0.98558533,-0.15616292
1356068606661,-0.011976957,0.091924965,0.9956939,0.9984924,0.054445148,0.006984085,-0.05356869,0.9942764,-0.09243846
1356068606700,-0.035571754,0.035654932,0.9987309,0.99846625,0.04369259,0.034002483,-0.042424798,0.9984086,-0.037154496
1356068606740,-0.04484546,-0.0097377,0.9989465,0.9984317,0.033104956,0.045145065,-0.03350967,0.99940443,0.008237898
1356068606780,-0.037320673,-0.042919695,0.99838126,0.9988602,0.028149784,0.03854868,-0.029758781,0.9986819,0.04182017
1356068606822,-0.010908484,-0.06203091,0.9980147,0.9993385,0.033952355,0.013033211,-0.03469339,0.99749655,0.06161952
1356068606860,0.03782329,-0.06492534,0.9971731,0.99802065,0.05262682,-0.034428954,-0.05024275,0.99650145,0.06678733
1356068606900,0.111215204,-0.049518526,0.99256194,0.99100906,0.0802761,-0.10703626,-0.07437876,0.99554193,0.05800125
1356068606941,0.20783687,-0.015735686,0.9780369,0.9730259,0.10566962,-0.2050719,-0.100121826,0.99427676,0.037273288
1356068606980,0.31007093,0.024013728,0.9504101,0.94353986,0.11480105,-0.31073016,-0.11656988,0.9930982,0.012938559
1356068607022,0.3945161,0.05536449,0.91721964,0.9113752,0.10381396,-0.3982686,-0.11727014,0.9930546,-0.009501547
1356068607060,0.4503588,0.07074863,0.89004016,0.88635945,0.08453177,-0.45521566,-0.10744253,0.9939059,-0.02463907
1356068607101,0.47666222,0.07097754,0.8762164,0.8743315,0.06525321,-0.48092255,-0.09131059,0.9953412,-0.030954123
1356068607140,0.47634375,0.060806394,0.87715405,0.8761621,0.0508316,-0.47932878,-0.07373339,0.9968544,-0.029062927
1356068607180,0.45125824,0.04394099,0.89131093,0.8906064,0.04100178,-0.45292285,-0.056447238,0.9981924,-0.02063173
1356068607220,0.40154132,0.022538155,0.9155636,0.91502,0.03244582,-0.40210167,-0.038768888,0.9992194,-0.0075945556
1356068607261,0.3297269,9.976327E-4,0.9440759,0.9438578,0.021172673,-0.32967317,-0.020317554,0.9997754,0.00603953
1356068607300,0.24968982,-0.012559682,0.96824443,0.9683236,0.005412817,-0.24964002,-0.0021055639,0.99990654,0.013513297
1356068607340,0.1817745,-0.005739838,0.9833235,0.98328066,-0.009952664,-0.18182471,0.010830283,0.9999341,0.0038346946
1356068607381,0.15211207,0.03571239,0.98771787,0.98830724,-0.016136706,-0.1516194,0.010523796,0.9992318,-0.03774944
1356068607420,0.15540719,0.105243325,0.9822283,0.9878466,-0.013780236,-0.15481955,-0.0027583838,0.99435097,-0.106105804
1356068607460,0.18149063,0.18780497,0.96529293,0.9831147,-0.011313885,-0.18264017,-0.023379505,0.98214114,-0.1866872
1356068607498,0.20207676,0.2566409,0.9451457,0.9785241,-0.012813479,-0.20573387,-0.04068911,0.96642184,-0.2537186
1356068607538,0.20068789,0.29489806,0.93421596,0.9784217,-0.012494504,-0.20624009,-0.04914725,0.9554471,-0.29104215
1356068607578,0.17427269,0.2986024,0.93833125,0.9833866,-0.0036239326,-0.18148738,-0.050792128,0.9543707,-0.29427314
1356068607626,0.12826037,0.2715007,0.9538536,0.9904325,0.014314592,-0.1372534,-0.05091846,0.9623318,-0.26706713
1356068607660,0.073693246,0.22290045,0.97205186,0.9959139,0.034569234,-0.08342931,-0.052199513,0.974228,-0.21944213
1356068607700,0.02179578,0.16413876,0.9861964,0.99834573,0.048920482,-0.030206352,-0.053203225,0.9852234,-0.16280097
1356068607740,-0.01899597,0.10522869,0.9942666,0.9984914,0.053237885,0.013442218,-0.0515182,0.993022,-0.10608131
1356068607779,-0.04418221,0.052452385,0.9976455,0.9979331,0.04896167,0.04162073,-0.046663254,0.99742246,-0.054507196
1356068607818,-0.053120732,0.007907361,0.99855685,0.99778664,0.040475607,0.05275926,-0.03999999,0.9991492,-0.010039926
1356068607858,-0.043014467,-0.026743323,0.9987165,0.9984807,0.033308625,0.04389617,-0.034439832,0.9990872,0.025269926
1356068607898,-0.010336399,-0.049521327,0.9987196,0.99936545,0.033534765,0.012005955,-0.034086376,0.99820995,0.049143285
1356068607945,0.05024284,-0.058009714,0.9970509,0.99779725,0.0462119,-0.047591776,-0.043314815,0.9972458,0.06020382
1356068607985,0.15383855,-0.04262972,0.98717606,0.98569,0.07629886,-0.15031213,-0.068912655,0.9961733,0.0537574
1356068608016,0.2933751,-0.013370484,0.9559039,0.95144534,0.101545066,-0.29058644,-0.09318206,0.9947411,0.04251209
1356068608060,0.43398994,0.02805096,0.9004809,0.893901,0.111096606,-0.43427947,-0.11222237,0.9934137,0.023139983
1356068608099,0.5518049,0.06437844,0.8314847,0.82545984,0.09993425,-0.55554414,-0.1188589,0.9929092,0.0020023584
1356068608139,0.6291539,0.08342755,0.77279055,0.7689249,0.078587696,-0.6344907,-0.11366588,0.9934102,-0.014705792
1356068608180,0.6687976,0.08495772,0.73857427,0.73673946,0.057385795,-0.6737372,-0.099622875,0.99473065,-0.024212226
1356068608219,0.681294,0.07715759,0.7279321,0.7271775,0.04273826,-0.6851178,-0.0839726,0.9961025,-0.026989937
1356068608260,0.6708751,0.062543064,0.7389283,0.7384666,0.034727305,-0.6733953,-0.06777719,0.99743795,-0.022888273
1356068608298,0.63519955,0.044445544,0.77106816,0.77059364,0.030783087,-0.636583,-0.052029133,0.9985374,-0.014696032
1356068608340,0.5752283,0.023834735,0.81764567,0.8172302,0.026409984,-0.57570595,-0.03531584,0.99936706,-0.0042867213
1356068608378,0.4904066,0.006455779,0.87146986,0.8713064,0.017100424,-0.49044138,-0.018068701,0.9998329,0.0027611554
1356068608418,0.40583435,0.0045731664,0.9139352,0.91394204,0.0011520684,-0.40584317,-0.0029088557,0.9999889,-0.003712058
1356068608458,0.34808785,0.032451272,0.9369001,0.93745536,-0.01579088,-0.34774718,0.0035096407,0.9993485,-0.035918236
1356068608498,0.33383808,0.093881935,0.93794364,0.9426229,-0.029276758,-0.3325732,-0.0037626624,0.99515283,-0.098268956
1356068608538,0.3498817,0.17441526,0.9204141,0.93651605,-0.04119593,-0.34819618,-0.02281344,0.98381007,-0.1777564
1356068608578,0.36413184,0.24729174,0.8979169,0.93023986,-0.04956594,-0.36358896,-0.04540637,0.96767247,-0.24808913
1356068608626,0.35538393,0.29375958,0.88735986,0.93253255,-0.046511695,-0.35807776,-0.06391615,0.9547471,-0.29046988
1356068608660,0.31574738,0.3064175,0.8980044,0.9458909,-0.027047083,-0.3233558,-0.07479349,0.95151293,-0.29837757
1356068608700,0.24628545,0.28432426,0.92655444,0.9660051,0.005514756,-0.258464,-0.07859731,0.95871234,-0.27330053
1356068608740,0.15718168,0.23299518,0.95969117,0.9845363,0.039138317,-0.17075288,-0.07734525,0.97168994,-0.22324032
1356068608779,0.06722844,0.166177,0.9838016,0.9951042,0.06042576,-0.07820755,-0.07244328,0.98424286,-0.16130114
1356068608820,-0.008409947,0.09811565,0.9951395,0.99789333,0.06484261,0.002040118,-0.06432724,0.99306023,-0.09845424
1356068608858,-0.060049355,0.03967902,0.9974065,0.99673176,0.056473136,0.057762146,-0.05403474,0.99761534,-0.042940557
1356068608898,-0.08771473,-0.005989194,0.9961276,0.995216,0.04266393,0.08789098,-0.043025106,0.9990715,0.002218306
1356068608938,-0.092917025,-0.038898706,0.99491376,0.99511635,0.029806554,0.09410131,-0.03331536,0.9987985,0.035939217
1356068608978,-0.07567704,-0.058890194,0.99539185,0.99674964,0.023188293,0.07715213,-0.027624965,0.99799514,0.056943953
1356068609018,-0.034712493,-0.06521413,0.9972674,0.9989724,0.026832938,0.0365265,-0.029141724,0.9975105,0.0642156
1356068609058,0.030605614,-0.057243288,0.99789107,0.99872786,0.041779697,-0.02823463,-0.04007539,0.99748576,0.05844915
1356068609098,0.11895275,-0.034259975,0.9923086,0.9910874,0.06445593,-0.11658099,-0.059966058,0.99733233,0.041621894
1356068609138,0.22103828,-1.3530254E-5,0.97526515,0.9717794,0.08447462,-0.22024715,-0.0823822,0.9964256,0.018685251
1356068609178,0.31649566,0.03521833,0.94794,0.94344854,0.092256546,-0.31842363,-0.09866807,0.9951123,-0.0040278733
1356068609218,0.3864134,0.060223192,0.9203574,0.91638863,0.087970555,-0.39050338,-0.10448164,0.99430084,-0.021194816
1356068609258,0.42501867,0.07116103,0.9023831,0.8994249,0.07908112,-0.42986166,-0.101950884,0.99432504,-0.030393064
1356068609298,0.43561774,0.07014868,0.89739424,0.89506376,0.07188754,-0.4401059,-0.09538436,0.9949429,-0.031472087
1356068609338,0.42284334,0.060106933,0.90420717,0.90199524,0.06812401,-0.4263374,-0.08722401,0.9958645,-0.025410354
1356068609378,0.39060605,0.04302305,0.91955197,0.9173015,0.065755844,-0.39272657,-0.07736221,0.99690783,-0.013780475
1356068609418,0.3433327,0.021265179,0.93897307,0.9369923,0.060965776,-0.34398925,-0.064560264,0.99791336,0.0010062158
1356068609458,0.28839377,-1.3929605E-4,0.95751184,0.9563047,0.05023864,-0.28802285,-0.048063934,0.9987371,0.014621764
1356068609498,0.23783693,-0.010492295,0.9712484,0.97083354,0.033721834,-0.23737109,-0.030261725,0.9993762,0.018206537
1356068609538,0.20545381,0.0050373673,0.97865385,0.9784961,0.017621815,-0.20551136,-0.018280923,0.99983203,-0.0013085902
1356068609578,0.1972656,0.055876136,0.9787564,0.98014283,0.009286672,-0.19807518,-0.020157099,0.9983945,-0.052934706
1356068609631,0.20426786,0.13310182,0.96982396,0.9782276,0.009367347,-0.20732346,-0.036679745,0.9910581,-0.12829039
1356068609659,0.20983845,0.21068308,0.9547672,0.9759935,0.013138115,-0.2174027,-0.058346897,0.9774661,-0.20286846
1356068609700,0.20425498,0.26516026,0.9423216,0.9761644,0.016975999,-0.21636751,-0.07336897,0.96405494,-0.25537252
1356068609740,0.18706343,0.28590488,0.9398221,0.9793364,0.02057764,-0.20118833,-0.07686004,0.958037,-0.27614772
1356068609778,0.16309914,0.27350283,0.9479425,0.9839375,0.025576323,-0.17667165,-0.07256511,0.96153116,-0.26493824
1356068609818,0.1383299,0.23471475,0.96217144,0.9881656,0.032310516,-0.14994892,-0.066283494,0.9715271,-0.22746754
1356068609858,0.12005088,0.18253055,0.9758434,0.990906,0.038139313,-0.12903783,-0.060771346,0.98246014,-0.17629194
1356068609898,0.111819625,0.12804908,0.98544395,0.9921878,0.04081446,-0.11788827,-0.055315822,0.99092764,-0.12248486
1356068609938,0.11424041,0.07783538,0.99039936,0.99224716,0.040167153,-0.117610276,-0.0489358,0.99615675,-0.07264325
1356068609978,0.1261299,0.03443703,0.9914158,0.9911264,0.037885457,-0.12740904,-0.041947782,0.9986885,-0.029352903
1356068610018,0.14622128,-0.0012330413,0.98925114,0.98861325,0.036109626,-0.14608201,-0.035541385,0.9993471,0.0064989924
1356068610058,0.17432976,-0.027914047,0.9842917,0.98418224,0.03695339,-0.17326248,-0.03153649,0.9989271,0.033914536
1356068610098,0.21134499,-0.04351282,0.97644246,0.97686493,0.04280892,-0.20952868,-0.032683223,0.9981352,0.051553607
1356068610138,0.2594385,-0.04590398,0.96466804,0.96487314,0.055107355,-0.2568714,-0.041368872,0.99742466,0.058588535
1356068610178,0.31930304,-0.033341706,0.94706595,0.945894,0.07207048,-0.31637064,-0.05770719,0.99684215,0.054550022
1356068610218,0.38895562,-0.007066071,0.92122936,0.91803664,0.08650425,-0.3869441,-0.07695609,0.99622643,0.040133238
1356068610258,0.46048236,0.02506122,0.88731503,0.8830447,0.088964626,-0.46077895,-0.09048733,0.99571943,0.018836439
1356068610299,0.52333444,0.05137059,0.8505776,0.84721065,0.075707,-0.52583516,-0.09140715,0.995806,-0.0039016306
1356068610338,0.57184136,0.06505239,0.8177809,0.81626403,0.054421753,-0.5751098,-0.081917286,0.9963967,-0.021979272
1356068610380,0.60448474,0.0667676,0.7938138,0.7938324,0.03275363,-0.60725385,-0.06654522,0.9972308,-0.033203244
1356068610419,0.62374085,0.06292552,0.77909416,0.7798381,0.017378077,-0.62573993,-0.052914143,0.99786687,-0.038232267
1356068610459,0.63055956,0.056144267,0.7741076,0.774971,0.009196773,-0.63192993,-0.042598516,0.99838036,-0.037711054
1356068610498,0.62320507,0.048164487,0.7805739,0.7812944,0.005765721,-0.62413603,-0.034561753,0.99882275,-0.03403741
1356068610539,0.6018057,0.039422244,0.797669,0.79819703,0.0036694854,-0.60238534,-0.02667439,0.9992159,-0.029258385
1356068610579,0.5643729,0.03249708,0.82488006,0.82531977,-2.0556152E-4,-0.56466556,-0.01818043,0.9994718,-0.026936486
1356068610633,0.51962465,0.034237027,0.8537084,0.85432374,-0.007946864,-0.5196805,-0.011008054,0.99938214,-0.0333789
1356068610660,0.47834152,0.055906445,0.8763925,0.8780892,-0.016590178,-0.47820926,-0.012195498,0.99829817,-0.057026654
1356068610700,0.45649797,0.10659194,0.88331634,0.88920206,-0.020641565,-0.45704883,-0.030484676,0.9940886,-0.104204595
1356068610741,0.4606282,0.18522021,0.8680524,0.88485587,-0.019078836,-0.4654739,-0.06965369,0.98251176,-0.17268139
1356068610780,0.47342873,0.26842386,0.8389362,0.8729964,-0.016230464,-0.48745656,-0.11722866,0.9631642,-0.24201703
1356068610820,0.47967723,0.33489028,0.81102294,0.86299574,-0.013011433,-0.5050436,-0.15858161,0.9421673,-0.29525018
1356068610860,0.4656992,0.3702975,0.8037437,0.86626726,-0.0051478073,-0.4995544,-0.18084618,0.92889893,-0.32317388
1356068610917,0.42702672,0.37083864,0.8246981,0.8858248,0.011559337,-0.46387586,-0.18155602,0.92862535,-0.3235619
1356068610938,0.3640653,0.33791274,0.86791205,0.9163547,0.03671533,-0.39868042,-0.16658482,0.94046104,-0.29628113
1356068610979,0.28304505,0.27803227,0.91792345,0.94811976,0.06333609,-0.31154028,-0.14475596,0.95848143,-0.24568099
1356068611015,0.19690862,0.20466274,0.95882225,0.9727413,0.08139101,-0.21714017,-0.122480005,0.97544277,-0.18305731
1356068611058,0.11589056,0.12959161,0.9847717,0.9881512,0.08540499,-0.12752718,-0.10063088,0.98788255,-0.11815852
1356068611098,0.049702793,0.0643571,0.9966884,0.99565154,0.07553002,-0.054528147,-0.078789175,0.9950646,-0.06032318
1356068611138,0.0024853945,0.014273256,0.99989504,0.9983171,0.057895124,-0.0033079088,-0.05793625,0.99822056,-0.01410538
1356068611178,-0.0246737,-0.02010855,0.9994933,0.99885404,0.040516794,0.025473088,-0.041008532,0.99897647,0.019085824
1356068611218,-0.031144142,-0.039796084,0.9987223,0.9990182,0.030257106,0.032359004,-0.03150627,0.9987496,0.038814664
1356068611258,-0.015604198,-0.04533422,0.9988499,0.9993521,0.03169328,0.017050564,-0.032429755,0.99846894,0.044810414
1356068611298,0.022899598,-0.03709069,0.99904954,0.9987149,0.04604289,-0.021182507,-0.04521349,0.9982506,0.03809735
1356068611338,0.083527386,-0.01563555,0.99638283,0.9941878,0.06946272,-0.08225334,-0.06792545,0.99746203,0.021346658
1356068611378,0.16076994,0.016347885,0.98685646,0.9825575,0.09202254,-0.16159397,-0.09345472,0.9956227,-0.0012682378
1356068611419,0.24023247,0.050682425,0.96939135,0.96422195,0.1028558,-0.24432898,-0.11209068,0.99340427,-0.02415979
1356068611459,0.30265138,0.07560116,0.95009816,0.9457554,0.09970459,-0.30920166,-0.11810514,0.9921408,-0.041324496
1356068611499,0.3366647,0.08525792,0.93775684,0.93488014,0.088718146,-0.34369785,-0.11249894,0.9924012,-0.04983765
1356068611538,0.34249628,0.08295077,0.9358502,0.9339965,0.07778376,-0.34871238,-0.101719916,0.9935134,-0.050835073
1356068611578,0.32440883,0.07281813,0.94311,0.94163823,0.069863796,-0.3292968,-0.08986798,0.9948952,-0.04590386
1356068611635,0.28506246,0.057789713,0.95676523,0.95528746,0.06464073,-0.2885265,-0.07851988,0.9962338,-0.036779135
1356068611661,0.22906262,0.039764076,0.97259915,0.97111166,0.05931145,-0.23113719,-0.066877246,0.99744725,-0.025029302
1356068611700,0.16322973,0.021008134,0.98636436,0.98515356,0.05042377,-0.16410336,-0.053183705,0.9985069,-0.012465566
1356068611740,0.096895844,0.005931437,0.99527687,0.9946267,0.036049336,-0.09704745,-0.036454737,0.9993324,-0.0024065077
1356068611780,0.042181283,0.0035107434,0.9991038,0.99892175,0.019262344,-0.042241246,-0.019393325,0.9998083,-0.0026943982
1356068611822,0.009340882,0.026312798,0.9996101,0.99988794,0.011447668,-0.009644836,-0.011696994,0.99958825,-0.026202917
1356068611860,0.0017823875,0.08301282,0.99654686,0.999696,0.02435574,-0.0038168132,-0.024588466,0.99625075,-0.082944155
1356068611900,0.0119740665,0.16863662,0.98560554,0.99813825,0.056937605,-0.021868318,-0.05980581,0.9840324,-0.16764086
1356068611942,0.026730686,0.26463985,0.96397674,0.993817,0.09692213,-0.05416611,-0.10776517,0.95946443,-0.26041275
1356068611980,0.028686553,0.33930746,0.9402381,0.9887574,0.12846312,-0.0765259,-0.14675179,0.9318625,-0.33180755
1356068612019,0.015776828,0.37971088,0.9249706,0.9859768,0.14779992,-0.077490896,-0.16613472,0.9132222,-0.37205434
1356068612060,-0.0087495,0.38274297,0.92381346,0.9860871,0.15666644,-0.055568814,-0.16599917,0.9104743,-0.37878865
1356068612100,-0.038870513,0.3508584,0.93562144,0.9872821,0.15793204,-0.018207759,-0.15415293,0.9230145,-0.35253507
1356068612138,-0.06674418,0.2928158,0.95383656,0.9881128,0.15208182,0.022455454,-0.13848591,0.94399685,-0.29948562
1356068612178,-0.08540881,0.22196463,0.97130686,0.98890364,0.13781738,0.055461824,-0.12155241,0.9652658,-0.23127246
1356068612218,-0.091358185,0.1508486,0.98432636,0.9905642,0.11516875,0.074287474,-0.10215747,0.9818253,-0.15994686
1356068612258,-0.08431816,0.08746472,0.9925927,0.993189,0.08776522,0.07663521,-0.08041224,0.99229383,-0.09426916
1356068612298,-0.065436095,0.034986794,0.9972433,0.9960796,0.061908573,0.06318778,-0.05952719,0.9974684,-0.038900673
1356068612338,-0.03556624,-0.0057062507,0.999351,0.9984086,0.043589443,0.035781592,-0.043765396,0.9990332,0.0041468143
1356068612378,0.005380571,-0.033528477,0.99942327,0.9993334,0.03626877,-0.0041633546,-0.036108255,0.9987794,0.03370133
1356068612418,0.058148652,-0.046620607,0.9972187,0.997581,0.04082647,-0.056261122,-0.03808996,0.99807805,0.04888189
1356068612458,0.12409556,-0.044044554,0.99129236,0.9910391,0.055253148,-0.12160897,-0.049415946,0.99750054,0.050506473
1356068612498,0.20193025,-0.026064068,0.979053,0.97699904,0.07531193,-0.1995017,-0.06853452,0.9968193,0.04067239
1356068612538,0.2880821,0.004188627,0.9575966,0.95329547,0.09351739,-0.28719723,-0.090754926,0.9956088,0.022947669
1356068612578,0.3753254,0.038451165,0.9260952,0.9205477,0.10124722,-0.3772808,-0.10827142,0.99411786,0.0026045442
1356068612634,0.455302,0.06618279,0.88787377,0.88288,0.0952363,-0.45984018,-0.11499128,0.99325216,-0.01507017
1356068612660,0.52385026,0.08123788,0.8479277,0.8445071,0.08054106,-0.5294535,-0.1113047,0.99343526,-0.026414514
1356068612700,0.5797304,0.08446893,0.81041825,0.8084196,0.06467992,-0.5850422,-0.1018357,0.9943246,-0.030789435
1356068612740,0.6234429,0.078935385,0.7778741,0.77664703,0.0522705,-0.62776357,-0.09021261,0.9955084,-0.02871725
1356068612780,0.6560001,0.067920685,0.75169855,0.75071126,0.04431422,-0.6591426,-0.078080356,0.9967061,-0.021918684
1356068612820,0.6770601,0.05246955,0.7340549,0.7330838,0.039520547,-0.6789893,-0.06463656,0.9978403,-0.011706799
1356068612860,0.6860477,0.03385347,0.72676855,0.72590935,0.035330847,-0.6868823,-0.048930705,0.9988021,-3.3588707E-4
1356068612901,0.68328726,0.015774399,0.7299793,0.7294892,0.02776429,-0.6834285,-0.03104809,0.99949,0.0074637085
1356068612941,0.672402,0.008100361,0.74014175,0.7400168,0.014026374,-0.672442,-0.01582852,0.9998688,0.0034369677
1356068612981,0.6664581,0.027172834,0.74504715,0.7454419,-0.007870927,-0.6665241,-0.012247145,0.99959975,-0.025501415
1356068613019,0.67267346,0.07951856,0.73565423,0.7394457,-0.035928518,-0.6722568,-0.027025908,0.99618566,-0.0829678
1356068613060,0.6894803,0.1553055,0.7074582,0.7219084,-0.06796732,-0.6886426,-0.058865905,0.9855255,-0.15897845
1356068613100,0.70320493,0.22771554,0.6735343,0.7047753,-0.09830301,-0.70258677,-0.093779504,0.96875286,-0.22961546
1356068613139,0.7047552,0.27541137,0.6538109,0.69982475,-0.118581355,-0.70440316,-0.11647087,0.95398486,-0.2763105
1356068613180,0.69280744,0.29176968,0.65946066,0.71075636,-0.12178141,-0.6928165,-0.12183276,0.94870424,-0.29174823
1356068613220,0.66950196,0.27975965,0.6881146,0.73383784,-0.105555855,-0.6710737,-0.115104795,0.95424974,-0.27596807
1356068613260,0.6388109,0.2467022,0.7287378,0.76222384,-0.07419414,-0.6430475,-0.10457313,0.966247,-0.23543832
1356068613298,0.6055221,0.20081317,0.77007604,0.7901924,-0.036752775,-0.61175585,-0.0945462,0.9789399,-0.18093565
1356068613338,0.5736585,0.14887783,0.80545104,0.8147458,-0.0025183111,-0.579813,-0.08429292,0.9888524,-0.122742236
1356068613378,0.5466529,0.09695944,0.8317268,0.8342372,0.02263008,-0.550941,-0.07224092,0.995031,-0.06851637
1356068613418,0.52679497,0.049551517,0.84854686,0.8479606,0.038347647,-0.5286704,-0.058736205,0.99803513,-0.021816403
1356068613458,0.51660997,0.010422558,0.8561574,0.8549813,0.047505304,-0.51647866,-0.04605508,0.9988166,0.015630603
1356068613498,0.51774615,-0.017573774,0.8553537,0.8547474,0.053494826,-0.51628006,-0.036683977,0.99841344,0.04271789
1356068613538,0.5315226,-0.03194797,0.8464414,0.8463898,0.059303045,-0.52925175,-0.03328803,0.99772865,0.05856137
1356068613578,0.5576445,-0.03133133,0.8294884,0.82918656,0.067373976,-0.5548967,-0.03850034,0.9972358,0.06355022
1356068613625,0.5938839,-0.015512228,0.8044013,0.8027626,0.07804726,-0.591169,-0.05361095,0.9968289,0.058803663
1356068613660,0.6347328,0.011214107,0.77265036,0.76917243,0.08669019,-0.6331339,-0.07408121,0.9961722,0.046399534
1356068613699,0.67208576,0.039980084,0.73939323,0.73486185,0.0866864,-0.67265403,-0.09098807,0.9954331,0.028880864
1356068613741,0.69951403,0.060762227,0.7120309,0.70810616,0.07527563,-0.70208204,-0.09625861,0.9953097,0.009630248
1356068613778,0.71516305,0.06962195,0.69548154,0.6929983,0.0590285,-0.71851856,-0.091077864,0.99582547,-0.006032869
1356068613820,0.7196973,0.06756371,0.6909927,0.6898754,0.04243844,-0.7226832,-0.07815185,0.996812,-0.016067728
1356068613858,0.7137177,0.05866012,0.6979728,0.69763017,0.029531129,-0.7158493,-0.06260374,0.9978411,-0.019846186
1356068613907,0.6975188,0.04578042,0.71510243,0.7150116,0.021238044,-0.69878983,-0.04717821,0.99872565,-0.01791957
1356068613939,0.67043185,0.02994132,0.7413668,0.74127775,0.016158849,-0.6710039,-0.0320704,0.99942106,-0.011361435
1356068613975,0.63144267,0.012817025,0.77531666,0.7752367,0.01145646,-0.63156694,-0.016977191,0.99985224,-0.0027021319
1356068614019,0.5827744,-0.003188938,0.8126277,0.81263304,0.003740877,-0.5827636,-0.0011814535,0.9999879,0.0047715604
1356068614059,0.52830803,-0.010557473,0.8489871,0.8489524,-0.008803651,-0.52839595,0.013052702,0.9999055,0.0043117553
1356068614098,0.482626,0.0040795207,0.87581706,0.8756131,-0.024324745,-0.4824003,0.019336045,0.9996958,-0.015311837
1356068614138,0.45739153,0.051241785,0.8877878,0.88921297,-0.037200063,-0.45597857,0.009660631,0.9979932,-0.06257987
1356068614178,0.45506024,0.12909201,0.88105357,0.8902546,-0.044674218,-0.45326686,-0.01915273,0.99062574,-0.13525417
1356068614218,0.46142703,0.21723571,0.8601707,0.8852056,-0.048116267,-0.46270484,-0.059127808,0.9749325,-0.21450043
1356068614258,0.4592787,0.29016715,0.839563,0.8832039,-0.048150003,-0.46651083,-0.09494117,0.9557639,-0.27839106
1356068614299,0.4385236,0.33182043,0.83521986,0.8914842,-0.04291646,-0.45101455,-0.113811165,0.9423659,-0.31463253
1356068614338,0.39795375,0.33821613,0.8527853,0.9102817,-0.029955283,-0.41290423,-0.11410546,0.9405916,-0.31979275
1356068614378,0.3411966,0.3124367,0.88654846,0.9343096,-0.009175345,-0.3563444,-0.103200674,0.94989425,-0.29504323
1356068614418,0.2754895,0.26223838,0.924844,0.9571507,0.014507711,-0.28922656,-0.08926368,0.96489406,-0.24700496
1356068614458,0.2097632,0.19865888,0.9573578,0.97483975,0.033025652,-0.22044662,-0.07541102,0.9795121,-0.186733
1356068614498,0.15082866,0.13191736,0.9797187,0.986691,0.04082358,-0.15739891,-0.060759336,0.99041975,-0.124004304
