1356069063220,0.102856666,0.027035236,0.99432874,-0.90440047,0.41869792,0.08217007,-0.41410193,-0.90772307,0.067516506
1356069063258,-0.23887578,0.17992482,0.95423555,-0.87832785,0.37902614,-0.29134053,-0.4140996,-0.9077259,0.06749284
1356069063298,-0.23896956,0.17985567,0.95422506,-0.878302,0.37904114,-0.29139894,-0.4141003,-0.90773326,0.067388356
1356069063339,-0.23891172,0.17970958,0.95426714,-0.8782921,0.3791463,-0.29129216,-0.41415492,-0.9077183,0.06725496
1356069063378,-0.2381047,0.17955467,0.95449793,-0.8784257,0.3794396,-0.2905061,-0.414336,-0.9076264,0.06737912
1356069063417,-0.23609108,0.1795448,0.9549999,-0.8787948,0.37997192,-0.2886886,-0.41470566,-0.9074057,0.06807506
1356069063459,-0.23276544,0.17964363,0.95579726,-0.8794254,0.3807491,-0.285729,-0.41524833,-0.9070602,0.06935799
1356069063498,-0.2285676,0.1795893,0.95682,-0.8802365,0.38171405,-0.28191856,-0.41586116,-0.9066653,0.07083362
1356069063538,-0.22386956,0.17936718,0.9579717,-0.8811252,0.38283318,-0.27759156,-0.41653416,-0.90623736,0.07234031
1356069063579,-0.21859458,0.17900917,0.9592559,-0.88207245,0.38416734,-0.2726966,-0.41732997,-0.90574336,0.07392222
1356069063618,-0.21281677,0.17860311,0.96063006,-0.88299674,0.38580084,-0.2673472,-0.41836095,-0.9051291,0.07560104
1356069063658,-0.2068415,0.17838529,0.9619746,-0.88362896,0.3880464,-0.26195386,-0.42001942,-0.90421164,0.07736236
1356069063698,-0.2012004,0.17834654,0.96317744,-0.88360107,0.39137724,-0.2570468,-0.4228091,-0.90278256,0.078841984
1356069063739,-0.19676158,0.17840117,0.964084,-0.8824362,0.39632806,-0.2534373,-0.4273071,-0.9006094,0.07944554
1356069063778,-0.19413438,0.17857167,0.9645849,-0.88008344,0.4026374,-0.25166693,-0.43331856,-0.89777243,0.07899219
1356069063820,-0.19291937,0.1791453,0.9647223,-0.87643945,0.41060346,-0.25151265,-0.44117567,-0.8940424,0.07779664
1356069063858,-0.1924572,0.18073112,0.9645189,-0.8721637,0.41899204,-0.25253946,-0.4497675,-0.88982135,0.076989055
1356069063898,-0.1911318,0.18383646,0.9641954,-0.8675059,0.42794988,-0.25355938,-0.45924067,-0.88490856,0.07768446
1356069063938,-0.1879319,0.18936062,0.96375525,-0.8626559,0.437307,-0.25414056,-0.46958113,-0.8791502,0.08116913
1356069063978,-0.18082428,0.1984967,0.9632765,-0.8579147,0.44708526,-0.25317422,-0.480921,-0.87218916,0.089449406
1356069064018,-0.16784361,0.21255824,0.9626254,-0.85363615,0.45707896,-0.24976826,-0.4930861,-0.8636538,0.10472959
1356069064059,-0.14930496,0.23199269,0.96119064,-0.8498138,0.4668477,-0.24468264,-0.5054942,-0.8533654,0.12744796
1356069064098,-0.12762189,0.25610825,0.9581865,-0.84603417,0.47608572,-0.23993444,-0.5176281,-0.8412794,0.15591735
1356069064154,-0.09792155,0.28652582,0.9530552,-0.84175396,0.487036,-0.2329081,-0.5309064,-0.82504475,0.19349295
1356069064189,-0.076778024,0.3203113,0.94419587,-0.8362844,0.494949,-0.23591086,-0.54289377,-0.807729,0.22987008
1356069064229,-0.054927588,0.35284504,0.93406826,-0.830629,0.5029962,-0.23885205,-0.5541106,-0.7889837,0.2654549
1356069064259,-0.03460458,0.38240236,0.9233477,-0.825334,0.5100727,-0.24217677,-0.5635834,-0.7704507,0.29795885
1356069064289,-0.011198014,0.4075823,0.91309977,-0.8206159,0.5180378,-0.24130148,-0.57137036,-0.7520063,0.32866758
1356069064319,0.01647836,0.42835814,0.90345883,-0.8162944,0.5275632,-0.23524569,-0.57740104,-0.7336119,0.35835975
1356069064349,0.049237043,0.44441143,0.89446867,-0.81182694,0.53949034,-0.22335461,-0.5818186,-0.71515644,0.38734806
1356069064389,0.09117964,0.45571056,0.88544583,-0.8055303,0.55652404,-0.20347479,-0.5854975,-0.6947006,0.41783226
1356069064430,0.14075762,0.45946681,0.87697065,-0.7952149,0.58012813,-0.17630814,-0.58976316,-0.67256343,0.4470323
1356069064469,0.19226855,0.4550965,0.86943656,-0.78059316,0.6078557,-0.14555347,-0.5947328,-0.65069085,0.47211677
1356069064509,0.23838922,0.44339925,0.86404145,-0.76498896,0.63383687,-0.114204764,-0.5982996,-0.633757,0.4902954
1356069064549,0.272273,0.4265002,0.86253405,-0.7537817,0.6516949,-0.084302306,-0.59806395,-0.6272091,0.49892694
1356069064579,0.29668233,0.40626538,0.86424994,-0.7468829,0.66266763,-0.055113584,-0.59510124,-0.6291423,0.50003445
1356069064609,0.3070261,0.3866384,0.86962396,-0.747228,0.66382897,-0.031327635,-0.58939403,-0.64018893,0.4927198
1356069064649,0.2933415,0.36707252,0.88272786,-0.7603443,0.649289,-0.017327696,-0.57950604,-0.6660942,0.46956494
1356069064689,0.25933653,0.344535,0.90224177,-0.7813964,0.62388587,-0.013639212,-0.56759506,-0.7014713,0.43101484
1356069064719,0.21920791,0.32023776,0.92162657,-0.80174506,0.59742737,-0.016893983,-0.556015,-0.7352063,0.38770992
1356069064759,0.15603995,0.29451776,0.94282067,-0.82436514,0.56464696,-0.03994891,-0.5441265,-0.7709949,0.3308977
1356069064789,0.09119412,0.26774085,0.9591655,-0.84197855,0.5350418,-0.06929883,-0.5317479,-0.80127716,0.2742247
1356069064819,0.025568038,0.24115351,0.97015023,-0.8545755,0.50881624,-0.103955984,-0.5186976,-0.82640857,0.2190932
1356069064849,-0.037710518,0.21503145,0.9758787,-0.8621401,0.4867781,-0.1405752,-0.5052645,-0.8466455,0.16703063
1356069064879,-0.095870376,0.18972328,0.9771458,-0.8652352,0.46944493,-0.17603827,-0.49211475,-0.8623378,0.11914939
1356069064919,-0.15121815,0.16452545,0.97471255,-0.86440915,0.45631322,-0.21112835,-0.47951025,-0.8744768,0.07321447
1356069064959,-0.1952481,0.13963166,0.9707632,-0.86164904,0.44834843,-0.23779124,-0.4684433,-0.8828854,0.03277433
1356069064999,-0.22474402,0.11642909,0.967437,-0.8594231,0.44421428,-0.25311172,-0.4592189,-0.88832307,2.2733212E-4
1356069065038,-0.23789826,0.09586561,0.96654755,-0.8594665,0.44278434,-0.2554591,-0.4524619,-0.89148855,-0.02294439
1356069065078,-0.232584,0.078819126,0.9693772,-0.8618721,0.44512457,-0.24298283,-0.45064527,-0.89199305,-0.035596788
1356069065156,-0.20184198,0.06727111,0.97710514,-0.8644589,0.4567314,-0.2100172,-0.46040273,-0.88705754,-0.03403449
1356069065159,-0.15792531,0.056236,0.9858484,-0.8653232,0.4730658,-0.16560331,-0.47568405,-0.8792305,-0.026046753
1356069065185,-0.110818386,0.04801753,0.99268,-0.8620508,0.49239784,-0.12005362,-0.49455816,-0.86904466,-0.013173163
1356069065217,-0.06269479,0.04219696,0.9971403,-0.85521877,0.51274276,-0.07546982,-0.51446104,-0.8575046,0.0039412975
1356069065258,-0.012282908,0.039094955,0.99916,-0.846915,0.5308133,-0.031180888,-0.53158635,-0.8465866,0.026590228
1356069065298,0.032106087,0.03677413,0.9988077,-0.8415493,0.54013294,0.0071644783,-0.5392254,-0.8407759,0.048288822
1356069065338,0.06493753,0.03619358,0.99723285,-0.8413123,0.5394017,0.03520736,-0.53663486,-0.84127045,0.06547749
1356069065378,0.08368409,0.039113462,0.99572444,-0.84560233,0.53144854,0.050191283,-0.5272132,-0.8461871,0.077548206
1356069065418,0.0869575,0.04719743,0.99509335,-0.8532692,0.51907337,0.04994425,-0.5141692,-0.8534256,0.08540946
1356069065458,0.07323587,0.061889946,0.9953925,-0.8635472,0.503236,0.032245964,-0.4989217,-0.8619299,0.090299785
1356069065498,0.04155159,0.08430943,0.9955729,-0.87545776,0.48327476,-0.004387349,-0.48150516,-0.87139976,0.09389013
1356069065538,-0.006743163,0.11519942,0.9933195,-0.88687,0.45821556,-0.059161663,-0.46196985,-0.8813442,0.099077046
1356069065578,-0.06428775,0.15487427,0.9858402,-0.8946546,0.42871293,-0.12569171,-0.44210884,-0.8900669,0.110997975
1356069065618,-0.11226341,0.20272404,0.9727794,-0.89739877,0.39969835,-0.18685997,-0.42669925,-0.8939487,0.13705283
1356069065658,-0.12206671,0.25607106,0.9589199,-0.8981701,0.3826386,-0.2165137,-0.42236266,-0.8877023,0.18328786
1356069065698,-0.07486719,0.30764022,0.94855285,-0.898474,0.39184296,-0.19799936,-0.43259633,-0.86707366,0.24707049
1356069065738,0.011838496,0.34627256,0.93805933,-0.89120734,0.42906868,-0.14713794,-0.45344174,-0.83426344,0.3136801
1356069065778,0.0927344,0.36696398,0.92560124,-0.87451124,0.4744792,-0.10049635,-0.47605705,-0.8001293,0.36491472
1356069065818,0.13755041,0.37466392,0.91690063,-0.85869,0.50650185,-0.07814893,-0.49369144,-0.776584,0.39138973
1356069065877,0.1400499,0.37572968,0.9160858,-0.85217404,0.5168407,-0.08170143,-0.5041681,-0.76922226,0.39257053
1356069065898,0.10217255,0.37321126,0.9221032,-0.8553605,0.5061979,-0.110100865,-0.5078576,-0.77748126,0.3709497
1356069065939,0.031191796,0.36639065,0.92993814,-0.8621766,0.48054102,-0.16041163,-0.50564677,-0.79676735,0.33088237
1356069065976,-0.060331345,0.35298228,0.9336828,-0.86477387,0.4486804,-0.22550398,-0.49852407,-0.8210295,0.27818036
1356069066018,-0.16091555,0.33175543,0.9295399,-0.8579807,0.41848803,-0.2978873,-0.48782706,-0.84546196,0.21729857
1356069066058,-0.25051457,0.30217078,0.9197475,-0.8429184,0.39919472,-0.3607385,-0.47616294,-0.8656422,0.15470117
1356069066098,-0.31773913,0.2669339,0.9098286,-0.8257872,0.3936445,-0.40388048,-0.46595842,-0.87965345,0.09535438
1356069066154,-0.3566394,0.22886014,0.90577674,-0.81380296,0.40006793,-0.42150974,-0.45883894,-0.8874507,0.04356706
1356069066170,-0.3677012,0.19032148,0.91026026,-0.8113092,0.41274455,-0.4140283,-0.45450348,-0.8907411,0.0026428103
1356069066209,-0.35291958,0.15606806,0.9225457,-0.81641996,0.43028623,-0.3851132,-0.4570626,-0.88909864,-0.024439394
1356069066249,-0.3052141,0.122988075,0.9443084,-0.8291222,0.4534328,-0.32704,-0.4684024,-0.8827642,-0.036421955
1356069066289,-0.231933,0.09198466,0.9683728,-0.84119594,0.4809395,-0.24715707,-0.4884634,-0.8719151,-0.0341686
1356069066329,-0.14666685,0.064092964,0.98710734,-0.84554493,0.5097625,-0.15873212,-0.5133639,-0.8579244,-0.020571768
1356069066369,-0.063577086,0.040555388,0.9971525,-0.8422508,0.53378534,-0.075410485,-0.5353237,-0.84464693,2.2131205E-4
1356069066399,0.0032592565,0.022399515,0.9997438,-0.83608615,0.5485148,-0.009563863,-0.5485885,-0.83584076,0.02051568
1356069066439,0.059540212,0.010368615,0.99817204,-0.8348315,0.5487365,0.044096977,-0.54727626,-0.83593106,0.041327953
1356069066469,0.09905265,0.005887985,0.9950648,-0.8360754,0.54274815,0.080014706,-0.5395984,-0.83987486,0.058683455
1356069066509,0.12847395,0.006971091,0.9916883,-0.8417282,0.5295284,0.10532415,-0.5243929,-0.84826356,0.073898375
1356069066549,0.13812433,0.017819643,0.9902546,-0.8507628,0.51403356,0.1094175,-0.5070743,-0.85758495,0.08616078
1356069066579,0.12458041,0.038312852,0.9914695,-0.86195296,0.49911186,0.08901942,-0.4914436,-0.8656902,0.09520346
1356069066619,0.095737785,0.06314552,0.99340177,-0.8746527,0.48176995,0.05366987,-0.4752021,-0.8740197,0.10135394
1356069066649,0.03648925,0.10101193,0.9942158,-0.8874566,0.46067142,-0.014233053,-0.45944446,-0.88180405,0.1064533
1356069066689,-0.033805788,0.1433689,0.98909175,-0.8967456,0.43258816,-0.09335318,-0.4412533,-0.89011955,0.11394143
1356069066729,-0.120758,0.19755054,0.97282636,-0.8986901,0.39448845,-0.19166365,-0.42163202,-0.89741445,0.12989908
1356069066770,-0.19096506,0.25789532,0.9471127,-0.8936626,0.35348052,-0.27643946,-0.4060783,-0.8991895,0.16296893
1356069066799,-0.23026419,0.31753978,0.9198625,-0.8876866,0.31877905,-0.33225346,-0.39873663,-0.8930557,0.20847243
1356069066839,-0.16306466,0.36855286,0.9151933,-0.89624363,0.33249712,-0.29358655,-0.41250134,-0.86810976,0.27609462
1356069066880,-0.05059439,0.40398934,0.91336346,-0.896247,0.38515002,-0.22000176,-0.44066036,-0.8297301,0.34258783
1356069066920,0.028264076,0.42410243,0.90517294,-0.88134587,0.4378169,-0.17761111,-0.4716253,-0.79275054,0.3861555
1356069066960,0.044018358,0.43718046,0.89829594,-0.86712176,0.46327177,-0.18297318,-0.49614745,-0.7708777,0.39948112
1356069067000,0.0019491017,0.44648707,0.894788,-0.8600123,0.4573333,-0.22632971,-0.51026964,-0.76908755,0.3848757
1356069067039,-0.085066736,0.44994533,0.8889954,-0.85376143,0.42706102,-0.2978427,-0.5136682,-0.78432643,0.3478173
1356069067069,-0.17441279,0.44295043,0.8794174,-0.8420178,0.39591438,-0.36641204,-0.51047635,-0.8043921,0.30391967
1356069067108,-0.29720348,0.4298672,0.852575,-0.81469256,0.35149693,-0.46122223,-0.4979418,-0.8316634,0.24574357
1356069067150,-0.41398066,0.40459812,0.8154266,-0.7736318,0.31568342,-0.54939777,-0.479702,-0.8582799,0.1823231
1356069067189,-0.5031289,0.37167248,0.7802056,-0.7311566,0.29823166,-0.61356974,-0.460729,-0.8791572,0.121701896
1356069067230,-0.5555776,0.33661383,0.7602793,-0.7019231,0.30025595,-0.6458718,-0.44568777,-0.8924895,0.069461584
1356069067269,-0.5697112,0.30267125,0.7640807,-0.69540405,0.31795156,-0.6444533,-0.43799812,-0.898497,0.02933824
1356069067309,-0.5453384,0.27075192,0.793284,-0.7132814,0.3471936,-0.60884005,-0.44026774,-0.89785856,0.003784299
1356069067349,-0.4829871,0.23999238,0.8420968,-0.7488026,0.38530844,-0.53928846,-0.4538921,-0.8910337,-0.0063921213
1356069067389,-0.3905904,0.20925936,0.89646506,-0.78718734,0.42894486,-0.44310543,-0.47725806,-0.87875867,-0.002815485
1356069067428,-0.28344482,0.17902821,0.9421295,-0.8147458,0.47321755,-0.33504397,-0.50581455,-0.8625625,0.011731386
1356069067468,-0.18091196,0.1509209,0.9718507,-0.82757056,0.5105672,-0.23334107,-0.5314111,-0.8464892,0.03253001
1356069067508,-0.09614611,0.12739688,0.9871808,-0.83194065,0.53421396,-0.14996746,-0.54647124,-0.8356947,0.05462402
1356069067548,-0.03329894,0.11024037,0.993347,-0.8356885,0.54207945,-0.08817321,-0.5481933,-0.83306473,0.07407594
1356069067588,0.008475065,0.100796014,0.994871,-0.8416796,0.5378993,-0.04732749,-0.5399109,-0.8369615,0.089396656
1356069067628,0.029497802,0.1001544,0.99453455,-0.849334,0.5271183,-0.027892232,-0.5270309,-0.84386927,0.100613415
1356069067668,0.027588129,0.10919964,0.9936369,-0.8581618,0.5123508,-0.03248012,-0.51263744,-0.8518052,0.10784578
1356069067708,-3.6147237E-4,0.12873784,0.9916786,-0.8678148,0.49271265,-0.06427935,-0.4968877,-0.86061656,0.11154252
1356069067748,-0.05569598,0.15885249,0.9857301,-0.8764814,0.46506736,-0.12446979,-0.47820324,-0.8709066,0.113328874
1356069067788,-0.13693038,0.19965205,0.97025216,-0.87927866,0.4265901,-0.21187231,-0.45620072,-0.8821337,0.11713666
1356069067828,-0.22901657,0.2486079,0.9411404,-0.8714113,0.37851754,-0.31203642,-0.43381286,-0.891582,0.12995297
1356069067868,-0.3003404,0.3031374,0.9043801,-0.8568492,0.33081204,-0.39543992,-0.41905248,-0.89368397,0.16038686
1356069067908,-0.3161255,0.36150128,0.877144,-0.8502483,0.30221045,-0.43098345,-0.42088318,-0.882035,0.2118293
1356069067948,-0.2733752,0.41887426,0.8659159,-0.8550612,0.3065253,-0.41822553,-0.440609,-0.8547436,0.27436674
1356069067989,-0.21225494,0.46633503,0.8587662,-0.8571124,0.3332522,-0.3928119,-0.46936762,-0.8194355,0.32896715
1356069068028,-0.17831749,0.50017977,0.84736246,-0.85008883,0.35537493,-0.38866144,-0.49553198,-0.78963846,0.36182767
1356069068068,-0.1907193,0.5218594,0.8314379,-0.83726394,0.35568458,-0.41530433,-0.5124602,-0.7753395,0.36909807
1356069068108,-0.24777651,0.53146434,0.8100323,-0.8180313,0.33319587,-0.46883392,-0.51906794,-0.77879786,0.3521964
1356069068151,-0.33918345,0.5264467,0.77962077,-0.7864268,0.29609787,-0.54208755,-0.51622427,-0.7969818,0.31358027
1356069068190,-0.43182725,0.50674844,0.7461444,-0.74598897,0.26432502,-0.61125517,-0.5069772,-0.820572,0.26388592
1356069068230,-0.5160709,0.47604918,0.7120731,-0.70042586,0.24396944,-0.6707329,-0.4930259,-0.8449001,0.20753163
1356069068269,-0.57800674,0.43925133,0.6877256,-0.6615175,0.2412489,-0.71006584,-0.47781044,-0.8653654,0.15112895
1356069068310,-0.6144291,0.40126607,0.67931026,-0.637638,0.25451303,-0.7270769,-0.46464464,-0.8798913,0.0994823
1356069068350,-0.6267966,0.36468065,0.68857384,-0.63209337,0.27875507,-0.723017,-0.45561373,-0.8884276,0.05578947
1356069068390,-0.61715925,0.33077228,0.71393555,-0.6439369,0.30910116,-0.6998583,-0.4521721,-0.89165354,0.022231877
1356069068430,-0.5860809,0.30073977,0.7523727,-0.6695717,0.3431304,-0.6587376,-0.45627052,-0.889841,2.6470423E-4
1356069068470,-0.5345035,0.275823,0.7988915,-0.7025972,0.38036197,-0.6013999,-0.46974784,-0.8827493,-0.009512305
1356069068510,-0.46675223,0.25633824,0.8464237,-0.7350046,0.41983116,-0.5324566,-0.491844,-0.8706506,-0.007547319
1356069068550,-0.3914854,0.24179474,0.8878482,-0.7607008,0.4578545,-0.4601125,-0.5177581,-0.8555142,0.0046901107
1356069068590,-0.31952325,0.23127976,0.91892034,-0.7791171,0.48783466,-0.3936928,-0.53933436,-0.84174055,0.02431953
1356069068630,-0.2606659,0.22373617,0.93914616,-0.79437876,0.5031184,-0.34034443,-0.5486491,-0.8347539,0.04658544
1356069068669,-0.21950585,0.2187765,0.950765,-0.8101846,0.5020461,-0.30257335,-0.5435238,-0.83671176,0.0670473
1356069068709,-0.19539753,0.216937,0.9564299,-0.82610446,0.48918602,-0.2797292,-0.5285558,-0.8447694,0.08362687
1356069068748,-0.1864829,0.21887606,0.9577669,-0.8399971,0.47008026,-0.27097866,-0.50953805,-0.85505426,0.09619331
1356069068788,-0.19206423,0.2249808,0.95524603,-0.85011005,0.44818544,-0.27648255,-0.49033064,-0.86516666,0.10517806
1356069068847,-0.21054873,0.23458904,0.9490191,-0.8564021,0.42388585,-0.2947816,-0.47142828,-0.87480783,0.111653924
1356069068868,-0.23835549,0.24700949,0.93924063,-0.8595015,0.3966107,-0.3224238,-0.45215458,-0.88413024,0.11777073
1356069068916,-0.26494807,0.2640754,0.92739785,-0.8623954,0.3653565,-0.35041234,-0.43136612,-0.8926246,0.13093686
1356069068946,-0.28957027,0.28631303,0.9133312,-0.8629813,0.33464992,-0.3785137,-0.41401964,-0.8977941,0.15017813
1356069068988,-0.27981663,0.3206614,0.90491927,-0.86891377,0.3162567,-0.38074985,-0.40827858,-0.89283705,0.19013327
1356069069028,-0.2282269,0.36903816,0.90095687,-0.87944967,0.3188761,-0.3533926,-0.41770896,-0.8729999,0.25177437
1356069069068,-0.1414603,0.42155227,0.89570236,-0.8873341,0.3471501,-0.303521,-0.43889308,-0.8377234,0.32494974
1356069069108,-0.044807732,0.46081397,0.88636494,-0.8856571,0.3921541,-0.24864969,-0.46217287,-0.79615676,0.39055163
1356069069151,0.034048527,0.47585303,0.87886554,-0.87711376,0.4357582,-0.20195624,-0.4790743,-0.76398873,0.43221414
1356069069189,0.08528602,0.4672139,0.8800212,-0.8688835,0.46713102,-0.1637989,-0.48761427,-0.75066614,0.44579422
1356069069230,0.10404304,0.43990138,0.89199877,-0.86535406,0.48212042,-0.13682917,-0.49024215,-0.7576586,0.43083176
1356069069269,0.09682563,0.39824963,0.9121524,-0.86647904,0.4846675,-0.119630545,-0.48973346,-0.7787776,0.3920032
1356069069310,0.07110676,0.34736255,0.935031,-0.8710165,0.47843316,-0.111498594,-0.48608023,-0.8064992,0.33657843
1356069069349,0.03575498,0.29243848,0.95561564,-0.87765145,0.466523,-0.10992795,-0.4779638,-0.83476704,0.27333963
1356069069389,-0.0018062592,0.23793724,0.9712789,-0.8849143,0.45199472,-0.11237219,-0.4657505,-0.8597015,0.2097376
1356069069430,-0.035170257,0.1874448,0.9816452,-0.89117086,0.4386682,-0.11569226,-0.45230243,-0.8788826,0.15161729
1356069069470,-0.05989763,0.14347926,0.98783904,-0.89540267,0.429691,-0.11670348,-0.4412101,-0.89150393,0.10273421
1356069069508,-0.073440015,0.10762927,0.99147487,-0.8972951,0.42677778,-0.1127927,-0.43527922,-0.8979291,0.065232635
1356069069548,-0.07402235,0.081207305,0.99394464,-0.8965708,0.4309988,-0.10198411,-0.43667075,-0.89869094,0.04090458
1356069069588,-0.06110081,0.06505278,0.9960094,-0.8924438,0.4433261,-0.08370265,-0.447002,-0.8939967,0.030968368
1356069069628,-0.036880076,0.05856681,0.997602,-0.88391846,0.46378815,-0.05990526,-0.4661844,-0.88400817,0.034663737
1356069069668,-0.0062516034,0.059529364,0.998207,-0.8711039,0.4898735,-0.034669816,-0.49105904,-0.8697587,0.048793793
1356069069708,0.024941206,0.064958274,0.99757624,-0.8568014,0.5155034,-0.012145996,-0.5150429,-0.8544218,0.06851363
1356069069748,0.051303864,0.07186267,0.99609417,-0.84646,0.53242695,0.005185306,-0.52997476,-0.84341997,0.08814442
1356069069788,0.0693474,0.07836175,0.9945102,-0.844474,0.53533596,0.016703933,-0.5310881,-0.8409964,0.103298604
1356069069828,0.077801526,0.08445507,0.9933852,-0.8504029,0.5256755,0.021911591,-0.5203477,-0.8464825,0.11271918
1356069069868,0.076324075,0.09147531,0.992878,-0.86050856,0.5090722,0.019247025,-0.5036859,-0.85584915,0.117569804
1356069069908,0.06399426,0.10078728,0.9928477,-0.87167734,0.49003795,0.0064387918,-0.48588404,-0.8658549,0.11921364
1356069069948,0.03974873,0.11309484,0.9927888,-0.88284516,0.46931452,-0.01811573,-0.46797898,-0.87575877,0.118499875
1356069069988,0.0028657913,0.12938368,0.9915905,-0.89336455,0.44587976,-0.055596888,-0.44932345,-0.8856925,0.11686462
1356069070028,-0.043846667,0.15027362,0.98767173,-0.9020663,0.4189329,-0.10378665,-0.4293646,-0.895496,0.11718792
1356069070068,-0.09320146,0.17796582,0.97961307,-0.90727764,0.3900535,-0.15718016,-0.41007423,-0.90343034,0.1251108
1356069070108,-0.13045567,0.21707684,0.96739805,-0.90805775,0.36554056,-0.20447806,-0.39801064,-0.9051286,0.14943147
1356069070151,-0.13513583,0.27306166,0.9524576,-0.90519047,0.35690832,-0.2307522,-0.40294963,-0.89333844,0.19894177
1356069070189,-0.10534406,0.338733,0.9349666,-0.8990936,0.3692751,-0.23508847,-0.42489213,-0.8653877,0.2656517
1356069070229,-0.051751852,0.4004057,0.9148754,-0.88747936,0.40163672,-0.22598302,-0.45793247,-0.82362807,0.33456635
1356069070269,-0.0031903982,0.4440651,0.8959888,-0.8719423,0.43744367,-0.21990821,-0.48959816,-0.78195214,0.38580352
1356069070309,0.02155292,0.46631885,0.8843541,-0.8584007,0.46209723,-0.22274294,-0.51252687,-0.75432944,0.41024798
1356069070349,0.017015338,0.46985888,0.8825775,-0.85035014,0.47111952,-0.23441648,-0.52594215,-0.7465112,0.40756083
1356069070389,-0.014260262,0.45792842,0.88887477,-0.84697473,0.46694937,-0.25414994,-0.5314419,-0.75647867,0.38119495
1356069070428,-0.06512946,0.43325344,0.89891577,-0.845816,0.45402068,-0.2801081,-0.52948415,-0.77856064,0.3368826
1356069070469,-0.12677252,0.39841154,0.90840364,-0.844939,0.43636346,-0.30929783,-0.51962197,-0.806756,0.2813145
1356069070508,-0.19062299,0.35631442,0.91471463,-0.8431603,0.41777188,-0.33844858,-0.50273615,-0.8357671,0.22079325
1356069070548,-0.2485969,0.31071767,0.91741705,-0.8401995,0.40208745,-0.36385491,-0.481938,-0.8612666,0.16110718
1356069070588,-0.2941125,0.26597401,0.91801727,-0.8369982,0.39205295,-0.38174397,-0.46144533,-0.8806545,0.10731208
1356069070628,-0.32264927,0.2264626,0.91902786,-0.83504844,0.38903645,-0.38903058,-0.4456362,-0.89295316,0.063584864
1356069070668,-0.33146572,0.19615835,0.9228502,-0.8350734,0.39421183,-0.38373095,-0.43907052,-0.8978413,0.03313893
1356069070708,-0.32022914,0.17753407,0.9305563,-0.8361995,0.40867403,-0.36572644,-0.4452231,-0.895247,0.017584562
1356069070748,-0.2919997,0.17048937,0.9411002,-0.8363376,0.43183428,-0.33772546,-0.46397787,-0.88569325,0.016491234
1356069070788,-0.25284505,0.17232466,0.9520365,-0.83421504,0.45958441,-0.3047414,-0.4900556,-0.87125564,0.027552187
1356069070828,-0.21028572,0.17895696,0.9611214,-0.8313333,0.4845987,-0.27211946,-0.51445585,-0.8562351,0.046868682
1356069070868,-0.17178819,0.18604755,0.9674064,-0.83138835,0.49941322,-0.24367973,-0.5284716,-0.8461517,0.06888443
1356069070908,-0.14226249,0.19091511,0.9712429,-0.83666897,0.50111866,-0.22105458,-0.52891064,-0.8440566,0.088442326
1356069070948,-0.122787654,0.19376549,0.97333354,-0.84551454,0.49310338,-0.20482722,-0.51964253,-0.84811795,0.10328454
1356069070988,-0.11280054,0.19646388,0.9740011,-0.85474354,0.48064673,-0.19593945,-0.5066455,-0.8546232,0.11370891
1356069071028,-0.112629354,0.20066705,0.97316355,-0.8623965,0.46672994,-0.19604978,-0.49354523,-0.8613337,0.120487094
1356069071068,-0.12321442,0.20728543,0.9704901,-0.8681959,0.45117152,-0.20659202,-0.48068103,-0.8680306,0.124373496
1356069071108,-0.14448312,0.21698144,0.96542406,-0.87260616,0.43209717,-0.22770718,-0.46656525,-0.87533486,0.12690866
1356069071150,-0.17357785,0.23092958,0.9573622,-0.8765985,0.40680915,-0.25706294,-0.44882715,-0.8838427,0.13181949
1356069071188,-0.20513207,0.25129515,0.9459237,-0.87978584,0.37611824,-0.29070947,-0.428833,-0.89184403,0.14393198
1356069071228,-0.22043502,0.28159532,0.9338697,-0.88465154,0.34556097,-0.3130164,-0.41085294,-0.895149,0.17293996
1356069071268,-0.20278329,0.3266571,0.9231328,-0.8917408,0.327886,-0.31191218,-0.40457067,-0.88644564,0.22480363
1356069071308,-0.14598048,0.38022485,0.9133011,-0.89805305,0.33630192,-0.2835522,-0.4149586,-0.86158586,0.29236853
1356069071348,-0.0688262,0.42525384,0.90245336,-0.8973582,0.36886477,-0.24225399,-0.43590266,-0.8264973,0.3562175
1356069071388,-0.0022342205,0.44912916,0.89346397,-0.8896654,0.40707165,-0.20685273,-0.45660746,-0.7953462,0.39866525
1356069071428,0.03438154,0.45170358,0.89150536,-0.8815179,0.43401065,-0.185906,-0.4708972,-0.7794861,0.4131067
1356069071468,0.035089016,0.43828374,0.8981515,-0.87735957,0.4438486,-0.18231443,-0.47854877,-0.78160465,0.40010667
1356069071508,0.0017507076,0.41386372,0.9103372,-0.87662023,0.4386723,-0.1977463,-0.48117974,-0.7976738,0.36356926
1356069071548,-0.057842255,0.38219488,0.9222696,-0.8758786,0.42387033,-0.23058751,-0.47905207,-0.821134,0.31023872
1356069071588,-0.13215455,0.34627393,0.9287786,-0.87166476,0.4055297,-0.2752204,-0.47194904,-0.84595513,0.24824208
1356069071628,-0.2083866,0.30892205,0.9279774,-0.86236346,0.38958597,-0.32334486,-0.46141535,-0.86763465,0.18521863
1356069071668,-0.275685,0.27280292,0.9217247,-0.8491125,0.3803407,-0.36653638,-0.4505616,-0.88369656,0.12678617
1356069071709,-0.326666,0.24024653,0.9140957,-0.8352095,0.3793227,-0.39817008,-0.44239622,-0.89353,0.07674438
1356069071748,-0.35698086,0.21334144,0.9094229,-0.82439494,0.38584644,-0.41412008,-0.43924654,-0.89755666,0.038137794
1356069071788,-0.36389166,0.19399312,0.9110157,-0.819137,0.39893967,-0.41214293,-0.44339317,-0.89622194,0.013736129
1356069071828,-0.34692094,0.18327469,0.91981316,-0.81914085,0.41843656,-0.39232528,-0.45678675,-0.88956237,0.004963398
1356069071886,-0.310042,0.18038279,0.9334538,-0.82132107,0.4437112,-0.3585415,-0.4788586,-0.87782824,0.010583162
1356069071908,-0.2623222,0.1827488,0.94751775,-0.8225237,0.4711253,-0.31858382,-0.50462043,-0.86292744,0.02672869
1356069071949,-0.21489742,0.18746895,0.9584751,-0.82321876,0.49327537,-0.28105205,-0.52548075,-0.84943205,0.048324347
1356069071986,-0.17918307,0.19212136,0.96487457,-0.8267095,0.5022667,-0.25353402,-0.5333337,-0.8431,0.06883085
1356069072028,-0.16071498,0.1964486,0.9672532,-0.83508,0.49532902,-0.23935464,-0.5261295,-0.84620166,0.08444345
1356069072068,-0.16080707,0.2022255,0.9660466,-0.8453774,0.47693646,-0.24055916,-0.50939,-0.85535747,0.09426206
1356069072108,-0.17961165,0.21151271,0.96072996,-0.8530457,0.45291528,-0.25919282,-0.48995185,-0.86610055,0.0990811
1356069072152,-0.21965703,0.2257643,0.9490949,-0.8542181,0.42541096,-0.2988928,-0.47123465,-0.876388,0.099407494
1356069072189,-0.28420866,0.24711862,0.92636806,-0.84426343,0.39338654,-0.36395913,-0.45436186,-0.885539,0.096829355
1356069072229,-0.3666786,0.2720323,0.8896883,-0.82100594,0.35519284,-0.4469759,-0.43760282,-0.8943358,0.09309846
1356069072269,-0.4619441,0.30122352,0.83418953,-0.78101826,0.30752152,-0.5435449,-0.42025974,-0.9026046,0.09320325
1356069072309,-0.550661,0.33423674,0.7648909,-0.7300755,0.25138932,-0.63544714,-0.40467516,-0.90834415,0.10558784
1356069072349,-0.609998,0.3743646,0.6983936,-0.6856333,0.19249189,-0.7020355,-0.39725235,-0.90708214,0.1392572
1356069072388,-0.6251638,0.42660338,0.65358984,-0.6675337,0.14167869,-0.730976,-0.4044366,-0.893273,0.19619977
1356069072428,-0.59741515,0.48927864,0.6353751,-0.67898774,0.11295861,-0.7254074,-0.42669743,-0.8647813,0.26473105
1356069072468,-0.54728335,0.5491935,0.63155955,-0.70106137,0.111364484,-0.70435137,-0.4571585,-0.82824177,0.3240704
1356069072508,-0.5087398,0.5908548,0.6261584,-0.71073407,0.122199714,-0.6927657,-0.48584038,-0.7974696,0.35777277
1356069072548,-0.50599223,0.6079954,0.61181176,-0.6987604,0.1268996,-0.70401025,-0.50567365,-0.7837335,0.36063284
1356069072588,-0.5407104,0.60162365,0.5879468,-0.665961,0.120862246,-0.73613065,-0.51393414,-0.789583,0.33530635
1356069072628,-0.598772,0.57562053,0.5568959,-0.6173489,0.11126876,-0.7787808,-0.5102473,-0.8101113,0.28873414
1356069072668,-0.6616057,0.53656524,0.5238086,-0.5620038,0.10763174,-0.8201018,-0.49641657,-0.8369666,0.23034197
1356069072708,-0.71498394,0.49300727,0.49572352,-0.5110054,0.11540282,-0.85179555,-0.47714928,-0.8623376,0.16941822
1356069072748,-0.7525598,0.4524145,0.4785131,-0.47297454,0.13426,-0.87078655,-0.45820168,-0.88164353,0.11294192
1356069072788,-0.7738429,0.41897506,0.47500223,-0.45201045,0.16002983,-0.8775403,-0.44368201,-0.8937842,0.065543175
1356069072828,-0.7808667,0.39386153,0.48489207,-0.44800395,0.1878764,-0.874068,-0.43536156,-0.8997642,0.029745102
1356069072868,-0.7746958,0.37751746,0.5072741,-0.45949578,0.21503031,-0.8617573,-0.43440774,-0.9006901,0.0068845153
1356069072908,-0.7544952,0.37061983,0.5416437,-0.4848687,0.24142545,-0.84060454,-0.44231132,-0.8968582,-0.0024523735
1356069072949,-0.71915525,0.37278974,0.58638173,-0.52120364,0.2686847,-0.8100341,-0.4595242,-0.8881646,0.0010733604
1356069072988,-0.6700299,0.38133502,0.6369015,-0.5630225,0.29811537,-0.7708001,-0.48380327,-0.875049,0.014953971
1356069073028,-0.6133144,0.3916685,0.6858871,-0.6034137,0.3279801,-0.7268569,-0.50964427,-0.8596656,0.03518325
1356069073068,-0.5608346,0.39876235,0.72557104,-0.6370195,0.35194737,-0.68581283,-0.5288391,-0.84683037,0.056635022
1356069073108,-0.524569,0.3998102,0.7516509,-0.66249096,0.36282462,-0.655335,-0.5347271,-0.8417304,0.07454407
1356069073151,-0.5089389,0.39546776,0.7645826,-0.681085,0.35817438,-0.6386191,-0.5264072,-0.84576374,0.087058246
1356069073189,-0.50777334,0.38985264,0.7682324,-0.6932026,0.3445722,-0.63304037,-0.511504,-0.8539818,0.095282376
1356069073229,-0.51642215,0.38516358,0.76482487,-0.6989627,0.32640368,-0.6363268,-0.49473155,-0.8631973,0.10065287
1356069073269,-0.5334548,0.38278085,0.7542578,-0.697319,0.30567503,-0.64831245,-0.47871935,-0.87180364,0.10385656
1356069073309,-0.55854785,0.38228637,0.73612595,-0.6881209,0.28198183,-0.66856253,-0.46315646,-0.8799678,0.10555887
1356069073348,-0.58969116,0.3829467,0.71106696,-0.6727021,0.25431305,-0.6948358,-0.4469187,-0.88807476,0.10764283
1356069073388,-0.6203954,0.38574785,0.6828675,-0.65564567,0.22271627,-0.721475,-0.4303931,-0.895319,0.11474174
1356069073428,-0.63888603,0.39648408,0.659261,-0.6454318,0.19006729,-0.739792,-0.41861972,-0.8981508,0.13447207
1356069073468,-0.62819254,0.42547256,0.65141934,-0.6546201,0.16349602,-0.7380661,-0.42053133,-0.89007986,0.17581594
1356069073508,-0.5780732,0.4760391,0.66273546,-0.6872974,0.15373147,-0.70992184,-0.43983385,-0.8658831,0.2383123
1356069073548,-0.4944787,0.53515315,0.68491024,-0.73191845,0.16865021,-0.6601913,-0.46881372,-0.8277489,0.30829448
1356069073588,-0.40433007,0.5804463,0.70682335,-0.769932,0.20113057,-0.6055999,-0.493682,-0.7890682,0.36558104
1356069073628,-0.33554584,0.59990007,0.72631174,-0.79405206,0.23471522,-0.56070495,-0.5068434,-0.7648716,0.39759427
1356069073668,-0.29939377,0.5943686,0.74638426,-0.8067349,0.25999385,-0.530643,-0.5094528,-0.7610054,0.40165728
1356069073708,-0.29340988,0.5690283,0.7681909,-0.8110576,0.2772013,-0.5151164,-0.50605935,-0.7741874,0.38018125
1356069073748,-0.30952626,0.5292577,0.78998715,-0.80899173,0.29003596,-0.5112841,-0.49972576,-0.797349,0.33839136
1356069073788,-0.33862978,0.48008376,0.8092276,-0.80273706,0.3012612,-0.51464045,-0.49085936,-0.8238697,0.28336507
1356069073828,-0.37276703,0.4262082,0.8242519,-0.79458946,0.31214893,-0.52075964,-0.47924137,-0.84906393,0.22230178
1356069073868,-0.4046716,0.3722352,0.8352736,-0.78672874,0.32389987,-0.52549684,-0.46615347,-0.86978734,0.16177493
1356069073908,-0.42873967,0.3221652,0.8440331,-0.7810518,0.33734006,-0.52550906,-0.45402694,-0.88454014,0.106996596
1356069073948,-0.44154626,0.27887693,0.8527981,-0.779035,0.3523798,-0.51858765,-0.44513094,-0.89333993,0.061662853
1356069073988,-0.44016898,0.24465728,0.863941,-0.78171813,0.36897516,-0.50276643,-0.44177824,-0.8966605,0.028841615
1356069074028,-0.42155427,0.2214098,0.8793576,-0.7890259,0.38836628,-0.47603542,-0.4469117,-0.8945107,0.010980606
1356069074068,-0.38484457,0.20929763,0.8989377,-0.7987826,0.4124402,-0.4379947,-0.46242929,-0.88661575,0.008457959
1356069074108,-0.33408922,0.20589575,0.91977787,-0.80727446,0.44119525,-0.39198804,-0.48651028,-0.8734722,0.018815815
1356069074151,-0.27655655,0.20778814,0.9382647,-0.81252444,0.4707837,-0.343754,-0.5131477,-0.8574304,0.0386346
1356069074190,-0.2246837,0.20983317,0.951571,-0.816453,0.4925154,-0.30138552,-0.531904,-0.8446293,0.060658693
1356069074230,-0.18580246,0.21061584,0.95974916,-0.82347274,0.49951136,-0.26903728,-0.5360691,-0.8403151,0.08062601
1356069074269,-0.16314533,0.21028167,0.9639321,-0.8348128,0.49127707,-0.24846399,-0.5258052,-0.8452387,0.09539628
1356069074309,-0.15626746,0.2110402,0.9649055,-0.8478442,0.4724908,-0.24065053,-0.50669587,-0.85569537,0.105094254
1356069074350,-0.16453168,0.21539024,0.96256757,-0.8588735,0.44859216,-0.24718708,-0.48504195,-0.8673939,0.11118537
1356069074389,-0.18872043,0.2247613,0.9559639,-0.86534005,0.42218158,-0.27009124,-0.4642964,-0.8782056,0.11482066
1356069074430,-0.2291835,0.23928842,0.94351256,-0.86582315,0.39280045,-0.3099323,-0.44477534,-0.8879464,0.117158115
1356069074469,-0.28373235,0.25852323,0.9233969,-0.8593178,0.35877645,-0.36448935,-0.42552203,-0.89690876,0.120357096
1356069074508,-0.34458226,0.2820418,0.8953856,-0.8463354,0.31935096,-0.42629954,-0.40617657,-0.9046918,0.12865931
1356069074548,-0.39685333,0.31219184,0.8631592,-0.8309698,0.2772264,-0.48232228,-0.38986754,-0.90867037,0.14940375
1356069074588,-0.42003858,0.35468656,0.83532333,-0.82241005,0.24038267,-0.51561403,-0.3836786,-0.9035561,0.19072783
1356069074628,-0.40037072,0.4119017,0.8185599,-0.8281834,0.21966714,-0.5156148,-0.39219332,-0.88435477,0.25318187
1356069074668,-0.34542292,0.47363216,0.8101577,-0.8435547,0.22157949,-0.48920143,-0.41121584,-0.85239375,0.32299602
1356069074708,-0.2822882,0.5229552,0.8042582,-0.85628486,0.24064022,-0.45702133,-0.4325385,-0.81768584,0.3798687
1356069074748,-0.23909831,0.54989237,0.8002814,-0.86019105,0.26238883,-0.43729097,-0.45044792,-0.79295045,0.41027582
1356069074788,-0.22830778,0.55475676,0.8000753,-0.8560548,0.27703547,-0.43637305,-0.4637301,-0.7845357,0.41165286
1356069074828,-0.24906468,0.5412656,0.8031179,-0.8454056,0.28306317,-0.452951,-0.47249985,-0.79177445,0.38708794
1356069074868,-0.29297066,0.5132944,0.80665797,-0.829307,0.2834533,-0.48156422,-0.47583407,-0.81005126,0.3426352
1356069074933,-0.34881258,0.47471493,0.8080691,-0.8093409,0.28216243,-0.515123,-0.47254336,-0.8336847,0.28578436
1356069074948,-0.40517843,0.42997116,0.80681795,-0.7880439,0.28314108,-0.54664236,-0.46348375,-0.8572957,0.22411352
1356069074988,-0.45264995,0.38399363,0.8047714,-0.7687446,0.28925794,-0.57040477,-0.45181838,-0.8768573,0.16426045
1356069075026,-0.48546708,0.34121966,0.8049168,-0.754817,0.30094165,-0.5828254,-0.44110447,-0.89050734,0.1114611
1356069075068,-0.50224173,0.304632,0.80929136,-0.74802595,0.3164807,-0.5833499,-0.43383217,-0.89835364,0.06892282
1356069075108,-0.5011586,0.27647796,0.82000005,-0.74966395,0.33461887,-0.57099414,-0.4322548,-0.90088296,0.039568365
1356069075152,-0.47838044,0.2598831,0.83881646,-0.75946265,0.35711837,-0.5437674,-0.44087273,-0.8971774,0.026533008
1356069075190,-0.43721372,0.2520946,0.8633032,-0.77337396,0.38458335,-0.50397253,-0.45906076,-0.888,0.026818335
1356069075230,-0.38081217,0.25259274,0.8894824,-0.7863535,0.4176064,-0.45525053,-0.4864465,-0.8728126,0.03959757
1356069075269,-0.31915313,0.2560099,0.91246927,-0.79588664,0.45029926,-0.40471584,-0.5144955,-0.85538846,0.060040414
1356069075310,-0.26509425,0.25824684,0.928996,-0.80349475,0.47344747,-0.36089295,-0.5330302,-0.84211403,0.08199179
1356069075350,-0.22790992,0.25796124,0.9388892,-0.8122746,0.48134148,-0.32942432,-0.536905,-0.83771497,0.09983289
1356069075390,-0.20994115,0.25685856,0.9433708,-0.8225149,0.47523624,-0.31244153,-0.5285773,-0.84153086,0.111498296
1356069075429,-0.20970064,0.2578414,0.9431561,-0.8316539,0.46021944,-0.31072477,-0.5141765,-0.8495387,0.11792648
1356069075470,-0.22636497,0.26299298,0.9378665,-0.8369752,0.43999004,-0.32539406,-0.49822825,-0.85862887,0.120520234
1356069075510,-0.26029542,0.2729961,0.9261315,-0.8366617,0.41498175,-0.35747367,-0.48191664,-0.86790746,0.120387495
1356069075550,-0.31070894,0.2874338,0.90600324,-0.82931453,0.3837608,-0.40615892,-0.46443236,-0.8775588,0.11913508
1356069075588,-0.37327284,0.3054732,0.8759872,-0.8140118,0.34510827,-0.46720988,-0.44503048,-0.88746065,0.11983925
1356069075628,-0.4372664,0.32744235,0.83760345,-0.79242855,0.30013478,-0.53101414,-0.42527044,-0.8959356,0.12823588
1356069075668,-0.4839964,0.35749024,0.79871655,-0.77228767,0.2546987,-0.58197963,-0.41148412,-0.898515,0.15281206
1356069075708,-0.49202532,0.40275538,0.7718155,-0.7664608,0.22002757,-0.60342836,-0.41285473,-0.8884684,0.20043701
1356069075748,-0.45098346,0.46387392,0.76251864,-0.7805559,0.20932728,-0.5889945,-0.4328351,-0.8608153,0.26767647
1356069075788,-0.37611628,0.52611786,0.7627165,-0.8023779,0.22673005,-0.5520717,-0.46338552,-0.81963,0.33686858
1356069075828,-0.30221242,0.570949,0.76333797,-0.8164143,0.2583421,-0.5164563,-0.49207258,-0.77927953,0.38805676
1356069075868,-0.25723684,0.5915716,0.7641153,-0.819712,0.28517753,-0.49673533,-0.51176304,-0.7541331,0.41156024
1356069075908,-0.25021994,0.5901226,0.76755804,-0.8155793,0.29874718,-0.4955608,-0.5217474,-0.7500037,0.4065392
1356069075948,-0.2762013,0.57045895,0.7734916,-0.80615574,0.3006739,-0.5096156,-0.5232836,-0.76431125,0.37683225
1356069075988,-0.32596815,0.5355779,0.77903855,-0.79199636,0.29526335,-0.53437936,-0.5162233,-0.79118633,0.32792932
1356069076028,-0.38441193,0.48964185,0.78260994,-0.7753212,0.28893018,-0.56160164,-0.5011033,-0.82266045,0.26856148
1356069076068,-0.43982625,0.4378859,0.7840974,-0.75860023,0.2861796,-0.5853434,-0.48070627,-0.8522659,0.20631105
1356069076108,-0.482875,0.3860681,0.7859918,-0.74529076,0.29005516,-0.60034126,-0.45975363,-0.8756822,0.14767265
1356069076152,-0.50869924,0.338974,0.7914049,-0.73833907,0.3010229,-0.6035235,-0.44280976,-0.89133716,0.09714764
1356069076189,-0.5139012,0.29995692,0.8036986,-0.74067223,0.3175165,-0.5921046,-0.43279344,-0.8995605,0.05899763
1356069076229,-0.49842483,0.2727427,0.822912,-0.7509021,0.3385703,-0.567024,-0.4332652,-0.9005451,0.036051273
1356069076269,-0.46073222,0.2575378,0.8493526,-0.7673427,0.36530042,-0.52701104,-0.4459941,-0.8945557,0.02931416
1356069076309,-0.40398055,0.2525356,0.87921876,-0.7847998,0.39813316,-0.47495192,-0.4699884,-0.881882,0.037351787
1356069076348,-0.33628866,0.25360116,0.9069709,-0.7980089,0.43466833,-0.41742665,-0.5000914,-0.8641469,0.056202054
1356069076388,-0.26937985,0.2559454,0.92840004,-0.80555546,0.46840864,-0.3628688,-0.52774525,-0.8456272,0.079998314
1356069076428,-0.21465641,0.2559548,0.9425549,-0.81071275,0.4914871,-0.3180963,-0.54467183,-0.83242273,0.102005005
1356069076468,-0.17795673,0.25286165,0.9509953,-0.8173137,0.5002316,-0.2859487,-0.54802334,-0.82814807,0.11764777
1356069076508,-0.15860415,0.24870127,0.9555063,-0.82568115,0.4972338,-0.2664756,-0.5413829,-0.83120775,0.12648457
1356069076548,-0.1538637,0.24641448,0.956873,-0.83369416,0.48741588,-0.25957635,-0.5303585,-0.8376788,0.13043869
1356069076588,-0.16262943,0.24803811,0.955002,-0.8396129,0.47360462,-0.26598665,-0.51826817,-0.8450892,0.13123393
1356069076628,-0.18523496,0.25416353,0.94925714,-0.8427876,0.45568144,-0.2864675,-0.5053685,-0.8530858,0.12979764
1356069076669,-0.22138876,0.2642352,0.93870485,-0.84291476,0.43220514,-0.3204582,-0.49038935,-0.86219406,0.12704241
1356069076708,-0.2676176,0.27764025,0.9226575,-0.8396486,0.40250805,-0.36466095,-0.4726216,-0.87229764,0.12540191
1356069076748,-0.3138234,0.29528216,0.9023987,-0.83390343,0.3687328,-0.41065952,-0.45400444,-0.8813878,0.1305198
1356069076788,-0.34136212,0.32130426,0.88330936,-0.8300052,0.33796865,-0.44369859,-0.44109312,-0.88461334,0.15131456
1356069076828,-0.32607782,0.36109388,0.87366164,-0.83484566,0.32359022,-0.44533384,-0.44351566,-0.874586,0.19594198
1356069076868,-0.25441068,0.41171318,0.87508154,-0.84729356,0.34133136,-0.40692335,-0.46622851,-0.8449765,0.26200348
1356069076908,-0.1443758,0.455879,0.878254,-0.8524548,0.39338988,-0.3443332,-0.50247055,-0.79838514,0.3318202
