1356069505859,0.8402337,-0.22417858,-0.49371183,0.46116224,-0.18346158,0.8681424,-0.28519607,-0.9571237,-0.0507679
1356069505900,-0.39381057,0.068718225,0.9166194,-0.87382746,0.28141582,-0.39652324,-0.28519955,-0.9571222,-0.05077666
1356069505938,-0.39381456,0.06867403,0.91662097,-0.8738208,0.28145152,-0.39651266,-0.28521445,-0.95711493,-0.0508309
1356069505978,-0.39385414,0.06855628,0.9166128,-0.87379587,0.28152883,-0.39651278,-0.28523642,-0.95710063,-0.05097711
1356069506019,-0.39405435,0.06843978,0.9165355,-0.8737121,0.28156948,-0.3966683,-0.28521636,-0.95709693,-0.051157057
1356069506058,-0.39461434,0.06861144,0.91628164,-0.8735106,0.2813574,-0.39726228,-0.2850594,-0.95714706,-0.05109489
1356069506098,-0.39569312,0.06955612,0.915745,-0.8731484,0.28058934,-0.3985995,-0.28467333,-0.95730436,-0.05029446
1356069506137,-0.3973022,0.071802676,0.91487455,-0.87262076,0.27901876,-0.4008511,-0.2840494,-0.9575975,-0.048198283
1356069506180,-0.39932662,0.07566297,0.91368115,-0.87192124,0.2766729,-0.4039869,-0.2833577,-0.95798075,-0.044510722
1356069506218,-0.40148914,0.0813286,0.91224563,-0.87104666,0.2738604,-0.4077722,-0.2829915,-0.9583247,-0.03911096
1356069506258,-0.4034868,0.08876839,0.9106692,-0.86993396,0.2712407,-0.4118778,-0.2835723,-0.95840937,-0.03221935
1356069506298,-0.40500402,0.0982894,0.90901643,-0.86848056,0.26947695,-0.41608143,-0.28585535,-0.9579778,-0.02377683
1356069506338,-0.40591854,0.110186905,0.90724254,-0.8665533,0.26900238,-0.42038438,-0.2903713,-0.95681584,-0.01371026
1356069506378,-0.4063406,0.12448785,0.9052017,-0.86403334,0.26989037,-0.42497706,-0.29720965,-0.9548099,-0.0021057725
1356069506418,-0.40662658,0.14076689,0.9026846,-0.86084116,0.271855,-0.43017137,-0.3059532,-0.95198715,0.010634422
1356069506458,-0.40731,0.15849474,0.89943206,-0.85688853,0.27440512,-0.43639877,-0.31597567,-0.9484626,0.024044394
1356069506498,-0.40899855,0.1778079,0.89504445,-0.85195255,0.27701867,-0.44433936,-0.32695112,-0.94426954,0.03818363
1356069506538,-0.4122588,0.20002118,0.88883877,-0.8457073,0.27883995,-0.45500284,-0.33885396,-0.9392763,0.05420512
1356069506578,-0.41763598,0.22680712,0.8798516,-0.8379915,0.2781539,-0.46946853,-0.35121298,-0.93337506,0.073895395
1356069506618,-0.4255904,0.25887457,0.8670967,-0.82885957,0.27299857,-0.48832732,-0.3631317,-0.9265289,0.098385096
1356069506658,-0.43621123,0.29590502,0.84979993,-0.8183572,0.2622481,-0.51138765,-0.37418061,-0.918513,0.12776047
1356069506698,-0.44932944,0.33662772,0.82751733,-0.8063694,0.24588954,-0.53787243,-0.38454062,-0.90896654,0.16096085
1356069506744,-0.46418065,0.37976766,0.8001956,-0.7928953,0.22450352,-0.56649387,-0.39478278,-0.8974267,0.19690579
1356069506780,-0.479567,0.42444035,0.7680272,-0.77826905,0.1985789,-0.5957043,-0.40535495,-0.883412,0.23509693
1356069506820,-0.49389273,0.46963763,0.7317858,-0.7635311,0.16843873,-0.62341696,-0.41604114,-0.8666423,0.2753923
1356069506859,-0.5049993,0.51502323,0.6926231,-0.75041807,0.13448292,-0.6471376,-0.42643684,-0.8465609,0.318569
1356069506899,-0.51123995,0.5600884,0.6518702,-0.7404045,0.09810209,-0.664964,-0.43638843,-0.82260376,0.36453825
1356069506958,-0.5113237,0.60411656,0.61122113,-0.7343179,0.06235856,-0.6759354,-0.44645864,-0.7944524,0.4117282
1356069506978,-0.5050381,0.64547914,0.5729688,-0.73205787,0.03129685,-0.6805232,-0.4571957,-0.76313645,0.45672196
1356069507018,-0.49397737,0.6806966,0.5409608,-0.7330532,0.00852865,-0.6801179,-0.46756765,-0.7325159,0.49477375
1356069507056,-0.4814911,0.7049619,0.5207639,-0.7368293,-0.003837049,-0.676068,-0.47460398,-0.7092348,0.5212841
1356069507098,-0.47094452,0.71457464,0.5172953,-0.74300104,-0.0051805973,-0.6692702,-0.47556362,-0.6995401,0.5333694
1356069507138,-0.46342605,0.7086651,0.53200585,-0.75115687,0.004341185,-0.6601095,-0.4701061,-0.7055317,0.5303068
1356069507178,-0.4585796,0.6872857,0.5633322,-0.76046914,0.024469972,-0.6489129,-0.45977333,-0.7259749,0.511438
1356069507218,-0.45503867,0.6507559,0.60782945,-0.7700894,0.05514288,-0.63554823,-0.44710422,-0.757282,0.476048
1356069507258,-0.451869,0.59895915,0.66110694,-0.7794605,0.095351696,-0.6191522,-0.4338845,-0.79508245,0.42377853
1356069507298,-0.44786602,0.533789,0.7172764,-0.7891925,0.14104086,-0.59773135,-0.4202277,-0.83377266,0.3580948
1356069507338,-0.44249684,0.45752043,0.77127916,-0.8001681,0.18686992,-0.5699216,-0.40487963,-0.8693415,0.283404
1356069507378,-0.43454182,0.3753833,0.81869453,-0.8131478,0.22732574,-0.5358299,-0.3872519,-0.89856017,0.20645958
1356069507418,-0.42306876,0.29384807,0.8571266,-0.82784545,0.25920433,-0.4974787,-0.36835405,-0.9200361,0.13359958
1356069507458,-0.40757895,0.21874416,0.88658345,-0.8434123,0.28199977,-0.45730937,-0.35005006,-0.9341451,0.06955439
1356069507498,-0.3881023,0.15416756,0.9086303,-0.8590183,0.2966413,-0.41724277,-0.3338626,-0.9424629,0.017305553
1356069507538,-0.36528307,0.10243878,0.92524296,-0.8739042,0.30469692,-0.3787494,-0.32071728,-0.94692457,-0.021779
1356069507578,-0.3400567,0.065063685,0.9381515,-0.8870944,0.30892095,-0.3429744,-0.31212977,-0.9488596,-0.047333002
1356069507618,-0.31354985,0.04312229,0.9485922,-0.89725983,0.31353804,-0.31083557,-0.3108237,-0.948596,-0.059617937
1356069507658,-0.28673166,0.03639102,0.95731956,-0.9033412,0.32246894,-0.2828225,-0.31899804,-0.9458803,-0.05958855
1356069507698,-0.26018152,0.042230397,0.96463585,-0.90524435,0.3368943,-0.2589112,-0.33591428,-0.940595,-0.049424887
1356069507744,-0.23437172,0.05643031,0.97050786,-0.9039675,0.354625,-0.23892233,-0.35764882,-0.9333042,-0.032102883
1356069507779,-0.2099295,0.07388997,0.9749204,-0.9018627,0.3704557,-0.22227511,-0.37758872,-0.9259064,-0.011130929
1356069507820,-0.18805766,0.09018749,0.97800845,-0.90188587,0.3784256,-0.20831701,-0.38889104,-0.9212276,0.010172963
1356069507858,-0.17030686,0.10242602,0.9800533,-0.9056251,0.37573308,-0.19664136,-0.38837966,-0.9210503,0.028769612
1356069507898,-0.15848228,0.11102864,0.9810995,-0.9121268,0.363979,-0.18853134,-0.378032,-0.9247659,0.043587923
1356069507938,-0.1543828,0.11822358,0.9809124,-0.91893196,0.34752956,-0.1865136,-0.36294633,-0.9301862,0.054986835
1356069507978,-0.15959612,0.12600863,0.97910726,-0.92409194,0.32981268,-0.19307455,-0.34725106,-0.93559897,0.06380671
1356069508018,-0.17509225,0.13555741,0.97517526,-0.92681456,0.31150612,-0.20971107,-0.33220097,-0.9405254,0.071094275
1356069508058,-0.20123428,0.14790341,0.9683126,-0.9267223,0.29148412,-0.2371133,-0.3173176,-0.94507223,0.07840878
1356069508098,-0.23654735,0.1646221,0.95757234,-0.923542,0.2680834,-0.27422878,-0.3018533,-0.9492264,0.08862108
1356069508138,-0.27848417,0.18979838,0.94150037,-0.9164759,0.24068016,-0.31960133,-0.28726023,-0.9518664,0.10692012
1356069508178,-0.32249665,0.23060164,0.91805154,-0.90438783,0.21123862,-0.37075704,-0.27942508,-0.94984263,0.14042962
1356069508218,-0.36210114,0.2939619,0.8845728,-0.8870251,0.18298393,-0.4239143,-0.28647727,-0.9381381,0.19449294
1356069508258,-0.39085048,0.37538713,0.8404287,-0.8667603,0.15718758,-0.47330597,-0.30977798,-0.91344213,0.26393384
1356069508299,-0.40545398,0.4578379,0.7911962,-0.84787965,0.135109,-0.5126847,-0.34162426,-0.8787093,0.33341098
1356069508338,-0.40898448,0.5212092,0.749048,-0.8337124,0.1203171,-0.53893185,-0.3710195,-0.84490526,0.38533062
1356069508378,-0.40759856,0.5551053,0.7250663,-0.82493067,0.116672456,-0.55306125,-0.39160252,-0.82355654,0.41036808
1356069508418,-0.40616584,0.5579165,0.7237117,-0.8204651,0.1260379,-0.55763024,-0.40232626,-0.8202705,0.4065587
1356069508458,-0.40648365,0.53163004,0.74306154,-0.81954396,0.14735156,-0.5537465,-0.40387952,-0.8340605,0.37579829
1356069508498,-0.4076894,0.4805302,0.7764535,-0.8225973,0.17585224,-0.5407491,-0.39638734,-0.85916626,0.3235898
1356069508538,-0.4076681,0.41084385,0.8154839,-0.8303195,0.20483142,-0.5182794,-0.37996864,-0.88839823,0.25762838
1356069508578,-0.40393597,0.33147842,0.8526183,-0.8422765,0.22890514,-0.4880295,-0.35693997,-0.91527295,0.18673337
1356069508618,-0.39495867,0.25177506,0.8835254,-0.85678494,0.24613053,-0.45314392,-0.3315529,-0.9359642,0.11850572
1356069508658,-0.38018692,0.17931715,0.90736055,-0.8720138,0.2575134,-0.41626763,-0.30830145,-0.9494904,0.058463812
1356069508698,-0.35984337,0.11936256,0.925346,-0.8864945,0.2655149,-0.37898445,-0.29092968,-0.95668924,0.010270536
1356069508744,-0.33506155,0.07548618,0.9391675,-0.8986914,0.2737891,-0.34262708,-0.28299746,-0.95882297,-0.023897469
1356069508780,-0.3065957,0.0492011,0.95056736,-0.90742636,0.28638867,-0.30750445,-0.28736126,-0.95684946,-0.043159187
1356069508819,-0.27600342,0.039624423,0.96033955,-0.9116088,0.305866,-0.27461845,-0.3046168,-0.95124966,-0.04829806
1356069508859,-0.24467903,0.043551177,0.9686256,-0.91129684,0.33087277,-0.24507412,-0.33116513,-0.94266987,-0.0412696
1356069508899,-0.21427217,0.05567646,0.975186,-0.9086401,0.3549784,-0.21991727,-0.3584142,-0.93321514,-0.025472164
1356069508938,-0.18713742,0.07027459,0.9798169,-0.90713847,0.37036717,-0.1998199,-0.37693432,-0.9262233,-0.0055608153
1356069508978,-0.16593531,0.08304319,0.9826338,-0.9092263,0.37291077,-0.18505412,-0.3818022,-0.9241436,0.013626039
1356069509018,-0.15316099,0.0932222,0.9837944,-0.91434103,0.36427844,-0.17686644,-0.37486297,-0.9266126,0.029443681
1356069509058,-0.15103164,0.10262939,0.983187,-0.9199332,0.34944674,-0.17779171,-0.36181813,-0.9313185,0.04163468
1356069509098,-0.1614475,0.113199055,0.98036754,-0.92369455,0.33241412,-0.1904971,-0.34745204,-0.9363155,0.050893962
1356069509138,-0.18585274,0.1260961,0.9744529,-0.9241779,0.3143727,-0.21694452,-0.33369726,-0.94088763,0.05810821
1356069509178,-0.22455138,0.14205548,0.9640523,-0.9202782,0.2943833,-0.25773343,-0.32041332,-0.94507074,0.064626396
1356069509218,-0.27527738,0.16195485,0.9476249,-0.9110863,0.2706495,-0.31091887,-0.306829,-0.948957,0.073051155
1356069509258,-0.33351433,0.18892786,0.92362034,-0.8958031,0.24178833,-0.37292778,-0.2937771,-0.95175874,0.088602245
1356069509298,-0.39158845,0.22952592,0.89105356,-0.874478,0.2084409,-0.43799624,-0.2862635,-0.9507209,0.119092345
1356069509338,-0.4394536,0.28989908,0.85019946,-0.84958863,0.17320341,-0.4981964,-0.29168406,-0.941254,0.17018014
1356069509378,-0.47001117,0.36523843,0.8035485,-0.82580745,0.13948351,-0.5464306,-0.31165916,-0.9204049,0.23605788
1356069509418,-0.48381263,0.43641758,0.7585942,-0.80756426,0.111439705,-0.57915556,-0.33729118,-0.8928163,0.2985193
1356069509458,-0.4878729,0.48473623,0.7259552,-0.79647183,0.09314561,-0.5974584,-0.3572293,-0.86968654,0.34063548
1356069509498,-0.48927766,0.50401413,0.7117423,-0.79084265,0.087635815,-0.6057127,-0.36766186,-0.85923785,0.35571766
1356069509539,-0.49119943,0.4963957,0.71576154,-0.78818536,0.0964995,-0.6078255,-0.37079263,-0.8627162,0.3438512
1356069509578,-0.49347472,0.46721208,0.73361826,-0.78731084,0.11850262,-0.60506105,-0.3696276,-0.8761679,0.309363
1356069509618,-0.49415702,0.4222529,0.7599417,-0.7891005,0.1490137,-0.59591556,-0.36486876,-0.8941462,0.2595638
1356069509658,-0.49075466,0.36710837,0.79018426,-0.79528487,0.18173611,-0.5783545,-0.35592377,-0.91225183,0.20276791
1356069509698,-0.48090887,0.30746612,0.82109135,-0.80669975,0.21168447,-0.55174726,-0.34345585,-0.9277145,0.14623201
1356069509741,-0.46319836,0.24834925,0.85074675,-0.82255775,0.2368766,-0.5169993,-0.32991838,-0.9392615,0.09456068
1356069509779,-0.43635148,0.19499367,0.8783934,-0.84133714,0.25766575,-0.4751423,-0.31898168,-0.946354,0.05162257
1356069509819,-0.40281665,0.15138859,0.90267384,-0.8597664,0.2756582,-0.42990032,-0.3139114,-0.94925976,0.019119084
1356069509859,-0.36277646,0.11976603,0.92414784,-0.8761147,0.29406714,-0.38203087,-0.31751582,-0.94825137,-0.0017518401
1356069509898,-0.31787068,0.100593805,0.94278264,-0.8884198,0.31570554,-0.33322698,-0.33116224,-0.9435099,-0.010984004
1356069509956,-0.26999906,0.0916999,0.958484,-0.89613533,0.34018627,-0.28498206,-0.35219592,-0.93587625,-0.0096744895
1356069509978,-0.22158894,0.08910641,0.9710605,-0.9011359,0.36181852,-0.23883379,-0.37262928,-0.9279803,1.2201071E-4
1356069510019,-0.17563549,0.08836198,0.98048174,-0.90713775,0.37237498,-0.19605604,-0.3824308,-0.9238664,0.014754176
1356069510056,-0.13541779,0.087014765,0.9869603,-0.91621816,0.36813995,-0.15816832,-0.37710252,-0.9256897,0.029871762
1356069510098,-0.103922784,0.08604723,0.99085605,-0.9273872,0.3515969,-0.12779924,-0.35937867,-0.9321885,0.043260217
1356069510138,-0.084005386,0.08745599,0.99262005,-0.9377215,0.33003005,-0.10843697,-0.33707792,-0.9399104,0.05428505
1356069510178,-0.07875025,0.09236273,0.9926064,-0.945508,0.30863273,-0.10373211,-0.3159318,-0.94668627,0.06302476
1356069510218,-0.09152877,0.10131353,0.99063516,-0.9502271,0.28862768,-0.11731362,-0.2978102,-0.95206594,0.06985313
1356069510258,-0.12540025,0.11520457,0.98539466,-0.95115685,0.26845145,-0.15242842,-0.28209108,-0.95637953,0.07591373
1356069510298,-0.18229067,0.13607255,0.9737835,-0.94607604,0.2454564,-0.21140298,-0.2677875,-0.95981,0.08399063
1356069510338,-0.2600466,0.16791654,0.9508837,-0.93107903,0.21733999,-0.29301053,-0.25586635,-0.9615442,0.099825025
1356069510378,-0.34851348,0.21760565,0.91169417,-0.9029452,0.18299711,-0.38884723,-0.25145277,-0.9587283,0.1327089
1356069510418,-0.43036395,0.28982407,0.854862,-0.86404556,0.14174992,-0.4830448,-0.2611746,-0.9465247,0.18941712
1356069510458,-0.48826683,0.3775197,0.7868128,-0.82466674,0.0953756,-0.5575197,-0.28551736,-0.9210768,0.26475924
1356069510498,-0.52040935,0.45975658,0.71958196,-0.7935175,0.050918877,-0.6064135,-0.31544292,-0.88658404,0.33832616
1356069510538,-0.5379679,0.5180105,0.6650232,-0.7708986,0.01684326,-0.63673526,-0.3410367,-0.85520846,0.39027232
1356069510578,-0.5525717,0.5466459,0.6291604,-0.75243604,-0.0025094151,-0.65866053,-0.35847518,-0.83736014,0.41270268
1356069510618,-0.5701287,0.5481551,0.6119472,-0.7341824,-0.005673468,-0.6789287,-0.36868635,-0.83635753,0.40568036
1356069510658,-0.590868,0.5275851,0.61035144,-0.71525127,0.007414162,-0.69882804,-0.37321645,-0.84946984,0.37297517
1356069510698,-0.61201143,0.4900103,0.62075114,-0.6979648,0.034415364,-0.71530473,-0.37187,-0.8710371,0.3209473
1356069510743,-0.62945426,0.4401,0.6403899,-0.68655103,0.07098198,-0.7236085,-0.36391625,-0.89513886,0.2574712
1356069510779,-0.6381029,0.3829534,0.6679606,-0.685464,0.1125558,-0.7193541,-0.35066193,-0.91688484,0.19067866
1356069510819,-0.6339452,0.32307154,0.7026651,-0.69687325,0.15538007,-0.7001605,-0.3353821,-0.9335319,0.1266374
1356069510859,-0.6137994,0.2641478,0.7439598,-0.72090125,0.1965819,-0.6645727,-0.32179448,-0.9442359,0.06976259
1356069510899,-0.57571715,0.20959648,0.7903285,-0.7552779,0.233949,-0.61222804,-0.31321743,-0.9493878,0.023615122
1356069510938,-0.51867723,0.16296488,0.83929515,-0.79563665,0.26731902,-0.5436017,-0.31294754,-0.94972783,-0.00899142
1356069510978,-0.44391745,0.12651804,0.88709104,-0.8356774,0.29882902,-0.46080846,-0.32338908,-0.94588286,-0.026927114
1356069511018,-0.3565986,0.09990859,0.92890024,-0.86883634,0.33005068,-0.3690393,-0.34345433,-0.9386612,-0.030891359
1356069511058,-0.26529816,0.08081013,0.96077394,-0.8916964,0.35846207,-0.27637383,-0.36673483,-0.9300401,-0.023041248
1356069511098,-0.17961496,0.06674072,0.9814704,-0.905772,0.37804347,-0.1914689,-0.38381726,-0.923379,-0.007450342
1356069511138,-0.107167095,0.056848884,0.9926144,-0.9153602,0.38407984,-0.12082344,-0.38811183,-0.92154807,0.010876536
1356069511178,-0.052592337,0.051708132,0.9972764,-0.9237002,0.37698627,-0.06825876,-0.37948897,-0.92477435,0.02793628
1356069511218,-0.019277662,0.05252722,0.99843335,-0.931445,0.36199299,-0.03702864,-0.3633709,-0.9306997,0.04194784
1356069511258,-0.010065764,0.059844643,0.9981569,-0.93853927,0.34385917,-0.030080676,-0.34502554,-0.93711233,0.052705348
1356069511298,-0.028524488,0.07390025,0.99685764,-0.944497,0.32452425,-0.05108422,-0.32727957,-0.94298613,0.06054169
1356069511338,-0.076618314,0.09463683,0.9925592,-0.947669,0.30252278,-0.101997465,-0.3099245,-0.9484323,0.06650555
1356069511378,-0.15583253,0.122662336,0.9801378,-0.94378424,0.2743581,-0.18438807,-0.2915262,-0.9537723,0.07301289
1356069511418,-0.2625479,0.15922335,0.9516914,-0.92576766,0.23653203,-0.29496935,-0.27207148,-0.9584887,0.08530283
1356069511458,-0.38063407,0.20740867,0.9011656,-0.8884727,0.1881668,-0.4185805,-0.25638667,-0.9599869,0.11265415
1356069511498,-0.48365563,0.27191257,0.83195,-0.83765566,0.1318146,-0.5300546,-0.25379175,-0.95325154,0.16401619
1356069511538,-0.54962933,0.35102957,0.7580804,-0.7908415,0.07380003,-0.60755515,-0.26921624,-0.93345153,0.23704606
1356069511578,-0.5775466,0.43057448,0.6935745,-0.7605254,0.025014162,-0.6488262,-0.29671717,-0.9022084,0.31301594
1356069511618,-0.5831324,0.49302897,0.6456618,-0.74421024,-0.005518973,-0.6679226,-0.32574183,-0.86999536,0.3701355
1356069511658,-0.5840732,0.52929795,0.6153878,-0.73250616,-0.017074049,-0.6805463,-0.34970456,-0.8482642,0.39768654
1356069511698,-0.59197086,0.5384389,0.5997118,-0.7177304,-0.013676822,-0.6961868,-0.36665192,-0.8425536,0.3945502
1356069511743,-0.6109175,0.52361065,0.59381104,-0.696608,8.794069E-4,-0.7174514,-0.3761874,-0.85195714,0.36421424
1356069511779,-0.637738,0.49028406,0.5940638,-0.6715877,0.023729086,-0.740545,-0.37717396,-0.8712396,0.3141358
1356069511819,-0.66683793,0.44388646,0.59857494,-0.64768773,0.052019596,-0.76012796,-0.36854813,-0.89457184,0.2528112
1356069511859,-0.6907377,0.39047873,0.60861135,-0.63166785,0.08383477,-0.7706929,-0.35196194,-0.91678685,0.18874502
1356069511899,-0.7043091,0.33494568,0.6259074,-0.62790793,0.11739564,-0.76938283,-0.33118024,-0.9348955,0.12763226
1356069511939,-0.7018701,0.28191334,0.6541431,-0.64065593,0.15156853,-0.7527197,-0.31134924,-0.94739217,0.07422805
1356069511978,-0.6805993,0.23465602,0.6940615,-0.66982234,0.18454403,-0.7192229,-0.2968549,-0.9544004,0.03157723
1356069512019,-0.6369666,0.1956962,0.7456384,-0.713724,0.21582258,-0.66634715,-0.29132724,-0.95662093,0.0022013187
1356069512059,-0.5685272,0.16650698,0.8056377,-0.767089,0.24653858,-0.5922778,-0.29723918,-0.954722,-0.012438238
1356069512099,-0.4776491,0.14629298,0.86628497,-0.8203005,0.2788012,-0.49937654,-0.3145766,-0.9491408,-0.013164997
1356069512139,-0.37543774,0.13208875,0.9173871,-0.8625057,0.31256175,-0.39798144,-0.339309,-0.9406688,-0.0034202337
1356069512179,-0.27847442,0.12119812,0.95276594,-0.88887125,0.34324673,-0.30346254,-0.3638129,-0.9313929,0.012144089
1356069512218,-0.20229459,0.11206004,0.9728923,-0.9030205,0.3631016,-0.22958899,-0.37898648,-0.92498636,0.027739048
1356069512258,-0.15513867,0.10617131,0.98217094,-0.9114838,0.36801016,-0.18375471,-0.38095835,-0.9237404,0.03968078
1356069512298,-0.13995522,0.10644275,0.9844199,-0.9173854,0.36016428,-0.16936854,-0.37258095,-0.92679644,0.047242105
1356069512338,-0.1593028,0.11545652,0.98045516,-0.919458,0.3442709,-0.18993282,-0.3594711,-0.9317442,0.051314175
1356069512378,-0.21712214,0.13465515,0.96681225,-0.912951,0.32255977,-0.24995148,-0.345512,-0.9369222,0.052898645
1356069512418,-0.316508,0.1639595,0.9343126,-0.88877296,0.29296947,-0.35249326,-0.33151963,-0.94195867,0.052995622
1356069512458,-0.45320225,0.20030144,0.86861205,-0.83333635,0.25075096,-0.49262,-0.31647778,-0.94710255,0.053277552
1356069512498,-0.60669935,0.2367985,0.7588429,-0.7362015,0.19272989,-0.6487392,-0.29987222,-0.95225084,0.057402313
1356069512538,-0.7416378,0.26791292,0.6149762,-0.60724723,0.12136376,-0.7851888,-0.28499806,-0.95576847,0.072681546
1356069512578,-0.83076394,0.29736695,0.4705362,-0.48111412,0.04151219,-0.8756746,-0.27992967,-0.9538604,0.10858053
1356069512618,-0.8741809,0.3333152,0.35314104,-0.38878864,-0.044691265,-0.92024237,-0.29094842,-0.9417556,0.16865748
1356069512658,-0.888345,0.37360352,0.26695237,-0.33539152,-0.13086438,-0.9329454,-0.31361708,-0.9183109,0.24155617
1356069512698,-0.8898852,0.40730682,0.20544,-0.30783358,-0.20380098,-0.92935663,-0.33666444,-0.89026195,0.30674213
1356069512743,-0.8895768,0.42665744,0.16314554,-0.29041934,-0.25260073,-0.9229569,-0.35257572,-0.86842173,0.34861737
1356069512779,-0.8912606,0.43215585,0.13746221,-0.27453518,-0.2729038,-0.9220379,-0.3609501,-0.8595143,0.3618704
1356069512819,-0.89469767,0.4283291,0.1266892,-0.25825042,-0.26462215,-0.92912954,-0.3644485,-0.86400765,0.34737307
1356069512859,-0.8989242,0.41851395,0.1295431,-0.24343836,-0.23132437,-0.94192713,-0.36424318,-0.87825686,0.30982542
1356069512898,-0.90369964,0.40283212,0.14509755,-0.23363629,-0.17995733,-0.95552576,-0.35880512,-0.89740837,0.2567435
1356069512938,-0.9086414,0.3801276,0.17284045,-0.23292065,-0.11783737,-0.9653301,-0.34658155,-0.917397,0.19561148
1356069512978,-0.91163117,0.35132858,0.21329977,-0.2462196,-0.051285207,-0.9678563,-0.32909644,-0.9348465,0.13325715
1356069513016,-0.90912896,0.3196408,0.2670473,-0.27715608,0.014348686,-0.9607178,-0.31091636,-0.94743013,0.07554555
1356069513058,-0.8977866,0.28828436,0.33297333,-0.3253911,0.07534212,-0.94257313,-0.29681602,-0.9545762,0.026164114
1356069513098,-0.8735084,0.2608137,0.4110466,-0.3902794,0.12949747,-0.911544,-0.29097268,-0.9566644,-0.011326909
1356069513138,-0.83238816,0.24070999,0.49918804,-0.46808383,0.17686003,-0.86580485,-0.2966943,-0.95434755,-0.034543812
1356069513178,-0.7711001,0.2290368,0.5940932,-0.553331,0.22056848,-0.80322737,-0.31500685,-0.94809896,-0.04334724
1356069513218,-0.68946314,0.22300209,0.6891376,-0.6379528,0.26360083,-0.7235543,-0.34301135,-0.9385013,-0.039478183
1356069513258,-0.59307814,0.21642305,0.7755123,-0.71380216,0.30427027,-0.630798,-0.3724845,-0.9276749,-0.025972724
1356069513298,-0.49364346,0.20358479,0.8454994,-0.77619976,0.33532012,-0.5339235,-0.39221165,-0.9198444,-0.0075060725
1356069513338,-0.40407676,0.18484014,0.895855,-0.82500786,0.34935176,-0.4442021,-0.3950749,-0.9185791,0.011329591
1356069513378,-0.33310968,0.16571236,0.928212,-0.861729,0.34606075,-0.37103248,-0.3827024,-0.9234617,0.027522981
1356069513418,-0.2861468,0.15240458,0.9459877,-0.8870027,0.33128557,-0.32167697,-0.3624171,-0.93114054,0.040387034
1356069513458,-0.26676357,0.14785722,0.9523525,-0.901446,0.3112802,-0.30083182,-0.34092864,-0.9387454,0.050247133
1356069513498,-0.27681142,0.151954,0.9488337,-0.90568775,0.28869593,-0.31045818,-0.3210998,-0.94528544,0.05770856
1356069513538,-0.3153025,0.16331124,0.9348335,-0.8994024,0.26284242,-0.34926957,-0.30275354,-0.95091707,0.06400764
1356069513578,-0.3774976,0.18086591,0.9081756,-0.88109505,0.23158097,-0.41236115,-0.28489825,-0.9558544,0.07193881
1356069513618,-0.453609,0.20587736,0.86709476,-0.8498123,0.19313729,-0.4904252,-0.2684358,-0.9593291,0.08734834
1356069513658,-0.52978003,0.24435708,0.8121716,-0.8075485,0.14735156,-0.5710979,-0.25922656,-0.95842427,0.11926633
1356069513698,-0.591748,0.30365476,0.746745,-0.7609396,0.09536618,-0.64177585,-0.26609242,-0.94799745,0.17463022
1356069513743,-0.63046587,0.3801155,0.67677534,-0.7196406,0.040531218,-0.69316274,-0.29091242,-0.9240505,0.24799305
1356069513779,-0.6463312,0.45466056,0.612813,-0.69118416,-0.008573711,-0.7226278,-0.32329625,-0.8906235,0.31979567
1356069513819,-0.6476298,0.5088729,0.56711906,-0.67669433,-0.0420112,-0.73506445,-0.35022908,-0.8598159,0.37155914
1356069513859,-0.64293706,0.5357649,0.54734623,-0.67305106,-0.05412811,-0.7376126,-0.36556014,-0.8426305,0.39539808
1356069513899,-0.63614225,0.53638244,0.5546321,-0.6768364,-0.04282862,-0.73488647,-0.37042612,-0.8428876,0.3902883
1356069513939,-0.6260577,0.5144913,0.58596104,-0.68728983,-0.0091046095,-0.72632617,-0.36835355,-0.8574472,0.35930473
1356069513978,-0.60877293,0.47413838,0.63607264,-0.70630336,0.04121101,-0.7067088,-0.36129093,-0.87948537,0.30979735
1356069514018,-0.58046335,0.41758597,0.69905955,-0.7355212,0.09947246,-0.6701595,-0.3493864,-0.9031761,0.24940324
1356069514058,-0.5363435,0.34907877,0.76842684,-0.7751161,0.1565324,-0.6121216,-0.33396238,-0.9239273,0.18662137
1356069514098,-0.47543895,0.2737489,0.83607376,-0.82042885,0.20509785,-0.53369594,-0.3175756,-0.9396789,0.12708002
1356069514138,-0.39960372,0.19754621,0.89514935,-0.86512196,0.2416271,-0.43952274,-0.30311838,-0.9500483,0.07434654
1356069514178,-0.3137306,0.12699577,0.940981,-0.9030087,0.2664339,-0.3370286,-0.29351038,-0.9554502,0.031089842
1356069514218,-0.2240304,0.06805685,0.972203,-0.9298028,0.28398153,-0.23413941,-0.2920225,-0.95641136,-3.4105778E-4
1356069514258,-0.13646948,0.023668677,0.9903615,-0.9437326,0.30089092,-0.13723516,-0.30123895,-0.95336485,-0.018725514
1356069514298,-0.0555574,-0.0071553886,0.9984299,-0.9455031,0.32170358,-0.050306767,-0.32083854,-0.94681346,-0.024638474
1356069514338,0.015646607,-0.027137756,0.9995092,-0.93805504,0.3456492,0.02406931,-0.34613276,-0.9379713,-0.02004844
1356069514378,0.075188994,-0.038492084,0.9964261,-0.9265743,0.36659348,0.08407959,-0.36851966,-0.9295846,-0.00810194
1356069514418,0.12183067,-0.042652577,0.991634,-0.9172207,0.37694874,0.12890181,-0.3792931,-0.9252515,0.0068021417
1356069514458,0.15473269,-0.04048291,0.9871266,-0.9138067,0.3739137,0.15857425,-0.37551972,-0.9265796,0.020863116
1356069514499,0.17324641,-0.03265071,0.9843371,-0.91618323,0.3613818,0.17323816,-0.36137784,-0.931846,0.0326941
1356069514538,0.17651483,-0.020199418,0.9840907,-0.92231804,0.34577754,0.17253217,-0.34376144,-0.938099,0.042404592
1356069514578,0.1634742,-0.0040875077,0.9865391,-0.93074435,0.33091336,0.15559983,-0.32709503,-0.9436523,0.05029136
1356069514618,0.13279605,0.01565218,0.9910198,-0.94060457,0.31719816,0.1210306,-0.31245524,-0.94823015,0.05684519
1356069514658,0.08343068,0.04001078,0.99571013,-0.95054615,0.30316803,0.0674642,-0.29916823,-0.9520968,0.063325584
1356069514698,0.015129328,0.07144621,0.9973297,-0.95790625,0.287018,-0.0060299933,-0.2866824,-0.95525706,0.072781146
1356069514743,-0.06875968,0.11508441,0.9909731,-0.9584333,0.26809108,-0.097636044,-0.27690747,-0.956495,0.09186685
1356069514779,-0.15918303,0.17859095,0.97096133,-0.9478809,0.24731648,-0.2008886,-0.2760116,-0.9523338,0.1299144
1356069514819,-0.2402181,0.26623112,0.93349683,-0.9261401,0.22521937,-0.30255702,-0.29079172,-0.93722856,0.19246548
1356069514859,-0.29704994,0.36761758,0.88125974,-0.89971304,0.20135248,-0.38726428,-0.31980902,-0.90791774,0.27093858
1356069514900,-0.32642394,0.45886862,0.8263699,-0.87709737,0.1788482,-0.44577307,-0.35234606,-0.87031776,0.344092
1356069514940,-0.33867395,0.5200673,0.78411096,-0.8618743,0.16284007,-0.48026642,-0.37745553,-0.8384588,0.39308292
1356069514978,-0.34681565,0.545675,0.76286167,-0.85252756,0.1557011,-0.49895293,-0.39104456,-0.8234052,0.41120327
1356069515018,-0.35862172,0.5386894,0.7623675,-0.84607804,0.15747118,-0.5092689,-0.39438868,-0.8276572,0.3993007
1356069515058,-0.37538576,0.5048928,0.77728295,-0.8408867,0.1672278,-0.5147276,-0.38986552,-0.8468282,0.36178273
1356069515098,-0.39326763,0.45157686,0.80088633,-0.83781314,0.18277115,-0.514455,-0.37869483,-0.8733116,0.306459
1356069515138,-0.40638924,0.38633734,0.82800436,-0.8389934,0.20110434,-0.50561565,-0.36185345,-0.9001669,0.24240786
1356069515178,-0.40897363,0.3161053,0.8560478,-0.8461134,0.22001994,-0.48547232,-0.3418079,-0.92285895,0.17747861
1356069515218,-0.3964426,0.24674621,0.88427925,-0.8595997,0.23845464,-0.4519157,-0.322369,-0.9392847,0.11756933
1356069515258,-0.36660105,0.18251196,0.91230094,-0.8782115,0.25584877,-0.4040867,-0.30716178,-0.94933176,0.06648964
1356069515298,-0.31905186,0.12654066,0.9392514,-0.8993497,0.27219528,-0.3421693,-0.2989581,-0.9538853,0.026959956
1356069515338,-0.25676525,0.08142871,0.9630374,-0.91869456,0.28886276,-0.2693671,-0.30011988,-0.9539013,6.3818693E-4
1356069515378,-0.1837174,0.0474993,0.98183084,-0.93229115,0.30818364,-0.18935704,-0.3115786,-0.95014036,-0.012335539
1356069515418,-0.10616028,0.02357325,0.9940696,-0.93719006,0.33169448,-0.1079517,-0.3322722,-0.9430923,-0.013120174
1356069515458,-0.030017495,0.006414145,0.9995287,-0.93358433,0.35707188,-0.030328512,-0.35709804,-0.93405485,-0.0047302246
1356069515498,0.03892073,-0.005951941,0.99922454,-0.92461866,0.37896636,0.038272023,-0.3789002,-0.92539126,0.009246409
1356069515538,0.09702888,-0.014763713,0.99517214,-0.91536355,0.39124778,0.095051885,-0.3907622,-0.92016697,0.024448156
1356069515578,0.14204395,-0.020034283,0.98965764,-0.90979564,0.391266,0.13850221,-0.38999423,-0.92005956,0.03734982
1356069515618,0.17243798,-0.020927697,0.9847981,-0.9089986,0.38175863,0.16727823,-0.37945592,-0.9240251,0.046806455
1356069515658,0.1865158,-0.016805857,0.9823082,-0.91231763,0.36803263,0.17952281,-0.3645385,-0.929661,0.053311646
1356069515698,0.18216127,-0.007507503,0.98324,-0.9191791,0.3538118,0.17299446,-0.34918067,-0.9352865,0.057550073
1356069515743,0.15680587,0.007376224,0.9876019,-0.92923105,0.33985984,0.14499974,-0.3345767,-0.9404472,0.060146213
1356069515779,0.107774764,0.0288786,0.99375594,-0.94123435,0.32480124,0.09264001,-0.32009792,-0.94534135,0.062186837
1356069515819,0.033876568,0.058866918,0.9976908,-0.95168287,0.3067533,0.014214933,-0.30520818,-0.94996685,0.066414356
1356069515859,-0.06259376,0.10159466,0.9928547,-0.95421886,0.28544676,-0.089366585,-0.2924863,-0.9529946,0.07907635
1356069515906,-0.16967905,0.16381806,0.9717884,-0.9421032,0.2624333,-0.20873526,-0.28922424,-0.950943,0.109804034
1356069515938,-0.26651835,0.24987441,0.9308764,-0.91493183,0.23812968,-0.32587424,-0.30309692,-0.93853986,0.16515213
1356069515975,-0.33371013,0.35140347,0.87473035,-0.88160896,0.21220821,-0.42158425,-0.33377114,-0.911857,0.23898447
1356069516018,-0.36789256,0.4469254,0.81542194,-0.85248756,0.18812317,-0.48772407,-0.37137604,-0.87456703,0.31178916
1356069516058,-0.38352233,0.5148579,0.76670206,-0.83103,0.16975075,-0.5296922,-0.40286446,-0.84030116,0.3627591
1356069516098,-0.39635044,0.54790485,0.7366862,-0.81520975,0.15905863,-0.5568962,-0.42230237,-0.8212799,0.38361442
1356069516138,-0.4140094,0.5485373,0.7264316,-0.8023246,0.15705335,-0.5758554,-0.4299667,-0.8212435,0.3750835
1356069516178,-0.43559474,0.5225229,0.7329577,-0.79204774,0.16439372,-0.58790743,-0.4276888,-0.8366269,0.34225404
1356069516218,-0.45458394,0.47623426,0.75269794,-0.787355,0.18025142,-0.58956033,-0.4164437,-0.86064523,0.2930261
1356069516258,-0.4631524,0.41557518,0.7828073,-0.7921746,0.20195848,-0.57591,-0.39742845,-0.88685405,0.2356705
1356069516298,-0.45420593,0.3462976,0.82083803,-0.80875206,0.22615719,-0.54293007,-0.37365383,-0.9104565,0.17734689
1356069516338,-0.4235738,0.27397338,0.86343706,-0.8357978,0.2493667,-0.48914027,-0.34932384,-0.9288459,0.12336123
1356069516378,-0.3709023,0.20391038,0.90600884,-0.8686358,0.26890945,-0.41612446,-0.32848647,-0.9413332,0.07738471
1356069516418,-0.30060387,0.14124268,0.94323266,-0.9004051,0.28408426,-0.32949466,-0.3144962,-0.9483389,0.041778862
1356069516458,-0.21788326,0.08965671,0.971848,-0.92540836,0.29738566,-0.2349067,-0.31007466,-0.9505385,0.018173695
1356069516498,-0.13157877,0.050930023,0.98999655,-0.93933505,0.31271026,-0.14093265,-0.3167598,-0.94848216,0.0066942573
1356069516538,-0.049378157,0.023672104,0.99849963,-0.94148046,0.33264142,-0.05444458,-0.33343115,-0.9427563,0.0058615804
1356069516578,0.023016483,0.0052706897,0.99972117,-0.93464804,0.35503098,0.019646496,-0.3548284,-0.9348396,0.013097823
1356069516618,0.08210704,-0.006426364,0.9966028,-0.924433,0.3731633,0.078567445,-0.3724005,-0.9277434,0.024698615
1356069516658,0.12598857,-0.012692481,0.9919505,-0.91668606,0.38075283,0.121301055,-0.37922755,-0.92458975,0.036335528
1356069516698,0.15350798,-0.013860971,0.9880502,-0.914188,0.37756363,0.14732915,-0.37509397,-0.9258799,0.04528749
1356069516743,0.16363391,-0.009771287,0.9864727,-0.91649735,0.368507,0.15567672,-0.36504325,-0.92957366,0.05134487
1356069516779,0.15480149,-4.0227175E-4,0.9879455,-0.9222864,0.3584152,0.14465925,-0.35415286,-0.93356216,0.055112183
1356069516819,0.12556902,0.014225453,0.9919828,-0.93049216,0.34851596,0.112787336,-0.34411737,-0.9371948,0.056999505
1356069516860,0.07421452,0.034806848,0.9966347,-0.9395953,0.33730543,0.05818692,-0.33414498,-0.94075155,0.05773729
1356069516898,6.2158704E-4,0.062372267,0.9980527,-0.94643027,0.32231566,-0.019553363,-0.32290766,-0.9445752,0.05923134
1356069516938,-0.09183282,0.09880218,0.9908607,-0.9460547,0.30184233,-0.11777794,-0.31072044,-0.9482243,0.06575316
1356069516979,-0.19240439,0.14818954,0.9700621,-0.933566,0.2769646,-0.22747561,-0.3023824,-0.9493842,0.08505553
1356069517018,-0.28111166,0.21662661,0.9349059,-0.90929055,0.25138378,-0.33165756,-0.30686596,-0.943334,0.1263097
1356069517058,-0.33713776,0.3045579,0.89083254,-0.8819839,0.22880232,-0.41201198,-0.32930604,-0.9246048,0.19147736
1356069517098,-0.35426408,0.3972944,0.8465543,-0.86170197,0.21297675,-0.46055472,-0.3632722,-0.89263546,0.26689935
1356069517138,-0.34584695,0.4720189,0.8109181,-0.8509243,0.20638895,-0.4830439,-0.39537045,-0.85708916,0.33027333
1356069517178,-0.331504,0.5152623,0.7903227,-0.8466448,0.20715207,-0.4901843,-0.41629046,-0.8316206,0.36757237
1356069517218,-0.32471156,0.5255213,0.78637767,-0.8455157,0.21132165,-0.49035317,-0.42386964,-0.8241181,0.37571794
1356069517258,-0.3310073,0.5065431,0.7961459,-0.8451641,0.21609533,-0.48887667,-0.4196805,-0.8346957,0.35658294
1356069517298,-0.34709704,0.46504134,0.8144079,-0.8453739,0.22082937,-0.48639214,-0.40603763,-0.85730445,0.3164847
1356069517338,-0.36709446,0.40810117,0.8358799,-0.8469801,0.22483528,-0.48174047,-0.38453412,-0.88481784,0.26311773
1356069517378,-0.3828646,0.34290972,0.85780394,-0.85167694,0.2286762,-0.47154385,-0.35785636,-0.91110927,0.20449626
1356069517418,-0.3870669,0.27616397,0.8797231,-0.8608979,0.23343617,-0.45206463,-0.33020315,-0.93233097,0.14739358
1356069517458,-0.37456936,0.2132357,0.902346,-0.87520385,0.24000514,-0.42001867,-0.30613074,-0.94706285,0.09672612
1356069517498,-0.3433619,0.15792209,0.9258311,-0.89342767,0.24907458,-0.37382996,-0.28963697,-0.95552206,0.05556923
1356069517538,-0.293746,0.11294755,0.94918704,-0.912626,0.2622,-0.31363165,-0.28430077,-0.95838094,0.026058674
1356069517578,-0.22892764,0.07950026,0.9701916,-0.928417,0.28178015,-0.24216041,-0.2926325,-0.9561796,0.009302199
1356069517618,-0.1554338,0.056169808,0.986248,-0.93658364,0.30905846,-0.16520846,-0.31408802,-0.9493828,0.00456959
1356069517658,-0.08149746,0.039888024,0.995875,-0.9354867,0.34164515,-0.090239644,-0.34383535,-0.9389821,0.009471476
1356069517698,-0.0139122605,0.028073132,0.9995091,-0.92765707,0.37270057,-0.02338019,-0.37317398,-0.92752695,0.020857155
1356069517743,0.04313606,0.01948765,0.99887913,-0.9190086,0.39293492,0.032020897,-0.39187044,-0.9193598,0.034859
1356069517779,0.08739239,0.014249086,0.99607205,-0.9149088,0.39670795,0.074596345,-0.3940868,-0.9178343,0.04770589
1356069517819,0.117622495,0.013359457,0.99296856,-0.9166124,0.38617867,0.10338202,-0.38208213,-0.9223273,0.057668746
1356069517859,0.13221455,0.017638355,0.9910641,-0.92207205,0.36908573,0.11644176,-0.36373374,-0.92922795,0.065062344
1356069517899,0.12885031,0.027261078,0.99128926,-0.9293901,0.35197344,0.11112499,-0.34587812,-0.9356129,0.07068807
1356069517938,0.104680955,0.042382568,0.9936023,-0.9377221,0.33697265,0.084420025,-0.33123884,-0.94056004,0.07501769
1356069517978,0.057355523,0.06368771,0.99632025,-0.94591236,0.3226536,0.033828646,-0.31931183,-0.94437194,0.078749
1356069518018,-0.013756782,0.09252885,0.995615,-0.95112526,0.30599335,-0.041579932,-0.30849898,-0.9475266,0.08379704
1356069518058,-0.10410836,0.1311318,0.9858833,-0.9487128,0.28442255,-0.13801405,-0.29850549,-0.94968843,0.094795644
1356069518098,-0.19936162,0.18353564,0.96258485,-0.93493766,0.25859416,-0.24294165,-0.2935073,-0.9483901,0.120040596
1356069518138,-0.27500784,0.25393748,0.92730063,-0.9130026,0.23330438,-0.33465698,-0.30132526,-0.9386612,0.16768503
1356069518178,-0.3113299,0.33855844,0.88794804,-0.89320874,0.21473944,-0.39505064,-0.3244252,-0.9161141,0.23554856
1356069518219,-0.31027722,0.42013758,0.8527676,-0.88225716,0.20682198,-0.42290306,-0.35404852,-0.88357747,0.30649716
1356069518258,-0.29188,0.4791575,0.8277767,-0.8785563,0.20779747,-0.43006855,-0.3780805,-0.8527768,0.3603149
1356069518298,-0.27580315,0.5073631,0.8164039,-0.8782029,0.21227509,-0.42860118,-0.39075857,-0.8351779,0.38702154
1356069518338,-0.27279526,0.50601804,0.81824726,-0.87828934,0.2161488,-0.42648274,-0.39267105,-0.83500034,0.38546586
1356069518378,-0.28520346,0.48012608,0.82954085,-0.8770599,0.21832305,-0.42790306,-0.3865553,-0.8495964,0.35883278
1356069518418,-0.30924624,0.43592873,0.8451822,-0.8742676,0.21938539,-0.43304312,-0.37419653,-0.8728323,0.3132742
1356069518458,-0.33763105,0.3800698,0.8611343,-0.8711378,0.22036624,-0.43881392,-0.35654485,-0.8983238,0.25669068
1356069518498,-0.36289042,0.31888172,0.8755712,-0.86931753,0.22250795,-0.44133562,-0.33555537,-0.92130595,0.19646353
1356069518538,-0.37862998,0.25796774,0.8888712,-0.8703356,0.22750157,-0.43675977,-0.31488955,-0.9389865,0.13837957
1356069518578,-0.38036025,0.20187974,0.9025357,-0.8752476,0.23669243,-0.42180365,-0.29877698,-0.95037955,0.086666346
1356069518618,-0.36633003,0.15395543,0.91766006,-0.8839443,0.25041872,-0.39488333,-0.29059368,-0.955818,0.044352114
1356069518658,-0.33607775,0.11651519,0.9345994,-0.89521277,0.26882154,-0.35542807,-0.29265323,-0.9561167,0.0139609575
1356069518698,-0.29099685,0.09049207,0.9524348,-0.90634584,0.29271019,-0.30472606,-0.30636263,-0.9519096,-0.0031606555
1356069518743,-0.23514938,0.07471332,0.9690834,-0.9138479,0.32258666,-0.2466169,-0.33103895,-0.94358665,-0.007579446
1356069518779,-0.17523462,0.06638366,0.9822861,-0.91572094,0.3554482,-0.18738124,-0.36159083,-0.9323356,-0.0014978647
1356069518819,-0.11853352,0.06281623,0.9909611,-0.91376746,0.38363424,-0.1336183,-0.38856003,-0.92134625,0.011925876
1356069518877,-0.0715287,0.062046617,0.9955069,-0.9128356,0.39819315,-0.090406686,-0.40201345,-0.9152008,0.028156102
1356069518898,-0.038771123,0.06385937,0.99720544,-0.9163312,0.39575222,-0.060970068,-0.39853972,-0.9161343,0.043172598
1356069518938,-0.02324003,0.069529474,0.9973091,-0.9235947,0.38034856,-0.04803911,-0.38266525,-0.92222583,0.05537778
1356069518976,-0.028331637,0.08045846,0.9963553,-0.9317401,0.3588636,-0.055473506,-0.36201894,-0.9299158,0.06479919
1356069519018,-0.05771315,0.09700948,0.9936087,-0.9383618,0.3344847,-0.087161064,-0.3408024,-0.93739486,0.071725845
1356069519058,-0.11710888,0.11971566,0.98587704,-0.94013715,0.30654675,-0.14889976,-0.32004306,-0.9442972,0.076649785
1356069519098,-0.20837164,0.14798602,0.9667892,-0.9312711,0.2720257,-0.24235535,-0.29885668,-0.95084286,0.08113265
1356069519138,-0.32774162,0.18081644,0.92730296,-0.9032699,0.22772855,-0.36365265,-0.2769277,-0.95678896,0.08868998
1356069519178,-0.4593529,0.21806893,0.86106956,-0.8502077,0.17273164,-0.49730337,-0.25718033,-0.96052575,0.106059134
1356069519218,-0.5744137,0.2642672,0.7747333,-0.7801393,0.10983765,-0.6158883,-0.24785396,-0.95817465,0.1430729
1356069519258,-0.6471196,0.32836732,0.6880487,-0.7170031,0.04460913,-0.69564104,-0.25911906,-0.9434961,0.20657301
1356069519298,-0.6745784,0.40905052,0.6145093,-0.67826194,-0.014862239,-0.7346699,-0.29138416,-0.9123907,0.2874691
1356069519338,-0.6725754,0.4895184,0.5549901,-0.6608995,-0.059912503,-0.7480791,-0.33294767,-0.86993235,0.36381817
1356069519378,-0.66569465,0.5490606,0.5053545,-0.6488606,-0.09143096,-0.7553942,-0.3685521,-0.83076656,0.4171288
1356069519418,-0.66929895,0.5796954,0.4647494,-0.6315829,-0.11444056,-0.7668157,-0.3913334,-0.8067568,0.4427207
1356069519459,-0.68761426,0.5830331,0.43273452,-0.6046895,-0.12993073,-0.78579175,-0.40191707,-0.8019916,0.44189614
1356069519498,-0.71721876,0.564724,0.4082695,-0.5680786,-0.13450712,-0.81190795,-0.40358874,-0.8142448,0.4172787
1356069519538,-0.75198865,0.5312147,0.39028716,-0.52523804,-0.12512034,-0.8417065,-0.3982941,-0.83794737,0.3731032
1356069519578,-0.7865723,0.4880536,0.3782956,-0.4817548,-0.10178405,-0.87037474,-0.38628507,-0.8668584,0.3151828
1356069519618,-0.8169876,0.44010127,0.37261543,-0.44362682,-0.06686187,-0.893714,-0.36841092,-0.8954554,0.24986595
1356069519658,-0.84021086,0.3922069,0.37445873,-0.41630608,-0.024061441,-0.9089061,-0.3474692,-0.9195622,0.18349487
