1356069118416,-0.3123126,-0.0117607415,0.94990665,-0.944679,-0.101635695,-0.31185216,0.10021192,-0.9947522,0.02063191
1356069118458,0.02446112,-0.018270344,-0.9995339,0.99466467,0.10067704,0.022501707,0.10021904,-0.99475145,0.020635545
1356069118498,0.024496078,-0.018312186,-0.9995323,0.9946587,0.100729406,0.022531271,0.100269735,-0.9947454,0.020681798
1356069118540,0.024720818,-0.018483698,-0.9995235,0.9946354,0.10091421,0.022733867,0.100445956,-0.9947235,0.020879209
1356069118578,0.025417238,-0.018910587,-0.9994981,0.9945726,0.1013858,0.023373783,0.10089293,-0.9946675,0.021384895
1356069118618,0.02691248,-0.019662201,-0.9994445,0.99445015,0.10225281,0.024766415,0.10170904,-0.9945642,0.022304952
1356069118660,0.029347569,-0.020916492,-0.9993504,0.9942627,0.10349426,0.027032048,0.10286164,-0.99441016,0.023833811
1356069118699,0.03279835,-0.022913724,-0.99919933,0.9940232,0.10490239,0.030222803,0.10412592,-0.9942186,0.026217401
1356069118738,0.03716722,-0.025439173,-0.9989852,0.99375725,0.10617021,0.034269094,0.105190635,-0.9940225,0.029226422
1356069118780,0.042001486,-0.028229982,-0.9987186,0.99348426,0.10717934,0.03875178,0.105948,-0.99383885,0.032547772
1356069118819,0.04697624,-0.030902594,-0.99841785,0.9932139,0.10790411,0.043391615,0.10639247,-0.99368095,0.035761833
1356069118858,0.05172658,-0.033249855,-0.9981076,0.9929694,0.108267784,0.04785359,0.10647172,-0.99356556,0.03861642
1356069118897,0.056021392,-0.035582095,-0.99779534,0.9927869,0.108083665,0.051885813,0.10599923,-0.99350476,0.041380405
1356069118938,0.059928387,-0.03841871,-0.9974631,0.9926774,0.1072869,0.055508584,0.10488221,-0.99348557,0.04456687
1356069118978,0.06350359,-0.042075336,-0.9970943,0.99264747,0.10582504,0.058754772,0.103045374,-0.99349415,0.048486233
1356069119018,0.066643775,-0.04593125,-0.9967191,0.99270105,0.10368472,0.06159708,0.100515366,-0.9935491,0.05250594
1356069119060,0.06913158,-0.04872957,-0.99641675,0.9928731,0.10055485,0.06396812,0.09707743,-0.9937375,0.055333763
1356069119098,0.07080898,-0.0491547,-0.99627805,0.993146,0.09658423,0.06582102,0.092989355,-0.9941102,0.05565685
1356069119138,0.07149863,-0.046205312,-0.99636984,0.99353254,0.09164041,0.0670453,0.08820984,-0.9947195,0.052458733
1356069119178,0.071469784,-0.04048571,-0.9966208,0.9940016,0.085816026,0.06779584,0.082781285,-0.99548805,0.04637614
1356069119218,0.07121262,-0.033909947,-0.9968846,0.99456346,0.07853922,0.06837526,0.075975895,-0.9963342,0.03931859
1356069119258,0.07126248,-0.028589308,-0.9970478,0.9952646,0.06828499,0.069177,0.066105634,-0.99725604,0.0333201
1356069119298,0.0719648,-0.025615513,-0.9970782,0.99605364,0.05390942,0.07050595,0.051945895,-0.9982172,0.029393971
1356069119369,0.07340759,-0.024713814,-0.99699575,0.99673945,0.035392046,0.072511345,0.033493698,-0.9990679,0.027231246
1356069119379,0.07566953,-0.024676442,-0.99682754,0.9970505,0.014724612,0.07532194,0.012819231,-0.99958706,0.025717884
1356069119417,0.07910669,-0.024199396,-0.9965724,0.99684215,-0.005031228,0.079250306,-0.006931752,-0.99969447,0.023724914
1356069119458,0.084511906,-0.022505432,-0.99616826,0.9961542,-0.021291465,0.08499166,-0.023122638,-0.99951994,0.020619482
1356069119498,0.09298745,-0.019448757,-0.9954773,0.9950669,-0.032901794,0.09359193,-0.034573197,-0.99926937,0.016293317
1356069119538,0.105737686,-0.015463203,-0.9942738,0.9935237,-0.040180862,0.10628283,-0.041594237,-0.9990728,0.0111144185
1356069119578,0.12358329,-0.011459053,-0.9922681,0.9912885,-0.044469267,0.12397483,-0.045546025,-0.9989451,0.0058635175
1356069119618,0.14655131,-0.008579254,-0.9891659,0.98803127,-0.04738933,0.14679426,-0.04813528,-0.9988397,0.001531601
1356069119658,0.17432171,-0.008073658,-0.9846557,0.9833715,-0.050278723,0.17450666,-0.050916135,-0.99870265,-8.252859E-4
1356069119698,0.20607111,-0.010922104,-0.97847605,0.9769969,-0.053783804,0.20635992,-0.054880023,-0.9984929,-4.1246414E-4
1356069119738,0.24099946,-0.017229527,-0.9703723,0.9686469,-0.05790615,0.24159911,-0.06035319,-0.99817336,0.0027339756
1356069119778,0.27826408,-0.025901347,-0.96015525,0.9581647,-0.06224832,0.2793664,-0.067004055,-0.99772453,0.0074962676
1356069119818,0.31701857,-0.03494376,-0.94777536,0.9455988,-0.06536764,0.31870055,-0.073090434,-0.99724925,0.012320012
1356069119858,0.3559691,-0.042081624,-0.93354976,0.93150306,-0.06393275,0.35807058,-0.0747526,-0.9970665,0.016441107
1356069119898,0.3932039,-0.045173913,-0.9183409,0.9169706,-0.054053843,0.39527616,-0.067496,-0.9975157,0.02016899
1356069119938,0.4262366,-0.042834222,-0.903597,0.9032474,-0.03468594,0.427716,-0.049663007,-0.99847984,0.023905486
1356069119978,0.45235902,-0.03533593,-0.8911356,0.8915142,-0.008917749,0.45290488,-0.023950785,-0.9993357,0.027468473
1356069120025,0.46908018,-0.02365315,-0.8828388,0.88312507,0.020875543,0.46867302,0.0073441863,-0.9995023,0.030681014
1356069120068,0.47262076,-0.012811422,-0.8811729,0.88057274,0.04651782,0.47162256,0.03494808,-0.9988353,0.033266693
1356069120108,0.4628262,-0.005383879,-0.88643277,0.8846508,0.06646794,0.46149218,0.05643481,-0.9977741,0.035525918
1356069120148,0.44033352,-0.002479136,-0.89783084,0.8948584,0.08256206,0.43864772,0.07303926,-0.99658275,0.038573325
1356069120188,0.4036538,-0.0058369935,-0.9148932,0.9107603,0.09771693,0.40120697,0.08705872,-0.9951972,0.04475993
1356069120228,0.35261735,-0.018656462,-0.9355817,0.93036807,0.1142396,0.34837434,0.10038105,-0.993278,0.057640254
1356069120268,0.2886037,-0.045768768,-0.9563541,0.9506841,0.13222447,0.2805647,0.113612354,-0.9901626,0.08167207
1356069120308,0.2146315,-0.09199765,-0.97235274,0.9686432,0.14762157,0.1998457,0.12515488,-0.984756,0.12079716
1356069120371,0.13682464,-0.1605677,-0.9774953,0.9818875,0.1525347,0.112383425,0.13105682,-0.9751672,0.17852995
1356069120390,0.059708655,-0.24700361,-0.9671732,0.9900859,0.13806152,0.025864005,0.12714085,-0.95912886,0.2527983
1356069120430,-0.012495935,-0.33768728,-0.94117546,0.9935398,0.10198289,-0.04978192,0.11279443,-0.9357173,0.33423138
1356069120469,-0.07735318,-0.41686645,-0.90567034,0.9927833,0.051288724,-0.10840091,0.09163934,-0.9075196,0.40989074
1356069120509,-0.13603902,-0.47238404,-0.8708311,0.9881343,-0.0014343858,-0.15358573,0.071302295,-0.8813917,0.46697396
1356069120549,-0.19020796,-0.50075436,-0.84443235,0.9799298,-0.044574857,-0.1942954,0.05965382,-0.8644409,0.4991826
1356069120590,-0.2405625,-0.5045915,-0.82916653,0.96878916,-0.072181284,-0.23714447,0.059810817,-0.8603356,0.50620687
1356069120619,-0.28472996,-0.4946869,-0.8211051,0.95636874,-0.08808166,-0.2785685,0.065479875,-0.8645961,0.4981826
1356069120649,-0.32199264,-0.47169775,-0.82086664,0.9438204,-0.0918659,-0.31743315,0.07432288,-0.8769618,0.47477803
1356069120690,-0.35508603,-0.42462406,-0.8328315,0.9309182,-0.07916057,-0.35654578,0.08547053,-0.90190244,0.42339903
1356069120747,-0.37920535,-0.3609443,-0.85201085,0.9204669,-0.05303508,-0.38720542,0.09457311,-0.93107814,0.35234842
1356069120770,-0.3909062,-0.2879055,-0.8742441,0.91507643,-0.01926279,-0.4028202,0.09913376,-0.95746505,0.27098548
1356069120809,-0.38867563,-0.21217683,-0.8966116,0.91618574,0.0141304135,-0.4005048,0.09764734,-0.9771291,0.18890119
1356069120845,-0.3728584,-0.14128667,-0.9170685,0.92349404,0.03956747,-0.38156676,0.09019634,-0.9891777,0.115724325
1356069120888,-0.34653872,-0.07995969,-0.93462145,0.93480974,0.053123295,-0.35115334,0.07772824,-0.9953815,0.056337833
1356069120928,-0.3114568,-0.03206548,-0.9497191,0.94818985,0.05545211,-0.31282753,0.06269488,-0.9979463,0.013133168
1356069120968,-0.2701155,-3.169179E-4,-0.9628278,0.96170926,0.048101246,-0.26981753,0.04639873,-0.9988424,-0.0126881
1356069121008,-0.2231698,0.013528645,-0.97468567,0.9743455,0.032932162,-0.22263482,0.02908656,-0.99936604,-0.020531058
1356069121048,-0.17111659,0.0095921755,-0.9852041,0.9851881,0.012943089,-0.17098778,0.011111438,-0.99987024,-0.011664927
1356069121088,-0.11467153,-0.008396357,-0.9933679,0.99338365,-0.007271409,-0.11461195,-0.006260872,-0.99993825,0.009174645
1356069121128,-0.05582702,-0.033906102,-0.9978645,0.9982258,-0.022615135,-0.055078804,-0.020699352,-0.99916905,0.035108536
1356069121168,0.0020147562,-0.060233325,-0.9981823,0.9995941,-0.028245926,0.0037220418,-0.02841866,-0.9977846,0.060151905
1356069121208,0.05518043,-0.08113152,-0.99517477,0.99813324,-0.021646202,0.057109147,-0.026175171,-0.9964683,0.079785645
1356069121248,0.09981501,-0.092855334,-0.99066377,0.994894,-0.0056201816,0.100768,-0.014924616,-0.99566376,0.0918203
1356069121288,0.13302198,-0.095282644,-0.98652244,0.99111235,0.014033765,0.1322855,0.001240164,-0.99535143,0.09630257
1356069121328,0.15320781,-0.09071651,-0.98402125,0.98801553,0.032987744,0.1507886,0.018781602,-0.9953303,0.09468329
1356069121372,0.15992379,-0.081536084,-0.9837562,0.9864124,0.05117762,0.15611386,0.037617415,-0.9953556,0.088612646
1356069121409,0.1519807,-0.07256475,-0.9857161,0.98673785,0.068665564,0.14708328,0.057011634,-0.99499714,0.08203828
1356069121450,0.13357183,-0.06721163,-0.9887574,0.98791325,0.08820972,0.12746164,0.07865107,-0.99383175,0.078181595
1356069121488,0.102824986,-0.07106504,-0.9921576,0.9894738,0.10941416,0.09470984,0.101825476,-0.9914526,0.081567556
1356069121528,0.061674803,-0.09215039,-0.99383324,0.9903694,0.1293107,0.04946983,0.123954594,-0.98731303,0.09923816
1356069121568,0.011371046,-0.13961652,-0.9901403,0.99024355,0.13910374,-0.008242339,0.13888296,-0.9803864,0.13983613
1356069121608,-0.04550159,-0.21501762,-0.9755496,0.9892468,0.12618178,-0.07395181,0.13899747,-0.9684242,0.2069641
1356069121648,-0.103999674,-0.30333364,-0.9471921,0.9871273,0.0848673,-0.1355628,0.12150636,-0.94909763,0.29060277
1356069121688,-0.15817767,-0.3777088,-0.91231334,0.9828769,0.02820909,-0.18209091,0.09451279,-0.92549455,0.3667793
1356069121728,-0.20398569,-0.42076313,-0.883939,0.9763565,-0.021457374,-0.21509886,0.07153869,-0.90691674,0.41519183
1356069121768,-0.24022597,-0.4303726,-0.87009823,0.9688058,-0.050076723,-0.24270895,0.06088361,-0.9012612,0.42897722
1356069121808,-0.2661913,-0.4108451,-0.87197965,0.9619346,-0.055188894,-0.26764905,0.061838746,-0.9100332,0.4098969
1356069121848,-0.28081328,-0.3680053,-0.8864062,0.957248,-0.040581703,-0.28640783,0.06942767,-0.9289377,0.36366826
1356069121888,-0.28307372,-0.3097385,-0.9077066,0.9558661,-0.013478696,-0.29349318,0.078671426,-0.9507263,0.299884
1356069121928,-0.2729621,-0.24463624,-0.9304004,0.9581972,0.017049491,-0.28560016,0.08573094,-0.969465,0.22975594
1356069121968,-0.25174773,-0.1792748,-0.9510435,0.96381545,0.042559206,-0.2631511,0.087652,-0.982878,0.16207367
1356069122008,-0.22160006,-0.11953318,-0.9677837,0.97156084,0.0578624,-0.22961164,0.083444506,-0.99114263,0.10331142
1356069122048,-0.18557143,-0.06939492,-0.9801774,0.97984076,0.062047184,-0.18990049,0.07399538,-0.9956578,0.05648178
1356069122089,-0.14594728,-0.03252375,-0.9887576,0.98740506,0.056916595,-0.14761984,0.061077863,-0.997849,0.023807347
1356069122129,-0.10482377,-0.012123227,-0.99441683,0.99345684,0.044308186,-0.10526276,0.045336932,-0.9989443,0.00739938
1356069122168,-0.06274474,-0.009251773,-0.9979868,0.9976583,0.026693285,-0.06297159,0.027222186,-0.9996009,0.0075551867
1356069122208,-0.019503713,-0.021649808,-0.9995753,0.99977803,0.0075405836,-0.019670963,0.00796324,-0.99973714,0.021497965
1356069122248,0.025803924,-0.043592036,-0.9987161,0.9996192,-0.00864923,0.026204824,-0.009780407,-0.999012,0.043352246
1356069122288,0.07343137,-0.06751281,-0.9950124,0.997062,-0.016834736,0.07472491,-0.02179572,-0.99757636,0.066078335
1356069122328,0.12240419,-0.0862045,-0.9887295,0.9921814,-0.013817519,0.12403622,-0.024354339,-0.9961816,0.08383924
1356069122370,0.17034602,-0.0955469,-0.98074114,0.9852275,-0.0012409687,0.1712462,-0.017579108,-0.9954243,0.093924016
1356069122409,0.21395308,-0.09563586,-0.9721512,0.976828,0.015252471,0.2134819,-0.00558877,-0.9952996,0.096683055
1356069122450,0.25000742,-0.08869183,-0.9641732,0.96821487,0.030611187,0.24823958,0.0074976385,-0.9955886,0.0935258
1356069122490,0.27616468,-0.07693973,-0.9580257,0.9608954,0.043181032,0.27352402,0.020323664,-0.9961002,0.08585614
1356069122529,0.2906807,-0.062259614,-0.9547924,0.95620185,0.054770827,0.28753835,0.034392804,-0.9965561,0.07545355
1356069122568,0.29137892,-0.04742515,-0.95543134,0.9551847,0.06888127,0.2878845,0.052158326,-0.9964969,0.06537035
1356069122608,0.27485463,-0.037992805,-0.96073484,0.95854366,0.08893791,0.27071068,0.07516071,-0.99531233,0.06086272
1356069122648,0.23541406,-0.0452556,-0.97084093,0.96653694,0.115648896,0.22897947,0.10191408,-0.99225867,0.07096663
1356069122688,0.16583714,-0.08559859,-0.9824311,0.97806776,0.14158586,0.15276432,0.12602192,-0.9862182,0.1072014
1356069122728,0.06266424,-0.1699951,-0.9834506,0.98853695,0.14619222,0.037718236,0.13736099,-0.97454077,0.17720738
1356069122768,-0.06036985,-0.2775996,-0.95879817,0.98971057,0.108187735,-0.0936397,0.1297245,-0.9545857,0.26821202
1356069122808,-0.17359984,-0.36708558,-0.9138443,0.97892725,0.03700584,-0.2008285,0.10753888,-0.9294508,0.3529258
1356069122848,-0.2593724,-0.41585445,-0.8716599,0.96218383,-0.033482075,-0.27033517,0.083235055,-0.90881455,0.40881282
1356069122888,-0.31732368,-0.42619613,-0.8471497,0.9460405,-0.0804041,-0.3139151,0.06567514,-0.90105057,0.4287128
1356069122928,-0.3518024,-0.40698493,-0.84297,0.93438184,-0.09855193,-0.34237123,0.056263596,-0.90810287,0.41495013
1356069122968,-0.36595392,-0.3672744,-0.8550949,0.92911553,-0.09173894,-0.35822934,0.053122967,-0.92557734,0.37481263
1356069123008,-0.36149406,-0.31589714,-0.8772291,0.93076766,-0.067055166,-0.35940945,0.054713637,-0.9464209,0.31826693
1356069123048,-0.33916104,-0.26039192,-0.9039723,0.93885374,-0.033058763,-0.34272555,0.059358776,-0.964937,0.2556821
1356069123088,-0.29847062,-0.20555633,-0.9320204,0.95224816,0.0016877055,-0.30532062,0.06433359,-0.9786439,0.19523686
1356069123128,-0.23715615,-0.154136,-0.9591658,0.96917087,0.03037113,-0.2445105,0.06681883,-0.9875827,0.14218146
1356069123168,-0.15138757,-0.10840547,-0.9825122,0.9863293,0.048882425,-0.15736917,0.06508726,-0.9929043,0.09952325
1356069123208,-0.037385404,-0.07140124,-0.9967468,0.99759257,0.055631876,-0.04140222,0.05840704,-0.995895,0.069149554
1356069123248,0.10645267,-0.04707259,-0.9932028,0.9932217,0.051920563,0.10399392,0.046672314,-0.9975412,0.052280635
1356069123288,0.27555394,-0.038528085,-0.96051323,0.9607969,0.04289657,0.27391466,0.030649334,-0.9983363,0.04883796
1356069123328,0.4562117,-0.044495046,-0.8887582,0.88978267,0.036906183,0.45488992,0.012560397,-0.99832773,0.056427896
1356069123375,0.6248065,-0.058664948,-0.77857256,0.7807689,0.041716054,0.6234258,-0.004094243,-0.9974057,0.071868226
1356069123408,0.7641394,-0.06778002,-0.6414802,0.6448962,0.05847943,0.7620296,-0.01413697,-0.995985,0.088397495
1356069123448,0.8580085,-0.06460029,-0.50955683,0.5134511,0.081294686,0.8542594,-0.013761148,-0.99459434,0.10292062
1356069123488,0.91749656,-0.048499778,-0.39477572,0.3977232,0.101782024,0.9118424,-0.004043132,-0.9936237,0.11267415
1356069123528,0.95235693,-0.025760874,-0.30389577,0.3048079,0.1144146,0.9455166,0.010412797,-0.9930991,0.11681566
1356069123568,0.9714906,-0.002491489,-0.2370649,0.23568371,0.11843759,0.9645857,0.025674134,-0.99295837,0.11564821
1356069123608,0.9811854,0.019169651,-0.19211398,0.1886796,0.1157431,0.9751941,0.040930003,-0.9930942,0.109948516
1356069123648,0.9849857,0.040053617,-0.16792516,0.16272612,0.10940915,0.98058647,0.057648588,-0.9931895,0.10124868
1356069123688,0.98408335,0.06153854,-0.16671221,0.15981811,0.10373676,0.98168063,0.07770537,-0.99269915,0.092250645
1356069123728,0.9770293,0.08336039,-0.19612417,0.18705218,0.10548368,0.97667015,0.102103524,-0.9909209,0.08746791
1356069123786,0.9574857,0.0996134,-0.27073658,0.2577638,0.1259821,0.9579594,0.12953356,-0.9870186,0.094949335
1356069123808,0.90854734,0.09051718,-0.4078583,0.38821268,0.17782676,0.9042502,0.1543783,-0.9798899,0.1264241
1356069123849,0.7999559,0.020874232,-0.59969556,0.5761312,0.25268447,0.77731806,0.16775969,-0.9673236,0.19011015
1356069123886,0.6235631,-0.11822173,-0.77278244,0.7643547,0.29969782,0.5709143,0.16410673,-0.94668096,0.27724385
1356069123928,0.44443646,-0.26890507,-0.8544977,0.88395333,0.28633037,0.3696504,0.14526775,-0.9196222,0.3649552
1356069123968,0.315425,-0.37418893,-0.8720606,0.9410937,0.24135831,0.23683086,0.12185955,-0.89539313,0.4282773
1356069124008,0.2360791,-0.42446133,-0.8741277,0.9662136,0.19828331,0.16466615,0.10343051,-0.8834683,0.45693088
1356069124048,0.1913132,-0.42907947,-0.88277406,0.97715753,0.16804999,0.13008574,0.09253299,-0.8874965,0.45142844
1356069124088,0.1728769,-0.3985973,-0.9006852,0.9810994,0.15040064,0.121751904,0.08693364,-0.9047098,0.41706437
1356069124128,0.1788956,-0.34340084,-0.9219937,0.98024416,0.14256781,0.13709798,0.0843671,-0.92830515,0.36212137
1356069124168,0.20876092,-0.274112,-0.938766,0.9743943,0.14027268,0.17572543,0.08351478,-0.9514128,0.29637656
1356069124208,0.26098898,-0.20122704,-0.9441358,0.9617975,0.13793626,0.23647246,0.08264589,-0.96978414,0.22953954
1356069124248,0.33230263,-0.13374168,-0.9336424,0.93977827,0.13085938,0.3157413,0.07994807,-0.98233855,0.1691725
1356069124288,0.41816938,-0.0782159,-0.9049953,0.9053094,0.11758828,0.40815172,0.07449287,-0.98997736,0.11998144
1356069124328,0.5127659,-0.039105535,-0.8576374,0.8560232,0.09954865,0.50726175,0.065539956,-0.994264,0.0845204
1356069124371,0.61021334,-0.019824237,-0.7919891,0.7905855,0.07975523,0.60713553,0.05112928,-0.9966173,0.06434046
1356069124410,0.70426005,-0.019095361,-0.7096852,0.709255,0.06289418,0.70214075,0.03122744,-0.9978375,0.057837337
1356069124450,0.7845516,-0.034266055,-0.619116,0.62002844,0.0539757,0.78272045,0.006596446,-0.99795413,0.063592665
1356069124490,0.8478187,-0.055880934,-0.5273337,0.53000224,0.056754477,0.84609485,-0.017352045,-0.9968231,0.07773453
1356069124528,0.89237684,-0.072301805,-0.44546157,0.45007932,0.07030033,0.89021707,-0.033048227,-0.99490213,0.09527594
1356069124568,0.9214472,-0.07558507,-0.38107997,0.38687786,0.08888054,0.9178376,-0.035504207,-0.99317026,0.11114091
1356069124609,0.9398269,-0.06618464,-0.33517903,0.3406359,0.1059525,0.9342062,-0.026317045,-0.9921661,0.12212187
1356069124648,0.95100987,-0.050117448,-0.30507135,0.30895025,0.11766693,0.9437713,-0.011402622,-0.9917876,0.12738621
1356069124688,0.95689064,-0.03275913,-0.2885951,0.29041523,0.12294036,0.94897026,0.0043925345,-0.9918732,0.12715423
1356069124728,0.9580519,-0.015248209,-0.28618887,0.2858566,0.12246728,0.95041454,0.020556659,-0.99235547,0.12168881
1356069124768,0.9535365,0.003051564,-0.30126202,0.2987734,0.11907819,0.9468658,0.038763165,-0.9928802,0.112633675
1356069124808,0.94018173,0.022668809,-0.33991826,0.33513072,0.11770934,0.9347897,0.06120211,-0.9927893,0.10307115
1356069124848,0.91010034,0.04070109,-0.41238424,0.40471578,0.12645283,0.90565705,0.08900836,-0.99113727,0.0986124
1356069124888,0.8486853,0.04525268,-0.5269586,0.51503056,0.15594617,0.8428668,0.12031916,-0.9867284,0.109042704
1356069124928,0.7431983,0.012700558,-0.6689507,0.6523305,0.20850167,0.728692,0.14873213,-0.97793955,0.14667311
1356069124968,0.6110433,-0.07147661,-0.7883637,0.77403986,0.26253986,0.57613814,0.16579649,-0.96227014,0.21574895
1356069125008,0.49982494,-0.18494147,-0.8461511,0.84995896,0.2926119,0.43811873,0.16656756,-0.9381764,0.30344737
1356069125058,0.43136477,-0.29169002,-0.8537221,0.8896586,0.29462945,0.348857,0.14977363,-0.91000575,0.38659728
1356069125098,0.34782687,-0.36696443,-0.86275935,0.9281682,0.2646933,0.26161274,0.13236406,-0.8917817,0.43267214
1356069125138,0.23940822,-0.40346193,-0.88312066,0.9637195,0.20930883,0.16563329,0.11801818,-0.89073455,0.43893445
1356069125178,0.100467086,-0.40182912,-0.91018665,0.9892386,0.13814175,0.04820609,0.10636416,-0.9052349,0.41138363
1356069125218,-0.057729423,-0.36442962,-0.9294398,0.99358976,0.069665015,-0.08902928,0.097194314,-0.9286214,0.35807183
1356069125258,-0.20235789,-0.30356085,-0.9310758,0.9750377,0.026275575,-0.22047913,0.09139338,-0.9524497,0.2906662
1356069125298,-0.3075019,-0.23742038,-0.9214522,0.947424,0.013661802,-0.31968915,0.08848947,-0.971311,0.22073668
1356069125371,-0.37869406,-0.17226422,-0.9093492,0.9215319,0.020954013,-0.38773692,0.085847706,-0.9848279,0.15081179
1356069125385,-0.37442404,-0.11899543,-0.9195906,0.9237366,0.03847581,-0.38109094,0.08073011,-0.99214906,0.09551418
1356069125428,-0.3225019,-0.07658398,-0.94346565,0.94384503,0.04954171,-0.32665303,0.07175726,-0.9958316,0.056306124
1356069125468,-0.19627702,-0.043967843,-0.9795622,0.9787617,0.05149609,-0.19842806,0.05916804,-0.99770486,0.03292662
1356069125508,0.038553357,-0.023060232,-0.9989904,0.9983332,0.043855965,0.03751564,0.042946488,-0.99877167,0.024712622
1356069125548,0.38388968,-0.018661857,-0.92319036,0.9230859,0.032943428,0.3831804,0.023262233,-0.9992831,0.029873103
1356069125588,0.70977604,-0.03047514,-0.70376784,0.70442516,0.033226743,0.7090002,0.0017770529,-0.9989831,0.045050994
1356069125628,0.8894818,-0.04552993,-0.4546968,0.4566371,0.050550163,0.8882157,-0.017455429,-0.9976831,0.065754116
1356069125668,0.95940715,-0.05215293,-0.2771605,0.2805263,0.07530844,0.9568875,-0.02903197,-0.9957955,0.08688173
1356069125708,0.98410136,-0.047640927,-0.17109898,0.17504787,0.09719628,0.9797505,-0.030046038,-0.9941243,0.103990436
1356069125748,0.9933762,-0.03443892,-0.10962525,0.11282921,0.111712515,0.98731446,-0.021755535,-0.99314356,0.11485827
1356069125788,0.9973537,-0.01703362,-0.070678905,0.072203696,0.118386686,0.990339,-0.008501615,-0.9928215,0.119303286
1356069125828,0.99898064,0.0016477983,-0.045110565,0.044600002,0.11817402,0.9919908,0.0069654956,-0.99299157,0.11798006
1356069125869,0.9993634,0.020162884,-0.029429391,0.026966128,0.11311719,0.9932157,0.023355063,-0.9933771,0.11250147
1356069125908,0.9989316,0.038325913,-0.025823805,0.021639846,0.10582876,0.9941489,0.040834565,-0.9936455,0.10488632
1356069125948,0.9974607,0.05627943,-0.04364255,0.037852168,0.10013786,0.9942533,0.06032628,-0.99338055,0.09775329
1356069125988,0.9913723,0.072057545,-0.10949346,0.10170008,0.10414669,0.9893486,0.082693405,-0.9919482,0.09591988
1356069126028,0.9539131,0.070289165,-0.29173487,0.28068563,0.13486326,0.95027757,0.10613854,-0.98836803,0.10891867
1356069126068,0.73608905,-0.009068251,-0.676824,0.6653318,0.19364512,0.720996,0.12452552,-0.98102975,0.14857344
1356069126108,0.23913023,-0.18164521,-0.9538458,0.96205956,0.1772305,0.20743862,0.13137037,-0.9672613,0.21713465
1356069126148,-0.09871143,-0.31042293,-0.9454596,0.9868953,0.0913347,-0.13302547,0.12764743,-0.94620067,0.29733914
1356069126188,-0.30076724,-0.38314557,-0.8733491,0.9457972,-0.0022038221,-0.3247504,0.122502,-0.9236853,0.36304083
1356069126228,-0.47698838,-0.4055678,-0.77974147,0.87024224,-0.09364784,-0.48364097,0.12312806,-0.9092551,0.3976112
1356069126268,-0.6289688,-0.38393608,-0.67601144,0.7668395,-0.1633439,-0.62070614,0.1278891,-0.90879697,0.39715546
1356069126308,-0.7442465,-0.3350863,-0.5777667,0.65494955,-0.19659054,-0.7296528,0.1309132,-0.9214496,0.36577642
1356069126371,-0.8212556,-0.2786204,-0.4979057,0.5556704,-0.19251007,-0.8088081,0.12949857,-0.9409095,0.31292093
1356069126389,-0.8671983,-0.22889148,-0.4422394,0.48191124,-0.16209352,-0.86109644,0.12541348,-0.9598616,0.25087267
1356069126429,-0.89368737,-0.18960178,-0.4066621,0.43224967,-0.12071335,-0.8936378,0.120345786,-0.9744123,0.18983531
1356069126470,-0.9088567,-0.15915939,-0.38554865,0.40130964,-0.08167517,-0.9122936,0.113710344,-0.98386854,0.1381033
1356069126509,-0.91796434,-0.13378334,-0.3734215,0.38289976,-0.053026497,-0.92226684,0.10358268,-0.989591,0.099901974
1356069126549,-0.9234608,-0.11044778,-0.36745268,0.37343746,-0.0387823,-0.92684436,0.08811724,-0.99312496,0.07705927
1356069126588,-0.92623556,-0.087343454,-0.36668628,0.37108085,-0.040357113,-0.92772317,0.06623216,-0.9953604,0.069791675
1356069126628,-0.9257671,-0.06433542,-0.3725803,0.3761075,-0.055816412,-0.9248933,0.0387073,-0.9963661,0.0758701
1356069126668,-0.91815954,-0.04455921,-0.39369714,0.39609537,-0.079247594,-0.9147831,0.009562448,-0.99585855,0.09041172
1356069126708,-0.8880657,-0.03701383,-0.4582242,0.45951593,-0.10092574,-0.8824167,-0.013585001,-0.99420524,0.10663706
1356069126748,-0.78452045,-0.05567172,-0.617599,0.61967766,-0.10727364,-0.77749085,-0.022967815,-0.9926697,0.118656754
1356069126788,-0.5305593,-0.09595868,-0.8421988,0.8474877,-0.07936758,-0.5248481,-0.016479552,-0.9922161,0.123432934
1356069126847,-0.26917332,-0.11718288,-0.9559361,0.963089,-0.030390143,-0.26746207,0.0022909343,-0.9926452,0.12103778
1356069126868,-0.18677264,-0.11639023,-0.97548413,0.98206246,0.0040298104,-0.18851304,0.025872082,-0.9931954,0.11354983
1356069126909,-0.24125421,-0.11170888,-0.9640112,0.9692122,0.022662997,-0.24518198,0.049236327,-0.99348253,0.10280204
1356069126946,-0.35890114,-0.10997447,-0.92687404,0.93070745,0.03286439,-0.36428493,0.07052317,-0.993391,0.090559065
1356069126988,-0.48271102,-0.1129069,-0.86847115,0.87110114,0.040465415,-0.4894336,0.09040347,-0.9927812,0.07882023
1356069127028,-0.5852445,-0.122876674,-0.80149245,0.8033351,0.046457708,-0.59371233,0.11018887,-0.99133396,0.071522
1356069127068,-0.6557691,-0.14370838,-0.74115765,0.74354935,0.04710871,-0.66701955,0.13077125,-0.98849815,0.07596189
1356069127109,-0.6972505,-0.1799778,-0.69386566,0.70085585,0.032031417,-0.7125833,0.15047464,-0.98314893,0.10380471
1356069127148,-0.71705085,-0.23254667,-0.6570845,0.6774061,-0.0104314685,-0.73553526,0.16419192,-0.9725293,0.16500843
1356069127188,-0.7246749,-0.29288712,-0.62374955,0.6686809,-0.080216944,-0.7392098,0.16646974,-0.9527762,0.2539792
1356069127228,-0.73158944,-0.34317243,-0.58907515,0.663283,-0.15856242,-0.7313779,0.15758358,-0.9257919,0.34362304
1356069127268,-0.74531245,-0.3689143,-0.5553483,0.6510199,-0.22302109,-0.7255582,0.14381444,-0.9023103,0.40639085
1356069127308,-0.76643157,-0.3665936,-0.5274388,0.6290033,-0.26197785,-0.7319306,0.13014378,-0.8927355,0.43137676
1356069127371,-0.7911242,-0.3402081,-0.5083119,0.6004149,-0.27335304,-0.75151855,0.11672409,-0.89974254,0.42052215
1356069127390,-0.81389666,-0.29804462,-0.49874,0.57188904,-0.25945586,-0.77821946,0.102543086,-0.91861415,0.3816188
1356069127430,-0.8302372,-0.24992065,-0.49824268,0.55027646,-0.22493517,-0.8041144,0.088892475,-0.94177693,0.32427508
1356069127470,-0.83800596,-0.20408449,-0.50605893,0.53999674,-0.1768874,-0.82286966,0.07841946,-0.96283984,0.25843757
1356069127509,-0.8371867,-0.16485222,-0.5214808,0.5421015,-0.123869896,-0.8311331,0.07241836,-0.97850907,0.19306886
1356069127548,-0.82848924,-0.13278851,-0.54403377,0.55561864,-0.07356,-0.82817686,0.06995323,-0.98841095,0.13472348
1356069127588,-0.81218535,-0.10653511,-0.5735897,0.5793611,-0.031804442,-0.81445026,0.06852484,-0.99380016,0.08755344
1356069127628,-0.78759265,-0.08471143,-0.6103457,0.6127802,-0.0035199523,-0.7902456,0.06479448,-0.99639934,0.05468172
1356069127668,-0.7527272,-0.0671618,-0.6548977,0.65598387,0.0074372888,-0.75473833,0.05556026,-0.9977144,0.038458824
1356069127708,-0.70395374,-0.055376172,-0.70808375,0.709151,5.312562E-4,-0.70505637,0.039419502,-0.99846536,0.038896143
1356069127748,-0.6354489,-0.051980555,-0.7703912,0.7719128,-0.018411398,-0.6354617,0.018847644,-0.9984783,0.051824033
1356069127788,-0.5408057,-0.058966845,-0.83907807,0.8411474,-0.037855327,-0.5394792,4.7802925E-5,-0.99754184,0.07007223
1356069127828,-0.41772193,-0.07435182,-0.9055275,0.9085187,-0.045262814,-0.41538534,-0.010102063,-0.99620426,0.08645731
1356069127868,-0.27560508,-0.08999184,-0.95704925,0.9612278,-0.035241723,-0.27349457,-0.009115785,-0.9953188,0.09621549
1356069127908,-0.13903761,-0.09734002,-0.9854915,0.9902872,-0.013656199,-0.13836533,1.0460615E-5,-0.99515754,0.098293245
1356069127948,-0.032011807,-0.09415001,-0.9950433,0.9994088,0.009483695,-0.033049554,0.012548327,-0.99551284,0.09379068
1356069127988,0.032728195,-0.083811134,-0.9959441,0.9991294,0.028535962,0.030431509,0.025869787,-0.996073,0.08467206
1356069128028,0.052955806,-0.071091324,-0.9960631,0.9977944,0.04374832,0.049925387,0.040026873,-0.99650997,0.07325122
1356069128068,0.032689035,-0.06063631,-0.9976245,0.9978777,0.05822283,0.029158503,0.056316406,-0.99646044,0.06241083
1356069128108,-0.018620849,-0.058906794,-0.9980898,0.9969847,0.07411939,-0.02297473,0.07533118,-0.9955081,0.057349026
1356069128148,-0.08527571,-0.076393485,-0.9934244,0.99184954,0.08822805,-0.091925174,0.094670415,-0.99316657,0.0682472
1356069128188,-0.14991045,-0.12391165,-0.98090404,0.9827645,0.08986914,-0.16154736,0.10817057,-0.98821527,0.108303666
1356069128228,-0.20216215,-0.20200601,-0.9582922,0.9732299,0.06780034,-0.21960565,0.10933417,-0.97703457,0.18289167
1356069128268,-0.24455476,-0.29227224,-0.9245377,0.9647397,0.022353172,-0.26225525,0.097316325,-0.95607394,0.2765
1356069128308,-0.28805834,-0.3657524,-0.88501275,0.9543064,-0.03290826,-0.29701224,0.07950872,-0.93013024,0.35851935
1356069128371,-0.34212393,-0.40298587,-0.8488544,0.9373669,-0.08336538,-0.3382212,0.06553337,-0.9114015,0.4062668
1356069128390,-0.40805346,-0.40089563,-0.8202287,0.91104484,-0.12067413,-0.3942525,0.059073776,-0.90814114,0.41447538
1356069128430,-0.48007905,-0.3662576,-0.797107,0.87531847,-0.14012659,-0.46279818,0.057807475,-0.91990215,0.38786387
1356069128469,-0.5490076,-0.31179535,-0.7754833,0.83375704,-0.13919199,-0.5342984,0.058650732,-0.9398985,0.336379
1356069128509,-0.6071418,-0.251854,-0.7536236,0.7922595,-0.119232655,-0.59842163,0.0608584,-0.9603922,0.2719248
1356069128548,-0.65148693,-0.19718897,-0.7325854,0.75589573,-0.08636123,-0.6489711,0.06470293,-0.9765543,0.2053175
1356069128588,-0.682841,-0.1526412,-0.714443,0.72723687,-0.048751652,-0.6846531,0.06967598,-0.9870785,0.14429593
1356069128628,-0.70320016,-0.11874682,-0.7010055,0.7070794,-0.0135061145,-0.70700514,0.07448673,-0.99283266,0.09346092
1356069128668,-0.7142413,-0.094103605,-0.6935444,0.6956258,0.013893664,-0.71827,0.07722768,-0.99546546,0.055537462
1356069128708,-0.71683466,-0.0768033,-0.6930003,0.69319415,0.02845639,-0.720189,0.07503322,-0.9966401,0.032841027
1356069128748,-0.71116316,-0.06498492,-0.700017,0.7000209,0.026524127,-0.71362954,0.06494248,-0.9975336,0.026627839
1356069128788,-0.6965608,-0.057552636,-0.71518594,0.7159914,0.008803964,-0.69805366,0.046471298,-0.9983037,0.03507465
1356069128828,-0.671511,-0.05529067,-0.73892903,0.740636,-0.019055426,-0.67163634,0.02305469,-0.9982885,0.053746104
1356069128868,-0.63349134,-0.0600141,-0.7714188,0.7737446,-0.045478046,-0.6318632,0.002838105,-0.997161,0.0752455
1356069128908,-0.5829064,-0.071522504,-0.8093854,0.81250906,-0.059906125,-0.57986236,-0.007013887,-0.9956384,0.0930323
1356069128948,-0.5255638,-0.0855594,-0.84644103,0.85073996,-0.05861354,-0.5223083,-0.004924506,-0.9946075,0.103593886
1356069128988,-0.4726931,-0.09664357,-0.87591165,0.88120943,-0.045553625,-0.47052598,0.005572319,-0.99427605,0.10669619
1356069129028,-0.43553257,-0.102190375,-0.8943536,0.8999516,-0.0273996,-0.43512794,0.01996094,-0.9943874,0.103899896
1356069129068,-0.41984242,-0.103429675,-0.90168434,0.90689325,-0.008691132,-0.42127088,0.03573525,-0.99459887,0.09744859
1356069129108,-0.42487586,-0.1038571,-0.89927423,0.9037171,0.009154081,-0.42803216,0.052686185,-0.9945501,0.089968085
1356069129148,-0.44579583,-0.107949466,-0.8886018,0.8922461,0.026098907,-0.45079464,0.07185462,-0.9938138,0.084682584
1356069129188,-0.47637284,-0.12147266,-0.8708118,0.87421954,0.040285707,-0.48385662,0.09385663,-0.9917769,0.087002754
1356069129228,-0.5111975,-0.15151095,-0.8460032,0.851634,0.04326415,-0.5223481,0.11574301,-0.98750824,0.106915414
1356069129268,-0.5468161,-0.20224246,-0.81245923,0.82714105,0.019867003,-0.561643,0.12972921,-0.97913384,0.15641958
1356069129308,-0.5817817,-0.26685095,-0.7683233,0.8030939,-0.03896475,-0.59457713,0.12872598,-0.9629498,0.23697525
1356069129372,-0.61558735,-0.32678157,-0.7171234,0.7797,-0.120287955,-0.61449057,0.1145429,-0.93741375,0.32883936
1356069129389,-0.6479715,-0.36506194,-0.6684779,0.7554038,-0.19571793,-0.6253475,0.09745747,-0.9101782,0.40258884
1356069129430,-0.6781796,-0.37636203,-0.6312083,0.7298612,-0.24456757,-0.6383488,0.08587715,-0.89360964,0.44055292
1356069129469,-0.7050965,-0.36351863,-0.60884583,0.7044536,-0.2608366,-0.66008294,0.08114314,-0.89432573,0.43999696
1356069129508,-0.72712576,-0.3320903,-0.60083616,0.6818217,-0.24729335,-0.6884513,0.08004522,-0.91025376,0.40623975
1356069129548,-0.7426277,-0.2895401,-0.6038797,0.66493946,-0.21140921,-0.71635294,0.07974717,-0.933527,0.34952503
1356069129588,-0.75082874,-0.24370027,-0.61389446,0.6556905,-0.16308868,-0.7372056,0.07953796,-0.9560399,0.2822436
1356069129629,-0.7521308,-0.20032422,-0.6278293,0.65421915,-0.112253904,-0.7479281,0.07935184,-0.9732776,0.21548551
1356069129668,-0.74736947,-0.16227205,-0.64428777,0.6597334,-0.06641275,-0.7485594,0.07868135,-0.9845086,0.1566912
1356069129708,-0.7369113,-0.13079089,-0.663216,0.6716102,-0.030159116,-0.7402906,0.07682127,-0.9909511,0.1100651
1356069129748,-0.72030187,-0.106505305,-0.6854354,0.68986094,-0.006703675,-0.7239108,0.072505385,-0.9942895,0.07830256
1356069129788,-0.6955832,-0.0893296,-0.71287036,0.7156179,0.0017998219,-0.6984896,0.06367883,-0.99600047,0.06267393
1356069129828,-0.66073513,-0.078751266,-0.74647653,0.74908376,-0.005605519,-0.6624515,0.04798448,-0.9968785,0.062695086
1356069129887,-0.61190844,-0.074759334,-0.7873876,0.79047036,-0.02392,-0.6120331,0.026920915,-0.99691474,0.07373184
1356069129908,-0.5459772,-0.07833579,-0.8341297,0.8377713,-0.04281032,-0.5443404,0.006931901,-0.99600744,0.089001
1356069129948,-0.46171576,-0.08921826,-0.8825297,0.88702106,-0.050353825,-0.45897508,-0.0034897923,-0.99473846,0.10238767
1356069129986,-0.3634752,-0.10252869,-0.92594475,0.9316038,-0.04052043,-0.3612098,-4.8530102E-4,-0.9939044,0.110244274
1356069130028,-0.26668656,-0.11142707,-0.95732033,0.9636893,-0.016956687,-0.2664871,0.013460904,-0.9936279,0.11190319
1356069130068,-0.18951875,-0.11249453,-0.97541153,0.9813784,0.009956896,-0.1918264,0.031291485,-0.99360245,0.10851264
1356069130108,-0.14540237,-0.107575566,-0.9835068,0.98821187,0.032347143,-0.14963606,0.04791078,-0.9936706,0.101604104
1356069130148,-0.13905847,-0.10066986,-0.9851539,0.9883392,0.04821098,-0.14443463,0.06203541,-0.9937511,0.092791796
1356069130188,-0.16779995,-0.09567702,-0.9811672,0.9829869,0.059176743,-0.17388171,0.074698776,-0.9936519,0.08411938
1356069130228,-0.22331846,-0.0970228,-0.9699049,0.97086287,0.06658459,-0.23019972,0.086915374,-0.9930525,0.07932627
1356069130268,-0.29271686,-0.11175901,-0.9496456,0.95118374,0.06755364,-0.30114105,0.09780723,-0.9914366,0.086529255
1356069130308,-0.36486852,-0.14735967,-0.9193238,0.9252878,0.05237949,-0.37563145,0.103506714,-0.9876951,0.1172384
1356069130371,-0.42904454,-0.20529899,-0.8796438,0.89773095,0.010894954,-0.4404093,0.09999928,-0.97863865,0.17962885
1356069130389,-0.48099184,-0.27446172,-0.832657,0.8721976,-0.053403795,-0.48622978,0.08898446,-0.960114,0.26507157
1356069130430,-0.52023613,-0.33774918,-0.7843977,0.8504854,-0.12138528,-0.51180094,0.07764599,-0.93337613,0.3503998
1356069130470,-0.5504943,-0.3811711,-0.74274135,0.8316902,-0.17319804,-0.5275358,0.07244006,-0.9081361,0.4123607
1356069130508,-0.5750282,-0.4000659,-0.71364546,0.81482923,-0.20173347,-0.5434675,0.073456645,-0.8940083,0.44198787
1356069130548,-0.5962144,-0.39419413,-0.69938505,0.7992413,-0.20921546,-0.5634202,0.07577482,-0.8948966,0.4397934
1356069130588,-0.6142941,-0.36638832,-0.6988579,0.7855263,-0.20002127,-0.58561075,0.07477453,-0.90870845,0.41067952
1356069130628,-0.62719345,-0.32376316,-0.7083824,0.7756767,-0.1774593,-0.60566807,0.070383966,-0.9293468,0.36243695
1356069130668,-0.63252133,-0.27551237,-0.7238851,0.7717395,-0.14473367,-0.6192499,0.06584042,-0.9503395,0.3041709
1356069130708,-0.6293387,-0.2285251,-0.7427712,0.7745401,-0.106464624,-0.6235005,0.063406646,-0.9676991,0.24400419
1356069130748,-0.61754054,-0.18604198,-0.76422,0.7840334,-0.06810707,-0.616971,0.0627338,-0.9801785,0.18792188
1356069130788,-0.59667885,-0.14919293,-0.7884896,0.8000609,-0.034359336,-0.59893405,0.06226474,-0.9882109,0.13986492
1356069130828,-0.56540465,-0.11885199,-0.81620574,0.8226057,-0.008896112,-0.5685426,0.060311347,-0.9928721,0.10279822
1356069130869,-0.5198503,-0.09646678,-0.84879315,0.8524899,0.005301237,-0.5227169,0.054924518,-0.9953221,0.079481065
1356069130908,-0.45610797,-0.08321425,-0.88602525,0.88882434,0.0068903565,-0.4581961,0.04423344,-0.9965078,0.07082015
1356069130948,-0.36927277,-0.0794833,-0.9259157,0.9288945,-0.0013848543,-0.3703419,0.028153688,-0.99683523,0.074343026
1356069130988,-0.25598276,-0.08451864,-0.96297944,0.96662784,-0.011900783,-0.25590807,0.010168761,-0.9963508,0.08474445
1356069131028,-0.11905533,-0.095033854,-0.9883291,0.99288285,-0.014476061,-0.118211895,-0.003072977,-0.99536884,0.09608096
1356069131068,0.0274567,-0.10412192,-0.9941855,0.99960315,-0.0034089684,0.02796337,-0.0063007474,-0.9945587,0.10398698
1356069131108,0.16164482,-0.10507569,-0.9812391,0.98684895,0.017272294,0.16071936,6.058812E-5,-0.9943142,0.106485784
1356069131148,0.2653971,-0.09662524,-0.9592851,0.9640703,0.038485795,0.26284447,0.011521399,-0.99457645,0.1033676
1356069131188,0.33010814,-0.081977636,-0.9403767,0.94362676,0.05445239,0.3265021,0.02443993,-0.99514556,0.09533143
1356069131228,0.35316345,-0.064799905,-0.9333148,0.93477565,0.06532475,0.3491808,0.03834167,-0.9957578,0.083643705
1356069131268,0.3329475,-0.048684448,-0.9416878,0.9413779,0.07472187,0.32897493,0.054348737,-0.9960153,0.07070893
1356069131308,0.2691953,-0.038615316,-0.9623111,0.9602879,0.08686736,0.2651435,0.07335478,-0.9954711,0.06046614
1356069131371,0.16571024,-0.044076145,-0.985189,0.9816485,0.102972895,0.16050783,0.09437317,-0.9937072,0.060330987
1356069131390,0.038846463,-0.07805687,-0.99619174,0.9927557,0.11644933,0.029587984,0.11369625,-0.99012446,0.08201516
1356069131429,-0.08355552,-0.14867431,-0.9853499,0.98851496,0.11258489,-0.10081124,0.1259236,-0.98245645,0.13755965
1356069131469,-0.18332273,-0.24558204,-0.9518835,0.97476894,0.08002776,-0.20837712,0.12735075,-0.9660667,0.22471488
1356069131510,-0.25956368,-0.3404745,-0.9037166,0.95825374,0.025381505,-0.28479022,0.11990148,-0.93991107,0.31967288
1356069131548,-0.32288057,-0.40684462,-0.8545325,0.93996143,-0.03238517,-0.33974078,0.11054751,-0.9129232,0.39287472
1356069131588,-0.38159835,-0.4349693,-0.8155884,0.91840625,-0.07870132,-0.3877319,0.10446364,-0.89699936,0.42951077
1356069131628,-0.4376511,-0.42744914,-0.79104275,0.893432,-0.10771918,-0.4360915,0.10119641,-0.89759886,0.42904025
1356069131668,-0.48783433,-0.39262223,-0.7796573,0.8674412,-0.11797595,-0.48335034,0.09779322,-0.9121017,0.39812937
1356069131708,-0.52664953,-0.34194425,-0.77827644,0.84498596,-0.11047208,-0.52325386,0.092945784,-0.9332041,0.3471182
1356069131748,-0.55013055,-0.28629553,-0.78446877,0.83049893,-0.08932257,-0.5498118,0.08733785,-0.9539687,0.28690726
1356069131788,-0.55640495,-0.2333968,-0.79745823,0.82687366,-0.061030447,-0.5590666,0.08181512,-0.9704645,0.22694725
1356069131828,-0.5451204,-0.18630275,-0.8173953,0.83486176,-0.031684935,-0.5495471,0.07648298,-0.9819814,0.17280912
1356069131868,-0.5129244,-0.14633179,-0.84586966,0.85549355,-0.0056507587,-0.5177826,0.07098821,-0.98921937,0.12808436
1356069131908,-0.4552138,-0.11376232,-0.8830848,0.88805753,0.013613462,-0.45953083,0.064299226,-0.99341476,0.094830394
1356069131948,-0.36428946,-0.08927378,-0.92699707,0.92967665,0.02362883,-0.36761796,0.054722518,-0.9957268,0.07438797
1356069131988,-0.2307291,-0.074493825,-0.9701623,0.9721617,0.024174511,-0.2330608,0.040814787,-0.99692845,0.06684226
1356069132028,-0.049664557,-0.07130948,-0.996217,0.9985095,0.019057691,-0.05114299,0.02263257,-0.9972722,0.07025671
1356069132068,0.16574687,-0.07920912,-0.98298216,0.9861634,0.016488612,0.16495463,0.0031421185,-0.9967216,0.08084607
1356069132109,0.3762457,-0.091144145,-0.92202604,0.92644936,0.024722546,0.37560683,-0.011439472,-0.9955308,0.09374213
