1356068140759,0.941331,0.040286005,-0.33507162,-0.3374611,0.124105185,-0.9331227,0.003992364,0.99145097,0.13041902
1356068140805,0.329983,0.12178394,-0.93609834,-0.9439784,0.04678005,-0.32667488,0.0040070713,0.9914537,0.13039795
1356068140844,0.33069623,0.12160441,-0.9358699,-0.94372845,0.046892226,-0.32738006,0.0040741563,0.99147034,0.13026863
1356068140883,0.3333537,0.12096879,-0.935009,-0.9427922,0.047243536,-0.33001634,0.0042513907,0.9915314,0.12979734
1356068140925,0.3396261,0.11952555,-0.932935,-0.9405495,0.04795769,-0.3362538,0.004550457,0.99167216,0.12870741
1356068140965,0.35019934,0.117118776,-0.92932427,-0.936662,0.049047768,-0.3467831,0.004966438,0.991906,0.12687722
1356068141024,0.36393416,0.11401555,-0.92442,-0.93140817,0.050445914,-0.36046344,0.0055347383,0.99219733,0.12455404
1356068141041,0.37861037,0.110633075,-0.9189203,-0.9255343,0.052067578,-0.3750668,0.0063511133,0.9924965,0.12210807
1356068141080,0.39144522,0.10751876,-0.91389847,-0.9201714,0.053766668,-0.3878065,0.0074408352,0.99274814,0.11998233
1356068141118,0.39981303,0.105252,-0.91053367,-0.9165548,0.055404276,-0.39605254,0.008762151,0.992901,0.118620604
1356068141159,0.4021554,0.1042614,-0.90961564,-0.91551673,0.056651115,-0.3982709,0.010006458,0.9929351,0.11823559
1356068141203,0.39920568,0.10464972,-0.9108695,-0.9167953,0.05748713,-0.39519802,0.011005908,0.99284625,0.11889157
1356068141243,0.39280787,0.10604316,-0.9134861,-0.9195464,0.057908267,-0.38869157,0.011680365,0.992674,0.12025839
1356068141281,0.38454333,0.10819742,-0.9167441,-0.9230287,0.0579969,-0.38033453,0.012017071,0.9924363,0.12217164
1356068141323,0.3749246,0.1110439,-0.9203807,-0.9269773,0.057779253,-0.37064067,0.012021452,0.99213445,0.124598056
1356068141362,0.3640839,0.114485085,-0.92430305,-0.93129224,0.057254553,-0.35974532,0.011735052,0.99177366,0.12746453
1356068141401,0.3524182,0.11824834,-0.92834187,-0.93577516,0.056438416,-0.34805113,0.011237711,0.99137884,0.13054377
1356068141442,0.3403416,0.12206,-0.93234587,-0.940242,0.05535969,-0.33597636,0.010605007,0.9909775,0.13360721
1356068141482,0.32821986,0.12572885,-0.93619657,-0.94454956,0.05406329,-0.32388777,0.009891808,0.9905904,0.13650179
1356068141522,0.31720906,0.1289028,-0.93955445,-0.9483112,0.052705348,-0.31293458,0.00918141,0.99025565,0.13895857
1356068141566,0.30902404,0.13118592,-0.941963,-0.95101595,0.051509976,-0.30482024,0.008532345,0.99001867,0.14067775
1356068141602,0.30500987,0.13244301,-0.94309473,-0.9523156,0.05072406,-0.30086857,0.007989615,0.9898918,0.14159894
1356068141679,0.30582193,0.13265848,-0.9428015,-0.9520588,0.050462514,-0.3017243,0.007549852,0.9898764,0.14173123
1356068141680,0.31127673,0.13206452,-0.9410982,-0.9502918,0.050799966,-0.30718887,0.0072390735,0.9899386,0.14131263
1356068141721,0.31912866,0.13098493,-0.9386159,-0.9476849,0.051518887,-0.3150226,0.007093191,0.99004483,0.14057359
1356068141763,0.3253806,0.12992552,-0.9366145,-0.94555664,0.05212322,-0.32125658,0.007079929,0.9901528,0.13981184
1356068141802,0.32577905,0.1293231,-0.93655944,-0.94541943,0.051976353,-0.32168382,0.0070777833,0.9902393,0.13919738
1356068141843,0.31482446,0.12973663,-0.94024146,-0.9491255,0.050138414,-0.31088096,0.006809622,0.9902801,0.13892108
1356068141883,0.28962615,0.13150835,-0.9480623,-0.9571215,0.045924455,-0.28602338,0.0059247315,0.9902507,0.13917044
1356068141922,0.2480846,0.13470203,-0.9593276,-0.9687293,0.03878361,-0.24507019,0.004194796,0.99012685,0.14011133
1356068141962,0.19200507,0.13910282,-0.97148573,-0.98139286,0.02869454,-0.18985447,0.0014670491,0.9898621,0.14202401
1356068142003,0.1246413,0.1443282,-0.98164856,-0.99219906,0.015818954,-0.12365508,-0.0023182929,0.98940337,0.14517406
1356068142042,0.05306703,0.14906469,-0.98740244,-0.99856865,0.0013130307,-0.053468883,-0.0066738725,0.9888266,0.14892101
1356068142084,-0.012266219,0.15223637,-0.988268,-0.9998568,-0.013392985,0.010346979,-0.0116606355,0.98825336,0.1523788
1356068142122,-0.06527984,0.15303099,-0.9860629,-0.9977218,-0.026866138,0.061882287,-0.017021805,0.98785615,0.15443617
1356068142164,-0.1002152,0.15107325,-0.9834297,-0.9946885,-0.038547397,0.095440835,-0.023490101,0.9877707,0.1541338
1356068142203,-0.12054795,0.14723068,-0.9817288,-0.99224466,-0.048068166,0.11463034,-0.030312777,0.9879335,0.1518833
1356068142241,-0.12682414,0.1417051,-0.9817512,-0.99122185,-0.05537194,0.12005523,-0.037349015,0.9883591,0.14748365
1356068142282,-0.1218676,0.13503876,-0.98331726,-0.9915701,-0.060494483,0.11458266,-0.04401219,0.98899186,0.1412727
1356068142322,-0.10847092,0.12786207,-0.9858424,-0.9928465,-0.06371093,0.100978374,-0.04989761,0.9897435,0.1338582
1356068142361,-0.088792145,0.12062514,-0.98871917,-0.9945315,-0.065531254,0.08131924,-0.05498284,0.9905329,0.1257841
1356068142401,-0.065258145,0.11380321,-0.99135774,-0.9960968,-0.06660211,0.05792454,-0.059434474,0.9912684,0.117705315
1356068142442,-0.04068595,0.10785046,-0.9933343,-0.99715436,-0.067530096,0.033510387,-0.06346586,0.99187094,0.11029112
1356068142482,-0.018104672,0.10325262,-0.9944904,-0.9975802,-0.06864357,0.011034012,-0.067126036,0.9922837,0.10424554
1356068142526,-2.4348497E-4,0.100393355,-0.99494773,-0.9975124,-0.0701589,-0.006835133,-0.07049066,0.9924711,0.10016072
1356068142561,0.012556791,0.09942615,-0.9949657,-0.9972286,-0.07172775,-0.01975301,-0.07333064,0.9924563,0.09824994
1356068142604,0.018323898,0.100723594,-0.9947457,-0.99695516,-0.07357955,-0.02581498,-0.07579309,0.9921899,0.09906864
1356068142680,0.022686183,0.10337195,-0.99438393,-0.9966692,-0.075592935,-0.030596554,-0.0783312,0.99176604,0.10131273
1356068142682,0.026257694,0.10684028,-0.9939294,-0.99625397,-0.079152524,-0.03482744,-0.08239305,0.9911206,0.10436168
1356068142720,0.032925844,0.11035305,-0.99334687,-0.9954719,-0.08505362,-0.042445034,-0.08917171,0.9902464,0.10705289
1356068142762,0.04472685,0.11277318,-0.99261355,-0.9941522,-0.09273547,-0.055332094,-0.09829041,0.9892838,0.10796589
1356068142800,0.06401408,0.112522095,-0.99158514,-0.99221015,-0.09923077,-0.07531485,-0.10687029,0.98868203,0.10529336
1356068142842,0.09162766,0.10808733,-0.9899099,-0.98961914,-0.10064417,-0.102589965,-0.11071733,0.9890338,0.09774351
1356068142883,0.12342411,0.09909019,-0.98739433,-0.98659027,-0.09483111,-0.13284042,-0.10679892,0.99054945,0.08605704
1356068142921,0.1509679,0.0864287,-0.98475325,-0.9839695,-0.082531154,-0.15809137,-0.09493637,0.9928338,0.072583556
1356068142962,0.16621041,0.07123041,-0.9835143,-0.9830967,-0.065689206,-0.17089736,-0.076779336,0.9952946,0.05910811
1356068143002,0.15803203,0.05517736,-0.9858911,-0.9858204,-0.04823932,-0.16072053,-0.056426853,0.9973106,0.046771616
1356068143044,0.120113045,0.039533645,-0.99197274,-0.99209666,-0.031748384,-0.12139332,-0.036292613,0.99871373,0.03540778
1356068143082,0.03986597,0.025452226,-0.99888086,-0.9990418,-0.017054439,-0.040306926,-0.01806128,0.99953055,0.024747938
1356068143125,-0.07619327,0.012755662,-0.99701154,-0.99709284,-0.0017333627,0.07617733,-7.5647235E-4,0.99991715,0.012850642
1356068143162,-0.24571413,0.0030787587,-0.96933746,-0.96922857,0.014540672,0.24573272,0.014851391,0.99988955,-5.888343E-4
1356068143201,-0.4129799,-0.0060247183,-0.9107202,-0.9102897,0.03417808,0.41255856,0.028641135,0.99939764,-0.01959908
1356068143242,-0.5569927,-0.018582672,-0.83030945,-0.82964015,0.058388233,0.55523694,0.03816253,0.998121,-0.047938764
1356068143283,-0.6424083,-0.044395924,-0.76507556,-0.76539516,0.087313175,0.6376101,0.0384939,0.9951911,-0.09007114
1356068143342,-0.65651196,-0.09448427,-0.7483747,-0.7539036,0.11497384,0.6468464,0.024926752,0.9888649,-0.14671373
1356068143362,-0.5942678,-0.1738446,-0.785254,-0.8042598,0.12425172,0.58114344,-0.0034594834,0.976903,-0.21365505
1356068143402,-0.48437136,-0.26099476,-0.83502454,-0.87401867,0.10245246,0.4749682,-0.038413882,0.9598881,-0.2777393
1356068143440,-0.38719413,-0.32505652,-0.86279714,-0.9195224,0.06760934,0.3871789,-0.06752184,0.94327474,-0.32507467
1356068143480,-0.34640357,-0.35478675,-0.86840713,-0.93444145,0.048984796,0.3527317,-0.08260578,0.93366313,-0.34849596
1356068143509,-0.34110457,-0.3624418,-0.8673429,-0.9359462,0.045083344,0.34924528,-0.0874784,0.93091536,-0.35460413
1356068143539,-0.37824664,-0.34967253,-0.85712224,-0.9218271,0.05761805,0.38329482,-0.08464193,0.9350985,-0.34413147
1356068143570,-0.44513482,-0.31889907,-0.8367547,-0.8921324,0.077408314,0.4450931,-0.07716799,0.94462234,-0.31895727
1356068143599,-0.52658856,-0.2735472,-0.8049077,-0.8474741,0.09426868,0.52239937,-0.06702331,0.9572279,-0.28146493
1356068143674,-0.62954915,-0.20622587,-0.7490919,-0.7751851,0.10157454,0.6235148,-0.052496254,0.9732181,-0.22380936
1356068143681,-0.7108109,-0.13527647,-0.6902523,-0.7024907,0.087109685,0.70634186,-0.035423756,0.98697126,-0.15694904
1356068143719,-0.7603071,-0.07389608,-0.64534676,-0.64929616,0.057942867,0.75832516,-0.018644005,0.9955812,-0.09203482
1356068143759,-0.78428054,-0.025167793,-0.6198957,-0.6203866,0.02383715,0.7839338,-0.004953325,0.999399,-0.03430885
1356068143799,-0.7865204,0.010783076,-0.61747,-0.61755556,-0.008449316,0.7864818,0.0032634735,0.9999061,0.01330477
1356068143840,-0.77050453,0.035574377,-0.6364411,-0.6374165,-0.035472393,0.76970255,0.0048056543,0.99873734,0.050007284
1356068143879,-0.73712015,0.052006602,-0.67375743,-0.675761,-0.05532676,0.7350415,9.5018744E-4,0.997113,0.0759266
1356068143918,-0.6880244,0.06020704,-0.72318584,-0.725634,-0.069198966,0.6845925,-0.008826375,0.9957845,0.0912987
1356068143958,-0.6214127,0.061098874,-0.7810974,-0.7830979,-0.079705,0.61676955,-0.024573475,0.9949442,0.09737617
1356068143998,-0.5406996,0.05629602,-0.83932996,-0.8399724,-0.09036076,0.5350527,-0.045721143,0.99431676,0.096145034
1356068144060,-0.453713,0.048214197,-0.88984257,-0.88842344,-0.102492094,0.44743615,-0.06962907,0.99356467,0.08933669
1356068144080,-0.37191874,0.040232897,-0.92739296,-0.9239305,-0.11248112,0.36565045,-0.08960307,0.992839,0.079006255
1356068144120,-0.30314922,0.032688737,-0.9523823,-0.9477613,-0.11442518,0.2977508,-0.09924337,0.99289393,0.06566894
1356068144155,-0.25254208,0.02644664,-0.96722436,-0.96273476,-0.106841445,0.24844849,-0.096769065,0.99392426,0.052443087
1356068144200,-0.22248715,0.021706194,-0.9746939,-0.9714092,-0.08989102,0.2197355,-0.08284661,0.995715,0.041085124
1356068144238,-0.21485323,0.018443495,-0.9764722,-0.9745908,-0.06888336,0.2131382,-0.06333166,0.99745417,0.032774687
1356068144279,-0.2291131,0.016974807,-0.9732517,-0.9724693,-0.047698557,0.22809702,-0.042550802,0.9987175,0.02743584
1356068144318,-0.26470798,0.017297387,-0.96417344,-0.96405673,-0.028487027,0.26416492,-0.022897065,0.9994445,0.024216413
1356068144359,-0.31757474,0.019114077,-0.9480407,-0.9482221,-0.011269331,0.31740826,-0.004616767,0.9997539,0.021703124
1356068144410,-0.38028437,0.02046594,-0.92464316,-0.92474985,0.007676244,0.38049817,0.014885008,0.9997611,0.016006768
1356068144448,-0.45984006,0.019902855,-0.88777876,-0.8874036,0.026392937,0.46023735,0.032591194,0.99945354,0.0055252314
1356068144488,-0.5184948,0.010712296,-0.85501367,-0.8538029,0.04815972,0.51836395,0.0467301,0.99878216,-0.015824378
1356068144528,-0.5491263,-0.015209973,-0.835601,-0.8340755,0.07303411,0.5467944,0.052710682,0.9972135,-0.052791238
1356068144571,-0.5392577,-0.067709625,-0.8394144,-0.84096926,0.095855355,0.5325246,0.04440534,0.9930897,-0.108632386
1356068144611,-0.48187667,-0.14740768,-0.86375105,-0.87601984,0.1030941,0.47112724,0.019599855,0.98368824,-0.17881066
1356068144669,-0.3927852,-0.2321552,-0.88984483,-0.91953194,0.08499533,0.38371456,-0.013448715,0.96895814,-0.24685901
1356068144690,-0.3010215,-0.2984983,-0.9056958,-0.9525615,0.04943773,0.3003043,-0.044864744,0.95312893,-0.29921985
1356068144730,-0.2326315,-0.33399412,-0.913417,-0.9703363,0.016162276,0.24121809,-0.065802515,0.9424366,-0.32784647
1356068144770,-0.19893542,-0.33907527,-0.9194851,-0.9772344,-0.001962632,0.2121535,-0.07374057,0.9407572,-0.33096558
1356068144810,-0.20159635,-0.31764108,-0.92653286,-0.97682923,-0.004197806,0.213979,-0.0718579,0.9482018,-0.3094349
1356068144850,-0.23592344,-0.27422035,-0.9322785,-0.9695791,0.0020160973,0.24476975,-0.06524128,0.96166474,-0.26635402
1356068144890,-0.29130375,-0.21518362,-0.93211484,-0.95489883,0.006805539,0.29685313,-0.057534426,0.9765498,-0.207461
1356068144930,-0.35338205,-0.14911243,-0.92351866,-0.93412673,0.0031825304,0.35692734,-0.050283164,0.9888151,-0.14041454
1356068144970,-0.40861845,-0.08486557,-0.90875125,-0.9116469,-0.009985089,0.41085297,-0.04394123,0.99634236,-0.07328737
1356068145010,-0.4482786,-0.028811336,-0.8934294,-0.8930568,-0.028808534,0.44902068,-0.03867528,0.99916965,-0.012815952
1356068145050,-0.46886444,0.016087681,-0.88312364,-0.882594,-0.04764843,0.46771523,-0.03455499,0.9987346,0.036539555
1356068145089,-0.47039223,0.04920304,-0.8810847,-0.8818798,-0.06232959,0.46733606,-0.031923324,0.996842,0.07271057
1356068145130,-0.4526468,0.07020444,-0.8889219,-0.89110756,-0.07163614,0.44810215,-0.032220125,0.9949571,0.094985604
1356068145170,-0.41607636,0.079179525,-0.90587586,-0.9085407,-0.077687204,0.41050997,-0.037871003,0.99382865,0.10426164
1356068145210,-0.36322135,0.077100724,-0.9285072,-0.9303057,-0.08456683,0.35690275,-0.051003456,0.9934304,0.102443755
1356068145250,-0.29915172,0.06649575,-0.9518857,-0.951573,-0.094837785,0.29242846,-0.07082948,0.9932693,0.09164649
1356068145289,-0.23168284,0.051076114,-0.9714496,-0.9684798,-0.10602707,0.22539994,-0.09148741,0.9930506,0.074030876
1356068145320,-0.17229974,0.03652349,-0.98436725,-0.97935176,-0.113633454,0.16720563,-0.105750084,0.9928512,0.055348337
1356068145361,-0.12125218,0.021211237,-0.99239504,-0.986856,-0.11017746,0.11822051,-0.106832,0.99368554,0.034291714
1356068145400,-0.083649576,0.006700784,-0.9964727,-0.99190557,-0.096423805,0.08261776,-0.09553006,0.9953178,0.0147123635
1356068145441,-0.063877344,-0.006017387,-0.9979396,-0.99488133,-0.07807416,0.06415242,-0.07829937,0.99692935,-9.994209E-4
1356068145480,-0.06408173,-0.016369402,-0.99781036,-0.99616367,-0.05866003,0.06493831,-0.0595946,0.9981438,-0.012547553
1356068145521,-0.087429404,-0.023903906,-0.9958838,-0.99530584,-0.03955221,0.088328004,-0.041500777,0.9989315,-0.020333648
1356068145561,-0.1344608,-0.028240949,-0.9905163,-0.99064326,-0.019744277,0.135041,-0.023370713,0.9994061,-0.025321841
1356068145601,-0.2047661,-0.029835165,-0.9783561,-0.97879916,0.00133425,0.2048181,-0.004805416,0.9995539,-0.029475808
1356068145669,-0.28568333,-0.030567676,-0.9578365,-0.9582026,0.025030255,0.28499368,0.015263349,0.9992193,-0.03644079
1356068145682,-0.36705738,-0.03619805,-0.92949367,-0.9295832,0.0506078,0.36512184,0.033822924,0.9980624,-0.052225053
1356068145721,-0.4258331,-0.05713877,-0.9029957,-0.9037428,0.07512957,0.42143145,0.04376158,0.9955354,-0.08363134
1356068145761,-0.43524575,-0.10919434,-0.8936654,-0.89962894,0.09139955,0.42698234,0.03505653,0.98980945,-0.13801563
1356068145801,-0.4009062,-0.18351781,-0.89754975,-0.91606355,0.09110075,0.39054874,0.010094821,0.978786,-0.20463687
1356068145840,-0.3394616,-0.26047054,-0.9038368,-0.9403564,0.07123026,0.3326502,-0.022265017,0.9628507,-0.2691151
1356068145880,-0.2866056,-0.3140427,-0.9051157,-0.95686424,0.04686916,0.2867299,-0.047623426,0.94825125,-0.3139292
1356068145920,-0.2652129,-0.3346626,-0.9042473,-0.9623796,0.0344373,0.26951763,-0.059057623,0.94170856,-0.3312056
1356068145960,-0.28166255,-0.32341743,-0.9033645,-0.9577496,0.037703067,0.28512126,-0.05815357,0.94550496,-0.32037246
1356068146000,-0.33074024,-0.2853037,-0.8995626,-0.94236386,0.04872629,0.33102295,-0.050609678,0.9571978,-0.28497565
1356068146040,-0.39791358,-0.22892904,-0.888401,-0.9164996,0.055759132,0.3961305,-0.04114932,0.97184485,-0.23200065
1356068146080,-0.46830678,-0.16372949,-0.8682635,-0.8829997,0.05154848,0.46653438,-0.031627774,0.9851576,-0.16871357
1356068146120,-0.52751064,-0.10005978,-0.8436354,-0.8492397,0.035335004,0.52682394,-0.022903979,0.99435383,-0.10361439
1356068146160,-0.5682695,-0.044914484,-0.8216157,-0.82269233,0.011941671,0.56836134,-0.015716225,0.9989194,-0.043736815
1356068146200,-0.5887897,-0.0011637807,-0.80828536,-0.80821776,-0.01216656,0.588758,-0.010519236,0.99992526,0.006223023
1356068146240,-0.5899797,0.031017154,-0.80682206,-0.807382,-0.03210455,0.58915496,-0.0076287687,0.99900305,0.043983698
1356068146280,-0.572613,0.051962584,-0.81817734,-0.81978774,-0.0458951,0.5708253,-0.007888794,0.9975938,0.06887841
1356068146320,-0.53670657,0.06167075,-0.8415122,-0.8436718,-0.054360867,0.53410006,-0.012807012,0.99661505,0.081205726
1356068146360,-0.48286563,0.06082648,-0.8735793,-0.87537813,-0.06033647,0.4796588,-0.023532748,0.996323,0.08238059
1356068146400,-0.41410947,0.051209927,-0.90878546,-0.90935856,-0.06688279,0.41060176,-0.039755225,0.9964459,0.07426494
1356068146440,-0.3371393,0.036410302,-0.9407505,-0.9396961,-0.07406485,0.33389488,-0.057519287,0.9965886,0.05918473
1356068146481,-0.26148063,0.020647913,-0.9649878,-0.9627191,-0.0773415,0.259211,-0.0692814,0.9967908,0.04010141
1356068146521,-0.1974318,0.007958919,-0.98028433,-0.9778186,-0.0729388,0.196343,-0.06993809,0.9973046,0.022182822
1356068146560,-0.15078169,-0.0010275841,-0.9885665,-0.98682094,-0.059253335,0.15057704,-0.058730602,0.9982424,0.007920325
1356068146600,-0.12506449,-0.006765276,-0.9921255,-0.99128497,-0.040863574,0.1252372,-0.041389078,0.9991418,-0.0015957952
1356068146670,-0.122988105,-0.009337217,-0.99236417,-0.9921582,-0.02128315,0.123162806,-0.02227068,0.9997298,-0.0066463947
1356068146679,-0.1482079,-0.0086171925,-0.9889187,-0.9889504,-0.0021763444,0.1482316,-0.003429532,0.99996054,-0.008199394
1356068146720,-0.20169193,-0.00461936,-0.97943807,-0.97932976,0.016552508,0.20159161,0.015280932,0.9998523,-0.0078623295
1356068146758,-0.27882153,0.001981467,-0.9603409,-0.9597391,0.034880638,0.27871883,0.03404957,0.9993895,-0.007823765
1356068146800,-0.36398828,0.008926183,-0.9313607,-0.92982686,0.054676235,0.36391285,0.05417168,0.9984642,-0.011601746
1356068146841,-0.44756442,0.010328144,-0.8941921,-0.8912749,0.07636881,0.44698638,0.072904915,0.99702615,-0.024974763
1356068146878,-0.50794387,-0.003482759,-0.86138314,-0.857318,0.099164784,0.5051458,0.08365959,0.995065,-0.05335599
1356068146926,-0.5185282,-0.050096035,-0.8535917,-0.85164464,0.119400084,0.51033807,0.076352954,0.99158156,-0.10457629
1356068146970,-0.4575656,-0.14472711,-0.8773185,-0.8882097,0.12037766,0.44338775,0.041439325,0.9821218,-0.18362874
1356068147029,-0.37233448,-0.23966601,-0.8966199,-0.9280981,0.09716874,0.35943314,9.795129E-4,0.9659805,-0.2586128
1356068147060,-0.2863468,-0.3146934,-0.9049716,-0.9574992,0.059826553,0.2821633,-0.034653604,0.94730616,-0.3184498
1356068147106,-0.23478445,-0.34711984,-0.907956,-0.97082007,0.03681037,0.23696724,-0.048833817,0.93709815,-0.34563345
1356068147147,-0.22050509,-0.34489062,-0.91237485,-0.97433686,0.034516066,0.22243267,-0.045223325,0.938008,-0.34365064
1356068147189,-0.25894272,-0.3071409,-0.91575825,-0.9654929,0.055030584,0.25454885,-0.027787685,0.95007163,-0.3107921
1356068147228,-0.334218,-0.24146727,-0.9110389,-0.9424857,0.081148535,0.32424626,-0.0043653846,0.96701,-0.25470078
1356068147270,-0.4364733,-0.15106738,-0.88694406,-0.8994466,0.0974434,0.426029,0.022067815,0.9837091,-0.1784085
1356068147308,-0.52520514,-0.060820192,-0.84879935,-0.8497126,0.091804504,0.51919204,0.046346217,0.9939179,-0.099895835
1356068147350,-0.5903451,0.017237782,-0.8069668,-0.80450684,0.06829125,0.59000427,0.0652791,0.99751645,-0.026447415
1356068147388,-0.6238272,0.073741406,-0.7780756,-0.7778375,0.038498163,0.627285,0.0762113,0.996534,0.03334272
1356068147430,-0.6313203,0.10870075,-0.76786625,-0.7716247,0.0110961795,0.6359812,0.07765201,0.9940126,0.07687104
1356068147468,-0.6169841,0.12581173,-0.77685386,-0.78374684,-0.008903503,0.6210166,0.07121444,0.99201417,0.10409784
1356068147508,-0.58440346,0.12679517,-0.8014958,-0.8095207,-0.022795558,0.5866486,0.05611366,0.9916669,0.11596519
1356068147550,-0.5349374,0.114109606,-0.8371506,-0.844295,-0.03496349,0.5347369,0.03174886,0.9928527,0.11504543
1356068147588,-0.47612667,0.09473184,-0.87425935,-0.8793738,-0.048701227,0.47363493,0.002290815,0.99431086,0.10649258
1356068147665,-0.40809274,0.067267,-0.9104589,-0.9123615,-0.065561295,0.4041017,-0.032508135,0.99557865,0.0881269
1356068147676,-0.34233338,0.04088512,-0.9386887,-0.9376862,-0.07824355,0.33855978,-0.059604228,0.99609566,0.06512272
1356068147718,-0.28860033,0.018307567,-0.95727456,-0.9546202,-0.0823099,0.28622594,-0.073553085,0.9964386,0.041231453
1356068147760,-0.25026405,-4.8279762E-4,-0.96817756,-0.96548253,-0.07443863,0.2496045,-0.072190285,0.9972255,0.018163145
1356068147799,-0.2327252,-0.014796406,-0.97243,-0.97058797,-0.059826612,0.23319465,-0.061627626,0.99809915,-4.3803453E-4
1356068147840,-0.23652357,-0.023606896,-0.971339,-0.97061664,-0.039809704,0.23731521,-0.044271022,0.9989284,-0.013497293
1356068147878,-0.26635957,-0.027192205,-0.9634901,-0.96352947,-0.019202828,0.26691237,-0.025759667,0.9994458,-0.02108562
1356068147920,-0.31671792,-0.0246934,-0.9481983,-0.94849586,0.0011389256,0.31678763,-0.006742686,0.99969447,-0.023782313
1356068147959,-0.3853944,-0.017836094,-0.9225795,-0.9226754,0.020328045,0.38504142,0.011886567,0.9996342,-0.024291217
1356068147999,-0.4582476,-0.008991569,-0.8887791,-0.8883014,0.03893715,0.4576074,0.030491948,0.9992012,-0.02583003
1356068148039,-0.5252938,-0.003584534,-0.8509133,-0.84957516,0.058427215,0.52422166,0.047837377,0.9982852,-0.033736706
1356068148079,-0.5747714,-0.010393649,-0.81824803,-0.8161349,0.08020431,0.57226825,0.05967909,0.99672425,-0.05458182
1356068148121,-0.59310097,-0.044428557,-0.8039013,-0.80303884,0.10452771,0.5866878,0.057964265,0.9935291,-0.09767336
1356068148173,-0.5672757,-0.122275084,-0.81439984,-0.8228879,0.123145044,0.55469894,0.03246343,0.9848269,-0.17047584
1356068148212,-0.5167382,-0.21346134,-0.8291055,-0.85613126,0.12365627,0.50174534,-0.004579127,0.96909416,-0.24664879
1356068148251,-0.4623708,-0.28986523,-0.8379686,-0.88578224,0.10832566,0.45128188,-0.040037423,0.95091724,-0.30684412
1356068148292,-0.42445722,-0.33473715,-0.84130085,-0.9031242,0.08999094,0.41984308,-0.06482765,0.9380046,-0.34050655
1356068148330,-0.4131472,-0.343012,-0.8435948,-0.9076309,0.079551995,0.4121622,-0.07426691,0.93595636,-0.34419495
1356068148371,-0.42869925,-0.31779206,-0.8457099,-0.90072155,0.07768208,0.42739472,-0.070126146,0.9449729,-0.31954437
1356068148410,-0.46513057,-0.26533064,-0.8445432,-0.88339365,0.07750183,0.4621786,-0.0571765,0.9610375,-0.27043992
1356068148451,-0.50897604,-0.198412,-0.83760136,-0.8598116,0.071027935,0.5056471,-0.040833354,0.9775416,-0.20674849
1356068148490,-0.55194247,-0.12672898,-0.8241962,-0.8335327,0.055229962,0.54970264,-0.024142891,0.99039865,-0.13611656
1356068148531,-0.58582056,-0.060713083,-0.80816346,-0.81038225,0.03189373,0.5850329,-0.00974381,0.99764556,-0.0678848
1356068148571,-0.60788226,-0.0059113204,-0.79400516,-0.794027,0.0052248836,0.6078601,5.553365E-4,0.9999689,-0.007869899
1356068148611,-0.61685365,0.034672797,-0.7863137,-0.7870549,-0.019549131,0.6165731,0.006006539,0.9992075,0.039348423
1356068148669,-0.6149114,0.061139286,-0.78622246,-0.788574,-0.04020387,0.61362416,0.005907327,0.99731916,0.07293475
1356068148689,-0.6035115,0.075449765,-0.7937765,-0.7973536,-0.055838287,0.60092366,0.001016438,0.99558496,0.093859196
1356068148730,-0.58461213,0.078163624,-0.807539,-0.81126386,-0.067269504,0.5807975,-0.008925468,0.9946684,0.102737844
1356068148772,-0.55880666,0.06999135,-0.8263391,-0.82895535,-0.07578051,0.55415726,-0.023834199,0.994665,0.100366354
1356068148811,-0.5289687,0.055018276,-0.84685606,-0.84764385,-0.082621634,0.52409303,-0.04113394,0.99506116,0.09034008
1356068148852,-0.4969318,0.03426513,-0.8671129,-0.86573935,-0.088222146,0.49265844,-0.05961758,0.99551135,0.073505044
1356068148890,-0.46605593,0.012080729,-0.88467276,-0.88155377,-0.09132612,0.46316573,-0.07519838,0.9957477,0.05321294
1356068148931,-0.44071358,-0.006899148,-0.8976213,-0.8937539,-0.08966726,0.43950397,-0.08351946,0.9959479,0.03335142
1356068148970,-0.4241727,-0.019637585,-0.9053683,-0.9018146,-0.08193147,0.4242849,-0.08251011,0.99644446,0.01704365
1356068149009,-0.41772753,-0.025921613,-0.9082025,-0.90551436,-0.07006472,0.41849092,-0.07448092,0.9972056,0.005795598
1356068149060,-0.4223923,-0.025349736,-0.90605855,-0.90443027,-0.05429548,0.4231523,-0.059921682,0.99820304,6.914139E-6
1356068149098,-0.4399804,-0.022871405,-0.89771616,-0.89681137,-0.04038632,0.4405659,-0.046331793,0.99892235,-0.0027421713
1356068149140,-0.46308517,-0.018261194,-0.88612556,-0.8857056,-0.0274961,0.46343234,-0.032827824,0.9994551,-0.0034409761
1356068149178,-0.49234867,-0.012542993,-0.8703077,-0.8701986,-0.014307737,0.49249324,-0.018629462,0.9998189,-0.0038704872
1356068149218,-0.52347016,-0.006845534,-0.85201645,-0.85203993,0.0011298656,0.5234755,-0.002620846,0.9999759,-0.0064240694
1356068149258,-0.5525429,-0.0045830607,-0.8334718,-0.8333625,0.020136058,0.5523598,0.014251322,0.99978673,-0.014945328
1356068149298,-0.5727751,-0.01299268,-0.8196095,-0.8192406,0.042995274,0.57183576,0.02780965,0.9989908,-0.03527075
1356068149338,-0.57594913,-0.04239145,-0.8163857,-0.8169296,0.06667185,0.5728708,0.030145109,0.99687403,-0.07303041
1356068149385,-0.5511476,-0.10448182,-0.8278405,-0.8343267,0.08283931,0.5450107,0.011634052,0.99107075,-0.13282865
1356068149422,-0.4981109,-0.18565246,-0.8470057,-0.86682713,0.08151674,0.49190012,-0.022277325,0.9792284,-0.20153296
1356068149467,-0.42895097,-0.26224613,-0.86442363,-0.90141165,0.0619691,0.42850542,-0.05880633,0.96300924,-0.26297343
1356068149500,-0.36236048,-0.31426057,-0.8774594,-0.9280822,0.035015583,0.37072518,-0.08577958,0.9486908,-0.30434787
1356068149540,-0.31282562,-0.33278945,-0.8896018,-0.9449619,0.014529109,0.32685766,-0.09584966,0.9428892,-0.31901842
1356068149580,-0.28823823,-0.31893244,-0.9028847,-0.9533433,0.0072022676,0.30180255,-0.08975184,0.9477501,-0.30612808
1356068149619,-0.2896217,-0.27815384,-0.91583276,-0.95430356,0.01029253,0.29866162,-0.07364765,0.9604814,-0.26842415
1356068149660,-0.31202918,-0.21918648,-0.924443,-0.9485082,0.016055763,0.31634516,-0.05449602,0.97555083,-0.21291006
1356068149685,-0.33826578,-0.16131228,-0.92712164,-0.9402892,0.018313587,0.33988363,-0.037848502,0.9867335,-0.157875
1356068149726,-0.3732347,-0.10072586,-0.9222528,-0.92742825,0.01486671,0.37370554,-0.023930937,0.9948032,-0.09896475
1356068149768,-0.4072773,-0.045859486,-0.9121524,-0.91318965,0.0046073794,0.40750876,-0.014485538,0.99893725,-0.043754816
1356068149808,-0.4340701,-0.002113372,-0.90087664,-0.9008157,-0.010842502,0.43406615,-0.010685086,0.99993896,0.0028025508
1356068149848,-0.45094007,0.028690904,-0.8920929,-0.8924701,-0.028207302,0.4502236,-0.012246251,0.9991902,0.038325608
1356068149888,-0.45737267,0.04656443,-0.8880552,-0.88908553,-0.044565022,0.45556659,-0.018363029,0.9979207,0.061782658
1356068149928,-0.45365107,0.052139282,-0.88965285,-0.8907127,-0.058831573,0.4507436,-0.028838247,0.99690545,0.07313013
1356068149987,-0.44040763,0.046414763,-0.89659745,-0.8967042,-0.07202327,0.43673152,-0.044305027,0.99632245,0.07333982
1356068150009,-0.4197635,0.03222829,-0.9070612,-0.9053621,-0.08552593,0.41593847,-0.0641723,0.99581456,0.065078974
1356068150049,-0.39415246,0.012556374,-0.91895926,-0.91495746,-0.09956211,0.39107567,-0.08658302,0.99495214,0.050731182
1356068150086,-0.36708832,-0.008800417,-0.9301445,-0.92402244,-0.11147398,0.36572683,-0.1069054,0.9937284,0.032788932
1356068150129,-0.3432811,-0.027533233,-0.93882906,-0.9317723,-0.1157524,0.3440955,-0.118145734,0.99289644,0.014080882
1356068150170,-0.32814938,-0.039454013,-0.9438016,-0.93766546,-0.107461154,0.33050814,-0.11446184,0.9934262,-0.0017313957
1356068150208,-0.32442373,-0.044202566,-0.9448785,-0.94062835,-0.09035611,0.32719135,-0.0998382,0.9949281,-0.01226455
1356068150249,-0.33329445,-0.04222107,-0.94187695,-0.93956697,-0.06807703,0.33552867,-0.07828659,0.9967863,-0.016979814
1356068150288,-0.3562351,-0.03602943,-0.9337014,-0.9326874,-0.046696603,0.35765013,-0.056486696,0.99825907,-0.016969204
1356068150328,-0.39273888,-0.025855571,-0.9192865,-0.91897047,-0.027385175,0.39337417,-0.035345823,0.99929047,-0.013005257
1356068150368,-0.44325864,-0.012147725,-0.8963114,-0.896292,-0.0090608,0.44337183,-0.013507277,0.99988514,-0.0068716407
1356068150409,-0.5036677,0.0042410195,-0.8638871,-0.86382675,0.010327935,0.5036832,0.011058301,0.99993765,-0.0015383959
1356068150449,-0.5659771,0.019052684,-0.8242008,-0.8235585,0.032651782,0.5662908,0.03770095,0.99928516,-0.0027891397
1356068150489,-0.6174681,0.022058725,-0.7862866,-0.7842782,0.059414864,0.61755776,0.06033966,0.99798965,-0.01938665
1356068150530,-0.6428971,-0.004612237,-0.7659386,-0.76293623,0.09251201,0.6398201,0.06790751,0.99570084,-0.06299448
1356068150568,-0.6403114,-0.06141478,-0.7656563,-0.7659547,0.12576681,0.63047296,0.057573795,0.99015707,-0.12757087
1356068150608,-0.60903114,-0.14060763,-0.7805835,-0.7924739,0.14839506,0.59157765,0.032654405,0.97888124,-0.20180506
1356068150664,-0.56104594,-0.21863765,-0.79838896,-0.82777697,0.15234548,0.5399779,0.0035714805,0.9638405,-0.266456
1356068150700,-0.5203009,-0.26396778,-0.8121625,-0.85388744,0.14658111,0.4993899,-0.012775123,0.9533284,-0.30166507
1356068150740,-0.5037466,-0.2718229,-0.8199705,-0.86372936,0.14252895,0.48338088,-0.01452449,0.95173407,-0.3065799
1356068150780,-0.5105683,-0.24752358,-0.8234391,-0.85981596,0.14024824,0.49096534,-0.0060396194,0.9586774,-0.28443098
1356068150820,-0.53432715,-0.1994437,-0.8214115,-0.8452455,0.13456881,0.51715696,0.0073926747,0.9706253,-0.24048269
1356068150860,-0.5656797,-0.13760793,-0.8130624,-0.82431436,0.12142432,0.55295753,0.022634238,0.9830159,-0.18211943
1356068150900,-0.59547657,-0.07229605,-0.8001131,-0.80248475,0.100340605,0.5881752,0.037761062,0.99232304,-0.11776692
1356068150940,-0.61700207,-0.01234144,-0.7868647,-0.7853413,0.07378328,0.6146503,0.050471783,0.9971979,-0.05521661
1356068150980,-0.6271485,0.03673187,-0.77803314,-0.77668536,0.045776427,0.62822324,0.058691412,0.9982762,-1.795888E-4
1356068151020,-0.6258398,0.07302803,-0.7765252,-0.7775068,0.020352364,0.62854505,0.06170553,0.99712217,0.044042468
1356068151060,-0.6141651,0.09654063,-0.78325033,-0.78692514,1.4901161E-5,0.6170485,0.059581846,0.995329,0.07596117
1356068151100,-0.5929538,0.107449025,-0.79803526,-0.8035723,-0.015276134,0.5950111,0.051742464,0.9940932,0.09540111
1356068151139,-0.56294215,0.10634896,-0.8196255,-0.8256613,-0.027797341,0.56348085,0.037142187,0.99394023,0.1034565
1356068151180,-0.5250453,0.09433386,-0.8458301,-0.85094154,-0.04063499,0.52368623,0.0150310695,0.994711,0.1016078
1356068151220,-0.48126167,0.07412326,-0.87343746,-0.8764831,-0.055275798,0.47824886,-0.012830555,0.995716,0.09156984
1356068151258,-0.4342785,0.048446476,-0.8994749,-0.8997805,-0.07032585,0.43063822,-0.042393446,0.99634695,0.074132204
1356068151299,-0.3884511,0.02145958,-0.92121947,-0.9190528,-0.08137834,0.38564178,-0.06669161,0.9964522,0.051334023
1356068151338,-0.34914523,-0.0023135543,-0.9370657,-0.9336896,-0.08398628,0.34809476,-0.07950604,0.9964642,0.027163327
1356068151379,-0.32064348,-0.0200032,-0.9469886,-0.9438206,-0.077629566,0.3212106,-0.079939574,0.99678147,0.0060120225
1356068151419,-0.3050664,-0.03131345,-0.95181614,-0.94962525,-0.06528616,0.30651197,-0.0717383,0.99737513,-0.009819448
1356068151459,-0.30364394,-0.03726855,-0.9520564,-0.9508873,-0.05119151,0.30527496,-0.060114384,0.99799323,-0.019894183
1356068151500,-0.31711185,-0.03796184,-0.9476281,-0.9472643,-0.035951138,0.31843033,-0.046156526,0.9986323,-0.024559379
1356068151539,-0.3469265,-0.034824967,-0.9372455,-0.93739754,-0.019579053,0.34771028,-0.030459315,0.99920166,-0.025852382
1356068151580,-0.3890977,-0.027321696,-0.92079127,-0.92114156,6.1917305E-4,0.3892273,-0.010064244,0.9996265,-0.02540803
1356068151618,-0.44293022,-0.017654926,-0.89638233,-0.89644325,0.024586022,0.44247606,0.014226586,0.9995419,-0.02671653
1356068151667,-0.49602222,-0.011743456,-0.8682304,-0.8673706,0.05319619,0.4948115,0.04037577,0.998515,-0.036572456
1356068151700,-0.5351041,-0.022117466,-0.84449655,-0.84270144,0.08415997,0.5317625,0.05931157,0.99620676,-0.06367272
1356068151740,-0.5422394,-0.06290558,-0.8378658,-0.838032,0.112474024,0.5339026,0.060652703,0.9916615,-0.11370474
1356068151781,-0.50922465,-0.13386628,-0.8501588,-0.859545,0.12877476,0.4945699,0.043272763,0.982597,-0.18063939
1356068151820,-0.44330126,-0.2163299,-0.8698767,-0.8962256,0.12455213,0.42575407,0.01624167,0.968343,-0.24909455
1356068151860,-0.36931103,-0.28286886,-0.88520885,-0.9292704,0.10408211,0.35443407,-0.0081239045,0.9534947,-0.30130035
1356068151900,-0.31208923,-0.31864113,-0.8950241,-0.94977397,0.081818074,0.30205178,-0.02301693,0.9443377,-0.3281716
1356068151940,-0.2854142,-0.32186854,-0.90273994,-0.9580145,0.06895277,0.27830514,-0.027331293,0.94427013,-0.32803482
1356068151980,-0.29271194,-0.29614553,-0.90918505,-0.9559008,0.06681761,0.28598782,-0.023944408,0.9528028,-0.30264407
1356068152020,-0.32817888,-0.24790922,-0.91150403,-0.9444659,0.06893438,0.32129782,-0.016818672,0.9663276,-0.2567646
1356068152060,-0.3785392,-0.18672815,-0.9065542,-0.9255481,0.0675863,0.37254912,-0.008294791,0.980084,-0.19840991
1356068152100,-0.4291286,-0.123173356,-0.89480555,-0.9032432,0.05918616,0.425028,6.079972E-4,0.9906187,-0.1366539
1356068152140,-0.4696508,-0.06530604,-0.88043356,-0.8828099,0.044511557,0.46761683,0.008651227,0.99687207,-0.07855767
1356068152180,-0.49541777,-0.01719454,-0.8684847,-0.86853254,0.026583672,0.49491873,0.014577627,0.9994987,-0.028104007
1356068152218,-0.50624603,0.020516872,-0.86214495,-0.8621969,0.009061098,0.50649214,0.018203586,0.99974847,0.013102472
1356068152258,-0.50320625,0.04838088,-0.86281097,-0.8639313,-0.004881382,0.503586,0.020152211,0.998817,0.044254065
1356068152298,-0.48726094,0.06680325,-0.8706975,-0.8730233,-0.014227867,0.48747087,0.0201765,0.9976647,0.065253496
1356068152338,-0.4590317,0.076057255,-0.8851582,-0.8882712,-0.021068752,0.4588358,0.016248614,0.99688077,0.07723075
1356068152378,-0.41976798,0.07702994,-0.9043569,-0.9076123,-0.029139578,0.418797,0.0059073567,0.9966029,0.082145154
1356068152418,-0.371606,0.0712643,-0.9256513,-0.92832434,-0.040427864,0.3695666,-0.011085242,0.9966378,0.08117968
1356068152458,-0.31722963,0.0602839,-0.94643074,-0.9478514,-0.052470326,0.31436366,-0.030708492,0.9968012,0.073785305
1356068152500,-0.2603342,0.04564905,-0.9644389,-0.9644426,-0.05943936,0.25752175,-0.045570046,0.9971876,0.05949998
1356068152538,-0.20666361,0.029656678,-0.97796255,-0.9771503,-0.057003498,0.20476332,-0.04967469,0.9979335,0.040759563
1356068152579,-0.16249317,0.014403462,-0.9866046,-0.9857768,-0.045840085,0.16168761,-0.042897224,0.998845,0.021647334
1356068152619,-0.1331349,0.0012516081,-0.9910972,-0.99068165,-0.029150784,0.13304225,-0.0287247,0.9995743,0.0051208735
1356068152672,-0.12515491,-0.008456737,-0.9921012,-0.9920502,-0.012181342,0.1252523,-0.013144374,0.99989,-0.0068649054
1356068152702,-0.14137673,-0.013337433,-0.989866,-0.989953,0.0043228865,0.1413309,0.0023940504,0.9999017,-0.0138145685
1356068152741,-0.188214,-0.0131370425,-0.98204017,-0.98197573,0.020123184,0.18793249,0.017292887,0.99971116,-0.01668775
1356068152780,-0.26109397,-0.00717327,-0.96528673,-0.9647349,0.036554635,0.26067305,0.033415884,0.99930596,-0.016464531
1356068152820,-0.3583538,0.003204614,-0.9335804,-0.9321425,0.054357946,0.35798842,0.051894724,0.9985164,-0.016492248
1356068152860,-0.4610417,0.011125803,-0.8873087,-0.8845727,0.07369053,0.46054402,0.07051015,0.9972191,-0.024132848
1356068152900,-0.5385616,0.0020448864,-0.84258366,-0.838639,0.09537923,0.5362717,0.08146161,0.99543893,-0.049652696
1356068152959,-0.5639019,-0.03921172,-0.82491034,-0.8223374,0.11858362,0.5565063,0.07599932,0.9921695,-0.099114835
1356068152979,-0.52993846,-0.11269188,-0.84051514,-0.8463509,0.13273335,0.5158217,0.053435475,0.9847245,-0.16571736
1356068153019,-0.45967454,-0.19312301,-0.86683494,-0.8877634,0.12628984,0.4426365,0.023989141,0.97301304,-0.22949976
1356068153056,-0.39178866,-0.25183338,-0.884919,-0.92005426,0.10582495,0.37722838,-0.001352191,0.96196723,-0.27316135
1356068153099,-0.35579205,-0.27651343,-0.8927219,-0.9343965,0.08710557,0.34542114,-0.017752528,0.9570543,-0.28936464
1356068153138,-0.35885602,-0.26870498,-0.8938792,-0.9330425,0.07702941,0.35142303,-0.025574118,0.9601376,-0.2783556
1356068153178,-0.39468747,-0.23466116,-0.88834447,-0.9184136,0.07216632,0.38898394,-0.027170897,0.9693947,-0.24399918
1356068153218,-0.44602907,-0.18396303,-0.8759085,-0.8946948,0.06532937,0.44187462,-0.02406606,0.98075974,-0.19372958
1356068153258,-0.4955933,-0.12680042,-0.859249,-0.86839265,0.053230762,0.49301183,-0.016775638,0.9904989,-0.13649333
1356068153298,-0.5329986,-0.07081109,-0.8431479,-0.846093,0.037231445,0.5317335,-0.0062610507,0.9967947,-0.079757035
1356068153338,-0.55456865,-0.020191878,-0.83189297,-0.8321179,0.020400822,0.55422336,0.0057804883,0.99958795,-0.02811569
1356068153378,-0.5607808,0.023403436,-0.82763344,-0.82777154,0.005716622,0.5610361,0.017861426,0.9997097,0.016166925
1356068153418,-0.55270946,0.058918655,-0.8312886,-0.8328736,-0.0044926405,0.5534449,0.028873473,0.9982526,0.051555037
1356068153458,-0.52935505,0.08438957,-0.84419286,-0.84759694,-0.009310603,0.5305589,0.036913663,0.9963893,0.076456904
1356068153498,-0.4878438,0.09724432,-0.86749744,-0.8720716,-0.010209441,0.48927167,0.038722187,0.99520814,0.08978468
1356068153538,-0.42637652,0.09619081,-0.8994167,-0.90401316,-0.01119715,0.42735794,0.031037033,0.99529994,0.091731906
1356068153578,-0.34805346,0.08285311,-0.9338063,-0.93738675,-0.017111242,0.34786978,0.012843519,0.9964149,0.083620965
1356068153618,-0.26257187,0.061847925,-0.9629283,-0.9648367,-0.029332936,0.26120824,-0.012090325,0.9976545,0.06737518
1356068153670,-0.18294078,0.038728684,-0.9823607,-0.9825057,-0.042632222,0.18128705,-0.03485927,0.9983399,0.045850337
1356068153701,-0.12236899,0.018676192,-0.992309,-0.9913981,-0.049073577,0.12133306,-0.04643002,0.99862057,0.024520576
1356068153742,-0.08609271,0.0030190349,-0.99628246,-0.9952858,-0.04508233,0.08587009,-0.04465553,0.9989787,0.0068861246
1356068153780,-0.07753837,-0.008302033,-0.9969548,-0.9964089,-0.0334723,0.077774644,-0.034016043,0.99940515,-0.0056768656
1356068153821,-0.10022789,-0.015245736,-0.99484766,-0.99476033,-0.018720329,0.10050598,-0.020156115,0.99970853,-0.013289571
1356068153860,-0.15840137,-0.017179757,-0.9872253,-0.9873587,-0.0029578805,0.1584743,-0.0056426227,0.999848,-0.016494095
1356068153901,-0.25639492,-0.013439208,-0.96647865,-0.9665259,0.013342202,0.25622192,0.0094515085,0.9998207,-0.016410232
1356068153940,-0.39015192,-0.003091991,-0.92074525,-0.9203672,0.030160546,0.38989043,0.026564658,0.9995402,-0.014612973
1356068153980,-0.5468807,0.013248324,-0.83710575,-0.83593225,0.046591103,0.54685146,0.04624656,0.9988262,-0.014405072
1356068154008,-0.6975139,0.032506138,-0.71583354,-0.71358454,0.059603572,0.698029,0.06535646,0.99769264,-0.018378437
1356068154048,-0.7978593,0.041711032,-0.601399,-0.5974435,0.07852,0.79805756,0.08050966,0.9960396,-0.037727892
1356068154095,-0.8573869,0.03240174,-0.5136515,-0.50770736,0.11038798,0.8544283,0.08438592,0.9933603,-0.07819462
1356068154131,-0.879382,-0.0028829873,-0.47610813,-0.47053337,0.15795791,0.8681288,0.072702274,0.98744166,-0.14026189
1356068154170,-0.87721914,-0.056050405,-0.476807,-0.4773351,0.20807415,0.85373086,0.05135928,0.9765058,-0.20928144
1356068154210,-0.8606498,-0.11344975,-0.49639815,-0.50842285,0.2452107,0.82545614,0.028074324,0.96280885,-0.26872104
1356068154250,-0.84637886,-0.1539497,-0.5098454,-0.53248227,0.26306993,0.80452275,0.010268971,0.95241463,-0.3046323
1356068154290,-0.8474146,-0.16519931,-0.50457674,-0.5309311,0.26502883,0.8049048,7.5763464E-4,0.9499836,-0.31229877
1356068154329,-0.8623016,-0.15028922,-0.4835796,-0.5063911,0.25208372,0.8246344,-0.0020310879,0.9559639,-0.29347736
