1356626187332,0.9382155,0.03465998,-0.3443116,0.34234774,0.052221507,0.93812096,0.05049573,-0.9980339,0.037129257
1356626187353,-0.054217935,-0.039845318,-0.9977337,0.99725115,0.04837519,-0.056123614,0.050501794,-0.9980341,0.03711301
1356626187375,-0.05435109,-0.03978485,-0.997729,0.99724275,0.0483979,-0.056254447,0.050526083,-0.9980355,0.037044644
1356626187403,-0.054801047,-0.039592445,-0.99771214,0.9972144,0.04846692,-0.05669698,0.050600797,-0.99803984,0.036826074
1356626187447,-0.056363165,-0.038904876,-0.9976521,0.99711394,0.04871154,-0.058232307,0.05086273,-0.998055,0.03604704
1356626187488,-0.060323834,-0.0374918,-0.99747443,0.99685466,0.049192667,-0.06213534,0.05139801,-0.9980854,0.034406424
1356626187527,-0.068087935,-0.03504941,-0.9970635,0.9963082,0.049987018,-0.06979352,0.052286536,-0.9981347,0.031516492
1356626187567,-0.08085513,-0.031422526,-0.9962305,0.99528563,0.05116701,-0.082392335,0.053563148,-0.99819565,0.02713728
1356626187608,-0.09864259,-0.026797324,-0.99476206,0.99358976,0.052817762,-0.09994915,0.0552195,-0.99824464,0.021415412
1356626187647,-0.12000948,-0.021922082,-0.9925307,0.99112785,0.05488205,-0.12105197,0.057125896,-0.9982522,0.015141189
1356626187687,-0.14244258,-0.017787844,-0.9896432,0.9880421,0.05706036,-0.14323777,0.05901727,-0.9982123,0.009447336
1356626187726,-0.16329199,-0.015095413,-0.98646224,0.98471045,0.058995366,-0.16390485,0.060670853,-0.9981441,0.0052312016
1356626187768,-0.18071884,-0.014262199,-0.9834314,0.98157996,0.06039542,-0.1812545,0.06197983,-0.9980726,0.003084898
1356626187806,-0.19361591,-0.015286803,-0.9809583,0.9790525,0.061197102,-0.19419348,0.06300038,-0.9980086,0.0031178594
1356626187847,-0.2020309,-0.01769659,-0.9792193,0.9772947,0.061555266,-0.20274624,0.06386402,-0.99794674,0.004858732
1356626187888,-0.2066505,-0.020839095,-0.9781929,0.97627735,0.061658025,-0.2075594,0.06463876,-0.9978798,0.0076030493
1356626187926,-0.20825261,-0.024216533,-0.97777534,0.9758979,0.06152165,-0.2093764,0.0652248,-0.997812,0.010820806
1356626187967,-0.20746869,-0.027579933,-0.9778528,0.97605526,0.060958922,-0.20880657,0.06536773,-0.99775916,0.014272451
1356626188006,-0.20484298,-0.03082797,-0.9783092,0.9766445,0.05977863,-0.20637813,0.06484419,-0.9977355,0.017862678
1356626188047,-0.20111537,-0.033780396,-0.9789849,0.97749275,0.058091342,-0.20281336,0.0637216,-0.99773955,0.021337092
1356626188087,-0.19723696,-0.036108255,-0.9796906,0.9783615,0.056459963,-0.19905034,0.062500656,-0.9977517,0.024190903
1356626188126,-0.19378501,-0.03768614,-0.98031986,0.9790875,0.055648863,-0.19568068,0.061928123,-0.9977389,0.026114106
1356626188166,-0.19070274,-0.038760602,-0.9808823,0.97965044,0.05619514,-0.19268388,0.06258932,-0.99766713,0.027255356
1356626188207,-0.18787491,-0.039627284,-0.9813933,0.98006594,0.058158636,-0.18996918,0.06460446,-0.99752057,0.027910829
1356626188246,-0.18553722,-0.040408492,-0.98180604,0.9803002,0.061257422,-0.18777388,0.067730576,-0.99730366,0.02824694
1356626188286,-0.18398112,-0.04125485,-0.98206365,0.9803201,0.065056205,-0.1863873,0.07157871,-0.99702847,0.028473794
1356626188327,-0.18315166,-0.042545497,-0.9821636,0.9801586,0.06912196,-0.185772,0.07579285,-0.9967006,0.02904147
1356626188373,-0.18254304,-0.04481411,-0.982176,0.9799267,0.07312739,-0.18546164,0.080135286,-0.99631524,0.03056562
1356626188408,-0.18138945,-0.04852259,-0.9822136,0.97978425,0.07678628,-0.1847342,0.08438435,-0.9958662,0.033613443
1356626188448,-0.1783691,-0.054081947,-0.9824762,0.9799892,0.079889,-0.18231529,0.088348925,-0.9953355,0.038750052
1356626188488,-0.17191917,-0.061774045,-0.9831723,0.98082435,0.082271814,-0.17667785,0.091801524,-0.99469364,0.04644531
1356626188528,-0.15990555,-0.0720326,-0.98450065,0.982597,0.08387834,-0.16573346,0.09451643,-0.99386907,0.05736643
1356626188568,-0.1404537,-0.08523175,-0.9864118,0.98540497,0.0847435,-0.14763272,0.096174985,-0.99275076,0.07208526
1356626188608,-0.11296004,-0.10135743,-0.9884162,0.98892426,0.08492035,-0.121726304,0.096274465,-0.99121904,0.090642214
1356626188648,-0.079587996,-0.119335055,-0.98965895,0.99233496,0.08466971,-0.09001285,0.0945358,-0.9892371,0.11168176
1356626188688,-0.044477105,-0.1376766,-0.9894781,0.99480164,0.08471662,-0.05650392,0.0916045,-0.98684764,0.13319299
1356626188728,-0.011817157,-0.15547907,-0.98776853,0.995965,0.08605486,-0.02546063,0.088960886,-0.9840838,0.15383479
1356626188768,0.015236378,-0.1727005,-0.98485655,0.9959998,0.08935499,-2.6017427E-4,0.08804685,-0.980913,0.17337105
1356626188808,0.034861684,-0.18992597,-0.98117936,0.99537426,0.094546676,0.01706481,0.089526266,-0.9772355,0.19234335
1356626188848,0.047046483,-0.20814249,-0.9769664,0.99455273,0.10083288,0.026410967,0.09301305,-0.97288716,0.21175256
1356626188888,0.052882314,-0.22824383,-0.9721668,0.99387956,0.10658407,0.02903983,0.096989274,-0.96775234,0.2324833
1356626188928,0.0544945,-0.25081232,-0.9665007,0.9935571,0.10994929,0.027487576,0.09937185,-0.9617715,0.25518793
1356626188968,0.053734362,-0.2759161,-0.95967853,0.99367857,0.10964209,0.024115056,0.098567456,-0.9549078,0.28006342
1356626189008,0.05203873,-0.30310428,-0.95153546,0.9941797,0.10572845,0.020691931,0.094332576,-0.94707406,0.3068421
1356626189048,0.05058211,-0.33177456,-0.94200164,0.9948741,0.09943217,0.018400997,0.08756024,-0.9381039,0.3351035
1356626189088,0.049562693,-0.36115375,-0.9311882,0.99558616,0.092261314,0.017207474,0.079698116,-0.92793095,0.36413237
1356626189128,0.049181223,-0.39048746,-0.9192937,0.9961945,0.08548921,0.016982168,0.07195842,-0.9166304,0.3932058
1356626189168,0.04891318,-0.4188102,-0.90675545,0.9966759,0.07968348,0.016959727,0.06515047,-0.90457094,0.42131567
1356626189208,0.04694456,-0.4444342,-0.89458066,0.9970906,0.074692726,0.015216082,0.06005615,-0.8926922,0.44664747
1356626189248,0.039410472,-0.46451065,-0.88469017,0.99755645,0.069405496,0.007996678,0.05768782,-0.88284355,0.4661109
1356626189288,0.021938264,-0.47576106,-0.87930083,0.9980384,0.062003255,-0.008647203,0.058633476,-0.8773864,0.47618815
1356626189328,-0.0069882274,-0.47605765,-0.8793863,0.99803746,0.05140519,-0.03575942,0.0622285,-0.8779104,0.47476417
1356626189372,-0.045258224,-0.46495217,-0.8841783,0.9967553,0.03795588,-0.0709801,0.06656209,-0.88452184,0.46172574
1356626189408,-0.08881861,-0.44317055,-0.8920263,0.9936373,0.022844315,-0.11028531,0.06925288,-0.8961462,0.43832192
1356626189448,-0.1348437,-0.41125917,-0.9014894,0.98851514,0.0068120956,-0.15096858,0.068228245,-0.91149306,0.40561736
1356626189488,-0.18028599,-0.37044913,-0.9111885,0.98164135,-0.009119868,-0.19051796,0.062267274,-0.92880803,0.36529237
1356626189528,-0.22282332,-0.32252654,-0.91996,0.97351646,-0.024111986,-0.22734189,0.05114174,-0.9462533,0.31935757
1356626189568,-0.25974798,-0.2703675,-0.9270557,0.9650135,-0.03710872,-0.25956082,0.035774946,-0.96204174,0.2705472
1356626189608,-0.28922606,-0.2170665,-0.93232536,0.95709527,-0.04745716,-0.285861,0.017805338,-0.9750025,0.22147912
1356626189648,-0.30937105,-0.16600555,-0.93633956,0.95094115,-0.054744065,-0.30448982,-7.120371E-4,-0.9846041,0.17479777
1356626189688,-0.3195064,-0.11984679,-0.9399747,0.9474089,-0.059478343,-0.31444985,-0.018222332,-0.9910092,0.13254756
1356626189728,-0.31914604,-0.08046985,-0.944283,0.94710445,-0.06256348,-0.3147681,-0.0337483,-0.9947916,0.09618026
1356626189768,-0.30839354,-0.04878539,-0.9500071,0.9501096,-0.064873934,-0.30509534,-0.046746492,-0.9967003,0.06635815
1356626189808,-0.28814393,-0.024800658,-0.95726585,0.95588773,-0.06697881,-0.28599378,-0.057023734,-0.99744606,0.04300624
1356626189846,-0.25958312,-0.007928312,-0.9656882,0.96354896,-0.069152355,-0.25844032,-0.064730614,-0.9975746,0.025590062
1356626189887,-0.22414511,0.0028689206,-0.9745515,0.9720019,-0.07168913,-0.22376978,-0.07050675,-0.9974228,0.013280213
1356626189926,-0.18356001,0.008906245,-0.9829681,0.98011065,-0.075066924,-0.18370655,-0.07542452,-0.99713874,0.0050501823
1356626189966,-0.13971823,0.011728257,-0.99012184,0.98693144,-0.079422295,-0.14020878,-0.08028209,-0.9967721,-4.7826767E-4
1356626190008,-0.09511936,0.01317513,-0.99537873,0.9918734,-0.08361876,-0.09589121,-0.08449569,-0.9964107,-0.005114317
1356626190048,-0.05238831,0.01502803,-0.99851376,0.9949527,-0.08490741,-0.053479344,-0.08558494,-0.99627554,-0.010504007
1356626190088,-0.013546169,0.018047035,-0.99974537,0.9966782,-0.080057085,-0.014949769,-0.08030653,-0.99662685,-0.016902566
1356626190128,0.020532787,0.021398008,-0.9995601,0.99756736,-0.06705397,0.01905641,-0.066616744,-0.99751985,-0.022722721
1356626190168,0.049133807,0.02344942,-0.9985169,0.99777615,-0.046235412,0.04801154,-0.045040965,-0.9986553,-0.025669008
1356626190208,0.070617765,0.022915304,-0.99724025,0.9973431,-0.019548744,0.07017586,-0.017886579,-0.9995463,-0.02423498
1356626190248,0.0833056,0.018689275,-0.99634886,0.99645317,0.010365009,0.08350873,0.011887938,-0.9997716,-0.017759562
1356626190288,0.08607221,0.009710252,-0.99624157,0.9954403,0.04042548,0.08639705,0.041112512,-0.9991354,-0.006186515
1356626190328,0.080126196,-0.005347401,-0.99677026,0.99447143,0.0685164,0.07957375,0.067869514,-0.9976356,0.010807872
1356626190372,0.0659,-0.026878774,-0.9974641,0.99367887,0.09281424,0.06314877,0.09088153,-0.99532056,0.03282532
1356626190408,0.046916634,-0.055249125,-0.99736977,0.99284124,0.11237404,0.040478677,0.10984215,-0.99212885,0.06012577
1356626190448,0.02728954,-0.0911009,-0.99546766,0.99183977,0.12653092,0.015610516,0.12453532,-0.9877705,0.09381044
1356626190488,0.011430502,-0.13470864,-0.99081933,0.990978,0.13385373,-0.0067659914,0.13353634,-0.9818028,0.1350233
1356626190528,0.004065454,-0.18569857,-0.9825984,0.99101764,0.13209373,-0.020863742,0.1336695,-0.9736875,0.18456754
1356626190568,0.005265057,-0.24114498,-0.97047484,0.9924451,0.12022072,-0.02448839,0.122576445,-0.9630141,0.23995611
1356626190608,0.012665689,-0.29670614,-0.9548848,0.994741,0.10080534,-0.018128335,0.10163623,-0.9496335,0.29642257
1356626190648,0.02300179,-0.34849662,-0.93702775,0.9968255,0.07945466,-0.0050808787,0.07622188,-0.9339363,0.34921798
1356626190688,0.03365612,-0.3941865,-0.918414,0.99805117,0.06157005,0.010148406,0.05254641,-0.9169657,0.39549053
1356626190728,0.041695833,-0.43200758,-0.90090567,0.9985099,0.049793184,0.022336096,0.035209656,-0.90049446,0.4334399
1356626190768,0.04300326,-0.45943278,-0.887171,0.99872965,0.043114126,0.026083559,0.026265979,-0.88716555,0.46070313
1356626190808,0.033032656,-0.47315785,-0.88035816,0.99913275,0.037973404,0.017080069,0.025348604,-0.8801589,0.47400188
1356626190848,0.009941399,-0.47102335,-0.8820647,0.9994978,0.03122425,-0.0054088235,0.030089498,-0.88156796,0.4710972
1356626190888,-0.023642123,-0.45340282,-0.89099205,0.9990371,0.022233069,-0.037822932,0.036958486,-0.8910284,0.45244062
1356626190928,-0.06296247,-0.42203435,-0.9043908,0.9971198,0.011790693,-0.0749203,0.042282313,-0.90650314,0.42007646
1356626190968,-0.103333056,-0.37892318,-0.9196409,0.9937146,6.916523E-4,-0.11194116,0.04305318,-0.92542785,0.37647003
1356626191026,-0.14060229,-0.32652012,-0.93467414,0.9893446,-0.010298848,-0.1452285,0.037794024,-0.94513416,0.3244889
1356626191047,-0.17093539,-0.26834655,-0.9480355,0.98491454,-0.0202533,-0.171852,0.026915044,-0.9631095,0.26776043
1356626191087,-0.1904239,-0.209371,-0.95911545,0.98162496,-0.028373837,-0.18869904,0.012294292,-0.9774245,0.21092686
1356626191124,-0.19619763,-0.15482044,-0.968265,0.9805566,-0.034905016,-0.1931071,-0.0039003491,-0.9873258,0.15865844
1356626191164,-0.18865341,-0.10756266,-0.9761354,0.9818249,-0.041645885,-0.18516386,-0.020735294,-0.9933257,0.113464296
1356626191207,-0.16754407,-0.06953442,-0.9834094,0.9851471,-0.049859405,-0.16431469,-0.037606627,-0.9963328,0.07685524
1356626191246,-0.1343019,-0.04173228,-0.9900613,0.9894631,-0.06018305,-0.13168395,-0.054089397,-0.9973146,0.049375296
1356626191286,-0.09049952,-0.024470717,-0.9955958,0.9934554,-0.072170734,-0.08853102,-0.06968644,-0.997092,0.030841976
1356626191326,-0.03775227,-0.017092079,-0.9991409,0.9957895,-0.08422428,-0.036184907,-0.083533466,-0.9963002,0.020199805
1356626191369,0.021180868,-0.017952561,-0.9996145,0.99525845,-0.094558656,0.022786736,-0.094931275,-0.9953574,0.01586464
1356626191408,0.08252931,-0.023606181,-0.99630904,0.991191,-0.101962864,0.084521174,-0.103581816,-0.994508,0.014983356
1356626191448,0.14052323,-0.030380756,-0.9896111,0.98403883,-0.10593864,0.14298418,-0.10918206,-0.9939084,0.015009046
1356626191488,0.19259602,-0.03483188,-0.9806597,0.97501874,-0.10590553,0.1952498,-0.11065817,-0.99376595,0.013564736
1356626191528,0.23614815,-0.034783512,-0.97109425,0.9658853,-0.10092154,0.23849624,-0.106300086,-0.9942861,0.009764463
1356626191568,0.27062318,-0.03014934,-0.96221316,0.95799637,-0.09009597,0.2722602,-0.09490004,-0.9954766,0.0045009553
1356626191608,0.29561916,-0.022168785,-0.9550487,0.95227087,-0.07278988,0.29644898,-0.07608977,-0.99710095,-4.0745735E-4
1356626191648,0.3106271,-0.012888461,-0.95044446,0.94918966,-0.048913777,0.31088033,-0.05049655,-0.99871993,-0.002960384
1356626191688,0.31549352,-0.005113393,-0.948914,0.9487212,-0.019164145,0.31553268,-0.019798577,-0.9998033,-0.0011949837
1356626191728,0.31088993,-0.0020994842,-0.9504436,0.95035267,0.014698476,0.31082767,0.013317555,-0.9998898,0.006564826
1356626191768,0.2981383,-0.0066198707,-0.9544997,0.95341825,0.050155908,0.29745266,0.045904726,-0.99871945,0.02126491
1356626191808,0.27899316,-0.020288438,-0.9600787,0.95729494,0.08481619,0.27639183,0.07582262,-0.99618995,0.043085158
1356626191848,0.25592312,-0.043664634,-0.9657105,0.9612921,0.11698738,0.24946266,0.102083296,-0.99217314,0.071914226
1356626191888,0.23269069,-0.076778084,-0.96951544,0.96462595,0.14522177,0.22001675,0.12390223,-0.9864156,0.10785395
1356626191928,0.21480823,-0.119669676,-0.969297,0.966694,0.16744524,0.19355854,0.13914114,-0.97859144,0.15165251
1356626191968,0.20752826,-0.17161128,-0.9630584,0.9675838,0.18085423,0.1762763,0.14392215,-0.96842206,0.20358065
1356626192008,0.21403128,-0.23017418,-0.94932103,0.96748376,0.18404365,0.17350262,0.13478073,-0.9555877,0.26208085
1356626192048,0.23342988,-0.29103547,-0.92779785,0.9658913,0.17939237,0.18674147,0.11209148,-0.9397429,0.32298416
1356626192088,0.26048926,-0.34839663,-0.90042496,0.9619942,0.17280152,0.21143979,0.08192989,-0.9212814,0.38016844
1356626192128,0.2893479,-0.3978189,-0.8706423,0.95583856,0.16899657,0.24044299,0.051482826,-0.9017651,0.4291494
1356626192168,0.31134754,-0.43463796,-0.8450755,0.9499001,0.16801399,0.26355493,0.027433515,-0.8847945,0.46517336
1356626192208,0.31794763,-0.45485538,-0.83187485,0.9480129,0.16496372,0.27213678,0.013446212,-0.8751533,0.48365867
1356626192248,0.30508685,-0.45669973,-0.83567184,0.95227945,0.15483773,0.26303816,0.0092641115,-0.8760426,0.4821447
1356626192288,0.27404547,-0.44032225,-0.8549944,0.96164596,0.13625169,0.23806015,0.011671275,-0.8874413,0.46077323
1356626192328,0.23021,-0.4073065,-0.8838012,0.97301,0.11123663,0.20218256,0.015960783,-0.906492,0.42192116
1356626192370,0.1813392,-0.3609567,-0.91478217,0.98325586,0.083578885,0.16193417,0.018005282,-0.9288299,0.37006888
1356626192408,0.13309658,-0.30473354,-0.9430921,0.990975,0.056213498,0.1216903,0.015931368,-0.9507773,0.30946517
1356626192448,0.09067786,-0.24322042,-0.9657233,0.99582934,0.031948924,0.08545831,0.010068625,-0.96944475,0.24510312
1356626192488,0.059734285,-0.18283388,-0.9813274,0.998212,0.013024449,0.058335423,0.002115488,-0.9830575,0.18328506
1356626192528,0.04183662,-0.12820211,-0.99086523,0.99910164,-0.0013331175,0.04235685,-0.0067512095,-0.99174714,0.12803125
1356626192568,0.037303567,-0.08187908,-0.9959439,0.99917525,-0.012940884,0.038488537,-0.016039759,-0.9965583,0.08132878
1356626192608,0.044915438,-0.04465747,-0.99799216,0.99866736,-0.023412347,0.045993507,-0.025419265,-0.998728,0.04354635
1356626192648,0.06185046,-0.015985847,-0.99795735,0.99749017,-0.033537775,0.062358707,-0.034466118,-0.99930954,0.013871372
1356626192688,0.085935414,0.0052465796,-0.99628687,0.9954055,-0.042834222,0.085633844,-0.042225927,-0.9990684,-0.008903474
1356626192728,0.115118355,0.020156384,-0.99314725,0.9922161,-0.050128132,0.11399308,-0.04748687,-0.99853945,-0.025770217
1356626192768,0.14844337,0.029255658,-0.98848796,0.987671,-0.054625124,0.1467039,-0.049704403,-0.99807817,-0.037003636
1356626192808,0.18606171,0.03235334,-0.98200524,0.9812617,-0.057046324,0.18404138,-0.0500654,-0.9978472,-0.04236126
1356626192848,0.22837275,0.029131293,-0.97313786,0.97221994,-0.05951941,0.22637561,-0.051325947,-0.997802,-0.04191464
1356626192888,0.27494717,0.019989997,-0.9612515,0.9598222,-0.06402719,0.2732069,-0.05608484,-0.99774796,-0.036790937
1356626192928,0.3231826,0.0073596537,-0.946308,0.9441421,-0.07056776,0.32189405,-0.06440985,-0.9974798,-0.029754817
1356626192968,0.36874253,-0.005114943,-0.9295175,0.9266089,-0.07721317,0.36801356,-0.07365334,-0.99700147,-0.023732245
1356626193008,0.40777224,-0.013978273,-0.9129766,0.90963924,-0.080549,0.40751487,-0.0792357,-0.99665266,-0.020130455
1356626193048,0.43809494,-0.018162847,-0.8987452,0.89560515,-0.077075034,0.43812197,-0.0772284,-0.99685985,-0.017499447
1356626193088,0.45920533,-0.019239902,-0.8881217,0.8858314,-0.06501615,0.4594296,-0.06658167,-0.99769866,-0.012812421
1356626193128,0.47066665,-0.019669145,-0.8820918,0.88094175,-0.045202672,0.4710609,-0.049138308,-0.9987842,-0.003948018
1356626193168,0.4716966,-0.021603614,-0.88149625,0.8813189,-0.020099193,0.47209427,-0.027916253,-0.9995645,0.009558931
1356626193208,0.4611243,-0.026732683,-0.88693273,0.88731617,0.007283151,0.4611041,-0.005866915,-0.9996161,0.027078807
1356626193248,0.43789595,-0.03626308,-0.898294,0.8989003,0.03434968,0.4368048,0.015016198,-0.99875176,0.047638476
1356626193288,0.40396416,-0.051590055,-0.9133189,0.9141195,0.06054902,0.40089807,0.0346182,-0.99683106,0.07161912
1356626193328,0.36143816,-0.07417345,-0.9294411,0.9308547,0.0860008,0.3551246,0.053591877,-0.99353015,0.10012862
1356626193370,0.31507707,-0.10545495,-0.94318914,0.9463515,0.11002177,0.3038323,0.07173073,-0.98831904,0.13446277
1356626193408,0.27373052,-0.14709198,-0.95049226,0.9579059,0.13060284,0.25565434,0.086532265,-0.98046255,0.17665029
1356626193448,0.24501935,-0.19977993,-0.9487115,0.965061,0.1439797,0.21892253,0.09285891,-0.9692048,0.22807762
1356626193488,0.23052388,-0.26021105,-0.93762946,0.9692059,0.14715165,0.19744968,0.08659518,-0.95427287,0.28612003
1356626193528,0.22896999,-0.3230497,-0.9182656,0.9710573,0.14167345,0.1922923,0.06797382,-0.9357176,0.34613878
1356626193568,0.23320729,-0.38132375,-0.89454263,0.9714709,0.13214314,0.19693282,0.043112516,-0.91494834,0.40126166
1356626193608,0.23318785,-0.42779255,-0.87327945,0.97222066,0.121271074,0.20020074,0.020259202,-0.8957047,0.44418764
1356626193648,0.2194907,-0.45695978,-0.8619812,0.97560066,0.107527554,0.19141892,0.0052160025,-0.88296413,0.46941152
1356626193688,0.18829978,-0.46690843,-0.8640253,0.9821112,0.08875787,0.16607097,-8.508563E-4,-0.87984014,0.47526908
1356626193728,0.14198267,-0.45867282,-0.87718886,0.98986906,0.065321624,0.12606525,-5.232692E-4,-0.88620114,0.46330053
1356626193768,0.08582252,-0.4343197,-0.89666104,0.99630845,0.039229095,0.07635856,0.0020112097,-0.8999042,0.43608308
1356626193808,0.025319159,-0.3959051,-0.9179423,0.9996755,0.0125694275,0.022152394,0.0027677119,-0.9182054,0.39609498
1356626193848,-0.033958435,-0.3461264,-0.93757313,0.9994229,-0.012530506,-0.03157264,-8.201003E-4,-0.9381042,0.34635216
1356626193888,-0.08635789,-0.2890574,-0.9534086,0.99622166,-0.033893466,-0.07995996,-0.009201378,-0.95671153,0.29089227
1356626193928,-0.12575275,-0.23091814,-0.9648124,0.99184406,-0.04962665,-0.11739841,-0.020770997,-0.97170675,0.23527554
1356626193968,-0.14904106,-0.17710805,-0.97284096,0.9882519,-0.06034565,-0.140416,-0.033837974,-0.9823396,0.18402135
1356626194008,-0.15476304,-0.13144132,-0.9791689,0.98681116,-0.0681743,-0.14681941,-0.047456056,-0.988977,0.14025864
1356626194048,-0.14402509,-0.09538597,-0.98496616,0.9876676,-0.07561022,-0.13709784,-0.06139624,-0.9925647,0.10509938
1356626194088,-0.11893946,-0.068770915,-0.9905171,0.9900595,-0.083640754,-0.1130774,-0.075071156,-0.9941201,0.078035444
1356626194128,-0.08300501,-0.05029574,-0.9952791,0.9927108,-0.091744065,-0.07815462,-0.08738017,-0.99451154,0.05754444
1356626194168,-0.039733768,-0.03824374,-0.9984781,0.99448884,-0.09853965,-0.035800755,-0.09702057,-0.99439794,0.041948408
1356626194208,0.008082032,-0.031066537,-0.9994846,0.9946406,-0.10278028,0.011237532,-0.1030764,-0.9942188,0.030069321
1356626194248,0.058064163,-0.027539164,-0.997933,0.9926784,-0.10446185,0.06064117,-0.10591596,-0.99414754,0.021272093
1356626194288,0.107536376,-0.026346266,-0.99385196,0.98841685,-0.104842424,0.10972753,-0.107088745,-0.9941398,0.014766753
1356626194328,0.15438282,-0.02586165,-0.98767257,0.98207474,-0.10540229,0.15626767,-0.10814428,-0.9940933,0.009125769
1356626194370,0.19634244,-0.024247497,-0.9802356,0.9744843,-0.106065124,0.1978141,-0.108765274,-0.9940635,0.002803713
1356626194408,0.23090166,-0.019827724,-0.972775,0.9671414,-0.10465968,0.23169768,-0.106404394,-0.9943104,-0.0049898922
1356626194448,0.2567719,-0.012326717,-0.9663935,0.9615038,-0.097999245,0.25672278,-0.09787038,-0.99511015,-0.013311267
1356626194488,0.27372777,-0.0034627616,-0.961801,0.9583641,-0.083556056,0.2730505,-0.081309736,-0.9964971,-0.019553065
1356626194528,0.28203586,0.0036229491,-0.9593971,0.9576599,-0.06133148,0.2812935,-0.05782211,-0.9981109,-0.020767242
1356626194568,0.2819669,0.0058867335,-0.9594061,0.9589751,-0.0323219,0.28164196,-0.02935183,-0.9994602,-0.014758974
1356626194608,0.2724625,0.0014539063,-0.96216524,0.9621661,4.41432E-4,0.27246332,8.2084537E-4,-0.9999988,-0.001278609
1356626194648,0.25405347,-0.011025488,-0.9671273,0.9667111,0.034362316,0.25355238,0.030437142,-0.9993486,0.019388348
1356626194688,0.22709486,-0.032244533,-0.97333866,0.97213316,0.0672138,0.22458696,0.058180034,-0.9972174,0.04660994
1356626194728,0.19405189,-0.062690854,-0.978986,0.9773942,0.09773722,0.18747759,0.083930254,-0.9932357,0.0802398
1356626194768,0.15898684,-0.10277885,-0.98191637,0.9814035,0.12481174,0.14583957,0.10756546,-0.98684275,0.12071094
1356626194808,0.12771773,-0.1530585,-0.9799292,0.9836589,0.14596134,0.10540563,0.12689862,-0.9773783,0.16919917
1356626194846,0.104756385,-0.21221998,-0.9715908,0.9850018,0.15682808,0.07194707,0.1371041,-0.9645556,0.22546586
1356626194886,0.093342245,-0.276967,-0.95633495,0.9866696,0.15433723,0.051604927,0.13330519,-0.94840354,0.2876811
1356626194926,0.09140545,-0.341056,-0.9355885,0.98908746,0.14010876,0.04555747,0.115546465,-0.929543,0.35014096
1356626194966,0.09417015,-0.3973525,-0.9128214,0.9914738,0.12038106,0.049882144,0.09006557,-0.9097359,0.40530086
1356626195006,0.09498274,-0.4394278,-0.8932421,0.99330074,0.10116202,0.05585614,0.065817416,-0.89256346,0.44609258
1356626195046,0.08787495,-0.46317872,-0.8818976,0.9949044,0.08473897,0.054629862,0.049427688,-0.8822045,0.46826503
1356626195086,0.0709815,-0.46835333,-0.8806854,0.99658185,0.07070851,0.042719334,0.042264223,-0.8807074,0.47177145
1356626195126,0.04639417,-0.45743722,-0.8880309,0.998077,0.05781257,0.022363394,0.041109532,-0.8873607,0.45923966
1356626195166,0.017542541,-0.43330452,-0.9010769,0.9990163,0.04430622,-0.0018564463,0.040727764,-0.9001579,0.43365547
1356626195206,-0.012599409,-0.39794508,-0.91732275,0.9992441,0.028730571,-0.026188284,0.03677675,-0.9169593,0.3972822
1356626195246,-0.041196942,-0.35312238,-0.9346697,0.9987688,0.011320472,-0.048299104,0.027636409,-0.9355086,0.35222125
1356626195286,-0.06484401,-0.3016636,-0.9512068,0.997789,-0.0056848526,-0.06621671,0.014567763,-0.9533975,0.30136523
1356626195326,-0.08008319,-0.2475042,-0.9655716,0.99678814,-0.019518197,-0.07766914,3.772974E-4,-0.9686903,0.2482723
1356626195370,-0.08453697,-0.19442573,-0.9772676,0.9963434,-0.028684378,-0.08048046,-0.012384862,-0.9804977,0.19613972
1356626195408,-0.07733685,-0.14518172,-0.98637784,0.9967478,-0.033731878,-0.07318506,-0.022647232,-0.98882985,0.14731821
1356626195448,-0.05935812,-0.1012097,-0.9930928,0.9977558,-0.036893845,-0.05587685,-0.030983716,-0.9941808,0.10317254
1356626195488,-0.031534433,-0.06345835,-0.9974861,0.9987488,-0.040755033,-0.028981566,-0.038813442,-0.997152,0.064664125
1356626195528,0.0047621727,-0.03239584,-0.9994638,0.99887073,-0.04709333,0.0062857866,-0.0472717,-0.99836504,0.03213495
1356626195568,0.04805553,-0.008117557,-0.9988116,0.9972491,-0.056106746,0.048436314,-0.05643329,-0.99839175,0.0053990483
1356626195608,0.09719038,0.009262025,-0.9952227,0.9931162,-0.06658858,0.096364945,-0.06537795,-0.9977375,-0.015670031
1356626195648,0.15127853,0.01946631,-0.9882995,0.9857842,-0.07691279,0.14937854,-0.07310501,-0.99684775,-0.03082484
1356626195688,0.20937449,0.022368073,-0.9775797,0.974597,-0.08607274,0.20676622,-0.07951799,-0.9960377,-0.039821267
1356626195728,0.26992664,0.018667728,-0.96269995,0.95907676,-0.09399858,0.26708806,-0.0855065,-0.9953973,-0.04327652
1356626195768,0.33034343,0.01058805,-0.9438014,0.9393854,-0.10094774,0.32766524,-0.09180531,-0.9948354,-0.043293655
1356626195808,0.3871619,0.0019522905,-0.9220097,0.9168544,-0.10643709,0.3847718,-0.09738478,-0.99431753,-0.042998374
1356626195848,0.4370734,-0.003038019,-0.8994207,0.89395297,-0.108680844,0.43478346,-0.09907067,-0.9940721,-0.04478568
1356626195888,0.47812858,-0.0019972026,-0.87828755,0.87332654,-0.10507974,0.4756668,-0.09324023,-0.9944618,-0.04849744
1356626195928,0.51016104,0.004258007,-0.8600684,0.85650504,-0.093581766,0.5075841,-0.07832545,-0.9956025,-0.051388785
1356626195969,0.53341955,0.013008177,-0.8457508,0.8440492,-0.073410675,0.5312172,-0.055176944,-0.99721694,-0.05013825
1356626196008,0.54811233,0.020847052,-0.8361449,0.83595407,-0.046466842,0.5468287,-0.027453244,-0.9987022,-0.042896226
1356626196048,0.55433905,0.024829268,-0.8319205,0.83229005,-0.015094951,0.5541348,0.001200974,-0.9995777,-0.029032871
1356626196088,0.5516715,0.022925317,-0.8337463,0.8336147,0.017556757,0.5520672,0.027294189,-0.99958295,-0.009425312
1356626196128,0.5403534,0.014007896,-0.8413216,0.83999455,0.04956484,0.54032636,0.049268812,-0.9986727,0.015015975
1356626196177,0.524503,-0.006747842,-0.85138184,0.8486297,0.08486919,0.5221348,0.06873274,-0.99636924,0.050240606
1356626196216,0.49234033,-0.03604713,-0.869656,0.8661518,0.11891739,0.48542732,0.0859189,-0.99224955,0.08977014
1356626196256,0.46200645,-0.07477555,-0.8837187,0.88117456,0.15151346,0.44785613,0.10040662,-0.9856228,0.13589045
1356626196296,0.43892312,-0.12473038,-0.8898252,0.8919467,0.18009597,0.41472486,0.10852519,-0.97570896,0.19030112
1356626196369,0.43460643,-0.19207722,-0.87989974,0.8948304,0.20269942,0.39773285,0.101959795,-0.9602183,0.259971
1356626196377,0.4300525,-0.25821814,-0.8650886,0.89851224,0.21573928,0.3822726,0.087923884,-0.94168997,0.32479137
1356626196403,0.43354395,-0.31761524,-0.8433032,0.8985143,0.2236484,0.37769488,0.06864175,-0.9214673,0.38234323
1356626196447,0.44585264,-0.37236217,-0.81397897,0.8941108,0.22814447,0.3853776,0.042204738,-0.899609,0.4346519
1356626196486,0.45478824,-0.4149917,-0.78800356,0.89041007,0.230126,0.39269835,0.018373549,-0.88024086,0.47417134
1356626196526,0.45337728,-0.44092745,-0.7746173,0.89131314,0.2273508,0.39226586,0.0031490922,-0.86827105,0.4960801
1356626196566,0.43959984,-0.4495874,-0.77757514,0.8981897,0.21746477,0.38205266,-0.0026708543,-0.8663603,0.4994123
1356626196606,0.41572228,-0.44288802,-0.794371,0.9094888,0.20024702,0.36432317,-0.002283901,-0.8739288,0.48604876
1356626196646,0.38537318,-0.42323923,-0.81997323,0.9227607,0.17648345,0.3425874,-2.847612E-4,-0.8886631,0.4585606
1356626196686,0.35129735,-0.39239314,-0.8500693,0.9362638,0.14671186,0.31919548,-5.348921E-4,-0.90802157,0.41892296
1356626196726,0.31588954,-0.35222888,-0.8809929,0.94878244,0.1123234,0.29528823,-0.0050529838,-0.92914915,0.36967045
1356626196766,0.28194138,-0.30561712,-0.90945435,0.9593339,0.07626966,0.2717746,-0.01369521,-0.94909483,0.31469244
1356626196806,0.25290143,-0.2565025,-0.9328705,0.9671706,0.042174876,0.25060382,-0.024936825,-0.965623,0.2587478
1356626196846,0.2320914,-0.20895675,-0.94998455,0.97197604,0.012302548,0.23475817,-0.037367016,-0.9778476,0.20595619
1356626196886,0.22200498,-0.16625497,-0.9607669,0.97373533,-0.013261408,0.22729644,-0.050530285,-0.9859936,0.15894422
1356626196926,0.2242733,-0.13064945,-0.96572894,0.9723846,-0.03566298,0.23064372,-0.06457418,-0.990787,0.11904317
1356626196966,0.23975727,-0.10341668,-0.965309,0.9675816,-0.055852503,0.2463055,-0.07938695,-0.9930688,0.08667299
1356626197006,0.26812991,-0.08467907,-0.959654,0.95879024,-0.07369396,0.27439123,-0.093955845,-0.99367934,0.061429888
1356626197046,0.30749384,-0.073290974,-0.9487234,0.94559455,-0.087839395,0.31326556,-0.10629481,-0.9934348,0.0422934
1356626197086,0.35470757,-0.0673987,-0.93254495,0.9279616,-0.096578866,0.35994437,-0.114323884,-0.9930408,0.0282861
1356626197126,0.40654683,-0.065347016,-0.91128993,0.90605325,-0.09935242,0.411335,-0.11741841,-0.9929042,0.01881653
1356626197166,0.46004066,-0.065867215,-0.8854513,0.88012636,-0.097825855,0.46455103,-0.1172187,-0.9930214,0.012967616
1356626197207,0.5120115,-0.067450106,-0.8563262,0.85111046,-0.0947862,0.516359,-0.11599639,-0.99320996,0.008875877
1356626197246,0.5588665,-0.06775448,-0.8264851,0.8213781,-0.0918386,0.56294215,-0.114045024,-0.99346626,0.0043264776
1356626197305,0.59695894,-0.064039946,-0.7997118,0.7948004,-0.08851586,0.600381,-0.109235495,-0.994014,-0.0019413978
1356626197327,0.62380934,-0.054655313,-0.7796632,0.77530473,-0.08284868,0.62612987,-0.09881538,-0.99506223,-0.009307265
1356626197384,0.6383582,-0.03998205,-0.76870036,0.7654669,-0.07210064,0.63942313,-0.08098927,-0.9965956,-0.015421078
1356626197393,0.642803,-0.02476278,-0.7656312,0.7636285,-0.058390915,0.6430102,-0.060628563,-0.99798673,-0.01862432
1356626197433,0.63754475,-0.00884819,-0.7703625,0.76973844,-0.034528464,0.6374249,-0.032239527,-0.99936455,-0.015202627
1356626197473,0.61957514,0.0033666492,-0.7849301,0.78493714,-0.0019798726,0.61957216,5.3173304E-4,-0.9999924,-0.0038692504
1356626197517,0.59197325,0.0070182085,-0.80592704,0.8052365,0.03713967,0.5917895,0.034085184,-0.99928546,0.016334355
1356626197556,0.55567384,-7.0407987E-4,-0.8314001,0.8288599,0.07858373,0.5539096,0.064944565,-0.9969073,0.04425049
1356626197596,0.5134289,-0.020726174,-0.8578818,0.8532276,0.119060785,0.507767,0.091616064,-0.9926707,0.078813374
1356626197636,0.46682638,-0.05262837,-0.8827816,0.87701476,0.15584482,0.4544859,0.11365804,-0.98637855,0.118908376
1356626197676,0.42079717,-0.09550887,-0.90211296,0.89773643,0.18676883,0.39898205,0.13038024,-0.9777502,0.16433361
1356626197716,0.38260278,-0.14785504,-0.91200554,0.9133047,0.20968047,0.34915432,0.13960555,-0.96652627,0.21526104
1356626197756,0.35874164,-0.20680791,-0.9102389,0.9231536,0.22295314,0.31317618,0.13817328,-0.9526397,0.27089807
1356626197796,0.3517852,-0.26811507,-0.89686203,0.92777383,0.2272233,0.2959821,0.124430746,-0.9362072,0.32868394
1356626197836,0.3595699,-0.32705626,-0.87392426,0.92767155,0.22633678,0.29697984,0.100672066,-0.9174997,0.38478476
1356626197876,0.3756318,-0.3792841,-0.8456029,0.9238918,0.22509247,0.30944684,0.07297057,-0.8974837,0.43496937
1356626197916,0.3891178,-0.4208593,-0.8194295,0.91990113,0.22452816,0.3215105,0.048674315,-0.87889963,0.4745169
1356626197956,0.38791466,-0.44891295,-0.8049841,0.92110133,0.22016078,0.32109413,0.033082575,-0.866029,0.49889797
1356626197996,0.36436898,-0.46239352,-0.80834866,0.9308461,0.20654929,0.3014348,0.027582318,-0.8622817,0.5056774
1356626198036,0.31789812,-0.46160465,-0.8281678,0.94764954,0.18235031,0.26212355,0.030019253,-0.8681414,0.49540824
1356626198076,0.25259078,-0.4472047,-0.85802436,0.96688545,0.15009117,0.20641008,0.036474288,-0.88174856,0.47030747
1356626198116,0.17406607,-0.41986397,-0.8907386,0.9838009,0.11351603,0.1387445,0.042859286,-0.9004601,0.4328218
1356626198156,0.088235855,-0.38054365,-0.9205438,0.99505,0.07608545,0.06392446,0.0457139,-0.92162764,0.3853735
1356626198196,0.00254488,-0.33183405,-0.9433342,0.9990821,0.04117894,-0.011790156,0.04275784,-0.9424385,0.3316344
1356626198236,-0.07522774,-0.27798402,-0.95763546,0.9966066,0.011215925,-0.081544906,0.03340894,-0.96052027,0.27619693
1356626198276,-0.13887674,-0.22389573,-0.9646677,0.99013454,-0.013078034,-0.13950771,0.01861915,-0.9745253,0.22350323
1356626198316,-0.18528634,-0.1735911,-0.9672307,0.9826845,-0.03260249,-0.18239552,1.2812018E-4,-0.984278,0.17662609
1356626198373,-0.21431011,-0.12945503,-0.968149,0.97655696,-0.04888439,-0.20963481,-0.020189166,-0.9903796,0.13689667
1356626198398,-0.2267434,-0.09291318,-0.9695126,0.97312534,-0.06267947,-0.22158152,-0.040180713,-0.9936994,0.104628325
1356626198439,-0.22406602,-0.064629376,-0.9724286,0.9728567,-0.07403982,-0.21924385,-0.057828844,-0.9951588,0.07946491
1356626198478,-0.20798594,-0.044496655,-0.97711915,0.9755033,-0.082621455,-0.2038795,-0.07165903,-0.9955871,0.060590804
1356626198518,-0.18031663,-0.031706303,-0.98309755,0.9802698,-0.08807582,-0.17695731,-0.0809764,-0.9956091,0.046962142
1356626198558,-0.14351827,-0.025177807,-0.9893274,0.9859245,-0.09027034,-0.14072731,-0.08576375,-0.99559903,0.037778854
1356626198598,-0.098903,-0.024026245,-0.9948069,0.9912987,-0.08964306,-0.096389204,-0.0868617,-0.99568415,0.032683164
1356626198638,-0.04811275,-0.027147174,-0.9984729,0.99509835,-0.08776796,-0.045563877,-0.08639702,-0.995771,0.031236857
1356626198678,0.005387187,-0.032772303,-0.9994483,0.9962127,-0.08656043,0.008208066,-0.08678174,-0.9957074,0.03218195
1356626198718,0.05692506,-0.037780225,-0.9976633,0.9944095,-0.08686882,0.060029,-0.088933766,-0.99550307,0.032624066
1356626198758,0.100211084,-0.03849423,-0.9942212,0.9908285,-0.08717507,0.103244364,-0.09064564,-0.995449,0.029405266
1356626198798,0.13042933,-0.032848656,-0.99091333,0.98758477,-0.08394873,0.13277411,-0.08754736,-0.9959285,0.021491468
1356626198838,0.14628547,-0.022116095,-0.98899513,0.9863095,-0.07366663,0.14753556,-0.07611889,-0.99703765,0.011036992
1356626198878,0.14903554,-0.010135442,-0.98877996,0.98725367,-0.054947704,0.1493688,-0.05584508,-0.9984379,0.0018170178
1356626198918,0.14009082,-0.0011053383,-0.99013805,0.9897115,-0.029214263,0.14006317,-0.029080957,-0.99957263,-0.0029987097
1356626198958,0.12009287,0.001747638,-0.99276114,0.99276245,4.51684E-4,0.12009382,6.582737E-4,-0.99999833,-0.001680702
1356626198998,0.08974245,-0.003696233,-0.9959581,0.9954926,0.031129569,0.08958498,0.03067255,-0.9995085,0.006473273
1356626199038,0.05006796,-0.018510282,-0.99857426,0.9969649,0.06060916,0.04886374,0.059618324,-0.9979899,0.021488637
1356626199078,0.0036150813,-0.04308781,-0.9990648,0.9961884,0.08722782,-1.5726686E-4,0.08715308,-0.9952562,0.04323882
1356626199120,-0.04423684,-0.07818684,-0.9959568,0.9926292,0.10915321,-0.05265799,0.11282906,-0.9909452,0.07278192
1356626199158,-0.08747804,-0.12436676,-0.9883726,0.98708963,0.1228109,-0.1028178,0.13417,-0.98460674,0.11201793
1356626199198,-0.11891115,-0.18162432,-0.97615206,0.98203623,0.123553455,-0.14261648,0.14650965,-0.9755753,0.16366976
1356626199238,-0.13851959,-0.24615532,-0.95928097,0.9795844,0.108440995,-0.16927779,0.14569402,-0.9631449,0.22610873
1356626199278,-0.14851266,-0.31215572,-0.93835115,0.98011076,0.0798409,-0.18168214,0.13163197,-0.9466702,0.29408973
1356626199318,-0.15195346,-0.3746275,-0.914639,0.9823308,0.045048237,-0.18165076,0.10925427,-0.92608047,0.36116278
1356626199371,-0.15177917,-0.43032375,-0.8898227,0.98466873,0.012471378,-0.17398849,0.08596864,-0.9025885,0.42183346
1356626199398,-0.15302247,-0.47571597,-0.8661862,0.98582315,-0.012439251,-0.16732606,0.06882501,-0.879511,0.47087523
1356626199438,-0.16262537,-0.50621796,-0.8469336,0.98475456,-0.029562593,-0.17141953,0.061738163,-0.8618988,0.50330794
1356626199478,-0.18598169,-0.51792943,-0.83496094,0.9804543,-0.04231137,-0.19214341,0.06418839,-0.8543762,0.5156753
1356626199518,-0.22183883,-0.5110853,-0.83040917,0.97245276,-0.05344838,-0.2268894,0.07157585,-0.85786664,0.5088632
1356626199558,-0.26496637,-0.48805344,-0.83162284,0.961045,-0.06332213,-0.26904032,0.078645885,-0.8705137,0.4858196
1356626199598,-0.3093803,-0.4518296,-0.83674,0.9474693,-0.07137114,-0.3117823,0.08115339,-0.88924474,0.45017546
1356626199638,-0.35047346,-0.40485054,-0.8445498,0.93340904,-0.07693237,-0.3504696,0.07691461,-0.9111407,0.4048539
1356626199678,-0.38459527,-0.35002485,-0.85414815,0.9207387,-0.07952696,-0.3819892,0.06577787,-0.93335843,0.35286716
1356626199718,-0.4085946,-0.29174426,-0.8648328,0.91138446,-0.07925016,-0.40385374,0.04928392,-0.9532076,0.2982723
1356626199758,-0.42066032,-0.23482257,-0.87630093,0.90672916,-0.07711035,-0.41460383,0.029786468,-0.96897495,0.24535775
1356626199798,-0.42068762,-0.18280476,-0.8885968,0.9071575,-0.07468903,-0.4141096,0.009332716,-0.98030806,0.19725353
1356626199838,-0.40993273,-0.13719851,-0.90173817,0.91205007,-0.07352102,-0.40343443,-0.010946095,-0.9878113,0.15527058
1356626199878,-0.3903175,-0.09792888,-0.9154575,0.92017066,-0.07457638,-0.38434935,-0.030632585,-0.9923953,0.11921972
1356626199918,-0.363634,-0.064404786,-0.92931294,0.9302306,-0.07802087,-0.3585859,-0.049411148,-0.9948693,0.08828229
1356626199958,-0.33155972,-0.036041588,-0.9427455,0.9410764,-0.08323783,-0.3277905,-0.06665796,-0.99587774,0.061516166
1356626199998,-0.2951386,-0.012837887,-0.95536816,0.952021,-0.08864331,-0.2929135,-0.08092666,-0.9959807,0.03838408
1356626200038,-0.2557326,0.0048709214,-0.96673524,0.96250784,-0.09226674,-0.25507924,-0.090440005,-0.9957224,0.018907309
1356626200078,-0.21337396,0.016251266,-0.9768354,0.97242236,-0.092834175,-0.21395448,-0.094160736,-0.99554896,0.004005313
1356626200118,-0.16842395,0.02097398,-0.9854915,0.98130625,-0.09088105,-0.16964284,-0.093120605,-0.9956409,-0.0052753687
1356626200158,-0.1212526,0.01952812,-0.9924296,0.9884865,-0.08879012,-0.12251794,-0.09051049,-0.9958589,-0.0085372925
1356626200198,-0.07263023,0.0128977,-0.99727553,0.9933276,-0.08887726,-0.07349214,-0.08958298,-0.99595904,-0.0063564777
1356626200238,-0.023528993,0.0027603805,-0.9997194,0.9954752,-0.09202355,-0.02368322,-0.0920631,-0.99575305,-5.82695E-4
1356626200278,0.024442554,-0.0074156225,-0.9996737,0.99493444,-0.09735519,0.025048852,-0.097509116,-0.9952221,0.004998386
1356626200318,0.06872553,-0.013157606,-0.9975488,0.99229646,-0.10240942,0.06971449,-0.10307559,-0.9946553,0.0060180426
1356626200372,0.10717645,-0.011624485,-0.99417204,0.98876846,-0.10351452,0.1078043,-0.10416442,-0.99456,3.9961934E-4
1356626200398,0.1393444,-0.00401026,-0.9902358,0.9855057,-0.09714657,0.13907218,-0.09675571,-0.995262,-0.009584695
1356626200438,0.16555172,0.0052962005,-0.98618686,0.982978,-0.08166665,0.16457444,-0.07966694,-0.9966456,-0.01872611
1356626200478,0.18548071,0.011584222,-0.98257965,0.98113763,-0.05760026,0.18452942,-0.054459274,-0.99827254,-0.022049427
1356626200518,0.19783413,0.011437207,-0.9801688,0.979936,-0.027023137,0.1974718,-0.024228722,-0.99956936,-0.01655382
1356626200558,0.20050085,0.003378898,-0.9796877,0.9796704,0.0061802864,0.20051861,0.006732285,-0.9999752,-0.0020710528
1356626200598,0.19308469,-0.013410628,-0.9810905,0.9805512,0.038490206,0.19245243,0.035181463,-0.999169,0.020581692
1356626200638,0.17458886,-0.03819719,-0.98390025,0.9828826,0.0664593,0.17182812,0.05882591,-0.9970577,0.049146473
1356626200678,0.1476841,-0.070754886,-0.9865005,0.986012,0.08845347,0.1412668,0.0772641,-0.9935641,0.08282834
1356626200718,0.11538178,-0.111237645,-0.9870731,0.9891348,0.10400385,0.10390207,0.09110159,-0.9883367,0.122029155
1356626200758,0.08240315,-0.1602416,-0.98363227,0.991536,0.11254457,0.06473094,0.100329936,-0.9806408,0.1681593
1356626200798,0.053051233,-0.21767908,-0.9745775,0.99324447,0.1123656,0.028969675,0.10320288,-0.9695307,0.22216973
1356626200838,0.029554904,-0.28135687,-0.95914805,0.9947992,0.10185319,7.7587366E-4,0.09747401,-0.95418257,0.2829038
1356626200878,0.012121975,-0.34743515,-0.93762565,0.9964808,0.08197522,-0.01749289,0.082939744,-0.9341139,0.34720618
