1356625384297,0.98430055,0.14875759,-0.09499263,-0.09452461,-0.010229231,-0.9954699,-0.14905542,0.9888208,0.003992617
1356625384319,0.38928276,0.062370896,-0.9190042,-0.9089799,-0.13542563,-0.3942276,-0.14904508,0.98882234,0.0039750487
1356625384334,0.38949022,0.06231758,-0.9189199,-0.908898,-0.13540122,-0.3944248,-0.14900243,0.98882914,0.0039028674
1356625384363,0.39012977,0.062190443,-0.9186572,-0.9086442,-0.13531682,-0.3950381,-0.14887735,0.9888487,0.0037178546
1356625384408,0.39190146,0.06191793,-0.9179212,-0.9079497,-0.13497344,-0.3967487,-0.14846087,0.9889127,0.0033221096
1356625384446,0.39644888,0.06196165,-0.9159634,-0.90608716,-0.13417807,-0.40125087,-0.14776441,0.9890182,0.0029478967
1356625384487,0.405015,0.062497467,-0.91217154,-0.9024576,-0.13279337,-0.4098002,-0.14674181,0.9891714,0.002618
1356625384527,0.41987294,0.063803166,-0.90533745,-0.8958523,-0.13072729,-0.42468697,-0.14544865,0.98936325,0.0022693425
1356625384566,0.4410176,0.06607166,-0.89506316,-0.8858689,-0.12797877,-0.44593453,-0.14401272,0.9895736,0.0020899177
1356625384607,0.4662608,0.0692409,-0.88193345,-0.87308717,-0.12462288,-0.47136816,-0.14254704,0.9897852,0.0023465902
1356625384648,0.4940091,0.07304385,-0.8663831,-0.8579191,-0.12084398,-0.49937126,-0.14117315,0.98998046,0.0029676855
1356625384686,0.5225229,0.076912105,-0.84914917,-0.841065,-0.11694777,-0.52814096,-0.13992655,0.9901554,0.0035802126
1356625384726,0.5503816,0.08035958,-0.8310369,-0.8233076,-0.11314684,-0.55620366,-0.13872549,0.99032325,0.0038866997
1356625384768,0.57617605,0.08316898,-0.81308305,-0.80569166,-0.10945594,-0.58213437,-0.13741222,0.9905062,0.0039426237
1356625384806,0.5987842,0.08531976,-0.79635286,-0.7893106,-0.1057494,-0.60481876,-0.1358169,0.9907257,0.004022762
1356625384845,0.61774063,0.08676821,-0.7815804,-0.77490747,-0.10200091,-0.6237903,-0.133847,0.9909931,0.004227191
1356625384887,0.6199434,0.085692465,-0.77995324,-0.7735405,-0.0999051,-0.62582266,-0.13154963,0.9913,0.0043510944
1356625384927,0.63880855,0.08650163,-0.7644875,-0.75841546,-0.09624994,-0.6446255,-0.12934297,0.9915914,0.0041188747
1356625384966,0.65090644,0.086766094,-0.7541833,-0.7482697,-0.09432557,-0.6566545,-0.12811413,0.9917531,0.0035273135
1356625385006,0.65624017,0.08723608,-0.7494924,-0.743467,-0.09488107,-0.6620079,-0.1288636,0.9916589,0.002592355
1356625385057,0.65504575,0.088445455,-0.7503949,-0.7437695,-0.099497736,-0.6609895,-0.13312405,0.99109924,6.074384E-4
1356625385097,0.65051925,0.089104265,-0.75424474,-0.74674964,-0.10609524,-0.6565888,-0.13852662,0.9903556,-0.0024784207
1356625385135,0.6471758,0.08905536,-0.7571213,-0.7485584,-0.11376043,-0.6532372,-0.14430472,0.98950887,-0.0069598556
1356625385177,0.646078,0.08864263,-0.75810665,-0.7484124,-0.121456966,-0.6520178,-0.14987391,0.9886307,-0.012129426
1356625385217,0.64695525,0.088538796,-0.75737035,-0.7466252,-0.12823752,-0.652768,-0.15491852,0.98778343,-0.016858675
1356625385256,0.6493685,0.08910173,-0.755236,-0.743617,-0.13354352,-0.6551336,-0.15923038,0.98702943,-0.02046141
1356625385298,0.6528856,0.09018722,-0.7520683,-0.739732,-0.137617,-0.6586791,-0.16290179,0.98637104,-0.023133814
1356625385337,0.6567628,0.09144232,-0.74853253,-0.7354945,-0.14144327,-0.6626022,-0.16646478,0.9857141,-0.025639363
1356625385375,0.65950835,0.09249142,-0.7459853,-0.7321751,-0.14566086,-0.6653589,-0.17020082,0.9850017,-0.028344654
1356625385416,0.6591316,0.093109965,-0.7462413,-0.731558,-0.15055734,-0.6649476,-0.17426538,0.9842068,-0.031121738
1356625385457,0.65305144,0.0930658,-0.75157344,-0.73604023,-0.15557219,-0.6588187,-0.17823741,0.98343074,-0.03309647
1356625385498,0.6390273,0.0923717,-0.76361746,-0.7473646,-0.16021855,-0.64480716,-0.1819076,0.98275,-0.033348702
1356625385536,0.61467576,0.0911665,-0.7834937,-0.76658857,-0.16490984,-0.6206019,-0.18578392,0.9820863,-0.03147888
1356625385595,0.57824206,0.08964741,-0.810925,-0.7932021,-0.17087087,-0.5844942,-0.19096193,0.9812066,-0.027696177
1356625385617,0.52964664,0.08786443,-0.84365535,-0.82472205,-0.1791375,-0.53641707,-0.19826224,0.9798927,-0.022415847
1356625385657,0.5125032,0.09438518,-0.85348225,-0.8333417,-0.18502694,-0.52087104,-0.20707968,0.9781904,-0.016171813
1356625385694,0.41919684,0.08306801,-0.9040872,-0.88207215,-0.19854867,-0.4272319,-0.21499467,0.9765644,-0.009958968
1356625385737,0.34399357,0.07231191,-0.93618345,-0.91306067,-0.20684764,-0.35147446,-0.21906307,0.9756972,-0.005129114
1356625385777,0.29080436,0.0616138,-0.95479655,-0.93179196,-0.20835164,-0.29724294,-0.21724772,0.97611135,-0.0031783283
1356625385816,0.25952017,0.05028823,-0.9644275,-0.9429258,-0.20257759,-0.26429725,-0.20866251,0.97797406,-0.005154848
1356625385856,0.24588338,0.037865132,-0.9685595,-0.9496763,-0.19063446,-0.24854228,-0.19405198,0.98093045,-0.010914177
1356625385897,0.24426144,0.023740202,-0.96941876,-0.95388436,-0.17398739,-0.2446081,-0.17447364,0.9844617,-0.019853055
1356625385936,0.24749702,0.007536024,-0.9688593,-0.956934,-0.15469766,-0.24565387,-0.15173158,0.98793304,-0.031075686
1356625385976,0.2476911,-0.010660201,-0.96878046,-0.96036994,-0.13462758,-0.24405938,-0.12782282,0.99083894,-0.04358381
1356625386016,0.23763666,-0.03050074,-0.97087514,-0.9657575,-0.11455831,-0.2327851,-0.104121715,0.9929482,-0.056679547
1356625386057,0.21163958,-0.051899552,-0.97596884,-0.97397375,-0.094103634,-0.20620275,-0.08114043,0.9942087,-0.07046485
1356625386096,0.16721424,-0.075336516,-0.983038,-0.9841679,-0.072181314,-0.16187468,-0.058761895,0.99454224,-0.0862135
1356625386136,0.10452065,-0.10152531,-0.98932695,-0.99381304,-0.04823467,-0.1000447,-0.037562817,0.99366283,-0.1059387
1356625386177,0.03178993,-0.13172933,-0.9907758,-0.9993031,-0.023587555,-0.028927386,-0.019559383,0.991005,-0.1323874
1356625386216,-0.036710173,-0.16803741,-0.9850969,-0.9992945,-0.0016483366,0.03752044,-0.00792861,0.9857793,-0.16785836
1356625386256,-0.079771996,-0.21289894,-0.97381234,-0.996801,0.012228191,0.07898179,-0.004907191,0.97699773,-0.21319336
1356625386296,-0.082109034,-0.266449,-0.96034527,-0.99657,0.0119767785,0.08188328,-0.010315895,0.96377456,-0.26651847
1356625386346,-0.045609236,-0.32360318,-0.94509304,-0.998724,-0.005767405,0.05017218,-0.021686584,0.94617534,-0.32292718
1356625386378,0.008704603,-0.37524906,-0.9268831,-0.9993558,-0.035538077,0.005002439,-0.03481683,0.9262425,-0.37531668
1356625386418,0.05076319,-0.4142827,-0.9087315,-0.9976946,-0.062072337,-0.027434587,-0.045041382,0.90802914,-0.41647863
1356625386458,0.048804045,-0.43844813,-0.8974305,-0.9976043,-0.0655036,-0.022249341,-0.049029708,0.8963663,-0.44059455
1356625386498,-0.024941623,-0.44650203,-0.8944349,-0.9985874,-0.030861795,0.04325211,-0.046916008,0.8942502,-0.44510162
1356625386538,-0.19173232,-0.42985463,-0.88230586,-0.98053074,0.045055598,0.19112659,-0.042403877,0.9017732,-0.43012428
1356625386578,-0.42882094,-0.37491646,-0.8219186,-0.902477,0.1369038,0.40840247,-0.040593088,0.9168942,-0.39706063
1356625386618,-0.6387691,-0.29611892,-0.7101322,-0.7680765,0.19133675,0.6111046,-0.04508519,0.93579054,-0.349662
1356625386658,-0.76660997,-0.22947536,-0.59970844,-0.6395955,0.19027072,0.7447917,-0.05680439,0.95453554,-0.29263484
1356625386698,-0.83233505,-0.1881695,-0.5213547,-0.5493086,0.15442985,0.82122564,-0.0740169,0.96991944,-0.23190045
1356625386738,-0.8657841,-0.1660015,-0.47208196,-0.4916097,0.10592884,0.8643489,-0.09347612,0.98041964,-0.17331946
1356625386778,-0.8836984,-0.1546377,-0.44177398,-0.45448434,0.057848632,0.8888743,-0.11189744,0.98627615,-0.12140119
1356625386818,-0.8937236,-0.14852196,-0.42331928,-0.430207,0.016189635,0.902585,-0.12720035,0.98877656,-0.07836419
1356625386858,-0.89891833,-0.14470625,-0.41352862,-0.41561133,-0.016970158,0.909384,-0.13861118,0.9893291,-0.044886768
1356625386898,-0.89992565,-0.14202748,-0.4122644,-0.41067743,-0.04169804,0.9108267,-0.14655302,0.988984,-0.020802379
1356625386938,-0.89573115,-0.14042869,-0.4218359,-0.41770157,-0.059184134,0.90665466,-0.1522863,0.9883203,-0.005644202
1356625386978,-0.88355875,-0.14040944,-0.44677648,-0.44105044,-0.07130855,0.894645,-0.15747556,0.98752236,0.0010775924
1356625387017,-0.85798347,-0.14267999,-0.49346423,-0.48673403,-0.08122188,0.8697661,-0.16417831,0.98643064,2.3978949E-4
1356625387058,-0.8104914,-0.14711836,-0.5669743,-0.55913126,-0.094166815,0.8237141,-0.17457363,0.98462623,-0.0059370995
1356625387098,-0.7347583,-0.1507039,-0.66137624,-0.65153617,-0.11452627,0.7499229,-0.18876125,0.9819226,-0.014039934
1356625387137,-0.63744104,-0.14839292,-0.7560743,-0.74335384,-0.13973022,0.65414095,-0.20271632,0.9790071,-0.021238685
1356625387178,-0.53666043,-0.13827139,-0.83239216,-0.8171558,-0.16076875,0.55354303,-0.21036178,0.9772586,-0.026711106
1356625387218,-0.44610387,-0.1230343,-0.886484,-0.8704945,-0.17046362,0.46171594,-0.20792016,0.97765267,-0.031056166
1356625387258,-0.3703543,-0.106823,-0.9227277,-0.908021,-0.16775066,0.38387176,-0.19579458,0.9800247,-0.034870327
1356625387298,-0.3117475,-0.09285602,-0.94561684,-0.93348277,-0.1557399,0.32304025,-0.17726648,0.98342407,-0.03812796
1356625387337,-0.2755493,-0.08270353,-0.95772266,-0.9487476,-0.13699794,0.2847974,-0.15475976,0.98711276,-0.0407151
1356625387375,-0.26626587,-0.07721567,-0.96080184,-0.9548768,-0.11493695,0.2738609,-0.13157797,0.9903672,-0.043127656
1356625387416,-0.27990663,-0.07536551,-0.9570644,-0.95409083,-0.08885497,0.286034,-0.106597036,0.9931892,-0.047034442
1356625387456,-0.3128819,-0.0773004,-0.9466412,-0.9464865,-0.057704568,0.3175428,-0.07917169,0.99533653,-0.055109084
1356625387496,-0.35059822,-0.08417565,-0.93273544,-0.93519753,-0.021562397,0.35346958,-0.049865544,0.9962176,-0.07116109
1356625387536,-0.3701589,-0.10087344,-0.9234755,-0.928707,0.016600132,0.3704426,-0.022038043,0.99476075,-0.099826574
1356625387576,-0.3400892,-0.13704261,-0.930354,-0.9403919,0.04794693,0.3366959,-0.0015340745,0.9894041,-0.14517999
1356625387616,-0.22970626,-0.20009542,-0.9524689,-0.97323895,0.053669363,0.22344047,0.0064089596,0.9783054,-0.2070688
1356625387656,-0.0372445,-0.2781802,-0.95980656,-0.9993051,0.011750698,0.035371482,0.0014387667,0.960457,-0.27842456
1356625387696,0.18034637,-0.33901238,-0.92333406,-0.9835434,-0.07250267,-0.16548634,-0.010842264,0.937984,-0.34650892
1356625387736,0.35533363,-0.3646507,-0.86067873,-0.934471,-0.16064782,-0.31773603,-0.022403538,0.9171816,-0.39783904
1356625387776,0.4700631,-0.36264166,-0.80469346,-0.8821751,-0.22238731,-0.41510344,-0.028419822,0.90500546,-0.42444956
1356625387816,0.5333782,-0.3452999,-0.77218896,-0.8453528,-0.24972886,-0.47224373,-0.029772162,0.9046566,-0.42510012
1356625387856,0.5501907,-0.32037228,-0.77113664,-0.8344731,-0.24493743,-0.49361962,-0.030738205,0.91507775,-0.40210435
1356625387896,0.5185986,-0.2906538,-0.8040994,-0.854288,-0.21498974,-0.47325617,-0.035319388,0.9323625,-0.35979545
1356625387937,0.43666738,-0.25517496,-0.8626746,-0.89847195,-0.17219448,-0.40385303,-0.045494586,0.9514383,-0.3044593
1356625387976,0.3130506,-0.21270129,-0.925612,-0.9477446,-0.13304886,-0.28996208,-0.06147632,0.9680166,-0.24323756
1356625388019,0.1762617,-0.16651735,-0.9701566,-0.98092604,-0.111768395,-0.15903449,-0.08195084,0.9796835,-0.18304172
1356625388058,0.059646517,-0.12344906,-0.9905566,-0.9927448,-0.111121565,-0.04592964,-0.104402274,0.9861096,-0.12918141
1356625388098,-0.020510316,-0.088008076,-0.99590856,-0.99183905,-0.12358272,0.031347513,-0.12583596,0.98842394,-0.08475506
1356625388138,-0.06585395,-0.060646325,-0.9959845,-0.98734283,-0.14036816,0.07382971,-0.14428204,0.9882402,-0.05063489
1356625388178,-0.082591474,-0.040195048,-0.9957726,-0.9838477,-0.1559416,0.08789712,-0.15881541,0.9869481,-0.026666373
1356625388218,-0.075878024,-0.025541008,-0.99678993,-0.9826147,-0.16796154,0.079102725,-0.16944277,0.98546255,-0.012352407
1356625388258,-0.04950404,-0.015669942,-0.998651,-0.98293465,-0.1766001,0.051496,-0.17716888,0.9841579,-0.006660074
1356625388298,-0.008491039,-0.009461045,-0.9999192,-0.98287827,-0.18397981,0.010087103,-0.18406034,0.9828845,-0.0077368617
1356625388335,0.038904727,-0.0051948726,-0.99922943,-0.9806864,-0.19201928,-0.037184477,-0.19167817,0.98137736,-0.012564987
1356625388377,0.08413613,-0.0016297102,-0.9964529,-0.97644913,-0.19950783,-0.082120836,-0.1986663,0.97989494,-0.018377185
1356625388416,0.12265521,0.0011752844,-0.9924486,-0.9718355,-0.20261341,-0.12034759,-0.20122486,0.97925806,-0.023709416
1356625388456,0.15333372,0.0019665062,-0.9881725,-0.9684504,-0.19850105,-0.15066847,-0.19644958,0.9800986,-0.028532386
1356625388496,0.17493057,-5.2052736E-4,-0.98458064,-0.9671433,-0.1874606,-0.17173341,-0.18448067,0.982272,-0.03329602
1356625388537,0.18414176,-0.0066099465,-0.9828775,-0.9685501,-0.17146707,-0.18030438,-0.16733935,0.9851676,-0.037976265
1356625388574,0.17662749,-0.015628368,-0.9841537,-0.97321904,-0.15223482,-0.17224756,-0.14713055,0.9882208,-0.04209864
1356625388617,0.15099457,-0.0267528,-0.98817253,-0.9806794,-0.12982288,-0.14633498,-0.12437248,0.99117625,-0.045838535
1356625388656,0.10924208,-0.039806217,-0.99321777,-0.989099,-0.10360533,-0.10463676,-0.09873754,0.9938215,-0.050690323
1356625388696,0.05975488,-0.05556655,-0.9966653,-0.9958005,-0.072693914,-0.055650204,-0.06935924,0.99580514,-0.059676975
1356625388736,0.013617486,-0.07649627,-0.99697685,-0.99920523,-0.038398594,-0.010701656,-0.037463903,0.99633014,-0.07695836
1356625388776,-0.012911856,-0.107524455,-0.9941186,-0.9998891,-0.005990565,0.013634801,-0.0074214637,0.9941844,-0.10743511
1356625388816,-0.003736049,-0.15484914,-0.9879311,-0.9998927,0.014569253,0.0014976859,0.014161527,0.9878307,-0.15488696
1356625388856,0.0472728,-0.21928403,-0.97451514,-0.9986321,0.01144582,-0.05101815,0.02234155,0.9755939,-0.21844298
1356625388896,0.12635651,-0.2892469,-0.9488784,-0.9918188,-0.019333214,-0.1261813,0.018152684,0.9570593,-0.28932333
1356625388936,0.20580062,-0.3464385,-0.9152193,-0.9785557,-0.06458935,-0.19559371,0.00864777,0.93584645,-0.3523019
1356625388976,0.2641905,-0.38003013,-0.88644266,-0.96447,-0.103150085,-0.24322355,9.95636E-4,0.9192047,-0.39377892
1356625389016,0.2936145,-0.38902983,-0.8731817,-0.95591915,-0.12236549,-0.266918,-0.0030082464,0.91306216,-0.40780935
1356625389056,0.29237378,-0.37601414,-0.87927866,-0.956282,-0.12121554,-0.26614198,-0.0065090954,0.9186512,-0.3950158
1356625389096,0.26175988,-0.34401706,-0.9017394,-0.96503925,-0.1063215,-0.2395727,-0.013457179,0.93292445,-0.35982063
1356625389136,0.2071124,-0.29714873,-0.9320982,-0.97797763,-0.08798447,-0.18925783,-0.025772452,0.9507688,-0.30882752
1356625389177,0.13888425,-0.24178687,-0.9603386,-0.9893706,-0.07607478,-0.12392929,-0.043093055,0.9673426,-0.24978244
1356625389216,0.07035026,-0.185882,-0.9800503,-0.99549615,-0.0756723,-0.057106525,-0.06354761,0.97965384,-0.1903683
1356625389256,0.0120512545,-0.13589397,-0.9906501,-0.996331,-0.085583836,-3.8030744E-4,-0.08473188,0.9870199,-0.13642675
1356625389296,-0.031021059,-0.09491843,-0.99500155,-0.994037,-0.10118586,0.040643662,-0.104537934,0.99032915,-0.091213465
1356625389339,-0.058035612,-0.06345895,-0.9962956,-0.990837,-0.11825651,0.06525001,-0.12195912,0.9909532,-0.05601436
1356625389378,-0.06938994,-0.04098162,-0.9967475,-0.98819315,-0.13398975,0.07430345,-0.13659897,0.990135,-0.03120026
1356625389418,-0.066535115,-0.027336568,-0.9974096,-0.9865445,-0.14781499,0.06986159,-0.14934185,0.98863715,-0.017133862
1356625389458,-0.050437212,-0.021717668,-0.9984911,-0.98568,-0.15999144,0.053269982,-0.16090697,0.98687947,-0.013337076
1356625389498,-0.024796844,-0.022314131,-0.9994434,-0.9847849,-0.17146397,0.028261364,-0.17199919,0.9849376,-0.017722845
1356625389538,0.0041357875,-0.025993645,-0.9996535,-0.98307616,-0.18319583,6.9642067E-4,-0.18315047,0.9827327,-0.026311368
1356625389578,0.029555976,-0.029328078,-0.99913275,-0.9807675,-0.1937809,-0.02332455,-0.19292876,0.9806064,-0.03449148
1356625389618,0.04766929,-0.030766845,-0.9983892,-0.9790982,-0.19929302,-0.040606648,-0.19772273,0.9794568,-0.039623857
1356625389657,0.058065057,-0.030733585,-0.99783957,-0.97924757,-0.19616097,-0.050941348,-0.19417155,0.9800899,-0.041485876
1356625389698,0.061489046,-0.030534357,-0.9976406,-0.9814105,-0.18391258,-0.054859817,-0.18180355,0.9824683,-0.041275382
1356625389738,0.05769646,-0.031020582,-0.9978521,-0.984932,-0.1649962,-0.0518201,-0.16303429,0.9858063,-0.04007286
1356625389778,0.045117617,-0.032200426,-0.99846256,-0.9889759,-0.14254582,-0.040091813,-0.14103565,0.9892643,-0.03827682
1356625389823,0.022329926,-0.0340558,-0.9991704,-0.9928285,-0.11815971,-0.01816088,-0.117443204,0.9924105,-0.036450088
1356625389856,-0.011482656,-0.037498027,-0.99923074,-0.99550927,-0.09347665,0.014947802,-0.09396529,0.9949151,-0.036256284
1356625389896,-0.04924947,-0.044263393,-0.9978052,-0.9963629,-0.06737608,0.052167118,-0.06953734,0.9967453,-0.04078412
1356625389936,-0.086447716,-0.05769527,-0.9945843,-0.9952725,-0.039355338,0.088790536,-0.044265002,0.99755824,-0.054020345
1356625389976,-0.1123243,-0.08264598,-0.9902288,-0.99345994,-0.011227906,0.11362791,-0.020509034,0.99651575,-0.08084428
1356625390016,-0.11305997,-0.12535849,-0.9856484,-0.9935826,0.010923654,0.11258075,-0.003346026,0.99205136,-0.12578905
1356625390056,-0.07760841,-0.18859932,-0.9789828,-0.99698174,0.016747057,0.07580897,0.0020975769,0.9819113,-0.18932974
1356625390096,-0.007915407,-0.2640252,-0.96448326,-0.99995875,-0.002205938,0.008810401,-0.004453808,0.96451324,-0.2639969
1356625390136,0.07631382,-0.33282444,-0.93989575,-0.9969423,-0.0413495,-0.06630343,-0.016796857,0.94208175,-0.3349623
1356625390176,0.1490947,-0.37894553,-0.91332966,-0.98845524,-0.08230215,-0.12721077,-0.026963055,0.921752,-0.38684148
1356625390216,0.19345799,-0.39809084,-0.8967149,-0.9805932,-0.10807547,-0.16357452,-0.031795353,0.9109574,-0.41127324
1356625390256,0.20158589,-0.39284563,-0.89723766,-0.978886,-0.11245513,-0.17069292,-0.03384301,0.9127027,-0.40722048
1356625390296,0.17011812,-0.3667697,-0.9146255,-0.9847231,-0.09826526,-0.14375123,-0.03715232,0.9251075,-0.37788332
1356625390341,0.09594831,-0.3212943,-0.9421061,-0.9944078,-0.07289776,-0.07641405,-0.044126034,0.94416946,-0.326492
1356625390378,0.0033832788,-0.26721427,-0.9636313,-0.998567,-0.052370787,0.0110164285,-0.053409845,0.96221304,-0.26700854
1356625390418,-0.09699616,-0.21000335,-0.9728774,-0.99319243,-0.042925924,0.10828745,-0.06450239,0.9767579,-0.20441008
1356625390457,-0.1852569,-0.15758681,-0.96997225,-0.97973204,-0.04690945,0.19474214,-0.07618973,0.9863903,-0.14570254
1356625390498,-0.25088328,-0.114361584,-0.96123827,-0.9640425,-0.06037736,0.2587985,-0.08763364,0.9916028,-0.095101774
1356625390538,-0.29142237,-0.081003994,-0.9531586,-0.951525,-0.07789904,0.29754314,-0.09835231,0.993665,-0.054375827
1356625390578,-0.30842525,-0.056392044,-0.94957566,-0.9450755,-0.095374346,0.31262752,-0.10819486,0.99384284,-0.023878872
1356625390618,-0.30529708,-0.03893432,-0.9514609,-0.9450209,-0.11055535,0.30775467,-0.11717135,0.9931071,-0.0030415058
1356625390658,-0.2852096,-0.027756214,-0.95806324,-0.95023084,-0.12255627,0.2864286,-0.12536684,0.9920734,0.008579373
1356625390698,-0.25053138,-0.021980375,-0.967859,-0.9589176,-0.13179791,0.25121,-0.13308349,0.99103296,0.011942089
1356625390738,-0.20515937,-0.020974636,-0.9785037,-0.9683741,-0.14069241,0.20605138,-0.14198995,0.9898311,0.008553147
1356625390778,-0.15582848,-0.022624671,-0.987525,-0.97574466,-0.15208727,0.15745398,-0.15375236,0.98810804,0.0016236901
1356625390818,-0.11116648,-0.024259448,-0.9935056,-0.97967744,-0.16527134,0.11365479,-0.1669552,0.9859497,-0.005393803
1356625390858,-0.0767169,-0.024499893,-0.99675184,-0.9813323,-0.17496836,0.079830766,-0.1763559,0.98426914,-0.010619491
1356625390898,-0.053364635,-0.02392909,-0.99828833,-0.9827548,-0.17598861,0.05675274,-0.1770454,0.98410136,-0.0141249
1356625390938,-0.040498376,-0.023717761,-0.998898,-0.9849669,-0.16707164,0.04390055,-0.16792879,0.9856594,-0.016595066
1356625390978,-0.039011776,-0.024392784,-0.99894094,-0.9875955,-0.15122503,0.04226145,-0.1520958,0.9881983,-0.018190622
1356625391017,-0.05124086,-0.025558263,-0.99835914,-0.98974514,-0.1321696,0.05418232,-0.13333756,0.99089754,-0.018523604
1356625391057,-0.07970804,-0.0268054,-0.9964578,-0.990255,-0.112394154,0.08223534,-0.11420035,0.9933021,-0.017585516
1356625391098,-0.12397063,-0.02839148,-0.99187964,-0.98775816,-0.09185004,0.12608457,-0.094683945,0.995368,-0.016657233
1356625391138,-0.17996222,-0.031550616,-0.98316747,-0.9809352,-0.06876975,0.18176049,-0.07334679,0.99713355,-0.018573165
1356625391178,-0.23901743,-0.038334012,-0.97025836,-0.96977484,-0.041067183,0.2405208,-0.049065858,0.9984207,-0.027359605
1356625391217,-0.28919095,-0.052299112,-0.9558417,-0.9569893,-0.008444846,0.29000017,-0.023238719,0.9985957,-0.04760754
1356625391258,-0.31375974,-0.08018443,-0.9461106,-0.94950235,0.026193202,0.31266463,-2.8917193E-4,0.9964359,-0.084353685
1356625391298,-0.29586262,-0.1300821,-0.94633186,-0.95513237,0.054486394,0.29112437,0.013692141,0.990005,-0.14036614
1356625391340,-0.22442663,-0.20489082,-0.952708,-0.97438,0.061937332,0.21621147,0.01470843,0.9768232,-0.21354187
1356625391377,-0.12114945,-0.28591868,-0.95056474,-0.99261034,0.041545063,0.114011884,0.0068932176,0.9573529,-0.28883904
1356625391418,-0.01359871,-0.35424432,-0.93505406,-0.999899,9.659231E-4,0.014175832,-0.0041184723,0.9351524,-0.3542217
1356625391458,0.06605315,-0.39550716,-0.91608465,-0.9977438,-0.03723371,-0.055865973,-0.012013853,0.9177079,-0.39707422
1356625391498,0.10201144,-0.4084138,-0.90707874,-0.99465823,-0.056335032,-0.08649585,-0.01577422,0.9110569,-0.4119789
1356625391538,0.09001419,-0.3961796,-0.91375005,-0.9957659,-0.052978843,-0.07512331,-0.018647105,0.9166433,-0.39927095
1356625391577,0.03722027,-0.36347952,-0.9308584,-0.9990221,-0.03578028,-0.025974363,-0.023865223,0.9309149,-0.36445582
1356625391635,-0.044170737,-0.31526926,-0.9479737,-0.99849,-0.017090738,0.052208424,-0.03266129,0.94884837,-0.31403834
1356625391656,-0.13190797,-0.26007265,-0.95653665,-0.99024624,-0.009098917,0.13903049,-0.044861525,0.96554613,-0.25633574
1356625391697,-0.20578033,-0.20715815,-0.9564204,-0.97674924,-0.016570926,0.21374351,-0.060127527,0.9781671,-0.19893152
1356625391734,-0.25464392,-0.16258088,-0.9532701,-0.9639021,-0.036610603,0.263728,-0.07777688,0.9860158,-0.14738941
1356625391777,-0.2781288,-0.1273565,-0.95206344,-0.95565534,-0.06318194,0.28762987,-0.09678471,0.98984265,-0.10413623
1356625391816,-0.27996528,-0.09985402,-0.9548029,-0.95306444,-0.09051281,0.28892148,-0.115271896,0.9908767,-0.0698269
1356625391856,-0.265617,-0.07810664,-0.9609094,-0.9550352,-0.1148811,0.2733313,-0.13173932,0.9903039,-0.044080198
1356625391896,-0.23838276,-0.06083268,-0.9692642,-0.9602801,-0.1342848,0.24460116,-0.14503723,0.9890739,-0.026405215
1356625391936,-0.20036924,-0.047733843,-0.97855693,-0.9674335,-0.14804977,0.20531347,-0.15467554,0.9878273,-0.016514719
1356625391976,-0.15338063,-0.03890863,-0.9874009,-0.97486377,-0.15745193,0.15763754,-0.16160166,0.98675984,-0.013780534
1356625392016,-0.10166812,-0.03367111,-0.99424833,-0.98044217,-0.16590238,0.10587484,-0.16851312,0.98556715,-0.016145587
1356625392056,-0.052906692,-0.030051768,-0.9981472,-0.98275894,-0.17576152,0.057382822,-0.17716032,0.983974,-0.020234734
1356625392096,-0.014216542,-0.026247323,-0.9995544,-0.982637,-0.18458128,0.018822879,-0.18499306,0.9824667,-0.02316752
1356625392136,0.012101769,-0.022165,-0.999681,-0.9823889,-0.18668628,-0.007753223,-0.18645486,0.9821695,-0.024033874
1356625392176,0.027694225,-0.01912722,-0.9994334,-0.98367834,-0.1783486,-0.023844391,-0.17779148,0.98378146,-0.023754299
1356625392216,0.034374774,-0.018384159,-0.9992399,-0.9865858,-0.16027474,-0.03099066,-0.15958321,0.9869012,-0.02364692
1356625392256,0.03171003,-0.020055652,-0.99929583,-0.9902973,-0.13596988,-0.028695613,-0.13529861,0.99051,-0.024172634
1356625392296,0.017616332,-0.023376137,-0.99957144,-0.9939265,-0.10902327,-0.014967144,-0.10862672,0.9937642,-0.02515471
1356625392340,-0.009000242,-0.027843684,-0.9995718,-0.99666905,-0.0807758,0.011224151,-0.08105376,0.99634326,-0.027023882
1356625392378,-0.04888922,-0.033685863,-0.99823606,-0.99733263,-0.052586615,0.050619483,-0.05419901,0.99804807,-0.031025052
1356625392418,-0.091811836,-0.042802006,-0.9948561,-0.99540746,-0.02324903,0.092862934,-0.02710417,0.99881303,-0.0404709
1356625392458,-0.13177508,-0.058888674,-0.98952895,-0.9912795,0.007139683,0.13158327,-6.837845E-4,0.9982391,-0.05931598
1356625392498,-0.15599668,-0.08733007,-0.98388946,-0.9875145,0.03588444,0.15338635,0.021911114,0.9955329,-0.091837585
1356625392538,-0.15085521,-0.13386753,-0.97945,-0.9879018,0.056453496,0.14444104,0.035957456,0.98939,-0.1407643
1356625392578,-0.107132524,-0.19998342,-0.97392464,-0.9935264,0.058763057,0.09722251,0.037787884,0.9780355,-0.20498419
1356625392618,-0.032271475,-0.27413872,-0.9611485,-0.999058,0.03676167,0.02305913,0.029011995,0.96098727,-0.27506685
1356625392658,0.055195242,-0.33926934,-0.93906856,-0.99836344,-0.0046569407,-0.056997955,0.014964491,0.94067776,-0.3389712
1356625392698,0.13044256,-0.3799729,-0.915754,-0.9914501,-0.046822906,-0.12179682,0.0034012794,0.9238118,-0.38283187
1356625392738,0.17680901,-0.39181066,-0.902897,-0.9842433,-0.07218903,-0.1614123,-0.0019361973,0.91720945,-0.39840066
1356625392778,0.18976456,-0.37735093,-0.90641916,-0.98182344,-0.07621169,-0.17382333,-0.0034873188,0.92292905,-0.38495427
1356625392818,0.17120042,-0.34117696,-0.9242774,-0.98521566,-0.06534013,-0.15836892,-0.0063605607,0.9377254,-0.34731913
1356625392858,0.12881169,-0.28935483,-0.9485153,-0.991578,-0.05054763,-0.1192396,-0.013442665,0.95588636,-0.29342902
1356625392898,0.07454279,-0.22982782,-0.9703724,-0.9969186,-0.041009814,-0.06686908,-0.02442646,0.97236687,-0.2321766
1356625392938,0.019642979,-0.17059413,-0.98514557,-0.99908435,-0.04080817,-0.012854278,-0.038009137,0.984496,-0.1712395
1356625392977,-0.028932482,-0.11748731,-0.99265283,-0.9981607,-0.049531847,0.034955442,-0.05327469,0.9918384,-0.11583817
1356625393018,-0.06877118,-0.073514044,-0.9949202,-0.9952125,-0.06436491,0.0735473,-0.069444716,0.995215,-0.06873566
1356625393058,-0.099800944,-0.03978762,-0.99421155,-0.99132776,-0.08187634,0.10278812,-0.085492134,0.99584794,-0.03127116
1356625393098,-0.122846544,-0.016232252,-0.99229294,-0.98731184,-0.0993737,0.12385547,-0.1006183,0.99491775,-0.0038185716
1356625393137,-0.13833362,-0.0021369755,-0.9903834,-0.98371553,-0.11556661,0.13765165,-0.11474946,0.99329734,0.013884604
1356625393177,-0.1462875,0.0035055578,-0.9892359,-0.98097825,-0.12950009,0.14460745,-0.12759921,0.9915732,0.022383094
1356625393218,-0.14627457,0.001847893,-0.9892423,-0.97944164,-0.14069772,0.1445626,-0.138917,0.9900509,0.022390366
1356625393258,-0.13877475,-0.0054459274,-0.990309,-0.9789107,-0.15062588,0.13800585,-0.14991775,0.9885758,0.0155720115
1356625393298,-0.1264273,-0.015781522,-0.99185026,-0.9785704,-0.1618399,0.12730965,-0.16253006,0.98669076,0.005017698
1356625393340,-0.11356026,-0.02601409,-0.9931905,-0.97788525,-0.17378229,0.116362065,-0.17562595,0.98444045,-0.0057040453
1356625393377,-0.10384655,-0.033753455,-0.9940204,-0.9774664,-0.1812095,0.10827041,-0.18378049,0.9828651,-0.014174879
1356625393418,-0.09794563,-0.03883314,-0.9944338,-0.9784094,-0.17897612,0.10335645,-0.18199354,0.9830867,-0.020464778
1356625393458,-0.09576601,-0.041980863,-0.9945183,-0.9808494,-0.16624957,0.10146758,-0.1695979,0.9851897,-0.02525583
1356625393497,-0.09857845,-0.04365167,-0.9941714,-0.9838196,-0.1459158,0.103958845,-0.14960334,0.98833346,-0.028561205
1356625393538,-0.10913181,-0.043726414,-0.9930651,-0.9860158,-0.121821105,0.11372113,-0.12594888,0.9915885,-0.029820383
1356625393577,-0.12978649,-0.04225278,-0.9906413,-0.986379,-0.096321285,0.13333634,-0.101053655,0.9944531,-0.029176056
1356625393618,-0.16043526,-0.040244848,-0.98622555,-0.9841734,-0.0696556,0.16294384,-0.075253785,0.99675894,-0.028432727
1356625393658,-0.19756556,-0.04009199,-0.9794695,-0.97911406,-0.040848613,0.19916591,-0.04799491,0.99836063,-0.031184316
1356625393698,-0.23467809,-0.045669258,-0.9709997,-0.971868,-0.009495974,0.23533458,-0.019968092,0.99891144,-0.04215604
1356625393738,-0.26226634,-0.062500685,-0.9629693,-0.9649769,0.023168981,0.2613094,0.0059789717,0.9977759,-0.06638813
1356625393778,-0.26928347,-0.09802255,-0.9580595,-0.9627285,0.053536057,0.26511836,0.025303125,0.9937432,-0.10878545
1356625393817,-0.24763983,-0.15706593,-0.956036,-0.9682525,0.07483387,0.23850992,0.034082115,0.98474884,-0.17061132
1356625393858,-0.19692597,-0.23530483,-0.95176244,-0.979892,0.0790427,0.18320435,0.032121032,0.96870214,-0.24613893
1356625393897,-0.12932912,-0.31633243,-0.9397913,-0.9913162,0.06398609,0.11488211,0.023792654,0.946488,-0.32186073
1356625393938,-0.06597501,-0.3798673,-0.92268527,-0.9977064,0.03914231,0.05522448,0.01513803,0.92421246,-0.38157845
1356625393978,-0.02502349,-0.41378558,-0.9100304,-0.9996444,0.018750936,0.018961698,0.009217858,0.9101813,-0.41410762
1356625394017,-0.013334781,-0.41688007,-0.90886366,-0.9999003,0.009778827,0.010185093,0.004641652,0.90890884,-0.41696894
1356625394058,-0.032651484,-0.3911143,-0.91976273,-0.99946564,0.011381686,0.03064105,-0.0015156865,0.92027175,-0.39127696
1356625394098,-0.074208975,-0.34384233,-0.93609047,-0.99718696,0.015666008,0.0732981,-0.01053822,0.93889666,-0.34403765
1356625394138,-0.1277932,-0.28364116,-0.9503771,-0.9915448,0.014763355,0.1289227,-0.022537023,0.9588169,-0.28312957
1356625394178,-0.18048912,-0.22172853,-0.95825887,-0.98287,0.0037264824,0.18426242,-0.037285298,0.97510135,-0.21860296
1356625394217,-0.22405988,-0.16664296,-0.9602225,-0.9730384,-0.017061114,0.23001128,-0.054712176,0.9858697,-0.15832728
1356625394257,-0.25549233,-0.12247375,-0.9590224,-0.9639709,-0.043708622,0.2623925,-0.074053764,0.99150884,-0.10689396
1356625394298,-0.2749641,-0.08999187,-0.9572336,-0.9569332,-0.07082462,0.28153628,-0.09313172,0.993421,-0.06664193
1356625394341,-0.2842288,-0.06818086,-0.95632917,-0.9524743,-0.09391922,0.289779,-0.10957509,0.99324244,-0.038245976
1356625394377,-0.28526014,-0.055686444,-0.9568311,-0.95059955,-0.11107558,0.28986678,-0.12242222,0.99225056,-0.021250129
1356625394418,-0.27983052,-0.05107364,-0.9586899,-0.95093644,-0.122516334,0.28409433,-0.13196492,0.99115145,-0.014284015
1356625394457,-0.26966625,-0.05271715,-0.9615097,-0.9527866,-0.13010716,0.2743533,-0.13956246,0.9900975,-0.015142739
1356625394497,-0.25650394,-0.058734268,-0.96475697,-0.9552102,-0.13699919,0.26230627,-0.14757729,0.98882836,-0.020962775
1356625394538,-0.24253315,-0.066565126,-0.96785676,-0.957222,-0.1458627,0.24990004,-0.15780887,0.9870629,-0.028341115
1356625394578,-0.23021036,-0.07328835,-0.9703772,-0.95840716,-0.15578657,0.23913649,-0.16869769,0.9850682,-0.034376383
1356625394618,-0.22122806,-0.07671815,-0.9721998,-0.9594094,-0.1616717,0.2310754,-0.17490491,0.983858,-0.037837744
1356625394658,-0.2156117,-0.07648328,-0.97347933,-0.96131074,-0.15840983,0.22536224,-0.17144507,0.98440677,-0.039369226
1356625394697,-0.21250594,-0.07344693,-0.97439563,-0.96446484,-0.14444935,0.22122827,-0.15699935,0.98678267,-0.04014063
1356625394738,-0.21134973,-0.06870848,-0.9749925,-0.9680566,-0.12296021,0.21851125,-0.13489887,0.9900303,-0.04052615
1356625394796,-0.2127266,-0.06295794,-0.9750814,-0.970931,-0.09844619,0.21817747,-0.10972899,0.9931489,-0.04018575
1356625394822,-0.2177518,-0.056761175,-0.97435224,-0.97249854,-0.071918845,0.22152719,-0.082648486,0.99579406,-0.039539754
1356625394863,-0.22664696,-0.052991807,-0.97253436,-0.9724031,-0.04443115,0.22903731,-0.05534798,0.99760604,-0.041459203
1356625394894,-0.23881066,-0.052362382,-0.96965337,-0.9706027,-0.017975211,0.24001518,-0.029997498,0.9984664,-0.046530366
1356625394937,-0.24438906,-0.061169833,-0.96774596,-0.9696677,0.01098609,0.24417993,-0.004304707,0.9980669,-0.06199932
1356625394976,-0.2417419,-0.084320396,-0.96667,-0.9701613,0.040147483,0.23911306,0.018647254,0.99562955,-0.09150976
1356625395016,-0.22196585,-0.12828502,-0.9665786,-0.97448397,0.063090146,0.21540788,0.033347994,0.98972857,-0.13901556
1356625395056,-0.17878205,-0.19440168,-0.964492,-0.9832646,0.07021117,0.1681101,0.03503722,0.97840595,-0.20370084
1356625395096,-0.112461865,-0.27443746,-0.95500594,-0.99337137,0.05405599,0.10144588,0.023783207,0.9600843,-0.2786975
1356625395136,-0.033117473,-0.35125503,-0.935694,-0.99943364,0.017230093,0.028905332,0.005968988,0.9361213,-0.35162675
1356625395176,0.04344192,-0.40823206,-0.9118439,-0.999012,-0.026308984,-0.035816282,-0.00936833,0.91249895,-0.40897167
1356625395216,0.104091495,-0.43776095,-0.89304554,-0.99442375,-0.061087042,-0.085963726,-0.016921967,0.8970138,-0.44167852
1356625395256,0.14143315,-0.44032797,-0.8866273,-0.9897821,-0.07928327,-0.118513554,-0.018109888,0.89432955,-0.44704205
1356625395297,0.15100357,-0.41924298,-0.895228,-0.98837113,-0.08043054,-0.12904823,-0.017901123,0.90430427,-0.42651296
1356625395342,0.09473956,-0.38079783,-0.91979206,-0.9952916,-0.055229068,-0.07965103,-0.020468295,0.9230075,-0.3842373
1356625395378,0.075709045,-0.32455993,-0.9428303,-0.99674356,-0.050953865,-0.062497914,-0.027756542,0.9444917,-0.3273607
1356625395418,0.023828864,-0.26261798,-0.96460557,-0.9988971,-0.04530275,-0.012342066,-0.040458053,0.96383584,-0.26340783
1356625395458,-0.04522744,-0.2027601,-0.97818345,-0.99728334,-0.04782501,0.056023866,-0.058141053,0.9780599,-0.2000463
1356625395498,-0.11425209,-0.15164539,-0.9818096,-0.99027956,-0.061529398,0.124741256,-0.07932666,0.98651797,-0.14314139
1356625395538,-0.17171085,-0.112626106,-0.9786883,-0.9798889,-0.08298236,0.18147099,-0.101652205,0.9901663,-0.09611207
1356625395577,-0.21327579,-0.08563176,-0.97323215,-0.9692563,-0.10656363,0.22178072,-0.1227026,0.99061173,-0.06027168
1356625395618,-0.23889452,-0.06889662,-0.96859837,-0.9607898,-0.12781745,0.24606034,-0.14075652,0.9894018,-0.035660267
1356625395658,-0.25008744,-0.06023416,-0.9663478,-0.9557686,-0.14421159,0.25633848,-0.15479884,0.9877119,-0.021504402
1356625395698,-0.24886817,-0.05746776,-0.96683097,-0.95443994,-0.15514553,0.25490037,-0.16464809,0.9862187,-0.016238749
1356625395738,-0.23798913,-0.058240265,-0.96952015,-0.9560344,-0.16205043,0.24441332,-0.17134589,0.9850623,-0.017113447
1356625395778,-0.2212655,-0.060046256,-0.9733633,-0.9591976,-0.16674685,0.2283319,-0.17601576,0.9841696,-0.020700872
1356625395818,-0.20295984,-0.060777694,-0.9772991,-0.9629595,-0.16856384,0.21046475,-0.17752883,0.9838153,-0.02431482
1356625395857,-0.18636459,-0.059600323,-0.9806713,-0.96720004,-0.16422921,0.19378561,-0.17260459,0.98462003,-0.027038932
1356625395898,-0.17329895,-0.057009786,-0.98321784,-0.9720025,-0.15094459,0.18007436,-0.15867743,0.986897,-0.029255152
1356625395938,-0.16521865,-0.053869367,-0.9847846,-0.9767629,-0.1292752,0.17094445,-0.13651693,0.9901444,-0.03125888
1356625395978,-0.1645658,-0.05043617,-0.9850758,-0.98027825,-0.102423966,0.1690085,-0.109419525,0.9934614,-0.032586038
1356625396018,-0.1741932,-0.046662033,-0.98360527,-0.9813542,-0.07418752,0.17731395,-0.081245035,0.99615204,-0.03286904
1356625396058,-0.1953116,-0.043009818,-0.9797977,-0.9792586,-0.046360135,0.19723919,-0.0539068,0.9979985,-0.033063114
1356625396098,-0.22650123,-0.040867418,-0.9731531,-0.9736347,-0.018262804,0.2273803,-0.02706495,0.9989977,-0.035653412
1356625396138,-0.26474845,-0.042461842,-0.96338224,-0.96431744,0.011412084,0.26450247,-2.3707747E-4,0.9990329,-0.043968022
1356625396177,-0.30182636,-0.051956713,-0.95194614,-0.95301,0.043610036,0.29978344,0.0259386,0.99769664,-0.06267792
1356625396218,-0.3266425,-0.07666108,-0.9420338,-0.94394326,0.07676667,0.3210575,0.04770422,0.99409753,-0.09743899
1356625396258,-0.32743973,-0.123849034,-0.93672013,-0.9430046,0.10513258,0.31573638,0.05937615,0.98671603,-0.15121478
1356625396298,-0.29279518,-0.19751331,-0.935553,-0.9544884,0.11846602,0.27371088,0.05676967,0.9731158,-0.22321045
1356625396341,-0.22537667,-0.28678364,-0.9311071,-0.9733661,0.10747653,0.20250249,0.04199779,0.95194745,-0.3033682
1356625396377,-0.14028665,-0.37134507,-0.9178358,-0.98986125,0.07342234,0.12158957,0.022237957,0.9255874,-0.37788022
1356625396418,-0.06091124,-0.43277043,-0.899444,-0.9981242,0.03196442,0.052214205,0.0061534047,0.90093726,-0.43390566
1356625396458,-0.004720956,-0.46475545,-0.8854265,-0.9999875,6.7666173E-4,0.00497663,-0.0017137825,0.88543886,-0.46475273
1356625396498,0.020375252,-0.46971437,-0.88258326,-0.99978685,-0.0125053525,-0.01642564,-0.0033216476,0.8827299,-0.46986908
1356625396538,0.01084739,-0.4512415,-0.8923359,-0.9999325,-0.008596003,-0.0078084767,-0.004147023,0.89236045,-0.45130432
1356625396578,-0.03476125,-0.41171452,-0.91064966,-0.99935603,0.0062116385,0.035338968,-0.008892924,0.9112917,-0.41166538
1356625396618,-0.10577312,-0.35734087,-0.9279653,-0.9942085,0.02016005,0.1055606,-0.019013345,0.9337564,-0.35740364
1356625396657,-0.18966728,-0.29525936,-0.9364017,-0.9812491,0.023685038,0.19128293,-0.034299374,0.9551235,-0.2942152
1356625396697,-0.2695769,-0.23501983,-0.9338597,-0.9615005,0.011975527,0.27454212,-0.053339362,0.9719168,-0.2292
1356625396738,-0.3342588,-0.18390086,-0.9243655,-0.93954587,-0.012329638,0.3422011,-0.074328214,0.9828675,-0.16866201
1356625396778,-0.3799798,-0.14467236,-0.91361105,-0.9200913,-0.042449534,0.38939697,-0.0951173,0.9885686,-0.116981864
1356625396818,-0.40817386,-0.11639097,-0.9054542,-0.90580523,-0.07181662,0.41756362,-0.113627255,0.9906036,-0.07611394
1356625396858,-0.42153704,-0.09679499,-0.9016304,-0.8976505,-0.0964306,0.43002874,-0.1285694,0.990622,-0.04623896
1356625396898,-0.42168504,-0.083985806,-0.9028444,-0.8958882,-0.115011394,0.4291348,-0.1398786,0.9898074,-0.026743293
1356625396938,-0.40891504,-0.07670537,-0.9093431,-0.90044165,-0.12801999,0.41571105,-0.1483014,0.9888009,-0.0167194
1356625396978,-0.38335776,-0.073770344,-0.9206492,-0.9104944,-0.1371414,0.39011824,-0.15503824,0.9878007,-0.014593303
1356625397017,-0.34670043,-0.07346809,-0.93509424,-0.92391455,-0.14522535,0.3539654,-0.16180453,0.98666716,-0.017528594
1356625397058,-0.30355078,-0.07340717,-0.94998336,-0.93760467,-0.15442687,0.31152827,-0.1695714,0.9852734,-0.021950483
1356625397097,-0.26063567,-0.071121424,-0.962814,-0.9492328,-0.16307425,0.26900524,-0.17614219,0.984047,-0.025007784
1356625397138,-0.22340721,-0.06571847,-0.97250724,-0.95860416,-0.16589463,0.23142385,-0.17654255,0.9839512,-0.025935948
1356625397177,-0.19377023,-0.0582937,-0.9793135,-0.96677136,-0.15832686,0.20071307,-0.16675198,0.9856645,-0.025677621
1356625397217,-0.17205858,-0.050703406,-0.983781,-0.9740908,-0.14004272,0.17758155,-0.14677536,0.9888464,-0.025294125
1356625397257,-0.1597501,-0.044127464,-0.9861707,-0.97981596,-0.114522815,0.16384512,-0.1201691,0.99244004,-0.024941802
1356625397298,-0.15982598,-0.038738042,-0.98638487,-0.9829259,-0.0860433,0.16264462,-0.09117237,0.995538,-0.024324656
1356625397342,-0.17487252,-0.034514427,-0.98398596,-0.9825933,-0.057515144,0.17664242,-0.062690794,0.9977479,-0.023855805
1356625397377,-0.20440727,-0.0319508,-0.97836435,-0.97825384,-0.029244065,0.20533922,-0.035172105,0.9990616,-0.02527827
1356625397418,-0.24461597,-0.032886744,-0.9690622,-0.969586,-8.4102154E-5,0.244751,-0.00813055,0.99945915,-0.031865954
1356625397458,-0.28661788,-0.041172296,-0.9571599,-0.9578768,0.031032741,0.28549767,0.017948687,0.99867,-0.048332512
1356625397497,-0.31618232,-0.063239574,-0.9465884,-0.9478439,0.06339824,0.31236622,0.04025814,0.99598265,-0.07998663
1356625397538,-0.3167497,-0.106746495,-0.9424833,-0.9469628,0.09230399,0.3078008,0.054138273,0.9899925,-0.13032222
1356625397578,-0.27417448,-0.17611906,-0.9454155,-0.9600868,0.10669252,0.2585537,0.05533254,0.97856975,-0.19834197
1356625397618,-0.18781567,-0.2636089,-0.9461689,-0.98124087,0.09301317,0.16886336,0.043492258,0.9601348,-0.27613318
1356625397658,-0.07292846,-0.3506338,-0.93366885,-0.9970742,0.04713264,0.060180634,0.022904903,0.93532586,-0.35304517
1356625397697,0.039671183,-0.41681746,-0.90812415,-0.99921083,-0.014736176,-0.036886603,0.0019927025,0.9088708,-0.41707313
