1356625946587,-0.011639714,-0.1575203,-0.98744714,-0.12567002,-0.9794536,0.15772651,-0.9920038,0.12592839,-0.008395016
1356625946607,0.022315472,0.24042338,0.9704116,0.12421143,0.96246576,-0.24131113,-0.9920048,0.12592119,-0.008385479
1356625946634,0.022344917,0.24036434,0.97042555,0.124169886,0.9624849,-0.24125665,-0.99200934,0.1258885,-0.008339345
1356625946667,0.02241221,0.24037126,0.97042227,0.12405936,0.962495,-0.2412729,-0.9920217,0.12579742,-0.008248687
1356625946707,0.022636473,0.2402732,0.97044134,0.123692006,0.96255887,-0.2412068,-0.99206245,0.12549591,-0.007930934
1356625946748,0.023302734,0.24024254,0.9704331,0.12291182,0.96264404,-0.2412657,-0.992144,0.12489985,-0.00709641
1356625946787,0.024628133,0.24077046,0.97026956,0.121629626,0.962632,-0.24196252,-0.99227,0.123972625,-0.005576968
1356625946827,0.026494741,0.24340437,0.9695629,0.1199619,0.9621202,-0.24481402,-0.99242485,0.12279688,-0.0037081242
1356625946870,0.028626025,0.24892345,0.9681,0.1180168,0.9608815,-0.25055707,-0.99259883,0.12142451,-0.0018709302
1356625946909,0.030849934,0.25810835,0.9656233,0.11598786,0.958632,-0.2599452,-0.99277145,0.12001988,-3.6370754E-4
1356625946947,0.03317347,0.27034792,0.9621909,0.11409783,0.9554025,-0.2723743,-0.99291545,0.118819505,8.478761E-4
1356625946988,0.03563419,0.28349236,0.9583122,0.11244016,0.9516951,-0.28571588,-0.9930194,0.11793404,0.0020369291
1356625947029,0.03821507,0.29693574,0.95413256,0.11098169,0.9476615,-0.299367,-0.99308753,0.11733159,0.0032604933
1356625947068,0.040556014,0.31053844,0.9496952,0.109635346,0.94335514,-0.31314722,-0.99314415,0.116820164,0.004212737
1356625947107,0.04232827,0.32441542,0.9449672,0.10824875,0.938758,-0.32713255,-0.9932223,0.116138466,0.004618466
1356625947150,0.04339078,0.3380627,0.9401228,0.106661014,0.9340633,-0.3408066,-0.9933482,0.11506228,0.0044716597
1356625947187,0.04378754,0.35103607,0.9353375,0.10482046,0.92945373,-0.35373497,-0.99352664,0.11353167,0.0039027333
1356625947228,0.042644292,0.3539759,0.9342818,0.10323639,0.9285656,-0.35652226,-0.9937422,0.111655526,0.0030548573
1356625947267,0.04260516,0.36981517,0.928128,0.10090873,0.9226283,-0.37225595,-0.99398303,0.10951623,0.0019911528
1356625947308,0.040929854,0.37404907,0.92650527,0.09905876,0.9211948,-0.37628117,-0.9942394,0.10717958,6.515384E-4
1356625947348,0.039731413,0.38835704,0.92065203,0.09680453,0.9155493,-0.39038223,-0.99451005,0.10463373,-0.0012186766
1356625947388,0.037418097,0.40113974,0.91525227,0.09474526,0.91034365,-0.40286183,-0.994798,0.101790115,-0.0039427876
1356625947428,0.033898294,0.41328743,0.90996957,0.09298089,0.9052397,-0.41460302,-0.9950907,0.098664135,-0.0077417493
1356625947468,0.029080838,0.42552274,0.90448034,0.09185673,0.8998966,-0.4263196,-0.9953475,0.09548032,-0.01291734
1356625947508,0.022721324,0.43865067,0.8983703,0.09206383,0.89386606,-0.4387798,-0.9954938,0.09267709,-0.02007407
1356625947548,0.014444381,0.45341936,0.8911803,0.09457359,0.8866581,-0.45265144,-0.99541306,0.09082039,-0.030074239
1356625947588,0.0037747584,0.47058254,0.88234794,0.10034622,0.87772226,-0.46854484,-0.9949454,0.09030892,-0.043908
1356625947628,-0.009841055,0.49068686,0.8712804,0.11019179,0.8665482,-0.4867772,-0.9938616,0.09121758,-0.06259745
1356625947667,-0.024722371,0.5074841,0.86130637,0.12216388,0.8566462,-0.5012318,-0.992202,0.092828885,-0.08317453
1356625947821,-0.040747132,0.52160233,0.8522152,0.13602354,0.84787875,-0.51244444,-0.9898673,0.09504068,-0.10549879
1356625947825,-0.05796826,0.52934897,0.84642154,0.15120636,0.8427213,-0.5166793,-0.9868011,0.09803331,-0.128892
1356625947826,-0.07551986,0.5258164,0.84723896,0.1650709,0.8445346,-0.50942415,-0.9833861,0.10138287,-0.15057611
1356625947827,-0.09582189,0.5257964,0.84519607,0.18419048,0.8438058,-0.50404936,-0.9782086,0.10737808,-0.17770171
1356625947853,-0.120250285,0.5014518,0.85678816,0.19849628,0.8577678,-0.4741662,-0.9726968,0.113050655,-0.20268315
1356625947885,-0.14454445,0.47836456,0.8661837,0.21075794,0.87017345,-0.44539773,-0.96679264,0.11817531,-0.2265979
1356625947926,-0.17060798,0.46073264,0.87098706,0.2229578,0.87907094,-0.4213361,-0.9597827,0.12231004,-0.25270045
1356625947967,-0.19962281,0.44123736,0.8749058,0.23220327,0.8887461,-0.39523667,-0.95196235,0.12425773,-0.27987075
1356625948007,-0.22968453,0.42327756,0.87640244,0.23766287,0.89760894,-0.37123385,-0.9438016,0.12302166,-0.30676425
1356625948046,-0.25879323,0.40913165,0.8750071,0.2392506,0.9047907,-0.35229668,-0.935834,0.118173964,-0.3320387
1356625948087,-0.28529155,0.39943376,0.87124133,0.2375277,0.91012764,-0.33948237,-0.92854154,0.1100925,-0.3545283
1356625948127,-0.30808455,0.39362648,0.86610746,0.2335603,0.91382253,-0.33223176,-0.9222437,0.099932835,-0.37347013
1356625948166,-0.32630438,0.38929802,0.8613783,0.22842713,0.91672343,-0.32777914,-0.91724944,0.08980638,-0.3880571
1356625948208,-0.33863616,0.38102257,0.8603182,0.22246504,0.9208381,-0.3202599,-0.91424,0.08293915,-0.39659333
1356625948248,-0.34348506,0.3622628,0.8664778,0.21529634,0.9284143,-0.30281085,-0.91414744,0.0825385,-0.39689028
1356625948288,-0.33990836,0.32958406,0.88081586,0.20675151,0.9398562,-0.27189,-0.9174509,0.08969232,-0.38760698
1356625948328,-0.3280151,0.28406048,0.90095264,0.19702834,0.95331705,-0.22883715,-0.9238971,0.10245116,-0.36867034
1356625948368,-0.30849642,0.22883119,0.923291,0.18612911,0.96639156,-0.1773226,-0.93283755,0.117147945,-0.34072047
1356625948408,-0.2821921,0.16709399,0.9446942,0.17414507,0.9772777,-0.12083791,-0.9434199,0.13041435,-0.30487865
1356625948448,-0.2501127,0.10203755,0.96282494,0.16165102,0.9848743,-0.062382244,-0.9546269,0.14003906,-0.26282406
1356625948488,-0.2138314,0.03786057,0.9761366,0.14941289,0.9887589,-0.0056199133,-0.96537656,0.14464568,-0.21708453
1356625948528,-0.17559963,-0.020504292,0.9842482,0.13800968,0.9893974,0.045233846,-0.9747401,0.14377882,-0.17090803
1356625948568,-0.13769925,-0.06919101,0.9880544,0.12749928,0.9880194,0.08695737,-0.98223364,0.1379502,-0.12722772
1356625948631,-0.10226518,-0.10511992,0.98918736,0.11809223,0.98608595,0.11699906,-0.98772264,0.12878026,-0.08842838
1356625948648,-0.07094365,-0.12669909,0.98940104,0.110054694,0.98485017,0.13400766,-0.9913904,0.11839522,-0.05592507
1356625948688,-0.044543892,-0.13429645,0.9899395,0.10316462,0.9850069,0.13826934,-0.99366635,0.10828579,-0.030021429
1356625948728,-0.023078501,-0.12948394,0.99131286,0.0966097,0.9866474,0.13112369,-0.9950547,0.09879658,-0.01026094
1356625948768,-0.005998225,-0.11457285,0.9933967,0.08949573,0.9893666,0.11464843,-0.9959691,0.08959247,0.00431937
1356625948808,0.0075088143,-0.09225155,0.9957075,0.08141541,0.9924861,0.091339126,-0.996652,0.08038007,0.01496309
1356625948848,0.01836598,-0.0650605,0.99771225,0.07259168,0.9953338,0.06356913,-0.9971926,0.0712581,0.023003101
1356625948888,0.02748692,-0.035271294,0.9989997,0.06360156,0.9974141,0.033465352,-0.99759674,0.06261808,0.029659152
1356625948928,0.035494566,-0.0043823496,0.99936014,0.05492227,0.9984877,0.0024278369,-0.9978594,0.054800957,0.035681605
1356625948968,0.042421043,0.027536606,0.9987203,0.04670868,0.99847245,-0.029513747,-0.9980074,0.047900915,0.041070044
1356625949008,0.047924876,0.06120006,0.99697435,0.038536288,0.9972648,-0.06307035,-0.9981073,0.041442335,0.04543537
1356625949048,0.052082658,0.09643711,0.9939754,0.02946626,0.9947446,-0.098055705,-0.9982079,0.034395736,0.0489673
1356625949088,0.055893183,0.13119847,0.9897791,0.018860586,0.9910133,-0.13242711,-0.9982585,0.02606957,0.052916408
1356625949128,0.060604095,0.1624693,0.9848507,0.007928856,0.9865548,-0.16323835,-0.9981304,0.017701656,0.058501065
1356625949168,0.06628665,0.18859112,0.97981614,1.6131252E-4,0.98197377,-0.18901733,-0.99780065,0.012687378,0.06506133
1356625949208,0.071504205,0.20961912,0.9751651,-5.759746E-4,0.9776761,-0.21011665,-0.9974401,0.0144625455,0.07002866
1356625949248,0.07451716,0.2252691,0.97144276,0.007952601,0.9739859,-0.22646886,-0.99718803,0.02460131,0.07078719
1356625949288,0.0740186,0.23388511,0.96944267,0.025523543,0.9713465,-0.2362932,-0.9969302,0.042233698,0.0659281
1356625949328,0.06895441,0.23343697,0.9699239,0.050257415,0.97019076,-0.2370741,-0.9963531,0.06509317,0.05516702
1356625949368,0.05842921,0.2222494,0.97323745,0.07965113,0.9707571,-0.2264649,-0.9951089,0.09075162,0.039018154
1356625949408,0.04171115,0.19964543,0.97897995,0.11129836,0.972806,-0.2031284,-0.9929112,0.11743158,0.018356621
1356625949448,0.018138677,0.16669376,0.9858419,0.14297022,0.9754391,-0.16756532,-0.9895607,0.14398545,-0.00613904
1356625949488,-0.012930512,0.12729655,0.9917804,0.17252932,0.97727126,-0.123184904,-0.98491955,0.16951837,-0.034599006
1356625949528,-0.051850826,0.087005705,0.99485755,0.19745404,0.9774244,-0.07519002,-0.97894,0.19253998,-0.06785989
1356625949568,-0.098083526,0.05083902,0.9938787,0.21440382,0.9763209,-0.02878189,-0.97180784,0.21026838,-0.10666108
1356625949629,-0.1499958,0.022381961,0.98843324,0.21984997,0.9754685,0.011274084,-0.9639332,0.21899809,-0.15123689
1356625949649,-0.20526788,0.0031331703,0.9787008,0.21136442,0.9765385,0.04120429,-0.95560986,0.21532045,-0.20111418
1356625949688,-0.25987905,-0.009571157,0.9655937,0.19032112,0.97982895,0.06093514,-0.94669986,0.19960865,-0.25281543
1356625949728,-0.3107616,-0.016076453,0.95035195,0.16065452,0.98458266,0.06918894,-0.9368124,0.17417958,-0.3033877
1356625949768,-0.3551325,-0.019580118,0.93461096,0.12836754,0.9892882,0.06950258,-0.9259604,0.14465633,-0.34881496
1356625949808,-0.39092004,-0.022916064,0.9201393,0.09874209,0.99287665,0.06667805,-0.91511285,0.11692226,-0.3858726
1356625949846,-0.4164587,-0.029621927,0.908672,0.07476342,0.99496806,0.066700354,-0.90607536,0.09571336,-0.41214848
1356625949886,-0.4305901,-0.043134913,0.9015162,0.05697099,0.99556637,0.074845925,-0.90074766,0.08358818,-0.42622358
1356625949926,-0.43272614,-0.06581713,0.8991197,0.04426417,0.99457747,0.09410816,-0.90043813,0.080521844,-0.42746633
1356625949966,-0.42305535,-0.098033376,0.90078497,0.034529768,0.99166363,0.12414076,-0.9054457,0.083622314,-0.41614354
1356625950008,-0.40136623,-0.13957737,0.90522003,0.026039016,0.986182,0.1636065,-0.9155475,0.08923715,-0.3921857
1356625950046,-0.3682559,-0.1880722,0.9105034,0.018741816,0.97762537,0.209517,-0.9295355,0.09422037,-0.3564915
1356625950088,-0.32602686,-0.23876661,0.9147114,0.014220595,0.96623135,0.25728342,-0.94525355,0.09688905,-0.31162196
1356625950128,-0.27829623,-0.28621495,0.9168599,0.014103904,0.95324934,0.30185556,-0.9603917,0.09693658,-0.26124895
1356625950168,-0.22921062,-0.3256954,0.9172704,0.018739894,0.94070774,0.33870012,-0.9731965,0.0948232,-0.2095167
1356625950209,-0.18203974,-0.35483408,0.9170357,0.026883528,0.9304739,0.36537045,-0.9829236,0.09116508,-0.15984404
1356625950248,-0.13911691,-0.37280113,0.9174234,0.036633715,0.92386055,0.38097197,-0.9895981,0.086608276,-0.11486757
1356625950288,-0.10201618,-0.3796023,0.919508,0.046228647,0.92152274,0.38556302,-0.99370813,0.081841245,-0.07646173
1356625950329,-0.07134494,-0.37588573,0.92391545,0.05449465,0.9234236,0.3798937,-0.99596196,0.077451944,-0.045397818
1356625950368,-0.04673874,-0.3625009,0.93081075,0.060977533,0.92905587,0.3648793,-0.99704427,0.07381253,-0.021318495
1356625950408,-0.027129173,-0.34176987,0.9393921,0.06561296,0.9371026,0.3428318,-0.99747634,0.07093701,-0.0029982924
1356625950448,-0.011398107,-0.31525898,0.94893724,0.0685522,0.94651973,0.31527922,-0.9975824,0.06864532,0.01082319
1356625950488,0.0011822283,-0.2840119,0.95882,0.06986836,0.956501,0.28323883,-0.9975555,0.06665633,0.020974278
1356625950528,0.010970591,-0.24884519,0.9684811,0.06935084,0.9663966,0.247524,-0.99753195,0.06444951,0.027859569
1356625950568,0.018402368,-0.21120338,0.9772689,0.066288605,0.9755416,0.20958182,-0.9976308,0.060924977,0.03195268
1356625950628,0.024550557,-0.17252187,0.9846997,0.06004743,0.9834726,0.17080978,-0.9978936,0.05493521,0.034504294
1356625950648,0.030564755,-0.13494071,0.99038213,0.051075447,0.98976153,0.13327987,-0.99822694,0.046510547,0.037144005
1356625950688,0.036776274,-0.09928732,0.9943789,0.04190498,0.99433005,0.09773263,-0.99844444,0.038075197,0.04072839
1356625950728,0.04212451,-0.064729884,0.99701333,0.036284927,0.9973399,0.06321803,-0.99845326,0.03351353,0.044361174
1356625950768,0.045025855,-0.03067169,0.99851495,0.037184294,0.9988874,0.029006386,-0.9982936,0.035823032,0.046116292
1356625950808,0.044306308,0.002225006,0.99901557,0.045639656,0.99894893,-0.0042489786,-0.997975,0.045782983,0.04415816
1356625950848,0.039421618,0.031109849,0.9987383,0.060651407,0.99759775,-0.033468325,-0.99738026,0.061894257,0.03744006
1356625950888,0.030040711,0.052282225,0.9981805,0.08014214,0.9952901,-0.05454276,-0.99633074,0.08163483,0.025709212
1356625950928,0.015995562,0.06205792,0.9979444,0.101798736,0.9927847,-0.063368745,-0.9946764,0.1026031,0.009562731
1356625950968,-0.0031322837,0.05900771,0.99825263,0.12396451,0.99058044,-0.058165222,-0.9922817,0.1235657,-0.01041764
1356625951008,-0.028193504,0.044522874,0.99861044,0.14542848,0.9885611,-0.039968997,-0.988967,0.14409955,-0.034345925
1356625951048,-0.060201705,0.022780932,0.9979263,0.16474509,0.986256,-0.012575977,-0.98449725,0.16364634,-0.06312734
1356625951088,-0.0996148,-8.86634E-4,0.9950257,0.17944276,0.983588,0.018840961,-0.978712,0.18042699,-0.09782082
1356625951128,-0.14588612,-0.021526724,0.9890672,0.18593805,0.98134965,0.048784368,-0.97167087,0.19102219,-0.13916266
1356625951168,-0.19648463,-0.037336335,0.9797958,0.18094747,0.9807306,0.073658496,-0.96366584,0.19176432,-0.18594253
1356625951208,-0.24810964,-0.046781596,0.96760166,0.16378267,0.98242855,0.08949514,-0.9547862,0.180681,-0.23608798
1356625951248,-0.2970211,-0.05095171,0.9535105,0.13769913,0.98585224,0.095573574,-0.94489014,0.15968493,-0.2858029
1356625951288,-0.340219,-0.050960317,0.9389643,0.10867429,0.989709,0.0930908,-0.9340454,0.13371255,-0.33117974
1356625951328,-0.37585625,-0.048152424,0.92542607,0.08291524,0.99289596,0.08533859,-0.92296106,0.10880697,-0.36919355
1356625951368,-0.40275118,-0.044720523,0.91421634,0.064542286,0.99493194,0.07710249,-0.91303104,0.09005874,-0.39782363
1356625951408,-0.41976595,-0.044139635,0.9065584,0.05446678,0.9957917,0.07370422,-0.90599656,0.08031585,-0.4155953
1356625951448,-0.42601746,-0.050180614,0.9033222,0.050762795,0.99556184,0.07924497,-0.9032897,0.07961491,-0.42157942
1356625951488,-0.42104,-0.06520535,0.9046954,0.050660163,0.9941653,0.09523079,-0.9056263,0.08592798,-0.41528004
1356625951528,-0.40497458,-0.09036068,0.9098519,0.050590597,0.9913657,0.12097395,-0.91292727,0.09502133,-0.3969065
1356625951568,-0.37716648,-0.12644657,0.91747296,0.048560664,0.9865732,0.15593295,-0.92487144,0.103365794,-0.36596203
1356625951631,-0.33798176,-0.17139888,0.9254138,0.04499887,0.97920954,0.19779716,-0.9400763,0.108494416,-0.32324225
1356625951648,-0.28989154,-0.22007795,0.9314121,0.04252179,0.96927917,0.24225974,-0.9561144,0.109834366,-0.27162772
1356625951688,-0.2367928,-0.26649216,0.93429714,0.043852568,0.95773447,0.28429148,-0.97057,0.10828951,-0.21509826
1356625951728,-0.18402436,-0.30383742,0.93478227,0.0500222,0.9468969,0.3176226,-0.98164797,0.10521015,-0.15905344
1356625951768,-0.13511887,-0.32947463,0.93444604,0.05903168,0.93874264,0.33952543,-0.9890694,0.10103822,-0.10739243
1356625951808,-0.09199622,-0.3421749,0.93512195,0.06789644,0.9347632,0.34872317,-0.9934419,0.09557268,-0.0627622
1356625951848,-0.055498037,-0.34195685,0.9380755,0.074385986,0.9354964,0.3454175,-0.9956841,0.08894965,-0.02648139
1356625951888,-0.026244938,-0.32856774,0.94411564,0.077784434,0.94090635,0.32961315,-0.9966247,0.08208818,8.634329E-4
1356625951928,-0.004541781,-0.30179363,0.9533625,0.0784493,0.95032656,0.30120632,-0.9969078,0.07615861,0.01935935
1356625951968,0.010135651,-0.26241696,0.9649012,0.077309564,0.9622683,0.2608888,-0.9969555,0.071951844,0.030040562
1356625952008,0.019024014,-0.21253815,0.97696763,0.07527396,0.9746756,0.21057378,-0.99698144,0.06953426,0.034540832
1356625952048,0.02355805,-0.15489617,0.9876498,0.0725897,0.98558134,0.1528403,-0.99708354,0.0680926,0.034462214
1356625952088,0.025159478,-0.092434876,0.9954008,0.06868621,0.9935228,0.09052438,-0.997321,0.06609277,0.031345546
1356625952128,0.02534759,-0.028303213,0.99927795,0.062735096,0.9976739,0.02666645,-0.9977083,0.062013872,0.027064264
1356625952168,0.025614798,0.03430184,0.9990833,0.054735966,0.99786377,-0.035663314,-0.9981723,0.055599295,0.023682535
1356625952208,0.026880682,0.092980064,0.99530506,0.046624444,0.99446464,-0.094160765,-0.9985508,0.04893665,0.022396743
1356625952248,0.029078633,0.14609915,0.98884255,0.041533727,0.9882299,-0.14723,-0.9987139,0.04535156,0.022668362
1356625952288,0.031331003,0.19342944,0.98061377,0.04251685,0.9799495,-0.19465685,-0.99860436,0.047791414,0.02247876
1356625952328,0.03258595,0.23402023,0.9716855,0.051159255,0.97053677,-0.23545924,-0.9981588,0.05738338,0.019653559
1356625952368,0.03192565,0.2658859,0.9634757,0.06711873,0.96122074,-0.26748767,-0.9972341,0.073207,0.012841642
1356625952408,0.028412908,0.28670308,0.9575981,0.088558406,0.95349586,-0.2881025,-0.99566567,0.092989184,0.001701653
1356625952448,0.020974457,0.29473892,0.95534766,0.11308444,0.9487262,-0.29517883,-0.993364,0.11422618,-0.01343137
1356625952488,0.008487582,0.28964,0.957098,0.13858674,0.94755507,-0.2879811,-0.9903139,0.13508537,-0.032097816
1356625952528,-0.0101206,0.2732414,0.96189225,0.16370097,0.9494163,-0.267975,-0.98645806,0.15475063,-0.054338574
1356625952568,-0.03551948,0.24895786,0.96786284,0.18722953,0.9529835,-0.23825945,-0.98167384,0.17274965,-0.08046174
1356625952631,-0.06778672,0.22442594,0.97213066,0.20780277,0.9561786,-0.20625317,-0.9758191,0.18803021,-0.11145258
1356625952647,-0.10649818,0.20801438,0.9723107,0.22327377,0.95790243,-0.18047649,-0.9689205,0.19787106,-0.14845902
1356625952688,-0.15041807,0.20664656,0.9667842,0.23135081,0.9581147,-0.16879855,-0.9611718,0.19827594,-0.19192564
1356625952728,-0.19736436,0.2238446,0.9544322,0.2316264,0.9566647,-0.17647079,-0.9525736,0.18624267,-0.24065983
1356625952768,-0.24364886,0.2566666,0.93528473,0.22734754,0.95259225,-0.20219047,-0.9428406,0.16337119,-0.29045057
1356625952808,-0.28583378,0.30135337,0.9096621,0.22366987,0.9440269,-0.24245624,-0.9318105,0.13416182,-0.33723843
1356625952856,-0.32236266,0.35582298,0.87719566,0.22475278,0.92893654,-0.29421607,-0.919548,0.102307886,-0.37942666
1356625952896,-0.3470514,0.39689964,0.8497212,0.22968137,0.91441345,-0.33330834,-0.9092865,0.079490036,-0.40850896
1356625952936,-0.35970682,0.41539568,0.83549833,0.23291136,0.90706193,-0.35070065,-0.9035282,0.06844765,-0.42302674
1356625952976,-0.3612388,0.40905604,0.8379616,0.23041031,0.90993476,-0.34486204,-0.9035583,0.06849742,-0.42295444
1356625953016,-0.35256892,0.3798608,0.85521984,0.22048655,0.9218963,-0.31857955,-0.9094399,0.076243244,-0.40878618
1356625953056,-0.3339178,0.33079898,0.88265,0.20283808,0.93967664,-0.27543515,-0.92051923,0.08706233,-0.38087338
1356625953096,-0.3052101,0.26539347,0.91455626,0.17891565,0.9592592,-0.21865717,-0.9353267,0.09689204,-0.34025866
1356625953136,-0.26710433,0.18902619,0.9449467,0.15269096,0.9764877,-0.15217507,-0.9514939,0.1036382,-0.28968668
1356625953176,-0.22202453,0.11047174,0.9687627,0.12971655,0.98807573,-0.082945175,-0.966374,0.107248686,-0.23370707
1356625953216,-0.17375347,0.03953225,0.9839953,0.113751344,0.9933115,-0.019820362,-0.97819746,0.108486935,-0.17708814
1356625953256,-0.12584889,-0.016544953,0.9919114,0.10470992,0.99405426,0.029865775,-0.9865079,0.10762155,-0.1233682
1356625953296,-0.08069742,-0.054162145,0.99526596,0.09985554,0.99305975,0.062138505,-0.99172413,0.104397245,-0.074728966
1356625953336,-0.039806277,-0.07175591,0.9966276,0.09616799,0.99251276,0.075300686,-0.9945689,0.09884111,-0.032607615
1356625953376,-0.004197091,-0.068850584,0.99761814,0.091557465,0.9934102,0.06894536,-0.9957909,0.09162876,0.0021343827
1356625953416,0.025525898,-0.045721002,0.9986281,0.08499362,0.9954357,0.04340232,-0.9960545,0.083769135,0.029295385
1356625953456,0.049094975,-0.0034524128,0.9987881,0.07635921,0.9970803,-3.0688941E-4,-0.99587095,0.07628174,0.049215257
1356625953496,0.066364914,0.05654269,0.996192,0.066242844,0.9959408,-0.060941435,-0.995594,0.07003497,0.062349975
1356625953536,0.07746151,0.13232341,0.9881752,0.055479955,0.9890454,-0.13678892,-0.99545056,0.06541979,0.069271624
1356625953578,0.083280385,0.2193419,0.97208726,0.044385202,0.97369134,-0.22350642,-0.9955373,0.06176001,0.07135385
1356625953632,0.085610956,0.31025267,0.9467914,0.032305256,0.94891626,-0.31387007,-0.9958048,0.057457075,0.071214855
1356625953658,0.086479425,0.3972176,0.91364074,0.018735826,0.91626585,-0.4001323,-0.9960774,0.051721007,0.07179594
1356625953715,0.08746308,0.47364002,0.8763648,0.005169347,0.87950855,-0.475855,-0.9961543,0.04614997,0.07447612
1356625953736,0.08965379,0.5350287,0.8400634,-0.004801482,0.8436824,-0.5368211,-0.99596137,0.04409446,0.07820827
1356625953777,0.093412906,0.5788722,0.81005,-0.007248968,0.8139814,-0.5808457,-0.99560106,0.048386484,0.08023256
1356625953813,0.09790703,0.6046231,0.7904715,5.3942204E-6,0.7942872,-0.6075424,-0.99519557,0.059486926,0.07776302
1356625953843,0.10143888,0.61280787,0.78369427,0.013197184,0.78685945,-0.61699116,-0.9947543,0.07292947,0.07173079
1356625953886,0.101725996,0.6124745,0.7839176,0.036237538,0.7852011,-0.6181797,-0.99415225,0.0912922,0.057680786
1356625953926,0.096723944,0.5922146,0.799954,0.06674978,0.7980534,-0.5988783,-0.9930704,0.11132263,0.03766066
1356625953966,0.084581465,0.555047,0.82750756,0.101072,0.8214209,-0.56129515,-0.99127716,0.13111301,0.013377309
1356625954006,0.06369844,0.5029468,0.86196697,0.13633758,0.8512373,-0.5067614,-0.9886124,0.14979838,-0.01434809
1356625954046,0.032973558,0.4410314,0.89688575,0.1698934,0.88184047,-0.43987912,-0.9849106,0.16687936,-0.045850933
1356625954086,-0.007845342,0.3783229,0.92564046,0.19882351,0.90777725,-0.3693368,-0.98000395,0.18114153,-0.08234131
1356625954126,-0.058022022,0.32580218,0.9436559,0.22010991,0.9261618,-0.30622852,-0.973748,0.18994004,-0.12545007
1356625954166,-0.11580169,0.29190424,0.94941133,0.23148105,0.9374539,-0.25999358,-0.96592265,0.18966302,-0.17612904
1356625954206,-0.1781235,0.27858064,0.9437504,0.2325004,0.9438468,-0.23472694,-0.95614624,0.17761195,-0.23289138
1356625954246,-0.24048477,0.28125045,0.9290131,0.22541973,0.9471162,-0.22837877,-0.944115,0.15449625,-0.29116642
1356625954286,-0.2977584,0.2918151,0.90894663,0.21449345,0.9482401,-0.23416506,-0.9302325,0.12523846,-0.34493887
1356625954326,-0.344839,0.29977953,0.8895045,0.20325834,0.9489944,-0.24103048,-0.91639084,0.0976825,-0.388183
1356625954366,-0.37765867,0.29512736,0.8776524,0.19217773,0.9521886,-0.23749644,-0.90578234,0.07897266,-0.4163192
1356625954406,-0.39433187,0.2723676,0.87767774,0.17994142,0.9594656,-0.21690275,-0.9011789,0.072398916,-0.4273581
1356625954446,-0.39509147,0.23213014,0.88882977,0.16603345,0.9696574,-0.17943627,-0.9035129,0.076681726,-0.42164475
1356625954486,-0.38097888,0.17833418,0.9072221,0.15076354,0.98007184,-0.12934272,-0.9122091,0.08749916,-0.40027297
1356625954526,-0.35292166,0.11538727,0.92851067,0.13457975,0.98830783,-0.07166534,-0.9259236,0.09966647,-0.36432403
1356625954566,-0.3122546,0.048279602,0.948771,0.11882192,0.99284995,-0.011416584,-0.9425384,0.10916989,-0.31575865
1356625954633,-0.26167077,-0.016901996,0.9650093,0.10606487,0.9932873,0.0461577,-0.95931166,0.114431694,-0.25812155
1356625954648,-0.20598865,-0.07256125,0.9758605,0.099102706,0.99057275,0.0945742,-0.97352326,0.11619161,-0.19685572
1356625954688,-0.15002051,-0.11363536,0.9821309,0.09825304,0.9867419,0.12917703,-0.98378885,0.115876526,-0.13686651
1356625954728,-0.09753263,-0.13720566,0.98572916,0.101408616,0.9839262,0.14698853,-0.9900524,0.114297606,-0.08205104
1356625954768,-0.050573915,-0.14359258,0.9883437,0.10516789,0.9833424,0.14824744,-0.99316764,0.11143948,-0.03463018
1356625954808,-0.010167747,-0.133853,0.99094903,0.106795266,0.9851868,0.13417044,-0.9942291,0.107192874,0.004277706
1356625954846,0.023567915,-0.11029551,0.9936193,0.10491101,0.98868054,0.10725888,-0.99420226,0.10171374,0.034872353
1356625954886,0.051086754,-0.07468026,0.99589807,0.09958009,0.9926116,0.06932563,-0.99371725,0.09563,0.058146
1356625954926,0.07263154,-0.028826497,0.9969422,0.09171999,0.9955395,0.022103738,-0.99313253,0.089834094,0.07495153
1356625954966,0.08803025,0.02607083,0.9957766,0.0823666,0.99604356,-0.033359326,-0.9927066,0.084955364,0.08553457
1356625955006,0.09742221,0.08839799,0.9913095,0.072134756,0.9928008,-0.095620096,-0.9926255,0.08082339,0.09034425
1356625955046,0.10196653,0.15484294,0.982663,0.060860906,0.9849901,-0.16152492,-0.9929244,0.07627589,0.09101212
1356625955086,0.10362777,0.22093207,0.96976817,0.04826031,0.9727522,-0.22676888,-0.99344456,0.07030085,0.09014189
1356625955130,0.104322135,0.28229475,0.9536386,0.035533257,0.95720047,-0.28723624,-0.9939086,0.06385098,0.089826345
1356625955168,0.10534915,0.3353926,0.9361695,0.026006177,0.94015706,-0.3397477,-0.9940952,0.060138315,0.090322495
1356625955208,0.107123256,0.37752444,0.9197825,0.02356653,0.92388177,-0.3819517,-0.99396646,0.062592,0.090072274
1356625955249,0.10908288,0.4069295,0.90692294,0.03061147,0.91055954,-0.41224304,-0.99356115,0.07273087,0.086869776
1356625955288,0.10972738,0.42282772,0.8995425,0.047136575,0.90177536,-0.42962706,-0.99284345,0.08954321,0.07901883
1356625955328,0.10699269,0.4253788,0.89866877,0.07120645,0.89825773,-0.43366188,-0.9917067,0.110389695,0.0658173
1356625955368,0.09904343,0.4149775,0.90442467,0.09989709,0.9001555,-0.42395836,-0.99005604,0.13233967,0.04769945
1356625955408,0.084721774,0.3921859,0.9159762,0.13038656,0.9070131,-0.40040812,-0.9878368,0.15335426,0.02570802
1356625955448,0.06326172,0.35856438,0.93135893,0.16060567,0.917407,-0.36410195,-0.98498917,0.17261522,4.492402E-4
1356625955488,0.03382826,0.31781206,0.94755006,0.18908295,0.9289352,-0.31831896,-0.9813782,0.18993372,-0.028668582
1356625955528,-0.0047107637,0.27627268,0.9610677,0.21406955,0.93907726,-0.26890188,-0.976807,0.2044686,-0.063565314
1356625955568,-0.052692026,0.24006502,0.9693258,0.23245664,0.9469578,-0.22188912,-0.9711784,0.21363442,-0.105701804
1356625955633,-0.10923669,0.21509697,0.9704641,0.24078454,0.95295596,-0.18411338,-0.96441174,0.21356082,-0.15588975
1356625955648,-0.17129573,0.20182702,0.9643255,0.23719382,0.9584509,-0.15846415,-0.9562411,0.20158781,-0.21205068
1356625955688,-0.23410708,0.19804189,0.95182633,0.22333112,0.9638062,-0.14560494,-0.94621205,0.1784853,-0.26986277
1356625955728,-0.29236013,0.19961388,0.9352433,0.20380576,0.96851075,-0.14300402,-0.93433875,0.14879929,-0.3238364
1356625955768,-0.3400581,0.20024468,0.91883767,0.18408494,0.97233814,-0.14377508,-0.92221105,0.120252274,-0.36751348
1356625955808,-0.37217462,0.19416833,0.9076259,0.16751304,0.97586757,-0.14007807,-0.9129214,0.09990567,-0.39571887
1356625955848,-0.3859583,0.17813404,0.90515435,0.15528049,0.97972494,-0.1265978,-0.9093536,0.09169132,-0.40579373
1356625955888,-0.38231766,0.1539169,0.9111218,0.14740288,0.98356164,-0.10430223,-0.91219825,0.09442541,-0.39872074
1356625955928,-0.36304647,0.12436645,0.9234339,0.14246048,0.9868092,-0.07689361,-0.92081606,0.10363689,-0.3759749
1356625955968,-0.33004135,0.092683494,0.9394054,0.13808899,0.9892029,-0.049081787,-0.9338116,0.113522515,-0.33927643
1356625956008,-0.28511205,0.06107093,0.9565466,0.13248259,0.99090016,-0.023775954,-0.94929415,0.11994697,-0.2906084
1356625956048,-0.23131806,0.03212583,0.9723476,0.12588212,0.9920412,-0.0028295852,-0.96469975,0.121746644,-0.2335211
1356625956088,-0.173453,0.009125277,0.98479986,0.11995296,0.99270797,0.011928782,-0.97750974,0.12019874,-0.17328274
1356625956128,-0.11646542,-0.005353842,0.9931803,0.11585197,0.9930859,0.018938731,-0.9864148,0.117267594,-0.115039945
1356625956168,-0.06438452,-0.00954514,0.9978795,0.11336616,0.99341094,0.016816929,-0.991465,0.11420852,-0.06287819
1356625956208,-0.019027323,-0.004493907,0.9998089,0.111080855,0.9937896,0.0065808296,-0.9936292,0.11118484,-0.018409967
1356625956248,0.019003421,0.008446332,0.99978375,0.10792008,0.9941046,-0.010449648,-0.9939779,0.10809532,0.01797986
1356625956288,0.049491286,0.028273266,0.99837434,0.10364109,0.99405754,-0.03328871,-0.9933827,0.105120115,0.046266913
1356625956328,0.07270092,0.053861268,0.99589825,0.09846314,0.99327505,-0.06090723,-0.99248147,0.102487296,0.06690866
1356625956368,0.0894005,0.08407906,0.9924406,0.092701286,0.99140275,-0.09234181,-0.9916724,0.10025592,0.08083767
1356625956408,0.10043919,0.118178554,0.98789966,0.08666397,0.9881076,-0.1270145,-0.9911616,0.09837254,0.08900291
1356625956448,0.10650787,0.1558949,0.9820147,0.0801386,0.9830736,-0.16475472,-0.9910771,0.09624496,0.09221184
1356625956488,0.10840356,0.19689512,0.97441316,0.072073996,0.97605324,-0.20524478,-0.99149084,0.09247912,0.09161663
1356625956528,0.10731998,0.24031702,0.9647436,0.06152042,0.96688324,-0.24769366,-0.99231935,0.085933916,0.08898151
1356625956568,0.104714066,0.28479618,0.95285153,0.049395338,0.95544696,-0.29100025,-0.9932749,0.07753827,0.08598113
1356625956634,0.10194564,0.32888383,0.9388517,0.039076373,0.94171643,-0.33413053,-0.99402225,0.07075007,0.083152294
1356625956648,0.099656165,0.37083405,0.92333674,0.03455518,0.9261066,-0.3756761,-0.9944217,0.069344506,0.079477966
1356625956688,0.09794292,0.40917784,0.90718275,0.038228363,0.909346,-0.41428077,-0.9944574,0.07525593,0.073421836
1356625956728,0.09639704,0.44190168,0.8918691,0.050739154,0.89269537,-0.44779515,-0.9940489,0.08841883,0.063631475
1356625956768,0.094153374,0.46740383,0.87901586,0.07081817,0.8775569,-0.4742136,-0.99303573,0.10689908,0.049524248
1356625956808,0.09024611,0.48427135,0.870251,0.09558672,0.8655708,-0.49157938,-0.99132174,0.12754753,0.03182447
1356625956848,0.083447635,0.49241233,0.86635256,0.122825205,0.85767335,-0.49930996,-0.9889139,0.14807618,0.011090159
1356625956888,0.07232922,0.49238583,0.8673666,0.15084675,0.85423994,-0.4975132,-0.9859076,0.16682419,-0.012488306
1356625956927,0.05533853,0.48636514,0.87200147,0.17882295,0.85439134,-0.48789126,-0.9823237,0.18293308,-0.03969246
1356625956968,0.037712544,0.50508213,0.86224693,0.20498382,0.8406018,-0.50136846,-0.9780385,0.19565453,-0.07183242
1356625957008,-0.0017305911,0.4698875,0.8827246,0.2311948,0.85899854,-0.45680454,-0.97290593,0.20329079,-0.110122144
1356625957048,-0.047762603,0.45310593,0.89017624,0.2508425,0.86807483,-0.42839715,-0.9668489,0.20283273,-0.15511978
1356625957088,-0.099402726,0.45310736,0.8858967,0.26289636,0.8706295,-0.41580024,-0.95968986,0.19156733,-0.2056632
1356625957128,-0.15369925,0.46644747,0.8710931,0.26825875,0.86815643,-0.41754228,-0.9510067,0.16950244,-0.25856364
1356625957168,-0.20556453,0.48723853,0.84872955,0.27013516,0.8618076,-0.4293189,-0.94062227,0.14101897,-0.30877733
1356625957208,-0.24978405,0.5093426,0.8235156,0.27182746,0.8531598,-0.44522828,-0.92936414,0.11264317,-0.35155898
1356625957248,-0.28223848,0.5273983,0.8013691,0.2744916,0.84480214,-0.45930785,-0.91923654,0.09033471,-0.38320208
1356625957288,-0.30038464,0.5376828,0.7878237,0.27726558,0.839524,-0.46725076,-0.9126296,0.078081414,-0.40126103
1356625957328,-0.30402124,0.5392202,0.7853742,0.2788947,0.8386554,-0.46784064,-0.9109275,0.07680318,-0.40535468
1356625957368,-0.29457515,0.53322977,0.7930269,0.2782027,0.8417562,-0.46265507,-0.9142368,0.084335566,-0.39630646
1356625957408,-0.27376908,0.5215796,0.80808747,0.27336416,0.84773254,-0.45455647,-0.9221294,0.09645863,-0.37466413
1356625957448,-0.24323514,0.5061885,0.82741153,0.26227513,0.855577,-0.4463181,-0.9338354,0.108449265,-0.34086704
1356625957488,-0.20507377,0.4894334,0.84758466,0.24400169,0.864213,-0.43999898,-0.94784385,0.11657983,-0.29665
1356625957528,-0.16223371,0.47440404,0.8652289,0.21966136,0.87220585,-0.43704218,-0.96199226,0.11915439,-0.24570942
1356625957568,-0.118220985,0.46455058,0.87761974,0.19190606,0.8778442,-0.4388184,-0.97426677,0.116542995,-0.19292969
1356625957635,-0.076230645,0.4626717,0.8832461,0.1631993,0.87966734,-0.4467117,-0.9836436,0.110092014,-0.14256531
1356625957648,-0.038657248,0.47072113,0.88143486,0.13502975,0.8764641,-0.46214455,-0.9900872,0.10115467,-0.097443044
1356625957688,-0.0070881844,0.4895094,0.87196916,0.108438745,0.8672251,-0.48596466,-0.99407786,0.09111065,-0.059228837
1356625957728,0.017804172,0.5176327,0.8554176,0.084251314,0.8517336,-0.5171571,-0.99628544,0.08127761,-0.028446853
1356625957768,0.036381774,0.55401367,0.8317122,0.063700214,0.8292851,-0.55518335,-0.9973057,0.07317881,-0.00511992
1356625957808,0.04944659,0.59531283,0.8019711,0.04708326,0.8006713,-0.59725094,-0.99766636,0.06729141,0.011561215
1356625957848,0.057926364,0.6394044,0.76668537,0.033526003,0.76629585,-0.6416125,-0.9977577,0.062870175,0.02295208
1356625957888,0.062498964,0.6843016,0.7265159,0.021577,0.72684234,-0.6864654,-0.9978118,0.058579415,0.030661702
1356625957928,0.063783616,0.7283498,0.68223023,0.009659082,0.6831397,-0.73022383,-0.99791694,0.05316603,0.036537945
1356625957968,0.06266001,0.77008224,0.6348599,-0.0032037199,0.63626194,-0.7714665,-0.9980298,0.046306193,0.04233533
1356625958008,0.060788915,0.8077136,0.5864329,-0.01613748,0.5882379,-0.808527,-0.99802023,0.039685994,0.04879278
1356625958048,0.06063895,0.8392595,0.5403391,-0.026302934,0.5424909,-0.8396498,-0.9978131,0.03670296,0.0549711
1356625958088,0.06441119,0.86334896,0.5004796,-0.030308157,0.502982,-0.86376536,-0.9974631,0.04046759,0.058564126
1356625958128,0.073040485,0.8794441,0.47036496,-0.025608063,0.47312295,-0.8806242,-0.9970002,0.052276075,0.057078004
1356625958168,0.085452676,0.88788897,0.45205212,-0.011702299,0.45457482,-0.8906317,-0.9962735,0.070816845,0.049234986
1356625958208,0.09929988,0.8892043,0.44660407,0.010367334,0.44787344,-0.8940369,-0.9950035,0.09340784,0.035255075
1356625958248,0.11202867,0.8837243,0.45440194,0.039128304,0.4530028,-0.89065003,-0.99293435,0.11755836,0.01617068
1356625958288,0.121309444,0.8712452,0.47562152,0.07286292,0.47005165,-0.8796263,-0.9899369,0.14136216,-0.0064597726
1356625958328,0.12507325,0.8514337,0.5093304,0.11034036,0.49823982,-0.85998964,-0.9859928,0.1637614,-0.031630993
1356625958368,0.12111676,0.8245259,0.5527096,0.15082401,0.5350575,-0.8312434,-0.9811131,0.18403938,-0.05955392
1356625958408,0.10697225,0.79274595,0.60009235,0.1931197,0.5754945,-0.7946766,-0.9753265,0.20089799,-0.091532886
1356625958448,0.080670536,0.76127183,0.6433952,0.23439854,0.61290705,-0.7545874,-0.96878767,0.21168384,-0.1289975
1356625958488,0.042225935,0.73678154,0.67481095,0.27073544,0.6417054,-0.71757686,-0.9617272,0.21299556,-0.17237628
1356625958528,-0.0056264326,0.7239033,0.68987846,0.29947138,0.6594459,-0.6895274,-0.9540887,0.2027193,-0.22049868
1356625958568,-0.05830091,0.72276276,0.68863267,0.32067758,0.6668073,-0.6727064,-0.94539243,0.18160965,-0.27064925
1356625958634,-0.11019981,0.7283823,0.67625093,0.33605057,0.66762966,-0.6643348,-0.93537486,0.15404496,-0.31834596
1356625958648,-0.15690774,0.7354232,0.65919095,0.3470409,0.6659504,-0.66035795,-0.92463106,0.12515089,-0.3597147
1356625958688,-0.19514579,0.73787725,0.64610773,0.35352024,0.66740936,-0.6554297,-0.91484505,0.100507796,-0.3910967
1356625958728,-0.22303724,0.7318865,0.6438918,0.3545407,0.6761985,-0.64579916,-0.9080503,0.0842486,-0.41030097
1356625958768,-0.2400895,0.7151443,0.65644926,0.34978184,0.69453573,-0.6287072,-0.90554386,0.07866806,-0.41689527
1356625958807,-0.24673164,0.68746454,0.68301976,0.34006983,0.72140956,-0.6032585,-0.9074558,0.08343145,-0.41178048
1356625958860,-0.24345058,0.6491975,0.720607,0.3259338,0.75451267,-0.56962955,-0.9135092,0.09619351,-0.39528197
1356625958877,-0.23511583,0.6084776,0.7579417,0.3108134,0.7859239,-0.5345266,-0.92093194,0.109902784,-0.37390614
1356625958918,-0.217493,0.55887485,0.80022234,0.28936443,0.8199106,-0.49397862,-0.93218297,0.124118984,-0.3400433
1356625958958,-0.1920898,0.50482005,0.8415808,0.26340544,0.85260534,-0.45131114,-0.94536716,0.1349847,-0.29674911
1356625958997,-0.16079369,0.4511624,0.87783706,0.23519202,0.8813038,-0.4098639,-0.9585563,0.14055675,-0.24781787
1356625959038,-0.1257554,0.40310025,0.90647435,0.20719051,0.9042503,-0.37336764,-0.9701843,0.14085987,-0.1972329
1356625959078,-0.08948457,0.3656589,0.92643726,0.18129185,0.92060983,-0.34584787,-0.9793496,0.13700747,-0.14867139
1356625959118,-0.05456701,0.34286132,0.9377999,0.1580095,0.93033016,-0.3309364,-0.9859287,0.13012308,-0.10494065
1356625959157,-0.023136824,0.33706388,0.9411974,0.13673931,0.9336686,-0.3310063,-0.9903368,0.12104027,-0.06769204
1356625959215,0.0035064816,0.34838668,0.9373443,0.11675767,0.9307963,-0.3463897,-0.99315417,0.11065674,-0.037413
1356625959236,0.024940966,0.37469098,0.9268142,0.09775779,0.9217451,-0.37527236,-0.9948976,0.09996295,-0.013639748
1356625959277,0.04144931,0.4122802,0.9101137,0.07964909,0.90663415,-0.41433144,-0.99596083,0.089663506,0.004741609
1356625959313,0.05358958,0.45692158,0.8878913,0.062409297,0.88589805,-0.45966262,-0.9966109,0.08004582,0.018958747
1356625959355,0.061680675,0.50490296,0.86096954,0.046017334,0.8602561,-0.5077813,-0.99703455,0.070939824,0.02982688
1356625959396,0.06613674,0.5543149,0.8296752,0.030217826,0.8300016,-0.5569418,-0.99735296,0.06190528,0.038143396
1356625959436,0.06786975,0.602258,0.79541117,0.014134407,0.796589,-0.60435593,-0.99759406,0.05226016,0.045551717
1356625959476,0.06866878,0.6458204,0.76039505,-0.0024276078,0.76230013,-0.6472191,-0.99763656,0.04259783,0.05391401
1356625959516,0.07088244,0.6818845,0.72801733,-0.017261386,0.73058236,-0.6826064,-0.9973353,0.03581822,0.06355572
1356625959556,0.076572135,0.7076433,0.70240843,-0.02644819,0.7056705,-0.7080464,-0.99671316,0.035639167,0.07275063
1356625959596,0.08652751,0.72119653,0.6873052,-0.026345879,0.69130796,-0.72207975,-0.995901,0.04437208,0.078817725
1356625959636,0.09998183,0.72126627,0.68540394,-0.014201105,0.68981993,-0.7238417,-0.99488795,0.06263751,0.07921225
1356625959675,0.11334257,0.70791894,0.69714,0.008461773,0.70094836,-0.7131618,-0.9935199,0.0867306,0.07345706
1356625959716,0.123229615,0.68221116,0.72069573,0.040272623,0.72219485,-0.69051623,-0.9915607,0.11411634,0.06152135
1356625959756,0.12637237,0.64297235,0.7553917,0.07845941,0.7526325,-0.6537495,-0.98887527,0.14188349,0.04466474
1356625959796,0.12017715,0.59043527,0.7980875,0.120276004,0.78933257,-0.60206956,-0.98543954,0.1683458,0.02384454
1356625959836,0.10260436,0.5264479,0.84399354,0.16306175,0.8280922,-0.53635275,-0.98126614,0.19265518,-8.776188E-4
1356625959876,0.07234037,0.45713425,0.8864509,0.20371978,0.8632697,-0.46180484,-0.97635293,0.21399471,-0.030678034
1356625959916,0.029177427,0.39190155,0.91954434,0.23820968,0.89070547,-0.38716912,-0.97077537,0.23034096,-0.06736624
1356625959956,-0.025814772,0.34118092,0.9396431,0.26205075,0.909396,-0.32299897,-0.96470875,0.237896,-0.112882555
1356625959996,-0.09019786,0.31096008,0.9461333,0.27198598,0.92158324,-0.2769621,-0.95806473,0.23235357,-0.1677016
1356625960036,-0.15960145,0.30046716,0.940344,0.26833925,0.9298924,-0.25158325,-0.95001125,0.21217814,-0.22903931
1356625960077,-0.22786433,0.3030147,0.92534316,0.2554618,0.93565714,-0.24348508,-0.93958354,0.18090828,-0.29061157
1356625960118,-0.2878714,0.30793524,0.90681094,0.23867024,0.9400852,-0.24346754,-0.92745167,0.14634144,-0.3441186
1356625960158,-0.3333254,0.3040009,0.892456,0.22083443,0.94543123,-0.23956615,-0.9165841,0.11723152,-0.3822701
1356625960198,-0.3609724,0.28403986,0.8882682,0.20289475,0.9535921,-0.22247648,-0.9102377,0.099917084,-0.40185064
1356625960238,-0.37116313,0.24725634,0.89504313,0.18611696,0.96414566,-0.18916558,-0.90972435,0.09637143,-0.40387392
1356625960278,-0.3663394,0.19732165,0.90931827,0.17179152,0.9747987,-0.1423208,-0.9144853,0.10407548,-0.39100534
1356625960318,-0.34913594,0.1388202,0.9267324,0.15973756,0.9833081,-0.08711565,-0.9233569,0.11761878,-0.365483
1356625960358,-0.32171786,0.07587379,0.94379056,0.14847645,0.9884949,-0.028855257,-0.93512154,0.13084742,-0.32928193
1356625960398,-0.28638572,0.012879863,0.9580279,0.13701819,0.99018264,0.027647045,-0.94826645,0.13918495,-0.28533894
