1356626249510,0.008083701,0.014264435,0.9998656,-0.8764658,0.48146403,2.1734834E-4,-0.48139626,-0.8763498,0.016394258
1356626249530,-0.11749655,0.045988858,-0.99200785,0.86859226,-0.47947448,-0.1251069,-0.48139596,-0.8763499,0.016391039
1356626249563,-0.11754143,0.046068102,-0.9919989,0.8685931,-0.4794526,-0.12518471,-0.48138347,-0.87635773,0.01634112
1356626249598,-0.117825925,0.04635799,-0.99195164,0.86858255,-0.47936988,-0.12557483,-0.48133308,-0.87638783,0.016216427
1356626249636,-0.118585825,0.047019184,-0.9918299,0.8685829,-0.47910905,-0.12656295,-0.4811456,-0.8764951,0.015975505
1356626249680,-0.120623946,0.048325956,-0.9915213,0.8685399,-0.47854042,-0.12898627,-0.4807164,-0.87673473,0.015750408
1356626249718,-0.12468231,0.050520897,-0.9909097,0.86837786,-0.47756416,-0.1336129,-0.47997317,-0.87714326,0.015672505
1356626249756,-0.13129735,0.053959817,-0.98987347,0.86795855,-0.47617596,-0.14108369,-0.47896677,-0.87769294,0.015685737
1356626249800,-0.13977641,0.058451533,-0.98845637,0.8673542,-0.4743269,-0.15070045,-0.4776601,-0.87840617,0.015601516
1356626249837,-0.14987326,0.06407717,-0.9866267,0.8665291,-0.47200757,-0.16228473,-0.47609395,-0.8792628,0.0152165
1356626249876,-0.16066784,0.070233196,-0.9845065,0.8655205,-0.4694053,-0.17473647,-0.4744049,-0.8801851,0.014630139
1356626249917,-0.17097145,0.07566586,-0.9823663,0.8644608,-0.46686053,-0.18641058,-0.47273293,-0.881088,0.014409572
1356626249958,-0.18000317,0.079137415,-0.98047745,0.86344385,-0.46479648,-0.1960325,-0.47123608,-0.8818737,0.015334219
1356626249998,-0.17838156,0.07511896,-0.9810898,0.8643909,-0.46442038,-0.19272268,-0.47011524,-0.8824233,0.01791194
1356626250037,-0.1916613,0.078069925,-0.97835124,0.86184114,-0.46353602,-0.20582569,-0.46956983,-0.88263214,0.021558017
1356626250080,-0.20139503,0.07882407,-0.9763334,0.8595152,-0.4638092,-0.21474364,-0.46975932,-0.8824216,0.02565831
1356626250118,-0.20925415,0.07904634,-0.97466123,0.8571608,-0.46487778,-0.2217297,-0.4706252,-0.8818392,0.029522121
1356626250157,-0.21583861,0.079226375,-0.97320956,0.8548024,-0.46640652,-0.2275472,-0.47193903,-0.8810154,0.032945633
1356626250198,-0.22115564,0.07911241,-0.9720244,0.8525758,-0.4682408,-0.23208845,-0.47350258,-0.8800521,0.036104828
1356626250238,-0.22520542,0.078617424,-0.97113425,0.8505912,-0.4702335,-0.23531896,-0.47516006,-0.8790334,0.0390279
1356626250278,-0.2281338,0.078136474,-0.9704894,0.8488922,-0.4721701,-0.23756546,-0.47679862,-0.87803763,0.04138851
1356626250317,-0.23010445,0.07816887,-0.9700214,0.8475325,-0.4737712,-0.23922691,-0.47826833,-0.8771719,0.042766184
1356626250358,-0.23119694,0.07886642,-0.96970516,0.8465671,-0.47487187,-0.24045983,-0.47944993,-0.8765141,0.04302317
1356626250398,-0.23135293,0.07989246,-0.9695839,0.84607345,-0.47544783,-0.24105826,-0.4802453,-0.87610877,0.042401284
1356626250437,-0.23066181,0.08077732,-0.9696753,0.8460611,-0.4755636,-0.24087316,-0.4805993,-0.8759648,0.041351795
1356626250468,-0.22943628,0.08116397,-0.9699337,0.8463609,-0.47547495,-0.239993,-0.480658,-0.87597716,0.040397197
1356626250508,-0.22820258,0.081058025,-0.9702336,0.84693205,-0.47501504,-0.23888665,-0.4802392,-0.8762365,0.039749026
1356626250549,-0.22707146,0.08020884,-0.9705695,0.8477597,-0.47421867,-0.23752919,-0.4793141,-0.8767458,0.0396837
1356626250585,-0.2260263,0.07852042,-0.97095144,0.8488005,-0.4731902,-0.23585764,-0.4779643,-0.87745404,0.040305257
1356626250627,-0.22410858,0.07466328,-0.9716999,0.85043126,-0.47196883,-0.23240474,-0.47596425,-0.8784479,0.042276353
1356626250667,-0.21972007,0.06636834,-0.97330284,0.8531254,-0.47083825,-0.22469628,-0.47318092,-0.8797196,0.046832085
1356626250708,-0.21090019,0.05068761,-0.97619253,0.8573233,-0.47016096,-0.20963183,-0.46959335,-0.881124,0.055701345
1356626250748,-0.19610786,0.02542141,-0.9802527,0.86303246,-0.47011262,-0.18484867,-0.4655283,-0.8822402,0.07025331
1356626250788,-0.17505503,-0.009511113,-0.9845128,0.8696136,-0.4703701,-0.1500808,-0.4616579,-0.88241804,0.09061164
1356626250828,-0.14894903,-0.052022308,-0.9874755,0.87612283,-0.4699738,-0.10739356,-0.45850074,-0.881146,0.11558008
1356626250868,-0.12015164,-0.0988749,-0.9878195,0.88183415,-0.467669,-0.06044939,-0.45599562,-0.8783561,0.14338246
1356626250908,-0.09144825,-0.14718089,-0.98487306,0.8864536,-0.46262985,-0.01317364,-0.45369276,-0.87424904,0.17277575
1356626250948,-0.06535137,-0.19519106,-0.97858554,0.89003336,-0.454821,0.031281978,-0.4511872,-0.8689294,0.20344971
1356626250988,-0.04383582,-0.24196509,-0.9692942,0.8927648,-0.44494164,0.070696026,-0.44838533,-0.8622527,0.23552231
1356626251028,-0.028116941,-0.28686124,-0.95755947,0.8947657,-0.43429643,0.10383138,-0.4456499,-0.8538718,0.26888472
1356626251068,-0.018309653,-0.32953563,-0.9439656,0.895982,-0.42439795,0.13077718,-0.44371277,-0.8433817,0.30302852
1356626251108,-0.013854027,-0.3694361,-0.9291528,0.89628834,-0.4165191,0.15224618,-0.44325513,-0.83067966,0.33689183
1356626251148,-0.013448834,-0.40621483,-0.9136786,0.89568686,-0.41108114,0.16957965,-0.4444818,-0.8160893,0.36936992
1356626251188,-0.016345501,-0.4386389,-0.8985147,0.89443874,-0.40806055,0.18293655,-0.4468915,-0.8006762,0.39900565
1356626251228,-0.021106362,-0.46658266,-0.8842257,0.8927821,-0.4068696,0.19338381,-0.4499941,-0.7853393,0.42514417
1356626251268,-0.02729106,-0.48972124,-0.8714519,0.89088196,-0.40733886,0.20100865,-0.45341438,-0.770875,0.44740045
1356626251308,-0.034535587,-0.50797975,-0.8606764,0.88887954,-0.40927136,0.20588872,-0.4568375,-0.7579272,0.4656672
1356626251348,-0.0430032,-0.52066565,-0.852677,0.8870288,-0.41260546,0.2072114,-0.45970705,-0.7474383,0.4795888
1356626251388,-0.0537194,-0.525582,-0.8490452,0.88565654,-0.41781044,0.20260015,-0.46122295,-0.74107885,0.4879297
1356626251428,-0.067711115,-0.5200355,-0.8514566,0.884825,-0.42561,0.18958083,-0.46097714,-0.7405534,0.4889589
1356626251468,-0.084876776,-0.5028366,-0.8602042,0.8840786,-0.43619478,0.16774732,-0.45956612,-0.7462503,0.4815699
1356626251508,-0.10394865,-0.47484347,-0.87390983,0.8826139,-0.449072,0.13902164,-0.458462,-0.75687385,0.4657839
1356626251548,-0.124589145,-0.43539876,-0.89157474,0.8794138,-0.46456409,0.10397917,-0.45946598,-0.77110845,0.44077522
1356626251585,-0.14406943,-0.3887784,-0.9099974,0.87440556,-0.48056453,0.0668771,-0.46331292,-0.7860719,0.40918475
1356626251627,-0.16392875,-0.33209834,-0.9288907,0.8667573,-0.49809718,0.02511686,-0.47101915,-0.8010055,0.36950114
1356626251666,-0.18274134,-0.26650518,-0.94635123,0.8567751,-0.51528925,-0.02033177,-0.48222607,-0.8145256,0.32249963
1356626251706,-0.19854546,-0.19540247,-0.9604153,0.8455925,-0.5296004,-0.06705782,-0.49553305,-0.82543397,0.27038062
1356626251746,-0.20910257,-0.12422913,-0.96997076,0.83494496,-0.5390318,-0.11095765,-0.5090609,-0.83307374,0.21643744
1356626251786,-0.21254653,-0.059455693,-0.9753404,0.82649124,-0.54342276,-0.14698276,-0.5212832,-0.83735096,0.16464224
1356626251826,-0.20820558,-0.006213337,-0.9780654,0.8209535,-0.5446943,-0.17130002,-0.53168225,-0.8386117,0.11850917
1356626251866,-0.196374,0.032714248,-0.9799832,0.8180732,-0.5455101,-0.18214008,-0.5405493,-0.8374655,0.08036134
1356626251907,-0.17801094,0.056927532,-0.9823805,0.8170004,-0.54789144,-0.17979294,-0.548473,-0.8346103,0.05102077
1356626251948,-0.15422362,0.067554116,-0.98572385,0.8168224,-0.5525896,-0.1656681,-0.55589235,-0.83071125,0.030042648
1356626251988,-0.12624967,0.066937566,-0.98973745,0.81671315,-0.5592977,-0.14200518,-0.56306344,-0.82625973,0.015942454
1356626252028,-0.09535521,0.05813691,-0.99374413,0.81584954,-0.5674165,-0.11148071,-0.570348,-0.821376,0.006675154
1356626252068,-0.06260145,0.043861568,-0.99707425,0.813397,-0.57666504,-0.07643694,-0.57833064,-0.81580234,4.232973E-4
1356626252108,-0.028823197,0.026138455,-0.99924266,0.8088254,-0.5867754,-0.03867969,-0.58734214,-0.8093277,-0.0042286664
1356626252148,0.004856646,0.0074159205,-0.9999608,0.80247116,-0.59669083,-5.277097E-4,-0.5966712,-0.80243707,-0.00884904
1356626252188,0.036973894,-0.009156287,-0.99927425,0.7960987,-0.6041543,0.03499207,-0.6040362,-0.7968148,-0.015048638
1356626252228,0.06589723,-0.02104199,-0.99760455,0.7924078,-0.6065042,0.0651356,-0.6064219,-0.7948019,-0.023293152
1356626252268,0.09028602,-0.027821183,-0.99552715,0.79373264,-0.60174966,0.08880153,-0.60152876,-0.7982,-0.032246947
1356626252327,0.10899472,-0.030878723,-0.9935626,0.80109704,-0.5890396,0.1061877,-0.5885267,-0.80751395,-0.039465353
1356626252346,0.12082058,-0.03223431,-0.9921508,0.8141855,-0.5685659,0.117620885,-0.5678946,-0.82200587,-0.042449728
1356626252387,0.12455225,-0.03386858,-0.99163485,0.8317027,-0.5414354,0.12295666,-0.5410706,-0.84006,-0.03926845
1356626252427,0.11908364,-0.036936015,-0.992197,0.851701,-0.5098196,0.121200114,-0.5103181,-0.8594881,-0.029252782
1356626252453,0.10314101,-0.038423,-0.9939243,0.87093735,-0.47917467,0.108902365,-0.4804477,-0.87687814,-0.015958533
1356626252494,0.084700346,-0.048023105,-0.99524856,0.88941675,-0.44663334,0.09724468,-0.4491811,-0.8934274,0.0048825443
1356626252551,0.05852294,-0.069158554,-0.99588764,0.9074529,-0.4120857,0.081943065,-0.4160581,-0.90851665,0.03864163
1356626252585,0.016852856,-0.09108582,-0.9957005,0.9216062,-0.38478774,0.050798893,-0.3877603,-0.91849977,0.07746047
1356626252616,-0.024491727,-0.116651475,-0.9928709,0.93046683,-0.3658284,0.020028472,-0.36555672,-0.9233429,0.11750001
1356626252657,-0.05730498,-0.15598398,-0.9860959,0.9333226,-0.35902977,0.0025543869,-0.35443625,-0.9201993,0.1661576
1356626252696,-0.084554374,-0.20471281,-0.9751631,0.9305915,-0.36603892,-0.003848344,-0.3561599,-0.907804,0.22145423
1356626252736,-0.10528684,-0.25871024,-0.9601998,0.9228455,-0.38516146,0.0025845766,-0.37050062,-0.885844,0.27930206
1356626252777,-0.11950904,-0.31329837,-0.94210494,0.91136205,-0.41106504,0.021091074,-0.3938742,-0.856078,0.3346542
1356626252816,-0.12803483,-0.36475244,-0.92225957,0.898177,-0.43699068,0.048137754,-0.42057717,-0.8221891,0.38356227
1356626252856,-0.13248903,-0.40992892,-0.9024439,0.88554215,-0.45796096,0.07801795,-0.44526592,-0.78881556,0.42368418
1356626252897,-0.135463,-0.4441129,-0.88567126,0.8753289,-0.47242725,0.10301381,-0.46416497,-0.7612991,0.45274127
1356626252936,-0.13973129,-0.4613266,-0.87615806,0.8682803,-0.48243093,0.11554113,-0.47598797,-0.744606,0.46797147
1356626252976,-0.14645076,-0.45782548,-0.87689674,0.86374205,-0.49127567,0.11223999,-0.48218438,-0.740975,0.4673909
1356626253016,-0.15427256,-0.4346127,-0.8873059,0.86022586,-0.5008419,0.09575385,-0.48601586,-0.7485113,0.45113125
1356626253057,-0.16033596,-0.39562833,-0.90430677,0.8565717,-0.51102304,0.07169688,-0.49048686,-0.76310796,0.42081934
1356626253097,-0.16161418,-0.34534916,-0.92445385,0.852592,-0.52059877,0.04542938,-0.49695852,-0.7808399,0.37857807
1356626253137,-0.1556623,-0.28852898,-0.94473296,0.8488614,-0.5281804,0.021444857,-0.50517684,-0.79860914,0.32713884
1356626253177,-0.14125293,-0.23009959,-0.9628612,0.8459921,-0.5331851,0.003309697,-0.5141449,-0.8141055,0.26997644
1356626253216,-0.11852443,-0.17480347,-0.97744346,0.8441051,-0.53613853,-0.0064742565,-0.52291346,-0.8258324,0.21109806
1356626253256,-0.088626385,-0.1266909,-0.987975,0.8427228,-0.5383074,-0.0065678656,-0.5310023,-0.83317125,0.15447366
1356626253296,-0.053224385,-0.08839178,-0.99466276,0.84094137,-0.54111725,0.0030881763,-0.5385022,-0.8362887,0.10313307
1356626253336,-0.013693452,-0.061531425,-0.99801123,0.8378737,-0.5454154,0.022130787,-0.54569244,-0.8359043,0.059024185
1356626253376,0.029006004,-0.046881646,-0.99847925,0.8329221,-0.5511201,0.050073296,-0.5526295,-0.8331078,0.02306299
1356626253416,0.07429558,-0.04443109,-0.99624586,0.8258809,-0.5571793,0.08643985,-0.55892825,-0.8292026,-0.0047011226
1356626253456,0.121548414,-0.053177714,-0.99116,0.81685036,-0.56193566,0.13032135,-0.5638984,-0.82546973,-0.024864078
1356626253498,0.16988981,-0.07143113,-0.9828708,0.8059715,-0.5638313,0.18028969,-0.56705165,-0.8227952,-0.038217798
1356626253546,0.21828288,-0.09758854,-0.9709938,0.79308796,-0.5620422,0.23477632,-0.568651,-0.8213312,-0.045287848
1356626253578,0.2659158,-0.13039136,-0.9551371,0.7775659,-0.55664414,0.29246965,-0.569807,-0.82045436,-0.04663255
1356626253618,0.3117851,-0.16800246,-0.9351819,0.75878704,-0.5483602,0.35148707,-0.5718673,-0.8191924,-0.043492436
1356626253658,0.35508645,-0.20746198,-0.91152245,0.7367877,-0.5380294,0.40947312,-0.575376,-0.8169969,-0.038191497
1356626253698,0.39530236,-0.24450289,-0.885412,0.7130696,-0.5259394,0.46359417,-0.5790231,-0.81462026,-0.033557534
1356626253738,0.4317329,-0.27499187,-0.8590612,0.6906239,-0.5118495,0.5109292,-0.58021146,-0.8138732,-0.031066302
1356626253778,0.46428823,-0.2970861,-0.83437175,0.67239475,-0.49493796,0.55038315,-0.5764734,-0.81656367,-0.030034717
1356626253818,0.49240863,-0.31121278,-0.81282246,0.6604842,-0.47458708,0.58183146,-0.56682837,-0.8233552,-0.02813971
1356626253858,0.5151795,-0.31947342,-0.7953155,0.65568507,-0.45068794,0.60577005,-0.55196655,-0.83355683,-0.02271122
1356626253898,0.5315445,-0.32446063,-0.782423,0.6578688,-0.42371333,0.6226361,-0.53354394,-0.8456905,-0.01176998
1356626253938,0.5406389,-0.3284279,-0.77449644,0.66641974,-0.39466414,0.6325545,-0.5134144,-0.85812324,0.0055000167
1356626253978,0.54200673,-0.33304483,-0.77156323,0.6805305,-0.3647284,0.635493,-0.49305874,-0.8695138,0.028961957
1356626254018,0.53569293,-0.33961973,-0.77310514,0.69932914,-0.33469257,0.6316008,-0.47325662,-0.87899905,0.058213532
1356626254058,0.5223764,-0.34967816,-0.77771986,0.72166884,-0.30453494,0.62165314,-0.45422137,-0.88599306,0.093269944
1356626254098,0.50377464,-0.36583155,-0.7825461,0.7454708,-0.27358302,0.60780394,-0.43644518,-0.88956153,0.1348925
1356626254138,0.4830783,-0.39182904,-0.7830105,0.76732004,-0.24128395,0.5941399,-0.4217291,-0.8878357,0.1840992
1356626254178,0.46450004,-0.43054223,-0.7738689,0.78334296,-0.20783344,0.58581483,-0.4130539,-0.8783158,0.24072361
1356626254218,0.4513275,-0.4805684,-0.7519026,0.7912524,-0.17405808,0.586194,-0.4125811,-0.8595101,0.30169374
1356626254258,0.4444738,-0.5357492,-0.7179247,0.7914789,-0.1404683,0.59483594,-0.4195285,-0.83261126,0.36159968
1356626254298,0.44188583,-0.5864272,-0.678852,0.7874317,-0.10896599,0.6066941,-0.42975372,-0.8026391,0.41362083
1356626254338,0.4406734,-0.62485445,-0.6444873,0.7828765,-0.08376604,0.6165124,-0.43921667,-0.7762346,0.4522704
1356626254378,0.43804097,-0.64689624,-0.6242158,0.78052676,-0.07079667,0.62110054,-0.44598,-0.7592846,0.47390798
1356626254418,0.43258816,-0.65265626,-0.62201875,0.7808053,-0.07375538,0.6204058,-0.45078892,-0.75405574,0.4776917
1356626254458,0.42409354,-0.6443695,-0.63634324,0.7825421,-0.0929237,0.61562407,-0.45582068,-0.7590476,0.46483788
1356626254498,0.41261667,-0.62378395,-0.66380805,0.78422034,-0.12746972,0.60724777,-0.46340686,-0.7711323,0.43658793
1356626254551,0.39891112,-0.59272665,-0.69967496,0.7845606,-0.17437422,0.595028,-0.47469425,-0.7863007,0.39547014
1356626254578,0.38312042,-0.5513955,-0.74106795,0.783197,-0.231431,0.5770979,-0.4897154,-0.8015002,0.34318542
1356626254618,0.36669552,-0.50145996,-0.7836277,0.7803968,-0.29274946,0.5525202,-0.50647336,-0.8141472,0.28398782
1356626254658,0.35095757,-0.44500166,-0.8238946,0.77684337,-0.3528918,0.5215188,-0.5228224,-0.823068,0.22184652
1356626254698,0.33920288,-0.38717815,-0.8573415,0.7724273,-0.40555322,0.48875618,-0.5369333,-0.8280215,0.16150215
1356626254738,0.33448714,-0.3341503,-0.88117075,0.76655686,-0.4474281,0.46065038,-0.548187,-0.82954913,0.10648623
1356626254778,0.3393157,-0.29165265,-0.8943174,0.7581469,-0.4780048,0.44353664,-0.5568466,-0.8285229,0.05892095
1356626254823,0.35578394,-0.2643606,-0.896399,0.7454367,-0.49824417,0.44280565,-0.563686,-0.8257519,0.019796856
1356626254856,0.38858932,-0.2583549,-0.8844496,0.72485334,-0.5068854,0.46653488,-0.5688462,-0.82238674,-0.0097008385
1356626254896,0.42849803,-0.26859286,-0.8626977,0.69871175,-0.5068738,0.50485736,-0.5728799,-0.81910735,-0.029525459
1356626254936,0.47715896,-0.29546344,-0.8276597,0.66357183,-0.49634206,0.55974716,-0.57618725,-0.8163001,-0.04077283
1356626254976,0.52945495,-0.33350015,-0.7800353,0.61970025,-0.47589752,0.6240939,-0.5793523,-0.8138176,-0.045296192
1356626255016,0.5793901,-0.37498724,-0.7236655,0.5701939,-0.4479522,0.68863463,-0.58239675,-0.81161773,-0.045723647
1356626255181,0.6216238,-0.41101357,-0.6668221,0.52222055,-0.4170454,0.74388087,-0.58384025,-0.81064224,-0.044605583
1356626255185,0.6531831,-0.43425688,-0.62030053,0.48538867,-0.38861862,0.7831816,-0.58116233,-0.8126479,-0.043055743
1356626255186,0.6748946,-0.44576284,-0.5880585,0.46206298,-0.36605743,0.80777454,-0.5753391,-0.8168827,-0.04107967
1356626255187,0.6864052,-0.44217467,-0.5773469,0.4605617,-0.35007918,0.8156761,-0.5627885,-0.82578814,-0.03664744
1356626255204,0.6860128,-0.42485985,-0.5906611,0.48403636,-0.339612,0.80645674,-0.54322666,-0.8391411,-0.027330577
1356626255244,0.6714009,-0.39992568,-0.6239233,0.52756524,-0.333346,0.7813804,-0.52047646,-0.8537798,-0.012821913
1356626255287,0.641617,-0.37303042,-0.67020595,0.5844615,-0.32808125,0.7421372,-0.49672166,-0.86787736,0.007519394
1356626255326,0.59351194,-0.34703428,-0.7261616,0.65054333,-0.32436025,0.6867195,-0.47385323,-0.87997586,0.03324917
1356626255366,0.5274117,-0.3253948,-0.7848281,0.7190104,-0.3211684,0.61634004,-0.4526158,-0.8893645,0.06457427
1356626255406,0.44556382,-0.31098205,-0.83950174,0.78342515,-0.3183799,0.5337409,-0.4332643,-0.8955023,0.101772584
1356626255446,0.48055226,-0.35310063,-0.8027387,0.77188206,-0.26417363,0.5782823,-0.41625422,-0.8975145,0.14560279
1356626255486,0.2938993,-0.33004835,-0.89704585,0.86668134,-0.30376524,0.39571476,-0.40309632,-0.8937532,0.19677037
1356626255551,0.16628689,-0.34193867,-0.9248928,0.9029797,-0.32406223,0.28215504,-0.39620253,-0.88207805,0.25487635
1356626255568,0.09646696,-0.38192374,-0.9191454,0.912705,-0.33444935,0.23476154,-0.39706868,-0.8615554,0.31632054
1356626255609,0.06812382,-0.43723398,-0.89676404,0.9117939,-0.33755976,0.2338492,-0.40495816,-0.8335947,0.37567133
1356626255648,0.063952625,-0.4943616,-0.8669006,0.9067725,-0.33397132,0.25734565,-0.4167418,-0.8025396,0.42691517
1356626255688,0.06694341,-0.5403463,-0.8387756,0.9009313,-0.32852268,0.28354117,-0.42876726,-0.77466035,0.4648225
1356626255728,0.06052226,-0.56394225,-0.8235935,0.8965083,-0.332071,0.2932607,-0.43887365,-0.7561071,0.48548117
1356626255768,0.03491217,-0.55936563,-0.8281855,0.89387524,-0.3531354,0.27619287,-0.44695443,-0.74993694,0.48767436
1356626255808,-0.010790169,-0.5257812,-0.8505513,0.8906855,-0.39166725,0.23081577,-0.4544918,-0.7550832,0.472532
1356626255848,-0.07249385,-0.46396077,-0.8828845,0.8831748,-0.44115907,0.15931386,-0.46340787,-0.76819205,0.4417398
1356626255888,-0.14348942,-0.37646818,-0.91525,0.8682376,-0.49172056,0.06613958,-0.47494668,-0.7851641,0.39742047
1356626255928,-0.21570247,-0.26947004,-0.9385405,0.84521466,-0.5328311,-0.041269332,-0.4889627,-0.80217016,0.34269303
1356626255968,-0.28097612,-0.15340242,-0.94737536,0.81662214,-0.5567874,-0.1520398,-0.5041633,-0.81636727,0.2817157
1356626256008,-0.3327682,-0.040933877,-0.94211984,0.7873912,-0.56182605,-0.2537056,-0.5189223,-0.82624197,0.21918887
1356626256048,-0.36814976,0.057667553,-0.92797637,0.7624659,-0.552448,-0.3368189,-0.5320822,-0.8315501,0.15941408
1356626256088,-0.38785815,0.1375019,-0.9114051,0.7446117,-0.53604877,-0.39775002,-0.543249,-0.8329135,0.105525374
1356626256128,-0.3938527,0.19735292,-0.897737,0.7346016,-0.5194677,-0.4364789,-0.5524858,-0.83138746,0.059617996
1356626256168,-0.38758355,0.23723498,-0.89078534,0.7323289,-0.50766444,-0.4538405,-0.55988693,-0.828249,0.023028404
1356626256208,-0.3704908,0.25830758,-0.892196,0.7368519,-0.5030692,-0.45163107,-0.56549615,-0.8247415,-0.0039518178
1356626256248,-0.3421728,0.26083437,-0.9027089,0.74765754,-0.5063253,-0.42970115,-0.5691451,-0.82194906,-0.02176404
1356626256288,-0.30223304,0.24551171,-0.921075,0.7633793,-0.5163476,-0.38812017,-0.5708829,-0.8204323,-0.031361222
1356626256328,-0.25185162,0.21513459,-0.9435507,0.7809931,-0.5305849,-0.32943815,-0.5715072,-0.81987613,-0.034390002
1356626256368,-0.19588965,0.17644793,-0.9646209,0.7963495,-0.54539436,-0.2614813,-0.5722366,-0.81939685,-0.03367713
1356626256408,-0.14198947,0.13827017,-0.9801634,0.8069887,-0.55726385,-0.19551519,-0.57324356,-0.8187419,-0.032456845
1356626256448,-0.0967831,0.10701379,-0.9895358,0.81392765,-0.56370384,-0.14056945,-0.57284796,-0.81901526,-0.032544494
1356626256488,-0.063284814,0.08407012,-0.99444824,0.82014036,-0.56338763,-0.09982064,-0.56865174,-0.8219043,-0.033295453
1356626256551,-0.041228056,0.06663445,-0.9969254,0.8279754,-0.5561981,-0.07141733,-0.55924684,-0.8283741,-0.03224075
1356626256568,-0.029495835,0.050815016,-0.9982724,0.83797014,-0.5431935,-0.05240956,-0.5449183,-0.83806837,-0.026559532
1356626256608,-0.027512193,0.033679843,-0.99905396,0.8494617,-0.5260452,-0.04112655,-0.5269326,-0.8497895,-0.014137149
1356626256648,-0.03702289,0.0151281655,-0.99919987,0.8611436,-0.5068184,-0.03958097,-0.5070118,-0.86192,0.0057364106
1356626256688,-0.05875659,-0.004845172,-0.9982606,0.8716892,-0.48760933,-0.048940063,-0.486524,-0.87304854,0.03287369
1356626256728,-0.09400749,-0.024674386,-0.99526566,0.879493,-0.47052425,-0.07140708,-0.4665348,-0.88204193,0.065933794
1356626256768,-0.13560444,-0.048579395,-0.98957133,0.8839854,-0.45697677,-0.09870201,-0.4474162,-0.88815105,0.104911536
1356626256808,-0.18081826,-0.07709491,-0.98049027,0.88444924,-0.44878936,-0.12781885,-0.43017942,-0.8903059,0.14933583
1356626256849,-0.22026873,-0.11494836,-0.96864265,0.88182354,-0.44796252,-0.14736661,-0.41697603,-0.8866321,0.20003629
1356626256888,-0.24997044,-0.16270268,-0.95448554,0.8768544,-0.45613247,-0.1518867,-0.41065943,-0.874912,0.25668615
1356626256928,-0.268196,-0.21800265,-0.93837404,0.8705683,-0.47195554,-0.13917199,-0.41253102,-0.854244,0.31636274
1356626256968,-0.27676523,-0.27481753,-0.920802,0.8640421,-0.49050128,-0.11331257,-0.42051432,-0.8269727,0.37320757
1356626257008,-0.28197664,-0.32308608,-0.903385,0.85758525,-0.50704277,-0.08634254,-0.4301588,-0.7990763,0.42004818
1356626257048,-0.2934916,-0.35067838,-0.8893184,0.8498998,-0.5216082,-0.07480085,-0.43764478,-0.777785,0.45112914
1356626257088,-0.31760013,-0.35013214,-0.8812138,0.8390063,-0.53677523,-0.08911145,-0.441813,-0.76764566,0.46424294
1356626257128,-0.35288173,-0.32197857,-0.8785238,0.8235831,-0.55248797,-0.12832683,-0.4440554,-0.76882166,0.4601391
1356626257168,-0.392174,-0.2729145,-0.8784745,0.80390203,-0.5658825,-0.18308094,-0.44714785,-0.7780069,0.44132084
1356626257208,-0.43114883,-0.20705757,-0.87820137,0.7797878,-0.5751616,-0.24722466,-0.45391798,-0.7914014,0.4094413
1356626257248,-0.46531367,-0.12934476,-0.87564445,0.75254595,-0.5786271,-0.31442848,-0.4660019,-0.80527055,0.36658096
1356626257288,-0.49067515,-0.04625398,-0.87011415,0.72522503,-0.57521164,-0.3783918,-0.4829976,-0.816696,0.31578654
1356626257328,-0.50442934,0.0346556,-0.86275715,0.7019861,-0.5653366,-0.4331398,-0.5027589,-0.82413197,0.26084462
1356626257368,-0.5052165,0.10591641,-0.85646844,0.6868421,-0.5515223,-0.47336155,-0.52249813,-0.8274086,0.20589024
1356626257408,-0.4937135,0.16298428,-0.8542149,0.68145084,-0.53772944,-0.49645925,-0.5402516,-0.8272141,0.15441844
1356626257448,-0.47132856,0.20411016,-0.85801435,0.68520886,-0.5277641,-0.5019502,-0.55528224,-0.8245024,0.10889214
1356626257488,-0.4389813,0.22882165,-0.86887056,0.6965304,-0.52419907,-0.48996007,-0.56757456,-0.82027805,0.070732296
1356626257552,-0.39700896,0.23728141,-0.88661236,0.7135427,-0.5277843,-0.46076086,-0.5772701,-0.815562,0.04022464
1356626257568,-0.3453828,0.23005223,-0.90982777,0.73434556,-0.5374023,-0.41465092,-0.5843349,-0.8113413,0.016671687
1356626257608,-0.2847584,0.2086758,-0.9356106,0.7566223,-0.55035555,-0.35303193,-0.5885877,-0.80843264,-0.0011704564
1356626257648,-0.21632606,0.17545804,-0.9604257,0.77774715,-0.5636824,-0.27815747,-0.59018,-0.80714107,-0.014522821
1356626257688,-0.14257842,0.13389093,-0.98068583,0.7946157,-0.5752605,-0.19406542,-0.5901334,-0.8069378,-0.02437216
1356626257728,-0.06638932,0.08772358,-0.99393016,0.8046031,-0.58439827,-0.105321825,-0.5900902,-0.80671144,-0.031784892
1356626257768,0.00925976,0.04031992,-0.9991439,0.8067125,-0.5907175,-0.016361773,-0.5908715,-0.80587035,-0.037996426
1356626257808,0.08221346,-0.0059310496,-0.9965971,0.80211043,-0.59309435,0.06969917,-0.5914895,-0.80511117,-0.04400304
1356626257848,0.15194821,-0.05016613,-0.98711455,0.7932689,-0.5895749,0.15207198,-0.58960676,-0.8061544,-0.049789622
1356626257888,0.21692705,-0.091037154,-0.9719336,0.78299457,-0.57836854,0.22893098,-0.58297706,-0.81068003,-0.0541822
1356626257928,0.27655149,-0.12878752,-0.9523303,0.7731259,-0.5587756,0.300077,-0.5707851,-0.819258,-0.054961264
1356626257968,0.3292505,-0.16369647,-0.9299449,0.76479226,-0.53138196,0.36431575,-0.5537932,-0.8311658,-0.049763978
1356626258008,0.3727175,-0.1956631,-0.90708196,0.7590334,-0.4980396,0.41931492,-0.53380716,-0.8447915,-0.03711331
1356626258048,0.40483314,-0.2245189,-0.88639796,0.75700283,-0.46144545,0.46261734,-0.5128907,-0.8582886,-0.016846955
1356626258088,0.42467213,-0.2507296,-0.86993575,0.7593459,-0.4245981,0.49306208,-0.49299836,-0.8699718,0.010075562
1356626258128,0.4328615,-0.27563447,-0.858287,0.7658003,-0.38986856,0.5114218,-0.47558463,-0.87865126,0.042321913
1356626258168,0.43149424,-0.30132324,-0.8503041,0.7752512,-0.35812688,0.52031785,-0.4613006,-0.8837134,0.07907152
1356626258208,0.42386568,-0.33059224,-0.8432358,0.7858615,-0.32861948,0.52386147,-0.45028824,-0.8847135,0.12050924
1356626258248,0.41428518,-0.36703262,-0.83285946,0.7951114,-0.29935586,0.5274315,-0.44290584,-0.8807231,0.16781309
1356626258288,0.40695226,-0.41380438,-0.8143438,0.8003849,-0.2680862,0.53620315,-0.4401976,-0.8699975,0.22210452
1356626258327,0.40345573,-0.46927387,-0.78549707,0.80059296,-0.23460943,0.5513705,-0.4430287,-0.85131705,0.28104275
1356626258368,0.4043712,-0.5297531,-0.7455506,0.79518616,-0.1990835,0.5727519,-0.45184392,-0.82445586,0.34074867
1356626258408,0.40714556,-0.58734155,-0.69947296,0.78624225,-0.1643554,0.5956596,-0.46481782,-0.79247534,0.39487618
1356626258448,0.4087578,-0.63374263,-0.6567248,0.7772036,-0.13548553,0.6144903,-0.47840536,-0.76158655,0.4371662
1356626258488,0.40728426,-0.6631643,-0.627959,0.77116364,-0.11866319,0.62548035,-0.4893119,-0.73900753,0.46307862
1356626258553,0.4030683,-0.6741836,-0.61888003,0.7689017,-0.117266715,0.6285212,-0.49631262,-0.7291949,0.47111434
1356626258568,0.3984462,-0.6692547,-0.6271673,0.76864856,-0.12942499,0.6264412,-0.5004198,-0.7316744,0.46285278
1356626258608,0.39631212,-0.65205014,-0.6463492,0.76747465,-0.15110362,0.62301713,-0.5039041,-0.7429659,0.4405478
1356626258648,0.3993811,-0.6261233,-0.6696747,0.76249707,-0.1787051,0.6218219,-0.50901157,-0.75896895,0.40604588
1356626258688,0.40956616,-0.59441596,-0.6920442,0.7517689,-0.20983881,0.62514883,-0.5168162,-0.77629715,0.3609206
1356626258728,0.4278797,-0.5596558,-0.7097213,0.734388,-0.24246132,0.63394547,-0.5268712,-0.7924632,0.30726025
1356626258768,0.4546882,-0.52556914,-0.71905196,0.710224,-0.2732075,0.6487986,-0.53743887,-0.805689,0.24904758
1356626258808,0.4885748,-0.49521905,-0.7183681,0.6798232,-0.30003422,0.66919345,-0.5469324,-0.81531435,0.1900723
1356626258848,0.5281215,-0.47187698,-0.7059886,0.6432146,-0.3204989,0.69538164,-0.5544031,-0.8213481,0.13425574
1356626258888,0.57086664,-0.45788035,-0.6815107,0.6005349,-0.33316934,0.7268809,-0.559883,-0.82422304,0.08477792
1356626258928,0.61385214,-0.45413452,-0.6457147,0.5522811,-0.33740512,0.7623276,-0.5640667,-0.8245724,0.043693036
1356626258968,0.6541376,-0.4596262,-0.60070604,0.49988353,-0.3333191,0.79938394,-0.56764466,-0.82319015,0.011723042
1356626259008,0.6895108,-0.47155607,-0.54973596,0.44590563,-0.3217322,0.83525836,-0.570739,-0.82105005,-0.011568338
1356626259048,0.7189114,-0.48651227,-0.4964597,0.3934647,-0.30396044,0.8676368,-0.57302,-0.81909335,-0.027095228
1356626259088,0.74241364,-0.50212264,-0.44350302,0.34474123,-0.281292,0.8955603,-0.574435,-0.81776994,-0.035732627
1356626259128,0.7606772,-0.5174861,-0.3918908,0.30001616,-0.25509492,0.9191937,-0.57563925,-0.81678325,-0.038790703
1356626259168,0.77460754,-0.5321233,-0.34180093,0.25803894,-0.22750475,0.93896616,-0.5774072,-0.8155283,-0.038918346
1356626259208,0.7852064,-0.5447322,-0.29447877,0.21847938,-0.2012639,0.95486104,-0.5794115,-0.8141005,-0.039020956
1356626259248,0.7941677,-0.5530711,-0.25181353,0.18247782,-0.1782165,0.96692336,-0.57965463,-0.8138497,-0.04061058
1356626259288,0.80325806,-0.554869,-0.21655697,0.15318125,-0.15890627,0.97533804,-0.5755971,-0.81662065,-0.04264721
1356626259328,0.81344056,-0.5496485,-0.1902655,0.13340802,-0.14208584,0.98082304,-0.56614196,-0.8232242,-0.042250838
1356626259368,0.82458955,-0.5382107,-0.17430206,0.12562,-0.12621675,0.9840168,-0.5516082,-0.83330584,-0.036466986
1356626259408,0.8355665,-0.5227789,-0.16891058,0.13042033,-0.109913975,0.98534733,-0.5336845,-0.8453526,-0.023659438
1356626259448,0.844733,-0.505998,-0.17433314,0.1476705,-0.09272799,0.98468006,-0.51441175,-0.8575357,-0.0036093928
1356626259488,0.8503984,-0.49028915,-0.19089021,0.17713445,-0.074839085,0.9813371,-0.495425,-0.86834073,0.02320406
1356626259554,0.8509342,-0.4774499,-0.21898066,0.21879409,-0.056828752,0.9741148,-0.47753543,-0.87681925,0.056105703
1356626259568,0.84467864,-0.46862924,-0.25865924,0.27254313,-0.03936498,0.9613379,-0.46069318,-0.88251746,0.09447092
1356626259608,0.8300265,-0.46523678,-0.30758858,0.33669746,-0.02167666,0.9413633,-0.44462436,-0.8849208,0.13865185
1356626259648,0.80634516,-0.46996233,-0.35908622,0.40584192,-0.0019894987,0.91394114,-0.4302323,-0.88268423,0.1891262
1356626259688,0.7765823,-0.486506,-0.4002897,0.46948338,0.023190036,0.8826367,-0.4201253,-0.8733694,0.24641544
1356626259728,0.746048,-0.51568216,-0.42128885,0.51901954,0.053967506,0.85305697,-0.4171704,-0.8550785,0.3079115
1356626259768,0.7194838,-0.5533238,-0.41973308,0.5515036,0.08786118,0.82953244,-0.4221218,-0.8283195,0.36837476
1356626259808,0.69742626,-0.5909388,-0.4054478,0.5718292,0.11784655,0.81186426,-0.43198147,-0.7980623,0.42010534
1356626259846,0.6783641,-0.62161654,-0.39168233,0.5860806,0.13631892,0.79870313,-0.44309336,-0.7713689,0.45679122
1356626259886,0.6597724,-0.6418255,-0.3908458,0.599729,0.13633153,0.78850424,-0.4527975,-0.75463486,0.47486913
1356626259926,0.6401156,-0.6512217,-0.40763018,0.614795,0.116003215,0.7801093,-0.46073762,-0.7499691,0.47462326
1356626259966,0.61882365,-0.65060157,-0.44019866,0.63065845,0.07738733,0.7721924,-0.46832377,-0.7554659,0.45819652
1356626260006,0.5960771,-0.6407129,-0.48392057,0.6455,0.023958206,0.76338446,-0.4775164,-0.7674067,0.4278611
1356626260046,0.5726551,-0.62211525,-0.5338901,0.657393,-0.04061559,0.7524526,-0.4897965,-0.78187144,0.38571545
1356626260086,0.54986054,-0.595441,-0.5857502,0.6650512,-0.11216754,0.73832595,-0.50533175,-0.7955302,0.33432233
1356626260126,0.5295678,-0.56205463,-0.6353366,0.667982,-0.18532902,0.72073096,-0.5228365,-0.8060693,0.2772981
1356626260166,0.5142762,-0.52478933,-0.67831856,0.6660489,-0.2538638,0.70137864,-0.5402766,-0.81249565,0.2189793
1356626260221,0.50380003,-0.48368323,-0.7157067,0.6597079,-0.3194311,0.68025684,-0.5576477,-0.81487083,0.15816018
1356626260258,0.51308805,-0.45428678,-0.7282611,0.64085954,-0.36167264,0.6771204,-0.5709989,-0.8141354,0.10556406
1356626260297,0.5323888,-0.43624756,-0.72543114,0.6161305,-0.3879533,0.6854747,-0.58047,-0.81189924,0.06224343
1356626260338,0.56113374,-0.43129677,-0.7064786,0.58388454,-0.39872286,0.7071767,-0.5866922,-0.8093226,0.028090686
1356626260378,0.59676075,-0.4387017,-0.6718761,0.54335064,-0.3952137,0.74065924,-0.59046316,-0.8070606,0.0025208592
1356626260418,0.6358277,-0.45592088,-0.6227835,0.49465948,-0.3786872,0.7822455,-0.59248215,-0.8054391,-0.015254259
1356626260458,0.67409223,-0.47880465,-0.5624462,0.43990797,-0.35145038,0.82641613,-0.5933638,-0.80450535,-0.026280016
1356626260498,0.70827526,-0.5033625,-0.4949468,0.38165992,-0.31677788,0.8683245,-0.59387016,-0.8039142,-0.03225264
1356626260555,0.73649853,-0.52623856,-0.4250211,0.32260332,-0.2790094,0.9044782,-0.59455615,-0.8032601,-0.035723716
1356626260579,0.75831765,-0.54418343,-0.35891324,0.2667461,-0.24334212,0.9325402,-0.5948116,-0.80290043,-0.03937182
1356626260618,0.7748097,-0.5541826,-0.30422273,0.21993548,-0.21486941,0.9515563,-0.5927042,-0.80418456,-0.04459849
1356626260658,0.78806996,-0.55430496,-0.2677529,0.18836823,-0.19695011,0.96214765,-0.5860572,-0.8086758,-0.05079702
1356626260698,0.7998871,-0.5444786,-0.2524352,0.17600173,-0.18930905,0.96601516,-0.5737629,-0.8171322,-0.05559668
1356626260737,0.8103496,-0.52607906,-0.2580201,0.18438,-0.18903857,0.96450424,-0.55618125,-0.8291594,-0.05618888
1356626260778,0.81778014,-0.5015694,-0.28224766,0.21283092,-0.19209681,0.95801973,-0.5347322,-0.8435205,-0.050343484
1356626260818,0.81946015,-0.47513765,-0.32051432,0.2572729,-0.19477293,0.9465064,-0.51214826,-0.85808384,-0.037368625
1356626260858,0.8129798,-0.4507532,-0.3686263,0.3135715,-0.19452657,0.9294257,-0.49064928,-0.8711951,-0.016802788
1356626260898,0.7961932,-0.4314826,-0.42414525,0.37876236,-0.19121547,0.9055251,-0.47182146,-0.88162315,0.011184931
1356626260938,0.76795125,-0.41963872,-0.48389488,0.4496334,-0.18484549,0.8738775,-0.45615864,-0.88867056,0.046731263
1356626260978,0.7296386,-0.41837195,-0.5409181,0.5203243,-0.17360714,0.83613586,-0.44372302,-0.8915298,0.09101862
1356626261018,0.6877818,-0.4325689,-0.5829582,0.58102775,-0.15336365,0.79930365,-0.4351585,-0.8884615,0.14585382
1356626261058,0.6531689,-0.46584392,-0.5969588,0.6219642,-0.11959776,0.7738585,-0.43189222,-0.8767473,0.21162069
1356626261098,0.63362634,-0.51510894,-0.5772178,0.63977456,-0.07061347,0.76531184,-0.43497834,-0.854211,0.28481108
1356626261138,0.6283097,-0.56969196,-0.5297904,0.63915545,-0.010226995,0.76900953,-0.44351676,-0.82179457,0.35769603
1356626261178,0.6274377,-0.61577624,-0.47659373,0.6328309,0.046623856,0.772885,-0.45370358,-0.78654045,0.41893584
1356626261218,0.6230498,-0.64705807,-0.43945968,0.6309106,0.083637476,0.7713344,-0.4623428,-0.75783956,0.46034604
1356626261258,0.6105523,-0.66385555,-0.43188167,0.6386901,0.09027773,0.76414984,-0.46829575,-0.742392,0.47911718
1356626261298,0.58872247,-0.6683315,-0.45468554,0.6556363,0.06579223,0.7522051,-0.47280756,-0.7409484,0.47691575
1356626261338,0.55765545,-0.6614141,-0.5015494,0.6787043,0.01545316,0.7342492,-0.47789216,-0.7498618,0.4575221
1356626261378,0.51555145,-0.64151174,-0.56803995,0.70628184,-0.057198644,0.70561624,-0.48515218,-0.7649778,0.42359924
1356626261418,0.45963603,-0.60515934,-0.65001297,0.73722345,-0.14812863,0.6592113,-0.4952134,-0.782202,0.3780524
1356626261458,0.38631195,-0.54725057,-0.7424822,0.77010816,-0.2516613,0.586174,-0.5076381,-0.7982377,0.3242224
1356626261498,0.29408616,-0.46332237,-0.8359699,0.80119824,-0.35740578,0.47994,-0.5211475,-0.8109214,0.266105
1356626261556,0.18918347,-0.35567734,-0.9152613,0.8238294,-0.4497183,0.34504846,-0.5343357,-0.8192967,0.20793822
1356626261578,0.08882654,-0.23928082,-0.9668788,0.83285797,-0.5145762,0.20386022,-0.5463126,-0.8233809,0.15357888
1356626261618,0.013244629,-0.13611323,-0.99060476,0.83046174,-0.5502852,0.08671495,-0.55691814,-0.82380784,0.10574852
1356626261658,-0.02327305,-0.06405848,-0.9976747,0.8238921,-0.56648695,0.01715368,-0.56626856,-0.82157713,0.06596118
1356626261698,-0.01589173,-0.030680329,-0.9994029,0.81857276,-0.57438433,0.0046165586,-0.574183,-0.8180106,0.034242004
1356626261738,0.03537208,-0.037007987,-0.99868876,0.81393284,-0.57877946,0.050275862,-0.57988113,-0.8146439,0.009649426
1356626261778,0.12900752,-0.08206776,-0.9882418,0.80245614,-0.576853,0.15265885,-0.5825987,-0.8127148,-0.00856255
1356626261818,0.25484526,-0.1587942,-0.95385444,0.7717974,-0.56087655,0.299577,-0.58256567,-0.81252813,-0.020379834
1356626261858,0.3967247,-0.25569278,-0.8816068,0.7102523,-0.52291524,0.4712761,-0.58150756,-0.8131302,-0.025846958
1356626261898,0.53067005,-0.3547394,-0.76977223,0.61654794,-0.46163592,0.63777816,-0.58159953,-0.8130512,-0.026262553
1356626261938,0.6365013,-0.43858337,-0.6344374,0.50414026,-0.3859482,0.7725844,-0.5837026,-0.81159633,-0.024549007
1356626261978,0.7065531,-0.4965131,-0.5042395,0.39645037,-0.3125036,0.8632315,-0.5861824,-0.80982476,-0.02395758
1356626262018,0.746569,-0.52657896,-0.40663168,0.31581295,-0.25745422,0.9132248,-0.58557403,-0.81020486,-0.02590689
1356626262058,0.7678915,-0.5329192,-0.35544297,0.27418977,-0.22803459,0.9342484,-0.5789323,-0.8148603,-0.028984815
1356626262098,0.77864236,-0.5216849,-0.34865597,0.27158523,-0.22070985,0.93676496,-0.5656479,-0.82409465,-0.03017214
1356626262138,0.7808554,-0.49870056,-0.37624785,0.30147284,-0.22668849,0.9261351,-0.5471552,-0.8366062,-0.026666254
1356626262178,0.77266353,-0.4695405,-0.42722678,0.3552142,-0.2379871,0.9039829,-0.52613103,-0.85023165,-0.01709649
1356626262218,0.75040865,-0.43800148,-0.4950167,0.42701325,-0.25040364,0.868883,-0.504526,-0.86339605,-8.72612E-4
1356626262258,0.70925844,-0.40655032,-0.57590735,0.51271266,-0.2631902,0.8172249,-0.48381624,-0.87489873,0.021773636
1356626262298,0.6458148,-0.37776238,-0.66348994,0.6055723,-0.275801,0.74646914,-0.46497905,-0.8838719,0.050646007
1356626262338,0.560688,-0.35466945,-0.74822354,0.69593024,-0.28779107,0.657919,-0.44867587,-0.88959867,0.08546421
1356626262378,0.46508855,-0.3428896,-0.8161614,0.7707986,-0.29657543,0.5638373,-0.4353874,-0.89133024,0.126365
1356626262418,0.37986308,-0.3500859,-0.85623825,0.82111245,-0.29865986,0.48639143,-0.42600277,-0.88783,0.17401004
1356626262458,0.32210714,-0.3799594,-0.8671088,0.84749085,-0.29246128,0.4429735,-0.42190775,-0.8775518,0.2278083
1356626262498,0.29968268,-0.4305633,-0.8513551,0.8545817,-0.2755583,0.440179,-0.42412293,-0.85946655,0.28537154
1356626262558,0.3078,-0.4932289,-0.8136242,0.8477421,-0.246068,0.4698764,-0.4319635,-0.83437145,0.3423912
1356626262578,0.33360738,-0.55605465,-0.76125515,0.8322305,-0.20560753,0.51489604,-0.44283012,-0.8053129,0.39417344
1356626262618,0.35818338,-0.6067313,-0.709635,0.81640744,-0.16521907,0.5533368,-0.45297194,-0.7775474,0.43616116
1356626262658,0.36532897,-0.6383983,-0.6774823,0.8093617,-0.14169222,0.5699622,-0.45985693,-0.7565519,0.4649309
1356626262716,0.3436215,-0.6480479,-0.679675,0.81718445,-0.15028912,0.5564376,-0.46274602,-0.74662375,0.47793216
1356626262737,0.29070503,-0.6342801,-0.7163654,0.8373798,-0.19356787,0.511201,-0.46291,-0.74847865,0.47486216
1356626262777,0.21043378,-0.59497464,-0.7757079,0.86111593,-0.26283336,0.43519866,-0.46281415,-0.759555,0.4570332
1356626262823,0.090005934,-0.5117255,-0.8544214,0.8800244,-0.3608259,0.30880684,-0.4663218,-0.77970606,0.4178545
1356626262853,-0.017188072,-0.41938013,-0.9076479,0.8817331,-0.43438125,0.1840092,-0.47143513,-0.79714054,0.3772477
1356626262895,-0.1280163,-0.30371347,-0.94412386,0.8665675,-0.49725044,0.04245928,-0.48236153,-0.8127116,0.3268444
1356626262937,-0.22631264,-0.17803982,-0.9576452,0.8375038,-0.5375758,-0.09797761,-0.49736297,-0.82420504,0.2707693
1356626262976,-0.30302584,-0.056805044,-0.9512878,0.8023474,-0.5538299,-0.22251067,-0.51421195,-0.8306898,0.21340218
1356626263016,-0.3538409,0.047436267,-0.93410194,0.7700589,-0.552067,-0.31973636,-0.530854,-0.8324493,0.15881515
1356626263057,-0.38015652,0.12887183,-0.91590023,0.74654734,-0.54184026,-0.3861041,-0.54602945,-0.8305428,0.109775096
1356626263096,-0.38561213,0.18683916,-0.9035455,0.7339151,-0.53137296,-0.42309746,-0.5591707,-0.82627714,0.06777972
1356626263136,-0.37343597,0.22267467,-0.9005341,0.7318097,-0.5258643,-0.4334991,-0.57008797,-0.82090366,0.0334211
1356626263176,-0.34567916,0.23808515,-0.90764606,0.738627,-0.52753556,-0.41968602,-0.57873666,-0.81548864,0.006501943
1356626263216,-0.30330062,0.2345081,-0.923588,0.7522053,-0.53608996,-0.3831381,-0.5849752,-0.8109338,-0.013801873
1356626263256,-0.24676937,0.21281046,-0.9454187,0.76989394,-0.54943454,-0.32463038,-0.5885304,-0.807981,-0.028257787
