1356626553620,-0.59198916,-0.28487453,-0.75392,-0.68199027,-0.32140452,0.65695393,-0.42946273,0.9030757,-0.004013717
1356626553640,0.25154978,0.12388876,0.95988244,0.86734223,0.41122717,-0.2803741,-0.42946488,0.9030747,-0.004009843
1356626553664,0.2515491,0.1238552,0.9598869,0.86733496,0.4112526,-0.28035912,-0.42947993,0.9030676,-0.0039737225
1356626553699,0.25157914,0.1237351,0.9598946,0.8673036,0.41133526,-0.28033507,-0.4295258,0.9030465,-0.003832519
1356626553738,0.2517088,0.12328878,0.9599179,0.8671907,0.4116233,-0.28026146,-0.4296777,0.9029762,-0.0033056736
1356626553776,0.2526179,0.12281546,0.95973986,0.8667824,0.41206104,-0.28088054,-0.42996794,0.9028411,-0.002360344
1356626553817,0.25476217,0.12246445,0.9592178,0.86589515,0.4127047,-0.28266674,-0.4304903,0.90259475,-8.997917E-4
1356626553860,0.2588309,0.12260592,0.95810986,0.8642708,0.41353542,-0.2863992,-0.43132654,0.9021953,0.0010710359
1356626553897,0.26489085,0.12338856,0.9563515,0.8618194,0.41459322,-0.29219818,-0.43255082,0.90160286,0.0034832358
1356626553938,0.2725922,0.12485951,0.95399356,0.858589,0.41589254,-0.29976395,-0.4341872,0.90080166,0.006166041
1356626553979,0.28121728,0.1268988,0.9512168,0.8548027,0.41737878,-0.30839458,-0.4361526,0.8998287,0.008900702
1356626554019,0.28988364,0.12916505,0.9483058,0.85080636,0.41898218,-0.31714737,-0.43828756,0.89876044,0.011561632
1356626554058,0.29795596,0.13131025,0.945505,0.8469831,0.42047277,-0.32530335,-0.44027472,0.8977529,0.014064848
1356626554099,0.3047788,0.13271093,0.9431319,0.8436724,0.4218896,-0.3320033,-0.44195798,0.8968819,0.01661843
1356626554139,0.3102863,0.13299596,0.941294,0.8409953,0.42325023,-0.33702525,-0.44322592,0.89619815,0.019479752
1356626554178,0.31459272,0.13225588,0.93996793,0.83894134,0.4245327,-0.3405134,-0.44408196,0.895701,0.022599995
1356626554218,0.31776702,0.1306335,0.9391267,0.8374622,0.4257778,-0.3425935,-0.44461352,0.895348,0.025897503
1356626554260,0.32002768,0.12893096,0.9385941,0.83640563,0.42686346,-0.34382144,-0.4449807,0.8950778,0.028769553
1356626554298,0.321683,0.12836325,0.938106,0.8355464,0.42757773,-0.34502098,-0.44540125,0.8948184,0.03029102
1356626554342,0.3229921,0.12966633,0.9374769,0.83469296,0.427841,-0.3467561,-0.44605362,0.8945048,0.029957712
1356626554378,0.32410786,0.13277084,0.93665683,0.83379334,0.42766032,-0.3491351,-0.44692588,0.89413565,0.02790463
1356626554418,0.325002,0.13699815,0.9357377,0.8329992,0.42699564,-0.35183367,-0.44775653,0.8938155,0.024655044
1356626554459,0.32554212,0.14153033,0.9348751,0.83251417,0.4258456,-0.35436654,-0.44826597,0.89365804,0.020804703
1356626554501,0.32559258,0.14570284,0.9342163,0.8324534,0.42434192,-0.35630766,-0.44834214,0.89370275,0.01687175
1356626554537,0.3249595,0.14873081,0.93395966,0.8328133,0.42295018,-0.35712072,-0.4481333,0.8938637,0.013576686
1356626554580,0.32381195,0.15037408,0.934095,0.8335031,0.42182058,-0.35684726,-0.44768116,0.8941225,0.011253238
1356626554617,0.32215536,0.15046701,0.9346526,0.834502,0.4210506,-0.3554192,-0.44701487,0.89446974,0.010078728
1356626554658,0.32016736,0.14905822,0.93556106,0.83575165,0.42058927,-0.3530209,-0.44610754,0.8949225,0.010083318
1356626554697,0.31794226,0.1463747,0.9367428,0.8372016,0.42036158,-0.34984204,-0.4449787,0.89547217,0.011105597
1356626554741,0.31546634,0.14282712,0.9381265,0.838796,0.42031693,-0.34605628,-0.44373673,0.8960659,0.0127930045
1356626554778,0.3125806,0.13869026,0.93971187,0.8405416,0.4204386,-0.3416449,-0.44247395,0.89665854,0.014846027
1356626554819,0.31201118,0.135656,0.94034386,0.8413771,0.4202615,-0.33980134,-0.44128644,0.8972056,0.016988456
1356626554858,0.30435845,0.12917387,0.9437585,0.8447273,0.42128488,-0.33008328,-0.4402293,0.8976822,0.019104958
1356626554898,0.29694748,0.122995496,0.94693947,0.84782004,0.4223053,-0.32071707,-0.4393443,0.89807034,0.021124423
1356626554938,0.28912705,0.116635114,0.9501589,0.8508645,0.42352122,-0.31090105,-0.4386744,0.8983463,0.023210764
1356626554976,0.28034198,0.10979262,0.9536005,0.85396826,0.42513353,-0.2999995,-0.4383453,0.89844704,0.025423348
1356626555019,0.27127033,0.102454394,0.9570347,0.8567697,0.42738038,-0.2886031,-0.43858656,0.89824784,0.028155804
1356626555059,0.2619433,0.09423676,0.9604713,0.8591583,0.4305394,-0.27655527,-0.43958244,0.8976387,0.03181261
1356626555100,0.25271764,0.08450493,0.96384263,0.8609626,0.4348744,-0.2638703,-0.4414488,0.8965172,0.03714484
1356626555139,0.24376428,0.07171294,0.96717954,0.8622123,0.44057024,-0.24997544,-0.444037,0.8948492,0.04556346
1356626555180,0.23536745,0.05467078,0.97036767,0.8632307,0.4470034,-0.23456514,-0.4465815,0.89286005,0.05801654
1356626555219,0.22796024,0.032690108,0.9731215,0.8644034,0.45321727,-0.2177172,-0.44815266,0.8908005,0.0750581
1356626555259,0.22290552,0.008088857,0.97480655,0.8657261,0.4580502,-0.20176339,-0.44814232,0.88888955,0.09509915
1356626555300,0.22156936,-0.016576052,0.9750037,0.86691487,0.46116686,-0.18916586,-0.44650376,0.88715863,0.116550505
1356626555339,0.22611694,-0.03714803,0.9733916,0.8669894,0.46322322,-0.18372172,-0.44407266,0.8854628,0.1369496
1356626555380,0.23588984,-0.05403173,0.97027653,0.86573356,0.46523172,-0.18456644,-0.441431,0.8835383,0.15652049
1356626555420,0.25204164,-0.06646404,0.9654312,0.86245966,0.46790475,-0.19294679,-0.43890584,0.88127613,0.17525399
1356626555461,0.2714156,-0.07791206,0.9593035,0.85809267,0.4710052,-0.20452628,-0.43590188,0.878683,0.19469392
1356626555498,0.29310888,-0.08988175,0.95184475,0.85330296,0.47363818,-0.21803898,-0.43123227,0.8761211,0.2155239
1356626555538,0.3149137,-0.10384238,0.94342256,0.8493067,0.4745469,-0.23126462,-0.42368326,0.8740835,0.23763531
1356626555579,0.33498287,-0.120429784,0.93449616,0.84707296,0.47281945,-0.24271193,-0.41261825,0.87289083,0.26039922
1356626555618,0.35254735,-0.13797346,0.9255666,0.8463496,0.46899444,-0.25246102,-0.3992526,0.8723574,0.28211656
1356626555658,0.36669728,-0.15567079,0.91722393,0.8469852,0.46374908,-0.25990924,-0.38490143,0.8721831,0.3019064
1356626555698,0.3776527,-0.17183861,0.9098625,0.8482038,0.45832276,-0.2655004,-0.37138745,0.87201583,0.31884104
1356626555738,0.38561898,-0.18562922,0.90379184,0.8495563,0.4535637,-0.2693212,-0.3599332,0.8716775,0.3326053
1356626555777,0.39089966,-0.19651017,0.8992114,0.85071015,0.4501202,-0.27144796,-0.35141087,0.87107724,0.34312508
1356626555819,0.3940911,-0.20378071,0.8961951,0.85115296,0.4488074,-0.2722326,-0.3467433,0.8700835,0.35031956
1356626555859,0.39554635,-0.20664391,0.89489746,0.85051656,0.45016435,-0.27198085,-0.34664777,0.8687061,0.35381493
1356626555900,0.39626056,-0.20339599,0.8953254,0.84803355,0.45480818,-0.27200842,-0.3518759,0.8670522,0.3527092
1356626555940,0.39653337,-0.1935206,0.8973913,0.8437361,0.4620369,-0.27318725,-0.36176053,0.86548924,0.3464934
1356626555980,0.39667642,-0.17708692,0.90071535,0.83799934,0.4703864,-0.276575,-0.37470642,0.8645097,0.3349899
1356626556019,0.39702523,-0.15434971,0.904736,0.8313676,0.4781114,-0.28326228,-0.38884312,0.86463046,0.3181436
1356626556058,0.3977633,-0.12646562,0.90873027,0.82463574,0.4834587,-0.29367226,-0.40219405,0.8661836,0.2965902
1356626556099,0.39944956,-0.09404239,0.9119189,0.8182844,0.48507008,-0.30841148,-0.4133408,0.86940384,0.27071443
1356626556140,0.40225667,-0.05842167,0.913661,0.812905,0.48187232,-0.32708487,-0.42115912,0.87429166,0.24132761
1356626556180,0.40617776,-0.020957172,0.9135537,0.8090412,0.47302204,-0.34885883,-0.42481995,0.8808013,0.20908624
1356626556220,0.4104434,0.014795959,0.91176605,0.80700547,0.4596646,-0.37074333,-0.42459205,0.8879693,0.17672592
1356626556260,0.41484582,0.048086345,0.9086202,0.8067008,0.44247222,-0.39172953,-0.4208761,0.895492,0.14476648
1356626556299,0.41866457,0.07674277,0.90489256,0.8074897,0.42448628,-0.40959954,-0.41554832,0.90217626,0.115748376
1356626556340,0.42165017,0.10072231,0.9011472,0.8090056,0.40706766,-0.42403528,-0.40953773,0.9078276,0.090155214
1356626556380,0.42336285,0.119813055,0.8980026,0.81120944,0.3911898,-0.43463755,-0.4033647,0.9124776,0.06842175
1356626556419,0.42352107,0.13409927,0.8959058,0.8142394,0.37711325,-0.44136125,-0.39704412,0.91640764,0.05052653
1356626556458,0.42196715,0.1438281,0.8951298,0.8181862,0.36489153,-0.44432598,-0.3905318,0.9198738,0.036294073
1356626556500,0.41870874,0.14955264,0.8957215,0.8229469,0.35456997,-0.44389015,-0.38398093,0.92299193,0.025387645
1356626556539,0.41408944,0.15235117,0.8973958,0.8282703,0.34579855,-0.4408989,-0.37748963,0.9258578,0.017003566
1356626556580,0.40856814,0.15366453,0.89969957,0.8338124,0.3381071,-0.43639487,-0.37125325,0.9284777,0.010012418
1356626556618,0.40264404,0.15474054,0.90218246,0.8390794,0.33149976,-0.43133938,-0.36581898,0.93067896,0.0036367774
1356626556657,0.39667767,0.15609494,0.904589,0.8435377,0.32669508,-0.4262798,-0.3620649,0.9321506,-0.0020793378
1356626556696,0.39056706,0.15702525,0.9070835,0.8471199,0.32438922,-0.42090335,-0.3603406,0.93279946,-0.0063234568
1356626556737,0.384701,0.15707588,0.9095781,0.84990823,0.32413858,-0.4154398,-0.36008498,0.932878,-0.008803695
1356626556781,0.37924248,0.15609309,0.9120362,0.8522854,0.32483315,-0.4099914,-0.36025634,0.93280137,-0.009845287
1356626556817,0.37470585,0.15489802,0.9141128,0.8540623,0.32600987,-0.40533343,-0.36079514,0.9325901,-0.010134757
1356626556856,0.3716873,0.15449503,0.9154124,0.85438323,0.32879335,-0.40239823,-0.36315003,0.93167925,-0.009789646
1356626556896,0.37073946,0.15597984,0.915545,0.8524233,0.33418435,-0.40211353,-0.3686824,0.9295112,-0.009065568
1356626556937,0.37216,0.16025117,0.9142299,0.8478137,0.3421999,-0.40510625,-0.3777681,0.92586106,-0.008510023
1356626556976,0.37593877,0.16751504,0.9113774,0.8405354,0.35238928,-0.41148746,-0.39008993,0.92073905,-0.008325517
1356626557016,0.38171914,0.17663652,0.907243,0.8308249,0.36452416,-0.4205379,-0.40499434,0.9142875,-0.0076081455
1356626557057,0.38903916,0.18545398,0.90236104,0.81917214,0.37846303,-0.43095565,-0.42143276,0.9068476,-0.0046818256
1356626557096,0.39771244,0.19194412,0.8972081,0.8062136,0.39370713,-0.4416043,-0.43800056,0.89897287,0.0018342435
1356626557136,0.40792286,0.19491675,0.8919677,0.79250085,0.4095205,-0.45192397,-0.45336658,0.89123535,0.01258108
1356626557176,0.41997126,0.19386047,0.8865902,0.77831095,0.4254972,-0.46171874,-0.46675068,0.8839515,0.027812868
1356626557216,0.4338611,0.18812272,0.88112104,0.7638308,0.44186202,-0.470447,-0.47783566,0.87713605,0.048012823
1356626557257,0.44929427,0.1765624,0.8757627,0.74973834,0.45856035,-0.47709006,-0.48582622,0.8709467,0.07365292
1356626557296,0.4652338,0.15644732,0.871253,0.7380892,0.47478193,-0.47938132,-0.48865306,0.86608684,0.10541254
1356626557341,0.48020765,0.12420243,0.868317,0.7320431,0.48861107,-0.4747338,-0.48323238,0.8636162,0.14371324
1356626557380,0.49234915,0.077427864,0.86694705,0.73450524,0.49745595,-0.46156216,-0.46700573,0.8640269,0.18805087
1356626557419,0.49987656,0.017743856,0.8659148,0.74598753,0.49913317,-0.44087267,-0.4400296,0.8663436,0.23626831
1356626557460,0.5014545,-0.050252825,0.8637234,0.7645439,0.49304363,-0.41518742,-0.404989,0.868552,0.2856594
1356626557499,0.4984088,-0.11403322,0.85940975,0.78388566,0.4826842,-0.39056283,-0.3702864,0.8683389,0.32996303
1356626557540,0.49241132,-0.16669586,0.8542503,0.8002112,0.47275066,-0.36901066,-0.3423349,0.86528563,0.36617965
1356626557579,0.48602363,-0.20150024,0.85039914,0.81062585,0.46757784,-0.35250074,-0.32659885,0.8606792,0.39059514
1356626557620,0.48216748,-0.2144511,0.8494264,0.81328833,0.47002155,-0.34298968,-0.32569417,0.856207,0.40103966
1356626557657,0.48115927,-0.20660973,0.8519379,0.8091823,0.478504,-0.3409661,-0.33720875,0.85343206,0.39742157
1356626557685,0.47972113,-0.18960804,0.8566892,0.803526,0.48712152,-0.3421384,-0.3524396,0.85250306,0.38603747
1356626557724,0.48217016,-0.15617558,0.8620448,0.7934483,0.49501318,-0.35412097,-0.3714185,0.85473454,0.36259782
1356626557766,0.48513377,-0.11119723,0.867341,0.78255785,0.49780405,-0.37389082,-0.39019018,0.86013156,0.32851985
1356626557808,0.48700774,-0.05988303,0.87134236,0.77358496,0.4927041,-0.3985084,-0.40545005,0.868134,0.28627533
1356626557847,0.48583817,-0.010731041,0.8739829,0.76901966,0.48048937,-0.42159063,-0.4154154,0.8769348,0.24169245
1356626557887,0.48214245,0.033251107,0.87546164,0.76898324,0.46272695,-0.44107667,-0.419766,0.88587713,0.19753075
1356626557927,0.47546446,0.06929782,0.87700135,0.77337444,0.44223267,-0.45422712,-0.41931564,0.8942193,0.15667278
1356626557968,0.46618372,0.09731409,0.8793195,0.7810695,0.4214838,-0.4607407,-0.41545552,0.9015994,0.12047979
1356626558007,0.4548353,0.11863673,0.88263816,0.7907192,0.4021889,-0.46152708,-0.40974134,0.90783775,0.08912137
1356626558050,0.44178793,0.13467252,0.88695365,0.8010276,0.3859596,-0.4575915,-0.40395325,0.9126327,0.0626359
1356626558088,0.42801633,0.14748502,0.8916558,0.81071657,0.37337402,-0.4509217,-0.39942527,0.91588205,0.04024163
1356626558129,0.4134182,0.15780333,0.8967628,0.8194971,0.36478743,-0.44198948,-0.3968752,0.91762096,0.021490395
1356626558168,0.39930102,0.16718167,0.90144825,0.8265151,0.3598782,-0.4328516,-0.3967764,0.9178987,0.0055215955
1356626558209,0.3849521,0.17465115,0.9062609,0.8324106,0.35840806,-0.42265373,-0.39862818,0.9170826,-0.0074115396
1356626558250,0.37084657,0.17971939,0.9111388,0.83722466,0.3598857,-0.41174892,-0.4019051,0.9155235,-0.017003119
1356626558288,0.35625294,0.18118232,0.91665524,0.84217983,0.36267987,-0.3989943,-0.40474313,0.9141314,-0.023382306
1356626558329,0.34174764,0.17883265,0.9226198,0.84788275,0.36475992,-0.3847661,-0.4053434,0.9137664,-0.026973248
1356626558368,0.3273859,0.17285323,0.9289458,0.8548739,0.3646059,-0.36912483,-0.40250352,0.9149777,-0.028400898
1356626558409,0.31392288,0.16450486,0.9350885,0.862841,0.3615318,-0.35327056,-0.39617896,0.9177325,-0.028448403
1356626558449,0.3023913,0.1557602,0.94037133,0.8710065,0.35558116,-0.33898333,-0.38717848,0.9215752,-0.028143525
1356626558489,0.29380852,0.14898556,0.94418204,0.87790483,0.34866446,-0.32820132,-0.3781,0.9253304,-0.028354526
1356626558530,0.28846014,0.14528161,0.94640577,0.88243836,0.34327537,-0.32165894,-0.37160885,0.9279306,-0.029180825
1356626558569,0.28613454,0.14444432,0.94723964,0.8839165,0.34182835,-0.3191317,-0.3698901,0.9285953,-0.029867828
1356626558610,0.2861041,0.14600426,0.9470097,0.881944,0.3462434,-0.31982863,-0.3745922,0.9267137,-0.029705882
1356626558667,0.2880146,0.14930847,0.9459147,0.87655747,0.35664344,-0.32319114,-0.38560945,0.9222323,-0.028158963
1356626558688,0.29151607,0.15338859,0.9441877,0.86807513,0.3722142,-0.32848477,-0.40182585,0.9153844,-0.024646401
1356626558728,0.29651588,0.15701324,0.94203246,0.8569525,0.39165914,-0.33501568,-0.42155752,0.90661454,-0.018419683
1356626558768,0.30343533,0.15930355,0.93944097,0.8439727,0.4127279,-0.34258687,-0.44230878,0.89681554,-0.0092116
1356626558808,0.3128542,0.15992686,0.9362402,0.8297442,0.4336808,-0.35134804,-0.46221936,0.8867606,0.0029804707
1356626558848,0.3257577,0.15938523,0.9319217,0.8144969,0.45320025,-0.36222142,-0.4800799,0.8770438,0.017814696
1356626558888,0.34266713,0.15798801,0.92607725,0.798259,0.47078785,-0.3756879,-0.4953401,0.8679854,0.035208166
1356626558928,0.36328274,0.15498409,0.9186978,0.7813945,0.48632967,-0.39103234,-0.5073938,0.8599206,0.055571496
1356626558970,0.3854155,0.14640528,0.9110546,0.76568156,0.50026625,-0.40430862,-0.5149628,0.85340446,0.08071053
1356626559008,0.4064615,0.12680194,0.90482616,0.7541255,0.5125507,-0.41059315,-0.51583326,0.8492427,0.112707555
1356626559049,0.42323053,0.09118205,0.901422,0.75049037,0.5221056,-0.4051788,-0.50758255,0.84799266,0.15253976
1356626559088,0.43275577,0.037872702,0.90071535,0.7574135,0.5265859,-0.3860469,-0.48892462,0.849278,0.1991978
1356626559129,0.43343833,-0.028663903,0.9007273,0.7740954,0.5235976,-0.35583943,-0.461419,0.8514833,0.24913585
1356626559170,0.4252153,-0.10058579,0.89948565,0.79708755,0.51241225,-0.3195075,-0.42876953,0.8528284,0.29806122
1356626559209,0.41145968,-0.16455394,0.8964502,0.8198213,0.4965794,-0.28513506,-0.3982386,0.8522506,0.3392272
1356626559249,0.39634055,-0.21260622,0.8931477,0.8380264,0.48112535,-0.25735232,-0.3750013,0.85048044,0.3688591
1356626559289,0.3825235,-0.24130857,0.8918778,0.84997165,0.47036484,-0.23728707,-0.36224854,0.8488387,0.385031
1356626559330,0.37280592,-0.24962592,0.8937017,0.8550081,0.46662197,-0.22632965,-0.3605231,0.8484992,0.38739154
1356626559369,0.36677164,-0.24062419,0.89865375,0.85477686,0.46843714,-0.2234349,-0.36719894,0.850098,0.37748945
1356626559410,0.3642807,-0.2168386,0.9056934,0.850819,0.47294366,-0.2289787,-0.3786905,0.8539937,0.3567747
1356626559448,0.3649736,-0.18054682,0.91334397,0.84474474,0.47664708,-0.24333921,-0.39140862,0.8603549,0.32647952
1356626559488,0.36801946,-0.13479707,0.9199953,0.8382466,0.47627062,-0.26553515,-0.4023733,0.86890507,0.28827006
1356626559530,0.37242806,-0.08278176,0.9243616,0.8326688,0.46964252,-0.2934256,-0.40982923,0.87896705,0.24383786
1356626559569,0.37476534,-0.032865733,0.926537,0.8296802,0.4578734,-0.3193472,-0.41374105,0.8884097,0.19886312
1356626559609,0.37493193,0.012489915,0.9269682,0.82897955,0.4430899,-0.34126854,-0.4149926,0.8963902,0.15577468
1356626559665,0.37122267,0.05003634,0.9271948,0.83084536,0.427953,-0.35574168,-0.41459578,0.90241486,0.11729342
1356626559689,0.36294347,0.0781346,0.9285295,0.83542484,0.41407627,-0.3613948,-0.4127195,0.9068825,0.08501068
1356626559728,0.34942564,0.0958488,0.9320486,0.84300244,0.40202352,-0.35738495,-0.4089604,0.91059875,0.059676558
1356626559769,0.33070585,0.10370904,0.93801814,0.85328496,0.39175102,-0.34414515,-0.4031605,0.9142076,0.041061044
1356626559808,0.3073954,0.10371363,0.9459131,0.8652728,0.38319904,-0.32320502,-0.3959937,0.9178246,0.028053045
1356626559846,0.28094622,0.09880996,0.95462334,0.8774636,0.37646642,-0.29720482,-0.3887504,0.9211458,0.019064724
1356626559888,0.28327745,0.10432693,0.9533466,0.8792716,0.3686633,-0.3016105,-0.38293,0.9236901,0.012702286
1356626559937,0.23190647,0.08687183,0.96885127,0.8954247,0.37007004,-0.24751323,-0.38004476,0.92493325,0.008034468
1356626559978,0.1910177,0.07331449,0.9788449,0.90540165,0.37203097,-0.2045503,-0.3791571,0.9253205,0.0046854615
1356626560016,0.15919815,0.062114567,0.98529065,0.9118568,0.37325943,-0.17086408,-0.37838218,0.92564523,0.0027825832
1356626560059,0.13462095,0.051724732,0.9895463,0.9170202,0.37186384,-0.14419204,-0.3754348,0.92684513,0.0026280284
1356626560097,0.11644119,0.04206258,0.9923065,0.9218939,0.36715066,-0.12374169,-0.36953083,0.9292099,0.003974259
1356626560140,0.10479683,0.034612983,0.9938911,0.92594874,0.3612095,-0.110212326,-0.36281773,0.9318421,0.005803764
1356626560178,0.09950021,0.030424774,0.99457234,0.9280539,0.3576928,-0.1037876,-0.35890907,0.9333436,0.0073546767
1356626560218,0.10086632,0.030079097,0.99444526,0.9272568,0.3594244,-0.10492301,-0.36058396,0.9326893,0.0083627105
1356626560256,0.10743761,0.03298801,0.9936644,0.92292637,0.3683194,-0.11201686,-0.3696811,0.9291139,0.009125829
1356626560296,0.119282424,0.038352698,0.99211925,0.91519,0.38319767,-0.12484655,-0.38496596,0.9228697,0.010608733
1356626560355,0.13575321,0.044445813,0.98974526,0.90483785,0.40133232,-0.14212972,-0.40353385,0.9148535,0.014265895
1356626560376,0.15654457,0.04968965,0.9864201,0.89288926,0.4197967,-0.16284797,-0.42218775,0.9062569,0.02134955
1356626560417,0.18188775,0.053408265,0.9818679,0.88010776,0.43649024,-0.18677974,-0.43855134,0.89812243,0.032387197
1356626560453,0.21225679,0.055996746,0.9756082,0.86664116,0.45051354,-0.21440753,-0.4515308,0.8910117,0.047095478
1356626560483,0.24783729,0.06036794,0.96691906,0.8517903,0.46191132,-0.24716654,-0.4615518,0.88486934,0.06305802
1356626560513,0.28152072,0.061896443,0.9575567,0.83716214,0.47184557,-0.27662492,-0.46894097,0.8795059,0.08101696
1356626560557,0.3106116,0.052423418,0.9490902,0.8246923,0.4816314,-0.29650265,-0.47265524,0.87480456,0.10636711
1356626560596,0.34031713,0.034718543,0.9396696,0.8136276,0.49008286,-0.31277633,-0.4713751,0.8709842,0.13853562
1356626560665,0.36259538,0.0012408495,0.9319459,0.809254,0.49553585,-0.315519,-0.46220413,0.86858666,0.17867485
1356626560680,0.37264687,-0.05133778,0.92655206,0.81547064,0.4946398,-0.3005648,-0.4428792,0.86758053,0.22619048
1356626560719,0.36972648,-0.11544579,0.9219407,0.8307062,0.48555058,-0.27233788,-0.4162086,0.86655235,0.27542245
1356626560760,0.35299945,-0.1862874,0.9168906,0.85287154,0.46701503,-0.23346752,-0.38470963,0.8644038,0.32373527
1356626560799,0.32729164,-0.25111258,0.910946,0.87548137,0.4433247,-0.19234225,-0.3555453,0.86046827,0.3649409
1356626560840,0.29868105,-0.30221808,0.90523684,0.89398,0.42061403,-0.15454262,-0.3340497,0.8554227,0.39580643
1356626560879,0.2716279,-0.3354403,0.9020521,0.9064058,0.4042173,-0.12262514,-0.32349163,0.8509337,0.41384175
1356626560920,0.25286162,-0.34743387,0.9029677,0.9112672,0.3990773,-0.10163322,-0.32504308,0.848544,0.41751644
1356626560959,0.24383053,-0.339451,0.9084711,0.90979767,0.40448746,-0.093049526,-0.33587945,0.8492132,0.40745804
1356626561000,0.24609748,-0.31229192,0.9175565,0.90316564,0.41744444,-0.100159764,-0.3517498,0.8533545,0.3847833
1356626561038,0.26035157,-0.26641756,0.92802954,0.892356,0.4334108,-0.12592062,-0.36867058,0.86091626,0.35057843
1356626561080,0.28493834,-0.20428568,0.93652415,0.8783544,0.44684696,-0.1697686,-0.3838016,0.8709737,0.30675912
1356626561118,0.31598425,-0.1309441,0.93968487,0.8622037,0.45294684,-0.22681236,-0.39592755,0.88186896,0.25602457
1356626561158,0.34738094,-0.054955035,0.9361124,0.84578276,0.44945472,-0.2874751,-0.40494192,0.8916111,0.20261207
1356626561200,0.3737645,0.015156984,0.92739975,0.8314867,0.43759254,-0.34226102,-0.41101086,0.89904565,0.15095371
1356626561239,0.39189506,0.07329103,0.91708595,0.8216295,0.42061466,-0.3847184,-0.4139362,0.9042741,0.10461876
1356626561279,0.40077758,0.11648947,0.9087395,0.8176135,0.40206724,-0.41212887,-0.41338307,0.9081697,0.06589621
1356626561318,0.4008678,0.14433306,0.904695,0.81954145,0.38486394,-0.42453688,-0.40945917,0.9116182,0.035992593
1356626561359,0.39358026,0.15865922,0.90549535,0.8262261,0.37080026,-0.42409617,-0.40304464,0.91505975,0.014851272
1356626561398,0.38117516,0.16316012,0.90999126,0.8356323,0.36028302,-0.41462597,-0.3955048,0.91846323,9.890795E-4
1356626561439,0.36610186,0.16217041,0.9163352,0.84559083,0.35314006,-0.40033525,-0.38851726,0.9214081,-0.007844627
1356626561479,0.35022402,0.15884086,0.92309946,0.8545401,0.3493606,-0.38432828,-0.38354164,0.9234266,-0.013381481
1356626561519,0.33415028,0.15420195,0.92982006,0.8621553,0.34860358,-0.36764622,-0.38083038,0.92449844,-0.016460061
1356626561560,0.31783843,0.14746562,0.936607,0.8690876,0.3495857,-0.34996676,-0.3790325,0.92522633,-0.017048776
1356626561599,0.3010103,0.13824633,0.94354695,0.87644243,0.3498302,-0.33085895,-0.3758213,0.92655647,-0.015862465
1356626561664,0.28468013,0.12735245,0.9501256,0.8843554,0.34762138,-0.31156814,-0.36996293,0.928946,-0.013663948
1356626561679,0.27075785,0.11720568,0.9554857,0.8914035,0.34420925,-0.2948215,-0.3634418,0.9315486,-0.011280179
1356626561718,0.26145038,0.110153735,0.95891076,0.8955254,0.34296456,-0.2835658,-0.3601082,0.9328674,-0.008977234
1356626561759,0.25813246,0.10728699,0.9601339,0.89516217,0.34725022,-0.2794671,-0.36338988,0.9316151,-0.006402731
1356626561799,0.26240647,0.10891783,0.9587907,0.8897769,0.3571931,-0.2840953,-0.37341648,0.9276583,-0.0031827688
1356626561840,0.27429616,0.11422461,0.9548373,0.8789916,0.37295008,-0.29712296,-0.3900454,0.92079365,0.0018962622
1356626561879,0.29562104,0.122570604,0.9474095,0.8632481,0.39048707,-0.31987917,-0.40915897,0.9124124,0.009627342
1356626561919,0.32443857,0.13173917,0.93668795,0.8434247,0.4080088,-0.34951898,-0.42822227,0.9034232,0.021261692
1356626561959,0.36283934,0.14245412,0.9208987,0.81880665,0.4230466,-0.38805568,-0.4448632,0.8948399,0.03685558
1356626562000,0.41015717,0.15481326,0.89877915,0.7885628,0.43490502,-0.43477178,-0.458192,0.8870685,0.056299478
1356626562038,0.46425176,0.16810781,0.8696034,0.75182015,0.44424462,-0.4872507,-0.46822727,0.87999237,0.07985449
1356626562079,0.5210738,0.17958802,0.8344041,0.7093982,0.45246944,-0.54039395,-0.47459066,0.8735099,0.10837054
1356626562121,0.57372487,0.18043105,0.79892695,0.66745675,0.46234283,-0.5837298,-0.47470114,0.8681496,0.14482766
1356626562159,0.62012017,0.16746193,0.76642513,0.63114965,0.47374412,-0.6141797,-0.46594107,0.86459416,0.18808475
1356626562198,0.65087837,0.12636346,0.74859184,0.61609066,0.4882577,-0.61809117,-0.4436099,0.86350256,0.23994502
1356626562238,0.66721314,0.061677426,0.74230886,0.6227156,0.5006437,-0.6013162,-0.40871987,0.8634534,0.29562852
1356626562278,0.67069405,-0.014072359,0.74160063,0.6445551,0.5058085,-0.57332927,-0.3670398,0.862531,0.34831315
1356626562320,0.66765016,-0.08154565,0.7399956,0.66825265,0.5037698,-0.5474069,-0.3281488,0.85998034,0.39083505
1356626562359,0.6670271,-0.123963416,0.73464817,0.68141377,0.50021183,-0.5342878,-0.30124754,0.8569838,0.4181252
1356626562398,0.67580366,-0.1327087,0.7250364,0.67709494,0.5004675,-0.5395134,-0.29125902,0.85552365,0.42807418
1356626562439,0.6946846,-0.108727604,0.7110496,0.65505207,0.5040298,-0.5629039,-0.29718703,0.8568151,0.421364
1356626562480,0.72057986,-0.056160808,0.6910938,0.6176543,0.50489765,-0.6029772,-0.3150679,0.86135036,0.39850706
1356626562519,0.74396294,0.007858813,0.6681747,0.5771406,0.4964189,-0.648442,-0.3367905,0.86804754,0.36478162
1356626562559,0.76274276,0.07735886,0.6420585,0.5380843,0.47481182,-0.69643307,-0.35873222,0.87668085,0.3205337
1356626562599,0.77339447,0.14007893,0.6182547,0.50918555,0.44367903,-0.7374815,-0.37761226,0.88517046,0.27181274
1356626562664,0.7778604,0.19431745,0.5976403,0.49027318,0.40729773,-0.7705457,-0.39314798,0.89238405,0.22155215
1356626562680,0.7773944,0.23912473,0.58178794,0.48073077,0.3706233,-0.7946926,-0.4056548,0.8974729,0.17316587
1356626562720,0.77332586,0.2742299,0.57163376,0.47937903,0.3371513,-0.81026226,-0.41492522,0.900626,0.12926774
1356626562758,0.7668671,0.2997555,0.5675046,0.48521352,0.3080017,-0.8183537,-0.42009842,0.9029295,0.09075095
1356626562798,0.7583997,0.31508064,0.5705735,0.49822456,0.28417,-0.81915796,-0.4202407,0.9055228,0.058533534
1356626562838,0.74807143,0.32007703,0.5813259,0.51790714,0.26612318,-0.8129887,-0.41492328,0.9092465,0.033308983
1356626562879,0.73581594,0.31619874,0.5988265,0.5426228,0.2537371,-0.80073583,-0.40513614,0.91413116,0.015127152
1356626562920,0.72188675,0.30613935,0.62061125,0.56980366,0.24595067,-0.7841123,-0.39268738,0.9196668,0.0031092167
1356626562959,0.70695597,0.29392123,0.6432913,0.59620476,0.24162579,-0.7656089,-0.3804645,0.924785,-0.0044184625
1356626562999,0.69211656,0.28293678,0.6640192,0.61919045,0.24001437,-0.7476605,-0.37091485,0.9286226,-0.0090738535
1356626563038,0.67804503,0.27432615,0.6819092,0.6380681,0.24084628,-0.73134273,-0.36486173,0.9309878,-0.011734128
1356626563079,0.66451985,0.266771,0.69803053,0.65422606,0.24370694,-0.71595746,-0.36111158,0.9324377,-0.012580454
1356626563118,0.65096474,0.258393,0.71377724,0.66952324,0.24769902,-0.7002741,-0.35774785,0.9337442,-0.011756778
1356626563159,0.6374649,0.24927495,0.72904086,0.68410283,0.25218898,-0.68440056,-0.35446,0.9350202,-0.009768099
1356626563199,0.6252387,0.24181327,0.74202615,0.69576836,0.25798738,-0.67033494,-0.35352927,0.9353976,-0.006942332
1356626563239,0.61574686,0.23875822,0.7508996,0.7020143,0.26653028,-0.66040707,-0.3578151,0.9337859,-0.0034964979
1356626563279,0.6101621,0.24214135,0.7543672,0.70094293,0.27883503,-0.65645254,-0.36929828,0.9293108,4.0727854E-4
1356626563319,0.6080166,0.2508847,0.75324154,0.69371533,0.29351547,-0.65772915,-0.38610223,0.9224454,0.004419714
1356626563358,0.60853624,0.2632879,0.7485741,0.68149185,0.30986357,-0.6629883,-0.40651268,0.9135995,0.00913465
1356626563398,0.6104254,0.27606624,0.7424071,0.6666841,0.3270216,-0.66976804,-0.42768347,0.90379435,0.015573323
1356626563438,0.61291313,0.2865851,0.7363467,0.6512849,0.34443092,-0.67616224,-0.44739857,0.8940002,0.024457693
1356626563478,0.615882,0.29345828,0.7311441,0.6363106,0.3619238,-0.6812635,-0.46454087,0.88481265,0.036171734
1356626563518,0.61952275,0.29601568,0.7270256,0.62220824,0.37949476,-0.68471944,-0.4785901,0.87656057,0.050922245
1356626563560,0.623489,0.29226506,0.72515,0.60987675,0.39852917,-0.6849998,-0.48919496,0.8693421,0.0702329
1356626563599,0.6275494,0.2797243,0.72659206,0.6007319,0.4196992,-0.68042177,-0.49528062,0.8634853,0.095342666
1356626563663,0.6303537,0.25233185,0.73415446,0.5987428,0.4439201,-0.66666484,-0.49412668,0.8598044,0.12874481
1356626563680,0.6304543,0.20510893,0.7486372,0.60793537,0.46920604,-0.64051557,-0.48264053,0.8589388,0.17111999
1356626563720,0.6250674,0.13444775,0.7689048,0.6318381,0.49125528,-0.5995406,-0.45833543,0.8605766,0.22211844
1356626563759,0.6124227,0.050150067,0.78893816,0.6665331,0.5038433,-0.5494319,-0.42505527,0.86233807,0.27513838
1356626563800,0.59137815,-0.039761007,0.8054135,0.7078641,0.5040157,-0.4948703,-0.38626453,0.8627788,0.32620925
1356626563839,0.5646106,-0.117515326,0.81694853,0.74657434,0.49474698,-0.44480568,-0.3519113,0.86105484,0.36707336
1356626563879,0.537915,-0.17205441,0.8252543,0.77609676,0.4832742,-0.405117,-0.32912195,0.8583957,0.3934913
1356626563919,0.5142443,-0.19938177,0.834146,0.7948566,0.4760846,-0.3762266,-0.32211134,0.8564989,0.40330377
1356626563959,0.4950158,-0.2010119,0.8453127,0.8037486,0.47550946,-0.35760167,-0.33007205,0.85643744,0.39694774
1356626563998,0.47984952,-0.18108678,0.8584591,0.8051091,0.4796986,-0.34883907,-0.34863147,0.8585435,0.37597772
1356626564038,0.46716362,-0.1453759,0.87213755,0.80226654,0.4843169,-0.3490065,-0.37165377,0.8627299,0.3428855
1356626564078,0.45581686,-0.09912336,0.8845369,0.79815745,0.48534107,-0.35691556,-0.39392346,0.86868787,0.30034265
1356626564119,0.44441187,-0.048421115,0.8945129,0.7954762,0.48053253,-0.36919653,-0.41196558,0.8756391,0.25207222
1356626564160,0.43200433,0.0011193156,0.90187085,0.7958364,0.46997464,-0.3817962,-0.42428374,0.8826792,0.20214033
1356626564198,0.41784167,0.04481721,0.9074138,0.7999381,0.45534825,-0.39084148,-0.43070573,0.8891847,0.15441254
1356626564239,0.40170002,0.080153525,0.91225684,0.8076703,0.43851352,-0.39417583,-0.43163157,0.8951432,0.11141327
1356626564279,0.38363653,0.10655001,0.9173168,0.8184869,0.42078197,-0.39117983,-0.4276706,0.9008827,0.0742175
1356626564319,0.36368316,0.12439272,0.92317986,0.83127105,0.40390688,-0.38190004,-0.42038432,0.9063033,0.043490082
1356626564358,0.34279412,0.13530675,0.92961514,0.8446156,0.38880545,-0.36804184,-0.41123798,0.91133,0.018998027
1356626564399,0.32137156,0.14104834,0.9363897,0.85744727,0.37631077,-0.35096198,-0.4018761,0.91569406,-5.90086E-6
1356626564440,0.300192,0.14343292,0.9430333,0.86894685,0.36668122,-0.33237964,-0.39346677,0.9192235,-0.014560819
1356626564479,0.2792883,0.14335951,0.9494452,0.8787428,0.36041367,-0.31291044,-0.38705176,0.9217104,-0.025316834
1356626564521,0.2593001,0.14093778,0.955458,0.8865557,0.35770875,-0.2933658,-0.38312203,0.9231365,-0.03219527
1356626564559,0.23948815,0.13576007,0.9613608,0.8929874,0.35784176,-0.2729886,-0.381076,0.92386067,-0.03553319
1356626564596,0.22078411,0.12795287,0.96689314,0.89827985,0.35950053,-0.25269076,-0.37993103,0.9243307,-0.035565436
1356626564661,0.20342739,0.11839166,0.9719057,0.9029435,0.3611259,-0.23298326,-0.3785636,0.9249711,-0.033438087
1356626564679,0.18818538,0.108438164,0.9761288,0.90680444,0.36254597,-0.21509579,-0.3772162,0.9256358,-0.030106366
1356626564720,0.17550461,0.098826945,0.97950566,0.909128,0.36548352,-0.19976991,-0.37773582,0.9255566,-0.025702298
1356626564759,0.16574278,0.09033263,0.98202306,0.9093123,0.37140825,-0.1876353,-0.38168103,0.9240649,-0.020582318
1356626564801,0.159027,0.08321351,0.9837611,0.90688986,0.38151735,-0.17887205,-0.39020655,0.92060846,-0.014793932
1356626564839,0.15558882,0.07726413,0.9847956,0.9020809,0.39514548,-0.17352256,-0.40254462,0.91536343,-0.008218288
1356626564879,0.15545073,0.07136473,0.9852625,0.89557695,0.41071162,-0.1710492,-0.41686562,0.9089681,-6.7174435E-5
1356626564918,0.15880306,0.064374834,0.9852093,0.8882431,0.4263478,-0.17103145,-0.4310519,0.90226567,0.010524869
1356626564959,0.16622691,0.055968612,0.9844979,0.8808361,0.44038075,-0.17375979,-0.44327894,0.8960649,0.023903966
1356626564998,0.17800008,0.04590127,0.9829593,0.8737266,0.45215166,-0.17933366,-0.4526783,0.8907591,0.040377855
1356626565039,0.19403218,0.03381273,0.98041236,0.86680794,0.46205384,-0.18748435,-0.45934263,0.8862071,0.06034416
1356626565080,0.21258435,0.01673168,0.9769995,0.86026543,0.4709786,-0.1952501,-0.46341276,0.88198596,0.085729
1356626565119,0.23208742,-0.0071552694,0.97266865,0.85482156,0.47864503,-0.200447,-0.46412876,0.8779794,0.11720395
1356626565158,0.24672239,-0.04566309,0.9680097,0.8537116,0.48293442,-0.19480947,-0.45858955,0.8744651,0.15813386
1356626565198,0.25282526,-0.10189468,0.9621314,0.859752,0.47975147,-0.17511427,-0.44374073,0.8714677,0.20889747
1356626565239,0.24765554,-0.1724503,0.9533769,0.8735318,0.46536896,-0.14273676,-0.41905698,0.86815464,0.2658921
1356626565281,0.23115864,-0.24828112,0.94070303,0.8923316,0.43940112,-0.10330057,-0.3876984,0.8632978,0.32312042
1356626565317,0.20779395,-0.31384617,0.92645687,0.909998,0.40942103,-0.06540716,-0.3587832,0.8566651,0.37067455
1356626565362,0.18355599,-0.36078075,0.9144094,0.92254174,0.38443998,-0.033507437,-0.3394467,0.8497312,0.40340152
1356626565408,0.16085026,-0.38735467,0.9077904,0.92918915,0.36953893,-0.006959349,-0.3327681,0.84462845,0.41936618
1356626565443,0.14832473,-0.38346925,0.9115652,0.92714536,0.3746413,0.0067409873,-0.34409496,0.8441536,0.41110027
1356626565517,0.13961995,-0.3580764,0.92319417,0.9209941,0.3893993,0.011747807,-0.36369777,0.84861624,0.38415423
1356626565526,0.13269362,-0.32468352,0.9364684,0.914562,0.40430722,0.01058799,-0.38205868,0.8550534,0.35059214
1356626565567,0.13583744,-0.2726129,0.9524865,0.90710986,0.4207992,-0.008928448,-0.3983716,0.8652227,0.30445006
1356626565609,0.14287126,-0.21023154,0.9671558,0.90056825,0.43296874,-0.038919866,-0.410566,0.87655044,0.25118673
1356626565665,0.15141714,-0.14290741,0.97808504,0.8956512,0.4384573,-0.07459283,-0.4181887,0.88731766,0.19438511
1356626565689,0.15758389,-0.07857379,0.9843747,0.8929255,0.4370438,-0.10805893,-0.42172426,0.8960016,0.13903159
1356626565728,0.1596304,-0.02192834,0.98693323,0.8925134,0.43040687,-0.13479549,-0.42182696,0.9023686,0.0882774
1356626565768,0.1568225,0.024447143,0.98732424,0.89430207,0.42068827,-0.15246394,-0.41908303,0.90687585,0.04411024
1356626565809,0.14915189,0.059002608,0.9870523,0.89780796,0.41022024,-0.1601879,-0.41436037,0.91007584,0.00821209
1356626565849,0.13734837,0.08135322,0.9871763,0.90227604,0.4009378,-0.15857726,-0.4086971,0.9124859,-0.018334925
1356626565889,0.12252818,0.09285051,0.9881122,0.906867,0.39401597,-0.14947835,-0.40321112,0.91440165,-0.03592497
1356626565928,0.10646182,0.09558454,0.9897119,0.9109911,0.38949353,-0.13561049,-0.39844862,0.9160559,-0.045610428
1356626565969,0.09003773,0.091334134,0.9917415,0.9143882,0.3870578,-0.11866096,-0.39469904,0.91752076,-0.048665047
1356626566010,0.07385762,0.08071363,0.9939971,0.9171604,0.3859011,-0.09948391,-0.39161432,0.9190025,-0.04552561
1356626566050,0.05894661,0.066260576,0.99605966,0.91972995,0.38431448,-0.079995096,-0.3881007,0.92082137,-0.03828782
1356626566090,0.04625255,0.049657524,0.9976948,0.92272866,0.38047755,-0.06171444,-0.3826651,0.92345595,-0.028222382
1356626566129,0.03755194,0.03532222,0.9986702,0.9256536,0.37530488,-0.048080653,-0.37650415,0.92622817,-0.018602729
1356626566170,0.033290833,0.024893016,0.99913573,0.9276297,0.371336,-0.04016,-0.3720148,0.92816484,-0.0107293725
1356626566208,0.034099877,0.019437462,0.99922943,0.9274552,0.37190711,-0.038885027,-0.37237635,0.9280664,-0.005345404
1356626566250,0.039677173,0.018893301,0.9990339,0.9244062,0.37887713,-0.043878466,-0.37934008,0.9252541,-0.0024322867
1356626566287,0.049299,0.021989703,0.99854195,0.9184114,0.39192778,-0.053973854,-0.3925432,0.91973317,-8.739829E-4
1356626566328,0.06211734,0.026278794,0.9977228,0.9100087,0.4090687,-0.067430735,-0.4099092,0.9121251,0.001496315
1356626566368,0.077635884,0.029313177,0.99655074,0.90014005,0.4276772,-0.08270496,-0.42862636,0.9034561,0.006817162
1356626566408,0.0957789,0.029657245,0.9949607,0.88970584,0.4456861,-0.09893143,-0.44637424,0.8946979,0.016301095
1356626566448,0.11660148,0.026583552,0.992823,0.8792425,0.4621266,-0.1156359,-0.46188393,0.8864155,0.03051126
1356626566488,0.13995087,0.019556165,0.98996526,0.8689629,0.4768746,-0.13226521,-0.47467583,0.8787538,0.04974544
1356626566528,0.16454974,0.006813705,0.9863453,0.8592845,0.48999813,-0.14673743,-0.4843072,0.8716968,0.074774146
1356626566568,0.18808912,-0.015584558,0.98202825,0.85171413,0.50049967,-0.15518701,-0.48908627,0.8655964,0.10741216
1356626566609,0.20754617,-0.05258113,0.97681105,0.8492765,0.50521576,-0.15325308,-0.48544216,0.86138976,0.14951152
1356626566665,0.21971868,-0.104980975,0.9698982,0.85462856,0.50015825,-0.13946894,-0.470461,0.8595468,0.19961387
1356626566690,0.22071189,-0.17353493,0.959777,0.86980337,0.48023957,-0.11319047,-0.44128036,0.85979974,0.25693583
1356626566729,0.2110641,-0.24623626,0.94594896,0.8902789,0.44796628,-0.08203441,-0.40355334,0.859473,0.3137686
1356626566769,0.19269249,-0.31459367,0.9294625,0.9113982,0.40838805,-0.05072102,-0.36362487,0.856884,0.36541334
1356626566809,0.16985717,-0.36805588,0.9141572,0.92783827,0.37230328,-0.022503257,-0.33206123,0.8520124,0.4047347
1356626566852,0.14781776,-0.4013679,0.9039102,0.9370885,0.34908745,0.0017636716,-0.31625158,0.84678316,0.42771858
1356626566898,0.12873968,-0.4125912,0.9017731,0.9389727,0.34322277,0.022985458,-0.31899264,0.8437812,0.43159822
1356626566939,0.11092517,-0.40934178,0.90561295,0.93696666,0.3468819,0.042026907,-0.3313441,0.8438674,0.42201763
1356626566978,0.10033974,-0.3901549,0.9152656,0.9316872,0.35964027,0.05116564,-0.3491289,0.84760725,0.39958853
1356626567019,0.09758946,-0.3560499,0.9293572,0.92475855,0.3775724,0.047546774,-0.3678286,0.8547909,0.3661073
1356626567059,0.102897674,-0.3081316,0.9457626,0.91749585,0.39665654,0.029409379,-0.3842048,0.8647071,0.3235246
1356626567098,0.112533,-0.2536355,0.9607316,0.9111806,0.41200206,0.0020405948,-0.39634094,0.87517047,0.2774716
1356626567139,0.12472519,-0.19612971,0.9726134,0.906301,0.4214774,-0.031229615,-0.4038095,0.8853756,0.2303214
1356626567179,0.13612416,-0.1401009,0.98073536,0.90338904,0.42389223,-0.06483436,-0.40664274,0.89481115,0.18426758
1356626567220,0.14354825,-0.09018883,0.9855252,0.9027046,0.42008048,-0.09304187,-0.4056086,0.90299416,0.1417157
1356626567258,0.14604506,-0.04828453,0.98809886,0.9039988,0.41220173,-0.113472044,-0.40181717,0.9098123,0.10384917
1356626567299,0.14245969,-0.01579851,0.98967457,0.9066511,0.40322453,-0.124072015,-0.39710093,0.91496474,0.07176697
1356626567340,0.13353637,0.0083042085,0.9910091,0.9097208,0.39567372,-0.12589854,-0.39316177,0.9183536,0.045282304
1356626567379,0.1199497,0.025386333,0.99245536,0.9125816,0.39079988,-0.120292485,-0.39090526,0.92012554,0.023709178
1356626567420,0.1040619,0.037352443,0.9938691,0.9147362,0.38868105,-0.11038408,-0.3904212,0.92061484,0.0062792897
1356626567459,0.08516526,0.043234825,0.9954284,0.91671693,0.3880092,-0.09528357,-0.39035493,0.9206409,-0.0065891743
1356626567500,0.06479329,0.04279992,0.9969804,0.91897726,0.38685185,-0.07633126,-0.3889507,0.92114806,-0.014266729
1356626567538,0.043430835,0.036367238,0.99839425,0.9220167,0.38335547,-0.05407238,-0.38470635,0.9228846,-0.016881764
1356626567580,0.02311185,0.026210725,0.9993893,0.9257454,0.37685034,-0.03129232,-0.37744036,0.92590326,-0.015554726
1356626567618,0.0061601996,0.0154667795,0.9998615,0.9294002,0.36889654,-0.0114325285,-0.36902228,0.9293418,-0.0121023655
1356626567662,-0.005395055,0.0070693493,0.9999605,0.93168485,0.36325932,0.0024585426,-0.36322755,0.93166125,-0.008546233
1356626567698,-0.010723233,0.0023800135,0.9999397,0.9314619,0.36372453,0.009123176,-0.36368087,0.93150353,-0.006117165
