1356626886251,0.4651792,0.38856465,-0.7953778,0.57443553,0.5511352,0.6052056,0.6735222,-0.73842233,0.033171296
1356626886286,-0.2920453,-0.22459975,0.92965823,-0.67902005,-0.635844,-0.36692524,0.67352897,-0.73841536,0.03318757
1356626886327,-0.2920583,-0.22452809,0.9296714,-0.67897403,-0.635917,-0.36688367,0.6735697,-0.73837423,0.0332762
1356626886368,-0.29219836,-0.22446702,0.9296423,-0.67879546,-0.63607645,-0.366938,0.673689,-0.7382556,0.03349322
1356626886408,-0.29281497,-0.22487763,0.92934895,-0.6783049,-0.6361846,-0.3676569,0.67391527,-0.7380374,0.033748746
1356626886448,-0.29449356,-0.22662178,0.9283944,-0.67724466,-0.6359229,-0.37005633,0.67425007,-0.7377294,0.033796787
1356626886488,-0.2977634,-0.23041102,0.9264166,-0.6753675,-0.6350173,-0.37500918,0.67469674,-0.7373357,0.033472717
1356626886528,-0.3028267,-0.23637109,0.92326856,-0.6725493,-0.63338804,-0.38274944,0.67525804,-0.7368504,0.032835513
1356626886568,-0.3095289,-0.2441955,0.9189997,-0.6688629,-0.6310358,-0.3929583,0.6758803,-0.7363168,0.031990558
1356626886608,-0.3175066,-0.25356272,0.9137261,-0.6645464,-0.62787354,-0.40515774,0.6764374,-0.73585373,0.030849844
1356626886647,-0.32625943,-0.26418898,0.9076116,-0.6599525,-0.623756,-0.41879717,0.67676985,-0.73561716,0.029154092
1356626886687,-0.3352087,-0.2755493,0.9009481,-0.6554755,-0.6186891,-0.43309984,0.67674726,-0.73572826,0.026774287
1356626886718,-0.3437152,-0.2863384,0.8943545,-0.6513329,-0.6133735,-0.446697,0.67648,-0.7360592,0.024324298
1356626886758,-0.35090303,-0.29551432,0.8885597,-0.6482227,-0.6081303,-0.45824105,0.67577684,-0.7367827,0.021835744
1356626886798,-0.3570094,-0.30249554,0.8837651,-0.64585936,-0.60358185,-0.4674983,0.6748407,-0.73768926,0.02011475
1356626886838,-0.36179036,-0.30683792,0.8803171,-0.64423376,-0.6002506,-0.47398514,0.67384756,-0.7386133,0.019489616
1356626886877,-0.3651924,-0.30893725,0.87817544,-0.64336723,-0.59804386,-0.47793514,0.67283946,-0.73952764,0.019641012
1356626886917,-0.36731178,-0.30947843,0.87710047,-0.6432903,-0.5965604,-0.4798888,0.67175865,-0.740499,0.0200392
1356626886958,-0.3683505,-0.30899876,0.8768339,-0.6439545,-0.5954618,-0.48036224,0.6705524,-0.7415828,0.02035746
1356626886997,-0.36852735,-0.30774948,0.87719893,-0.645223,-0.594633,-0.47968632,0.6692345,-0.74276644,0.02057141
1356626887037,-0.36802298,-0.3057262,0.8781177,-0.6469152,-0.5941613,-0.47798866,0.6678772,-0.74397844,0.020886034
1356626887077,-0.3669579,-0.3027659,0.87958777,-0.6488592,-0.5942418,-0.47524557,0.666576,-0.74512374,0.021609336
1356626887117,-0.36543202,-0.29865336,0.8816266,-0.6508785,-0.59510976,-0.47138256,0.6654446,-0.7460901,0.023085177
1356626887156,-0.363581,-0.29317337,0.88422745,-0.6527621,-0.597009,-0.46634954,0.66461307,-0.746746,0.025688678
1356626887197,-0.36159307,-0.2861113,0.88735044,-0.6542537,-0.6001941,-0.46012935,0.6642307,-0.7469319,0.029836714
1356626887237,-0.3596937,-0.27725005,0.89092803,-0.6550642,-0.6049278,-0.4527176,0.66446316,-0.7464548,0.035972178
1356626887292,-0.35809022,-0.26613697,0.89495397,-0.65491414,-0.6115787,-0.4439134,0.66547656,-0.745079,0.044703424
1356626887318,-0.35686743,-0.25188017,0.8995566,-0.6537541,-0.6205083,-0.4330992,0.66727144,-0.7426478,0.056771517
1356626887358,-0.35584903,-0.23276831,0.90509135,-0.652078,-0.6319227,-0.4188891,0.6694519,-0.73925143,0.07308599
1356626887398,-0.35459805,-0.20683876,0.9118541,-0.6510149,-0.6453922,-0.3995604,0.6711481,-0.73531395,0.09419969
1356626887438,-0.35266232,-0.17384417,0.9194605,-0.6517545,-0.6594274,-0.37466198,0.6714502,-0.7313916,0.11925149
1356626887479,-0.34990132,-0.13574624,0.9268992,-0.6546995,-0.6722567,-0.3456002,0.6700281,-0.72776634,0.1463505
1356626887518,-0.34667724,-0.09564644,0.93309516,-0.6593584,-0.6826797,-0.31495225,0.6671292,-0.7244309,0.17360426
1356626887558,-0.34371275,-0.056212783,0.9373908,-0.6648923,-0.69034946,-0.28519422,0.6631589,-0.72128886,0.19990651
1356626887598,-0.34167266,-0.018726796,0.9396325,-0.6706612,-0.6955491,-0.2577306,0.6583869,-0.71823454,0.2250907
1356626887638,-0.34084332,0.016573846,0.93997407,-0.67642874,-0.6986945,-0.23295975,0.65289366,-0.7152282,0.24935633
1356626887678,-0.34091032,0.05033773,0.93874717,-0.6825845,-0.6998781,-0.21035469,0.64641976,-0.7124864,0.2729554
1356626887718,-0.34121656,0.083123565,0.9363021,-0.6899077,-0.6986822,-0.18939501,0.63843447,-0.7105868,0.29574957
1356626887758,-0.34105027,0.114893466,0.93299747,-0.69901335,-0.6946125,-0.16998145,0.62854195,-0.7101499,0.31720987
1356626887798,-0.3399614,0.14495036,0.9292016,-0.7097323,-0.68779546,-0.15237316,0.61701405,-0.71128535,0.33669978
1356626887838,-0.3378448,0.17247134,0.92526466,-0.72113156,-0.679176,-0.13670915,0.604839,-0.71342397,0.35383052
1356626887878,-0.3348109,0.19711009,0.9214387,-0.7321569,-0.6699909,-0.12271264,0.59316766,-0.7157233,0.36863583
1356626887918,-0.33097297,0.21908069,0.91785645,-0.74217796,-0.6611444,-0.10981777,0.58277667,-0.7175596,0.3814178
1356626887958,-0.32633954,0.23864648,0.91463137,-0.75095344,-0.6531135,-0.09752843,0.5740832,-0.7186729,0.39234906
1356626887998,-0.32102907,0.25492454,0.91211504,-0.75798166,-0.6465721,-0.08607146,0.5678064,-0.71899784,0.40079653
1356626888037,-0.31557202,0.26535273,0.9110446,-0.7621403,-0.64284563,-0.07675725,0.5652933,-0.7185662,0.4051001
1356626888076,-0.31078047,0.26688173,0.9122443,-0.76224303,-0.6433335,-0.071467996,0.56780386,-0.7175627,0.40336418
1356626888116,-0.30737078,0.2575659,0.9160693,-0.7579063,-0.6483779,-0.07200134,0.575414,-0.71642584,0.3945032
1356626888157,-0.305861,0.23674119,0.9221728,-0.74982715,-0.6567682,-0.08009216,0.5866927,-0.7159673,0.37839472
1356626888196,-0.306767,0.2040833,0.9296472,-0.7393687,-0.6661694,-0.09773576,0.5993563,-0.71733415,0.35525158
1356626888237,-0.31042993,0.1596531,0.9370935,-0.72822046,-0.6735709,-0.12648016,0.6110059,-0.72167385,0.32535923
1356626888292,-0.31654882,0.10519567,0.9427252,-0.71823716,-0.67576474,-0.16576365,0.6196228,-0.72957253,0.28946787
1356626888317,-0.32399756,0.045038402,0.94498515,-0.7111045,-0.67040783,-0.21185735,0.62398386,-0.74062455,0.24923766
1356626888358,-0.33126932,-0.015053093,0.9434161,-0.70784044,-0.6571624,-0.2590354,0.6238769,-0.75359863,0.20704262
1356626888398,-0.3369887,-0.06953201,0.93893766,-0.7085823,-0.63794625,-0.30155557,0.6199596,-0.7669354,0.16571155
1356626888438,-0.3403139,-0.11465362,0.9332957,-0.7128378,-0.61583114,-0.33558053,0.6132281,-0.77949125,0.12784648
1356626888478,-0.34098542,-0.14883831,0.9282112,-0.71992135,-0.59360206,-0.3596524,0.6045182,-0.7908753,0.09525776
1356626888518,-0.3391667,-0.17223272,0.9248253,-0.7290647,-0.5731523,-0.37411386,0.5945004,-0.8011444,0.068825334
1356626888558,-0.33531624,-0.18622607,0.92351663,-0.73935485,-0.555516,-0.38046873,0.5838814,-0.8103838,0.04858631
1356626888598,-0.32995617,-0.19279027,0.92410004,-0.74980795,-0.541208,-0.38063347,0.5735128,-0.8184899,0.03401923
1356626888638,-0.32351518,-0.19423938,0.9260719,-0.7594837,-0.5304468,-0.37657782,0.564378,-0.82516503,0.02408591
1356626888678,-0.31635278,-0.19269085,0.92886543,-0.7678466,-0.52298045,-0.37000406,0.5570749,-0.83027804,0.017489344
1356626888719,-0.30853927,-0.1898678,0.9320696,-0.7748397,-0.51820874,-0.36205408,0.55174905,-0.8339124,0.012770653
1356626888758,-0.30018556,-0.18678555,0.9354142,-0.7807267,-0.5153098,-0.3534426,0.5480461,-0.83640116,0.008860111
1356626888798,-0.3008762,-0.18981177,0.93458277,-0.78241277,-0.51117814,-0.35570636,0.5452556,-0.83825314,0.00529024
1356626888838,-0.28500026,-0.1820184,0.94108665,-0.7902461,-0.5110367,-0.3381606,0.5424813,-0.84006596,0.0018062592
1356626888878,-0.27294922,-0.17708632,0.9455893,-0.79689837,-0.50901544,-0.32535532,0.53893554,-0.84234416,-0.002184391
1356626888918,-0.26449782,-0.17587814,0.9482129,-0.8026525,-0.5048911,-0.3175438,0.5345933,-0.8450751,-0.0076264143
1356626888958,-0.25935292,-0.17948219,0.9489585,-0.8068844,-0.4996915,-0.31503332,0.5307293,-0.8474046,-0.015224963
1356626888998,-0.25689435,-0.18841651,0.9478948,-0.808331,-0.49571007,-0.31760445,0.5297229,-0.8478036,-0.024957836
1356626889038,-0.25606763,-0.2017839,0.9453638,-0.8058897,-0.4955111,-0.3240535,0.533827,-0.8448385,-0.035731286
1356626889078,-0.25591213,-0.21820593,0.9417511,-0.79877245,-0.50098103,-0.3331375,0.544492,-0.8374988,-0.0460898
1356626889118,-0.25550658,-0.23502901,0.9378047,-0.787004,-0.51284623,-0.3429482,0.5615524,-0.82568157,-0.053933203
1356626889158,-0.25427377,-0.24868524,0.9346125,-0.77136624,-0.5307807,-0.35109258,0.5833858,-0.8102021,-0.056863755
1356626889198,-0.25225443,-0.25577986,0.9332441,-0.7532028,-0.5535706,-0.35531,0.6074976,-0.79255056,-0.053013533
1356626889238,-0.25031543,-0.25436676,0.9341519,-0.73397195,-0.5793632,-0.35443407,0.6313695,-0.77436155,-0.041674525
1356626889287,-0.25023377,-0.24509726,0.93664855,-0.7149976,-0.6055177,-0.34946644,0.6528105,-0.7571497,-0.023723036
1356626889318,-0.2535172,-0.22876078,0.9398923,-0.69692934,-0.6306245,-0.34147078,0.6708342,-0.74160725,4.440248E-4
1356626889358,-0.26143807,-0.20618144,0.9429419,-0.6800885,-0.6538832,-0.3315364,0.68493056,-0.7279602,0.03072831
1356626889398,-0.2739215,-0.17646606,0.9454241,-0.66521835,-0.67518556,-0.31876165,0.69458735,-0.71622914,0.06755936
1356626889438,-0.28949696,-0.13688263,0.9473408,-0.65422666,-0.69415617,-0.3002242,0.698698,-0.7066897,0.11140387
1356626889478,-0.30532944,-0.08342785,0.94858503,-0.6506896,-0.709032,-0.27180243,0.69525313,-0.70022374,0.16220279
1356626889518,-0.31836855,-0.015401304,0.9478419,-0.658229,-0.71594274,-0.2327243,0.6821848,-0.6979891,0.21779607
1356626889558,-0.32619554,0.06198907,0.94326764,-0.6777764,-0.7109155,-0.18766534,0.6589504,-0.7005401,0.2739122
1356626889598,-0.3279959,0.13928732,0.9343542,-0.70595765,-0.6933657,-0.14445716,0.6277281,-0.7069958,0.32575202
1356626889638,-0.32414383,0.20866737,0.9227072,-0.7369535,-0.6672612,-0.107990175,0.59315276,-0.7149967,0.37006688
1356626889678,-0.3154949,0.26630694,0.91079277,-0.7651729,-0.63905823,-0.07819834,0.5612249,-0.72158515,0.4053905
1356626889718,-0.3034324,0.3100988,0.9009813,-0.7865368,-0.61525327,-0.053132594,0.5378554,-0.72477716,0.43059206
1356626889758,-0.2901433,0.3374648,0.8955079,-0.798689,-0.6008744,-0.032339543,0.5271743,-0.72461545,0.44386905
1356626889798,-0.2775584,0.34696126,0.8958678,-0.8016865,-0.5975036,-0.016971499,0.5293958,-0.72291577,0.44399643
1356626889836,-0.26721954,0.33865994,0.90216583,-0.79742485,-0.60334015,-0.009710342,0.5410244,-0.7220042,0.43128014
1356626889876,-0.26069242,0.31230992,0.9135107,-0.7883765,-0.61501676,-0.014721215,0.5572269,-0.7240281,0.40654814
1356626889916,-0.25864464,0.26888794,0.9277943,-0.77747947,-0.62794745,-0.034752697,0.57326144,-0.73032963,0.37147003
1356626889957,-0.2610067,0.21120009,0.94195014,-0.76721954,-0.6375937,-0.069631666,0.5858752,-0.7408569,0.328453
1356626889996,-0.26620525,0.1453931,0.95288795,-0.7594452,-0.6404255,-0.1144467,0.59361404,-0.7541325,0.28090286
1356626890036,-0.27206314,0.07894185,0.959036,-0.7550794,-0.63532764,-0.1619077,0.59652066,-0.7681973,0.23245649
1356626890078,-0.2765491,0.018470138,0.9608223,-0.75433016,-0.6236255,-0.20512727,0.59540457,-0.781505,0.18639567
1356626890118,-0.27853215,-0.032192618,0.95988727,-0.7569469,-0.60779727,-0.24002889,0.59114397,-0.7934395,0.14492294
1356626890158,-0.2774753,-0.071431786,0.9580735,-0.76239014,-0.5904484,-0.26482436,0.58460987,-0.803908,0.10937601
1356626890198,-0.27329582,-0.09931287,0.95678955,-0.7698195,-0.57383263,-0.27945274,0.5767904,-0.8129286,0.08037314
1356626890238,-0.26625532,-0.11722997,0.9567472,-0.77827716,-0.55944735,-0.28513736,0.56867635,-0.8205338,0.057718426
1356626890285,-0.25676072,-0.12731421,0.95805275,-0.7868395,-0.54808116,-0.2837088,0.56121075,-0.826679,0.040549845
1356626890318,-0.24535143,-0.13162258,0.96045727,-0.7947608,-0.5400101,-0.27702767,0.5551197,-0.83130294,0.027883768
1356626890358,-0.23232609,-0.13151032,0.9637062,-0.8016122,-0.53526264,-0.26629272,0.5508562,-0.8343854,0.018935204
1356626890398,-0.21806717,-0.12809181,0.9674912,-0.8073435,-0.5332931,-0.2525766,0.5483094,-0.8361764,0.01287961
1356626890439,-0.20330805,-0.1227085,0.9713951,-0.81234,-0.5327161,-0.23731238,0.546598,-0.83735067,0.008624464
1356626890478,-0.18918836,-0.11721736,0.9749194,-0.817237,-0.5316149,-0.22250682,0.5443633,-0.8388359,0.0047810078
1356626890518,-0.1771977,-0.11410186,0.9775386,-0.82237303,-0.5284736,-0.21075627,0.5406511,-0.84124684,-1.899898E-4
1356626890558,-0.16866356,-0.11565852,0.9788645,-0.8273089,-0.52325034,-0.20437476,0.5358289,-0.84429383,-0.0074320436
1356626890598,-0.1640799,-0.12280485,0.97877306,-0.83084154,-0.51767856,-0.20423305,0.53177065,-0.8467159,-0.017090738
1356626890638,-0.1627742,-0.1343647,0.9774716,-0.8315705,-0.5145136,-0.20920372,0.53103197,-0.8468895,-0.027984142
1356626890678,-0.16364777,-0.14842534,0.9752894,-0.82838506,-0.5161863,-0.21755442,0.5357216,-0.8435174,-0.03848058
1356626890718,-0.165263,-0.16212645,0.97283256,-0.82097805,-0.52398586,-0.22679055,0.5465193,-0.8361542,-0.046506822
1356626890758,-0.16635174,-0.17214221,0.97092444,-0.8097641,-0.5380202,-0.23412913,0.5626804,-0.8251675,-0.049894005
1356626890798,-0.16621578,-0.17517799,0.97040457,-0.79578066,-0.5573199,-0.23691297,0.58232766,-0.81160784,-0.04676795
1356626890838,-0.16525072,-0.16924495,0.9716216,-0.780448,-0.57988286,-0.2337451,0.6029869,-0.7969266,-0.036260873
1356626890878,-0.16515785,-0.15484956,0.97403514,-0.7652023,-0.6029655,-0.22560596,0.6222446,-0.78259456,-0.018906772
1356626890946,-0.16850191,-0.1349932,0.97641385,-0.7510182,-0.62399507,-0.21587473,0.63841903,-0.76967984,0.0037619472
1356626890951,-0.17928684,-0.1184417,0.9766411,-0.7375947,-0.640733,-0.21310851,0.6510071,-0.7585728,0.027513027
1356626890983,-0.19188166,-0.098425984,0.9764701,-0.72582793,-0.6554535,-0.20869732,0.66057193,-0.74879444,0.054329127
1356626891027,-0.20930624,-0.07667458,0.97483945,-0.7142096,-0.66894275,-0.20596159,0.6679038,-0.7393487,0.08525221
1356626891066,-0.2305454,-0.0523296,0.97165346,-0.70293295,-0.6815254,-0.20349017,0.67285514,-0.729921,0.12033841
1356626891106,-0.24899304,-0.01681766,0.96835923,-0.6960356,-0.6921392,-0.19099134,0.6734514,-0.721568,0.16063222
1356626891146,-0.25915885,0.03602612,0.9651626,-0.6989451,-0.69666195,-0.161672,0.6665676,-0.7164944,0.2057264
1356626891187,-0.2572608,0.106248945,0.96048325,-0.7148862,-0.6896884,-0.11518526,0.6501958,-0.7162689,0.25338563
1356626891226,-0.24284238,0.18643013,0.95198286,-0.7415911,-0.66831446,-0.05829501,0.62535596,-0.72013855,0.30055004
1356626891287,-0.21788222,0.2673702,0.93863755,-0.7729672,-0.6344446,0.0012952685,0.5958598,-0.72525394,0.34490258
1356626891308,-0.18556678,0.3421982,0.9211218,-0.8024438,-0.5938094,0.058942884,0.567141,-0.72821057,0.3847862
1356626891348,-0.14955342,0.40697846,0.9011117,-0.8254397,-0.55310327,0.1128093,0.5443188,-0.72694236,0.41865474
1356626891388,-0.11443406,0.45780155,0.88165903,-0.83948493,-0.5191111,0.16058838,0.5311966,-0.7217627,0.44372153
1356626891428,-0.08546084,0.49039388,0.86730057,-0.8441472,-0.4980393,0.19842476,0.52925605,-0.7151718,0.45652747
1356626891468,-0.0662967,0.5025113,0.862025,-0.8412207,-0.492764,0.22255653,0.53661203,-0.7103985,0.45539153
1356626891508,-0.059785366,0.49210128,0.8684827,-0.8331746,-0.5037778,0.22809675,0.5497689,-0.7099608,0.44012472
1356626891548,-0.06726235,0.45727554,0.8867777,-0.82272565,-0.52823204,0.209984,0.56444496,-0.71545076,0.41174257
1356626891588,-0.0888387,0.3965792,0.9136917,-0.8118089,-0.5603386,0.16427708,0.5771256,-0.72714895,0.37172627
1356626891628,-0.12132853,0.3130109,0.94196784,-0.8013164,-0.5909433,0.093155146,0.5858083,-0.743512,0.32251918
1356626891668,-0.15823531,0.21609092,0.9634657,-0.79171634,-0.610849,0.0069763362,0.5900396,-0.76168764,0.2677406
1356626891708,-0.1924398,0.11886132,0.97408366,-0.7839774,-0.61564434,-0.07975924,0.59020877,-0.7790084,0.21165904
1356626891748,-0.21888816,0.032657325,0.9752032,-0.77960837,-0.60686886,-0.15466353,0.58676964,-0.7941307,0.15829645
1356626891788,-0.23550022,-0.036246896,0.9711982,-0.77976596,-0.5894156,-0.21107897,0.5800903,-0.8070164,0.11054334
1356626891827,-0.24201095,-0.085759014,0.9664761,-0.7843951,-0.5690004,-0.24690643,0.57109976,-0.8178532,0.070435464
1356626891858,-0.2407409,-0.11898711,0.96326834,-0.7914854,-0.5503682,-0.26579264,0.5617781,-0.82640004,0.038319558
1356626891898,-0.23482877,-0.13907167,0.9620366,-0.8000641,-0.53442925,-0.2725489,0.5520444,-0.83369327,0.014233112
1356626891938,-0.2231152,-0.14774665,0.96353024,-0.8093914,-0.52276653,-0.2675832,0.54323584,-0.839575,-0.0029477477
1356626891978,-0.2079277,-0.14898661,0.96673113,-0.8178122,-0.5157186,-0.25537705,0.536609,-0.84370446,-0.014610857
1356626892018,-0.19068038,-0.14542374,0.9708207,-0.82433677,-0.51327014,-0.23879436,0.5330196,-0.8458166,-0.022007585
1356626892058,-0.17195195,-0.13790798,0.9754045,-0.82891613,-0.51475966,-0.21890736,0.53228796,-0.84617007,-0.025800198
1356626892098,-0.15143412,-0.12611544,0.9803889,-0.83270305,-0.5181439,-0.19527516,0.5326098,-0.84594417,-0.026551992
1356626892138,-0.1296665,-0.11084625,0.98534244,-0.8370936,-0.5203987,-0.16869998,0.5314706,-0.8466985,-0.025310427
1356626892178,-0.108959496,-0.09567863,0.9894308,-0.8426174,-0.5191798,-0.14299697,0.52737427,-0.8492925,-0.024050862
1356626892218,-0.09294218,-0.08610454,0.99194145,-0.8483876,-0.51460904,-0.12416172,0.52115285,-0.85309064,-0.02522114
1356626892288,-0.084370136,-0.08594981,0.99272066,-0.85252905,-0.5095151,-0.11656928,0.51582533,-0.8561582,-0.030286819
1356626892297,-0.08338165,-0.09451026,0.9920259,-0.8530852,-0.5077666,-0.120078295,0.5150662,-0.8562949,-0.038286924
1356626892335,-0.08806378,-0.107328475,0.9903158,-0.84893936,-0.51200175,-0.13098162,0.5211015,-0.8522528,-0.046026528
1356626892376,-0.0965274,-0.119736075,0.9881021,-0.8399492,-0.5228209,-0.14540869,0.5340111,-0.84399146,-0.05010569
1356626892417,-0.10803634,-0.12855297,0.98580027,-0.8268478,-0.5389208,-0.16089416,0.55195177,-0.83248925,-0.04807067
1356626892456,-0.12323332,-0.13266891,0.9834696,-0.81090146,-0.557817,-0.1768586,0.57205975,-0.81929183,-0.038839787
1356626892496,-0.14384776,-0.13314497,0.980602,-0.79317313,-0.57703334,-0.19470212,0.5917636,-0.8057946,-0.022602081
1356626892536,-0.17173189,-0.13217604,0.9762365,-0.77390856,-0.59506583,-0.21670794,0.60956854,-0.79273343,-1.0043383E-4
1356626892576,-0.20733273,-0.13078186,0.9694892,-0.75263214,-0.61176896,-0.24348244,0.6249465,-0.78015053,0.028409094
1356626892616,-0.24916017,-0.12785631,0.9599854,-0.72905356,-0.6277308,-0.27282757,0.63749516,-0.76785856,0.06319147
1356626892656,-0.29120314,-0.11609161,0.94959116,-0.7056191,-0.6441992,-0.2951424,0.6459894,-0.7559961,0.10567644
1356626892696,-0.32616973,-0.08547437,0.941439,-0.6885755,-0.6608511,-0.29856247,0.64767045,-0.7456339,0.15669405
1356626892736,-0.34577304,-0.026188612,0.93795264,-0.6870075,-0.67379177,-0.27207595,0.6391101,-0.738457,0.21498732
1356626892776,-0.3447458,0.06221819,0.9366318,-0.7061109,-0.6746456,-0.21508297,0.6185125,-0.7355149,0.27651417
1356626892816,-0.32427996,0.16603512,0.93127584,-0.7413448,-0.6561093,-0.14116779,0.58757997,-0.73617446,0.3358525
1356626892856,-0.29216623,0.2648748,0.91895604,-0.7812948,-0.6202675,-0.069616765,0.55155885,-0.73831534,0.38816655
1356626892896,-0.2589786,0.34314483,0.9028741,-0.8152979,-0.578876,-0.013851762,0.51789904,-0.7396987,0.42968178
1356626892936,-0.23399359,0.39377934,0.8889234,-0.8375618,-0.5459249,0.021362782,0.4936976,-0.7395295,0.45755738
1356626892976,-0.22351497,0.4153664,0.8817662,-0.84666896,-0.5309354,0.03548509,0.48290026,-0.7386327,0.47034997
1356626893016,-0.2319116,0.407332,0.88334465,-0.84299,-0.53727937,0.026435852,0.485371,-0.73851985,0.4679781
1356626893056,-0.2627607,0.3668731,0.8923906,-0.82658273,-0.5626862,-0.01205641,0.4977126,-0.7408026,0.45110267
1356626893096,-0.31813037,0.28889987,0.90295625,-0.7957679,-0.59907174,-0.08869332,0.5153121,-0.74675965,0.42048013
1356626893136,-0.39263785,0.17373481,0.9031344,-0.7488991,-0.63040125,-0.20431453,0.5338405,-0.75657815,0.37762928
1356626893176,-0.47029233,0.037030667,0.88173354,-0.6900922,-0.6382049,-0.34127313,0.550089,-0.76897556,0.32569736
1356626893216,-0.53411734,-0.095000386,0.8400557,-0.63129556,-0.6160926,-0.47105807,0.5623028,-0.7819237,0.26909253
1356626893288,-0.581903,-0.21394344,0.78461266,-0.5805347,-0.5663686,-0.58498377,0.56953347,-0.79589874,0.20536995
1356626893308,-0.60620403,-0.29428264,0.73886025,-0.5530292,-0.511673,-0.657533,0.5715554,-0.8072104,0.14743134
1356626893348,-0.6178222,-0.34668398,0.7057663,-0.5430193,-0.46104854,-0.70182925,0.56870544,-0.81685036,0.09658986
1356626893388,-0.6208047,-0.37780145,0.6869261,-0.546641,-0.4194699,-0.72472656,0.5619476,-0.82541573,0.05388713
1356626893428,-0.617808,-0.393883,0.68056566,-0.5591282,-0.388506,-0.7324198,0.55289155,-0.83301824,0.019790947
1356626893468,-0.6105676,-0.40035677,0.6833166,-0.5760269,-0.36763078,-0.7300962,0.5435072,-0.83938193,-0.006152749
1356626893508,-0.60025835,-0.40143925,0.6917633,-0.5938355,-0.35568964,-0.7216955,0.53576994,-0.8439973,-0.024883151
1356626893548,-0.58765346,-0.3994617,0.7036291,-0.61058336,-0.3516662,-0.7095906,0.53089684,-0.8466175,-0.037246764
1356626893588,-0.5726278,-0.3947141,0.718539,-0.62654066,-0.35455006,-0.6940757,0.5287194,-0.8476409,-0.044279277
1356626893628,-0.5547226,-0.38645262,0.7368427,-0.64336556,-0.36233532,-0.674384,0.52760166,-0.84815526,-0.04763466
1356626893668,-0.53397197,-0.37464145,0.75796944,-0.6623001,-0.3719263,-0.6504071,0.5255782,-0.8493024,-0.04952687
1356626893708,-0.5121793,-0.36181974,0.77894723,-0.68195605,-0.38001347,-0.6249206,0.52211905,-0.85127914,-0.052110136
1356626893748,-0.49309796,-0.35288268,0.7951907,-0.6982071,-0.3847664,-0.60370666,0.5190003,-0.85289425,-0.056657672
1356626893788,-0.48049974,-0.3520477,0.80323255,-0.7066916,-0.38693863,-0.59233904,0.51933324,-0.8522564,-0.06286532
1356626893828,-0.47621322,-0.36047852,0.80204505,-0.7048769,-0.3888145,-0.5932722,0.5257086,-0.847867,-0.06893438
1356626893868,-0.47967255,-0.3759873,0.79281,-0.6927837,-0.3922143,-0.60516,0.5384839,-0.8395245,-0.07234347
1356626893908,-0.48930287,-0.39530933,0.7773758,-0.6714771,-0.3980301,-0.62505245,0.55650806,-0.8278301,-0.0706839
1356626893948,-0.5033751,-0.41480812,0.7579892,-0.643114,-0.406011,-0.6492761,0.577077,-0.814303,-0.06239313
1356626893988,-0.5205873,-0.4317525,0.7365994,-0.61005193,-0.41549122,-0.67468786,0.59734875,-0.8005978,-0.04709196
1356626894028,-0.5405422,-0.44508302,0.71394336,-0.57389855,-0.42544544,-0.6997403,0.6151866,-0.7879703,-0.025461257
1356626894070,-0.56220615,-0.45326245,0.69172066,-0.5358064,-0.43749118,-0.72215855,0.62994903,-0.7766303,0.0030993223
1356626894109,-0.5865297,-0.4586811,0.6675287,-0.49430192,-0.45016915,-0.74364865,0.6415984,-0.7661327,0.0373106
1356626894150,-0.6087806,-0.45375347,0.6507642,-0.4551893,-0.47204918,-0.7549652,0.6497607,-0.755829,0.08083063
1356626894189,-0.63022506,-0.43779892,0.6412085,-0.42055297,-0.5017266,-0.75591373,0.65264964,-0.746058,0.13208306
1356626894230,-0.64663273,-0.39672118,0.65151995,-0.4050138,-0.54521406,-0.73396546,0.64639753,-0.73848075,0.19187576
1356626894293,-0.6558025,-0.32192895,0.68285054,-0.41908166,-0.59710467,-0.68398577,0.6279281,-0.7347297,0.25666824
1356626894309,-0.65324706,-0.21383823,0.7263205,-0.46530098,-0.64338326,-0.6079086,0.5972966,-0.73507214,0.32078916
1356626894348,-0.63749397,-0.091173604,0.7650417,-0.52996963,-0.668846,-0.5213226,0.5592259,-0.7377889,0.37806603
1356626894389,-0.61388934,0.019872278,0.78914195,-0.5928099,-0.6717324,-0.44424307,0.52126414,-0.7405273,0.42414987
1356626894428,-0.5923327,0.099093616,0.79957646,-0.63847125,-0.66303855,-0.39081252,0.49142295,-0.7419976,0.45600778
1356626894469,-0.58092916,0.13800225,0.8021701,-0.6609353,-0.65517753,-0.36593312,0.47506422,-0.7427637,0.4718222
1356626894508,-0.582704,0.13650662,0.801138,-0.6607071,-0.6535734,-0.36919922,0.4732043,-0.74445134,0.47103065
1356626894549,-0.5941306,0.101923674,0.797885,-0.6436281,-0.65518427,-0.39557117,0.48244363,-0.74856216,0.45486587
1356626894588,-0.61039853,0.04142356,0.7910105,-0.61560977,-0.65321106,-0.4408399,0.49843565,-0.7560419,0.4242199
1356626894629,-0.6249729,-0.033834696,0.77991295,-0.5849588,-0.6412816,-0.49656942,0.5169451,-0.76655936,0.38099164
1356626894667,-0.633222,-0.112038,0.7658181,-0.55946255,-0.61747026,-0.5529304,0.5348191,-0.7785743,0.3283147
1356626894707,-0.6333096,-0.18311074,0.75192374,-0.54455054,-0.58493596,-0.6010944,0.54989415,-0.7901394,0.27073258
1356626894743,-0.6260681,-0.24164192,0.7413825,-0.5417775,-0.54900706,-0.6364499,0.5608171,-0.8001253,0.21279964
1356626894774,-0.6127165,-0.28352576,0.7376934,-0.55009675,-0.5171856,-0.6556772,0.56742585,-0.807547,0.16092157
1356626894804,-0.59783185,-0.31432492,0.73742586,-0.5636062,-0.48934674,-0.66549814,0.5700396,-0.8134738,0.11539158
1356626894844,-0.5814389,-0.33496362,0.7414366,-0.58247775,-0.46486598,-0.66679794,0.56802166,-0.8195725,0.07518226
1356626894891,-0.56090486,-0.34388828,0.75307804,-0.60777295,-0.44661045,-0.65662104,0.5621368,-0.8260024,0.041499972
1356626894937,-0.53581625,-0.3423558,0.7718119,-0.63707805,-0.43596464,-0.6356623,0.55410534,-0.8323026,0.015489459
1356626894980,-0.50650483,-0.33363503,0.7950726,-0.66668767,-0.4332171,-0.6065068,0.546791,-0.8372637,-0.0030038357
1356626895018,-0.47671026,-0.32076466,0.8184481,-0.69288814,-0.4358588,-0.57439804,0.54097444,-0.8409145,-0.014475703
1356626895060,-0.44585007,-0.30379683,0.841977,-0.716598,-0.4425254,-0.53912765,0.5363815,-0.8437291,-0.020400226
1356626895098,-0.41453767,-0.28244004,0.8650932,-0.73863435,-0.45086277,-0.5011408,0.5315805,-0.8467292,-0.02172032
1356626895138,-0.38285476,-0.25853562,0.8868943,-0.75990665,-0.45779103,-0.46148586,0.52532285,-0.850639,-0.021195412
1356626895180,-0.35324734,-0.23631251,0.9051921,-0.7796774,-0.4603731,-0.4244523,0.51702946,-0.8556944,-0.021621943
1356626895219,-0.3276074,-0.22069708,0.9186764,-0.7956172,-0.45997763,-0.39422563,0.509575,-0.86006594,-0.02489829
1356626895296,-0.30820262,-0.21512115,0.926679,-0.80531645,-0.4595629,-0.37452275,0.50643516,-0.8616988,-0.031602114
1356626895299,-0.2935565,-0.21727473,0.93092227,-0.80794257,-0.46410125,-0.3630961,0.51093376,-0.8587209,-0.039305538
1356626895338,-0.28112924,-0.22144303,0.93377155,-0.80436134,-0.47632617,-0.3551283,0.5234205,-0.85092676,-0.044211
1356626895378,-0.26951212,-0.22291917,0.93684053,-0.7952973,-0.49704087,-0.34706253,0.543015,-0.8386044,-0.043328464
1356626895418,-0.25800997,-0.21794882,0.9412381,-0.78252554,-0.5242408,-0.33589488,0.5666433,-0.8232071,-0.035291195
1356626895458,-0.24713117,-0.20451206,0.94715416,-0.76794887,-0.5547556,-0.32015732,0.5909151,-0.80648685,-0.019957423
1356626895498,-0.2384612,-0.18299669,0.9537549,-0.7534481,-0.58477926,-0.30058125,0.6127415,-0.7902819,0.0015687048
1356626895538,-0.23284876,-0.15321499,0.960368,-0.74031144,-0.6124518,-0.2772035,0.6306508,-0.7755179,0.029181838
1356626895578,-0.23050374,-0.1141735,0.96635,-0.72949266,-0.6369529,-0.24926165,0.64397854,-0.7624011,0.06353131
1356626895618,-0.2301926,-0.06357777,0.971066,-0.72245234,-0.6573727,-0.21429801,0.65197694,-0.75087875,0.105390474
1356626895658,-0.22796983,0.004485309,0.97365785,-0.7225356,-0.67108816,-0.16608125,0.6526654,-0.741364,0.15622865
1356626895698,-0.220106,0.09225607,0.97110355,-0.73337525,-0.67207134,-0.102375925,0.6432061,-0.7347169,0.21558526
1356626895738,-0.20463866,0.19298226,0.9596255,-0.7556811,-0.6542719,-0.029572636,0.6221489,-0.7312225,0.2797222
1356626895778,-0.1832462,0.29132184,0.9389103,-0.78491724,-0.61839217,0.03868109,0.59188336,-0.7298787,0.3419814
1356626895820,-0.15977335,0.37307966,0.9139387,-0.81406057,-0.5734808,0.09178826,0.55837065,-0.72933614,0.39533645
1356626895859,-0.1380356,0.43036544,0.892038,-0.8365332,-0.53284526,0.12762555,0.53024375,-0.7286025,0.4335665
1356626895899,-0.12053394,0.46278706,0.8782367,-0.8497716,-0.5054436,0.1497164,0.5131859,-0.7282547,0.45418644
1356626895939,-0.117444456,0.46910936,0.875296,-0.8534009,-0.4984131,0.15261471,0.5078521,-0.7290547,0.4588743
1356626895979,-0.0895288,0.47305474,0.87647235,-0.85384154,-0.48951948,0.17698917,0.5127759,-0.73252296,0.44773996
1356626896019,-0.07412279,0.45407897,0.8878729,-0.848573,-0.4964097,0.18303367,0.5238604,-0.7398579,0.42211434
1356626896060,-0.0670135,0.41581893,0.90697503,-0.84093297,-0.5127576,0.17294902,0.53697383,-0.7511153,0.38403755
1356626896098,-0.06580144,0.36147875,0.93005556,-0.833191,-0.532778,0.14812317,0.5490565,-0.7651671,0.33623832
1356626896140,-0.067693174,0.29682964,0.9525281,-0.8270493,-0.5506891,0.11283153,0.5580386,-0.78014976,0.28277066
1356626896178,-0.07035422,0.22825637,0.9710557,-0.82365155,-0.5624385,0.07253218,0.5627151,-0.7947086,0.22757375
1356626896219,-0.07142669,0.1626285,0.9840987,-0.8236394,-0.5661073,0.03377235,0.56259775,-0.8081302,0.1743825
1356626896292,-0.069393754,0.10541758,0.99200386,-0.82689357,-0.5623553,0.0019161999,0.5580606,-0.8201486,0.12619305
1356626896299,-0.06357467,0.05994159,0.9961753,-0.8325141,-0.55364925,-0.019816011,0.550344,-0.8305898,0.08510034
1356626896335,-0.05372095,0.027692795,0.9981719,-0.8388496,-0.5435324,-0.030066758,0.5417061,-0.8389313,0.052429095
1356626896378,-0.04142505,0.006676942,0.9991193,-0.84475946,-0.534221,-0.03145495,0.5335405,-0.84531844,0.027770534
1356626896427,-0.026926577,-0.004482746,0.99962735,-0.8497598,-0.5265649,-0.025250971,0.52648187,-0.8501231,0.010369331
1356626896470,-0.009904385,-0.007230699,0.9999248,-0.8536163,-0.5207588,-0.012220919,0.5208081,-0.85367316,-0.0010143965
1356626896507,0.0064921975,-0.004585415,0.99996847,-0.8566699,-0.51585513,0.0031963885,0.51582414,-0.8566636,-0.007277265
1356626896550,0.02132535,6.943345E-4,0.9997723,-0.85953784,-0.5107302,0.018688768,0.5106269,-0.85974073,-0.010294646
1356626896588,0.033223808,0.004421234,0.9994381,-0.86231667,-0.5054255,0.030901372,0.50527817,-0.86285883,-0.012979627
1356626896629,0.041399717,0.003635019,0.99913603,-0.8640094,-0.5020677,0.03762728,0.5017707,-0.86482066,-0.017644763
1356626896668,0.046289504,-0.0011571646,0.9989274,-0.86289,-0.50385344,0.03940198,0.50326747,-0.86378837,-0.024321616
1356626896709,0.04903263,-0.0064465404,0.9987763,-0.8576471,-0.51277316,0.038794547,0.51189566,-0.8584999,-0.030671403
1356626896750,0.05044937,-0.008156329,0.99869335,-0.847625,-0.52919734,0.038496137,0.5281918,-0.8484596,-0.033611193
1356626896788,0.049963593,-0.0047522783,0.9987397,-0.83452654,-0.5495762,0.03913352,0.5486976,-0.83543,-0.031424686
1356626896828,0.047234774,0.004849434,0.998872,-0.81947404,-0.5716098,0.041526496,0.57116646,-0.8205112,-0.02302581
1356626896870,0.040755153,0.020072848,0.9989676,-0.8040031,-0.59294146,0.044715464,0.59322685,-0.80499536,-0.008026794
1356626896909,0.02885145,0.0381189,0.99885666,-0.78968567,-0.61177295,0.046156436,0.6128329,-0.7901144,0.012451395
1356626896950,0.013935566,0.063340396,0.9978947,-0.7766007,-0.6279493,0.050703645,0.6298389,-0.7756724,0.040439412
1356626896989,-0.0033470392,0.09832725,0.9951485,-0.7654841,-0.64058346,0.06071922,0.643446,-0.7615671,0.07741204
1356626897029,-0.019582927,0.14755711,0.9888597,-0.7585882,-0.6464607,0.08144185,0.6512762,-0.7485423,0.12459457
1356626897068,-0.030896485,0.21337968,0.97648066,-0.75988644,-0.6396699,0.11573678,0.64932114,-0.73843855,0.18190792
1356626897109,-0.03486353,0.29062074,0.956203,-0.7721998,-0.61520845,0.15882689,0.63442254,-0.7328425,0.24586561
1356626897148,-0.030941427,0.3694422,0.9287385,-0.7945037,-0.57288295,0.20141736,0.60647047,-0.73165405,0.31124902
1356626897189,-0.02103281,0.4392409,0.898123,-0.8212222,-0.5199452,0.2350553,0.5702207,-0.73261476,0.37165037
1356626897230,-0.007595837,0.49439853,0.86920214,-0.84599406,-0.46660876,0.25801206,0.53313816,-0.73338,0.42180258
1356626897294,0.006927848,0.53269124,0.8462813,-0.8638381,-0.42312288,0.27340597,0.50372195,-0.7329441,0.45722762
1356626897312,0.019516706,0.55334556,0.832723,-0.8729875,-0.39655238,0.28397,0.48735186,-0.732499,0.47532445
1356626897358,0.028292835,0.5552168,0.8312243,-0.8732755,-0.3909062,0.2908302,0.48640454,-0.73411626,0.47379738
1356626897399,0.03454131,0.543544,0.83866966,-0.86858946,-0.3987453,0.29420146,0.49432707,-0.7386217,0.45834345
1356626897441,0.03292018,0.5143576,0.8569437,-0.8610354,-0.42075682,0.2856254,0.5074785,-0.7472617,0.42902866
1356626897478,0.022108078,0.46557862,0.88473034,-0.8526867,-0.45323378,0.25981614,0.52195454,-0.76014185,0.3869726
1356626897519,0.0028067231,0.39797527,0.9173919,-0.845072,-0.48953915,0.21495324,0.5346453,-0.77586544,0.3349437
1356626897558,-0.022105992,0.3161036,0.94846714,-0.83893454,-0.5218778,0.15437752,0.5437832,-0.79228914,0.27672684
1356626897599,-0.04749924,0.2293686,0.97217995,-0.83469105,-0.5437229,0.087500066,0.5486663,-0.8073137,0.21727838
1356626897640,-0.069123685,0.14654326,0.9867861,-0.8328938,-0.5529221,0.023768365,0.5490991,-0.82024515,0.16027504
1356626897679,-0.0819518,0.078276604,0.9935576,-0.83397603,-0.5512175,-0.025361776,0.5456811,-0.8306817,0.11045408
1356626897720,-0.08587718,0.02740717,0.99592865,-0.8380291,-0.5426053,-0.057329714,0.5388249,-0.83954054,0.06956543
1356626897759,-0.07969326,-0.0042186677,0.9968105,-0.8440634,-0.5316902,-0.06973162,0.5302885,-0.8469285,0.038811296
1356626897801,-0.06576967,-0.018764257,0.9976584,-0.851004,-0.5210079,-0.06590089,0.52102447,-0.85334563,0.01829806
1356626897839,-0.04514295,-0.019937545,0.99878156,-0.8573085,-0.5124678,-0.048978448,0.5128199,-0.8584749,0.006041676
1356626897880,-0.021362662,-0.011638552,0.999704,-0.86207867,-0.5061907,-0.02431482,0.50632393,-0.86234295,7.803142E-4
1356626897918,0.004160583,0.0023237169,0.99998873,-0.8651104,-0.50155896,0.0047649145,0.5015643,-0.8651204,-7.6547265E-5
1356626897959,0.028711796,0.016981453,0.99944353,-0.8667251,-0.49766958,0.033354938,0.49795905,-0.86720043,4.2927265E-4
1356626897999,0.04992366,0.027880132,0.99836385,-0.86724186,-0.49459285,0.057178706,0.4953778,-0.8686775,-5.130172E-4
1356626898038,0.066494405,0.033034742,0.9972398,-0.86629736,-0.49399793,0.074127614,0.4950832,-0.8688353,-0.0042301863
1356626898079,0.07865065,0.034119427,0.9963182,-0.8630228,-0.49793172,0.085180044,0.49900472,-0.8665448,-0.009716824
1356626898118,0.08717835,0.034570605,0.9955927,-0.8565341,-0.5077093,0.09263131,0.508674,-0.8608345,-0.0146503
1356626898158,0.092728615,0.038000822,0.99496603,-0.84682226,-0.5226036,0.09888181,0.5237304,-0.85172856,-0.016280368
1356626898198,0.09530616,0.046647847,0.9943544,-0.8345844,-0.54071105,0.10535887,0.54257315,-0.8399141,-0.012601525
1356626898238,0.09403163,0.060697973,0.99371713,-0.8211714,-0.5596061,0.111885965,0.5628814,-0.82653296,-0.002777189
1356626898288,0.08799368,0.07956004,0.9929387,-0.80800045,-0.5772732,0.117859006,0.58257383,-0.81266576,0.013488278
1356626898318,0.076820314,0.1029346,0.9917173,-0.7961719,-0.5924033,0.12316105,0.6001741,-0.79903865,0.03644505
1356626898358,0.061727583,0.13241509,0.98927045,-0.78630185,-0.60402995,0.12991312,0.61475134,-0.7858844,0.066832796
1356626898398,0.045771062,0.17176667,0.9840737,-0.7791971,-0.6103024,0.142768,0.62510544,-0.7733221,0.105906
1356626898438,0.033892512,0.22590518,0.97355956,-0.7766992,-0.6070798,0.16790628,0.62895924,-0.7618537,0.15488487
1356626898478,0.03139782,0.29676694,0.9544337,-0.7814383,-0.58809406,0.20856589,0.6231922,-0.7523795,0.21344009
1356626898518,0.04131913,0.378861,0.92453074,-0.7946759,-0.5484163,0.26024973,0.6056262,-0.7454555,0.27841157
1356626898558,0.0621714,0.45977548,0.8858562,-0.8140447,-0.49017638,0.31154191,0.5774651,-0.74049556,0.3438028
1356626898598,0.08899361,0.5275687,0.844838,-0.8341645,-0.42402947,0.35265926,0.5442883,-0.7361183,0.4023432
1356626898638,0.1161015,0.5761734,0.80903935,-0.84955704,-0.36438125,0.38141736,0.5145613,-0.73160815,0.44718698
1356626898679,0.13896674,0.60524523,0.78381526,-0.85769427,-0.3220876,0.40077424,0.49502385,-0.7279682,0.47435597
1356626898718,0.15461552,0.61657435,0.7719651,-0.8589627,-0.3021611,0.41337842,0.48813635,-0.727004,0.48289558
1356626898758,0.16030973,0.6110974,0.7751521,-0.85571176,-0.30538875,0.41772604,0.49199402,-0.7302723,0.47396648
1356626898798,0.15275484,0.5873872,0.7947592,-0.85090923,-0.33082652,0.40805292,0.50261253,-0.7386,0.44927794
1356626898838,0.12880945,0.5422647,0.8302754,-0.84692025,-0.37539625,0.3765684,0.515882,-0.7516825,0.41090035
1356626898878,0.08733368,0.47303116,0.8767066,-0.844373,-0.43182945,0.3171084,0.5285897,-0.7679616,0.36170137
1356626898918,0.031135976,0.38062784,0.924204,-0.8419298,-0.48835307,0.22948948,0.53868794,-0.7852603,0.3052566
1356626898957,-0.03189051,0.27292347,0.961507,-0.8377831,-0.5319224,0.123199046,0.54507107,-0.8016054,0.24561398
1356626898998,-0.09056693,0.16452754,0.98220587,-0.8319208,-0.55465794,0.016200274,0.54745364,-0.8156502,0.18710752
1356626899038,-0.1374352,0.067561,0.988204,-0.82632554,-0.55793506,-0.07677722,0.5461664,-0.82713,0.13250725
1356626899078,-0.16799378,-0.009128988,0.9857458,-0.82335603,-0.5485837,-0.14539924,0.54209137,-0.83604586,0.0846422
1356626899118,-0.182657,-0.06357229,0.9811193,-0.8240516,-0.53439605,-0.18804201,0.5362605,-0.8428401,0.04522431
1356626899158,-0.18416423,-0.09815782,0.9779819,-0.82804626,-0.52057755,-0.20817888,0.52954984,-0.84815335,0.014592499
1356626899198,-0.17493308,-0.11578712,0.97774833,-0.83422434,-0.5100156,-0.20965177,0.5229419,-0.85233647,-0.00737381
1356626899238,-0.15677649,-0.11855909,0.9804921,-0.84119964,-0.50415874,-0.19546613,0.517498,-0.8554342,-0.020691603
1356626899290,-0.13130766,-0.10827795,0.98541063,-0.8477992,-0.5029257,-0.16823265,0.51380426,-0.8575206,-0.025759935
1356626899318,-0.10139495,-0.08866289,0.9908874,-0.85331714,-0.50429076,-0.13244078,0.511438,-0.85897017,-0.024525017
1356626899358,-0.07191217,-0.06643486,0.9951959,-0.85751426,-0.50547934,-0.09570694,0.50940925,-0.86027724,-0.020618677
1356626899398,-0.04813111,-0.04922688,0.9976273,-0.86028713,-0.5054612,-0.06644645,0.5075328,-0.861444,-0.018020868
1356626899438,-0.03305322,-0.041331857,0.9985986,-0.86119866,-0.5058579,-0.04944271,0.5071925,-0.861626,-0.018874735
1356626899478,-0.026561916,-0.041906774,0.9987683,-0.8595363,-0.5091578,-0.044222564,0.51038396,-0.8596523,-0.022496134
1356626899518,-0.026914358,-0.046842277,0.9985396,-0.8550918,-0.5163173,-0.047268808,0.5177775,-0.8551153,-0.026158065
1356626899558,-0.032461107,-0.052212358,0.9981084,-0.84813696,-0.5268991,-0.055146426,0.52878165,-0.84832263,-0.02717954
1356626899598,-0.042986512,-0.056013316,0.99750423,-0.83951366,-0.5392588,-0.0664593,0.5416355,-0.8402752,-0.02384311
1356626899638,-0.058695912,-0.05763927,0.9966105,-0.82996416,-0.55193347,-0.08080244,0.55472004,-0.83189374,-0.015442312
1356626899678,-0.07960886,-0.05674082,0.99521005,-0.81973,-0.5643477,-0.097747505,0.56719065,-0.82358503,-0.0015851259
1356626899718,-0.10465711,-0.051708043,0.9931632,-0.80862814,-0.5769216,-0.115248054,0.5789366,-0.8151612,0.01856631
1356626899758,-0.13132042,-0.038839787,0.99057883,-0.79664314,-0.590575,-0.12876645,0.5900124,-0.80604744,0.04661317
1356626899846,-0.15549344,-0.011773199,0.98776674,-0.78510725,-0.60538924,-0.1308066,0.5995234,-0.7958424,0.08489089
1356626899848,-0.17198533,0.037078857,0.9844014,-0.777933,-0.6181707,-0.11262885,0.60435194,-0.7851689,0.13516115
1356626899863,-0.18112648,0.09759647,0.9786051,-0.77692515,-0.6242906,-0.081537664,0.60297626,-0.7750716,0.18890083
1356626899905,-0.17091173,0.18909958,0.9669697,-0.7907932,-0.611752,-0.02013895,0.5877373,-0.76811516,0.25409424
1356626899946,-0.14658993,0.29159725,0.94524205,-0.81595933,-0.5758464,0.0511021,0.5592153,-0.76378804,0.3223447
1356626899987,-0.11562449,0.38300627,0.9164808,-0.8439984,-0.5243793,0.11266321,0.52373433,-0.76048166,0.38388786
1356626900027,-0.08528513,0.450961,0.88845974,-0.8672092,-0.47265697,0.1566642,0.4905861,-0.7571193,0.43138808
1356626900068,-0.059690773,0.4936684,0.86759925,-0.88172996,-0.43353122,0.18601853,0.46796286,-0.75388473,0.46116006
