1356626036902,-0.5308287,0.16505522,-0.83125067,0.77953565,-0.2897119,-0.5553299,-0.33248326,-0.94277453,0.025120914
1356626036923,0.08841467,-0.05768752,-0.9944119,0.93895614,-0.32840204,0.10253516,-0.33248192,-0.9427748,0.02513051
1356626036945,0.08840728,-0.057714373,-0.994411,0.9389603,-0.32838976,0.1025368,-0.3324722,-0.9427774,0.025159448
1356626036973,0.08830917,-0.057752103,-0.99441755,0.9389857,-0.32834262,0.1024555,-0.33242658,-0.9427916,0.025232702
1356626037018,0.087961316,-0.05787161,-0.9944414,0.93909836,-0.32811219,0.10216057,-0.3322005,-0.9428644,0.025485933
1356626037057,0.085817575,-0.057579547,-0.99464566,0.93949485,-0.3276344,0.10002574,-0.3316396,-0.94304836,0.025978953
1356626037096,0.08003837,-0.056061894,-0.995214,0.9403584,-0.32692814,0.094043076,-0.33063564,-0.94338495,0.026551425
1356626037138,0.06898856,-0.05242732,-0.9962388,0.94174945,-0.32607085,0.08237475,-0.32916316,-0.9438904,0.026878297
1356626037178,0.051840127,-0.046172947,-0.99758744,0.94350004,-0.32511824,0.06407738,-0.32729247,-0.9445455,0.026710004
1356626037215,0.029169321,-0.037800938,-0.9988595,0.9451524,-0.32418746,0.039869517,-0.3253248,-0.9452374,0.026271284
1356626037258,0.004609287,-0.02913332,-0.9995649,0.94624835,-0.32314724,0.013781875,-0.32340813,-0.9459002,0.026077867
1356626037298,-0.020083845,-0.0213027,-0.99957126,0.9466406,-0.32206148,-0.012156695,-0.3216645,-0.94647896,0.026634336
1356626037337,-0.043622136,-0.014607489,-0.9989413,0.9463457,-0.3210733,-0.036630332,-0.3201983,-0.9469417,0.027829647
1356626037377,-0.064140916,-0.009372443,-0.9978968,0.94556594,-0.32026184,-0.05776933,-0.31904683,-0.9472827,0.029404163
1356626037420,-0.08141667,-0.0053516626,-0.9966658,0.94450647,-0.31971306,-0.075439095,-0.31824332,-0.9474993,0.031084687
1356626037456,-0.09497714,-0.0027159452,-0.99547577,0.94339454,-0.31947058,-0.08913651,-0.31778312,-0.9475924,0.032904565
1356626037497,-0.092514336,-0.005655557,-0.9956953,0.9436983,-0.31946844,-0.08586851,-0.31760758,-0.9475801,0.03489256
1356626037540,-0.10599887,-0.003206402,-0.99436116,0.9422684,-0.3197611,-0.09941468,-0.31763923,-0.94749284,0.03691557
1356626037577,-0.114907086,-0.002113223,-0.993374,0.9411751,-0.32013237,-0.10818812,-0.31778255,-0.9473704,0.0387744
1356626037621,-0.12055868,-0.0017389655,-0.99270475,0.9404171,-0.32046837,-0.11364722,-0.31793287,-0.94725764,0.040270567
1356626037648,-0.1238755,-0.0016729832,-0.9922964,0.93995774,-0.32068217,-0.11680102,-0.31801635,-0.9471854,0.041297197
1356626037687,-0.12617832,-0.0011597872,-0.9920069,0.9396847,-0.32061887,-0.119148314,-0.3179179,-0.9472076,0.041544974
1356626037728,-0.12662792,-5.131066E-4,-0.9919502,0.93971443,-0.32029074,-0.11979407,-0.31765097,-0.9473192,0.041039884
1356626037767,-0.12549698,4.1285157E-4,-0.9920939,0.9399756,-0.3198061,-0.11903721,-0.3173268,-0.9474829,0.039746642
1356626037808,-0.123266995,0.0020593405,-0.99237144,0.940353,-0.31927663,-0.11746815,-0.3170829,-0.9476594,0.037419766
1356626037847,-0.12064916,0.00507465,-0.9926822,0.9407309,-0.31871247,-0.11596432,-0.31696865,-0.94783795,0.033678472
1356626037878,-0.117026865,0.008482665,-0.99309254,0.94121253,-0.31813055,-0.11363068,-0.31689695,-0.948009,0.029245824
1356626037942,-0.11613369,0.015357882,-0.9931148,0.9413532,-0.31722593,-0.11498648,-0.31680772,-0.9482257,0.022383422
1356626037958,-0.115986526,0.0250673,-0.99293447,0.941398,-0.31600463,-0.11794415,-0.31672838,-0.9484265,0.013053924
1356626037998,-0.11673993,0.037998885,-0.99243534,0.94130373,-0.31444585,-0.122765005,-0.31673205,-0.94851464,9.3987584E-4
1356626038038,-0.11813605,0.054765224,-0.9914861,0.9411618,-0.3122083,-0.12938488,-0.31663597,-0.9484339,-0.014659882
1356626038079,-0.119505584,0.07593474,-0.9899254,0.9412699,-0.30848187,-0.13729465,-0.31579947,-0.9481945,-0.034609795
1356626038118,-0.11891806,0.100685,-0.98778594,0.9421439,-0.30257642,-0.1442649,-0.31340602,-0.9477922,-0.058877975
1356626038158,-0.11339152,0.1265108,-0.985463,0.9442628,-0.29479915,-0.14649624,-0.30904698,-0.94714755,-0.086031735
1356626038198,-0.100955725,0.15124819,-0.983327,0.9476596,-0.2862987,-0.14133027,-0.3029012,-0.9461274,-0.11442825
1356626038238,-0.08119416,0.17399058,-0.9813943,0.95186126,-0.2784695,-0.12812036,-0.29558012,-0.9445539,-0.1430048
1356626038278,-0.055924833,0.19533247,-0.9791413,0.9560837,-0.27211446,-0.10889301,-0.28770882,-0.9422308,-0.17153624
1356626038318,-0.028151333,0.21637654,-0.97590405,0.95969677,-0.2672522,-0.08693877,-0.27962404,-0.93901944,-0.20013231
1356626038358,-9.0539455E-4,0.2377496,-0.97132605,0.96251,-0.26326007,-0.06533489,-0.2712447,-0.93497014,-0.22859806
1356626038398,0.023271382,0.25938216,-0.9654943,0.96474385,-0.2590773,-0.046348423,-0.26215968,-0.9303762,-0.2562664
1356626038437,0.042625695,0.28074658,-0.958835,0.96677387,-0.25370893,-0.03130722,-0.25205436,-0.9256421,-0.282233
1356626038478,0.01379016,0.31175622,-0.95006204,0.9703785,-0.23336682,-0.06249267,-0.24119544,-0.92105806,-0.30573976
1356626038518,0.04584822,0.32488802,-0.9446406,0.9719968,-0.23268685,-0.032851458,-0.23047847,-0.91668135,-0.3264584
1356626038558,0.06194526,0.3393151,-0.93863094,0.9732815,-0.22886842,-0.018503875,-0.22110164,-0.91240585,-0.3444264
1356626038598,0.06413567,0.3544888,-0.9328581,0.974678,-0.22291183,-0.017696291,-0.21421823,-0.9081013,-0.35980904
1356626038638,0.055639625,0.36931327,-0.9276378,0.97591877,-0.21637988,-0.027610123,-0.21091893,-0.90376294,-0.37245905
1356626038678,0.0405367,0.3819282,-0.9233026,0.97635984,-0.211496,-0.044620097,-0.21231645,-0.8996668,-0.38147277
1356626038718,0.023279846,0.38996094,-0.920537,0.9754259,-0.21065354,-0.06456983,-0.21909413,-0.89641255,-0.38528198
1356626038758,0.0077302754,0.39139414,-0.9201907,0.97302914,-0.21510956,-0.08332056,-0.23055291,-0.89472824,-0.38250077
1356626038798,-0.0030141175,0.38479814,-0.9229959,0.9696276,-0.22461209,-0.09680742,-0.2445673,-0.8952541,-0.37243396
1356626038838,-0.0059539676,0.36872908,-0.92951787,0.96594214,-0.23834425,-0.100735724,-0.25868943,-0.89846027,-0.35475194
1356626038878,0.0020104349,0.3414843,-0.93988526,0.96254635,-0.25547376,-0.090761244,-0.27110955,-0.9045007,-0.32920814
1356626038943,0.023610294,0.3013688,-0.95321536,0.9594408,-0.27475703,-0.06310269,-0.2809198,-0.91306376,-0.29563263
1356626038957,0.05918309,0.24837941,-0.96685314,0.95580524,-0.29351464,-0.016895503,-0.28798208,-0.92312336,-0.25477347
1356626038998,0.10607898,0.18491551,-0.9770125,0.95029485,-0.3081017,0.044864833,-0.29272306,-0.93320924,-0.20840731
1356626039038,0.15896797,0.11579952,-0.9804691,0.9419948,-0.31512338,0.115511954,-0.29559252,-0.94195956,-0.1591771
1356626039078,0.21149018,0.04712534,-0.9762434,0.931328,-0.31270495,0.18666497,-0.29647946,-0.94868064,-0.11002317
1356626039118,0.25819537,-0.015445173,-0.96596926,0.92001504,-0.30117753,0.25072783,-0.29480082,-0.953443,-0.06355286
1356626039158,0.29558942,-0.06782043,-0.9529047,0.9101558,-0.2830641,0.30247515,-0.2902471,-0.95670015,-0.021943614
1356626039198,0.3223858,-0.10799292,-0.940428,0.903226,-0.26221538,0.3397438,-0.28328466,-0.9589476,0.013007522
1356626039238,0.33928332,-0.13606921,-0.930791,0.89960396,-0.24228343,0.36333388,-0.2749538,-0.9606164,0.040205657
1356626039278,0.3483339,-0.15377444,-0.9246713,0.8986607,-0.22576934,0.37608132,-0.26659408,-0.9619676,0.0595479
1356626039318,0.35210958,-0.16364214,-0.9215422,0.8992245,-0.21398821,0.38158107,-0.25964195,-0.96303177,0.07180376
1356626039358,0.3525623,-0.16787162,-0.9206079,0.9003298,-0.20739424,0.3826145,-0.2551589,-0.9637462,0.07802044
1356626039398,0.35038045,-0.16768107,-0.9214752,0.90173554,-0.20556864,0.38028207,-0.2531925,-0.96417046,0.07917677
1356626039438,0.3454188,-0.16370824,-0.9240593,0.90384054,-0.20690495,0.37451667,-0.25250387,-0.96456724,0.07649727
1356626039478,0.33792943,-0.15710023,-0.9279672,0.9070052,-0.20888907,0.36565968,-0.25128743,-0.9652382,0.07190095
1356626039518,0.32934454,-0.14993846,-0.9322288,0.9108285,-0.20975372,0.35552055,-0.24884471,-0.9661893,0.06748699
1356626039558,0.3217847,-0.14436623,-0.93574196,0.91410387,-0.21015885,0.34676716,-0.24671584,-0.9669497,0.06433977
1356626039598,0.3169576,-0.1413992,-0.9378401,0.9155043,-0.21270663,0.34147882,-0.24776968,-0.96683097,0.062032625
1356626039638,0.31563437,-0.14067018,-0.93839586,0.9141849,-0.21990067,0.3404551,-0.25424573,-0.9653267,0.059190348
1356626039678,0.3176826,-0.14067313,-0.937704,0.90999055,-0.23266402,0.34319758,-0.26644868,-0.96232975,0.054097906
1356626039718,0.32237846,-0.13921383,-0.93631816,0.9033601,-0.25032514,0.34824976,-0.28286508,-0.9581007,0.045060754
1356626039758,0.3290193,-0.13427204,-0.93472844,0.8949656,-0.27148706,0.35402158,-0.3013019,-0.95302975,0.03084439
1356626039798,0.33736822,-0.124755085,-0.9330696,0.8853888,-0.2946652,0.35952622,-0.31979588,-0.9474221,0.011046082
1356626039836,0.3475634,-0.11064038,-0.931106,0.87506604,-0.3184492,0.36448506,-0.33683679,-0.94146097,-0.013863623
1356626039876,0.35916966,-0.092056096,-0.9287211,0.8646448,-0.34172106,0.36826095,-0.3512642,-0.935282,-0.04314001
1356626039943,0.37023118,-0.06777778,-0.9264637,0.85561025,-0.36349937,0.36850956,-0.36174572,-0.92912567,-0.07658747
1356626039958,0.37742302,-0.034894645,-0.9253833,0.85057175,-0.38206956,0.36131793,-0.36616877,-0.9234746,-0.11452146
1356626039998,0.37623817,0.010696083,-0.9264612,0.8530209,-0.39431715,0.3418615,-0.36166298,-0.9189122,-0.15748112
1356626040036,0.3636585,0.07048634,-0.92886174,0.86494136,-0.39578158,0.30859926,-0.34587428,-0.9156357,-0.20489588
1356626040076,0.34048042,0.13951549,-0.92984325,0.8842981,-0.3835713,0.26625142,-0.31951505,-0.912912,-0.2539718
1356626040116,0.30949244,0.2099688,-0.9274306,0.9067917,-0.35877624,0.22137862,-0.28625742,-0.9095014,-0.30143645
1356626040156,0.27528897,0.273419,-0.9216605,0.9276328,-0.32726458,0.1799868,-0.252415,-0.90451086,-0.3437248
1356626040196,0.24253708,0.32388884,-0.9144789,0.9438121,-0.29689467,0.145163,-0.22448727,-0.8983037,-0.37769812
1356626040236,0.2160019,0.35733855,-0.9086541,0.95406747,-0.2751144,0.118605524,-0.20760152,-0.8925364,-0.40035033
1356626040276,0.19952825,0.37186015,-0.90659165,0.9585016,-0.2663251,0.10171336,-0.20362496,-0.8892643,-0.40956792
1356626040316,0.19517058,0.36752087,-0.9093057,0.95791215,-0.27042544,0.09630346,-0.21050584,-0.8898306,-0.40483183
1356626040356,0.203706,0.34510985,-0.91618943,0.95311797,-0.28379098,0.10501847,-0.22376338,-0.8946295,-0.3867403
1356626040396,0.22533041,0.30528858,-0.9252162,0.9445509,-0.30126143,0.1306336,-0.23885104,-0.9033495,-0.35624394
1356626040436,0.2588165,0.24958,-0.93312585,0.9323261,-0.31712905,0.17377335,-0.25255096,-0.91495305,-0.31476822
1356626040476,0.30023617,0.18222412,-0.9362973,0.9168153,-0.32604265,0.23053396,-0.26326394,-0.9276264,-0.2649557
1356626040516,0.34411287,0.1096265,-0.93250644,0.89904296,-0.32486403,0.29357275,-0.27075446,-0.93938553,-0.21034884
1356626040556,0.3853363,0.038510144,-0.92197233,0.8807151,-0.31355855,0.35499585,-0.27542132,-0.9487877,-0.154742
1356626040596,0.42066252,-0.026044816,-0.9068433,0.8637017,-0.2943688,0.40910453,-0.27760136,-0.955337,-0.101335004
1356626040636,0.44860634,-0.08090648,-0.8900598,0.8495692,-0.27057377,0.4527935,-0.27746078,-0.9592935,-0.052645445
1356626040676,0.46888235,-0.12452635,-0.8744384,0.839247,-0.24581,0.48501742,-0.2753432,-0.9612858,-0.010747567
1356626040716,0.4820736,-0.15676641,-0.86199147,0.83284974,-0.22341287,0.506407,-0.2719676,-0.9620348,0.022861421
1356626040755,0.48931524,-0.1786417,-0.85361457,0.8298125,-0.20574608,0.51872915,-0.26829448,-0.9621621,0.047564387
1356626040796,0.49193108,-0.19174156,-0.8492579,0.82928705,-0.19383925,0.5241271,-0.2651165,-0.962113,0.063653275
1356626040836,0.49098185,-0.19741496,-0.848507,0.8306639,-0.18745199,0.52426994,-0.26255316,-0.96223116,0.07195002
1356626040876,0.4869505,-0.1962297,-0.85110116,0.8339355,-0.18524984,0.5198405,-0.25967443,-0.96290004,0.073435396
1356626040940,0.48016062,-0.1886397,-0.8566568,0.8393654,-0.1848462,0.51117265,-0.25477722,-0.96449304,0.06958179
1356626040958,0.47180888,-0.17643258,-0.863868,0.8464925,-0.18346784,0.4997898,-0.24667123,-0.96706307,0.06278713
1356626040998,0.46437377,-0.16317165,-0.87047803,0.85356236,-0.17967117,0.48902923,-0.23619547,-0.9700996,0.055842593
1356626041038,0.46081066,-0.1529384,-0.87422156,0.85802615,-0.17497039,0.48288357,-0.22681436,-0.9726229,0.050596938
1356626041078,0.46279842,-0.14805856,-0.8740115,0.85796046,-0.17319691,0.48363888,-0.22298309,-0.9736947,0.046873182
1356626041136,0.47013533,-0.14843729,-0.8700224,0.8527452,-0.17779988,0.4911342,-0.22759256,-0.97280705,0.042989224
1356626041166,0.48202747,-0.15353322,-0.862599,0.84115607,-0.19439566,0.50464535,-0.24516532,-0.9688333,0.03544134
1356626041207,0.49757224,-0.15961435,-0.8526107,0.8256273,-0.21428394,0.5219404,-0.26601002,-0.9636418,0.025160253
1356626041243,0.51208174,-0.16372988,-0.8431874,0.8093476,-0.23674574,0.5375015,-0.2876261,-0.95767635,0.011281222
1356626041285,0.52509594,-0.1639987,-0.83509195,0.79329157,-0.26098904,0.5500664,-0.30816007,-0.95130914,-0.0069454834
1356626041326,0.5368677,-0.15930393,-0.82848984,0.778164,-0.28587973,0.5592258,-0.3259353,-0.94493127,-0.029514998
1356626041366,0.5468701,-0.1480144,-0.8240296,0.7652229,-0.31093803,0.56369436,-0.339657,-0.93883395,-0.05677867
1356626041406,0.5541898,-0.12792167,-0.82250214,0.75621736,-0.33557072,0.5617185,-0.34786355,-0.933289,-0.08923329
1356626041446,0.5572307,-0.096246004,-0.8247609,0.7535745,-0.35854074,0.55097544,-0.34873962,-0.9285393,-0.12726137
1356626041486,0.553941,-0.05045274,-0.8310258,0.7599087,-0.37714604,0.52943325,-0.34012944,-0.9247786,-0.1705772
1356626041526,0.5425741,0.009611666,-0.83995295,0.77652335,-0.38708097,0.49717188,-0.32035112,-0.92199564,-0.21748377
1356626041566,0.5229192,0.07928842,-0.8486866,0.8014998,-0.38459405,0.45791435,-0.29009247,-0.9196743,-0.26466125
1356626041606,0.49627584,0.15133157,-0.85487366,0.8306173,-0.36922127,0.41683406,-0.25255737,-0.91693753,-0.3089342
1356626041646,0.4651848,0.21821597,-0.8578956,0.8591342,-0.34480447,0.3781513,-0.21328759,-0.91295767,-0.34787458
1356626041686,0.4328946,0.27386183,-0.8588376,0.8835431,-0.31783056,0.34399912,-0.17875662,-0.90773535,-0.3795558
1356626041726,0.4033335,0.31297952,-0.85986394,0.9017896,-0.29536754,0.31548938,-0.15523416,-0.9026637,-0.4013733
1356626041766,0.3799153,0.33222565,-0.863302,0.9133642,-0.28242594,0.29325992,-0.14639041,-0.89992315,-0.41074097
1356626041806,0.36366203,0.3321217,-0.87031317,0.9191849,-0.27954432,0.27740577,-0.15115866,-0.9008608,-0.4069409
1356626041849,0.35468954,0.31432694,-0.8805646,0.9202042,-0.28415114,0.26922557,-0.16558859,-0.9057907,-0.3900304
1356626041888,0.35055327,0.28398216,-0.89244974,0.91840196,-0.2908849,0.26818618,-0.18344009,-0.9136411,-0.3627804
1356626041942,0.35299805,0.24154842,-0.90390635,0.91369843,-0.29692057,0.27747688,-0.20136425,-0.9238466,-0.32551485
1356626041968,0.3610003,0.18997368,-0.91301084,0.9070116,-0.299142,0.29638457,-0.21681464,-0.9351064,-0.2802987
1356626042008,0.37284416,0.13359827,-0.9182259,0.8993396,-0.29563498,0.32216164,-0.22841945,-0.94591296,-0.23037598
1356626042048,0.38660732,0.07683551,-0.9190382,0.891573,-0.28600058,0.35114282,-0.23586515,-0.955144,-0.1790744
1356626042088,0.4005638,0.023380578,-0.9159705,0.88444686,-0.2710354,0.37985983,-0.23937911,-0.9622854,-0.12924583
1356626042127,0.41346022,-0.024104536,-0.91020304,0.8785092,-0.25218096,0.40574166,-0.23931605,-0.9673798,-0.08309078
1356626042168,0.43326667,-0.06603864,-0.8988431,0.8698338,-0.2304475,0.4362146,-0.23594314,-0.9708414,-0.04240261
1356626042208,0.43689123,-0.094944745,-0.8944895,0.8696991,-0.20931754,0.4470007,-0.22967267,-0.9732274,-0.008875638
1356626042248,0.43955386,-0.11504546,-0.8908181,0.87057567,-0.18957388,0.4540483,-0.22111198,-0.97510326,0.016827807
1356626042288,0.4411826,-0.12765211,-0.8882921,0.87206614,-0.17262608,0.45793104,-0.21179822,-0.97668064,0.035161465
1356626042328,0.44207397,-0.13498065,-0.8867643,0.8735131,-0.15986493,0.45980206,-0.20382693,-0.97786677,0.04723528
1356626042368,0.4422904,-0.13866535,-0.8860876,0.8746302,-0.15197417,0.46035415,-0.1984976,-0.97860914,0.0540642
1356626042408,0.4415156,-0.13929126,-0.88637567,0.8757664,-0.14799812,0.4594884,-0.19518468,-0.97912943,0.056643173
1356626042448,0.4395556,-0.13739088,-0.8876456,0.8774736,-0.14546567,0.4570338,-0.19191423,-0.9797773,0.05661656
1356626042488,0.43694723,-0.13468319,-0.8893467,0.87970656,-0.1422242,0.45374945,-0.1875991,-0.9806287,0.056337252
1356626042528,0.43485793,-0.13379547,-0.890504,0.88152695,-0.13867226,0.45130926,-0.18387142,-0.9812587,0.057641625
1356626042568,0.43422383,-0.13668156,-0.89037514,0.8817408,-0.13778281,0.4511641,-0.1843442,-0.98098624,0.06068915
1356626042608,0.4351588,-0.14351436,-0.8888422,0.8796576,-0.14268345,0.45370018,-0.19193554,-0.9793085,0.06415354
1356626042648,0.4369335,-0.15272644,-0.8864331,0.87521887,-0.15521589,0.45814845,-0.20755991,-0.9760034,0.06585002
1356626042688,0.43829694,-0.16128364,-0.88424164,0.8690367,-0.17514959,0.46270707,-0.22950166,-0.9712416,0.06339389
1356626042728,0.43828133,-0.165871,-0.88340044,0.86198723,-0.20096764,0.46539217,-0.25473002,-0.9654526,0.054898366
1356626042768,0.43654305,-0.16367495,-0.8846698,0.85498965,-0.23059869,0.46456093,-0.28004074,-0.95918435,0.03927417
1356626042808,0.4332899,-0.15271577,-0.8882216,0.8488356,-0.26205808,0.4591334,-0.30288264,-0.95289207,0.016083539
1356626042848,0.4288347,-0.13167685,-0.8937349,0.84421843,-0.29372808,0.44835144,-0.32155257,-0.9467761,-0.014796764
1356626042888,0.42266554,-0.098644316,-0.90090126,0.84227365,-0.32420385,0.4306586,-0.3345577,-0.94083,-0.053944275
1356626042942,0.4135386,-0.051677912,-0.90901875,0.84468114,-0.35088727,0.40421754,-0.3398523,-0.9349906,-0.10145402
1356626042968,0.39863244,0.011936486,-0.9170331,0.8539003,-0.36962387,0.36637756,-0.334584,-0.9291048,-0.15753664
1356626043008,0.37587434,0.09119469,-0.9221724,0.8708663,-0.3748842,0.31788942,-0.316718,-0.92257535,-0.22032772
1356626043048,0.34540844,0.17898497,-0.921226,0.8934598,-0.36302567,0.26446545,-0.28709337,-0.91442704,-0.285308
1356626043088,0.31066647,0.2634246,-0.9132874,0.916908,-0.336302,0.21489662,-0.25053132,-0.90416175,-0.3460139
1356626043128,0.27701777,0.3332686,-0.90121764,0.93662095,-0.3030179,0.17584467,-0.21448153,-0.8928114,-0.39608777
1356626043168,0.24958354,0.38175157,-0.8899291,0.95025384,-0.2734074,0.14921862,-0.18634874,-0.882901,-0.43099883
1356626043208,0.23141736,0.40725687,-0.88350886,0.95775616,-0.25475073,0.13343665,-0.17073148,-0.87706554,-0.4490065
1356626043248,0.22292817,0.41216096,-0.8834175,0.96036375,-0.24842215,0.12644339,-0.16734543,-0.8765899,-0.45120478
1356626043288,0.22511923,0.39759794,-0.88951516,0.9587847,-0.25283635,0.12963659,-0.17335856,-0.8820372,-0.43812916
1356626043328,0.23801652,0.36467037,-0.90020204,0.9535781,-0.26379165,0.14526778,-0.18449092,-0.8929891,-0.41052845
1356626043368,0.26109213,0.31484118,-0.9125272,0.9449893,-0.2763248,0.17504227,-0.19704342,-0.9080306,-0.36966777
1356626043408,0.29237995,0.2510517,-0.9227606,0.93324745,-0.28550628,0.21802622,-0.20871809,-0.92491037,-0.31776965
1356626043448,0.32734442,0.17986551,-0.92762816,0.91931415,-0.28755236,0.2686546,-0.21841991,-0.94072425,-0.25948155
1356626043487,0.36232615,0.107176155,-0.92586875,0.90427005,-0.28114635,0.32132897,-0.22586581,-0.9536613,-0.19878286
1356626043528,0.3938842,0.038776696,-0.91834176,0.88970816,-0.26697382,0.37033015,-0.230813,-0.96292335,-0.13965677
1356626043568,0.41951668,-0.020561159,-0.90751475,0.8773191,-0.24749559,0.41116554,-0.23305994,-0.9686708,-0.085789844
1356626043608,0.43813285,-0.06818718,-0.89632034,0.8682624,-0.22604719,0.44161424,-0.23272309,-0.9717269,-0.039834365
1356626043648,0.44947115,-0.103206724,-0.8873129,0.8630644,-0.20604941,0.46115443,-0.23042455,-0.97308373,-0.0035392195
1356626043688,0.45410216,-0.12662679,-0.88190526,0.86153525,-0.18983614,0.47087073,-0.22704238,-0.9736159,0.022888437
1356626043728,0.45299137,-0.14083126,-0.8803212,0.8630624,-0.17820036,0.47261843,-0.22343296,-0.9738641,0.04082288
1356626043768,0.44721106,-0.14840803,-0.88203025,0.8669151,-0.17078784,0.46828365,-0.22013715,-0.974067,0.052278966
1356626043808,0.43760812,-0.1511918,-0.88636345,0.8725363,-0.16672397,0.45922053,-0.21720845,-0.97434294,0.058960572
1356626043848,0.42505288,-0.15054053,-0.8925624,0.87949294,-0.16450822,0.4465751,-0.2140615,-0.9748203,0.062474594
1356626043888,0.41096067,-0.14809874,-0.8995433,0.8870834,-0.16257226,0.43203375,-0.21022454,-0.9755187,0.06456517
1356626043941,0.39721957,-0.14587262,-0.90605617,0.8941008,-0.161051,0.41790703,-0.2068825,-0.9761064,0.06645225
1356626043968,0.38567308,-0.14528763,-0.91112447,0.89918375,-0.16204837,0.40645885,-0.20669976,-0.97602856,0.06814262
1356626044008,0.37731943,-0.1464712,-0.9144267,0.90146357,-0.16807279,0.39889207,-0.21211648,-0.9748322,0.06862135
1356626044048,0.37240195,-0.14828852,-0.916148,0.9006063,-0.18063438,0.39532202,-0.22410959,-0.9723074,0.06628099
1356626044088,0.37050942,-0.14863652,-0.9168588,0.8968062,-0.19971338,0.39478257,-0.24178806,-0.9685153,0.059302494
1356626044128,0.3708603,-0.14506984,-0.91728806,0.89073193,-0.22393236,0.39553872,-0.26279128,-0.9637474,0.046170756
1356626044168,0.37256467,-0.13531858,-0.9180874,0.88342494,-0.25123292,0.3955281,-0.28417605,-0.9584211,0.025943235
1356626044208,0.37547287,-0.11856899,-0.9192179,0.87591326,-0.27881578,0.39374834,-0.3029788,-0.9529969,-8.316189E-4
1356626044248,0.37885997,-0.094180584,-0.9206493,0.8693129,-0.3049992,0.38893512,-0.3174275,-0.9476843,-0.03367956
1356626044288,0.3821019,-0.06168738,-0.92205906,0.8644651,-0.32881975,0.3802336,-0.32664683,-0.94237584,-0.07231605
1356626044328,0.3828886,-0.018905342,-0.9236011,0.8629672,-0.34947327,0.36490563,-0.32967252,-0.93675566,-0.11749464
1356626044368,0.37708557,0.037994355,-0.92539877,0.8675549,-0.364318,0.33855718,-0.32427615,-0.93049926,-0.17034125
1356626044408,0.3604408,0.110930115,-0.9261624,0.88061535,-0.3678612,0.29865474,-0.30756944,-0.92324024,-0.23027894
1356626044448,0.33170006,0.19509509,-0.9229913,0.9011905,-0.35486004,0.24885768,-0.27898178,-0.9143371,-0.29352495
1356626044488,0.2952975,0.27790993,-0.91409266,0.9239195,-0.32666367,0.19915703,-0.24325314,-0.9033587,-0.35322937
1356626044528,0.26002607,0.34528685,-0.9017558,0.94264674,-0.29318896,0.15955368,-0.20929304,-0.89152527,-0.40172032
1356626044568,0.23427641,0.38884997,-0.89101636,0.95431936,-0.266814,0.13448003,-0.18544313,-0.8818197,-0.43359527
1356626044608,0.22243845,0.407539,-0.88568234,0.95912457,-0.25447208,0.12379035,-0.17493203,-0.87701535,-0.44748503
1356626044648,0.22493267,0.40419498,-0.88658434,0.95840657,-0.2558306,0.1265209,-0.17567629,-0.8781669,-0.44492778
1356626044688,0.24216172,0.3803566,-0.892573,0.95269793,-0.26734224,0.14455017,-0.18364182,-0.8853569,-0.42710504
1356626044728,0.27301377,0.33764988,-0.9008086,0.9421882,-0.28295368,0.17949554,-0.19428039,-0.89773595,-0.39538002
1356626044768,0.31414884,0.2793077,-0.9073576,0.9272082,-0.29558307,0.23003364,-0.20394936,-0.9135742,-0.35183346
1356626044808,0.36030343,0.21060622,-0.90874994,0.9087359,-0.29924837,0.29094592,-0.21066692,-0.9306425,-0.2992056
1356626044846,0.4044638,0.13972819,-0.90381694,0.88914394,-0.29141596,0.35284528,-0.21408418,-0.9463365,-0.24210575
1356626044886,0.4419706,0.07283571,-0.89406765,0.8709551,-0.27340668,0.408272,-0.21470729,-0.95913696,-0.18427435
1356626044941,0.46993575,0.014254689,-0.8825855,0.8565723,-0.24883822,0.4520659,-0.21317694,-0.9684402,-0.12914814
1356626044968,0.48753524,-0.03407544,-0.87243813,0.84745765,-0.22193742,0.48224407,-0.21005934,-0.9744653,-0.07932483
1356626045008,0.49544844,-0.07219547,-0.86563194,0.84382284,-0.19649133,0.4993537,-0.20614028,-0.97784406,-0.03643112
1356626045046,0.4949317,-0.10114914,-0.8630246,0.84495825,-0.17566794,0.5051597,-0.20270225,-0.9792393,-0.0014768392
1356626045086,0.48807517,-0.12281215,-0.864118,0.8493079,-0.16133597,0.5026398,-0.20114365,-0.97922814,0.025561258
1356626045126,0.4766307,-0.13877422,-0.86808115,0.85553354,-0.15390193,0.49434447,-0.20220166,-0.97829235,0.045371637
1356626045166,0.46192467,-0.1496158,-0.87420857,0.86289203,-0.15206152,0.48196954,-0.20504376,-0.9769812,0.05886133
1356626045206,0.44483024,-0.15508983,-0.8820846,0.8713033,-0.15298152,0.4662909,-0.20725957,-0.97598356,0.067079484
1356626045246,0.4263572,-0.15539676,-0.8911068,0.88071865,-0.15334737,0.44812852,-0.20628661,-0.9758772,0.07148008
1356626045286,0.40826514,-0.15228733,-0.90007114,0.89033103,-0.15128836,0.4294443,-0.20156917,-0.9766885,0.07382037
1356626045326,0.39290762,-0.14871323,-0.90747344,0.89853585,-0.14781326,0.41326106,-0.19559395,-0.9777708,0.07554717
1356626045366,0.3821473,-0.14709955,-0.9123185,0.9038226,-0.14619142,0.4021601,-0.19253069,-0.97825855,0.07708523
1356626045406,0.37632397,-0.1477839,-0.9146257,0.9055532,-0.15000251,0.39682826,-0.19584101,-0.97757816,0.07737666
1356626045446,0.3741246,-0.14880651,-0.9153619,0.9040541,-0.16145581,0.39575014,-0.20668074,-0.97559655,0.07412459
1356626045486,0.37345168,-0.14707279,-0.9159167,0.900229,-0.18082884,0.39609176,-0.22387847,-0.9724559,0.064868346
1356626045527,0.3725227,-0.13979027,-0.9174342,0.8951751,-0.20656472,0.39495888,-0.24472094,-0.9683955,0.048186705
1356626045566,0.37044215,-0.12521848,-0.92037654,0.8899442,-0.23594469,0.390294,-0.26602995,-0.9636651,0.024033576
1356626045606,0.3671495,-0.10270256,-0.9244746,0.8853604,-0.26615098,0.38118303,-0.2851983,-0.9584445,-0.006788403
1356626045646,0.36269614,-0.07199174,-0.92912257,0.8820368,-0.29526266,0.3671936,-0.30077004,-0.9527,-0.043591306
1356626045686,0.35623455,-0.032203406,-0.93384147,0.88078785,-0.32207537,0.34710273,-0.3119452,-0.94616616,-0.08637002
1356626045726,0.34467804,0.019587398,-0.9385166,0.88346946,-0.34470737,0.31726727,-0.31729916,-0.93850577,-0.13611792
1356626045766,0.32329035,0.08681288,-0.9423094,0.8926748,-0.35842937,0.27324027,-0.31403053,-0.9295117,-0.19337246
1356626045806,0.28749374,0.16987914,-0.9425967,0.90996486,-0.35552183,0.21346721,-0.29885006,-0.9191003,-0.25679436
1356626045846,0.23753873,0.2607748,-0.93571997,0.9327472,-0.33019117,0.14476353,-0.27121577,-0.90717715,-0.3216702
1356626045886,0.1799947,0.34533548,-0.9210567,0.9550204,-0.28567892,0.07952127,-0.2356649,-0.8939413,-0.38122317
1356626045942,0.12497932,0.41065475,-0.90318483,0.9715464,-0.23525012,0.027476877,-0.20119077,-0.88092005,-0.4283716
1356626045968,0.080519855,0.451324,-0.88872,0.98101103,-0.19371921,-0.009496003,-0.17644793,-0.87107944,-0.4583521
1356626046008,0.049924344,0.46871492,-0.88193756,0.9849788,-0.16925552,-0.034195364,-0.16530067,-0.86698264,-0.47012424
1356626046048,0.033949703,0.46611404,-0.884073,0.98548377,-0.16283962,-0.048010617,-0.16634056,-0.8696097,-0.46487623
1356626046088,0.033444345,0.44544327,-0.89468527,0.983987,-0.17148727,-0.048597038,-0.17507434,-0.8787334,-0.44404566
1356626046128,0.050035566,0.40689954,-0.9121016,0.9811677,-0.19061944,-0.031213224,-0.18656492,-0.8933628,-0.40877444
1356626046168,0.08344796,0.35149804,-0.9324621,0.9768561,-0.21378836,0.006831795,-0.1969482,-0.91145134,-0.3612032
1356626046208,0.1300529,0.28282028,-0.9503152,0.97023314,-0.23377946,0.06320432,-0.20428878,-0.9302472,-0.30480528
1356626046248,0.18314132,0.20723376,-0.9609961,0.9607463,-0.2449393,0.13027391,-0.2083885,-0.947132,-0.24395761
1356626046285,0.23495176,0.13233641,-0.9629562,0.9491024,-0.24503317,0.19789737,-0.2097672,-0.96044046,-0.18317181
1356626046326,0.27860814,0.06519359,-0.95818955,0.93743724,-0.23534542,0.2565616,-0.2087794,-0.96972275,-0.12668404
1356626046366,0.3109654,0.009449393,-0.95037425,0.9279705,-0.21907654,0.30145663,-0.20535612,-0.97566193,-0.076894015
1356626046406,0.33039752,-0.033087432,-0.9432617,0.922501,-0.19999668,0.33014107,-0.19957274,-0.9792377,-0.035555214
1356626046446,0.3370416,-0.062537014,-0.9394105,0.9216341,-0.18192378,0.34277448,-0.19233721,-0.98132193,-0.003679648
1356626046486,0.3328495,-0.08091894,-0.93950164,0.92459047,-0.16779631,0.34201887,-0.18532073,-0.98249507,0.01896599
1356626046526,0.32021013,-0.090869874,-0.9429783,0.9300581,-0.15914127,0.33115837,-0.18015915,-0.9830649,0.03355564
1356626046566,0.30111322,-0.09446448,-0.9488979,0.9369615,-0.15570197,0.31282583,-0.17729622,-0.98327684,0.04162568
1356626046606,0.2772868,-0.093300045,-0.9562464,0.9445992,-0.15545669,0.28907722,-0.17562577,-0.98342687,0.04502505
1356626046646,0.25116232,-0.08941206,-0.9638065,0.95225024,-0.1557574,0.2626004,-0.17359963,-0.9837403,0.046022296
1356626046686,0.22613898,-0.08535051,-0.97034866,0.95892346,-0.15562353,0.23716477,-0.17125124,-0.9841223,0.04665205
1356626046726,0.20528242,-0.08307505,-0.97517055,0.96366775,-0.15682188,0.21622062,-0.17089063,-0.9841267,0.04786396
1356626046767,0.19010669,-0.08275226,-0.9782697,0.96596134,-0.16229415,0.20144343,-0.17543733,-0.98326635,0.04908225
1356626046806,0.18042916,-0.08284554,-0.98009276,0.96574235,-0.17402923,0.1924977,-0.18651244,-0.98124933,0.04860753
1356626046846,0.17522812,-0.081100374,-0.98118186,0.9632075,-0.19215775,0.18790108,-0.20378053,-0.97800726,0.044445038
1356626046905,0.17341751,-0.07541156,-0.98195696,0.95873857,-0.21513778,0.18583906,-0.22527048,-0.97366774,0.034991294
1356626046981,0.17421329,-0.06425235,-0.98260945,0.9529121,-0.24052685,0.18467596,-0.2482099,-0.9685135,0.019323885
1356626046982,0.17701226,-0.0466201,-0.9831039,0.94644845,-0.26596457,0.18302462,-0.27000347,-0.96285474,-0.0029554367
1356626047003,0.18215662,-0.02301073,-0.9830002,0.9399216,-0.2894895,0.18095043,-0.2887321,-0.95690453,-0.031104118
1356626047033,0.1925165,0.0013190508,-0.98129284,0.93304753,-0.30994648,0.18263483,-0.3039073,-0.9507531,-0.06090057
1356626047075,0.19157803,0.038555086,-0.9807198,0.92971665,-0.32734025,0.16874611,-0.3145231,-0.9441196,-0.09855649
1356626047117,0.18276066,0.08889037,-0.97913074,0.9300303,-0.3385784,0.14285791,-0.3188138,-0.93673,-0.14454952
1356626047156,0.15795887,0.15520531,-0.9751719,0.9363131,-0.33721656,0.09799418,-0.31363487,-0.92854524,-0.19858712
1356626047196,0.1125623,0.23523864,-0.9653976,0.9485656,-0.3147602,0.03390205,-0.29589364,-0.91955906,-0.2585694
1356626047236,0.053085268,0.31631884,-0.94716644,0.9623519,-0.26940697,-0.036035687,-0.266572,-0.90959454,-0.31871164
1356626047276,-0.009797215,0.3857176,-0.92256486,0.9729885,-0.20912856,-0.0977678,-0.23064545,-0.89860284,-0.37324995
1356626047316,-0.06735209,0.436962,-0.8969548,0.97836566,-0.1473302,-0.1452389,-0.19561246,-0.88733196,-0.4175856
1356626047356,-0.11467278,0.4692443,-0.8755912,0.9790434,-0.095939696,-0.17963725,-0.16829771,-0.8778413,-0.4484089
1356626047396,-0.14920175,0.4839638,-0.86227477,0.9769214,-0.06265229,-0.20420384,-0.15285075,-0.8728423,-0.4634468
1356626047436,-0.17026561,0.48328024,-0.85874903,0.9740009,-0.049622655,-0.22104305,-0.1494391,-0.8740583,-0.46226627
1356626047476,-0.17715329,0.46865505,-0.8654358,0.9718941,-0.055223167,-0.22884986,-0.15504378,-0.8816534,-0.44570005
1356626047516,-0.16813189,0.44020882,-0.88201356,0.97176087,-0.076265514,-0.2233035,-0.1655674,-0.89465064,-0.41495502
1356626047556,-0.14081976,0.39716244,-0.9068802,0.9739796,-0.10872379,-0.19885382,-0.17757672,-0.9112854,-0.3715176
1356626047596,-0.094638586,0.3393865,-0.9358741,0.97745824,-0.14654529,-0.15198699,-0.18873021,-0.92916167,-0.31786728
1356626047636,-0.03336543,0.26939678,-0.9624511,0.9797026,-0.18163443,-0.0848043,-0.19766024,-0.94574535,-0.25786835
1356626047676,0.035025716,0.19285896,-0.9806012,0.9784,-0.20664257,-0.005694151,-0.20373204,-0.9592207,-0.19593105
1356626047716,0.10047707,0.117435396,-0.9879845,0.9732258,-0.21792665,0.07307258,-0.20672685,-0.9688741,-0.13618779
1356626047756,0.15471756,0.049948364,-0.98669535,0.96607757,-0.21667838,0.14051598,-0.20677704,-0.97496444,-0.08177793
1356626047798,0.19287246,-0.0052609146,-0.98120975,0.95967984,-0.20738506,0.18975237,-0.20448652,-0.97824526,-0.034950078
1356626047838,0.2137,-0.046773285,-0.97577894,0.95603037,-0.19534379,0.21873859,-0.20084357,-0.9796188,0.0029717684
1356626047878,0.2187179,-0.07550907,-0.9728622,0.95569086,-0.18472818,0.22919518,-0.19702142,-0.97988456,0.031759977
1356626047946,0.21069145,-0.09348875,-0.97307193,0.95804733,-0.17810833,0.22455025,-0.19430518,-0.9795598,0.052040726
1356626047959,0.19178987,-0.102320194,-0.97608775,0.96211183,-0.176786,0.20757565,-0.19379777,-0.9789164,0.064537674
1356626047999,0.16361749,-0.10312587,-0.9811189,0.9670128,-0.180049,0.18019006,-0.19523183,-0.9782368,0.070264906
1356626048038,0.12886685,-0.09689784,-0.98691654,0.9719124,-0.18529034,0.14509997,-0.19692597,-0.9778949,0.07029837
1356626048078,0.092013,-0.08630592,-0.9920106,0.97618324,-0.18874478,0.1069659,-0.19646862,-0.9782263,0.066883415
1356626048118,0.060085654,-0.07582,-0.9953095,0.9793503,-0.18834841,0.073470086,-0.19303545,-0.97917116,0.06293729
1356626048158,0.038697183,-0.06888896,-0.9968735,0.9812431,-0.18592256,0.050938636,-0.18885037,-0.9801465,0.060402155
1356626048198,0.029511869,-0.066090435,-0.99737716,0.9817153,-0.18580723,0.041360885,-0.1880534,-0.9803611,0.059398472
1356626048238,0.031410992,-0.06584838,-0.9973351,0.980531,-0.1914801,0.043524057,-0.19383582,-0.9792851,0.05855179
1356626048278,0.04190582,-0.06582883,-0.9969506,0.9774364,-0.20406234,0.054559827,-0.20703161,-0.97674215,0.055792004
1356626048318,0.059259534,-0.06392327,-0.9961939,0.97237134,-0.22202975,0.07208952,-0.2257928,-0.97294223,0.048999727
1356626048358,0.08212507,-0.05854869,-0.9949008,0.96550643,-0.2428242,0.09398866,-0.24708882,-0.9683019,0.03658712
1356626048398,0.10977548,-0.04883015,-0.99275625,0.9571645,-0.26403826,0.118826985,-0.267928,-0.9632753,0.017753512
1356626048438,0.14180762,-0.03447783,-0.98929363,0.9477061,-0.28392357,0.14574131,-0.28590864,-0.9582268,-0.007587701
1356626048478,0.17612278,-0.014374852,-0.9842632,0.93769425,-0.30179042,0.17219737,-0.29951656,-0.9532659,-0.03967291
1356626048518,0.21005374,0.0127263665,-0.977607,0.9279544,-0.3174541,0.1952526,-0.3078605,-0.94818825,-0.07849187
1356626048559,0.2349694,0.051566362,-0.9706339,0.9213328,-0.3300226,0.2055017,-0.30973417,-0.94256353,-0.12505502
1356626048599,0.24089274,0.10795945,-0.96452856,0.922095,-0.3355491,0.19273695,-0.30283892,-0.93581593,-0.18038017
1356626048638,0.22625598,0.1786792,-0.95753956,0.9310459,-0.32859465,0.1586793,-0.28628966,-0.92741543,-0.2407051
1356626048678,0.18542132,0.26079893,-0.94741905,0.94785035,-0.30180904,0.10242581,-0.25922704,-0.9170034,-0.30316025
1356626048718,0.13161969,0.3389324,-0.93155843,0.96523917,-0.25788087,0.04255262,-0.22580868,-0.9047774,-0.36109298
1356626048758,0.078083605,0.40180144,-0.9123916,0.9782734,-0.20718232,-0.0075176954,-0.19205207,-0.8919815,-0.4092492
1356626048798,0.037274122,0.44361284,-0.89544296,0.98559153,-0.1642595,-0.040349454,-0.16498455,-0.8810371,-0.4433437
1356626048838,0.016780734,0.46394703,-0.8857039,0.9886097,-0.14020485,-0.05471137,-0.1495632,-0.87469745,-0.46101528
1356626048878,0.019705623,0.46460864,-0.8852968,0.9889816,-0.13899979,-0.050934374,-0.14672068,-0.8745386,-0.46222848
1356626048946,0.047332615,0.4467223,-0.89341974,0.9869933,-0.15848544,-0.02695492,-0.15363541,-0.88052344,-0.44841337
1356626048959,0.104029626,0.40784183,-0.9071069,0.9805999,-0.19441316,0.025048465,-0.16613773,-0.89211464,-0.4201544
1356626048998,0.18293896,0.34997314,-0.91872305,0.9666628,-0.23432454,0.10322258,-0.17915422,-0.90697885,-0.38117313
1356626049038,0.28175437,0.27271456,-0.91991377,0.9404811,-0.2683779,0.20849147,-0.1900258,-0.9239049,-0.33209956
1356626049078,0.38264516,0.18567082,-0.90504646,0.9025749,-0.28435645,0.32326433,-0.19733503,-0.94056773,-0.27638945
1356626049118,0.46995434,0.10128823,-0.8768601,0.8594552,-0.27893588,0.4284057,-0.2011953,-0.95495313,-0.21813981
1356626049158,0.5370933,0.028052628,-0.8430562,0.8188503,-0.25729686,0.51311064,-0.20252165,-0.9659251,-0.16116329
1356626049198,0.5846936,-0.031009048,-0.8106614,0.7856809,-0.22727698,0.5753701,-0.20208639,-0.97333634,-0.10852419
1356626049238,0.6154033,-0.07563242,-0.78457534,0.76235485,-0.19575045,0.61684424,-0.20023441,-0.97773284,-0.06280671
1356626049278,0.6323247,-0.10712412,-0.76726127,0.74917626,-0.16758883,0.64081883,-0.19723162,-0.98001957,-0.025715679
1356626049318,0.63855857,-0.12771043,-0.7589025,0.744872,-0.14527339,0.65119994,-0.19341338,-0.9811145,0.0023623705
1356626049358,0.6364398,-0.13973925,-0.7585627,0.7477206,-0.12966731,0.65122986,-0.18936315,-0.98166156,0.021960467
1356626049398,0.6281204,-0.14540994,-0.7644087,0.7556506,-0.120364755,0.6438201,-0.18562576,-0.98202246,0.034275584
1356626049438,0.6148863,-0.1461364,-0.7749574,0.7672759,-0.11619592,0.63070285,-0.18221557,-0.98241675,0.040679686
1356626049478,0.597147,-0.14262336,-0.7893504,0.78206575,-0.115213126,0.6124532,-0.17829373,-0.98304856,0.04274171
1356626049518,0.5757352,-0.13593853,-0.8062566,0.7991754,-0.11479786,0.5900341,-0.17276484,-0.98404384,0.042545497
1356626049558,0.55349374,-0.12853193,-0.8228756,0.81618005,-0.11299965,0.5666404,-0.16581598,-0.98524654,0.042360574
1356626049598,0.53510416,-0.12373465,-0.83567524,0.8294969,-0.11039075,0.54749304,-0.15999469,-0.9861559,0.043566972
1356626049638,0.5251426,-0.124165475,-0.8419074,0.8360498,-0.1094358,0.53762865,-0.15888974,-0.9862082,0.046339124
1356626049678,0.525487,-0.1302869,-0.8407668,0.83465993,-0.11263782,0.5391248,-0.16494301,-0.9850574,0.04955554
1356626049718,0.53560674,-0.1408914,-0.83263135,0.8253211,-0.121432215,0.55145204,-0.17880309,-0.98254967,0.051240742
1356626049758,0.5526875,-0.15313965,-0.81919765,0.8093776,-0.13562056,0.57141507,-0.19860625,-0.9788542,0.048991933
1356626049798,0.5734231,-0.16402692,-0.80267125,0.78881764,-0.15405476,0.5950074,-0.22125262,-0.97435224,0.041048802
1356626049838,0.5953765,-0.17132485,-0.7849679,0.7655999,-0.17535049,0.61895794,-0.24368742,-0.9694844,0.026766747
1356626049878,0.6167201,-0.1733467,-0.76785886,0.7416844,-0.1988633,0.64059156,-0.2637434,-0.96457464,0.005925566
1356626049947,0.63581145,-0.16835901,-0.75325906,0.7192688,-0.22478417,0.65736187,-0.27999344,-0.9597539,-0.021824986
1356626049960,0.64838356,-0.15188378,-0.74600947,0.70345646,-0.25517416,0.6633514,-0.2911147,-0.9548913,-0.058607064
1356626049998,0.6555921,-0.12383577,-0.74489176,0.6946415,-0.28790587,0.65922934,-0.2960949,-0.9496183,-0.102727346
1356626050038,0.64729327,-0.075698555,-0.7584729,0.7037686,-0.3228559,0.63283,-0.2927817,-0.943416,-0.1557082
1356626050078,0.6188703,-0.0033386052,-0.7854861,0.73410666,-0.3532899,0.579891,-0.27944037,-0.93550795,-0.21618974
1356626050118,0.56760097,0.090675026,-0.8182953,0.78247654,-0.36851963,0.5019201,-0.25604624,-0.92518723,-0.28012317
1356626050158,0.4989341,0.19296059,-0.8448852,0.83676195,-0.36103767,0.41168082,-0.2255972,-0.9123694,-0.34159613
1356626050198,0.42725986,0.28477138,-0.8581109,0.8830934,-0.33498126,0.3285325,-0.19389442,-0.8981608,-0.39460376
1356626050238,0.37049183,0.35094407,-0.85998493,0.9134772,-0.3053446,0.2689314,-0.16821188,-0.8852135,-0.43370712
1356626050278,0.34003878,0.3861051,-0.8574943,0.9278133,-0.28649187,0.23892471,-0.15341514,-0.8768382,-0.45565173
1356626050318,0.3378362,0.39162686,-0.8558593,0.9291773,-0.2836815,0.23696938,-0.1499879,-0.87530184,-0.45972866
1356626050358,0.35951263,0.37130818,-0.8560847,0.9202359,-0.2931214,0.25931785,-0.15464988,-0.8810278,-0.44707194
1356626050398,0.39761415,0.32969677,-0.8562727,0.9029772,-0.3062782,0.30137315,-0.16289592,-0.89302504,-0.41948923
1356626050438,0.44362402,0.2724542,-0.8537953,0.87972003,-0.3143081,0.3567956,-0.17114434,-0.90938395,-0.37911803
1356626050478,0.49016404,0.20586741,-0.84696984,0.85334027,-0.31135702,0.41817126,-0.17762211,-0.9277259,-0.32829097
1356626050518,0.52994466,0.13803342,-0.8367231,0.8282548,-0.29609066,0.4757355,-0.18207851,-0.9451334,-0.2712385
1356626050558,0.56166846,0.07308075,-0.8241285,0.8064488,-0.2709031,0.5255965,-0.18484798,-0.9598285,-0.21109362
