1356626782447,0.009127378,-0.06280531,-0.9979841,0.5092762,0.85918343,-0.049412563,0.86055475,-0.50779855,0.039827347
1356626782466,0.074935764,0.048881322,-0.9959896,0.50381887,0.86008584,0.08011752,0.86055285,-0.507802,0.03982383
1356626782495,0.07489735,0.04884106,-0.99599445,0.5038482,0.8600736,0.080064505,0.86053896,-0.5078267,0.03980875
1356626782546,0.07469839,0.04850231,-0.996026,0.5039301,0.8600619,0.07967442,0.8605084,-0.507879,0.039803445
1356626782580,0.074368924,0.047643542,-0.996092,0.50411505,0.8600365,0.07877351,0.8604285,-0.5080033,0.039942145
1356626782608,0.073250085,0.044871658,-0.9963036,0.504508,0.8600708,0.07582833,0.86029416,-0.5081976,0.04036218
1356626782643,0.070587665,0.039145753,-0.9967371,0.5051959,0.8601967,0.06956062,0.860113,-0.50845766,0.040943027
1356626782674,0.065716654,0.029877603,-0.997391,0.50617594,0.8604012,0.059125185,0.8599229,-0.5087408,0.041419387
1356626782713,0.05974939,0.019110858,-0.99803036,0.5073637,0.8604574,0.04685101,0.85965806,-0.50916374,0.041715622
1356626782754,0.051014982,0.0039694607,-0.99869,0.50897443,0.8602788,0.029418722,0.85926867,-0.5098085,0.04186678
1356626782797,0.04023108,-0.013965547,-0.9990928,0.51092696,0.8595816,0.0085583925,0.85868216,-0.51080775,0.04171729
1356626782837,0.027850837,-0.033128425,-0.9990629,0.5131369,0.85819006,-0.014152482,0.8578547,-0.512262,0.040900707
1356626782876,0.014278568,-0.051991522,-0.9985455,0.51549524,0.8560845,-0.037202716,0.8567735,-0.5142142,0.03902507
1356626782917,-1.8574297E-5,-0.069470346,-0.99758404,0.5178477,0.8534053,-0.059439585,0.85547286,-0.5165977,0.035959184
1356626782956,-0.01412949,-0.084782034,-0.9962993,0.52005935,0.8503996,-0.079741865,0.85401326,-0.5192615,0.03207594
1356626782996,-0.026743956,-0.097576275,-0.9948687,0.52204067,0.8473705,-0.09714316,0.8525012,-0.52195984,0.028276742
1356626783037,-0.036724746,-0.10780242,-0.9934938,0.5237665,0.8445982,-0.11100714,0.8510699,-0.52443546,0.02544564
1356626783076,-0.043679796,-0.115630016,-0.9923315,0.5252629,0.8422554,-0.12126328,0.8498182,-0.5265317,0.023946643
1356626783118,-0.047930233,-0.121364996,-0.99144995,0.5265736,0.8403878,-0.12832971,0.8487772,-0.5282223,0.023627639
1356626783157,-0.050111182,-0.12537643,-0.9908428,0.52774584,0.8389493,-0.13284698,0.8479228,-0.52957034,0.024126172
1356626783187,-0.05105877,-0.12798186,-0.9904613,0.528794,0.8378606,-0.13552324,0.847213,-0.5306696,0.024895906
1356626783216,-0.051125742,-0.1297702,-0.99022514,0.5297925,0.8369824,-0.13704099,0.846585,-0.5316202,0.025959909
1356626783258,-0.049787186,-0.13100423,-0.9901309,0.53100216,0.8361675,-0.13733393,0.8459066,-0.5325991,0.027933061
1356626783298,-0.046662785,-0.13169917,-0.99019086,0.53253376,0.83537793,-0.1362041,0.8451216,-0.53366566,0.031153202
1356626783337,-0.041569673,-0.13237078,-0.99032825,0.5344105,0.8345388,-0.13397959,0.84420234,-0.53481126,0.03604883
1356626783378,-0.034336478,-0.13353294,-0.9904494,0.53654,0.83364606,-0.13099314,0.8431761,-0.5359135,0.04302132
1356626783419,-0.024639882,-0.1355414,-0.99046516,0.53870654,0.83281004,-0.12736836,0.84213305,-0.5367085,0.05249673
1356626783496,-0.011906266,-0.13844125,-0.99029905,0.5406508,0.8322296,-0.12284373,0.84116286,-0.5368686,0.06493962
1356626783497,0.004690625,-0.14182243,-0.989881,0.5422752,0.8320651,-0.11664219,0.84018785,-0.53624076,0.08080971
1356626783537,0.024938673,-0.1445943,-0.98917675,0.5436243,0.83235574,-0.10796516,0.83895814,-0.53504795,0.09936279
1356626783578,0.048826993,-0.14549707,-0.9881531,0.5446658,0.83316773,-0.09576358,0.83723056,-0.5335374,0.11992836
1356626783620,0.075763755,-0.14309248,-0.98680514,0.5451133,0.83461565,-0.07917206,0.8349319,-0.5319222,0.14123523
1356626783658,0.105352156,-0.13675158,-0.98498726,0.5446988,0.836631,-0.057894573,0.831988,-0.53042203,0.1626293
1356626783700,0.13705355,-0.12658955,-0.98244166,0.5432091,0.838975,-0.03232427,0.8283359,-0.529241,0.18374908
1356626783739,0.16999248,-0.113698065,-0.9788643,0.5404745,0.8413515,-0.0038651228,0.82400846,-0.5283941,0.20447433
1356626783779,0.20318335,-0.09986201,-0.974035,0.5364888,0.8435242,0.025429904,0.8190826,-0.52772576,0.22496492
1356626783819,0.23624635,-0.08692551,-0.9677973,0.53145784,0.84537435,0.053802982,0.8134742,-0.52705425,0.24591386
1356626783859,0.26771063,-0.07586126,-0.9605082,0.5257114,0.8469273,0.07963441,0.80743945,-0.52626914,0.2666126
1356626783900,0.29755938,-0.06767289,-0.95230186,0.51989084,0.84809965,0.10217875,0.80073214,-0.52549726,0.28754252
1356626783938,0.32400826,-0.062493086,-0.94398797,0.5148796,0.8487462,0.120535955,0.7936735,-0.52509475,0.3071772
1356626783978,0.3472879,-0.060153857,-0.9358273,0.5113486,0.8486698,0.13521132,0.78607494,-0.52549124,0.32549232
1356626784018,0.36706948,-0.060505286,-0.9282237,0.5096274,0.8478715,0.14626645,0.7781645,-0.5267381,0.3420629
1356626784058,0.38350427,-0.063076615,-0.9213826,0.50965476,0.8464508,0.15418519,0.77017957,-0.5287177,0.3567648
1356626784098,0.39713353,-0.06743127,-0.9152803,0.511373,0.84439474,0.15967213,0.762091,-0.53146076,0.36982
1356626784138,0.40867418,-0.0732418,-0.90973675,0.51478875,0.84158206,0.16349988,0.75364316,-0.5351404,0.38163692
1356626784178,0.418703,-0.08020976,-0.9045741,0.5197102,0.83801043,0.16625242,0.7447074,-0.53972673,0.39256328
1356626784218,0.42697102,-0.08794014,-0.89997905,0.5253988,0.8341552,0.16775319,0.73596996,-0.54447365,0.40236372
1356626784258,0.43194777,-0.09568685,-0.8968082,0.53062516,0.83101034,0.1669092,0.7292859,-0.5479651,0.40972692
1356626784298,0.4306094,-0.10241601,-0.89670867,0.5342591,0.8296924,0.16179526,0.72742194,-0.54874533,0.41199008
1356626784338,0.42033494,-0.10684864,-0.90105605,0.53590643,0.83057237,0.15150525,0.7322041,-0.5465647,0.40637946
1356626784378,0.39971808,-0.107607186,-0.9103,0.53585315,0.83315355,0.13680857,0.7436981,-0.542472,0.39068818
1356626784418,0.36927283,-0.10341029,-0.92354965,0.5347523,0.83642167,0.12016131,0.760051,-0.53824264,0.36416668
1356626784486,0.33105576,-0.09340595,-0.9389768,0.5332849,0.8394545,0.10451484,0.77846605,-0.5353424,0.3277182
1356626784499,0.28701937,-0.07731925,-0.95479923,0.53230554,0.841553,0.09186618,0.7964111,-0.5346123,0.28269947
1356626784538,0.24266246,-0.05548738,-0.96852267,0.5320598,0.842425,0.08504397,0.81118894,-0.53594893,0.23394752
1356626784578,0.19971088,-0.029337585,-0.9794156,0.53374183,0.84150225,0.08362785,0.821727,-0.5394565,0.18371582
1356626784618,0.16235316,6.2671304E-4,-0.9867325,0.5372803,0.83870167,0.088934734,0.8276299,-0.54459083,0.13582915
1356626784658,0.13277453,0.03291461,-0.9905996,0.5427183,0.8338864,0.100450486,0.82935375,-0.55095387,0.09285551
1356626784698,0.11302486,0.06654388,-0.9913614,0.549328,0.82721114,0.11815426,0.8279276,-0.5579369,0.056940973
1356626784738,0.10389453,0.100277245,-0.98952025,0.5561823,0.81894493,0.14138752,0.82454056,-0.5650431,0.029311478
1356626784778,0.104961336,0.13298562,-0.9855445,0.5624685,0.80933934,0.16911256,0.82012945,-0.572088,0.010149121
1356626784822,0.11561471,0.16368015,-0.9797153,0.5680101,0.7982525,0.20039333,0.81486064,-0.5796566,-6.8223476E-4
1356626784856,0.13223639,0.19397713,-0.9720527,0.57167596,0.7862068,0.23466066,0.8097532,-0.58672976,-0.006926894
1356626784897,0.1511963,0.22020718,-0.9636641,0.57421577,0.7739597,0.26695067,0.80462164,-0.59371305,-0.009426594
1356626784937,0.17184299,0.24455345,-0.954287,0.5752877,0.7614489,0.29873,0.79969627,-0.60032415,-0.009838939
1356626784976,0.19281149,0.267595,-0.94404274,0.5752189,0.74861985,0.3296839,0.7949509,-0.6065981,-0.009583175
1356626785016,0.21280384,0.2900461,-0.93305296,0.57457757,0.73522264,0.35959458,0.79030067,-0.6126344,-0.010195792
1356626785057,0.23058519,0.31258172,-0.92147875,0.5731518,0.72165275,0.3882193,0.786338,-0.6176649,-0.012754381
1356626785096,0.24557912,0.33558074,-0.9094374,0.5693548,0.70936304,0.41549885,0.7845547,-0.61983037,-0.01685971
1356626785136,0.2581475,0.35889953,-0.8969677,0.56107587,0.7001219,0.4416143,0.7864819,-0.61726856,-0.020635128
1356626785176,0.26888862,0.38175884,-0.8842845,0.54694307,0.69519114,0.46643597,0.7928128,-0.6090726,-0.021871388
1356626785217,0.27850145,0.40300632,-0.8717929,0.5268838,0.6948171,0.4895126,0.8030133,-0.59566355,-0.018829942
1356626785256,0.28761023,0.42119333,-0.86016077,0.50191724,0.69861674,0.5099155,0.8156957,-0.5783864,-0.010474861
1356626785296,0.29658213,0.43492225,-0.85022444,0.47380748,0.7059739,0.5264098,0.82918364,-0.55896646,0.003309846
1356626785338,0.30529633,0.44313288,-0.8428685,0.4444846,0.7164739,0.53767884,0.84215647,-0.53879344,0.021771133
1356626785378,0.31345183,0.44497114,-0.8388973,0.41556066,0.7300599,0.5425143,0.8538485,-0.51866484,0.04392612
1356626785418,0.32127792,0.4400317,-0.8385419,0.38760966,0.7468092,0.5404025,0.86402506,-0.49864632,0.06937277
1356626785486,0.33031982,0.42826268,-0.8411183,0.360642,0.7662579,0.5317764,0.8722536,-0.47899887,0.09866065
1356626785499,0.34406894,0.41061088,-0.8444023,0.33459917,0.78665125,0.51886725,0.87730265,-0.4610624,0.13327223
1356626785538,0.36544123,0.38915795,-0.8455819,0.31138796,0.80496675,0.5050406,0.87720585,-0.44786668,0.17298895
1356626785578,0.39818418,0.36806092,-0.8402265,0.2921128,0.81741005,0.4964987,0.86955124,-0.44313884,0.21796447
1356626785618,0.44147056,0.34995422,-0.8262177,0.27792838,0.822188,0.49675208,0.85314685,-0.4489308,0.26570958
1356626785658,0.4915024,0.33672777,-0.8031437,0.26748547,0.81927663,0.50718564,0.82878035,-0.46411222,0.31260663
1356626785698,0.5432542,0.32876,-0.7725229,0.25766042,0.8104541,0.5260944,0.7990532,-0.48485154,0.35557413
1356626785739,0.5915691,0.325143,-0.73778594,0.24582288,0.79877037,0.5491239,0.7678653,-0.5062094,0.39260027
1356626785778,0.63091475,0.32404667,-0.70493996,0.23252839,0.7878575,0.5702729,0.7401873,-0.52371216,0.42172086
1356626785818,0.65631646,0.32327375,-0.6817205,0.22246143,0.78047144,0.5842732,0.72094357,-0.53512466,0.4403203
1356626785858,0.6648164,0.3208317,-0.6746007,0.22187427,0.7775099,0.58843017,0.7132958,-0.5408746,0.4457171
1356626785898,0.65562636,0.3153979,-0.68605995,0.23518303,0.7780944,0.5824586,0.7175256,-0.5432248,0.435963
1356626785938,0.62972635,0.30650803,-0.71379095,0.26295218,0.7805153,0.56714374,0.7309589,-0.54483825,0.4109141
1356626785978,0.58796555,0.2942769,-0.7534571,0.30302417,0.78351104,0.5424821,0.74998194,-0.54727656,0.3715045
1356626786018,0.5332177,0.27980116,-0.79836714,0.34949353,0.78656536,0.50908667,0.770411,-0.55047816,0.32162192
1356626786058,0.46824527,0.26421657,-0.8431702,0.3968964,0.789669,0.46786338,0.7894426,-0.553726,0.26489216
1356626786098,0.3977638,0.24930334,-0.8829676,0.4401278,0.79256636,0.42204988,0.8050289,-0.5564948,0.20552886
1356626786138,0.32754934,0.2370378,-0.9146171,0.4761079,0.79472584,0.37647325,0.8161083,-0.55877,0.14745635
1356626786178,0.26350135,0.22944248,-0.9369756,0.5038339,0.79556036,0.33650428,0.822629,-0.56074935,0.09403032
1356626786218,0.21098825,0.22846246,-0.95041513,0.52368945,0.79457057,0.3072572,0.82536864,-0.56255007,0.048001647
1356626786258,0.17357862,0.23529048,-0.95629954,0.53710663,0.79129374,0.29218262,0.8254616,-0.5643515,0.010975599
1356626786298,0.15261671,0.25022697,-0.9560829,0.5457612,0.78518736,0.29261824,0.8239252,-0.56645143,-0.016731441
1356626786338,0.14723167,0.27247006,-0.9508327,0.5508121,0.77586985,0.30762327,0.8215405,-0.56902206,-0.035847187
1356626786378,0.1554398,0.30062282,-0.94099116,0.55246186,0.7632179,0.3350885,0.81891656,-0.5719478,-0.047448218
1356626786418,0.17519361,0.33328304,-0.92640686,0.5503595,0.7470577,0.37283957,0.81634045,-0.5751759,-0.052545726
1356626786484,0.20466298,0.3692093,-0.9065305,0.54429734,0.72681737,0.4188996,0.8135438,-0.57915545,-0.052207053
1356626786498,0.24141014,0.40711105,-0.88089824,0.5345465,0.70182914,0.47084588,0.8099266,-0.58454806,-0.04819113
1356626786538,0.28143087,0.44498765,-0.85016626,0.5218334,0.67254436,0.52476084,0.8052866,-0.5913291,-0.042934656
1356626786578,0.31890422,0.48017564,-0.8171484,0.50710493,0.6419348,0.57512116,0.80071515,-0.5977886,-0.03878367
1356626786618,0.34787536,0.5096926,-0.78689027,0.49158737,0.61552054,0.6160165,0.79832613,-0.60112226,-0.036433995
1356626786658,0.36446834,0.5309884,-0.76499295,0.47669777,0.5993136,0.6431038,0.7999513,-0.5990614,-0.03469014
1356626786698,0.3675529,0.5419535,-0.755772,0.4636733,0.5976604,0.6540712,0.8061712,-0.590837,-0.031617522
1356626786738,0.35824206,0.54030055,-0.7614052,0.45348594,0.6121681,0.64776605,0.8160963,-0.57734364,-0.025714338
1356626786778,0.33902296,0.52347696,-0.7816875,0.4468767,0.6415655,0.62345403,0.8278675,-0.5606832,-0.016424239
1356626786818,0.3130853,0.48989928,-0.8136193,0.442993,0.68245494,0.5813884,0.8400803,-0.5424518,-0.0033553243
1356626786858,0.28328228,0.43826675,-0.8530378,0.44086814,0.73040825,0.5216695,0.8516962,-0.5238569,0.013693869
1356626786898,0.2540607,0.3708422,-0.8932689,0.43866476,0.77893716,0.44814077,0.8619898,-0.50570047,0.035221934
1356626786938,0.23116747,0.29384857,-0.9274776,0.43504685,0.82146215,0.36869267,0.8702276,-0.48872593,0.062057436
1356626786978,0.22030804,0.21598989,-0.95121646,0.43061298,0.8534716,0.29352808,0.8752353,-0.47427273,0.095018625
1356626787018,0.225371,0.1455027,-0.9633467,0.42809653,0.87342745,0.23207286,0.8751807,-0.46470788,0.134556
1356626787058,0.24672803,0.087167785,-0.9651565,0.43111712,0.88209164,0.18987456,0.86790746,-0.46294287,0.18005723
1356626787098,0.28147435,0.042243987,-0.9586385,0.44147557,0.8813171,0.16846229,0.851981,-0.47063327,0.22941846
1356626787138,0.32463998,0.009488985,-0.94579,0.45747608,0.8736295,0.16579245,0.82784325,-0.4864992,0.2792741
1356626787178,0.37133136,-0.013145402,-0.9284074,0.47470254,0.86202943,0.1776593,0.79797906,-0.50668776,0.3263387
1356626787218,0.41583028,-0.029053047,-0.90897804,0.48871607,0.8500484,0.19640347,0.76696926,-0.5259026,0.3676746
1356626787258,0.45230544,-0.042140186,-0.890867,0.49802464,0.840573,0.21309283,0.739859,-0.5400567,0.4011826
1356626787298,0.47256088,-0.05842276,-0.87935936,0.5058504,0.8350468,0.2163613,0.72166586,-0.5470682,0.42416364
1356626787338,0.46973312,-0.08300415,-0.87889767,0.5171803,0.8327137,0.19776821,0.7154546,-0.5474469,0.4340813
1356626787378,0.4416064,-0.11742833,-0.8894911,0.5340047,0.83107734,0.15540107,0.72098744,-0.5436185,0.42971635
1356626787418,0.39011627,-0.15973805,-0.9068037,0.55419785,0.82720643,0.09270498,0.7353053,-0.5387144,0.4112332
1356626787487,0.31923637,-0.20626418,-0.9249557,0.57356566,0.81901634,0.015318871,0.75439405,-0.53541327,0.37976587
1356626787499,0.23267937,-0.25356376,-0.9389173,0.5878736,0.80574983,-0.071915746,0.77476764,-0.53523135,0.3365448
1356626787538,0.14299749,-0.29463416,-0.9448505,0.59272027,0.7900274,-0.15665074,0.7926124,-0.5376314,0.28760755
1356626787578,0.05491875,-0.32826704,-0.942987,0.58856297,0.77354187,-0.23500338,0.8065838,-0.54210126,0.23568779
1356626787618,-0.026298463,-0.35303974,-0.9352386,0.5772847,0.75843114,-0.30253032,0.8161193,-0.547855,0.18385887
1356626787658,-0.09732944,-0.36904517,-0.92430115,0.5620166,0.74608266,-0.35706863,0.82137954,-0.55422586,0.1347937
1356626787737,-0.1566245,-0.377249,-0.9127715,0.5458642,0.73713607,-0.3983248,0.82310444,-0.5606368,0.090473175
1356626787738,-0.20365217,-0.3787543,-0.9028129,0.5312526,0.7318225,-0.42685658,0.8223725,-0.5665519,0.052176952
1356626787763,-0.23763865,-0.37416387,-0.89639795,0.5198288,0.7305776,-0.4427578,0.82055223,-0.5711898,0.020887673
1356626787805,-0.26221558,-0.36718613,-0.89242214,0.51158774,0.73123896,-0.4511845,0.8182426,-0.57485986,-0.003894329
1356626787846,-0.27579498,-0.35494697,-0.89328027,0.5076496,0.73535925,-0.44893053,0.8162284,-0.57728624,-0.022619665
1356626787886,-0.2793792,-0.33822602,-0.89863807,0.5076959,0.7423397,-0.43723753,0.81497985,-0.57839,-0.035678267
1356626787926,-0.27441925,-0.31804034,-0.90749353,0.51140356,0.7509303,-0.4178158,0.81434673,-0.5787521,-0.04342276
1356626787966,-0.26377922,-0.2959102,-0.9180728,0.51848507,0.7590928,-0.39363855,0.8133842,-0.57984066,-0.046807945
1356626788006,-0.25179112,-0.27416328,-0.9281356,0.5282905,0.7646035,-0.3691756,0.8108701,-0.5832804,-0.047682524
1356626788046,-0.2422115,-0.25513548,-0.93607664,0.5392898,0.7666283,-0.3484932,0.80653584,-0.58922565,-0.048094273
1356626788086,-0.23582631,-0.24002287,-0.9416872,0.54912186,0.7665761,-0.3329058,0.80178,-0.59560895,-0.048977017
1356626788126,-0.23014984,-0.2284871,-0.94595176,0.55559075,0.7672069,-0.32048783,0.798968,-0.5993223,-0.049627185
1356626788166,-0.22155121,-0.21960339,-0.95009977,0.55757415,0.77080226,-0.30818027,0.80001646,-0.5980287,-0.04832697
1356626788206,-0.20767647,-0.21315773,-0.9546907,0.5549443,0.7780393,-0.2944346,0.80554783,-0.5909473,-0.04328978
1356626788246,-0.18859164,-0.2102904,-0.9592763,0.54814637,0.7879451,-0.28049594,0.8148427,-0.5787231,-0.033329964
1356626788286,-0.16641745,-0.21307637,-0.96275836,0.5380343,0.7985964,-0.26974612,0.8263318,-0.5628875,-0.018257916
1356626788326,-0.1437015,-0.22314155,-0.96413577,0.52587146,0.8080956,-0.2654068,0.8383372,-0.5451508,0.001219213
1356626788366,-0.12159562,-0.24026252,-0.963062,0.51321566,0.81528056,-0.26819265,0.8496024,-0.52686954,0.024171948
1356626788406,-0.099099696,-0.26204577,-0.95995384,0.50172234,0.81994385,-0.27562088,0.8593336,-0.50894415,0.050217986
1356626788446,-0.073806584,-0.28491837,-0.9557061,0.49317902,0.8225072,-0.2832955,0.86679125,-0.4922433,0.07980931
1356626788488,-0.04308112,-0.30541083,-0.95124567,0.48984584,0.82337445,-0.2865407,0.870744,-0.4783082,0.114132285
1356626788528,-0.0076042563,-0.3223303,-0.94659674,0.4937194,0.82198656,-0.28386486,0.869588,-0.46951175,0.15289009
1356626788568,0.032562017,-0.33405423,-0.94199127,0.50688106,0.8178127,-0.27249587,0.8614008,-0.4686045,0.1959554
1356626788608,0.07486758,-0.34097743,-0.93708545,0.52858824,0.8104081,-0.2526523,0.8455704,-0.4764169,0.24090993
1356626788648,0.13781817,-0.3141751,-0.93930835,0.5515567,0.8120497,-0.1906842,0.82267326,-0.4918021,0.2852006
1356626788688,0.17108555,-0.32674867,-0.92949724,0.58193797,0.794776,-0.17227678,0.79503334,-0.5114356,0.32612216
1356626788728,0.20410657,-0.33185852,-0.92098325,0.6087752,0.77978086,-0.14606336,0.7666375,-0.53085935,0.36118567
1356626788768,0.2350785,-0.33123928,-0.91379356,0.628555,0.76891124,-0.11702189,0.7413883,-0.5468602,0.3889566
1356626788808,0.25975376,-0.32760656,-0.9084063,0.6398385,0.7629593,-0.09219439,0.7232805,-0.5572855,0.40779686
1356626788849,0.27259326,-0.3242467,-0.90584606,0.6437161,0.7612007,-0.07875967,0.7150683,-0.5616383,0.41622096
1356626788888,0.26982808,-0.3233695,-0.9069867,0.6426539,0.76192015,-0.08045949,0.7170695,-0.5611683,0.41340214
1356626788930,0.24943873,-0.3258437,-0.9119245,0.6389265,0.76301646,-0.09787114,0.72770417,-0.5582398,0.398516
1356626788968,0.21368854,-0.3300624,-0.9194542,0.6336029,0.76320994,-0.12672001,0.7435621,-0.55549026,0.3722177
1356626789008,0.16369045,-0.33471638,-0.9279927,0.6263695,0.7620022,-0.16435897,0.7621461,-0.5543623,0.3343886
1356626789048,0.10721277,-0.33582744,-0.935802,0.61599135,0.7612504,-0.20261407,0.78042305,-0.55472314,0.28848255
1356626789088,0.05079232,-0.33116877,-0.9422034,0.6025562,0.76252866,-0.2355335,0.7964585,-0.5557673,0.23827839
1356626789128,6.36518E-4,-0.31894225,-0.9477739,0.5877325,0.7669209,-0.25768742,0.80905503,-0.55687356,0.1879409
1356626789168,-0.04006861,-0.2988935,-0.95344496,0.5742472,0.773998,-0.26677185,0.81770086,-0.5582022,0.14062572
1356626789208,-0.070215285,-0.27152818,-0.9598657,0.56456304,0.7824858,-0.26264912,0.82239795,-0.5603467,0.09835231
1356626789248,-0.08940035,-0.2376253,-0.967234,0.5599612,0.79112,-0.24611503,0.82368135,-0.56361634,0.062334538
1356626789288,-0.09709056,-0.19795926,-0.97538996,0.56052846,0.79894215,-0.2179436,0.82242405,-0.56789404,0.03339207
1356626789328,-0.09266353,-0.15320235,-0.98384064,0.5656579,0.8050584,-0.17863941,0.8194172,-0.57307065,0.012060583
1356626789368,-0.076079205,-0.1040705,-0.9916559,0.5741941,0.8085083,-0.12890162,0.8151768,-0.5792096,-0.0017539859
1356626789408,-0.04834252,-0.051378697,-0.9975085,0.5843184,0.80850315,-0.06996161,0.81008327,-0.5862447,-0.009063542
1356626789448,-0.011685789,0.003739059,-0.9999248,0.5940331,0.80443096,-0.0039342344,0.80435574,-0.59403443,-0.011621535
1356626789486,0.030613542,0.06014183,-0.99772024,0.6017966,0.7958809,0.066440344,0.7980623,-0.6024587,-0.011828423
1356626789527,0.07482234,0.116573855,-0.99035954,0.6064095,0.7830875,0.13799074,0.7916243,-0.61088824,-0.012099087
1356626789566,0.11746013,0.17107706,-0.97823095,0.6070759,0.7671919,0.20706376,0.78591466,-0.6181822,-0.013742328
1356626789606,0.15716085,0.2233437,-0.9619866,0.60249496,0.75013053,0.2725876,0.7824963,-0.6224321,-0.016672313
1356626789646,0.19337383,0.2730428,-0.9423663,0.59131175,0.73402,0.33401352,0.78291565,-0.62182176,-0.01951319
1356626789686,0.22597146,0.31946033,-0.9202619,0.5726729,0.7206468,0.39078635,0.7880245,-0.6153156,-0.020100653
1356626789726,0.25526598,0.36166865,-0.8966801,0.5465424,0.71104693,0.44238424,0.7975781,-0.6029993,-0.016161144
1356626789766,0.2816122,0.39851254,-0.8728587,0.5141963,0.70535374,0.48793268,0.8101215,-0.5862285,-0.0062775016
1356626789806,0.3052634,0.42883193,-0.85024554,0.4780472,0.70319384,0.52629775,0.8235807,-0.5671169,0.009657443
1356626789846,0.32661834,0.4518966,-0.8301264,0.4408062,0.70409274,0.55672544,0.8360684,-0.5477616,0.030770779
1356626789887,0.34655192,0.4677202,-0.8131049,0.40414435,0.70779395,0.5793921,0.84650403,-0.5294012,0.056260884
1356626789926,0.36651117,0.47700042,-0.79883677,0.3685751,0.713906,0.59539115,0.85429615,-0.5126488,0.08584404
1356626789966,0.38907716,0.4811307,-0.78557765,0.3337123,0.7212365,0.6070041,0.85863554,-0.4983284,0.120057404
1356626790006,0.41769114,0.4818957,-0.77026665,0.29921496,0.727517,0.6174054,0.85790706,-0.48836005,0.15968704
1356626790046,0.4556085,0.4811979,-0.7489123,0.2649094,0.7298954,0.6301394,0.8498494,-0.48549074,0.2050727
1356626790086,0.5034035,0.4804529,-0.71815735,0.23035122,0.72644687,0.64746684,0.8327804,-0.4913655,0.25502297
1356626790126,0.5578094,0.4803474,-0.676842,0.19424832,0.7172961,0.66914415,0.8069178,-0.50473034,0.30680782
1356626790166,0.61219126,0.48085758,-0.62769246,0.15593001,0.70482814,0.6920282,0.77518237,-0.52152973,0.35650948
1356626790206,0.65936375,0.48178673,-0.5771663,0.11732577,0.69234383,0.7119653,0.7426131,-0.53716063,0.3999804
1356626790246,0.6939416,0.4832359,-0.5337866,0.08340077,0.6824034,0.7262024,0.71518487,-0.5484603,0.43324584
1356626790286,0.71356165,0.48569876,-0.50490254,0.059821382,0.67580736,0.7346468,0.69803387,-0.55441976,0.45317504
1356626790326,0.71865606,0.48970693,-0.49368066,0.04994391,0.6717739,0.73907065,0.69356984,-0.555794,0.45831653
1356626790366,0.7110374,0.4954626,-0.49894154,0.05436732,0.6687138,0.7415296,0.7010492,-0.5543814,0.44854358
1356626790406,0.69275796,0.5028932,-0.5168992,0.072121695,0.6648463,0.7434903,0.7175548,-0.5523384,0.42430803
1356626790446,0.66595185,0.5118707,-0.5426754,0.101184264,0.6587504,0.7455265,0.7391007,-0.551395,0.38690284
1356626790488,0.6324837,0.5223464,-0.57194275,0.13930278,0.6496491,0.7473625,0.76194423,-0.5523678,0.33812815
1356626790528,0.59627485,0.53467643,-0.59881335,0.18060216,0.63745856,0.749019,0.78220147,-0.5547682,0.2835368
1356626790568,0.55976737,0.5485889,-0.62105614,0.22254191,0.6224228,0.7503766,0.7982077,-0.5582473,0.22632793
1356626790608,0.5266603,0.56486964,-0.63525677,0.2606025,0.6040263,0.75315243,0.80914474,-0.562205,0.17091027
1356626790648,0.4995976,0.58338606,-0.64036155,0.29278213,0.5820078,0.75864714,0.8152796,-0.56650466,0.11996469
1356626790688,0.4808524,0.6043582,-0.63524187,0.31702763,0.5556425,0.7686058,0.81748056,-0.5709752,0.075583726
1356626790728,0.47155136,0.6274942,-0.61958885,0.3319906,0.5245927,0.78395456,0.81695867,-0.5753725,0.03905022
1356626790768,0.47150227,0.6520671,-0.59371203,0.33707893,0.4888623,0.8046064,0.8149008,-0.57950157,0.010701597
1356626790808,0.4795985,0.6769786,-0.5582878,0.33231664,0.4487163,0.82958984,0.8121274,-0.58339834,-0.009767592
1356626790848,0.49436978,0.7010516,-0.5139311,0.3178872,0.40447143,0.8575259,0.80904037,-0.58730704,-0.022896886
1356626790888,0.5141076,0.7226141,-0.46208465,0.29472476,0.35710347,0.8863489,0.80550027,-0.59186655,-0.029382676
1356626790928,0.5371181,0.7405741,-0.4037995,0.26451764,0.30668536,0.9143164,0.8009585,-0.597908,-0.0311687
1356626790968,0.5607343,0.7541789,-0.34174746,0.23077545,0.2540327,0.9392604,0.7951854,-0.6055425,-0.03160113
1356626791008,0.58134997,0.76373124,-0.28061858,0.19766754,0.20198807,0.9592332,0.78927803,-0.6131194,-0.033539116
1356626791048,0.5951383,0.7711997,-0.2259675,0.16840199,0.15526128,0.97341394,0.78578055,-0.6173693,-0.037469625
1356626791088,0.5993798,0.77922416,-0.1831764,0.14525631,0.11915797,0.98219246,0.787175,-0.6153138,-0.041766346
1356626791135,0.5936693,0.78960633,-0.15517274,0.12880757,0.09710097,0.98690426,0.79433334,-0.60588217,-0.044061422
1356626791167,0.57931864,0.80237126,-0.143493,0.11875981,0.091076404,0.98873717,0.8064031,-0.5898351,-0.0425272
1356626791203,0.55908763,0.8157277,-0.1483557,0.11429578,0.10139713,0.9882586,0.82119274,-0.5694796,-0.036544353
1356626791233,0.53786373,0.8262899,-0.16717544,0.1153259,0.12432037,0.9855174,0.8351064,-0.5493537,-0.028425217
1356626791263,0.516454,0.83343303,-0.19663319,0.11909324,0.15748836,0.9803133,0.8479929,-0.52970445,-0.017920732
1356626791305,0.49382752,0.83595484,-0.23940328,0.12303007,0.20537667,0.9709192,0.8608124,-0.5089204,-0.0014269352
1356626791346,0.47151956,0.82804286,-0.30333844,0.13089734,0.27444842,0.95265096,0.87208664,-0.48889977,0.02101919
1356626791386,0.453666,0.8064747,-0.37919083,0.13799557,0.35679224,0.92393535,0.88042283,-0.47148472,0.05057457
1356626791426,0.44552645,0.7710725,-0.4549213,0.14065197,0.44154432,0.8861465,0.88415116,-0.45878726,0.08826676
1356626791489,0.45253736,0.7267852,-0.51671386,0.13650885,0.5161517,0.84554887,0.8812351,-0.45317852,0.13436535
1356626791508,0.47735325,0.68166804,-0.554493,0.12523285,0.57181203,0.8107698,0.8697416,-0.4564643,0.18758911
1356626791548,0.5175117,0.6425409,-0.56508666,0.10737258,0.60641426,0.78786606,0.8489128,-0.4684047,0.24483517
1356626791588,0.566391,0.61220026,-0.55173546,0.08346501,0.6234183,0.7774209,0.81989926,-0.48637477,0.3020012
1356626791628,0.6150137,0.5890888,-0.5241493,0.056359917,0.63018745,0.7743948,0.7864996,-0.5058045,0.35437292
1356626791668,0.6559512,0.57016385,-0.49461222,0.03143552,0.6340817,0.7726269,0.7541485,-0.5223539,0.39800325
1356626791708,0.6848372,0.55222607,-0.47544122,0.016311198,0.64067423,0.7676395,0.7285135,-0.5334631,0.42975008
1356626791748,0.700069,0.53257096,-0.47568017,0.018022686,0.65275836,0.75735176,0.7138477,-0.5387715,0.4473775
1356626791788,0.70140505,0.5093616,-0.4985796,0.039762467,0.67045087,0.74088776,0.7116529,-0.5394871,0.45000416
1356626791828,0.68880856,0.48141694,-0.54201525,0.08072658,0.6920793,0.71729314,0.7204346,-0.53783274,0.43784702
1356626791868,0.6621727,0.4485144,-0.60030174,0.13730891,0.7149085,0.6856035,0.7366638,-0.53641474,0.41180784
1356626791909,0.62065923,0.41068667,-0.66792107,0.20560348,0.73679847,0.64409256,0.7566434,-0.5370889,0.37286216
1356626791948,0.56432414,0.3690575,-0.7384679,0.27939996,0.7563453,0.59150445,0.77683586,-0.5401281,0.32370925
1356626791988,0.49555048,0.32626528,-0.80497247,0.35086626,0.7725955,0.52913994,0.7945581,-0.54465324,0.26838458
1356626792028,0.42159164,0.28780055,-0.8599019,0.41163218,0.78421855,0.46428463,0.80797243,-0.5497018,0.212152
1356626792068,0.35004562,0.25799754,-0.9005028,0.45945552,0.7904553,0.40506917,0.8163141,-0.5555337,0.15815699
1356626792108,0.2887763,0.24138087,-0.92646825,0.4950874,0.7906142,0.36030227,0.81944895,-0.56272954,0.108806014
1356626792148,0.24256691,0.2396359,-0.9400723,0.521469,0.7849122,0.33463836,0.81806564,-0.57139075,0.06543106
1356626792188,0.21339503,0.2526959,-0.9437199,0.5407598,0.7739502,0.32951456,0.81365925,-0.5806426,0.028509378
1356626792228,0.201027,0.27916014,-0.93896633,0.55361766,0.75839937,0.34400275,0.8081433,-0.5889822,-0.002089262
1356626792268,0.20463201,0.3173424,-0.92596954,0.5592439,0.7384851,0.3766775,0.8033505,-0.5949231,-0.026354134
1356626792308,0.22338825,0.36551833,-0.9036006,0.55609137,0.7135685,0.4261248,0.80053735,-0.5976758,-0.043858767
1356626792348,0.2555939,0.42115963,-0.87022775,0.5430547,0.6821602,0.48964173,0.7998521,-0.5977307,-0.054356754
1356626792388,0.29850966,0.48075533,-0.82447946,0.520115,0.64237434,0.5628815,0.80023277,-0.59684974,-0.058293104
1356626792428,0.348789,0.5403171,-0.76576996,0.48809773,0.5927979,0.6405866,0.8000667,-0.59720016,-0.056966186
1356626792489,0.4016767,0.595464,-0.69575745,0.44886148,0.53420895,0.7163408,0.798235,-0.60003614,-0.052701592
1356626792508,0.4505647,0.64211917,-0.62022126,0.40607345,0.4712973,0.78293246,0.79504454,-0.6046172,-0.0483976
1356626792548,0.48897213,0.6781914,-0.5486006,0.3648007,0.412288,0.83482873,0.7923551,-0.6083379,-0.04580736
1356626792588,0.51311165,0.704427,-0.4904069,0.3293972,0.36599666,0.87037,0.79259944,-0.60813564,-0.044239163
1356626792628,0.5227182,0.7228261,-0.4519825,0.30195013,0.338832,0.89107746,0.79724014,-0.6022585,-0.041143805
1356626792668,0.52032346,0.73481727,-0.4350943,0.2822876,0.33285576,0.8997337,0.80596346,-0.5909743,-0.034237146
1356626792708,0.509077,0.7400947,-0.4394319,0.2698689,0.3475499,0.89798653,0.81731963,-0.5757333,-0.022798926
1356626792748,0.49188417,0.7366853,-0.46405262,0.26491463,0.3810833,0.88577414,0.8293794,-0.5586326,-0.007709831
1356626792788,0.47043467,0.7213253,-0.508312,0.26782468,0.43214947,0.8611137,0.8408098,-0.5412362,0.010109365
1356626792828,0.4454873,0.68957806,-0.5709845,0.27840018,0.49944767,0.82039344,0.8509022,-0.52443707,0.030518949
1356626792868,0.41855168,0.63778776,-0.64656115,0.29423565,0.57829446,0.760921,0.8592088,-0.5087261,0.0543862
1356626792908,0.3946913,0.568148,-0.72209877,0.3097359,0.65762967,0.68672186,0.8650332,-0.494703,0.083584905
1356626792949,0.38227677,0.49073985,-0.782968,0.32009736,0.7245341,0.6103999,0.8668346,-0.48396772,0.11988801
1356626792988,0.38810754,0.4193444,-0.8206844,0.32473728,0.7711513,0.5476051,0.8625069,-0.47903648,0.16311288
1356626793028,0.41675228,0.36811003,-0.8311514,0.3227251,0.79485893,0.5138558,0.8498036,-0.48238397,0.21246094
1356626793068,0.46476448,0.3402188,-0.8174626,0.3136929,0.80008364,0.5113345,0.82800406,-0.4940823,0.26512623
1356626793108,0.525159,0.33367792,-0.7828582,0.29443237,0.7918668,0.5350295,0.79844695,-0.5114743,0.3176104
1356626793148,0.58676255,0.34026265,-0.73480004,0.26464558,0.77701986,0.5711418,0.76529247,-0.52958614,0.36587712
1356626793188,0.637549,0.3486759,-0.68699086,0.23182869,0.76356274,0.6026835,0.7347019,-0.5435044,0.40597555
1356626793228,0.66871506,0.3479971,-0.6570527,0.21064606,0.75882816,0.6162857,0.7130557,-0.55052507,0.4341356
1356626793268,0.67690355,0.33179155,-0.65705097,0.21341726,0.76583433,0.60658956,0.70445347,-0.5508286,0.44758588
1356626793308,0.6622093,0.29899305,-0.6870823,0.24244629,0.7821247,0.5740215,0.7090125,-0.5467029,0.44544044
1356626793348,0.6249153,0.251102,-0.7392081,0.29255918,0.80254036,0.51994044,0.72380245,-0.5411809,0.42805758
1356626793388,0.5645295,0.19009772,-0.8032244,0.35591385,0.82194287,0.44467437,0.74473614,-0.5369105,0.3963525
1356626793428,0.48112494,0.11869794,-0.86857903,0.4231366,0.8362921,0.34867024,0.7677722,-0.53528154,0.35213554
1356626793491,0.37829483,0.042048335,-0.9247297,0.48331648,0.84302133,0.23605143,0.78949237,-0.5362341,0.29858798
1356626793508,0.26649547,-0.030805469,-0.96334374,0.52648795,0.841852,0.118725,0.8073355,-0.53882855,0.24056846
1356626793548,0.1588954,-0.091141924,-0.9830795,0.5498789,0.83516586,0.011448264,0.81999105,-0.5423938,0.18282104
1356626793589,0.06664746,-0.13306306,-0.98886406,0.55802286,0.82655406,-0.073612794,0.82714474,-0.5469027,0.12934
1356626793628,-0.004440114,-0.15473627,-0.9879458,0.55887824,0.8188742,-0.13076733,0.8292378,-0.55272204,0.08284283
1356626793668,-0.05257924,-0.1565868,-0.9862637,0.55937946,0.8135227,-0.15898247,0.82724243,-0.56005484,0.04481703
1356626793708,-0.077517524,-0.13933773,-0.98720616,0.5634474,0.8107702,-0.15867803,0.8225072,-0.568539,0.015660584
1356626793748,-0.07924178,-0.103212,-0.99149793,0.5716744,0.8101132,-0.1300193,0.8166451,-0.5771169,-0.0051911473
1356626793788,-0.058408767,-0.04909268,-0.99708486,0.5821868,0.8096832,-0.07396999,0.81095433,-0.58481014,-0.018711507
1356626793828,-0.01563999,0.022224873,-0.9996306,0.59173524,0.8060858,0.008663595,0.80598056,-0.59138113,-0.025758445
1356626793868,0.04711783,0.10842785,-0.99298704,0.5964277,0.79437983,0.115042046,0.80128264,-0.59766555,-0.027239919
1356626793908,0.1253855,0.20455305,-0.97079164,0.5923597,0.7695165,0.23865084,0.795857,-0.60498124,-0.02468282
1356626793948,0.21220616,0.30320114,-0.92899823,0.5763483,0.72887814,0.36953932,0.7891712,-0.61384505,-0.02007705
1356626793988,0.29724717,0.39502758,-0.8692511,0.54724437,0.67554224,0.49413192,0.7824115,-0.62257206,-0.015373588
1356626794028,0.36752027,0.4699878,-0.8025212,0.50914526,0.62043405,0.5965172,0.77826726,-0.62783206,-0.011269987
1356626794068,0.41383755,0.52251273,-0.7454656,0.47078314,0.5780381,0.6665097,0.77916735,-0.6267794,-0.006776333
1356626794108,0.43473434,0.55252135,-0.7111443,0.4398215,0.5588231,0.703046,0.78585184,-0.6184148,-7.1167946E-5
1356626794148,0.43514213,0.5625664,-0.7029726,0.41908294,0.5644797,0.71114856,0.796882,-0.6040545,0.009866953
1356626794188,0.4216715,0.55429965,-0.7175967,0.40797004,0.59079075,0.69607955,0.80978614,-0.5862749,0.022982001
1356626794228,0.39985445,0.5277897,-0.74936944,0.4047611,0.63185894,0.6610014,0.82236546,-0.56762,0.039022863
1356626794268,0.37383285,0.48276544,-0.79195106,0.4071737,0.6817582,0.6077954,0.8333417,-0.5496755,0.058294237
1356626794308,0.34711787,0.4202465,-0.83839256,0.4127753,0.7342656,0.5389532,0.84209603,-0.53314805,0.081409335
1356626794348,0.32432985,0.34533882,-0.8806538,0.41873914,0.78238153,0.4610169,0.8482143,-0.5182858,0.10914278
1356626794388,0.3114174,0.26724607,-0.9119203,0.42291623,0.8203874,0.38484582,0.85097647,-0.5055136,0.14246023
1356626794428,0.314622,0.19705486,-0.9285377,0.4246772,0.84563005,0.32335603,0.8489182,-0.4960637,0.18236911
1356626794492,0.337263,0.14282164,-0.9305136,0.42528853,0.8586999,0.28594422,0.83987105,-0.49217522,0.22886729
1356626794508,0.37706858,0.106429204,-0.9200501,0.42629522,0.8619549,0.27441952,0.8222479,-0.49568793,0.27964586
1356626794548,0.42842934,0.08586033,-0.8994867,0.42693073,0.8581125,0.28525984,0.7963533,-0.5062322,0.33098418
1356626794589,0.483794,0.0763513,-0.87184507,0.42488694,0.8504217,0.31024837,0.7651238,-0.5205319,0.37898824
1356626794630,0.5349354,0.071716055,-0.8418438,0.4194739,0.842371,0.3383086,0.73340696,-0.5341047,0.4205311
1356626794668,0.5719639,0.06349635,-0.81781757,0.41564992,0.8370904,0.3556893,0.70717216,-0.5433672,0.45239317
1356626794709,0.5861783,0.04391232,-0.8089912,0.4219216,0.8358942,0.3510883,0.6916481,-0.5471312,0.47145548
1356626794748,0.5728003,0.009264231,-0.8196426,0.44329727,0.8375915,0.3192616,0.68948334,-0.54621845,0.47566584
1356626794789,0.53345037,-0.037581354,-0.8449961,0.47631553,0.8388975,0.26339033,0.6989666,-0.54299045,0.46541074
1356626794829,0.46679193,-0.09426279,-0.87932914,0.51641524,0.8362274,0.1844967,0.717928,-0.54022056,0.43902296
1356626794869,0.384951,-0.14999188,-0.9106674,0.5521706,0.8280666,0.09702262,0.7395407,-0.5401927,0.40158617
1356626794908,0.28569943,-0.20407933,-0.9363373,0.5813789,0.81363297,5.7578087E-5,0.7618231,-0.54438317,0.35110193
1356626794949,0.18372002,-0.2471361,-0.9514046,0.5966667,0.7972137,-0.09186491,0.78117585,-0.550794,0.293922
1356626794990,0.08327143,-0.27856246,-0.9568014,0.59877455,0.7814741,-0.17540585,0.796577,-0.55830204,0.23187059
1356626795029,-0.0020256639,-0.29346222,-0.95596856,0.5906768,0.7710285,-0.23794113,0.8069058,-0.5651504,0.17177945
1356626795070,-0.071280494,-0.2955168,-0.9526745,0.5789003,0.76553077,-0.28077948,0.8122767,-0.5715177,0.11650735
1356626795108,-0.12188454,-0.28528306,-0.9506617,0.5687952,0.7648509,-0.30244863,0.81339794,-0.5775956,0.06904411
1356626795148,-0.15409307,-0.26517582,-0.95180726,0.5635887,0.7676431,-0.30510956,0.811556,-0.5834431,0.031161606
1356626795188,-0.16834025,-0.23702139,-0.9568084,0.564311,0.7726894,-0.2906958,0.80821687,-0.5888734,0.003679037
1356626795228,-0.1654007,-0.20239724,-0.9652347,0.570447,0.77874666,-0.2610438,0.8045078,-0.593792,-0.013348341
1356626795269,-0.1467824,-0.1627674,-0.97568524,0.5807075,0.7843246,-0.21820572,0.80077076,-0.5986165,-0.02060479
1356626795309,-0.1158708,-0.11995156,-0.98599464,0.59362286,0.7875273,-0.16556752,0.7963578,-0.60449344,-0.0200454
1356626795349,-0.07942763,-0.07678658,-0.99387884,0.60704446,0.7871119,-0.10932487,0.7906885,-0.612012,-0.015905619
1356626795388,-0.04397407,-0.036625743,-0.9983611,0.6188877,0.7834805,-0.05600238,0.78424764,-0.62033606,-0.011785567
1356626795429,-0.01329717,-0.0012825131,-0.9999108,0.6261527,0.7796447,-0.009326816,0.7795871,-0.6262208,-0.0095639825
1356626795497,0.011831284,0.027926743,-0.99954,0.6262259,0.7790954,0.02918008,0.779552,-0.62628305,-0.0082707405
1356626795510,0.032378875,0.049709976,-0.9982387,0.6186271,0.78346026,0.059080273,0.78501725,-0.61945045,-0.0053843856
1356626795550,0.04861521,0.061952353,-0.99689436,0.60426897,0.79288,0.07874197,0.79529583,-0.6062204,0.0011101365
1356626795589,0.057611644,0.06053722,-0.9965019,0.58711654,0.8052503,0.08286217,0.8074497,-0.5898366,0.010849416
1356626795630,0.062376976,0.046776533,-0.99695593,0.56843215,0.81939447,0.07401082,0.82036215,-0.5713184,0.024522066
1356626795668,0.0632076,0.018638134,-0.99782634,0.5498138,0.83376527,0.050401807,0.8328923,-0.5518045,0.042452812
1356626795709,0.06422004,-0.020866603,-0.99771756,0.53193593,0.8466232,0.01653254,0.84434587,-0.5317836,0.06546986
1356626795748,0.07046604,-0.06705809,-0.9952577,0.5158988,0.8563878,-0.021174803,0.8537465,-0.51196015,0.09494144
1356626795788,0.08596101,-0.11539279,-0.9895935,0.5044505,0.86158043,-0.056646585,0.859151,-0.49433154,0.1322723
1356626795828,0.112197645,-0.16209567,-0.9803758,0.5016913,0.86086833,-0.08492094,0.85773987,-0.48231804,0.17790937
1356626795868,0.14751565,-0.20465036,-0.96765566,0.5111832,0.8533326,-0.102543995,0.8467177,-0.4795224,0.23049372
1356626795908,0.18634965,-0.2423748,-0.95211774,0.5324868,0.8393328,-0.10944489,0.8256704,-0.48659512,0.28547072
1356626795948,0.22486018,-0.2740631,-0.9350547,0.56116897,0.820929,-0.10566419,0.79657215,-0.50096405,0.33838993
1356626795988,0.25927567,-0.2998644,-0.9180727,0.59010816,0.8016919,-0.095197454,0.7645577,-0.51707983,0.38481164
1356626796028,0.2857058,-0.32079184,-0.9030309,0.6134463,0.7851665,-0.084836364,0.73624444,-0.5297227,0.42111516
1356626796068,0.29954922,-0.33883697,-0.8918855,0.62890565,0.773094,-0.082482174,0.7174593,-0.5362044,0.44467622
1356626796108,0.2977084,-0.35579973,-0.88587594,0.6371335,0.7651007,-0.093176335,0.7109364,-0.5366819,0.45446885
1356626796148,0.2795744,-0.37241894,-0.88495326,0.63987285,0.7594518,-0.11745499,0.71582174,-0.53342015,0.45062405
1356626796190,0.24535418,-0.38854855,-0.8881618,0.6387616,0.7539613,-0.15338172,0.7292359,-0.5296908,0.43317747
1356626796227,0.19587336,-0.403134,-0.89393324,0.6346729,0.74703234,-0.19782083,0.7475453,-0.5286073,0.40218192
1356626796304,0.13055587,-0.41491327,-0.90044546,0.6273166,0.7378687,-0.24904527,0.76774275,-0.5323502,0.35661513
1356626796305,0.06327596,-0.41920844,-0.9056823,0.6160614,0.73036456,-0.29501855,0.78515255,-0.53928834,0.30447263
1356626796346,-0.0058469176,-0.41746822,-0.90867275,0.60207236,0.72405773,-0.33652532,0.79842013,-0.5490543,0.24711251
1356626796386,-0.066998065,-0.4073518,-0.9108105,0.5873784,0.7218095,-0.36602962,0.8065345,-0.5595137,0.1909098
1356626796427,-0.11865249,-0.39095974,-0.91272783,0.5748889,0.7224313,-0.38418195,0.8095828,-0.57030123,0.13904017
1356626796494,-0.15773702,-0.3687267,-0.9160566,0.56696653,0.72570986,-0.389736,0.80849737,-0.58084923,0.094584405
