1356625703642,0.007780358,-0.008362561,-0.9999348,0.6684228,0.7437808,-0.0010194182,0.7437408,-0.6683713,0.011376619
1356625703664,0.13372636,0.13208586,-0.9821765,0.6549484,0.73201275,0.18761645,0.7437472,-0.66836417,0.011379957
1356625703693,0.13371465,0.13205841,-0.9821817,0.65492594,0.7320403,0.18758775,0.7437691,-0.6683395,0.01139605
1356625703736,0.13369286,0.13194904,-0.9821994,0.6548413,0.73214084,0.18749031,0.7438474,-0.6682509,0.011476338
1356625703778,0.13328546,0.13127476,-0.9823451,0.6547705,0.7324026,0.18671377,0.7439829,-0.66809684,0.0116637945
1356625703817,0.13195616,0.12932032,-0.98278373,0.65483457,0.7329395,0.18436757,0.74416345,-0.66788924,0.012032449
1356625703856,0.12903231,0.12518215,-0.9837073,0.6551796,0.7338804,0.1793298,0.74437237,-0.6676443,0.012677491
1356625703896,0.12443135,0.11846939,-0.98513037,0.6558136,0.735242,0.17125393,0.7445975,-0.6673712,0.013793349
1356625703937,0.11855624,0.109110355,-0.9869343,0.65662134,0.73697704,0.16035348,0.7448442,-0.66705304,0.01572901
1356625703976,0.11218727,0.09765756,-0.9888766,0.6573804,0.7389708,0.14755711,0.74516094,-0.66662216,0.01870495
1356625704018,0.10634586,0.08537114,-0.99065757,0.6578007,0.7410897,0.13447842,0.7456467,-0.6659564,0.022654653
1356625704057,0.10082561,0.07303998,-0.9922194,0.65783703,0.7432853,0.12156218,0.746381,-0.6649753,0.026893795
1356625704097,0.09475982,0.0612787,-0.9936123,0.6576483,0.7454425,0.108692646,0.7473414,-0.6637472,0.030338168
1356625704136,0.08770289,0.05069962,-0.99485564,0.6572771,0.74750495,0.09603736,0.7485286,-0.6623186,0.03223467
1356625704177,0.07949915,0.04146886,-0.9959719,0.6567813,0.74942946,0.08362836,0.74987876,-0.6607842,0.03234303
1356625704215,0.07053629,0.033729672,-0.9969388,0.6562055,0.7511545,0.0718424,0.7512783,-0.6592642,0.030850053
1356625704256,0.0615201,0.027597368,-0.99772424,0.6556173,0.7526057,0.061242968,0.7525831,-0.65789294,0.028207064
1356625704298,0.05317086,0.023175329,-0.9983164,0.6550888,0.7537335,0.052387804,0.7536787,-0.6567714,0.024894774
1356625704336,0.045975685,0.020508379,-0.99873203,0.6546893,0.7545195,0.045631647,0.75449866,-0.6559571,0.021262944
1356625704377,0.039716274,0.019416988,-0.9990223,0.6545109,0.7549566,0.04069349,0.75500864,-0.6554872,0.017275453
1356625704416,0.033739477,0.019581437,-0.99923885,0.654653,0.75502837,0.03690031,0.7551762,-0.6553997,0.012655199
1356625704456,0.026742816,0.020407498,-0.99943405,0.65525705,0.7546873,0.03294334,0.75493246,-0.6557672,0.0068103075
1356625704497,0.017382026,0.021411449,-0.99961966,0.6563901,0.753918,0.02756241,0.7542214,-0.65661955,-9.496808E-4
1356625704536,0.0043481886,0.022269517,-0.9997425,0.65788877,0.75285923,0.019631505,0.75310254,-0.6578048,-0.011377275
1356625704577,-0.01343739,0.022945464,-0.99964637,0.6592009,0.7519199,0.008398145,0.75184673,-0.65885496,-0.025229514
1356625704616,-0.035850726,0.02386406,-0.9990722,0.65947485,0.751705,-0.005709231,0.7508713,-0.65906763,-0.04268694
1356625704683,-0.06262817,0.025629967,-0.9977078,0.65794754,0.7527435,-0.021963596,0.7504551,-0.6578149,-0.06400609
1356625704698,-0.09169665,0.029514194,-0.9953495,0.6544196,0.75518143,-0.03789571,0.750551,-0.6548512,-0.08856225
1356625704738,-0.12052858,0.036872417,-0.99202484,0.649258,0.75887805,-0.050676614,0.7509573,-0.6501881,-0.115406215
1356625704778,-0.14628103,0.0491544,-0.98802114,0.64331764,0.7634548,-0.05726394,0.75149465,-0.643988,-0.14330089
1356625704819,-0.16713306,0.06730762,-0.9836342,0.63753986,0.7683978,-0.0557473,0.7520701,-0.63642323,-0.17133594
1356625704856,-0.18230897,0.091573656,-0.97896767,0.63269514,0.77306247,-0.045511097,0.7526355,-0.6276852,-0.19887441
1356625704896,-0.19355583,0.12043002,-0.97366977,0.62858784,0.77720416,-0.02882713,0.7532686,-0.61761665,-0.22613323
1356625704936,-0.20244244,0.1522887,-0.96738064,0.62476397,0.7807745,-0.007831037,0.75411344,-0.60596985,-0.25320637
1356625704976,-0.21050817,0.1848392,-0.95995873,0.6205219,0.78404766,0.014894247,0.75540644,-0.5925401,-0.27974522
1356625705016,-0.21873587,0.21565318,-0.9516555,0.6151803,0.7875149,0.037059754,0.75743496,-0.57733345,-0.30492336
1356625705056,-0.22742826,0.24276535,-0.94304895,0.60837626,0.7915949,0.057059467,0.7603649,-0.5607517,-0.32772374
1356625705096,-0.23634547,0.26493543,-0.93485296,0.60036117,0.79630804,0.07389139,0.76400733,-0.5437855,-0.34726077
1356625705136,-0.24515605,0.2815404,-0.92770344,0.5917667,0.8014187,0.086834416,0.7679263,-0.52769595,-0.3630789
1356625705176,-0.25340953,0.29257601,-0.92205375,0.58330595,0.8066032,0.095631644,0.77171105,-0.5136054,-0.3750623
1356625705217,-0.260334,0.29851317,-0.9182136,0.5757923,0.81139135,0.10053505,0.7750416,-0.5025276,-0.38311434
1356625705256,-0.26445186,0.30028665,-0.9164568,0.57038575,0.8149637,0.10244143,0.7776408,-0.49564308,-0.3867979
1356625705296,-0.26373303,0.29913983,-0.9170388,0.56848216,0.81625116,0.10277173,0.7792771,-0.49421594,-0.38532805
1356625705336,-0.2564779,0.29629064,-0.9200169,0.5708417,0.8145501,0.10318866,0.7799736,-0.49871835,-0.37804914
1356625705376,-0.24232566,0.29249722,-0.9250533,0.57668495,0.8101772,0.10510638,0.7802004,-0.5079943,-0.3650055
1356625705416,-0.22169298,0.28821945,-0.93154806,0.5842892,0.80409247,0.109733775,0.7806782,-0.51996624,-0.34666514
1356625705456,-0.19503385,0.28369883,-0.9388699,0.5920378,0.7972371,0.11791599,0.7819546,-0.5328489,-0.32344866
1356625705496,-0.16225022,0.27913445,-0.94644535,0.5989741,0.7900899,0.13033779,0.7841587,-0.54574895,-0.29538655
1356625705536,-0.12284386,0.27470416,-0.95364934,0.60451514,0.7827964,0.14761871,0.78706473,-0.5583614,-0.26222456
1356625705576,-0.07729557,0.27032578,-0.95966095,0.60789305,0.77570635,0.16954525,0.7902476,-0.5702662,-0.22428787
1356625705616,-0.027833164,0.26571113,-0.9636508,0.6082061,0.7695497,0.194624,0.793291,-0.5806813,-0.18302613
1356625705682,0.022354241,0.26063326,-0.965179,0.6049553,0.7650877,0.22061256,0.7959456,-0.58882177,-0.1405685
1356625705698,0.070091486,0.25501144,-0.9643943,0.59846914,0.76270777,0.24517645,0.7980738,-0.59434503,-0.099157155
1356625705738,0.11386931,0.24912755,-0.9617532,0.5896011,0.7622015,0.26724407,0.7996276,-0.5974816,-0.060094535
1356625705777,0.15299845,0.2431496,-0.95784646,0.57944834,0.7630808,0.28626457,0.8005193,-0.59882057,-0.024142444
1356625705818,0.18728185,0.23717663,-0.9532433,0.56911874,0.7647513,0.3020916,0.80064315,-0.59908485,0.008242369
1356625705858,0.2168312,0.2312237,-0.9484302,0.55951124,0.7666985,0.3148343,0.79995716,-0.59892327,0.03687191
1356625705898,0.24174905,0.2251084,-0.9438663,0.5513106,0.7686011,0.3245135,0.7985074,-0.5988143,0.06170398
1356625705938,0.26239684,0.21860822,-0.93987143,0.5449652,0.770231,0.33129632,0.79634213,-0.5991283,0.08297235
1356625705978,0.27907622,0.21144894,-0.9366994,0.54083204,0.7714226,0.33527282,0.7934842,-0.6001637,0.10092735
1356625706018,0.2915709,0.20338336,-0.9346772,0.5391691,0.7721757,0.3362162,0.7901158,-0.6019799,0.115485966
1356625706058,0.2988202,0.19417205,-0.9343467,0.53990984,0.7729229,0.3332981,0.78689504,-0.6040591,0.12612957
1356625706098,0.2995967,0.1837995,-0.9361942,0.5422923,0.77453315,0.3256032,0.7849592,-0.6052405,0.13237453
1356625706138,0.293698,0.17275126,-0.9401587,0.54488355,0.777845,0.31314385,0.7853937,-0.60424674,0.13432223
1356625706178,0.2825897,0.16204476,-0.94545466,0.54632026,0.78296614,0.29748648,0.7884651,-0.60058767,0.13272983
1356625706218,0.26872337,0.15290633,-0.9510033,0.54617333,0.78906345,0.28120017,0.7933992,-0.59497774,0.12852645
1356625706257,0.25444582,0.14628337,-0.95595944,0.5450361,0.7948618,0.26670295,0.7988697,-0.58889383,0.12251955
1356625706298,0.24155685,0.14259931,-0.95985186,0.5437658,0.7993664,0.25560132,0.8037219,-0.58367693,0.11555183
1356625706338,0.23169592,0.1418495,-0.96239066,0.54276687,0.8021542,0.24890314,0.80729246,-0.5800236,0.108864665
1356625706378,0.22659141,0.14379843,-0.9633163,0.5420788,0.8030876,0.24738821,0.8092015,-0.57824934,0.10402268
1356625706418,0.22701246,0.1478868,-0.96259797,0.54218215,0.8018776,0.25105932,0.8090141,-0.578897,0.10185462
1356625706476,0.2316258,0.15320367,-0.9606654,0.5442561,0.7980985,0.25850344,0.8063093,-0.5827241,0.10147816
1356625706498,0.23810795,0.15883437,-0.95816296,0.5495695,0.79137826,0.26775706,0.80079836,-0.59033227,0.10114294
1356625706537,0.24480802,0.16441388,-0.95552975,0.5585282,0.78165776,0.27759218,0.7925373,-0.6016471,0.099526286
1356625706573,0.2506255,0.17014308,-0.95301527,0.57043576,0.7694254,0.28738064,0.78217,-0.6156589,0.09578192
1356625706617,0.25393644,0.17652828,-0.95097524,0.58461595,0.7552656,0.29630736,0.77054554,-0.6311985,0.08858824
1356625706682,0.2533126,0.18459672,-0.9496088,0.5997405,0.7402479,0.30388218,0.75904155,-0.646496,0.07680398
1356625706698,0.24809209,0.1953774,-0.94882977,0.61439234,0.725531,0.31004322,0.7489809,-0.65987307,0.059960127
1356625706738,0.23906147,0.20995858,-0.9480333,0.6270311,0.71210104,0.31582302,0.7414053,-0.6699474,0.038585365
1356625706778,0.22754914,0.22891016,-0.9464785,0.63672054,0.7004243,0.322479,0.73675525,-0.6760221,0.0136291385
1356625706818,0.2140435,0.25187916,-0.94379145,0.643595,0.6904584,0.33023122,0.7348271,-0.6781033,-0.014320016
1356625706858,0.19683537,0.27747065,-0.94035417,0.64859647,0.6824017,0.337121,0.7352404,-0.67626774,-0.045645654
1356625706898,0.1726914,0.30374867,-0.9369709,0.65242225,0.6773862,0.33984286,0.73791796,-0.6699886,-0.08119357
1356625706938,0.13779542,0.3282952,-0.9344703,0.6547053,0.6777673,0.33465284,0.7432183,-0.65791625,-0.12154341
1356625706978,0.09049681,0.3487094,-0.9328516,0.65381724,0.6857616,0.31977203,0.75122124,-0.63885283,-0.16593295
1356625707018,0.032479644,0.3629079,-0.9312588,0.64787114,0.7018451,0.2961021,0.76105714,-0.612953,-0.21232182
1356625707058,-0.03111097,0.36976403,-0.92860466,0.6361188,0.7239389,0.26695567,0.7709636,-0.5823977,-0.25773633
1356625707088,-0.0889748,0.37022188,-0.92467254,0.6215365,0.74606735,0.23890556,0.7783161,-0.55346113,-0.29648763
1356625707128,-0.14148718,0.36628762,-0.91968185,0.60475975,0.7674965,0.21263738,0.78373903,-0.5261012,-0.33010697
1356625707168,-0.18450046,0.3577065,-0.91542655,0.58898914,0.7858791,0.18837704,0.7867983,-0.50442064,-0.3556803
1356625707208,-0.21206886,0.34734115,-0.9134445,0.5781357,0.7981852,0.16929102,0.7878996,-0.49219352,-0.37008053
1356625707248,-0.22094622,0.33716395,-0.91515195,0.5749057,0.80300665,0.15704677,0.7878237,-0.4914272,-0.3712588
1356625707288,-0.21086597,0.3281731,-0.9207811,0.5798433,0.80033654,0.15245718,0.7869671,-0.5017607,-0.35905272
1356625707328,-0.18509513,0.31986642,-0.92920685,0.5904281,0.79205817,0.15504345,0.7855791,-0.51993203,-0.33546424
1356625707368,-0.14700651,0.31180418,-0.93870497,0.60258263,0.78081506,0.16499092,0.78439987,-0.5413926,-0.30267268
1356625707408,-0.09829706,0.3041081,-0.94755256,0.6123681,0.7690324,0.18328801,0.784438,-0.5622343,-0.26181972
1356625707448,-0.040731553,0.2969354,-0.9540285,0.6168605,0.7586027,0.20977396,0.7860179,-0.579958,-0.2140668
1356625707488,0.022103578,0.29016125,-0.95672244,0.61472887,0.7507316,0.24188931,0.7884287,-0.5934715,-0.16177666
1356625707528,0.08476758,0.2833607,-0.95525974,0.6064608,0.74600446,0.27510476,0.7905819,-0.60264754,-0.10861015
1356625707568,0.1421552,0.2761313,-0.950549,0.59389865,0.7444535,0.3050792,0.79188144,-0.60789835,-0.058166087
1356625707608,0.19120082,0.2682594,-0.9441817,0.5792317,0.74574363,0.3291764,0.7924222,-0.6098387,-0.0127975345
1356625707648,0.23094508,0.25969982,-0.93766755,0.5643304,0.7493019,0.34652257,0.79258794,-0.60918194,0.026491106
1356625707686,0.26154053,0.25042477,-0.9321395,0.5508758,0.7542804,0.35720715,0.79254806,-0.60691726,0.05932194
1356625707727,0.28442603,0.2406476,-0.92800367,0.54001135,0.75959927,0.36248687,0.7921425,-0.60423315,0.08609736
1356625707766,0.3014191,0.23060681,-0.92518485,0.5324595,0.764214,0.3639558,0.79096985,-0.6023267,0.10755992
1356625707806,0.3139269,0.22068085,-0.92344457,0.52847856,0.76740247,0.36304796,0.78877145,-0.6019912,0.124283195
1356625707846,0.32207596,0.21106909,-0.9228851,0.52778995,0.7692515,0.3601247,0.785942,-0.603077,0.13635725
1356625707888,0.32504353,0.20191653,-0.923892,0.52935106,0.77070963,0.35467476,0.7836672,-0.60434794,0.14362943
1356625707928,0.32164988,0.19329341,-0.92691916,0.53172493,0.7731327,0.34573755,0.7834603,-0.60407245,0.14589912
1356625707968,0.31140712,0.1853588,-0.9320234,0.5335931,0.7774657,0.33290452,0.7863231,-0.6009902,0.14320219
1356625708008,0.29564908,0.17857006,-0.9384585,0.5339968,0.7836703,0.31734562,0.7921105,-0.5949568,0.13633555
1356625708048,0.2779045,0.17374389,-0.94476557,0.5327619,0.7905106,0.30208898,0.79933333,-0.587287,0.12712234
1356625708088,0.26202857,0.17172337,-0.949659,0.5312671,0.7958438,0.29049602,0.80566514,-0.5806408,0.117302835
1356625708128,0.25039434,0.17313997,-0.95253617,0.53211105,0.7973351,0.28480616,0.80880183,-0.57816887,0.107518494
1356625708168,0.24309635,0.17807803,-0.95351577,0.5376017,0.79348373,0.2852507,0.8073962,-0.5819552,0.097157955
1356625708208,0.23992229,0.18676983,-0.95265645,0.5478469,0.78407854,0.29169267,0.80143684,-0.5918935,0.085796654
1356625708248,0.2404314,0.1993122,-0.9499828,0.5613099,0.76991034,0.30359393,0.79191154,-0.6062283,0.07323474
1356625708288,0.24369955,0.21589816,-0.945515,0.575355,0.7526419,0.3201512,0.78075427,-0.62202746,0.059200406
1356625708328,0.2477856,0.23626125,-0.9395653,0.58830917,0.73383266,0.33967924,0.76973677,-0.6369225,0.042838514
1356625708368,0.2517654,0.26076323,-0.9319961,0.59865665,0.71469903,0.3616842,0.76041067,-0.6490053,0.023828864
1356625708408,0.25501594,0.2892335,-0.92266506,0.60579664,0.69593567,0.38559568,0.75364274,-0.65728045,0.0022580028
1356625708448,0.2568407,0.32107455,-0.9115613,0.61016434,0.6775855,0.41058186,0.74948806,-0.6616564,-0.021876693
1356625708489,0.25546694,0.35507387,-0.8992548,0.61320066,0.6595964,0.43464652,0.7474768,-0.66246146,-0.049226463
1356625708528,0.2478463,0.3896324,-0.88699424,0.6165622,0.642774,0.45463467,0.74727726,-0.65956664,-0.0809235
1356625708569,0.22907782,0.4229787,-0.8767054,0.6212593,0.62983423,0.46620357,0.7493732,-0.65145826,-0.118498385
1356625708608,0.19659573,0.45359832,-0.86925185,0.62634176,0.623984,0.46726874,0.7543515,-0.6363117,-0.16143495
1356625708648,0.14943135,0.4797146,-0.86460644,0.6298291,0.6278957,0.45723337,0.76222414,-0.6128792,-0.20831084
1356625708686,0.09100771,0.4996497,-0.86143357,0.6295845,0.6413513,0.43851098,0.7715834,-0.5822531,-0.25620383
1356625708725,0.030959904,0.5120277,-0.8584108,0.62531143,0.6600752,0.41627663,0.7797609,-0.549662,-0.29974097
1356625708766,-0.025351256,0.51727456,-0.8554439,0.61783224,0.680834,0.39338082,0.7859011,-0.5185482,-0.33684886
1356625708806,-0.07252464,0.51586676,-0.85359323,0.60913026,0.7005973,0.37164992,0.789747,-0.49299574,-0.36504066
1356625708846,-0.10496679,0.5092209,-0.85421085,0.6016466,0.716447,0.35316437,0.7918354,-0.4768625,-0.38157415
1356625708886,-0.11821562,0.498852,-0.858587,0.59776235,0.7261813,0.33961868,0.7929094,-0.47308278,-0.38404095
1356625708926,-0.11133206,0.48585668,-0.8669189,0.59869975,0.7290598,0.33170822,0.79319847,-0.48209444,-0.37205005
1356625708966,-0.086746156,0.47080034,-0.87796474,0.6034985,0.72601265,0.3296896,0.7926315,-0.50125116,-0.3471061
1356625709006,-0.048134744,0.45399323,-0.889704,0.60909283,0.71929955,0.334087,0.79163694,-0.5258311,-0.31114727
1356625709046,0.0010888577,0.43578494,-0.90005016,0.6118847,0.7116018,0.3452825,0.79094625,-0.55110294,-0.26587528
1356625709086,0.057038724,0.4165946,-0.90730125,0.60951376,0.7052332,0.36213136,0.7907209,-0.5736681,-0.21369451
1356625709126,0.11502522,0.3969904,-0.91058654,0.60162735,0.70158446,0.3818688,0.7904516,-0.59175825,-0.15814036
1356625709166,0.17012012,0.37767306,-0.910177,0.5895307,0.701115,0.40111238,0.78962815,-0.6048146,-0.10337615
1356625709206,0.22938633,0.37219942,-0.89936066,0.57086277,0.69694513,0.43403137,0.7883512,-0.6129724,-0.052605093
1356625709246,0.26298335,0.34680894,-0.90031296,0.5578188,0.70672435,0.43517688,0.78719634,-0.6166557,-0.007599771
1356625709286,0.2920066,0.3272147,-0.8987006,0.54396796,0.7160507,0.43745893,0.78665817,-0.6166052,0.031097233
1356625709325,0.31616428,0.31230035,-0.8958285,0.53024775,0.724836,0.43982968,0.78668773,-0.61406946,0.06357068
1356625709366,0.3362429,0.3012449,-0.892296,0.51770306,0.7323442,0.44232965,0.78671736,-0.6106746,0.09029013
1356625709406,0.3532815,0.2934069,-0.88831556,0.50737166,0.73767513,0.4454318,0.78598106,-0.60806894,0.11174065
1356625709446,0.36768353,0.28827977,-0.88414,0.5001819,0.7402009,0.44935593,0.78398144,-0.6074516,0.12796736
1356625709486,0.3788022,0.2854834,-0.88034546,0.49638996,0.7401569,0.45361295,0.78109276,-0.6088242,0.13866198
1356625709526,0.38517475,0.28482342,-0.87779045,0.49504727,0.73896825,0.45700568,0.77882516,-0.6105748,0.14363086
1356625709566,0.3852567,0.28632522,-0.87726575,0.49441504,0.73864704,0.45820782,0.7791862,-0.610261,0.14300525
1356625709606,0.37858227,0.29013395,-0.8789186,0.49288034,0.7405642,0.4567643,0.7834185,-0.6061245,0.13736314
1356625709646,0.36660805,0.29631606,-0.8819271,0.48966643,0.74456155,0.45371237,0.79109126,-0.5981847,0.12786627
1356625709690,0.3521111,0.30479497,-0.8849395,0.48538184,0.74894947,0.45108673,0.80026394,-0.5883662,0.11577147
1356625709728,0.3399524,0.31532592,-0.88600326,0.48196393,0.7505728,0.45205227,0.80755377,-0.5806979,0.10318333
1356625709768,0.33163488,0.32678562,-0.88500255,0.4824401,0.74740833,0.45676285,0.8107218,-0.5784392,0.09021217
1356625709808,0.3281951,0.33884904,-0.8817422,0.48799732,0.7384137,0.46540716,0.80879325,-0.5830322,0.07698631
1356625709846,0.32863566,0.35067922,-0.8769394,0.49859107,0.72416604,0.47643515,0.8021257,-0.5938077,0.06314123
1356625709886,0.33040345,0.3617738,-0.87175304,0.5132135,0.70628583,0.48761886,0.79211456,-0.6085064,0.04769206
1356625709926,0.3303304,0.3722207,-0.8673717,0.5304083,0.6869279,0.49678683,0.7807361,-0.62416494,0.029484212
1356625709966,0.3260902,0.38261274,-0.8644493,0.5486196,0.66809607,0.502657,0.7698582,-0.6381654,0.007950723
1356625710006,0.31676775,0.39375162,-0.8629124,0.56656855,0.6510774,0.50507253,0.76069593,-0.6488897,-0.016846955
1356625710046,0.3024273,0.40630192,-0.8622392,0.5835584,0.6363258,0.50452864,0.75365597,-0.65575016,-0.0446586
1356625710086,0.2829245,0.42060825,-0.86199915,0.5996106,0.62388957,0.50122744,0.74861264,-0.65867335,-0.07568747
1356625710126,0.25671434,0.43678862,-0.8621563,0.61489195,0.6144174,0.4943675,0.7456579,-0.6570442,-0.11084801
1356625710166,0.22087806,0.45470244,-0.8628201,0.6287592,0.60989946,0.48237386,0.7455701,-0.6490519,-0.15118492
1356625710206,0.17252168,0.47356883,-0.86369485,0.63942635,0.6131276,0.46390575,0.7492464,-0.63230306,-0.1970346
1356625710246,0.11184013,0.49140543,-0.8637201,0.6445704,0.6256502,0.43942097,0.75632054,-0.60587335,-0.24677259
1356625710286,0.043273896,0.5053969,-0.8618012,0.64287525,0.64621055,0.41124624,0.76474756,-0.5718269,-0.29694307
1356625710326,-0.02578044,0.51310617,-0.85793793,0.63516396,0.6711306,0.38229632,0.771947,-0.5350755,-0.3432086
1356625710366,-0.08649433,0.51336503,-0.85380036,0.62425196,0.69583225,0.3551436,0.7764202,-0.5022686,-0.3806547
1356625710406,-0.13035673,0.5064998,-0.8523292,0.6139652,0.71624213,0.3317287,0.77849466,-0.48005742,-0.40434027
1356625710446,-0.15195507,0.49368382,-0.8562628,0.60784996,0.7298022,0.3129012,0.77937675,-0.4729324,-0.41098285
1356625710486,-0.15089244,0.47614926,-0.8663217,0.6074472,0.7360438,0.29874298,0.779897,-0.48116663,-0.400299
1356625710526,-0.1304664,0.45477554,-0.88099813,0.611342,0.73646086,0.28963155,0.78053796,-0.500804,-0.37410676
1356625710566,-0.094691485,0.43037993,-0.89766735,0.61621124,0.7335471,0.286692,0.7818678,-0.5260054,-0.33466566
1356625710606,-0.047361195,0.4039351,-0.9135608,0.6187787,0.72983104,0.2906192,0.78413635,-0.5515279,-0.28451216
1356625710646,0.007556647,0.37660623,-0.92634267,0.61721414,0.72709334,0.30063602,0.78675896,-0.5740236,-0.22695225
1356625710690,0.0676496,0.349432,-0.93451643,0.6109512,0.72600114,0.31569123,0.7887726,-0.5923003,-0.1643722
1356625710728,0.12468651,0.32344714,-0.9379953,0.60176325,0.727001,0.33068198,0.78888166,-0.6056827,-0.10399139
1356625710766,0.17719564,0.30000186,-0.937337,0.59052247,0.72950494,0.34511694,0.7873277,-0.6146717,-0.04789275
1356625710807,0.22204667,0.2791655,-0.9342172,0.5785503,0.73351437,0.35670185,0.7848406,-0.61969614,0.0013631582
1356625710843,0.25803176,0.2612492,-0.9301443,0.56696665,0.73859346,0.36473086,0.78228414,-0.62147295,0.042460978
1356625710887,0.28582194,0.24638322,-0.9260676,0.55642736,0.7441126,0.36970955,0.7801888,-0.6209604,0.07558936
1356625710926,0.30680114,0.23443437,-0.92244977,0.5475849,0.7492435,0.37253854,0.77847534,-0.6194148,0.10149604
1356625710966,0.3222897,0.22532809,-0.91943276,0.5408454,0.7533014,0.37419683,0.776927,-0.61787075,0.120913625
1356625711006,0.33244616,0.2189972,-0.91734385,0.53615767,0.756317,0.37485927,0.77589595,-0.61646146,0.13401765
1356625711046,0.33661664,0.2154687,-0.9166583,0.53243226,0.7593607,0.374015,0.7766627,-0.6139581,0.14089096
1356625711087,0.33432215,0.2148138,-0.9176512,0.5280318,0.7638132,0.37117624,0.7806479,-0.6086415,0.14193118
1356625711125,0.325977,0.2171263,-0.92010605,0.52213544,0.7700086,0.3666895,0.7881075,-0.59995234,0.13763577
1356625711166,0.31282672,0.22245255,-0.92339283,0.51540387,0.7768467,0.3617568,0.79780847,-0.5890875,0.12836552
1356625711206,0.29728836,0.23078164,-0.92647684,0.50913,0.7825634,0.35830322,0.8077166,-0.57821655,0.11514914
1356625711246,0.28274277,0.24194884,-0.9281795,0.5042727,0.78565407,0.35840857,0.81594455,-0.56939304,0.10012984
1356625711286,0.27254912,0.25572222,-0.9275361,0.50165755,0.7848532,0.3637926,0.8210096,-0.5644568,0.085626066
1356625711326,0.26858595,0.27182472,-0.92410654,0.50226367,0.7790978,0.3751505,0.82194453,-0.5649053,0.072727025
1356625711366,0.27115387,0.2900184,-0.9178044,0.5063403,0.76795346,0.39225873,0.8185933,-0.5710839,0.061385512
1356625711406,0.27938613,0.31002638,-0.90875024,0.5129444,0.75187767,0.4142078,0.8116843,-0.5818622,0.051037908
1356625711446,0.2912445,0.33155042,-0.89735776,0.52069336,0.7319653,0.43943733,0.80253035,-0.59523195,0.04054475
1356625711486,0.30366272,0.3544135,-0.88440937,0.5285048,0.7096885,0.46585932,0.792762,-0.60887873,0.028196692
1356625711526,0.31360254,0.3785414,-0.8708386,0.5358545,0.68656766,0.49141097,0.783909,-0.62075055,0.012466252
1356625711566,0.31932858,0.4038006,-0.8573064,0.5427312,0.66367865,0.5147558,0.77683467,-0.62966317,-0.007223606
1356625711606,0.32052732,0.42981592,-0.84410936,0.5496167,0.6413903,0.53529435,0.7714816,-0.635513,-0.030650854
1356625711646,0.31731004,0.45592323,-0.83153373,0.55736935,0.61974996,0.5524938,0.7672377,-0.6387832,-0.05746472
1356625711690,0.30741435,0.4815271,-0.82074845,0.567407,0.59964764,0.5643332,0.7639016,-0.63918257,-0.08888155
1356625711728,0.29019123,0.5060175,-0.812241,0.57885987,0.58306235,0.5700523,0.76204354,-0.6355979,-0.12371361
1356625711768,0.25947547,0.528897,-0.8080474,0.591636,0.5742589,0.56585646,0.76330817,-0.6248958,-0.16390836
1356625711808,0.21363935,0.54935044,-0.80781955,0.6033092,0.57618785,0.55138516,0.7683595,-0.6051625,-0.20833182
1356625711848,0.1550771,0.5655338,-0.81001395,0.61102206,0.5893802,0.5284723,0.7762751,-0.57689035,-0.25415426
1356625711888,0.09049234,0.5753707,-0.81287116,0.6130449,0.6110654,0.5007743,0.7848484,-0.5436428,-0.2974314
1356625711928,0.02819115,0.5778477,-0.8156577,0.6099427,0.63652486,0.47202337,0.79194397,-0.5108113,-0.3345096
1356625711968,-0.024563551,0.573401,-0.8189066,0.60426676,0.6610898,0.4447718,0.79640335,-0.48391286,-0.36272585
1356625712008,-0.06233275,0.56340677,-0.8238248,0.59913284,0.68128085,0.42059025,0.7982195,-0.46736398,-0.3800217
1356625712048,-0.08171028,0.5494308,-0.8315342,0.59701246,0.69505703,0.4005893,0.79805976,-0.46370405,-0.3848104
1356625712088,-0.081980646,0.5326688,-0.8423438,0.5990912,0.7017819,0.38547623,0.7964729,-0.4730391,-0.37664974
1356625712128,-0.06658313,0.5136368,-0.85542023,0.6042981,0.70296234,0.37505683,0.7939712,-0.49195638,-0.3571952
1356625712168,-0.03877276,0.4930306,-0.8691476,0.60987943,0.70068145,0.37026018,0.7915452,-0.51571923,-0.3278566
1356625712208,-4.8011588E-4,0.47143573,-0.8819003,0.6124708,0.6972748,0.37240744,0.790493,-0.53995943,-0.28907543
1356625712248,0.0456689,0.44932467,-0.89220047,0.6097087,0.6949442,0.3811926,0.79130876,-0.561391,-0.2422198
1356625712288,0.09639773,0.4273237,-0.898945,0.6011455,0.69483054,0.394759,0.7933042,-0.57845056,-0.18990362
1356625712329,0.14688739,0.40598014,-0.9020001,0.5884219,0.6971319,0.40959355,0.7950999,-0.5909207,-0.13648772
1356625712368,0.19346043,0.38589355,-0.9020306,0.5737729,0.70128167,0.42307043,0.79583776,-0.59940815,-0.08574504
1356625712408,0.23412967,0.36743298,-0.90009797,0.55879,0.7067655,0.43386203,0.79557335,-0.6045458,-0.039843142
1356625712448,0.26791617,0.35080492,-0.8973053,0.5443552,0.7133262,0.4414104,0.79492027,-0.6067138,1.4913082E-4
1356625712488,0.29459646,0.33624208,-0.8945133,0.5309571,0.7206801,0.44576305,0.79454225,-0.60626847,0.03377968
1356625712528,0.31453753,0.32393456,-0.8922626,0.5189611,0.7283763,0.44737834,0.79482424,-0.60376686,0.0609923
1356625712568,0.32877544,0.31389642,-0.89071643,0.50864565,0.7358134,0.44705516,0.7957301,-0.6000398,0.082255304
1356625712608,0.33879414,0.30591425,-0.88973874,0.50038147,0.7422501,0.44573894,0.7967666,-0.5962225,0.09839618
1356625712648,0.34574905,0.29967776,-0.8891854,0.49451128,0.7471539,0.4440943,0.7974435,-0.5932574,0.11013371
1356625712689,0.3499119,0.29489255,-0.88915694,0.49112618,0.7505119,0.4421843,0.7977197,-0.59141374,0.117783606
1356625712728,0.35102156,0.29145014,-0.8898543,0.4894784,0.7530309,0.43972194,0.79824483,-0.58991635,0.12167156
1356625712768,0.34805417,0.28944921,-0.8916711,0.4886312,0.75571316,0.4360472,0.80006117,-0.58746636,0.121595204
1356625712808,0.3410012,0.28923297,-0.8944621,0.48740202,0.7592147,0.43131468,0.8038392,-0.5830415,0.1179204
1356625712848,0.33170944,0.29115927,-0.8973267,0.4850381,0.76319236,0.4269373,0.8091396,-0.57685673,0.11193478
1356625712888,0.3226181,0.29538053,-0.8992597,0.48183876,0.7664958,0.42463583,0.814708,-0.57029337,0.10495967
1356625712928,0.31650966,0.3020236,-0.8992238,0.4792391,0.7671715,0.42635402,0.81862783,-0.56588835,0.09807569
1356625712968,0.3152148,0.31079233,-0.89668703,0.47911996,0.76348597,0.43305102,0.81919694,-0.5661248,0.09175527
1356625713008,0.31928653,0.32107309,-0.89160985,0.48284754,0.75445205,0.44459012,0.81542283,-0.5724633,0.085857034
1356625713048,0.32750982,0.33209062,-0.8845638,0.49100405,0.74003965,0.45962638,0.8072499,-0.58485657,0.079312444
1356625713088,0.33672675,0.34320033,-0.8768288,0.50358546,0.7212024,0.4756774,0.79562354,-0.60173154,0.07001746
1356625713128,0.34273154,0.35428992,-0.8700654,0.5195203,0.70017016,0.4897554,0.7827093,-0.61987126,0.055909574
1356625713168,0.34199008,0.36570776,-0.86562157,0.537311,0.6796236,0.4994084,0.77093434,-0.63590074,0.035925746
1356625713208,0.33249813,0.3781206,-0.8639848,0.5557627,0.6615847,0.50342184,0.76195323,-0.6475573,0.009830356
1356625713248,0.31413335,0.39209703,-0.8646272,0.5740438,0.64694005,0.5019384,0.7561706,-0.6540095,-0.021855474
1356625713288,0.28676572,0.4077381,-0.8668996,0.5919884,0.6360376,0.49498078,0.7532033,-0.655138,-0.058982432
1356625713328,0.25039008,0.4245609,-0.87008786,0.60910034,0.6294819,0.48244104,0.7525301,-0.6507693,-0.100984156
1356625713367,0.20297459,0.44153288,-0.8739852,0.6245958,0.6290191,0.46283364,0.7541096,-0.63983095,-0.14810473
1356625713408,0.14357632,0.4569844,-0.87781036,0.6365514,0.6365184,0.43548438,0.75775206,-0.62129664,-0.19950509
1356625713448,0.07349688,0.46861035,-0.8803423,0.6424152,0.65294784,0.40120035,0.76282424,-0.5950323,-0.25305283
1356625713488,-0.002275438,0.4741053,-0.88046527,0.64028364,0.67701054,0.36289608,0.7681352,-0.56292176,-0.30510235
1356625713528,-0.075647235,0.47220248,-0.8782382,0.6307059,0.70484906,0.32465038,0.7723261,-0.5293511,-0.3511408
1356625713569,-0.13703084,0.46336326,-0.87550956,0.61737555,0.7311355,0.29032445,0.7746418,-0.5007348,-0.3862573
1356625713608,-0.17804104,0.44934082,-0.87543947,0.60598767,0.7510083,0.26223177,0.77529377,-0.48381752,-0.40600532
1356625713648,-0.19391748,0.43262756,-0.88047105,0.60144365,0.761478,0.24169551,0.7750235,-0.4826848,-0.40786505
1356625713689,-0.18530512,0.41425097,-0.89109933,0.604759,0.7628182,0.22885579,0.77455056,-0.4964922,-0.3918761
1356625713728,-0.16015431,0.39418015,-0.904971,0.6116946,0.7591815,0.22242564,0.77471304,-0.5179435,-0.36270404
1356625713768,-0.11856556,0.37405407,-0.9197966,0.61873263,0.75233364,0.22619468,0.776603,-0.54228926,-0.32064033
1356625713808,-0.06564209,0.35337508,-0.9331758,0.6217857,0.7459172,0.23872593,0.78043175,-0.56456494,-0.26868713
1356625713851,-0.007619679,0.33248758,-0.94307685,0.6190875,0.74219567,0.2566637,0.7852851,-0.5818914,-0.2114942
1356625713886,0.049571395,0.3119802,-0.9487945,0.6110953,0.74192315,0.275885,0.7900033,-0.5934799,-0.15387148
1356625713926,0.10121092,0.29226214,-0.9509675,0.5993917,0.7449995,0.29275465,0.79403144,-0.59963197,-0.0997774
1356625713966,0.14395526,0.27350563,-0.9510371,0.58587635,0.75095844,0.30464777,0.79751223,-0.6010457,-0.052136064
1356625714006,0.17625725,0.25587717,-0.95050526,0.5722703,0.7590302,0.31045097,0.8008995,-0.5986652,-0.0126463175
1356625714045,0.19813952,0.23955601,-0.95044917,0.5599209,0.7682247,0.3103536,0.80450565,-0.59366965,0.018083215
1356625714086,0.21086323,0.22470182,-0.951339,0.5496895,0.77751017,0.30548236,0.80831814,-0.587356,0.040432096
1356625714126,0.21666399,0.21142188,-0.953078,0.5420425,0.7859055,0.2975609,0.81194013,-0.5810795,0.05567777
1356625714166,0.2182486,0.19974466,-0.95523286,0.5373021,0.7925182,0.28848124,0.814662,-0.5762092,0.065642774
1356625714206,0.2179018,0.18956129,-0.9573846,0.5355901,0.79682326,0.2796712,0.81588113,-0.5737066,0.07210207
1356625714246,0.2166619,0.18059833,-0.95939666,0.5362452,0.7991908,0.27154195,0.81578106,-0.57330465,0.076309204
1356625714286,0.21399671,0.17246749,-0.96148866,0.5375114,0.8010866,0.26332822,0.81565124,-0.57316244,0.07872665
1356625714326,0.20839041,0.16480714,-0.9640602,0.5373547,0.8043077,0.25365138,0.8172046,-0.5709008,0.07905012
1356625714366,0.19898546,0.1574984,-0.96726364,0.5347032,0.8096947,0.24184074,0.8212778,-0.5653218,0.07690257
1356625714406,0.18685699,0.150835,-0.9707384,0.53015184,0.8164198,0.22890532,0.827057,-0.5574114,0.072588265
1356625714446,0.17432037,0.14543642,-0.97388947,0.5258453,0.82244873,0.21694405,0.83252573,-0.54993296,0.066892505
1356625714486,0.1635463,0.14200002,-0.9762626,0.5245029,0.8256218,0.20795517,0.83555335,-0.5460628,0.060547948
1356625714526,0.15604267,0.14114097,-0.97761434,0.52813315,0.8244593,0.2033279,0.8347011,-0.54803836,0.054109633
1356625714566,0.1523737,0.14331228,-0.9778772,0.5375217,0.8182817,0.20367993,0.82936877,-0.5566657,0.04765117
1356625714606,0.15154853,0.14879398,-0.9771865,0.5522502,0.8071712,0.20855276,0.8197883,-0.5712573,0.0401541
1356625714646,0.1512177,0.15779185,-0.97582525,0.5707165,0.79208654,0.21652155,0.80710334,-0.5896614,0.029723108
1356625714690,0.14914414,0.17053466,-0.9739989,0.59073555,0.77454746,0.22607003,0.79296124,-0.60909283,0.014778316
1356625714728,0.14471895,0.18735987,-0.97157234,0.61021066,0.7560554,0.2366921,0.77890915,-0.62711763,-0.0049134493
1356625714768,0.1378198,0.2081553,-0.9683373,0.6282228,0.7374699,0.24794026,0.76572967,-0.6425026,-0.029129922
1356625714808,0.1272957,0.2323459,-0.96426713,0.64469683,0.71942055,0.25845695,0.7537651,-0.65456045,-0.058213532
1356625714847,0.11008471,0.25857174,-0.9596989,0.6592482,0.70360786,0.26519382,0.7438233,-0.6618736,-0.09300649
1356625714886,0.07916534,0.2840677,-0.95553035,0.6704343,0.69420046,0.26192266,0.7377334,-0.66135556,-0.13549215
1356625714926,0.028296892,0.30575126,-0.9516909,0.6747857,0.69656414,0.24384992,0.7374711,-0.64908755,-0.18660593
1356625714966,-0.044012964,0.3198784,-0.94643575,0.6676438,0.714154,0.21032326,0.7431788,-0.622625,-0.24499685
1356625715006,-0.1296491,0.32387096,-0.9371759,0.6463656,0.74434537,0.16781387,0.75193256,-0.5840013,-0.30584276
1356625715065,-0.21312612,0.3183297,-0.9237118,0.61461353,0.7786163,0.1265183,0.75949156,-0.54076135,-0.3615932
1356625715086,-0.279216,0.3072693,-0.9097384,0.5823369,0.8074941,0.094005495,0.7634934,-0.50352645,-0.4043995
1356625715127,-0.31978187,0.2955507,-0.9002163,0.5596503,0.82557416,0.072241515,0.76454633,-0.48070475,-0.42940867
1356625715163,-0.33472326,0.28611508,-0.89782995,0.55080783,0.83247703,0.05994016,0.76457256,-0.47446835,-0.43624383
1356625715207,-0.32575345,0.2805648,-0.9028666,0.5550308,0.8298321,0.05761479,0.7653923,-0.4823506,-0.4260428
1356625715246,-0.2966692,0.27841654,-0.9134942,0.5670135,0.8210523,0.0660969,0.76842904,-0.4983546,-0.40144688
1356625715286,-0.24851555,0.27989206,-0.92730814,0.58154464,0.8087143,0.08824444,0.7746262,-0.51734096,-0.36374778
1356625715326,-0.18542743,0.2833787,-0.9409108,0.59291816,0.79583836,0.12283875,0.78362274,-0.53510547,-0.31559062
1356625715366,-0.113738656,0.28674662,-0.9512307,0.5973124,0.78481823,0.16516128,0.7939027,-0.54939663,-0.2605415
1356625715406,-0.040971726,0.2877334,-0.9568337,0.59396863,0.7770692,0.20824184,0.80344415,-0.5597972,-0.20274246
1356625715446,0.026336255,0.2846664,-0.95826477,0.58491576,0.7729841,0.24570143,0.8106664,-0.566975,-0.14614832
1356625715486,0.08393878,0.27676296,-0.95726514,0.57324696,0.7723646,0.2735706,0.81507194,-0.5717125,-0.09382218
1356625715526,0.12920445,0.26378477,-0.9558889,0.56184465,0.7748338,0.28976393,0.81709033,-0.5744999,-0.048094094
1356625715566,0.16100696,0.24598773,-0.95580685,0.5530049,0.77965546,0.2938076,0.81747305,-0.575871,-0.010502458
1356625715606,0.18016541,0.22411881,-0.9577637,0.5481842,0.78559154,0.2869494,0.8167218,-0.5767293,0.01867801
1356625715646,0.1893242,0.1994095,-0.96145314,0.5477159,0.7912308,0.27195793,0.8149623,-0.5780914,0.04057938
1356625715690,0.19146055,0.1732799,-0.96608335,0.55105364,0.7955415,0.2519,0.8122086,-0.58059263,0.05682832
1356625715728,0.18787345,0.14624362,-0.97124475,0.55649775,0.7989675,0.22794981,0.8093292,-0.5833213,0.06872052
1356625715768,0.18000412,0.12066005,-0.9762375,0.56154233,0.8022376,0.20269449,0.80763155,-0.58468455,0.07665032
1356625715808,0.1674825,0.09662378,-0.9811287,0.5637144,0.80706394,0.17570975,0.8088113,-0.58250463,0.080700874
1356625715848,0.15131903,0.07528235,-0.98561406,0.5618178,0.8138386,0.14841652,0.81330395,-0.5761938,0.0808543
1356625715888,0.13285229,0.057841152,-0.9894466,0.55703485,0.82135886,0.12280771,0.819794,-0.5674716,0.076899886
1356625715928,0.113999605,0.045391053,-0.99244326,0.55263317,0.8272435,0.10131501,0.825591,-0.560007,0.06922084
1356625715968,0.09676575,0.038744062,-0.9945528,0.5520079,0.8293902,0.086017966,0.82820505,-0.55732465,0.05886954
1356625716008,0.0823794,0.038302988,-0.9958646,0.5572841,0.8266601,0.07789439,0.82622516,-0.5613964,0.04675412
1356625716048,0.07061881,0.04408607,-0.9965286,0.56864595,0.8190146,0.076529846,0.8195454,-0.57207644,0.032768488
1356625716089,0.059916876,0.055799723,-0.9966426,0.584671,0.8072819,0.08034757,0.809055,-0.58752215,0.015745342
1356625716128,0.049441338,0.07353017,-0.9960667,0.6024046,0.7932738,0.08846116,0.79665816,-0.6044088,-0.005074382
1356625716168,0.03786257,0.09656307,-0.99460644,0.6196071,0.7786207,0.09918085,0.7839984,-0.6200204,-0.030350566
1356625716208,0.025870286,0.12495655,-0.9918248,0.63476914,0.7644148,0.112862945,0.7722686,-0.63249964,-0.059542954
1356625716248,0.01153484,0.15672739,-0.9875745,0.6475654,0.7513846,0.12680775,0.76192254,-0.6409818,-0.09282416
1356625716288,-0.0076821446,0.18993132,-0.9817673,0.6574393,0.74073356,0.13815692,0.7534683,-0.64439106,-0.13055873
1356625716328,-0.03666216,0.22109535,-0.9745628,0.6627134,0.73530895,0.14188604,0.74797505,-0.640654,-0.17348087
1356625716368,-0.08084774,0.24601567,-0.9658882,0.66022927,0.7391922,0.1330121,0.7467001,-0.6269539,-0.22218877
1356625716408,-0.14057016,0.26129636,-0.9549682,0.6468582,0.75445706,0.11121619,0.74954295,-0.6020953,-0.27507585
1356625716448,-0.21126306,0.26483494,-0.9408669,0.6209928,0.77971923,0.08003688,0.7548086,-0.56736267,-0.32918644
1356625716488,-0.28061408,0.2588101,-0.9242689,0.5870114,0.80815,0.04807444,0.75939006,-0.5290661,-0.37870276
1356625716528,-0.3355863,0.24855323,-0.908627,0.5547472,0.83171123,0.02262637,0.7613391,-0.49646524,-0.4169951
1356625716568,-0.36794862,0.24005899,-0.8983238,0.53424156,0.8453024,0.0070676655,0.7610519,-0.47732133,-0.4392773
1356625716608,-0.3761697,0.23709214,-0.89570284,0.52996266,0.8480188,0.001900956,0.7600236,-0.473974,-0.44464898
1356625716648,-0.36024868,0.24208573,-0.90089697,0.5415362,0.8406255,0.009341493,0.7595784,-0.4845031,-0.43393242
1356625716690,-0.31909737,0.25645724,-0.91236323,0.5647187,0.8245716,0.034270495,0.7610977,-0.50429296,-0.4079448
1356625716728,-0.25778478,0.27756137,-0.92547643,0.5899296,0.803799,0.07674816,0.7651993,-0.52618146,-0.3709488
1356625716768,-0.17469484,0.30562294,-0.9359895,0.6103863,0.7795239,0.14060953,0.7725997,-0.5467514,-0.32272685
1356625716808,-0.07888132,0.33536643,-0.9387796,0.6182337,0.7552041,0.21783924,0.7820262,-0.5632017,-0.26690632
1356625716848,0.018252939,0.3619875,-0.9320043,0.6108053,0.73395574,0.29702848,0.7915705,-0.57469475,-0.20770705
1356625716888,0.10596141,0.3820819,-0.91803354,0.5912662,0.7180786,0.36710668,0.799485,-0.5817014,-0.14982355
1356625716928,0.1793729,0.3950407,-0.9009818,0.5650338,0.70834357,0.4230677,0.8053336,-0.584972,-0.09615368
1356625716968,0.23610726,0.40089917,-0.8851741,0.53749907,0.7050046,0.46266964,0.8095357,-0.58501995,-0.04902625
1356625717008,0.27584055,0.40022823,-0.8739161,0.5130042,0.70757246,0.48597097,0.8128583,-0.58237314,-0.010141611
1356625717048,0.30016014,0.39385858,-0.8687804,0.49431732,0.714719,0.49480006,0.8158151,-0.5779724,0.019839048
1356625717088,0.31265524,0.38300687,-0.86922514,0.48228294,0.7243613,0.49264982,0.81832135,-0.57324207,0.041757703
1356625717128,0.31763998,0.36914262,-0.87340623,0.4764125,0.73427594,0.48360103,0.81983894,-0.5697127,0.0573712
1356625717168,0.3182296,0.35343468,-0.8796669,0.4757635,0.743054,0.47065896,0.8199872,-0.568291,0.06831044
1356625717208,0.31548965,0.33675343,-0.8871659,0.47896254,0.75057274,0.4552312,0.81918323,-0.56854,0.075505674
1356625717248,0.30890042,0.3194179,-0.89585304,0.4842196,0.7578888,0.43719095,0.81860363,-0.56883806,0.07944375
1356625717288,0.29823172,0.30184928,-0.90550804,0.4898109,0.76584494,0.4166135,0.8192332,-0.5677751,0.080550194
1356625717329,0.28490442,0.2852475,-0.9151302,0.49527723,0.77357846,0.3953186,0.82068866,-0.5658712,0.079119325
1356625717368,0.27165335,0.27147073,-0.9233137,0.5017433,0.7787411,0.3765846,0.8212541,-0.5655669,0.07533902
1356625717408,0.261333,0.26255813,-0.9288532,0.5106511,0.7789957,0.36386976,0.8191096,-0.56941104,0.0695017
1356625717448,0.25612113,0.26029134,-0.93094057,0.52270705,0.7728239,0.35988945,0.81312925,-0.57878447,0.06188041
1356625717488,0.25693065,0.26600367,-0.929101,0.5372067,0.7598527,0.36610493,0.8033651,-0.59318286,0.052330494
1356625717528,0.26267427,0.28001094,-0.9233613,0.5524652,0.7409267,0.38185054,0.79106534,-0.6104273,0.039926052
1356625717568,0.2709525,0.30183637,-0.91404575,0.5663712,0.7178143,0.4049274,0.77833694,-0.6274053,0.023542166
1356625717608,0.279219,0.3305282,-0.9015475,0.5773648,0.69241893,0.43267298,0.7672592,-0.64133227,0.0025011897
1356625717648,0.2863388,0.36532226,-0.88574815,0.58469087,0.66574323,0.4635974,0.7590432,-0.65063477,-0.022972465
1356625717688,0.29080352,0.40434995,-0.86714154,0.58939004,0.6382268,0.49526364,0.7536928,-0.655109,-0.052721202
1356625717728,0.29016563,0.4451904,-0.84711826,0.5936956,0.61051714,0.52420825,0.7505528,-0.6550376,-0.087156475
1356625717768,0.28082353,0.48522347,-0.8280678,0.59988004,0.58475184,0.54608536,0.7491876,-0.650095,-0.12686378
