1356626491416,0.23294353,0.26754153,-0.9349646,-0.66138124,-0.66125536,-0.3540003,-0.7129602,0.7008301,0.02291179
1356626491436,-0.56420547,-0.5539075,-0.6122569,-0.4163839,-0.44945467,0.79032576,-0.71294916,0.7008401,0.022946656
1356626491465,-0.5643324,-0.55386674,-0.61217695,-0.41627997,-0.4494487,0.790384,-0.7129095,0.7008763,0.023074806
1356626491497,-0.5646391,-0.5537288,-0.6120189,-0.41603038,-0.44948268,0.7904961,-0.71281236,0.7009635,0.023427486
1356626491538,-0.56526965,-0.55331343,-0.6118126,-0.41546592,-0.44977343,0.79062766,-0.71264184,0.70110506,0.024360359
1356626491577,-0.56538355,-0.5520275,-0.61286795,-0.41541538,-0.4513378,0.7897622,-0.7125809,0.7011133,0.025858283
1356626491618,-0.56381327,-0.54918826,-0.6168522,-0.41707605,-0.45532358,0.7865926,-0.7128548,0.7007657,0.027664244
1356626491656,-0.5597876,-0.54430264,-0.6247979,-0.421192,-0.46243536,0.7802248,-0.71360713,0.69992006,0.02960974
1356626491699,-0.5526476,-0.53674275,-0.63756394,-0.42849067,-0.47315514,0.76975316,-0.7148261,0.6985925,0.03149879
1356626491738,-0.5421984,-0.52611405,-0.6551526,-0.43926296,-0.4872021,0.75477296,-0.7162884,0.69702095,0.03305775
1356626491778,-0.52910304,-0.51289976,-0.6760058,-0.45261598,-0.50327724,0.73610514,-0.71776646,0.69544655,0.034138948
1356626491818,-0.51384735,-0.49726695,-0.6990611,-0.46803772,-0.5204127,0.71422076,-0.7189587,0.6941874,0.034672976
1356626491858,-0.49723637,-0.4800717,-0.7226943,-0.4846771,-0.53717804,0.69030994,-0.7196138,0.6935206,0.034424692
1356626491903,-0.47987592,-0.4622945,-0.745656,-0.50210446,-0.5522461,0.6655188,-0.7194513,0.6937637,0.032889515
1356626491940,-0.46245754,-0.44522917,-0.76674896,-0.51937085,-0.56485105,0.64124656,-0.7186007,0.6947764,0.02998057
1356626491981,-0.4456461,-0.43038785,-0.7849623,-0.53602403,-0.57399833,0.6190348,-0.71699214,0.6966291,0.02510196
1356626492019,-0.43069786,-0.4187369,-0.79947406,-0.5505085,-0.5800622,0.6003901,-0.7151502,0.698704,0.019313335
1356626492062,-0.41755068,-0.41030568,-0.81074077,-0.56288177,-0.58363265,0.5852666,-0.71331304,0.7007297,0.012742668
1356626492101,-0.4065253,-0.40516466,-0.8188887,-0.5726687,-0.5853757,0.5739215,-0.7118903,0.70226556,0.0059449375
1356626492140,-0.397636,-0.4028253,-0.8243891,-0.57968706,-0.5861574,0.56602335,-0.7112303,0.70295894,-4.3532252E-4
1356626492179,-0.39104182,-0.40264866,-0.82762337,-0.5839201,-0.58654135,0.56125444,-0.71142364,0.7027399,-0.005752474
1356626492220,-0.38679343,-0.4039262,-0.828996,-0.58565605,-0.58679926,0.5591722,-0.7123186,0.70179075,-0.009591669
1356626492258,-0.38437593,-0.40580773,-0.8292015,-0.5855679,-0.58721995,0.55882275,-0.7136983,0.70035183,-0.01191473
1356626492300,-0.38284898,-0.40747392,-0.82909095,-0.5845163,-0.5881341,0.55896246,-0.71537924,0.6986153,-0.013008654
1356626492341,-0.38143075,-0.40847927,-0.8292499,-0.58307654,-0.5897895,0.55872196,-0.7173092,0.6966298,-0.013210893
1356626492379,-0.37984204,-0.40876728,-0.8298369,-0.58163804,-0.5920239,0.5578574,-0.71931714,0.69456244,-0.012878984
1356626492418,-0.3783617,-0.4085374,-0.8306261,-0.58005726,-0.5946569,0.5567018,-0.721371,0.6924453,-0.011979759
1356626492458,-0.37776268,-0.4080135,-0.831156,-0.5779052,-0.59745115,0.55594754,-0.7234093,0.69034564,-0.0100982785
1356626492495,-0.3792777,-0.40791702,-0.8305132,-0.5746199,-0.59967697,0.5569556,-0.72523123,0.68847024,-0.00695312
1356626492537,-0.3860646,-0.40996552,-0.826367,-0.56813073,-0.6000929,0.56313056,-0.7267611,0.68688923,-0.0012394488
1356626492578,-0.40224308,-0.41667062,-0.8152215,-0.5555472,-0.5966792,0.5790865,-0.7277141,0.68582755,0.008529961
1356626492617,-0.43029356,-0.42972368,-0.79384196,-0.53427094,-0.5876056,0.60767937,-0.7276002,0.6856072,0.023254067
1356626492657,-0.46893424,-0.44847035,-0.760904,-0.5030383,-0.57250786,0.6474466,-0.72598416,0.6863738,0.04287082
1356626492696,-0.5133436,-0.4703886,-0.71778345,-0.46264344,-0.552764,0.6931184,-0.7227998,0.6878856,0.066135585
1356626492737,-0.5574474,-0.49222878,-0.668553,-0.416079,-0.53120565,0.73803705,-0.7184223,0.6895878,0.09131318
1356626492777,-0.5966223,-0.51145893,-0.61842674,-0.3673101,-0.51111937,0.77707165,-0.7135301,0.6907726,0.117081106
1356626492816,-0.62878156,-0.52680224,-0.57193804,-0.31987146,-0.49517822,0.8077628,-0.7087425,0.69085306,0.14284992
1356626492857,-0.6541635,-0.53792775,-0.531699,-0.27582812,-0.4848969,0.8299361,-0.7042648,0.68957144,0.16882622
1356626492896,-0.67445594,-0.54495645,-0.498128,-0.2357143,-0.48043978,0.8447581,-0.69967693,0.68716806,0.1955815
1356626492936,-0.69182163,-0.54816633,-0.46999627,-0.19910538,-0.48084652,0.85389906,-0.6940748,0.6843247,0.22351724
1356626492977,-0.70735687,-0.5454192,-0.4496266,-0.16872886,-0.48741984,0.8567102,-0.6864232,0.68186486,0.2527519
1356626493017,-0.724087,-0.5420946,-0.42641705,-0.13684134,-0.49305093,0.85917133,-0.67599744,0.68046623,0.2828308
1356626493057,-0.74180734,-0.53790194,-0.40047902,-0.10417916,-0.4974996,0.8611858,-0.6624716,0.68055546,0.3130107
1356626493096,-0.75983715,-0.53291297,-0.37235898,-0.07166058,-0.50061375,0.8626996,-0.64615184,0.6821947,0.34219614
1356626493137,-0.7772839,-0.5277184,-0.3425538,-0.039763063,-0.5021769,0.86385024,-0.62789226,0.6850779,0.36935034
1356626493176,-0.79305243,-0.5229267,-0.31243473,-0.00929752,-0.5024492,0.86455667,-0.60908234,0.6885437,0.39360675
1356626493218,-0.80610687,-0.51892567,-0.28444284,0.018256038,-0.5022429,0.8645338,-0.5914882,0.6917138,0.41433507
1356626493257,-0.81559336,-0.5158744,-0.26207066,0.040428236,-0.50261754,0.863563,-0.5772113,0.69372123,0.4307875
1356626493296,-0.8207326,-0.5138749,-0.24966103,0.053521574,-0.50423133,0.86190844,-0.56880003,0.6940341,0.4413425
1356626493338,-0.82082915,-0.51303315,-0.25107065,0.05365999,-0.5068903,0.86033875,-0.5686476,0.6927187,0.4435997
1356626493377,-0.8153522,-0.51339805,-0.26762527,0.03879866,-0.5096603,0.85950047,-0.57766384,0.6904121,0.43547174
1356626493416,-0.80437684,-0.5150174,-0.29620087,0.01055485,-0.5108633,0.85959715,-0.5940256,0.68831366,0.41636255
1356626493462,-0.7877153,-0.5181937,-0.33313632,-0.029776812,-0.5081116,0.8607764,-0.6153194,0.68796647,0.38481712
1356626493498,-0.76877594,-0.52392083,-0.3667295,-0.0709268,-0.5000583,0.86308235,-0.6355729,0.6895279,0.34727275
1356626493538,-0.74784786,-0.5314102,-0.39790308,-0.115152925,-0.48644638,0.86608875,-0.6538069,0.69352233,0.30259436
1356626493578,-0.72633356,-0.5413964,-0.4234731,-0.15887274,-0.46718073,0.86977094,-0.66872936,0.69902223,0.253316
1356626493618,-0.7059999,-0.55345446,-0.44187355,-0.19941314,-0.44333327,0.8738935,-0.67955756,0.7050842,0.20262724
1356626493658,-0.68887734,-0.56705993,-0.4515429,-0.23410697,-0.4154992,0.87895066,-0.6860334,0.7111985,0.15347528
1356626493698,-0.6767734,-0.58189124,-0.4509771,-0.26042175,-0.38374758,0.8859561,-0.6885915,0.71703583,0.10817301
1356626493738,-0.67056876,-0.5976253,-0.43952417,-0.27668262,-0.34824628,0.8956402,-0.6883199,0.722197,0.06817055
1356626493778,-0.67015046,-0.61379504,-0.41731775,-0.2819304,-0.30960476,0.90810806,-0.6865958,0.7262235,0.03443426
1356626493819,-0.6747334,-0.62959886,-0.38514924,-0.2760405,-0.2686966,0.9228237,-0.6844971,0.7289769,0.0075038075
1356626493858,-0.6831495,-0.643898,-0.34453154,-0.26003283,-0.22638088,0.9386877,-0.68241453,0.73085356,-0.012782574
1356626493898,-0.69403213,-0.65554476,-0.29762477,-0.23584767,-0.18356645,0.9542952,-0.6802171,0.7325056,-0.027207673
1356626493938,-0.70604706,-0.6637993,-0.24671438,-0.2056427,-0.14119023,0.9683885,-0.67764926,0.7344629,-0.036818564
1356626493978,-0.7181626,-0.6683737,-0.19369829,-0.17116597,-0.10013342,0.98014057,-0.6744959,0.7370548,-0.04249078
1356626494018,-0.7299074,-0.66924167,-0.13910744,-0.13298008,-0.060592353,0.98926485,-0.6704861,0.7405702,-0.04476899
1356626494058,-0.7410358,-0.6663435,-0.0827778,-0.09109795,-0.022369802,0.9955907,-0.6652571,0.74530923,-0.044125736
1356626494098,-0.75047505,-0.66037476,-0.02631256,-0.0470666,0.0136912465,0.9987979,-0.6592207,0.75081134,-0.041356504
1356626494138,-0.756284,-0.65376866,0.024921864,-0.00539729,0.04432583,0.9990026,-0.6542213,0.75539505,-0.03705156
1356626494178,-0.7567923,-0.6504591,0.06456193,0.028302848,0.0660696,0.9974135,-0.6530423,0.75666225,-0.031591058
1356626494218,-0.7517685,-0.65342844,0.088743,0.0501737,0.07750642,0.99572855,-0.6575155,0.75301,-0.025481999
1356626494258,-0.7421245,-0.6631742,0.0972178,0.059648275,0.079123855,0.9950787,-0.6676027,0.74427104,-0.019162595
1356626494298,-0.72913986,-0.67822576,0.09145957,0.058548838,0.07133174,0.9957328,-0.6818556,0.7313833,-0.012301505
1356626494338,-0.7141403,-0.69621,0.07276747,0.049453348,0.05351466,0.9973417,-0.6982535,0.7158405,-0.003786981
1356626494378,-0.6982009,-0.7147403,0.040767014,0.033828706,0.02394259,0.99914086,-0.7151023,0.6989801,0.007461965
1356626494418,-0.68200916,-0.73131144,-0.0068677664,0.0111916065,-0.019825697,0.99974084,-0.73125803,0.68175554,0.021705806
1356626494458,-0.66531116,-0.74277914,-0.075101644,-0.020796776,-0.082117796,0.9964057,-0.7462765,0.66448164,0.039186418
1356626494495,-0.6475311,-0.7428731,-0.16983256,-0.06634089,-0.1670655,0.98371136,-0.75914586,0.64825046,0.058897197
1356626494537,-0.6278847,-0.7242805,-0.2849186,-0.12055725,-0.27115053,0.95495725,-0.76891273,0.633952,0.08293402
1356626494577,-0.609745,-0.68171024,-0.4043293,-0.1744945,-0.38215756,0.90747297,-0.77315116,0.6238804,0.11406398
1356626494618,-0.60205203,-0.6228652,-0.49957216,-0.21510136,-0.47601795,0.8527241,-0.76893747,0.62084293,0.15260834
1356626494657,-0.6155431,-0.5686721,-0.54563606,-0.22979297,-0.5327505,0.8144766,-0.753858,0.6267288,0.19725403
1356626494696,-0.64711034,-0.52976745,-0.5482651,-0.22180633,-0.55720615,0.800202,-0.7294177,0.63942766,0.24306807
1356626494738,-0.6873971,-0.5067297,-0.5202982,-0.19591197,-0.5604603,0.8046755,-0.6993595,0.6550643,0.2859844
1356626494777,-0.72454023,-0.4911505,-0.48354176,-0.16498692,-0.5575752,0.81356573,-0.6691941,0.66923916,0.32295227
1356626494825,-0.75166917,-0.4746194,-0.45796287,-0.14349063,-0.5600515,0.8159368,-0.6437422,0.6790279,0.3528699
1356626494858,-0.7646904,-0.44710743,-0.4640512,-0.15024847,-0.5765749,0.8031106,-0.62663704,0.683854,0.37372413
1356626494898,-0.7586057,-0.40385908,-0.51128775,-0.19483219,-0.60821116,0.76949304,-0.62173766,0.6833572,0.3827077
1356626494938,-0.7247574,-0.3355454,-0.60177743,-0.28176418,-0.6526912,0.70328027,-0.62875724,0.67926687,0.37849808
1356626494978,-0.6528943,-0.23968259,-0.7185272,-0.3974968,-0.69907546,0.5943819,-0.64476764,0.6736808,0.36114925
1356626495018,-0.5400884,-0.124076486,-0.8324119,-0.5158672,-0.73267883,0.44391745,-0.6649703,0.66916865,0.33170444
1356626495059,-0.39519656,-0.0038405955,-0.9185886,-0.6125231,-0.7441258,0.26663172,-0.6845694,0.6680286,0.29172343
1356626495098,-0.23385644,0.10694054,-0.96637195,-0.6742654,-0.7339279,0.081950516,-0.7004836,0.67075586,0.24374016
1356626495138,-0.07487011,0.19802952,-0.9773324,-0.6985763,-0.70981365,-0.09030861,-0.71160775,0.67597985,0.1914826
1356626495178,0.063254416,0.2634349,-0.9626012,-0.69327855,-0.68221736,-0.232259,-0.71788836,0.6820421,0.13948053
1356626495218,0.17279571,0.30477253,-0.9366191,-0.67270625,-0.6580724,-0.33824116,-0.7194498,0.6885161,0.09131026
1356626495258,0.25506866,0.32705402,-0.90993166,-0.64927566,-0.6394081,-0.41182306,-0.7165061,0.69583964,0.04925534
1356626495298,0.3148244,0.33532748,-0.8879421,-0.6302577,-0.62563795,-0.45973063,-0.7096906,0.7043668,0.014376668
1356626495338,0.35357612,0.33124113,-0.8747933,-0.62021947,-0.617052,-0.48432904,-0.7002226,0.713811,-0.012732653
1356626495378,0.3696831,0.31365886,-0.87461567,-0.62277544,-0.61491984,-0.48376065,-0.68955433,0.72352725,-0.031986445
1356626495418,0.3598519,0.27973133,-0.8900882,-0.63971543,-0.62047267,-0.45362747,-0.6791692,0.7326418,-0.044329822
1356626495461,0.3196299,0.22559105,-0.9202964,-0.66935694,-0.6336905,-0.38781142,-0.67066985,0.73996294,-0.051545497
1356626495498,0.24504709,0.14795771,-0.95815474,-0.7050706,-0.65114313,-0.28087026,-0.6654528,0.74439317,-0.055240095
1356626495538,0.13917851,0.049438685,-0.98903245,-0.73508596,-0.66406244,-0.13663709,-0.66353446,0.74604076,-0.05608149
1356626495578,0.012983263,-0.06079784,-0.9980657,-0.7484653,-0.6624668,0.03061819,-0.66304684,0.74662,-0.0541061
1356626495618,-0.12618595,-0.17604932,-0.97626007,-0.73945034,-0.6393337,0.21086854,-0.6612793,0.7485045,-0.049504817
1356626495658,-0.2777862,-0.29478544,-0.91429555,-0.7011012,-0.5884394,0.40273586,-0.65672815,0.7528882,-0.043214113
1356626495698,-0.43340492,-0.41022798,-0.80241704,-0.62355846,-0.5063296,0.5956552,-0.6506419,0.7585138,-0.036355317
1356626495738,-0.56217855,-0.50221574,-0.6570651,-0.51579463,-0.40812576,0.75325245,-0.6464605,0.76237303,-0.02960056
1356626495778,-0.63516474,-0.5560778,-0.5360441,-0.421277,-0.33227664,0.8438708,-0.6473727,0.76182,-0.023212373
1356626495818,-0.6540937,-0.5775486,-0.48846605,-0.37907764,-0.3085329,0.8724148,-0.65456986,0.7558075,-0.017126441
1356626495858,-0.6304844,-0.57224584,-0.5244274,-0.39654306,-0.34334648,0.8513911,-0.6672653,0.7447469,-0.010445535
1356626495898,-0.5676278,-0.5325695,-0.62782824,-0.45923975,-0.42810005,0.77835035,-0.68329895,0.730137,-0.0015756488
1356626495938,-0.46342075,-0.44322282,-0.76732963,-0.54283625,-0.54243875,0.6411623,-0.7004071,0.71366227,0.010779947
1356626495978,-0.32471573,-0.29935047,-0.8971895,-0.61686003,-0.6520473,0.44081527,-0.7169683,0.69658,0.027072668
1356626496018,-0.17638612,-0.12247813,-0.97667146,-0.6582422,-0.723053,0.20955145,-0.7318506,0.6798483,0.046916127
1356626496058,-0.0550493,0.04392168,-0.9975172,-0.6656492,-0.74625486,0.003876388,-0.7442317,0.66420984,0.07031718
1356626496098,0.022992074,0.1744722,-0.98439366,-0.6577679,-0.73887205,-0.1463196,-0.75286967,0.65086675,0.09777406
1356626496138,0.0580073,0.26475638,-0.9625691,-0.6524861,-0.7196963,-0.23727456,-0.7555773,0.6418266,0.13100216
1356626496178,0.062865615,0.3261577,-0.94322264,-0.6590954,-0.69611365,-0.2846383,-0.7494272,0.6395677,0.17120749
1356626496218,0.047329783,0.36737782,-0.92886674,-0.6797119,-0.6695656,-0.29945543,-0.7319505,0.6455349,0.21802074
1356626496258,0.017602444,0.39370033,-0.9190703,-0.71092916,-0.64141816,-0.288379,-0.7030433,0.65847003,0.26860252
1356626496298,-0.022495389,0.4080578,-0.9126789,-0.7453737,-0.6152413,-0.25670207,-0.6662671,0.67451227,0.3179958
1356626496338,-0.065612435,0.41460568,-0.90763265,-0.7749786,-0.59415257,-0.21538535,-0.6285723,0.68926394,0.36029434
1356626496378,-0.093013525,0.4226755,-0.9014954,-0.79576385,-0.5757404,-0.18783736,-0.59842163,0.699906,0.38990155
1356626496418,-0.08239502,0.44226584,-0.8930913,-0.8085513,-0.5535626,-0.19953305,-0.5826285,0.70566964,0.40320528
1356626496460,-0.028257847,0.47315252,-0.88052726,-0.81083727,-0.5260079,-0.25662974,-0.58458924,0.7067125,0.39851344
1356626496498,0.03903073,0.49993134,-0.865185,-0.7999431,-0.5032349,-0.3268726,-0.5988052,0.7048569,0.380275
1356626496538,0.115510106,0.52121145,-0.8455744,-0.7749761,-0.48520964,-0.40494883,-0.6213449,0.7020756,0.34787983
1356626496578,0.19439268,0.53446555,-0.8225315,-0.7383195,-0.47235614,-0.48141867,-0.6458295,0.70087534,0.3027838
1356626496618,0.27163297,0.5396618,-0.79685676,-0.6934027,-0.46443582,-0.55090123,-0.66738915,0.7021856,0.24804685
1356626496658,0.34274322,0.53766346,-0.7703539,-0.6442956,-0.4622407,-0.60927564,-0.6836741,0.7051607,0.18798429
1356626496698,0.40184385,0.5293594,-0.7471948,-0.59719604,-0.46707004,-0.6520755,-0.6941746,0.70825434,0.12844208
1356626496738,0.44672722,0.5160867,-0.73081416,-0.5578356,-0.47795463,-0.6785122,-0.6994671,0.7107841,0.074376166
1356626496778,0.47816664,0.49868578,-0.7229587,-0.52995867,-0.4925844,-0.6902931,-0.70035744,0.7132133,0.028745383
1356626496818,0.49778968,0.477367,-0.7241037,-0.51533633,-0.5087307,-0.68965316,-0.6975914,0.71645916,-0.0072363317
1356626496858,0.5060593,0.45163965,-0.7347963,-0.51480865,-0.5253671,-0.677467,-0.69200873,0.721118,-0.0333589
1356626496898,0.5019655,0.42032838,-0.7558801,-0.5285402,-0.54270226,-0.6527783,-0.68459904,0.7271852,-0.050257385
1356626496938,0.48323178,0.38141,-0.7880441,-0.55561465,-0.56201977,-0.6127203,-0.676594,0.7339347,-0.05966884
1356626496978,0.44731903,0.3328101,-0.8301464,-0.59360564,-0.5837966,-0.55390775,-0.6689828,0.740553,-0.06358537
1356626497018,0.39161712,0.27205193,-0.87899023,-0.6388933,-0.607063,-0.4725356,-0.66215664,0.746634,-0.063924104
1356626497058,0.31507468,0.19789998,-0.92820454,-0.68606883,-0.62828326,-0.3668375,-0.65577245,0.75239336,-0.062183145
1356626497099,0.21586919,0.109347194,-0.9702802,-0.72861576,-0.6434841,-0.23462176,-0.6500151,0.757609,-0.059236318
1356626497138,0.09270644,0.0063635707,-0.9956731,-0.75718075,-0.6489261,-0.07464805,-0.6465933,0.7608249,-0.05534129
1356626497179,-0.04371816,-0.10358065,-0.99365973,-0.76063,-0.6413867,0.10032466,-0.6477119,0.76019347,-0.050746292
1356626497218,-0.16763079,-0.20409885,-0.96449137,-0.73714733,-0.6236703,0.26009458,-0.65460956,0.7545721,-0.045904577
1356626497259,-0.2590992,-0.28308752,-0.92343336,-0.69855666,-0.6053277,0.38157183,-0.66699797,0.7439354,-0.040912807
1356626497300,-0.3163845,-0.339395,-0.88583964,-0.6570104,-0.5951905,0.4626938,-0.6842794,0.728395,-0.03467697
1356626497339,-0.35064727,-0.37871784,-0.8565158,-0.6183035,-0.59329814,0.5154592,-0.7033828,0.7103311,-0.026124239
1356626497380,-0.37175316,-0.4052136,-0.8352254,-0.5821192,-0.59909266,0.54975003,-0.72314364,0.6905721,-0.013167977
1356626497419,-0.38484037,-0.4202623,-0.8217527,-0.55110174,-0.6095681,0.56983656,-0.740395,0.67216545,0.0029791296
1356626497465,-0.39678347,-0.42735803,-0.8123596,-0.52324325,-0.6218354,0.58269835,-0.7541747,0.6562667,0.023121744
1356626497498,-0.40940678,-0.4266342,-0.8064548,-0.49892318,-0.6353571,0.589404,-0.76384664,0.64366496,0.047261864
1356626497538,-0.42707682,-0.42102882,-0.80021256,-0.4760264,-0.64772415,0.5948549,-0.768768,0.63497096,0.07620713
1356626497578,-0.45602155,-0.41481718,-0.7873824,-0.45086554,-0.6551125,0.60625726,-0.76730996,0.6314699,0.111718655
1356626497618,-0.5007107,-0.41150525,-0.76154596,-0.4197348,-0.6540034,0.6293665,-0.7570413,0.6347779,0.15474343
1356626497658,-0.5602509,-0.4123012,-0.7184195,-0.37950543,-0.6431662,0.66506606,-0.7362707,0.645248,0.20386386
1356626497698,-0.62701833,-0.41568983,-0.65882474,-0.3292178,-0.62508917,0.70772815,-0.7060196,0.6606554,0.25508988
1356626497738,-0.6900184,-0.41892374,-0.5902351,-0.27260464,-0.6050079,0.748099,-0.67049336,0.677103,0.30326602
1356626497778,-0.7410491,-0.42031968,-0.5236198,-0.21721774,-0.5878291,0.7792775,-0.6353446,0.69122237,0.34430927
1356626497818,-0.77777,-0.419877,-0.4677363,-0.17012769,-0.5757481,0.79973173,-0.6050872,0.7015822,0.3763668
1356626497858,-0.80199015,-0.41856384,-0.42616445,-0.13482793,-0.5681844,0.8117807,-0.581922,0.70849895,0.39924422
1356626497898,-0.8161534,-0.417628,-0.39935002,-0.1123842,-0.5631914,0.81864834,-0.566801,0.7130233,0.41271582
1356626497939,-0.821475,-0.41854578,-0.38729605,-0.1034046,-0.5585818,0.82297856,-0.5607908,0.71610457,0.4155815
1356626497980,-0.8176444,-0.42308766,-0.3904541,-0.1088302,-0.5523862,0.8264535,-0.5653438,0.7182383,0.4056108
1356626498019,-0.8069106,-0.4332127,-0.4015248,-0.12232165,-0.5424824,0.8311139,-0.57786924,0.71974975,0.3847434
1356626498060,-0.78995204,-0.44927496,-0.41728622,-0.1427664,-0.5270715,0.83774304,-0.59631664,0.72135127,0.35221985
1356626498099,-0.769912,-0.47244072,-0.42899334,-0.16422023,-0.5029255,0.84858567,-0.6166581,0.7237857,0.30962408
1356626498139,-0.7495413,-0.5019268,-0.4315753,-0.1836488,-0.46869987,0.86405635,-0.6359724,0.7269043,0.25913173
1356626498178,-0.7307733,-0.5359061,-0.422818,-0.1993294,-0.4248817,0.8830308,-0.65286916,0.7295754,0.20367038
1356626498219,-0.7152832,-0.5716333,-0.40200192,-0.20948629,-0.37340337,0.9037066,-0.66669756,0.73061997,0.1473397
1356626498258,-0.70407766,-0.6056451,-0.37076768,-0.2138229,-0.3170749,0.9239823,-0.67716646,0.7298339,0.09374446
1356626498299,-0.697839,-0.63501465,-0.33132634,-0.2121842,-0.25853705,0.9424099,-0.6841042,0.7279526,0.045677185
1356626498348,-0.69627464,-0.657895,-0.28701222,-0.20707686,-0.19874561,0.9579246,-0.68725616,0.72641206,0.0021466017
1356626498383,-0.70105743,-0.67447567,-0.23151873,-0.18932495,-0.13696766,0.9723147,-0.68751323,0.7254808,-0.031672835
1356626498424,-0.7082511,-0.68256676,-0.18023029,-0.16901511,-0.08392888,0.9820335,-0.68542993,0.72598803,-0.055921376
1356626498463,-0.7171616,-0.684407,-0.13140175,-0.14480236,-0.038096905,0.9887269,-0.6816976,0.7281042,-0.07178217
1356626498507,-0.726632,-0.6817688,-0.08483648,-0.11716804,0.0012995601,0.99311125,-0.67696196,0.73156655,-0.080825746
1356626498546,-0.73563606,-0.6761671,-0.040469706,-0.08691782,0.0349738,0.9956014,-0.6717775,0.7359178,-0.084499
1356626498586,-0.7438889,-0.66830117,0.0016701221,-0.0546515,0.06332308,0.99649554,-0.6660649,0.74119073,-0.08362901
1356626498626,-0.7514041,-0.6584826,0.042339504,-0.020537198,0.08747381,0.9959551,-0.6595227,0.7474952,-0.07925165
1356626498666,-0.7575447,-0.64770937,0.081231296,0.01419279,0.1080665,0.99404234,-0.6526289,0.7541844,-0.07267237
1356626498706,-0.760885,-0.638265,0.11692569,0.047240764,0.12522835,0.99100256,-0.6471647,0.75956273,-0.0651322
1356626498746,-0.7600229,-0.6328433,0.14790036,0.07613379,0.1393097,0.9873178,-0.64542145,0.76164436,-0.057697833
1356626498787,-0.754288,-0.63329184,0.17317906,0.099145114,0.15087736,0.98356813,-0.6490145,0.75906354,-0.051017225
1356626498826,-0.7438174,-0.64013016,0.19227345,0.11584216,0.1598491,0.9803208,-0.6582677,0.75145304,-0.04474449
1356626498866,-0.7294059,-0.6527198,0.20475341,0.12710029,0.1647914,0.97810495,-0.6721701,0.73945975,-0.037238896
1356626498906,-0.7125196,-0.66938746,0.21032412,0.13475275,0.16362822,0.97727555,-0.68859094,0.72466975,-0.02638644
1356626498946,-0.695137,-0.6878753,0.20883499,0.14055455,0.15484333,0.97788954,-0.7050027,0.7091199,-0.010953307
1356626498986,-0.6790961,-0.7063061,0.19990048,0.14519969,0.13769221,0.97977436,-0.71954536,0.6943865,0.009049177
1356626499026,-0.66558635,-0.72363955,0.18259436,0.14834756,0.11149818,0.9826298,-0.7314287,0.6811123,0.033138454
1356626499066,-0.655367,-0.73903155,0.15596962,0.14979026,0.07522726,0.9858518,-0.7403087,0.6694575,0.061398268
1356626499106,-0.6494186,-0.750802,0.12063128,0.1508987,0.028242946,0.9881457,-0.74530876,0.6599233,0.09495354
1356626499146,-0.6492917,-0.75623345,0.08081719,0.15548238,-0.027969003,0.9874427,-0.7444768,0.65370387,0.13574094
1356626499188,-0.65655094,-0.75293577,0.045039207,0.16870427,-0.08838487,0.98169595,-0.7351732,0.65213174,0.1850527
1356626499228,-0.6711165,-0.74100083,0.022811294,0.19401294,-0.14585155,0.970096,-0.7155149,0.6554731,0.24164718
1356626499268,-0.6900844,-0.7235038,0.018053412,0.22952382,-0.19512838,0.9535428,-0.6863691,0.6621686,0.30071628
1356626499308,-0.7090419,-0.70468265,0.026110858,0.26766688,-0.23469675,0.9344901,-0.65239084,0.66958165,0.35503012
1356626499348,-0.724738,-0.6880277,0.037050366,0.29826367,-0.26479626,0.9170178,-0.6211229,0.67564845,0.39712155
1356626499388,-0.7362156,-0.67548144,0.0413709,0.31297466,-0.2856384,0.90579116,-0.6000279,0.67980564,0.42169994
1356626499428,-0.74387807,-0.66747546,0.03349951,0.30800954,-0.29791898,0.90353453,-0.59310687,0.68243754,0.427204
1356626499465,-0.7481824,-0.66336817,0.012875706,0.28372884,-0.30234212,0.909993,-0.59976757,0.68449396,0.41442364
1356626499507,-0.7494515,-0.66190386,-0.014347166,0.24613646,-0.29867846,0.9220673,-0.61460507,0.68751335,0.38676363
1356626499546,-0.74811995,-0.66228735,-0.041133255,0.20096228,-0.28521204,0.9371596,-0.63240075,0.6928416,0.3464676
1356626499586,-0.74489224,-0.66427815,-0.062209755,0.15315107,-0.2609961,0.95311373,-0.6493691,0.7004395,0.2961489
1356626499626,-0.74059767,-0.667745,-0.07504377,0.1071454,-0.22760487,0.9678408,-0.6633512,0.7087401,0.2401095
1356626499666,-0.7362644,-0.67214453,-0.07833469,0.06686419,-0.18745565,0.9799946,-0.67338234,0.71629745,0.18295938
1356626499708,-0.7332681,-0.67633563,-0.0699161,0.036369503,-0.14169389,0.9892423,-0.6789664,0.72283685,0.12849748
1356626499748,-0.7327965,-0.6787329,-0.048279285,0.018852592,-0.09117675,0.9956562,-0.68018657,0.7287032,0.07960993
1356626499788,-0.73471814,-0.67816883,-0.016617537,0.013920784,-0.039563537,0.99912006,-0.6782296,0.7338404,0.038508713
1356626499828,-0.7374795,-0.67516756,0.016511112,0.016562134,0.0063604116,0.9998426,-0.67516637,0.73763686,0.0064916015
1356626499866,-0.73940486,-0.6719351,0.042235345,0.02008751,0.040687025,0.99897,-0.67296135,0.73949164,-0.016586661
1356626499906,-0.7397757,-0.67041457,0.05723822,0.020807952,0.062232614,0.99784476,-0.6725317,0.7393723,-0.03208822
1356626499946,-0.73900086,-0.6705469,0.06515005,0.020247817,0.074554324,0.99701136,-0.67340016,0.73811144,-0.04151863
1356626499986,-0.738316,-0.6704142,0.073717654,0.023710966,0.08343142,0.9962314,-0.67403805,0.7372815,-0.045702577
1356626500029,-0.73901945,-0.6675631,0.09060761,0.0368329,0.0942567,0.99486625,-0.6726763,0.73856294,-0.045069218
1356626500068,-0.7413212,-0.6604622,0.11930069,0.062029064,0.10957146,0.9920416,-0.66827786,0.7428216,-0.040259838
1356626500106,-0.7436947,-0.6499717,0.15638071,0.095860034,0.12782276,0.98715365,-0.66161096,0.74913156,-0.03275484
1356626500146,-0.7442071,-0.63920283,0.19384423,0.13100365,0.14489335,0.98073643,-0.65497625,0.7552653,-0.024092793
1356626500186,-0.74169177,-0.6323348,0.22370937,0.15977648,0.15736365,0.9745297,-0.6514329,0.75854415,-0.015683115
1356626500226,-0.7361275,-0.63251215,0.24092455,0.17721121,0.16342676,0.97050905,-0.65323234,0.757113,-0.008214712
1356626500266,-0.7279833,-0.6407397,0.24391158,0.18221295,0.1621511,0.9697966,-0.6609377,0.7504396,-0.0012921691
1356626500306,-0.71783036,-0.6559088,0.23345876,0.17681366,0.15258265,0.9723453,-0.67339164,0.73925775,0.006445229
1356626500346,-0.70644414,-0.6754068,0.21157154,0.16459358,0.13395822,0.97722274,-0.6883646,0.7251765,0.016533494
1356626500386,-0.69489115,-0.6962936,0.17972633,0.14843434,0.105662644,0.9832612,-0.7036289,0.7099371,0.029929876
1356626500426,-0.6843943,-0.7159846,0.13773334,0.12923756,0.0667873,0.989362,-0.7175668,0.694914,0.046823263
1356626500465,-0.6759196,-0.73230904,0.082802,0.10584307,0.014729321,0.9942738,-0.7293353,0.6808131,0.067554
1356626500507,-0.6702392,-0.7420594,0.011271268,0.07589972,-0.05343008,0.99568284,-0.7382536,0.6682012,0.092133164
1356626500546,-0.6676978,-0.7406174,-0.07526997,0.04071507,-0.1372903,0.98969376,-0.7433182,0.6577517,0.121822655
1356626500586,-0.67008674,-0.72427464,-0.16251147,0.009100854,-0.22693467,0.9738674,-0.742227,0.6510967,0.15865743
1356626500626,-0.68165016,-0.6970857,-0.22231653,-0.0027323365,-0.30141735,0.9534884,-0.7316731,0.6505529,0.20355654
1356626500668,-0.7048644,-0.6715816,-0.22835132,0.021375746,-0.34188378,0.93949914,-0.7090199,0.65733826,0.25533724
1356626500709,-0.7331016,-0.6555993,-0.18097396,0.081843734,-0.3491969,0.9334683,-0.67517674,0.66951555,0.30965352
1356626500748,-0.7552591,-0.6464298,-0.10822433,0.15884395,-0.34072405,0.92664766,-0.6358872,0.6826682,0.36001623
1356626500789,-0.7545201,-0.6562667,0.0036405325,0.2646002,-0.2991292,0.9167924,-0.60057133,0.6927017,0.39934742
1356626500830,-0.77182066,-0.6358098,-0.006240636,0.26392224,-0.3292784,0.9065985,-0.57847905,0.6980844,0.42194813
1356626500869,-0.7857226,-0.61711943,-0.04246959,0.23374847,-0.35977417,0.90328526,-0.5727143,0.6998044,0.42693335
1356626500910,-0.79537445,-0.5950153,-0.11548254,0.16482899,-0.39568126,0.9034753,-0.5832759,0.69956636,0.4127906
1356626500949,-0.79553545,-0.56819737,-0.2104163,0.07150072,-0.4328838,0.8986096,-0.6016734,0.69983095,0.38500097
1356626500990,-0.7808162,-0.53375137,-0.32470837,-0.044448182,-0.4709568,0.8810358,-0.62317765,0.7023597,0.34400642
1356626501029,-0.7452891,-0.4905818,-0.45152372,-0.17525281,-0.5092561,0.84258217,-0.64329666,0.70709807,0.29356718
1356626501069,-0.68258554,-0.43605578,-0.58645743,-0.31418854,-0.5494331,0.7742149,-0.65982,0.7127262,0.23803145
1356626501109,-0.58823943,-0.36885434,-0.71966714,-0.44980562,-0.59032106,0.67022073,-0.6720485,0.7179606,0.18133739
1356626501149,-0.47607458,-0.30166382,-0.82604593,-0.557951,-0.6224389,0.5488721,-0.679738,0.7221972,0.1280137
1356626501188,-0.37470704,-0.2536581,-0.8917692,-0.62713253,-0.6390772,0.4452924,-0.6828613,0.7261116,0.08038944
1356626501229,-0.33008695,-0.2577399,-0.90808195,-0.65288925,-0.63244575,0.416831,-0.68174654,0.7304673,0.040486425
1356626501272,-0.38525027,-0.34388155,-0.85634553,-0.6270529,-0.58327925,0.51632345,-0.6770427,0.73588777,0.009076625
1356626501309,-0.551219,-0.51156646,-0.6591338,-0.49596328,-0.4343751,0.75189006,-0.67095304,0.7413622,-0.014282286
1356626501350,-0.6961955,-0.63406456,-0.33656195,-0.27071992,-0.20231986,0.94115746,-0.66484773,0.7463436,-0.030799747
1356626501388,-0.7473882,-0.66140044,-0.062932074,-0.07464647,-0.010527849,0.9971545,-0.6601809,0.7499591,-0.041502893
1356626501429,-0.7524539,-0.6519849,0.09342879,0.03989947,0.09646809,0.9945361,-0.65743536,0.75207025,-0.046573997
1356626501468,-0.74736136,-0.6388904,0.18240055,0.10812798,0.1539138,0.98215014,-0.65556026,0.7537437,-0.045947313
1356626501507,-0.7402089,-0.62518686,0.24745123,0.16157041,0.1918546,0.9680325,-0.6526758,0.75652707,-0.041000783
1356626501548,-0.73222494,-0.61018187,0.30253065,0.2098539,0.2204538,0.95255524,-0.647926,0.76097196,-0.0333727
1356626501586,-0.723912,-0.5973195,0.34519678,0.24890359,0.24053168,0.9381852,-0.6434271,0.76508427,-0.0254488
1356626501628,-0.7166564,-0.5921317,0.36848846,0.27164692,0.24963486,0.92945707,-0.6423485,0.76620007,-0.018051684
1356626501669,-0.7101101,-0.5955916,0.37551868,0.2794,0.2511831,0.92673767,-0.6462811,0.76300573,-0.011959314
1356626501710,-0.7047453,-0.6093589,0.36334,0.27011505,0.24310297,0.93163234,-0.65602744,0.75470704,-0.0067287087
1356626501748,-0.69984215,-0.6280547,0.34024733,0.2523045,0.22828138,0.9403351,-0.66825396,0.74393207,-0.0012999177
1356626501788,-0.6963108,-0.65056735,0.30317193,0.22584955,0.20234048,0.9529167,-0.68128043,0.73199755,0.006038487
1356626501828,-0.6950447,-0.6749301,0.24775411,0.18951496,0.16042262,0.96868396,-0.6935394,0.7202318,0.016408443
1356626501868,-0.696505,-0.6989062,0.16251469,0.13666973,0.093124986,0.9862298,-0.7044162,0.7091248,0.030657232
1356626501908,-0.6982828,-0.7152363,0.028953642,0.055884838,-0.014146328,0.99833703,-0.71363723,0.6987395,0.049848974
1356626501948,-0.6909647,-0.7037953,-0.16504487,-0.060510546,-0.17120105,0.98337615,-0.72035146,0.68946517,0.0757069
1356626501990,-0.66445845,-0.64066344,-0.38476628,-0.1917964,-0.35142273,0.9163602,-0.72229415,0.6826802,0.11062896
1356626502029,-0.63061756,-0.53861415,-0.5587632,-0.2970558,-0.49762738,0.8149386,-0.7169933,0.67989844,0.15381402
1356626502070,-0.63124645,-0.45806468,-0.62586313,-0.33248442,-0.5692247,0.7519557,-0.70070106,0.6827591,0.20702171
1356626502109,-0.6609517,-0.4071351,-0.63038385,-0.32700709,-0.5998217,0.7302604,-0.67543256,0.6888069,0.26331717
1356626502150,-0.70697165,-0.3835014,-0.59423727,-0.29151207,-0.6075122,0.73888415,-0.6443694,0.69559747,0.3176985
1356626502188,-0.742617,-0.36135173,-0.563866,-0.26395607,-0.6158726,0.74231267,-0.6155056,0.70008993,0.36197647
1356626502230,-0.7537128,-0.3232402,-0.5722174,-0.27522847,-0.63540787,0.72146106,-0.5967967,0.701265,0.3899502
1356626502268,-0.73155093,-0.25958335,-0.6304362,-0.3377074,-0.665314,0.6658161,-0.59227276,0.6999814,0.39904776
1356626502309,-0.6696738,-0.17134064,-0.72261983,-0.43761712,-0.69510424,0.57036954,-0.60002357,0.6981923,0.39051148
1356626502348,-0.56440747,-0.06628691,-0.8228306,-0.55004567,-0.71305823,0.43473864,-0.61554366,0.6979642,0.36599457
1356626502389,-0.42487204,0.039901137,-0.9043735,-0.64662755,-0.71253073,0.27234674,-0.63352704,0.7005054,0.3285356
1356626502429,-0.26593053,0.13421348,-0.95460343,-0.7113731,-0.69561034,0.100372165,-0.65056074,0.7057712,0.2804599
1356626502468,-0.118380606,0.2009429,-0.97242373,-0.7380837,-0.672913,-0.049199015,-0.6642428,0.71190596,0.22797251
1356626502494,-0.008634865,0.23474416,-0.97201884,-0.7387929,-0.6565679,-0.1519992,-0.67387724,0.7168081,0.17909667
1356626502534,0.08669919,0.25623873,-0.9627174,-0.7284963,-0.6428543,-0.23670931,-0.67954123,0.7218587,0.13093412
1356626502578,0.15365374,0.25717384,-0.9540713,-0.71594274,-0.63649786,-0.28687364,-0.68104076,0.72713965,0.08632147
1356626502618,0.19607192,0.24279532,-0.9500559,-0.70791733,-0.6353712,-0.30847442,-0.6785343,0.73304427,0.047300547
1356626502658,0.2133677,0.21457589,-0.95311666,-0.7078525,-0.6384525,-0.30219734,-0.67336404,0.73914516,0.015662968
1356626502698,0.20977789,0.17663434,-0.9616618,-0.71516836,-0.6429627,-0.27410448,-0.666729,0.7452512,-0.008556075
1356626502747,0.18047029,0.12509733,-0.97559273,-0.7287452,-0.64914304,-0.21804479,-0.6605761,0.7503091,-0.025986888
1356626502790,0.116149604,0.051627517,-0.991889,-0.7448958,-0.65604764,-0.12137392,-0.6569928,0.7529515,-0.037742496
1356626502838,0.027916849,-0.032491237,-0.999082,-0.7538892,-0.65700144,3.0088425E-4,-0.65640813,0.7531888,-0.042836174
1356626502879,-0.08548087,-0.13063306,-0.9877389,-0.75028193,-0.64385706,0.15008396,-0.65556854,0.7539119,-0.04297422
1356626502920,-0.20618975,-0.2262001,-0.95200795,-0.72915053,-0.6133018,0.30364487,-0.6525528,0.7567656,-0.03847733
1356626502959,-0.32268792,-0.3119694,-0.89361495,-0.68955123,-0.56925774,0.44773293,-0.64837617,0.76067126,-0.03142637
1356626502998,-0.4189455,-0.37915632,-0.8250607,-0.6383431,-0.5232251,0.5645827,-0.64575756,0.76320124,-0.022829056
1356626503038,-0.4814502,-0.42338744,-0.76742995,-0.59037316,-0.49050874,0.6409842,-0.6478157,0.761672,-0.013801038
1356626503078,-0.5074129,-0.44560555,-0.7375417,-0.5589853,-0.4811731,0.67528355,-0.65579534,0.7549226,-0.004933536
1356626503118,-0.5036694,-0.4487729,-0.73818696,-0.5471169,-0.4955802,0.67458385,-0.66856575,0.7436418,0.0040773153
1356626503158,-0.47935975,-0.43421373,-0.7626747,-0.5500968,-0.52846515,0.6466205,-0.68381846,0.72950876,0.014465362
1356626503198,-0.44110882,-0.4008253,-0.8029708,-0.56293094,-0.57324713,0.5953961,-0.69895047,0.7146515,0.027227372
1356626503238,-0.39319777,-0.34792006,-0.8510858,-0.58106476,-0.6233409,0.5232683,-0.7125722,0.70028394,0.042932242
1356626503278,-0.33670795,-0.27418578,-0.90080523,-0.6019228,-0.6730003,0.42983687,-0.72409725,0.6869446,0.061565787
1356626503318,-0.27614617,-0.18329419,-0.9434757,-0.62139904,-0.7148299,0.32075137,-0.7332165,0.67484915,0.08349872
1356626503358,-0.22091872,-0.08488536,-0.9715911,-0.636439,-0.742312,0.20956631,-0.73901296,0.6646557,0.10996638
1356626503398,-0.18094045,0.009627432,-0.9834469,-0.6485112,-0.7529283,0.111946255,-0.73938733,0.65803194,0.14247881
1356626503497,-0.1613388,0.0922941,-0.9825739,-0.6626304,-0.74795395,0.038547963,-0.7313623,0.6573026,0.18183082
1356626503497,-0.16064835,0.16061491,-0.97385573,-0.6830374,-0.73034203,-0.007778287,-0.7124971,0.6639303,0.22703418
1356626503505,-0.1638037,0.2189075,-0.96189797,-0.70704675,-0.7060191,-0.040270388,-0.6879339,0.6735105,0.27042648
1356626503543,-0.18058312,0.26113835,-0.9482598,-0.73413944,-0.67738837,-0.046737105,-0.6545449,0.68771493,0.3140368
1356626503588,-0.20005482,0.29384285,-0.93468416,-0.76035756,-0.64820683,-0.041038156,-0.61792743,0.7024843,0.35310262
1356626503626,-0.20914799,0.32209092,-0.9233172,-0.7823042,-0.62163365,-0.039645314,-0.5867344,0.7140232,0.38198647
1356626503668,-0.1965915,0.34958398,-0.91604733,-0.7992847,-0.5982643,-0.056777716,-0.56788695,0.72102064,0.3970309
1356626503708,-0.15673608,0.37746096,-0.91266483,-0.81048155,-0.5772432,-0.09954926,-0.5644055,0.724095,0.39639992
1356626503748,-0.0974794,0.40252352,-0.91020465,-0.81405926,-0.5583788,-0.15975156,-0.5725428,0.72538805,0.3821085
1356626503788,-0.01935649,0.42339957,-0.9057362,-0.80754375,-0.54074323,-0.23552027,-0.58948994,0.7268628,0.3523806
1356626503828,0.058821917,0.43559766,-0.8982175,-0.7916542,-0.5277759,-0.30779243,-0.60813123,0.7291826,0.31379795
1356626503868,0.13776338,0.4402636,-0.88723683,-0.76730895,-0.51899195,-0.37667537,-0.6263052,0.73267686,0.26632008
1356626503909,0.2050488,0.43631947,-0.8761166,-0.7394376,-0.5173987,-0.43073255,-0.64123863,0.73615474,0.21653906
1356626503948,0.26140898,0.42631,-0.86598223,-0.71173126,-0.5208997,-0.47127718,-0.652,0.73954266,0.16725025
1356626503988,0.3060205,0.41125333,-0.8586165,-0.68805504,-0.5277814,-0.49802312,-0.65797544,0.7431807,0.12145299
1356626504028,0.34060478,0.39279592,-0.8542247,-0.67045975,-0.53548026,-0.5135608,-0.659145,0.7476444,0.08096671
1356626504068,0.3658749,0.3722561,-0.85297185,-0.659746,-0.54268676,-0.5198331,-0.65640754,0.7529386,0.047038972
1356626504108,0.3812409,0.35053915,-0.85544,-0.65599066,-0.54943013,-0.5174965,-0.65140736,0.7584515,0.020485222
1356626504148,0.38536185,0.32769233,-0.86262035,-0.6589943,-0.55663496,-0.5058497,-0.6459278,0.7633971,0.0014415085
1356626504188,0.37810898,0.30350435,-0.87459636,-0.66802764,-0.5645998,-0.48473305,-0.6409155,0.76753646,-0.010731012
1356626504228,0.3594941,0.27675015,-0.891164,-0.68207926,-0.5738012,-0.4533431,-0.6368138,0.77081865,-0.01751259
1356626504268,0.33058393,0.24675892,-0.91094697,-0.6993938,-0.5840313,-0.41201442,-0.63368964,0.77331597,-0.020489756
1356626504308,0.29262215,0.21333349,-0.93212724,-0.7183121,-0.594405,-0.36153916,-0.63118947,0.7753526,-0.020696074
1356626504348,0.24636662,0.17631826,-0.9530033,-0.73738337,-0.60401523,-0.3023762,-0.62894297,0.77722424,-0.018795043
1356626504388,0.19238794,0.13606676,-0.97183985,-0.75446045,-0.61277574,-0.23514935,-0.627516,0.77845466,-0.015233599
1356626504428,0.13239557,0.09365499,-0.9867624,-0.7664314,-0.6216057,-0.16183084,-0.6285335,0.7777114,-0.0105177015
1356626504470,0.071563184,0.05192882,-0.9960834,-0.7702569,-0.631596,-0.08826578,-0.63370585,0.77355665,-0.0052005053
1356626504508,0.017940342,0.015638024,-0.99971676,-0.7651665,-0.6433925,-0.023795456,-0.64358234,0.7653767,4.2298436E-4
1356626504548,-0.022197604,-0.010219216,-0.9997014,-0.75296134,-0.65764713,0.023441583,-0.6576903,0.7532568,0.0069035143
1356626504588,-0.04581517,-0.02141574,-0.9987203,-0.73729086,-0.67384857,0.048271835,-0.67402005,0.738559,0.015082866
1356626504628,-0.05465275,-0.01646328,-0.99836963,-0.72107273,-0.6909895,0.050867528,-0.6907005,0.72267723,0.025893286
1356626504668,-0.050699413,0.0055919588,-0.9986983,-0.7063756,-0.7071179,0.031900167,-0.7060191,0.70707345,0.03980057
1356626504708,-0.037735045,0.043153167,-0.99835557,-0.69401187,-0.71994686,-0.0048874617,-0.71897393,0.6926862,0.05711612
1356626504748,-0.020699978,0.092577726,-0.99549025,-0.6842433,-0.72729534,-0.053408384,-0.72895986,0.68005204,0.07840077
1356626504788,-0.0055956244,0.14860302,-0.9888811,-0.6780453,-0.727413,-0.10547447,-0.7349988,0.669916,0.10482994
1356626504826,0.0019812584,0.20567365,-0.9786186,-0.67779326,-0.7192558,-0.15253627,-0.7352499,0.6636033,0.13797918
1356626504866,-8.453727E-4,0.2595573,-0.9657274,-0.6861481,-0.70268047,-0.18825787,-0.7274614,0.66247284,0.1786887
1356626504906,-0.014034629,0.30762058,-0.95140564,-0.70400137,-0.67872816,-0.20907001,-0.71006,0.6668566,0.22609097
1356626504946,-0.035384476,0.3486125,-0.9365988,-0.7291712,-0.6498949,-0.21435021,-0.6834159,0.67535615,0.27719438
1356626504986,-0.06166184,0.38209254,-0.9220646,-0.757016,-0.6199779,-0.20628698,-0.65048033,0.6852976,0.32747906
1356626505028,-0.08708513,0.4088354,-0.90844357,-0.7821592,-0.59281933,-0.19181281,-0.6169628,0.6938435,0.37140015
1356626505069,-0.1030789,0.43083036,-0.8965266,-0.8010441,-0.57028234,-0.18195134,-0.5896635,0.699402,0.4038983
1356626505109,-0.10058218,0.45060617,-0.88703847,-0.8125544,-0.5516944,-0.18811855,-0.5741415,0.70184565,0.42163268
1356626505149,-0.073358536,0.46991527,-0.879658,-0.81625605,-0.53507376,-0.2177664,-0.57301366,0.7020511,0.4228234
1356626505189,-0.026943564,0.4871701,-0.8728913,-0.8120978,-0.5198445,-0.2650638,-0.582899,0.7017313,0.40963632
