1356626304667,-0.6101978,0.784176,0.11281261,-0.1215283,0.04806167,-0.9914237,-0.7828727,-0.6186745,0.06597239
1356626304693,-0.06888382,0.1915614,0.9790605,-0.6183563,0.76193607,-0.19258492,-0.78287333,-0.6186741,0.065968096
1356626304723,-0.06895782,0.19159609,0.9790484,-0.61834335,0.76192796,-0.19265854,-0.78287697,-0.6186734,0.06593132
1356626304767,-0.06947525,0.191845,0.9789631,-0.6182614,0.7618631,-0.19317736,-0.782896,-0.6186761,0.06567973
1356626304806,-0.07112013,0.1929202,0.97863364,-0.61801815,0.7615843,-0.19504592,-0.78294027,-0.618685,0.06506419
1356626304850,-0.07455765,0.19555882,0.9778538,-0.6175219,0.7608973,-0.19925387,-0.78301215,-0.61870193,0.064031124
1356626304886,-0.08032237,0.20052676,0.9763899,-0.61669296,0.7595738,-0.2067301,-0.7830951,-0.61873794,0.06265271
1356626304927,-0.08844943,0.20805547,0.97410977,-0.6154907,0.75748855,-0.21767506,-0.78316545,-0.6188086,0.061056733
1356626304968,-0.098305106,0.21771081,0.97105,-0.6139376,0.75468904,-0.2313549,-0.7832092,-0.6189075,0.05947107
1356626305007,-0.10892172,0.22863196,0.96740043,-0.61210346,0.7513781,-0.24649605,-0.7832403,-0.61899793,0.058104992
1356626305048,-0.119637564,0.2400034,0.9633718,-0.6100055,0.74781036,-0.26205522,-0.7833136,-0.6190137,0.056937158
1356626305088,-0.13009188,0.25107247,0.9591865,-0.6076136,0.7442783,-0.27722806,-0.7835061,-0.6188799,0.055730462
1356626305128,-0.14006786,0.26139998,0.95501363,-0.6049225,0.74099416,-0.29154146,-0.78386843,-0.6185448,0.054337263
1356626305168,-0.14914681,0.27063695,0.9510578,-0.60204995,0.7381324,-0.30446076,-0.7844049,-0.61799365,0.05284685
1356626305209,-0.15705667,0.2785777,0.94748485,-0.59910893,0.73582006,-0.3156537,-0.7851125,-0.6172222,0.05133295
1356626305250,-0.16365455,0.28516066,0.94440496,-0.5962729,0.73406357,-0.32497588,-0.7859236,-0.6163068,0.04990071
1356626305288,-0.16841699,0.29016584,0.9420401,-0.59391284,0.7328703,-0.33191675,-0.78670406,-0.6153901,0.048905432
1356626305330,-0.17066918,0.29330295,0.94066215,-0.59246,0.73226863,-0.335818,-0.7873138,-0.61461854,0.048794568
1356626305369,-0.17035569,0.29452503,0.94033724,-0.59207475,0.7322199,-0.33660305,-0.7876716,-0.6140921,0.04964298
1356626305408,-0.168162,0.29412377,0.9408574,-0.59258157,0.7325784,-0.33492687,-0.7877618,-0.6138568,0.051100492
1356626305448,-0.16493146,0.29254806,0.94192,-0.593689,0.73316455,-0.33166713,-0.78761095,-0.6139099,0.05276066
1356626305488,-0.16135593,0.2902525,0.94324845,-0.5951319,0.73381734,-0.32761294,-0.7872625,-0.61421955,0.054332793
1356626305528,-0.15796873,0.28762653,0.9446252,-0.59668946,0.73441863,-0.3234051,-0.7867703,-0.61473584,0.05560851
1356626305567,-0.15500341,0.28492153,0.94593537,-0.5982305,0.7349217,-0.31939054,-0.7861897,-0.615394,0.056533337
1356626305598,-0.15430415,0.2846816,0.94612193,-0.59913194,0.7344812,-0.3187135,-0.7856406,-0.61603063,0.057228327
1356626305637,-0.15060972,0.28064376,0.9479217,-0.6007907,0.73549384,-0.31320804,-0.7850905,-0.6166748,0.05783564
1356626305668,-0.14729676,0.27722105,0.9494484,-0.6022215,0.73634386,-0.30842674,-0.78462285,-0.6172084,0.058487356
1356626305707,-0.14344078,0.2740537,0.95095706,-0.6036202,0.73724014,-0.30351228,-0.7842624,-0.6175529,0.059674025
1356626305745,-0.13888931,0.27100593,0.95250493,-0.6049522,0.7382879,-0.29826802,-0.7840553,-0.61764616,0.0614053
1356626305786,-0.1329329,0.26767695,0.95429444,-0.60631365,0.7396981,-0.29194257,-0.78403604,-0.61741054,0.063965976
1356626305829,-0.124707565,0.2633934,0.95659393,-0.6078514,0.74172705,-0.2834742,-0.7841968,-0.61681837,0.06760508
1356626305866,-0.11281809,0.25714964,0.9597636,-0.6097998,0.74470747,-0.27121025,-0.7844847,-0.61586106,0.072793305
1356626305906,-0.09508382,0.24763954,0.96417516,-0.61241764,0.7490318,-0.25277656,-0.78479534,-0.61451286,0.08043802
1356626305946,-0.068692505,0.2335554,0.96991396,-0.6156068,0.7551214,-0.22543266,-0.78505385,-0.61257124,0.09190714
1356626305986,-0.031766295,0.21435675,0.9762388,-0.61830807,0.7631939,-0.18769707,-0.78529364,-0.6095788,0.108294666
1356626306026,0.014197573,0.19129294,0.98143023,-0.61863106,0.77280176,-0.14167942,-0.7855533,-0.6051318,0.12931168
1356626306067,0.064024135,0.16755718,0.9837812,-0.615248,0.78279483,-0.09328517,-0.7857294,-0.5992969,0.153207
1356626306106,0.11193542,0.14686237,0.9828031,-0.6085152,0.79202497,-0.04904771,-0.7856078,-0.59256047,0.17802364
1356626306146,0.15448025,0.13180996,0.9791639,-0.5999733,0.799914,-0.013024002,-0.7849636,-0.5854603,0.20265335
1356626306186,0.19102824,0.12329933,0.9738097,-0.59109414,0.8064838,0.013839185,-0.7836554,-0.57825696,0.22694272
1356626306226,0.22255921,0.1208079,0.9674052,-0.5824764,0.8121945,0.032577813,-0.7817856,-0.5707412,0.2511291
1356626306266,0.25042164,0.122912884,0.9603028,-0.57367843,0.8178479,0.044920683,-0.7798604,-0.5621541,0.27531928
1356626306306,0.27522284,0.12809049,0.9528091,-0.5637412,0.8243115,0.052022994,-0.7787478,-0.5514557,0.29907924
1356626306346,0.29733533,0.13464133,0.9452319,-0.55168766,0.8322357,0.054994836,-0.7792512,-0.53782475,0.32173306
1356626306386,0.31699193,0.14110602,0.93787265,-0.5373096,0.84159076,0.05498539,-0.78154624,-0.5213579,0.3425951
1356626306427,0.3345824,0.14624798,0.9309491,-0.5213529,0.8516573,0.053582236,-0.7850133,-0.50328064,0.36119634
1356626306466,0.35087484,0.14896081,0.9244985,-0.504778,0.8616362,0.05274628,-0.78872424,-0.48517388,0.37751865
1356626306506,0.36661124,0.14847906,0.91844994,-0.48855877,0.870844,0.054231614,-0.79177433,-0.46859863,0.39180195
1356626306546,0.38187933,0.14465451,0.9128216,-0.4740299,0.8785237,0.059091285,-0.7933876,-0.45527047,0.4040606
1356626306586,0.3951019,0.13854794,0.90812933,-0.46364188,0.8834912,0.06692867,-0.7930515,-0.44749045,0.4133057
1356626306628,0.4029265,0.13252707,0.9055865,-0.4607429,0.8843091,0.07558708,-0.79080105,-0.44769853,0.41737247
1356626306666,0.4018227,0.12927634,0.90654624,-0.46779615,0.880038,0.081852436,-0.78721356,-0.45696902,0.4140942
1356626306711,0.38817483,0.13150358,0.9121552,-0.48598164,0.8701736,0.08136214,-0.7830339,-0.47487342,0.4016878
1356626306748,0.36566472,0.13681182,0.9206367,-0.5086657,0.85772854,0.07457201,-0.77945405,-0.49556464,0.38323253
1356626306788,0.33004594,0.14891599,0.9321447,-0.53554827,0.8427121,0.054993838,-0.7773401,-0.517359,0.35788542
1356626306828,0.2810641,0.16730717,0.9449927,-0.5628258,0.8263061,0.021104068,-0.77732235,-0.5377978,0.32640976
1356626306868,0.21799253,0.19224937,0.95682776,-0.58680123,0.8092151,-0.028900534,-0.7798356,-0.55516756,0.28921503
1356626306908,0.14356507,0.22193952,0.96443343,-0.60273457,0.7925434,-0.09266068,-0.78492045,-0.56799453,0.24755216
1356626306948,0.06491423,0.2525318,0.96540874,-0.6067133,0.7780848,-0.16273603,-0.79226595,-0.5751624,0.20372313
1356626306988,-0.008125469,0.27936143,0.9601516,-0.59832,0.7679814,-0.22851184,-0.80121595,-0.5763347,0.16090733
1356626307028,-0.06847666,0.29963955,0.9515919,-0.58071446,0.76361793,-0.2822382,-0.8112224,-0.5719299,0.12171501
1356626307069,-0.11342351,0.31261873,0.9430826,-0.55830956,0.7651119,-0.32077122,-0.8218429,-0.56291497,0.087756336
1356626307108,-0.14410825,0.3190822,0.93670666,-0.534692,0.7713998,-0.34503168,-0.8326688,-0.55057144,0.05944562
1356626307148,-0.16367377,0.32041776,0.9330291,-0.51242626,0.78057027,-0.35795164,-0.8429889,-0.5366959,0.03643155
1356626307195,-0.17576483,0.31811175,0.93161774,-0.49337873,0.7904515,-0.36299285,-0.851871,-0.5234418,0.01801604
1356626307227,-0.18360847,0.3134545,0.9316835,-0.47892255,0.79917383,-0.3632552,-0.85844105,-0.512901,0.003385365
1356626307263,-0.18957049,0.30743384,0.9324953,-0.46985847,0.80551136,-0.36108792,-0.8621462,-0.5065924,-0.008250773
1356626307293,-0.19416608,0.3004043,0.93383986,-0.46514964,0.8099382,-0.35726172,-0.86367553,-0.50374335,-0.017529607
1356626307333,-0.1998478,0.29460913,0.9344872,-0.46585482,0.81046706,-0.3551371,-0.86199784,-0.50630873,-0.02472502
1356626307376,-0.20410311,0.28764966,0.93573487,-0.4707136,0.80926806,-0.3514455,-0.8583535,-0.5121942,-0.029773533
1356626307417,-0.20505935,0.27899462,0.93814325,-0.47720146,0.8083662,-0.3447069,-0.8545346,-0.5183687,-0.03262645
1356626307456,-0.20163351,0.2684717,0.9419484,-0.48265925,0.8095924,-0.33406597,-0.8522816,-0.52199906,-0.03366065
1356626307497,-0.19500817,0.25710696,0.9465029,-0.48527306,0.81334066,-0.32091582,-0.852339,-0.5218936,-0.033841014
1356626307537,-0.18869342,0.24714963,0.9504272,-0.4848842,0.81816405,-0.3090225,-0.8539802,-0.51915765,-0.034543216
1356626307576,-0.18670478,0.24104011,0.95238703,-0.48331386,0.8214673,-0.3026538,-0.85530645,-0.51680875,-0.036873817
1356626307617,-0.19129184,0.24014062,0.9517037,-0.4832523,0.82090616,-0.30427024,-0.854327,-0.51811737,-0.040984154
1356626307657,-0.20242472,0.24451806,0.94828004,-0.48680443,0.8150884,-0.31408978,-0.8497327,-0.52520645,-0.04596156
1356626307716,-0.2181287,0.25333798,0.94246465,-0.4943511,0.80397135,-0.33052555,-0.8414492,-0.5380056,-0.05013126
1356626307738,-0.2357366,0.26558995,0.93482095,-0.5055747,0.78799427,-0.35136765,-0.82995325,-0.55545205,-0.051483512
1356626307773,-0.25220168,0.28062642,0.92609024,-0.519242,0.7683365,-0.37422836,-0.8165673,-0.575246,-0.04806274
1356626307817,-0.26452684,0.29783255,0.91723573,-0.534854,0.74612474,-0.39652127,-0.80246913,-0.5954777,-0.038073063
1356626307856,-0.27256787,0.31862724,0.9078455,-0.5503035,0.7223669,-0.4187506,-0.78922296,-0.6137285,-0.021552324
1356626307896,-0.27574784,0.34305653,0.8979284,-0.5645001,0.69829524,-0.44014025,-0.7780121,-0.62824833,0.0011020303
1356626307936,-0.2748116,0.3719434,0.8866434,-0.57629156,0.6744375,-0.4615431,-0.76965344,-0.6378026,0.029004633
1356626307977,-0.2697137,0.40486392,0.8736931,-0.5855137,0.65136755,-0.4825909,-0.7644789,-0.6417208,0.06137067
1356626308016,-0.25839064,0.43976793,0.8601386,-0.5930933,0.6306026,-0.50058043,-0.7625448,-0.63948774,0.097881615
1356626308056,-0.23670688,0.47335187,0.8484739,-0.6003792,0.6153412,-0.51078385,-0.76388144,-0.63031214,0.13853514
1356626308097,-0.19898093,0.5012814,0.8420948,-0.6081127,0.61067957,-0.5072174,-0.7685087,-0.61301506,0.18332201
1356626308136,-0.14135799,0.5194073,0.8427539,-0.6147735,0.62119484,-0.48597378,-0.77593267,-0.58679897,0.23150694
1356626308176,-0.06726009,0.5256875,0.84801465,-0.6165238,0.64635706,-0.4495786,-0.7844581,-0.5530598,0.2806248
1356626308217,0.014905393,0.52001595,0.8540265,-0.6104013,0.68123066,-0.40414736,-0.7919521,-0.5152749,0.3275724
1356626308256,0.09278706,0.50594795,0.8575589,-0.59722185,0.71742296,-0.35865086,-0.7966911,-0.47887474,0.36873072
1356626308297,0.15405117,0.4899918,0.85800713,-0.58223057,0.7466107,-0.3218386,-0.79829556,-0.44997838,0.4003045
1356626308336,0.1876812,0.4806751,0.8565788,-0.57297075,0.7619034,-0.30200624,-0.7977972,-0.43411368,0.41840768
1356626308377,0.18620427,0.4850454,0.85443485,-0.5749623,0.75898105,-0.30555853,-0.79670966,-0.43437156,0.42020833
1356626308416,0.14786148,0.50479156,0.85048366,-0.58699673,0.7368849,-0.33531398,-0.7959722,-0.44965118,0.4052679
1356626308456,0.07705605,0.5353208,0.84112656,-0.6002957,0.6984945,-0.38955164,-0.79605734,-0.4749074,0.3751741
1356626308496,-0.017180204,0.5688479,0.8222633,-0.60307205,0.65005445,-0.46231306,-0.79750174,-0.5038266,0.3318882
1356626308536,-0.120587826,0.59700656,0.79312164,-0.5870968,0.6013603,-0.54192543,-0.80048484,-0.5309887,0.2779839
1356626308577,-0.21963549,0.61547107,0.75693834,-0.55209583,0.56127375,-0.61657274,-0.8043324,-0.55332375,0.21652335
1356626308616,-0.3031236,0.62348515,0.72068185,-0.5060491,0.53550345,-0.6761289,-0.807484,-0.56965107,0.15319043
1356626308658,-0.3687693,0.62423766,0.688721,-0.4574472,0.5231265,-0.7190833,-0.8091671,-0.5802293,0.092642784
1356626308708,-0.4166787,0.62023324,0.6645974,-0.41334024,0.52187514,-0.74618775,-0.8096473,-0.58562535,0.03891307
1356626308738,-0.4488156,0.6134329,0.6498189,-0.37736532,0.52905154,-0.76006573,-0.810037,-0.5863485,-0.005958259
1356626308778,-0.46782523,0.60504603,0.6442506,-0.35038626,0.5422407,-0.76367825,-0.8113994,-0.58300453,-0.041674018
1356626308818,-0.4766175,0.59579736,0.646422,-0.33182317,0.55899763,-0.75987834,-0.8140819,-0.57666904,-0.068728745
1356626308858,-0.47827178,0.58631265,0.65383005,-0.32047877,0.5766381,-0.75151974,-0.81764877,-0.5689693,-0.087889016
1356626308898,-0.4755786,0.57721895,0.6638097,-0.31512392,0.59273934,-0.74118614,-0.8212928,-0.5616746,-0.09999865
1356626308938,-0.47028905,0.5688926,0.67467725,-0.31500784,0.6059235,-0.7304976,-0.82437754,-0.55607367,-0.10575354
1356626308978,-0.4624498,0.56108433,0.6865308,-0.31996673,0.6165167,-0.71939445,-0.8268987,-0.55235076,-0.105579734
1356626309018,-0.45045954,0.55281216,0.70105994,-0.32981294,0.626658,-0.7060617,-0.8296443,-0.54927087,-0.09995949
1356626309058,-0.43263894,0.54290164,0.71977866,-0.34316552,0.6391042,-0.68831915,-0.83370316,-0.5447969,-0.09019625
1356626309098,-0.40985426,0.53113663,0.74156153,-0.3569887,0.6547302,-0.66624886,-0.8393918,-0.53779393,-0.07873422
1356626309138,-0.38716254,0.5192632,0.7618863,-0.36811155,0.67056155,-0.64408153,-0.8453395,-0.5298235,-0.068469465
1356626309178,-0.37112546,0.51021427,0.7758527,-0.37607062,0.6813501,-0.6279594,-0.8490211,-0.5248271,-0.060989738
1356626309218,-0.36539066,0.50599456,0.7813189,-0.38328663,0.68311715,-0.62164485,-0.84828126,-0.5266123,-0.055663705
1356626309258,-0.36907104,0.5065826,0.7792051,-0.39272594,0.6748625,-0.6247615,-0.84234965,-0.5365954,-0.05012405
1356626309298,-0.37754682,0.5103453,0.77266175,-0.40583098,0.6588168,-0.6334522,-0.8323218,-0.55272794,-0.041620255
1356626309338,-0.3854869,0.5155214,0.7652695,-0.42332163,0.6381276,-0.64311117,-0.81987715,-0.5718661,-0.02775848
1356626309378,-0.3885429,0.5213053,0.7597862,-0.44483334,0.61599827,-0.6501303,-0.80694336,-0.5905818,-0.0074477196
1356626309418,-0.3846219,0.52791345,0.75721407,-0.4693776,0.5944948,-0.65288633,-0.79482734,-0.6065338,0.019135118
1356626309458,-0.3739141,0.53610754,0.7568203,-0.4956533,0.57420206,-0.6516286,-0.78391075,-0.6187736,0.05102122
1356626309498,-0.3572409,0.54620326,0.7576549,-0.52289236,0.5551938,-0.64679474,-0.77392673,-0.62723345,0.08726758
1356626309538,-0.33323085,0.55730426,0.7605059,-0.55145526,0.539049,-0.6366501,-0.76475775,-0.63153636,0.12770057
1356626309578,-0.29592735,0.56709385,0.76865566,-0.5822257,0.5308508,-0.61580074,-0.7572583,-0.62976336,0.1730833
1356626309618,-0.2383939,0.5725951,0.7844127,-0.6132152,0.53757405,-0.57877576,-0.753084,-0.6189903,0.22296965
1356626309658,-0.15608779,0.569928,0.8067333,-0.63864523,0.56482506,-0.52259445,-0.75350434,-0.596787,0.27581954
1356626309713,-0.055149347,0.5562445,0.82918674,-0.6502484,0.61019766,-0.45258787,-0.7577173,-0.5641373,0.32804507
1356626309738,0.050322533,0.53140455,0.8456222,-0.64418036,0.6643014,-0.3791244,-0.7632164,-0.5256547,0.3757497
1356626309778,0.14630324,0.49830276,0.8545699,-0.6240247,0.7167922,-0.3111304,-0.76758623,-0.48775333,0.4158222
1356626309823,0.22299086,0.46161348,0.8585966,-0.5979571,0.76038134,-0.25351053,-0.76988477,-0.45687336,0.4455831
1356626309856,0.27679163,0.42356682,0.8625413,-0.57420903,0.7926349,-0.20497286,-0.77050006,-0.43854427,0.4626106
1356626309896,0.29771817,0.39586347,0.8687094,-0.56328714,0.8075296,-0.17493847,-0.77076036,-0.43725047,0.46340102
1356626309936,0.29206294,0.3753339,0.8796725,-0.5644379,0.81016004,-0.1582738,-0.772081,-0.4502946,0.4484704
1356626309976,0.26371235,0.36149043,0.89430445,-0.57351893,0.8042104,-0.15595403,-0.7755849,-0.47177354,0.41940182
1356626310016,0.21631515,0.35331017,0.91015375,-0.58464897,0.7934752,-0.16906416,-0.7819165,-0.49554926,0.3782031
1356626310056,0.15438205,0.34920028,0.92424315,-0.5924234,0.78135604,-0.19625813,-0.7906963,-0.5172445,0.32750177
1356626310096,0.084443465,0.34683007,0.93411905,-0.59332806,0.77065265,-0.23250015,-0.8005194,-0.53460586,0.27086055
1356626310136,0.013469726,0.34394354,0.9388938,-0.5865024,0.76320505,-0.2711696,-0.80983555,-0.54701084,0.21200383
1356626310176,-0.05279924,0.33887014,0.9393504,-0.5732193,0.7599686,-0.30637792,-0.81769913,-0.55463034,0.1541211
1356626310216,-0.11070584,0.33084467,0.9371692,-0.5557017,0.7611823,-0.33436072,-0.82397807,-0.5578022,0.099583626
1356626310256,-0.1577315,0.3196035,0.9343309,-0.5365662,0.7665696,-0.3527998,-0.82898575,-0.5569781,0.05057633
1356626310296,-0.19283974,0.30549788,0.93246114,-0.51830155,0.775194,-0.3611617,-0.83317244,-0.5529424,0.008851826
1356626310336,-0.21664561,0.28919715,0.9324321,-0.5029718,0.7855319,-0.36049834,-0.8367103,-0.54708743,-0.024724007
1356626310376,-0.23140375,0.27174968,0.934133,-0.4919151,0.79571956,-0.35334104,-0.8393282,-0.54127854,-0.050454736
1356626310416,-0.23934022,0.25388148,0.9371555,-0.48620436,0.80413306,-0.34201664,-0.8404294,-0.5375074,-0.06902307
1356626310456,-0.24133019,0.23575634,0.94137067,-0.48653203,0.80993026,-0.32756606,-0.83967036,-0.53705853,-0.08075762
1356626310496,-0.23672095,0.2171191,0.9470072,-0.49238038,0.8134626,-0.30958053,-0.8375708,-0.5395719,-0.08565849
1356626310536,-0.22452109,0.19780049,0.95418304,-0.5013983,0.81616956,-0.28717053,-0.83557767,-0.54290164,-0.084070444
1356626310577,-0.20520684,0.17834038,0.962333,-0.5100339,0.81970584,-0.26066768,-0.8353177,-0.54431325,-0.077249646
1356626310616,-0.18273742,0.16047403,0.9699769,-0.51534843,0.82455564,-0.23350371,-0.8372712,-0.542546,-0.06797713
1356626310656,-0.16267622,0.14627795,0.9757763,-0.5173489,0.82945806,-0.21059312,-0.8401706,-0.53907526,-0.059256375
1356626310711,-0.14922625,0.13694091,0.9792746,-0.5201989,0.8313617,-0.1955271,-0.84090704,-0.5385953,-0.052824497
1356626310749,-0.14232206,0.13252524,0.9809085,-0.52716064,0.82860947,-0.18843575,-0.8377626,-0.5439149,-0.04806733
1356626310788,-0.13799733,0.13098647,0.9817327,-0.5403753,0.8207302,-0.18546282,-0.8300308,-0.5560975,-0.042476714
1356626310828,-0.13180879,0.13147834,0.9825171,-0.55865085,0.8089187,-0.18319312,-0.81886244,-0.5730305,-0.03317213
1356626310868,-0.120353654,0.134037,0.98364073,-0.57891417,0.79544735,-0.17922583,-0.80645734,-0.591014,-0.018139064
1356626310908,-0.10154326,0.13917652,0.9850477,-0.5984702,0.7824111,-0.17223921,-0.7946838,-0.60701144,0.00384444
1356626310948,-0.07614276,0.14808689,0.98603886,-0.6152888,0.77119505,-0.16333395,-0.7846158,-0.6191353,0.032395303
1356626310988,-0.04623851,0.16127314,0.9858261,-0.6288418,0.76209605,-0.1541675,-0.7761572,-0.6270571,0.06617713
1356626311028,-0.012984708,0.17791139,0.98396087,-0.63973635,0.7548083,-0.14492016,-0.7684847,-0.63135725,0.10401541
1356626311068,0.0257985,0.19539562,0.9803852,-0.64805365,0.74999356,-0.1324241,-0.76115763,-0.6319258,0.14597553
1356626311108,0.073883936,0.209936,0.9749195,-0.65141,0.7503814,-0.112217814,-0.75512,-0.6267812,0.19219553
1356626311148,0.13394125,0.21719259,0.96689564,-0.64505476,0.7597975,-0.08131483,-0.7523059,-0.6128092,0.24186933
1356626311188,0.20410222,0.21425839,0.955215,-0.62429035,0.7800849,-0.041583,-0.75405824,-0.58784425,0.2929765
1356626311228,0.27632576,0.20111915,0.9397846,-0.5893043,0.80791104,3.7625432E-4,-0.7591867,-0.55392313,0.341767
1356626311268,0.34252852,0.18008134,0.92208725,-0.5456486,0.8370963,0.03920974,-0.7648149,-0.5165661,0.38499045
1356626311308,0.3978112,0.1544396,0.90437526,-0.5013809,0.8621143,0.0733217,-0.76835114,-0.48260468,0.4203918
1356626311348,0.43903506,0.12764813,0.8893561,-0.46486145,0.8793401,0.10327062,-0.7688642,-0.45876673,0.4453998
1356626311388,0.4642967,0.10311842,0.87965626,-0.44199336,0.88766,0.12923454,-0.7675093,-0.4488054,0.45771527
1356626311428,0.47351274,0.08308637,0.87685937,-0.43446207,0.88803256,0.15046872,-0.76617783,-0.45221102,0.4565926
1356626311468,0.46759135,0.068711415,0.8812702,-0.44040394,0.882533,0.16486317,-0.76642203,-0.4652034,0.4429256
1356626311508,0.44676873,0.060843468,0.8925782,-0.4564309,0.8735785,0.16891241,-0.7694599,-0.48286504,0.4180584
1356626311548,0.4101889,0.060330227,0.9100029,-0.47890937,0.8634133,0.15862957,-0.77613837,-0.500877,0.38305527
1356626311588,0.35733926,0.067374185,0.9315413,-0.5037222,0.853802,0.13147616,-0.7864938,-0.5162197,0.33903486
1356626311628,0.29171583,0.08008337,0.95314664,-0.5257809,0.84586143,0.08984889,-0.79903454,-0.5273567,0.28885746
1356626311668,0.21806026,0.0959961,0.97120255,-0.54150546,0.83981186,0.038572922,-0.8119245,-0.53432274,0.23511201
1356626311712,0.14413461,0.111393794,0.9832684,-0.5492721,0.83552396,-0.014139622,-0.8231193,-0.53804386,0.18161345
1356626311748,0.07542447,0.12387882,0.98942673,-0.5499979,0.8328356,-0.062346607,-0.83175325,-0.5394802,0.13094926
1356626311788,0.015457608,0.1320026,0.99112886,-0.5457227,0.831703,-0.10225856,-0.8378232,-0.53930086,0.08489293
1356626311828,-0.033954978,0.13527983,0.9902255,-0.53890604,0.83193797,-0.13213451,-0.8416813,-0.5381251,0.044654667
1356626311868,-0.07260716,0.13409765,0.9883046,-0.531928,0.8330164,-0.15210626,-0.8436711,-0.5367509,0.01084733
1356626311908,-0.1013235,0.12926947,0.98641926,-0.52678216,0.83414215,-0.16342396,-0.8439396,-0.53618675,-0.016421378
1356626311948,-0.12115758,0.121637285,0.9851523,-0.5250192,0.8344258,-0.16759577,-0.8424224,-0.53752947,-0.03723508
1356626311988,-0.13254744,0.11178565,0.98485285,-0.5274186,0.8333166,-0.16556872,-0.83920246,-0.54137546,-0.051496148
1356626312028,-0.13531771,0.100138366,0.9857289,-0.5331439,0.8312104,-0.1576294,-0.8351328,-0.54686534,-0.059089303
1356626312068,-0.12965816,0.08737481,0.9877015,-0.53945935,0.8295717,-0.14420246,-0.83196884,-0.55152184,-0.06042558
1356626312108,-0.11778793,0.074934825,0.99020743,-0.5429664,0.830034,-0.12740089,-0.8314526,-0.5526557,-0.057080925
1356626312148,-0.1036998,0.064848244,0.99249226,-0.54184985,0.83310676,-0.11104898,-0.83405334,-0.5492976,-0.051254988
1356626312188,-0.09222761,0.05919352,0.99397695,-0.53736925,0.8374293,-0.099731386,-0.8382889,-0.54333067,-0.045425355
1356626312228,-0.086799145,0.05932513,0.99445784,-0.5334091,0.84031326,-0.09668699,-0.84139204,-0.5388452,-0.04129392
1356626312268,-0.0878385,0.06522386,0.9939971,-0.5338896,0.8393483,-0.10225542,-0.84097934,-0.5396667,-0.038904786
1356626312334,-0.09319484,0.07597701,0.99274486,-0.54049486,0.8335155,-0.11453028,-0.8361699,-0.5472471,-0.03661418
1356626312341,-0.100029774,0.09023903,0.99088395,-0.55028903,0.8246885,-0.13065544,-0.8289608,-0.558342,-0.03283584
1356626312373,-0.103105485,0.104748726,0.9891395,-0.5643787,0.8127008,-0.14489351,-0.8190519,-0.57318854,-0.024675965
1356626312417,-0.09986122,0.120685995,0.98765516,-0.58138365,0.7984656,-0.15635143,-0.8074781,-0.58981997,-0.009570897
1356626312456,-0.09038456,0.13910592,0.98614407,-0.5983756,0.7839516,-0.16542839,-0.7961012,-0.60503674,0.012380481
1356626312496,-0.073828176,0.15927197,0.98447037,-0.6140402,0.77059066,-0.17071815,-0.7858143,-0.61710817,0.04090804
1356626312536,-0.05099593,0.18107778,0.9821458,-0.6279499,0.7588908,-0.17252137,-0.7765813,-0.6255362,0.07500738
1356626312576,-0.021411017,0.20332618,0.97887695,-0.64045006,0.74904037,-0.16959453,-0.7677014,-0.63055295,0.11418253
1356626312616,0.016523972,0.2239995,0.97444916,-0.65121996,0.74193645,-0.15950821,-0.7587091,-0.631945,0.15813267
1356626312656,0.0666482,0.23974717,0.96854496,-0.6578042,0.7404356,-0.1380172,-0.75023437,-0.6279143,0.20705539
1356626312711,0.14425094,0.24417564,0.9589421,-0.65132666,0.7529831,-0.09375501,-0.7449599,-0.6110603,0.26765662
1356626312748,0.22708167,0.23753689,0.9444629,-0.6296465,0.77565217,-0.043691337,-0.74295306,-0.58475626,0.32570064
1356626312786,0.30925232,0.21920438,0.92537147,-0.5918327,0.8060317,0.006851226,-0.74437696,-0.5497838,0.37899953
1356626312826,0.3825657,0.19126032,0.9039153,-0.5435788,0.8376951,0.052811116,-0.74710476,-0.51155293,0.42443848
1356626312866,0.44013062,0.15796101,0.8839306,-0.49481148,0.8641212,0.09195773,-0.74929744,-0.4778524,0.45848712
1356626312906,0.47814643,0.123995185,0.8694833,-0.45551378,0.8814381,0.1247962,-0.75092155,-0.45573246,0.477938
1356626312946,0.4966274,0.092842996,0.8629841,-0.43176723,0.8889421,0.15283641,-0.7529531,-0.44851097,0.48155954
1356626312985,0.49766523,0.06658366,0.8648098,-0.42467782,0.8880702,0.17601147,-0.7562924,-0.4548603,0.4702383
1356626313026,0.48207045,0.047274366,0.87485605,-0.43274146,0.881087,0.19084167,-0.7618024,-0.47058564,0.4452036
1356626313066,0.44866842,0.037272915,0.89292073,-0.4533702,0.87051433,0.19146861,-0.7701638,-0.49072957,0.4074707
1356626313106,0.3959989,0.0383642,0.9174492,-0.48254988,0.8587391,0.17237398,-0.78123647,-0.5109749,0.35857236
1356626313146,0.32517815,0.05024977,0.94431674,-0.51397336,0.84760714,0.13188456,-0.7937825,-0.5282396,0.30145037
1356626313186,0.2423867,0.0695952,0.96768034,-0.5402325,0.83816355,0.07503821,-0.80585206,-0.5409606,0.24075729
1356626313226,0.15725237,0.09124546,0.98333406,-0.5563808,0.8308425,0.0118795335,-0.81591177,-0.5489763,0.1814192
1356626313266,0.07914269,0.11026774,0.99074584,-0.56170017,0.8260012,-0.047062367,-0.8235467,-0.5527775,0.12730938
1356626313306,0.014172584,0.123481244,0.9922457,-0.5585954,0.8240315,-0.094569,-0.8293191,-0.55292356,0.08065474
1356626313346,-0.03531298,0.12971,0.9909229,-0.55056334,0.8249824,-0.12760885,-0.8340461,-0.55007213,0.04228103
1356626313386,-0.07013522,0.1294133,0.98910725,-0.54097146,0.82814574,-0.14671233,-0.8381115,-0.54536855,0.01192677
1356626313426,-0.093359746,0.12410848,0.98786694,-0.53263754,0.832053,-0.15487078,-0.8411785,-0.5406337,-0.01157546
1356626313466,-0.10859716,0.11554845,0.98734754,-0.52762043,0.835078,-0.15576081,-0.84251016,-0.5378599,-0.02972138
1356626313506,-0.118011214,0.10488565,0.98745745,-0.5268585,0.8362887,-0.15179376,-0.8417205,-0.5381637,-0.04343152
1356626313546,-0.12158424,0.09245232,0.9882661,-0.52978384,0.8359256,-0.14337899,-0.83937263,-0.541,-0.052655637
1356626313586,-0.1180408,0.07811785,0.9899312,-0.53422815,0.8353434,-0.1296211,-0.8370583,-0.54414976,-0.05687183
1356626313626,-0.10718248,0.06227158,0.9922873,-0.5371991,0.83618575,-0.110501215,-0.8366176,-0.54489964,-0.056172192
1356626313666,-0.09183198,0.046501443,0.99468815,-0.53669536,0.83909285,-0.08877638,-0.83876395,-0.5419971,-0.052098453
1356626313713,-0.077008806,0.03319314,0.9964777,-0.5335816,0.84290355,-0.0693132,-0.8422353,-0.53704,-0.047199726
1356626313748,-0.06673843,0.024294645,0.9974747,-0.53157556,0.8451476,-0.05615084,-0.8443775,-0.5339806,-0.043489397
1356626313788,-0.061658405,0.020495802,0.99788696,-0.53467655,0.84355474,-0.050363004,-0.8428045,-0.53665197,-0.041053653
1356626313828,-0.05931917,0.021449745,0.9980086,-0.5447769,0.8370669,-0.050370887,-0.8364804,-0.54668003,-0.037968755
1356626313868,-0.056019127,0.026616096,0.9980749,-0.560905,0.82614887,-0.05351329,-0.8259828,-0.56282294,-0.03135103
1356626313908,-0.0487625,0.035786778,0.9981691,-0.5802928,0.8123774,-0.057474107,-0.81294686,-0.5820329,-0.01884675
1356626313948,-0.036624037,0.049382687,0.99810827,-0.5997909,0.7977915,-0.061480135,-0.7993183,-0.6009078,4.0096045E-4
1356626313988,-0.020748228,0.06819883,0.99745595,-0.61700404,0.7841495,-0.0664489,-0.7866863,-0.61681306,0.025809288
1356626314028,-0.0029581338,0.09272757,0.9956871,-0.63087857,0.77236336,-0.0738039,-0.7758759,-0.628376,0.056215048
1356626314068,0.016312897,0.12231588,0.9923572,-0.6414746,0.76259184,-0.083450586,-0.7669708,-0.63521063,0.09090263
1356626314125,0.03952448,0.15452097,0.98719865,-0.64884883,0.7553052,-0.09224591,-0.75989014,-0.6368967,0.13011378
1356626314146,0.07222317,0.18483129,0.98011285,-0.6515198,0.75279135,-0.09395304,-0.7551859,-0.6317773,0.1747902
1356626314187,0.11943324,0.20795892,0.9708187,-0.6458571,0.75892085,-0.083112895,-0.75405866,-0.61708367,0.2249521
1356626314227,0.17978805,0.22026193,0.95872873,-0.6282497,0.77566445,-0.060389936,-0.7569534,-0.5914637,0.2778347
1356626314253,0.23895997,0.2242197,0.9447876,-0.6034375,0.7965781,-0.036422044,-0.76076365,-0.56141686,0.32565284
1356626314294,0.3005142,0.21716884,0.92872435,-0.5672288,0.82351077,-0.009023786,-0.76677424,-0.5240874,0.37066108
1356626314337,0.3557693,0.20249102,0.91237354,-0.5271971,0.8495725,0.017021269,-0.77168083,-0.4870564,0.4090045
1356626314376,0.39875808,0.18470097,0.8982636,-0.49234402,0.86949134,0.03977701,-0.77368546,-0.45811614,0.43765312
1356626314416,0.42619598,0.16818438,0.88885945,-0.46958488,0.88094896,0.058471963,-0.7732057,-0.44231546,0.45443374
1356626314457,0.43642527,0.15622558,0.88607365,-0.46227342,0.883821,0.07185899,-0.7719043,-0.44096935,0.4579408
1356626314496,0.42861944,0.1512211,0.89074,-0.4698648,0.879391,0.076802135,-0.7716946,-0.45144618,0.44797754
1356626314536,0.40144613,0.15507953,0.902658,-0.4892189,0.869491,0.068192825,-0.7742777,-0.46897304,0.42492163
1356626314577,0.3529557,0.16903988,0.9202433,-0.5155834,0.85588014,0.04053302,-0.7807663,-0.48876858,0.38924193
1356626314616,0.28439492,0.19145648,0.93939555,-0.54194593,0.84038246,-0.007206723,-0.7908313,-0.507052,0.34275955
1356626314656,0.2005459,0.2185259,0.9550014,-0.56134343,0.82454926,-0.07079597,-0.80291647,-0.52188593,0.28802806
1356626314715,0.111260846,0.24423875,0.9633112,-0.56926554,0.810203,-0.13967036,-0.8145906,-0.53284,0.22918057
1356626314737,0.026937172,0.2635914,0.96425825,-0.5661617,0.7990077,-0.2026021,-0.8238539,-0.5404686,0.17075837
1356626314778,-0.064588115,0.30083904,0.9514854,-0.5539435,0.7822756,-0.28494105,-0.8300452,-0.545473,0.11612213
1356626314832,-0.109138444,0.28209627,0.95315814,-0.5414357,0.7872877,-0.29500073,-0.8336283,-0.5482698,0.06681365
1356626314857,-0.14537269,0.26504144,0.9532155,-0.5302149,0.7925483,-0.30122977,-0.8353077,-0.54919964,0.025314033
1356626314896,-0.17137457,0.24756843,0.95359355,-0.5214604,0.7984232,-0.30099764,-0.8358887,-0.54884464,-0.007732272
1356626314936,-0.18641578,0.22841525,0.95554996,-0.5164175,0.804621,-0.29308367,-0.8358003,-0.5480981,-0.032036424
1356626314976,-0.1916726,0.2079508,0.95917577,-0.51555634,0.8102672,-0.27869108,-0.8351427,-0.54792655,-0.048095703
1356626315016,-0.18844695,0.18677826,0.96415854,-0.5185907,0.8147873,-0.25920153,-0.83399737,-0.54884934,-0.056682706
1356626315056,-0.17777061,0.1653968,0.970073,-0.5241867,0.8183674,-0.23559089,-0.8328421,-0.55038047,-0.058782876
1356626315096,-0.16169015,0.144658,0.97618157,-0.5299227,0.8217493,-0.20954697,-0.8324892,-0.55118245,-0.056211233
1356626315136,-0.14410949,0.12604354,0.9815016,-0.5337205,0.82532245,-0.18435095,-0.83329153,-0.55041426,-0.05166477
1356626315177,-0.1295086,0.11118065,0.9853255,-0.53587747,0.82823634,-0.16388959,-0.8343038,-0.54923886,-0.04768455
1356626315218,-0.120296575,0.10100968,0.98758584,-0.5391882,0.8286415,-0.15043077,-0.83354956,-0.5505909,-0.04521948
1356626315258,-0.115657985,0.09550905,0.9886866,-0.5467779,0.82486343,-0.14364626,-0.829251,-0.55720586,-0.04317981
1356626315298,-0.11249356,0.09415814,0.9891812,-0.55970037,0.81654644,-0.14137672,-0.82102424,-0.569549,-0.0391559
1356626315338,-0.107348725,0.096492454,0.9895279,-0.5767237,0.8046736,-0.1410324,-0.8098555,-0.58582383,-0.030731201
1356626315378,-0.09757927,0.10244718,0.9899408,-0.59565306,0.79084826,-0.1405575,-0.79729277,-0.60337675,-0.016147435
1356626315418,-0.08273581,0.112749875,0.9901729,-0.61383635,0.776963,-0.13976218,-0.78508586,-0.6193674,0.004927337
1356626315458,-0.06392977,0.1279912,0.9897127,-0.6292969,0.76453876,-0.13952032,-0.7745311,-0.6317426,0.03166771
1356626315498,-0.042903125,0.14818662,0.98802835,-0.6411519,0.7543532,-0.14098024,-0.7662137,-0.63952476,0.06264603
1356626315538,-0.020358846,0.17223968,0.9848447,-0.6495292,0.74657685,-0.1439961,-0.7600641,-0.6426169,0.09667528
1356626315578,0.005862683,0.19757916,0.9802693,-0.65477127,0.74167585,-0.14557326,-0.7558043,-0.6409988,0.13371742
1356626315618,0.04046686,0.22053123,0.9745401,-0.6560855,0.7414835,-0.14054894,-0.75360084,-0.63369405,0.17469287
1356626315658,0.08835994,0.23688751,0.9675107,-0.6506028,0.74922234,-0.12402362,-0.7542603,-0.61850643,0.22032088
1356626315716,0.14993758,0.24330468,0.95829105,-0.6344584,0.76703763,-0.095476896,-0.7582753,-0.59368014,0.26937443
1356626315738,0.21923351,0.23855864,0.94605833,-0.60586953,0.793325,-0.059644997,-0.76476055,-0.56011176,0.31845886
1356626315778,0.2876744,0.22380921,0.93121046,-0.5670897,0.8233433,-0.022695854,-0.77178544,-0.52155083,0.36377472
1356626315818,0.34795594,0.20178045,0.9155387,-0.5242628,0.8514777,0.011587486,-0.7772227,-0.48401487,0.4020627
1356626315858,0.39652818,0.17557646,0.9010762,-0.4839872,0.8740338,0.04267651,-0.78007805,-0.45303178,0.4315558
1356626315898,0.43102914,0.14812087,0.8900978,-0.45274347,0.8887824,0.07133873,-0.7805365,-0.43373507,0.45015186
1356626315938,0.44969374,0.12270917,0.88471353,-0.4356901,0.89481705,0.09734772,-0.77971125,-0.42923754,0.4558568
1356626315978,0.45291486,0.10097267,0.8858176,-0.4337579,0.89300466,0.11998671,-0.7789238,-0.43857408,0.4482527
1356626316018,0.44167686,0.08398481,0.8932346,-0.4443841,0.88537776,0.13648808,-0.7793871,-0.45722288,0.42837238
1356626316058,0.41582006,0.07313034,0.90650177,-0.46400878,0.8743247,0.14231023,-0.7821697,-0.47980025,0.39749485
1356626316098,0.3740504,0.070095584,0.9247557,-0.48933142,0.86195946,0.13259189,-0.7878078,-0.50210804,0.35671628
1356626316138,0.31749484,0.074887946,0.94529825,-0.51575875,0.8501667,0.10587506,-0.7957323,-0.5211606,0.30854762
1356626316178,0.25009876,0.085890785,0.9644031,-0.5383288,0.840242,0.064772025,-0.80476874,-0.5353654,0.25638098
1356626316218,0.17773405,0.10019599,0.9789644,-0.5533029,0.83284116,0.01521343,-0.81379753,-0.5443678,0.20346296
1356626316258,0.10736427,0.114181966,0.9876413,-0.5594232,0.82814586,-0.034928977,-0.82189935,-0.54875934,0.1527893
1356626316298,0.044434875,0.12500532,0.9911606,-0.5580417,0.82602847,-0.07916115,-0.8286224,-0.54959136,0.10646266
1356626316338,-0.007416703,0.13074963,0.9913877,-0.55203736,0.82611567,-0.11308253,-0.83378637,-0.54812175,0.06605166
1356626316378,-0.04753664,0.13112688,0.99022514,-0.5444702,0.8277229,-0.13574596,-0.83743197,-0.54560107,0.03204757
1356626316418,-0.07678451,0.12649676,0.9889908,-0.5379199,0.82991785,-0.14791425,-0.8394917,-0.54335535,0.0043203235
1356626316458,-0.0969764,0.11786555,0.988283,-0.53438044,0.83153623,-0.15160817,-0.8396625,-0.5428215,-0.01765436
1356626316498,-0.11003416,0.106414765,0.98821473,-0.5352936,0.8313968,-0.14913104,-0.83746827,-0.54539454,-0.034518898
1356626316538,-0.11741158,0.09323609,0.9886969,-0.5409994,0.82887805,-0.14241068,-0.832787,-0.5516051,-0.046879172
1356626316578,-0.11963171,0.07914086,0.9896591,-0.5501191,0.82451814,-0.13243423,-0.8264729,-0.56027365,-0.055101633
1356626316618,-0.11650154,0.06468801,0.9910817,-0.55947596,0.8202157,-0.11930187,-0.82061815,-0.56838524,-0.059364974
1356626316658,-0.108013816,0.05070585,0.9928554,-0.56609845,0.8178328,-0.1033538,-0.81723034,-0.5732176,-0.05963272
1356626316715,-0.09604671,0.03847152,0.9946331,-0.5680434,0.81843925,-0.086509556,-0.81737494,-0.5733037,-0.056754947
1356626316738,-0.08476633,0.029920936,0.99595153,-0.5653623,0.8216236,-0.072802186,-0.8204756,-0.56924456,-0.052729845
1356626316778,-0.07817271,0.02660507,0.99658483,-0.56045437,0.82555115,-0.066001505,-0.82448775,-0.56369984,-0.049624622
1356626316818,-0.07747084,0.02889198,0.99657583,-0.55706495,0.82773733,-0.067301705,-0.82684755,-0.56037146,-0.048030794
1356626316858,-0.08066863,0.035983056,0.99609125,-0.55802405,0.8264244,-0.07504563,-0.8258945,-0.5618967,-0.04658711
1356626316898,-0.084251285,0.046765715,0.9953465,-0.5641016,0.82117987,-0.086331084,-0.8213958,-0.56875,-0.042804837
1356626316939,-0.084703416,0.060489297,0.9945684,-0.57443386,0.8126216,-0.09834562,-0.8141566,-0.57964396,-0.034084678
1356626316978,-0.07953721,0.07699573,0.9938538,-0.5874065,0.8018998,-0.10913432,-0.805374,-0.5924765,-0.018553078
1356626317018,-0.06823698,0.09670186,0.9929716,-0.60126513,0.7902471,-0.11827816,-0.7961307,-0.6051101,0.004219353
1356626317058,-0.052424923,0.12020448,0.991364,-0.6145867,0.77857476,-0.12690377,-0.78710544,-0.615932,0.0330593
1356626317098,-0.034667835,0.14760152,0.98843914,-0.62666965,0.7672286,-0.13654804,-0.7785135,-0.6241587,0.06589925
1356626317138,-0.016483173,0.17788865,0.9839126,-0.6374709,0.7562423,-0.14740585,-0.7702981,-0.6296453,0.10093355
1356626317178,0.0040800124,0.20838374,0.97803855,-0.6467775,0.7464809,-0.15634929,-0.7626678,-0.6319355,0.13782358
1356626317218,0.031739578,0.23530367,0.9714036,-0.65294874,0.74071956,-0.1580905,-0.7567369,-0.6292589,0.17715132
1356626317258,0.07163058,0.25430274,0.9644683,-0.6526593,0.7431597,-0.14747728,-0.75425786,-0.61890537,0.21920604
1356626317298,0.12485503,0.26217735,0.9569087,-0.64250165,0.7562866,-0.12337817,-0.75604415,-0.5994111,0.26287556
1356626317338,0.18809398,0.25761175,0.94776416,-0.62099046,0.77881193,-0.08844662,-0.7609149,-0.5719162,0.30646425
1356626317378,0.25393242,0.24199167,0.9364605,-0.5905436,0.8055748,-0.048036426,-0.7660134,-0.54082274,0.3474682
1356626317418,0.31658357,0.21811315,0.9231476,-0.5550475,0.8317957,-0.0061817467,-0.7692185,-0.5104337,0.38439602
1356626317458,0.371781,0.18925247,0.9088247,-0.5188236,0.85419035,0.034364298,-0.7698058,-0.48429573,0.4157604
1356626317498,0.41538632,0.15942249,0.8955662,-0.4867808,0.8706507,0.070794135,-0.7684392,-0.4653513,0.43926018
1356626317538,0.4431997,0.1329167,0.88651407,-0.46454012,0.87985104,0.10032228,-0.7666658,-0.45628414,0.45169485
1356626317578,0.4529131,0.11282869,0.8843865,-0.4559307,0.8817519,0.1209992,-0.7661573,-0.45802104,0.45079902
1356626317618,0.44379562,0.10092774,0.89042634,-0.46133187,0.87758374,0.13045943,-0.7682567,-0.46867937,0.436029
1356626317658,0.41652995,0.09762783,0.9038648,-0.4772343,0.869698,0.12598747,-0.77378947,-0.48383284,0.40884662
1356626317716,0.3686321,0.10498078,0.92362845,-0.50051916,0.85968965,0.10205029,-0.78332055,-0.49991268,0.3694541
1356626317738,0.3009395,0.12235062,0.945762,-0.52550834,0.8488498,0.057402298,-0.7957867,-0.51428044,0.3197487
1356626317778,0.21788764,0.14710219,0.9648243,-0.54608625,0.8377174,-0.004399389,-0.80889726,-0.5259187,0.26285875
1356626317818,0.1280655,0.174466,0.9762996,-0.5578161,0.82661,-0.074545085,-0.82002467,-0.53504896,0.20318013
1356626317858,0.041127965,0.19953084,0.979028,-0.5599274,0.816141,-0.14281166,-0.82752025,-0.5423111,0.145289
1356626317898,-0.035635933,0.21899089,0.97507596,-0.5545851,0.8073399,-0.20158763,-0.83136356,-0.5479464,0.092678785
1356626317938,-0.098158166,0.23138948,0.96789664,-0.54505605,0.8012436,-0.246825,-0.8326337,-0.5517858,0.047471642
1356626317978,-0.1458203,0.23702751,0.960497,-0.5344241,0.7981547,-0.27810037,-0.83254266,-0.55386543,0.010286033
1356626318018,-0.18046883,0.23725748,0.95453644,-0.52498925,0.79743385,-0.2974652,-0.8317555,-0.55480456,-0.019354343
1356626318058,-0.204852,0.23372996,0.9504767,-0.5184118,0.7977724,-0.30790973,-0.83023185,-0.55581427,-0.04225695
1356626318098,-0.22100544,0.22767925,0.9483242,-0.5160144,0.7978155,-0.31180057,-0.8275783,-0.55825853,-0.058835804
1356626318138,-0.22961672,0.21974434,0.9481501,-0.51830554,0.7969457,-0.31022084,-0.82379335,-0.5626633,-0.06909734
1356626318178,-0.23058249,0.21024981,0.95006675,-0.52419806,0.7957462,-0.3033223,-0.8197854,-0.56796396,-0.073272586
1356626318218,-0.22400695,0.19966617,0.9539153,-0.53129864,0.7955362,-0.2912798,-0.8170329,-0.57206255,-0.07212329
1356626318258,-0.2106645,0.18880028,0.9591533,-0.53727484,0.7973313,-0.274952,-0.8166739,-0.57325155,-0.06653172
1356626318298,-0.1920617,0.17876802,0.96496344,-0.54093105,0.8011341,-0.25608152,-0.8188443,-0.5711621,-0.05716604
1356626318338,-0.17173886,0.1713269,0.9701304,-0.54201174,0.80588466,-0.23827133,-0.8226355,-0.5667424,-0.04554051
1356626318378,-0.15416269,0.16812652,0.9736362,-0.5405674,0.8105027,-0.22554862,-0.8270555,-0.56108713,-0.034065604
1356626318418,-0.14410764,0.17076857,0.9747159,-0.53725064,0.8136853,-0.22198653,-0.8310203,-0.5556567,-0.025512755
1356626318458,-0.1430508,0.179349,0.97332954,-0.5338458,0.81413037,-0.22847407,-0.8333938,-0.5522913,-0.020717323
1356626318498,-0.1491522,0.19287308,0.9698214,-0.53243893,0.810799,-0.24313319,-0.8332241,-0.55263454,-0.01823932
