1356626359877,-0.072909325,0.22905277,0.97067964,-0.24850075,0.9384022,-0.2401015,-0.96588385,-0.25872028,-0.011498451
1356626359906,-0.07446757,0.23490007,0.96916276,-0.24802653,0.9369589,-0.2461523,-0.9658868,-0.25870845,-0.011511564
1356626359933,-0.074525565,0.23498012,0.969139,-0.24796836,0.9369501,-0.24624401,-0.9658973,-0.2586673,-0.011559129
1356626359965,-0.07468581,0.23528099,0.96905357,-0.24780196,0.9369073,-0.24657437,-0.96592766,-0.258549,-0.011670589
1356626360007,-0.07511142,0.23624614,0.9687858,-0.24739265,0.9367416,-0.24761263,-0.96599954,-0.25826904,-0.011914432
1356626360048,-0.076408565,0.2397697,0.9678183,-0.24662143,0.9359505,-0.25134528,-0.96609503,-0.25788963,-0.0123823285
1356626360087,-0.07949221,0.24777791,0.9655501,-0.24529567,0.93396914,-0.25986844,-0.9661837,-0.2575028,-0.013464451
1356626360127,-0.08507228,0.26190406,0.96133703,-0.24322699,0.9301869,-0.27494165,-0.9662315,-0.25721303,-0.015430987
1356626360168,-0.092847854,0.28109583,0.9551777,-0.24031605,0.9246336,-0.29546705,-0.96624404,-0.256978,-0.018298447
1356626360208,-0.10178709,0.3038858,0.94725543,-0.23660079,0.91748273,-0.31975842,-0.9662606,-0.2566687,-0.021488309
1356626360247,-0.11022859,0.32781643,0.9382889,-0.2324227,0.9093646,-0.3450156,-0.9663485,-0.2561102,-0.024046004
1356626360290,-0.116586894,0.34964466,0.92959994,-0.22837313,0.90146506,-0.36770415,-0.9665677,-0.25516516,-0.0252496
1356626360329,-0.11996842,0.36806092,0.92202973,-0.2250242,0.89448446,-0.38634393,-0.96693933,-0.25382802,-0.024487317
1356626360368,-0.12019517,0.3823418,0.91617024,-0.22284144,0.8889196,-0.40020466,-0.9674165,-0.25226337,-0.021642208
1356626360408,-0.11681032,0.3914978,0.91273487,-0.22221386,0.8854241,-0.408222,-0.9679754,-0.25050685,-0.016430438
1356626360450,-0.11058366,0.39602727,0.9115556,-0.22294241,0.88392293,-0.41106802,-0.96853906,-0.24868184,-0.009456158
1356626360488,-0.10301241,0.39710328,0.91197443,-0.22446933,0.88391995,-0.41024253,-0.9690211,-0.24697039,-0.001917243
1356626360528,-0.09596339,0.3964473,0.91302824,-0.22608662,0.884606,-0.40786877,-0.9693688,-0.24556395,0.004741609
1356626360569,-0.09061417,0.3955412,0.91396725,-0.22731255,0.8853017,-0.40567213,-0.96959686,-0.2445159,0.009690583
1356626360608,-0.08728075,0.3952484,0.9144183,-0.22792083,0.8856502,-0.40456864,-0.9697599,-0.24372604,0.012785137
1356626360648,-0.08571256,0.39583823,0.9143115,-0.2278355,0.8855848,-0.40475994,-0.9699198,-0.24300562,0.01428026
1356626360688,-0.08559325,0.39718223,0.9137396,-0.2270934,0.8851875,-0.40604392,-0.9701043,-0.24225888,0.014431357
1356626360728,-0.086608805,0.39881012,0.9129344,-0.2259734,0.88462853,-0.40788263,-0.97027564,-0.24162517,0.0135038495
1356626360768,-0.08838296,0.40009016,0.912204,-0.2248637,0.8841337,-0.40956554,-0.9703735,-0.24132022,0.011823416
1356626360809,-0.0906054,0.40056333,0.9117783,-0.22402415,0.8838812,-0.41056934,-0.9703627,-0.24146017,0.0096514225
1356626360847,-0.09306151,0.4001192,0.91172594,-0.22359347,0.8839129,-0.4107358,-0.97022957,-0.24207968,0.0072057843
1356626360918,-0.0954639,0.39878052,0.9120641,-0.2237369,0.88420916,-0.41001964,-0.9699632,-0.24320443,0.004811883
1356626360928,-0.09753548,0.3965091,0.91283476,-0.22458619,0.88478017,-0.40831983,-0.9695606,-0.2448358,0.0027530193
1356626360966,-0.09907489,0.39294115,0.9142108,-0.22609106,0.8858134,-0.4052375,-0.9690547,-0.24684376,0.0010786057
1356626361007,-0.09991786,0.3873444,0.9165047,-0.2281237,0.88766,-0.40002394,-0.9684916,-0.24904597,-3.3068657E-4
1356626361046,-0.09970372,0.3783427,0.9202803,-0.23061644,0.8909178,-0.3912564,-0.9679231,-0.2512415,-0.001575768
1356626361086,-0.0979676,0.36439064,0.92607874,-0.23358694,0.8961395,-0.37732086,-0.967388,-0.25328514,-0.0026757717
1356626361127,-0.09430506,0.34430364,0.9341101,-0.2370188,0.9035467,-0.35696703,-0.9669171,-0.25506544,-0.003602624
1356626361167,-0.08853826,0.31775662,0.9440295,-0.24072145,0.91283274,-0.3298326,-0.96654755,-0.25645095,-0.0043298006
1356626361206,-0.08080739,0.28551656,0.954961,-0.24428947,0.9231992,-0.29669172,-0.96632963,-0.2572618,-0.004852593
1356626361247,-0.071585774,0.2493648,0.9657602,-0.2472592,0.9335857,-0.259385,-0.9663014,-0.25736135,-0.005173743
1356626361286,-0.061515894,0.21191144,0.97535086,-0.24909517,0.9430208,-0.22059776,-0.9665233,-0.25652546,-0.005224645
1356626361326,-0.05112418,0.17556354,0.98313975,-0.24972877,0.950906,-0.18279353,-0.9669653,-0.25486344,-0.004770994
1356626361366,-0.040611595,0.14238572,0.98897773,-0.24926409,0.9570558,-0.14802566,-0.9675836,-0.2525282,-0.0033758879
1356626361406,-0.029779464,0.113585144,0.99308187,-0.24805406,0.9616033,-0.11742313,-0.96828836,-0.24983479,-4.608035E-4
1356626361446,-0.018098086,0.089557976,0.9958172,-0.24647209,0.96484435,-0.09125185,-0.9689809,-0.2470926,0.004611671
1356626361486,-0.004706802,0.06995759,0.99753886,-0.24468532,0.9671457,-0.06898065,-0.9695911,-0.24440779,0.012565434
1356626361527,0.012070356,0.053364404,0.99850214,-0.24244091,0.9689354,-0.04885348,-0.9700911,-0.24148807,0.02463311
1356626361567,0.033957988,0.03820309,0.99869275,-0.23910773,0.97055995,-0.028996691,-0.970399,-0.2378105,0.04209292
1356626361606,0.061781198,0.023574501,0.9978112,-0.23392594,0.9722173,-0.008485898,-0.97028947,-0.23288968,0.065579414
1356626361647,0.09441227,0.010336049,0.9954796,-0.22630978,0.97398925,0.011350527,-0.9694691,-0.22635837,0.09429568
1356626361687,0.1295433,3.932491E-4,0.99157363,-0.21617338,0.9759576,0.027854726,-0.96772283,-0.21796022,0.12651378
1356626361726,0.16516003,-0.0045647547,0.9862562,-0.2040565,0.9781939,0.03869906,-0.9649264,-0.20764354,0.16062707
1356626361767,0.20018256,-0.0038516745,0.97975093,-0.19082022,0.9806896,0.0428437,-0.96099657,-0.19553286,0.19558197
1356626361807,0.23463798,0.0014882386,0.97208166,-0.17685646,0.98337466,0.041183516,-0.9558592,-0.18158214,0.23100024
1356626361846,0.26868844,0.009536736,0.96318,-0.16201293,0.98615235,0.0354309,-0.9495043,-0.16556749,0.2665128
1356626361917,0.3021336,0.01794833,0.9530966,-0.14580598,0.9889282,0.02759771,-0.9420488,-0.14730538,0.30140537
1356626361927,0.334826,0.024191719,0.9419694,-0.12741792,0.991651,0.01982345,-0.93362534,-0.1266612,0.335113
1356626361965,0.3639532,0.028925091,0.93096805,-0.10946813,0.9939189,0.01191457,-0.92496204,-0.10624768,0.36490637
1356626362006,0.389478,0.029845042,0.92055213,-0.09176829,0.9957589,0.006543096,-0.91645265,-0.08702588,0.39056504
1356626362047,0.41075084,0.027162952,0.9113429,-0.075501405,0.99713635,0.0043091327,-0.9086161,-0.07057765,0.41162544
1356626362087,0.42720824,0.021415435,0.90389967,-0.06207326,0.9980554,0.005691368,-0.90202,-0.058539394,0.42770684
1356626362126,0.437809,0.014023205,0.8989587,-0.053947657,0.99848646,0.0106977,-0.89744806,-0.053180262,0.43790287
1356626362167,0.44092774,0.007117266,0.8975144,-0.054326504,0.99834675,0.018772475,-0.895897,-0.057036124,0.44058543
1356626362207,0.43516338,0.0026705973,0.90034753,-0.06528127,0.99745715,0.028593637,-0.8979817,-0.07121874,0.43423116
1356626362247,0.4202158,0.0013689399,0.9074232,-0.08589642,0.9955686,0.038275592,-0.9033496,-0.094028406,0.41847122
1356626362288,0.39658296,0.003065519,0.91799384,-0.11273528,0.99258786,0.045388214,-0.9110504,-0.12149047,0.39398903
1356626362328,0.3645565,0.0080183,0.9311467,-0.14184925,0.98877084,0.04702137,-0.92031366,-0.14922442,0.36160022
1356626362368,0.32406044,0.016970702,0.94588417,-0.16998577,0.984611,0.040571697,-0.93063945,-0.17393455,0.32195824
1356626362408,0.27523294,0.030459747,0.9608949,-0.19483922,0.9805235,0.024726607,-0.9414268,-0.1940256,0.27580714
1356626362448,0.21981865,0.0474959,0.9743839,-0.21459249,0.97670335,8.025989E-4,-0.9516459,-0.20927188,0.22488987
1356626362488,0.16115522,0.065907,0.984726,-0.2281776,0.9732227,-0.027794719,-0.9601895,-0.22021316,0.1718784
1356626362528,0.10377991,0.0827551,0.99115163,-0.23542817,0.97025627,-0.05635962,-0.9663351,-0.227496,0.12017602
1356626362568,0.051983356,0.09566161,0.9940556,-0.23705968,0.96813166,-0.08077001,-0.97010326,-0.23145181,0.073004246
1356626362608,0.00829923,0.10381764,0.9945617,-0.23412526,0.9671524,-0.099002846,-0.97217095,-0.23203039,0.032332957
1356626362648,-0.026247472,0.1074698,0.9938618,-0.22775507,0.967414,-0.110624805,-0.9733646,-0.2292607,-9.1534853E-4
1356626362688,-0.051683784,0.10754877,0.9928555,-0.21923053,0.9687114,-0.11634562,-0.9743032,-0.22367743,-0.026488662
1356626362727,-0.06865147,0.10503772,0.9920957,-0.21006131,0.970626,-0.117300525,-0.9752749,-0.2164538,-0.044570565
1356626362768,-0.07842544,0.10087168,0.9918036,-0.20159754,0.9727092,-0.11487071,-0.97632366,-0.20895396,-0.055949688
1356626362807,-0.08269188,0.095809326,0.991959,-0.1948048,0.9746121,-0.110373214,-0.97735,-0.20236535,-0.06192839
1356626362848,-0.08430606,0.09689353,0.9917178,-0.18954808,0.97552854,-0.11142531,-0.9782454,-0.19737202,-0.06387699
1356626362918,-0.08139011,0.08876331,0.99272186,-0.1868182,0.9770141,-0.10267545,-0.9790172,-0.19381528,-0.06293672
1356626362928,-0.07684392,0.08197504,0.99366754,-0.1844973,0.9782339,-0.094969645,-0.97982436,-0.19062681,-0.06004715
1356626362965,-0.07158792,0.07696623,0.99446034,-0.18096235,0.9794699,-0.08883293,-0.9808811,-0.18631925,-0.056190252
1356626363006,-0.06651205,0.074225575,0.9950209,-0.17497748,0.9809078,-0.08486913,-0.9823232,-0.17975108,-0.05225438
1356626363046,-0.06275153,0.07450546,0.99524426,-0.1664296,0.98246527,-0.084042415,-0.98405457,-0.1709119,-0.049251318
1356626363087,-0.061511725,0.07857294,0.99500895,-0.15683168,0.98375237,-0.08737941,-0.985708,-0.16142376,-0.04818958
1356626363126,-0.063349724,0.08667278,0.99422055,-0.14934924,0.9841799,-0.095313706,-0.98675305,-0.1545242,-0.04940301
1356626363168,-0.06774452,0.09812912,0.99286526,-0.14747515,0.9832349,-0.10723973,-0.98674303,-0.15368785,-0.052137136
1356626363208,-0.07363868,0.11166848,0.9910134,-0.15328316,0.9806362,-0.121889114,-0.9854348,-0.16088143,-0.05509585
1356626363248,-0.079886615,0.12579669,0.98883426,-0.16660686,0.9763652,-0.13767037,-0.9827819,-0.1757446,-0.057039917
1356626363288,-0.084983975,0.13878973,0.9866687,-0.18606545,0.97062117,-0.15255864,-0.97885513,-0.19655,-0.056663275
1356626363328,-0.08665496,0.14890487,0.9850474,-0.20982762,0.9638588,-0.1641605,-0.97389084,-0.22091545,-0.052278757
1356626363368,-0.0823755,0.15499076,0.9844756,-0.23587567,0.9567341,-0.17036004,-0.96828556,-0.2462473,-0.0422529
1356626363408,-0.070504665,0.1571519,0.98505455,-0.26198983,0.949926,-0.1702994,-0.9624918,-0.2700812,-0.025802016
1356626363448,-0.05126,0.15700164,0.9862672,-0.2857713,0.9439651,-0.16512027,-0.956926,-0.29031092,-0.0035210848
1356626363489,-0.026013106,0.15659529,0.9873202,-0.30559197,0.9391291,-0.15700334,-0.95180714,-0.30580127,0.023424625
1356626363528,0.0031151734,0.15783978,0.98745984,-0.320951,0.9353809,-0.14850277,-0.9470907,-0.31646362,0.053572714
1356626363568,0.035419703,0.16068229,0.98637044,-0.33192027,0.9328538,-0.14004534,-0.9426422,-0.32243598,0.08637512
1356626363608,0.071663946,0.16356826,0.9839255,-0.33768988,0.93218493,-0.13037136,-0.93852526,-0.3229188,0.12203938
1356626363648,0.113818735,0.16328818,0.97999096,-0.33576104,0.93468475,-0.116743,-0.93504536,-0.31575525,0.16121048
1356626363688,0.16279677,0.15653038,0.974164,-0.32274848,0.94146603,-0.09734051,-0.932379,-0.29856324,0.20378757
1356626363728,0.2163794,0.1416374,0.9659807,-0.2967469,0.9521513,-0.07313841,-0.93011886,-0.27082616,0.24805641
1356626363768,0.26998177,0.11912167,0.9554684,-0.25919956,0.96467805,-0.047029197,-0.9273217,-0.23495996,0.29132175
1356626363808,0.31811756,0.09164237,0.9436116,-0.215924,0.9761621,-0.022009693,-0.9231349,-0.19674674,0.3303221
1356626363848,0.35754794,0.062122826,0.93182635,-0.17355922,0.984823,9.398386E-4,-0.91762567,-0.16206306,0.36290342
1356626363915,0.38641167,0.03345074,0.9217196,-0.1384336,0.99012506,0.022102099,-0.9118784,-0.13613747,0.38722658
1356626363938,0.40216592,0.0065958723,0.915543,-0.11541563,0.9923622,0.04354873,-0.908263,-0.12318179,0.3998555
1356626363978,0.4030699,-0.010496873,0.915109,-0.109663144,0.99217534,0.05968323,-0.908575,-0.12441024,0.3987649
1356626364018,0.3899334,-0.017739456,0.92067224,-0.11984253,0.99033344,0.06983875,-0.9130114,-0.13756815,0.38403815
1356626364058,0.36440742,-0.016211402,0.9310985,-0.14089787,0.98737806,0.072335005,-0.92051893,-0.15754922,0.35752374
1356626364098,0.32757694,-0.006557904,0.94480175,-0.16659641,0.98390734,0.06459081,-0.930021,-0.17855905,0.32121283
1356626364137,0.28034124,0.010778934,0.9598399,-0.19140749,0.9804835,0.04489378,-0.9406232,-0.19630611,0.27693313
1356626364178,0.22432089,0.034851335,0.9738919,-0.21153596,0.97727346,0.013751686,-0.95127946,-0.20909797,0.22659516
1356626364218,0.16310185,0.06293026,0.9846002,-0.22478554,0.97408694,-0.02502194,-0.9606608,-0.21724275,0.1730212
1356626364258,0.101395875,0.0913521,0.990643,-0.23063686,0.97080463,-0.065916196,-0.96774244,-0.22179519,0.11950475
1356626364298,0.04456985,0.11584378,0.992267,-0.22991177,0.9677819,-0.10265825,-0.9721904,-0.2235584,0.06976771
1356626364338,-0.0040554143,0.13422897,0.9909421,-0.22404292,0.96563715,-0.13171816,-0.9745709,-0.22254771,0.026157022
1356626364378,-0.042466696,0.14528205,0.98847854,-0.21454482,0.96496445,-0.15104328,-0.9757905,-0.21848725,-0.009809375
1356626364418,-0.07021177,0.14924781,0.9863038,-0.20293434,0.96593046,-0.16061114,-0.9766718,-0.21143173,-0.03753221
1356626364458,-0.08845341,0.14760014,0.9850838,-0.19060868,0.96817625,-0.1621821,-0.97767293,-0.2021111,-0.057504654
1356626364498,-0.09977192,0.14274995,0.9847172,-0.17897488,0.9709393,-0.15888645,-0.97878164,-0.19209208,-0.07132381
1356626364538,-0.107041866,0.13702744,0.9847668,-0.16986054,0.9733758,-0.15390585,-0.97963744,-0.18374737,-0.080916405
1356626364578,-0.11201462,0.13152808,0.9849635,-0.16520575,0.9749423,-0.14897786,-0.9798774,-0.17940934,-0.08747864
1356626364618,-0.1149323,0.1258944,0.98536354,-0.16544506,0.9756566,-0.14395164,-0.97949916,-0.17956822,-0.09130585
1356626364658,-0.11510494,0.119121626,0.98618495,-0.16885327,0.97598934,-0.1375982,-0.978897,-0.18235879,-0.09222716
1356626364698,-0.11171922,0.11033823,0.9875953,-0.17227584,0.9766182,-0.12860009,-0.978693,-0.18450588,-0.09009844
1356626364738,-0.10495439,0.09987371,0.98944926,-0.17278363,0.97798085,-0.11704389,-0.979352,-0.18324491,-0.08538681
1356626364778,-0.09651622,0.08957565,0.9912925,-0.16942531,0.979929,-0.10504472,-0.98080564,-0.17808855,-0.079402626
1356626364823,-0.08860195,0.08168928,0.9927117,-0.16382809,0.9818634,-0.09541863,-0.9825019,-0.17108834,-0.073611975
1356626364856,-0.08350307,0.07882677,0.9933849,-0.16067983,0.9827571,-0.09149005,-0.983468,-0.16725662,-0.06939739
1356626364929,-0.081177294,0.07968767,0.993509,-0.16438402,0.9820777,-0.09220222,-0.9830504,-0.17080173,-0.06662303
1356626364939,-0.08056113,0.08468121,0.99314594,-0.17633083,0.9794586,-0.097817615,-0.9810287,-0.18300258,-0.06397438
1356626364977,-0.07965863,0.09308512,0.9924664,-0.19300959,0.97534835,-0.10697117,-0.9779579,-0.2000767,-0.059728622
1356626365016,-0.07520011,0.102101594,0.9919275,-0.21364626,0.9699948,-0.11604097,-0.9740124,-0.2206479,-0.051130056
1356626365056,-0.06516415,0.112363935,0.9915281,-0.23585555,0.963752,-0.12471686,-0.96960086,-0.24198447,-0.03630042
1356626365096,-0.04915378,0.12475658,0.99096906,-0.25761783,0.9570135,-0.13326007,-0.96499586,-0.26184154,-0.01490128
1356626365136,-0.028512444,0.1409421,0.9896072,-0.2775736,0.949958,-0.14329256,-0.96028125,-0.27877444,0.012036204
1356626365176,-0.004940659,0.16200265,0.98677796,-0.29521394,0.9425725,-0.15622342,-0.9554184,-0.29208243,0.043168485
1356626365216,0.021470133,0.1866717,0.9821877,-0.31038415,0.9351155,-0.17094047,-0.9503687,-0.30118537,0.078017
1356626365256,0.052961648,0.21098414,0.9760536,-0.32198784,0.92882895,-0.18330464,-0.94526124,-0.3045693,0.11712664
1356626365296,0.09308725,0.22899896,0.96896553,-0.3270241,0.92623186,-0.18748279,-0.94042015,-0.29942283,0.16110855
1356626365336,0.14309487,0.23585987,0.96119404,-0.3213778,0.92963356,-0.18027134,-0.936077,-0.28311056,0.20882595
1356626365378,0.19920686,0.23051524,0.9524596,-0.30282444,0.9388498,-0.16388565,-0.93199456,-0.2557809,0.256831
1356626365418,0.25440177,0.21559966,0.94276005,-0.2735868,0.95105684,-0.14367023,-0.92759365,-0.22137678,0.30093575
1356626365458,0.30259347,0.19505545,0.9329472,-0.23953447,0.96298254,-0.12364412,-0.9225294,-0.18605912,0.33811474
1356626365498,0.3412115,0.17172948,0.9241665,-0.20663878,0.97282314,-0.10447779,-0.9169925,-0.1553196,0.36742443
1356626365538,0.3704601,0.14708121,0.9171295,-0.17874189,0.98021764,-0.08499874,-0.9114882,-0.1324408,0.3894211
1356626365578,0.3912074,0.12241682,0.9121244,-0.15774554,0.98536515,-0.064589925,-0.9066825,-0.1186155,0.40479285
1356626365618,0.4032132,0.10036561,0.90958554,-0.14501701,0.98841536,-0.04477879,-0.9035426,-0.11384998,0.41309685
1356626365658,0.404948,0.08494627,0.9103852,-0.14211452,0.98942214,-0.02910716,-0.90322787,-0.117592074,0.4127366
1356626365698,0.39549646,0.07901837,0.91506207,-0.1492221,0.98858345,-0.020872299,-0.9062644,-0.12829258,0.40277255
1356626365738,0.37542322,0.08311689,0.9231191,-0.16404867,0.98620504,-0.022080168,-0.91222006,-0.14314707,0.38387948
1356626365778,0.3457322,0.096721,0.93333495,-0.1824998,0.98261005,-0.034224555,-0.92041457,-0.15850092,0.3573715
1356626365818,0.30617744,0.12067266,0.9442953,-0.20073654,0.97781414,-0.05986945,-0.9305699,-0.17122388,0.32360804
1356626365858,0.2576191,0.15419479,0.9538639,-0.21506198,0.9715722,-0.09897354,-0.9420089,-0.17964238,0.28345698
1356626365917,0.20205966,0.19541496,0.9596796,-0.22315842,0.9633015,-0.14916664,-0.9536102,-0.18402001,0.23825288
1356626365939,0.14267924,0.24097292,0.9599868,-0.22426541,0.9525552,-0.20577571,-0.9640268,-0.18593192,0.18995172
1356626365978,0.08328107,0.2868545,0.95434725,-0.21921451,0.9394891,-0.26325876,-0.9721159,-0.18728231,0.14112431
1356626366018,0.028154902,0.32879066,0.943983,-0.20982802,0.9252615,-0.31601167,-0.9773328,-0.1891768,0.09504014
1356626366058,-0.020133793,0.3646526,0.9309259,-0.19803885,0.9112111,-0.3612132,-0.9799873,-0.19163209,0.053869247
1356626366098,-0.05955869,0.39282453,0.9176828,-0.18569101,0.89890885,-0.39683968,-0.9808015,-0.19404067,0.01940614
1356626366138,-0.089295566,0.41287738,0.9063987,-0.1745116,0.889471,-0.42235893,-0.9805978,-0.19589186,-0.007373929
1356626366178,-0.109843336,0.42542487,0.8983029,-0.16569394,0.88328797,-0.43857482,-0.9800408,-0.19701788,-0.026533008
1356626366218,-0.12259389,0.43158376,0.8937036,-0.1597839,0.8801658,-0.44696447,-0.97950995,-0.19759455,-0.038942814
1356626366258,-0.12892637,0.43215683,0.89253485,-0.15707585,0.8797841,-0.4486726,-0.9791349,-0.19804138,-0.045545936
1356626366298,-0.12958539,0.4272082,0.89481884,-0.15749222,0.8821045,-0.44394568,-0.97898096,-0.1984559,-0.04702592
1356626366338,-0.12437623,0.4161027,0.9007714,-0.15996782,0.8875359,-0.4320767,-0.9792552,-0.1978345,-0.04382533
1356626366378,-0.11377897,0.39922047,0.90976775,-0.16208929,0.89598596,-0.4134443,-0.98019457,-0.19450489,-0.03723502
1356626366437,-0.100498706,0.37992296,0.9195426,-0.16205958,0.9056281,-0.3918858,-0.98165005,-0.18840465,-0.029444337
1356626366457,-0.08880102,0.36391154,0.9271907,-0.16119006,0.9133479,-0.37391624,-0.9829201,-0.1826581,-0.022447288
1356626366497,-0.082016945,0.35633925,0.9307499,-0.16339406,0.91645235,-0.36526355,-0.9831457,-0.18203685,-0.016940892
1356626366538,-0.0808076,0.3595675,0.92961353,-0.17162606,0.9137138,-0.36833635,-0.98184246,-0.18931028,-0.012123823
1356626366563,-0.08311367,0.37264907,0.92424285,-0.1828422,0.9060049,-0.38173795,-0.97962284,-0.20071822,-0.007165432
1356626366603,-0.087103784,0.39098155,0.9162676,-0.20121317,0.8939017,-0.40056583,-0.97566706,-0.2192559,8.084178E-4
1356626366646,-0.09190189,0.4196789,0.9030081,-0.22309038,0.87511635,-0.4294206,-0.9704559,-0.24091701,0.013201475
1356626366686,-0.095820904,0.4566105,0.8844915,-0.24587421,0.85018814,-0.46553838,-0.9645539,-0.26208198,0.030802965
1356626366726,-0.09789193,0.4996523,0.86067694,-0.26822194,0.8195821,-0.5063025,-0.9583706,-0.28041536,0.05378723
1356626366766,-0.09724529,0.54598796,0.8321302,-0.29012105,0.7842304,-0.54846376,-0.9520364,-0.2947539,0.08213985
1356626366806,-0.09231895,0.5918056,0.8007767,-0.31251103,0.7463553,-0.58761436,-0.9454174,-0.3044995,0.11604303
1356626366846,-0.07979584,0.6321956,0.7706889,-0.33636627,0.7107286,-0.617837,-0.9383445,-0.30853456,0.15593606
1356626366919,-0.05439779,0.6619674,0.747556,-0.36115754,0.68493414,-0.63279575,-0.9309168,-0.3044082,0.2018156
1356626366928,-0.010230929,0.67643154,0.7364345,-0.38363194,0.67746127,-0.62759286,-0.9234294,-0.2889406,0.25256968
1356626366967,0.051986217,0.6745144,0.73642915,-0.3980378,0.6903146,-0.60417855,-0.9158949,-0.26171762,0.30436903
1356626367007,0.12626755,0.65669537,0.74351037,-0.39950863,0.71970296,-0.5678208,-0.9079919,-0.22534151,0.3532306
1356626367046,0.20060529,0.6280383,0.75188136,-0.3881532,0.75562567,-0.52760494,-0.8994969,-0.18600473,0.39535755
1356626367086,0.26267755,0.59682894,0.75815284,-0.37020022,0.7879503,-0.49202245,-0.89103997,-0.15142511,0.42792308
1356626367128,0.3027342,0.5731641,0.76146895,-0.35507077,0.80927056,-0.4679807,-0.8844641,-0.1287016,0.44850767
1356626367169,0.315683,0.56520194,0.7621621,-0.35016668,0.8159328,-0.46004015,-0.8818886,-0.12165688,0.455491
1356626367208,0.30203676,0.5751114,0.7602767,-0.35645753,0.8078061,-0.4694543,-0.88414466,-0.12921391,0.44898993
1356626367248,0.2661307,0.59933263,0.75496674,-0.36846295,0.7869843,-0.49486434,-0.8907354,-0.14647873,0.43027258
1356626367288,0.21371017,0.63179845,0.74508965,-0.37782162,0.7568133,-0.53337085,-0.90087664,-0.1675242,0.40044582
1356626367328,0.15360303,0.6644559,0.7313717,-0.3770362,0.72356796,-0.57818085,-0.9133728,-0.18694323,0.36166614
1356626367368,0.09323391,0.6923552,0.715508,-0.3627271,0.69287026,-0.62318516,-0.92721975,-0.20143218,0.31573504
1356626367408,0.038850904,0.7126059,0.7004879,-0.33569175,0.6695829,-0.6625479,-0.9411703,-0.2094075,0.26522988
1356626367448,-0.006073147,0.7247714,0.6889626,-0.30059206,0.6557878,-0.692522,-0.95373344,-0.21130246,0.21387786
1356626367488,-0.042066097,0.7306596,0.6814448,-0.26223737,0.65006167,-0.71319807,-0.9640861,-0.20870176,0.16426069
1356626367528,-0.07079819,0.73185575,0.6777719,-0.22484592,0.65028083,-0.72565776,-0.9718189,-0.2037695,0.11851609
1356626367568,-0.09409952,0.72964334,0.67732257,-0.19134495,0.6544024,-0.7315358,-0.9770017,-0.19843945,0.07803464
1356626367608,-0.11324766,0.724707,0.6796872,-0.16364157,0.66114116,-0.732198,-0.9799982,-0.19414479,0.04371953
1356626367648,-0.12908317,0.71731687,0.68468535,-0.14265004,0.66984814,-0.72866625,-0.9813198,-0.19172895,0.015859187
1356626367688,-0.14238705,0.707615,0.69210315,-0.1282191,0.6801501,-0.7217727,-0.9814712,-0.19151196,-0.006114781
1356626367728,-0.15412173,0.6961397,0.7011675,-0.11964056,0.6912762,-0.71261716,-0.9807816,-0.19371793,-0.023254156
1356626367768,-0.16428244,0.6827735,0.7119211,-0.11638704,0.7032685,-0.70133257,-0.97952306,-0.19807503,-0.036068678
1356626367808,-0.1714898,0.66688824,0.725156,-0.11786926,0.7168846,-0.68715596,-0.9781094,-0.20331384,-0.044332802
1356626367848,-0.17362201,0.6473205,0.7421802,-0.12260693,0.7335548,-0.66847956,-0.97715044,-0.20705922,-0.04799527
1356626367917,-0.16956042,0.6236454,0.7630961,-0.12813221,0.75378543,-0.6445073,-0.97715473,-0.2070601,-0.04790312
1356626367927,-0.160738,0.5969118,0.78604054,-0.13200125,0.7762405,-0.61646277,-0.97813034,-0.20284732,-0.045978248
1356626367965,-0.15224792,0.5708218,0.8068351,-0.13442433,0.79680645,-0.58909225,-0.9791581,-0.19814637,-0.044579744
1356626368006,-0.14790608,0.54973423,0.82214105,-0.13760528,0.8117597,-0.5675482,-0.9793817,-0.19707479,-0.044417858
1356626368046,-0.1488598,0.53507745,0.83158463,-0.14462718,0.82013035,-0.5535966,-0.9782248,-0.20267802,-0.044697702
1356626368086,-0.1538402,0.526688,0.83602214,-0.15702648,0.82231027,-0.54694474,-0.97553873,-0.21541968,-0.043800414
1356626368126,-0.1599201,0.52316344,0.8370935,-0.1748537,0.8195848,-0.5456253,-0.9715203,-0.23362538,-0.039591014
1356626368166,-0.16330576,0.52259254,0.8367964,-0.19752398,0.81369036,-0.5467104,-0.96659994,-0.25456834,-0.029655755
1356626368206,-0.16053407,0.5234237,0.83681333,-0.22397643,0.8063748,-0.5473521,-0.96128213,-0.27529508,-0.012216032
1356626368246,-0.14984775,0.5252008,0.8376811,-0.25242078,0.79884857,-0.546008,-0.9559441,-0.29326627,0.012865961
1356626368286,-0.1314068,0.52834284,0.83880043,-0.280783,0.79165107,-0.542632,-0.95073295,-0.30682644,0.04432136
1356626368328,-0.10627557,0.5332463,0.83925796,-0.30755928,0.7850183,-0.53773,-0.94557536,-0.31526914,0.08057654
1356626368368,-0.07463364,0.5390103,0.8389862,-0.33217525,0.77984643,-0.53056496,-0.94026035,-0.31828845,0.12084311
1356626368409,-0.03492576,0.5430986,0.83894217,-0.35394678,0.77832216,-0.5185906,-0.9346132,-0.31505308,0.16504455
1356626368448,0.015725732,0.54163253,0.84046817,-0.37063172,0.7838488,-0.49820992,-0.9286467,-0.30366954,0.21307284
1356626368488,0.0771302,0.5318772,0.84330165,-0.37833777,0.79817164,-0.46880975,-0.92244864,-0.28289345,0.26279235
1356626368528,0.14640628,0.5120192,0.8464051,-0.3737269,0.82084215,-0.4319102,-0.91591126,-0.25308993,0.31153178
1356626368568,0.21661507,0.483405,0.848173,-0.35699463,0.8478517,-0.39204893,-0.90864336,-0.21786949,0.35623044
1356626368608,0.27999845,0.44957584,0.84822315,-0.33265543,0.8742603,-0.3535665,-0.90052277,-0.18316796,0.39434534
1356626368648,0.3319103,0.41422683,0.84749734,-0.3064921,0.89703906,-0.3184078,-0.8921312,-0.15406841,0.42469376
1356626368688,0.36889523,0.38172385,0.84746873,-0.28431788,0.9144135,-0.28811675,-0.88491786,-0.13466564,0.4458537
1356626368728,0.38789755,0.35720724,0.84966964,-0.27104878,0.9252946,-0.2652593,-0.8809473,-0.1274085,0.4557401
1356626368768,0.38752827,0.3445226,0.85505897,-0.268821,0.9294597,-0.25266576,-0.8817919,-0.13194273,0.45280683
1356626368808,0.36895394,0.34431726,0.8633183,-0.2754873,0.9276242,-0.2522301,-0.8876822,-0.144772,0.43710566
1356626368848,0.3342477,0.3554366,0.87289363,-0.28613642,0.92071664,-0.26534268,-0.8980002,-0.16107649,0.40945077
1356626368918,0.28583956,0.37580484,0.8815137,-0.29517746,0.909695,-0.2921048,-0.9116831,-0.17670786,0.37095594
1356626368928,0.2270599,0.40253252,0.8867983,-0.2979946,0.8956236,-0.33023855,-0.92716926,-0.18927726,0.32331276
1356626368965,0.16334242,0.43127838,0.8873095,-0.291988,0.88022894,-0.37408558,-0.9423705,-0.19797972,0.26970685
1356626369006,0.10026271,0.4581515,0.8832014,-0.27724096,0.8653818,-0.41743484,-0.9555548,-0.20300642,0.21378386
1356626369046,0.04239574,0.48020422,0.8761315,-0.2561102,0.85284245,-0.45504647,-0.9657174,-0.20509422,0.15914214
1356626369086,-0.007565275,0.4959057,0.8683434,-0.23209755,0.84378314,-0.4839016,-0.9726631,-0.20520124,0.10871506
1356626369126,-0.04863012,0.5048448,0.86183923,-0.20855442,0.8387087,-0.5030634,-0.976801,-0.20420443,0.06450111
1356626369166,-0.08067246,0.507033,0.858143,-0.18805246,0.837745,-0.5126593,-0.97884023,-0.20273341,0.02776587
1356626369206,-0.10417499,0.5027176,0.8581507,-0.17220315,0.840696,-0.51339686,-0.9795375,-0.20125934,-0.0010099411
1356626369246,-0.12050401,0.49260473,0.8618697,-0.16171674,0.84685785,-0.5066354,-0.97945213,-0.20043035,-0.022387326
1356626369288,-0.13161728,0.47786748,0.8685157,-0.15669607,0.8550933,-0.49422848,-0.97883767,-0.20114201,-0.03766507
1356626369328,-0.13896284,0.4596647,0.8771531,-0.15679435,0.86436176,-0.4778016,-0.97780603,-0.20392933,-0.048041284
1356626369368,-0.14288205,0.43874696,0.8871786,-0.16082284,0.874171,-0.45821506,-0.9765863,-0.2081493,-0.054342806
1356626369408,-0.14292288,0.41561294,0.8982421,-0.1665715,0.884513,-0.4357644,-0.9756162,-0.21190223,-0.057187915
1356626369448,-0.13825342,0.39060962,0.9101154,-0.17150503,0.89561474,-0.410439,-0.97543424,-0.21283399,-0.056830287
1356626369488,-0.12823138,0.364179,0.9224588,-0.17353854,0.9075476,-0.38241577,-0.976443,-0.2091199,-0.05317694
1356626369528,-0.11360964,0.337717,0.93436605,-0.17119837,0.9197334,-0.3532442,-0.97866434,-0.20009392,-0.046674013
1356626369568,-0.097586244,0.3144242,0.94425344,-0.16414651,0.9307029,-0.3268762,-0.9815972,-0.1868945,-0.039212167
1356626369608,-0.084729105,0.2984519,0.9506564,-0.1546491,0.9385866,-0.30844608,-0.9843296,-0.17315248,-0.033370256
1356626369649,-0.07814929,0.2924331,0.95308733,-0.14759704,0.94208205,-0.30115873,-0.98595524,-0.16420823,-0.030460775
1356626369688,-0.078081936,0.2962298,0.9519197,-0.14755863,0.9408841,-0.30489922,-0.9859663,-0.16427109,-0.029754817
1356626369728,-0.08305758,0.3078143,0.94781417,-0.15658723,0.93525463,-0.31745732,-0.9841655,-0.17478286,-0.029480219
1356626369768,-0.09037757,0.32470116,0.9414888,-0.17370486,0.92572725,-0.33594,-0.9806419,-0.19390261,-0.027262807
1356626369808,-0.09654015,0.34426647,0.93389535,-0.19662623,0.9131909,-0.35696006,-0.9757141,-0.21808933,-0.020467758
1356626369846,-0.09861895,0.3651573,0.9257076,-0.22207868,0.8987059,-0.37816498,-0.9700285,-0.24287412,-0.0075358152
1356626369918,-0.09085846,0.3837829,0.91894263,-0.25078192,0.88420415,-0.3940704,-0.96377033,-0.26625878,0.01590836
1356626369928,-0.08459072,0.41462943,0.90605015,-0.27426913,0.8644946,-0.42121902,-0.95792526,-0.2841328,0.040591836
1356626369965,-0.070100546,0.43951094,0.8954976,-0.2954719,0.84827375,-0.4394633,-0.952776,-0.295401,0.07039869
1356626370006,-0.049144953,0.4654618,0.88370246,-0.3143894,0.83258784,-0.45602277,-0.9480211,-0.30023792,0.1054188
1356626370046,-0.01864092,0.48838064,0.8724315,-0.331503,0.8202055,-0.46622804,-0.94326997,-0.29790464,0.14661026
1356626370086,0.026175216,0.50254655,0.8641538,-0.34516594,0.8158282,-0.46398783,-0.9381766,-0.2861315,0.19481641
1356626370126,0.08859868,0.5021977,0.8602022,-0.35119855,0.8238877,-0.44482425,-0.9320997,-0.26269093,0.24936646
1356626370166,0.16572927,0.48459873,0.8588934,-0.34494844,0.84440607,-0.40986466,-0.9238746,-0.22834738,0.3071044
1356626370206,0.24644506,0.45325595,0.8566352,-0.32594997,0.87117124,-0.36717474,-0.91270006,-0.18873185,0.36243463
1356626370246,0.3158267,0.41811886,0.85172176,-0.30111662,0.8954315,-0.32791945,-0.8997679,-0.15290189,0.40870374
1356626370286,0.36190033,0.39181077,0.84587973,-0.28211355,0.9108687,-0.30121446,-0.88850445,-0.1296245,0.4401788
1356626370326,0.38007033,0.3830357,0.8419205,-0.27770814,0.915487,-0.29113862,-0.8822838,-0.123155065,0.45432156
1356626370366,0.3717004,0.39374524,0.840716,-0.2887745,0.90971184,-0.29838505,-0.88229704,-0.13186753,0.45184386
1356626370406,0.34006375,0.42149886,0.84065175,-0.30966923,0.89426214,-0.32311022,-0.88795364,-0.15044588,0.43463135
1356626370446,0.28886548,0.46168503,0.8386916,-0.33173105,0.87003505,-0.3646829,-0.8980597,-0.17287576,0.40447837
1356626370486,0.22326793,0.50805473,0.83188444,-0.34614503,0.8391292,-0.41957808,-0.91122717,-0.19427438,0.36321127
1356626370526,0.15141325,0.5529622,0.81933314,-0.34656733,0.8059707,-0.47989815,-0.9257241,-0.2112912,0.31367326
1356626370568,0.082384825,0.59013724,0.8030882,-0.33170706,0.77611965,-0.5362916,-0.9397782,-0.2222078,0.2596932
1356626370608,0.023158446,0.61644304,0.78705883,-0.3051886,0.75404936,-0.58160937,-0.9520103,-0.22673221,0.205594
1356626370648,-0.023219243,0.6318116,0.77477413,-0.27258393,0.7416189,-0.6129433,-0.9618518,-0.22542307,0.15500188
1356626370688,-0.056816205,0.63764924,0.7682286,-0.23899995,0.73841196,-0.6305765,-0.9693559,-0.2194336,0.11044437
1356626370728,-0.07977173,0.6361389,0.76743984,-0.20741513,0.74244916,-0.6369837,-0.97499514,-0.20999187,0.07271832
1356626370768,-0.09490335,0.6291508,0.7714678,-0.17972209,0.7514031,-0.63489634,-0.97912884,-0.19890364,0.041761637
1356626370808,-0.105486915,0.618747,0.77847576,-0.15693675,0.76267475,-0.6274536,-0.98195887,-0.18835966,0.016651988
1356626370849,-0.11452289,0.60686225,0.78651303,-0.13963021,0.7740294,-0.61756134,-0.98355883,-0.18054588,-0.00390774
1356626370921,-0.12344019,0.5948131,0.7943298,-0.128025,0.7842168,-0.60713553,-0.98405904,-0.176639,-0.02065289
1356626370927,-0.1314598,0.58252823,0.8021092,-0.12199162,0.7934749,-0.59625125,-0.98378676,-0.17623366,-0.033246517
1356626370967,-0.13639972,0.56886196,0.81104326,-0.12048696,0.80309093,-0.5835476,-0.9832995,-0.17731586,-0.041000962
1356626371006,-0.13629769,0.5528083,0.82208633,-0.121529564,0.81423247,-0.56767595,-0.9831854,-0.1772807,-0.043795466
1356626371046,-0.13032563,0.5340254,0.8353635,-0.12276369,0.8273741,-0.54807043,-0.98384166,-0.17397991,-0.04226917
1356626371086,-0.119648404,0.5136398,0.84962255,-0.122199744,0.84164405,-0.5260252,-0.9852672,-0.16676173,-0.03793472
1356626371126,-0.107457586,0.4944257,0.8625521,-0.11925872,0.85490113,-0.5048974,-0.98703104,-0.15712188,-0.03290105
1356626371166,-0.09762593,0.47967023,0.87200093,-0.115727365,0.864771,-0.48864955,-0.98847175,-0.14861922,-0.02891308
1356626371206,-0.0929792,0.47155207,0.87692267,-0.115042105,0.8697514,-0.47989357,-0.98899955,-0.14550316,-0.026620448
1356626371248,-0.094659835,0.47045615,0.87733144,-0.12008676,0.8694571,-0.47919044,-0.9882402,-0.15071598,-0.025807142
1356626371288,-0.10221729,0.47517025,0.87393636,-0.13192134,0.86430323,-0.4853624,-0.9859758,-0.1649033,-0.025661588
1356626371328,-0.11367818,0.4833222,0.8680305,-0.15035103,0.8552629,-0.49590328,-0.9820753,-0.18688264,-0.024556696
1356626371368,-0.12570053,0.49198055,0.86148393,-0.17462623,0.84384036,-0.5073846,-0.97657824,-0.21421623,-0.02015847
1356626371408,-0.13448295,0.4986927,0.85628265,-0.20350675,0.83181286,-0.5164033,-0.9697935,-0.24370672,-0.0103773475
1356626371448,-0.13693883,0.502354,0.85374945,-0.23499924,0.8207896,-0.52065325,-0.96230096,-0.27192813,0.005654812
1356626371488,-0.13127612,0.50321907,0.85412943,-0.26681352,0.81185853,-0.5193229,-0.95476544,-0.296068,0.027688026
1356626371528,-0.11699395,0.50234556,0.85671544,-0.2970094,0.8054614,-0.5128521,-0.94768023,-0.31445313,0.054967225
1356626371601,-0.09359574,0.50016564,0.86085665,-0.32453495,0.8020994,-0.5013119,-0.9412316,-0.3262987,0.08724815
1356626371602,-0.06694774,0.5000216,0.8634213,-0.34761718,0.7994557,-0.4899315,-0.9352435,-0.3329399,0.12029433
1356626371633,-0.023681954,0.49072143,0.8709946,-0.36637142,0.80636525,-0.46427047,-0.93016726,-0.33010238,0.16069001
1356626371667,0.025477812,0.47990122,0.87695265,-0.3782123,0.8166585,-0.43591797,-0.9253683,-0.32056797,0.20231122
1356626371706,0.09343697,0.45562452,0.88525474,-0.37795013,0.8388206,-0.39183378,-0.92109895,-0.29797035,0.2505802
1356626371746,0.17162633,0.42130956,0.89052945,-0.362559,0.86751306,-0.34054673,-0.9160215,-0.26442266,0.30163765
1356626371786,0.2495583,0.38062868,0.89041704,-0.33370182,0.8969916,-0.28991213,-0.9090455,-0.22478381,0.35086817
1356626371826,0.318321,0.33819082,0.88560635,-0.29740307,0.92266387,-0.24544406,-0.9001239,-0.1852521,0.39428228
1356626371866,0.37157112,0.29894167,0.8789589,-0.26212722,0.94200265,-0.20957173,-0.8906314,-0.15252827,0.42838174
1356626371920,0.40474534,0.26806128,0.8742565,-0.23650898,0.9542237,-0.18308644,-0.8833146,-0.13266613,0.4496165
1356626371948,0.41577065,0.24903248,0.87471,-0.22595017,0.95991,-0.1658896,-0.8809548,-0.12866883,0.45537132
1356626371988,0.4059205,0.24196404,0.88129556,-0.23011556,0.9603062,-0.1576667,-0.8844633,-0.13879968,0.44548768
1356626372028,0.37732816,0.2454178,0.89296895,-0.24467468,0.95640254,-0.15946308,-0.8931728,-0.158317,0.42092514
1356626372068,0.333542,0.25617886,0.9072608,-0.26247615,0.94955313,-0.171625,-0.90545905,-0.18089016,0.38395667
1356626372108,0.27668354,0.27317613,0.9213148,-0.27790856,0.94052184,-0.19541138,-0.91989833,-0.20197418,0.33614492
1356626372148,0.21133906,0.29319915,0.9324001,-0.28608593,0.93072516,-0.22782785,-0.93460715,-0.21859765,0.28057873
1356626372188,0.14372101,0.31254286,0.93896824,-0.2846173,0.92178506,-0.26325902,-0.94780666,-0.22941075,0.22143501
1356626372228,0.08014876,0.32776895,0.941352,-0.2741376,0.91522074,-0.29532963,-0.9583448,-0.23438968,0.16320759
1356626372268,0.025035508,0.33687803,0.9412154,-0.25750026,0.91191393,-0.31954122,-0.9659538,-0.23436332,0.109576404
1356626372308,-0.01934892,0.3391023,0.9405505,-0.23861866,0.9119756,-0.33370888,-0.9709206,-0.23088981,0.06327039
1356626372348,-0.05323416,0.33533192,0.9405948,-0.22059065,0.9147116,-0.3385889,-0.9739126,-0.22551094,0.025277197
1356626372388,-0.077962585,0.32663184,0.9419308,-0.20534037,0.91928774,-0.3357758,-0.97558045,-0.21959436,-0.004599333
1356626372428,-0.09581727,0.31460667,0.9443737,-0.19357377,0.92473704,-0.32770514,-0.9763956,-0.2142058,-0.027706146
1356626372468,-0.1094209,0.30104434,0.9473117,-0.18549778,0.93010724,-0.31700325,-0.9765335,-0.21041097,-0.045930147
1356626372508,-0.12055072,0.28733525,0.9502137,-0.18137863,0.9347062,-0.3056569,-0.9759966,-0.20919561,-0.060563028
1356626372548,-0.12938079,0.27419662,0.9529306,-0.18112256,0.9383056,-0.29457968,-0.97491294,-0.21071018,-0.0717355
1356626372588,-0.13498637,0.26190937,0.9556057,-0.18338889,0.94116616,-0.28385687,-0.9737285,-0.21356425,-0.07901335
1356626372628,-0.136394,0.2507282,0.9584008,-0.185592,0.94384575,-0.27333277,-0.9731148,-0.21515246,-0.08220172
1356626372668,-0.13352793,0.24124272,0.96123475,-0.18494524,0.9468159,-0.2633153,-0.97363526,-0.21293575,-0.08180964
1356626372708,-0.12790331,0.23459339,0.9636424,-0.18046635,0.94989717,-0.25520033,-0.97522956,-0.20654601,-0.07915878
1356626372748,-0.1216729,0.23166305,0.965157,-0.17416275,0.95231247,-0.2505359,-0.977171,-0.1985778,-0.075523555
1356626372806,-0.11664599,0.23275316,0.9655152,-0.17035726,0.9530546,-0.25033054,-0.97845393,-0.19368255,-0.07151878
1356626372826,-0.1134125,0.23710339,0.9648417,-0.17268692,0.9516224,-0.25415334,-0.9784256,-0.19543973,-0.066981256
1356626372867,-0.1113224,0.24327376,0.96354824,-0.1824483,0.9480919,-0.26045033,-0.976893,-0.2047917,-0.061158955
1356626372906,-0.108695865,0.24969445,0.9622047,-0.19862653,0.94296545,-0.26713976,-0.97402906,-0.22015637,-0.052900493
1356626372933,-0.10493812,0.2558176,0.9610127,-0.21634437,0.9373318,-0.27313766,-0.97066116,-0.23657224,-0.04301715
1356626372963,-0.098649114,0.26046252,0.960431,-0.23542331,0.9316324,-0.27683365,-0.9668734,-0.25341725,-0.030585766
1356626373005,-0.08572442,0.262457,0.9611283,-0.25863737,0.92574626,-0.2758634,-0.96216315,-0.27223194,-0.011477828
1356626373047,-0.067326486,0.26454806,0.9620195,-0.28320283,0.91948193,-0.2726704,-0.95669395,-0.29080456,0.01301527
1356626373086,-0.044272654,0.26722276,0.9626172,-0.30709004,0.91326916,-0.26764742,-0.95065016,-0.30745962,0.0416286
1356626373126,-0.01593116,0.2697186,0.96280736,-0.32890147,0.9079286,-0.2597872,-0.9442298,-0.32080746,0.074246466
1356626373166,0.019865572,0.27009407,0.962629,-0.34643063,0.9050322,-0.24678436,-0.9378653,-0.32858166,0.11154783
1356626373206,0.06632304,0.2652466,0.9618969,-0.35561827,0.90699816,-0.22558811,-0.9322752,-0.3271064,0.15448141
1356626373246,0.1252828,0.25205684,0.95956844,-0.3510005,0.9158973,-0.19475827,-0.9279563,-0.31240913,0.20321822
1356626373286,0.19449282,0.22898781,0.9538015,-0.32829982,0.9314874,-0.15668598,-0.9243332,-0.28265852,0.25634426
1356626373327,0.26680863,0.19744399,0.9433075,-0.28826788,0.9503283,-0.11737874,-0.91962755,-0.24060759,0.31047255
1356626373368,0.3331244,0.1614055,0.9289652,-0.23827872,0.9676707,-0.0826844,-0.91227806,-0.19380844,0.3608142
1356626373408,0.38539904,0.12612723,0.91408944,-0.19003476,0.98022825,-0.055130545,-0.9029697,-0.15246151,0.40174758
1356626373448,0.41860127,0.096429944,0.9030362,-0.15462464,0.98739624,-0.03376221,-0.89491016,-0.12549874,0.42823577
1356626373488,0.4323598,0.074489,0.8986192,-0.13730475,0.99039906,-0.016034342,-0.891186,-0.116452076,0.43843645
1356626373528,0.4293281,0.060501594,0.9011198,-0.13722637,0.99053913,-0.0011253282,-0.8926625,-0.123174265,0.43356872
1356626373568,0.41261095,0.053647686,0.90932614,-0.14960127,0.9887003,0.009551719,-0.89853853,-0.1399775,0.41597432
1356626373609,0.38424903,0.053586207,0.92167306,-0.16908804,0.9855126,0.013195597,-0.9076133,-0.16091427,0.38774306
