1356626962505,-0.23648301,0.5298872,0.81442946,-0.38842738,0.71675575,-0.5791246,-0.8906178,-0.45329982,0.036322117
1356626962527,0.073411465,-0.2221462,-0.9722457,0.44879252,-0.8632303,0.23112455,-0.89061546,-0.45330384,0.036326617
1356626962553,0.07339698,-0.22215232,-0.9722454,0.44882825,-0.86321247,0.23112196,-0.8905987,-0.45333487,0.036351115
1356626962589,0.0733366,-0.2220588,-0.97227144,0.44895938,-0.86317533,0.23100632,-0.8905376,-0.45345157,0.036392987
1356626962627,0.073185146,-0.22140118,-0.97243273,0.44940367,-0.8631232,0.23033588,-0.8903259,-0.45387197,0.03633076
1356626962667,0.07238853,-0.2188099,-0.97307867,0.45029277,-0.86337525,0.22763944,-0.88994175,-0.4546488,0.036029994
1356626962706,0.0702821,-0.21336988,-0.9744402,0.45165578,-0.864182,0.22180292,-0.8894198,-0.4557003,0.035633206
1356626962747,0.06600106,-0.20437315,-0.9766655,0.45340922,-0.8657699,0.21180804,-0.88885546,-0.4568087,0.03552288
1356626962786,0.059202492,-0.19182198,-0.97964245,0.4553883,-0.86810935,0.19750324,-0.8883223,-0.45781043,0.035959303
1356626962826,0.050027132,-0.17605333,-0.98310864,0.45734686,-0.87103456,0.17925619,-0.8878802,-0.45858932,0.036942035
1356626962869,0.038987994,-0.15773965,-0.9867108,0.45892525,-0.87433004,0.15790758,-0.88761914,-0.45898297,0.038302213
1356626962907,0.02674663,-0.13788097,-0.9900876,0.45971978,-0.877795,0.13466202,-0.8876612,-0.4587646,0.03990844
1356626962947,0.013818383,-0.11713712,-0.9930196,0.4595523,-0.8812686,0.11034982,-0.88804317,-0.4578693,0.041653037
1356626962990,0.0012919903,-0.097713575,-0.9952138,0.45820343,-0.88453585,0.0874417,-0.88884646,-0.45612335,0.04362983
1356626963028,-0.010203481,-0.08024676,-0.9967228,0.455656,-0.887646,0.06680037,-0.8900975,-0.45348114,0.045621935
1356626963068,-0.01971513,-0.06516117,-0.99768,0.45219028,-0.8905618,0.049229264,-0.89170355,-0.45017064,0.047022853
1356626963107,-0.02645427,-0.052720517,-0.99825877,0.448199,-0.89323664,0.035296574,-0.89354223,-0.44648486,0.047259267
1356626963138,-0.02622205,-0.05208774,-0.99829817,0.44476485,-0.8949627,0.035013527,-0.89526343,-0.4430898,0.046634555
1356626963178,-0.02854395,-0.042907894,-0.9986712,0.44119114,-0.8970384,0.02593115,-0.89695907,-0.4398647,0.044535667
1356626963218,-0.028513253,-0.03690459,-0.9989119,0.43824792,-0.898616,0.020689681,-0.8984018,-0.43718117,0.04179582
1356626963258,-0.026888013,-0.035130605,-0.99902093,0.43617445,-0.89964205,0.019896582,-0.8994603,-0.43521243,0.039512724
1356626963298,-0.024531007,-0.037544847,-0.9989938,0.43486166,-0.9001996,0.023153573,-0.9001631,-0.43385613,0.038409557
1356626963338,-0.022081912,-0.043382555,-0.99881446,0.43409693,-0.90038276,0.029510215,-0.90059555,-0.43293065,0.03871435
1356626963377,-0.020024002,-0.051837176,-0.99845475,0.43380463,-0.9002037,0.038036272,-0.90078443,-0.4323727,0.040512953
1356626963407,-0.018314123,-0.061318666,-0.99795026,0.43384877,-0.8997421,0.047322422,-0.9007996,-0.43209282,0.043081015
1356626963449,-0.01792121,-0.07253626,-0.9972048,0.4345233,-0.8988188,0.05757071,-0.9004823,-0.43227696,0.04762656
1356626963488,-0.018814385,-0.085542455,-0.9961569,0.43586373,-0.897377,0.06882782,-0.899816,-0.4328937,0.054168496
1356626963545,-0.021516562,-0.100267425,-0.9947278,0.43787438,-0.8953993,0.08078374,-0.8987786,-0.43382764,0.06317052
1356626963568,-0.02664709,-0.117120326,-0.9927602,0.44042027,-0.89290774,0.09351879,-0.8973962,-0.4347397,0.07537556
1356626963608,-0.03458619,-0.13704245,-0.98996115,0.443249,-0.8899043,0.10770561,-0.895731,-0.4350742,0.091522396
1356626963649,-0.045150697,-0.16083544,-0.9859479,0.44596416,-0.8863954,0.12417309,-0.8939112,-0.4340909,0.11174834
1356626963688,-0.05777383,-0.18896206,-0.9802834,0.44815397,-0.8823362,0.14366913,-0.8920876,-0.43101752,0.13566008
1356626963728,-0.07196009,-0.22145295,-0.9725124,0.44971585,-0.8775073,0.16654287,-0.89026815,-0.4253698,0.16273642
1356626963768,-0.08770794,-0.25807402,-0.9621356,0.45090118,-0.8715316,0.19266728,-0.8882541,-0.4169297,0.19280618
1356626963808,-0.10533881,-0.29800206,-0.9487352,0.4520263,-0.8641327,0.22123922,-0.8857629,-0.40554821,0.22573155
1356626963848,-0.12518287,-0.3401177,-0.9320135,0.45325345,-0.8552469,0.251225,-0.88254774,-0.3909893,0.2612218
1356626963888,-0.14713842,-0.3829566,-0.9119729,0.45461658,-0.84503365,0.28149924,-0.8784498,-0.37317863,0.2984354
1356626963928,-0.17045283,-0.42456716,-0.8892067,0.45606422,-0.83393,0.310751,-0.87347084,-0.352567,0.3357756
1356626963967,-0.19395596,-0.46291262,-0.86492366,0.4574787,-0.8226097,0.33767802,-0.8678101,-0.33018953,0.37132275
1356626964008,-0.21639824,-0.49629128,-0.8407537,0.45872957,-0.8118651,0.36116797,-0.8618231,-0.30752248,0.40334964
1356626964048,-0.2367059,-0.52358174,-0.81843287,0.45992538,-0.80239534,0.38030297,-0.85582644,-0.2863981,0.43074024
1356626964088,-0.2540391,-0.5442446,-0.7995386,0.46130678,-0.79475325,0.3944152,-0.8500942,-0.2686357,0.45296213
1356626964128,-0.26767713,-0.5578361,-0.7856003,0.4631266,-0.78947777,0.40278858,-0.84490395,-0.25601506,0.46967387
1356626964168,-0.27676153,-0.5634303,-0.7784274,0.46548268,-0.7872915,0.4043488,-0.8406717,-0.2504363,0.48015904
1356626964208,-0.28030354,-0.55972,-0.7798355,0.46832797,-0.78889483,0.39788672,-0.83791333,-0.25368974,0.48326254
1356626964248,-0.27760184,-0.5461018,-0.79038596,0.47154891,-0.7942512,0.38315353,-0.83700585,-0.26634154,0.47799933
1356626964288,-0.26853603,-0.52357554,-0.8085524,0.47467437,-0.8023208,0.3618917,-0.83819604,-0.28661817,0.46397996
1356626964328,-0.2532637,-0.49436548,-0.83154094,0.4766192,-0.81176674,0.33744472,-0.84183824,-0.31086588,0.44121513
1356626964368,-0.23168808,-0.46067065,-0.8567982,0.4761594,-0.82174385,0.31306416,-0.8482882,-0.33543926,0.40974098
1356626964408,-0.2037527,-0.42469713,-0.8821096,0.47275594,-0.831681,0.29121917,-0.8573137,-0.35768586,0.37023526
1356626964448,-0.16986167,-0.38860935,-0.9056102,0.46670717,-0.8410968,0.2733874,-0.86794674,-0.37621674,0.3242368
1356626964488,-0.1311382,-0.3546398,-0.925761,0.4587811,-0.8495221,0.2604459,-0.87881887,-0.39056724,0.27410686
1356626964544,-0.08927333,-0.32500812,-0.94148815,0.4496298,-0.85661346,0.2530742,-0.88874257,-0.40072837,0.222606
1356626964568,-0.046206176,-0.30201408,-0.952183,0.43942615,-0.86216635,0.25213867,-0.8970896,-0.40676373,0.17255029
1356626964608,-0.0038047433,-0.28780213,-0.9576824,0.42788967,-0.86605644,0.25856683,-0.903823,-0.4087986,0.12644261
1356626964648,0.036352158,-0.28400826,-0.9581324,0.41468215,-0.868038,0.27303588,-0.9092399,-0.40724587,0.08621818
1356626964688,0.0729987,-0.2918368,-0.9536784,0.39991677,-0.8674212,0.29605243,-0.91363984,-0.40300342,0.053389788
1356626964728,0.10518938,-0.31111425,-0.9445332,0.38402975,-0.86341494,0.32716325,-0.9173093,-0.39714298,0.028655052
1356626964768,0.13257402,-0.34018803,-0.93096524,0.36759818,-0.8553968,0.36492205,-0.92048675,-0.39060032,0.011649013
1356626964808,0.15521413,-0.3763163,-0.91339725,0.35132527,-0.8431292,0.4070671,-0.92329794,-0.3840821,0.0013438761
1356626964846,0.17326993,-0.41674688,-0.89235616,0.33606073,-0.8266637,0.4513206,-0.9257649,-0.37808615,-0.0031836927
1356626964887,0.18701166,-0.45906517,-0.8684963,0.32236406,-0.8064585,0.49568757,-0.9279591,-0.37267134,-0.0028310418
1356626964926,0.19731146,-0.50079525,-0.8427766,0.3101741,-0.783623,0.53826314,-0.92997867,-0.36761293,7.158816E-4
1356626964966,0.20579702,-0.539342,-0.8165524,0.2997042,-0.75958115,0.5772468,-0.93157125,-0.36351985,0.0053235292
1356626965006,0.2146576,-0.57250535,-0.79130256,0.29246143,-0.7353353,0.6113496,-0.93187356,-0.36265633,0.009590417
1356626965046,0.22568667,-0.59885967,-0.7683962,0.29065385,-0.7114319,0.6398321,-0.9298311,-0.3677389,0.013500126
1356626965086,0.23943657,-0.6182442,-0.74862826,0.29547966,-0.6880824,0.6627476,-0.92485774,-0.37989047,0.017926482
1356626965126,0.2547902,-0.6316807,-0.7321621,0.30664545,-0.6652933,0.6807006,-0.91708803,-0.39795,0.024191886
1356626965166,0.2693575,-0.640956,-0.7187642,0.32310617,-0.6429422,0.69442624,-0.9072205,-0.41928607,0.03391549
1356626965206,0.28049082,-0.64784527,-0.70825243,0.34374228,-0.6211376,0.7042936,-0.8961954,-0.44100416,0.04846838
1356626965246,0.28627968,-0.65341526,-0.7007799,0.3675999,-0.6005203,0.7101025,-0.8848244,-0.46089453,0.06827864
1356626965286,0.28575587,-0.65809655,-0.6966007,0.3938191,-0.58204776,0.71142596,-0.87364185,-0.4776288,0.092847496
1356626965326,0.27833992,-0.6624872,-0.6954406,0.42163318,-0.5662824,0.7082017,-0.8629903,-0.4903416,0.12170762
1356626965366,0.26332313,-0.6681211,-0.69589883,0.45007658,-0.55295753,0.70119125,-0.8532831,-0.49784762,0.1550991
1356626965406,0.2400288,-0.6776429,-0.69511604,0.4774317,-0.5410624,0.6923225,-0.8452486,-0.49804774,0.19365764
1356626965446,0.20869285,-0.69358903,-0.6894792,0.5013241,-0.52946025,0.684358,-0.83971506,-0.48847315,0.23721838
1356626965486,0.17124921,-0.71658033,-0.6761555,0.51991504,-0.51722616,0.6798275,-0.83687633,-0.4679634,0.28398633
1356626965545,0.1311484,-0.7445975,-0.6545034,0.5329605,-0.50372803,0.67986125,-0.8359147,-0.43798715,0.33077782
1356626965568,0.09248376,-0.7738523,-0.62657756,0.5416084,-0.48894292,0.68380934,-0.8355281,-0.40260094,0.3739056
1356626965608,0.058981597,-0.8005042,-0.5964178,0.5473356,-0.47371435,0.689941,-0.8348323,-0.3671345,0.410204
1356626965648,0.03376025,-0.82116896,-0.5696857,0.55086404,-0.46032077,0.6961707,-0.8339119,-0.33732226,0.43681192
1356626965688,0.019453824,-0.83295214,-0.55300295,0.5515338,-0.45239747,0.7008188,-0.8339256,-0.31863347,0.45060045
1356626965728,0.017286003,-0.83463037,-0.5505392,0.5477469,-0.45273978,0.70356244,-0.83646554,-0.3137179,0.44934008
1356626965768,0.026631892,-0.82715,-0.5613498,0.5381503,-0.4613694,0.70535994,-0.842428,-0.32087567,0.43284386
1356626965809,0.045539856,-0.81290925,-0.58060724,0.5220361,-0.47616905,0.7076309,-0.8517068,-0.33532333,0.4026832
1356626965867,0.07151157,-0.7947965,-0.602648,0.49963683,-0.49438322,0.7113005,-0.86327815,-0.3519714,0.36175543
1356626965887,0.102371275,-0.77466047,-0.6240363,0.47180846,-0.514468,0.7160443,-0.8757379,-0.367728,0.3128246
1356626965928,0.13618743,-0.75435823,-0.6421811,0.4403488,-0.53457165,0.72133625,-0.88743776,-0.38102055,0.25937888
1356626965963,0.1709038,-0.7359123,-0.6551527,0.40721452,-0.55273193,0.72709274,-0.8972002,-0.39105058,0.20521015
1356626965993,0.20390862,-0.72273004,-0.66036546,0.37559485,-0.5651664,0.7345171,-0.90407395,-0.39780423,0.15621138
1356626966023,0.23312128,-0.71287525,-0.6614101,0.3459302,-0.5748673,0.74152535,-0.90883815,-0.40166706,0.1125913
1356626966064,0.25934005,-0.7070584,-0.6578839,0.31643784,-0.5813796,0.74957657,-0.91247463,-0.40257457,0.07296497
1356626966107,0.28400713,-0.71086645,-0.6434352,0.28645727,-0.57751226,0.7644748,-0.91503125,-0.40143293,0.039615307
1356626966147,0.30592716,-0.723999,-0.6182508,0.25681603,-0.56255746,0.7858592,-0.9167629,-0.39919236,0.013832923
1356626966187,0.32445896,-0.7439502,-0.5841784,0.22836989,-0.5377104,0.81161237,-0.917918,-0.39674366,-0.004569143
1356626966226,0.33979958,-0.7676539,-0.5433634,0.20181161,-0.5047686,0.83933353,-0.91859037,-0.3948622,-0.016598664
1356626966266,0.3519709,-0.79226005,-0.49843806,0.17770234,-0.46626866,0.8666115,-0.9189877,-0.3935956,-0.023326524
1356626966307,0.36066288,-0.81634945,-0.4511051,0.15578616,-0.42413658,0.89209795,-0.9195938,-0.39202258,-0.025794357
1356626966348,0.3657909,-0.8391056,-0.40261495,0.13544187,-0.37999582,0.9150183,-0.920789,-0.3892363,-0.025348946
1356626966388,0.3684681,-0.8589364,-0.3556114,0.117218286,-0.33654612,0.9343428,-0.9222207,-0.38595968,-0.023323417
1356626966428,0.3712761,-0.8736781,-0.3143893,0.103108495,-0.29770347,0.949074,-0.92277986,-0.38478476,-0.020446584
1356626966468,0.37694976,-0.8818352,-0.28332928,0.09542501,-0.2672926,0.9588789,-0.92130506,-0.38848588,-0.016606748
1356626966508,0.38667148,-0.8832791,-0.26514778,0.09607282,-0.24736571,0.96414745,-0.9171996,-0.3982818,-0.010790184
1356626966550,0.39902198,-0.8793098,-0.25999168,0.10598257,-0.23741466,0.96560955,-0.9107959,-0.41285405,-0.0015421361
1356626966588,0.4112935,-0.8714382,-0.26726976,0.12586945,-0.23611057,0.9635397,-0.9027705,-0.4299387,0.012576684
1356626966628,0.42029703,-0.861012,-0.2863717,0.15555581,-0.24255812,0.95758444,-0.89395344,-0.44701666,0.031988963
1356626966668,0.42308736,-0.8488603,-0.31691197,0.19418138,-0.25668806,0.94678646,-0.88503706,-0.46211177,0.056231424
1356626966708,0.4171222,-0.83540994,-0.35790962,0.24067849,-0.27821052,0.92987776,-0.8764034,-0.47401372,0.08501747
1356626966748,0.40016514,-0.82079613,-0.40762925,0.29331508,-0.30668867,0.90548784,-0.8682362,-0.4819085,0.11802582
1356626966788,0.3710426,-0.8064643,-0.46037227,0.3485607,-0.33855957,0.8740038,-0.8607164,-0.48476034,0.15548179
1356626966828,0.33035535,-0.79651797,-0.50638354,0.40121496,-0.36711377,0.83919835,-0.8543371,-0.48040226,0.19829702
1356626966868,0.28118563,-0.79591686,-0.5361446,0.44600993,-0.38629347,0.8073738,-0.84971154,-0.46614772,0.24636668
1356626966907,0.22913653,-0.8074497,-0.54361874,0.4799063,-0.39217365,0.7847864,-0.8468686,-0.4407093,0.29763895
1356626966948,0.17986792,-0.82931733,-0.5290372,0.5036299,-0.38433897,0.77371854,-0.8449878,-0.4056061,0.34853882
1356626966988,0.13697004,-0.8542309,-0.5015265,0.5205815,-0.3686698,0.77011526,-0.8427539,-0.3665681,0.39420003
1356626967027,0.1018188,-0.87502265,-0.47325295,0.53339136,-0.35354245,0.7684409,-0.83971816,-0.33067077,0.43073225
1356626967068,0.1036669,-0.9036216,-0.4155975,0.5376591,-0.30062264,0.7877492,-0.8367651,-0.30511332,0.45467573
1356626967108,0.060820162,-0.8889701,-0.45390856,0.5459834,-0.35105813,0.7606972,-0.83558536,-0.29409224,0.46401158
1356626967148,0.026851892,-0.8602501,-0.50916475,0.5457554,-0.41412467,0.7284585,-0.8375142,-0.29743993,0.45836613
1356626967188,-7.9131126E-4,-0.8154457,-0.5788331,0.53791815,-0.4883018,0.6871721,-0.8429967,-0.31082106,0.4390294
1356626967228,-0.023377538,-0.75230086,-0.6584049,0.52275467,-0.57057345,0.63338256,-0.85216254,-0.32937735,0.4066074
1356626967268,-0.040980816,-0.66961604,-0.741576,0.50137967,-0.6557716,0.5644307,-0.8642563,-0.34868032,0.36260593
1356626967308,-0.053018928,-0.5679808,-0.8213322,0.4764189,-0.73723537,0.47907084,-0.8776183,-0.36589843,0.30968434
1356626967348,-0.058547854,-0.45232937,-0.88992715,0.45173195,-0.80696964,0.38044477,-0.89023054,-0.37973428,0.25157797
1356626967388,-0.056865573,-0.333244,-0.94112426,0.4310818,-0.8584454,0.27792087,-0.9005192,-0.38989738,0.19247139
1356626967428,-0.048086703,-0.22443439,-0.97330207,0.41633952,-0.89024854,0.18471345,-0.90793675,-0.39634183,0.13624996
1356626967468,-0.03308481,-0.137933,-0.98988885,0.4070543,-0.90642476,0.11269806,-0.91280454,-0.39920992,0.08613518
1356626967508,-0.012876689,-0.08190374,-0.996557,0.4011711,-0.9133336,0.06988026,-0.9159125,-0.39889008,0.04461825
1356626967549,0.01162076,-0.05907853,-0.9981857,0.3961407,-0.9163023,0.058844,-0.9181163,-0.39610577,0.012755275
1356626967588,0.04010874,-0.06806886,-0.9968741,0.39037445,-0.9173169,0.07834302,-0.91978216,-0.39229643,-0.01022014
1356626967628,0.07067728,-0.10155566,-0.99231607,0.3830933,-0.91574955,0.12100533,-0.92100173,-0.38870195,-0.025817394
1356626967668,0.1027596,-0.15506677,-0.982545,0.37396353,-0.90928686,0.18261608,-0.921733,-0.3862016,-0.03544864
1356626967708,0.13488418,-0.22246121,-0.9655658,0.3624093,-0.8958762,0.25703168,-0.922207,-0.3845995,-0.04021752
1356626967748,0.16566765,-0.2971239,-0.94035715,0.3476979,-0.8747047,0.33763555,-0.9228545,-0.3828955,-0.041600913
1356626967788,0.19401085,-0.371993,-0.907734,0.33029908,-0.8465191,0.41750205,-0.92372197,-0.3808236,-0.041364938
1356626967828,0.21894866,-0.43994606,-0.8709242,0.3131076,-0.8136986,0.48975328,-0.9241348,-0.3799238,-0.040407777
1356626967868,0.2399264,-0.4945875,-0.83535534,0.30066177,-0.7803233,0.54835933,-0.9230589,-0.3827253,-0.03851661
1356626967908,0.25623292,-0.53127587,-0.8075213,0.29712936,-0.7516728,0.58881414,-0.9198145,-0.39081186,-0.034745663
1356626967948,0.26669365,-0.549474,-0.7918035,0.30474776,-0.7313295,0.6101524,-0.91433215,-0.4040241,-0.027589947
1356626967988,0.2694837,-0.5525141,-0.78873736,0.32290742,-0.7197774,0.61453336,-0.9072537,-0.4202959,-0.01555735
1356626968028,0.26293218,-0.545778,-0.79560864,0.34936744,-0.71480274,0.60580474,-0.8993381,-0.4372453,0.002732397
1356626968068,0.24518538,-0.5321807,-0.8103504,0.38119143,-0.71561986,0.5853044,-0.89139056,-0.45240667,0.027403265
1356626968108,0.21511847,-0.51308626,-0.83094317,0.41519317,-0.7220872,0.55335766,-0.8839336,-0.4640394,0.057695627
1356626968148,0.17252529,-0.489547,-0.854739,0.44832295,-0.73363245,0.51067597,-0.87706417,-0.47130364,0.092905045
1356626968188,0.11838597,-0.46298555,-0.8784243,0.4775671,-0.74906343,0.45916626,-0.8705828,-0.47386536,0.13242805
1356626968228,0.056889296,-0.4400486,-0.8961701,0.49954262,-0.7646358,0.40717226,-0.8644193,-0.4708389,0.17632344
1356626968268,-0.0060535073,-0.43017858,-0.9027235,0.51211154,-0.7767091,0.36669427,-0.8588976,-0.46007532,0.22500128
1356626968308,-0.06561059,-0.43790752,-0.8966228,0.51559865,-0.78418744,0.34526545,-0.85431457,-0.4396444,0.27723545
1356626968348,-0.11814433,-0.46165594,-0.87915623,0.51283467,-0.78651255,0.34409094,-0.850319,-0.41020942,0.3296752
1356626968388,-0.1622181,-0.49233648,-0.85515505,0.50762284,-0.78480047,0.3555382,-0.8461705,-0.37642145,0.37723
1356626968428,-0.1984638,-0.5161632,-0.83317924,0.5019286,-0.7836812,0.36593896,-0.8418312,-0.34557086,0.4146095
1356626968468,-0.22891504,-0.5198125,-0.8230387,0.4948564,-0.79023194,0.36145616,-0.8382809,-0.32454324,0.43812862
1356626968508,-0.25516444,-0.4962678,-0.8298249,0.48460674,-0.80829793,0.3343812,-0.8366884,-0.31681654,0.4467436
1356626968549,-0.27710265,-0.4456707,-0.85122967,0.47033337,-0.83544147,0.284296,-0.83785486,-0.32158253,0.44111675
1356626968588,-0.2929827,-0.3760177,-0.8790744,0.4528392,-0.8643315,0.21878684,-0.84207946,-0.3339786,0.42350975
1356626968629,-0.30210155,-0.28801736,-0.90872467,0.43151888,-0.8913235,0.13904554,-0.8500153,-0.35012597,0.39355528
1356626968668,-0.30258006,-0.18652186,-0.93469507,0.4080014,-0.9116199,0.049838647,-0.86138266,-0.36627674,0.35193926
1356626968708,-0.29310763,-0.082888275,-0.95247966,0.38686743,-0.9213156,-0.03887488,-0.8743121,-0.37987787,0.30211133
1356626968748,-0.27445686,0.014229074,-0.96149415,0.3715918,-0.92064804,-0.11969483,-0.88690084,-0.3901344,0.24739069
1356626968788,-0.24825501,0.095710084,-0.96395487,0.36439657,-0.912789,-0.18447587,-0.8975436,-0.39705893,0.19172803
1356626968828,-0.2169401,0.155527,-0.96371585,0.36456466,-0.9028899,-0.22777712,-0.90555483,-0.40075076,0.13917339
1356626968868,-0.18300295,0.19419259,-0.96374226,0.36855906,-0.8952517,-0.25037676,-0.9114132,-0.40101564,0.09226233
1356626968908,-0.14773804,0.21114984,-0.96622413,0.37304547,-0.89288884,-0.2521634,-0.91597515,-0.3976997,0.053145282
1356626968948,-0.11198419,0.20586598,-0.9721516,0.3753962,-0.8970471,-0.2332043,-0.9200745,-0.3910572,0.023173787
1356626968988,-0.0758034,0.17734164,-0.9812256,0.37452316,-0.90694076,-0.19284913,-0.92411375,-0.3821104,0.002330698
1356626969028,-0.039218307,0.12621337,-0.99122757,0.3702268,-0.91955316,-0.13173524,-0.92811316,-0.37214544,-0.010664254
1356626969068,-0.0017079711,0.053250358,-0.9985797,0.3631897,-0.9303601,-0.050233647,-0.93171364,-0.36275965,-0.017751008
1356626969108,0.03669101,-0.03825195,-0.99859434,0.35420668,-0.9338937,0.048788056,-0.9344471,-0.35549885,-0.020716459
1356626969148,0.075213194,-0.141495,-0.9870776,0.3443423,-0.9253033,0.15887797,-0.93582654,-0.35184228,-0.020872295
1356626969188,0.11231822,-0.24538803,-0.96289635,0.33541012,-0.90279233,0.26919523,-0.9353527,-0.3532007,-0.019094408
1356626969228,0.146227,-0.33733168,-0.92995965,0.32985178,-0.869641,0.36731777,-0.932639,-0.3604606,-0.015895545
1356626969268,0.17544007,-0.4088465,-0.895581,0.33008248,-0.83260703,0.44475952,-0.9275055,-0.37364426,-0.011119574
1356626969308,0.19893944,-0.45875394,-0.866007,0.33762425,-0.7974911,0.5000179,-0.92001796,-0.3918582,-0.0037659705
1356626969348,0.21582967,-0.4910292,-0.8439833,0.3526268,-0.766825,0.53631485,-0.9105338,-0.41336378,0.0076464713
1356626969388,0.2252335,-0.5114001,-0.82930076,0.37388203,-0.7406394,0.5582701,-0.8997122,-0.4358018,0.024386525
1356626969428,0.22646964,-0.5251063,-0.8203505,0.3992307,-0.7181907,0.5699272,-0.8884405,-0.45658028,0.046990097
1356626969468,0.21930885,-0.53603995,-0.81520844,0.42630714,-0.698919,0.5742598,-0.8775909,-0.47346944,0.075238556
1356626969508,0.20412874,-0.54695004,-0.8118972,0.4532203,-0.6823225,0.5736091,-0.86771125,-0.48505846,0.10860726
1356626969549,0.1818515,-0.5599954,-0.8082915,0.47863734,-0.6676376,0.5702335,-0.8589739,-0.49057633,0.14662385
1356626969588,0.15415633,-0.5759412,-0.80282474,0.5012045,-0.6546526,0.56588346,-0.8514869,-0.48961386,0.18774545
1356626969628,0.12310904,-0.59972185,-0.7906819,0.51900774,-0.64018786,0.56638354,-0.84585756,-0.48009697,0.23244745
1356626969668,0.08984041,-0.6329941,-0.76892596,0.5306658,-0.6229052,0.5747895,-0.8428063,-0.4596821,0.27994627
1356626969708,0.05639994,-0.67418337,-0.7364074,0.53620756,-0.60172755,0.59195065,-0.8421998,-0.4282532,0.32756478
1356626969748,0.025138676,-0.7193388,-0.69420445,0.53736174,-0.5758452,0.61615324,-0.84297717,-0.3885281,0.3720691
1356626969788,-6.9898367E-4,-0.76029253,-0.6495804,0.53715825,-0.5481946,0.64104885,-0.8434811,-0.34847945,0.4087806
1356626969832,-0.018187642,-0.7904078,-0.61231095,0.5366242,-0.5244488,0.6610505,-0.84362525,-0.31655794,0.4336905
1356626969869,-0.024661481,-0.8073063,-0.58961713,0.53545165,-0.508728,0.6741567,-0.84420574,-0.29908574,0.4448195
1356626969908,-0.019663393,-0.8102592,-0.58574176,0.5317458,-0.50460047,0.68016535,-0.84667575,-0.29809135,0.44077405
1356626969948,-0.0027469993,-0.8033745,-0.59546775,0.52391243,-0.50836027,0.6834367,-0.8517677,-0.31009555,0.42229432
1356626969988,0.024809659,-0.79123837,-0.6110044,0.51051766,-0.51545966,0.68823916,-0.8595093,-0.3290035,0.39115268
1356626970028,0.06131363,-0.77675635,-0.6268096,0.4898805,-0.52373093,0.6969384,-0.8696308,-0.34979367,0.3484059
1356626970068,0.10475868,-0.76341015,-0.63736224,0.46132654,-0.53045887,0.71119,-0.8810241,-0.3685354,0.2966112
1356626970108,0.15217382,-0.75435805,-0.63858205,0.4251939,-0.5332944,0.7313051,-0.8922182,-0.38280666,0.23959506
1356626970148,0.20002502,-0.75228715,-0.6277373,0.38247135,-0.5299029,0.75691384,-0.90205634,-0.39149326,0.18173447
1356626970188,0.24470842,-0.75877357,-0.60363936,0.33450112,-0.5182801,0.78707993,-0.9100697,-0.39452314,0.12698302
1356626970228,0.28314036,-0.7737585,-0.5666828,0.28313953,-0.49708945,0.8202038,-0.91633165,-0.39268315,0.07833543
1356626970268,0.31341046,-0.79543823,-0.5187022,0.23111504,-0.4659056,0.8541181,-0.92106444,-0.38756943,0.037818044
1356626970308,0.33540106,-0.8203043,-0.4632569,0.18177605,-0.4261486,0.88620245,-0.924372,-0.3814422,0.0061810315
1356626970348,0.35100257,-0.8440891,-0.40535265,0.13806856,-0.38150948,0.9139954,-0.9261394,-0.37678123,-0.017368615
1356626970388,0.36320853,-0.86358166,-0.34972313,0.101582676,-0.33641487,0.936219,-0.92615366,-0.3755685,-0.034463838
1356626970428,0.37421882,-0.8777921,-0.2990672,0.07259536,-0.29378033,0.95311224,-0.92449456,-0.3783834,-0.046214476
1356626970468,0.38412243,-0.88789165,-0.2531766,0.050436884,-0.25362474,0.96598685,-0.9219035,-0.38382664,-0.052640423
1356626970508,0.39114574,-0.896067,-0.20992568,0.03388986,-0.21392015,0.97626305,-0.91970456,-0.38897547,-0.05330637
1356626970549,0.39318207,-0.90419924,-0.16682822,0.02132833,-0.17242351,0.984792,-0.91921324,-0.39076075,-0.048508808
1356626970588,0.39017594,-0.9124527,-0.12325877,0.01100871,-0.12923646,0.9915527,-0.9206745,-0.3882369,-0.04038
1356626970628,0.383857,-0.9198607,-0.08068517,0.0025380552,-0.08632767,0.99626356,-0.9233891,-0.38262755,-0.030802816
1356626970668,0.37832174,-0.92477846,-0.04071209,-0.0045005083,-0.04581812,0.99893963,-0.92566323,-0.37773737,-0.021495968
1356626970708,0.3775491,-0.9259721,-0.005687982,-0.009903163,-0.0101799965,0.99989915,-0.9259367,-0.37745473,-0.0130135715
1356626970748,0.38371506,-0.9231682,0.022871524,-0.013213813,0.019275993,0.9997268,-0.9233569,-0.3839124,-0.0048020184
1356626970788,0.3966205,-0.91691554,0.04425049,-0.01337868,0.042425275,0.9990101,-0.9178852,-0.39681992,0.0045596063
1356626970828,0.41447622,-0.9082257,0.05775398,-0.008541822,0.05957651,0.9981872,-0.91002005,-0.4142182,0.01693517
1356626970868,0.4344364,-0.8984889,0.06310865,0.0029644072,0.071492046,0.9974367,-0.9006976,-0.4331357,0.03372228
1356626970908,0.4536776,-0.8891301,0.060200244,0.022295922,0.07885569,0.99663657,-0.8908869,-0.45080942,0.055599093
1356626970948,0.46996748,-0.88132894,0.048886806,0.049963444,0.08185673,0.9953909,-0.8812685,-0.46535882,0.08250427
1356626970988,0.48181134,-0.875797,0.028939247,0.08582622,0.080031514,0.9930905,-0.8720617,-0.47599852,0.11372644
1356626971064,0.48797578,-0.8728564,0.0011554658,0.1297921,0.07387006,0.9887856,-0.86315334,-0.48235342,0.14933673
1356626971069,0.48774147,-0.8723296,-0.03390169,0.17785332,0.06127268,0.9821476,-0.85467917,-0.48506367,0.18503195
1356626971085,0.48110592,-0.87413263,-0.066553384,0.22601977,0.050329745,0.9728217,-0.8470255,-0.48307267,0.22178514
1356626971125,0.46485463,-0.88092375,-0.08878946,0.27555504,0.048642546,0.9600538,-0.8414152,-0.47075188,0.26535466
1356626971166,0.43817002,-0.8929013,-0.103606254,0.32493117,0.049867928,0.94442195,-0.838109,-0.4474823,0.31198215
1356626971206,0.40488628,-0.90803677,-0.10740766,0.36900693,0.054790586,0.9278103,-0.8366009,-0.41529188,0.35725576
1356626971246,0.37029058,-0.9230813,-0.10395113,0.405223,0.059821367,0.9122585,-0.83587027,-0.37992406,0.39620513
1356626971286,0.33930385,-0.9351848,-0.10150036,0.43206865,0.059092164,0.8999027,-0.83557737,-0.3491956,0.42411423
1356626971326,0.31499916,-0.94289213,-0.108305305,0.44865352,0.04737389,0.8924493,-0.8363526,-0.32971233,0.4379546
1356626971366,0.29809815,-0.94581664,-0.12871784,0.45522583,0.022341311,0.8900956,-0.8389916,-0.32393155,0.4372201
1356626971406,0.28761452,-0.94391525,-0.16217873,0.4526204,-0.015270352,0.8915726,-0.8440454,-0.3298346,0.42284328
1356626971446,0.28201848,-0.9372674,-0.20492762,0.44138232,-0.06290108,0.89511174,-0.85184926,-0.3428895,0.395954
1356626971486,0.28017133,-0.92615485,-0.2524703,0.42199388,-0.117400825,0.89896506,-0.86222106,-0.35840517,0.35793936
1356626971549,0.28157604,-0.91110647,-0.30099815,0.39588988,-0.17543697,0.9013839,-0.87406296,-0.3729702,0.311299
1356626971568,0.2860899,-0.893128,-0.34709495,0.3658262,-0.23299009,0.90104765,-0.88562053,-0.3847571,0.26007348
1356626971608,0.29352456,-0.8740281,-0.3871928,0.334095,-0.28570014,0.898196,-0.8956695,-0.3930017,0.20814836
1356626971648,0.30331862,-0.8569714,-0.4166509,0.3015547,-0.3284505,0.8950894,-0.90391517,-0.39714035,0.15879855
1356626971688,0.31437856,-0.8461523,-0.43033987,0.26772952,-0.35589206,0.89535564,-0.9107618,-0.39669532,0.11465508
1356626971728,0.3250926,-0.84532094,-0.4239661,0.23180506,-0.3634112,0.9023296,-0.91683215,-0.3916182,0.07780737
1356626971768,0.33347905,-0.85574734,-0.39558622,0.19344011,-0.34856778,0.917105,-0.9226986,-0.38235754,0.049295694
1356626971808,0.33802724,-0.8745043,-0.34782156,0.15375593,-0.31329626,0.9371258,-0.9284916,-0.3702537,0.028557494
1356626971848,0.33823633,-0.8958773,-0.28809753,0.115426004,-0.2643351,0.9574988,-0.93395567,-0.35711482,0.013999745
1356626971888,0.33587706,-0.9144236,-0.22586715,0.08159074,-0.2106508,0.9741504,-0.93836534,-0.34562337,0.0038558096
1356626971928,0.33384117,-0.92723185,-0.16967985,0.054485083,-0.16072485,0.98549426,-0.9410534,-0.3382436,-0.0031363368
1356626971968,0.3347558,-0.93406236,-0.12436274,0.034978718,-0.119568616,0.99220955,-0.9416555,-0.33649793,-0.0073539615
1356626972008,0.3403581,-0.935835,-0.09148371,0.02315569,-0.0889211,0.9957695,-0.9400108,-0.34103656,-0.008595139
1356626972048,0.3513797,-0.9335208,-0.07121274,0.018616974,-0.06908101,0.99743736,-0.9360479,-0.351805,-0.0068943202
1356626972088,0.36757395,-0.9278428,-0.06322247,0.02089274,-0.05972579,0.99799615,-0.92975956,-0.36815828,-0.0025684536
1356626972128,0.38781413,-0.91928244,-0.06723058,0.03029573,-0.060186774,0.9977272,-0.92123955,-0.38896948,0.0045090914
1356626972168,0.41009337,-0.90826297,-0.08295646,0.04802552,-0.069325745,0.99643743,-0.9107783,-0.4126164,0.015189767
1356626972208,0.4311282,-0.89569354,-0.10891104,0.0745911,-0.08491176,0.9935926,-0.8992022,-0.4364896,0.03020288
1356626972248,0.4474321,-0.88278276,-0.1431748,0.10954076,-0.1047914,0.98844296,-0.887584,-0.45794457,0.049813688
1356626972288,0.45618725,-0.8706726,-0.18390888,0.15191129,-0.12743855,0.9801441,-0.8768216,-0.47506708,0.07412912
1356626972328,0.45542103,-0.86011136,-0.22978279,0.20052993,-0.15236467,0.9677668,-0.867398,-0.48681968,0.10308802
1356626972368,0.4439072,-0.85193974,-0.27775005,0.25358695,-0.17785484,0.9508214,-0.85944176,-0.49251023,0.13708973
1356626972408,0.42126787,-0.8482203,-0.3210228,0.30758756,-0.19936204,0.93040025,-0.85318416,-0.49069035,0.17691723
1356626972448,0.38909358,-0.8524275,-0.34924704,0.35739326,-0.20974171,0.91009796,-0.84904426,-0.47893178,0.22304276
1356626972488,0.35155034,-0.8669503,-0.35328412,0.3988227,-0.20272207,0.89434016,-0.84696686,-0.45530334,0.27449238
1356626972548,0.3139488,-0.8898958,-0.3309406,0.43123877,-0.17688143,0.8847294,-0.84585416,-0.42047417,0.3282258
1356626972568,0.28055114,-0.9151069,-0.28960398,0.4572486,-0.13786477,0.8785881,-0.8439282,-0.37890992,0.37975323
1356626972608,0.25349385,-0.936438,-0.24253821,0.47994834,-0.09593588,0.8720355,-0.83987534,-0.33746144,0.42512262
1356626972648,0.2327711,-0.95039904,-0.20629886,0.50043976,-0.064834,0.8633404,-0.83389306,-0.3042008,0.46052605
1356626972688,0.21712345,-0.9566937,-0.19389334,0.5169864,-0.055784523,0.8541739,-0.8279991,-0.28570136,0.48248553
1356626972728,0.20491636,-0.9560114,-0.20988417,0.52713144,-0.07288724,0.84665215,-0.82470703,-0.28412938,0.4890079
1356626972768,0.19477504,-0.94759846,-0.25321892,0.5295814,-0.1157015,0.84033126,-0.8255944,-0.29777557,0.47929478
1356626972808,0.18618864,-0.9303229,-0.31596366,0.5240773,-0.17797935,0.8328663,-0.8310697,-0.3206596,0.45442337
1356626972848,0.17934215,-0.903565,-0.3891103,0.5106781,-0.25255615,0.8218415,-0.8408593,-0.34610093,0.4161368
1356626972888,0.17476171,-0.8671048,-0.4664628,0.4896496,-0.33448017,0.8052119,-0.8542257,-0.36912355,0.36612326
1356626972928,0.17334783,-0.8216048,-0.5430618,0.462797,-0.41878188,0.7813071,-0.86935,-0.38676527,0.30764127
1356626972968,0.17592716,-0.7687129,-0.61492294,0.43312788,-0.5005055,0.7495963,-0.88399655,-0.39821464,0.24489838
1356626973008,0.18340743,-0.7126421,-0.67712855,0.4035014,-0.5735375,0.7129106,-0.89640856,-0.40397543,0.18236095
1356626973048,0.19693744,-0.66183573,-0.72331816,0.37506694,-0.6307866,0.67928874,-0.9058369,-0.4050701,0.124007165
1356626973088,0.21761346,-0.6280365,-0.7471375,0.3465953,-0.6658693,0.6606736,-0.9124232,-0.40272582,0.07277244
1356626973128,0.2457434,-0.6223849,-0.74313337,0.31500298,-0.67375773,0.6684487,-0.91672426,-0.39835608,0.030481545
1356626973168,0.27960914,-0.64932,-0.7072498,0.276879,-0.6508034,0.7069604,-0.9193241,-0.39349526,-0.0021874867
1356626973208,0.31460416,-0.70157075,-0.63939244,0.23103404,-0.5967445,0.7684525,-0.9206777,-0.38947976,-0.025651544
1356626973248,0.34500378,-0.76387084,-0.5454115,0.17996985,-0.5164707,0.8371792,-0.9211858,-0.3869876,-0.040710628
1356626973288,0.3668338,-0.8223246,-0.4349888,0.128156,-0.41845757,0.89914924,-0.9214168,-0.38558477,-0.04811856
1356626973328,0.3788634,-0.8691386,-0.3179002,0.079184026,-0.31180412,0.9468411,-0.9220588,-0.38389602,-0.049309254
1356626973368,0.38225272,-0.90127873,-0.20391032,0.03548172,-0.20618978,0.97786844,-0.9233763,-0.38102794,-0.046837643
1356626973408,0.38066703,-0.91884995,-0.10395819,-4.607439E-4,-0.11261064,0.99363905,-0.924712,-0.37819773,-0.043290466
1356626973448,0.37956208,-0.9247358,-0.028221518,-0.026021034,-0.04116273,0.99881357,-0.9248003,-0.37837738,-0.03968641
1356626973488,0.38356602,-0.92332315,0.018750697,-0.039933413,0.003702402,0.9991955,-0.92264974,-0.3840062,-0.035451323
1356626973550,0.39412418,-0.91824913,0.03853199,-0.042150944,0.023821563,0.99882716,-0.9180901,-0.39528602,-0.029316396
1356626973568,0.40908134,-0.9117465,0.037024707,-0.033470154,0.025555134,0.99911296,-0.91188395,-0.40995774,-0.020062208
1356626973609,0.4248299,-0.90506387,0.01946631,-0.01416859,0.01485306,0.9997893,-0.90516233,-0.42501622,-0.0065134466
1356626973648,0.4376055,-0.8991008,-0.010920435,0.015334547,-0.0046808124,0.9998715,-0.8990363,-0.43771672,0.011738956
1356626973688,0.44465828,-0.89410347,-0.053461105,0.05551529,-0.03206104,0.99794304,-0.89397824,-0.44671154,0.035380155
1356626973728,0.44343892,-0.8894874,-0.11033639,0.107152164,-0.069609255,0.99180293,-0.8898766,-0.4516268,0.06444301
1356626973768,0.43090495,-0.88383424,-0.182093,0.16973278,-0.118804365,0.9783027,-0.8862909,-0.45246264,0.09882225
1356626973808,0.4038963,-0.8761159,-0.26322746,0.2398903,-0.17623737,0.9546691,-0.8827913,-0.4487331,0.13899004
1356626973848,0.36162186,-0.8677166,-0.34102416,0.31033498,-0.23289144,0.92165816,-0.8791597,-0.43912342,0.1850642
1356626973888,0.30879748,-0.8635426,-0.39867055,0.3719378,-0.2761429,0.88623214,-0.8753892,-0.4219469,0.23591194
1356626973928,0.25410062,-0.869277,-0.424017,0.4195565,-0.2959395,0.85813296,-0.87143856,-0.39595127,0.2895124
1356626973968,0.20419604,-0.8843936,-0.4197045,0.45468175,-0.29400247,0.84072995,-0.8669304,-0.36250567,0.34208357
1356626974008,0.16192114,-0.9026017,-0.39886302,0.48104298,-0.2807216,0.8305378,-0.8616143,-0.3263519,0.38873547
1356626974048,0.12561965,-0.91459894,-0.3843546,0.500893,-0.27594602,0.82034135,-0.85634446,-0.29557148,0.42345202
1356626974088,0.09131324,-0.91224575,-0.39933634,0.51342225,-0.30047655,0.80381054,-0.853264,-0.2784267,0.4409298
1356626974128,0.055903852,-0.8885257,-0.4554084,0.51692617,-0.3644734,0.7745621,-0.85420257,-0.27871358,0.4389267
1356626974168,0.019764781,-0.83646107,-0.5476699,0.5108018,-0.46244234,0.7247267,-0.8594713,-0.2940748,0.4181257
1356626974208,-0.012966216,-0.75225323,-0.6587465,0.4959939,-0.5768777,0.6490008,-0.86822915,-0.31831914,0.380593
1356626974248,-0.036643803,-0.6397768,-0.7676867,0.4755534,-0.68680876,0.5496751,-0.8789233,-0.34493384,0.32941532
1356626974288,-0.047126412,-0.5115167,-0.85797995,0.45439616,-0.7758948,0.43761992,-0.8895522,-0.3692394,0.26899645
1356626974328,-0.043536663,-0.3848884,-0.9219357,0.43707764,-0.83714956,0.3288519,-0.89836943,-0.38864037,0.2046729
1356626974368,-0.028041065,-0.27544874,-0.9609067,0.42536426,-0.8731965,0.23789325,-0.9045877,-0.4020646,0.14165136
1356626974427,-0.0041596293,-0.19225869,-0.98133546,0.41797665,-0.89184225,0.1729539,-0.9084483,-0.4094559,0.08406931
1356626974447,0.024818718,-0.13817666,-0.99009657,0.41210938,-0.900918,0.13606136,-0.9107963,-0.41140497,0.034584224
1356626974487,0.056615114,-0.11294626,-0.9919868,0.40513337,-0.9055027,0.12622124,-0.91250294,-0.409033,-0.005506845
1356626974534,0.08966422,-0.11414355,-0.98940974,0.39568114,-0.9075678,0.14056003,-0.91400045,-0.40409398,-0.036211908
1356626974553,0.122211516,-0.1338126,-0.9834422,0.38450366,-0.9071079,0.17120808,-0.91499794,-0.39906073,-0.05940759
1356626974583,0.15143186,-0.16364524,-0.9748275,0.37244144,-0.9040716,0.20962326,-0.9156177,-0.39480978,-0.07595697
1356626974614,0.17806506,-0.20413151,-0.9626127,0.35943732,-0.8971563,0.2567399,-0.9160227,-0.39171535,-0.08637971
1356626974657,0.20318955,-0.26416433,-0.94283146,0.34348732,-0.8824927,0.32128343,-0.91691357,-0.3891321,-0.0885762
1356626974697,0.22830641,-0.34764487,-0.90940595,0.32053816,-0.8551595,0.4073788,-0.91931033,-0.38450652,-0.083804965
1356626974736,0.2508095,-0.4473071,-0.85849345,0.28956187,-0.8115693,0.5074536,-0.9237145,-0.3758611,-0.0740262
1356626974776,0.2683701,-0.55049366,-0.79052776,0.25405473,-0.7511328,0.6093075,-0.9292113,-0.36435726,-0.061726063
1356626974822,0.280182,-0.64061356,-0.71492124,0.22278269,-0.6810236,0.6975491,-0.93373764,-0.35471275,-0.048092958
1356626974867,0.28882664,-0.6994984,-0.65366745,0.20801616,-0.6206035,0.75602937,-0.93450975,-0.3543348,-0.033739805
1356626974906,0.2957908,-0.7254261,-0.62150204,0.2116152,-0.58468926,0.7831714,-0.93151855,-0.3631742,-0.019434482
1356626974946,0.30034542,-0.7248708,-0.61996365,0.2324955,-0.5747326,0.7846198,-0.92506135,-0.37979576,-0.004089147
1356626974986,0.29897743,-0.7055009,-0.6425582,0.2661835,-0.58497334,0.76612836,-0.9163836,-0.4000935,0.012898836
1356626975026,0.2876706,-0.67303896,-0.6813693,0.30781746,-0.60872036,0.7312372,-0.9069145,-0.42009282,0.032062236
1356626975066,0.26321673,-0.63023776,-0.7304227,0.35350424,-0.64145356,0.68086123,-0.8976367,-0.43742156,0.05395046
1356626975106,0.22380543,-0.57837325,-0.7844715,0.3998484,-0.679548,0.61509,-0.8888377,-0.45133016,0.079175085
1356626975148,0.16965216,-0.5204398,-0.83687544,0.44289875,-0.71833336,0.53650516,-0.8803742,-0.46167037,0.108635366
1356626975188,0.10370678,-0.46386048,-0.87981725,0.4780515,-0.7524618,0.4530651,-0.87218785,-0.46758384,0.14371386
1356626975228,0.030711174,-0.41680792,-0.9084756,0.50127864,-0.77991474,0.3747701,-0.86474067,-0.4669091,0.18498483
1356626975268,-0.04301101,-0.3884573,-0.9204624,0.51026666,-0.80062866,0.31404105,-0.85894006,-0.45617405,0.2326526
1356626975308,-0.11368966,-0.3788619,-0.9184435,0.5053899,-0.81794864,0.27484757,-0.8553688,-0.43292475,0.28446522
1356626975348,-0.17819273,-0.3833754,-0.9062398,0.48957175,-0.83344,0.2563144,-0.8535612,-0.39799607,0.33620283
1356626975388,-0.23444456,-0.39287296,-0.8892056,0.46752706,-0.8475369,0.25119627,-0.8523228,-0.35683608,0.3823792
1356626975428,-0.2811858,-0.3949782,-0.874601,0.44320276,-0.8618041,0.24670848,-0.8511791,-0.31825462,0.41738242
1356626975468,-0.31774837,-0.37782153,-0.8696476,0.41800627,-0.87906015,0.22918136,-0.8510622,-0.29069614,0.43725163
1356626975508,-0.34350365,-0.33565947,-0.8771192,0.39239594,-0.8998164,0.19067243,-0.85324717,-0.27868134,0.44080156
1356626975551,-0.3577003,-0.2724211,-0.89321744,0.36803356,-0.92021215,0.13327044,-0.85825515,-0.28106308,0.42942017
1356626975588,-0.360022,-0.19415072,-0.9125184,0.34651121,-0.9359663,0.062428206,-0.8662069,-0.2937223,0.4042437
1356626975628,-0.3507377,-0.10738681,-0.9302963,0.32938343,-0.9440738,-0.015206024,-0.87663543,-0.3117575,0.3664937
1356626975668,-0.3310017,-0.018869951,-0.94344145,0.31851834,-0.9433551,-0.09288236,-0.88824767,-0.33124763,0.31826264
1356626975708,-0.30346543,0.061968774,-0.9508252,0.31582338,-0.93493235,-0.1617312,-0.89897954,-0.34937268,0.26414853
1356626975748,-0.2711752,0.13064116,-0.95362306,0.3205466,-0.92193526,-0.21745172,-0.9075868,-0.36464813,0.2081294
1356626975788,-0.23666674,0.1837143,-0.9540639,0.3301899,-0.90830773,-0.25681093,-0.9137634,-0.37580088,0.15430549
1356626975828,-0.20175886,0.22130485,-0.9541056,0.34095126,-0.8973401,-0.28023702,-0.9181751,-0.3818438,0.10559222
1356626975868,-0.16767716,0.24391028,-0.95519215,0.34996656,-0.891077,-0.2889725,-0.9216332,-0.38273942,0.06405289
1356626975908,-0.13537586,0.2530581,-0.95793253,0.35566846,-0.88997954,-0.2853703,-0.92475575,-0.37933868,0.03047701
1356626975948,-0.105165005,0.24877031,-0.96283627,0.3581386,-0.89376414,-0.2700414,-0.92772686,-0.37322772,0.0048984587
1356626975988,-0.07717961,0.23080975,-0.9699331,0.35835242,-0.90140253,-0.24301672,-0.9303908,-0.36633378,-0.013141394
1356626976028,-0.051701188,0.19890842,-0.97865343,0.3572335,-0.91143817,-0.20411937,-0.9325831,-0.36016095,-0.023934305
1356626976068,-0.02841574,0.15262929,-0.9878749,0.35530397,-0.9221938,-0.15270153,-0.93431884,-0.35533503,-0.028025039
1356626976108,-0.0068027377,0.0946303,-0.9954892,0.3523102,-0.9314534,-0.09095064,-0.93585855,-0.35133973,-0.027002785
1356626976148,0.0136624575,0.030330777,-0.9994466,0.34827277,-0.9370942,-0.023677632,-0.9372937,-0.3477565,-0.023366451
