1356626106241,0.50625277,0.46299148,-0.7275624,0.47574914,0.55373,0.68340755,0.719285,-0.6921141,0.060059547
1356626106276,-0.02944541,-0.11669999,-0.9927306,0.69408494,0.71229434,-0.104320735,0.7192906,-0.69211113,0.06002593
1356626106317,-0.029860154,-0.11674896,-0.99271244,0.69402826,0.7123018,-0.10464692,0.7193282,-0.6920953,0.05975765
1356626106360,-0.031456828,-0.11700207,-0.9926334,0.6938576,0.71227616,-0.10594475,0.7194249,-0.6920789,0.058776796
1356626106398,-0.03545533,-0.11780241,-0.9924039,0.69352365,0.71209353,-0.10930571,0.7195609,-0.69213104,0.05645126
1356626106438,-0.04251647,-0.119593084,-0.99191225,0.69302696,0.71159893,-0.11550149,0.7196568,-0.6923326,0.05262655
1356626106480,-0.052861333,-0.12260178,-0.99104714,0.69231737,0.7107105,-0.12484896,0.7196543,-0.6927188,0.047310233
1356626106519,-0.06638445,-0.12696275,-0.9896836,0.69125855,0.7094288,-0.13737708,0.7195518,-0.69324696,0.040669084
1356626106557,-0.08200526,-0.13255948,-0.9877769,0.6897406,0.70786685,-0.15225786,0.7193978,-0.69379574,0.033382833
1356626106600,-0.099006325,-0.13872525,-0.98536944,0.68768156,0.7061844,-0.16851592,0.71922994,-0.69430465,0.025482059
1356626106639,-0.11622211,-0.14515895,-0.98255855,0.6851266,0.70450807,-0.1851213,0.7190924,-0.6946922,0.01757288
1356626106678,-0.13117495,-0.15133348,-0.97974044,0.68248796,0.7030107,-0.19996557,0.7190295,-0.69489145,0.0110659
1356626106717,-0.14156218,-0.15662119,-0.977461,0.6803137,0.7018938,-0.2109937,0.7191199,-0.69484884,0.0071899295
1356626106760,-0.14618492,-0.16080922,-0.9760996,0.6789841,0.7012813,-0.21722138,0.71945167,-0.6945106,0.0066701174
1356626106798,-0.14488314,-0.16377014,-0.9758013,0.67856437,0.7013054,-0.21845166,0.7201106,-0.69379395,0.009521246
1356626106838,-0.13890342,-0.16552499,-0.97637457,0.6787529,0.70201284,-0.21557483,0.7211105,-0.69266117,0.014838576
1356626106878,-0.1296393,-0.1662072,-0.9775319,0.6791319,0.7034335,-0.20966882,0.7224772,-0.6910545,0.021683991
1356626106917,-0.11882518,-0.16600454,-0.9789397,0.679273,0.7055127,-0.20208909,0.7242021,-0.68898064,0.02892977
1356626106957,-0.10815863,-0.16516453,-0.9803175,0.6788585,0.70812154,-0.19420336,0.72625947,-0.6865016,0.035533845
1356626106997,-0.09902118,-0.16393831,-0.9814881,0.6777364,0.71108955,-0.1871496,0.72860694,-0.6837221,0.040694058
1356626107038,-0.09232736,-0.16254985,-0.9823712,0.6759353,0.71420914,-0.18170515,0.7311547,-0.6807958,0.04393214
1356626107076,-0.08848235,-0.16117671,-0.98295116,0.67361677,0.7172642,-0.17824838,0.73376524,-0.67790425,0.045106053
1356626107116,-0.087542504,-0.15990993,-0.9832421,0.6709622,0.72009254,-0.17685132,0.73630565,-0.6752003,0.04425478
1356626107157,-0.0894105,-0.15873188,-0.9832649,0.6681096,0.7226043,-0.17740524,0.7386713,-0.67279065,0.041441858
1356626107196,-0.093890235,-0.15753499,-0.98303986,0.66518927,0.72473496,-0.17967317,0.74074817,-0.6707772,0.03674507
1356626107262,-0.10148798,-0.15623003,-0.9824929,0.66219676,0.7264103,-0.18391185,0.74242556,-0.6692684,0.029733121
1356626107278,-0.11260758,-0.15456632,-0.981544,0.65911686,0.72759295,-0.19019312,0.743562,-0.6683695,0.019944787
1356626107318,-0.12782289,-0.15213922,-0.98005867,0.6557168,0.72841936,-0.19859703,0.7441081,-0.6680262,0.0066515803
1356626107358,-0.1468433,-0.14811522,-0.9780076,0.6515645,0.7294348,-0.20829926,0.7442451,-0.66782236,-0.010605991
1356626107398,-0.16826814,-0.14139658,-0.97554743,0.6462601,0.73146826,-0.21749033,0.74433434,-0.6670541,-0.03170383
1356626107438,-0.18963142,-0.13083965,-0.97309864,0.63992167,0.73520243,-0.22355686,0.74467456,-0.6651003,-0.05569035
1356626107478,-0.20838381,-0.11565179,-0.9711853,0.63328135,0.74076766,-0.22409382,0.7453395,-0.661731,-0.08112389
1356626107518,-0.22276781,-0.09560737,-0.9701719,0.6273792,0.74765396,-0.21773574,0.74617004,-0.6571702,-0.1065712
1356626107558,-0.23262034,-0.071250975,-0.96995413,0.6230049,0.7549134,-0.20486738,0.74682844,-0.65194255,-0.1312185
1356626107598,-0.23912819,-0.043713838,-0.9700035,0.62048113,0.76153046,-0.18728176,0.746874,-0.6466533,-0.15497983
1356626107638,-0.24425739,-0.014614642,-0.9696003,0.6195579,0.76684195,-0.16763473,0.74598014,-0.6416696,-0.17825222
1356626107678,-0.24995631,0.01418227,-0.9681533,0.61939156,0.7708865,-0.14862098,0.74422854,-0.6368147,-0.20147228
1356626107718,-0.25754726,0.040835023,-0.96540236,0.6186416,0.7744574,-0.13228112,0.7422613,-0.63130677,-0.22472161
1356626107758,-0.2674081,0.06379259,-0.96146935,0.6158754,0.77870905,-0.11962339,0.7410738,-0.6241336,-0.24752134
1356626107798,-0.27937782,0.081864804,-0.95668495,0.610064,0.78453565,-0.1110214,0.74146473,-0.614656,-0.26912463
1356626107838,-0.29312435,0.09432158,-0.9514102,0.6009389,0.79215276,-0.10661307,0.7436063,-0.6029904,-0.28888077
1356626107877,-0.30831435,0.10093525,-0.9459145,0.5888952,0.8011675,-0.10645656,0.7470908,-0.58986664,-0.30645174
1356626107907,-0.32776216,0.096766844,-0.93979156,0.57370275,0.81072056,-0.116607964,0.75062454,-0.57738066,-0.32123888
1356626107938,-0.3430867,0.09405021,-0.9345833,0.5599493,0.81933,-0.1231062,0.75415397,-0.5655554,-0.33376455
1356626107978,-0.3577901,0.08929354,-0.929523,0.54523987,0.82808775,-0.13032332,0.75808954,-0.5534414,-0.34496802
1356626108018,-0.3723873,0.08134152,-0.92450595,0.53024715,0.836203,-0.1400091,0.7616861,-0.5423542,-0.35452247
1356626108058,-0.38523197,0.07152377,-0.92004395,0.51733917,0.8423295,-0.15113302,0.7641705,-0.534196,-0.3614943
1356626108098,-0.3941226,0.061346874,-0.9170081,0.5093231,0.8451198,-0.16236533,0.765021,-0.5310453,-0.36432618
1356626108138,-0.39698118,0.05215344,-0.91634375,0.5081817,0.8438742,-0.17212713,0.76430184,-0.53400034,-0.36150557
1356626108178,-0.39233387,0.04484272,-0.9187291,0.5140801,0.8389454,-0.1785841,0.76275533,-0.54236495,-0.35219944
1356626108218,-0.3789965,0.039996594,-0.9245334,0.5257157,0.8314985,-0.17953628,0.7615673,-0.5540853,-0.33616185
1356626108261,-0.35568362,0.03809023,-0.9338299,0.5413461,0.82288784,-0.17262667,0.7618619,-0.56692564,-0.31330776
1356626108298,-0.32104516,0.039588362,-0.94623613,0.55939806,0.81413794,-0.15573454,0.7642014,-0.57932043,-0.2835207
1356626108338,-0.27422363,0.044796556,-0.960622,0.5782608,0.80582845,-0.1274949,0.76838523,-0.5904522,-0.2468813
1356626108378,-0.21636751,0.053348392,-0.97485334,0.59572875,0.7982912,-0.08853516,0.7734936,-0.5999043,-0.20450544
1356626108418,-0.15091088,0.06420761,-0.9864599,0.60944223,0.791733,-0.04170081,0.7783354,-0.6074835,-0.15861201
1356626108458,-0.08242643,0.07602623,-0.9936931,0.61775565,0.78631955,0.008917779,0.78203833,-0.6131245,-0.11177915
1356626108498,-0.015713781,0.0873552,-0.9960533,0.6201976,0.7822374,0.058818996,0.7842882,-0.6168256,-0.06646937
1356626108538,0.04504472,0.09691331,-0.99427307,0.61759543,0.7795939,0.103967905,0.7852051,-0.61874163,-0.024736643
1356626108577,0.096726805,0.10373142,-0.98989075,0.6117958,0.7782862,0.14133859,0.78507954,-0.6192822,0.011818707
1356626108618,0.1370363,0.10707395,-0.9847621,0.6051439,0.7780142,0.16880399,0.78423333,-0.61905503,0.041821003
1356626108658,0.16557541,0.10691941,-0.98038405,0.5995855,0.7783607,0.18614997,0.7829955,-0.61864597,0.06477004
1356626108698,0.18298769,0.10338451,-0.9776641,0.59627885,0.7789887,0.19397974,0.78164387,-0.6184563,0.08089936
1356626108738,0.1907458,0.09685922,-0.9768491,0.5954608,0.77971214,0.19358559,0.7804116,-0.618601,0.09105092
1356626108778,0.19038686,0.08782843,-0.9777725,0.5965637,0.78064775,0.1862815,0.77965665,-0.6187691,0.09622985
1356626108818,0.1832518,0.07688984,-0.9800545,0.5983075,0.7823127,0.17324838,0.78003013,-0.618122,0.09735644
1356626108858,0.17114869,0.0650551,-0.9830951,0.5990561,0.78531224,0.15625775,0.78220195,-0.6156724,0.09543353
1356626108898,0.15706438,0.053902835,-0.98611623,0.597985,0.7894681,0.13839823,0.7859674,-0.61142015,0.09176421
1356626108938,0.14404956,0.045099676,-0.9885422,0.5963802,0.79320806,0.12309207,0.78967106,-0.60727835,0.08736473
1356626108978,0.1335989,0.03975874,-0.99023765,0.5971807,0.7941843,0.11245628,0.7909023,-0.60637486,0.082359016
1356626109018,0.12606043,0.038618267,-0.99127054,0.60265094,0.79073846,0.10744533,0.7879851,-0.61093473,0.07640749
1356626109058,0.12154592,0.042346746,-0.9916821,0.61299074,0.7825977,0.10854989,0.7806849,-0.62108576,0.06916338
1356626109098,0.12035539,0.051816493,-0.99137765,0.6265485,0.7706497,0.116344005,0.7700334,-0.6351489,0.060286283
1356626109138,0.12269365,0.06776628,-0.9901283,0.64119446,0.7560791,0.13120237,0.7575064,-0.6509625,0.049314737
1356626109178,0.1287458,0.090654284,-0.9875253,0.6552237,0.73971105,0.15332794,0.74438316,-0.6667903,0.035835862
1356626109218,0.13874352,0.120503515,-0.9829696,0.6675141,0.7218329,0.18270828,0.7315567,-0.6814956,0.019711852
1356626109262,0.15163457,0.15620583,-0.9760157,0.67770416,0.7023704,0.21769908,0.71953046,-0.69446063,6.4229965E-4
1356626109298,0.16474801,0.19580577,-0.9667048,0.68581444,0.68165976,0.25494802,0.70888406,-0.70498234,-0.021984339
1356626109337,0.17168584,0.23566623,-0.9565487,0.6924355,0.66179675,0.28732938,0.70075464,-0.7116786,-0.049562514
1356626109368,0.11907148,0.22288199,-0.96754616,0.7086017,0.6635201,0.24005152,0.69548947,-0.71418816,-0.07892823
1356626109408,0.12543908,0.2805378,-0.95161104,0.70633435,0.648309,0.28423074,0.69667554,-0.7078092,-0.11683023
1356626109448,0.09546006,0.31740046,-0.9434746,0.70347023,0.64907503,0.28953618,0.7042847,-0.69134545,-0.16132104
1356626109488,0.037616726,0.33569312,-0.94122005,0.69657505,0.6665285,0.26556164,0.7164972,-0.6656199,-0.20876282
1356626109528,-0.034035627,0.33894134,-0.9401917,0.68224895,0.6953236,0.22596791,0.7303273,-0.6337538,-0.25490814
1356626109568,-0.105409205,0.33188182,-0.9374131,0.66109973,0.72757524,0.1832522,0.7428566,-0.60040706,-0.29610014
1356626109608,-0.16626158,0.31975245,-0.9327999,0.63773185,0.756371,0.14560597,0.75210065,-0.57066745,-0.32967174
1356626109648,-0.20962888,0.3077246,-0.9280955,0.6185519,0.77685344,0.11786561,0.7572643,-0.5493672,-0.35319453
1356626109688,-0.23065746,0.30026746,-0.9255466,0.60924625,0.78623194,0.10323915,0.75869364,-0.5400729,-0.36428708
1356626109728,-0.22747022,0.29993743,-0.9264421,0.61170655,0.78425694,0.10371184,0.7576757,-0.5431193,-0.3618688
1356626109768,-0.20140153,0.3068041,-0.93021965,0.6225809,0.7732625,0.120241836,0.7561947,-0.55492014,-0.34674662
1356626109808,-0.15579462,0.31921917,-0.9347872,0.6352888,0.75703955,0.15264109,0.75639683,-0.5700792,-0.32073903
1356626109846,-0.094576,0.33505958,-0.9374382,0.64337724,0.73915684,0.19928087,0.75968486,-0.58427924,-0.2854762
1356626109886,-0.023856787,0.35154372,-0.93586755,0.6425005,0.72259355,0.25505242,0.76591384,-0.5952107,-0.24310577
1356626109927,0.049780935,0.36638904,-0.9291291,0.6317239,0.70900303,0.31343195,0.7735934,-0.602556,-0.19616187
1356626109966,0.12043956,0.37803945,-0.9179218,0.6132621,0.6987834,0.3682544,0.7806432,-0.6072791,-0.14767611
1356626110006,0.18429202,0.3858415,-0.9039706,0.59071285,0.6916027,0.4156249,0.7855538,-0.6105834,-0.10046464
1356626110046,0.23870844,0.3893839,-0.88960576,0.5674897,0.6874505,0.45317462,0.7880188,-0.61301875,-0.056871116
1356626110086,0.28186446,0.38834143,-0.87735015,0.54639244,0.68669194,0.47948876,0.78867465,-0.6145284,-0.01863277
1356626110126,0.31270856,0.3824498,-0.8694513,0.5298616,0.68946356,0.49384886,0.78832734,-0.61511964,0.012955666
1356626110166,0.33139038,0.371786,-0.8671538,0.5196591,0.69519216,0.49665102,0.7874865,-0.6152097,0.03717798
1356626110206,0.33883837,0.35670847,-0.8706019,0.5164351,0.702962,0.48901862,0.78643715,-0.6153076,0.053973734
1356626110261,0.3360336,0.33768034,-0.87923455,0.5196662,0.71208954,0.47209698,0.7855116,-0.6155489,0.063804924
1356626110288,0.3237433,0.31514654,-0.89211714,0.5278289,0.7223771,0.44673026,0.7852305,-0.61551106,0.06752133
1356626110328,0.30317253,0.28977522,-0.9078088,0.5385808,0.7337959,0.4140947,0.7861407,-0.6144705,0.066399395
1356626110368,0.27717406,0.26294392,-0.92414016,0.54948485,0.745633,0.37695864,0.7881884,-0.6122842,0.06218642
1356626110408,0.25016055,0.23695582,-0.9387607,0.55956393,0.75587827,0.33990622,0.7901316,-0.6103277,0.056499004
1356626110448,0.2259633,0.21433082,-0.95026475,0.5698966,0.7620536,0.3073958,0.7900371,-0.6110128,0.050049722
1356626110488,0.20615238,0.1970373,-0.95847666,0.5820117,0.7627262,0.28197724,0.78661525,-0.6159749,0.042559803
1356626110528,0.19032142,0.18643665,-0.9638564,0.5962981,0.75798583,0.26435953,0.7798758,-0.625059,0.0330891
1356626110568,0.17796758,0.18404575,-0.966672,0.61143804,0.749019,0.25517434,0.7710195,-0.63647276,0.020768523
1356626110608,0.1692869,0.19133055,-0.9668167,0.6258261,0.73695415,0.25542173,0.7613695,-0.64829874,0.005017042
1356626110648,0.16507891,0.20948447,-0.9637765,0.6385059,0.72207165,0.26631343,0.75170416,-0.6593397,-0.014558256
1356626110688,0.16705075,0.23953646,-0.956408,0.64889586,0.7036238,0.28956476,0.74231267,-0.6689812,-0.037893355
1356626110728,0.17513788,0.28035933,-0.94378245,0.65694183,0.68071485,0.32412142,0.73331726,-0.6767761,-0.06496084
1356626110768,0.18589985,0.3283913,-0.9260672,0.6630323,0.6536416,0.3648848,0.725141,-0.6818444,-0.09622216
1356626110808,0.19185594,0.37804213,-0.9056906,0.668277,0.6255169,0.4026592,0.71874696,-0.6825048,-0.13262773
1356626110847,0.18409035,0.42365146,-0.88692176,0.6740097,0.6023667,0.42762762,0.71541715,-0.676516,-0.17465526
1356626110888,0.15500519,0.46050075,-0.87402076,0.6805355,0.59155047,0.4323649,0.71613175,-0.661821,-0.22169375
1356626110928,0.10362795,0.48587772,-0.86786175,0.6854421,0.597384,0.416295,0.72071517,-0.6380088,-0.27113533
1356626110968,0.035438716,0.4982412,-0.8663139,0.68481946,0.61923283,0.38415223,0.7278505,-0.6068825,-0.31926048
1356626111008,-0.0356133,0.49922416,-0.86574066,0.67698574,0.649295,0.34656346,0.735134,-0.57375187,-0.36109126
1356626111048,-0.09579164,0.49293298,-0.864778,0.6647509,0.6783256,0.31301844,0.7408982,-0.5448774,-0.3926556
1356626111088,-0.13335201,0.4854359,-0.86404234,0.65418273,0.6980297,0.2912034,0.7444878,-0.52640903,-0.4106475
1356626111128,-0.1423834,0.48197952,-0.8645361,0.6501423,0.7041403,0.28548455,0.7463524,-0.5214232,-0.41361314
1356626111168,-0.12291625,0.4847203,-0.86598957,0.6526541,0.6968436,0.29740822,0.74761903,-0.5286353,-0.40200806
1356626111208,-0.07790682,0.49327344,-0.8663786,0.65716296,0.678909,0.32744378,0.7497116,-0.54384184,-0.37705266
1356626111261,-0.011334568,0.50595117,-0.8624877,0.65706563,0.6539506,0.3749846,0.7537482,-0.5624607,-0.33985543
1356626111288,0.068558216,0.5192111,-0.8518918,0.64663786,0.6271205,0.43425736,0.75971,-0.5806374,-0.29274726
1356626111328,0.15193492,0.52989954,-0.83433944,0.6239477,0.60325783,0.49675885,0.76655406,-0.5960592,-0.23897362
1356626111368,0.22939032,0.53586817,-0.8125425,0.5916208,0.5861273,0.55356985,0.77289385,-0.60770065,-0.18257886
1356626111408,0.29499972,0.53648156,-0.7906723,0.5549074,0.57745814,0.5988488,0.77785146,-0.6154101,-0.12734759
1356626111448,0.34648883,0.53192914,-0.7726558,0.5191624,0.5772898,0.63024354,0.7812912,-0.6195061,-0.07613313
1356626111488,0.38357732,0.52245396,-0.7615184,0.48886877,0.5847107,0.6473953,0.7835023,-0.62060875,-0.031129718
1356626111528,0.4070292,0.5080785,-0.75906754,0.4673762,0.59814626,0.65098435,0.78478456,-0.6197397,0.0059992075
1356626111568,0.41836154,0.488743,-0.7655742,0.45637798,0.615641,0.64242136,0.7852979,-0.6181556,0.034508944
1356626111608,0.41943148,0.4642791,-0.78007835,0.4558501,0.63539994,0.62327176,0.78503376,-0.61701864,0.054865062
1356626111648,0.4117746,0.43483812,-0.800848,0.4644102,0.6559946,0.5949741,0.7840694,-0.6169172,0.06817865
1356626111688,0.39500144,0.3993997,-0.82731724,0.48082256,0.6774757,0.5566295,0.78280497,-0.61766225,0.07556349
1356626111745,0.36743107,0.3566125,-0.8589656,0.5034075,0.70032537,0.50608814,0.7820328,-0.6183622,0.077799916
1356626111766,0.3277925,0.30558738,-0.8939622,0.52915204,0.7245068,0.44168782,0.7826559,-0.61782384,0.075785756
1356626111807,0.27838123,0.24816008,-0.927858,0.5532576,0.74824303,0.36611265,0.78511786,-0.61526334,0.0710004
1356626111853,0.22383583,0.18865058,-0.9561948,0.57183564,0.7690529,0.28558993,0.78924114,-0.6107116,0.06426448
1356626111897,0.17425549,0.13318934,-0.9756514,0.5855836,0.7825565,0.21141706,0.7916608,-0.60816604,0.058371246
1356626111936,0.13741273,0.09202665,-0.98622954,0.59675777,0.78699553,0.15658288,0.790568,-0.61005664,0.053225577
1356626111976,0.11205611,0.06592286,-0.9915127,0.6088819,0.78398776,0.12093803,0.7853064,-0.61726606,0.047711432
1356626112016,0.09534625,0.054187775,-0.9939682,0.6227907,0.7757072,0.10203001,0.776557,-0.62876236,0.040213108
1356626112056,0.08497858,0.055898666,-0.9948136,0.6373425,0.76440096,0.097394645,0.76588076,-0.6423134,0.029331088
1356626112096,0.07941434,0.06976795,-0.9943972,0.6510309,0.75179017,0.10473886,0.7548855,-0.65570104,0.014281809
1356626112136,0.07752463,0.09407237,-0.9925423,0.66284096,0.7387881,0.12179434,0.744736,-0.6673398,-0.0050807595
1356626112176,0.077438086,0.12614807,-0.98898435,0.67250466,0.7257049,0.1452235,0.73603046,-0.6763424,-0.028637946
1356626112216,0.0745852,0.16181332,-0.9839987,0.6803543,0.71316826,0.16884625,0.72907823,-0.6820612,-0.056898594
1356626112262,0.061679184,0.19626269,-0.97860956,0.6865275,0.7033512,0.18432894,0.72448313,-0.68321157,-0.09135759
1356626112298,0.03136631,0.22522934,-0.9738008,0.6898353,0.70015234,0.18415724,0.7232865,-0.67753845,-0.13340998
1356626112338,-0.021849424,0.24508066,-0.9692565,0.6869543,0.7080574,0.16354977,0.7263721,-0.6622614,-0.18382984
1356626112378,-0.09436065,0.25473982,-0.9623948,0.67369795,0.7280714,0.12666136,0.7329578,-0.63641155,-0.24031901
1356626112419,-0.17402107,0.25548702,-0.951022,0.64906824,0.7560407,0.08433768,0.7405585,-0.60260165,-0.29739553
1356626112458,-0.24546993,0.250795,-0.9364007,0.6184151,0.7843862,0.047968596,0.7465301,-0.5673095,-0.34763867
1356626112498,-0.29749554,0.24461754,-0.9228535,0.5910314,0.8063149,0.02319932,0.7497855,-0.5385337,-0.38445175
1356626112538,-0.32575673,0.23955105,-0.9146026,0.57443166,0.8184941,0.00978142,0.7509399,-0.52219033,-0.40423566
1356626112578,-0.33086634,0.23627926,-0.9136189,0.57073885,0.8211121,0.0056625903,0.75152147,-0.5195643,-0.4065321
1356626112618,-0.3154465,0.23431756,-0.91955906,0.5771879,0.8165493,0.010069996,0.7532249,-0.5275818,-0.39282286
1356626112658,-0.28055105,0.23333435,-0.9310458,0.5896847,0.80725807,0.024622202,0.7573395,-0.5421157,-0.36407083
1356626112698,-0.22958243,0.23202945,-0.9452271,0.60298973,0.7962427,0.048999757,0.7639995,-0.5587127,-0.3227147
1356626112738,-0.16751936,0.22937508,-0.9588141,0.61287206,0.7860236,0.080960795,0.7722209,-0.57406783,-0.27225178
1356626112778,-0.100477844,0.22468875,-0.9692364,0.61708176,0.7782364,0.11644006,0.78045774,-0.5863985,-0.21684682
1356626112818,-0.03407836,0.2177499,-0.97540945,0.61556727,0.773452,0.15115865,0.78734714,-0.5952789,-0.16039771
1356626112858,0.02774784,0.20863308,-0.9776003,0.6097754,0.77140963,0.18193685,0.7920883,-0.60116494,-0.1058144
1356626112898,0.08172241,0.19733389,-0.9769241,0.6020651,0.771368,0.20617695,0.79425377,-0.6050212,-0.0557698
1356626112938,0.12724069,0.18433233,-0.97459304,0.59483916,0.7720932,0.22369285,0.7937105,-0.60818887,-0.011406422
1356626112978,0.16398922,0.16959898,-0.9717735,0.5900681,0.7725748,0.23440926,0.7905233,-0.6118531,0.026618958
1356626113017,0.19228578,0.15330693,-0.9692901,0.5888221,0.7721392,0.23893413,0.7850571,-0.6166831,0.058200836
1356626113058,0.21239567,0.13564236,-0.96772385,0.5913131,0.7705868,0.23779161,0.77796984,-0.62273365,0.08346218
1356626113098,0.22430453,0.11692798,-0.9674788,0.5970571,0.76814145,0.23126069,0.7702014,-0.6295129,0.10248494
1356626113138,0.22743207,0.09759018,-0.9688915,0.60474813,0.7656921,0.21907833,0.7632525,-0.6357608,0.11512548
1356626113178,0.22123083,0.07865888,-0.9720441,0.61244315,0.76446843,0.2012497,0.7589271,-0.63984436,0.120949864
1356626113218,0.2057592,0.061113417,-0.9766925,0.61778075,0.7659224,0.17807259,0.7589533,-0.6400219,0.11984092
1356626113261,0.18411893,0.046332657,-0.98181134,0.6187752,0.77064234,0.15240619,0.76368684,-0.6355814,0.113220334
1356626113298,0.16157258,0.035691053,-0.9862152,0.6151346,0.7778093,0.12892693,0.7716889,-0.6274861,0.10371786
1356626113338,0.14340037,0.030035049,-0.9892089,0.60934496,0.78493154,0.11216614,0.77983016,-0.61885405,0.09425777
1356626113378,0.13220626,0.029527694,-0.9907824,0.6055306,0.78895605,0.10431251,0.7847638,-0.6137397,0.08642501
1356626113418,0.12761658,0.033797473,-0.99124753,0.6068094,0.7878834,0.10498631,0.78453577,-0.6148963,0.08003837
1356626113458,0.12758455,0.042302877,-0.9909252,0.6136786,0.78151786,0.11237618,0.7791796,-0.622447,0.073749244
1356626113498,0.12960824,0.05468148,-0.99005646,0.62429863,0.7712296,0.124322474,0.770359,-0.6342041,0.06582016
1356626113538,0.13151565,0.070750356,-0.9887861,0.63615274,0.75895417,0.1389181,0.7602718,-0.6472889,0.054806292
1356626113578,0.13200429,0.09046155,-0.98711276,0.6473409,0.7462826,0.15495867,0.75068283,-0.65945363,0.039953053
1356626113618,0.13091376,0.113622725,-0.98486114,0.65699095,0.73401237,0.17201371,0.7424449,-0.66956383,0.021443188
1356626113658,0.12681529,0.13919035,-0.982112,0.6655235,0.722235,0.18829495,0.7355246,-0.67749727,-0.001044035
1356626113698,0.11703864,0.16608876,-0.97914064,0.673555,0.71123815,0.20115659,0.7298119,-0.68304825,-0.028627574
1356626113738,0.09634066,0.19260879,-0.9765349,0.68095684,0.7028114,0.20580064,0.7259589,-0.68480504,-0.063448966
1356626113777,0.058320135,0.21660906,-0.9745149,0.685824,0.7006587,0.19678135,0.725427,-0.679822,-0.107693195
1356626113818,-0.0010588765,0.23543294,-0.97189,0.6840908,0.7090641,0.17102005,0.7293961,-0.66467994,-0.16180831
1356626113858,-0.079144426,0.24620306,-0.9659815,0.67091715,0.7298598,0.13105264,0.7372967,-0.6377214,-0.22294623
1356626113898,-0.16404116,0.24715628,-0.9549892,0.64522773,0.7591745,0.085645825,0.74617136,-0.602136,-0.28400797
1356626113938,-0.24153063,0.23912603,-0.9404689,0.61214477,0.7895461,0.04354137,0.75295544,-0.5651865,-0.3370793
1356626113978,-0.30016196,0.2249895,-0.9269749,0.5815886,0.81343204,0.009108007,0.75608027,-0.5363842,-0.3750127
1356626114018,-0.33573994,0.20815894,-0.9186667,0.56169355,0.82715267,-0.017856002,0.75616074,-0.5220042,-0.39462972
1356626114058,-0.3488391,0.19129913,-0.9174508,0.5552749,0.8308029,-0.037898213,0.7549709,-0.52265775,-0.39604014
1356626114098,-0.34171262,0.17614102,-0.92315054,0.56020176,0.8268703,-0.04959342,0.7545903,-0.5340972,-0.38122654
1356626114138,-0.31471807,0.16451113,-0.9348202,0.57328826,0.81788296,-0.04907179,0.7565006,-0.5513652,-0.35171485
1356626114178,-0.26829186,0.15738568,-0.9503943,0.5907091,0.80619943,-0.03324747,0.76097465,-0.5703265,-0.30926585
1356626114219,-0.20457464,0.1547078,-0.9665478,0.60818565,0.7937931,-0.0016692281,0.7669807,-0.588182,-0.256481
1356626114262,-0.13205561,0.15463935,-0.9791057,0.62120306,0.78263706,0.03982526,0.77244294,-0.60296434,-0.19941401
1356626114298,-0.057004504,0.1557902,-0.98614395,0.62766206,0.7737266,0.085950375,0.77639604,-0.6140656,-0.14188951
1356626114338,0.01361113,0.15615788,-0.98763835,0.62715816,0.76795536,0.13006645,0.77877307,-0.62117577,-0.08748293
1356626114378,0.07423991,0.15415739,-0.9852532,0.621211,0.7657254,0.16661796,0.7801188,-0.6244198,-0.038916886
1356626114418,0.12172052,0.14888021,-0.9813352,0.6126276,0.76662284,0.19229342,0.78094274,-0.6245991,0.0021055937
1356626114458,0.15535498,0.14006712,-0.97787833,0.6044606,0.76947373,0.20624644,0.78134,-0.6231303,0.034876525
1356626114501,0.17644346,0.12805197,-0.97594583,0.59902954,0.77278167,0.20969507,0.78104496,-0.6216198,0.059645355
1356626114536,0.18695903,0.113462046,-0.97579336,0.5974578,0.7753529,0.20462662,0.7798016,-0.6212522,0.07717043
1356626114577,0.1883628,0.09725633,-0.97727203,0.5995581,0.77674615,0.19286132,0.7778493,-0.6222593,0.087999225
1356626114616,0.18141598,0.08013341,-0.9801361,0.6036724,0.77771634,0.17531936,0.7763168,-0.6234869,0.09271586
1356626114656,0.16767895,0.063355446,-0.98380375,0.6072976,0.7794644,0.15370375,0.77657795,-0.62323457,0.09222418
1356626114696,0.1506753,0.04834357,-0.9874006,0.608866,0.78234565,0.13121569,0.778832,-0.62096554,0.088445425
1356626114736,0.13481882,0.03663227,-0.9901929,0.6094769,0.7848501,0.11201838,0.78125656,-0.6186019,0.08348608
1356626114776,0.12292117,0.02926135,-0.9919849,0.6122608,0.7844325,0.09900692,0.7810423,-0.6195235,0.07850778
1356626114825,0.11545522,0.026718855,-0.99295324,0.6200491,0.77902454,0.09305826,0.7760213,-0.62642384,0.07337546
1356626114856,0.11188385,0.029569268,-0.99328125,0.6318569,0.7693546,0.09407592,0.7669673,-0.6381372,0.06739479
1356626114896,0.10987079,0.037350535,-0.9932438,0.6464898,0.75634634,0.09995559,0.7549697,-0.6531042,0.058953643
1356626114937,0.1087734,0.051217377,-0.99274623,0.6611707,0.74201965,0.110725194,0.74230826,-0.66841877,0.046848595
1356626114978,0.10831831,0.07165289,-0.99153066,0.6738354,0.7280205,0.12622255,0.73089886,-0.68180066,0.030575693
1356626115018,0.10848988,0.09867364,-0.98918825,0.6836505,0.7149949,0.14630204,0.7217007,-0.69213134,0.010111451
1356626115058,0.10868707,0.13170147,-0.98531306,0.69079584,0.7027489,0.17013231,0.71483433,-0.6991414,-0.014599085
1356626115098,0.106568664,0.16915536,-0.979811,0.69592106,0.69113326,0.19500935,0.7101669,-0.702653,-0.044065654
1356626115138,0.09478414,0.20764296,-0.9736017,0.6994664,0.6820137,0.21355104,0.7083521,-0.701243,-0.080595195
1356626115178,0.0660786,0.24380949,-0.9675694,0.7003342,0.67938364,0.21902023,0.71075004,-0.6920945,-0.12585539
1356626115218,0.013121907,0.27284288,-0.9619691,0.6953372,0.6888654,0.20486748,0.71856385,-0.67158115,-0.18067855
1356626115261,-0.060304523,0.29147482,-0.95467573,0.68058074,0.7116427,0.17428306,0.7301871,-0.6392238,-0.24128741
1356626115298,-0.14220387,0.29839787,-0.94378847,0.655167,0.7431,0.13622984,0.7419799,-0.5989667,-0.30117214
1356626115338,-0.21586654,0.29622492,-0.9304044,0.6247686,0.7741806,0.10153112,0.7503772,-0.5593703,-0.35219175
1356626115378,-0.26759052,0.29021692,-0.91878694,0.59971976,0.7965039,0.07692708,0.75414294,-0.5304298,-0.3871857
1356626115418,-0.29171386,0.2854933,-0.9129056,0.58785665,0.80640244,0.06434025,0.75453806,-0.51788867,-0.4030679
1356626115458,-0.2877526,0.2853366,-0.9142108,0.5908795,0.8041371,0.064998835,0.7536974,-0.52148485,-0.3999921
1356626115498,-0.25619844,0.2917692,-0.9215384,0.6053889,0.791659,0.08234283,0.7535693,-0.536793,-0.3794557
1356626115538,-0.19808537,0.3054126,-0.931389,0.62469566,0.7715698,0.120147526,0.75532615,-0.55803514,-0.34362662
1356626115578,-0.11717254,0.3249231,-0.93845385,0.64041245,0.7469616,0.17866237,0.75904053,-0.5800632,-0.29560822
1356626115617,-0.021568,0.34705108,-0.93759817,0.6449476,0.7214154,0.2521952,0.7639224,-0.59926236,-0.23938924
1356626115657,0.0768618,0.36767036,-0.92677444,0.63478094,0.6987488,0.3298533,0.7688598,-0.6136519,-0.17968303
1356626115696,0.16691414,0.38364768,-0.9082699,0.6120441,0.68190515,0.4005089,0.7730082,-0.62275183,-0.12098968
1356626115738,0.2417022,0.39369676,-0.8868951,0.5825906,0.6720495,0.45709705,0.7759951,-0.6271781,-0.06692815
1356626115778,0.2994245,0.39806345,-0.8671162,0.5525863,0.6685287,0.49771267,0.7778132,-0.6281839,-0.01979053
1356626115818,0.34154975,0.39764065,-0.8516018,0.52651775,0.669611,0.5238323,0.7785389,-0.62729824,0.019340634
1356626115858,0.370928,0.39337894,-0.84122854,0.50688016,0.67325425,0.53833187,0.77812916,-0.62608445,0.050332844
1356626115898,0.39071554,0.38622355,-0.83556736,0.49445796,0.6775888,0.5444123,0.776436,-0.62586325,0.073773205
1356626115938,0.40302014,0.37680194,-0.83402336,0.48931965,0.68139917,0.5442991,0.7733958,-0.6274675,0.090241015
1356626115978,0.4080332,0.36526382,-0.8367146,0.49114174,0.6847418,0.5384316,0.769603,-0.6306434,0.1000011
1356626116018,0.4046768,0.35161728,-0.8441576,0.49865025,0.6889526,0.5260154,0.76654065,-0.63380563,0.103469074
1356626116058,0.39255306,0.33611763,-0.8561116,0.50932634,0.69562376,0.5066501,0.76582557,-0.6349273,0.10187566
1356626116098,0.37471074,0.32007495,-0.87014014,0.52010715,0.7043656,0.48307103,0.7675157,-0.633578,0.09746009
1356626116138,0.35657594,0.3058824,-0.8827737,0.5294959,0.71231556,0.46069586,0.7697322,-0.63169813,0.09203112
1356626116178,0.34321934,0.29607183,-0.89137083,0.53817683,0.71579427,0.4449767,0.7697832,-0.63243973,0.08633542
1356626116218,0.33691764,0.29250926,-0.8949441,0.54743725,0.71247727,0.43896317,0.76602817,-0.6378201,0.0799157
1356626116262,0.33701047,0.29616922,-0.8937045,0.55720633,0.70240176,0.44289154,0.75891036,-0.6472369,0.07168937
1356626116298,0.34113416,0.3071078,-0.8884324,0.5664904,0.6870588,0.4550152,0.750144,-0.65850973,0.060405612
1356626116338,0.3473068,0.32543004,-0.8794733,0.5736004,0.66822,0.473777,0.7418629,-0.66901225,0.045410514
1356626116378,0.35429808,0.35088277,-0.8668069,0.5774551,0.64699924,0.4979334,0.7355396,-0.6769589,0.026611567
1356626116418,0.36168405,0.38278347,-0.850095,0.5781363,0.6232469,0.5266133,0.7313979,-0.68193847,0.0041174293
1356626116458,0.36837578,0.41936857,-0.8297164,0.57740635,0.5962694,0.5577318,0.72862965,-0.6845384,-0.022494853
1356626116498,0.37117264,0.4580458,-0.80772823,0.57823956,0.5666038,0.5870257,0.72654647,-0.6849484,-0.054552436
1356626116538,0.36329627,0.49592566,-0.7887165,0.5841645,0.5382309,0.6075026,0.7257877,-0.6814436,-0.09416485
1356626116578,0.33603364,0.5306997,-0.7780997,0.5975327,0.5184695,0.6116731,0.72803575,-0.67048275,-0.14288723
1356626116618,0.28447357,0.5603131,-0.7778971,0.6167098,0.51428896,0.5959663,0.7339916,-0.64927346,-0.19924903
1356626116658,0.21159339,0.582126,-0.7850844,0.63589823,0.5280036,0.56289047,0.74220055,-0.6183377,-0.25845087
1356626116698,0.13172829,0.5942346,-0.79343116,0.64860785,0.5536204,0.5223143,0.7496369,-0.5834292,-0.3124978
1356626116738,0.06421286,0.59769773,-0.79914594,0.6535828,0.57996374,0.48628345,0.7541262,-0.5535337,-0.3534038
1356626116778,0.022662014,0.5959781,-0.8026809,0.65462786,0.5979806,0.46247336,0.7556116,-0.53593785,-0.3765924
1356626116818,0.01083079,0.59212697,-0.8057719,0.6550473,0.6046388,0.45312777,0.75551015,-0.5327264,-0.3813225
1356626116889,0.03816414,0.58926696,-0.8070366,0.6537991,0.59604657,0.46612793,0.7557052,-0.54542917,-0.36251462
1356626116895,0.0686878,0.5802908,-0.8115076,0.650059,0.5910047,0.4776366,0.7567729,-0.56033564,-0.33662844
1356626116938,0.11783713,0.57251865,-0.8113795,0.638876,0.58181393,0.5033189,0.76023144,-0.5776806,-0.2972092
1356626116978,0.17406249,0.562381,-0.8083501,0.61988926,0.57524925,0.5336905,0.7651402,-0.593983,-0.24848467
1356626117018,0.23155019,0.5498908,-0.802499,0.5943162,0.57312185,0.56419826,0.7701772,-0.6075784,-0.19410259
1356626117058,0.2856871,0.53520536,-0.7949454,0.5651933,0.5757934,0.59077793,0.7739118,-0.61807543,-0.13799775
1356626117098,0.33303428,0.5187354,-0.78740185,0.5362935,0.58264303,0.6106687,0.7755497,-0.62565213,-0.08415437
1356626117138,0.37227046,0.5010981,-0.7812268,0.51016086,0.5926857,0.62326515,0.77533895,-0.6305746,-0.035001278
1356626117178,0.40180275,0.48244858,-0.7783302,0.4891767,0.60543936,0.62781316,0.77411926,-0.63299805,0.007264614
1356626117218,0.42148578,0.46316996,-0.7796303,0.47436872,0.620107,0.6248533,0.77286744,-0.63319904,0.041652977
1356626117263,0.43144584,0.44310626,-0.78581893,0.4663585,0.6360953,0.6147297,0.77224624,-0.6316959,0.06779432
1356626117298,0.43263742,0.42239118,-0.7964989,0.4647926,0.65251076,0.5984961,0.7725235,-0.6291386,0.08597624
1356626117338,0.42578483,0.40093383,-0.8111469,0.46919993,0.6686868,0.57680964,0.7736657,-0.62618685,0.096598566
1356626117378,0.41167057,0.37862852,-0.8289558,0.47851297,0.6843252,0.5502039,0.7755982,-0.6231688,0.100537896
1356626117418,0.39178973,0.35597882,-0.84839845,0.49060866,0.6992465,0.5199591,0.77833414,-0.61994624,0.09931129
1356626117458,0.36938423,0.33369267,-0.86729723,0.5033456,0.7126911,0.48858422,0.78115207,-0.61702555,0.09529412
1356626117498,0.34875417,0.313133,-0.8833562,0.5162328,0.7224815,0.45991766,0.78222394,-0.6164156,0.09031892
1356626117538,0.3329075,0.29580882,-0.89536005,0.53055364,0.72620696,0.43719134,0.7795418,-0.6205808,0.08481729
1356626117578,0.32238707,0.28294748,-0.9033312,0.54739565,0.72282207,0.42176557,0.7722853,-0.6304513,0.07814425
1356626117618,0.31575152,0.2753448,-0.9080123,0.5663559,0.7131051,0.41318545,0.7612766,-0.644722,0.0692209
1356626117658,0.3108263,0.27350068,-0.91026616,0.58577377,0.69907933,0.41006976,0.7485026,-0.66067046,0.057082713
1356626117696,0.30594143,0.2777986,-0.91061944,0.60361516,0.6830679,0.41117746,0.7362395,-0.6754599,0.04129535
1356626117737,0.3001881,0.28846413,-0.909217,0.61842495,0.66685903,0.4157519,0.7262491,-0.6870862,0.02178973
1356626117773,0.29317617,0.30542397,-0.9059602,0.62976575,0.65127647,0.42336047,0.71933496,-0.694662,-0.0014067888
1356626117803,0.287983,0.32761073,-0.89985394,0.63751894,0.6355889,0.43542665,0.71458757,-0.69906944,-0.025819242
1356626117845,0.26960495,0.35011613,-0.8970684,0.64686424,0.624246,0.43804502,0.71335804,-0.6983806,-0.05817783
1356626117886,0.23845354,0.37615076,-0.8953493,0.65646267,0.61698353,0.43403685,0.7156791,-0.69126105,-0.099807024
1356626117926,0.18744034,0.40194428,-0.8962739,0.66592467,0.6187564,0.4167551,0.72208756,-0.67496765,-0.1516847
1356626117966,0.11520755,0.42357016,-0.8985074,0.67142844,0.63340324,0.38468724,0.73205954,-0.64760226,-0.21142417
1356626118006,0.029331895,0.4373018,-0.8988364,0.66839594,0.660034,0.3429316,0.7432271,-0.61083746,-0.27293068
1356626118046,-0.0535931,0.44190934,-0.8954574,0.6567218,0.6911249,0.30176625,0.75222623,-0.5718938,-0.32725102
1356626118086,-0.11598638,0.4398185,-0.8905655,0.6429702,0.7166503,0.2701882,0.7570578,-0.5412689,-0.36591184
1356626118126,-0.14847645,0.43503052,-0.88808966,0.63497096,0.7304065,0.25163102,0.75813365,-0.5265498,-0.3846799
1356626118166,-0.15079612,0.43029857,-0.8900021,0.63546395,0.7318402,0.24616157,0.7572623,-0.528444,-0.38379788
1356626118206,-0.1263861,0.426784,-0.8954786,0.64169216,0.72357976,0.2542901,0.7564771,-0.5424829,-0.36531442
1356626118262,-0.06370562,0.42697102,-0.9020184,0.64896446,0.7043733,0.28758198,0.7581469,-0.5670574,-0.32196152
1356626118298,0.004576087,0.42354438,-0.90586376,0.6484381,0.6883497,0.32511947,0.7612536,-0.58888435,-0.27149236
1356626118338,0.076854855,0.4197013,-0.9044027,0.6383232,0.67610586,0.3680006,0.76592225,-0.6055838,-0.21594304
1356626118378,0.14639357,0.4144051,-0.8982412,0.6198386,0.66924137,0.40977564,0.77095336,-0.61675304,-0.15889162
1356626118418,0.20937753,0.407403,-0.8889228,0.59599364,0.6675279,0.44631606,0.77521133,-0.6232409,-0.10304427
1356626118458,0.26296324,0.39838064,-0.87871677,0.5705701,0.6702239,0.47460476,0.7780103,-0.62617314,-0.051059842
1356626118498,0.3053851,0.38724947,-0.8699298,0.54701334,0.6764479,0.49314767,0.77943337,-0.6264631,-0.005253494
1356626118538,0.33570188,0.3739887,-0.8645442,0.5280492,0.68531907,0.50149965,0.7800438,-0.62487626,0.032578528
1356626118578,0.35431015,0.3586593,-0.8636132,0.5153388,0.69574267,0.5003679,0.78031415,-0.6223388,0.061677635
1356626118618,0.3628519,0.34128118,-0.86710185,0.5095936,0.7063774,0.49126905,0.78016204,-0.6201275,0.08239567
1356626118658,0.36328852,0.32253397,-0.8740671,0.510609,0.7157959,0.47635573,0.77929455,-0.6193611,0.095351696
1356626118698,0.35596249,0.3024773,-0.88419354,0.5177199,0.7238642,0.45605552,0.7779825,-0.62010324,0.10106999
1356626118738,0.340684,0.2814428,-0.8970644,0.5287123,0.73162705,0.43033147,0.77743024,-0.620896,0.10045135
1356626118778,0.31898075,0.26026446,-0.9113253,0.54020405,0.7401437,0.40045837,0.77873677,-0.6200401,0.0954957
1356626118818,0.29581052,0.24066196,-0.9244338,0.54971015,0.7485601,0.37077826,0.7812265,-0.6178508,0.089137614
1356626118858,0.27757016,0.22496222,-0.93399507,0.55766547,0.75390977,0.34731716,0.7822812,-0.6172617,0.0838092
1356626118898,0.268383,0.21516635,-0.9389749,0.5663544,0.7532357,0.33448267,0.7792389,-0.62156206,0.080295265
1356626118938,0.2686764,0.21244588,-0.93951046,0.57697237,0.7455367,0.33358347,0.77130795,-0.6316976,0.07773268
1356626118978,0.27640435,0.21733026,-0.9361454,0.58846515,0.73185503,0.34365234,0.7598088,-0.64587593,0.07439661
1356626119018,0.2888733,0.23011206,-0.9293012,0.59826833,0.7144204,0.36287537,0.7474137,-0.6607965,0.06870824
1356626119058,0.3031172,0.25031066,-0.91949147,0.60486966,0.69506204,0.3886146,0.736378,-0.67396826,0.05927992
1356626119098,0.3175301,0.27784735,-0.9066286,0.6074049,0.6746109,0.4194752,0.7281716,-0.68388665,0.045443416
1356626119138,0.32930082,0.31097287,-0.89154744,0.6071423,0.65339875,0.4521596,0.72314537,-0.6901927,0.026359975
1356626119178,0.3356692,0.3480891,-0.8753058,0.6063562,0.631263,0.48356915,0.72087336,-0.69306636,8.2957745E-4
1356626119218,0.3320216,0.38687083,-0.86028636,0.60825086,0.6092734,0.5087405,0.72096646,-0.6921827,-0.033022583
1356626119263,0.3109917,0.4245039,-0.85034144,0.6157884,0.5915097,0.5205006,0.7239398,-0.68550175,-0.07744998
1356626119298,0.26540822,0.45841497,-0.84818286,0.6289126,0.5844819,0.51268876,0.7307717,-0.66950476,-0.13317668
1356626119338,0.19409472,0.48581642,-0.85223794,0.64267546,0.59338546,0.4846255,0.74114466,-0.6417757,-0.19704932
1356626119378,0.107186496,0.50405467,-0.8569947,0.6499008,0.6167959,0.4440628,0.75242275,-0.6045591,-0.26147336
1356626119418,0.026580602,0.5131855,-0.85786605,0.648312,0.6443713,0.40555808,0.76091075,-0.5669448,-0.3155765
1356626119458,-0.029732406,0.516289,-0.85589814,0.64287007,0.6655595,0.379142,0.7653979,-0.5389585,-0.35169542
1356626119498,-0.055481374,0.51640046,-0.8545481,0.63909113,0.6759382,0.3669742,0.7671273,-0.5257739,-0.36752892
1356626119538,-0.05350578,0.5148019,-0.85563785,0.6379574,0.67682016,0.36732113,0.7682106,-0.5262067,-0.36463547
1356626119578,-0.029047072,0.5115975,-0.8587342,0.6370224,0.6715141,0.37851214,0.77029794,-0.53603816,-0.3454045
1356626119618,0.010850042,0.50614077,-0.8623826,0.6332137,0.66399956,0.3976745,0.7739009,-0.55038726,-0.31329083
1356626119658,0.06100163,0.49848747,-0.864748,0.62452006,0.65676576,0.42265055,0.77862287,-0.5658348,-0.27125162
1356626119698,0.115469694,0.48846605,-0.86490905,0.6106054,0.65188336,0.44967657,0.7834716,-0.5800422,-0.2229873
1356626119738,0.16930243,0.47629362,-0.8628332,0.59258527,0.65035033,0.47527593,0.78751475,-0.5917676,-0.17213869
1356626119778,0.21886054,0.4622439,-0.8593199,0.5724249,0.65238047,0.49671865,0.7902087,-0.6006082,-0.121819615
1356626119823,0.26484677,0.44669414,-0.8545879,0.5506987,0.65743244,0.5143087,0.7915726,-0.60683346,-0.071875036
1356626119856,0.29816538,0.4274609,-0.8534486,0.5336641,0.6666621,0.5203502,0.79139125,-0.61060536,-0.029344976
1356626119896,0.32345262,0.40860143,-0.8534772,0.5202871,0.67658234,0.5210928,0.7903668,-0.612602,0.006252229
1356626119937,0.33965585,0.38812706,-0.85673285,0.5122325,0.6876163,0.5145889,0.7888293,-0.6136295,0.03474158
1356626119976,0.34849337,0.3664587,-0.8627053,0.50945115,0.69852644,0.502514,0.78677315,-0.61462903,0.056739032
1356626120016,0.3513789,0.34411743,-0.8706986,0.51146406,0.7084046,0.4863819,0.78417945,-0.6162354,0.07291472
1356626120056,0.34810653,0.32142448,-0.8806294,0.5174367,0.71744555,0.4664024,0.7817168,-0.6180277,0.08343065
1356626120096,0.33747792,0.29861963,-0.8927122,0.52559257,0.7269799,0.44187403,0.78093606,-0.6183256,0.08838743
1356626120136,0.31975275,0.2761032,-0.90638024,0.53332776,0.7382217,0.4130257,0.7831473,-0.61546385,0.08879495
1356626120176,0.2984568,0.25480294,-0.91978204,0.539002,0.7503166,0.38275555,0.787655,-0.6100004,0.0865978
1356626120216,0.27844346,0.23600525,-0.9310053,0.5437872,0.7602727,0.3553604,0.7916848,-0.6052165,0.08335632
1356626120261,0.26282895,0.22067644,-0.9392672,0.55081975,0.76494455,0.33385244,0.7921607,-0.605113,0.07949662
1356626120298,0.251696,0.2092083,-0.9449238,0.5622974,0.76304704,0.31871754,0.78769964,-0.6115481,0.074418604
1356626120338,0.24278918,0.20161702,-0.94889617,0.5783416,0.75523627,0.30844635,0.77882886,-0.62367356,0.066759706
