1356625758808,-0.0709984,0.34851608,-0.9346099,-0.15606269,0.9215541,0.35550302,0.9851922,0.17109789,-0.011038542
1356625758825,-0.1363549,0.742826,-0.65545166,-0.10395345,0.64724994,0.75515646,0.98519087,0.17110574,-0.011036336
1356625758834,-0.1363612,0.74277925,-0.6555034,-0.10399318,0.6472956,0.7551118,0.98518586,0.17113581,-0.011022031
1356625758863,-0.13636361,0.7426504,-0.6556487,-0.10412881,0.6474198,0.7549866,0.9851711,0.17122465,-0.010953188
1356625758906,-0.13628967,0.7424313,-0.6559122,-0.10462108,0.64760125,0.7547629,0.9851292,0.17148861,-0.010587394
1356625758945,-0.13589703,0.74187946,-0.65661776,-0.10572189,0.6481225,0.75416183,0.98506594,0.17190722,-0.009645045
1356625758988,-0.13493599,0.7410925,-0.65770364,-0.1076327,0.64888376,0.7532364,0.9849911,0.17242914,-0.0077919364
1356625759026,-0.13339742,0.7395407,-0.65976113,-0.1101369,0.65052515,0.7514565,0.9849239,0.17290637,-0.0053277016
1356625759066,-0.13150121,0.73731107,-0.662631,-0.11275363,0.6529732,0.74894106,0.9848828,0.1732007,-0.002732277
1356625759108,-0.12957576,0.73376745,-0.6669299,-0.11493039,0.65695286,0.74512005,0.98488635,0.17320001,-7.930398E-4
1356625759146,-0.12787308,0.7287729,-0.6727098,-0.116373,0.6625677,0.7399063,0.98493946,0.1728994,8.493662E-5
1356625759187,-0.12642518,0.722587,-0.679621,-0.11724925,0.6694306,0.7335634,0.9850224,0.17242596,8.9883804E-5
1356625759228,-0.12521219,0.715434,-0.6873688,-0.1178624,0.6771888,0.7263082,0.98510414,0.17195764,-4.695058E-4
1356625759266,-0.12435268,0.7071834,-0.6960088,-0.1182971,0.68588376,0.7180315,0.98516107,0.1716249,-0.0016337633
1356625759306,-0.12404281,0.6976989,-0.7055704,-0.11849302,0.6955588,0.7086306,0.9851765,0.17150569,-0.0036066175
1356625759350,-0.124361396,0.687516,-0.71544105,-0.118463665,0.7055934,0.69864464,0.9851398,0.17163822,-0.006302893
1356625759387,-0.12520292,0.67791164,-0.72440326,-0.11835089,0.7147299,0.68931437,0.98504686,0.17203793,-0.009254813
1356625759426,-0.12632845,0.6706046,-0.7309792,-0.11827287,0.72144437,0.6822972,0.9849125,0.17264861,-0.011824608
1356625759469,-0.12765504,0.6660441,-0.73490775,-0.11824408,0.72546524,0.6780255,0.9847449,0.17345187,-0.01385349
1356625759508,-0.12922926,0.66415226,-0.73634344,-0.11809343,0.7269775,0.6764301,0.9845577,0.1743719,-0.015514731
1356625759548,-0.13115746,0.6639297,-0.73620313,-0.11762369,0.7269507,0.67654073,0.98435885,0.17532828,-0.017251134
1356625759587,-0.133639,0.6637329,-0.7359343,-0.11659026,0.7269088,0.6767646,0.9841481,0.17624491,-0.019758582
1356625759618,-0.13647448,0.66317606,-0.73591584,-0.11505607,0.72722816,0.676684,0.98393935,0.1770217,-0.022945642
1356625759658,-0.14047666,0.65827775,-0.7395517,-0.11256388,0.73149675,0.67248935,0.98366445,0.17771584,-0.02865994
1356625759698,-0.14601174,0.64858186,-0.7470088,-0.10908824,0.73994064,0.6637677,0.9832499,0.17840776,-0.037287414
1356625759738,-0.15351902,0.63289845,-0.7588619,-0.10489336,0.7531889,0.64938724,0.98256254,0.1792929,-0.04924196
1356625759778,-0.16350155,0.61060715,-0.7748717,-0.100572854,0.7710327,0.6288034,0.98140323,0.18074138,-0.06465453
1356625759847,-0.17641644,0.58192813,-0.7938745,-0.096900016,0.7923393,0.6023361,0.97953427,0.18318845,-0.0833928
1356625759856,-0.19254701,0.5486346,-0.81358814,-0.09425704,0.81492835,0.5718456,0.9767504,0.18679358,-0.10519934
1356625759897,-0.2103822,0.52091134,-0.82727903,-0.091342345,0.8320426,0.54713964,0.9733426,0.19067404,-0.12746567
1356625759938,-0.22935075,0.50092226,-0.8345508,-0.08694236,0.8434355,0.5301486,0.96945304,0.1941478,-0.1498912
1356625759977,-0.24876374,0.4968449,-0.8314215,-0.0780396,0.84533364,0.5285082,0.9654151,0.19635747,-0.17151475
1356625760018,-0.26781505,0.5107835,-0.81693035,-0.062699795,0.8368669,0.5438037,0.961428,0.19686021,-0.19209957
1356625760058,-0.28594512,0.5391655,-0.7921717,-0.040715367,0.8191066,0.57219464,0.95738065,0.1958698,-0.21226722
1356625760098,-0.30275947,0.57548034,-0.75970984,-0.01368776,0.7944134,0.60722315,0.9529687,0.19424127,-0.2326392
1356625760138,-0.3184188,0.6112243,-0.7245786,0.015124798,0.76754224,0.6408199,0.94782937,0.19309002,-0.25364453
1356625760178,-0.33376718,0.6405799,-0.6915611,0.042323887,0.7430745,0.667869,0.94170487,0.19364321,-0.27512568
1356625760218,-0.34983385,0.66038513,-0.66446054,0.06492263,0.7246636,0.68603766,0.93455946,0.19686066,-0.29638577
1356625760258,-0.36725855,0.6699295,-0.6452252,0.08113301,0.71413165,0.6952937,0.9265736,0.20300351,-0.31662434
1356625760298,-0.38546997,0.6712106,-0.63315815,0.09098834,0.7104921,0.697798,0.9182233,0.2113702,-0.33494568
1356625760338,-0.40310925,0.6672517,-0.6263211,0.095671624,0.7113665,0.69627917,0.9101373,0.22075544,-0.35059547
1356625760378,-0.41864246,0.6612251,-0.622511,0.096961886,0.71409696,0.6932993,0.90296006,0.22988467,-0.3630649
1356625760418,-0.43098724,0.65553415,-0.62010086,0.09651065,0.71674573,0.6906238,0.8971821,0.23780368,-0.37217426
1356625760458,-0.43983996,0.65131056,-0.61833274,0.09526977,0.7184617,0.6890112,0.8930087,0.24414623,-0.37805837
1356625760498,-0.44552505,0.6485905,-0.61712056,0.09352201,0.7192583,0.6884193,0.89037126,0.2489937,-0.38110507
1356625760538,-0.44855183,0.6469942,-0.6166035,0.09132552,0.7194689,0.6884942,0.88907874,0.2525137,-0.38180614
1356625760578,-0.44912475,0.6464518,-0.6167552,0.08895421,0.71921575,0.6890688,0.8890298,0.2546149,-0.3805222
1356625760618,-0.44678146,0.64780045,-0.61704206,0.08705315,0.7179136,0.6906676,0.89039767,0.254862,-0.37714356
1356625760658,-0.44028014,0.6529097,-0.61632967,0.086479366,0.7140885,0.6946934,0.89368606,0.2525599,-0.37086225
1356625760698,-0.42883855,0.6626414,-0.6140063,0.087194294,0.70686364,0.7019551,0.89916325,0.24748756,-0.36090893
1356625760738,-0.4119353,0.6777432,-0.60907596,0.088566095,0.6950382,0.71349704,0.9068988,0.23997112,-0.34633583
1356625760778,-0.3901867,0.69726026,-0.6013172,0.08871049,0.6785141,0.7292112,0.9164522,0.2311854,-0.3266015
1356625760843,-0.36487734,0.71980906,-0.5905417,0.0854792,0.6574908,0.7485981,0.9271234,0.22266749,-0.3014322
1356625760858,-0.3377396,0.7437912,-0.5768072,0.07708913,0.6326165,0.770619,0.9380774,0.21580297,-0.27099788
1356625760898,-0.31063372,0.7676437,-0.56056213,0.06269643,0.60499936,0.79375374,0.94845974,0.21142146,-0.23606169
1356625760938,-0.28535423,0.7898676,-0.54284644,0.04282731,0.57633877,0.81608796,0.9574648,0.20962551,-0.19828862
1356625760978,-0.263283,0.8093331,-0.52503526,0.019469053,0.5485834,0.83586913,0.9645221,0.20984823,-0.16018963
1356625761018,-0.24498627,0.82561046,-0.5082805,-0.005233407,0.52312267,0.85224134,0.96951246,0.21144742,-0.12383711
1356625761058,-0.23059624,0.83853334,-0.49364698,-0.029716909,0.50101393,0.86492884,0.9725957,0.21411893,-0.090613365
1356625761098,-0.21993357,0.84817564,-0.4818997,-0.052983373,0.48288,0.8740822,0.97407496,0.21777269,-0.06126231
1356625761138,-0.21234381,0.85512614,-0.47293705,-0.07424715,0.46845663,0.8803612,0.9743703,0.22205344,-0.035983205
1356625761178,-0.20674762,0.8605113,-0.46559164,-0.092743546,0.45649382,0.88487965,0.97398865,0.22612745,-0.014572084
1356625761218,-0.20208964,0.8655582,-0.45822343,-0.10804063,0.4453183,0.88883,0.9733894,0.22913009,0.0035212636
1356625761257,-0.19773722,0.8710829,-0.44957137,-0.12027714,0.43360132,0.8930416,0.97284806,0.2306608,0.0190323
1356625761298,-0.19352415,0.87728715,-0.43922177,-0.12985194,0.42084286,0.8977916,0.97246444,0.2307781,0.03247416
1356625761337,-0.1896008,0.8838295,-0.42766458,-0.13695896,0.40750024,0.9028764,0.9722622,0.22975859,0.04378599
1356625761377,-0.1863153,0.890029,-0.4160948,-0.14155763,0.39477354,0.90780795,0.97223866,0.22803998,0.05243808
1356625761418,-0.18415287,0.8950947,-0.40607038,-0.14366192,0.38418755,0.91200936,0.972342,0.22628602,0.057841778
1356625761476,-0.18372601,0.8982643,-0.39920685,-0.14358476,0.37723976,0.9149173,0.97243416,0.2254141,0.059668303
1356625761496,-0.18570513,0.89885914,-0.39694566,-0.14219525,0.37513685,0.9159982,0.9722623,0.22654936,0.058148682
1356625761537,-0.19048834,0.89648765,-0.40003023,-0.14083582,0.37832022,0.9148984,0.9715346,0.23061606,0.054191947
1356625761574,-0.19740817,0.891867,-0.40694365,-0.14032465,0.3851302,0.91213137,0.97022617,0.23716646,0.049123168
1356625761617,-0.20473823,0.88704264,-0.4138087,-0.13966846,0.39196303,0.90931714,0.9688008,0.24396798,0.043642044
1356625761656,-0.2104139,0.8848687,-0.4156121,-0.13638991,0.3944014,0.9087603,0.96805155,0.24790108,0.03769964
1356625761697,-0.21296585,0.887432,-0.40879104,-0.1283249,0.38936013,0.9121027,0.968596,0.24670479,0.030959189
1356625761736,-0.21176064,0.89528745,-0.39194107,-0.114775,0.37547946,0.91969657,0.97055864,0.23974058,0.023244858
1356625761776,-0.20686343,0.9071907,-0.3663503,-0.09626445,0.35375968,0.93036944,0.97362244,0.22772592,0.0141503215
1356625761843,-0.19886345,0.9208337,-0.3354379,-0.07394585,0.32719982,0.9420575,0.9772335,0.21214497,0.003023684
1356625761858,-0.188676,0.93393594,-0.30358696,-0.049270272,0.29974747,0.95274544,0.98080266,0.194718,-0.010539889
1356625761898,-0.17736399,0.9450177,-0.27474278,-0.02367264,0.27499145,0.9611552,0.98386055,0.1769782,-0.026402533
1356625761938,-0.16596678,0.95355576,-0.25136933,0.001711309,0.2551826,0.9668914,0.9861299,0.1600416,-0.043983698
1356625761978,-0.15529037,0.95971394,-0.23416668,0.026419371,0.24099219,0.9701674,0.9875155,0.14447117,-0.06277883
1356625762018,-0.14607704,0.96384263,-0.22286531,0.051048636,0.23232585,0.9712975,0.9879552,0.13050726,-0.08314031
1356625762058,-0.13981104,0.9659753,-0.21758851,0.077037245,0.22969234,0.9702096,0.9871769,0.11888358,-0.10652959
1356625762098,-0.1394591,0.9656199,-0.21938398,0.10569382,0.23479888,0.9662807,0.984571,0.11156908,-0.1348049
1356625762138,-0.14901626,0.9618762,-0.22932136,0.137021,0.24975938,0.9585643,0.9792954,0.1114198,-0.16901547
1356625762178,-0.17133132,0.9537675,-0.24692759,0.16897053,0.27536651,0.9463732,0.9706155,0.12041986,-0.20833743
1356625762218,-0.20555916,0.9407919,-0.2695478,0.19805902,0.30972233,0.92997026,0.95839345,0.13777757,-0.24999863
1356625762258,-0.2467125,0.9235898,-0.2934533,0.22108293,0.3484695,0.910874,0.9435334,0.15984645,-0.2901618
1356625762298,-0.28799868,0.90409625,-0.31570044,0.23662892,0.38663107,0.8913603,0.9279351,0.18200669,-0.32528454
1356625762338,-0.32389438,0.8847335,-0.33517024,0.2452218,0.42066735,0.87344444,0.9137608,0.20071265,-0.35320777
1356625762378,-0.3515677,0.86734545,-0.35229528,0.24815771,0.44919914,0.8582761,0.90267265,0.21431735,-0.3731624
1356625762418,-0.37024865,0.8528764,-0.36812744,0.24624255,0.47222415,0.84638584,0.89570117,0.22272456,-0.3848548
1356625762459,-0.37998623,0.8417089,-0.38358393,0.23954523,0.49008685,0.8381127,0.89343643,0.2265856,-0.38785362
1356625762498,-0.38135815,0.83374,-0.39930385,0.22804388,0.503445,0.8333901,0.8958582,0.22676131,-0.38212216
1356625762539,-0.3757167,0.8283011,-0.4156372,0.2119017,0.5133992,0.8315762,0.90218323,0.22436288,-0.368411
1356625762578,-0.36504883,0.8243122,-0.43272248,0.19078377,0.5211711,0.8318547,0.91123044,0.22111118,-0.34751827
1356625762616,-0.35194916,0.82034343,-0.45074216,0.16438717,0.52823955,0.8330305,0.921471,0.21908814,-0.3207674
1356625762656,-0.33699232,0.8166506,-0.46852732,0.13214985,0.5337366,0.83526146,0.93218696,0.21956095,-0.28778535
1356625762696,-0.32029906,0.81343627,-0.48552033,0.09502098,0.5375242,0.8378775,0.94253886,0.22223678,-0.24946201
1356625762736,-0.3016408,0.8112091,-0.50095177,0.055488527,0.5394713,0.8401736,0.9518056,0.22563359,-0.20773935
1356625762776,-0.2811203,0.8101095,-0.5144843,0.016403824,0.54008204,0.8414525,0.9595324,0.2281098,-0.16511697
1356625762840,-0.25932053,0.8098408,-0.526223,-0.020362854,0.54015625,0.84131837,0.9655766,0.22888651,-0.12358296
1356625762858,-0.23756832,0.8095236,-0.5368732,-0.05386433,0.54086745,0.83938134,0.9698763,0.2283287,-0.08488852
1356625762898,-0.21726698,0.80826247,-0.5472721,-0.08355129,0.54320824,0.8354304,0.97252977,0.22723675,-0.050489843
1356625762938,-0.19931221,0.8053648,-0.5582672,-0.10869068,0.54801375,0.82937765,0.97388965,0.2259835,-0.02169019
1356625762978,-0.18381163,0.8005687,-0.5703534,-0.12868705,0.5556468,0.821399,0.9745014,0.22437981,8.8846684E-4
1356625763018,-0.1704177,0.79382855,-0.58377564,-0.14371198,0.566084,0.81172395,0.97483575,0.2222277,0.01761198
1356625763058,-0.15866542,0.78515923,-0.59862375,-0.15474114,0.57903636,0.8004824,0.97513103,0.21964058,0.02962339
1356625763098,-0.14819065,0.7745619,-0.6148931,-0.16300899,0.594123,0.78768396,0.97543204,0.21696046,0.038217068
1356625763138,-0.13904509,0.76179326,-0.63272226,-0.16959515,0.611171,0.77311546,0.9756557,0.21480453,0.044216156
1356625763178,-0.13192007,0.7461662,-0.65255886,-0.17543176,0.6303463,0.75623226,0.97561306,0.21424177,0.047745943
1356625763218,-0.12793642,0.726533,-0.6751163,-0.181656,0.6520286,0.7361113,0.9750043,0.21681437,0.048560858
1356625763258,-0.12791081,0.7019252,-0.70067084,-0.18957525,0.6761441,0.71196234,0.9734988,0.22389758,0.046581566
1356625763298,-0.1312637,0.67277247,-0.7281119,-0.1994297,0.7015312,0.684165,0.9710806,0.23501322,0.04208523
1356625763338,-0.1359668,0.64153874,-0.75494444,-0.20893739,0.7263136,0.65483874,0.9684309,0.24677242,0.035286903
1356625763378,-0.13979162,0.6115844,-0.7787316,-0.21409616,0.7491813,0.62680966,0.96675813,0.25434613,0.02620864
1356625763418,-0.14129525,0.58545876,-0.7982943,-0.21177039,0.76984304,0.6020756,0.96705174,0.25412548,0.015207648
1356625763458,-0.13996314,0.5639763,-0.8138434,-0.2010835,0.7886163,0.5810764,0.9695235,0.24497974,0.003029108
1356625763498,-0.13628581,0.5460962,-0.82656235,-0.18311994,0.8060827,0.56275904,0.9735982,0.22805606,-0.009856522
1356625763538,-0.13169079,0.52970517,-0.83789617,-0.15991634,0.8228342,0.54531705,0.97830683,0.20580652,-0.023651123
1356625763578,-0.12805274,0.5128078,-0.8488996,-0.13424402,0.83910656,0.52714205,0.9826398,0.18146166,-0.03860849
1356625763618,-0.12690464,0.4948327,-0.8596719,-0.10843642,0.8545638,0.50789976,0.98596996,0.15767458,-0.05479026
1356625763658,-0.12931716,0.4760248,-0.86987203,-0.08399744,0.8688263,0.4879398,0.9880392,0.13616607,-0.07236928
1356625763698,-0.13601106,0.4566521,-0.879187,-0.062119484,0.8817565,0.46759662,0.98875785,0.11821297,-0.091561675
1356625763738,-0.14828113,0.43577516,-0.8877571,-0.043484807,0.8939395,0.4460731,0.98798877,0.104748175,-0.113604784
1356625763778,-0.1679393,0.41105253,-0.896009,-0.029387638,0.9064266,0.4213398,0.98535913,0.09709109,-0.14014477
1356625763841,-0.19694284,0.37904054,-0.9041801,-0.022468612,0.9202552,0.39067328,0.98015743,0.097255975,-0.17272115
1356625763858,-0.23530191,0.3372281,-0.91154283,-0.026239455,0.93533015,0.35280165,0.97156817,0.106933266,-0.2112363
1356625763898,-0.2799375,0.2855382,-0.9165714,-0.04310853,0.95004183,0.30913132,0.95904994,0.12604947,-0.2536432
1356625763941,-0.3249156,0.2271993,-0.9180471,-0.071937546,0.96196556,0.26352847,0.9430032,0.15166655,-0.29621345
1356625763976,-0.36359185,0.16780749,-0.9163196,-0.1073204,0.9695468,0.22013938,0.9253558,0.17838067,-0.33451015
1356625764016,-0.3924048,0.11178325,-0.91297483,-0.14310987,0.9730798,0.18065232,0.9085913,0.20154455,-0.3658439
1356625764056,-0.41022092,0.061695993,-0.90989685,-0.17432956,0.97400665,0.1446383,0.89516914,0.21795559,-0.38880247
1356625764096,-0.41707748,0.019433446,-0.90866315,-0.19777435,0.9738733,0.11160676,0.88709176,0.22625895,-0.4023372
1356625764136,-0.4131388,-0.012907915,-0.91057664,-0.21161777,0.973889,0.08220795,0.8857394,0.22665748,-0.40508288
1356625764176,-0.398799,-0.034012318,-0.9164074,-0.21556099,0.9747884,0.05762797,0.8913433,0.22052366,-0.39607638
1356625764216,-0.37520996,-0.044352874,-0.9258781,-0.21134935,0.9766376,0.03886441,0.9025236,0.21026605,-0.37581813
1356625764256,-0.34380415,-0.045098208,-0.9379579,-0.20230135,0.9789488,0.027083524,0.91699123,0.19906157,-0.34569007
1356625764296,-0.30605984,-0.037751287,-0.9512635,-0.19257407,0.9810122,0.02302695,0.93233186,0.1902363,-0.30751836
1356625764336,-0.26355895,-0.023613192,-0.96435416,-0.18544146,0.98229444,0.026628852,0.946651,0.18584953,-0.26327133
1356625764376,-0.21848997,-0.004943371,-0.9758266,-0.18248007,0.9825547,0.035880297,0.95862556,0.18590839,-0.2155804
1356625764416,-0.17357334,0.015030168,-0.9847062,-0.18365115,0.98185,0.04735861,0.96754557,0.18906263,-0.16766268
1356625764456,-0.13131148,0.033129342,-0.99078745,-0.18813887,0.98044497,0.05771803,0.9733247,0.19398466,-0.12251079
1356625764496,-0.09333888,0.04733912,-0.99450827,-0.19505394,0.97864354,0.06489061,0.976341,0.20003958,-0.082111776
1356625764536,-0.060409516,0.05695065,-0.9965477,-0.20347914,0.9767045,0.06815132,0.97721386,0.20689365,-0.047413945
1356625764576,-0.032730073,0.06206318,-0.9975354,-0.21216056,0.97489285,0.06761563,0.97668654,0.21385074,-0.018740952
1356625764616,-0.010172458,0.06314424,-0.99795246,-0.21953383,0.97351414,0.06383573,0.9755517,0.21973372,0.0039592385
1356625764655,0.007774502,0.06129282,-0.99808955,-0.22448915,0.9727497,0.05798807,0.9744456,0.22360945,0.02132219
1356625764696,0.02190763,0.057700045,-0.9980936,-0.22676706,0.97259974,0.051248804,0.97370267,0.225212,0.03439182
1356625764736,0.032982618,0.05332111,-0.9980325,-0.22684823,0.97291374,0.044482306,0.97337145,0.22493477,0.044185042
1356625764776,0.041537076,0.04865072,-0.99795175,-0.22562036,0.9734713,0.038066454,0.9733293,0.22357708,0.051411748
1356625764856,0.047833353,0.043548852,-0.9979055,-0.22427103,0.9740093,0.031755865,0.9733522,0.22228232,0.056356847
1356625764857,0.0522556,0.037977725,-0.99791133,-0.22398481,0.97426295,0.025348775,0.97319067,0.22219235,0.05941713
1356625764883,0.054928362,0.032305256,-0.99796754,-0.22505982,0.9741568,0.019147128,0.9727954,0.22355068,0.060779452
1356625764927,0.054883122,0.024097905,-0.99820197,-0.22935937,0.9732809,0.010885648,0.9717933,0.22834954,0.05894375
1356625764966,0.05226031,0.01474978,-0.99852455,-0.23649834,0.97162986,0.0019747615,0.97022545,0.2360462,0.054265976
1356625765006,0.047500163,0.005731508,-0.9988548,-0.24530675,0.9694263,-0.0061028376,0.9682812,0.2453157,0.04745388
1356625765046,0.04109934,-9.366721E-4,-0.9991546,-0.2529186,0.9674215,-0.011310495,0.9666142,0.25316966,0.039523482
1356625765086,0.033311605,-0.0039577484,-0.99943715,-0.25587848,0.96663,-0.012356333,0.96613485,0.25614607,0.031187296
1356625765126,0.02427581,-0.0023814365,-0.9997026,-0.25199008,0.96769315,-0.0084242895,0.96742535,0.25211963,0.022891462
1356625765166,0.014060557,0.004574172,-0.9998907,-0.2410756,0.9705058,0.0010497198,0.9704045,0.24103448,0.014748573
1356625765206,0.0024362803,0.017411217,-0.99984545,-0.22463769,0.974304,0.01641906,0.9744393,0.22456297,0.0062848926
1356625765246,-0.011153637,0.03617829,-0.9992831,-0.20483567,0.9780702,0.0376966,0.9787328,0.20510927,-0.003498435
1356625765286,-0.027261704,0.06126458,-0.9977492,-0.1836796,0.9808185,0.0652437,0.9826081,0.18504483,-0.015485764
1356625765326,-0.046064585,0.09326118,-0.99457544,-0.16220087,0.9817214,0.09956832,0.98568195,0.16590758,-0.030095577
1356625765366,-0.06739923,0.13231073,-0.9889142,-0.1402831,0.98006517,0.14068775,0.98781484,0.14821018,-0.04749465
1356625765406,-0.09112215,0.17653516,-0.98006743,-0.117197216,0.97542155,0.18659478,0.98891944,0.1318641,-0.06819308
1356625765446,-0.117498636,0.22184809,-0.967976,-0.09291951,0.96799564,0.2331317,0.98871636,0.11733651,-0.09312415
1356625765486,-0.14765295,0.2612085,-0.9539228,-0.06951689,0.9593681,0.27345973,0.9865932,0.1066909,-0.1234951
1356625765526,-0.18342516,0.2858674,-0.94055045,-0.051439524,0.9526815,0.29958618,0.98168695,0.1033331,-0.16004092
1356625765566,-0.22562864,0.28880295,-0.9304217,-0.04405558,0.9510474,0.3058887,0.9732168,0.110007524,-0.20186013
1356625765606,-0.27208155,0.2681509,-0.92415726,-0.051035516,0.9550159,0.29213014,0.96091986,0.12664807,-0.24615699
1356625765646,-0.3172173,0.22916028,-0.9202492,-0.07152888,0.96182036,0.2641689,0.9456514,0.14962335,-0.28871447
1356625765686,-0.35537416,0.1805619,-0.91711855,-0.10069191,0.9680605,0.2296084,0.9292848,0.17394333,-0.32584256
1356625765726,-0.3832775,0.1309444,-0.9143041,-0.13208127,0.9719553,0.19456972,0.9141405,0.19533662,-0.3552333
1356625765766,-0.40067077,0.08602099,-0.9121752,-0.1608308,0.97352105,0.16245064,0.9019959,0.21179506,-0.3762266
1356625765841,-0.4080318,0.052052796,-0.91148263,-0.18263549,0.9735389,0.13735479,0.8945134,0.22251418,-0.3877281
1356625765847,-0.40823853,0.021939315,-0.9126116,-0.20050889,0.973143,0.11308813,0.8905827,0.22915366,-0.39287543
1356625765873,-0.4039076,0.0036203638,-0.9147926,-0.21108943,0.97263676,0.09705142,0.8901122,0.23230287,-0.39209116
1356625765917,-0.39265963,0.008249983,-0.91964686,-0.20854726,0.9731128,0.09777258,0.8957268,0.23018117,-0.38038158
1356625765956,-0.3752253,0.025686927,-0.9265776,-0.19880977,0.9741228,0.107514635,0.9053622,0.22455491,-0.36040872
1356625765996,-0.35259658,0.053429417,-0.93424886,-0.18554148,0.9745557,0.12576011,0.9171968,0.2176845,-0.33371162
1356625766036,-0.32531393,0.088762835,-0.94143075,-0.17317463,0.9731544,0.15159488,0.92961353,0.21234787,-0.3012092
1356625766095,-0.2939201,0.12988509,-0.946964,-0.1650834,0.96893793,0.18413787,0.9414661,0.21044986,-0.26334846
1356625766116,-0.2594679,0.1741722,-0.94991606,-0.16285405,0.9616261,0.22080259,0.95192176,0.21198885,-0.22114646
1356625766157,-0.22377813,0.21732299,-0.95010215,-0.16604455,0.95207185,0.2568821,0.96039194,0.21524388,-0.17696756
1356625766193,-0.18895325,0.25509298,-0.9482743,-0.17272484,0.94198066,0.2878171,0.9666762,0.21817449,-0.13392937
1356625766237,-0.1563245,0.2861221,-0.9453554,-0.18100056,0.9326157,0.31219667,0.9709797,0.21991384,-0.094002426
1356625766276,-0.12713668,0.30824512,-0.94277316,-0.19014105,0.92528474,0.32816845,0.97348994,0.22098213,-0.059027553
1356625766316,-0.102282904,0.32079056,-0.9416111,-0.199813,0.9206577,0.33535683,0.9744808,0.22244744,-0.03006941
1356625766356,-0.08214614,0.32283172,-0.94288474,-0.20960627,0.9193251,0.3330265,0.97432905,0.22499141,-0.007851422
1356625766396,-0.06652077,0.31457847,-0.9468978,-0.21886647,0.92128724,0.3214458,0.9734847,0.228627,0.007565975
1356625766436,-0.054643214,0.2975991,-0.9531259,-0.22704126,0.9258452,0.30209756,0.972351,0.23290648,0.016976118
1356625766476,-0.045460768,0.27475995,-0.9604376,-0.23383552,0.93179417,0.2776339,0.9712128,0.23720586,0.021888554
1356625766516,-0.037991527,0.24949004,-0.9676318,-0.23933755,0.9378746,0.25121453,0.9701928,0.24113466,0.024081051
1356625766556,-0.031618565,0.22489141,-0.97387064,-0.24430393,0.9430646,0.22570932,0.9691831,0.24505705,0.025123477
1356625766596,-0.026132107,0.20305353,-0.9788189,-0.25001565,0.94670796,0.203067,0.9678891,0.25002658,0.026027083
1356625766636,-0.02173528,0.18459976,-0.98257333,-0.25681657,0.9487957,0.18393481,0.96621567,0.256339,0.02678591
1356625766676,-0.018987268,0.16884786,-0.98545915,-0.26297802,0.95008814,0.16785432,0.9646149,0.26234123,0.02636373
1356625766716,-0.01844981,0.15503514,-0.9877367,-0.2656633,0.95163286,0.15433057,0.96388936,0.2652527,0.023629665
1356625766756,-0.0203439,0.14375967,-0.9894034,-0.2628257,0.9540333,0.14402457,0.96462876,0.2629707,0.01837498
1356625766796,-0.024661124,0.136763,-0.9902968,-0.25379398,0.9572876,0.1385245,0.9669439,0.25474754,0.011101842
1356625766841,-0.031601373,0.13582055,-0.99022937,-0.2388605,0.9609912,0.13943304,0.97053957,0.24093296,0.0020735264
1356625766878,-0.041743636,0.14226402,-0.9889481,-0.21922119,0.96438724,0.1479842,0.97478175,0.22297579,-0.009069741
1356625766918,-0.055728555,0.1569344,-0.9860354,-0.19639228,0.96655416,0.16493349,0.9789404,0.20284127,-0.02304399
1356625766958,-0.07388353,0.1813862,-0.9806326,-0.17183292,0.966298,0.19168112,0.9823516,0.18266705,-0.040225387
1356625766998,-0.096004486,0.21646072,-0.97155946,-0.14621107,0.96241385,0.22887093,0.9845838,0.1640254,-0.060747087
1356625767038,-0.12165147,0.26067027,-0.9577327,-0.119309,0.9540629,0.2748261,0.98537624,0.14769912,-0.084962845
1356625767078,-0.15055123,0.3092489,-0.9389885,-0.09084603,0.9414679,0.3246311,0.9844193,0.13417697,-0.11364508
1356625767118,-0.18327323,0.35386986,-0.9171625,-0.062200308,0.9269214,0.37006444,0.9810923,0.124870695,-0.14786911
1356625767158,-0.22155482,0.3846299,-0.89608777,-0.037439734,0.91489226,0.40195823,0.9744289,0.12260507,-0.18829834
1356625767198,-0.26741102,0.39233947,-0.8800915,-0.022626773,0.9105449,0.41279045,0.96331686,0.13029835,-0.2346124
1356625767238,-0.32030445,0.37347305,-0.87058777,-0.02296774,0.9156741,0.40126485,0.9470362,0.14852233,-0.28471667
1356625767278,-0.37529713,0.33262408,-0.86516666,-0.039329126,0.9268384,0.37339497,0.92606986,0.17416029,-0.33475798
1356625767318,-0.42506555,0.280917,-0.860468,-0.06643228,0.9383769,0.33916906,0.9027216,0.20133188,-0.38020968
1356625767358,-0.4636604,0.23196793,-0.85510814,-0.09437376,0.94669867,0.30798575,0.8809725,0.22350058,-0.417055
1356625767398,-0.4879954,0.19924614,-0.84980077,-0.11202472,0.9512485,0.28736162,0.86562747,0.23542984,-0.4418844
1356625767438,-0.4975373,0.19335562,-0.8456182,-0.11115896,0.9525917,0.28321847,0.8602908,0.2349098,-0.4524567
1356625767478,-0.49295983,0.21825832,-0.8422315,-0.09056717,0.9498929,0.2991672,0.86532545,0.22375593,-0.44849205
1356625767518,-0.47510403,0.2714078,-0.83702683,-0.055940785,0.9400024,0.33655035,0.8781496,0.2067204,-0.43141615
1356625767558,-0.4451518,0.34489706,-0.8263691,-0.017355949,0.9193516,0.39305398,0.89528686,0.18931112,-0.403265
1356625767598,-0.40590644,0.42697763,-0.80804086,0.014139578,0.8869817,0.46158808,0.91380525,0.17593622,-0.36606884
1356625767638,-0.36234677,0.5051422,-0.7832855,0.030094862,0.8462988,0.5318577,0.9315574,0.16914406,-0.32185578
1356625767678,-0.3203392,0.56998444,-0.7566377,0.027401775,0.8039695,0.5940389,0.94690657,0.16956075,-0.27316153
1356625767718,-0.28447777,0.6171655,-0.73360705,0.009309769,0.76696634,0.6416198,0.9586375,0.17569682,-0.22393054
1356625767758,-0.25575405,0.648584,-0.7168881,-0.018063903,0.7382152,0.6743234,0.96657306,0.18541074,-0.17708558
1356625767798,-0.23295009,0.66773945,-0.7070065,-0.04890901,0.71804315,0.694278,0.971258,0.19631112,-0.13460976
1356625767840,-0.21411787,0.67814165,-0.7030486,-0.079340875,0.7052888,0.7044662,0.97358024,0.20661932,-0.097210586
1356625767878,-0.19793382,0.6816018,-0.7044439,-0.10661554,0.69942844,0.70670575,0.9744,0.21498562,-0.06577116
1356625767918,-0.18334794,0.6811967,-0.70876974,-0.12947813,0.697977,0.70431775,0.9744839,0.22090541,-0.03977257
1356625767958,-0.16960339,0.6776453,-0.7155638,-0.14775422,0.70039165,0.6982981,0.97437334,0.2241613,-0.018663824
1356625767998,-0.15649123,0.6716542,-0.7241485,-0.16185227,0.7058314,0.68964183,0.9743277,0.22512797,-0.0017476678
1356625768038,-0.14424974,0.66239625,-0.73513484,-0.172755,0.7146381,0.677826,0.97434473,0.22477446,0.011345923
1356625768078,-0.13322507,0.6476766,-0.7501773,-0.18150377,0.72817886,0.6609174,0.97432405,0.22421083,0.020544052
1356625768118,-0.12341924,0.6248111,-0.7709596,-0.18908113,0.74786013,0.63635963,0.9741745,0.22431296,0.025839686
1356625768158,-0.11471717,0.59201676,-0.7977193,-0.19641279,0.773651,0.60240024,0.9737875,0.22578792,0.027528584
1356625768198,-0.10668415,0.54817116,-0.8295343,-0.20473507,0.8043063,0.5578306,0.9729862,0.22934636,0.026423097
1356625768238,-0.09886429,0.4944744,-0.8635513,-0.21516936,0.8366504,0.5037046,0.9715596,0.23560818,0.023680866
1356625768278,-0.09063604,0.43578225,-0.8954769,-0.22788626,0.8662443,0.44462186,0.96946007,0.24436569,0.020795822
1356625768318,-0.08146921,0.3801687,-0.9213222,-0.2410002,0.8894496,0.38832772,0.96709967,0.25367558,0.019158006
1356625768358,-0.07143995,0.3342397,-0.9397766,-0.2507178,0.9059166,0.3412561,0.96542054,0.25999805,0.019081235
1356625768398,-0.06137204,0.29908973,-0.9522493,-0.2534703,0.91810155,0.3047004,0.96539426,0.26006702,0.019464612
1356625768438,-0.052306443,0.2722675,-0.96079874,-0.24778192,0.928491,0.27660164,0.9674027,0.25253668,0.018896878
1356625768478,-0.045053605,0.25190285,-0.9667033,-0.23417304,0.9380607,0.2553529,0.9711505,0.2378804,0.016725838
1356625768518,-0.04031405,0.23757142,-0.9705332,-0.21418169,0.9466903,0.24063174,0.9759616,0.21757127,0.012718499
1356625768558,-0.03896582,0.22955057,-0.9725165,-0.1897636,0.95384425,0.2327465,0.9810564,0.19361736,0.0063930154
1356625768598,-0.04193413,0.22949725,-0.9724056,-0.16314653,0.9586258,0.23328063,0.9857103,0.16842702,-0.00275743
1356625768638,-0.049745623,0.24066798,-0.96933186,-0.13621376,0.9598302,0.24529931,0.9894297,0.14423892,-0.014965057
1356625768679,-0.062403206,0.26571083,-0.96203107,-0.11003551,0.95620185,0.2712384,0.9919668,0.12278371,-0.030432403
1356625768718,-0.07941303,0.30410665,-0.9493223,-0.08492105,0.94680405,0.3104038,0.993218,0.10526755,-0.049363494
1356625768758,-0.100646615,0.3467667,-0.9325358,-0.061120614,0.9333699,0.3536735,0.993043,0.09259322,-0.07274592
1356625768798,-0.12744313,0.38271898,-0.9150325,-0.040091693,0.91981333,0.39030248,0.99103534,0.086426586,-0.10188007
1356625768839,-0.16265595,0.40014848,-0.9019003,-0.025679082,0.9120468,0.40928137,0.9863486,0.089732006,-0.1380744
1356625768878,-0.20624602,0.39700556,-0.8943429,-0.021243572,0.91196144,0.40972558,0.9782696,0.10350332,-0.1796546
1356625768918,-0.2587087,0.36612904,-0.89387876,-0.03198178,0.92162913,0.3867517,0.9654258,0.12864387,-0.22672403
1356625768958,-0.31425047,0.3157356,-0.8952975,-0.05691752,0.93511087,0.3497543,0.9476323,0.16086856,-0.27588814
1356625768998,-0.36514127,0.25626826,-0.8949852,-0.09058629,0.9470228,0.3081265,0.9265344,0.19358307,-0.32258272
1356625769038,-0.4052761,0.19831996,-0.89242405,-0.124731645,0.955062,0.26888406,0.9056453,0.22028579,-0.36232704
1356625769078,-0.43146294,0.15098406,-0.88940626,-0.15098406,0.9599038,0.236196,0.88940626,0.236196,-0.39136672
1356625769118,-0.4431795,0.119065605,-0.88849044,-0.16485357,0.9634111,0.2113347,0.8811443,0.24013004,-0.40733564
1356625769158,-0.44158536,0.10468138,-0.8910916,-0.16511714,0.9667257,0.19539124,0.88189495,0.23341641,-0.40960723
1356625769198,-0.42833257,0.10554049,-0.89743656,-0.15558079,0.9697108,0.1882964,0.8901269,0.22027735,-0.39893866
1356625769238,-0.40483582,0.119034454,-0.9066084,-0.14151411,0.97138834,0.19073138,0.90337247,0.20551276,-0.37640774
1356625769278,-0.3724075,0.14224505,-0.9171035,-0.12830248,0.9708047,0.20267393,0.91915774,0.19314398,-0.34328455
1356625769318,-0.33294362,0.17132303,-0.92725235,-0.12043345,0.9675765,0.2220169,0.93522424,0.18559131,-0.3015154
1356625769358,-0.28947324,0.20127638,-0.9357847,-0.12039329,0.96222115,0.24420469,0.9495845,0.18335293,-0.25430495
1356625769398,-0.24540308,0.22780113,-0.942276,-0.12793662,0.9558865,0.26441094,0.96094203,0.18543886,-0.20543343
1356625769438,-0.20363295,0.24786131,-0.94715273,-0.14098711,0.94991565,0.27889583,0.96884274,0.19032873,-0.15848887
1356625769478,-0.16580302,0.2602267,-0.95120525,-0.15714827,0.9452582,0.28599197,0.97355723,0.19689858,-0.11583245
1356625769518,-0.13256586,0.26422706,-0.9553065,-0.1743291,0.9425728,0.28489634,0.9757232,0.20430522,-0.0788905
1356625769558,-0.103970975,0.25921363,-0.96020746,-0.19041787,0.94239247,0.27502277,0.97618186,0.21143505,-0.04862255
1356625769598,-0.07956573,0.24490848,-0.9662759,-0.20351899,0.9449399,0.25625902,0.97583264,0.21704492,-0.025341272
1356625769638,-0.058585946,0.22192344,-0.9733024,-0.21282265,0.94978684,0.22937205,0.9753328,0.22057879,-0.008413792
1356625769678,-0.04034844,0.19187316,-0.98059,-0.21877986,0.9558785,0.19603997,0.9749397,0.22244325,0.0034097433
1356625769718,-0.024650723,0.15710296,-0.9872745,-0.22247238,0.9619477,0.15862754,0.97462726,0.2235516,0.011238396
1356625769758,-0.011641502,0.12005811,-0.9926986,-0.22533894,0.9669139,0.11958224,0.9742109,0.22508577,0.015797436
1356625769798,-0.0016266983,0.08361721,-0.99649656,-0.22928238,0.96992,0.08176142,0.9733585,0.22861212,0.017594218
1356625769859,0.0057268757,0.050414152,-0.99871194,-0.23584232,0.9706227,0.047643848,0.97177446,0.2352657,0.017448425
1356625769878,0.011224002,0.02308511,-0.99967045,-0.24366438,0.9696604,0.019656315,0.9697946,0.24336348,0.01650846
1356625769918,0.014979243,0.0025063306,-0.99988467,-0.249911,0.9682679,-0.0013168305,0.96815294,0.2499019,0.015130281
1356625769958,0.016811341,-0.011960208,-0.9997872,-0.25096354,0.9678677,-0.015798315,0.96785057,0.2511757,0.013269603
1356625769998,0.016507119,-0.021077491,-0.99964154,-0.244735,0.96928096,-0.024478652,0.9694494,0.24505135,0.010841608
1356625770038,0.013934612,-0.025186405,-0.9995857,-0.23131321,0.9724841,-0.027728133,0.9727796,0.23160374,0.007725239
1356625770078,0.008585931,-0.02484975,-0.9996544,-0.2121242,0.97689396,-0.026105888,0.97720504,0.212275,0.0031163096
1356625770118,-2.6473356E-4,-0.020455204,-0.9997907,-0.18982574,0.98161346,-0.02003304,0.9818178,0.18978071,-0.004142761
1356625770158,-0.013086587,-0.012601212,-0.9998349,-0.16661516,0.9859688,-0.010245666,0.9859351,0.16645359,-0.015002489
1356625770198,-0.029826134,-0.001091443,-0.9995545,-0.14420837,0.9895421,0.0032225996,0.9890977,0.14424023,-0.02967161
1356625770238,-0.050350964,0.01345963,-0.9986409,-0.123555504,0.99214405,0.019601662,0.9910594,0.12437454,-0.0482924
1356625770278,-0.07496184,0.029280715,-0.9967564,-0.10543356,0.9937332,0.037121117,0.9915969,0.107874244,-0.071404934
1356625770318,-0.1044575,0.043236844,-0.99358904,-0.09149266,0.99440014,0.052890897,0.990312,0.09643096,-0.0999167
1356625770357,-0.13974059,0.0514223,-0.988852,-0.08485526,0.994355,0.06369987,0.98654556,0.09281075,-0.1345883
1356625770398,-0.18116102,0.049938127,-0.9821847,-0.08934267,0.9937446,0.06700487,0.97938675,0.09988967,-0.17556614
1356625770438,-0.22716492,0.036678426,-0.9731654,-0.107064046,0.9922926,0.062391177,0.9679532,0.11836411,-0.22148716
1356625770478,-0.27408913,0.012159936,-0.9616275,-0.13674498,0.98926747,0.05148537,0.9519328,0.1456093,-0.26948464
1356625770518,-0.31675398,-0.020014785,-0.94829655,-0.17327553,0.98417413,0.037106194,0.93254626,0.17607012,-0.31520915
1356625770558,-0.3503556,-0.054540418,-0.93502736,-0.20958823,0.977553,0.021511957,0.91286564,0.20350759,-0.35392225
1356625770598,-0.37173906,-0.08593034,-0.92435163,-0.23893657,0.97101766,0.0058226585,0.8970615,0.22302593,-0.38149714
1356625770638,-0.37985313,-0.10993764,-0.9184908,-0.25676274,0.9664279,-0.009488039,0.8886983,0.23223016,-0.39532852
1356625770678,-0.37543994,-0.1242536,-0.91848016,-0.26190832,0.9648075,-0.023462608,0.8890718,0.2317488,-0.39477032
1356625770736,-0.359985,-0.12765439,-0.9241835,-0.25644207,0.96597755,-0.03353878,0.8970219,0.22492605,-0.38047338
1356625770756,-0.33463353,-0.11874085,-0.9348374,-0.24412814,0.9690855,-0.03570307,0.9101768,0.21627268,-0.3532765
1356625770797,-0.3007882,-0.09712118,-0.9487328,-0.22952649,0.9729325,-0.026828937,0.92565864,0.20968947,-0.31493855
1356625770836,-0.2611434,-0.06475095,-0.9631258,-0.2165815,0.9762401,-0.0069083795,0.9406893,0.20679116,-0.2689625
1356625770863,-0.22261614,-0.030319333,-0.9744346,-0.20745781,0.9780969,0.016961835,0.95257723,0.20593005,-0.22403014
1356625770904,-0.18266422,0.010059394,-0.9831239,-0.20226407,0.9781741,0.04758936,0.962145,0.20754352,-0.17664272
1356625770947,-0.14416441,0.05071173,-0.9882535,-0.2011013,0.9763442,0.07943686,0.9689039,0.21019101,-0.13055587
1356625770986,-0.10959023,0.08632998,-0.9902208,-0.20342912,0.97318584,0.10735883,0.9729371,0.2132052,-0.08908963
1356625771026,-0.08021963,0.11326034,-0.9903216,-0.2084081,0.969659,0.12777904,0.9747465,0.21664146,-0.054181337
1356625771066,-0.056671172,0.12901607,-0.9900218,-0.21482864,0.9668118,0.13828869,0.9750062,0.220522,-0.02707398
1356625771106,-0.038748503,0.13320246,-0.99033105,-0.22133425,0.9653132,0.13849759,0.9744278,0.22456077,-0.007922173
1356625771146,-0.025395066,0.12749076,-0.9915146,-0.2268332,0.96522915,0.12992066,0.9736025,0.22820777,0.004407108
1356625771186,-0.015219329,0.11477634,-0.9932748,-0.23079675,0.9661607,0.11517955,0.972883,0.23099755,0.011785686
1356625771226,-0.0072720945,0.09781607,-0.9951779,-0.23354039,0.9675163,0.09680378,0.9723199,0.2331182,0.015808105
1356625771266,-0.0012221038,0.078691795,-0.99689823,-0.23631124,0.9686415,0.07675101,0.97167665,0.23567207,0.017412007
1356625771306,0.0030252319,0.059180602,-0.9982426,-0.2403744,0.9690217,0.056719773,0.97067547,0.2397804,0.017157018
1356625771346,0.005426109,0.04070887,-0.9991563,-0.24520046,0.968722,0.038137265,0.9694572,0.24478665,0.015238225
1356625771386,0.0056283176,0.024088971,-0.99969393,-0.2480084,0.9685093,0.021941245,0.9687415,0.24780902,0.011425316
1356625771426,0.0033407211,0.009986825,-0.9999445,-0.24564815,0.96931857,0.008860275,0.96935326,0.24560492,0.0056914687
1356625771466,-0.0012296736,-5.5749714E-4,-0.9999991,-0.23655112,0.971619,-2.50794E-4,0.97161824,0.2365506,-0.0013266206
1356625771506,-0.0076757083,-0.0065308735,-0.9999492,-0.22112006,0.9752354,-0.004672125,0.9752164,0.22107297,-0.008929729
1356625771546,-0.01598528,-0.007627398,-0.9998431,-0.20106319,0.9795691,-0.0042581856,0.97944784,0.20096359,-0.017192245
1356625771588,-0.026533723,-0.004002057,-0.99963987,-0.17869043,0.983905,8.0397725E-4,0.98354745,0.17864741,-0.026821792
1356625771626,-0.03963533,0.0042302907,-0.99920523,-0.15611862,0.9876839,0.010374241,0.98694277,0.15640572,-0.03848672
1356625771668,-0.05538121,0.016948275,-0.9983214,-0.13482207,0.99057186,0.024295881,0.9893209,0.1359413,-0.052574098
1356625771708,-0.0741179,0.032958217,-0.99670476,-0.115616776,0.99243015,0.041414462,0.9905248,0.11830533,-0.069746315
1356625771748,-0.09655765,0.049804866,-0.99408054,-0.09927063,0.99328554,0.05940744,0.99036455,0.10441923,-0.09096515
1356625771788,-0.12415299,0.062346827,-0.99030244,-0.08752843,0.9934454,0.07351803,0.9883951,0.0958071,-0.11788213
1356625771851,-0.15813106,0.06563,-0.9852346,-0.08362127,0.99331415,0.0795895,0.983871,0.09497215,-0.15158576
1356625771868,-0.19805342,0.05601363,-0.9785895,-0.09120594,0.9929814,0.07529627,0.97593874,0.10416585,-0.19155455
1356625771908,-0.24158376,0.032234903,-0.96984434,-0.11243075,0.99178725,0.0609702,0.96384466,0.123769745,-0.2359755
1356625771948,-0.28394544,-0.002371788,-0.95883757,-0.14464805,0.9886585,0.040389802,0.9478671,0.15016247,-0.28106815
1356625771988,-0.32089746,-0.043384813,-0.94611967,-0.18264148,0.98303485,0.016869336,0.9293368,0.17821404,-0.32337725
1356625772028,-0.34916517,-0.08558347,-0.9331448,-0.21981114,0.9755158,-0.0072203577,0.9109154,0.20259453,-0.3594283
1356625772068,-0.36694032,-0.12404134,-0.92193747,-0.25026974,0.96769285,-0.030587621,0.8959464,0.21950921,-0.38612932
1356625772108,-0.37351888,-0.15425396,-0.9147072,-0.26954752,0.9615773,-0.052088805,0.8875966,0.22710091,-0.40074605
1356625772148,-0.36907423,-0.17263213,-0.91322637,-0.27532312,0.9588015,-0.06997748,0.88768315,0.22560544,-0.40139854
1356625772188,-0.35430998,-0.17671107,-0.9182797,-0.2681114,0.95995283,-0.08128216,0.8958687,0.21740216,-0.38749915
1356625772228,-0.32992768,-0.16466883,-0.9295332,-0.25107804,0.9645088,-0.08174741,0.9100042,0.20641464,-0.35956287
1356625772268,-0.29663962,-0.1356376,-0.9453081,-0.2290865,0.97106665,-0.067445755,0.9271053,0.19655025,-0.3191296
1356625772308,-0.25614822,-0.09185688,-0.96226317,-0.207621,0.9774694,-0.038041092,0.9440771,0.19004187,-0.26944846
1356625772348,-0.21144381,-0.03871263,-0.9766231,-0.19110718,0.9815661,0.0024671108,0.95852464,0.18716137,-0.21494436
1356625772388,-0.16686988,0.015412532,-0.9858585,-0.18205664,0.9822035,0.046170942,0.9690252,0.18718663,-0.16109419
1356625772428,-0.12579605,0.06455892,-0.9899532,-0.18059298,0.9797168,0.086839795,0.97548014,0.18970272,-0.11158562
1356625772468,-0.09031707,0.10485693,-0.99037766,-0.18535885,0.9752962,0.1201639,0.9785116,0.19442813,-0.06864977
1356625772508,-0.06111771,0.1353013,-0.9889177,-0.194028,0.9702595,0.14473997,0.97909033,0.2007239,-0.033047795
1356625772548,-0.03798285,0.15662615,-0.9869273,-0.20394428,0.96563697,0.16109635,0.9782454,0.20739709,-0.0047346354
1356625772588,-0.020290196,0.17032461,-0.985179,-0.21290837,0.96204376,0.17070977,0.9768614,0.21321662,0.016743481
