1356626608769,0.14718083,-0.012867153,0.98902595,0.9890527,0.0126387775,-0.1470204,-0.010608345,0.99983734,0.014586508
1356626608813,0.6967683,-0.0030847192,0.7172897,0.7172179,0.017779693,-0.6966221,-0.010604292,0.9998371,0.014600754
1356626608833,0.69664776,-0.0032000542,0.7174062,0.7173354,0.017846957,-0.69649935,-0.010574698,0.9998356,0.014728531
1356626608863,0.6963638,-0.0034639835,0.7176806,0.7176119,0.0180102,-0.69621027,-0.010513872,0.9998318,0.015027478
1356626608893,0.6958562,-0.003967434,0.71817017,0.7181057,0.018340275,-0.69569236,-0.010411352,0.999824,0.0156112015
1356626608923,0.6952131,-0.004708022,0.7187883,0.7187302,0.018850312,-0.69503343,-0.010277152,0.9998113,0.01648879
1356626608955,0.69465923,-0.0056052506,0.7193171,0.7192676,0.019492209,-0.6944596,-0.010128468,0.9997943,0.017572105
1356626608997,0.6943395,-0.006688118,0.71961653,0.71957856,0.020302296,-0.6941142,-0.009967536,0.9997715,0.01890932
1356626609037,0.69512725,-0.00772056,0.71884525,0.7188194,0.021149725,-0.6948751,-0.009838551,0.99974656,0.020251423
1356626609076,0.697221,-0.00855571,0.7168052,0.7167896,0.021956429,-0.69694364,-0.009775609,0.99972224,0.021441147
1356626609117,0.7007874,-0.008987784,0.71331364,0.7133031,0.022546917,-0.70049304,-0.009787202,0.9997055,0.022211581
1356626609156,0.70583344,-0.008691013,0.70832455,0.7083093,0.0225745,-0.70554125,-0.009858251,0.99970746,0.02208975
1356626609197,0.7122232,-0.007306099,0.70191514,0.70188254,0.021597713,-0.71196526,-0.009958088,0.99974006,0.02051042
1356626609236,0.7196572,-0.0046019554,0.69431436,0.69425684,0.019243926,-0.71947,-0.010050386,0.99980426,0.017043963
1356626609276,0.72765005,-8.42005E-4,0.685948,0.6858741,0.015624955,-0.72755253,-0.010105282,0.9998776,0.011947006
1356626609318,0.73560977,0.0032714605,0.6773977,0.6773301,0.011379153,-0.73559135,-0.0101147,0.99992996,0.006154731
1356626609356,0.7430596,0.0068193376,0.6691905,0.6691493,0.0075026006,-0.74309015,-0.0100880265,0.9999486,0.0010117292
1356626609398,0.74969995,0.00908494,0.6617156,0.6617017,0.0048915446,-0.74975127,-0.01004827,0.9999468,-0.0023443252
1356626609437,0.75533247,0.009712279,0.65526974,0.655265,0.0041117296,-0.75538796,-0.010030836,0.9999444,-0.0032583922
1356626609468,0.7602593,0.009326518,0.6495528,0.64954203,0.004554391,-0.7603121,-0.010049373,0.9999461,-0.002595432
1356626609507,0.7634067,0.007391274,0.6458758,0.6458383,0.0069849417,-0.7634423,-0.0101542175,0.99994826,5.587861E-4
1356626609538,0.761682,0.0050771832,0.64793116,0.6478692,0.009923458,-0.76168686,-0.010296941,0.99993783,0.0042691827
1356626609577,0.76519203,0.00247553,0.6437973,0.643716,0.013416477,-0.76514685,-0.0105315745,0.9999069,0.008672662
1356626609608,0.7673403,2.8672814E-4,0.64124,0.64114916,0.016498841,-0.7672389,-0.010799676,0.9998638,0.012476407
1356626609647,0.76865923,-0.0012075901,0.6396574,0.63956076,0.018936545,-0.76850724,-0.011184841,0.9998199,0.015328087
1356626609678,0.7684898,-0.0021000504,0.6398586,0.6397571,0.020633541,-0.76830006,-0.0115890205,0.9997848,0.01720021
1356626609718,0.76789695,-0.0020727217,0.64057004,0.64045966,0.021331243,-0.76769555,-0.012072921,0.9997703,0.017707698
1356626609758,0.76590335,-0.0013498068,0.64295423,0.6428324,0.021185897,-0.7657138,-0.012588024,0.9997746,0.017094046
1356626609811,0.7626615,-4.4694543E-4,0.64679766,0.6466658,0.020729907,-0.7624917,-0.013067275,0.99978495,0.01609891
1356626609833,0.75959575,9.050071E-4,0.6503949,0.65025306,0.019872524,-0.75945777,-0.0136123,0.9998022,0.014506601
1356626609868,0.7552023,0.0021286607,0.6554884,0.6553394,0.01910919,-0.7550928,-0.014133185,0.99981517,0.013036326
1356626609908,0.75013345,0.003154695,0.66127896,0.66112375,0.018602856,-0.75004613,-0.014667779,0.9998219,0.011868998
1356626609948,0.7430121,0.0038475394,0.669267,0.6691039,0.018538773,-0.7429376,-0.015265882,0.99982077,0.011200115
1356626609988,0.73298657,0.0040379465,0.6802312,0.6800544,0.01920715,-0.73291004,-0.016024768,0.99980736,0.011332542
1356626610028,0.71933454,0.0034205914,0.6946554,0.6944538,0.02104874,-0.7192294,-0.017081827,0.9997726,0.012765631
1356626610068,0.70176136,0.0015061796,0.71241045,0.7121686,0.024661034,-0.7015753,-0.018625468,0.9996947,0.016233519
1356626610108,0.6800947,-0.0025606155,0.7331197,0.7328309,0.030660585,-0.6797196,-0.02073738,0.99952656,0.022728607
1356626610148,0.6539576,-0.010189742,0.7564626,0.7561797,0.039281473,-0.6531839,-0.02305916,0.9991762,0.03339371
1356626610188,0.62284225,-0.023016602,0.78200877,0.78195703,0.049888805,-0.62133265,-0.024712473,0.9984895,0.049070865
1356626610228,0.5874533,-0.041437298,0.8081965,0.808879,0.060627103,-0.584841,-0.024764359,0.9973,0.069133356
1356626610268,0.5511443,-0.063684165,0.8319762,0.8340954,0.06942381,-0.5472341,-0.022908777,0.9955525,0.09138122
1356626610308,0.51895714,-0.08689538,0.850372,0.8545768,0.075482816,-0.51381,-0.019540668,0.99335366,0.11343117
1356626610348,0.49520916,-0.10888335,0.86192364,0.86863875,0.07954967,-0.4890181,-0.015319884,0.99086654,0.133974
1356626610388,0.4814015,-0.12918237,0.8669282,0.8764353,0.08298981,-0.4743143,-0.010673225,0.988142,0.15317136
1356626610428,0.47604,-0.14874268,0.86675334,0.8794061,0.086729705,-0.4681055,-0.005545944,0.98506516,0.17209205
1356626610468,0.47596183,-0.1689074,0.8630936,0.8794657,0.09076485,-0.46722767,5.797148E-4,0.98144376,0.19174892
1356626610508,0.47771806,-0.19062641,0.8575821,0.8784727,0.09427893,-0.4683985,0.0084371865,0.97712487,0.21249884
1356626610548,0.47867012,-0.21404925,0.85150325,0.87780035,0.09625977,-0.46925536,0.018478274,0.9720684,0.23396918
1356626610588,0.47725862,-0.23865429,0.84573543,0.87823236,0.09609687,-0.4684799,0.030532211,0.9663383,0.25545698
1356626610628,0.473235,-0.2634251,0.84062827,0.8798466,0.09388822,-0.46589166,0.04380244,0.9601001,0.27620485
1356626610668,0.4671249,-0.2872816,0.83621985,0.88233745,0.090243846,-0.46188384,0.057227015,0.95358557,0.29563445
1356626610708,0.45937702,-0.3095413,0.8325604,0.8854872,0.08583596,-0.45666677,0.06989363,0.9470039,0.31352597
1356626610748,0.450371,-0.32957685,0.8297862,0.88917017,0.08136794,-0.45028397,0.0808852,0.9406159,0.32969567
1356626610810,0.44101715,-0.34613588,0.82806635,0.89309597,0.077974975,-0.44305712,0.08878949,0.9349385,0.34352082
1356626610828,0.4334845,-0.3569174,0.8274667,0.89649725,0.077501655,-0.43621808,0.09156382,0.9309154,0.35357124
1356626610868,0.43047985,-0.35941288,0.827955,0.89833534,0.08153972,-0.43167675,0.087638944,0.9296094,0.35797453
1356626610908,0.43358412,-0.35215065,0.8294545,0.8977833,0.08975878,-0.43119425,0.077394485,0.93162936,0.35507298
1356626610948,0.44234753,-0.33527434,0.83181715,0.89460444,0.09945279,-0.43565106,0.063336104,0.9368565,0.34393066
1356626610988,0.45511377,-0.30997792,0.8347366,0.88910615,0.10703367,-0.44501036,0.04859847,0.9446997,0.32431573
1356626611028,0.46975052,-0.2780741,0.8378599,0.88207346,0.1093688,-0.4582411,0.03578919,0.95431304,0.2966578
1356626611068,0.48442578,-0.24164993,0.8407954,0.8744282,0.10453743,-0.47375864,0.026589125,0.96471614,0.26194614
1356626611109,0.4978235,-0.20290795,0.84320825,0.86700976,0.09223524,-0.48968038,0.021586537,0.9748441,0.22184001
1356626611148,0.5086912,-0.16428807,0.8451288,0.86071146,0.07398394,-0.5036885,0.020224094,0.98363394,0.17903961
1356626611188,0.5161502,-0.12791184,0.84689283,0.85623133,0.052383065,-0.51392984,0.021374911,0.99040115,0.13655967
1356626611228,0.51954734,-0.09536135,0.84910345,0.85409987,0.029858261,-0.5192512,0.024163753,0.99499476,0.0969609
1356626611268,0.51870775,-0.06752345,0.852281,0.8544822,0.007913262,-0.5194205,0.028328776,0.99768627,0.061802253
1356626611308,0.51378345,-0.044729292,0.8567531,0.8572572,-0.012478441,-0.51473725,0.03371477,0.9989213,0.031933278
1356626611348,0.50534725,-0.026750624,0.8625013,0.8620026,-0.030328572,-0.5059957,0.03969413,0.9991819,0.0077326745
1356626611388,0.49417552,-0.012962997,0.86926556,0.86817557,-0.044865817,-0.49422497,0.045406908,0.99890894,-0.01091747
1356626611428,0.48079142,-0.0026522875,0.87683094,0.8753812,-0.05610898,-0.48016617,0.050471693,0.9984211,-0.024654955
1356626611468,0.4652654,0.0048333704,0.88515806,0.8834586,-0.064710796,-0.46401873,0.055036515,0.9978924,-0.034377754
1356626611508,0.4474139,0.009982735,0.8942713,0.8923682,-0.07112959,-0.44566774,0.059160173,0.9974172,-0.040732622
1356626611548,0.42697126,0.012933373,0.90417266,0.90209556,-0.07531583,-0.42491302,0.06260297,0.9970758,-0.04382485
1356626611588,0.40382433,0.013459712,0.9147376,0.91248155,-0.077625334,-0.40168622,0.06560016,0.99689186,-0.043628782
1356626611628,0.3783719,0.011591911,0.9255811,0.92305785,-0.07955742,-0.37634405,0.06927428,0.9967629,-0.0408023
1356626611668,0.35202396,0.008216828,0.935955,0.9330455,-0.082349,-0.35020673,0.07419735,0.99656975,-0.036655515
1356626611708,0.32669127,0.0046860576,0.9451195,0.9418508,-0.08485603,-0.32514066,0.07867554,0.9963822,-0.03213525
1356626611748,0.303782,0.0020705462,0.95273936,0.9494284,-0.08398306,-0.30254376,0.079387546,0.9964651,-0.027478367
1356626611811,0.28408927,8.956194E-4,0.95879745,0.9559584,-0.07716799,-0.28317603,0.07373479,0.99701774,-0.02277881
1356626611828,0.2679642,0.0012262464,0.963428,0.9614797,-0.063917786,-0.267341,0.061252326,0.99795437,-0.018306702
1356626611868,0.25529146,0.0024055839,0.9668612,0.96589965,-0.04529065,-0.25492495,0.043176472,0.99897105,-0.013885915
1356626611908,0.24558365,0.002988547,0.96937084,0.96912897,-0.023307681,-0.2454505,0.021860182,0.9997239,-0.008620292
1356626611949,0.23888937,0.0015322864,0.9710455,0.9710467,-3.3453107E-4,-0.23888907,-4.1097403E-5,0.9999987,-0.001567781
1356626611988,0.23628685,-0.002410382,0.9716804,0.9714742,0.021337539,-0.23618376,-0.020164013,0.99976945,0.0073833764
1356626612028,0.2382462,-0.008970201,0.9711634,0.9704752,0.040951073,-0.23769912,-0.03763798,0.99912083,0.018461794
1356626612068,0.2447888,-0.018430054,0.96940124,0.96816564,0.05856201,-0.24336341,-0.052284867,0.99811363,0.03217873
1356626612108,0.25285593,-0.03290236,0.9669442,0.96540874,0.07431689,-0.24992561,-0.06363711,0.9966917,0.050555736
1356626612148,0.25866818,-0.055753976,0.9643559,0.96346927,0.08662778,-0.25342202,-0.06941074,0.99467945,0.076125085
1356626612188,0.25738856,-0.09064928,0.96204674,0.9640764,0.09171346,-0.24928984,-0.06563476,0.9916508,0.11099881
1356626612228,0.24585819,-0.13778096,0.9594635,0.9680297,0.08567858,-0.23574966,-0.049723715,0.98675007,0.15444076
1356626612268,0.22343606,-0.192723,0.95547587,0.9744483,0.067246616,-0.21430886,-0.022950292,0.9789462,0.2028239
1356626612308,0.19222635,-0.24811223,0.949468,0.9813018,0.038940787,-0.18849546,0.00979498,0.9679484,0.25095835
1356626612348,0.15609366,-0.29629636,0.9422544,0.98686683,0.006626725,-0.16140035,0.041578203,0.9550731,0.29343933
1356626612388,0.11893004,-0.3323328,0.9356338,0.99069446,-0.02309215,-0.13413113,0.06618205,0.9428794,0.32649395
1356626612428,0.08385974,-0.35409126,0.93144345,0.99329686,-0.04492134,-0.10650557,0.07955429,0.93413144,0.34795058
1356626612468,0.0532642,-0.36128977,0.9309311,0.99528587,-0.056458592,-0.07885772,0.08104947,0.9307428,0.3565794
1356626612508,0.029328287,-0.35443208,0.93462175,0.99684155,-0.058665097,-0.05352801,0.0738017,0.9332397,0.35159206
1356626612548,0.014454842,-0.33428332,0.9423617,0.997911,-0.054525197,-0.034648538,0.062964916,0.940894,0.33279687
1356626612588,0.010639727,-0.3024258,0.95311356,0.99853784,-0.04730767,-0.026157707,0.05300033,0.95199823,0.30148026
1356626612628,0.0184744,-0.26175585,0.9649573,0.99876046,-0.03978324,-0.029913217,0.04621917,0.96431375,0.26069647
1356626612668,0.036435485,-0.21640933,0.9756226,0.998417,-0.033976078,-0.04482326,0.04284805,0.97571135,0.21482885
1356626612708,0.0616917,-0.17031533,0.9834566,0.99721223,-0.030920804,-0.06790948,0.04197526,0.9849044,0.16793296
1356626612748,0.090614974,-0.1265189,0.98781675,0.99496514,-0.031143844,-0.09525961,0.04281658,0.99147516,0.12305987
1356626612808,0.11954737,-0.087005526,0.9890089,0.9917954,-0.034967124,-0.12296036,0.045280963,0.995594,0.08211139
1356626612828,0.14524442,-0.05312556,0.98796844,0.9881734,-0.04183197,-0.14752394,0.049165964,0.99771124,0.04642147
1356626612868,0.16557184,-0.02550596,0.9858678,0.9847432,-0.049998134,-0.16667643,0.053542793,0.9984236,0.01683852
1356626612908,0.17937228,-0.0043530464,0.9837717,0.9821184,-0.057324737,-0.17932451,0.05717507,0.9983461,-0.006007254
1356626612948,0.18642363,0.010555148,0.98241276,0.98066676,-0.06254628,-0.18542033,0.05948919,0.99798626,-0.02201116
1356626612988,0.18728885,0.01990652,0.9821031,0.98041797,-0.06572738,-0.18563524,0.060855716,0.99763906,-0.031826705
1356626613028,0.18294597,0.024589866,0.9828154,0.9811578,-0.06774366,-0.1809425,0.062130094,0.9973997,-0.036520004
1356626613068,0.17467535,0.025661916,0.9842916,0.98254275,-0.06953746,-0.17255202,0.06401712,0.99724925,-0.0373604
1356626613108,0.16400015,0.024071217,0.98616654,0.9841982,-0.071655095,-0.16192377,0.0667662,0.99713886,-0.035442263
1356626613148,0.1526517,0.021068424,0.98805547,0.9858302,-0.07359859,-0.1507386,0.06954363,0.9970654,-0.032004833
1356626613188,0.14219207,0.017568946,0.98968315,0.98735166,-0.073355615,-0.14055485,0.070129395,0.9971511,-0.027777314
1356626613228,0.1336256,0.013919383,0.99093413,0.9888321,-0.068457395,-0.13238052,0.06599414,0.9975569,-0.022911549
1356626613268,0.12752676,0.010056049,0.9917841,0.9902872,-0.0571357,-0.12675494,0.05539164,0.99831575,-0.017244697
1356626613308,0.12465155,0.0059432387,0.9921828,0.9914271,-0.040222645,-0.12431565,0.03916937,0.99917305,-0.0109061
1356626613348,0.12536961,0.0012331009,0.9921093,0.9919259,-0.019424975,-0.12532225,0.019117117,0.9998106,-0.0036584437
1356626613388,0.13031858,-0.004591733,0.9914615,0.99147,0.0026842952,-0.13030729,-0.0020630658,0.9999858,0.004902363
1356626613428,0.14018536,-0.011838049,0.9900545,0.9898803,0.023912847,-0.13987479,-0.022019148,0.9996439,0.015070498
1356626613468,0.155606,-0.020558208,0.9876052,0.98703957,0.042948574,-0.15462288,-0.03923747,0.9988657,0.026974827
1356626613508,0.17630956,-0.031142205,0.98384196,0.98290956,0.059334546,-0.17426428,-0.052948773,0.9977522,0.041071236
1356626613548,0.20011485,-0.04512769,0.9787326,0.9777693,0.07304257,-0.19655004,-0.0626193,0.9963074,0.05874136
1356626613588,0.22230324,-0.06565189,0.9727647,0.97267175,0.083512515,-0.21664572,-0.06701487,0.99434173,0.08242282
1356626613628,0.23630506,-0.09664926,0.9668603,0.9695939,0.08860427,-0.22811615,-0.06362069,0.99136686,0.11464813
1356626613668,0.2356576,-0.14058524,0.9616139,0.97056144,0.084708124,-0.22546622,-0.04975924,0.98643816,0.15640879
1356626613708,0.21720928,-0.19555697,0.95633554,0.9758011,0.06873852,-0.20757443,-0.025144488,0.97828037,0.20575538
1356626613748,0.18277079,-0.25494647,0.94952464,0.9831313,0.04060799,-0.17833641,0.0069079697,0.9661021,0.25806782
1356626613812,0.13860774,-0.30991203,0.94060755,0.9895205,0.0045337677,-0.14432174,0.040462554,0.95075446,0.30729267
1356626613828,0.09314126,-0.35268775,0.93109405,0.99327767,-0.031642675,-0.111347675,0.068733186,0.93520594,0.3473696
1356626613868,0.053720593,-0.37906379,0.9238099,0.9948204,-0.05963266,-0.08231878,0.08629331,0.92344713,0.37389684
1356626613908,0.024826944,-0.38816652,0.92125475,0.9955449,-0.074249566,-0.058113664,0.09096062,0.9185933,0.38459384
1356626613968,0.007775545,-0.3816154,0.9242885,0.9963547,-0.07556796,-0.039581925,0.08495167,0.921227,0.3796368
1356626613976,-0.00443244,-0.36719728,0.93013257,0.9971391,-0.07181072,-0.023597658,0.07545847,0.9273669,0.36646506
1356626614013,0.004932523,-0.3384896,0.9409573,0.998099,-0.056141734,-0.025427908,0.06143403,0.93929386,0.33756912
1356626614057,0.029327631,-0.29761332,0.9542359,0.9984694,-0.036060214,-0.041933805,0.04688999,0.95400524,0.29610026
1356626614096,0.0641129,-0.24972832,0.96619105,0.99732304,-0.01807797,-0.07085124,0.035160393,0.96814716,0.24790084
1356626614136,0.106894255,-0.19829509,0.974296,0.9938843,-0.005993247,-0.1102632,0.027703851,0.980124,0.19644177
1356626614176,0.15116972,-0.147942,0.9773745,0.9882024,-0.0019592047,-0.15314105,0.024570882,0.9889941,0.14590046
1356626614216,0.19114205,-0.102392465,0.9762072,0.98124385,-0.0054026544,-0.19269493,0.025004685,0.9947294,0.09943935
1356626614256,0.22275794,-0.063801736,0.97278374,0.974471,-0.014108658,-0.22406957,0.02802068,0.9978628,0.059030145
1356626614296,0.24378198,-0.033037424,0.9692672,0.9692761,-0.025474548,-0.24465245,0.03277439,0.99912935,0.025812179
1356626614336,0.25342014,-0.010157824,0.9673029,0.96658343,-0.037305087,-0.2536233,0.03866157,0.99925226,3.645122E-4
1356626614376,0.25207198,0.005377829,0.9676935,0.966657,-0.048003376,-0.25153512,0.045099914,0.99883264,-0.017298758
1356626614417,0.24119076,0.014571756,0.9703684,0.96911263,-0.05663237,-0.24002829,0.05145657,0.99828887,-0.02778092
1356626614456,0.222803,0.018607378,0.97468585,0.9731736,-0.06308937,-0.22125286,0.05737537,0.9978344,-0.032164693
1356626614496,0.19931147,0.018716902,0.9797574,0.9779097,-0.068066865,-0.19763532,0.0629898,0.9975053,-0.031870008
1356626614536,0.17343232,0.016135424,0.9847136,0.9824923,-0.071917266,-0.17186266,0.06804484,0.99728006,-0.028325737
1356626614577,0.14770404,0.011697471,0.9889624,0.98650247,-0.07320669,-0.14647076,0.07068536,0.9972482,-0.022352517
1356626614616,0.12459487,0.005912125,0.9921901,0.9898594,-0.069499195,-0.123888075,0.06822398,0.9975645,-0.014511436
1356626614656,0.106659204,-8.749068E-4,0.9942953,0.99254775,-0.059175342,-0.10652378,0.058930933,0.99824727,-0.005443245
1356626614696,0.09675768,-0.008184731,0.9952743,0.9943623,-0.042785436,-0.097020864,0.04337737,0.99905074,0.003998816
1356626614736,0.097221315,-0.015786827,0.9951375,0.9949793,-0.022318661,-0.09755981,0.023750365,0.99962616,0.013537765
1356626614777,0.10987157,-0.023585647,0.99366593,0.9939419,-1.6742945E-4,-0.10990608,0.0027585924,0.99972177,0.023424387
1356626614823,0.13478795,-0.03226906,0.99034894,0.99069124,0.023608536,-0.1340653,-0.019054562,0.99920034,0.035150826
1356626614853,0.1832453,-0.039055556,0.9822911,0.9823376,0.04576385,-0.18143448,-0.037867397,0.9981885,0.046751767
1356626614895,0.23291498,-0.046491593,0.9713851,0.97098243,0.06684327,-0.2296192,-0.054255128,0.9966797,0.060711354
1356626614936,0.2913124,-0.055477798,0.9550179,0.9542034,0.0878824,-0.28595874,-0.06806484,0.9945847,0.07853836
1356626614976,0.34929168,-0.068948865,0.9344739,0.9337535,0.10873759,-0.34099936,-0.07810092,0.99167645,0.102362365
1356626615016,0.39674422,-0.091519654,0.91335535,0.9143413,0.12729064,-0.38441765,-0.08107978,0.98763406,0.13418204
1356626615056,0.42305267,-0.12869403,0.89691937,0.90319324,0.13918626,-0.40604082,-0.072583884,0.98186815,0.17511868
1356626615096,0.421713,-0.18243477,0.88818675,0.90532887,0.13914001,-0.40127257,-0.050376236,0.973323,0.22384061
1356626615136,0.39498413,-0.24664417,0.88496,0.91852415,0.124218166,-0.3753444,-0.017351687,0.96111214,0.27561277
1356626615176,0.35466856,-0.30867112,0.88257146,0.9348073,0.098297596,-0.34128132,0.01858902,0.94607604,0.32341105
1356626615216,0.31704867,-0.35652098,0.87884754,0.9471829,0.07191968,-0.3125254,0.04821539,0.9315151,0.36049256
1356626615256,0.2967564,-0.3835607,0.8745381,0.9527234,0.056367755,-0.29856482,0.065221965,0.92179394,0.3821547
1356626615296,0.30342865,-0.38793594,0.8703084,0.95039815,0.05768013,-0.3056409,0.06836957,0.9198797,0.38619542
1356626615336,0.34066015,-0.3702214,0.8642261,0.93821764,0.07440537,-0.33795196,0.060814023,0.92595893,0.3726952
1356626615376,0.40566447,-0.3323204,0.85146904,0.9127888,0.09891662,-0.39627278,0.047465056,0.93796515,0.34346527
1356626615421,0.48880363,-0.27844635,0.8267639,0.8717773,0.1202814,-0.474907,0.032791853,0.9528903,0.30153725
1356626615456,0.57395804,-0.21751401,0.7894681,0.8186364,0.12867025,-0.5597127,0.020164311,0.9675389,0.25191623
1356626615496,0.64849854,-0.15876198,0.7444757,0.7611305,0.1205965,-0.6372886,0.01139608,0.97992396,0.19904527
1356626615536,0.7058935,-0.109360576,0.6998247,0.708281,0.09888308,-0.6989708,0.007239014,0.9890715,0.14725894
1356626615576,0.7459683,-0.07214826,0.6620619,0.6659366,0.06926882,-0.74278545,0.007730454,0.9949857,0.09971852
1356626615616,0.77177095,-0.046405286,0.6342051,0.6357838,0.03719613,-0.7709704,0.012187153,0.9982299,0.058210634
1356626615656,0.78709257,-0.029499948,0.61612904,0.6165405,0.006767273,-0.7872941,0.019055635,0.9995418,0.023514397
1356626615696,0.7953304,-0.018264234,0.605901,0.6056129,-0.019141644,-0.7955292,0.026127666,0.99964994,-0.0041628703
1356626615736,0.7990276,-0.010003716,0.6012111,0.60047615,-0.038867973,-0.79869753,0.031357795,0.9991943,-0.025049597
1356626615776,0.7995204,-0.0032191873,0.6006304,0.5996925,-0.05183643,-0.7985499,0.033705205,0.99865043,-0.039513767
1356626615815,0.7966831,0.0020942986,0.60439366,0.6034672,-0.05821207,-0.79526013,0.03351748,0.99830204,-0.047640413
1356626615857,0.78897953,0.004782766,0.61440086,0.61354554,-0.059447937,-0.7874184,0.032758832,0.9982199,-0.04983765
1356626615896,0.77469134,0.003467232,0.63233006,0.6314254,-0.05799266,-0.77326506,0.0339894,0.998311,-0.047115713
1356626615936,0.7529632,-0.002137214,0.6580591,0.65692556,-0.05631861,-0.751849,0.038667887,0.9984105,-0.041001827
1356626615976,0.72577894,-0.0101794,0.68785274,0.68643296,-0.055168927,-0.7250974,0.045329124,0.9984251,-0.03305298
1356626616016,0.6984097,-0.017393619,0.7154868,0.7139379,-0.053140447,-0.6981896,0.050165355,0.9984355,-0.024695829
1356626616057,0.677443,-0.020715296,0.7352835,0.73391974,-0.0479922,-0.6775386,0.04932329,0.99863285,-0.017308637
1356626616096,0.66754454,-0.018864095,0.7443309,0.74344414,-0.038064003,-0.667714,0.040928036,0.9990972,-0.011385024
1356626616136,0.6692631,-0.012984037,0.74291205,0.74257284,-0.023206264,-0.66936314,0.02593121,0.9996464,-0.005889505
1356626616178,0.6799406,-0.005736649,0.7332448,0.7332298,-0.0047837794,-0.6799641,0.0074083805,0.99997216,9.535849E-4
1356626616218,0.6963975,4.349351E-4,0.71765614,0.7175661,0.015436396,-0.69631934,-0.011380881,0.9998808,0.010437787
1356626616258,0.7164989,0.0042951405,0.697575,0.697003,0.036542833,-0.71613646,-0.028567284,0.9993229,0.023189172
1356626616298,0.7388981,0.005718857,0.67379296,0.67238283,0.058955364,-0.73785216,-0.043943435,0.99824435,0.039716735
1356626616338,0.7616047,0.0044300556,0.6480267,0.6454584,0.08401525,-0.75916064,-0.057807237,0.9964546,0.061127007
1356626616378,0.7811342,-0.0020186603,0.62435997,0.62055147,0.11283935,-0.7760047,-0.06888589,0.9936112,0.08939534
1356626616418,0.7925644,-0.01966402,0.6094711,0.60538137,0.14531687,-0.7825576,-0.07317823,0.98918974,0.12707719
1356626616458,0.79098123,-0.056058943,0.6092669,0.6083116,0.1788497,-0.7732851,-0.06561765,0.98227805,0.17556804
1356626616498,0.77319324,-0.11392227,0.62385416,0.63261783,0.20735306,-0.7461901,-0.044350475,0.9716103,0.2323932
1356626616538,0.74020225,-0.18538918,0.6463215,0.6722426,0.22377837,-0.7057004,-0.013803482,0.9568459,0.29026777
1356626616578,0.7003109,-0.25292835,0.6675267,0.71365047,0.22663754,-0.66282606,0.016360968,0.940565,0.3392192
1356626616625,0.6651439,-0.301293,0.6832322,0.7457584,0.22173184,-0.6282352,0.03778848,0.92739296,0.37217534
1356626616657,0.64307445,-0.32433596,0.6937301,0.76431894,0.21544665,-0.6077823,0.047663778,0.9210803,0.38644433
1356626616693,0.634922,-0.32442868,0.7011562,0.77105796,0.20923045,-0.6014086,0.048410952,0.9224796,0.38299835
1356626616723,0.6318239,-0.31407386,0.7086298,0.7737554,0.20149934,-0.60058355,0.04583919,0.9277692,0.37032843
1356626616753,0.6362437,-0.29412967,0.71321917,0.7703685,0.1924302,-0.60786736,0.041547,0.93619347,0.3490208
1356626616805,0.65298647,-0.25847453,0.7118986,0.7565349,0.17848484,-0.6291251,0.03554964,0.94938624,0.31209314
1356626616826,0.6666506,-0.22229528,0.7114505,0.7447701,0.16035877,-0.6477673,0.0299083,0.9617015,0.27246216
1356626616867,0.6838011,-0.18076065,0.706924,0.7292539,0.13664894,-0.6704594,0.02459228,0.97398794,0.22526112
1356626616908,0.69719493,-0.14024922,0.70302874,0.7165885,0.108298466,-0.6890372,0.020500004,0.98417556,0.17600611
1356626616948,0.70523554,-0.10430992,0.70125765,0.7087309,0.07787047,-0.7011682,0.018531501,0.9914917,0.12884468
1356626616988,0.7075711,-0.07455155,0.7026985,0.706388,0.047954217,-0.7061986,0.01895082,0.9960635,0.08659333
1356626617028,0.70499146,-0.0506472,0.7074051,0.70890903,0.020989776,-0.7049875,0.020857364,0.99849606,0.050701857
1356626617068,0.6987598,-0.031234354,0.7146741,0.71499264,-0.0013577193,-0.69913065,0.02280724,0.9995111,0.021383613
1356626617108,0.68968344,-0.015393734,0.72394735,0.72370344,-0.018884465,-0.6898526,0.02429074,0.99970317,-0.0018838048
1356626617148,0.6777067,-0.0033346415,0.73532474,0.7348653,-0.03256093,-0.677431,0.026201844,0.99946415,-0.019616246
1356626617188,0.66217715,0.0041742623,0.7493357,0.74875677,-0.043377236,-0.6614239,0.029743195,0.99905,-0.031848893
1356626617228,0.6426313,0.006629348,0.7661469,0.76535565,-0.051804647,-0.6415194,0.035437077,0.9986353,-0.038365126
1356626617269,0.61912274,0.00419572,0.78528297,0.7841034,-0.058350414,-0.61788106,0.043229163,0.9982873,-0.039415926
1356626617308,0.59246165,-0.0022181273,0.80559564,0.803853,-0.064169005,-0.5913567,0.053005964,0.99793655,-0.036234617
1356626617348,0.5647842,-0.010392249,0.8251732,0.82277685,-0.070086494,-0.5640267,0.06369501,0.9974868,-0.031033233
1356626617388,0.5390241,-0.017724633,0.84210384,0.8391521,-0.074923396,-0.53871167,0.07264173,0.9970318,-0.025511876
1356626617428,0.5177851,-0.02187848,0.8552309,0.8521233,-0.075683326,-0.5178397,0.07605621,0.9968919,-0.020544589
1356626617468,0.502499,-0.021803647,0.86430275,0.8616351,-0.06978047,-0.5027083,0.07127234,0.997324,-0.01627779
1356626617508,0.49317965,-0.017954946,0.86974216,0.86799324,-0.05647716,-0.49335384,0.05797875,0.9982424,-0.012268588
1356626617548,0.48896044,-0.011976302,0.87222373,0.8714807,-0.036777973,-0.48904893,0.037935615,0.9992517,-0.0075458735
1356626617588,0.48887265,-0.00608474,0.87233394,0.8722311,-0.013452172,-0.48890892,0.0147096515,0.99989104,-0.0012690872
1356626617628,0.49275398,-0.0017699897,0.8701669,0.8701246,0.011073172,-0.49270752,-0.008763403,0.9999372,0.006996453
1356626617668,0.5012245,3.848672E-4,0.8653172,0.8647817,0.0349548,-0.50092995,-0.030439764,0.9993888,0.017187387
1356626617708,0.5142543,3.427267E-5,0.85763776,0.8562098,0.05766131,-0.5134004,-0.049470156,0.99833626,0.02962321
1356626617748,0.53049046,-0.0038412213,0.84768224,0.8451736,0.07940501,-0.5285607,-0.06527993,0.99683505,0.045370102
1356626617818,0.5458841,-0.014227152,0.83773994,0.8343495,0.100671515,-0.5419652,-0.076626,0.99481803,0.066825345
1356626617827,0.555514,-0.035679936,0.8307413,0.82756317,0.120917246,-0.5481954,-0.0808914,0.99202114,0.0966986
1356626617867,0.55430275,-0.072209805,0.82917684,0.82891273,0.13787983,-0.5421188,-0.07518053,0.98781323,0.13628276
1356626617906,0.5385137,-0.12448302,0.83337086,0.8405913,0.14789926,-0.52108735,-0.058388412,0.981137,0.1842851
1356626617946,0.5071138,-0.18854114,0.841004,0.8612795,0.14724779,-0.4863288,-0.032143027,0.9709636,0.23705803
1356626617986,0.46427333,-0.25466385,0.8482904,0.88569033,0.13534766,-0.44410992,-0.0017153621,0.95751095,0.28839165
1356626618028,0.41844693,-0.31154975,0.85313475,0.9078752,0.116814524,-0.40263754,0.025783092,0.9430223,0.33172897
1356626618068,0.37974787,-0.35042927,0.85614884,0.92403543,0.099508405,-0.3691295,0.0441598,0.931288,0.36159718
1356626618108,0.35610712,-0.36731526,0.8592248,0.93305695,0.08967042,-0.34837326,0.050915778,0.92576385,0.37465835
1356626618148,0.34973386,-0.3634662,0.8634689,0.9356058,0.088036746,-0.34189373,0.04824981,0.9274383,0.3708505
1356626618188,0.3604557,-0.34147567,0.86802423,0.9319138,0.091825604,-0.3508628,0.04010424,0.9353942,0.35132498
1356626618228,0.3845102,-0.3056135,0.8710638,0.9226105,0.09586099,-0.3736313,0.030685753,0.9473178,0.3188218
1356626618268,0.41727895,-0.2604874,0.87064606,0.90849054,0.09545654,-0.40685737,0.022872388,0.96074677,0.27648234
1356626618308,0.45221174,-0.21232948,0.8662683,0.8917335,0.0882805,-0.44386697,0.017771482,0.97320235,0.2292628
1356626618348,0.4854682,-0.16533256,0.8584788,0.8741238,0.0748288,-0.4799044,0.01510486,0.9833951,0.18084814
1356626618387,0.5137159,-0.122903645,0.8491117,0.85784465,0.057328343,-0.5107014,0.014088929,0.9907614,0.13488273
1356626618428,0.5492227,-0.0860776,0.8312311,0.8355534,0.03952539,-0.5479857,0.014314562,0.99550414,0.09363067
1356626618468,0.55350614,-0.057273746,0.83087337,0.83269644,0.019211143,-0.5533964,0.015733093,0.99817365,0.05832514
1356626618509,0.5561968,-0.034838945,0.83032006,0.8308499,0.0013540387,-0.55649495,0.0182634,0.99939203,0.029699042
1356626618548,0.5554565,-0.018561035,0.8313384,0.83125925,-0.013841212,-0.5557127,0.02182129,0.9997319,0.0077408105
1356626618588,0.55126166,-0.0072758794,0.8343007,0.8339207,-0.026605248,-0.5512426,0.026207566,0.9996195,-0.008598939
1356626618628,0.54464364,5.3179264E-4,0.83866745,0.838095,-0.03729172,-0.5442483,0.030985892,0.99930435,-0.020756423
1356626618668,0.53651375,0.0060486495,0.8438699,0.8431498,-0.045762315,-0.5357279,0.035376936,0.9989341,-0.029652074
1356626618708,0.5272081,0.00958243,0.8496822,0.84883535,-0.05197169,-0.5260965,0.03911814,0.99860257,-0.035533786
1356626618748,0.51652384,0.0108624995,0.8562039,0.8551978,-0.05663541,-0.51519823,0.04289511,0.99833584,-0.03854312
1356626618818,0.5046513,0.009941936,0.863266,0.86202854,-0.06054592,-0.50323063,0.04726413,0.99811596,-0.03912483
1356626618828,0.49265328,0.00750491,0.87019336,0.86871624,-0.0631136,-0.49127272,0.051234066,0.9979782,-0.037612766
1356626618865,0.48246416,0.0048772693,0.8759021,0.87435573,-0.0623354,-0.48126528,0.05225247,0.9980433,-0.034339055
1356626618907,0.4760235,0.0032421649,0.8794266,0.87811756,-0.056418,-0.47510687,0.04807511,0.998402,-0.02970329
1356626618946,0.47471407,0.0032356381,0.8801341,0.87932146,-0.04486218,-0.47411084,0.037950695,0.9989879,-0.024141848
1356626618986,0.4788424,0.0045086443,0.8778893,0.8776089,-0.028249532,-0.47854435,0.022642344,0.99959075,-0.01748389
1356626619026,0.48783332,0.0058459938,0.8729173,0.8729274,-0.007906675,-0.48778614,0.004050225,0.9999517,-0.008960307
1356626619066,0.50123715,0.006108582,0.8652884,0.8651707,0.014399931,-0.50127065,-0.015522152,0.9998777,0.0019327998
1356626619106,0.51911926,0.004822314,0.85468817,0.85401833,0.03705509,-0.5189215,-0.034172893,0.99930155,0.015117705
1356626619146,0.5413021,0.001801014,0.8408263,0.83928645,0.059372112,-0.5404379,-0.050894946,0.9982342,0.0306267
1356626619188,0.5662817,-0.0037218332,0.8242034,0.8216157,0.0818554,-0.564134,-0.06536585,0.9966372,0.049411163
1356626619228,0.5904389,-0.0142757,0.80695605,0.8034171,0.10557549,-0.5859818,-0.07682946,0.99430877,0.07380523
1356626619268,0.60914135,-0.034013808,0.79233193,0.7887129,0.13046622,-0.60075825,-0.08293849,0.9908691,0.106299505
1356626619308,0.6158888,-0.069217324,0.7847865,0.78379047,0.15461601,-0.6014701,-0.0797084,0.98554695,0.14947815
1356626619348,0.6065216,-0.12335932,0.7854388,0.7924799,0.17342952,-0.5847203,-0.06408757,0.97708994,0.20294851
1356626619388,0.5804194,-0.19317308,0.79107356,0.81348014,0.18159434,-0.5525156,-0.03692332,0.9642135,0.26254338
1356626619428,0.54537976,-0.26460212,0.795328,0.83817106,0.17838532,-0.5154105,-0.0054961443,0.94771534,0.31906956
1356626619468,0.5146139,-0.32087517,0.7951173,0.8571725,0.17016089,-0.48610747,0.020681977,0.93171036,0.36261255
1356626619508,0.49879527,-0.35235667,0.7918637,0.8659744,0.16472268,-0.47218075,0.035938174,0.92125523,0.38729477
1356626619548,0.50109285,-0.3581849,0.7877878,0.864445,0.16456294,-0.4750306,0.04050806,0.9190336,0.3920924
1356626619588,0.5174182,-0.343482,0.783772,0.8548516,0.16592109,-0.49162883,0.03882137,0.92438644,0.37947673
1356626619628,0.542428,-0.3138707,0.77926695,0.8393475,0.16316167,-0.5185308,0.035605103,0.9353414,0.35195002
1356626619668,0.5699806,-0.2756985,0.77402353,0.82095575,0.15214434,-0.55034876,0.033967048,0.9491272,0.3130556
1356626619708,0.59578073,-0.2341981,0.76824254,0.8024099,0.13259414,-0.5818566,0.03440529,0.96310437,0.2669199
1356626619748,0.61766434,-0.19274619,0.76245636,0.7856388,0.10742606,-0.6092875,0.03553015,0.9753505,0.21778212
1356626619827,0.63488287,-0.15313858,0.7572795,0.7717816,0.080373645,-0.63078773,0.035732627,0.98493075,0.16921741
1356626619828,0.6473514,-0.116175175,0.7532858,0.76141,0.053820193,-0.64603263,0.03451097,0.9917695,0.12329751
1356626619865,0.6532523,-0.08436301,0.7524257,0.7564224,0.029453263,-0.65342,0.032963067,0.9959997,0.08305448
1356626619906,0.65335244,-0.058592737,0.75478303,0.7563592,0.007819712,-0.6541097,0.032423913,0.9982513,0.049426213
1356626619946,0.6471979,-0.039384753,0.76130396,0.76157,-0.010943115,-0.6479902,0.03385198,0.9991642,0.022911906
1356626619986,0.63567215,-0.025992393,0.77152145,0.7710581,-0.026895449,-0.63619655,0.03728667,0.9993003,0.0029449612
1356626620026,0.6201017,-0.016811222,0.78434134,0.7834096,-0.039938465,-0.6202211,0.04175207,0.9990607,-0.01159583
1356626620066,0.6016393,-0.010239452,0.7987023,0.79745793,-0.0495425,-0.6013371,0.045727074,0.9987196,-0.021641195
1356626620106,0.5807434,-0.0053893924,0.81406885,0.81265354,-0.055471405,-0.580101,0.048283935,0.99844575,-0.027834937
1356626620146,0.55745095,-0.0021474063,0.83020705,0.8287102,-0.05863808,-0.5565976,0.049876988,0.99827695,-0.030908272
1356626620186,0.53220403,-2.8419495E-4,0.8466161,0.84507585,-0.0601155,-0.5312561,0.051045716,0.9981915,-0.03175357
1356626620226,0.5066621,0.0011657476,0.86214393,0.86066383,-0.059271157,-0.5057121,0.050510705,0.99824125,-0.03103377
1356626620266,0.48303443,0.0034199357,0.8755947,0.87440735,-0.054089367,-0.4821682,0.045711398,0.99853027,-0.02911745
1356626620306,0.46282026,0.0070623457,0.886424,0.88576174,-0.043142825,-0.46213076,0.034979105,0.99904394,-0.026222944
1356626620346,0.44621915,0.011532307,0.8948494,0.8947322,-0.026436388,-0.44581997,0.01851523,0.99958396,-0.022114754
1356626620386,0.43230537,0.015223563,0.90159875,0.9017257,-0.0054445565,-0.43227422,-0.0016719103,0.9998692,-0.016081154
1356626620426,0.42022127,0.016412646,0.9072733,0.90713775,0.017411113,-0.42047352,-0.022697717,0.9997137,-0.0075719953
1356626620466,0.4099962,0.014125019,0.9119779,0.9111209,0.039673388,-0.41022536,-0.041975677,0.99911284,0.003396362
1356626620506,0.40217185,0.007990301,0.9155294,0.9137178,0.05997169,-0.40189946,-0.05811712,0.9981681,0.016818047
1356626620546,0.39670944,-0.0026519895,0.9179405,0.9151978,0.078440666,-0.3952975,-0.070955545,0.9969152,0.033545226
1356626620586,0.39209127,-0.019591331,0.91971767,0.9164,0.0957731,-0.38863683,-0.08047032,0.9952104,0.055505276
1356626620626,0.3850978,-0.04599482,0.92172897,0.9189278,0.11139476,-0.3783689,-0.08527282,0.99271137,0.08516377
1356626620666,0.3712855,-0.085507154,0.9245732,0.9248651,0.122304976,-0.3600916,-0.08228946,0.9888023,0.124492645
1356626620706,0.34608856,-0.14017725,0.9276707,0.9357027,0.12369338,-0.33039415,-0.06843296,0.98236966,0.17397311
1356626620746,0.30770323,-0.20650774,0.9288021,0.950473,0.11166462,-0.29005542,-0.043815672,0.97205234,0.2306396
1356626620817,0.2589487,-0.27512378,0.92587924,0.96580476,0.08656344,-0.24439275,-0.012908965,0.9575038,0.28813142
1356626620830,0.20716047,-0.33408114,0.9194968,0.97816324,0.054623723,-0.20053148,0.016767412,0.94096017,0.33810177
1356626620868,0.16122031,-0.3734925,0.9135159,0.98621356,0.025990725,-0.16342387,0.037294686,0.927269,0.37253356
1356626620908,0.12773556,-0.39122784,0.911386,0.99075747,0.008042812,-0.13540742,0.04564503,0.92025876,0.38863915
1356626620948,0.107816756,-0.38923734,0.914806,0.99322945,0.0021374822,-0.11615011,0.043254524,0.92113507,0.38683236
1356626620988,0.10119426,-0.37068152,0.9232307,0.9942734,0.0056387186,-0.10671717,0.034352243,0.92874295,0.3691294
1356626621028,0.107047975,-0.338509,0.9348542,0.9939735,0.014106929,-0.108709455,0.023611188,0.9408574,0.33797908
1356626621068,0.123793185,-0.29550117,0.9472879,0.99219674,0.02256316,-0.1226235,0.014861554,0.9550759,0.29598844
1356626621108,0.14727914,-0.24651751,0.95788205,0.98904073,0.02656585,-0.14523306,0.010355502,0.9687742,0.2477285
1356626621148,0.17370349,-0.1957581,0.9651456,0.98474073,0.023952127,-0.17237204,0.010625929,0.98035973,0.19693154
1356626621188,0.19922727,-0.14727288,0.9688236,0.9798414,0.014999986,-0.19921273,0.01480633,0.98898214,0.14729252
1356626621228,0.22123736,-0.10373783,0.9696868,0.9749888,0.0018797517,-0.22224596,0.021232545,0.9946029,0.10155907
1356626621268,0.23810002,-0.06673494,0.9689452,0.97084403,-0.012155205,-0.23940387,0.027754307,0.99769676,0.061895043
1356626621308,0.24920908,-0.03673005,0.96775293,0.9679016,-0.024167925,-0.2501646,0.032577157,0.99903286,0.0295282
1356626621348,0.25449938,-0.013461918,0.96697927,0.9664477,-0.032410324,-0.25481066,0.03477037,0.9993839,0.004761815
1356626621388,0.2544506,0.0040795207,0.96707714,0.96647125,-0.036715597,-0.2541363,0.03447005,0.9993174,-0.013285071
1356626621428,0.25002328,0.017082512,0.9680891,0.9677053,-0.0376257,-0.24926022,0.032167107,0.99914587,-0.025938064
1356626621468,0.2417419,0.026071787,0.96999025,0.9699149,-0.036099255,-0.24075276,0.028739125,0.999008,-0.034014076
1356626621508,0.23011759,0.030966341,0.97267,0.9728208,-0.033816546,-0.22907662,0.025798678,0.9989482,-0.037906438
1356626621548,0.21614382,0.032025963,0.97583616,0.97603583,-0.03290084,-0.21510819,0.025216818,0.99894536,-0.038369775
1356626621588,0.20140535,0.030309469,0.97903883,0.9791335,-0.033866644,-0.20037633,0.027083486,0.99896663,-0.03649789
1356626621628,0.18753281,0.026724786,0.98189473,0.98183155,-0.034563214,-0.18657997,0.028951198,0.99904513,-0.032720894
1356626621668,0.17574218,0.022105306,0.98418796,0.9840578,-0.031662196,-0.17500779,0.027292937,0.9992541,-0.027317256
1356626621708,0.16689894,0.01720965,0.9858238,0.9857731,-0.023099631,-0.1664871,0.019906938,0.99958503,-0.020820111
1356626621781,0.16096273,0.011667848,0.9868915,0.986956,-0.004919201,-0.16091508,0.0029771626,0.99991983,-0.012307495
1356626621788,0.15968093,0.006520301,0.9871471,0.9870746,0.012745649,-0.15975335,-0.013623446,0.9998975,-0.0044007897
1356626621824,0.15953422,3.965497E-4,0.9871923,0.9866807,0.032128096,-0.15946445,-0.031779796,0.9994836,0.0047343075
1356626621864,0.16249752,-0.0070082247,0.986684,0.98547304,0.051187694,-0.16193444,-0.049371183,0.99866444,0.015224278
1356626621907,0.16841367,-0.015990704,0.98558664,0.98357666,0.068571,-0.16695762,-0.064912885,0.99751806,0.027276367
1356626621946,0.17703119,-0.027038783,0.9838338,0.9811424,0.08364925,-0.17424801,-0.07758549,0.99612844,0.04133743
1356626621986,0.18649909,-0.04211113,0.9815522,0.9786247,0.09609911,-0.18181989,-0.086669624,0.9944805,0.05913341
1356626622026,0.1939818,-0.06453708,0.97888,0.9768349,0.104616255,-0.18667918,-0.09035903,0.99241644,0.0833357
1356626622066,0.19515371,-0.09839806,0.97582424,0.97703075,0.10633415,-0.18467271,-0.08559203,0.98944986,0.11688939
1356626622106,0.18576023,-0.14595848,0.971694,0.98010975,0.09781459,-0.17267641,-0.06984231,0.9844432,0.16122541
1356626622146,0.16386813,-0.20467624,0.9650154,0.9855151,0.07727063,-0.15096036,-0.043669313,0.975775,0.2143738
1356626622186,0.13153279,-0.2666494,0.954776,0.9912417,0.046836615,-0.12347588,-0.011793673,0.9626548,0.27047455
1356626622227,0.09389168,-0.32251212,0.94189715,0.99540615,0.012608349,-0.094908446,0.018733352,0.94648135,0.32221434
1356626622266,0.057265043,-0.36477304,0.92933387,0.99752164,-0.017213225,-0.06822312,0.040882766,0.9309374,0.3628832
1356626622306,0.027234614,-0.38938183,0.9206737,0.99835783,-0.03583914,-0.044690102,0.050397664,0.9203789,0.38776636
1356626622346,0.0074937344,-0.39547178,0.9184476,0.9988347,-0.04083073,-0.025730878,0.047676742,0.9175701,0.39470497
1356626622386,3.273487E-4,-0.38375723,0.9234339,0.99933076,-0.033650815,-0.014338672,0.036576897,0.9228206,0.3834894
1356626622426,0.0063922405,-0.35611546,0.9344201,0.9997325,-0.018494844,-0.013887525,0.022227556,0.9342589,0.355902
1356626622468,0.025123894,-0.31524318,0.94867826,0.9996446,-5.3972006E-4,-0.026653022,0.008914262,0.9490107,0.31511763
