1356012505928,-0.8786308,-0.061255142,-0.47355646,-0.4767477,0.05682355,0.8772017,-0.026823953,0.99650335,-0.07913017
1356012506089,0.14744487,-0.081469536,-0.9857092,-0.98870504,-0.039219826,-0.14465141,-0.026874661,0.99590385,-0.08633208
1356012506146,0.18693727,-0.08490971,-0.9786955,-0.98200345,-0.043435216,-0.18380079,-0.02690342,0.99544144,-0.091501266
1356012506182,0.21673962,-0.0879603,-0.9722587,-0.9758586,-0.04697135,-0.21329272,-0.026906997,0.995016,-0.09601736
1356012506225,0.2447291,-0.09049678,-0.96535903,-0.96922016,-0.0503875,-0.24098441,-0.026833713,0.9946213,-0.10004255
1356012506263,0.2736632,-0.09210774,-0.9574051,-0.9614582,-0.053703457,-0.26965505,-0.026578724,0.9942997,-0.10325438
1356012506304,0.30232656,-0.092695355,-0.9486866,-0.95285416,-0.056368053,-0.29814705,-0.025838792,0.9940977,-0.10536674
1356012506341,0.3310662,-0.092395246,-0.93907315,-0.94328505,-0.058423817,-0.32680276,-0.02466923,0.994007,-0.1064972
1356012506384,0.35585105,-0.091629505,-0.9300399,-0.93426216,-0.059264004,-0.3516278,-0.022898346,0.9940281,-0.106695145
1356012506423,0.37644365,-0.09083381,-0.92197585,-0.9262086,-0.05911985,-0.37234738,-0.020685345,0.99410975,-0.10638633
1356012506460,0.39231065,-0.090563804,-0.91536355,-0.9196471,-0.058611423,-0.3883476,-0.01848057,0.99416435,-0.106280625
1356012506505,0.4036404,-0.09141046,-0.9103398,-0.9147672,-0.058368802,-0.39974245,-0.016594827,0.99410117,-0.107179284
1356012506542,0.41040695,-0.093618065,-0.9070842,-0.9117733,-0.05887133,-0.4064525,-0.015349925,0.9938661,-0.10951969
1356012506588,0.41431522,-0.09791574,-0.9048511,-0.9100107,-0.060899794,-0.41008765,-0.01495114,0.9933297,-0.1143361
1356012506626,0.4146873,-0.10361302,-0.9040457,-0.90983784,-0.06375119,-0.41003755,-0.015148789,0.9925724,-0.12070784
1356012506664,0.41422862,-0.1110166,-0.903377,-0.9100311,-0.06803256,-0.40891925,-0.0160622,0.99148726,-0.12920964
1356012506702,0.41158938,-0.11864251,-0.9036139,-0.9112018,-0.07258904,-0.4055148,-0.017481178,0.99028015,-0.13798416
1356012506741,0.40804547,-0.12555242,-0.9042872,-0.91274977,-0.07743794,-0.40111247,-0.01966551,0.98906016,-0.14619613
1356012506783,0.4031946,-0.13044304,-0.9057697,-0.91482943,-0.082147956,-0.395397,-0.022830367,0.9880467,-0.1524547
1356012506820,0.39754128,-0.13237685,-0.9079853,-0.917183,-0.08659077,-0.38894403,-0.027135938,0.98740995,-0.15583718
1356012506862,0.39181852,-0.13081077,-0.91069573,-0.91945136,-0.09115195,-0.38249266,-0.03297758,0.9872081,-0.15598914
1356012506901,0.38692588,-0.12575868,-0.91349506,-0.9212171,-0.09632552,-0.37693578,-0.0405899,0.9873734,-0.15312189
1356012506978,0.3834871,-0.11770412,-0.9160149,-0.9221983,-0.10237068,-0.3729215,-0.049878687,0.98775804,-0.14780435
1356012506982,0.3810506,-0.10702041,-0.9183393,-0.922547,-0.109428704,-0.37004396,-0.060890436,0.9882165,-0.1404292
1356012507020,0.3799925,-0.095552474,-0.92004097,-0.9221574,-0.11690846,-0.36872485,-0.07232806,0.9885353,-0.13253874
1356012507062,0.37824872,-0.08434439,-0.92185354,-0.92189467,-0.12457207,-0.36686796,-0.083893895,0.98861915,-0.12487587
1356012507103,0.37446344,-0.07401246,-0.92428315,-0.92229825,-0.13252336,-0.36304742,-0.09561911,0.9884127,-0.11788669
1356012507139,0.36790296,-0.06570369,-0.92754,-0.9237789,-0.13975814,-0.3565112,-0.10620719,0.9880034,-0.11211312
1356012507182,0.3590024,-0.059266895,-0.93145305,-0.92617846,-0.14598477,-0.34768072,-0.115372,0.98750997,-0.10730058
1356012507222,0.34754354,-0.054498702,-0.9360788,-0.9295932,-0.15072608,-0.3363603,-0.12276021,0.9870722,-0.10304555
1356012507261,0.33479834,-0.05094686,-0.94091153,-0.93348753,-0.1540981,-0.32381284,-0.12849548,0.9867412,-0.09915
1356012507303,0.32234162,-0.048102587,-0.9454004,-0.9371897,-0.15685987,-0.31156096,-0.13330859,0.98644865,-0.09564367
1356012507342,0.3114216,-0.04509589,-0.9492012,-0.940194,-0.15970972,-0.30087873,-0.13802823,0.98613346,-0.092135936
1356012507381,0.30214524,-0.040221035,-0.95241296,-0.94253767,-0.1620493,-0.29216892,-0.14258659,0.98596257,-0.08687222
1356012507422,0.29402104,-0.03168419,-0.9552736,-0.9447284,-0.16130927,-0.28542513,-0.14505103,0.9863952,-0.077361256
1356012507463,0.2861523,-0.018324852,-0.958009,-0.9475909,-0.15367186,-0.280101,-0.14208618,0.98795205,-0.061338037
1356012507502,0.2802231,-0.0028698444,-0.9599306,-0.9506726,-0.13940957,-0.27710372,-0.13302833,0.9902306,-0.04179403
1356012507544,0.27439556,0.013564646,-0.96152127,-0.9546759,-0.116078585,-0.27407974,-0.11532977,0.99314743,-0.018901616
1356012507582,0.26911017,0.02705434,-0.9627293,-0.9584018,-0.09118959,-0.27046314,-0.09510809,0.995466,0.0013888776
1356012507621,0.26284438,0.036059886,-0.96416414,-0.9620384,-0.06627911,-0.26474372,-0.073450536,0.99714935,0.01726988
1356012507661,0.2526248,0.03922862,-0.96676874,-0.9661433,-0.04390478,-0.25424293,-0.052419394,0.99826527,0.026809037
1356012507704,0.23683122,0.035536677,-0.97090065,-0.97099626,-0.025101215,-0.23777327,-0.032820493,0.999053,0.028561324
1356012507742,0.21468586,0.023690194,-0.9763957,-0.976568,-0.010142028,-0.21496978,-0.014995307,0.9996679,0.020957708
1356012507782,0.18568134,0.0032253861,-0.98260474,-0.98261,9.7346306E-4,-0.18567911,3.5771728E-4,0.9999944,0.0033499897
1356012507825,0.15670326,-0.029921532,-0.9871924,-0.9875686,0.007741004,-0.15699762,0.012339443,0.99952227,-0.028336525
1356012507862,0.12567264,-0.07252824,-0.98941696,-0.9918685,0.01099956,-0.12679026,0.020078987,0.99730563,-0.070556134
1356012507903,0.10821122,-0.12915805,-0.98570204,-0.9939028,0.0070436,-0.110034436,0.021154761,0.99159896,-0.12760836
1356012507979,0.09752351,-0.1903252,-0.9768652,-0.9950959,-0.002341807,-0.098887295,0.016533107,0.9817183,-0.18962014
1356012507982,0.09770191,-0.25114033,-0.96300715,-0.9951924,-0.018039882,-0.09626266,0.006802857,0.9677825,-0.25169545
1356012508019,0.09879485,-0.30128318,-0.9484029,-0.99509996,-0.033700556,-0.09295347,-0.0039563775,0.95293903,-0.30313635
1356012508061,0.09222913,-0.33366537,-0.9381691,-0.99566185,-0.042547226,-0.08274898,-0.012305975,0.941731,-0.33614194
1356012508101,0.072092086,-0.3457651,-0.9355476,-0.9972489,-0.04120794,-0.061616838,-0.017247021,0.93741584,-0.34778458
1356012508141,0.036074847,-0.33834282,-0.9403312,-0.99915946,-0.030540973,-0.027342737,-0.019467443,0.9405272,-0.3391602
1356012508182,-0.013511717,-0.31504902,-0.94897926,-0.99970865,-0.014727712,0.019123405,-0.020001113,0.94896114,-0.31475824
1356012508221,-0.07038215,-0.2816193,-0.9569415,-0.99732816,0.0010494888,0.073043674,-0.019566208,0.9595256,-0.28094077
1356012508265,-0.12996891,-0.24108118,-0.9617629,-0.9913439,0.013415307,0.13060361,-0.018583745,0.9704122,-0.24073792
1356012508301,-0.18280143,-0.20073894,-0.96243834,-0.9829891,0.019613802,0.18261388,-0.017780632,0.97944844,-0.20090961
1356012508344,-0.22731388,-0.16104779,-0.9604124,-0.97365177,0.019174218,0.22723219,-0.018180072,0.98676026,-0.16116309
1356012508382,-0.25617915,-0.12668157,-0.95829225,-0.9664116,0.012524664,0.25669393,-0.020516068,0.9918643,-0.12563515
1356012508457,-0.2697686,-0.09946644,-0.95777416,-0.9625684,7.839799E-4,0.27103755,-0.026208311,0.99504054,-0.095954716
1356012508460,-0.2650627,-0.08123544,-0.96080315,-0.96354663,-0.015227735,0.26710704,-0.03632939,0.9965787,-0.07423788
1356012508499,-0.24223226,-0.07176033,-0.9675609,-0.9689231,-0.033621967,0.24506691,-0.050117373,0.99685514,-0.06138587
1356012508544,-0.20589131,-0.07045871,-0.976035,-0.976222,-0.054335356,0.20985311,-0.06781921,0.9960337,-0.057596147
1356012508586,-0.16165715,-0.07194501,-0.984221,-0.9830143,-0.07607448,0.16701987,-0.08689034,0.99450326,-0.05842501
1356012508622,-0.11989516,-0.06979984,-0.99032974,-0.98734254,-0.09593809,0.12629539,-0.10382578,0.9929369,-0.057413757
1356012508660,-0.08635414,-0.059328854,-0.99449635,-0.9898259,-0.10819548,0.0924032,-0.11308217,0.99235773,-0.04938215
1356012508701,-0.066536725,-0.038683712,-0.99703383,-0.9916915,-0.10769206,0.070358545,-0.11009434,0.99343145,-0.031196833
1356012508740,-0.056908607,-0.013316631,-0.9982906,-0.99365747,-0.0963788,0.057930082,-0.09698552,0.9952556,-0.007747382
1356012508782,-0.05769503,0.013934553,-0.99823695,-0.9954893,-0.07623601,0.056472003,-0.0753147,0.9969924,0.018270165
1356012508820,-0.06776816,0.037369758,-0.99700105,-0.99633324,-0.05484563,0.065666944,-0.05222714,0.99779534,0.040949464
1356012508861,-0.08675486,0.05553752,-0.99468035,-0.9957828,-0.034734726,0.084911615,-0.02983421,0.9978522,0.058316797
1356012508900,-0.117314816,0.06688899,-0.9908396,-0.9930454,-0.017852545,0.11637077,-0.0099051,0.9976007,0.06851816
1356012508980,-0.15863323,0.06975216,-0.9848706,-0.98731464,-0.0044071674,0.1587148,0.006730199,0.99755466,0.06956649
1356012508981,-0.20642895,0.0605762,-0.9765847,-0.9782722,0.0068576336,0.20721102,0.019249111,0.99814,0.05784446
1356012509019,-0.2567435,0.036670446,-0.96578366,-0.9661149,0.017712057,0.25750408,0.026548803,0.9991704,0.030880451
1356012509080,-0.29604226,-0.009092212,-0.95513153,-0.95481247,0.030358553,0.29565436,0.026308239,0.9994977,-0.017668784
1356012509099,-0.32415038,-0.07342076,-0.94315207,-0.94582164,0.04481107,0.32157946,0.018653065,0.9962938,-0.08396852
1356012509140,-0.33579522,-0.1516974,-0.92963946,-0.9419234,0.058995128,0.33060554,0.0046922266,0.9866649,-0.16269761
1356012509175,-0.3465531,-0.22322792,-0.9110819,-0.93798167,0.07257575,0.33900306,-0.009552509,0.9720607,-0.23453504
1356012509219,-0.36827454,-0.27129412,-0.8892544,-0.9295038,0.08695176,0.35841608,-0.019913971,0.9585608,-0.284191
1356012509258,-0.41004634,-0.28870943,-0.8651641,-0.911705,0.10310781,0.3976969,-0.025613725,0.95184857,-0.3054968
1356012509300,-0.47009176,-0.27434993,-0.83889556,-0.8821901,0.11647582,0.45626083,-0.027464092,0.9545499,-0.29678315
1356012509339,-0.534651,-0.24428728,-0.80899453,-0.84463334,0.123594105,0.520883,-0.027258158,0.9617943,-0.2724129
1356012509379,-0.5945615,-0.20474285,-0.7775455,-0.80364674,0.12069374,0.5827392,-0.0254668,0.9713462,-0.2363007
1356012509418,-0.6438839,-0.1652686,-0.7470608,-0.7647727,0.10946518,0.6349332,-0.023157388,0.98015493,-0.19687581
1356012509459,-0.68042475,-0.13000974,-0.7211932,-0.73250186,0.09175968,0.6745526,-0.021521926,0.98725766,-0.15766793
1356012509498,-0.7038583,-0.10169327,-0.70302343,-0.70999914,0.07004374,0.7007104,-0.022015095,0.9923469,-0.121502995
1356012509539,-0.7145803,-0.08192742,-0.69473946,-0.6990682,0.046645105,0.71353203,-0.02605164,0.99554616,-0.090604484
1356012509584,-0.7127724,-0.072161436,-0.6976733,-0.70052093,0.023588538,0.7132418,-0.0350115,0.99711394,-0.0673638
1356012509621,-0.69841576,-0.07165608,-0.71209604,-0.71407187,0.002852857,0.70006657,-0.04813254,0.9974253,-0.05316001
1356012509663,-0.67336637,-0.080940336,-0.73486495,-0.73634636,-0.015471876,0.6764279,-0.06612,0.9965989,-0.04918194
1356012509711,-0.6367231,-0.096713424,-0.7650033,-0.76595306,-0.035025775,0.64194167,-0.08887926,0.9946958,-0.05177617
1356012509750,-0.589183,-0.103078574,-0.8013977,-0.80086684,-0.056996644,0.5961238,-0.10712457,0.9930389,-0.04897076
1356012509791,-0.5430757,-0.09156251,-0.83467674,-0.83179057,-0.07731414,0.54967904,-0.11486229,0.99279344,-0.03417349
1356012509831,-0.5000088,-0.060521543,-0.863903,-0.85923165,-0.08999121,0.50360954,-0.1082229,0.994102,-0.0070055723
1356012509869,-0.45789683,-0.01805368,-0.8888221,-0.88446605,-0.091653645,0.4575144,-0.08972356,0.9956273,0.025999963
1356012509910,-0.41672868,0.026055008,-0.90865743,-0.906713,-0.08325142,0.41344976,-0.06487456,0.9961879,0.05831766
1356012509971,-0.37790442,0.06410387,-0.9236227,-0.9250163,-0.06833166,0.37373206,-0.039154977,0.99560106,0.0851199
1356012509990,-0.34423923,0.091490746,-0.9344136,-0.9387357,-0.05110562,0.3408276,-0.016571224,0.9944937,0.10347819
1356012510030,-0.31884867,0.106470704,-0.94180655,-0.9478035,-0.033689737,0.31707028,0.0020295382,0.99374497,0.111655176
1356012510070,-0.3042009,0.10835618,-0.94642526,-0.95246536,-0.017411113,0.3041489,0.016478062,0.99395967,0.10850203
1356012510110,-0.29899412,0.09317106,-0.9496956,-0.95388824,-0.0015920997,0.30015787,0.026454031,0.99564886,0.08935082
1356012510148,-0.30289656,0.060224175,-0.9511187,-0.95250034,0.013932109,0.30421877,0.03157237,0.99808764,0.05314356
1356012510190,-0.30847138,0.0044828355,-0.951223,-0.9507537,0.030306697,0.30846202,0.03021121,0.99953055,-0.00508672
1356012510227,-0.31228286,-0.07139084,-0.9473029,-0.94972944,0.04677421,0.30955783,0.022209764,0.9963511,-0.082408786
1356012510268,-0.31209826,-0.15539047,-0.93725586,-0.9499955,0.061590195,0.30612925,0.010156155,0.9859313,-0.16684246
1356012510308,-0.31124708,-0.22764155,-0.92266166,-0.95032835,0.07339987,0.3024706,-0.001131624,0.9709747,-0.23917979
1356012510358,-0.31677076,-0.26952726,-0.90940166,-0.9484636,0.08136818,0.30626136,-0.008549452,0.959549,-0.28141183
1356012510399,-0.33273137,-0.27987584,-0.90053284,-0.942937,0.08594924,0.32168695,-0.012632281,0.95618105,-0.2925033
1356012510439,-0.35682905,-0.2633364,-0.8962851,-0.934055,0.08554256,0.34673288,-0.014636874,0.960904,-0.27649474
1356012510479,-0.38505226,-0.2320725,-0.8932397,-0.92276716,0.08071649,0.3768098,-0.015348017,0.96934366,-0.24522895
1356012510520,-0.41490513,-0.19121018,-0.8895462,-0.9097401,0.070997775,0.40906283,-0.01506114,0.97897804,-0.20340896
1356012510559,-0.4420575,-0.15125361,-0.8841422,-0.896868,0.058491528,0.4384138,-0.01459682,0.98676294,-0.16151112
1356012510599,-0.4642535,-0.11439678,-0.8782836,-0.8855754,0.043157995,0.46248645,-0.015001923,0.99249727,-0.121343255
1356012510649,-0.47935325,-0.083505064,-0.87364036,-0.8774166,0.024057567,0.47912568,-0.018991768,0.99621695,-0.08480084
1356012510692,-0.4829778,-0.06335133,-0.87333786,-0.87522143,0.0043659806,0.48370275,-0.026830286,0.99798167,-0.05755508
1356012510731,-0.4766258,-0.05600691,-0.8773204,-0.87820077,-0.014949679,0.47805843,-0.03989023,0.99831843,-0.0420599
1356012510772,-0.46002048,-0.06033805,-0.8858558,-0.88600135,-0.03415829,0.46242267,-0.05816102,0.99759334,-0.03774607
1356012510814,-0.4350968,-0.06984323,-0.89767075,-0.8969058,-0.05392444,0.43892163,-0.079062074,0.9960994,-0.039180458
1356012510850,-0.40550816,-0.07265982,-0.911199,-0.90911996,-0.07176542,0.41030553,-0.09520528,0.9947715,-0.036955
1356012510891,-0.37813622,-0.059978634,-0.923805,-0.92037106,-0.08305997,0.38212332,-0.09965041,0.994738,-0.023794651
1356012510930,-0.35168153,-0.03416404,-0.9354961,-0.93167436,-0.084500134,0.3533307,-0.09112075,0.99583757,-0.002112627
1356012510970,-0.32850897,0.001470983,-0.9444997,-0.94194865,-0.07397407,0.3275065,-0.06938678,0.997259,0.0256868
1356012511008,-0.30687785,0.036087036,-0.9510646,-0.95077944,-0.056717098,0.30463377,-0.042948246,0.997738,0.05171603
1356012511052,-0.28948396,0.06474319,-0.95499074,-0.957042,-0.036694825,0.28761807,-0.016421854,0.9972271,0.07258451
1356012511087,-0.27836567,0.08486351,-0.9567188,-0.96044886,-0.017221928,0.27792338,0.007109076,0.99624383,0.08630103
1356012511129,-0.27499473,0.095304996,-0.95671046,-0.9610791,2.2870302E-4,0.27627328,0.026549011,0.9954481,0.09153277
1356012511169,-0.27905905,0.094112635,-0.95565104,-0.9593718,0.015804946,0.28170198,0.041615754,0.99543613,0.08587843
1356012511209,-0.28914493,0.08010745,-0.95392764,-0.9558836,0.0297454,0.29223573,0.0517852,0.9963423,0.06797266
1356012511250,-0.2986353,0.045384794,-0.9532876,-0.95280087,0.04302907,0.30053136,0.05465865,0.99804246,0.030392587
1356012511289,-0.305548,-0.007307261,-0.9521487,-0.950853,0.05505228,0.30470964,0.050191373,0.9984567,-0.023769319
1356012511329,-0.3025049,-0.08057308,-0.94973624,-0.9524293,0.064236104,0.29791307,0.037003547,0.9946767,-0.096171916
1356012511368,-0.29167497,-0.15720814,-0.94351006,-0.9562984,0.06903708,0.28412536,0.020470351,0.9851495,-0.17047429
1356012511408,-0.2777625,-0.22009319,-0.9350973,-0.9606318,0.069586545,0.2689688,0.0058719516,0.9729936,-0.230757
1356012511449,-0.26771763,-0.2565405,-0.9287164,-0.96349025,0.067584306,0.25907287,-0.0036960542,0.9641676,-0.2652678
1356012511490,-0.2667407,-0.26248443,-0.92733556,-0.9637327,0.06437698,0.25898805,-0.0082812905,0.9627863,-0.27013677
1356012511529,-0.27286634,-0.2484436,-0.92941904,-0.9620023,0.060642928,0.26622188,-0.00977844,0.9667462,-0.25555068
1356012511569,-0.28622627,-0.21800375,-0.93303216,-0.9581207,0.056066275,0.2808227,-0.008908749,0.9743362,-0.22492158
1356012511607,-0.30197448,-0.18286881,-0.9356123,-0.9532894,0.05058807,0.29779223,-0.007126093,0.981835,-0.18960321
1356012511649,-0.31828254,-0.14630225,-0.9366386,-0.9479792,0.04324907,0.31538075,-0.005632162,0.98829406,-0.15245688
1356012511687,-0.33282077,-0.111833215,-0.9363352,-0.94297147,0.03323245,0.33121046,-0.005923629,0.9931711,-0.116515994
1356012511731,-0.34355146,-0.081884116,-0.9355573,-0.9390881,0.020115614,0.3430874,-0.009274125,0.99643886,-0.08380717
1356012511771,-0.34854585,-0.058677524,-0.9354533,-0.9371431,0.0040418506,0.3489219,-0.016692877,0.99826884,-0.056398034
1356012511810,-0.34611988,-0.04426655,-0.93714535,-0.93775666,-0.0140423775,0.34700894,-0.028520674,0.99892104,-0.036650896
1356012511852,-0.3352282,-0.040841818,-0.94125134,-0.94104534,-0.033564866,0.3366112,-0.045340776,0.99860173,-0.027182162
1356012511891,-0.31609225,-0.046595752,-0.94758356,-0.9464607,-0.05352968,0.3183499,-0.06555763,0.99747854,-0.027180731
1356012511933,-0.29203045,-0.056802213,-0.95472074,-0.9524242,-0.07375574,0.29571626,-0.087213516,0.9956573,-0.032560825
1356012511973,-0.26760995,-0.060644656,-0.961617,-0.95793056,-0.0906682,0.27230203,-0.10370171,0.994033,-0.03382969
1356012512009,-0.24950588,-0.050437868,-0.9670589,-0.9622218,-0.099470675,0.25344592,-0.10897723,0.99376136,-0.023713887
1356012512048,-0.23787016,-0.026902318,-0.9709243,-0.966054,-0.09716952,0.23936936,-0.100783885,0.99490416,-0.0028753877
1356012512090,-0.2325396,0.0058247745,-0.97256947,-0.96929765,-0.08355975,0.23125693,-0.07992068,0.9964857,0.025076926
1356012512127,-0.23147756,0.040338546,-0.9720035,-0.9714501,-0.062978745,0.22873214,-0.0519889,0.9971993,0.053765118
1356012512170,-0.23370773,0.07094681,-0.969715,-0.9720428,-0.04029244,0.23132083,-0.022660762,0.99666595,0.07837999
1356012512227,-0.23903495,0.09410846,-0.96643984,-0.9710021,-0.01889968,0.23832294,0.004162848,0.99538255,0.09589714
1356012512249,-0.2472744,0.10787386,-0.9629219,-0.9685715,9.191036E-5,0.24873546,0.026920557,0.9941646,0.104460835
1356012512290,-0.25682104,0.109449655,-0.96024156,-0.9654045,0.017348945,0.26017934,0.045135766,0.993841,0.101207554
1356012512325,-0.26634836,0.09728354,-0.95895493,-0.9621251,0.033120632,0.27058882,0.058085054,0.9947055,0.084777236
1356012512369,-0.26953351,0.064540535,-0.9608258,-0.9608749,0.0480842,0.27277717,0.06380579,0.99675596,0.04905504
1356012512408,-0.26468652,0.0106601715,-0.96427554,-0.9623676,0.06091249,0.26483622,0.061559618,0.9980862,-0.005863726
1356012512449,-0.24891281,-0.06367001,-0.9664309,-0.9671664,0.06919199,0.24454373,0.051299214,0.9955695,-0.07880229
1356012512488,-0.2292949,-0.14093468,-0.96309984,-0.9726155,0.071789205,0.22105518,0.03798583,0.9874127,-0.15353614
1356012512528,-0.21411827,-0.20337772,-0.95540094,-0.97645676,0.07078269,0.20376953,0.026183635,0.9765384,-0.21374542
1356012512568,-0.21127924,-0.23848268,-0.94788563,-0.97725666,0.069577605,0.20032063,0.018178612,0.9686512,-0.2477591
1356012512609,-0.22369042,-0.24328879,-0.9438078,-0.974566,0.0693008,0.21311644,0.013557792,0.96747506,-0.25260288
1356012512648,-0.24775276,-0.22600159,-0.9420943,-0.9687617,0.06875411,0.2382721,0.010922998,0.97169757,-0.23597574
1356012512689,-0.2796992,-0.19257006,-0.94057703,-0.9600425,0.06559807,0.27205735,0.009309918,0.9790881,-0.20322317
1356012512728,-0.31343955,-0.15424132,-0.936998,-0.94957507,0.059144378,0.3079109,0.0079256,0.98626137,-0.16500193
1356012512768,-0.3452834,-0.11484632,-0.931445,-0.93847966,0.048543394,0.34190565,0.005948901,0.9921965,-0.12454218
1356012512808,-0.3720799,-0.07856211,-0.92487,-0.92819726,0.034211814,0.37051237,0.002533257,0.99632204,-0.08565068
1356012512854,-0.39110416,-0.048413843,-0.91907215,-0.9203409,0.017128825,0.39074183,-0.003174752,0.9986805,-0.05125636
1356012512892,-0.40029186,-0.027160078,-0.9159851,-0.9163072,-0.0013827085,0.40047365,-0.012143463,0.99963015,-0.024333537
1356012512932,-0.39794296,-0.01672253,-0.91725767,-0.9170935,-0.01901561,0.39821842,-0.024101406,0.9996793,-0.0077689886
1356012512983,-0.38418913,-0.01887554,-0.92306143,-0.9224237,-0.03455454,0.38463032,-0.03915608,0.99922454,-0.0041357875
1356012513011,-0.35966456,-0.031874657,-0.9325371,-0.9313609,-0.048404157,0.3608654,-0.05664113,0.9983191,-0.012277544
1356012513054,-0.3278616,-0.050275803,-0.94338703,-0.94170165,-0.062443793,0.3306037,-0.07553002,0.99678135,-0.02687192
1356012513092,-0.2942605,-0.06241703,-0.9536849,-0.9513593,-0.07614207,0.29852632,-0.09124866,0.9951415,-0.036975384
1356012513130,-0.2664867,-0.060091287,-0.96196353,-0.95873594,-0.08603668,0.27096704,-0.099046946,0.9944781,-0.034684002
1356012513169,-0.24550158,-0.041225076,-0.9685192,-0.9647422,-0.08739257,0.24826407,-0.09487605,0.99532056,-0.018316567
1356012513210,-0.23069441,-0.010215163,-0.9729725,-0.96983767,-0.07847065,0.23077506,-0.07870719,0.996864,0.008195698
1356012513250,-0.22063398,0.02584526,-0.9750142,-0.97385013,-0.061376095,0.21874362,-0.054189086,0.99778,0.03871107
1356012513290,-0.21438861,0.059601426,-0.9749284,-0.9763732,-0.0407421,0.21221557,-0.027072221,0.9973905,0.06692785
1356012513329,-0.21244925,0.087138474,-0.9732791,-0.9771716,-0.01995051,0.21151271,-9.864569E-4,0.9959965,0.089387715
1356012513370,-0.21573883,0.1063672,-0.9706403,-0.97620726,-0.0012868643,0.21683523,0.021815091,0.994326,0.104114115
1356012513411,-0.22417665,0.115339875,-0.9676991,-0.9737046,0.014807582,0.22733277,0.040549815,0.99321574,0.10898745
1356012513450,-0.23761606,0.11305794,-0.9647573,-0.9698298,0.028100312,0.24215838,0.054487944,0.993191,0.102969825
1356012513492,-0.25079316,0.09277019,-0.96358526,-0.9660728,0.03945142,0.25523883,0.06169334,0.99490565,0.0797286
1356012513530,-0.2627197,0.0545156,-0.96333086,-0.9629214,0.048642695,0.26536074,0.06132531,0.99732745,0.039714813
1356012513573,-0.267022,-0.0073982775,-0.963662,-0.9623343,0.05507779,0.26623127,0.05110672,0.9984546,-0.021826625
1356012513609,-0.26387775,-0.08382219,-0.960907,-0.9639397,0.058525383,0.25960526,0.034476787,0.9947605,-0.09624308
1356012513649,-0.25541025,-0.15996,-0.95350844,-0.9666811,0.059714496,0.2489211,0.017120838,0.9853156,-0.16988194
1356012513689,-0.24732235,-0.2176921,-0.944162,-0.96892285,0.060082883,0.23995537,0.0044915974,0.97416645,-0.22578669
1356012513730,-0.24427912,-0.24757555,-0.9375682,-0.9697026,0.060223013,0.23674905,-0.0021500885,0.9669951,-0.2547859
1356012513772,-0.2486656,-0.24774775,-0.9363687,-0.96858144,0.05969575,0.24142563,-0.003915459,0.9669837,-0.25480813
1356012513810,-0.2574548,-0.2296932,-0.9385937,-0.96628535,0.05806029,0.25084203,-0.003121674,0.9715298,-0.23689705
1356012513852,-0.26966792,-0.19838992,-0.94229543,-0.9629532,0.054981053,0.26400423,-5.674064E-4,0.9785799,-0.20586681
1356012513890,-0.282709,-0.16184369,-0.9454534,-0.9592023,0.05032885,0.27820486,0.0025578737,0.9855321,-0.16946924
1356012513930,-0.294594,-0.12528172,-0.9473747,-0.9556098,0.04373938,0.29137057,0.0049341917,0.9911565,-0.13260579
1356012513989,-0.3038962,-0.09157589,-0.9482937,-0.9526912,0.034603536,0.30196378,0.0051617324,0.9951967,-0.097759426
1356012514012,-0.3091362,-0.06349301,-0.94889593,-0.9510155,0.02285564,0.30829734,0.0021128654,0.99772054,-0.06744832
1356012514051,-0.30931824,-0.043205887,-0.94997656,-0.95094645,0.00900799,0.30922437,-0.004802972,0.9990256,-0.043872833
1356012514091,-0.30398268,-0.03227848,-0.95213056,-0.95254904,-0.0061143637,0.3043236,-0.015644819,0.99946016,-0.028888166
1356012514133,-0.2929983,-0.032064468,-0.95557517,-0.9556215,-0.022219956,0.2937581,-0.030651987,0.9992388,-0.02413112
1356012514172,-0.27719337,-0.038397163,-0.96004665,-0.95963955,-0.038330734,0.2786088,-0.047497034,0.99852717,-0.026222467
1356012514210,-0.25984848,-0.046462685,-0.96453094,-0.9634763,-0.054498672,0.26218957,-0.06474766,0.9974323,-0.030604362
1356012514253,-0.24309647,-0.04720658,-0.9688527,-0.9669029,-0.06798661,0.24591985,-0.07747799,0.9965688,-0.029116869
1356012514291,-0.2294823,-0.034216434,-0.97271127,-0.9700277,-0.07400179,0.23145232,-0.079901874,0.99667096,-0.016208768
1356012514330,-0.2198413,-0.008449495,-0.97549903,-0.973043,-0.06953865,0.21989018,-0.06969285,0.9975435,0.007065773
1356012514370,-0.21403718,0.023874342,-0.97653365,-0.9755672,-0.055949032,0.21245754,-0.049563885,0.9981481,0.03526622
1356012514409,-0.21186262,0.056269497,-0.9756782,-0.97699225,-0.03722447,0.21000111,-0.024502397,0.99772143,0.06286132
1356012514450,-0.21335018,0.08392283,-0.9733646,-0.9769757,-0.017811418,0.21260598,5.054772E-4,0.9963131,0.085790634
1356012514490,-0.21850836,0.10453132,-0.97022027,-0.9755691,-1.8721819E-4,0.21969283,0.02278316,0.9945216,0.102018416
1356012514530,-0.22703195,0.11674845,-0.9668641,-0.9730121,0.014888287,0.2302733,0.04127893,0.9930499,0.11021757
1356012514571,-0.23749399,0.117714256,-0.96423024,-0.9697882,0.028230429,0.24230936,0.055743873,0.9926462,0.107453346
1356012514611,-0.24893087,0.10563332,-0.96274346,-0.9662953,0.040266693,0.25426733,0.06562561,0.9935895,0.09204936
1356012514651,-0.2579509,0.07453376,-0.9632789,-0.96366984,0.051660717,0.2620528,0.069295436,0.99587953,0.058499992
1356012514689,-0.2628492,0.021518499,-0.96459687,-0.9626186,0.06190616,0.2636912,0.06538865,0.99784994,0.0044421554
1356012514731,-0.2624563,-0.050078332,-0.96364355,-0.96341807,0.06973821,0.25877073,0.05424401,0.9963076,-0.0665496
1356012514769,-0.25790507,-0.12756526,-0.95771194,-0.9653686,0.0743947,0.25005773,0.039350003,0.9890362,-0.14233428
1356012514809,-0.25311399,-0.19174069,-0.94824505,-0.96708184,0.07668269,0.24263635,0.026190728,0.9784453,-0.2048384
1356012514849,-0.2520179,-0.22947422,-0.94012153,-0.9675609,0.077508,0.24045464,0.017688781,0.97022367,-0.24156362
1356012514890,-0.25627986,-0.23857123,-0.9366987,-0.9665119,0.07652244,0.24494696,0.013241172,0.96810544,-0.25019312
1356012514931,-0.26569566,-0.22240013,-0.93805325,-0.96399146,0.072627276,0.25582346,0.011233091,0.9722465,-0.23368865
1356012514979,-0.2778731,-0.19223437,-0.9411868,-0.96056056,0.06630021,0.27005136,0.010487765,0.9791069,-0.20307577
1356012515011,-0.29119235,-0.15375671,-0.9442276,-0.95660293,0.05798894,0.28556597,0.010847062,0.9864056,-0.16397011
1356012515050,-0.3037693,-0.11520746,-0.9457544,-0.95267093,0.049163043,0.30000198,0.011933714,0.9921241,-0.12468898
1356012515091,-0.31437093,-0.079203874,-0.9459903,-0.94921005,0.039968908,0.3120944,0.013091117,0.99605685,-0.08774614
1356012515132,-0.32217056,-0.048260927,-0.94545066,-0.94658977,0.030334711,0.3210103,0.013187736,0.99837404,-0.05545622
1356012515171,-0.3265999,-0.024577111,-0.9448431,-0.9450979,0.02019608,0.3261626,0.01106602,0.99949396,-0.02982384
1356012515210,-0.3274958,-0.010115713,-0.94479847,-0.9448347,0.009673119,0.3274048,0.0058272183,0.99990207,-0.012725592
1356012515251,-0.32518548,-0.0065090656,-0.9456278,-0.9456446,-0.001208961,0.32519957,-0.0032599866,0.99997807,-0.0057621
1356012515293,-0.3201751,-0.014811516,-0.9472426,-0.9472101,-0.012688637,0.3203625,-0.016764253,0.9998098,-0.009967029
1356012515348,-0.31339985,-0.029419273,-0.94916546,-0.9490719,-0.024291217,0.31412187,-0.03229764,0.999272,-0.020308137
1356012515369,-0.3063661,-0.04390511,-0.9509007,-0.9507154,-0.035995245,0.30796832,-0.04774925,0.99838704,-0.030713558
1356012515407,-0.30009133,-0.048125744,-0.9526957,-0.9521643,-0.04529047,0.30221176,-0.05769217,0.99781394,-0.032232344
1356012515445,-0.29563588,-0.03646654,-0.9546044,-0.9535757,-0.048758924,0.29717994,-0.057382613,0.9981446,-0.020358682
1356012515488,-0.29328865,-0.00975889,-0.9559741,-0.9549582,-0.044210672,0.29342833,-0.04512778,0.99897456,0.0036471486
1356012515528,-0.2928025,0.024425983,-0.95586085,-0.9558553,-0.033240855,0.29195133,-0.024642438,0.99914885,0.033080697
1356012515567,-0.29420733,0.058811605,-0.95393044,-0.9557411,-0.019121766,0.29358688,-9.7453594E-4,0.998086,0.061834455
1356012515608,-0.297823,0.08808917,-0.9505482,-0.95437664,-0.0049393177,0.29856473,0.021605253,0.99610037,0.08554119
1356012515649,-0.30400097,0.10944122,-0.9463647,-0.9517811,0.008055866,0.30667242,0.041186392,0.9939606,0.10171503
1356012515687,-0.31293607,0.12138274,-0.9419857,-0.94806695,0.01951766,0.31747136,0.056920856,0.99241376,0.10897124
1356012515729,-0.32306778,0.12035966,-0.938691,-0.94389725,0.030759573,0.3288036,0.068448424,0.9922537,0.10366976
1356012515768,-0.33367997,0.1055747,-0.9367559,-0.93968713,0.041953146,0.3394524,0.075137496,0.993526,0.0852083
1356012515809,-0.34049505,0.06979838,-0.93765205,-0.9372823,0.05392444,0.34437487,0.07459921,0.9961026,0.047059715
1356012515847,-0.3414262,0.013615876,-0.9398099,-0.9375653,0.06562734,0.34156153,0.06632784,0.99775124,-0.009641111
1356012515888,-0.33405495,-0.05997333,-0.94064367,-0.94115925,0.07548624,0.32942522,0.05124888,0.99534166,-0.081661046
1356012515928,-0.32065177,-0.135355,-0.93747616,-0.94655,0.08236992,0.31186265,0.035007685,0.98736733,-0.15453231
1356012515979,-0.3072343,-0.19408834,-0.9316313,-0.9513453,0.08675122,0.29566258,0.023435503,0.9771407,-0.21129799
1356012516011,-0.30001724,-0.2251992,-0.92697084,-0.95376396,0.08914524,0.2870319,0.017995685,0.97022593,-0.24153203
1356012516052,-0.30270267,-0.22623277,-0.92584544,-0.95293427,0.08911854,0.28978294,0.01695162,0.9699879,-0.2425614
1356012516089,-0.31346303,-0.2077711,-0.9265917,-0.94943964,0.08653182,0.3017892,0.017476618,0.9743426,-0.22439063
1356012516131,-0.33065736,-0.17523947,-0.9273386,-0.9435686,0.080699325,0.3211946,0.018549621,0.9812129,-0.19203424
1356012516170,-0.3516258,-0.13662475,-0.9261172,-0.93593496,0.07204503,0.34472498,0.019624203,0.98799956,-0.15320474
1356012516213,-0.37356013,-0.09772894,-0.9224434,-0.92738664,0.060967445,0.36910275,0.020167023,0.99334383,-0.11340755
1356012516250,-0.3939035,-0.06256747,-0.91701984,-0.91894644,0.04789728,0.39146304,0.019429892,0.9968908,-0.07636303
1356012516292,-0.41052967,-0.033726156,-0.9112233,-0.9117009,0.033082306,0.40952045,0.016333759,0.9988834,-0.044329405
1356012516331,-0.4214142,-0.014276266,-0.9067558,-0.9068172,0.01723957,0.4211713,0.009619325,0.9997494,-0.020210922
1356012516372,-0.42499048,-0.005878538,-0.9051788,-0.9051975,0.0019219518,0.42498675,-7.585585E-4,0.9999809,-0.0061380863
1356012516412,-0.42018777,-0.010789573,-0.9073731,-0.9072969,-0.012589633,0.42030215,-0.015958428,0.99986255,-0.004499316
1356012516450,-0.40762055,-0.022451192,-0.9128753,-0.91255355,-0.026153564,0.40812013,-0.033037752,0.99940574,-0.009827137
1356012516491,-0.39136565,-0.033904523,-0.91961044,-0.91890454,-0.039323807,0.39251503,-0.049470603,0.99865115,-0.01576507
1356012516529,-0.37504244,-0.03500256,-0.92634654,-0.92507863,-0.050299764,0.37642977,-0.059771,0.99812055,-0.013515592
1356012516571,-0.3624333,-0.02031377,-0.9317883,-0.93012834,-0.055609703,0.36299995,-0.059190363,0.99824595,0.0012603998
1356012516609,-0.35469347,0.008385569,-0.934945,-0.93382037,-0.053021073,0.35379127,-0.04660505,0.99855816,0.026636899
1356012516650,-0.35065043,0.043531477,-0.9354942,-0.936153,-0.043735027,0.34886226,-0.025727361,0.9980943,0.05608785
1356012516689,-0.3495708,0.0781669,-0.9336435,-0.936909,-0.030575216,0.34823367,-0.0013259649,0.9964713,0.08392346
1356012516730,-0.3512733,0.10723093,-0.9301121,-0.93600655,-0.016519248,0.3515949,0.022337109,0.9940969,0.10617155
1356012516771,-0.35616696,0.1281757,-0.9255896,-0.93341076,-0.0027244687,0.35879922,0.04346764,0.99174774,0.12061089
1356012516810,-0.36495507,0.13983572,-0.9204639,-0.9290309,0.009978294,0.36986768,0.060905397,0.99012446,0.12627006
1356012516851,-0.37435967,0.1384351,-0.91689175,-0.92429626,0.023596585,0.3809456,0.074371755,0.99009037,0.11912143
1356012516890,-0.38363427,0.12238318,-0.91533995,-0.91976064,0.038294494,0.39060715,0.08285621,0.9917439,0.09787214
1356012516931,-0.38570058,0.08508548,-0.91869235,-0.91880596,0.05507201,0.39084882,0.08384979,0.9948506,0.056935728
1356012516976,-0.376423,0.0241189,-0.9261339,-0.9233475,0.07194877,0.37716416,0.07573101,0.9971167,-0.004813075
1356012517009,-0.35417205,-0.05482748,-0.9335717,-0.93325114,0.08480954,0.34906965,0.060037166,0.99488753,-0.08120495
1356012517049,-0.3236484,-0.13653144,-0.936275,-0.94524074,0.09067446,0.3135251,0.042090178,0.98647726,-0.15840173
1356012517089,-0.2956409,-0.20195213,-0.93370867,-0.95488846,0.091130376,0.28263646,0.02801016,0.9751465,-0.2197836
1356012517130,-0.28054875,-0.23894021,-0.92962354,-0.9596251,0.090302646,0.26639244,0.02029556,0.9668262,-0.25462735
1356012517170,-0.28358263,-0.24496433,-0.9271318,-0.95878303,0.09034878,0.26939213,0.017773777,0.9653132,-0.260489
1356012517211,-0.30225217,-0.22696522,-0.9258134,-0.95305943,0.09022075,0.28902942,0.017927945,0.96971494,-0.24358076
1356012517250,-0.33188963,-0.19255385,-0.9234567,-0.9431219,0.08770347,0.32066983,0.019244134,0.97735924,-0.21070957
1356012517290,-0.365017,-0.15211624,-0.9184897,-0.9307713,0.081534505,0.35639444,0.020675212,0.9849938,-0.17134684
1356012517331,-0.39729226,-0.11060795,-0.91100204,-0.917446,0.07086015,0.39149913,0.021250844,0.9913348,-0.12962902
1356012517370,-0.4235013,-0.07390988,-0.9028754,-0.90567166,0.0566988,0.4201715,0.020137072,0.99565184,-0.09095007
1356012517415,-0.44195187,-0.04333207,-0.8959915,-0.89689696,0.039102852,0.4405074,0.0159477,0.9982952,-0.056145966
1356012517454,-0.44852465,-0.021136165,-0.8935205,-0.89371943,0.021284342,0.44812104,0.009546459,0.99955,-0.028436363
1356012517485,-0.4437446,-0.008969158,-0.8961084,-0.8961532,0.0048549175,0.44371822,3.707409E-4,0.999948,-0.010192096
1356012517528,-0.42456234,-0.007995158,-0.90536344,-0.9053234,-0.009149432,0.42462432,-0.011678457,0.9999262,-0.003353715
1356012517570,-0.39131504,-0.015635967,-0.92012393,-0.91990095,-0.021158397,0.3915797,-0.025591046,0.9996539,-0.0061039925
1356012517620,-0.34780264,-0.028701216,-0.9371283,-0.93663824,-0.03385943,0.34865776,-0.041737527,0.9990144,-0.015106261
1356012517667,-0.3010639,-0.027612478,-0.95320415,-0.9522345,-0.044845283,0.30205673,-0.05108729,0.9986122,-0.012792289
1356012517708,-0.2659142,-0.009296715,-0.96395195,-0.96272,-0.04888755,0.2660458,-0.049598575,0.99876106,0.0040497184
1356012517748,-0.24853534,0.024771154,-0.96830595,-0.96797144,-0.04300618,0.24734935,-0.035515994,0.9987676,0.03466636
1356012517787,-0.24281847,0.06562546,-0.9678494,-0.96998346,-0.029881656,0.24132782,-0.013083726,0.99739677,0.07091147
1356012517829,-0.24491888,0.106708914,-0.96365345,-0.9694475,-0.0129570365,0.24495667,0.01365301,0.9942059,0.1066221
1356012517867,-0.2502175,0.13982415,-0.9580399,-0.9674461,0.0026652217,0.25306317,0.03793773,0.99017274,0.13460541
1356012517910,-0.2579199,0.16284359,-0.95234406,-0.96437013,0.01668489,0.26402995,0.058885247,0.98651075,0.15273821
1356012517985,-0.27027947,0.17507857,-0.9467294,-0.9598158,0.028130054,0.2792175,0.07551658,0.98415256,0.16044015
1356012517990,-0.28204167,0.17286593,-0.9437001,-0.9553742,0.039435327,0.29275435,0.08782241,0.9841556,0.15402919
1356012518026,-0.2930209,0.15501499,-0.94345593,-0.951316,0.05138117,0.3039043,0.095585585,0.986575,0.13241243
1356012518069,-0.2920003,0.11481267,-0.949502,-0.95146173,0.06606889,0.30059195,0.09724429,0.9911877,0.0899477
1356012518108,-0.2726571,0.04917571,-0.9608538,-0.9577571,0.08103311,0.27592555,0.09142986,0.9954976,0.025004089
1356012518147,-0.23326433,-0.036676437,-0.9717215,-0.96920717,0.08985001,0.22926947,0.0789004,0.9952798,-0.05650586
1356012518188,-0.18314424,-0.12625536,-0.97494495,-0.98102033,0.08772674,0.1729249,0.06369603,0.98811114,-0.13992578
1356012518229,-0.14181444,-0.19725642,-0.97004056,-0.98856974,0.07887855,0.12848347,0.051171213,0.9771735,-0.20618784
1356012518269,-0.1249876,-0.2365292,-0.96355176,-0.99120116,0.07241589,0.11079776,0.043569535,0.968922,-0.2434991
1356012518308,-0.13585967,-0.2450181,-0.95995224,-0.9899328,0.07238823,0.12162635,0.039688587,0.96681225,-0.2523861
1356012518348,-0.17109013,-0.22796991,-0.9585186,-0.98452663,0.0769701,0.15742615,0.037888855,0.9706211,-0.2376113
1356012518387,-0.22164425,-0.1949138,-0.95544887,-0.97442394,0.08148727,0.20942247,0.03703758,0.9774295,-0.20798987
1356012518429,-0.27845132,-0.15405786,-0.94801426,-0.9597558,0.08216488,0.2685477,0.036521584,0.9846396,-0.17073679
1356012518490,-0.33411318,-0.111551315,-0.9359085,-0.94185555,0.07715601,0.32704,0.03572923,0.990759,-0.13084412
1356012518509,-0.38250548,-0.07216987,-0.92113036,-0.9233327,0.06639087,0.37821835,0.033858657,0.9951803,-0.09203166
1356012518549,-0.41941142,-0.03907898,-0.90695477,-0.9073093,0.050765097,0.417388,0.029730558,0.9979458,-0.05674821
1356012518587,-0.4405282,-0.01565653,-0.8976022,-0.897459,0.032639742,0.43988863,0.022410393,0.9993446,-0.028429806
1356012518626,-0.44390607,-0.0035060048,-0.8960664,-0.89599574,0.014893472,0.44381282,0.01178956,0.99988294,-0.009752691
1356012518668,-0.42879868,-0.004031062,-0.9033911,-0.90339595,-0.0011048317,0.4288059,-0.0027266443,0.99999124,-0.0031678677
1356012518719,-0.39227015,-0.01850447,-0.9196639,-0.91956246,-0.01711005,0.39257118,-0.022999853,0.9996823,-0.010304213
1356012518759,-0.3458783,-0.029047906,-0.9378296,-0.93741155,-0.032280564,0.346724,-0.04034528,0.9990566,-0.016064703
1356012518800,-0.3128338,-0.026803344,-0.94942963,-0.9484885,-0.043854833,0.31376174,-0.05004692,0.9986783,-0.011703372
1356012518839,-0.29611236,-0.011707664,-0.9550814,-0.95386994,-0.048189223,0.29632747,-0.04949397,0.99876964,0.0031018257
1356012518879,-0.2997839,0.016296715,-0.953868,-0.9533154,-0.043187797,0.29887232,-0.0363248,0.99893403,0.028482914
1356012518918,-0.3164116,0.048274457,-0.9473929,-0.94848436,-0.033109665,0.31508908,-0.01615709,0.9982852,0.056263804
1356012518981,-0.3425386,0.07980281,-0.93610835,-0.939472,-0.02090919,0.34198698,0.007718265,0.9965913,0.08213472
1356012519000,-0.37503076,0.105371326,-0.9210043,-0.9265313,-0.010602653,0.3760683,0.029861748,0.9943765,0.10160607
1356012519041,-0.41072708,0.12330106,-0.90338254,-0.91044116,-0.0022252202,0.41363266,0.048991054,0.9923668,0.11317241
1356012519080,-0.4493385,0.13236615,-0.88350105,-0.8910326,0.0049610734,0.45391226,0.0644657,0.9911885,0.11571336
1356012519120,-0.4873495,0.13100377,-0.86332405,-0.8698987,0.01314342,0.49305534,0.07593915,0.99129474,0.107554555
1356012519159,-0.51839656,0.11580512,-0.8472628,-0.8511534,0.025689363,0.5242882,0.08248091,0.9929397,0.08525056
1356012519200,-0.5366613,0.082939774,-0.83971167,-0.8397558,0.044790685,0.5411136,0.08249113,0.99554753,0.04561174
1356012519241,-0.5342289,0.02731508,-0.8448984,-0.8420957,0.07028329,0.53472894,0.07398844,0.997153,-0.014545441
1356012519279,-0.51621276,-0.043250024,-0.85536766,-0.85437727,0.09561831,0.5107804,0.05969754,0.99447805,-0.08631122
1356012519319,-0.48875582,-0.11740592,-0.86448455,-0.8713008,0.115879774,0.47687185,0.04418868,0.9863,-0.1589328
1356012519360,-0.47046947,-0.1763609,-0.8646128,-0.8818005,0.13056374,0.4531899,0.032962114,0.97562796,-0.21694136
1356012519399,-0.47503835,-0.20772046,-0.85509694,-0.8795268,0.1427455,0.45393428,0.027769804,0.9677168,-0.25050527
1356012519440,-0.504095,-0.20981854,-0.83777344,-0.86323076,0.15256387,0.4812036,0.026848555,0.96576416,-0.2580285
1356012519481,-0.5497335,-0.1877782,-0.81396097,-0.83487236,0.1561094,0.52784276,0.027949572,0.9697263,-0.24258941
1356012519520,-0.59588534,-0.15574315,-0.7878227,-0.8025321,0.15136999,0.5770869,0.029375404,0.9761307,-0.21518803
1356012519561,-0.6370435,-0.11898583,-0.7615891,-0.77022517,0.1373204,0.62281317,0.030475795,0.98335415,-0.17912495
1356012519604,-0.6679512,-0.084712,-0.73936796,-0.74358034,0.1166656,0.65839005,0.030485243,0.9895519,-0.14091706
1356012519640,-0.6874572,-0.05651492,-0.72402257,-0.7256573,0.092865884,0.68176055,0.028707385,0.9940734,-0.10485178
1356012519680,-0.69640756,-0.035544187,-0.71676564,-0.71724236,0.067983866,0.69349945,0.024078637,0.997053,-0.07283819
