1356011388497,-0.5770348,-0.10087931,0.8104656,0.77675575,0.23882979,0.5827614,-0.2523519,0.9658073,-0.05945456
1356011388552,0.093482316,0.085516274,0.9919416,0.96311516,0.2447356,-0.1118646,-0.25232962,0.9658114,-0.059483588
1356011388589,0.09344581,0.0855875,0.9919388,0.96313953,0.24465004,-0.11184189,-0.2522501,0.96582663,-0.059571147
1356011388629,0.09335196,0.08576578,0.9919323,0.9632223,0.24435323,-0.11177766,-0.25196853,0.965886,-0.059800684
1356011388667,0.093201935,0.08600095,0.991926,0.9633808,0.24378353,-0.1116561,-0.25141782,0.966009,-0.060130596
1356011388710,0.09304738,0.086242884,0.9919195,0.96366525,0.2427277,-0.11150101,-0.25038245,0.9662533,-0.060524046
1356011388749,0.09290445,0.086384,0.9919207,0.9640519,0.24127746,-0.11130655,-0.24894321,0.9666039,-0.0608629
1356011388786,0.0926941,0.08643982,0.9919355,0.9645488,0.2394256,-0.11099905,-0.24708953,0.9670592,-0.06118214
1356011388829,0.09223211,0.08662292,0.99196255,0.9651742,0.23714846,-0.1104503,-0.24480996,0.9676038,-0.061733544
1356011388869,0.09126046,0.08731797,0.9919915,0.96593404,0.2344797,-0.10950285,-0.24216342,0.96819156,-0.06294465
1356011388907,0.08959782,0.08873525,0.9920173,0.96677625,0.23166996,-0.10804078,-0.23940772,0.9687389,-0.06503004
1356011388946,0.08722812,0.091221094,0.99200296,0.9676838,0.22874802,-0.10612455,-0.23659953,0.9692023,-0.06831992
1356011388990,0.08405724,0.094882876,0.9919333,0.9686309,0.22583982,-0.10368517,-0.23385602,0.9695327,-0.072923005
1356011389029,0.0801073,0.09963617,0.991794,0.96957994,0.22308996,-0.10072482,-0.23129511,0.96969247,-0.0787341
1356011389072,0.07550359,0.10528296,0.9915719,0.9705077,0.22055417,-0.097317606,-0.22894123,0.9696759,-0.085525334
1356011389107,0.07050565,0.111153394,0.99129903,0.97138333,0.21831068,-0.09356809,-0.2268115,0.96952844,-0.09258038
1356011389150,0.06527847,0.11753452,0.9909209,0.9722103,0.21624488,-0.08969498,-0.2248238,0.96923876,-0.100152135
1356011389188,0.059850752,0.123755544,0.9905062,0.9729353,0.21463567,-0.08560598,-0.22319221,0.968822,-0.10756004
1356011389228,0.05456829,0.13004285,0.9900056,0.9734804,0.21367466,-0.08172479,-0.2221668,0.9682107,-0.114934325
1356011389268,0.049586833,0.1359412,0.9894752,0.97375876,0.21373868,-0.07816416,-0.22211486,0.96738607,-0.12177533
1356011389307,0.04531625,0.14052758,0.9890391,0.9736881,0.21512678,-0.07517916,-0.22333354,0.9664225,-0.12708127
1356011389347,0.04221198,0.14285162,0.98884356,0.9732355,0.21789947,-0.07302421,-0.22590008,0.9654601,-0.1298303
1356011389387,0.04063499,0.14223224,0.98899895,0.9723311,0.22226238,-0.07191473,-0.23004586,0.96455663,-0.12926519
1356011389425,0.040708363,0.13851935,0.9895228,0.9708411,0.22867155,-0.071950674,-0.23624232,0.9635984,-0.12517148
1356011389468,0.042048216,0.13277209,0.9902543,0.9687674,0.23700899,-0.072913736,-0.24438003,0.962392,-0.11865944
1356011389511,0.044105917,0.12573335,0.99108315,0.9660108,0.24756435,-0.074397266,-0.25471112,0.9606784,-0.11054075
1356011389546,0.046031773,0.11904997,0.99182063,0.9630161,0.25858164,-0.07573292,-0.2654826,0.9586253,-0.10274404
1356011389589,0.047409773,0.11310133,0.9924517,0.95979166,0.2700529,-0.07662529,-0.2766809,0.9561797,-0.09575057
1356011389628,0.04787132,0.108322024,0.9929626,0.9566884,0.2808127,-0.07675627,-0.28715098,0.9536302,-0.09018755
1356011389667,0.04769036,0.104878575,0.9933409,0.95363235,0.29108498,-0.076517195,-0.29717165,0.9509311,-0.08613372
1356011389709,0.04719925,0.102603704,0.9936019,0.95062804,0.3008265,-0.07622257,-0.3067225,0.9481435,-0.083339155
1356011389747,0.046987236,0.100990385,0.9937772,0.9477408,0.3097853,-0.07629174,-0.3155623,0.94542795,-0.08115673
1356011389788,0.047584146,0.09941748,0.99390733,0.9450908,0.31760368,-0.07701594,-0.32332537,0.9429974,-0.07884562
1356011389827,0.04928893,0.09755859,0.9940085,0.94275343,0.3241058,-0.07855734,-0.32982785,0.940977,-0.0759989
1356011389867,0.052135617,0.09544119,0.9940688,0.940624,0.32964864,-0.08098236,-0.33542246,0.93926716,-0.07258785
1356011389908,0.056103766,0.09262949,0.9941188,0.9384883,0.3348959,-0.08416903,-0.34072283,0.9376911,-0.06814277
1356011389951,0.061639637,0.08735606,0.9942683,0.9364077,0.33972642,-0.08790079,-0.34545788,0.9364587,-0.060860276
1356011389988,0.06899986,0.079170406,0.99447024,0.9350365,0.3423716,-0.09213251,-0.3477726,0.9362231,-0.050403655
1356011390029,0.0782724,0.06563923,0.99476874,0.9354409,0.34018296,-0.09605104,-0.34470809,0.9380656,-0.03477466
1356011390067,0.08865753,0.050342083,0.9947892,0.9375236,0.33311704,-0.100411564,-0.3364362,0.9415406,-0.017663598
1356011390107,0.0990448,0.034349293,0.99448997,0.9415026,0.3202868,-0.104830176,-0.32212287,0.9466977,-6.172061E-4
1356011390156,0.10836241,0.020153672,0.9939071,0.94661605,0.3032482,-0.10935545,-0.30360445,0.95269847,0.013782918
1356011390185,0.11541495,0.009385377,0.993273,0.95227396,0.28342685,-0.11332911,-0.28258392,0.95894796,0.023774266
1356011390233,0.118566304,0.004771501,0.99293464,0.9589058,0.25904062,-0.11574772,-0.25776273,0.96585464,0.026138067
1356011390274,0.11605933,0.005831182,0.9932251,0.96498597,0.23616263,-0.11414608,-0.23522827,0.971696,0.021781862
1356011390316,0.10813928,0.01618579,0.994004,0.9705088,0.21497297,-0.10908368,-0.2154496,0.97648585,0.007538557
1356011390399,0.09090686,0.04583019,0.99480426,0.9756523,0.19611472,-0.09819162,-0.19959593,0.97950935,-0.026886165
1356011390401,0.066640764,0.08184886,0.9944143,0.97992647,0.1823068,-0.080675304,-0.18789169,0.97982913,-0.06805682
1356011390432,0.037387133,0.13319558,0.99038434,0.98231596,0.17705184,-0.060894042,-0.1834602,0.975147,-0.12422067
1356011390474,0.0029073358,0.19778392,0.9802413,0.98240507,0.18248671,-0.039734155,-0.1867398,0.9631096,-0.19377339
1356011390518,-0.03266731,0.2655991,0.96352994,0.98028195,0.19649234,-0.020928264,-0.19488478,0.94384736,-0.2667809
1356011390557,-0.064304024,0.32511285,0.94348645,0.97687125,0.21371171,-0.0070628226,-0.20393029,0.9212105,-0.3313359
1356011390597,-0.08820096,0.3663582,0.9262841,0.97347796,0.22877017,0.0022130609,-0.21109533,0.90191233,-0.3768193
1356011390637,-0.10288228,0.3845011,0.91737354,0.9709171,0.23926125,0.008604944,-0.21618333,0.8915789,-0.39793444
1356011390678,-0.1087084,0.37950966,0.9187791,0.96936095,0.24527602,0.013379753,-0.22027677,0.89208305,-0.39454538
1356011390718,-0.107291445,0.3553705,0.9285475,0.9686836,0.24770685,0.017127544,-0.22392097,0.9013064,-0.37081844
1356011390759,-0.10004997,0.31643555,0.94332314,0.9687797,0.24712706,0.019851714,-0.22683892,0.9158585,-0.33128142
1356011390797,-0.0900372,0.27324682,0.95772094,0.96933526,0.2448189,0.021279931,-0.22865349,0.9302687,-0.2869106
1356011390840,-0.07712144,0.22634333,0.9709897,0.97015685,0.2415899,0.020739287,-0.22988713,0.94361174,-0.23822027
1356011390879,-0.06263158,0.18272474,0.9811671,0.9708265,0.23914823,0.017434478,-0.23145863,0.95363504,-0.19237226
1356011390918,-0.04704365,0.1431312,0.98858505,0.9709397,0.23904344,0.011594266,-0.23465532,0.9604019,-0.15021724
1356011390959,-0.030197352,0.10931969,0.9935478,0.9702517,0.24208143,0.0028532147,-0.24020755,0.96407765,-0.11337781
1356011390998,-0.012560755,0.08298719,0.99647146,0.968501,0.2488642,-0.008517534,-0.24869293,0.96497655,-0.08349913
1356011391038,0.0052149296,0.065766156,0.9978214,0.96539277,0.25985593,-0.02217248,-0.26074797,0.96340525,-0.06213504
1356011391077,0.022862792,0.057759106,0.99806875,0.9607758,0.27472347,-0.037907034,-0.2763824,0.9597869,-0.049212635
1356011391118,0.040787995,0.055992037,0.99759775,0.9548898,0.29174417,-0.055416584,-0.29414624,0.95485616,-0.04156661
1356011391158,0.060397834,0.054803103,0.9966688,0.9488876,0.30672744,-0.07436809,-0.3097813,0.9502183,-0.033476293
1356011391199,0.082918584,0.04809627,0.99539506,0.9446684,0.31430578,-0.09387985,-0.31737366,0.9481027,-0.019373238
1356011391237,0.10781571,0.03685403,0.9934876,0.9430028,0.312673,-0.11393583,-0.31483576,0.9491457,-0.0010424256
1356011391279,0.13304782,0.020019412,0.9909074,0.94462436,0.30003935,-0.13289514,-0.29997164,0.95371675,0.02100879
1356011391318,0.15646315,0.003109306,0.9876789,0.94744873,0.28204012,-0.15097797,-0.27903447,0.95939755,0.041182995
1356011391357,0.17585966,-0.011817545,0.9843443,0.9507574,0.26127395,-0.16672239,-0.25521332,0.9651923,0.057183146
1356011391399,0.18970802,-0.022978127,0.9815716,0.95419025,0.23989889,-0.17880008,-0.23136944,0.97052586,0.06743628
1356011391430,0.19676635,-0.02906683,0.98001945,0.9578421,0.21911487,-0.1858148,-0.2093358,0.97526604,0.07095587
1356011391473,0.19603431,-0.027222008,0.9802191,0.9620483,0.19884562,-0.18687806,-0.18982509,0.97965264,0.065169424
1356011391517,0.1861111,-0.013954669,0.98242956,0.96689594,0.1802581,-0.18060794,-0.1745705,0.9835204,0.04704076
1356011391560,0.16632774,0.016358733,0.98593485,0.9720006,0.16558328,-0.16672435,-0.16598168,0.98606014,0.0116404
1356011391597,0.13768679,0.064425796,0.9883783,0.9765812,0.15772814,-0.1463246,-0.16532215,0.9853786,-0.041199923
1356011391641,0.101041496,0.13547179,0.98561555,0.9793805,0.16065907,-0.12248474,-0.17494136,0.9776687,-0.11644524
1356011391678,0.0625917,0.21067974,0.9755492,0.980101,0.17151412,-0.09992391,-0.1883724,0.9623912,-0.19575208
1356011391719,0.028879374,0.2771028,0.9604062,0.9790381,0.18595639,-0.08309299,-0.20161894,0.942674,-0.26592392
1356011391758,0.0039456487,0.31965494,0.94752586,0.9774232,0.19893914,-0.0711838,-0.21125427,0.92641455,-0.31165326
1356011391796,-0.010957748,0.33387682,0.94255304,0.9758812,0.20909718,-0.062722474,-0.21802679,0.9191326,-0.3281154
1356011391838,-0.018383503,0.3239984,0.94587904,0.974662,0.21673971,-0.055298448,-0.2229262,0.92089576,-0.31977338
1356011391876,-0.021007687,0.29795542,0.95434856,0.97389233,0.22191128,-0.04784456,-0.22603628,0.9284277,-0.2948383
1356011391927,-0.019772887,0.25992203,0.96542716,0.9736594,0.22438711,-0.040470213,-0.22714844,0.93919694,-0.25751227
1356011391957,-0.01688835,0.22377837,0.97449374,0.97369766,0.22516581,-0.034831494,-0.2272172,0.948274,-0.22169513
1356011391998,-0.011803627,0.18939883,0.9818293,0.9738241,0.22508013,-0.03171149,-0.22699642,0.95575464,-0.1870979
1356011392038,-0.0031330884,0.15974426,0.98715353,0.973755,0.2251434,-0.033342898,-0.22757745,0.96114117,-0.15625715
1356011392079,0.009256154,0.1355581,0.9907262,0.97302043,0.22719386,-0.040176988,-0.23053318,0.9643687,-0.12979782
1356011392119,0.026644439,0.11790785,0.9926671,0.97132444,0.2316406,-0.05358559,-0.23626018,0.9656295,-0.10835487
1356011392160,0.046826303,0.107281744,0.9931253,0.9679783,0.24059707,-0.071630985,-0.24662778,0.96467805,-0.0925802
1356011392198,0.071359545,0.10415661,0.9919976,0.9628899,0.2523351,-0.09576008,-0.26028982,0.9620179,-0.08228481
1356011392236,0.096582055,0.107679576,0.98948324,0.9556713,0.26777804,-0.12242246,-0.27814433,0.95744455,-0.07704377
1356011392278,0.12380591,0.11381319,0.9857578,0.9464761,0.28487012,-0.15176266,-0.29808554,0.9517854,-0.07245284
1356011392317,0.15306072,0.11538905,0.981457,0.9365421,0.30001485,-0.18132865,-0.31537506,0.94693005,-0.062146246
1356011392357,0.18421549,0.107755065,0.9769614,0.92797375,0.30851436,-0.20900634,-0.32392812,0.94509673,-0.043160737
1356011392396,0.21576743,0.08994448,0.9722933,0.9225476,0.3074689,-0.2331712,-0.3199224,0.9472976,-0.016636312
1356011392437,0.24588476,0.064855844,0.96712685,0.9206463,0.29651123,-0.25395152,-0.3032342,0.9528246,0.013198316
1356011392477,0.27149487,0.04069844,0.961579,0.9203185,0.28136075,-0.27175373,-0.28161055,0.9587386,0.038932443
1356011392519,0.29076096,0.018601507,0.956615,0.921862,0.2622517,-0.28529742,-0.25618088,0.96482027,0.059104532
1356011392557,0.30165482,0.0012072325,0.95341647,0.92468566,0.24327362,-0.2928726,-0.23229459,0.96995693,0.0722684
1356011392599,0.30431172,-0.009125352,0.9525287,0.92909515,0.22348014,-0.2946842,-0.21018216,0.97466576,0.07648593
1356011392638,0.29676443,-0.01186958,0.954877,0.9355142,0.20432812,-0.28820688,-0.19168738,0.9788305,0.07174146
1356011392676,0.28135505,-8.842647E-4,0.9596033,0.94297457,0.18561444,-0.27630848,-0.17787191,0.9826223,0.053057373
1356011392718,0.25708413,0.029438525,0.96594054,0.9512427,0.16856307,-0.25830957,-0.17042619,0.9852512,0.015331656
1356011392756,0.22523698,0.08153644,0.97088623,0.9592618,0.1558694,-0.23563027,-0.17054388,0.9844067,-0.04310724
1356011392797,0.18880379,0.1552189,0.9696702,0.96562797,0.15029031,-0.21207422,-0.17864993,0.976381,-0.1215083
1356011392837,0.15137637,0.23967859,0.9589783,0.9696846,0.15226358,-0.19112176,-0.19182527,0.9588378,-0.20936352
1356011392878,0.11748272,0.31727427,0.9410286,0.9716335,0.15912229,-0.17495283,-0.20524666,0.93488884,-0.28958023
1356011392917,0.09008066,0.37054217,0.92443717,0.9724003,0.16786955,-0.16204163,-0.21522811,0.91351974,-0.34519356
1356011392959,0.06976955,0.39220843,0.9172267,0.9725001,0.17806886,-0.15011665,-0.2222065,0.90247655,-0.36899894
1356011392997,0.053586498,0.3889654,0.9196925,0.972304,0.18950279,-0.13679829,-0.22749409,0.90155125,-0.36803776
1356011393040,0.040535495,0.3606743,0.9318106,0.9719235,0.20209698,-0.12050584,-0.23177949,0.9105333,-0.34235573
1356011393078,0.028057411,0.32245567,0.94616866,0.97168267,0.21336503,-0.10152909,-0.23461795,0.9222243,-0.30733812
1356011393116,0.016841039,0.2782862,0.9603506,0.9716619,0.22193502,-0.08135077,-0.23577422,0.93450606,-0.26666248
1356011393155,0.007464677,0.23357803,0.9723094,0.9718562,0.22725484,-0.062054694,-0.23545665,0.94540817,-0.22530788
1356011393198,0.0012260079,0.19199908,0.98139435,0.9721588,0.22973156,-0.04615888,-0.23431975,0.95412767,-0.18637198
1356011393253,-4.1407347E-4,0.15637779,0.98769724,0.972355,0.23069733,-0.036117673,-0.23350716,0.9603774,-0.15215027
1356011393276,0.0034812093,0.12832308,0.9917263,0.9721118,0.23212022,-0.033447206,-0.2344918,0.96418536,-0.123936296
1356011393315,0.013532072,0.10897106,0.99395275,0.9709993,0.235867,-0.039078593,-0.23869905,0.9656563,-0.10261899
1356011393350,0.029515833,0.098677814,0.99468166,0.96852964,0.24321869,-0.052868426,-0.24714214,0.96493906,-0.08839363
1356011393393,0.05025661,0.09646568,0.9940667,0.96390533,0.25588077,-0.0735628,-0.26145887,0.96188325,-0.08012408
1356011393437,0.07574922,0.097569376,0.9923418,0.9571092,0.27199507,-0.099803,-0.2796498,0.9573395,-0.072781146
1356011393482,0.103379846,0.09391019,0.99019873,0.94906366,0.2885949,-0.12645546,-0.29764178,0.9528346,-0.0592919
1356011393517,0.13283429,0.08381438,0.9875881,0.9419793,0.29923603,-0.1520952,-0.30826968,0.95049095,-0.03920257
1356011393556,0.1600895,0.063515425,0.9850569,0.9381933,0.30043715,-0.17184514,-0.30686247,0.9516844,-0.011492908
1356011393598,0.18461752,0.03775677,0.98208493,0.93776405,0.2922902,-0.18752304,-0.29413408,0.95558405,0.018554926
1356011393636,0.2045278,0.012798518,0.9787771,0.9394003,0.27847916,-0.19994095,-0.27512795,0.96035707,0.044933796
1356011393677,0.21793553,-0.008355707,0.9759274,0.94243836,0.26164064,-0.208217,-0.25360245,0.96512926,0.06489551
1356011393716,0.22331688,-0.024031937,0.97444963,0.9466132,0.24379107,-0.21092519,-0.23249316,0.96953,0.07719162
1356011393758,0.21995157,-0.032494813,0.97496945,0.9519193,0.22562069,-0.20723173,-0.21323937,0.9736731,0.08055803
1356011393798,0.20735711,-0.031645924,0.9777533,0.9581672,0.20812577,-0.19646713,-0.19727826,0.97758996,0.07347843
1356011393839,0.18748114,-0.015101075,0.9821521,0.9644687,0.19231561,-0.18114862,-0.18614766,0.9812169,0.05062002
1356011393877,0.16031346,0.017475367,0.9869114,0.97040147,0.18015912,-0.16082162,-0.18061149,0.9834822,0.01192385
1356011393919,0.13140154,0.07711199,0.9883255,0.97424173,0.17426455,-0.1431256,-0.18326673,0.98167485,-0.05222702
1356011393957,0.09922993,0.15106052,0.9835314,0.9765834,0.17482698,-0.12538058,-0.19088787,0.97294205,-0.13017511
1356011393996,0.069579005,0.23280951,0.9700302,0.97712016,0.18000495,-0.11328918,-0.20098507,0.9557186,-0.21495831
1356011394038,0.041872323,0.3034044,0.9519415,0.9770244,0.18684626,-0.10252768,-0.20897403,0.93436307,-0.2886098
1356011394076,0.015532643,0.34773174,0.9374654,0.9768485,0.194796,-0.08844042,-0.21336806,0.91713536,-0.3366555
1356011394117,-0.010503992,0.3608977,0.93254626,0.9763855,0.20494898,-0.06831795,-0.21578017,0.90980697,-0.354528
1356011394157,-0.03786908,0.34640035,0.93732214,0.97522974,0.21737392,-0.040932953,-0.21792856,0.9125543,-0.34605163
1356011394198,-0.06659052,0.3112928,0.9479781,0.97320616,0.2298244,-0.007106036,-0.22008055,0.92210495,-0.3182562
1356011394237,-0.09504482,0.26672935,0.9590734,0.970484,0.2393407,0.029612243,-0.22164688,0.9335799,-0.28160465
1356011394278,-0.121014535,0.2173096,0.96857226,0.9673983,0.24450624,0.06601024,-0.22247735,0.94498324,-0.23981375
1356011394327,-0.14265019,0.16633359,0.9756967,0.96426547,0.2457093,0.09909114,-0.2232556,0.95496595,-0.19544023
1356011394406,-0.15637049,0.12292045,0.9800198,0.96178335,0.24474898,0.12276271,-0.22476879,0.96176326,-0.15649438
1356011394408,-0.16230267,0.08739689,0.98286295,0.95985126,0.24493337,0.13672301,-0.2287868,0.96559274,-0.12364143
1356011394443,-0.15869918,0.06087768,0.9854484,0.95880795,0.24766114,0.13910922,-0.23558861,0.9669322,-0.097673595
1356011394486,-0.14846563,0.043461233,0.98796207,0.957587,0.2557959,0.13264841,-0.24695152,0.9657534,-0.07959479
1356011394527,-0.13084975,0.035497367,0.9907666,0.9558663,0.26968357,0.11657816,-0.26305526,0.9622945,-0.069218755
1356011394571,-0.107299864,0.03427881,0.9936356,0.95315343,0.28783637,0.092998415,-0.2828166,0.95706594,-0.063557744
1356011394607,-0.079170495,0.034206063,0.9962741,0.95035934,0.30427346,0.06507486,-0.30091384,0.9519704,-0.05659759
1356011394649,-0.05115959,0.02748555,0.99831223,0.94860727,0.31392148,0.039969504,-0.31229308,0.949051,-0.042133093
1356011394687,-0.022877097,0.015571713,0.999617,0.94934773,0.31377578,0.016838789,-0.31339335,0.9493694,-0.021961212
1356011394727,0.0022499561,-0.0020005703,0.99999547,0.9532697,0.30211687,-0.0015404522,-0.30211243,0.9532689,0.0025868416
1356011394768,0.023525596,-0.021326244,0.9994957,0.95921457,0.28219372,-0.016556263,-0.2816983,0.95912033,0.027095258
1356011394806,0.039514035,-0.039236784,0.9984484,0.9654789,0.2589688,-0.028032452,-0.25746712,0.9650885,0.048115134
1356011394846,0.049004883,-0.054142565,0.99733,0.97126997,0.23540065,-0.0349451,-0.23288018,0.9703891,0.064122796
1356011394887,0.051290482,-0.064522415,0.9965973,0.97641623,0.21279356,-0.036475033,-0.20971605,0.9749645,0.073915005
1356011394927,0.046369523,-0.06763178,0.9966322,0.9808858,0.19183049,-0.032619238,-0.18897831,0.979095,0.075234175
1356011394967,0.034572124,-0.059937716,0.9976032,0.98445725,0.17402291,-0.023660898,-0.17218766,0.98291576,0.06502247
1356011395010,0.017542094,-0.033268988,0.9992925,0.9866609,0.16235259,-0.011915237,-0.16184136,0.98617184,0.0356732
1356011395046,-0.005776137,0.010888845,0.999924,0.9872786,0.15895006,0.0039722323,-0.15889472,0.98722655,-0.011668384
1356011395089,-0.031665713,0.081317544,0.9961852,0.9855807,0.16828969,0.017591238,-0.1662173,0.9823778,-0.085474074
1356011395127,-0.061870664,0.16076538,0.9850515,0.9820632,0.1859295,0.031338304,-0.17811203,0.9693217,-0.16938537
1356011395166,-0.09197006,0.23757538,0.96700543,0.9774095,0.20712438,0.04207295,-0.19029492,0.94902974,-0.25125766
1356011395208,-0.120972544,0.2949438,0.9478259,0.9724299,0.22698024,0.05348122,-0.19936383,0.9281639,-0.31427056
1356011395246,-0.14770252,0.32320654,0.93473077,0.9674053,0.24377114,0.06857565,-0.20569625,0.91439223,-0.34867728
1356011395286,-0.17101866,0.32189906,0.9312001,0.96237636,0.25712264,0.08786169,-0.21114999,0.911191,-0.35376078
1356011395326,-0.19019261,0.29739618,0.93561864,0.9576137,0.26620582,0.11004746,-0.21633944,0.91689146,-0.33542103
1356011395368,-0.20424083,0.25861886,0.9441409,0.9537457,0.26989296,0.13238958,-0.22057855,0.92750967,-0.3017798
1356011395407,-0.21231008,0.21494177,0.95327044,0.95136,0.26832318,0.15138349,-0.22324595,0.9390435,-0.2614547
1356011395445,-0.21401569,0.17130566,0.9616921,0.95062375,0.26303843,0.16469759,-0.22474834,0.9494552,-0.2191416
1356011395487,-0.20938122,0.13175407,0.96891713,0.95130074,0.2567097,0.17066675,-0.22624433,0.95746595,-0.17908788
1356011395529,-0.1992321,0.09667486,0.9751721,0.9527127,0.25210536,0.16965073,-0.22944516,0.96285874,-0.14233088
1356011395567,-0.18260917,0.06898075,0.9807627,0.9547283,0.2507042,0.16012886,-0.2348355,0.965603,-0.111638784
1356011395606,-0.16165182,0.049728423,0.9855941,0.9562093,0.25482342,0.14397511,-0.24399275,0.965708,-0.08874339
1356011395648,-0.13445482,0.0413675,0.9900559,0.95689094,0.26500502,0.118878126,-0.25745204,0.96335924,-0.07521534
1356011395686,-0.09962171,0.044083655,0.99404836,0.9564747,0.27962714,0.083455324,-0.2742839,0.9590961,-0.07002187
1356011395726,-0.05631274,0.05432269,0.99693424,0.95463157,0.2953769,0.037828267,-0.2924164,0.9538351,-0.06849164
1356011395767,-0.002820909,0.06531587,0.99786055,0.95163906,0.30672586,-0.017386794,-0.3072053,0.9495541,-0.063022435
1356011395807,0.061161965,0.07126626,0.99558043,0.94777083,0.3086731,-0.08032057,-0.31303307,0.9484947,-0.048665047
1356011395847,0.1320644,0.06919116,0.9888233,0.9425189,0.30013978,-0.14688185,-0.30694807,0.9513825,-0.025576174
1356011395889,0.20383903,0.058704168,0.9772427,0.9352335,0.28346083,-0.21210423,-0.28946137,0.95718527,0.0028783083
1356011395927,0.26792377,0.046337426,0.96232516,0.9252364,0.26611137,-0.2704115,-0.2686159,0.9628279,0.028424442
1356011395968,0.3164476,0.032958776,0.94803727,0.9160361,0.24902937,-0.31442338,-0.24645212,0.9679349,0.04861331
1356011396007,0.3429045,0.020555079,0.9391454,0.9116149,0.23394991,-0.3379729,-0.22666007,0.97203135,0.06148413
1356011396046,0.34877834,0.011780143,0.93713117,0.9134981,0.21920702,-0.3427382,-0.20946321,0.9756072,0.06569353
1356011396088,0.33278045,0.009122014,0.94296026,0.9225738,0.20387092,-0.3275581,-0.19523016,0.9789553,0.059428513
1356011396126,0.29728752,0.017173499,0.95463353,0.93673277,0.18827575,-0.29509997,-0.18480223,0.981966,0.039885044
1356011396166,0.24628231,0.042416334,0.9682695,0.95237416,0.17474636,-0.24989429,-0.17980117,0.98369944,0.0026407242
1356011396206,0.18289864,0.0889557,0.9790991,0.9661961,0.16779059,-0.19573295,-0.18169516,0.98180103,-0.055260003
1356011396247,0.11170158,0.15457213,0.9816466,0.97545016,0.1716043,-0.13801762,-0.1897884,0.97296417,-0.1316089
1356011396288,0.03874111,0.22443032,0.9737197,0.97910285,0.1861611,-0.081863105,-0.19964132,0.95654327,-0.21252829
1356011396329,-0.029239446,0.28140572,0.9591433,0.9778601,0.20696428,-0.030911803,-0.20720717,0.9370041,-0.28122693
1356011396414,-0.09094146,0.3085035,0.94686604,0.9731443,0.22943428,0.018712103,-0.21147081,0.923139,-0.3210835
1356011396418,-0.14990878,0.30497563,0.9404877,0.96512544,0.25162286,0.07224122,-0.21461636,0.9185182,-0.33206016
1356011396441,-0.20218292,0.28534207,0.9368576,0.9548564,0.27003178,0.12382272,-0.21764949,0.9195993,-0.32705653
1356011396481,-0.24514231,0.24666765,0.93758214,0.9439131,0.28138843,0.17276746,-0.22120857,0.9273487,-0.301813
1356011396525,-0.2825781,0.1969215,0.93881387,0.932619,0.2853881,0.22085175,-0.22443587,0.9379635,-0.26429713
1356011396567,-0.31264165,0.14538369,0.9386792,0.9223888,0.2824593,0.26346827,-0.22683465,0.94819844,-0.22240883
1356011396608,-0.3327464,0.0972535,0.93798804,0.9148219,0.27469432,0.29604715,-0.22886837,0.9566006,-0.18037319
1356011396646,-0.34135145,0.055647343,0.938287,0.91096365,0.26552135,0.31566378,-0.23156938,0.9624977,-0.14132881
1356011396687,-0.33810836,0.021541923,0.9408607,0.9109435,0.25857347,0.321437,-0.23635727,0.9657514,-0.107049346
1356011396727,-0.32284006,-0.0036622584,0.9464465,0.91442347,0.25674275,0.31291026,-0.24413925,0.9664728,-0.07953799
1356011396768,-0.29772982,-0.01902315,0.9544606,0.91957927,0.26279142,0.29208672,-0.25638044,0.9646652,-0.060747504
1356011396817,-0.26263684,-0.023821503,0.9646007,0.92484045,0.27882975,0.25869694,-0.27512193,0.9600451,-0.051199913
1356011396857,-0.21381685,-0.020698905,0.9766544,0.931478,0.2969118,0.21021914,-0.29433152,0.95468056,-0.044204175
1356011396896,-0.16103202,-0.017337471,0.9867969,0.93715525,0.3108884,0.1583933,-0.30952984,0.9502883,-0.033815086
1356011396936,-0.10450706,-0.017389804,0.9943721,0.9433646,0.31481937,0.10465187,-0.3148675,0.9489923,-0.016495943
1356011396977,-0.04588744,-0.020967156,0.99872655,0.950263,0.30739036,0.050114036,-0.30804962,0.9513525,0.005818963
1356011397016,0.011139691,-0.027004778,0.99957323,0.9565613,0.29151785,-0.0027846098,-0.2913183,0.9561841,0.02907914
1356011397058,0.063262165,-0.034290314,0.9974077,0.9613047,0.27059847,-0.05166924,-0.26812518,0.96208143,0.050082088
1356011397098,0.10757592,-0.040503323,0.9933715,0.9637198,0.24974766,-0.09418172,-0.2442775,0.96746343,0.06590068
1356011397139,0.14103138,-0.044437498,0.98900735,0.96503806,0.22910964,-0.12731922,-0.22093335,0.97238576,0.07519555
1356011397177,0.16124034,-0.045269936,0.9858764,0.9663533,0.21009219,-0.14840028,-0.20040685,0.97663295,0.077622086
1356011397216,0.16783437,-0.03873229,0.985054,0.9686432,0.1921713,-0.15748212,-0.1831995,0.9805968,0.069770694
1356011397258,0.15793657,-0.020462275,0.9872372,0.9725623,0.17617458,-0.1519373,-0.17081705,0.9841462,0.04772526
1356011397297,0.1301867,0.015634447,0.99136615,0.9775671,0.1649482,-0.13097587,-0.16557178,0.9861783,0.0061903596
1356011397336,0.08490133,0.070985556,0.9938575,0.98198795,0.16301405,-0.09553051,-0.168794,0.98406684,-0.055866838
1356011397414,0.025900275,0.14320189,0.98935455,0.9833084,0.17464676,-0.05102086,-0.18009382,0.9741621,-0.13628817
1356011397416,-0.039007783,0.2196807,0.97479165,0.97998214,0.19900584,-0.0056328177,-0.19522664,0.9550587,-0.22304595
1356011397455,-0.097948104,0.28012526,0.9549534,0.97318995,0.22761574,0.03304997,-0.20810431,0.9325882,-0.29490966
1356011397497,-0.1429832,0.3136491,0.9387119,0.9656465,0.25214785,0.06283641,-0.21698555,0.9154484,-0.33892697
1356011397537,-0.17387226,0.31907967,0.9316419,0.9591845,0.2691162,0.08684245,-0.22301024,0.90871596,-0.3528481
1356011397579,-0.19207036,0.29835895,0.9349283,0.9545989,0.27784288,0.10744482,-0.22770607,0.9131184,-0.33817852
1356011397617,-0.20401439,0.26524127,0.94235086,0.95124424,0.28116927,0.1267997,-0.23132756,0.9222748,-0.30967182
1356011397662,-0.20853505,0.22147554,0.95260787,0.94964594,0.27874872,0.14307928,-0.23384967,0.9344772,-0.26845223
1356011397697,-0.20880884,0.18013069,0.9612241,0.9491992,0.27393138,0.1548627,-0.23541391,0.94472986,-0.22817916
1356011397736,-0.20336771,0.14159256,0.9688102,0.9500266,0.26788437,0.16027313,-0.23683563,0.95298976,-0.18899572
1356011397776,-0.18977779,0.10844526,0.97581965,0.95228195,0.26231217,0.15604874,-0.23904663,0.95887005,-0.15305156
1356011397817,-0.16738954,0.082034916,0.9824718,0.95549536,0.25903913,0.14116406,-0.24291825,0.9623767,-0.121744394
1356011397857,-0.13589016,0.0639925,0.9886551,0.9588975,0.25939992,0.115009844,-0.24909726,0.96364754,-0.096612155
1356011397896,-0.09655878,0.055648386,0.9937704,0.9612343,0.26429358,0.078597754,-0.2582733,0.96283543,-0.07901096
1356011397938,-0.0510104,0.05773157,0.9970281,0.9610756,0.27427265,0.03328955,-0.27153566,0.9599175,-0.069475174
1356011397977,0.0019049942,0.06774047,0.9977011,0.9578546,0.28646412,-0.021278799,-0.287247,0.9556932,-0.06433976
1356011398019,0.05897236,0.07866293,0.9951555,0.9512262,0.297962,-0.07992187,-0.30280548,0.95133114,-0.05725473
1356011398057,0.12208569,0.085620046,0.9888197,0.9421333,0.30340105,-0.14259246,-0.31221774,0.94900846,-0.04362458
1356011398100,0.18603197,0.07930839,0.9793377,0.9326376,0.29937175,-0.20140454,-0.30915913,0.95083475,-0.018273234
1356011398137,0.2486754,0.06697744,0.96626836,0.92203677,0.28918147,-0.2573369,-0.29666263,0.95492834,0.010156691
1356011398176,0.30271697,0.048243403,0.95185864,0.9123733,0.27409405,-0.30405152,-0.27556726,0.960492,0.03895694
1356011398215,0.34528467,0.028265983,0.93807226,0.90425706,0.25751248,-0.34059736,-0.25119263,0.96586144,0.063355386
1356011398257,0.37378937,0.01051864,0.9274539,0.89911985,0.24141188,-0.36510792,-0.22773883,0.97036576,0.0807797
1356011398297,0.38711864,-0.0030730367,0.9220247,0.8984848,0.22580029,-0.37648264,-0.2070365,0.9741688,0.09017259
1356011398336,0.38470024,-0.010573775,0.922981,0.90331376,0.20994093,-0.37409782,-0.18981588,0.97765696,0.09031576
1356011398412,0.3665149,-0.008605808,0.93037236,0.91346526,0.19331267,-0.35806626,-0.17677128,0.9810994,0.07871312
1356011398413,0.33262596,0.008325547,0.943022,0.9277389,0.17662004,-0.3287945,-0.16929397,0.98424387,0.051024497
1356011398456,0.28268754,0.04660681,0.9580791,0.9441161,0.16298658,-0.28649634,-0.1695067,0.98552686,0.0020720363
1356011398498,0.21853217,0.10439861,0.97022915,0.9595791,0.15770546,-0.23310286,-0.17734608,0.98195213,-0.065715015
1356011398540,0.14523318,0.18277884,0.9723679,0.9704212,0.16524354,-0.17600372,-0.19284728,0.96916795,-0.1533736
1356011398577,0.06954071,0.25547078,0.96431255,0.975749,0.18369904,-0.119031966,-0.20755252,0.9492046,-0.2365008
1356011398616,0.0032768995,0.31004274,0.950717,0.9760152,0.20596029,-0.07053074,-0.2176775,0.9281454,-0.30193156
1356011398656,-0.05192794,0.33649954,0.94025075,0.9735098,0.22698896,-0.027470678,-0.22267044,0.9139168,-0.3393727
1356011398696,-0.09635118,0.3345089,0.9374542,0.9696194,0.24429998,0.012484252,-0.22484398,0.9101766,-0.3478849
1356011398737,-0.1321851,0.3100758,0.9414776,0.96504974,0.25709182,0.050821483,-0.22628766,0.91529053,-0.3332222
1356011398776,-0.16112524,0.27270362,0.9485101,0.96033037,0.26496112,0.08695489,-0.2276054,0.9248937,-0.30457753
1356011398820,-0.18268663,0.22809249,0.95634687,0.9562052,0.2674743,0.11886591,-0.22868583,0.9361791,-0.26696724
1356011398856,-0.19649851,0.18555397,0.9627866,0.95327824,0.2659406,0.14330429,-0.22945338,0.9459626,-0.22914153
1356011398899,-0.20098418,0.1460616,0.9686441,0.95207936,0.26184094,0.15806422,-0.23054355,0.9539944,-0.19168812
1356011398937,-0.19331336,0.113359004,0.97456646,0.953164,0.25719494,0.15915176,-0.23261225,0.9596877,-0.1577689
1356011398976,-0.17513412,0.08741915,0.98065585,0.9556037,0.25482142,0.14794439,-0.23695892,0.9630285,-0.12816602
1356011399017,-0.14449227,0.0700638,0.9870223,0.9588021,0.2564693,0.12215558,-0.24458218,0.96400964,-0.10423511
1356011399057,-0.10221955,0.062428564,0.99280095,0.9611869,0.26330337,0.08240777,-0.25626323,0.962691,-0.0869202
1356011399096,-0.04932019,0.063774526,0.99674475,0.96115345,0.27437875,0.030003607,-0.27157208,0.95950454,-0.07482952
1356011399137,0.011795133,0.06981614,0.9974901,0.9574127,0.2870094,-0.03140956,-0.2884819,0.9553802,-0.06345755
1356011399177,0.07986346,0.074732065,0.9940005,0.9499395,0.29646346,-0.0986124,-0.30205435,0.9521158,-0.047314346
1356011399217,0.15164849,0.07362595,0.9856885,0.939608,0.29881153,-0.1668787,-0.30682164,0.95146775,-0.023865223
1356011399259,0.22314602,0.06458947,0.9726428,0.92759573,0.29262477,-0.23224327,-0.2996198,0.9540434,0.0053851604
1356011399296,0.28953537,0.052470624,0.95572805,0.913949,0.28149375,-0.29233286,-0.2843704,0.9581274,0.033546895
1356011399339,0.34440905,0.037177682,0.9380833,0.90131515,0.26651037,-0.34147212,-0.262704,0.96311474,0.058279812
1356011399413,0.38491344,0.022782713,0.92267144,0.8909842,0.25165927,-0.3779084,-0.2408086,0.9675477,0.07656801
1356011399416,0.40978932,0.010234505,0.9121228,0.88545954,0.23578866,-0.400456,-0.2191667,0.97175044,0.08756143
1356011399454,0.41659707,6.3201785E-4,0.90909106,0.88683856,0.2196189,-0.40655237,-0.19991058,0.9755855,0.09093207
1356011399516,0.40819448,-0.0011526048,0.91289425,0.8941958,0.20186819,-0.39957866,-0.18382373,0.97941196,0.08343214
1356011399544,0.38267428,0.019238204,0.92368305,0.90739465,0.18021737,-0.3796797,-0.17376807,0.98343873,0.05150789
1356011399585,0.3327413,0.058885604,0.94117785,0.9273293,0.16086379,-0.33790985,-0.17129937,0.9852184,-0.0010802746
1356011399621,0.2738602,0.121612996,0.9540497,0.9453497,0.14847866,-0.2902894,-0.17695895,0.9814093,-0.07430437
1356011399663,0.21145971,0.20104581,0.9564859,0.9591009,0.14572968,-0.24266905,-0.18817598,0.9686813,-0.16200727
1356011399705,0.15098971,0.27552643,0.94936156,0.9683795,0.15171897,-0.19804677,-0.1986033,0.9492452,-0.2439062
1356011399747,0.09792949,0.32614985,0.9402319,0.9738523,0.1632004,-0.15804255,-0.20499182,0.931124,-0.30163968
1356011399786,0.05367756,0.3463322,0.936575,0.9765407,0.17766684,-0.12166679,-0.20853549,0.92113435,-0.3286708
1356011399828,0.0152704865,0.33934605,0.9405377,0.97727394,0.19383837,-0.08580378,-0.2114295,0.9204732,-0.32867408
1356011399867,-0.01930648,0.31210873,0.9498502,0.9765403,0.2096743,-0.04904732,-0.21446729,0.9266201,-0.3088348
1356011399906,-0.050664693,0.27444613,0.96026677,0.9748148,0.22268137,-0.012210429,-0.2171846,0.93546367,-0.27881622
1356011399947,-0.07704869,0.23264506,0.96950495,0.9726299,0.23133639,0.021784931,-0.21921363,0.9446479,-0.2441017
1356011399988,-0.09624165,0.1909216,0.9768759,0.97057503,0.23564208,0.049566746,-0.22072974,0.9529017,-0.20798236
1356011400043,-0.1056104,0.14956728,0.9830951,0.9690318,0.23739353,0.06798282,-0.22321242,0.95983016,-0.17000669
1356011400077,-0.09831303,0.117976636,0.9881377,0.96889424,0.23795295,0.067988545,-0.22710922,0.9640851,-0.13770074
1356011400117,-0.08199552,0.09554976,0.9920418,0.96869475,0.24167255,0.056788772,-0.23432311,0.9656421,-0.112374604
1356011400157,-0.053735346,0.083818465,0.99503124,0.96785796,0.24954924,0.031246573,-0.24569026,0.96472776,-0.09453398
1356011400196,-0.015221953,0.08223605,0.9964966,0.9650574,0.26194847,-0.0068755746,-0.26159614,0.96157175,-0.083349824
1356011400236,0.031091511,0.08755958,0.995674,0.95920146,0.27744997,-0.05435157,-0.28100872,0.9567418,-0.075360954
1356011400277,0.082134604,0.09339988,0.99223506,0.95042586,0.2922594,-0.10618433,-0.29990768,0.9517672,-0.064765036
1356011400316,0.13413718,0.092924654,0.9865963,0.94047874,0.30178276,-0.1562911,-0.31226104,0.9488373,-0.046913385
1356011400358,0.18367657,0.08201024,0.97955966,0.9319036,0.30253568,-0.20006934,-0.3127595,0.9496033,-0.020856917
1356011400408,0.22794028,0.06427106,0.9715516,0.92561746,0.29530674,-0.23669887,-0.3021186,0.95323825,0.0078219175
1356011400439,0.26320213,0.04111287,0.96386427,0.9227282,0.28089648,-0.26395053,-0.2815978,0.9588571,0.035996556
1356011400477,0.28723672,0.019266188,0.9576658,0.9221095,0.26503614,-0.28190404,-0.25924718,0.96404594,0.058362603
1356011400516,0.299946,8.139014E-5,0.95395625,0.9242252,0.24768597,-0.29061908,-0.23630524,0.9688404,0.07421717
1356011400557,0.29971015,-0.015228301,0.9539088,0.92961144,0.22943461,-0.28841335,-0.21446767,0.9732049,0.08292028
1356011400597,0.28715876,-0.024156839,0.9575783,0.9379219,0.21011105,-0.2759637,-0.19453141,0.9773791,0.082992435
1356011400636,0.26248023,-0.023332894,0.9646553,0.9484166,0.19043717,-0.2534555,-0.17779243,0.98142207,0.07211527
1356011400676,0.22667089,-0.006586492,0.97394913,0.95969146,0.17211792,-0.22218871,-0.16617066,0.9850544,0.045335114
1356011400717,0.17840773,0.031519234,0.9834516,0.97053117,0.1589067,-0.18115675,-0.16198695,0.9867903,-0.0022402108
1356011400756,0.117768705,0.0908936,0.9888725,0.97907174,0.15581232,-0.13092315,-0.16597858,0.98359585,-0.07064152
1356011400798,0.047725677,0.16726023,0.984757,0.983051,0.16684604,-0.075981736,-0.17701155,0.97169256,-0.15646255
1356011400837,-0.024429351,0.2392864,0.9706417,0.9816719,0.18930909,-0.021962285,-0.18900663,0.95231515,-0.23952544
1356011400879,-0.088055015,0.29124627,0.95258695,0.9760753,0.21608621,0.024159491,-0.19880456,0.931924,-0.3033058
1356011400917,-0.13827416,0.31435466,0.93918127,0.96876407,0.24003431,0.06228739,-0.20585543,0.91845775,-0.33772606
1356011400956,-0.17188454,0.3092898,0.935305,0.9621047,0.2567215,0.091916144,-0.21168414,0.9156603,-0.34169567
1356011400997,-0.19058749,0.2838312,0.9397427,0.9574293,0.2651669,0.11408594,-0.21680751,0.92148054,-0.32228577
1356011401037,-0.19659323,0.24754429,0.94872177,0.9553369,0.26610374,0.12853113,-0.22064126,0.93161726,-0.28880233
1356011401076,-0.19205049,0.20932412,0.9588013,0.9557903,0.26156637,0.13434264,-0.22266906,0.94221354,-0.25030386
1356011401117,-0.17806238,0.17341089,0.96861887,0.95837,0.25384223,0.13073322,-0.2232058,0.95157385,-0.21139151
1356011401157,-0.15470567,0.14192283,0.9777137,0.9623991,0.24530604,0.116674304,-0.22328031,0.95900095,-0.17453665
1356011401197,-0.12204561,0.11638063,0.98567766,0.9668712,0.2382699,0.09158409,-0.22419864,0.96420074,-0.14160484
1356011401240,-0.08163932,0.097059965,0.9919246,0.9702996,0.23513088,0.056851864,-0.227714,0.9671054,-0.11337316
1356011401278,-0.033017963,0.08562353,0.9957802,0.97156656,0.23646846,0.011882067,-0.23445317,0.9678591,-0.09099662
1356011401318,0.01815629,0.082431674,0.99643135,0.96892595,0.24443376,-0.037876368,-0.24668372,0.9661559,-0.07543218
1356011401357,0.075066924,0.086785346,0.99339485,0.9620265,0.2558723,-0.095050186,-0.26243117,0.9628072,-0.06428224
1356011401411,0.13278067,0.09340146,0.98673475,0.9506538,0.2696491,-0.15344957,-0.28040448,0.95841825,-0.05298823
1356011401438,0.19535704,0.09777215,0.9758464,0.9356291,0.2796988,-0.21532947,-0.2939963,0.9550964,-0.03683734
1356011401476,0.25940746,0.09353173,0.96122825,0.9188098,0.28267866,-0.27546585,-0.29748347,0.9546437,-0.012608886
1356011401516,0.32288945,0.08101642,0.94296277,0.90118575,0.27807266,-0.3324753,-0.28914812,0.95713735,0.016775906
1356011401557,0.38092542,0.06310511,0.92244977,0.8838932,0.26793414,-0.38333294,-0.27134603,0.9613683,0.046284705
1356011401596,0.42921734,0.04425615,0.9021163,0.8681868,0.2551903,-0.42559323,-0.24904644,0.9658774,0.0711095
1356011401636,0.46476597,0.027669221,0.8850012,0.8559129,0.24190031,-0.45705295,-0.22672835,0.96990657,0.08874455
1356011401680,0.4861893,0.01474601,0.8737291,0.8492084,0.22781168,-0.47638944,-0.20607054,0.9735936,0.09823719
1356011401717,0.49204093,0.0058525205,0.8705524,0.8498867,0.2134609,-0.48179558,-0.18864861,0.9769341,0.10005754
1356011401759,0.48365977,0.0054776967,0.87523896,0.8576268,0.1967251,-0.47515836,-0.17478424,0.98044336,0.09045023
1356011401797,0.4579082,0.014976233,0.8888733,0.87348044,0.17842853,-0.45298475,-0.16538435,0.98383886,0.06862244
1356011401836,0.41719264,0.04349965,0.9077765,0.89414,0.15914792,-0.41855177,-0.16267756,0.98629594,0.0275006
1356011401878,0.3588922,0.095881104,0.9284413,0.9180747,0.14312847,-0.369666,-0.16833034,0.9850488,-0.036658347
1356011401925,0.28441,0.17436343,0.94271326,0.94114095,0.136571,-0.30919564,-0.18265972,0.9751644,-0.12525842
1356011401956,0.2033626,0.25325146,0.9457839,0.95896995,0.14336617,-0.24458683,-0.19753534,0.9567182,-0.21370524
1356011401998,0.13029401,0.32056865,0.93822134,0.96914566,0.15852241,-0.18875206,-0.20923713,0.9338664,-0.2900232
1356011402037,0.06780714,0.36052185,0.93028295,0.9740736,0.17778903,-0.1398994,-0.21583095,0.9156501,-0.33911943
1356011402079,0.017505601,0.36819267,0.9295846,0.97552896,0.19751246,-0.09660208,-0.21917269,0.90852785,-0.35572505
1356011402117,-0.026867524,0.35148364,0.9358084,0.974732,0.21688269,-0.053474754,-0.22175619,0.9107257,-0.34842944
1356011402159,-0.06488371,0.31214377,0.9478167,0.9723146,0.23344755,-0.010320425,-0.22448698,0.92090636,-0.31864893
1356011402197,-0.10178366,0.26533258,0.9587693,0.96863747,0.2460374,0.034742206,-0.2266748,0.9322361,-0.28205365
1356011402236,-0.13301128,0.21589267,0.9673151,0.96448326,0.25292236,0.07617274,-0.22821048,0.94309103,-0.24186647
1356011402279,-0.15755033,0.16871876,0.9729912,0.9604674,0.25518793,0.111272275,-0.22952187,0.9520573,-0.20225376
1356011402317,-0.17331883,0.12760827,0.9765638,0.95729995,0.25478503,0.13660696,-0.23138168,0.95854104,-0.16631848
1356011402356,-0.17905653,0.09429401,0.9793097,0.9554271,0.25415248,0.15021849,-0.23472929,0.9625566,-0.13559872
1356011402406,-0.17444164,0.06970477,0.98219717,0.95481503,0.25572878,0.15142989,-0.24062073,0.9642323,-0.11116493
1356011402438,-0.15989366,0.054401785,0.9856341,0.9549322,0.26147607,0.14048097,-0.25007737,0.9636756,-0.093758404
1356011402477,-0.13636813,0.047252983,0.98953056,0.9551097,0.271449,0.11866215,-0.26299998,0.96129215,-0.08214879
