1356011270930,0.9649811,-0.004372865,0.26228294,0.26190752,-0.03994727,-0.9642659,0.014694072,0.9991922,-0.037403077
1356011270993,0.76315534,-0.035428226,-0.6452433,-0.6460486,-0.019160718,-0.7630558,0.014670402,0.99918854,-0.03751096
1356011271031,0.7632382,-0.035611093,-0.64513505,-0.6459525,-0.019514956,-0.7631281,0.014586031,0.99917513,-0.03789763
1356011271067,0.76349974,-0.036153793,-0.6447954,-0.6456488,-0.020551711,-0.7633579,0.014346629,0.9991349,-0.039033875
1356011271106,0.7640627,-0.03711742,-0.64407337,-0.64499074,-0.022331536,-0.7638641,0.01396957,0.9990614,-0.041003108
1356011271146,0.7649829,-0.03856492,-0.642895,-0.6439081,-0.024798565,-0.76470083,0.013547748,0.9989483,-0.04380274
1356011271191,0.7661679,-0.04033959,-0.64137316,-0.6425037,-0.027493559,-0.7657892,0.01325801,0.9988077,-0.046983033
1356011271226,0.7675049,-0.042656958,-0.63962233,-0.640904,-0.030274093,-0.76702386,0.013354927,0.99863106,-0.050574556
1356011271270,0.7686738,-0.04521036,-0.6380412,-0.6394889,-0.03256908,-0.7681101,0.013946116,0.9984464,-0.053946525
1356011271305,0.7695969,-0.048173994,-0.6367102,-0.6383482,-0.034252785,-0.76898515,0.0152359605,0.99825144,-0.05711262
1356011271350,0.77019095,-0.05176592,-0.6357092,-0.6375805,-0.03555715,-0.7695627,0.017233074,0.998026,-0.060390726
1356011271390,0.77043414,-0.056076884,-0.6350485,-0.6372145,-0.036922097,-0.7698015,0.019720733,0.9977435,-0.06417905
1356011271425,0.7703623,-0.060988635,-0.6346828,-0.6372137,-0.038711846,-0.7697143,0.022374064,0.99738747,-0.06868492
1356011271466,0.77006906,-0.066247135,-0.6345116,-0.63747525,-0.041119277,-0.7693728,0.024878085,0.99695563,-0.07389559
1356011271504,0.7698231,-0.071958244,-0.63418806,-0.637683,-0.044566244,-0.7690087,0.027073175,0.9964115,-0.08019467
1356011271551,0.7696141,-0.07785967,-0.6337444,-0.63786125,-0.04904464,-0.76858807,0.028760254,0.9957572,-0.08740911
1356011271585,0.7695918,-0.083937556,-0.6329951,-0.63784087,-0.05480674,-0.7682156,0.029789686,0.99496263,-0.095717594
1356011271626,0.76966614,-0.08980891,-0.63209844,-0.63773537,-0.061428793,-0.7678022,0.030126423,0.99406284,-0.10455398
1356011271667,0.76999617,-0.095688224,-0.6308325,-0.6373653,-0.069610804,-0.76741105,0.029519439,0.99297434,-0.114588395
1356011271702,0.7703544,-0.10085973,-0.62958825,-0.6369903,-0.07800952,-0.7669144,0.028236866,0.99183756,-0.12434165
1356011271746,0.77068865,-0.104911745,-0.62851614,-0.63667446,-0.08627813,-0.7662909,0.026165724,0.99073184,-0.1332882
1356011271784,0.77089643,-0.10731438,-0.6278553,-0.63653076,-0.09358856,-0.7655519,0.023394644,0.98981047,-0.14045599
1356011271820,0.7709421,-0.10776803,-0.62772155,-0.63659024,-0.09938761,-0.7647712,0.02003014,0.9891957,-0.14522617
1356011271895,0.77077633,-0.10605863,-0.628216,-0.636904,-0.10344877,-0.763971,0.016037494,0.9889641,-0.14728503
1356011271900,0.77033424,-0.102145106,-0.62940574,-0.6375395,-0.1058293,-0.7631144,0.01133886,0.9891241,-0.14664549
1356011271934,0.7694156,-0.09617832,-0.6314659,-0.6387217,-0.10681227,-0.7619879,0.005838424,0.9896165,-0.14361422
1356011271986,0.76772195,-0.08856493,-0.6346331,-0.6407829,-0.10679624,-0.76025766,-4.4429302E-4,0.9903286,-0.1387407
1356011272029,0.76491153,-0.07986668,-0.6391648,-0.6440922,-0.10631585,-0.7575237,-0.0074524283,0.9911197,-0.13276374
1356011272063,0.7608533,-0.070960104,-0.6450324,-0.6487515,-0.106086165,-0.7535696,-0.01495567,0.99182177,-0.12675147
1356011272106,0.7552629,-0.06113556,-0.6525645,-0.6549767,-0.10709387,-0.74802166,-0.024154931,0.99236757,-0.120926395
1356011272149,0.7482646,-0.05163625,-0.6613878,-0.6625253,-0.10935521,-0.7410139,-0.03406301,0.99266064,-0.11603695
1356011272184,0.7405334,-0.042058885,-0.6707021,-0.67050487,-0.11321317,-0.73321617,-0.045094073,0.9926801,-0.11203882
1356011272229,0.7324673,-0.03265652,-0.68001854,-0.6784482,-0.11800535,-0.7251088,-0.056566358,0.9924758,-0.10859078
1356011272266,0.72485936,-0.023631364,-0.68849146,-0.68557966,-0.12270467,-0.71758217,-0.06752363,0.9921619,-0.10514483
1356011272305,0.7184256,-0.0149819255,-0.6954425,-0.6912941,-0.12649632,-0.71141493,-0.07731253,0.99185395,-0.10123511
1356011272354,0.7137259,-0.006682545,-0.70039314,-0.6951703,-0.1290159,-0.70717263,-0.0856362,0.99161994,-0.096727476
1356011272391,0.7110615,0.0013464987,-0.7031286,-0.6970118,-0.13028035,-0.70512515,-0.09255329,0.99147624,-0.091698796
1356011272423,0.71061176,0.009019852,-0.7035266,-0.69669825,-0.13053383,-0.7053881,-0.09819654,0.9914028,-0.08647475
1356011272465,0.7121185,0.016352266,-0.7018688,-0.694476,-0.13013461,-0.7076497,-0.10290912,0.9913615,-0.08131501
1356011272512,0.7155029,0.023415118,-0.6982173,-0.6903304,-0.12971598,-0.7117709,-0.10723612,0.9912747,-0.076648
1356011272547,0.7195785,0.030822009,-0.6937267,-0.68533945,-0.1294305,-0.7166292,-0.11187738,0.9911093,-0.07201186
1356011272586,0.7241888,0.03860587,-0.6885203,-0.679736,-0.12832078,-0.72214454,-0.11623046,0.99098104,-0.06668666
1356011272633,0.72793734,0.047294885,-0.68401057,-0.67523456,-0.12372382,-0.72715247,-0.11901897,0.991189,-0.05812805
1356011272662,0.7315156,0.055452466,-0.679566,-0.6714329,-0.11476223,-0.73212534,-0.11858666,0.9918441,-0.046717763
1356011272704,0.7347084,0.06185952,-0.6755567,-0.6689577,-0.099358395,-0.7366297,-0.11268985,0.993127,-0.03161803
1356011272743,0.7381272,0.06464651,-0.6715572,-0.66712534,-0.078427374,-0.7408057,-0.10055897,0.9948216,-0.014762044
1356011272781,0.74190044,0.06262982,-0.66757864,-0.6652744,-0.055421665,-0.7445391,-0.083628654,0.99649686,5.486682E-4
1356011272824,0.74600476,0.054943174,-0.6636702,-0.66295004,-0.033069015,-0.747933,-0.0630407,0.9979418,0.01175493
1356011272885,0.7498501,0.041608542,-0.6602981,-0.66035295,-0.014370069,-0.7508179,-0.040728956,0.9990306,0.016700923
1356011272896,0.75327206,0.021789938,-0.65734804,-0.6574731,-0.0018250346,-0.75347584,-0.017617851,0.9997609,0.012951553
1356011272936,0.75464904,-0.0020788908,-0.6561254,-0.6561179,0.0033374429,-0.75465107,0.003758639,0.9999924,0.0011546016
1356011272984,0.7554797,-0.032179415,-0.65438133,-0.6547733,-0.002239652,-0.75582206,0.022856355,0.99947965,-0.022762254
1356011273023,0.75385725,-0.065419674,-0.6537733,-0.65593505,-0.01729694,-0.7546191,0.03805867,0.99770796,-0.055950493
1356011273065,0.7524056,-0.10479805,-0.65031004,-0.6569611,-0.04769791,-0.7524141,0.047833055,0.99334896,-0.1047364
1356011273101,0.7492961,-0.14620039,-0.6458953,-0.66014385,-0.087448776,-0.74603146,0.05258733,0.98538226,-0.16203831
1356011273144,0.7467741,-0.1898582,-0.6374029,-0.6629839,-0.13651773,-0.736081,0.052734226,0.97227407,-0.22782083
1356011273182,0.74435526,-0.23298249,-0.625823,-0.66583323,-0.18736047,-0.72219265,0.051003784,0.95426166,-0.29459023
1356011273222,0.74154806,-0.27078223,-0.6138269,-0.6690239,-0.2300883,-0.7067294,0.050135404,0.93473864,-0.3517813
1356011273272,0.7377646,-0.29857606,-0.6054384,-0.6731453,-0.2579191,-0.69307506,0.05078149,0.91887426,-0.39126867
1356011273301,0.73217714,-0.31270975,-0.6050862,-0.6791596,-0.26793265,-0.6833406,0.051564902,0.9112764,-0.40855396
1356011273345,0.72393936,-0.31121606,-0.61567557,-0.6879801,-0.25979328,-0.6776362,0.050942898,0.91414005,-0.40218502
1356011273381,0.71333385,-0.29826057,-0.6341888,-0.6991129,-0.23963994,-0.67365706,0.048948377,0.9239119,-0.3794611
1356011273424,0.69988096,-0.27382076,-0.6596885,-0.7128027,-0.20880166,-0.66956264,0.045596123,0.9388419,-0.34131646
1356011273471,0.6853496,-0.24416794,-0.6860598,-0.7270367,-0.17586952,-0.6636924,0.041395426,0.95365196,-0.29805118
1356011273503,0.66980827,-0.20880008,-0.71257234,-0.74168706,-0.14231217,-0.6554749,0.035455525,0.96754825,-0.2501862
1356011273544,0.6567718,-0.17284289,-0.73401374,-0.7535559,-0.1138224,-0.647455,0.028360784,0.9783505,-0.20500211
1356011273586,0.64682305,-0.13764337,-0.7501161,-0.7623886,-0.09144567,-0.6406257,0.019582987,0.9862515,-0.16408691
1356011273620,0.6427686,-0.10550615,-0.7587601,-0.7660079,-0.07692398,-0.638212,0.008968443,0.9914389,-0.13026285
1356011273661,0.64552116,-0.078133345,-0.7597353,-0.7637305,-0.071590334,-0.6415532,-0.004262984,0.9943692,-0.10588589
1356011273702,0.6543579,-0.05539912,-0.75415295,-0.7558829,-0.07610789,-0.6502682,-0.021372676,0.99555945,-0.091677055
1356011273749,0.6669817,-0.03500548,-0.7442514,-0.74387693,-0.08788827,-0.6625124,-0.04221937,0.9955151,-0.08465965
1356011273781,0.6802816,-0.0140762925,-0.7328156,-0.73011583,-0.10086678,-0.6758379,-0.064403474,0.9948003,-0.07889514
1356011273822,0.6929861,0.0077433586,-0.72090936,-0.7162281,-0.10687427,-0.6896341,-0.08238676,0.9942424,-0.06851637
1356011273891,0.704275,0.02877906,-0.70934373,-0.7040851,-0.09960671,-0.7030951,-0.09088981,0.99461067,-0.04988762
1356011273897,0.71510077,0.045125723,-0.6975633,-0.69351465,-0.07921201,-0.7160745,-0.08756882,0.99583584,-0.025349207
1356011273957,0.7261015,0.052051127,-0.68561447,-0.6845817,-0.038407683,-0.7279236,-0.06422213,0.99790555,0.007745385
1356011274000,0.7355807,0.05139187,-0.675485,-0.67625296,-0.0032249093,-0.7366624,-0.040036827,0.9986733,0.032381713
1356011274041,0.7423719,0.044198453,-0.66852856,-0.6697791,0.024042517,-0.74217105,-0.016729712,0.9987334,0.047451705
1356011274081,0.74630094,0.030326933,-0.66491735,-0.6655865,0.04215738,-0.7451292,0.005433768,0.99865067,0.05164727
1356011274120,0.74675757,0.010422498,-0.6650147,-0.66461253,0.04982537,-0.7455252,0.025364399,0.99870366,0.044134393
1356011274163,0.74558336,-0.018993855,-0.6661416,-0.6650638,0.042353272,-0.74558467,0.04237482,0.99892217,0.018945768
1356011274210,0.74167025,-0.056500763,-0.6683808,-0.66848457,0.019828267,-0.74346155,0.05525893,0.9982056,-0.023063853
1356011274243,0.7390583,-0.10857603,-0.6648339,-0.6707437,-0.027165294,-0.74119157,0.062415272,0.9937169,-0.092903435
1356011274280,0.7344249,-0.16751379,-0.6576923,-0.6754768,-0.086227216,-0.7323223,0.06596309,0.9820916,-0.17647909
1356011274319,0.72978204,-0.22869715,-0.6442948,-0.6802813,-0.1490562,-0.71763474,0.068084896,0.96201867,-0.2643569
1356011274361,0.7224973,-0.28095984,-0.63171136,-0.6878056,-0.19938278,-0.69797564,0.07015079,0.93878007,-0.3372993
1356011274400,0.7108643,-0.314967,-0.6288622,-0.6997565,-0.22671828,-0.6774507,0.070800066,0.92162603,-0.38156617
1356011274441,0.6940458,-0.32726067,-0.6412495,-0.7167048,-0.22985238,-0.65840876,0.06807858,0.9165524,-0.39407736
1356011274481,0.6708368,-0.32113302,-0.66846955,-0.73902464,-0.21435058,-0.63866764,0.061810434,0.9224573,-0.3811195
1356011274521,0.6406753,-0.30038172,-0.70661587,-0.76599056,-0.18669724,-0.61514443,0.052854896,0.93536896,-0.34970188
1356011274559,0.6055438,-0.2730738,-0.7474941,-0.7946222,-0.1561315,-0.58668435,0.04350075,0.9492384,-0.31153494
1356011274606,0.5680798,-0.24120787,-0.7868316,-0.8222562,-0.12644719,-0.55489266,0.034351796,0.9622005,-0.27016675
1356011274640,0.53342706,-0.20986316,-0.8193979,-0.8454428,-0.10237634,-0.5241617,0.026115268,0.9723562,-0.2320376
1356011274684,0.50481606,-0.1796399,-0.8443283,-0.86303914,-0.08462942,-0.49799728,0.018005162,0.9800854,-0.19775856
1356011274722,0.48812878,-0.15261024,-0.8593255,-0.8727165,-0.07428236,-0.4825433,0.009808332,0.98549086,-0.16944483
1356011274759,0.48244232,-0.12944123,-0.8663108,-0.8759277,-0.0710039,-0.47718874,2.564788E-4,0.9890417,-0.14763647
1356011274801,0.48915774,-0.11027372,-0.86519617,-0.8721096,-0.07575028,-0.48341167,-0.012231231,0.9910104,-0.1332246
1356011274844,0.5071427,-0.09444314,-0.8566719,-0.8614271,-0.08711989,-0.5003533,-0.027378231,0.99171096,-0.12553811
1356011274880,0.5288187,-0.07957262,-0.84499645,-0.8474562,-0.10413164,-0.52055216,-0.04656914,0.9913752,-0.12250109
1356011274918,0.5500505,-0.06087166,-0.83291,-0.83239126,-0.12068628,-0.5408878,-0.06759608,0.9908226,-0.11705257
1356011274957,0.5653163,-0.035145253,-0.8241252,-0.8203895,-0.12799594,-0.55729526,-0.0858984,0.99115175,-0.101190984
1356011275000,0.5749144,-0.005178243,-0.81819725,-0.8127142,-0.11935796,-0.57030636,-0.094705075,0.99283785,-0.07282908
1356011275042,0.5799716,0.024629533,-0.8142643,-0.80976343,-0.091737986,-0.5795407,-0.08897275,0.99547863,-0.033261344
1356011275079,0.5836433,0.047961146,-0.81059253,-0.8087175,-0.055474177,-0.58557546,-0.07305181,0.99730754,0.0064098686
1356011275123,0.5867264,0.062617004,-0.80736065,-0.8083459,-0.014129117,-0.5885382,-0.048259795,0.9979376,0.04232627
1356011275165,0.5877332,0.069059074,-0.80610204,-0.80873513,0.02214329,-0.58775604,-0.022740126,0.9973668,0.06886485
1356011275200,0.5874663,0.067207515,-0.806453,-0.80924654,0.05104731,-0.58524704,0.0018342137,0.9964322,0.08437605
1356011275239,0.5839387,0.05755213,-0.8097551,-0.81145144,0.07051334,-0.58015037,0.023709655,0.99584925,0.08787623
1356011275278,0.5775796,0.03877589,-0.8154129,-0.8152361,0.07919438,-0.5736884,0.04233083,0.9961047,0.07735257
1356011275344,0.569517,0.008360833,-0.82193696,-0.8199798,0.07548629,-0.567393,0.057301074,0.99711174,0.049846426
1356011275355,0.5619662,-0.03677869,-0.82634217,-0.8243973,0.05668138,-0.5631663,0.06755072,0.9977147,0.0015327781
1356011275396,0.5562313,-0.09785247,-0.8252464,-0.82796127,0.019972965,-0.56042945,0.071322024,0.9950005,-0.06990847
1356011275431,0.5494131,-0.16758221,-0.81857276,-0.8326798,-0.028670147,-0.553012,0.06920633,0.9854411,-0.15529409
1356011275473,0.5426091,-0.24056795,-0.8047996,-0.8375702,-0.08235042,-0.5400876,0.0636521,0.96713257,-0.24617657
1356011275518,0.5306024,-0.30390126,-0.791268,-0.8455189,-0.12406592,-0.5193317,0.059656143,0.9445907,-0.32278392
1356011275562,0.5118953,-0.3473733,-0.78568125,-0.85701627,-0.14364234,-0.49486363,0.059045345,0.92665994,-0.37123445
1356011275600,0.48647237,-0.3679047,-0.79245865,-0.87171006,-0.14326335,-0.46861193,0.05887425,0.9187609,-0.3903999
1356011275638,0.4555149,-0.3636062,-0.81258637,-0.88842964,-0.12768327,-0.44089657,0.056559026,0.9227608,-0.38120016
1356011275678,0.4218548,-0.33951992,-0.840693,-0.9052114,-0.10526405,-0.41171807,0.051291734,0.9346902,-0.35174343
1356011275717,0.38933086,-0.30250376,-0.8700074,-0.9200563,-0.08281076,-0.3829344,0.043793112,0.949544,-0.31056127
1356011275757,0.36275733,-0.26095963,-0.89459896,-0.9312116,-0.06505771,-0.35862598,0.035386384,0.96315503,-0.26660877
1356011275797,0.34469694,-0.21945542,-0.91270113,-0.93834895,-0.053439066,-0.34153405,0.026177645,0.9741579,-0.22434607
1356011275839,0.33730426,-0.18121162,-0.9237901,-0.94126225,-0.04839918,-0.3341898,0.015848398,0.9822525,-0.1868929
1356011275894,0.3406254,-0.14757097,-0.9285457,-0.9401915,-0.049491823,-0.33703193,0.003780663,0.9878124,-0.15560311
1356011275917,0.35456407,-0.11934769,-0.92738366,-0.93497777,-0.05590856,-0.35027245,-0.010044545,0.9912771,-0.13141057
1356011275958,0.3774103,-0.096964866,-0.92095566,-0.92570126,-0.06664419,-0.37233827,-0.025272638,0.99305403,-0.11491263
1356011276000,0.40700105,-0.08074665,-0.9098517,-0.9124651,-0.081656605,-0.40092325,-0.04192224,0.9933841,-0.10691279
1356011276048,0.44196376,-0.06875008,-0.8943945,-0.8949982,-0.10091469,-0.43450505,-0.060385227,0.99251693,-0.10613185
1356011276088,0.48020935,-0.054962277,-0.8754302,-0.8737415,-0.11792147,-0.4718795,-0.077296495,0.99150074,-0.10464978
1356011276128,0.5124607,-0.03643605,-0.85793734,-0.853966,-0.12650761,-0.5047158,-0.09014574,0.9912963,-0.09594531
1356011276167,0.5393474,-0.013671875,-0.84197235,-0.8367267,-0.12130019,-0.53401744,-0.09483042,0.99252176,-0.076862544
1356011276211,0.562243,0.009135723,-0.82692164,-0.82225347,-0.10049148,-0.5601792,-0.088216186,0.994896,-0.048988774
1356011276248,0.5826547,0.026762068,-0.8122791,-0.8094875,-0.069939926,-0.58295655,-0.072411865,0.99719214,-0.01908727
1356011276289,0.60024744,0.037037313,-0.79895633,-0.798282,-0.034061924,-0.6013198,-0.049485266,0.99873316,0.009120643
1356011276338,0.6147741,0.0391137,-0.7877328,-0.7883808,0.0019177645,-0.61518455,-0.022551477,0.9992329,0.032015488
1356011276378,0.6242996,0.03504154,-0.7803987,-0.78118193,0.03079997,-0.62354326,0.0021863878,0.99891114,0.046602204
1356011276418,0.62929785,0.024369419,-0.7767821,-0.7767747,0.05136536,-0.6276804,0.024603486,0.99838257,0.05125366
1356011276457,0.6298916,0.00543797,-0.776664,-0.77540076,0.061842084,-0.628434,0.044613153,0.99807113,0.043170393
1356011276497,0.62690246,-0.024459422,-0.7787137,-0.7766708,0.059211165,-0.62711763,0.06144747,0.9979458,0.018122718
1356011276537,0.62140596,-0.06774971,-0.78055394,-0.7800268,0.04005441,-0.62446284,0.07357177,0.99689794,-0.02795653
1356011276580,0.61501414,-0.12790778,-0.7780727,-0.7845899,-9.188503E-4,-0.6200144,0.07858971,0.99178565,-0.100920245
1356011276619,0.6054952,-0.19530246,-0.7715131,-0.7920803,-0.053656444,-0.60805404,0.0773578,0.97927415,-0.18718395
1356011276663,0.5949082,-0.26370063,-0.75930643,-0.80064857,-0.11092281,-0.5887767,0.0710364,0.9582057,-0.2771204
1356011276699,0.58081144,-0.3177243,-0.74947274,-0.8115104,-0.15349132,-0.5638185,0.06410125,0.9356771,-0.34698606
1356011276737,0.56450313,-0.34898424,-0.7480282,-0.8234031,-0.17459661,-0.5399291,0.05782354,0.9207204,-0.38591504
1356011276779,0.5452345,-0.3556796,-0.7590859,-0.83667624,-0.17484897,-0.5190382,0.051885962,0.9181067,-0.39292243
1356011276817,0.522606,-0.34248605,-0.78076005,-0.85132194,-0.1600069,-0.4996488,0.046195716,0.9257976,-0.3751864
1356011276906,0.49674445,-0.31558013,-0.80848885,-0.86692166,-0.13627231,-0.47945464,0.041131705,0.93906283,-0.34127575
1356011276915,0.4685498,-0.28060994,-0.8376868,-0.8826649,-0.109061524,-0.45717418,0.036928236,0.95360565,-0.2987853
1356011276931,0.4407552,-0.2444993,-0.86368674,-0.8970058,-0.08417402,-0.43392983,0.03339547,0.965989,-0.25641742
1356011276976,0.41611576,-0.20786738,-0.88523376,-0.9088304,-0.06340432,-0.41231933,0.029580086,0.97609997,-0.21529973
1356011277017,0.39811176,-0.17469749,-0.9005487,-0.9170028,-0.049296036,-0.39582285,0.024755806,0.98338735,-0.17982343
1356011277060,0.38728145,-0.1452924,-0.91044116,-0.92181027,-0.043135077,-0.38523382,0.016699582,0.98844796,-0.15063745
1356011277097,0.38561887,-0.12009248,-0.9148092,-0.92264295,-0.04449159,-0.38308033,0.0053037703,0.99176526,-0.12795925
1356011277138,0.39014602,-0.098694235,-0.91544825,-0.920681,-0.054253697,-0.386527,-0.011518478,0.99363774,-0.11203274
1356011277186,0.4006263,-0.07926756,-0.91280615,-0.9155759,-0.072600305,-0.3955373,-0.03491679,0.9942061,-0.10166103
1356011277228,0.41592473,-0.05965489,-0.9074403,-0.90753216,-0.09113294,-0.40997574,-0.058240652,0.99405026,-0.09204316
1356011277266,0.42983103,-0.037351906,-0.90213645,-0.89958465,-0.103379905,-0.42433485,-0.07741308,0.99394035,-0.07803708
1356011277306,0.44194007,-0.012463093,-0.896958,-0.8927903,-0.10337782,-0.4384502,-0.08726111,0.99456406,-0.056813747
1356011277348,0.4528034,0.011635393,-0.89153445,-0.8875859,-0.089015394,-0.45195964,-0.084619075,0.99596226,-0.029979035
1356011277388,0.46293402,0.030967593,-0.8858516,-0.8836119,-0.06297833,-0.46396515,-0.07015738,0.9975343,-0.0017914176
1356011277429,0.47210503,0.04322654,-0.88048196,-0.8802577,-0.030785918,-0.47349623,-0.047574013,0.99859095,0.023516268
1356011277467,0.4788728,0.048832536,-0.8765251,-0.87756056,-4.8580766E-4,-0.47946563,-0.023839355,0.99880695,0.042620853
1356011277510,0.48255244,0.04727164,-0.87459046,-0.875867,0.026448995,-0.48182717,3.5524368E-4,0.9985318,0.054166704
1356011277547,0.4802356,0.040290415,-0.87621367,-0.87686276,0.04714492,-0.47842354,0.022033185,0.9980752,0.05796981
1356011277586,0.47437638,0.02509278,-0.87996435,-0.8793631,0.060151458,-0.47233692,0.041078836,0.9978738,0.05060011
1356011277628,0.46426868,-0.0013369322,-0.88569343,-0.88390076,0.06291044,-0.46342403,0.056338936,0.9980183,0.028025627
1356011277666,0.45174265,-0.04197362,-0.89116037,-0.8896781,0.053086415,-0.45349163,0.06634319,0.9977074,-0.013361603
1356011277706,0.4406215,-0.10013628,-0.89209044,-0.8949961,0.027969122,-0.44519615,0.06953123,0.9945805,-0.07729778
1356011277746,0.4327556,-0.17407551,-0.88454527,-0.8991431,-0.01226984,-0.43748274,0.065301836,0.98465586,-0.16182864
1356011277788,0.42780006,-0.25419882,-0.86739266,-0.9021598,-0.061019555,-0.42706478,0.05563143,0.9652251,-0.2554321
1356011277828,0.4226991,-0.32341376,-0.8465985,-0.90512633,-0.103737116,-0.41229233,0.045517355,0.94055414,-0.33657992
1356011277904,0.4152256,-0.36939675,-0.8313445,-0.90890795,-0.12988856,-0.39625138,0.03839183,0.9201494,-0.3896807
1356011277909,0.4031793,-0.38707978,-0.829226,-0.9144657,-0.13612919,-0.38107923,0.034626216,0.911942,-0.40885562
1356011277944,0.38663518,-0.38216162,-0.8393246,-0.9216535,-0.12786394,-0.36634102,0.03268212,0.9152068,-0.40165725
1356011277987,0.3656671,-0.36000133,-0.8583045,-0.9302087,-0.11003272,-0.35014945,0.031612664,0.9264404,-0.37511173
1356011278028,0.3409766,-0.32612264,-0.881691,-0.9395559,-0.08715576,-0.33111727,0.031140417,0.9413012,-0.33612856
1356011278068,0.31509346,-0.28717747,-0.9045691,-0.9485537,-0.06414278,-0.31005117,0.031018138,0.95572734,-0.2926142
1356011278107,0.29104224,-0.2474198,-0.92416334,-0.9562216,-0.044362336,-0.28926137,0.030570954,0.9678923,-0.2494995
1356011278146,0.27168137,-0.2090337,-0.9394116,-0.9619565,-0.029782355,-0.27157438,0.028790295,0.9774548,-0.2091726
1356011278186,0.25957963,-0.17338142,-0.9500301,-0.9654077,-0.021507531,-0.25985613,0.024621457,0.98461986,-0.17296672
1356011278227,0.25670192,-0.14162207,-0.9560582,-0.96634007,-0.020150036,-0.2564778,0.017058313,0.9897157,-0.14202765
1356011278267,0.264451,-0.11517492,-0.957497,-0.96437943,-0.025223762,-0.2633178,0.006175965,0.99302495,-0.11774278
1356011278308,0.2807329,-0.09466973,-0.9551056,-0.9597435,-0.03705439,-0.2784233,-0.009032607,0.9948189,-0.10126105
1356011278348,0.30447918,-0.077928275,-0.9493259,-0.9521135,-0.05397719,-0.30094236,-0.02779001,0.9954967,-0.090631515
1356011278389,0.3297799,-0.05948004,-0.9421822,-0.9427787,-0.072683245,-0.32540014,-0.04912609,0.99557984,-0.080046
1356011278427,0.35464323,-0.035979897,-0.93430924,-0.93261707,-0.08493477,-0.35073015,-0.06673607,0.9957367,-0.06367704
1356011278466,0.37406015,-0.0062059164,-0.92738366,-0.9243553,-0.08351612,-0.37227982,-0.0751411,0.9964871,-0.036976546
1356011278524,0.38984713,0.025451899,-0.9205278,-0.9181525,-0.06613019,-0.3906697,-0.07081795,0.99748635,-0.0024119318
1356011278544,0.4038782,0.052821457,-0.91328657,-0.9131292,-0.037262797,-0.40596375,-0.055475205,0.9979085,0.033183187
1356011278585,0.4165159,0.07255599,-0.90622854,-0.90851927,-0.0032639503,-0.41783008,-0.033273965,0.9973589,0.06455904
1356011278621,0.4268978,0.084165394,-0.90037453,-0.90424424,0.028690487,-0.42605057,-0.010026544,0.9960387,0.08835399
1356011278664,0.43418628,0.08779091,-0.89653504,-0.9007314,0.05651337,-0.4306846,0.012856066,0.9945346,0.10361335
1356011278705,0.4366293,0.08413416,-0.8956988,-0.8990087,0.07814211,-0.43090284,0.033738196,0.9933858,0.10975641
1356011278750,0.4367315,0.0693382,-0.8969158,-0.8980518,0.09192112,-0.43017852,0.0526177,0.9933493,0.10241413
1356011278788,0.43382707,0.04217723,-0.90000844,-0.8984146,0.09581241,-0.42856878,0.06815615,0.99450547,0.079458624
1356011278829,0.43482587,-0.0067237318,-0.90048945,-0.8971064,0.083682686,-0.43381712,0.07827222,0.99646974,0.030355513
1356011278903,0.4369396,-0.07318461,-0.8965087,-0.89575124,0.055387184,-0.4410918,0.08193624,0.9957793,-0.041354388
1356011278907,0.44372386,-0.15910435,-0.8819269,-0.89283335,0.006276652,-0.45034358,0.07718718,0.98724186,-0.13926855
1356011278944,0.44687587,-0.2437714,-0.8607424,-0.8919785,-0.047866777,-0.4495365,0.06838316,0.96865076,-0.23882937
1356011278987,0.4449137,-0.31299353,-0.8390988,-0.89360917,-0.09313057,-0.43907776,0.05928272,0.94517815,-0.32112893
1356011279026,0.4359913,-0.35552683,-0.826748,-0.8984419,-0.11877376,-0.42272323,0.052093506,0.9270887,-0.37120456
1356011279067,0.42115927,-0.36930612,-0.8283948,-0.9058093,-0.124739215,-0.40490717,0.046201408,0.920898,-0.38705596
1356011279107,0.40215427,-0.35888344,-0.84230316,-0.9146684,-0.11661889,-0.38701645,0.0406653,0.9260684,-0.3751581
1356011279147,0.38099658,-0.33158994,-0.8630699,-0.9238975,-0.10077374,-0.36913136,0.035425454,0.93802595,-0.34474954
1356011279190,0.3595376,-0.29359218,-0.8857405,-0.9326199,-0.081662074,-0.35149863,0.030865878,0.9524363,-0.30317056
1356011279226,0.34146237,-0.25455397,-0.9047683,-0.93949836,-0.06446232,-0.3364333,0.027316988,0.96490765,-0.26116452
1356011279268,0.32769483,-0.21545225,-0.9198894,-0.94447213,-0.04970348,-0.32481068,0.024259508,0.97524863,-0.21977624
1356011279315,0.3206176,-0.17741758,-0.9304447,-0.9469958,-0.039214402,-0.3188434,0.02008161,0.9833541,-0.18058655
1356011279358,0.32376125,-0.144436,-0.9350491,-0.9460385,-0.03502825,-0.32215554,0.013777733,0.9888939,-0.14798278
1356011279396,0.33383974,-0.11796105,-0.9352199,-0.9426211,-0.037504345,-0.33175126,0.0040588975,0.9923098,-0.12371299
1356011279436,0.35005456,-0.09854862,-0.93153095,-0.9366758,-0.04745221,-0.34696782,-0.010010064,0.9940002,-0.108918935
1356011279477,0.37079483,-0.08439022,-0.92487276,-0.9282864,-0.06392622,-0.3663305,-0.028208882,0.9943801,-0.10204181
1356011279517,0.39267704,-0.07076147,-0.9169501,-0.9183967,-0.08275083,-0.3869106,-0.04850003,0.9940549,-0.09748146
1356011279561,0.41189504,-0.051912516,-0.9097514,-0.9087397,-0.09718168,-0.4058916,-0.067340314,0.9939119,-0.08720365
1356011279597,0.4283148,-0.028576195,-0.9031776,-0.90021735,-0.10027212,-0.4237384,-0.07845473,0.99454963,-0.068672836
1356011279639,0.44038886,-0.0017916262,-0.89780533,-0.8945489,-0.08599275,-0.43861994,-0.07641891,0.99629414,-0.039472938
1356011279677,0.45046708,0.021323442,-0.8925384,-0.8904544,-0.061582357,-0.45088658,-0.06457901,0.99787426,-0.008753315
1356011279716,0.45856073,0.038433433,-0.88783157,-0.8875496,-0.030190617,-0.45972204,-0.044472843,0.99880505,0.020267323
1356011279758,0.4647787,0.048499614,-0.8840976,-0.8851801,0.0018772781,-0.46524483,-0.020904541,0.99882144,0.043803424
1356011279797,0.46862516,0.05181423,-0.8818763,-0.8833933,0.03045103,-0.4676421,0.002623558,0.9981924,0.06004247
1356011279836,0.46958703,0.048651814,-0.8815447,-0.88255185,0.053344905,-0.4671795,0.02429685,0.9973903,0.0679878
1356011279903,0.4679672,0.037490696,-0.8829503,-0.88267946,0.068896115,-0.46489832,0.043402523,0.99691916,0.06533337
1356011279916,0.46494502,0.013566673,-0.88523555,-0.8833872,0.073474765,-0.4628482,0.058763146,0.9972048,0.046146363
1356011279955,0.4603241,-0.023455322,-0.88744104,-0.885078,0.065389335,-0.46082664,0.06883797,0.9975841,0.009340525
1356011279999,0.45844597,-0.08183989,-0.88494605,-0.88590264,0.037173077,-0.46237925,0.07073724,0.995952,-0.055460334
1356011280038,0.4564888,-0.15420046,-0.8762649,-0.88727593,-0.0058101416,-0.46120253,0.06602648,0.98802257,-0.13947067
1356011280074,0.45402423,-0.23066741,-0.8606128,-0.88910383,-0.05448863,-0.45445043,0.05793327,0.9715057,-0.22982645
1356011280118,0.44902378,-0.2957764,-0.84314525,-0.8920953,-0.09513873,-0.44171777,0.050433904,0.95050776,-0.30658028
1356011280158,0.44073552,-0.33738697,-0.8318186,-0.8965136,-0.11910032,-0.42670655,0.04489532,0.9338014,-0.35496372
1356011280198,0.42941123,-0.35157916,-0.83186424,-0.90220463,-0.12578799,-0.4125582,0.040408343,0.9276689,-0.3712111
1356011280236,0.41538882,-0.34267008,-0.8426324,-0.9089215,-0.11944258,-0.39949375,0.036248356,0.9318319,-0.36107528
1356011280276,0.3993542,-0.31902233,-0.8595004,-0.9162141,-0.1054593,-0.38656178,0.032679528,0.9418615,-0.33440837
1356011280316,0.38223797,-0.28755942,-0.87818205,-0.92357445,-0.087956116,-0.37319437,0.03007409,0.95371556,-0.29920268
1356011280357,0.36530286,-0.25356406,-0.89568913,-0.930461,-0.0702942,-0.3595846,0.028215915,0.96476114,-0.26161012
1356011280397,0.3502791,-0.22069106,-0.91027474,-0.936278,-0.055282295,-0.34688246,0.026231796,0.97377586,-0.22599241
1356011280439,0.3385243,-0.18957084,-0.92166376,-0.9406869,-0.044684798,-0.33632046,0.02257219,0.9808497,-0.1934537
1356011280478,0.33195943,-0.16210786,-0.9292599,-0.9431491,-0.039790988,-0.3299796,0.01651612,0.98597044,-0.16610092
1356011280518,0.33025306,-0.13860935,-0.9336596,-0.94387394,-0.042313933,-0.32758424,0.0058993697,0.9894427,-0.14480403
1356011280565,0.3346767,-0.11952442,-0.9347222,-0.94226915,-0.0540016,-0.33047366,-0.010976762,0.9913616,-0.13069728
1356011280607,0.3450584,-0.103897244,-0.93281305,-0.9380746,-0.07082865,-0.3391158,-0.030836612,0.99206287,-0.12190339
1356011280646,0.356646,-0.088382065,-0.93004954,-0.9327825,-0.08926672,-0.349211,-0.052158505,0.99207866,-0.11427784
1356011280686,0.3673796,-0.068250686,-0.9275634,-0.9273337,-0.103339076,-0.35968485,-0.07130483,0.9923018,-0.101255834
1356011280727,0.3761998,-0.041992635,-0.92558646,-0.9228636,-0.105869144,-0.37029004,-0.08244154,0.9934931,-0.07858148
1356011280768,0.38295096,-0.012555242,-0.92368335,-0.9202097,-0.09287226,-0.38024843,-0.0810104,0.9955989,-0.04711899
1356011280811,0.3879404,0.015180618,-0.92155933,-0.91927016,-0.06594986,-0.38806307,-0.066667825,0.99770737,-0.011629492
1356011280847,0.39129642,0.036542356,-0.9195389,-0.9190927,-0.034894496,-0.39249322,-0.046429515,0.9987227,0.019931734
1356011280899,0.39253062,0.05076301,-0.918337,-0.91946745,-0.00260216,-0.39315766,-0.02234748,0.99870735,0.045653462
1356011280928,0.39037448,0.05803269,-0.9188254,-0.9206553,0.02598846,-0.38951063,0.0012745559,0.9979764,0.0635733
1356011280966,0.3850252,0.058321983,-0.9210614,-0.9226171,0.04929501,-0.38255414,0.02309239,0.99707997,0.072788715
1356011281008,0.37702292,0.05002877,-0.92485183,-0.92522943,0.0661366,-0.37359935,0.04247588,0.9965556,0.07122311
1356011281047,0.36754236,0.03039229,-0.9295101,-0.9281679,0.07480869,-0.36456564,0.058455497,0.99673474,0.055704474
1356011281086,0.35899553,-0.0051285326,-0.9333252,-0.9307401,0.07261053,-0.35840023,0.06960735,0.99734724,0.021293461
1356011281126,0.3530705,-0.06034085,-0.9336488,-0.9326478,0.05646938,-0.35634154,0.0742245,0.99657923,-0.036339074
1356011281167,0.34992388,-0.13485828,-0.92702025,-0.93403554,0.025440782,-0.35627294,0.07163054,0.99053824,-0.117060125
1356011281207,0.3471714,-0.21705729,-0.9123367,-0.93556494,-0.0130107105,-0.35291505,0.06473264,0.9760722,-0.20758814
1356011281248,0.34319204,-0.29287088,-0.8924382,-0.9375019,-0.048614815,-0.34456763,0.05752811,0.9549153,-0.2912512
1356011281297,0.33652717,-0.3455922,-0.8759655,-0.94021434,-0.07154435,-0.33298406,0.05240628,0.93565345,-0.34900734
1356011281337,0.32739198,-0.3692814,-0.8697388,-0.9436673,-0.08100198,-0.32082796,0.04802522,0.92578065,-0.3749982
1356011281378,0.3170604,-0.36579046,-0.87502575,-0.9474486,-0.080733046,-0.30955327,0.042588085,0.927189,-0.37216488
1356011281417,0.30583227,-0.3436526,-0.8879018,-0.951403,-0.07500708,-0.2986742,0.03604123,0.93609655,-0.3498917
1356011281456,0.29384622,-0.31038973,-0.9040534,-0.9554093,-0.06657156,-0.28768238,0.029109359,0.94827545,-0.316111
1356011281496,0.28145593,-0.2721098,-0.9201841,-0.9593095,-0.05727321,-0.27648675,0.02253282,0.9605602,-0.27715743
1356011281538,0.2694258,-0.23222804,-0.9346014,-0.9628818,-0.048454523,-0.26553857,0.016379803,0.97145367,-0.23666301
1356011281576,0.25918198,-0.19439894,-0.9460622,-0.96577495,-0.04185134,-0.2559827,0.010168731,0.9800293,-0.1985927
1356011281638,0.25189367,-0.1598514,-0.95446163,-0.967752,-0.039198965,-0.24883607,0.0023628473,0.98636246,-0.16457045
1356011281672,0.2491759,-0.13050187,-0.95962524,-0.96841073,-0.04339409,-0.24555585,-0.009596556,0.99049795,-0.13719216
1356011281701,0.25305226,-0.10844031,-0.9613559,-0.9671494,-0.0532327,-0.24857265,-0.024220228,0.9926767,-0.11834866
1356011281731,0.26046512,-0.091738164,-0.961115,-0.9646705,-0.06556663,-0.25517038,-0.03960824,0.9936223,-0.105574906
1356011281773,0.26893553,-0.07835841,-0.95996547,-0.9614258,-0.08159247,-0.26268455,-0.057742357,0.9935807,-0.09727895
1356011281816,0.2796735,-0.062490046,-0.9580593,-0.95729464,-0.09431192,-0.2732987,-0.07327792,0.9935795,-0.08619794
1356011281857,0.2909452,-0.042143375,-0.955811,-0.9533993,-0.0961813,-0.28597027,-0.07987937,0.99447125,-0.06816295
1356011281898,0.30201992,-0.0195041,-0.953102,-0.95041263,-0.08393708,-0.29945007,-0.07416007,0.9962802,-0.043887615
1356011281932,0.31272197,0.0015032887,-0.94984347,-0.94805455,-0.0608716,-0.31222928,-0.05828792,0.9981444,-0.01761067
1356011281974,0.32231334,0.017995864,-0.946462,-0.945866,-0.034119755,-0.32275912,-0.038101375,0.99925566,0.0060244203
1356011282017,0.329447,0.029075861,-0.94372624,-0.944029,-0.00737682,-0.3297799,-0.016550362,0.99955,0.025018215
1356011282056,0.33246225,0.03476566,-0.94247556,-0.94311196,0.015375912,-0.33211952,0.0029450655,0.9992772,0.03789985
1356011282100,0.3329435,0.032994747,-0.94236934,-0.9427098,0.034048438,-0.3318716,0.021136135,0.99887526,0.042440712
1356011282137,0.32128382,0.02422896,-0.946673,-0.94626904,0.04702574,-0.31994322,0.03676617,0.9985999,0.03803569
1356011282176,0.3129286,0.0014358461,-0.9497756,-0.9485049,0.05220428,-0.31243095,0.04913369,0.9986353,0.017698169
1356011282216,0.30690417,-0.039820015,-0.95090705,-0.9500276,0.047097474,-0.30859256,0.057073534,0.9980962,-0.02337569
1356011282256,0.30539876,-0.10329434,-0.94660544,-0.95035493,0.029199898,-0.3097948,0.059640795,0.99422216,-0.08924863
1356011282297,0.30771515,-0.18373746,-0.9335695,-0.9496978,6.9096684E-4,-0.31316727,0.058185637,0.9829752,-0.17428246
1356011282337,0.3102635,-0.26481125,-0.9130233,-0.94897497,-0.029276535,-0.3139893,0.056417763,0.96385574,-0.2603827
1356011282378,0.30913514,-0.32809407,-0.8926308,-0.9493088,-0.050208494,-0.31030926,0.056992978,0.9433098,-0.32698384
1356011282418,0.30178523,-0.36252916,-0.8817587,-0.9515749,-0.057716325,-0.3019504,0.05857396,0.9301836,-0.36239153
1356011282459,0.28740126,-0.36531037,-0.8854089,-0.956009,-0.052742958,-0.28855664,0.058713645,0.9293904,-0.36439842
1356011282497,0.26812378,-0.34813404,-0.898283,-0.96171856,-0.04191211,-0.27081507,0.05663103,0.9365074,-0.3460446
1356011282540,0.24375747,-0.31303215,-0.91792876,-0.9684465,-0.027913883,-0.24765337,0.051900506,0.94933224,-0.3099591
1356011282578,0.2183643,-0.2745625,-0.93644667,-0.97476566,-0.015783846,-0.22267184,0.04635659,0.9614396,-0.27108073
1356011282616,0.19394436,-0.23507428,-0.9524315,-0.98020446,-0.0070377886,-0.19786277,0.039809465,0.97195196,-0.23178583
1356011282658,0.17302513,-0.19743341,-0.96492606,-0.9844052,-0.0030747652,-0.17588884,0.03175938,0.98031145,-0.19488645
1356011282696,0.15858135,-0.16421053,-0.9735948,-0.9871042,-0.0045512617,-0.16001412,0.021844953,0.9864148,-0.16281468
1356011282737,0.15234748,-0.13661024,-0.97884,-0.98828256,-0.011674255,-0.1521878,0.009363145,0.990556,-0.13678801
1356011282777,0.15592772,-0.115205854,-0.98102707,-0.98775077,-0.024127007,-0.15416306,-0.0059087873,0.9930486,-0.11755675
1356011282818,0.16883019,-0.09927595,-0.9806328,-0.9853498,-0.041354865,-0.16545564,-0.024128228,0.99420017,-0.10480344
1356011282856,0.18888864,-0.08559263,-0.9782611,-0.98099446,-0.061482996,-0.18403691,-0.044394255,0.9944313,-0.0955793
1356011282898,0.21206006,-0.06890789,-0.9748242,-0.97518957,-0.07976714,-0.20650104,-0.06352934,0.994429,-0.08411372
1356011282934,0.2354247,-0.04693514,-0.97075856,-0.96889096,-0.08977413,-0.2306312,-0.07632434,0.9948555,-0.06661004
1356011282979,0.25509268,-0.018900216,-0.9667319,-0.9638256,-0.08485055,-0.25266692,-0.0772523,0.9962144,-0.03986126
1356011283017,0.27516195,0.0075396597,-0.9613683,-0.95897055,-0.068859786,-0.2750157,-0.06827322,0.9975978,-0.01171723
1356011283056,0.29306427,0.02950722,-0.9556372,-0.9548017,-0.042892903,-0.2941324,-0.049669117,0.9986438,0.015603185
1356011283098,0.3096312,0.044721246,-0.9498044,-0.95049435,-0.013016373,-0.3104689,-0.02624759,0.9989146,0.038477063
1356011283138,0.32362878,0.05262649,-0.94471943,-0.94618213,0.015954077,-0.32324108,-0.0019389391,0.99848676,0.05495745
1356011283176,0.33351514,0.05343485,-0.9412292,-0.9425102,0.0411686,-0.33163184,0.02102843,0.9977223,0.06409326
1356011283216,0.33941147,0.045917183,-0.93951666,-0.93970215,0.061095268,-0.3364926,0.041949242,0.99707526,0.063884914
1356011283258,0.34279,0.026727766,-0.9390317,-0.9375217,0.07311553,-0.34015766,0.05956617,0.9969653,0.05012113
1356011283297,0.34577543,-0.006797999,-0.93829274,-0.9355428,0.0743444,-0.3453007,0.072104216,0.99720955,0.019346625
1356011283339,0.35616782,-0.062283546,-0.93234396,-0.931254,0.058431894,-0.35965484,0.07687917,0.99634653,-0.03719023
1356011283377,0.3707518,-0.13253558,-0.9192265,-0.92575085,0.026501,-0.37720418,0.0743534,0.99082386,-0.11286965
1356011283419,0.3924876,-0.21394187,-0.8945291,-0.91746205,-0.02240096,-0.39719224,0.06493774,0.97658956,-0.20507565
1356011283457,0.4093487,-0.28428522,-0.8669576,-0.91069293,-0.0695875,-0.40718055,0.055426,0.956211,-0.2873821
1356011283496,0.41793552,-0.33249933,-0.8454431,-0.90711266,-0.10175559,-0.4084023,0.04976493,0.937598,-0.34414163
1356011283538,0.41507256,-0.35358685,-0.83826673,-0.90852934,-0.11263865,-0.40235165,0.047845006,0.92859507,-0.36799723
1356011283576,0.40137428,-0.3507958,-0.84607387,-0.9147021,-0.10601683,-0.38997498,0.047103524,0.9304315,-0.36342606
1356011283616,0.37780228,-0.32911885,-0.86541677,-0.9247532,-0.08790168,-0.37027684,0.045793504,0.9401884,-0.33756316
1356011283656,0.34729773,-0.29572606,-0.88990474,-0.9367436,-0.065343216,-0.3438629,0.04354,0.95303535,-0.29971302
1356011283697,0.3130375,-0.25600883,-0.91458565,-0.9488772,-0.043250203,-0.31266806,0.040489793,0.96570635,-0.25645992
1356011283737,0.28039575,-0.21584469,-0.9353018,-0.9591797,-0.02567023,-0.28163016,0.036778986,0.9760903,-0.2142317
1356011283779,0.25200802,-0.17662117,-0.951471,-0.9672104,-0.013906956,-0.25359535,0.031558275,0.9841807,-0.17433456
1356011283817,0.23399332,-0.14180335,-0.96184146,-0.9719244,-0.008987874,-0.23512119,0.024696022,0.98985404,-0.13992524
1356011283859,0.22672403,-0.112520814,-0.9674375,-0.9738474,-0.011150181,-0.2269294,0.014747173,0.9935868,-0.112106144
1356011283898,0.23477295,-0.08971733,-0.967901,-0.97204655,-0.01895526,-0.23402148,0.0026489198,0.99578685,-0.091659576
1356011283935,0.25392404,-0.07367912,-0.9644138,-0.96714115,-0.032411247,-0.25216603,-0.012678444,0.99675524,-0.0794881
1356011283977,0.2830988,-0.060886562,-0.9571561,-0.95863694,-0.04865846,-0.2804415,-0.029498696,0.9969579,-0.07214323
1356011284016,0.31185624,-0.04653287,-0.94898915,-0.9489476,-0.06505236,-0.30865282,-0.047371477,0.9967963,-0.064444244
1356011284056,0.33717632,-0.026716053,-0.94106233,-0.9393904,-0.07549542,-0.334434,-0.06211111,0.99678814,-0.05055207
1356011284096,0.3564827,-0.0017192066,-0.93430036,-0.93177927,-0.07409051,-0.35538447,-0.0686118,0.9972501,-0.028013945
1356011284137,0.37164995,0.02437058,-0.928053,-0.9261745,-0.059021205,-0.37244764,-0.063851565,0.99795926,6.361902E-4
1356011284177,0.38517714,0.046564817,-0.9216671,-0.92148834,-0.03467983,-0.38685447,-0.049977124,0.998313,0.029551089
1356011284218,0.39729753,0.062343597,-0.9155698,-0.9172008,-0.005592376,-0.39838612,-0.029956967,0.9980391,0.054959714
1356011284267,0.40791315,0.069856316,-0.91034436,-0.91300046,0.024560034,-0.40721864,-0.006088704,0.99725467,0.073797226
1356011284308,0.41314766,0.07019347,-0.9079547,-0.9105296,0.048968345,-0.41053358,0.015644222,0.99633074,0.08414444
1356011284347,0.415432,0.062229037,-0.9074931,-0.90895224,0.066740245,-0.41152343,0.034957618,0.9958279,0.08428925
1356011284386,0.41631573,0.04325974,-0.90819037,-0.9077722,0.0761258,-0.41249797,0.05129221,0.9961593,0.07096231
1356011284426,0.4200343,0.009260416,-0.9074609,-0.9052989,0.07400745,-0.41827834,0.06328544,0.9972147,0.039469093
1356011284466,0.43227607,-0.04358548,-0.90068734,-0.89911056,0.055408314,-0.43420058,0.06883046,0.99751204,-0.015236497
1356011284510,0.4563793,-0.11551994,-0.8822546,-0.88732773,0.014556393,-0.46090958,0.06608674,0.9931985,-0.09586084
1356011284547,0.48403132,-0.19298515,-0.8535048,-0.87314904,-0.042249963,-0.4856187,0.057656676,0.9802916,-0.18895513
1356011284589,0.5100623,-0.26455373,-0.8184422,-0.8588237,-0.10407068,-0.5015886,0.047521263,0.95873904,-0.28028753
1356011284626,0.5227381,-0.31644395,-0.7915858,-0.8515364,-0.14983648,-0.502429,0.040382177,0.93670285,-0.34778875
