1356011554095,-0.050277203,-0.03205979,-0.99822056,-0.8849369,0.4647664,0.029644638,0.46298897,0.88485277,-0.051738024
1356011554139,0.12204021,-0.121441185,-0.9850676,-0.8779237,0.44975972,-0.16421345,0.46298602,0.8848549,-0.051727355
1356011554180,0.12203182,-0.12137833,-0.98507637,-0.8779309,0.44975924,-0.16417661,0.46297473,0.88486373,-0.05167687
1356011554217,0.12188156,-0.121225715,-0.98511374,-0.8779512,0.44979364,-0.16397348,0.4629757,0.8848672,-0.05160868
1356011554258,0.121411964,-0.12097493,-0.98520267,-0.87796855,0.4499513,-0.16344729,0.46306625,0.8848214,-0.051582754
1356011554300,0.120314255,-0.12057093,-0.98538685,-0.87796223,0.45037675,-0.16230556,0.4633647,0.8846601,-0.051669955
1356011554337,0.11850074,-0.12014425,-0.98565865,-0.8778862,0.45115837,-0.16053653,0.4639757,0.8843198,-0.052010357
1356011554377,0.116093606,-0.120131075,-0.98594666,-0.8777029,0.4522507,-0.15845186,0.46493006,0.8837635,-0.052935958
1356011554419,0.11334081,-0.12135443,-0.9861171,-0.8773637,0.45353323,-0.15665421,0.4662476,0.8829386,-0.055068135
1356011554459,0.110489994,-0.1242632,-0.9860784,-0.8769202,0.4547635,-0.15556702,0.46776375,0.88190067,-0.05872208
1356011554497,0.10767789,-0.12944317,-0.985723,-0.8764261,0.45571005,-0.1555815,0.46934286,0.88066614,-0.06437749
1356011554540,0.10485157,-0.13696626,-0.98501086,-0.8760091,0.45613715,-0.15667477,0.47075924,0.8793061,-0.072157025
1356011554579,0.1018825,-0.14590189,-0.984039,-0.8757943,0.4559937,-0.15828493,0.4718097,0.8779422,-0.08132231
1356011554619,0.09834878,-0.15630189,-0.98280066,-0.875901,0.45517504,-0.1600411,0.47236103,0.87657595,-0.092139065
1356011554658,0.09407537,-0.16640636,-0.9815594,-0.8763393,0.4540059,-0.16095966,0.47241846,0.87532145,-0.103117704
1356011554716,0.08915003,-0.17618161,-0.98031235,-0.8771202,0.45245248,-0.16108039,0.4719241,0.87421215,-0.1141963
1356011554745,0.0834413,-0.18542162,-0.97911,-0.8782573,0.45056486,-0.16017342,0.47085217,0.8732755,-0.12525219
1356011554775,0.077228114,-0.19264826,-0.97822416,-0.8795184,0.44892347,-0.15784505,0.46955636,0.8725562,-0.13476819
1356011554811,0.071490735,-0.19793057,-0.9776056,-0.88095605,0.44711062,-0.15494698,0.46776655,0.87230474,-0.14240384
1356011554840,0.06616442,-0.20102888,-0.9773483,-0.8825193,0.4452628,-0.15132993,0.4655985,0.87254137,-0.1479513
1356011554886,0.062030002,-0.2010785,-0.97760916,-0.8848728,0.44201058,-0.1470603,0.46168432,0.874182,-0.15051103
1356011554927,0.058746025,-0.19821092,-0.97839725,-0.88804317,0.4373095,-0.14191422,0.45599136,0.87719595,-0.15032965
1356011554966,0.056516454,-0.19287619,-0.9795941,-0.8919822,0.4310248,-0.13632795,0.44852373,0.88148534,-0.14768213
1356011555035,0.05537094,-0.18597487,-0.98099303,-0.8964516,0.42337865,-0.13086244,0.43966866,0.8866588,-0.1432746
1356011555045,0.055269018,-0.17818484,-0.9824436,-0.9013814,0.414333,-0.1258559,0.42948437,0.8925123,-0.13771272
1356011555084,0.055822015,-0.17068776,-0.9837427,-0.90627825,0.40479392,-0.12166157,0.4189792,0.89833605,-0.1320942
1356011555128,0.056500867,-0.16349098,-0.9849255,-0.9111924,0.39477968,-0.117801845,0.40808818,0.90411264,-0.12666637
1356011555168,0.05661969,-0.15678522,-0.98600847,-0.91576767,0.3852393,-0.1138432,0.3976981,0.90940046,-0.12176669
1356011555208,0.055860654,-0.15022135,-0.98707306,-0.91994584,0.37648427,-0.10935843,0.38804546,0.9141625,-0.11716485
1356011555247,0.053923205,-0.14367574,-0.98815465,-0.92348474,0.36924642,-0.1040819,0.37982664,0.9181582,-0.11277139
1356011555286,0.051448286,-0.13707876,-0.9892231,-0.92635167,0.36353755,-0.09855455,0.3731295,0.921439,-0.108279765
1356011555328,0.048851803,-0.13065982,-0.99022293,-0.9286096,0.3591619,-0.093203545,0.36782828,0.9240837,-0.10378623
1356011555366,0.046863616,-0.12492469,-0.9910588,-0.93043995,0.35551953,-0.08881104,0.36343548,0.92628276,-0.09957403
1356011555407,0.04618627,-0.12004006,-0.9916941,-0.9320208,0.35204774,-0.0860208,0.35944954,0.92825246,-0.095620036
1356011555447,0.047418535,-0.11520916,-0.99220884,-0.9332188,0.34907776,-0.08513218,0.3561661,0.92998475,-0.09096265
1356011555487,0.05091831,-0.10873926,-0.9927653,-0.93337834,0.34842882,-0.086036354,0.35526356,0.93100655,-0.08375347
1356011555526,0.056491822,-0.099451154,-0.9934375,-0.9316094,0.35257903,-0.088271976,0.359044,0.9304824,-0.07273179
1356011555568,0.06320447,-0.08718404,-0.99418515,-0.92706084,0.36374044,-0.090834945,0.36954468,0.9274113,-0.057834923
1356011555608,0.06937227,-0.074346304,-0.99481666,-0.92014825,0.3804637,-0.092598826,0.385376,0.92180264,-0.04201603
1356011555647,0.07300694,-0.062436283,-0.99537516,-0.91122377,0.40150172,-0.0920195,0.40539017,0.9137276,-0.027580976
1356011555688,0.07185817,-0.052716553,-0.9960208,-0.9014207,0.42401516,-0.08747518,0.42693934,0.90411955,-0.017050862
1356011555727,0.06387217,-0.0455212,-0.9969194,-0.89187706,0.44559044,-0.07748869,0.4477451,0.89407885,-0.012138486
1356011555768,0.04763128,-0.041020185,-0.9980223,-0.8831394,0.46509308,-0.061264396,0.46668637,0.8843109,-0.014073551
1356011555807,0.022121474,-0.03943768,-0.9989772,-0.87541187,0.4818495,-0.038407773,0.48287132,0.8753661,-0.023864985
1356011555847,-0.012124017,-0.043505847,-0.99897957,-0.8685684,0.49544632,-0.011035502,0.4954208,0.86754835,-0.043794572
1356011555887,-0.054444432,-0.05546376,-0.9969752,-0.8624302,0.5058208,0.018957168,0.5032394,0.8608537,-0.075372756
1356011555928,-0.10174705,-0.08189461,-0.9914337,-0.85737634,0.51266235,0.045642227,0.5045329,0.85467577,-0.12237638
1356011555967,-0.15209548,-0.11998543,-0.9810558,-0.85325885,0.51689386,0.06906548,0.49881488,0.847599,-0.18099588
1356011556034,-0.19982694,-0.17338085,-0.96436936,-0.8514966,0.51769096,0.083364636,0.48479146,0.83781564,-0.25108176
1356011556044,-0.243527,-0.23168722,-0.9418151,-0.8510634,0.51677305,0.09293455,0.46517283,0.8241764,-0.32302868
1356011556088,-0.28140265,-0.28028992,-0.9177418,-0.84965885,0.5172658,0.10254723,0.4459735,0.8086245,-0.3837108
1356011556127,-0.31380332,-0.3083437,-0.89802647,-0.8452675,0.5215347,0.11629477,0.43249318,0.7955663,-0.4242922
1356011556167,-0.34208763,-0.31021196,-0.8869862,-0.8368272,0.5299443,0.13740143,0.42742974,0.7892575,-0.44088125
1356011556208,-0.368473,-0.28651518,-0.8843849,-0.82436615,0.54043305,0.16838196,0.4297068,0.7911012,-0.43532842
1356011556247,-0.39288425,-0.24238986,-0.8870677,-0.8091466,0.5494745,0.20822975,0.43694827,0.79957795,-0.41200876
1356011556286,-0.41430217,-0.184636,-0.89121443,-0.79286253,0.55403495,0.25379965,0.4469034,0.8117603,-0.37592882
1356011556327,-0.43137217,-0.12151414,-0.8939533,-0.77765363,0.5524097,0.30016392,0.45735434,0.82466835,-0.33279008
1356011556368,-0.442801,-0.06010157,-0.8946033,-0.76586396,0.54418075,0.34251964,0.46624,0.8368125,-0.28699338
1356011556407,-0.44792575,-0.007552862,-0.8940389,-0.7595425,0.53073144,0.3760576,0.4716543,0.8475064,-0.243465
1356011556448,-0.44696483,0.03397605,-0.89390606,-0.7598958,0.51283336,0.39944994,0.4719966,0.8578156,-0.20340025
1356011556487,-0.4395549,0.062219203,-0.89605814,-0.767143,0.49289677,0.41054153,0.46720773,0.8678603,-0.16892415
1356011556527,-0.427312,0.077521175,-0.9007746,-0.78026307,0.471683,0.4107367,0.45672083,0.87835395,-0.14106888
1356011556569,-0.4100827,0.07990122,-0.9085417,-0.79832804,0.45025063,0.3999333,0.44102657,0.88932,-0.12085259
1356011556608,-0.3886738,0.07118806,-0.91862124,-0.81972146,0.42851952,0.38003665,0.4207012,0.90072376,-0.108199894
1356011556648,-0.3633591,0.056030333,-0.92996275,-0.84260416,0.4061023,0.35369363,0.3974776,0.9121083,-0.100349545
1356011556687,-0.33451697,0.04222524,-0.94144326,-0.86435163,0.3842996,0.32436097,0.3754925,0.9222423,-0.09205729
1356011556726,-0.30322483,0.03689292,-0.9522046,-0.88206875,0.36723253,0.29511872,0.36056826,0.9293972,-0.078811884
1356011556767,-0.27142456,0.043441594,-0.9614788,-0.8936471,0.35957047,0.26852188,0.35738444,0.93210614,-0.05877483
1356011556808,-0.24085075,0.059642732,-0.9687278,-0.898461,0.36381328,0.24577987,0.36709508,0.9295604,-0.034038007
1356011556847,-0.2139037,0.07862365,-0.9736856,-0.8977924,0.37700596,0.2276738,0.38498583,0.9228678,-0.010055244
1356011556889,-0.19277969,0.09734225,-0.9764018,-0.89225227,0.39667884,0.21571213,0.4083158,0.91278166,0.010382235
1356011556926,-0.17959154,0.112844646,-0.97724766,-0.88402575,0.41728562,0.21064463,0.43156153,0.9017421,0.024816573
1356011556967,-0.17469493,0.12391397,-0.97679424,-0.8739939,0.43735465,0.21179137,0.45344946,0.89071107,0.031896353
1356011557034,-0.17923477,0.1291785,-0.9752886,-0.86287284,0.45555148,0.21891391,0.47257316,0.880787,0.029813886
1356011557046,-0.19331312,0.1231834,-0.9733735,-0.8514029,0.4719693,0.22881877,0.48758906,0.87296665,0.013640821
1356011557085,-0.21699098,0.10352671,-0.97066844,-0.8402293,0.4863703,0.23970544,0.49692023,0.86759794,-0.018551826
1356011557126,-0.2477043,0.062003285,-0.9668496,-0.8309442,0.49954525,0.24492109,0.49817103,0.864066,-0.07221824
1356011557167,-0.28406322,-0.0040683746,-0.9587969,-0.82461476,0.5112522,0.2421397,0.48920196,0.85942113,-0.14858276
1356011557207,-0.32175243,-0.08485913,-0.9430135,-0.8211733,0.52080554,0.23331517,0.47132772,0.8494472,-0.23725456
1356011557248,-0.3553215,-0.16247529,-0.9205153,-0.8193468,0.52812696,0.22305328,0.44990835,0.83347684,-0.3207785
1356011557287,-0.38131732,-0.21564454,-0.89894086,-0.8169456,0.53371906,0.21850365,0.43266279,0.817705,-0.37968618
1356011557329,-0.39907104,-0.23549736,-0.8861621,-0.81312096,0.5375506,0.22332406,0.42376477,0.80967915,-0.40600872
1356011557367,-0.4102049,-0.22934204,-0.8826858,-0.80868,0.53892577,0.23578733,0.42162612,0.81053144,-0.4065343
1356011557407,-0.4153188,-0.20183632,-0.88700193,-0.8045001,0.5366269,0.25458032,0.42460555,0.81932515,-0.38524854
1356011557448,-0.4152786,-0.16280398,-0.89500755,-0.80162454,0.5305988,0.2754322,0.43004853,0.8318411,-0.35085404
1356011557487,-0.41082603,-0.11964464,-0.9038291,-0.80077493,0.5212944,0.2949773,0.43586862,0.84494805,-0.30996978
1356011557527,-0.40273717,-0.07878551,-0.9119186,-0.8024659,0.5096265,0.31036943,0.44028527,0.85678095,-0.26846826
1356011557567,-0.39166048,-0.043198735,-0.91909516,-0.80689836,0.49616137,0.32052907,0.44217303,0.86715496,-0.22918373
1356011557607,-0.3779353,-0.014999658,-0.9257105,-0.81421065,0.48133814,0.32461452,0.44071072,0.87640667,-0.19412756
1356011557647,-0.36195344,0.0044903457,-0.9321854,-0.8242173,0.4656235,0.32227397,0.43549454,0.8849715,-0.16483301
1356011557708,-0.34444046,0.014588863,-0.93869483,-0.83657444,0.4489774,0.31394666,0.42603293,0.893424,-0.14244133
1356011557734,-0.32571977,0.0135811865,-0.94536877,-0.8518295,0.4296373,0.29966366,0.4102355,0.9028994,-0.12837249
1356011557775,-0.30277702,0.0051599443,-0.9530474,-0.86881316,0.40957233,0.2782339,0.39177752,0.91226304,-0.11952609
1356011557811,-0.27890348,-0.0032860339,-0.96031344,-0.88497484,0.38915473,0.25569132,0.3728703,0.92116654,-0.11144465
1356011557854,-0.25318906,-0.0049233437,-0.9674043,-0.8986187,0.37156108,0.2332955,0.35830122,0.92839545,-0.09849942
1356011557897,-0.22507623,0.004178524,-0.9743322,-0.9077938,0.3623257,0.21125937,0.3539083,0.93204224,-0.07775766
1356011557937,-0.19609737,0.021206379,-0.98035514,-0.91168344,0.364201,0.19023928,0.36108062,0.9310789,-0.05208534
1356011557978,-0.16890657,0.042340726,-0.98472226,-0.9101424,0.37676072,0.17231393,0.37830058,0.92534244,-0.025101304
1356011558033,-0.14645693,0.061350852,-0.9873127,-0.905185,0.39424792,0.15877253,0.39898682,0.916954,-0.0022064447
1356011558058,-0.13095066,0.07681632,-0.98840845,-0.89758325,0.41414014,0.15110332,0.42094684,0.9069659,0.014717102
1356011558097,-0.124931216,0.08876157,-0.9881871,-0.889234,0.43174195,0.15120128,0.44006267,0.89761925,0.02499175
1356011558137,-0.12751165,0.09583706,-0.9871961,-0.8805478,0.44714746,0.15714547,0.45648262,0.8893112,0.027372599
1356011558175,-0.1403591,0.09656367,-0.98538065,-0.871523,0.46022284,0.16924119,0.46983722,0.8825364,0.019560993
1356011558216,-0.16328722,0.08590531,-0.98283136,-0.86248165,0.4712655,0.18448374,0.4790226,0.87779784,-0.0028598309
1356011558256,-0.19569442,0.05738157,-0.97898465,-0.8539865,0.48078117,0.1988881,0.48208994,0.874961,-0.045083106
1356011558297,-0.23603702,0.006810397,-0.97172016,-0.8464968,0.48963326,0.2090511,0.47721022,0.87190187,-0.1098066
1356011558336,-0.28087968,-0.061890095,-0.95774543,-0.8397504,0.49900997,0.21402875,0.4646782,0.86438346,-0.19213396
1356011558376,-0.3247513,-0.13252392,-0.93646896,-0.8325913,0.50978637,0.21658614,0.4486963,0.85003257,-0.27589208
1356011558418,-0.3627472,-0.18502048,-0.9133357,-0.8239105,0.521614,0.22156358,0.4354149,0.83287835,-0.34165436
1356011558457,-0.393171,-0.20852461,-0.8955077,-0.8137113,0.53240216,0.23328516,0.42812455,0.8204056,-0.37900394
1356011558498,-0.41517198,-0.20122838,-0.88720876,-0.80302393,0.53936934,0.25344276,0.42753333,0.81767225,-0.38552225
1356011558537,-0.43077466,-0.1740081,-0.88552487,-0.7930771,0.5412371,0.2794477,0.43065283,0.82266855,-0.37115312
1356011558576,-0.43990755,-0.13467655,-0.8878871,-0.7854316,0.5370548,0.3076839,0.4354062,0.8327271,-0.34203362
1356011558617,-0.44368953,-0.09178257,-0.8914682,-0.78093255,0.527589,0.33435637,0.4396407,0.84452695,-0.3057617
1356011558656,-0.44297323,-0.05145067,-0.8950574,-0.7801557,0.5140258,0.35655937,0.44173735,0.85623026,-0.26783925
1356011558697,-0.43845132,-0.017397046,-0.89858663,-0.7832286,0.49777165,0.37252706,0.44081008,0.8671337,-0.23187453
1356011558737,-0.43064386,0.008319467,-0.90248364,-0.7897657,0.4805104,0.3812871,0.43682486,0.87694955,-0.20035839
1356011558775,-0.42019308,0.02499339,-0.9070905,-0.79935575,0.46293515,0.38304234,0.42949766,0.88603973,-0.17454356
1356011558817,-0.40741384,0.031954914,-0.9126844,-0.8117111,0.44530118,0.37793115,0.4184962,0.89481044,-0.15548372
1356011558858,-0.39312994,0.028997868,-0.91902554,-0.82648885,0.4268682,0.36701462,0.4029454,0.90384877,-0.14384818
1356011558897,-0.37634927,0.018954635,-0.92628384,-0.84301245,0.4077105,0.3508591,0.38430604,0.91291445,-0.1374625
1356011558936,-0.35727787,0.007198006,-0.93397045,-0.8601999,0.3870464,0.33204088,0.36387992,0.9220321,-0.13209134
1356011558977,-0.33304176,4.4074655E-4,-0.942912,-0.87662446,0.3681753,0.30980074,0.3472934,0.9297563,-0.122231364
1356011559035,-0.30356792,0.0044609606,-0.9527993,-0.8899591,0.35584608,0.28521276,0.34032223,0.93453395,-0.10405332
1356011559048,-0.27145404,0.01376617,-0.96235293,-0.8996763,0.35157228,0.2588038,0.34189934,0.9360595,-0.08305067
1356011559082,-0.23807174,0.031386137,-0.9707403,-0.9036121,0.35929257,0.23322538,0.35609984,0.93269706,-0.05717659
1356011559124,-0.2052648,0.0495587,-0.9774509,-0.90318394,0.37511104,0.20868757,0.3769949,0.9256542,-0.032236516
1356011559166,-0.1761109,0.06432694,-0.9822662,-0.89941025,0.39502576,0.18712518,0.40005764,0.9164151,-0.011712015
1356011559206,-0.15247756,0.07377434,-0.98554957,-0.8934887,0.41592318,0.1693689,0.422408,0.90640235,0.0024975538
1356011559246,-0.1356009,0.07691234,-0.9877737,-0.88637054,0.4360344,0.15563187,0.4426734,0.8966373,0.009046137
1356011559286,-0.12677914,0.07180208,-0.98932886,-0.8788152,0.45440692,0.14559644,0.46001205,0.88789576,0.005491376
1356011559326,-0.12749624,0.055258274,-0.99029857,-0.8717572,0.46996665,0.13845852,0.47305828,0.88095284,-0.011747241
1356011559368,-0.14044413,0.020706683,-0.989872,-0.8663008,0.48149577,0.13298392,0.47937283,0.8762038,-0.049685
1356011559407,-0.16434926,-0.03120768,-0.9859084,-0.8631819,0.4882843,0.12843493,0.47739542,0.87212646,-0.10718703
1356011559448,-0.19911334,-0.10318375,-0.97452915,-0.8628864,0.48983893,0.124438316,0.46452227,0.8656852,-0.18656927
1356011559487,-0.23548453,-0.17981541,-0.9550986,-0.86404765,0.48864204,0.12103933,0.44493663,0.8537536,-0.27043676
1356011559527,-0.26579785,-0.24678624,-0.93190557,-0.8654014,0.48702174,0.11785698,0.4247728,0.83779854,-0.34301847
1356011559567,-0.28343672,-0.291214,-0.9137057,-0.86664295,0.48572356,0.11402899,0.41060153,0.8241766,-0.3900504
1356011559606,-0.2871691,-0.30964935,-0.9064498,-0.86815333,0.48402238,0.10969123,0.40477613,0.81843734,-0.4078194
1356011559649,-0.27887177,-0.30521554,-0.91053504,-0.8701927,0.481358,0.10516259,0.40619606,0.8216678,-0.3998335
1356011559686,-0.26256055,-0.28546694,-0.92172146,-0.8725071,0.47816467,0.10044873,0.41205987,0.83058244,-0.37461907
1356011559726,-0.24120042,-0.25570834,-0.93618137,-0.8747759,0.47499487,0.095639825,0.42022544,0.8420173,-0.33825642
1356011559768,-0.2172757,-0.22133183,-0.95068586,-0.8771224,0.4716323,0.09066099,0.42830798,0.8535662,-0.29660928
1356011559807,-0.19241962,-0.18659112,-0.96340984,-0.8801563,0.4669471,0.08535427,0.4339351,0.86437505,-0.2540791
1356011559847,-0.16809905,-0.1560691,-0.9733372,-0.8843326,0.4601338,0.07894775,0.435544,0.87402475,-0.21536505
1356011559888,-0.14497447,-0.13092923,-0.98073435,-0.89041317,0.44948357,0.07161638,0.43144727,0.88364136,-0.18174475
1356011559927,-0.12244037,-0.112890124,-0.98603463,-0.8980081,0.43564066,0.061633646,0.42259896,0.8930135,-0.15471625
1356011559966,-0.10186285,-0.10191631,-0.98956406,-0.9070324,0.41804415,0.05031249,0.40855384,0.9026916,-0.13502455
1356011560037,-0.082680345,-0.09762502,-0.9917829,-0.91698754,0.3971634,0.037350655,0.3902535,0.91254073,-0.12235856
1356011560045,-0.06458464,-0.09765893,-0.9931221,-0.9271119,0.37404647,0.02350989,0.3691779,0.9222537,-0.11469847
1356011560085,-0.04605359,-0.09767848,-0.99415195,-0.9359779,0.35194933,0.008778572,0.34903362,0.9309085,-0.10763341
1356011560126,-0.025819689,-0.0933902,-0.9952948,-0.94191885,0.33576617,-0.0070705414,0.33484665,0.9373043,-0.09663534
1356011560167,-0.0034483075,-0.082778364,-0.996562,-0.94350195,0.33048308,-0.024186581,0.33134902,0.9401748,-0.079241216
1356011560206,0.019658059,-0.0678547,-0.9975016,-0.94027287,0.337881,-0.041514516,0.3398538,0.9387397,-0.05715984
1356011560247,0.040903598,-0.052038968,-0.997807,-0.9328178,0.355844,-0.05679792,0.35801935,0.9330954,-0.03398758
1356011560287,0.057605237,-0.03851971,-0.997596,-0.9229032,0.378993,-0.06792608,0.3806984,0.9245975,-0.013718009
1356011560328,0.06801814,-0.028489351,-0.9972772,-0.91182846,0.40389717,-0.07372838,0.40489787,0.91436064,0.0014949441
1356011560368,0.07077286,-0.021735549,-0.9972556,-0.90152097,0.42648658,-0.073274195,0.4269088,0.9042327,0.010588646
1356011560405,0.06562096,-0.019626707,-0.9976516,-0.8925959,0.44577897,-0.06748062,0.44605657,0.89492786,0.011733711
1356011560447,0.060820445,-0.029661417,-0.99770796,-0.88527966,0.460113,-0.06764579,0.46106485,0.8873648,0.0017256141
1356011560486,0.022493586,-0.040110588,-0.9989421,-0.8822812,0.46912897,-0.03870368,0.4701851,0.88221836,-0.024836421
1356011560526,-0.021363169,-0.07208577,-0.9971697,-0.8817481,0.47147593,-0.015192777,0.47123665,0.8789278,-0.07363367
1356011560567,-0.072503224,-0.12683475,-0.98927057,-0.88357437,0.46826714,0.004720062,0.46264422,0.8744364,-0.1460188
1356011560607,-0.12670282,-0.19677263,-0.9722278,-0.8861913,0.46280542,0.021821529,0.44565842,0.8643447,-0.23301691
1356011560646,-0.17481971,-0.26231012,-0.94901603,-0.88747275,0.4594124,0.036500186,0.42641538,0.8486068,-0.31310743
1356011560703,-0.2101719,-0.30671304,-0.92830753,-0.8868244,0.45950562,0.048959196,0.41154608,0.8335357,-0.3685758
1356011560724,-0.21891445,-0.3307886,-0.9179626,-0.88823855,0.45695513,0.0471617,0.4038672,0.8256942,-0.3938533
1356011560766,-0.23678708,-0.31759802,-0.9181848,-0.883932,0.46265638,0.06792197,0.40323216,0.82769597,-0.3902861
1356011560800,-0.24401213,-0.29099753,-0.92508304,-0.8804617,0.46633518,0.08555007,0.40650383,0.83537537,-0.37000358
1356011560843,-0.24352472,-0.25529858,-0.93569136,-0.8780217,0.46787316,0.10085875,0.41203573,0.846119,-0.33809638
1356011560885,-0.23797445,-0.21735138,-0.94663954,-0.8769358,0.46708417,0.11320776,0.41755447,0.85708266,-0.30175728
1356011560927,-0.22890134,-0.18149528,-0.9563805,-0.8775865,0.46361965,0.12206018,0.42124346,0.8672464,-0.265401
1356011560966,-0.21712509,-0.15075457,-0.96443236,-0.8803799,0.45701423,0.12676433,0.421649,0.8765906,-0.23195058
1356011561039,-0.20301789,-0.12693593,-0.97091246,-0.88547575,0.44707853,0.12670252,0.417991,0.88544226,-0.20316362
1356011561045,-0.18685728,-0.11042419,-0.9761613,-0.89283144,0.43359286,0.12185779,0.40980047,0.8943175,-0.17961013
1356011561084,-0.16839832,-0.10102382,-0.9805285,-0.9018054,0.41741067,0.111872435,0.39798126,0.903085,-0.16139507
1356011561127,-0.14842337,-0.097426206,-0.9841131,-0.9118048,0.39874774,0.09804231,0.38286102,0.9118708,-0.14801717
1356011561167,-0.12610221,-0.09682956,-0.9872802,-0.9220761,0.3785118,0.08065066,0.36588782,0.9205177,-0.13701534
1356011561209,-0.100868344,-0.09347224,-0.99049914,-0.93173945,0.35794932,0.06110528,0.3488368,0.9290507,-0.123197496
1356011561247,-0.071859986,-0.08433536,-0.99384284,-0.93893814,0.34188256,0.03887865,0.3364987,0.93595076,-0.10375333
1356011561286,-0.040326387,-0.06560516,-0.9970305,-0.94187295,0.33558747,0.016013533,0.33354035,0.9397218,-0.075324774
1356011561326,-0.008352637,-0.04206097,-0.9990801,-0.9400068,0.34109378,-0.006501168,0.34105343,0.93908775,-0.04238665
1356011561366,0.020570606,-0.018808752,-0.9996115,-0.93383384,0.35676613,-0.025929987,0.35711524,0.9340044,-0.010225356
1356011561406,0.043617606,-6.696582E-5,-0.99904835,-0.92504466,0.3777026,-0.04041201,0.37734583,0.925927,0.016412497
1356011561446,0.05919963,0.012960464,-0.99816203,-0.91526675,0.39984584,-0.049091488,0.39847472,0.9164908,0.03553301
1356011561488,0.06643072,0.020527333,-0.9975799,-0.9057605,0.42062935,-0.051660895,0.4185509,0.9070003,0.04653555
1356011561527,0.06483784,0.023367554,-0.9976221,-0.89755154,0.4382815,-0.048067957,0.43611604,0.89853394,0.049390852
1356011561566,0.054328352,0.018586934,-0.99835,-0.8909918,0.45224795,-0.040066272,0.45075703,0.8916985,0.04113072
1356011561607,0.033917934,0.0028027892,-0.9994207,-0.8864933,0.46184483,-0.028790236,0.46149665,0.8869563,0.018149495
1356011561651,0.0024449527,-0.03461066,-0.99939793,-0.88484585,0.46552506,-0.018286586,0.4658777,0.88435775,-0.029486954
1356011561687,-0.036489636,-0.087462604,-0.99549925,-0.8854409,0.4646766,-0.008370072,0.46331728,0.88115036,-0.094398856
1356011561727,-0.07885291,-0.16076952,-0.98383707,-0.88879985,0.45828104,-0.0036522448,0.45146102,0.8741462,-0.17902875
1356011561768,-0.118512616,-0.23820847,-0.9639562,-0.8928198,0.45041138,-0.0015368164,0.43454295,0.86045706,-0.26605672
1356011561806,-0.14905867,-0.3004658,-0.9420731,-0.8951819,0.44570062,-5.1283836E-4,0.42003667,0.8432504,-0.33540708
1356011561846,-0.16858898,-0.3355196,-0.9268248,-0.8951346,0.4457935,0.0014429688,0.41268837,0.8298763,-0.37549114
1356011561886,-0.17892246,-0.34121585,-0.9227992,-0.89324605,0.44951385,0.0069793165,0.41242957,0.82553554,-0.3852179
1356011561931,-0.18329157,-0.3217555,-0.9289121,-0.89038646,0.45484376,0.018141508,0.41667277,0.8304159,-0.36985576
1356011561967,-0.18548585,-0.28875113,-0.9392645,-0.8872876,0.4599753,0.03381467,0.4222744,0.8396699,-0.34152418
1356011562044,-0.1861037,-0.2460537,-0.9512218,-0.8842708,0.4639579,0.052992404,0.42828795,0.8509998,-0.3039224
1356011562046,-0.18596524,-0.20123172,-0.961729,-0.8819132,0.46571177,0.07308629,0.43318123,0.861753,-0.26407516
1356011562083,-0.1843806,-0.15953341,-0.96982104,-0.88104224,0.46417344,0.09114665,0.43562418,0.8712589,-0.2261402
1356011562127,-0.18036303,-0.12435973,-0.9757068,-0.8824922,0.45852765,0.10468987,0.43436933,0.87993586,-0.19244784
1356011562166,-0.17299429,-0.09826386,-0.9800087,-0.886909,0.44825742,0.11161402,0.4283286,0.8884872,-0.16469705
1356011562209,-0.16161671,-0.082571894,-0.9833931,-0.8943167,0.43355665,0.11057311,0.4172264,0.89733523,-0.14391541
1356011562246,-0.14629114,-0.07680565,-0.9862554,-0.9040228,0.41519594,0.10175979,0.40167353,0.906484,-0.13017356
1356011562286,-0.12760043,-0.0790959,-0.9886668,-0.91524523,0.39347005,0.08664584,0.38215744,0.9159286,-0.122599125
1356011562327,-0.10540342,-0.0851734,-0.99077535,-0.9268671,0.36938947,0.06684944,0.36028817,0.9253632,-0.11787933
1356011562368,-0.07996145,-0.08814201,-0.99289334,-0.9372208,0.34584996,0.044775784,0.3394455,0.9341407,-0.11026323
1356011562407,-0.051500857,-0.08354306,-0.99517244,-0.9441184,0.32892102,0.021246433,0.32555813,0.9406548,-0.09581423
1356011562448,-0.02231422,-0.068191886,-0.9974227,-0.94576836,0.32484016,-0.0010501146,0.32407463,0.94330734,-0.071742296
1356011562487,0.005744517,-0.0487476,-0.99879456,-0.94264376,0.33309567,-0.021678746,0.33375093,0.94163203,-0.044038117
1356011562526,0.029715836,-0.028392226,-0.9991551,-0.9351059,0.35234398,-0.03782329,0.35312015,0.9354398,-0.016079545
1356011562567,0.04747665,-0.01112318,-0.99881047,-0.92511624,0.37661636,-0.048167944,0.37670416,0.9263026,0.0075901747
1356011562606,0.057313263,0.0018201768,-0.99835455,-0.9145403,0.4011683,-0.0517703,0.40041396,0.91600263,0.024656892
1356011562649,0.05813104,0.010459691,-0.9982541,-0.9044719,0.4237976,-0.048229247,0.42255324,0.9056965,0.0340963
1356011562687,0.049102247,0.014959484,-0.99868166,-0.8956264,0.44323224,-0.037395984,0.44208848,0.89628196,0.035161853
1356011562726,0.030955851,0.01188612,-0.9994501,-0.8880741,0.4591714,-0.022045374,0.45865682,0.8882682,0.024769843
1356011562767,0.0038058162,-0.00336048,-0.9999871,-0.88203144,0.47116464,-0.0049402714,0.4711752,0.8820389,-0.0011708736
1356011562808,-0.030647725,-0.039121717,-0.9987643,-0.87821543,0.47819456,0.008217752,0.47728214,0.87738216,-0.04901284
1356011562847,-0.0695837,-0.09459314,-0.9930812,-0.8771862,0.47989208,0.015752345,0.4750817,0.8722131,-0.11636841
1356011562889,-0.10858327,-0.17144063,-0.9791925,-0.8800117,0.4747318,0.014467239,0.46237352,0.8632716,-0.20241767
1356011562927,-0.14364815,-0.24569455,-0.9586445,-0.8839561,0.46739835,0.012665242,0.4449571,0.84921896,-0.2843241
1356011562966,-0.17163743,-0.3023281,-0.93762374,-0.88686764,0.4618283,0.013433963,0.4289597,0.83385396,-0.34739202
1356011563041,-0.19291084,-0.33076328,-0.9237863,-0.88736624,0.4606145,0.02038154,0.41876784,0.8236686,-0.3823657
1356011563043,-0.20886892,-0.33022565,-0.9205024,-0.8855795,0.46318382,0.034779757,0.41487667,0.82244253,-0.3891858
1356011563085,-0.22097805,-0.30617657,-0.92597216,-0.88224936,0.467442,0.055982172,0.41569787,0.8293092,-0.37341857
1356011563126,-0.23020397,-0.267843,-0.93555665,-0.87828875,0.47118235,0.08121657,0.4190645,0.84038526,-0.3437115
1356011563167,-0.2364926,-0.2212125,-0.94611645,-0.87459624,0.4726465,0.10810533,0.42326438,0.8530359,-0.30524898
1356011563208,-0.23971093,-0.17630765,-0.9547011,-0.8723413,0.4707113,0.13210392,0.4260977,0.864492,-0.26663512
1356011563247,-0.23910907,-0.1359222,-0.9614323,-0.87244534,0.464708,0.15128002,0.42622298,0.8749695,-0.2297005
1356011563287,-0.23346579,-0.103491366,-0.9668418,-0.87557286,0.45484942,0.16273949,0.42292532,0.8845346,-0.19680601
1356011563330,-0.22247294,-0.08023858,-0.9716314,-0.88227594,0.44063297,0.16562527,0.41484332,0.89409417,-0.16882151
1356011563367,-0.20441097,-0.06728721,-0.9765698,-0.8918822,0.42396772,0.15747249,0.40343818,0.9031743,-0.14667588
1356011563406,-0.1830332,-0.06316057,-0.98107564,-0.90348196,0.4042333,0.14253294,0.387581,0.9124725,-0.13105255
1356011563447,-0.1569263,-0.066499084,-0.98536897,-0.9163625,0.38189057,0.120164126,0.36831236,0.92181206,-0.120866
1356011563486,-0.12739086,-0.07192898,-0.989241,-0.92883253,0.35849613,0.09354493,0.3479105,0.930756,-0.11247915
1356011563526,-0.09572476,-0.072743475,-0.9927463,-0.93895847,0.33768028,0.065794796,0.33044475,0.9384457,-0.10062754
1356011563566,-0.06323829,-0.06419292,-0.9959318,-0.94489837,0.32502672,0.039048225,0.3211978,0.94352365,-0.0812099
1356011563607,-0.031626135,-0.04677394,-0.99840474,-0.94553363,0.32519165,0.014716536,0.32398453,0.9444907,-0.05451089
1356011563646,-0.0034316778,-0.025198996,-0.9996765,-0.94105476,0.33821273,-0.005294949,0.33823675,0.94073224,-0.02487433
1356011563704,0.01886326,-0.0040507317,-0.9998139,-0.93250626,0.3606509,-0.019054562,0.360661,0.93269217,0.0030257106
1356011563728,0.03299713,0.013197482,-0.9993683,-0.92219627,0.3858903,-0.025353074,0.38531193,0.9224503,0.024903953
1356011563764,0.037850946,0.025744379,-0.99895173,-0.9117404,0.41006634,-0.023978472,0.40901917,0.91169226,0.038993597
1356011563800,0.032475412,0.033865035,-0.9988986,-0.902283,0.4308927,-0.014726013,0.42991945,0.9017675,0.044549286
1356011563843,0.017057866,0.035339773,-0.99922967,-0.8942204,0.44762656,5.660355E-4,0.44730172,0.893522,0.03923714
1356011563885,-0.0088253915,0.02670306,-0.99960446,-0.88795143,0.45949724,0.020114452,0.45985258,0.8877777,0.019655824
1356011563927,-0.044452965,6.310642E-4,-0.9990113,-0.8839774,0.4658472,0.039628595,0.46541163,0.88486505,-0.020150423
1356011563966,-0.08840984,-0.045160174,-0.99505997,-0.8822204,0.46735257,0.05717367,0.46246192,0.88291687,-0.08115983
1356011564046,-0.1371508,-0.11175433,-0.9842259,-0.8824245,0.46519563,0.070144,0.4500187,0.8781253,-0.1624167
1356011564048,-0.18589175,-0.18799135,-0.96441877,-0.883024,0.46244907,0.08005902,0.43094417,0.86648726,-0.25196636
1356011564083,-0.22794423,-0.25039867,-0.9409261,-0.88172746,0.46301982,0.09038448,0.41303518,0.850243,-0.32632607
1356011564128,-0.25954494,-0.28474993,-0.92279685,-0.8777786,0.46797755,0.10247809,0.40266755,0.83660895,-0.37140858
1356011564167,-0.281631,-0.28935993,-0.9148524,-0.8719747,0.475075,0.11816928,0.40043005,0.8310082,-0.3861103
1356011564207,-0.2952881,-0.26844478,-0.91692007,-0.86552083,0.4815585,0.13775033,0.40457234,0.83428943,-0.374543
1356011564247,-0.30251324,-0.23068523,-0.9248081,-0.85950565,0.48541486,0.16006976,0.41198987,0.843301,-0.3451197
1356011564286,-0.30483335,-0.18529785,-0.93420625,-0.85485303,0.48567557,0.18260744,0.4198844,0.8542739,-0.30645257
1356011564327,-0.3030646,-0.13949943,-0.94270456,-0.8523408,0.4821199,0.20267102,0.42622414,0.8649279,-0.26501453
1356011564367,-0.29759783,-0.098751456,-0.9495703,-0.8525418,0.4751268,0.21777758,0.42966044,0.8743584,-0.22558641
1356011564406,-0.2884935,-0.06577104,-0.9552202,-0.8558145,0.4650836,0.22644824,0.4293635,0.8828202,-0.1904614
1356011564446,-0.27565908,-0.041868627,-0.9603432,-0.8622784,0.45231336,0.22779062,0.42483872,0.8908758,-0.16078669
1356011564488,-0.25921625,-0.027347714,-0.96543205,-0.8717494,0.43693066,0.22168577,0.41576424,0.8990793,-0.13709992
1356011564527,-0.23940748,-0.02162677,-0.9706783,-0.8833353,0.41981143,0.2085118,0.40299246,0.90735364,-0.11960971
1356011564568,-0.21839076,-0.023416936,-0.9755804,-0.8964634,0.39980054,0.19108337,0.38556296,0.916303,-0.108305156
1356011564607,-0.1948561,-0.029052436,-0.9804014,-0.9100416,0.37820393,0.16966462,0.36586246,0.92526627,-0.10013425
1356011564646,-0.16989961,-0.032289594,-0.9849323,-0.9225997,0.35646185,0.14746118,0.34632942,0.9337518,-0.09035313
1356011564687,-0.14243016,-0.028124154,-0.9894052,-0.9322866,0.33959952,0.124554396,0.3324986,0.94014955,-0.074589014
1356011564726,-0.1133177,-0.014713585,-0.99344987,-0.937397,0.33299324,0.10199219,0.32931143,0.9428144,-0.051526487
1356011564766,-0.08514252,0.0047261417,-0.99635756,-0.93733716,0.33870813,0.08170566,0.33786058,0.9408796,-0.02440846
1356011564807,-0.061446637,0.024943143,-0.9977987,-0.9329033,0.35397157,0.06629884,0.35484603,0.9349235,0.0015191436
1356011564846,-0.04485002,0.042300224,-0.9980977,-0.92562705,0.37405136,0.05744618,0.3757698,0.92644274,0.022378027
1356011564887,-0.036664248,0.055339336,-0.99779415,-0.9171053,0.39474952,0.055592805,0.39695522,0.9171207,0.036278844
1356011564928,-0.037251294,0.06347427,-0.997288,-0.908237,0.41409147,0.06028065,0.4167947,0.9080194,0.04222423
1356011564967,-0.046590537,0.066694885,-0.9966851,-0.8996799,0.4307575,0.07088086,0.43405694,0.89999986,0.039934814
1356011565043,-0.06481877,0.060798854,-0.9960432,-0.8915082,0.44492504,0.08517447,0.44834307,0.89350164,0.025363207
1356011565044,-0.09344947,0.042342097,-0.99472326,-0.8839507,0.4562155,0.10246253,0.45814663,0.8888614,-0.005204797
1356011565083,-0.13387516,0.005445391,-0.99098325,-0.87745035,0.46413216,0.121088,0.46060658,0.8857492,-0.05735767
1356011565127,-0.1857251,-0.05176145,-0.9812374,-0.87200105,0.4689638,0.1403108,0.45290217,0.8816993,-0.1322344
1356011565166,-0.24356753,-0.12303087,-0.962049,-0.86673355,0.47275686,0.15897784,0.43525603,0.87256193,-0.22178322
1356011565206,-0.2961015,-0.19155738,-0.93575084,-0.8608675,0.47794777,0.17456543,0.41380072,0.85724664,-0.30642653
1356011565246,-0.33375084,-0.24169764,-0.911149,-0.855299,0.48402083,0.18489847,0.39632556,0.84101486,-0.3682661
1356011565287,-0.3530228,-0.26711312,-0.8966747,-0.8519167,0.48798,0.19003567,0.38679832,0.830979,-0.39982617
1356011565326,-0.35548025,-0.27007785,-0.8948139,-0.85181594,0.487702,0.19119754,0.3847643,0.8301836,-0.40342504
1356011565365,-0.34399122,-0.25567314,-0.903494,-0.8548938,0.48325545,0.18873456,0.388364,0.8373145,-0.38480902
1356011565408,-0.3237167,-0.23295158,-0.9170284,-0.85984,0.47687477,0.1823889,0.39481995,0.84754,-0.3546734
1356011565449,-0.2968193,-0.20449427,-0.932781,-0.86573243,0.46984956,0.17247835,0.40299585,0.85873365,-0.31649774
1356011565487,-0.26724535,-0.17709321,-0.9472158,-0.87191886,0.46296299,0.15944484,0.41028926,0.8685063,-0.2781356
1356011565527,-0.23699093,-0.151541,-0.9596201,-0.8782759,0.4556558,0.14494574,0.41529122,0.877162,-0.24108112
1356011565566,-0.207472,-0.13028458,-0.9695264,-0.88511944,0.44702956,0.12933779,0.41655624,0.88498056,-0.20806348
1356011565606,-0.18034518,-0.11433652,-0.9769354,-0.89278257,0.43587792,0.11379698,0.41281343,0.89271367,-0.18068612
1356011565645,-0.15640584,-0.104231834,-0.98217773,-0.9015025,0.4213347,0.09884539,0.40352276,0.9008956,-0.15986443
1356011565687,-0.1358001,-0.09942198,-0.98573506,-0.9109186,0.40378436,0.084767014,0.3895967,0.90943575,-0.14539927
1356011565727,-0.11830312,-0.09837344,-0.9880926,-0.9208195,0.38326794,0.072090864,0.37161237,0.91838354,-0.13592601
1356011565766,-0.10149118,-0.09747663,-0.9900495,-0.930557,0.36122623,0.059827536,0.3518,0.92736936,-0.12736881
1356011565807,-0.0819743,-0.091412604,-0.99243337,-0.93898875,0.34083548,0.046165586,0.3340364,0.9356682,-0.11377519
1356011565847,-0.057462543,-0.07703552,-0.9953711,-0.9443964,0.32751235,0.02917239,0.32374898,0.9417012,-0.09157175
1356011565890,-0.02633804,-0.052016377,-0.99829876,-0.9448076,0.32753134,0.00786078,0.32656524,0.94340736,-0.05777198
1356011565927,0.004925072,-0.026270688,-0.9996427,-0.94101346,0.33809882,-0.0135214925,0.33833325,0.94074386,-0.023055911
1356011565966,0.033649057,-0.00202322,-0.9994316,-0.9328507,0.35882714,-0.032133758,0.3586882,0.9334018,0.010186851
1356011566042,0.056769133,0.016475111,-0.99825144,-0.9224906,0.38325268,-0.046135515,0.3818225,0.9234966,0.03695506
1356011566046,0.07255769,0.028122902,-0.9969676,-0.91174036,0.40708548,-0.05487171,0.4043079,0.91295695,0.055177987
1356011566085,0.08021635,0.033161312,-0.9962257,-0.90189266,0.42799765,-0.05837387,0.4244465,0.90317124,0.06424034
1356011566127,0.079220116,0.031787366,-0.99635017,-0.8937136,0.44501996,-0.05686158,0.44158825,0.8949563,0.063663304
1356011566166,0.0680705,0.021295607,-0.9974532,-0.88774383,0.4575245,-0.050815374,0.4552772,0.888942,0.050048947
1356011566207,0.04491681,-0.0022400022,-0.99898815,-0.8845619,0.46463364,-0.040813744,0.46425495,0.88550013,0.018888474
1356011566248,0.0075567365,-0.04549569,-0.99893594,-0.884684,0.46535635,-0.027886689,0.4661299,0.8839534,-0.036732733
1356011566287,-0.04027222,-0.10604915,-0.99354506,-0.8869705,0.46163392,-0.013321638,0.46006688,0.88070863,-0.112653494
1356011566330,-0.09553857,-0.18340135,-0.97838455,-0.89034176,0.45529002,0.0015957355,0.44515604,0.8712491,-0.20678759
1356011566367,-0.14270028,-0.2518067,-0.957199,-0.89228404,0.4512473,0.0143148005,0.42832887,0.8561362,-0.28907627
1356011566406,-0.17502165,-0.29911,-0.9380301,-0.8929339,0.4495871,0.023247391,0.41477275,0.8416678,-0.34577298
1356011566447,-0.19160515,-0.31957707,-0.92798597,-0.8930613,0.44894797,0.029786706,0.40709823,0.83445567,-0.37142265
1356011566486,-0.19585134,-0.31638148,-0.92819446,-0.8931205,0.44840586,0.03560841,0.40494198,0.8359635,-0.37038767
1356011566527,-0.19183128,-0.295431,-0.93590665,-0.89312196,0.44787908,0.04168299,0.40685856,0.84387493,-0.3497731
1356011566566,-0.18401335,-0.26524577,-0.9464586,-0.8930578,0.44734603,0.04826191,0.41059318,0.8541231,-0.31919748
1356011566608,-0.17352538,-0.2299231,-0.9576138,-0.89332366,0.44606316,0.054775804,0.41456208,0.8649641,-0.28279907
1356011566648,-0.16230798,-0.19554281,-0.96717066,-0.8942418,0.44348937,0.06040445,0.41711825,0.8746886,-0.24684447
1356011566704,-0.15021105,-0.16388199,-0.97497666,-0.8964151,0.43851203,0.064398706,0.41698518,0.88365716,-0.21277559
1356011566728,-0.13752428,-0.137802,-0.98086584,-0.90005803,0.43079314,0.06567219,0.41350055,0.89186764,-0.18327439
1356011566774,-0.12473062,-0.11778942,-0.98517406,-0.90660024,0.41696563,0.06492928,0.40313575,0.90125763,-0.15879625
1356011566811,-0.11028063,-0.10521644,-0.9883156,-0.9145151,0.40016067,0.059444368,0.3892305,0.9103851,-0.14035201
1356011566854,-0.09696683,-0.0981296,-0.99043834,-0.92328143,0.38049272,0.052693874,0.37168375,0.91956294,-0.12749648
1356011566898,-0.083343595,-0.0929555,-0.9921759,-0.9322907,0.35893932,0.044684738,0.35197717,0.9287205,-0.11657679
1356011566947,-0.06615996,-0.08173135,-0.99445605,-0.9402852,0.33861154,0.03472659,0.33389607,0.9373698,-0.09925336
1356011566986,-0.044631183,-0.06329444,-0.9969964,-0.9447763,0.32700765,0.02153343,0.32466248,0.94289964,-0.07439381
1356011567043,-0.02032721,-0.03738159,-0.99909425,-0.9445199,0.32838112,0.0069303513,0.3278246,0.9438053,-0.04198271
1356011567066,0.0041101277,-0.008951098,-0.9999515,-0.9396907,0.34195545,-0.0069234967,0.34200084,0.93967354,-0.0070058107
1356011567106,0.025609136,0.016960531,-0.99952817,-0.9314637,0.36340362,-0.017698824,0.36293197,0.9314774,0.025104582
1356011567147,0.04166025,0.03711021,-0.9984424,-0.92171216,0.38712704,-0.024069875,0.38563085,0.9212793,0.050332725
1356011567186,0.05067295,0.05043882,-0.9974408,-0.9118805,0.409656,-0.025610656,0.40731576,0.91084456,0.06675267
1356011567226,0.051589906,0.057164937,-0.9970309,-0.9032371,0.42856908,-0.022164583,0.42602962,0.90169877,0.073743284
1356011567268,0.04359278,0.05507472,-0.9975301,-0.89620924,0.4433885,-0.014685005,0.44148457,0.8946359,0.06868702
1356011567307,0.025966585,0.04292634,-0.9987408,-0.8910657,0.45385963,-0.0036600232,0.453131,0.8900386,0.050035357
1356011567348,-0.002341032,0.013085276,-0.99991167,-0.88817155,0.45944077,0.008091837,0.45950612,0.88811207,0.010546386
1356011567387,-0.03962031,-0.033529222,-0.9986521,-0.8873161,0.46073928,0.019734085,0.45945656,0.886902,-0.04800564
1356011567427,-0.08358726,-0.10061836,-0.99140763,-0.88889706,0.45721707,0.028541267,0.45041668,0.883645,-0.12765688
1356011567467,-0.12912382,-0.18016297,-0.97512484,-0.8921607,0.45036572,0.0349288,0.4328699,0.87447816,-0.21888727
1356011567506,-0.16894215,-0.2567683,-0.9515927,-0.89546984,0.44338018,0.039341062,0.4118158,0.85876894,-0.3048339
1356011567546,-0.19770934,-0.31412885,-0.9285656,-0.89737487,0.43921924,0.042482674,0.39449885,0.84167063,-0.3687291
1356011567586,-0.21458751,-0.34352267,-0.91429996,-0.89756036,0.43849516,0.045906484,0.38514617,0.83049035,-0.40242785
1356011567626,-0.22222213,-0.3450294,-0.91190565,-0.8964655,0.44005656,0.051959395,0.38336253,0.8290385,-0.40709728
1356011567666,-0.22419442,-0.3231373,-0.9194124,-0.8945068,0.4426576,0.062544554,0.38677433,0.8364427,-0.38828993
1356011567707,-0.22401367,-0.28501764,-0.93197787,-0.89185655,0.44552106,0.07812065,0.39294997,0.8486907,-0.35399765
1356011567746,-0.22405551,-0.23849076,-0.9449451,-0.88868195,0.4480067,0.09764442,0.40005443,0.8616334,-0.31232077
1356011567789,-0.22463614,-0.18840244,-0.956056,-0.88546133,0.4490714,0.11955416,0.40681314,0.87340677,-0.26770073
1356011567827,-0.22611281,-0.14187202,-0.96371436,-0.88297164,0.4476662,0.14126578,0.41138074,0.8828745,-0.22649205
1356011567867,-0.2269623,-0.101804614,-0.96856797,-0.88232136,0.44252965,0.16023883,0.41230693,0.8909564,-0.1902619
