1356011789064,-0.8592466,0.03369829,0.51045036,0.50986934,-0.024678648,0.85989773,0.041574344,0.99912727,0.004023373
1356011789106,-0.021206558,0.0049158633,-0.999763,-0.9989109,0.041465342,0.021392375,0.04156068,0.99912786,0.0040311813
1356011789148,-0.02122876,0.0049904585,-0.9997622,-0.9989151,0.04135135,0.0214172,0.041448385,0.9991322,0.004107237
1356011789194,-0.021202415,0.005239278,-0.99976146,-0.9989313,0.040968448,0.021399468,0.04107079,0.9991467,0.0043650866
1356011789235,-0.020881772,0.005606085,-0.99976623,-0.9989644,0.040316463,0.021091074,0.04042527,0.99917126,0.004758358
1356011789275,-0.020274252,0.0059902966,-0.9997765,-0.9990152,0.039352328,0.02049464,0.039466262,0.99920744,0.005186558
1356011789316,-0.01922959,0.0061380267,-0.9997963,-0.9990775,0.038285494,0.019450814,0.038397074,0.999248,0.0053961873
1356011789356,-0.017653912,0.0055630505,-0.9998287,-0.99914813,0.037208408,0.017848939,0.03730133,0.999292,0.0049014688
1356011789395,-0.0154728,0.0041006505,-0.99987185,-0.99921846,0.03631255,0.015611649,0.036371917,0.9993321,0.0035356283
1356011789436,-0.012483865,0.0011419654,-0.99992144,-0.99928457,0.035688013,0.012516677,0.035699517,0.9993623,6.955862E-4
1356011789483,-0.008015752,-0.004298687,-0.99995863,-0.99933326,0.035655558,0.007857382,0.035620302,0.9993549,-0.00458163
1356011789526,-0.0027923286,-0.010661244,-0.9999392,-0.9993417,0.036197513,0.0024047792,0.03616962,0.9992877,-0.010755241
1356011789564,0.0033070743,-0.018050253,-0.9998316,-0.9992941,0.03735599,-0.003979653,0.037421525,0.99913895,-0.017913938
1356011789605,0.010298818,-0.025961101,-0.99960995,-0.99918777,0.03868279,-0.011299163,0.038961142,0.99891436,-0.025541663
1356011789648,0.018287241,-0.034413785,-0.99924034,-0.9990227,0.039592385,-0.019646883,0.04023844,0.99862313,-0.03365618
1356011789686,0.02690813,-0.042370945,-0.9987395,-0.99881697,0.039344043,-0.028579384,0.04050538,0.998327,-0.04126215
1356011789725,0.035340965,-0.04930538,-0.99815834,-0.998622,0.037031353,-0.037186563,0.038796663,0.998097,-0.04792869
1356011789766,0.04289931,-0.054388344,-0.99759793,-0.9984718,0.032484174,-0.044707894,0.034837753,0.9979913,-0.0529117
1356011789806,0.04849747,-0.056856513,-0.9972037,-0.9984348,0.025081605,-0.049987376,0.027853519,0.9980672,-0.05555111
1356011789844,0.052102417,-0.05695638,-0.9970162,-0.99845636,0.016261905,-0.053106725,0.019238114,0.9982442,-0.056021214
1356011789886,0.05355555,-0.054668844,-0.99706733,-0.9985234,0.0061691403,-0.053972065,0.009101659,0.9984855,-0.05425775
1356011789925,0.053553194,-0.050694257,-0.9972774,-0.9985633,-0.004583448,-0.05338922,-0.0018644333,0.9987037,-0.050866902
1356011789967,0.053008437,-0.04597023,-0.9975354,-0.9985082,-0.015542507,-0.052343905,-0.013097942,0.9988219,-0.04672551
1356011790007,0.05269435,-0.04142633,-0.99775106,-0.9983196,-0.026307076,-0.051632136,-0.024108946,0.99879515,-0.042742968
1356011790044,0.053081304,-0.038005203,-0.99786675,-0.99800956,-0.03608963,-0.05171433,-0.034047246,0.99862564,-0.039845258
1356011790086,0.054230392,-0.036601007,-0.9978574,-0.99761826,-0.044644356,-0.05257985,-0.042624295,0.99833214,-0.038934857
1356011790126,0.0556691,-0.0374735,-0.99774575,-0.9972152,-0.051754147,-0.05369568,-0.049625367,0.9979565,-0.040250212
1356011790165,0.057580262,-0.041185886,-0.997491,-0.99679565,-0.057941645,-0.055147737,-0.055524975,0.99747,-0.0443902
1356011790204,0.058702976,-0.046108723,-0.99721,-0.9964297,-0.063423604,-0.055724412,-0.06067729,0.99692094,-0.04966724
1356011790249,0.057955593,-0.04933706,-0.99709934,-0.9962126,-0.06770852,-0.054553807,-0.06482059,0.9964846,-0.05307427
1356011790287,0.053369075,-0.04676795,-0.9974791,-0.9963857,-0.068600625,-0.050094187,-0.06608489,0.9965474,-0.050260067
1356011790328,0.04425779,-0.036123008,-0.99836683,-0.9970852,-0.0637649,-0.04189387,-0.06214741,0.997311,-0.038839787
1356011790365,0.03127873,-0.017700046,-0.999354,-0.99818635,-0.052006304,-0.030321151,-0.051436037,0.99849,-0.01929465
1356011790408,0.0168221,0.004615277,-0.9998479,-0.9992541,-0.034686863,-0.016972244,-0.03475991,0.99938756,0.0040282905
1356011790447,0.0029999614,0.026092082,-0.99965507,-0.9998914,-0.014348447,-0.0033751726,-0.014431536,0.99955654,0.026046157
1356011790488,-0.009480953,0.042842746,-0.9990369,-0.9999341,0.006072521,0.00974986,0.006484419,0.9990634,0.042782277
1356011790527,-0.021464586,0.052687317,-0.9983803,-0.99942684,0.02501744,0.0228073,0.026178569,0.99829763,0.05212015
1356011790566,-0.034850895,0.054835916,-0.997887,-0.9984218,0.042087138,0.0371823,0.044037133,0.99760795,0.05328262
1356011790608,-0.04921615,0.04672441,-0.9976946,-0.9969361,0.0585047,0.051918656,0.060795754,0.9971931,0.043701887
1356011790646,-0.068122566,0.030292481,-0.99721694,-0.9948064,0.07370567,0.07019687,0.07562697,0.99681985,0.025114119
1356011790688,-0.084733695,0.0011836886,-0.9964029,-0.9925187,0.088118345,0.08450806,0.08790141,0.99610925,-0.006291747
1356011790727,-0.09920615,-0.04228103,-0.9941682,-0.9904208,0.100629866,0.09455252,0.096045196,0.9940251,-0.05185914
1356011790764,-0.10991636,-0.099175096,-0.98898065,-0.98905003,0.10949966,0.09894341,0.098480344,0.98902684,-0.110124946
1356011790805,-0.114103675,-0.16833952,-0.97910273,-0.98899055,0.11271924,0.09587586,0.094223976,0.97926307,-0.17934781
1356011790840,-0.11535844,-0.2385863,-0.9642453,-0.98957837,0.11182353,0.090720356,0.08618072,0.96466166,-0.24899966
1356011790885,-0.115813255,-0.30005828,-0.9468645,-0.9901608,0.11025679,0.086168945,0.07854256,0.9475276,-0.30987513
1356011790923,-0.12157151,-0.34039918,-0.9323888,-0.98974526,0.11254981,0.087960035,0.07499865,0.9335208,-0.3505913
1356011790966,-0.13560069,-0.35300782,-0.9257418,-0.98779047,0.12050176,0.09873918,0.0766978,0.9278281,-0.36503792
1356011791019,-0.15554753,-0.34375167,-0.92608845,-0.9845351,0.13043687,0.11694789,0.08059505,0.9299575,-0.3587247
1356011791048,-0.18215069,-0.31162918,-0.9325815,-0.9795455,0.13999066,0.14454472,0.08550829,0.93983495,-0.33075434
1356011791087,-0.20904064,-0.27002665,-0.93988705,-0.97375953,0.1459009,0.1746574,0.089968234,0.9517345,-0.29344028
1356011791126,-0.2340436,-0.22345683,-0.946198,-0.96771157,0.14722246,0.20459658,0.09358311,0.9635313,-0.25069827
1356011791165,-0.25433728,-0.17739409,-0.950707,-0.96240073,0.14337435,0.23071319,0.09537989,0.97364014,-0.20718968
1356011791206,-0.26745752,-0.13673139,-0.95381916,-0.9589851,0.13421854,0.24966568,0.09388313,0.9814734,-0.16702116
1356011791245,-0.272052,-0.10457727,-0.95658314,-0.95826805,0.12015009,0.25939593,0.08780661,0.9872322,-0.13290018
1356011791291,-0.2673828,-0.08294034,-0.9600142,-0.96063983,0.10085088,0.25884405,0.07534966,0.9914384,-0.10664153
1356011791325,-0.25234848,-0.07106304,-0.9650234,-0.9658412,0.079218924,0.24672875,0.05891475,0.994321,-0.088626385
1356011791366,-0.23018932,-0.06916791,-0.97068465,-0.97241086,0.05510938,0.22667179,0.03781542,0.9960817,-0.07994521
1356011791406,-0.200409,-0.07516006,-0.9768251,-0.9796258,0.02862811,0.1987808,0.013024271,0.9967605,-0.07936603
1356011791451,-0.1660549,-0.08210182,-0.9826927,-0.9860438,0.0017231107,0.1664772,-0.011974782,0.99662244,-0.081242085
1356011791498,-0.13376486,-0.07993147,-0.9877844,-0.99043465,-0.023266912,0.13600647,-0.03385392,0.99652874,-0.07605457
1356011791539,-0.103360176,-0.062107712,-0.9927031,-0.993698,-0.037072122,0.105783194,-0.04337156,0.99738073,-0.057884514
1356011791576,-0.078184724,-0.035208017,-0.99631697,-0.9961195,-0.037752032,0.07950336,-0.040412128,0.9986667,-0.03211975
1356011791617,-0.061644852,-4.7147274E-4,-0.9980981,-0.9978323,-0.023051739,0.06163928,-0.023036897,0.99973416,9.5051527E-4
1356011791656,-0.051017523,0.03206277,-0.9981829,-0.99869764,-0.0012348294,0.05100417,4.0274858E-4,0.999485,0.032084048
1356011791698,-0.046822608,0.05881086,-0.99717045,-0.9985398,0.024169147,0.048312366,0.026942044,0.9979765,0.057593346
1356011791736,-0.051152766,0.07717472,-0.9957045,-0.99737996,0.04711783,0.05489084,0.051151574,0.9959035,0.07456237
1356011791776,-0.06225747,0.08598426,-0.99434936,-0.9954102,0.067202985,0.06813511,0.072681755,0.9940274,0.08140576
1356011791815,-0.08158797,0.08394176,-0.99312496,-0.9925049,0.08411825,0.08864689,0.090981096,0.99291384,0.07644957
1356011791858,-0.10733092,0.06864926,-0.99185044,-0.9886421,0.09818804,0.113779694,0.10519868,0.99279726,0.057330966
1356011791895,-0.13532609,0.03593549,-0.99014926,-0.98420393,0.11025524,0.138515,0.11414674,0.99325347,0.020447433
1356011791934,-0.16138268,-0.017956793,-0.98672855,-0.9799611,0.121203125,0.15807015,0.11675611,0.9924653,-0.037157
1356011792012,-0.17798963,-0.104616344,-0.9784555,-0.97773176,0.13114241,0.16383624,0.11117703,0.98582816,-0.12562865
1356011792020,-0.1997796,-0.18734792,-0.96176344,-0.974324,0.1419954,0.17472854,0.10383099,0.9719764,-0.21090537
1356011792066,-0.22094986,-0.25271755,-0.9419739,-0.97035354,0.15396973,0.18629888,0.09795448,0.95521057,-0.27924496
1356011792103,-0.24618551,-0.28952026,-0.9249706,-0.96459997,0.16628596,0.20468473,0.09454927,0.94261706,-0.3202085
1356011792144,-0.2754168,-0.29496118,-0.9149555,-0.95680285,0.17631495,0.23117355,0.09313312,0.9391011,-0.33077985
1356011792184,-0.30669442,-0.27560446,-0.9110328,-0.9473169,0.18126026,0.26407462,0.09235394,0.944027,-0.31667632
1356011792225,-0.33578563,-0.24241349,-0.91021085,-0.93750095,0.17969644,0.29799524,0.091323584,0.95338607,-0.2876023
1356011792266,-0.3598194,-0.20196733,-0.91090024,-0.9287319,0.17104447,0.32893875,0.089369565,0.9643407,-0.24911869
1356011792314,-0.37633967,-0.15908721,-0.91272104,-0.9225557,0.1549455,0.35338774,0.085202575,0.9750298,-0.20507896
1356011792357,-0.38130444,-0.123206705,-0.91620255,-0.9211056,0.13485438,0.36521047,0.07855752,0.9831757,-0.16490698
1356011792405,-0.37563157,-0.09659746,-0.9217211,-0.9243442,0.110948026,0.36507306,0.066998005,0.9891205,-0.13096493
1356011792459,-0.35595304,-0.082289785,-0.9308737,-0.9331722,0.08445746,0.34936586,0.049870014,0.9930234,-0.106853485
1356011792497,-0.32379228,-0.07761893,-0.9429389,-0.94565034,0.05822122,0.31993082,0.0300664,0.9952817,-0.09225196
1356011792542,-0.28631616,-0.08110431,-0.9546964,-0.9581114,0.03126508,0.28468424,0.006759554,0.99621516,-0.08665866
1356011792588,-0.24180728,-0.08497617,-0.96659625,-0.9701655,0.0031530857,0.242423,-0.017552435,0.996378,-0.083203375
1356011792626,-0.19076425,-0.0786072,-0.97848344,-0.98095226,-0.021928906,0.1930072,-0.036628813,0.9966644,-0.0729267
1356011792676,-0.1371091,-0.050180435,-0.98928404,-0.98965204,-0.0357157,0.13897175,-0.04230663,0.9981013,-0.04476422
1356011792719,-0.07477367,-0.010253489,-0.99714786,-0.9966492,-0.032479465,0.07507023,-0.033156574,0.9994198,-0.007790506
1356011792756,-0.012667656,0.0270994,-0.9995525,-0.9997914,-0.01636219,0.012227088,-0.016023487,0.99949884,0.027301043
1356011792799,0.04270667,0.0590021,-0.9973439,-0.9990445,0.011800468,-0.042081326,0.009286195,0.998188,0.059449703
1356011792848,0.091772765,0.0813784,-0.9924491,-0.9950116,0.046639055,-0.0881854,0.03911048,0.9955914,0.08525264
1356011792888,0.1324834,0.092924386,-0.9868197,-0.98907244,0.077364236,-0.12550077,0.064682424,0.9926629,0.10215846
1356011792926,0.16150445,0.0939928,-0.98238575,-0.9830911,0.10237664,-0.15182525,0.08630291,0.9902951,0.10893771
1356011792965,0.17859259,0.083969325,-0.98033345,-0.9784223,0.12036434,-0.16793469,0.10389578,0.9891721,0.10365367
1356011793015,0.18485582,0.05734107,-0.98109144,-0.9757606,0.12969041,-0.1762715,0.11713058,0.98989516,0.07992518
1356011793046,0.18131429,0.013009936,-0.9833391,-0.97535646,0.1302042,-0.17811966,0.12571749,0.9914018,0.036297232
1356011793087,0.17027092,-0.056764096,-0.9837611,-0.9769975,0.12035012,-0.17604461,0.12838879,0.99110734,-0.03496626
1356011793136,0.15233445,-0.15421653,-0.9762231,-0.98037803,0.101460695,-0.16901088,0.12511256,0.98281384,-0.13573456
1356011793176,0.13336217,-0.24551761,-0.9601748,-0.9836844,0.08524442,-0.15842456,0.12074557,0.9656368,-0.23014343
1356011793215,0.11854476,-0.3146162,-0.9417875,-0.98594046,0.07519412,-0.1492219,0.11776447,0.9462359,-0.301279
1356011793258,0.11082333,-0.3518662,-0.9294667,-0.9870449,0.070209086,-0.14426741,0.116019845,0.9334135,-0.3395269
1356011793296,0.110546246,-0.3568181,-0.92761004,-0.98731804,0.067574516,-0.14365536,0.11394167,0.93172663,-0.34482288
1356011793336,0.11586784,-0.33757812,-0.934139,-0.9870909,0.065560564,-0.146128,0.11057225,0.93901163,-0.32562387
1356011793378,0.124907345,-0.2998705,-0.94576734,-0.9865104,0.064119905,-0.15061852,0.105808556,0.95182264,-0.2878163
1356011793425,0.13646346,-0.2496342,-0.95867646,-0.98556787,0.06363976,-0.15686283,0.10016826,0.9662467,-0.23734695
1356011793466,0.14931458,-0.20140937,-0.96805954,-0.98426163,0.063313186,-0.1649861,0.09452066,0.9774587,-0.18878591
1356011793506,0.1624578,-0.1581761,-0.9739547,-0.98278236,0.062105387,-0.1740166,0.08801314,0.9854559,-0.14536321
1356011793548,0.17657858,-0.122356445,-0.9766519,-0.98105586,0.058449328,-0.18469742,0.07968354,0.99076366,-0.10971761
1356011793585,0.19156545,-0.09563452,-0.97680944,-0.9791067,0.050545633,-0.19696468,0.068210065,0.99413234,-0.08395359
1356011793626,0.2078579,-0.078917,-0.97497034,-0.97671473,0.03739983,-0.21125704,0.053135484,0.9961794,-0.06930554
1356011793668,0.22473016,-0.07200816,-0.9717568,-0.9738579,0.017303318,-0.22649822,0.033124357,0.9972539,-0.06623715
1356011793706,0.24243358,-0.06900406,-0.96771085,-0.97010386,-0.0057735145,-0.24262139,0.011154741,0.9975996,-0.06834075
1356011793747,0.25901213,-0.06400341,-0.9637511,-0.9658064,-0.028965503,-0.25764084,-0.011425734,0.99752915,-0.06931725
1356011793788,0.27530602,-0.05297169,-0.9598962,-0.96095955,-0.043857723,-0.27319077,-0.027627438,0.9976325,-0.06297797
1356011793848,0.2899946,-0.03508541,-0.9563849,-0.9564707,-0.044729948,-0.2883797,-0.03266114,0.9983828,-0.04652962
1356011793864,0.30250728,-0.013566852,-0.95305055,-0.95281255,-0.030794382,-0.30199334,-0.025251508,0.99943364,-0.022242188
1356011793904,0.31185493,0.006829679,-0.9501052,-0.9500893,-0.00699088,-0.31189996,-0.008772165,0.99995226,0.004308611
1356011793940,0.31716406,0.02296257,-0.9480927,-0.94829506,0.020303965,-0.31673998,0.011976868,0.99953014,0.02821502
1356011793993,0.3180155,0.033177078,-0.9475049,-0.9474368,0.048084766,-0.31630892,0.035066336,0.99829215,0.046724886
1356011794025,0.31336322,0.03710848,-0.948908,-0.94795626,0.071582705,-0.3102496,0.05641246,0.99674416,0.057608634
1356011794067,0.3047401,0.033380687,-0.9518504,-0.9494301,0.08997789,-0.30080974,0.07560429,0.9953842,0.05911252
1356011794108,0.2923037,0.017622203,-0.95616317,-0.9518311,0.10218069,-0.28909618,0.0926069,0.9946098,0.04664117
1356011794146,0.27561677,-0.009962231,-0.961216,-0.9553721,0.107737064,-0.2750577,0.106298715,0.99412954,0.02017653
1356011794188,0.2577697,-0.058307767,-0.9644454,-0.9594214,0.1026395,-0.2626322,0.11430365,0.9930082,-0.029484361
1356011794233,0.23837256,-0.13200259,-0.96216106,-0.9645202,0.08359349,-0.2504256,0.11348727,0.98771834,-0.10739279
1356011794278,0.21792838,-0.21044329,-0.95300627,-0.97007406,0.060416907,-0.23517266,0.10706821,0.97573745,-0.190979
1356011794316,0.19998606,-0.27972248,-0.9390212,-0.9748026,0.039857164,-0.21947944,0.09882006,0.9592532,-0.26470333
1356011794356,0.1842909,-0.3263122,-0.92712307,-0.9785198,0.027755335,-0.2042762,0.09239039,0.9448545,-0.31418782
1356011794398,0.17018045,-0.34285417,-0.92384505,-0.98144805,0.02504392,-0.19008562,0.088308364,0.9390547,-0.33223158
1356011794436,0.15634371,-0.33647648,-0.9286227,-0.98402286,0.02801992,-0.17582357,0.0851804,0.9412749,-0.32671976
1356011794477,0.14245206,-0.3088212,-0.94039184,-0.9863945,0.0344705,-0.16074061,0.08205587,0.95049524,-0.2997092
1356011794516,0.12803128,-0.27261826,-0.9535656,-0.9886073,0.041644424,-0.14464211,0.07914281,0.9612206,-0.2641806
1356011794556,0.114067435,-0.2325311,-0.96587676,-0.9905256,0.04821533,-0.128586,0.076470315,0.97139305,-0.22482818
1356011794595,0.10153228,-0.193088,-0.9759141,-0.99209815,0.053026855,-0.11370763,0.073705226,0.97974753,-0.18617833
1356011794637,0.09198296,-0.15771878,-0.98319066,-0.9932953,0.054902792,-0.10173553,0.07002553,0.9859566,-0.15161121
1356011794680,0.08694002,-0.12853295,-0.98788697,-0.9941595,0.052452058,-0.09431654,0.06393951,0.99031717,-0.12322211
1356011794717,0.08813715,-0.10679719,-0.9903667,-0.9945651,0.045886517,-0.09345907,0.055425644,0.99322146,-0.102172494
1356011794755,0.09476575,-0.093354374,-0.9911127,-0.9945402,0.0348216,-0.09837341,0.043695778,0.99502385,-0.08954489
1356011794799,0.10769284,-0.08781561,-0.9902983,-0.99375916,0.019615829,-0.10980865,0.02906844,0.99594355,-0.08515507
1356011794838,0.12602872,-0.08723867,-0.98818326,-0.991958,6.2829256E-4,-0.12656564,0.011662304,0.99618727,-0.08645797
1356011794876,0.1489731,-0.08448854,-0.9852252,-0.98882544,-0.018359363,-0.14794296,-0.005588621,0.9962552,-0.08627948
1356011794917,0.17268386,-0.07162839,-0.9823694,-0.98478085,-0.03247425,-0.17073989,-0.019671917,0.9969026,-0.07614604
1356011794956,0.19834128,-0.048923254,-0.9789113,-0.97980046,-0.03591183,-0.19672665,-0.02553001,0.99815667,-0.055057824
1356011795019,0.22299024,-0.018664777,-0.9746419,-0.9746198,-0.024562627,-0.22251484,-0.019786566,0.999524,-0.02366829
1356011795036,0.24620903,0.012057304,-0.9691417,-0.9692081,-0.0011609793,-0.24624029,-0.0040941536,0.9999267,0.011400193
1356011795077,0.26647025,0.037170857,-0.9631261,-0.9637047,0.027207315,-0.2655803,0.01633221,0.99893844,0.043071657
1356011795115,0.28205183,0.054412067,-0.95785487,-0.95866627,0.055000156,-0.27916643,0.037492126,0.9970026,0.06767592
1356011795157,0.29153296,0.06344733,-0.9544543,-0.9548719,0.078569144,-0.2864377,0.056817025,0.99488765,0.08348954
1356011795206,0.29454508,0.059780896,-0.9537659,-0.95266706,0.096999735,-0.28812584,0.07529062,0.99348736,0.085522085
1356011795249,0.28563416,0.047128856,-0.9571792,-0.95406336,0.108223975,-0.27937564,0.09042308,0.99300873,0.075876385
1356011795284,0.27282402,0.022475004,-0.9618014,-0.95666176,0.112133354,-0.26874587,0.10180998,0.99343896,0.052093655
1356011795329,0.260026,-0.02196446,-0.9653518,-0.959522,0.106132716,-0.26087052,0.10818532,0.99410933,0.0065218806
1356011795375,0.25127926,-0.10179278,-0.9625471,-0.96197784,0.083709866,-0.25998324,0.10703915,0.9912774,-0.076887876
1356011795418,0.24171457,-0.18902269,-0.9517586,-0.9648949,0.05701235,-0.25637355,0.10272241,0.9803163,-0.16860631
1356011795457,0.23592335,-0.26844198,-0.93395877,-0.966762,0.032627225,-0.25358742,0.09854591,0.9627431,-0.25182194
1356011795496,0.23011214,-0.32251078,-0.91816944,-0.96838766,0.017477512,-0.24883685,0.09629983,0.94640434,-0.30829364
1356011795538,0.22109498,-0.3432597,-0.91284704,-0.97056913,0.014173105,-0.24040502,0.09545922,0.9391336,-0.3300237
1356011795576,0.2078503,-0.33941647,-0.9173847,-0.9736067,0.018606037,-0.22747236,0.094276726,0.94045216,-0.3265909
1356011795616,0.1895264,-0.31510717,-0.92993927,-0.9775532,0.028214708,-0.20879078,0.09202942,0.94863653,-0.30268663
1356011795655,0.16669196,-0.2789897,-0.9457159,-0.98197615,0.039687872,-0.1847913,0.08908835,0.9594736,-0.2673456
1356011795697,0.1414353,-0.23780999,-0.9609591,-0.986222,0.050287396,-0.1575982,0.085802525,0.970009,-0.22742105
1356011795735,0.11661774,-0.19565591,-0.973714,-0.9897951,0.05794078,-0.1301862,0.08188948,0.97895944,-0.1869024
1356011795778,0.095678,-0.1555255,-0.98318744,-0.9924633,0.06106928,-0.10624087,0.07656574,0.98594236,-0.14851034
1356011795815,0.08216977,-0.12040666,-0.98931813,-0.9942229,0.058881402,-0.089743406,0.06905815,0.9909769,-0.11487281
1356011795860,0.07835209,-0.09288764,-0.992589,-0.99522257,0.05088812,-0.08332223,0.058250666,0.9943754,-0.08845669
1356011795899,0.08629581,-0.07570368,-0.9933891,-0.9953665,0.035893887,-0.08920303,0.04240963,0.99648416,-0.07225549
1356011795936,0.10590711,-0.066623956,-0.9921416,-0.9940896,0.016854018,-0.107246816,0.023866773,0.9976358,-0.0644452
1356011796015,0.13053101,-0.06274563,-0.9894568,-0.991442,-0.0061591864,-0.13040239,0.002087921,0.9980106,-0.06301266
1356011796017,0.15870368,-0.055974334,-0.9857383,-0.987182,-0.02605915,-0.15745637,-0.016873926,0.99809206,-0.05939257
1356011796052,0.18523833,-0.04264292,-0.981768,-0.98229337,-0.036547393,-0.18375006,-0.028045416,0.9984218,-0.048657864
1356011796094,0.20764014,-0.022047907,-0.97795683,-0.9778099,-0.03310159,-0.20686269,-0.02781099,0.9992088,-0.028431892
1356011796136,0.2276966,0.001134485,-0.9737314,-0.9735794,-0.017444491,-0.22768131,-0.017244607,0.9998472,-0.0028675199
1356011796175,0.24481857,0.02252549,-0.9693072,-0.96956855,0.006478727,-0.24473405,7.67082E-4,0.9997252,0.023426145
1356011796216,0.257735,0.038654506,-0.96544206,-0.9659875,0.032017708,-0.25659868,0.020992547,0.9987395,0.04559186
1356011796255,0.26460323,0.04852721,-0.9631356,-0.9634234,0.05724612,-0.261798,0.042431474,0.99718,0.06189975
1356011796313,0.26424947,0.047144026,-0.9633014,-0.96215343,0.081837386,-0.25992948,0.06657994,0.99553007,0.06698531
1356011796366,0.24734417,0.03195104,-0.9684007,-0.96498656,0.09817591,-0.24323294,0.087302,0.99465597,0.05511558
1356011796406,0.22089621,0.0063452423,-0.97527677,-0.96986663,0.10681036,-0.21897599,0.10278028,0.99425924,0.029747993
1356011796453,0.21029937,-0.053919822,-0.97614896,-0.9716028,0.09923881,-0.21480158,0.10845387,0.9936017,-0.031518757
1356011796493,0.20245716,-0.13126996,-0.97045314,-0.97347975,0.08082196,-0.21402109,0.10652843,0.9880465,-0.11142561
1356011796537,0.20522526,-0.21957394,-0.95376617,-0.9737978,0.051749915,-0.22144929,0.09798175,0.9742224,-0.20320016
1356011796583,0.20723626,-0.29400635,-0.9330667,-0.974254,0.024533302,-0.22411448,0.08878234,0.9554886,-0.2813527
1356011796625,0.19875616,-0.33564007,-0.9207833,-0.9764972,0.01209408,-0.21519083,0.08336273,0.9419127,-0.32534778
1356011796664,0.17814748,-0.3429822,-0.92229426,-0.9806286,0.015683696,-0.19524759,0.08143148,0.93921095,-0.33354414
1356011796706,0.14745325,-0.32443678,-0.9343438,-0.98573816,0.029257774,-0.16572338,0.08110359,0.9454548,-0.31549555
1356011796745,0.10888466,-0.28668287,-0.95181775,-0.9907299,0.04694709,-0.12747627,0.08123037,0.95687455,-0.2789135
1356011796787,0.06883323,-0.24312401,-0.9675498,-0.9943099,0.062317967,-0.08639613,0.081300735,0.96799135,-0.23745108
1356011796826,0.03111732,-0.19824818,-0.97965777,-0.99621856,0.073394656,-0.046495795,0.0811193,0.97740006,-0.19521463
1356011796866,0.0014205575,-0.15936434,-0.98721886,-0.99676096,0.07915586,-0.014212251,0.08040908,0.98404133,-0.15873575
1356011796926,-0.018359333,-0.12751144,-0.99166715,-0.9967707,0.07988247,0.008182317,0.07817352,0.98861504,-0.12856627
1356011796945,-0.024108648,-0.104338646,-0.9942496,-0.9969958,0.075736284,0.016227365,0.073607594,0.9916539,-0.105851054
1356011797004,-0.016861498,-0.090165615,-0.99578404,-0.997718,0.06664008,0.010860205,0.06537989,0.9936948,-0.09108353
1356011797020,0.0026685894,-0.0842056,-0.9964448,-0.9985764,0.05285892,-0.007141173,0.053272277,0.99504536,-0.08394468
1356011797062,0.0315513,-0.08576664,-0.9958155,-0.9988167,0.034184635,-0.034590602,0.037008286,0.9957286,-0.08458662
1356011797103,0.06742096,-0.09074792,-0.99358904,-0.9975524,0.012369156,-0.06881961,0.018535107,0.99579704,-0.08969188
1356011797144,0.104412645,-0.092192024,-0.9902518,-0.99453366,-0.008856922,-0.10403952,8.210242E-4,0.9957018,-0.09261286
1356011797185,0.13699734,-0.08235243,-0.9871422,-0.9904988,-0.02345568,-0.13550636,-0.011994809,0.99632716,-0.084783375
1356011797223,0.1649856,-0.061773866,-0.98435956,-0.98616385,-0.026663184,-0.16361469,-0.01613909,0.9977339,-0.0653182
1356011797266,0.18497723,-0.030001879,-0.98228467,-0.98271334,-0.013379693,-0.18464929,-0.0076029003,0.9994603,-0.031958133
1356011797306,0.20107007,6.3201785E-4,-0.9795767,-0.97954977,0.007574439,-0.2010597,0.007292658,0.99997115,0.0021421015
1356011797344,0.21190369,0.02691552,-0.9769199,-0.9769232,0.03323871,-0.2109887,0.026792765,0.999085,0.033337772
1356011797384,0.21668074,0.045633286,-0.9751754,-0.975158,0.057188004,-0.21400079,0.046002746,0.99731994,0.056891233
1356011797423,0.21504083,0.05621779,-0.9749856,-0.9745636,0.07687035,-0.21051529,0.063112736,0.9954549,0.07131812
1356011797463,0.20616668,0.058612436,-0.9767599,-0.97541773,0.09169322,-0.20038119,0.07781744,0.9940609,0.07607567
1356011797503,0.19040442,0.051752448,-0.9803407,-0.9775301,0.10200161,-0.18447387,0.09044942,0.9934372,0.07001108
1356011797545,0.16975975,0.03142792,-0.9849843,-0.98031133,0.1076718,-0.16551897,0.100853175,0.99368966,0.049087465
1356011797584,0.14501137,-0.004225552,-0.989421,-0.98354447,0.10829347,-0.14461258,0.10775891,0.99411,0.011547804
1356011797626,0.12269479,-0.06416857,-0.99036777,-0.9865445,0.10076445,-0.1287499,0.10805556,0.9928388,-0.050941825
1356011797663,0.10057646,-0.13944998,-0.98510814,-0.98972,0.08716589,-0.1133863,0.10167956,0.9863852,-0.12924957
1356011797711,0.08467311,-0.23088428,-0.9692899,-0.9925177,0.066342056,-0.10250482,0.08797145,0.97071683,-0.22353935
1356011797754,0.06606251,-0.3042576,-0.9502963,-0.994851,0.05327344,-0.08621645,0.07685757,0.9510989,-0.29917163
1356011797796,0.04497224,-0.3436944,-0.93800414,-0.99630374,0.053358614,-0.06731859,0.07318762,0.9375645,-0.34002435
1356011797835,0.022334546,-0.35122672,-0.936024,-0.99692464,0.06252149,-0.047247827,0.07511634,0.93420064,-0.34875017
1356011797875,-0.001888305,-0.33019075,-0.9439124,-0.99677217,0.076379985,-0.024724483,0.08025983,0.9408189,-0.32926917
1356011797927,-0.028937727,-0.27874762,-0.9599283,-0.995755,0.09198293,0.003307432,0.087375045,0.9559492,-0.2802261
1356011797975,-0.054737717,-0.22070804,-0.97380275,-0.9941081,0.10342643,0.03243798,0.093557656,0.9698407,-0.22506893
1356011798033,-0.07508838,-0.16945928,-0.9826726,-0.9923971,0.10907054,0.057022482,0.09751764,0.9794831,-0.17636085
1356011798050,-0.0888004,-0.1267083,-0.98795724,-0.99118006,0.10919896,0.075085014,0.098370045,0.985911,-0.13528764
1356011798082,-0.09554058,-0.09282702,-0.9910879,-0.9907295,0.10546529,0.08562794,0.09657684,0.99008095,-0.102042735
1356011798123,-0.096756846,-0.06913942,-0.9929037,-0.9912855,0.09629151,0.08989403,0.08939299,0.9929489,-0.0778538
1356011798163,-0.09047127,-0.056186527,-0.9943129,-0.99296963,0.08161116,0.08573738,0.07632974,0.9950793,-0.06317496
1356011798205,-0.07756221,-0.053504765,-0.99555075,-0.99532825,0.06174165,0.07422662,0.057495475,0.996657,-0.05804366
1356011798254,-0.059253722,-0.058710277,-0.99651504,-0.9977681,0.03427133,0.05730906,0.03078726,0.9976866,-0.060609937
1356011798294,-0.033833593,-0.05881691,-0.9976953,-0.9994153,0.0069307983,0.033483297,0.004945427,0.99824476,-0.059017003
1356011798346,-0.008131236,-0.03957671,-0.9991834,-0.9998639,-0.014020592,0.008692175,-0.014353156,0.9991182,-0.03945726
1356011798397,0.020205796,-0.0036857128,-0.999789,-0.99962986,-0.018293083,-0.020135075,-0.01821506,0.99982584,-0.0040539503
1356011798437,0.047344863,0.034588873,-0.9982796,-0.99884194,-0.0069206357,-0.047611326,-0.008555561,0.9993776,0.034221172
1356011798489,0.070209175,0.06849086,-0.99517816,-0.9974625,0.016617984,-0.06922662,0.011796415,0.9975133,0.06948382
1356011798538,0.087408125,0.09207669,-0.9919081,-0.99549234,0.04486364,-0.083559394,0.036806732,0.9947407,0.09558311
1356011798588,0.09711939,0.10185617,-0.990047,-0.9934347,0.07034737,-0.09021434,0.060458273,0.9923086,0.10801962
1356011798628,0.09886545,0.10197583,-0.98986185,-0.99190784,0.08972198,-0.08982664,0.07965219,0.9907325,0.110021025
1356011798667,0.094791025,0.085519195,-0.9918171,-0.99094605,0.103265375,-0.08580375,0.09508252,0.9909706,0.09453347
1356011798717,0.082200944,0.04303974,-0.99568594,-0.9909584,0.10983044,-0.07706314,0.10603985,0.9930181,0.051678807
1356011798759,0.062178344,-0.02056846,-0.99785304,-0.9917451,0.11106005,-0.06408697,0.11213979,0.9936008,-0.013493121
1356011798797,0.03675568,-0.1060864,-0.9936774,-0.99293447,0.108389795,-0.048299998,0.1128284,0.9884317,-0.10135287
1356011798839,0.010290295,-0.19714639,-0.98032004,-0.993834,0.10622135,-0.031793684,0.11039895,0.9746026,-0.19483781
1356011798879,-0.011664182,-0.27438325,-0.96154964,-0.9941047,0.10684696,-0.018430203,0.10779557,0.95566607,-0.2740119
1356011798917,-0.023333728,-0.32209703,-0.94641906,-0.9940702,0.10804641,-0.012263149,0.10620707,0.9405209,-0.3227082
1356011798960,-0.02296561,-0.3342317,-0.9422111,-0.9942527,0.10621166,-0.013442516,0.10456675,0.9364872,-0.33475
1356011799037,-0.013135761,-0.32598865,-0.94528246,-0.994722,0.10047117,-0.020825595,0.10176256,0.9400197,-0.32558787
1356011799039,0.0036552548,-0.29836714,-0.95444417,-0.9953027,0.09125167,-0.032337755,0.09674311,0.9500791,-0.29663205
1356011799075,0.024295777,-0.26330492,-0.9644067,-0.9955697,0.08127907,-0.047271937,0.09083307,0.9612826,-0.26016372
1356011799120,0.04627779,-0.22550306,-0.9731427,-0.9953426,0.07206145,-0.06403208,0.08456546,0.9715737,-0.22111797
1356011799157,0.0683662,-0.18916303,-0.9795629,-0.99460644,0.06384233,-0.08174473,0.078000665,0.9798681,-0.18377817
1356011799201,0.08989644,-0.15613362,-0.9836365,-0.99346566,0.055672765,-0.09963173,0.070317596,0.9861657,-0.15010858
1356011799238,0.110738635,-0.12805179,-0.98556566,-0.9920237,0.045841932,-0.117420375,0.06021616,0.99070746,-0.121953964
1356011799276,0.13071796,-0.106544316,-0.985678,-0.99029523,0.033304185,-0.1349302,0.047203243,0.99375004,-0.10115683
1356011799318,0.14891818,-0.09279281,-0.9844861,-0.9883811,0.016671866,-0.15107873,0.030432224,0.99554586,-0.08923191
1356011799357,0.16613132,-0.08447605,-0.9824786,-0.9860386,-0.0027863383,-0.16649371,0.011327237,0.99642164,-0.083759576
1356011799399,0.18281108,-0.07586467,-0.9802166,-0.98310566,-0.023363292,-0.18154162,-0.009128481,0.99684435,-0.078854084
1356011799437,0.20077762,-0.06070426,-0.97775424,-0.9793074,-0.038321942,-0.1987173,-0.02540645,0.9974199,-0.06714231
1356011799476,0.21980307,-0.034638196,-0.9749291,-0.97500086,-0.041152924,-0.21835706,-0.032557726,0.9985522,-0.04281777
1356011799519,0.23878217,-0.0014737248,-0.9710721,-0.9706782,-0.02888149,-0.23864153,-0.027694285,0.9995818,-0.008326918
1356011799561,0.2554827,0.031052649,-0.9663148,-0.96673,-0.004942745,-0.2557513,-0.012717992,0.9995056,0.028756738
1356011799597,0.26832044,0.05710095,-0.9616359,-0.96330255,0.023398161,-0.26739612,0.0072319508,0.9980942,0.061283737
1356011799639,0.2767163,0.07472119,-0.9580422,-0.96054244,0.05059898,-0.2734921,0.02804035,0.99591994,0.08577445
1356011799678,0.28034025,0.08341041,-0.95626986,-0.95870805,0.0739761,-0.27460244,0.047836423,0.9937657,0.10070467
1356011799719,0.2787508,0.083394885,-0.9567357,-0.9581349,0.091977805,-0.27114108,0.06538659,0.9922627,0.10554248
1356011799759,0.27147517,0.07080114,-0.9598377,-0.95905995,0.10347572,-0.26362246,0.08065519,0.9921089,0.09599358
1356011799797,0.25788754,0.045187384,-0.9651177,-0.96172357,0.10778266,-0.25193414,0.09263873,0.993147,0.07125354
1356011799840,0.23828438,-0.0040703714,-0.97118694,-0.9660727,0.10158107,-0.23745531,0.09962076,0.994819,0.02027288
1356011799878,0.21367231,-0.07053861,-0.97435534,-0.9715706,0.08874747,-0.21948647,0.101953834,0.9935533,-0.04957038
1356011799917,0.18716112,-0.15433365,-0.9701297,-0.97723967,0.07114777,-0.19985136,0.09986636,0.9854537,-0.13750488
1356011799957,0.16161418,-0.23994252,-0.95724,-0.9821291,0.055698395,-0.17977768,0.09645304,0.9691879,-0.22665286
1356011800037,0.14071915,-0.3086314,-0.9407151,-0.9855114,0.047205716,-0.16290751,0.094685555,0.9500097,-0.297517
1356011800038,0.12628326,-0.34653175,-0.9294989,-0.9874152,0.046014816,-0.15130681,0.09520331,0.9369089,-0.3363598
1356011800080,0.116958484,-0.35002005,-0.929412,-0.9885044,0.049253926,-0.14294395,0.09581044,0.9354464,-0.3402357
1356011800122,0.10946995,-0.33078772,-0.9373344,-0.9894369,0.05389303,-0.13457397,0.09503123,0.94216514,-0.32139397
1356011800166,0.10264948,-0.29805362,-0.94901377,-0.99037623,0.058415145,-0.12546971,0.09283346,0.9527601,-0.28918892
1356011800206,0.09611359,-0.25795954,-0.9613631,-0.99133843,0.062036723,-0.11575654,0.08950028,0.964162,-0.2497626
1356011800245,0.09016967,-0.2153911,-0.97235596,-0.9922876,0.06395471,-0.1061849,0.085058,0.97443134,-0.20796311
1356011800286,0.085687846,-0.17422193,-0.9809711,-0.99319047,0.0630658,-0.09795576,0.07893172,0.9826848,-0.16763157
1356011800338,0.083794594,-0.13536146,-0.98724663,-0.994169,0.056123972,-0.092077374,0.06787196,0.9892055,-0.12986934
1356011800391,0.08654815,-0.10554102,-0.9906415,-0.9948776,0.042977273,-0.091496944,0.05223179,0.9934858,-0.10128081
1356011800426,0.09349111,-0.08630207,-0.99187267,-0.9950379,0.025966972,-0.0960488,0.0340451,0.99593055,-0.083446085
1356011800469,0.10311431,-0.076450825,-0.9917272,-0.99456906,0.006246865,-0.1038914,0.0141378045,0.99705386,-0.07539153
1356011800506,0.115573406,-0.069790125,-0.99084413,-0.9932848,-0.013440549,-0.11491147,-0.00529781,0.9974712,-0.07087484
1356011800547,0.13051587,-0.057726532,-0.9897642,-0.9912276,-0.028561234,-0.12904304,-0.020819634,0.9979238,-0.060947865
1356011800587,0.14774245,-0.03512612,-0.9884019,-0.9886309,-0.033488512,-0.1465866,-0.027951092,0.9988217,-0.03967446
1356011800628,0.16634718,-0.0022248328,-0.98606473,-0.9857949,-0.023875386,-0.16624776,-0.023172796,0.99971247,-0.006164819
1356011800670,0.18535587,0.03237781,-0.982138,-0.98263097,-0.0029750168,-0.18554705,-0.008929431,0.99947137,0.031263947
1356011800709,0.20277575,0.06394321,-0.97713524,-0.9791402,0.02638939,-0.20146492,0.01290369,0.9976046,0.06796047
1356011800748,0.21738055,0.086660534,-0.97223234,-0.97548354,0.054305762,-0.21326691,0.034315974,0.99475664,0.096340954
1356011800790,0.22736275,0.09926817,-0.96873736,-0.9722922,0.07866377,-0.22013631,0.054352045,0.9919466,0.1144028
1356011800827,0.23076633,0.10309759,-0.9675318,-0.9704157,0.09693989,-0.22112453,0.07099497,0.9899361,0.122418016
1356011800866,0.22830659,0.09579134,-0.9688654,-0.96989596,0.108976066,-0.21777502,0.08472219,0.98941815,0.1177876
1356011800909,0.21897581,0.07363728,-0.97294766,-0.9710238,0.114267856,-0.20989448,0.09572059,0.9907171,0.09652543
1356011800946,0.20333615,0.036465526,-0.9784297,-0.9736146,0.11324802,-0.19811481,0.10358083,0.99289733,0.058530837
1356011800987,0.18563119,-0.02116996,-0.9823914,-0.9768087,0.104590446,-0.18683016,0.10670394,0.99429,-0.0012637079
1356011801031,0.16787973,-0.09993988,-0.9807285,-0.98037034,0.08741686,-0.17672643,0.10339418,0.99114585,-0.08330256
1356011801067,0.15218174,-0.18840584,-0.9702288,-0.98376,0.06564808,-0.16705206,0.09516719,0.97989464,-0.17535567
1356011801106,0.1397264,-0.26631957,-0.95370346,-0.9863505,0.047302604,-0.15771863,0.08711618,0.9627234,-0.25607502
1356011801150,0.13004571,-0.32040292,-0.93831235,-0.98802334,0.03739506,-0.1497046,0.083054006,0.946543,-0.3117025
1356011801188,0.12013486,-0.34669802,-0.93025166,-0.98933995,0.035874993,-0.14113608,0.08230442,0.93729055,-0.33869243
1356011801229,0.107105464,-0.341296,-0.9338338,-0.99071014,0.042525202,-0.1291709,0.08379704,0.93899345,-0.33357066
1356011801267,0.08901569,-0.3187355,-0.94365454,-0.99237525,0.052708775,-0.11141482,0.085250735,0.94637704,-0.31161326
1356011801307,0.0659568,-0.2827426,-0.9569254,-0.99410367,0.0641,-0.08745897,0.08606729,0.95705163,-0.2768476
1356011801357,0.03837505,-0.24165064,-0.9696042,-0.99555105,0.07431671,-0.057923675,0.0860551,0.9675133,-0.23772365
1356011801384,0.008614063,-0.19960019,-0.97983956,-0.9963715,0.081258476,-0.025312304,0.0846726,0.9765023,-0.19817597
1356011801422,-0.02045083,-0.1605013,-0.98682374,-0.99648756,0.08344108,0.0070798695,0.08120531,0.9835024,-0.16164404
1356011801468,-0.04572603,-0.12628976,-0.9909389,-0.9962028,0.079336196,0.035858005,0.07408878,0.9888158,-0.12943792
1356011801517,-0.063705355,-0.10026041,-0.9929197,-0.99605834,0.06792191,0.05704832,0.061721325,0.99264014,-0.1041922
1356011801557,-0.07131469,-0.08431715,-0.9938837,-0.99640673,0.05166745,0.067112476,0.045692712,0.9950986,-0.08769882
1356011801595,-0.069456995,-0.078487664,-0.99449253,-0.99723804,0.0317536,0.067142636,0.026308864,0.9964093,-0.0804764
1356011801637,-0.059710503,-0.07859641,-0.9951167,-0.99820274,0.009784043,0.05912289,0.005089402,0.9968585,-0.079039395
1356011801680,-0.04643172,-0.075908035,-0.9960332,-0.9988134,-0.011138618,0.04741016,-0.01469326,0.99705267,-0.07530081
1356011801720,-0.03379363,-0.06391573,-0.99738294,-0.99904,-0.025673628,0.035495013,-0.027875125,0.997625,-0.06298679
1356011801758,-0.026818216,-0.03917238,-0.9988725,-0.99918365,-0.029150605,0.027969688,-0.030213326,0.9988072,-0.03835863
1356011801798,-0.025105119,-0.007307291,-0.9996581,-0.99944377,-0.021775186,0.025258899,-0.021952271,0.9997362,-0.0067566037
1356011801840,-0.029262304,0.027330518,-0.999198,-0.9995625,-0.0050885677,0.029133826,-0.004288256,0.9996135,0.02746749
1356011801877,-0.038504004,0.056525588,-0.9976584,-0.999143,0.012999475,0.03929782,0.015190333,0.9983165,0.05597657
1356011801930,-0.05241275,0.07920131,-0.9954797,-0.9979178,0.033367634,0.055195898,0.037588328,0.9963,0.077287555
1356011801968,-0.07736838,0.093049526,-0.992651,-0.99534297,0.05021423,0.082285255,0.057501823,0.9943944,0.08873123
1356011802043,-0.107512,0.097584605,-0.9894031,-0.9914193,0.063905776,0.11403406,0.074356586,0.99317336,0.08987659
1356011802044,-0.1379965,0.08802718,-0.98651326,-0.98649997,0.07645893,0.14481702,0.088175654,0.99317944,0.07628769
1356011802083,-0.16879612,0.062133044,-0.9836907,-0.9807565,0.08874667,0.17389819,0.09810406,0.9941144,0.045957386
1356011802126,-0.19279891,0.012517154,-0.9811585,-0.9758997,0.10171735,0.19306317,0.102217466,0.99473464,-0.0073955655
1356011802167,-0.20810455,-0.0637818,-0.97602475,-0.97307676,0.11456859,0.19998908,0.09906611,0.9913657,-0.0859068
1356011802220,-0.21523157,-0.16102779,-0.96319544,-0.9723723,0.12661454,0.19611463,0.09037459,0.9787946,-0.18383038
1356011802268,-0.2278336,-0.24178037,-0.94320416,-0.970024,0.1404539,0.19830814,0.08452967,0.960112,-0.26653284
1356011802309,-0.2502025,-0.2840285,-0.9255953,-0.9645208,0.15631178,0.21275878,0.08425191,0.94598866,-0.313061
1356011802347,-0.27743113,-0.29269883,-0.9150734,-0.95683265,0.17005146,0.23569843,0.08662093,0.9409622,-0.3272413
1356011802386,-0.30636215,-0.2736069,-0.9117464,-0.94772327,0.17745644,0.2651979,0.089235276,0.9453299,-0.3136695
1356011802428,-0.33246595,-0.23885387,-0.91236794,-0.9387551,0.17672706,0.295815,0.09058356,0.9548384,-0.28298098
1356011802470,-0.35244033,-0.19914177,-0.9144006,-0.9314523,0.16909286,0.3221869,0.09045777,0.9652721,-0.24508613
1356011802507,-0.36497945,-0.16064712,-0.91705096,-0.9267709,0.15663958,0.3414082,0.08880022,0.9745032,-0.20605332
1356011802546,-0.36949646,-0.1275489,-0.9204366,-0.92531025,0.14141339,0.35185665,0.08528313,0.9816993,-0.17027408
1356011802588,-0.3662575,-0.10203624,-0.9249022,-0.92714155,0.1245594,0.35340276,0.07914534,0.9869517,-0.14022285
1356011802626,-0.3556527,-0.08557147,-0.93069255,-0.9320386,0.10640687,0.3463836,0.06939149,0.9906337,-0.117599785
1356011802669,-0.3381464,-0.07959238,-0.9377217,-0.9395001,0.08650994,0.3314448,0.05474177,0.9930665,-0.10403007
1356011802707,-0.3139816,-0.08203703,-0.94587815,-0.94872123,0.06557387,0.30923802,0.036655933,0.9944697,-0.09841919
1356011802749,-0.2866062,-0.091032386,-0.9537138,-0.9579425,0.042034686,0.2838648,0.0142481625,0.99496037,-0.09925121
1356011802789,-0.25490898,-0.09708172,-0.9620793,-0.9669358,0.017857432,0.25439376,-0.007516712,0.9951162,-0.09842378
1356011802829,-0.22317559,-0.09146088,-0.970478,-0.97446805,-0.004181087,0.22448722,-0.02458942,0.9957999,-0.08819258
1356011802868,-0.19116092,-0.07038784,-0.9790317,-0.98103344,-0.01892662,0.19291249,-0.032108396,0.9973402,-0.06543481
1356011802907,-0.1595326,-0.036606222,-0.98651373,-0.98680377,-0.02213353,0.16040084,-0.027706653,0.9990846,-0.032592177
1356011802947,-0.12900293,0.0016627014,-0.99164283,-0.9915507,-0.013955414,0.12896752,-0.013624281,0.9999013,0.0034489036
1356011802991,-0.10114932,0.03753847,-0.99416286,-0.9948515,0.002483666,0.101313144,0.0062723756,0.99929214,0.037093937
