1356012162343,0.08675055,-0.043253154,-0.99529064,-0.87142885,0.4808653,-0.096852005,0.48278984,0.875727,0.0040233135
1356012162384,-0.16012353,0.092810124,-0.98272413,-0.86095846,0.4738286,0.18503243,0.48281568,0.8757127,0.004034519
1356012162423,-0.16009861,0.092904896,-0.9827192,-0.86086583,0.47398722,0.1850571,0.48298904,0.87561685,0.004093945
1356012162465,-0.16004512,0.093161315,-0.98270375,-0.8605921,0.47445306,0.18513641,0.48349434,0.87533724,0.0042399764
1356012162503,-0.15994641,0.09359807,-0.9826782,-0.86012733,0.47524485,0.18526545,0.48435318,0.874861,0.004492581
1356012162543,-0.15976483,0.09418577,-0.98265165,-0.85962826,0.47609615,0.1853962,0.48529834,0.87433493,0.0049013495
1356012162584,-0.15948123,0.094985604,-0.9826207,-0.85935223,0.47653842,0.18553945,0.48588005,0.87400734,0.005627215
1356012162622,-0.15911329,0.09630704,-0.98255175,-0.8594997,0.4761485,0.18585718,0.4857399,0.8740753,0.0070142746
1356012162663,-0.15871444,0.09862468,-0.9823864,-0.8601315,0.4747071,0.18662018,0.48475116,0.8746007,0.009487271
1356012162703,-0.15838063,0.102311134,-0.9820631,-0.8611532,0.47227132,0.18808225,0.48304313,0.87549543,0.013306975
1356012162743,-0.15813637,0.10756752,-0.9815407,-0.8623735,0.46912593,0.19034907,0.48094156,0.8765558,0.018577516
1356012162784,-0.15778017,0.11462897,-0.9807985,-0.8635582,0.46570772,0.19334847,0.47892877,0.87748307,0.025509298
1356012162837,-0.15700755,0.12353805,-0.9798403,-0.86444783,0.46258417,0.19683984,0.47757578,0.8779261,0.034163
1356012162870,-0.1547921,0.13591442,-0.9785534,-0.86474955,0.4603435,0.20072868,0.4777527,0.8772749,0.046274364
1356012162900,-0.15281737,0.14734578,-0.9772083,-0.8646296,0.4589455,0.20441303,0.47860473,0.8761611,0.057264686
1356012162944,-0.15060529,0.15805498,-0.97587734,-0.8636793,0.4592705,0.20767435,0.48101562,0.8741219,0.067340255
1356012162983,-0.1488375,0.16670811,-0.9747081,-0.86184454,0.46141618,0.21052107,0.4848417,0.8713802,0.075000405
1356012163023,-0.14807266,0.17229226,-0.9738531,-0.8589145,0.46572572,0.21299183,0.49024525,0.8679948,0.07902312
1356012163063,-0.14875016,0.17431182,-0.9733903,-0.85470766,0.4723979,0.21520913,0.49734098,0.8639766,0.07871646
1356012163103,-0.15114242,0.17298907,-0.97325784,-0.8491549,0.48131543,0.21741995,0.5060553,0.859308,0.07414734
1356012163143,-0.15537074,0.16933337,-0.9732349,-0.8423369,0.49197248,0.22007212,0.51607037,0.85398436,0.066197574
1356012163183,-0.16152266,0.16478509,-0.9730141,-0.8344161,0.50364554,0.22381005,0.52693474,0.8480489,0.056149125
1356012163223,-0.16969094,0.1609717,-0.9722619,-0.82580775,0.5151757,0.2294246,0.5378165,0.84183264,0.045511067
1356012163290,-0.1798357,0.15875351,-0.97080195,-0.81683797,0.5257999,0.23729786,0.5481193,0.8356625,0.03511834
1356012163306,-0.19215548,0.1588468,-0.96842337,-0.80775386,0.5348177,0.2479994,0.55732393,0.8299022,0.025540948
1356012163345,-0.20677498,0.16181996,-0.9649136,-0.7987162,0.54167163,0.2620005,0.56506324,0.8248673,0.01724416
1356012163385,-0.22309014,0.16740775,-0.96031535,-0.7897698,0.5464206,0.27872604,0.57139695,0.82060903,0.010312557
1356012163425,-0.24142492,0.1761876,-0.95429134,-0.7806461,0.5488978,0.2988358,0.5764595,0.81711024,0.0050225854
1356012163465,-0.26138842,0.18825999,-0.94669646,-0.77106977,0.5492614,0.322123,0.58062667,0.8141683,0.0015910268
1356012163505,-0.28230485,0.20263872,-0.93767875,-0.76089287,0.5479815,0.3475029,0.5842481,0.8115749,-5.1146746E-4
1356012163544,-0.30435017,0.21661064,-0.9276049,-0.75039685,0.5453137,0.3735472,0.58675003,0.8097609,-0.003422439
1356012163585,-0.32822135,0.22562501,-0.917259,-0.74069047,0.5411581,0.3981527,0.5862154,0.8100872,-0.010501325
1356012163625,-0.3543629,0.22562873,-0.9074792,-0.7332969,0.535144,0.41940027,0.5802608,0.8140716,-0.02418238
1356012163665,-0.3818652,0.21541736,-0.89876276,-0.7294806,0.52685124,0.4362176,0.5674831,0.8222063,-0.04404342
1356012163705,-0.408161,0.19713798,-0.8913704,-0.7297261,0.5162467,0.44831824,0.5485476,0.8334422,-0.06685507
1356012163745,-0.42999506,0.17440829,-0.88582504,-0.73389566,0.5039338,0.45546442,0.52583396,0.84595066,-0.08869159
1356012163784,-0.44453877,0.15052447,-0.88302183,-0.7416918,0.49089736,0.45707,0.5022733,0.85811543,-0.10658014
1356012163825,-0.44988516,0.12754682,-0.88393164,-0.7531284,0.47777197,0.45225167,0.480001,0.8691753,-0.11888337
1356012163865,-0.444735,0.10669419,-0.8892846,-0.7683629,0.46475708,0.440022,0.4602491,0.8789865,-0.12471384
1356012163905,-0.42867765,0.08988163,-0.89897543,-0.7871448,0.45123294,0.4204664,0.44343954,0.8878683,-0.122683644
1356012163945,-0.40073684,0.08017987,-0.912678,-0.8088655,0.4368824,0.39353567,0.43028662,0.895938,-0.110220134
1356012163985,-0.3603225,0.08174458,-0.92923915,-0.8319174,0.42248413,0.35975066,0.42199644,0.9026766,-0.084225774
1356012164025,-0.30825716,0.09979156,-0.9460546,-0.8536252,0.4099254,0.32138017,0.4198828,0.90664375,-0.04117787
1356012164065,-0.24614677,0.13728595,-0.95946044,-0.8715004,0.4018472,0.28107986,0.4241448,0.905357,0.02073139
1356012164105,-0.17759064,0.19154707,-0.96528304,-0.88406813,0.3998306,0.24198976,0.43230212,0.8963511,0.09833449
1356012164145,-0.10854912,0.25329426,-0.9612799,-0.89153457,0.40296185,0.20685253,0.4397537,0.87946784,0.18207943
1356012164184,-0.045776516,0.30775854,-0.9503627,-0.89542115,0.4091206,0.17561677,0.44286048,0.85901403,0.2568454
1356012164225,0.0062334836,0.34301367,-0.9393097,-0.89704525,0.41701028,0.14632931,0.44189477,0.84169114,0.31029826
1356012164290,0.04704702,0.35250315,-0.93462723,-0.8967602,0.42706138,0.115929216,0.44000858,0.8326825,0.3362028
1356012164306,0.078582615,0.33576614,-0.9386617,-0.8943148,0.43977764,0.08244166,0.44048357,0.83298063,0.33483952
1356012164344,0.10354146,0.29981062,-0.9483633,-0.88987267,0.45385113,0.046322584,0.44430378,0.8391262,0.3137856
1356012164385,0.12210128,0.25020856,-0.96046185,-0.8840161,0.4673626,0.009369075,0.45122823,0.84791976,0.2782539
1356012164425,0.13427395,0.19429776,-0.9717093,-0.8776767,0.4785695,-0.025588065,0.46005875,0.8562825,0.23479003
1356012164464,0.13899198,0.13837332,-0.9805784,-0.87163776,0.48707566,-0.05481699,0.47003067,0.8623283,0.18831104
1356012164505,0.13520342,0.087681204,-0.98693055,-0.8662828,0.493923,-0.07479411,0.48090965,0.86507344,0.1427368
1356012164543,0.12243502,0.046212673,-0.9914,-0.86141944,0.50106204,-0.0830265,0.492916,0.86417663,0.101156056
1356012164583,0.10087918,0.017176777,-0.9947505,-0.8564403,0.5103133,-0.078041226,0.5062939,0.85981715,0.06619084
1356012164623,0.07160142,0.0029693246,-0.9974289,-0.85050297,0.5225941,-0.05949843,0.5210738,0.85257643,0.039943874
1356012164663,0.036167547,0.0047507286,-0.99933445,-0.84277254,0.5375439,-0.027945876,0.53705335,0.8432224,0.023445427
1356012164703,-0.0040915757,0.020580769,-0.9997798,-0.8330294,0.5530309,0.014793485,0.5532136,0.8329065,0.014881611
1356012164743,-0.047658548,0.044011563,-0.99789363,-0.82216394,0.56561756,0.06421211,0.5672522,0.8234924,0.0092282295
1356012164783,-0.09403935,0.066429436,-0.99334973,-0.81255394,0.5714016,0.11513564,0.5752501,0.81797755,2.4324656E-4
1356012164823,-0.14146018,0.08036646,-0.9866764,-0.8068788,0.5680823,0.16195378,0.57352906,0.8190383,-0.015515029
1356012164863,-0.18792054,0.08417112,-0.978571,-0.8061977,0.55586505,0.20263106,0.5610091,0.8270002,-0.036599934
1356012164903,-0.230533,0.080916345,-0.9696943,-0.8091955,0.5375172,0.23722959,0.5404231,0.83936155,-0.0584383
1356012164943,-0.26651272,0.07472128,-0.9609306,-0.81382346,0.5167134,0.26589206,0.5163934,0.85289156,-0.07690078
1356012164983,-0.29386783,0.06851685,-0.9533872,-0.8188464,0.49648887,0.28807867,0.49308437,0.86533475,-0.08979732
1356012165023,-0.31135595,0.06342134,-0.94817466,-0.8244623,0.47814846,0.30271438,0.47256678,0.8759862,-0.09658587
1356012165063,-0.3181939,0.060239047,-0.9461099,-0.831506,0.46161765,0.30904186,0.45535743,0.88503134,-0.096794784
1356012165103,-0.31378213,0.061303407,-0.94751394,-0.8404263,0.44644144,0.307203,0.44184205,0.8927105,-0.08856434
1356012165143,-0.29759604,0.0712114,-0.9520323,-0.850782,0.43264598,0.29830775,0.43313587,0.8987471,-0.0681684
1356012165183,-0.2694365,0.09576324,-0.9582449,-0.86133933,0.42105427,0.28426737,0.4306955,0.90196604,-0.030962765
1356012165223,-0.23009926,0.13991582,-0.9630565,-0.8705069,0.41281283,0.26796144,0.43505412,0.90000504,0.026809752
1356012165294,-0.1822451,0.20306167,-0.9620565,-0.8772073,0.4084266,0.25237867,0.4441779,0.88991773,0.103693426
1356012165299,-0.13343447,0.2661707,-0.95464563,-0.8819443,0.40750092,0.23689061,0.4520723,0.8735537,0.18037307
1356012165320,-0.090640485,0.3229241,-0.9420745,-0.8846364,0.40835404,0.2250897,0.4573868,0.85379565,0.24865705
1356012165354,-0.055740416,0.36522037,-0.92925084,-0.88610405,0.41080666,0.21461025,0.46012247,0.8353754,0.3007247
1356012165393,-0.029738337,0.3840981,-0.9228133,-0.88651663,0.416342,0.20186064,0.46174026,0.82409227,0.32812798
1356012165434,-0.010238111,0.37709594,-0.9261176,-0.88568103,0.42651176,0.18345785,0.46418124,0.82212305,0.32962006
1356012165473,0.004898101,0.34853867,-0.9372816,-0.8836529,0.44027665,0.15910396,0.46811703,0.8274523,0.3101437
1356012165513,0.017341882,0.3054079,-0.9520637,-0.88105893,0.4548327,0.12985504,0.47268844,0.8365723,0.27697003
1356012165553,0.027313381,0.25470218,-0.9666338,-0.8786526,0.467236,0.09828645,0.47667992,0.8466507,0.23655647
1356012165593,0.033739656,0.20244545,-0.97871214,-0.8768373,0.47592315,0.06821644,0.47960192,0.8558697,0.19356918
1356012165633,0.03490761,0.1534498,-0.98753965,-0.8754797,0.48126265,0.043834984,0.4819924,0.86304075,0.15114194
1356012165673,0.029193163,0.11173615,-0.993309,-0.87398446,0.4850948,0.02888149,0.4850761,0.86729354,0.11181712
1356012165713,0.015611649,0.080794364,-0.9966085,-0.8714552,0.48978263,0.026055157,0.49022663,0.8680929,0.078054965
1356012165771,-0.0058933794,0.06346193,-0.9979668,-0.866928,0.49707833,0.036729395,0.4983986,0.86538184,0.052087486
1356012165794,-0.03440723,0.061495185,-0.99751425,-0.8595131,0.5074688,0.060931712,0.50995445,0.859473,0.035395265
1356012165833,-0.06857425,0.073949635,-0.9949015,-0.84882236,0.5196786,0.09713259,0.52421194,0.8511554,0.027133524
1356012165871,-0.10583836,0.09512949,-0.9898225,-0.8353513,0.5314845,0.14040098,0.5394316,0.8417094,0.023215115
1356012165914,-0.1441949,0.11534348,-0.98280406,-0.82139707,0.53990364,0.18387753,0.5518286,0.83378655,0.01689142
1356012165953,-0.18184268,0.12544012,-0.9752938,-0.81058514,0.5423643,0.22089055,0.5566731,0.830726,0.0030549169
1356012165993,-0.216719,0.12180877,-0.968605,-0.8057197,0.5379137,0.24792084,0.55122477,0.8341532,-0.018432438
1356012166033,-0.24664527,0.10715556,-0.9631634,-0.80710065,0.52742136,0.26535863,0.5364276,0.8428193,-0.04360062
1356012166074,-0.2692238,0.08678684,-0.9591594,-0.8131068,0.5132397,0.27466774,0.51611614,0.8538461,-0.06760937
1356012166113,-0.28213674,0.06496802,-0.9571719,-0.82202494,0.49803722,0.27610496,0.49464524,0.86471856,-0.08710927
1356012166153,-0.28363627,0.043724507,-0.9579346,-0.83322,0.4832279,0.26876605,0.4746524,0.87440205,-0.10062885
1356012166193,-0.27219978,0.024135292,-0.9619381,-0.84650975,0.46932223,0.2513124,0.45752448,0.8826971,-0.1073187
1356012166233,-0.24779883,0.008606702,-0.9687733,-0.86116767,0.45614418,0.22432724,0.44383103,0.8898643,-0.105620146
1356012166286,-0.21057707,0.009149671,-0.9775344,-0.8753601,0.4434014,0.19271722,0.4352034,0.8962765,-0.085360885
1356012166325,-0.15121078,0.017680168,-0.98834336,-0.8891649,0.43440187,0.14380798,0.4318807,0.9005456,-0.04996562
1356012166365,-0.08648652,0.04909733,-0.99504256,-0.896101,0.43261534,0.09923279,0.4353428,0.9002408,0.0065807104
1356012166405,-0.016222358,0.101343185,-0.99471927,-0.8957803,0.44049835,0.059487343,0.44420078,0.892015,0.08363533
1356012166445,0.056043267,0.16302526,-0.9850289,-0.8893235,0.4565965,0.024969995,0.4538315,0.8746099,0.17057133
1356012166485,0.12461582,0.21475893,-0.96868443,-0.87936145,0.47609457,-0.007573962,0.45955884,0.8527676,0.24817961
1356012166525,0.18468824,0.24010327,-0.9530166,-0.8679247,0.4947836,-0.043542027,0.4610824,0.8351883,0.29977232
1356012166563,0.23422417,0.23376226,-0.94366,-0.8556293,0.51040494,-0.08593735,0.4615598,0.82755184,0.31956303
1356012166603,0.27303687,0.20064887,-0.94084585,-0.842975,0.5211253,-0.13349694,0.46351257,0.82955915,0.31142843
1356012166643,0.30112773,0.14984849,-0.94173646,-0.8312696,0.52514553,-0.18224424,0.46723965,0.8377157,0.28270036
1356012166684,0.31920165,0.092812866,-0.94313097,-0.8220217,0.52233875,-0.22680935,0.471583,0.8476721,0.2430256
1356012166723,0.32771963,0.038384885,-0.943995,-0.81630397,0.5145471,-0.2624675,0.4756551,0.85660255,0.19996089
1356012166763,0.32695788,-0.008843482,-0.94499755,-0.8143832,0.50468165,-0.28648978,0.47945645,0.8632602,0.15780771
1356012166803,0.31716862,-0.04659766,-0.9472237,-0.81581455,0.49588647,-0.29756212,0.48358113,0.86713624,0.1192646
1356012166843,0.29887986,-0.07391569,-0.95142376,-0.81950474,0.4909619,-0.29558143,0.48896095,0.8680396,0.086164355
1356012166883,0.27318484,-0.090366006,-0.95770764,-0.8238366,0.4920299,-0.28142446,0.496652,0.86587554,0.059968293
1356012166924,0.2418442,-0.09583154,-0.9655711,-0.8268975,0.5003115,-0.25676614,0.50769264,0.8605258,0.041754603
1356012166963,0.2066114,-0.09116477,-0.9741667,-0.82725096,0.51538515,-0.22368294,0.522463,0.8520958,0.031068325
1356012167003,0.16851498,-0.079616606,-0.9824785,-0.82488286,0.5342521,-0.1847781,0.53960264,0.8415675,0.024355114
1356012167043,0.12717928,-0.066403985,-0.9896544,-0.8222039,0.5510321,-0.14263368,0.5548029,0.8318378,0.015482247
1356012167083,0.08248326,-0.05652377,-0.9949882,-0.8227669,0.5595143,-0.09999147,0.5623621,0.82689106,-3.553033E-4
1356012167123,0.03581105,-0.051077545,-0.9980525,-0.82848364,0.55697757,-0.058231384,0.5588671,0.8289554,-0.022370994
1356012167163,-0.009678677,-0.049485773,-0.998728,-0.83857405,0.54446137,-0.018850803,0.54470164,0.8373249,-0.046767175
1356012167203,-0.050547257,-0.049660087,-0.9974863,-0.85002923,0.5264655,0.016864747,0.52430457,0.848745,-0.068823874
1356012167243,-0.08374669,-0.050559312,-0.9952037,-0.8607342,0.5069101,0.046678483,0.50211877,0.86051494,-0.08597016
1356012167287,-0.107229054,-0.051647842,-0.9928919,-0.8703771,0.48757857,0.068635195,0.48056793,0.8715501,-0.09723568
1356012167325,-0.119501054,-0.052663267,-0.99143636,-0.8788811,0.47012037,0.08096245,0.4618307,0.8810297,-0.102464676
1356012167364,-0.120176315,-0.0507223,-0.9914559,-0.8867253,0.4545592,0.08422673,0.44640326,0.88927114,-0.09960401
1356012167403,-0.11302024,-0.0394091,-0.99281085,-0.8931104,0.44190055,0.08412942,0.4354082,0.89619803,-0.08514035
1356012167443,-0.07176173,-0.025170386,-0.99710417,-0.8997059,0.43316633,0.053817302,0.43055734,0.9009625,-0.053730667
1356012167483,-0.016854674,0.007404059,-0.9998305,-0.90121436,0.43298283,0.018398613,0.43304572,0.9013717,-6.251931E-4
1356012167523,0.052390724,0.05582857,-0.99706495,-0.8958152,0.4438711,-0.022216946,0.44132796,0.8943498,0.073266804
1356012167563,0.12746394,0.109522074,-0.9857778,-0.883585,0.46405512,-0.06269255,0.450589,0.8790095,0.15592235
1356012167603,0.19376427,0.15302539,-0.96904004,-0.8682059,0.48668092,-0.096748024,0.45680836,0.8600726,0.2271589
1356012167643,0.2404815,0.17593142,-0.9545768,-0.85453343,0.5048067,-0.12224066,0.46037084,0.8451144,0.27173594
1356012167683,0.26551807,0.17709407,-0.9477013,-0.8453512,0.5153949,-0.14053223,0.463553,0.83845437,0.28655338
1356012167723,0.27149445,0.16073725,-0.94892275,-0.8413366,0.5184356,-0.15289587,0.46737933,0.83987385,0.27598652
1356012167764,0.2636867,0.13409323,-0.9552426,-0.8416937,0.5157213,-0.15994754,0.4711911,0.8461977,0.24885428
1356012167803,0.24653752,0.103824824,-0.96355575,-0.8451742,0.5095579,-0.16134235,0.47423607,0.85414934,0.21337521
1356012167843,0.22228463,0.07409346,-0.9721624,-0.8505168,0.5022198,-0.1561937,0.47666627,0.86155987,0.17465347
1356012167883,0.19212863,0.047755927,-0.9802071,-0.8563231,0.49605158,-0.14367855,0.4793717,0.86697876,0.13620025
1356012167923,0.15715529,0.026786089,-0.98721063,-0.8611099,0.49314082,-0.12370074,0.48352042,0.86953706,0.10056543
1356012167963,0.11907084,0.012836188,-0.99280274,-0.8634639,0.4949649,-0.09715915,0.49015534,0.8688181,0.07001948
1356012168003,0.080394626,0.00712806,-0.9967376,-0.86236125,0.5019776,-0.06596631,0.4998698,0.86485124,0.046503246
1356012168043,0.0439447,0.010427445,-0.99897957,-0.85733557,0.5137404,-0.032351404,0.5128789,0.85788226,0.031515956
1356012168083,0.010513276,0.022070825,-0.99970114,-0.84885794,0.5286139,0.0027435422,0.5285164,0.8485754,0.024292469
1356012168123,-0.021631598,0.03817898,-0.9990368,-0.8381487,0.54405004,0.038939238,0.5450127,0.8381837,0.020230949
1356012168163,-0.056906134,0.052832246,-0.99698067,-0.8275321,0.55615354,0.07670611,0.5585269,0.8293986,0.012071848
1356012168203,-0.09898043,0.06181124,-0.99316776,-0.81995904,0.5604215,0.11659685,0.5637996,0.8258977,-0.0047881007
1356012168243,-0.14753851,0.06345296,-0.98701876,-0.8170985,0.5544852,0.15778548,0.5572992,0.829771,-0.029960573
1356012168287,-0.19919798,0.059588164,-0.9781459,-0.81815803,0.5392859,0.19946972,0.53938633,0.84001195,-0.05867213
1356012168325,-0.24693581,0.055229694,-0.9674567,-0.819384,0.5210967,0.23888952,0.5173322,0.8517088,-0.08342308
1356012168365,-0.2870413,0.05111432,-0.95655346,-0.8205253,0.5021737,0.2730563,0.49431312,0.8632548,-0.102204025
1356012168404,-0.3178824,0.048347563,-0.9468966,-0.82150793,0.48456845,0.30052978,0.47336608,0.87341624,-0.114317834
1356012168445,-0.3383746,0.04737109,-0.9398184,-0.82344496,0.46848828,0.32008916,0.45545685,0.88219875,-0.11951703
1356012168485,-0.34690732,0.049169302,-0.9366097,-0.827692,0.45362455,0.33037972,0.44111365,0.8898355,-0.11666858
1356012168525,-0.34050834,0.05638954,-0.93854904,-0.8355043,0.439699,0.32954124,0.4312617,0.8963733,-0.10260743
1356012168565,-0.31500205,0.07302779,-0.94627726,-0.8474508,0.42726246,0.31507763,0.42731813,0.9011735,-0.0727011
1356012168604,-0.2669722,0.102939904,-0.95819056,-0.86243427,0.4181613,0.28521615,0.43003833,0.9025212,-0.02285856
1356012168645,-0.19590434,0.14812645,-0.9693709,-0.8772806,0.41523585,0.24074435,0.43817812,0.89757323,0.048602045
1356012168685,-0.1110445,0.20217955,-0.9730327,-0.8876375,0.42015454,0.18859988,0.4469552,0.88464326,0.13280624
1356012168725,-0.030457348,0.2522477,-0.96718323,-0.89163065,0.4304624,0.14034551,0.45173785,0.8666448,0.21180105
1356012168783,0.02922827,0.2858908,-0.95781636,-0.8913568,0.4411019,0.10446069,0.45235896,0.850703,0.26772338
1356012168803,0.062129617,0.29775822,-0.95261747,-0.88967514,0.44910616,0.08235189,0.45234734,0.84240353,0.29281086
1356012168844,0.07144728,0.28862062,-0.954774,-0.88788867,0.45455214,0.07096541,0.45447662,0.8426627,0.2887395
1356012168881,0.066498965,0.26464686,-0.9620497,-0.8862293,0.4586756,0.064917386,0.45844886,0.84827983,0.26503932
1356012168924,0.05405718,0.23150975,-0.9713295,-0.8848012,0.46197623,0.06086722,0.4628225,0.85614324,0.22981322
1356012168963,0.039548457,0.19499955,-0.9800056,-0.88361347,0.4647569,0.05681789,0.4665438,0.86369914,0.19068468
1356012169003,0.025286227,0.15940309,-0.9868897,-0.88240266,0.4675112,0.052903622,0.46981505,0.86949635,0.15247929
1356012169043,0.011754066,0.127671,-0.99174696,-0.88055885,0.4712673,0.050231546,0.47379106,0.87270117,0.11796111
1356012169083,-0.0010689497,0.10233152,-0.9947498,-0.87734485,0.4772445,0.050037652,0.47985932,0.8727921,0.08926988
1356012169123,-0.013506055,0.08499655,-0.9962896,-0.8721571,0.4863125,0.053312123,0.4890394,0.8696411,0.06756222
1356012169164,-0.025660187,0.076580375,-0.9967332,-0.8645326,0.49891117,0.060588777,0.5019213,0.8632631,0.053404033
1356012169203,-0.038115323,0.07676387,-0.9963205,-0.85449183,0.51440555,0.072323084,0.5180646,0.85410434,0.045987368
1356012169243,-0.051760882,0.08278516,-0.9952222,-0.8422525,0.5318446,0.08804524,0.53659236,0.8427858,0.042197287
1356012169287,-0.069767,0.08894861,-0.99358976,-0.8293798,0.5482805,0.10732007,0.5543119,0.8315507,0.035520315
1356012169325,-0.094199985,0.090414554,-0.9914391,-0.8192421,0.5587964,0.12879854,0.56565785,0.8243615,0.021432817
1356012169365,-0.12449828,0.083028376,-0.98873985,-0.8149033,0.5599493,0.14963064,0.5660678,0.8243561,-0.0020526052
1356012169404,-0.15722653,0.06892899,-0.98515403,-0.8167472,0.55170596,0.16895112,0.555161,0.83118546,-0.030445218
1356012169445,-0.18739071,0.051255554,-0.9809473,-0.82314134,0.5367547,0.18529096,0.5360252,0.84218013,-0.058392286
1356012169485,-0.21018904,0.033246577,-0.97709525,-0.8315849,0.5194515,0.19656223,0.51408863,0.8538529,-0.08153564
1356012169524,-0.22280261,0.01623258,-0.9747284,-0.84101224,0.50244987,0.20060539,0.49300855,0.8644539,-0.09829533
1356012169563,-0.2237424,5.7286024E-4,-0.97464824,-0.8514976,0.4864472,0.19575751,0.47422707,0.8737098,-0.10835111
1356012169603,-0.21190482,-0.01271674,-0.97720754,-0.8632114,0.47126,0.18105248,0.45821643,0.8819027,-0.110839486
1356012169643,-0.1855421,-0.02017492,-0.9824292,-0.8756484,0.45706373,0.15598929,0.44588572,0.8892051,-0.102470696
1356012169683,-0.14162078,-0.017110348,-0.98977315,-0.8872692,0.44556984,0.11925146,0.43897262,0.89508367,-0.07828343
1356012169723,-0.07786101,0.0020970106,-0.996962,-0.8951317,0.4401384,0.07083398,0.43894976,0.8979275,-0.0323925
1356012169764,0.0054557323,0.039063662,-0.9992218,-0.8955687,0.44474757,0.012497187,0.44488963,0.8948037,0.037410617
1356012169803,0.09975153,0.084928036,-0.9913813,-0.8863028,0.4604277,-0.049735516,0.45223546,0.88362527,0.12120032
1356012169843,0.1902766,0.12461674,-0.9737892,-0.86895245,0.48297074,-0.10798547,0.45685494,0.86672366,0.20018405
1356012169884,0.2643112,0.14279625,-0.9538076,-0.84850776,0.50454324,-0.15959534,0.45844758,0.851496,0.25452012
1356012169923,0.3173812,0.13531241,-0.93859464,-0.8294982,0.5192779,-0.20562917,0.45956725,0.8438253,0.27705038
1356012169963,0.35215965,0.106957465,-0.9298084,-0.8141279,0.52508974,-0.2479443,0.4617133,0.844299,0.27199247
1356012170003,0.37352112,0.06651473,-0.9252339,-0.8029765,0.52258086,-0.28659707,0.4644466,0.84999114,0.2486048
1356012170043,0.38501358,0.021775395,-0.9226539,-0.7960893,0.5136068,-0.32007793,0.46691152,0.85774934,0.21508071
1356012170083,0.3889646,-0.02119127,-0.92100894,-0.7929771,0.5011756,-0.34642506,0.46892834,0.8650861,0.17813542
1356012170123,0.3857532,-0.058823526,-0.9207248,-0.7932191,0.48850828,-0.3635424,0.47116655,0.8705741,0.14178368
1356012170163,0.37494746,-0.089458555,-0.9227197,-0.79618716,0.47877356,-0.36994854,0.4748689,0.87336886,0.10828918
1356012170203,0.35638526,-0.111724466,-0.92763525,-0.8008925,0.4748008,-0.36487734,0.48120767,0.87297297,0.079732716
1356012170243,0.3310548,-0.1250507,-0.93528885,-0.80561566,0.4786216,-0.34914878,0.49131078,0.86907065,0.05770719
1356012170287,0.30018008,-0.12871891,-0.9451579,-0.8086669,0.49118292,-0.3237239,0.5059148,0.86149335,0.043352604
1356012170325,0.26405776,-0.12320098,-0.95660603,-0.8103223,0.509587,-0.28930777,0.52311707,0.85155314,0.03472787
1356012170365,0.22427987,-0.112754375,-0.96797985,-0.81056273,0.5298357,-0.24952403,0.5410052,0.84057164,0.027436972
1356012170405,0.17719936,-0.10081819,-0.97899747,-0.8131044,0.54544723,-0.2033433,0.55449224,0.8320595,0.014677167
1356012170445,0.12147145,-0.09098554,-0.988416,-0.8206405,0.5509767,-0.15157104,0.55838495,0.8295458,-0.007738471
1356012170485,0.058494642,-0.084025174,-0.99474525,-0.83293676,0.5451477,-0.095027775,0.5502678,0.8341185,-0.03809941
1356012170525,-0.0077059716,-0.078686595,-0.9968696,-0.84695256,0.53049356,-0.03532675,0.5316127,0.84402907,-0.07073176
1356012170565,-0.07228537,-0.07303432,-0.99470633,-0.8589399,0.51147234,0.024865389,0.50694877,0.8561904,-0.09970409
1356012170603,-0.13105118,-0.06586352,-0.9891853,-0.8667654,0.49191552,0.08207902,0.48118955,0.8681481,-0.121554315
1356012170643,-0.1810058,-0.056840956,-0.981838,-0.8705354,0.47377583,0.13305873,0.45760795,0.87880915,-0.13523823
1356012170683,-0.21981764,-0.04578513,-0.97446597,-0.8718518,0.45736867,0.1751808,0.43766952,0.88809776,-0.14045554
1356012170723,-0.24490693,-0.031439275,-0.96903676,-0.8727447,0.44248417,0.2062149,0.42230016,0.8962251,-0.1358059
1356012170763,-0.25274858,-0.010594398,-0.967474,-0.87497175,0.4293035,0.22388166,0.41296804,0.90309817,-0.11777562
1356012170803,-0.23894334,0.021794587,-0.97078896,-0.8794682,0.41894817,0.22587183,0.41163304,0.9077486,-0.08093727
1356012170843,-0.20044237,0.0702126,-0.9771862,-0.8855154,0.41374677,0.2113671,0.4191483,0.9076804,-0.020758033
1356012170883,-0.14019912,0.1339716,-0.9810178,-0.8905139,0.41605133,0.1840826,0.43281558,0.8994181,0.060973525
1356012170923,-0.070516676,0.20419249,-0.9763877,-0.89208806,0.425055,0.15332034,0.44632536,0.88183546,0.15218419
1356012170963,-0.012233019,0.26501295,-0.96416724,-0.89092505,0.43489474,0.1308398,0.45398554,0.8606013,0.23078662
1356012171003,0.019866705,0.30557165,-0.95196176,-0.88959134,0.43997812,0.12266415,0.45632502,0.8444201,0.2805748
1356012171043,0.02277723,0.32382363,-0.9458433,-0.8890055,0.43934724,0.12900862,0.4573297,0.8379214,0.2978881
1356012171083,0.0022447705,0.32365766,-0.9461716,-0.88814855,0.43546164,0.1468516,0.45955104,0.84001124,0.2884336
1356012171123,-0.032645375,0.3112801,-0.9497573,-0.88579464,0.4311271,0.17174748,0.46292764,0.84689677,0.261656
1356012171163,-0.07448235,0.29189417,-0.95354605,-0.8814461,0.42791983,0.19984305,0.46637428,0.85538435,0.22541654
1356012171203,-0.11783588,0.27049908,-0.9554814,-0.87526166,0.4262122,0.22860444,0.46907508,0.86323416,0.18653452
1356012171243,-0.15966961,0.25060713,-0.95483065,-0.86740446,0.42615905,0.25690067,0.47129083,0.8692436,0.14933312
1356012171287,-0.19903985,0.23468313,-0.9514761,-0.85746515,0.4283794,0.28503418,0.4744854,0.8725909,0.11596811
1356012171325,-0.23645055,0.2262078,-0.94494504,-0.8449504,0.4323032,0.31491712,0.4797395,0.87289405,0.08891606
1356012171365,-0.27010575,0.22619852,-0.93588305,-0.82961464,0.43863693,0.3454521,0.48865366,0.86973095,0.06917924
1356012171405,-0.30188733,0.23626143,-0.92360413,-0.81073934,0.44607395,0.3791039,0.50156343,0.8632488,0.056882262
1356012171445,-0.33231956,0.25581798,-0.907811,-0.7881384,0.45338142,0.41627276,0.5180747,0.8538164,0.050952494
1356012171485,-0.36294186,0.28136522,-0.88831675,-0.7618504,0.45930588,0.45675159,0.5365231,0.84253883,0.047656894
1356012171524,-0.39655536,0.30589187,-0.8655484,-0.732568,0.46277845,0.49917948,0.5532521,0.8320254,0.040569365
1356012171563,-0.43605345,0.32165802,-0.84047216,-0.70202684,0.46274108,0.5413215,0.5630414,0.82607913,0.024032712
1356012171603,-0.48174423,0.3240577,-0.8141923,-0.6727643,0.45859104,0.580588,0.56152534,0.82745445,-0.0029091835
1356012171643,-0.53029376,0.3138614,-0.7875783,-0.64697254,0.45054656,0.6151701,0.54791886,0.8357624,-0.035862327
1356012171683,-0.57606477,0.29553398,-0.7621084,-0.6259831,0.44005275,0.64381576,0.5256373,0.8479465,-0.068499625
1356012171723,-0.6139563,0.2739548,-0.7402746,-0.6107985,0.42915863,0.6653932,0.4999829,0.8606809,-0.0961535
1356012171782,-0.6410123,0.25197306,-0.7249916,-0.6028335,0.4193766,0.67875993,0.47507375,0.8721427,-0.11692774
1356012171804,-0.65594655,0.23057854,-0.71872646,-0.60375303,0.41119707,0.6829343,0.45300823,0.8819016,-0.13051087
1356012171844,-0.6582699,0.21061407,-0.7227187,-0.61482656,0.40354347,0.6775994,0.43436038,0.89039,-0.1361494
1356012171881,-0.64647275,0.19436198,-0.7377645,-0.6369317,0.39483505,0.6621354,0.41998923,0.8979581,-0.13145483
1356012171924,-0.6185258,0.18833053,-0.7628614,-0.6692318,0.3825019,0.6370409,0.41177022,0.9045573,-0.11055052
1356012171963,-0.57119787,0.19927368,-0.7962556,-0.7101805,0.36641514,0.6011518,0.41155386,0.9088619,-0.06777525
1356012172003,-0.50396407,0.23311839,-0.83167064,-0.7550496,0.34867787,0.55526924,0.4194286,0.9077883,2.9480457E-4
1356012172043,-0.4201445,0.28551418,-0.8613711,-0.79857224,0.3345034,0.5003897,0.43099993,0.898103,0.087463915
1356012172083,-0.3287933,0.33980188,-0.88115245,-0.8358395,0.329624,0.43899924,0.43962175,0.88084203,0.17564172
1356012172123,-0.2395289,0.37628424,-0.8950062,-0.8639872,0.33790463,0.37329143,0.44289044,0.862688,0.24416691
1356012172163,-0.15606093,0.38299116,-0.9104739,-0.88242066,0.36011755,0.30273595,0.4438228,0.8506663,0.28175902
1356012172203,-0.075532645,0.35763264,-0.9308027,-0.89181983,0.39332917,0.22349402,0.4460406,0.8469894,0.28923464
1356012172243,0.0040433407,0.30531797,-0.9522419,-0.8927758,0.43007803,0.13410538,0.4504831,0.84959626,0.2743194
1356012172288,0.08133632,0.23209932,-0.9692855,-0.8859614,0.46233124,0.036362827,0.45657074,0.85579187,0.24323535
1356012172325,0.15198302,0.15441036,-0.9762472,-0.87357426,0.48302782,-0.059599638,0.4623517,0.86188257,0.20830095
1356012172365,0.20928447,0.07906294,-0.9746533,-0.85865647,0.49176526,-0.14448532,0.4678772,0.8671309,0.1708067
1356012172405,0.24950562,0.013011634,-0.9682859,-0.84480363,0.491683,-0.2110798,0.47334322,0.870677,0.13366997
1356012172445,0.27116227,-0.039916992,-0.9617057,-0.8345748,0.48802412,-0.25557265,0.47953728,0.8719169,0.099020004
1356012172485,0.27395362,-0.07718477,-0.9586407,-0.8290076,0.48634738,-0.27606618,0.48754048,0.87034976,0.06924987
1356012172524,0.25841844,-0.09676361,-0.96117467,-0.8276214,0.49100918,-0.2719427,0.49825972,0.86576366,0.046802223
1356012172565,0.22565252,-0.09724319,-0.9693424,-0.82866573,0.5040207,-0.24346721,0.51224416,0.85819983,0.033151448
1356012172605,0.1757143,-0.0792751,-0.9812441,-0.8305434,0.5231809,-0.19099587,0.5285094,0.84852654,0.026088953
1356012172645,0.11106433,-0.0492917,-0.99259,-0.8313898,0.5425843,-0.1199716,0.5444774,0.8385538,0.019281149
1356012172685,0.034771323,-0.016764373,-0.9992547,-0.8307862,0.5552775,-0.038224965,0.55550456,0.83149624,0.005380094
1356012172724,-0.04851374,0.010309905,-0.9987693,-0.8292296,0.5570096,0.046028405,0.5567986,0.8304421,-0.018473327
1356012172765,-0.13240936,0.027409017,-0.9908161,-0.8272162,0.5476439,0.12569591,0.5460596,0.83626246,-0.049840033
1356012172803,-0.21086788,0.036507934,-0.97683257,-0.823877,0.5311694,0.19770133,0.52608126,0.8464787,-0.08192849
1356012172843,-0.27602595,0.039393634,-0.9603425,-0.81964386,0.5121937,0.2565961,0.5019897,0.85796607,-0.10909003
1356012172883,-0.32107025,0.03699714,-0.94633245,-0.81729233,0.49402368,0.2966038,0.47848415,0.8686609,-0.12837881
1356012172923,-0.34113708,0.02928871,-0.9395571,-0.82076436,0.4779503,0.31290457,0.4582262,0.87789834,-0.13900745
1356012172963,-0.3343433,0.017740548,-0.94228435,-0.832298,0.4635054,0.3040442,0.44214782,0.88591653,-0.14020455
1356012173003,-0.30040824,0.005955547,-0.9537921,-0.8509238,0.45009518,0.27081904,0.4309101,0.89296067,-0.1301446
1356012173043,-0.24414474,0.0023007393,-0.9697361,-0.8713832,0.43829793,0.2204229,0.42554048,0.89882684,-0.10500336
1356012173083,-0.1728478,0.016045839,-0.9848178,-0.8875916,0.4309013,0.16280419,0.4269716,0.9022564,-0.060238183
1356012173123,-0.095847815,0.05332625,-0.9939666,-0.8954889,0.43140492,0.109496444,0.43464112,0.900581,0.0064038634
1356012173163,-0.022538126,0.11430967,-0.99318945,-0.89493906,0.44050193,0.07100749,0.44561866,0.89044446,0.09237212
1356012173203,0.04411909,0.1829885,-0.98212457,-0.88966393,0.4544225,0.044701993,0.45447943,0.8717886,0.18284696
1356012173243,0.104863524,0.23624712,-0.9660181,-0.88265985,0.46962667,0.019035995,0.45816505,0.8506692,0.25777256
1356012173288,0.16480625,0.25522733,-0.9527318,-0.8733624,0.4866302,-0.02071333,0.45834142,0.83549386,0.3031057
1356012173324,0.22775307,0.23470077,-0.94501007,-0.8589845,0.5054765,-0.08148125,0.45855656,0.83030665,0.31672814
1356012173365,0.2931025,0.17920193,-0.9391366,-0.83777666,0.52143633,-0.16197008,0.46067455,0.83426064,0.30296552
1356012173405,0.35592514,0.102627546,-0.92886215,-0.8111305,0.5275395,-0.25252584,0.4640954,0.8433088,0.2710089
1356012173445,0.40972197,0.020776182,-0.9119739,-0.7833487,0.52029765,-0.34008142,0.46743232,0.8537322,0.22945234
1356012173485,0.45042223,-0.054393232,-0.89115727,-0.75912523,0.50205344,-0.41433233,0.46994546,0.86312443,0.1848447
1356012173524,0.47664604,-0.11671835,-0.8713125,-0.74174404,0.47857442,-0.46987483,0.47183087,0.87025476,0.14153546
1356012173565,0.4887696,-0.16504881,-0.85665816,-0.73248255,0.4557501,-0.50572824,0.4738919,0.8746718,0.10186142
1356012173605,0.4870915,-0.1992931,-0.85030824,-0.731503,0.43879935,-0.5218797,0.47712177,0.8762063,0.06795189
1356012173645,0.47248477,-0.22015649,-0.8533987,-0.7374757,0.43143964,-0.51960504,0.48258448,0.87486625,0.041488588
1356012173685,0.44559303,-0.227777,-0.86577386,-0.74823725,0.43620935,-0.49986237,0.49151582,0.8705395,0.023940593
1356012173724,0.40591002,-0.22156069,-0.8866498,-0.7621051,0.45340312,-0.46219194,0.5044133,0.8633287,0.015188336
1356012173765,0.35488123,-0.20347941,-0.91249955,-0.7764403,0.4795251,-0.40889618,0.5207684,0.853611,0.012184799
1356012173805,0.2935588,-0.17796072,-0.93923014,-0.7911128,0.50631547,-0.3431986,0.5366226,0.84378594,0.007846355
1356012173845,0.2269882,-0.15301976,-0.96180105,-0.80624783,0.52444685,-0.2737151,0.5462973,0.8375801,-0.0043286085
1356012173884,0.1605578,-0.13445553,-0.97782564,-0.82276094,0.5290246,-0.20783967,0.545239,0.837887,-0.025685728
1356012173923,0.09993707,-0.12402168,-0.9872342,-0.84008706,0.52115273,-0.1505115,0.53316647,0.8444043,-0.0521065
1356012173963,0.05050133,-0.12120241,-0.9913423,-0.85672754,0.5048907,-0.1053721,0.5132909,0.85463166,-0.078339815
1356012174003,0.016389593,-0.12397784,-0.9921496,-0.870987,0.48553848,-0.07506037,0.4910326,0.86537963,-0.100025296
1356012174043,8.2977116E-4,-0.13137028,-0.991333,-0.88271606,0.46573734,-0.06245783,0.46990594,0.8751174,-0.11557621
1356012174083,0.005195573,-0.14228216,-0.9898125,-0.89233124,0.4461056,-0.068810105,0.45135137,0.8835981,-0.124645054
1356012174123,0.028413445,-0.15399608,-0.9876628,-0.8995427,0.4269385,-0.092446476,0.43590763,0.8910717,-0.12639529
1356012174163,0.06675398,-0.16056493,-0.98476535,-0.9029852,0.41013718,-0.12808281,0.4244545,0.8977786,-0.1176095
1356012174203,0.11709705,-0.15546736,-0.98087627,-0.9005568,0.39975157,-0.17086849,0.4186713,0.90334296,-0.093197465
1356012174243,0.1748243,-0.13180768,-0.9757372,-0.8903552,0.40193045,-0.21382108,0.42036176,0.9061339,-0.047088444
1356012174287,0.23670888,-0.084618956,-0.9678887,-0.8712137,0.42247617,-0.2500014,0.4300648,0.9024154,0.026282668
1356012174324,0.3028811,-0.03026408,-0.95254767,-0.84452957,0.45463458,-0.28297916,0.44162524,0.8901638,0.11214131
1356012174365,0.36481702,0.022790164,-0.93080026,-0.81479144,0.49160385,-0.30731192,0.45058125,0.8705207,0.19791472
1356012174405,0.42370337,0.053822517,-0.9042005,-0.7836456,0.5224237,-0.33611473,0.4542852,0.85098565,0.2635305
1356012174445,0.4775734,0.05346024,-0.87696385,-0.75168383,0.5416141,-0.3763318,0.4548572,0.8389256,0.2988457
1356012174485,0.5249217,0.023741275,-0.85081935,-0.71903884,0.5472673,-0.42834753,0.45545614,0.8366211,0.3043434
1356012174523,0.56398106,-0.024766773,-0.82541627,-0.6876128,0.53942853,-0.4860099,0.45729,0.8416671,0.28719753
1356012174563,0.59349155,-0.080669135,-0.8007873,-0.6605152,0.51969403,-0.5418836,0.45987764,0.8505355,0.25515085
1356012174603,0.61369073,-0.13435617,-0.7780309,-0.63997805,0.49246028,-0.58983976,0.4623979,0.85990185,0.21623331
1356012174643,0.6252285,-0.18113498,-0.7591306,-0.6269439,0.46271566,-0.62676597,0.46479082,0.8678043,0.17574158
1356012174683,0.6290234,-0.21958405,-0.74572945,-0.6209464,0.43522587,-0.65192324,0.46771273,0.873133,0.13741732
1356012174723,0.6258746,-0.24979892,-0.73883796,-0.6207726,0.4139312,-0.6658096,0.4721466,0.87536365,0.10400069
1356012174782,0.6164359,-0.2726952,-0.73867726,-0.62484145,0.4014443,-0.66963845,0.47914493,0.87434536,0.077073395
1356012174804,0.60101056,-0.2886548,-0.745295,-0.63207555,0.3990457,-0.6642612,0.4891489,0.8703108,0.057379037
1356012174844,0.5801753,-0.298272,-0.75791186,-0.64113474,0.40666333,-0.6508234,0.5023374,0.8635153,0.044703454
1356012174881,0.5540061,-0.30262637,-0.77556074,-0.65178967,0.4218954,-0.63021773,0.517926,0.854647,0.036483884
1356012174924,0.52260894,-0.304383,-0.7963862,-0.6648774,0.43921116,-0.6041784,0.53368336,0.8452482,0.02715826
1356012174963,0.4858697,-0.30549487,-0.81890386,-0.68337,0.4513535,-0.57383406,0.5449185,0.8384229,0.010532945
1356012175003,0.445343,-0.3067434,-0.8411766,-0.7089411,0.45302048,-0.5405321,0.5468749,0.8370669,-0.015713513
1356012175043,0.40351987,-0.30718422,-0.86186403,-0.74047637,0.44367754,-0.5048217,0.537463,0.8418955,-0.048429966
1356012175083,0.3633904,-0.30582976,-0.8800089,-0.7739965,0.42663348,-0.4678818,0.5185334,0.85114753,-0.08167666
1356012175123,0.32801288,-0.30265445,-0.8948787,-0.8047864,0.40654093,-0.4324851,0.49469835,0.86204684,-0.110221505
1356012175163,0.30033618,-0.29824805,-0.9060056,-0.83002114,0.38628143,-0.40230775,0.46996066,0.87283146,-0.13153791
1356012175203,0.2830608,-0.29318473,-0.91319185,-0.8484856,0.36735845,-0.38094613,0.44715637,0.882661,-0.14477825
1356012175243,0.2782299,-0.2868648,-0.91667694,-0.8600745,0.3504752,-0.3707275,0.4276212,0.89155793,-0.14921242
1356012175286,0.28746587,-0.27629912,-0.91707253,-0.8643658,0.3376268,-0.37266582,0.41259548,0.8998149,-0.14176732
1356012175324,0.31171274,-0.25994653,-0.91392726,-0.86026424,0.33120984,-0.38761526,0.40346092,0.9070435,-0.12038034
1356012175365,0.34860414,-0.23094797,-0.90837115,-0.8462479,0.33906996,-0.41096976,0.402914,0.911973,-0.07723802
1356012175405,0.39733717,-0.18880272,-0.89804053,-0.8202621,0.36570236,-0.4398089,0.41145268,0.91138095,-0.009560615
1356012175445,0.45231426,-0.13697761,-0.88127685,-0.7835743,0.4108833,-0.4660325,0.42593798,0.90133905,0.078516245
1356012175485,0.5062841,-0.08574596,-0.8580933,-0.74190986,0.46392244,-0.48409274,0.4395978,0.8817164,0.17126077
1356012175524,0.5527647,-0.048285037,-0.8319374,-0.7029116,0.5092273,-0.4965912,0.44762307,0.85927653,0.24754277
1356012175565,0.5885246,-0.033617705,-0.80778015,-0.6710458,0.53695464,-0.5112507,0.45092845,0.842941,0.29345196
1356012175604,0.61367095,-0.042539746,-0.7884151,-0.6466272,0.5459257,-0.5327649,0.45307973,0.8367529,0.3075114
1356012175635,0.6312119,-0.06293678,-0.7730527,-0.6277229,0.5439672,-0.5568337,0.45556065,0.83674294,0.3038517
1356012175675,0.639368,-0.09739804,-0.76270723,-0.61665726,0.5275609,-0.5843059,0.4592847,0.84391546,0.2772443
1356012175715,0.64083385,-0.13669553,-0.75541127,-0.61244535,0.5022682,-0.6104403,0.46286353,0.853839,0.23815194
1356012175755,0.6369751,-0.17420907,-0.75094205,-0.6145053,0.47342384,-0.63107306,0.4654525,0.8634357,0.19450682
1356012175795,0.6282649,-0.2068317,-0.7500025,-0.6219788,0.44557357,-0.64389944,0.46736014,0.8710251,0.15129331
1356012175835,0.61454594,-0.2333941,-0.7535652,-0.6338377,0.42261803,-0.6477992,0.4696628,0.87574035,0.11178419
1356012175875,0.59537876,-0.25356367,-0.7623842,-0.6489315,0.40771648,-0.64238244,0.4737214,0.877196,0.07820028
1356012175915,0.57032496,-0.26695874,-0.7768284,-0.66599834,0.4032792,-0.62754446,0.4808072,0.8752708,0.0522061
1356012175955,0.539215,-0.27267522,-0.79680324,-0.68370414,0.41069543,-0.60322297,0.49172735,0.8700446,0.035023987
1356012175995,0.50192696,-0.26952147,-0.821844,-0.7011925,0.4294921,-0.5690919,0.506358,0.86191344,0.026587248
1356012176036,0.45791325,-0.25751922,-0.8508815,-0.71859014,0.45628747,-0.52481425,0.5233963,0.8517544,0.023889303
1356012176075,0.40571612,-0.23885606,-0.8822371,-0.7376522,0.48438078,-0.47036642,0.5396886,0.8416193,0.020328403
1356012176115,0.34453225,-0.21775666,-0.9131701,-0.76023424,0.50596493,-0.40748423,0.55076444,0.8346146,0.008775175
1356012176155,0.27467382,-0.1973935,-0.9410579,-0.7871051,0.51598614,-0.3379701,0.5522859,0.83354306,-0.013641536
1356012176195,0.19900844,-0.1797561,-0.9633708,-0.81657636,0.51311004,-0.2644259,0.54184747,0.83928883,-0.044671357
1356012176235,0.121889114,-0.16390812,-0.97891635,-0.8444766,0.50111616,-0.18905553,0.52153856,0.8497157,-0.07733595
1356012176284,0.049949855,-0.14972726,-0.98746485,-0.8668325,0.48459873,-0.1173265,0.4960912,0.861827,-0.10558283
