1356012360047,0.98475486,-0.06561746,-0.1610969,-0.16145757,-1.959803E-4,-0.9868796,0.06472496,0.9978448,-0.010787427
1356012360088,-0.095365286,-0.0045723915,-0.99543184,-0.993335,0.065470636,0.09486365,0.06473786,0.997844,-0.01078552
1356012360128,-0.095265806,-0.004591435,-0.9954413,-0.9933404,0.06553638,0.094762504,0.06480256,0.9978396,-0.010804236
1356012360168,-0.094530106,-0.0048125386,-0.99551034,-0.9934016,0.06568861,0.09401232,0.06494126,0.99782854,-0.010990381
1356012360209,-0.09199965,-0.005658269,-0.9957429,-0.99362916,0.06589168,0.09142992,0.065093845,0.9978107,-0.011684239
1356012360248,-0.086465836,-0.0076883435,-0.9962251,-0.9941233,0.06604397,0.085773766,0.06513521,0.99778706,-0.013353705
1356012360288,-0.07728776,-0.0110838115,-0.99694717,-0.9948906,0.066004425,0.0763945,0.06495619,0.99775773,-0.01612854
1356012360328,-0.06529784,-0.015446216,-0.9977463,-0.99577975,0.06562948,0.064153105,0.06449062,0.99772453,-0.019666433
1356012360368,-0.051690906,-0.019745737,-0.9984679,-0.99662876,0.06480572,0.0503141,0.063712955,0.9977026,-0.02302903
1356012360408,-0.037989676,-0.022820413,-0.9990175,-0.9973164,0.06347829,0.036474973,0.062583536,0.99772227,-0.025170684
1356012360448,-0.025084347,-0.023803681,-0.9994019,-0.9978143,0.061732024,0.023574144,0.06113398,0.99780893,-0.025300205
1356012360489,-0.013317823,-0.02225399,-0.9996636,-0.9981415,0.059750617,0.01196745,0.059464216,0.9979652,-0.023008406
1356012360527,-0.002506107,-0.017991036,-0.999835,-0.9983306,0.057739824,0.0014633834,0.057703942,0.99816954,-0.018105686
1356012360568,0.007707268,-0.011044741,-0.9999092,-0.9984019,0.055896968,-0.008313,0.055983603,0.99837536,-0.010596216
1356012360608,0.017490536,-0.0014846623,-0.9998459,-0.99836814,0.05434349,-0.017545283,0.054361165,0.99852115,-5.3167343E-4
1356012360649,0.026877016,0.009948075,-0.9995893,-0.9982422,0.053106517,-0.026312321,0.052822977,0.9985393,0.0113579035
1356012360688,0.035510987,0.022565842,-0.9991144,-0.9980515,0.052123934,-0.034295887,0.051303834,0.99838555,0.024372876
1356012360727,0.042981,0.0353508,-0.9984503,-0.9978306,0.05140087,-0.041134387,0.049867123,0.99805224,0.037483305
1356012360768,0.048641562,0.047656924,-0.99767876,-0.9976275,0.05103922,-0.04620102,0.04871896,0.99755895,0.050026417
1356012360807,0.05205846,0.058719426,-0.99691623,-0.99747574,0.0513314,-0.04906422,0.0482921,0.9969539,0.061243445
1356012360847,0.05328414,0.067614585,-0.9962877,-0.99736154,0.05286345,-0.049753875,0.049303085,0.99631,0.070253015
1356012360907,0.052856386,0.07341248,-0.99590003,-0.9972165,0.05639994,-0.04876873,0.052588493,0.9957056,0.07618919
1356012360928,0.05141732,0.07572454,-0.9958022,-0.9969662,0.062235802,-0.046744823,0.058434784,0.99518466,0.07869485
1356012360983,0.049311817,0.07468107,-0.99598753,-0.9965434,0.07042855,-0.044058472,0.06685567,0.99471736,0.07789588
1356012361005,0.045711726,0.07135603,-0.996403,-0.9959805,0.080167025,-0.039951295,0.07702795,0.9942241,0.074733764
1356012361048,0.03870967,0.06678751,-0.9970161,-0.9953158,0.0910348,-0.032545537,0.08858955,0.9936056,0.06999862
1356012361087,0.024463266,0.062558174,-0.9977414,-0.99460423,0.10217211,-0.017980158,0.10081655,0.9927977,0.064720035
1356012361127,-2.9841065E-4,0.05989632,-0.9982045,-0.99354136,0.11324814,0.0070924163,0.11346954,0.99175966,0.05947572
1356012361168,-0.039172232,0.059877127,-0.9974368,-0.99124026,0.12366903,0.046352863,0.12612754,0.99051535,0.05450827
1356012361208,-0.09268844,0.06294605,-0.9937035,-0.98605084,0.13276494,0.10038459,0.13824776,0.9891467,0.04976225
1356012361248,-0.15841979,0.06908214,-0.9849523,-0.97602355,0.13985115,0.16679251,0.14926916,0.9877598,0.045270562
1356012361288,-0.23133898,0.07792431,-0.9697474,-0.9598102,0.14451659,0.2405811,0.15889171,0.9864293,0.04136026
1356012361327,-0.30534738,0.0888108,-0.94809055,-0.9374553,0.14673662,0.31566745,0.16715422,0.9851807,0.03845054
1356012361367,-0.37511158,0.10052526,-0.9215129,-0.91046035,0.1468836,0.3866356,0.17422181,0.98403245,0.036426544
1356012361407,-0.43785512,0.110746324,-0.89219856,-0.8808832,0.14561933,0.4503774,0.17979899,0.98312277,0.033794343
1356012361447,-0.4929391,0.11592659,-0.86230624,-0.85070884,0.1436646,0.5056234,0.1824981,0.98281306,0.027801871
1356012361487,-0.5409765,0.11310327,-0.8333979,-0.82150835,0.14123982,0.5524269,0.18019027,0.98349327,0.016507804
1356012361527,-0.5823485,0.10157794,-0.80656815,-0.79469156,0.13790476,0.591141,0.17127651,0.98522294,4.144311E-4
1356012361567,-0.61684823,0.0836148,-0.7826282,-0.7714435,0.13300121,0.62224245,0.15611914,0.98758256,-0.017537475
1356012361608,-0.6434728,0.062579036,-0.7629067,-0.75316834,0.1261934,0.64561033,0.13667542,0.9900298,-0.03406942
1356012361647,-0.66103435,0.041692257,-0.7491965,-0.74140114,0.117500246,0.66069514,0.115576595,0.99219733,-0.046760976
1356012361688,-0.66838825,0.023130149,-0.7434529,-0.73773956,0.10684866,0.6665761,0.09485492,0.9940062,-0.054352343
1356012361727,-0.6645642,0.008241326,-0.7471857,-0.7434015,0.093815684,0.6622332,0.075555384,0.99555546,-0.056219876
1356012361767,-0.64887863,-0.0015205145,-0.7608904,-0.75867206,0.077623546,0.6468317,0.05807948,0.99698156,-0.051521778
1356012361807,-0.6209179,-0.0038316846,-0.7838662,-0.78271073,0.057525992,0.6197214,0.042718112,0.9983367,-0.038717985
1356012361847,-0.5810478,0.004841,-0.81385505,-0.8133198,0.033293366,0.5808636,0.029907972,0.9994339,-0.015407801
1356012361887,-0.5306374,0.028230578,-0.8471287,-0.8473544,0.006338477,0.53099,0.020359635,0.99958134,0.02055788
1356012361927,-0.47331893,0.06896976,-0.87818706,-0.88076603,-0.020247757,0.47311875,0.014849573,0.9974133,0.070329845
1356012361978,-0.41388404,0.12538487,-0.90165323,-0.9102301,-0.04235655,0.41193092,0.013458967,0.99120355,0.1316598
1356012362009,-0.357408,0.18918246,-0.914587,-0.9338308,-0.05685538,0.35316768,0.01481393,0.9802946,0.196985
1356012362049,-0.30703378,0.24784726,-0.91885906,-0.951551,-0.06294453,0.3009794,0.016759753,0.9667522,0.2551655
1356012362089,-0.26194006,0.28992006,-0.9205073,-0.9649159,-0.060865223,0.25540704,0.01802075,0.9551135,0.2956915
1356012362129,-0.2186377,0.30941972,-0.9254496,-0.97562134,-0.050863266,0.21348494,0.018985063,0.9495643,0.31299707
1356012362169,-0.17349142,0.30617464,-0.936033,-0.9846178,-0.033949316,0.1713917,0.02069807,0.95136976,0.30735496
1356012362208,-0.124850035,0.28348348,-0.95081526,-0.9918933,-0.012802839,0.12642679,0.023666799,0.95889163,0.28278375
1356012362247,-0.07454246,0.24786285,-0.9659231,-0.9968349,0.008321583,0.079063356,0.02763486,0.96875936,0.24645805
1356012362288,-0.026659489,0.20509103,-0.97837985,-0.9991163,0.026348889,0.032747835,0.03249553,0.9783882,0.20420736
1356012362328,0.01372385,0.16044414,-0.98694956,-0.99916327,0.04023373,-0.0073530674,0.03852892,0.9862246,0.16086206
1356012362367,0.041622102,0.118370205,-0.9920968,-0.99806416,0.050851762,-0.035805225,0.0462116,0.99166656,0.120257646
1356012362408,0.053507984,0.08208588,-0.99518776,-0.9969853,0.06047064,-0.048616856,0.05618891,0.994789,0.08507407
1356012362447,0.04718736,0.054012418,-0.99742466,-0.9965129,0.07133511,-0.043281287,0.06881362,0.99598885,0.05719021
1356012362488,0.023157746,0.035839498,-0.9990892,-0.9961714,0.085094005,-0.020037621,0.08429831,0.99572814,0.037672877
1356012362527,-0.017317265,0.028711766,-0.99943775,-0.9946141,0.10166851,0.020154417,0.10219008,0.9944039,0.02679646
1356012362567,-0.07050523,0.031502575,-0.9970138,-0.99011326,0.11929467,0.07378656,0.12126291,0.992359,0.02278018
1356012362608,-0.13007098,0.038938344,-0.9907398,-0.98169357,0.13516408,0.13419557,0.13913777,0.9900578,0.020644546
1356012362647,-0.18918711,0.042737186,-0.98101056,-0.9701529,0.14620388,0.19346255,0.15169558,0.9883309,0.0138017535
1356012362687,-0.24248517,0.03644529,-0.9694704,-0.9577583,0.15024692,0.24520391,0.15459648,0.9879765,-0.0015268922
1356012362728,-0.28733432,0.019076794,-0.9576403,-0.9466443,0.14669728,0.28695735,0.14595744,0.98899746,-0.024092197
1356012362767,-0.32296532,-0.004611075,-0.94639957,-0.937641,0.13737679,0.3193071,0.12854096,0.9905082,-0.04869145
1356012362807,-0.34829903,-0.029482216,-0.9369197,-0.93127227,0.1248281,0.3422717,0.10686293,0.9917402,-0.07093346
1356012362847,-0.36240578,-0.051699966,-0.93058544,-0.9281298,0.11115569,0.355274,0.08507222,0.9924574,-0.08826774
1356012362888,-0.36442667,-0.06910235,-0.9286647,-0.9289274,0.09709203,0.35730514,0.065475374,0.99287355,-0.09957403
1356012362927,-0.3540597,-0.07995579,-0.9317987,-0.9339483,0.08222729,0.34782073,0.048808992,0.99340105,-0.10378796
1356012362979,-0.33139122,-0.0815762,-0.9399601,-0.9428297,0.06599152,0.32667574,0.035380393,0.9944799,-0.09878147
1356012363009,-0.29754263,-0.06988451,-0.9521473,-0.95436406,0.048558235,0.29467136,0.02564162,0.9963725,-0.08114344
1356012363049,-0.25521183,-0.03921902,-0.9660894,-0.9666711,0.031372964,0.25409192,0.02034384,0.998738,-0.045918643
1356012363089,-0.2068184,0.01426056,-0.9782754,-0.9781716,0.017592192,0.20705286,0.020162731,0.9997436,0.010310829
1356012363129,-0.15565038,0.08846781,-0.98384273,-0.98749864,0.0111582875,0.15723208,0.024888039,0.9960166,0.08562499
1356012363169,-0.10484666,0.17132878,-0.97961915,-0.99396515,0.013897121,0.10881257,0.032256633,0.9851159,0.1688377
1356012363209,-0.056391597,0.24389374,-0.9681611,-0.9976553,0.023902357,0.0641309,0.038782477,0.96950746,0.2419739
1356012363249,-0.010368228,0.29078352,-0.95673263,-0.9990355,0.03781259,0.022319227,0.042666584,0.95604134,0.2901111
1356012363289,0.034014165,0.30688325,-0.95113915,-0.9984257,0.052904308,-0.01863572,0.044600368,0.95027566,0.30819964
1356012363329,0.07704413,0.29552045,-0.95222473,-0.995975,0.06668872,-0.05988729,0.04580474,0.9530059,0.29946893
1356012363369,0.11734468,0.26469985,-0.9571647,-0.9919921,0.07657719,-0.10043728,0.046711266,0.9612856,0.27156606
1356012363409,0.15256655,0.2228935,-0.9628302,-0.9871578,0.08105564,-0.1376572,0.047359943,0.97146726,0.23239744
1356012363439,0.17982155,0.18263856,-0.96659577,-0.9825293,0.08125746,-0.16743213,0.04796362,0.9798165,0.19405955
1356012363479,0.19991767,0.13965228,-0.9698093,-0.97856355,0.07842255,-0.19042942,0.049460977,0.98709023,0.15233669
1356012363519,0.21055672,0.09793234,-0.9726639,-0.9761491,0.07490775,-0.20376906,0.052904457,0.9923699,0.111368865
1356012363563,0.21110815,0.05957386,-0.97564554,-0.97561157,0.07424152,-0.2065675,0.060127348,0.9954592,0.07379395
1356012363597,0.19911948,0.028928518,-0.9795482,-0.97747123,0.07727328,-0.1964153,0.07001099,0.99659026,0.043663383
1356012363638,0.17944732,0.008143991,-0.9837338,-0.98016715,0.08695397,-0.17807674,0.08408925,0.996179,0.023586184
1356012363678,0.14956796,-0.0015004575,-0.98875034,-0.9834882,0.10281694,-0.14892802,0.10188368,0.9946991,0.013902456
1356012363718,0.11103627,-0.002714038,-0.9938127,-0.9863523,0.1220288,-0.11053604,0.121573776,0.9925229,0.010872602
1356012363758,0.06618938,-0.0022508502,-0.9978046,-0.98800904,0.13964733,-0.06585464,0.139489,0.99019873,0.0070192814
1356012363798,0.017543316,-0.0077361763,-0.9998162,-0.9884881,0.150163,-0.018506438,0.15027857,0.988631,-0.00501281
1356012363838,-0.032526374,-0.02240789,-0.9992197,-0.98822546,0.15027034,0.02879861,0.14950782,0.98839104,-0.02703178
1356012363896,-0.080238104,-0.04447913,-0.9957828,-0.98734,0.1406793,0.07327399,0.13682681,0.9890555,-0.055203855
1356012363918,-0.12176773,-0.06915289,-0.9901467,-0.98573405,0.12520602,0.11248052,0.11619395,0.98971784,-0.08341241
1356012363966,-0.15369901,-0.091763675,-0.9838476,-0.98372704,0.10796943,0.14360985,0.09304729,0.9899101,-0.10686517
1356012363985,-0.17352048,-0.10960147,-0.9787125,-0.9821054,0.09313241,0.16369253,0.07320887,0.98960286,-0.123800576
1356012364015,-0.1839574,-0.12227908,-0.9752987,-0.98130393,0.07997167,0.17506352,0.056589663,0.98926866,-0.13470429
1356012364058,-0.18470934,-0.12701675,-0.9745507,-0.98188174,0.06654498,0.1774258,0.042315364,0.9896658,-0.13700688
1356012364098,-0.16878685,-0.122383565,-0.97802514,-0.98516786,0.052060038,0.1635051,0.030905664,0.9911165,-0.12935543
1356012364137,-0.13882726,-0.10438788,-0.9847995,-0.99004865,0.03775996,0.13556474,0.023034662,0.99381953,-0.1085912
1356012364178,-0.096928716,-0.06770185,-0.992986,-0.9950994,0.02618444,0.09534985,0.019545376,0.99736196,-0.06990802
1356012364218,-0.044829667,-0.010376334,-0.9989407,-0.9987831,0.021041393,0.044604003,0.020556241,0.9997247,-0.0113069415
1356012364258,0.013077199,0.06422639,-0.9978497,-0.9996073,0.025576472,-0.011454076,0.024785876,0.9976076,0.06453553
1356012364298,0.07139754,0.14401796,-0.98699605,-0.997018,0.039358377,-0.06637952,0.029286742,0.98879206,0.14639854
1356012364337,0.12507051,0.21149015,-0.96934474,-0.99164915,0.057621658,-0.1153765,0.031454176,0.9756801,0.21693084
1356012364378,0.1715818,0.25374794,-0.9519305,-0.9846746,0.07480794,-0.15754291,0.031235754,0.96437323,0.26269484
1356012364418,0.21143419,0.26730308,-0.9401301,-0.9769124,0.08793253,-0.19470501,0.03062275,0.9595921,0.27972364
1356012364458,0.24523973,0.25619486,-0.93499815,-0.9689615,0.09577632,-0.22790468,0.03116262,0.9618685,0.27173117
1356012364498,0.27321073,0.22832385,-0.93446463,-0.9613848,0.09823009,-0.2570803,0.033095002,0.9686171,0.2463446
1356012364537,0.29487088,0.19202277,-0.936044,-0.9548583,0.096129686,-0.28107738,0.03600833,0.976671,0.21170044
1356012364578,0.30941802,0.1526418,-0.93859524,-0.9500905,0.09099364,-0.29840943,0.039856434,0.98408365,0.17317858
1356012364618,0.31604484,0.114263564,-0.9418384,-0.94767404,0.08515933,-0.30767155,0.04505065,0.9897938,0.1351988
1356012364658,0.31426087,0.079102725,-0.9460353,-0.9478842,0.081248075,-0.30808142,0.052493453,0.99354994,0.10051331
1356012364698,0.30386978,0.04888341,-0.9514587,-0.9506161,0.081789434,-0.29939863,0.063183665,0.99545014,0.07132268
1356012364737,0.28523976,0.0253295,-0.9581214,-0.95530033,0.08856827,-0.28205845,0.07771477,0.9957479,0.04946044
1356012364778,0.25960678,0.010194033,-0.96566063,-0.96089005,0.10255289,-0.2572417,0.09640902,0.9946753,0.036418766
1356012364818,0.22786379,0.004045099,-0.97368455,-0.96648455,0.12239504,-0.22567028,0.11826131,0.9924732,0.03179896
1356012364858,0.19150284,0.004248947,-0.98148286,-0.97131073,0.14448228,-0.18889257,0.1410043,0.98949826,0.03179583
1356012364898,0.15122646,0.0047695935,-0.9884877,-0.9754176,0.16286731,-0.14844108,0.1602844,0.9866365,0.029282123
1356012364937,0.10777494,-4.4754148E-4,-0.9941752,-0.9794303,0.17154118,-0.10625377,0.17058954,0.9851769,0.018049479
1356012364980,0.062547,-0.014914215,-0.99793065,-0.9839303,0.1666275,-0.06415978,0.16723958,0.9859072,-0.0042524934
1356012365018,0.017668098,-0.03474304,-0.99924004,-0.9881934,0.15151444,-0.02274084,0.15218934,0.9878442,-0.031655848
1356012365058,-0.023215055,-0.05658889,-0.99812764,-0.9913676,0.13017148,0.01567775,0.12904054,0.98987526,-0.059122264
1356012365098,-0.057668447,-0.076401144,-0.99540806,-0.992946,0.107856095,0.049247473,0.10359827,0.99122643,-0.08208209
1356012365137,-0.08361086,-0.09173009,-0.9922675,-0.9932836,0.08759174,0.075599104,0.07997969,0.99192405,-0.09843761
1356012365178,-0.09959096,-0.10120708,-0.98986804,-0.9932398,0.06973302,0.09280047,0.059634447,0.9924184,-0.10746771
1356012365218,-0.10416874,-0.10332948,-0.98917735,-0.99362963,0.053813964,0.09901622,0.04300031,0.9931904,-0.10827696
1356012365258,-0.096191585,-0.09499836,-0.9908191,-0.9949002,0.039521396,0.09279856,0.030342817,0.99469256,-0.09831548
1356012365298,-0.074138135,-0.07154027,-0.9946786,-0.99699783,0.027655512,0.07232192,0.022334367,0.9970542,-0.07337582
1356012365337,-0.037035853,-0.028730512,-0.9989009,-0.99911904,0.020808846,0.03644544,0.019738913,0.99937063,-0.029475868
1356012365378,0.014151603,0.035288393,-0.99927694,-0.9996385,0.023344487,-0.013332218,0.02285713,0.9991044,0.035606056
1356012365418,0.07418388,0.1122742,-0.99090433,-0.9968077,0.037760496,-0.07034743,0.029518843,0.9929596,0.11471695
1356012365457,0.13325906,0.18562141,-0.9735434,-0.9904449,0.06013912,-0.12410608,0.035511345,0.9807793,0.19186181
1356012365498,0.18277925,0.23886976,-0.95369446,-0.98243,0.08159685,-0.16784921,0.037724376,0.9676174,0.249587
1356012365537,0.21940887,0.26407212,-0.9392154,-0.9749358,0.09573114,-0.2008375,0.03687656,0.9597403,0.27845767
1356012365578,0.24363062,0.26175508,-0.9338781,-0.9692198,0.100907475,-0.22456738,0.035453558,0.9598447,0.27828246
1356012365618,0.25796595,0.23883963,-0.93616724,-0.9655191,0.09885159,-0.2408345,0.0350208,0.9660145,0.2561046
1356012365658,0.26442602,0.20345795,-0.94270027,-0.96375537,0.091646045,-0.25055248,0.035417885,0.97478503,0.2203173
1356012365698,0.26418838,0.16270903,-0.95064723,-0.9637977,0.081364006,-0.2539169,0.03603384,0.98331356,0.17831409
1356012365738,0.2575764,0.12151268,-0.95858705,-0.9655478,0.07039684,-0.25052318,0.037039787,0.99009037,0.13545883
1356012365778,0.24427819,0.08286592,-0.96615803,-0.96889424,0.061595857,-0.23968694,0.039649457,0.99465525,0.09533483
1356012365818,0.22365135,0.049086064,-0.9734324,-0.9736061,0.05788338,-0.22077242,0.045508653,0.99711585,0.06073624
1356012365858,0.19525096,0.022298545,-0.98049974,-0.9791564,0.061459452,-0.19358566,0.055944234,0.99786043,0.0338338
1356012365898,0.15884426,0.0047510564,-0.9872922,-0.9847255,0.072981566,-0.1580801,0.0713031,0.99732196,0.016271174
1356012365937,0.11456084,-0.0023647845,-0.9934133,-0.98926485,0.091053545,-0.11429912,0.09072408,0.9958431,0.008091748
1356012365980,0.06274986,-6.9248676E-4,-0.9980291,-0.9916487,0.11285359,-0.062427044,0.112674445,0.99361145,0.0063948035
1356012366019,9.738505E-4,0.003577143,-0.99999315,-0.9911908,0.1324409,-4.914999E-4,0.13243824,0.9911844,0.0036745667
1356012366059,-0.06863034,0.002676636,-0.9976386,-0.98705125,0.1451419,0.068291456,0.14498189,0.9894073,-0.0073191524
1356012366099,-0.14578938,-0.0073978603,-0.98928803,-0.9784589,0.14881563,0.14308065,0.14616305,0.9888373,-0.02893424
1356012366139,-0.22619742,-0.025521338,-0.97374713,-0.9646174,0.1448803,0.22027946,0.13545492,0.98912,-0.057389915
1356012366179,-0.30387825,-0.04783219,-0.95150936,-0.94567,0.13634169,0.2951595,0.11561227,0.9895065,-0.086664736
1356012366219,-0.37304962,-0.06887722,-0.92525125,-0.92319405,0.12692249,0.36277187,0.09244847,0.9895184,-0.11093545
1356012366260,-0.4288743,-0.08567497,-0.8992923,-0.90064764,0.11769593,0.41830787,0.07000452,0.989347,-0.12763971
1356012366299,-0.46835047,-0.096921474,-0.87821066,-0.8820951,0.10816795,0.45848438,0.050557196,0.9893967,-0.13615441
1356012366339,-0.48957765,-0.10200009,-0.86597323,-0.8712684,0.09676188,0.48117402,0.034713417,0.99006724,-0.13624197
1356012366379,-0.49110866,-0.09860343,-0.8654996,-0.8708016,0.081499815,0.4848322,0.02273193,0.99178386,-0.1258893
1356012366419,-0.4709351,-0.082657665,-0.87828684,-0.8820368,0.061277986,0.46717885,0.015203744,0.9946923,-0.10176504
1356012366458,-0.4287842,-0.047839075,-0.9021394,-0.9033152,0.036938965,0.42738417,0.012878418,0.9981718,-0.059052587
1356012366498,-0.3661564,0.010200083,-0.9304974,-0.93042105,0.0128445625,0.36626723,0.015687764,0.99986553,0.0047872663
1356012366537,-0.29004037,0.08689287,-0.95306146,-0.9567665,-0.0036613941,0.2908341,0.021781892,0.99621093,0.08419812
1356012366578,-0.21281403,0.16675964,-0.96275723,-0.9766896,-0.008002937,0.21450758,0.028066307,0.98596513,0.16457558
1356012366618,-0.14527875,0.2287659,-0.96257997,-0.9888721,-0.0020769835,0.14875335,0.032030404,0.9734792,0.22652203
1356012366658,-0.09129274,0.26084238,-0.9610551,-0.9952572,0.008660674,0.09689224,0.033596992,0.9653425,0.2588146
1356012366698,-0.047560394,0.262635,-0.96372235,-0.9982866,0.020424902,0.05483243,0.034084797,0.964679,0.26121366
1356012366738,-0.00985229,0.24133062,-0.970393,-0.999357,0.031083047,0.017876476,0.034476936,0.9699451,0.24086913
1356012366778,0.02324748,0.20559996,-0.97835994,-0.99911636,0.039052844,-0.0155338645,0.035014033,0.9778566,0.20632616
1356012366818,0.049770653,0.16301739,-0.98536706,-0.9981185,0.04349041,-0.043219835,0.035808444,0.98566425,0.16487524
1356012366858,0.065513074,0.11902934,-0.99072707,-0.99715084,0.04501605,-0.0605295,0.03739381,0.9918698,0.12163934
1356012366898,0.0651629,0.07789171,-0.99482995,-0.9970397,0.045856595,-0.061717242,0.040812194,0.9959066,0.08064929
1356012366938,0.04371369,0.043319553,-0.99810445,-0.99792063,0.04925859,-0.041567743,0.047364473,0.9978462,0.045382768
1356012366984,-0.0023792386,0.019075722,-0.9998152,-0.99830496,0.058093786,0.0034840703,0.058149487,0.99812883,0.018905222
1356012367005,-0.07311517,0.0056644976,-0.9973074,-0.99480426,0.07061708,0.07333282,0.070842296,0.9974874,4.7188997E-4
1356012367035,-0.15018892,0.0035424232,-0.988651,-0.9849288,0.0862301,0.14993238,0.08578259,0.996269,-0.00946182
1356012367078,-0.23437572,0.015599608,-0.972021,-0.966399,0.1048221,0.23470238,0.10555056,0.9943687,-0.009492338
1356012367118,-0.33641315,0.03389609,-0.9411043,-0.93333536,0.12101537,0.3379947,0.12534478,0.99207175,-0.009074748
1356012367158,-0.43877822,0.046014786,-0.8974165,-0.88778603,0.13223898,0.44085008,0.13895905,0.9901492,-0.017172277
1356012367198,-0.53081656,0.044348776,-0.84632564,-0.83563304,0.13905078,0.53139657,0.14124906,0.9892917,-0.03675121
1356012367238,-0.6073541,0.02923879,-0.793893,-0.7835218,0.14299726,0.6046863,0.13120481,0.98929113,-0.063940704
1356012367278,-0.66648173,0.0062790513,-0.74549496,-0.73701537,0.14507335,0.66012275,0.11229637,0.989401,-0.09206098
1356012367318,-0.70817876,-0.018172383,-0.7057992,-0.70027435,0.14549863,0.69888914,0.089992344,0.98919153,-0.11576462
1356012367358,-0.7332583,-0.040513903,-0.67874205,-0.6765115,0.14373314,0.7222693,0.06829575,0.9887868,-0.13280159
1356012367398,-0.74269307,-0.059483707,-0.6669848,-0.667835,0.13871872,0.73126847,0.04902473,0.9885438,-0.14275074
1356012367438,-0.73709106,-0.07414165,-0.67171407,-0.67499936,0.12894237,0.72646385,0.032751173,0.9888765,-0.14508784
1356012367478,-0.71670246,-0.08187178,-0.6925566,-0.697091,0.112647355,0.70807815,0.020043045,0.9902563,-0.13780671
1356012367518,-0.68247354,-0.07730305,-0.7268109,-0.730814,0.08831221,0.6768396,0.011864483,0.9930887,-0.11676484
1356012367558,-0.6370279,-0.053192407,-0.7690032,-0.77078474,0.0559718,0.6346321,0.009284914,0.9970144,-0.07665551
1356012367598,-0.58568,-0.0041559935,-0.81053174,-0.81044304,0.0186584,0.58552027,0.012689829,0.99981725,-0.014296055
1356012367638,-0.53463095,0.06666133,-0.8424523,-0.8448392,-0.018089056,0.53471434,0.02040556,0.99761164,0.06598908
1356012367678,-0.4864533,0.14395425,-0.86176586,-0.8732513,-0.048270106,0.48487332,0.028202027,0.9884064,0.14918935
1356012367718,-0.43757498,0.20809036,-0.8747723,-0.898603,-0.06629515,0.43372524,0.032260895,0.97586036,0.21599972
1356012367758,-0.38064396,0.24744028,-0.89100146,-0.92415017,-0.067919314,0.3759435,0.03250739,0.9665197,0.254525
1356012367798,-0.3080716,0.26034752,-0.91504705,-0.95084286,-0.05245447,0.3051989,0.03145948,0.96408904,0.2637093
1356012367838,-0.21551943,0.2502048,-0.94390094,-0.97600424,-0.024410486,0.21637893,0.031097978,0.96788514,0.24946189
1356012367878,-0.10451937,0.22185224,-0.9694624,-0.9940141,0.007873118,0.10896805,0.031807452,0.97504854,0.21970135
1356012367918,0.0148025155,0.18226123,-0.98313874,-0.9993396,0.035330594,-0.008496553,0.033186257,0.98261523,0.18266389
1356012367979,0.12768543,0.13788408,-0.98218346,-0.99118763,0.05294943,-0.12142265,0.035263747,0.98903203,0.14342985
1356012367999,0.22043535,0.09454787,-0.9708084,-0.97463,0.060930878,-0.21536896,0.03878951,0.9936539,0.10558051
1356012368039,0.28398013,0.05631441,-0.957175,-0.95777184,0.063549995,-0.2804183,0.045036823,0.99638855,0.07198334
1356012368079,0.3131247,0.02576074,-0.94936264,-0.9481094,0.06652942,-0.31090605,0.055151373,0.9974519,0.04525599
1356012368119,0.30498025,0.004802704,-0.95234656,-0.9498022,0.074754864,-0.30378842,0.0697335,0.99719036,0.02736041
1356012368159,0.25440902,-0.003897339,-0.9670888,-0.96305716,0.09028298,-0.2537122,0.08830044,0.9959085,0.019215465
1356012368199,0.15512437,0.002000302,-0.9878929,-0.9818398,0.11086178,-0.15394944,0.10921162,0.99383384,0.019161314
1356012368239,0.008255631,0.020285338,-0.99976015,-0.9915395,0.1296862,-0.005556315,0.12954238,0.99134755,0.021184385
1356012368279,-0.16520828,0.04065305,-0.98542047,-0.97555774,0.14004833,0.16933244,0.14489034,0.9893097,0.016522288
1356012368318,-0.3296209,0.049410194,-0.94281954,-0.9320483,0.14211023,0.3333027,0.15045291,0.9886168,-7.8982115E-4
1356012368358,-0.45850092,0.03972751,-0.88780546,-0.8770059,0.14126205,0.4592447,0.1436579,0.9891747,-0.029927552
1356012368398,-0.54711115,0.015180051,-0.8369223,-0.8275028,0.14084756,0.5435082,0.12612897,0.9899149,-0.06449771
1356012368438,-0.60122645,-0.016099751,-0.79891646,-0.7924432,0.14059031,0.59352183,0.10276434,0.98993695,-0.097284794
1356012368478,-0.62665516,-0.047298044,-0.7778599,-0.77530766,0.13870257,0.6161652,0.07874772,0.989204,-0.12358916
1356012368518,-0.62574804,-0.074894786,-0.7764213,-0.7779178,0.13303846,0.614121,0.057299465,0.988277,-0.14151055
1356012368559,-0.59863126,-0.09695318,-0.7951356,-0.8000587,0.12110406,0.58757114,0.039327234,0.9878937,-0.15006489
1356012368608,-0.5469023,-0.10703716,-0.83032584,-0.83681893,0.09967393,0.5383301,0.025140494,0.98924625,-0.1440826
1356012368648,-0.45027298,-0.10419735,-0.8867904,-0.89275444,0.06990713,0.44508716,0.015616089,0.99209666,-0.12449992
1356012368688,-0.35290986,-0.07577905,-0.9325836,-0.9355798,0.041406095,0.3506792,0.012040496,0.9962646,-0.085510015
1356012368728,-0.26831508,-0.019160867,-0.9631406,-0.9632138,0.020945013,0.26791877,0.015039414,0.999597,-0.024075925
1356012368768,-0.20865309,0.0616014,-0.97604764,-0.97769904,0.011189818,0.20971239,0.023840338,0.99803805,0.05789292
1356012368808,-0.16335666,0.14947215,-0.97517836,-0.985965,0.009794414,0.16666481,0.034463048,0.98871744,0.1457743
1356012368848,-0.110946774,0.22318977,-0.9684406,-0.9929288,0.016512275,0.117557704,0.042228878,0.9746352,0.21977949
1356012368887,-0.02416128,0.26682967,-0.96344084,-0.9986802,0.037249446,0.03536138,0.045323074,0.96302366,0.2655775
1356012368928,0.110081375,0.27353063,-0.9555434,-0.9929036,0.07378656,-0.09326348,0.044995815,0.95902896,0.27971208
1356012368978,0.2800652,0.24563521,-0.92802304,-0.9590005,0.1152679,-0.25890395,0.043375313,0.9624846,0.26784682
1356012369009,0.44831526,0.19540799,-0.8722552,-0.89291036,0.14323473,-0.4268431,0.04152873,0.97020596,0.23869608
1356012369049,0.582252,0.14039186,-0.8007951,-0.8120358,0.14858854,-0.56437516,0.039755285,0.9788828,0.20051919
1356012369089,0.67435557,0.091897935,-0.7326659,-0.7374035,0.1355169,-0.66171837,0.038478017,0.98650384,0.15915245
1356012369129,0.73264766,0.05249527,-0.67858064,-0.6795126,0.112965226,-0.7249148,0.03860143,0.9922112,0.118434906
1356012369169,0.767055,0.020460784,-0.641255,-0.64025146,0.08873195,-0.7630234,0.04128772,0.9958453,0.08116234
1356012369209,0.7844672,-0.00655967,-0.62013555,-0.6183328,0.06864375,-0.78291285,0.04770407,0.9976196,0.049792707
1356012369249,0.78850794,-0.030021667,-0.6142914,-0.6122257,0.056865484,-0.7886356,0.058608174,0.9979304,0.026458837
1356012369289,0.7805852,-0.050167263,-0.6230329,-0.6206157,0.056306876,-0.7820906,0.07431638,0.9971524,0.012817711
1356012369329,0.7594423,-0.0661093,-0.647207,-0.6438121,0.066695414,-0.76227134,0.093559,0.99558085,0.008089349
1356012369368,0.72427136,-0.07778871,-0.6851131,-0.6800876,0.08315242,-0.72839993,0.113630116,0.9934961,0.007321775
1356012369408,0.67476255,-0.08669081,-0.7329258,-0.72652733,0.09666073,-0.68030494,0.12982139,0.9915349,0.0022397786
1356012369448,0.61220247,-0.095027864,-0.7849699,-0.77881837,0.09899229,-0.6193888,0.13656518,0.9905404,-0.013406128
1356012369488,0.5399472,-0.10429591,-0.8352122,-0.83147836,0.088073835,-0.54853153,0.13076991,0.99063885,-0.039164573
1356012369528,0.46434134,-0.114941865,-0.87816596,-0.8782784,0.06795816,-0.47329572,0.11408001,0.991045,-0.069395155
1356012369568,0.39361858,-0.12623742,-0.9105649,-0.91467047,0.04522252,-0.4016628,0.091882914,0.9909687,-0.09766519
1356012369608,0.33600757,-0.13652042,-0.93191254,-0.9392687,0.024765283,-0.34228787,0.069808334,0.9903276,-0.119908035
1356012369648,0.2973638,-0.14374831,-0.9438809,-0.9534066,0.007995456,-0.30158246,0.05089867,0.98958194,-0.13467303
1356012369688,0.27975696,-0.1457685,-0.9489403,-0.9593997,-0.0054959655,-0.28199628,0.035890788,0.98930347,-0.14138782
1356012369728,0.28119946,-0.13989726,-0.9493975,-0.9593327,-0.015565872,-0.2818484,0.024651647,0.99004364,-0.13858512
1356012369768,0.29650143,-0.12230867,-0.9471681,-0.9548736,-0.019883543,-0.29634604,0.017412633,0.9922929,-0.122684866
1356012369808,0.31941488,-0.0885008,-0.9434732,-0.94749576,-0.014034122,-0.31946024,0.015031636,0.99597716,-0.088336796
1356012369848,0.34462616,-0.035356343,-0.938074,-0.93856204,0.006482035,-0.34504983,0.018280387,0.99935377,-0.030950248
1356012369888,0.3691518,0.03542638,-0.92869365,-0.9289944,0.042438537,-0.3676525,0.02638781,0.9984708,0.04857713
1356012369946,0.39439014,0.11217037,-0.91207147,-0.918252,0.08659318,-0.38641316,0.035635144,0.9899089,0.13715208
1356012370014,0.42329973,0.17731231,-0.8884693,-0.9050304,0.12787259,-0.40567046,0.041680455,0.9758119,0.21460147
1356012370015,0.4593141,0.21595928,-0.86162186,-0.88722,0.15877444,-0.4331644,0.043257684,0.9634067,0.26453072
1356012370035,0.4980988,0.23119268,-0.83573174,-0.86604226,0.18068248,-0.46618092,0.043224454,0.95598316,0.29022038
1356012370065,0.53544456,0.22701406,-0.8134886,-0.8434856,0.19254005,-0.5014581,0.04279104,0.95466894,0.29457766
1356012370108,0.5738025,0.1987418,-0.794514,-0.8178878,0.18945324,-0.5432928,0.0425483,0.96156603,0.27125716
1356012370148,0.60595834,0.16112635,-0.77900755,-0.79436207,0.17483717,-0.5817394,0.042465925,0.97132397,0.23393671
1356012370188,0.6283233,0.122915685,-0.7681807,-0.7767918,0.15304208,-0.6108786,0.04247746,0.98054576,0.19163978
1356012370228,0.63999575,0.08782071,-0.7633432,-0.76716685,0.12879832,-0.62838364,0.043132216,0.9877745,0.14980352
1356012370267,0.64108735,0.05675417,-0.76536655,-0.7661236,0.10632704,-0.6338369,0.04540631,0.9927102,0.11164561
1356012370308,0.63195163,0.02948004,-0.77444696,-0.7733581,0.08915335,-0.62766945,0.050540835,0.9955815,0.07913923
1356012370348,0.6118256,0.0064299107,-0.79096663,-0.78875387,0.080142304,-0.60946244,0.0594711,0.9967627,0.054104716
1356012370388,0.5804185,-0.011541724,-0.8142365,-0.8110518,0.08127765,-0.57930034,0.07286534,0.99662465,0.03781414
1356012370428,0.5368611,-0.023413181,-0.8433457,-0.83878994,0.09255497,-0.53653055,0.090617776,0.9954323,0.030050397
1356012370468,0.48089087,-0.029755086,-0.8762754,-0.869681,0.11073874,-0.48103213,0.111350805,0.99340403,0.027375817
1356012370508,0.41341305,-0.034149736,-0.90990305,-0.9010155,0.12884344,-0.4142107,0.13138023,0.9910768,0.022496104
1356012370548,0.33743685,-0.042011082,-0.94041026,-0.930118,0.13897121,-0.33995205,0.14497164,0.98940486,0.0078187585
1356012370588,0.25754914,-0.056937873,-0.96458614,-0.9550409,0.13671431,-0.26307046,0.14685139,0.9889728,-0.019167304
1356012370628,0.17905748,-0.0781737,-0.9807279,-0.97445375,0.12326586,-0.18773744,0.13556635,0.98928976,-0.054104924
1356012370668,0.10776633,-0.10190609,-0.98893964,-0.9875711,0.103501916,-0.118282646,0.11441088,0.989395,-0.08948547
1356012370708,0.049585223,-0.12395492,-0.9910482,-0.99476576,0.08263457,-0.060106784,0.089345425,0.9888412,-0.11920869
1356012370748,0.010009468,-0.14175487,-0.9898512,-0.997826,0.06306833,-0.019121975,0.06513888,0.9878906,-0.14081538
1356012370788,-0.0072790384,-0.15387058,-0.9880642,-0.99899936,0.04472351,3.9485097E-4,0.044128954,0.9870783,-0.15404212
1356012370828,-0.0014405847,-0.15852702,-0.98735356,-0.99963164,0.02698648,-0.0028743744,0.02710089,0.98698574,-0.15850753
1356012370868,0.024968535,-0.15226072,-0.98802495,-0.99957997,0.010742873,-0.026916116,0.014712483,0.98828197,-0.15192848
1356012370908,0.06664708,-0.12988621,-0.98928654,-0.99774474,-7.4884295E-4,-0.067118615,0.007976979,0.99152863,-0.1296432
1356012370948,0.11690122,-0.086184084,-0.9893969,-0.99311346,-0.0023867488,-0.117132425,0.007733494,0.9962764,-0.08586955
1356012370988,0.1684888,-0.016892761,-0.9855588,-0.9855987,0.011695206,-0.16869605,0.014376044,0.9997889,-0.014678955
1356012371026,0.22378191,0.063586414,-0.97256285,-0.97433525,0.039518148,-0.22160605,0.024342835,0.9971937,0.07079783
1356012371067,0.27534324,0.14156082,-0.95086634,-0.9607377,0.07570058,-0.2669318,0.034194082,0.987031,0.1568464
1356012371108,0.33028838,0.19726703,-0.923036,-0.94301224,0.110891074,-0.31373733,0.040466398,0.974058,0.22265124
1356012371148,0.39055082,0.22048011,-0.8937889,-0.9195725,0.13887736,-0.36755887,0.04308766,0.9654541,0.2569861
1356012371188,0.45313013,0.21354592,-0.865489,-0.8903549,0.15640098,-0.42755926,0.044059813,0.96433234,0.26100165
1356012371228,0.51227874,0.18621802,-0.83838737,-0.8576504,0.16184074,-0.48810187,0.044791847,0.9690875,0.24261752
1356012371267,0.5626369,0.14973575,-0.8130307,-0.8254498,0.15590692,-0.54251796,0.04552281,0.9763567,0.21131833
1356012371308,0.6017091,0.11150321,-0.7908939,-0.79737186,0.14126647,-0.5867213,0.046305478,0.98367214,0.17391086
1356012371348,0.62928724,0.07543236,-0.7735034,-0.775711,0.12197909,-0.6191878,0.047644436,0.9896621,0.1352736
1356012371388,0.6462065,0.04273227,-0.7619653,-0.76149523,0.10206631,-0.6400839,0.050418764,0.9938593,0.09849633
1356012371428,0.6534608,0.013801336,-0.75683457,-0.754909,0.085441336,-0.6502401,0.055690765,0.9962476,0.06625132
1356012371467,0.65183777,-0.01085943,-0.75828063,-0.7556152,0.07567136,-0.65063006,0.064445525,0.9970736,0.041119933
1356012371508,0.64205486,-0.030545264,-0.7660499,-0.76272523,0.07563789,-0.6422842,0.07756108,0.9966673,0.025266051
1356012371548,0.6241373,-0.04460764,-0.78004026,-0.775554,0.085640684,-0.6254451,0.09470284,0.995327,0.0188559
1356012371588,0.59846836,-0.05403784,-0.7993219,-0.7929591,0.10232027,-0.6006217,0.11424309,0.9932827,0.018385679
1356012371628,0.56506336,-0.06188491,-0.82272327,-0.81435025,0.11822161,-0.5682052,0.13242695,0.99105686,0.016406745
1356012371667,0.52407885,-0.07119557,-0.8486887,-0.8394215,0.12521344,-0.5288602,0.14391977,0.98957205,0.0058586
1356012371708,0.47645038,-0.083399296,-0.87523687,-0.8672944,0.11869721,-0.48343715,0.1442065,0.98942184,-0.015778422
1356012371748,0.4233231,-0.09724003,-0.9007452,-0.8961349,0.101221845,-0.43208382,0.13319093,0.99010026,-0.04429066
1356012371788,0.3680209,-0.11107376,-0.92315936,-0.9227041,0.078948855,-0.37733847,0.11479473,0.99067134,-0.07343337
1356012371828,0.3149543,-0.12329841,-0.9410639,-0.9444219,0.05768177,-0.32363558,0.09418595,0.9906918,-0.09827861
1356012371867,0.2693149,-0.13257581,-0.9538833,-0.960138,0.040033102,-0.27664483,0.074863344,0.9903641,-0.11650959
1356012371908,0.23596793,-0.1375362,-0.9619787,-0.97004056,0.025540233,-0.24159703,0.05779752,0.9901674,-0.12738901
1356012371948,0.2186625,-0.13623178,-0.96624404,-0.9748504,0.013187766,-0.22246945,0.04304999,0.99058914,-0.12992191
1356012371988,0.21871284,-0.12410554,-0.9678649,-0.97530556,0.0034240186,-0.22083324,0.030720621,0.99226314,-0.12029192
1356012372026,0.23679706,-0.0981614,-0.96658754,-0.9713188,-0.0017887056,-0.23777449,0.021611363,0.9951689,-0.095769584
1356012372067,0.2671689,-0.051879406,-0.96225214,-0.9634944,0.0035428703,-0.26770478,0.017297477,0.99864703,-0.049038947
1356012372108,0.3074457,0.015150219,-0.951445,-0.9513794,0.024674773,-0.30703157,0.018825114,0.9995807,0.021999747
1356012372148,0.35175875,0.09360111,-0.93139935,-0.9357574,0.061710745,-0.34720305,0.024978787,0.9936955,0.10929522
1356012372187,0.3944075,0.16651726,-0.9037227,-0.9183878,0.10538119,-0.38139045,0.031727254,0.98039114,0.19449058
1356012372228,0.43320155,0.21784869,-0.87457323,-0.900614,0.14240062,-0.41062954,0.035084695,0.96553826,0.2578857
1356012372267,0.46928865,0.23987654,-0.84983957,-0.8823621,0.16521835,-0.44061318,0.034716338,0.9566411,0.2891931
1356012372308,0.5033263,0.23389986,-0.8318374,-0.8634676,0.17286691,-0.47385746,0.032961994,0.9567695,0.28897336
1356012372348,0.53453517,0.20802209,-0.8191452,-0.84453785,0.16824082,-0.5083804,0.032059252,0.9635464,0.2656132
1356012372387,0.56068444,0.17197049,-0.8099748,-0.82738906,0.15482485,-0.5398673,0.032563,0.9728594,0.22909437
1356012372428,0.57983524,0.13320568,-0.80377066,-0.8140205,0.13598984,-0.56469226,0.03408441,0.98171425,0.18728386
1356012372467,0.59065557,0.09633577,-0.8011525,-0.8060998,0.11530121,-0.58043844,0.036456883,0.9886481,0.14575954
1356012372508,0.592328,0.06304145,-0.8032268,-0.8046875,0.09617674,-0.58585674,0.04031849,0.99336594,0.107696846
1356012372548,0.5838865,0.033919007,-0.8111264,-0.8104954,0.08173476,-0.58001435,0.046623766,0.9960768,0.075215
1356012372588,0.56460536,0.009233654,-0.8253094,-0.8234449,0.074398234,-0.56249756,0.056207687,0.9971859,0.04960902
1356012372628,0.533293,-0.01006189,-0.84587073,-0.84309006,0.0755526,-0.5324386,0.06926507,0.997091,0.031808615
1356012372667,0.48867393,-0.022386402,-0.87217927,-0.8683144,0.08493303,-0.48868853,0.08501682,0.9961352,0.022066116
1356012372708,0.4301058,-0.027417868,-0.9023621,-0.8969631,0.100290716,-0.43057972,0.10230413,0.9945803,0.018542826
1356012372748,0.3567146,-0.028638184,-0.93377435,-0.9266265,0.116280735,-0.35755026,0.118819565,0.99280345,0.01494211
1356012372788,0.2712438,-0.032690942,-0.9619554,-0.95358986,0.12662768,-0.2731883,0.13074103,0.9914115,0.003173232
1356012372828,0.17815876,-0.044875145,-0.982978,-0.9749296,0.12728757,-0.18251097,0.13331106,0.9908502,-0.021072716
1356012372867,0.08381745,-0.065374196,-0.99433434,-0.98869675,0.119026035,-0.09116781,0.124311686,0.9907366,-0.05465877
1356012372908,-0.0036934018,-0.09090021,-0.9958532,-0.9944135,0.105388165,-0.0059316456,0.10549036,0.9902679,-0.09078163
1356012372948,-0.07748324,-0.11554718,-0.99027526,-0.9935597,0.091316044,0.067085296,0.0826765,0.9890957,-0.121878505
1356012373033,-0.13120696,-0.13515198,-0.9820992,-0.989481,0.07873848,0.12135753,0.0609273,0.9876913,-0.14406133
1356012373034,-0.16088599,-0.14770469,-0.9758581,-0.9860431,0.06696409,0.15242958,0.04283288,0.9867619,-0.15641677
1356012373055,-0.16396242,-0.15537092,-0.9741541,-0.9860461,0.054643095,0.15724882,0.028798848,0.98634374,-0.1621623
1356012373085,-0.1526573,-0.156553,-0.9758007,-0.98811185,0.042347223,0.14778927,0.018185616,0.98676133,-0.16115648
1356012373128,-0.12865609,-0.143478,-0.9812552,-0.9916222,0.03011781,0.12561154,0.011530787,0.9891951,-0.14615083
1356012373167,-0.07739985,-0.113669336,-0.99049914,-0.9969594,0.01780355,0.07586154,0.009011269,0.9933591,-0.11470175
1356012373208,-0.011010349,-0.061499238,-0.99804634,-0.99987495,0.012003958,0.010290891,0.011347592,0.99803495,-0.061623693
1356012373248,0.06292772,0.012002498,-0.9979459,-0.9978583,0.0186553,-0.06269786,0.017864436,0.99975395,0.013150692
1356012373288,0.13580099,0.096631885,-0.98601234,-0.99039805,0.039237946,-0.1325596,0.025879592,0.9945465,0.101032585
1356012373328,0.20397216,0.17356879,-0.96346724,-0.9784667,0.06790775,-0.19491401,0.031595856,0.98247766,0.18368259
1356012373379,0.26859224,0.22507665,-0.9365889,-0.96271276,0.09531391,-0.2531786,0.032285362,0.9696679,0.24228474
1356012373421,0.34129402,0.23986807,-0.90883535,-0.9394305,0.119393796,-0.3212718,0.031446457,0.96343577,0.26608774
1356012373455,0.40897593,0.22811517,-0.88357353,-0.9120021,0.13557217,-0.38713342,0.031476945,0.9641492,0.26348734
1356012373496,0.47013283,0.19468579,-0.86085576,-0.88196325,0.14054662,-0.449875,0.03340614,0.97074413,0.23778123
1356012373537,0.52199185,0.15141904,-0.8394027,-0.8521576,0.13500348,-0.50557053,0.03676927,0.97920704,0.19950362
1356012373578,0.5618727,0.10609251,-0.82039225,-0.8261998,0.12129851,-0.5501641,0.041144103,0.98693013,0.15580794
1356012373617,0.58841056,0.06356314,-0.80605996,-0.8072189,0.103622034,-0.58108526,0.04658994,0.9925836,0.112281695
1356012373658,0.60167205,0.025297642,-0.79834247,-0.7969253,0.08640808,-0.5978658,0.053858608,0.99593854,0.07214968
1356012373698,0.6010846,-0.0075086653,-0.7991501,-0.79664874,0.073979184,-0.5998982,0.06362492,0.9972315,0.03848596
