1356012408155,0.13048053,0.08696982,-0.98762906,-0.96731305,-0.20730263,-0.14605144,-0.21744016,0.9744034,0.057078063
1356012408198,0.95708835,0.2243115,-0.18348365,-0.19158658,0.014715198,-0.98136544,-0.21743153,0.9744065,0.05705881
1356012408238,0.9571122,0.22421533,-0.18347678,-0.19155753,0.014642417,-0.9813721,-0.21735215,0.9744296,0.056964576
1356012408298,0.9571729,0.22391957,-0.18352114,-0.19155395,0.01450178,-0.9813749,-0.21708767,0.97449976,0.056773394
1356012408318,0.9572234,0.22349647,-0.18377368,-0.19174787,0.01432291,-0.9813397,-0.21669377,0.9745995,0.056565195
1356012408358,0.95711577,0.22333561,-0.18452805,-0.19248118,0.014185756,-0.9811981,-0.21651882,0.97463834,0.056565315
1356012408395,0.9566983,0.22378567,-0.18614066,-0.19416532,0.014203757,-0.98086596,-0.21685985,0.97453487,0.057040125
1356012408437,0.95589554,0.22488795,-0.18891563,-0.19712327,0.01440898,-0.98027277,-0.21772946,0.9742781,0.058104128
1356012408477,0.95468795,0.2263457,-0.19323209,-0.2016627,0.01450691,-0.9793476,-0.21886793,0.97393894,0.05949506
1356012408517,0.9531226,0.22774656,-0.19922043,-0.20781709,0.0141586065,-0.9780652,-0.2199303,0.9736175,0.060824513
1356012408558,0.95126975,0.22865632,-0.20688683,-0.21551561,0.0131495595,-0.9764119,-0.22054225,0.9734184,0.061787784
1356012408597,0.94919574,0.2288196,-0.2160302,-0.22453795,0.011498924,-0.9743975,-0.22047712,0.9734009,0.06229341
1356012408637,0.94704264,0.22823423,-0.22587442,-0.23414889,0.009482112,-0.9721545,-0.21973717,0.9735601,0.062420756
1356012408678,0.94490224,0.2270813,-0.23578341,-0.24378023,0.0074213482,-0.969802,-0.2184741,0.9738474,0.06237039
1356012408717,0.94294596,0.2256077,-0.24485523,-0.25260308,0.005676117,-0.9675533,-0.21689767,0.9742016,0.06234148
1356012408757,0.9413701,0.22402039,-0.25226402,-0.259827,0.004445467,-0.96564496,-0.21520273,0.9745743,0.06239137
1356012408798,0.94032747,0.22249283,-0.25745136,-0.2648742,0.0036599077,-0.96427596,-0.21360224,0.9749274,0.062374115
1356012408837,0.939865,0.22117677,-0.260259,-0.2675403,0.003080517,-0.96354175,-0.21231133,0.9752289,0.06206897
1356012408877,0.9398816,0.22025572,-0.26097882,-0.26809755,0.002524376,-0.9633884,-0.21153304,0.9754388,0.061422646
1356012408918,0.9401538,0.21988806,-0.26030773,-0.26727918,0.0020309687,-0.96361697,-0.2113592,0.975523,0.060680926
1356012408957,0.940433,0.21997249,-0.25922567,-0.26614693,0.0018992722,-0.9639306,-0.21154585,0.9755043,0.060331136
1356012408997,0.940509,0.22014686,-0.25880137,-0.2658626,0.0025425516,-0.9640075,-0.21156524,0.9754634,0.06092012
1356012409037,0.94020665,0.22011216,-0.2599271,-0.267372,0.0041948,-0.9635842,-0.2110063,0.97546554,0.06279582
1356012409101,0.9394059,0.21987388,-0.26300547,-0.27105963,0.006740421,-0.9625389,-0.20986441,0.97550493,0.06593093
1356012409119,0.93806976,0.21964034,-0.26792377,-0.2767392,0.009807374,-0.960895,-0.20842367,0.97553164,0.069983095
1356012409159,0.9362444,0.2196491,-0.27422735,-0.28391626,0.013190329,-0.95875835,-0.20697327,0.97548974,0.07471132
1356012409199,0.9339887,0.22012597,-0.28144196,-0.29222482,0.017363511,-0.95619196,-0.2055959,0.9753168,0.08054361
1356012409239,0.931232,0.2213273,-0.28951898,-0.30181652,0.02315598,-0.95308477,-0.20423958,0.9749246,0.08836383
1356012409279,0.9278242,0.22367005,-0.29851964,-0.31303018,0.03164213,-0.9492159,-0.20286539,0.97415113,0.09937382
1356012409319,0.92351115,0.22782522,-0.30858183,-0.32627076,0.04358521,-0.9442711,-0.20167911,0.9727261,0.11458412
1356012409360,0.9180313,0.23464414,-0.31962588,-0.3416218,0.058867507,-0.9379921,-0.20127878,0.9702972,0.13420177
1356012409399,0.9112413,0.24486041,-0.33118376,-0.35867286,0.076489545,-0.9303242,-0.20246747,0.9665364,0.15752521
1356012409439,0.9034208,0.25831887,-0.342202,-0.37621918,0.094795175,-0.92166865,-0.20564526,0.96139765,0.18282443
1356012409469,0.89601254,0.27235472,-0.35069132,-0.39140123,0.11148846,-0.9134414,-0.20968209,0.955716,0.20649505
1356012409509,0.88824075,0.28902173,-0.35706416,-0.40562785,0.12861282,-0.90494466,-0.21562561,0.9486439,0.2314744
1356012409549,0.8819524,0.30632138,-0.35822782,-0.41560328,0.14688677,-0.8976069,-0.22233728,0.94052726,0.2568553
1356012409589,0.8779092,0.3227318,-0.3537226,-0.42060572,0.16672146,-0.891793,-0.2288368,0.93169105,0.28210914
1356012409629,0.8764689,0.33706447,-0.3437875,-0.42045936,0.18799493,-0.88762134,-0.23455538,0.9225212,0.30649364
1356012409669,0.87709415,0.34908608,-0.32991636,-0.4163628,0.21012068,-0.88458544,-0.23947419,0.91322964,0.32964206
1356012409709,0.8792094,0.35875338,-0.31350714,-0.40936434,0.23219314,-0.8823305,-0.24374484,0.904092,0.35100725
1356012409749,0.88204646,0.36643645,-0.29617286,-0.40086797,0.2533303,-0.8804139,-0.24758619,0.89529216,0.37034172
1356012409789,0.885099,0.37255847,-0.27892637,-0.39170474,0.27267957,-0.8787565,-0.25133073,0.88704336,0.38728136
1356012409829,0.8878562,0.37779948,-0.26263842,-0.382623,0.28918564,-0.87748015,-0.25556025,0.8795676,0.40131003
1356012409869,0.8904586,0.38199893,-0.24730612,-0.3730285,0.30146945,-0.87747693,-0.26064005,0.87360907,0.41094255
1356012409909,0.8935667,0.38398668,-0.2325785,-0.36129925,0.30760914,-0.8802497,-0.26646084,0.8705923,0.41360337
1356012409949,0.89814323,0.3819681,-0.2178052,-0.3451678,0.3056053,-0.88739204,-0.27239302,0.8721845,0.4063204
1356012409989,0.90480566,0.37462306,-0.20244561,-0.32306695,0.29420593,-0.8994835,-0.27740657,0.8792613,0.38722754
1356012410029,0.91331935,0.362059,-0.1864432,-0.29524344,0.27334005,-0.9154871,-0.28049794,0.8911782,0.3565423
1356012410099,0.922666,0.3458356,-0.17054386,-0.26396653,0.24408138,-0.9331377,-0.28108567,0.9059923,0.3164946
1356012410108,0.9319234,0.32734582,-0.15608819,-0.23201242,0.20736122,-0.95035344,-0.27872753,0.921871,0.26919305
1356012410146,0.93963873,0.30934206,-0.14624119,-0.20535502,0.16796511,-0.9641665,-0.27369383,0.93599963,0.22135147
1356012410188,0.9462959,0.29079103,-0.14129613,-0.18481345,0.12795478,-0.97440827,-0.2652697,0.948192,0.17482519
1356012410227,0.95163244,0.271336,-0.1441266,-0.17402752,0.08944464,-0.98067033,-0.25319976,0.95831966,0.13233835
1356012410268,0.95534956,0.25057715,-0.15658301,-0.17535172,0.054273695,-0.9830087,-0.23782119,0.966574,0.09578949
1356012410308,0.956366,0.22867998,-0.18185031,-0.19216669,0.02349037,-0.9810811,-0.22008187,0.9732182,0.066410065
1356012410347,0.9513847,0.20612831,-0.22886291,-0.23323528,-0.0031693615,-0.97241515,-0.20116764,0.97851986,0.04506111
1356012410388,0.9268858,0.18214002,-0.32818878,-0.3282899,-0.030476473,-0.94408536,-0.18195772,0.98280025,0.031546503
1356012410427,0.7506454,0.13979194,-0.64574736,-0.64009726,-0.08833063,-0.76319927,-0.16372842,0.9862332,0.023175478
1356012410468,-0.6990413,-0.09428552,-0.70883805,-0.6994592,-0.1159122,0.70521003,-0.1486541,0.98877424,0.015078604
1356012410508,-0.95528835,-0.1345048,-0.26331067,-0.26040486,-0.039078474,0.96470827,-0.14004767,0.99014205,0.0023055673
1356012410547,-0.9767335,-0.14119479,-0.1614174,-0.16213837,-0.0064599514,0.98674685,-0.14036629,0.98996073,-0.016583383
1356012410588,-0.97833556,-0.15429862,-0.13802706,-0.14247109,0.018070519,0.989634,-0.15020494,0.98785895,-0.039662123
1356012410628,-0.9737568,-0.17514426,-0.1453344,-0.15396187,0.036648095,0.9873969,-0.16761068,0.98386043,-0.06265181
1356012410668,-0.9652387,-0.19978425,-0.16852435,-0.18118215,0.046730578,0.98233867,-0.18838057,0.97872496,-0.08130342
1356012410708,-0.9531484,-0.22455406,-0.20269065,-0.21826482,0.04658377,0.9747771,-0.20944805,0.97334754,-0.09341341
1356012410747,-0.936981,-0.2461964,-0.24789883,-0.2642795,0.035339296,0.9637984,-0.22852315,0.9685755,-0.098176956
1356012410788,-0.91574025,-0.26225358,-0.3043727,-0.3185997,0.012460768,0.9478075,-0.24477318,0.96491855,-0.09496468
1356012410828,-0.88799167,-0.26937816,-0.37270126,-0.38098314,-0.022930682,0.92429763,-0.25753185,0.96276146,-0.08226627
1356012410868,-0.8526864,-0.26299098,-0.45139962,-0.44952038,-0.07091242,0.89045095,-0.2661904,0.9621887,-0.05775374
1356012410907,-0.8126286,-0.23750685,-0.53218913,-0.51644033,-0.12966675,0.846449,-0.27004465,0.9626926,-0.017287195
1356012410947,-0.773139,-0.189858,-0.60515296,-0.57445407,-0.1947735,0.7950257,-0.26880974,0.9622979,0.041522205
1356012410988,-0.73986316,-0.124237984,-0.66118646,-0.6190202,-0.2591747,0.7413787,-0.2634702,0.9578065,0.11484802
1356012411028,-0.71161544,-0.051757127,-0.70066017,-0.6540688,-0.31530643,0.6875869,-0.2565102,0.9475775,0.19052422
1356012411099,-0.67647475,0.016971529,-0.7362701,-0.6924762,-0.35499853,0.6280546,-0.2507158,0.93471277,0.25190008
1356012411107,-0.61705977,0.07908529,-0.78293216,-0.74711037,-0.3713112,0.5513204,-0.2471101,0.92513436,0.28820652
1356012411148,-0.5207454,0.13315946,-0.84326315,-0.817579,-0.36211395,0.44770318,-0.24574146,0.9225736,0.29743755
1356012411188,-0.373065,0.18147403,-0.90988445,-0.894564,-0.3305087,0.30086434,-0.24612567,0.9261918,0.2856414
1356012411227,-0.17855126,0.21904257,-0.9592392,-0.9521991,-0.2840572,0.11237627,-0.24786359,0.9334516,0.2592909
1356012411287,0.0300982,0.23935041,-0.97046673,-0.9677676,-0.23589748,-0.08819494,-0.25004008,0.94184065,0.2245354
1356012411309,0.21159208,0.24105087,-0.94716597,-0.9445654,-0.1984939,-0.26152718,-0.251048,0.9499972,0.18568854
1356012411348,0.34420133,0.22928998,-0.91046774,-0.90526485,-0.17616898,-0.38660032,-0.2490398,0.95728284,0.14693063
1356012411385,0.42887014,0.20999011,-0.87862086,-0.8701389,-0.16533375,-0.46424466,-0.24275243,0.96362287,0.11181383
1356012411429,0.4752448,0.18686005,-0.8597824,-0.8489336,-0.15939453,-0.50389004,-0.23120147,0.9693693,0.08288033
1356012411468,0.48687392,0.16199735,-0.85831845,-0.84667826,-0.15399206,-0.5093353,-0.2146852,0.97470164,0.0621849
1356012411508,0.46433967,0.1370995,-0.8749814,-0.86411655,-0.14643335,-0.48151824,-0.19414237,0.97967386,0.05047515
1356012411548,0.40370795,0.11226654,-0.90797365,-0.8986703,-0.13737467,-0.41655716,-0.17149803,0.98413634,0.04543136
1356012411588,0.3036312,0.08550909,-0.9489449,-0.94087195,-0.13012588,-0.31277376,-0.15022722,0.9878034,0.040942788
1356012411628,0.17442602,0.053679764,-0.98320603,-0.97530884,-0.12794125,-0.1800102,-0.13545552,0.99032795,0.030038089
1356012411668,0.04202217,0.0153494775,-0.99899876,-0.9903945,-0.13119107,-0.04367599,-0.13173011,0.99123824,0.009689093
1356012411708,-0.06613594,-0.027111977,-0.9974422,-0.9879427,-0.13845903,0.0692696,-0.13998288,0.98999697,-0.017627984
1356012411748,-0.13897038,-0.06851512,-0.9879236,-0.9777859,-0.14857858,0.14784867,-0.15691414,0.9865243,-0.046345055
1356012411788,-0.17687654,-0.103479296,-0.97877824,-0.9680352,-0.16138494,0.19199717,-0.17782775,0.9814515,-0.071626425
1356012411828,-0.1826762,-0.12780571,-0.97483087,-0.9628428,-0.17733711,0.20367956,-0.19890502,0.97581625,-0.090661585
1356012411868,-0.15832877,-0.1385597,-0.9776161,-0.9629898,-0.19706589,0.18389055,-0.21813452,0.97054946,-0.10223037
1356012411908,-0.107379735,-0.13334832,-0.985235,-0.9661211,-0.21992737,0.13506296,-0.23469058,0.96635926,-0.105214834
1356012411948,-0.03801459,-0.110109955,-0.9931922,-0.96798515,-0.24272221,0.06395906,-0.24811232,0.9638266,-0.09735787
1356012411988,0.03587067,-0.06788349,-0.99704814,-0.9655224,-0.25976086,-0.017050743,-0.25783667,0.963284,-0.07486081
1356012412028,0.098626316,-0.007573515,-0.99509573,-0.9597267,-0.2650593,-0.09310344,-0.26305425,0.9642024,-0.03341034
1356012412097,0.114376724,0.07248226,-0.99078965,-0.95845234,-0.25429177,-0.12924665,-0.26131782,0.9644075,0.040385783
1356012412111,0.15202487,0.16228437,-0.9749627,-0.9546629,-0.23132926,-0.18736476,-0.25594378,0.9592448,0.11975904
1356012412149,0.14906669,0.24675864,-0.9575434,-0.9574149,-0.2061221,-0.20216429,-0.24725664,0.9469023,0.2055244
1356012412189,0.15288377,0.32086778,-0.93470335,-0.9588636,-0.18074948,-0.21888372,-0.23917997,0.9297168,0.28003484
1356012412229,0.19436854,0.37646276,-0.90581274,-0.9524215,-0.14857411,-0.2661184,-0.23476401,0.9144405,0.3296731
1356012412269,0.29000258,0.40864372,-0.8653952,-0.92794704,-0.10114491,-0.35872543,-0.23412123,0.9070722,0.34986746
1356012412309,0.42569178,0.41428745,-0.80445784,-0.8736087,-0.043491483,-0.48468173,-0.23578459,0.9091064,0.34341115
1356012412349,0.565386,0.39644438,-0.7233053,-0.78962094,0.006685555,-0.61355853,-0.23840617,0.91803443,0.3168207
1356012412389,0.677872,0.36636814,-0.63738835,-0.6945112,0.03476262,-0.71864164,-0.24113008,0.9298204,0.27801138
1356012412429,0.7567342,0.33429912,-0.56178063,-0.6068288,0.03960915,-0.7938451,-0.24313003,0.94163436,0.23283589
1356012412469,0.8082185,0.3052675,-0.50358176,-0.536327,0.028442755,-0.84353083,-0.24317937,0.9518418,0.18671119
1356012412509,0.84144,0.2793846,-0.46251804,-0.48417234,0.009795427,-0.87491786,-0.23990798,0.9601294,0.14351255
1356012412549,0.8628989,0.25510883,-0.4362625,-0.44891506,-0.009573698,-0.8935231,-0.23212229,0.96686494,0.106261075
1356012412589,0.8762181,0.2311292,-0.42287254,-0.4291018,-0.025209703,-0.90290433,-0.21934801,0.97259647,0.07708874
1356012412629,0.8831438,0.20683114,-0.42104384,-0.42351472,-0.034420483,-0.905235,-0.20172337,0.977771,0.05719781
1356012412669,0.88280225,0.18244681,-0.43286657,-0.43379578,-0.0369114,-0.9002549,-0.18022633,0.98252267,0.046559185
1356012412708,0.87082607,0.1584082,-0.46536952,-0.4658952,-0.03611386,-0.88410264,-0.15685539,0.9867131,0.042352736
1356012412748,0.83133376,0.1342378,-0.53931856,-0.53916085,-0.040692717,-0.8412192,-0.1348697,0.9901134,0.038546532
1356012412787,0.6712277,0.10172558,-0.7342379,-0.7315996,-0.06840892,-0.6782936,-0.119228184,0.9924576,0.028504424
1356012412827,-0.17179775,-0.01079917,-0.98507303,-0.97844553,-0.11443776,0.17189646,-0.11458582,0.9933717,0.009093702
1356012412868,-0.8327524,-0.11209954,-0.5421781,-0.53995657,-0.05197543,0.8400866,-0.122353256,0.99233675,-0.017246246
1356012412908,-0.9187473,-0.14592806,-0.36689016,-0.36945888,-0.010088265,0.9291923,-0.1392965,0.98924375,-0.044645846
1356012412947,-0.9275791,-0.17389348,-0.33069313,-0.3374968,0.0102546215,0.9412708,-0.16028973,0.98471105,-0.06820041
1356012412987,-0.9167098,-0.2000565,-0.34586224,-0.35594308,0.015650094,0.93437654,-0.1815153,0.9796594,-0.085555375
1356012413028,-0.8919797,-0.22279924,-0.39336088,-0.40483087,0.0063904524,0.9143692,-0.20120701,0.9748434,-0.095896244
1356012413100,-0.84914196,-0.2390725,-0.47095883,-0.48016524,-0.021987021,0.87690246,-0.21999824,0.9707527,-0.09612423
1356012413109,-0.75968516,-0.24116272,-0.60391974,-0.6060137,-0.07427418,0.791979,-0.23585144,0.9676383,-0.08972299
1356012413146,-0.6617574,-0.22066581,-0.71650803,-0.70743406,-0.13263035,0.69422346,-0.24822211,0.9662897,-0.06833738
1356012413188,-0.55675906,-0.17032221,-0.813025,-0.79016435,-0.19332838,0.5816049,-0.25624108,0.96623725,-0.026945174
1356012413228,-0.4801998,-0.09526089,-0.871971,-0.8381221,-0.243429,0.4881532,-0.25876498,0.9652293,0.03705436
1356012413268,-0.45626825,-0.011051118,-0.8897737,-0.8523952,-0.28159487,0.44059828,-0.25542477,0.9594698,0.11906284
1356012413308,-0.45660752,0.070938826,-0.8868356,-0.8542874,-0.3132767,0.41479,-0.24840024,0.9470086,0.20364669
1356012413348,-0.41232312,0.15408486,-0.89791286,-0.8783663,-0.32881272,0.34692198,-0.24178973,0.93174034,0.27092004
1356012413387,-0.24720019,0.25018108,-0.93610966,-0.9392327,-0.29934996,0.1680218,-0.2381886,0.9207599,0.30897772
1356012413428,0.08514005,0.34430012,-0.93499124,-0.9676335,-0.19516987,-0.15998158,-0.23756376,0.9183496,0.31653956
1356012413468,0.45407408,0.3796572,-0.80602556,-0.858421,-0.055847406,-0.5098965,-0.23860031,0.9234401,0.30054682
1356012413508,0.68423843,0.35962427,-0.6344195,-0.68852115,0.031883925,-0.724515,-0.2403254,0.9325523,0.26942512
1356012413548,0.79581714,0.32898176,-0.50837594,-0.5550622,0.06075026,-0.82958746,-0.24203517,0.9423802,0.23095143
1356012413587,0.85050416,0.30323905,-0.42975426,-0.46657646,0.057803825,-0.88259006,-0.24279433,0.9511597,0.19064659
1356012413628,0.8804288,0.28191423,-0.38127354,-0.40822732,0.041569598,-0.9119333,-0.24123761,0.95853865,0.15168417
1356012413667,0.89848244,0.26267248,-0.35175627,-0.3701294,0.022365779,-0.92871094,-0.2360795,0.96462584,0.117318064
1356012413708,0.9108174,0.24307981,-0.33365238,-0.3454961,0.0065217316,-0.93839747,-0.22592951,0.96998435,0.08992323
1356012413748,0.9195057,0.22216454,-0.32427192,-0.33198455,-0.0027807057,-0.94328076,-0.21046521,0.9750052,0.071198314
1356012413787,0.9254184,0.19993699,-0.32190996,-0.32773,-0.0042061135,-0.9447621,-0.19024688,0.97979975,0.06163293
1356012413827,0.9287001,0.17699689,-0.3258654,-0.3313735,0.0016566217,-0.9434982,-0.16645642,0.98420995,0.06019059
1356012413868,0.9288576,0.15444249,-0.33670613,-0.34235415,0.010745883,-0.9395096,-0.141482,0.98794335,0.06285542
1356012413908,0.92453814,0.13417701,-0.35668704,-0.36182094,0.015210655,-0.9321234,-0.11964413,0.99084055,0.062610894
1356012413948,0.91324973,0.11853993,-0.3897733,-0.39329016,0.006909758,-0.9193885,-0.10629101,0.9929252,0.05293092
1356012413987,0.8915053,0.108651936,-0.43978763,-0.4406119,-0.017602824,-0.897525,-0.105259374,0.99392396,0.03218034
1356012414028,0.8572741,0.1027419,-0.5045049,-0.50139993,-0.055996664,-0.8634017,-0.11695814,0.9931306,0.0035102963
1356012414100,0.81047326,0.09854706,-0.5774267,-0.5682255,-0.10722099,-0.8158576,-0.1423126,0.9893393,-0.030902807
1356012414115,0.7604946,0.09074348,-0.64297247,-0.6276709,-0.15096116,-0.76370156,-0.1663648,0.98436594,-0.057848096
1356012414148,0.71953964,0.082384646,-0.6895473,-0.6691042,-0.18357113,-0.72013974,-0.18590942,0.9795481,-0.07696281
1356012414187,0.6872672,0.077511996,-0.7222574,-0.6976267,-0.20666249,-0.6860086,-0.20243737,0.97533715,-0.087957926
1356012414228,0.670918,0.080513865,-0.73714757,-0.7092838,-0.22028959,-0.6696185,-0.2162995,0.972106,-0.09068907
1356012414286,0.66986173,0.09383318,-0.7365328,-0.7067472,-0.22347619,-0.6712428,-0.22758237,0.97018236,-0.083381824
1356012414309,0.67902434,0.11899072,-0.72440815,-0.69518334,-0.21285786,-0.68659425,-0.2358943,0.9698107,-0.06181529
1356012414348,0.69295144,0.15659809,-0.7037721,-0.6797299,-0.18355694,-0.7101226,-0.24038617,0.9704554,-0.020751633
1356012414385,0.7078084,0.20446308,-0.67616725,-0.66430855,-0.13283141,-0.735561,-0.24021131,0.9698199,0.04180738
1356012414428,0.72072774,0.25778565,-0.6435045,-0.6520225,-0.06314917,-0.75556517,-0.2354107,0.9641361,0.12256873
1356012414468,0.73436916,0.30784464,-0.60492444,-0.6390633,0.013311714,-0.76903886,-0.22869194,0.9513435,0.20650795
1356012414508,0.7523568,0.34485316,-0.56128025,-0.61954236,0.08083062,-0.7807903,-0.2238894,0.9351698,0.2744646
1356012414548,0.77690655,0.36277366,-0.5145985,-0.58891624,0.12961452,-0.79773295,-0.22269703,0.92281926,0.31434163
1356012414587,0.8061059,0.36213744,-0.46802753,-0.547742,0.1572374,-0.8217391,-0.22399104,0.9187671,0.32510787
1356012414628,0.8355788,0.34816816,-0.42495528,-0.50071603,0.16439185,-0.84985805,-0.22603437,0.9229053,0.31169572
1356012414667,0.86087406,0.3285414,-0.3885311,-0.45498115,0.15519893,-0.8768725,-0.22778934,0.93165106,0.2830869
1356012414708,0.88042295,0.30807492,-0.36047918,-0.41527894,0.13396245,-0.8997763,-0.22890787,0.94188315,0.24588066
1356012414748,0.89442044,0.28898877,-0.3413174,-0.38422555,0.10597032,-0.91713744,-0.22887293,0.95144933,0.20581889
1356012414788,0.90406847,0.2709483,-0.33052567,-0.36225015,0.07540983,-0.9290254,-0.22679295,0.9596355,0.1663267
1356012414828,0.9104854,0.25273034,-0.32732832,-0.349139,0.045578696,-0.93596184,-0.22162676,0.9664626,0.12973675
1356012414868,0.91432357,0.23327091,-0.33105436,-0.34472886,0.019281477,-0.9385042,-0.21254256,0.97222054,0.09804472
1356012414908,0.9158275,0.21205449,-0.34101754,-0.34874713,-0.001014024,-0.9372164,-0.19908673,0.9772574,0.07302472
1356012414948,0.91481364,0.18933716,-0.35674563,-0.36088416,-0.013356686,-0.93251497,-0.18132469,0.98182124,0.056109905
1356012414988,0.91086495,0.16573521,-0.37796414,-0.3804634,-0.017650299,-0.9246276,-0.1599145,0.9860124,0.04697913
1356012415028,0.9033613,0.14192635,-0.40471613,-0.40643704,-0.017963678,-0.91350216,-0.13692023,0.9897142,0.04145643
1356012415099,0.8917926,0.11721228,-0.436998,-0.43723243,-0.025082469,-0.89899874,-0.11633468,0.9927901,0.028880656
1356012415115,0.86996454,0.09698917,-0.48348194,-0.4813931,-0.045458674,-0.8753252,-0.106875524,0.9942467,0.007142488
1356012415148,0.8399768,0.08052337,-0.53661436,-0.53189737,-0.07346024,-0.8436165,-0.10735065,0.99404204,-0.018874735
1356012415188,0.8028863,0.067756444,-0.59226906,-0.5832522,-0.11612463,-0.8039477,-0.12324971,0.9909208,-0.053715765
1356012415228,0.75675285,0.0547508,-0.65140426,-0.63693494,-0.16248268,-0.75360024,-0.14710209,0.9851912,-0.08808655
1356012415268,0.7048338,0.040221155,-0.70823133,-0.68811494,-0.20381512,-0.69638884,-0.1723578,0.9781829,-0.11597902
1356012415308,0.6526261,0.025943398,-0.7572359,-0.7320724,-0.23604234,-0.63902587,-0.19531819,0.9713964,-0.13505495
1356012415348,0.60722566,0.016064316,-0.794367,-0.7649009,-0.2586628,-0.58993226,-0.21495003,0.9658341,-0.1447791
1356012415388,0.5754133,0.015909225,-0.8177081,-0.78448606,-0.27197188,-0.5573267,-0.23126024,0.9621737,-0.14401568
1356012415428,0.5617603,0.031230778,-0.82671034,-0.79051244,-0.2744107,-0.5475297,-0.24395797,0.9611052,-0.1294647
1356012415467,0.5673892,0.06655255,-0.82075596,-0.7839117,-0.26148802,-0.56312203,-0.252095,0.9629096,-0.09619415
1356012415508,0.58867544,0.12331194,-0.7989089,-0.7674036,-0.22537619,-0.6002476,-0.25407273,0.9664366,-0.038043402
1356012415548,0.6186348,0.19429693,-0.76127505,-0.745193,-0.16191989,-0.6468922,-0.24895465,0.96748686,0.04461938
1356012415589,0.6481689,0.265328,-0.7137773,-0.7232583,-0.07879338,-0.6860679,-0.2382739,0.96093327,0.14082924
1356012415627,0.67216647,0.32225013,-0.66659373,-0.70469654,0.002239138,-0.7095053,-0.2271456,0.94665194,0.22859362
1356012415668,0.69024,0.35799626,-0.6288142,-0.6891291,0.06028235,-0.7221267,-0.22061232,0.931775,0.28831494
1356012415708,0.70419496,0.3721935,-0.60463333,-0.6752523,0.08790672,-0.7323297,-0.21941698,0.923983,0.31322795
1356012415748,0.71522,0.3685022,-0.5938573,-0.66295105,0.088707924,-0.74338865,-0.22126053,0.92538476,0.30774462
1356012415788,0.72331554,0.35234272,-0.59385955,-0.6532626,0.07049513,-0.75384235,-0.22374669,0.93321216,0.28116256
1356012415828,0.72764975,0.3292094,-0.6017865,-0.64779747,0.041296437,-0.7606925,-0.22557542,0.94335353,0.24331033
1356012415868,0.7270751,0.30292892,-0.61611354,-0.6482616,0.0073853135,-0.76138186,-0.22609442,0.9529846,0.20174688
1356012415908,0.72009856,0.275037,-0.63703436,-0.656503,-0.027164891,-0.7538341,-0.22463721,0.9610498,0.1610012
1356012415948,0.70451033,0.24567212,-0.66581553,-0.674599,-0.05955337,-0.73577815,-0.22041176,0.96752185,0.1237742
1356012415988,0.67728245,0.21466307,-0.7037103,-0.70431316,-0.08731857,-0.7044987,-0.21267685,0.97277707,0.0920507
1356012416027,0.63432276,0.18238166,-0.75124663,-0.746456,-0.108282,-0.65656567,-0.201092,0.9772471,0.06745415
1356012416100,0.5704001,0.14953226,-0.8076409,-0.8008235,-0.11729488,-0.58730215,-0.1825527,0.981775,0.0528439
1356012416120,0.4576958,0.116319,-0.8814672,-0.8741845,-0.1220133,-0.47001532,-0.16222236,0.98568904,0.04583925
1356012416159,0.30240804,0.085290134,-0.949355,-0.9426423,-0.12091988,-0.31113318,-0.14133254,0.9889914,0.04383099
1356012416199,0.09304333,0.052024275,-0.99430203,-0.98803806,-0.11852211,-0.09865862,-0.12297937,0.9915877,0.04037422
1356012416239,-0.16134727,0.010165423,-0.9868454,-0.9805497,-0.11488521,0.1591345,-0.111756235,0.9933268,0.028504133
1356012416279,-0.4199928,-0.041477203,-0.90657914,-0.9006583,-0.10362619,0.42199087,-0.11144829,0.99375117,0.006165445
1356012416317,-0.62502265,-0.094831765,-0.774825,-0.77099794,-0.080264926,0.6317593,-0.12210211,0.99225223,-0.022947669
1356012416358,-0.7552589,-0.14177114,-0.63991004,-0.6401709,-0.04985851,0.7666129,-0.1405886,0.98864305,-0.0531016
1356012416397,-0.8263579,-0.17846286,-0.5341195,-0.5394699,-0.021252334,0.8417367,-0.16157,0.9837171,-0.0787133
1356012416438,-0.85946846,-0.20608751,-0.46780545,-0.47779828,-0.0014543533,0.87846833,-0.18172173,0.9785325,-0.097218275
1356012416478,-0.8684172,-0.22625062,-0.44120535,-0.4540864,0.005519092,0.89094055,-0.19914082,0.9740535,-0.10753012
1356012416518,-0.85902435,-0.23931375,-0.45255506,-0.46535215,-0.0034109354,0.8851191,-0.21336478,0.9709363,-0.108435094
1356012416558,-0.82885295,-0.24216022,-0.5043423,-0.5125729,-0.0325855,0.85802525,-0.22421381,0.96968895,-0.09711617
1356012416597,-0.765791,-0.22525196,-0.60235023,-0.60007656,-0.08650935,0.7952511,-0.23124078,0.97045237,-0.068920314
1356012416638,-0.6437196,-0.16825396,-0.7465358,-0.72878355,-0.16281158,0.6651067,-0.23345152,0.9722052,-0.01781571
1356012416677,-0.42165846,-0.047418028,-0.905514,-0.8770186,-0.23231816,0.420555,-0.23030928,0.97148323,0.056372464
1356012416718,-0.1123817,0.12392601,-0.98590696,-0.9683491,-0.23619658,0.08069107,-0.22286817,0.9637704,0.14654785
1356012416758,0.20346105,0.2773884,-0.9389671,-0.95516545,-0.15444613,-0.25259724,-0.21508738,0.9482627,0.23352802
1356012416797,0.4675326,0.36360958,-0.80573034,-0.8585082,-0.030442268,-0.5118954,-0.21065834,0.9310539,0.29792905
1356012416838,0.6675331,0.3825847,-0.63877106,-0.7142128,0.086501,-0.6945629,-0.21047482,0.91986215,0.33098918
1356012416878,0.8054544,0.3585588,-0.47188854,-0.5531531,0.16898651,-0.8157605,-0.21275532,0.9180845,0.33444887
1356012416918,0.8859419,0.32096386,-0.33479702,-0.41061395,0.20716572,-0.8879631,-0.21564561,0.9241561,0.31532905
1356012416958,0.92839706,0.2876527,-0.23523355,-0.30092332,0.21062165,-0.9300988,-0.21800014,0.93428826,0.28210193
1356012416998,0.9504924,0.26267573,-0.16602919,-0.22043186,0.19334465,-0.95604795,-0.21902972,0.94531447,0.24167472
1356012417038,0.9626384,0.24406892,-0.11729328,-0.16070518,0.16629392,-0.97289276,-0.2179477,0.95539355,0.19930404
1356012417099,0.9701073,0.22864078,-0.08133378,-0.11443408,0.13544548,-0.9841541,-0.21400148,0.9640424,0.15756094
1356012417119,0.97535586,0.21420841,-0.052873798,-0.07677241,0.104827106,-0.9915227,-0.2068499,0.97114676,0.11868903
1356012417159,0.9795886,0.19902392,-0.028207444,-0.044379458,0.07726902,-0.99602205,-0.19605264,0.9769437,0.08452442
1356012417199,0.983297,0.18195938,-0.004220642,-0.014578983,0.05562675,-0.9983452,-0.18142349,0.98173136,0.057350397
1356012417239,0.9864506,0.16257626,0.022004813,0.015419476,0.041657567,-0.999013,-0.16333245,0.9858163,0.03858629
1356012417298,0.98851234,0.14139788,0.05338592,0.049049586,0.033979833,-0.9982182,-0.14295998,0.9893695,0.026653975
1356012417318,0.9882756,0.121830195,0.09202588,0.08939722,0.026881218,-0.9956332,-0.12377196,0.99218684,0.01567477
1356012417358,0.984324,0.1104707,0.13748649,0.13676329,0.014133841,-0.9905029,-0.11136476,0.9937789,-0.0011960575
1356012417395,0.975796,0.113401815,0.18698189,0.18874757,-0.004942,-0.98201317,-0.11043802,0.9935369,-0.026226701
1356012417438,0.9626779,0.13183446,0.23637061,0.24169134,-0.02570197,-0.9700128,-0.12180595,0.99093854,-0.056605965
1356012417478,0.94543827,0.16049078,0.28352988,0.2934954,-0.04172671,-0.9550494,-0.14144585,0.9861549,-0.086553335
1356012417518,0.9258077,0.1924496,0.32533556,0.3403606,-0.05004227,-0.93896246,-0.16442242,0.98003006,-0.111831784
1356012417558,0.90688676,0.2224752,0.3578564,0.37746146,-0.051431477,-0.92459595,-0.18729459,0.97358084,-0.13061833
1356012417598,0.89220226,0.24780323,0.3775827,0.40064025,-0.04834217,-0.9149592,-0.20847669,0.96760345,-0.14241093
1356012417638,0.8838397,0.26682305,0.38423014,0.40894222,-0.04188463,-0.91159856,-0.22714217,0.96283495,-0.14613453
1356012417678,0.88167465,0.27779153,0.3814206,0.4047478,-0.02972889,-0.91394496,-0.24254698,0.96018124,-0.13864672
1356012417718,0.88434094,0.27843148,0.37472254,0.3918265,-0.0063101053,-0.9200174,-0.2537973,0.96043533,-0.114677124
1356012417758,0.8903701,0.266331,0.36920026,0.37372395,0.035463303,-0.9268617,-0.25994506,0.963229,-0.0679588
1356012417798,0.8986179,0.24057725,0.3668902,0.3531635,0.09951833,-0.93025357,-0.2603101,0.9655147,0.004465848
1356012417838,0.9075901,0.20457587,0.36664554,0.33323112,0.18025672,-0.9254537,-0.25541583,0.96211034,0.09542817
1356012417878,0.9154452,0.1665116,0.36637953,0.31713003,0.26201528,-0.91146946,-0.24776724,0.95059025,0.18705481
1356012417918,0.9208679,0.13601997,0.36537766,0.30664402,0.32607406,-0.89422876,-0.24077314,0.9355075,0.25856143
1356012417958,0.9235209,0.11781741,0.36500418,0.302338,0.36196432,-0.8818013,-0.23601002,0.92471665,0.29866096
1356012417998,0.9236597,0.110949576,0.366801,0.3042301,0.36971313,-0.87792724,-0.23301682,0.9224979,0.3077349
1356012418038,0.92175275,0.112169065,0.37120068,0.3115481,0.35574776,-0.8811249,-0.23088878,0.9278262,0.2929654
1356012418100,0.91831475,0.118090466,0.37782618,0.32298225,0.32831752,-0.8876316,-0.2288678,0.9371564,0.2633577
1356012418119,0.91381824,0.12566298,0.38619298,0.33731776,0.2947204,-0.8940674,-0.22617012,0.9472848,0.22693253
1356012418149,0.9086586,0.13207142,0.39610183,0.35314894,0.2630381,-0.89782894,-0.22276741,0.9557029,0.19237095
1356012418189,0.903185,0.13716379,0.40674675,0.37025425,0.23049325,-0.8998804,-0.2171834,0.96335816,0.15739256
1356012418229,0.89642036,0.13873424,0.42093158,0.39100057,0.19963968,-0.89847785,-0.20868428,0.9699983,0.1247159
1356012418269,0.88717026,0.13495235,0.44126725,0.4174356,0.1728431,-0.892117,-0.1966633,0.9756603,0.09700734
1356012418309,0.8728544,0.124358475,0.47186884,0.4532321,0.1517666,-0.87837785,-0.18084767,0.98056203,0.076106876
1356012418349,0.8476126,0.1056301,0.51999533,0.5055434,0.13691688,-0.8518683,-0.16117908,0.98493457,0.062651865
1356012418389,0.7959069,0.07934219,0.6001974,0.58920276,0.12640187,-0.7980367,-0.139184,0.9888009,0.05385551
1356012418429,0.6769151,0.049111187,0.7344209,0.7264007,0.11655092,-0.6773167,-0.11886126,0.99196976,0.043220684
1356012418469,0.38039446,0.017942905,0.92465025,0.9186829,0.107700646,-0.38002935,-0.106404245,0.9940214,0.024484903
1356012418509,-0.1860553,-0.016710877,0.9823971,0.9767638,0.1051051,0.18677634,-0.10637614,0.9943207,-0.0032327771
1356012418549,-0.6474919,-0.050209284,0.7604165,0.75269896,0.11388469,0.64844006,-0.11915749,0.9922244,-0.035946906
1356012418588,-0.83834517,-0.082274094,0.5388955,0.5268496,0.13163722,0.83970296,-0.14002448,0.98787785,-0.06701136
1356012418628,-0.9104089,-0.1143226,0.39760023,0.379997,0.1489206,0.9129211,-0.16357839,0.9822184,-0.09213638
1356012418668,-0.9406499,-0.14497103,0.30685702,0.2836781,0.16045225,0.94540036,-0.18629158,0.97633934,-0.10980433
1356012418707,-0.9542923,-0.17300476,0.24371216,0.2159086,0.16479468,0.96240646,-0.20666337,0.9710366,-0.11990905
1356012418748,-0.96032715,-0.19809355,0.19629271,0.1657343,0.16069084,0.9729906,-0.22428559,0.9669216,-0.121484935
1356012418788,-0.9627257,-0.21955116,0.1579767,0.12786014,0.14527738,0.9810944,-0.23835085,0.96472365,-0.11179048
1356012418828,-0.96358156,-0.23608172,0.125603,0.10101157,0.1135661,0.9883823,-0.24760322,0.96507424,-0.08558327
1356012418868,-0.9643137,-0.2459754,0.097955495,0.08560631,0.060432374,0.9944946,-0.25054088,0.96739036,-0.03721869
1356012418907,-0.96575296,-0.24829957,0.07528936,0.08158988,-0.015167177,0.99655056,-0.24630114,0.9685645,0.034906566
1356012418948,-0.9679421,-0.24440876,0.057899565,0.08635584,-0.107361555,0.99046254,-0.23586154,0.9637104,0.12502587
1356012418988,-0.9702551,-0.23811483,0.043662496,0.09257492,-0.19829565,0.9757606,-0.223685,0.9507787,0.21444082
1356012419028,-0.9722295,-0.23220408,0.029171646,0.09293643,-0.26867574,0.9587367,-0.21478488,0.9348232,0.28279477
1356012419100,-0.973747,-0.22734371,0.011476412,0.08190808,-0.30289346,0.9494981,-0.2123863,0.92551094,0.3135628
1356012419119,-0.97532845,-0.22049706,-0.010740519,0.059557185,-0.3096655,0.9489785,-0.21257293,0.9249261,0.31515783
1356012419159,-0.97648317,-0.21317387,-0.032209754,0.03251958,-0.29332817,0.9554585,-0.21312682,0.93194175,0.29336244
1356012419199,-0.9771669,-0.20591536,-0.05238062,0.0037613735,-0.26325417,0.9647192,-0.21243992,0.94249463,0.25801778
1356012419239,-0.9775446,-0.19918683,-0.068784624,-0.022532232,-0.22574234,0.97392654,-0.20952094,0.95360637,0.21618503
1356012419279,-0.9781683,-0.19333959,-0.07620199,-0.039808884,-0.18556595,0.9818252,-0.20396616,0.96342367,0.17381805
1356012419320,-0.97994417,-0.18836817,-0.06501561,-0.037839465,-0.14443147,0.98879105,-0.19564706,0.9714201,0.13440698
1356012419359,-0.98277605,-0.18332449,-0.023310475,-0.0044083,-0.102846384,0.9946875,-0.18474796,0.97765785,0.100266814
1356012419399,-0.98301536,-0.17566898,0.05311287,0.06497234,-0.062458813,0.99593043,-0.17163673,0.98246586,0.07281172
1356012419439,-0.9756256,-0.16344003,0.14643098,0.15300058,-0.028289676,0.98782104,-0.15730701,0.9861476,0.052606642
1356012419479,-0.9623382,-0.14762886,0.22827809,0.23145653,-0.0044881105,0.9728349,-0.14259396,0.9890327,0.038488746
1356012419517,-0.9489855,-0.13063191,0.28698725,0.28795397,0.011838913,0.957571,-0.12848693,0.9913602,0.026381075
1356012419558,-0.9387808,-0.11442036,0.32495916,0.32385916,0.028598964,0.94567287,-0.11749773,0.99302065,0.010207951
1356012419598,-0.93324345,-0.10220801,0.34439826,0.34075233,0.05176699,0.93872684,-0.11377387,0.9934152,-0.013483584
1356012419638,-0.93281406,-0.097831324,0.34682417,0.3398162,0.08149749,0.93695414,-0.11992876,0.9918605,-0.0427773
1356012419678,-0.93624127,-0.10318128,0.33586589,0.32448265,0.112749815,0.9391478,-0.13477129,0.9882515,-0.07208049
1356012419717,-0.9409766,-0.1164809,0.31779742,0.30131567,0.13942099,0.9432766,-0.15418133,0.98335856,-0.09609437
1356012419758,-0.9451002,-0.13447611,0.2978285,0.27621454,0.15826964,0.9479748,-0.17461716,0.97819567,-0.112436414
1356012419797,-0.94754493,-0.15366793,0.2802584,0.25424823,0.16898525,0.9522614,-0.19369157,0.97356564,-0.12105131
1356012419838,-0.9483266,-0.1725294,0.26628995,0.23719424,0.17195928,0.9561218,-0.21075016,0.9698782,-0.12215054
1356012419878,-0.9472632,-0.18980263,0.25820047,0.22803248,0.16686577,0.9592481,-0.22515263,0.96753854,-0.1147846
1356012419917,-0.9440388,-0.20482196,0.2585317,0.23045264,0.15116781,0.96126986,-0.23597087,0.96705544,-0.09550655
1356012419958,-0.93769735,-0.21791774,0.27062088,0.2494381,0.11999738,0.9609273,-0.2418769,0.96856207,-0.0581643
1356012419998,-0.9264166,-0.23129277,0.29707888,0.2885739,0.070589066,0.9548519,-0.24182084,0.9703199,0.001350224
1356012420047,-0.9130792,-0.2522956,0.3203645,0.33418483,-0.012758374,0.94242126,-0.23368141,0.9675662,0.0959627
1356012420102,-0.8908586,-0.2797777,0.35790426,0.3955583,-0.09030545,0.91399044,-0.22339351,0.9558082,0.1911177
1356012420129,-0.8664585,-0.3101687,0.39121002,0.4505407,-0.1481939,0.88037026,-0.21508835,0.9390602,0.26814735
1356012420169,-0.8302868,-0.33939385,0.44208115,0.51596475,-0.16817474,0.8399391,-0.21072328,0.9254886,0.31474847
1356012420209,-0.7552272,-0.36587036,0.54384816,0.6209901,-0.13385016,0.7723053,-0.20976946,0.9209903,0.3282891
1356012420249,-0.56354135,-0.37803286,0.73451495,0.7988607,-0.022991002,0.60107654,-0.21033946,0.92550665,0.31495202
1356012420308,-0.10226351,-0.30986884,0.9452638,0.9721806,0.17016864,0.16095877,-0.21073037,0.9354272,0.28384632
1356012420328,0.4374398,-0.13215381,0.88948405,0.87445873,0.2931621,-0.3864944,-0.20968631,0.9468851,0.24380383
1356012420368,0.6965841,-2.2917986E-5,0.7174752,0.687189,0.28749734,-0.66717064,-0.2062569,0.95778143,0.20028181
1356012420405,0.788804,0.06362975,0.61134243,0.5811302,0.24674332,-0.77550334,-0.20018974,0.9669897,0.15765494
1356012420448,0.81935143,0.09234126,0.5658059,0.54044807,0.20484167,-0.8160611,-0.19125675,0.97442955,0.11793165
1356012420488,0.81929225,0.10201083,0.5642287,0.5445133,0.169855,-0.8213736,-0.17962606,0.980175,0.08361463
1356012420528,0.7944882,0.09857462,0.59922576,0.5843036,0.14476767,-0.7985183,-0.16546215,0.9845432,0.05741869
1356012420568,0.7373601,0.083262235,0.67034876,0.658836,0.13041839,-0.7408954,-0.1491144,0.98795664,0.041309163
1356012420608,0.6325061,0.05733919,0.7724302,0.7633327,0.123002514,-0.63418734,-0.13137466,0.9907485,0.034030944
1356012420648,0.47255683,0.028169602,0.88084984,0.8738352,0.11483778,-0.47246614,-0.114463985,0.9929848,0.02965179
1356012420688,0.28377953,0.009998649,0.9588374,0.9533746,0.10414907,-0.2832488,-0.102694124,0.9945115,0.020022899
1356012420728,0.10989413,0.010702521,0.99388576,0.9888388,0.10003409,-0.11041328,-0.10060418,0.99492645,4.1005015E-4
1356012420768,-0.031811148,0.024275512,0.99919915,0.9934319,0.11070505,0.028937936,-0.109913975,0.99355686,-0.02763778
1356012420808,-0.15174046,0.038398296,0.98767424,0.98007977,0.13538322,0.14531031,-0.12813485,0.990049,-0.058176517
1356012420848,-0.26152438,0.043603033,0.96421146,0.95341384,0.1672892,0.25103068,-0.15035644,0.98494315,-0.0853219
1356012420887,-0.36143863,0.037118495,0.9316568,0.9163679,0.19861597,0.34759408,-0.1721397,0.97937423,-0.10580164
1356012420928,-0.4437375,0.021890998,0.8958894,0.8754565,0.22421741,0.42813826,-0.19150162,0.97429323,-0.118658304
1356012420968,-0.4957087,0.004288435,0.86847824,0.84326935,0.24160886,0.48012698,-0.20777303,0.9703642,-0.12338388
1356012421008,-0.5045312,-0.009874165,0.86333704,0.8346517,0.2502774,0.49063,-0.2209183,0.9681238,-0.11803132
1356012421048,-0.4208356,-0.008183956,0.90709996,0.87731683,0.25061053,0.4092792,-0.23067832,0.96805334,-0.098285854
1356012421099,0.9614281,0.24202463,0.1306907,0.14088908,-0.025244027,-0.9897034,-0.23623347,0.9699416,-0.058368947
1356012421130,0.42179364,0.10819718,-0.900213,-0.8753178,-0.21032834,-0.4354086,-0.23645031,0.9716251,0.0059917867
1356012421169,-0.013708413,0.09008995,-0.99583936,-0.97276115,-0.23168635,-0.0075691342,-0.23140422,0.96861,0.090812
1356012421210,-0.3960021,0.080834955,-0.91468465,-0.8905927,-0.27644473,0.36114106,-0.2236669,0.9576241,0.18146372
1356012421249,-0.4773715,0.12707356,-0.8694645,-0.8514184,-0.31154668,0.4219305,-0.2172626,0.94169575,0.25691634
1356012421288,-0.19840842,0.2625119,-0.9443101,-0.95644814,-0.26232475,0.1280342,-0.21410543,0.9285867,0.30312642
1356012421327,0.42014894,0.38081267,-0.82368475,-0.8820127,-0.04205671,-0.46934515,-0.21337408,0.92369527,0.31821156
1356012421368,0.77294385,0.35324073,-0.52704716,-0.5974106,0.12543753,-0.79206437,-0.21367788,0.92708486,0.30798593
1356012421408,0.8809277,0.3097317,-0.35781658,-0.42184225,0.17120463,-0.89035845,-0.21451235,0.93528354,0.2814768
1356012421448,0.9185005,0.28190625,-0.27728274,-0.33138424,0.16619825,-0.92874247,-0.21573439,0.9449375,0.24607247
1356012421488,0.9348966,0.26375067,-0.23749512,-0.28125012,0.14238402,-0.9490127,-0.21648726,0.95402426,0.20729426
1356012421528,0.944094,0.24915418,-0.2158904,-0.24969941,0.112829804,-0.96172744,-0.21525954,0.9618688,0.1687356
1356012421568,0.95076364,0.2345829,-0.20253235,-0.22736594,0.0838781,-0.9701903,-0.21060205,0.9684706,0.13308442
1356012421608,0.9565593,0.21852827,-0.19297591,-0.21037078,0.059122797,-0.9758323,-0.20183766,0.97403795,0.10252643
1356012421647,0.9619441,0.20067783,-0.18545069,-0.197331,0.040733095,-0.97949034,-0.18900801,0.97881013,0.078782916
1356012421688,0.96705383,0.18123664,-0.17877407,-0.18717723,0.03023231,-0.9818608,-0.1725444,0.9829747,0.063159645
1356012421728,0.97179997,0.16067606,-0.17259207,-0.17914891,0.027145803,-0.9834474,-0.15333131,0.98663384,0.05516523
1356012421768,0.9762438,0.13943255,-0.16585119,-0.17123231,0.027441146,-0.98484844,-0.13276877,0.9898513,0.050664604
1356012421808,0.9793683,0.12002364,-0.16257885,-0.16641584,0.022601753,-0.9857966,-0.11464435,0.99251366,0.04210928
1356012421848,0.9786706,0.107148916,-0.17527938,-0.17676604,0.0044637006,-0.98424274,-0.10467816,0.99423295,0.023308784
1356012421888,0.9706547,0.10283067,-0.21738274,-0.21553412,-0.028894903,-0.97606874,-0.10665105,0.99427915,-0.0058834553
1356012421927,0.9519284,0.102847606,-0.28853896,-0.28213885,-0.07244116,-0.95663476,-0.119289674,0.9920558,-0.03994149
1356012421968,0.9218122,0.10152583,-0.37410536,-0.3621022,-0.11895168,-0.9245174,-0.13836285,0.9876958,-0.072888374
1356012422008,0.8853053,0.096698776,-0.45484492,-0.43708557,-0.16081232,-0.8849269,-0.158716,0.9822366,-0.100102365
