1356012679787,-0.29411948,0.0077848732,-0.955737,-0.9517238,0.08951509,0.29361352,0.08783868,0.995955,-0.01891911
1356012679971,-0.01947105,0.02425149,0.9995163,0.99578214,-0.08918011,0.02156213,0.08965987,0.99572027,-0.022412807
1356012680013,-0.0068161488,0.025746495,0.99964523,0.99582434,-0.09083247,0.009129554,0.091035336,0.99553335,-0.025019884
1356012680051,0.0030241609,0.027182013,0.999626,0.9957205,-0.09241539,-4.993975E-4,0.09236723,0.9953495,-0.02734518
1356012680089,0.012804866,0.028089851,0.9995234,0.9955163,-0.0940482,-0.0101104975,0.09371936,0.9951713,-0.029168189
1356012680132,0.023361325,0.027865827,0.9993386,0.9952026,-0.09564209,-0.020597726,0.095004916,0.99502563,-0.029966444
1356012680173,0.034769893,0.026052505,0.9990556,0.99477077,-0.09695989,-0.032092303,0.09603223,0.9949472,-0.029287547
1356012680210,0.04738468,0.023210078,0.99860704,0.994197,-0.09775537,-0.04490331,0.09657702,0.9949398,-0.027707487
1356012680254,0.059121728,0.019736439,0.9980556,0.99359334,-0.097629786,-0.056926757,0.09631643,0.99502707,-0.025382042
1356012680292,0.070524156,0.016407967,0.99737513,0.99294925,-0.09665865,-0.06862101,0.09527901,0.9951823,-0.023109078
1356012680330,0.080821335,0.013757408,0.9966337,0.9923329,-0.09491527,-0.07916242,0.093506634,0.99539036,-0.021323144
1356012680369,0.08033785,0.012907118,0.9966841,0.99259484,-0.092434675,-0.0788112,0.091110915,0.99563515,-0.020237565
1356012680412,0.09449047,0.011485547,0.99545956,0.9915894,-0.08991885,-0.09308565,0.0884414,0.99588287,-0.01988548
1356012680451,0.105433375,0.011214733,0.9943631,0.9907129,-0.087519795,-0.10405928,0.08585948,0.99609965,-0.020338088
1356012680491,0.11388868,0.011976689,0.9934213,0.98994863,-0.085762024,-0.11245656,0.08385101,0.9962436,-0.021623552
1356012680534,0.120556265,0.014106244,0.9926062,0.98923266,-0.08528283,-0.11893451,0.08297461,0.9962568,-0.024235636
1356012680570,0.12519214,0.017182976,0.9919838,0.9886198,-0.08622405,-0.12327409,0.083414584,0.9961276,-0.027782023
1356012680614,0.12863147,0.02171132,0.9914548,0.98794115,-0.08968192,-0.12621173,0.08617538,0.99573374,-0.03298539
1356012680650,0.12985548,0.026966572,0.99116623,0.98738945,-0.09480837,-0.12678126,0.090552,0.9951303,-0.038937926
1356012680691,0.13034412,0.033887416,0.99088955,0.98668194,-0.10252342,-0.12628451,0.09730986,0.99415326,-0.04679945
1356012680730,0.12951142,0.04299265,0.99064547,0.98594886,-0.11188614,-0.12404168,0.1055066,0.9927906,-0.056879103
1356012680770,0.1281605,0.0553208,0.99020934,0.98510474,-0.12251976,-0.12065491,0.11464548,0.99092305,-0.07019895
1356012680810,0.12583202,0.071523875,0.9894699,0.98427665,-0.13362807,-0.11551231,0.123959035,0.98844725,-0.08721399
1356012680840,0.12021807,0.08896607,0.9887531,0.98391956,-0.14320508,-0.106745064,0.13209781,0.98568624,-0.10475129
1356012680880,0.116390854,0.11125508,0.9869526,0.9833399,-0.15260616,-0.098762125,0.13962728,0.9820049,-0.1271635
1356012680913,0.10779044,0.13591,0.9848399,0.9833735,-0.16019443,-0.0855228,0.14614248,0.97768414,-0.15091774
1356012680951,0.09873161,0.16410974,0.9814887,0.98342264,-0.16683754,-0.07103011,0.15209237,0.97223103,-0.17786136
1356012680991,0.08690971,0.19671541,0.9766011,0.9836238,-0.17231894,-0.052824765,0.15789545,0.9651991,-0.20847017
1356012681030,0.07084787,0.23314682,0.96985734,0.9839432,-0.17601657,-0.029563695,0.16381827,0.95637894,-0.24187365
1356012681091,0.050596893,0.2715264,0.9611001,0.98418206,-0.17715138,-0.00176391,0.16978124,0.94598675,-0.2761947
1356012681111,0.029000968,0.31093937,0.9499872,0.98401576,-0.17593756,0.027546197,0.17570367,0.9340035,-0.31107163
1356012681145,0.0045369864,0.34722686,0.93777025,0.98350716,-0.17111331,0.05859959,0.18081227,0.92203784,-0.3422765
1356012681176,-0.0153099,0.3812039,0.92436427,0.9824736,-0.16602603,0.0847407,0.185772,0.90946084,-0.37198097
1356012681208,-0.036860943,0.41004816,0.91131866,0.98100436,-0.15895033,0.11119932,0.19045147,0.8981065,-0.39639997
1356012681250,-0.057346135,0.43182102,0.90013444,0.97886693,-0.15295336,0.13573825,0.19629323,0.88889587,-0.41392404
1356012681291,-0.08178744,0.4442157,0.8921789,0.97584546,-0.14625737,0.1622788,0.20257461,0.8839011,-0.4215238
1356012681330,-0.111289024,0.44460183,0.88878787,0.97178656,-0.13845992,0.19094405,0.2079556,0.8849621,-0.41664898
1356012681371,-0.1459296,0.43231627,0.8898355,0.96656716,-0.12938747,0.22137469,0.21083745,0.8923909,-0.39898127
1356012681411,-0.18389234,0.408238,0.8941618,0.96018666,-0.12001577,0.25226524,0.2102978,0.90495193,-0.3699147
1356012681451,-0.22126466,0.37552255,0.9000138,0.9531196,-0.11206353,0.28107804,0.20640984,0.92001337,-0.3331222
1356012681493,-0.25598294,0.3353195,0.9066607,0.9459921,-0.10611135,0.3063319,0.198926,0.93610966,-0.29004693
1356012681530,-0.28189695,0.29363638,0.9134067,0.940597,-0.103194535,0.32346278,0.18923903,0.9503308,-0.24710327
1356012681571,-0.30005264,0.251434,0.9201898,0.93735456,-0.10129064,0.33332652,0.17701632,0.96255964,-0.20529026
1356012681610,-0.3076647,0.21094891,0.92781615,0.93749213,-0.099467754,0.33348835,0.16263685,0.9724231,-0.16716021
1356012681643,-0.30368263,0.17510667,0.93654394,0.94124424,-0.09731597,0.32340202,0.14777055,0.9797281,-0.135265
1356012681680,-0.29235417,0.1451681,0.9452276,0.947194,-0.092194736,0.30712163,0.13172927,0.9851022,-0.110548854
1356012681722,-0.27169234,0.122033566,0.9546157,0.95559,-0.08344942,0.2826374,0.114153415,0.98901165,-0.09394145
1356012681760,-0.2411272,0.10626823,0.9646578,0.96577555,-0.07161701,0.24929607,0.095578164,0.991755,-0.085362494
1356012681791,-0.20422727,0.09571439,0.97423303,0.97578233,-0.059757173,0.21042296,0.078357935,0.9936135,-0.081192374
1356012681831,-0.16766131,0.08948958,0.98177457,0.98394716,-0.04656881,0.1722771,0.06113708,0.99489844,-0.0802452
1356012681870,-0.13061893,0.08168462,0.9880619,0.9902909,-0.037066042,0.13397798,0.047567517,0.9959687,-0.07604998
1356012681909,-0.09856492,0.067227095,0.9928572,0.99424636,-0.03539735,0.10109955,0.041941136,0.9971096,-0.06335139
1356012681950,-0.07347554,0.045019925,0.9962804,0.9961899,-0.043746293,0.07544562,0.046980083,0.9980278,-0.041634083
1356012681991,-0.055491447,0.018042564,0.9982961,0.9965359,-0.061027527,0.05649659,0.061942875,0.99797297,-0.014593482
1356012682030,-0.043636322,-0.0086787045,0.9990098,0.9955988,-0.083393335,0.042762846,0.082939565,0.9964789,0.012279481
1356012682072,-0.037442148,-0.031283796,0.998809,0.99359137,-0.10783821,0.03386897,0.1066502,0.9936761,0.035120964
1356012682111,-0.037225068,-0.0467287,0.99821377,0.9910276,-0.13004369,0.030869424,0.12836885,0.9904066,0.051150322
1356012682153,-0.041193128,-0.052904278,0.99774957,0.9880464,-0.15062612,0.0328058,0.14855155,0.9871743,0.058476597
1356012682191,-0.052790582,-0.04932189,0.9973868,0.98471177,-0.16859937,0.043782264,0.16599941,0.98444986,0.057468385
1356012682231,-0.06667876,-0.0327785,0.9972359,0.9812883,-0.18308908,0.059594482,0.18062961,0.98254967,0.044373333
1356012682270,-0.083081484,4.672706E-4,0.9965427,0.97795224,-0.19221693,0.08162171,0.19159046,0.9813524,0.015512645
1356012682310,-0.09927666,0.053747177,0.9936072,0.97530055,-0.1927486,0.10787392,0.19731432,0.9797751,-0.033284158
1356012682351,-0.1130963,0.12686116,0.9854519,0.9740377,-0.1816063,0.13516524,0.1961115,0.97515404,-0.103028595
1356012682391,-0.124604404,0.21061975,0.96959424,0.97414297,-0.15964794,0.15986842,0.18846521,0.96444374,-0.18528086
1356012682431,-0.13484323,0.29126158,0.94709235,0.974844,-0.13220036,0.17945027,0.17747289,0.94746494,-0.26610827
1356012682470,-0.14994392,0.35125718,0.92419434,0.9742534,-0.10668859,0.19861466,0.16836584,0.9301806,-0.32621622
1356012682513,-0.17245981,0.38186812,0.90798366,0.971365,-0.08700356,0.22108912,0.16342473,0.9201125,-0.35592866
1356012682550,-0.20221326,0.38799554,0.8992048,0.9659721,-0.07217696,0.24837136,0.16126889,0.91883075,-0.36019772
1356012682590,-0.2371785,0.37197825,0.8974289,0.9580617,-0.06336647,0.27946797,0.1608229,0.92607605,-0.341349
1356012682630,-0.2736277,0.3416845,0.8990993,0.94818294,-0.06111586,0.31179145,0.16148359,0.93782544,-0.3072564
1356012682660,-0.30458844,0.31057364,0.90042764,0.93851227,-0.06346667,0.33936214,0.16254407,0.94842815,-0.272146
1356012682701,-0.3320406,0.27475658,0.90236235,0.92887187,-0.07123822,0.36348632,0.16415295,0.95887125,-0.23155963
1356012682741,-0.35257155,0.23840302,0.90490735,0.9211747,-0.0817889,0.3804574,0.16471359,0.9677162,-0.19077438
1356012682780,-0.3650167,0.20366639,0.9084507,0.91671747,-0.09164268,0.38888383,0.16245544,0.9747418,-0.15325338
1356012682820,-0.36813402,0.1722242,0.9136827,0.9166057,-0.09757131,0.38770336,0.15592107,0.9802136,-0.12194234
1356012682860,-0.3610329,0.1456289,0.92111206,0.9213408,-0.09700364,0.3764589,0.14417455,0.9845723,-0.09915233
1356012682900,-0.34327626,0.12526968,0.9308431,0.9305991,-0.08871901,0.35512576,0.12707004,0.988148,-0.086120725
1356012682942,-0.31519264,0.111756355,0.94242454,0.943257,-0.07245374,0.3240629,0.10449824,0.9910908,-0.08257812
1356012682982,-0.276919,0.10195011,0.9554696,0.9574664,-0.0546273,0.28332654,0.08107987,0.9932885,-0.08248651
1356012683021,-0.235156,0.09111956,0.967677,0.9700755,-0.039925635,0.23949844,0.060458153,0.9950393,-0.07900405
1356012683060,-0.18988347,0.075427115,0.97890496,0.9805818,-0.03521788,0.19292238,0.04902658,0.9965292,-0.06727517
1356012683100,-0.14620721,0.052805007,0.98784363,0.98793834,-0.043688595,0.14855662,0.051002026,0.9976487,-0.04578048
1356012683140,-0.105136454,0.025715917,0.9941252,0.99231136,-0.06293082,0.10657254,0.06530172,0.9976865,-0.018901885
1356012683170,-0.06761128,6.940365E-4,0.9977115,0.99429077,-0.08269316,0.06743696,0.082550704,0.9965749,0.0049009323
1356012683210,-0.036759913,-0.022160709,0.9990784,0.9937902,-0.105877936,0.03421679,0.1050221,0.99413216,0.025915176
1356012683252,-0.013670385,-0.03995177,0.99910814,0.99167216,-0.12851167,0.008429766,0.12806028,0.99090296,0.041375846
1356012683290,6.2692165E-4,-0.050311983,0.99873334,0.98874694,-0.14937562,-0.008145511,0.14959627,0.98749965,0.04965225
1356012683330,0.004961908,-0.05117309,0.9986775,0.9856943,-0.16800082,-0.013505846,0.16846982,0.98445773,0.049607426
1356012683370,6.4975023E-4,-0.03868079,0.9992514,0.9828819,-0.18407291,-0.007764548,0.18423551,0.98215115,0.037899047
1356012683410,-0.0119591355,-0.00912261,0.9998869,0.98054636,-0.19603586,0.0099392235,0.19592297,0.98055434,0.011289537
1356012683452,-0.028599977,0.043806463,0.99863064,0.9790549,-0.20023894,0.036823124,0.20157781,0.9787673,-0.037162095
1356012683490,-0.04907769,0.115593016,0.9920835,0.9784294,-0.19399524,0.07100561,0.2006672,0.9741684,-0.10357875
1356012683532,-0.067020476,0.20198327,0.9770932,0.978913,-0.17608964,0.10354629,0.19297054,0.963429,-0.18592244
1356012683572,-0.08731747,0.28065836,0.9558277,0.97905326,-0.15297872,0.13435817,0.18393007,0.947538,-0.26142174
1356012683610,-0.10965896,0.3377877,0.93481255,0.97799844,-0.13124883,0.16215068,0.17746556,0.93202645,-0.31596327
1356012683649,-0.13815942,0.3673887,0.9197486,0.9749303,-0.11309698,0.19162455,0.17442149,0.92316556,-0.3425529
1356012683683,-0.17168698,0.3765565,0.91034544,0.9698396,-0.097684234,0.22331351,0.17301658,0.92122906,-0.34842825
1356012683721,-0.20941746,0.3661544,0.9066836,0.9624988,-0.08634418,0.25717837,0.17245382,0.9265396,-0.33434123
1356012683760,-0.25017095,0.34165284,0.90591824,0.9527614,-0.079564154,0.29311308,0.17222151,0.93645227,-0.30560905
1356012683800,-0.28984058,0.31030667,0.90537405,0.9415127,-0.0774523,0.3279557,0.17189014,0.947476,-0.26970887
1356012683840,-0.32416737,0.27713183,0.9044963,0.9304522,-0.07922906,0.35774508,0.17080489,0.9575598,-0.23217446
1356012683880,-0.3499701,0.24460465,0.9042618,0.9215744,-0.08321017,0.37917897,0.16799268,0.96604586,-0.19630033
1356012683920,-0.364617,0.21413454,0.9062013,0.91688585,-0.08717096,0.38951442,0.16240293,0.9729067,-0.16455293
1356012683960,-0.36685246,0.18608442,0.9114778,0.9176532,-0.08849114,0.38740405,0.1527476,0.97854066,-0.1382978
1356012684020,-0.35452425,0.16092509,0.9210948,0.92468554,-0.085902035,0.37091434,0.13881335,0.9832212,-0.118350685
1356012684040,-0.3274774,0.13936356,0.93452466,0.93717325,-0.07798767,0.34003565,0.120269924,0.98716545,-0.105068624
1356012684078,-0.28383517,0.12113756,0.9511905,0.9537439,-0.06680125,0.29310447,0.09904668,0.9903855,-0.09657365
1356012684115,-0.22732204,0.10416952,0.9682321,0.97072566,-0.054954708,0.23381993,0.07756585,0.9930401,-0.08862758
1356012684161,-0.16092867,0.08382124,0.9834002,0.98510367,-0.04753989,0.16525954,0.060603023,0.9953461,-0.074922085
1356012684200,-0.087388754,0.05732757,0.9945234,0.9947459,-0.048422217,0.0901995,0.053327948,0.99718046,-0.052794814
1356012684239,-0.014058769,0.023289561,0.9996299,0.9981631,-0.058592916,0.015403271,0.05892998,0.9980103,-0.022423089
1356012684280,0.056301355,-0.015192658,0.99829817,0.9955237,-0.075170696,-0.057288796,0.07591316,0.99705493,0.010892451
1356012684322,0.11863983,-0.053657383,0.99148655,0.9878522,-0.09455013,-0.1233218,0.1003623,0.99407303,0.0417881
1356012684360,0.16848052,-0.08679435,0.98187625,0.97761154,-0.11267328,-0.17770863,0.12605533,0.9898341,0.0658679
1356012684402,0.20121318,-0.11145282,0.97318625,0.9678023,-0.13077044,-0.21507636,0.15123484,0.98512816,0.08155152
1356012684440,0.2123074,-0.12511045,0.9691609,0.96174353,-0.14896202,-0.22991225,0.17313263,0.98089635,0.08869845
1356012684482,0.20993865,-0.12356308,0.9698752,0.9587513,-0.16840816,-0.22898611,0.19162917,0.9779421,0.08311093
1356012684520,0.19183838,-0.10435584,0.97586274,0.95968366,-0.1881944,-0.20878282,0.2054396,0.97657204,0.06404567
1356012684561,0.17796332,-0.06239572,0.9820569,0.9608518,-0.20434302,-0.18710369,0.2123509,0.97690874,0.023587465
1356012684601,0.17529029,0.0047516823,0.9845053,0.96172804,-0.21473622,-0.17019835,0.21060026,0.9766605,-0.042210996
1356012684641,0.18779123,0.08940089,0.9781319,0.96142054,-0.22053272,-0.16442627,0.20101023,0.97127384,-0.12736598
1356012684685,0.21581686,0.17973354,0.95974946,0.95848405,-0.2265963,-0.17309737,0.18636417,0.9572618,-0.22117504
1356012684737,0.2365992,0.2527778,0.93814933,0.9559908,-0.23298669,-0.1783221,0.17350042,0.93905306,-0.29677776
1356012684772,0.23004645,0.29481238,0.9274504,0.9588987,-0.23133236,-0.16431233,0.16610801,0.92713046,-0.33591235
1356012684812,0.19761527,0.30975914,0.9300524,0.96663034,-0.21934932,-0.13233176,0.16301537,0.9251677,-0.34276932
1356012684850,0.13825071,0.30176932,0.9433038,0.9769327,-0.1980707,-0.07981524,0.16275504,0.9325788,-0.32219175
1356012684890,0.06005174,0.2787783,0.95847607,0.9846405,-0.17424643,-0.011010379,0.16394162,0.94441557,-0.2849602
1356012684930,-0.021977365,0.24872214,0.9683255,0.985951,-0.15502322,0.062196374,0.16558254,0.9560884,-0.24182087
1356012684969,-0.09563249,0.2159982,0.9716991,0.9813442,-0.14310521,0.12839246,0.16678771,0.96584976,-0.19828308
1356012685012,-0.15113544,0.18359625,0.9713137,0.9744078,-0.13773042,0.17765051,0.1663954,0.97330505,-0.15808171
1356012685050,-0.18309408,0.15281832,0.9711453,0.9694947,-0.13568151,0.20413357,0.16296184,0.97889584,-0.12331408
1356012685090,-0.18598408,0.12466082,0.9746125,0.9701364,-0.13389462,0.20225608,0.15570876,0.98312354,-0.09603572
1356012685136,-0.15869981,0.101091,0.9821379,0.9769546,-0.12773138,0.17100966,0.14273739,0.98664343,-0.07849038
1356012685171,-0.09127158,0.081995696,0.99244463,0.987869,-0.11827862,0.10062295,0.12563565,0.9895893,-0.07020551
1356012685213,0.01036644,0.069696546,0.99751437,0.99452066,-0.10449594,-0.0030341446,0.10402477,0.9920801,-0.07039791
1356012685251,0.14568293,0.05894515,0.98757374,0.98584557,-0.09237075,-0.13991469,0.082975596,0.99397844,-0.071567684
1356012685291,0.28142595,0.045371175,0.9585097,0.9572526,-0.08284575,-0.2771353,0.06683454,0.995529,-0.06674656
1356012685329,0.40155178,0.023555279,0.9155334,0.9138137,-0.07670742,-0.39882404,0.060833722,0.99677545,-0.052327156
1356012685370,0.4920782,-0.007341832,0.87052006,0.8679571,-0.07299742,-0.49124518,0.06715232,0.99730515,-0.029548049
1356012685410,0.55294716,-0.043364257,0.83208716,0.8290385,-0.07124612,-0.5546343,0.08333427,0.9965157,-0.0034447163
1356012685450,0.58890784,-0.07820004,0.804408,0.8014744,-0.07163069,-0.59372365,0.104049504,0.9943609,0.020491466
1356012685491,0.60195994,-0.10820037,0.7911617,0.78850025,-0.07596898,-0.61032456,0.12614107,0.9912222,0.039585724
1356012685530,0.59272933,-0.1300393,0.7948344,0.79197943,-0.085312605,-0.6045579,0.14642572,0.9878317,0.052421212
1356012685572,0.56459117,-0.1419597,0.8130709,0.8087325,-0.10165027,-0.5793264,0.16488984,0.9846394,0.05741656
1356012685610,0.5120269,-0.14070687,0.8473665,0.83979404,-0.12527612,-0.5282537,0.18048364,0.98209345,0.054020017
1356012685650,0.45356384,-0.122321606,0.8827895,0.8701518,-0.15334192,-0.4683182,0.19265413,0.98057306,0.036888048
1356012685690,0.39693806,-0.08178356,0.9141945,0.89574647,-0.18273029,-0.405275,0.20019585,0.97975564,7.24718E-4
1356012685720,0.34121764,-0.026374102,0.93961424,0.9176521,-0.20725197,-0.3390595,0.20367926,0.9779321,-0.046515778
1356012685759,0.33256003,0.04569289,0.9419745,0.92174816,-0.2269974,-0.3144081,0.19945955,0.9728229,-0.11760762
1356012685792,0.33056486,0.12134212,0.9359503,0.92414874,-0.24284953,-0.29491222,0.19150981,0.9624449,-0.19241565
1356012685830,0.33927888,0.1900647,0.92128456,0.9227948,-0.25734842,-0.28674302,0.18259141,0.9474424,-0.2627036
1356012685871,0.32859004,0.24406648,0.91239256,0.92773795,-0.26445448,-0.26337454,0.17700535,0.9330034,-0.31332687
1356012685910,0.28040454,0.28083727,0.91788006,0.9437026,-0.25548664,-0.21012372,0.17549554,0.9251254,-0.3366665
1356012685950,0.19247362,0.30161142,0.9338011,0.96542037,-0.22871146,-0.12511876,0.17583376,0.92559266,-0.33520275
1356012685989,0.070032775,0.30754814,0.94895184,0.9819044,-0.1890459,-0.011196345,0.17595199,0.93256414,-0.31522232
1356012686031,-0.07136595,0.30052483,0.9511003,0.98195624,-0.1462462,0.119891524,0.17512518,0.942495,-0.28466523
1356012686070,-0.21110195,0.28347945,0.9354546,0.96196795,-0.10948199,0.2502625,0.17335975,0.95270824,-0.24958622
1356012686110,-0.32879227,0.26183137,0.9073808,0.92886233,-0.08392346,0.36079293,0.17061749,0.9614578,-0.21561188
1356012686152,-0.419254,0.2381315,0.8760819,0.89259636,-0.068137884,0.44567797,0.16582435,0.96883976,-0.18398827
1356012686190,-0.4776994,0.21515018,0.8517709,0.8640472,-0.060221076,0.49979576,0.15882576,0.9747224,-0.15713227
1356012686232,-0.51202357,0.19317552,0.8369678,0.8462162,-0.053854525,0.53011113,0.147479,0.9796851,-0.13589352
1356012686281,-0.5153238,0.17259187,0.8394364,0.8466349,-0.04932207,0.52988374,0.13285628,0.98375785,-0.120705485
1356012686316,-0.49373883,0.15423703,0.8558229,0.8620564,-0.042624176,0.5050168,0.114371,0.9871141,-0.11191583
1356012686351,-0.4407184,0.13722998,0.8870937,0.8928378,-0.03512782,0.44900635,0.0927788,0.9899162,-0.10704261
1356012686390,-0.3522209,0.11913347,0.9283036,0.9331726,-0.031197667,0.35807207,0.0716193,0.992388,-0.100183606
1356012686429,-0.2390132,0.09577176,0.9662818,0.9693879,-0.034073174,0.24315861,0.056212038,0.99482,-0.084695995
1356012686470,-0.111020446,0.064916104,0.99169564,0.99245596,-0.044984818,0.11405027,0.052014917,0.99687624,-0.05943215
1356012686510,1.5342236E-4,0.026204377,0.99965656,0.9980935,-0.06170249,0.0014642775,0.061719686,0.9977505,-0.026163906
1356012686550,0.08987823,-0.014392763,0.9958488,0.9927125,-0.079297274,-0.09074122,0.080274105,0.9967471,0.007160783
1356012686592,0.14315799,-0.051910818,0.9883375,0.9841488,-0.09815231,-0.14770654,0.1046752,0.9938166,0.037036717
1356012686630,0.16264361,-0.08040741,0.9834031,0.9782878,-0.11661154,-0.17133227,0.12845251,0.9899174,0.059695482
1356012686670,0.15255332,-0.09767684,0.9834565,0.976668,-0.1372934,-0.16513625,0.15115216,0.98570263,0.074453324
1356012686709,0.11082262,-0.10006267,0.98879004,0.9788318,-0.16126317,-0.12602586,0.17206582,0.98182565,0.08007288
1356012686742,0.040702045,-0.08658272,0.9954129,0.9809267,-0.18604851,-0.056292534,0.19006902,0.9787183,0.07735866
1356012686779,-0.019821405,-0.05715555,0.9981686,0.97867614,-0.20526618,0.0076806843,0.20445123,0.9770359,0.060005367
1356012686812,-0.08535862,-0.009835571,0.9963018,0.9730314,-0.21589619,0.08123356,0.21429873,0.9763668,0.027998865
1356012686850,-0.1297893,0.05614105,0.989951,0.96755815,-0.21109033,0.13882452,0.21676278,0.975853,-0.026922524
1356012686890,-0.1621424,0.14100069,0.9766415,0.96411175,-0.18823016,0.18723756,0.21023399,0.9719507,-0.10542035
1356012686929,-0.19506508,0.23149991,0.95307785,0.96061814,-0.15097487,0.23327968,0.19789499,0.9610486,-0.19293314
1356012686987,-0.23982197,0.30767614,0.92077184,0.9527884,-0.10734004,0.28402862,0.18622449,0.94541705,-0.26740777
1356012687012,-0.30373573,0.3553337,0.88401496,0.93567014,-0.06368357,0.3470817,0.17962706,0.9325676,-0.3131321
1356012687041,-0.3764758,0.3780847,0.8457647,0.9094585,-0.023096263,0.4151527,0.17649692,0.92548287,-0.3351571
1356012687076,-0.4555447,0.37246838,0.8085458,0.8724749,0.006395161,0.4886171,0.17682368,0.92802286,-0.3278826
1356012687108,-0.52701056,0.35612458,0.77164435,0.8309737,0.025584877,0.555723,0.17816421,0.9340882,-0.3094136
1356012687150,-0.59058017,0.3282215,0.7372148,0.7864898,0.029555202,0.6168957,0.1806899,0.9441383,-0.27559763
1356012687190,-0.64111733,0.29860604,0.7069675,0.7452215,0.022159338,0.66644865,0.18333963,0.95411915,-0.23673439
1356012687230,-0.6772416,0.27072453,0.68414336,0.71211267,0.0073330402,0.70202696,0.18503906,0.96262896,-0.19775265
1356012687270,-0.69979495,0.24546428,0.670846,0.69013584,-0.010091245,0.7236095,0.18438992,0.96935314,-0.16234195
1356012687312,-0.71096045,0.22151133,0.6674338,0.67994905,-0.025665581,0.73280996,0.17945582,0.97481996,-0.13236916
1356012687350,-0.7101661,0.19889347,0.6753558,0.683155,-0.037207365,0.7293249,0.17018619,0.9793145,-0.10945165
1356012687391,-0.70064634,0.1770263,0.6911992,0.69655645,-0.040207803,0.7163745,0.15460876,0.9833845,-0.09513736
1356012687439,-0.6794942,0.15594855,0.71691537,0.72162056,-0.03438753,0.69143414,0.13248113,0.9871664,-0.0891695
1356012687472,-0.6450146,0.13658115,0.7518655,0.75642824,-0.025583446,0.6535762,0.108501524,0.99029845,-0.08681214
1356012687510,-0.6040621,0.117260605,0.7882633,0.7924833,-0.016043961,0.6096826,0.08413857,0.9929716,-0.08323556
1356012687542,-0.5518829,0.098585814,0.82807374,0.8313414,-0.013011873,0.5556097,0.06555,0.9950435,-0.074777484
1356012687589,-0.49910343,0.0742054,0.86335933,0.86441743,-0.027096927,0.502044,0.06064874,0.99687475,-0.050620258
1356012687630,-0.43160045,0.048651546,0.90075195,0.8994609,-0.052607477,0.43382326,0.06849244,0.9974295,-0.021054804
1356012687670,-0.36368793,0.022986084,0.9312372,0.92742074,-0.08475852,0.36428955,0.08730388,0.9961364,0.009507835
1356012687710,-0.30128592,-9.852946E-4,0.9535334,0.9470285,-0.11692011,0.29910976,0.111192495,0.9931409,0.036159456
1356012687752,-0.2507025,-0.020716399,0.96784246,0.95831823,-0.14681858,0.24509287,0.13701978,0.98894644,0.05666071
1356012687790,-0.2168073,-0.03361413,0.9756355,0.9629878,-0.1713224,0.20809403,0.16015336,0.98464143,0.06951395
1356012687832,-0.1976614,-0.03517407,0.97963905,0.9634826,-0.19112897,0.18753901,0.1806409,0.9809345,0.071668416
1356012687870,-0.19677836,-0.022892267,0.98018074,0.96042216,-0.20552647,0.18801156,0.19714901,0.9783839,0.06242934
1356012687910,-0.20359218,0.008359104,0.9790201,0.9566449,-0.21102977,0.20074096,0.20828035,0.97744393,0.034967303
1356012687950,-0.21631706,0.06255528,0.9743171,0.9528986,-0.2037623,0.22464427,0.21258178,0.9770198,-0.01553154
1356012687990,-0.2310003,0.13689989,0.9632743,0.95002216,-0.1819458,0.25368035,0.20999247,0.9737321,-0.08802843
1356012688030,-0.24478734,0.22130889,0.94398177,0.94813913,-0.14896291,0.28078857,0.20275927,0.96375954,-0.17336744
1356012688070,-0.26107717,0.29692647,0.918517,0.945287,-0.114194036,0.30560142,0.19563031,0.9480477,-0.25086725
1356012688110,-0.28426462,0.3474935,0.89355576,0.9393432,-0.08560783,0.33212274,0.19190586,0.9337663,-0.3020804
1356012688150,-0.31653887,0.36844805,0.87409914,0.92919743,-0.06488788,0.363843,0.19077566,0.92738104,-0.3218215
1356012688192,-0.35724378,0.3601832,0.8617685,0.91443384,-0.053040862,0.40124488,0.19023058,0.9313725,-0.31041527
1356012688231,-0.39966005,0.33724722,0.852371,0.89696014,-0.047880054,0.43951112,0.18903542,0.94019777,-0.2833616
1356012688270,-0.43944114,0.30522427,0.84482515,0.8785926,-0.049736977,0.47497484,0.18699288,0.95098066,-0.24631137
1356012688310,-0.4734519,0.27028275,0.838326,0.861336,-0.057008386,0.504827,0.18423763,0.96109164,-0.20581347
1356012688350,-0.49918258,0.23650399,0.8335962,0.8474667,-0.06725782,0.5265707,0.18060192,0.9692999,-0.16685528
1356012688389,-0.5155678,0.20504615,0.83195317,0.8387126,-0.07794541,0.5389673,0.17536008,0.9756437,-0.13178867
1356012688431,-0.52166504,0.17634386,0.8347266,0.8365465,-0.086360574,0.5410469,0.16749778,0.9805328,-0.10246855
1356012688470,-0.51679516,0.1509245,0.8427007,0.8417779,-0.089772165,0.5323071,0.15598926,0.98446065,-0.080651104
1356012688512,-0.50025123,0.1296804,0.85611427,0.85444224,-0.086244226,0.51233816,0.14027512,0.987798,-0.06766063
1356012688553,-0.47156662,0.11291501,0.87457144,0.87360036,-0.075363755,0.48077312,0.120197445,0.99074244,-0.063103616
1356012688590,-0.4299969,0.098434746,0.8974482,0.8973684,-0.06257892,0.4368225,0.09915981,0.99317396,-0.06142348
1356012688633,-0.3818962,0.081774205,0.9205805,0.920683,-0.05321765,0.386666,0.080610424,0.99522907,-0.054964602
1356012688670,-0.3248614,0.061103106,0.9437858,0.94311213,-0.05371481,0.32810715,0.07074359,0.99668515,-0.040177286
1356012688710,-0.2697693,0.034241915,0.962316,0.9600724,-0.06730294,0.27153513,0.07406455,0.9971448,-0.014718413
1356012688750,-0.21921074,0.0034810603,0.9756713,0.97158694,-0.09069461,0.21861672,0.089249164,0.9958726,0.016499102
1356012688780,-0.17707741,-0.024415553,0.983894,0.97840434,-0.11266911,0.1732935,0.10662338,0.9933326,0.043839455
1356012688819,-0.14759326,-0.048682958,0.98784924,0.9806678,-0.13694757,0.13977128,0.1284791,0.98938125,0.06795433
1356012688860,-0.13584709,-0.06547931,0.9885636,0.9792025,-0.16064316,0.12392029,0.1506918,0.9848381,0.08594042
1356012688899,-0.1418094,-0.07222596,0.9872555,0.9749851,-0.18263268,0.12668583,0.17115515,0.98052466,0.096318305
1356012688940,-0.16318995,-0.06636813,0.98435974,0.9683161,-0.2019406,0.14691487,0.18903181,0.9771465,0.09722006
1356012688980,-0.19633323,-0.044364244,0.97953314,0.959219,-0.21586657,0.18248472,0.20335263,0.9754145,0.0849368
1356012689020,-0.23681587,-0.0032274127,0.9715493,0.94801676,-0.21955174,0.23035052,0.21256188,0.9755956,0.055052966
1356012689063,-0.27676535,0.062938154,0.9588741,0.9368491,-0.20435059,0.28382123,0.2138097,0.9768723,-0.0024063587
1356012689100,-0.3207711,0.14216852,0.93642616,0.923893,-0.17081201,0.34241056,0.20863283,0.974993,-0.07655692
1356012689140,-0.35739017,0.22707558,0.9059299,0.91280437,-0.120337665,0.39026535,0.19763723,0.96641374,-0.16426808
1356012689180,-0.3937369,0.29937884,0.869105,0.9001802,-0.06587434,0.43050677,0.18613634,0.9518576,-0.24355775
1356012689220,-0.43095028,0.3466242,0.8331467,0.88461596,-0.019993901,0.4658914,0.17814705,0.937791,-0.29801297
1356012689260,-0.47033346,0.36540872,0.8032826,0.8651182,0.011202872,0.50144297,0.17423257,0.93077976,-0.3213908
1356012689300,-0.50981,0.3608474,0.78095007,0.84279436,0.027360797,0.53753996,0.17260244,0.93222344,-0.31806898
1356012689339,-0.5459787,0.34034896,0.76555204,0.819993,0.029696524,0.5716026,0.17181012,0.9398302,-0.2952975
1356012689380,-0.5757318,0.311944,0.7557936,0.7995144,0.02123642,0.6002714,0.17120066,0.94986314,-0.26163024
1356012689420,-0.59731656,0.2806137,0.7513114,0.78370965,0.0052722096,0.62110496,0.17032948,0.9598063,-0.22306883
1356012689460,-0.6094935,0.25010622,0.7523062,0.7746694,-0.0138472915,0.6322149,0.16853824,0.9681194,-0.18530983
1356012689502,-0.61277026,0.22016296,0.7589736,0.77298,-0.032767534,0.6335837,0.16436136,0.9749126,-0.15010256
1356012689541,-0.6051298,0.19253063,0.772496,0.7804088,-0.04840797,0.623393,0.15741718,0.9800963,-0.12095952
1356012689582,-0.5892615,0.16727147,0.7904373,0.7947272,-0.056222558,0.6043573,0.14553213,0.9843065,-0.099805415
1356012689627,-0.5619949,0.14574409,0.8141992,0.81706727,-0.05533874,0.5738804,0.12869641,0.98777336,-0.087982655
1356012689661,-0.5240631,0.1290442,0.8418464,0.84457564,-0.048657715,0.5332207,0.10977137,0.99044436,-0.08348793
1356012689700,-0.4805599,0.11738771,0.8690698,0.87246114,-0.036277056,0.48733515,0.08873445,0.99242336,-0.08498293
1356012689741,-0.4292665,0.10682538,0.89683807,0.90056574,-0.024840593,0.43400964,0.068641245,0.9939674,-0.08554
1356012689780,-0.37039626,0.09192261,0.92431426,0.92725456,-0.022140086,0.37377632,0.054822832,0.99552,-0.07703513
1356012689821,-0.30537075,0.06937146,0.94970334,0.9507996,-0.032500386,0.30809724,0.05223885,0.9970614,-0.05603367
1356012689862,-0.23703921,0.038207114,0.9707484,0.96942466,-0.05597651,0.23891908,0.06346747,0.99770075,-0.023770332
1356012689900,-0.16807312,0.0041392446,0.9857659,0.98230326,-0.083143175,0.16783187,0.08265442,0.996529,0.009908199
1356012689960,-0.10665667,-0.030115098,0.99383974,0.9884168,-0.11174655,0.10268861,0.10796571,0.99328035,0.041684747
1356012689980,-0.057919145,-0.05891317,0.9965815,0.98953825,-0.13551372,0.049498856,0.13213438,0.98902243,0.06614563
1356012690018,-0.02656889,-0.078926206,0.99652636,0.9876071,-0.15632522,0.013949901,0.15468124,0.98454714,0.082101494
1356012690057,-0.018576324,-0.08741006,0.99599916,0.98457265,-0.17495018,0.003009349,0.17398721,0.9806895,0.08931151
1356012690101,-0.030142963,-0.08059761,0.9962908,0.98131275,-0.1918971,0.014165759,0.19004357,0.97809994,0.08487582
1356012690161,-0.061610997,-0.053070962,0.9966883,0.9774217,-0.20542228,0.04948187,0.20211595,0.9772334,0.064529
1356012690171,-0.10931134,-0.009994686,0.9939573,0.9715016,-0.21265435,0.104703456,0.21032283,0.9770764,0.03295538
1356012690205,-0.1551503,0.058138967,0.98617864,0.96507466,-0.20438784,0.16387948,0.21109071,0.9771619,-0.024397641
1356012690241,-0.20680052,0.13663515,0.9687953,0.9562572,-0.18116677,0.22967517,0.2068952,0.9739145,-0.093192995
1356012690279,-0.24902016,0.22435203,0.9421545,0.9482353,-0.14147288,0.28431576,0.19707608,0.96418446,-0.17750895
1356012690320,-0.28823483,0.30203384,0.9086783,0.93905586,-0.0964936,0.32994404,0.18733594,0.9484011,-0.25581384
1356012690360,-0.32515663,0.35413808,0.87684625,0.9279142,-0.059305966,0.36804616,0.1823414,0.93331075,-0.30932605
1356012690400,-0.36249417,0.37637073,0.8526096,0.9140186,-0.035202324,0.4041422,0.1821211,0.92580014,-0.33124924
1356012690440,-0.40188283,0.37132794,0.83702195,0.897008,-0.024062276,0.44135886,0.18402958,0.92818993,-0.3234139
1356012690480,-0.44138074,0.34945315,0.82647777,0.87792856,-0.022268236,0.4782735,0.18553838,0.93668914,-0.29696614
1356012690523,-0.47874892,0.31547028,0.81931555,0.858056,-0.029417276,0.5127129,0.18584773,0.94847935,-0.25660765
1356012690560,-0.5095709,0.28103903,0.8132371,0.8402617,-0.04089421,0.54063666,0.18519664,0.95882463,-0.21530783
1356012690602,-0.5328749,0.24637625,0.80953264,0.8261422,-0.055555522,0.56071615,0.18312114,0.9675807,-0.17393768
1356012690639,-0.5455499,0.21494466,0.8100457,0.8186713,-0.07011986,0.56996536,0.1793113,0.9741057,-0.13771516
1356012690680,-0.5488138,0.18645522,0.81488514,0.81798756,-0.08118129,0.5694785,0.17233574,0.9791037,-0.107964635
1356012690726,-0.5405737,0.1606479,0.82581615,0.825992,-0.08503497,0.55723083,0.15974125,0.98334193,-0.08672619
1356012690761,-0.5163097,0.13815787,0.8451845,0.8441777,-0.08404869,0.5294336,0.14418203,0.9868375,-0.07323468
1356012690807,-0.4838494,0.12089348,0.86676097,0.86667794,-0.0712955,0.49374717,0.12148699,0.9901019,-0.07027948
1356012690841,-0.43257028,0.10589117,0.89536023,0.89617807,-0.058249414,0.43985432,0.09873089,0.9926701,-0.06970036
1356012690881,-0.37654972,0.08989143,0.92202485,0.9230808,-0.047723055,0.3816337,0.07830742,0.99480754,-0.06500697
1356012690920,-0.30956376,0.070061535,0.94829404,0.94850004,-0.047742844,0.31315833,0.06721464,0.99639946,-0.05167389
1356012690963,-0.23920745,0.04291448,0.9700196,0.96831834,-0.063216925,0.24158469,0.0716891,0.99707675,-0.026432931
1356012691000,-0.16542822,0.0122587085,0.9861456,0.98235667,-0.086391926,0.16586661,0.08722839,0.9961858,0.0022493005
1356012691040,-0.099021494,-0.019635618,0.9948915,0.98889357,-0.11330187,0.09618837,0.11083439,0.99336654,0.030636847
1356012691079,-0.044870853,-0.048537523,0.997813,0.9896374,-0.1385346,0.03776428,0.13639864,0.98916745,0.054250687
1356012691120,-0.00800091,-0.07040772,0.99748623,0.9870392,-0.16044289,-0.0034078062,0.16027951,0.9845308,0.07077885
1356012691159,0.00894016,-0.08183366,0.9966059,0.98340577,-0.17987889,-0.023592055,0.18119904,0.9802789,0.078867584
1356012691200,0.006015241,-0.07938084,0.99682623,0.9800534,-0.19755173,-0.021645755,0.19864303,0.9770732,0.076609164
1356012691240,-0.013816237,-0.058279157,0.9982047,0.9772481,-0.21209657,0.0011431575,0.21164918,0.9755094,0.059883565
1356012691280,-0.047418892,-0.01529786,0.99875796,0.97458565,-0.21986812,0.042903543,0.21893874,0.9754096,0.025334984
1356012691322,-0.08476454,0.05504492,0.99487936,0.97220933,-0.21411389,0.094679594,0.21822917,0.97525644,-0.03536582
1356012691360,-0.12668192,0.14159825,0.98178494,0.9692118,-0.1930061,0.15289599,0.21114028,0.9709267,-0.11278826
1356012691402,-0.1609304,0.23524013,0.9585215,0.9667617,-0.15792894,0.20107272,0.1986787,0.9590206,-0.20200562
1356012691440,-0.19647127,0.31134906,0.9297639,0.9625201,-0.11956608,0.24343204,0.18696055,0.9427438,-0.27618843
1356012691480,-0.23253134,0.35840988,0.90414137,0.95588756,-0.087319285,0.2804538,0.17946643,0.92947173,-0.32229507
1356012691520,-0.27416903,0.37466875,0.8856944,0.94534993,-0.06400907,0.31971288,0.17647895,0.92494655,-0.33664376
1356012691560,-0.32045305,0.3669097,0.87331957,0.93076086,-0.04938364,0.36227807,0.17605108,0.9289448,-0.32568002
1356012691599,-0.36819106,0.3425365,0.86435187,0.9128062,-0.04349923,0.40606973,0.17669234,0.93849695,-0.29665345
1356012691640,-0.4124642,0.31038716,0.8564655,0.89347816,-0.04553765,0.44679213,0.17767996,0.9495189,-0.25854158
1356012691682,-0.449929,0.27479795,0.8497352,0.8750223,-0.054641128,0.48098892,0.17860526,0.9599481,-0.21586967
1356012691720,-0.47595382,0.24147546,0.84567,0.86114013,-0.067337394,0.50388837,0.1786218,0.9680679,-0.17589474
1356012691762,-0.49163485,0.20962065,0.84519494,0.8527635,-0.08063358,0.5160356,0.17632273,0.97445244,-0.13911456
1356012691800,-0.49268478,0.18044382,0.8512941,0.85318214,-0.09240204,0.5133635,0.17129463,0.9792353,-0.10842633
1356012691840,-0.48203987,0.15442246,0.8624333,0.861051,-0.09845626,0.4988963,0.16195273,0.983087,-0.08550578
1356012691884,-0.45549756,0.13245314,0.8803284,0.8780853,-0.095983565,0.4687785,0.14658824,0.9865309,-0.07258487
1356012691920,-0.40778172,0.11455876,0.90586436,0.90404564,-0.08855498,0.41816193,0.1281229,0.9894616,-0.06745529
1356012691960,-0.34644318,0.1018208,0.9325286,0.93205535,-0.075037,0.3544605,0.1060656,0.99196875,-0.068906546
1356012692000,-0.26649266,0.08984998,0.9596399,0.9601034,-0.06280428,0.27250168,0.08475375,0.99397314,-0.06952846
1356012692040,-0.17386246,0.07306495,0.98205566,0.98226964,-0.05815178,0.1782268,0.07013044,0.9956304,-0.061659038
1356012692080,-0.07304329,0.04831043,0.996158,0.995069,-0.06366968,0.076051265,0.067099124,0.996801,-0.043421566
1356012692122,0.023767114,0.013945997,0.9996202,0.99664456,-0.07866889,-0.022598803,0.07832384,0.9968032,-0.015768945
1356012692160,0.11272466,-0.022566944,0.99336994,0.9889358,-0.09447789,-0.11436778,0.09643242,0.99527115,0.011667252
1356012692202,0.1793983,-0.057537556,0.9820925,0.97646904,-0.111035764,-0.18487635,0.119684726,0.9921495,0.036264032
1356012692240,0.22040996,-0.08469859,0.97172296,0.96510255,-0.12548986,-0.22984639,0.14140904,0.9884728,0.054083616
1356012692280,0.23674858,-0.101560056,0.9662482,0.9581569,-0.140284,-0.24951091,0.16088957,0.9848888,0.06409842
1356012692320,0.22756514,-0.105234265,0.9680599,0.95743644,-0.15710166,-0.24214584,0.17756581,0.98195976,0.06500423
1356012692350,0.19404346,-0.09708959,0.9761766,0.9621828,-0.17509526,-0.2086766,0.1911842,0.97975266,0.059441805
1356012692389,0.16126186,-0.07069576,0.9843763,0.9662875,-0.19153571,-0.1720542,0.20070669,0.9789363,0.03742498
1356012692430,0.115745485,-0.019783527,0.99308187,0.97188866,-0.20411634,-0.11734167,0.20502561,0.9787468,-0.004398167
1356012692470,0.06778896,0.0554232,0.9961591,0.9768527,-0.20672846,-0.054973453,0.20288756,0.97682726,-0.068154216
1356012692510,0.022325993,0.14681101,0.9889126,0.98054874,-0.19615161,0.0069829226,0.19500196,0.96952105,-0.14833465
1356012692550,-0.020652503,0.23838079,0.97095215,0.98253393,-0.17479894,0.06381419,0.18493357,0.9553114,-0.23060715
1356012692590,-0.06829876,0.31112522,0.9479116,0.9818097,-0.14775687,0.11923814,0.17715845,0.9388126,-0.29537416
1356012692632,-0.12502256,0.3538166,0.92692137,0.9769113,-0.11923435,0.17727828,0.1732448,0.9276837,-0.33074045
1356012692670,-0.19288653,0.36946973,0.9090032,0.9661739,-0.09010047,0.24163982,0.17118019,0.9248643,-0.3395928
1356012692712,-0.2674017,0.35773072,0.8947206,0.9485266,-0.06579232,0.30978784,0.16968638,0.93150413,-0.32172418
1356012692750,-0.34056085,0.33340958,0.8791225,0.9249952,-0.04878682,0.3768339,0.1685296,0.9415189,-0.2917874
1356012692790,-0.4040655,0.30176145,0.8635225,0.89918405,-0.04227084,0.43552417,0.16792619,0.9524459,-0.25425893
1356012692830,-0.4544682,0.26865494,0.84928393,0.874848,-0.044804394,0.482321,0.16762951,0.96219385,-0.21467006
1356012692871,-0.48952043,0.23765185,0.83898234,0.85591614,-0.052942634,0.5143974,0.16666543,0.96990657,-0.17749357
1356012692928,-0.509462,0.20946148,0.8346102,0.8448,-0.062640786,0.53140295,0.16358915,0.9758084,-0.14503992
1356012692958,-0.51484245,0.18375978,0.8373587,0.84290206,-0.06966281,0.53353834,0.15637565,0.9804996,-0.119026124
1356012692986,-0.5044575,0.16087785,0.84831655,0.85111785,-0.07271874,0.5199139,0.14533114,0.9842918,-0.100242496
1356012693026,-0.4826352,0.14155275,0.86430675,0.86618406,-0.0688504,0.4949595,0.12957072,0.98753357,-0.08938116
1356012693071,-0.4480219,0.12515894,0.88521844,0.8873118,-0.058841407,0.4574008,0.1093353,0.9903903,-0.084692776
1356012693111,-0.4000349,0.10900515,0.9099945,0.9122321,-0.048352122,0.40681046,0.088344604,0.99286455,-0.08009541
1356012693150,-0.343239,0.08909175,0.9350132,0.9365252,-0.043281615,0.34791818,0.07146552,0.9950826,-0.06858075
1356012693189,-0.2790072,0.062344015,0.9582631,0.95811325,-0.049063563,0.28215557,0.06460649,0.99684805,-0.046043515
1356012693231,-0.20969766,0.02856502,0.97734886,0.975168,-0.06671184,0.21117955,0.071233094,0.99736327,-0.013866305
1356012693269,-0.13869238,-0.008869141,0.9902959,0.98629963,-0.091421545,0.13731387,0.08931652,0.99577284,0.021427095
1356012693310,-0.07178438,-0.045758754,0.99636996,0.9908805,-0.117476165,0.065993756,0.114029914,0.99202085,0.053774416
1356012693350,-0.014071643,-0.0780521,0.99684995,0.9900065,-0.14099097,0.002935648,0.14031774,0.98692924,0.07925612
1356012693390,0.030380845,-0.10246968,0.9942721,0.9859446,-0.16042477,-0.046659797,0.164287,0.9817147,0.096155584
1356012693432,0.05945438,-0.11582285,0.99148893,0.9809436,-0.17726964,-0.07953015,0.18497232,0.9773232,0.10307622
1356012693470,0.071425736,-0.11567536,0.9907156,0.9768827,-0.19253105,-0.09290823,0.20149073,0.97444904,0.0992496
1356012693512,0.069283545,-0.09407011,0.9931519,0.97466874,-0.20583093,-0.08749017,0.21265164,0.97405565,0.07742649
1356012693550,0.050537527,-0.04972902,0.99748325,0.97469187,-0.21531755,-0.060117364,0.21776521,0.97527707,0.037588865
1356012693590,0.02247119,0.022834837,0.9994866,0.9764284,-0.21516806,-0.017036915,0.21466857,0.97631,-0.027131617
1356012693630,-0.013696551,0.117839456,0.99293816,0.9788532,-0.20112091,0.03737083,0.20410442,0.97245264,-0.112592846
1356012693663,-0.05263698,0.21041161,0.97619486,0.9800715,-0.17661911,0.090914935,0.1915442,0.96152616,-0.19692177
