1356011726773,-0.20444275,-0.1722735,0.96360004,0.64916104,0.7129274,0.26518762,-0.7326617,0.6797473,-0.033919632
1356011726814,0.61701083,0.64236987,-0.45459712,-0.28724796,-0.35397068,-0.89005244,-0.73265696,0.67975414,-0.03388432
1356011726853,0.6169422,0.64237905,-0.45467728,-0.28745168,-0.3538884,-0.8900194,-0.73263484,0.67978835,-0.03367573
1356011726893,0.6166791,0.64236933,-0.45504797,-0.2881232,-0.3537623,-0.8898524,-0.7325927,0.6798632,-0.033076316
1356011726943,0.615828,0.64228505,-0.45631772,-0.290035,-0.35369438,-0.88925815,-0.73255414,0.67997813,-0.031529784
1356011726985,0.6142404,0.64169157,-0.45928285,-0.2933679,-0.35461274,-0.887798,-0.7325599,0.6800602,-0.029565811
1356011727023,0.6121546,0.6407245,-0.46339935,-0.2975422,-0.35631827,-0.8857235,-0.7326223,0.68008053,-0.027479291
1356011727063,0.6098119,0.6392449,-0.46850342,-0.30207825,-0.35904348,-0.8830836,-0.7327197,0.6800395,-0.025846988
1356011727103,0.6075834,0.63726497,-0.47406316,-0.30626357,-0.36273196,-0.88012964,-0.7328336,0.6799404,-0.025218872
1356011727145,0.6057306,0.6348114,-0.4796926,-0.30965587,-0.36727208,-0.87705445,-0.73294187,0.67979836,-0.02589488
1356011727183,0.6045135,0.63207644,-0.484812,-0.31191397,-0.37219286,-0.8741751,-0.7329891,0.67967033,-0.027842134
1356011727223,0.6041517,0.6293274,-0.48882276,-0.31283706,-0.3768684,-0.8718389,-0.732894,0.6796448,-0.030808747
1356011727265,0.6048716,0.62684107,-0.49112186,-0.31214234,-0.38074625,-0.87040186,-0.7325964,0.6797813,-0.03463894
1356011727303,0.60676146,0.6248178,-0.4913687,-0.30965036,-0.38353565,-0.87006724,-0.7320909,0.68007576,-0.039239585
1356011727343,0.6096711,0.62334293,-0.48963732,-0.30552977,-0.38518354,-0.8707957,-0.7314046,0.68049777,-0.044385463
1356011727385,0.6133209,0.6224098,-0.48625463,-0.30026454,-0.38568223,-0.872405,-0.7305332,0.6810692,-0.04965934
1356011727425,0.6171709,0.62208223,-0.481782,-0.29474872,-0.38493657,-0.87461257,-0.7295364,0.68179,-0.054213703
1356011727463,0.62094396,0.6222446,-0.47669727,-0.28950834,-0.38309032,-0.8771697,-0.72843224,0.6826811,-0.057732582
1356011727503,0.62440085,0.6229567,-0.47122037,-0.28452826,-0.38043073,-0.8799524,-0.7274389,0.68351847,-0.060292512
1356011727543,0.6270864,0.62422025,-0.46595258,-0.27990866,-0.3776488,-0.88262826,-0.7269208,0.6839083,-0.062093794
1356011727583,0.62843585,0.626042,-0.46167064,-0.2760195,-0.37541682,-0.88480246,-0.72724247,0.6834717,-0.06312555
1356011727623,0.6279553,0.6284293,-0.45907366,-0.27328867,-0.37425277,-0.88614225,-0.7286874,0.6819174,-0.06327137
1356011727663,0.6253166,0.6313945,-0.45860666,-0.27190393,-0.37456647,-0.8864356,-0.73146933,0.6789999,-0.06254396
1356011727708,0.62040126,0.6349028,-0.46043527,-0.2717994,-0.37664214,-0.88558775,-0.73568153,0.67456585,-0.061103046
1356011727745,0.61356735,0.6387462,-0.4642611,-0.27269566,-0.38036802,-0.88371783,-0.7410615,0.66882247,-0.059198078
1356011727785,0.6057496,0.64244163,-0.46939975,-0.27425486,-0.38520938,-0.88113445,-0.74689466,0.66248196,-0.057147685
1356011727825,0.59763145,0.64541095,-0.47569042,-0.2764812,-0.3910124,-0.87787676,-0.752592,0.6561662,-0.055237327
1356011727865,0.5894391,0.6471062,-0.48354435,-0.27965087,-0.3981133,-0.87367105,-0.7578634,0.65019953,-0.053699736
1356011727905,0.5808536,0.6472021,-0.4936988,-0.28416646,-0.4071256,-0.8680426,-0.7627964,0.64449835,-0.052567214
1356011727944,0.57146037,0.6456665,-0.50650555,-0.29026312,-0.41828176,-0.86069024,-0.7675809,0.63887024,-0.051618278
1356011727984,0.5612096,0.6428528,-0.5213292,-0.29769912,-0.4309367,-0.8518619,-0.7722817,0.63327235,-0.0504691
1356011728023,0.55065817,0.63941354,-0.53658736,-0.30574298,-0.44365436,-0.8424322,-0.77672184,0.62795,-0.048805714
1356011728063,0.5409268,0.6362151,-0.5501168,-0.31319112,-0.45466375,-0.83378184,-0.7805828,0.62330663,-0.046682924
1356011728103,0.5332114,0.6341855,-0.5599056,-0.31856686,-0.46260315,-0.82735324,-0.7837096,0.6195216,-0.04463479
1356011728145,0.52817893,0.6340821,-0.5647715,-0.32053456,-0.4670228,-0.82410383,-0.78631073,0.6163031,-0.043426365
1356011728183,0.52569354,0.63637006,-0.564517,-0.31857055,-0.46804807,-0.82428384,-0.7887707,0.6131592,-0.043321073
1356011728223,0.52472025,0.6409005,-0.5602814,-0.31399596,-0.4660439,-0.82716966,-0.79124916,0.60995877,-0.043302536
1356011728263,0.5245477,0.64738774,-0.55293655,-0.30958468,-0.45996183,-0.8322214,-0.79309964,0.6077205,-0.04085058
1356011728303,0.525651,0.65508884,-0.54272425,-0.3085065,-0.44774958,-0.8392521,-0.7927892,0.6085876,-0.033260852
1356011728343,0.5299753,0.6629834,-0.52875245,-0.31200105,-0.42734042,-0.84854907,-0.7885313,0.6146813,-0.019628316
1356011728383,0.5398321,0.6698299,-0.5098129,-0.3183698,-0.39818683,-0.8602836,-0.7792445,0.6267178,-0.0017004609
1356011728423,0.55633324,0.67441934,-0.48543978,-0.32360697,-0.36222923,-0.87411004,-0.76535726,0.6433882,0.016726699
1356011728463,0.5786269,0.6759281,-0.4564122,-0.32361174,-0.32339886,-0.88920677,-0.74864304,0.6622193,0.031610996
1356011728503,0.6045914,0.6741911,-0.42418805,-0.3157907,-0.28602397,-0.90469134,-0.7312629,0.6809232,0.0399757
1356011728543,0.6320495,0.6695875,-0.39008462,-0.29919043,-0.2534957,-0.9199048,-0.7148416,0.698135,0.040112346
1356011728583,0.6593312,0.6627892,-0.3549545,-0.27374485,-0.22808081,-0.93436766,-0.70024717,0.71322477,0.031054348
1356011728624,0.6855008,0.65448153,-0.31897104,-0.23872904,-0.21183169,-0.9477002,-0.68782055,0.7257969,0.011032999
1356011728663,0.708489,0.64601105,-0.2841002,-0.1966313,-0.20592497,-0.95860887,-0.67777526,0.73502684,-0.018869553
1356011728711,0.72744656,0.63851005,-0.25125,-0.14691646,-0.21273598,-0.96600163,-0.6702516,0.73962724,-0.06094643
1356011728746,0.7409446,0.63313663,-0.22391753,-0.092042744,-0.234539,-0.9677394,-0.66522866,0.7376513,-0.11550477
1356011728786,0.7484279,0.63055384,-0.20556615,-0.036898702,-0.26988447,-0.96218544,-0.6621889,0.7277116,-0.17872244
1356011728825,0.7505463,0.6304143,-0.19813657,0.016135633,-0.31722927,-0.94821155,-0.66062087,0.70847964,-0.24826735
1356011728866,0.7495994,0.6313625,-0.19870113,0.06408644,-0.36802232,-0.92760587,-0.65878195,0.6825987,-0.3163311
1356011728907,0.7476454,0.63284194,-0.20133911,0.10576242,-0.41277122,-0.9046736,-0.65562236,0.6550809,-0.3755374
1356011728946,0.7456288,0.6357081,-0.19978248,0.13884208,-0.4414422,-0.8864828,-0.6517366,0.63324887,-0.41741502
1356011729002,0.7432034,0.64059734,-0.19309002,0.16093668,-0.4512864,-0.8777472,-0.6494214,0.62126935,-0.4384932
1356011729023,0.7396082,0.6482851,-0.18084818,0.17248611,-0.44230622,-0.88012147,-0.6505599,0.6197512,-0.43895352
1356011729063,0.73459506,0.65875334,-0.16252422,0.1756593,-0.4160099,-0.8922329,-0.6553731,0.626881,-0.42131495
1356011729101,0.72820544,0.6718912,-0.13519993,0.17614882,-0.37412524,-0.9104954,-0.66233563,0.63921237,-0.39079288
1356011729144,0.72044545,0.6869103,-0.095460564,0.17873612,-0.31690836,-0.93146265,-0.6700834,0.65400577,-0.35109085
1356011729184,0.71083,0.70219743,-0.04049042,0.1882371,-0.24538672,-0.95097435,-0.67770755,0.6683593,-0.30660784
1356011729224,0.6995026,0.7142129,0.024413705,0.20295435,-0.16578618,-0.9650515,-0.6852048,0.68001086,-0.26092046
1356011729263,0.6887265,0.7203374,0.0822787,0.21269342,-0.09224927,-0.97275466,-0.69312143,0.68746203,-0.21674554
1356011729303,0.68226004,0.7226634,0.11081007,0.20394757,-0.042574257,-0.9780556,-0.7020873,0.68988764,-0.17643215
1356011729343,0.68039197,0.72601223,0.09986526,0.17201445,-0.025749065,-0.9847578,-0.71237475,0.6871996,-0.14240403
1356011729384,0.6780319,0.73276407,0.057701737,0.12478262,-0.0373879,-0.9914794,-0.7243632,0.6794549,-0.116786405
1356011729423,0.6706228,0.7417931,0.0028266013,0.07673335,-0.06558022,-0.9948926,-0.7378191,0.66741455,-0.100899845
1356011729463,0.6581457,0.75132227,-0.048570067,0.03856942,-0.09807235,-0.9944317,-0.751902,0.6526076,-0.093523994
1356011729504,0.6439001,0.759982,-0.088431,0.012124836,-0.12570071,-0.9919942,-0.7650135,0.63767296,-0.09015338
1356011729543,0.63262576,0.7661787,-0.11293751,-0.005878061,-0.14107342,-0.98998165,-0.77443534,0.6269517,-0.08474304
1356011729583,0.62857807,0.76826185,-0.12109241,-0.019024849,-0.14046152,-0.98990333,-0.77751386,0.6245353,-0.07367499
1356011729623,0.63383687,0.7648933,-0.11484444,-0.028633028,-0.12517437,-0.9917215,-0.77293664,0.631878,-0.057438925
1356011729663,0.64712685,0.7560046,-0.09840712,-0.034029156,-0.100306764,-0.9943745,-0.76162255,0.6468351,-0.039185017
1356011729716,0.6660923,0.742137,-0.07452318,-0.033469677,-0.070073545,-0.99698013,-0.745118,0.666575,-0.021836326
1356011729744,0.6852217,0.72677046,-0.04770705,-0.026319087,-0.04075083,-0.9988227,-0.7278589,0.6856705,-0.008795425
1356011729781,0.70297784,0.71098757,-0.017857313,-0.011388391,-0.013852075,-0.9998392,-0.7111206,0.70306814,-0.0016406924
1356011729825,0.717969,0.6958646,0.017114967,0.014027774,0.010118261,-0.9998504,-0.6959337,0.7181016,-0.0024968088
1356011729866,0.7280737,0.68297577,0.05875948,0.051640272,0.030828558,-0.9981898,-0.68355095,0.7297902,-0.0128236115
1356011729906,0.7303201,0.67521787,0.10350618,0.102522075,0.04146412,-0.9938662,-0.67536795,0.7364521,-0.038942665
1356011729945,0.7223189,0.67462325,0.15211505,0.1658696,0.04453466,-0.98514163,-0.67137384,0.7368176,-0.079731256
1356011729987,0.7016827,0.687407,0.18738452,0.23588982,0.024033792,-0.97148263,-0.6723075,0.72587466,-0.14528823
1356011730034,0.6704948,0.71232116,0.20744966,0.3106656,-0.015641127,-0.95039064,-0.67373854,0.7016794,-0.23178098
1356011730075,0.63578004,0.73832357,0.2250823,0.3823774,-0.04796112,-0.9227607,-0.6705008,0.67273927,-0.31281096
1356011730140,0.6026036,0.7594833,0.24505943,0.4424439,-0.06238765,-0.8946235,-0.6641629,0.6475284,-0.37362376
1356011730156,0.56836504,0.77381754,0.27958465,0.49206352,-0.04734564,-0.86927086,-0.65941995,0.63163656,-0.407677
1356011730196,0.5299135,0.7777331,0.33811677,0.5324092,0.0052397847,-0.8464709,-0.6601001,0.6285729,-0.41129565
1356011730236,0.4760761,0.76618314,0.4316423,0.57554007,0.09965506,-0.8116789,-0.66490996,0.63484836,-0.39352566
1356011730277,0.39055791,0.72216535,0.57091296,0.62944174,0.24306235,-0.738054,-0.6717645,0.6476093,-0.35963112
1356011730316,0.26096356,0.6235041,0.7369807,0.6870671,0.41631383,-0.59550107,-0.6781126,0.66175926,-0.31974643
1356011730357,0.10015944,0.46180865,0.8813063,0.72269416,0.5750419,-0.38345796,-0.6838722,0.6753219,-0.27615052
1356011730395,-0.029653579,0.29679036,0.9544821,0.72407293,0.6646769,-0.18418187,-0.6890856,0.68565303,-0.23460793
1356011730440,-0.099056,0.17720106,0.979177,0.71179175,0.70025593,-0.054718256,-0.6953707,0.69155,-0.19549483
1356011730479,-0.081901126,0.1473208,0.985692,0.7069145,0.70575273,-0.04674378,-0.7025411,0.6929716,-0.16194516
1356011730514,-0.0028636158,0.18934295,0.98190683,0.7024313,0.69925463,-0.13278997,-0.7117457,0.6893419,-0.13500279
1356011730565,0.15388986,0.32359302,0.9335981,0.6706109,0.659714,-0.33920276,-0.72567135,0.67828095,-0.115481734
1356011730605,0.38514096,0.54170185,0.74714494,0.5512596,0.51424783,-0.6570099,-0.7401211,0.66491216,-0.10056043
1356011730643,0.53062373,0.6798867,0.50615466,0.3880528,0.3360381,-0.85819197,-0.75356054,0.6517917,-0.085522115
1356011730706,0.595562,0.7385716,0.31593966,0.25180203,0.20183867,-0.94649714,-0.7628248,0.64325196,-0.065766364
1356011730726,0.62401724,0.75520587,0.20066556,0.15926486,0.12848839,-0.97883886,-0.765008,0.6427713,-0.040098786
1356011730765,0.64320314,0.7522477,0.14287496,0.10133806,0.101322144,-0.9896789,-0.75896007,0.65104324,-0.011060625
1356011730807,0.6624404,0.73898315,0.12278682,0.0693568,0.10270262,-0.9922912,-0.745897,0.6658499,0.016780853
1356011730845,0.68180645,0.7205154,0.12648174,0.05824426,0.11888322,-0.99119854,-0.72921026,0.68317235,0.03908947
1356011730886,0.6992754,0.69893056,0.15003303,0.06745809,0.14442477,-0.9872136,-0.7116623,0.7004552,0.053844184
1356011730925,0.711936,0.67431766,0.19606864,0.099779725,0.17923614,-0.97873306,-0.69511956,0.7163589,0.060321435
1356011730966,0.71491516,0.64431226,0.27158424,0.16128096,0.22598541,-0.96068674,-0.6803564,0.7306109,0.057645082
1356011731007,0.6972298,0.60451204,0.38527364,0.26041013,0.28714633,-0.9218099,-0.6678751,0.74304247,0.042785913
1356011731046,0.63565373,0.545467,0.54626924,0.4031459,0.3689126,-0.8374825,-0.6583447,0.7525751,0.014597893
1356011731087,0.5173134,0.47934967,0.70895034,0.55315,0.44481876,-0.7043872,-0.6530022,0.7565448,-0.03504151
1356011731126,0.34451178,0.41491753,0.8421133,0.676117,0.5126591,-0.52919406,-0.6512889,0.7516808,-0.10391575
1356011731173,0.17625573,0.39104715,0.90333605,0.7373153,0.5555509,-0.3843559,-0.6521504,0.7337884,-0.19040596
1356011731215,0.05046037,0.4225124,0.90495133,0.7555922,0.5763782,-0.31123704,-0.6530957,0.6994794,-0.29016286
1356011731257,-0.12978148,0.37482798,0.91796553,0.7488768,0.6438389,-0.15701947,-0.6498772,0.6670649,-0.3642583
1356011731295,-0.33325484,0.23794544,0.9123175,0.68637025,0.724628,0.06172666,-0.6464032,0.6467583,-0.40480447
1356011731337,-0.5206206,0.02650404,0.8533767,0.5581938,0.76688194,0.3167203,-0.6460448,0.64124066,-0.4140489
1356011731379,-0.6387986,-0.18337104,0.74720246,0.41219673,0.73847115,0.53362364,-0.6496386,0.64887244,-0.3961494
1356011731416,-0.689994,-0.32361344,0.64744323,0.30952665,0.67665285,0.66808254,-0.6542948,0.6613738,-0.36671942
1356011731457,-0.70822835,-0.4133488,0.57232445,0.25270915,0.608531,0.7522155,-0.65920454,0.677372,-0.32652187
1356011731495,-0.71302485,-0.4682266,0.52188057,0.22748959,0.5495697,0.8038791,-0.66320735,0.6919082,-0.2853402
1356011731537,-0.71191823,-0.50513834,0.48786026,0.21942216,0.49991652,0.837817,-0.6671029,0.7035046,-0.2450611
1356011731575,-0.70717335,-0.531971,0.46573892,0.2203296,0.4601109,0.8600888,-0.6718339,0.710848,-0.20816922
1356011731616,-0.6992167,-0.55358833,0.45236704,0.22530007,0.42988694,0.874321,-0.67848057,0.71325815,-0.17586064
1356011731655,-0.6877718,-0.5723808,0.4464864,0.23199324,0.4094944,0.8823227,-0.6878583,0.7104185,-0.1488502
1356011731712,-0.67255414,-0.58878076,0.4483394,0.23965779,0.39989614,0.8846736,-0.70016795,0.70243883,-0.12784588
1356011731738,-0.6532969,-0.6021078,0.45898727,0.24839877,0.40222317,0.8812007,-0.71519315,0.6896975,-0.113208294
1356011731776,-0.62977445,-0.6087714,0.4824745,0.26299393,0.41733426,0.8698657,-0.7309025,0.674707,-0.1027233
1356011731817,-0.6011847,-0.6076174,0.5190165,0.28685004,0.44211674,0.84985286,-0.7458513,0.65979844,-0.09149873
1356011731856,-0.5625309,-0.58725417,0.5819721,0.33407307,0.48243284,0.8097245,-0.7562765,0.64991623,-0.07519758
1356011731895,-0.5013457,-0.53272146,0.6818067,0.4154269,0.5430242,0.7297569,-0.7589947,0.6491013,-0.050936043
1356011731935,-0.37963822,-0.4073676,0.8306182,0.5386091,0.63265955,0.556455,-0.7521803,0.65863,-0.020769894
1356011731985,-0.13371088,-0.16089177,0.97787285,0.66427237,0.71770227,0.20891553,-0.7354343,0.6775082,0.0109113455
1356011732054,0.20181477,0.1560413,0.96691364,0.6710479,0.6970727,-0.2525557,-0.7134182,0.6998148,0.035968363
1356011732074,0.42355713,0.35021564,0.835433,0.5819662,0.60154986,-0.5472229,-0.69420063,0.717974,0.05097705
1356011732115,0.5180762,0.4232325,0.7432842,0.52145773,0.53254116,-0.66669464,-0.6779963,0.7329899,0.055198997
1356011732151,0.5279112,0.42277735,0.73659295,0.5283022,0.5156078,-0.67457056,-0.6649862,0.745257,0.04884091
1356011732195,0.4796404,0.38830566,0.78686965,0.5831461,0.52900803,-0.61651534,-0.6556567,0.75456566,0.027294695
1356011732233,0.356288,0.31828994,0.8784933,0.6707719,0.5674012,-0.47762012,-0.6504798,0.7594389,-0.011341691
1356011732273,0.17629111,0.24251008,0.9539971,0.73919797,0.60737777,-0.29099602,-0.6500061,0.7564927,-0.07218766
1356011732325,-0.007983692,0.2194643,0.97558784,0.7561744,0.63971376,-0.13771924,-0.65432143,0.73661506,-0.17106056
1356011732365,-0.2416044,0.14112183,0.9600583,0.71674323,0.69290227,0.07852095,-0.65414554,0.7070863,-0.26855636
1356011732406,-0.42165828,0.06322989,0.9045476,0.633005,0.73478425,0.24371466,-0.6492373,0.67534745,-0.34985268
1356011732447,-0.56485575,-0.049742237,0.8236891,0.5167508,0.75690573,0.4000779,-0.6433557,0.65162826,-0.40183818
1356011732485,-0.66599876,-0.19387104,0.7203193,0.38053763,0.74223757,0.5516108,-0.6415894,0.6414807,-0.4205541
1356011732520,-0.722434,-0.3351531,0.6047821,0.24929017,0.6895925,0.6799387,-0.6449368,0.6419771,-0.41463464
1356011732565,-0.74249345,-0.45167673,0.49466324,0.14762129,0.6099752,0.7785488,-0.6533847,0.6510902,-0.38622552
1356011732603,-0.74454933,-0.5304182,0.40534297,0.0824098,0.5295197,0.84428525,-0.6624614,0.66201615,-0.3505419
1356011732644,-0.7394633,-0.5829999,0.33660823,0.046516955,0.45456955,0.88949573,-0.67158777,0.67340755,-0.30901814
1356011732712,-0.73258376,-0.6197056,0.28157765,0.027567983,0.38632107,0.9219523,-0.6801184,0.6831698,-0.2659285
1356011732726,-0.7251061,-0.6474339,0.23462859,0.017257184,0.32352352,0.94606274,-0.6884209,0.69004494,-0.22341597
1356011732765,-0.7172048,-0.6704247,0.19012621,0.008467764,0.2644273,0.96436846,-0.69681096,0.6932596,-0.18397152
1356011732806,-0.70828825,-0.69177437,0.14062682,-0.005978167,0.20508063,0.9787268,-0.7058979,0.69238,-0.14939171
1356011732847,-0.69671136,-0.7136449,0.07282972,-0.036779165,0.13692868,0.9898979,-0.7164081,0.6869945,-0.12164706
1356011732886,-0.67845374,-0.7336794,-0.037617654,-0.099855244,0.041366696,0.9941417,-0.72782516,0.6782354,-0.10132712
1356011732927,-0.6376939,-0.7367064,-0.22496727,-0.21361485,-0.111466885,0.9705379,-0.74007785,0.6669624,-0.086289644
1356011732965,-0.52985966,-0.6625843,-0.5293683,-0.39519107,-0.35938317,0.8453802,-0.7503817,0.65713453,-0.07142478
1356011733006,-0.3232332,-0.44104564,-0.8372568,-0.56955135,-0.61589503,0.54432017,-0.7557324,0.6528031,-0.052120388
1356011733047,-0.10691053,-0.16291367,-0.9808309,-0.6491087,-0.7358128,0.19296962,-0.75314534,0.6572964,-0.027082503
1356011733086,0.043621182,0.046065867,-0.99798554,-0.6669934,-0.7423595,-0.063420236,-0.74378556,0.6684162,-0.0016569123
1356011733127,0.12788033,0.16636214,-0.9777373,-0.67261136,-0.7099365,-0.20876803,-0.7288625,0.6843346,0.021110155
1356011733165,0.1686024,0.22330798,-0.9600556,-0.6821583,-0.6766313,-0.27718258,-0.71150076,0.7016435,0.038249735
1356011733206,0.1726808,0.23155238,-0.9573739,-0.69849175,-0.6565163,-0.28477275,-0.6944714,0.7178925,0.048369706
1356011733248,0.1401506,0.196388,-0.9704585,-0.7206356,-0.65191245,-0.235997,-0.67900085,0.732422,0.050158203
1356011733288,0.055870414,0.107922524,-0.99258816,-0.7436211,-0.6588975,-0.113497525,-0.66626287,0.7444507,0.04344058
1356011733325,-0.05605918,-0.017649055,-0.99827147,-0.75155747,-0.6574678,0.05382842,-0.6572814,0.75327593,0.02359283
1356011733369,-0.1787278,-0.1713647,-0.9688604,-0.73575294,-0.63050574,0.24724501,-0.65324116,0.7570315,-0.013393164
1356011733408,-0.255022,-0.31256282,-0.9150237,-0.7112552,-0.58043355,0.39650083,-0.6550418,0.7519318,-0.07428861
1356011733455,-0.25286418,-0.42448175,-0.86941075,-0.7066343,-0.5327716,0.46564212,-0.66085386,0.73209965,-0.16523454
1356011733497,-0.21557593,-0.5108782,-0.83218414,-0.7172142,-0.4955014,0.48998177,-0.6626695,0.7024826,-0.25959086
1356011733535,-0.15864658,-0.5658832,-0.8090781,-0.7351056,-0.47935724,0.47941256,-0.659129,0.670815,-0.33993554
1356011733576,-0.114492655,-0.5983555,-0.79300827,-0.74790496,-0.47348404,0.46524292,-0.6538574,0.64636177,-0.39330256
1356011733615,-0.09956139,-0.6154534,-0.78185976,-0.751993,-0.4680273,0.46417344,-0.6516088,0.63416684,-0.41621912
1356011733656,-0.1113441,-0.6213393,-0.77559006,-0.74830914,-0.46113545,0.47685164,-0.6539388,0.6334757,-0.4136092
1356011733714,-0.14282614,-0.6181682,-0.772961,-0.7378325,-0.4540407,0.4994499,-0.6596998,0.64165026,-0.39125562
1356011733736,-0.17813611,-0.60661095,-0.7747842,-0.72434646,-0.4520998,0.52050745,-0.6660253,0.6539334,-0.3588612
1356011733777,-0.2152741,-0.5887504,-0.7791212,-0.70868033,-0.45473337,0.5394346,-0.67188483,0.6682742,-0.31934357
1356011733815,-0.24401695,-0.56491315,-0.7882442,-0.69453156,-0.46547353,0.5485986,-0.67681736,0.68132776,-0.27876657
1356011733856,-0.26572657,-0.53750825,-0.8002963,-0.68166065,-0.48226082,0.5502393,-0.68170977,0.69174373,-0.2382487
1356011733895,-0.27649993,-0.50594443,-0.81704843,-0.6714993,-0.50649315,0.5408821,-0.6874857,0.6982013,-0.19969597
1356011733936,-0.2745831,-0.47032556,-0.83868825,-0.66466343,-0.5374535,0.51900506,-0.69485724,0.69995546,-0.16503257
1356011733976,-0.25933534,-0.4308312,-0.86436665,-0.6606443,-0.57370096,0.4841657,-0.7044816,0.6966002,-0.13584521
1356011734016,-0.23032486,-0.3860095,-0.8932789,-0.6591955,-0.6133667,0.43502033,-0.71582955,0.6890414,-0.1131821
1356011734055,-0.19231987,-0.33681393,-0.92172086,-0.6575051,-0.65302896,0.37581933,-0.72849166,0.67831373,-0.09586641
1356011734096,-0.15217692,-0.28213695,-0.94722795,-0.65455806,-0.6893177,0.31047505,-0.7405375,0.6672629,-0.079776734
1356011734135,-0.119687915,-0.2239011,-0.9672348,-0.6515413,-0.7173836,0.24668735,-0.74911195,0.6597189,-0.060018644
1356011734176,-0.098142326,-0.16322024,-0.9816961,-0.65301883,-0.7338179,0.18729082,-0.7509558,0.6594472,-0.03456734
1356011734219,-0.08244836,-0.10254541,-0.99130553,-0.66171265,-0.7381545,0.13139388,-0.74521047,0.66679263,-0.006995961
1356011734256,-0.06915772,-0.046981484,-0.9964989,-0.67701507,-0.731446,0.08147043,-0.7327127,0.6802791,0.018777862
1356011734296,-0.054157794,-2.3540854E-4,-0.9985324,-0.69480026,-0.71820587,0.03785348,-0.7171607,0.69583064,0.038732886
1356011734337,-0.038977742,0.033501565,-0.9986784,-0.71264946,-0.7015073,0.004281491,-0.70043665,0.7118745,0.051218003
1356011734376,-0.028401613,0.050495565,-0.9983204,-0.72781926,-0.6856266,-0.013973355,-0.6851806,0.7261999,0.05622457
1356011734417,-0.022597075,0.05056846,-0.99846494,-0.74037933,-0.6719674,-0.017276525,-0.67180943,0.7388524,0.05262424
1356011734455,-0.022585511,0.031542033,-0.99924725,-0.7501874,-0.66121376,-0.003915608,-0.6608395,0.7495342,0.038596258
1356011734497,-0.023584485,-0.0053517222,-0.9997075,-0.75693864,-0.65313697,0.021353662,-0.65306026,0.75722086,0.011353016
1356011734536,-0.011827588,-0.055247426,-0.99840266,-0.76028717,-0.6480358,0.044866383,-0.64947945,0.7596034,-0.03433916
1356011734576,0.019797683,-0.113088846,-0.9933876,-0.76002854,-0.64724797,0.058536798,-0.649588,0.753844,-0.0987647
1356011734615,0.08183044,-0.16858885,-0.9822839,-0.7542026,-0.65476984,0.04954794,-0.65152305,0.7367865,-0.18073024
1356011734656,0.1580503,-0.2175191,-0.9631747,-0.74206144,-0.6696837,0.029471278,-0.651433,0.71007687,-0.26725626
1356011734716,0.22262388,-0.25973618,-0.9396679,-0.7285016,-0.6848404,0.016703725,-0.64786106,0.68083096,-0.34168005
1356011734749,0.2438299,-0.30375552,-0.92102087,-0.72526896,-0.68758744,0.034761697,-0.6438415,0.6595119,-0.38795888
1356011734781,0.20898157,-0.35916173,-0.90957665,-0.73682916,-0.66936845,0.09501985,-0.64296937,0.6503451,-0.4045265
1356011734823,0.12581044,-0.41789356,-0.8997426,-0.7521751,-0.6315331,0.18814506,-0.6468419,0.65309334,-0.3937826
1356011734853,0.026808381,-0.47050238,-0.8819914,-0.7575277,-0.58525664,0.28918248,-0.6522523,0.6603804,-0.3721084
1356011734890,-0.08352828,-0.5113627,-0.855296,-0.7473328,-0.53560895,0.3932134,-0.65917885,0.6720352,-0.33741966
1356011734924,-0.18253112,-0.5378417,-0.8230484,-0.72356176,-0.4932949,0.48282346,-0.6656881,0.6836567,-0.29912
1356011734962,-0.26728636,-0.5511741,-0.79042083,-0.690425,-0.46267164,0.556101,-0.67221373,0.6943645,-0.25687855
1356011735002,-0.3320874,-0.5530795,-0.7640819,-0.65465784,-0.4480369,0.60884,-0.67907375,0.7024002,-0.21329045
1356011735052,-0.37529218,-0.5453784,-0.7494785,-0.62120634,-0.452128,0.6400647,-0.6879377,0.7057922,-0.16911238
1356011735090,-0.38867468,-0.52591455,-0.7565355,-0.60234725,-0.4762959,0.64056224,-0.69721574,0.7046674,-0.13165903
1356011735131,-0.380036,-0.4997936,-0.77831805,-0.59562176,-0.51154745,0.6193173,-0.7076775,0.698946,-0.10328147
1356011735162,-0.35190272,-0.46345222,-0.81325054,-0.6001936,-0.5549863,0.5759842,-0.71828413,0.6907982,-0.082859844
1356011735201,-0.3087057,-0.4209113,-0.8529563,-0.6089443,-0.6014254,0.51717925,-0.7306762,0.679059,-0.070648074
1356011735241,-0.2528823,-0.36345965,-0.8966313,-0.6196429,-0.65089524,0.43860933,-0.7430298,0.6665078,-0.06061536
1356011735271,-0.19536239,-0.29334217,-0.9358333,-0.6290883,-0.6945631,0.34904173,-0.7523839,0.6569114,-0.048846632
1356011735301,-0.15015829,-0.2226918,-0.9632554,-0.63559115,-0.7245392,0.26658374,-0.75728226,0.6522663,-0.03274542
1356011735343,-0.12479162,-0.15455887,-0.98007077,-0.64479065,-0.73813313,0.19850557,-0.7541035,0.6567123,-0.0075452924
1356011735381,-0.10501677,-0.08590248,-0.9907534,-0.6608753,-0.7384225,0.13407502,-0.74311197,0.6688446,0.02077587
1356011735422,-0.0849179,-0.023256183,-0.99611646,-0.6814202,-0.7280304,0.07508761,-0.7269494,0.6851502,0.04597564
1356011735464,-0.06431204,0.026860118,-0.99756837,-0.7026929,-0.7110123,0.02615735,-0.70858073,0.7026664,0.06460105
1356011735502,-0.046150982,0.06022641,-0.9971173,-0.7215148,-0.6923476,-0.008423239,-0.6908591,0.71904624,0.075406894
1356011735543,-0.032234967,0.075684905,-0.99661064,-0.7371447,-0.67517793,-0.027431965,-0.6749656,0.73376197,0.077555016
1356011735582,-0.023832262,0.07225454,-0.99710155,-0.7492107,-0.6616503,-0.030038923,-0.6619029,0.7463232,0.06990245
1356011735621,-0.015168905,0.051155925,-0.99857545,-0.75726724,-0.65273666,-0.021935701,-0.65292895,0.75585574,0.048640013
1356011735650,-0.013947964,0.012372196,-0.9998262,-0.76202506,-0.64754224,0.0026176572,-0.6473973,0.7619291,0.018459812
1356011735696,0.023858309,-0.031540155,-0.99921775,-0.7598311,-0.65011626,0.0023783445,-0.64968264,0.7591799,-0.039475873
1356011735730,0.07215983,-0.09397006,-0.9929565,-0.7517308,-0.65942425,0.007776171,-0.6555103,0.7458749,-0.118224144
1356011735773,0.14365488,-0.16239026,-0.97621346,-0.7370218,-0.6758573,0.0039702654,-0.6604258,0.7189203,-0.21677537
1356011735810,0.19658035,-0.2379003,-0.95118856,-0.7265586,-0.6867646,0.021609128,-0.6583835,0.6868463,-0.30785292
1356011735851,0.22071248,-0.30957443,-0.9249052,-0.7263163,-0.68507737,0.055979073,-0.6509613,0.65941846,-0.37605405
1356011735890,0.19984484,-0.37893987,-0.90358543,-0.7382628,-0.6645647,0.11542031,-0.64422834,0.64401734,-0.41256705
1356011735920,0.149468,-0.44180852,-0.88457024,-0.752852,-0.6308124,0.1878551,-0.64099383,0.6378722,-0.4269027
1356011735954,0.07523203,-0.49235898,-0.8671348,-0.762543,-0.5887537,0.2681365,-0.6425482,0.64105517,-0.41973805
1356011735991,-0.0149514675,-0.52960455,-0.8481128,-0.76161814,-0.54354364,0.35284284,-0.6478536,0.65121365,-0.39522964
1356011736035,-0.115195274,-0.5513841,-0.82626,-0.7461364,-0.50107855,0.43840697,-0.6557518,0.6670051,-0.35368592
1356011736070,-0.19604337,-0.55881244,-0.8057888,-0.7229325,-0.47282678,0.50378907,-0.66252214,0.6812954,-0.31128913
1356011736110,-0.25813437,-0.5547014,-0.79099494,-0.6971924,-0.45982563,0.54998475,-0.6687971,0.6934456,-0.26803684
1356011736152,-0.29679567,-0.5393727,-0.78802884,-0.67523956,-0.46498173,0.5725763,-0.675251,0.7020464,-0.2262013
1356011736192,-0.31160372,-0.5136852,-0.7993939,-0.66087675,-0.48731774,0.57075685,-0.6827482,0.7061508,-0.18763256
1356011736233,-0.30326027,-0.4773661,-0.82471496,-0.6550906,-0.5240811,0.54423827,-0.69201845,0.70530885,-0.15378505
1356011736275,-0.2723701,-0.4293638,-0.8610815,-0.655912,-0.57190907,0.4926454,-0.7039844,0.6989755,-0.12585387
1356011736314,-0.21994478,-0.36556578,-0.90442574,-0.66118956,-0.62581426,0.41374487,-0.71725345,0.6889979,-0.10406372
1356011736355,-0.15985882,-0.29251114,-0.9428055,-0.6628864,-0.6758956,0.32209742,-0.7314552,0.6764631,-0.085853785
1356011736394,-0.10106909,-0.20990486,-0.9724839,-0.6615569,-0.71588475,0.22327432,-0.74305284,0.66591954,-0.066510126
1356011736433,-0.058368325,-0.12821999,-0.99002665,-0.6605754,-0.73859507,0.13460174,-0.7484874,0.66184366,-0.041588485
1356011736488,-0.038617134,-0.05029145,-0.9979877,-0.6706487,-0.7390782,0.06319505,-0.7407692,0.6717396,-0.0051867664
1356011736524,-0.01722145,0.018964589,-0.99967176,-0.6860464,-0.72755504,-0.0019837022,-0.7273539,0.68578714,0.025540128
1356011736566,-0.0012144446,0.068048835,-0.9976813,-0.70442265,-0.7081933,-0.04744628,-0.7097798,0.7027316,0.048795134
1356011736604,0.00878787,0.09633201,-0.99531037,-0.72288233,-0.68711615,-0.0728856,-0.69091517,0.7201328,0.06359851
1356011736647,0.009995997,0.104111016,-0.99451554,-0.7391802,-0.6690377,-0.07746792,-0.67343354,0.7359005,0.07026905
1356011736722,0.0023758411,0.09311023,-0.99565303,-0.7528132,-0.6552058,-0.063069105,-0.65822995,0.7496906,0.068537876
1356011736723,-0.013666332,0.06312242,-0.99791217,-0.7632117,-0.64543414,-0.030374438,-0.64600396,0.76120317,0.056996524
1356011736763,-0.032960534,0.014624149,-0.99934965,-0.7695383,-0.63839924,0.016038746,-0.6377495,0.7695664,0.032295838
1356011736804,-0.048062682,-0.051036388,-0.9975396,-0.7715018,-0.63241667,0.069527805,-0.6344091,0.7729453,-0.008979037
1356011736846,-0.044558823,-0.13193253,-0.99025667,-0.7695712,-0.6275198,0.11823344,-0.6370045,0.7673414,-0.07356992
1356011736883,-0.02605033,-0.22327936,-0.9744063,-0.765959,-0.62188774,0.16297948,-0.64236134,0.750601,-0.15482241
1356011736928,0.013933599,-0.31651512,-0.9484852,-0.7619375,-0.6176251,0.19491202,-0.6475008,0.7199705,-0.24977049
1356011736982,0.050986826,-0.4027142,-0.9139046,-0.7601765,-0.60914016,0.22600873,-0.6477129,0.68320537,-0.337192
1356011737041,0.03892553,-0.467827,-0.88296247,-0.7624793,-0.58502454,0.2763542,-0.64584064,0.66248333,-0.37948078
1356011737091,-0.01816392,-0.512674,-0.8583912,-0.76181066,-0.54893404,0.34397098,-0.64754516,0.6601794,-0.38058966
1356011737132,-0.08720642,-0.5362064,-0.8395699,-0.75324947,-0.51604134,0.4078193,-0.6519282,0.66797006,-0.35889503
1356011737172,-0.1555745,-0.5441817,-0.8244167,-0.7379049,-0.4908265,0.46323416,-0.65672904,0.6804085,-0.3251943
1356011737214,-0.21996146,-0.53980356,-0.8125448,-0.71761197,-0.47468597,0.5096139,-0.660795,0.69518733,-0.28295684
1356011737253,-0.27483404,-0.526712,-0.8043884,-0.6956007,-0.4686424,0.5445309,-0.6637815,0.70918876,-0.23758239
1356011737295,-0.3170234,-0.50720745,-0.8013967,-0.6747734,-0.47315645,0.56639546,-0.666466,0.72032183,-0.19224834
1356011737334,-0.34394687,-0.48325464,-0.80508715,-0.65775347,-0.4878949,0.573863,-0.67011994,0.7269274,-0.15005249
1356011737374,-0.35397595,-0.45665473,-0.8161909,-0.6465295,-0.5111126,0.56636,-0.67579633,0.7281693,-0.114319295
1356011737415,-0.34708577,-0.4299037,-0.83349526,-0.6404405,-0.540593,0.54552287,-0.685104,0.72314733,-0.08769566
1356011737454,-0.3246215,-0.40120053,-0.856539,-0.639181,-0.57445705,0.5113186,-0.6971861,0.7134685,-0.06995872
1356011737496,-0.29310936,-0.37250972,-0.8805245,-0.6377324,-0.6099794,0.47034305,-0.7123091,0.69940096,-0.058770835
1356011737535,-0.25951767,-0.3378343,-0.9047202,-0.63654566,-0.64467627,0.42332274,-0.7262646,0.68575543,-0.04774207
1356011737575,-0.2341432,-0.2973394,-0.92561674,-0.6358986,-0.67333984,0.37715587,-0.7353978,0.6769068,-0.031419843
1356011737614,-0.21778971,-0.25175828,-0.9429662,-0.6400609,-0.6925415,0.3327285,-0.73681045,0.67602074,-0.01031217
1356011737655,-0.21052998,-0.20468232,-0.9559196,-0.65178096,-0.6993965,0.29330236,-0.7286006,0.6847991,0.013835847
1356011737717,-0.2064687,-0.16271949,-0.964828,-0.66916746,-0.6959304,0.26056826,-0.71385264,0.6994307,0.0348012
1356011737731,-0.2033912,-0.13275361,-0.97005594,-0.6845036,-0.6891248,0.23782735,-0.70006204,0.71237874,0.049291596
1356011737772,-0.2006746,-0.114375085,-0.97295845,-0.69969404,-0.67839855,0.2240617,-0.6856806,0.72573674,0.056109786
1356011737813,-0.20251757,-0.11135697,-0.9729266,-0.7124579,-0.6648678,0.22439814,-0.6718559,0.73861384,0.055310264
1356011737853,-0.20868164,-0.123132676,-0.97020113,-0.7221738,-0.649561,0.2377719,-0.65948236,0.7502725,0.046628267
1356011737892,-0.21452087,-0.14937788,-0.96522903,-0.7293793,-0.63276416,0.26002955,-0.64960504,0.75979984,0.026787996
1356011737931,-0.21519905,-0.19087428,-0.957735,-0.7342505,-0.61497444,0.28754592,-0.6438677,0.765097,-0.007807642
1356011737971,-0.20140034,-0.24709234,-0.94783086,-0.73835886,-0.59754956,0.31266722,-0.64363354,0.7628106,-0.06209621
1356011738014,-0.16342431,-0.31736863,-0.93411434,-0.743628,-0.58258915,0.3280353,-0.64831305,0.74824256,-0.14079493
1356011738052,-0.114904165,-0.38862044,-0.9142052,-0.7499729,-0.56955475,0.33637488,-0.6514121,0.72428,-0.22601062
1356011738092,-0.06492317,-0.45035386,-0.8904866,-0.75690293,-0.55930525,0.33804643,-0.6502944,0.695959,-0.30456224
1356011738138,-0.031665504,-0.49645126,-0.86748683,-0.76216495,-0.54949343,0.34228876,-0.646608,0.67200685,-0.3609778
1356011738171,-0.026340246,-0.52629644,-0.8498931,-0.76381105,-0.53788257,0.35675627,-0.6449022,0.65855473,-0.3878231
1356011738201,-0.04073268,-0.5466459,-0.8363727,-0.762349,-0.5240937,0.3796707,-0.645883,0.65307283,-0.3953872
1356011738242,-0.08051753,-0.55423206,-0.82845867,-0.7542061,-0.50953865,0.4141781,-0.6516825,0.65817714,-0.3769784
1356011738281,-0.13360721,-0.5562278,-0.82021934,-0.7402909,-0.4942305,0.4557475,-0.65887684,0.668092,-0.34573764
1356011738320,-0.19016623,-0.5533116,-0.81097656,-0.72143924,-0.48149407,0.4976835,-0.6658545,0.67971295,-0.30761683
1356011738362,-0.2441979,-0.5457689,-0.80156326,-0.6988246,-0.47403735,0.53566116,-0.6723181,0.6909594,-0.26563776
1356011738402,-0.28809643,-0.5346156,-0.79447263,-0.67591816,-0.47416693,0.5641813,-0.6783326,0.69953704,-0.22475058
1356011738442,-0.31832933,-0.5203211,-0.7924218,-0.65559524,-0.48294896,0.58047837,-0.68473446,0.7042913,-0.18738323
1356011738482,-0.3329326,-0.50286126,-0.79767567,-0.6399728,-0.50077456,0.5828032,-0.69252485,0.70452493,-0.15509337
1356011738523,-0.3308246,-0.4815474,-0.8115832,-0.63032055,-0.5272835,0.56979674,-0.7023185,0.7000603,-0.12909088
1356011738561,-0.31368148,-0.45499027,-0.8334194,-0.6262896,-0.56058395,0.54176295,-0.7136983,0.6919029,-0.10911086
1356011738600,-0.28767025,-0.4226301,-0.85943574,-0.6246728,-0.59741515,0.50287104,-0.7259683,0.681527,-0.09214696
1356011738642,-0.26170957,-0.3815371,-0.8865312,-0.62359476,-0.634226,0.45704147,-0.73663944,0.6724483,-0.071941465
1356011738732,-0.2413171,-0.33065042,-0.91237956,-0.6258359,-0.66551673,0.4067148,-0.74168426,0.66914713,-0.04633242
1356011738733,-0.23362899,-0.2753479,-0.93252397,-0.6331897,-0.6847469,0.3608219,-0.73789454,0.674763,-0.014370739
1356011738759,-0.23164463,-0.22152446,-0.94724214,-0.64632905,-0.69269407,0.32005262,-0.7270485,0.6863686,0.017281175
1356011738804,-0.23651898,-0.17533879,-0.95567524,-0.6642411,-0.68866044,0.29074153,-0.70911396,0.70356464,0.046413958
1356011738841,-0.24398977,-0.14380333,-0.95905656,-0.6809877,-0.6786928,0.27501228,-0.6904525,0.7202059,0.06766586
1356011738883,-0.25641197,-0.13072848,-0.9576863,-0.693685,-0.6650869,0.27651525,-0.67309296,0.7352344,0.07985175
1356011738921,-0.2803952,-0.14062771,-0.9495273,-0.69829977,-0.64883775,0.30230254,-0.65860134,0.747819,0.08373082
1356011738964,-0.3106215,-0.1705854,-0.93510157,-0.6960462,-0.62913895,0.34598255,-0.64732844,0.75834346,0.0766888
1356011739000,-0.34885037,-0.22372712,-0.9100821,-0.6845234,-0.6024348,0.4104874,-0.6401024,0.7661712,0.057013243
1356011739032,-0.387237,-0.29044652,-0.8750361,-0.66674286,-0.56729126,0.48335755,-0.6367899,0.77059805,0.02602306
1356011739073,-0.3925069,-0.36190963,-0.845553,-0.6600307,-0.5294193,0.5329867,-0.64054507,0.76729184,-0.031070799
1356011739111,-0.3775862,-0.44130376,-0.8140514,-0.66176593,-0.48631197,0.5705844,-0.647684,0.75415623,-0.10841513
1356011739153,-0.3314023,-0.51780546,-0.78870136,-0.6796452,-0.4487974,0.5802269,-0.65441185,0.7283257,-0.20319146
1356011739193,-0.28077757,-0.58431214,-0.7614087,-0.70100754,-0.4170124,0.5785232,-0.655555,0.6961896,-0.2925195
1356011739233,-0.24681139,-0.6349531,-0.73206466,-0.7167049,-0.38885236,0.5789023,-0.65224093,0.6675541,-0.35910082
1356011739271,-0.2458381,-0.6704799,-0.70001453,-0.71971595,-0.35748446,0.5951587,-0.6492862,0.6501243,-0.39467174
1356011739314,-0.2811647,-0.69119436,-0.66573024,-0.7054735,-0.3214184,0.6316624,-0.65057945,0.6472562,-0.39724785
1356011739361,-0.34146821,-0.6981282,-0.6292984,-0.6728685,-0.28590107,0.68228185,-0.6562373,0.6564126,-0.3721224
1356011739405,-0.40001422,-0.69539607,-0.5970033,-0.6328262,-0.26162112,0.72875607,-0.66296273,0.6693121,-0.33541268
1356011739444,-0.44558555,-0.68729186,-0.57365793,-0.59460044,-0.25182915,0.76356566,-0.66925627,0.68133104,-0.29645258
1356011739483,-0.47925192,-0.67609364,-0.55965614,-0.5603109,-0.25512183,0.78801304,-0.67555106,0.6912382,-0.25655502
1356011739524,-0.49987632,-0.66260105,-0.5577487,-0.5334229,-0.27181244,0.80098563,-0.6823369,0.69790965,-0.21757394
1356011739564,-0.5068021,-0.64672655,-0.5699968,-0.5167282,-0.30135387,0.8013599,-0.69003147,0.7006644,-0.18145508
1356011739605,-0.49926722,-0.6274425,-0.59753513,-0.5113771,-0.34333044,0.7877929,-0.6994467,0.69888496,-0.14944607
1356011739643,-0.47468424,-0.60031515,-0.6436587,-0.5202715,-0.3984797,0.7553353,-0.70992416,0.6934231,-0.12317479
1356011739724,-0.43413848,-0.56290823,-0.7033194,-0.5375299,-0.46464252,0.7036824,-0.7229007,0.68355083,-0.100860775
1356011739725,-0.3742289,-0.49976188,-0.781147,-0.5665068,-0.5436958,0.61924535,-0.73418164,0.6742646,-0.07965174
1356011739763,-0.32160693,-0.42482084,-0.8462247,-0.58823377,-0.6106872,0.5301342,-0.7419906,0.66827273,-0.053492695
1356011739804,-0.2800278,-0.33960557,-0.89791566,-0.60766554,-0.6613946,0.4396588,-0.7431871,0.6687491,-0.021157801
1356011739847,-0.2528671,-0.25241822,-0.9339932,-0.62925094,-0.6903871,0.3569439,-0.734916,0.6779755,0.015741795
1356011739883,-0.2243548,-0.16803499,-0.95991105,-0.6552985,-0.70305103,0.2762303,-0.7212828,0.6910018,0.04761982
1356011739931,-0.19733697,-0.097426146,-0.9754826,-0.6823293,-0.7008218,0.20802747,-0.7039068,0.70665187,0.07182135
1356011739972,-0.16907907,-0.043292433,-0.98465127,-0.71040547,-0.6871388,0.15219867,-0.6831811,0.72523516,0.085425615
1356011740012,-0.14921528,-0.013902962,-0.98870695,-0.7308841,-0.67191344,0.11975303,-0.6659905,0.74049914,0.09009828
1356011740054,-0.13212621,-0.0040555596,-0.99122465,-0.74627846,-0.65774643,0.10216704,-0.6523888,0.75322855,0.08387898
1356011740093,-0.12897146,-0.02206707,-0.99140275,-0.75520504,-0.64574194,0.1126177,-0.6426755,0.76323676,0.06661713
1356011740132,-0.12517065,-0.05981028,-0.9903308,-0.76001334,-0.6358458,0.13446158,-0.6377398,0.76949525,0.034132555
1356011740182,-0.061590195,-0.09534496,-0.99353707,-0.76487017,-0.6350063,0.108353466,-0.6412333,0.7666004,-0.033816323
1356011740222,0.012884557,-0.15011397,-0.98858476,-0.7621914,-0.6414159,0.08746341,-0.6472235,0.7523639,-0.12267995
1356011740265,0.14209974,-0.17710096,-0.9738803,-0.7452663,-0.66664994,0.012488395,-0.65144897,0.7240256,-0.22671817
1356011740315,0.27673143,-0.18804699,-0.9423683,-0.7083782,-0.7025669,-0.06782371,-0.6493228,0.6863221,-0.32763076
1356011740355,0.31839877,-0.2367169,-0.9179256,-0.69618785,-0.71559745,-0.056945115,-0.6433854,0.65717995,-0.39264476
1356011740402,0.25959736,-0.32699424,-0.9086715,-0.7226017,-0.6899959,0.04186243,-0.6406684,0.6457402,-0.41540772
1356011740447,0.11252946,-0.44379634,-0.8890343,-0.7573523,-0.6175019,0.21238849,-0.6432376,0.64941216,-0.40559733
1356011740492,-0.08420831,-0.5477683,-0.8323815,-0.75553674,-0.50953746,0.4117474,-0.6496717,0.66356725,-0.3709518
1356011740540,-0.26278234,-0.60833585,-0.7489146,-0.70664394,-0.40716118,0.5786832,-0.65696263,0.68128365,-0.32288212
1356011740585,-0.38191003,-0.63005733,-0.6761453,-0.6436442,-0.3436879,0.68381345,-0.6632246,0.69635224,-0.2742749
1356011740621,-0.45108056,-0.63244426,-0.6297146,-0.5913482,-0.3166685,0.7416389,-0.6684561,0.70691955,-0.2311517
1356011740666,-0.48979223,-0.62741363,-0.60535586,-0.5520154,-0.31426084,0.77234644,-0.6748203,0.7124551,-0.19241941
1356011740721,-0.49858665,-0.61557,-0.61031556,-0.53191346,-0.33867162,0.7761248,-0.68445563,0.7116005,-0.15857285
