1356011927592,-0.27689016,-0.09257302,0.956432,0.9290612,0.22831273,0.29106456,-0.24531034,0.9691767,0.022788405
1356011927634,0.30901325,0.10041317,-0.94574213,-0.91887593,-0.22497231,-0.3241212,-0.24531177,0.96917737,0.0227478
1356011927674,0.3090613,0.10013619,-0.94575566,-0.91885626,-0.22507983,-0.32410225,-0.24532491,0.96918094,0.022447318
1356011927714,0.30919576,0.09917474,-0.94581306,-0.91879785,-0.22545785,-0.32400495,-0.24537408,0.96919197,0.021410987
1356011927752,0.30942327,0.09688717,-0.9459758,-0.91868967,-0.22636074,-0.32368213,-0.24549246,0.96921295,0.018968001
1356011927793,0.30966666,0.09279901,-0.946306,-0.9185527,-0.22797045,-0.32294068,-0.24569824,0.9692358,0.01464583
1356011927832,0.30979437,0.08716002,-0.94680023,-0.9184356,-0.23018074,-0.32170326,-0.24597481,0.9692368,0.008742154
1356011927873,0.3097713,0.08069065,-0.947381,-0.9183568,-0.2327137,-0.32010186,-0.24629772,0.96919215,0.002014771
1356011927913,0.30958456,0.074436456,-0.94795394,-0.9183297,-0.23517424,-0.31837648,-0.2466332,0.9690986,-0.0044490993
1356011927953,0.30935794,0.06915495,-0.9484278,-0.9183165,-0.23729342,-0.31683862,-0.24696663,0.9689734,-0.009902447
1356011927993,0.3092565,0.065306336,-0.9487336,-0.9182545,-0.23895252,-0.31576967,-0.24732405,0.96883273,-0.013929769
1356011928033,0.30941108,0.06311384,-0.94883156,-0.9180745,-0.24018463,-0.3153577,-0.24779817,0.96867335,-0.016372591
1356011928073,0.30983207,0.0626564,-0.94872457,-0.91771716,-0.24118504,-0.31563428,-0.2485947,0.9684545,-0.017226025
1356011928114,0.31048486,0.06374559,-0.9484385,-0.91713643,-0.24223301,-0.31651846,-0.24991974,0.96812177,-0.016746327
1356011928153,0.31118938,0.06616154,-0.94804215,-0.91633856,-0.2435936,-0.3177827,-0.25196195,0.96761817,-0.015177399
1356011928193,0.31181377,0.069650054,-0.947587,-0.9153692,-0.2453214,-0.31924394,-0.25469866,0.9669366,-0.012739107
1356011928233,0.31227285,0.07417372,-0.9470924,-0.9143137,-0.24718863,-0.3208243,-0.25790718,0.9661243,-0.009372249
1356011928273,0.31257105,0.07991013,-0.9465272,-0.91327,-0.2487455,-0.32258874,-0.26122254,0.96526676,-0.0047710836
1356011928313,0.31278718,0.0870049,-0.94583,-0.91232836,-0.24950552,-0.32465962,-0.26423684,0.9644569,0.0013349205
1356011928353,0.3130255,0.095421016,-0.9449391,-0.9115687,-0.24906549,-0.327122,-0.2665661,0.96377444,0.009019032
1356011928392,0.31335562,0.10495782,-0.94381785,-0.91106606,-0.24714613,-0.32996586,-0.2678934,0.9632771,0.01817888
1356011928433,0.31379747,0.11524907,-0.94246954,-0.9108857,-0.24361879,-0.3330723,-0.26798958,0.9629992,0.02853176
1356011928473,0.3143816,0.12558249,-0.9409534,-0.9110515,-0.23860168,-0.33623552,-0.26673844,0.9629632,0.039400205
1356011928533,0.31511852,0.13489917,-0.93941605,-0.9115788,-0.23238155,-0.33915052,-0.26405403,0.9632243,0.04974346
1356011928554,0.31590745,0.14188546,-0.93812096,-0.9125305,-0.22529575,-0.34136474,-0.25978938,0.96390367,0.058302253
1356011928585,0.31622118,0.14618221,-0.9373553,-0.91383684,-0.21840417,-0.34234762,-0.2547675,0.9648473,0.06452268
1356011928624,0.31621474,0.14627573,-0.9373429,-0.9159149,-0.21038276,-0.341817,-0.24720037,0.9666139,0.06745006
1356011928655,0.31391943,0.14373964,-0.93850595,-0.9188852,-0.20279247,-0.3384157,-0.23896569,0.96861446,0.068419755
1356011928695,0.31050995,0.13773572,-0.94053847,-0.922722,-0.19407007,-0.3330484,-0.22840291,0.97127026,0.06683099
1356011928735,0.30314666,0.12917653,-0.944148,-0.92801523,-0.1851179,-0.3232942,-0.21654075,0.9741893,0.06375992
1356011928775,0.29185888,0.11941743,-0.9489773,-0.9343945,-0.1762962,-0.3095587,-0.2042678,0.9770666,0.06012936
1356011928815,0.2770553,0.10931796,-0.9546151,-0.9414429,-0.16780677,-0.29244882,-0.19216073,0.9797401,0.056424797
1356011928855,0.25950104,0.09912118,-0.9606427,-0.9487015,-0.1598782,-0.272772,-0.1806232,0.98214775,0.052547812
1356011928895,0.24032915,0.08866516,-0.96663356,-0.95568204,-0.15282965,-0.2516247,-0.17004064,0.984267,0.048006296
1356011928935,0.2208288,0.077968,-0.9721912,-0.96197116,-0.14689746,-0.23028833,-0.16076747,0.98607415,0.042563707
1356011928974,0.20211321,0.06768885,-0.9770202,-0.9673501,-0.14196986,-0.20994863,-0.15291852,0.98755395,0.036784768
1356011929015,0.18499115,0.058903724,-0.98097324,-0.971817,-0.13745043,-0.1915178,-0.14611635,0.9887556,0.0318166
1356011929044,0.17004365,0.052113295,-0.98405755,-0.97542596,-0.13307524,-0.17559955,-0.14010474,0.9897349,0.028204054
1356011929075,0.15779373,0.046863943,-0.9863595,-0.97827125,-0.12862065,-0.16261083,-0.13448676,0.990586,0.025550097
1356011929115,0.14820892,0.040795594,-0.98811436,-0.9804622,-0.12460899,-0.15220585,-0.12933722,0.991367,0.02153036
1356011929155,0.1414291,0.03073746,-0.989471,-0.98174053,-0.12408796,-0.14417884,-0.12721318,0.99179494,0.012626588
1356011929195,0.13738877,0.0153672695,-0.99039805,-0.9818167,-0.13012302,-0.13821742,-0.13099757,0.9913788,-0.0027896464
1356011929235,0.13580632,-0.0033290684,-0.9907298,-0.98047686,-0.1439833,-0.13391706,-0.14220276,0.98957443,-0.02281791
1356011929275,0.13642135,-0.02108875,-0.9904264,-0.9776747,-0.16415462,-0.13116965,-0.15981686,0.98620915,-0.043012142
1356011929315,0.13925067,-0.03380567,-0.98967993,-0.9736113,-0.18715104,-0.130597,-0.1808047,0.9817493,-0.058974534
1356011929355,0.14466286,-0.039239258,-0.9887027,-0.9686259,-0.20968407,-0.13340351,-0.20208055,0.9769815,-0.06834167
1356011929395,0.15322948,-0.03690827,-0.98750114,-0.9629288,-0.23008394,-0.1408171,-0.22201088,0.9724706,-0.070795655
1356011929435,0.16557962,-0.027001917,-0.9858267,-0.9565038,-0.24784213,-0.15386617,-0.24017471,0.9684241,-0.06686506
1356011929475,0.18212861,-0.009248555,-0.9832313,-0.94919693,-0.26262838,-0.17335394,-0.25662115,0.9648528,-0.056610852
1356011929534,0.20295024,0.017937928,-0.97902477,-0.9408163,-0.27358323,-0.20004234,-0.27143314,0.961681,-0.038647473
1356011929555,0.22799617,0.05626905,-0.97203475,-0.9312131,-0.27896118,-0.2345697,-0.28435892,0.9586525,-0.011203617
1356011929595,0.25611508,0.10746059,-0.96065456,-0.92058563,-0.27600116,-0.27630645,-0.29483384,0.9551311,0.028238684
1356011929635,0.2861395,0.17089647,-0.9428248,-0.90933377,-0.2617476,-0.3234196,-0.3020534,0.9498856,0.08050561
1356011929675,0.31635255,0.24131918,-0.9174346,-0.89803433,-0.23547226,-0.37160087,-0.30570474,0.94144464,0.14222063
1356011929715,0.34515876,0.30854276,-0.8863785,-0.88708675,-0.20117068,-0.41546077,-0.3065007,0.9296945,0.20426828
1356011929755,0.37183988,0.36172643,-0.8549205,-0.8765284,-0.16643792,-0.45165974,-0.30566844,0.9173072,0.25517517
1356011929795,0.39681584,0.3939553,-0.8290576,-0.8660615,-0.13853896,-0.48035878,-0.3040966,0.90862876,0.286215
1356011929835,0.42038655,0.4039491,-0.81246555,-0.85564053,-0.12146312,-0.50311637,-0.3019179,0.9066818,0.29457372
1356011929875,0.4423156,0.39474213,-0.80531704,-0.8455602,-0.11578533,-0.52117336,-0.29897296,0.9114672,0.2825646
1356011929915,0.46141684,0.37229198,-0.80529076,-0.8365647,-0.119638324,-0.5346459,-0.29538792,0.9203725,0.2562431
1356011929955,0.476183,0.3412851,-0.8104161,-0.82973564,-0.1307947,-0.5426154,-0.2911847,0.93081534,0.22089422
1356011929995,0.48520985,0.30542144,-0.81932235,-0.82632303,-0.14625338,-0.5438751,-0.2859398,0.94091856,0.18141323
1356011930035,0.4873118,0.26722923,-0.8313337,-0.8275111,-0.16268101,-0.5373642,-0.27884167,0.94980174,0.14185879
1356011930075,0.48165774,0.22844005,-0.846062,-0.83404434,-0.17687917,-0.5225742,-0.26902765,0.95735514,0.10533392
1356011930114,0.46774903,0.1909748,-0.86298287,-0.84590673,-0.18632177,-0.49972588,-0.25622758,0.96374935,0.07439503
1356011930155,0.44595194,0.15692747,-0.88119274,-0.8621024,-0.18937844,-0.47001624,-0.24063736,0.969283,0.050833866
1356011930195,0.41682923,0.1286655,-0.89983255,-0.8811949,-0.1857096,-0.43475,-0.22304481,0.97414434,0.03597018
1356011930235,0.38122904,0.10773516,-0.91818166,-0.9015827,-0.1763528,-0.39502957,-0.20448244,0.97841346,0.029901326
1356011930275,0.3396856,0.093003154,-0.93592954,-0.9219487,-0.16394487,-0.3509025,-0.18607596,0.9820755,0.030054495
1356011930315,0.29139817,0.079479694,-0.9532943,-0.9413502,-0.15341634,-0.30053803,-0.17013761,0.9849601,0.030113041
1356011930355,0.23594087,0.060730428,-0.9698678,-0.9584861,-0.14989936,-0.24255827,-0.1601133,0.9868343,0.0228419
1356011930414,0.17208967,0.03195095,-0.984563,-0.9720515,-0.15651575,-0.17498204,-0.15969047,0.98715854,0.004123211
1356011930434,0.10053176,-0.006477982,-0.99491274,-0.9803338,-0.17132646,-0.0979431,-0.16982043,0.985193,-0.023574322
1356011930474,0.024918258,-0.05013305,-0.9984316,-0.9818447,-0.18909186,-0.015009671,-0.18804282,0.9806788,-0.053934693
1356011930511,-0.0497818,-0.09307271,-0.994414,-0.9764598,-0.20468682,0.06804076,-0.20987618,0.97439253,-0.08069211
1356011930541,-0.11836338,-0.13005048,-0.9844171,-0.96615034,-0.21377486,0.14440867,-0.229224,0.9681876,-0.100345194
1356011930582,-0.17470121,-0.15760425,-0.97192615,-0.9530591,-0.22085828,0.20712352,-0.24730152,0.9624877,-0.11162192
1356011930623,-0.21933895,-0.17492843,-0.95983875,-0.9394399,-0.22766292,0.25616854,-0.26333085,0.95789856,-0.11439937
1356011930663,-0.25038296,-0.18044004,-0.9511833,-0.9276289,-0.23654163,0.28905475,-0.27715155,0.95471954,-0.10815531
1356011930703,-0.26701128,-0.17131633,-0.9483437,-0.9194742,-0.2493828,0.30393344,-0.2885694,0.95313114,-0.090932906
1356011930743,-0.2697087,-0.1432805,-0.9522227,-0.91600883,-0.26678002,0.29959366,-0.29695988,0.9530473,-0.05929333
1356011930783,-0.26026994,-0.09272793,-0.9610729,-0.91737103,-0.2867067,0.27609745,-0.30114794,0.9535203,-0.01044479
1356011930823,-0.24206132,-0.019519687,-0.9700646,-0.92278945,-0.3042708,0.23638722,-0.2997765,0.95238554,0.055639625
1356011930863,-0.21972227,0.06754616,-0.9732213,-0.9305053,-0.3141873,0.18827227,-0.29305664,0.9469551,0.13188598
1356011930903,-0.19874978,0.1500744,-0.96849173,-0.93798923,-0.31552494,0.1435974,-0.284033,0.93697476,0.2034787
1356011930943,-0.18310153,0.21011367,-0.96037805,-0.94341457,-0.31229323,0.11154315,-0.2764829,0.92645836,0.25540572
1356011930983,-0.17328131,0.23938349,-0.9553372,-0.94652736,-0.3085106,0.09437832,-0.272139,0.92060673,0.2800421
1356011931023,-0.16710299,0.24029094,-0.95620966,-0.94808084,-0.30533606,0.0889529,-0.2705907,0.9214283,0.2788378
1356011931063,-0.16176373,0.22027013,-0.9619323,-0.94890964,-0.30233908,0.090342015,-0.27092996,0.9274008,0.25792387
1356011931104,-0.1553759,0.18793619,-0.96981347,-0.949538,-0.2991879,0.09414914,-0.27246246,0.93550336,0.22493917
1356011931143,-0.14758915,0.1501914,-0.97757864,-0.9502126,-0.2957856,0.098014265,-0.27443278,0.94337344,0.1863685
1356011931184,-0.1396535,0.112151295,-0.9838288,-0.95107985,-0.2917086,0.10175151,-0.2755797,0.9499096,0.14740294
1356011931223,-0.13385731,0.07661906,-0.9880343,-0.95226705,-0.28596085,0.10683623,-0.27435344,0.95517325,0.11123976
1356011931264,-0.1330496,0.045285612,-0.9900743,-0.9537661,-0.27747965,0.115478635,-0.26949596,0.9596636,0.0801104
1356011931303,-0.13959843,0.019228816,-0.99002147,-0.95541847,-0.26530784,0.12956625,-0.260169,0.96397203,0.05540809
1356011931343,-0.1555686,-6.9233775E-4,-0.9878248,-0.9565356,-0.24958807,0.150816,-0.24665377,0.96835184,0.038165867
1356011931383,-0.1810646,-0.013576686,-0.9833776,-0.956238,-0.2312463,0.1792601,-0.22983614,0.9728005,0.028887928
1356011931423,-0.21485883,-0.020134777,-0.97643757,-0.95356166,-0.2117598,0.21419165,-0.2110829,0.9771143,0.026298702
1356011931463,-0.2537874,-0.02431336,-0.96695435,-0.947907,-0.19272256,0.2536341,-0.19252062,0.980952,0.025863767
1356011931533,-0.29237038,-0.035012066,-0.9556641,-0.93971884,-0.1747961,0.29389605,-0.17733628,0.98398197,0.018203676
1356011931546,-0.33295232,-0.052713126,-0.9414692,-0.9277078,-0.16044605,0.33706897,-0.16882291,0.98563606,0.0045184493
1356011931585,-0.36094236,-0.08395645,-0.92880136,-0.9166839,-0.15120679,0.36990133,-0.17149669,0.9849304,-0.022384584
1356011931625,-0.37990344,-0.12344241,-0.9167526,-0.9066212,-0.1470244,0.39550206,-0.18360671,0.9813999,-0.056060433
1356011931664,-0.39018315,-0.16294774,-0.90620375,-0.89848626,-0.14768219,0.41341552,-0.20119527,0.9755193,-0.088783205
1356011931705,-0.39199615,-0.19640937,-0.898756,-0.8931358,-0.1529733,0.42297482,-0.22056186,0.96851563,-0.11545527
1356011931745,-0.38511407,-0.22009525,-0.8962395,-0.89142275,-0.1626355,0.42298374,-0.23885703,0.96182525,-0.13356477
1356011931785,-0.3694055,-0.23248872,-0.8997158,-0.8935778,-0.1768803,0.4125917,-0.25506496,0.9563798,-0.14240617
1356011931825,-0.3449226,-0.2321885,-0.9094597,-0.89926624,-0.19591248,0.39107376,-0.26897728,0.95273656,-0.14122456
1356011931863,-0.3128876,-0.21664998,-0.9247508,-0.907434,-0.21932656,0.35841218,-0.2804725,0.9512931,-0.12797093
1356011931903,-0.27568865,-0.18224737,-0.9438123,-0.91671383,-0.24554563,0.31518736,-0.28919107,0.95209944,-0.09937453
1356011931944,-0.23702073,-0.12538439,-0.96337944,-0.9257787,-0.27149516,0.26310503,-0.29454213,0.95423746,-0.05172819
1356011931983,-0.20004785,-0.04606983,-0.9787025,-0.9339912,-0.29284966,0.20469394,-0.29604286,0.9550481,0.015555024
1356011932023,-0.16670632,0.048592806,-0.9848085,-0.94114184,-0.30569506,0.14423078,-0.29404253,0.9508887,0.09669402
1356011932064,-0.13526124,0.14322135,-0.980404,-0.94728374,-0.30875248,0.08558801,-0.29044423,0.9402976,0.17743352
1356011932103,-0.10142648,0.22073564,-0.97004557,-0.9523418,-0.30350292,0.03051272,-0.28767645,0.9269098,0.24099901
1356011932143,-0.061377943,0.27161586,-0.9604466,-0.95604014,-0.2924388,-0.02160582,-0.2867403,0.9168993,0.27762493
1356011932183,-0.012768209,0.29471615,-0.95549953,-0.9578457,-0.27787727,-0.072909474,-0.28699923,0.9142902,0.28584063
1356011932223,0.043285012,0.29567263,-0.95430815,-0.9568527,-0.26244825,-0.12471455,-0.28733122,0.91853064,0.27155513
1356011932263,0.10229641,0.28119317,-0.95418334,-0.9523903,-0.24926174,-0.17556038,-0.2872077,0.9267142,0.24230698
1356011932303,0.15858996,0.25746045,-0.953186,-0.9449072,-0.24041593,-0.22215024,-0.2863559,0.9359031,0.2051486
1356011932343,0.20680642,0.22881281,-0.9512496,-0.9362105,-0.2360931,-0.26032647,-0.28414953,0.944407,0.1653914
1356011932383,0.2428751,0.19784409,-0.94966805,-0.9288761,-0.2347849,-0.2864703,-0.27964416,0.95170045,0.12674922
1356011932423,0.2640924,0.166165,-0.95007586,-0.9253477,-0.23414916,-0.29817045,-0.27200505,0.95789516,0.09192346
1356011932463,0.2688517,0.13509333,-0.9536606,-0.927214,-0.23174572,-0.29422453,-0.26075456,0.9633503,0.062955186
1356011932535,0.25617105,0.106108606,-0.9607899,-0.9355959,-0.22262561,-0.27404022,-0.24297449,0.9691124,0.0422446
1356011932555,0.21516985,0.079312146,-0.97335076,-0.9506789,-0.21100068,-0.22735113,-0.22340932,0.974263,0.029999316
1356011932595,0.16040486,0.059093267,-0.9852809,-0.9659796,-0.19575852,-0.16900343,-0.20286408,0.9788701,0.0256823
1356011932635,0.093173146,0.04210967,-0.994759,-0.978551,-0.18049479,-0.099295676,-0.18373019,0.98267406,0.024389178
1356011932674,0.019248664,0.02274248,-0.999556,-0.9853184,-0.16919363,-0.022824049,-0.16963762,0.9853203,0.019151896
1356011932714,-0.054664254,-0.004018873,-0.9984968,-0.9848857,-0.16438109,0.05458072,-0.16435328,0.9863888,0.0050275624
1356011932755,-0.123933315,-0.039230794,-0.9915148,-0.97764564,-0.16620994,0.12877607,-0.16985157,0.9853097,-0.017754912
1356011932793,-0.18563372,-0.079087585,-0.97943115,-0.9651387,-0.17249918,0.19685385,-0.18451968,0.9818295,-0.04430884
1356011932834,-0.23738116,-0.11797783,-0.96422577,-0.9496882,-0.18057954,0.25589696,-0.20430967,0.976459,-0.0691759
1356011932873,-0.277664,-0.15108049,-0.94872403,-0.93395996,-0.18883497,0.3034142,-0.22499225,0.9703175,-0.08867049
1356011932913,-0.3053035,-0.17567796,-0.9359096,-0.9203419,-0.19787318,0.33736762,-0.24445948,0.9643564,-0.101272345
1356011932953,-0.31970334,-0.19021684,-0.9282281,-0.9105775,-0.20919275,0.35649288,-0.26198953,0.9591955,-0.10632753
1356011932993,-0.3218581,-0.19296038,-0.92691624,-0.9052049,-0.22423893,0.36100006,-0.27750936,0.9552399,-0.10249555
1356011933033,-0.3142271,-0.18085966,-0.9319609,-0.90373254,-0.24365485,0.35199398,-0.29073828,0.95284945,-0.08688581
1356011933073,-0.30057257,-0.14999792,-0.94189,-0.90503216,-0.26676154,0.33129302,-0.3009533,0.9520184,-0.055571735
1356011933113,-0.28616667,-0.09621239,-0.9533372,-0.90768814,-0.29149503,0.30188218,-0.30693784,0.95172155,-0.0039146543
1356011933153,-0.2734195,-0.02086851,-0.9616685,-0.9112662,-0.31445867,0.26591307,-0.3079542,0.9490418,0.06696233
1356011933193,-0.26279002,0.06596336,-0.9625955,-0.9153284,-0.33256733,0.22709638,-0.30514783,0.94076973,0.14777356
1356011933233,-0.25045168,0.14701587,-0.95690143,-0.9199521,-0.34405482,0.18792117,-0.30159917,0.92736864,0.22141671
1356011933274,-0.2313686,0.20738655,-0.9505048,-0.9255622,-0.3478725,0.14939639,-0.29967168,0.9143169,0.27243596
1356011933313,-0.20149249,0.24181694,-0.9491708,-0.9326646,-0.34340405,0.11050066,-0.2992282,0.90752304,0.29472747
1356011933353,-0.15903836,0.2524773,-0.95444334,-0.9408722,-0.33165067,0.06904599,-0.29910925,0.90899014,0.29029408
1356011933411,-0.10517007,0.24605837,-0.9635323,-0.94858027,-0.3157063,0.022915721,-0.29855463,0.91639775,0.26660895
1356011933434,-0.043751836,0.22853848,-0.9725512,-0.9537747,-0.2992689,-0.02741763,-0.2973204,0.9263952,0.23106787
1356011933474,0.018608093,0.20522916,-0.97853696,-0.95529854,-0.2851742,-0.07797593,-0.29505646,0.936246,0.19074863
1356011933511,0.07377511,0.17987704,-0.98091865,-0.95382833,-0.27443105,-0.12206179,-0.29115066,0.9446332,0.15132561
1356011933540,0.11472005,0.1552274,-0.981195,-0.95136225,-0.267115,-0.15349025,-0.28591785,0.9510804,0.11703414
1356011933584,0.14386863,0.13102439,-0.9808845,-0.9500525,-0.25911164,-0.17395794,-0.27695137,0.95691884,0.0872021
1356011933623,0.1522528,0.10650194,-0.9825866,-0.95238554,-0.2499106,-0.1746608,-0.26416054,0.9623939,0.063381344
1356011933663,0.14022768,0.08383036,-0.98656404,-0.9586023,-0.23790586,-0.1564686,-0.24782619,0.96766376,0.046998978
1356011933703,0.108397245,0.06546393,-0.9919499,-0.96748245,-0.2224428,-0.12040371,-0.22853422,0.9727455,0.039223015
1356011933743,0.058365047,0.052059352,-0.9969369,-0.9764133,-0.20496595,-0.06786662,-0.20787129,0.97738355,0.038868636
1356011933783,-0.0028187633,0.041425973,-0.9991376,-0.9821751,-0.18790132,-0.005019784,-0.18794721,0.9813139,0.041217208
1356011933823,-0.06457126,0.027975023,-0.9975209,-0.9829996,-0.17395365,0.058752865,-0.17187873,0.9843564,0.038731784
1356011933863,-0.11729413,0.005937308,-0.99307954,-0.97950864,-0.16554904,0.11470145,-0.1637223,0.9861837,0.025233567
1356011933904,-0.15471506,-0.026138067,-0.9876133,-0.97388744,-0.16408318,0.15690747,-0.166152,0.9861002,-6.943941E-5
1356011933943,-0.17651147,-0.0643391,-0.9821936,-0.9679634,-0.16969407,0.18507004,-0.17857969,0.9833944,-0.03232497
1356011933983,-0.18487674,-0.10224852,-0.9774282,-0.9626622,-0.18127733,0.20104715,-0.19774237,0.9781021,-0.06491685
1356011934023,-0.18199617,-0.13376167,-0.97415876,-0.95853734,-0.19679719,0.2060999,-0.21928,0.9712769,-0.09239924
1356011934063,-0.16852057,-0.15499115,-0.9734365,-0.95602286,-0.21479708,0.19970605,-0.240044,0.96428204,-0.1119774
1356011934103,-0.14425474,-0.1638568,-0.97587985,-0.95515925,-0.23464417,0.18059021,-0.2585755,0.95817167,-0.122660816
1356011934143,-0.11038941,-0.15894225,-0.9810971,-0.95520926,-0.2557379,0.1489074,-0.27457142,0.95359075,-0.12359235
1356011934183,-0.069440484,-0.13824287,-0.98796105,-0.95519483,-0.2764163,0.10581568,-0.28771678,0.9510431,-0.11285436
1356011934223,-0.026317477,-0.098395705,-0.9947993,-0.95444393,-0.2934134,0.05427137,-0.29722756,0.9509084,-0.08619127
1356011934263,0.015874386,-0.036858737,-0.9991944,-0.95319885,-0.30231774,-0.003991604,-0.3019271,0.9524943,-0.039932817
1356011934303,0.05354494,0.045310408,-0.9975369,-0.9522319,-0.29844993,-0.0646694,-0.300645,0.95334923,0.027165532
1356011934343,0.0871436,0.14000383,-0.98630863,-0.9518781,-0.28031904,-0.12389198,-0.29382652,0.94964206,0.10883868
1356011934383,0.12099761,0.23123038,-0.9653456,-0.9508914,-0.25210887,-0.17957383,-0.28489506,0.9396668,0.18937038
1356011934423,0.16029972,0.3030205,-0.93940544,-0.9470478,-0.22103596,-0.23290256,-0.2782166,0.9269961,0.25154287
1356011934463,0.20932168,0.34689292,-0.9142482,-0.93817365,-0.19237131,-0.28779098,-0.2757077,0.91796446,0.28517818
1356011934534,0.27085447,0.3575403,-0.8937577,-0.92174894,-0.17134118,-0.34788087,-0.277519,0.9180453,0.2831539
1356011934547,0.33778936,0.35639173,-0.87113905,-0.8986812,-0.15298516,-0.4110567,-0.27976856,0.9217269,0.2686058
1356011934584,0.4021153,0.33980748,-0.8501966,-0.8710705,-0.14404565,-0.46956033,-0.28202727,0.9293986,0.23807335
1356011934624,0.46219012,0.31509274,-0.82891303,-0.84032375,-0.14295807,-0.52289486,-0.28326017,0.9382322,0.19870606
1356011934665,0.5143951,0.2871073,-0.8080638,-0.80970556,-0.14774331,-0.5679338,-0.28244394,0.94643617,0.15647393
1356011934705,0.5557199,0.258702,-0.79009414,-0.78327084,-0.15564114,-0.60188264,-0.27867937,0.9533358,0.11614084
1356011934745,0.58406794,0.2306988,-0.77823055,-0.76506376,-0.1638546,-0.6227592,-0.2711865,0.9591297,0.080797076
1356011934785,0.59771436,0.20344919,-0.775465,-0.75848615,-0.16980702,-0.6291775,-0.25968504,0.9642479,0.052817315
1356011934825,0.595466,0.17748183,-0.7835307,-0.7653226,-0.17130601,-0.6204317,-0.24433887,0.9690998,0.03382396
1356011934865,0.5759836,0.15358481,-0.8029039,-0.78551376,-0.16791469,-0.59562814,-0.22629878,0.97376406,0.023926847
1356011934905,0.5392398,0.1317845,-0.83177716,-0.8162371,-0.16134763,-0.55472875,-0.2073099,0.9780592,0.020562336
1356011934945,0.48637888,0.10971704,-0.866832,-0.8528975,-0.15582034,-0.4982828,-0.18974018,0.9816731,0.017789662
1356011934984,0.4193658,0.08317533,-0.903999,-0.89037585,-0.15657422,-0.4274521,-0.17709637,0.9841577,0.0083954185
1356011935025,0.34190193,0.048876137,-0.9384637,-0.9236541,-0.16648105,-0.345177,-0.17310736,0.9848326,-0.011775553
1356011935065,0.2583498,0.0070279837,-0.9660258,-0.94923985,-0.18389454,-0.25519848,-0.17944053,0.98292077,-0.040837795
1356011935105,0.17499417,-0.038137943,-0.9838306,-0.96526206,-0.20356506,-0.16380024,-0.1940265,0.97831833,-0.072435856
1356011935145,0.0994485,-0.08095688,-0.9917439,-0.9719787,-0.2212516,-0.079405576,-0.21299645,0.97185075,-0.10069153
1356011935184,0.03815341,-0.11647567,-0.99246037,-0.9717866,-0.2356618,-0.009701222,-0.23275506,0.9648299,-0.12218073
1356011935225,-0.0046917796,-0.14143327,-0.9899367,-0.96782076,-0.24842858,0.04008016,-0.25159717,0.95826924,-0.13571653
1356011935265,-0.026885271,-0.153355,-0.98780537,-0.96289814,-0.26146716,0.06679961,-0.2685227,0.9529518,-0.14063564
1356011935305,-0.028125703,-0.14899811,-0.9884374,-0.9587823,-0.27567703,0.06883773,-0.28274617,0.9496324,-0.13510314
1356011935345,-0.008260608,-0.123248756,-0.9923414,-0.9560326,-0.28994548,0.04396957,-0.29314408,0.949074,-0.115434766
1356011935384,0.03289187,-0.07069427,-0.9969556,-0.9538495,-0.30011213,-0.010188729,-0.2984782,0.9512807,-0.0773029
1356011935425,0.09424114,0.011566877,-0.9954822,-0.9499429,-0.29813755,-0.09339413,-0.2978709,0.95445275,-0.017108917
1356011935465,0.17074615,0.113927186,-0.9787065,-0.9408806,-0.27607304,-0.19628355,-0.29255655,0.9543606,0.060053498
1356011935538,0.25015646,0.21423808,-0.9442054,-0.92500305,-0.23517817,-0.29843038,-0.28599164,0.9480471,0.13933946
1356011935539,0.32004714,0.29085144,-0.9016515,-0.90476274,-0.18846947,-0.38194728,-0.28102365,0.9380218,0.20283237
1356011935570,0.37345493,0.337364,-0.8641279,-0.8845743,-0.1510489,-0.44126233,-0.27939168,0.9291768,0.2420136
1356011935614,0.41079107,0.3538617,-0.8402575,-0.86756,-0.1316646,-0.47958755,-0.28033972,0.92598414,0.25290954
1356011935653,0.43380177,0.3479715,-0.83110285,-0.8557996,-0.12938738,-0.5008653,-0.281821,0.92853373,0.24166536
1356011935693,0.44342068,0.3266233,-0.8346827,-0.850497,-0.14059833,-0.50684005,-0.28290078,0.93463856,0.21544796
1356011935733,0.44023368,0.29523104,-0.8479581,-0.8520289,-0.16058281,-0.49825677,-0.28326836,0.9418342,0.18085146
1356011935773,0.42439508,0.25747818,-0.8680978,-0.8603365,-0.18426692,-0.47525436,-0.28232935,0.94855183,0.14331591
1356011935813,0.39580688,0.2151472,-0.8927758,-0.87493163,-0.20699081,-0.43777788,-0.2789831,0.95439327,0.106310695
1356011935853,0.3543548,0.17019364,-0.9194927,-0.89464927,-0.22441214,-0.38631824,-0.27209428,0.95951724,0.07274212
1356011935893,0.30114755,0.12580448,-0.94524246,-0.9171384,-0.23319384,-0.32323006,-0.26108855,0.9642582,0.045154393
1356011935933,0.23952776,0.08656874,-0.9670224,-0.9392623,-0.2314899,-0.25337481,-0.24579027,0.9689779,0.025862515
1356011935973,0.17341095,0.057198852,-0.98318714,-0.9583292,-0.22031325,-0.18184379,-0.22701043,0.9737507,0.016610622
1356011936013,0.10704768,0.039505273,-0.9934687,-0.9726895,-0.20281684,-0.11287376,-0.20595127,0.9784194,0.016715318
1356011936053,0.040513754,0.028437376,-0.9987742,-0.9819368,-0.18376446,-0.04506302,-0.18482074,0.98255885,0.020478755
1356011936093,-0.029693127,0.013884664,-0.9994626,-0.9853486,-0.16841209,0.026934236,-0.16794765,0.9856188,0.018681914
1356011936133,-0.10642153,-0.013032138,-0.99423563,-0.9812353,-0.1603123,0.10713133,-0.16078436,0.9869802,0.0042731166
1356011936173,-0.18867719,-0.05371514,-0.980569,-0.96789765,-0.15866959,0.19493088,-0.16605726,0.9858694,-0.022053361
1356011936213,-0.2702372,-0.103036225,-0.9572646,-0.94547635,-0.15932715,0.28405875,-0.1817866,0.98183423,-0.054362178
1356011936254,-0.34371907,-0.15301949,-0.9265216,-0.9168808,-0.1585396,0.3663261,-0.20294541,0.9754231,-0.08580756
1356011936293,-0.4035434,-0.1967921,-0.8935467,-0.886945,-0.15567821,0.4348481,-0.22468042,0.96800685,-0.1117208
1356011936333,-0.4475084,-0.23096669,-0.863939,-0.86014414,-0.15320003,0.48649946,-0.24472064,0.9608247,-0.13010639
1356011936391,-0.4753598,-0.2538767,-0.84236556,-0.8397783,-0.15453136,0.52047324,-0.26230794,0.9548124,-0.13974214
1356011936413,-0.47939885,-0.26206562,-0.83755505,-0.8325739,-0.16594726,0.5284716,-0.27748418,0.95067513,-0.13863415
1356011936454,-0.47170657,-0.25305894,-0.8446621,-0.83269393,-0.18723482,0.52111804,-0.29002368,0.94915974,-0.12240076
1356011936491,-0.44709474,-0.22004938,-0.8669975,-0.8430041,-0.22042888,0.49066806,-0.29908252,0.95025754,-0.086949944
1356011936533,-0.39933592,-0.15349102,-0.9038646,-0.8651341,-0.2632118,0.42692205,-0.30343652,0.95244944,-0.027680397
1356011936563,-0.33450425,-0.06594062,-0.9400844,-0.89198864,-0.29972,0.33841407,-0.30407733,0.9517456,0.041439354
1356011936593,-0.26045054,0.036393672,-0.964801,-0.91728055,-0.32114202,0.23550838,-0.3012671,0.94633156,0.11702475
1356011936633,-0.18057072,0.1484963,-0.97228754,-0.93809044,-0.32309902,0.12487325,-0.29560196,0.9346421,0.19764519
1356011936673,-0.11275792,0.23840615,-0.96459746,-0.95037186,-0.3091774,0.03467989,-0.28996387,0.92063665,0.2614367
1356011936713,-0.06829327,0.28907323,-0.9548679,-0.95589304,-0.29301006,-0.020338178,-0.2856651,0.9113626,0.29633364
1356011936753,-0.0442158,0.30167192,-0.9523859,-0.9582954,-0.28222895,-0.044906944,-0.28233802,0.9106815,0.30156982
1356011936793,-0.031008959,0.2865623,-0.9575596,-0.9596964,-0.27626157,-0.05159673,-0.27932262,0.9173666,0.28357947
1356011936833,-0.021113396,0.2538964,-0.96700096,-0.96084166,-0.27244753,-0.05055508,-0.2762927,0.9280673,0.24970645
1356011936873,-0.009769738,0.21341947,-0.9769118,-0.96194065,-0.2688102,-0.049105167,-0.2730839,0.9392514,0.20792305
1356011936918,0.0022711158,0.16993606,-0.9854525,-0.96309733,-0.26485813,-0.047892928,-0.26914388,0.9491954,0.16306347
1356011936953,0.01327908,0.12895492,-0.99156153,-0.964442,-0.26012784,-0.046746135,-0.26396084,0.9569243,0.120915234
1356011936993,0.019690394,0.09237656,-0.9955295,-0.9662608,-0.25400472,-0.04268092,-0.25681192,0.9627815,0.08425841
1356011937033,0.019159734,0.0628666,-0.997838,-0.9688003,-0.2454899,-0.034068763,-0.24710095,0.9673585,0.056201696
1356011937073,0.010169029,0.042634904,-0.99903893,-0.9720567,-0.23390329,-0.01987639,-0.23452589,0.9713247,0.039064974
1356011937113,-0.008003116,0.031567514,-0.99946964,-0.9756741,-0.2192244,8.8852644E-4,-0.21908,0.9751637,0.03255406
1356011937153,-0.036939323,0.024769753,-0.99901056,-0.9786707,-0.20305955,0.031152487,-0.20208696,0.9788531,0.031742275
1356011937193,-0.078158915,0.013746411,-0.99684614,-0.97920585,-0.18882388,0.07417199,-0.18720871,0.98191476,0.028218836
1356011937233,-0.13102359,-0.008943528,-0.99133885,-0.97499526,-0.17988181,0.13048631,-0.1794909,0.9836475,0.014848888
1356011937273,-0.1921531,-0.044415742,-0.98035944,-0.9643284,-0.17678756,0.19702041,-0.18206611,0.98324645,-0.0088611245
1356011937313,-0.25356328,-0.08775133,-0.9633304,-0.9476505,-0.17726761,0.2655837,-0.19407263,0.9802428,-0.03820902
1356011937353,-0.30626053,-0.131131,-0.9428729,-0.9281536,-0.17893314,0.32636473,-0.21150771,0.97508335,-0.06690949
1356011937393,-0.3423314,-0.1675278,-0.9245235,-0.9109881,-0.18170989,0.37024623,-0.2300216,0.9689768,-0.09041083
1356011937433,-0.35658193,-0.19272712,-0.9141693,-0.9009713,-0.18794864,0.3910576,-0.24718428,0.96308434,-0.10662252
1356011937473,-0.34478432,-0.20361602,-0.91633195,-0.9014281,-0.20046324,0.38372096,-0.26182264,0.95830834,-0.11442864
1356011937534,-0.30446428,-0.19659466,-0.93201506,-0.91235167,-0.22097415,0.34465194,-0.2737079,0.9552597,-0.11208475
1356011937555,-0.23203349,-0.16593912,-0.9584491,-0.9307014,-0.24856198,0.26835033,-0.28276387,0.9542961,-0.09676504
1356011937594,-0.12540936,-0.103918284,-0.9866476,-0.94918275,-0.2767886,0.1498,-0.2886598,0.95529526,-0.063925594
1356011937635,0.015071213,-0.0059565604,-0.99986863,-0.95667875,-0.29086918,-0.012687445,-0.29075536,0.9567443,-0.010082245
1356011937675,0.17573535,0.11688158,-0.97747415,-0.94108784,-0.2714581,-0.20165324,-0.28891283,0.9553267,0.062291086
1356011937715,0.32941526,0.23697427,-0.9139632,-0.90023804,-0.21305454,-0.3797095,-0.28470537,0.94786656,0.1431498
1356011937755,0.4560133,0.32816812,-0.82725894,-0.8443438,-0.1342853,-0.5187011,-0.28130993,0.9350257,0.21585092
1356011937794,0.55292505,0.3819996,-0.7405067,-0.7844931,-0.06082666,-0.6171472,-0.28079253,0.9221586,0.26604348
1356011937835,0.6273739,0.40340632,-0.6660821,-0.7255781,-0.0077337623,-0.6880963,-0.28273374,0.9149883,0.28785086
1356011937875,0.687377,0.40196708,-0.60492593,-0.6679617,0.022812188,-0.743846,-0.2852019,0.9153699,0.28417915
1356011937915,0.73678356,0.38677043,-0.5545796,-0.6123229,0.03386219,-0.7898822,-0.28672382,0.9215541,0.26177752
1356011937954,0.77744234,0.365208,-0.512061,-0.5598433,0.030793503,-0.828026,-0.2866336,0.9304164,0.22839946
1356011937995,0.8100604,0.3412597,-0.47680604,-0.51270306,0.017693028,-0.85838366,-0.2844956,0.9398025,0.18929732
1356011938035,0.8353244,0.31740716,-0.44887173,-0.47312722,-7.5134635E-4,-0.8809937,-0.279971,0.94828904,0.14954636
1356011938075,0.85339403,0.29385984,-0.43054038,-0.444336,-0.02176702,-0.8955957,-0.27255118,0.9556007,0.11199665
1356011938115,0.8643831,0.27024364,-0.42404038,-0.42924076,-0.04267578,-0.9021813,-0.261905,0.9618457,0.07911137
1356011938155,0.86795485,0.24629796,-0.43126753,-0.4302792,-0.06073308,-0.9006505,-0.24802056,0.96728945,0.053263307
1356011938195,0.86324114,0.22218533,-0.45326418,-0.44876057,-0.0733803,-0.89063424,-0.23114651,0.9722392,0.036363125
1356011938235,0.84867394,0.1984806,-0.49026322,-0.48456907,-0.07976326,-0.8711089,-0.21200319,0.97685385,0.028484555
1356011938275,0.8218668,0.17539427,-0.5420072,-0.53628767,-0.082742855,-0.83996975,-0.19217306,0.9810151,0.026058167
1356011938315,0.77878726,0.1520248,-0.6085875,-0.60236764,-0.089500755,-0.79318523,-0.17505291,0.984316,0.021872789
1356011938355,0.7125847,0.12591934,-0.6901938,-0.68179286,-0.10774171,-0.72356766,-0.16547385,0.9861724,0.00907582
1356011938395,0.6117626,0.092311025,-0.78563684,-0.7731782,-0.14009285,-0.6185219,-0.16715854,0.9858259,-0.014330685
1356011938435,0.45935863,0.0442684,-0.8871471,-0.8699279,-0.17939407,-0.45939437,-0.17948562,0.9827808,-0.043895856
1356011938475,0.24495634,-0.023377568,-0.9692522,-0.9488859,-0.21100232,-0.23472008,-0.19902727,0.977206,-0.07386902
1356011938533,-0.00995779,-0.10403246,-0.9945241,-0.9752218,-0.21880656,0.032652795,-0.22100532,0.9702067,-0.09927592
1356011938555,-0.24092072,-0.17680064,-0.95430535,-0.9399879,-0.20228118,0.27478203,-0.24161965,0.9632361,-0.117456675
1356011938595,-0.39950168,-0.22662437,-0.8882791,-0.87915885,-0.17985278,0.44128522,-0.25976548,0.9572326,-0.12738734
1356011938635,-0.48654884,-0.25275424,-0.8362927,-0.82919,-0.16788852,0.5331579,-0.27516192,0.9528529,-0.1278953
1356011938675,-0.51839966,-0.25653136,-0.8157532,-0.80532265,-0.17438215,0.5666094,-0.28760588,0.9506748,-0.11619091
1356011938715,-0.5047665,-0.23391071,-0.83096135,-0.81076205,-0.2020933,0.54938453,-0.2964386,0.9510227,-0.087635994
1356011938756,-0.44522226,-0.17514926,-0.8781229,-0.8434791,-0.24711394,0.4769463,-0.3005332,0.9530254,-0.037714124
1356011938795,-0.3363269,-0.071507186,-0.9390266,-0.89309704,-0.2921142,0.34212115,-0.29876712,0.9537065,0.03438294
1356011938835,-0.19285291,0.06550148,-0.979039,-0.936867,-0.3089078,0.16387871,-0.29169852,0.9488338,0.12093997
1356011938875,-0.061113596,0.19544363,-0.9788089,-0.95716715,-0.28952914,0.0019506216,-0.2830125,0.93700296,0.20476648
1356011938915,0.016553164,0.28310046,-0.9589474,-0.9606457,-0.26146972,-0.0937736,-0.27728304,0.92276096,0.26763105
1356011938955,0.030768216,0.32064083,-0.94670093,-0.96063507,-0.2521497,-0.11662233,-0.2761043,0.9130224,0.30026072
1356011938995,-0.006864667,0.31452614,-0.94922394,-0.9605685,-0.26593143,-0.08116987,-0.27795857,0.9112375,0.30394953
1356011939035,-0.079624295,0.273082,-0.9586898,-0.9564408,-0.29190254,-0.0037106872,-0.28085732,0.9166347,0.2844293
1356011939075,-0.16841108,0.20934293,-0.9632306,-0.9441087,-0.31517106,0.09657037,-0.28336608,0.925658,0.25072077
1356011939115,-0.25802875,0.13627633,-0.9564779,-0.9232193,-0.32657087,0.20252767,-0.2847581,0.9352969,0.21007761
1356011939155,-0.34108573,0.06402308,-0.93784946,-0.8959711,-0.32400614,0.3037365,-0.2844228,0.9438862,0.16787669
1356011939195,-0.41576087,-9.29445E-4,-0.9094735,-0.8647952,-0.30917382,0.3956524,-0.2815531,0.9510051,0.12773857
1356011939235,-0.48311925,-0.05453092,-0.87385476,-0.831173,-0.2851659,0.4773173,-0.27522215,0.95692563,0.09244454
1356011939275,-0.54491985,-0.09427476,-0.83317137,-0.7955788,-0.2556665,0.5492622,-0.26479554,0.9621574,0.06431472
1356011939315,-0.6021359,-0.11899504,-0.78947604,-0.7581774,-0.22465342,0.61212564,-0.25019845,0.9671458,0.045052588
1356011939373,-0.65528184,-0.12938711,-0.74422085,-0.7188448,-0.1959011,0.6669969,-0.2320945,0.97205025,0.03536117
1356011939394,-0.70415443,-0.12847465,-0.6983272,-0.6777726,-0.17152578,0.7149848,-0.21163854,0.9767667,0.033704042
1356011939434,-0.74839747,-0.12260765,-0.65181947,-0.6351693,-0.1504451,0.75757915,-0.19094804,0.98098606,0.03471613
1356011939471,-0.7875891,-0.12050617,-0.60430276,-0.5910614,-0.12952179,0.79615986,-0.17421255,0.9842268,0.030783355
1356011939515,-0.82072836,-0.12990668,-0.5563535,-0.5464146,-0.10589594,0.830793,-0.16684116,0.9858551,0.015928864
1356011939555,-0.84772706,-0.15024655,-0.508709,-0.5022852,-0.08088285,0.86091095,-0.17049474,0.98533446,-0.0069000125
1356011939595,-0.86681515,-0.17901754,-0.4653862,-0.4632072,-0.05640453,0.88445336,-0.18458253,0.98222774,-0.03402996
1356011939635,-0.8788652,-0.20948502,-0.4286164,-0.4312707,-0.03524548,0.9015339,-0.20396465,0.9771765,-0.05936873
1356011939675,-0.88485813,-0.23695001,-0.40109947,-0.40842327,-0.01958096,0.9125826,-0.22409037,0.9713245,-0.079449534
1356011939715,-0.885962,-0.25960112,-0.38428986,-0.39526832,-0.010704279,0.9185034,-0.24255802,0.96565664,-0.09312856
1356011939755,-0.88302755,-0.27717757,-0.378728,-0.39156294,-0.009764731,0.9200995,-0.25872913,0.96076906,-0.09990996
1356011939795,-0.8767103,-0.28905785,-0.38447958,-0.39637387,-0.01870972,0.91789854,-0.2725193,0.95712876,-0.09817201
1356011939835,-0.86777943,-0.29293278,-0.40143389,-0.4081389,-0.040750325,0.91200984,-0.28351617,0.9552642,-0.0841949
1356011939875,-0.8573755,-0.28467384,-0.4287984,-0.4246414,-0.07952899,0.90186185,-0.2908384,0.9553198,-0.052698076
1356011939915,-0.84691423,-0.25960308,-0.46405005,-0.4434533,-0.13671875,0.88580877,-0.29340303,0.9559886,6.67274E-4
1356011939955,-0.8372641,-0.21606123,-0.50230116,-0.46308488,-0.20829153,0.8614912,-0.29075992,0.9539037,0.074340284
1356011939995,-0.8277367,-0.15999663,-0.53782254,-0.48358673,-0.28273362,0.8283753,-0.28459775,0.9457604,0.15665674
1356011940034,-0.8158067,-0.10455607,-0.5687948,-0.5067354,-0.3447501,0.79016864,-0.278709,0.93285334,0.2282672
1356011940073,-0.7982543,-0.061093688,-0.5992142,-0.5354026,-0.3837673,0.75237405,-0.2759241,0.9214066,0.2736342
1356011940113,-0.7716505,-0.03269416,-0.6352059,-0.5729137,-0.39805394,0.71646553,-0.27627045,0.9167792,0.2884276
1356011940153,-0.7319681,-0.016005546,-0.681151,-0.62192297,-0.39260948,0.67754686,-0.27827084,0.91956604,0.27742332
1356011940193,-0.6750582,-0.0062017143,-0.73773825,-0.6822846,-0.375192,0.62747,-0.28068492,0.92692626,0.24904525
1356011940233,-0.59813344,3.3199787E-4,-0.8013965,-0.74985266,-0.35307503,0.5595167,-0.28276733,0.935595,0.21143496
1356011940273,-0.50303155,0.004978776,-0.8642539,-0.8163398,-0.33111507,0.47323602,-0.28381124,0.94357735,0.17062557
1356011940313,-0.39990765,0.0067463517,-0.91653067,-0.87180406,-0.31144553,0.3780997,-0.2828986,0.95024014,0.13043097
1356011940353,-0.30812103,0.003399223,-0.95134115,-0.90951276,-0.2943322,0.293522,-0.2790126,0.9556972,0.09378156
1356011940393,-0.25012302,-0.0071136355,-0.9681879,-0.9294257,-0.27843982,0.24215496,-0.27130473,0.9604273,0.06303269
1356011940433,-0.24403858,-0.025305063,-0.96943533,-0.9344294,-0.2612574,0.24204603,-0.25939715,0.96493745,0.040111095
1356011940473,-0.2998932,-0.049368292,-0.95269454,-0.9223589,-0.23995703,0.3027785,-0.2435534,0.9695275,0.026426196
1356011940533,-0.41335267,-0.07484928,-0.9074894,-0.8824853,-0.21268457,0.41950566,-0.22440872,0.9742499,0.021860361
1356011940555,-0.55757725,-0.09687039,-0.8244536,-0.80480576,-0.18033779,0.5654785,-0.20345828,0.978823,0.022590399
1356011940595,-0.6908642,-0.11365807,-0.7139948,-0.69930106,-0.14564902,0.6998318,-0.18353415,0.982786,0.021142423
1356011940635,-0.78846985,-0.12972806,-0.60123706,-0.5912219,-0.10972214,0.7990105,-0.16962308,0.98546016,0.009814441
1356011940675,-0.8481111,-0.15020084,-0.5080819,-0.5030821,-0.07248509,0.86119354,-0.16618037,0.9859947,-0.014087975
1356011940715,-0.88008493,-0.17687115,-0.44064403,-0.4416853,-0.035621166,0.8964626,-0.17425464,0.98358923,-0.046771705
1356011940755,-0.8944922,-0.20713913,-0.39620325,-0.4043753,-0.0031479597,0.91458774,-0.19069412,0.9783064,-0.08094615
1356011940795,-0.89795035,-0.23677462,-0.37097564,-0.38645667,0.02091974,0.92207026,-0.21056214,0.97133934,-0.110288024
1356011940835,-0.8939045,-0.26283583,-0.36311442,-0.3847064,0.03405243,0.92241067,-0.23007764,0.96423954,-0.13155425
1356011940875,-0.88343686,-0.28428054,-0.3724567,-0.39774448,0.03482747,0.916835,-0.24766661,0.95810837,-0.14383894
1356011940914,-0.86621547,-0.30037197,-0.39930862,-0.4248061,0.021946132,0.9050183,-0.26307887,0.95356965,-0.14660984
1356011940955,-0.841842,-0.30864498,-0.4427644,-0.46358773,-0.006588161,0.88602656,-0.27638465,0.95115453,-0.13753784
1356011940995,-0.8102582,-0.30408585,-0.5010124,-0.51089174,-0.05241084,0.8580458,-0.2871781,0.9512018,-0.112888634
1356011941035,-0.7750806,-0.27978942,-0.5665403,-0.55904245,-0.11422455,0.8212334,-0.2944852,0.9532422,-0.06788093
1356011941075,-0.7428545,-0.23117797,-0.62827075,-0.5999566,-0.1864838,0.7779948,-0.29701754,0.9548721,-1.6647577E-4
1356011941113,-0.718568,-0.16214736,-0.67629015,-0.6300203,-0.26003045,0.7317505,-0.29450735,0.9518889,0.08469331
1356011941153,-0.6996874,-0.08512363,-0.70936,-0.65332234,-0.32560194,0.6834863,-0.28914976,0.9416674,0.17220634
1356011941193,-0.67050594,-0.012376696,-0.74180096,-0.68501174,-0.37366068,0.6254091,-0.2849223,0.92748296,0.24206346
