1356011844273,-0.16861024,0.04748082,-0.9845387,-0.93413043,0.3110985,0.17498055,0.31459677,0.949191,-0.008101165
1356011844317,0.38861534,-0.12090379,0.9134333,0.8660317,-0.2905458,-0.4069058,0.3145906,0.94919205,-0.008204058
1356011844361,0.38881046,-0.120490104,0.91340494,0.86595523,-0.29069865,-0.40695947,0.31456015,0.9491978,-0.00868766
1356011844409,0.38942224,-0.11925587,0.9133063,0.8657204,-0.29113442,-0.40714735,0.3144496,0.9492201,-0.010131985
1356011844449,0.3905233,-0.11726561,0.9130938,0.86530876,-0.29178178,-0.40755853,0.31421676,0.9492692,-0.012476578
1356011844490,0.39208964,-0.114531964,0.91276944,0.8647499,-0.29257712,-0.40817413,0.3138045,0.9493581,-0.015674919
1356011844529,0.39403903,-0.11106661,0.91235816,0.8640915,-0.2934795,-0.40892008,0.31317577,0.9494915,-0.01967068
1356011844570,0.39635396,-0.10672891,0.91187304,0.8633536,-0.2945122,-0.40973532,0.31228834,0.9496691,-0.02458626
1356011844608,0.3985917,-0.10250902,0.91138166,0.8626523,-0.2954805,-0.41051456,0.311377,0.94983315,-0.029346392
1356011844646,0.4006717,-0.09871006,0.9108888,0.8620052,-0.29630515,-0.41127887,0.31049845,0.9499787,-0.033632472
1356011844686,0.4025382,-0.09575674,0.91038096,0.86141586,-0.2968605,-0.41211224,0.3097187,0.9501076,-0.037011296
1356011844730,0.40412894,-0.09397781,0.9098615,0.86090165,-0.2970315,-0.41306245,0.30907625,0.9502318,-0.039133325
1356011844770,0.40541083,-0.09337866,0.9093528,0.8604863,-0.29678845,-0.4141013,0.30855358,0.9503668,-0.03997022
1356011844810,0.4063583,-0.093646765,0.9089022,0.86021054,-0.29618442,-0.41510558,0.30807596,0.95052886,-0.039801076
1356011844848,0.4070053,-0.094418496,0.9085328,0.86007786,-0.29532766,-0.41599005,0.30759197,0.95071906,-0.038992673
1356011844888,0.40738672,-0.09547165,0.9082517,0.8600501,-0.29438978,-0.4167114,0.30716413,0.95090467,-0.0378201
1356011844928,0.40747386,-0.096776456,0.9080745,0.86009336,-0.29353267,-0.41722634,0.3069273,0.95103776,-0.03637004
1356011844967,0.4073189,-0.09812826,0.9079989,0.8601656,-0.29290837,-0.41751623,0.30693063,0.95109177,-0.03490053
1356011845009,0.40701064,-0.09923902,0.90801644,0.86021686,-0.29267797,-0.4175722,0.3071959,0.95104736,-0.033755958
1356011845046,0.40661347,-0.09956843,0.9081584,0.860284,-0.29288387,-0.4172896,0.30753377,0.95094967,-0.033433437
1356011845089,0.40632778,-0.098665506,0.9083847,0.86031485,-0.293608,-0.41671634,0.3078246,0.9508203,-0.03441763
1356011845126,0.40603623,-0.096441954,0.9087539,0.8603996,-0.29477754,-0.4157147,0.30797255,0.9506867,-0.036711723
1356011845169,0.4056037,-0.09320125,0.90928507,0.86061287,-0.29620844,-0.41425383,0.30794683,0.9505652,-0.0399331
1356011845210,0.40471196,-0.08954468,0.91004944,0.8610996,-0.2976172,-0.41222745,0.30775917,0.9504766,-0.043342337
1356011845243,0.40296897,-0.08598247,0.9111657,0.8620354,-0.2987626,-0.4094336,0.30742633,0.9504461,-0.04627213
1356011845289,0.39969197,-0.08278504,0.91290355,0.86370826,-0.2995439,-0.40531662,0.30700883,0.95048416,-0.048223183
1356011845336,0.3939565,-0.08006877,0.9156349,0.8664855,-0.2999511,-0.3990393,0.30659625,0.95058846,-0.048789278
1356011845379,0.38397938,-0.07691255,0.92013276,0.8710433,-0.30044568,-0.38860774,0.30633867,0.9506929,-0.048370793
1356011845415,0.3714869,-0.07362282,0.9255145,0.8764574,-0.30106163,-0.375745,0.30630034,0.9507584,-0.0473132
1356011845459,0.35734284,-0.07048163,0.93131006,0.88221705,-0.30185914,-0.3613506,0.30659303,0.9507436,-0.04568711
1356011845498,0.34147686,-0.06729549,0.93747795,0.8882502,-0.3029592,-0.3452931,0.30725423,0.9506245,-0.04367833
1356011845537,0.32501668,-0.06432274,0.9435183,0.8940612,-0.30429363,-0.32872474,0.30825114,0.95040405,-0.041392013
1356011845577,0.3090939,-0.061781555,0.9490226,0.8992822,-0.3056975,-0.31279457,0.30943877,0.9501221,-0.038930163
1356011845618,0.29478726,-0.059960008,0.9536799,0.903651,-0.3069832,-0.29862377,0.3106692,0.9498242,-0.036311805
1356011845657,0.2827965,-0.05890122,0.9573697,0.9070989,-0.3079968,-0.28689626,0.3117654,0.9495623,-0.033671185
1356011845696,0.27362567,-0.0585455,0.96005285,0.90961456,-0.3086691,-0.27807337,0.31261852,0.94936603,-0.031205952
1356011845755,0.26727545,-0.058807313,0.96182406,0.91130227,-0.30898923,-0.27212828,0.31319642,0.94924563,-0.028994009
1356011845779,0.26374292,-0.059574574,0.9627516,0.91221225,-0.30902588,-0.26902023,0.3135419,0.94918597,-0.027158752
1356011845814,0.262528,-0.06068021,0.9630145,0.91250217,-0.30886573,-0.26821968,0.3137178,0.94916797,-0.025715098
1356011845850,0.263422,-0.062078297,0.9626813,0.9122137,-0.30859292,-0.26951197,0.3138074,0.9491664,-0.024661541
1356011845893,0.26584136,-0.06359431,0.9619169,0.9114909,-0.30829197,-0.2722871,0.3138672,0.9491637,-0.023991078
1356011845933,0.26924378,-0.06507832,0.96087074,0.91047186,-0.30801672,-0.27598307,0.3139248,0.94915247,-0.0236796
1356011845975,0.2729683,-0.06633255,0.9597335,0.90934217,-0.30781007,-0.27991048,0.31398275,0.9491328,-0.023703441
1356011846015,0.27657437,-0.06728795,0.9586339,0.9082353,-0.30767274,-0.28362995,0.3140304,0.94911,-0.02398108
1356011846053,0.27975428,-0.06800011,0.95766044,0.9072491,-0.30758047,-0.28686818,0.3140647,0.94908917,-0.024353966
1356011846096,0.28237522,-0.06853679,0.9568527,0.90642786,-0.30751616,-0.289521,0.31409046,0.9490715,-0.024711326
1356011846134,0.28443456,-0.0690119,0.95620835,0.90577674,-0.30744892,-0.29162246,0.31411067,0.9490587,-0.024939716
1356011846214,0.28590226,-0.06946975,0.95573735,0.905304,-0.30738097,-0.29315808,0.31414104,0.94904745,-0.024989694
1356011846215,0.28682262,-0.06986317,0.9554329,0.9049784,-0.30738932,-0.29415303,0.31424034,0.9490158,-0.024941564
1356011846252,0.28738838,-0.07006347,0.9552481,0.90472054,-0.30757928,-0.2947467,0.31446555,0.9489394,-0.025006816
1356011846295,0.2878732,-0.06993079,0.9551119,0.9044311,-0.30804175,-0.29515186,0.31485456,0.94879925,-0.025429383
1356011846336,0.28845805,-0.069428116,0.95497215,0.90404904,-0.30880314,-0.2955268,0.31541625,0.94858867,-0.02631034
1356011846377,0.28917235,-0.06863272,0.95481354,0.9035408,-0.30991137,-0.29592067,0.31621736,0.94828504,-0.027605355
1356011846416,0.28985316,-0.06777194,0.9546685,0.90296793,-0.31126106,-0.29625234,0.31722876,0.9479047,-0.02902408
1356011846461,0.29035115,-0.06686324,0.95458126,0.9023498,-0.31292474,-0.29638278,0.31852925,0.94742143,-0.030524
1356011846496,0.29045552,-0.06587097,0.9546186,0.9018444,-0.3146369,-0.29610896,0.31986317,0.94692385,-0.031982675
1356011846539,0.2902349,-0.06465295,0.9547689,0.90150034,-0.31623217,-0.295456,0.32103083,0.94647616,-0.03349693
1356011846580,0.28962234,-0.06317884,0.95505357,0.9014572,-0.3173717,-0.29436395,0.3217046,0.9461943,-0.03496492
1356011846617,0.288933,-0.0615007,0.95537186,0.901731,-0.31770602,-0.29316232,0.32155707,0.9461926,-0.036338672
1356011846658,0.28836992,-0.059783697,0.95565087,0.90231705,-0.31701228,-0.292108,0.3204164,0.9465353,-0.037472934
1356011846696,0.28828236,-0.05822435,0.9557736,0.9031868,-0.3149881,-0.29160962,0.31803608,0.94730794,-0.038218066
1356011846739,0.28887302,-0.056938678,0.95567274,0.9044107,-0.31116807,-0.29191726,0.31399623,0.9486477,-0.03839211
1356011846779,0.29166013,-0.05644223,0.95485526,0.90564525,-0.30493546,-0.2946539,0.30780023,0.950699,-0.037820846
1356011846818,0.29520652,-0.056120634,0.95378387,0.90734833,-0.2962382,-0.2982649,0.29928604,0.9534639,-0.03653048
1356011846858,0.300119,-0.055892497,0.9522629,0.90916646,-0.28536627,-0.30328596,0.28869513,0.95678735,-0.03482823
1356011846901,0.30637676,-0.05524817,0.9503057,0.91103613,-0.27238017,-0.30955175,0.2759466,0.9606023,-0.03311789
1356011846934,0.31375492,-0.05416408,0.9479579,0.9124069,-0.2591421,-0.31679505,0.26281467,0.9643193,-0.031887457
1356011846978,0.32134888,-0.05224493,0.9455185,0.91343725,-0.24621853,-0.32405043,0.24973425,0.96780515,-0.031399533
1356011847026,0.32908642,-0.049344927,0.9430097,0.91407907,-0.23397392,-0.33123356,0.23698431,0.9709899,-0.03189248
1356011847069,0.33676404,-0.046435297,0.94044334,0.914018,-0.22380567,-0.33835196,0.22618812,0.97352695,-0.03292696
1356011847109,0.34370533,-0.043426514,0.9380729,0.9136366,-0.21547922,-0.34472728,0.21710548,0.9755424,-0.03438534
1356011847149,0.3500585,-0.040507555,0.9358516,0.91303974,-0.20850146,-0.35055044,0.20932636,0.97718287,-0.03600271
1356011847214,0.35586703,-0.03799966,0.93376374,0.9123173,-0.20245755,-0.35593262,0.20257285,0.97855353,-0.037380204
1356011847229,0.36105713,-0.03598243,0.93184924,0.91159964,-0.1969702,-0.360817,0.1965296,0.97974896,-0.038315937
1356011847269,0.36574644,-0.034299165,0.9300823,0.9109162,-0.19183177,-0.36528382,0.19094822,0.9808283,-0.038918152
1356011847308,0.37007618,-0.03275743,0.92842376,0.91024566,-0.18701679,-0.36942878,0.1857324,0.98181045,-0.039393127
1356011847350,0.37404558,-0.031569064,0.92687297,0.9096687,-0.18206403,-0.37330377,0.18053499,0.98277986,-0.039382905
1356011847388,0.3779275,-0.031998098,0.92528206,0.90888345,-0.17754748,-0.37736955,0.17635661,0.9835919,-0.03801751
1356011847426,0.38123697,-0.036105365,0.923772,0.9078232,-0.17419213,-0.3814632,0.17468664,0.98404956,-0.033631206
1356011847469,0.38426003,-0.045706183,0.92209285,0.9060025,-0.17334846,-0.3861473,0.17749268,0.98379946,-0.025200993
1356011847511,0.38747662,-0.06060487,0.9198853,0.9029383,-0.17628318,-0.39195225,0.18591455,0.98247194,-0.0135831535
1356011847547,0.3911119,-0.07919076,0.91692984,0.89827466,-0.18402058,-0.39904755,0.20033482,0.9797271,-8.3757937E-4
1356011847590,0.39572006,-0.0979211,0.9131359,0.89196956,-0.19571757,-0.4075354,0.21862301,0.97575927,0.009893253
1356011847628,0.40083262,-0.11375752,0.9090613,0.8844811,-0.21059033,-0.41634718,0.23880216,0.9709331,0.016204879
1356011847667,0.40584856,-0.124124736,0.90547216,0.87679064,-0.22671765,-0.424072,0.2579244,0.96601856,0.01681839
1356011847708,0.41005242,-0.1264947,0.90324754,0.8696251,-0.24434513,-0.42900786,0.2749713,0.9614024,0.009808615
1356011847748,0.41172838,-0.12042016,0.9033154,0.8643041,-0.2626282,-0.42895785,0.2888913,0.95735335,-0.0040518343
1356011847789,0.4112212,-0.1037319,0.9056141,0.8609172,-0.2822677,-0.4232571,0.2995308,0.95371103,-0.026769921
1356011847827,0.40702146,-0.07545248,0.9102969,0.8603591,-0.30304575,-0.4098115,0.30678293,0.9499843,-0.05842991
1356011847870,0.39917704,-0.034314483,0.9162315,0.86280644,-0.32402584,-0.38803646,0.31019798,0.9454256,-0.099736884
1356011847911,0.38699654,0.01822555,0.92190105,0.86862355,-0.34268287,-0.35785702,0.30939752,0.93927443,-0.14844827
1356011847948,0.37191087,0.080590576,0.92476356,0.8771697,-0.3564831,-0.3217036,0.30373624,0.9308196,-0.2032716
1356011847989,0.3540641,0.14829749,0.92338854,0.8879549,-0.36322337,-0.28214327,0.2935552,0.91982424,-0.2602858
1356011848029,0.33384454,0.2127682,0.9183014,0.89960647,-0.36286706,-0.24297264,0.28152448,0.907225,-0.31254882
1356011848069,0.31251276,0.26649353,0.9117658,0.9103577,-0.3581226,-0.20735699,0.27126464,0.8948348,-0.35452238
1356011848107,0.28937688,0.30355167,0.90780914,0.9195347,-0.3516284,-0.17553768,0.26592672,0.8855585,-0.38087937
1356011848150,0.2649748,0.31926876,0.90986574,0.92654294,-0.34561387,-0.14855686,0.2670327,0.8823936,-0.38739514
1356011848211,0.23972553,0.31872684,0.91703045,0.93213016,-0.3396334,-0.12562844,0.271413,0.8849081,-0.3785137
1356011848228,0.2141644,0.301117,0.92922664,0.93643636,-0.33392432,-0.1076175,0.2778859,0.89320946,-0.3534916
1356011848268,0.18986508,0.2711024,0.94363916,0.9395323,-0.3291727,-0.09446928,0.28500938,0.90451586,-0.31720787
1356011848306,0.16953355,0.23421276,0.9572892,0.9413661,-0.3259883,-0.08695647,0.2916988,0.91590166,-0.27574593
1356011848347,0.15555397,0.19365835,0.96865857,0.9421623,-0.32378456,-0.08656663,0.29687226,0.92609936,-0.23282361
1356011848389,0.15106758,0.15270308,0.97665775,0.9421978,-0.3211517,-0.09552452,0.29906836,0.9346354,-0.19239214
1356011848427,0.15829146,0.11394885,0.98079526,0.9416945,-0.31611353,-0.11525479,0.29690954,0.9418534,-0.15734309
1356011848468,0.17947012,0.079472065,0.9805482,0.9401804,-0.307244,-0.14717993,0.28957087,0.94830656,-0.12985921
1356011848508,0.21566585,0.05049494,0.9751607,0.93624437,-0.29436877,-0.19181639,0.27737114,0.95435697,-0.11076087
1356011848548,0.26543334,0.027578473,0.96373475,0.928005,-0.2783663,-0.24762675,0.26144207,0.96007895,-0.09948066
1356011848589,0.32605234,0.011704832,0.9452793,0.9138433,-0.25990817,-0.3119909,0.24203402,0.96556246,-0.09544006
1356011848627,0.39732265,-6.8441033E-4,0.9176787,0.89043975,-0.24154824,-0.38570932,0.22192764,0.97038865,-0.0953632
1356011848666,0.47021988,-0.01112169,0.88247925,0.8590113,-0.22362593,-0.46053353,0.20246714,0.97461164,-0.095599726
1356011848708,0.54277813,-0.026105523,0.83947027,0.818767,-0.20623556,-0.53580534,0.18711612,0.97815406,-0.0905658
1356011848747,0.6109968,-0.04999745,0.79005265,0.77095264,-0.18904513,-0.60818905,0.17976353,0.9806947,-0.076960295
1356011848789,0.6700758,-0.08421314,0.73750025,0.71934634,-0.17145568,-0.6731596,0.18313742,0.9815861,-0.054309912
1356011848851,0.71935624,-0.1256777,0.6831776,0.6662173,-0.15363513,-0.72976065,0.19667478,0.98010266,-0.026789695
1356011848864,0.7587384,-0.1681495,0.62931854,0.6143236,-0.13655908,-0.7771474,0.2166161,0.97625685,-3.144145E-4
1356011848907,0.78923464,-0.20563842,0.57863766,0.5660647,-0.12168439,-0.8153304,0.23807444,0.97103333,0.020367112
1356011848940,0.8124598,-0.2346976,0.53369105,0.52317363,-0.110481605,-0.8450344,0.25729057,0.9657696,0.03302571
1356011848984,0.8297811,-0.2548349,0.49651036,0.48650193,-0.105631575,-0.8672704,0.27345785,0.9611978,0.036326557
1356011849026,0.842479,-0.26657444,0.468153,0.45631886,-0.10880667,-0.8831389,0.28636038,0.95765305,0.029975593
1356011849064,0.85165393,-0.27006453,0.44916672,0.43250352,-0.12190184,-0.8933536,0.29601735,0.95509434,0.0129856765
1356011849105,0.8587522,-0.2639903,0.43915117,0.41387215,-0.14791612,-0.89823747,0.30208355,0.9531158,-0.017765045
1356011849146,0.8649691,-0.246372,0.4371834,0.39937252,-0.18954974,-0.89697963,0.30385867,0.9504587,-0.06556046
1356011849220,0.87048423,-0.21824363,0.4411654,0.38923267,-0.2433703,-0.88840806,0.30125594,0.9450612,-0.12690246
1356011849221,0.8750216,-0.1855989,0.44709092,0.38313353,-0.2989877,-0.8739652,0.29588163,0.9360339,-0.19051152
1356011849251,0.88130456,-0.14868191,0.44854873,0.37493125,-0.35774654,-0.855245,0.2876262,0.92190623,-0.25953817
1356011849283,0.8854867,-0.11617674,0.44990695,0.37074012,-0.40704808,-0.83478355,0.2801162,0.90598834,-0.31736428
1356011849325,0.88724256,-0.09293881,0.45184404,0.3696201,-0.44283217,-0.81687254,0.27601022,0.8917747,-0.3585475
1356011849366,0.8843446,-0.07937397,0.46003744,0.3769334,-0.45997655,-0.8039545,0.2754195,0.8843763,-0.37685907
1356011849418,0.8736838,-0.07619767,0.48048988,0.39933354,-0.45178503,-0.79776126,0.27786568,0.88886684,-0.364289
1356011849465,0.8540043,-0.076203,0.514655,0.43796897,-0.4286421,-0.790221,0.28082,0.90025496,-0.33268765
1356011849507,0.8277322,-0.077069774,0.55580544,0.48442066,-0.4017517,-0.77713084,0.28318906,0.9124998,-0.29520863
1356011849560,0.7943217,-0.08328481,0.60176134,0.5368577,-0.36736155,-0.7594928,0.28431818,0.92634183,-0.24709114
1356011849598,0.76798856,-0.09447147,0.6334577,0.57434016,-0.33609635,-0.74644,0.2834201,0.9370776,-0.20385939
1356011849636,0.7540222,-0.108848974,0.64776725,0.5946179,-0.3058737,-0.7435528,0.2790699,0.9458293,-0.165912
1356011849676,0.7621621,-0.12665883,0.63487506,0.5879723,-0.2749655,-0.76071185,0.27091965,0.95307475,-0.1350964
1356011849715,0.78992265,-0.14211293,0.5965116,0.5564027,-0.24278831,-0.79465073,0.25775623,0.95961326,-0.112711966
1356011849754,0.8314418,-0.1525201,0.5342679,0.50082904,-0.2106183,-0.83952975,0.24057177,0.96559703,-0.098730356
1356011849798,0.87464154,-0.15312278,0.45995167,0.43252784,-0.18195942,-0.88306874,0.21891049,0.97131056,-0.09291941
1356011849849,0.9144914,-0.14425296,0.3780164,0.35616553,-0.15626934,-0.9212633,0.19196735,0.9771238,-0.09152904
1356011849886,0.94520783,-0.13905366,0.29537472,0.27796525,-0.13173708,-0.9515149,0.17122343,0.9814833,-0.08586684
1356011849930,0.9603678,-0.14250687,0.23955268,0.22594121,-0.105288565,-0.9684342,0.16323069,0.9841778,-0.06891757
1356011849967,0.96767676,-0.15530586,0.19870007,0.1885086,-0.07795301,-0.9789728,0.1675295,0.9847859,-0.046156824
1356011850009,0.9678477,-0.1803338,0.17535816,0.16894752,-0.050436947,-0.9843337,0.18635316,0.9823114,-0.018348336
1356011850046,0.9647901,-0.20830595,0.16058855,0.15830314,-0.02770856,-0.9870017,0.210048,0.9776712,0.0062425435
1356011850088,0.95946944,-0.23580943,0.1543124,0.15579228,-0.012459874,-0.98771125,0.23483434,0.97171944,0.02478242
1356011850127,0.95300233,-0.25963876,0.15612262,0.1600581,-0.0060515106,-0.98708916,0.25723135,0.9656869,0.035790175
1356011850167,0.94591844,-0.27864802,0.16611315,0.17027913,-0.00936538,-0.98535144,0.27612194,0.96034765,0.03858906
1356011850209,0.9384788,-0.29205018,0.18429372,0.18564221,-0.023344725,-0.98234004,0.2911949,0.95611805,0.03230831
1356011850243,0.9313829,-0.2982583,0.20872921,0.20316827,-0.04989943,-0.97787154,0.30207378,0.95317996,0.014121145
1356011850289,0.9262525,-0.29391977,0.23593976,0.21806744,-0.092663944,-0.97152454,0.3074134,0.95132774,-0.021735877
1356011850335,0.9259341,-0.2740386,0.25990176,0.22343707,-0.15735099,-0.9619337,0.3045028,0.9487589,-0.08446625
1356011850378,0.929219,-0.24222937,0.2790647,0.2227937,-0.23525646,-0.9460536,0.29481372,0.94126475,-0.1646376
1356011850426,0.934536,-0.20651986,0.2898137,0.2166179,-0.31601068,-0.92369574,0.28234577,0.9260058,-0.25058746
1356011850469,0.9370009,-0.17711304,0.30109856,0.2170176,-0.38029426,-0.8990438,0.2737384,0.90774846,-0.3178994
1356011850508,0.93483955,-0.15699302,0.31847796,0.22874047,-0.41974896,-0.8783443,0.2715747,0.89395976,-0.35648727
1356011850550,0.9274748,-0.14362599,0.3451986,0.25422585,-0.43473524,-0.8639297,0.27415273,0.88903147,-0.36669254
1356011850589,0.9135932,-0.13444799,0.3837594,0.29573235,-0.42805278,-0.8539984,0.27908763,0.89369714,-0.35130548
1356011850627,0.8929709,-0.12561017,0.4322326,0.3495552,-0.41145277,-0.84173495,0.28357378,0.902734,-0.32350767
1356011850671,0.8623114,-0.117262825,0.49261388,0.417351,-0.38634288,-0.82253104,0.2867702,0.9148708,-0.28420812
1356011850719,0.8197181,-0.10826801,0.5624413,0.49524587,-0.35933286,-0.79095596,0.28773892,0.9269077,-0.24093238
1356011850758,0.77147174,-0.10019778,0.6283246,0.5682624,-0.335692,-0.7512582,0.28619787,0.9366277,-0.20203826
1356011850797,0.7307051,-0.09643543,0.6758479,0.62204885,-0.31385309,-0.7173224,0.28129223,0.94456154,-0.16934648
1356011850837,0.71847975,-0.1014387,0.6881112,0.6400345,-0.29087198,-0.7111605,0.27229148,0.95136935,-0.14406133
1356011850879,0.7490233,-0.1155428,0.65239096,0.610152,-0.2634763,-0.74719125,0.2582221,0.9577213,-0.12685126
1356011850914,0.813355,-0.13424139,0.56606793,0.5298163,-0.23099953,-0.8160478,0.24030879,0.96364856,-0.11676136
1356011850959,0.8843005,-0.14599583,0.44350636,0.41341314,-0.19669065,-0.8890458,0.21703053,0.96953493,-0.11357704
1356011850999,0.9378235,-0.15038103,0.31284592,0.2880854,-0.16556492,-0.9431834,0.19363323,0.974666,-0.1119481
1356011851036,0.966309,-0.14794408,0.21061683,0.19050114,-0.13916564,-0.97177273,0.17307866,0.9791555,-0.1062935
1356011851078,0.9787764,-0.1477623,0.14199674,0.12604466,-0.11227274,-0.98565084,0.16158438,0.9826297,-0.09126526
1356011851116,0.9820417,-0.15560281,0.10668539,0.09464408,-0.08286175,-0.99205667,0.16320693,0.9843382,-0.066646814
1356011851157,0.97976655,-0.17367446,0.09947206,0.09157085,-0.05294943,-0.9943899,0.17796712,0.98337865,-0.035974562
1356011851214,0.973481,-0.19987032,0.1112954,0.10796387,-0.027526202,-0.99377364,0.20168939,0.9794356,-0.005217463
1356011851237,0.9643081,-0.22874467,0.13336343,0.13440977,-0.011071656,-0.990864,0.22813141,0.97342354,0.020069033
1356011851278,0.953415,-0.2552028,0.16084597,0.16501118,-0.0051517487,-0.9862783,0.2525296,0.9668739,0.037199557
1356011851318,0.9410648,-0.27731577,0.19363125,0.19846883,-0.010802984,-0.9800477,0.27387443,0.96071815,0.044872224
1356011851357,0.9271293,-0.2931433,0.2334485,0.23583879,-0.027693689,-0.97139746,0.29122376,0.9556673,0.04345894
1356011851399,0.913301,-0.30018193,0.27526757,0.27074367,-0.057445377,-0.9609359,0.30426845,0.95215064,0.028807431
1356011851437,0.899843,-0.29646498,0.3199861,0.30429578,-0.09897736,-0.9474215,0.3125487,0.94990104,0.0011489689
1356011851477,0.8938857,-0.27925295,0.35069388,0.31982023,-0.15093476,-0.93537897,0.3141392,0.9482809,-0.045607686
1356011851516,0.8980185,-0.25065947,0.36156955,0.3139634,-0.21060362,-0.9257823,0.30820403,0.9448893,-0.110428035
1356011851557,0.9119344,-0.21738613,0.3480216,0.28493017,-0.2748549,-0.9182972,0.2952805,0.9365885,-0.18870977
1356011851597,0.9274418,-0.18770076,0.32345042,0.24827273,-0.33777195,-0.9078936,0.27966478,0.92232233,-0.26666284
1356011851639,0.9368775,-0.16486172,0.30835235,0.22552659,-0.38900042,-0.8932057,0.26720464,0.90636593,-0.32726502
1356011851678,0.93681484,-0.14551692,0.31812373,0.2326441,-0.4199866,-0.8772046,0.26125583,0.8957879,-0.35959604
1356011851719,0.9249179,-0.122345105,0.35994256,0.276955,-0.43174797,-0.85842276,0.2604283,0.8936584,-0.3654473
1356011851758,0.8877058,-0.08512567,0.45247328,0.3777967,-0.42702305,-0.8215357,0.26315027,0.9002249,-0.34691063
1356011851798,0.77994126,-0.012316912,0.6257315,0.5660273,-0.41270036,-0.7136467,0.26702952,0.9107836,-0.31491032
1356011851839,0.45276704,0.12970391,0.8821445,0.84947324,-0.36336502,-0.38257182,0.27091938,0.92257404,-0.2746997
1356011851898,-0.14625496,0.2803141,0.9487009,0.9506444,-0.22546148,0.21317205,0.27365065,0.9330547,-0.23350412
1356011851915,-0.5532119,0.31961203,0.7692884,0.78660417,-0.103596866,0.6087048,0.27424523,0.9418683,-0.1940971
1356011851961,-0.7255016,0.30914295,0.61488044,0.63277686,-0.05169195,0.77260685,0.27063036,0.94960964,-0.15811586
1356011852000,-0.7880343,0.2909756,0.54252666,0.55639684,-0.040545225,0.82992685,0.2634853,0.955871,-0.12994695
1356011852047,-0.8172764,0.2723179,0.50784063,0.51854753,-0.036827862,0.8542553,0.25133172,0.9615023,-0.111111164
1356011852084,-0.82018584,0.25280362,0.513211,0.52161807,-0.03798592,0.85233307,0.2349677,0.9667716,-0.100711405
1356011852123,-0.7910512,0.23149441,0.5662582,0.5725909,-0.045669615,0.8185683,0.21535479,0.9717637,-0.09642458
1356011852220,-0.67063916,0.19968972,0.7143998,0.716287,-0.07600087,0.6936546,0.19281068,0.9769073,-0.09206599
1356011852227,0.4094874,-1.0290742E-4,0.91231585,0.89481664,-0.19487575,-0.40165502,0.17782953,0.980828,-0.0797071
1356011852259,0.8640022,-0.12618783,0.48741847,0.47195902,-0.13421196,-0.87134486,0.17537051,0.9828854,-0.056403935
1356011852297,0.87486273,-0.15246564,0.4597493,0.44759136,-0.10832965,-0.8876524,0.18514094,0.9823538,-0.026531277
1356011852339,0.8005239,-0.17370011,0.57357633,0.56233555,-0.113217294,-0.81912184,0.20722033,0.978269,0.0070446096
1356011852376,0.6995214,-0.19196779,0.6883445,0.67592925,-0.134876,-0.7245192,0.23192552,0.9720889,0.035407998
1356011852419,0.5896035,-0.20210677,0.7819978,0.765966,-0.1672548,-0.6207429,0.25624934,0.96497595,0.056192964
1356011852457,0.47164553,-0.19804558,0.8592604,0.8368894,-0.20644474,-0.50694835,0.2777887,0.9582058,0.068373516
1356011852496,0.35005403,-0.17768711,0.91972244,0.8887437,-0.247222,-0.38602567,0.29596743,0.9525274,0.07137725
1356011852538,0.23300016,-0.14083031,0.9622254,0.9215517,-0.2840175,-0.2647196,0.31056947,0.94842017,0.06360632
1356011852577,0.13009137,-0.089013875,0.9874982,0.938101,-0.31139642,-0.15165335,0.32100266,0.94610184,0.042994022
1356011852620,0.06461948,-0.025952578,0.9975725,0.9432598,-0.32469076,-0.06954837,0.3257075,0.94546413,0.0034986436
1356011852660,0.023887098,0.049108118,0.9985078,0.9458139,-0.3246411,-0.006660223,0.3238296,0.9445616,-0.05420187
1356011852699,0.024709582,0.13126686,0.99103904,0.94921064,-0.3141294,0.017940998,0.31366965,0.9402615,-0.13236183
1356011852738,0.026093543,0.21591479,0.9760635,0.95387334,-0.29749095,0.04030764,0.29907313,0.92998916,-0.21371788
1356011852781,0.023631275,0.29244098,0.9559915,0.9586086,-0.2780375,0.061356604,0.28374466,0.9149718,-0.28690687
1356011852826,-0.029269516,0.3533489,0.93503356,0.961577,-0.24550205,0.12287557,0.27297065,0.9027033,-0.3325864
1356011852869,-0.12991926,0.39202458,0.9107348,0.95482165,-0.19813171,0.2214939,0.26727644,0.89836556,-0.34857243
1356011852908,-0.25535482,0.40412757,0.8783363,0.9297166,-0.14670664,0.337793,0.26536927,0.902861,-0.33826184
1356011852949,-0.37558746,0.395501,0.8381604,0.88795877,-0.1054641,0.44766778,0.2654489,0.9123904,-0.31157756
1356011852989,-0.4758451,0.3729998,0.79651904,0.838236,-0.08190411,0.5391216,0.2663304,0.92420936,-0.27368814
1356011853028,-0.54502803,0.346651,0.76339877,0.79487216,-0.075981975,0.60200095,0.2666887,0.9349117,-0.23413092
1356011853068,-0.59060246,0.3187155,0.7413564,0.76203793,-0.08197951,0.64232206,0.265494,0.9442986,-0.19445604
1356011853106,-0.61159074,0.2913237,0.73558635,0.74646306,-0.095651925,0.6585162,0.26220167,0.95183045,-0.15896255
1356011853148,-0.6139845,0.2643278,0.74374306,0.7467307,-0.11080623,0.6558317,0.25576594,0.9580463,-0.12934834
1356011853214,-0.5950297,0.23701891,0.7679595,0.76527655,-0.124837935,0.6314803,0.24554324,0.96345085,-0.10710269
1356011853228,-0.55141896,0.20917594,0.80757815,0.80188024,-0.1340574,0.5822514,0.2300548,0.96864545,-0.09381229
1356011853263,-0.46896017,0.17976722,0.8647312,0.8573853,-0.14240742,0.4945812,0.21205366,0.9733467,-0.087346315
1356011853306,-0.35335487,0.14999181,0.92338663,0.9155974,-0.14701855,0.37425527,0.19189018,0.9776952,-0.0853824
1356011853349,-0.19893521,0.11485422,0.9732591,0.9644983,-0.15306443,0.21520758,0.17368886,0.9815191,-0.080326796
1356011853398,-0.027387857,0.06722814,0.99736166,0.9858319,-0.16335559,0.03808233,0.16548482,0.9842739,-0.061801642
1356011853437,0.14127263,0.008784384,0.9899317,0.9751743,-0.17347541,-0.13762718,0.17051983,0.98479897,-0.033073664
1356011853475,0.26077315,-0.05224988,0.9639851,0.9467782,-0.18133673,-0.26594716,0.18870172,0.982032,0.0021813512
1356011853517,0.33423018,-0.10934973,0.9361265,0.9176527,-0.18876994,-0.34968475,0.21495041,0.97591424,0.037252426
1356011853568,0.36776578,-0.1600616,0.9160396,0.89618087,-0.20192713,-0.39507613,0.2482098,0.96623266,0.06918232
1356011853606,0.3777863,-0.19415489,0.9053074,0.8841183,-0.21473727,-0.41499725,0.274977,0.95717907,0.090531096
1356011853647,0.37505436,-0.2114974,0.9025536,0.8786291,-0.22930181,-0.41884533,0.29554194,0.9500997,0.09982717
1356011853695,0.3631296,-0.20686388,0.9084846,0.87858295,-0.24860278,-0.407785,0.31020772,0.9462579,0.09147203
1356011853737,0.33428335,-0.1782201,0.9254687,0.88673156,-0.27321863,-0.37290582,0.31931463,0.94529843,0.06670095
1356011853788,0.3358197,-0.114842236,0.9348991,0.88661784,-0.2965637,-0.3549065,0.31801546,0.94808286,0.0022292733
1356011853828,0.3246371,-0.023762941,0.9455402,0.8940866,-0.31843457,-0.31497407,0.30857733,0.947647,-0.08212958
1356011853876,0.33731282,0.081692904,0.9378413,0.895576,-0.33485526,-0.292943,0.29010972,0.93872166,-0.18611318
1356011853920,0.32913148,0.17970967,0.9270259,0.90420294,-0.34296542,-0.2545425,0.27219406,0.9219974,-0.2753747
1356011853960,0.29550767,0.25501144,0.92067605,0.9190041,-0.339141,-0.20103475,0.2609728,0.90551233,-0.33457533
1356011853999,0.22676027,0.30728355,0.9242059,0.9393817,-0.31957614,-0.12422982,0.25718042,0.8963525,-0.36112368
1356011854040,0.11667922,0.33705664,0.9342263,0.9587499,-0.2837191,-0.01737994,0.25919983,0.89771724,-0.35625714
1356011854078,-0.021731257,0.35135552,0.93598986,0.9645022,-0.23908132,0.11214054,0.26317894,0.9052013,-0.3336876
1356011854119,-0.16762954,0.34922093,0.9219246,0.9487981,-0.19682014,0.24707046,0.26773557,0.91613674,-0.2983473
1356011854157,-0.29714411,0.33807567,0.89297825,0.9154457,-0.16496783,0.3670761,0.2714122,0.9265476,-0.26047063
1356011854218,-0.39978546,0.32048982,0.8587537,0.8748761,-0.14605689,0.46180004,0.27342913,0.935924,-0.22199744
1356011854238,-0.47409153,0.30019915,0.8277184,0.8371308,-0.1376406,0.52940255,0.27285385,0.94389385,-0.18605173
1356011854279,-0.52223974,0.27922446,0.80579114,0.8093582,-0.13544106,0.5714849,0.26870978,0.9506258,-0.1552599
1356011854317,-0.5474065,0.25856376,0.79592144,0.7952899,-0.13532227,0.5909331,0.26049975,0.9564688,-0.13155687
1356011854357,-0.55345005,0.23864311,0.7979615,0.79526013,-0.13328195,0.5914366,0.24749613,0.9619175,-0.116018474
1356011854396,-0.5408809,0.21941671,0.8119754,0.80896866,-0.1285671,0.5736202,0.23025519,0.9671229,-0.107961774
1356011854443,-0.511921,0.20017561,0.83538413,0.8330928,-0.12148517,0.5396273,0.20950702,0.9721991,-0.104574084
1356011854479,-0.4663201,0.17857698,0.86640394,0.86400986,-0.118220866,0.48939842,0.18982232,0.9767979,-0.09916353
1356011854518,-0.41158664,0.15290263,0.89845264,0.89419794,-0.12272054,0.43052262,0.17608663,0.98059183,-0.08621508
1356011854560,-0.35615093,0.120272934,0.92665577,0.9180679,-0.13971996,0.37098488,0.17409179,0.9828595,-0.060657322
1356011854597,-0.2947371,0.08402327,0.9518771,0.9379246,-0.16515279,0.30499506,0.18283185,0.98268235,-0.030130863
1356011854639,-0.23718399,0.046851844,0.9703343,0.9502816,-0.19625902,0.24175861,0.20176375,0.9794321,0.0020270944
1356011854678,-0.1845035,0.012207866,0.982756,0.9566797,-0.22690177,0.18242654,0.22521618,0.9738411,0.030185193
1356011854719,-0.14054286,-0.016358107,0.98993945,0.95835423,-0.25331146,0.13187283,0.24860573,0.9672465,0.051277936
1356011854758,-0.10848951,-0.03590417,0.99344903,0.95691335,-0.2745396,0.09457758,0.26934534,0.9609053,0.06414184
1356011854797,-0.08944839,-0.044252604,0.99500793,0.95379734,-0.291503,0.07277918,0.28682715,0.9555458,0.068282455
1356011854837,-0.08061957,-0.038700283,0.99599326,0.95022935,-0.30467874,0.06507674,0.30093953,0.9516686,0.061337292
1356011854878,-0.07908195,-0.015768766,0.9967434,0.94714785,-0.3130234,0.07019496,0.31089705,0.9496145,0.03968987
1356011854921,-0.07757896,0.029451013,0.99655116,0.9460121,-0.31334943,0.082905054,0.3147104,0.9491811,-0.0035516918
1356011854977,-0.07877612,0.09354028,0.9924941,0.94689465,-0.3043158,0.10383791,0.3117447,0.94796735,-0.06459996
1356011854995,-0.07307494,0.17354748,0.9821106,0.95094097,-0.2847008,0.12106478,0.30061814,0.9427761,-0.14422888
1356011855034,-0.06962341,0.25542876,0.9643178,0.95581174,-0.25968546,0.1377948,0.28561604,0.9313,-0.22606158
1356011855071,-0.07289088,0.3246806,0.9430108,0.95940423,-0.23547143,0.15523139,0.2724527,0.9160435,-0.29433614
1356011855113,-0.0902195,0.37110806,0.9241965,0.95992327,-0.21483988,0.17997542,0.2653446,0.90339506,-0.3368525
1356011855153,-0.124091744,0.39291194,0.9111648,0.95644724,-0.19714618,0.21527204,0.26421565,0.89819455,-0.3513353
1356011855230,-0.17290848,0.39312017,0.9030832,0.9480454,-0.18216729,0.26081616,0.2670443,0.90126115,-0.34119755
1356011855231,-0.223454,0.38476893,0.8955564,0.9364115,-0.17029226,0.3068126,0.2705583,0.9071678,-0.32224965
1356011855261,-0.27956134,0.36336383,0.8887137,0.9198431,-0.16394538,0.35638523,0.27519807,0.9171088,-0.28840494
1356011855293,-0.32646,0.34007975,0.8819125,0.9030043,-0.16348612,0.39731044,0.27929765,0.9260767,-0.25372183
1356011855335,-0.36746365,0.31287596,0.87583053,0.88602257,-0.1685077,0.4319365,0.2827268,0.9347266,-0.21529466
1356011855375,-0.39298457,0.28388026,0.87462854,0.8745725,-0.17842901,0.45087248,0.28405288,0.942112,-0.17815405
1356011855416,-0.40137976,0.25395256,0.88000137,0.87163717,-0.18919897,0.45216414,0.2813236,0.9485314,-0.14541382
1356011855464,-0.38743752,0.22257337,0.8946246,0.88103604,-0.19630986,0.43039265,0.27141762,0.9549469,-0.12003732
1356011855504,-0.3364818,0.18859729,0.922611,0.90599656,-0.2023493,0.37178606,0.25680757,0.96098167,-0.10278165
1356011855546,-0.25674635,0.15526739,0.95392525,0.9366243,-0.20345294,0.2852052,0.23836192,0.9666949,-0.093191445
1356011855586,-0.14289099,0.12276545,0.9820951,0.96589386,-0.1991998,0.16543445,0.21594283,0.97223866,-0.090114534
1356011855637,0.013146579,0.08570826,0.9962336,0.98130083,-0.19244653,0.0036070645,0.19203082,0.9775574,-0.08663559
1356011855676,0.20334974,0.03831452,0.97835624,0.96333796,-0.18643841,-0.19292685,0.17501125,0.98171926,-0.07482207
1356011855728,0.35948944,-0.019000262,0.93295574,0.917042,-0.17776644,-0.35697785,0.17263082,0.98388934,-0.046481133
1356011855767,0.48047528,-0.07884726,0.8734567,0.8576282,-0.1659747,-0.48675093,0.18335065,0.98297286,-0.012125179
1356011855818,0.5442678,-0.13991585,0.82716155,0.8121232,-0.15930185,-0.5613189,0.21030572,0.97726476,0.02692601
1356011855856,0.5809776,-0.18878204,0.7917236,0.77853334,-0.15480644,-0.60821116,0.23738325,0.9697404,0.057034045
1356011855900,0.59488297,-0.22358307,0.77209127,0.7598871,-0.15675303,-0.63087255,0.26208007,0.96199745,0.076648176
1356011855938,0.589762,-0.24396238,0.7698462,0.7568052,-0.16571301,-0.6322856,0.28182745,0.9555216,0.08690077
1356011855979,0.575748,-0.24996537,0.7784803,0.76177245,-0.18187654,-0.62179077,0.2970134,0.95101964,0.085701644
1356011856017,0.54835254,-0.23982337,0.8011206,0.77753127,-0.20642006,-0.5939999,0.3078224,0.94861764,0.07327921
1356011856058,0.5205127,-0.21047407,0.8275066,0.79425627,-0.236373,-0.5597186,0.3134064,0.9485929,0.044135146
1356011856098,0.49473238,-0.1579406,0.85457283,0.8107935,-0.27007294,-0.51930195,0.31281585,0.9497976,-0.0055566058
1356011856136,0.4749488,-0.08336654,0.8760557,0.82521355,-0.30361548,-0.47627738,0.30568972,0.9491404,-0.07540658
1356011856176,0.46137145,0.005810708,0.8871881,0.83726346,-0.33362713,-0.43322366,0.29347268,0.9426872,-0.15879111
1356011856218,0.4420835,0.09487131,0.8919426,0.8517873,-0.35603866,-0.38431087,0.281106,0.9296429,-0.238209
1356011856255,0.40413886,0.17031124,0.8987024,0.8727709,-0.36585212,-0.32314587,0.27375677,0.91495705,-0.29649776
1356011856295,0.3368876,0.22848964,0.9133998,0.9014243,-0.35844058,-0.24280572,0.271921,0.905159,-0.3267203
1356011856336,0.23619148,0.2657459,0.93466187,0.9319974,-0.33411798,-0.14052075,0.27494445,0.90429217,-0.32659036
1356011856377,0.10722485,0.28801313,0.9516045,0.9541992,-0.29868177,-0.017118007,0.27929673,0.9098557,-0.30684796
1356011856418,-0.037545443,0.2929563,0.9553884,0.95838743,-0.26019174,0.11744735,0.28299108,0.9200418,-0.27099663
1356011856458,-0.17125958,0.2874018,0.9423748,0.9432299,-0.22845829,0.24108928,0.28458285,0.930165,-0.23196036
1356011856498,-0.28042364,0.27289972,0.9202653,0.91706026,-0.20697594,0.34082457,0.2834837,0.93951404,-0.1922245
1356011856537,-0.3579265,0.2526518,0.89891917,0.89088786,-0.19592464,0.40979552,0.279656,0.94751287,-0.15495777
1356011856578,-0.4018898,0.22923848,0.8865293,0.87393904,-0.19297868,0.44608262,0.27334055,0.95404875,-0.12278432
1356011856616,-0.41383064,0.20396772,0.8872099,0.8711207,-0.19429952,0.450995,0.26437292,0.95950246,-0.09727341
1356011856658,-0.39096528,0.17683554,0.9032582,0.8851255,-0.19686776,0.42165858,0.25238666,0.96435076,-0.07955325
1356011856698,-0.32567555,0.14727548,0.93394077,0.9153801,-0.19815123,0.35045022,0.23667422,0.9690439,-0.070280015
1356011856737,-0.20382392,0.1125074,0.9725214,0.95427245,-0.19905514,0.22302726,0.21867764,0.9735087,-0.06679052
1356011856781,-0.031351626,0.071781546,0.9969275,0.97929275,-0.19738245,0.045009136,0.20000687,0.977695,-0.06410685
1356011856817,0.18305987,0.021136403,0.9828746,0.9652237,-0.19366229,-0.1756078,0.186634,0.98084056,-0.055853188
1356011856856,0.36873457,-0.03396213,0.92891407,0.91122985,-0.18413833,-0.36844712,0.18356192,0.98231345,-0.036950827
1356011856898,0.50177526,-0.090711,0.86022854,0.8432477,-0.17031366,-0.5098298,0.19275585,0.98120576,-0.008967325
1356011856934,0.5855545,-0.1440185,0.7977371,0.78263724,-0.1559526,-0.6026256,0.21119842,0.977209,0.021395504
1356011856988,0.623484,-0.19485846,0.75716436,0.7440454,-0.14956766,-0.65117294,0.24013379,0.96936053,0.051730454
1356011857038,0.6446439,-0.23374245,0.7278727,0.71645033,-0.14744899,-0.68187803,0.26670796,0.9610532,0.07241279
1356011857080,0.64883685,-0.2577085,0.71595883,0.7045684,-0.15189582,-0.69318897,0.28739178,0.95420855,0.08301765
1356011857118,0.64229584,-0.26788527,0.718118,0.7040412,-0.16413042,-0.69093215,0.30295557,0.9493675,0.08318198
1356011857156,0.62946844,-0.26291394,0.73119473,0.71076417,-0.18542224,-0.67855203,0.31398055,0.9468341,0.07015234
1356011857222,0.61634827,-0.23999739,0.7500107,0.71940285,-0.21575385,-0.66023463,0.32027233,0.9464943,0.039675295
1356011857240,0.61707556,-0.195115,0.7623306,0.7188467,-0.25433394,-0.6469728,0.32012063,0.94722986,-0.016685516
1356011857277,0.6259245,-0.1331828,0.7684275,0.7139467,-0.29866046,-0.63331044,0.31384492,0.9450208,-0.09185351
1356011857317,0.64986134,-0.06349075,0.75739634,0.69745725,-0.34620124,-0.6274536,0.30204907,0.93600935,-0.18070072
1356011857358,0.6713846,0.0026411414,0.74110436,0.68220085,-0.39291096,-0.6166222,0.28955948,0.9195727,-0.26559612
1356011857395,0.6718908,0.057272673,0.7384325,0.6849756,-0.42729163,-0.59011036,0.28172886,0.90229803,-0.3263237
1356011857437,0.6433329,0.099565685,0.75908464,0.71231216,-0.44124287,-0.5458169,0.28059608,0.89184713,-0.35478792
1356011857487,0.5693998,0.13368121,0.8111185,0.77119994,-0.42853928,-0.47074923,0.2846658,0.893579,-0.3471051
1356011857528,0.4571538,0.16516334,0.87391734,0.841127,-0.3995695,-0.3644854,0.2889911,0.90170133,-0.32158804
1356011857567,0.318391,0.18952096,0.9288213,0.9016926,-0.36291346,-0.23504102,0.29253653,0.91234624,-0.28643802
1356011857608,0.16809186,0.20225888,0.9647987,0.9404765,-0.32617226,-0.09547606,0.29537967,0.92341924,-0.24504662
1356011857648,0.038953364,0.2004554,0.97892815,0.9540006,-0.29890215,0.023244858,0.29726332,0.9329926,-0.20287782
1356011857684,-0.04564321,0.18528062,0.9816251,0.9536522,-0.28449208,0.098040074,0.2974294,0.94060373,-0.16370818
1356011857729,-0.07944596,0.15910897,0.9840593,0.9524994,-0.27902955,0.12201339,0.29399508,0.9470094,-0.12938341
1356011857768,-0.042894185,0.11990315,0.9918586,0.9572559,-0.27930593,0.07516226,0.28604415,0.9526864,-0.10279745
1356011857810,0.058262944,0.07320696,0.99561346,0.9605904,-0.2756338,-0.03594619,0.27179322,0.95847106,-0.08638111
1356011857846,0.2339428,0.020547241,0.9720332,0.9392679,-0.26297617,-0.22049811,0.25109094,0.9645835,-0.08082074
1356011857890,0.45342708,-0.029084653,0.8908187,0.8622105,-0.23891944,-0.4466661,0.22582507,0.9706037,-0.083255455
1356011857927,0.6467536,-0.065084875,0.7599169,0.7359233,-0.2084304,-0.6441845,0.20031643,0.97586924,-0.08690566
1356011857968,0.7692553,-0.08855799,0.6327747,0.61254,-0.17952967,-0.76978177,0.18177211,0.97975844,-0.083858855
1356011858028,0.8255745,-0.10964204,0.5535389,0.5359006,-0.15490034,-0.8299496,0.17674075,0.98182714,-0.06912455
1356011858054,0.8326719,-0.14120327,0.53546166,0.51943374,-0.13601741,-0.8436159,0.19195344,0.98059213,-0.03991213
1356011858090,0.81871206,-0.17352688,0.54735637,0.5325808,-0.12683539,-0.8368216,0.21463521,0.9766274,-0.011424568
1356011858120,0.7935624,-0.20019604,0.57461303,0.560458,-0.12725112,-0.8183482,0.23695023,0.97145694,0.01121977
1356011858163,0.7585639,-0.22344668,0.61208856,0.5967242,-0.13909322,-0.79029953,0.26172718,0.96474075,0.027824938
1356011858204,0.7064886,-0.23558854,0.6673619,0.6482078,-0.1631049,-0.74379,0.28407836,0.9580683,0.037478566
1356011858248,0.64425844,-0.23460157,0.7279376,0.7023743,-0.19516128,-0.6845308,0.30265725,0.9522994,0.03904381
1356011858287,0.5728682,-0.21672523,0.79047585,0.7560884,-0.23263386,-0.61172855,0.31646848,0.9481095,0.030594885
1356011858327,0.5006622,-0.17912406,0.84690726,0.8024543,-0.2708963,-0.5316787,0.3246605,0.9457958,0.008111395
1356011858370,0.4357373,-0.12069699,0.89194465,0.83874357,-0.30508965,-0.45103168,0.32656118,0.9446442,-0.031705156
1356011858409,0.38940248,-0.04289177,0.92006844,0.863268,-0.33129176,-0.38080686,0.32114464,0.94255286,-0.0919787
1356011858452,0.36128095,0.049695164,0.93113184,0.8797926,-0.34900954,-0.32273433,0.30893555,0.93580055,-0.16981192
1356011858489,0.32918286,0.14235425,0.9334741,0.89684045,-0.35649103,-0.26189962,0.2954926,0.92339027,-0.24501985
