1356441656471,-0.36362344,-0.23463774,-0.90151155,0.7924011,0.43090445,-0.43176603,0.48977396,-0.871359,0.02924025
1356441656510,0.85986954,0.47722447,-0.1813315,0.14402284,0.11400375,0.98298556,0.4897772,-0.87135524,0.029297136
1356441656549,0.8599405,0.47721857,-0.18101029,0.14352538,0.11423594,0.98303133,0.48979867,-0.87132806,0.029743135
1356441656589,0.86024654,0.4772671,-0.17942132,0.141466,0.11466485,0.9832798,0.48986048,-0.871245,0.031122975
1356441656629,0.8609646,0.4774909,-0.17533548,0.13647844,0.11521283,0.9839206,0.49001402,-0.87105024,0.03402695
1356441656670,0.8620899,0.47809806,-0.16799825,0.12779614,0.11569074,0.9850299,0.4903767,-0.8706538,0.038636714
1356441656709,0.86335427,0.47924525,-0.15793489,0.116083786,0.11595935,0.98644716,0.49106413,-0.8699871,0.044481397
1356441656751,0.8643263,0.4808694,-0.14732473,0.10325736,0.11702028,0.9877471,0.4922173,-0.8689482,0.05149039
1356441656790,0.8647785,0.48290282,-0.13770576,0.09075947,0.11940554,0.9886885,0.4938833,-0.86749476,0.059431344
1356441656829,0.86462665,0.48514065,-0.1306114,0.08029643,0.12319136,0.9891291,0.4959569,-0.86571497,0.06755947
1356441656869,0.86366475,0.4874927,-0.12819546,0.073836,0.12922871,0.9888621,0.49862957,-0.8635108,0.07561576
1356441656909,0.8617843,0.4900057,-0.13123368,0.07226977,0.1374684,0.98786616,0.5021005,-0.8608118,0.083055496
1356441656949,0.85899085,0.4927451,-0.13905749,0.07541175,0.1468733,0.9862765,0.5064068,-0.857689,0.08900405
1356441656989,0.8557365,0.49559456,-0.14866391,0.08123563,0.15507022,0.98455775,0.5109948,-0.8545989,0.09243932
1356441657030,0.85274845,0.49837768,-0.15633218,0.08703141,0.15954334,0.9833471,0.51502,-0.8521536,0.092675805
1356441657069,0.8512597,0.5007342,-0.15691449,0.08846465,0.1578061,0.98349947,0.5172339,-0.8510949,0.0900367
1356441657109,0.85254633,0.5021192,-0.14505552,0.0804874,0.14809415,0.9856926,0.516417,-0.8520237,0.08584285
1356441657148,0.8572548,0.5016602,-0.11597939,0.05845791,0.12896675,0.98992443,0.5115632,-0.85539734,0.081231356
1356441657188,0.86446,0.49824917,-0.066758424,0.019406319,0.099624336,0.9948358,0.50232685,-0.8612912,0.07645208
1356441657228,0.8714628,0.49045336,0.0028357804,-0.037308455,0.060524225,0.9974693,0.48904052,-0.8693632,0.07104266
1356441657268,0.8743972,0.47665787,0.09070106,-0.110608295,0.013804041,0.99376816,0.4724354,-0.87898046,0.06479254
1356441657309,0.86924607,0.45577484,0.19152169,-0.1968083,-0.036359787,0.97976744,0.45351708,-0.8893521,0.05809468
1356441657349,0.8536577,0.42833975,0.2962997,-0.28857806,-0.08459996,0.95371145,0.4335795,-0.8996487,0.05139005
1356441657408,0.82864076,0.39705727,0.3945884,-0.37652782,-0.12625803,0.9177612,0.41422373,-0.90906787,0.04488057
1356441657430,0.79850423,0.36597514,0.47796777,-0.45250726,-0.15874386,0.8775179,0.39702418,-0.9169856,0.038848758
1356441657470,0.7688026,0.3385079,0.5425449,-0.51231515,-0.1817267,0.8393501,0.38272154,-0.9232485,0.033710778
1356441657510,0.7445975,0.31689847,0.5874946,-0.5546982,-0.19584967,0.80867356,0.371328,-0.9280185,0.029953808
1356441657550,0.7299813,0.30250132,0.61287874,-0.57941717,-0.20169845,0.7896794,0.36249572,-0.9315636,0.028038355
1356441657580,0.7265213,0.29487586,0.6206569,-0.5879429,-0.20073867,0.7835989,0.35565418,-0.9342122,0.02752921
1356441657610,0.73049426,0.2922482,0.61722696,-0.5861277,-0.19553356,0.78627026,0.35047466,-0.9361397,0.028458627
1356441657640,0.74086744,0.2936356,0.6040641,-0.5753263,-0.18663697,0.7963456,0.34657612,-0.9375205,0.030663041
1356441657680,0.75610304,0.29841495,0.58245754,-0.5571402,-0.17344905,0.81210244,0.34337014,-0.93854356,0.035113573
1356441657710,0.77621233,0.30464977,0.5519809,-0.53087527,-0.15645337,0.8328828,0.34009683,-0.939527,0.040289998
1356441657750,0.79310966,0.30857474,0.5251273,-0.50883996,-0.13816811,0.8497008,0.33475205,-0.9411117,0.04743269
1356441657780,0.8086903,0.31047502,0.49962515,-0.48807117,-0.11994238,0.8645232,0.3283391,-0.9429841,0.054537684
1356441657820,0.8199558,0.30913526,0.4817756,-0.4746883,-0.103160545,0.87408745,0.3199115,-0.94540644,0.062155813
1356441657850,0.83029884,0.30830273,0.46427712,-0.46093974,-0.08838062,0.88301945,0.31327042,-0.94717383,0.06872666
1356441657890,0.84036964,0.31169593,0.44342363,-0.44323838,-0.0756637,0.8932048,0.3119594,-0.94716454,0.07457012
1356441657920,0.85063165,0.31868714,0.41816777,-0.4207338,-0.06435734,0.90489846,0.3152917,-0.9456726,0.079338074
1356441657960,0.8617476,0.33410472,0.3817918,-0.38709968,-0.053434163,0.9204883,0.3279402,-0.9410202,0.08328506
1356441657990,0.8722475,0.35245222,0.33906007,-0.34741455,-0.041420683,0.9367964,0.34422004,-0.9349128,0.08631793
1356441658030,0.8816479,0.3778975,0.2826492,-0.29514104,-0.02579882,0.9551053,0.36822394,-0.9254879,0.088787585
1356441658060,0.8889392,0.40289477,0.21786012,-0.23615417,-0.004391335,0.97170573,0.39245182,-0.9152358,0.09124163
1356441658100,0.8923446,0.42860943,0.14147468,-0.16856247,0.025694512,0.985356,0.41869777,-0.90312433,0.09517583
1356441658130,0.8923108,0.44822606,0.053617507,-0.09260091,0.065496564,0.99354684,0.4418218,-0.89151764,0.09994942
1356441658170,0.8866859,0.46062502,-0.04015827,-0.014151812,0.11384827,0.9933973,0.46215564,-0.88026303,0.10746634
1356441658200,0.87450796,0.46121317,-0.1500606,0.07706167,0.17333621,0.9818432,0.47884995,-0.87019366,0.11604205
1356441658230,0.85416114,0.45002556,-0.2605489,0.16754209,0.23616272,0.9571608,0.49227875,-0.86122245,0.1263228
1356441658270,0.82814443,0.4265465,-0.363641,0.2494552,0.30049875,0.9205827,0.501945,-0.8530876,0.14245212
1356441658319,0.7941725,0.3870658,-0.4684763,0.33378628,0.36636424,0.8685413,0.5078156,-0.8461426,0.16175915
1356441658339,0.7726459,0.342424,-0.5345691,0.38446364,0.417685,0.82324165,0.5051792,-0.84159666,0.19107302
1356441658393,0.76833576,0.29353467,-0.56876844,0.41049674,0.4558074,0.7897671,0.49107283,-0.84028393,0.2297181
1356441658406,0.7748994,0.24609289,-0.58221054,0.4229128,0.48269528,0.7669094,0.46976122,-0.84050196,0.26996446
1356441658449,0.8069898,0.20853984,-0.5525203,0.39982778,0.49562055,0.771037,0.4346323,-0.8431319,0.3165807
1356441658489,0.84198946,0.17588022,-0.5100195,0.3671761,0.50581264,0.78059924,0.3952663,-0.8445233,0.36130995
1356441658529,0.8659905,0.14776137,-0.47773105,0.34443027,0.51635,0.78406024,0.36253023,-0.84353375,0.39626068
1356441658569,0.8723644,0.12299067,-0.47313175,0.34714597,0.5255798,0.77669525,0.34419474,-0.841807,0.4158014
1356441658609,0.8598354,0.100706145,-0.5005411,0.37920934,0.530491,0.7581422,0.34188214,-0.8416874,0.41794622
1356441658649,0.82798356,0.080648065,-0.55492264,0.43632942,0.5289336,0.7279052,0.35222137,-0.8448226,0.4027592
1356441658689,0.7774708,0.063442335,-0.62571096,0.5095356,0.5196553,0.6858075,0.36866325,-0.85201734,0.3716907
1356441658728,0.71227205,0.05032915,-0.7000967,0.5877806,0.50240046,0.63411963,0.38364363,-0.86316895,0.32826334
1356441658769,0.63915306,0.0423086,-0.7679149,0.6618341,0.47833073,0.5772133,0.39173833,-0.87715995,0.27772528
1356441658809,0.5653748,0.039557993,-0.82388496,0.72606367,0.45008865,0.5198574,0.3913858,-0.89210725,0.22574714
1356441658848,0.49824566,0.041552037,-0.86603975,0.7774762,0.4207068,0.46747902,0.38377357,-0.90624464,0.1773096
1356441658888,0.44599497,0.047496706,-0.8937743,0.81460226,0.39218938,0.4273296,0.3708255,-0.9186575,0.13622358
1356441658929,0.41675138,0.05655673,-0.90725946,0.8372729,0.36475646,0.40734115,0.35396662,-0.92938375,0.10465932
1356441658969,0.41604865,0.06794867,-0.90680003,0.84565234,0.33772105,0.41329962,0.33432862,-0.9387904,0.08304745
1356441659008,0.44526547,0.08080059,-0.8917454,0.83883256,0.31072658,0.44699988,0.31320685,-0.9470587,0.07057765
1356441659049,0.5007672,0.09416184,-0.860445,0.8146819,0.28458494,0.50527674,0.29244742,-0.9540151,0.06579888
1356441659089,0.5750422,0.1069113,-0.8111082,0.77113104,0.260342,0.58101547,0.2732827,-0.9595791,0.067265004
1356441659129,0.6593228,0.11793408,-0.742553,0.7071881,0.23808086,0.6657344,0.2553004,-0.96405864,0.07357055
1356441659169,0.7434181,0.1263218,-0.6567894,0.6251616,0.21776265,0.74950147,0.23770261,-0.9677925,0.082917154
1356441659209,0.8153374,0.13188222,-0.563766,0.53487325,0.20121804,0.82062286,0.22166547,-0.97062784,0.09352031
1356441659248,0.8650988,0.1361425,-0.48277253,0.45509398,0.19170669,0.869562,0.21093506,-0.9719638,0.103887595
1356441659289,0.8900335,0.14168447,-0.43331954,0.40485942,0.19133088,0.8941372,0.20959279,-0.9712456,0.1129286
1356441659328,0.8930993,0.1499385,-0.4241369,0.39261237,0.20047387,0.89758885,0.2196115,-0.9681574,0.12017537
1356441659369,0.8778205,0.15963921,-0.4516043,0.41464588,0.21873495,0.8833028,0.2397914,-0.9626372,0.12581629
1356441659409,0.845211,0.16746567,-0.507517,0.46269542,0.24594131,0.8517193,0.26745313,-0.9547084,0.13038673
1356441659448,0.7985189,0.16799995,-0.57805157,0.5241003,0.27834538,0.8048868,0.29611892,-0.9456743,0.13421522
1356441659489,0.73899287,0.1597096,-0.6545093,0.59062207,0.31380582,0.7434323,0.3241221,-0.93595874,0.13757224
1356441659529,0.66516274,0.14036652,-0.7333865,0.6592938,0.35070363,0.66508555,0.3505571,-0.92590725,0.1407322
1356441659569,0.58159995,0.11033812,-0.8059572,0.7221272,0.386126,0.5739678,0.3745316,-0.9158232,0.1448927
1356441659608,0.50257564,0.0725714,-0.86148185,0.76980805,0.4159447,0.48413375,0.39346308,-0.9064896,0.15317765
1356441659649,0.4474743,0.03104946,-0.89375764,0.7986003,0.43592662,0.4149766,0.4024976,-0.8994465,0.17026985
1356441659689,0.43069687,-0.011146575,-0.9024278,0.81077087,0.44399628,0.38146815,0.3964225,-0.89595926,0.20026514
1356441659728,0.4520474,-0.05259934,-0.8904417,0.8097956,0.44276792,0.38495135,0.37401086,-0.8950921,0.2427468
1356441659769,0.4961363,-0.091934115,-0.86336374,0.79869425,0.4382844,0.4123036,0.34049407,-0.8941225,0.29087603
1356441659809,0.53509456,-0.12712917,-0.8351719,0.7869487,0.43453556,0.43805337,0.30722255,-0.8916373,0.33256176
1356441659848,0.54557854,-0.15622011,-0.8233707,0.7879901,0.43012625,0.4405259,0.28533432,-0.8891494,0.35776758
1356441659889,0.51994455,-0.17783323,-0.8354837,0.8072963,0.4219502,0.41259038,0.27916017,-0.889007,0.36295483
1356441659928,0.46021235,-0.1907244,-0.86708057,0.84024906,0.40893894,0.35602033,0.28668118,-0.8924086,0.34845477
1356441659969,0.37478888,-0.1936123,-0.9066683,0.87645173,0.39283508,0.2784112,0.30226728,-0.89899653,0.31692213
1356441660026,0.24498248,-0.18031633,-0.952612,0.9138888,0.37101114,0.1647968,0.32371408,-0.91095376,0.25568032
1356441660070,0.1415568,-0.16006958,-0.97690296,0.9311758,0.3564483,0.07652521,0.33596602,-0.9205011,0.19951063
1356441660108,0.07222462,-0.13936332,-0.9876039,0.9383862,0.34501272,0.019939661,0.33795705,-0.928194,0.15569502
1356441660148,0.03302321,-0.12175736,-0.99201035,0.9433836,0.33157334,-0.009292245,0.3300555,-0.9355395,0.1258136
1356441660189,0.018531114,-0.108166456,-0.99396,0.9492873,0.31397817,-0.016470075,0.3138632,-0.94324845,0.10849947
1356441660229,0.02282393,-0.098424286,-0.99488276,0.9564259,0.29189265,-0.006935388,0.2910816,-0.95137334,0.10079765
1356441660269,0.04107344,-0.091929376,-0.994918,0.96364933,0.26674092,0.015135944,0.26399386,-0.95937383,0.09954369
1356441660309,0.07016736,-0.08816603,-0.99363136,0.969319,0.24126261,0.047042966,0.2355785,-0.96644664,0.10238981
1356441660349,0.10822314,-0.086768895,-0.9903327,0.97202206,0.21814013,0.087109625,0.20847285,-0.9720525,0.10794908
1356441660407,0.1532262,-0.087179035,-0.98433816,0.9708346,0.19915235,0.13348609,0.18439612,-0.9760831,0.11515173
1356441660430,0.20167819,-0.08826509,-0.97546667,0.9654223,0.18587783,0.18278235,0.16518432,-0.97860044,0.12270054
1356441660470,0.2480835,-0.08841753,-0.9646952,0.95654106,0.17988649,0.22949937,0.15324381,-0.9797057,0.12920192
1356441660510,0.2861763,-0.08599231,-0.9543104,0.9462745,0.18185917,0.26737925,0.15055749,-0.9795573,0.13341612
1356441660551,0.31136817,-0.08021128,-0.9468981,0.93707323,0.19152027,0.29191387,0.15793538,-0.97820556,0.13479719
1356441660590,0.32235047,-0.071563214,-0.94391143,0.93029964,0.20831129,0.30190876,0.17502186,-0.975441,0.13372448
1356441660630,0.32036126,-0.06135446,-0.94530654,0.9258891,0.23122275,0.29877347,0.20024529,-0.9709644,0.13088223
1356441660670,0.3079815,-0.051088244,-0.95001966,0.92298746,0.25822473,0.28533182,0.23074144,-0.9647331,0.12668228
1356441660711,0.2880161,-0.04192263,-0.95670754,0.92064506,0.28707156,0.2645802,0.26355165,-0.9569914,0.121277034
1356441660750,0.2632434,-0.03460276,-0.9641087,0.91802293,0.31617007,0.23931235,0.29654142,-0.9480713,0.11499581
1356441660790,0.23724222,-0.029993951,-0.9709873,0.9143996,0.3443817,0.21277809,0.32800817,-0.93835044,0.109128386
1356441660830,0.21536556,-0.029867142,-0.9760767,0.9095149,0.37003627,0.18935636,0.35552835,-0.92853713,0.10685766
1356441660870,0.20410895,-0.037115008,-0.97824436,0.9041785,0.39017534,0.17385185,0.3752343,-0.9199922,0.11319685
1356441660910,0.20841342,-0.0549531,-0.97649574,0.9002913,0.4008931,0.16958857,0.38215098,-0.9144752,0.13302535
1356441660950,0.22964099,-0.08569482,-0.9694954,0.89938605,0.39939478,0.17773148,0.37198076,-0.91276515,0.1687901
1356441660990,0.26216918,-0.12790594,-0.9565079,0.901018,0.38740242,0.19515583,0.3455919,-0.91299474,0.21681052
1356441661029,0.2927946,-0.17370498,-0.9402648,0.90375066,0.37141216,0.21280932,0.31225976,-0.9120743,0.26573345
1356441661069,0.30788738,-0.21175927,-0.9275577,0.9076076,0.35781962,0.21957585,0.2854011,-0.90946305,0.30236247
1356441661109,0.30232292,-0.23413113,-0.9240041,0.91316295,0.34914893,0.21030581,0.2733759,-0.9073465,0.31935558
1356441661167,0.27927467,-0.23851842,-0.93011534,0.9196741,0.34492472,0.18768722,0.27605292,-0.90781933,0.31568795
1356441661189,0.24638408,-0.22665492,-0.9422964,0.92561316,0.34323835,0.15946123,0.28728962,-0.91149056,0.2943632
1356441661229,0.21237254,-0.20272243,-0.95592976,0.9302528,0.34147668,0.13425171,0.2992119,-0.91776764,0.26110336
1356441661267,0.18441588,-0.17172986,-0.9677291,0.933875,0.3375473,0.11806449,0.30637917,-0.925511,0.22262332
1356441661310,0.1663987,-0.13798541,-0.9763562,0.93695694,0.33068746,0.112948895,0.30728346,-0.9335983,0.18431237
1356441661349,0.16027272,-0.105210006,-0.9814497,0.9393955,0.3215438,0.11893615,0.30306587,-0.9410316,0.15036845
1356441661410,0.16565281,-0.07620332,-0.9832356,0.9411571,0.31003827,0.1345348,0.29458866,-0.9476652,0.12307799
1356441661430,0.18170395,-0.05257216,-0.98194695,0.94208837,0.29554287,0.15850535,0.28187442,-0.95388186,0.10322893
1356441661470,0.20678097,-0.03521794,-0.97775316,0.941951,0.2773525,0.1892192,0.26451838,-0.96012247,0.09052476
1356441661510,0.23954129,-0.02406922,-0.9705878,0.93985105,0.2564898,0.22559488,0.24351603,-0.9662472,0.084061325
1356441661550,0.27853146,-0.019227654,-0.96023464,0.9349716,0.23408833,0.26651615,0.21965528,-0.9720252,0.08317825
1356441661590,0.3225819,-0.019674808,-0.9463371,0.92632604,0.2120865,0.31135124,0.19457957,-0.97705287,0.08664051
1356441661620,0.36776304,-0.022298336,-0.92965215,0.91383404,0.19380504,0.35685703,0.17221397,-0.98078656,0.09165129
1356441661660,0.41076568,-0.027739942,-0.91131884,0.8987185,0.18065181,0.39958727,0.15354687,-0.98315585,0.099135965
1356441661700,0.4520189,-0.03069961,-0.89147985,0.8803666,0.17629209,0.44031304,0.14364338,-0.983859,0.10671428
1356441661739,0.4881162,-0.02799052,-0.8723297,0.86061853,0.18169703,0.4757331,0.14518371,-0.9829561,0.112778395
1356441661779,0.518229,-0.018423676,-0.8550435,0.8404713,0.19597678,0.5051742,0.15826148,-0.98043543,0.11704543
1356441661818,0.5436063,-0.002631545,-0.83933616,0.81969225,0.2167677,0.53020406,0.18054569,-0.97621965,0.11999336
1356441661858,0.56586504,0.017806888,-0.8243056,0.7977279,0.24086617,0.5528233,0.20839137,-0.97039497,0.122092724
1356441661899,0.5864215,0.041152418,-0.80895996,0.7742329,0.26504374,0.57473046,0.23806128,-0.96335775,0.12356579
1356441661938,0.6061372,0.065953106,-0.79262084,0.74926436,0.28698385,0.59686106,0.2668342,-0.9556623,0.12453529
1356441661978,0.62546456,0.09074071,-0.77495813,0.7230511,0.30587327,0.6193856,0.29324245,-0.9477382,0.12570274
1356441662018,0.64550555,0.11301988,-0.755347,0.69541687,0.32193255,0.6424599,0.31578156,-0.9399925,0.12921333
1356441662059,0.66869634,0.12875035,-0.73230356,0.66561496,0.33527073,0.666746,0.33136374,-0.93328285,0.13849616
1356441662099,0.6986779,0.1329743,-0.7029701,0.6321987,0.34523097,0.69364274,0.33492368,-0.92904973,0.15713908
1356441662139,0.7381323,0.12178981,-0.6635721,0.5929563,0.35205364,0.7241968,0.3218128,-0.9280224,0.18764612
1356441662179,0.7845749,0.09613918,-0.61253524,0.5467637,0.35859048,0.7566123,0.2923894,-0.92853117,0.2287757
1356441662219,0.8291212,0.06436142,-0.55535185,0.49765715,0.36766577,0.7855948,0.25474584,-0.9277282,0.27280957
1356441662259,0.8626478,0.03850743,-0.5043372,0.45454365,0.3783673,0.80636734,0.22187585,-0.9248542,0.3088944
1356441662299,0.88184434,0.027129889,-0.4707595,0.4248858,0.38726193,0.81823,0.20450573,-0.9215705,0.32997763
1356441662339,0.88799626,0.03261815,-0.45869237,0.41100317,0.3910886,0.82348406,0.20624988,-0.9197748,0.33387905
1356441662410,0.879807,0.058758244,-0.47168538,0.4160499,0.38470548,0.8239564,0.22987416,-0.92116725,0.31402022
1356441662422,0.86910313,0.08811791,-0.4867185,0.42419368,0.37331444,0.825043,0.2544001,-0.9235104,0.2870697
1356441662460,0.85393107,0.12067512,-0.5062008,0.44013152,0.35150665,0.8262732,0.27764356,-0.92837524,0.24704953
1356441662500,0.8403129,0.15161966,-0.5204668,0.4559977,0.3214984,0.82988244,0.29315573,-0.93469256,0.20102103
1356441662540,0.83221155,0.1770631,-0.52542603,0.4671942,0.2863857,0.8364884,0.2985857,-0.94161135,0.15561064
1356441662580,0.83174604,0.19556966,-0.5195682,0.4701319,0.24961373,0.84656304,0.2952534,-0.948391,0.11567168
1356441662620,0.83955693,0.2067108,-0.50240886,0.46232134,0.21382627,0.86054474,0.28531212,-0.9547507,0.08395252
1356441662660,0.85566705,0.21008347,-0.4729681,0.4415154,0.18045598,0.8789196,0.2699964,-0.9608853,0.06165515
1356441662700,0.8790004,0.20549993,-0.4302652,0.40607667,0.15033749,0.901388,0.24992017,-0.9670411,0.04869798
1356441662739,0.90651137,0.19403158,-0.37495193,0.35624826,0.12502304,0.92598945,0.22654882,-0.97299594,0.044211388
1356441662779,0.93413115,0.17752983,-0.30964854,0.29449585,0.10682273,0.9496637,0.20167115,-0.97830063,0.047504634
1356441662818,0.95814204,0.15844446,-0.23845139,0.22519454,0.09719077,0.96945417,0.17677993,-0.9825728,0.057441738
1356441662858,0.9760795,0.139395,-0.16684647,0.15440461,0.0958232,0.98335,0.15306182,-0.9855897,0.072007835
1356441662899,0.98702157,0.1240518,-0.10197834,0.089732476,0.100599945,0.9908723,0.1331785,-0.9871631,0.08816284
1356441662939,0.9918693,0.116476625,-0.051269915,0.03864387,0.108183265,0.9933796,0.121252045,-0.98728395,0.102802545
1356441662979,0.99271744,0.11897826,-0.018872943,0.005065199,0.11530268,0.9933175,0.12035929,-0.98617923,0.11386034
1356441663019,0.9912739,0.13166967,-0.0062602907,-0.009803385,0.12099856,0.9926042,0.13145337,-0.9838813,0.12123352
1356441663059,0.98826754,0.15227589,-0.011803396,-0.007592,0.12616342,0.9919805,0.15254387,-0.98025256,0.1258393
1356441663099,0.9836717,0.17694192,-0.032886147,0.0093188435,0.1324077,0.9911516,0.17973062,-0.9752742,0.12859681
1356441663139,0.97707206,0.20182765,-0.067791864,0.03945311,0.14126027,0.98918605,0.20922138,-0.9691807,0.13005874
1356441663179,0.96764076,0.22383045,-0.1164964,0.08287878,0.15414158,0.9845667,0.23833294,-0.96236193,0.13060287
1356441663218,0.95402086,0.24013832,-0.17938167,0.13986167,0.17267507,0.9749984,0.26510924,-0.9552575,0.13114947
1356441663259,0.9351683,0.24728966,-0.25359005,0.20735994,0.19821331,0.9579736,0.2871619,-0.94845104,0.13408485
1356441663299,0.9127033,0.2417122,-0.32946602,0.27600324,0.22989276,0.9332586,0.30132183,-0.9427219,0.14311054
1356441663339,0.8932911,0.2221223,-0.39075893,0.33085635,0.26351383,0.9061426,0.30424488,-0.9387343,0.161904
1356441663410,0.89254403,0.18904704,-0.40942198,0.34578043,0.29590446,0.89043605,0.28948408,-0.9363235,0.19873899
1356441663422,0.89545876,0.15170217,-0.41849732,0.35415822,0.32676193,0.8762412,0.2696767,-0.93285215,0.23887527
1356441663460,0.90786207,0.117035635,-0.40260294,0.34001133,0.35632455,0.8703017,0.24531361,-0.9270035,0.2837001
1356441663501,0.9162566,0.08704915,-0.39101955,0.33160946,0.38280123,0.86226356,0.22474208,-0.9197204,0.32187784
1356441663540,0.9135581,0.062674135,-0.4018501,0.34556708,0.40140218,0.8482097,0.2144643,-0.913755,0.3450461
1356441663579,0.8963181,0.04341328,-0.44128126,0.3868748,0.40970698,0.82611626,0.21666044,-0.91118354,0.35043228
1356441663619,0.8621468,0.028481975,-0.5058574,0.4520337,0.40771344,0.79336953,0.2288416,-0.9126656,0.338634
1356441663659,0.81080234,0.017389864,-0.58506167,0.53149366,0.39682597,0.7483606,0.24518153,-0.9177291,0.31250483
1356441663699,0.7452438,0.009879649,-0.6667189,0.61425894,0.37883878,0.69221896,0.25941783,-0.92541,0.2762586
1356441663739,0.67127085,0.005625546,-0.7411908,0.69128597,0.35604003,0.62877595,0.26743075,-0.9344537,0.23511045
1356441663779,0.59455204,0.0042740107,-0.8040458,0.7579078,0.3309279,0.5621944,0.26848403,-0.9436464,0.19351453
1356441663819,0.5200938,0.0052685738,-0.85409284,0.81226134,0.30612123,0.49650913,0.26407182,-0.9519779,0.15493229
1356441663859,0.4540547,0.007723123,-0.8909403,0.8534826,0.28325063,0.4374203,0.25573763,-0.95901483,0.12201974
1356441663899,0.40433788,0.010545582,-0.9145489,0.8814281,0.26240253,0.39272034,0.24412143,-0.96490085,0.09680414
1356441663939,0.37881327,0.012774736,-0.925385,0.8966918,0.24235898,0.37041327,0.22900733,-0.97010255,0.08035377
1356441663997,0.38316172,0.013900697,-0.9235767,0.8993825,0.22222124,0.37646896,0.21047151,-0.9748972,0.07264462
1356441664020,0.42310482,0.013320595,-0.90598285,0.8863634,0.20137489,0.41690317,0.18799564,-0.97942376,0.07339579
1356441664059,0.4922763,0.011523873,-0.8703627,0.8548609,0.1819263,0.48591727,0.16394144,-0.9832446,0.07970673
1356441664096,0.5758297,0.008681506,-0.8175236,0.8052553,0.16687684,0.56896055,0.1413652,-0.9859395,0.08910179
1356441664139,0.6481486,0.0061308444,-0.7614892,0.75112,0.159504,0.64060694,0.12538803,-0.98717827,0.098777294
1356441664179,0.68641925,0.004921049,-0.72718936,0.7172227,0.16054547,0.6780978,0.12008387,-0.98701614,0.10667203
1356441664219,0.681532,0.004556179,-0.7317741,0.7206672,0.1694938,0.672243,0.12709403,-0.9855207,0.11223197
1356441664259,0.6340368,0.0024829805,-0.773299,0.7595558,0.18571815,0.62336487,0.14516345,-0.9825999,0.11586617
1356441664299,0.55026287,-0.0045914054,-0.8349788,0.81726205,0.20793451,0.5374439,0.17115328,-0.978132,0.118171036
1356441664339,0.4413528,-0.018787116,-0.89713705,0.87439394,0.23362157,0.425272,0.20160094,-0.97214615,0.11953688
1356441664410,0.3181358,-0.039366573,-0.9472275,0.91769445,0.26357478,0.2972628,0.23796308,-0.96383536,0.119979054
1356441664422,0.19014105,-0.069003314,-0.97932875,0.9433174,0.2892373,0.16276965,0.27202675,-0.9547671,0.12008792
1356441664460,0.09491852,-0.09678951,-0.9907685,0.9479952,0.31252238,0.06028998,0.30380183,-0.94496644,0.121420205
1356441664500,0.02849412,-0.12607014,-0.9916121,0.94375765,0.33030325,-0.014874548,0.32940796,-0.93541765,0.12839133
1356441664540,-0.008747458,-0.15917796,-0.9872111,0.93958694,0.3365397,-0.06258914,0.34219858,-0.9281182,0.14661759
1356441664579,-0.017903417,-0.19770011,-0.9800991,0.9416237,0.32627198,-0.08301437,0.33619085,-0.92437077,0.1803177
1356441664618,-0.0058485568,-0.24167526,-0.97033954,0.9504142,0.3003765,-0.080540985,0.310932,-0.9226955,0.22793484
1356441664659,0.015327245,-0.28753713,-0.9576468,0.9618834,0.26576772,-0.06440276,0.27302974,-0.9201575,0.28065076
1356441664699,0.027581751,-0.32701477,-0.9446167,0.97137237,0.23182523,-0.051892072,0.23595545,-0.9161433,0.32404727
1356441664739,0.019244432,-0.3523032,-0.935688,0.9770799,0.2050674,-0.057115793,0.21200117,-0.91314286,0.34817478
1356441664779,-0.009602487,-0.36015883,-0.93284166,0.9784417,0.18907893,-0.0830729,0.20630017,-0.9135288,0.35057873
1356441664818,-0.0516603,-0.35118052,-0.9348815,0.97496665,0.18498933,-0.123365015,0.21626645,-0.9178513,0.33283272
1356441664859,-0.0983032,-0.3277715,-0.9396288,0.9671756,0.19085866,-0.16776255,0.23432404,-0.9252777,0.29825062
1356441664898,-0.13981831,-0.29485878,-0.9452561,0.9578911,0.20150906,-0.20454502,0.25078952,-0.93405163,0.254268
1356441664939,-0.1721108,-0.2561859,-0.95118177,0.95023954,0.21134496,-0.22886279,0.25965884,-0.9432403,0.2070632
1356441664979,-0.19123095,-0.21628293,-0.95741975,0.94657874,0.21739614,-0.23817581,0.25965273,-0.9518197,0.16315585
1356441665029,-0.19948119,-0.17642146,-0.96388924,0.94798,0.21428132,-0.23540884,0.24807462,-0.9607075,0.12449902
1356441665069,-0.1873672,-0.14155775,-0.9720365,0.9543484,0.20810992,-0.21426475,0.23262128,-0.96780765,0.09610242
1356441665109,-0.16465807,-0.11535543,-0.97958195,0.962887,0.19653344,-0.18499547,0.21386084,-0.9736877,0.07871342
1356441665149,-0.1318056,-0.098266214,-0.986393,0.9723798,0.18054736,-0.14791954,0.19262621,-0.9786452,0.07175487
1356441665189,-0.08971673,-0.090096414,-0.99188375,0.98135716,0.16195899,-0.10347596,0.16996726,-0.9826759,0.073886395
1356441665229,-0.039789855,-0.08967227,-0.9951762,0.98831815,0.14310974,-0.05241087,0.14711916,-0.9856361,0.082930446
1356441665269,0.0154618025,-0.09448001,-0.9954066,0.9918728,0.12718922,0.0033345819,0.12628993,-0.9873684,0.09567875
1356441665309,0.07228601,-0.10089487,-0.9922676,0.99117893,0.118068516,0.060201406,0.11108157,-0.9878664,0.10853955
1356441665349,0.12659952,-0.10529029,-0.98635006,0.98638356,0.11859259,0.11394435,0.104976535,-0.9873448,0.11887038
1356441665409,0.17551276,-0.10543683,-0.9788148,0.9783449,0.12948039,0.161481,0.10971135,-0.98596036,0.12587899
1356441665430,0.21801478,-0.100815564,-0.97072434,0.9679333,0.14952707,0.20185864,0.1247991,-0.98360455,0.13018185
1356441665470,0.25411344,-0.09172213,-0.9628154,0.9557308,0.176498,0.23542967,0.14834094,-0.98001814,0.13251218
1356441665510,0.28460708,-0.07869637,-0.9554086,0.9420781,0.20743772,0.26354954,0.17744732,-0.9750776,0.13317642
1356441665550,0.31063572,-0.06238568,-0.94847953,0.92715716,0.2398018,0.2878796,0.20948756,-0.9688153,0.1323323
1356441665589,0.33397412,-0.04380873,-0.9415636,0.9109937,0.2714392,0.31050152,0.24197459,-0.961458,0.13056317
1356441665628,0.35656613,-0.0247643,-0.9339418,0.89351434,0.301072,0.3331482,0.27293354,-0.95327973,0.12947932
1356441665669,0.38187099,-0.008533597,-0.9241762,0.87425834,0.32764488,0.35821944,0.2997447,-0.9447624,0.13257867
1356441665709,0.41535115,2.901852E-4,-0.90966105,0.8522619,0.3494721,0.38925415,0.31801412,-0.9369467,0.14490637
1356441665749,0.4623049,-0.003008753,-0.88671595,0.8259733,0.3652218,0.42939633,0.32255608,-0.93091565,0.17132899
1356441665789,0.52444834,-0.02046606,-0.8511963,0.7929859,0.37577528,0.47954798,0.31004405,-0.9264848,0.21330401
1356441665828,0.5946755,-0.04753536,-0.8025594,0.7523515,0.38481736,0.5346802,0.2834225,-0.9217679,0.26460475
1356441665868,0.6580465,-0.07256946,-0.74947214,0.708904,0.39524147,0.58415693,0.25383046,-0.9157062,0.31153208
1356441665909,0.7031334,-0.0845806,-0.70600957,0.6715329,0.405414,0.6202282,0.23376684,-0.9102118,0.3418588
1356441665949,0.7282025,-0.07973176,-0.6807084,0.64614046,0.41104016,0.6430774,0.2285248,-0.90812385,0.3508384
1356441665989,0.737883,-0.060726583,-0.6721912,0.63278913,0.4086467,0.6577126,0.23474807,-0.91067016,0.33996058
1356441666029,0.7376802,-0.032588273,-0.6743633,0.62894475,0.3963267,0.66884506,0.2454717,-0.917531,0.31285858
1356441666068,0.73369527,-9.6440315E-4,-0.679478,0.63027877,0.37456113,0.6800387,0.25385022,-0.92720175,0.27542156
1356441666109,0.7305969,0.029726297,-0.6821617,0.63282835,0.34571764,0.6928259,0.2564305,-0.93786764,0.23376858
1356441666149,0.7311547,0.056855917,-0.67983836,0.63351077,0.31317365,0.7075213,0.25313425,-0.94799244,0.19295955
1356441666189,0.736858,0.07890305,-0.67142725,0.6299975,0.28013614,0.72431135,0.24524142,-0.9567121,0.15671183
1356441666229,0.7488167,0.094698876,-0.6559768,0.62023306,0.24876487,0.7439267,0.23363295,-0.9639233,0.12754394
1356441666269,0.7677877,0.10333598,-0.6323162,0.6023397,0.21996042,0.76733583,0.21837795,-0.9700201,0.106639534
1356441666309,0.7933884,0.10458739,-0.5996635,0.5750981,0.19406343,0.7947336,0.19949183,-0.97539777,0.09381968
1356441666349,0.82365984,0.099158406,-0.55834764,0.5385066,0.17185217,0.8249106,0.1777501,-0.98011965,0.08815028
1356441666409,0.85560614,0.08847448,-0.5100102,0.49404797,0.15440828,0.8556135,0.15444976,-0.9840377,0.088402025
1356441666430,0.88586795,0.07463676,-0.45789444,0.44501042,0.14233279,0.884142,0.13116287,-0.9870009,0.09287392
1356441666470,0.9111699,0.06073436,-0.4075301,0.39694393,0.13580602,0.9077402,0.11047605,-0.9888721,0.09963423
1356441666510,0.9290105,0.050932616,-0.3665315,0.3572767,0.1345714,0.92425317,0.09639929,-0.98959404,0.10682121
1356441666550,0.9386705,0.04863228,-0.34136868,0.33223718,0.13739508,0.93313503,0.09228285,-0.9893217,0.11281127
1356441666589,0.94066393,0.05496168,-0.33485904,0.3244751,0.14318034,0.9349948,0.09933413,-0.9881693,0.11685088
1356441666628,0.9356487,0.068799466,-0.34616214,0.33311883,0.15185907,0.93057543,0.11659095,-0.98600477,0.11916834
1356441666668,0.92372084,0.08790867,-0.37284297,0.35574365,0.16413724,0.92005736,0.14207841,-0.98251265,0.12034404
1356441666709,0.90496236,0.10899088,-0.41129565,0.38891175,0.1802347,0.9034728,0.17260003,-0.9775666,0.12071779
1356441666749,0.87958074,0.12884381,-0.45797053,0.4293525,0.1996646,0.88078964,0.20492479,-0.9713564,0.120301716
1356441666789,0.84778005,0.14524406,-0.51007175,0.47450697,0.22184223,0.8518387,0.23687997,-0.96420443,0.119154096
1356441666847,0.81055194,0.15638493,-0.56440175,0.5213413,0.24642807,0.8169924,0.26684976,-0.9564607,0.11821282
1356441666879,0.7725968,0.15931651,-0.61458325,0.5633328,0.27445275,0.77931505,0.29283184,-0.94831115,0.122293085
1356441666919,0.73921674,0.14835784,-0.65692353,0.5984659,0.30264527,0.74178463,0.30886436,-0.94148594,0.13493335
1356441666957,0.7277942,0.12322007,-0.674635,0.6123559,0.32613915,0.720176,0.30876505,-0.9372567,0.16190763
1356441666999,0.7426933,0.083765686,-0.6643719,0.60402954,0.3444743,0.7186695,0.28905886,-0.93505126,0.2052418
1356441667039,0.77319074,0.035942465,-0.6331543,0.5808685,0.36051968,0.7298064,0.2544956,-0.9320588,0.25787264
1356441667079,0.80189204,-0.00996834,-0.59738576,0.55668384,0.37554923,0.7409898,0.2169613,-0.9267489,0.30669916
1356441667119,0.81619316,-0.044429958,-0.5760683,0.5457303,0.3867318,0.74338204,0.18975544,-0.9211213,0.33989465
1356441667159,0.81363785,-0.063473746,-0.57789665,0.5531243,0.39059627,0.7358588,0.17901659,-0.9183712,0.35291278
1356441667199,0.7964913,-0.067207694,-0.6009032,0.57624346,0.38540226,0.7207001,0.18315291,-0.9202979,0.34569755
1356441667239,0.7683171,-0.05755651,-0.6374763,0.6092453,0.37110692,0.70078516,0.19623713,-0.92680466,0.32019383
1356441667279,0.7338491,-0.037649006,-0.6782684,0.64563835,0.34911877,0.67916644,0.21122627,-0.93632174,0.28050816
1356441667319,0.6987643,-0.011462182,-0.71526,0.6797844,0.32199743,0.65894675,0.22275892,-0.9466711,0.23279215
1356441667358,0.66852164,0.016946435,-0.7434996,0.70764935,0.29296657,0.64296424,0.2287165,-0.95597243,0.18386236
1356441667410,0.64757717,0.044017553,-0.7607274,0.72662985,0.26495713,0.63388234,0.22946212,-0.963255,0.1395957
1356441667440,0.6396749,0.06678572,-0.7657387,0.73472714,0.23954394,0.63466114,0.2258144,-0.9685858,0.10416095
1356441667480,0.6477361,0.08292419,-0.7573385,0.7301376,0.21631402,0.6481569,0.21757081,-0.97279584,0.07956831
1356441667520,0.6732313,0.091068804,-0.73380256,0.71073806,0.19407284,0.6761562,0.20398793,-0.9767509,0.06592983
1356441667560,0.7142885,0.09143886,-0.69385225,0.674796,0.17292291,0.7174595,0.18558663,-0.9806817,0.061814263
1356441667601,0.76581836,0.084911495,-0.6374263,0.6218643,0.15459168,0.7677149,0.16372861,-0.98432285,0.06558572
1356441667640,0.82103425,0.0730533,-0.5661854,0.55347,0.14119515,0.82081366,0.13990581,-0.98728275,0.07549324
1356441667680,0.8723533,0.058562145,-0.48535573,0.47491747,0.13403004,0.86976403,0.115987495,-0.9892455,0.08910937
1356441667720,0.9138043,0.045100257,-0.403643,0.39496446,0.13300273,0.9090178,0.094682574,-0.99008906,0.10372546
1356441667759,0.9428691,0.03727874,-0.33107123,0.3234335,0.13598293,0.9364291,0.079928935,-0.9900096,0.116156906
1356441667799,0.9605055,0.038042925,-0.27564824,0.26799655,0.14010096,0.95317864,0.07488028,-0.9894061,0.12437236
1356441667839,0.9693623,0.04824788,-0.24085012,0.23188505,0.14371121,0.96206886,0.081030644,-0.98844284,0.12812027
1356441667879,0.9713641,0.06735744,-0.2278482,0.21619916,0.14713609,0.9651988,0.09853802,-0.98682004,0.1283601
1356441667919,0.9679397,0.09217983,-0.23365729,0.21830711,0.15137291,0.9640686,0.124237075,-0.9841693,0.12639633
1356441667959,0.9591855,0.11942947,-0.25631976,0.23661235,0.1573897,0.95877165,0.15484768,-0.9802882,0.12270743
1356441667999,0.9448733,0.14526542,-0.29344934,0.2691398,0.1658709,0.94870996,0.18648946,-0.9753896,0.11763027
1356441668039,0.9238823,0.16711172,-0.34426028,0.31510305,0.17826113,0.93216574,0.21714406,-0.9696889,0.112034895
1356441668079,0.8951777,0.18204713,-0.40683627,0.3721593,0.19699016,0.90702397,0.24526387,-0.9633555,0.108590655
1356441668118,0.86085486,0.18628459,-0.47352603,0.43214726,0.22367597,0.8736233,0.2686589,-0.95669585,0.112050176
1356441668159,0.82949144,0.17617805,-0.5300049,0.48116577,0.2564165,0.83829,0.2835903,-0.9503746,0.12792444
1356441668199,0.8144148,0.15077579,-0.5603528,0.50545985,0.2899865,0.81266123,0.28502437,-0.94507915,0.1599582
1356441668239,0.823319,0.1132064,-0.5561746,0.49962533,0.32037684,0.80481875,0.2692961,-0.94050145,0.20721155
1356441668279,0.84860396,0.070274755,-0.52434033,0.4720556,0.34684336,0.81047094,0.2388196,-0.93528664,0.26115906
1356441668319,0.8731837,0.030124694,-0.48645934,0.44287047,0.3677094,0.8177136,0.20350906,-0.92945266,0.30773652
1356441668359,0.8848272,-0.0015974641,-0.46591663,0.43171525,0.378887,0.818576,0.17522211,-0.9254416,0.33593917
1356441668410,0.8794181,-0.023189962,-0.47548515,0.44799265,0.37814814,0.8101275,0.161017,-0.9254546,0.34293923
1356441668440,0.85565066,-0.03492792,-0.51637393,0.4917286,0.3660939,0.7900495,0.16144657,-0.92992216,0.33042353
1356441668480,0.81335247,-0.03797555,-0.58053046,0.5557396,0.34587103,0.7559938,0.17207937,-0.9375132,0.30241957
1356441668520,0.75474614,-0.03377655,-0.65514684,0.62893164,0.32125527,0.7079831,0.18655615,-0.9463901,0.2637093
1356441668560,0.6872558,-0.024615318,-0.7259983,0.698637,0.29613546,0.6513141,0.19896153,-0.9548287,0.22071798
1356441668599,0.6196993,-0.01287812,-0.78473365,0.7571877,0.27287745,0.5934683,0.20649335,-0.9619626,0.17885311
1356441668639,0.5600286,-6.7028403E-4,-0.828473,0.8016621,0.25278133,0.54170054,0.20905939,-0.96752316,0.14210212
1356441668679,0.5148836,0.0103238225,-0.8571979,0.83179736,0.23588075,0.5024673,0.20738384,-0.97172713,0.11286381
1356441668719,0.48983914,0.018932045,-0.87160724,0.84818035,0.22085361,0.48147047,0.20161277,-0.97512317,0.09212497
1356441668759,0.48905498,0.024455547,-0.8719101,0.8510329,0.20577063,0.48311645,0.19122839,-0.9782947,0.07982066
1356441668799,0.5150686,0.026649386,-0.85673463,0.83884406,0.18978904,0.51021636,0.17619577,-0.9814632,0.0753997
1356441668839,0.5668265,0.025644809,-0.8234379,0.80860364,0.17400493,0.5620342,0.1576955,-0.9844108,0.07789412
1356441668879,0.6371944,0.021986246,-0.77038944,0.75825477,0.16104864,0.63175386,0.13796005,-0.98670155,0.08594811
1356441668918,0.70954764,0.018058538,-0.70442605,0.6941341,0.15420836,0.7031342,0.121326,-0.9878733,0.0968831
1356441668959,0.76493055,0.017294347,-0.64388055,0.63417774,0.15467471,0.7575581,0.11269349,-0.98781407,0.10734773
1356441668999,0.79427606,0.021670341,-0.60717046,0.5966268,0.16089034,0.78622556,0.11472562,-0.9867343,0.11486225
1356441669038,0.7979419,0.0302248,-0.60197604,0.58915865,0.1716665,0.78957117,0.12720379,-0.9846914,0.11917268
1356441669079,0.777515,0.040343016,-0.627569,0.6110096,0.18764639,0.76906174,0.14878727,-0.9814077,0.12124793
1356441669119,0.73352695,0.048299253,-0.67794204,0.6562017,0.20947307,0.7249277,0.17702404,-0.97662073,0.1219601
1356441669159,0.66668063,0.050410837,-0.7436368,0.7153833,0.23675227,0.65740025,0.20919776,-0.97026134,0.121775076
1356441669199,0.58072686,0.043977767,-0.8129097,0.7771045,0.26764354,0.56962764,0.24262103,-0.9625139,0.12125248
1356441669239,0.48531562,0.0282045,-0.87388396,0.83008814,0.2990752,0.47064602,0.27463135,-0.9538126,0.121733665
1356441669279,0.3968506,0.004101068,-0.91787404,0.86688244,0.32701612,0.37626502,0.30170268,-0.9450098,0.12622139
1356441669319,0.334284,-0.02684033,-0.94209015,0.88707054,0.3466273,0.30488577,0.31837097,-0.93761885,0.13968119
1356441669359,0.3129341,-0.06405154,-0.94761264,0.89503884,0.35369974,0.271665,0.3177698,-0.9331634,0.16801333
1356441669412,0.3342246,-0.10727656,-0.93636835,0.8945999,0.34878471,0.27935687,0.2966225,-0.931043,0.21254206
1356441669440,0.38564157,-0.15401983,-0.90970236,0.8856548,0.3381878,0.31818944,0.25864273,-0.9283894,0.26682773
1356441669480,0.43761325,-0.19734871,-0.87723887,0.87256944,0.32872826,0.36133128,0.21706495,-0.9235752,0.3160563
1356441669520,0.4635299,-0.22939745,-0.855872,0.8662139,0.32070538,0.383173,0.18658382,-0.91898036,0.3473638
1356441669559,0.45563433,-0.24607363,-0.8554795,0.8729527,0.3116025,0.37531003,0.17421567,-0.9177972,0.35678738
1356441669599,0.42091617,-0.24706721,-0.8728043,0.88950086,0.30103454,0.34375352,0.177814,-0.92105156,0.34647682
1356441669639,0.36950573,-0.23378104,-0.89933974,0.90936893,0.29000035,0.29824153,0.19108564,-0.9280336,0.31975
1356441669697,0.31239122,-0.20925602,-0.92661947,0.92721677,0.27930188,0.24951857,0.20659333,-0.93712455,0.28127712
1356441669719,0.25992945,-0.17811656,-0.94905806,0.9405757,0.26912406,0.20709789,0.21852675,-0.94649184,0.23748544
1356441669759,0.2174193,-0.14466366,-0.96529853,0.9499594,0.25861046,0.17520791,0.2242901,-0.95508796,0.1936515
1356441669797,0.18892533,-0.11261654,-0.97551256,0.95615864,0.24745506,0.15661004,0.22375864,-0.96233237,0.15442976
1356441669839,0.17626733,-0.08477184,-0.98068523,0.9600241,0.23489094,0.15224943,0.21744761,-0.9683181,0.12278661
1356441669878,0.18103966,-0.06278843,-0.9814694,0.9617047,0.22012118,0.16331187,0.2057881,-0.9734497,0.10023457
1356441669919,0.20385149,-0.04743436,-0.977852,0.96065545,0.20215312,0.19046035,0.18864143,-0.9782045,0.08677736
1356441669959,0.24555665,-0.038630128,-0.96861225,0.95491517,0.1816228,0.23484078,0.16685015,-0.9826093,0.08148715
1356441669999,0.306606,-0.036061615,-0.95115316,0.9410893,0.1612258,0.29724923,0.14263108,-0.9862585,0.08337003
1356441670038,0.38595524,-0.03949511,-0.92167175,0.9149852,0.14379957,0.37699324,0.117646605,-0.98881847,0.09163761
1356441670079,0.47793415,-0.047192127,-0.87712705,0.8733952,0.1319277,0.46880257,0.09359351,-0.9901353,0.10427016
1356441670119,0.5695611,-0.055234194,-0.820091,0.8186366,0.1276031,0.5599568,0.073717386,-0.9902861,0.117894486
1356441670159,0.6450107,-0.058597386,-0.76192355,0.76161164,0.13086875,0.63468194,0.06252131,-0.9896666,0.12904018
1356441670199,0.69427156,-0.05372864,-0.7177048,0.71689254,0.13982554,0.68301827,0.06365582,-0.9887174,0.13559455
1356441670239,0.7161083,-0.040518254,-0.6968121,0.69360805,0.15298624,0.7039197,0.07808101,-0.98739725,0.13765854
1356441670279,0.7143848,-0.021969497,-0.6994082,0.69204956,0.17008427,0.7015259,0.10354611,-0.98518455,0.13670962
1356441670319,0.6941688,-0.0025555491,-0.7198077,0.7069349,0.19072628,0.68107736,0.13554567,-0.98163986,0.13420284
1356441670358,0.6597578,0.0137088,-0.75135326,0.73211575,0.21377681,0.6467658,0.16948825,-0.97678626,0.1310045
1356441670410,0.6102404,0.026251107,-0.7917812,0.7648014,0.24112874,0.597441,0.20660469,-0.970138,0.12706962
1356441670450,0.5470209,0.028936744,-0.83661854,0.8018706,0.26883993,0.53359956,0.24035704,-0.96275,0.12385759
1356441670490,0.48737353,0.02432996,-0.8728546,0.8306395,0.2953334,0.47203413,0.26926768,-0.95508444,0.123728216
