1356440931880,0.19164455,-0.054003954,0.9799775,0.9532801,-0.22732282,-0.19895077,0.23351535,0.9723209,0.007915735
1356440931919,0.4529813,-0.10162225,-0.8857093,-0.8603928,0.21039717,-0.46417364,0.2335211,0.97231984,0.007870913
1356440931960,0.45322505,-0.10190135,-0.8855524,-0.86025023,0.21031252,-0.46447623,0.23357353,0.972309,0.0076582134
1356440932003,0.4535315,-0.102552384,-0.8853204,-0.86001575,0.21027742,-0.46492618,0.23384222,0.97224814,0.0071707666
1356440932049,0.4538718,-0.10351616,-0.8850337,-0.859581,0.21083243,-0.46547836,0.23477829,0.9720257,0.00671041
1356440932092,0.45298535,-0.103939265,-0.8854382,-0.8595667,0.21258946,-0.46470496,0.2365359,0.9715978,0.006957203
1356440932129,0.45053416,-0.10347977,-0.88674176,-0.86018264,0.21555108,-0.46219417,0.2389659,0.9709941,0.008101612
1356440932171,0.4465846,-0.102004915,-0.8889079,-0.86132085,0.21998021,-0.45796838,0.24225715,0.97015655,0.010380775
1356440932210,0.4410961,-0.09974107,-0.8919002,-0.8630178,0.22553483,-0.45203355,0.24624082,0.969116,0.01340422
1356440932251,0.44044787,-0.09901178,-0.89230174,-0.8620569,0.23092823,-0.45114312,0.25072616,0.9679198,0.016358018
1356440932290,0.42955714,-0.09662175,-0.89785564,-0.86611885,0.23731023,-0.4399113,0.25557527,0.9666168,0.018252403
1356440932334,0.4219734,-0.09657958,-0.9014493,-0.8683678,0.24267654,-0.43248764,0.2605301,0.9652878,0.018536419
1356440932371,0.417646,-0.09933579,-0.90316343,-0.8689282,0.24688067,-0.4289683,0.2655855,0.9639411,0.016793042
1356440932411,0.41534328,-0.10418257,-0.90367913,-0.86857545,0.24977644,-0.42800516,0.2703084,0.96268255,0.013252556
1356440932454,0.41504776,-0.11105126,-0.90299666,-0.8673716,0.2512626,-0.4295738,0.27459404,0.96152735,0.00796324
1356440932493,0.41713703,-0.12036434,-0.900838,-0.86509645,0.2512325,-0.43415487,0.27857658,0.9604138,6.7159534E-4
1356440932532,0.4186694,-0.12934095,-0.89888096,-0.8632729,0.250584,-0.4381412,0.28191483,0.9594158,-0.0067447126
1356440932573,0.41875756,-0.13648254,-0.89778316,-0.86248326,0.24962164,-0.44024044,0.28419125,0.958677,-0.013182968
1356440932612,0.41558146,-0.14002591,-0.8987129,-0.86376745,0.24879451,-0.43818605,0.2849522,0.95838094,-0.017555416
1356440932652,0.40860212,-0.1390624,-0.9020565,-0.8675436,0.24788855,-0.43118376,0.28357095,0.9587559,-0.01935491
1356440932691,0.39813715,-0.13421407,-0.9074544,-0.873436,0.24686396,-0.41972348,0.2803506,0.9597107,-0.0189417
1356440932733,0.38396305,-0.12493503,-0.91485727,-0.88140666,0.2456335,-0.40346825,0.27512696,0.9612781,-0.01580438
1356440932791,0.36521825,-0.11036551,-0.9243566,-0.8915458,0.24426547,-0.38141915,0.267884,0.9634074,-0.009185761
1356440932811,0.3411132,-0.089673996,-0.9357352,-0.9038324,0.24226008,-0.35269973,0.25831926,0.96605825,0.0015878677
1356440932851,0.3117332,-0.06344539,-0.94804907,-0.91762173,0.23881121,-0.31770992,0.24656197,0.96899116,0.01622653
1356440932892,0.2782926,-0.033990115,-0.95989466,-0.93161905,0.23365945,-0.2783688,0.2337502,0.97172415,0.033359885
1356440932933,0.24210915,-0.0039259195,-0.97024107,-0.9446338,0.22730812,-0.236639,0.22147274,0.97381496,0.051324815
1356440932971,0.20411849,0.024723977,-0.9786339,-0.9559748,0.22032571,-0.19382608,0.21082604,0.9751129,0.068608075
1356440933012,0.1648804,0.051014632,-0.98499334,-0.9654566,0.2126357,-0.15059733,0.20176205,0.97579896,0.0843119
1356440933049,0.12498355,0.0748193,-0.98933375,-0.97314084,0.20354629,-0.10754454,0.19332877,0.97620237,0.098249674
1356440933089,0.08593574,0.09570381,-0.9916934,-0.9790875,0.19233921,-0.06628156,0.18439806,0.9766506,0.11023128
1356440933133,0.050587267,0.112476856,-0.99236584,-0.9835062,0.17838326,-0.02991733,0.17365646,0.9775113,0.119645536
1356440933172,0.02142948,0.12378213,-0.99207795,-0.9866495,0.16285467,-9.927154E-4,0.16144165,0.9788546,0.12561947
1356440933212,0.0012034476,0.12852132,-0.991706,-0.9891026,0.14615527,0.017740846,0.14722311,0.98087764,0.12729669
1356440933252,-0.011247218,0.12791538,-0.9917214,-0.9911001,0.13013601,0.028025478,0.13264358,0.9832102,0.12531322
1356440933293,-0.016002715,0.12241155,-0.99235034,-0.99283797,0.115570664,0.030266881,0.118391514,0.98572755,0.11968547
1356440933331,-0.015479386,0.114279985,-0.993328,-0.994215,0.10384387,0.02744016,0.10628685,0.98800635,0.11201143
1356440933373,-0.009280264,0.10345158,-0.99459124,-0.9952483,0.095454454,0.019214958,0.096926,0.9900435,0.10207409
1356440933429,0.002964288,0.090038925,-0.9959339,-0.99591124,0.09018847,0.0051894486,0.09028903,0.9918463,0.089938074
1356440933449,0.021107227,0.074290216,-0.99701333,-0.99609953,0.08701995,-0.014603794,0.08567515,0.9934327,0.075837165
1356440933490,0.043614954,0.057446003,-0.9973955,-0.99562883,0.085030824,-0.03864026,0.082589656,0.99472094,0.06090346
1356440933526,0.067973435,0.04132867,-0.99683076,-0.99430335,0.085025966,-0.06427586,0.08210009,0.9955212,0.046872735
1356440933571,0.09260857,0.026420236,-0.995352,-0.99188256,0.089928985,-0.089898735,0.08713582,0.9955977,0.034534007
1356440933609,0.11665562,0.012632251,-0.9930922,-0.98813653,0.10204372,-0.11477557,0.09988901,0.99469984,0.024386346
1356440933651,0.13838717,2.5594234E-4,-0.99037814,-0.98300284,0.12184897,-0.13732514,0.12064135,0.9925486,0.017113984
1356440933690,0.15562105,-0.0100290775,-0.9877659,-0.97651404,0.14927256,-0.15536392,0.14900449,0.9887452,0.013436437
1356440933729,0.16578183,-0.01766625,-0.98600423,-0.96956146,0.17976496,-0.16623813,0.1801858,0.98355097,0.012673259
1356440933790,0.1673007,-0.022643626,-0.9856459,-0.9614959,0.21733916,-0.16819459,0.21802798,0.9758335,0.0145891905
1356440933822,0.14833093,-0.022197723,-0.9886886,-0.95638776,0.2511661,-0.14912394,0.2516352,0.9676894,0.01602614
1356440933863,0.118034124,-0.01853776,-0.9928366,-0.9524427,0.2807436,-0.11847383,0.28092876,0.95960385,0.015481114
1356440933901,0.07201859,-0.010987222,-0.9973428,-0.94943863,0.30560252,-0.07192609,0.30558077,0.95209575,0.011577368
1356440933941,0.01268366,-0.001439333,-0.9999186,-0.94561684,0.32504383,-0.012462735,0.32503524,0.94569784,0.0027617216
1356440933981,-0.050326884,0.00357759,-0.99872637,-0.93974864,0.33839875,0.048567086,0.33814153,0.94099605,-0.013668537
1356440934027,-0.09715229,-0.011896938,-0.99519837,-0.93457556,0.34493512,0.08711082,0.34224257,0.9385511,-0.044629812
1356440934061,-0.1354006,-0.03863424,-0.9900374,-0.93044335,0.34836388,0.11365619,0.3405022,0.9365629,-0.08311564
1356440934101,-0.13007498,-0.09743294,-0.9867053,-0.934206,0.34544235,0.08904314,0.33217406,0.9333683,-0.13595587
1356440934143,-0.09520805,-0.17444727,-0.9800528,-0.9418038,0.33464348,0.031926543,0.32239878,0.9260572,-0.19615579
1356440934181,-0.05666749,-0.24258259,-0.9684743,-0.946913,0.32052588,-0.024879187,0.31645638,0.9156511,-0.247868
1356440934223,-0.031627387,-0.28609717,-0.95767856,-0.9482422,0.3114886,-0.06173843,0.31596914,0.9061585,-0.28114098
1356440934262,-0.02323459,-0.3022476,-0.95294625,-0.9479735,0.30938482,-0.0750148,0.31750017,0.9016248,-0.2937112
1356440934302,-0.036200926,-0.28844497,-0.9568119,-0.9473127,0.3148172,-0.059064776,0.3182578,0.90426195,-0.2846443
1356440934341,-0.066395745,-0.2473759,-0.966642,-0.9462593,0.32292724,-0.017645448,0.3165201,0.91352236,-0.25552273
1356440934383,-0.10705808,-0.18593246,-0.9767127,-0.94433886,0.3263614,0.041381538,0.3110672,0.92677796,-0.21052289
1356440934421,-0.14897725,-0.115851104,-0.9820307,-0.9419337,0.31886926,0.10527706,0.30094296,0.9406917,-0.15662837
1356440934462,-0.1854187,-0.048396617,-0.9814671,-0.9401041,0.29948017,0.16283694,0.28604916,0.9528743,-0.10102707
1356440934500,-0.21445969,0.010394603,-0.97667754,-0.9395522,0.271072,0.20919266,0.2669244,0.96250296,-0.04836774
1356440934542,-0.25864297,0.06348696,-0.96388453,-0.93433225,0.23685497,0.26631367,0.24520832,0.9694685,-0.0019429922
1356440934580,-0.25603265,0.09444806,-0.96204305,-0.9405408,0.20547968,0.27048308,0.2232269,0.97409326,0.036222696
1356440934621,-0.25312823,0.116695166,-0.96036875,-0.94592035,0.17832518,0.2709885,0.20288098,0.9770273,0.06524521
1356440934663,-0.24742424,0.1303466,-0.9600996,-0.95110744,0.15639108,0.26633912,0.18486741,0.97905654,0.08527869
1356440934701,-0.23795295,0.13615125,-0.9616867,-0.9564648,0.1394099,0.25639793,0.16897756,0.9808301,0.097050905
1356440934741,-0.22471589,0.13513392,-0.9650086,-0.96197325,0.1270451,0.24179968,0.15527496,0.9826486,0.10144615
1356440934790,-0.20664537,0.12630588,-0.97022915,-0.9678529,0.118931174,0.22162184,0.14338267,0.9848361,0.097668886
1356440934822,-0.18393683,0.10987201,-0.97677803,-0.9740025,0.11331481,0.19616032,0.13223591,0.9874654,0.08617288
1356440934863,-0.1565004,0.0854637,-0.98397326,-0.9803564,0.10763705,0.16527408,0.12003684,0.99051005,0.06693965
1356440934901,-0.13116717,0.059995472,-0.9895432,-0.9854112,0.1012969,0.13676107,0.108442694,0.99304557,0.04583335
1356440934943,-0.11129594,0.03713101,-0.9930934,-0.9887052,0.09679526,0.114423245,0.100375384,0.9946114,0.02593869
1356440934981,-0.10130596,0.020640105,-0.9946412,-0.98983383,0.09823328,0.10285473,0.09982979,0.99494934,0.010478675
1356440935022,-0.10361278,0.0123024285,-0.99454165,-0.9885708,0.10881901,0.10433683,0.10950863,0.9939854,8.867979E-4
1356440935061,-0.119884014,0.012950987,-0.9927034,-0.9842266,0.1294828,0.12054962,0.13009924,0.9914971,-0.0027762055
1356440935104,-0.15157217,0.022946358,-0.9881798,-0.97554344,0.15753293,0.15329194,0.15918836,0.9872471,-0.0014924407
1356440935142,-0.19932425,0.042471915,-0.9790127,-0.9607378,0.1883071,0.20377275,0.19300961,0.9811914,0.0032702088
1356440935181,-0.26242983,0.070147246,-0.96239805,-0.93809474,0.21511763,0.2714822,0.22607255,0.97406554,0.009351432
1356440935229,-0.33516556,0.10403803,-0.93639743,-0.9064747,0.23533368,0.3506019,0.25684187,0.9663303,0.01543206
1356440935261,-0.41623217,0.14063424,-0.8983166,-0.86424917,0.24579674,0.43892738,0.2825315,0.9590651,0.019234538
1356440935302,-0.48697126,0.16895896,-0.8569199,-0.81973916,0.2502331,0.51518065,0.30147406,0.953329,0.016645968
1356440935341,-0.5477163,0.18372309,-0.81624293,-0.7764351,0.2518401,0.5776895,0.31169757,0.9501697,0.0047121644
1356440935384,-0.58869576,0.1726653,-0.78969866,-0.74681795,0.2576909,0.6130729,0.3093546,0.95067453,-0.022752047
1356440935421,-0.6105372,0.133789,-0.7806055,-0.7351535,0.27090353,0.62141824,0.2946077,0.95326376,-0.06704122
1356440935461,-0.61582077,0.07628882,-0.7841841,-0.7391171,0.28879637,0.6085249,0.27289316,0.9543462,-0.12146038
1356440935501,-0.6104535,0.017641217,-0.7918557,-0.7508948,0.3051911,0.58567524,0.2519993,0.9521277,-0.17305833
1356440935541,-0.6014114,-0.026548713,-0.7984982,-0.7629936,0.315502,0.56418014,0.2369495,0.94855344,-0.21000302
1356440935581,-0.59360635,-0.05040738,-0.80317533,-0.7717862,0.31840026,0.5504246,0.22798577,0.9466152,-0.22790813
1356440935622,-0.58896405,-0.05430615,-0.8063326,-0.7767302,0.31357807,0.54622245,0.22318497,0.9480082,-0.22686744
1356440935662,-0.58931434,-0.039417386,-0.8069416,-0.7772973,0.29997838,0.5530116,0.22026679,0.95313126,-0.20742059
1356440935701,-0.5918607,-0.014163971,-0.80591583,-0.7762589,0.2792893,0.5651723,0.21707857,0.96010256,-0.17629528
1356440935742,-0.5967253,0.017892957,-0.802246,-0.77381694,0.25183028,0.58119595,0.21242914,0.96760595,-0.13642764
1356440935787,-0.60070133,0.049429357,-0.79794407,-0.7721941,0.22262871,0.5951074,0.20706105,0.97364944,-0.095564365
1356440935822,-0.6032964,0.07837117,-0.79365695,-0.7715516,0.19451219,0.6057005,0.20184544,0.97776425,-0.05688113
1356440935861,-0.6029056,0.102503896,-0.7912003,-0.7730331,0.1701873,0.61111057,0.19729343,0.98006594,-0.023368001
1356440935901,-0.5981908,0.12014839,-0.7922954,-0.77785015,0.15064001,0.61012846,0.19265729,0.98126036,0.0033460855
1356440935941,-0.58776087,0.12987146,-0.79854274,-0.7873156,0.1353504,0.60151005,0.18620208,0.98224926,0.022696137
1356440935981,-0.57059073,0.1312747,-0.81067455,-0.80197054,0.12348592,0.58446085,0.17683181,0.98362505,0.03481853
1356440936022,-0.5461596,0.12405592,-0.82844424,-0.82142276,0.11458844,0.5586897,0.1642389,0.9856367,0.03931874
1356440936061,-0.5141173,0.10962996,-0.8506848,-0.8445456,0.10845995,0.5243845,0.14975351,0.98803735,0.036826313
1356440936103,-0.4754846,0.08729398,-0.8753822,-0.86961216,0.10379821,0.48270136,0.13299999,0.99076015,0.026557505
1356440936141,-0.43179405,0.061864316,-0.8998482,-0.89437807,0.09982091,0.43603182,0.11679852,0.9930804,0.0122279525
1356440936182,-0.3881259,0.036698967,-0.92087543,-0.91578233,0.0967983,0.38983694,0.1034458,0.99462724,-0.0039616823
1356440936221,-0.3479576,0.016887754,-0.9373582,-0.93256605,0.09631485,0.34791395,0.096157014,0.99520767,-0.017764509
1356440936260,-0.3151077,0.0061280727,-0.9490361,-0.9440104,0.10095173,0.31409088,0.09773162,0.99487245,-0.026025712
1356440936302,-0.2915821,0.0053210855,-0.95653105,-0.950205,0.11333817,0.29028422,0.109956145,0.99354225,-0.027991235
1356440936345,-0.27859473,0.014384836,-0.9603009,-0.9510199,0.13533801,0.2779295,0.1339632,0.990695,-0.024024189
1356440936383,-0.2752977,0.029025257,-0.96092075,-0.9474681,0.1611116,0.2763101,0.16283542,0.9865093,-0.016853154
1356440936424,-0.28143424,0.04899499,-0.9583289,-0.9396285,0.18852544,0.28558084,0.19466144,0.98084533,-0.007020414
1356440936464,-0.2972371,0.07274702,-0.95202833,-0.92758954,0.21435905,0.3059867,0.22633547,0.9740421,0.0037639737
1356440936524,-0.32051533,0.09740314,-0.9422221,-0.9120741,0.23679292,0.33473858,0.25571617,0.96666527,0.012943089
1356440936540,-0.347225,0.11745283,-0.93039757,-0.8949466,0.25492287,0.366176,0.28018802,0.9598017,0.016598403
1356440936587,-0.369421,0.11907968,-0.9216008,-0.8817252,0.268223,0.388094,0.29340863,0.9559688,0.0059084296
1356440936627,-0.38601798,0.10167745,-0.91687065,-0.8746524,0.27557087,0.3988031,0.29321212,0.9558883,-0.017442882
1356440936670,-0.38251328,0.051522136,-0.9225123,-0.8826363,0.27484745,0.38132918,0.27319705,0.9601064,-0.059657514
1356440936707,-0.36103407,-0.016690373,-0.9324033,-0.9005929,0.265752,0.34395975,0.24204722,0.96389693,-0.110976756
1356440936753,-0.32366392,-0.09379828,-0.94151133,-0.9236635,0.24707821,0.29291314,0.20515221,0.96444505,-0.16660833
1356440936796,-0.28048894,-0.15666428,-0.94698584,-0.9435221,0.22624156,0.2420348,0.17632934,0.96139014,-0.21127445
1356440936829,-0.23683771,-0.19673818,-0.951421,-0.9582736,0.20863953,0.19540036,0.16006136,0.9579998,-0.2379427
1356440936869,-0.21121979,-0.20491004,-0.95571864,-0.9642019,0.20405084,0.16934535,0.16031459,0.9572748,-0.2406742
1356440936911,-0.19758159,-0.18766919,-0.96215475,-0.9651841,0.20886546,0.1574642,0.1714097,0.9597685,-0.22240329
1356440936949,-0.19481653,-0.15132159,-0.96909666,-0.962948,0.21736175,0.15964013,0.18648759,0.9642902,-0.18806052
1356440936990,-0.19842628,-0.1061582,-0.9743498,-0.9595894,0.22342971,0.17107701,0.19953746,0.9689219,-0.14620262
1356440937031,-0.20654103,-0.057892054,-0.9767238,-0.9561111,0.22397748,0.1889067,0.20782793,0.97287345,-0.10161173
1356440937070,-0.21335629,-0.014859527,-0.9768615,-0.95380104,0.2196531,0.20497838,0.21152481,0.97546494,-0.06103742
1356440937110,-0.21740729,0.02068147,-0.9758618,-0.952988,0.21168983,0.21679771,0.21106371,0.977118,-0.026313722
1356440937149,-0.21454322,0.045857012,-0.97563744,-0.95439345,0.20248884,0.21938902,0.20761621,0.9782104,3.2299757E-4
1356440937190,-0.2032162,0.059401155,-0.97733045,-0.95836556,0.19242638,0.21096826,0.20059595,0.979512,0.017823875
1356440937230,-0.18081516,0.06054479,-0.98165184,-0.9652528,0.18053496,0.18892923,0.18866116,0.9817034,0.025797546
1356440937270,-0.14734244,0.05171308,-0.98773277,-0.97398007,0.16627663,0.15399638,0.17220053,0.98472226,0.02586788
1356440937310,-0.104854226,0.034335643,-0.99389464,-0.9830469,0.14757884,0.10880819,0.15041381,0.9884541,0.018279314
1356440937349,-0.055565417,0.013551146,-0.9983631,-0.9903065,0.12673843,0.05683732,0.12730116,0.9918436,0.006377518
1356440937391,-0.004998058,-0.007017523,-0.9999628,-0.99423206,0.107167095,0.0042173862,0.10713348,0.9942162,-0.007512629
1356440937429,0.043853253,-0.024113715,-0.99874693,-0.99446255,0.094515294,-0.045947134,0.09550482,0.99523133,-0.019835353
1356440937484,0.087539196,-0.036444068,-0.99549425,-0.9910414,0.098000646,-0.090735346,0.10086584,0.9945189,-0.027538657
1356440937534,0.1254153,-0.04414949,-0.99112153,-0.9841013,0.12109932,-0.12992138,0.12576011,0.99165815,-0.028259873
1356440937582,0.14948401,-0.04826188,-0.98758554,-0.97563756,0.1550112,-0.15525067,0.16057947,0.9867331,-0.023914397
1356440937624,0.1531043,-0.047863185,-0.9870503,-0.9683452,0.19199759,-0.15951309,0.19714609,0.9802275,-0.016952455
1356440937663,0.1349391,-0.0408746,-0.9900105,-0.96291876,0.23016754,-0.1407494,0.23362136,0.97229224,-0.008300304
1356440937705,0.09014535,-0.024490714,-0.9956275,-0.9590068,0.26754534,-0.09341088,0.2686632,0.96323407,6.312132E-4
1356440937744,0.016290158,0.0020462275,-0.9998652,-0.9537298,0.3002943,-0.014923871,0.30022326,0.95384437,0.006843388
1356440937828,-0.08502549,0.03444928,-0.995783,-0.9425425,0.32128483,0.09159452,0.32308528,0.94635576,0.005152583
1356440937829,-0.18129945,0.048220247,-0.9822451,-0.9270477,0.324946,0.18706346,0.3281968,0.9445025,-0.014210045
1356440937856,-0.254796,0.03278482,-0.96643883,-0.9143202,0.3171871,0.2518153,0.31479758,0.9477961,-0.050842166
1356440937886,-0.29270074,-0.00768736,-0.95617324,-0.9112097,0.3053768,0.27648145,0.2898677,0.9522006,-0.09638882
1356440937937,-0.26422337,-0.091018766,-0.96015704,-0.9326749,0.27759352,0.23034596,0.24556756,0.95637727,-0.15823764
1356440937979,-0.24056005,-0.15489325,-0.9581956,-0.9482113,0.24846566,0.19788873,0.20742708,0.95617616,-0.20664251
1356440938019,-0.24551737,-0.18244594,-0.95206857,-0.95134073,0.23399812,0.20048836,0.18620393,0.9549651,-0.23101884
1356440938059,-0.28841424,-0.17260486,-0.94181997,-0.9401179,0.23764747,0.24433997,0.18164688,0.9558929,-0.23080987
1356440938099,-0.37043357,-0.12716916,-0.9201125,-0.9094752,0.25097102,0.33146414,0.18876955,0.95960486,-0.20862526
1356440938140,-0.47429442,-0.057840943,-0.8784641,-0.85724777,0.25751466,0.44588387,0.20042697,0.9645417,-0.17172176
1356440938190,-0.5912784,0.03145489,-0.80585396,-0.77802587,0.24078155,0.5802585,0.21228674,0.9700695,-0.11789626
1356440938229,-0.6682442,0.09683928,-0.73761225,-0.7110697,0.20833081,0.6715491,0.21869972,0.97325253,-0.07035637
1356440938270,-0.712375,0.137449,-0.68820757,-0.66687965,0.17289859,0.72482944,0.21861719,0.975302,-0.031506658
1356440938309,-0.7316066,0.1586121,-0.6630188,-0.64733577,0.14337093,0.7485994,0.21379454,0.97687614,-0.0022158027
1356440938349,-0.73269844,0.16600223,-0.6599973,-0.6488046,0.12237054,0.7510513,0.2054404,0.97850335,0.018042266
1356440938390,-0.71811134,0.16333556,-0.6764891,-0.66818506,0.10990536,0.7358326,0.1945374,0.98042965,0.03021413
1356440938429,-0.6889239,0.15346742,-0.7084007,-0.7016091,0.10422552,0.70489836,0.18201235,0.9826417,0.03587073
1356440938469,-0.64510924,0.13686457,-0.7517327,-0.7456,0.102368236,0.6584841,0.1670767,0.9852861,0.036007583
1356440938509,-0.5861555,0.11446303,-0.8020723,-0.79637367,0.10070318,0.5963622,0.14903265,0.98831016,0.03212762
1356440938549,-0.5167946,0.08958426,-0.8514093,-0.84622,0.09727132,0.5238795,0.12974903,0.99121785,0.025538743
1356440938589,-0.4457348,0.06687561,-0.8926635,-0.88778245,0.09478229,0.45039833,0.114729375,0.9932492,0.017123222
1356440938630,-0.3814829,0.049503624,-0.9230495,-0.9178751,0.09793323,0.3845966,0.109436214,0.9939611,0.0080782175
1356440938670,-0.33120954,0.039373934,-0.94273543,-0.93624836,0.11040431,0.33354154,0.11721495,0.9931066,2.9677153E-4
1356440938709,-0.2993381,0.03678465,-0.9534378,-0.9444738,0.13050479,0.3015588,0.13552096,0.99076504,-0.004322946
1356440938796,-0.30506086,0.053519636,-0.9508278,-0.935061,0.17245585,0.3097094,0.18055135,0.9835621,-0.0025653243
1356440938809,-0.3513009,0.08079153,-0.93277025,-0.90952677,0.20693493,0.36047053,0.22214568,0.97501314,7.856488E-4
1356440938838,-0.4166094,0.11541009,-0.90173006,-0.8717273,0.23071343,0.43227622,0.25793028,0.966153,0.004488766
1356440938881,-0.49429893,0.15760571,-0.85488546,-0.819453,0.24372351,0.51874435,0.29011276,0.95695317,0.008678198
1356440938922,-0.5905966,0.207555,-0.7798183,-0.7418795,0.2405681,0.62589276,0.31750655,0.9481814,0.011902094
1356440938966,-0.68019086,0.25129795,-0.68861437,-0.6510447,0.22460586,0.7250469,0.3368696,0.941489,0.010831356
1356440939001,-0.75023615,0.2777998,-0.5999776,-0.563877,0.20499748,0.80001175,0.345237,0.93851125,0.0028483272
1356440939047,-0.7839026,0.26407036,-0.56192845,-0.52405226,0.20394737,0.8269067,0.33296537,0.9426942,-0.02148819
1356440939088,-0.7943614,0.21181928,-0.5693175,-0.52816254,0.22211576,0.8195784,0.30005687,0.9517337,-0.06456512
1356440939126,-0.79058397,0.14175838,-0.5957194,-0.55478543,0.24599099,0.7947966,0.25921065,0.9588498,-0.11583102
1356440939157,-0.7796525,0.07507011,-0.6216964,-0.5854527,0.2649426,0.7661922,0.222232,0.96133757,-0.1626131
1356440939199,-0.7664817,0.01981321,-0.6419605,-0.61229706,0.2792179,0.7396822,0.19390233,0.9600234,-0.2018838
1356440939239,-0.75824124,-0.013625979,-0.65183175,-0.6271052,0.2887395,0.72344226,0.17835194,0.95731074,-0.2274791
1356440939279,-0.75962865,-0.022332042,-0.64997363,-0.6263325,0.29425102,0.72188914,0.17513415,0.9554672,-0.23750883
1356440939319,-0.77096313,-0.008195609,-0.636827,-0.6105943,0.293814,0.7354236,0.18108147,0.9558274,-0.23152399
1356440939359,-0.78912187,0.023421735,-0.61379,-0.5834985,0.28356922,0.76099813,0.1918758,0.9586657,-0.21010411
1356440939401,-0.8064528,0.060770467,-0.5881674,-0.55556905,0.262657,0.7888944,0.20242776,0.9629737,-0.17805827
1356440939441,-0.81993765,0.096843556,-0.56420165,-0.5327996,0.23133028,0.8140092,0.20934848,0.9680432,-0.13807815
1356440939479,-0.8264818,0.1250793,-0.5488926,-0.5216018,0.19668454,0.8302089,0.21180065,0.97245586,-0.097314656
1356440939521,-0.8283552,0.14658335,-0.5406858,-0.51946163,0.16035652,0.8393125,0.20973171,0.97611433,-0.056687713
1356440939569,-0.8246802,0.1610742,-0.5421787,-0.52751267,0.12677294,0.8400351,0.20404162,0.97876644,-0.019578516
1356440939609,-0.8143042,0.16850214,-0.555442,-0.5461155,0.101771116,0.83150494,0.19663833,0.98043346,0.009148896
1356440939650,-0.79841757,0.16885085,-0.5779436,-0.57230467,0.08541101,0.815581,0.18707432,0.981934,0.028440416
1356440939709,-0.7759322,0.16296116,-0.6094037,-0.6057724,0.07701123,0.79190224,0.17598026,0.9836224,0.038961887
1356440939729,-0.7464767,0.15072586,-0.6481159,-0.6450679,0.07508314,0.7604275,0.16327864,0.98572016,0.04118067
1356440939788,-0.708634,0.1321643,-0.6930876,-0.6897411,0.077183306,0.71993047,0.14864388,0.98821825,0.036464512
1356440939798,-0.6656665,0.112063885,-0.73778707,-0.7340904,0.079408824,0.67439276,0.13416189,0.99052304,0.029405236
1356440939836,-0.61814916,0.08733803,-0.7811938,-0.77719194,0.08095956,0.62403387,0.11774695,0.9928835,0.017833352
1356440939880,-0.56661385,0.06180927,-0.82166195,-0.8174895,0.08277941,0.5699636,0.103245676,0.9946493,0.0036244988
1356440939919,-0.5170702,0.040080488,-0.8550041,-0.8506946,0.08638549,0.51851356,0.09464225,0.99545527,-0.010571122
1356440939960,-0.47576296,0.025636137,-0.87919986,-0.87450475,0.09337038,0.4759448,0.09429258,0.99530137,-0.022003233
1356440940010,-0.44896466,0.021960348,-0.89327955,-0.8873818,0.10629791,0.4486137,0.10480544,0.9940918,-0.028236747
1356440940072,-0.45633274,0.045552105,-0.88864243,-0.87813723,0.13817257,0.458021,0.14364982,0.98936003,-0.02305162
1356440940119,-0.48805833,0.07718781,-0.8693912,-0.85368633,0.16515774,0.4939053,0.18171012,0.98324203,-0.014712393
1356440940169,-0.5402369,0.118317366,-0.8331537,-0.81236356,0.1850006,0.5530282,0.21956679,0.97559,-0.0038274527
1356440940223,-0.61345184,0.16747421,-0.77177024,-0.7470392,0.1939063,0.63587165,0.2561432,0.96661925,0.0061576366
1356440940263,-0.69281113,0.21583606,-0.68806064,-0.661439,0.1898728,0.7255665,0.2872474,0.95779073,0.011216462
1356440940308,-0.75143343,0.24854448,-0.61120653,-0.5824019,0.18550009,0.79145294,0.31009015,0.950692,0.0053617954
1356440940343,-0.7942422,0.2633438,-0.54756683,-0.51561034,0.1846444,0.8366913,0.32144266,0.9468667,-0.010869622
1356440940377,-0.81532437,0.24504127,-0.524596,-0.48705512,0.19966346,0.85024226,0.31308708,0.94873035,-0.04344189
1356440940416,-0.8194564,0.19474982,-0.53903955,-0.49686515,0.22740805,0.8375026,0.28568542,0.95412683,-0.089586556
1356440940465,-0.8073965,0.12234527,-0.5771851,-0.5362056,0.2559892,0.804334,0.24615961,0.95890623,-0.14108258
1356440940509,-0.78680134,0.051483035,-0.6150553,-0.58155745,0.2719277,0.76671124,0.20672324,0.9609395,-0.18401277
1356440940549,-0.7754906,0.012027383,-0.6312446,-0.60435194,0.27515548,0.74769527,0.18268323,0.9613245,-0.20611167
1356440940591,-0.78214526,0.010395765,-0.62300944,-0.59765804,0.2702583,0.754828,0.1762205,0.9627317,-0.20516813
1356440940629,-0.79876596,0.032986134,-0.600737,-0.5738064,0.25843126,0.7771483,0.18088433,0.9654663,-0.18749845
1356440940670,-0.82121533,0.073030934,-0.5659257,-0.5372007,0.2354706,0.8099192,0.19240803,0.9691337,-0.15413976
1356440940710,-0.83939326,0.11413607,-0.5314057,-0.503554,0.2046963,0.8393646,0.20457855,0.97214836,-0.11434698
1356440940750,-0.85203576,0.15083496,-0.5012821,-0.477332,0.16927987,0.86226356,0.21491645,0.9739574,-0.072234094
1356440940797,-0.85818124,0.17913724,-0.48107678,-0.46281725,0.13544738,0.87604463,0.22209285,0.9744557,-0.03333056
1356440940832,-0.8589918,0.19891746,-0.471768,-0.45954883,0.10667688,0.8817227,0.2257168,0.974193,-2.2232533E-4
1356440940870,-0.854908,0.21052457,-0.47414312,-0.46710092,0.085291386,0.88008076,0.22571895,0.9738608,0.02541995
1356440940911,-0.84604114,0.21419463,-0.48819575,-0.48476484,0.07198244,0.87167746,0.22185013,0.9741351,0.04293394
1356440940953,-0.8314639,0.20911096,-0.51472366,-0.5130049,0.06671101,0.8557895,0.21329269,0.9756138,0.051807165
1356440940990,-0.81034315,0.19663483,-0.55197704,-0.5503825,0.067799866,0.83215517,0.20105466,0.9781298,0.053283274
1356440941032,-0.78131276,0.17528826,-0.5990197,-0.5963629,0.07346773,0.79934597,0.1841246,0.9817722,0.0471341
1356440941071,-0.7422962,0.14566597,-0.65404725,-0.6499951,0.08061206,0.75565076,0.16279669,0.98604417,0.03484416
1356440941111,-0.69409525,0.11104262,-0.7112673,-0.7062576,0.08628398,0.7026772,0.1393981,0.9900629,0.018535435
1356440941151,-0.6409006,0.0768241,-0.7637699,-0.7584336,0.0901292,0.6454884,0.11842704,0.9929626,5.020499E-4
1356440941191,-0.59008896,0.04974857,-0.805804,-0.8004855,0.093716145,0.59198,0.10496703,0.9943553,-0.015477896
1356440941231,-0.54962265,0.034294397,-0.83470887,-0.8291068,0.10014379,0.55004835,0.10245454,0.9943818,-0.026607633
1356440941270,-0.5246808,0.032420993,-0.8506814,-0.8438439,0.11215025,0.52473783,0.112416655,0.99316216,-0.031484842
1356440941313,-0.52007246,0.045769215,-0.85289496,-0.84318894,0.13174921,0.5212241,0.13622427,0.99022585,-0.029927075
1356440941349,-0.5322969,0.06788096,-0.8438319,-0.83022726,0.15298301,0.5360215,0.16547754,0.9858947,-0.025075734
1356440941391,-0.56157595,0.09994942,-0.8213662,-0.80291814,0.17398155,0.57013404,0.19988713,0.9796635,-0.017452657
1356440941434,-0.6071335,0.13986146,-0.78219414,-0.7588793,0.18976897,0.6229687,0.23556545,0.97181606,-0.009077132
1356440941484,-0.6622293,0.18381062,-0.7264063,-0.6985841,0.19914418,0.6872568,0.2709847,0.96257746,-0.003471911
1356440941522,-0.7198872,0.22050871,-0.65813243,-0.62716395,0.19958127,0.75288296,0.29736817,0.9547478,-0.0053809285
1356440941559,-0.76176405,0.23801455,-0.60254854,-0.56833494,0.20093983,0.7978838,0.31098396,0.95024854,-0.017796814
1356440941596,-0.7842691,0.2254213,-0.5780201,-0.5391761,0.2132771,0.8147405,0.30693832,0.95063037,-0.04572487
1356440941638,-0.78967,0.17924955,-0.586763,-0.5439223,0.237926,0.8046985,0.28384805,0.9545998,-0.0903852
1356440941677,-0.7805889,0.10945816,-0.6153859,-0.57360303,0.26569003,0.77484727,0.24831523,0.95782447,-0.14460921
1356440941725,-0.7597953,0.030861497,-0.64942944,-0.6156045,0.28717196,0.7338687,0.20914623,0.9573817,-0.19919348
1356440941798,-0.7439047,-0.022339314,-0.6679122,-0.6428009,0.297289,0.70599306,0.18279158,0.9545262,-0.2355144
1356440941813,-0.74050385,-0.039194286,-0.6709082,-0.64919263,0.29987365,0.699017,0.17379019,0.95317346,-0.24750221
1356440941853,-0.7493752,-0.023074478,-0.66174346,-0.6374923,0.29530877,0.7116153,0.17899852,0.9551232,-0.23600692
1356440941891,-0.7616272,0.011073947,-0.64792085,-0.61926377,0.28208494,0.7327622,0.1908833,0.95932555,-0.20798588
1356440941932,-0.77480906,0.0569174,-0.6296278,-0.5980313,0.25697958,0.7591575,0.20501077,0.96473926,-0.16507167
1356440941972,-0.7820214,0.10030328,-0.61512744,-0.5845039,0.22454047,0.779703,0.21632777,0.9692888,-0.1169678
1356440942012,-0.78327256,0.13672641,-0.606457,-0.5805013,0.18826985,0.7921949,0.22249155,0.97255355,-0.06809682
1356440942051,-0.7770599,0.16259037,-0.6080644,-0.58832026,0.15577656,0.7934815,0.22373463,0.9743193,-0.025392473
1356440942092,-0.76474625,0.17828336,-0.61917555,-0.6055031,0.12969655,0.7852037,0.22029373,0.97539425,0.008766055
1356440942130,-0.7452997,0.18424699,-0.64076626,-0.63186693,0.11151266,0.7670131,0.21277341,0.97653365,0.03330922
1356440942171,-0.7183796,0.18118382,-0.6716421,-0.66583663,0.10054088,0.7392923,0.20147528,0.97829646,0.048412323
1356440942212,-0.6834126,0.16948274,-0.7100866,-0.70576906,0.09529853,0.70200306,0.18664762,0.9809148,0.054487407
1356440942250,-0.6396448,0.1495817,-0.7539761,-0.74991274,0.093936026,0.65483356,0.16877666,0.9842771,0.052087426
1356440942291,-0.58687,0.121995986,-0.8004378,-0.79604495,0.09373307,0.5979352,0.14797321,0.9880947,0.04210514
1356440942332,-0.52579945,0.08831328,-0.84601164,-0.8414397,0.09163797,0.5325239,0.12455574,0.9918685,0.02612704
1356440942369,-0.45972514,0.053729236,-0.88643444,-0.8822239,0.0866279,0.46279222,0.10165548,0.99479085,0.0075761676
1356440942409,-0.39447337,0.02376172,-0.9186001,-0.915081,0.08097494,0.39505675,0.08377078,0.9964329,-0.010198534
1356440942460,-0.33466756,0.0038419664,-0.9423284,-0.9391674,0.08058047,0.33387342,0.07721597,0.9967407,-0.023359418
1356440942494,-0.28092587,-0.004693836,-0.959718,-0.9560455,0.08890319,0.279416,0.08401045,0.99602926,-0.029462695
1356440942541,-0.23937511,3.6776066E-4,-0.97092706,-0.96474475,0.112579644,0.23789355,0.10939413,0.99364257,-0.026593983
1356440942583,-0.20504045,0.01093024,-0.9786925,-0.96836567,0.14303195,0.20447439,0.14221925,0.9896577,-0.0187428
1356440942624,-0.18329668,0.026156366,-0.9827095,-0.96658444,0.1774404,0.18501183,0.17921159,0.98378384,-0.007241845
1356440942665,-0.17570695,0.044371694,-0.98344195,-0.9604504,0.21147808,0.18114078,0.21601388,0.976375,0.005458653
1356440942705,-0.18210033,0.06460771,-0.98115516,-0.950572,0.2436569,0.19246858,0.25150022,0.9677072,0.017044246
1356440942747,-0.20187628,0.08251232,-0.9759291,-0.9382841,0.26942688,0.21686864,0.2808358,0.95947945,0.023029149
1356440942807,-0.2222391,0.085984975,-0.9711933,-0.92822397,0.28614643,0.2377404,0.2983456,0.9543201,0.016220331
1356440942816,-0.23827314,0.068577915,-0.96877396,-0.9235585,0.29258072,0.24786353,0.30044258,0.9537786,-0.0063784122
1356440942857,-0.23650724,0.020838588,-0.97140616,-0.9291389,0.28757232,0.23238552,0.28419214,0.95753217,-0.04865098
1356440942896,-0.2173686,-0.04699412,-0.9749577,-0.94181335,0.27246934,0.19684565,0.25639555,0.9610162,-0.103486
1356440942927,-0.19085813,-0.111809045,-0.9752292,-0.95440686,0.25343627,0.1577268,0.22952312,0.96086884,-0.15508169
1356440942970,-0.16210997,-0.16593489,-0.972721,-0.96408963,0.23677814,0.12027988,0.21036041,0.95728874,-0.1983602
1356440943006,-0.13998535,-0.19814748,-0.97012454,-0.96891195,0.22926816,0.09298244,0.20399445,0.9529815,-0.22408164
1356440943048,-0.13160998,-0.2044633,-0.96998644,-0.96892875,0.23324615,0.082300484,0.2094182,0.95067924,-0.22880793
1356440943090,-0.13881257,-0.18664476,-0.97257125,-0.96558344,0.24363205,0.09106013,0.21995366,0.95173895,-0.21404028
1356440943144,-0.17296103,-0.13570046,-0.97553575,-0.9580507,0.2529883,0.1346694,0.22852448,0.9579052,-0.17376506
1356440943193,-0.21197513,-0.07727489,-0.97421515,-0.95026445,0.24904779,0.18700936,0.22817495,0.96540344,-0.1262235
1356440943232,-0.24658984,-0.025901943,-0.9687737,-0.943619,0.2342273,0.23392457,0.2208542,0.97183675,-0.08219963
1356440943280,-0.27497458,0.016345173,-0.96131253,-0.93910766,0.20973748,0.27218923,0.20607221,0.9776211,-0.042322576
1356440943333,-0.28831738,0.04437059,-0.9565064,-0.9386481,0.18432659,0.29148495,0.18924287,0.981863,-0.011496186
1356440943371,-0.2852819,0.059118986,-0.95661867,-0.942636,0.16321945,0.29119894,0.17335415,0.9848169,0.009164095
1356440943421,-0.2645316,0.05956173,-0.962536,-0.95160425,0.1457839,0.27054834,0.15643656,0.9875219,0.018114805
1356440943463,-0.22440672,0.05002469,-0.9732108,-0.9645435,0.130961,0.22913978,0.13891533,0.9901246,0.018862426
1356440943504,-0.17257619,0.032876402,-0.98444736,-0.9777775,0.11506063,0.17524946,0.11903274,0.9928143,0.012288988
1356440943540,-0.11366737,0.013013095,-0.9934337,-0.98861575,0.097736716,0.11439636,0.09858361,0.9951273,0.001755476
1356440943592,-0.052135408,-0.008627892,-0.99860275,-0.99550223,0.079656124,0.051285356,0.0791024,0.99678504,-0.012741983
1356440943632,0.006619185,-0.02388078,-0.9996929,-0.9976123,0.068568796,-0.008243412,0.06874457,0.99736047,-0.023369908
1356440943686,0.048853993,-0.03121823,-0.9983179,-0.9956482,0.0778929,-0.051159143,0.079358995,0.99647284,-0.027276993
1356440943735,0.0753628,-0.033396393,-0.9965968,-0.99128187,0.10581547,-0.07850677,0.1080772,0.9938248,-0.02513069
1356440943815,0.083316654,-0.03183931,-0.9960143,-0.985504,0.14559141,-0.087091506,0.14778405,0.9888323,-0.019247591
1356440943819,0.07106337,-0.025304884,-0.9971508,-0.97863615,0.19158599,-0.07460582,0.19292805,0.98114955,-0.011149526
1356440943846,0.03483993,-0.010411441,-0.9993386,-0.9701947,0.23958933,-0.03632,0.239809,0.9708185,-0.0017538667
1356440943890,-0.031249851,0.01718691,-0.99936384,-0.9580755,0.28438863,0.034849644,0.28480667,0.95855504,0.007579267
1356440943929,-0.12797734,0.058330357,-0.9900603,-0.93768245,0.31806722,0.13994604,0.32306886,0.9462721,0.013989925
1356440943992,-0.22239715,0.08778688,-0.9709959,-0.9119694,0.33343625,0.23902333,0.34474838,0.9386766,0.0059036613
1356440944017,-0.32553616,0.10764778,-0.93938184,-0.8782544,0.33362427,0.34258434,0.350279,0.93653977,-0.01406461
1356440944062,-0.35236698,0.06353137,-0.93370306,-0.87719285,0.3252716,0.35317302,0.3261447,0.94348407,-0.058885753
1356440944097,-0.35049048,7.311702E-4,-0.936566,-0.8900694,0.3109109,0.33333287,0.29143226,0.95043874,-0.108320475
1356440944147,-0.33205223,-0.064040005,-0.9410846,-0.90881515,0.28887516,0.30100855,0.25257936,0.9552225,-0.15412217
1356440944189,-0.32667494,-0.098832846,-0.9399551,-0.91775084,0.27084076,0.29048005,0.22586921,0.9575372,-0.17918086
1356440944230,-0.3346949,-0.10389638,-0.9365815,-0.91789937,0.26077965,0.29908994,0.21316704,0.9597914,-0.182648
1356440944270,-0.35725865,-0.08242968,-0.930361,-0.91010714,0.25461063,0.32692274,0.20993167,0.9635241,-0.16598171
1356440944310,-0.37915576,-0.050052375,-0.92397815,-0.9014679,0.24529558,0.35663092,0.20879751,0.9681554,-0.13812584
1356440944351,-0.39801997,-0.012809783,-0.91728735,-0.8941281,0.22909802,0.38477162,0.2052199,0.9733192,-0.1026392
1356440944390,-0.40345752,0.018396616,-0.9148134,-0.8930847,0.20958221,0.3980892,0.1990521,0.977618,-0.06812775
1356440944430,-0.39936614,0.043418974,-0.9157627,-0.89667237,0.18961513,0.400031,0.19101137,0.980898,-0.036793232
1356440944469,-0.3825342,0.060574412,-0.92195356,-0.9056117,0.1731925,0.38713285,0.18312576,0.9830234,-0.011395156
1356440944511,-0.3552016,0.070005,-0.9321648,-0.9181807,0.1610139,0.36196503,0.1754308,0.9844662,0.007084906
1356440944549,-0.3155473,0.07163945,-0.9462017,-0.93406475,0.15224016,0.32302633,0.1671913,0.98574376,0.01887697
1356440944599,-0.26370656,0.06282732,-0.9625548,-0.9520848,0.14328855,0.27019075,0.15489843,0.98768485,0.02203077
1356440944640,-0.19551599,0.047200263,-0.979564,-0.97054845,0.13403594,0.20017502,0.1407451,0.9898517,0.019603968
1356440944679,-0.12484127,0.027544737,-0.99179435,-0.9843832,0.12160605,0.12728572,0.124114305,0.9921962,0.011933088
1356440944721,-0.054757953,0.0068007708,-0.9984765,-0.99281263,0.106203556,0.055170715,0.10641697,0.99432117,9.3638897E-4
1356440944761,0.010522038,-0.012511492,-0.99986637,-0.995885,0.08987972,-0.011604816,0.09001282,0.99587405,-0.011514246
1356440944804,0.068350166,-0.02741173,-0.99728477,-0.9945222,0.07736531,-0.07028732,0.07908198,0.9966259,-0.02197367
1356440944847,0.11572838,-0.03691566,-0.9925947,-0.99019945,0.074365616,-0.118214875,0.07817891,0.9965476,-0.027947664
1356440944882,0.15354067,-0.042713284,-0.98721874,-0.9844283,0.079927266,-0.15656483,0.085593075,0.99588513,-0.029776096
1356440944923,0.17978826,-0.045235276,-0.9826647,-0.9779788,0.0994108,-0.18350717,0.10598847,0.9940177,-0.026366234
1356440944966,0.19391888,-0.045526087,-0.9799607,-0.9714609,0.1301803,-0.19828469,0.13659874,0.9904446,-0.01898244
1356440945004,0.19471338,-0.043808043,-0.9798814,-0.96577555,0.1659669,-0.1993303,0.17136014,0.9851577,-0.0099927485
1356440945049,0.1821318,-0.039828777,-0.9824671,-0.9601954,0.208006,-0.18643546,0.21178454,0.97731626,-3.5887957E-4
1356440945093,0.14579973,-0.031315714,-0.9888184,-0.95767736,0.24627379,-0.14900753,0.24818635,0.9686942,0.0059162974
1356440945139,0.102894634,-0.02613327,-0.99434894,-0.9550432,0.27682963,-0.106102884,0.27803808,0.9605636,0.0035259128
1356440945179,0.05255425,-0.02553618,-0.9982915,-0.9531223,0.29701853,-0.057774097,0.29798648,0.95453024,-0.008729577
1356440945219,0.018042594,-0.04179591,-0.99896324,-0.95237505,0.3034599,-0.02989766,0.30439484,0.95192707,-0.03433013
1356440945271,0.023798048,-0.09506747,-0.9951863,-0.9572817,0.2847842,-0.050096273,0.28817585,0.9538659,-0.08422905
1356440945316,0.059526473,-0.16786104,-0.9840118,-0.9644349,0.24464294,-0.10007545,0.25753027,0.9549725,-0.14732832
1356440945357,0.10688275,-0.23335457,-0.96649975,-0.96782887,0.19827431,-0.15490165,0.22777909,0.9519627,-0.20465517
1356440945397,0.15224111,-0.28107855,-0.9475323,-0.9665452,0.15789759,-0.20213518,0.20642897,0.94660616,-0.24763668
1356440945439,0.18785746,-0.30801678,-0.9326496,-0.9622642,0.1326095,-0.23761809,0.19686857,0.9420936,-0.2714818
1356440945481,0.21094172,-0.31555024,-0.9251657,-0.957286,0.12478964,-0.2608278,0.1977554,0.9406676,-0.2757485
1356440945519,0.21719056,-0.30389947,-0.92761695,-0.9542261,0.13408124,-0.2673475,0.20562276,0.94322175,-0.26086766
1356440945560,0.20645517,-0.27527678,-0.93893504,-0.9545032,0.15436769,-0.2551358,0.21517423,0.94889057,-0.23088259
1356440945600,0.17609325,-0.22918618,-0.9573217,-0.9589802,0.17952803,-0.2193779,0.22214442,0.9566835,-0.18817127
1356440945640,0.13735077,-0.1756787,-0.9748188,-0.96490216,0.1986557,-0.17175463,0.22382692,0.9641955,-0.14222729
1356440945680,0.094662935,-0.119264334,-0.9883394,-0.9711869,0.20705244,-0.118005395,0.21871194,0.9710331,-0.096227825
1356440945719,0.059091806,-0.069125205,-0.9958564,-0.97613525,0.20483154,-0.07213959,0.20896947,0.9763533,-0.0553717
1356440945760,0.03473875,-0.028986335,-0.99897605,-0.98003554,0.19481203,-0.039732814,0.19576424,0.98041224,-0.021640062
1356440945797,0.025225818,-0.0012381971,-0.999681,-0.9831904,0.18085867,-0.025033742,0.180832,0.98350835,0.0033448935
1356440945838,0.029728293,0.014546126,-0.9994521,-0.98591566,0.16506165,-0.026923269,0.1645796,0.9861759,0.019248307
1356440945880,0.046441853,0.020108521,-0.9987185,-0.9879758,0.14852244,-0.042951852,0.14746842,0.98870456,0.026764393
1356440945919,0.07251957,0.018092275,-0.99720293,-0.9887805,0.13221893,-0.069508314,0.13059157,0.9910555,0.027477682
1356440945960,0.10533455,0.010235369,-0.99438417,-0.9878678,0.1158227,-0.10345206,0.11411336,0.9932171,0.02231133
1356440945999,0.14305821,-0.0014607608,-0.9897132,-0.98486423,0.09866765,-0.14250296,0.09786081,0.9951194,0.012676597
1356440946041,0.18332842,-0.0150490105,-0.9829365,-0.9796077,0.08082643,-0.18394497,0.0822154,0.9966146,7.56681E-5
