1356440855370,-0.14563751,-0.5841645,-0.7984621,-0.4448941,-0.68219036,0.5802462,-0.8836623,0.4397366,-0.16053885
1356440855512,0.276511,0.7550309,0.59453344,0.37217462,0.4862442,-0.79060274,-0.8860179,0.43988067,-0.14655143
1356440855550,0.28285757,0.7539777,0.59288216,0.36333245,0.48783502,-0.79372954,-0.88768303,0.4399257,-0.1359567
1356440855589,0.28820035,0.75223166,0.5925269,0.35539502,0.4905593,-0.79564184,-0.8891766,0.43988532,-0.12595999
1356440855630,0.2933618,0.75085187,0.59174347,0.34760487,0.4928337,-0.79767525,-0.89056706,0.43970037,-0.11642116
1356440855670,0.29827586,0.7510582,0.58901864,0.3403648,0.49284413,-0.8007849,-0.8917305,0.439336,-0.1086303
1356440855709,0.30258054,0.7533586,0.5838629,0.33424067,0.4898075,-0.80521536,-0.89259636,0.43879327,-0.103596866
1356440855750,0.30611828,0.7576,0.576484,0.3294825,0.4838176,-0.8107785,-0.893159,0.4381355,-0.101510525
1356440855792,0.30556244,0.7584936,0.5756031,0.3291939,0.48308438,-0.81133276,-0.8934556,0.4373979,-0.102079034
1356440855830,0.31027028,0.7683106,0.55984926,0.3241635,0.46811035,-0.822065,-0.89367247,0.43654504,-0.10381752
1356440855873,0.31282657,0.77638376,0.5471451,0.3203497,0.45605898,-0.8302929,-0.89415634,0.4350155,-0.106046975
1356440855911,0.31360874,0.783262,0.5367962,0.31661952,0.4467055,-0.8367833,-0.8952104,0.4323827,-0.10790533
1356440855951,0.31279877,0.78980196,0.52760756,0.31225693,0.4390966,-0.84243083,-0.8970243,0.42826042,-0.10927224
1356440855988,0.310651,0.79644835,0.51881206,0.30746806,0.43227398,-0.8477043,-0.8994217,0.42285836,-0.11059612
1356440856053,0.30587977,0.8028471,0.5117364,0.30345803,0.42725104,-0.8516865,-0.90241385,0.41580415,-0.112942934
1356440856069,0.30084988,0.81248426,0.49935827,0.2987888,0.4169512,-0.85841537,-0.90565693,0.40745676,-0.11732143
1356440856110,0.2939147,0.8235161,0.48521692,0.29595214,0.40428552,-0.865428,-0.90886,0.39796302,-0.12489587
1356440856147,0.28574038,0.8353002,0.4697085,0.29621485,0.38915515,-0.8722471,-0.9113776,0.38837084,-0.13623095
1356440856190,0.27730095,0.8468337,0.45384675,0.30061546,0.37218088,-0.8781297,-0.9125429,0.3799396,-0.15136522
1356440856229,0.2691611,0.8576056,0.43825227,0.30944732,0.353907,-0.8826053,-0.9120278,0.37317896,-0.17012572
1356440856269,0.26175877,0.8672314,0.42354694,0.3219208,0.33526304,-0.8854183,-0.9098623,0.36811456,-0.1914218
1356440856309,0.25580412,0.8750354,0.41094702,0.33648637,0.31791735,-0.88640034,-0.9062788,0.36502293,-0.21311289
1356440856349,0.25203213,0.88034165,0.40184402,0.3514382,0.30363396,-0.8856059,-0.9016491,0.36442453,-0.23286015
1356440856414,0.25070423,0.88291466,0.39700007,0.36501727,0.29361188,-0.8834899,-0.89661014,0.3664065,-0.24866933
1356440856443,0.2516446,0.88278043,0.39670357,0.3760089,0.28851813,-0.8805536,-0.8917916,0.37075067,-0.25932926
1356440856469,0.25403643,0.88030344,0.40066367,0.38418847,0.2883274,-0.8770784,-0.8876174,0.37674022,-0.26495677
1356440856508,0.25747794,0.8752774,0.4093832,0.39084208,0.2931279,-0.8725357,-0.8837124,0.3846629,-0.2666213
1356440856550,0.26073602,0.8679028,0.42280173,0.39831525,0.30222616,-0.86602783,-0.8794098,0.39421305,-0.26689774
1356440856590,0.2626139,0.85877633,0.43992847,0.40822375,0.31423217,-0.85709476,-0.87429243,0.40467426,-0.2680512
1356440856629,0.2611295,0.8493183,0.45876986,0.42030245,0.3278072,-0.8461019,-0.8689979,0.41376424,-0.2713704
1356440856669,0.25513005,0.8416066,0.4760325,0.4335693,0.34047705,-0.834322,-0.864249,0.41925374,-0.2780289
1356440856709,0.24411297,0.8373045,0.4892137,0.447502,0.35028642,-0.82282525,-0.8603202,0.4197864,-0.28918594
1356440856749,0.2291306,0.83705366,0.49683028,0.4616641,0.35589966,-0.81252795,-0.8569512,0.41554374,-0.30489016
1356440856789,0.21295846,0.83898807,0.5007472,0.47497776,0.35897446,-0.80345094,-0.8538412,0.40894544,-0.32205403
1356440856829,0.19945186,0.8389283,0.5063776,0.48584503,0.3641094,-0.7945936,-0.85098386,0.40450418,-0.33496684
1356440856869,0.19199431,0.83240414,0.51984763,0.4931078,0.376159,-0.7844418,-0.848518,0.40694928,-0.33824462
1356440856909,0.19245481,0.8162442,0.5447078,0.4962991,0.39789677,-0.77159923,-0.8465508,0.41883594,-0.3285241
1356440856949,0.2006008,0.7903059,0.5789437,0.49533647,0.42803192,-0.7559302,-0.8452225,0.4384122,-0.3056038
1356440856989,0.21462768,0.75732845,0.6167565,0.4903323,0.4625793,-0.73864377,-0.8446947,0.46094906,-0.27206028
1356440857029,0.23212427,0.7220447,0.6517437,0.48147836,0.49690455,-0.72198653,-0.8451609,0.4813911,-0.23230529
1356440857070,0.25054455,0.6905136,0.6785414,0.4696412,0.5262077,-0.7089024,-0.8465605,0.49628264,-0.19245517
1356440857110,0.26773262,0.66649604,0.6957745,0.4549781,0.5490948,-0.7010633,-0.8493021,0.5042597,-0.15623057
1356440857149,0.28265968,0.65367895,0.7020024,0.4386218,0.56277126,-0.7006421,-0.8530618,0.50595677,-0.12764508
1356440857189,0.29399627,0.65408593,0.6969489,0.4201879,0.566487,-0.70889676,-0.8584919,0.50126255,-0.10829389
1356440857230,0.3023975,0.6665046,0.68141574,0.400304,0.55998546,-0.7253778,-0.8650506,0.49212587,-0.09746629
1356440857270,0.30781785,0.6900817,0.6550079,0.37893355,0.5425607,-0.74969137,-0.87272996,0.47897288,-0.09448528
1356440857309,0.31118697,0.7212008,0.6188957,0.35676107,0.51494896,-0.77945435,-0.88084286,0.4633539,-0.097050965
1356440857349,0.31269133,0.75766885,0.5728543,0.33367053,0.47704124,-0.81307787,-0.8893188,0.44538695,-0.10364509
1356440857411,0.312709,0.7968968,0.51688343,0.30930316,0.42908314,-0.84865725,-0.89807826,0.42525646,-0.11230457
1356440857430,0.31143284,0.83577347,0.4522082,0.28419265,0.37217784,-0.8835826,-0.9067768,0.40369093,-0.12161231
1356440857473,0.3095879,0.8699451,0.38386297,0.26148695,0.31024158,-0.91398835,-0.91420996,0.38333488,-0.13143224
1356440857511,0.30952132,0.8942182,0.32337332,0.24593744,0.25321937,-0.9356253,-0.9185376,0.3691256,-0.14154494
1356440857553,0.31311435,0.90671206,0.28254688,0.24130759,0.21178828,-0.9470568,-0.91854787,0.36471775,-0.15248257
1356440857591,0.32075897,0.9102694,0.2617695,0.24463859,0.18737432,-0.95133734,-0.91502213,0.3691889,-0.16258508
1356440857632,0.33214486,0.9051869,0.26517233,0.25620422,0.18398291,-0.9489519,-0.907766,0.38312775,-0.17080373
1356440857671,0.34560257,0.8922763,0.29052,0.2747375,0.19981724,-0.9405277,-0.89726144,0.4048655,-0.1760844
1356440857712,0.35835192,0.87136847,0.33511314,0.30014282,0.232366,-0.9251596,-0.8840238,0.43211448,-0.17826623
1356440857749,0.36694193,0.8420751,0.39530116,0.3324102,0.27819294,-0.9011727,-0.86882514,0.46208018,-0.17783374
1356440857790,0.36779457,0.804012,0.46721718,0.37110966,0.33378094,-0.86652637,-0.85264575,0.4920925,-0.17561376
1356440857830,0.35804984,0.7559605,0.5480183,0.4160791,0.39625034,-0.8184521,-0.83586997,0.5210656,-0.17266202
1356440857870,0.33537644,0.7004287,0.63001764,0.46394837,0.45923495,-0.7575323,-0.8199235,0.5463541,-0.17094618
1356440857910,0.30360967,0.6470006,0.6994364,0.50767344,0.5113531,-0.69338715,-0.80628085,0.5656043,-0.17321324
1356440857951,0.26718277,0.6057735,0.74943435,0.5410877,0.5492256,-0.6368479,-0.79739416,0.57566446,-0.18103302
1356440857989,0.23615444,0.5933702,0.76950824,0.55653465,0.5665672,-0.6076766,-0.7965553,0.5717635,-0.19643366
1356440858029,0.21610633,0.61748934,0.7563102,0.55238163,0.56140614,-0.6161963,-0.80509174,0.55093575,-0.21976632
1356440858071,0.2095803,0.6788297,0.7037515,0.5313898,0.52509815,-0.66475314,-0.82079285,0.5132856,-0.250673
1356440858111,0.20787701,0.7452776,0.63352066,0.50880605,0.47076276,-0.72076267,-0.83540624,0.47216913,-0.28134102
1356440858151,0.20566463,0.7964119,0.5687092,0.4925768,0.41790634,-0.7633625,-0.8456182,0.43712962,-0.30634552
1356440858189,0.19770426,0.81799793,0.5401782,0.4869531,0.39630032,-0.7783462,-0.8507583,0.41692376,-0.3199764
1356440858231,0.18231097,0.80545545,0.5639186,0.49046054,0.42258504,-0.7621485,-0.85218024,0.41552785,-0.31800222
1356440858269,0.16139439,0.76430607,0.62433016,0.4979459,0.48312566,-0.7201663,-0.85205746,0.4271134,-0.30260926
1356440858310,0.13421297,0.6885683,0.7126434,0.50768477,0.56982386,-0.6461865,-0.85102475,0.44852483,-0.27309787
1356440858349,0.1033057,0.58500344,0.80442464,0.5176926,0.65894943,-0.54569227,-0.84930706,0.4728178,-0.2347787
1356440858414,0.072128475,0.4682627,0.88064045,0.5259319,0.73235667,-0.43249208,-0.84746283,0.49435186,-0.19345051
1356440858431,0.04368493,0.35516116,0.93378377,0.53075767,0.7836125,-0.32287434,-0.84639704,0.5097177,-0.15427244
1356440858471,0.019792857,0.25841832,0.9658303,0.53145087,0.8155222,-0.22909287,-0.8468579,0.5178257,-0.12119514
1356440858511,0.0014062524,0.18500172,0.98273724,0.5275108,0.834746,-0.15789701,-0.8495472,0.5186266,-0.09641653
1356440858552,-0.010820359,0.13772984,0.9904107,0.5188485,0.84747326,-0.11218397,-0.8547977,0.5126592,-0.0806309
1356440858591,-0.01596877,0.11800815,0.9928843,0.5057332,0.85757613,-0.09379245,-0.86254215,0.50063676,-0.073375106
1356440858631,-0.012364447,0.12852928,0.99162865,0.48920807,0.86568874,-0.106105834,-0.8720795,0.4838008,-0.07358134
1356440858672,0.0029058754,0.17546219,0.9844819,0.4705593,0.86843836,-0.15616892,-0.8823636,0.4637109,-0.080041766
1356440858712,0.035370618,0.2728622,0.9614027,0.4487558,0.8552275,-0.2592379,-0.8929542,0.44060445,-0.09219855
1356440858751,0.08948392,0.42678207,0.8999165,0.4201612,0.80303276,-0.42261443,-0.9030267,0.4159272,-0.10745877
1356440858793,0.16602054,0.6322841,0.756739,0.37420028,0.6695982,-0.6415702,-0.9123658,0.38968575,-0.1254338
1356440858831,0.24167728,0.81262773,0.53030956,0.31111783,0.45276636,-0.8355886,-0.9191288,0.36693156,-0.14339966
1356440858872,0.2886855,0.9017637,0.3216878,0.2578253,0.25036025,-0.93319124,-0.9220557,0.35233802,-0.16022211
1356440858911,0.30902457,0.92431784,0.2239204,0.23904106,0.15239851,-0.9589755,-0.92052335,0.34987313,-0.173855
1356440858952,0.3119626,0.91686445,0.2490763,0.25740594,0.17079185,-0.9510901,-0.91456085,0.36081827,-0.18272567
1356440858991,0.29329774,0.87660766,0.381491,0.30943248,0.2905152,-0.9054571,-0.90455955,0.38361424,-0.18604344
1356440859031,0.23928177,0.7752778,0.58454126,0.38452297,0.47714227,-0.79023874,-0.89156395,0.41385925,-0.18394071
1356440859070,0.14366412,0.59310144,0.7922066,0.4599288,0.6687906,-0.58411014,-0.8762569,0.44827425,-0.17670321
1356440859109,0.02866906,0.3707166,0.9283034,0.50979257,0.7934074,-0.33259013,-0.8598195,0.48277727,-0.16624236
1356440859167,-0.07041228,0.17857066,0.98140436,0.5343689,0.83752143,-0.11405145,-0.84231347,0.51640135,-0.15439439
1356440859190,-0.1435377,0.045508742,0.98859787,0.5474017,0.83586496,0.04100111,-0.8244684,0.54704547,-0.14488971
1356440859229,-0.19418418,-0.03012067,0.98050267,0.5554448,0.82048756,0.13520841,-0.8085628,0.57087034,-0.14259535
1356440859266,-0.2303479,-0.062403068,0.9711054,0.5560123,0.81055796,0.18397339,-0.79861766,0.58232445,-0.15201342
1356440859310,-0.258155,-0.062830165,0.9640583,0.5439775,0.815211,0.19879536,-0.79840124,0.575746,-0.17627257
1356440859350,-0.28191876,-0.04118979,0.95855373,0.5184231,0.83413106,0.18831585,-0.8073161,0.5500261,-0.21380347
1356440859409,-0.30418175,-0.015145361,0.9524935,0.48764735,0.8564582,0.16935001,-0.8183357,0.51599413,-0.25313336
1356440859432,-0.32440054,3.2244623E-4,0.9459198,0.4591282,0.8743583,0.15715872,-0.82702214,0.4852808,-0.28379035
1356440859471,-0.34086257,-0.007949308,0.9400795,0.43810052,0.88340557,0.16632056,-0.8317936,0.4685418,-0.29763728
1356440859512,-0.35053992,-0.043126047,0.9355544,0.42621237,0.88215566,0.2003607,-0.8339454,0.46897924,-0.29084992
1356440859551,-0.35211253,-0.09133895,0.9314902,0.42218077,0.8727298,0.24516559,-0.8353324,0.47958308,-0.26873755
1356440859591,-0.34570304,-0.14514413,0.92705053,0.4238532,0.8572762,0.2922774,-0.83716065,0.4939745,-0.23484313
1356440859630,-0.33293062,-0.19541141,0.9224812,0.42854604,0.8400672,0.332619,-0.83994377,0.5060647,-0.19594133
1356440859671,-0.31625488,-0.23700626,0.91859186,0.43390524,0.8249347,0.36222765,-0.84362864,0.51313806,-0.15805143
1356440859711,-0.29823035,-0.26720437,0.91633,0.43831185,0.8144717,0.38015598,-0.8479042,0.51501226,-0.12578136
1356440859751,-0.28092426,-0.28543687,0.9163009,0.44049114,0.80989856,0.38733953,-0.85267174,0.5124355,-0.10178769
1356440859791,-0.2655251,-0.292991,0.91850567,0.43928704,0.8112943,0.3857828,-0.8582094,0.5059227,-0.08671188
1356440859830,-0.25250512,-0.29162514,0.9226028,0.43401343,0.8180633,0.3773655,-0.86479676,0.49570873,-0.07999599
1356440859873,-0.24241863,-0.28173485,0.92836344,0.42395768,0.8299407,0.36257184,-0.8726357,0.48148096,-0.08174944
1356440859911,-0.23501027,-0.26381147,0.93550724,0.4113835,0.8450136,0.34163672,-0.880644,0.46514034,-0.09005916
1356440859951,-0.23129524,-0.23705322,0.9435614,0.39596933,0.86295766,0.3138669,-0.8886567,0.44621736,-0.10573214
1356440859991,-0.23087925,-0.20043501,0.95211375,0.3792148,0.88263404,0.27776477,-0.89604175,0.42518577,-0.12777394
1356440860031,-0.23277277,-0.15494058,0.96010953,0.36457464,0.9013335,0.23384438,-0.9016109,0.4044642,-0.15331852
1356440860071,-0.23560494,-0.103496194,0.96632236,0.356581,0.91576046,0.18502101,-0.90406877,0.388164,-0.17885292
1356440860111,-0.23733434,-0.05173029,0.9700496,0.3589549,0.9232372,0.13705656,-0.90267587,0.38073233,-0.20054704
1356440860152,-0.23643115,-0.005735293,0.9716312,0.37317646,0.92275375,0.09625341,-0.8971284,0.38534725,-0.2160275
1356440860191,-0.23198706,0.03052859,0.97223973,0.39583957,0.91596717,0.06569004,-0.8885342,0.4000902,-0.22457695
1356440860232,-0.22402728,0.05463785,0.9730501,0.42531884,0.9038134,0.047171876,-0.8768784,0.42442435,-0.22571737
1356440860271,-0.21285409,0.069499075,0.9746092,0.457116,0.8886593,0.03646387,-0.86356133,0.4532709,-0.2209239
1356440860312,-0.19903067,0.07676445,0.9769821,0.4901138,0.8710926,0.031401545,-0.8486314,0.4850823,-0.21099746
1356440860351,-0.1831426,0.08070338,0.9797682,0.52342653,0.8516207,0.027693287,-0.8321559,0.5179085,-0.1982103
1356440860408,-0.16645986,0.08559245,0.98232627,0.55585086,0.8309965,0.021784842,-0.81444514,0.5496533,-0.1859042
1356440860431,-0.15074569,0.09599763,0.9839005,0.5849221,0.8110217,0.010487199,-0.7969579,0.57708603,-0.17840916
1356440860470,-0.13805199,0.11650467,0.9835488,0.6068621,0.7947566,-0.008961707,-0.782726,0.5956414,-0.18041998
1356440860510,-0.13019195,0.15055627,0.9799913,0.6180349,0.7852062,-0.038525373,-0.7752954,0.60065305,-0.1952765
1356440860552,-0.1281408,0.19881594,0.9716234,0.617162,0.7828802,-0.07880154,-0.7763318,0.5895513,-0.22302055
1356440860591,-0.13059676,0.25681704,0.9575956,0.60669184,0.7846155,-0.12768504,-0.78413606,0.5642903,-0.25827706
1356440860631,-0.13264173,0.31375623,0.9401932,0.5928071,0.7853267,-0.1784423,-0.7943462,0.5336843,-0.29016405
1356440860673,-0.12810603,0.3585633,0.92467356,0.5810531,0.78271425,-0.2230151,-0.80372024,0.5087148,-0.30861473
1356440860711,-0.11285195,0.38890776,0.91433865,0.5743779,0.77641904,-0.25935215,-0.8107739,0.49590755,-0.3110004
1356440860751,-0.086052835,0.4027941,0.91123646,0.57091445,0.7695,-0.28622785,-0.8164874,0.49560735,-0.29617864
1356440860791,-0.04840511,0.40713248,0.91208553,0.5673959,0.7627226,-0.3103484,-0.8220211,0.5024912,-0.26792496
1356440860832,-0.003153801,0.40758663,0.9131611,0.560186,0.7571545,-0.33601886,-0.82836086,0.51048034,-0.23071223
1356440860871,0.04511887,0.412292,0.90993375,0.5478302,0.7514722,-0.3676569,-0.8353719,0.51507753,-0.19196045
1356440860912,0.09201422,0.42232594,0.90176165,0.52946734,0.7462214,-0.403507,-0.8433254,0.51458174,-0.15494478
1356440860951,0.13608935,0.442749,0.88625795,0.50708795,0.73738146,-0.44624045,-0.8510826,0.5101392,-0.12416285
1356440860993,0.17418614,0.4723358,0.86403596,0.4818271,0.7243515,-0.49311,-0.8587793,0.5022089,-0.10141218
1356440861030,0.20678103,0.51241684,0.83346903,0.45426425,0.7042093,-0.5456494,-0.8665366,0.4914451,-0.08715546
1356440861071,0.2337121,0.56176364,0.79359955,0.42496684,0.6750976,-0.6030311,-0.8745181,0.47818917,-0.080952466
1356440861113,0.25441527,0.6197079,0.74245197,0.39461836,0.63437057,-0.6647182,-0.8829208,0.46209964,-0.08315456
1356440861151,0.27067545,0.68203276,0.67938656,0.36476272,0.58044565,-0.72803223,-0.89088887,0.44487536,-0.09166777
1356440861192,0.2803305,0.7440467,0.6064729,0.33800673,0.5148266,-0.78784835,-0.8984243,0.42584988,-0.10717118
1356440861231,0.28536358,0.8015172,0.52548814,0.3160799,0.4389074,-0.8411027,-0.90479887,0.40611637,-0.12809527
1356440861271,0.28829136,0.84815866,0.44442657,0.30144674,0.3601428,-0.8828517,-0.9088553,0.3884895,-0.15184861
1356440861311,0.2925928,0.88010675,0.37390035,0.2948541,0.28892198,-0.9108156,-0.909643,0.37674412,-0.17496657
1356440861352,0.30115455,0.8973246,0.32266772,0.29469818,0.23423196,-0.92643857,-0.90689516,0.37409082,-0.19389993
1356440861412,0.3151348,0.90178,0.2957749,0.2994618,0.2012479,-0.93264246,-0.9005624,0.38248137,-0.2066285
1356440861432,0.3327844,0.896502,0.29246983,0.3078712,0.18986279,-0.9322915,-0.89133036,0.40029514,-0.21282381
1356440861472,0.35237262,0.88220906,0.31231508,0.32060507,0.19973156,-0.9259156,-0.87923026,0.4263971,-0.21246076
1356440861511,0.36932176,0.8605337,0.35083213,0.33823565,0.22715473,-0.91323453,-0.8655623,0.45594126,-0.20716995
1356440861552,0.38210317,0.83015054,0.4060139,0.36209196,0.2697285,-0.89226454,-0.8502274,0.48795146,-0.1975267
1356440861590,0.38758656,0.78949606,0.47589123,0.3941804,0.3247259,-0.8597528,-0.8333057,0.5208156,-0.18534452
1356440861630,0.38347146,0.7391766,0.55368555,0.4343292,0.38474706,-0.8144494,-0.81505084,0.55279994,-0.17350644
1356440861671,0.36832848,0.68623674,0.62722665,0.47820413,0.43872383,-0.7608168,-0.7972798,0.5801729,-0.16656673
1356440861710,0.3443424,0.6456194,0.68161863,0.5171772,0.47548825,-0.711645,-0.78355354,0.5975672,-0.17016888
1356440861752,0.31532848,0.63419425,0.7059501,0.5429696,0.48953408,-0.6823052,-0.7783007,0.5984597,-0.18998414
1356440861791,0.28511474,0.6500418,0.70438284,0.5554304,0.48687008,-0.67413247,-0.7811572,0.5834408,-0.2222392
1356440861831,0.25618702,0.6860997,0.6809078,0.5570833,0.4708711,-0.68406034,-0.7899534,0.5545697,-0.26158363
1356440861870,0.23018461,0.7218886,0.652604,0.55455977,0.45376313,-0.69754034,-0.79967403,0.522471,-0.2958811
1356440861911,0.20977914,0.7431705,0.63536626,0.551273,0.44678944,-0.7046115,-0.8075214,0.49807304,-0.31596273
1356440861950,0.19711176,0.74545026,0.63675034,0.54696393,0.45539704,-0.7024557,-0.81362,0.48674172,-0.31797028
1356440861991,0.19289976,0.7305004,0.65510213,0.5399539,0.478436,-0.69249463,-0.81929207,0.48730698,-0.30214638
1356440862033,0.19677085,0.70151544,0.68495065,0.5285522,0.5125023,-0.6767378,-0.8257808,0.49519444,-0.269942
1356440862071,0.20631701,0.66931087,0.71376204,0.51369554,0.54675585,-0.66119206,-0.8327966,0.50307155,-0.231017
1356440862112,0.21927059,0.6375138,0.73857737,0.49470264,0.5798279,-0.6473554,-0.8409457,0.50732213,-0.18824053
1356440862151,0.2341992,0.6128092,0.7547288,0.4733735,0.6061945,-0.6390975,-0.84915733,0.5069447,-0.14811742
1356440862192,0.24909288,0.5983321,0.7615454,0.45047754,0.6245091,-0.6380112,-0.8573346,0.50198317,-0.11397439
1356440862250,0.26327896,0.5974047,0.75749046,0.42708805,0.6318783,-0.6467809,-0.8650318,0.4937989,-0.08878416
1356440862269,0.27517298,0.61145675,0.74188983,0.4031135,0.6271854,-0.6664368,-0.87279975,0.4824512,-0.07390195
1356440862310,0.2843004,0.6411901,0.71277523,0.3780275,0.6082505,-0.6979445,-0.88106096,0.46787453,-0.06946164
1356440862346,0.29055583,0.6829191,0.67022294,0.3523857,0.57484263,-0.7384987,-0.8896076,0.45075214,-0.073627055
1356440862391,0.29223964,0.7341083,0.61292815,0.3270098,0.5255686,-0.785393,-0.8986994,0.42995644,-0.08646864
1356440862431,0.29081935,0.7861549,0.54532975,0.3045116,0.46427476,-0.83169806,-0.90702635,0.40793312,-0.10437316
1356440862472,0.2866482,0.8320853,0.4748335,0.28898066,0.39744985,-0.8709327,-0.9134128,0.38686904,-0.12652832
1356440862511,0.2833836,0.86582816,0.41235343,0.28307346,0.33530134,-0.898578,-0.9162768,0.3713686,-0.15007406
1356440862551,0.2844993,0.8851234,0.36826184,0.28659737,0.28804272,-0.913725,-0.9148345,0.365497,-0.17172605
1356440862591,0.29211053,0.8907807,0.34811094,0.29769564,0.26121518,-0.91822875,-0.90887225,0.3718554,-0.18887782
1356440862631,0.30565724,0.8850907,0.35098153,0.3139367,0.25432673,-0.91474676,-0.8988978,0.38978493,-0.20012563
1356440862671,0.32316113,0.86926574,0.37409082,0.33443922,0.26488936,-0.90442467,-0.8852781,0.41738555,-0.2051146
1356440862711,0.34117478,0.84477,0.4122662,0.35836095,0.28856778,-0.887866,-0.8690093,0.4506576,-0.20428056
1356440862752,0.3568632,0.81154746,0.46264395,0.3861571,0.32280165,-0.8641075,-0.85060644,0.48702142,-0.19818878
1356440862790,0.36670852,0.77096856,0.5207038,0.41795373,0.3635111,-0.832571,-0.8311676,0.522941,-0.18892658
1356440862830,0.3691638,0.7241907,0.5824653,0.45380163,0.4064749,-0.7929957,-0.81103766,0.55706906,-0.17858315
1356440862870,0.3624332,0.6777278,0.6397869,0.4909171,0.44469357,-0.74916494,-0.792239,0.58560455,-0.17153645
1356440862910,0.3479319,0.64557266,0.67983776,0.5222622,0.468744,-0.7124052,-0.7785792,0.6029221,-0.1740672
1356440862951,0.32966024,0.64397454,0.6903774,0.54030347,0.47097617,-0.6973189,-0.77420694,0.6028917,-0.19267952
1356440862991,0.31195045,0.67313427,0.67050517,0.544777,0.45145863,-0.70668465,-0.778399,0.5857263,-0.22587532
1356440863031,0.29705805,0.72174555,0.6251718,0.53973776,0.4131754,-0.7334638,-0.7876799,0.5553102,-0.26681626
1356440863070,0.28536135,0.76720506,0.5744262,0.53170556,0.3719316,-0.7608917,-0.79740715,0.52255464,-0.30179226
1356440863110,0.2773341,0.7955737,0.5386542,0.5230166,0.3452819,-0.77925235,-0.80594015,0.49783832,-0.32033974
1356440863150,0.2733006,0.8038912,0.5282667,0.5131843,0.3426435,-0.7869163,-0.81360227,0.48616284,-0.3188997
1356440863190,0.27284062,0.79423416,0.54290897,0.50151443,0.3641593,-0.78477466,-0.82100016,0.4863951,-0.2989624
1356440863230,0.27488488,0.7705335,0.57507944,0.48838133,0.4033152,-0.77383494,-0.82820404,0.49357358,-0.265449
1356440863270,0.2781395,0.7383449,0.61439824,0.4745295,0.45051047,-0.75621563,-0.8351408,0.50188357,-0.22506171
1356440863310,0.28167754,0.70457244,0.6513336,0.46029577,0.496387,-0.73602164,-0.84189403,0.5071268,-0.18449062
1356440863340,0.2852466,0.6753776,0.68007314,0.447312,0.53373146,-0.7176648,-0.84767115,0.5089163,-0.14985943
1356440863409,0.28858015,0.6555185,0.69786614,0.43293267,0.5607697,-0.7057668,-0.85398537,0.5057993,-0.12196833
1356440863422,0.29347706,0.65028715,0.7007124,0.4160256,0.5730596,-0.7060633,-0.8606939,0.49872765,-0.102356255
1356440863460,0.30069977,0.6633129,0.6852704,0.3950908,0.5673323,-0.7225215,-0.8680339,0.48800606,-0.09147215
1356440863501,0.3107442,0.6963234,0.6469712,0.36804473,0.5394208,-0.75734293,-0.8763453,0.47345424,-0.08865625
1356440863541,0.32290488,0.7464786,0.5818094,0.3338483,0.48538595,-0.80805063,-0.8855946,0.45515954,-0.09247708
1356440863582,0.33475107,0.80642843,0.4874575,0.2935247,0.40232772,-0.8671653,-0.8954245,0.43336535,-0.10202706
1356440863621,0.34328476,0.8627109,0.3713294,0.2526955,0.2959424,-0.9211748,-0.90459967,0.41005856,-0.11641067
1356440863661,0.34749722,0.9020939,0.25587562,0.22071767,0.18652189,-0.95733654,-0.9113339,0.3891481,-0.13429227
1356440863700,0.35011548,0.9218433,0.16620511,0.2038975,0.09817886,-0.97405684,-0.91424555,0.3749212,-0.15358764
1356440863742,0.3548068,0.9278053,0.11527926,0.20182571,0.044386357,-0.97841513,-0.9128956,0.37041464,-0.17150632
1356440863781,0.3631419,0.9257747,0.105210185,0.2115407,0.028049543,-0.9769666,-0.90740204,0.3770337,-0.18565306
1356440863821,0.37383646,0.91790986,0.13299528,0.2311238,0.046674386,-0.97180414,-0.89823616,0.39403418,-0.19470224
1356440863862,0.3837573,0.9018583,0.19844866,0.26228106,0.099601254,-0.95983756,-0.8854033,0.42039403,-0.19831768
1356440863901,0.3864508,0.8736143,0.2957259,0.30607963,0.18098798,-0.93464357,-0.8700408,0.45170945,-0.19745255
1356440863943,0.37585473,0.82400185,0.42397428,0.36508912,0.28884578,-0.8850299,-0.8517295,0.48743105,-0.19227004
1356440863981,0.34294215,0.74666214,0.5699881,0.43617332,0.41083285,-0.80060554,-0.8319517,0.523175,-0.1847822
1356440864025,0.28864908,0.64412206,0.7083703,0.50899464,0.52341306,-0.68334705,-0.8109292,0.55780417,-0.176772
1356440864059,0.21884745,0.5343919,0.8164136,0.57107675,0.60828143,-0.55123943,-0.7911871,0.58687216,-0.17205799
1356440864099,0.15175396,0.44985285,0.8801155,0.6117929,0.65661144,-0.44110188,-0.77632487,0.60538733,-0.17557341
1356440864139,0.09700611,0.4086792,0.90750825,0.6301839,0.68053085,-0.37382638,-0.7703624,0.6081605,-0.19152737
1356440864180,0.057498336,0.41380978,0.9085457,0.6298256,0.6910635,-0.35461372,-0.77460545,0.59261507,-0.22089303
1356440864220,0.030236244,0.4528707,0.89106333,0.61718696,0.6927677,-0.37303245,-0.78623533,0.56123173,-0.25855917
1356440864259,0.00816977,0.494595,0.86908513,0.6011732,0.69208294,-0.39951456,-0.799077,0.52573466,-0.29168314
1356440864300,-0.012706935,0.5144885,0.85740316,0.58584005,0.6987198,-0.41058764,-0.8103272,0.49708375,-0.31028652
1356440864339,-0.03324312,0.50179917,0.86434513,0.5732667,0.7179907,-0.3947844,-0.8186943,0.4823764,-0.31153297
1356440864418,-0.05448568,0.43724924,0.8976883,0.5623303,0.75633895,-0.33426934,-0.8251156,0.48658448,-0.28708816
1356440864419,-0.067112446,0.37082523,0.9262746,0.5539543,0.7859839,-0.27452493,-0.82983774,0.4946897,-0.25816953
1356440864461,-0.07537621,0.2881736,0.95460695,0.5461234,0.81291616,-0.2022783,-0.83430666,0.50608623,-0.2186529
1356440864499,-0.07700688,0.20945087,0.97478217,0.53892696,0.8312939,-0.13604489,-0.83882517,0.51486003,-0.17689407
1356440864541,-0.073875815,0.14111918,0.9872324,0.53096485,0.8435286,-0.08084482,-0.84416753,0.5182132,-0.13724566
1356440864579,-0.06717846,0.08947237,0.9937212,0.52192855,0.8519826,-0.041426644,-0.8503397,0.5158684,-0.103933096
1356440864621,-0.05818299,0.057608217,0.99664235,0.5116613,0.8589595,-0.019779548,-0.8572149,0.50879246,-0.07945275
1356440864659,-0.047576666,0.047197387,0.9977519,0.49965918,0.86605245,-0.017141819,-0.8649145,0.49772036,-0.064786494
1356440864699,-0.0354104,0.059301853,0.9976118,0.4852929,0.8736625,-0.03470826,-0.8736343,0.4829049,-0.05971551
1356440864740,-0.021233708,0.09468749,0.9952806,0.46854255,0.88035655,-0.07375795,-0.88318574,0.46476513,-0.06305832
1356440864779,-0.0044208784,0.15537904,0.98784506,0.4497499,0.88261366,-0.13681437,-0.89314365,0.44367838,-0.073783636
1356440864820,0.015779793,0.24111935,0.9703672,0.43054357,0.8742698,-0.2242422,-0.90243185,0.42132384,-0.0900166
1356440864861,0.039048105,0.35069892,0.93567383,0.41277286,0.84709907,-0.33472636,-0.9099966,0.3992912,-0.11168134
1356440864900,0.06461784,0.4661593,0.88233787,0.39958486,0.7981199,-0.4509286,-0.914416,0.38170686,-0.13469744
1356440864940,0.08876878,0.56654024,0.8192389,0.39370498,0.73555124,-0.55132645,-0.9149407,0.371479,-0.15775567
1356440864979,0.10954887,0.63525367,0.76449436,0.3954221,0.6777917,-0.6198707,-0.91194314,0.37020415,-0.17694205
1356440865020,0.12512699,0.66629267,0.73511726,0.40648115,0.6414727,-0.6506041,-0.90505046,0.38021943,-0.19056988
1356440865059,0.13475749,0.6658466,0.73381793,0.42522636,0.63005304,-0.6497812,-0.8949988,0.39960158,-0.19823116
1356440865100,0.13786891,0.639495,0.75633204,0.4509941,0.6393342,-0.62278086,-0.88181424,0.42696342,-0.20026422
1356440865139,0.13362876,0.59340423,0.7937347,0.48196453,0.6609112,-0.5752449,-0.86594087,0.45942128,-0.19768304
1356440865179,0.12230018,0.53409284,0.836533,0.51603967,0.68575275,-0.5132701,-0.84778875,0.49445727,-0.1917454
1356440865219,0.10539755,0.46990734,0.8764009,0.550734,0.7062286,-0.4448969,-0.8279998,0.5295547,-0.18435913
1356440865259,0.08556473,0.41252592,0.9069184,0.5825189,0.7177564,-0.38144138,-0.808301,0.5609351,-0.17888951
1356440865299,0.065901816,0.37525278,0.92457676,0.6068632,0.72045034,-0.335661,-0.79206944,0.5832123,-0.18024814
1356440865339,0.048393607,0.36784726,0.92862606,0.61970574,0.71808076,-0.3167408,-0.7833407,0.59080315,-0.19320655
1356440865408,0.034487545,0.43082687,0.90177536,0.6104992,0.7053119,-0.3603136,-0.7912656,0.56295943,-0.23869497
1356440865436,0.018940628,0.4919958,0.8703914,0.6002275,0.6906238,-0.40344226,-0.79960495,0.53007436,-0.2822286
1356440865479,0.0058321953,0.5415363,0.8406571,0.591137,0.6761881,-0.43968937,-0.80655015,0.4995078,-0.31617844
1356440865520,-0.0027949214,0.565791,0.824544,0.5835246,0.67053246,-0.4581325,-0.8120908,0.4798612,-0.33202702
1356440865559,-0.005680591,0.56512827,0.8249835,0.57602376,0.6762234,-0.45925865,-0.8174132,0.4726012,-0.32936865
1356440865600,-0.0028923452,0.539838,0.8417639,0.5668779,0.6943333,-0.44334033,-0.8237967,0.47589502,-0.3080305
1356440865640,0.005280912,0.50255674,0.8645281,0.5566526,0.71673083,-0.42004138,-0.8307286,0.48346,-0.27596456
1356440865680,0.017316699,0.45864913,0.8884488,0.54529124,0.7404714,-0.3928862,-0.8380678,0.49126682,-0.23727483
1356440865719,0.03222692,0.4178693,0.9079354,0.5335449,0.7609537,-0.3691603,-0.8451575,0.49632114,-0.19842881
1356440865759,0.048566878,0.3846847,0.9217695,0.5212378,0.7774694,-0.35192692,-0.8520285,0.49755305,-0.16275293
1356440865799,0.065910846,0.36392063,0.92909503,0.50830954,0.78900117,-0.34510666,-0.8586484,0.49501413,-0.13298059
1356440865839,0.08378744,0.35857654,0.92973244,0.4941066,0.7952863,-0.35125256,-0.8653544,0.4888175,-0.11054003
1356440865879,0.1020582,0.37074637,0.9231095,0.4775402,0.79578257,-0.37240478,-0.87266225,0.47882888,-0.0958302
1356440865919,0.120643735,0.40129524,0.9079687,0.4579,0.78903604,-0.40957266,-0.88077956,0.46517122,-0.08856082
1356440865959,0.1391311,0.4502198,0.8820117,0.43527752,0.7722149,-0.4628364,-0.88948077,0.44831482,-0.088531494
1356440865999,0.1567936,0.51609117,0.84206045,0.4108244,0.74125993,-0.5308079,-0.8981309,0.42916623,-0.095798016
1356440866040,0.17270023,0.5923637,0.7869434,0.38737303,0.6937199,-0.6072024,-0.905603,0.40970466,-0.10966015
1356440866080,0.18590647,0.6678753,0.7206812,0.3691614,0.6322545,-0.6811564,-0.91058147,0.39267907,-0.1290136
1356440866119,0.19738498,0.7283953,0.6561094,0.35895473,0.56909645,-0.7397843,-0.91224486,0.38153583,-0.14912981
1356440866161,0.20789179,0.76604086,0.6082454,0.3592283,0.518586,-0.7759018,-0.90980005,0.37980258,-0.16737384
1356440866200,0.21805426,0.78154665,0.58449745,0.36753076,0.48905554,-0.791041,-0.9040872,0.38731062,-0.18060178
1356440866239,0.2279576,0.775029,0.58937705,0.38487512,0.4842928,-0.7857045,-0.89437485,0.40594387,-0.18789119
1356440866279,0.2348508,0.7501801,0.618122,0.40935692,0.5004359,-0.7628832,-0.8816303,0.43219626,-0.18956369
1356440866320,0.2367661,0.7081686,0.6651609,0.44003618,0.5322195,-0.72326374,-0.8662044,0.4639392,-0.18560827
1356440866359,0.23033944,0.6526886,0.72176254,0.47425267,0.57236636,-0.6689403,-0.8497224,0.49638116,-0.17770076
1356440866421,0.21626797,0.5870475,0.7801304,0.51026386,0.6132668,-0.60293835,-0.8323815,0.52846855,-0.16691917
1356440866440,0.19430524,0.51708394,0.8335885,0.5460426,0.6489403,-0.52982444,-0.8149129,0.55812246,-0.15625733
1356440866480,0.16702405,0.45453268,0.87493026,0.5776543,0.6740279,-0.46043652,-0.7990109,0.5823112,-0.14998388
1356440866520,0.13738412,0.4123246,0.90061873,0.60014457,0.6886946,-0.40684932,-0.7880052,0.596396,-0.15283865
1356440866560,0.10812247,0.40205467,0.9092093,0.60921526,0.6959266,-0.38018793,-0.7855993,0.595011,-0.16969258
1356440866601,0.07982391,0.42279708,0.9027019,0.6058166,0.69857496,-0.38076138,-0.7915898,0.5772657,-0.20037448
1356440866642,0.05266601,0.4648282,0.8838331,0.59436566,0.69663006,-0.40179095,-0.8024685,0.54648083,-0.23958921
1356440866682,0.02751726,0.5011642,0.8649146,0.58278584,0.694938,-0.42121467,-0.8121597,0.5156507,-0.27294862
1356440866722,0.0065842867,0.51697737,0.8559738,0.57342607,0.69931847,-0.4267741,-0.81923085,0.49364766,-0.29184383
1356440866760,-0.008844197,0.5062314,0.8623523,0.5661857,0.71336764,-0.4129653,-0.82423025,0.48459923,-0.29293013
1356440866801,-0.017894328,0.47166654,0.88159543,0.55966467,0.7353838,-0.38208133,-0.82852596,0.4865607,-0.2771343
1356440866841,-0.020339787,0.41992366,0.9073314,0.552676,0.7609767,-0.33979952,-0.8331478,0.49454892,-0.24755985
1356440866881,-0.016986012,0.36215502,0.9319632,0.5450065,0.78480625,-0.29503748,-0.8382598,0.5029144,-0.21070755
1356440866921,-0.009044947,0.30600417,0.9519872,0.53653353,0.80486673,-0.2536165,-0.8438305,0.5084791,-0.17146146
1356440866961,0.001964569,0.25856978,0.9659906,0.5277195,0.8202634,-0.22063577,-0.84941643,0.5102055,-0.13484085
1356440867002,0.014440447,0.223898,0.9745056,0.518683,0.83154726,-0.19873852,-0.8548446,0.5083294,-0.10412419
1356440867041,0.027304588,0.2044566,0.9784947,0.5095304,0.8393056,-0.18959129,-0.86001927,0.5037496,-0.081259966
1356440867080,0.039242268,0.20043142,0.9789215,0.4991296,0.84476703,-0.19297239,-0.8656383,0.49618134,-0.06689066
1356440867120,0.050041646,0.21247081,0.9758853,0.48657,0.8481246,-0.20960507,-0.8722073,0.4853255,-0.060940385
1356440867161,0.05953908,0.2403612,0.96885586,0.4718874,0.848505,-0.23950258,-0.8796462,0.47145066,-0.06290424
1356440867202,0.06713778,0.28535217,0.95606834,0.45496267,0.8440542,-0.2838687,-0.8879761,0.4540337,-0.073156655
1356440867241,0.07348144,0.34462556,0.93585986,0.4372163,0.8322795,-0.34081185,-0.8963495,0.43421656,-0.089518845
1356440867282,0.07771075,0.41558483,0.90622854,0.4203674,0.8105679,-0.4077633,-0.9040201,0.41263652,-0.11170846
1356440867321,0.08158806,0.48710373,0.8695248,0.40816936,0.779586,-0.47501928,-0.90925306,0.3936693,-0.13521594
1356440867361,0.08555174,0.5478703,0.83217734,0.40300366,0.74483466,-0.5317982,-0.9111909,0.38086674,-0.15707183
1356440867426,0.090815246,0.5887367,0.80320704,0.40584153,0.71464795,-0.5697112,-0.90942025,0.37771326,-0.17403293
1356440867441,0.09750354,0.60548776,0.7898593,0.41693133,0.69579077,-0.5848448,-0.9036932,0.38634148,-0.18460476
1356440867481,0.10462773,0.59883493,0.7940087,0.43568116,0.6901003,-0.5778785,-0.8939994,0.40639672,-0.18869746
1356440867522,0.11043039,0.57269824,0.8122942,0.4602884,0.6948931,-0.5525017,-0.88087445,0.43490255,-0.18686903
1356440867561,0.11334497,0.53253496,0.83878446,0.48835394,0.7053456,-0.5138074,-0.8652533,0.4678612,-0.1801182
1356440867601,0.11311552,0.4832228,0.8681594,0.5184132,0.7166995,-0.46646518,-0.84761596,0.50282973,-0.1694392
1356440867640,0.10971576,0.43101716,0.8956487,0.5486912,0.72508985,-0.4161523,-0.8287946,0.53709304,-0.15694153
1356440867680,0.10338664,0.38497376,0.91711855,0.57608944,0.72847736,-0.37073135,-0.8108219,0.56667095,-0.14646447
1356440867720,0.09385651,0.3559487,0.92978036,0.5957775,0.7281466,-0.33889773,-0.79764664,0.58575,-0.14372492
1356440867760,0.08039254,0.35298732,0.9321679,0.60347843,0.72707784,-0.32737064,-0.79331636,0.5888614,-0.15456861
1356440867801,0.062113494,0.37879315,0.9233947,0.598702,0.7261009,-0.33813226,-0.7985599,0.57384086,-0.18168354
1356440867842,0.039990336,0.42464772,0.9044751,0.5864652,0.72290504,-0.3653312,-0.80898666,0.5450529,-0.22013193
1356440867881,0.019786298,0.46742308,0.8838123,0.5754093,0.71758735,-0.3923934,-0.81762624,0.51631784,-0.25476116
1356440867923,0.0064492226,0.4926459,0.87020594,0.56839013,0.7141718,-0.40852335,-0.82273394,0.49725112,-0.27540916
1356440867961,0.0029463172,0.49563283,0.8685272,0.5643855,0.71615654,-0.4105957,-0.8255061,0.49139383,-0.27761793
1356440868001,0.008859158,0.47994778,0.8772524,0.5611053,0.7237702,-0.4016436,-0.8276971,0.49578914,-0.2628892
1356440868041,0.02166465,0.45277786,0.8913601,0.5566586,0.7351225,-0.3869446,-0.8304588,0.5045663,-0.23611647
1356440868081,0.03792146,0.4222875,0.9056684,0.5498085,0.7479875,-0.37178656,-0.8344295,0.51204294,-0.20381248
1356440868120,0.0549106,0.39383218,0.9175408,0.5399565,0.76126087,-0.35906675,-0.8398999,0.5151487,-0.17085093
1356440868161,0.07086623,0.3709578,0.92594177,0.52770156,0.77379423,-0.3503905,-0.8464685,0.5134518,-0.14091915
1356440868202,0.08473432,0.3560186,0.9306293,0.5139027,0.78456503,-0.34693187,-0.8536534,0.50764996,-0.11647934
1356440868241,0.09624606,0.35077688,0.9315,0.499602,0.7923938,-0.35001415,-0.86089176,0.49906677,-0.09898406
1356440868280,0.105032474,0.3563544,0.92842865,0.48416737,0.7971504,-0.36073998,-0.8686485,0.48740426,-0.08880848
1356440868320,0.11152661,0.37396654,0.92071205,0.46671584,0.7982476,-0.3807586,-0.8773472,0.47217563,-0.085510254
1356440868361,0.11613664,0.4039581,0.9073754,0.44721612,0.79444385,-0.41092166,-0.886854,0.45351598,-0.088392556
1356440868443,0.11853638,0.44737765,0.88645494,0.4259605,0.78351974,-0.45238742,-0.896943,0.43121913,-0.09768963
1356440868450,0.11926627,0.5019683,0.8566232,0.4052117,0.76304656,-0.50355077,-0.90641,0.40717033,-0.11239773
1356440868480,0.11877069,0.5619946,0.8185693,0.38866413,0.73230803,-0.55916476,-0.91369236,0.38456094,-0.13145041
1356440868516,0.119237214,0.6154286,0.77912134,0.38020414,0.69660175,-0.60843307,-0.9171844,0.368773,-0.15092766
1356440868561,0.12187669,0.65202564,0.74833727,0.3826583,0.6648054,-0.6415655,-0.91581583,0.36454934,-0.16847879
1356440868599,0.1265049,0.66681015,0.7344118,0.39448974,0.64547825,-0.65401506,-0.9101507,0.37245405,-0.18139362
1356440868639,0.13179392,0.65778035,0.74158967,0.4154946,0.6425699,-0.64379203,-0.899997,0.3929744,-0.18861741
1356440868679,0.13420114,0.62637126,0.7678861,0.44356874,0.654961,-0.6117784,-0.8861359,0.4227116,-0.18994218
1356440868719,0.13039207,0.57576156,0.80715334,0.47609413,0.6777404,-0.5603592,-0.8696737,0.45734736,-0.1857447
1356440868759,0.11832619,0.5090593,0.8525594,0.510939,0.7049925,-0.49186066,-0.8514342,0.49380586,-0.1766792
1356440868799,0.09712833,0.43223402,0.89651537,0.54549915,0.73030543,-0.411199,-0.8324642,0.5289874,-0.16484994
1356440868839,0.069182575,0.35491475,0.9323354,0.57728195,0.74796164,-0.32756507,-0.81360877,0.5608822,-0.15314001
1356440868879,0.03653562,0.28856862,0.9567619,0.6025294,0.7574465,-0.25146183,-0.79726,0.5856645,-0.14619732
1356440868919,0.0016955175,0.2449129,0.9695436,0.61621773,0.7633337,-0.19390061,-0.78757405,0.5977787,-0.14962542
1356440868959,-0.033796344,0.23048721,0.9724882,0.61486316,0.77190375,-0.16157912,-0.7879092,0.59248644,-0.16780561
1356440868999,-0.06900537,0.24392273,0.9673366,0.5998146,0.7849538,-0.15514524,-0.79715794,0.5695167,-0.20047444
1356440869049,-0.10361612,0.2816309,0.95391184,0.5745276,0.7998339,-0.17373471,-0.8119001,0.53004694,-0.2446804
1356440869101,-0.13416523,0.2995071,0.9446138,0.55338573,0.81339675,-0.17930394,-0.82204866,0.49867946,-0.27487254
1356440869140,-0.1565786,0.28732842,0.9449474,0.54006284,0.8259534,-0.16165727,-0.8269313,0.4850189,-0.28450203
1356440869181,-0.16798538,0.24431989,0.9550333,0.5340682,0.8368605,-0.1201487,-0.8285843,0.4898697,-0.2710638
1356440869229,-0.16766322,0.17111236,0.9708808,0.53408366,0.8435457,-0.05643834,-0.82863957,0.50906897,-0.23281991
1356440869270,-0.16108552,0.10090959,0.98176813,0.53629494,0.8440298,0.0012412667,-0.82851624,0.52671725,-0.19007826
1356440869309,-0.1513448,0.039070413,0.9877086,0.53746873,0.84185576,0.04905434,-0.8295916,0.5382866,-0.1484096
1356440869350,-0.14059052,-0.010821462,0.9900087,0.53591347,0.83995426,0.08528601,-0.83248484,0.5425494,-0.1122902
1356440869422,-0.1301012,-0.04877995,0.9903,0.5287262,0.84151465,0.110912815,-0.8387622,0.5380275,-0.08369082
1356440869442,-0.120458156,-0.072364375,0.9900774,0.5177318,0.8463839,0.12485193,-0.8470204,0.52763397,-0.06448853
1356440869480,-0.11244654,-0.08285171,0.9901976,0.503054,0.8546284,0.12863502,-0.8569086,0.5125874,-0.054421127
1356440869520,-0.10617585,-0.080388024,0.99109256,0.4847951,0.86605155,0.12218206,-0.8681592,0.49344957,-0.052982032
1356440869561,-0.10141664,-0.0646352,0.9927422,0.46388805,0.8796893,0.10466449,-0.8800696,0.4711359,-0.05923164
1356440869601,-0.09808028,-0.03497313,0.9945637,0.44111472,0.8943156,0.074949116,-0.89207506,0.44606778,-0.07228756
1356440869641,-0.096034855,0.008866906,0.99533844,0.41789868,0.9079216,0.032232657,-0.9034035,0.4190461,-0.09089762
1356440869682,-0.09534705,0.06681523,0.9931992,0.39723608,0.9174134,-0.02358231,-0.91275,0.39228606,-0.11401409
