1356440723772,0.32351524,-0.10103968,0.9408129,-0.9272486,0.16426498,0.33649236,-0.18854171,-0.9812278,-0.040546656
1356440723909,-0.9050636,0.063010454,0.4205822,-0.41212827,0.114055455,-0.9039588,-0.10492852,-0.99147415,-0.077259004
1356440723951,-0.87347895,-0.006963089,0.4868121,-0.48441267,0.11260003,-0.867563,-0.048774123,-0.993616,-0.10172677
1356440723991,-0.85120255,-0.06455994,0.5208515,-0.52483684,0.10613984,-0.84455943,-7.583797E-4,-0.9922532,-0.12422991
1356440724029,-0.81616664,-0.1181131,0.5656158,-0.5763979,0.097874105,-0.8112867,0.04046446,-0.9881649,-0.14796168
1356440724075,-0.7457587,-0.16425934,0.64564914,-0.6626756,0.08311319,-0.7442804,0.068593025,-0.9829095,-0.17083305
1356440724112,-0.63792276,-0.19558695,0.7448491,-0.76604426,0.06202537,-0.63978827,0.0789347,-0.97872293,-0.1893956
1356440724155,-0.5095635,-0.20977119,0.8344706,-0.85717535,0.03944564,-0.513512,0.0748038,-0.97695446,-0.1999107
1356440724195,-0.38770103,-0.20588613,0.89849806,-0.9199767,0.025398374,-0.39114922,0.05771187,-0.9782463,-0.19925737
1356440724232,-0.28933007,-0.19234437,0.93770564,-0.9565261,0.020550072,-0.29092184,0.036687285,-0.98111236,-0.18992817
1356440724273,-0.21346325,-0.17020771,0.9620098,-0.97684646,0.022777319,-0.21272543,0.014295548,-0.985145,-0.17112893
1356440724334,-0.15663815,-0.1421529,0.9773725,-0.9876361,0.028835177,-0.15408918,-0.0062784553,-0.9894246,-0.144912
1356440724364,-0.10915089,-0.10597581,0.9883598,-0.99373716,0.035567045,-0.1059311,-0.023926944,-0.9937324,-0.10919428
1356440724397,-0.07967666,-0.071697354,0.9942389,-0.996145,0.04244539,-0.07676858,-0.036696732,-0.99652284,-0.074802876
1356440724436,-0.06099564,-0.0426037,0.99722844,-0.9971862,0.046223223,-0.059018314,-0.04358071,-0.99802226,-0.045303226
1356440724481,-0.051828116,-0.02056861,0.9984442,-0.99771845,0.04437837,-0.05087623,-0.04326287,-0.998803,-0.022821724
1356440724519,-0.05179423,-0.005969316,0.99863994,-0.9979813,0.037111163,-0.05153823,-0.03675306,-0.9992933,-0.007879436
1356440724560,-0.060710132,8.111E-4,0.9981551,-0.99786323,0.024145544,-0.06071204,-0.024150282,-0.9997081,-6.5648556E-4
1356440724599,-0.07875699,8.120239E-4,0.9968935,-0.9968662,0.0073872805,-0.0787608,-0.007428378,-0.9999724,2.2763014E-4
1356440724640,-0.105663896,-0.005645424,0.99438596,-0.9943142,-0.012684643,-0.1057283,0.013210326,-0.9999037,-0.0042729974
1356440724679,-0.14074594,-0.017358005,0.9898936,-0.9893659,-0.034582138,-0.14127728,0.03668493,-0.9992511,-0.012306154
1356440724721,-0.18096465,-0.03222862,0.9829614,-0.9816537,-0.055122793,-0.18253115,0.060066313,-0.9979594,-0.021662116
1356440724761,-0.22134185,-0.046948284,0.9740654,-0.9720403,-0.069671094,-0.2242397,0.07839188,-0.9964646,-0.030214489
1356440724818,-0.25638688,-0.05798599,0.9648334,-0.9626117,-0.07497591,-0.26030245,0.0874331,-0.99549806,-0.036595166
1356440724841,-0.28201127,-0.06297487,0.957342,-0.95557684,-0.070684254,-0.28614095,0.08568871,-0.9955089,-0.040243566
1356440724881,-0.29646182,-0.061396927,0.9530691,-0.9522077,-0.057859838,-0.2999212,0.07355866,-0.996435,-0.041309416
1356440724922,-0.29991043,-0.054080963,0.95243317,-0.9525975,-0.036507428,-0.30203512,0.0511052,-0.997869,-0.04056841
1356440724961,-0.2953903,-0.044278115,0.95435,-0.9551195,-0.009486437,-0.2960687,0.022162795,-0.9989742,-0.039488614
1356440725002,-0.28604984,-0.034157097,0.9576058,-0.9581393,0.022738874,-0.28539813,-0.012026489,-0.9991578,-0.039231718
1356440725042,-0.27492827,-0.026211947,0.9611074,-0.96033466,0.055940032,-0.2731816,-0.04660371,-0.99809,-0.040551722
1356440725084,-0.26550442,-0.022059768,0.96385723,-0.96077716,0.089105785,-0.2626166,-0.08009201,-0.99577785,-0.044852495
1356440725121,-0.25939697,-0.022784173,0.965502,-0.95955586,0.11931378,-0.25498384,-0.10938811,-0.99259514,-0.052812338
1356440725163,-0.26044,-0.031303495,0.9649824,-0.9563985,0.14520305,-0.2534129,-0.13218567,-0.98890656,-0.06775528
1356440725201,-0.2710054,-0.05087465,0.9612325,-0.951657,0.16415781,-0.25961742,-0.14458591,-0.98512125,-0.09290284
1356440725241,-0.29293048,-0.084763825,0.9523691,-0.9455839,0.17324096,-0.2754245,-0.14164329,-0.98122513,-0.1308989
1356440725283,-0.32699007,-0.13579011,0.9352211,-0.93754506,0.17090124,-0.30298847,-0.1186876,-0.97588617,-0.18319237
1356440725322,-0.36353484,-0.19320247,0.91132605,-0.92776144,0.16357431,-0.33541313,-0.08426687,-0.9674276,-0.23871076
1356440725360,-0.39632872,-0.24814829,0.8839378,-0.9169612,0.15510717,-0.367592,-0.04588777,-0.95622396,-0.28901583
1356440725404,-0.41814065,-0.2873772,0.8617265,-0.90825033,0.14842993,-0.39121583,-0.015479475,-0.94624674,-0.323075
1356440725450,-0.42614427,-0.30236313,0.8526299,-0.9046551,0.14187947,-0.40183255,5.286634E-4,-0.9425745,-0.33399552
1356440725482,-0.42753792,-0.2989285,0.85314304,-0.90398335,0.13610947,-0.40532497,0.0050423145,-0.9445189,-0.32841837
1356440725523,-0.4195641,-0.27249306,0.86586,-0.90772253,0.12847343,-0.39941755,-0.0024014711,-0.9535419,-0.30125093
1356440725562,-0.4119538,-0.2329402,0.8809273,-0.91109145,0.12054181,-0.39418527,-0.014367014,-0.96499145,-0.26188743
1356440725601,-0.4056543,-0.18421012,0.89527154,-0.9136383,0.11026615,-0.3912882,-0.026638895,-0.9766822,-0.21303135
1356440725641,-0.40591902,-0.1331453,0.90415823,-0.91321087,0.09775537,-0.39558783,-0.03571567,-0.98626375,-0.1612705
1356440725681,-0.4147079,-0.08559075,0.90592027,-0.9090632,0.08302355,-0.40830266,-0.0402658,-0.9928652,-0.11223793
1356440725722,-0.43240386,-0.04578349,0.90051687,-0.9007889,0.06632429,-0.42916247,-0.040077597,-0.99674714,-0.06992018
1356440725762,-0.45853627,-0.016500443,0.88852257,-0.8879615,0.048585653,-0.4573444,-0.035623074,-0.99868274,-0.036930084
1356440725820,-0.49058455,0.001297921,0.8713926,-0.870963,0.030704618,-0.4903884,-0.027392238,-0.9995277,-0.0139327645
1356440725842,-0.5264673,0.0076341927,0.8501611,-0.85005283,0.013576686,-0.5265223,-0.015561968,-0.99987864,-6.582141E-4
1356440725884,-0.5652792,0.0028847754,0.82489455,-0.82489955,-0.0020110607,-0.56527567,2.8252602E-5,-0.9999938,0.0035164952
1356440725925,-0.60568625,-0.010321915,0.79563653,-0.7954916,-0.015219271,-0.6057733,0.018361837,-0.99983084,0.0010071993
1356440725962,-0.6465748,-0.03171745,0.76219094,-0.76178527,-0.025939465,-0.6473101,0.04030183,-0.99916023,-0.007390082
1356440726003,-0.68691856,-0.056052506,0.7245695,-0.7240748,-0.03243184,-0.6889585,0.06211698,-0.99790096,-0.018308103
1356440726041,-0.72382826,-0.07830733,0.6855222,-0.6853615,-0.03316754,-0.72744733,0.07970154,-0.9963774,-0.029661298
1356440726087,-0.7565136,-0.09247297,0.64740705,-0.6479963,-0.027593851,-0.7611435,0.08824965,-0.9953328,-0.039047003
1356440726123,-0.78475267,-0.09577379,0.6123649,-0.61379004,-0.017271996,-0.78928035,0.086169094,-0.99525326,-0.045230806
1356440726161,-0.80793625,-0.08766787,0.58271205,-0.5847193,-0.0033845901,-0.81122863,0.07309091,-0.99614406,-0.048526585
1356440726201,-0.82696134,-0.07036181,0.55783886,-0.5599401,0.013048708,-0.82843035,0.051010787,-0.9974362,-0.050189137
1356440726241,-0.8418324,-0.046360865,0.53774434,-0.5392846,0.03136772,-0.84153926,0.022146642,-0.99843216,-0.051408112
1356440726281,-0.8529748,-0.018951565,0.52160794,-0.5218514,0.050587714,-0.851535,-0.010249019,-0.99853975,-0.053039968
1356440726323,-0.8602804,0.0094650835,0.5097333,-0.5079149,0.07046878,-0.85852003,-0.044046238,-0.99746907,-0.05581546
1356440726361,-0.8644465,0.035550877,0.50146616,-0.49695766,0.09022844,-0.8630712,-0.07592943,-0.99528635,-0.06033039
1356440726402,-0.86631644,0.05610399,0.49633467,-0.48863804,0.11086446,-0.86541426,-0.103579044,-0.9922507,-0.068629086
1356440726441,-0.8679491,0.06741424,0.49205643,-0.4809795,0.13283831,-0.8666098,-0.123785794,-0.98884237,-0.08287197
1356440726483,-0.8736537,0.06428802,0.48228222,-0.46823984,0.1582632,-0.8693124,-0.1322139,-0.98530185,-0.108164966
1356440726521,-0.884236,0.047455385,0.4646231,-0.44910008,0.18668312,-0.8737611,-0.12820196,-0.98127335,-0.14375967
1356440726561,-0.90222853,0.016487196,0.4309431,-0.41717863,0.21988487,-0.8818235,-0.10929665,-0.97538656,-0.19150835
1356440726601,-0.9221615,-0.020717502,0.3862499,-0.37834322,0.25603664,-0.88955134,-0.080464855,-0.966445,-0.24394554
1356440726642,-0.93731356,-0.05305238,0.34442532,-0.34464234,0.28752905,-0.89361554,-0.05162388,-0.9563015,-0.28778905
1356440726681,-0.9444975,-0.07345626,0.32020095,-0.32696408,0.30489606,-0.8945015,-0.031921268,-0.94954866,-0.3119911
1356440726728,-0.94403076,-0.081474684,0.319637,-0.3289309,0.30509818,-0.8937111,-0.024705842,-0.9488293,-0.3148216
1356440726763,-0.93556833,-0.077508494,0.3445351,-0.35186422,0.28763682,-0.8907619,-0.030059382,-0.9545981,-0.2963764
1356440726818,-0.9201534,-0.06607659,0.3859424,-0.38930404,0.25999063,-0.88365555,-0.041952446,-0.9633477,-0.2649551
1356440726842,-0.8967969,-0.047606364,0.43987396,-0.4387951,0.22309625,-0.87045217,-0.056695193,-0.9736333,-0.22096151
1356440726881,-0.8693054,-0.02690059,0.49354297,-0.48955905,0.18447155,-0.85223365,-0.068119064,-0.9824697,-0.17353159
1356440726923,-0.8416311,-0.00688079,0.54000896,-0.5351399,0.14519233,-0.8321925,-0.072679,-0.98937947,-0.1258806
1356440726965,-0.8193502,0.009681016,0.57321155,-0.5689517,0.10908806,-0.81510353,-0.07042155,-0.99398494,-0.08387321
1356440727003,-0.8064495,0.020814925,0.59093654,-0.58799994,0.077255785,-0.80516315,-0.06241265,-0.996794,-0.05006373
1356440727041,-0.8066791,0.024821848,0.59046817,-0.5889143,0.049895465,-0.8066538,-0.049484342,-0.9984459,-0.025631726
1356440727083,-0.8222733,0.020564556,0.5687212,-0.5681721,0.027160287,-0.8224615,-0.032360226,-0.99941957,-0.010649025
1356440727121,-0.8529406,0.007243514,0.52195764,-0.521887,0.009682536,-0.8529597,-0.011232287,-0.99992687,-0.004478276
1356440727161,-0.893006,-0.013742626,0.44983482,-0.4498647,-0.0010099411,-0.89309615,0.012727812,-0.99990505,-0.005280435
1356440727202,-0.93402064,-0.04057695,0.35490704,-0.35507905,-0.0031291842,-0.9348311,0.039043173,-0.99917156,-0.011485279
1356440727241,-0.96580446,-0.06794528,0.25021017,-0.25100738,0.003322184,-0.96797943,0.06493839,-0.9976835,-0.020263374
1356440727290,-0.98401594,-0.09118381,0.15296489,-0.15504767,0.016170919,-0.98777467,0.08759547,-0.9957028,-0.030050337
1356440727322,-0.9912583,-0.10489778,0.080021575,-0.08351743,0.029361486,-0.99607366,0.10213636,-0.9940495,-0.0378657
1356440727363,-0.99332774,-0.10648116,0.04429187,-0.04854109,0.03764987,-0.9981113,0.10461247,-0.9936016,-0.042567372
1356440727420,-0.9944438,-0.09778799,0.038973987,-0.043088928,0.040326655,-0.99825704,0.09604585,-0.9943899,-0.044316113
1356440727439,-0.9946978,-0.078116804,0.06688821,-0.070071325,0.038740993,-0.99678946,0.07527469,-0.99619126,-0.044009328
1356440727480,-0.9910655,-0.049854282,0.1237082,-0.12562588,0.0373559,-0.99137414,0.04480302,-0.9980576,-0.04328513
1356440727516,-0.9789799,-0.017428957,0.20321062,-0.20376745,0.04067117,-0.97817415,0.00878375,-0.9990205,-0.043367743
1356440727560,-0.95364434,0.014489189,0.300587,-0.29950368,0.051639616,-0.9526966,-0.029326007,-0.9985606,-0.04490626
1356440727600,-0.91087884,0.04049371,0.41068226,-0.4073705,0.07080066,-0.9105145,-0.06594668,-0.9966682,-0.047994792
1356440727640,-0.8481843,0.056761757,0.52665126,-0.520223,0.09797925,-0.8483915,-0.09975712,-0.99356836,-0.053575754
1356440727680,-0.767092,0.058651358,0.63885045,-0.62859607,0.13028973,-0.7667408,-0.12820604,-0.98973966,-0.0630762
1356440727721,-0.6892911,0.043010443,0.72320664,-0.7094357,0.16233188,-0.68582016,-0.1468969,-0.9857984,-0.081380785
1356440727760,-0.6288821,0.010655522,0.7774276,-0.76248235,0.18712884,-0.6193573,-0.15207869,-0.9822776,-0.10955727
1356440727830,-0.61792475,-0.035487562,0.78543603,-0.77418375,0.20171624,-0.5999584,-0.13714418,-0.9788009,-0.1521194
1356440727839,-0.6416532,-0.088185966,0.7619085,-0.7595331,0.21128422,-0.6151979,-0.10672742,-0.9734384,-0.20255142
1356440727881,-0.6811096,-0.13861844,0.71893996,-0.7289599,0.22039163,-0.6481087,-0.06860858,-0.96551156,-0.25115818
1356440727919,-0.69513357,-0.17785913,0.69653106,-0.7178434,0.22376508,-0.6592648,-0.038603097,-0.95827734,-0.28322166
1356440727973,-0.655557,-0.20025802,0.7281083,-0.75471276,0.20639169,-0.6227448,-0.025565833,-0.95775735,-0.28643876
1356440728012,-0.5634694,-0.2090505,0.79924977,-0.8257179,0.1733191,-0.53679633,-0.026307672,-0.9624232,-0.27027678
1356440728051,-0.42899293,-0.20169947,0.8805012,-0.9025955,0.13441634,-0.40896642,-0.035865426,-0.97018015,-0.23971671
1356440728092,-0.26165432,-0.17683896,0.948823,-0.96388257,0.0984714,-0.2474545,-0.049672365,-0.97930145,-0.19621748
1356440728131,-0.09976882,-0.14194503,0.98483396,-0.99311864,0.07521522,-0.08976725,-0.061332494,-0.98701286,-0.14847237
1356440728172,0.041103125,-0.102650374,0.9938679,-0.996876,0.06293076,0.047727287,-0.067444056,-0.99272484,-0.09974307
1356440728212,0.14702463,-0.066075265,0.9869234,-0.9868148,0.05847025,0.15092304,-0.067677915,-0.99610007,-0.056607485
1356440728251,0.22174722,-0.035054326,0.97447395,-0.97313774,0.0554803,0.22343892,-0.06189668,-0.9978443,-0.021810085
1356440728291,0.2694552,-0.010812402,0.96295226,-0.96166724,0.04982233,0.26965508,-0.050892144,-0.99869955,0.0030269623
1356440728333,0.29545707,0.0065420866,0.9553336,-0.9547075,0.03886056,0.29499733,-0.035194904,-0.99922323,0.017727405
1356440728371,0.30302316,0.017101943,0.9528297,-0.9528564,0.021745682,0.30264133,-0.015544176,-0.9996173,0.022885144
1356440728412,0.29307798,0.020703405,0.9558644,-0.9560635,-9.0035796E-4,0.29315847,0.0069300234,-0.99978524,0.019529909
1356440728451,0.26501346,0.017021567,0.9640944,-0.96373415,-0.027855754,0.2654062,0.031373233,-0.99946696,0.009022117
1356440728491,0.21889058,0.0063684285,0.97572863,-0.9741216,-0.056311816,0.21889761,0.056339145,-0.99839294,-0.00612247
1356440728531,0.15738198,-0.009983033,0.9874874,-0.9843745,-0.08155772,0.15606138,0.078979194,-0.9966186,-0.022662818
1356440728571,0.09096649,-0.028013498,0.9954599,-0.99133277,-0.09769079,0.08784023,0.094786555,-0.9948225,-0.036657333
1356440728612,0.035727024,-0.04251793,0.9984567,-0.9943949,-0.10099703,0.031280935,0.09951115,-0.99397784,-0.045887977
1356440728651,0.0029031634,-0.050729334,0.99870825,-0.9957176,-0.09242934,-0.0018004775,0.092401296,-0.99442613,-0.050780416
1356440728693,-0.0059590936,-0.0534088,0.99855494,-0.99744695,-0.07074541,-0.009736389,0.07116315,-0.9960636,-0.052850872
1356440728730,0.0053177774,-0.053934515,0.9985303,-0.99909455,-0.042437524,0.003028512,0.04221183,-0.9976423,-0.054111302
1356440728772,0.02608481,-0.055356383,0.9981258,-0.99963427,-0.008569211,0.025648892,0.007133335,-0.99842983,-0.055559635
1356440728811,0.05346659,-0.059321016,0.996806,-0.9981135,0.026991695,0.055143,-0.03017655,-0.9978739,-0.0577659
1356440728838,0.08376932,-0.06587502,0.9943054,-0.99440587,0.058898985,0.08767995,-0.06433949,-0.996088,-0.060572565
1356440728878,0.10623512,-0.07595444,0.9914359,-0.9897717,0.08740035,0.112752676,-0.09521595,-0.9932735,-0.06589264
1356440728919,0.12224549,-0.09114233,0.98830616,-0.98529017,0.10866207,0.1318933,-0.11941242,-0.98989177,-0.07651818
1356440728959,0.12751314,-0.11348793,0.9853228,-0.9829887,0.117940456,0.14079538,-0.13218802,-0.98651445,-0.09651846
1356440728999,0.12040311,-0.14440653,0.9821659,-0.984234,0.111759126,0.13708839,-0.12956244,-0.98318696,-0.12867367
1356440729052,0.09042925,-0.19310033,0.977003,-0.99071205,0.08258915,0.1080215,-0.10154882,-0.9776969,-0.18383831
1356440729092,0.061448812,-0.24351877,0.9679477,-0.9957207,0.052109897,0.07632196,-0.06902552,-0.96849537,-0.23927456
1356440729132,0.03802216,-0.28872275,0.95665747,-0.9984449,0.02808088,0.04815793,-0.040768087,-0.95700085,-0.2872061
1356440729173,0.02892664,-0.3180364,0.9476371,-0.9992645,0.014674872,0.0354276,-0.025173753,-0.9479649,-0.31737798
1356440729215,0.036652356,-0.32586384,0.944706,-0.99902034,0.0115118325,0.04273054,-0.024799645,-0.9453467,-0.3251227
1356440729251,0.05474001,-0.31455755,0.94765866,-0.99788165,0.016178012,0.06301102,-0.03515181,-0.9491005,-0.31300563
1356440729292,0.07818186,-0.28633612,0.9549341,-0.9956054,0.027105153,0.08963913,-0.051550597,-0.95774573,-0.2829587
1356440729331,0.10079235,-0.2444937,0.96439815,-0.9925703,0.04169178,0.11430642,-0.06815469,-0.9687542,-0.23847502
1356440729371,0.11462605,-0.19590142,0.97390115,-0.990234,0.055782616,0.12776911,-0.07935688,-0.97903574,-0.18759412
1356440729411,0.11787477,-0.1446951,0.9824301,-0.98961383,0.064856976,0.12828901,-0.08228019,-0.98734844,-0.13554722
1356440729454,0.10756093,-0.09605369,0.9895475,-0.99118984,0.06701368,0.11424431,-0.07728681,-0.9931177,-0.087999344
1356440729492,0.0845989,-0.053906947,0.9949558,-0.9942558,0.06113565,0.0878517,-0.06556305,-0.9966727,-0.048425317
1356440729532,0.049778104,-0.021256238,0.9985341,-0.9975289,0.0485726,0.050762028,-0.049580455,-0.99859345,-0.018785894
1356440729572,0.007474929,8.5383654E-5,0.99997205,-0.99955535,0.028866976,0.0074693263,-0.028865516,-0.99958324,3.0118227E-4
1356440729611,-0.041797698,0.010163218,0.9990744,-0.99910975,0.0052963495,-0.04185307,-0.0057168603,-0.9999343,0.009932816
1356440729653,-0.09600407,0.008405745,0.9953455,-0.99519974,-0.019887686,-0.095822066,0.018989712,-0.9997668,0.010274708
1356440729691,-0.15551406,-0.0041464865,0.9878249,-0.9868611,-0.04371029,-0.15554577,0.043823093,-0.99903566,0.002705574
1356440729731,-0.21912271,-0.024983257,0.9753773,-0.97334576,-0.063765466,-0.22029963,0.067699164,-0.9976522,-0.010344863
1356440729770,-0.28402686,-0.049459577,0.9575398,-0.9547323,-0.077488065,-0.28719652,0.08840251,-0.9957657,-0.02521193
1356440729817,-0.34589732,-0.0712733,0.9355614,-0.93265724,-0.08280569,-0.35113198,0.10249618,-0.9940137,-0.037831247
1356440729851,-0.40069747,-0.08484241,0.91227376,-0.90995145,-0.07933515,-0.4070557,0.106910974,-0.99323094,-0.045413077
1356440729892,-0.4466611,-0.08758342,0.890406,-0.8890879,-0.067873955,-0.45267618,0.10008231,-0.9938421,-0.047552705
1356440729931,-0.48359972,-0.079580724,0.871664,-0.8714712,-0.049136758,-0.48797888,0.08166444,-0.9956166,-0.045589745
1356440729971,-0.51323384,-0.06362587,0.85588706,-0.8565333,-0.025049329,-0.51548344,0.054237515,-0.9976594,-0.041641533
1356440730012,-0.5363698,-0.042573422,0.84290856,-0.84372985,0.002585888,-0.5367619,0.020672143,-0.99908996,-0.03730738
1356440730051,-0.5549242,-0.020466536,0.8316492,-0.83178496,0.030346274,-0.55426794,-0.013893515,-0.99932986,-0.033863604
1356440730092,-0.5682533,9.216964E-4,0.8228532,-0.8214375,0.05800903,-0.5673406,-0.04825583,-0.9983156,-0.032206655
1356440730131,-0.5774767,0.019101202,0.8161837,-0.8124958,0.084296286,-0.5768402,-0.07981962,-0.9962576,-0.033159494
1356440730172,-0.5846698,0.030903935,0.81068254,-0.80413735,0.11015272,-0.5841485,-0.10735139,-0.9934341,-0.039551973
1356440730210,-0.59429306,0.031883,0.80361634,-0.79404205,0.13542402,-0.5925855,-0.12772238,-0.9902746,-0.055165112
1356440730251,-0.61254114,0.017452687,0.790246,-0.77865124,0.15868908,-0.60705847,-0.13599819,-0.98717433,-0.08361399
1356440730290,-0.64419794,-0.014946133,0.7647127,-0.7541971,0.1787672,-0.63184565,-0.12726188,-0.9837778,-0.12643373
1356440730331,-0.6868727,-0.061566353,0.7241653,-0.71957064,0.19758362,-0.66571665,-0.10209742,-0.97835076,-0.1800161
1356440730371,-0.7297611,-0.110931575,0.6746428,-0.68017316,0.21792173,-0.6999104,-0.069377184,-0.9696413,-0.23448348
1356440730416,-0.76079273,-0.14948115,0.63154554,-0.64765143,0.2374512,-0.7239921,-0.041738063,-0.95982933,-0.27746284
1356440730483,-0.77343655,-0.16848336,0.6110722,-0.6332179,0.24920797,-0.73275536,-0.028826982,-0.95368165,-0.29943323
1356440730496,-0.7702834,-0.17038342,0.6145184,-0.6370245,0.24998379,-0.72918296,-0.02937892,-0.95314085,-0.30109674
1356440730536,-0.75572145,-0.15862761,0.6353916,-0.6537402,0.24027526,-0.7175595,-0.03884414,-0.9576561,-0.28528237
1356440730567,-0.73836285,-0.14118451,0.65945977,-0.67256814,0.22624856,-0.70460176,-0.04972297,-0.9637834,-0.26200974
1356440730611,-0.7136428,-0.11488658,0.69102466,-0.6978857,0.20190662,-0.6871603,-0.060576975,-0.9726432,-0.22426689
1356440730659,-0.6845575,-0.07919744,0.72464395,-0.725898,0.1650641,-0.667702,-0.06673244,-0.983098,-0.1704852
1356440730706,-0.6667334,-0.043901026,0.7440022,-0.7422425,0.12938833,-0.65752167,-0.06739932,-0.99062175,-0.118852735
1356440730742,-0.6587534,-0.014557779,0.7522181,-0.7497735,0.09551865,-0.654764,-0.06231895,-0.9953212,-0.07383829
1356440730820,-0.6643414,0.005554706,0.7474086,-0.74562585,0.06449723,-0.66323614,-0.051889837,-0.9979024,-0.03870648
1356440730824,-0.6841842,0.014315575,0.72916865,-0.72840667,0.036310136,-0.68418217,-0.03627062,-0.999238,-0.0144152045
1356440730859,-0.7159268,0.011433214,0.6980817,-0.6979922,0.011177421,-0.71601814,-0.015989125,-0.99987215,-2.1874905E-5
1356440730902,-0.75711983,-0.0039407313,0.6532642,-0.6532061,-0.010071397,-0.75711316,0.00956285,-0.9999415,0.0050510764
1356440730942,-0.8011481,-0.027729422,0.5978235,-0.59731495,-0.02488321,-0.8016207,0.03710422,-0.9993057,0.0033718348
1356440730981,-0.84132147,-0.056288034,0.5375963,-0.53666663,-0.03179139,-0.84319526,0.064552784,-0.9979083,-0.003461063
1356440731021,-0.87312245,-0.08430509,0.480156,-0.47935003,-0.030887425,-0.87708,0.08877309,-0.9959611,-0.013443172
1356440731061,-0.8943774,-0.1056674,0.4346533,-0.43461317,-0.024621785,-0.9002806,0.10583225,-0.99409664,-0.02390325
1356440731101,-0.9056488,-0.11592947,0.4078732,-0.408804,-0.016723812,-0.91246897,0.11260323,-0.9931167,-0.03224653
1356440731141,-0.9087634,-0.114100456,0.40141013,-0.40300483,-0.009752452,-0.9151459,0.10833332,-0.9934213,-0.037120283
1356440731180,-0.9046954,-0.10099609,0.41391546,-0.41573715,-0.0032866597,-0.9094789,0.0932142,-0.9948814,-0.0390144
1356440731221,-0.8935506,-0.079273626,0.44190854,-0.44364417,0.004850447,-0.8961899,0.06890075,-0.9968412,-0.039503455
1356440731263,-0.87477595,-0.051902786,0.48173964,-0.48309547,0.017041922,-0.8754018,0.03722602,-0.9985067,-0.0399819
1356440731301,-0.8491066,-0.024483502,0.5276537,-0.52821153,0.033246994,-0.8484616,0.0032304525,-0.9991472,-0.04116267
1356440731342,-0.8172037,9.253323E-4,0.5763481,-0.5754633,0.054104447,-0.816036,-0.031938076,-0.9985348,-0.0436818
1356440731381,-0.7798933,0.020844817,0.6255653,-0.6225301,0.07793051,-0.7787061,-0.06498262,-0.9967408,-0.04780096
1356440731422,-0.74143755,0.03305596,0.67020714,-0.66435975,0.10423082,-0.74010956,-0.09432128,-0.99400365,-0.055319607
1356440731461,-0.70707744,0.033908814,0.70632255,-0.6974387,0.13141155,-0.70449287,-0.116707444,-0.99074775,-0.06926876
1356440731503,-0.68557334,0.019471318,0.72774315,-0.7167572,0.15697825,-0.679424,-0.12746915,-0.9874101,-0.09366393
1356440731541,-0.6833022,-0.011905491,0.73003864,-0.71980584,0.17857915,-0.67081225,-0.12238333,-0.9838536,-0.13059318
1356440731581,-0.7007101,-0.058181792,0.7110697,-0.7063601,0.19669706,-0.6799748,-0.1003032,-0.9787365,-0.17892492
1356440731622,-0.7296438,-0.112143815,0.6745692,-0.68063384,0.21432287,-0.70057356,-0.066010594,-0.9703038,-0.23270816
1356440731661,-0.75496036,-0.16051774,0.6358215,-0.65502304,0.23086607,-0.719476,-0.031300962,-0.9596535,-0.2794376
1356440731701,-0.7677982,-0.19383694,0.61066616,-0.640667,0.24065769,-0.7291294,-0.0056292713,-0.95105785,-0.3089615
1356440731742,-0.76558036,-0.20870452,0.6085466,-0.6433091,0.23905385,-0.72732836,0.006321341,-0.948312,-0.31727642
1356440731820,-0.74862605,-0.20514181,0.6304569,-0.6629772,0.22517538,-0.71397287,0.0045022964,-0.9524773,-0.30457658
1356440731822,-0.719835,-0.18587238,0.66879666,-0.6941093,0.20253867,-0.69078964,-0.0070584714,-0.9614726,-0.2748102
1356440731861,-0.6826371,-0.15408778,0.71432734,-0.7303875,0.17497164,-0.6602416,-0.023251861,-0.9724412,-0.23198587
1356440731900,-0.645163,-0.1164878,0.7551128,-0.7630957,0.14749253,-0.6292305,-0.038075864,-0.9821795,-0.18404812
1356440731943,-0.6101336,-0.076700896,0.78857714,-0.7908355,0.119415104,-0.600266,-0.048127055,-0.9898772,-0.13351691
1356440731993,-0.5814148,-0.03692764,0.8127688,-0.8120568,0.087982476,-0.57690805,-0.05020559,-0.9954373,-0.08114165
1356440732033,-0.57414687,-0.0044038296,0.8187405,-0.81740576,0.060411155,-0.572886,-0.04693818,-0.9981638,-0.0382846
1356440732072,-0.5842267,0.016677916,0.8114191,-0.8106786,0.035389245,-0.5844209,-0.03846243,-0.99923444,-0.007154882
1356440732111,-0.6129452,0.025158644,0.7897248,-0.78972644,0.012255847,-0.6133368,-0.0251095,-0.9996084,0.012356222
1356440732154,-0.66065335,0.019264728,0.7504439,-0.7506645,-0.008530438,-0.66062856,-0.0063251853,-0.99977803,0.020097077
1356440732191,-0.7214285,0.0022916496,0.6924851,-0.6923326,-0.02363646,-0.72119135,0.014715165,-0.999718,0.01863861
1356440732231,-0.7865168,-0.023824364,0.61710924,-0.6164552,-0.029699504,-0.7868297,0.037073553,-0.99927497,0.008672416
1356440732271,-0.84805155,-0.055088624,0.5270424,-0.52650243,-0.025075197,-0.8498037,0.06003025,-0.99816656,-0.0077391863
1356440732312,-0.89860624,-0.08664331,0.43011606,-0.43085524,-0.01094228,-0.9023547,0.08288944,-0.99617934,-0.027497888
1356440732351,-0.9345449,-0.11343662,0.33728018,-0.34039024,0.008676231,-0.94024426,0.10373179,-0.9935073,-0.04672104
1356440732392,-0.9567827,-0.13078508,0.2597346,-0.2654001,0.027625144,-0.9637425,0.118867956,-0.9910258,-0.06114155
1356440732431,-0.96924496,-0.13608629,0.20504814,-0.21225321,0.040578246,-0.9763718,0.12455032,-0.9898656,-0.06821501
1356440732488,-0.9759715,-0.12895761,0.17564066,-0.18279491,0.04582095,-0.9820827,0.11859901,-0.99059093,-0.0682928
1356440732513,-0.978945,-0.11006448,0.17190832,-0.17767873,0.044890046,-0.9830642,0.100483455,-0.99291027,-0.063501
1356440732552,-0.97841865,-0.08346501,0.18902507,-0.19294402,0.041618764,-0.9803267,0.073956005,-0.9956412,-0.056824684
1356440732593,-0.97266865,-0.051789492,0.22634843,-0.22845313,0.039085984,-0.97277,0.041532226,-0.99789286,-0.049849153
1356440732632,-0.95943683,-0.019561633,0.2812443,-0.28182358,0.039950907,-0.95863414,0.0075164735,-0.9990102,-0.04384327
1356440732674,-0.9348636,0.011241391,0.354829,-0.35397035,0.046811998,-0.9340844,-0.027110651,-0.99884045,-0.039783716
1356440732713,-0.8944294,0.036200494,0.44574156,-0.4432029,0.061360896,-0.8943187,-0.05972585,-0.99745893,-0.038838744
1356440732752,-0.84041494,0.05095692,0.5395424,-0.5345961,0.08542925,-0.8407787,-0.088936195,-0.9950403,-0.04455459
1356440732827,-0.78346336,0.04863733,0.61953175,-0.6116296,0.1160745,-0.7825829,-0.10997456,-0.992049,-0.061192095
1356440732831,-0.74706835,0.025343984,0.6642639,-0.6545539,0.14627779,-0.741729,-0.115965426,-0.9889189,-0.09269053
1356440732870,-0.7469129,-0.016318023,0.6647216,-0.6569709,0.17224771,-0.73397547,-0.10251975,-0.98491853,-0.1393745
1356440732912,-0.7724504,-0.066007316,0.63163555,-0.630688,0.19643408,-0.75076383,-0.0745188,-0.97829276,-0.19336557
1356440732952,-0.8022015,-0.11221324,0.5864135,-0.59556097,0.21979266,-0.7726566,-0.042187065,-0.9690713,-0.24314779
1356440732992,-0.8162711,-0.14689837,0.55867916,-0.57741505,0.23616064,-0.78154975,-0.01712966,-0.9605462,-0.27759248
1356440733053,-0.8076934,-0.1681729,0.56510985,-0.5895818,0.23843002,-0.7717153,-0.0049575567,-0.9564879,-0.29173
1356440733072,-0.77725625,-0.17819376,0.60342336,-0.62917155,0.2262038,-0.7436229,-0.0039876997,-0.9576423,-0.28793275
1356440733114,-0.720606,-0.17634243,0.67054474,-0.6932506,0.19919115,-0.69262296,-0.01142779,-0.9639638,-0.26578784
1356440733151,-0.64575326,-0.16557604,0.7453773,-0.76327974,0.16576874,-0.62443954,-0.020168036,-0.9721653,-0.23342657
1356440733192,-0.55675286,-0.14671478,0.8176192,-0.8302705,0.12912148,-0.54219794,-0.026023775,-0.9807153,-0.19370174
1356440733232,-0.4627415,-0.12242302,0.8779993,-0.8860811,0.09406757,-0.45388475,-0.027025282,-0.98801005,-0.15200567
1356440733272,-0.3717082,-0.09548372,0.92342615,-0.9280556,0.063253105,-0.36703122,-0.023364067,-0.9934193,-0.11212587
1356440733312,-0.29209793,-0.069173545,0.9538835,-0.95624435,0.038429976,-0.2900341,-0.016595036,-0.9968642,-0.07737219
1356440733352,-0.23046297,-0.046416014,0.9719734,-0.9730524,0.018661678,-0.22982764,-0.0074709654,-0.9987478,-0.049466014
1356440733392,-0.19185102,-0.02940315,0.9809835,-0.98141533,0.0015279651,-0.19188961,0.004143268,-0.99956644,-0.02914983
1356440733432,-0.17890513,-0.019366354,0.9836757,-0.9836824,-0.015810013,-0.17921755,0.019022703,-0.99968743,-0.01622188
1356440733475,-0.19398737,-0.017297357,0.98085153,-0.9802482,-0.03582263,-0.19449979,0.038501054,-0.9992084,-0.010006547
1356440733513,-0.23553765,-0.022491008,0.971605,-0.9699762,-0.056862652,-0.23645902,0.060566247,-0.99812865,-0.008422434
1356440733572,-0.301408,-0.03515923,0.9528469,-0.94985986,-0.076110125,-0.30327153,0.08318403,-0.9964794,-0.010456145
1356440733589,-0.3790636,-0.050781757,0.9239762,-0.91997516,-0.08698624,-0.38220298,0.09978211,-0.9949144,-0.013744652
1356440733639,-0.43989998,-0.06073937,0.8959903,-0.89211416,-0.08493537,-0.4437547,0.10305464,-0.9945334,-0.016823411
1356440733676,-0.47514957,-0.061728746,0.8777371,-0.8746344,-0.07588625,-0.47880682,0.096164346,-0.99520385,-0.017932713
1356440733720,-0.4725179,-0.05246654,0.879758,-0.87780416,-0.06107235,-0.47511065,0.078656316,-0.99675345,-0.01719755
1356440733762,-0.4386791,-0.037825197,0.8978473,-0.89707565,-0.04056394,-0.440011,0.05306378,-0.99846065,-0.01613748
1356440733828,-0.3852051,-0.023721993,0.9225261,-0.92254716,-0.014894187,-0.38559687,0.022887379,-0.9996077,-0.016147375
1356440733844,-0.32237762,-0.013887793,0.94650924,-0.94653964,0.017012775,-0.32213837,-0.011628926,-0.9997588,-0.018629909
1356440733883,-0.25319582,-0.011297554,0.96734905,-0.96639276,0.04890901,-0.25237435,-0.044460803,-0.9987393,-0.023301363
1356440733924,-0.19698149,-0.016906142,0.98026145,-0.97754335,0.079754055,-0.19505978,-0.07488206,-0.9966712,-0.032236576
1356440733963,-0.15193275,-0.030943304,0.9879064,-0.98328507,0.106195,-0.14789575,-0.10033435,-0.99386376,-0.046560585
1356440734003,-0.13185641,-0.054690957,0.98975897,-0.9842726,0.12564275,-0.12418288,-0.11756432,-0.9905669,-0.070397556
1356440734040,-0.14034593,-0.08949429,0.9860496,-0.9825497,0.13536602,-0.12756193,-0.12206155,-0.9867456,-0.10693067
1356440734082,-0.18013811,-0.13616136,0.97417164,-0.9775281,0.13502526,-0.16188613,-0.10949516,-0.981442,-0.15742469
1356440734122,-0.24330398,-0.19125688,0.950907,-0.96652484,0.13012359,-0.22112814,-0.0814431,-0.97287655,-0.21651405
1356440734162,-0.3088538,-0.24466991,0.91910064,-0.94990635,0.12794268,-0.28514665,-0.047825396,-0.9611282,-0.2719291
1356440734202,-0.35017774,-0.28312525,0.89286935,-0.9364197,0.1284261,-0.32653454,-0.022217572,-0.95044565,-0.31009603
1356440734243,-0.35552827,-0.29988745,0.88524985,-0.934592,0.12594673,-0.332679,-0.011728078,-0.9456241,-0.32505
1356440734284,-0.32638347,-0.29395986,0.898366,-0.9450958,0.11794168,-0.30476835,-0.01636514,-0.94851327,-0.3163144
1356440734323,-0.2801935,-0.2715935,0.92072177,-0.9595048,0.108234346,-0.2600691,-0.029020667,-0.9563066,-0.2909218
1356440734363,-0.22152147,-0.23479536,0.9464668,-0.9741311,0.09775886,-0.20374471,-0.04468721,-0.96711653,-0.25037712
1356440734403,-0.16680565,-0.19100395,0.9673124,-0.98434913,0.08883175,-0.15220296,-0.05685669,-0.9775615,-0.20283222
1356440734446,-0.11806595,-0.14338559,0.98259914,-0.9911069,0.07818061,-0.107679725,-0.061380506,-0.98657405,-0.1513409
1356440734483,-0.08891046,-0.099808216,0.99102634,-0.9942479,0.0685451,-0.08229616,-0.059716165,-0.9926429,-0.10532844
1356440734522,-0.072981,-0.06271708,0.99535936,-0.9960085,0.05600691,-0.06949967,-0.051388204,-0.9964586,-0.06655419
1356440734563,-0.07400608,-0.03398469,0.9966786,-0.9965501,0.040166914,-0.07262689,-0.03756526,-0.99861485,-0.03684002
1356440734601,-0.09181106,-0.014761537,0.99566704,-0.9955915,0.02062887,-0.091498256,-0.019188821,-0.99967825,-0.016590416
1356440734643,-0.12638795,-0.0056699514,0.99196476,-0.99197745,-0.00193578,-0.12640062,0.0026368499,-0.9999821,-0.0053798556
1356440734682,-0.17791802,-0.0068026185,0.9840218,-0.98370355,-0.025122523,-0.17803416,0.025932193,-0.9996612,-0.0022220016
1356440734722,-0.24563354,-0.017920703,0.96919715,-0.9681145,-0.046188295,-0.2462132,0.049177915,-0.998772,-0.0060038567
1356440734762,-0.32600337,-0.037285388,0.94463307,-0.9426798,-0.0624879,-0.32779574,0.07125014,-0.997349,-0.014776945
1356440734826,-0.4124447,-0.06212616,0.9088619,-0.9064052,-0.071902454,-0.4162448,0.091209084,-0.995475,-0.026655734
1356440734838,-0.49417663,-0.08620992,0.86507654,-0.8628403,-0.07301408,-0.5001755,0.10628286,-0.993598,-0.038303554
1356440734882,-0.55915004,-0.102707505,0.82268006,-0.8212769,-0.06708741,-0.5665718,0.11338264,-0.9924467,-0.046839416
1356440734923,-0.6025012,-0.10817611,0.7907529,-0.7903269,-0.05723393,-0.6100063,0.11124602,-0.99248284,-0.051011026
1356440734962,-0.6220181,-0.10150528,0.7763957,-0.776812,-0.04444456,-0.62816226,0.09826833,-0.99384177,-0.051205277
1356440735003,-0.6210679,-0.08565557,0.77906215,-0.78009844,-0.028370619,-0.6250133,0.075638354,-0.99592084,-0.0491997
1356440735042,-0.60325253,-0.06487167,0.79490757,-0.7962285,-0.0083706975,-0.60493815,0.045897275,-0.9978585,-0.046603024
1356440735082,-0.5724214,-0.043741375,0.81879205,-0.81986225,0.015150905,-0.57236016,0.012630403,-0.99892795,-0.044534624
1356440735122,-0.5321289,-0.025685161,0.8462737,-0.8463937,0.041367173,-0.53094876,-0.02137047,-0.99881387,-0.04375249
1356440735162,-0.4864872,-0.013305873,0.8735864,-0.87201416,0.069253266,-0.48455682,-0.05405128,-0.99751043,-0.045293808
1356440735202,-0.44217104,-0.009540647,0.89688003,-0.89311004,0.09688187,-0.43928176,-0.0827004,-0.99525017,-0.051359236
1356440735244,-0.41040933,-0.018545419,0.9117128,-0.9060898,0.12098873,-0.40541708,-0.10278839,-0.99248064,-0.0664587
1356440735283,-0.39669472,-0.041588455,0.91700804,-0.91136754,0.13726807,-0.38802922,-0.10973844,-0.9896605,-0.09235591
1356440735325,-0.41351938,-0.08251497,0.90674865,-0.90535784,0.14290935,-0.3998802,-0.09658679,-0.9862902,-0.1338014
1356440735363,-0.4483598,-0.13427031,0.883711,-0.891184,0.14349669,-0.4303485,-0.06902659,-0.9805,-0.18399775
1356440735402,-0.49032384,-0.18852708,0.8509054,-0.8708451,0.14496899,-0.4696944,-0.03480479,-0.9713092,-0.23525959
1356440735443,-0.5177722,-0.23146719,0.8236108,-0.8554955,0.14713311,-0.4964667,-0.006264657,-0.9616521,-0.27420056
1356440735482,-0.5194214,-0.25481603,0.81564105,-0.85447013,0.14475203,-0.49892655,0.009068817,-0.956094,-0.29291993
1356440735522,-0.49465573,-0.2572065,0.8301569,-0.8690328,0.13551676,-0.47583324,0.0098872185,-0.9568072,-0.290555
1356440735562,-0.45133525,-0.24281764,0.85868275,-0.89235437,0.12238902,-0.43442446,3.925562E-4,-0.9623204,-0.27191782
1356440735612,-0.39366513,-0.21318203,0.89419305,-0.9191194,0.107919455,-0.37891012,-0.015723974,-0.9710339,-0.23842388
1356440735639,-0.33465022,-0.17591298,0.92577744,-0.9418111,0.09542,-0.32231474,-0.031638294,-0.9797702,-0.19760913
1356440735683,-0.27776533,-0.13390422,0.95127076,-0.95967734,0.08320385,-0.26850796,-0.04319501,-0.9874952,-0.15161598
1356440735722,-0.23345774,-0.09445804,0.9677681,-0.97113377,0.0727576,-0.22716829,-0.048954606,-0.9928665,-0.10871726
1356440735764,-0.20017928,-0.05985698,0.9779292,-0.9785763,0.061249435,-0.19656277,-0.048132002,-0.9963261,-0.07083547
1356440735827,-0.18084127,-0.032526523,0.98297423,-0.9825927,0.049184024,-0.17914364,-0.04251963,-0.9982599,-0.04085481
1356440735844,-0.17555964,-0.014508843,0.9843619,-0.9839825,0.03401053,-0.17499068,-0.030939788,-0.9993162,-0.02024734
1356440735880,-0.1838234,-0.004845768,0.98294735,-0.9828373,0.016660452,-0.18372068,-0.015486121,-0.99984944,-0.007825196
1356440735922,-0.20524436,-0.0045845807,0.97870004,-0.9786979,-0.00416708,-0.20526344,0.0050193667,-0.99998087,-0.0036316514
1356440735964,-0.2404548,-0.013084412,0.9705721,-0.9702181,-0.026940107,-0.24073029,0.029297143,-0.9995514,-0.0062168837
1356440736002,-0.28829622,-0.029560328,0.9570849,-0.9559164,-0.04931885,-0.2894675,0.055759102,-0.99834555,-0.014038742
1356440736042,-0.34505808,-0.05164218,0.93715954,-0.9350508,-0.06760943,-0.3480072,0.081332654,-0.9963745,-0.024958849
1356440736083,-0.40331805,-0.07486999,0.9119917,-0.9093895,-0.07798523,-0.40856948,0.10171151,-0.9941392,-0.036633074
1356440736122,-0.4534769,-0.09321454,0.8863802,-0.8841053,-0.078784406,-0.4605983,0.1127674,-0.9925241,-0.046684563
1356440736162,-0.48825008,-0.102362305,0.8666797,-0.86539745,-0.071447074,-0.49596626,0.11268997,-0.992178,-0.05370009
1356440736204,-0.5042261,-0.10102433,0.8576422,-0.8576861,-0.057167232,-0.5109858,0.100650996,-0.9932402,-0.05782193
1356440736243,-0.5037601,-0.092650026,0.85886073,-0.86011875,-0.038433015,-0.508644,0.08013445,-0.99495673,-0.06032902
1356440736284,-0.4880802,-0.07912883,0.8692044,-0.8713156,-0.013859093,-0.49052733,0.05086127,-0.99676806,-0.06218183
1356440736323,-0.46074587,-0.06542906,0.88511705,-0.88733184,0.012775123,-0.46095443,0.018852353,-0.99777544,-0.063943386
1356440736362,-0.4269535,-0.05359137,0.90268415,-0.9041578,0.041270435,-0.42520037,-0.014467061,-0.99770975,-0.06607556
1356440736403,-0.38911158,-0.045709252,0.92005587,-0.9200064,0.06991005,-0.38561746,-0.046694905,-0.9965055,-0.06925565
1356440736442,-0.3530702,-0.044035017,0.93455994,-0.9325394,0.09725213,-0.34772444,-0.07557592,-0.9942851,-0.07540125
1356440736484,-0.32602632,-0.05215913,0.9439206,-0.9403404,0.120655954,-0.31812254,-0.097296596,-0.9913231,-0.08838433
1356440736524,-0.314026,-0.07346192,0.946568,-0.94339216,0.13626105,-0.30239734,-0.10676563,-0.98794544,-0.11209291
1356440736562,-0.32244658,-0.111194104,0.9400341,-0.9414177,0.14131993,-0.30620483,-0.09879738,-0.98369944,-0.15024823
1356440736603,-0.34645283,-0.16241089,0.92390096,-0.9350598,0.13859499,-0.32627395,-0.075057596,-0.9769412,-0.19988048
1356440736661,-0.3739513,-0.21692654,0.90172243,-0.926376,0.13410506,-0.35191375,-0.044586092,-0.9669326,-0.2511043
1356440736679,-0.38767678,-0.2585159,0.88480294,-0.9215556,0.13058615,-0.3656262,-0.021022826,-0.95713985,-0.28886205
1356440736721,-0.3812894,-0.27810156,0.88163364,-0.92439306,0.12579891,-0.36010015,-0.010764122,-0.9522784,-0.30504096
1356440736756,-0.35905585,-0.27753732,0.891096,-0.9332453,0.11852422,-0.33912426,-0.011496872,-0.95337564,-0.3015672
1356440736802,-0.3244806,-0.25805348,0.91001135,-0.94567937,0.10891509,-0.30631348,-0.020068645,-0.9599718,-0.2793767
1356440736829,-0.29124764,-0.23130313,0.92826384,-0.9561907,0.1003761,-0.27499825,-0.0295676,-0.9676898,-0.25040424
1356440736874,-0.25184122,-0.19163129,0.948606,-0.9669957,0.088991195,-0.23874605,-0.038666368,-0.97742414,-0.20771831
1356440736913,-0.21958122,-0.14800286,0.9643024,-0.97458375,0.07825193,-0.20991212,-0.044390917,-0.9858863,-0.16142386
1356440736952,-0.19574976,-0.10494995,0.97502184,-0.97960174,0.066970885,-0.1894606,-0.04541421,-0.9922199,-0.115918696
1356440736993,-0.1839304,-0.06697291,0.980655,-0.9820549,0.054834187,-0.18044809,-0.041688263,-0.99624693,-0.075856745
1356440737032,-0.18480426,-0.037059367,0.9820764,-0.9822069,0.040949285,-0.18328351,-0.033422947,-0.9984737,-0.043967605
1356440737073,-0.19832599,-0.016952723,0.9799895,-0.97992015,0.024418592,-0.19788957,-0.020575196,-0.9995581,-0.021455169
1356440737112,-0.2238791,-0.0069719553,0.974592,-0.9746085,0.005760789,-0.2238417,-0.004053831,-0.9999591,-0.008084655
1356440737152,-0.25999582,-0.0073100924,0.9655821,-0.9654846,-0.014128804,-0.26007655,0.015543699,-0.9998735,-0.0033843517
1356440737191,-0.3058262,-0.01749459,0.9519266,-0.95135665,-0.033549786,-0.30625963,0.037294835,-0.9992839,-0.0063831806
1356440737234,-0.36019093,-0.037239343,0.9321351,-0.930866,-0.051252365,-0.3617481,0.06124541,-0.9979912,-0.016204178
1356440737272,-0.41895694,-0.06248197,0.90585375,-0.9040117,-0.0647707,-0.42257258,0.085075945,-0.9959421,-0.029348314
1356440737314,-0.47645456,-0.08965704,0.87461567,-0.87271154,-0.07239741,-0.48283872,0.10660979,-0.99333787,-0.043750644
1356440737353,-0.5270497,-0.11145854,0.84249365,-0.84117365,-0.0727523,-0.5358488,0.12101826,-0.9911024,-0.055411935
