1356441400368,0.7816024,0.014268488,-0.6236138,-0.62377703,0.01787854,-0.78139794,0.0,0.99973845,0.022874236
1356441400409,0.4187552,0.02083984,-0.90786,-0.9080992,0.009613305,-0.41864485,3.0398369E-6,0.9997366,0.022950262
1356441400449,0.41830918,0.021250695,-0.9080561,-0.9083047,0.009794623,-0.4181945,7.1525574E-6,0.9997262,0.023399264
1356441400489,0.41699806,0.022376806,-0.9086319,-0.9089074,0.010223597,-0.4168727,-3.877282E-5,0.9996973,0.024601638
1356441400529,0.4146466,0.024325311,-0.9096574,-0.90998256,0.010819405,-0.41450548,-2.4098158E-4,0.9996456,0.026621789
1356441400569,0.41148663,0.026957452,-0.911017,-0.9114155,0.0114328265,-0.41132826,-6.7287683E-4,0.99957114,0.029273927
1356441400609,0.40770823,0.0301539,-0.9126143,-0.9131113,0.012032509,-0.40753275,-0.0013076067,0.9994729,0.03243962
1356441400649,0.4033002,0.03381297,-0.9144428,-0.9150654,0.012672275,-0.4031062,-0.0020421743,0.9993478,0.03605181
1356441400689,0.39833036,0.03767261,-0.91646814,-0.9172379,0.013356656,-0.3981159,-0.0027570426,0.99920094,0.03987506
1356441400729,0.3929308,0.041563928,-0.9186282,-0.91956156,0.014010966,-0.39269605,-0.003451109,0.9990376,0.043725967
1356441400769,0.38737378,0.045347154,-0.92080677,-0.92191297,0.014460474,-0.387127,-0.0042398274,0.99886656,0.047407717
1356441400809,0.38217613,0.04886055,-0.9227969,-0.92407453,0.014518291,-0.38193658,-0.005264163,0.99870014,0.050699294
1356441400849,0.37803555,0.051841438,-0.92433846,-0.9257672,0.0139965415,-0.37783483,-0.0066500306,0.9985572,0.053284347
1356441400890,0.37566915,0.053970337,-0.92518103,-0.9267149,0.012715071,-0.37555024,-0.008504778,0.9984616,0.05479172
1356441400929,0.37561998,0.05497548,-0.9251418,-0.9267106,0.010629028,-0.3756254,-0.0108168125,0.9984312,0.054938823
1356441400969,0.37794724,0.054866612,-0.92419994,-0.9257303,0.007961601,-0.37810043,-0.013387024,0.99846196,0.05380079
1356441401009,0.38208652,0.053981245,-0.9225486,-0.92398953,0.005124271,-0.3823835,-0.015914083,0.99852884,0.051835984
1356441401056,0.38717723,0.052646846,-0.920501,-0.92182755,0.0025032163,-0.38759205,-0.018101335,0.99861,0.049500525
1356441401089,0.39238742,0.0509305,-0.9183889,-0.91958755,2.6115775E-4,-0.3928851,-0.019769967,0.99870217,0.046937525
1356441401129,0.39705944,0.048715174,-0.91649914,-0.91755414,-0.0017069578,-0.3976073,-0.020933896,0.99881124,0.04402104
1356441401168,0.40060297,0.04604748,-0.91509396,-0.9159936,-0.0035802424,-0.40117693,-0.021749437,0.99893284,0.04074493
1356441401209,0.40333524,0.043248326,-0.91402966,-0.9147786,-0.0053712428,-0.40391985,-0.022378385,0.9990499,0.037396252
1356441401249,0.40081573,0.040531546,-0.9152617,-0.9158722,-0.0072531104,-0.40140435,-0.022908032,0.99915195,0.034214586
1356441401310,0.39793098,0.03766334,-0.91664195,-0.9171173,-0.009136081,-0.39851272,-0.023383826,0.99924874,0.03090617
1356441401330,0.39445737,0.03392011,-0.918288,-0.9186085,-0.011222094,-0.39500958,-0.023703873,0.9993616,0.026732653
1356441401370,0.39082962,0.02838254,-0.92002535,-0.9201662,-0.013335049,-0.39130086,-0.023374677,0.9995082,0.020904899
1356441401400,0.38558298,0.021865368,-0.922414,-0.9224045,-0.0149850845,-0.38593417,-0.022261083,0.9996485,0.014390767
1356441401430,0.38078216,0.014066637,-0.9245577,-0.92444783,-0.015864342,-0.38097826,-0.020026654,0.9997752,0.0069630444
1356441401469,0.39174235,0.0034746826,-0.9200684,-0.9199436,-0.01541692,-0.39174744,-0.015545845,0.99987507,-0.0028429627
1356441401510,0.37267432,-0.009263128,-0.927916,-0.92791545,-0.013759822,-0.37253675,-0.0093171,0.99986243,-0.013723314
1356441401550,0.35563183,-0.022441179,-0.9343567,-0.934625,-0.010041058,-0.3554928,-0.0014042258,0.9996977,-0.024545014
1356441401590,0.33772138,-0.03501287,-0.9405947,-0.9412098,-0.0037881434,-0.33780113,0.008264244,0.99937963,-0.03423378
1356441401620,0.31718037,-0.04543051,-0.9472765,-0.94819367,0.0038108528,-0.31767023,0.01804185,0.99896026,-0.04186821
1356441401660,0.2964688,-0.05325231,-0.9535567,-0.9545946,0.014052212,-0.29757622,0.029246151,0.9984822,-0.04666826
1356441401690,0.27291062,-0.05812329,-0.96028197,-0.9612232,0.024634391,-0.27466917,0.039620608,0.9980054,-0.049146414
1356441401730,0.24804458,-0.058897972,-0.9669566,-0.96745884,0.03642997,-0.25039244,0.049973875,0.9975991,-0.04794514
1356441401760,0.22259861,-0.05710891,-0.97323596,-0.97309697,0.04784143,-0.2253741,0.05943176,0.997221,-0.044922978
1356441401800,0.19640526,-0.05140996,-0.97917414,-0.9780462,0.060661167,-0.19936398,0.06964716,0.9968337,-0.038367152
1356441401830,0.17170626,-0.043946415,-0.98416746,-0.9819399,0.07292402,-0.1745739,0.07944131,0.99636877,-0.030631244
1356441401870,0.14597234,-0.032859266,-0.9887428,-0.9852509,0.08537856,-0.14829424,0.08929029,0.9958066,-0.019911677
1356441401900,0.12280437,-0.021210581,-0.99220425,-0.9877417,0.09446159,-0.12427139,0.0963611,0.99530256,-0.00935033
1356441401940,0.09923786,-0.007539183,-0.9950352,-0.99032676,0.09670836,-0.099501014,0.09697831,0.9952842,0.0021308959
1356441401970,0.07948187,0.0050091147,-0.99682367,-0.9924993,0.0935767,-0.078666836,0.092885375,0.9955995,0.01240921
1356441402010,0.061826736,0.016847014,-0.9979447,-0.99487317,0.081212014,-0.06026545,0.080029756,0.9965545,0.021781743
1356441402040,0.050628364,0.025533974,-0.9983911,-0.9966133,0.06615126,-0.048846394,0.06479758,0.9974829,0.028796613
1356441402080,0.04583469,0.030305177,-0.99848926,-0.9979551,0.045967847,-0.044414997,0.044552356,0.9984832,0.032350153
1356441402110,0.04732895,0.032539785,-0.9983492,-0.99858385,0.025852084,-0.046497405,0.024296373,0.99913603,0.033717245
1356441402140,0.052296728,0.033068866,-0.99808395,-0.9986243,0.005537361,-0.052141607,0.003802538,0.99943775,0.033312917
1356441402170,0.059494495,0.032642215,-0.99769473,-0.9980782,-0.015401721,-0.06002125,-0.01732549,0.9993484,0.03166318
1356441402200,0.067338645,0.03196165,-0.9972181,-0.9969536,-0.03727013,-0.0685153,-0.03935629,0.99879396,0.029354572
1356441402230,0.07400364,0.031659156,-0.9967553,-0.9953222,-0.05990106,-0.07579982,-0.06210643,0.9977021,0.027078152
1356441402261,0.07755792,0.03228903,-0.9964649,-0.99337435,-0.08251637,-0.07999122,-0.084807456,0.9960666,0.025675237
1356441402324,0.07406205,0.035476327,-0.99662244,-0.9914179,-0.10533726,-0.077424884,-0.10772827,0.9938035,0.027370393
1356441402340,0.058880568,0.04188654,-0.997386,-0.99026537,-0.123782635,-0.063658655,-0.12612545,0.991425,0.034190297
1356441402377,0.02904272,0.052233964,-0.99821246,-0.99038076,-0.13365513,-0.035808682,-0.13528669,0.98965037,0.047849834
1356441402419,-0.018752038,0.06767291,-0.99753135,-0.9911675,-0.13226426,0.009659499,-0.13128406,0.98890173,0.06955537
1356441402459,-0.08829683,0.0897719,-0.99204063,-0.98971784,-0.12041515,0.0771935,-0.11252698,0.9886563,0.099481106
1356441402499,-0.1814081,0.11938375,-0.97613454,-0.9799779,-0.10477644,0.169308,-0.08206323,0.98730415,0.13600072
1356441402539,-0.2922551,0.15407461,-0.9438474,-0.9551843,-0.095541894,0.28016916,-0.047010034,0.9834291,0.17509222
1356441402579,-0.40157807,0.18533036,-0.89687663,-0.9156742,-0.09900832,0.38953567,-0.016605437,0.9776758,0.20946181
1356441402619,-0.48792505,0.20401922,-0.8487079,-0.87288153,-0.11112064,0.47511047,0.0026226342,0.97263986,0.2323032
1356441402660,-0.54300135,0.20616329,-0.81403077,-0.8396841,-0.12297821,0.52896774,0.008945614,0.97075903,0.23988944
1356441402699,-0.5700666,0.1926212,-0.79869974,-0.82158566,-0.12820917,0.55548126,0.004596859,0.97286147,0.2313425
1356441402739,-0.5752876,0.1656276,-0.8010066,-0.81792396,-0.12447649,0.56169915,-0.006673634,0.97830105,0.20708066
1356441402779,-0.56538177,0.128328,-0.8147854,-0.82456994,-0.112701714,0.55442095,-0.02068001,0.9853071,0.16953498
1356441402820,-0.5504724,0.08616081,-0.83039546,-0.8342023,-0.09604269,0.5430306,-0.03296545,0.99164116,0.124744356
1356441402857,-0.5422622,0.04579732,-0.8389604,-0.8392569,-0.07705766,0.53824735,-0.039998025,0.9959743,0.08022112
1356441402899,-0.5488832,0.012219399,-0.8358097,-0.834931,-0.0561229,0.54748565,-0.040218145,0.99834913,0.04100728
1356441402939,-0.5751308,-0.011878729,-0.8179753,-0.8173382,-0.033694863,0.5751722,-0.034393817,0.99936163,0.0096699
1356441402979,-0.6218933,-0.025172412,-0.7826973,-0.78272444,-0.011054993,0.6222703,-0.024316758,0.99962205,-0.012828112
1356441403019,-0.6871898,-0.027349561,-0.725963,-0.7263793,0.009394288,0.68722993,-0.011975527,0.9995819,-0.026321888
1356441403059,-0.76351666,-0.019439578,-0.6454955,-0.6457869,0.024941027,0.7631102,0.0012648106,0.99949986,-0.03159672
1356441403099,-0.8387944,-0.004415363,-0.5444305,-0.54425585,0.03339261,0.8382545,0.014478743,0.9994326,-0.030412674
1356441403139,-0.9019348,0.014207557,-0.4316386,-0.4310102,0.033508897,0.9017247,0.027275056,0.99933743,-0.02409929
1356441403179,-0.9480793,0.033867463,-0.31622556,-0.31550074,0.025092125,0.9485935,0.040061235,0.9991113,-0.013104141
1356441403219,-0.9774145,0.053494588,-0.20444892,-0.20426123,0.00901109,0.978875,0.054206833,0.99852747,0.0021192431
1356441403259,-0.9922301,0.07202902,-0.10144592,-0.10260453,-0.012562156,0.9946429,0.070368774,0.99732345,0.019854963
1356441403310,-0.9961337,0.08668959,-0.01423778,-0.017363895,-0.035414398,0.99922186,0.08611791,0.99560577,0.036782682
1356441403341,-0.9941856,0.09464686,0.051352028,0.046343558,-0.054377913,0.99744445,0.0971974,0.9940247,0.049675405
1356441403380,-0.99108624,0.09451221,0.09389088,0.08793011,-0.0653801,0.99397874,0.10008172,0.99337447,0.056486845
1356441403420,-0.9896715,0.0861598,0.11457178,0.10899595,-0.06686461,0.9917908,0.0931133,0.994035,0.05678302
1356441403450,-0.9897128,0.07424406,0.122295804,0.11772818,-0.06307584,0.9910406,0.0812928,0.9952433,0.0536865
1356441403480,-0.99145406,0.059086293,0.11630766,0.11311716,-0.054751873,0.9920719,0.064985916,0.9967502,0.04760033
1356441403510,-0.99439853,0.04127375,0.09730351,0.09551536,-0.043287992,0.9944863,0.045258254,0.99820966,0.03910333
1356441403550,-0.9982665,0.017073786,0.05632446,0.05584321,-0.027461946,0.99806184,0.018587478,0.9994771,0.026460886
1356441403580,-0.9999493,-0.008131625,-0.005938147,-0.0058257123,-0.013781428,0.999888,-0.0082125515,0.9998719,0.013733447
1356441403610,-0.99568254,-0.034479726,-0.08618359,-0.08606343,-0.0049569607,0.99627733,-0.034778576,0.9993931,0.0019680858
1356441403640,-0.9807935,-0.06008856,-0.18556303,-0.18567003,-0.0038467646,0.9826047,-0.059757113,0.9981857,-0.0073838234
1356441403670,-0.95087266,-0.081682116,-0.29861206,-0.29860365,-0.01260525,0.95429397,-0.08171282,0.9965787,-0.012404621
1356441403700,-0.9067476,-0.094249964,-0.41100597,-0.4100139,-0.030561388,0.9115671,-0.09847607,0.9950794,-0.010932386
1356441403740,-0.86947227,-0.08759387,-0.48615372,-0.48304594,-0.055173576,0.873855,-0.103367195,0.99462724,0.0056599975
1356441403780,-0.85112065,-0.059314266,-0.5216087,-0.516633,-0.081739366,0.85229635,-0.09318927,0.99488723,0.038926244
1356441403821,-0.85797995,-0.016097248,-0.5134308,-0.5088521,-0.110121965,0.85378134,-0.07028359,0.99378765,0.08629137
1356441403860,-0.8747152,0.029895604,-0.48371434,-0.4827237,-0.1423527,0.86412585,-0.04302448,0.9893644,0.1389494
1356441403890,-0.88131076,0.0678457,-0.46764103,-0.4720558,-0.17105663,0.86481375,-0.02131921,0.9829224,0.18278104
1356441403930,-0.8746647,0.09438683,-0.47545016,-0.48462462,-0.19058812,0.8537068,-0.0100364685,0.977122,0.21244282
1356441403960,-0.85522354,0.1134007,-0.50570035,-0.51822394,-0.1984989,0.83189064,-0.0060440153,0.97351855,0.22852796
1356441404000,-0.81496984,0.12110935,-0.5667069,-0.5793933,-0.18934292,0.79275,-0.011292487,0.9744135,0.22447872
1356441404039,-0.750549,0.118383646,-0.6501243,-0.6604734,-0.16601312,0.7322668,-0.02124077,0.97899187,0.2027902
1356441404079,-0.66378695,0.10515997,-0.7404918,-0.74726415,-0.13475305,0.6507211,-0.03135377,0.98528314,0.16802967
1356441404118,-0.5630725,0.083304554,-0.82219803,-0.82552505,-0.10266316,0.5549492,-0.038179696,0.9912217,0.12657684
1356441404159,-0.46136504,0.05662048,-0.88540184,-0.8863106,-0.07434988,0.45708388,-0.03994918,0.9956235,0.08448571
1356441404199,-0.37085253,0.029311806,-0.9282291,-0.92796946,-0.051109016,0.3691349,-0.036620885,0.9982629,0.04615438
1356441404239,-0.30054873,0.0049004555,-0.9537538,-0.95331335,-0.03236246,0.30024365,-0.029394537,0.99946415,0.014398158
1356441404308,-0.2585563,-0.013489932,-0.965902,-0.96582365,-0.015285611,0.25874883,-0.018254906,0.99979216,-0.009076655
1356441404321,-0.24708706,-0.026265949,-0.9686372,-0.9689641,-0.0010583997,0.24719915,-0.0075181127,0.9996544,-0.02518928
1356441404360,-0.26351082,-0.030854613,-0.9641628,-0.96464825,0.012552083,0.2632418,0.0039800406,0.9994451,-0.03307146
1356441404400,-0.31450456,-0.026526451,-0.9488852,-0.94909996,0.026907206,0.31382352,0.017207235,0.9992859,-0.033638656
1356441404440,-0.40061843,-0.012113482,-0.91616493,-0.9156414,0.0415802,0.39983973,0.03325087,0.9990617,-0.02774942
1356441404480,-0.51518834,0.012355298,-0.8569879,-0.8555175,0.05287665,0.51506674,0.05167848,0.99852467,-0.01667124
1356441404509,-0.630367,0.039648145,-0.7752842,-0.7732742,0.055982232,0.6315956,0.068443775,0.9976443,-0.004630506
1356441404549,-0.729181,0.06684217,-0.68104863,-0.67931795,0.04941827,0.7321782,0.0825966,0.996539,0.009372234
1356441404589,-0.8001019,0.08577585,-0.5936998,-0.5930129,0.03605461,0.8043853,0.090402454,0.99566185,0.02201879
1356441404629,-0.83839744,0.09209943,-0.53722197,-0.5376511,0.0222103,0.8428748,0.089560166,0.99550205,0.030896306
1356441404669,-0.84858495,0.08589958,-0.5220391,-0.52307904,0.011718452,0.8522036,0.0793214,0.9962349,0.034988165
1356441404709,-0.8344556,0.06973857,-0.54664487,-0.54772216,0.004305005,0.8366493,0.060700074,0.9975561,0.034604907
1356441404749,-0.7961992,0.047360837,-0.60317814,-0.60395384,-0.0026516318,0.7970149,0.036147892,0.99887437,0.03071493
1356441404789,-0.7313261,0.022723109,-0.6816493,-0.6819781,-0.012281835,0.7312695,0.008244842,0.99966633,0.024478614
1356441404829,-0.6381184,-2.7140975E-4,-0.76993823,-0.76964223,-0.027502358,0.63788277,-0.021348178,0.9996217,0.017340839
1356441404869,-0.5231858,-0.01675567,-0.8520539,-0.85069764,-0.049438655,0.5233252,-0.05089304,0.9986366,0.011611581
1356441404909,-0.4070714,-0.02195245,-0.91313255,-0.91006047,-0.075615644,0.40751973,-0.077993155,0.99689543,0.010802925
1356441404949,-0.31445253,-0.012529612,-0.9491905,-0.94417304,-0.09938359,0.3141022,-0.09826955,0.9949703,0.019421339
1356441404989,-0.26276863,0.012373418,-0.9647796,-0.9590324,-0.1130718,0.25975308,-0.10587525,0.99350977,0.041578174
1356441405029,-0.25586396,0.05162072,-0.9653336,-0.9618554,-0.113571644,0.2488688,-0.09678769,0.99218786,0.0787105
1356441405069,-0.28482264,0.10137662,-0.9532046,-0.95577633,-0.10603559,0.27431384,-0.07326454,0.98918116,0.12709469
1356441405109,-0.32371563,0.15168914,-0.9339158,-0.94506645,-0.099161744,0.31147453,-0.0453614,0.9834416,0.17545646
1356441405149,-0.3447613,0.19092387,-0.91906893,-0.93839985,-0.09445888,0.33239022,-0.02335304,0.97704947,0.21172869
1356441405189,-0.3308503,0.21168989,-0.91963327,-0.94359726,-0.08736497,0.31936118,-0.012738198,0.9734242,0.22865474
1356441405229,-0.28051668,0.21223366,-0.9360915,-0.9597565,-0.07556707,0.27047548,-0.013333678,0.97429276,0.2248905
1356441405268,-0.20147985,0.1939261,-0.96010345,-0.97925746,-0.0613631,0.19310495,-0.021466792,0.9790951,0.20226696
1356441405311,-0.12496942,0.16049182,-0.97909397,-0.9916581,-0.051608264,0.11811349,-0.031573117,0.985687,0.16560248
1356441405350,-0.032547593,0.12195709,-0.9920016,-0.99873316,-0.042080104,0.027595103,-0.03837806,0.991643,0.123172194
1356441405380,0.03698331,0.085901916,-0.9956169,-0.9984817,-0.037523925,-0.04032737,-0.040823698,0.9955967,0.084383756
1356441405420,0.093214065,0.051522672,-0.99431205,-0.99500495,-0.031012326,-0.094885945,-0.03572476,0.99819016,0.048374563
1356441405478,0.13158718,0.021107018,-0.9910799,-0.99098796,-0.022466987,-0.13205352,-0.02505377,0.99952483,0.01796043
1356441405499,0.15296897,-0.003407061,-0.9882251,-0.98816323,-0.012236387,-0.15291724,-0.011571288,0.9999193,-0.005238533
1356441405539,0.15861815,-0.02072379,-0.9871224,-0.9873358,-4.324913E-4,-0.15864334,0.002860725,0.99978507,-0.020529896
1356441405576,0.14969596,-0.030286998,-0.98826814,-0.98857844,0.013033599,-0.15014246,0.01742807,0.9994563,-0.027989954
1356441405619,0.12675765,-0.031826764,-0.991423,-0.9914198,0.028107136,-0.12765956,0.031929106,0.9990982,-0.027990907
1356441405659,0.089767605,-0.025271177,-0.99564207,-0.9948751,0.04443118,-0.09082618,0.04653278,0.99869275,-0.021153122
1356441405699,0.037927926,-0.010158062,-0.9992289,-0.9973309,0.0620479,-0.03848669,0.062390983,0.9980215,-0.0077775717
1356441405738,-0.027955562,0.012896001,-0.999526,-0.9964132,0.07953587,0.028894603,0.07987082,0.9967486,0.0106262565
1356441405779,-0.10153848,0.04061255,-0.99400234,-0.9901264,0.09293783,0.1049397,0.096642345,0.99484336,0.030774772
1356441405819,-0.16918385,0.06615439,-0.98336184,-0.9796289,0.098232746,0.1751501,0.10818532,0.9929622,0.048187375
1356441405858,-0.21589023,0.082348794,-0.9729389,-0.9701568,0.09456825,0.22327703,0.11039576,0.9921066,0.059474885
1356441405899,-0.23348862,0.085856795,-0.9685617,-0.96708584,0.083097994,0.24049896,0.101134,0.99283606,0.063628435
1356441405939,-0.2229675,0.07821855,-0.97168267,-0.9714422,0.06514841,0.22815669,0.08114967,0.9948052,0.061458886
1356441405979,-0.19083375,0.063485086,-0.9795673,-0.9801765,0.04181868,0.19366267,0.053258866,0.9971063,0.054246187
1356441406019,-0.14583933,0.04641211,-0.988219,-0.98906946,0.015108347,0.1466744,0.021737814,0.99880815,0.04370141
1356441406058,-0.0957976,0.029908925,-0.99495137,-0.9953356,-0.014327824,0.09540391,-0.0114021,0.99944997,0.031141996
1356441406099,-0.047435522,0.016660392,-0.9987353,-0.9978773,-0.045452,0.04663658,-0.044617534,0.9988276,0.018781066
1356441406139,-0.008076966,0.010057479,-0.99991685,-0.99715686,-0.075000525,0.007300228,-0.07492083,0.9971328,0.010634601
1356441406179,0.015709937,0.014218003,-0.9997755,-0.9951775,-0.096604705,-0.017011523,-0.096824884,0.99522126,0.012631744
1356441406219,0.020017922,0.032966226,-0.999256,-0.99438524,-0.10321772,-0.023325592,-0.10390985,0.9941124,0.03071493
1356441406259,0.0050101876,0.06784898,-0.99768305,-0.9956307,-0.09269208,-0.011303544,-0.093244225,0.9933804,0.0670881
1356441406310,-0.023533463,0.11511505,-0.99307334,-0.99732137,-0.071516275,0.015344113,-0.06925461,0.9907744,0.1164898
1356441406340,-0.053996503,0.16376603,-0.98502034,-0.9976325,-0.050920546,0.046222,-0.042588174,0.9851842,0.16612783
1356441406380,-0.074658036,0.200447,-0.9768557,-0.9969332,-0.038047194,0.06838542,-0.023459017,0.97896546,0.20267284
1356441406420,-0.0806697,0.21741825,-0.9727393,-0.9966108,-0.03335941,0.07519311,-0.016101658,0.9755083,0.21937248
1356441406460,-0.07368487,0.21359703,-0.974139,-0.9971007,-0.03437704,0.06788397,-0.018988222,0.9763168,0.21551087
1356441406500,-0.058472276,0.1919604,-0.9796592,-0.99791604,-0.038061798,0.052103907,-0.027285784,0.9806644,0.19378597
1356441406540,-0.04077339,0.15798053,-0.9866001,-0.99854445,-0.041333556,0.03464845,-0.035305917,0.9865768,0.15943587
1356441406580,-0.025850832,0.11840987,-0.9926283,-0.9989189,-0.041437924,0.021071583,-0.03863734,0.9920999,0.119353026
1356441406620,-0.016823292,0.079133004,-0.9967221,-0.9992273,-0.03674388,0.013948321,-0.03551963,0.9961866,0.07969001
1356441406660,-0.014724493,0.044169217,-0.9989155,-0.9995301,-0.027511358,0.013517082,-0.026884496,0.9986451,0.044553548
1356441406700,-0.019527555,0.015947402,-0.9996821,-0.9996956,-0.0153926015,0.019282192,-0.015080154,0.9997543,0.01624307
1356441406740,-0.030875742,-0.0043207705,-0.9995139,-0.99952114,-0.0019251108,0.030884326,-0.002057612,0.99998885,-0.0042592883
1356441406780,-0.048189163,-0.016437113,-0.998703,-0.99876815,0.01263845,0.047984272,0.01183334,0.99978507,-0.017025948
1356441406819,-0.07100129,-0.021149993,-0.9972519,-0.9971185,0.028277457,0.07039213,0.026710927,0.9993763,-0.02309674
1356441406858,-0.09852427,-0.019169956,-0.99495006,-0.99421585,0.044851482,0.09758741,0.042754322,0.99880975,-0.023478031
1356441406899,-0.1303463,-0.010724992,-0.9914105,-0.98965085,0.061927617,0.12944505,0.060007364,0.9980229,-0.018685997
1356441406939,-0.16576391,0.0033622682,-0.9861597,-0.9831445,0.07764906,0.16552183,0.077130914,0.99697506,-0.00956583
1356441406979,-0.2028901,0.020991802,-0.9789764,-0.974948,0.08875406,0.20395839,0.091169536,0.9958323,0.002458632
1356441407019,-0.23896039,0.03839615,-0.9702699,-0.9659729,0.09244031,0.24156013,0.098967075,0.9949777,0.015000045
1356441407059,-0.27116722,0.051760197,-0.96113956,-0.9574684,0.087788224,0.2748591,0.09860352,0.99479353,0.025753438
1356441407098,-0.29823905,0.058388084,-0.9527036,-0.9502529,0.07579309,0.302117,0.0898484,0.9954126,0.032878995
1356441407139,-0.3200878,0.057287723,-0.9456543,-0.9445882,0.057383955,0.32320324,0.07278097,0.9967072,0.035745323
1356441407179,-0.3386801,0.049485892,-0.93959934,-0.9396142,0.03443247,0.3404989,0.04920262,0.9981811,0.034836054
1356441407219,-0.35638463,0.036799014,-0.93361443,-0.9340854,0.009263217,0.3569295,0.021782935,0.99927974,0.03107208
1356441407259,-0.37523794,0.020860672,-0.92669374,-0.9269001,-0.016273975,0.37495515,-0.00725919,0.9996499,0.025442362
1356441407309,-0.39691472,0.003559798,-0.9178486,-0.9171463,-0.04084122,0.39645258,-0.036074758,0.99915934,0.01947534
1356441407340,-0.42218858,-0.0124718845,-0.90642226,-0.9043163,-0.06369567,0.42208406,-0.06299931,0.9978914,0.0156130195
1356441407380,-0.45256984,-0.022824615,-0.89143676,-0.8876581,-0.08387965,0.4527992,-0.0851084,0.9962144,0.01770097
1356441407420,-0.48985845,-0.02185285,-0.871528,-0.866266,-0.10027903,0.48941523,-0.098091125,0.9947193,0.030192137
1356441407461,-0.535303,-0.004115373,-0.8446501,-0.8390231,-0.1127463,0.53228617,-0.097421706,0.99361527,0.05690044
1356441407500,-0.5878335,0.03150022,-0.80836844,-0.8048441,-0.123708725,0.58045,-0.08171794,0.9918185,0.09807289
1356441407540,-0.64210516,0.078069866,-0.7626311,-0.7645917,-0.13747531,0.62968266,-0.055683672,0.9874238,0.14796507
1356441407580,-0.690443,0.12063369,-0.7132572,-0.72278404,-0.15528172,0.6734023,-0.02952084,0.98047686,0.19440544
1356441407619,-0.72843695,0.14617631,-0.66933715,-0.68500745,-0.1725325,0.70781165,-0.012017101,0.9740971,0.22581083
1356441407659,-0.7565815,0.15053484,-0.6363361,-0.65387285,-0.18292499,0.7341584,-0.0058853924,0.97153366,0.23682839
1356441407699,-0.77729064,0.13626452,-0.61420786,-0.62907887,-0.18213171,0.75570357,-0.008891135,0.9737865,0.22729039
1356441407739,-0.79357725,0.10977632,-0.5984849,-0.6082561,-0.16916502,0.77550477,-0.016110688,0.97945505,0.20101768
1356441407779,-0.8083178,0.07899162,-0.5834234,-0.5883192,-0.14612383,0.7953166,-0.022428662,0.9861076,0.16458672
1356441407819,-0.8238849,0.050777018,-0.56447774,-0.56623363,-0.11653608,0.8159649,-0.024349809,0.9918875,0.124764085
1356441407859,-0.841699,0.029347837,-0.5391488,-0.5395507,-0.083960354,0.8377563,-0.020680815,0.99603677,0.08650404
1356441407899,-0.86180747,0.01603511,-0.506982,-0.5070801,-0.051977396,0.8603302,-0.012556121,0.99851954,0.052925587
1356441407939,-0.88305074,0.010537192,-0.4691592,-0.46927434,-0.02350539,0.8827395,-0.0017261654,0.9996682,0.025701284
1356441407979,-0.9042775,0.01192984,-0.42677855,-0.42681718,-7.762313E-4,0.9043376,0.010457307,0.99992853,0.00579381
1356441408019,-0.9242546,0.018955052,-0.38130584,-0.38106143,0.015305877,0.924423,0.023358703,0.99970317,-0.0069234967
1356441408059,-0.94196534,0.030526355,-0.33431953,-0.33366,0.02476424,0.9423682,0.03704624,0.9992272,-0.013141692
1356441408099,-0.9569209,0.045341566,-0.28678662,-0.28576005,0.027837276,0.95789677,0.051415905,0.9985836,-0.013681233
1356441408139,-0.96886456,0.062221937,-0.23964533,-0.23854771,0.024617672,0.9708187,0.06630572,0.9977587,-0.009008288
1356441408179,-0.97776324,0.07961421,-0.19401178,-0.19340084,0.015388668,0.9809991,0.081087045,0.99670696,3.5095215E-4
1356441408219,-0.9838032,0.094444536,-0.15235311,-0.15285608,0.0019285083,0.98824656,0.0936283,0.9955282,0.012539148
1356441408259,-0.98762125,0.103214115,-0.11811409,-0.12001248,-0.012358427,0.9926954,0.10100048,0.99458236,0.02459246
1356441408326,-0.9901624,0.10374943,-0.09388542,-0.09683492,-0.023756385,0.9950169,0.10100205,0.99431974,0.033569217
1356441408339,-0.9921077,0.09509068,-0.08173221,-0.08493712,-0.030152261,0.99593,0.092239246,0.99501187,0.037991047
1356441408379,-0.9935486,0.07753627,-0.082761586,-0.085406184,-0.03143084,0.9958503,0.07461326,0.99649394,0.037850082
1356441408416,-0.9938644,0.052986488,-0.09708674,-0.09871122,-0.028948605,0.99469495,0.04989486,0.9981755,0.03400141
1356441408459,-0.99191046,0.023961905,-0.12465765,-0.12524241,-0.024680912,0.99181914,0.020689212,0.9994081,0.027482212
1356441408498,-0.98619723,-0.0064906925,-0.16544771,-0.16527912,-0.021117866,0.98602074,-0.009893857,0.9997559,0.019753516
1356441408539,-0.9748466,-0.036164522,-0.21992311,-0.21927622,-0.021023154,0.9754363,-0.039899677,0.9991247,0.0125643015
1356441408579,-0.9560455,-0.06136889,-0.28672454,-0.28553733,-0.027500927,0.95797294,-0.06667491,0.9977363,0.008768976
1356441408619,-0.93071073,-0.076395944,-0.35768852,-0.3553561,-0.042674303,0.9337563,-0.08659932,0.9961639,0.0125697255
1356441408659,-0.9054576,-0.07420178,-0.41790015,-0.4137296,-0.06545609,0.9080436,-0.09473258,0.99509275,0.028568327
1356441408699,-0.89146787,-0.05096446,-0.45020843,-0.44463754,-0.09256184,0.8909151,-0.087077156,0.99440175,0.059855282
1356441408739,-0.89404947,-0.010983691,-0.44783342,-0.4432584,-0.122890115,0.8879301,-0.064787045,0.99235946,0.10500127
1356441408779,-0.9054007,0.033573955,-0.42322838,-0.4230222,-0.15605378,0.8925802,-0.036078975,0.9871778,0.1554938
1356441408819,-0.91277736,0.07003553,-0.40240854,-0.40827632,-0.18578637,0.8937527,-0.012167558,0.9800911,0.19817537
1356441408859,-0.9094926,0.09296511,-0.40519214,-0.41572005,-0.20298088,0.8865527,1.7219782E-4,0.9747596,0.22325706
1356441408899,-0.8936005,0.10288313,-0.43691337,-0.4488624,-0.20292902,0.8702542,8.7209046E-4,0.97377354,0.22751778
1356441408939,-0.8637373,0.10169847,-0.49357408,-0.50390583,-0.18609893,0.8434727,-0.0060736984,0.9772537,0.21198696
1356441408979,-0.81891495,0.09117755,-0.56662595,-0.5737102,-0.15642494,0.8039825,-0.015329272,0.98347235,0.18040824
1356441409025,-0.76061136,0.073479,-0.64503586,-0.6488335,-0.11976075,0.75144696,-0.022034407,0.9900799,0.13876694
1356441409059,-0.6971271,0.05268529,-0.7150092,-0.7165499,-0.0844146,0.69240916,-0.023877412,0.99503696,0.09659934
1356441409099,-0.63579834,0.0317896,-0.77120024,-0.7715876,-0.052482843,0.6339543,-0.020321608,0.99811566,0.05789697
1356441409139,-0.5859467,0.013373345,-0.8102393,-0.81024194,-0.02597773,0.5855197,-0.013217777,0.9995731,0.026057124
1356441409179,-0.5557237,-4.0441751E-4,-0.831367,-0.8313554,-0.0050406456,0.5557184,-0.0044153333,0.99998724,0.00246495
1356441409219,-0.55289775,-0.00777179,-0.8332128,-0.8332326,0.011444747,0.5528042,0.005239606,0.99990433,-0.012803435
1356441409259,-0.58317107,-0.007068783,-0.8123187,-0.8121866,0.02509588,0.5828578,0.01626578,0.9996601,-0.020376444
1356441409310,-0.6471457,0.0028977692,-0.76236093,-0.7618041,0.035943806,0.64680964,0.02927649,0.99934965,-0.021053433
1356441409340,-0.7368698,0.02264303,-0.67565536,-0.67456734,0.0411855,0.7370635,0.044516534,0.99889493,-0.015074134
1356441409380,-0.83255917,0.04979515,-0.5516935,-0.55049753,0.036423385,0.8340419,0.061625794,0.9980951,-0.0029125214
1356441409420,-0.9081971,0.07743721,-0.41131693,-0.4110263,0.020396471,0.9113953,0.07896532,0.9967886,0.013304651
1356441409460,-0.95211077,0.09796809,-0.28963292,-0.29115975,-0.0013497472,0.9566735,0.09333254,0.9951886,0.029809535
1356441409501,-0.97142375,0.10767357,-0.21152379,-0.21484895,-0.020146012,0.9764395,0.10087536,0.9939822,0.042703867
1356441409538,-0.9772549,0.106889844,-0.18315908,-0.1873712,-0.030706048,0.98180914,0.099321306,0.9937966,0.050035775
1356441409579,-0.9738586,0.09652132,-0.20562832,-0.20955124,-0.032327652,0.97726303,0.08767925,0.99480575,0.0517087
1356441409618,-0.95737433,0.07853293,-0.27796936,-0.2808235,-0.02777481,0.95935744,0.067620605,0.9965245,0.04864478
1356441409659,-0.915246,0.055501193,-0.3990541,-0.40067086,-0.021449149,0.9159709,0.042278096,0.9982282,0.041868985
1356441409699,-0.82567555,0.030777484,-0.56330526,-0.5639454,-0.0184443,0.8256061,0.015020311,0.99935615,0.0325858
1356441409739,-0.66593546,0.008759886,-0.74595803,-0.745914,-0.023813665,0.66561645,-0.0119332075,0.9996781,0.022392392
1356441409779,-0.44574106,-0.0038839877,-0.8951535,-0.89441013,-0.039041698,0.44554034,-0.03667882,0.99923,0.013928711
1356441409819,-0.22743416,-0.0024429858,-0.97379047,-0.97211266,-0.058160424,0.2271882,-0.057191074,0.99830425,0.010852814
1356441409859,-0.063237906,0.012927502,-0.9979148,-0.99549663,-0.07157421,0.06215751,-0.0706214,0.9973515,0.017395467
1356441409898,0.037008822,0.040046036,-0.99851215,-0.996605,-0.07205695,-0.039828032,-0.07354471,0.9965962,0.037243336
1356441409939,0.08527374,0.07762262,-0.9933294,-0.99432516,-0.05701524,-0.08981466,-0.06360653,0.9953512,0.07232019
1356441409979,0.0999794,0.123215616,-0.9873308,-0.9940612,-0.03048551,-0.104465365,-0.042971045,0.99191153,0.11943591
1356441410019,0.10339254,0.16966376,-0.9800633,-0.9944638,-9.4234943E-4,-0.10507479,-0.018751025,0.9855015,0.16862708
1356441410059,0.11939722,0.20508647,-0.971434,-0.9928465,0.025122881,-0.11672512,4.6649575E-4,0.97842145,0.20661893
1356441410098,0.15772218,0.22136718,-0.9623515,-0.9874316,0.045356333,-0.1513994,0.010133922,0.9741353,0.22573861
1356441410139,0.2140764,0.21722266,-0.9523579,-0.9767628,0.057861924,-0.20636457,0.010278195,0.9744056,0.22456193
1356441410179,0.2780491,0.19615522,-0.9403254,-0.96055853,0.060875177,-0.2713331,0.0040191114,0.97868145,0.20534477
1356441410219,0.3398653,0.16344213,-0.9261632,-0.94046223,0.054089576,-0.33556718,-0.0047499835,0.9850691,0.17209426
1356441410259,0.3924285,0.12508714,-0.9112371,-0.919695,0.039696842,-0.3906217,-0.012688488,0.99135137,0.13062018
1356441410310,0.43155298,0.086986125,-0.8978839,-0.9019145,0.02210638,-0.43134862,-0.01767236,0.9959642,0.0879941
1356441410340,0.4578098,0.05208981,-0.88752294,-0.888846,0.005422473,-0.45817414,-0.019053549,0.9986278,0.048782244
1356441410380,0.47277787,0.021855384,-0.88091063,-0.8810123,-0.00787583,-0.47302783,-0.017276138,0.9997301,0.015531361
1356441410420,0.47778144,-0.0026800632,-0.87847465,-0.87838066,-0.016403288,-0.47768027,-0.013129652,0.9998619,-0.010191321
1356441410460,0.4740585,-0.020941198,-0.88024426,-0.8804667,-0.019053102,-0.47372502,-0.0068509877,0.99959916,-0.02747035
1356441410500,0.46257564,-0.032879144,-0.8859699,-0.88657796,-0.015158385,-0.4623306,0.001771152,0.99934435,-0.03616181
1356441410538,0.44400904,-0.03863591,-0.8951889,-0.89592975,-0.004784435,-0.44417003,0.012877971,0.99924195,-0.03673941
1356441410579,0.4184751,-0.037997454,-0.9074331,-0.90783703,0.011825383,-0.41915655,0.026657641,0.99920785,-0.029546857
1356441410619,0.38578674,-0.03089562,-0.9220705,-0.9215778,0.033852845,-0.38671485,0.043162525,0.99894917,-0.015412748
1356441410659,0.34647197,-0.018054843,-0.9378866,-0.9360442,0.058861315,-0.34692445,0.06146896,0.9981029,0.0034936368
1356441410699,0.30229717,-0.0014193952,-0.9532127,-0.94997025,0.081976295,-0.301391,0.07856864,0.9966333,0.023432821
1356441410739,0.25641727,0.016041547,-0.96643305,-0.96235347,0.097486794,-0.25371677,0.090144485,0.9951076,0.040434897
1356441410779,0.21271133,0.031059027,-0.97662127,-0.9727086,0.10154623,-0.2086297,0.092692375,0.9943458,0.051811397
1356441410819,0.17461699,0.041350424,-0.98376775,-0.9809986,0.09311098,-0.17021176,0.08456123,0.99479663,0.05682352
1356441410859,0.14359578,0.046069324,-0.98856366,-0.98737806,0.0741165,-0.13996965,0.06682065,0.996185,0.05613056
1356441410899,0.11950618,0.04551682,-0.9917895,-0.9919336,0.047994018,-0.117320925,0.042259872,0.99781,0.05088529
1356441410939,0.10073358,0.040897727,-0.99407256,-0.99480784,0.01869744,-0.100038886,0.014495283,0.9989884,0.042568803
1356441410979,0.0854021,0.03356436,-0.99578106,-0.99624383,-0.011478931,-0.08582872,-0.014311314,0.99937063,0.032457948
1356441411019,0.07079318,0.025495708,-0.9971651,-0.9965989,-0.040461272,-0.07178745,-0.042176843,0.9988557,0.022544622
1356441411059,0.053631246,0.019759923,-0.9983653,-0.9963435,-0.065532684,-0.054819703,-0.06650874,0.9976548,0.016173065
1356441411099,0.02988112,0.021050245,-0.9993318,-0.9960916,-0.0825097,-0.031522185,-0.08311814,0.99636793,0.018502533
1356441411140,-0.0041933656,0.03446123,-0.9993972,-0.99618816,-0.0872224,0.0011722744,-0.087129414,0.9955926,0.034695655
1356441411186,-0.058053136,0.073975176,-0.995569,-0.9959183,-0.07333112,0.052624702,-0.069113255,0.99456036,0.0779303
1356441411216,-0.11722475,0.116845965,-0.98620754,-0.99195397,-0.061582386,0.11061156,-0.04780847,0.99123895,0.12312481
1356441411259,-0.17558062,0.16359675,-0.97077674,-0.98415005,-0.054110467,0.16888064,-0.024900854,0.98504215,0.17050451
1356441411313,-0.2271766,0.19960052,-0.9531791,-0.97381574,-0.055190027,0.22053802,-0.008586466,0.9783219,0.20691201
1356441411340,-0.26797128,0.21645519,-0.9387964,-0.9634249,-0.0621683,0.26066735,-0.0019405782,0.97431123,0.22519764
1356441411380,-0.29920685,0.21261013,-0.93020016,-0.95418274,-0.07000524,0.29092035,-0.003266275,0.9746262,0.2238149
1356441411420,-0.32499456,0.19178888,-0.9260646,-0.9456824,-0.074142575,0.3165243,-0.007954925,0.97863173,0.20546734
1356441411460,-0.34933758,0.16018513,-0.9232031,-0.93692684,-0.071768045,0.34207815,-0.011460632,0.9844745,0.17515302
1356441411500,-0.37538934,0.12422484,-0.9185048,-0.9267979,-0.062423825,0.37033612,-0.011331618,0.99028856,0.13856459
1356441411540,-0.40474755,0.08909842,-0.91007745,-0.91439617,-0.0477975,0.40198883,-0.0076828897,0.9948753,0.1008172
1356441411579,-0.4365132,0.057552546,-0.8978551,-0.899696,-0.029948056,0.43548852,-0.0018255711,0.99789315,0.064852536
1356441411619,-0.47072935,0.031502575,-0.88171506,-0.8822675,-0.012014985,0.47059503,0.004231155,0.9994315,0.03344953
1356441411659,-0.5064155,0.011983037,-0.86220646,-0.86223835,0.0038730502,0.506488,0.009408623,0.9999208,0.008370817
1356441411699,-0.54422617,2.9563904E-5,-0.8389385,-0.83881617,0.017056584,0.54414743,0.01432547,0.9998545,-0.009257793
1356441411739,-0.58591175,-0.0026432574,-0.81037056,-0.810092,0.028330922,0.58561796,0.021410555,0.9995951,-0.018740654
1356441411779,-0.6333308,0.005670309,-0.77386034,-0.7731486,0.038862467,0.63303316,0.03366357,0.9992285,-0.020228744
1356441411819,-0.6859102,0.025143325,-0.7272517,-0.7258078,0.04812473,0.6862121,0.05225247,0.99852484,-0.014760077
1356441411859,-0.73894763,0.051111042,-0.67182136,-0.66978866,0.052415133,0.74069947,0.07307151,0.99731654,-0.0044983625
1356441411899,-0.7854856,0.075278014,-0.6142845,-0.6124419,0.04824668,0.7890419,0.08903468,0.9959947,0.008206427
1356441411939,-0.8213346,0.09045102,-0.5632301,-0.56241477,0.036705077,0.8260402,0.095389605,0.9952243,0.02072376
1356441411979,-0.845894,0.093605116,-0.5250728,-0.52552426,0.021759152,0.85050035,0.09103635,0.9953716,0.030785799
1356441412018,-0.86071324,0.0853852,-0.5018787,-0.5031967,0.0068822503,0.8641445,0.07723923,0.99632424,0.037041843
1356441412059,-0.8673293,0.06858313,-0.49298704,-0.49452674,-0.006467879,0.86913836,0.056419656,0.9976244,0.039525986
1356441412099,-0.86677593,0.04678653,-0.4964981,-0.4976982,-0.018155098,0.86716026,0.031557426,0.9987399,0.03902203
1356441412139,-0.8594756,0.023352027,-0.5106431,-0.51114726,-0.028520703,0.8590199,0.0054959655,0.9993204,0.036449194
1356441412179,-0.8452945,5.6037307E-4,-0.53430045,-0.5339246,-0.038406134,0.84465945,-0.020047098,0.9992621,0.03276372
1356441412219,-0.8242001,-0.019616216,-0.56595886,-0.5645776,-0.049396574,0.8239006,-0.044118255,0.99858654,0.029637814
1356441412259,-0.79800034,-0.033469826,-0.6017269,-0.5991627,-0.063302636,0.7981208,-0.06480387,0.997433,0.030461669
1356441412310,-0.772601,-0.03503415,-0.6339246,-0.63007987,-0.08038932,0.772358,-0.07801965,0.9961477,0.040034473
1356441412340,-0.75818676,-0.01763004,-0.65179896,-0.6473631,-0.099126816,0.7557081,-0.07793394,0.9949186,0.06374365
1356441412381,-0.7617714,0.021289736,-0.647496,-0.64497364,-0.1189332,0.7548933,-0.060937315,0.992674,0.104331315
1356441412420,-0.77785754,0.073292196,-0.6241522,-0.6276124,-0.14157432,0.7655452,-0.03225538,0.9872107,0.1561237
1356441412460,-0.79246956,0.12223834,-0.5975363,-0.6098961,-0.16574752,0.77495444,-0.004311025,0.97856295,0.20590264
1356441412500,-0.7951792,0.15542531,-0.5861169,-0.6062534,-0.18445659,0.77358425,0.012121469,0.9704734,0.24090308
1356441412540,-0.783681,0.16940916,-0.59761596,-0.62100273,-0.19178009,0.75998425,0.014137477,0.9667063,0.25549787
1356441412580,-0.7588952,0.1653139,-0.6298803,-0.65119725,-0.18599188,0.7357643,0.004479438,0.9685444,0.24880034
1356441412620,-0.7244784,0.14721188,-0.6733942,-0.6892214,-0.16923296,0.70450985,-0.010248274,0.97451985,0.22406715
1356441412660,-0.6861667,0.12031171,-0.71742606,-0.72707045,-0.14503616,0.6710685,-0.02331537,0.9820842,0.1869942
1356441412699,-0.6505749,0.09016964,-0.75407016,-0.7588388,-0.11675227,0.64072824,-0.030265182,0.9890593,0.14438033
1356441412739,-0.62264365,0.061136484,-0.7801136,-0.7819264,-0.08695716,0.61727595,-0.030098349,0.99433434,0.101947546
1356441412779,-0.6045607,0.03584525,-0.7957523,-0.7961937,-0.057448387,0.6023083,-0.024124771,0.99770486,0.06327075
1356441412819,-0.5974933,0.016014516,-0.80171394,-0.8017324,-0.030711353,0.59689355,-0.015062779,0.9994,0.031189263
1356441412859,-0.60151654,0.0029358268,-0.79885507,-0.7988472,-0.007971346,0.6014813,-0.0046020746,0.999964,0.0071400404
1356441412899,-0.6169801,-0.0023086965,-0.7869754,-0.7869482,0.0106236935,0.61692756,0.0069363415,0.99994093,-0.008371472
1356441412939,-0.6440059,0.0014834404,-0.7650191,-0.764746,0.025541484,0.6438255,0.020494819,0.9996727,-0.0153144
1356441412979,-0.6819766,0.015365303,-0.7312126,-0.730408,0.037059605,0.6820049,0.03757766,0.999195,-0.014050841
1356441413018,-0.72752273,0.03863439,-0.6849949,-0.68359387,0.04415965,0.7285254,0.058395267,0.9982772,-0.00571692
1356441413059,-0.77321434,0.066391945,-0.6306597,-0.6291498,0.044262648,0.7760228,0.07943633,0.9968114,0.007545948
1356441413099,-0.81100845,0.09052472,-0.5779884,-0.5772956,0.036331058,0.8157266,0.09484236,0.99523133,0.022794724
1356441413139,-0.837305,0.10463859,-0.53662944,-0.5373865,0.02323109,0.8430161,0.1006785,0.9942389,0.03677988
1356441413179,-0.8528491,0.10666455,-0.51114684,-0.51319027,0.00941509,0.85822326,0.09635453,0.9942505,0.046709478
1356441413219,-0.85923874,0.09717293,-0.50226104,-0.5048835,-0.0028025508,0.8631829,0.08247036,0.9952636,0.051469147
1356441413259,-0.85789376,0.0785574,-0.50778645,-0.5102228,-0.013392687,0.859938,0.060753882,0.9968196,0.05157119
1356441413310,-0.85008335,0.054810017,-0.52378833,-0.5255147,-0.023063302,0.85047185,0.034534052,0.99823046,0.048409224
1356441413340,-0.8365099,0.029358149,-0.5471647,-0.5479097,-0.032443643,0.83590806,0.006788671,0.9990423,0.04322511
1356441413380,-0.8176972,0.005038619,-0.57562655,-0.5752952,-0.04218608,0.8168573,-0.02016759,0.99909705,0.037394166
1356441413420,-0.79480106,-0.015339762,-0.6066763,-0.60523593,-0.053278327,0.7942613,-0.04450643,0.9984619,0.033061445
1356441413460,-0.77105737,-0.0282439,-0.6361389,-0.6335174,-0.06675154,0.7708436,-0.06423491,0.99736977,0.03357631
1356441413501,-0.752826,-0.028940111,-0.6575831,-0.6537945,-0.0827713,0.7521314,-0.076195806,0.9961483,0.043391466
1356441413540,-0.7479381,-0.013315678,-0.663635,-0.65934473,-0.10033357,0.74511594,-0.076506585,0.99486476,0.066263616
1356441413580,-0.763281,0.021093577,-0.64572215,-0.6431304,-0.11998576,0.75629795,-0.06152445,0.99255145,0.10514885
1356441413619,-0.7926958,0.06724459,-0.6058972,-0.6086301,-0.14383757,0.78030765,-0.034679323,0.987314,0.15494663
1356441413660,-0.82147706,0.11083375,-0.5593668,-0.57020664,-0.1705023,0.80361265,-0.006305933,0.9791041,0.20326185
