1356440654502,-0.36930704,-0.92794484,-0.050305724,-0.050981283,0.074281216,-0.9959333,0.92790794,-0.36524054,-0.07474041
1356440654541,0.10710183,0.45313153,-0.8849864,0.35709104,0.8131847,0.45958304,0.927909,-0.3652429,-0.074715674
1356440654580,0.10731417,0.45322078,-0.884915,0.35701805,0.8131237,0.4597477,0.9279126,-0.36526808,-0.074548304
1356440654622,0.10820937,0.45359457,-0.88461447,0.3567359,0.81285715,0.46043757,0.9279171,-0.36539736,-0.073854685
1356440654662,0.110117555,0.4543737,-0.8839789,0.3561748,0.8122798,0.46188855,0.92790824,-0.36571306,-0.0723902
1356440654701,0.11302218,0.4555033,-0.8830304,0.35541388,0.81138766,0.46403775,0.9278507,-0.36628786,-0.07018739
1356440654740,0.11596501,0.45654055,-0.88211274,0.3548188,0.8104634,0.4661037,0.9277153,-0.36704192,-0.06800377
1356440654783,0.1183202,0.45725277,-0.88143075,0.35482386,0.8095902,0.46761492,0.92741597,-0.36808094,-0.06645334
1356440654819,0.11948317,0.4574439,-0.88117474,0.35551304,0.80896926,0.4681658,0.92700285,-0.36920702,-0.06596905
1356440654861,0.11883569,0.45704636,-0.8814684,0.3571293,0.8086725,0.46744782,0.92646456,-0.37034768,-0.0671255
1356440654901,0.11594468,0.45608747,-0.88234967,0.35963237,0.80878955,0.46532145,0.9258625,-0.37127307,-0.07024896
1356440654940,0.111607045,0.45501125,-0.88346404,0.36254805,0.8090995,0.46251154,0.9252582,-0.37191772,-0.07466227
1356440654981,0.10539222,0.45352638,-0.88498944,0.36620724,0.80970293,0.45855576,0.9245457,-0.37241775,-0.08074826
1356440655020,0.098590285,0.4520576,-0.8865235,0.37013263,0.81029034,0.45434713,0.9237325,-0.37292546,-0.08743453
1356440655059,0.09156817,0.4504775,-0.8880796,0.37446663,0.8107898,0.44988292,0.922708,-0.3737511,-0.09444624
1356440655104,0.085825354,0.44928998,-0.88925385,0.37909144,0.8106859,0.44618157,0.9213705,-0.37540224,-0.100744605
1356440655138,0.08279246,0.44906637,-0.8896543,0.3841336,0.80935466,0.4442819,0.9195579,-0.37852928,-0.10549301
1356440655179,0.08322978,0.45024493,-0.8890176,0.38957933,0.8064159,0.4448835,0.9172244,-0.38337043,-0.10828829
1356440655219,0.08654478,0.45277065,-0.88741684,0.3952058,0.80207,0.44776785,0.91450655,-0.38946426,-0.10952264
1356440655258,0.09073934,0.45607105,-0.88530535,0.4006345,0.79714644,0.45171842,0.9117337,-0.39567247,-0.11038524
1356440655299,0.09342173,0.4594625,-0.88327044,0.40539333,0.7927249,0.4552399,0.9093562,-0.40060127,-0.11220533
1356440655340,0.09343064,0.46273232,-0.8815608,0.4089455,0.78945994,0.45772982,0.90776336,-0.40327632,-0.115472555
1356440655379,0.09164253,0.46637318,-0.87982816,0.41078463,0.78715944,0.4600391,0.9071149,-0.40357903,-0.11944163
1356440655419,0.090522885,0.47145876,-0.87722987,0.41024932,0.7849834,0.4642161,0.9074696,-0.40190512,-0.12235665
1356440655461,0.092781425,0.47915047,-0.87281525,0.4057957,0.78229463,0.47259384,0.9092423,-0.3980326,-0.12185478
1356440655498,0.09966481,0.4904213,-0.8657678,0.39675742,0.77834916,0.48657593,0.91249686,-0.39199433,-0.117004275
1356440655539,0.111027956,0.504749,-0.8560965,0.3822367,0.77347106,0.50560623,0.9173701,-0.38336793,-0.10705668
1356440655579,0.12600067,0.52232385,-0.843387,0.36307937,0.7668943,0.5291942,0.9231994,-0.37289527,-0.09301585
1356440655619,0.14264888,0.54245603,-0.82788444,0.34101826,0.7582878,0.5556133,0.9291705,-0.36158136,-0.076818526
1356440655661,0.15058205,0.5451618,-0.82469606,0.3213256,0.7619231,0.5623371,0.9349197,-0.3496738,-0.060442507
1356440655699,0.17061123,0.58415365,-0.7935089,0.295184,0.7380289,0.60677826,0.9400842,-0.33775428,-0.046516776
1356440655747,0.18133238,0.6126929,-0.7692372,0.272399,0.7203063,0.6379323,0.944943,-0.3252172,-0.036282063
1356440655779,0.18530771,0.6348706,-0.75006694,0.25391608,0.70643115,0.66066766,0.94930905,-0.3128808,-0.030296683
1356440655821,0.1832453,0.65162784,-0.7360722,0.24030119,0.696346,0.67628217,0.95324516,-0.30080456,-0.028984845
1356440655859,0.17770076,0.66414994,-0.72617304,0.231371,0.6890353,0.6868026,0.95649874,-0.29006073,-0.03122294
1356440655902,0.1690341,0.67214805,-0.72086364,0.22718978,0.6851208,0.692094,0.95906836,-0.28076035,-0.036896408
1356440655939,0.1573827,0.67537284,-0.7204874,0.22718231,0.68525064,0.69196796,0.9610509,-0.27258575,-0.04558617
1356440655982,0.14227593,0.67351055,-0.72535586,0.23028508,0.6901796,0.68601817,0.9626663,-0.26464254,-0.05690348
1356440656019,0.12387961,0.6665416,-0.7351028,0.23531793,0.6999438,0.67431754,0.9639913,-0.25651705,-0.07014042
1356440656060,0.104822725,0.6553227,-0.7480403,0.24169694,0.7128444,0.6583581,0.9646734,-0.24980995,-0.08366722
1356440656100,0.0893082,0.6417765,-0.76167375,0.2501374,0.7257683,0.6408523,0.96408266,-0.24775642,-0.095715225
1356440656139,0.08055961,0.6272198,-0.7746648,0.2607255,0.7368712,0.62373316,0.96204597,-0.2522226,-0.10417014
1356440656179,0.081278265,0.61424017,-0.7849223,0.27426028,0.7433423,0.6101013,0.9582146,-0.264861,-0.10804409
1356440656219,0.09122515,0.6034322,-0.79217905,0.29110846,0.7445879,0.6007035,0.95233077,-0.2854093,-0.10773909
1356440656259,0.10902777,0.59578764,-0.7957072,0.31101596,0.73984313,0.5965746,0.9441303,-0.31252086,-0.10463601
1356440656299,0.13259915,0.5923018,-0.79473007,0.3325776,0.7287383,0.59860885,0.93370736,-0.34368443,-0.10035622
1356440656339,0.15958458,0.5938531,-0.78858817,0.35341737,0.71151054,0.60732937,0.92175317,-0.37562117,-0.096331894
1356440656379,0.1883609,0.60099596,-0.7767394,0.3714572,0.6885456,0.6228358,0.9091423,-0.40584332,-0.09354919
1356440656419,0.21828365,0.6136082,-0.7588394,0.38565496,0.66005695,0.64466673,0.89645,-0.4333704,-0.092561364
1356440656463,0.2479957,0.63045204,-0.7355463,0.39652696,0.6266891,0.6708407,0.88389164,-0.45802957,-0.09457505
1356440656500,0.27365586,0.6501529,-0.70881146,0.40430868,0.59091496,0.6981074,0.8727239,-0.47761983,-0.1011551
1356440656540,0.28435323,0.6688136,-0.68689996,0.41313377,0.56105924,0.71730953,0.8651379,-0.48775083,-0.11677045
1356440656570,0.28138447,0.68621147,-0.6707731,0.42255244,0.5389916,0.7286546,0.8615522,-0.4884689,-0.13829648
1356440656610,0.24598178,0.69994766,-0.670497,0.43661898,0.5375774,0.7213698,0.8653651,-0.4701956,-0.1733762
1356440656640,0.19927782,0.70903754,-0.6764275,0.4499441,0.5470041,0.70592976,0.8705393,-0.44503066,-0.21002144
1356440656680,0.14159387,0.71235055,-0.68739206,0.4606071,0.5672322,0.68270695,0.8762376,-0.4132848,-0.24779713
1356440656710,0.092612445,0.7090907,-0.69900876,0.4668546,0.58915275,0.6595042,0.87947124,-0.38741374,-0.27647936
1356440656750,0.06565362,0.70425963,-0.70690024,0.46896756,0.60353565,0.64483654,0.8807719,-0.37384912,-0.29065055
1356440656797,0.052666664,0.6955,-0.7165932,0.4694823,0.61609554,0.6324655,0.88136965,-0.36973765,-0.29407728
1356440656819,0.06632155,0.68869084,-0.72201544,0.46650642,0.6182495,0.6325656,0.8820278,-0.3787776,-0.28027546
1356440656856,0.09550613,0.6799575,-0.727005,0.45895815,0.6180029,0.6383024,0.8833097,-0.39462668,-0.25304896
1356440656887,0.1249688,0.66904753,-0.7326378,0.44896656,0.6203637,0.64310026,0.8847665,-0.40929735,-0.22285384
1356440656930,0.15843403,0.65908664,-0.73518944,0.43225652,0.6231498,0.65179646,0.88772345,-0.42105713,-0.18616635
1356440656969,0.18782449,0.64879763,-0.73741686,0.4117578,0.6296092,0.6588231,0.8917273,-0.4273803,-0.14889145
1356440657009,0.2097083,0.6388706,-0.74018025,0.39011443,0.6394781,0.66247916,0.89656746,-0.4276824,-0.115128756
1356440657049,0.22257107,0.62945473,-0.7444789,0.36969137,0.6521078,0.661879,0.90210336,-0.42254254,-0.087563634
1356440657091,0.22539255,0.6201665,-0.75139326,0.35197103,0.66731906,0.65635484,0.9084683,-0.41240615,-0.06787187
1356440657129,0.21937433,0.61012465,-0.7613296,0.3381852,0.6844058,0.6459252,0.9151533,-0.39916983,-0.056194067
1356440657169,0.20358345,0.5988294,-0.77456903,0.3279155,0.70373845,0.63025683,0.92251027,-0.38230306,-0.053095937
1356440657209,0.17835602,0.5847785,-0.7913427,0.32017463,0.72597957,0.60863936,0.93041784,-0.3619223,-0.057748437
1356440657250,0.14549196,0.56714225,-0.81066746,0.3133483,0.7507889,0.5814885,0.9384268,-0.33862314,-0.0684793
1356440657290,0.10837588,0.54561156,-0.83100104,0.3068396,0.77674973,0.55000854,0.9455708,-0.31459168,-0.08323431
1356440657329,0.07356006,0.520427,-0.85073185,0.30205905,0.801348,0.51633495,0.95044684,-0.2949529,-0.098252475
1356440657371,0.046143442,0.49343055,-0.8685603,0.30159873,0.8220287,0.48301867,0.9523177,-0.2842448,-0.11088675
1356440657409,0.027406216,0.464168,-0.88532317,0.30631346,0.83915055,0.4494424,0.9515362,-0.2835039,-0.119182944
1356440657468,0.018648356,0.43603605,-0.899736,0.3188184,0.8503222,0.41869682,0.9476324,-0.2946604,-0.12315923
1356440657491,0.016560733,0.40926814,-0.9122639,0.33846575,0.8562287,0.39027345,0.940833,-0.3152333,-0.124343455
1356440657533,0.020418674,0.38690016,-0.92189544,0.36522934,0.8554736,0.3671136,0.93069357,-0.34419924,-0.12383968
1356440657571,0.027732372,0.37122607,-0.92812836,0.3937931,0.84934545,0.35148156,0.9187807,-0.37523794,-0.12263191
1356440657612,0.039578527,0.36402532,-0.9305477,0.42220488,0.8379672,0.34576574,0.90563595,-0.4065667,-0.120527744
1356440657651,0.057671368,0.36677694,-0.9285196,0.44840312,0.821458,0.35233706,0.89196897,-0.43667084,-0.11708933
1356440657690,0.08130753,0.3785686,-0.92199504,0.47115546,0.8005735,0.3702628,0.8782947,-0.46450818,-0.11327201
1356440657719,0.10618305,0.3964162,-0.9119097,0.48912984,0.77764064,0.39500254,0.8657235,-0.48798484,-0.111326754
1356440657760,0.11858103,0.41288978,-0.90302855,0.5021555,0.7596377,0.41326794,0.8566087,-0.50246644,-0.117256224
1356440657790,0.118341506,0.4274545,-0.8962577,0.5104344,0.7480292,0.42415696,0.8517347,-0.5076761,-0.12966454
1356440657820,0.09855437,0.43439814,-0.895313,0.5141002,0.74810755,0.41956657,0.85204935,-0.50163066,-0.1495949
1356440657860,0.05071932,0.4284603,-0.90213597,0.50968236,0.76570797,0.39232028,0.85886633,-0.47970098,-0.17954248
1356440657890,7.008016E-4,0.41089755,-0.91168135,0.5011597,0.78878355,0.35589248,0.8653546,-0.45714736,-0.20537251
1356440657921,-0.038457096,0.38949236,-0.92022645,0.49108538,0.80939114,0.32205763,0.87026215,-0.43952438,-0.22240084
1356440657960,-0.05563581,0.37041292,-0.9271995,0.48410884,0.8221867,0.29941216,0.87323725,-0.43220744,-0.2250632
1356440657991,-0.062782645,0.34803408,-0.9353773,0.48043853,0.8320252,0.27733183,0.87477833,-0.43197966,-0.2194457
1356440658031,-0.04624927,0.33564317,-0.9408532,0.4821267,0.8323982,0.27325284,0.8748799,-0.4409727,-0.20032036
1356440658071,-0.015183985,0.32895857,-0.9442223,0.4846294,0.82841694,0.2808197,0.87458783,-0.4533339,-0.17200166
1356440658110,0.024026453,0.32843083,-0.94422245,0.48334336,0.822951,0.2985478,0.8751012,-0.4635567,-0.13897228
1356440658150,0.064403385,0.33277866,-0.94080323,0.47558048,0.81858003,0.32210243,0.8773115,-0.46817213,-0.10554367
1356440658190,0.09954658,0.33957326,-0.93529695,0.46153235,0.816978,0.3457381,0.88152045,-0.46608686,-0.07539666
1356440658230,0.12466794,0.345984,-0.929921,0.4439141,0.8187473,0.36413345,0.8873547,-0.45820078,-0.05151564
1356440658270,0.13686103,0.34920293,-0.92699856,0.42538404,0.8244091,0.3733604,0.8946046,-0.44542885,-0.035715878
1356440658312,0.13492486,0.34699243,-0.92811185,0.40760612,0.83431536,0.37118083,0.9031349,-0.42838562,-0.02886635
1356440658351,0.12185028,0.33911276,-0.93282104,0.3914883,0.84720933,0.35912836,0.9120797,-0.40894842,-0.029525995
1356440658392,0.096696794,0.3237251,-0.941197,0.3760569,0.8636517,0.33568874,0.9215372,-0.38640365,-0.038226724
1356440658464,0.06359613,0.30163893,-0.9512988,0.36052236,0.8819106,0.30373883,0.93057996,-0.36228108,-0.05266148
1356440658472,0.023816288,0.27343154,-0.9615966,0.34316778,0.9011888,0.26475388,0.9389721,-0.33629447,-0.07236993
1356440658509,-0.017435014,0.24187374,-0.970151,0.32421517,0.91923755,0.2233536,0.94582266,-0.31064352,-0.09444606
1356440658549,-0.053545445,0.21183804,-0.9758369,0.30659518,0.9335239,0.18582934,0.95033276,-0.28923658,-0.114934504
1356440658590,-0.07867554,0.18820025,-0.9789744,0.29562178,0.9422518,0.15738289,0.9520598,-0.27702394,-0.12976825
1356440658630,-0.091436714,0.17353934,-0.98057294,0.29546365,0.9450836,0.13970706,0.95096815,-0.27694932,-0.13768995
1356440658670,-0.0927335,0.16918051,-0.98121274,0.30953103,0.9415301,0.13308495,0.9463568,-0.29137436,-0.139678
1356440658710,-0.08545619,0.17588824,-0.9806939,0.33397686,0.93240595,0.13812548,0.9386994,-0.3157254,-0.13842243
1356440658750,-0.06909123,0.1950851,-0.9783498,0.3671282,0.91684306,0.15689388,0.92760086,-0.34833983,-0.13496709
1356440658789,-0.04181549,0.23136817,-0.9719672,0.40218693,0.89441824,0.19560564,0.91460216,-0.38273317,-0.13045382
1356440658831,-0.0011606812,0.28497285,-0.9585349,0.43603367,0.8627593,0.25597072,0.8999296,-0.41765636,-0.12525916
1356440658869,0.05464977,0.35902113,-0.93172807,0.46264893,0.8178099,0.34226152,0.88485557,-0.4497675,-0.12140763
1356440658910,0.115612656,0.44097605,-0.8900415,0.47823665,0.7606448,0.43898663,0.87058794,-0.47640285,-0.12295073
1356440658949,0.16667956,0.5195726,-0.83801085,0.48293087,0.6979628,0.52879643,0.8596485,-0.49284092,-0.13458157
1356440658990,0.18910685,0.5807218,-0.7918338,0.484047,0.64647555,0.5897185,0.8543636,-0.4948046,-0.1588437
1356440659029,0.17684197,0.6194207,-0.7648823,0.48839992,0.61947566,0.6145856,0.85451305,-0.482253,-0.1929757
1356440659069,0.14449644,0.6407629,-0.7540183,0.49439096,0.6133347,0.61595297,0.8571454,-0.4617828,-0.2281627
1356440659109,0.11975378,0.65676904,-0.7445223,0.49716544,0.60944426,0.6175793,0.8593518,-0.4441082,-0.25353962
1356440659149,0.12273562,0.6778819,-0.7248531,0.49465328,0.5914029,0.63683647,0.8603801,-0.43671352,-0.26273036
1356440659189,0.15700912,0.7062109,-0.69037265,0.48441562,0.5541046,0.67698574,0.8606333,-0.44072023,-0.25510007
1356440659230,0.21446276,0.7371065,-0.6408431,0.46155244,0.5017517,0.73158365,0.86079913,-0.45268017,-0.23260623
1356440659269,0.27396604,0.76152766,-0.58738244,0.42704558,0.4509124,0.7837793,0.8617277,-0.465568,-0.20167238
1356440659309,0.32312313,0.77758014,-0.53940773,0.38488665,0.4127359,0.825537,0.86455405,-0.47436088,-0.16591567
1356440659348,0.35523528,0.7863854,-0.50537694,0.34273934,0.3934157,0.8530849,0.8696767,-0.47625843,-0.1297701
1356440659389,0.3702548,0.78956664,-0.4893831,0.30685088,0.3932956,0.86669546,0.8767861,-0.47106582,-0.09665966
1356440659467,0.368678,0.7895849,-0.4905428,0.27781245,0.41000405,0.8687445,0.8870721,-0.45656586,-0.06819701
1356440659468,0.36061874,0.7871841,-0.5002952,0.25737903,0.4315757,0.86458,0.89649886,-0.4405492,-0.046970367
1356440659509,0.34084922,0.78108567,-0.5231892,0.24708265,0.46252155,0.8514834,0.9070678,-0.4194985,-0.035342634
1356440659550,0.31227145,0.7698897,-0.5565576,0.24487647,0.50082374,0.8301874,0.91789,-0.3955317,-0.03213495
1356440659590,0.27454683,0.75245476,-0.59869516,0.24900374,0.5457486,0.8000972,0.928774,-0.3687415,-0.03753048
1356440659630,0.23197576,0.7284348,-0.6446471,0.25613195,0.59359515,0.7629162,0.9383942,-0.34209275,-0.04887575
1356440659670,0.18638578,0.6983603,-0.69105214,0.26478466,0.64164567,0.7198471,0.9461233,-0.31714928,-0.065321505
1356440659709,0.14316833,0.6641567,-0.7337566,0.27368334,0.68591523,0.67425346,0.9511047,-0.29734868,-0.08356726
1356440659750,0.10787031,0.630442,-0.76870465,0.2830102,0.7217517,0.63164836,0.95303166,-0.2856874,-0.10056597
1356440659790,0.08568579,0.6019609,-0.7939149,0.2941255,0.74604875,0.5974123,0.9519181,-0.28470033,-0.11312628
1356440659829,0.07694578,0.5811079,-0.8101807,0.3076349,0.7591047,0.5736905,0.94838816,-0.29338294,-0.12035918
1356440659876,0.089324266,0.574842,-0.81337434,0.32970244,0.75353265,0.5687573,0.9398497,-0.31897533,-0.12221807
1356440659906,0.107200325,0.576652,-0.8099263,0.3505769,0.7403745,0.57353413,0.9303783,-0.34542447,-0.12279248
1356440659950,0.13617069,0.58767796,-0.7975539,0.37370297,0.715109,0.5907328,0.9174986,-0.37848872,-0.122240126
1356440659989,0.17642242,0.61126953,-0.77150804,0.39271945,0.6750039,0.6246128,0.9025777,-0.4131819,-0.12097162
1356440660029,0.22687307,0.6430136,-0.73147935,0.40416145,0.62118053,0.67140764,0.886105,-0.44796008,-0.118952155
1356440660069,0.28449845,0.6786791,-0.6770934,0.40517762,0.5549756,0.7265214,0.8688451,-0.4810373,-0.11709583
1356440660109,0.3400753,0.7114842,-0.6149301,0.3976369,0.4837774,0.7796437,0.8521934,-0.5096565,-0.11839157
1356440660149,0.37907887,0.7368526,-0.5597745,0.39016253,0.42125356,0.81872994,0.8390902,-0.5287662,-0.12780392
1356440660190,0.38792437,0.7550628,-0.52857804,0.39389288,0.38266778,0.83571154,0.8332845,-0.532396,-0.14896768
1356440660230,0.35687992,0.7670958,-0.5331048,0.41475546,0.38123462,0.82621914,0.8370272,-0.5159691,-0.1821022
1356440660279,0.28801417,0.7700606,-0.56925786,0.44340366,0.41964817,0.79201555,0.848788,-0.48052275,-0.22058308
1356440660319,0.22870013,0.76564837,-0.60123104,0.45878434,0.4599457,0.7602413,0.85861117,-0.44970268,-0.24607784
1356440660359,0.20042533,0.76105607,-0.6169468,0.45988762,0.48294878,0.7451602,0.8650625,-0.4330752,-0.25320512
1356440660399,0.2061606,0.7599351,-0.61643845,0.4508682,0.48534083,0.74910754,0.8684558,-0.43236893,-0.24257237
1356440660462,0.23760483,0.76183975,-0.6026145,0.43287817,0.4723259,0.7678052,0.8695749,-0.4432929,-0.21755683
1356440660480,0.28049737,0.76421624,-0.58077097,0.40633672,0.4536293,0.79316515,0.86960435,-0.45846933,-0.18328726
1356440660520,0.32156345,0.76542395,-0.55742544,0.37348062,0.4384372,0.817487,0.8701202,-0.4710616,-0.14488566
1356440660560,0.3518708,0.7652248,-0.53909004,0.33935598,0.43245265,0.83535755,0.87236726,-0.47688136,-0.10751611
1356440660601,0.36885282,0.7641308,-0.5291991,0.30847627,0.43643942,0.8452,0.87680674,-0.47499973,-0.07473427
1356440660640,0.37314904,0.762234,-0.52892256,0.28391775,0.44893247,0.8472605,0.8832613,-0.46632493,-0.048893034
1356440660680,0.3662219,0.7589909,-0.5383441,0.26714543,0.46842498,0.8421468,0.8913556,-0.45222872,-0.031213462
1356440660721,0.34839788,0.7531976,-0.55795366,0.2585575,0.49493244,0.8295721,0.9009811,-0.43328425,-0.022311449
1356440660763,0.3205502,0.7432893,-0.58717,0.2572922,0.5282513,0.809167,0.9116185,-0.41045296,-0.021911502
1356440660801,0.28293407,0.72748375,-0.62507254,0.2616401,0.56844586,0.7800088,0.92276365,-0.38423514,-0.029506266
1356440660841,0.23670322,0.7041661,-0.66941893,0.26901698,0.61456037,0.741583,0.933596,-0.35562012,-0.043964207
1356440660881,0.18478802,0.6729326,-0.7162506,0.27710155,0.66355634,0.6949156,0.94290406,-0.32688624,-0.06385344
1356440660921,0.1346544,0.63649917,-0.7594321,0.28446183,0.70932126,0.6449379,0.9491837,-0.30287313,-0.08554649
1356440660961,0.09434694,0.6006082,-0.7939575,0.2918829,0.745779,0.5988473,0.9517894,-0.28824198,-0.1049453
1356440661001,0.06999236,0.5710848,-0.8179018,0.3019228,0.7693284,0.5630066,0.9507596,-0.28634936,-0.11857641
1356440661041,0.062910676,0.5516905,-0.83167285,0.31721318,0.77905697,0.5407828,0.9462653,-0.29783857,-0.12599248
1356440661081,0.071570545,0.54422885,-0.83587843,0.33862674,0.77499676,0.533584,0.93819493,-0.3212397,-0.12882352
1356440661122,0.093521565,0.5492446,-0.83041203,0.36371976,0.75757045,0.5420286,0.9268018,-0.35272866,-0.12892193
1356440661162,0.12837648,0.5673119,-0.8134351,0.38843808,0.7259241,0.56758267,0.91248846,-0.38883343,-0.12717396
1356440661201,0.17542142,0.5979257,-0.78212035,0.40659645,0.67951876,0.6106829,0.8966085,-0.42513424,-0.123912334
1356440661242,0.23405463,0.6370195,-0.7344553,0.41450477,0.617956,0.668069,0.87943405,-0.4607998,-0.119412184
1356440661281,0.2972525,0.6796168,-0.67064303,0.4093584,0.54384816,0.73256737,0.862593,-0.49229082,-0.11654663
1356440661322,0.3483122,0.71642506,-0.6044946,0.39767835,0.47102898,0.7873904,0.8488407,-0.5146521,-0.12084162
1356440661360,0.37160122,0.7457193,-0.5530056,0.39117977,0.41443515,0.8217189,0.8419566,-0.52167636,-0.13770568
1356440661402,0.35844967,0.768502,-0.53001744,0.3996346,0.38677672,0.83108115,0.8436859,-0.509714,-0.16847998
1356440661462,0.31684554,0.7854362,-0.53169423,0.41891938,0.38704818,0.82140136,0.8509497,-0.4829944,-0.20639998
1356440661480,0.2692172,0.7964629,-0.54145086,0.4362136,0.40038997,0.80585706,0.8586267,-0.45313874,-0.23963606
1356440661520,0.23862416,0.8040327,-0.5446007,0.44319773,0.40882516,0.7977705,0.8640801,-0.4317331,-0.25878984
1356440661560,0.23443934,0.8107331,-0.53642344,0.43879664,0.4041398,0.8025762,0.86746514,-0.4235363,-0.2610007
1356440661601,0.25265843,0.81677604,-0.5186911,0.4236959,0.38855302,0.81823486,0.8698537,-0.4265012,-0.24789351
1356440661642,0.2836954,0.82108116,-0.49532074,0.39838755,0.36893266,0.8397476,0.87224096,-0.4355622,-0.22244406
1356440661681,0.31608024,0.822787,-0.4723503,0.3659175,0.3536279,0.86084366,0.87532717,-0.4449369,-0.18929738
1356440661721,0.34291315,0.8224422,-0.4538715,0.33038768,0.34670192,0.877862,0.8793489,-0.45098397,-0.15283614
1356440661761,0.3619705,0.82093614,-0.44163465,0.29540497,0.348327,0.889609,0.8841455,-0.45247328,-0.11642456
1356440661801,0.37290204,0.81866693,-0.4367246,0.26471445,0.3572479,0.8957121,0.88930887,-0.4496202,-0.083494484
1356440661841,0.37550497,0.8155092,-0.440387,0.24084494,0.37297523,0.8960375,0.8949803,-0.44253153,-0.056357265
1356440661881,0.3696652,0.81077516,-0.45386273,0.2254163,0.39561635,0.89032304,0.9014073,-0.43142948,-0.03651631
1356440661922,0.35493687,0.80335236,-0.47816825,0.21903539,0.4257761,0.877917,0.90886927,-0.4163409,-0.024838984
1356440661961,0.3323281,0.79177237,-0.5124982,0.2207824,0.4629778,0.85843265,0.91695863,-0.3984319,-0.020948887
1356440662002,0.2993809,0.77444756,-0.55731696,0.22988895,0.5083515,0.8298975,0.926025,-0.3765765,-0.025846183
1356440662041,0.25734282,0.74938405,-0.6100805,0.24337602,0.56072867,0.7914237,0.93516994,-0.35214615,-0.0380826
1356440662081,0.20754266,0.71676254,-0.6657158,0.2580713,0.6163061,0.74402016,0.9435705,-0.32621807,-0.057066023
1356440662122,0.15830815,0.6796117,-0.7162866,0.27079228,0.6677372,0.69339645,0.9495315,-0.30373517,-0.07832533
1356440662161,0.1220786,0.645598,-0.75385684,0.28057128,0.70611084,0.65014404,0.9520381,-0.29087925,-0.09493524
1356440662202,0.10709682,0.6224345,-0.7753099,0.29151714,0.72586477,0.62300736,0.9505514,-0.29273826,-0.1037125
1356440662240,0.110078126,0.61047906,-0.7843457,0.3057418,0.73007965,0.61115116,0.9457298,-0.30708164,-0.10628313
1356440662281,0.12937692,0.60974866,-0.78196424,0.32409954,0.71927786,0.6144906,0.93713444,-0.33293515,-0.10456133
1356440662320,0.1602017,0.61802286,-0.76966435,0.34337658,0.69614255,0.6304586,0.92543393,-0.36528525,-0.10069132
1356440662361,0.19835415,0.6327744,-0.74849993,0.35956806,0.6634494,0.6561598,0.91179293,-0.3992887,-0.09592754
1356440662401,0.24093106,0.651545,-0.71933395,0.36999935,0.6235336,0.68869895,0.89724725,-0.432082,-0.090842605
1356440662467,0.28387767,0.67127645,-0.6846908,0.37425652,0.57985914,0.7236681,0.8828055,-0.46168318,-0.08662051
1356440662484,0.31963572,0.68804675,-0.6514789,0.37643927,0.5387514,0.7536846,0.86955535,-0.48614675,-0.086803615
1356440662521,0.3395275,0.7000341,-0.62823033,0.38200706,0.50771594,0.7722015,0.85952985,-0.50217205,-0.09503448
1356440662562,0.3280548,0.7053356,-0.62839615,0.39983347,0.4990121,0.76884335,0.8558699,-0.50347656,-0.11831343
1356440662603,0.27967617,0.702383,-0.6545528,0.42884666,0.5185773,0.7397082,0.8589946,-0.48758152,-0.15618086
1356440662640,0.20681101,0.68870884,-0.6949167,0.45697036,0.5600422,0.69103605,0.8651054,-0.46047023,-0.19889665
1356440662680,0.12764928,0.6643615,-0.73643017,0.47418997,0.6112652,0.6336393,0.8711196,-0.43009144,-0.23700601
1356440662720,0.06371838,0.6317512,-0.7725479,0.4802662,0.65917265,0.57865,0.8748053,-0.4078993,-0.26140732
1356440662760,0.023931146,0.5950927,-0.80330074,0.48131356,0.69741446,0.53099,0.8762218,-0.3993467,-0.26973623
1356440662800,0.009381413,0.55832183,-0.82957137,0.481697,0.7244839,0.49304268,0.8762876,-0.40422747,-0.26214522
1356440662840,0.01633507,0.5231842,-0.85206306,0.48207834,0.74246484,0.46513063,0.87597585,-0.4183591,-0.24008751
1356440662899,0.037765056,0.4908002,-0.87045324,0.48067546,0.7547581,0.44642046,0.8760849,-0.43526462,-0.20741212
1356440662919,0.0660367,0.46217304,-0.8843276,0.47541243,0.7646285,0.43511632,0.8772811,-0.449154,-0.16922927
1356440662959,0.09485936,0.43766347,-0.89412105,0.46530792,0.7745238,0.42848736,0.88005126,-0.45668763,-0.13017744
1356440662996,0.11821854,0.4161867,-0.9015614,0.45184153,0.78594106,0.42206138,0.8842305,-0.4572584,-0.095137656
1356440663042,0.13217351,0.39643294,-0.90849936,0.4355228,0.8001043,0.41249594,0.8904213,-0.4501932,-0.066902995
1356440663090,0.13220018,0.37545305,-0.91736484,0.41621006,0.81892115,0.39514217,0.8996068,-0.43405434,-0.04800582
1356440663130,0.12103036,0.35187486,-0.92818946,0.3970504,0.8398427,0.37015575,0.90978163,-0.41333807,-0.038065612
1356440663171,0.09964055,0.32669768,-0.9398619,0.37689003,0.86179036,0.33951628,0.92088306,-0.38805413,-0.037259817
1356440663209,0.07180542,0.2998076,-0.9512935,0.35676044,0.8829376,0.30519363,0.9314322,-0.36129847,-0.04355979
1356440663250,0.038149387,0.27173853,-0.96161467,0.33659238,0.90258574,0.26841116,0.9408774,-0.3339119,-0.05703205
1356440663289,0.0039744675,0.24334356,-0.969932,0.31879744,0.9190218,0.23187718,0.9478145,-0.31013343,-0.07392472
1356440663330,-0.02583155,0.21673164,-0.97588944,0.3065656,0.9308952,0.19862434,0.951499,-0.29404336,-0.09048891
1356440663369,-0.04748231,0.19292283,-0.9800644,0.30318218,0.93766654,0.16988832,0.95174897,-0.28907138,-0.10301334
1356440663410,-0.060529023,0.17275807,-0.9831027,0.31097594,0.93915415,0.14588852,0.94848835,-0.2968908,-0.110569715
1356440663469,-0.066722274,0.15695906,-0.9853487,0.33037445,0.9353184,0.12661849,0.9414886,-0.31708574,-0.114261806
1356440663491,-0.06786466,0.14698204,-0.9868083,0.35902235,0.92642677,0.11329776,0.9308584,-0.34659734,-0.115641475
1356440663531,-0.06423098,0.14501545,-0.9873424,0.39330795,0.9129814,0.108507305,0.91716045,-0.38136008,-0.11567742
1356440663571,-0.054438323,0.15359749,-0.98663276,0.4291687,0.8957739,0.11577295,0.9015823,-0.4171294,-0.11468369
1356440663612,-0.036244363,0.1746331,-0.98396623,0.46407688,0.8749491,0.13819061,0.88505304,-0.4516273,-0.11275518
1356440663650,-0.008695573,0.20965534,-0.9777367,0.49484563,0.8505584,0.17798367,0.8689374,-0.48228106,-0.11114311
1356440663690,0.022839336,0.25395706,-0.96694577,0.5184946,0.8239443,0.22864623,0.8547758,-0.50657827,-0.112857044
1356440663730,0.04739207,0.30131084,-0.95234746,0.5318089,0.79944676,0.27939957,0.84553725,-0.5197082,-0.12235236
1356440663770,0.04899913,0.34101352,-0.9387805,0.53343886,0.78569627,0.31324798,0.8444181,-0.5161309,-0.14341146
1356440663811,0.0171054,0.36299333,-0.9316347,0.5238914,0.7903709,0.3175716,0.85161334,-0.4935076,-0.17664945
1356440663852,-0.036882013,0.36694625,-0.92951065,0.50549054,0.8092206,0.29940152,0.86204344,-0.4588163,-0.21533352
1356440663890,-0.087652564,0.36216187,-0.92798483,0.48496252,0.8292344,0.27781582,0.87013125,-0.4256866,-0.24831945
1356440663930,-0.11671764,0.35954124,-0.9258008,0.47093397,0.8407485,0.26713896,0.87441313,-0.4048112,-0.26745033
1356440663971,-0.1186569,0.3653334,-0.9232833,0.46681914,0.8412052,0.27286214,0.8763563,-0.39862937,-0.27035946
1356440664012,-0.09529108,0.38113183,-0.9195967,0.4697193,0.831703,0.29603022,0.8776579,-0.40374327,-0.25827885
1356440664049,-0.050890684,0.40595573,-0.91247463,0.47334552,0.8143233,0.33588913,0.8794055,-0.4148222,-0.23359883
1356440664090,0.0068205595,0.43583077,-0.90000284,0.47082818,0.79261845,0.3873975,0.8821986,-0.42638895,-0.1997953
1356440664130,0.0641641,0.46343207,-0.88380635,0.4597767,0.77230704,0.43834603,0.88571346,-0.43447965,-0.16352087
1356440664170,0.11542952,0.48671377,-0.8659017,0.44085127,0.7560688,0.48374587,0.89012706,-0.43757242,-0.12729573
1356440664210,0.15463543,0.5028459,-0.8504316,0.4188793,0.7462202,0.517393,0.8947782,-0.4362355,-0.0952397
1356440664250,0.1802237,0.51130754,-0.8402881,0.3973136,0.7436427,0.53771496,0.8998118,-0.43076688,-0.06912744
1356440664289,0.1919021,0.51142794,-0.8376247,0.37920505,0.7485634,0.54392684,0.9051946,-0.42201218,-0.05028516
1356440664330,0.18940285,0.5026559,-0.843483,0.36538577,0.7612591,0.53570306,0.9113834,-0.40966037,-0.03947866
1356440664370,0.17239034,0.4838736,-0.8579906,0.35495937,0.7819954,0.5123349,0.91885006,-0.39287338,-0.036947012
1356440664409,0.14330047,0.45528036,-0.87874043,0.3458776,0.80887616,0.4754872,0.9272722,-0.37207416,-0.04155892
1356440664469,0.10523251,0.41842106,-0.9021364,0.33645442,0.83869356,0.4282424,0.93580157,-0.34859276,-0.052521825
1356440664491,0.064321995,0.3761934,-0.9243058,0.32781512,0.8668583,0.37562475,0.9425497,-0.32716236,-0.06756383
1356440664531,0.02694577,0.33297104,-0.94255203,0.32266587,0.8895269,0.32346353,0.9461294,-0.31284532,-0.08346939
1356440664571,-0.0023694336,0.29237318,-0.9563014,0.323542,0.905092,0.27591515,0.9462109,-0.3087499,-0.09673953
1356440664611,-0.022201568,0.25633115,-0.96633404,0.3320967,0.9135778,0.23470701,0.94298404,-0.31570548,-0.10540956
1356440664651,-0.03401208,0.22562324,-0.9736207,0.3493802,0.915403,0.199927,0.9363635,-0.33336392,-0.10996306
1356440664691,-0.04060188,0.2004964,-0.9788526,0.37444338,0.911321,0.17113242,0.92636037,-0.3595766,-0.112075865
1356440664732,-0.043420285,0.18225682,-0.9822918,0.4054926,0.9018069,0.14939946,0.9130665,-0.39182508,-0.113060474
1356440664771,-0.04274565,0.17279199,-0.98403037,0.43787935,0.8885337,0.13700196,0.89801705,-0.42503032,-0.11364299
1356440664812,-0.03738734,0.17324303,-0.98416924,0.47028935,0.87202674,0.13563697,0.88172007,-0.4577732,-0.11407709
1356440664850,-0.026220413,0.185268,-0.9823381,0.50007796,0.8533115,0.14758566,0.8655833,-0.4873759,-0.1150226
1356440664890,-0.013776511,0.20480113,-0.97870666,0.5249729,0.8345262,0.1672407,0.8510074,-0.5114905,-0.11901194
1356440664930,-0.008816093,0.22717732,-0.9738134,0.5412097,0.81997037,0.18638813,0.8408414,-0.5253941,-0.13017952
1356440664970,-0.024337053,0.24369149,-0.9695474,0.54427356,0.8167302,0.19161952,0.83855474,-0.5230356,-0.15251166
1356440665011,-0.06569052,0.2479819,-0.9665348,0.5308788,0.82884806,0.17657468,0.8448978,-0.5015136,-0.18609577
1356440665050,-0.12198299,0.2404958,-0.9629548,0.50272995,0.8515092,0.14897883,0.85579365,-0.46593332,-0.22477406
1356440665090,-0.17145756,0.22896758,-0.9582151,0.47105673,0.873289,0.12438609,0.8652791,-0.43004674,-0.25758874
1356440665130,-0.19957083,0.22063035,-0.95472187,0.44959587,0.886328,0.11084345,0.87065214,-0.40711787,-0.2760797
1356440665171,-0.20251662,0.21891157,-0.95449716,0.44444615,0.88907456,0.109608516,0.8726137,-0.40202504,-0.2773468
1356440665209,-0.18694761,0.22104955,-0.957177,0.4504984,0.8851528,0.1164289,0.87298447,-0.40944058,-0.2650597
1356440665251,-0.14983517,0.2315853,-0.96120644,0.46428236,0.8748077,0.13839568,0.8729212,-0.42553467,-0.23859793
1356440665289,-0.104331374,0.24326688,-0.9643319,0.47600895,0.8635647,0.1663473,0.8732298,-0.4416754,-0.20589411
1356440665331,-0.052173167,0.25812367,-0.96470207,0.4818783,0.8526194,0.20207287,0.87468344,-0.45432627,-0.16886806
1356440665369,-7.868698E-4,0.2729466,-0.9620289,0.4797936,0.8441695,0.2391151,0.877381,-0.46138716,-0.13162225
1356440665410,0.043300986,0.28512454,-0.95751184,0.47051263,0.83964944,0.2713056,0.8813302,-0.46226922,-0.097797036
1356440665470,0.07532799,0.29239675,-0.9533257,0.4561729,0.8400303,0.29369262,0.88669723,-0.45700464,-0.07010567
1356440665483,0.095469296,0.2944286,-0.950893,0.44091934,0.8439272,0.30557653,0.8924549,-0.44844028,-0.049250126
1356440665522,0.100646615,0.28969508,-0.95181257,0.42371172,0.85309786,0.30445433,0.90018815,-0.43393642,-0.036885798
1356440665562,0.09319949,0.27768737,-0.9561399,0.40622836,0.86614734,0.29114825,0.90900624,-0.41554606,-0.032079995
1356440665602,0.074869454,0.25889817,-0.96299857,0.38802972,0.8820341,0.26729903,0.91860086,-0.3936846,-0.034422755
1356440665641,0.050251633,0.23448804,-0.97081923,0.36956784,0.8986834,0.2361942,0.9278439,-0.37065274,-0.0414989
1356440665682,0.021377414,0.20604858,-0.97830826,0.350553,0.9148629,0.200346,0.9362989,-0.3472318,-0.05267358
1356440665720,-0.009953678,0.1742223,-0.98465604,0.33259982,0.9292148,0.16105053,0.9430155,-0.32589337,-0.067195415
1356440665762,-0.040943176,0.14101703,-0.9891602,0.31839925,0.9402205,0.12086095,0.94707215,-0.30999947,-0.08339536
1356440665800,-0.067756444,0.108989485,-0.99173105,0.31070936,0.9468888,0.0828333,0.948087,-0.3025276,-0.098021865
1356440665841,-0.08792004,0.080130726,-0.99289936,0.31180823,0.94888234,0.048968136,0.9460686,-0.3052889,-0.10841119
1356440665881,-0.10190508,0.05519314,-0.9932619,0.32323605,0.9461193,0.0194107,0.9408155,-0.31907997,-0.11425477
1356440665921,-0.111887306,0.03440945,-0.993125,0.34447986,0.9387727,-0.006283477,0.9321024,-0.34281462,-0.11689013
1356440665978,-0.11946449,0.018582419,-0.9926645,0.37281275,0.9274989,-0.027504474,0.9201841,-0.3733638,-0.117730916
1356440665999,-0.12462404,0.009237841,-0.9921611,0.4043966,0.9136055,-0.042289287,0.90605325,-0.4064968,-0.11759299
1356440666039,-0.1258792,0.008183256,-0.99201185,0.43646973,0.89843905,-0.047973543,0.89086956,-0.43902197,-0.116666555
1356440666076,-0.12183678,0.016575038,-0.99241173,0.46742466,0.8830041,-0.04263726,0.8755969,-0.4690725,-0.11532992
1356440666119,-0.11427339,0.03311971,-0.9928972,0.49525765,0.8682937,-0.028036252,0.86119777,-0.49494368,-0.11562562
1356440666159,-0.10986894,0.053403914,-0.9925104,0.5156248,0.8567441,-0.010979921,0.84974104,-0.5129694,-0.121665955
1356440666199,-0.12025591,0.06848943,-0.9903776,0.5218761,0.8530101,-0.0043786466,0.84450215,-0.51738095,-0.13832247
1356440666239,-0.1532292,0.069862664,-0.9857181,0.5080471,0.8611424,-0.017942205,0.84759015,-0.50354046,-0.16744566
1356440666279,-0.2027022,0.05548291,-0.9776674,0.4738533,0.8792757,-0.048346028,0.8569568,-0.47307074,-0.2045219
1356440666319,-0.25041357,0.032219097,-0.96760267,0.43013507,0.89908904,-0.08138032,0.86733896,-0.43657863,-0.23900265
1356440666359,-0.2828775,0.008058265,-0.9591221,0.39291412,0.9131861,-0.10821134,0.8749849,-0.4074632,-0.261486
1356440666399,-0.29764128,-0.013564169,-0.95458144,0.37208626,0.91917926,-0.12907869,0.8791823,-0.39360577,-0.26853865
1356440666469,-0.29665852,-0.03142625,-0.95446634,0.36890048,0.9181068,-0.14488737,0.8808553,-0.39508516,-0.26077104
1356440666482,-0.2807166,-0.04349841,-0.9588044,0.38012516,0.91224676,-0.15267842,0.88130754,-0.4073251,-0.23954797
1356440666521,-0.2547985,-0.05103755,-0.9656463,0.3970407,0.9050262,-0.15259801,0.88172346,-0.42228264,-0.21033537
1356440666561,-0.21799827,-0.04998228,-0.97466844,0.41582644,0.8987442,-0.13909417,0.88292986,-0.43561518,-0.17514074
1356440666601,-0.175996,-0.04354821,-0.9834271,0.43110502,0.8947139,-0.116771206,0.8849711,-0.44451165,-0.1386922
1356440666642,-0.13313004,-0.03376855,-0.99052316,0.4401558,0.8934381,-0.08961739,0.8879973,-0.44791532,-0.10408002
1356440666681,-0.09696072,-0.026455253,-0.9949365,0.44202888,0.8945054,-0.066862375,0.8917449,-0.4462737,-0.0750379
1356440666723,-0.07155973,-0.024721295,-0.99713,0.43650842,0.8981026,-0.053592503,0.89684993,-0.43909067,-0.05347693
1356440666760,-0.0586201,-0.03104937,-0.9977974,0.42586482,0.9032258,-0.05312583,0.90288585,-0.42804104,-0.03972435
1356440666801,-0.057865378,-0.045148775,-0.997303,0.41022402,0.90966666,-0.06498334,0.9101472,-0.4128779,-0.034117103
1356440666841,-0.067243546,-0.06633714,-0.9955289,0.39036155,0.91650015,-0.08743821,0.9182027,-0.39449584,-0.035733223
1356440666881,-0.08412641,-0.09262936,-0.9921404,0.36632168,0.9230724,-0.117242396,0.9266776,-0.3733057,-0.04372263
1356440666921,-0.105888695,-0.12202828,-0.986862,0.3392868,0.9284502,-0.15121043,0.93470424,-0.35084075,-0.0569098
1356440666962,-0.13006136,-0.15254748,-0.97970057,0.31272826,0.9313462,-0.18653491,0.9408958,-0.33064106,-0.07342625
1356440667001,-0.15404302,-0.18214616,-0.97113,0.291488,0.930741,-0.22080731,0.9440898,-0.31708658,-0.09028077
1356440667041,-0.17545423,-0.2089634,-0.9620551,0.27947518,0.92643964,-0.25219667,0.9439858,-0.31311953,-0.10414767
1356440667082,-0.19445556,-0.2325994,-0.9529347,0.27945998,0.9180819,-0.2811188,0.9402601,-0.32097226,-0.1135239
1356440667121,-0.21184412,-0.25280994,-0.9440388,0.28961396,0.90633476,-0.3077029,0.9334056,-0.33859187,-0.11878443
1356440667164,-0.22931829,-0.26962575,-0.935262,0.31082436,0.8902738,-0.33286762,0.922389,-0.36703485,-0.120349765
1356440667211,-0.24606729,-0.2803315,-0.9278282,0.340766,0.87112796,-0.353574,0.907375,-0.40317532,-0.118828654
1356440667251,-0.25654364,-0.2780539,-0.9256734,0.37272117,0.85519004,-0.360179,0.8917759,-0.4374197,-0.11575699
1356440667291,-0.25934476,-0.2634778,-0.9291501,0.40523452,0.8435943,-0.35232607,0.8766558,-0.46789756,-0.11201149
1356440667330,-0.2528832,-0.23267698,-0.93910146,0.43698066,0.83853585,-0.32543132,0.86319065,-0.49266526,-0.1103763
1356440667370,-0.24081296,-0.18755098,-0.95227814,0.46245223,0.8404452,-0.28247082,0.85331523,-0.5084058,-0.11565673
1356440667411,-0.23290901,-0.13841328,-0.96259815,0.47311017,0.84866524,-0.23650384,0.8496589,-0.5104988,-0.13217705
1356440667465,-0.24467635,-0.10802026,-0.96356905,0.4600041,0.8618843,-0.21342848,0.8535396,-0.49546653,-0.16119295
1356440667491,-0.2802418,-0.11201647,-0.9533713,0.4209362,0.87824744,-0.22692323,0.862715,-0.46490186,-0.19896984
1356440667532,-0.32125318,-0.13719812,-0.9370022,0.3681948,0.8935043,-0.25706542,0.8724843,-0.42758238,-0.23652548
1356440667571,-0.34817624,-0.15903915,-0.9238398,0.32580197,0.9035398,-0.27833256,0.8789917,-0.39789757,-0.26277578
1356440667610,-0.35593587,-0.16434856,-0.91994524,0.30893993,0.9083709,-0.2818127,0.88196695,-0.38451508,-0.27254796
1356440667650,-0.3441882,-0.14723098,-0.927285,0.321089,0.9096223,-0.2636079,0.8822904,-0.38847175,-0.26580703
1356440667682,-0.31878066,-0.113931336,-0.9409561,0.34831506,0.90920377,-0.22809018,0.8815075,-0.40045995,-0.2501526
1356440667721,-0.24292839,0.0030403882,-0.9700394,0.40840173,0.90737045,-0.09943268,0.8798829,-0.42032078,-0.22166777
1356440667762,-0.0791111,0.24471632,-0.96636194,0.4719639,0.8630636,0.17992036,0.87806123,-0.44185424,-0.18377519
1356440667801,0.11797589,0.49835888,-0.85890645,0.46628717,0.735857,0.4910099,0.87673146,-0.4584244,-0.14556497
1356440667842,0.24821377,0.63794166,-0.72898585,0.41147774,0.6118381,0.6755295,0.87696975,-0.46763715,-0.11063218
1356440667881,0.29746026,0.67453134,-0.6756663,0.37217954,0.56978846,0.73268247,0.8792041,-0.46941307,-0.08155733
1356440667921,0.30015996,0.65894806,-0.68970394,0.35986412,0.5913914,0.7216329,0.88340354,-0.46480495,-0.059619725
1356440667961,0.2762499,0.61362696,-0.7396946,0.36452204,0.6452409,0.6714074,0.88927484,-0.4551112,-0.045432806
1356440668000,0.23475787,0.5477452,-0.8030342,0.37582332,0.7107335,0.5946551,0.8964628,-0.44139892,-0.03900516
1356440668042,0.17969745,0.46568108,-0.866516,0.38597375,0.7768434,0.49753243,0.9048387,-0.42385775,-0.040143907
1356440668081,0.117302656,0.3750419,-0.91955626,0.38840014,0.83486974,0.39004847,0.9139942,-0.4029095,-0.047733903
1356440668121,0.05291313,0.2835416,-0.957499,0.37957528,0.8811629,0.2819124,0.92364645,-0.3783598,-0.061000288
1356440668161,-0.0077602863,0.19949414,-0.9798683,0.35966825,0.91487604,0.18341371,0.933048,-0.35100415,-0.0788514
1356440668201,-0.058740497,0.13134451,-0.98959494,0.33367628,0.9368732,0.104540616,0.94085586,-0.32406363,-0.09885895
1356440668241,-0.09535256,0.08488969,-0.9918173,0.3108656,0.949066,0.051344186,0.94565874,-0.3034261,-0.116885185
1356440668282,-0.11598694,0.061334677,-0.9913552,0.30045915,0.9534967,0.02383916,0.94671607,-0.2950967,-0.12902176
1356440668321,-0.12342399,0.056525126,-0.99074286,0.30749947,0.95141417,0.015973866,0.94350976,-0.30268133,-0.13480878
1356440668361,-0.12069842,0.06724556,-0.99040896,0.33093685,0.9433548,0.023720369,0.93590206,-0.3248998,-0.13611543
1356440668402,-0.10773626,0.093872905,-0.98973775,0.3677553,0.9286803,0.04805045,0.92366064,-0.35880452,-0.13457483
1356440668468,-0.0818038,0.1399871,-0.98676836,0.4103619,0.9069974,0.09465116,0.9082463,-0.39718932,-0.13164121
