1356440786148,0.15998518,0.09534001,-0.9825044,-0.9833416,-0.0716027,-0.16706958,-0.0862785,0.99286616,0.08229649
1356440786170,-0.41403615,0.03939131,-0.90940773,-0.90616226,-0.112532794,0.40768418,-0.086279005,0.9928669,0.08228761
1356440786216,-0.41375482,0.03926623,-0.90954125,-0.90629107,-0.11244565,0.40742183,-0.086276025,0.9928818,0.08211154
1356440786240,-0.41234863,0.038679928,-0.91020465,-0.9069358,-0.11199784,0.40610826,-0.08623269,0.9929553,0.08126235
1356440786281,-0.40969133,0.03762895,-0.91144776,-0.90814954,-0.11115539,0.40361977,-0.08612451,0.9930904,0.07971215
1356440786308,-0.404105,0.035185546,-0.91403556,-0.910679,-0.10921341,0.39841697,-0.08580646,0.9933953,0.076176524
1356440786346,-0.397021,0.031960815,-0.91725284,-0.91383255,-0.10670096,0.39182267,-0.085348785,0.9937773,0.07156932
1356440786389,-0.3893003,0.028190494,-0.9206795,-0.917201,-0.10386264,0.3846492,-0.08478075,0.9941921,0.06629008
1356440786429,-0.38179988,0.024117976,-0.9239303,-0.9204073,-0.10092533,0.37770954,-0.08413839,0.9946016,0.06073171
1356440786468,-0.37499994,0.01993528,-0.92681044,-0.9232601,-0.09804213,0.37145463,-0.08346146,0.9949826,0.05517131
1356440786509,-0.3689295,0.015794933,-0.9293232,-0.9257617,-0.09531903,0.36589557,-0.08280289,0.99532145,0.049788356
1356440786549,-0.36350662,0.011913985,-0.93151546,-0.9279566,-0.09287709,0.36092994,-0.08221635,0.9956063,0.04481709
1356440786592,-0.35799855,0.0082753,-0.93368554,-0.9301461,-0.090593696,0.35583848,-0.081641346,0.9958536,0.040129602
1356440786629,-0.35232288,0.005169183,-0.9358643,-0.932364,-0.08852124,0.35051614,-0.08103195,0.9960609,0.036007583
1356440786673,-0.34636086,0.002583474,-0.93809783,-0.934667,-0.08644092,0.34485608,-0.08019903,0.99625367,0.032354414
1356440786722,-0.3399338,7.392764E-4,-0.940449,-0.93715143,-0.083939075,0.33867595,-0.07869005,0.9964706,0.029226601
1356440786762,-0.3324796,-2.6631355E-4,-0.9431104,-0.93998986,-0.08118874,0.33140233,-0.07665819,0.99669874,0.026743233
1356440786799,-0.3249278,-8.325577E-4,-0.94573843,-0.9428321,-0.07805747,0.32399794,-0.07409164,0.9969485,0.024578035
1356440786840,-0.31692076,-0.0012645423,-0.9484513,-0.94577265,-0.07469195,0.31612533,-0.07124141,0.9972059,0.022475421
1356440786882,-0.30880213,-0.0016448498,-0.9511249,-0.9486816,-0.071119964,0.3081318,-0.06815079,0.99746644,0.020401537
1356440786919,-0.30140704,-0.0017789304,-0.95349395,-0.95129216,-0.06738293,0.30083677,-0.06478432,0.9977256,0.018617332
1356440786961,-0.29609078,-0.0013608634,-0.9551588,-0.9532144,-0.06336886,0.29557833,-0.060929537,0.9979892,0.01746571
1356440787002,-0.29390126,-1.6474724E-4,-0.95583576,-0.95413756,-0.05953282,0.29338938,-0.05695194,0.99822634,0.017339587
1356440787056,-0.29620087,0.0021179914,-0.95512325,-0.9536382,-0.05644244,0.2956152,-0.053283393,0.99840355,0.018738091
1356440787082,-0.30415475,0.0055612326,-0.9526063,-0.9512906,-0.05463487,0.30341572,-0.050358176,0.99849087,0.021907866
1356440787122,-0.31933653,0.010539949,-0.94758266,-0.9463944,-0.05482638,0.3183263,-0.048597455,0.9984402,0.027483106
1356440787161,-0.3428182,0.016886026,-0.93924993,-0.93812966,-0.058169127,0.34136358,-0.0488711,0.99816394,0.035782754
1356440787202,-0.3735361,0.023737222,-0.9273119,-0.9261434,-0.06584376,0.37137988,-0.05224219,0.9975476,0.046579063
1356440787241,-0.40837014,0.029515058,-0.9123392,-0.9109026,-0.07786447,0.40520808,-0.05907905,0.99652696,0.05868286
1356440787282,-0.44299543,0.032656044,-0.895929,-0.8938416,-0.09333354,0.43856135,-0.069298536,0.9950993,0.0705356
1356440787321,-0.47367537,0.03211227,-0.88011396,-0.8767897,-0.1112569,0.46782684,-0.082895726,0.9932728,0.08085531
1356440787362,-0.49842572,0.027745634,-0.86648834,-0.86120033,-0.13059253,0.49120224,-0.09952816,0.99104786,0.088985145
1356440787402,-0.51666075,0.020003706,-0.85595655,-0.84795856,-0.15025109,0.50832176,-0.11844009,0.9884455,0.09459114
1356440787441,-0.53048503,0.010188103,-0.8476331,-0.8365666,-0.16777849,0.5215426,-0.13690105,0.9857721,0.09752703
1356440787483,-0.5399492,-7.90298E-4,-0.8416972,-0.8275822,-0.18187195,0.53106517,-0.15350083,0.98332185,0.09754759
1356440787521,-0.54634225,-0.012082964,-0.8374748,-0.8207482,-0.19162053,0.538195,-0.16698042,0.98139465,0.09477335
1356440787562,-0.55000913,-0.022821844,-0.83484685,-0.8162772,-0.19666797,0.5431513,-0.17658338,0.9802045,0.08954018
1356440787601,-0.5504987,-0.032425582,-0.83420604,-0.81472254,-0.19715434,0.54530483,-0.18214923,0.97983605,0.08211547
1356440787643,-0.54643303,-0.040909886,-0.83650315,-0.816905,-0.19411898,0.5431244,-0.18460026,0.98012465,0.07265347
1356440787681,-0.5351732,-0.04935822,-0.84329915,-0.8240006,-0.18935978,0.5340092,-0.1860447,0.9806664,0.060669065
1356440787721,-0.5145571,-0.05877164,-0.8554396,-0.8363242,-0.18572253,0.5158187,-0.18918985,0.98084307,0.046412647
1356440787762,-0.484622,-0.069618136,-0.87194884,-0.852582,-0.18526918,0.48865044,-0.19556418,0.98021865,0.030430377
1356440787801,-0.4499055,-0.07961273,-0.88952065,-0.86974066,-0.187141,0.45665035,-0.20282093,0.97910166,0.014953315
1356440787843,-0.4158342,-0.0874812,-0.90522313,-0.8855013,-0.18792784,0.42493597,-0.2072905,0.97827923,6.8211555E-4
1356440787881,-0.38676417,-0.09181401,-0.91759664,-0.89881194,-0.18504268,0.3973617,-0.2062779,0.9784321,-0.010955632
1356440787922,-0.3675573,-0.09248397,-0.92539096,-0.908712,-0.1759705,0.37851918,-0.19784847,0.9800414,-0.019362032
1356440787961,-0.36109865,-0.08974248,-0.92819935,-0.9145065,-0.16065681,0.37130472,-0.18244332,0.98292196,-0.02405715
1356440788001,-0.36941808,-0.084203124,-0.9254405,-0.915161,-0.13987482,0.37804148,-0.16127807,0.9865824,-0.025387108
1356440788062,-0.39332217,-0.07637057,-0.9162233,-0.90933764,-0.114724636,0.399929,-0.13565621,0.99045736,-0.024322927
1356440788084,-0.43256617,-0.06634474,-0.89915776,-0.89525884,-0.08648527,0.43707183,-0.10676131,0.99404156,-0.021985054
1356440788122,-0.4850763,-0.053779572,-0.87281656,-0.87121785,-0.05630368,0.48765707,-0.07536879,0.9969642,-0.019542158
1356440788164,-0.5459151,-0.038808048,-0.83694124,-0.8367686,-0.02525872,0.54697376,-0.04236707,0.9989274,-0.018684208
1356440788222,-0.6072472,-0.023369133,-0.79416925,-0.79445356,0.0056344867,0.60729873,-0.009717345,0.99971104,-0.0219872
1356440788240,-0.66020364,-0.011513829,-0.7509984,-0.7508521,0.035105526,0.65953684,0.018770427,0.9993173,-0.031821966
1356440788281,-0.6946461,-0.010419428,-0.7192762,-0.7183331,0.06323719,0.6928193,0.03826624,0.9979442,-0.051412106
1356440788317,-0.7071757,-0.024652034,-0.70660794,-0.7056258,0.087739825,0.7031316,0.044664055,0.99583834,-0.07944256
1356440788367,-0.68373805,-0.06706342,-0.7266394,-0.7290833,0.10461265,0.6763828,0.030655116,0.99224925,-0.12042248
1356440788412,-0.6347237,-0.12324262,-0.762848,-0.77271163,0.10956764,0.62522936,0.006528586,0.9863094,-0.16477627
1356440788447,-0.57138866,-0.17996195,-0.8007052,-0.82046473,0.10293579,0.56235397,-0.018781096,0.9782729,-0.20646876
1356440788487,-0.5102705,-0.22454926,-0.8301817,-0.8591658,0.09023917,0.5036774,-0.038185507,0.97027546,-0.23897147
1356440788529,-0.46732086,-0.24947816,-0.84815794,-0.88277847,0.07948351,0.46301684,-0.048098028,0.9651129,-0.25737828
1356440788571,-0.45514667,-0.25017536,-0.8545489,-0.8891705,0.07694918,0.4510593,-0.047087073,0.96513784,-0.25747174
1356440788610,-0.46975636,-0.23145872,-0.851913,-0.8819315,0.080344915,0.46447983,-0.03906104,0.9695213,-0.24187326
1356440788650,-0.51320136,-0.19311407,-0.8362603,-0.85784435,0.08479637,0.5068655,-0.026971012,0.9775052,-0.20917946
1356440788689,-0.5684422,-0.14587548,-0.8096875,-0.82255447,0.080832064,0.5629125,-0.016666383,0.98599523,-0.16593891
1356440788731,-0.6227648,-0.09893188,-0.7761291,-0.7823069,0.06270915,0.6197285,-0.012640506,0.9931163,-0.116448104
1356440788769,-0.66491586,-0.062184304,-0.7443252,-0.74676585,0.03521663,0.66415393,-0.0150873065,0.9974432,-0.06985319
1356440788810,-0.6934536,-0.037440866,-0.7195278,-0.72010756,0.003007114,0.69385594,-0.023814857,0.99929434,-0.029046774
1356440788849,-0.71046835,-0.023540258,-0.70333534,-0.7027911,-0.027853072,0.71085083,-0.036323667,0.9993348,0.0032448769
1356440788889,-0.7182581,-0.018154263,-0.69553983,-0.69395894,-0.05352187,0.7180225,-0.050261796,0.9984016,0.025844276
1356440788929,-0.71827084,-0.01939559,-0.69549316,-0.6927554,-0.07291639,0.7174769,-0.06462878,0.9971494,0.03893739
1356440788969,-0.71136034,-0.025726914,-0.70235646,-0.6983338,-0.086951435,0.71047115,-0.07934919,0.99588025,0.043887913
1356440789010,-0.6979479,-0.035946876,-0.7152457,-0.70984197,-0.097527266,0.69757634,-0.094831645,0.9945834,0.04255241
1356440789054,-0.67805785,-0.049286604,-0.7333542,-0.72644514,-0.10692245,0.6788557,-0.11187053,0.99304503,0.0366956
1356440789090,-0.6523011,-0.064584225,-0.75520337,-0.74660146,-0.117096424,0.65488523,-0.13072684,0.99101835,0.028163433
1356440789130,-0.62155455,-0.08114195,-0.77915716,-0.768688,-0.12849373,0.6265845,-0.15095907,0.98838526,0.01749301
1356440789170,-0.58929265,-0.09595987,-0.8022007,-0.7901547,-0.13862121,0.59702575,-0.16849259,0.98568547,0.0058653355
1356440789210,-0.5589794,-0.107832044,-0.82214004,-0.8093755,-0.14445794,0.56924784,-0.18014783,0.9836179,-0.0065276623
1356440789250,-0.5338454,-0.114739776,-0.83776116,-0.8253325,-0.1448183,0.54575986,-0.18394351,0.982783,-0.017387867
1356440789291,-0.518104,-0.11546761,-0.8474877,-0.83676004,-0.13685489,0.53019184,-0.17720282,0.9838384,-0.025713623
1356440789329,-0.51248485,-0.110866636,-0.8515091,-0.84340584,-0.12131053,0.5234026,-0.16132495,0.9864037,-0.03133571
1356440789373,-0.51859504,-0.10098377,-0.8490356,-0.84412026,-0.097581506,0.52719903,-0.1360887,0.99009097,-0.034637153
1356440789426,-0.54135597,-0.08253774,-0.8367325,-0.8351977,-0.06183511,0.54646254,-0.09684321,0.99466777,-0.03546053
1356440789475,-0.57939756,-0.06045696,-0.8127997,-0.81316805,-0.02476126,0.58150196,-0.055281788,0.99786365,-0.034815013
1356440789518,-0.6238935,-0.03643632,-0.7806595,-0.78135866,0.00946635,0.62401044,-0.015346646,0.9992912,-0.034375846
1356440789553,-0.6678472,-0.0136523545,-0.74417317,-0.7440324,0.038975477,0.66700584,0.019898325,0.9991469,-0.03618747
1356440789600,-0.7021286,0.0023382306,-0.7120464,-0.71038973,0.06595284,0.7007116,0.04859996,0.99782,-0.044646382
1356440789632,-0.7225899,0.0018545091,-0.6912744,-0.68819785,0.09234768,0.7196218,0.065172136,0.99572504,-0.06545317
1356440789666,-0.72899884,-0.01663673,-0.6843128,-0.68116546,0.11640787,0.72281593,0.067634135,0.9930622,-0.09619361
1356440789706,-0.7156411,-0.05876085,-0.6959921,-0.6964711,0.13533413,0.70470756,0.052782327,0.98905605,-0.13777596
1356440789764,-0.6809809,-0.121484846,-0.722154,-0.7319679,0.14266878,0.6662347,0.022091478,0.98228663,-0.18607777
1356440789801,-0.6430846,-0.1732867,-0.7459316,-0.76577246,0.13800824,0.6281292,-0.005901724,0.9751541,-0.2214492
1356440789849,-0.6203476,-0.19499609,-0.7597008,-0.78403914,0.12793642,0.6073835,-0.02124405,0.97242415,-0.23224956
1356440789891,-0.6102094,-0.19243342,-0.76851404,-0.7918366,0.11718571,0.5993849,-0.0252828,0.97428787,-0.22388369
1356440789929,-0.6145277,-0.17040837,-0.7702706,-0.78858757,0.10542154,0.6058185,-0.022033393,0.97971797,-0.19916642
1356440789970,-0.62649435,-0.138268,-0.76706374,-0.7792378,0.08948827,0.6203066,-0.017125338,0.9863436,-0.16380757
1356440790010,-0.6399616,-0.10446024,-0.7612735,-0.76825994,0.06760448,0.63655823,-0.01502952,0.9922287,-0.12351698
1356440790048,-0.6506377,-0.07487282,-0.7556882,-0.7591901,0.041398406,0.64955103,-0.017349422,0.99633336,-0.08377808
1356440790088,-0.6571768,-0.051220357,-0.75199413,-0.7533608,0.013140678,0.65747607,-0.023794442,0.99860096,-0.04722315
1356440790130,-0.6586149,-0.03377098,-0.751722,-0.7517602,-0.014159203,0.65928453,-0.03290847,0.99932927,-0.01606214
1356440790169,-0.65438724,-0.02239731,-0.75582784,-0.75487566,-0.038874507,0.6547149,-0.044046283,0.9989931,0.008531809
1356440790211,-0.6434057,-0.01729983,-0.76532996,-0.7633585,-0.060670316,0.6431197,-0.057558626,0.9980079,0.025829613
1356440790250,-0.6253006,-0.017028749,-0.78019816,-0.7770105,-0.079274,0.624476,-0.07248348,0.9967074,0.036338568
1356440790290,-0.6001219,-0.022730768,-0.79958546,-0.79480267,-0.095816374,0.5992561,-0.090234965,0.9951394,0.03943509
1356440790329,-0.5671243,-0.03262359,-0.8229857,-0.81626695,-0.11106628,0.56689715,-0.109900236,0.9932773,0.036358953
1356440790370,-0.52738345,-0.04690507,-0.8483317,-0.83941996,-0.12554264,0.52878463,-0.13130447,0.99097884,0.026836038
1356440790409,-0.4834473,-0.06125033,-0.87322795,-0.86241615,-0.13767374,0.48711833,-0.15005672,0.9885819,0.013734698
1356440790450,-0.4401573,-0.073302686,-0.8949236,-0.8830776,-0.14513075,0.4462186,-0.16258997,0.9866934,-8.5163116E-4
1356440790489,-0.40068012,-0.08043954,-0.91268015,-0.9009857,-0.14629358,0.40843976,-0.166374,0.9859654,-0.013857961
1356440790529,-0.3677888,-0.08191255,-0.9262946,-0.9159874,-0.13980871,0.37605956,-0.16030806,0.9867847,-0.02361077
1356440790570,-0.34324503,-0.07826793,-0.9359792,-0.9282067,-0.12406927,0.35076946,-0.14358026,0.98918194,-0.030062616
1356440790619,-0.32986706,-0.06876582,-0.94151944,-0.93743175,-0.0938279,0.33528784,-0.11139721,0.9932107,-0.033512473
1356440790662,-0.3277489,-0.057288498,-0.9430263,-0.9419111,-0.057709336,0.33086714,-0.07337633,0.99668825,-0.03504646
1356440790712,-0.3379485,-0.04309392,-0.9401775,-0.9407305,-0.014870286,0.3388289,-0.028582156,0.9989604,-0.035514414
1356440790751,-0.36107302,-0.02919671,-0.9320804,-0.93242943,0.026524186,0.36037737,0.014200836,0.99922174,-0.0368011
1356440790794,-0.38758022,-0.018031925,-0.9216596,-0.9203018,0.06522727,0.38573313,0.0531618,0.9977075,-0.04187566
1356440790833,-0.41339797,-0.014111191,-0.91044104,-0.9067174,0.09802729,0.41018787,0.083459795,0.9950837,-0.053319097
1356440790885,-0.41803318,-0.039297014,-0.90758145,-0.9037974,0.11877811,0.41114727,0.09164396,0.9921429,-0.08516973
1356440790926,-0.40061605,-0.09230235,-0.9115849,-0.9132483,0.120640576,0.38913164,0.07405639,0.9883957,-0.13262552
1356440790967,-0.36303604,-0.15696645,-0.9184587,-0.9309168,0.10339922,0.3502891,0.039984226,0.9821762,-0.18366033
1356440791010,-0.31510794,-0.21752965,-0.92379,-0.9490547,0.070718884,0.30707327,-0.0014681816,0.97348845,-0.22873163
1356440791061,-0.27048773,-0.25872108,-0.92730784,-0.96201634,0.03572744,0.27064383,-0.036890894,0.96529114,-0.2585578
1356440791088,-0.23903137,-0.27523237,-0.93118805,-0.9692305,0.009565711,0.2459693,-0.05879122,0.9613302,-0.26905006
1356440791127,-0.22151798,-0.27003786,-0.9370216,-0.97290015,-0.0041256547,0.23118886,-0.066295534,0.9628409,-0.261806
1356440791170,-0.22245964,-0.24388167,-0.94394565,-0.97301733,-0.0052661,0.23067158,-0.06122756,0.96979064,-0.23612958
1356440791210,-0.23488021,-0.20546037,-0.9500618,-0.9706902,-0.001613617,0.24032903,-0.0509111,0.97866416,-0.19905937
1356440791249,-0.25691187,-0.15934056,-0.9532087,-0.96558017,8.5014105E-4,0.26010418,-0.04063478,0.98722327,-0.15407449
1356440791289,-0.28141886,-0.11298752,-0.9529098,-0.95897686,-0.0022343993,0.28347555,-0.03415838,0.99359393,-0.10772359
1356440791329,-0.30406594,-0.070628524,-0.95002925,-0.9520904,-0.011677504,0.30559376,-0.03267762,0.9974344,-0.063694
1356440791388,-0.32035583,-0.03535518,-0.9466373,-0.9466213,-0.02579701,0.3213139,-0.03578052,0.9990418,-0.025203764
1356440791409,-0.32733202,-0.008567423,-0.9448705,-0.94393504,-0.042432368,0.3273927,-0.04289803,0.99906254,0.0058024526
1356440791451,-0.32300752,0.009368569,-0.94635004,-0.94485986,-0.060150266,0.32190344,-0.053907454,0.99814534,0.028281033
1356440791486,-0.30675012,0.01969102,-0.95158637,-0.9493978,-0.07717103,0.30444768,-0.06744003,0.99682343,0.042366862
1356440791529,-0.2795068,0.022058815,-0.9598903,-0.9564496,-0.09400976,0.27634454,-0.08414322,0.9953269,0.047374487
1356440791569,-0.24089128,0.017370045,-0.97039664,-0.9649594,-0.11146772,0.23754635,-0.104041725,0.9936162,0.043613017
1356440791610,-0.192797,0.006113261,-0.98121965,-0.9729831,-0.13063407,0.19036472,-0.1270169,0.9914118,0.03113395
1356440791650,-0.1404854,-0.007213652,-0.9900564,-0.9788703,-0.14905488,0.13998413,-0.14858255,0.98880255,0.013878822
1356440791690,-0.090203226,-0.020231664,-0.9957178,-0.9822641,-0.16321087,0.09230065,-0.16437942,0.9863837,-0.0051505864
1356440791729,-0.046419144,-0.029665858,-0.9984814,-0.9842987,-0.16904807,0.050782382,-0.17029786,0.98516124,-0.021352977
1356440791769,-0.012065589,-0.03551352,-0.9992964,-0.9864625,-0.16302907,0.017704457,-0.16354302,0.98598194,-0.033065766
1356440791809,0.0117970705,-0.038999826,-0.9991696,-0.9894496,-0.14475173,-0.0060323477,-0.14439622,0.98869914,-0.040296018
1356440791853,0.023487687,-0.04101336,-0.9988825,-0.9931829,-0.1150679,-0.018629044,-0.11417526,0.99251056,-0.043436468
1356440791904,0.018923521,-0.040869087,-0.9989853,-0.9973742,-0.07062954,-0.01600349,-0.06990376,0.996665,-0.042098343
1356440791955,-0.012501746,-0.03924322,-0.99915147,-0.9996729,-0.021806806,0.013364762,-0.02231276,0.9989917,-0.038957775
1356440792004,-0.06739324,-0.036658257,-0.9970528,-0.9974514,0.025937438,0.06646651,0.023424476,0.9989912,-0.038312852
1356440792075,-0.13521731,-0.040806532,-0.98997533,-0.9890182,0.06572133,0.13237754,0.059660643,0.9970033,-0.04924506
1356440792098,-0.19678396,-0.06311461,-0.97841334,-0.9775629,0.08911502,0.19086438,0.075145006,0.9940197,-0.0792349
1356440792136,-0.23128456,-0.10329309,-0.9673872,-0.97031283,0.09676528,0.22165185,0.070714384,0.98993284,-0.12260693
1356440792182,-0.21532795,-0.16356301,-0.9627466,-0.97548664,0.0818443,0.20427269,0.04538384,0.98313206,-0.1771769
1356440792220,-0.17354053,-0.2235179,-0.95912635,-0.9847686,0.049963593,0.16653648,0.010697514,0.9734185,-0.22878414
1356440792269,-0.13975874,-0.26417512,-0.95429504,-0.9899474,0.016138464,0.1405125,-0.021719038,0.96433973,-0.26377493
1356440792337,-0.16533354,-0.26402605,-0.95023954,-0.9856242,0.010253936,0.16864109,-0.034781963,0.9644611,-0.26192576
1356440792379,-0.22660488,-0.2376276,-0.94455457,-0.9734273,0.02238816,0.22789928,-0.033008307,0.9710983,-0.23638642
1356440792421,-0.31833178,-0.19347677,-0.9280257,-0.9476564,0.03939563,0.3168522,-0.024743348,0.98031366,-0.19589043
1356440792460,-0.4345705,-0.13463235,-0.8905181,-0.90051603,0.048696995,0.4320872,-0.0148073435,0.9896983,-0.14240092
1356440792499,-0.5459431,-0.07465592,-0.8344894,-0.83779013,0.03992963,0.54453033,-0.0073316097,0.9964096,-0.08434528
1356440792541,-0.63743454,-0.022299916,-0.7701818,-0.77049255,0.012881398,0.63731885,-0.004291147,0.99966836,-0.02539295
1356440792579,-0.6984861,0.014917374,-0.71546805,-0.7156046,-0.021831572,0.6981643,-0.005205035,0.9996503,0.025924027
1356440792620,-0.73291254,0.037421674,-0.6792929,-0.6802443,-0.055486858,0.7308823,-0.010340959,0.9977579,0.06612283
1356440792659,-0.74522126,0.04803729,-0.66508484,-0.66653687,-0.08258933,0.74088305,-0.019338876,0.9954253,0.09356588
1356440792700,-0.73921794,0.049981683,-0.6716089,-0.67271876,-0.101771295,0.7328656,-0.031720668,0.9935514,0.10885477
1356440792739,-0.7160488,0.045491606,-0.69656634,-0.6964543,-0.11399609,0.7084887,-0.047175527,0.99243915,0.11330962
1356440792779,-0.6760921,0.03664145,-0.7359054,-0.7339381,-0.121694565,0.6682254,-0.06507096,0.991891,0.109169304
1356440792820,-0.6177264,0.023245424,-0.7860495,-0.7816278,-0.12802309,0.6104655,-0.086441964,0.9914987,0.09725249
1356440792859,-0.544877,0.008014649,-0.83847773,-0.8313552,-0.13556796,0.5389527,-0.10935119,0.99073565,0.08053088
1356440792899,-0.46566105,-0.007431805,-0.884932,-0.8752708,-0.14372367,0.46178418,-0.13061756,0.98959,0.060421646
1356440792939,-0.39050847,-0.020698935,-0.9203667,-0.9090091,-0.14947206,0.389051,-0.14562196,0.98854935,0.039554477
1356440792979,-0.328721,-0.030732065,-0.94392693,-0.93215144,-0.15006489,0.32950592,-0.15177667,0.9881984,0.020682573
1356440793054,-0.28666008,-0.037344486,-0.95730424,-0.9471277,-0.13928813,0.28904644,-0.14413548,0.9895475,0.0045583844
1356440793066,-0.2700563,-0.041989565,-0.9619285,-0.95446986,-0.11980575,0.27319205,-0.12671578,0.991909,-0.0077234507
1356440793111,-0.27874482,-0.04440099,-0.95933825,-0.95525813,-0.09006345,0.28172773,-0.09891027,0.9949458,-0.017309666
1356440793153,-0.31770635,-0.044214994,-0.9471576,-0.9459919,-0.053183377,0.31979805,-0.06451294,0.9976054,-0.024930298
1356440793196,-0.39074957,-0.038045794,-0.91971046,-0.9201819,-0.009996891,0.39136344,-0.024083972,0.99922603,-0.031102777
1356440793237,-0.50267226,-0.023833722,-0.8641485,-0.8643429,0.03147173,0.50191724,0.0152336955,0.9992205,-0.036420524
1356440793272,-0.62756133,-7.993877E-4,-0.7785667,-0.77684987,0.06702405,0.62610865,0.051682204,0.997751,-0.042682707
1356440793313,-0.74542487,0.025290191,-0.6661097,-0.66166145,0.09321427,0.743986,0.08090651,0.99532485,-0.052750707
1356440793351,-0.8308738,0.043657273,-0.5547458,-0.5476723,0.11232436,0.829119,0.09850854,0.9927121,-0.069417536
1356440793392,-0.8771302,0.042772263,-0.4783442,-0.46965203,0.13172245,0.87296975,0.10034756,0.9903635,-0.095449746
1356440793433,-0.89237154,0.016506568,-0.45099965,-0.44327623,0.15556377,0.8827832,0.08473095,0.98768795,-0.13150376
1356440793470,-0.8819931,-0.035545126,-0.4699198,-0.4681998,0.17958623,0.86518073,0.05363816,0.9830998,-0.17503607
1356440793510,-0.8524439,-0.100800574,-0.5130095,-0.5225884,0.19341111,0.83035755,0.015521273,0.9759259,-0.21754938
1356440793552,-0.818809,-0.15686457,-0.55221856,-0.5737793,0.19322914,0.7958894,-0.018142104,0.9685329,-0.24822342
1356440793591,-0.798474,-0.1868709,-0.5722922,-0.60079515,0.18650663,0.7773419,-0.038526267,0.9645178,-0.2611918
1356440793633,-0.8025526,-0.18478823,-0.56724143,-0.5950011,0.1787656,0.7835921,-0.04339531,0.9663831,-0.25341803
1356440793671,-0.8181059,-0.16320655,-0.5514221,-0.573781,0.16755676,0.8016858,-0.03844592,0.9722594,-0.23072392
1356440793712,-0.8396775,-0.12930113,-0.5274684,-0.5423466,0.14900202,0.82683647,-0.028317034,0.9803467,-0.19523966
1356440793751,-0.8579735,-0.09377429,-0.5050622,-0.5133674,0.12146956,0.84952873,-0.018314272,0.98815566,-0.1523583
1356440793791,-0.8695255,-0.06317969,-0.48983043,-0.49374402,0.08723807,0.8652205,-0.011932448,0.99418205,-0.10705036
1356440793831,-0.87367696,-0.04034631,-0.48483065,-0.48638713,0.050362468,0.87229073,-0.01077643,0.99791574,-0.06362444
1356440793871,-0.8706419,-0.025691837,-0.49124596,-0.49169257,0.015267849,0.870635,-0.014867932,0.99955326,-0.025925338
1356440793911,-0.86061203,-0.018682346,-0.50891817,-0.50870216,-0.0152641535,0.8608072,-0.023850143,0.9997089,0.003632903
1356440793951,-0.84304214,-0.018539399,-0.5375279,-0.53656507,-0.039985776,0.8429111,-0.03712055,0.9990282,0.023762107
1356440793991,-0.81731975,-0.024079323,-0.5756811,-0.5736528,-0.059552014,0.8169309,-0.053954095,0.9979348,0.034859836
1356440794067,-0.78102225,-0.03619969,-0.623453,-0.6198551,-0.076637685,0.7809649,-0.07605073,0.9964016,0.037417293
1356440794068,-0.734383,-0.051412463,-0.67678523,-0.6711375,-0.09377307,0.73537815,-0.10127184,0.9942652,0.034360588
1356440794108,-0.6790143,-0.06894401,-0.7308805,-0.7227788,-0.111577034,0.6820127,-0.12857017,0.99136126,0.02593112
1356440794149,-0.61927545,-0.08455777,-0.78060734,-0.7703077,-0.12711573,0.624874,-0.15206543,0.9882771,0.013584137
1356440794190,-0.56169057,-0.09585902,-0.8217754,-0.8104,-0.1362639,0.56981045,-0.16659975,0.98602396,-0.0011460185
1356440794229,-0.51198435,-0.10153341,-0.852973,-0.8419981,-0.13723725,0.5217328,-0.17003298,0.9853207,-0.015227616
1356440794270,-0.47520232,-0.10178167,-0.87396985,-0.864933,-0.12824988,0.48522457,-0.16147345,0.98650515,-0.027089715
1356440794309,-0.45384747,-0.09757048,-0.88572145,-0.87973297,-0.10905528,0.46279243,-0.14174747,0.9892355,-0.03634149
1356440794351,-0.44987565,-0.089758635,-0.8885692,-0.8859629,-0.080601096,0.4566981,-0.11261231,0.99269676,-0.043262303
1356440794405,-0.4715165,-0.07409829,-0.87873864,-0.87929666,-0.036376655,0.4748833,-0.0671536,0.9965873,-0.048002183
1356440794452,-0.5233028,-0.053337723,-0.85047597,-0.8519416,0.010839462,0.52352476,-0.018704891,0.99851775,-0.05111301
1356440794493,-0.5917584,-0.027718693,-0.80563873,-0.8056673,0.053658307,0.58993316,0.026877046,0.99817455,-0.054084837
1356440794533,-0.66267735,2.8520823E-4,-0.74890494,-0.7458507,0.08997083,0.660009,0.067567796,0.9959444,-0.059408844
1356440794590,-0.72531444,0.023760706,-0.6880076,-0.6811894,0.11967504,0.7222595,0.09949878,0.9925288,-0.07061654
1356440794628,-0.7692427,0.031981647,-0.6381558,-0.62816215,0.14495522,0.7644608,0.11695275,0.98892117,-0.09141612
1356440794646,-0.78854823,0.01467523,-0.6147978,-0.604125,0.16845846,0.77888036,0.11499812,0.9855995,-0.12397194
1356440794687,-0.78012204,-0.033635825,-0.6247225,-0.6188179,0.1884113,0.7626045,0.09205392,0.981514,-0.16779822
1356440794728,-0.75210005,-0.09821689,-0.65168935,-0.65653527,0.19793886,0.72786105,0.057506382,0.97528136,-0.21335268
1356440794769,-0.717615,-0.15849194,-0.6781659,-0.6960784,0.19460249,0.6910895,0.022440642,0.9679929,-0.24997246
1356440794809,-0.69386107,-0.19651315,-0.6927767,-0.7201003,0.1846149,0.6688595,-0.003542751,0.9629642,-0.2696063
1356440794850,-0.6915903,-0.20522219,-0.6925219,-0.7221044,0.17471468,0.6693579,-0.016373307,0.9629946,-0.26902282
1356440794891,-0.70658064,-0.1910877,-0.6813437,-0.7073871,0.16538018,0.6872066,-0.018635988,0.9675406,-0.25202733
1356440794930,-0.7352876,-0.15927991,-0.65877324,-0.67760026,0.1519748,0.7195565,-0.014493942,0.97546583,-0.21967334
1356440794969,-0.7644239,-0.12372258,-0.6327312,-0.6446296,0.13080418,0.7532217,-0.01042667,0.9836579,-0.17974502
1356440795010,-0.78910226,-0.091424555,-0.6074202,-0.6141783,0.10111499,0.78266263,-0.010135263,0.9906651,-0.13594109
1356440795056,-0.80683106,-0.06625,-0.5870558,-0.5906073,0.066274464,0.80423295,-0.01437369,0.9955996,-0.09259999
1356440795092,-0.8177724,-0.048384577,-0.5735043,-0.5751231,0.03069967,0.81749064,-0.021947533,0.9983569,-0.05293244
1356440795131,-0.82251525,-0.036734283,-0.56755555,-0.5678729,-0.0021376014,0.8231135,-0.031449676,0.99932283,-0.019102156
1356440795171,-0.8211565,-0.030310482,-0.5698978,-0.5691472,-0.030196846,0.821681,-0.042114645,0.99908435,0.007545173
1356440795210,-0.8131418,-0.028883278,-0.58134854,-0.57951885,-0.05315399,0.81322354,-0.054389566,0.9981685,0.026483297
1356440795251,-0.79727197,-0.03220278,-0.6027607,-0.5997108,-0.07120836,0.79704225,-0.068588585,0.99694157,0.03746009
1356440795291,-0.77254754,-0.039586782,-0.63372165,-0.6293112,-0.08505976,0.7724844,-0.0844844,0.99558914,0.040800393
1356440795331,-0.73816437,-0.050341785,-0.67274,-0.66686475,-0.09632975,0.73892623,-0.10200375,0.9940756,0.037536025
1356440795371,-0.6950256,-0.062488586,-0.71626425,-0.70893395,-0.10643089,0.697198,-0.119799614,0.9923546,0.029671967
1356440795412,-0.6464627,-0.073910624,-0.7593571,-0.7509011,-0.11451721,0.6504102,-0.1350317,0.99066794,0.01853156
1356440795451,-0.5980648,-0.08152482,-0.7972906,-0.78838503,-0.11903459,0.60355604,-0.14410996,0.9895376,0.006917417
1356440795493,-0.55649185,-0.084293276,-0.82656604,-0.81818306,-0.1174767,0.5628283,-0.1445449,0.9894917,-0.0035924911
1356440795530,-0.52467316,-0.08256689,-0.8472903,-0.84017015,-0.110218525,0.5310047,-0.13723049,0.9904719,-0.011541545
1356440795573,-0.507344,-0.07651922,-0.85833955,-0.8532765,-0.09467775,0.5127917,-0.12050405,0.99256283,-0.01725787
1356440795611,-0.5069374,-0.06691119,-0.85938203,-0.85674417,-0.07063937,0.51088125,-0.09488985,0.9952553,-0.021516085
1356440795655,-0.52518463,-0.053895503,-0.84928,-0.8487115,-0.039782465,0.52735764,-0.062208623,0.9977538,-0.02484864
1356440795694,-0.5630057,-0.036610693,-0.82564175,-0.82609165,-0.0046148896,0.56351703,-0.024440944,0.999319,-0.027645648
1356440795735,-0.618033,-0.014969051,-0.78600967,-0.78601676,0.030323327,0.6174611,0.0145916045,0.99942803,-0.03050673
1356440795774,-0.6817271,0.0102339685,-0.73153496,-0.7297151,0.062342227,0.6809033,0.05257386,0.9980024,-0.03503251
1356440795814,-0.7441961,0.034078807,-0.66709137,-0.66261446,0.08844572,0.74372005,0.08434644,0.99549794,-0.043239832
1356440795857,-0.7896989,0.04557064,-0.6117998,-0.60468805,0.11054653,0.7887534,0.10357636,0.9928256,-0.05974245
1356440795890,-0.8154716,0.036577582,-0.5776403,-0.56905496,0.13167071,0.81168914,0.10574797,0.99061847,-0.08655912
1356440795929,-0.8153384,-0.0029164553,-0.57897747,-0.5724378,0.15401685,0.8053532,0.08682352,0.988064,-0.1272453
1356440795968,-0.7973499,-0.060254514,-0.6005019,-0.6008629,0.17247516,0.780523,0.05654165,0.98316926,-0.17372775
1356440796009,-0.7671407,-0.12197572,-0.62977546,-0.64103913,0.18211788,0.74558836,0.02374971,0.97568184,-0.21790123
1356440796071,-0.73909897,-0.16820571,-0.6522573,-0.67359626,0.1832127,0.7160316,-9.3880296E-4,0.96857625,-0.24871504
1356440796091,-0.72476935,-0.18859145,-0.6626785,-0.6888696,0.18024617,0.7021183,-0.012968212,0.9653728,-0.26055187
1356440796131,-0.72745115,-0.18265453,-0.6614016,-0.68602884,0.1748004,0.7062643,-0.01338914,0.9675134,-0.25246495
1356440796171,-0.7414011,-0.1581023,-0.65217185,-0.6710235,0.16423273,0.72301805,-0.0072028935,0.97366893,-0.2278527
1356440796211,-0.7592981,-0.12436625,-0.6387483,-0.6507429,0.14515197,0.74529487,2.604723E-5,0.98156196,-0.19114411
1356440796251,-0.7738413,-0.09119645,-0.6267798,-0.63336885,0.11717653,0.7649272,0.0036852658,0.988915,-0.14843708
1356440796292,-0.7824396,-0.063646644,-0.61946535,-0.6227249,0.08218843,0.7781123,0.001388669,0.9945824,-0.10394186
1356440796331,-0.784573,-0.043348223,-0.6185193,-0.6200104,0.045705378,0.78326124,-0.0056833327,0.99801403,-0.06273556
1356440796372,-0.78161794,-0.029550135,-0.6230571,-0.6235333,0.010234892,0.7817298,-0.016723305,0.9995109,-0.026425242
1356440796411,-0.7738508,-0.020932198,-0.63302183,-0.63268703,-0.020780742,0.7741287,-0.029358894,0.9995649,0.0028377175
1356440796451,-0.7617324,-0.016861558,-0.64767253,-0.6464638,-0.046557248,0.7615229,-0.04299429,0.99877334,0.02456367
1356440796492,-0.74439347,-0.016919434,-0.66752696,-0.66524637,-0.06754547,0.74356234,-0.057669073,0.9975728,0.03902477
1356440796531,-0.7215056,-0.019714266,-0.69212794,-0.6885785,-0.08456522,0.7202142,-0.072728425,0.9962229,0.047439456
1356440796572,-0.6927381,-0.02616939,-0.7207142,-0.7156309,-0.09888935,0.69144285,-0.08936563,0.9947542,0.049776852
1356440796611,-0.6565975,-0.036069244,-0.75337815,-0.7464951,-0.11170781,0.65594697,-0.1078178,0.9930862,0.046421647
1356440796651,-0.6141628,-0.048204303,-0.7877058,-0.7789567,-0.12310696,0.6148749,-0.12661168,0.99122196,0.03805864
1356440796691,-0.5685486,-0.060182393,-0.8204453,-0.81028867,-0.13127047,0.57113945,-0.1420728,0.98951817,0.025868535
1356440796731,-0.5243968,-0.06872913,-0.84869576,-0.8381257,-0.13413411,0.5287281,-0.15017805,0.988577,0.012735784
1356440796771,-0.48601758,-0.07236001,-0.8709483,-0.86124563,-0.1296435,0.4913742,-0.14846858,0.98891693,6.892085E-4
1356440796811,-0.45499367,-0.071023226,-0.8876579,-0.8799659,-0.116972506,0.46041015,-0.13653135,0.99059236,-0.009276271
1356440796852,-0.432455,-0.06544131,-0.89927757,-0.89443135,-0.09486443,0.43702784,-0.113909125,0.9933369,-0.01750815
1356440796893,-0.41767895,-0.057649493,-0.906764,-0.9046578,-0.0664165,0.42093134,-0.08449054,0.9961252,-0.024412274
1356440796932,-0.41155374,-0.04794714,-0.9101234,-0.9100659,-0.03209877,0.41321877,-0.04902649,0.99833405,-0.030424714
1356440796973,-0.41387767,-0.037219703,-0.9095713,-0.91026163,0.004454553,0.41400954,-0.011357576,0.99929714,-0.03572333
1356440797012,-0.42327225,-0.02562055,-0.9056402,-0.90559506,0.041941464,0.42206463,0.02717036,0.99879146,-0.04095453
1356440797054,-0.4370743,-0.01491791,-0.89930165,-0.897152,0.07827586,0.4347311,0.06390834,0.9968201,-0.047596037
1356440797077,-0.45161998,-0.0072585344,-0.89218086,-0.8871556,0.109945476,0.44818172,0.09483814,0.993911,-0.056093037
1356440797121,-0.45765942,-0.010465801,-0.8890659,-0.8816045,0.13514292,0.4522277,0.11541802,0.9907708,-0.071076095
1356440797158,-0.45053184,-0.031101018,-0.8922185,-0.8846556,0.14991099,0.44148734,0.120022655,0.9882102,-0.095053375
1356440797203,-0.4253574,-0.07190111,-0.90216476,-0.89881825,0.15011084,0.411816,0.105814636,0.9860512,-0.1284768
1356440797243,-0.3815443,-0.12813699,-0.9154261,-0.9212315,0.13400072,0.36520714,0.07587123,0.982662,-0.1691711
1356440797280,-0.3256814,-0.18706053,-0.9267901,-0.9446756,0.10479367,0.31081527,0.038980454,0.9767428,-0.21084088
1356440797321,-0.2694936,-0.23389238,-0.9341668,-0.9629852,0.071204334,0.25997955,0.005709499,0.96965164,-0.24442405
1356440797362,-0.2231001,-0.2601959,-0.93942773,-0.97464293,0.042486757,0.21969548,-0.017250568,0.9646207,-0.2630769
1356440797401,-0.18941039,-0.2657726,-0.9452452,-0.9814831,0.023264945,0.19013047,-0.028540432,0.9637549,-0.26525795
1356440797442,-0.1743061,-0.24956271,-0.9525417,-0.9842727,0.015949726,0.17593384,-0.028713793,0.96822727,-0.24841791
1356440797481,-0.17143482,-0.21877518,-0.9605974,-0.9849256,0.015240788,0.17230552,-0.02305594,0.9756562,-0.21809012
1356440797522,-0.18129832,-0.17650142,-0.9674597,-0.9833008,0.01670152,0.1812199,-0.015827507,0.98415864,-0.17658198
1356440797559,-0.1956796,-0.13180459,-0.97177005,-0.98060465,0.015043259,0.19541824,-0.011138439,0.9911616,-0.13219184
1356440797601,-0.21233761,-0.08879322,-0.97315395,-0.97713774,0.008383572,0.21244192,-0.010704905,0.99601483,-0.088543355
1356440797658,-0.22745055,-0.05106321,-0.9724499,-0.9736855,-0.0026801229,0.22788021,-0.0142425895,0.9986918,-0.049109936
1356440797679,-0.23856509,-0.020554781,-0.9709089,-0.9709021,-0.016443074,0.23891151,-0.020875484,0.99965346,-0.016033947
1356440797720,-0.2435736,0.0017709136,-0.9698808,-0.96941894,-0.031357408,0.24340034,-0.029981881,0.9995067,0.009354532
1356440797756,-0.24093813,0.01600179,-0.9704086,-0.9696715,-0.046270967,0.23999211,-0.04106146,0.99880075,0.026664913
1356440797800,-0.22995085,0.022796422,-0.9729353,-0.97167146,-0.061428905,0.2282128,-0.05456391,0.99785113,0.03627628
1356440797839,-0.21050972,0.023838341,-0.9773011,-0.97504365,-0.077254176,0.208139,-0.07053885,0.99672645,0.039506137
1356440797879,-0.1835689,0.020632744,-0.98279023,-0.9789665,-0.09439039,0.18087313,-0.08903408,0.9953214,0.03752595
1356440797920,-0.15016526,0.014408499,-0.9885559,-0.98263276,-0.11242449,0.14762685,-0.109010786,0.9935558,0.03104049
1356440797959,-0.1127938,0.007131219,-0.99359286,-0.9855162,-0.12824398,0.11095649,-0.12663105,0.99171704,0.021493047
1356440798001,-0.074468374,-8.930564E-4,-0.9972229,-0.9875478,-0.1388973,0.0738703,-0.13857755,0.9903064,0.009461552
1356440798059,-0.038766086,-0.007340163,-0.9992214,-0.98892725,-0.1430707,0.039417654,-0.14324862,0.9896853,-0.0017126203
1356440798082,-0.009605229,-0.012172103,-0.99987984,-0.9902898,-0.13856655,0.011199951,-0.13868621,0.99027836,-0.010722995
1356440798121,0.010899901,-0.016026586,-0.9998121,-0.99201834,-0.1257863,-0.008798599,-0.12562165,0.99192786,-0.01726973
1356440798168,0.021554887,-0.020104796,-0.99956554,-0.9948864,-0.09910792,-0.01946053,-0.09867364,0.9948735,-0.022138268
1356440798217,0.0159176,-0.025365978,-0.9995515,-0.9978671,-0.06369883,-0.014274299,-0.06330818,0.99764675,-0.026325822
1356440798254,-0.007332623,-0.030634731,-0.99950373,-0.99963987,-0.02557677,0.008117527,-0.025812745,0.9992033,-0.030436158
1356440798293,-0.045753896,-0.034742564,-0.99834836,-0.9988835,0.013355553,0.045313656,0.011759132,0.9993071,-0.0353148
1356440798336,-0.09889585,-0.038253486,-0.99436224,-0.99392086,0.052382052,0.096836805,0.0483824,0.99789417,-0.043201327
1356440798375,-0.1687873,-0.041405767,-0.98478246,-0.98242116,0.08790314,0.16468665,0.079746515,0.9952681,-0.055514872
1356440798413,-0.2342903,-0.05173731,-0.970789,-0.9669138,0.11606789,0.22716933,0.10092431,0.9918929,-0.07721907
1356440798450,-0.29224497,-0.07141709,-0.9536731,-0.95021105,0.13443327,0.28111675,0.108128875,0.98834574,-0.107148826
1356440798498,-0.30022264,-0.123319805,-0.94586396,-0.949838,0.12971872,0.28457153,0.08760294,0.98385227,-0.15607828
1356440798536,-0.29762545,-0.17932007,-0.9376905,-0.9529333,0.1152347,0.28042653,0.057768345,0.9770186,-0.20517683
1356440798578,-0.2798216,-0.23220202,-0.93154824,-0.9597248,0.09298763,0.26510686,0.02506414,0.96821254,-0.24886996
1356440798619,-0.26608628,-0.2690882,-0.9256294,-0.96394855,0.073133886,0.25584108,-0.0011489689,0.96033484,-0.2788471
1356440798661,-0.26948008,-0.28376937,-0.92024744,-0.96287763,0.06379822,0.2622907,-0.01571992,0.9567678,-0.29042757
1356440798710,-0.31240776,-0.26439488,-0.91241264,-0.9498291,0.071735054,0.30443195,-0.015038252,0.961743,-0.27354056
1356440798749,-0.3575533,-0.2313815,-0.90477526,-0.9338455,0.078840494,0.34887922,-0.009391248,0.96966326,-0.2442643
1356440798790,-0.41228426,-0.18620354,-0.89182395,-0.9110512,0.08133519,0.40419093,-0.0027251244,0.97913885,-0.20317411
1356440798829,-0.4645788,-0.13697869,-0.87487334,-0.8855309,0.073228896,0.4587728,0.0012238622,0.98786354,-0.15531945
1356440798870,-0.5065126,-0.09083599,-0.85743445,-0.8622324,0.054062426,0.5036195,6.082058E-4,0.99439734,-0.10570502
1356440798909,-0.5339287,-0.05233136,-0.84390855,-0.8455169,0.027581692,0.5332359,-0.004628539,0.9982488,-0.05897373
1356440798950,-0.5458423,-0.023212075,-0.8375664,-0.8377781,-0.0010681152,0.5460099,-0.01356861,0.99973,-0.018863559
1356440798990,-0.5426639,-0.0034450889,-0.83994293,-0.8395641,-0.028083801,0.5425343,-0.02545783,0.99959964,0.012347639
1356440799070,-0.52547175,0.008619368,-0.8507675,-0.8499159,-0.051176548,0.5244273,-0.039019078,0.99865246,0.034217536
1356440799071,-0.4963985,0.01421988,-0.8679782,-0.86640185,-0.07052761,0.49434158,-0.054187,0.9974084,0.04733002
1356440799110,-0.456038,0.015019059,-0.88983357,-0.88717145,-0.086765885,0.45320916,-0.07040045,0.99611557,0.052893043
1356440799152,-0.40599895,0.012171328,-0.91379255,-0.90970314,-0.100800455,0.40283936,-0.087207615,0.9948322,0.051997125
1356440799190,-0.34834242,0.006449163,-0.93734515,-0.9315201,-0.11389977,0.34539402,-0.10453594,0.99347126,0.045683682
1356440799232,-0.28616625,-9.383857E-4,-0.9581796,-0.9504602,-0.12640506,0.28398463,-0.12138525,0.9919783,0.035280943
1356440799271,-0.22369885,-0.008604944,-0.9746203,-0.9652397,-0.13672358,0.22275299,-0.1351704,0.9905718,0.022279084
1356440799312,-0.16548228,-0.015145808,-0.9860965,-0.975778,-0.1425525,0.1659402,-0.14308384,0.98967135,0.008810997
1356440799351,-0.11537528,-0.019571632,-0.99312913,-0.98296106,-0.14177877,0.11698809,-0.14309433,0.98970485,-0.0028803647
1356440799391,-0.075329125,-0.021834463,-0.99691963,-0.9880942,-0.13286221,0.0775722,-0.13414666,0.99089396,-0.0115661025
1356440799432,-0.045948625,-0.022958606,-0.99867994,-0.99225533,-0.11444622,0.048284024,-0.11540371,0.99316406,-0.017522156
1356440799471,-0.027489781,-0.024273038,-0.99932736,-0.9955584,-0.089386344,0.029557228,-0.09004372,0.9957012,-0.021708012
1356440799512,-0.020373404,-0.026127696,-0.99945104,-0.9979925,-0.05942601,0.021897167,-0.05996552,0.9978907,-0.024864554
1356440799552,-0.026273489,-0.028241813,-0.9992558,-0.99926966,-0.027002871,0.027037054,-0.02774641,0.99923635,-0.027511656
1356440799592,-0.045058787,-0.030128866,-0.9985299,-0.998971,0.0065351725,0.044881523,0.0051733255,0.99952465,-0.030392349
1356440799632,-0.07461512,-0.032141,-0.9966943,-0.99652815,0.039423585,0.073331416,0.036936313,0.99870557,-0.034971
1356440799672,-0.10823578,-0.036628902,-0.9934503,-0.9919979,0.06932044,0.10552165,0.06500128,0.9969218,-0.0438388
1356440799713,-0.1373646,-0.047748297,-0.98936903,-0.98687136,0.09225634,0.13256541,0.0849458,0.9945898,-0.059794188
1356440799766,-0.14804381,-0.07306203,-0.9862783,-0.98490584,0.10132837,0.14033157,0.08968505,0.9921666,-0.086960256
1356440799798,-0.1289596,-0.118168175,-0.98458403,-0.9890129,0.087685525,0.11901581,0.07226986,0.9891145,-0.12817776
1356440799837,-0.094263405,-0.16650057,-0.9815253,-0.9945209,0.060506016,0.08524755,0.045194387,0.9841832,-0.17129183
1356440799880,-0.051459998,-0.20978603,-0.97639215,-0.99855137,0.026195437,0.046999604,0.015717179,0.97739637,-0.21083009
