1356440508822,0.49039292,-0.10686737,0.8649243,0.865225,-0.05919391,-0.49787718,0.104405075,0.99250966,0.063436076
1356440508871,-0.45546764,0.10438496,-0.8841114,-0.88410836,0.063436866,0.46295586,0.10441092,0.99251175,0.06339413
1356440508911,-0.4552722,0.104206234,-0.8842331,-0.88420784,0.06355733,0.46274936,0.10442081,0.99252284,0.06320411
1356440508951,-0.45477635,0.103642136,-0.8845545,-0.884464,0.06388211,0.4622148,0.10441211,0.992561,0.06261569
1356440508993,-0.45407486,0.10240042,-0.8850594,-0.8848317,0.064515114,0.46142235,0.10434961,0.99264896,0.061312437
1356440509030,-0.45389068,0.100463,-0.88537586,-0.8849386,0.06542057,0.46108976,0.10424429,0.9927877,0.059209764
1356440509069,-0.45543087,0.09835601,-0.8848213,-0.8841559,0.06632066,0.46246055,0.10416773,0.9929389,0.05675757
1356440509112,-0.4586792,0.09651756,-0.88334465,-0.88247186,0.06708807,0.46555626,0.10419622,0.99306774,0.054402173
1356440509150,-0.46329087,0.095309764,-0.8810661,-0.8800334,0.06766087,0.47006714,0.104415625,0.99314547,0.052529216
1356440509193,-0.46850562,0.09493783,-0.8783446,-0.87722135,0.06795788,0.47525188,0.10480982,0.99316084,0.05144286
1356440509231,-0.47335714,0.09557274,-0.8756705,-0.8745451,0.06793028,0.48016286,0.10537505,0.99310184,0.051427364
1356440509273,-0.4764415,0.09681761,-0.8738592,-0.87280023,0.067679584,0.4833625,0.10594046,0.9929984,0.052257
1356440509309,-0.47843677,0.09883711,-0.872542,-0.8716489,0.06697416,0.48553348,0.10642654,0.9928473,0.05410832
1356440509351,-0.47929806,0.10154784,-0.8717576,-0.87113404,0.06578702,0.4866185,0.10676536,0.992653,0.056930184
1356440509392,-0.47917974,0.10452226,-0.8714711,-0.87117445,0.06436396,0.4867363,0.10696608,0.9924376,0.060215235
1356440509441,-0.4793327,0.10787594,-0.8709781,-0.8710816,0.06255853,0.48713785,0.107037574,0.9921941,0.06398237
1356440509471,-0.4789973,0.110871315,-0.8707865,-0.8712691,0.06088394,0.4870147,0.10701287,0.9919681,0.0674355
1356440509512,-0.47806448,0.11299443,-0.87102616,-0.87179816,0.05962491,0.48622307,0.10687533,0.99180496,0.07000381
1356440509551,-0.47913247,0.113814145,-0.8703324,-0.87122655,0.05893004,0.48733106,0.106753945,0.99175286,0.07092255
1356440509592,-0.4721164,0.11212754,-0.87437606,-0.87503153,0.060663998,0.48024964,0.10689232,0.99184036,0.0694747
1356440509630,-0.46348697,0.1082938,-0.8794614,-0.87955606,0.06420684,0.4714431,0.10752186,0.9920434,0.06549138
1356440509673,-0.4529541,0.10239869,-0.88563377,-0.8848883,0.06942755,0.46060017,0.108652234,0.9923177,0.059163928
1356440509711,-0.4405802,0.094676524,-0.8927069,-0.8909416,0.07579732,0.44774765,0.11005601,0.9926184,0.050956428
1356440509751,-0.4268977,0.0855985,-0.9002396,-0.89741504,0.08250874,0.43340355,0.111376315,0.99290746,0.041594625
1356440509790,-0.4128214,0.07572636,-0.9076585,-0.90387917,0.08866024,0.4184995,0.112164676,0.9931792,0.031846642
1356440509829,-0.40034032,0.066096246,-0.9139797,-0.90949523,0.09325397,0.40511987,0.11200911,0.993446,0.022780895
1356440509870,-0.39127612,0.057515085,-0.9184743,-0.91359776,0.095718026,0.3951926,0.11064413,0.99374545,0.015093446
1356440509910,-0.3885728,0.051355094,-0.91998583,-0.9150238,0.09591597,0.3918312,0.10836393,0.99406385,0.009720743
1356440509952,-0.39507508,0.049248666,-0.91732776,-0.91249514,0.09434843,0.39805907,0.106152296,0.99432033,0.007664442
1356440509991,-0.41180557,0.05284515,-0.9097382,-0.9052346,0.09100169,0.41505307,0.10472128,0.99444765,0.0103622675
1356440510032,-0.43771666,0.062194645,-0.8969593,-0.893104,0.08506757,0.44173378,0.10377562,0.99443215,0.018310785
1356440510073,-0.46893156,0.07608378,-0.8799514,-0.877345,0.07473606,0.47400454,0.10182822,0.99429667,0.03170556
1356440510111,-0.49909735,0.09062907,-0.8617936,-0.86101127,0.060356677,0.50499165,0.0977819,0.9940541,0.047908843
1356440510152,-0.5245487,0.103939235,-0.84501195,-0.8465174,0.04225892,0.53068113,0.09086791,0.9936855,0.0658195
1356440510191,-0.54279613,0.11425492,-0.83205664,-0.83581924,0.02363354,0.5484959,0.08233282,0.99317026,0.082668245
1356440510232,-0.5535884,0.12140381,-0.8238938,-0.8296346,0.005648613,0.5582781,0.07243097,0.9925871,0.097593784
1356440510271,-0.5569013,0.12563622,-0.82102156,-0.8282664,-0.010296226,0.5602399,0.06193295,0.9920229,0.10979432
1356440510311,-0.5534939,0.12746081,-0.82304204,-0.831254,-0.023335278,0.55540264,0.05158615,0.99156904,0.11886823
1356440510351,-0.5441469,0.12732324,-0.8292725,-0.83794403,-0.033136785,0.54474926,0.041879803,0.9913075,0.12472111
1356440510391,-0.5294666,0.12552726,-0.8389922,-0.84768885,-0.03982234,0.5289968,0.03299284,0.99129057,0.12749279
1356440510432,-0.5098779,0.12188855,-0.8515678,-0.85989594,-0.043946326,0.5085741,0.024566114,0.9915705,0.12721866
1356440510471,-0.48513907,0.1157901,-0.8667368,-0.8742986,-0.0465948,0.48314682,0.015558183,0.9921802,0.12384009
1356440510512,-0.45541984,0.10710955,-0.88381016,-0.89026296,-0.04924655,0.45277667,0.0049721003,0.99302685,0.11778349
1356440510551,-0.4218952,0.096159995,-0.90153074,-0.9066188,-0.05224961,0.41870317,-0.006842166,0.9939935,0.10922432
1356440510592,-0.38631392,0.08413777,-0.9185219,-0.92221916,-0.053082824,0.38300648,-0.01653245,0.9950392,0.098100066
1356440510632,-0.35039634,0.07187006,-0.93384004,-0.93639827,-0.047651947,0.34768888,-0.019510895,0.99627507,0.08399606
1356440510671,-0.3160889,0.06040588,-0.9468046,-0.9486265,-0.034830928,0.31447494,-0.013981938,0.997566,0.06831229
1356440510718,-0.2855549,0.04986629,-0.95706415,-0.958359,-0.012222648,0.2853044,0.002529204,0.99868107,0.05128002
1356440510754,-0.26188666,0.04137665,-0.9642113,-0.9648027,0.0135163665,0.26262733,0.023899257,0.99905217,0.03638053
1356440510793,-0.24866104,0.03621027,-0.9679135,-0.96715784,0.045049667,0.25015226,0.052662283,0.9983283,0.02381897
1356440510834,-0.25003803,0.034314126,-0.96762776,-0.9647274,0.07617223,0.25198978,0.082353204,0.996504,0.014057875
1356440510872,-0.26465946,0.036512733,-0.96365047,-0.95773447,0.106826246,0.2670823,0.11269507,0.99360704,0.0066969395
1356440510912,-0.29560298,0.043436497,-0.9543228,-0.9446223,0.13572621,0.29877585,0.14250433,0.9897937,9.101033E-4
1356440510952,-0.34044212,0.05454883,-0.93868184,-0.92455065,0.1623357,0.34475076,0.17118731,0.98522663,-0.0048327446
1356440510992,-0.39352453,0.06734729,-0.91684395,-0.8978356,0.18616563,0.3990408,0.19755918,0.98020744,-0.012793958
1356440511033,-0.4464891,0.07694599,-0.8914745,-0.8675661,0.2066564,0.45235187,0.2190356,0.9753832,-0.025514066
1356440511072,-0.48981863,0.076007545,-0.86850476,-0.8405404,0.22329694,0.49358916,0.231451,0.97178257,-0.045487642
1356440511113,-0.5153104,0.05685118,-0.8551159,-0.82536006,0.235713,0.51304996,0.23072943,0.97015846,-0.07454276
1356440511154,-0.5157163,0.012432516,-0.8566692,-0.82949567,0.2429905,0.5028842,0.21441457,0.96994895,-0.11500144
1356440511191,-0.49790967,-0.04518181,-0.8660512,-0.84608066,0.2445035,0.47367245,0.19035122,0.9685952,-0.15996814
1356440511233,-0.46868694,-0.10420251,-0.8771969,-0.8676992,0.24048728,0.43504474,0.165622,0.9650428,-0.20312971
1356440511271,-0.4416516,-0.14688602,-0.88508105,-0.8847889,0.23474047,0.40254882,0.14863554,0.96089613,-0.23363662
1356440511313,-0.42744628,-0.16466877,-0.8889173,-0.8927473,0.23181978,0.38634416,0.14244977,0.95871985,-0.2460981
1356440511351,-0.42835322,-0.15676323,-0.88990945,-0.89176476,0.23228803,0.3883272,0.14583987,0.959931,-0.23929721
1356440511392,-0.4446542,-0.12517405,-0.8869127,-0.88207936,0.23323485,0.40931353,0.15562356,0.9643303,-0.21412224
1356440511431,-0.4721362,-0.07642391,-0.8782066,-0.86554265,0.22903734,0.4453964,0.16710317,0.97041297,-0.17428493
1356440511471,-0.502973,-0.021820873,-0.86402667,-0.84637296,0.21499783,0.4872666,0.17513123,0.97637075,-0.1266067
1356440511511,-0.5311325,0.028538287,-0.84680796,-0.82875234,0.19041276,0.5262248,0.17626056,0.9812892,-0.07748324
1356440511552,-0.55348504,0.06835753,-0.83004916,-0.8153924,0.1585638,0.55677,0.16967514,0.98497957,-0.032024443
1356440511592,-0.56922483,0.095440865,-0.8166237,-0.8072915,0.123295546,0.5771297,0.15576789,0.98776984,0.0068656206
1356440511632,-0.5790763,0.11065033,-0.80772966,-0.8036262,0.08940011,0.5883813,0.13731575,0.9898304,0.037151992
1356440511678,-0.58311224,0.11508608,-0.8041985,-0.8041911,0.05852574,0.5914823,0.11513767,0.99162996,0.058424175
1356440511710,-0.58183265,0.11039099,-0.805782,-0.80827653,0.031555235,0.5879569,0.09033179,0.9933872,0.070866525
1356440511746,-0.57593185,0.09908524,-0.8114706,-0.81492853,0.009047747,0.5794909,0.06476095,0.9950378,0.07553655
1356440511788,-0.5648886,0.08207622,-0.8210752,-0.82423866,-0.008933246,0.56617206,0.039134413,0.996586,0.072696626
1356440511831,-0.5488088,0.061454684,-0.833686,-0.83581316,-0.022428691,0.54855573,0.0150128305,0.9978579,0.063673675
1356440511870,-0.5274332,0.0378837,-0.84875154,-0.8495666,-0.031908035,0.5265155,-0.0071356,0.9987726,0.049014032
1356440511909,-0.50214833,0.014378756,-0.86466193,-0.86440575,-0.037814617,0.5013708,-0.02548775,0.9991813,0.031417668
1356440511949,-0.47561646,-0.0063427687,-0.87962997,-0.87883914,-0.03957385,0.47547424,-0.03782609,0.9991965,0.013247669
1356440511989,-0.4509995,-0.0207856,-0.8922821,-0.891552,-0.03615892,0.4514728,-0.04164809,0.9991299,-0.0022238493
1356440512029,-0.4315542,-0.026865989,-0.9016869,-0.9014096,-0.025886714,0.4321928,-0.03495297,0.9993038,-0.013045728
1356440512078,-0.42148113,-0.021537215,-0.9065814,-0.9067551,-0.0034419298,0.42164364,-0.012201428,0.9997622,-0.018078208
1356440512122,-0.41941947,-0.009140611,-0.9077465,-0.9075991,0.024865746,0.41910094,0.018740952,0.999649,-0.018725216
1356440512162,-0.426993,0.008900583,-0.90421116,-0.9026068,0.056151748,0.42678806,0.05457169,0.99838257,-0.015942693
1356440512205,-0.44403338,0.03039515,-0.8954946,-0.891362,0.08668429,0.44492656,0.09114894,0.99577206,-0.01139766
1356440512244,-0.46883678,0.054642946,-0.881593,-0.87392485,0.1162191,0.47196233,0.12824735,0.99171937,-0.006733954
1356440512282,-0.49923635,0.07796103,-0.8629514,-0.85100985,0.14315593,0.50526094,0.16292727,0.9866247,-0.005123019
1356440512322,-0.5273384,0.09306604,-0.8445431,-0.8277046,0.16820908,0.53536046,0.19188368,0.9813483,-0.011671901
1356440512361,-0.5467546,0.08961964,-0.83248293,-0.81072927,0.19178885,0.553114,0.20923087,0.9773359,-0.03220421
1356440512403,-0.5511709,0.059571475,-0.8322631,-0.80733407,0.21387893,0.54997045,0.2107661,0.97504205,-0.06978977
1356440512441,-0.5374403,0.0044561327,-0.84329,-0.81967604,0.23228252,0.5236182,0.19821486,0.97263813,-0.12118542
1356440512481,-0.5099128,-0.058195025,-0.8582554,-0.8409636,0.24367762,0.48311645,0.18102267,0.9681087,-0.17319423
1356440512523,-0.477297,-0.109601885,-0.8718802,-0.8625325,0.24812698,0.44098836,0.1680038,0.9625074,-0.21296543
1356440512561,-0.4471317,-0.13845402,-0.8836876,-0.8794833,0.24813205,0.4061277,0.16304123,0.958781,-0.23271573
1356440512602,-0.42891288,-0.13832316,-0.8926928,-0.88794553,0.24625123,0.3884752,0.16609156,0.95928466,-0.22844374
1356440512641,-0.41841078,-0.118385464,-0.9005095,-0.89185154,0.24114883,0.38268536,0.17185238,0.96324044,-0.20648158
1356440512682,-0.41704774,-0.08280516,-0.90510476,-0.89177114,0.22961861,0.38989687,0.17554343,0.96975183,-0.1696052
1356440512721,-0.41762388,-0.04378751,-0.9075643,-0.89188623,0.21056736,0.4002502,0.17357743,0.97659814,-0.12699139
1356440512762,-0.41922873,-0.0053984225,-0.9078646,-0.89312124,0.18203104,0.4113382,0.16303888,0.9832779,-0.08113402
1356440512800,-0.4170903,0.02595675,-0.90849435,-0.8969131,0.14982003,0.41605392,0.14691007,0.98837256,-0.039207518
1356440512841,-0.411161,0.048925847,-0.91024876,-0.9028096,0.116191626,0.4140461,0.12602082,0.992021,-0.0036026835
1356440512879,-0.39999706,0.06290272,-0.9143553,-0.910766,0.08429986,0.40422624,0.102506965,0.994453,0.023569942
1356440512920,-0.38325572,0.06828296,-0.92111486,-0.92034805,0.055920184,0.38708204,0.07794005,0.9960976,0.041412294
1356440512960,-0.36078578,0.06572363,-0.9303301,-0.93116426,0.030874908,0.36329043,0.052600622,0.9973601,0.050060272
1356440512999,-0.33268493,0.05637014,-0.9413517,-0.94268227,0.0075363517,0.3336065,0.025899827,0.9983815,0.05063188
1356440513040,-0.2996832,0.042298317,-0.9531006,-0.95403665,-0.015375495,0.2992952,-0.001994729,0.9989867,0.04496193
1356440513079,-0.2631194,0.02634421,-0.96440357,-0.9643465,-0.036562324,0.26210502,-0.028355837,0.9989841,0.03502518
1356440513120,-0.22500402,0.012168765,-0.9742818,-0.9731782,-0.051993966,0.22409976,-0.047929764,0.9985732,0.023541272
1356440513161,-0.1877355,0.0016462207,-0.98221827,-0.980633,-0.05712998,0.18733677,-0.055805683,0.9983654,0.012339652
1356440513200,-0.1518771,-0.004243672,-0.9883903,-0.9870735,-0.051128983,0.15189424,-0.051179975,0.9986831,0.0035764575
1356440513245,-0.12107259,-0.0058175027,-0.9926266,-0.9921856,-0.029667974,0.121192634,-0.030154288,0.9995429,-0.0021800399
1356440513283,-0.095418274,-0.0052072406,-0.9954236,-0.9954372,1.6230345E-4,0.09541872,-3.3533573E-4,0.9999864,-0.0051989555
1356440513325,-0.07908547,-0.0019596517,-0.99686587,-0.99607146,0.04011774,0.07894358,0.03983727,0.99919295,-0.005124688
1356440513363,-0.07544944,0.0031126738,-0.99714476,-0.993792,0.081759185,0.07545102,0.081760585,0.99664724,-0.0030753016
1356440513402,-0.084884584,0.011187434,-0.996328,-0.9885425,0.12431145,0.085617155,0.12481275,0.9921801,5.071759E-4
1356440513443,-0.11025494,0.022247702,-0.9936544,-0.9798856,0.16488302,0.11241883,0.16633776,0.9860622,0.0036210418
1356440513481,-0.14844453,0.03295368,-0.9883715,-0.9680304,0.1995008,0.15204114,0.20219123,0.97934335,0.0022853613
1356440513523,-0.18917474,0.03389868,-0.9813581,-0.95558846,0.22363535,0.19193208,0.2259726,0.9740832,-0.009912968
1356440513562,-0.2173759,0.013167053,-0.9759991,-0.94815934,0.23463151,0.21434075,0.23182237,0.9719952,-0.038518786
1356440513604,-0.21535957,-0.03846875,-0.9757768,-0.9519756,0.23095644,0.20100135,0.21762964,0.9722033,-0.08635998
1356440513642,-0.18768847,-0.10557538,-0.97653824,-0.9630049,0.21551406,0.16178778,0.19337696,0.9707768,-0.14211917
1356440513680,-0.14494741,-0.1703479,-0.974665,-0.97493744,0.19262516,0.11132169,0.16878158,0.9663732,-0.19399905
1356440513711,-0.10408923,-0.21714625,-0.9705735,-0.9830471,0.17056832,0.06726575,0.15094262,0.9611212,-0.23121935
1356440513768,-0.088240236,-0.23446226,-0.9681121,-0.9856907,0.160687,0.050926507,0.14362273,0.95875293,-0.24528635
1356440513786,-0.101952076,-0.22158387,-0.9697971,-0.9842224,0.16418368,0.06595507,0.14461023,0.96122026,-0.23482662
1356440513829,-0.15232444,-0.17847896,-0.9720816,-0.9769155,0.17624491,0.12072247,0.14977807,0.9680305,-0.20120531
1356440513870,-0.22722974,-0.11634296,-0.9668665,-0.96157295,0.18390182,0.20385677,0.15409121,0.97603506,-0.15366024
1356440513911,-0.31421685,-0.045688033,-0.94825125,-0.93683445,0.17658436,0.30192572,0.15365198,0.9832246,-0.09828794
1356440513949,-0.38967776,0.015682638,-0.92081773,-0.9090831,0.15345055,0.38732526,0.14737427,0.98803186,-0.04553944
1356440513991,-0.44526488,0.0609352,-0.89332306,-0.88525206,0.119813204,0.4494147,0.13441709,0.9909246,5.944371E-4
1356440514029,-0.4789977,0.08885062,-0.87330794,-0.86985886,0.08560777,0.48581567,0.117926985,0.9923593,0.036281586
1356440514072,-0.49343783,0.102107525,-0.86376685,-0.86416256,0.055141985,0.50018233,0.09870219,0.9932439,0.06102836
1356440514109,-0.4913597,0.10410577,-0.8647124,-0.8674879,0.030023456,0.49655145,0.077655554,0.9941129,0.075558186
1356440514150,-0.4740851,0.09701061,-0.87511843,-0.8787627,0.009895682,0.47715634,0.054949105,0.9952342,0.08055794
1356440514191,-0.441015,0.08153221,-0.8937887,-0.8969964,-0.0066930056,0.44198716,0.030054063,0.9966482,0.076085806
1356440514229,-0.39524418,0.061092496,-0.9165423,-0.9185645,-0.021270692,0.3946984,0.0046176016,0.9979055,0.06452453
1356440514271,-0.3388316,0.03663242,-0.9401337,-0.9406246,-0.034918904,0.33764794,-0.020459563,0.9987186,0.046288908
1356440514309,-0.2809248,0.014726341,-0.9596168,-0.9588908,-0.046106935,0.2800047,-0.040121555,0.99882793,0.027073503
1356440514351,-0.2297911,-0.0021727383,-0.9732375,-0.9719138,-0.051673055,0.22959393,-0.05078897,0.9986617,0.009762228
1356440514395,-0.1912086,-0.012159646,-0.98147416,-0.980316,-0.04774779,0.19157451,-0.049192697,0.99878544,-0.0027905107
1356440514432,-0.1690855,-0.015785575,-0.98547494,-0.9849341,-0.034080386,0.16953859,-0.036261648,0.9992944,-0.0097852945
1356440514472,-0.1675973,-0.013165802,-0.9857676,-0.98578286,-0.009897828,0.16773212,-0.011965275,0.99986434,-0.0113197565
1356440514512,-0.19207555,-0.0043353736,-0.9813705,-0.98117304,0.021388113,0.19194245,0.020157516,0.9997618,-0.008361936
1356440514554,-0.24851865,0.012767583,-0.968543,-0.9669068,0.056298614,0.24884096,0.057704747,0.9983324,-0.0016462207
1356440514592,-0.3415134,0.039482802,-0.93904734,-0.93493223,0.088080466,0.34372023,0.09628275,0.9953307,0.006833017
1356440514632,-0.46264368,0.07676059,-0.88321495,-0.8761445,0.11256027,0.46872273,0.13539433,0.99067557,0.015178025
1356440514673,-0.5965122,0.11866167,-0.7937838,-0.78425133,0.12411475,0.60790247,0.17065498,0.9851472,0.01902461
1356440514714,-0.70235986,0.14756826,-0.69635797,-0.6843139,0.1293503,0.71762323,0.19597253,0.9805571,0.010132492
1356440514790,-0.7703726,0.15286449,-0.618998,-0.6033442,0.13913292,0.7852502,0.20615987,0.97840405,-0.014954269
1356440514794,-0.7954863,0.124988034,-0.5929414,-0.57279915,0.16421324,0.80307853,0.19774406,0.97847426,-0.059036374
1356440514819,-0.80221,0.08600676,-0.59081465,-0.5685036,0.19224942,0.7999023,0.1823808,0.97756994,-0.105329275
1356440514857,-0.79022944,0.036075503,-0.61174834,-0.59116185,0.21811974,0.7764995,0.16144702,0.975255,-0.15103817
1356440514897,-0.77542686,-0.0029414594,-0.63143045,-0.61451375,0.23348051,0.7535647,0.14521009,0.97235703,-0.1828546
1356440514940,-0.7707448,-0.018649787,-0.636871,-0.62215555,0.2375654,0.7459793,0.13738619,0.9711925,-0.19470537
1356440514980,-0.7773875,-0.011823803,-0.62891096,-0.6141275,0.23055512,0.75477934,0.1360743,0.9729874,-0.18649203
1356440515020,-0.79021734,0.009646714,-0.61275065,-0.597283,0.21164382,0.7736019,0.13714759,0.9772992,-0.16148275
1356440515060,-0.80216175,0.035799414,-0.5960326,-0.5812936,0.18138403,0.7932198,0.13650762,0.98276055,-0.12468934
1356440515100,-0.8079776,0.058289647,-0.58632284,-0.5742753,0.14474171,0.8057653,0.13183315,0.987751,-0.0834738
1356440515140,-0.8077998,0.07480201,-0.58469135,-0.5767107,0.104866505,0.8101899,0.121918365,0.9916691,-0.041571975
1356440515180,-0.8017485,0.08500674,-0.5915854,-0.5876852,0.067970395,0.8062296,0.10874525,0.9940593,-0.00453794
1356440515220,-0.7910085,0.08928791,-0.6052547,-0.60476553,0.03553033,0.7956106,0.092543304,0.9953719,0.02589345
1356440515260,-0.7757446,0.08878705,-0.6247697,-0.6265955,0.009013474,0.7792925,0.074822456,0.9960099,0.048641443
1356440515300,-0.75609237,0.08401096,-0.6490505,-0.6520469,-0.011526346,0.758091,0.056206793,0.9963982,0.06349403
1356440515340,-0.7301713,0.07403901,-0.6792408,-0.68229985,-0.026213884,0.7306023,0.036287576,0.99691075,0.069657445
1356440515380,-0.6967609,0.05965835,-0.7148181,-0.7171309,-0.036087036,0.6960035,0.015726686,0.9975663,0.067927
1356440515420,-0.6542779,0.03987047,-0.7552024,-0.7562307,-0.042347014,0.6529332,-0.005947858,0.99830705,0.05785805
1356440515459,-0.60451514,0.01787749,-0.7963929,-0.7961775,-0.045868278,0.60332197,-0.025743306,0.99878746,0.04196173
1356440515501,-0.552224,-0.003339529,-0.833689,-0.8327429,-0.045585215,0.5517799,-0.03984663,0.99895483,0.022392392
1356440515555,-0.50469077,-0.019004017,-0.863091,-0.8622862,-0.037344873,0.5050425,-0.041829884,0.9991217,0.0024607778
1356440515592,-0.4682232,-0.02631542,-0.8832183,-0.88293004,-0.02527833,0.46882352,-0.034663558,0.999334,-0.011398792
1356440515633,-0.45172626,-0.024131775,-0.8918302,-0.89199954,-0.006539643,0.451989,-0.016739577,0.9996874,-0.018571377
1356440515673,-0.45559835,-0.01458478,-0.890066,-0.89015156,0.016192138,0.45537677,0.0077705085,0.99976254,-0.020359814
1356440515715,-0.48082274,0.003256768,-0.87681174,-0.8759887,0.041692615,0.48052627,0.03812155,0.9991252,-0.017193854
1356440515772,-0.5256312,0.026775658,-0.8502911,-0.84787095,0.06513703,0.5261863,0.0694744,0.99751705,-0.011535764
1356440515793,-0.583071,0.05629593,-0.8104684,-0.80590296,0.086037576,0.58576274,0.10270679,0.9947001,-0.004796922
1356440515831,-0.64808303,0.08709952,-0.75657266,-0.74965215,0.10210127,0.65390915,0.13420218,0.9909536,-8.7583065E-4
1356440515873,-0.7039783,0.110889375,-0.7015114,-0.69174856,0.116756976,0.7126372,0.16093025,0.9869505,-0.0054867864
1356440515913,-0.74425787,0.11762005,-0.65745395,-0.6440958,0.13402164,0.75311273,0.1766942,0.98397344,-0.023988068
1356440515951,-0.761951,0.0965769,-0.64039326,-0.6234511,0.15830976,0.76566744,0.17532632,0.98265505,-0.06041336
1356440515991,-0.7562167,0.046440095,-0.6526712,-0.6352694,0.18684053,0.7493486,0.15674528,0.98129195,-0.11179
1356440516031,-0.7339611,-0.016774535,-0.6789843,-0.6665381,0.20985842,0.71532255,0.13049138,0.9775879,-0.16520882
1356440516071,-0.7086322,-0.07003823,-0.70209336,-0.6971663,0.22269565,0.6814439,0.10862601,0.97236896,-0.20663762
1356440516112,-0.69367033,-0.09711298,-0.71371603,-0.7134805,0.22859317,0.6623374,0.09882903,0.9686662,-0.22785652
1356440516151,-0.6949408,-0.09439561,-0.7128441,-0.7118732,0.23019242,0.6635119,0.10145867,0.96855605,-0.22716784
1356440516191,-0.7090579,-0.06835681,-0.7018292,-0.6963063,0.22501177,0.6815623,0.11133042,0.9719553,-0.20714372
1356440516233,-0.73015743,-0.028130352,-0.68269956,-0.6722936,0.20802051,0.71045667,0.12203011,0.97771984,-0.17079961
1356440516271,-0.7484531,0.011687994,-0.66308475,-0.6507304,0.17994004,0.7376799,0.12793753,0.9836082,-0.1270709
1356440516313,-0.76248115,0.045799673,-0.6453874,-0.6345875,0.14159262,0.75976986,0.12617931,0.98886496,-0.078897774
1356440516351,-0.7706431,0.070484936,-0.63335705,-0.6260952,0.10153884,0.7731072,0.118802756,0.9923315,-0.034119904
1356440516391,-0.7736915,0.08578172,-0.62772834,-0.6244978,0.06374538,0.7784208,0.10678908,0.9942726,0.0042513013
1356440516430,-0.77158105,0.09224182,-0.62940764,-0.62951434,0.03161627,0.7763453,0.09151101,0.99523455,0.033673108
1356440516469,-0.76385134,0.090516984,-0.6390132,-0.641196,0.0062890053,0.7673514,0.07347712,0.9958751,0.053235233
1356440516511,-0.74926364,0.08085537,-0.6573175,-0.6602095,-0.012925684,0.75097024,0.052223682,0.996642,0.063066304
1356440516551,-0.7263671,0.06387064,-0.68433267,-0.6867621,-0.027812421,0.72634995,0.027359486,0.9975705,0.06406599
1356440516591,-0.694424,0.04098633,-0.71839786,-0.719566,-0.04020238,0.6932594,-4.670918E-4,0.99835056,0.057409823
1356440516631,-0.6546967,0.015150994,-0.7557398,-0.7553662,-0.050386786,0.6533629,-0.028180212,0.9986149,0.04443264
1356440516671,-0.6120156,-0.008571416,-0.7907993,-0.7892554,-0.05676347,0.61143595,-0.050129354,0.9983509,0.027975023
1356440516711,-0.5727875,-0.026177227,-0.81928575,-0.81739765,-0.056680977,0.5732786,-0.06144476,0.9980491,0.011069
1356440516770,-0.5430293,-0.035017937,-0.8389832,-0.83762455,-0.047845423,0.5441469,-0.059196383,0.9982407,-0.0033504367
1356440516791,-0.52761906,-0.034088105,-0.84879684,-0.8484298,-0.028549135,0.52853745,-0.042249262,0.999011,-0.013858318
1356440516828,-0.52844155,-0.024744242,-0.848609,-0.8488482,-0.0015019178,0.5286344,-0.014355242,0.9996927,-0.020210385
1356440516872,-0.5479655,-0.0062131584,-0.8364779,-0.83619416,0.031150341,0.5475483,0.022654533,0.9994954,-0.022264719
1356440516913,-0.58532506,0.019815356,-0.81055653,-0.8083708,0.06304401,0.585288,0.062698424,0.997814,-0.020883083
1356440516953,-0.63718176,0.05497411,-0.7687505,-0.76343656,0.09172422,0.63933665,0.10565996,0.99426585,-0.016475737
1356440516990,-0.69604844,0.09416863,-0.71179265,-0.7029257,0.11266637,0.70228314,0.14632815,0.98916054,-0.012227714
1356440517031,-0.7468827,0.12896428,-0.65233016,-0.63985336,0.12761658,0.757827,0.18098076,0.9834034,-0.012796462
1356440517094,-0.7817291,0.14623867,-0.6062292,-0.58975554,0.14261633,0.7948893,0.20270172,0.97891515,-0.025242269
1356440517116,-0.7910443,0.12350908,-0.5991613,-0.57806504,0.16964316,0.79816157,0.2002238,0.97773546,-0.06279892
1356440517159,-0.78402334,0.07565352,-0.6161039,-0.5933143,0.20039123,0.7796291,0.18244347,0.97679067,-0.112225056
1356440517200,-0.7647027,0.018578857,-0.64411545,-0.624411,0.22557199,0.7478156,0.15918794,0.9740493,-0.16089463
1356440517239,-0.7422042,-0.027290463,-0.6696179,-0.65517765,0.23973525,0.71642816,0.14097938,0.9704547,-0.19581258
1356440517279,-0.7232701,-0.050236404,-0.6887355,-0.6776179,0.24385172,0.69380856,0.13309494,0.9685105,-0.21041179
1356440517320,-0.71206343,-0.047043264,-0.70053744,-0.6889924,0.23882121,0.6842909,0.13511193,0.9699234,-0.20246834
1356440517359,-0.70242995,-0.027917773,-0.7112051,-0.69757664,0.22543997,0.6801203,0.14134663,0.973857,-0.17783058
1356440517399,-0.6954776,0.002371788,-0.7185438,-0.70332783,0.20248175,0.6814184,0.1471082,0.9792832,-0.13915336
1356440517439,-0.68759626,0.035083413,-0.7252452,-0.7108187,0.17127311,0.682204,0.14814901,0.98459876,-0.09282881
1356440517480,-0.67836154,0.06446481,-0.73189485,-0.72073984,0.13506985,0.6799193,0.14268783,0.9887368,-0.04516387
1356440517520,-0.6684878,0.08750716,-0.7385571,-0.732031,0.09797627,0.6741894,0.13135746,0.991334,-0.001437962
1356440517561,-0.6586744,0.10297108,-0.745349,-0.74335074,0.064353585,0.665799,0.11652392,0.99260044,0.034155548
1356440517601,-0.6483967,0.10957864,-0.75337535,-0.7548988,0.0355435,0.65487754,0.09853822,0.9933425,0.059674382
1356440517651,-0.6348739,0.104076356,-0.76557374,-0.76889837,0.011973858,0.63925886,0.075698584,0.9944972,0.072422326
1356440517689,-0.6197663,0.09237194,-0.7793312,-0.78298026,-0.0054469705,0.6220226,0.053212464,0.99570966,0.07570124
1356440517729,-0.5995829,0.0722979,-0.79704046,-0.79976714,-0.01736039,0.60005933,0.029546112,0.997232,0.06823045
1356440517771,-0.57283974,0.045235485,-0.8184182,-0.8196548,-0.026094675,0.57226306,0.004530251,0.9986355,0.052025557
1356440517812,-0.5395918,0.013007253,-0.8418263,-0.84165955,-0.03352499,0.5389669,-0.021211743,0.9993533,0.029037476
1356440517869,-0.50564176,-0.0150566995,-0.86261207,-0.86172855,-0.039669394,0.50581634,-0.04183525,0.9990994,0.007083714
1356440517889,-0.47675425,-0.03455153,-0.8783573,-0.87743056,-0.041669667,0.47789037,-0.053112715,0.99853384,-0.010450363
1356440517936,-0.4567845,-0.04051581,-0.88865423,-0.88830614,-0.032610953,0.4580924,-0.04753983,0.99864656,-0.021094263
1356440517966,-0.4391532,-0.040553063,-0.89749646,-0.8976778,-0.020578146,0.44017175,-0.036319107,0.9989655,-0.027366638
1356440518009,-0.4312451,-0.030700892,-0.9017123,-0.90215707,0.0015525818,0.43140492,-0.011844516,0.99952734,-0.028366566
1356440518051,-0.42984736,-0.014134705,-0.9027909,-0.90267396,0.029174984,0.42933494,0.020270437,0.99947435,-0.025299847
1356440518095,-0.4346488,0.008796394,-0.9005571,-0.89873654,0.06005764,0.43435672,0.05790609,0.9981562,-0.018198311
1356440518133,-0.44337296,0.034489483,-0.8956734,-0.89120305,0.08983749,0.4446194,0.095799714,0.99535906,-0.009094417
1356440518174,-0.45383573,0.060626566,-0.88902056,-0.88115025,0.11803335,0.45786723,0.13269302,0.9911572,-1.4668703E-4
1356440518214,-0.4624173,0.07965413,-0.88307726,-0.87148666,0.14264768,0.46921486,0.16334379,0.98656315,0.0034548044
1356440518254,-0.4624732,0.07830319,-0.8831688,-0.8680414,0.16292864,0.46899715,0.18061748,0.98352575,-0.0073797703
1356440518290,-0.4500752,0.0502069,-0.89157814,-0.8744403,0.17766869,0.45142883,0.18107039,0.98280877,-0.036061347
1356440518331,-0.42068267,-0.007561505,-0.9071763,-0.89225036,0.18428177,0.4122251,0.16405898,0.98284435,-0.084270895
1356440518371,-0.37624598,-0.07805881,-0.9232257,-0.91590357,0.18174589,0.3578953,0.13985556,0.98024243,-0.13987553
1356440518413,-0.32531667,-0.13867515,-0.9353813,-0.93784314,0.17379957,0.30040616,0.12091002,0.97496814,-0.1865955
1356440518451,-0.27730888,-0.17530203,-0.9446529,-0.9540093,0.16676784,0.24910787,0.113868624,0.97028744,-0.21348602
1356440518492,-0.23837754,-0.18483764,-0.95342076,-0.96400136,0.16411623,0.20920613,0.11780265,0.968969,-0.21730536
1356440518531,-0.21148255,-0.17064393,-0.9623699,-0.96907187,0.16473463,0.18374518,0.1271807,0.9714645,-0.20020479
1356440518572,-0.19617435,-0.13985473,-0.97054434,-0.97118825,0.16429314,0.17262998,0.13531065,0.97644687,-0.16805536
1356440518611,-0.1906369,-0.09963712,-0.976591,-0.9719591,0.15867546,0.17354378,0.13766965,0.9822904,-0.12709266
1356440518651,-0.19150147,-0.05700466,-0.9798355,-0.97238076,0.1467323,0.181508,0.1334267,0.9875323,-0.08352965
1356440518691,-0.19583982,-0.016624987,-0.980495,-0.9728324,0.12917995,0.192119,0.12346628,0.9914818,-0.0414719
1356440518732,-0.19903451,0.016306221,-0.9798567,-0.9737483,0.10939962,0.19961432,0.110450834,0.99386406,-0.0058960915
1356440518772,-0.19858265,0.03963563,-0.9792824,-0.9755788,0.08770156,0.20138133,0.09386647,0.995358,0.021251678
1356440518810,-0.19188708,0.05290842,-0.9799898,-0.9786087,0.0651713,0.19513512,0.07419151,0.99647045,0.039271116
1356440518849,-0.17844397,0.056789577,-0.9823098,-0.9826459,0.0410977,0.18088096,0.05064282,0.99753994,0.048470378
1356440518891,-0.15748912,0.05181551,-0.9861604,-0.98728085,0.013751507,0.15839055,0.021768302,0.9985621,0.048990667
1356440518929,-0.13076234,0.042079,-0.99052036,-0.9913821,-0.013538003,0.13030094,-0.0079267025,0.99902254,0.043486595
1356440518971,-0.101053834,0.02924788,-0.9944509,-0.99428165,-0.037659705,0.099928975,-0.034527987,0.9988625,0.032886207
1356440519009,-0.07088858,0.016379416,-0.99734974,-0.9961131,-0.053568482,0.06992099,-0.05228129,0.9984298,0.0201132
1356440519049,-0.043762624,0.005747676,-0.99902546,-0.99737346,-0.058021188,0.04335645,-0.057715416,0.9982989,0.008271724
1356440519092,-0.02263683,-0.0017981231,-0.99974215,-0.99850976,-0.04962814,0.022698164,-0.049656123,0.9987662,-6.7204237E-4
1356440519133,-0.010007501,-0.006508678,-0.9999287,-0.9995396,-0.028576076,0.010189652,-0.02864042,0.99957037,-0.006219685
1356440519172,-0.008466333,-0.008776009,-0.9999256,-0.9999626,0.0018289983,0.0084505975,0.0017546117,0.9999598,-0.008791149
1356440519214,-0.020475,-0.007793814,-0.99976003,-0.9990076,0.039722472,0.020149946,0.039555937,0.9991803,-0.0085994005
1356440519253,-0.050109476,-0.0024402142,-0.9987407,-0.99557227,0.07975045,0.049755692,0.07952857,0.99681187,-0.006425619
1356440519295,-0.09674844,0.008701593,-0.9952708,-0.9879075,0.12088123,0.09708953,0.12115437,0.9926288,-0.0030987263
1356440519333,-0.16261274,0.024978876,-0.98637366,-0.97363365,0.15802693,0.16451427,0.15998301,0.9871187,-0.0013769269
1356440519372,-0.23288244,0.038652837,-0.9717365,-0.9533754,0.1881373,0.23596564,0.1919406,0.9813819,-0.0069631934
1356440519413,-0.2981019,0.039996296,-0.9536957,-0.9310385,0.20812994,0.29974845,0.21048146,0.9772831,-0.024805844
1356440519451,-0.33315676,0.011680841,-0.9427991,-0.9194286,0.21756238,0.32759383,0.20894417,0.9759766,-0.061742663
1356440519490,-0.3354572,-0.044094205,-0.941023,-0.9226467,0.21709901,0.31873366,0.19024086,0.9751532,-0.11351079
1356440519531,-0.31879112,-0.10659662,-0.94181174,-0.9333036,0.2085726,0.29230443,0.16527742,0.97218037,-0.16597813
1356440519571,-0.30433914,-0.15170488,-0.94040596,-0.94129205,0.19931963,0.27247193,0.1461061,0.9681206,-0.20345938
1356440519611,-0.30442348,-0.16803324,-0.93759865,-0.94241714,0.19623038,0.2708202,0.13847858,0.96605307,-0.21809459
1356440519650,-0.32025698,-0.15609276,-0.9343825,-0.9367987,0.19885,0.28786626,0.14086813,0.9675194,-0.20991063
1356440519691,-0.34435448,-0.123882055,-0.93063056,-0.92721283,0.20039639,0.3164138,0.147297,0.9718511,-0.1838724
1356440519732,-0.368304,-0.08106318,-0.9261646,-0.91730785,0.1938287,0.347817,0.15132213,0.9776805,-0.14574778
1356440519771,-0.38290024,-0.03892848,-0.9229691,-0.9116448,0.17739898,0.37072,0.14930224,0.98336875,-0.10341507
1356440519810,-0.38867736,-0.0012358725,-0.9213731,-0.91065645,0.15259671,0.38395184,0.14012396,0.98828775,-0.060436368
1356440519849,-0.3846091,0.029012859,-0.9226234,-0.9144911,0.12405062,0.38511997,0.12562546,0.9918516,-0.02117896
1356440519891,-0.3722571,0.050974578,-0.9267287,-0.9220065,0.09419453,0.37554145,0.106435806,0.9942479,0.0119344
1356440519929,-0.35140526,0.06461772,-0.93399084,-0.93231606,0.066896796,0.35540336,0.08544633,0.99566525,0.03673625
1356440519970,-0.32387668,0.069640666,-0.9435327,-0.9440476,0.041855216,0.3271427,0.062274188,0.9966936,0.052188218
1356440520039,-0.28128988,0.057883948,-0.9578755,-0.95923126,0.0115484,0.28238592,0.027407497,0.99825644,0.052275717
1356440520069,-0.2235145,0.0430198,-0.9737507,-0.974681,-0.016192853,0.22301272,-0.0061739087,0.998943,0.04554999
1356440520110,-0.16717458,0.026089936,-0.985582,-0.9852034,-0.042721808,0.1659795,-0.037775487,0.9987463,0.032845914
1356440520150,-0.1121186,0.008636504,-0.99365723,-0.9916307,-0.0653919,0.11132163,-0.064015746,0.9978222,0.015895963
1356440520190,-0.06094271,-0.0051932633,-0.9981277,-0.99490786,-0.08010882,0.06116292,-0.08027646,0.9967725,-2.84791E-4
1356440520237,-0.01717633,-0.014450461,-0.99974805,-0.99654746,-0.08098549,0.01829192,-0.08122939,0.9966105,-0.013009548
1356440520272,0.019834697,-0.019469291,-0.99961364,-0.99717796,-0.072791934,-0.018368632,-0.0724062,0.9971571,-0.020858109
1356440520315,0.045708507,-0.020812988,-0.99873793,-0.99777186,-0.04959187,-0.044630796,-0.048600435,0.9985527,-0.02303332
1356440520353,0.059559762,-0.02025655,-0.99801916,-0.9980576,-0.01950419,-0.059166133,-0.018267095,0.9996045,-0.021378845
1356440520392,0.060768694,-0.017018259,-0.9980068,-0.9979989,0.016470581,-0.061049104,0.017476678,0.9997195,-0.015983254
1356440520433,0.046569794,-0.010514557,-0.99885976,-0.997333,0.055767447,-0.047085702,0.056198955,0.99838847,-0.00788945
1356440520472,0.01713702,-0.0010545254,-0.9998526,-0.99528515,0.09546265,-0.017159462,0.09546667,0.9954325,5.863905E-4
1356440520511,-0.023265034,0.008612514,-0.9996922,-0.9908811,0.13254741,0.02420196,0.13271499,0.9911392,0.0054503083
1356440520552,-0.066955715,0.011717737,-0.9976871,-0.9843753,0.1624355,0.06797013,0.16285631,0.9866495,6.586313E-4
1356440520593,-0.09884399,-0.0038344264,-0.99509555,-0.9788419,0.18041515,0.09653428,0.17916018,0.9835831,-0.02158624
1356440520630,-0.10734102,-0.044415325,-0.9932296,-0.97803175,0.18427047,0.09745836,0.17869422,0.9818715,-0.06321937
1356440520672,-0.086033344,-0.10806155,-0.9904145,-0.9828528,0.17193764,0.06661683,0.16309083,0.979163,-0.121000946
1356440520711,-0.051962584,-0.16931713,-0.9841908,-0.98809063,0.15164706,0.026079595,0.1448339,0.9738249,-0.17518061
1356440520776,-0.020962477,-0.2116783,-0.97711456,-0.9909049,0.13433534,-0.007843584,0.13292131,0.96806324,-0.21256906
1356440520791,-0.001038909,-0.22897643,-0.97343147,-0.9914083,0.12756044,-0.028947502,0.13079968,0.96503794,-0.22714168
1356440520832,0.0010672808,-0.21927851,-0.97566175,-0.99059206,0.13328159,-0.031038463,0.13684383,0.9665159,-0.21707332
1356440520871,-0.007362187,-0.19117647,-0.98152804,-0.98953146,0.14286745,-0.020404696,0.1441293,0.97110265,-0.19022697
1356440520911,-0.02722931,-0.14752555,-0.98868334,-0.988667,0.15004706,0.0048397183,0.14763507,0.9776104,-0.1499393
1356440520971,-0.050298393,-0.096708,-0.9940411,-0.988205,0.14896244,0.035510868,0.1446406,0.9841025,-0.10305989
1356440520989,-0.070581466,-0.046306044,-0.99643064,-0.98827946,0.13879737,0.06355384,0.13535905,0.98923767,-0.055559874
1356440521029,-0.084353715,-0.0017508566,-0.99643433,-0.98901474,0.121965915,0.08351129,0.12138483,0.9925328,-0.012019932
1356440521066,-0.08925372,0.033207208,-0.99545527,-0.9904822,0.10218245,0.09221652,0.104780346,0.9942113,0.023770928
1356440521110,-0.08515328,0.057034463,-0.99473417,-0.99266934,0.08108467,0.08962563,0.085769445,0.99507403,0.049711704
1356440521160,-0.06934923,0.06664419,-0.9953639,-0.9957471,0.056036353,0.073127806,0.06065017,0.99620205,0.062474668
1356440521199,-0.04402572,0.06681934,-0.99679327,-0.9984424,0.03128475,0.046195656,0.03427121,0.9972745,0.0653379
1356440521240,-0.01269424,0.05710715,-0.9982873,-0.9999086,0.00389719,0.012937784,0.004629284,0.9983604,0.057052523
1356440521280,0.022317648,0.04209116,-0.9988645,-0.9994519,-0.023497581,-0.023320943,-0.024452507,0.9988375,0.041543692
1356440521319,0.058727562,0.024105519,-0.997983,-0.9970598,-0.047875524,-0.059829652,-0.049221158,0.9985624,0.021223009
1356440521359,0.094034046,0.007842541,-0.9955381,-0.9934895,-0.06385937,-0.09434366,-0.064314336,0.99792814,0.0017864704
1356440521400,0.1262604,-0.0048056543,-0.9919855,-0.9898311,-0.066657424,-0.12566328,-0.06551927,0.99776435,-0.013172984
1356440521452,0.15544924,-0.014122307,-0.9877429,-0.9867138,-0.050033838,-0.15457198,-0.047237605,0.9986477,-0.021712422
1356440521492,0.18101466,-0.021305948,-0.98324955,-0.9832846,-0.02387166,-0.18050379,-0.019625992,0.99948794,-0.025270939
1356440521534,0.19868809,-0.027077585,-0.97968864,-0.97992384,0.011346519,-0.19904935,0.016505808,0.99956894,-0.024279505
1356440521573,0.20568442,-0.03130263,-0.97811764,-0.97700745,0.05075699,-0.20707533,0.056128323,0.9982203,-0.020142972
1356440521614,0.20140576,-0.033529013,-0.9789339,-0.97449374,0.09413588,-0.20371652,0.09898323,0.99499464,-0.0137143135
1356440521663,0.18405274,-0.03500992,-0.9822926,-0.97244865,0.13897535,-0.18716145,0.14306694,0.9896767,-0.008466512
1356440521702,0.1531164,-0.03787297,-0.9874822,-0.97168547,0.1761955,-0.15742469,0.17995206,0.98362637,-0.00982219
1356440521779,0.12630093,-0.051332146,-0.99066293,-0.9709884,0.19801855,-0.13405308,0.20305085,0.9788532,-0.024832964
1356440521782,0.12072536,-0.086783946,-0.9888853,-0.971013,0.19669941,-0.1358057,0.20629886,0.97661555,-0.060521662
1356440521819,0.14041644,-0.1394923,-0.98021686,-0.9710556,0.17380488,-0.16383782,0.19322062,0.97485065,-0.11104971
1356440521861,0.17989472,-0.19637832,-0.9638846,-0.9688356,0.13424876,-0.20817006,0.17028037,0.9712944,-0.16610765
1356440521900,0.21896684,-0.23893881,-0.9460242,-0.96451294,0.09360206,-0.24688748,0.14754078,0.9665128,-0.2099638
1356440521940,0.24402915,-0.25945884,-0.93441474,-0.9606356,0.06724797,-0.2695497,0.13277459,0.96341,-0.23283494
1356440521980,0.24428974,-0.25642735,-0.9351831,-0.96126527,0.06290285,-0.26835087,0.12763816,0.9645145,-0.23112816
1356440522020,0.22210169,-0.23516554,-0.9462389,-0.9665919,0.07424688,-0.24533132,0.12794876,0.9691154,-0.21081877
1356440522061,0.1681506,-0.19456786,-0.9663688,-0.97726923,0.095497966,-0.1892747,0.12911296,0.9762292,-0.1740871
1356440522099,0.09565079,-0.14394411,-0.98495233,-0.98728204,0.11250979,-0.11231959,0.1269845,0.9831692,-0.13135177
1356440522141,0.007734716,-0.08674288,-0.9962007,-0.99289787,0.11760789,-0.017949581,0.11871803,0.98926437,-0.08521712
1356440522189,-0.07989892,-0.031002223,-0.9963207,-0.9914085,0.10631654,0.07619679,0.10356307,0.9938489,-0.039230406
1356440522231,-0.14272147,0.01123175,-0.9896991,-0.9859561,0.08600193,0.14315775,0.08672401,0.9962317,-0.0012003183
1356440522269,-0.18006492,0.03918287,-0.98287404,-0.98123884,0.062832475,0.18227014,0.06889823,0.9972546,0.027133822
1356440522309,-0.19162846,0.053987354,-0.9799816,-0.9802065,0.04007125,0.19387999,0.0497362,0.9977373,0.045239925
1356440522350,-0.17953724,0.05785367,-0.98204863,-0.9833422,0.018229961,0.18084767,0.028365403,0.9981587,0.05361694
1356440522389,-0.14739454,0.053472757,-0.98763126,-0.9890679,-0.003513515,0.14741877,0.00441283,0.9985632,0.05340606
1356440522430,-0.099758506,0.043425024,-0.9940637,-0.9947936,-0.025270522,0.09872782,-0.020833194,0.9987371,0.045719802
1356440522470,-0.04178846,0.029865026,-0.99868,-0.9981704,-0.044965863,0.04042241,-0.043699265,0.99854195,0.031689405
1356440522510,0.018565118,0.015697777,-0.9997044,-0.9980697,-0.058976114,-0.019460857,-0.059264123,0.998136,0.01457262
1356440522557,0.07646349,0.0014288127,-0.9970714,-0.9951086,-0.06262186,-0.076402724,-0.062547565,0.9980363,-0.00336653
1356440522592,0.12295994,-0.00971055,-0.9923641,-0.99076927,-0.05870554,-0.12218785,-0.05707079,0.9982281,-0.016839296
