1356440592261,0.4354872,0.27117294,0.85837996,-0.8065385,-0.3059678,0.50584525,0.39980817,-0.9126056,0.08546633
1356440592300,-0.5231908,-0.30379102,-0.7962301,0.75261354,0.2736112,-0.59892374,0.39980507,-0.912605,0.08548647
1356440592361,-0.52289027,-0.30376798,-0.79643625,0.7528284,0.27365398,-0.5986342,0.3997938,-0.91259986,0.08559424
1356440592381,-0.5225654,-0.30388376,-0.7966054,0.7530582,0.27359986,-0.5983699,0.39978606,-0.91257757,0.0858683
1356440592420,-0.5245505,-0.304866,-0.7949235,0.75165665,0.27264535,-0.6005637,0.3998236,-0.9125356,0.08613831
1356440592456,-0.5309094,-0.3072335,-0.78977376,0.7471066,0.27016336,-0.6073248,0.39995843,-0.9124797,0.086103976
1356440592500,-0.542913,-0.3111808,-0.7800077,0.738271,0.26582646,-0.6199131,0.40025175,-0.912416,0.085415065
1356440592539,-0.560086,-0.31640947,-0.76562965,0.72506905,0.25981337,-0.63778675,0.40072262,-0.9123497,0.08390087
1356440592580,-0.5797731,-0.3218726,-0.74850595,0.7090329,0.2532872,-0.65811694,0.40141678,-0.9122739,0.08136922
1356440592620,-0.59904593,-0.3266149,-0.7310723,0.6922405,0.24762148,-0.67785454,0.4024266,-0.9121438,0.077759385
1356440592661,-0.6148306,-0.32987678,-0.71635514,0.67746425,0.24411643,-0.69386554,0.4037642,-0.9119147,0.07338953
1356440592701,-0.6264232,-0.33142012,-0.7055174,0.66584665,0.24306989,-0.70538306,0.4052682,-0.9116347,0.06841034
1356440592739,-0.6336678,-0.33107692,-0.6991803,0.65820426,0.24416065,-0.7121465,0.40648764,-0.9114678,0.06319952
1356440592780,-0.63949305,-0.32939553,-0.6946561,0.65208644,0.24620903,-0.7170525,0.40722448,-0.911526,0.05734545
1356440592820,-0.64198905,-0.3259647,-0.6939719,0.6493958,0.25000316,-0.71818066,0.40759668,-0.9117266,0.05118084
1356440592861,-0.64199144,-0.3212095,-0.6961834,0.6493327,0.25504607,-0.7164625,0.40769333,-0.91201746,0.044834495
1356440592899,-0.63652873,-0.31455466,-0.70419204,0.65477943,0.2620741,-0.70892954,0.4075476,-0.91234446,0.039146185
1356440592939,-0.6280742,-0.3069598,-0.7150514,0.6631949,0.2695307,-0.69823045,0.40705702,-0.912759,0.034288764
1356440592979,-0.6171193,-0.29872704,-0.7279601,0.67390025,0.27696246,-0.68494546,0.40622938,-0.9132656,0.030393302
1356440593020,-0.6050146,-0.29071116,-0.74124515,0.685361,0.283701,-0.6706668,0.40526235,-0.9137838,0.027598858
1356440593059,-0.591303,-0.28332877,-0.7550403,0.69762087,0.2899937,-0.65515554,0.40458134,-0.91412723,0.026181877
1356440593100,-0.57217216,-0.27609456,-0.77226347,0.71327597,0.29723686,-0.63473433,0.4047919,-0.9140143,0.026860893
1356440593141,-0.5395812,-0.26750574,-0.7983063,0.7371887,0.30791277,-0.6014504,0.4067002,-0.91303366,0.031058252
1356440593207,-0.48971766,-0.25624785,-0.83337486,0.7692145,0.32301337,-0.5513359,0.4104699,-0.911043,0.038924217
1356440593224,-0.41895562,-0.24126408,-0.8753672,0.8069303,0.34311157,-0.48076797,0.41634065,-0.9077809,0.05093479
1356440593262,-0.34094554,-0.22366053,-0.9130894,0.8397735,0.36409974,-0.40275544,0.42253613,-0.90410584,0.06368595
1356440593302,-0.2621283,-0.20476067,-0.9430599,0.86446106,0.3845471,-0.3237756,0.42894748,-0.90010923,0.07620686
1356440593341,-0.18550974,-0.18372238,-0.9653145,0.8808143,0.40439302,-0.2462365,0.43560562,-0.89594215,0.08680642
1356440593383,-0.115015894,-0.16133595,-0.9801744,0.8889512,0.42364457,-0.17404318,0.44332492,-0.891345,0.09469396
1356440593421,-0.050534993,-0.13703316,-0.98927665,0.89083046,0.44163373,-0.10668054,0.45151675,-0.8866688,0.09975535
1356440593463,2.6589632E-4,-0.11477569,-0.9933914,0.88777244,0.45726794,-0.05259478,0.4602826,-0.8818915,0.10201633
1356440593503,0.036626697,-0.09580475,-0.9947262,0.8823669,0.47038764,-0.012814701,0.4691346,-0.877244,0.101763666
1356440593543,0.054924518,-0.082804054,-0.99505115,0.8766339,0.4810854,0.008354217,0.4780128,-0.87275445,0.099012196
1356440593581,0.05147174,-0.07783198,-0.9956368,0.87141526,0.49050018,0.0067058504,0.48783812,-0.8679583,0.093070924
1356440593621,0.026222587,-0.08184096,-0.99630034,0.866248,0.49928218,-0.018213868,0.49892566,-0.8625656,0.08398706
1356440593661,-0.01648423,-0.09377468,-0.995457,0.8598486,0.50677323,-0.061977983,0.51028293,-0.85696393,0.07227826
1356440593702,-0.071694225,-0.112896055,-0.99101686,0.8520993,0.50951123,-0.11968756,0.51844645,-0.85302573,0.059669673
1356440593742,-0.13670257,-0.13725507,-0.98105735,0.8437208,0.5028162,-0.1879124,0.51908356,-0.8534265,0.047068655
1356440593781,-0.2116592,-0.16518486,-0.9632831,0.833384,0.48437625,-0.2661782,0.5105601,-0.85912377,0.03513974
1356440593823,-0.29750812,-0.19188765,-0.935237,0.81910443,0.45194286,-0.3532927,0.49046618,-0.8711641,0.022719324
1356440593860,-0.39296338,-0.2156094,-0.89391977,0.7940849,0.41063198,-0.44811893,0.4636907,-0.88594246,0.0098487735
1356440593901,-0.49402726,-0.23251125,-0.8377802,0.75456905,0.3640337,-0.54599,0.43192905,-0.90189683,-0.004396796
1356440593942,-0.5978713,-0.24248838,-0.7640349,0.69582534,0.31621116,-0.6448547,0.3979662,-0.917175,-0.020324051
1356440593981,-0.69722927,-0.24711776,-0.67290723,0.6166791,0.2718271,-0.73879427,0.3654836,-0.9300768,-0.037133455
1356440594026,-0.7896922,-0.24775025,-0.561254,0.5136714,0.23320645,-0.82568544,0.3354518,-0.9403375,-0.05689907
1356440594059,-0.8664876,-0.2494882,-0.43238276,0.39014545,0.20190251,-0.89834404,0.3114254,-0.9470961,-0.0776093
1356440594101,-0.9170503,-0.25397432,-0.3074343,0.26531386,0.18696368,-0.9458611,0.29770347,-0.94896877,-0.10407227
1356440594139,-0.94252425,-0.2663565,-0.20174772,0.15423751,0.18879926,-0.9698276,0.2964097,-0.9452031,-0.13686568
1356440594209,-0.9467881,-0.28794652,-0.1438025,0.08311943,0.21288764,-0.97353476,0.31093973,-0.93368393,-0.17762554
1356440594224,-0.93838924,-0.31718326,-0.1371873,0.053699106,0.25832206,-0.9645652,0.34138244,-0.9125045,-0.22537422
1356440594260,-0.92589843,-0.34777206,-0.14753535,0.036375955,0.30665028,-0.95112693,0.37601712,-0.8860136,-0.27127647
1356440594299,-0.91300356,-0.3751244,-0.16033152,0.021444395,0.34834158,-0.93712234,0.40738758,-0.8590343,-0.3099928
1356440594340,-0.90389293,-0.39895046,-0.15432462,-0.0037924796,0.3682348,-0.9297251,0.42774197,-0.8397867,-0.33435786
1356440594384,-0.89998525,-0.41874003,-0.12117426,-0.04063809,0.3573563,-0.9330836,0.43402183,-0.83483726,-0.33863217
1356440594420,-0.898185,-0.4345653,-0.06645794,-0.08612399,0.322181,-0.9427524,0.431099,-0.84104246,-0.32680464
1356440594452,-0.895832,-0.44439256,-5.4752827E-4,-0.134744,0.27279836,-0.9525886,0.42347264,-0.8532856,-0.30426073
1356440594491,-0.891354,-0.44576597,0.082345515,-0.190713,0.20396996,-0.9602212,0.4112379,-0.87160134,-0.26682287
1356440594533,-0.8812563,-0.4368137,0.18050244,-0.25622767,0.1206221,-0.9590608,0.39715835,-0.8914281,-0.21822274
1356440594571,-0.86332655,-0.4173174,0.28374887,-0.32670832,0.03366244,-0.94452554,0.38461524,-0.90813714,-0.16540277
1356440594612,-0.838911,-0.39028758,0.37934667,-0.3932308,-0.04724723,-0.9182251,0.3762949,-0.9194799,-0.113836884
1356440594651,-0.8132071,-0.36161602,0.4559913,-0.44619083,-0.11563969,-0.8874352,0.37364146,-0.92512774,-0.06731075
1356440594692,-0.7930407,-0.33781862,0.50691724,-0.4789248,-0.16849208,-0.86153436,0.37645388,-0.92600703,-0.028168619
1356440594731,-0.7845494,-0.32472718,0.5282372,-0.48694712,-0.20475209,-0.84909314,0.38388127,-0.9233791,0.0025131106
1356440594772,-0.7913367,-0.32661787,0.51682395,-0.46658722,-0.2236219,-0.8557392,0.39507285,-0.9183213,0.024564505
1356440594812,-0.8139883,-0.34726545,0.46564966,-0.41097185,-0.22223788,-0.884145,0.41051805,-0.9110527,0.038182795
1356440594852,-0.84387994,-0.38339558,0.3753326,-0.32155296,-0.19859976,-0.92583036,0.42950022,-0.90197897,0.0443123
1356440594892,-0.86852455,-0.42974702,0.24694642,-0.2016708,-0.14872003,-0.9680967,0.45276257,-0.89061767,0.042499542
1356440594931,-0.8752309,-0.46905774,0.11813468,-0.08721553,-0.087194264,-0.9923662,0.4757777,-0.8788527,0.035405934
1356440594970,-0.86924195,-0.49388602,0.022248298,-0.0067008436,-0.03322798,-0.99942535,0.49434146,-0.86889154,0.02557379
1356440595013,-0.8639324,-0.50325465,-0.018858403,0.024283484,-0.004225731,-0.9996962,0.5030221,-0.8641278,0.015871525
1356440595052,-0.8659524,-0.5000918,-0.0059022605,0.008827791,-0.0034843087,-0.99995506,0.50004876,-0.8659655,0.0074319243
1356440595092,-0.8738168,-0.4814633,0.06809805,-0.06024246,-0.03177619,-0.99767786,0.4825092,-0.8758901,-0.0012380481
1356440595131,-0.8741352,-0.44885245,0.18552412,-0.16996238,-0.07513082,-0.9825824,0.4549731,-0.89044195,-0.01061362
1356440595210,-0.8527553,-0.4014005,0.33419454,-0.31200653,-0.121655405,-0.94225895,0.41887975,-0.9077872,-0.02149731
1356440595212,-0.8008065,-0.34739006,0.48788223,-0.4624284,-0.15904832,-0.872275,0.38061646,-0.92413414,-0.03327608
1356440595253,-0.7233112,-0.29472068,0.6244683,-0.6000341,-0.17928731,-0.77962494,0.34173083,-0.9386138,-0.047161937
1356440595289,-0.6306074,-0.2528246,0.73376703,-0.7125344,-0.18614024,-0.6764958,0.30761835,-0.9494375,-0.06276488
1356440595331,-0.5520001,-0.23356542,0.8004643,-0.78432786,-0.18044293,-0.5935234,0.2830647,-0.9554515,-0.08358735
1356440595371,-0.50076365,-0.24271333,0.8308586,-0.8208686,-0.17136353,-0.54480195,0.27460957,-0.9548428,-0.11342317
1356440595411,-0.4849751,-0.28207114,0.82778925,-0.82623065,-0.16242427,-0.5394084,0.28660458,-0.9455444,-0.15428406
1356440595450,-0.50049603,-0.34569317,0.7937253,-0.8054355,-0.15025514,-0.5733211,0.31745452,-0.9262395,-0.2032314
1356440595511,-0.52069175,-0.40871054,0.7495571,-0.7774331,-0.13583452,-0.61412275,0.35281414,-0.9024991,-0.2470172
1356440595530,-0.52667195,-0.45130616,0.7203745,-0.7597638,-0.13018954,-0.637032,0.38128167,-0.88282126,-0.27431887
1356440595569,-0.50856006,-0.4637693,0.7254549,-0.7640321,-0.14542955,-0.6285739,0.39701584,-0.87393844,-0.28037506
1356440595606,-0.46479857,-0.4446623,0.76566166,-0.7895986,-0.18310362,-0.5856681,0.40061992,-0.876783,-0.26599842
1356440595650,-0.39759105,-0.39601195,0.82770526,-0.82794106,-0.23400396,-0.5096625,0.39551866,-0.88792837,-0.2348367
1356440595690,-0.31409246,-0.32415503,0.89233935,-0.8674639,-0.28397125,-0.40849322,0.38581386,-0.9023767,-0.19199955
1356440595729,-0.22959524,-0.24362555,0.94230175,-0.89794993,-0.3204648,-0.30164266,0.37546238,-0.9153955,-0.14518642
1356440595769,-0.15260631,-0.16380396,0.9746177,-0.9176855,-0.34255767,-0.2012654,0.3668308,-0.9251068,-0.09804413
1356440595809,-0.091462076,-0.093853354,0.9913759,-0.9276985,-0.35382813,-0.11908424,0.36195317,-0.9305897,-0.05470574
1356440595849,-0.049672246,-0.038785666,0.9980122,-0.9307761,-0.36057603,-0.060338825,0.36219954,-0.93192303,-0.018190145
1356440595890,-0.028426588,-0.001100421,0.9995953,-0.9293179,-0.36830455,-0.026833475,0.368185,-0.92970455,0.009446979
1356440595931,-0.028334558,0.01791972,0.9994379,-0.92502564,-0.379408,-0.019422203,0.37884668,-0.925056,0.027326524
1356440595971,-0.049702704,0.016522855,0.9986274,-0.9173837,-0.39607823,-0.039105743,0.39488843,-0.9180682,0.03484389
1356440596009,-0.09329051,-0.005908817,0.99562144,-0.9047227,-0.41697097,-0.08724782,0.41566074,-0.9089006,0.03355354
1356440596050,-0.1602701,-0.05228135,0.9856876,-0.88306975,-0.43857706,-0.16684705,0.44102296,-0.89717156,0.024122715
1356440596089,-0.2476067,-0.12078366,0.9613024,-0.84886,-0.4512468,-0.27534175,0.46704137,-0.8841876,0.009203285
1356440596130,-0.3371662,-0.19509661,0.9210082,-0.8052976,-0.44698197,-0.38949037,0.48766235,-0.8730087,-0.006403595
1356440596207,-0.4015833,-0.24767762,0.8816952,-0.77031857,-0.42934066,-0.4714613,0.4953181,-0.8685173,-0.018374592
1356440596208,-0.4337166,-0.27212214,0.8589758,-0.75355816,-0.41310978,-0.51136136,0.49400407,-0.8690741,-0.02588731
1356440596249,-0.43032366,-0.2629281,0.86353374,-0.7661952,-0.39938807,-0.5034225,0.47724894,-0.8782699,-0.029588163
1356440596290,-0.39671165,-0.23219785,0.8880901,-0.79990613,-0.38715333,-0.45854384,0.45029992,-0.8922984,-0.032148242
1356440596331,-0.34556335,-0.1935755,0.9182128,-0.84183097,-0.36838394,-0.3944794,0.41461638,-0.90929747,-0.035657883
1356440596370,-0.2857129,-0.1582737,0.9451547,-0.88080823,-0.34519202,-0.32406667,0.37755114,-0.9250902,-0.04078293
1356440596410,-0.23072112,-0.13375518,0.9637828,-0.9115279,-0.31682467,-0.2621811,0.3404183,-0.9390057,-0.048823446
1356440596449,-0.18241996,-0.120949626,0.9757531,-0.93429446,-0.28783292,-0.2103475,0.30629534,-0.9500123,-0.06049609
1356440596490,-0.14711171,-0.12294036,0.9814499,-0.9490815,-0.26190805,-0.17506754,0.2785725,-0.9572303,-0.07815069
1356440596530,-0.1279127,-0.1427651,0.9814563,-0.95627886,-0.24466312,-0.16022071,0.2630001,-0.95904016,-0.10522777
1356440596570,-0.1233322,-0.17920065,0.97605133,-0.9566567,-0.2400021,-0.1649454,0.26381275,-0.95408916,-0.14183342
1356440596611,-0.13455808,-0.2349444,0.9626501,-0.94895095,-0.24913841,-0.19344798,0.28528267,-0.93953776,-0.18942708
1356440596650,-0.15126818,-0.29686326,0.94286275,-0.93650895,-0.2622071,-0.23280552,0.31633663,-0.9182155,-0.23835158
1356440596690,-0.16729224,-0.3549585,0.91979223,-0.92208636,-0.2738763,-0.2734016,0.34895557,-0.8938658,-0.28148496
1356440596738,-0.17362392,-0.39202404,0.90342224,-0.91121984,-0.28400487,-0.29836142,0.3735412,-0.8750191,-0.30791003
1356440596772,-0.17126751,-0.40574366,0.89779705,-0.90567666,-0.29388273,-0.3055858,0.38783652,-0.8654508,-0.31713998
1356440596811,-0.15922427,-0.39219993,0.905995,-0.9057452,-0.307077,-0.29211214,0.39277652,-0.8671119,-0.3063391
1356440596852,-0.14198792,-0.35444033,0.9242356,-0.9094609,-0.3219061,-0.26316774,0.3907944,-0.8779228,-0.2766428
1356440596890,-0.12545186,-0.300715,0.9454271,-0.91456866,-0.3342576,-0.2276755,0.3844816,-0.89322025,-0.2330913
1356440596931,-0.113643825,-0.23900482,0.9643453,-0.9196913,-0.34187114,-0.19311142,0.3758363,-0.9088459,-0.1809592
1356440596970,-0.10934919,-0.17666674,0.97817767,-0.92369664,-0.34546173,-0.16565204,0.36718822,-0.9216534,-0.1254105
1356440597011,-0.114583135,-0.12086937,0.9860332,-0.9253801,-0.34801328,-0.15019476,0.36130658,-0.9296652,-0.07197368
1356440597051,-0.12975705,-0.076866746,0.98856187,-0.92372036,-0.35302955,-0.14869633,0.36042145,-0.9324492,-0.02519527
1356440597091,-0.15478092,-0.048436493,0.98676074,-0.9179276,-0.3622713,-0.16176653,0.36531055,-0.9308133,0.011611521
1356440597132,-0.1882264,-0.03742975,0.9814122,-0.90714335,-0.37632555,-0.18833485,0.37637982,-0.9257312,0.036880255
1356440597174,-0.22863209,-0.043403924,0.97254485,-0.8910053,-0.39316177,-0.22700974,0.39222056,-0.9184443,0.051216245
1356440597217,-0.27283382,-0.06634131,0.95977104,-0.86850643,-0.4121446,-0.27537838,0.41383347,-0.9087,0.05482918
1356440597247,-0.3187195,-0.101965934,0.9423486,-0.84048104,-0.42921257,-0.33070856,0.43818888,-0.8974294,0.05109799
1356440597295,-0.3629911,-0.1483199,0.9199123,-0.80789435,-0.44180214,-0.39002252,0.4642673,-0.8847667,0.040543437
1356440597339,-0.40299398,-0.19624576,0.8939147,-0.7761048,-0.44436628,-0.44743705,0.48503318,-0.8740859,0.026769668
1356440597381,-0.43464005,-0.23238581,0.8701063,-0.75227267,-0.43749982,-0.49262547,0.4951505,-0.8686719,0.015337408
1356440597420,-0.4561563,-0.25066435,0.853867,-0.74140364,-0.4236321,-0.5204387,0.49218088,-0.87046146,0.007398963
1356440597460,-0.46957976,-0.25433862,0.84546244,-0.7418257,-0.40559155,-0.5340319,0.47873735,-0.87795633,0.0017826557
1356440597501,-0.47657812,-0.24612486,0.84397626,-0.7531641,-0.38086045,-0.53636664,0.45345032,-0.8912732,-0.0038627386
1356440597540,-0.47953498,-0.23408642,0.84572446,-0.7686565,-0.35289055,-0.5335125,0.42333615,-0.9059094,-0.010708749
1356440597581,-0.4802251,-0.22126424,0.8487791,-0.78645647,-0.3198877,-0.52835405,0.38841987,-0.92125666,-0.02039653
1356440597619,-0.47976774,-0.21047291,0.851777,-0.8031527,-0.28547996,-0.5229215,0.35322613,-0.93498784,-0.03207779
1356440597661,-0.47933853,-0.20327729,0.85376394,-0.81764,-0.25005168,-0.51859325,0.31890333,-0.9466533,-0.046348274
1356440597699,-0.47971112,-0.20109242,0.8540721,-0.82855374,-0.21650851,-0.5163553,0.288749,-0.955346,-0.06275433
1356440597740,-0.4819277,-0.20751742,0.85128266,-0.8347988,-0.18640977,-0.518037,0.26618916,-0.9603061,-0.08339918
1356440597780,-0.48711157,-0.22787115,0.8430878,-0.8348732,-0.16184843,-0.52611005,0.25633773,-0.9601457,-0.11140525
1356440597819,-0.49536222,-0.26416537,0.82754636,-0.8280982,-0.144193,-0.5417211,0.2624303,-0.95363784,-0.14732718
1356440597861,-0.50576496,-0.3167951,0.8023981,-0.8138398,-0.13328141,-0.5655978,0.2861234,-0.939083,-0.19041139
1356440597903,-0.51621646,-0.37541515,0.76979476,-0.7941913,-0.12662381,-0.59432864,0.32059437,-0.9181665,-0.23278618
1356440597941,-0.52551746,-0.4245832,0.7372656,-0.77324176,-0.123093426,-0.62204915,0.35486412,-0.89698225,-0.2636177
1356440597990,-0.5349539,-0.45191902,0.7138582,-0.7547789,-0.124040544,-0.64414495,0.37964875,-0.883393,-0.27474296
1356440598031,-0.5475196,-0.4480533,0.70673233,-0.7413414,-0.13200206,-0.65801847,0.3881175,-0.88420796,-0.25988674
1356440598073,-0.5670163,-0.42327765,0.7066318,-0.7291137,-0.14124,-0.66966,0.38325676,-0.8949231,-0.22853214
1356440598111,-0.59086937,-0.38634145,0.70824695,-0.7167131,-0.15168077,-0.6806727,0.3703995,-0.90979844,-0.18727243
1356440598153,-0.6171239,-0.3380146,0.7105662,-0.7037039,-0.16697574,-0.69059396,0.35207814,-0.92621017,-0.13481742
1356440598212,-0.648197,-0.29231596,0.7031301,-0.68377805,-0.18290162,-0.7063955,0.33509433,-0.9386684,-0.08132297
1356440598232,-0.6806636,-0.2547831,0.6868644,-0.65739256,-0.20135558,-0.72614795,0.3233142,-0.94580203,-0.030437112
1356440598270,-0.7157294,-0.23166296,0.65883505,-0.6213316,-0.21950865,-0.7521721,0.31887043,-0.9477068,0.013169348
1356440598311,-0.75216377,-0.22593692,0.6190333,-0.5747541,-0.23458564,-0.7839817,0.32234675,-0.9454745,0.04658866
1356440598351,-0.7880834,-0.23860072,0.5674456,-0.517171,-0.24331194,-0.82056904,0.33385456,-0.9401431,0.06835258
1356440598391,-0.82117414,-0.26732957,0.50419044,-0.4492671,-0.2419563,-0.86000943,0.35189795,-0.93273365,0.0785858
1356440598431,-0.8478064,-0.30948228,0.43063322,-0.3737386,-0.22740626,-0.89922506,0.37622294,-0.9233131,0.07713109
1356440598474,-0.86559385,-0.36000723,0.34805474,-0.293828,-0.19767243,-0.93519557,0.40547797,-0.9117677,0.06532383
1356440598512,-0.8728571,-0.41271472,0.2603594,-0.21517001,-0.15335906,-0.96445984,0.4379753,-0.8978571,0.0450567
1356440598551,-0.8718735,-0.45726854,0.17533423,-0.14471632,-0.10147107,-0.9842565,0.46786088,-0.88352084,0.022295713
1356440598610,-0.86710835,-0.4876132,0.1017662,-0.088219985,-0.050740063,-0.99480784,0.49024507,-0.87158406,9.7996E-4
1356440598629,-0.86424816,-0.5012528,0.04267034,-0.044532508,-0.008258164,-0.9989738,0.50109076,-0.8652615,-0.015184939
1356440598669,-0.86672485,-0.49878386,0.0016433299,-0.0147795975,0.022388637,-0.9996401,0.49856755,-0.8664372,-0.026776612
1356440598706,-0.8745416,-0.48432398,-0.024641246,0.004160136,0.043317497,-0.99905264,0.48493257,-0.87381566,-0.03586805
1356440598750,-0.88646257,-0.4612863,-0.037403166,0.012757614,0.056432128,-0.99832493,0.46262437,-0.88545483,-0.04413998
1356440598789,-0.90028715,-0.43359214,-0.038482293,0.011960819,0.06373072,-0.9978954,0.43513215,-0.89885265,-0.052189827
1356440598830,-0.91425496,-0.40417683,-0.027907714,0.0012302995,0.06611419,-0.9978113,0.4051373,-0.9122883,-0.059947908
1356440598870,-0.92735374,-0.37417036,-0.0033961982,-0.022147551,0.06394684,-0.99770755,0.37352973,-0.9251526,-0.06758833
1356440598909,-0.9375598,-0.34589398,0.036593407,-0.060598627,0.05883938,-0.9964265,0.34250477,-0.93642694,-0.0761261
1356440598951,-0.942433,-0.3220432,0.090045035,-0.11394381,0.05610615,-0.99190164,0.31438312,-0.94506097,-0.08957106
1356440599000,-0.9392001,-0.31171954,0.14399341,-0.17279124,0.06667322,-0.9826992,0.29672605,-0.94783205,-0.1164819
1356440599040,-0.92861146,-0.31880665,0.18984999,-0.22772704,0.08571297,-0.9699452,0.2929524,-0.9439362,-0.15219498
1356440599080,-0.9174456,-0.3439285,0.20001678,-0.25365725,0.11832291,-0.96002996,0.3065151,-0.93151104,-0.19579482
1356440599119,-0.9074208,-0.37622726,0.18719114,-0.26016426,0.15315634,-0.9533403,0.33000308,-0.9137813,-0.23685813
1356440599160,-0.8981176,-0.40525547,0.1707415,-0.2605588,0.17762268,-0.94897795,0.35425097,-0.89678204,-0.2651189
1356440599227,-0.8889193,-0.42532355,0.17006549,-0.26783377,0.18141818,-0.9462307,0.37160125,-0.8866721,-0.27518207
1356440599245,-0.8791513,-0.4343538,0.1960355,-0.28918365,0.1593014,-0.9439258,0.37876898,-0.8865438,-0.26565808
1356440599278,-0.8670647,-0.43307436,0.24626267,-0.32502323,0.117108285,-0.93842715,0.37756932,-0.8937182,-0.24229962
1356440599319,-0.84986913,-0.42039543,0.31778958,-0.37464845,0.05788082,-0.9253585,0.37062255,-0.90549296,-0.20669168
1356440599360,-0.826524,-0.3981063,0.3979567,-0.43029615,-0.008949697,-0.90264344,0.36290964,-0.9172957,-0.16390651
1356440599400,-0.79965097,-0.37030903,0.4726834,-0.48145607,-0.07500821,-0.8732547,0.35882923,-0.92587525,-0.11830711
1356440599440,-0.77607054,-0.34357193,0.5288411,-0.51804656,-0.13090676,-0.8452758,0.3596419,-0.9299579,-0.076393366
1356440599480,-0.76276594,-0.32494783,0.5591037,-0.5327839,-0.17423165,-0.8281211,0.36650974,-0.92954403,-0.040229023
1356440599520,-0.7655913,-0.31955487,0.55835,-0.52069086,-0.2019279,-0.8295217,0.37782407,-0.9258023,-0.011795104
1356440599562,-0.78670853,-0.33258826,0.52007186,-0.475087,-0.21175623,-0.8540794,0.39418527,-0.9189909,0.008582175
1356440599607,-0.8210166,-0.362673,0.44090825,-0.39339766,-0.20027918,-0.89728844,0.41372705,-0.910141,0.021757841
1356440599646,-0.85490495,-0.40158743,0.32842794,-0.28402388,-0.16745794,-0.9440806,0.4341288,-0.9003806,0.02910024
1356440599682,-0.87649184,-0.44138813,0.19219406,-0.15757936,-0.114191234,-0.98088175,0.45489645,-0.89002067,0.030534029
1356440599723,-0.87982535,-0.47210693,0.054975018,-0.03589289,-0.04933864,-0.99813694,0.47393978,-0.88015944,0.026464164
1356440599760,-0.87046796,-0.48905736,-0.055752277,0.05733484,0.011754394,-0.9982858,0.48887438,-0.87217236,0.017808259
1356440599801,-0.8603878,-0.49387568,-0.12577645,0.11268987,0.0563246,-0.9920325,0.497025,-0.8677064,0.007193804
1356440599841,-0.85800534,-0.49014544,-0.15357138,0.1317064,0.07904595,-0.9881321,0.4964677,-0.868049,-0.003266573
1356440599881,-0.86586374,-0.4799396,-0.14120209,0.11692473,0.08028847,-0.9898901,0.4864244,-0.8736199,-0.013402104
1356440599921,-0.88195354,-0.46319395,-0.0872314,0.065887436,0.062098086,-0.9958929,0.46670848,-0.88407874,-0.024248958
1356440599961,-0.8979326,-0.44009423,0.005847007,-0.021114767,0.029803872,-0.9993327,0.4396263,-0.8974568,-0.036054432
1356440600002,-0.9015462,-0.40896887,0.14127663,-0.14892174,-0.013274491,-0.98875993,0.40624735,-0.9124518,-0.048936844
1356440600041,-0.87463385,-0.3705647,0.3125659,-0.31251073,-0.06192386,-0.94789374,0.37061122,-0.92674017,-0.061644733
1356440600083,-0.80146694,-0.32391366,0.5027233,-0.49650577,-0.10819167,-0.8612645,0.33336583,-0.9398801,-0.07411295
1356440600121,-0.67662823,-0.27490684,0.6830817,-0.6728655,-0.14591396,-0.7252318,0.29904228,-0.95033437,-0.086245894
1356440600162,-0.53525496,-0.23695958,0.81077266,-0.79982364,-0.16648537,-0.5766843,0.27163267,-0.95714825,-0.10041374
1356440600213,-0.40938145,-0.22031167,0.8853641,-0.8754412,-0.1784144,-0.44918936,0.25692338,-0.95897394,-0.11983037
1356440600241,-0.32087213,-0.22937849,0.91892684,-0.9105967,-0.19213146,-0.3659224,0.26048946,-0.954186,-0.14722168
1356440600282,-0.26987553,-0.2606854,0.92693603,-0.9202515,-0.21348178,-0.32796758,0.28338027,-0.9415247,-0.18228269
1356440600321,-0.24018866,-0.30192554,0.9225781,-0.9171301,-0.2408489,-0.3175912,0.3180908,-0.92240596,-0.21905583
1356440600361,-0.2075051,-0.33328936,0.91970634,-0.912858,-0.27195823,-0.30451408,0.35161304,-0.90274966,-0.2478131
1356440600401,-0.15314996,-0.33688885,0.9290054,-0.91491956,-0.3069343,-0.2621326,0.37345317,-0.89011073,-0.2612192
1356440600445,-0.07585329,-0.30731568,0.94857967,-0.92178285,-0.34113848,-0.18423066,0.38021398,-0.88835895,-0.25740188
1356440600481,0.010506809,-0.25270686,0.9674858,-0.9272469,-0.36463487,-0.08517271,0.37430283,-0.8962034,-0.2381528
1356440600521,0.09138566,-0.18506134,0.9784687,-0.92842996,-0.37114012,0.016517133,0.36009234,-0.90994906,-0.20573336
1356440600562,0.15747386,-0.114783674,0.9808296,-0.92597127,-0.36233324,0.10626346,0.34318984,-0.92495376,-0.16334438
1356440600601,0.20214415,-0.052298844,0.97795844,-0.9222846,-0.34606743,0.17212951,0.32943738,-0.9367509,-0.11818993
1356440600640,0.2302854,0.0034131706,0.9731171,-0.91832364,-0.33007538,0.21847644,0.32194766,-0.9439485,-0.07287717
1356440600679,0.24099743,0.048347235,0.9693208,-0.9160026,-0.31871593,0.24363789,0.32071722,-0.9466164,-0.032523528
1356440600721,0.23984188,0.08379269,0.967189,-0.9142236,-0.31567478,0.25405613,0.32660526,-0.9451604,8.932799E-4
1356440600759,0.22728223,0.10806307,0.9678147,-0.91326964,-0.32134396,0.2503532,0.33805525,-0.9407766,0.025654927
1356440600811,0.20727313,0.121192664,0.97074723,-0.9097189,-0.3410666,0.23682272,0.35979065,-0.9321941,0.039557323
1356440600852,0.17754132,0.12188035,0.9765369,-0.9053014,-0.36887014,0.21062845,0.38588673,-0.92145544,0.044848725
1356440600892,0.1447134,0.11253813,0.98305297,-0.8985832,-0.4009971,0.17818415,0.41425395,-0.90914047,0.043095276
1356440600933,0.108394325,0.090976655,0.98993635,-0.8890324,-0.43671548,0.1374805,0.44482806,-0.8949876,0.03354375
1356440600970,0.06932449,0.0598633,0.9957965,-0.87918854,-0.46802306,0.089342296,0.47140402,-0.88168645,0.02018559
1356440601012,0.029043317,0.021778524,0.99934083,-0.8712924,-0.48944277,0.0359883,0.489904,-0.87176335,0.004760474
1356440601051,-0.008466005,-0.01553902,0.9998434,-0.86739194,-0.4973973,-0.0150747895,0.49755365,-0.8673837,-0.009267479
1356440601092,-0.040610492,-0.048415273,0.99800134,-0.86922944,-0.4908538,-0.059183,0.49273813,-0.8698957,-0.02215013
1356440601131,-0.06634349,-0.075879544,0.9949075,-0.8765532,-0.4719476,-0.094445765,0.4767107,-0.87835515,-0.035201818
1356440601172,-0.08545053,-0.09821892,0.9914894,-0.88809484,-0.4435894,-0.120482445,0.45164788,-0.89083195,-0.049322784
1356440601211,-0.09843016,-0.11614874,0.9883425,-0.90208864,-0.4089263,-0.13789651,0.4201758,-0.90514565,-0.06452569
1356440601236,-0.105718315,-0.12928194,0.9859563,-0.91495293,-0.37569165,-0.14736694,0.38946745,-0.91768295,-0.07856944
1356440601278,-0.11091244,-0.1409449,0.98378503,-0.9277851,-0.34015292,-0.15333205,0.35624877,-0.9297475,-0.093039304
1356440601319,-0.11437625,-0.15157622,0.98180586,-0.9392106,-0.30555505,-0.15658718,0.32373065,-0.9400323,-0.10741374
1356440601359,-0.118386805,-0.16351345,0.979412,-0.9479283,-0.27508146,-0.16050613,0.29566294,-0.94741416,-0.12243307
1356440601400,-0.12513423,-0.1797469,0.97572154,-0.9527087,-0.25273043,-0.16874075,0.27692515,-0.9506936,-0.1396212
1356440601440,-0.13651848,-0.20449182,0.9693017,-0.95192766,-0.24377,-0.18549919,0.27421975,-0.94802916,-0.16138232
1356440601479,-0.15207773,-0.23694137,0.9595474,-0.9454688,-0.24804664,-0.21109661,0.28803003,-0.9393251,-0.18629831
1356440601520,-0.1700322,-0.27567518,0.9460931,-0.9328393,-0.2644437,-0.24470454,0.31764734,-0.92416054,-0.21219671
1356440601569,-0.18757659,-0.31104654,0.9317001,-0.9166145,-0.28548664,-0.2798487,0.3530339,-0.90650284,-0.23155916
1356440601610,-0.20308882,-0.3299289,0.9219011,-0.9043726,-0.29768884,-0.30576393,0.37532005,-0.89583933,-0.2379213
1356440601656,-0.21483481,-0.32697332,0.92029047,-0.8994713,-0.30089533,-0.31688085,0.38052264,-0.89585185,-0.22946036
1356440601709,-0.22607249,-0.305869,0.92484343,-0.9003068,-0.29690528,-0.3182687,0.3719394,-0.90459466,-0.20825392
1356440601739,-0.23677856,-0.26105386,0.9358348,-0.9063006,-0.28772682,-0.3095683,0.35007876,-0.9214468,-0.16846573
1356440601779,-0.25960642,-0.22013298,0.94029033,-0.907225,-0.27811432,-0.31558716,0.33097932,-0.9349834,-0.12750989
1356440601816,-0.28867722,-0.18671489,0.93904364,-0.90224934,-0.2750978,-0.3320652,0.32033035,-0.9431112,-0.08904892
1356440601860,-0.32594776,-0.16477108,0.9309181,-0.88959324,-0.27981883,-0.36100593,0.31997177,-0.9458076,-0.055372894
1356440601900,-0.37206352,-0.1564922,0.9149202,-0.8678404,-0.29101557,-0.4026946,0.32927454,-0.94383276,-0.027534068
1356440601939,-0.4262395,-0.16249758,0.8898957,-0.8361168,-0.30472738,-0.45612475,0.3452948,-0.93847513,-0.0059800744
1356440601979,-0.48406428,-0.18241572,0.8558074,-0.79442084,-0.31841296,-0.5172125,0.36684787,-0.93023527,0.009217501
1356440602027,-0.5440333,-0.21878034,0.8100389,-0.7402333,-0.3294174,-0.5861219,0.39507282,-0.91848755,0.017265499
1356440602071,-0.60532105,-0.26778442,0.7495853,-0.6732686,-0.33010417,-0.6616197,0.42461267,-0.90516454,0.019528091
1356440602113,-0.658671,-0.32273602,0.6797013,-0.60021895,-0.31938785,-0.7332998,0.45375064,-0.8909729,0.01665932
1356440602160,-0.70180684,-0.37837404,0.6035728,-0.5260573,-0.29604018,-0.7972602,0.48034436,-0.87703663,0.008716643
1356440602211,-0.73551184,-0.42327526,0.52901816,-0.45864835,-0.2636323,-0.8486104,0.49866208,-0.8667964,-2.297759E-4
1356440602241,-0.75982976,-0.4508907,0.46835497,-0.4075,-0.23101401,-0.8835023,0.50655955,-0.862166,-0.008206606
1356440602282,-0.7786924,-0.46090633,0.42568004,-0.37413847,-0.20351642,-0.90476596,0.50364524,-0.86379766,-0.0139660835
1356440602321,-0.7945188,-0.45521232,0.40189752,-0.35845605,-0.18263942,-0.9155065,0.49015215,-0.8714497,-0.018063128
1356440602361,-0.80778253,-0.43817073,0.39432704,-0.35800773,-0.16677779,-0.91870326,0.46831387,-0.8832845,-0.022148311
1356440602401,-0.8177382,-0.41284016,0.40108272,-0.37151632,-0.15366048,-0.9156223,0.4396362,-0.89774805,-0.027722776
1356440602441,-0.8229723,-0.3830734,0.41948953,-0.39648348,-0.14151603,-0.90706897,0.40683845,-0.9128133,-0.03541857
1356440602482,-0.8220887,-0.3516133,0.44781488,-0.4311885,-0.12914896,-0.89297086,0.37181526,-0.92719394,-0.04543972
1356440602521,-0.81383497,-0.3221356,0.48363346,-0.47265324,-0.11719817,-0.87342054,0.33804083,-0.9394111,-0.056878448
1356440602562,-0.79906625,-0.29799014,0.5222021,-0.51665187,-0.10390711,-0.84986717,0.30751252,-0.9488968,-0.070928514
1356440602601,-0.77878094,-0.2837007,0.5594768,-0.55935556,-0.089639544,-0.82406676,0.28393954,-0.95471394,-0.08888006
1356440602640,-0.7592509,-0.28646207,0.58436084,-0.5910521,-0.072298765,-0.8033867,0.27238837,-0.9553598,-0.11442113
1356440602682,-0.74549323,-0.31207824,0.58893716,-0.6057045,-0.05152303,-0.7940198,0.27814016,-0.94865835,-0.15061712
1356440602721,-0.7368533,-0.3537929,0.5760883,-0.60696626,-0.029062033,-0.794196,0.29772323,-0.93487215,-0.19332594
1356440602762,-0.7318266,-0.40264443,0.54982466,-0.59882617,-0.0052074194,-0.800862,0.32532585,-0.91534156,-0.23730308
1356440602801,-0.72414786,-0.4425269,0.52894217,-0.5944549,0.011706889,-0.80404377,0.34961873,-0.8966788,-0.2715398
1356440602843,-0.71132195,-0.46327445,0.52858096,-0.6017767,0.012849569,-0.798561,0.36316085,-0.88612175,-0.287928
1356440602880,-0.6931955,-0.4624453,0.552833,-0.62166286,-0.0045080185,-0.78327197,0.36471266,-0.8866363,-0.2843601
1356440602921,-0.67042077,-0.44170767,0.59617984,-0.6505349,-0.03651446,-0.758598,0.3568478,-0.89641565,-0.2628662
1356440602961,-0.64452857,-0.4045474,0.6487868,-0.6830408,-0.07664257,-0.7263478,0.34356678,-0.9112998,-0.22692406
1356440603002,-0.61922234,-0.35781127,0.6989527,-0.71246105,-0.118178844,-0.69168854,0.3300954,-0.9262855,-0.18174762
1356440603042,-0.59920347,-0.30945367,0.7383723,-0.7332253,-0.15819752,-0.66132754,0.32145897,-0.937663,-0.13210678
1356440603081,-0.5901719,-0.26878312,0.76121795,-0.741186,-0.19325829,-0.6428799,0.31990695,-0.9436137,-0.0851627
1356440603122,-0.59300137,-0.24073042,0.7683737,-0.7358633,-0.22537792,-0.6385217,0.32688606,-0.94406235,-0.043495297
1356440603160,-0.6094034,-0.22841966,0.75924426,-0.7162235,-0.25214022,-0.65072966,0.34007555,-0.9403455,-0.009944379
1356440603217,-0.63654584,-0.23321782,0.73513186,-0.68272763,-0.27297074,-0.67776835,0.35873714,-0.9333254,0.014534116
1356440603242,-0.67238075,-0.25551295,0.69470656,-0.63406426,-0.285437,-0.7186711,0.38192478,-0.9237093,0.029910743
1356440603281,-0.7119713,-0.29172236,0.63874483,-0.5718798,-0.28697336,-0.76850486,0.4074928,-0.91243863,0.037486672
1356440603322,-0.7498981,-0.34051648,0.5671873,-0.49739614,-0.2750637,-0.82276183,0.43617654,-0.8991043,0.036898077
1356440603360,-0.781084,-0.393124,0.4851404,-0.4175236,-0.24890113,-0.873912,0.4643078,-0.8851563,0.030274212
1356440603402,-0.8017374,-0.44084552,0.40357438,-0.34362844,-0.21247995,-0.91475224,0.4890159,-0.8720708,0.018866062
1356440603441,-0.8139703,-0.47420156,0.3355373,-0.2862925,-0.17512256,-0.94200253,0.5054592,-0.86282384,0.006784141
1356440603481,-0.822251,-0.48932084,0.29063457,-0.2515982,-0.14552909,-0.95682794,0.5104916,-0.85987586,-0.0034508705
1356440603521,-0.8302946,-0.48679027,0.2713782,-0.24044243,-0.12641066,-0.9623969,0.5027905,-0.8643238,-0.012086928
1356440603561,-0.83867776,-0.47061333,0.27412158,-0.24944308,-0.11550665,-0.9614761,0.48414636,-0.87474644,-0.020518303
1356440603601,-0.84593713,-0.44386664,0.29558897,-0.276108,-0.109657526,-0.9548506,0.45623988,-0.889358,-0.029791832
1356440603642,-0.84946126,-0.4109076,0.33101442,-0.31610772,-0.105993986,-0.9427837,0.42248252,-0.90549445,-0.039853275
1356440603682,-0.8469198,-0.37433094,0.3776284,-0.3669294,-0.10254973,-0.924579,0.38482422,-0.92160726,-0.050501645
1356440603721,-0.83636934,-0.33860204,0.4310859,-0.42411122,-0.098535776,-0.9002335,0.3472983,-0.9357561,-0.06119269
1356440603763,-0.818577,-0.30797958,0.4848507,-0.4817677,-0.091521025,-0.8715066,0.31278026,-0.9469807,-0.07345754
1356440603800,-0.79659325,-0.2896356,0.5306133,-0.53242683,-0.07953662,-0.84273106,0.2862881,-0.9538266,-0.090851426
1356440603841,-0.77727467,-0.2916458,0.55748266,-0.56653166,-0.060959518,-0.8217821,0.27365315,-0.954582,-0.11784434
1356440603881,-0.76715183,-0.317868,0.5571697,-0.5777746,-0.034927785,-0.8154487,0.27866572,-0.94749147,-0.15686113
1356440603921,-0.7663072,-0.36142713,0.5311719,-0.56892806,-0.0023616552,-0.8223839,0.29848632,-0.93239737,-0.20381624
1356440603961,-0.76910245,-0.4071743,0.49263632,-0.55077136,0.03120315,-0.83407265,0.32424116,-0.9128173,-0.24825835
1356440604001,-0.76953924,-0.43964273,0.46316707,-0.5373547,0.053906024,-0.84163177,0.3450498,-0.89655364,-0.27772695
1356440604050,-0.7651714,-0.4511408,0.45933074,-0.537388,0.054610968,-0.8415651,0.35457987,-0.8907804,-0.2842244
1356440604081,-0.75771433,-0.4461652,0.47624123,-0.5478488,0.03837037,-0.83569705,0.35458535,-0.8941277,-0.2735049
1356440604123,-0.7444973,-0.42275548,0.5167219,-0.5710767,0.0023453236,-0.8208933,0.3458253,-0.9062407,-0.24317193
1356440604161,-0.7298628,-0.39023238,0.5612656,-0.5956521,-0.03980726,-0.8022555,0.33540854,-0.9198555,-0.20338887
1356440604217,-0.71525824,-0.35370982,0.6027396,-0.6169829,-0.08547586,-0.7823209,0.32823426,-0.9314415,-0.15709561
1356440604241,-0.70618635,-0.3203585,0.6314042,-0.627808,-0.1289832,-0.767607,0.32734996,-0.9384742,-0.110037446
1356440604281,-0.70633125,-0.2957095,0.6431578,-0.62461853,-0.16716349,-0.76282895,0.33308828,-0.9405383,-0.06663287
1356440604321,-0.71825814,-0.28428024,0.63505125,-0.604315,-0.19746244,-0.7718886,0.3448314,-0.93818617,-0.029965878
1356440604361,-0.74289834,-0.2895794,0.60352784,-0.5633197,-0.21661407,-0.79733884,0.36162555,-0.93232083,-0.002203524
1356440604410,-0.7787619,-0.3153793,0.5422784,-0.49565408,-0.22052336,-0.8400575,0.38452175,-0.9229872,0.015416086
1356440604447,-0.8173223,-0.35633224,0.45278192,-0.40400684,-0.20586479,-0.8912901,0.4108073,-0.91139835,0.024297297
1356440604491,-0.8493084,-0.41151708,0.33064944,-0.28696477,-0.16582394,-0.94347954,0.44308752,-0.8961898,0.022744775
1356440604521,-0.8638888,-0.46015167,0.20483279,-0.17320728,-0.11046791,-0.97867054,0.47296435,-0.8809411,0.01573044
1356440604562,-0.8629392,-0.4962222,0.09539139,-0.08115329,-0.050230682,-0.99543506,0.49874854,-0.86674124,0.0030759573
1356440604601,-0.85667,-0.51549006,0.019659355,-0.021742672,-0.0019949675,-0.99976164,0.5154064,-0.85689324,-0.009499073
1356440604642,-0.8542368,-0.5196512,-0.015561372,0.003166169,0.024731815,-0.9996891,0.51987445,-0.8540205,-0.01948154
1356440604681,-0.85930324,-0.5113174,-0.012352765,-0.0032895505,0.029676259,-0.99955416,0.51145595,-0.85887945,-0.027182877
1356440604721,-0.87015367,-0.49207085,0.026437819,-0.039888084,0.016858816,-0.99906194,0.49116355,-0.87039196,-0.034297585
1356440604761,-0.8809015,-0.46309885,0.09773399,-0.10601613,-0.008184314,-0.99433076,0.4612733,-0.88626885,-0.04188639
1356440604820,-0.8828245,-0.42629522,0.19721392,-0.19958532,-0.03961861,-0.9790792,0.42519012,-0.903716,-0.05010599
1356440604841,-0.86605734,-0.38222224,0.32225886,-0.31945294,-0.07275158,-0.94480526,0.38457045,-0.92120206,-0.059094906
1356440604879,-0.820969,-0.33554083,0.4619764,-0.4556136,-0.10267514,-0.8842364,0.34413093,-0.93641347,-0.068583906
1356440604916,-0.7503276,-0.29299307,0.59259063,-0.58566934,-0.12112087,-0.8014494,0.3065942,-0.9484117,-0.08071679
1356440604958,-0.66732925,-0.26625508,0.6955428,-0.6910234,-0.12696272,-0.7115947,0.27777374,-0.9555044,-0.099262595
1356440605005,-0.60253894,-0.27313197,0.74989724,-0.75179994,-0.12110025,-0.64817566,0.2678502,-0.9543237,-0.13237303
1356440605051,-0.56444025,-0.31401628,0.76341397,-0.77608913,-0.11320925,-0.6203783,0.28123444,-0.9426438,-0.1798048
1356440605091,-0.5423067,-0.3679594,0.7553207,-0.7818179,-0.10820824,-0.6140455,0.30767566,-0.92352426,-0.2289952
1356440605131,-0.524847,-0.4163164,0.7424395,-0.78201103,-0.108617485,-0.6137272,0.3361466,-0.90270865,-0.26855648
1356440605178,-0.49620265,-0.44240487,0.74703467,-0.7920065,-0.12184197,-0.5982309,0.35568044,-0.88850015,-0.28992927
1356440605229,-0.45098388,-0.43979692,0.7766544,-0.8154441,-0.1507346,-0.5588648,0.36285573,-0.8853573,-0.2906509
1356440605246,-0.39420748,-0.4121131,0.82143974,-0.84513736,-0.18856937,-0.5001844,0.36103094,-0.8914058,-0.27395672
1356440605290,-0.32981676,-0.36207998,0.871848,-0.8749099,-0.22967458,-0.4263593,0.35461745,-0.9034089,-0.24103683
1356440605331,-0.27175164,-0.30249238,0.9135915,-0.8967396,-0.26496887,-0.35447082,0.349298,-0.9155817,-0.19925117
1356440605372,-0.22331059,-0.23910332,0.9449667,-0.9102633,-0.2955956,-0.28990364,0.34864485,-0.92490697,-0.15163738
1356440605411,-0.19329292,-0.18236694,0.9640436,-0.9156327,-0.31948322,-0.24402267,0.35249746,-0.9298778,-0.10522732
1356440605452,-0.17883694,-0.13499638,0.9745734,-0.9154352,-0.34016,-0.21510336,0.3605491,-0.9306272,-0.06274721
1356440605490,-0.1819278,-0.101346195,0.97807527,-0.9103311,-0.3586889,-0.20649365,0.3717521,-0.9279393,-0.02700311
1356440605531,-0.20112789,-0.083301574,0.9760166,-0.90043235,-0.3766039,-0.21769485,0.385706,-0.92262137,7.382035E-4
1356440605570,-0.23477101,-0.08149648,0.9686283,-0.8850629,-0.39410716,-0.24767551,0.40192807,-0.915444,0.020395488
1356440605611,-0.28125787,-0.09590137,0.95482826,-0.8631058,-0.4096313,-0.2953824,0.41945514,-0.9071964,0.032438934
1356440605651,-0.3393709,-0.12658396,0.9320965,-0.8327311,-0.42041832,-0.36028776,0.4374771,-0.89845693,0.037267357
1356440605693,-0.4074505,-0.17307603,0.8966764,-0.79161304,-0.42262977,-0.4412854,0.45533812,-0.8896228,0.035191447
1356440605731,-0.48007554,-0.23063996,0.8463644,-0.7397088,-0.41219872,-0.5319052,0.47154891,-0.8814179,0.027280092
1356440605771,-0.54618496,-0.28653044,0.7871355,-0.6841951,-0.38953668,-0.61655354,0.48327947,-0.8753065,0.016716361
1356440605812,-0.59585077,-0.32705873,0.73348105,-0.63821983,-0.36154473,-0.679677,0.48748055,-0.87310827,0.0066913962
1356440605851,-0.6268421,-0.34682912,0.69769526,-0.61125034,-0.33638215,-0.71639377,0.48315847,-0.8755322,-0.0011408925
1356440605893,-0.6386018,-0.34426862,0.6882347,-0.61091226,-0.3170408,-0.7254456,0.46794665,-0.8837218,-0.007855177
1356440605931,-0.6346877,-0.32717335,0.70009214,-0.63147086,-0.3026294,-0.71390474,0.44543904,-0.8951944,-0.014525294
1356440605972,-0.6167618,-0.299931,0.72776806,-0.6682604,-0.28907537,-0.6854659,0.41597226,-0.90910774,-0.022141337
