1356441212290,-0.15211338,-0.0024112388,0.98836005,0.22986948,-0.97266155,0.03300512,0.9612603,0.23221436,0.14850923
1356441212331,0.1597017,-0.030075058,-0.9867071,-0.22468321,0.97219425,-0.065998405,0.9612559,0.23223656,0.14850372
1356441212369,0.15962398,-0.030164883,-0.98671687,-0.2248167,0.97215724,-0.06608899,0.96123755,0.23237981,0.14839804
1356441212409,0.15920836,-0.030448712,-0.98677534,-0.225258,0.97203815,-0.06633757,0.96120316,0.23284052,0.14789778
1356441212450,0.15806031,-0.030715093,-0.98695165,-0.22626148,0.9717954,-0.066479206,0.961157,0.23381686,0.14665264
1356441212489,0.15592265,-0.03020908,-0.9873072,-0.22802986,0.97143257,-0.06573547,0.9610882,0.23538518,0.14457977
1356441212529,0.15280801,-0.028303526,-0.98785055,-0.230614,0.9709716,-0.06349298,0.96097183,0.2375144,0.14184505
1356441212569,0.14896783,-0.024634838,-0.98853517,-0.23389825,0.9704429,-0.05943139,0.9607811,0.24007,0.1388027
1356441212610,0.14488065,-0.018853337,-0.98926944,-0.23763806,0.9698911,-0.053286612,0.96048826,0.24280828,0.13603818
1356441212649,0.14118391,-0.010727502,-0.9899253,-0.24161786,0.9693292,-0.044964053,0.9600459,0.24553183,0.13426173
1356441212689,0.13849634,1.1588633E-4,-0.990363,-0.24574894,0.9687281,-0.034253173,0.9593885,0.24812457,0.13419378
1356441212729,0.1371805,0.01397033,-0.9904475,-0.2500453,0.96800685,-0.020978361,0.9584669,0.25053456,0.13628489
1356441212769,0.13958004,0.021191299,-0.9899841,-0.25327605,0.96727765,-0.015004702,0.9572715,0.2528336,0.1403799
1356441212809,0.13837102,0.046210013,-0.98930186,-0.2592877,0.96575963,0.0088444725,0.9558365,0.25528997,0.1456148
1356441212849,0.13773346,0.067998834,-0.9881325,-0.2655186,0.9636603,0.029304728,0.9542167,0.2583313,0.15078324
1356441212889,0.13662302,0.08617953,-0.9868674,-0.27214608,0.9611435,0.046256945,0.9525076,0.26225233,0.15476775
1356441212929,0.1345092,0.100398436,-0.9858131,-0.27891636,0.9584668,0.059556685,0.9508485,0.2669485,0.15692538
1356441212969,0.13128823,0.11090474,-0.985121,-0.2851721,0.9559449,0.069614895,0.949442,0.27178943,0.15713125
1356441213008,0.12705687,0.118278466,-0.9848181,-0.29002264,0.9539051,0.077148326,0.9485481,0.27581733,0.15550363
1356441213049,0.1218797,0.12311172,-0.9848801,-0.29255983,0.95264894,0.08287826,0.9484482,0.2780352,0.15212613
1356441213088,0.115659475,0.12584756,-0.9852843,-0.29201788,0.9524138,0.08737004,0.94939375,0.27761546,0.14690542
1356441213129,0.10810912,0.12679313,-0.98602027,-0.28763592,0.95340097,0.09106165,0.9516186,0.27377024,0.13954163
1356441213169,0.09908146,0.12713057,-0.9869249,-0.2791374,0.95553404,0.09506319,0.9551258,0.26606864,0.1301626
1356441213224,0.08862406,0.12765026,-0.9878518,-0.26622245,0.9587103,0.10000073,0.9598288,0.25412586,0.11894816
1356441213251,0.07693377,0.13007411,-0.988515,-0.24987116,0.9623287,0.10718148,0.96521795,0.23875552,0.10653734
1356441213290,0.064302206,0.13528828,-0.98871756,-0.23156826,0.965747,0.117084906,0.9706912,0.22142677,0.093428135
1356441213330,0.051017314,0.14403965,-0.9882559,-0.21285771,0.9683758,0.13015361,0.9757504,0.20371781,0.08006388
1356441213360,0.03806168,0.1585208,-0.98662174,-0.19617711,0.969309,0.14817107,0.97982955,0.18791294,0.067991674
1356441213400,0.026040077,0.17341016,-0.9845054,-0.18005024,0.9695471,0.16601309,0.9833127,0.17293742,0.05646962
1356441213430,0.0148587525,0.19544241,-0.98060256,-0.16609246,0.9675684,0.19032785,0.9859982,0.16004267,0.046838343
1356441213460,0.005698856,0.21926586,-0.9756485,-0.15407912,0.9642056,0.21579422,0.9880421,0.14909728,0.039279163
1356441213491,-0.0014410913,0.24504209,-0.9695114,-0.1439333,0.95936644,0.24269189,0.98958635,0.13989471,0.033887208
1356441213519,-0.006580714,0.27244467,-0.96214896,-0.13562101,0.95303655,0.27079198,0.9907389,0.13226959,0.030677557
1356441213550,-0.009815309,0.30078304,-0.9536421,-0.12919018,0.94531375,0.29948592,0.99157125,0.12614074,0.029579699
1356441213590,-0.010465946,0.33131605,-0.94346184,-0.12515803,0.93565965,0.32996455,0.9920817,0.12153518,0.031674325
1356441213619,-0.009831097,0.361987,-0.9321313,-0.12279237,0.9246843,0.36039007,0.9923837,0.11800164,0.03535855
1356441213659,-0.0059633553,0.39435747,-0.9189378,-0.12222454,0.91177654,0.39207742,0.99248457,0.11465481,0.042762876
1356441213699,0.001178205,0.4284232,-0.90357745,-0.12236932,0.8968491,0.42507344,0.992484,0.110069335,0.053482533
1356441213739,0.010813773,0.46205166,-0.88678706,-0.122878045,0.8807315,0.45739806,0.99236286,0.10402048,0.066300035
1356441213779,0.020820111,0.4910179,-0.87090063,-0.12508664,0.8655242,0.48499626,0.9919274,0.09884037,0.07944012
1356441213819,0.028671384,0.51042885,-0.8594419,-0.13148473,0.85425043,0.50295925,0.9909035,0.09858294,0.09160614
1356441213859,0.032633185,0.5161047,-0.8559036,-0.14386982,0.8498668,0.50697917,0.9890584,0.10659437,0.10198575
1356441213899,0.032500207,0.50547314,-0.86222994,-0.16225147,0.8539108,0.4944803,0.98621404,0.12382744,0.109766066
1356441213939,0.029735506,0.47803968,-0.87783474,-0.18532763,0.8656326,0.46511707,0.9822268,0.14885655,0.11433399
1356441213979,0.026799403,0.43540218,-0.899837,-0.21191427,0.88217574,0.4205451,0.9769207,0.17941795,0.115909696
1356441214025,0.025572479,0.37848932,-0.9252523,-0.24355127,0.90002507,0.36143833,0.96955085,0.21610351,0.11519742
1356441214059,0.030927747,0.31278086,-0.9493216,-0.27440715,0.915939,0.29284215,0.9611161,0.25144368,0.1141572
1356441214099,0.040324986,0.25021005,-0.96735144,-0.3062138,0.9246492,0.22640008,0.95110834,0.28708678,0.11390424
1356441214139,0.05549571,0.19158044,-0.97990674,-0.33605996,0.9277426,0.16234958,0.9402042,0.3202977,0.11586821
1356441214179,0.07569221,0.14299393,-0.986825,-0.36004728,0.92681444,0.10668159,0.92985845,0.34722868,0.121637225
1356441214225,0.09955421,0.108013645,-0.9891522,-0.37447524,0.92507195,0.063326746,0.921877,0.36410856,0.13254327
1356441214261,0.12543821,0.08719884,-0.9882619,-0.3767373,0.9257011,0.033860296,0.9177876,0.36806774,0.14896935
1356441214299,0.15195858,0.07980311,-0.98515993,-0.36488044,0.93085796,0.019122437,0.91857,0.35655975,0.17057043
1356441214336,0.17820829,0.08407064,-0.9803948,-0.33965975,0.9403585,0.018896848,0.9235112,0.3296331,0.1961351
1356441214379,0.2040894,0.09961931,-0.9738704,-0.3053329,0.95166117,0.033360288,0.93011796,0.29054618,0.22464103
1356441214419,0.2282981,0.12163102,-0.9659637,-0.27117288,0.96084756,0.056897186,0.9350643,0.24895364,0.2523427
1356441214459,0.24743646,0.13999751,-0.95873654,-0.24478117,0.96644,0.077947825,0.9374739,0.21539354,0.27340126
1356441214499,0.25719,0.14336514,-0.9556672,-0.22830385,0.96995366,0.08406702,0.9390052,0.19656128,0.28219318
1356441214539,0.25540832,0.12722912,-0.9584254,-0.21979734,0.97298837,0.070589095,0.9415177,0.19263032,0.27647394
1356441214579,0.24244708,0.0937355,-0.9656258,-0.21731575,0.97527695,0.040109217,0.94551224,0.20012131,0.25682324
1356441214619,0.22117135,0.050373122,-0.9739331,-0.21968798,0.97556996,5.686283E-4,0.9501686,0.21383564,0.22683448
1356441214659,0.19591194,0.0057523623,-0.9806046,-0.22537813,0.9734777,-0.039317034,0.95437056,0.22870949,0.19201237
1356441214699,0.1706182,-0.034435146,-0.98473537,-0.23212072,0.9698579,-0.07413285,0.9576061,0.2412259,0.15748233
1356441214739,0.14830396,-0.06734526,-0.9866461,-0.23753983,0.9660452,-0.101644,0.95998996,0.24944195,0.12727112
1356441214779,0.13085738,-0.09227461,-0.9870976,-0.23981446,0.9631444,-0.12182713,0.9619591,0.25266227,0.10390574
1356441214819,0.119249344,-0.10947386,-0.9868106,-0.2380152,0.9617691,-0.13545835,0.96391314,0.25102922,0.088633895
1356441214859,0.11358929,-0.11963613,-0.98629856,-0.23208521,0.96206325,-0.14342508,0.9660404,0.24519685,0.0815143
1356441214899,0.11327657,-0.123566225,-0.9858498,-0.22259127,0.96385896,-0.14638619,0.9683086,0.23602368,0.081677854
1356441214939,0.11722705,-0.1220949,-0.9855712,-0.21052381,0.9668038,-0.14481035,0.9705346,0.22446191,0.08763164
1356441214979,0.12427497,-0.11577339,-0.98547065,-0.19680604,0.97056204,-0.1388406,0.9725344,0.21120097,0.09783167
1356441215019,0.1333321,-0.105007425,-0.9854927,-0.18175156,0.9749162,-0.12847051,0.9742632,0.19624409,0.11090237
1356441215059,0.1434628,-0.09014874,-0.9855413,-0.16514519,0.9796988,-0.11365412,0.9757795,0.17906256,0.12566268
1356441215099,0.15398198,-0.0714118,-0.98548967,-0.14782956,0.98449373,-0.09443788,0.9769524,0.16022624,0.14103752
1356441215139,0.1641599,-0.049233355,-0.98520434,-0.13345248,0.98846304,-0.07163274,0.9773648,0.14323717,0.15569568
1356441215179,0.1732589,-0.024631549,-0.9845682,-0.12601371,0.99091613,-0.04696554,0.9767813,0.13220629,0.16858113
1356441215223,0.17990607,5.313009E-5,-0.9836839,-0.12858513,0.99142087,-0.02346342,0.9752435,0.13070834,0.17836946
1356441215260,0.18267831,0.022151526,-0.9829231,-0.1397955,0.99017364,-0.0036663488,0.97318333,0.138078,0.18397993
1356441215300,0.18107468,0.0379031,-0.9827387,-0.15983377,0.9871063,0.008621357,0.9703943,0.15551373,0.18479818
1356441215330,0.17686898,0.049932398,-0.9829669,-0.18214178,0.9831224,0.017166846,0.967234,0.17600307,0.18297863
1356441215360,0.17077917,0.056671053,-0.98367834,-0.20600817,0.9783335,0.020597458,0.9635327,0.19912812,0.17875367
1356441215400,0.16217777,0.055980325,-0.98517233,-0.23488879,0.9718812,0.016558006,0.95839745,0.2287206,0.17076665
1356441215440,0.15278092,0.051507093,-0.98691696,-0.26672488,0.96373063,0.009006292,0.95158595,0.2618593,0.1609779
1356441215470,0.14472586,0.04717464,-0.98834664,-0.29697362,0.9548834,0.0020908862,0.9438544,0.29321027,0.15220594
1356441215510,0.13948181,0.046597287,-0.9891277,-0.32680637,0.94509006,-0.0015619099,0.9347419,0.32347107,0.14705116
1356441215540,0.13705984,0.05116737,-0.98924035,-0.35242772,0.93583894,-4.2381883E-4,0.92574793,0.34869382,0.14629877
1356441215580,0.14043808,0.070254266,-0.98759377,-0.3700434,0.92891693,0.013459161,0.9183382,0.3635624,0.15645242
1356441215610,0.14604828,0.100286126,-0.98418117,-0.3797297,0.9243234,0.037836477,0.91349614,0.36819685,0.17307746
1356441215640,0.15450308,0.143184,-0.97756183,-0.37990165,0.9219814,0.0749999,0.9120326,0.35978964,0.19684482
1356441215680,0.1688815,0.21195617,-0.96257657,-0.36697575,0.9199109,0.13817641,0.914772,0.32990682,0.23313874
1356441215710,0.18049163,0.29369423,-0.93870467,-0.35663155,0.90897495,0.21582049,0.9166443,0.2958179,0.268803
1356441215740,0.18838203,0.37688366,-0.90690184,-0.35215393,0.8879501,0.29585832,0.91678774,0.26363468,0.2999949
1356441215770,0.18986283,0.45310912,-0.8710019,-0.35434565,0.8589695,0.36960864,0.9156371,0.23846076,0.32364362
1356441215800,0.18352893,0.51588136,-0.8367697,-0.3608687,0.8271532,0.43080318,0.9143801,0.22289918,0.337972
1356441215830,0.16934605,0.5622676,-0.80943006,-0.36801368,0.7979623,0.47730708,0.91426903,0.21705131,0.34205395
1356441215861,0.148353,0.5921925,-0.79202235,-0.37244165,0.77537394,0.50998276,0.9161215,0.21932463,0.3355862
1356441215900,0.11953208,0.59604186,-0.7940064,-0.36912936,0.769091,0.5217687,0.9216592,0.230723,0.31194758
1356441215942,0.08376758,0.5925959,-0.8011324,-0.3599323,0.7676744,0.53021204,0.92921025,0.2439389,0.27760065
1356441215980,0.04684864,0.59037507,-0.80576813,-0.34592864,0.76632744,0.54136455,0.9370904,0.2533762,0.24012905
1356441216020,0.01256156,0.59546244,-0.80328494,-0.32803017,0.76134366,0.5592424,0.9445837,0.2564767,0.20489329
1356441216060,-0.018023968,0.61415887,-0.78897655,-0.30793607,0.7473372,0.5887805,0.95123637,0.25356647,0.17565167
1356441216100,-0.045299858,0.65029955,-0.7583262,-0.2868181,0.718678,0.633433,0.9569135,0.24619603,0.1539616
1356441216140,-0.07080075,0.7070701,-0.7035902,-0.2648724,0.66671145,0.6966624,0.9616808,0.2356858,0.14007968
1356441216180,-0.09595066,0.78356516,-0.6138559,-0.24114272,0.5800321,0.7780829,0.9657348,0.22268444,0.13329655
1356441216216,-0.120936066,0.8643321,-0.48816437,-0.21510065,0.4572715,0.8629221,0.9690749,0.20936286,0.1306178
1356441216246,-0.14054456,0.9329798,-0.33135447,-0.18894485,0.30325076,0.9339907,0.97187805,0.19387504,0.13366151
1356441216289,-0.15560746,0.97566676,-0.15446928,-0.16577494,0.12836367,0.9777738,0.9738096,0.17775598,0.14176673
1356441216329,-0.1649453,0.98627496,0.007395476,-0.15101478,-0.03266412,0.9879917,0.97467303,0.1618478,0.1543299
1356441216369,-0.17009145,0.97622156,0.13438836,-0.14687762,-0.15996748,0.9761338,0.9744208,0.14629337,0.17059422
1356441216409,-0.1742925,0.95907867,0.22313765,-0.15124428,-0.2499913,0.9563627,0.97300947,0.1329385,0.1886267
1356441216449,-0.18039536,0.9436267,0.27753595,-0.15920609,-0.30645692,0.9384762,0.9706241,0.12511131,0.20551452
1356441216489,-0.189852,0.9333186,0.30474976,-0.16540632,-0.33636302,0.92709255,0.9677794,0.12560287,0.21823606
1356441216529,-0.20317274,0.9286904,0.31025007,-0.16692024,-0.34507197,0.9236141,0.96481013,0.13586622,0.22512636
1356441216569,-0.22037381,0.92930466,0.29635823,-0.16397613,-0.33479923,0.92791235,0.9615338,0.15589193,0.22616482
1356441216609,-0.2404707,0.934024,0.264146,-0.15880945,-0.30632305,0.9385871,0.9575769,0.18375379,0.22199354
1356441216649,-0.26163143,0.9413047,0.21329412,-0.15449163,-0.25898546,0.9534458,0.952723,0.21649921,0.21318248
1356441216689,-0.2813413,0.94905806,0.14190102,-0.15508929,-0.19089979,0.9692805,0.9469923,0.2506913,0.20089668
1356441216729,-0.2973352,0.95371467,0.044944346,-0.16528362,-0.09777814,0.98138714,0.9403579,0.28437242,0.1867063
1356441216769,-0.30570734,0.9486582,-0.081183136,-0.19014537,0.02271825,0.9814931,0.9329458,0.31548622,0.17343777
1356441216809,-0.30121565,0.92611194,-0.22712517,-0.22995877,0.16060734,0.9598564,0.9254124,0.34135318,0.16459012
1356441216849,-0.2813503,0.88848644,-0.36253825,-0.27501804,0.2872938,0.9175116,0.9193516,0.35784665,0.16351956
1356441216889,-0.25115508,0.8572962,-0.44940442,-0.30996498,0.36860377,0.8763863,0.91697484,0.35940847,0.17315507
1356441216947,-0.21887267,0.85560465,-0.46907923,-0.32739577,0.38847095,0.8613375,0.919188,0.34209782,0.19509572
1356441216969,-0.18826604,0.8822979,-0.43140012,-0.33290732,0.35591984,0.8732088,0.9239742,0.30801195,0.22671592
1356441217009,-0.1595127,0.91510355,-0.3703259,-0.33622447,0.30234116,0.89193213,0.928175,0.26678714,0.25945294
1356441217046,-0.13349265,0.93633914,-0.32472858,-0.34075174,0.2643196,0.9022324,0.9306277,0.23109326,0.2837745
1356441217090,-0.111615956,0.9413996,-0.31829023,-0.34424195,0.263833,0.9010492,0.93222284,0.21014029,0.29462123
1356441217129,-0.0942868,0.9294548,-0.35668448,-0.34428367,0.30573237,0.8876917,0.93411934,0.2064982,0.29116952
1356441217169,-0.08133352,0.8971981,-0.43407413,-0.34011397,0.38439077,0.8582344,0.9368603,0.2174379,0.2738858
1356441217221,-0.071934074,0.84309155,-0.5329372,-0.33328754,0.48329,0.80953705,0.940077,0.23585466,0.2462269
1356441217250,-0.065446526,0.7708185,-0.6336842,-0.32557583,0.5837976,0.74376124,0.9432482,0.25498885,0.21275234
1356441217291,-0.06121534,0.6895653,-0.7216319,-0.3180051,0.67183757,0.6689597,0.9461107,0.2704332,0.17815846
1356441217330,-0.05861935,0.61141646,-0.7891347,-0.31095424,0.7399832,0.5964329,0.9486154,0.28034732,0.1467452
1356441217370,-0.057117566,0.54786927,-0.83461183,-0.30412948,0.78669584,0.53722894,0.9509168,0.28451526,0.12168908
1356441217411,-0.05626954,0.50708854,-0.8600552,-0.29700407,0.8139216,0.49931976,0.9532168,0.2835364,0.10480833
1356441217451,-0.05589491,0.49285775,-0.8683128,-0.28929716,0.8243708,0.48653874,0.95560604,0.27839544,0.09650421
1356441217490,-0.056064695,0.5059406,-0.86074436,-0.28107494,0.8192357,0.49984986,0.9580468,0.2699576,0.09627706
1356441217531,-0.056752995,0.5476806,-0.8347605,-0.27226594,0.7959275,0.5407132,0.9605469,0.2579639,0.10394353
1356441217570,-0.058069035,0.6175139,-0.7844135,-0.2627165,0.7485912,0.608762,0.9631241,0.24142858,0.11876112
1356441217610,-0.059529245,0.70983684,-0.701846,-0.25300664,0.6694057,0.6984867,0.96563137,0.21915211,0.13974422
1356441217650,-0.060772,0.8075522,-0.58665675,-0.24595141,0.5575057,0.79290307,0.9673751,0.19247538,0.16473788
1356441217690,-0.0624412,0.88584805,-0.45975477,-0.24463937,0.4330158,0.8675535,0.9676016,0.16664508,0.18967527
1356441217730,-0.06608823,0.9327667,-0.35437074,-0.24810779,0.32863143,0.91128695,0.9664755,0.1481475,0.20970803
1356441217770,-0.07269454,0.95397925,-0.29092795,-0.2528766,0.26453787,0.93063056,0.9647637,0.1412206,0.22200853
1356441217809,-0.08188331,0.9584232,-0.2733497,-0.25755793,0.24460477,0.93479,0.9627871,0.14694712,0.22682041
1356441217849,-0.09199655,0.95004994,-0.29823095,-0.26328546,0.2656343,0.9274261,0.9603215,0.1638399,0.22569692
1356441217889,-0.10047388,0.92686677,-0.36169446,-0.272109,0.32407516,0.90605295,0.9570066,0.18945503,0.2196477
1356441217928,-0.103702694,0.8830304,-0.45771486,-0.2859212,0.4143037,0.864061,0.9526252,0.22047588,0.20951277
1356441217969,-0.098183244,0.81136775,-0.57623124,-0.30583727,0.52640617,0.7933222,0.9470078,0.25412393,0.19646221
1356441218009,-0.081736475,0.7114619,-0.697955,-0.3308071,0.64123046,0.6923801,0.94015205,0.28748113,0.18294472
1356441218049,-0.05637595,0.5998244,-0.7981431,-0.35674322,0.7345394,0.5772228,0.9324998,0.31727362,0.17257291
1356441218089,-0.026659593,0.5062944,-0.86194843,-0.3776067,0.7932712,0.4776337,0.9255821,0.33821106,0.1700319
1356441218129,0.003035754,0.45620131,-0.88987154,-0.38816947,0.82063556,0.41938263,0.9215831,0.34414774,0.17957461
1356441218168,0.030976698,0.45737275,-0.88873535,-0.3874267,0.82514375,0.41114274,0.92137986,0.331584,0.20275867
1356441218222,0.05688189,0.49891198,-0.864784,-0.3801797,0.8117512,0.4433096,0.92316186,0.30355704,0.23585016
1356441218251,0.07984668,0.55367017,-0.8288992,-0.37335435,0.787634,0.49014205,0.92424625,0.27033687,0.2696051
1356441218290,0.09806706,0.5912,-0.8005406,-0.36939013,0.76857567,0.5223431,0.9240853,0.24448721,0.2937554
1356441218330,0.110255525,0.5961056,-0.7952999,-0.3653778,0.7684566,0.52533185,0.92430663,0.23266418,0.30253035
1356441218370,0.11600241,0.56693405,-0.81555456,-0.35832834,0.7896899,0.49798653,0.9263608,0.23446867,0.29475445
1356441218410,0.11572327,0.5107487,-0.85190606,-0.34825653,0.82408744,0.44676307,0.9302287,0.24498096,0.27323765
1356441218450,0.11041832,0.43679634,-0.8927579,-0.33679232,0.86154985,0.37987205,0.9350822,0.2587292,0.24224055
1356441218490,0.10190508,0.35682866,-0.92859495,-0.325748,0.8939601,0.30777168,0.9399487,0.27112448,0.2073353
1356441218530,0.09183526,0.2786666,-0.9559871,-0.3156903,0.91866827,0.23746206,0.9444077,0.27998847,0.17233849
1356441218570,0.08208802,0.20988607,-0.97427374,-0.30703902,0.93535054,0.17563117,0.9481501,0.28472283,0.14122427
1356441218610,0.07423788,0.15625979,-0.9849221,-0.2994119,0.9455735,0.12744908,0.9512314,0.28543586,0.11698341
1356441218649,0.069274485,0.12068097,-0.9902713,-0.29167658,0.9517296,0.09557978,0.9540052,0.28221768,0.10113037
1356441218689,0.067370385,0.10307961,-0.99238896,-0.2824456,0.9559318,0.08011838,0.95691466,0.2748983,0.09351587
1356441218729,0.06829083,0.102654204,-0.99237007,-0.2706756,0.9592901,0.080605514,0.9602453,0.26310575,0.09329671
1356441218769,0.0718551,0.11967586,-0.99020934,-0.2562254,0.9616737,0.09763391,0.96394265,0.24670132,0.09976518
1356441218809,0.07809931,0.15553188,-0.9847387,-0.2400034,0.961639,0.13284886,0.9676254,0.22596523,0.112431526
1356441218850,0.0868364,0.20996755,-0.9738445,-0.2246314,0.9564894,0.18619558,0.970567,0.20258749,0.1302234
1356441218889,0.09676212,0.27609274,-0.9562478,-0.21439964,0.9439829,0.25085658,0.97194123,0.18074577,0.15053594
1356441218929,0.10539874,0.33879536,-0.93493783,-0.21232122,0.92616177,0.31167945,0.9714992,0.16565654,0.16954976
1356441218969,0.11057681,0.38161415,-0.9176837,-0.2180289,0.9101683,0.35221738,0.9696578,0.16113448,0.18384641
1356441219008,0.112052776,0.39664936,-0.9111056,-0.23022006,0.90229607,0.36450043,0.9666658,0.16891155,0.19242144
1356441219049,0.1107502,0.38428187,-0.91654885,-0.24877179,0.9035825,0.3487854,0.96220946,0.18938345,0.19567043
1356441219089,0.10808975,0.35080218,-0.93019056,-0.27303302,0.91016793,0.31152412,0.95591295,0.22030017,0.1941604
1356441219129,0.10505272,0.30507562,-0.94651616,-0.30155632,0.91674143,0.2620094,0.9476433,0.25790313,0.18830365
1356441219169,0.10204348,0.2555853,-0.96138614,-0.33233762,0.9196627,0.20921811,0.93762404,0.2981554,0.17878622
1356441219221,0.09930509,0.2098622,-0.9726749,-0.3627226,0.91788274,0.16100824,0.926591,0.3368222,0.16727221
1356441219250,0.09709942,0.17382187,-0.97997844,-0.39015085,0.91247267,0.123190746,0.91561675,0.37037766,0.15641731
1356441219290,0.09675977,0.15324682,-0.9834394,-0.41083527,0.9061227,0.10077703,0.9065605,0.3942804,0.15063542
1356441219330,0.100973666,0.15411152,-0.9828805,-0.41959155,0.9023658,0.098381504,0.90207946,0.40247434,0.15577906
1356441219370,0.11320114,0.18043825,-0.9770504,-0.41271892,0.9030574,0.118955836,0.9037968,0.38978124,0.17669743
1356441219410,0.13436246,0.22816029,-0.96430784,-0.3933455,0.90546197,0.15943,0.90951973,0.35788473,0.21140593
1356441219450,0.15941831,0.28192803,-0.9460986,-0.37122944,0.9051352,0.2071689,0.91475385,0.3181931,0.24895513
1356441219490,0.17950547,0.32372108,-0.9289685,-0.35480192,0.9020564,0.2457842,0.9175475,0.28548017,0.2767809
1356441219530,0.18789148,0.34429547,-0.9198682,-0.34594336,0.89973104,0.26609632,0.9192497,0.26822504,0.28815854
1356441219570,0.18251967,0.3444546,-0.92088944,-0.3420781,0.9003532,0.2689734,0.9217749,0.2659232,0.28216255
1356441219611,0.16531995,0.33049348,-0.92921656,-0.34035406,0.9034165,0.2607637,0.9256503,0.2731532,0.2618376
1356441219650,0.14042622,0.3100767,-0.9402835,-0.33886915,0.9073893,0.24862093,0.9302947,0.28372014,0.23249668
1356441219690,0.11216291,0.28894097,-0.95075375,-0.33692467,0.91117233,0.23716398,0.9348269,0.2937314,0.1995511
1356441219730,0.08411282,0.27030098,-0.9590946,-0.33443046,0.9143355,0.22835691,0.93865937,0.3015427,0.16730422
1356441219789,0.059170477,0.25585622,-0.9649023,-0.33123028,0.9168662,0.22280689,0.9416928,0.30642128,0.13899875
1356441219809,0.03947249,0.24655536,-0.96832454,-0.32692757,0.91892934,0.22065157,0.9442247,0.30786234,0.11687815
1356441219849,0.026240766,0.24296828,-0.96967924,-0.32093978,0.92071044,0.22201335,0.946736,0.30538285,0.10213834
1356441219887,0.019747823,0.2454609,-0.96920526,-0.31285807,0.92222834,0.22718893,0.9495945,0.29873726,0.095006466
1356441219929,0.019846857,0.25460008,-0.9668428,-0.30236116,0.9232799,0.2369219,0.95298684,0.28763354,0.09530538
1356441219969,0.026274495,0.27120605,-0.9621627,-0.28933218,0.9233619,0.2523682,0.9568681,0.27175373,0.1027295
1356441220009,0.039197385,0.2965814,-0.9542029,-0.27385366,0.921562,0.27518654,0.9609723,0.25052536,0.11734271
1356441220049,0.057141103,0.32993427,-0.94227284,-0.25816473,0.91659695,0.30528834,0.96440953,0.22581717,0.13755274
1356441220089,0.077159904,0.36784583,-0.92668,-0.24583799,0.9077727,0.33987093,0.966235,0.20158873,0.16047412
1356441220129,0.09425914,0.40437594,-0.9097227,-0.24009147,0.89605314,0.37342316,0.96616316,0.1832181,0.18154842
1356441220169,0.10396857,0.4339853,-0.8949007,-0.24271603,0.8836439,0.40032777,0.96450996,0.17558524,0.19720638
1356441220220,0.10420101,0.45424506,-0.88476187,-0.25438336,0.8721858,0.41782892,0.9614735,0.18153048,0.20643502
1356441220250,0.09506619,0.46544415,-0.87995696,-0.27458048,0.86192894,0.42624414,0.95685315,0.20109761,0.20974219
1356441220290,0.07792719,0.4700655,-0.8791848,-0.300759,0.851865,0.4288007,0.95051116,0.23100746,0.20775986
1356441220330,0.05487208,0.47172764,-0.8800353,-0.32911393,0.8406547,0.4300974,0.94269454,0.2660315,0.20138061
1356441220370,0.027328223,0.47284454,-0.880722,-0.3573739,0.8274441,0.43315148,0.9335615,0.30290973,0.19159484
1356441220410,-0.002788797,0.47663265,-0.8790981,-0.38366914,0.8113139,0.44109833,0.9234664,0.33851296,0.18060666
1356441220450,-0.032493874,0.48608583,-0.8733068,-0.40607804,0.7919789,0.4559277,0.9132605,0.36944553,0.17165434
1356441220490,-0.057676613,0.50493574,-0.86122775,-0.4222389,0.7693704,0.4793574,0.9046478,0.3912916,0.16882885
1356441220530,-0.07390168,0.5372918,-0.84015244,-0.42982203,0.743031,0.51298916,0.8998843,0.39902675,0.17602855
1356441220570,-0.07709339,0.5850435,-0.8073294,-0.4283542,0.7117621,0.55669343,0.90031624,0.3887403,0.19573367
1356441220610,-0.06688973,0.64493144,-0.76130754,-0.42092577,0.67355347,0.60757494,0.9046255,0.36109453,0.2264145
1356441220649,-0.049789876,0.7067864,-0.70567274,-0.4130021,0.628741,0.6588733,0.90936816,0.3242495,0.26059932
1356441220689,-0.037132174,0.7590295,-0.6499965,-0.40799,0.58225083,0.703227,0.91223097,0.2913044,0.2880562
1356441220729,-0.037762433,0.79619646,-0.6038586,-0.40438795,0.5404228,0.73784393,0.91380763,0.27205592,0.30156457
1356441220769,-0.054325193,0.8193407,-0.57072717,-0.39770794,0.5065229,0.7650248,0.9159023,0.2685429,0.2983414
1356441220809,-0.08358282,0.8322399,-0.548079,-0.38420182,0.4805674,0.78831714,0.9194579,0.27646273,0.27958095
1356441220849,-0.11906144,0.8393166,-0.53044504,-0.36307338,0.46044114,0.81004417,0.9241223,0.28903556,0.24991274
1356441220889,-0.15414417,0.84463894,-0.5126642,-0.335966,0.44314265,0.83111453,0.92917514,0.3003492,0.21546209
1356441220929,-0.18441376,0.8511245,-0.49150652,-0.30535102,0.4257219,0.8517756,0.93421215,0.30716115,0.18138278
1356441220969,-0.20810112,0.8603085,-0.4653635,-0.27408823,0.40542582,0.8720697,0.9389194,0.3090293,0.15143085
1356441221008,-0.22496465,0.8723475,-0.43405166,-0.24441314,0.38070545,0.8918103,0.9432143,0.3067137,0.12756789
1356441221049,-0.23539275,0.88710797,-0.39702594,-0.21778294,0.34997195,0.9110929,0.94718575,0.30093014,0.11081612
1356441221089,-0.23976725,0.90398777,-0.35400236,-0.19492182,0.31238788,0.9297415,0.951061,0.29192436,0.10130656
1356441221129,-0.23860937,0.9219522,-0.30507323,-0.17610341,0.26785952,0.94722694,0.9550147,0.2797417,0.09844518
1356441221169,-0.23227972,0.93986756,-0.25039002,-0.16144198,0.21660537,0.962818,0.9591572,0.26406655,0.101421
1356441221220,-0.22100794,0.9565718,-0.19006827,-0.15091407,0.15899694,0.97567666,0.96352506,0.24431622,0.109220505
1356441221250,-0.20487756,0.9707892,-0.12487432,-0.14514494,0.09603685,0.98473847,0.96796596,0.21987566,0.12122929
1356441221290,-0.18636268,0.98075294,-0.05824563,-0.14538738,0.03110218,0.98888576,0.9716642,0.1927596,0.13679284
1356441221330,-0.17082185,0.98529863,0.0025442243,-0.15157595,-0.028830111,0.98802507,0.9735731,0.16839066,0.15427244
1356441221370,-0.16310221,0.9853134,0.050548792,-0.16106161,-0.07713866,0.9839252,0.973374,0.15233886,0.17127758
1356441221409,-0.16568863,0.98273206,0.08237153,-0.16958547,-0.11067444,0.97928137,0.9714876,0.14828676,0.18499452
1356441221449,-0.17847157,0.9791565,0.09695643,-0.17481688,-0.12852538,0.9761764,0.96829075,0.15727007,0.19411123
1356441221489,-0.19996303,0.97524184,0.09443617,-0.17662162,-0.13068181,0.975565,0.96375287,0.17839748,0.19838035
1356441221528,-0.22651768,0.9709598,0.07698634,-0.17626965,-0.1186012,0.9771708,0.95792425,0.20777607,0.19801602
1356441221569,-0.25515866,0.9658377,0.045294493,-0.17563605,-0.09236413,0.9801127,0.9508134,0.24212885,0.19320342
1356441221609,-0.28319734,0.9590608,-0.0012664199,-0.17759451,-0.051143467,0.9827739,0.94247514,0.27854386,0.18480766
1356441221649,-0.3081743,0.94913495,-0.06458703,-0.18608347,0.0064389706,0.98251283,0.9329531,0.31480384,0.17463404
1356441221689,-0.32648742,0.934057,-0.1447185,-0.20523486,0.07940024,0.97548664,0.9226508,0.3481854,0.16577786
1356441221729,-0.3328085,0.9136173,-0.23354197,-0.23603791,0.15906703,0.9586364,0.91297567,0.37416708,0.16270947
1356441221769,-0.3226704,0.89424753,-0.31016982,-0.27229607,0.22614324,0.9352616,0.9064981,0.3862392,0.17053026
1356441221809,-0.29725152,0.88845074,-0.34970957,-0.303465,0.25936246,0.9168643,0.9052903,0.3786639,0.19251782
1356441221849,-0.26353717,0.90132767,-0.343739,-0.32484692,0.25260252,0.911409,0.90830743,0.35185277,0.22622341
1356441221889,-0.22973102,0.92215466,-0.3112145,-0.3399749,0.22358727,0.9134691,0.9119434,0.31565735,0.2621445
1356441221929,-0.20167905,0.9370966,-0.28491324,-0.35191432,0.20213664,0.9139459,0.91404694,0.28458884,0.28901106
1356441221969,-0.18141586,0.94004416,-0.2887997,-0.35958114,0.20992732,0.90919304,0.91530854,0.26878893,0.29993802
1356441222008,-0.16802496,0.9292574,-0.3290111,-0.36140648,0.25244832,0.897583,0.91714394,0.2697231,0.29342204
1356441222049,-0.15913701,0.90329224,-0.39842,-0.35842925,0.32316476,0.8758384,0.9198934,0.28218374,0.27233893
1356441222089,-0.15232244,0.86258423,-0.4824378,-0.35275364,0.40853366,0.8418225,0.9232349,0.2984102,0.24205089
1356441222149,-0.14655188,0.8009654,-0.58049726,-0.33932936,0.51052046,0.79007876,0.92918146,0.31276724,0.19697332
1356441222221,-0.13775215,0.7357452,-0.6631013,-0.32863533,0.59760606,0.7313452,0.93435705,0.31866288,0.15947038
1356441222229,-0.12903261,0.68297553,-0.7189541,-0.31677836,0.65863764,0.6825305,0.9396819,0.31581783,0.13136613
1356441222269,-0.12152609,0.6517077,-0.74867105,-0.30311716,0.6938642,0.65320176,0.94517267,0.30631614,0.11322123
1356441222308,-0.116440475,0.64880306,-0.7519949,-0.2873279,0.7027644,0.65081865,0.95072836,0.2918507,0.104588926
1356441222349,-0.11493394,0.6796657,-0.7244616,-0.26861113,0.6808624,0.6813768,0.9563672,0.27291185,0.104311585
1356441222389,-0.11769146,0.7447288,-0.65690774,-0.24676208,0.61882466,0.7457644,0.9619029,0.24986999,0.11094046
1356441222429,-0.12384638,0.833635,-0.5382515,-0.22314188,0.50513816,0.83369243,0.96688664,0.22335625,0.12345934
1356441222469,-0.13048428,0.9189449,-0.372175,-0.20149142,0.34297168,0.9174812,0.9707601,0.19470692,0.14040703
1356441222508,-0.13487852,0.9714489,-0.19517925,-0.1870079,0.16848195,0.96780264,0.973055,0.16703582,0.15894401
1356441222549,-0.13773632,0.98888886,-0.055924386,-0.1817536,0.030269146,0.9828781,0.97365,0.14554247,0.17556497
1356441222589,-0.14191186,0.9896834,0.019694924,-0.18291762,-0.045772076,0.9820621,0.972832,0.13576373,0.18752608
1356441222647,-0.1490584,0.98846126,0.026940495,-0.18760931,-0.055020213,0.9807015,0.97086775,0.14112753,0.19364578
1356441222669,-0.15791512,0.9868307,-0.035042882,-0.19705394,0.0032809973,0.9803872,0.96759117,0.16172329,0.19394076
1356441222709,-0.16293526,0.9719287,-0.16972533,-0.21670392,0.13257003,0.9671942,0.9625443,0.19437015,0.1890204
1356441222746,-0.1532855,0.91414857,-0.37528107,-0.2523072,0.33097655,0.909283,0.95542896,0.23406607,0.17991239
1356441222789,-0.116817236,0.77481383,-0.6213029,-0.302087,0.5682238,0.7654183,0.94609576,0.27710152,0.16768283
1356441222829,-0.053732827,0.55580634,-0.8295735,-0.35132253,0.7671343,0.53672844,0.93471134,0.32028776,0.15404695
1356441222869,0.015221477,0.33112088,-0.94346553,-0.3873391,0.8718518,0.299738,0.92181164,0.36087865,0.14152694
1356441222909,0.073973,0.16454764,-0.9835913,-0.41003066,0.9040886,0.12041025,0.9090669,0.39439553,0.13434774
1356441222948,0.12097943,0.067285776,-0.990372,-0.41967896,0.9076131,0.010397047,0.8995741,0.41438043,0.13804096
1356441222988,0.16104847,0.02637972,-0.98659396,-0.41292292,0.9097466,-0.043079257,0.89641404,0.41432506,0.15740609
1356441223029,0.19872224,0.025637776,-0.9797205,-0.38907072,0.9195733,-0.05485362,0.8995185,0.39208117,0.19271457
1356441223069,0.23537016,0.04493013,-0.9708667,-0.35519737,0.9338066,-0.04289651,0.9046743,0.35494587,0.2357493
1356441223109,0.26858371,0.06292716,-0.9611987,-0.32111186,0.94663453,-0.027753264,0.90815747,0.31610638,0.27445728
1356441223149,0.2939285,0.0609527,-0.953882,-0.2937444,0.95542985,-0.02946259,0.9095715,0.28885734,0.29873258
1356441223221,0.30494893,0.022458121,-0.95210385,-0.27667385,0.9586946,-0.06600213,0.91129446,0.28354952,0.29856646
1356441223240,0.3033312,-0.03115613,-0.9523757,-0.2687359,0.9560975,-0.116870135,0.91420525,0.2913879,0.28164142
1356441223280,0.2896214,-0.09188188,-0.9527209,-0.26933923,0.94733536,-0.17323998,0.9184638,0.30677912,0.24962121
1356441223310,0.270466,-0.14145139,-0.95228124,-0.2757164,0.936334,-0.21739128,0.9224037,0.3213565,0.21424603
1356441223350,0.24403644,-0.19199836,-0.9505698,-0.28461668,0.922859,-0.25946996,0.9270597,0.33386812,0.1705653
1356441223391,0.2138705,-0.23260185,-0.94876534,-0.2951289,0.9104666,-0.2897403,0.9312133,0.341975,0.12607443
1356441223430,0.18427667,-0.26051515,-0.9477204,-0.30423057,0.9017606,-0.30703664,0.93460464,0.3449052,0.086916745
1356441223470,0.1584745,-0.27517667,-0.9482424,-0.30878314,0.8983939,-0.31231606,0.93783736,0.3422954,0.05740261
1356441223508,0.13830355,-0.27762872,-0.9506811,-0.30648506,0.90078914,-0.30764565,0.9417745,0.333918,0.039493263
1356441223549,0.12476817,-0.2690292,-0.95501626,-0.29604328,0.90859866,-0.2946299,0.9469906,0.3194866,0.033719897
1356441223589,0.11839512,-0.2496633,-0.9610675,-0.27767736,0.92093587,-0.27344543,0.95335084,0.2992413,0.039708436
1356441223629,0.119602054,-0.21904525,-0.96835655,-0.25231564,0.9366282,-0.24303177,0.96022505,0.2733986,0.056754112
1356441223669,0.12818009,-0.1768953,-0.97584724,-0.22196437,0.95388657,-0.20207,0.9665928,0.24250466,0.08300483
1356441223709,0.14274359,-0.12453823,-0.98189336,-0.19125007,0.9698852,-0.15081833,0.97110647,0.20931552,0.114626944
1356441223749,0.16027784,-0.06636216,-0.9848386,-0.16733885,0.9814683,-0.093368664,0.97278404,0.17976667,0.14620268
1356441223789,0.1763848,-0.0101304725,-0.98426914,-0.15628436,0.9869745,-0.038165074,0.97183514,0.16055763,0.17250407
1356441223829,0.18719041,0.03627142,-0.98165375,-0.16002564,0.9870949,0.0059573576,0.9692015,0.15597463,0.19057906
1356441223869,0.19107264,0.06879769,-0.979162,-0.17717694,0.98357296,0.034533493,0.965453,0.16688651,0.20012325
1356441223909,0.18832886,0.08769408,-0.97818303,-0.20462096,0.9776513,0.048250884,0.9605533,0.1910697,0.20206398
1356441223949,0.17991674,0.09555276,-0.97902995,-0.23893006,0.96971047,0.050734907,0.95422345,0.22479162,0.19729757
1356441223989,0.16718215,0.09654951,-0.9811873,-0.2762281,0.95992297,0.047391243,0.9464398,0.26310852,0.18715167
1356441224029,0.15113497,0.09406666,-0.98402727,-0.31453347,0.9483015,0.042342886,0.9371376,0.30311,0.1729086
1356441224069,0.13341883,0.09244649,-0.9867386,-0.35194957,0.9351628,0.04002662,0.9264615,0.3419419,0.15730482
1356441224109,0.116805196,0.09682216,-0.98842406,-0.38546103,0.9216394,0.04472901,0.9153013,0.37577438,0.14497346
1356441224149,0.10493091,0.11261015,-0.98808324,-0.41054076,0.90985966,0.060097173,0.9057846,0.39934242,0.14170349
1356441224222,0.10642943,0.15158415,-0.98269784,-0.41817433,0.9034822,0.09407522,0.90211034,0.40092665,0.15954572
1356441224236,0.11550343,0.21013269,-0.9708261,-0.4136155,0.898778,0.14532842,0.9030954,0.38476276,0.1907261
1356441224269,0.12870517,0.27440614,-0.95296186,-0.4048187,0.8917799,0.20211473,0.90529376,0.3597636,0.22586143
1356441224308,0.14763874,0.3426807,-0.9277784,-0.39256185,0.88130665,0.2630471,0.90779847,0.32537448,0.26463836
1356441224349,0.16096412,0.40545797,-0.89983016,-0.38560432,0.86508954,0.3208261,0.90851516,0.2953369,0.2955947
1356441224389,0.16095544,0.45434788,-0.87616277,-0.38569406,0.84610057,0.36790472,0.9084786,0.27871454,0.31142378
1356441224429,0.14493835,0.4880696,-0.86068636,-0.3891303,0.82789284,0.4039444,0.90970904,0.2763721,0.30991608
1356441224469,0.11461167,0.51034933,-0.8522956,-0.39138603,0.8117542,0.43344212,0.91306144,0.28389907,0.2927801
1356441224509,0.074483916,0.52669764,-0.84678316,-0.3893248,0.79711384,0.46155795,0.918084,0.2952951,0.26442862
1356441224549,0.030283704,0.5427195,-0.8393678,-0.38165557,0.7824053,0.49211878,0.9238083,0.30544627,0.23082608
1356441224589,-0.013254836,0.561061,-0.82766837,-0.36839315,0.76677537,0.52568245,0.9295756,0.31187516,0.19652754
1356441224629,-0.05284266,0.58371943,-0.81023407,-0.35109997,0.7487047,0.56229,0.9348457,0.3141861,0.1653803
1356441224669,-0.08621961,0.6116112,-0.7864463,-0.33176106,0.7267071,0.6015242,0.93941504,0.3127755,0.14025241
1356441224709,-0.1120576,0.64534926,-0.75562376,-0.31172332,0.69920003,0.6433878,0.94354194,0.30764213,0.12281978
1356441224749,-0.12960485,0.6852151,-0.71671677,-0.2914918,0.66454625,0.68804854,0.9477527,0.29809147,0.113606155
1356441224789,-0.13856274,0.73098445,-0.66817814,-0.27169323,0.6207429,0.73543257,0.95235664,0.28344303,0.112591684
1356441224829,-0.13907939,0.7812564,-0.60851896,-0.2539963,0.56579185,0.7844523,0.95715344,0.26366273,0.11974627
1356441224869,-0.13228378,0.8326287,-0.53780144,-0.24102733,0.4992641,0.8322507,0.96146077,0.23971811,0.1346417
1356441224909,-0.12135124,0.87941134,-0.46033633,-0.23541,0.42503464,0.8740296,0.9642904,0.21443242,0.15544379
1356441224949,-0.11161932,0.91581047,-0.38578776,-0.23768839,0.35234204,0.9051846,0.96490693,0.1927334,0.17834938
1356441224989,-0.10834068,0.9394127,-0.3252167,-0.24475253,0.29186654,0.9246134,0.96351355,0.17977089,0.19830269
1356441225028,-0.11393738,0.9514904,-0.28580493,-0.25283042,0.25043684,0.9345364,0.9607784,0.17873877,0.21203154
1356441225068,-0.12818831,0.95437986,-0.2696795,-0.26016384,0.23003948,0.93776155,0.9570176,0.19037083,0.21880668
1356441225109,-0.14921814,0.9493828,-0.27641708,-0.26710117,0.23045397,0.9357072,0.95204574,0.21345577,0.21919328
1356441225149,-0.1739409,0.93668604,-0.30391434,-0.27484742,0.25017738,0.92836964,0.9456234,0.24501154,0.21392965
1356441225224,-0.20275915,0.9120327,-0.35649005,-0.28603652,0.29301184,0.91231966,0.9365212,0.28695032,0.20146376
1356441225229,-0.2238347,0.8786762,-0.42169455,-0.30259845,0.34863687,0.88706625,0.9264623,0.32616028,0.18784899
1356441225256,-0.23873949,0.8393545,-0.48835182,-0.322852,0.40568107,0.8550962,0.91584396,0.36181056,0.17413515
1356441225288,-0.24732104,0.7958765,-0.5526417,-0.34586513,0.4602718,0.8176351,0.90510195,0.39335793,0.16143107
1356441225329,-0.24800855,0.75392383,-0.60835075,-0.36981136,0.50673515,0.77875483,0.89539444,0.41811287,0.15313494
1356441225369,-0.23661497,0.72411025,-0.64782536,-0.3908064,0.53951406,0.74578476,0.88954127,0.42963812,0.15532982
1356441225409,-0.2135208,0.7216106,-0.65854913,-0.40308207,0.5489689,0.7322281,0.8899066,0.4217953,0.17365205
1356441225467,-0.18136394,0.7492884,-0.6369254,-0.40669757,0.53253895,0.74229336,0.89537936,0.3936613,0.20815045
1356441225489,-0.14553073,0.7915855,-0.59347546,-0.40753192,0.49864325,0.7650311,0.90152013,0.3531958,0.2500285
1356441225529,-0.113363475,0.82733977,-0.55014324,-0.41000795,0.46541134,0.78440154,0.9050095,0.31448555,0.28645527
1356441225566,-0.09063929,0.8453578,-0.5264549,-0.41291583,0.4491499,0.7923162,0.90624785,0.2891965,0.30835092
1356441225609,-0.079477906,0.84486425,-0.5290441,-0.4124547,0.45529032,0.78904486,0.9075045,0.28091833,0.31228268
1356441225649,-0.078936815,0.8296246,-0.5527134,-0.40659374,0.47943604,0.7777034,0.9101926,0.2861192,0.29947495
1356441225689,-0.08685216,0.80424964,-0.5879108,-0.39555478,0.51378834,0.7612871,0.91432655,0.29867044,0.27350122
1356441225729,-0.10004297,0.7751226,-0.62384,-0.3806196,0.54948294,0.74377227,0.91930413,0.31185496,0.24005497
1356441225769,-0.115394056,0.7486577,-0.6528368,-0.36275363,0.5800722,0.7293326,0.9247129,0.32097954,0.20464134
1356441225809,-0.13053733,0.72969514,-0.67119664,-0.34300786,0.601944,0.7211165,0.93021804,0.3243584,0.17171502
1356441225849,-0.14379644,0.721271,-0.6775624,-0.3227026,0.61307615,0.7211107,0.93551356,0.3223443,0.14459783
1356441225889,-0.15378955,0.72525233,-0.67108715,-0.30259472,0.6119683,0.730706,0.9406303,0.31544232,0.12534314
1356441225929,-0.15938383,0.7422289,-0.65091705,-0.28242296,0.59750754,0.75048125,0.9459567,0.30344847,0.11438942
1356441225968,-0.15993935,0.770887,-0.6165651,-0.2617328,0.56913245,0.7794769,0.9517958,0.28604436,0.11073977
1356441226009,-0.15518865,0.80829877,-0.5679522,-0.2410528,0.5265558,0.81525004,0.9580241,0.26342395,0.11312717
1356441226049,-0.14515162,0.8504644,-0.5056098,-0.22228163,0.46992815,0.854259,0.9641171,0.2363849,0.12083185
1356441226089,-0.13148946,0.89132154,-0.43388513,-0.20843014,0.40304387,0.89112985,0.96915805,0.20760894,0.13278228
1356441226129,-0.11762202,0.92466265,-0.36216602,-0.20205158,0.3347854,0.9203771,0.9722861,0.18143278,0.14745134
1356441226169,-0.10866612,0.9469112,-0.30257344,-0.20294079,0.27683407,0.9392432,0.9731426,0.16346845,0.16208446
