1356441725780,0.39477503,-0.36714885,0.84223175,-0.2559835,0.83643705,0.48460865,-0.8823973,-0.4069088,0.23622042
1356441725819,-0.10458335,0.659043,0.7447985,-0.4587304,0.63250995,-0.62409747,-0.8823995,-0.40693188,0.23617303
1356441725860,-0.10506293,0.6591764,0.7446128,-0.45860913,0.63226855,-0.624431,-0.8824055,-0.40709078,0.23587632
1356441725899,-0.106476486,0.6595375,0.74409217,-0.458319,0.63155156,-0.62536895,-0.88238686,-0.40761864,0.23503315
1356441725939,-0.10907608,0.66010183,0.7432145,-0.45794588,0.63023627,-0.6269671,-0.88226295,-0.40873918,0.23354727
1356441725980,-0.11253938,0.6606604,0.7422012,-0.4577177,0.62851036,-0.6288634,-0.8819463,-0.41049057,0.23166382
1356441726019,-0.11608505,0.6609651,0.7413834,-0.45794058,0.6267426,-0.63046336,-0.88137084,-0.41269696,0.2299273
1356441726059,-0.118902355,0.66093016,0.74096805,-0.45911694,0.6250926,-0.63124543,-0.88038284,-0.4152475,0.22911924
1356441726099,-0.12046984,0.66068506,0.74093336,-0.4619622,0.6233206,-0.63092196,-0.8786797,-0.4182903,0.23012018
1356441726140,-0.12087855,0.66056424,0.7409746,-0.46744487,0.6206293,-0.6295352,-0.875719,-0.42246208,0.23375654
1356441726179,-0.121011406,0.6610472,0.74052197,-0.47554114,0.6162226,-0.62779796,-0.87133044,-0.42811942,0.23978525
1356441726219,-0.121141374,0.6621599,0.7395059,-0.4866848,0.609682,-0.6256403,-0.86513734,-0.4356972,0.24840546
1356441726260,-0.12069255,0.6637929,0.738114,-0.49993846,0.6017266,-0.62288576,-0.85761,-0.44418925,0.2592317
1356441726299,-0.117465556,0.6653458,0.73723596,-0.51394737,0.59449494,-0.6184123,-0.84974104,-0.45154265,0.27212006
1356441726339,-0.108134955,0.6659708,0.73809874,-0.52721834,0.5910288,-0.61051273,-0.84282124,-0.45515692,0.2872011
1356441726379,-0.09007087,0.6648407,0.74153507,-0.5380832,0.5940523,-0.5979702,-0.8380655,-0.45286724,0.30423278
1356441726418,-0.06420982,0.6617073,0.7470077,-0.54495406,0.6038367,-0.58172697,-0.83600366,-0.44443744,0.32182783
1356441726459,-0.035526812,0.65725356,0.7528317,-0.5473679,0.6174692,-0.56490725,-0.83613765,-0.43214524,0.33782274
1356441726499,-0.010081857,0.652767,0.75749165,-0.5461784,0.6309509,-0.5509901,-0.83760816,-0.41928062,0.35016614
1356441726539,0.008324444,0.6492853,0.7604995,-0.54237247,0.6418692,-0.5420665,-0.84009695,-0.40796152,0.35749763
1356441726579,0.018853217,0.6471479,0.76213133,-0.53633785,0.64985573,-0.5385437,-0.8437928,-0.3986066,0.3593418
1356441726619,0.022014022,0.6463249,0.7627446,-0.5283476,0.65520895,-0.5399537,-0.84874266,-0.3911078,0.35590804
1356441726659,0.018557101,0.64674467,0.7624809,-0.51906306,0.6580224,-0.545509,-0.85453457,-0.3856525,0.3479122
1356441726700,0.009038597,0.6484287,0.7612219,-0.50902474,0.6582241,-0.5546484,-0.86070454,-0.38246748,0.33601564
1356441726738,-0.0024371147,0.6502018,0.75975764,-0.49956012,0.65737194,-0.56418246,-0.8662758,-0.38091958,0.3232128
1356441726779,-0.013996124,0.6517025,0.75834554,-0.4909161,0.6562413,-0.57301724,-0.8710944,-0.38030404,0.31074643
1356441726819,-0.022893608,0.65181226,0.75803477,-0.4833601,0.6565043,-0.57910717,-0.87512225,-0.37966162,0.3000303
1356441726859,-0.02716425,0.6495215,0.75985783,-0.47697157,0.6596054,-0.5808777,-0.87849885,-0.3782097,0.2918856
1356441726899,-0.025783032,0.643964,0.7646212,-0.47173497,0.66651976,-0.5772499,-0.88136333,-0.37558186,0.28659546
1356441726939,-0.018635005,0.6345467,0.77265996,-0.46765274,0.6775172,-0.5676896,-0.8837159,-0.37191534,0.28412187
1356441726979,-0.006042421,0.6210668,0.7837343,-0.46458635,0.69228417,-0.55217946,-0.8855072,-0.3674488,0.28435612
1356441727019,0.011620462,0.60347885,0.7972943,-0.4620846,0.71034485,-0.53093123,-0.8867597,-0.36224774,0.28711283
1356441727059,0.03342873,0.5821098,0.8124228,-0.459579,0.73079103,-0.5047095,-0.8875076,-0.35650063,0.29195487
1356441727099,0.058367476,0.55776495,0.8279441,-0.45697623,0.7522915,-0.47458425,-0.88756174,-0.35065052,0.2987947
1356441727139,0.08624475,0.5308368,0.8430742,-0.45455492,0.7739809,-0.4408326,-0.8865335,-0.345204,0.30804622
1356441727179,0.11755042,0.50156057,0.85709924,-0.45212778,0.795473,-0.40348893,-0.88417333,-0.340088,0.32027763
1356441727219,0.15189232,0.47056088,0.8691957,-0.4491354,0.81622326,-0.36339635,-0.8804579,-0.33518946,0.33532357
1356441727259,0.18633926,0.43955514,0.87867457,-0.44612232,0.83467746,-0.32293716,-0.8753585,-0.33182046,0.35162854
1356441727299,0.21622719,0.41119832,0.885529,-0.44539946,0.84865355,-0.28531808,-0.86882967,-0.33272064,0.3666495
1356441727339,0.2373627,0.38805953,0.89054406,-0.44981065,0.8564484,-0.25331107,-0.8610048,-0.3404496,0.37784225
1356441727379,0.2474959,0.37184647,0.89469326,-0.46119693,0.8573097,-0.22873008,-0.85208166,-0.35602003,0.3836751
1356441727419,0.24648239,0.36346582,0.8984091,-0.47991428,0.8511464,-0.21267837,-0.841979,-0.37873793,0.38422507
1356441727459,0.23530914,0.36360815,0.9013428,-0.5047771,0.8382206,-0.20636448,-0.8305599,-0.4064177,0.380782
1356441727499,0.21440917,0.37339693,0.90255386,-0.53383535,0.8186191,-0.21185514,-0.8179539,-0.4363915,0.37485194
1356441727539,0.18355645,0.39402884,0.9005822,-0.5645038,0.79227746,-0.23158558,-0.80476236,-0.46587306,0.3678584
1356441727579,0.14271235,0.42541522,0.8936751,-0.59410065,0.7589869,-0.2664269,-0.7916298,-0.49291053,0.36105627
1356441727619,0.09309554,0.46571156,0.8800262,-0.62017095,0.7185885,-0.31467223,-0.77892315,-0.51647204,0.35571814
1356441727659,0.03844288,0.5113462,0.8585145,-0.64047325,0.6720792,-0.3716228,-0.76701766,-0.5355693,0.35334027
1356441727701,-0.01000309,0.5555235,0.8314407,-0.65351367,0.6257058,-0.4259251,-0.7568487,-0.54761845,0.3567832
1356441727738,-0.042767882,0.5949265,0.8026414,-0.6593987,0.58673894,-0.4700326,-0.7505758,-0.54936314,0.36720026
1356441727779,-0.04020816,0.62228847,0.7817547,-0.65879786,0.5717296,-0.48898944,-0.7512447,-0.53467965,0.3869741
1356441727819,-2.310276E-4,0.6368481,0.7709892,-0.6509961,0.58514756,-0.4835353,-0.759081,-0.5020227,0.41445047
1356441727859,0.06143707,0.639331,0.76647335,-0.6347681,0.61764514,-0.4643102,-0.77025646,-0.45800695,0.4437732
1356441727899,0.11743963,0.63517874,0.7633846,-0.61439866,0.6503991,-0.446649,-0.78020656,-0.41656813,0.46663558
1356441727939,0.14695102,0.632326,0.7606374,-0.59898245,0.668847,-0.4402995,-0.7871629,-0.39090598,0.47703993
1356441727979,0.14374673,0.6355896,0.7585267,-0.59399915,0.66847086,-0.44756198,-0.7915187,-0.38622862,0.4736302
1356441728019,0.11040574,0.6455703,0.7556783,-0.5976888,0.65060705,-0.4684855,-0.7940899,-0.39993688,0.45768082
1356441728059,0.05470273,0.65989244,0.7493661,-0.6033734,0.6198162,-0.50176525,-0.7955803,-0.4246997,0.43206722
1356441728099,-0.011914045,0.6751806,0.73755634,-0.60425514,0.5828345,-0.5433045,-0.7967019,-0.45214507,0.40103734
1356441728138,-0.07605308,0.6886951,0.7210514,-0.5976542,0.54736143,-0.58583695,-0.7981387,-0.4754941,0.36997294
1356441728179,-0.12800786,0.6995489,0.7030258,-0.5857913,0.5186665,-0.6227629,-0.80028903,-0.49154496,0.34339625
1356441728219,-0.16338274,0.707865,0.68719226,-0.57286537,0.49902055,-0.65023357,-0.80320066,-0.49990565,0.32398003
1356441728260,-0.18135291,0.7137526,0.6765119,-0.56222427,0.48915994,-0.66680306,-0.80685496,-0.5012781,0.3125785
1356441728299,-0.18274415,0.71700764,0.6726847,-0.5551934,0.48941195,-0.6724851,-0.8113969,-0.4963628,0.30864072
1356441728339,-0.16918543,0.71719384,0.67602456,-0.5512351,0.49974158,-0.6681304,-0.8170166,-0.48568642,0.31079346
1356441728378,-0.14341137,0.71374595,0.68556553,-0.54889715,0.5190507,-0.6552086,-0.8234957,-0.4702693,0.3173353
1356441728417,-0.109001696,0.706152,0.6996199,-0.54694134,0.54509306,-0.63539654,-0.8300445,-0.45191032,0.32680768
1356441728459,-0.06857559,0.6940879,0.7166166,-0.5448267,0.5756799,-0.6097184,-0.8357399,-0.43224365,0.33868003
1356441728499,-0.02426368,0.6774349,0.7351824,-0.54233384,0.60885954,-0.5789335,-0.83981264,-0.41276136,0.3526227
1356441728538,0.020265698,0.6570544,0.7535706,-0.53938115,0.641815,-0.5451068,-0.8418178,-0.39541483,0.36740965
1356441728579,0.058663934,0.63466734,0.77055556,-0.5368441,0.67082644,-0.5116545,-0.84163946,-0.38365257,0.3800707
1356441728619,0.084998906,0.6126953,0.78573513,-0.5370746,0.6923938,-0.48181075,-0.83924127,-0.38104504,0.3879158
1356441728659,0.096851915,0.59310627,0.7992776,-0.5427364,0.7046237,-0.45710236,-0.8343002,-0.38952583,0.39014453
1356441728699,0.0936819,0.57738936,0.8110766,-0.5558156,0.70622003,-0.43854564,-0.82601017,-0.4097252,0.38708204
1356441728738,0.08094555,0.5659966,0.82042414,-0.5730488,0.69990736,-0.4263154,-0.8155139,-0.4356347,0.38099802
1356441728779,0.05900383,0.56004655,0.82635725,-0.59301066,0.6855723,-0.4222901,-0.8030298,-0.46512198,0.37256497
1356441728819,0.02892521,0.5603392,0.82775795,-0.6129334,0.6640918,-0.4281293,-0.7896049,-0.4949768,0.36265963
1356441728859,-0.008436918,0.5664824,0.82403064,-0.63073623,0.63643855,-0.4439795,-0.7759514,-0.5234918,0.3519314
1356441728899,-0.050968587,0.57711107,0.8150736,-0.64537627,0.60380363,-0.46787882,-0.76216245,-0.54987633,0.3416788
1356441728939,-0.092371345,0.5903162,0.8018693,-0.65688634,0.5690836,-0.4946152,-0.74830997,-0.57242525,0.33520365
1356441728978,-0.12088287,0.6046506,0.7872642,-0.666576,0.5382319,-0.5157352,-0.7355703,-0.587115,0.3379826
1356441729025,-0.11567286,0.6198279,0.7761657,-0.6772875,0.5223671,-0.5180872,-0.72656834,-0.58561593,0.35937798
1356441729059,-0.08767182,0.63314605,0.76905113,-0.6870316,0.52059627,-0.50691915,-0.721319,-0.57280505,0.38934976
1356441729098,-0.03334716,0.6416421,0.766279,-0.6927283,0.53782415,-0.4804922,-0.7204273,-0.54684615,0.42654872
1356441729139,0.025929332,0.6414177,0.76675355,-0.69136995,0.565502,-0.44968328,-0.7220354,-0.51845044,0.45812005
1356441729179,0.06968582,0.6335349,0.7705695,-0.6848191,0.59205943,-0.42483926,-0.72537345,-0.49809545,0.475115
1356441729218,0.090260476,0.62117356,0.7784578,-0.67682153,0.61166644,-0.40960568,-0.7305928,-0.48990577,0.4756329
1356441729259,0.08913353,0.6071299,0.7895875,-0.6690256,0.6237776,-0.40411147,-0.7378752,-0.49223444,0.46178496
1356441729298,0.07242459,0.59314275,0.80183315,-0.6608528,0.6306768,-0.40684196,-0.747013,-0.5004283,0.43765652
1356441729339,0.047498405,0.58032936,0.8129955,-0.6508973,0.6353644,-0.41550544,-0.75767845,-0.5094408,0.40791363
1356441729378,0.02105251,0.56933117,0.8218387,-0.6383945,0.6402757,-0.42719954,-0.7694214,-0.5156637,0.37693727
1356441729418,-0.0020167828,0.5603124,0.8282789,-0.62401736,0.64652115,-0.43887672,-0.78140783,-0.5177456,0.3483408
1356441729459,-0.018553346,0.55293024,0.83302087,-0.60932624,0.65431213,-0.44788074,-0.7927024,-0.51589125,0.32477528
1356441729500,-0.026383191,0.5464926,0.83704835,-0.5955826,0.6639081,-0.45222503,-0.8028608,-0.5104625,0.3079654
1356441729539,-0.024494857,0.5401455,0.841215,-0.5834942,0.67553973,-0.45075557,-0.8117478,-0.50188524,0.29862452
1356441729579,-0.01196152,0.5332143,0.84589565,-0.5730322,0.6896093,-0.44280148,-0.8194456,-0.490022,0.29730016
1356441729619,0.011167526,0.5248884,0.85109776,-0.56378055,0.7062712,-0.42817348,-0.8258491,-0.47505075,0.30380917
1356441729658,0.04384172,0.514591,0.8563142,-0.55489254,0.7253095,-0.40745595,-0.83076596,-0.4572988,0.31734157
1356441729702,0.08342439,0.5019681,0.8608534,-0.5456975,0.7458387,-0.38201946,-0.8338193,-0.43789577,0.33614385
1356441729740,0.1242118,0.48700958,0.864519,-0.5368108,0.7657362,-0.3542347,-0.83450925,-0.420083,0.35654545
1356441729780,0.15862566,0.47023052,0.8681712,-0.530449,0.78221256,-0.32675284,-0.8327435,-0.40868914,0.37351227
1356441729820,0.18171887,0.4525213,0.8730423,-0.5292956,0.79325205,-0.30099392,-0.82874876,-0.40740114,0.3836664
1356441729860,0.19268368,0.43480122,0.87967086,-0.5353495,0.79787904,-0.2771101,-0.8223587,-0.41753674,0.38650888
1356441729900,0.19409983,0.41804865,0.8874461,-0.54824674,0.7964113,-0.25525385,-0.8134807,-0.43699473,0.38377708
1356441729939,0.18760143,0.40388903,0.8953655,-0.5670748,0.78882825,-0.23701501,-0.80201733,-0.46327484,0.3770206
1356441729979,0.17482978,0.39390036,0.90237296,-0.5892172,0.7761209,-0.22463173,-0.788833,-0.4924214,0.36778194
1356441730019,0.15613864,0.38908005,0.9078752,-0.6127831,0.7590377,-0.21990609,-0.7746725,-0.5219947,0.35693675
1356441730059,0.13195486,0.38968813,0.9114445,-0.6363536,0.73830044,-0.22353193,-0.7600276,-0.5505049,0.34540182
1356441730099,0.105026245,0.39504057,0.9126404,-0.6583919,0.71540934,-0.23390074,-0.7453118,-0.5763093,0.33522826
1356441730138,0.082850486,0.40360808,0.91117305,-0.6767882,0.6939182,-0.24583562,-0.7315008,-0.5963036,0.33064866
1356441730179,0.0774717,0.41365707,0.90713066,-0.68849885,0.6802678,-0.25140628,-0.72108775,-0.60508156,0.3375039
1356441730219,0.10013893,0.42208534,0.9010084,-0.69011134,0.6817962,-0.2426938,-0.7167416,-0.59749305,0.35956025
1356441730259,0.15113819,0.42404103,0.8929426,-0.67897785,0.7010484,-0.2179914,-0.7184332,-0.5733414,0.39386964
1356441730298,0.21275647,0.41540343,0.8844064,-0.6574474,0.73045355,-0.18493389,-0.72284,-0.5421048,0.4285146
1356441730339,0.26385313,0.39701325,0.8790688,-0.6332732,0.7587366,-0.15259032,-0.727562,-0.5164293,0.4516129
1356441730379,0.2933396,0.37216783,0.8805924,-0.6147812,0.7788306,-0.12436627,-0.7321175,-0.5048901,0.45726365
1356441730419,0.30061004,0.34478807,0.8892439,-0.6051801,0.7895832,-0.1015646,-0.7371504,-0.5076214,0.44601554
1356441730459,0.29005325,0.31797385,0.9026415,-0.60282713,0.7932529,-0.08572808,-0.74328226,-0.51927114,0.42176884
1356441730499,0.26798427,0.29411054,0.9174331,-0.60372055,0.79337186,-0.07799089,-0.75080353,-0.5329729,0.3901717
1356441730539,0.241049,0.2748192,0.9307898,-0.6038943,0.7932564,-0.07781987,-0.7597414,-0.54334027,0.3571754
1356441730579,0.21502486,0.2607321,0.9411605,-0.60106957,0.79488707,-0.082884565,-0.76972705,-0.5478807,0.32763863
1356441730619,0.19431622,0.25136346,0.94818646,-0.5947614,0.79886085,-0.0898902,-0.78006417,-0.54647756,0.30473292
1356441730659,0.18236661,0.24518925,0.9521684,-0.58519083,0.805278,-0.09528382,-0.7901228,-0.53982365,0.29033834
1356441730701,0.1816173,0.24008037,0.9536124,-0.5723942,0.81433916,-0.09600352,-0.79961246,-0.52840626,0.28531867
1356441730740,0.19156794,0.23405209,0.95316386,-0.5567237,0.82571316,-0.09086524,-0.8083072,-0.513242,0.2884825
1356441730781,0.21231478,0.22527482,0.9508804,-0.5373845,0.8396355,-0.07893115,-0.81617415,-0.4942302,0.29932624
1356441730820,0.2416287,0.21246749,0.9468227,-0.5148475,0.8551439,-0.060505852,-0.8225252,-0.4728493,0.31601566
1356441730860,0.27690262,0.1953851,0.94082385,-0.49014336,0.8708731,-0.036599487,-0.82648915,-0.45100412,0.33691376
1356441730900,0.31429458,0.17471057,0.9331105,-0.46507686,0.88522357,-0.009095192,-0.82760036,-0.43110955,0.35947484
1356441730940,0.34869123,0.15222813,0.92479247,-0.4428954,0.8963624,0.019444525,-0.8259892,-0.41636643,0.37997484
1356441730979,0.37516052,0.12992635,0.91780925,-0.42814043,0.9024762,0.04724942,-0.82216203,-0.4106773,0.39420015
1356441731019,0.39213666,0.10977577,0.91333354,-0.42424607,0.90254533,0.07366951,-0.8162378,-0.4163667,0.40049303
1356441731059,0.40083694,0.09330322,0.91138583,-0.43197763,0.89652145,0.09820676,-0.80791396,-0.4330632,0.3996638
1356441731099,0.40294644,0.0821702,0.9115274,-0.4496842,0.88522667,0.11898641,-0.7971313,-0.45784461,0.39364958
1356441731157,0.3989328,0.07852417,0.9136118,-0.4752524,0.86977506,0.13276473,-0.7842116,-0.4871604,0.3843006
1356441731179,0.3877949,0.08471021,0.9178449,-0.50701666,0.8511938,0.13565873,-0.7697722,-0.5179704,0.3730381
1356441731219,0.36728442,0.102873385,0.9244021,-0.54403067,0.829882,0.12380026,-0.75440896,-0.548373,0.36076903
1356441731257,0.3353209,0.13466118,0.93243027,-0.58458173,0.80588955,0.093841225,-0.7387991,-0.5765487,0.34895205
1356441731299,0.29435974,0.17873569,0.93883216,-0.6239767,0.7800198,0.047139704,-0.7238822,-0.59968543,0.34113336
1356441731339,0.25496083,0.23002231,0.9391936,-0.6545668,0.7559674,-0.0074537396,-0.71171427,-0.6128646,0.34330708
1356441731379,0.23680453,0.27724946,0.9311586,-0.6688909,0.7416289,-0.050710827,-0.70463365,-0.61083496,0.3610707
1356441731419,0.25153297,0.31036925,0.9167345,-0.6653442,0.74333143,-0.06910527,-0.7028857,-0.59256166,0.39347476
1356441731459,0.28777862,0.327765,0.89986306,-0.64910644,0.7576191,-0.06836823,-0.70416206,-0.564432,0.43078095
1356441731499,0.318345,0.33858,0.885449,-0.63222194,0.7718129,-0.06782517,-0.70636517,-0.5382085,0.45976052
1356441731539,0.32281733,0.35454214,0.877547,-0.62677366,0.7748244,-0.08247365,-0.70918524,-0.5233995,0.47234437
1356441731579,0.2934957,0.38305148,0.87586063,-0.636155,0.762149,-0.1201487,-0.71355945,-0.52192,0.4673676
1356441731619,0.23269801,0.42428324,0.8751202,-0.65369487,0.7344784,-0.18227594,-0.72009355,-0.52964634,0.4482634
1356441731659,0.14963812,0.4728631,0.8683368,-0.6681041,0.695754,-0.26374853,-0.72886574,-0.5406726,0.4200331
1356441731701,0.060456693,0.5199719,0.8520412,-0.6703566,0.65360814,-0.35130966,-0.7395722,-0.54993236,0.38808155
1356441731740,-0.0165146,0.55792874,0.82972443,-0.65997297,0.6172999,-0.42822474,-0.7511077,-0.5546678,0.35802346
1356441731770,-0.07370067,0.5851832,0.8075449,-0.6436035,0.5906402,-0.48674288,-0.76180226,-0.555612,0.33309543
1356441731810,-0.10632965,0.6016108,0.7916808,-0.6251067,0.5787331,-0.5237457,-0.773263,-0.5505747,0.31453443
1356441731850,-0.11715266,0.60980505,0.78384507,-0.6086523,0.57958734,-0.5418679,-0.78474057,-0.5405703,0.30325902
1356441731890,-0.10872394,0.61057204,0.78446215,-0.59576946,0.59169036,-0.5431034,-0.7957625,-0.52640694,0.2994293
1356441731929,-0.08425537,0.60431284,0.7922797,-0.58614665,0.6129352,-0.5298515,-0.8058121,-0.50903493,0.30257285
1356441731969,-0.04786825,0.59120643,0.8050985,-0.5788653,0.6404494,-0.5047173,-0.814017,-0.49020353,0.31157172
1356441732009,-0.0026688278,0.5712418,0.8207775,-0.5727424,0.67194843,-0.46952263,-0.81973106,-0.47134718,0.3253811
1356441732049,0.049058706,0.5444735,0.8373421,-0.5660982,0.7058492,-0.42580464,-0.82287663,-0.4531285,0.34285355
1356441732089,0.10381788,0.51218253,0.852579,-0.55748075,0.7398639,-0.3765855,-0.8236729,-0.43620005,0.362343
1356441732129,0.15386273,0.4785067,0.86449844,-0.5474692,0.76962817,-0.3285572,-0.8225592,-0.4227336,0.3803848
1356441732169,0.19052722,0.44944224,0.87275493,-0.5398551,0.7905065,-0.28923345,-0.8199122,-0.4160543,0.39324665
1356441732209,0.20859419,0.42975575,0.8785206,-0.5398747,0.79961395,-0.26296932,-0.8154899,-0.41943717,0.39880908
1356441732249,0.20702386,0.42173612,0.8827683,-0.55096644,0.79588133,-0.25101575,-0.80844116,-0.4344094,0.39712888
1356441732288,0.18689479,0.42596406,0.8852259,-0.57280225,0.77932376,-0.25407094,-0.79810274,-0.45957482,0.38964468
1356441732329,0.14973332,0.4420908,0.8843843,-0.6015565,0.75060034,-0.27336586,-0.78467166,-0.49107516,0.3783325
1356441732369,0.09714967,0.46903327,0.87782097,-0.6315943,0.7106967,-0.30983678,-0.76918817,-0.5243262,0.3652827
1356441732409,0.03058672,0.5047662,0.86271405,-0.6575037,0.66024613,-0.3629929,-0.75283015,-0.55613494,0.35208046
1356441732449,-0.04698509,0.5457982,0.83659834,-0.67472434,0.6002377,-0.42949012,-0.7365728,-0.5846529,0.34006113
1356441732489,-0.1266607,0.5868662,0.7997157,-0.6808186,0.53490305,-0.50036466,-0.7214175,-0.6078378,0.3317982
1356441732529,-0.1912753,0.62305653,0.7584288,-0.678648,0.47429115,-0.5607894,-0.70911956,-0.6219714,0.3321159
1356441732569,-0.22051865,0.652784,0.72473764,-0.6766559,0.43276888,-0.59569114,-0.70250154,-0.621759,0.34627652
1356441732609,-0.20228702,0.67656225,0.70805615,-0.6812088,0.4222265,-0.59806305,-0.703587,-0.60331446,0.3754692
1356441732649,-0.14447713,0.69300383,0.7063088,-0.6881911,0.44251776,-0.5749531,-0.71099883,-0.56914294,0.41298532
1356441732702,-0.07929593,0.70138067,0.70836234,-0.6891095,0.4748975,-0.54735756,-0.72030556,-0.53154254,0.44567066
1356441732730,-0.037629962,0.7054191,0.7077908,-0.68441194,0.49789673,-0.53261536,-0.72812384,-0.5044628,0.46406144
1356441732770,-0.031392753,0.70938677,0.70412,-0.67910975,0.50174797,-0.53577876,-0.7333651,-0.49499428,0.46600026
1356441732810,-0.055786252,0.7139119,0.69800985,-0.6739117,0.48890775,-0.5539063,-0.7367027,-0.50129735,0.45383924
1356441732850,-0.09993422,0.7176165,0.68923116,-0.66567546,0.46662152,-0.5823577,-0.7395196,-0.5170018,0.4310683
1356441732890,-0.14966524,0.71879965,0.6789164,-0.6521918,0.44431514,-0.61419046,-0.74313265,-0.5347067,0.40229672
1356441732929,-0.19301939,0.71717006,0.6696348,-0.6344606,0.42936957,-0.64272976,-0.7484673,-0.5489162,0.37213945
1356441732969,-0.2231251,0.7134569,0.6642246,-0.6157153,0.425115,-0.6634545,-0.755718,-0.55700666,0.3444326
1356441733009,-0.2378856,0.7083917,0.66452366,-0.59895366,0.43160844,-0.6745137,-0.76463395,-0.558476,0.32162035
1356441733049,-0.23751998,0.7019766,0.6714261,-0.5862692,0.4475261,-0.67528427,-0.7745145,-0.55402994,0.30525088
1356441733089,-0.2230702,0.6936334,0.68491775,-0.5783699,0.4714105,-0.665778,-0.7846833,-0.5446511,0.29601914
1356441733129,-0.19648138,0.6824442,0.7040347,-0.57472324,0.50159335,-0.64660436,-0.7944106,-0.53167087,0.29366285
1356441733169,-0.15876201,0.667502,0.72748595,-0.57394725,0.5371449,-0.61811,-0.80335504,-0.51567084,0.29783267
1356441733209,-0.11021134,0.6476776,0.75390124,-0.5740866,0.57771087,-0.5802368,-0.8113433,-0.49675336,0.30815274
1356441733249,-0.052415818,0.62241906,0.78092706,-0.57316726,0.6216197,-0.5339179,-0.8177602,-0.4755876,0.32416755
1356441733289,0.008488089,0.59287345,0.805251,-0.5704906,0.6642394,-0.48303884,-0.82126033,-0.455288,0.34386677
1356441733328,0.062110484,0.5626133,0.82438374,-0.5679212,0.6991441,-0.43435344,-0.82073605,-0.44120714,0.3629442
1356441733369,0.099746615,0.5361262,0.83822393,-0.56948763,0.7215617,-0.39374164,-0.8159255,-0.4380838,0.3772906
1356441733409,0.11789769,0.51660573,0.8480676,-0.57857454,0.729828,-0.36414632,-0.8070635,-0.44773832,0.38493997
1356441733449,0.11666301,0.505875,0.85468143,-0.5959555,0.72406876,-0.34721982,-0.7944979,-0.4688443,0.38595098
1356441733489,0.09718621,0.50505334,0.8575989,-0.61957103,0.70505506,-0.34500584,-0.77890074,-0.49781367,0.38143808
1356441733529,0.061074138,0.5148147,0.85512334,-0.6450493,0.67414045,-0.35978615,-0.7616964,-0.52962303,0.37325335
1356441733569,0.008407235,0.53511083,0.84474003,-0.6681864,0.63149196,-0.3933761,-0.7439463,-0.56113666,0.36286288
1356441733609,-0.060644507,0.56478375,0.82300764,-0.6847001,0.57641655,-0.44601533,-0.72629744,-0.5905618,0.35175103
1356441733649,-0.13965374,0.5997206,0.78792894,-0.6905718,0.5112903,-0.5115592,-0.709653,-0.6155626,0.34274656
1356441733702,-0.19924384,0.6341466,0.74710107,-0.6878588,0.45250136,-0.5675322,-0.6979629,-0.6269773,0.34604526
1356441733740,-0.23772794,0.67360693,0.6998136,-0.6794539,0.39954287,-0.61539245,-0.69413817,-0.6217871,0.36270237
1356441733770,-0.2409172,0.70714444,0.6647598,-0.6758682,0.36932117,-0.6378119,-0.69653505,-0.60294986,0.38896066
1356441733810,-0.19014847,0.73418015,0.65178454,-0.6814386,0.37922418,-0.6259636,-0.7067425,-0.56317717,0.42818975
1356441733850,-0.13083601,0.754001,0.64371145,-0.6844045,0.40106177,-0.6088842,-0.7172674,-0.5202229,0.46356833
1356441733889,-0.09914422,0.76836765,0.63228285,-0.681936,0.41027427,-0.60550666,-0.7246611,-0.4912089,0.48330116
1356441733929,-0.10380554,0.78016824,0.6168972,-0.67566556,0.39983988,-0.619358,-0.7298635,-0.48110884,0.48562706
1356441733987,-0.13724595,0.78955925,0.59813035,-0.6642661,0.37457246,-0.64687407,-0.73478854,-0.4860985,0.47306883
1356441734009,-0.18494219,0.79514223,0.5775337,-0.64597386,0.34452152,-0.6811921,-0.7406174,-0.49905282,0.44992453
1356441734049,-0.23292154,0.7965014,0.5579723,-0.62183654,0.3191504,-0.71516603,-0.74770784,-0.5135451,0.4209566
1356441734086,-0.27108508,0.7946125,0.54323465,-0.5960312,0.30457908,-0.74295247,-0.75581723,-0.5251881,0.391047
1356441734129,-0.29571968,0.7908994,0.53574985,-0.57267606,0.30210608,-0.7620853,-0.76458615,-0.5321748,0.36359048
1356441734169,-0.30658704,0.7861473,0.5366349,-0.5550621,0.31033915,-0.7717485,-0.77324677,-0.5344737,0.34121454
1356441734209,-0.30435973,0.780628,0.54588014,-0.54484123,0.32740456,-0.77198076,-0.7813534,-0.53237784,0.32566953
1356441734249,-0.28896487,0.7740729,0.56330323,-0.54233074,0.35252213,-0.7626307,-0.7889086,-0.5258701,0.31793702
1356441734288,-0.26028693,0.76579875,0.5880501,-0.54639715,0.3853119,-0.74362946,-0.7960533,-0.514866,0.31813866
1356441734329,-0.21837604,0.75469756,0.6186627,-0.554826,0.42551154,-0.71491826,-0.8027952,-0.49937117,0.3258043
1356441734369,-0.16491473,0.7393517,0.652811,-0.56438214,0.47206497,-0.67722046,-0.80887324,-0.4801185,0.3394264
1356441734409,-0.103974134,0.71900886,0.6871795,-0.57194906,0.52202487,-0.63274354,-0.81367296,-0.45882067,0.35695934
1356441734449,-0.044531375,0.6943632,0.7182456,-0.5759465,0.5696056,-0.58637446,-0.81627357,-0.43978313,0.37455076
1356441734489,0.0026548207,0.66848004,0.7437253,-0.5778593,0.6080079,-0.5444309,-0.81613207,-0.4283232,0.38790154
1356441734529,0.030683607,0.645153,0.7634371,-0.58142656,0.6327952,-0.5113839,-0.81302017,-0.42819148,0.39452553
1356441734569,0.038173974,0.6271286,0.7779797,-0.5898198,0.6426001,-0.48905796,-0.8066321,-0.44019854,0.39442348
1356441734609,0.027478099,0.61574686,0.7874648,-0.60345185,0.6382431,-0.47800797,-0.79692584,-0.46206236,0.38911128
1356441734649,0.0018385053,0.61159426,0.7911695,-0.620102,0.6213869,-0.47890696,-0.7845191,-0.48972532,0.3803932
1356441734702,-0.04461792,0.61628,0.7862621,-0.63870734,0.5875783,-0.49679434,-0.76815504,-0.5243573,0.36740607
1356441734740,-0.10328373,0.6308398,0.7690081,-0.6505381,0.54201114,-0.53199995,-0.75241774,-0.5552161,0.35440445
1356441734779,-0.16517311,0.6473909,0.74404496,-0.6544686,0.49242753,-0.5737473,-0.737827,-0.58172166,0.3423612
1356441734820,-0.22362411,0.6653594,0.7122423,-0.6512977,0.4416421,-0.6170604,-0.7251231,-0.6018714,0.33458525
1356441734860,-0.2636432,0.68318886,0.6809885,-0.64656013,0.3987499,-0.65035266,-0.7158578,-0.61176103,0.33659494
1356441734899,-0.2728467,0.70156354,0.65830326,-0.6475672,0.3721187,-0.6649694,-0.71148527,-0.6077303,0.3527782
1356441734939,-0.24795139,0.7199425,0.64823073,-0.6576441,0.3662414,-0.6583096,-0.71135396,-0.5895338,0.3826558
1356441734979,-0.1988275,0.73516864,0.64807004,-0.672388,0.37875986,-0.6359523,-0.7129951,-0.5621993,0.41901064
1356441735019,-0.14800322,0.74381614,0.6517919,-0.6837814,0.3991866,-0.6108135,-0.71451956,-0.5360855,0.44952667
1356441735058,-0.114643395,0.7454461,0.656633,-0.68865895,0.41675043,-0.59335303,-0.7159648,-0.5202203,0.46558052
1356441735099,-0.10396886,0.74112946,0.66326284,-0.6880377,0.42795742,-0.5860517,-0.7181884,-0.51728094,0.46543074
1356441735139,-0.111233056,0.73134595,0.67287457,-0.68282646,0.43570095,-0.5864407,-0.7220632,-0.5246881,0.45091808
1356441735179,-0.1268754,0.7162111,0.68625385,-0.67382944,0.44547313,-0.5894978,-0.7279125,-0.5372108,0.42608446
1356441735219,-0.14332533,0.6966807,0.7029181,-0.66203624,0.46044743,-0.59135115,-0.73563975,-0.55011284,0.3952341
1356441735258,-0.15387857,0.6738323,0.72268355,-0.6493803,0.48229283,-0.5879616,-0.7447326,-0.5597711,0.3633589
1356441735298,-0.1553241,0.64917016,0.7446156,-0.6374427,0.50997514,-0.5775743,-0.7546795,-0.56436104,0.3345974
1356441735339,-0.14613649,0.6238411,0.76776713,-0.62732464,0.5416601,-0.55952495,-0.7649235,-0.5634063,0.3121946
1356441735379,-0.1256614,0.5984564,0.791239,-0.6193758,0.57570064,-0.53379995,-0.7749728,-0.55715233,0.29832608
1356441735419,-0.0934833,0.57332027,0.8139807,-0.612628,0.61133945,-0.50095016,-0.7848234,-0.54549783,0.29408205
1356441735459,-0.050938398,0.5477973,0.8350589,-0.6054995,0.64800096,-0.46202287,-0.7942139,-0.5291624,0.29868287
1356441735499,2.0435452E-4,0.5213835,0.85332245,-0.5964738,0.6849679,-0.41837534,-0.8026325,-0.508899,0.3111316
1356441735539,0.056664795,0.4930489,0.86815435,-0.5846213,0.7212684,-0.37146983,-0.80932504,-0.48649225,0.32911742
1356441735579,0.115632266,0.46286353,0.8788551,-0.56948006,0.75582564,-0.3231407,-0.8138313,-0.46312508,0.3509894
1356441735619,0.17238405,0.43095595,0.8857544,-0.55197954,0.787032,-0.27549812,-0.8158446,-0.44142678,0.37355065
1356441735659,0.22009921,0.39866877,0.8902918,-0.53551793,0.81222636,-0.2313199,-0.8153385,-0.4258539,0.39226466
1356441735701,0.2535295,0.3674202,0.8948325,-0.52518594,0.8291277,-0.19164276,-0.81234384,-0.42136633,0.40317225
1356441735740,0.2729361,0.3380004,0.9007006,-0.52391136,0.8374569,-0.15550832,-0.8068598,-0.42944342,0.4056545
1356441735770,0.28413522,0.31151202,0.9067676,-0.5285332,0.8399624,-0.122946054,-0.7999499,-0.4443235,0.40330738
1356441735800,0.2874751,0.28979737,0.91289407,-0.53987247,0.83631426,-0.095478535,-0.7911357,-0.46539867,0.39687318
1356441735840,0.2801118,0.27295524,0.9203439,-0.5624074,0.8236229,-0.07309793,-0.77796876,-0.49713254,0.3842185
1356441735880,0.26549947,0.26179332,0.92788696,-0.5903628,0.80503625,-0.05820982,-0.7622216,-0.5323353,0.36828977
1356441735920,0.24439579,0.25804287,0.93471104,-0.6201449,0.78263265,-0.053911805,-0.745447,-0.5664804,0.35129607
1356441735960,0.21738143,0.26285785,0.9400272,-0.6492699,0.758041,-0.061825722,-0.7288305,-0.5968915,0.33544976
1356441735999,0.1884136,0.27594283,0.94252634,-0.67455745,0.7338737,-0.08000982,-0.7137735,-0.62071323,0.32441103
1356441736039,0.16747111,0.29494557,0.94072336,-0.69165325,0.71512115,-0.1010817,-0.70254475,-0.6337261,0.32376224
1356441736079,0.16854818,0.3150183,0.93399954,-0.6966318,0.70843744,-0.113227814,-0.6973491,-0.6315694,0.3388576
1356441736119,0.19798313,0.33033842,0.9228647,-0.6881117,0.7173479,-0.109152555,-0.6980723,-0.6134236,0.3693325
1356441736159,0.24383394,0.33711237,0.9093405,-0.6691255,0.7371967,-0.0938731,-0.7020086,-0.5855735,0.40532404
1356441736199,0.28458524,0.33650523,0.89765,-0.64772165,0.7577984,-0.078729,-0.7067305,-0.5590222,0.43361992
1356441736239,0.30534637,0.33312652,0.8920707,-0.632838,0.7709945,-0.071299195,-0.71153325,-0.5427653,0.44623548
1356441736279,0.30218744,0.33116895,0.8938735,-0.628601,0.77416956,-0.074312076,-0.71661955,-0.5394336,0.44211745
1356441736319,0.27783135,0.3331638,0.9010059,-0.6332255,0.7688297,-0.08902976,-0.72238165,-0.5458046,0.42457283
1356441736358,0.23784773,0.34017247,0.9097863,-0.6417699,0.7581216,-0.11568494,-0.72908145,-0.5563581,0.39862996
1356441736399,0.1884172,0.3519798,0.91684747,-0.64920825,0.7451366,-0.15264374,-0.73690414,-0.5664642,0.3689047
1356441736439,0.1374368,0.3667509,0.92011124,-0.65212125,0.7327017,-0.1946434,-0.7455527,-0.573273,0.33986628
1356441736479,0.09199281,0.382033,0.91955864,-0.6497996,0.7227772,-0.23527358,-0.7545183,-0.5758853,0.31473517
1356441736519,0.057765186,0.39529458,0.91673625,-0.6433059,0.7169429,-0.26860827,-0.7634269,-0.5742256,0.29570967
1356441736559,0.038775295,0.40433195,0.9137899,-0.63408726,0.71672857,-0.2902301,-0.7722886,-0.5681689,0.28417313
1356441736599,0.037188828,0.40747383,0.9124593,-0.62308884,0.7233162,-0.2976138,-0.7812664,-0.5574753,0.2807917
1356441736639,0.053308904,0.40355474,0.9134012,-0.61039764,0.7370865,-0.2900315,-0.79029924,-0.54207665,0.28562212
1356441736702,0.08597872,0.39180672,0.91602135,-0.59504646,0.7576195,-0.26820236,-0.79907906,-0.5220156,0.29828238
1356441736720,0.13214724,0.37214458,0.9187194,-0.5754333,0.78348076,-0.23459417,-0.80710196,-0.49766082,0.31767923
1356441736760,0.18653987,0.3458087,0.9195756,-0.55073416,0.81191695,-0.1936046,-0.8135692,-0.47032672,0.34190357
1356441736818,0.23919278,0.31649834,0.917941,-0.524068,0.83793837,-0.15235491,-0.8173981,-0.44462132,0.36629546
1356441736839,0.28055987,0.2892868,0.9152045,-0.5021105,0.85686314,-0.11692153,-0.8180289,-0.42673028,0.38565534
1356441736879,0.30558366,0.26777202,0.91373783,-0.49166512,0.8661823,-0.089407,-0.81540424,-0.42193165,0.39634532
1356441736916,0.31489015,0.25340664,0.9146744,-0.49560142,0.8657855,-0.06924407,-0.80945873,-0.4315096,0.398216
1356441736959,0.31144333,0.24649246,0.91773885,-0.5128333,0.85665643,-0.0560517,-0.80000323,-0.45319006,0.39320946
1356441736999,0.2986341,0.24711072,0.92182094,-0.53881127,0.8408897,-0.050861776,-0.78771824,-0.48149848,0.3842644
1356441737039,0.27794093,0.25563568,0.9259586,-0.5694499,0.8201507,-0.05549532,-0.7736121,-0.5118626,0.37352514
1356441737079,0.24894947,0.27275676,0.92931587,-0.60195416,0.79526377,-0.072157785,-0.75873274,-0.54144186,0.36216754
1356441737119,0.2105397,0.29836458,0.93094116,-0.63482964,0.76590335,-0.101898596,-0.74341387,-0.5695354,0.35066378
1356441737159,0.1641841,0.33067453,0.92935354,-0.66614264,0.73202986,-0.14278054,-0.7275284,-0.5956397,0.34046406
1356441737199,0.1182954,0.36554757,0.92324495,-0.6920551,0.697111,-0.18733953,-0.7120857,-0.6167749,0.3354441
1356441737239,0.09061685,0.39612412,0.9137145,-0.70817983,0.67070425,-0.2205384,-0.7001928,-0.62708974,0.34130424
1356441737279,0.09865007,0.4157465,0.9041146,-0.71169025,0.66449654,-0.22790672,-0.69553244,-0.62096643,0.3614353
1356441737319,0.14683509,0.4189452,0.89606047,-0.7000588,0.68400204,-0.20508236,-0.6988255,-0.5971818,0.39372182
1356441737359,0.21696906,0.40505433,0.88817537,-0.6732831,0.72090036,-0.1642943,-0.7068341,-0.56234664,0.42912924
1356441737399,0.28114402,0.3797884,0.88131654,-0.63981485,0.7586509,-0.122823805,-0.7152587,-0.52934825,0.4562844
1356441737439,0.3234197,0.35070422,0.87886655,-0.61170065,0.78611344,-0.08858828,-0.7219571,-0.508952,0.46877053
1356441737479,0.34193158,0.32218206,0.8827692,-0.5954573,0.8010142,-0.061699867,-0.72698927,-0.5045543,0.4657377
1356441737519,0.3387806,0.29723084,0.8926822,-0.5913916,0.8052014,-0.043664664,-0.7317674,-0.5131321,0.44856644
1356441737559,0.32153463,0.27583033,0.90583277,-0.59398836,0.8037588,-0.033906072,-0.7374234,-0.5271522,0.42227632
1356441737599,0.29419124,0.25985688,0.9197423,-0.5992001,0.7998631,-0.03432539,-0.7445876,-0.54101145,0.391019
1356441737639,0.26375416,0.24848445,0.932035,-0.60287356,0.79674065,-0.041808754,-0.752979,-0.55087197,0.35994834
1356441737702,0.23579967,0.24105921,0.94142926,-0.60301936,0.7959788,-0.05277747,-0.7620802,-0.5552551,0.3330549
1356441737720,0.2146443,0.23649454,0.94762766,-0.5992236,0.7980642,-0.06344037,-0.771271,-0.5542237,0.31301302
1356441737760,0.20357494,0.23318912,0.95088387,-0.59155804,0.8031898,-0.07032269,-0.78013873,-0.548187,0.3014542
1356441737800,0.20409688,0.22960383,0.9516441,-0.5804097,0.8112024,-0.07124026,-0.7883331,-0.5378036,0.29882818
1356441737840,0.2160205,0.2243267,0.95026976,-0.5658698,0.82189786,-0.06538582,-0.7956925,-0.5236043,0.3044865
1356441737880,0.23719063,0.2165977,0.94700897,-0.54783916,0.83485633,-0.053733006,-0.8022549,-0.50606364,0.3166808
1356441737918,0.2646874,0.20616607,0.9420383,-0.52607554,0.84958315,-0.038119093,-0.8081987,-0.48549372,0.3333329
1356441737959,0.29622158,0.19315259,0.93538487,-0.50061923,0.8654326,-0.020169556,-0.8134084,-0.462297,0.35305572
1356441737999,0.32834956,0.17846967,0.9275425,-0.47389072,0.8805821,-0.0016768724,-0.8170766,-0.43900317,0.37371385
1356441738039,0.35615516,0.16381784,0.919955,-0.4509759,0.89239836,0.015681893,-0.8183974,-0.42046273,0.39171016
1356441738079,0.37551886,0.15062863,0.91449255,-0.43752575,0.898649,0.0316426,-0.81704146,-0.41199642,0.40336353
1356441738119,0.38533604,0.13943334,0.91218114,-0.4371832,0.8981227,0.04739651,-0.812642,-0.41705385,0.40703696
1356441738158,0.38715047,0.13022675,0.9127735,-0.45025176,0.89061165,0.063908204,-0.8046042,-0.43571997,0.40343553
1356441738199,0.38338742,0.1232651,0.915325,-0.47407997,0.8767947,0.08049391,-0.79263,-0.46479756,0.39458954
1356441738239,0.37608927,0.119404346,0.9188577,-0.5043466,0.85827076,0.09489837,-0.7772974,-0.49911305,0.3830076
1356441738279,0.36589476,0.1200151,0.9228854,-0.5374109,0.8368535,0.104239136,-0.7598096,-0.53410923,0.37069774
1356441738318,0.35213217,0.12639122,0.92737705,-0.57120425,0.8139399,0.105959654,-0.7414369,-0.5670335,0.35880965
1356441738359,0.33475015,0.13893221,0.9320087,-0.6039174,0.79087263,0.09901598,-0.7233437,-0.59600186,0.3486483
1356441738399,0.3172968,0.15624784,0.9353659,-0.63199705,0.7702147,0.085727185,-0.7070378,-0.61834943,0.34313482
1356441738439,0.3091644,0.17406587,0.934943,-0.6494018,0.7568527,0.07383308,-0.6947623,-0.6299802,0.34703058
1356441738479,0.32160455,0.186371,0.9283514,-0.6495533,0.75679463,0.073091686,-0.6889492,-0.6265204,0.36444652
1356441738519,0.358868,0.18727304,0.9144083,-0.62893313,0.7723895,0.08864334,-0.6896788,-0.606913,0.3949681
1356441738559,0.41079807,0.17500332,0.894773,-0.5919857,0.79758734,0.11579043,-0.69339585,-0.5772593,0.43124682
1356441738599,0.459475,0.1532557,0.87486875,-0.55167633,0.8212013,0.14588211,-0.69608617,-0.54967356,0.4618691
1356441738639,0.49323443,0.12750201,0.86050165,-0.5205031,0.8358383,0.17450172,-0.69699085,-0.53396404,0.4786294
1356441738701,0.50936586,0.101835385,0.8545034,-0.50324243,0.8407333,0.19978632,-0.6980641,-0.5317867,0.47948867
1356441738720,0.5091325,0.079132184,0.85704273,-0.49852455,0.83883435,0.2187012,-0.7016106,-0.53860474,0.46652713
1356441738760,0.49437025,0.0619891,0.8670383,-0.5029639,0.83392185,0.22715987,-0.70896083,-0.54839003,0.4434444
1356441738800,0.46961206,0.051030353,0.8813969,-0.5112045,0.8296644,0.22433676,-0.7198156,-0.55592525,0.41570735
1356441738840,0.43976885,0.046062306,0.89692897,-0.51878756,0.82824385,0.21182922,-0.7331186,-0.55847144,0.3881324
1356441738880,0.41032445,0.04531473,0.91081303,-0.52251124,0.83024836,0.19408663,-0.74740607,-0.55554855,0.36434865
1356441738920,0.38631672,0.045964852,0.9212202,-0.5209366,0.8350872,0.1767893,-0.7611731,-0.548194,0.3465529
1356441738960,0.37158364,0.04481609,0.9273172,-0.5136147,0.84198344,0.16511767,-0.7733858,-0.5376387,0.33588547
1356441738999,0.36804426,0.039127365,0.92898464,-0.5006591,0.8502478,0.1625395,-0.78350747,-0.52492636,0.33251828
1356441739039,0.37534684,0.02733624,0.9264813,-0.48180622,0.859663,0.1698302,-0.79181916,-0.51012963,0.33584255
1356441739079,0.39121944,0.0092393905,0.9202511,-0.45643157,0.87024903,0.18530197,-0.7991355,-0.4925254,0.34467548
1356441739119,0.41210786,-0.014302045,0.91102284,-0.4248789,0.88149154,0.20603552,-0.80600566,-0.47198322,0.35719293
1356441739159,0.43469438,-0.041592345,0.8996171,-0.38951308,0.8919817,0.2294518,-0.8119855,-0.45015404,0.3715387
1356441739199,0.45601046,-0.070665345,0.88716453,-0.35572046,0.8992808,0.25447392,-0.8157925,-0.4316253,0.38494432
1356441739239,0.47394818,-0.09916365,0.8749513,-0.329792,0.90132713,0.28079644,-0.8164621,-0.42163488,0.39447898
1356441739279,0.48809075,-0.12579149,0.8636804,-0.31593385,0.8969893,0.30918613,-0.813605,-0.42377678,0.3980704
1356441739318,0.49948186,-0.1494964,0.853328,-0.3152238,0.88611656,0.33975193,-0.8069397,-0.43868926,0.39547434
1356441739358,0.50957346,-0.16928959,0.8436088,-0.3258994,0.8694284,0.3713271,-0.7963193,-0.46415007,0.38786626
1356441739399,0.5190435,-0.18389837,0.8347306,-0.3447737,0.84856653,0.40133017,-0.78212845,-0.49610102,0.3770396
1356441739439,0.5273224,-0.19179314,0.8277357,-0.36879933,0.8259702,0.42633358,-0.7654529,-0.53008366,0.36481938
1356441739479,0.5329452,-0.19153282,0.8241873,-0.39646783,0.80397916,0.44320512,-0.7475177,-0.5629678,0.35254017
1356441739519,0.53420633,-0.1819218,0.8255471,-0.42745972,0.78438854,0.44945833,-0.729316,-0.5929916,0.3412611
1356441739559,0.5301097,-0.16229783,0.8322518,-0.46069473,0.7688773,0.44338244,-0.7118596,-0.61845535,0.33281958
1356441739599,0.52203685,-0.13373189,0.8423736,-0.49173445,0.7597813,0.4253582,-0.6969037,-0.63627684,0.33087325
1356441739657,0.5160706,-0.10167597,0.85049,-0.5112369,0.76010996,0.40108556,-0.6872467,-0.64179033,0.34028986
1356441739721,0.5228473,-0.077971116,0.8488529,-0.507031,0.7720505,0.38322008,-0.6852374,-0.6307603,0.36413074
1356441739722,0.5475363,-0.07421638,0.8334843,-0.47340614,0.79385585,0.38167986,-0.68999326,-0.6035601,0.39953038
1356441739746,0.5763416,-0.08526741,0.8127484,-0.4291346,0.81480324,0.3897938,-0.6954667,-0.5734328,0.43301377
1356441739786,0.599097,-0.1007607,0.7943111,-0.38632256,0.8325584,0.39699045,-0.7013114,-0.5446961,0.4598571
1356441739829,0.6087609,-0.113037385,0.78525966,-0.3612131,0.84176403,0.4011962,-0.7063535,-0.52787864,0.4716024
