1356441150057,-0.15995324,-0.033025622,-0.986572,-0.9584317,0.24441391,0.14720905,0.23627022,0.96910846,-0.070747554
1356441150095,0.28386575,7.774532E-4,0.95886374,0.929299,-0.24662918,-0.27491337,0.23627007,0.9691096,-0.07073209
1356441150144,0.2837096,6.644428E-4,0.95891,0.9293438,-0.24659646,-0.27479103,0.23628125,0.969118,-0.07057923
1356441150180,0.28303614,1.7568469E-4,0.95910925,0.92953146,-0.24647781,-0.27426252,0.23635095,0.9691484,-0.06992543
1356441150218,0.28129473,-0.0011067986,0.9596208,0.9300104,-0.24618468,-0.2728989,0.23654598,0.9692223,-0.06822112
1356441150257,0.27820048,-0.0034408271,0.9605168,0.9308567,-0.24564418,-0.27048978,0.2368761,0.9693539,-0.06513539
1356441150303,0.27394196,-0.0067648888,0.96172243,0.9320173,-0.24483964,-0.26720282,0.2372753,0.96954,-0.060766906
1356441150338,0.2691479,-0.010703653,0.9630394,0.93331933,-0.24383512,-0.26355192,0.23764381,0.9697577,-0.055637807
1356441150379,0.26463547,-0.014728636,0.964236,0.93454564,-0.24274078,-0.2601948,0.23789167,0.9699794,-0.050473243
1356441150418,0.2611417,-0.018333465,0.96512634,0.9355159,-0.24164107,-0.25771993,0.23793906,0.9701925,-0.045951307
1356441150462,0.25918204,-0.021148473,0.9655969,0.93612456,-0.2405377,-0.2565394,0.23768792,0.97040933,-0.042545438
1356441150500,0.2589235,-0.023040175,0.965623,0.9363591,-0.23935685,-0.25678787,0.2370449,0.9706583,-0.04040128
1356441150538,0.26025298,-0.024106294,0.9652394,0.9362428,-0.23809347,-0.258381,0.23604581,0.970943,-0.039395183
1356441150580,0.2628268,-0.02461642,0.96452904,0.9358236,-0.23682827,-0.26104906,0.23485377,0.9712397,-0.039208233
1356441150614,0.26603335,-0.025012016,0.96363926,0.93523556,-0.23553562,-0.26430538,0.23358223,0.9715438,-0.039268196
1356441150656,0.26904842,-0.025794983,0.9627812,0.9347313,-0.23395088,-0.26747796,0.23214304,0.9719062,-0.038832784
1356441150713,0.2709434,-0.027451634,0.96220374,0.93461514,-0.23175329,-0.26978675,0.23039997,0.9723872,-0.037135273
1356441150743,0.27076626,-0.030391753,0.9621652,0.9351495,-0.22887313,-0.27039298,0.22843152,0.9729816,-0.033550262
1356441150772,0.267828,-0.034809172,0.9628378,0.9364384,-0.22564274,-0.2686422,0.22660851,0.9735881,-0.02783686
1356441150807,0.2621516,-0.040429205,0.9641794,0.93833077,-0.22270024,-0.26446164,0.22541496,0.97404826,-0.020445228
1356441150847,0.25414956,-0.046806455,0.9660316,0.9405675,-0.22067016,-0.25814223,0.2252571,0.9742247,-0.012058556
1356441150909,0.24470988,-0.05321738,0.96813476,0.94278765,-0.2201133,-0.2504024,0.2264252,0.9740215,-0.0036911368
1356441150972,0.23520741,-0.058668613,0.9701729,0.9446527,-0.22108486,-0.24238983,0.22871122,0.97348833,0.0034206808
1356441150978,0.22673249,-0.062613934,0.9719423,0.94597733,-0.2233218,-0.23506218,0.23177409,0.97273165,0.008597046
1356441151016,0.21998549,-0.0645231,0.9733669,0.94684565,-0.22595596,-0.22896978,0.23471195,0.9719982,0.0113863945
1356441151041,0.21459097,-0.064650506,0.9745619,0.9475447,-0.22821254,-0.22378114,0.23687482,0.9714625,0.0122869015
1356441151072,0.21153694,-0.06275746,0.9753531,0.9479184,-0.22996044,-0.22038326,0.23812333,0.97117436,0.010843903
1356441151117,0.21248627,-0.05713436,0.97549236,0.9476073,-0.23162448,-0.21997839,0.23851624,0.971126,0.00492391
1356441151154,0.21510023,-0.04756543,0.97543293,0.9469148,-0.23420125,-0.22023192,0.23892301,0.9710239,-0.0053363144
1356441151182,0.21575981,-0.036364466,0.97576904,0.9465629,-0.23754406,-0.21815446,0.23972127,0.97069585,-0.01683119
1356441151229,0.21895185,-0.022531718,0.97547543,0.94523704,-0.24310246,-0.21777984,0.24204743,0.96973884,-0.03192991
1356441151266,0.22031379,-0.006758213,0.97540563,0.943742,-0.25133187,-0.21490335,0.24660283,0.9678774,-0.048993886
1356441151308,0.21970811,0.009374112,0.9755206,0.94194996,-0.2622722,-0.20962703,0.25388685,0.9649484,-0.06645325
1356441151342,0.21740505,0.024470389,0.97577465,0.939796,-0.27528742,-0.20248526,0.26366362,0.96105045,-0.082846045
1356441151379,0.21371624,0.037335455,0.9761821,0.9378178,-0.28764406,-0.19431576,0.27353814,0.9570093,-0.096488
1356441151414,0.20968461,0.047356308,0.97662157,0.93537384,-0.3006435,-0.18625036,0.28479487,0.9525602,-0.107336104
1356441151447,0.20545498,0.054776013,0.97713256,0.93307376,-0.31215796,-0.17869213,0.2952316,0.94844985,-0.11524451
1356441151486,0.19955373,0.058887362,0.9781158,0.9310317,-0.3226483,-0.17052275,0.3055458,0.9446853,-0.119211644
1356441151525,0.19115782,0.059755087,0.9797387,0.9297218,-0.33110487,-0.1612046,0.31476352,0.9417,-0.11884889
1356441151563,0.17863142,0.057353616,0.982243,0.9295737,-0.33701622,-0.1493744,0.32246464,0.9397503,-0.11351609
1356441151604,0.16030753,0.051638037,0.9857155,0.93055737,-0.34095037,-0.13347596,0.32918763,0.938662,-0.102709085
1356441151644,0.13556534,0.042876124,0.98984015,0.93210775,-0.3441838,-0.112749726,0.33585274,0.9379227,-0.08662453
1356441151682,0.10556358,0.031995177,0.9938977,0.9336653,-0.34716988,-0.087990284,0.34223604,0.93725634,-0.06652132
1356441151721,0.07317799,0.020607173,0.997106,0.9352567,-0.3485983,-0.06143439,0.34632343,0.9370457,-0.044782758
1356441151754,0.04338962,0.011357874,0.9989937,0.9367939,-0.34794825,-0.036732107,0.3471809,0.9374449,-0.025737315
1356441151791,0.017651498,0.0034693778,0.9998382,0.9398854,-0.3411423,-0.015409321,0.34103364,0.9400053,-0.009282529
1356441151821,-0.0030058026,-0.0023313463,0.9999927,0.94354403,-0.33124053,0.00206393,0.33123335,0.94354343,0.0031954348
1356441151851,-0.017552376,-0.0066016912,0.99982417,0.9480396,-0.31781965,0.014544785,0.31766775,0.94812816,0.011837184
1356441151882,-0.025509775,-0.009874195,0.9996258,0.95332026,-0.30120528,0.021352798,0.3008817,0.95350826,0.017096937
1356441151912,-0.026457548,-0.012681365,0.9995694,0.9590797,-0.28229535,0.021804392,0.2818973,0.95924366,0.019631296
1356441151961,-0.020088434,-0.0154521465,0.99967885,0.9649503,-0.26198405,0.0153410435,0.26166284,0.96494853,0.02017337
1356441151980,-0.005524397,-0.018151075,0.99982,0.9712479,-0.23806792,0.0010445714,0.23800614,0.9710788,0.018944442
1356441152020,0.022111237,-0.023151994,0.9994874,0.9768278,-0.21237618,-0.026529431,0.21288154,0.9769137,0.01791966
1356441152050,0.060532033,-0.030283183,0.9977068,0.98002565,-0.18789226,-0.06516233,0.18943468,0.9817227,0.018304795
1356441152081,0.10003543,-0.03859672,0.99423504,0.98070216,-0.16487151,-0.10507426,0.16797653,0.9855596,0.021358907
1356441152120,0.13375074,-0.051690727,0.9896661,0.9797232,-0.14342618,-0.13989818,0.14917544,0.9883102,0.031459242
1356441152151,0.16902018,-0.068751186,0.98321176,0.9762739,-0.12531924,-0.17659047,0.13535619,0.98973143,0.04593852
1356441152190,0.18169183,-0.09503564,0.9787524,0.9743093,-0.11729747,-0.19225648,0.1330764,0.9885391,0.07128215
1356441152220,0.18143731,-0.12570083,0.9753358,0.9734267,-0.117953956,-0.196284,0.13971776,0.98503107,0.10095927
1356441152252,0.15997732,-0.15975705,0.97410727,0.97474253,-0.13022017,-0.18143824,0.1558344,0.9785298,0.13488969
1356441152290,0.11005801,-0.19823119,0.9739567,0.9768326,-0.15937436,-0.14282072,0.18353525,0.96711123,0.17609829
1356441152320,0.05882144,-0.22805029,0.97187096,0.97642905,-0.18938452,-0.10353652,0.20766884,0.9550532,0.21153504
1356441152350,0.017590523,-0.24730593,0.9687778,0.9744869,-0.21259469,-0.07196456,0.22375426,0.9453271,0.2372567
1356441152380,-0.009126365,-0.25636837,0.9665361,0.9730196,-0.22512251,-0.05052486,0.230542,0.93999743,0.25150594
1356441152420,-0.008473098,-0.25338912,0.96732736,0.97435224,-0.2196294,-0.048996747,0.22486877,0.9421024,0.2487512
1356441152450,0.0016772747,-0.242937,0.9700407,0.97661066,-0.2081703,-0.053822815,0.21500921,0.94744223,0.2369057
1356441152480,0.030953825,-0.2265541,0.9735067,0.97873646,-0.1907202,-0.07550445,0.20277321,0.9551436,0.21583313
1356441152510,0.0798918,-0.20484018,0.97552955,0.97846425,-0.17074859,-0.11598566,0.19032887,0.9637871,0.18678737
1356441152540,0.14614677,-0.17893475,0.97294575,0.97280365,-0.1526655,-0.17420217,0.17970604,0.9719442,0.15175676
1356441152580,0.2371366,-0.14688784,0.96030736,0.9558975,-0.14103717,-0.25762057,0.17328039,0.9790467,0.10696468
1356441152621,0.3293964,-0.11500615,0.93716145,0.92832583,-0.14174423,-0.34368533,0.17236319,0.9831999,0.060073167
1356441152660,0.40560308,-0.0888342,0.90972227,0.8967551,-0.1540148,-0.41486105,0.17696458,0.98406696,0.01719366
1356441152690,0.45945686,-0.070159286,0.88542473,0.8689319,-0.17101038,-0.46444893,0.18400225,0.98276806,-0.01760824
1356441152720,0.49243215,-0.058302194,0.8683959,0.84853685,-0.18982348,-0.49391517,0.19363832,0.9800856,-0.04400362
1356441152760,0.5017165,-0.053503156,0.8633759,0.8395503,-0.21035162,-0.5009066,0.20841262,0.97616065,-0.060618266
1356441152790,0.49644887,-0.0517205,0.8665238,0.8386087,-0.22926259,-0.4941398,0.22421867,0.9719895,-0.07044388
1356441152830,0.473151,-0.054337382,0.879304,0.84665304,-0.2478576,-0.47089815,0.24352962,0.9672713,-0.071269095
1356441152860,0.4408329,-0.057289958,0.895759,0.85842675,-0.26465553,-0.43938702,0.26224005,0.96263975,-0.06748961
1356441152900,0.39444467,-0.06284559,0.9167682,0.8743493,-0.28126994,-0.39547515,0.28271317,0.95756865,-0.055996433
1356441152960,0.34253377,-0.06729543,0.9370923,0.8896371,-0.297409,-0.3465454,0.30202058,0.9523756,-0.042004123
1356441152972,0.28018236,-0.07333869,0.95714116,0.90408975,-0.31499672,-0.28878862,0.32267568,0.946255,-0.02195178
1356441153010,0.21720457,-0.077543646,0.9730412,0.91486657,-0.33140522,-0.23062909,0.3403547,0.94029653,-0.0010406226
1356441153040,0.16452378,-0.07956126,0.9831592,0.9210521,-0.34429884,-0.18199271,0.35298017,0.9354829,0.016634747
1356441153070,0.12522161,-0.0803307,0.98887134,0.92451596,-0.35220236,-0.14568329,0.35998562,0.9324701,0.030163676
1356441153100,0.100266755,-0.0805493,0.9916948,0.9272178,-0.35392416,-0.12249485,0.36085156,0.9317992,0.03919986
1356441153140,0.0933463,-0.0804241,0.99238014,0.9316751,-0.34442705,-0.11554912,0.35109553,0.935362,0.042778164
1356441153170,0.10525483,-0.08362827,0.99092263,0.9356129,-0.32932574,-0.12717316,0.33697158,0.9405056,0.043580562
1356441153210,0.13628316,-0.08747986,0.98679996,0.9395678,-0.30437464,-0.1567429,0.3140688,0.94852686,0.040712178
1356441153240,0.19589788,-0.096527904,0.9758619,0.9367713,-0.2758441,-0.215336,0.28997162,0.9563433,0.03638728
1356441153280,0.27950454,-0.104549944,0.95443517,0.9239128,-0.24121135,-0.29698864,0.2612707,0.96482456,0.029175326
1356441153339,0.40128544,-0.11398509,0.908833,0.8867284,-0.20029637,-0.4166464,0.22952738,0.9730822,0.020697802
1356441153359,0.5440868,-0.12085676,0.830279,0.81575847,-0.15524408,-0.5571691,0.19623354,0.9804555,0.014123678
1356441153399,0.6771154,-0.12373763,0.725399,0.71718043,-0.10983007,-0.6881784,0.16482422,0.9862182,0.014374584
1356441153437,0.7716493,-0.12731068,0.6231768,0.6200902,-0.06751473,-0.7816201,0.14158218,0.98956245,0.026846409
1356441153479,0.8168133,-0.14156193,0.55926406,0.56130445,-0.028886437,-0.82710516,0.13324174,0.9895079,0.055864517
1356441153519,0.8206301,-0.1718983,0.5449929,0.5538995,0.0046631843,-0.8325705,0.14057602,0.98510367,0.099041134
1356441153559,0.7951873,-0.21395238,0.5673636,0.5855735,0.028043345,-0.8101341,0.15741935,0.97644144,0.14758456
1356441153600,0.75985366,-0.2533337,0.5987023,0.6264649,0.039303944,-0.778458,0.17367826,0.96658015,0.1885699
1356441153639,0.73474216,-0.27738258,0.61904186,0.6532413,0.043353155,-0.75590765,0.1828382,0.95978093,0.21305114
1356441153679,0.7306038,-0.28171116,0.6219782,0.6574602,0.044381186,-0.7521811,0.1842937,0.9584723,0.21763894
1356441153719,0.7448978,-0.2694134,0.6103636,0.6419728,0.04034686,-0.7656651,0.18165424,0.962179,0.20301038
1356441153759,0.76668894,-0.24809691,0.5921453,0.616344,0.026205704,-0.7870409,0.17974481,0.96838075,0.17300466
1356441153799,0.78549016,-0.22571252,0.57624567,0.59149915,-5.90533E-5,-0.80630565,0.18202728,0.97419405,0.13346237
1356441153839,0.79649967,-0.20691743,0.56813157,0.5741681,-0.035685435,-0.8179595,0.18952404,0.97770745,0.09038192
1356441153879,0.7991679,-0.19290671,0.5693134,0.56640494,-0.0754855,-0.82066286,0.20128621,0.9783093,0.04893771
1356441153919,0.79410326,-0.18327495,0.5794914,0.5681976,-0.114604205,-0.8148726,0.21575786,0.97635865,0.013128784
1356441153962,0.78153574,-0.17733261,0.59812623,0.5792303,-0.14984797,-0.8012725,0.23171979,0.97267604,-0.014395114
1356441154000,0.7609615,-0.17480604,0.6248043,0.5990482,-0.18052103,-0.78009826,0.24915624,0.9679126,-0.03265229
1356441154039,0.7311129,-0.17547888,0.6593035,0.62721825,-0.20737623,-0.7507279,0.26846075,0.962394,-0.041551884
1356441154079,0.6902567,-0.17916158,0.70103264,0.6628673,-0.23185703,-0.7119334,0.29009047,0.95610845,-0.041280504
1356441154119,0.6384051,-0.18454483,0.74724966,0.70308447,-0.25525874,-0.66371304,0.31322688,0.94909745,-0.033207834
1356441154159,0.57843447,-0.18978265,0.793345,0.7434739,-0.27752537,-0.6084622,0.33564892,0.94178677,-0.019431792
1356441154201,0.51736,-0.1921173,0.8339242,0.77946186,-0.29644877,-0.551867,0.35323906,0.935526,-0.003622584
1356441154239,0.4633422,-0.19020721,0.86552596,0.80869615,-0.3086465,-0.5007473,0.3623873,0.9319649,0.010810904
1356441154279,0.4234062,-0.18381533,0.8870959,0.831046,-0.31103918,-0.4611044,0.36067963,0.93245196,0.021063037
1356441154319,0.40250826,-0.17387441,0.89875174,0.84700215,-0.30167878,-0.43769538,0.34723842,0.9374206,0.025843844
1356441154359,0.40355954,-0.16184846,0.90052474,0.85614955,-0.2803556,-0.43406078,0.32271922,0.94615316,0.025426283
1356441154399,0.4273949,-0.1492657,0.8916576,0.8562413,-0.24969766,-0.45221892,0.2901456,0.95675015,0.021087915
1356441154439,0.47447178,-0.13618523,0.8696724,0.84332585,-0.21289214,-0.49343526,0.2523451,0.96753836,0.013837248
1356441154479,0.5429499,-0.121950686,0.83086306,0.8125162,-0.17370555,-0.55645645,0.2121858,0.9772177,0.0047734827
1356441154519,0.6251136,-0.10591519,0.77331424,0.7613304,-0.13567707,-0.63400906,0.17207226,0.9850754,-0.004177101
1356441154559,0.7064718,-0.08990273,0.70200795,0.6947304,-0.10122685,-0.71211165,0.13508278,0.99079305,-0.009055801
1356441154599,0.7704149,-0.080212295,0.6324768,0.62856066,-0.07037665,-0.77457,0.10664165,0.99429023,-0.0038009211
1356441154639,0.80453116,-0.086565346,0.58756804,0.58649766,-0.040019706,-0.8089617,0.09354231,0.9954421,0.018573254
1356441154679,0.8062971,-0.115649626,0.58009493,0.58314675,-0.008922353,-0.8123178,0.099120095,0.99324995,0.06024665
1356441154719,0.7803278,-0.16348019,0.6036247,0.6140131,0.017161936,-0.7891091,0.1186444,0.98639727,0.11377093
1356441154759,0.74037933,-0.21450931,0.63704336,0.65711486,0.031390637,-0.7531365,0.14155762,0.9762174,0.16419825
1356441154799,0.7068151,-0.25162315,0.661134,0.6893088,0.034982607,-0.72362256,0.158952,0.9671929,0.1981723
1356441154839,0.694272,-0.26685268,0.6684131,0.6997875,0.033275127,-0.7135757,0.16817802,0.9631628,0.20984215
1356441154889,0.71363306,-0.25567946,0.6521931,0.679266,0.024970293,-0.7334672,0.17124702,0.9664391,0.19149399
1356441154937,0.7346803,-0.2384336,0.63513327,0.6552817,0.007018015,-0.755352,0.17564389,0.9711335,0.16139716
1356441154958,0.7500664,-0.22403301,0.6222617,0.6356135,-0.015791655,-0.771846,0.18274547,0.9744536,0.1305536
1356441154999,0.7595011,-0.21410102,0.6142629,0.6198234,-0.048402846,-0.7832471,0.1974261,0.97561157,0.095942795
1356441155039,0.7623786,-0.20870365,0.6125534,0.60967946,-0.08570239,-0.7880014,0.216956,0.9742166,0.061904635
1356441155081,0.76020324,-0.20633034,0.6160511,0.60450363,-0.122795776,-0.787081,0.23804715,0.97074664,0.031377703
1356441155119,0.75371337,-0.20563966,0.6242023,0.6042941,-0.15651451,-0.7812374,0.25835007,0.9660309,0.006299738
1356441155159,0.7425967,-0.20598654,0.6372753,0.60971665,-0.1857915,-0.7705369,0.2771206,0.96075547,-0.012374725
1356441155199,0.7256787,-0.20731908,0.6560558,0.6216715,-0.21100004,-0.7543232,0.2948134,0.95524746,-0.024233848
1356441155239,0.70117795,-0.20990899,0.6813866,0.6408355,-0.23337883,-0.73134404,0.31253695,0.949459,-0.029122919
1356441155279,0.6677325,-0.21374789,0.71305335,0.66672957,-0.25428557,-0.7005787,0.3310664,0.94321287,-0.027282685
1356441155319,0.6267425,-0.21755455,0.7482406,0.69674486,-0.27350327,-0.663131,0.34891334,0.9369451,-0.019836131
1356441155359,0.5833721,-0.21915913,0.78207815,0.72700644,-0.28842258,-0.6231164,0.36213064,0.93208456,-0.008927584
1356441155399,0.5446469,-0.21682966,0.810151,0.75427556,-0.29566747,-0.5862158,0.36664426,0.93035775,0.0025149584
1356441155439,0.51686656,-0.21024805,0.82984614,0.77675766,-0.29230416,-0.55785817,0.3598561,0.93292767,0.012229569
1356441155479,0.5038507,-0.20012033,0.8402895,0.7933644,-0.27752098,-0.5418071,0.34162462,0.9396456,0.018939227
1356441155519,0.5077325,-0.1876468,0.8408307,0.80234706,-0.25246024,-0.5408354,0.3137624,0.9492378,0.022375606
1356441155559,0.52838635,-0.17443153,0.83089197,0.80129373,-0.22099513,-0.55595815,0.28059968,0.9595493,0.023000062
1356441155599,0.5658659,-0.1608009,0.8086649,0.7872641,-0.18603477,-0.587883,0.24497187,0.96929574,0.021322042
1356441155639,0.618191,-0.1471295,0.7721352,0.7575617,-0.15044516,-0.63519025,0.20961916,0.9776089,0.018455803
1356441155679,0.67871237,-0.13341242,0.72218466,0.7130094,-0.11592518,-0.69150484,0.1759747,0.98425734,0.016444452
1356441155719,0.7364746,-0.122166485,0.66534233,0.6603701,-0.08343564,-0.7462907,0.14668503,0.9889964,0.019226879
1356441155759,0.7776992,-0.11974059,0.6171273,0.6157458,-0.052688405,-0.78618115,0.12665334,0.991406,0.032754064
1356441155799,0.79155433,-0.13531728,0.59592867,0.5988364,-0.022615701,-0.800552,0.12180586,0.9905442,0.06313136
1356441155839,0.7741436,-0.17377253,0.6086911,0.61869407,0.004362881,-0.78562,0.13386346,0.98477614,0.110889494
1356441155879,0.73245865,-0.22681135,0.64191973,0.66270703,0.021534428,-0.7485691,0.15596057,0.9737006,0.16608256
1356441155919,0.68677115,-0.27520645,0.67276055,0.70509124,0.027344868,-0.7085891,0.17661178,0.96099615,0.21282536
1356441155969,0.65886045,-0.30351493,0.68831795,0.72832894,0.02839318,-0.68463916,0.18825465,0.9524036,0.23976585
1356441156000,0.657689,-0.30765367,0.68760043,0.7288275,0.029158384,-0.68407625,0.19040926,0.95105153,0.24340358
1356441156040,0.6789098,-0.29112512,0.6740383,0.71002775,0.026598781,-0.70367104,0.1869278,0.9563151,0.22476512
1356441156080,0.71004176,-0.26230508,0.65348047,0.679986,0.014341399,-0.73308486,0.18292002,0.9648785,0.18854675
1356441156120,0.73938155,-0.23037267,0.63264793,0.64814377,-0.010844886,-0.7614408,0.18227614,0.9730421,0.14129609
1356441156178,0.7603233,-0.20195378,0.6173518,0.6221762,-0.046548083,-0.7814922,0.18656185,0.97828823,0.090259254
1356441156199,0.77174854,-0.17945033,0.61008346,0.6051773,-0.0874702,-0.79127073,0.19535792,0.9798707,0.041094277
1356441156239,0.7742261,-0.16291249,0.6115827,0.5981074,-0.12768304,-0.79117924,0.2069817,0.9783438,-0.0014163814
1356441156277,0.7683169,-0.15182734,0.62180185,0.60093373,-0.16337614,-0.7824238,0.22038089,0.97481114,-0.034286495
1356441156319,0.75361264,-0.14614771,0.6408657,0.6135255,-0.19352257,-0.76559484,0.2359119,0.9701494,-0.056175705
1356441156358,0.7293559,-0.14550492,0.6684821,0.63537097,-0.21822715,-0.7407299,0.25366074,0.9649898,-0.06671566
1356441156399,0.6944338,-0.14990747,0.703768,0.6655747,-0.23785986,-0.7074129,0.27344465,0.95966166,-0.06540332
1356441156439,0.64801824,-0.1586169,0.7449248,0.70239913,-0.25368312,-0.66504145,0.29446173,0.9541936,-0.052978903
1356441156479,0.59150434,-0.16997808,0.7881814,0.742041,-0.26765904,-0.6146004,0.31543252,0.9484018,-0.032190777
1356441156519,0.5304885,-0.1805667,0.8282377,0.7792723,-0.28067648,-0.5603172,0.33364147,0.94266456,-0.008185029
1356441156559,0.47353542,-0.18658596,0.8607845,0.81021386,-0.29100227,-0.5087939,0.345424,0.93835145,0.013374656
1356441156599,0.42778587,-0.18583882,0.88456947,0.8344053,-0.29506385,-0.46551585,0.3475154,0.9372306,0.02884078
1356441156639,0.39614138,-0.17832312,0.90070695,0.8535546,-0.29001763,-0.4328214,0.33840293,0.940261,0.037320495
1356441156679,0.37840354,-0.16556421,0.9107136,0.8689605,-0.2754593,-0.41113248,0.3189333,0.9469482,0.039633974
1356441156719,0.37365502,-0.1491825,0.9154924,0.8806533,-0.2528587,-0.40063965,0.29125866,0.9559325,0.036896124
1356441156759,0.38032994,-0.13076863,0.9155592,0.8879564,-0.22518983,-0.4010271,0.25861648,0.9654993,0.030470476
1356441156799,0.39632875,-0.11167824,0.9112911,0.8904171,-0.19518316,-0.41117004,0.22378746,0.97438776,0.022083566
1356441156839,0.417202,-0.094000965,0.90393937,0.8888459,-0.1651482,-0.42740965,0.18946078,0.981779,0.014652193
1356441156879,0.43471655,-0.08209056,0.89681804,0.8863067,-0.13751885,-0.44220924,0.15963063,0.98709154,0.012975663
1356441156919,0.43759796,-0.082984805,0.8953332,0.88821435,-0.115074545,-0.44478437,0.13994038,0.9898845,0.023351908
1356441156969,0.41589388,-0.10294804,0.9035674,0.89931536,-0.10109386,-0.4254549,0.13514489,0.9895361,0.050538465
1356441157000,0.36499146,-0.14262584,0.9200213,0.9195479,-0.099366516,-0.38020793,0.14564672,0.98477626,0.09488331
1356441157041,0.29244307,-0.19146529,0.9369195,0.941975,-0.11117181,-0.31673968,0.16480368,0.975183,0.14784406
1356441157081,0.21666485,-0.23235124,0.9481927,0.95908016,-0.13067746,-0.25117475,0.18226817,0.9638135,0.19453019
1356441157120,0.15382284,-0.25444487,0.9547756,0.969403,-0.14821541,-0.1956785,0.19130182,0.95566213,0.22386071
1356441157160,0.11239517,-0.25544035,0.9602695,0.975162,-0.15726358,-0.1559718,0.19085687,0.95394886,0.23142008
1356441157201,0.09445369,-0.23786283,0.9666953,0.97828555,-0.15777218,-0.13440725,0.18448809,0.9583993,0.21779561
1356441157240,0.09945583,-0.20648828,0.9733813,0.97908413,-0.15418404,-0.1327464,0.17749047,0.9662245,0.1868349
1356441157280,0.12416977,-0.16673025,0.97815275,0.9767964,-0.15282208,-0.15004677,0.17450073,0.9740874,0.14388573
1356441157320,0.16005933,-0.12536043,0.9791148,0.9709756,-0.1585967,-0.17903459,0.1777283,0.9793527,0.09633714
1356441157360,0.19870329,-0.087527126,0.9761434,0.962101,-0.17237568,-0.21130106,0.18675798,0.9811348,0.04995835
1356441157399,0.23238796,-0.05639255,0.97098696,0.9519415,-0.1915906,-0.2389569,0.19950736,0.9798535,0.009159088
1356441157439,0.2553572,-0.03324786,0.966275,0.9427794,-0.21303976,-0.25647837,0.21438232,0.9764777,-0.023055851
1356441157479,0.2635327,-0.018227428,0.96447825,0.9366478,-0.23431885,-0.26035666,0.23074105,0.9719889,-0.044678032
1356441157519,0.2548729,-0.010766357,0.96691465,0.9343487,-0.25481138,-0.24912596,0.24906304,0.96693087,-0.05488497
1356441157559,0.2294398,-0.009674996,0.9732748,0.93512166,-0.27520466,-0.22318125,0.27000907,0.961337,-0.054095596
1356441157598,0.19026637,-0.01295653,0.981647,0.9370465,-0.29584396,-0.18552658,0.2928181,0.95514834,-0.044148296
1356441157639,0.14294374,-0.018138558,0.98956454,0.9384947,-0.31504,-0.14134124,0.31431618,0.948905,-0.02801001
1356441157679,0.09472507,-0.022536308,0.9952483,0.93924534,-0.32929915,-0.09685147,0.3299171,0.9439566,-0.01002574
1356441157719,0.051771045,-0.024882793,0.998349,0.9403822,-0.33528882,-0.057121843,0.33615655,0.94178677,0.0060410798
1356441157759,0.018166602,-0.025030136,0.9995216,0.9433861,-0.33072066,-0.025428295,0.3311989,0.94339675,0.017605007
1356441157799,-0.003584206,-0.023996681,0.99970555,0.9490833,-0.3149975,-0.004158348,0.3150046,0.948789,0.023903966
1356441157839,-0.011393905,-0.023129463,0.9996675,0.9571358,-0.28960896,0.004208386,0.28941533,0.95686555,0.025437832
1356441157879,-0.0024994612,-0.02330622,0.9997252,0.9662832,-0.25745624,-0.0035861135,0.2574691,0.9660088,0.023163974
1356441157919,0.026742816,-0.024606079,0.99933946,0.97466314,-0.2214436,-0.03153494,0.22207332,0.9748627,0.018060654
1356441157966,0.07949209,-0.026922107,0.9964719,0.97930837,-0.18452162,-0.08310822,0.186108,0.98245966,0.011696994
1356441158000,0.15338081,-0.030729175,0.98768926,0.9763354,-0.1494965,-0.1562688,0.1524581,0.9882846,0.007072091
1356441158040,0.23605987,-0.03949958,0.97093534,0.96351343,-0.120212525,-0.23914582,0.12616476,0.991962,0.009681016
1356441158080,0.30315647,-0.0597713,0.9510644,0.94609904,-0.100500256,-0.30788985,0.11398524,0.99314,0.026082307
1356441158120,0.32987502,-0.09726849,0.9390002,0.93634975,-0.092865795,-0.33856362,0.120132506,0.9909162,0.060443163
1356441158160,0.31279957,-0.14888996,0.9380769,0.93934065,-0.09780657,-0.32874477,0.14069682,0.984005,0.10926451
1356441158200,0.27420244,-0.20089796,0.94045365,0.9475671,-0.11043599,-0.29986763,0.1641027,0.97336733,0.16008247
1356441158239,0.2442733,-0.23892173,0.9398121,0.9530072,-0.119938254,-0.27819398,0.17918605,0.96360326,0.19839646
1356441158279,0.24015677,-0.2568571,0.9361352,0.9534368,-0.11882472,-0.2771985,0.18243644,0.9591169,0.21636045
1356441158319,0.26233393,-0.2553824,0.9305701,0.9484552,-0.10944724,-0.29741225,0.17780212,0.9606254,0.21350701
1356441158359,0.30077618,-0.23877403,0.9233204,0.9379991,-0.10085809,-0.33164006,0.1723114,0.96582323,0.19363418
1356441158399,0.33873132,-0.21382186,0.91626495,0.92508185,-0.10203883,-0.36580294,0.17171115,0.97152895,0.16323888
1356441158439,0.36753118,-0.18559626,0.91130394,0.91281617,-0.11556637,-0.39167738,0.17800993,0.9758066,0.126941
1356441158479,0.3832063,-0.15695602,0.91022956,0.90395874,-0.13873446,-0.4044891,0.18976715,0.9778127,0.08871785
1356441158519,0.38575566,-0.129172,0.91351366,0.8996873,-0.16663468,-0.40347946,0.20434132,0.97752106,0.051934138
1356441158559,0.37550873,-0.103115976,0.92106473,0.90034956,-0.19522429,-0.38891926,0.21991798,0.97532284,0.019531995
1356441158599,0.35244933,-0.07971698,0.93242943,0.90550685,-0.2225332,-0.36129805,0.23629811,0.9716605,-0.0062473863
1356441158638,0.31698155,-0.059543848,0.94656074,0.91386884,-0.24779671,-0.32162154,0.2537053,0.96698046,-0.024131685
1356441158678,0.27097136,-0.043128043,0.96162075,0.92319846,-0.27120644,-0.2723079,0.27254182,0.9615545,-0.03367342
1356441158719,0.21636051,-0.030262083,0.9758445,0.931471,-0.29304302,-0.21560982,0.2924892,0.9556203,-0.035214722
1356441158759,0.15659142,-0.02049455,0.98745084,0.9371313,-0.31261647,-0.15510002,0.3118721,0.9496584,-0.02974701
1356441158799,0.095885575,-0.013031751,0.9953071,0.9399562,-0.3278514,-0.09484577,0.32754886,0.94463944,-0.019186944
1356441158839,0.038584888,-0.0069764256,0.999231,0.94092184,-0.33640742,-0.038682014,0.3364185,0.9416908,-0.0064160526
1356441158879,-0.011642456,-0.0016883314,0.99993074,0.94167614,-0.33635986,0.010396272,0.33631906,0.94173205,0.0055059195
1356441158919,-0.052415848,0.0027903914,0.9986214,0.9439485,-0.32621348,0.050457656,0.32590455,0.945292,0.014464766
1356441158969,-0.08225155,0.0057591796,0.9965949,0.94850516,-0.30647886,0.08005366,0.30589637,0.95185995,0.019745737
1356441159028,-0.09955478,0.0064865947,0.9950109,0.95529556,-0.27914757,0.09740093,0.27838677,0.9602263,0.021593899
1356441159040,-0.10182661,0.0047902763,0.9947906,0.96393836,-0.24668092,0.099856466,0.24587423,0.96908486,0.020501137
1356441159079,-0.085957944,6.3726306E-4,0.99629855,0.97334874,-0.21334708,0.08411437,0.21261099,0.9769762,0.017718643
1356441159116,-0.05391532,-0.005074084,0.99853265,0.9822394,-0.1802479,0.052119583,0.17971897,0.9836081,0.014702052
1356441159159,-0.008246779,-0.013519704,0.9998746,0.988795,-0.14915371,0.0061386824,0.149052,0.9887216,0.014598221
1356441159199,0.040775895,-0.027340472,0.9987942,0.9914021,-0.12328476,-0.043848783,0.12433496,0.9919946,0.022078335
1356441159239,0.074679315,-0.05098021,0.9959036,0.99100983,-0.10737789,-0.07980898,0.11100674,0.9929104,0.04250294
1356441159279,0.07643342,-0.08764136,0.99321544,0.99058914,-0.10675651,-0.08565152,0.11353886,0.9904151,0.07865682
1356441159319,0.043438256,-0.13325122,0.99012995,0.9904202,-0.12428498,-0.060177267,0.1310769,0.98325866,0.12657589
1356441159359,-0.0066201687,-0.17583415,0.98439753,0.9877182,-0.15482593,-0.021012664,0.15610504,0.9721683,0.17469957
1356441159399,-0.050787866,-0.20448452,0.97755134,0.9825677,-0.1855011,0.012245357,0.17883289,0.96113235,0.21034113
1356441159439,-0.07703668,-0.21568331,0.9734197,0.9781759,-0.20531172,0.031921625,0.1929695,0.9546349,0.2267927
1356441159479,-0.0815295,-0.21062958,0.97416025,0.9768189,-0.21099615,0.036131144,0.19793373,0.9545239,0.22294936
1356441159519,-0.06521469,-0.19197041,0.9792315,0.9781577,-0.2063936,0.02468139,0.19736907,0.95945245,0.20123726
1356441159559,-0.031661153,-0.16320932,0.98608327,0.9800317,-0.19883597,-0.0014430583,0.19630429,0.9663472,0.1662457
1356441159599,0.013019085,-0.12844387,0.9916313,0.98009026,-0.19486135,-0.038107544,0.1981253,0.97238433,0.1233497
1356441159639,0.0600031,-0.09222084,0.993929,0.9772809,-0.19734591,-0.077308655,0.20327732,0.9759866,0.07828429
1356441159678,0.100890875,-0.058426023,0.99318045,0.97229266,-0.2058,-0.110875666,0.2108745,0.9768484,0.036043823
1356441159719,0.12962371,-0.029403359,0.99112725,0.9666636,-0.21884882,-0.13291678,0.22081518,0.9753157,5.5104494E-5
1356441159759,0.14233708,-0.006026268,0.98979986,0.9619127,-0.23492968,-0.13975713,0.23337552,0.9719937,-0.027642488
1356441159799,0.13855606,0.0120125115,0.9902817,0.95873106,-0.25229454,-0.1310812,0.2482681,0.9675759,-0.046473682
1356441159839,0.11984509,0.025529176,0.99246424,0.9569341,-0.269215,-0.108629584,0.26441306,0.9627416,-0.056693822
1356441159879,0.08861661,0.03525132,0.9954418,0.9556426,-0.284823,-0.0749872,0.28088138,0.95793176,-0.058927715
1356441159919,0.047454238,0.04160735,0.99800646,0.9534451,-0.2997735,-0.03283772,0.29780957,0.9531027,-0.05389586
1356441159962,-0.001146853,0.044831127,0.9989939,0.9488145,-0.31546563,0.015246183,0.31583178,0.9478774,-0.042174578
1356441160000,-0.051778436,0.046521813,0.99757445,0.94150543,-0.33080763,0.06429538,0.3329964,0.9425508,-0.026671827
1356441160041,-0.100499034,0.04664445,0.9938432,0.9324211,-0.3440851,0.110437065,0.34711793,0.9377792,-0.008912057
1356441160081,-0.14440602,0.046878338,0.98840755,0.92368567,-0.35186732,0.15163854,0.35489684,0.93487537,0.007510841
1356441160121,-0.18152124,0.04765141,0.98223186,0.91754806,-0.35112035,0.18660137,0.35377344,0.935117,0.020013303
1356441160160,-0.21174002,0.048511744,0.9761212,0.9153877,-0.34005815,0.21546614,0.34239066,0.93915224,0.02759692
1356441160200,-0.23512483,0.048552483,0.97075176,0.91725504,-0.31927168,0.23813593,0.32149565,0.94641864,0.030533671
1356441160240,-0.25079608,0.047121614,0.9668925,0.92228055,-0.2918278,0.25344676,0.2941089,0.95530945,0.029729933
1356441160280,-0.25717014,0.044083565,0.96536016,0.92984736,-0.2607363,0.25961623,0.26314926,0.96440303,0.026062608
1356441160321,-0.2525034,0.039314687,0.966797,0.93949705,-0.2290827,0.25468898,0.23148945,0.97261274,0.020908117
1356441160360,-0.23739362,0.032380164,0.9708737,0.95034194,-0.19929767,0.2390202,0.2012324,0.97940385,0.016539812
1356441160399,-0.2161721,0.021713704,0.9761138,0.96053684,-0.17450404,0.21660429,0.17503908,0.984417,0.016866088
1356441160439,-0.19884646,0.0048412383,0.9800187,0.9673859,-0.15914798,0.19706947,0.15692204,0.9872429,0.026962638
1356441160479,-0.20207989,-0.020513415,0.97915417,0.9675259,-0.15919256,0.19634488,0.15184635,0.98703444,0.052016884
1356441160519,-0.2385028,-0.052786797,0.96970606,0.9575106,-0.17949456,0.2257323,0.1621413,0.98234165,0.0933539
1356441160559,-0.30237854,-0.08418125,0.9494634,0.93534666,-0.21802616,0.27855211,0.183559,0.9723056,0.14466509
1356441160599,-0.37132353,-0.10579881,0.92245626,0.9052359,-0.26226622,0.33431172,0.20655933,0.9591783,0.1931585
1356441160639,-0.42804855,-0.114702314,0.8964473,0.8759037,-0.2970063,0.38023654,0.22263655,0.94796133,0.22760132
1356441160679,-0.4681462,-0.11281675,0.8764198,0.8535846,-0.314255,0.41549632,0.22854438,0.94261134,0.24341592
1356441160719,-0.48895615,-0.10300574,0.86620533,0.8426763,-0.31239748,0.4385254,0.22542977,0.94435036,0.23954922
1356441160759,-0.48646772,-0.08748159,0.8693078,0.84624684,-0.29463112,0.44391292,0.21729094,0.95159835,0.21735954
1356441160799,-0.4549172,-0.068408996,0.8879024,0.8657551,-0.26753515,0.42295757,0.20861098,0.9611167,0.18093175
1356441160839,-0.3901947,-0.047899067,0.91948557,0.898175,-0.23950076,0.36867487,0.20255825,0.9697139,0.1364736
1356441160879,-0.29442465,-0.028065592,0.9552624,0.93445253,-0.21793419,0.2816079,0.20028087,0.97555983,0.09039122
1356441160919,-0.17982602,-0.010732412,0.98363984,0.96280706,-0.20690596,0.17375988,0.20165607,0.97830194,0.047540337
1356441160963,-0.070730805,0.00344795,0.99748945,0.9758355,-0.20702022,0.06991097,0.2067416,0.9783305,0.011278123
1356441161000,0.002727151,0.015831113,0.99987096,0.9766119,-0.21500832,7.405877E-4,0.21499234,0.9764839,-0.01604718
1356441161040,0.028980732,0.027971864,0.99918854,0.9732208,-0.22883403,-0.02182144,0.22803798,0.97306347,-0.033854574
1356441161080,0.0069265366,0.042471856,0.9990736,0.9694147,-0.24540013,0.0037114024,0.24533045,0.968491,-0.042872638
1356441161120,-0.049938023,0.05938956,0.996985,0.9628116,-0.26251686,0.06386426,0.26551825,0.96309805,-0.044071376
1356441161160,-0.12520403,0.07735187,0.989111,0.9495912,-0.27945763,0.14205605,0.28740293,0.95703715,-0.038463444
1356441161200,-0.20356041,0.094407886,0.9745,0.9287555,-0.2963307,0.22271305,0.3098002,0.9504079,-0.027360588
1356441161230,-0.2696048,0.10908711,0.95677227,0.90496707,-0.31091756,0.29045635,0.3291623,0.9441559,-0.01489538
1356441161270,-0.33010375,0.12042987,0.9362309,0.8786251,-0.32333738,0.3513844,0.34503558,0.9385892,9.2214346E-4
1356441161310,-0.38277864,0.12909824,0.91477555,0.85330445,-0.33007234,0.40363827,0.35405105,0.93508613,0.016184509
1356441161350,-0.42615068,0.13488123,0.89454055,0.83252573,-0.32843453,0.44612965,0.35397246,0.9348464,0.027670443
1356441161391,-0.46100962,0.13739073,0.8766948,0.81806916,-0.31701058,0.47986156,0.3438501,0.93841785,0.03374988
1356441161430,-0.48778933,0.13588122,0.86232126,0.8104069,-0.29670948,0.50517726,0.32450297,0.9452512,0.034612656
1356441161470,-0.5041864,0.12949806,0.8538304,0.8104283,-0.2705984,0.51959836,0.29833215,0.9539428,0.031483173
1356441161510,-0.5037772,0.11741975,0.8558161,0.8210764,-0.24274367,0.5166325,0.26840678,0.96295804,0.025878191
1356441161550,-0.47667605,0.09876096,0.87351376,0.8466837,-0.21568829,0.48642096,0.23644608,0.971455,0.019194126
1356441161589,-0.40203792,0.071151614,0.9128542,0.8925431,-0.1919812,0.40805638,0.20428476,0.9788159,0.013677895
1356441161629,-0.24900001,0.03152001,0.9679904,0.95266324,-0.17205346,0.2506598,0.17444694,0.98458314,0.012813389
1356441161668,-0.0057047606,-0.020992875,0.99976337,0.9884399,-0.15159303,0.0024570227,0.15150559,0.98822004,0.021615058
1356441161709,0.21302208,-0.07509896,0.974157,0.9667566,-0.12812606,-0.22128126,0.14143279,0.98891044,0.04530871
1356441161749,0.24905491,-0.12094253,0.9609082,0.9572236,-0.12015283,-0.26322266,0.1472907,0.98536086,0.08584443
1356441161789,0.12629825,-0.15970844,0.9790516,0.97811586,-0.14445388,-0.14974165,0.16534278,0.97653794,0.13796905
1356441161847,-0.02157867,-0.18860221,0.98181653,0.98220253,-0.18727314,-0.014387071,0.18658128,0.9640322,0.18928668
1356441161869,-0.11049998,-0.20890573,0.9716729,0.9729006,-0.22253352,0.06279576,0.20311138,0.95228004,0.2278344
1356441161909,-0.129857,-0.22407123,0.9658826,0.9686159,-0.23689216,0.075268894,0.2119444,0.9453435,0.24780104
1356441161946,-0.08403051,-0.23526108,0.96829295,0.9731523,-0.22833139,0.028975725,0.21427476,0.94473124,0.24813157
1356441161976,-0.013385296,-0.23989344,0.97070706,0.9767127,-0.21103543,-0.03868565,0.21413398,0.94758403,0.23713163
1356441162019,0.143982,-0.23867762,0.96036565,0.96657944,-0.17410201,-0.1881828,0.21211657,0.9553646,0.20563328
1356441162059,0.3131995,-0.22388804,0.9229194,0.92611825,-0.14315894,-0.34901348,0.21026412,0.9640434,0.16250955
1356441162099,0.44872844,-0.20023721,0.8709465,0.86871487,-0.13095719,-0.47768676,0.20970741,0.97095585,0.11518486
1356441162139,0.535336,-0.17495048,0.82632184,0.81786853,-0.13698354,-0.558862,0.21096566,0.97500145,0.06975426
1356441162179,0.58092874,-0.15198097,0.7996397,0.7852583,-0.15391237,-0.59973377,0.21422243,0.9763263,0.029932141
1356441162219,0.5952338,-0.13240269,0.7925693,0.7729199,-0.17540029,-0.6097782,0.21975324,0.9755532,-0.002067484
1356441162259,0.5843858,-0.11643046,0.80307984,0.77863705,-0.1982323,-0.59533894,0.2285119,0.97321534,-0.025187105
1356441162299,0.55138373,-0.1036385,0.8277893,0.7986586,-0.22116593,-0.55966973,0.24108207,0.9697138,-0.039175525
1356441162339,0.49840575,-0.09382555,0.8618518,0.8276621,-0.24436021,-0.5052362,0.25800633,0.9651347,-0.044134706
1356441162379,0.42745584,-0.08663827,0.89987516,0.8597388,-0.26880848,-0.43427077,0.2795185,0.9592892,-0.040417477
1356441162419,0.34514582,-0.081443876,0.93500865,0.8879001,-0.2945081,-0.35340944,0.3041507,0.95217216,-0.029334173
1356441162459,0.2612151,-0.07794684,0.9621283,0.90759057,-0.31958175,-0.27229914,0.3287035,0.94434726,-0.012735739
1356441162499,0.18676579,-0.07536098,0.9795097,0.91874003,-0.3396904,-0.20131364,0.34790123,0.93751335,0.0057945997
1356441162539,0.12961507,-0.07320416,0.98885846,0.92506325,-0.3501398,-0.14717355,0.35701242,0.9338325,0.022335127
1356441162579,0.09256691,-0.07143074,0.99314094,0.93087596,-0.34781492,-0.11177969,0.3534138,0.9348382,0.03429705
1356441162619,0.07547873,-0.07039723,0.99465936,0.9384335,-0.3322193,-0.09472501,0.33711344,0.9405714,0.04098764
1356441162659,0.07807261,-0.0705148,0.9944508,0.94738126,-0.305364,-0.096030116,0.310441,0.9496213,0.042963773
1356441162699,0.1008966,-0.072065234,0.9922835,0.9552803,-0.27163035,-0.11686143,0.27795595,0.95969975,0.041435897
1356441162739,0.1448384,-0.07432461,0.9866599,0.95918906,-0.23420167,-0.15844807,0.24285403,0.9693427,0.037370026
1356441162779,0.21004707,-0.076717645,0.9746767,0.95532763,-0.19590032,-0.22129673,0.20791686,0.9776183,0.032142192
1356441162819,0.2894851,-0.07951152,0.95387435,0.9408289,-0.15978819,-0.29884535,0.17617953,0.9839439,0.028550476
1356441162859,0.36583787,-0.08638629,0.9266607,0.91806483,-0.12987626,-0.37455174,0.1527074,0.9877598,0.031794593
1356441162899,0.4155577,-0.10491893,0.9034954,0.8981136,-0.10980651,-0.4258338,0.1438877,0.9884,0.0485982
1356441162962,0.4228605,-0.14141387,0.89509284,0.8932486,-0.10132033,-0.43799666,0.15262988,0.98475194,0.08347337
1356441162980,0.39290527,-0.19199952,0.8993118,0.90311015,-0.10368934,-0.416702,0.1732556,0.97590196,0.13265663
1356441163020,0.34781766,-0.24317238,0.9054778,0.9171512,-0.11217469,-0.382427,0.19456738,0.963475,0.1840095
1356441163060,0.31445748,-0.280831,0.90678024,0.92634094,-0.11790806,-0.3577571,0.20738602,0.952487,0.22306824
1356441163100,0.30791807,-0.29868728,0.90331185,0.92800885,-0.11500406,-0.35436368,0.20972845,0.9473964,0.24177264
1356441163140,0.33031225,-0.29677442,0.8960016,0.9212773,-0.105090916,-0.3744385,0.20528534,0.94914746,0.23869866
1356441163180,0.37548104,-0.2784252,0.88402116,0.9051745,-0.09481838,-0.4143291,0.19918108,0.95576614,0.21642084
1356441163220,0.43083775,-0.24975687,0.8671795,0.8810275,-0.09162527,-0.46410686,0.19536948,0.9639638,0.1805671
1356441163260,0.48324826,-0.21792266,0.84792745,0.8533516,-0.09914759,-0.51182115,0.19560733,0.97091687,0.13805167
1356441163300,0.524006,-0.18852627,0.8305875,0.8279073,-0.116212815,-0.5486931,0.19996798,0.97516793,0.095186085
1356441163339,0.54950535,-0.16439745,0.8191565,0.80928636,-0.13889027,-0.57075834,0.20760408,0.9765669,0.056723684
1356441163379,0.559133,-0.14619365,0.81608677,0.80007315,-0.16293979,-0.5773504,0.21737802,0.97574484,0.025860623
1356441163419,0.5533861,-0.13367409,0.8221284,0.80077434,-0.18620309,-0.569288,0.22918192,0.97337544,0.0040005893
1356441163459,0.532773,-0.12614107,0.83680433,0.81032765,-0.20903179,-0.5474257,0.24397153,0.96973926,-0.009150922
1356441163499,0.49864614,-0.12279937,0.8580631,0.82593465,-0.23307323,-0.513331,0.26302826,0.96467465,-0.014796823
1356441163539,0.4542597,-0.12179452,0.8825046,0.84401023,-0.2582078,-0.47008044,0.28512272,0.9583815,-0.014497608
1356441163579,0.40464348,-0.12115201,0.90641373,0.86167216,-0.28141934,-0.42228454,0.306243,0.95190614,-0.009481177
1356441163619,0.35435084,-0.11924815,0.92747796,0.87800014,-0.2988855,-0.3738759,0.3217937,0.94680905,-0.0012104064
