1356440370102,0.5352408,0.27995545,-0.7969581,-0.7392408,-0.30125493,-0.60230255,-0.40870547,0.91152084,0.04571059
1356440370273,-0.59445024,-0.23171988,-0.77002263,-0.6928543,-0.338436,0.63672125,-0.40814438,0.9120126,0.04063523
1356440370310,-0.58122987,-0.2281287,-0.78110766,-0.704229,-0.33993256,0.62330365,-0.40771732,0.9123614,0.036924064
1356440370350,-0.5704378,-0.22541587,-0.78980273,-0.7132735,-0.3408234,0.61243796,-0.40723652,0.91270316,0.033635378
1356440370399,-0.56062514,-0.2224896,-0.7976201,-0.72151184,-0.3414268,0.602369,-0.40634972,0.91319555,0.03088355
1356440370440,-0.55134964,-0.2183252,-0.8052004,-0.72934026,-0.3424703,0.59226424,-0.40506345,0.9138097,0.029587507
1356440370493,-0.5462588,-0.21310335,-0.8100544,-0.7342099,-0.34365886,0.58552057,-0.40315878,0.9145958,0.031264126
1356440370531,-0.5408359,-0.2067152,-0.8153314,-0.738973,-0.3462283,0.57796603,-0.40176517,0.91509277,0.03449571
1356440370571,-0.5364583,-0.20048442,-0.81976736,-0.7422341,-0.35018885,0.5713635,-0.40162292,0.914972,0.039055407
1356440370610,-0.5312912,-0.19455954,-0.8245461,-0.745137,-0.3557921,0.564077,-0.4031135,0.91408896,0.0440557
1356440370652,-0.52482516,-0.18917629,-0.8299222,-0.74788356,-0.3631125,0.55571526,-0.4064833,0.91233855,0.049088717
1356440370700,-0.51788664,-0.18429431,-0.83536166,-0.7499554,-0.3719648,0.5470001,-0.41153413,0.90976804,0.054423094
1356440370740,-0.51244676,-0.17980811,-0.8396829,-0.75129616,-0.37968272,0.5398102,-0.41587538,0.9074745,0.059478104
1356440370780,-0.5099944,-0.17614833,-0.8419486,-0.75134444,-0.3853261,0.5357287,-0.41879252,0.905812,0.06416613
1356440370829,-0.50928956,-0.17339692,-0.8429458,-0.75104237,-0.38869017,0.5337184,-0.42018986,0.90490526,0.06772745
1356440370870,-0.50657606,-0.17174855,-0.84491605,-0.7523881,-0.3905146,0.53048134,-0.42106146,0.90443397,0.068603754
1356440370910,-0.4978056,-0.17127582,-0.8502083,-0.75769484,-0.39111084,0.5224279,-0.4220049,0.904266,0.06492227
1356440370950,-0.4809996,-0.17194849,-0.8596936,-0.76773703,-0.39088273,0.5077307,-0.42334288,0.9042369,0.056003213
1356440370991,-0.45160484,-0.17429721,-0.8750278,-0.78410125,-0.39042413,0.4824461,-0.42572096,0.9039854,0.039650798
1356440371031,-0.41243333,-0.17805204,-0.89341843,-0.80345094,-0.39114803,0.44885415,-0.42937815,0.9029401,0.01826632
1356440371071,-0.36211658,-0.18369219,-0.9138538,-0.8244394,-0.39433903,0.40595132,-0.43493825,0.9004188,-0.008646458
1356440371148,-0.31142974,-0.19070438,-0.93093675,-0.84183264,-0.3990932,0.3633765,-0.44082803,0.89685917,-0.036251634
1356440371149,-0.26716352,-0.19911757,-0.94285524,-0.8545227,-0.4033122,0.32730776,-0.4454377,0.89313585,-0.06240022
1356440371188,-0.23817497,-0.20974988,-0.94830257,-0.8620717,-0.40405983,0.3058891,-0.44733113,0.8903599,-0.08458257
1356440371231,-0.22626358,-0.22293949,-0.9482103,-0.8661176,-0.3993699,0.30057275,-0.44569618,0.8892703,-0.10272899
1356440371269,-0.23260468,-0.23972869,-0.94256306,-0.8672409,-0.3875379,0.31258202,-0.4402138,0.8901373,-0.11775935
1356440371309,-0.25466275,-0.25997576,-0.93142873,-0.8658159,-0.36769813,0.33935353,-0.43070835,0.8928665,-0.13145214
1356440371350,-0.28737313,-0.28279975,-0.91511804,-0.86219394,-0.3397566,0.37574872,-0.41717905,0.8969892,-0.1461913
1356440371389,-0.32445997,-0.30705258,-0.8946756,-0.856738,-0.30548733,0.41554487,-0.4009062,0.90133023,-0.1639452
1356440371431,-0.35448664,-0.33166742,-0.87426317,-0.8528987,-0.26855743,0.44770604,-0.38327935,0.9043637,-0.18767875
1356440371469,-0.37433362,-0.3564513,-0.85604715,-0.8509798,-0.23469412,0.46984255,-0.3683853,0.9043567,-0.2154789
1356440371513,-0.3729844,-0.3816777,-0.84569776,-0.85562485,-0.21105093,0.4726135,-0.35887137,0.8998775,-0.24785417
1356440371551,-0.35564822,-0.40577167,-0.8419404,-0.8649761,-0.19832301,0.4609602,-0.3540207,0.892198,-0.28044957
1356440371591,-0.33603895,-0.4241226,-0.8409506,-0.8741474,-0.19195706,0.44611531,-0.35063398,0.8850269,-0.30624062
1356440371632,-0.33192408,-0.43165785,-0.8387478,-0.8774672,-0.18507117,0.44249284,-0.34623355,0.8828478,-0.31733602
1356440371672,-0.3512568,-0.42637458,-0.83356065,-0.8720015,-0.17520434,0.45707428,-0.34092826,0.8874166,-0.31025755
1356440371711,-0.39901125,-0.40758228,-0.821381,-0.85326755,-0.16295087,0.49535996,-0.33574474,0.89851195,-0.2827574
1356440371752,-0.46462458,-0.37820137,-0.80067956,-0.8208828,-0.15512937,0.5496237,-0.33207738,0.9126328,-0.2383821
1356440371792,-0.53550416,-0.3432547,-0.77162915,-0.77697325,-0.15783739,0.609426,-0.33098024,0.9258853,-0.18217713
1356440371831,-0.5968982,-0.31029207,-0.7398861,-0.7301678,-0.17210835,0.6612365,-0.33251697,0.9349319,-0.12383419
1356440371873,-0.6456717,-0.2828269,-0.70930743,-0.6851795,-0.19547898,0.7016531,-0.3371011,0.9390404,-0.06757194
1356440371911,-0.6809786,-0.26276436,-0.6835372,-0.64631915,-0.22318834,0.7296975,-0.34429604,0.93869156,-0.017843127
1356440371952,-0.7039841,-0.25025892,-0.66466296,-0.6158755,-0.25096327,0.74680305,-0.35370013,0.9350871,0.022545815
1356440371991,-0.71601206,-0.24467605,-0.6538046,-0.59478205,-0.27648616,0.75484425,-0.36546022,0.92934877,0.052438438
1356440372033,-0.71799296,-0.24504788,-0.6514888,-0.5831291,-0.2993033,0.75523365,-0.38006118,0.92215455,0.072003186
1356440372073,-0.7096949,-0.25059992,-0.65843195,-0.5808764,-0.32069212,0.748157,-0.39864212,0.9134309,0.082026124
1356440372151,-0.6929308,-0.25913417,-0.6728271,-0.58599645,-0.34127116,0.7349436,-0.42006552,0.9035394,0.0846256
1356440372152,-0.6669718,-0.2700619,-0.6944171,-0.59795624,-0.36202067,0.7151149,-0.4445187,0.89219254,0.079972446
1356440372190,-0.6349389,-0.28091058,-0.7196818,-0.6140969,-0.3817163,0.69078046,-0.46876186,0.8805577,0.06986022
1356440372241,-0.59979236,-0.29067442,-0.7454914,-0.63266826,-0.39812213,0.6642511,-0.48987746,0.8700615,0.054890215
1356440372276,-0.56714016,-0.29772496,-0.7679271,-0.6524559,-0.40661412,0.63950485,-0.5026465,0.8637274,0.03635466
1356440372306,-0.5435298,-0.3013366,-0.78343564,-0.6683777,-0.40924942,0.6211168,-0.50778586,0.8612265,0.021032631
1356440372350,-0.535625,-0.30098248,-0.78899646,-0.68091846,-0.39867198,0.6143376,-0.49945566,0.8662968,0.008594155
1356440372389,-0.5441592,-0.29840994,-0.78411883,-0.68792784,-0.3762949,0.62061054,-0.48025626,0.87712806,-5.2016973E-4
1356440372430,-0.5689427,-0.29356208,-0.7681962,-0.6873393,-0.3431226,0.6401808,-0.4515183,0.8922378,-0.00655967
1356440372469,-0.60827214,-0.2868536,-0.74008113,-0.6755086,-0.30249572,0.6724466,-0.41676515,0.90896165,-0.00977236
1356440372509,-0.6581996,-0.2779043,-0.69967324,-0.65018547,-0.25867027,0.71438694,-0.37951583,0.92512643,-0.01043272
1356440372550,-0.71318763,-0.2662474,-0.64844096,-0.6118185,-0.21504569,0.7612053,-0.34211338,0.93961036,-0.009527147
1356440372590,-0.7659395,-0.25328568,-0.5909172,-0.56484294,-0.17387766,0.8066716,-0.3070656,0.951637,-0.00988692
1356440372631,-0.80750537,-0.24403076,-0.53701407,-0.51992714,-0.13551497,0.84339285,-0.27858722,0.9602524,-0.01744914
1356440372669,-0.8329741,-0.2464532,-0.4953937,-0.48676816,-0.09929544,0.86786926,-0.26307952,0.9640546,-0.03725499
1356440372711,-0.83605695,-0.2710183,-0.47703034,-0.47885016,-0.06392759,0.875566,-0.26778978,0.9604491,-0.076330125
1356440372751,-0.8228061,-0.3127673,-0.47451743,-0.49052176,-0.030837536,0.87088317,-0.28701672,0.9493291,-0.12804592
1356440372789,-0.8000866,-0.36015654,-0.47973812,-0.51316917,-0.0032498837,0.8582813,-0.31067473,0.9328862,-0.18222106
1356440372829,-0.78071445,-0.39584205,-0.4835225,-0.53267264,0.017007887,0.84615046,-0.32671824,0.9181611,-0.22413254
1356440372872,-0.77532595,-0.40834907,-0.4817891,-0.53866017,0.02929908,0.8420136,-0.32971948,0.91235554,-0.24267769
1356440372911,-0.7818424,-0.40056646,-0.4777751,-0.53247756,0.030366838,0.8458993,-0.32433033,0.9157644,-0.23703468
1356440372950,-0.7966078,-0.3783958,-0.47141558,-0.51536214,0.017537057,0.85679305,-0.3159396,0.92547774,-0.20898104
1356440372991,-0.8144758,-0.34865367,-0.4637563,-0.49067503,-0.012635112,0.87125105,-0.30962446,0.9371665,-0.16078472
1356440373030,-0.8282987,-0.32189766,-0.45858818,-0.46775696,-0.05326897,0.8822504,-0.30842286,0.9452747,-0.10644728
1356440373071,-0.8370049,-0.3022442,-0.4561482,-0.44792253,-0.100375175,0.88842005,-0.31430578,0.947931,-0.051367402
1356440373151,-0.84021753,-0.29150164,-0.45723224,-0.43284684,-0.14734495,0.88934416,-0.3266161,0.94515413,-0.002373755
1356440373153,-0.8382012,-0.28949293,-0.46218258,-0.42311874,-0.18948215,0.88604015,-0.34407765,0.93823797,0.036334157
1356440373190,-0.8314741,-0.2945891,-0.4710287,-0.4189995,-0.22422546,0.87986493,-0.36481524,0.9289458,0.06300497
1356440373232,-0.8206198,-0.3044614,-0.483618,-0.42053762,-0.25128818,0.8717811,-0.38695118,0.91878045,0.07817459
1356440373271,-0.80526346,-0.3179687,-0.50044644,-0.42823282,-0.27186894,0.8618027,-0.41008213,0.90828586,0.082761586
1356440373312,-0.78493965,-0.33378878,-0.52197194,-0.44240388,-0.2878564,0.8493629,-0.43376082,0.8976211,0.07828051
1356440373353,-0.7588218,-0.3512302,-0.5484767,-0.4633255,-0.30073702,0.8335986,-0.45773232,0.8866761,0.06547195
1356440373392,-0.7290094,-0.36635992,-0.578209,-0.48924384,-0.31190318,0.8144672,-0.47873336,0.8766395,0.048141062
1356440373432,-0.6982921,-0.3772442,-0.60833794,-0.5181231,-0.3200121,0.793184,-0.4938995,0.86906797,0.028002918
1356440373472,-0.6703453,-0.380658,-0.63697463,-0.54867077,-0.32367098,0.7708421,-0.49959737,0.86621976,0.008115411
1356440373511,-0.6478179,-0.37553307,-0.6628022,-0.57897896,-0.32273817,0.74874794,-0.49509117,0.8688009,-0.0083501935
1356440373553,-0.63466525,-0.3617986,-0.6828629,-0.6070121,-0.3134727,0.7302542,-0.47826385,0.87797296,-0.020665824
1356440373591,-0.6286522,-0.34226727,-0.698319,-0.6319494,-0.29851186,0.7152136,-0.4532507,0.89092296,-0.028635502
1356440373641,-0.63406855,-0.31640536,-0.7055812,-0.6506799,-0.27470905,0.70791996,-0.41781917,0.9079772,-0.031694293
1356440373676,-0.64863783,-0.2872303,-0.70481753,-0.661254,-0.24584395,0.70873404,-0.376845,0.92577505,-0.030468464
1356440373721,-0.66945434,-0.25875333,-0.6963316,-0.6626204,-0.2157371,0.7172111,-0.3358053,0.9415436,-0.027029157
1356440373763,-0.6933084,-0.233233,-0.68185467,-0.6564591,-0.1859374,0.7310873,-0.297296,0.95447874,-0.02419597
1356440373803,-0.7141737,-0.21582915,-0.6658632,-0.64747065,-0.15776134,0.74558246,-0.26596588,0.9636022,-0.027074099
1356440373848,-0.720365,-0.21685639,-0.65882283,-0.6470647,-0.1319291,0.750934,-0.24976279,0.9672476,-0.04528296
1356440373891,-0.7007175,-0.24503483,-0.67003953,-0.66646373,-0.11033541,0.7373278,-0.25460005,0.9632155,-0.08599293
1356440373931,-0.6586258,-0.28858525,-0.6949321,-0.7015937,-0.09830707,0.7057634,-0.27198964,0.95239395,-0.13772202
1356440373972,-0.599746,-0.3343482,-0.72699106,-0.7441697,-0.100906014,0.6603252,-0.2941363,0.93703216,-0.18829381
1356440374010,-0.5402905,-0.3669923,-0.7572336,-0.7809183,-0.11653203,0.6136667,-0.31345293,0.92289597,-0.22362989
1356440374049,-0.49863714,-0.37795848,-0.7800695,-0.80300707,-0.13745874,0.5799006,-0.32640576,0.9155613,-0.23496127
1356440374091,-0.48373365,-0.36800992,-0.7940847,-0.8093226,-0.15729266,0.56591165,-0.33316475,0.9164212,-0.22175103
1356440374147,-0.49890852,-0.34132993,-0.796608,-0.7992375,-0.17422736,0.57520807,-0.3351266,0.92365515,-0.18588018
1356440374171,-0.53352904,-0.3062218,-0.78840023,-0.7768737,-0.19110405,0.5999553,-0.33438593,0.93258107,-0.13593614
1356440374212,-0.57811654,-0.26925132,-0.77024984,-0.7447449,-0.21156019,0.6329274,-0.3333708,0.9395455,-0.07821709
1356440374251,-0.61866176,-0.23761125,-0.74886477,-0.7108309,-0.23669118,0.6623418,-0.33462957,0.94208175,-0.02246958
1356440374290,-0.6484171,-0.2143509,-0.7304853,-0.68079454,-0.26615375,0.6824081,-0.34069622,0.9397956,0.026649773
1356440374329,-0.66393626,-0.19965161,-0.7206442,-0.6602867,-0.29584044,0.6902898,-0.35101312,0.93414015,0.064591825
1356440374370,-0.66459966,-0.19215576,-0.7220689,-0.651516,-0.32411206,0.6859142,-0.36583364,0.92629784,0.090212226
1356440374410,-0.6500757,-0.18950745,-0.73585904,-0.65520835,-0.35066044,0.66913325,-0.3848424,0.91712826,0.10378897
1356440374449,-0.62241954,-0.18841206,-0.75966763,-0.6691246,-0.3754269,0.64134777,-0.4060373,0.9074997,0.10760182
1356440374491,-0.57969546,-0.18839797,-0.7927543,-0.6920891,-0.39966607,0.60106546,-0.43007648,0.89709157,0.101296425
1356440374529,-0.52471244,-0.18638209,-0.8306254,-0.7200333,-0.42334747,0.5498445,-0.45412433,0.8865882,0.087934375
1356440374570,-0.46043295,-0.18277863,-0.8686734,-0.74890435,-0.4454059,0.49066877,-0.47659606,0.8764733,0.06819585
1356440374609,-0.39309824,-0.17677465,-0.902344,-0.77554953,-0.46344358,0.4286527,-0.4939604,0.8683149,0.045081317
1356440374651,-0.33130956,-0.16908213,-0.92824847,-0.79824233,-0.47428453,0.37129965,-0.50303406,0.8639823,0.02216649
1356440374689,-0.28229225,-0.16120121,-0.9456878,-0.8178098,-0.47488672,0.32506886,-0.50149596,0.8651571,0.0022248626
1356440374730,-0.2503391,-0.15494305,-0.95567936,-0.8358253,-0.46357322,0.2941019,-0.48859638,0.8724062,-0.0134548545
1356440374770,-0.23831236,-0.15171367,-0.9592654,-0.8534501,-0.43867403,0.28140348,-0.46349758,0.88574713,-0.024938554
1356440374812,-0.24771625,-0.1530863,-0.95666146,-0.86776114,-0.40405995,0.28935477,-0.43084487,0.9018315,-0.03275013
1356440374854,-0.28067493,-0.15777966,-0.9467455,-0.8765001,-0.35981387,0.31981453,-0.39111245,0.91958654,-0.03730312
1356440374893,-0.33968157,-0.16671601,-0.9256469,-0.8727732,-0.31093442,0.37628025,-0.3505474,0.93569523,-0.039886653
1356440374935,-0.41675466,-0.17553481,-0.8919098,-0.85459244,-0.2587536,0.45024246,-0.3098181,0.94986004,-0.04217398
1356440374972,-0.5057741,-0.18555632,-0.8424733,-0.8179507,-0.20718539,0.53668505,-0.2741335,0.9605431,-0.046986878
1356440375015,-0.57493716,-0.19840434,-0.7937777,-0.7792475,-0.16298765,0.60515153,-0.24944067,0.96647334,-0.060898423
1356440375054,-0.6172963,-0.21927014,-0.7555567,-0.74942243,-0.12834871,0.6495326,-0.23939782,0.9671852,-0.08509678
1356440375092,-0.610841,-0.2543826,-0.7497752,-0.7518064,-0.110643506,0.6500347,-0.2483153,0.9607536,-0.12366086
1356440375147,-0.5628486,-0.29978698,-0.7702786,-0.7810406,-0.11209184,0.61433786,-0.27051243,0.9473981,-0.17105508
1356440375172,-0.49448037,-0.34230042,-0.798949,-0.81725204,-0.12987965,0.5614538,-0.29595312,0.9305706,-0.21552283
1356440375211,-0.43366528,-0.37031877,-0.82146114,-0.8434669,-0.15390271,0.5146626,-0.31701428,0.91606665,-0.24560934
1356440375252,-0.40120763,-0.38007417,-0.8334123,-0.85419965,-0.17325926,0.49022877,-0.33071968,0.908584,-0.25514632
1356440375291,-0.40676564,-0.37306353,-0.8338856,-0.8488617,-0.18298364,0.49593416,-0.33760244,0.9095826,-0.24224788
1356440375331,-0.44636667,-0.35277873,-0.82237697,-0.82787305,-0.18605065,0.5291609,-0.33968055,0.9170236,-0.20900917
1356440375372,-0.50864834,-0.32332492,-0.7979586,-0.79150426,-0.1891241,0.5811653,-0.33881843,0.9271964,-0.15971535
1356440375411,-0.57049066,-0.29216558,-0.7675804,-0.7489216,-0.19857383,0.6322064,-0.3371303,0.93552536,-0.1055246
1356440375452,-0.62327754,-0.2637388,-0.736184,-0.7057285,-0.21581954,0.6748106,-0.3368566,0.9401403,-0.051612556
1356440375491,-0.65960425,-0.2415547,-0.7117397,-0.67062926,-0.238437,0.7024274,-0.33937973,0.9406376,-0.004719615
1356440375531,-0.679984,-0.22622347,-0.6974558,-0.6466182,-0.26345724,0.71587366,-0.34569722,0.9377703,0.032866538
1356440375571,-0.6866196,-0.21678649,-0.6939431,-0.63417673,-0.28813136,0.7174957,-0.35549015,0.93272924,0.060355723
1356440375611,-0.68185955,-0.21199894,-0.70008856,-0.6321308,-0.31081575,0.70979166,-0.36807364,0.9265257,0.07792163
1356440375652,-0.6660107,-0.21129498,-0.71539086,-0.6399096,-0.33100832,0.6935049,-0.38333446,0.91966724,0.08524543
1356440375691,-0.63979876,-0.2137052,-0.73823273,-0.6559051,-0.34880376,0.6694209,-0.40055704,0.9125053,0.082993865
1356440375732,-0.6001396,-0.22000203,-0.7690459,-0.6799556,-0.36606824,0.635338,-0.42129892,0.9042086,0.07010043
1356440375771,-0.55092585,-0.22792865,-0.80282575,-0.7066332,-0.38441008,0.5940525,-0.44401592,0.8945822,0.05071956
1356440375812,-0.49713922,-0.2362929,-0.8348762,-0.7311668,-0.40398157,0.5497218,-0.46716997,0.883722,0.028065562
1356440375871,-0.44923973,-0.24260288,-0.8598416,-0.74947655,-0.4215082,0.5105054,-0.48628032,0.8737704,0.0075330734
1356440375889,-0.4164614,-0.24575645,-0.87530774,-0.7612601,-0.43208522,0.4835136,-0.49703413,0.86770165,-0.0071377456
1356440375930,-0.40324318,-0.24590224,-0.8814347,-0.76863235,-0.4316879,0.47206983,-0.49658766,0.86785805,-0.014933258
1356440375966,-0.40910524,-0.24400976,-0.8792566,-0.77278435,-0.4197386,0.47605038,-0.48521888,0.8742304,-0.016849756
1356440376010,-0.43337077,-0.24007434,-0.8686508,-0.77286226,-0.39676565,0.4952383,-0.46354476,0.88596916,-0.013597846
1356440376063,-0.47908103,-0.23232031,-0.8464683,-0.76532584,-0.36167043,0.5324198,-0.4298345,0.9028963,-0.004531324
1356440376104,-0.53738123,-0.22411722,-0.8130146,-0.7461527,-0.32293773,0.582209,-0.39303613,0.9195013,0.0063150525
1356440376143,-0.5963199,-0.21389219,-0.7737265,-0.7195004,-0.28500825,0.63331616,-0.35597986,0.9343556,0.01606065
1356440376179,-0.64934874,-0.20236985,-0.7330707,-0.6905316,-0.2469486,0.67983997,-0.3186099,0.94766176,0.020612955
1356440376223,-0.68984944,-0.19471966,-0.69727474,-0.66529304,-0.20927721,0.71665066,-0.2854697,0.9582731,0.014824152
1356440376262,-0.7066008,-0.19941165,-0.67893326,-0.65654737,-0.17311794,0.73414963,-0.2639335,0.9645025,-0.00859791
1356440376301,-0.6935287,-0.22292118,-0.68507224,-0.67200106,-0.14258647,0.7266936,-0.25967747,0.9643522,-0.05091542
1356440376341,-0.6526859,-0.26157948,-0.71103966,-0.7077707,-0.12431437,0.69541836,-0.2702996,0.9571427,-0.10400003
1356440376381,-0.596263,-0.3020158,-0.7438123,-0.74957895,-0.12225658,0.65052646,-0.28740522,0.94543093,-0.15348768
1356440376421,-0.5432153,-0.32918277,-0.7723702,-0.78345656,-0.13199288,0.60726744,-0.30184934,0.9349955,-0.18619984
1356440376461,-0.5084239,-0.33660287,-0.792593,-0.80348796,-0.14559203,0.5772435,-0.30969703,0.9303233,-0.19643384
1356440376501,-0.4946763,-0.32510722,-0.80597806,-0.8114079,-0.15942681,0.5623169,-0.3113078,0.9321418,-0.1849299
1356440376542,-0.4992752,-0.298928,-0.8132442,-0.8091253,-0.17485482,0.5610186,-0.30990383,0.9381193,-0.15456957
1356440376581,-0.5106157,-0.26649168,-0.8174679,-0.80206597,-0.1949107,0.5645353,-0.30977723,0.9439238,-0.11421937
1356440376622,-0.5251461,-0.23276746,-0.81856024,-0.7909155,-0.22154933,0.5704109,-0.31412455,0.9469611,-0.06775361
1356440376661,-0.5358859,-0.20293725,-0.81953824,-0.7801525,-0.25208104,0.5725533,-0.3227824,0.946188,-0.02323538
1356440376702,-0.54157597,-0.17928618,-0.8213112,-0.7707168,-0.28424668,0.5702627,-0.3356952,0.94183886,0.01576227
1356440376741,-0.54105306,-0.16249067,-0.82514155,-0.76385564,-0.3155222,0.56300133,-0.35183287,0.9349025,0.04659474
1356440376781,-0.533948,-0.152304,-0.83168685,-0.75995517,-0.3447308,0.5510252,-0.37063146,0.9262635,0.06832409
1356440376822,-0.5193915,-0.14830616,-0.84156865,-0.7592087,-0.3719322,0.5341054,-0.39221758,0.91633606,0.080583096
1356440376861,-0.49775797,-0.14904875,-0.85441303,-0.7612977,-0.39688432,0.51274633,-0.41552725,0.90568614,0.08408183
1356440376902,-0.46767086,-0.15462056,-0.8702738,-0.76594996,-0.4204948,0.4863177,-0.4411403,0.89402276,0.07822147
1356440376941,-0.43190712,-0.16244847,-0.8871679,-0.7721284,-0.4417668,0.456793,-0.46612662,0.8822996,0.065371156
1356440376981,-0.39360112,-0.17118028,-0.90320295,-0.779382,-0.4588759,0.42661077,-0.48748535,0.8718545,0.04719922
1356440377021,-0.3579896,-0.17821807,-0.9165597,-0.7880519,-0.46883506,0.39895847,-0.50081694,0.8651197,0.027393013
1356440377062,-0.3298397,-0.1819438,-0.9263381,-0.79907537,-0.4686848,0.37658077,-0.5026771,0.86442524,0.00920403
1356440377100,-0.3118068,-0.1820116,-0.93254936,-0.81306636,-0.4567303,0.36099944,-0.4916296,0.87078655,-0.005575955
1356440377151,-0.3048423,-0.17894709,-0.9354406,-0.82909334,-0.4334932,0.3531117,-0.46869546,0.8832109,-0.016216755
1356440377183,-0.30917203,-0.17357162,-0.93503237,-0.8448181,-0.40134346,0.35384443,-0.43668643,0.8993311,-0.022552282
1356440377222,-0.32454032,-0.16680518,-0.93104756,-0.8573344,-0.36393303,0.36404744,-0.399564,0.9163672,-0.02489686
1356440377264,-0.35102713,-0.15859348,-0.9228369,-0.86477786,-0.32303476,0.38445768,-0.3590809,0.933004,-0.02375412
1356440377303,-0.385907,-0.15072858,-0.91014105,-0.86557615,-0.28213602,0.41373572,-0.31914538,0.9474598,-0.021588802
1356440377345,-0.42001522,-0.14660075,-0.8955978,-0.86191463,-0.24445766,0.44423386,-0.2840608,0.95851374,-0.023681343
1356440377384,-0.44299966,-0.1531716,-0.8833401,-0.8575844,-0.21482211,0.46733326,-0.2613432,0.96456724,-0.036191463
1356440377422,-0.43502206,-0.18025023,-0.8821937,-0.8622177,-0.19896716,0.46582466,-0.25949264,0.96328706,-0.068859816
1356440377461,-0.39921886,-0.22239533,-0.88947433,-0.87536347,-0.1960895,0.44191375,-0.27269608,0.95503366,-0.1163941
1356440377501,-0.3439557,-0.268432,-0.8997992,-0.8922099,-0.20525026,0.40228572,-0.29267037,0.9411783,-0.16890067
1356440377541,-0.29041022,-0.30154815,-0.9081468,-0.9052578,-0.22099042,0.36286572,-0.31011325,0.9274869,-0.20880097
1356440377583,-0.2554493,-0.31329364,-0.9146545,-0.9116275,-0.23702323,0.3357907,-0.3219954,0.9196016,-0.22505975
1356440377621,-0.24607676,-0.30274174,-0.9207572,-0.91184187,-0.24977309,0.32581863,-0.32861927,0.9197613,-0.21458924
1356440377661,-0.25994438,-0.27403513,-0.92592317,-0.9071064,-0.25943017,0.33144236,-0.33103925,0.92606735,-0.18114167
1356440377702,-0.29129547,-0.23295683,-0.9278351,-0.8978103,-0.26828343,0.34922862,-0.33027795,0.93474865,-0.13100123
1356440377741,-0.32842642,-0.18771201,-0.9256891,-0.8856105,-0.2795264,0.37088948,-0.32837498,0.9416099,-0.07443583
1356440377781,-0.3643024,-0.14444074,-0.9200112,-0.87159383,-0.29509807,0.39146036,-0.32803637,0.9444861,-0.018388748
1356440377821,-0.39109093,-0.10788205,-0.9140073,-0.85856247,-0.31498235,0.4045449,-0.33153927,0.94294626,0.030563235
1356440377862,-0.40409237,-0.08036578,-0.911181,-0.8490746,-0.33759755,0.40632528,-0.3402671,0.9378535,0.06818402
1356440377903,-0.40105408,-0.06169662,-0.9139744,-0.8449465,-0.36050206,0.39509967,-0.35386598,0.9307158,0.0924505
1356440377941,-0.3838554,-0.049641013,-0.92205787,-0.84585315,-0.38163346,0.3726772,-0.37038824,0.9229797,0.104503065
1356440377982,-0.35120416,-0.04430893,-0.93524987,-0.8507105,-0.4021232,0.33850926,-0.3910846,0.9145128,0.10353324
1356440378021,-0.30569893,-0.04259917,-0.9511748,-0.85701287,-0.42293143,0.2943775,-0.41482192,0.9051599,0.09278157
1356440378063,-0.24920696,-0.0446876,-0.9674187,-0.86156666,-0.4459569,0.24253938,-0.4422655,0.8939382,0.07263422
1356440378101,-0.19076109,-0.04681897,-0.9805193,-0.8629625,-0.46808565,0.19024098,-0.4678739,0.882442,0.048889518
1356440378149,-0.13662595,-0.04880482,-0.9894197,-0.86223775,-0.48588902,0.14303112,-0.4877288,0.8726568,0.024303675
1356440378181,-0.09203732,-0.049379468,-0.9945305,-0.86241865,-0.4953121,0.10440394,-0.49775833,0.86731064,0.0030013323
1356440378222,-0.059673607,-0.048948884,-0.99701715,-0.8663216,-0.4936574,0.076087445,-0.49590924,0.8682779,-0.012947202
1356440378261,-0.04031968,-0.048766404,-0.9979961,-0.87539434,-0.47981852,0.0588125,-0.48172507,0.8760115,-0.023343742
1356440378303,-0.03481716,-0.05044943,-0.9981195,-0.88849616,-0.4556926,0.054025948,-0.45756122,0.8887064,-0.028958172
1356440378343,-0.045255005,-0.05464837,-0.99747956,-0.90428495,-0.42208213,0.06415123,-0.42452407,0.9049089,-0.030316353
1356440378383,-0.075423956,-0.06260064,-0.9951846,-0.91901803,-0.3829087,0.09373772,-0.3869329,0.9216627,-0.028650612
1356440378424,-0.12654954,-0.07314789,-0.98925966,-0.92999077,-0.33821332,0.1439758,-0.34511226,0.93822235,-0.025226176
1356440378463,-0.20065516,-0.08848378,-0.97565776,-0.9311192,-0.29238278,0.21801195,-0.30455607,0.952199,-0.02372083
1356440378505,-0.27713805,-0.10913506,-0.95461196,-0.9218862,-0.2497896,0.29619423,-0.2707773,0.9621303,-0.03138393
1356440378543,-0.34220356,-0.13897926,-0.9292909,-0.9055715,-0.21506459,0.36563292,-0.25067297,0.96666026,-0.052259803
1356440378582,-0.35924423,-0.17974454,-0.9157705,-0.89916414,-0.19609243,0.39121816,-0.24989492,0.9639708,-0.09117478
1356440378620,-0.33013922,-0.22598508,-0.91648173,-0.90632296,-0.19544595,0.37467265,-0.26379308,0.9543226,-0.1402911
1356440378660,-0.2815501,-0.26603094,-0.9219312,-0.91698074,-0.20839614,0.34017268,-0.28262335,0.9411688,-0.18527126
1356440378701,-0.2518626,-0.29186893,-0.92270136,-0.9210441,-0.22036731,0.32111678,-0.29705724,0.93072593,-0.21332186
1356440378741,-0.26780576,-0.30326578,-0.9144999,-0.91453326,-0.21865076,0.34032443,-0.30316487,0.9274814,-0.21879065
1356440378781,-0.34008855,-0.30249462,-0.8904139,-0.89053166,-0.20062757,0.4082915,-0.30214754,0.931797,-0.20114988
1356440378821,-0.45072538,-0.29228282,-0.8434557,-0.8412634,-0.1769132,0.5108597,-0.29853395,0.9398258,-0.16614759
1356440378861,-0.57207257,-0.275393,-0.77258766,-0.764835,-0.16110194,0.62375766,-0.2962439,0.9477367,-0.118468225
1356440378901,-0.6711818,-0.25760263,-0.69509417,-0.6787923,-0.16327149,0.71594936,-0.2979195,0.95235676,-0.06527382
1356440378951,-0.7381736,-0.24337023,-0.6291825,-0.6000783,-0.18925339,0.77723175,-0.30822998,0.9512908,-0.006339371
1356440378986,-0.76979434,-0.23546492,-0.5932731,-0.5515387,-0.2224651,0.8039368,-0.32128143,0.9460791,0.04138428
1356440379028,-0.775746,-0.23310994,-0.586411,-0.53256804,-0.25664276,0.80653936,-0.33851048,0.93797344,0.07494277
1356440379068,-0.7623339,-0.23254369,-0.6039622,-0.5388465,-0.28881633,0.79134655,-0.35845682,0.9287133,0.0948692
1356440379110,-0.73022693,-0.23232757,-0.6424894,-0.56652707,-0.31970346,0.75949776,-0.3818583,0.9185933,0.101836145
1356440379152,-0.6774913,-0.23045745,-0.6984948,-0.61143565,-0.35139936,0.70898867,-0.40884233,0.90741825,0.09716004
1356440379188,-0.60546196,-0.22510403,-0.76337665,-0.66471285,-0.3844669,0.6405794,-0.43769008,0.8952728,0.083150506
1356440379230,-0.5216209,-0.21591574,-0.82540417,-0.7154457,-0.4163676,0.56104857,-0.46481076,0.8831865,0.06271005
1356440379269,-0.4375295,-0.20439386,-0.875666,-0.7566373,-0.44250262,0.48134333,-0.4858682,0.8731635,0.038955957
1356440379310,-0.3662972,-0.19295043,-0.9102728,-0.786592,-0.45839936,0.41369444,-0.497091,0.8675484,0.016137123
1356440379350,-0.31683677,-0.18419361,-0.93042314,-0.8087413,-0.460038,0.3664731,-0.49553204,0.8685838,-0.0032080114
1356440379390,-0.2930463,-0.18026152,-0.9389514,-0.8252673,-0.44818223,0.3436083,-0.48276064,0.875579,-0.017425835
1356440379437,-0.30031246,-0.18149456,-0.9364144,-0.83777976,-0.41914475,0.34991798,-0.45600146,0.88959384,-0.026178032
1356440379472,-0.338629,-0.19055963,-0.9214214,-0.83925986,-0.38158053,0.38734892,-0.42540956,0.9044796,-0.03071481
1356440379514,-0.40672052,-0.20169431,-0.89100945,-0.8264274,-0.33444822,0.45294833,-0.38935363,0.920578,-0.030658722
1356440379553,-0.50538623,-0.21571398,-0.8354952,-0.78750646,-0.2804932,0.5487779,-0.35272974,0.9353027,-0.02811879
1356440379592,-0.61463934,-0.22548096,-0.75589466,-0.72240275,-0.22393847,0.6542062,-0.31678495,0.9481613,-0.02524668
1356440379633,-0.7135749,-0.23090117,-0.6614344,-0.6398019,-0.16986012,0.7495339,-0.28541958,0.9580356,-0.026523113
1356440379672,-0.77981275,-0.23707907,-0.5793838,-0.5673718,-0.123441935,0.8141568,-0.26453978,0.9636159,-0.038250387
1356440379715,-0.80334336,-0.25520343,-0.5380619,-0.53551316,-0.085668385,0.8401706,-0.2605093,0.9630847,-0.067843676
1356440379753,-0.7960679,-0.28641582,-0.5331434,-0.5417157,-0.055572927,0.8387227,-0.26985177,0.9564923,-0.11091614
1356440379790,-0.7633297,-0.32726178,-0.55698067,-0.5786439,-0.03697151,0.81474185,-0.28722632,0.9442102,-0.16114652
1356440379831,-0.72431844,-0.3642279,-0.58540654,-0.61920226,-0.029786825,0.78466636,-0.30323476,0.9308334,-0.20395559
1356440379871,-0.70082504,-0.3851707,-0.6004064,-0.6414751,-0.02786398,0.76663774,-0.3120161,0.9224246,-0.22754961
1356440379911,-0.70495427,-0.38566285,-0.5952341,-0.63644916,-0.026392817,0.770867,-0.3130046,0.9222622,-0.22684908
1356440379952,-0.7339249,-0.36757123,-0.57117915,-0.604946,-0.028651178,0.7957509,-0.30886006,0.9295539,-0.20133293
1356440379991,-0.76833355,-0.34096485,-0.5416701,-0.5632423,-0.041784167,0.82523465,-0.3040092,0.939147,-0.15994167
1356440380032,-0.8004872,-0.31229565,-0.5115581,-0.51798147,-0.068917274,0.85261106,-0.30152193,0.9474819,-0.10659593
1356440380071,-0.82204574,-0.2885825,-0.49087784,-0.48212618,-0.105942905,0.86967266,-0.3029773,0.95157576,-0.05204332
1356440380112,-0.8328456,-0.27222693,-0.48193437,-0.4587804,-0.14759779,0.87620515,-0.30965906,0.95084566,-0.0019661784
1356440380151,-0.83358145,-0.26319423,-0.48566532,-0.44940892,-0.18811345,0.8732955,-0.3212065,0.9462252,0.03852606
1356440380191,-0.8253444,-0.2601411,-0.5011319,-0.45323882,-0.22404993,0.86277235,-0.33672115,0.93921673,0.06701237
1356440380231,-0.8083061,-0.2614841,-0.5275106,-0.46929777,-0.25488883,0.84545326,-0.3555291,0.93094456,0.08331424
1356440380270,-0.7812647,-0.2659484,-0.56470966,-0.49703616,-0.2822231,0.8205519,-0.37759855,0.92174923,0.08830494
1356440380312,-0.742144,-0.27225596,-0.6124533,-0.53553385,-0.30858922,0.7861147,-0.40302092,0.9113997,0.083215356
1356440380351,-0.69026107,-0.27838743,-0.66786224,-0.581578,-0.33567715,0.7410046,-0.43047243,0.8999007,0.06980091
1356440380391,-0.62969995,-0.28155497,-0.72401994,-0.62898374,-0.36219215,0.68789274,-0.45591396,0.88856274,0.0509789
1356440380431,-0.5685314,-0.28012162,-0.77350116,-0.6720631,-0.38411248,0.6330789,-0.4744505,0.87976676,0.030120611
1356440380471,-0.51612943,-0.27395445,-0.81151664,-0.70780426,-0.39710772,0.5842247,-0.48231053,0.87593055,0.0110529065
1356440380512,-0.48028022,-0.2647034,-0.83621943,-0.7359277,-0.397102,0.5483797,-0.47722244,0.87877303,-0.0040822625
1356440380551,-0.46408862,-0.25494444,-0.84830713,-0.7564244,-0.38426268,0.52930546,-0.46091625,0.8873249,-0.014514267
1356440380598,-0.47414356,-0.24527767,-0.84559256,-0.7676959,-0.35506022,0.533456,-0.43108112,0.90209264,-0.019949138
1356440380633,-0.5070929,-0.2389822,-0.82809675,-0.76503384,-0.3177095,0.56016415,-0.39696345,0.9175773,-0.021721244
1356440380672,-0.5608302,-0.23208368,-0.79473686,-0.7464468,-0.2735275,0.6066299,-0.35817134,0.93344516,-0.01983565
1356440380713,-0.63340753,-0.2242853,-0.7406018,-0.7057866,-0.22495812,0.67175823,-0.31726992,0.9482035,-0.01580739
1356440380752,-0.7124538,-0.21472554,-0.66805875,-0.64444816,-0.17649013,0.74400115,-0.27766186,0.9605957,-0.01263833
1356440380791,-0.7805294,-0.20676318,-0.5899346,-0.5750536,-0.13256758,0.80730367,-0.24512689,0.9693682,-0.015427053
1356440380833,-0.8230876,-0.20980985,-0.5277374,-0.52001053,-0.09510881,0.84884834,-0.22828922,0.97310543,-0.03082043
1356440380874,-0.8331095,-0.23492773,-0.5007371,-0.5009847,-0.06314993,0.86314917,-0.23439914,0.9699594,-0.06508446
1356440380911,-0.8166916,-0.2807093,-0.5041995,-0.5159634,-0.036107957,0.8558493,-0.25845048,0.9591134,-0.11534667
1356440380951,-0.7817494,-0.33668017,-0.52489454,-0.5525009,-0.016349733,0.8333519,-0.28915495,0.9414771,-0.1732347
1356440380990,-0.7453891,-0.3856389,-0.5437626,-0.5880462,-0.0038428307,0.8088183,-0.31400132,0.9226418,-0.22390914
1356440381032,-0.7247185,-0.4151842,-0.54991364,-0.6060254,0.004282415,0.7954337,-0.32789657,0.9097273,-0.25471568
1356440381071,-0.7247674,-0.42333296,-0.54360044,-0.6029713,0.007963598,0.7977231,-0.3333735,0.90593916,-0.26102936
1356440381112,-0.74683297,-0.41061476,-0.52310234,-0.5753882,0.0046040416,0.8178675,-0.33342007,0.9117973,-0.23970133
1356440381158,-0.7762911,-0.38590103,-0.49845016,-0.53686094,-0.00969094,0.8436151,-0.3303824,0.92248935,-0.1996522
1356440381193,-0.8091524,-0.353122,-0.46965647,-0.49007785,-0.03540957,0.87095916,-0.3241852,0.93490696,-0.14440554
1356440381231,-0.83390397,-0.32193637,-0.44828698,-0.45150542,-0.06919265,0.8895815,-0.3174068,0.94422954,-0.08765596
1356440381272,-0.8492276,-0.29694864,-0.4366164,-0.424567,-0.10761058,0.89897877,-0.31393507,0.9488105,-0.03468865
1356440381310,-0.85302925,-0.28138548,-0.43950355,-0.41417724,-0.14732248,0.8981945,-0.31748766,0.9482185,0.009126842
1356440381351,-0.8458228,-0.2752328,-0.45697996,-0.4197477,-0.1853137,0.8885216,-0.32923493,0.9433481,0.041214228
1356440381392,-0.82880974,-0.2763123,-0.4865449,-0.43830943,-0.21988082,0.8715143,-0.34779203,0.9355768,0.061129093
1356440381431,-0.8030104,-0.2817573,-0.5251544,-0.466825,-0.25039375,0.8481612,-0.37047094,0.92623746,0.06953734
1356440381471,-0.76815873,-0.2894837,-0.57107896,-0.5036545,-0.277489,0.8181271,-0.39530265,0.91607803,0.06735599
1356440381511,-0.722824,-0.29808,-0.62343705,-0.54766405,-0.303074,0.7798783,-0.4214137,0.9051488,0.05582142
1356440381551,-0.66745013,-0.30546948,-0.6791161,-0.59540236,-0.3287959,0.7330684,-0.44722062,0.8936339,0.03757769
1356440381591,-0.60779417,-0.30894387,-0.7315326,-0.6407088,-0.3534357,0.6815977,-0.46912515,0.88297045,0.01687318
1356440381631,-0.55433995,-0.306718,-0.7737127,-0.67817926,-0.37243336,0.6335347,-0.48247296,0.8759095,-0.0015550852
1356440381672,-0.51723,-0.29920167,-0.8018426,-0.7064255,-0.37965685,0.59734714,-0.48315227,0.87540793,-0.014993787
1356440381711,-0.49973685,-0.2888031,-0.8166124,-0.7265843,-0.3734566,0.5767195,-0.47152764,0.8815458,-0.02320975
1356440381752,-0.5047719,-0.27681595,-0.81766635,-0.73855394,-0.35190237,0.5750676,-0.44692665,0.8941687,-0.02681309
1356440381802,-0.53384537,-0.26355833,-0.8034588,-0.73937505,-0.31554466,0.59477395,-0.41028476,0.9115748,-0.026416421
1356440381842,-0.5765117,-0.25289276,-0.7769681,-0.7265501,-0.2764042,0.6290673,-0.3738438,0.9271709,-0.024389029
1356440381883,-0.62270975,-0.24287707,-0.74380326,-0.7044862,-0.23962784,0.6680402,-0.3404876,0.9399943,-0.021884918
1356440381923,-0.66665506,-0.23453906,-0.7075044,-0.6768551,-0.20702547,0.70640475,-0.31215096,0.9498063,-0.02073437
1356440381964,-0.70087147,-0.23036958,-0.67506224,-0.65131897,-0.17914319,0.7373543,-0.29079676,0.95647144,-0.024487734
1356440382018,-0.72084916,-0.23393808,-0.65241826,-0.6347872,-0.15505981,0.7569687,-0.27824765,0.959807,-0.036726236
1356440382041,-0.71844244,-0.2514149,-0.64856076,-0.6377951,-0.13399643,0.7584606,-0.27759314,0.9585591,-0.06408244
1356440382080,-0.69286895,-0.2834933,-0.6629964,-0.6615442,-0.115876555,0.74089944,-0.28686577,0.95194757,-0.107256055
1356440382130,-0.6424463,-0.32797047,-0.69260246,-0.704546,-0.10275,0.70218045,-0.3014593,0.9390835,-0.16505891
1356440382168,-0.58623135,-0.3626004,-0.72446793,-0.7481809,-0.100681484,0.6558113,-0.3107379,0.9264903,-0.21226805
1356440382200,-0.535672,-0.3824219,-0.7528671,-0.7836974,-0.10685074,0.6118834,-0.31444204,0.91778886,-0.24246603
1356440382249,-0.5182433,-0.37515366,-0.7685594,-0.797328,-0.1131078,0.59285295,-0.309341,0.9200361,-0.24050319
1356440382290,-0.49804634,-0.35185766,-0.79255664,-0.81218684,-0.13093996,0.5685132,-0.3038131,0.92685,-0.22056001
1356440382331,-0.49123752,-0.31657574,-0.8114589,-0.8173342,-0.1544897,0.55506563,-0.3010823,0.9359021,-0.18285698
1356440382371,-0.48887283,-0.2769465,-0.82722676,-0.8183212,-0.18296075,0.5448631,-0.3022479,0.94330597,-0.1371867
1356440382410,-0.4937303,-0.23542762,-0.83714044,-0.8130448,-0.21656555,0.54042345,-0.30852637,0.9474562,-0.08448821
1356440382450,-0.5001962,-0.1968509,-0.8432398,-0.8052155,-0.25243014,0.53656965,-0.31848335,0.9473799,-0.032242715
1356440382491,-0.50604403,-0.16402054,-0.8467684,-0.7959221,-0.28944498,0.5317233,-0.33230636,0.9430371,0.015924275
1356440382529,-0.50758183,-0.13899925,-0.8503175,-0.788229,-0.32361525,0.52341974,-0.34793067,0.9359232,0.05469805
1356440382571,-0.502423,-0.12261537,-0.85588354,-0.78364015,-0.3537048,0.5106868,-0.36534816,0.9272855,0.08162302
1356440382609,-0.48865598,-0.114074916,-0.86498684,-0.7831794,-0.3795719,0.49249884,-0.38450652,0.9181024,0.096139014
1356440382649,-0.46508646,-0.11217308,-0.87812966,-0.78679305,-0.40229154,0.4681007,-0.4057724,0.9086137,0.09884331
1356440382693,-0.43133205,-0.1153326,-0.8947911,-0.7939428,-0.4225272,0.43717927,-0.42849457,0.89898235,0.09068197
1356440382729,-0.38901657,-0.121151865,-0.9132296,-0.80405617,-0.43917483,0.40077323,-0.4496219,0.8901953,0.0734334
1356440382771,-0.34178954,-0.12720436,-0.9311278,-0.81650484,-0.45036143,0.3612402,-0.4652953,0.88373846,0.050065845
1356440382809,-0.2944625,-0.131356,-0.9465925,-0.83054876,-0.45479935,0.32147527,-0.47273737,0.88085365,0.024823815
1356440382850,-0.25184768,-0.13247445,-0.9586569,-0.84558964,-0.45166838,0.28455886,-0.4706919,0.88229585,0.0017326772
1356440382890,-0.21756846,-0.13098869,-0.96721554,-0.86193883,-0.43916816,0.2533631,-0.45795795,0.88880444,-0.017355084
1356440382930,-0.19365185,-0.12822008,-0.9726554,-0.8783369,-0.4190153,0.23011002,-0.4370621,0.89888036,-0.03147742
1356440382974,-0.18269432,-0.12476164,-0.97522163,-0.89447063,-0.39063776,0.2175416,-0.40809926,0.91205084,-0.040228337
1356440383013,-0.18656462,-0.12245661,-0.9747811,-0.90744406,-0.35874295,0.21874383,-0.37648243,0.92536914,-0.044193804
1356440383055,-0.20589697,-0.11968902,-0.97122645,-0.9169626,-0.32300264,0.23419839,-0.34173974,0.9387991,-0.043245018
1356440383092,-0.24200791,-0.11912435,-0.9629338,-0.92026263,-0.28632993,0.26670545,-0.30748793,0.9506969,-0.040331572
1356440383161,-0.28604513,-0.12078521,-0.9505731,-0.9177395,-0.25074697,0.30802625,-0.27555826,0.9604879,-0.03912443
1356440383170,-0.3297,-0.13114697,-0.9349323,-0.9095178,-0.22139996,0.35179445,-0.25313073,0.9663242,-0.046284974
1356440383210,-0.35561252,-0.15533164,-0.9216354,-0.90141714,-0.20355147,0.38211772,-0.24695528,0.9666637,-0.06763309
1356440383253,-0.34828645,-0.19591084,-0.91668725,-0.900916,-0.20017081,0.38507405,-0.25893426,0.9599743,-0.10678244
1356440383292,-0.31204706,-0.24379674,-0.9182537,-0.90795445,-0.20804167,0.3637822,-0.27972394,0.94724965,-0.15643758
1356440383331,-0.264898,-0.28459236,-0.9213231,-0.9171908,-0.22055477,0.33183816,-0.29764086,0.9329324,-0.20260096
1356440383371,-0.22871995,-0.3083568,-0.92336524,-0.923949,-0.2299738,0.30566403,-0.3066034,0.92305374,-0.23230636
1356440383411,-0.21933669,-0.3131022,-0.92404467,-0.9261059,-0.2311576,0.29815105,-0.3069517,0.9211587,-0.23926449
1356440383452,-0.24293894,-0.30157724,-0.9219718,-0.921656,-0.22466904,0.316345,-0.30254093,0.9265933,-0.2233696
1356440383492,-0.2992974,-0.2776403,-0.9128729,-0.90662885,-0.21544725,0.36277616,-0.29739726,0.9362149,-0.18723392
1356440383531,-0.37273866,-0.24859649,-0.8940165,-0.8800315,-0.21085566,0.42554003,-0.29429623,0.945378,-0.14017868
1356440383572,-0.45249438,-0.21883085,-0.864501,-0.84160376,-0.21576327,0.49512565,-0.29487637,0.9516088,-0.08653718
1356440383611,-0.52194774,-0.19430533,-0.83055156,-0.7987325,-0.23035794,0.5558432,-0.29932743,0.9535096,-0.03496319
1356440383653,-0.5729772,-0.17741203,-0.8001388,-0.7591347,-0.2530672,0.5997261,-0.30888754,0.95104253,0.010322154
1356440383691,-0.60347426,-0.16806677,-0.7794694,-0.72955465,-0.27815372,0.6248044,-0.3218211,0.9457189,0.045244634
1356440383731,-0.61360747,-0.16505712,-0.7721672,-0.7131045,-0.30408835,0.6316743,-0.33906937,0.9382359,0.06888789
1356440383771,-0.604717,-0.16594326,-0.7789609,-0.7102095,-0.33028114,0.62170476,-0.36044377,0.9291809,0.081872106
1356440383811,-0.5778849,-0.16872141,-0.7984873,-0.71933925,-0.35683495,0.59600323,-0.38548672,0.9188046,0.08484167
1356440383852,-0.53334516,-0.17199251,-0.82822794,-0.7381474,-0.38356805,0.55498993,-0.41313595,0.90735555,0.07761842
1356440383891,-0.47636563,-0.17298108,-0.8620634,-0.7617938,-0.4083647,0.5029,-0.4390285,0.89627886,0.06275499
1356440383933,-0.41228855,-0.17182755,-0.8947029,-0.78642344,-0.42867553,0.44471934,-0.45995235,0.88696814,0.04160893
1356440383971,-0.35010546,-0.1664671,-0.9217998,-0.8090681,-0.44218647,0.38714337,-0.472054,0.8813398,0.020128757
1356440384012,-0.2973051,-0.15836933,-0.9415567,-0.82986283,-0.44481152,0.33685377,-0.47216251,0.8815112,8.198619E-4
