1356441524761,0.39565593,0.20071696,0.896197,-0.27782133,0.9562636,-0.09151634,-0.8753695,-0.21277365,0.4341148
1356441524909,-0.07541299,-0.8164339,-0.5724932,0.46566308,-0.53651386,0.70378315,-0.88174295,-0.21351454,0.42064327
1356441524951,-0.08021563,-0.8016732,-0.59235585,0.45531,-0.55811983,0.6936822,-0.88671196,-0.21406141,0.4097798
1356441524990,-0.08539593,-0.78463614,-0.614047,0.4441732,-0.5816485,0.68146557,-0.891862,-0.21454883,0.3981847
1356441525029,-0.091901004,-0.76353836,-0.6391896,0.4319147,-0.6089443,0.6653094,-0.89722013,-0.21493278,0.38574594
1356441525069,-0.10007423,-0.73790944,-0.66743904,0.41896987,-0.6396882,0.64440924,-0.9024685,-0.21514808,0.37317812
1356441525110,-0.10982549,-0.70904255,-0.6965608,0.40656927,-0.6715369,0.61946714,-0.9069949,-0.21516697,0.3620268
1356441525149,-0.1204201,-0.6802343,-0.7230356,0.39626393,-0.7007317,0.59325385,-0.9102055,-0.21507321,0.35393444
1356441525189,-0.13034433,-0.6563923,-0.7430744,0.38938922,-0.72313905,0.5704788,-0.91180396,-0.21498653,0.34984908
1356441525231,-0.13876885,-0.64033246,-0.7554585,0.38640288,-0.7373853,0.5540358,-0.91183114,-0.2150284,0.3497525
1356441525270,-0.1450541,-0.6334136,-0.7600965,0.38732657,-0.7432635,0.5454701,-0.91046005,-0.21528287,0.3531513
1356441525308,-0.14942819,-0.6333511,-0.75930065,0.3909981,-0.7431806,0.54295766,-0.9081804,-0.2157519,0.3586913
1356441525350,-0.15170324,-0.6394926,-0.7536812,0.39713687,-0.7376873,0.54598504,-0.90513444,-0.21648689,0.3658757
1356441525390,-0.15197283,-0.6504972,-0.7441489,0.40531847,-0.7276923,0.5533361,-0.901455,-0.21752526,0.37424803
1356441525429,-0.15066981,-0.66361886,-0.7327405,0.41438192,-0.7153394,0.56265193,-0.8975446,-0.21885975,0.3827717
1356441525470,-0.14836758,-0.6764078,-0.7214287,0.42379653,-0.7026107,0.571607,-0.89352304,-0.22093102,0.39090407
1356441525509,-0.1457718,-0.68596536,-0.71288306,0.43243748,-0.6922769,0.5777116,-0.8898025,-0.22406323,0.3975515
1356441525548,-0.14382738,-0.6899221,-0.70945126,0.4399047,-0.6867527,0.5786662,-0.88645214,-0.22886291,0.40227383
1356441525589,-0.14247966,-0.6887382,-0.7108721,0.44610545,-0.6858016,0.5750357,-0.8835663,-0.23519304,0.40496266
1356441525629,-0.14141792,-0.68407506,-0.7155713,0.4511047,-0.6879568,0.5685245,-0.88119555,-0.24239808,0.40587884
1356441525669,-0.14011073,-0.6783966,-0.72121227,0.45530066,-0.69096255,0.56149095,-0.8792442,-0.24969746,0.40568566
1356441525709,-0.13772023,-0.67531955,-0.72455263,0.45945323,-0.6916152,0.55728906,-0.8774599,-0.2561481,0.40552714
1356441525749,-0.133309,-0.678979,-0.72195303,0.4643616,-0.6863382,0.5597395,-0.8755553,-0.26062897,0.4067868
1356441525798,-0.12572473,-0.6935116,-0.7093906,0.47048938,-0.67121637,0.57280743,-0.87340313,-0.26174468,0.41067833
1356441525830,-0.11408812,-0.7204616,-0.68404615,0.47755158,-0.64354634,0.59815776,-0.87116504,-0.25842458,0.4174785
1356441525870,-0.098029375,-0.7580361,-0.64480346,0.48471397,-0.6022451,0.63431317,-0.869162,-0.25036395,0.4264684
1356441525900,-0.0793156,-0.7968606,-0.5989343,0.49087635,-0.5541534,0.6722755,-0.8676113,-0.2406807,0.43511307
1356441525940,-0.058765948,-0.8363998,-0.54496056,0.4949764,-0.49848604,0.71169525,-0.86691695,-0.2279192,0.44329208
1356441525970,-0.036389172,-0.87149644,-0.4890498,0.4972694,-0.44027728,0.74758214,-0.86683273,-0.2159856,0.44938985
1356441526010,-0.015832722,-0.89879584,-0.4380813,0.49594343,-0.38750136,0.7770989,-0.86821043,-0.20495993,0.4518872
1356441526040,0.004725039,-0.9206619,-0.3903324,0.4924767,-0.33757645,0.80219007,-0.87031287,-0.19601998,0.4518094
1356441526070,0.022114098,-0.93606883,-0.35112122,0.4867888,-0.2966814,0.82159406,-0.87323976,-0.18909067,0.449107
1356441526100,0.03657669,-0.94670904,-0.32000646,0.47918296,-0.26439136,0.8369473,-0.8769525,-0.18395436,0.44397628
1356441526140,0.04789871,-0.9531137,-0.2987977,0.4680208,-0.24285525,0.8496928,-0.8824184,-0.1805428,0.43444455
1356441526170,0.05754471,-0.9577956,-0.28163123,0.45619413,-0.22569728,0.8607832,-0.8880178,-0.17801204,0.42395306
1356441526200,0.06482792,-0.9609116,-0.26915854,0.44389218,-0.2138024,0.87020016,-0.89373213,-0.17589065,0.4126807
1356441526230,0.06999791,-0.9629681,-0.2603705,0.43135205,-0.20612824,0.87832034,-0.89946413,-0.17379192,0.40094972
1356441526260,0.07327676,-0.96429336,-0.25449726,0.41887978,-0.20182598,0.8853282,-0.9050802,-0.1714777,0.3891338
1356441526290,0.07487261,-0.96507883,-0.25103214,0.40686336,-0.20026714,0.8912662,-0.91041553,-0.16886726,0.37766057
1356441526320,0.075010955,-0.9654515,-0.24955326,0.3957645,-0.20088118,0.89611226,-0.9152835,-0.16598254,0.3670231
1356441526360,0.07412392,-0.9659822,-0.247758,0.38522837,-0.20142108,0.9005713,-0.9198395,-0.16219729,0.3571936
1356441526400,0.07167703,-0.96666193,-0.24581918,0.37649235,-0.20200074,0.904129,-0.92364275,-0.15735435,0.34946197
1356441526440,0.06849116,-0.968212,-0.24057132,0.37010857,-0.1992712,0.9073647,-0.9264603,-0.15118405,0.34469515
1356441526470,0.064783156,-0.9699335,-0.23458919,0.36601853,-0.19560283,0.90981865,-0.92834985,-0.14480495,0.34234193
1356441526510,0.061719,-0.9729017,-0.22282934,0.3650094,-0.18578881,0.9122777,-0.9289558,-0.13763964,0.34365156
1356441526540,0.058490098,-0.9753928,-0.21257415,0.3660967,-0.17714536,0.9135605,-0.9287369,-0.13125697,0.34672683
1356441526580,0.05595553,-0.9782094,-0.19993863,0.37030983,-0.16563666,0.9140215,-0.9272214,-0.12518385,0.35297227
1356441526620,0.054261982,-0.98151004,-0.18355855,0.37653008,-0.15014613,0.914156,-0.92481387,-0.11871928,0.3614208
1356441526660,0.053576946,-0.98502314,-0.16388738,0.3839157,-0.13118905,0.9140012,-0.92181253,-0.11188838,0.37113708
1356441526700,0.053477645,-0.9874617,-0.14852446,0.39247036,-0.11598289,0.91242254,-0.91820866,-0.107085675,0.38134697
1356441526730,0.053571343,-0.98829466,-0.14284179,0.40119904,-0.10969138,0.90939933,-0.914423,-0.106025755,0.39062658
1356441526760,0.053138435,-0.987025,-0.15151867,0.4106344,-0.11671215,0.90429956,-0.9102503,-0.11027187,0.39910448
1356441526797,0.051973104,-0.98326373,-0.17461744,0.42089733,-0.13699758,0.8967035,-0.9056182,-0.1201005,0.4067329
1356441526826,0.049048483,-0.9741463,-0.22052959,0.43425447,-0.17803568,0.88302124,-0.899454,-0.13907683,0.41429496
1356441526859,0.045333803,-0.962448,-0.26765403,0.4480077,-0.2198875,0.8665671,-0.8928795,-0.15919584,0.42121583
1356441526899,0.039928555,-0.94675994,-0.31945494,0.4641544,-0.265548,0.84501183,-0.88485396,-0.18201649,0.4288398
1356441526939,0.031888425,-0.92754537,-0.37234738,0.48169607,-0.31215602,0.8188573,-0.87575793,-0.2054703,0.4368409
1356441526979,0.020219922,-0.9044449,-0.42611122,0.49944884,-0.36007148,0.78797174,-0.86610746,-0.22875345,0.44444326
1356441527019,0.0038087368,-0.8762348,-0.48186943,0.51629,-0.41095847,0.7513706,-0.8564054,-0.2516461,0.450826
1356441527059,-0.018118083,-0.8416841,-0.53966624,0.5310736,-0.46542007,0.70805734,-0.847132,-0.27377385,0.4554286
1356441527099,-0.04532975,-0.8007436,-0.59728944,0.5426291,-0.5217437,0.65828335,-0.83874834,-0.29426676,0.45815742
1356441527139,-0.07607496,-0.756026,-0.6501056,0.5500734,-0.5756252,0.6050413,-0.8316442,-0.31157726,0.45966038
1356441527179,-0.10692108,-0.7139254,-0.6920103,0.55331045,-0.62099445,0.5551697,-0.8260844,-0.32353723,0.46141982
1356441527219,-0.13381791,-0.68348604,-0.71759295,0.5527937,-0.6524665,0.5183692,-0.82250345,-0.32731372,0.4651385
1356441527259,-0.15362751,-0.672704,-0.7237873,0.54865956,-0.6672656,0.5037157,-0.8218099,-0.3197282,0.4715957
1356441527299,-0.16523588,-0.68418163,-0.7103469,0.5411965,-0.6650224,0.5146373,-0.82450193,-0.2994007,0.48016226
1356441527336,-0.16978538,-0.7123634,-0.6809635,0.53218037,-0.64785516,0.54503924,-0.8294318,-0.26985574,0.48910213
1356441527379,-0.17029887,-0.7444181,-0.64563143,0.5231579,-0.6235391,0.5809516,-0.83504736,-0.23883182,0.49563628
1356441527418,-0.17046607,-0.7650312,-0.62102216,0.5135305,-0.60686517,0.6066309,-0.8409683,-0.21550383,0.4963168
1356441527459,-0.17236638,-0.7650659,-0.62045455,0.5010935,-0.61039376,0.61345315,-0.8480537,-0.20516703,0.48858094
1356441527499,-0.17559087,-0.742556,-0.64635783,0.4846116,-0.6366972,0.5998069,-0.8569245,-0.20791183,0.4716494
1356441527539,-0.17861378,-0.70073694,-0.6906988,0.46490702,-0.6787868,0.5684275,-0.8671554,-0.21958172,0.44701824
1356441527579,-0.18057752,-0.64534557,-0.74224037,0.44382608,-0.72691125,0.5240404,-0.8777301,-0.23479569,0.4176851
1356441527618,-0.18187356,-0.5839855,-0.7911276,0.42320007,-0.7727088,0.47309917,-0.8875943,-0.24876106,0.38767803
1356441527659,-0.18374503,-0.5237398,-0.8318259,0.40386376,-0.8117342,0.42187867,-0.8961763,-0.25842622,0.36067167
1356441527699,-0.18744892,-0.4702403,-0.8624018,0.3856867,-0.8426892,0.37566,-0.90338725,-0.26219982,0.33932674
1356441527738,-0.193681,-0.4276028,-0.88297427,0.36808512,-0.8659409,0.33861428,-0.90939593,-0.25942653,0.32511055
1356441527804,-0.20248759,-0.39823896,-0.8946533,0.35085964,-0.88243145,0.31338826,-0.9142736,-0.2504405,0.31840745
1356441527819,-0.21330565,-0.38339987,-0.898613,0.33479074,-0.89277625,0.30143958,-0.91783214,-0.23654854,0.31879288
1356441527856,-0.22514594,-0.38349497,-0.895679,0.32142287,-0.897053,0.3032875,-0.91978073,-0.21960776,0.32523188
1356441527899,-0.23688501,-0.39919257,-0.88573736,0.31251323,-0.89454097,0.31958053,-0.9199026,-0.20110078,0.33665645
1356441527938,-0.24732488,-0.42865515,-0.86895627,0.30922616,-0.8848402,0.34847784,-0.9182643,-0.18251677,0.35139453
1356441527979,-0.2554499,-0.47123963,-0.84420294,0.31237257,-0.86657023,0.3892035,-0.91496927,-0.16428386,0.36856762
1356441528018,-0.26038206,-0.52575195,-0.8098062,0.3223004,-0.83795744,0.44039738,-0.9101229,-0.1463293,0.3876391
1356441528058,-0.26144314,-0.58737445,-0.7659234,0.33851206,-0.7989192,0.49712944,-0.90391207,-0.12930329,0.4077053
1356441528098,-0.25882924,-0.6445538,-0.71941495,0.3581711,-0.75574267,0.54823947,-0.8970623,-0.11577329,0.42646885
1356441528138,-0.25455058,-0.6839962,-0.6836323,0.37628293,-0.7212647,0.58153963,-0.8908507,-0.10920794,0.44097447
1356441528179,-0.25171578,-0.69841355,-0.6699684,0.3891154,-0.7068752,0.5906917,-0.8861311,-0.1120086,0.4496951
1356441528218,-0.25285584,-0.6870462,-0.6811986,0.3964531,-0.7158303,0.57481474,-0.8825468,-0.124718055,0.4533834
1356441528259,-0.2591415,-0.6521948,-0.71238154,0.40016943,-0.74379325,0.5353839,-0.8790392,-0.14633317,0.45373625
1356441528298,-0.2704798,-0.5988326,-0.75381714,0.40182438,-0.781761,0.47685114,-0.8748588,-0.17392352,0.45207602
1356441528338,-0.28567374,-0.53338057,-0.7961756,0.40211782,-0.8208375,0.40561938,-0.8698803,-0.20428163,0.44897354
1356441528379,-0.30313563,-0.46246806,-0.83320594,0.4011642,-0.85502666,0.32862863,-0.8643935,-0.23463336,0.4447146
1356441528419,-0.32090604,-0.39242935,-0.8619852,0.39957333,-0.88125587,0.25244653,-0.85869694,-0.26341468,0.43960464
1356441528459,-0.33733708,-0.32933983,-0.8818951,0.39858696,-0.89866006,0.1831356,-0.85283774,-0.28973344,0.43442184
1356441528499,-0.35177964,-0.27948064,-0.8933877,0.3991452,-0.9080629,0.12690443,-0.8467196,-0.31194898,0.43099153
1356441528539,-0.36472648,-0.24760306,-0.8975898,0.40029037,-0.91206205,0.08894135,-0.84067965,-0.32685727,0.4317662
1356441528579,-0.3771584,-0.23523025,-0.89577806,0.3988945,-0.9141575,0.07210612,-0.8358438,-0.3301255,0.43861422
1356441528619,-0.3897065,-0.23940009,-0.8892786,0.39159298,-0.91705465,0.075270705,-0.8335369,-0.31890178,0.45112956
1356441528658,-0.40189648,-0.25363907,-0.87985593,0.3779733,-0.9211444,0.09289257,-0.8340356,-0.29522884,0.46607357
1356441528698,-0.41176605,-0.26835418,-0.8708816,0.36096692,-0.9255205,0.11452001,-0.8367507,-0.26720402,0.47796482
1356441528739,-0.4164266,-0.2737765,-0.866969,0.34441498,-0.9300155,0.1282547,-0.8414078,-0.24518843,0.48157609
1356441528799,-0.41372728,-0.26497284,-0.8709874,0.33092317,-0.9350364,0.12726624,-0.8481271,-0.2355764,0.47453573
1356441528820,-0.40336204,-0.24340123,-0.88207424,0.32155836,-0.94019556,0.11239455,-0.8566792,-0.23830265,0.4575069
1356441528860,-0.38663006,-0.21412247,-0.8970333,0.31592262,-0.9445726,0.08930446,-0.8664352,-0.24886532,0.4328464
1356441528900,-0.36656833,-0.18470028,-0.9118736,0.31233048,-0.9476507,0.06639173,-0.87640023,-0.2604688,0.40506625
1356441528940,-0.34643584,-0.16072336,-0.9242025,0.30844808,-0.94994825,0.04957941,-0.8859131,-0.2678924,0.37867093
1356441528980,-0.32897675,-0.14537635,-0.9330809,0.30281636,-0.9521414,0.04158192,-0.89447,-0.26887268,0.3572547
1356441529024,-0.31648946,-0.1403287,-0.9381589,0.29440957,-0.9546896,0.043481804,-0.9017524,-0.26244146,0.34346333
1356441529058,-0.30886066,-0.14360268,-0.9402039,0.2858048,-0.95686185,0.052258946,-0.9071498,-0.2525741,0.33657932
1356441529099,-0.30741113,-0.15488605,-0.93888694,0.27632874,-0.9586775,0.06767507,-0.91057163,-0.2386374,0.3375076
1356441529139,-0.31116104,-0.17219082,-0.9346278,0.26621452,-0.959869,0.08821163,-0.9123095,-0.22136346,0.34451354
1356441529179,-0.31865293,-0.19332533,-0.927947,0.25565317,-0.9602287,0.11226061,-0.9127441,-0.20146045,0.35540384
1356441529219,-0.3284489,-0.21679775,-0.91930413,0.24530818,-0.9594821,0.13862914,-0.9121103,-0.17998022,0.3683231
1356441529258,-0.3393336,-0.24170014,-0.90908396,0.23683748,-0.9572453,0.1661006,-0.91036296,-0.15894164,0.38206914
1356441529299,-0.35064548,-0.2676945,-0.8974337,0.23283914,-0.95310587,0.19332594,-0.9071017,-0.1411688,0.39653218
1356441529339,-0.36093068,-0.29262158,-0.8854952,0.2356976,-0.9472958,0.21697319,-0.9023169,-0.13039678,0.4108783
1356441529379,-0.36848134,-0.31292495,-0.87538534,0.24562052,-0.94095385,0.23297325,-0.8966003,-0.1291663,0.42358464
1356441529419,-0.3722279,-0.3257922,-0.8690833,0.26049966,-0.9354035,0.23908174,-0.89083457,-0.13740298,0.43305212
1356441529459,-0.37253362,-0.33107227,-0.8669544,0.27863854,-0.9309995,0.23579773,-0.8852002,-0.15372434,0.43907803
1356441529499,-0.37055367,-0.3307851,-0.8679119,0.2997654,-0.9270207,0.22532871,-0.8791078,-0.17667356,0.44266903
1356441529539,-0.36748672,-0.3280372,-0.87025577,0.32294434,-0.92251396,0.21136445,-0.87215847,-0.20337057,0.4449494
1356441529579,-0.36366713,-0.32512128,-0.8729504,0.34757656,-0.91679776,0.19665298,-0.864255,-0.23190087,0.44641376
1356441529619,-0.35879523,-0.32369143,-0.87549406,0.37268388,-0.90961915,0.1835749,-0.8557878,-0.26041672,0.44700158
1356441529659,-0.35221976,-0.32463917,-0.87781024,0.39762977,-0.9009634,0.17365366,-0.8472496,-0.2878792,0.44642323
1356441529698,-0.34352583,-0.3287716,-0.87971544,0.4220422,-0.89085,0.16812682,-0.8389698,-0.31352115,0.44478548
1356441529739,-0.33317274,-0.3375932,-0.88035595,0.44518006,-0.8793971,0.16874605,-0.83115005,-0.33569533,0.44328105
1356441529801,-0.3227141,-0.35334387,-0.8780682,0.46509114,-0.86717725,0.17802754,-0.8243457,-0.3509297,0.44418743
1356441529820,-0.31417233,-0.37791008,-0.8709074,0.47866172,-0.855277,0.19845453,-0.8198651,-0.35452113,0.44959545
1356441529860,-0.30939996,-0.4116977,-0.85719115,0.48308098,-0.8444908,0.23123157,-0.81908756,-0.34254974,0.4601687
1356441529900,-0.30837762,-0.45256162,-0.83671457,0.47903234,-0.83379567,0.27443177,-0.8218463,-0.3161847,0.47391558
1356441529940,-0.3087815,-0.49512777,-0.8120976,0.4701031,-0.82168823,0.32222918,-0.8268356,-0.28227124,0.48648316
1356441529980,-0.30572408,-0.5328701,-0.7890389,0.46089897,-0.8079766,0.36707777,-0.83312964,-0.25144267,0.49261707
1356441530020,-0.29465687,-0.5617182,-0.77307814,0.45442495,-0.7940342,0.40374193,-0.84063977,-0.23234066,0.48922652
1356441530078,-0.27351135,-0.5815184,-0.7661775,0.45118225,-0.7810472,0.43174052,-0.8494858,-0.22759978,0.475996
1356441530099,-0.2429381,-0.59477085,-0.7663084,0.4497642,-0.76899385,0.45426914,-0.8594725,-0.23429886,0.45432466
1356441530139,-0.20556659,-0.60476536,-0.7694162,0.44792122,-0.7571659,0.47546443,-0.87012005,-0.24689826,0.4265352
1356441530176,-0.16601825,-0.61592007,-0.77011716,0.44392952,-0.74402547,0.49935234,-0.8805479,-0.2589761,0.39694688
1356441530219,-0.12897289,-0.63120323,-0.7648193,0.4368989,-0.7285404,0.52758723,-0.8902165,-0.26610422,0.3697339
1356441530258,-0.09766579,-0.6525022,-0.75146675,0.4277059,-0.70931005,0.56030965,-0.8986262,-0.2666837,0.34835434
1356441530299,-0.07399821,-0.6797646,-0.72968787,0.41787577,-0.68549514,0.59621835,-0.9054856,-0.26079977,0.33478257
1356441530339,-0.057913423,-0.71222585,-0.69955736,0.40921015,-0.6560966,0.6341013,-0.9106005,-0.24954292,0.3294468
1356441530379,-0.04903835,-0.7481384,-0.661728,0.40286657,-0.6210561,0.67230034,-0.913944,-0.2336196,0.3318556
1356441530419,-0.045755684,-0.7855572,-0.61709493,0.39969796,-0.58053505,0.7093803,-0.91550416,-0.21419339,0.34054846
1356441530459,-0.04614222,-0.82235,-0.5671079,0.40029106,-0.5353607,0.74374473,-0.91522574,-0.19269022,0.35388196
1356441530499,-0.04837942,-0.8568746,-0.51324975,0.40502787,-0.4865383,0.7741014,-0.9130235,-0.17042992,0.37059656
1356441530539,-0.05051124,-0.88780487,-0.45743984,0.41422305,-0.43539518,0.7992812,-0.90877277,-0.14910948,0.3897415
1356441530579,-0.04954064,-0.91375244,-0.40323973,0.42743662,-0.38429153,0.8183019,-0.90268695,-0.13182023,0.40960932
1356441530619,-0.042159975,-0.9337827,-0.35534826,0.44241285,-0.33634293,0.8313509,-0.89582,-0.12216091,0.42729765
1356441530658,-0.026515663,-0.9480067,-0.3171436,0.4560923,-0.29378247,0.8400426,-0.88953733,-0.12237248,0.44016844
1356441530699,-0.002520144,-0.9570297,-0.289979,0.46702933,-0.25753856,0.8459063,-0.88423824,-0.1332969,0.44760996
1356441530739,0.028314948,-0.9615939,-0.2730116,0.4756406,-0.2272591,0.849776,-0.8791839,-0.1539168,0.45093828
1356441530801,0.063729405,-0.9619529,-0.26567864,0.48287508,-0.2032581,0.8517734,-0.8733672,-0.1825726,0.45154947
1356441530820,0.100740135,-0.95877594,-0.2657068,0.48906404,-0.18484986,0.8524358,-0.86641085,-0.21582213,0.45028108
1356441530860,0.13655204,-0.95261985,-0.27178854,0.49434298,-0.17222977,0.852034,-0.85847455,-0.2507037,0.44740266
1356441530901,0.16885412,-0.94424564,-0.28264537,0.49878567,-0.16547364,0.85078275,-0.8501183,-0.2846376,0.44303533
1356441530940,0.19588351,-0.9343842,-0.29758325,0.50287974,-0.1648072,0.84849894,-0.8418679,-0.3158556,0.4375999
1356441530980,0.21598762,-0.9244684,-0.3141775,0.50753427,-0.16858548,0.844978,-0.8341212,-0.34196064,0.43278706
1356441531020,0.22754747,-0.91738737,-0.32653117,0.51334286,-0.17193633,0.84078366,-0.82746685,-0.35894066,0.4318105
1356441531060,0.22985595,-0.917125,-0.3256501,0.5194304,-0.16735858,0.8379637,-0.82301784,-0.36176348,0.43791425
1356441531099,0.2241444,-0.9258863,-0.30412817,0.5237464,-0.14872783,0.83879066,-0.8218571,-0.34729624,0.45159304
1356441531139,0.21321088,-0.9413445,-0.26155606,0.5247624,-0.11547953,0.8433795,-0.82411504,-0.31707242,0.46936068
1356441531179,0.20095187,-0.95660377,-0.21101561,0.5223634,-0.07758862,0.84918576,-0.82870674,-0.2808723,0.4841032
1356441531218,0.19071841,-0.96659034,-0.17125887,0.5162963,-0.049611807,0.85497177,-0.8349039,-0.25147915,0.48958516
1356441531259,0.1840483,-0.9706468,-0.15482548,0.5055329,-0.041607976,0.8618034,-0.8429488,-0.2368828,0.48303604
1356441531298,0.18039435,-0.97014046,-0.16212744,0.49028072,-0.054205716,0.86987734,-0.8526915,-0.23640892,0.46586275
1356441531339,0.17845523,-0.9661703,-0.18619505,0.47125435,-0.08219159,0.8781593,-0.8637552,-0.24445733,0.4406445
1356441531379,0.17645615,-0.9601471,-0.2167508,0.45031124,-0.11706525,0.88516414,-0.8752617,-0.25379792,0.4117081
1356441531419,0.1732834,-0.95369315,-0.2458502,0.42954054,-0.15145081,0.890257,-0.88626623,-0.25986937,0.38340592
1356441531459,0.16864705,-0.9479341,-0.27014673,0.4111982,-0.18142325,0.8933095,-0.8958093,-0.26173785,0.3591922
1356441531499,0.16278774,-0.94337183,-0.28904966,0.39718753,-0.2055155,0.8944303,-0.90318453,-0.26040924,0.3412401
1356441531539,0.15614653,-0.9403305,-0.3023191,0.38844922,-0.22294945,0.89409214,-0.90814394,-0.25704497,0.33045787
1356441531579,0.14927107,-0.9401722,-0.30625892,0.38473704,-0.23009682,0.89388645,-0.9108763,-0.25126055,0.32737222
1356441531619,0.14285582,-0.94479907,-0.29486775,0.38469675,-0.2214939,0.8960741,-0.9119214,-0.24144405,0.33181942
1356441531659,0.13794738,-0.9553883,-0.26115826,0.38680086,-0.19077325,0.9022143,-0.91178703,-0.22547427,0.3432284
1356441531699,0.13569635,-0.9694661,-0.2042599,0.39056733,-0.1371271,0.910304,-0.9105184,-0.2033022,0.3600341
1356441531739,0.13656867,-0.9815303,-0.13396746,0.39687788,-0.06969613,0.9152216,-0.9076547,-0.17815936,0.38002926
1356441531801,0.1402663,-0.9876789,-0.06939623,0.40579644,-0.0065855384,0.9139397,-0.903136,-0.15635571,0.39987284
1356441531820,0.14605278,-0.98887867,-0.028065562,0.41516,0.035517156,0.9090549,-0.89794815,-0.14442167,0.41573024
1356441531860,0.15276927,-0.9880891,-0.018481404,0.4234716,0.048553407,0.9046073,-0.8929353,-0.14602256,0.42584515
1356441531900,0.1588875,-0.98644507,-0.040997952,0.43173835,0.032075882,0.90142846,-0.88789463,-0.16092613,0.4309826
1356441531940,0.16214341,-0.9823478,-0.09328619,0.44258887,-0.012095034,0.89664304,-0.8819436,-0.18667218,0.43281507
1356441531980,0.15950686,-0.9723278,-0.1706931,0.45797765,-0.08029103,0.8853303,-0.87453645,-0.21938989,0.43249744
1356441532020,0.14756626,-0.9522115,-0.2674273,0.47820306,-0.16799247,0.86203265,-0.8657632,-0.25509146,0.43056053
1356441532060,0.12335181,-0.9180161,-0.37686968,0.5017891,-0.2699421,0.8217901,-0.85614955,-0.29047835,0.4273526
1356441532099,0.085666835,-0.8671143,-0.4906873,0.5257559,-0.37900072,0.76153743,-0.8463108,-0.32322025,0.42342257
1356441532139,0.036865592,-0.80198765,-0.596202,0.5463257,-0.48338306,0.68400955,-0.8367611,-0.3509369,0.42032623
1356441532179,-0.015714347,-0.73595136,-0.6768521,0.5601576,-0.5672123,0.60373324,-0.82823706,-0.3696566,0.421162
1356441532219,-0.06330168,-0.6896323,-0.7213877,0.5655457,-0.62036026,0.5434255,-0.82228404,-0.37357795,0.4292884
1356441532259,-0.100340486,-0.67624736,-0.729809,0.5629852,-0.6433802,0.5187576,-0.8203532,-0.35881928,0.4452744
1356441532298,-0.1271019,-0.6892678,-0.71327055,0.55485195,-0.6454754,0.52488166,-0.82218266,-0.32904616,0.46448278
1356441532338,-0.14845544,-0.7058914,-0.6925882,0.5429219,-0.6435414,0.53952783,-0.82655716,-0.2959255,0.4787811
1356441532379,-0.1706112,-0.70106477,-0.6923872,0.52647525,-0.6588355,0.53736365,-0.832896,-0.27284443,0.48149788
1356441532419,-0.1957537,-0.66225296,-0.72325754,0.5040131,-0.7006051,0.50509715,-0.84122,-0.26565665,0.47093028
1356441532459,-0.22102684,-0.591004,-0.7757973,0.47611597,-0.75962573,0.44303766,-0.8511526,-0.27144626,0.44928408
1356441532499,-0.24224359,-0.50021034,-0.8313288,0.44581336,-0.8184232,0.36253804,-0.8617241,-0.282795,0.42125824
1356441532539,-0.25792384,-0.4065774,-0.87645304,0.41605055,-0.8654682,0.27904573,-0.87199605,-0.29267624,0.39238176
1356441532579,-0.26958734,-0.321394,-0.90776026,0.3879561,-0.8990252,0.20308581,-0.8813698,-0.29742178,0.3670525
1356441532619,-0.27959114,-0.24897769,-0.92727494,0.36165836,-0.921965,0.13850504,-0.88939977,-0.29663196,0.3478182
1356441532659,-0.28972954,-0.19021547,-0.9380164,0.33711803,-0.9375272,0.08598904,-0.89577234,-0.2913087,0.33575445
1356441532699,-0.3009737,-0.14420359,-0.94266653,0.3141274,-0.9483245,0.044774808,-0.9004104,-0.28264135,0.3307189
1356441532739,-0.31351084,-0.11125905,-0.94304425,0.2921144,-0.9562544,0.015705451,-0.9035376,-0.27055293,0.3322965
1356441532802,-0.32725972,-0.09003888,-0.94063497,0.2699023,-0.9628862,-0.0017338842,-0.90556824,-0.25444698,0.3394155
1356441532820,-0.34180564,-0.080812514,-0.9362896,0.2470924,-0.96896964,-0.0065713674,-0.9067052,-0.23359616,0.35116744
1356441532859,-0.35691965,-0.08419943,-0.93033266,0.22527316,-0.9742941,0.0017527118,-0.9065652,-0.20895341,0.3667125
1356441532917,-0.3721869,-0.099460475,-0.92281336,0.20848504,-0.9777936,0.021300524,-0.9044395,-0.184465,0.38465798
1356441532939,-0.38624227,-0.11948936,-0.91462505,0.2000442,-0.97882515,0.043398842,-0.9004438,-0.16620299,0.4019669
1356441532979,-0.39750165,-0.1330652,-0.907902,0.1996691,-0.9782643,0.055957716,-0.89561415,-0.1590367,0.41543067
1356441533017,-0.40553182,-0.13237472,-0.9044452,0.20487706,-0.9774479,0.051197387,-0.89082515,-0.1645379,0.42350662
1356441533059,-0.4112937,-0.118806034,-0.90372705,0.21521407,-0.9760944,0.030373901,-0.8857316,-0.18200219,0.4270302
1356441533098,-0.41615725,-0.09893784,-0.903894,0.23068205,-0.9730291,2.9803813E-4,-0.8795447,-0.2083881,0.42775637
1356441533139,-0.42070973,-0.07856479,-0.90378696,0.25094208,-0.9674491,-0.032713845,-0.87179774,-0.2405612,0.42673054
1356441533179,-0.42480165,-0.060895935,-0.903236,0.2740274,-0.95957774,-0.06418358,-0.86281663,-0.2747767,0.42431736
1356441533219,-0.42766595,-0.047245488,-0.9027014,0.2980863,-0.95014393,-0.09149354,-0.8533735,-0.30821157,0.42042744
1356441533259,-0.4284845,-0.038323835,-0.9027361,0.32173854,-0.94008493,-0.112804055,-0.8443255,-0.33877975,0.415142
1356441533299,-0.4270746,-0.03549473,-0.9035194,0.34375966,-0.93057543,-0.12593034,-0.83632314,-0.36437517,0.40962696
1356441533339,-0.42426264,-0.040871993,-0.9046163,0.36162758,-0.92351127,-0.12787667,-0.8301968,-0.3813875,0.40659177
1356441533379,-0.42142546,-0.056422696,-0.9051061,0.3720374,-0.9209644,-0.115812674,-0.8270361,-0.38553977,0.4091093
1356441533419,-0.4203375,-0.082216546,-0.9036354,0.3721671,-0.9238832,-0.08905949,-0.82753134,-0.3737384,0.41894096
1356441533459,-0.42147636,-0.115861475,-0.8994075,0.36309138,-0.930395,-0.050297007,-0.8309767,-0.3477661,0.4342078
1356441533499,-0.4229232,-0.15106711,-0.89348453,0.34960875,-0.936869,-0.007081911,-0.83600813,-0.31536514,0.44903803
1356441533539,-0.4205979,-0.18008155,-0.8891952,0.3387503,-0.94039094,0.030217633,-0.8416327,-0.28850567,0.45652914
1356441533579,-0.4110902,-0.19773537,-0.88989073,0.3342101,-0.94091094,0.05468183,-0.8481205,-0.2749313,0.4528845
1356441533619,-0.3931539,-0.20466796,-0.89640445,0.3366311,-0.9392634,0.06681057,-0.8556339,-0.27549076,0.43817276
1356441533659,-0.36781335,-0.20442937,-0.90715045,0.34404016,-0.9362295,0.071487874,-0.86391526,-0.285802,0.41468972
1356441533699,-0.3383056,-0.20290971,-0.91889983,0.35332507,-0.9324235,0.07581449,-0.8721873,-0.29902193,0.38713717
1356441533738,-0.30805343,-0.20435476,-0.92916214,0.36157292,-0.9285216,0.08433839,-0.879982,-0.3099791,0.35992324
1356441533803,-0.27982366,-0.21182057,-0.9363925,0.3672531,-0.92478925,0.099449,-0.887031,-0.31606486,0.3365696
1356441533820,-0.25538373,-0.22649327,-0.9399362,0.370191,-0.920996,0.121347226,-0.8931617,-0.31696582,0.31905308
1356441533860,-0.23575836,-0.24857664,-0.9394826,0.37077314,-0.9166145,0.14948234,-0.8983013,-0.3130932,0.3082652
1356441533900,-0.22117698,-0.2781968,-0.93471235,0.36974698,-0.9108134,0.18359213,-0.9024233,-0.30500072,0.30431345
1356441533939,-0.21156114,-0.31520307,-0.92514265,0.3677281,-0.9026859,0.22345999,-0.90554845,-0.2929255,0.3068822
1356441533979,-0.20626825,-0.3594768,-0.9100713,0.3655913,-0.89102846,0.2690934,-0.9076323,-0.27720875,0.3152125
1356441534027,-0.20515501,-0.41163856,-0.8879556,0.36424464,-0.87419575,0.32110393,-0.90842575,-0.25755697,0.3292827
1356441534059,-0.2057972,-0.47055075,-0.8580381,0.36582008,-0.8502305,0.37852845,-0.9076471,-0.23598751,0.3471119
1356441534099,-0.20779872,-0.53363335,-0.8197897,0.37194183,-0.8182381,0.43834427,-0.9046983,-0.21382669,0.36850944
1356441534139,-0.2073189,-0.59677655,-0.77516234,0.38458842,-0.7782975,0.49633121,-0.89950573,-0.19521959,0.3908692
1356441534179,-0.20013732,-0.6532953,-0.73017144,0.40317383,-0.7341419,0.5463392,-0.8929702,-0.18504317,0.41032076
1356441534219,-0.18364811,-0.6985622,-0.691581,0.42539042,-0.69073516,0.5847462,-0.8861809,-0.18680443,0.4240138
1356441534258,-0.15812606,-0.7320457,-0.6626501,0.4492529,-0.6509477,0.61191404,-0.87929964,-0.20093791,0.43180555
1356441534299,-0.12567133,-0.7546537,-0.6439755,0.4739401,-0.6159277,0.6292963,-0.87154317,-0.22612134,0.4350651
1356441534339,-0.08912033,-0.769282,-0.6326632,0.49810696,-0.58447874,0.6405264,-0.8625236,-0.25805008,0.43527362
1356441534379,-0.051493287,-0.77811545,-0.6260069,0.52017206,-0.55599207,0.64830065,-0.85250765,-0.29224816,0.43338388
1356441534419,-0.014979064,-0.7827647,-0.62213755,0.53905,-0.5303666,0.65432125,-0.84214056,-0.32556212,0.42989373
1356441534459,0.018976867,-0.78445137,-0.6199,0.55416226,-0.50780934,0.65957093,-0.8321923,-0.35604176,0.42507672
1356441534499,0.0490005,-0.7845157,-0.6181699,0.5654915,-0.48837167,0.66461444,-0.82329714,-0.38213623,0.41970655
1356441534539,0.07346815,-0.7860897,-0.6137307,0.57305735,-0.4703799,0.67107975,-0.81621546,-0.4010059,0.41591656
1356441534579,0.09077197,-0.7941327,-0.60092735,0.5762836,-0.45023745,0.6820437,-0.81219316,-0.40821505,0.41677666
1356441534619,0.10008943,-0.81255436,-0.57422763,0.57464063,-0.423936,0.70004725,-0.81226236,-0.40004182,0.42449534
1356441534660,0.10214728,-0.83987314,-0.5330844,0.5691443,-0.39017028,0.7237692,-0.815868,-0.37733305,0.43815422
1356441534699,0.099909246,-0.867516,-0.48727223,0.5621751,-0.35484838,0.74702203,-0.82096124,-0.34856674,0.45224315
1356441534738,0.097237885,-0.88673496,-0.4519359,0.5546862,-0.3287419,0.7643638,-0.8263583,-0.32500774,0.4598934
1356441534802,0.09702146,-0.8937162,-0.43801606,0.5458169,-0.3202337,0.7742959,-0.83226836,-0.31419984,0.45673597
1356441534820,0.09990585,-0.8893727,-0.4461332,0.5346168,-0.33017373,0.7779267,-0.83916837,-0.31622967,0.44248748
1356441534860,0.104976475,-0.8763572,-0.47008306,0.5210568,-0.35414708,0.776582,-0.8470418,-0.32646284,0.41945475
1356441534900,0.11022836,-0.8586516,-0.50056684,0.50638443,-0.3848495,0.77166426,-0.85523367,-0.33853853,0.39238644
1356441534940,0.113749266,-0.8405743,-0.5296188,0.4920712,-0.4154356,0.76503557,-0.86309165,-0.34763235,0.36636677
1356441534979,0.114206314,-0.8257682,-0.55232584,0.4794802,-0.44110745,0.7586322,-0.8700894,-0.35146984,0.34556228
1356441535019,0.11107564,-0.8165792,-0.56644547,0.4697547,-0.45913935,0.75400364,-0.8757812,-0.34984183,0.33259282
1356441535059,0.10457349,-0.81400657,-0.5713647,0.46352163,-0.4684056,0.75215936,-0.8798931,-0.34349585,0.32832694
1356441535099,0.095373034,-0.8182256,-0.566931,0.4605752,-0.46862733,0.75382954,-0.88248205,-0.33300942,0.33216
1356441535138,0.08442891,-0.8286126,-0.55341923,0.4599418,-0.46028572,0.7593356,-0.88392603,-0.31865054,0.3422522
1356441535179,0.07276404,-0.84433407,-0.53085345,0.46059555,-0.44365627,0.76877886,-0.88462263,-0.30044824,0.3566143
1356441535219,0.061359584,-0.86417025,-0.49944443,0.4621777,-0.41890967,0.781605,-0.884662,-0.27879104,0.37369606
1356441535259,0.05113244,-0.88634616,-0.46019128,0.4652595,-0.38659406,0.79629064,-0.8836963,-0.25482467,0.3926134
1356441535299,0.042845547,-0.90853816,-0.41559902,0.4710757,-0.3484664,0.8103448,-0.88105154,-0.23049828,0.41306013
1356441535338,0.0373379,-0.9275512,-0.3718261,0.48030347,-0.30963135,0.8206321,-0.8763073,-0.20923007,0.43394506
1356441535379,0.035556972,-0.94029677,-0.3384932,0.49142623,-0.27847612,0.8251977,-0.870193,-0.19568595,0.45218474
1356441535419,0.037843943,-0.94559014,-0.3231519,0.50184894,-0.2616604,0.82442796,-0.864127,-0.19337305,0.46464115
1356441535459,0.04366964,-0.9436734,-0.327984,0.5108112,-0.26104885,0.8191003,-0.8585831,-0.20330769,0.47063908
1356441535499,0.05201882,-0.9348621,-0.3511796,0.5195859,-0.27497405,0.8089622,-0.8528333,-0.22454926,0.47143722
1356441535539,0.06129259,-0.92019194,-0.38663942,0.5293612,-0.29843104,0.7941761,-0.84617966,-0.25334898,0.4688223
1356441535579,0.0702889,-0.9003507,-0.42945114,0.5406159,-0.3274259,0.7749367,-0.8383281,-0.28663757,0.46372944
1356441535619,0.0779866,-0.8765701,-0.47491372,0.5528449,-0.35838795,0.75227696,-0.8296268,-0.32122117,0.4566578
1356441535658,0.08384389,-0.8500831,-0.5199317,0.56518173,-0.3891579,0.72741026,-0.8206947,-0.35484475,0.447823
1356441535699,0.087548256,-0.82284755,-0.56147766,0.57684225,-0.4176504,0.7020121,-0.81215036,-0.38534397,0.43808872
1356441535757,0.088719964,-0.79961646,-0.59392107,0.5866841,-0.43991375,0.67991006,-0.8049413,-0.40876567,0.43009317
1356441535822,0.087094605,-0.78831196,-0.6090802,0.5925313,-0.45050216,0.66779804,-0.80082524,-0.4190607,0.42786333
1356441535823,0.08286023,-0.79571635,-0.59997475,0.5922404,-0.44487965,0.6718135,-0.8014896,-0.41099593,0.43439254
1356441535846,0.07827002,-0.81325686,-0.57661694,0.58846664,-0.4291888,0.68520355,-0.80472404,-0.39295074,0.44498193
1356441535886,0.07224125,-0.8421724,-0.5343472,0.5799905,-0.40037972,0.70944136,-0.81141365,-0.36116725,0.4595281
1356441535929,0.06823915,-0.8671004,-0.4934371,0.5704245,-0.3718629,0.7323481,-0.81851035,-0.3314434,0.46923977
1356441535969,0.06835395,-0.8788734,-0.47213268,0.5610452,-0.3574553,0.7466284,-0.8249582,-0.31592277,0.46865427
1356441536009,0.07305241,-0.8771703,-0.47458994,0.55077183,-0.36123383,0.75243646,-0.83145285,-0.31635803,0.45673165
1356441536049,0.081201315,-0.8660582,-0.4933048,0.5386848,-0.37828934,0.75280535,-0.8385852,-0.3268645,0.43581474
1356441536089,0.090647936,-0.8508067,-0.5176011,0.5247457,-0.40093142,0.7509301,-0.8464189,-0.3396792,0.4101135
1356441536129,0.0992704,-0.8363151,-0.5391868,0.50945777,-0.4227401,0.7494955,-0.85475034,-0.3490956,0.38410172
1356441536169,0.10570282,-0.8261224,-0.5534878,0.49386418,-0.43949467,0.7502951,-0.8630905,-0.35265607,0.36153635
1356441536209,0.109528065,-0.8222453,-0.55849457,0.47902554,-0.44865757,0.75448054,-0.8709409,-0.35016996,0.34473592
1356441536248,0.11111611,-0.8256473,-0.55313635,0.46611172,-0.44827145,0.76275337,-0.8777205,-0.34257746,0.33503363
1356441536288,0.11127204,-0.83678895,-0.5360997,0.45590323,-0.4363538,0.77572393,-0.88304627,-0.330726,0.3329408
1356441536329,0.11100638,-0.8555621,-0.5056591,0.448709,-0.41084415,0.7936418,-0.8867569,-0.3149931,0.33829206
1356441536369,0.111404955,-0.8805938,-0.46059057,0.44461036,-0.37033755,0.8155806,-0.88876915,-0.29564306,0.35026363
1356441536409,0.11332476,-0.909024,-0.40103966,0.44388652,-0.31479526,0.83896875,-0.8888882,-0.273092,0.36782944
1356441536449,0.11731088,-0.93673015,-0.3298102,0.44732678,-0.2466625,0.8596839,-0.8866436,-0.2483832,0.39008832
1356441536489,0.12403256,-0.95874274,-0.25578985,0.4553598,-0.17403907,0.87313116,-0.88162553,-0.22477314,0.41498625
1356441536529,0.13398409,-0.97219837,-0.19203785,0.4664459,-0.1091069,0.8777949,-0.8743435,-0.2071858,0.43885934
1356441536569,0.14719838,-0.9779805,-0.14794207,0.47710672,-0.060816348,0.87673855,-0.8664305,-0.1996386,0.457649
1356441536609,0.16305065,-0.97854143,-0.1259802,0.48493487,-0.031715095,0.8739749,-0.8592162,-0.20359433,0.4693578
1356441536649,0.18042767,-0.9755981,-0.1251168,0.49046075,-0.021023273,0.87120974,-0.8525809,-0.21855524,0.47469938
1356441536689,0.19773382,-0.9697378,-0.1432125,0.49585873,-0.027077079,0.86798096,-0.8455918,-0.24264231,0.47549897
1356441536729,0.2128191,-0.96083367,-0.17750144,0.5030751,-0.04798299,0.8629097,-0.8376297,-0.2729402,0.47315985
1356441536804,0.22342181,-0.94690967,-0.23118117,0.5141325,-0.087014794,0.85328555,-0.82810056,-0.30950034,0.46739602
1356441536809,0.22484428,-0.92989796,-0.29109257,0.5278351,-0.13487571,0.83856946,-0.81904536,-0.3421964,0.46050668
1356441536836,0.21905988,-0.9098308,-0.35244945,0.54251397,-0.18666035,0.81904614,-0.81098175,-0.37062895,0.4527061
1356441536879,0.20646477,-0.8860392,-0.4150985,0.55680674,-0.24245244,0.7944702,-0.8045735,-0.39515972,0.44329482
1356441536919,0.18319327,-0.85850567,-0.4789657,0.57152706,-0.30340862,0.76243025,-0.79987305,-0.41341394,0.4350769
1356441536959,0.15398353,-0.8340288,-0.5297972,0.58328384,-0.3560676,0.73006564,-0.79753935,-0.42144018,0.43164694
1356441536999,0.12498337,-0.822745,-0.5544997,0.5885926,-0.38842744,0.70900136,-0.79871017,-0.41498774,0.4357146
1356441537039,0.10130727,-0.83079535,-0.54728055,0.5862277,-0.39460683,0.7075469,-0.80378723,-0.3925107,0.44705868
1356441537079,0.083204985,-0.8517365,-0.51732177,0.57840866,-0.38145256,0.7210668,-0.8114926,-0.35921973,0.46091306
1356441537119,0.066749275,-0.86972463,-0.48900282,0.5686792,-0.36953998,0.734877,-0.81984663,-0.32713827,0.46992773
1356441537158,0.04841721,-0.8725723,-0.4860797,0.55900824,-0.37962443,0.7371535,-0.82774734,-0.30741352,0.46939462
1356441537199,0.027632535,-0.855982,-0.5162666,0.5491963,-0.4185341,0.7233343,-0.83523643,-0.30351925,0.458537
1356441537239,0.00578475,-0.81995344,-0.57240105,0.5382277,-0.47987103,0.69284534,-0.84277964,-0.31209,0.4385457
1356441537279,-0.015276432,-0.7682537,-0.6399632,0.52592444,-0.5505217,0.64832807,-0.85039407,-0.32666814,0.41245347
1356441537319,-0.034384668,-0.70785016,-0.7055253,0.5129755,-0.61835563,0.5953927,-0.8577143,-0.34144482,0.3843717
1356441537358,-0.051444054,-0.6469716,-0.76077676,0.5000273,-0.67610806,0.5411566,-0.86448026,-0.35256985,0.35828528
1356441537399,-0.06702018,-0.5930955,-0.8023378,0.48742265,-0.7211213,0.49234456,-0.87059027,-0.35808063,0.33741787
1356441537439,-0.08161092,-0.5519178,-0.8298955,0.47543624,-0.7533851,0.45428115,-0.87595665,-0.3574881,0.3238861
1356441537479,-0.09518093,-0.5278727,-0.8439734,0.46438935,-0.7734595,0.4313965,-0.8805016,-0.35087153,0.31875706
1356441537519,-0.10722363,-0.52386975,-0.8450229,0.45464543,-0.78168994,0.42691743,-0.88419497,-0.33841014,0.32199055
1356441537559,-0.11679435,-0.54089487,-0.83294165,0.4467464,-0.7776534,0.44234937,-0.8870044,-0.32044983,0.3324683
1356441537599,-0.12264502,-0.577844,-0.80687946,0.44160962,-0.75986904,0.47705334,-0.8887852,-0.29781753,0.3483757
1356441537639,-0.12336457,-0.6321295,-0.7649794,0.44045442,-0.7256559,0.5286051,-0.8892587,-0.27172744,0.36794448
1356441537678,-0.11782366,-0.6986523,-0.7056929,0.44455284,-0.6725654,0.5916321,-0.88796973,-0.24400952,0.38983202
1356441537719,-0.10635477,-0.7668314,-0.63297576,0.45435393,-0.60371935,0.6550461,-0.88444966,-0.21792768,0.41262132
1356441537758,-0.092173696,-0.8217303,-0.56237286,0.4678535,-0.53429353,0.70401955,-0.8789864,-0.19821605,0.43369725
1356441537803,-0.08041179,-0.853548,-0.5147716,0.48139268,-0.48547673,0.72977626,-0.8728087,-0.1891247,0.44992986
1356441537840,-0.075099826,-0.86141056,-0.5023265,0.49273902,-0.4700091,0.7323249,-0.86693037,-0.19251835,0.45974815
1356441537880,-0.07820463,-0.84705806,-0.5257155,0.5024859,-0.48893964,0.71305394,-0.8610412,-0.20840046,0.46387205
1356441537920,-0.08965659,-0.8131119,-0.5751616,0.51205003,-0.53295255,0.6736219,-0.8542638,-0.23411682,0.4641366
1356441537960,-0.10804409,-0.76290315,-0.6374207,0.5220242,-0.58920306,0.61670923,-0.84605974,-0.26611727,0.46191394
1356441537999,-0.13129199,-0.7015918,-0.7003794,0.5319217,-0.646038,0.5474432,-0.83655345,-0.30067205,0.4580116
1356441538039,-0.15707326,-0.63519907,-0.7562077,0.5408815,-0.6959928,0.47227228,-0.82630205,-0.33483744,0.45288932
1356441538079,-0.18298554,-0.5695683,-0.8013167,0.5485233,-0.7355657,0.39757448,-0.81586677,-0.36679047,0.44701925
1356441538119,-0.20687139,-0.5119693,-0.8337215,0.5546938,-0.76333517,0.33111042,-0.8059274,-0.39396298,0.4418985
1356441538159,-0.22690833,-0.47154424,-0.8521495,0.5587036,-0.77970445,0.2826859,-0.79772365,-0.41195515,0.44037485
1356441538199,-0.24243939,-0.45516402,-0.85676646,0.55881697,-0.78741574,0.26019233,-0.7930616,-0.41569483,0.44525397
1356441538239,-0.25362635,-0.4661038,-0.8475971,0.5535017,-0.7885479,0.26800767,-0.79329026,-0.40117267,0.45798576
1356441538279,-0.26110524,-0.49815062,-0.8268435,0.5440078,-0.78351814,0.3002585,-0.79742074,-0.37141022,0.4755783
1356441538319,-0.26536918,-0.5359444,-0.80146295,0.5334696,-0.77404535,0.34097508,-0.8031123,-0.33707187,0.49131784
1356441538359,-0.2665261,-0.5622101,-0.78286886,0.5236634,-0.7663744,0.37208462,-0.80916035,-0.31078953,0.49866757
1356441538398,-0.26401937,-0.5684375,-0.7792128,0.5146895,-0.7662722,0.38460585,-0.81571347,-0.29950926,0.49487948
1356441538439,-0.2573619,-0.55451775,-0.7913754,0.5056689,-0.7751631,0.37870997,-0.8234464,-0.3027084,0.4798997
1356441538479,-0.24638689,-0.5273863,-0.8131158,0.49648973,-0.78921443,0.36143968,-0.832341,-0.3146496,0.45629388
1356441538519,-0.23226166,-0.49566156,-0.8368836,0.48708153,-0.8040255,0.3410201,-0.84190625,-0.3284247,0.4281718
