1356781709189,-0.9399346,-0.06336331,0.33542207,0.32954648,0.08777237,0.9400506,-0.08900553,0.99412334,-0.061619163
1356781709230,0.35852164,-0.025662959,-0.93316865,-0.92926866,-0.10511881,-0.3541324,-0.0890055,0.99412847,-0.06153515
1356781709270,0.35796762,-0.02516687,-0.9333948,-0.92948216,-0.10489327,-0.3536389,-0.08900678,0.99416506,-0.060940593
1356781709310,0.35624602,-0.023487896,-0.93409693,-0.9301429,-0.10414508,-0.35211924,-0.08901107,0.99428475,-0.058948368
1356781709350,0.3532882,-0.020084739,-0.93529886,-0.93127036,-0.10267463,-0.34956163,-0.089010656,0.99451214,-0.054978043
1356781709418,0.3487397,-0.0097411275,-0.93716896,-0.9329907,-0.09849301,-0.3461611,-0.0889326,0.99509,-0.043436795
1356781709460,0.34440055,-7.496774E-4,-0.9388225,-0.9346123,-0.09487668,-0.34278026,-0.08881536,0.99548876,-0.033376247
1356781709499,0.34470892,0.0072158873,-0.9386819,-0.93451583,-0.09178001,-0.34388456,-0.0886336,0.99575317,-0.024894059
1356781709538,0.34906107,0.014032751,-0.9369949,-0.93292356,-0.08909142,-0.34887868,-0.0883739,0.99592465,-0.018006861
1356781709578,0.35570636,0.019848108,-0.93438697,-0.93044823,-0.08658603,-0.35604617,-0.08797172,0.99604654,-0.012331545
1356781709619,0.36378592,0.024919838,-0.9311491,-0.9273788,-0.08404249,-0.36456203,-0.08734092,0.9961505,-0.007463336
1356781709658,0.37255514,0.02928409,-0.92754793,-0.9239743,-0.08140844,-0.37368995,-0.08645341,0.99625057,-0.0032714307
1356781709698,0.38183635,0.032680035,-0.92365205,-0.9202691,-0.078980386,-0.38323233,-0.0854744,0.9963404,-8.3208084E-5
1356781709738,0.39150634,0.03469476,-0.9195211,-0.91627276,-0.07723805,-0.39303756,-0.084658384,0.9964088,0.0015506744
1356781709778,0.40130118,0.035108924,-0.9152731,-0.912072,-0.07649371,-0.40283194,-0.08415553,0.99645185,0.0013247728
1356781709818,0.41040224,0.034118533,-0.91126615,-0.90804356,-0.07657081,-0.41181776,-0.08382696,0.9964802,-4.4372678E-4
1356781709858,0.41768485,0.032314032,-0.90801716,-0.9047688,-0.07678884,-0.41892338,-0.08326268,0.9965236,-0.0028368235
1356781709898,0.4221786,0.03036666,-0.9060039,-0.90279907,-0.076287895,-0.42324212,-0.08196962,0.9966233,-0.004792094
1356781709938,0.42342582,0.028706193,-0.90547585,-0.90242773,-0.07444641,-0.4243606,-0.079591215,0.99681175,-0.0056172907
1356781709978,0.4215274,0.027419925,-0.90640104,-0.903622,-0.071113825,-0.4223863,-0.07603943,0.9970913,-0.005199194
1356781710018,0.4169878,0.026297778,-0.90853155,-0.90610063,-0.066532046,-0.41779792,-0.071433574,0.9974377,-0.0039146543
1356781710062,0.41055053,0.024822742,-0.9114999,-0.909451,-0.061134458,-0.41129255,-0.065933466,0.99782085,-0.0025237203
1356781710099,0.40297017,0.022229552,-0.91494316,-0.913266,-0.055410177,-0.40357774,-0.05966848,0.9982162,-0.0020271838
1356781710139,0.3946424,0.017763495,-0.9186631,-0.9173156,-0.049853504,-0.39502752,-0.052815616,0.9985986,-0.0033795834
1356781710179,0.38524732,0.011019081,-0.9227476,-0.92168057,-0.044935912,-0.38533846,-0.045710593,0.99892914,-0.007155359
1356781710219,0.37395754,0.002002567,-0.9274437,-0.92663515,-0.040994674,-0.3737201,-0.03876859,0.99915737,-0.013474643
1356781710259,0.35976818,-0.008996338,-0.93299836,-0.9324813,-0.038119346,-0.35920125,-0.03233379,0.9992327,-0.022103012
1356781710299,0.34229356,-0.021763831,-0.93934095,-0.9392204,-0.03607905,-0.34141362,-0.026460111,0.9991119,-0.03279063
1356781710339,0.32110155,-0.036019415,-0.9463596,-0.9468125,-0.034338355,-0.3199483,-0.020972073,0.99876094,-0.045129776
1356781710379,0.2962368,-0.051496804,-0.9537252,-0.9549869,-0.032293737,-0.29488492,-0.0156137645,0.9981508,-0.058745354
1356781710419,0.2674051,-0.06779754,-0.96119606,-0.9635298,-0.029412448,-0.26597977,-0.010238379,0.99726546,-0.073189944
1356781710459,0.23459816,-0.084522456,-0.96841085,-0.9720807,-0.025286496,-0.23328009,-0.0047703683,0.99610066,-0.0880948
1356781710499,0.19817635,-0.10144025,-0.97490305,-0.980166,-0.019642502,-0.19720238,8.547306E-4,0.9946477,-0.10332093
1356781710539,0.15939873,-0.11867839,-0.98005486,-0.98719114,-0.0123612285,-0.1590625,0.006762624,0.9928558,-0.119128615
1356781710579,0.11992738,-0.13655394,-0.9833466,-0.9926962,-0.003422588,-0.120592415,0.013101786,0.99062675,-0.13596708
1356781710619,0.081136495,-0.15515217,-0.9845531,-0.9965049,0.007065028,-0.08323479,0.019869953,0.9878653,-0.1540367
1356781710660,0.043384194,-0.17381677,-0.98382187,-0.9986974,0.018924713,-0.047383636,0.026854604,0.98459613,-0.17276931
1356781710699,0.005677879,-0.19077033,-0.9816183,-0.99941117,0.032137036,-0.012026429,0.033840626,0.98110855,-0.19047552
1356781710739,-0.03388077,-0.203302,-0.9785297,-0.9985993,0.046698987,0.024873286,0.04063961,0.97800183,-0.2045995
1356781710780,-0.07690185,-0.20863047,-0.97496635,-0.9959465,0.061831176,0.06532562,0.046654403,0.976038,-0.21253967
1356781710819,-0.123963356,-0.20478016,-0.9709265,-0.99101,0.07517123,0.11067295,0.050322175,0.9759172,-0.21225774
1356781710859,-0.1739935,-0.19138363,-0.9659703,-0.9835155,0.08281198,0.16074663,0.04922965,0.9780156,-0.2026375
1356781710900,-0.22446054,-0.17007187,-0.9595275,-0.9736223,0.080519915,0.21348593,0.04095313,0.9821365,-0.18365926
1356781710939,-0.27179068,-0.14465094,-0.95142317,-0.96204495,0.06599057,0.26479197,0.024482578,0.9872798,-0.15709633
1356781710979,-0.31276268,-0.11968526,-0.9422605,-0.9498308,0.04044044,0.31013876,9.864271E-4,0.9919879,-0.126329
1356781711019,-0.34597182,-0.09847996,-0.9330623,-0.9378513,0.007497847,0.3469562,-0.027172297,0.9951108,-0.0949536
1356781711060,-0.37181246,-0.082458675,-0.9246383,-0.9264491,-0.030038357,0.37521946,-0.058714777,0.9961417,-0.065225124
1356781711097,-0.39137805,-0.07217461,-0.91739535,-0.9157683,-0.06750351,0.39599466,-0.09050813,0.99510515,-0.03967589
1356781711138,-0.40591115,-0.06718671,-0.91143966,-0.9057204,-0.10365909,0.41100535,-0.12209311,0.99234104,-0.01877594
1356781711178,-0.41736925,-0.06630209,-0.906315,-0.8959937,-0.13641214,0.42259553,-0.15165132,0.988431,-0.002472043
1356781711218,-0.42790157,-0.06772211,-0.9012846,-0.8862846,-0.16406453,0.43310782,-0.17719984,0.98412216,0.01018244
1356781711258,-0.43956542,-0.06967172,-0.89550436,-0.8762561,-0.18581921,0.44457433,-0.19737616,0.98011065,0.020629466
1356781711304,-0.4541558,-0.070590645,-0.88812137,-0.86543214,-0.20179272,0.4585924,-0.21158877,0.97688115,0.030553937
1356781711348,-0.47306973,-0.070628405,-0.87818956,-0.8531466,-0.21204263,0.4766329,-0.21987739,0.9747049,0.04005444
1356781711388,-0.49406797,-0.07030767,-0.86657584,-0.840278,-0.21729606,0.4967044,-0.22322568,0.9735704,0.048281074
1356781711428,-0.5144241,-0.0701552,-0.8546615,-0.828134,-0.2180984,0.5163597,-0.22262555,0.973402,0.054097056
1356781711468,-0.5314863,-0.0714083,-0.8440517,-0.81795967,-0.21570224,0.5333053,-0.2201463,0.97384465,0.056233585
1356781711508,-0.542932,-0.0748266,-0.8364364,-0.8110081,-0.21175021,0.5453693,-0.21792373,0.9744552,0.054280996
1356781711548,-0.54848355,-0.07975644,-0.83234894,-0.80762726,-0.2072972,0.5520563,-0.2165736,0.9750215,0.04928559
1356781711588,-0.55031747,-0.0842472,-0.83069426,-0.8068572,-0.20226806,0.5550396,-0.21478349,0.9756997,0.043336272
1356781711628,-0.5519635,-0.08621019,-0.8293998,-0.8067861,-0.19621938,0.55730975,-0.21079013,0.9767629,0.038752794
1356781711668,-0.5564593,-0.084703475,-0.8265461,-0.805429,-0.1893171,0.5616434,-0.20405242,0.9782558,0.037124515
1356781711708,-0.56530076,-0.080271274,-0.8209698,-0.8014188,-0.18225539,0.5696586,-0.19535339,0.9799691,0.038698256
1356781711755,-0.58080125,-0.07264054,-0.8107979,-0.79299766,-0.1745385,0.5836875,-0.18391481,0.9819673,0.043768406
1356781711785,-0.60000384,-0.066504955,-0.7972281,-0.7810156,-0.16709858,0.60174155,-0.17323443,0.9836947,0.048318326
1356781711828,-0.6190296,-0.060729444,-0.783016,-0.76873595,-0.15724117,0.6199356,-0.16077077,0.98569113,0.050652146
1356781711868,-0.6384738,-0.05700609,-0.7675296,-0.7557467,-0.1422174,0.6392349,-0.1455963,0.98819256,0.047719896
1356781711908,-0.65434563,-0.057228476,-0.754027,-0.7454643,-0.118572235,0.6559142,-0.12694365,0.99129486,0.03492546
1356781711948,-0.66129285,-0.06492564,-0.7473129,-0.7426189,-0.08394575,0.6644323,-0.10587242,0.99435294,0.0072976947
1356781711988,-0.6531608,-0.08411744,-0.75253254,-0.75246096,-0.03913474,0.65747315,-0.08475512,0.99568707,-0.037733793
1356781712070,-0.62083143,-0.12018439,-0.7746768,-0.78122926,0.012680173,0.6241154,-0.065185875,0.9926706,-0.101763785
1356781712070,-0.5777302,-0.15816423,-0.80075705,-0.8147224,0.052188277,0.5774978,-0.0495494,0.98603266,-0.15901065
1356781712108,-0.53442854,-0.18973565,-0.8236423,-0.8443192,0.075021744,0.5305628,-0.03887558,0.97896487,-0.20029122
1356781712148,-0.5023803,-0.20649374,-0.8396275,-0.8639523,0.08096808,0.49702185,-0.034648865,0.9750921,-0.21907747
1356781712188,-0.48805517,-0.20552692,-0.84826934,-0.8719888,0.0725956,0.48411304,-0.037917614,0.9759552,-0.21464783
1356781712228,-0.48965293,-0.18971777,-0.85102713,-0.87058055,0.05235076,0.48923293,-0.048264265,0.98044205,-0.19079834
1356781712268,-0.5005972,-0.16458803,-0.84989023,-0.8633004,0.022164583,0.50420356,-0.06414834,0.9861134,-0.15318447
1356781712308,-0.5122059,-0.13613561,-0.8480049,-0.85480666,-0.015040278,0.51872873,-0.0833717,0.990576,-0.10866588
1356781712348,-0.5179265,-0.1084533,-0.8485222,-0.8491169,-0.055062175,0.52532727,-0.103694946,0.99257547,-0.06357139
1356781712388,-0.51576525,-0.08263633,-0.8527352,-0.847819,-0.09395218,0.5218964,-0.12324393,0.9921412,-0.021603405
1356781712428,-0.5066768,-0.058119178,-0.8601749,-0.8506154,-0.12886304,0.5097527,-0.14047113,0.98995787,0.015854776
1356781712468,-0.49074394,-0.034870178,-0.87060577,-0.85748184,-0.15794241,0.4896723,-0.15458053,0.9868324,0.047608793
1356781712508,-0.46391344,-0.014148802,-0.8857676,-0.87012315,-0.18047023,0.45860252,-0.16634336,0.98347867,0.07141137
1356781712549,-0.41693723,0.0025076568,-0.9089318,-0.8913429,-0.19692105,0.40832576,-0.17796391,0.98041606,0.08433896
1356781712588,-0.34288567,0.015888244,-0.9392427,-0.9198587,-0.2084415,0.33228323,-0.19049776,0.97790575,0.08608657
1356781712630,-0.23819959,0.026372015,-0.9708581,-0.9495313,-0.2163809,0.22708938,-0.2040863,0.97595274,0.07658285
1356781712668,-0.123165965,0.037137,-0.99169105,-0.96882606,-0.22095388,0.112051874,-0.2149567,0.97457707,0.06319323
1356781712708,-0.019238174,0.047014803,-0.99870896,-0.9753535,-0.2204879,0.008408725,-0.2198079,0.974256,0.050097793
1356781712749,0.05323589,0.0538781,-0.9971274,-0.97480893,-0.21378279,-0.06359574,-0.21659508,0.97539425,0.04113996
1356781712788,0.08050847,0.055060923,-0.995232,-0.97527236,-0.20182455,-0.0900597,-0.20582104,0.9778728,0.03745079
1356781712828,0.044893682,0.047834903,-0.9978459,-0.98082864,-0.18749386,-0.053116173,-0.18963075,0.9811003,0.038500518
1356781712869,-0.08712572,0.028189838,-0.99579847,-0.9814877,-0.17357266,0.080960006,-0.1705611,0.98441756,0.04279059
1356781712919,-0.3551185,-0.0081246495,-0.93478596,-0.923241,-0.15385932,0.35206994,-0.14668599,0.9880593,0.04713732
1356781712958,-0.73023576,-0.060102314,-0.6805465,-0.67201126,-0.11631334,0.7313495,-0.12311238,0.99139243,0.044546664
1356781713009,-0.9210243,-0.083272874,-0.3804992,-0.3772463,-0.052439928,0.92462707,-0.09694973,0.99514604,0.016884208
1356781713066,-0.9886157,-0.07634353,-0.129656,-0.13136545,0.017791212,0.99117434,-0.07336301,0.99692285,-0.027617574
1356781713089,-0.9984552,-0.053997997,0.013091102,0.008328922,0.08749193,0.9961304,-0.054934412,0.9947006,-0.08690703
1356781713129,-0.9969253,-0.03370578,0.070737675,0.06492588,0.15009588,0.98653734,-0.04386944,0.9880967,-0.14744604
1356781713169,-0.9982174,-0.031646058,0.050600618,0.0435102,0.19444299,0.9799483,-0.04085043,0.9804032,-0.1927194
1356781713209,-0.99840885,-0.051577933,-0.022793343,-0.0332388,0.21176487,0.97675526,-0.045552187,0.9759587,-0.21314228
1356781713249,-0.99058884,-0.08125867,-0.110139795,-0.124447405,0.1997264,0.9719168,-0.05697883,0.97647655,-0.20795918
1356781713289,-0.97640985,-0.10796241,-0.18699743,-0.20301926,0.16409838,0.9653263,-0.07353298,0.9805181,-0.18214577
1356781713329,-0.9600571,-0.12678355,-0.24943212,-0.2639753,0.11482197,0.95767057,-0.09277659,0.9852623,-0.14370334
1356781713368,-0.94353,-0.13761365,-0.301353,-0.3117476,0.061037242,0.9482025,-0.11209184,0.9886036,-0.100491166
1356781713408,-0.927417,-0.14117883,-0.3463615,-0.35108495,0.0092404485,0.936298,-0.12898493,0.989941,-0.05813551
1356781713448,-0.91177726,-0.13834113,-0.38668323,-0.3854305,-0.03683418,0.9220014,-0.14179386,0.9896994,-0.01973635
1356781713488,-0.89519095,-0.13121088,-0.42593062,-0.41942096,-0.07519144,0.9046725,-0.15072916,0.9884988,0.01227802
1356781713528,-0.87363875,-0.12322402,-0.4707136,-0.46014947,-0.10524112,0.88158196,-0.15817049,0.9867827,0.035241187
1356781713568,-0.84037477,-0.117227465,-0.5291767,-0.51562715,-0.12796134,0.84720397,-0.16702975,0.9848267,0.047089815
1356781713609,-0.7860471,-0.11343376,-0.60766983,-0.5918521,-0.14565891,0.79277647,-0.17844018,0.9828104,0.04735881
1356781713649,-0.70298105,-0.10687631,-0.7031323,-0.6854828,-0.16167915,0.7099107,-0.18955451,0.98103887,0.040395558
1356781713689,-0.5886112,-0.09355074,-0.8029851,-0.78413427,-0.175547,0.59524494,-0.19664726,0.98001605,0.029972613
1356781713728,-0.44478953,-0.06984916,-0.89290726,-0.8738079,-0.18491364,0.44974062,-0.19652474,0.9802693,0.021212935
1356781713769,-0.28544867,-0.03862253,-0.9576154,-0.9399545,-0.18377662,0.28759634,-0.18709502,0.98220897,0.016155362
1356781713808,-0.114290595,-0.0052798986,-0.99343336,-0.9783976,-0.17280209,0.11347917,-0.17226651,0.98494244,0.014583826
1356781713850,0.048180163,0.024175376,-0.99854606,-0.9868307,-0.15339637,-0.05132878,-0.15441424,0.987869,0.01646635
1356781713899,0.18696544,0.04634136,-0.9812728,-0.97312266,-0.12797186,-0.19145611,-0.1344477,0.9906945,0.021169513
1356781713938,0.30927834,0.058048695,-0.94919825,-0.94394445,-0.1023778,-0.31382748,-0.115394086,0.99305046,0.02313149
1356781713978,0.4596248,0.057563365,-0.8862458,-0.8830155,-0.077145964,-0.4629603,-0.09501976,0.99535674,0.015371114
1356781714018,0.68091905,0.042254537,-0.7311387,-0.7288203,-0.05892177,-0.6821651,-0.07190457,0.9973679,-0.009324983
1356781714067,0.91005576,0.020990282,-0.41395414,-0.41182578,-0.067178994,-0.908783,-0.04688464,0.99752015,-0.05249229
1356781714099,0.9975648,0.015953308,-0.06789681,-0.06579905,-0.107566774,-0.9920181,-0.023129407,0.99406993,-0.106255114
1356781714140,0.98710966,0.029675998,0.15726998,0.15996724,-0.15224722,-0.9753108,-0.0049993917,0.9878968,-0.15503189
1356781714179,0.95621794,0.05048827,0.28826755,0.2926279,-0.17847902,-0.93942225,0.004019916,0.98264754,-0.18543911
1356781714219,0.9259398,0.070672944,0.3709999,0.3776654,-0.17874268,-0.90852624,0.0021052659,0.9813544,-0.19219568
1356781714259,0.90066457,0.08670609,0.42577618,0.43437892,-0.15514839,-0.88726765,-0.010873035,0.9840787,-0.17739996
1356781714299,0.8838461,0.09781253,0.45743716,0.46659237,-0.11476967,-0.8769946,-0.033281133,0.98856497,-0.14707729
1356781714339,0.87894034,0.10526408,0.4651702,0.472942,-0.06647554,-0.87858224,-0.061560735,0.9922199,-0.108211845
1356781714379,0.88616234,0.111236334,0.4498253,0.4543659,-0.018101279,-0.89063126,-0.09092815,0.99362916,-0.06658267
1356781714419,0.9020471,0.11768782,0.4152838,0.4154076,0.024648843,-0.9093014,-0.11724998,0.9927447,-0.026654005
1356781714459,0.9237681,0.12719108,0.36121312,0.35669178,0.057496786,-0.93245107,-0.13936803,0.99021035,0.007745683
1356781714500,0.9491241,0.14393955,0.28008017,0.27157983,0.07605696,-0.95940584,-0.1593985,0.98665935,0.033096407
1356781714540,0.9691745,0.16774926,0.1804464,0.1693297,0.07848513,-0.9824294,-0.17896415,0.98270047,0.047660857
1356781714580,0.9774274,0.19440201,0.082725406,0.07097912,0.06664261,-0.9952491,-0.19899145,0.9786555,0.051339835
1356781714628,0.9764039,0.21574953,0.009358138,-0.0011432618,0.048497915,-0.9988226,-0.21594937,0.9752436,0.04760021
1356781714670,0.9738954,0.22510889,-0.029219873,-0.038372107,0.036388755,-0.9986008,-0.22373062,0.97365385,0.04407674
1356781714720,0.9763812,0.21521445,-0.019038469,-0.028048947,0.038891047,-0.99884963,-0.21422647,0.97579205,0.04400903
1356781714759,0.9802703,0.19763637,-0.003146261,-0.012168266,0.044451773,-0.99893737,-0.1972865,0.979267,0.04597965
1356781714818,0.98465246,0.17164285,0.031595357,0.022458732,0.054914325,-0.9982385,-0.17307553,0.9836276,0.050216645
1356781714848,0.98664206,0.13842365,0.085885584,0.076973945,0.06850478,-0.9946768,-0.14357038,0.988001,0.056934685
1356781714885,0.9824593,0.10511575,0.15402725,0.14614415,0.07901752,-0.9861025,-0.11582574,0.9913158,0.06226945
1356781714915,0.96673864,0.07311194,0.24509394,0.23895691,0.083482355,-0.96743494,-0.09119207,0.9938236,0.063235015
1356781714959,0.93394834,0.046242505,0.3544039,0.35086867,0.07018983,-0.9337905,-0.068056375,0.99646133,0.04932863
1356781714998,0.878918,0.03258398,0.47585863,0.47477934,0.03580558,-0.87937623,-0.045691952,0.9988274,0.015999973
1356781715064,0.8132882,0.03963676,0.5805093,0.5813432,-0.0132730305,-0.8135501,-0.024541348,0.99912596,-0.033837356
1356781715080,0.75302243,0.0633561,0.65493757,0.6579598,-0.062233627,-0.7504771,-0.0067881346,0.9960487,-0.08854908
1356781715119,0.6897988,0.09284869,0.7180229,0.7239878,-0.09448768,-0.68331087,0.0043997765,0.99118674,-0.13239881
1356781715159,0.59211755,0.121010125,0.79671407,0.8058246,-0.09701125,-0.5841537,0.006601721,0.9878995,-0.15495498
1356781715199,0.38039678,0.14291918,0.9137136,0.92482305,-0.057965815,-0.3759552,-7.67082E-4,0.98803544,-0.15422499
1356781715239,-0.20284039,0.12830836,0.97076917,0.97908133,0.04275942,0.19892558,-0.015985698,0.99081206,-0.13429767
1356781715279,-0.91806984,0.00753586,0.3963471,0.39478326,0.10810739,0.91239184,-0.0359724,0.99411064,-0.102225244
1356781715319,-0.99195945,-0.06476127,-0.108730674,-0.11255055,0.058579743,0.99191767,-0.05786845,0.9961799,-0.06539756
1356781715359,-0.92974496,-0.08504747,-0.3582473,-0.3594585,-0.0011454821,0.93316036,-0.07977328,0.9963762,-0.029505968
1356781715399,-0.84816694,-0.08470298,-0.5229134,-0.52006656,-0.05453509,0.852383,-0.10071652,0.99491274,0.0022036433
1356781715439,-0.7498125,-0.07259673,-0.6576556,-0.6505656,-0.1002869,0.75279933,-0.12060505,0.99230653,0.027967513
1356781715479,-0.6248801,-0.0522829,-0.7789681,-0.7680074,-0.13816154,0.62536067,-0.14031908,0.98902875,0.046180725
1356781715520,-0.4639982,-0.026387662,-0.8854431,-0.8710277,-0.16841173,0.4614631,-0.16129592,0.9853635,0.055158377
1356781715560,-0.27401298,0.0020374656,-0.96172386,-0.94396484,-0.19186747,0.26854664,-0.18397635,0.9814188,0.05449742
1356781715600,-0.08723909,0.029303282,-0.99575627,-0.9746053,-0.20944744,0.07922235,-0.20623717,0.97738075,0.04683116
1356781715640,0.06297982,0.052482456,-0.99663395,-0.97258437,-0.22076732,-0.073085606,-0.22385985,0.9739135,0.037139684
1356781715680,0.16622448,0.07044652,-0.9835684,-0.9583008,-0.22357792,-0.1779677,-0.23244137,0.972137,0.030344814
1356781715721,0.2279231,0.08281207,-0.97015107,-0.9463309,-0.21564925,-0.24073467,-0.22914812,0.97295296,0.0292162
1356781715760,0.25567448,0.089261234,-0.96263343,-0.9422496,-0.19979823,-0.26878715,-0.21632463,0.97576296,0.033023
1356781715801,0.25430402,0.09094998,-0.9628383,-0.94719505,-0.17764482,-0.26695266,-0.19532263,0.97988284,0.040971577
1356781715840,0.22237918,0.08828354,-0.970955,-0.9598328,-0.15492943,-0.23391876,-0.17108062,0.983973,0.050284356
1356781715881,0.16944957,0.08236283,-0.98209125,-0.9748996,-0.13201976,-0.17928058,-0.14442152,0.9878194,0.057924777
1356781715920,0.10523236,0.07071653,-0.9919301,-0.9875796,-0.10959679,-0.1125842,-0.116673976,0.99145734,0.058305085
1356781715961,0.064561665,0.048073173,-0.9967551,-0.9941305,-0.083794,-0.06843299,-0.08681193,0.99532276,0.042381138
1356781715999,0.061165154,0.010800689,-0.99806917,-0.9965147,-0.056162715,-0.061677665,-0.056720495,0.99836314,0.0073278844
1356781716065,0.11284059,-0.043312818,-0.9926686,-0.99320495,-0.03354889,-0.11143768,-0.028476268,0.9984981,-0.04680419
1356781716080,0.19188964,-0.10388762,-0.97590256,-0.9814016,-0.025791645,-0.19022536,-0.0054080784,0.9942546,-0.106904596
1356781716119,0.25267485,-0.15254682,-0.95545006,-0.9675012,-0.029796869,-0.2511045,0.00983575,0.987847,-0.15511817
1356781716158,0.26736504,-0.17797083,-0.9470176,-0.9634723,-0.033671796,-0.26568276,0.015395999,0.98345953,-0.18047264
1356781716208,0.21400294,-0.17140436,-0.9616773,-0.9768069,-0.030351788,-0.21195996,0.007142186,0.9847331,-0.17392433
1356781716248,0.14667279,-0.14849138,-0.97797614,-0.9891505,-0.030270517,-0.14375252,-0.008257806,0.9884502,-0.15132022
1356781716288,0.074223965,-0.1150372,-0.99058425,-0.9968091,-0.037810713,-0.07029939,-0.029367656,0.9926413,-0.11747658
1356781716328,0.012671292,-0.077560544,-0.9969071,-0.9984702,-0.054644585,-0.008439779,-0.053820938,0.995489,-0.07813436
1356781716368,-0.029821217,-0.04099539,-0.9987142,-0.9964206,-0.077848434,0.032948285,-0.07909906,0.996122,-0.03852707
1356781716408,-0.05237013,-0.007948846,-0.9985961,-0.99328375,-0.10289669,0.052910686,-0.10317287,0.99466026,-0.0025067031
1356781716448,-0.057081223,0.020122617,-0.9981667,-0.99048173,-0.12657034,0.054090112,-0.12524986,0.99175346,0.027155876
1356781716488,-0.045606256,0.041802675,-0.99808455,-0.9882165,-0.14802325,0.03895563,-0.14611122,0.9881001,0.048060775
1356781716528,-0.019183338,0.05596423,-0.99824846,-0.9857451,-0.16797572,0.009525925,-0.16714844,0.9842013,0.05838886
1356781716569,0.01746434,0.0633553,-0.99783826,-0.9820421,-0.18641585,-0.029023886,-0.1878517,0.9804261,0.058961958
1356781716609,0.05695337,0.065591484,-0.99621993,-0.97684526,-0.20245534,-0.06917545,-0.20622736,0.9770924,0.05254218
1356781716648,0.08966094,0.06582567,-0.9937947,-0.97168374,-0.21323544,-0.10179007,-0.21861267,0.9747808,0.04484287
1356781716689,0.10895628,0.06572327,-0.9918715,-0.96896696,-0.21570039,-0.12073293,-0.22188196,0.9742453,0.040181667
1356781716728,0.110601425,0.06536445,-0.99171305,-0.9700655,-0.20995891,-0.12202567,-0.21619508,0.9755228,0.040186018
1356781716769,0.09353924,0.06486967,-0.9935,-0.97488606,-0.196599,-0.10462347,-0.202108,0.97833574,0.044850826
1356781716808,0.054835856,0.063204736,-0.996493,-0.98139465,-0.18050021,-0.06545365,-0.18400419,0.9815421,0.052130908
1356781716849,-0.002939701,0.061246812,-0.99811834,-0.9865821,-0.16311115,-0.0071031153,-0.1632393,0.98470485,0.060904533
1356781716888,-0.078540444,0.056931973,-0.9952839,-0.9867604,-0.14654583,0.06948519,-0.14189881,0.9875642,0.06768805
1356781716928,-0.15465951,0.04758829,-0.9868211,-0.9808015,-0.12748355,0.14756829,-0.11878091,0.9906984,0.06639117
1356781716969,-0.21800512,0.028448641,-0.9755329,-0.9714667,-0.10200125,0.21412182,-0.09341407,0.9943774,0.04987371
1356781717008,-0.24920237,-0.005116403,-0.96843785,-0.9662232,-0.066481054,0.2489838,-0.06565672,0.99777454,0.011623681
1356781717065,-0.22667712,-0.06116444,-0.9720475,-0.97331804,-0.022284627,0.22837567,-0.035630167,0.9978789,-0.05448097
1356781717099,-0.1862256,-0.11679804,-0.9755399,-0.9824468,0.011141896,0.1862101,-0.010879606,0.9930932,-0.11682278
1356781717139,-0.1478515,-0.1582197,-0.97627175,-0.9889952,0.028980702,0.14508161,0.005338311,0.98697853,-0.16076338
1356781717179,-0.1305832,-0.1766791,-0.9755678,-0.99137235,0.034537584,0.12644383,0.011353731,0.98366237,-0.17966479
1356781717218,-0.13896775,-0.17201647,-0.9752427,-0.99026823,0.031623244,0.13553104,0.0075267553,0.98458636,-0.1747371
1356781717258,-0.16552666,-0.14977512,-0.9747658,-0.98619664,0.02100268,0.16424066,-0.0041264296,0.98849696,-0.15118426
1356781717298,-0.19728714,-0.11798239,-0.97322047,-0.98011637,0.002262175,0.19841084,-0.021207422,0.99301314,-0.11608279
1356781717338,-0.22239125,-0.084391505,-0.9712982,-0.9740591,-0.023526967,0.22506756,-0.04184547,0.99615484,-0.07697016
1356781717378,-0.23551768,-0.053586245,-0.97039163,-0.96971595,-0.053484976,0.23830724,-0.0646714,0.9971298,-0.039366722
1356781717418,-0.23710364,-0.026776344,-0.97111523,-0.96745956,-0.08438951,0.23853794,-0.08833909,0.996073,-0.0058959723
1356781717458,-0.22956693,-0.0038600862,-0.9732852,-0.96684587,-0.11400217,0.22850028,-0.1118387,0.99347293,0.022439063
1356781717498,-0.21327806,0.0145332515,-0.9768834,-0.96762836,-0.14124084,0.20915622,-0.13493606,0.9898686,0.044186354
1356781717538,-0.18658942,0.02716586,-0.98206234,-0.96964025,-0.165914,0.17963976,-0.15805781,0.985766,0.05729887
1356781717578,-0.149108,0.03369081,-0.9882468,-0.97207177,-0.18816358,0.14025274,-0.18122688,0.98155963,0.060806632
1356781717619,-0.10359204,0.035209537,-0.9939965,-0.9736674,-0.20763862,0.0941183,-0.20307812,0.9775718,0.055791974
1356781717658,-0.058806777,0.035228103,-0.9976476,-0.97375953,-0.22211838,0.04955545,-0.21985012,0.9743831,0.047365785
1356781717699,-0.022442937,0.03568682,-0.99911094,-0.9734124,-0.2286495,0.0136986375,-0.22795734,0.9728545,0.039869547
1356781717740,-5.636811E-4,0.03747654,-0.9992974,-0.9740658,-0.22612602,-0.007930934,-0.22626439,0.97337687,0.03663206
1356781717789,0.0010147095,0.041336685,-0.99914473,-0.9779155,-0.20877856,-0.00963071,-0.20899814,0.9770889,0.040211946
1356781717828,-0.022271872,0.042071253,-0.9988664,-0.98189056,-0.18893594,0.013935536,-0.18813545,0.9810878,0.045517296
1356781717868,-0.06407839,0.041217357,-0.99709326,-0.9842347,-0.16766012,0.056321412,-0.16485137,0.98498285,0.051310986
1356781717927,-0.12904143,0.037302822,-0.99093735,-0.98158324,-0.146756,0.12229875,-0.1408639,0.9884691,0.055553406
1356781717949,-0.20917696,0.028521806,-0.9774618,-0.9710096,-0.12432045,0.20416856,-0.11569515,0.99183214,0.05369985
1356781717998,-0.27605647,0.006166309,-0.9611216,-0.9573256,-0.09078175,0.27438372,-0.08556038,0.9958517,0.030964017
1356781718042,-0.33769435,-0.029286474,-0.9408001,-0.9396446,-0.04796809,0.3387728,-0.055049837,0.9984194,-0.011320353
1356781718078,-0.35144395,-0.078467995,-0.93291485,-0.93583834,0.001406014,0.352427,-0.026342541,0.9969157,-0.07392752
1356781718118,-0.32639349,-0.13594764,-0.93540657,-0.94522935,0.04383719,0.3234498,-0.0029666126,0.9897457,-0.14280987
1356781718158,-0.29636377,-0.18729123,-0.93653107,-0.9549935,0.07093239,0.28802082,0.012486607,0.97974,-0.19988364
1356781718198,-0.30252436,-0.21734864,-0.9280294,-0.9529552,0.08823243,0.28998533,0.01885441,0.9720981,-0.23381597
1356781718238,-0.3580618,-0.22082475,-0.90720904,-0.93356085,0.10132331,0.34379917,0.016002089,0.9700361,-0.24243337
1356781718278,-0.44034672,-0.20366395,-0.87442315,-0.89781535,0.10502303,0.42766553,0.0047344863,0.9733916,-0.22909915
1356781718318,-0.51895106,-0.17704207,-0.836269,-0.8546974,0.09202552,0.51090467,-0.013493538,0.97989154,-0.19907415
1356781718358,-0.5785465,-0.14984414,-0.80176723,-0.8148265,0.06203401,0.57637626,-0.036629766,0.9867616,-0.15798652
1356781718398,-0.61871266,-0.12552476,-0.7755245,-0.783151,0.020386815,0.6214974,-0.06220284,0.991881,-0.1109184
1356781718438,-0.64241827,-0.104821354,-0.7591516,-0.76129663,-0.026329517,0.647869,-0.08789864,0.9941424,-0.06288552
1356781718478,-0.649747,-0.08827615,-0.7550074,-0.751736,-0.07275641,0.6554384,-0.11279121,0.9934354,-0.019087076
1356781718518,-0.63685805,-0.076443225,-0.76718193,-0.7585702,-0.11569673,0.6412375,-0.13777876,0.9903387,0.015694976
1356781718558,-0.59842885,-0.06834006,-0.79825586,-0.7842838,-0.15354961,0.6011001,-0.16365117,0.9857749,0.03829056
1356781718598,-0.5332961,-0.060615063,-0.8437542,-0.82465136,-0.1850481,0.534516,-0.18853486,0.9808583,0.04869914
1356781718638,-0.4489075,-0.049529344,-0.8922044,-0.8691293,-0.2077617,0.44883096,-0.20759627,0.97692466,0.050218403
1356781718678,-0.36095762,-0.03416753,-0.9319562,-0.90722084,-0.2186045,0.35939187,-0.21600929,0.97521526,0.04790944
1356781718718,-0.2872646,-0.01755035,-0.9576905,-0.9340602,-0.21632254,0.28414086,-0.2121568,0.9761642,0.04574871
1356781718758,-0.24458975,-0.004474938,-0.96961635,-0.94913685,-0.20338434,0.24036232,-0.1982804,0.9790888,0.0454984
1356781718798,-0.25373858,8.201897E-4,-0.9672725,-0.95069087,-0.18458092,0.24923232,-0.17833558,0.98281705,0.04761499
1356781718838,-0.34338993,-0.004603356,-0.93918157,-0.92616427,-0.16432571,0.33943594,-0.15589425,0.98639536,0.052164376
1356781718878,-0.5288505,-0.021151364,-0.84845144,-0.83827347,-0.14331234,0.5260791,-0.13272083,0.98945147,0.05806011
1356781718918,-0.7532261,-0.042297006,-0.6564002,-0.6486966,-0.11733729,0.75194716,-0.108825386,0.99219096,0.060943723
1356781718958,-0.91205686,-0.054915935,-0.40636998,-0.4015342,-0.08147085,0.91221315,-0.08320232,0.9951617,0.052255332
1356781718998,-0.9842553,-0.050510097,-0.16938184,-0.16790824,-0.032145977,0.9852784,-0.05521145,0.9982061,0.023158789
1356781719066,-0.99873155,-0.024610182,0.04392679,0.043208294,0.02900356,0.99864495,-0.025850868,0.9992763,-0.027903438
1356781719080,-0.97157377,0.022951305,0.23562159,0.23673195,0.087843776,0.9675957,0.0015096962,0.99586976,-0.09077996
1356781719119,-0.92490953,0.075555965,0.37260383,0.37955284,0.12691265,0.916424,0.02195315,0.9890321,-0.14606023
1356781719159,-0.8973963,0.1075979,0.42790493,0.44008553,0.14860553,0.8855739,0.031696856,0.9830255,-0.18071038
1356781719200,-0.904309,0.107226446,0.4131922,0.4258672,0.16002148,0.8905225,0.029367939,0.98127246,-0.19037306
1356781719239,-0.92930573,0.08033575,0.3604677,0.36895734,0.15923584,0.9157043,0.016164422,0.9839665,-0.17761916
1356781719279,-0.952902,0.040420115,0.3005727,0.30323866,0.1430096,0.94212234,-0.0049041063,0.98889554,-0.14853108
1356781719319,-0.96754014,-0.0015929714,0.25271246,0.2508814,0.11426741,0.96124995,-0.030408055,0.99344873,-0.11015874
1356781719358,-0.9736491,-0.04077708,0.2243761,0.22068676,0.07954401,0.9720957,-0.057486996,0.99599695,-0.06844902
1356781719398,-0.9730842,-0.07602317,0.21754907,0.21457416,0.04542327,0.9756509,-0.08405386,0.99607086,-0.02788806
1356781719440,-0.96677464,-0.10812903,0.23163517,0.23111618,0.017481685,0.9727691,-0.10923393,0.9939831,0.008089602
1356781719478,-0.95409125,-0.13835573,0.26564556,0.26814336,6.0778856E-4,0.96337885,-0.13345045,0.9903824,0.03651929
1356781719521,-0.93310225,-0.16729736,0.31832662,0.32304627,-0.0010545254,0.9463826,-0.15799162,0.98590595,0.055028796
1356781719558,-0.8987047,-0.19279608,0.39390296,0.3985177,0.015913904,0.9170225,-0.1830669,0.9811098,0.062530756
1356781719600,-0.8387402,-0.2084962,0.50303483,0.50387913,0.053065836,0.8621425,-0.2064474,0.97658247,0.060548484
1356781719649,-0.7239007,-0.20050551,0.66012514,0.65267664,0.11103022,0.74945676,-0.22356403,0.97338057,0.0504905
1356781719689,-0.5101517,-0.15724796,0.8455876,0.82893884,0.17228341,0.5321456,-0.22935951,0.9724153,0.042458236
1356781719730,-0.28107888,-0.10180059,0.95427006,0.9338907,0.19997448,0.29640925,-0.2210043,0.9744983,0.03886199
1356781719769,-0.1226705,-0.06490755,0.9903227,0.97123396,0.19736084,0.13324142,-0.20409933,0.9781798,0.0388301
1356781719810,-0.045502424,-0.05090502,0.99766636,0.98256826,0.17791909,0.053892046,-0.18024722,0.9827275,0.041921914
1356781719849,-0.033616513,-0.05253309,0.99805313,0.98734885,0.15308592,0.041313797,-0.15495819,0.9868156,0.046722353
1356781719890,-0.06215647,-0.060569823,0.99622685,0.98984295,0.12412831,0.06930503,-0.12785774,0.9904158,0.05223918
1356781719938,-0.119647205,-0.06367567,0.9907724,0.987988,0.090666175,0.1251379,-0.09779781,0.99384356,0.05206281
1356781719978,-0.19830686,-0.05173403,0.9787737,0.9777742,0.058898807,0.2012175,-0.06805837,0.9969225,0.03890425
1356781720018,-0.25715244,-0.014546335,0.9662614,0.9655503,0.03732872,0.25752518,-0.039815336,0.9991971,0.0044460297
1356781720072,-0.29763973,0.044769615,0.95362794,0.9545599,0.02968359,0.29653707,-0.0150312185,0.99855626,-0.051570296
1356781720099,-0.33260864,0.11179793,0.93641484,0.94305503,0.034870982,0.33080402,0.0043295026,0.993119,-0.117029965
1356781720139,-0.37804186,0.1673179,0.91054326,0.92563915,0.0506469,0.37500277,0.016628504,0.98460126,-0.17402267
1356781720179,-0.44373024,0.19686922,0.87426883,0.8959297,0.07532048,0.43776333,0.0203318,0.97753227,-0.20980299
1356781720219,-0.52971923,0.19443613,0.8255859,0.84804577,0.10455328,0.51950645,0.014693081,0.97532725,-0.22027463
1356781720259,-0.6264599,0.16221604,0.7623869,0.7794533,0.12955183,0.61291826,6.5657496E-4,0.9782138,-0.2075988
1356781720299,-0.71998286,0.10930103,0.6853305,0.69371957,0.14101005,0.7063069,-0.019438416,0.98395604,-0.17734909
1356781720338,-0.7992607,0.04768321,0.5990899,0.5994295,0.13491613,0.7889753,-0.043206036,0.9897091,-0.13641584
1356781720378,-0.86002,-0.0126092285,0.51010466,0.50560594,0.11366105,0.8552449,-0.06876299,0.99343956,-0.09137553
1356781720418,-0.90356123,-0.06605612,0.42333624,0.41785157,0.08263689,0.9047492,-0.094747394,0.99438804,-0.047065794
1356781720458,-0.93334705,-0.11052761,0.34153622,0.33827284,0.047627628,0.9398421,-0.120145075,0.9927312,-0.0070647
1356781720498,-0.9532236,-0.14619905,0.264557,0.26540253,0.014051557,0.9640352,-0.14465848,0.98915535,0.025407434
1356781720538,-0.96637213,-0.17452715,0.18885209,0.1941746,-0.013783336,0.9808701,-0.16858546,0.98455584,0.047208548
1356781720578,-0.97451806,-0.19703977,0.107190296,0.11624445,-0.034940064,0.99260587,-0.1918376,0.9797726,0.056954563
1356781720618,-0.976842,-0.2136913,0.010759659,0.022567518,-0.052894294,0.9983451,-0.21276852,0.9754682,0.05649185
1356781720659,-0.96953374,-0.22156999,-0.10445576,-0.09041568,-0.07261795,0.99325305,-0.22766042,0.97243685,0.050372124
1356781720698,-0.9482922,-0.21619374,-0.23238333,-0.21619374,-0.09607816,0.9716116,-0.23238333,0.9716116,0.044370472
1356781720739,-0.9185013,-0.19854322,-0.34195894,-0.32453468,-0.115550816,0.93878925,-0.22590388,0.9732567,0.04169941
1356781720779,-0.88957334,-0.17295258,-0.42278445,-0.40561122,-0.12661254,0.9052341,-0.21009237,0.97675824,0.042479634
1356781720819,-0.87863237,-0.14654358,-0.4544561,-0.43911958,-0.12586719,0.8895682,-0.18756159,0.98116386,0.046240687
1356781720859,-0.8824538,-0.12235196,-0.45420828,-0.44116253,-0.11983973,0.88938963,-0.16325077,0.98522496,0.051775992
1356781720899,-0.8969094,-0.09948255,-0.43087882,-0.4202578,-0.11145419,0.90053385,-0.13761069,0.9887776,0.058156133
1356781720938,-0.9085584,-0.07725319,-0.41055283,-0.40247467,-0.10152125,0.9097844,-0.11196354,0.99182934,0.061145484
1356781720980,-0.91169626,-0.05745907,-0.4068271,-0.40182483,-0.08186996,0.91204935,-0.08571245,0.9949853,0.051552117
1356781721038,-0.8994991,-0.044760913,-0.4346237,-0.43264472,-0.047608674,0.9003065,-0.060990393,0.99786264,0.023458362
1356781721101,-0.8633187,-0.04904458,-0.50227034,-0.503073,0.0047901273,0.86423063,-0.039979905,0.99878514,-0.028808415
1356781721102,-0.7921287,-0.076156706,-0.60558426,-0.60984504,0.0582422,0.7903776,-0.024922013,0.9953934,-0.09257913
1356781721135,-0.68927383,-0.12030813,-0.7144422,-0.72430265,0.09135586,0.68340313,-0.016950428,0.9885242,-0.15010875
1356781721178,-0.5822291,-0.16132623,-0.7968583,-0.8128616,0.09587175,0.5745125,-0.016287684,0.9822334,-0.18695521
1356781721218,-0.49829566,-0.18294615,-0.84748566,-0.86673003,0.080402195,0.49225444,-0.02191636,0.9798296,-0.19862896
1356781721258,-0.443829,-0.18234953,-0.87736225,-0.89551234,0.05445862,0.44169194,-0.03276241,0.98172444,-0.18746656
1356781721299,-0.40743047,-0.16467291,-0.8982668,-0.9119665,0.02151519,0.40970007,-0.04814011,0.98611355,-0.1589421
1356781721348,-0.3816294,-0.13299051,-0.914698,-0.9216553,-0.02027309,0.38747966,-0.070074886,0.99090993,-0.11483461
1356781721388,-0.33736366,-0.09781399,-0.9362789,-0.9367484,-0.06359798,0.34417698,-0.09321076,0.9931705,-0.070171475
1356781721428,-0.29329717,-0.060743272,-0.95408964,-0.9489016,-0.103073,0.2982646,-0.116458505,0.9928173,-0.027408361
1356781721468,-0.247221,-0.02362293,-0.96867114,-0.95903075,-0.13677853,0.2480962,-0.13835412,0.99031997,0.01115936
1356781721508,-0.19620955,0.010987222,-0.9805004,-0.9676988,-0.16360378,0.19181454,-0.15830606,0.986465,0.042732954
1356781721548,-0.13632369,0.040047884,-0.98985445,-0.97475064,-0.18379593,0.12680754,-0.17685291,0.9821482,0.06409252
1356781721588,-0.06575972,0.061442256,-0.995942,-0.97863936,-0.19880706,0.05235234,-0.19478366,0.9781108,0.073203325
1356781721638,0.017564893,0.07282254,-0.99719024,-0.9769293,-0.21105653,-0.032620966,-0.21283904,0.9747574,0.067435324
1356781721678,0.09979665,0.08210224,-0.9916147,-0.9692628,-0.21721405,-0.11553165,-0.22487807,0.97266495,0.057901442
1356781721720,0.16700459,0.08856025,-0.9819708,-0.9593848,-0.215065,-0.18255928,-0.22735503,0.972576,0.049046516
1356781721758,0.21648067,0.09251389,-0.9718936,-0.9509771,-0.20522296,-0.23135674,-0.22085863,0.9743329,0.043551862
1356781721798,0.2487602,0.09369534,-0.96402264,-0.9462939,-0.18870112,-0.2625257,-0.20650962,0.9775547,0.041722
1356781721838,0.2619148,0.092374444,-0.96066,-0.9466257,-0.16919649,-0.27435791,-0.18788397,0.98124385,0.043128997
1356781721878,0.25377,0.089612335,-0.9631045,-0.9526081,-0.14952195,-0.26491654,-0.16774508,0.9846891,0.047421336
1356781721919,0.22445732,0.085048676,-0.97076535,-0.96335137,-0.13078183,-0.23420075,-0.14687702,0.9877564,0.0525769
1356781721958,0.17929292,0.07483408,-0.98094547,-0.9757184,-0.11398363,-0.18703315,-0.12580812,0.9906602,0.052580476
1356781721998,0.14080441,0.05233729,-0.98865306,-0.98459184,-0.09719145,-0.14537114,-0.10369691,0.9938887,0.03784585
1356781722038,0.12820545,0.011986166,-0.99167514,-0.9884404,-0.08004877,-0.12875476,-0.08092567,0.9967189,0.0015848875
1356781722079,0.153418,-0.04447609,-0.98715997,-0.9863904,-0.066675544,-0.15029436,-0.05913493,0.99678296,-0.054099977
1356781722118,0.20022723,-0.1038225,-0.9742329,-0.97889495,-0.062720686,-0.19450134,-0.04091093,0.99261624,-0.114189714
1356781722158,0.2361762,-0.14975297,-0.9601015,-0.97128963,-0.06544906,-0.22871989,-0.028586239,0.9865548,-0.16091105
1356781722198,0.23234141,-0.17280445,-0.9571605,-0.97234166,-0.06540394,-0.22421852,-0.023856074,0.98278224,-0.18322101
1356781722238,0.17788762,-0.17162868,-0.96896833,-0.98367155,-0.058348835,-0.17025185,-0.02731806,0.9834323,-0.1792058
1356781722278,0.08534369,-0.14994907,-0.9850034,-0.9956349,-0.050323457,-0.07860395,-0.03778225,0.9874121,-0.15358931
1356781722318,-0.013047397,-0.11573121,-0.9931948,-0.99852514,-0.05084181,0.019041687,-0.052699536,0.9919785,-0.11489719
1356781722358,-0.08635831,-0.078032136,-0.9932035,-0.99384165,-0.0627324,0.09134245,-0.06943366,0.9949752,-0.0721342
1356781722398,-0.1220088,-0.04222834,-0.9916303,-0.9887918,-0.08144784,0.125128,-0.08605006,0.9957826,-0.031817675
1356781722438,-0.12229967,-0.009739637,-0.99244547,-0.9872627,-0.101331115,0.12265542,-0.10176027,0.9948051,0.0027772188
1356781722478,-0.09373516,0.019091547,-0.9954141,-0.9886903,-0.1193499,0.09081292,-0.11706883,0.9926686,0.030062944
1356781722518,-0.04194832,0.04317063,-0.9981867,-0.990187,-0.13509393,0.035769403,-0.13330472,0.98989195,0.048413873
1356781722559,0.028238833,0.060723633,-0.99775505,-0.9879811,-0.15005732,-0.037094712,-0.15197301,0.9868107,0.05575639
1356781722598,0.10682559,0.07264653,-0.9916203,-0.979337,-0.16455764,-0.11755788,-0.17171887,0.9836886,0.053566486
1356781722638,0.18032444,0.07956642,-0.98038375,-0.96489006,-0.17920935,-0.19201899,-0.19097218,0.9805882,0.04445696
1356781722678,0.2402623,0.08412209,-0.96705604,-0.9487164,-0.1905075,-0.2522777,-0.2054536,0.9780748,0.03403631
1356781722718,0.28185797,0.087376416,-0.95546925,-0.93592435,-0.19416201,-0.29384825,-0.2111912,0.97707033,0.027051583
1356781722758,0.30385908,0.0892497,-0.94852734,-0.9298904,-0.18884829,-0.315658,-0.20730019,0.9779421,0.02560924
1356781722798,0.30548403,0.08977783,-0.94795537,-0.9317951,-0.17679432,-0.31701985,-0.19605455,0.98014474,0.02964674
1356781722838,0.28537858,0.0897215,-0.954206,-0.94121903,-0.16151452,-0.29668134,-0.18073687,0.9827834,0.038354784
1356781722878,0.24378762,0.0896824,-0.96567315,-0.9559668,-0.14552626,-0.25485232,-0.16338652,0.98528135,0.050255835
1356781722918,0.1861642,0.08765948,-0.9786004,-0.97186434,-0.12985289,-0.19651455,-0.14430046,0.9876508,0.061019123
1356781722959,0.12645519,0.07768014,-0.9889261,-0.98437226,-0.1133433,-0.134776,-0.12255758,0.9905145,0.06213337
