1356781206489,0.3242302,-0.032779783,-0.94541013,0.94063485,0.117245376,0.31852728,0.100403756,-0.9925619,0.06884828
1356781206515,0.038268983,-0.06531164,-0.99713075,0.9942095,0.102760255,0.031426102,0.100412935,-0.9925597,0.068866014
1356781206545,0.038292557,-0.06537971,-0.9971254,0.9942049,0.102801055,0.03143984,0.10045001,-0.9925509,0.06893736
1356781206586,0.038439542,-0.0657168,-0.9970976,0.9941805,0.10300705,0.0315381,0.1006355,-0.99250734,0.069293916
1356781206628,0.038348615,-0.06659475,-0.9970429,0.9941368,0.103493094,0.031324267,0.10110104,-0.99239826,0.070173085
1356781206668,0.037324786,-0.06823453,-0.9969709,0.9940877,0.104331434,0.030076236,0.10196325,-0.99219906,0.07172519
1356781206709,0.034407884,-0.070669055,-0.99690616,0.994056,0.10551241,0.026829898,0.10328993,-0.9919037,0.07387948
1356781206748,0.028670639,-0.07360521,-0.9968753,0.99405193,0.106922835,0.020694673,0.105065495,-0.99153906,0.07623291
1356781206788,0.019616574,-0.07649708,-0.99687684,0.9940468,0.10837254,0.011244774,0.10717389,-0.9911628,0.07816756
1356781206830,0.0076072514,-0.0789845,-0.9968468,0.9939654,0.10968849,-0.0011058748,0.109429955,-0.9908228,0.079342306
1356781206868,-0.0060259104,-0.08124709,-0.99667585,0.99373114,0.11078113,-0.015038729,0.11163476,-0.99051833,0.0800702
1356781206907,-0.019531578,-0.0837194,-0.99629796,0.99333334,0.11160877,-0.028852016,0.11361101,-0.9902195,0.080981374
1356781206950,-0.031558752,-0.08653191,-0.9957491,0.9928371,0.112143695,-0.041211843,0.11523309,-0.98991716,0.08237296
1356781206988,-0.041681767,-0.08931884,-0.99513054,0.99232364,0.11236584,-0.05164969,0.11643198,-0.9896444,0.083949566
1356781207028,-0.05010408,-0.09152648,-0.9945413,0.99184394,0.11229026,-0.06030211,0.11719656,-0.98945117,0.08515376
1356781207067,-0.057296038,-0.09281337,-0.99403363,0.99141264,0.11194438,-0.0675973,0.11755043,-0.9893706,0.08560234
1356781207110,-0.05752188,-0.09254986,-0.99404526,0.9913992,0.111946225,-0.06779137,0.11755374,-0.98939514,0.08531445
1356781207147,-0.0665229,-0.09275606,-0.99346405,0.9908669,0.11090195,-0.07670352,0.11729175,-0.98949325,0.084531486
1356781207188,-0.07372528,-0.09246722,-0.9929825,0.9904071,0.10989416,-0.08376753,0.116868705,-0.9896327,0.08347827
1356781207229,-0.07957864,-0.0918324,-0.9925896,0.9900099,0.10898745,-0.08945507,0.11639467,-0.98979217,0.08224189
1356781207268,-0.084085405,-0.0909085,-0.992303,0.98968613,0.108285666,-0.093784094,0.11597797,-0.9899545,0.08086568
1356781207308,-0.08707845,-0.08973852,-0.9921514,0.9894631,0.10785073,-0.09659746,0.11567283,-0.9901087,0.07940143
1356781207348,-0.0881871,-0.08851293,-0.99216354,0.9893856,0.10770488,-0.09754878,0.115495116,-0.9902349,0.07807529
1356781207388,-0.08723992,-0.0874815,-0.9923388,0.98947597,0.10782504,-0.09649372,0.1154404,-0.9903134,0.07715422
1356781207428,-0.0843606,-0.08684787,-0.9926433,0.98971987,0.10815817,-0.09357506,0.115489304,-0.9903329,0.076830804
1356781207468,-0.07999265,-0.08673331,-0.9930148,0.9900694,0.10861939,-0.08924261,0.11560094,-0.99029243,0.077183306
1356781207529,-0.07477486,-0.087182134,-0.99338216,0.99046326,0.10910779,-0.084130794,0.11572045,-0.99019945,0.078192174
1356781207550,-0.069294155,-0.0880636,-0.9937017,0.99085426,0.10953504,-0.078802824,0.115784794,-0.99007416,0.079668045
1356781207590,-0.06374973,-0.08905205,-0.9939848,0.9912343,0.10984057,-0.07341403,0.11571756,-0.9899519,0.081269145
1356781207629,-0.05768287,-0.08971289,-0.9942959,0.99164045,0.10999721,-0.06745359,0.115421236,-0.98987484,0.08261794
1356781207669,-0.05008346,-0.08971241,-0.9947077,0.99212813,0.109986305,-0.059873164,0.11477557,-0.9898761,0.0834977
1356781207710,-0.039785087,-0.088896275,-0.99524605,0.9927237,0.10977471,-0.04948944,0.11365226,-0.98997325,0.083882034
1356781207750,-0.02589935,-0.0872609,-0.9958488,0.9933676,0.10939044,-0.03542009,0.11202714,-0.9901613,0.08384895
1356781207789,-0.008235872,-0.08489981,-0.9963554,0.9938841,0.10903233,-0.017506152,0.11012122,-0.99040604,0.08348262
1356781207829,0.0127592385,-0.08194852,-0.99655485,0.99402475,0.10909006,0.0037561953,0.108406395,-0.99064815,0.082850754
1356781207870,0.03594339,-0.078561485,-0.9962611,0.99357504,0.10986209,0.027183086,0.10731578,-0.9908372,0.08200559
1356781207909,0.05986592,-0.07489437,-0.9953928,0.99245745,0.111333996,0.051312536,0.10697803,-0.9909569,0.08099455
1356781207949,0.08285722,-0.07112083,-0.99402034,0.9907727,0.11323175,0.074484974,0.10725722,-0.99101996,0.07984662
1356781207990,0.10313496,-0.06736678,-0.9923834,0.9887882,0.115260035,0.094937,0.10798651,-0.99104834,0.07849878
1356781208029,0.11918768,-0.063629985,-0.9908308,0.98686826,0.11716971,0.11118662,0.10902059,-0.99107146,0.07675958
1356781208069,0.12993994,-0.059777945,-0.9897183,0.9853754,0.11875716,0.12219706,0.11023152,-0.99112236,0.07433498
1356781208109,0.13501239,-0.055633724,-0.9892808,0.98455805,0.119817436,0.12762976,0.11143264,-0.991236,0.0709514
1356781208150,0.13472506,-0.051026642,-0.9895683,0.98451906,0.11989686,0.12785527,0.11212212,-0.99147415,0.06638983
1356781208189,0.12976554,-0.045580894,-0.9904965,0.98527884,0.11805275,0.12364936,0.111294776,-0.99196064,0.060229063
1356781208229,0.12086168,-0.03862056,-0.9919177,0.9868057,0.11312297,0.115834326,0.10773507,-0.99283004,0.051783234
1356781208270,0.108817935,-0.02923569,-0.99363166,0.98894453,0.10447556,0.10523063,0.1007337,-0.99409765,0.040281355
1356781208309,0.09461659,-0.016478002,-0.9953774,0.9913383,0.09304047,0.092692435,0.09108296,-0.995526,0.025138438
1356781208349,0.07939747,5.733073E-4,-0.99684286,0.9935206,0.08153072,0.07917979,0.081318706,-0.9966707,0.005903721
1356781208390,0.064419776,0.022545338,-0.99766815,0.9951315,0.073272675,0.06591177,0.07458779,-0.9970571,-0.017715394
1356781208429,0.050960273,0.049544185,-0.997471,0.9960458,0.070254475,0.05437696,0.072770834,-0.99629796,-0.045768082
1356781208469,0.03967172,0.08144909,-0.9958876,0.9963376,0.07232851,0.045605034,0.07574552,-0.99404955,-0.0782814
1356781208531,0.030471712,0.11804932,-0.9925401,0.99614555,0.07812837,0.039874762,0.08225274,-0.98992944,-0.11521363
1356781208550,0.023547798,0.15824965,-0.9871183,0.9956168,0.08568522,0.03748715,0.090513766,-0.9836743,-0.15553826
1356781208589,0.018213928,0.2010369,-0.97941434,0.99494827,0.09307778,0.037608176,0.09872237,-0.97515166,-0.19832605
1356781208629,0.013975173,0.24550375,-0.9692949,0.99437916,0.09833613,0.03924352,0.10495114,-0.9643951,-0.24274957
1356781208670,0.010337591,0.29076028,-0.9567401,0.9941641,0.09975898,0.041059434,0.10738188,-0.9515811,-0.28803217
1356781208728,0.008616507,0.33417365,-0.9424721,0.9944986,0.095532596,0.042965293,0.104394644,-0.9376575,-0.3315121
1356781208748,0.012808323,0.37042698,-0.9287733,0.995402,0.08345431,0.047011584,0.09492448,-0.925105,-0.36765486
1356781208788,0.027916253,0.39344677,-0.91892344,0.9964372,0.06223476,0.05691755,0.07958299,-0.9172385,-0.39030772
1356781208825,0.056903243,0.39897302,-0.91519535,0.99649704,0.033572435,0.076593935,0.061284244,-0.91634786,-0.39566505
1356781208868,0.1009306,0.3832059,-0.91813195,0.9939505,0.0013310015,0.10982093,0.043306082,-0.92366195,-0.3807534
1356781208908,0.15755638,0.34512645,-0.9252372,0.9870896,-0.027704269,0.15775499,0.028812379,-0.9381472,-0.34503567
1356781208949,0.22070253,0.2873719,-0.93204486,0.97513413,-0.045325458,0.21693078,0.020094424,-0.956746,-0.29022962
1356781208988,0.28092712,0.2196415,-0.93425775,0.95955485,-0.045731306,0.27778253,0.018287718,-0.97450817,-0.22360522
1356781209028,0.33201188,0.15201953,-0.9309448,0.9429803,-0.028811157,0.33159938,0.023587972,-0.9879575,-0.15291706
1356781209068,0.37202632,0.092148215,-0.9236369,0.9275564,7.7450275E-4,0.37368232,0.035149485,-0.995745,-0.085184544
1356781209108,0.40206748,0.043942273,-0.91455495,0.91419226,0.036297917,0.40365207,0.050933838,-0.99837446,-0.025577486
1356781209148,0.42440882,0.007939279,-0.90543586,0.902903,0.07154128,0.42384887,0.06814104,-0.997406,0.023194373
1356781209188,0.4411882,-0.017456383,-0.8972448,0.8934758,0.10211584,0.4373482,0.0839884,-0.9946193,0.060649157
1356781209228,0.4538305,-0.034741938,-0.89041054,0.88582385,0.12604412,0.4465747,0.096716136,-0.9914161,0.087977916
1356781209268,0.4626834,-0.04582569,-0.8853384,0.88010144,0.14373186,0.4525069,0.1065149,-0.9885551,0.10683364
1356781209308,0.46734318,-0.05149904,-0.8825748,0.87655985,0.15689054,0.45500347,0.115035444,-0.98627234,0.118463695
1356781209348,0.46718985,-0.051905125,-0.8826322,0.8753817,0.16745315,0.45350462,0.124260366,-0.98451275,0.12366921
1356781209388,0.46215904,-0.048009247,-0.8854965,0.87646914,0.17668034,0.44786832,0.13494799,-0.9830967,0.12373304
1356781209428,0.45331115,-0.04246247,-0.8903403,0.8794182,0.18421036,0.43896478,0.14537036,-0.9819692,0.1208469
1356781209468,0.44256204,-0.03884843,-0.895896,0.8838078,0.1879419,0.42844093,0.15173215,-0.9814116,0.11751047
1356781209530,0.43160152,-0.039698273,-0.9011904,0.8894119,0.18546526,0.41779065,0.15055394,-0.9818486,0.11535522
1356781209550,0.42087257,-0.044531703,-0.90602607,0.8960239,0.17615068,0.40756842,0.14144737,-0.9833554,0.11403847
1356781209589,0.40995806,-0.050560296,-0.91070193,0.903255,0.16125196,0.39765334,0.12674695,-0.9856173,0.1117754
1356781209629,0.39831126,-0.0549511,-0.91560274,0.9106773,0.14297813,0.38758743,0.10961276,-0.9881991,0.10699254
1356781209669,0.38562387,-0.055872887,-0.9209628,0.917999,0.12339604,0.37689674,0.09258488,-0.99078333,0.09887573
1356781209709,0.37133223,-0.0519087,-0.92704797,0.92529154,0.103619754,0.36482665,0.07712281,-0.99326146,0.086508036
1356781209749,0.35392442,-0.040878713,-0.9343803,0.93311137,0.083334416,0.349798,0.063566744,-0.99568295,0.06763846
1356781209788,0.33057874,-0.019537598,-0.9435761,0.94236445,0.061539233,0.32888004,0.051641434,-0.99791336,0.03875509
1356781209828,0.29758617,0.015687287,-0.9545661,0.95382786,0.03772077,0.2979759,0.04068145,-0.9991652,-0.003737837
1356781209870,0.25160557,0.066295356,-0.9655566,0.96737087,0.013494432,0.25300482,0.02980265,-0.9977088,-0.060736895
1356781209908,0.19238317,0.12785128,-0.9729557,0.98115003,-0.006613314,0.19313446,0.018258005,-0.99177134,-0.12671357
1356781209948,0.12557411,0.18846005,-0.97401947,0.9920681,-0.018256485,0.12436858,0.005656302,-0.9819112,-0.18925768
1356781209988,0.061161906,0.23458803,-0.9701689,0.99809706,-0.022006243,0.057601452,-0.007837176,-0.97184575,-0.23548758
1356781210028,0.008667946,0.25740704,-0.9662642,0.99974835,-0.022222102,0.0030484796,-0.0206877,-0.9660475,-0.25753492
1356781210068,-0.024900466,0.25408378,-0.9668616,0.99922836,-0.023062915,-0.031794757,-0.03037718,-0.96690726,-0.25331348
1356781210108,-0.03651446,0.22701865,-0.9732057,0.9987435,-0.025158405,-0.04334134,-0.034323603,-0.9735654,-0.22581476
1356781210148,-0.026249886,0.18171987,-0.9829999,0.99918556,-0.025373638,-0.031372726,-0.030643374,-0.98302287,-0.18090588
1356781210188,0.0023798645,0.12605244,-0.9920207,0.9998209,-0.018926352,-6.3180923E-6,-0.018776149,-0.99184304,-0.12607485
1356781210228,0.043515325,0.068407476,-0.9967079,0.9990527,-0.002795875,0.04342577,1.8396974E-4,-0.9976535,-0.06846434
1356781210268,0.09021881,0.015968472,-0.99579394,0.99564195,0.022263736,0.090562105,0.023616225,-0.9996246,-0.013890296
1356781210308,0.13609642,-0.026666552,-0.9903366,0.98952246,0.052291155,0.13457647,0.04819709,-0.99827576,0.03350383
1356781210348,0.17641604,-0.05782175,-0.98261595,0.9816911,0.08318722,0.17135489,0.071833104,-0.99485505,0.07143867
1356781210388,0.20791808,-0.07757181,-0.97506547,0.97354645,0.11297205,0.19860661,0.094748855,-0.9905654,0.09900871
1356781210428,0.22870433,-0.08690786,-0.9696088,0.966329,0.14090282,0.2153013,0.11790916,-0.9862015,0.116206706
1356781210468,0.23900607,-0.08803916,-0.9670187,0.96078503,0.16564122,0.22238511,0.14059961,-0.9822485,0.124175906
1356781210527,0.24172968,-0.08460459,-0.9666482,0.9571403,0.18456721,0.22319809,0.15952799,-0.97917163,0.12559384
1356781210549,0.24121767,-0.080598116,-0.96711844,0.9554566,0.19434148,0.22211295,0.17004937,-0.9776172,0.123886585
1356781210589,0.24086422,-0.07847208,-0.96738136,0.9558101,0.19228029,0.22238576,0.16855732,-0.9781976,0.121317804
1356781210629,0.24195102,-0.078393936,-0.9671163,0.95786214,0.1783056,0.22518238,0.15478927,-0.98084724,0.11823183
1356781210669,0.24438289,-0.079018354,-0.9664539,0.96058667,0.15589324,0.23015326,0.13247731,-0.98460823,0.11400163
1356781210709,0.24840027,-0.07926056,-0.9654093,0.9628018,0.12962347,0.23708722,0.10634804,-0.9883903,0.10851073
1356781210749,0.25506172,-0.07899678,-0.9636924,0.9635842,0.10354146,0.24654546,0.080305845,-0.9914831,0.102529496
1356781210789,0.26448977,-0.077862084,-0.9612402,0.96275336,0.07933551,0.2584798,0.0561347,-0.9938024,0.09594542
1356781210829,0.2739927,-0.07335827,-0.9589299,0.96113443,0.056022257,0.27033687,0.03388998,-0.9957309,0.085856855
1356781210868,0.27726406,-0.060076952,-0.9589137,0.9607059,0.030834317,0.27585047,0.012995154,-0.99771744,0.06626552
1356781210908,0.26519203,-0.03061375,-0.9637095,0.96417534,0.0019452572,0.26525843,-0.006245911,-0.99952936,0.030032903
1356781210948,0.22833577,0.021165252,-0.9733524,0.9733357,-0.027471691,0.22773445,-0.021919549,-0.99939847,-0.026873678
1356781210988,0.16556609,0.0911991,-0.9819728,0.98568326,-0.047492385,0.1617809,-0.031882018,-0.99469954,-0.097756505
1356781211028,0.08812642,0.16398898,-0.98251784,0.9954517,-0.050334394,0.08088538,-0.036190122,-0.98517716,-0.1676789
1356781211068,0.017147243,0.21925718,-0.9755164,0.9991544,-0.04022187,0.008522481,-0.037368476,-0.97483766,-0.21976149
1356781211108,-0.030379653,0.2456347,-0.96888626,0.9988378,-0.028826535,-0.03862697,-0.03741774,-0.96893376,-0.24447352
1356781211148,-0.047304332,0.24198171,-0.969127,0.99822605,-0.02366227,-0.05463296,-0.036151946,-0.9699922,-0.2404331
1356781211188,-0.034695715,0.21300068,-0.97643584,0.99889076,-0.023732275,-0.040670574,-0.031835973,-0.9767638,-0.211941
1356781211228,0.0013121367,0.16597915,-0.98612833,0.99974954,-0.022247076,-0.0024142861,-0.022339225,-0.9858782,-0.16596675
1356781211268,0.05057606,0.110011876,-0.99264264,0.998699,-0.012044102,0.049549818,-0.0065044165,-0.99385726,-0.110477924
1356781211308,0.10184917,0.054160893,-0.9933244,0.99468833,0.009409279,0.10250202,0.014898062,-0.99848795,-0.052914888
1356781211348,0.14553276,0.0053441226,-0.989339,0.9885739,0.038902313,0.14563033,0.03926587,-0.9992287,3.784895E-4
1356781211388,0.17608544,-0.033237696,-0.9838136,0.9822899,0.07094696,0.17341581,0.06403464,-0.9969262,0.045141757
1356781211428,0.19081116,-0.061014086,-0.9797288,0.97764933,0.10156846,0.18408084,0.088278085,-0.9929558,0.07903072
1356781211468,0.18899679,-0.07876384,-0.9788139,0.97549355,0.12941837,0.17794156,0.11266115,-0.98845696,0.101293296
1356781211529,0.1723389,-0.088361114,-0.9810666,0.9754605,0.15385514,0.15749699,0.1370255,-0.9841346,0.112708
1356781211549,0.14600173,-0.09285012,-0.9849174,0.97650385,0.17304072,0.1284416,0.15850493,-0.98052835,0.11593276
1356781211589,0.117054224,-0.09516147,-0.9885558,0.978027,0.18395591,0.09809935,0.17251536,-0.97831714,0.11460331
1356781211629,0.09172386,-0.096922785,-0.99105644,0.9802886,0.18368387,0.07276347,0.17498866,-0.9781954,0.111860454
1356781211669,0.073982894,-0.09790611,-0.99244195,0.98353386,0.17170501,0.056379825,0.16488737,-0.98027134,0.108997166
1356781211709,0.06654635,-0.09694144,-0.9930629,0.98714983,0.1513119,0.051379204,0.1452815,-0.983721,0.105764955
1356781211766,0.07287714,-0.09346077,-0.9929521,0.9899484,0.12777331,0.060630113,0.121206164,-0.98739004,0.101833165
1356781211788,0.09776139,-0.08804515,-0.9913076,0.9904895,0.105508745,0.088309765,0.09681633,-0.99051297,0.09752247
1356781211828,0.14475033,-0.08103517,-0.9861443,0.98668504,0.08652112,0.13771993,0.074162126,-0.99294883,0.09248018
1356781211865,0.2110605,-0.0705083,-0.9749267,0.97600967,0.06975731,0.20624998,0.053465933,-0.99506915,0.083539814
1356781211908,0.283598,-0.051697135,-0.95754874,0.9583405,0.050678313,0.28109643,0.033995062,-0.9973761,0.06391573
1356781211948,0.34567598,-0.019853026,-0.93814385,0.9382272,0.023741871,0.34520426,0.01541993,-0.999521,0.026833653
1356781211988,0.38246244,0.026535869,-0.92358994,0.9239698,-0.01262033,0.38225713,-0.0015124977,-0.9995682,-0.029345125
1356781212028,0.39254057,0.08268732,-0.9160102,0.9196009,-0.052271366,0.38936087,-0.015685916,-0.99520373,-0.096557945
1356781212068,0.39193216,0.13510966,-0.9100189,0.91959524,-0.08665809,0.38319045,-0.027087837,-0.9870338,-0.15821025
1356781212108,0.40257442,0.16823906,-0.89979416,0.91467065,-0.11282003,0.3881357,-0.036215246,-0.9792688,-0.19930175
1356781212148,0.43563747,0.17394465,-0.8831552,0.8991286,-0.13017921,0.41787684,-0.04228106,-0.97611296,-0.21310955
1356781212188,0.4848314,0.1549896,-0.8607652,0.87353957,-0.1344366,0.46781993,-0.043211162,-0.97872627,-0.20056862
1356781212228,0.53525287,0.12161684,-0.83589095,0.843882,-0.120312765,0.5228652,-0.03697914,-0.98525846,-0.16702804
1356781212268,0.57543224,0.085063845,-0.81341374,0.81752586,-0.08780439,0.5691589,-0.02300644,-0.9924991,-0.12006739
1356781212308,0.6023718,0.052045852,-0.796517,0.7982111,-0.04262261,0.600868,-0.0026769638,-0.99773467,-0.06721823
1356781212348,0.61780316,0.02499944,-0.7859353,0.78605,0.0071680397,0.6181213,0.021086305,-0.99966174,-0.015222371
1356781212388,0.6243809,0.0043458343,-0.7811079,0.77980185,0.05460222,0.6236407,0.045360476,-0.99849874,0.030703679
1356781212428,0.6237941,-0.009795636,-0.7815274,0.77856374,0.09567723,0.62022936,0.06869885,-0.9953642,0.067309394
1356781212468,0.6163794,-0.017030567,-0.7872651,0.7821213,0.12934472,0.60955405,0.09144753,-0.9914534,0.09304538
1356781212529,0.601879,-0.01716876,-0.79840267,0.7902987,0.15647468,0.592405,0.11475894,-0.9875328,0.10774727
1356781212549,0.5811794,-0.0116713345,-0.81369174,0.80193937,0.17813148,0.5702302,0.13828874,-0.98393744,0.112886086
1356781212589,0.55758846,-0.0039002895,-0.8301084,0.81470156,0.19439422,0.5463263,0.15923747,-0.9809158,0.111569524
1356781212629,0.5368004,0.001700908,-0.84370756,0.8258046,0.20386077,0.5258208,0.1728932,-0.97899836,0.108027935
1356781212669,0.5244345,0.0020668209,-0.8514483,0.833243,0.20445089,0.5137176,0.17514113,-0.9788746,0.10549894
1356781212709,0.5230648,-0.0028376281,-0.85228825,0.8361192,0.19559787,0.5124903,0.1652515,-0.9806801,0.10468295
1356781212749,0.5318953,-0.010741919,-0.846742,0.8340466,0.17959923,0.52164197,0.14647079,-0.9836812,0.10448724
1356781212789,0.5487058,-0.019149274,-0.83579624,0.8267572,0.16080242,0.5390874,0.124074966,-0.9868009,0.104065
1356781212829,0.57129234,-0.026975691,-0.82030326,0.81444013,0.1422944,0.5625297,0.10154998,-0.9894568,0.103261754
1356781212869,0.5966924,-0.033314556,-0.8017782,0.7984903,0.12403314,0.5890918,0.079821736,-0.99171865,0.10061099
1356781212909,0.6198582,-0.0359686,-0.78388906,0.7825694,0.10213536,0.61412823,0.057973444,-0.99412,0.09145737
1356781212948,0.63462293,-0.031007826,-0.77219963,0.7720267,0.07075256,0.6316397,0.03504929,-0.9970118,0.06884009
1356781212988,0.63543963,-0.013728172,-0.7720285,0.7720585,0.0267324,0.634989,0.011920929,-0.9995483,0.02758579
1356781213028,0.61837614,0.01963219,-0.785637,0.785831,-0.026875734,0.61785716,-0.008984655,-0.999446,-0.03204693
1356781213068,0.5847215,0.06608781,-0.80853766,0.81082404,-0.07929821,0.5798933,-0.025791764,-0.9946578,-0.099952936
1356781213108,0.54322535,0.11320534,-0.8319199,0.83869886,-0.118729055,0.5314955,-0.038604975,-0.98645216,-0.15944181
1356781213148,0.50539875,0.14654374,-0.8503511,0.8615613,-0.14028251,0.487886,-0.047792792,-0.9792066,-0.197155
1356781213188,0.47816008,0.15834883,-0.8638799,0.8767078,-0.1447487,0.45872796,-0.05240646,-0.9767157,-0.20803875
1356781213228,0.46118125,0.1494779,-0.87462467,0.8858411,-0.13418135,0.4441633,-0.050965667,-0.9796182,-0.19429561
1356781213268,0.45035464,0.12587032,-0.8839328,0.89183676,-0.11056171,0.43863788,-0.04251769,-0.98586655,-0.16204777
1356781213308,0.44118297,0.09479928,-0.8923961,0.8970099,-0.0765391,0.4353333,-0.027033895,-0.9925497,-0.11880365
1356781213348,0.43090418,0.062247455,-0.90024817,0.90238035,-0.03590408,0.42944217,-0.0055909157,-0.9974147,-0.07164207
1356781213388,0.418733,0.031854153,-0.9075506,0.9078961,0.006973326,0.41913724,0.019679934,-0.9994682,-0.026000291
1356781213428,0.4047971,0.005370736,-0.91439074,0.91325486,0.047797114,0.404575,0.045878112,-0.9988426,0.014443278
1356781213468,0.38931882,-0.016357929,-0.9209578,0.918363,0.08395803,0.38673067,0.07099569,-0.996335,0.04770899
1356781213528,0.3718651,-0.032410234,-0.9277208,0.92338467,0.11548656,0.36609247,0.09527418,-0.9927802,0.07287255
1356781213549,0.35172433,-0.042176694,-0.935153,0.9284142,0.14349723,0.34271792,0.11973724,-0.98875165,0.089628875
1356781213589,0.32917523,-0.04639688,-0.9431283,0.93327236,0.16797072,0.31747204,0.14368826,-0.98469955,0.0985927
1356781213629,0.30623466,-0.047878087,-0.9507513,0.9378372,0.18654567,0.29268095,0.16334555,-0.9812789,0.10202861
1356781213669,0.28618827,-0.05014813,-0.9568602,0.9422987,0.19575706,0.27157363,0.17369318,-0.9793693,0.10327792
1356781213709,0.2716544,-0.055195123,-0.96081084,0.94701433,0.19310454,0.25666046,0.17137057,-0.9796245,0.10472822
1356781213749,0.26343453,-0.062448114,-0.9626539,0.95188284,0.17881322,0.24888721,0.1565927,-0.98189926,0.106548876
1356781213788,0.26123956,-0.069939256,-0.96273685,0.9560677,0.15616783,0.24808478,0.1329976,-0.9852512,0.10766396
1356781213828,0.26508883,-0.076161355,-0.9612113,0.95848167,0.12944654,0.25407934,0.105074406,-0.9886571,0.10731414
1356781213868,0.2754172,-0.08042252,-0.9579549,0.9582672,0.10238224,0.26691172,0.07661185,-0.9914888,0.1052641
1356781213908,0.2913496,-0.08159679,-0.95313025,0.9553183,0.076709986,0.28545132,0.04982266,-0.99370897,0.1003004
1356781213948,0.30841267,-0.07629928,-0.9481877,0.95091677,0.051212132,0.3051793,0.02527374,-0.99576885,0.088348776
1356781213988,0.31842476,-0.058686763,-0.9461298,0.9479438,0.022761345,0.31762347,0.002894938,-0.99801695,0.0628795
1356781214028,0.31191698,-0.022827387,-0.94983506,0.94995975,-0.010246068,0.31220418,-0.016858876,-0.9996869,0.018489212
1356781214068,0.28224915,0.033296406,-0.9587631,0.95878613,-0.043780148,0.2807355,-0.032627314,-0.99848616,-0.044281036
1356781214108,0.23041683,0.10368806,-0.967552,0.9721295,-0.068740785,0.22414032,-0.043269575,-0.9922316,-0.11663726
1356781214148,0.16917428,0.17286977,-0.97030723,0.9843502,-0.07892379,0.15756166,-0.049342632,-0.98177755,-0.18351632
1356781214188,0.117388695,0.22382241,-0.96753466,0.99170464,-0.07779047,0.10232568,-0.052362174,-0.97152054,-0.2310974
1356781214228,0.08923349,0.24697313,-0.964905,0.99461114,-0.07343438,0.07318476,-0.052782536,-0.9662359,-0.252195
1356781214268,0.08993068,0.24074572,-0.9664129,0.9947185,-0.06991258,0.07514855,-0.04947281,-0.96806693,-0.24576145
1356781214308,0.115400344,0.20974773,-0.9709215,0.99249417,-0.06417355,0.104101,-0.040472597,-0.9756473,-0.21557903
1356781214348,0.15545848,0.16252503,-0.97438097,0.9875505,-0.049545377,0.14929554,-0.02401182,-0.9854597,-0.16820392
1356781214388,0.19749132,0.109512895,-0.9741684,0.9803046,-0.022404283,0.19621664,-3.3727288E-4,-0.99373287,-0.11178067
1356781214428,0.23213792,0.059098452,-0.9708859,0.97228646,0.014394462,0.23334903,0.02776593,-0.9981484,-0.05411914
1356781214468,0.25446218,0.016087502,-0.9669489,0.9654418,0.053994596,0.2549639,0.056311786,-0.99841166,-0.001791954
1356781214529,0.2631144,-0.017952949,-0.96459764,0.96122897,0.090397835,0.26051304,0.082520545,-0.9957439,0.04104188
1356781214550,0.2582594,-0.04318446,-0.96510994,0.96026415,0.12088701,0.2515535,0.10580611,-0.9917265,0.07268867
1356781214589,0.24059787,-0.0603787,-0.9687451,0.9622679,0.1455262,0.22991899,0.12709558,-0.9875103,0.09311378
1356781214629,0.21135876,-0.07103339,-0.97482395,0.9663466,0.16481367,0.19751102,0.14663437,-0.9837635,0.103477776
1356781214669,0.17381105,-0.077723086,-0.98170716,0.9712698,0.1780844,0.15786394,0.16255707,-0.98094094,0.10644308
1356781214708,0.13297117,-0.083486974,-0.98759735,0.9762402,0.18304777,0.11596796,0.1710957,-0.9795526,0.105843395
1356781214748,0.09339708,-0.08999711,-0.99155307,0.98125833,0.17691714,0.07636973,0.16854969,-0.9801024,0.10483396
1356781214806,0.05725673,-0.096508116,-0.99368405,0.986403,0.1590474,0.04139024,0.15404835,-0.9825427,0.10430241
1356781214828,0.025179416,-0.10083461,-0.9945845,0.99110305,0.13258591,0.011649251,0.13069326,-0.9860291,0.103275895
1356781214868,-0.001431495,-0.10143685,-0.994841,0.9946052,0.10304406,-0.011937827,0.10372344,-0.989491,0.10074204
1356781214905,-0.01953739,-0.09846842,-0.9949484,0.9967797,0.07549089,-0.027044594,0.07777253,-0.9922727,0.09667644
1356781214948,-0.027379334,-0.092294514,-0.9953553,0.9981167,0.0521577,-0.03229159,0.05489582,-0.9943648,0.09069261
1356781214988,-0.027037859,-0.081493676,-0.996307,0.9990118,0.032966316,-0.029807806,0.03527367,-0.99612844,0.08052188
1356781215028,-0.029311657,-0.061519444,-0.9976754,0.99940854,0.016150951,-0.030358493,0.017981082,-0.9979752,0.061009645
1356781215068,-0.04969871,-0.026433319,-0.9984144,0.9987613,0.0011117458,-0.04974538,0.0024249256,-0.99964994,0.026345372
1356781215108,-0.10416269,0.02694121,-0.99419534,0.99449897,-0.008280158,-0.104418874,-0.011045247,-0.9996027,-0.025930524
1356781215148,-0.19546163,0.09245682,-0.9763434,0.98046815,-0.003745973,-0.1966421,-0.021838248,-0.9957096,-0.08991879
1356781215188,-0.30312157,0.15295684,-0.9405964,0.9524714,0.017287374,-0.30413723,-0.03025943,-0.9880817,-0.15092719
1356781215228,-0.398345,0.19248757,-0.8968109,0.916487,0.044032514,-0.39763376,-0.037050724,-0.9803109,-0.1939525
1356781215268,-0.4649945,0.20655113,-0.8608814,0.88431615,0.062218904,-0.46272433,-0.04201311,-0.97645557,-0.21158797
1356781215308,-0.49859846,0.1979332,-0.8439325,0.8657236,0.06446183,-0.49635407,-0.043843508,-0.9780936,-0.20349598
1356781215348,-0.49898624,0.17061287,-0.8496493,0.86564654,0.05191177,-0.49795705,-0.040851086,-0.98396975,-0.1735937
1356781215388,-0.46857095,0.1281546,-0.874081,0.88285935,0.032503366,-0.4685113,-0.03163129,-0.9912214,-0.12837267
1356781215428,-0.41795284,0.07546821,-0.90532863,0.9083297,0.017279983,-0.41789785,-0.015893966,-0.99699855,-0.075772226
1356781215468,-0.3662582,0.01941228,-0.9303107,0.9304992,0.013137877,-0.36605823,0.0051163137,-0.9997252,-0.022874951
1356781215528,-0.33276594,-0.033602834,-0.9424106,0.9425646,0.01884079,-0.3334921,0.028962046,-0.9992576,0.025403261
1356781215549,-0.32911485,-0.0795404,-0.94093394,0.9428227,0.027846038,-0.33212942,0.05261898,-0.9964426,0.065827966
1356781215589,-0.35601354,-0.11664677,-0.9271719,0.9315554,0.03414488,-0.36199248,0.073883355,-0.99258626,0.09650695
1356781215629,-0.40687972,-0.14450255,-0.90198,0.9087956,0.03585452,-0.41569832,0.09240949,-0.98885465,0.11673474
1356781215669,-0.46960127,-0.16398153,-0.8675164,0.87604034,0.03551382,-0.48092833,0.10967222,-0.985824,0.12697703
1356781215709,-0.5324309,-0.17701977,-0.82775676,0.83693606,0.036290348,-0.5460961,0.1267094,-0.98353803,0.12883216
1356781215748,-0.58885103,-0.18532664,-0.7867074,0.7956946,0.0379169,-0.6045101,0.14186135,-0.9819452,0.12513596
1356781215788,-0.63859856,-0.18907836,-0.74594986,0.7546166,0.03611207,-0.6551715,0.15081653,-0.98129773,0.11962056
1356781215828,-0.6847669,-0.18664569,-0.70445555,0.71332216,0.026262581,-0.70034397,0.14921701,-0.98207617,0.1151548
1356781215868,-0.7300408,-0.17620279,-0.66029763,0.66977173,0.0075442195,-0.74252874,0.13581705,-0.984325,0.11250812
1356781215908,-0.77446824,-0.1575788,-0.6126727,0.6223538,-0.016076505,-0.782571,0.11346695,-0.98737556,0.11052048
1356781215948,-0.8162532,-0.1329349,-0.5621913,0.5710888,-0.038937926,-0.81996435,0.087111294,-0.9903596,0.107700825
1356781215988,-0.8540069,-0.105476245,-0.5094576,0.5166734,-0.05713284,-0.8542742,0.060998872,-0.9927792,0.10328865
1356781216028,-0.888249,-0.07733524,-0.45280558,0.45782626,-0.06849849,-0.8863989,0.037533373,-0.9946493,0.09624988
1356781216068,-0.92090005,-0.04861468,-0.38675553,0.3894075,-0.07028234,-0.91838026,0.017464682,-0.9963418,0.08365387
1356781216108,-0.95269555,-0.019395113,-0.30330712,0.303925,-0.057581067,-0.9509543,9.791404E-4,-0.9981525,0.060751855
1356781216148,-0.98037535,0.0069198757,-0.1970188,0.19680218,-0.02415204,-0.98014575,-0.011540882,-0.9996844,0.022316158
1356781216188,-0.99705726,0.02212809,-0.07339775,0.074108,0.033195794,-0.9966976,-0.019618519,-0.99920386,-0.034737945
1356781216228,-0.998541,0.018460453,0.05074474,-0.048503287,0.10639584,-0.9931401,-0.023732845,-0.9941524,-0.10534525
1356781216268,-0.9864501,-0.003023222,0.16403368,-0.16199905,0.17598814,-0.97097087,-0.02593252,-0.98438764,-0.17409319
1356781216308,-0.9620419,-0.034063213,0.27076775,-0.27142248,0.22260201,-0.93636435,-0.028377868,-0.97431415,-0.22339803
1356781216347,-0.9222498,-0.066037774,0.38091254,-0.38532457,0.23682046,-0.891875,-0.031310424,-0.96930647,-0.24385357
1356781216388,-0.8603664,-0.091447055,0.50140506,-0.508587,0.21831363,-0.8328736,-0.033299744,-0.97158456,-0.23433852
1356781216438,-0.75576633,-0.09804964,0.6474594,-0.65409744,0.16015136,-0.7392619,-0.031207174,-0.9822107,-0.18517107
1356781216478,-0.60877156,-0.08400586,0.7888854,-0.79295564,0.09560174,-0.60173213,-0.0248698,-0.9918686,-0.12481254
1356781216528,-0.44459832,-0.04843828,0.89441943,-0.8956381,0.038354337,-0.44312692,-0.012840599,-0.99808955,-0.060435474
1356781216559,-0.29448485,-0.001083672,0.9556556,-0.95564216,-0.005078256,-0.2944865,0.0051721632,-0.9999865,4.5984983E-4
1356781216599,-0.18141949,0.046598762,0.98230124,-0.98299706,-0.0373922,-0.17977417,0.028353125,-0.99821365,0.052590072
1356781216639,-0.113508284,0.08634499,0.9897779,-0.9920298,-0.06470412,-0.10812199,0.0547069,-0.99416196,0.09300122
1356781216678,-0.090091646,0.11316255,0.9894836,-0.9925896,-0.091549754,-0.07990429,0.08154485,-0.9893497,0.12057179
1356781216718,-0.106316805,0.12445122,0.9865133,-0.98858076,-0.1197871,-0.09142819,0.106793225,-0.98496854,0.13576543
1356781216758,-0.15372741,0.12007418,0.9807905,-0.9795941,-0.14857912,-0.13534996,0.12947294,-0.9815836,0.14046466
1356781216798,-0.2194686,0.10297179,0.97017026,-0.9642519,-0.17425346,-0.19963479,0.14849877,-0.97930205,0.13753393
1356781216838,-0.28524917,0.08044249,0.9550717,-0.9448492,-0.19089645,-0.26611748,0.16091266,-0.97830856,0.1304591
1356781216878,-0.32938915,0.06330755,0.94206953,-0.9301183,-0.19339663,-0.3122142,0.16242754,-0.9790761,0.12258625
1356781216918,-0.33472562,0.059805125,0.94041586,-0.9302114,-0.18041497,-0.3196202,0.15055022,-0.9817707,0.11602098
1356781216958,-0.2942183,0.069286495,0.95322347,-0.9472405,-0.15384448,-0.2811892,0.12716556,-0.9856628,0.1108948
1356781216998,-0.20562267,0.08439526,0.9749856,-0.9737557,-0.11696929,-0.19523835,0.09756616,-0.9895432,0.10623187
1356781217038,-0.0637632,0.097052604,0.99323463,-0.9956862,-0.07340783,-0.056747645,0.067403704,-0.9925684,0.10131469
1356781217078,0.13263038,0.09977177,0.9861312,-0.9903519,-0.026965886,0.13592628,0.040153503,-0.9946449,0.095232666
1356781217118,0.3605277,0.08574897,0.9287987,-0.9325953,0.015091121,0.3606082,0.016905159,-0.99620247,0.08540988
1356781217158,0.57120717,0.053907186,0.81903374,-0.8208027,0.040309533,0.5697876,-0.0022991598,-0.9977319,0.06727229
1356781217198,0.73044217,0.011683822,0.6828746,-0.6827633,0.03736064,0.72968376,-0.016987085,-0.9992335,0.0352671
1356781217238,0.8391764,-0.029702812,0.5430476,-0.5432402,0.0018515885,0.8395753,-0.02594322,-0.999557,-0.0145819485
1356781217278,0.9135929,-0.058437288,0.4024092,-0.405612,-0.06097809,0.9120091,-0.0287572,-0.99642706,-0.07941201
1356781217318,0.96386033,-0.0653021,0.25828075,-0.2649524,-0.13375703,0.9549395,-0.027812704,-0.98886037,-0.14622504
1356781217358,0.9915302,-0.05155716,0.11920446,-0.12700489,-0.19297671,0.97294897,-0.027158797,-0.97984785,-0.19789025
1356781217398,0.99955946,-0.029666074,9.3024224E-4,-0.007542602,-0.22357565,0.97465736,-0.02870628,-0.974235,-0.22370091
1356781217438,0.9958186,-0.011003036,-0.09068748,0.0859524,-0.22340283,0.9709291,-0.03094301,-0.97466403,-0.22152296
1356781217478,0.98706913,9.0676546E-4,-0.16029257,0.15733305,-0.19683194,0.9677311,-0.030673198,-0.9804368,-0.1944294
1356781217529,0.97656024,0.0076332837,-0.2151089,0.21378368,-0.15062347,0.965199,-0.025032818,-0.98856175,-0.14872476
1356781217559,0.96539116,0.0119108185,-0.26053414,0.26048753,-0.09340614,0.96094817,-0.012889802,-0.9955568,-0.09327608
1356781217599,0.95401746,0.015742451,-0.2993374,0.29970917,-0.033406287,0.9534455,0.005009815,-0.9993178,-0.03658834
1356781217639,0.9428045,0.0202263,-0.33273193,0.33227378,0.02297753,0.94290304,0.026716799,-0.9995314,0.01494265
1356781217679,0.93209577,0.025892556,-0.36128527,0.35875097,0.07156229,0.93068606,0.049952224,-0.99709994,0.057413932
1356781217718,0.9220945,0.032992154,-0.3855557,0.38006747,0.11006373,0.91838706,0.07273528,-0.99337685,0.08894992
1356781217759,0.9127245,0.04168342,-0.40644366,0.3976608,0.13776892,0.9071304,0.09380762,-0.9895869,0.109169215
1356781217799,0.9033999,0.052328035,-0.42559427,0.41361368,0.15545571,0.8970827,0.11310364,-0.9864559,0.118795075
1356781217856,0.8933161,0.06495066,-0.4447109,0.42990035,0.16502321,0.88766724,0.1310422,-0.9841488,0.11949557
1356781217878,0.88244134,0.078134194,-0.46388826,0.44690233,0.16866648,0.8785385,0.14688632,-0.9825715,0.113919914
1356781217918,0.8726573,0.08867836,-0.4802139,0.46213222,0.16781467,0.8707882,0.15780702,-0.981822,0.105463564
1356781217955,0.86755645,0.09303838,-0.48855883,0.47082245,0.16283447,0.86707044,0.16022508,-0.982257,0.09746352
1356781217998,0.870221,0.08958599,-0.4844479,0.46852568,0.15351912,0.87000895,0.15231262,-0.9840764,0.09162223
1356781218038,0.8804065,0.08014105,-0.46739894,0.45421213,0.14076266,0.87970287,0.13629259,-0.9867944,0.08752733
1356781218078,0.8956863,0.067591146,-0.4395195,0.42930502,0.12627125,0.894289,0.11594471,-0.9896904,0.084082216
1356781218118,0.9132896,0.054253623,-0.40368137,0.3961411,0.112194926,0.91130924,0.09473282,-0.99220407,0.08097437
1356781218158,0.93088937,0.041153923,-0.3629757,0.35768276,0.09918594,0.92856085,0.07421601,-0.9942175,0.07761109
1356781218198,0.94659877,0.028377667,-0.32116264,0.3178587,0.08471435,0.94434613,0.054005444,-0.9960012,0.07117042
1356781218238,0.95907193,0.015910745,-0.28271517,0.28120157,0.063782126,0.95752674,0.033267133,-0.997837,0.056697518
1356781218278,0.9674201,0.0048360527,-0.25313035,0.25286978,0.03074503,0.9670118,0.012459047,-0.99951565,0.028520465
1356781218318,0.97109854,-0.0013637543,-0.23867527,0.23861179,-0.018211633,0.97094434,-0.005670786,-0.9998333,-0.017359883
1356781218358,0.96995264,0.0017716959,-0.24328735,0.2426407,-0.0802646,0.9667901,-0.017814517,-0.99677205,-0.07828274
1356781218398,0.96444136,0.014614679,-0.26389244,0.26323378,-0.14257854,0.9541379,-0.023680985,-0.9896755,-0.14135572
1356781218438,0.9562051,0.030627474,-0.29109055,0.29151452,-0.18897015,0.9377151,-0.02628757,-0.9815051,-0.18962258
1356781218478,0.9477248,0.041409492,-0.31639045,0.31783003,-0.21049178,0.92448753,-0.028315023,-0.9767181,-0.21264946
1356781218527,0.9406664,0.042974398,-0.33660045,0.33801222,-0.20609,0.91829985,-0.0299066,-0.97758895,-0.20838782
1356781218559,0.934964,0.036978498,-0.35281003,0.353536,-0.1790883,0.91811746,-0.02923353,-0.9831378,-0.18051434
1356781218599,0.9295741,0.02814065,-0.3675598,0.36785877,-0.13550112,0.91995615,-0.023916602,-0.9903775,-0.1363101
1356781218639,0.9234526,0.020996392,-0.38313758,0.38351062,-0.08288619,0.91980946,-0.012444124,-0.9963378,-0.0845938
1356781218679,0.91606826,0.017722785,-0.4006306,0.40099353,-0.02849156,0.91563773,0.004813075,-0.999437,-0.03320694
1356781218718,0.9073357,0.01816003,-0.42001444,0.41960132,0.022697747,0.9074247,0.026012227,-0.9995774,0.012974504
1356781218758,0.89728725,0.020991936,-0.44094777,0.43877983,0.06722915,0.89607626,0.04845497,-0.9975168,0.051113013
1356781218798,0.8855614,0.025305927,-0.4638325,0.45920634,0.10293913,0.88234514,0.07007508,-0.99436563,0.07953828
1356781218838,0.87083113,0.03131573,-0.49058372,0.483168,0.12932798,0.86592317,0.09056325,-0.9911072,0.09749207
1356781218878,0.8509729,0.039480776,-0.5237236,0.5134007,0.14773497,0.84533674,0.11074686,-0.98823875,0.10544899
1356781218918,0.82475704,0.04851061,-0.56340265,0.55033416,0.16024166,0.8194235,0.1300313,-0.98588496,0.105463386
1356781218958,0.7942484,0.054859906,-0.6051114,0.5900177,0.16816595,0.7896831,0.14508112,-0.984231,0.10119721
1356781218998,0.7653424,0.05484444,-0.6412824,0.6255251,0.17123461,0.76118135,0.15155633,-0.98370266,0.09674652
1356781219038,0.744455,0.047484994,-0.665982,0.6512119,0.16848162,0.73995745,0.14734259,-0.9845604,0.09450419
1356781219078,0.7344686,0.03523785,-0.6777272,0.6652584,0.15997338,0.7292735,0.13411638,-0.9864922,0.094053134
1356781219118,0.734813,0.021926552,-0.67791533,0.66826165,0.14765963,0.7291249,0.11608794,-0.98879516,0.093849525
1356781219158,0.7446697,0.010306209,-0.66735363,0.6603166,0.1342482,0.73889065,0.097206146,-0.9908941,0.093165204
1356781219198,0.7632718,0.0016238391,-0.6460755,0.6411942,0.12081268,0.7578088,0.07928467,-0.992674,0.09117171
1356781219238,0.7878279,-0.0035968125,-0.615885,0.6127837,0.104973294,0.7832477,0.061834335,-0.99446857,0.08490495
1356781219278,0.81314313,-0.0049317777,-0.5820428,0.5804362,0.08159602,0.8102071,0.04349658,-0.9966532,0.06921184
1356781219318,0.83300674,-0.0012421608,-0.55326134,0.5527384,0.04539326,0.83211756,0.024080694,-0.99896836,0.038499504
1356781219358,0.8419042,0.010011464,-0.53953403,0.53959775,-0.005218722,0.8419068,0.005613029,-0.9999362,-0.009795822
1356781219398,0.8374702,0.030767202,-0.54561615,0.5464073,-0.063756384,0.8350892,-0.009093165,-0.997491,-0.07020549
1356781219438,0.8237901,0.057305276,-0.56399125,0.56657994,-0.11639597,0.8157446,-0.018899858,-0.99154836,-0.12835386
1356781219478,0.8108202,0.07964465,-0.57985103,0.5847869,-0.15151802,0.7969106,-0.024388224,-0.9852405,-0.16942903
1356781219527,0.8067826,0.08908549,-0.5840939,0.5902772,-0.16498634,0.7901597,-0.025975764,-0.9822644,-0.18569323
1356781219559,0.81133103,0.084725276,-0.5784147,0.5841273,-0.15672615,0.796387,-0.023178548,-0.98400134,-0.17664716
1356781219599,0.81847954,0.07167396,-0.57004744,0.5743338,-0.12837309,0.80849314,-0.0152308345,-0.9891325,-0.14623553
1356781219639,0.82265335,0.055809647,-0.56579745,0.568539,-0.084589235,0.81829584,-0.0021915734,-0.9948517,-0.10131758
1356781219678,0.82152516,0.04040864,-0.56873864,0.56999063,-0.033024274,0.8209872,0.014392793,-0.9986373,-0.050162822
1356781219718,0.8153027,0.026277542,-0.5784384,0.57813066,0.01886651,0.81572604,0.032348424,-0.9994767,1.9005686E-4
1356781219758,0.8042256,0.013820648,-0.5941634,0.59223163,0.06518126,0.8031271,0.049828082,-0.99777776,0.044235416
1356781219798,0.78765523,0.00402987,-0.61610305,0.61253285,0.10257149,0.7837618,0.06635305,-0.9947174,0.07832253
1356781219838,0.7630937,-0.001604557,-0.6462859,0.6409598,0.1300199,0.7564822,0.08281618,-0.9915101,0.10024582
1356781219888,0.7210601,0.0013794303,-0.6928712,0.6850344,0.14857095,0.7132003,0.103924364,-0.98890084,0.10618363
1356781219925,0.66142476,0.006213039,-0.7499858,0.73940074,0.16220771,0.6534334,0.12571326,-0.9867371,0.10269427
1356781219955,0.59553576,0.009389013,-0.8032739,0.79012096,0.1737306,0.58781505,0.14507225,-0.9847485,0.09604433
1356781219998,0.52689725,0.011856496,-0.84984624,0.834379,0.18317677,0.51986325,0.16183582,-0.9830084,0.086622536
1356781220038,0.46813548,0.010145396,-0.88359845,0.8667997,0.18910861,0.46140665,0.17177722,-0.98190373,0.079734415
1356781220078,0.43148577,0.0045818686,-0.90210813,0.88544595,0.18922108,0.4244772,0.17264277,-0.9819238,0.077589214
1356781220118,0.4219041,-0.0019881427,-0.90663826,0.89141643,0.18339576,0.41441843,0.16544971,-0.9830371,0.07914767
1356781220158,0.4411605,-0.0069001913,-0.8974017,0.8842814,0.17387827,0.4333737,0.15304828,-0.984743,0.082809955
1356781220198,0.48978966,-0.00917232,-0.8717924,0.86095107,0.16263801,0.4819877,0.13736564,-0.9866432,0.08755532
