1356781999008,0.043500602,-0.19266382,0.9803001,0.99329185,-0.09688836,-0.06311911,0.10714048,0.9764698,0.18715668
1356781999028,-0.4787085,-0.11432609,0.8704985,0.8714117,-0.18286496,0.45519438,0.107143104,0.9764681,0.18716413
1356781999055,-0.47872764,-0.114350796,0.8704847,0.87139994,-0.18289411,0.45520523,0.107153475,0.97645974,0.1872018
1356781999088,-0.4787975,-0.11444947,0.87043333,0.8713572,-0.18300283,0.45524347,0.10718942,0.9764278,0.18734771
1356781999128,-0.47901195,-0.114785045,0.87027115,0.8712214,-0.1833927,0.45534635,0.107334375,0.97631526,0.18785048
1356781999168,-0.47840226,-0.11548504,0.8705139,0.8715142,-0.18399358,0.45454288,0.10767606,0.97611964,0.1886698
1356781999210,-0.47562176,-0.116544604,0.8718952,0.8729618,-0.18452948,0.45153797,0.108266056,0.97589254,0.18950522
1356781999248,-0.46966392,-0.11800885,0.8749228,0.87607783,-0.18477112,0.44536212,0.10910374,0.97567093,0.19016516
1356781999288,-0.46046776,-0.120048374,0.87952137,0.880815,-0.18474644,0.43592846,0.11015591,0.9754267,0.1908102
1356781999328,-0.448703,-0.12277794,0.8852069,0.88671505,-0.18459636,0.42386404,0.11136478,0.9751153,0.19169796
1356781999368,-0.4352247,-0.12609005,0.8914486,0.89324605,-0.1843673,0.41002464,0.11265397,0.97473586,0.19287068
1356781999408,-0.42066038,-0.12970877,0.8978977,0.90003824,-0.1839391,0.3950917,0.11391166,0.9743418,0.19411886
1356781999450,-0.4055915,-0.13329086,0.9042838,0.9067894,-0.18316,0.37971762,0.115015686,0.9740052,0.19515485
1356781999488,-0.39063323,-0.13657224,0.91035914,0.9132265,-0.18195873,0.36456615,0.11585811,0.9737757,0.19580048
1356781999528,-0.37667835,-0.13942716,0.9157913,0.91900754,-0.18042272,0.35053226,0.11635581,0.9736569,0.19609588
1356781999568,-0.36469442,-0.14184609,0.9202596,0.9238174,-0.17871916,0.3385571,0.116445094,0.9736216,0.19621783
1356781999608,-0.35532892,-0.1438115,0.92361224,0.92750096,-0.17699015,0.32926664,0.116117954,0.97364914,0.196275
1356781999648,-0.34859347,-0.14523438,0.9259534,0.93014,-0.17526388,0.32267973,0.11542204,0.97375023,0.19618416
1356781999688,-0.34390384,-0.14602152,0.9275818,0.9319987,-0.17352694,0.31822452,0.114492804,0.9739436,0.19576845
1356781999727,-0.34047592,-0.14619079,0.9288188,0.93337667,-0.1718036,0.31510574,0.11350891,0.9742237,0.19494605
1356781999768,-0.33773333,-0.14587763,0.9298687,0.9344808,-0.17016548,0.31271288,0.11261377,0.974558,0.19379035
1356781999808,-0.33544767,-0.14522731,0.93079746,0.9353936,-0.16867208,0.31078708,0.111864775,0.9749148,0.19242534
1356781999848,-0.33373672,-0.14432847,0.931552,0.9360764,-0.1673845,0.30942425,0.1112687,0.97527003,0.19096485
1356781999888,-0.33291447,-0.14325073,0.93201244,0.9364172,-0.16642976,0.30890757,0.11086336,0.9755923,0.18954936
1356781999928,-0.3331883,-0.14211476,0.9320885,0.9363359,-0.16596931,0.3094014,0.11072755,0.9758369,0.18836612
1356781999968,-0.3343774,-0.14110994,0.93181527,0.9358934,-0.16604793,0.31069523,0.1108838,0.97596925,0.18758658
1356782000008,-0.33582628,-0.14040983,0.93139994,0.9353341,-0.16647321,0.31214866,0.11122438,0.9759978,0.18723616
1356782000050,-0.3368104,-0.14009285,0.93109226,0.93494034,-0.16692209,0.31308717,0.11155856,0.97596675,0.18719953
1356782000087,-0.3369903,-0.14007276,0.93103015,0.9348585,-0.16710144,0.3132357,0.111700684,0.97593886,0.18725982
1356782000128,-0.33716905,-0.140127,0.9309573,0.9348174,-0.16695309,0.31343743,0.11150518,0.97595644,0.18728462
1356782000168,-0.33853674,-0.13995638,0.9304865,0.9343984,-0.16652119,0.31491318,0.11087161,0.9760548,0.18714857
1356782000208,-0.34251922,-0.139274,0.92913043,0.93307924,-0.16594648,0.31910008,0.109743625,0.97625023,0.18679363
1356782000248,-0.3502587,-0.13791949,0.9264432,0.9303867,-0.1654495,0.32711917,0.108163476,0.9765268,0.1862686
1356782000287,-0.36208624,-0.13591567,0.92218256,0.9260675,-0.16523689,0.33925816,0.10626802,0.97684383,0.18569696
1356782000328,-0.37750858,-0.13341299,0.916345,0.92011666,-0.16547179,0.35497093,0.10427153,0.9771489,0.18522257
1356782000375,-0.3951804,-0.13065568,0.9092643,0.91288185,-0.16616404,0.37287587,0.10236868,0.97740406,0.1849379
1356782000415,-0.4136001,-0.12791881,0.9014276,0.9048865,-0.16712546,0.39147082,0.10057506,0.9776021,0.18487513
1356782000445,-0.43251175,-0.12494409,0.8929292,0.89616096,-0.1684702,0.41050377,0.099141926,0.977756,0.18483531
1356782000489,-0.4475783,-0.12241307,0.8858266,0.8888595,-0.1694498,0.42569432,0.09799266,0.9779068,0.18465006
1356782000527,-0.45883948,-0.120229155,0.8803473,0.88321114,-0.16985726,0.43713462,0.096976995,0.9781071,0.18412489
1356782000568,-0.46627104,-0.11835462,0.87668896,0.87942487,-0.16948205,0.44484577,0.09593344,0.9784007,0.18310851
1356782000608,-0.47039783,-0.11675909,0.87469614,0.8773515,-0.16832244,0.4493572,0.09476441,0.9787926,0.18161714
1356782000648,-0.4722352,-0.11541194,0.8738843,0.8765089,-0.1665433,0.4516585,0.09341285,0.9792565,0.17980725
1356782000687,-0.47300023,-0.11428183,0.87361914,0.8762598,-0.16440517,0.45292345,0.09186655,0.9797503,0.17790425
1356782000728,-0.47372365,-0.113331646,0.8733509,0.8760395,-0.1622411,0.4541285,0.09022629,0.9802213,0.17614043
1356782000768,-0.47494006,-0.11251423,0.8727958,0.8755355,-0.16039282,0.45575416,0.08871132,0.98061955,0.17468709
1356782000807,-0.4766819,-0.1117889,0.87193894,0.8747016,-0.15914202,0.4577891,0.08758643,0.98090625,0.1736421
1356782000848,-0.47870123,-0.111151904,0.8709135,0.8736521,-0.15865058,0.4599585,0.0870457,0.9810582,0.1730544
1356782000887,-0.48071253,-0.110628664,0.86987174,0.8725391,-0.15891391,0.46197617,0.08712691,0.9810748,0.17291969
1356782000927,-0.48248935,-0.11025065,0.8689356,0.8715019,-0.15973806,0.46364674,0.08768469,0.9809835,0.17315543
1356782000967,-0.48387873,-0.11004171,0.86818904,0.870654,-0.16079855,0.46487153,0.088448286,0.98083365,0.17361522
1356782001007,-0.48478985,-0.11001378,0.8676842,0.87007535,-0.16178036,0.46561363,0.08915037,0.98067534,0.17414975
1356782001048,-0.48516738,-0.11016217,0.8674543,0.8698162,-0.16247922,0.46585438,0.08962369,0.98054314,0.17465037
1356782001086,-0.48491597,-0.11045459,0.8675576,0.8699336,-0.16282755,0.46551335,0.08984423,0.9804524,0.17504591
1356782001128,-0.48423404,-0.110854715,0.86788744,0.8703158,-0.16286087,0.46478683,0.0898211,0.9804017,0.17534143
1356782001168,-0.48318607,-0.111374944,0.86840475,0.8709203,-0.16265619,0.46372473,0.08960411,0.9803767,0.175592
1356782001207,-0.48184907,-0.11201906,0.86906457,0.8716908,-0.16236615,0.46237683,0.08931163,0.98035145,0.17588198
1356782001248,-0.48033112,-0.1127702,0.86980736,0.872548,-0.16220117,0.46081528,0.08911756,0.98029256,0.17630774
1356782001288,-0.4787616,-0.11360872,0.87056315,0.8734024,-0.1623717,0.45913348,0.089193255,0.9801675,0.17696345
1356782001328,-0.4773355,-0.114518195,0.8712269,0.874138,-0.16301411,0.4575031,0.08962986,0.9799551,0.17791712
1356782001367,-0.4762168,-0.115489036,0.8717109,0.8746673,-0.16414434,0.45608518,0.0904136,0.9796524,0.17918283
1356782001447,-0.47473353,-0.11758688,0.8722393,0.8752564,-0.16721767,0.45383298,0.092489004,0.9788828,0.18230247
1356782001487,-0.47485578,-0.11911845,0.87196493,0.8750255,-0.16977048,0.45333034,0.09403387,0.9782581,0.18484819
1356782001528,-0.4744001,-0.1206204,0.8720064,0.87516177,-0.17158818,0.4523818,0.095059514,0.9777567,0.18696386
1356782001567,-0.4732377,-0.12213549,0.8724271,0.87572706,-0.17274874,0.4508437,0.09564665,0.9773642,0.18870854
1356782001607,-0.47115523,-0.12365368,0.8733398,0.8768176,-0.17334902,0.44848746,0.09593549,0.97706693,0.19009608
1356782001648,-0.46799678,-0.12513322,0.87482595,0.8784899,-0.17351675,0.44513744,0.09609553,0.9768488,0.19113356
1356782001687,-0.46381998,-0.12651661,0.8768491,0.8806808,-0.17342097,0.44082466,0.09629238,0.97668755,0.19185692
1356782001727,-0.4589814,-0.12775344,0.87921274,0.8831729,-0.17326385,0.43587282,0.096651554,0.9765545,0.19235331
1356782001767,-0.45412993,-0.12879878,0.8815763,0.885614,-0.17324638,0.4308985,0.0972307,0.9764202,0.19274235
1356782001807,-0.449964,-0.12962317,0.8835895,0.8876538,-0.17348737,0.42658296,0.09799653,0.97626853,0.19312346
1356782001928,-0.44480175,-0.13081947,0.8860235,0.8899585,-0.1757043,0.4208348,0.10062474,0.9757122,0.19457746
1356782001968,-0.44492352,-0.13105851,0.885927,0.8897198,-0.17755741,0.42056155,0.10218477,0.97534454,0.19560486
1356782002008,-0.44518787,-0.13142756,0.88573956,0.88951945,-0.17844492,0.42060974,0.10277602,0.97513294,0.1963489
1356782002048,-0.44509935,-0.13197559,0.8857025,0.88959926,-0.17834616,0.42048284,0.10246816,0.9750769,0.19678712
1356782002087,-0.44408256,-0.1326023,0.88611925,0.8902056,-0.1774556,0.4195753,0.10161018,0.9751544,0.19684827
1356782002128,-0.44221157,-0.1331535,0.88697183,0.89127284,-0.17594409,0.41794297,0.100406915,0.9753531,0.19648069
1356782002167,-0.43972486,-0.13362256,0.88813686,0.892645,-0.17416817,0.4157528,0.09913123,0.97560775,0.1958636
1356782002208,-0.4372723,-0.13410771,0.8892739,0.8939673,-0.17263275,0.41354614,0.098058075,0.97581404,0.1953755
1356782002248,-0.435499,-0.13474539,0.8900473,0.89490104,-0.17181909,0.41186205,0.09743065,0.9758698,0.1954109
1356782002288,-0.4347428,-0.13564587,0.8902802,0.8952745,-0.17199463,0.41097602,0.09737623,0.9757141,0.19621378
1356782002328,-0.4350242,-0.13687909,0.889954,0.8950908,-0.17310143,0.41091144,0.09780714,0.9753461,0.19782263
1356782002368,-0.43615776,-0.13849276,0.8891491,0.8944728,-0.17478299,0.4115452,0.0984121,0.97481835,0.20011085
1356782002407,-0.43791354,-0.14049667,0.8879709,0.89358634,-0.17642385,0.4127687,0.09866664,0.97423565,0.20280439
1356782002448,-0.44018602,-0.14285764,0.8864693,0.8925464,-0.17732936,0.41462648,0.097964525,0.9737278,0.20556504
1356782002488,-0.44300842,-0.14551091,0.8846299,0.891364,-0.17713857,0.41724354,0.09598857,0.97336966,0.20817709
1356782002528,-0.4462691,-0.14831114,0.8825235,0.89004874,-0.17609257,0.4204815,0.093043745,0.97313684,0.21058881
1356782002568,-0.44939452,-0.15096861,0.88048446,0.8887989,-0.17474067,0.42367697,0.08989456,0.9729718,0.2127083
1356782002608,-0.45138627,-0.1530967,0.87909716,0.8880485,-0.17344964,0.42577586,0.08729422,0.97287023,0.21425015
1356782002648,-0.4513626,-0.15437981,0.8788849,0.8882191,-0.1722815,0.42589426,0.08566615,0.9728751,0.21488452
1356782002688,-0.44899487,-0.15469435,0.8800417,0.8894851,-0.17103976,0.4237473,0.08497077,0.9730443,0.21439427
1356782002730,-0.44470316,-0.15417981,0.8823081,0.8916774,-0.1692084,0.419857,0.08456051,0.9734459,0.21272618
1356782002768,-0.4396764,-0.15329811,0.884977,0.8942814,-0.16614765,0.4155185,0.08333868,0.97411215,0.21014291
1356782002808,-0.43579596,-0.15287429,0.8869675,0.8964549,-0.16166359,0.41259366,0.08031541,0.97493297,0.20749724
1356782002848,-0.43510854,-0.15388721,0.8871298,0.8972309,-0.15641427,0.41293022,0.07521507,0.9756297,0.20612955
1356782002888,-0.43893385,-0.15707996,0.8846824,0.8958781,-0.15194905,0.4175092,0.06884435,0.9758265,0.20742011
1356782002928,-0.44765186,-0.16281083,0.87926126,0.8920069,-0.150253,0.42631894,0.06270233,0.9751496,0.21248943
1356782002968,-0.46032447,-0.17088845,0.8711479,0.8858166,-0.15315944,0.43803114,0.058570057,0.9733136,0.22187889
1356782003008,-0.47497767,-0.18063524,0.8612591,0.8780968,-0.16158497,0.45037368,0.057813138,0.97018623,0.23536438
1356782003051,-0.48958755,-0.1912905,0.8507127,0.86983025,-0.1752016,0.461194,0.060824156,0.96577036,0.2521667
1356782003089,-0.5026755,-0.20230344,0.8404705,0.86189175,-0.19239211,0.46917796,0.06678361,0.9602388,0.27107447
1356782003129,-0.5137576,-0.21347019,0.83095336,0.85472214,-0.21110088,0.47422183,0.07418278,0.95386934,0.29091245
1356782003169,-0.52261674,-0.22470301,0.8224234,0.848674,-0.22919977,0.47667584,0.08138871,0.9470881,0.31048322
1356782003209,-0.5288416,-0.23581743,0.8153016,0.84424484,-0.24468875,0.4768419,0.08704752,0.940488,0.32848915
1356782003248,-0.53173363,-0.24647692,0.81025213,0.842083,-0.25588554,0.47478297,0.090308726,0.9347576,0.34361693
1356782003288,-0.53037846,-0.25616884,0.80813134,0.84285533,-0.2617389,0.47019956,0.09106892,0.9305215,0.35473394
1356782003328,-0.5235573,-0.26415095,0.81000745,0.84722924,-0.26178604,0.46224517,0.08994612,0.92827386,0.36085638
1356782003368,-0.5101236,-0.26954976,0.8167722,0.855621,-0.25583565,0.4499566,0.08767375,0.9283809,0.36114022
1356782003408,-0.48980343,-0.2716414,0.82843435,0.86771894,-0.24409193,0.43299296,0.08459529,0.93092966,0.35526556
1356782003448,-0.46342635,-0.26987323,0.8440405,0.88245094,-0.22731823,0.41183323,0.08072305,0.9356788,0.3434952
1356782003488,-0.43259287,-0.26381913,0.862127,0.89836,-0.2069928,0.3874318,0.07624215,0.9421006,0.32654804
1356782003528,-0.3991208,-0.25312224,0.88126713,0.914083,-0.18510664,0.36081555,0.07179797,0.9495603,0.3052546
1356782003568,-0.3650604,-0.23768887,0.9001305,0.92847097,-0.16394192,0.33326364,0.06835604,0.9574064,0.28053594
1356782003608,-0.3326537,-0.21788096,0.9175345,0.9406775,-0.14561987,0.30646482,0.066838354,0.9650507,0.25339672
1356782003655,-0.29595923,-0.1914388,0.9358202,0.95269954,-0.13001126,0.27470127,0.069078684,0.9728558,0.22086161
1356782003696,-0.275379,-0.16271955,0.94746435,0.95848256,-0.122350276,0.2575687,0.07401106,0.9790571,0.18965653
1356782003738,-0.26054132,-0.13404807,0.95611155,0.9619857,-0.12001586,0.24531564,0.08186445,0.9836805,0.16022143
1356782003778,-0.25225526,-0.10635036,0.9617988,0.9632564,-0.12232214,0.23911181,0.09221956,0.9867761,0.133299
1356782003818,-0.24949807,-0.08024138,0.96504503,0.96271175,-0.1281755,0.23823735,0.104578674,0.9885,0.10922891
1356782003858,-0.25079608,-0.05588451,0.9664254,0.9607842,-0.13637185,0.24144635,0.1183002,0.9890801,0.08789456
1356782003898,-0.25362444,-0.033176184,0.9667337,0.9581404,-0.1458469,0.24636483,0.13282171,0.9887507,0.06877786
1356782003938,-0.25572824,-0.012101769,0.966673,0.95539373,-0.15596896,0.2507918,0.14773595,0.9876878,0.05144757
1356782003978,-0.2565366,0.0069310367,0.9665097,0.9527955,-0.16619217,0.2540883,0.16238749,0.9860691,0.03603053
1356782004047,-0.25631618,0.023351908,0.96631086,0.9504323,-0.17595369,0.2563565,0.1760124,0.98412144,0.02290541
1356782004061,-0.2552812,0.03692183,0.9661616,0.9483708,-0.18495941,0.2576487,0.18821359,0.9820523,0.012201071
1356782004099,-0.25345856,0.047759354,0.9661666,0.94670576,-0.192976,0.25789243,0.19876373,0.9800405,0.0036973357
1356782004139,-0.25034142,0.05636537,0.9665154,0.945578,-0.20011175,0.2565885,0.20787379,0.9781505,-0.003201604
1356782004180,-0.24588639,0.06312415,0.96724105,0.94508505,-0.2060346,0.2537003,0.21529976,0.9765066,-0.008996606
1356782004219,-0.24054879,0.06831035,0.9682303,0.94523406,-0.2102341,0.249668,0.22060996,0.9752617,-0.013997674
1356782004258,-0.23510605,0.072137505,0.96928906,0.9458829,-0.21251047,0.24524444,0.22367537,0.9744924,-0.018271148
1356782004298,-0.23087245,0.07464203,0.97011673,0.94660306,-0.21336997,0.24169356,0.22503427,0.9741159,-0.021395147
1356782004338,-0.22970724,0.07564011,0.97031593,0.9467336,-0.21381032,0.24079186,0.2256771,0.97394234,-0.022497177
1356782004378,-0.23343796,0.07484269,0.96948713,0.94571495,-0.21437949,0.24426368,0.22611946,0.97387886,-0.020735502
1356782004418,-0.24293804,0.07209101,0.9673593,0.94344985,-0.21433765,0.25290674,0.22557381,0.97409564,-0.015943468
1356782004458,-0.2569729,0.06768343,0.96404564,0.9404775,-0.21206099,0.265579,0.22241178,0.9749098,-0.009160817
1356782004498,-0.27202922,0.062370032,0.96026564,0.9378505,-0.20628178,0.27907753,0.21549138,0.9765029,-0.0023791194
1356782004538,-0.28345323,0.056925446,0.957295,0.93684125,-0.19684577,0.28910232,0.20489675,0.9787805,0.0024664402
1356782004578,-0.28691727,0.051647395,0.95656216,0.93861544,-0.18447739,0.29149464,0.19151905,0.9814788,0.0044527054
1356782004618,-0.27914798,0.046236902,0.95913434,0.9439062,-0.17027909,0.2829245,0.17640206,0.9843105,0.0038897395
1356782004658,-0.25815964,0.03996831,0.96527517,0.9526596,-0.15556437,0.26122692,0.16060314,0.9870169,0.0020841956
1356782004698,-0.22377807,0.03187555,0.9741187,0.96378577,-0.14151037,0.22603494,0.14505291,0.98942345,9.457469E-4
1356782004738,-0.17773002,0.02084583,0.98385847,0.9754146,-0.12864798,0.17893046,0.13030145,0.99147123,0.00253129
1356782004778,-0.124233484,0.005856931,0.9922358,0.9854204,-0.11642134,0.124067426,0.11624411,0.99318266,0.008691877
1356782004818,-0.070038974,-0.014236748,0.9974426,0.9922505,-0.10386902,0.0681918,0.10263261,0.9944891,0.021401316
1356782004858,-0.025300264,-0.041235536,0.99882907,0.9956212,-0.0909816,0.021462917,0.08999008,0.99499846,0.043356806
1356782004898,-0.002472937,-0.07746673,0.99699175,0.99682415,-0.079547465,-0.003708303,0.079595536,0.9938164,0.07741749
1356782004938,-0.009020984,-0.12323299,0.9923368,0.99735427,-0.072695315,3.889203E-5,0.07213348,0.98971164,0.12356269
1356782004978,-0.04086548,-0.17409623,0.9838804,0.99693143,-0.07290459,0.028507203,0.06676641,0.9820262,0.17654127
1356782005048,-0.089013934,-0.22410557,0.9704912,0.9941071,-0.080509126,0.07258892,0.061865896,0.9712337,0.22995144
1356782005061,-0.116411924,-0.26054218,0.9584185,0.9915353,-0.0863502,0.096960425,0.057497382,0.96159315,0.26838902
1356782005099,-0.10935289,-0.27869147,0.9541347,0.9925119,-0.08317119,0.08945799,0.05442533,0.95677257,0.28569958
1356782005139,-0.06402129,-0.27834293,0.9583457,0.9964211,-0.070940375,0.045960873,0.05519253,0.9578583,0.28188843
1356782005179,0.01291424,-0.26147744,0.9651232,0.9979788,-0.056690335,-0.02871281,0.0622209,0.96354336,0.2602168
1356782005218,0.10209936,-0.23348343,0.96698564,0.9918542,-0.050532043,-0.11692631,0.076164186,0.9710468,0.22642222
1356782005258,0.1822524,-0.20174223,0.9623327,0.9786032,-0.0578413,-0.19745961,0.09549844,0.9777293,0.1868838
1356782005298,0.24202985,-0.17176074,0.9549449,0.96312267,-0.07670182,-0.25789842,0.1175428,0.9821482,0.1468625
1356782005338,0.2802716,-0.14574692,0.9487916,0.9496845,-0.10185939,-0.29618233,0.13981101,0.9840643,0.10986534
1356782005378,0.30027014,-0.123815924,0.945784,0.9403143,-0.12804985,-0.31529704,0.16014633,0.98400855,0.07797639
1356782005418,0.30690217,-0.10503927,0.94592696,0.93522394,-0.15107775,-0.32020584,0.1765427,0.9829254,0.05186914
1356782005458,0.30491456,-0.088234216,0.9482837,0.9336785,-0.16865584,-0.31591117,0.18780768,0.98171794,0.030956686
1356782005498,0.29693574,-0.07288954,0.95211154,0.9348434,-0.18108177,-0.3054132,0.19467145,0.98076326,0.01437062
1356782005538,0.28147486,-0.05979222,0.95770395,0.9385847,-0.1904256,-0.28774437,0.19957629,0.979879,0.0025200546
1356782005578,0.25416678,-0.050445884,0.9658439,0.94522095,-0.19854361,-0.25910962,0.20483318,0.9787929,-0.002780646
1356782005618,0.21242544,-0.045426607,0.9761208,0.9541817,-0.20578972,-0.21722803,0.21074352,0.9775413,-3.6978722E-4
1356782005658,0.16007221,-0.04345566,0.98614824,0.96336144,-0.21092331,-0.16566792,0.2152009,0.97653615,0.008100629
1356782005698,0.10673052,-0.042373687,0.9933847,0.97073126,-0.21174878,-0.11332902,0.21515012,0.97640514,0.018533349
1356782005738,0.062374175,-0.04099375,0.9972106,0.9759262,-0.20671737,-0.06954068,0.20899156,0.9775415,0.02711305
1356782005778,0.03355658,-0.039770305,0.9986452,0.97965235,-0.19652265,-0.04074475,0.19787681,0.97969234,0.032366455
1356782005818,0.024986744,-0.03970954,0.9988988,0.98249793,-0.18352652,-0.031872213,0.18459004,0.98221236,0.034428805
1356782005858,0.041030705,-0.04146725,0.9982971,0.9843777,-0.16954154,-0.047501117,0.17122254,0.9846504,0.03386295
1356782005898,0.08387673,-0.04542145,0.9954404,0.9838511,-0.15473902,-0.08996087,0.15811962,0.98691076,0.031708926
1356782005938,0.1507523,-0.051950276,0.98720556,0.97797567,-0.1379807,-0.1566039,0.14435095,0.9890715,0.030005246
1356782005978,0.23185045,-0.061540782,0.9708028,0.9642138,-0.11739528,-0.2377187,0.12859702,0.9911766,0.032120287
1356782006047,0.3107557,-0.0754334,0.94749177,0.9440367,-0.091466874,-0.31690452,0.11056936,0.99294686,0.042788118
1356782006060,0.3655343,-0.09711751,0.92571753,0.9262266,-0.060493767,-0.3720818,0.09213573,0.9934329,0.06784025
1356782006099,0.38514474,-0.12888032,0.9138125,0.9196122,-0.02935347,-0.39172903,0.07730973,0.9912256,0.107214585
1356782006139,0.36204803,-0.17174095,0.91620207,0.92962307,-0.0059350133,-0.368464,0.068718016,0.98512423,0.15750559
1356782006179,0.31537265,-0.2168917,0.9238496,0.94669586,0.0045811534,-0.32209608,0.065627754,0.97618484,0.20677531
1356782006219,0.27375606,-0.2514578,0.92834616,0.95958245,0.0059123933,-0.28136572,0.065262884,0.9678502,0.24291304
1356782006258,0.25664175,-0.26741573,0.9287754,0.96426034,0.005365491,-0.2649022,0.06585571,0.9635663,0.25923538
1356782006298,0.26821104,-0.26290414,0.9267925,0.960938,0.0048334897,-0.27672154,0.06827161,0.96480983,0.25393093
1356782006338,0.29359105,-0.24285933,0.92456675,0.9530257,-9.895861E-4,-0.302888,0.07447407,0.97006106,0.23116058
1356782006378,0.32266662,-0.21254808,0.9223392,0.94258755,-0.016495496,-0.3335515,0.086110145,0.9770113,0.1950226
1356782006418,0.3428962,-0.17810968,0.9223335,0.93376136,-0.042538732,-0.35535926,0.10252786,0.9830907,0.15172559
1356782006458,0.35099465,-0.14323014,0.9253582,0.92846996,-0.074923515,-0.36377183,0.12143418,0.9868493,0.10668713
1356782006498,0.34913546,-0.10932204,0.9306734,0.9265293,-0.108288944,-0.36030096,0.14017051,0.9880901,0.06348263
1356782006538,0.33969733,-0.0773443,0.9373492,0.9274012,-0.13842323,-0.34751397,0.15662917,0.9873484,0.024707198
1356782006578,0.3224567,-0.049023896,0.94531393,0.9311564,-0.16313937,-0.32608783,0.17020404,0.98538435,-0.006956488
1356782006636,0.2941373,-0.026754975,0.9553886,0.93822116,-0.18255436,-0.2939642,0.18227535,0.98283166,-0.028593957
1356782006658,0.25110468,-0.012426883,0.96788013,0.94809496,-0.1983796,-0.24851874,0.19509599,0.9800465,-0.038032204
1356782006699,0.19313234,-0.006018758,0.9811543,0.9586137,-0.21204078,-0.18999618,0.20918825,0.9772423,-0.035182267
1356782006735,0.12715846,-0.0047061145,0.99187124,0.966846,-0.22267073,-0.1250067,0.22144899,0.97488236,-0.023764372
1356782006778,0.06333494,-0.0053144395,0.99797815,0.9718908,-0.22687757,-0.06288755,0.22675306,0.9739088,-0.009204239
1356782006818,0.009575486,-0.006017506,0.99993604,0.9750191,-0.2218644,-0.010672003,0.22191447,0.9750589,0.0037427545
1356782006858,-0.03044635,-0.0071936846,0.9995104,0.97769177,-0.20813155,0.028283805,0.20782623,0.9780743,0.013370097
1356782006898,-0.053759634,-0.009360731,0.99851,0.98050153,-0.18977517,0.051010966,0.18901491,0.9817829,0.01938045
1356782006938,-0.056388855,-0.012124509,0.99833524,0.9838395,-0.1708746,0.05349487,0.16994151,0.9852182,0.021564007
1356782006978,-0.035449505,-0.014968485,0.99925935,0.9875926,-0.15358764,0.03273502,0.15298393,0.9880216,0.020227373
1356782007047,0.0063002706,-0.019067734,0.99979836,0.99038553,-0.13804942,-0.008873761,0.1381908,0.99024177,0.01801467
1356782007061,0.05633998,-0.028817028,0.99799573,0.9906992,-0.12239045,-0.0594621,0.12385869,0.99206364,0.021653473
1356782007099,0.09851283,-0.049479663,0.99390495,0.9892089,-0.103975,-0.10322353,0.108448654,0.99334836,0.038702816
1356782007139,0.11116636,-0.08547297,0.9901194,0.98960924,-0.081897974,-0.11817896,0.09118992,0.9929688,0.07548058
1356782007179,0.09248465,-0.13435596,0.9866079,0.9930025,-0.060631573,-0.10134089,0.07343534,0.9890765,0.1278083
1356782007219,0.056038737,-0.18569759,0.9810077,0.99679637,-0.04575491,-0.06560174,0.05706799,0.98154116,0.18253863
1356782007259,0.02613157,-0.22613177,0.97374606,0.99871266,-0.036456287,-0.03526777,0.043474287,0.97341424,0.224888
1356782007299,0.023510873,-0.24662325,0.96882623,0.9991423,-0.027245402,-0.03118214,0.034086287,0.9687284,0.24577114
1356782007339,0.055959582,-0.244708,0.9679806,0.9979592,-0.016154528,-0.06177658,0.030754477,0.9694622,0.24330464
1356782007379,0.11544621,-0.2237291,0.96778995,0.9926975,-0.008325934,-0.120342165,0.034981787,0.9746158,0.22113419
1356782007419,0.18361896,-0.1912114,0.964221,0.98185927,-0.011513829,-0.18926108,0.047290772,0.9814813,0.18562856
1356782007458,0.24323541,-0.15539363,0.9574389,0.9676441,-0.029402435,-0.25060004,0.06709272,0.9874149,0.14321402
1356782007498,0.2855576,-0.12182301,0.95058715,0.9538974,-0.059495896,-0.29417676,0.09239352,0.99076706,0.09921715
1356782007538,0.3088566,-0.0929586,0.946555,0.94354606,-0.09530562,-0.31723452,0.11970165,0.99109817,0.058274925
1356782007578,0.31432283,-0.06945628,0.94677186,0.9381228,-0.12997437,-0.32098648,0.14535055,0.9890816,0.024304628
1356782007618,0.3030874,-0.05149153,0.95157063,0.9380933,-0.15958542,-0.30743027,0.16768682,0.9858403,-6.4492226E-5
1356782007658,0.27480477,-0.039539695,0.9606867,0.94301414,-0.18389887,-0.2773184,0.18763432,0.9821496,-0.013249785
1356782007698,0.2291393,-0.033961773,0.972801,0.9512223,-0.20427498,-0.23118806,0.20657045,0.9783243,-0.014502227
1356782007738,0.17017561,-0.033447534,0.98484594,0.95971894,-0.2211147,-0.17334333,0.22356182,0.9746741,-0.0055280924
1356782007778,0.10837877,-0.034853786,0.99349856,0.9659765,-0.23238039,-0.11352879,0.23482648,0.9720003,0.008482814
1356782007818,0.055151284,-0.0356358,0.9978419,0.97013354,-0.23451525,-0.06199503,0.2362184,0.97145903,0.021637678
1356782007858,0.017374992,-0.03559935,0.9992151,0.9737624,-0.22619069,-0.024990976,0.22690284,0.9734323,0.030735254
1356782007898,-0.001165092,-0.035821527,0.99935746,0.9776088,-0.21033299,-0.0063994825,0.21042714,0.9769733,0.03526452
1356782007938,0.0035604835,-0.036898553,0.99931264,0.9813971,-0.19169742,-0.010574847,0.1919559,0.9807602,0.035529613
1356782007978,0.035259306,-0.038677335,0.99862945,0.9839698,-0.1734488,-0.0414595,0.17481458,0.9840831,0.031941622
1356782008048,0.09452015,-0.040952384,0.9946803,0.9828717,-0.154944,-0.09977728,0.1582059,0.9870741,0.02560559
1356782008061,0.18156722,-0.048234522,0.9821948,0.9730033,-0.135892,-0.18654153,0.14247021,0.9895487,0.022258878
1356782008099,0.25075155,-0.061221033,0.9661137,0.96008027,-0.112082124,-0.25628805,0.12397432,0.9918113,0.030672342
1356782008139,0.29855838,-0.085743636,0.95053196,0.9489949,-0.07909182,-0.30521014,0.101349145,0.993173,0.057756722
1356782008179,0.31517738,-0.12304047,0.941023,0.9460436,-0.037904024,-0.32181498,0.07526481,0.9916775,0.10445508
1356782008219,0.30412936,-0.16840428,0.93762743,0.9514074,0.0038295984,-0.30791122,0.048262805,0.98571056,0.16138577
1356782008259,0.2832327,-0.21025121,0.9357209,0.958758,0.037950575,-0.28167844,0.023712099,0.9769105,0.21232894
1356782008298,0.27575204,-0.23524675,0.9319978,0.96121526,0.062338084,-0.2686618,0.0051027834,0.9699345,0.24331257
1356782008338,0.29407534,-0.23648655,0.92606366,0.9557712,0.07741985,-0.2837386,-0.0045953393,0.96854544,0.24879432
1356782008378,0.3325008,-0.21648389,0.9179205,0.9430955,0.08019957,-0.32270566,-0.003756225,0.9729866,0.23083138
1356782008418,0.3747293,-0.18457374,0.90857613,0.9271052,0.06683239,-0.36879465,0.007347405,0.98054373,0.19616325
1356782008458,0.40678445,-0.15102717,0.9009535,0.91311884,0.03784612,-0.40593302,0.027209342,0.9878049,0.153301
1356782008498,0.4228506,-0.12234682,0.89790237,0.90459436,-0.0019575953,-0.4262688,0.053910404,0.9924854,0.10984652
1356782008538,0.42326728,-0.10055527,0.9004074,0.9020263,-0.04626295,-0.42919478,0.08481336,0.99385524,0.071121916
1356782008578,0.41075808,-0.084926456,0.9077804,0.90426207,-0.08934784,-0.41752496,0.116567105,0.9923732,0.040095404
1356782008618,0.38767058,-0.07402021,0.91882133,0.9100745,-0.12773216,-0.39427018,0.14654699,0.98904276,0.017845899
1356782008658,0.35488516,-0.06683147,0.93251824,0.9185664,-0.16076314,-0.36109713,0.17404714,0.98472786,0.0043366253
1356782008698,0.31206903,-0.06298241,0.94796956,0.9289075,-0.18914911,-0.3183608,0.19935873,0.97992647,-5.2277744E-4
1356782008738,0.2591953,-0.062030524,0.9638309,0.94003487,-0.21287152,-0.2664961,0.221703,0.9751092,0.0031355023
1356782008778,0.19927031,-0.06255254,0.97794616,0.9504478,-0.23067188,-0.20842165,0.23862195,0.97101897,0.013486773
1356782008818,0.13935524,-0.062321573,0.9882794,0.9589404,-0.24045551,-0.1503815,0.24700922,0.96865743,0.02625388
1356782008858,0.08734405,-0.060010344,0.99436903,0.9656112,-0.24027282,-0.099318504,0.24487993,0.9688487,0.036960185
1356782008898,0.04836595,-0.056331307,0.99723995,0.9712335,-0.2304151,-0.060120136,0.23316583,0.9714606,0.043566585
1356782008938,0.025844574,-0.052888542,0.998266,0.97614765,-0.21399891,-0.03660971,0.21556404,0.9754011,0.046096325
1356782008978,0.02432102,-0.050530076,0.9984263,0.98026574,-0.19478428,-0.033736616,0.19618249,0.9795437,0.044795573
1356782009049,0.053023994,-0.04768172,0.9974543,0.9831221,-0.17265272,-0.060515463,0.17509866,0.983828,0.03772214
1356782009069,0.12336117,-0.048585385,0.9911717,0.9801012,-0.15055436,-0.12936327,0.1555104,0.9874071,0.029046088
1356782009109,0.21168172,-0.051580846,0.9759766,0.96789044,-0.12745517,-0.21666408,0.13556895,0.99050224,0.022944659
1356782009149,0.3017553,-0.060748577,0.951448,0.9466052,-0.0997172,-0.30658624,0.11350042,0.99315965,0.02741474
1356782009189,0.3737545,-0.08008039,0.92406416,0.9231914,-0.064103365,-0.3789568,0.08958268,0.994725,0.049970657
1356782009230,0.4168989,-0.110156685,0.90225315,0.906543,-0.021842778,-0.42154786,0.06614405,0.99367416,0.09075557
1356782009269,0.43790996,-0.14531714,0.88719654,0.89784414,0.02026081,-0.43984693,0.04594201,0.98917764,0.1393446
1356782009309,0.45567852,-0.17462617,0.87284756,0.8896181,0.0556255,-0.45330507,0.0306063,0.9830623,0.18069792
1356782009349,0.48840714,-0.18736467,0.8522634,0.87237024,0.081669986,-0.48197508,0.020700812,0.97888935,0.20333962
1356782009389,0.53926635,-0.1796732,0.82274497,0.84197795,0.09614906,-0.5308753,0.01627788,0.9790163,0.2031308
1356782009429,0.59538287,-0.15668696,0.7880154,0.8032556,0.09495713,-0.5880165,0.017306864,0.9830729,0.18239555
1356782009468,0.64021677,-0.12881881,0.7573164,0.76781034,0.0761406,-0.63613665,0.024283826,0.9887408,0.1476549
1356782009508,0.6647456,-0.10517222,0.7396296,0.74608773,0.042713717,-0.66447616,0.03829211,0.99353623,0.10686146
1356782009548,0.66811436,-0.0898163,0.7386179,0.74166703,8.6067617E-4,-0.6707678,0.0596101,0.9959581,0.06718877
1356782009588,0.65367615,-0.08223507,0.7522931,0.7518183,-0.043015644,-0.6579657,0.08646825,0.9956842,0.033707544
1356782009628,0.6249827,-0.080301434,0.7764975,0.7719152,-0.08471656,-0.63005555,0.11637658,0.99316406,0.009039506
1356782009686,0.5830834,-0.082657695,0.8081964,0.79883057,-0.1228098,-0.58888656,0.14793044,0.988982,-0.0055788457
1356782009708,0.5267329,-0.088870645,0.8453723,0.8306098,-0.15756264,-0.5340986,0.18066478,0.9835019,-0.009176597
1356782009748,0.45595506,-0.09774065,0.88461953,0.86418676,-0.18903956,-0.46631023,0.21280557,0.977093,-0.0017273575
1356782009785,0.37717807,-0.106232285,0.920028,0.89442575,-0.2159583,-0.39161804,0.24029014,0.97060645,0.013562143
1356782009828,0.30302638,-0.11121568,0.9464703,0.9172826,-0.23525101,-0.32132483,0.25839442,0.96555066,0.030728921
1356782009868,0.24632603,-0.11162123,0.96273786,0.93243885,-0.24364632,-0.2668224,0.2643506,0.9634195,0.044063553
1356782009908,0.21380246,-0.10925138,0.9707485,0.941965,-0.24023306,-0.23449972,0.25882524,0.96454775,0.05154851
1356782009948,0.20810002,-0.10670656,0.97226954,0.9467593,-0.22766858,-0.22762653,0.24564454,0.9678743,0.053647637
1356782009988,0.23144221,-0.10540393,0.9671217,0.94549894,-0.20969105,-0.24912137,0.22905514,0.9720698,0.05112794
1356782010049,0.28471816,-0.10518399,0.9528231,0.9349903,-0.18881959,-0.3002336,0.21149153,0.97636235,0.044585675
1356782010069,0.36251798,-0.105422676,0.925995,0.91175574,-0.16573188,-0.3758116,0.193086,0.9805198,0.036038965
1356782010109,0.4495459,-0.1061649,0.8869259,0.87653184,-0.13881347,-0.46089357,0.17204791,0.9846116,0.03065385
1356782010149,0.52638346,-0.10948065,0.84316933,0.8375101,-0.10424471,-0.5363861,0.14661977,0.98850757,0.036818415
1356782010189,0.57968235,-0.11823484,0.80621886,0.8063625,-0.05913374,-0.5884579,0.11725092,0.9912234,0.061061367
1356782010229,0.60803616,-0.13299865,0.78268987,0.7891689,-0.0063221753,-0.6141437,0.086628616,0.991096,0.10111429
1356782010269,0.6201816,-0.14952171,0.77007663,0.78230643,0.045224562,-0.62124985,0.058063954,0.98772365,0.14501923
1356782010309,0.62832457,-0.16011035,0.76129687,0.7771866,0.08580895,-0.6233921,0.03448549,0.9833623,0.1783515
1356782010349,0.6399251,-0.15922636,0.75175977,0.7682131,0.10893084,-0.6308587,0.018559486,0.9812141,0.19202735
1356782010389,0.6536237,-0.14780673,0.74224603,0.75671434,0.11127356,-0.6442061,0.0126256645,0.98273665,0.18457852
1356782010429,0.66311216,-0.1318548,0.7368152,0.74830365,0.0931087,-0.65678954,0.017996937,0.9868866,0.16040893
1356782010470,0.6636869,-0.11720544,0.738771,0.74722075,0.05850993,-0.6619953,0.034364045,0.9913826,0.12641062
1356782010509,0.65492404,-0.1060611,0.7482149,0.7533482,0.0136678815,-0.6574799,0.059506536,0.9942657,0.08885236
1356782010549,0.63888794,-0.09778905,0.76305926,0.7640977,-0.034492627,-0.6441778,0.08931342,0.99460936,0.052683443
1356782010589,0.6175869,-0.09129518,0.7811861,0.77743,-0.079567865,-0.6239164,0.119117826,0.99264,0.021835536
1356782010629,0.5914549,-0.086432576,0.80169225,0.79300123,-0.11773157,-0.59773594,0.14604837,0.9892768,-0.0010917783
1356782010669,0.5587683,-0.08413547,0.825045,0.81169534,-0.14854729,-0.5648755,0.1700843,0.98531973,-0.014711127
1356782010708,0.5162777,-0.0856953,0.852123,0.8344394,-0.17364797,-0.52302694,0.19279042,0.9810722,-0.018143043
1356782010748,0.46236825,-0.09087673,0.8820187,0.8604101,-0.19439149,-0.4710693,0.21426615,0.9767053,-0.011689201
1356782010788,0.40137804,-0.09696016,0.9107658,0.8862083,-0.21007586,-0.41292012,0.2313667,0.97286534,0.0016070455
1356782010828,0.34359857,-0.10058606,0.93371433,0.9081434,-0.21765181,-0.35763562,0.23919779,0.9708296,0.016561687
1356782010868,0.2992727,-0.1008375,0.94882435,0.9247407,-0.21440187,-0.31446224,0.23513931,0.97152644,0.029083937
1356782010908,0.274996,-0.09936863,0.95629656,0.935587,-0.20147261,-0.2899757,0.22148201,0.97444075,0.03756377
1356782010948,0.27640074,-0.09811702,0.9560208,0.9392773,-0.18293208,-0.29033437,0.20337361,0.97821724,0.041596532
1356782010988,0.31011903,-0.09815061,0.94561756,0.93239224,-0.16284764,-0.32268453,0.18566331,0.98175716,0.04101275
1356782011049,0.37894243,-0.09931266,0.9200759,0.90966606,-0.14269757,-0.39005777,0.17003027,0.98477125,0.036267206
1356782011070,0.47557825,-0.1019972,0.8737402,0.8658438,-0.12115544,-0.48542345,0.15537015,0.9873793,0.030694723
1356782011109,0.5790192,-0.106918395,0.8082731,0.8034179,-0.0939084,-0.5879633,0.13876775,0.98982304,0.031525403
1356782011149,0.66921264,-0.11436996,0.7342166,0.73373437,-0.054434404,-0.6772525,0.11742392,0.9919458,0.047488958
1356782011189,0.7384939,-0.12247422,0.66304356,0.66816664,0.0010228157,-0.7440109,0.09044403,0.9924711,0.082588546
1356782011249,0.7905775,-0.12692022,0.5990647,0.60939574,0.066890314,-0.7900396,0.060200363,0.98965496,0.13022661
1356782011268,0.83031344,-0.12395929,0.5433357,0.5564113,0.12945956,-0.8207597,0.03140083,0.98380595,0.17646438
1356782011305,0.8591027,-0.114456594,0.49884087,0.51171464,0.17395937,-0.8413598,0.009521082,0.97807866,0.20801806
1356782011348,0.87652725,-0.104163155,0.46994686,0.48135102,0.19187397,-0.8552694,-0.0010830313,0.9758763,0.2183218
1356782011388,0.8832294,-0.09896015,0.4583807,0.46893966,0.1837708,-0.8639004,0.0012546927,0.97797513,0.20871809
1356782011428,0.8817518,-0.100673944,0.46084547,0.4714389,0.15473539,-0.8682179,0.016097814,0.9828132,0.18389982
1356782011468,0.87440205,-0.10824622,0.47297338,0.48346937,0.11206952,-0.86815774,0.040968865,0.987787,0.15032753
1356782011508,0.862993,-0.119543105,0.49086916,0.4999803,0.06256902,-0.86377364,0.07254499,0.9908555,0.113765836
1356782011548,0.8489181,-0.13222754,0.51171666,0.5176113,0.01226452,-0.85552794,0.10684842,0.9911435,0.078854054
1356782011588,0.83325636,-0.14414822,0.533765,0.5349896,-0.033432774,-0.8441968,0.1395347,0.98899114,0.04925972
1356782011628,0.8161366,-0.15444116,0.55683845,0.55297846,-0.07098271,-0.83016646,0.16773772,0.98544884,0.027471036
1356782011668,0.79580086,-0.16435288,0.5828285,0.57450014,-0.09936832,-0.8124503,0.19144325,0.9813838,0.015343368
1356782011708,0.7691363,-0.17577729,0.6144361,0.6029018,-0.11934127,-0.788839,0.21198756,0.9771694,0.014186744
1356782011748,0.7344591,-0.18793948,0.6521108,0.6389021,-0.13254796,-0.75778306,0.22885333,0.9731957,0.02272388
1356782011788,0.69430697,-0.19666383,0.69228697,0.6788659,-0.14036393,-0.7207212,0.2389119,0.9703718,0.036052704
1356782011828,0.6545137,-0.19792303,0.72968364,0.7172457,-0.14267614,-0.6820573,0.23910329,0.96977836,0.04857593
1356782011868,0.62023675,-0.1913321,0.7607223,0.75010747,-0.13900062,-0.64654285,0.22944525,0.97163314,0.057306312
1356782011908,0.5939429,-0.17951685,0.78422296,0.7756687,-0.13087311,-0.61742246,0.21347138,0.97501075,0.061514407
1356782011948,0.5771222,-0.16527367,0.7997591,0.79285747,-0.12130967,-0.5972111,0.19572175,0.9787588,0.061027944
1356782011988,0.571043,-0.1500085,0.80709803,0.80114406,-0.11266646,-0.5877708,0.17910346,0.98224425,0.055840984
1356782012048,0.5746048,-0.13458946,0.80728865,0.80184805,-0.104978085,-0.588234,0.16391775,0.9853249,0.047599375
1356782012069,0.5821454,-0.121249795,0.8039933,0.7994564,-0.09492749,-0.5931763,0.1482436,0.98807245,0.04167235
1356782012109,0.58449924,-0.11438492,0.8032912,0.800992,-0.07667598,-0.5937447,0.12950853,0.9904731,0.046804324
1356782012149,0.57302606,-0.11891112,0.81086457,0.8125857,-0.046156943,-0.58101124,0.106515676,0.9918315,0.07017632
1356782012189,0.5442624,-0.13623744,0.8277788,0.8350432,-0.006712407,-0.5501434,0.08050653,0.99065346,0.110110834
1356782012229,0.50219727,-0.16170833,0.84949887,0.86305034,0.03210908,-0.5040963,0.05423993,0.98631614,0.15568753
1356782012268,0.45811644,-0.18512854,0.86940026,0.8883463,0.06108108,-0.4550933,0.031146854,0.9808142,0.19244051
1356782012308,0.42459115,-0.19662309,0.883777,0.90527034,0.07664797,-0.41786447,0.014422089,0.9774786,0.2105411
1356782012348,0.40762785,-0.19198263,0.8927386,0.9131224,0.07836005,-0.4000839,0.006854117,0.9782649,0.20724541
1356782012388,0.40401155,-0.17421752,0.8980105,0.91469604,0.06590003,-0.3987334,0.010287434,0.9824996,0.18598044
1356782012428,0.405955,-0.15034908,0.9014409,0.9135496,0.039719492,-0.4047833,0.025053978,0.98783475,0.15347566
1356782012468,0.4072636,-0.12667212,0.90448356,0.9119655,0.0026738942,-0.41025802,0.04954976,0.991941,0.11660962
1356782012508,0.40554532,-0.10648379,0.9078514,0.9105568,-0.03999272,-0.41144472,0.08011967,0.9935098,0.08074072
1356782012548,0.40075615,-0.090777755,0.9116764,0.9092933,-0.082410425,-0.4079143,0.11216119,0.9924555,0.04951714
1356782012588,0.3930458,-0.07978737,0.9160508,0.90847427,-0.12024835,-0.40026852,0.14208996,0.98953235,0.02522163
1356782012628,0.38121286,-0.074204594,0.92150444,0.9089149,-0.15209773,-0.38825247,0.16896886,0.9855759,0.00946407
1356782012668,0.3626126,-0.07520527,0.9289006,0.91157824,-0.17859393,-0.37030974,0.19374529,0.98104453,0.0037950724
1356782012733,0.33599678,-0.08251852,0.9382414,0.9166659,-0.20022622,-0.34588027,0.216402,0.97626853,0.00836651
1356782012748,0.3052641,-0.09260625,0.94775414,0.9230761,-0.21576223,-0.31839788,0.23397517,0.9720446,0.019618109
1356782012788,0.27857256,-0.10041952,0.9551509,0.92948616,-0.22216636,-0.29444486,0.24177033,0.9698238,0.03144905
1356782012825,0.2630041,-0.103035,0.9592771,0.9352083,-0.21711543,-0.27972525,0.23709542,0.9706928,0.03925699
1356782012868,0.26135087,-0.100669056,0.9599799,0.93950725,-0.20159978,-0.2769182,0.22140881,0.97428095,0.041891053
1356782012908,0.2730264,-0.09512672,0.9572917,0.94091606,-0.18081868,-0.28632402,0.20033333,0.9789052,0.040137976
1356782012948,0.2963694,-0.08730146,0.95107496,0.9381933,-0.15978327,-0.3070222,0.17876932,0.98328424,0.034550786
1356782012988,0.3280088,-0.07814816,0.9414367,0.93112254,-0.14145377,-0.33615717,0.15943986,0.9868554,0.026367486
1356782013046,0.36096805,-0.0696899,0.9299707,0.92172265,-0.12505013,-0.36713758,0.14187866,0.98969996,0.01909563
1356782013070,0.3855693,-0.06679663,0.9202578,0.91429925,-0.106454164,-0.39079973,0.12406942,0.9920714,0.020026684
