1356781950894,-0.37186027,0.03046292,-0.92778885,-0.87696725,-0.33924794,0.34035194,-0.30438223,0.94020367,0.15286767
1356781950915,-0.69579864,-0.32906103,0.6384225,0.6505558,0.08794141,0.75434977,-0.3043709,0.9402049,0.15288293
1356781950968,-0.69566727,-0.32902473,0.63858426,0.6508044,0.08769518,0.7541639,-0.30413938,0.94024056,0.15312403
1356781951008,-0.6931894,-0.328615,0.64148325,0.6536703,0.08832842,0.7516071,-0.30365062,0.9403246,0.1535775
1356781951048,-0.6872851,-0.3276025,0.64831775,0.6602965,0.09020907,0.7455675,-0.30273396,0.94049937,0.15431535
1356781951090,-0.67444694,-0.3253897,0.662754,0.67403257,0.09500182,0.7325672,-0.30133265,0.94079554,0.1552496
1356781951128,-0.65045035,-0.32116118,0.68830943,0.6979883,0.10464257,0.7084224,-0.29954427,0.9412255,0.15610188
1356781951168,-0.61100274,-0.31390604,0.7267314,0.7335607,0.12060201,0.66883767,-0.29759744,0.9417633,0.15658098
1356781951210,-0.55475706,-0.302849,0.7749369,0.7777346,0.14214408,0.6123104,-0.29559028,0.94237876,0.15668064
1356781951249,-0.4807685,-0.287423,0.828402,0.82622886,0.16785431,0.53774613,-0.29361147,0.94298095,0.15677804
1356781951288,-0.3929199,-0.26820543,0.87959063,0.87204015,0.19487053,0.4489671,-0.2918217,0.9434465,0.15731746
1356781951328,-0.30290908,-0.24781054,0.92023695,0.9077316,0.21910298,0.35779497,-0.29029202,0.94370747,0.15857714
1356781951370,-0.21968329,-0.22849879,0.9484343,0.9317663,0.238904,0.27337977,-0.2890517,0.943776,0.16042423
1356781951408,-0.15204638,-0.2126692,0.9652221,0.9454616,0.2533363,0.20475161,-0.28807017,0.9437121,0.16255158
1356781951447,-0.10476565,-0.20175952,0.9738158,0.95209926,0.26251638,0.15681863,-0.28728226,0.9435985,0.16459239
1356781951490,-0.078994185,-0.19623771,0.97736925,0.9547874,0.2669818,0.13077402,-0.28660256,0.9435102,0.16627526
1356781951528,-0.07309422,-0.19567099,0.97794175,0.9554461,0.26742753,0.124920934,-0.28597197,0.9435016,0.16740566
1356781951568,-0.083735794,-0.19919485,0.9763758,0.9547486,0.2645714,0.13585737,-0.28538322,0.94356954,0.16802686
1356781951610,-0.10629082,-0.20581073,0.9728023,0.9526722,0.25915337,0.15891907,-0.2848122,0.9436532,0.1685245
1356781951648,-0.13808537,-0.21513826,0.96677196,0.94875854,0.25139904,0.19145697,-0.28423524,0.9436706,0.16939974
1356781951688,-0.17233044,-0.22552833,0.958874,0.9433383,0.2424503,0.22656295,-0.28357568,0.9435861,0.17096794
1356781951728,-0.20404786,-0.23536754,0.9502455,0.9372115,0.2334786,0.25907966,-0.28284094,0.9434457,0.17294836
1356781951768,-0.22776419,-0.24274746,0.9429725,0.93195045,0.22624165,0.28334287,-0.2821204,0.943339,0.17469883
1356781951807,-0.23944265,-0.24614578,0.93919086,0.9291974,0.22239667,0.2951812,-0.28153053,0.94337267,0.17546678
1356781951847,-0.23668802,-0.2445414,0.9403075,0.9300214,0.22302091,0.2920989,-0.28113845,0.9436425,0.17464244
1356781951888,-0.21903598,-0.23757476,0.9463516,0.93440145,0.22817403,0.27355158,-0.28092176,0.94419,0.17201191
1356781951935,-0.18887436,-0.22593087,0.9556578,0.94100577,0.23661059,0.2419166,-0.28077525,0.94497126,0.16791254
1356781951969,-0.15300316,-0.21198866,0.9652206,0.9475652,0.24581617,0.2041924,-0.2805533,0.94585156,0.16326249
1356781952010,-0.12292421,-0.19985601,0.972084,0.9520575,0.25274533,0.17235506,-0.28013593,0.9466665,0.15920585
1356781952049,-0.11228633,-0.19428593,0.9744972,0.9535629,0.25476295,0.16066632,-0.27948102,0.94728494,0.1566574
1356781952089,-0.13324088,-0.19907707,0.97088367,0.951094,0.24978024,0.1817418,-0.27868813,0.94761705,0.1560601
1356781952130,-0.19172645,-0.21536976,0.95752645,0.94126874,0.23594725,0.24154109,-0.27794638,0.9475995,0.15748346
1356781952170,-0.28479725,-0.2408967,0.927825,0.9175737,0.21158558,0.33658588,-0.27739677,0.9472066,0.1607815
1356781952209,-0.39774954,-0.26997218,0.8768753,0.8746853,0.17695117,0.4512359,-0.2769853,0.94646883,0.16575849
1356781952250,-0.5094424,-0.29610586,0.8079541,0.8149227,0.1355198,0.5635028,-0.27635026,0.94549227,0.17226386
1356781952289,-0.6032431,-0.3152939,0.7325896,0.74870634,0.09266049,0.6563938,-0.27483907,0.9444595,0.18016583
1356781952329,-0.67363065,-0.32708484,0.66274977,0.68723303,0.052696645,0.7245231,-0.2719052,0.94352454,0.1892854
1356781952369,-0.72395796,-0.3332333,0.60402024,0.6358239,0.017333567,0.7716395,-0.26760578,0.94268507,0.1993289
1356781952410,-0.7602731,-0.33593303,0.5559981,0.5941507,-0.013578415,0.8042391,-0.2626209,0.941788,0.20991814
1356781952449,-0.7875178,-0.33687082,0.5160754,0.5598001,-0.040775895,0.82762384,-0.25775892,0.9406675,0.22069204
1356781952489,-0.808746,-0.33696568,0.4820624,0.5307126,-0.0647977,0.84507126,-0.25352347,0.9392845,0.23123676
1356781952530,-0.82556856,-0.33651406,0.45298445,0.50596803,-0.085983634,0.8582559,-0.2498659,0.9377447,0.24125075
1356781952569,-0.83905023,-0.33549684,0.42829466,0.4850794,-0.10485071,0.8681614,-0.24635838,0.93618804,0.25071776
1356781952610,-0.85046434,-0.33393115,0.40644854,0.46666056,-0.122350216,0.8759329,-0.24277218,0.9346232,0.25988698
1356781952648,-0.8617062,-0.33197626,0.38373715,0.4472901,-0.13991314,0.8833776,-0.23957048,0.93285376,0.2690537
1356781952685,-0.8749745,-0.3295508,0.35470533,0.42178643,-0.15910447,0.89262646,-0.23773056,0.9306353,0.27821243
1356781952728,-0.8916664,-0.32597494,0.3141198,0.3849935,-0.1810264,0.9049913,-0.2381405,0.9278845,0.28691345
1356781952768,-0.91140103,-0.31970936,0.25910264,0.33361697,-0.20540208,0.9200596,-0.24093145,0.9249843,0.29386407
1356781952808,-0.93156874,-0.30955768,0.19066624,0.26800817,-0.23034316,0.9354751,-0.24566482,0.9225595,0.29754454
1356781952848,-0.9488177,-0.29520395,0.11224872,0.19105291,-0.25348818,0.94828403,-0.25148347,0.9211941,0.29691356
1356781952888,-0.9601982,-0.2777699,0.029385358,0.10802064,-0.27225643,0.9561423,-0.25758716,0.92126024,0.29142487
1356781952936,-0.9644265,-0.2593389,-0.051233143,0.02542457,-0.28390598,0.958515,-0.2631256,0.9231147,0.28040004
1356781952970,-0.96244705,-0.24234557,-0.12232821,-0.049701206,-0.2856956,0.95703065,-0.2668808,0.92717123,0.2629221
1356781953009,-0.95708215,-0.22878045,-0.17791346,-0.11163027,-0.2755106,0.9547945,-0.26745537,0.9336773,0.23814756
1356781953049,-0.9515001,-0.21935464,-0.21571021,-0.1581332,-0.25272965,0.9545269,-0.2638963,0.9423435,0.2057851
1356781953090,-0.9474162,-0.21333036,-0.23852172,-0.19128457,-0.22000724,0.95655996,-0.2565398,0.951886,0.16763169
1356781953129,-0.9449128,-0.20932916,-0.25163686,-0.21510208,-0.18235242,0.9594158,-0.2467203,0.9606919,0.12728
1356781953169,-0.94397724,-0.20602259,-0.25780138,-0.23119915,-0.14457256,0.9621048,-0.23548636,0.9678085,0.08884102
1356781953210,-0.94602334,-0.20266274,-0.25291848,-0.23496968,-0.108609736,0.96591574,-0.22322454,0.97320694,0.05512768
1356781953249,-0.95279896,-0.19819093,-0.2299879,-0.21932805,-0.07446319,0.97280544,-0.20992686,0.97733086,0.027479708
1356781953289,-0.9633661,-0.19131239,-0.18794978,-0.18308683,-0.04294926,0.98215806,-0.19597134,0.98058903,0.006349206
1356781953329,-0.97373194,-0.18159357,-0.13736795,-0.13657865,-0.016905367,0.99048495,-0.18218796,0.9832283,-0.008340478
1356781953370,-0.9808087,-0.1704433,-0.09467476,-0.096251756,9.940267E-4,0.9953565,-0.16955772,0.985367,-0.017380357
1356781953409,-0.98488516,-0.15972614,-0.06699887,-0.06970875,0.011417031,0.9975021,-0.15856223,0.98709536,-0.022378862
1356781953449,-0.9873911,-0.15005699,-0.050413992,-0.05361471,0.01735884,0.9984108,-0.14894338,0.9885249,-0.025185168
1356781953489,-0.98922205,-0.14120457,-0.038742833,-0.04215593,0.021259546,0.99888486,-0.14022344,0.9897521,-0.026983023
1356781953528,-0.9907157,-0.13297676,-0.028279629,-0.03171285,0.023771167,0.9992143,-0.13220003,0.990834,-0.027767599
1356781953568,-0.9918511,-0.125938,-0.019260723,-0.02248492,0.024230123,0.9994535,-0.12540248,0.9917422,-0.02686441
1356781953610,-0.9924656,-0.121614814,-0.0148942545,-0.01767565,0.021823764,0.9996056,-0.1212418,0.9923374,-0.023808956
1356781953648,-0.99237996,-0.1218217,-0.0184776,-0.020642865,0.016535938,0.9996501,-0.121473536,0.99241424,-0.018924713
1356781953688,-0.9913395,-0.12755987,-0.03121645,-0.032636125,0.009054124,0.9994263,-0.12720406,0.9917895,-0.013138771
1356781953728,-0.988993,-0.13844876,-0.05220085,-0.05270808,-2.7418137E-6,0.99860996,-0.13825645,0.9903696,-0.0072947145
1356781953768,-0.98504746,-0.15280342,-0.079576984,-0.07889358,-0.010540247,0.9968273,-0.1531574,0.98820037,-0.0016725063
1356781953808,-0.9792389,-0.1685109,-0.11267221,-0.11039167,-0.022871494,0.99362487,-0.1700136,0.98543435,0.0037944913
1356781953848,-0.9709245,-0.18382959,-0.15333682,-0.14892147,-0.037672818,0.98813117,-0.18742439,0.9822359,0.009201348
1356781953888,-0.95850235,-0.19739111,-0.20569408,-0.19837491,-0.056382895,0.9785031,-0.20474544,0.97870207,0.014885604
1356781953936,-0.93864024,-0.20722488,-0.27570352,-0.26425374,-0.08160418,0.96099466,-0.22164054,0.97488385,0.021836936
1356781953969,-0.9054808,-0.21032389,-0.3686031,-0.3511446,-0.116467,0.92904943,-0.23833142,0.97066945,0.031604588
1356781954010,-0.8518119,-0.20119584,-0.48366997,-0.45783848,-0.16273707,0.874014,-0.25455907,0.9659383,0.046506226
1356781954049,-0.77577347,-0.17360361,-0.60666096,-0.57066137,-0.21728486,0.7919173,-0.26929784,0.96054626,0.06949484
1356781954089,-0.6923986,-0.1267705,-0.71029115,-0.6646739,-0.27092052,0.6962836,-0.28070062,0.9542177,0.10332388
1356781954129,-0.6248105,-0.06834975,-0.77777904,-0.7260264,-0.31559634,0.61097026,-0.28722388,0.9464288,0.14756411
1356781954170,-0.57594454,-0.007819384,-0.8174514,-0.7646389,-0.3485521,0.54206896,-0.28916305,0.9372568,0.19476771
1356781954209,-0.5312911,0.048546284,-0.8457972,-0.79671,-0.3680991,0.47932887,-0.28806755,0.9285183,0.23424509
1356781954248,-0.4716295,0.098184735,-0.8763135,-0.83437335,-0.37120354,0.40746665,-0.28528363,0.9233459,0.25699326
1356781954288,-0.38603473,0.13857055,-0.9120172,-0.87870896,-0.35617626,0.3178193,-0.28079852,0.924087,0.25925955
1356781954328,-0.27212626,0.1663793,-0.94776857,-0.9224801,-0.3253802,0.20774534,-0.2738206,0.9308307,0.24202606
1356781954368,-0.14096683,0.17837438,-0.9738126,-0.9540956,-0.28702778,0.08553749,-0.2642536,0.94116825,0.21064755
1356781954408,-0.014009774,0.17429787,-0.9845933,-0.96739393,-0.25140417,-0.030739874,-0.25288877,0.9520589,0.17213675
1356781954448,0.086580396,0.15768397,-0.9836867,-0.966766,-0.2251206,-0.1211777,-0.24055597,0.9614866,0.13295251
1356781954488,0.14965135,0.13329858,-0.9797122,-0.9622455,-0.20820528,-0.1753115,-0.22735006,0.9689593,0.09710777
1356781954528,0.17464995,0.10443634,-0.9790763,-0.9613083,-0.19705379,-0.19249979,-0.21303469,0.9748143,0.06598008
1356781954568,0.16376877,0.07279736,-0.9838092,-0.96641403,-0.18837398,-0.17481199,-0.19804984,0.97939575,0.03950256
1356781954608,0.11721331,0.039678335,-0.99231374,-0.97601306,-0.17998862,-0.1224848,-0.18346521,0.9828681,0.017629564
1356781954648,0.0332883,0.006908983,-0.9994219,-0.9849614,-0.16940045,-0.033977658,-0.16953725,0.9855231,0.0011660159
1356781954688,-0.08915156,-0.022453934,-0.995765,-0.98381877,-0.15400803,0.09155482,-0.15541148,0.9878145,-0.0083605945
1356781954728,-0.24381936,-0.044324458,-0.9688073,-0.95948046,-0.13446105,0.24762386,-0.14124256,0.9899271,-0.009744287
1356781954768,-0.405734,-0.056450486,-0.9122462,-0.90474737,-0.11678654,0.4096256,-0.12966165,0.99155146,-0.00368917
1356781954808,-0.5397585,-0.061795592,-0.8395487,-0.8325986,-0.1080212,0.54324114,-0.124258935,0.9922261,0.006854415
1356781954848,-0.6291131,-0.066141605,-0.77449477,-0.76687187,-0.10995567,0.63231117,-0.12698212,0.9917334,0.018452287
1356781954888,-0.67922777,-0.072517425,-0.7303362,-0.721063,-0.11956388,0.6824754,-0.1368132,0.9901746,0.028921485
1356781954934,-0.7008652,-0.080355406,-0.7087531,-0.6971658,-0.13293093,0.70447797,-0.1508238,0.9878625,0.037145615
1356781954969,-0.7004749,-0.0876604,-0.70827293,-0.6940994,-0.14717847,0.7046733,-0.16601446,0.9852178,0.0422498
1356781955009,-0.6791737,-0.09261212,-0.7281114,-0.71128535,-0.16171497,0.68404794,-0.1810976,0.9824822,0.043958843
1356781955049,-0.6347938,-0.09302384,-0.7670616,-0.7473149,-0.1783657,0.640083,-0.19636041,0.9795572,0.04370731
1356781955089,-0.5668869,-0.08551538,-0.819345,-0.7957722,-0.20036483,0.57148963,-0.21303916,0.975982,0.045533538
1356781955129,-0.48372644,-0.065301746,-0.8727797,-0.84385574,-0.22976547,0.48488688,-0.23219863,0.97105277,0.05603838
1356781955168,-0.40368503,-0.028906316,-0.9144413,-0.87906337,-0.26473814,0.39643583,-0.253547,0.963887,0.08146036
1356781955208,-0.34037954,0.021664858,-0.94003856,-0.89920056,-0.2997992,0.31868303,-0.27491856,0.95375633,0.12152654
1356781955248,-0.28947657,0.078431875,-0.9539664,-0.9112898,-0.3274907,0.24960136,-0.29283834,0.9415935,0.16627496
1356781955288,-0.23686314,0.13147938,-0.96260536,-0.9227592,-0.34046316,0.18055558,-0.3039923,0.9310199,0.201967
1356781955328,-0.17252868,0.1729927,-0.9696944,-0.9360864,-0.33518028,0.1067532,-0.306555,0.9261358,0.21976444
1356781955368,-0.09480101,0.19847241,-0.97551084,-0.9489621,-0.31411672,0.028312415,-0.3008051,0.92840683,0.21812138
1356781955408,-0.009018242,0.20657143,-0.97839,-0.9572898,-0.2845509,-0.05125466,-0.28898945,0.93614054,0.20031482
1356781955448,0.07492846,0.19882503,-0.97716653,-0.95881736,-0.25485295,-0.12537664,-0.2739618,0.94631845,0.17154111
1356781955488,0.14638418,0.17874357,-0.9729452,-0.9551351,-0.23044664,-0.18604085,-0.2574656,0.9565276,0.13699056
1356781955528,0.1982109,0.15007985,-0.96860135,-0.9503833,-0.21229935,-0.22737756,-0.23975828,0.9656112,0.10055336
1356781955568,0.22658235,0.11599067,-0.9670608,-0.94864774,-0.1987449,-0.24610591,-0.22074434,0.97316325,0.06500214
1356781955608,0.22876799,0.079541236,-0.970226,-0.9525528,-0.1872589,-0.23995274,-0.2007696,0.9790849,0.032928377
1356781955655,0.20035407,0.04404491,-0.97873294,-0.96335584,-0.17298606,-0.20499098,-0.178336,0.98393893,0.0077724755
1356781955685,0.11799818,0.010648638,-0.99295664,-0.98023105,-0.15867794,-0.11818758,-0.15881881,0.987273,-0.008285582
1356781955728,0.009439886,-0.009047359,-0.99991465,-0.98992443,-0.14136708,-0.008066475,-0.14128199,0.98991597,-0.010290712
1356781955768,-0.12831557,-0.018717796,-0.99155676,-0.9833828,-0.12707275,0.12965661,-0.1284267,0.9917168,-0.0021013618
1356781955808,-0.2648427,-0.02251923,-0.9640287,-0.9563446,-0.12195122,0.2655804,-0.12354508,0.9922806,0.010761678
1356781955848,-0.37341297,-0.026263982,-0.9272934,-0.91873777,-0.12787467,0.37358952,-0.12838927,0.99144256,0.023620307
1356781955888,-0.4451208,-0.032445043,-0.8948827,-0.8842087,-0.14206958,0.44496232,-0.14157236,0.98932487,0.034549832
1356781955941,-0.48111832,-0.041179925,-0.8756879,-0.8613349,-0.16372693,0.48093197,-0.16317838,0.9856458,0.043302298
1356781955979,-0.48462772,-0.04702857,-0.8734554,-0.8554095,-0.18318194,0.48447806,-0.18278554,0.98195356,0.048546255
1356781956019,-0.4639417,-0.049233496,-0.88449657,-0.86323774,-0.19910294,0.46387348,-0.19894397,0.97874105,0.049871862
1356781956059,-0.41704088,-0.04553917,-0.9077462,-0.8837012,-0.2131738,0.41668838,-0.21248338,0.97595245,0.048659205
1356781956099,-0.34648395,-0.03271368,-0.9374853,-0.91052246,-0.2286281,0.34449682,-0.22560519,0.97296405,0.049429357
1356781956139,-0.26484078,-0.0060400367,-0.9642732,-0.93396014,-0.24722773,0.25806373,-0.23995385,0.9689385,0.059834868
1356781956179,-0.19130355,0.037728906,-0.9808055,-0.9478497,-0.26662523,0.17461929,-0.25491932,0.96306145,0.0867677
1356781956219,-0.1350503,0.09541744,-0.98623365,-0.95390254,-0.28175503,0.103363454,-0.26801366,0.9547301,0.1290701
1356781956259,-0.086860776,0.1568768,-0.9837911,-0.95700693,-0.2874779,0.038654327,-0.2767543,0.9448524,0.17510277
1356781956302,-0.030599952,0.21038353,-0.97713995,-0.9596641,-0.27953,-0.030131638,-0.27947906,0.93680406,0.21045104
1356781956348,0.051825345,0.2458418,-0.9679235,-0.95997447,-0.25487578,-0.11613536,-0.27525124,0.9352006,0.22279282
1356781956388,0.15051591,0.26197085,-0.953266,-0.95183146,-0.22215307,-0.21134013,-0.26713598,0.93915874,0.2159146
1356781956428,0.25186926,0.25885728,-0.9324993,-0.93326676,-0.18999678,-0.30481875,-0.25607637,0.94704497,0.19372854
1356781956468,0.34365198,0.24153963,-0.9075031,-0.9071866,-0.16438624,-0.3872849,-0.24272564,0.95636594,0.16262989
1356781956508,0.41765806,0.21596786,-0.8825642,-0.8797226,-0.14683965,-0.45224577,-0.22726592,0.96529585,0.12866306
1356781956548,0.472557,0.18606243,-0.86143523,-0.8559985,-0.13563031,-0.49886957,-0.20965761,0.97313166,0.095176116
1356781956588,0.509926,0.15391675,-0.84633625,-0.83892107,-0.12859035,-0.528844,-0.19022867,0.97968066,0.06355244
1356781956628,0.53032374,0.12158874,-0.8390309,-0.8306037,-0.12377405,-0.542934,-0.16986495,0.98483306,0.035351753
1356781956668,0.5316074,0.09182134,-0.84199905,-0.83366597,-0.11891702,-0.53931415,-0.14964858,0.98864937,0.01333116
1356781956708,0.50908345,0.067488045,-0.8580673,-0.8507011,-0.11219293,-0.5135373,-0.13092667,0.991392,2.965629E-4
1356781956748,0.4565183,0.050790757,-0.8882631,-0.8820975,-0.1045171,-0.4593258,-0.11616814,0.99322534,-0.0029115826
1356781956788,0.3698839,0.041914344,-0.92813194,-0.92266446,-0.10060537,-0.37224823,-0.108977646,0.99404305,0.001460582
1356781956828,0.25581023,0.03818935,-0.9659723,-0.9601795,-0.106060594,-0.25846916,-0.11232242,0.99362594,0.00953728
1356781956868,0.13507318,0.035591036,-0.9901962,-0.98272336,-0.12280679,-0.13846788,-0.12653103,0.9917922,0.018388242
1356781956930,0.032111645,0.032015234,-0.99897146,-0.98836136,-0.14767998,-0.036503464,-0.14869669,0.9885169,0.026900351
1356781956959,-0.03891021,0.028747648,-0.9988291,-0.98316455,-0.17969412,0.033128113,-0.17853132,0.98330235,0.03525555
1356781956999,-0.060471416,0.029723078,-0.9977273,-0.97687566,-0.20712554,0.053037167,-0.20507836,0.9778627,0.041560918
1356781957039,-0.046255887,0.03638673,-0.9982667,-0.97269773,-0.2291525,0.036718547,-0.22741926,0.9727102,0.04599288
1356781957079,-0.0012099147,0.05246362,-0.99862206,-0.96913624,-0.24624497,-0.0117625,-0.24652275,0.96778667,0.051142305
1356781957120,0.05961919,0.08121979,-0.99491155,-0.96277857,-0.25854957,-0.07880041,-0.26363412,0.96257746,0.0627822
1356781957159,0.1155501,0.124079645,-0.9855214,-0.95344585,-0.26437527,-0.14507484,-0.2785483,0.9564047,0.08775461
1356781957199,0.15561426,0.17849284,-0.97155786,-0.9444683,-0.26128173,-0.19927758,-0.2894199,0.94861597,0.1279216
1356781957239,0.18841463,0.23693317,-0.9530806,-0.93690294,-0.24761945,-0.24677399,-0.29447025,0.9394399,0.17532827
1356781957279,0.23428422,0.28922606,-0.92814827,-0.92686653,-0.2215904,-0.3030118,-0.29330766,0.93126047,0.21615879
1356781957318,0.3097211,0.32625142,-0.8931029,-0.90665936,-0.18161762,-0.3807675,-0.28642914,0.9276719,0.23954807
1356781957358,0.41777948,0.34171015,-0.8418399,-0.86608773,-0.13016507,-0.48264802,-0.27450392,0.9307476,0.24157068
1356781957398,0.545612,0.33350605,-0.76881814,-0.79719716,-0.076349825,-0.5988718,-0.25842646,0.93965125,0.22421265
1356781957438,0.6697062,0.3063009,-0.6765156,-0.7029197,-0.03243366,-0.7105293,-0.23957762,0.95138204,0.1935839
1356781957478,0.77238953,0.26927906,-0.5752418,-0.5961626,-0.0050572753,-0.8028477,-0.21909927,0.9630489,0.15662795
1356781957518,0.8491549,0.23066516,-0.47511005,-0.48972905,0.0070795417,-0.87184596,-0.19774091,0.97300744,0.11897504
1356781957558,0.9039656,0.1948561,-0.3806275,-0.38959837,0.00844752,-0.9209461,-0.17623661,0.9807955,0.08355188
1356781957598,0.94172907,0.16420235,-0.29357103,-0.29806697,0.0028796531,-0.95454067,-0.1558924,0.9864225,0.051655143
1356781957638,0.966516,0.14008085,-0.21499799,-0.21636157,-0.0056040883,-0.9762972,-0.13796543,0.99012417,0.024891675
1356781957678,0.9821134,0.12222536,-0.14322776,-0.14285679,-0.011838913,-0.98967254,-0.12265874,0.99243176,0.005833566
1356781957718,0.9914333,0.10898805,-0.07198314,-0.0711586,-0.0114411125,-0.9973994,-0.109528184,0.99397725,-0.0035876632
1356781957758,0.9950248,0.09946035,0.0057693496,0.00613511,-0.0033720133,-0.9999755,-0.09943846,0.9950358,-0.0039654374
1356781957798,0.9914202,0.094833314,0.08995925,0.08941418,0.009990096,-0.99594444,-0.09534742,0.99544305,0.0014249394
1356781957838,0.9813831,0.097702205,0.16535288,0.16365081,0.025241226,-0.98619545,-0.10052716,0.9948956,0.008782268
1356781957878,0.9742246,0.110227145,0.19681522,0.19369027,0.038481146,-0.9803077,-0.11563018,0.9931612,0.016139358
1356781957933,0.98947227,0.1421816,0.027000345,0.02324175,0.028030217,-0.9993367,-0.14284414,0.98944354,0.024430573
1356781957969,0.93368536,0.17040196,-0.31495208,-0.31574175,-0.023169752,-0.9485622,-0.16893423,0.9851021,0.03216976
1356781958009,0.81482697,0.18117657,-0.55066514,-0.54707086,-0.07388881,-0.8338189,-0.19175646,0.9806709,0.038909823
1356781958049,0.8048953,0.19946474,-0.5588894,-0.5545432,-0.08244625,-0.8280606,-0.21124724,0.9764304,0.044251233
1356781958089,0.8386197,0.2228753,-0.4970348,-0.49428052,-0.072108224,-0.86630666,-0.22891863,0.97217643,0.049691528
1356781958129,0.85839957,0.24689206,-0.4496605,-0.44976452,-0.059330717,-0.8911744,-0.24670252,0.967225,0.060113817
1356781958168,0.85859907,0.27467346,-0.43285346,-0.4386379,-0.04340321,-0.8976151,-0.2653383,0.96055746,0.08321625
1356781958208,0.8446809,0.3087548,-0.43724665,-0.4542135,-0.018746898,-0.89069563,-0.28320357,0.9509569,0.12440544
1356781958248,0.8257677,0.3466051,-0.44494116,-0.47944275,0.015879273,-0.87742954,-0.29705614,0.93787676,0.17928988
1356781958288,0.81630695,0.37926972,-0.43565738,-0.4908538,0.057910874,-0.8693151,-0.30447567,0.9234721,0.23343906
1356781958328,0.8283588,0.3954421,-0.39679617,-0.46966806,0.104166806,-0.8766762,-0.30534166,0.912565,0.27201402
1356781958368,0.85934436,0.3893489,-0.33156407,-0.41338304,0.14716798,-0.8985856,-0.30106765,0.9092575,0.2874182
1356781958408,0.89496356,0.36534265,-0.25605658,-0.33615193,0.17484975,-0.92543477,-0.29332933,0.9143043,0.2792948
1356781958448,0.9235362,0.33427957,-0.18798436,-0.25827858,0.17977667,-0.9491957,-0.2835015,0.92516893,0.2523675
1356781958488,0.94293034,0.30414593,-0.13556412,-0.19212762,0.16441011,-0.96750003,-0.27197307,0.9383307,0.21346211
1356781958528,0.95583224,0.27695784,-0.09838231,-0.14060658,0.13694379,-0.98054886,-0.2580979,0.9510734,0.16983739
1356781958568,0.9652573,0.2511167,-0.07224107,-0.10143646,0.105320334,-0.98925143,-0.24080908,0.96221,0.12713361
1356781958608,0.97287846,0.2250089,-0.05365224,-0.07202589,0.07425505,-0.9946348,-0.21981774,0.9715231,0.0884476
1356781958648,0.97929096,0.1982967,-0.0408367,-0.050913848,0.045986593,-0.99764377,-0.19595149,0.97906274,0.055130303
1356781958695,0.9855193,0.16763616,-0.025493309,-0.029888108,0.023745328,-0.9992712,-0.16690862,0.985563,0.028411806
1356781958725,0.9894692,0.14146695,-0.030622594,-0.031739615,0.0056458414,-0.9994802,-0.14122054,0.9899269,0.010076493
1356781958768,0.99235576,0.11792518,-0.036384173,-0.036522567,-9.879763E-4,-0.99933237,-0.11788239,0.993022,0.0033265054
1356781958808,0.9926427,0.10134828,-0.06624949,-0.06643042,-0.0015924573,-0.9977898,-0.10122977,0.99484974,0.005151868
1356781958848,0.98266184,0.09613939,-0.15853368,-0.15888752,-0.004012674,-0.98728853,-0.09555344,0.99535984,0.011332244
1356781958888,0.91588295,0.10181868,-0.38831854,-0.38808024,-0.022954263,-0.9213397,-0.10272317,0.9945381,0.018490404
1356781958933,0.63029265,0.0969722,-0.7702776,-0.76682174,-0.07726844,-0.63719237,-0.12130806,0.9922832,0.025658667
1356781958969,0.16617924,0.05752662,-0.98441607,-0.9750953,-0.13911045,-0.17273504,-0.1468795,0.9886045,0.032976717
1356781959009,-0.11711663,0.01968968,-0.992923,-0.97758764,-0.1784094,0.111769944,-0.1749461,0.9837594,0.040143132
1356781959049,-0.22826368,-0.0011881292,-0.9735986,-0.9524038,-0.20725256,0.22354737,-0.2020464,0.97828674,0.046176672
1356781959089,-0.25188535,-0.0082196,-0.9677222,-0.9407876,-0.23234582,0.24684817,-0.22687522,0.9725985,0.05079168
1356781959129,-0.23264545,-0.0037881732,-0.9725543,-0.93985397,-0.2562797,0.2258214,-0.25010136,0.9665953,0.056061924
1356781959169,-0.20291561,0.011011094,-0.9791343,-0.9402995,-0.2812224,0.19170496,-0.27324364,0.95957947,0.0674181
1356781959209,-0.19150585,0.03521067,-0.9808597,-0.93557376,-0.30864304,0.17158455,-0.29669386,0.95052606,0.09204909
1356781959249,-0.21087629,0.066655815,-0.9752375,-0.9242401,-0.33845466,0.1767163,-0.3182945,0.9386189,0.13297805
1356781959289,-0.24828398,0.10105714,-0.96340144,-0.9091716,-0.36754197,0.19575432,-0.33430812,0.9245,0.18313318
1356781959328,-0.28003418,0.1330868,-0.9507201,-0.89689505,-0.38937968,0.20967263,-0.34228644,0.9114117,0.22840458
1356781959368,-0.29149473,0.15844092,-0.9433597,-0.89322245,-0.39800435,0.20915613,-0.3423223,0.90359783,0.25753906
1356781959408,-0.28145456,0.17429388,-0.9436127,-0.89890385,-0.39200604,0.19571206,-0.3357905,0.9033011,0.2670053
1356781959448,-0.25660503,0.17896342,-0.9498031,-0.91056263,-0.37427497,0.17548206,-0.32408264,0.9098848,0.25899827
1356781959488,-0.22732967,0.17198437,-0.95851064,-0.9236935,-0.34979707,0.15630844,-0.3084016,0.92090356,0.2383801
1356781959528,-0.20490211,0.15425262,-0.9665512,-0.9348943,-0.3232323,0.14660627,-0.28980616,0.9336632,0.2104409
1356781959568,-0.19797212,0.12760669,-0.971866,-0.94253033,-0.29703325,0.15299565,-0.26915327,0.9463021,0.17907754
1356781959608,-0.21294218,0.09404963,-0.9725278,-0.94524485,-0.27178103,0.18068543,-0.24732119,0.95775247,0.14677358
1356781959648,-0.25617486,0.055840284,-0.96501625,-0.9400375,-0.24695152,0.23525426,-0.22517553,0.9674176,0.115754694
1356781959688,-0.3370583,0.015908808,-0.9413494,-0.9192848,-0.22140402,0.32541615,-0.2032415,0.9750524,0.08925074
1356781959728,-0.46088552,-0.021250933,-0.88720506,-0.8687521,-0.19338036,0.45593163,-0.18125707,0.9808936,0.070664525
1356781959768,-0.6136786,-0.05007088,-0.7879666,-0.7732586,-0.16360778,0.61262023,-0.15959191,0.98525393,0.061684906
1356781959808,-0.75468105,-0.067490965,-0.65261114,-0.64071846,-0.13825154,0.7552259,-0.14119545,0.9880948,0.06109315
1356781959848,-0.8498085,-0.078020945,-0.521285,-0.5105784,-0.12376082,0.85087764,-0.13090092,0.98924005,0.06533724
1356781959888,-0.89982283,-0.0898374,-0.4269054,-0.41573426,-0.120016634,0.90153265,-0.13222711,0.98869884,0.07064515
1356781959932,-0.92137384,-0.10715537,-0.37361473,-0.3605528,-0.12336755,0.9245443,-0.14516181,0.98655874,0.07503247
1356781959969,-0.92715055,-0.12909147,-0.35174868,-0.33562136,-0.13124645,0.93280894,-0.16658345,0.9829088,0.078359425
1356781960009,-0.92299163,-0.15269916,-0.353227,-0.3330559,-0.14282519,0.93202716,-0.1927695,0.9778977,0.080969155
1356781960049,-0.91071075,-0.17452843,-0.37436047,-0.34936464,-0.15800935,0.9235678,-0.2203413,0.9718914,0.08292675
1356781960089,-0.88903105,-0.19131769,-0.41595823,-0.38534874,-0.1779409,0.905452,-0.247245,0.96526396,0.08447105
1356781960129,-0.85333854,-0.19935279,-0.4817385,-0.44412225,-0.20601565,0.8719593,-0.27307314,0.95802724,0.08726394
1356781960169,-0.79639465,-0.19290124,-0.5731882,-0.52574354,-0.24761361,0.81380665,-0.29891348,0.9494612,0.095781565
1356781960209,-0.716173,-0.16456336,-0.67824423,-0.617047,-0.30478835,0.72550476,-0.3261124,0.93809545,0.11673778
1356781960249,-0.6288016,-0.11287856,-0.76932895,-0.6921597,-0.36956072,0.6199514,-0.354293,0.92232496,0.15425038
1356781960288,-0.55806637,-0.04801169,-0.82840616,-0.7373495,-0.42923987,0.5216023,-0.38062793,0.9019135,0.2041429
1356781960328,-0.50696766,0.01792255,-0.86177874,-0.7628603,-0.4747728,0.4389019,-0.4012829,0.87992585,0.25436687
1356781960368,-0.4614997,0.078653604,-0.8836467,-0.7849268,-0.50037014,0.36540335,-0.41341016,0.86223155,0.292658
1356781960408,-0.40810758,0.1317749,-0.90337336,-0.81285584,-0.502905,0.29385677,-0.41558802,0.85423756,0.31235343
1356781960448,-0.33935797,0.17538509,-0.92416245,-0.84778404,-0.48269117,0.21970752,-0.4075516,0.85804975,0.31249377
1356781960488,-0.25499052,0.20656773,-0.94462144,-0.8846663,-0.4441777,0.14167452,-0.39031437,0.8718004,0.29600462
1356781960528,-0.16467607,0.22166213,-0.961118,-0.91580343,-0.39624554,0.06552604,-0.36631402,0.8909857,0.268251
1356781960568,-0.08670479,0.21854973,-0.9719662,-0.9369384,-0.34945875,0.005003214,-0.33856863,0.9111063,0.23506734
1356781960608,-0.03970301,0.19845021,-0.97930646,-0.95007825,-0.3110472,-0.024513692,-0.3094753,0.92944455,0.20089272
1356781960648,-0.034169853,0.16509488,-0.9856856,-0.9592837,-0.28209764,-0.013994575,-0.28036997,0.9450739,0.168012
1356781960688,-0.07223368,0.12286106,-0.98979163,-0.9650146,-0.25939465,0.03822735,-0.25205,0.9579246,0.13729975
1356781960728,-0.15069741,0.07654205,-0.98561233,-0.96261525,-0.23836094,0.12867019,-0.22508281,0.9681556,0.10960093
1356781960768,-0.26416206,0.031639844,-0.9639592,-0.9435668,-0.21547353,0.25150123,-0.1997503,0.975997,0.08677426
1356781960808,-0.4024918,-0.00587219,-0.9154048,-0.89827186,-0.1901328,0.39617833,-0.17637488,0.98174083,0.07125205
1356781960848,-0.54364437,-0.03149721,-0.8387244,-0.8246597,-0.1658845,0.5407575,-0.15616378,0.985642,0.06420773
1356781960888,-0.6608719,-0.046207875,-0.74907494,-0.73698044,-0.14863038,0.65937006,-0.14180335,0.98781276,0.064171255
1356781960931,-0.74010056,-0.056705534,-0.6701013,-0.6583808,-0.14198875,0.73917115,-0.1370619,0.98824275,0.06775206
1356781960969,-0.78670037,-0.06940591,-0.6134211,-0.6006498,-0.14340216,0.7865467,-0.1425569,0.9872278,0.071125805
1356781961009,-0.8079691,-0.08673364,-0.5828062,-0.56743294,-0.15197474,0.8092734,-0.15876308,0.9845714,0.07357544
1356781961049,-0.8142671,-0.1069897,-0.5705455,-0.5511841,-0.16584754,0.817735,-0.1821128,0.9803304,0.07607323
1356781961089,-0.81046045,-0.12682313,-0.5719,-0.5473882,-0.18371695,0.8164644,-0.20861432,0.9747635,0.07947391
1356781961129,-0.797965,-0.14344436,-0.585385,-0.5547246,-0.2049604,0.8063944,-0.2356535,0.96820194,0.08397913
1356781961169,-0.77637213,-0.1545468,-0.61103314,-0.57313573,-0.23023415,0.78645253,-0.26222444,0.9607848,0.09017116
1356781961209,-0.74498475,-0.15758939,-0.6482001,-0.6013672,-0.26189452,0.75483036,-0.28871328,0.9521433,0.10033828
1356781961248,-0.70510745,-0.14918382,-0.69323,-0.63475305,-0.30299336,0.71083313,-0.31608886,0.94124347,0.11894792
1356781961288,-0.66317356,-0.1258538,-0.73780864,-0.6646478,-0.35424566,0.6578399,-0.34415716,0.9266449,0.1512779
1356781961328,-0.6293408,-0.08739138,-0.7722,-0.6832471,-0.4112203,0.60338306,-0.3702748,0.90733707,0.19908792
1356781961368,-0.6077762,-0.039483547,-0.7931261,-0.6913952,-0.46497333,0.55296683,-0.3906156,0.88444376,0.25530106
1356781961408,-0.5917017,0.009175152,-0.8061047,-0.6980407,-0.50603867,0.50662017,-0.40327185,0.8624619,0.30582863
1356781961448,-0.57127154,0.051989138,-0.8191129,-0.7116207,-0.5286375,0.46275085,-0.4089558,0.8472541,0.33899215
1356781961488,-0.5411935,0.08574647,-0.83651483,-0.73495626,-0.5316017,0.42099744,-0.40859365,0.84264296,0.35071936
1356781961528,-0.5018767,0.10906166,-0.8580358,-0.7658267,-0.51713,0.38221195,-0.40203142,0.84893,0.34305787
1356781961568,-0.4578961,0.12106991,-0.8807231,-0.79949605,-0.48930776,0.34840196,-0.38876367,0.8636666,0.32084706
1356781961608,-0.4166354,0.12134722,-0.9009383,-0.8308346,-0.4530555,0.32319427,-0.3689563,0.8831849,0.2895784
1356781961648,-0.3868674,0.11031303,-0.9155134,-0.8557354,-0.41286916,0.31185922,-0.34358504,0.9040853,0.2541243
1356781961695,-0.37274706,0.08858919,-0.9236945,-0.87483007,-0.36546195,0.31797782,-0.30940577,0.92660105,0.21372533
1356781961725,-0.4023605,0.05456701,-0.91385365,-0.87235796,-0.32561278,0.36464775,-0.27766463,0.9439274,0.1786156
1356781961768,-0.44527698,0.02346772,-0.8950852,-0.86083585,-0.2862597,0.42073375,-0.24635324,0.9578646,0.14766675
1356781961808,-0.5171222,-0.0077735186,-0.8558762,-0.82775474,-0.2498321,0.5024002,-0.21773073,0.96825796,0.122759104
1356781961848,-0.6075078,-0.03404039,-0.793584,-0.7705043,-0.21752667,0.5991705,-0.19302168,0.9754606,0.10592091
1356781961888,-0.701783,-0.052568316,-0.71044844,-0.6910914,-0.19179946,0.696854,-0.17289615,0.9800252,0.098272204
1356781961932,-0.78372806,-0.06353521,-0.61784595,-0.60063106,-0.17576993,0.77996624,-0.15815401,0.98237884,0.09959453
1356781961969,-0.84476286,-0.07201819,-0.53027284,-0.5137651,-0.16811877,0.84129757,-0.14973752,0.98313254,0.10501993
1356781962009,-0.8827951,-0.081378266,-0.4626559,-0.44544506,-0.16772932,0.87945753,-0.14916968,0.98246855,0.111820996
1356781962049,-0.90513736,-0.09445539,-0.41449338,-0.3953405,-0.17147094,0.90238774,-0.15630893,0.9806508,0.11786258
1356781962090,-0.9170565,-0.11053978,-0.38312972,-0.36104792,-0.1776768,0.91546464,-0.16926849,0.9778609,0.12302941
1356781962128,-0.9222898,-0.12722565,-0.3649589,-0.33937603,-0.18527031,0.9222249,-0.18494675,0.974417,0.12769562
1356781962168,-0.9228089,-0.14225295,-0.35803318,-0.32886863,-0.19320196,0.92440164,-0.2006716,0.97079194,0.13150603
1356781962208,-0.9188745,-0.15468118,-0.3629647,-0.33030963,-0.20155692,0.922101,-0.21578972,0.96718585,0.13411283
1356781962248,-0.9091649,-0.16472128,-0.3824738,-0.3458074,-0.21310526,0.9137852,-0.23202702,0.9630437,0.13678592
1356781962288,-0.8911735,-0.17208749,-0.4197567,-0.37708658,-0.23342705,0.8962798,-0.2522211,0.9570254,0.14313209
1356781962328,-0.8629157,-0.17388819,-0.47448856,-0.42199987,-0.26859838,0.8658932,-0.27801543,0.947427,0.15839696
1356781962368,-0.8261332,-0.1645693,-0.53890705,-0.4720238,-0.32019448,0.82138234,-0.30772942,0.9329482,0.18684274
1356781962408,-0.7869353,-0.14050953,-0.6008244,-0.51737654,-0.38034874,0.7665875,-0.33623558,0.9141072,0.22661346
1356781962448,-0.74986327,-0.10466783,-0.6532608,-0.55626947,-0.4347763,0.7081905,-0.3581471,0.8944351,0.26779926
1356781962488,-0.71314204,-0.064356655,-0.6980592,-0.59470296,-0.4716754,0.65103817,-0.37115598,0.87942064,0.29809842
1356781962528,-0.6725199,-0.026645899,-0.7395991,-0.63753194,-0.48667544,0.5972436,-0.3758589,0.8731763,0.3103114
1356781962568,-0.62556016,0.0034789145,-0.7801682,-0.6848184,-0.48151803,0.5469589,-0.37376225,0.8764293,0.30360094
1356781962608,-0.57343584,0.02290979,-0.81893015,-0.732703,-0.46151948,0.50014627,-0.36649394,0.88683426,0.2814378
1356781962648,-0.5210979,0.030468643,-0.85295296,-0.77592313,-0.43320113,0.4585632,-0.35552835,0.9007822,0.24938145
1356781962688,-0.47585756,0.027063519,-0.87910587,-0.8104137,-0.4018644,0.4263032,-0.34174412,0.9152991,0.21316296
1356781962728,-0.44409686,0.015161097,-0.89585054,-0.8348065,-0.37011236,0.40757212,-0.32538608,0.9288633,0.17702231
1356781962768,-0.42910528,-0.002247572,-0.90325165,-0.8495945,-0.33853197,0.4044569,-0.30668864,0.94095224,0.14335632
1356781962808,-0.4317609,-0.022132874,-0.9017166,-0.8553286,-0.30732185,0.41709265,-0.2863486,0.9513482,0.11375862
1356781962848,-0.452569,-0.041253358,-0.89077467,-0.8513479,-0.27721304,0.44537598,-0.2653076,0.9599225,0.09033698
1356781962888,-0.49145752,-0.056159556,-0.8690889,-0.8359799,-0.2493326,0.48884645,-0.2441456,0.9667882,0.07558811
1356781962931,-0.5462539,-0.06375688,-0.8351896,-0.8073847,-0.22540003,0.54527485,-0.22301683,0.97217786,0.07164937
1356781962969,-0.60720813,-0.065608144,-0.7918295,-0.76775676,-0.20813781,0.6059936,-0.20456773,0.9758967,0.07601184
1356781963009,-0.6624237,-0.06341356,-0.74644065,-0.7243957,-0.1997025,0.6598256,-0.19090793,0.97780246,0.0863511
1356781963049,-0.70576113,-0.061810225,-0.70574826,-0.68413484,-0.19928694,0.70160115,-0.18401253,0.9779898,0.098362505
1356781963089,-0.735122,-0.06308618,-0.6749933,-0.65245485,-0.2045672,0.72969514,-0.18411514,0.97681755,0.10922092
1356781963129,-0.7517113,-0.066851884,-0.6560953,-0.6315788,-0.21339738,0.7453657,-0.1898381,0.9746756,0.118190944
1356781963168,-0.7568404,-0.07149774,-0.6496773,-0.62249273,-0.2241497,0.7498397,-0.19923684,0.9719284,0.12513882
1356781963208,-0.75032604,-0.07553965,-0.65673786,-0.6265155,-0.23571873,0.74290985,-0.21092458,0.9688811,0.12953913
1356781963248,-0.7302849,-0.0778144,-0.6786964,-0.64513755,-0.24819577,0.7226316,-0.22468068,0.9655795,0.13105261
1356781963288,-0.6937413,-0.07690588,-0.7161064,-0.67851603,-0.2636544,0.6856401,-0.24153437,0.96154654,0.13072616
1356781963328,-0.6388956,-0.06987274,-0.7661138,-0.7229529,-0.28588295,0.62897545,-0.26296705,0.9557138,0.13213462
1356781963368,-0.5703132,-0.051655293,-0.8198015,-0.7688012,-0.3179137,0.55486536,-0.28928787,0.9467114,0.1415978
1356781963408,-0.50126797,-0.017849565,-0.865108,-0.8045999,-0.35822225,0.47359896,-0.31835446,0.9334657,0.16520351
1356781963448,-0.44405675,0.030331105,-0.89548516,-0.8267021,-0.3992629,0.3964249,-0.34551004,0.9163346,0.2023702
1356781963488,-0.39881742,0.085143566,-0.9130691,-0.8410596,-0.43076885,0.32719547,-0.36546317,0.89843684,0.24340892
1356781963528,-0.35601407,0.13702944,-0.9243793,-0.8559098,-0.44483715,0.2637014,-0.37506336,0.8850666,0.275653
1356781963568,-0.30602515,0.17885107,-0.9350727,-0.87523705,-0.4393034,0.20241708,-0.37457818,0.88035494,0.290975
1356781963608,-0.24396974,0.20677087,-0.9474833,-0.897774,-0.41760236,0.1400359,-0.36671594,0.8847904,0.28751588
1356781963648,-0.17090571,0.21979016,-0.96046007,-0.91913754,-0.38672042,0.075056195,-0.35493293,0.89562243,0.2681102
1356781963688,-0.09348065,0.21931893,-0.9711646,-0.9351823,-0.3540237,0.010067672,-0.3416072,0.90915704,0.2381975
1356781963728,-0.020889282,0.20845133,-0.97780967,-0.94474214,-0.32414395,-0.048918813,-0.32714823,0.9227561,0.20370384
1356781963768,0.039590955,0.19050696,-0.98088723,-0.94969106,-0.29804242,-0.096217304,-0.31067604,0.9353491,0.16912292
1356781963808,0.08364195,0.16813895,-0.9822084,-0.95291173,-0.2748198,-0.12819207,-0.29148436,0.9466802,0.13723516
1356781963848,0.1087355,0.14354622,-0.9836519,-0.95676374,-0.25342935,-0.14274666,-0.26977706,0.95664406,0.10978308
1356781963888,0.11213493,0.11905655,-0.9865351,-0.96260107,-0.23338985,-0.13758034,-0.24662712,0.9650672,0.08843279
1356781963931,0.090708315,0.097231895,-0.9911195,-0.9705527,-0.21438026,-0.10985732,-0.22315812,0.9718987,0.07492262
1356781963969,0.042325556,0.079548,-0.99593204,-0.978515,-0.19802338,-0.057402074,-0.20178407,0.97696406,0.06945744
1356781964009,-0.028159916,0.06762901,-0.99731314,-0.9824265,-0.18603635,0.015124202,-0.1845136,0.9802127,0.071679294
1356781964049,-0.11361849,0.059471786,-0.99174297,-0.9781154,-0.18181956,0.10115403,-0.17430237,0.9815319,0.078828216
1356781964089,-0.19977021,0.052037597,-0.97846,-0.9644091,-0.18698156,0.18695715,-0.17322522,0.9809842,0.08753887
1356781964129,-0.274172,0.04310894,-0.960714,-0.9444832,-0.20015138,0.26055893,-0.18105578,0.97881615,0.095591515
1356781964169,-0.33099753,0.03298387,-0.9430549,-0.92320156,-0.21815193,0.3163993,-0.19529319,0.9753572,0.10265857
1356781964209,-0.36931145,0.023568898,-0.9290068,-0.9046844,-0.23770708,0.3536119,-0.21249726,0.9710509,0.109110415
1356781964248,-0.38909662,0.016744822,-0.9210448,-0.8919846,-0.25664157,0.37215424,-0.23014668,0.96636164,0.11479443
1356781964288,-0.38979584,0.0139475465,-0.9207957,-0.88701445,-0.27443224,0.37133852,-0.24751675,0.9615053,0.119344205
1356781964328,-0.37126797,0.0166246,-0.9283769,-0.8896997,-0.292472,0.3505632,-0.26569632,0.95612955,0.12337646
1356781964368,-0.33534497,0.027171224,-0.9417035,-0.8974588,-0.31325024,0.31055093,-0.28655082,0.9492818,0.129432
1356781964408,-0.28921187,0.04893604,-0.95601344,-0.90528584,-0.33859718,0.25653377,-0.3111497,0.93965805,0.14222741
1356781964448,-0.24555892,0.08462471,-0.9656809,-0.9085328,-0.3674739,0.19882444,-0.33803707,0.92617583,0.16712078
1356781964488,-0.21525598,0.13308483,-0.9674468,-0.90655404,-0.39555573,0.14729357,-0.3630766,0.9087486,0.20579433
1356781964528,-0.19762427,0.18774873,-0.9621305,-0.9029234,-0.41700697,0.10408881,-0.38167256,0.8893006,0.2519334
1356781964568,-0.18093377,0.23953435,-0.95387965,-0.90220714,-0.4265244,0.06402534,-0.39151663,0.87218136,0.2932822
1356781964608,-0.15230721,0.2813829,-0.9474314,-0.90677536,-0.42110533,0.020705014,-0.3931424,0.86226094,0.3192885
1356781964648,-0.10453987,0.3096359,-0.945091,-0.91563,-0.40089637,-0.030062795,-0.3881921,0.86221087,0.32542163
1356781964695,-0.022248983,0.31981596,-0.9472184,-0.9266145,-0.36231482,-0.10056585,-0.3753538,0.87546885,0.30440724
