1356781316824,-0.9714393,-0.23658207,-0.01829376,0.015072189,0.015418768,-0.99976754,0.23680913,-0.9714892,-0.011412561
1356781316865,-0.45571607,-0.121456146,0.88179994,-0.85804623,-0.20361334,-0.47148508,0.23681101,-0.97148854,-0.0114251375
1356781316866,-0.45581514,-0.12152511,0.8817393,-0.85799193,-0.20358211,-0.47159743,0.2368173,-0.97148645,-0.011471748
1356781316895,-0.45617747,-0.121753305,0.8815205,-0.85779285,-0.2034812,-0.47200298,0.23684075,-0.97147906,-0.011615634
1356781316935,-0.45739406,-0.122229636,0.88082385,-0.85713106,-0.2032634,-0.47329724,0.23689023,-0.97146475,-0.011795342
1356781316978,-0.46047777,-0.123095125,0.8790949,-0.8554573,-0.20283544,-0.47649822,0.2369662,-0.97144496,-0.011901438
1356781317017,-0.46687585,-0.12472531,0.87548304,-0.85195637,-0.2019515,-0.48310047,0.23705992,-0.9714213,-0.011974275
1356781317058,-0.47720915,-0.1274308,0.8695015,-0.8461831,-0.20038927,-0.49377954,0.23716152,-0.9713936,-0.012202203
1356781317098,-0.49132824,-0.13129315,0.8610219,-0.8380425,-0.19800466,-0.50840825,0.23723689,-0.97136825,-0.01274389
1356781317138,-0.50776845,-0.13596404,0.8506968,-0.8281857,-0.19488388,-0.52547956,0.23723343,-0.97135675,-0.013647556
1356781317178,-0.5246517,-0.14085934,0.8395827,-0.81762993,-0.19130999,-0.54303014,0.23711142,-0.97136974,-0.014799714
1356781317218,-0.54033697,-0.14521974,0.82882273,-0.8074252,-0.18777949,-0.5592883,0.2368556,-0.97141653,-0.015789926
1356781317257,-0.55362445,-0.1482662,0.8194615,-0.798487,-0.18491131,-0.57291037,0.236471,-0.97150654,-0.016017199
1356781317298,-0.5639646,-0.14951256,0.81215143,-0.7913637,-0.18319017,-0.5832537,0.23598191,-0.9716416,-0.015006006
1356781317337,-0.5714841,-0.14902022,0.806969,-0.7861167,-0.18270624,-0.5904565,0.23542827,-0.9718083,-0.012733579
1356781317378,-0.5767523,-0.14737687,0.8035153,-0.78243804,-0.18308985,-0.59520483,0.23483494,-0.97198665,-0.0097157955
1356781317418,-0.58066106,-0.14557493,0.8010248,-0.77972674,-0.18361479,-0.59859157,0.23421994,-0.97215927,-0.006890714
1356781317458,-0.5842106,-0.14473397,0.7985926,-0.77725554,-0.18344563,-0.6018485,0.23360628,-0.97231674,-0.0053243637
1356781317497,-0.58824533,-0.14573649,0.7954422,-0.7743864,-0.18190187,-0.6060012,0.23300895,-0.972457,-0.0058534145
1356781317538,-0.5931903,-0.1488994,0.7911727,-0.7707828,-0.17867607,-0.61152977,0.23242003,-0.97257584,-0.008780181
1356781317617,-0.6045601,-0.15918276,0.78049207,-0.76215565,-0.16925591,-0.6248769,0.23157251,-0.9726321,-0.018996596
1356781317658,-0.611025,-0.16590986,0.7740299,-0.75714433,-0.16289586,-0.63261145,0.2310428,-0.97259384,-0.026084244
1356781317697,-0.615073,-0.16961214,0.77001095,-0.75390744,-0.15946162,-0.6373347,0.2308869,-0.9725244,-0.029791296
1356781317738,-0.6173907,-0.17107949,0.76782846,-0.751958,-0.15834624,-0.6399107,0.23105833,-0.97244966,-0.030883074
1356781317778,-0.6186112,-0.17124587,0.7668084,-0.75083876,-0.15862942,-0.6411536,0.2314333,-0.9723742,-0.03044808
1356781317845,-0.61896604,-0.17075196,0.7666321,-0.75041723,-0.15956575,-0.6414146,0.23185101,-0.97230786,-0.029369473
1356781317860,-0.61833155,-0.1700364,0.7673029,-0.750847,-0.16058588,-0.64065677,0.23215297,-0.9722653,-0.028375983
1356781317905,-0.6162761,-0.1694276,0.7690891,-0.7525245,-0.16123426,-0.638522,0.23218676,-0.9722643,-0.028133571
1356781317939,-0.6120415,-0.16904101,0.77254796,-0.7560917,-0.16125572,-0.63428855,0.23179853,-0.97232795,-0.02911532
1356781317975,-0.6045502,-0.1687218,0.7784934,-0.7623434,-0.16084063,-0.6268674,0.23097956,-0.97245216,-0.031387746
1356781318005,-0.59295154,-0.16793117,0.7875327,-0.7716706,-0.16093254,-0.61532533,0.23007193,-0.9725739,-0.034162402
1356781318046,-0.5805629,-0.16796625,0.7967019,-0.78131306,-0.16042244,-0.6031703,0.22912118,-0.97265196,-0.03809887
1356781318088,-0.5636847,-0.16790819,0.8087437,-0.7937718,-0.1606763,-0.5866084,0.22844231,-0.9726201,-0.042710006
1356781318127,-0.5438487,-0.16777363,0.8222412,-0.80756104,-0.16180545,-0.56715435,0.22819662,-0.97245616,-0.047489762
1356781318168,-0.54806983,-0.17237133,0.8184788,-0.804676,-0.15841603,-0.5721895,0.22828925,-0.9722101,-0.051880002
1356781318208,-0.50617945,-0.1672666,0.84605217,-0.8316225,-0.16518837,-0.5302046,0.2284435,-0.9719747,-0.055487692
1356781318248,-0.47241288,-0.16314691,0.8661462,-0.8512344,-0.17035192,-0.49636716,0.22853044,-0.9717836,-0.058399796
1356781318288,-0.44747293,-0.16086587,0.8797103,-0.8645115,-0.17395198,-0.47155118,0.22888386,-0.971526,-0.061231613
1356781318328,-0.43198675,-0.16170871,0.88726425,-0.8720013,-0.17624027,-0.45667633,0.2302202,-0.9709736,-0.064876795
1356781318367,-0.42622232,-0.16671029,0.8891244,-0.8740543,-0.17743593,-0.45226723,0.23316023,-0.96990937,-0.07008666
1356781318408,-0.4297707,-0.17630902,0.88555753,-0.87102973,-0.17746758,-0.4580529,0.23791668,-0.96820474,-0.07729995
1356781318448,-0.44142509,-0.19024548,0.8768983,-0.86341226,-0.17597216,-0.47281396,0.24426043,-0.96583664,-0.08658177
1356781318488,-0.45922524,-0.2077659,0.8636814,-0.8518852,-0.17259437,-0.4944722,0.25180095,-0.96283156,-0.09773302
1356781318528,-0.4806819,-0.22790474,0.8467611,-0.8373769,-0.16731912,-0.5203885,0.26027834,-0.95919955,-0.11041492
1356781318568,-0.5026108,-0.24929318,0.8277894,-0.82145834,-0.16069221,-0.5471601,0.26942262,-0.9550031,-0.12401831
1356781318608,-0.5216572,-0.27042422,0.80916286,-0.8063067,-0.1536941,-0.5711809,0.2788247,-0.9503941,-0.1378693
1356781318648,-0.5343875,-0.28952792,0.79410547,-0.794749,-0.1477341,-0.58868384,0.28775686,-0.9456998,-0.15115476
1356781318688,-0.53821534,-0.30507553,0.78565454,-0.78933716,-0.14428526,-0.59676516,0.2954168,-0.9413345,-0.1631509
1356781318728,-0.53113574,-0.31579375,0.78623736,-0.7920097,-0.14463544,-0.5931283,0.301024,-0.93773925,-0.17329067
1356781318768,-0.51183856,-0.32087734,0.79690593,-0.80347955,-0.14949709,-0.5762563,0.30404276,-0.9352478,-0.18129998
1356781318847,-0.4806835,-0.3202861,0.8163088,-0.82242066,-0.15832692,-0.54640347,0.3042491,-0.9339964,-0.18730474
1356781318849,-0.4382096,-0.31436622,0.84210813,-0.8467511,-0.17001069,-0.5040921,0.3016369,-0.9339541,-0.19168967
1356781318888,-0.38614333,-0.30404744,0.87088954,-0.87352383,-0.18283099,-0.45114177,0.2963941,-0.93494815,-0.19499367
1356781318928,-0.32811326,-0.29065996,0.89880943,-0.89946765,-0.1945777,-0.39127675,0.28861678,-0.93683314,-0.19759566
1356781318968,-0.2671296,-0.2751548,0.923543,-0.9224342,-0.20430768,-0.327679,0.27884933,-0.93944037,-0.19923562
1356781319008,-0.2056123,-0.25762624,0.9441145,-0.94117457,-0.2123015,-0.26290408,0.2681679,-0.9426329,-0.1988194
1356781319048,-0.14472067,-0.23719302,0.96062243,-0.95525026,-0.2196294,-0.1981413,0.25797865,-0.9463099,-0.19479382
1356781319088,-0.08520037,-0.21242946,0.973455,-0.9646588,-0.22691679,-0.13394874,0.24934787,-0.9504644,-0.18558854
1356781319128,-0.027598917,-0.18165988,0.98297405,-0.9696761,-0.23401266,-0.07047257,0.2428304,-0.9551114,-0.16969275
1356781319168,0.02717477,-0.1437062,0.9892472,-0.9707341,-0.24001676,-0.008200586,0.23861441,-0.9600732,-0.14602292
1356781319208,0.077783465,-0.09850189,0.99209225,-0.9685209,-0.24349153,0.05175987,0.2364676,-0.9648882,-0.11434075
1356781319248,0.12220341,-0.047980458,0.9913446,-0.9641223,-0.24289834,0.107091576,0.23565766,-0.96886444,-0.07594198
1356781319289,0.15702283,0.0029800236,0.98759043,-0.95918536,-0.23766762,0.15322372,0.23517486,-0.97134197,-0.034460843
1356781319328,0.18051744,0.049853593,0.98230755,-0.9552314,-0.2291292,0.18717036,0.23440647,-0.9721185,0.006259918
1356781319368,0.19082743,0.08854294,0.9776221,-0.9534422,-0.2202059,0.20605156,0.2335226,-0.9714265,0.042399228
1356781319408,0.18850148,0.11770299,0.97499394,-0.95395756,-0.2139082,0.21025774,0.23330721,-0.9697367,0.07196164
1356781319448,0.17408282,0.13746303,0.97508925,-0.95638055,-0.2122913,0.20067051,0.23458773,-0.9674897,0.094510704
1356781319488,0.1489529,0.1489917,0.9775553,-0.95976985,-0.21617669,0.1791909,0.23802266,-0.9649192,0.11079764
1356781319528,0.114750385,0.1535005,0.9814632,-0.96279603,-0.22613895,0.14793587,0.24465525,-0.96192455,0.12184009
1356781319568,0.07226974,0.15115076,0.9858654,-0.9640114,-0.2429722,0.10791966,0.25585002,-0.9581847,0.1281515
1356781319608,0.021650493,0.14092645,0.9897833,-0.96211493,-0.26619542,0.05894646,0.2717829,-0.95356154,0.12982422
1356781319648,-0.036219954,0.12218204,0.99184656,-0.95642793,-0.29196662,0.0010397434,0.28971314,-0.94859207,0.12743336
1356781319688,-0.09756976,0.09694153,0.99049616,-0.94762355,-0.31317574,-0.06269547,0.3041215,-0.9447346,0.12242043
1356781319728,-0.15557367,0.07036963,0.98531467,-0.93821716,-0.32264543,-0.1250945,0.30910438,-0.94390047,0.11621708
1356781319768,-0.20327407,0.047980398,0.97794557,-0.93147135,-0.31726974,-0.17804793,0.3017297,-0.9471208,0.10918513
1356781319808,-0.2368617,0.031955212,0.9710177,-0.9292661,-0.29907715,-0.21683484,0.2834802,-0.9536937,0.10053483
1356781319849,-0.25602883,0.020480484,0.9664521,-0.9317399,-0.2715546,-0.24107838,0.25750718,-0.96220505,0.088608354
1356781319902,-0.2591015,0.012103498,0.9657742,-0.93779683,-0.2423966,-0.2485578,0.23109195,-0.9701017,0.07415593
1356781319926,-0.2519892,0.0020332932,0.96772796,-0.945524,-0.21351129,-0.2457588,0.20612115,-0.9769385,0.055725068
1356781319968,-0.23422766,-0.012081921,0.9721067,-0.9546291,-0.1862933,-0.23233178,0.18390393,-0.98241997,0.032101214
1356781319995,-0.20419616,-0.028045118,0.97852814,-0.9649176,-0.16275573,-0.20602068,0.16503894,-0.9862677,0.006172955
1356781320035,-0.18220651,-0.05782047,0.98155874,-0.9717319,-0.14182913,-0.18873703,0.15012652,-0.988201,-0.030343771
1356781320076,-0.15808511,-0.10174754,0.9821694,-0.9773098,-0.12589043,-0.1703445,0.14097789,-0.9868126,-0.07953745
1356781320118,-0.13657093,-0.16041133,0.97755635,-0.9806888,-0.11755806,-0.15629917,0.13999185,-0.98002464,-0.14125854
1356781320158,-0.11588913,-0.22630891,0.967137,-0.9823375,-0.11790228,-0.14529961,0.14691031,-0.9668936,-0.20864815
1356781320198,-0.08849847,-0.2839902,0.9547343,-0.98356885,-0.1265027,-0.12880003,0.15735435,-0.95044553,-0.2681287
1356781320238,-0.04724273,-0.31842244,0.9467709,-0.98499596,-0.14265081,-0.09712711,0.16598508,-0.9371542,-0.30690563
1356781320278,0.0088146925,-0.32265267,0.9464764,-0.9853399,-0.16407079,-0.046754926,0.17037469,-0.93218887,-0.31936878
1356781320318,0.074588835,-0.29703823,0.9519479,-0.982368,-0.18599647,0.018935502,0.1714344,-0.9365755,-0.30567408
1356781320358,0.14170694,-0.2462388,0.9587939,-0.9748807,-0.20284337,0.09199005,0.17183343,-0.94774526,-0.2687978
1356781320398,0.20121539,-0.17777577,0.9632799,-0.9638841,-0.21108943,0.16238454,0.17447013,-0.9611645,-0.2138297
1356781320438,0.24523571,-0.10169646,0.9641148,-0.95240784,-0.21099392,0.22000197,0.1810489,-0.97218287,-0.14859977
1356781320478,0.2694441,-0.027401805,0.9626261,-0.94378257,-0.20629334,0.25829747,0.19150552,-0.9781065,-0.08144593
1356781320518,0.27283648,0.03826785,0.96129906,-0.9399991,-0.20215204,0.2748385,0.20484605,-0.97860616,-0.019182712
1356781320558,0.25629738,0.091251224,0.962281,-0.94123507,-0.202997,0.26994172,0.2199727,-0.9749181,0.03386134
1356781320598,0.22137594,0.12935284,0.9665715,-0.946229,-0.21126062,0.2449891,0.23588854,-0.9688327,0.07562941
1356781320638,0.16925102,0.15098527,0.9739392,-0.95276785,-0.22777146,0.20088226,0.2521658,-0.9619375,0.10530332
1356781320678,0.10080409,0.154802,0.9827894,-0.95772207,-0.2524398,0.13799548,0.26945707,-0.95514953,0.122810274
1356781320718,0.017409742,0.14007068,0.98998845,-0.9574208,-0.28303683,0.056883097,0.28817078,-0.94882584,0.12917891
1356781320758,-0.077360034,0.10850397,0.9910813,-0.9488301,-0.31327313,-0.03976482,0.30616456,-0.9434441,0.12718675
1356781320798,-0.17631388,0.06687847,0.9820594,-0.93141496,-0.33405674,-0.14447212,0.31840152,-0.9401773,0.12119046
1356781320843,-0.2700581,0.02580738,0.96249807,-0.90826166,-0.3386181,-0.2457611,0.31957683,-0.94056994,0.1148864
1356781320879,-0.35187894,-0.0065820813,0.9360224,-0.88392776,-0.32668,-0.33459222,0.3079821,-0.9451121,0.10913372
1356781320919,-0.4191671,-0.028465003,0.90746284,-0.8616179,-0.30260903,-0.407483,0.28620544,-0.95268965,0.10231781
1356781320959,-0.47246498,-0.042537093,0.88032234,-0.842225,-0.27250528,-0.46518576,0.25968018,-0.96121347,0.09292346
1356781320999,-0.51278466,-0.052165687,0.8569309,-0.8263041,-0.24086887,-0.5091206,0.2329666,-0.9691547,0.08040917
1356781321039,-0.5413207,-0.060712695,0.8386214,-0.81450206,-0.2097069,-0.54093385,0.20870623,-0.9758775,0.06406808
1356781321079,-0.5593951,-0.07199809,0.82576835,-0.80735135,-0.1783576,-0.56246984,0.1877788,-0.9813281,0.041644573
1356781321119,-0.5684726,-0.09041265,0.81771904,-0.80488455,-0.1446181,-0.5755402,0.1702931,-0.9853482,0.009439766
1356781321158,-0.57022196,-0.12035397,0.8126266,-0.8064836,-0.10620141,-0.58164036,0.15630478,-0.9870341,-0.036505163
1356781321198,-0.56595504,-0.16352203,0.80805653,-0.8114501,-0.062791705,-0.58103865,0.1457519,-0.98453933,-0.09715271
1356781321238,-0.55559707,-0.21481231,0.8032232,-0.8199165,-0.018808126,-0.5721741,0.13801718,-0.97647417,-0.16567838
1356781321278,-0.5371421,-0.26210046,0.8017367,-0.833112,0.016198754,-0.55286705,0.13191956,-0.96490467,-0.22706002
1356781321318,-0.5074957,-0.2933393,0.81018525,-0.8523095,0.03279376,-0.52200866,0.12655663,-0.95544577,-0.2666586
1356781321358,-0.4635927,-0.3026681,0.83275074,-0.8775706,0.027143776,-0.4786784,0.122276664,-0.9527094,-0.27819633
1356781321398,-0.40308452,-0.2886429,0.8684516,-0.907166,8.4632635E-4,-0.42077217,0.12071788,-0.95743644,-0.26218814
1356781321438,-0.3256275,-0.25138405,0.9114674,-0.9373268,-0.040637493,-0.34607384,0.124037206,-0.96703386,-0.22239631
1356781321478,-0.23573393,-0.1937365,0.95231074,-0.96257204,-0.088302135,-0.25623798,0.13373369,-0.97707164,-0.1656695
1356781321518,-0.14391774,-0.12302405,0.9819128,-0.97820026,-0.13242185,-0.15996468,0.14970618,-0.9835291,-0.101284325
1356781321558,-0.06344652,-0.049768746,0.9967435,-0.9833775,-0.16714048,-0.0709413,0.17012686,-0.9846761,-0.038337022
1356781321598,-0.0048455,0.016405463,0.9998537,-0.98130167,-0.1924696,-0.0015976131,0.19241518,-0.98116577,0.017031282
1356781321638,0.02637124,0.06892392,0.9972734,-0.97642815,-0.21201438,0.040472895,0.21422583,-0.97483313,0.061708152
1356781321678,0.02861166,0.103936195,0.99417233,-0.9717078,-0.23037946,0.052050233,0.23444676,-0.9675343,0.09440407
1356781321718,0.0025449395,0.1193766,0.99284583,-0.9672032,-0.25188202,0.032764733,0.2539913,-0.960367,0.11482036
1356781321758,-0.049831152,0.114114344,0.99221706,-0.9602124,-0.27880275,-0.016158879,0.27478895,-0.9535444,0.12346709
1356781321798,-0.12470657,0.088425756,0.9882455,-0.9467597,-0.3085568,-0.09186256,0.2968068,-0.94708693,0.122197
1356781321844,-0.2136792,0.047185987,0.9757637,-0.9242699,-0.3331983,-0.1862899,0.31633258,-0.9416753,0.11481014
1356781321879,-0.30303317,0.0021048486,0.95297766,-0.89496696,-0.34420472,-0.28382632,0.327422,-0.93889225,0.10618922
1356781321919,-0.3793558,-0.033773422,0.9246342,-0.8660526,-0.33875299,-0.3676945,0.3256409,-0.940269,0.0992583
1356781321959,-0.43664157,-0.054955095,0.8979554,-0.8441423,-0.32010597,-0.43006492,0.31107518,-0.9457865,0.0933817
1356781321999,-0.47531503,-0.06436667,0.87745804,-0.8312036,-0.2940684,-0.47183084,0.28840286,-0.9536146,0.08627331
1356781322038,-0.49741286,-0.06738502,0.86489284,-0.8265077,-0.2660851,-0.49606818,0.2635627,-0.9615913,0.07666004
1356781322078,-0.5043984,-0.0682013,0.8607734,-0.82929933,-0.23940456,-0.5049238,0.24050957,-0.9685216,0.06419605
1356781322118,-0.4975013,-0.07031974,0.8646084,-0.8390727,-0.21389854,-0.5002045,0.22011268,-0.97432166,0.047411382
1356781322158,-0.47881693,-0.078336835,0.8744128,-0.8545495,-0.1866715,-0.4846636,0.201195,-0.9792942,0.022438824
1356781322198,-0.45143062,-0.097614795,0.88695085,-0.873448,-0.15493542,-0.46160978,0.1824801,-0.9830902,-0.015318871
1356781322238,-0.41818422,-0.13030633,0.8989674,-0.89348865,-0.11935097,-0.4329357,0.16370693,-0.984264,-0.06651652
1356781322278,-0.3785512,-0.16960445,0.9099084,-0.914068,-0.086064935,-0.39632392,0.14552948,-0.98174703,-0.12245005
1356781322318,-0.3304525,-0.20267743,0.9218042,-0.93493146,-0.06344992,-0.34910923,0.12924495,-0.9771878,-0.16852236
1356781322358,-0.27278173,-0.21847996,0.9369401,-0.95493126,-0.05698037,-0.29130664,0.11703181,-0.9741765,-0.1930902
1356781322398,-0.20785654,-0.21205315,0.95489746,-0.97179914,-0.06637591,-0.22627562,0.11136466,-0.9750014,-0.19227642
1356781322438,-0.14098632,-0.1842125,0.9727223,-0.9834148,-0.08717674,-0.15904546,0.11409691,-0.9790127,-0.16886657
1356781322478,-0.079639494,-0.14046136,0.9868779,-0.98883843,-0.11392975,-0.09601322,0.12592098,-0.9835093,-0.12982029
1356781322518,-0.031582177,-0.08907515,0.99552405,-0.9887921,-0.14262748,-0.044130325,0.14592004,-0.9857601,-0.08357233
1356781322558,-0.0024121404,-0.037790835,0.9992828,-0.9851307,-0.17157763,-0.008866668,0.1717897,-0.9844455,-0.036815047
1356781322598,0.0039708614,0.006696701,0.99996966,-0.9797749,-0.2000345,0.005230248,0.2000634,-0.97976595,0.005766958
1356781322638,-0.0143585205,0.03920719,0.999128,-0.9736408,-0.22803098,-0.0050439537,0.22763434,-0.97286415,0.041447848
1356781322678,-0.05882877,0.055666447,0.9967147,-0.9657723,-0.25585032,-0.042713284,0.2526321,-0.9651123,0.06881255
1356781322718,-0.12954277,0.053058445,0.99015325,-0.95263845,-0.28373402,-0.10943049,0.2751339,-0.957434,0.087301224
1356781322758,-0.22451979,0.029271185,0.9740298,-0.9283646,-0.3102407,-0.20467046,0.29619274,-0.95020735,0.096829504
1356781322798,-0.3365324,-0.014439851,0.94156116,-0.8872781,-0.3300454,-0.32219213,0.31541032,-0.94385463,0.09825882
1356781322843,-0.45027614,-0.06865743,0.89024574,-0.8298408,-0.33583242,-0.44562405,0.3295688,-0.9394161,0.09424263
1356781322879,-0.54766893,-0.116684526,0.82851887,-0.7670851,-0.3254134,-0.5528894,0.33412477,-0.9383448,0.0887118
1356781322938,-0.61939967,-0.14555776,0.7714642,-0.7141046,-0.3038237,-0.6306709,0.3261882,-0.94154346,0.08424485
1356781322958,-0.6677407,-0.15434858,0.7282163,-0.6781386,-0.27732497,-0.6806019,0.30700245,-0.9482971,0.08051139
1356781322998,-0.69855106,-0.15010285,0.69963956,-0.65795064,-0.24962872,-0.7104832,0.2812957,-0.95663714,0.07561821
1356781323035,-0.71607745,-0.1404534,0.6837441,-0.64991635,-0.22318542,-0.7264964,0.25464058,-0.9646041,0.06853509
1356781323078,-0.7222552,-0.13002044,0.6792954,-0.6522184,-0.19875968,-0.73150927,0.23012768,-0.9713853,0.05875343
1356781323118,-0.7174037,-0.12156448,0.68596935,-0.66467905,-0.17546403,-0.72623277,0.20864709,-0.9769516,0.045077264
1356781323158,-0.7030781,-0.11861694,0.70114994,-0.6853955,-0.14972985,-0.7126107,0.18951073,-0.981586,0.023972213
1356781323198,-0.68190426,-0.12581053,0.7205403,-0.7108766,-0.117956996,-0.69335467,0.1722241,-0.98501664,-0.009000361
1356781323238,-0.6582672,-0.14636067,0.7384192,-0.73625386,-0.079262674,-0.6720474,0.15689036,-0.9860507,-0.055582643
1356781323278,-0.63438267,-0.176505,0.7525986,-0.75956845,-0.038499355,-0.6492869,0.14357698,-0.98354656,-0.10964435
1356781323318,-0.60755986,-0.20544216,0.7672447,-0.78317595,-0.0059610605,-0.6217716,0.13231173,-0.97865105,-0.15727562
1356781323358,-0.57328284,-0.22292161,0.7884496,-0.80994725,0.008759201,-0.58643734,0.123823345,-0.974797,-0.18557626
1356781323398,-0.5288646,-0.22377127,0.8186749,-0.84024376,0.0021715164,-0.5422045,0.119552046,-0.9746393,-0.18917084
1356781323438,-0.47512776,-0.20716715,0.8551815,-0.8715502,-0.022906005,-0.48977095,0.12105328,-0.9780374,-0.16967332
1356781323478,-0.41694027,-0.17545518,0.89183867,-0.8996688,-0.060075223,-0.4324198,0.1294477,-0.9826528,-0.1328038
1356781323518,-0.3632208,-0.1338782,0.92203426,-0.9203975,-0.10213959,-0.37740666,0.14470279,-0.9857201,-0.08612192
1356781323558,-0.3263926,-0.09016144,0.94092447,-0.9306607,-0.14347333,-0.33658013,0.16534406,-0.9855386,-0.037081122
1356781323598,-0.32301414,-0.05427429,0.9448366,-0.9273001,-0.18138075,-0.32743794,0.18914664,-0.9819141,0.008260012
1356781323638,-0.3753575,-0.03877738,0.92606866,-0.90182745,-0.21544635,-0.37455335,0.21404228,-0.97574556,0.045898795
1356781323678,-0.5091243,-0.0601587,0.85858804,-0.82691455,-0.24253297,-0.50733614,0.2387566,-0.96827614,0.07373333
1356781323718,-0.7202441,-0.13296443,0.6808588,-0.6418581,-0.24462026,-0.7267592,0.26318502,-0.9604589,0.09084213
1356781323758,-0.8998158,-0.2342188,0.3680666,-0.32792798,-0.19332415,-0.92471015,0.2877407,-0.9527682,0.09714931
1356781323798,-0.9498613,-0.3065451,0.061591506,-0.02942875,-0.108460724,-0.993665,0.3112834,-0.94565654,0.09400147
1356781323843,-0.93133026,-0.33902717,-0.13298295,0.15379505,-0.0351485,-0.9874774,0.3301075,-0.94011974,0.08487564
1356781323879,-0.9070977,-0.34749904,-0.23752478,0.24863689,0.012970269,-0.9685099,0.339637,-0.9375906,0.0746358
1356781323919,-0.8934892,-0.34172073,-0.29138327,0.2963777,0.038779974,-0.95428324,0.33739817,-0.9390012,0.06662887
1356781323959,-0.8897688,-0.32647878,-0.31894052,0.32093024,0.049331605,-0.9458172,0.3245231,-0.94391626,0.060883164
1356781323999,-0.89171433,-0.30554622,-0.33389693,0.33436304,0.05247885,-0.9409821,0.30503607,-0.95072997,0.05536717
1356781324039,-0.8958358,-0.2823059,-0.34319338,0.34238732,0.053834558,-0.93801534,0.2832829,-0.9578128,0.04843098
1356781324079,-0.9008363,-0.2586274,-0.34872037,0.3464148,0.05599475,-0.93640876,0.26170748,-0.96435285,0.03915018
1356781324119,-0.90765876,-0.23437914,-0.34816965,0.34389934,0.060231686,-0.9370728,0.24060117,-0.9702776,0.025932968
1356781324159,-0.9186936,-0.2083444,-0.33555123,0.3285119,0.06858641,-0.9420063,0.21927598,-0.97564775,0.0054336786
1356781324199,-0.9352909,-0.18080617,-0.30420414,0.2932633,0.085106015,-0.9522361,0.19805977,-0.9798296,-0.026575148
1356781324238,-0.95511633,-0.15555042,-0.25210464,0.23616454,0.113915324,-0.9650128,0.17882672,-0.98123765,-0.07206684
1356781324278,-0.97259617,-0.13836849,-0.18684463,0.16546527,0.15262324,-0.97433436,0.163334,-0.9785501,-0.12554568
1356781324318,-0.98391247,-0.13192748,-0.120462775,0.094340995,0.18891579,-0.9774511,0.15170997,-0.9730909,-0.17343038
1356781324358,-0.9891988,-0.13380846,-0.059841633,0.030891135,0.20877779,-0.9774751,0.14328805,-0.9687658,-0.20238924
1356781324398,-0.99018997,-0.1395407,-0.0072303787,-0.021796666,0.20536906,-0.97844183,0.13801736,-0.9686856,-0.20639586
1356781324438,-0.9888793,-0.14522976,0.03203129,-0.05821667,0.17982078,-0.98197526,0.13685212,-0.97291976,-0.18627584
1356781324478,-0.9881497,-0.14850047,0.038830083,-0.059977684,0.14069802,-0.9882341,0.14128992,-0.9788522,-0.14793742
1356781324518,-0.9880343,-0.14888842,-0.040254008,0.02470842,0.104824245,-0.9941837,0.15224205,-0.98328227,-0.099891186
1356781324558,-0.93547386,-0.14438073,-0.32255685,0.3102494,0.10151535,-0.9452195,0.16921596,-0.9843012,-0.0501709
1356781324598,-0.6432899,-0.12123403,-0.7559633,0.7415556,0.14696038,-0.65459764,0.19045618,-0.9816848,-0.004636407
1356781324638,-0.3333339,-0.105067044,-0.93693614,0.91816294,0.18956208,-0.34791228,0.21416166,-0.976231,0.033281267
1356781324678,-0.2312898,-0.11842573,-0.9656502,0.94304717,0.21664196,-0.2524446,0.23909628,-0.9690416,0.061573982
1356781324718,-0.2429707,-0.14596125,-0.9589893,0.9332242,0.23458159,-0.2721469,0.26468414,-0.9610758,0.07921815
1356781324758,-0.29837197,-0.17588758,-0.93810326,0.9093597,0.24614114,-0.3353795,0.28989488,-0.9531412,0.086503506
1356781324798,-0.36436343,-0.20241898,-0.9089917,0.87756914,0.25199795,-0.40788406,0.3116275,-0.94632107,0.085817814
1356781324843,-0.42740405,-0.22318146,-0.87607986,0.8436948,0.24969846,-0.47521544,0.3248151,-0.942253,0.08157486
1356781324879,-0.48593354,-0.23702085,-0.84124297,0.81120336,0.235933,-0.5350559,0.32529634,-0.9424207,0.07762438
1356781324919,-0.5438937,-0.24274772,-0.8032766,0.77869993,0.2107495,-0.59094083,0.31273967,-0.9469204,0.07440233
1356781324959,-0.60179085,-0.23971388,-0.7618301,0.74358606,0.17989743,-0.64398503,0.29142344,-0.9540305,0.06998724
1356781324998,-0.6537793,-0.22909303,-0.7211718,0.7078354,0.15173024,-0.6898891,0.26747233,-0.96150625,0.062962174
1356781325038,-0.69271404,-0.21328987,-0.68895185,0.67813766,0.13256323,-0.72288054,0.24551275,-0.96795374,0.052811563
1356781325078,-0.7152443,-0.19361873,-0.6715187,0.66087055,0.12515938,-0.73999,0.22732279,-0.9730606,0.038437366
1356781325115,-0.7241211,-0.16914114,-0.66861045,0.65614045,0.12966037,-0.7434164,0.21243457,-0.97702587,0.017090559
1356781325158,-0.73201084,-0.13850448,-0.66706574,0.65144277,0.14435148,-0.7448389,0.19945544,-0.97978526,-0.015439153
1356781325198,-0.76567394,-0.10664591,-0.63432646,0.6155318,0.1647858,-0.77069205,0.18671918,-0.9805469,-0.06052828
1356781325238,-0.9051554,-0.11217992,-0.4100115,0.3885125,0.17306656,-0.9050448,0.17248711,-0.9785007,-0.11306888
1356781325278,0.18972754,-0.12905818,0.9733177,-0.9693356,-0.18230897,0.16477782,0.15617865,-0.9747345,-0.1596897
1356781325318,0.6753051,-0.044930965,0.7361686,-0.7242068,-0.22931965,0.6503361,0.13959768,-0.9723136,-0.18740003
1356781325358,0.797961,-0.014266342,0.60254014,-0.5893223,-0.22800052,0.7750579,0.12632224,-0.9735564,-0.19034299
1356781325398,0.8651562,0.019507095,0.5011229,-0.4868958,-0.20673594,0.84864163,0.120154634,-0.9782022,-0.16936097
1356781325438,0.90693426,0.05903496,0.4171152,-0.4026435,-0.16970772,0.8994874,0.12388885,-0.9837246,-0.1301437
1356781325478,0.93285793,0.10219046,0.3454462,-0.33269736,-0.123377055,0.934928,0.13816088,-0.9870841,-0.08109477
1356781325518,0.9475885,0.14570831,0.28433275,-0.27610314,-0.07432431,0.9582499,0.16075784,-0.98653173,-0.030198336
1356781325558,0.9541146,0.18612073,0.23457274,-0.23351996,-0.027878199,0.97195226,0.18743995,-0.9821313,0.016863912
1356781325598,0.9549769,0.22121136,0.19769803,-0.20528625,0.011617035,0.97863305,0.21418807,-0.97515666,0.05650565
1356781325638,0.9521906,0.25080255,0.17444536,-0.19040217,0.040636953,0.98086476,0.23891446,-0.9671849,0.08644748
1356781325678,0.9469625,0.27635467,0.16398223,-0.18651222,0.05712909,0.98079026,0.2616778,-0.9593563,0.10564262
1356781325718,0.93950963,0.2992481,0.16664973,-0.1929435,0.060363382,0.9793514,0.28300947,-0.9522641,0.11444995
1356781325758,0.9284468,0.3188308,0.19061325,-0.21703303,0.04914763,0.97492623,0.3014683,-0.94653654,0.11482778
1356781325798,0.90724266,0.33139881,0.25900885,-0.28085235,0.018906035,0.9595648,0.3131018,-0.9433013,0.11022648
1356781325842,0.85466695,0.32876146,0.40182123,-0.41331977,-0.037508845,0.9098131,0.31418332,-0.9436678,0.103826046
1356781325879,0.7360153,0.29881305,0.6074473,-0.6044823,-0.11387147,0.78843796,0.30476648,-0.94749355,0.09681606
1356781325919,0.5648228,0.24429137,0.7882239,-0.77311164,-0.17736909,0.60896504,0.28857154,-0.95334244,0.08868247
1356781325976,0.42221132,0.19214705,0.885899,-0.8652421,-0.20604613,0.4570568,0.27035826,-0.9594917,0.07925877
1356781325998,0.3539247,0.15892255,0.92167294,-0.9003538,-0.20887154,0.38175344,0.25318053,-0.96494365,0.06916177
1356781326038,0.35101712,0.14159012,0.9256021,-0.90569854,-0.19958532,0.3739998,0.23769125,-0.96959674,0.058180094
1356781326075,0.38791928,0.1300225,0.9124761,-0.89429677,-0.18648449,0.4067636,0.22305113,-0.973816,0.043937802
1356781326118,0.43887874,0.11299214,0.8914137,-0.874161,-0.17586085,0.4526761,0.20791355,-0.97790897,0.021591708
1356781326158,0.49038357,0.08400065,0.86744905,-0.8501812,-0.172732,0.4973485,0.1916138,-0.9813804,-0.013289154
1356781326198,0.53663707,0.042597234,0.8427373,-0.82560897,-0.179827,0.53481966,0.1743288,-0.9827755,-0.06133318
1356781326238,0.5847054,5.722046E-5,0.8112457,-0.7958447,-0.19388841,0.57361877,0.15732396,-0.98102355,-0.113322064
1356781326278,0.639606,-0.028259218,0.76818335,-0.7554014,-0.20820661,0.62130415,0.14238325,-0.9776765,-0.15451725
1356781326318,0.6985241,-0.03355187,0.7147995,-0.70348704,-0.21511187,0.6773721,0.13103476,-0.97601295,-0.17386413
1356781326358,0.7527599,-0.017964125,0.65805006,-0.64649725,-0.20857853,0.73385036,0.124072075,-0.97784066,-0.16862333
1356781326398,0.7956934,0.011850536,0.60558367,-0.593228,-0.1865975,0.78311044,0.12228072,-0.98236495,-0.1414443
1356781326438,0.8252472,0.049505115,0.56259775,-0.55027115,-0.1537993,0.82069933,0.12715596,-0.9868612,-0.0996812
1356781326478,0.8424721,0.09134522,0.5309396,-0.5202017,-0.11837655,0.8457997,0.1401106,-0.9887583,-0.052210987
1356781326518,0.84928864,0.13532607,0.5102898,-0.5028086,-0.08727016,0.8599812,0.16091092,-0.9869503,-0.0060744584
1356781326558,0.8471429,0.17879131,0.50038254,-0.4973797,-0.06456132,0.86512744,0.1869826,-0.9817666,0.034234494
1356781326598,0.83745635,0.21931627,0.50056696,-0.5022497,-0.05220656,0.8631452,0.2154347,-0.974256,0.06643084
1356781326638,0.8210372,0.25492024,0.5107971,-0.5159982,-0.05139476,0.8550465,0.2442209,-0.96559536,0.08934134
1356781326678,0.7983383,0.28431755,0.5308666,-0.53705734,-0.06267324,0.84121424,0.27244312,-0.9566794,0.10266039
1356781326718,0.76890767,0.30571115,0.5615351,-0.56518,-0.085620925,0.82051235,0.29891893,-0.9482667,0.10694724
1356781326758,0.7305316,0.31575117,0.6054955,-0.60288846,-0.118194684,0.78902173,0.32070094,-0.94145155,0.104017824
1356781326798,0.6788393,0.31045434,0.6654286,-0.6540891,-0.15615264,0.74012405,0.3336832,-0.93767494,0.09706229
1356781326842,0.6083572,0.2868703,0.7400047,-0.71992975,-0.19300067,0.6666722,0.3340699,-0.93832624,0.089113116
1356781326879,0.5204785,0.25056005,0.8162854,-0.7897655,-0.22216555,0.571763,0.32461146,-0.9422644,0.08225129
1356781326919,0.42693204,0.20820215,0.87998915,-0.8506845,-0.23758107,0.46892557,0.30670008,-0.94879246,0.07568337
1356781326959,0.34581035,0.16912094,0.92293733,-0.8940662,-0.23907226,0.37880087,0.2847119,-0.9561603,0.06853165
1356781326999,0.2932014,0.13932735,0.945844,-0.9194823,-0.22990781,0.3188961,0.26188785,-0.96318763,0.060699716
1356781327038,0.27591845,0.11914864,0.95376754,-0.9308176,-0.21431658,0.29605258,0.2396824,-0.96947,0.051771715
1356781327078,0.2899603,0.103360355,0.9514408,-0.93181163,-0.19626352,0.3052993,0.21828899,-0.97508836,0.03940378
1356781327118,0.32358405,0.08339512,0.9425172,-0.92532635,-0.18018219,0.33362493,0.19764751,-0.9800917,0.018863633
1356781327158,0.36307323,0.05109486,0.93035865,-0.9145639,-0.1714068,0.36632293,0.17818704,-0.9838745,-0.015503705
1356781327198,0.40065092,0.004799247,0.91621816,-0.90205926,-0.17313159,0.39536625,0.16052386,-0.98488694,-0.06503609
1356781327238,0.43873194,-0.04586017,0.89744705,-0.8869049,-0.18282107,0.42423597,0.14461666,-0.98207605,-0.12088306
1356781327278,0.48547608,-0.083927244,0.8702122,-0.8645153,-0.19421393,0.46356702,0.13010144,-0.9773624,-0.1668426
1356781327318,0.54362893,-0.09738508,0.8336569,-0.8310654,-0.20146151,0.518405,0.11746481,-0.9746433,-0.1904537
1356781327358,0.60727423,-0.08458951,0.78997636,-0.78703547,-0.1999588,0.58360225,0.10859612,-0.97614604,-0.18800478
1356781327398,0.66761243,-0.050317228,0.74280673,-0.7368201,-0.187673,0.64951897,0.10672283,-0.9809419,-0.16236757
1356781327438,0.71804047,-9.1424584E-4,0.6960007,-0.686396,-0.16649215,0.7079129,0.115231484,-0.98604226,-0.12017564
1356781327478,0.7548702,0.057019413,0.653391,-0.64181894,-0.14091456,0.75379795,0.13505343,-0.98837835,-0.06977606
1356781327518,0.7764899,0.116590396,0.6192496,-0.60867804,-0.115456805,0.78497183,0.1630167,-0.9864464,-0.01868505
1356781327558,0.78273875,0.17143553,0.59827244,-0.59144676,-0.09425223,0.80081654,0.19367696,-0.9806764,0.027620137
1356781327598,0.774351,0.21762812,0.59415364,-0.5920728,-0.082058966,0.8016958,0.22322716,-0.97257614,0.06530923
1356781327638,0.7519934,0.25417125,0.6081964,-0.60933244,-0.0839055,0.78846294,0.2514357,-0.9635127,0.09177843
1356781327678,0.7150414,0.28056717,0.64031065,-0.64075637,-0.1032311,0.76077235,0.27954772,-0.9542669,0.1059607
1356781327718,0.66019636,0.29378656,0.6912527,-0.6857159,-0.13978958,0.7143197,0.3064874,-0.9455942,0.10916549
1356781327758,0.5808126,0.288196,0.7613145,-0.74523306,-0.18806177,0.6397347,0.32754314,-0.9389227,0.105544515
1356781327798,0.47064933,0.25988722,0.8431772,-0.8154744,-0.23675004,0.52815807,0.33688378,-0.93616664,0.10050514
1356781327843,0.33508348,0.21343064,0.91769624,-0.881932,-0.27167904,0.38520965,0.33153436,-0.93842304,0.0971961
1356781327879,0.19677478,0.16275707,0.9668453,-0.92882884,-0.28480965,0.23698196,0.3139374,-0.9446658,0.095130116
1356781327919,0.081692696,0.12100682,0.9892845,-0.95358753,-0.2791536,0.11289039,0.28982273,-0.95259166,0.09258568
1356781327958,0.0035660267,0.09322268,0.9956389,-0.964194,-0.2637003,0.028143942,0.26517385,-0.96008945,0.088944376
1356781327998,-0.036701143,0.07712844,0.99634546,-0.9693985,-0.24492055,-0.016748875,0.24273366,-0.9664705,0.08375707
1356781328038,-0.04506302,0.06630686,0.9967811,-0.9738934,-0.22513896,-0.02905184,0.22248793,-0.9720678,0.07472128
1356781328078,-0.03175819,0.05149567,0.9981681,-0.9786085,-0.2047,-0.020575345,0.20326552,-0.9774692,0.056895018
1356781328118,-0.008065462,0.023453921,0.9996924,-0.98288405,-0.18418962,-0.0036085844,0.18404835,-0.9826108,0.0245381
1356781328158,0.019091547,-0.02053696,0.9996067,-0.98620147,-0.16482675,0.015449077,0.16444468,-0.98610866,-0.023400366
1356781328198,0.050593495,-0.07142782,0.9961618,-0.98813546,-0.14840686,0.039544612,0.14501265,-0.9863435,-0.07808876
1356781328238,0.091355294,-0.112885,0.98939943,-0.98758614,-0.13776025,0.07547024,0.12778047,-0.98401177,-0.12406877
1356781328278,0.14264122,-0.13253734,0.9808605,-0.98299265,-0.13477919,0.12473944,0.115666956,-0.98197174,-0.14950836
1356781328318,0.2006132,-0.12638375,0.9714841,-0.97336257,-0.13806343,0.18303993,0.11099321,-0.9823266,-0.15071455
1356781328358,0.25816002,-0.09750554,0.9611691,-0.9592651,-0.14402369,0.24303824,0.11473355,-0.9847588,-0.13071483
1356781328421,0.3075662,-0.053405225,0.95002675,-0.94302094,-0.15030774,0.29684862,0.12694308,-0.98719573,-0.09659183
1356781328445,0.35054916,0.007949829,0.9365106,-0.9240084,-0.16012722,0.3472287,0.15272123,-0.9870644,-0.04878676
1356781328488,0.36445016,0.063459635,0.92905813,-0.9131697,-0.17114258,0.36990744,0.1824755,-0.9832005,-0.0044235736
1356781328528,0.36230624,0.11117053,0.9254055,-0.9072137,-0.18565297,0.3774867,0.2137697,-0.9763063,0.03359221
1356781328568,0.34212,0.14746532,0.92801285,-0.9075204,-0.2042191,0.36701655,0.24364018,-0.96775436,0.06396036
1356781328608,0.30101645,0.16887605,0.9385467,-0.9145173,-0.22781718,0.33430147,0.27027255,-0.9589474,0.08586334
1356781328648,0.23621815,0.17244208,0.9562765,-0.9261867,-0.2577055,0.27525654,0.29390353,-0.95071113,0.098838806
1356781328688,0.14649963,0.15592566,0.9768444,-0.9377513,-0.29246145,0.18731996,0.31489736,-0.9434794,0.103374064
1356781328728,0.035963,0.120349556,0.9920799,-0.94293547,-0.32474494,0.07357642,0.3310278,-0.93811333,0.101803094
1356781328768,-0.079971135,0.075072736,0.9939661,-0.9378158,-0.34358543,-0.04950297,0.33779594,-0.936116,0.09788132
1356781328843,-0.17892873,0.035601497,0.9832177,-0.927767,-0.33872318,-0.15657279,0.32746443,-0.94021225,0.09363723
1356781328849,-0.24877542,0.010026306,0.9685093,-0.91724443,-0.32360357,-0.23225722,0.3110844,-0.9461396,0.089701205
1356781328875,-0.28982687,-0.0029624999,0.9570745,-0.91173434,-0.30330133,-0.27703553,0.29110268,-0.9528901,0.085203886
1356781328907,-0.30748075,-0.0071712434,0.95152724,-0.91271317,-0.2805606,-0.29705268,0.26909137,-0.9598095,0.07972178
1356781328948,-0.30370218,-0.0050472915,0.95275366,-0.9209832,-0.25457793,-0.2949236,0.24403861,-0.96703905,0.07266739
1356781328988,-0.26745844,0.0039455593,0.96356136,-0.9382409,-0.22883916,-0.25949314,0.21947676,-0.97345626,0.064906865
1356781329035,-0.21091527,0.008849144,0.9774643,-0.95814025,-0.19992185,-0.20493561,0.19360292,-0.9797719,0.050645262
1356781329065,-0.11680025,0.011421949,0.9930898,-0.9785737,-0.17204326,-0.11311415,0.16956234,-0.98502326,0.031271815
1356781329108,-0.042673707,-0.0116844475,0.99902076,-0.98829234,-0.14611262,-0.04392436,0.14648277,-0.98919904,-0.0053125024
1356781329148,0.03011161,-0.053164452,0.9981317,-0.99162066,-0.12709332,0.023145735,0.12562531,-0.990465,-0.056546003
1356781329188,0.10351181,-0.100422084,0.9895457,-0.98868245,-0.1190092,0.09134409,0.10859215,-0.9878017,-0.11160436
1356781329228,0.1828765,-0.13548818,0.97375524,-0.9783473,-0.122718066,0.16666397,0.09691635,-0.98314965,-0.15499678
1356781329268,0.2680738,-0.14576444,0.9523073,-0.9590118,-0.13459665,0.24935916,0.09182972,-0.98012066,-0.17587164
1356781329308,0.35349205,-0.12756404,0.92669886,-0.93068135,-0.14773181,0.3346753,0.09421033,-0.9807664,-0.17094356
1356781329348,0.43097264,-0.08486146,0.8983658,-0.89626604,-0.15581083,0.4152471,0.104736626,-0.9841349,-0.14320868
1356781329388,0.49309477,-0.026309341,0.86957765,-0.86114204,-0.15683779,0.48356614,0.123660386,-0.9872738,-0.09999195
1356781329428,0.53540224,0.03835237,0.8437259,-0.8312223,-0.1531493,0.5344294,0.14971271,-0.9874585,-0.05011712
1356781329468,0.5566455,0.101052135,0.82458115,-0.81105363,-0.14875087,0.56574297,0.1798267,-0.9836979,-8.427948E-4
1356781329508,0.5564723,0.15508884,0.81626344,-0.8039172,-0.14767963,0.5761143,0.20989442,-0.97679996,0.042498976
1356781329548,0.5348724,0.19595948,0.82189506,-0.81098485,-0.1538947,0.56446445,0.23709744,-0.9684608,0.07660613
1356781329588,0.49088383,0.22116065,0.8426868,-0.83116996,-0.17102867,0.52906096,0.26113117,-0.9601234,0.09986693
1356781329628,0.4223143,0.22890285,0.87707126,-0.8610195,-0.20117807,0.46708977,0.2833657,-0.9524342,0.11212945
1356781329668,0.32584172,0.21663293,0.92027026,-0.89515567,-0.24248242,0.37403008,0.30417663,-0.94565976,0.11490935
1356781329708,0.2000826,0.18266061,0.9626017,-0.9257343,-0.28654653,0.24679375,0.32090968,-0.9404925,0.111762196
1356781329748,0.05367738,0.13186514,0.98981327,-0.9428338,-0.3198095,0.0937354,0.32891208,-0.93826085,0.10716033
1356781329788,-0.090730906,0.07827985,0.99279416,-0.94131076,-0.33219576,-0.05983287,0.32511833,-0.9399565,0.103826076
1356781329841,-0.20827585,0.03724411,0.9773607,-0.92954683,-0.31837672,-0.18595439,0.30424318,-0.9472324,0.1009303
1356781329879,-0.28982782,0.011280954,0.9570123,-0.91450685,-0.2981735,-0.27344042,0.28227106,-0.95444494,0.09673554
1356781329919,-0.3355363,-0.003295511,0.9420214,-0.90496635,-0.2766034,-0.3233054,0.2616318,-0.9609785,0.08982816
1356781329959,-0.34400702,-0.008915931,0.9389248,-0.9067743,-0.2564401,-0.33466268,0.24376175,-0.9665191,0.080132425
1356781329999,-0.31924725,-0.010479063,0.94761354,-0.91990864,-0.23683667,-0.31253257,0.2277047,-0.971493,0.065969706
1356781330039,-0.2686444,-0.015840292,0.96310925,-0.93983644,-0.21475363,-0.26568484,0.21103969,-0.97653985,0.042805016
1356781330079,-0.20438439,-0.03470108,0.9782754,-0.9599402,-0.18858707,-0.2072432,0.19168171,-0.98144317,0.0052333474
1356781330118,-0.1382004,-0.071733,0.9878031,-0.97580624,-0.16074938,-0.14819533,0.16941926,-0.9843851,-0.047781885
1356781330158,-0.07168561,-0.11896354,0.99030745,-0.9866453,-0.13713378,-0.08789411,0.14626077,-0.98338294,-0.1075443
1356781330198,0.0019335151,-0.15958542,0.98718226,-0.992089,-0.12421942,-0.018137932,0.12552181,-0.9793375,-0.15856308
1356781330238,0.08735877,-0.17935985,0.97989714,-0.990045,-0.12460458,0.065455884,0.11035955,-0.9758605,-0.1884596
1356781330278,0.18135592,-0.17245263,0.96817875,-0.97804433,-0.13440362,0.15926385,0.10266125,-0.97580516,-0.1930412
1356781330318,0.27489153,-0.14025289,0.9511907,-0.9559255,-0.14600947,0.25473085,0.10315606,-0.97929084,-0.1742081
1356781330358,0.35732472,-0.08957982,0.92967445,-0.92723894,-0.1534028,0.34160736,0.11201352,-0.9840951,-0.13787651
1356781330398,0.42109117,-0.029158652,0.90654945,-0.89782065,-0.15537676,0.41203904,0.1288422,-0.98742485,-0.091607004
1356781330438,0.46280307,0.03304243,0.88584507,-0.87336767,-0.15412414,0.46203327,0.15179679,-0.9874989,-0.04247096
1356781330478,0.4820512,0.0909673,0.87140787,-0.85791206,-0.15283185,0.4905398,0.177802,-0.9840566,0.0043691546
1356781330518,0.4784723,0.13976082,0.86690897,-0.85409105,-0.15522105,0.49642205,0.20394284,-0.9779434,0.045099497
