1356782164479,0.25077,0.102006555,-0.9626572,-0.96759844,-0.0038455427,-0.25246465,-0.029455036,0.99477625,0.097737074
1356782164505,-0.86896217,-0.07378395,0.48934713,0.4940021,-0.07050669,0.8665972,-0.029438704,0.99477875,0.09771705
1356782164535,-0.86872303,-0.0737264,0.48978028,0.4944262,-0.07043278,0.8663613,-0.029377133,0.9947882,0.097638845
1356782164578,-0.8676706,-0.07345949,0.49168247,0.49628794,-0.0701192,0.8653217,-0.029089734,0.9948302,0.09729731
1356782164620,-0.8646713,-0.07302725,0.49700147,0.5015317,-0.06946647,0.8623458,-0.028449759,0.99490774,0.09669119
1356782164658,-0.8587478,-0.0726078,0.5072282,0.5116679,-0.06866503,0.8564351,-0.02735506,0.9949941,0.09611696
1356782164698,-0.84901536,-0.072616905,0.5233543,0.527735,-0.06806791,0.8466773,-0.025859445,0.99503446,0.096113205
1356782164739,-0.8353946,-0.07326949,0.54474527,0.5491279,-0.068039775,0.83296406,-0.02396655,0.99498856,0.09707439
1356782164778,-0.8176898,-0.07460603,0.5708041,0.57525,-0.06852341,0.81510234,-0.021698087,0.994856,0.098948
1356782164818,-0.7962032,-0.07642862,0.60018253,0.6047251,-0.06907952,0.7934327,-0.019180596,0.9946792,0.10121971
1356782164860,-0.7721603,-0.07839659,0.63057315,0.63521385,-0.06948072,0.7692047,-0.01649037,0.9944981,0.10344881
1356782164899,-0.7466041,-0.08030316,0.6604043,0.6651269,-0.069606364,0.74347913,-0.013735414,0.9943372,0.10538012
1356782164938,-0.7208263,-0.08201277,0.68824655,0.6930269,-0.06938416,0.71756506,-0.01109612,0.9942131,0.10685098
1356782164978,-0.69546705,-0.08322388,0.71372217,0.7185068,-0.06868988,0.6921197,-0.00857538,0.99416065,0.1075685
1356782165026,-0.6682652,-0.08335933,0.739238,0.74389935,-0.066940784,0.6649306,-0.0059430003,0.99426866,0.106745124
1356782165070,-0.63987786,-0.08256832,0.76402795,0.76846886,-0.06430948,0.6366472,-0.0034326315,0.99450827,0.10460144
1356782165108,-0.6107063,-0.08106512,0.7876968,0.7918564,-0.061170578,0.60763603,-0.0010741949,0.99482995,0.10154915
1356782165148,-0.5824116,-0.07935125,0.8090118,0.81289333,-0.05820799,0.57949656,0.0011071265,0.99514586,0.09840506
1356782165188,-0.5589836,-0.07819897,0.8254831,0.8291732,-0.056340873,0.5561452,0.0030184686,0.9953445,0.0963341
1356782165228,-0.54534197,-0.07836878,0.83454204,0.8382017,-0.05630845,0.54244566,0.004480928,0.99533296,0.09639615
1356782165268,-0.54492533,-0.08030915,0.8346298,0.83846766,-0.058516264,0.5418005,0.0053278804,0.9950509,0.099223614
1356782165308,-0.5580165,-0.084029555,0.8255644,0.8298107,-0.0632602,0.55444777,0.0056354105,0.9944532,0.10502893
1356782165348,-0.58054996,-0.089006424,0.8093452,0.8142028,-0.07074106,0.5762547,0.005963564,0.99351573,0.11353803
1356782165388,-0.6050912,-0.09436837,0.79054356,0.7961223,-0.08085865,0.5997091,0.007328719,0.9922481,0.12405568
1356782165428,-0.6244563,-0.09945777,0.7747016,0.7809849,-0.09325224,0.617549,0.010822624,0.9906625,0.13590688
1356782165468,-0.63438725,-0.10423586,0.76595545,0.77283645,-0.10684317,0.62554646,0.016632706,0.98879695,0.14833719
1356782165523,-0.6361091,-0.10925916,0.76382434,0.77121794,-0.12114346,0.6249378,0.024252146,0.9866036,0.16132307
1356782165550,-0.63289356,-0.115193754,0.7656214,0.7735616,-0.13543469,0.61908,0.03237757,0.984067,0.17482513
1356782165589,-0.6297093,-0.12202597,0.767187,0.7758083,-0.14944237,0.61301595,0.03984636,0.98121184,0.18877399
1356782165630,-0.6316954,-0.1289095,0.7644235,0.7738428,-0.16353947,0.61190045,0.046133608,0.97807837,0.20306271
1356782165669,-0.64301324,-0.1344215,0.7539661,0.76413774,-0.17849827,0.61986434,0.051258534,0.974715,0.2174933
1356782165709,-0.66600317,-0.13705984,0.73324907,0.7438866,-0.19507432,0.6392016,0.05542922,0.9711645,0.23187715
1356782165749,-0.700225,-0.13571742,0.7009034,0.7115009,-0.21345025,0.6694814,0.05874777,0.96748114,0.24602634
1356782165789,-0.74257666,-0.12993586,0.6570363,0.66696274,-0.23304391,0.70770854,0.061161578,0.9637465,0.25971526
1356782165830,-0.78858143,-0.119920105,0.60312414,0.61174357,-0.25271255,0.7496041,0.06252441,0.9600811,0.27264464
1356782165870,-0.83396685,-0.106378645,0.5414636,0.54824936,-0.2710936,0.79115796,0.06262499,0.9566566,0.2844051
1356782165909,-0.8757447,-0.09033097,0.47424835,0.4788838,-0.28700113,0.8296389,0.061167732,0.95366174,0.29459774
1356782165949,-0.9124377,-0.072687134,0.40270826,0.40509713,-0.29970783,0.8637543,0.05791101,0.95125794,0.30291015
1356782165989,-0.9431077,-0.054243505,0.32803273,0.32824528,-0.30899644,0.89262325,0.052941933,0.94951504,0.3092221
1356782166030,-0.9669594,-0.0356801,0.2524211,0.2505862,-0.31504232,0.9153987,0.046861805,0.9484067,0.31357408
1356782166069,-0.9836919,-0.017661043,0.17899305,0.1752421,-0.31821954,0.9316795,0.04050464,0.9478526,0.31612486
1356782166109,-0.993855,-7.804781E-4,0.110687084,0.10514842,-0.3190894,0.9418735,0.034583963,0.9477243,0.31721067
1356782166150,-0.9986503,0.014395604,0.049903106,0.042736948,-0.318241,0.94704604,0.029514518,0.94790053,0.31719625
1356782166189,-0.9996231,0.027398674,-0.0016409056,-0.010215143,-0.3158725,0.94874656,0.025476083,0.94840586,0.31603348
1356782166229,-0.99834526,0.037906937,-0.043241348,-0.05291973,-0.3114153,0.9487992,0.022500057,0.94951755,0.31290603
1356782166270,-0.9961232,0.045715205,-0.075158626,-0.0855333,-0.30362695,0.94894403,0.020560985,0.9516937,0.30635995
1356782166320,-0.9938201,0.050799977,-0.098697245,-0.10918552,-0.2871048,0.95165616,0.020007666,0.95655125,0.29087704
1356782166355,-0.9923627,0.052393444,-0.111673646,-0.12164327,-0.2654268,0.9564263,0.020469286,0.96270627,0.26977313
1356782166397,-0.9916654,0.0517834,-0.11797604,-0.12695506,-0.23665959,0.9632626,0.021960858,0.9702118,0.24126112
1356782166438,-0.992287,0.048807584,-0.113950014,-0.1215296,-0.20178634,0.9718606,0.024440613,0.9782128,0.20616138
1356782166478,-0.9953502,0.043022178,-0.08618136,-0.09210432,-0.16320825,0.982283,0.02819445,0.98565316,0.16641182
1356782166522,-0.99938947,0.032417916,0.013031738,0.008882991,-0.124976575,0.9921199,0.033791125,0.99162996,0.12461233
1356782166559,-0.93763,0.009697169,0.34749943,0.34514895,-0.09335792,0.93389314,0.04149796,0.9955854,0.08418828
1356782166600,-0.3942802,-0.024118572,0.9186737,0.91756344,-0.06601483,0.39207056,0.05118996,0.9975271,0.048158705
1356782166639,0.06262255,-0.022604316,0.9977813,0.9960871,-0.06105268,-0.06389937,0.062361598,0.99787855,0.018692583
1356782166698,0.12369546,-0.0061071217,0.9923014,0.98953176,-0.07415435,-0.123806566,0.07433957,0.997228,-0.0031293035
1356782166717,0.036108375,0.014318407,0.9992453,0.99559206,-0.0871225,-0.03472796,0.086559564,0.9960947,-0.017401129
1356782166758,-0.108020544,0.035983384,0.99349725,0.9892388,-0.09530735,0.11100948,0.098682076,0.99479735,-0.02530098
1356782166795,-0.25695652,0.05656901,0.96476597,0.9600831,-0.09921813,0.2615269,0.11051661,0.9934565,-0.028816164
1356782166838,-0.3815151,0.07464877,0.92134345,0.9162514,-0.1012131,0.38760695,0.12218639,0.9920602,-0.029782712
1356782166878,-0.47836518,0.090308666,0.8735051,0.8679524,-0.10260701,0.4859325,0.13351169,0.99061406,-0.029299974
1356782166918,-0.5563712,0.10359025,0.8244514,0.81835055,-0.10370833,0.56528485,0.14406043,0.98919845,-0.027072847
1356782166958,-0.62651026,0.11422658,0.7709975,0.76423687,-0.104225695,0.63645816,0.1530582,0.98797226,-0.02199763
1356782166998,-0.693084,0.12166041,0.7105162,0.7030124,-0.10387498,0.70355064,0.15939912,0.9871214,-0.013534725
1356782167038,-0.7550288,0.12542152,0.64358455,0.63550174,-0.10172033,0.7653696,0.1614594,0.9868751,-0.0029038787
1356782167078,-0.8105753,0.12524894,0.57208407,0.56404924,-0.0958007,0.820165,0.15753089,0.98748916,0.0070072412
1356782167118,-0.85988545,0.12085277,0.49597532,0.48886937,-0.084791005,0.86822647,0.14698182,0.98904246,0.01382941
1356782167158,-0.90276116,0.1125574,0.41515422,0.40957344,-0.06995213,0.90959126,0.13142216,0.9911799,0.01704961
1356782167198,-0.9383808,0.10173008,0.33029154,0.32632563,-0.053913295,0.94371873,0.113811694,0.9933501,0.017394066
1356782167238,-0.9674273,0.08986225,0.23666218,0.23411265,-0.038076997,0.97146344,0.0963093,0.995226,0.015798867
1356782167278,-0.99039483,0.07756274,0.11446467,0.11303402,-0.02260542,0.99333394,0.07963322,0.99673116,0.013621092
1356782167318,-0.99378777,0.06451328,-0.09068513,-0.091339245,-0.007256925,0.9957934,0.063583806,0.9978904,0.013104498
1356782167358,-0.8697633,0.050108314,-0.4909184,-0.49115497,0.0083268285,0.87103236,0.047733784,0.9987091,0.017368555
1356782167398,-0.35393053,0.039455473,-0.93443906,-0.9347214,0.01934421,0.3548543,0.032076865,0.999034,0.03003341
1356782167438,0.12157476,0.05213839,-0.991212,-0.9924206,0.02440995,-0.12043905,0.017915994,0.99834156,0.054710805
1356782167478,0.30855432,0.086830914,-0.9472352,-0.9511747,0.036335975,-0.30650672,0.0078044236,0.99556017,0.09380305
1356782167522,0.36811846,0.13385105,-0.9200939,-0.92977214,0.056786,-0.3637297,0.0035629272,0.9893732,0.14535487
1356782167559,0.39063415,0.18304372,-0.90216404,-0.92053664,0.08209768,-0.38193223,0.004155278,0.97967076,0.2005686
1356782167599,0.4278168,0.22061655,-0.87652785,-0.9038428,0.11128032,-0.41314012,0.006394744,0.9689917,0.24701028
1356782167639,0.50263274,0.23416016,-0.8321835,-0.86446726,0.14451998,-0.48146683,0.007526815,0.9613964,0.2750643
1356782167678,0.60162604,0.22046876,-0.7677497,-0.79874563,0.17468232,-0.5757529,0.007176757,0.9596247,0.2811919
1356782167718,0.698846,0.18545577,-0.6908115,-0.71523595,0.19090995,-0.67230266,0.00720042,0.96392924,0.26606128
1356782167758,0.77791166,0.13879065,-0.6128545,-0.62829053,0.18765602,-0.7550074,0.010217816,0.9723797,0.23318067
1356782167798,0.83546525,0.08842713,-0.5423822,-0.5492452,0.16686499,-0.8188319,0.01809758,0.98200643,0.18797809
1356782167838,0.8736809,0.040025398,-0.48485017,-0.48550755,0.13534027,-0.863693,0.031050146,0.9899905,0.13767684
1356782167878,0.89712024,-0.0039530396,-0.4417688,-0.43916553,0.10078195,-0.89273554,0.048051327,0.99490076,0.088677496
1356782167918,0.90975595,-0.04298711,-0.4129119,-0.4096213,0.068739384,-0.9096621,0.067487046,0.99670804,0.044927627
1356782167958,0.9140065,-0.07693039,-0.3983389,-0.39616525,0.04236716,-0.9172012,0.08743712,0.9961359,0.008246716
1356782167998,0.9108285,-0.105233595,-0.39914584,-0.39893407,0.023974719,-0.9166661,0.10603346,0.99415845,-0.020144403
1356782168038,0.8998879,-0.12715426,-0.41717327,-0.41871044,0.015684249,-0.90798444,0.12199716,0.991759,-0.039126754
1356782168078,0.8799171,-0.14218827,-0.45335254,-0.45552444,0.018787595,-0.8900251,0.13506857,0.9896614,-0.048238724
1356782168118,0.8482719,-0.14932317,-0.50807226,-0.5091662,0.033716653,-0.8600075,0.1455495,0.9882134,-0.047429405
1356782168158,0.8001309,-0.14619043,-0.5817378,-0.5799031,0.05934578,-0.812521,0.15330647,0.9874748,-0.0372919
1356782168199,0.7292824,-0.12982497,-0.6717833,-0.66597426,0.090497285,-0.74046516,0.15692544,0.9873985,-0.020462006
1356782168238,0.6336441,-0.09988135,-0.7671498,-0.7581415,0.11722816,-0.6414663,0.1540021,0.9880695,-0.0014432669
1356782168278,0.52511275,-0.06273168,-0.84871745,-0.8388248,0.1301599,-0.5286126,0.14362973,0.9895065,0.015727729
1356782168318,0.42700547,-0.02823335,-0.90380824,-0.89516145,0.12814985,-0.4269235,0.1278764,0.9913529,0.029447258
1356782168358,0.35854316,-0.0030841231,-0.93350804,-0.92689234,0.117711306,-0.35639107,0.11098361,0.99304307,0.03934595
1356782168398,0.32649994,0.011473805,-0.94512755,-0.9402878,0.10572469,-0.32354453,0.096211016,0.9943292,0.045307785
1356782168438,0.32767588,0.017843336,-0.9446217,-0.9410255,0.09533101,-0.3246277,0.08425936,0.9952857,0.048028708
1356782168478,0.3521311,0.021250725,-0.9357095,-0.9330455,0.0866805,-0.34916002,0.07368791,0.9960095,0.050350755
1356782168522,0.38628605,0.02962187,-0.92190325,-0.92027855,0.07979187,-0.38304144,0.062213987,0.9963713,0.05808288
1356782168559,0.4195151,0.050433934,-0.9063462,-0.90645635,0.07652697,-0.4153077,0.04841432,0.99579114,0.07782042
1356782168599,0.44491664,0.08768138,-0.89126945,-0.89498806,0.079462916,-0.43895555,0.032334656,0.99297416,0.11382815
1356782168639,0.4657912,0.13641092,-0.8743173,-0.8847543,0.08939251,-0.4574045,0.015762478,0.9866109,0.16232836
1356782168679,0.48839504,0.18473223,-0.85284483,-0.8726225,0.10407972,-0.47717667,6.1395764E-4,0.97726226,0.21203347
1356782168719,0.5177964,0.22011921,-0.8267009,-0.8554195,0.11964697,-0.5039266,-0.012011647,0.9681075,0.25024706
1356782168758,0.55472946,0.2352294,-0.7980867,-0.83176327,0.13245746,-0.5390965,-0.021098793,0.9628719,0.2691332
1356782168798,0.59644294,0.2283907,-0.7694762,-0.80227375,0.14007124,-0.5802904,-0.024751395,0.9634406,0.26677638
1356782168838,0.6386319,0.20182493,-0.7425739,-0.76923454,0.14150925,-0.6230998,-0.020675957,0.96914494,0.245623
1356782168878,0.6764457,0.16083053,-0.7187174,-0.7364509,0.13734241,-0.6624025,-0.0078241825,0.97737944,0.21134847
1356782168918,0.70557183,0.11264449,-0.6996281,-0.70853025,0.12938578,-0.6937176,0.012378424,0.9851754,0.17110302
1356782168958,0.7235672,0.06396136,-0.6872841,-0.6892884,0.119601,-0.7145467,0.03649646,0.9907595,0.13062721
1356782168998,0.7299069,0.019156307,-0.6832781,-0.6808332,0.10935199,-0.7242294,0.060844272,0.99381846,0.09285903
1356782169038,0.72480166,-0.01942268,-0.6886838,-0.6839385,0.100154616,-0.7226322,0.083010375,0.9947824,0.059308305
1356782169078,0.7086837,-0.050678313,-0.7037038,-0.69802076,0.09473655,-0.7097831,0.10263711,0.9942117,0.031763718
1356782169118,0.68120533,-0.07349914,-0.7283936,-0.7220683,0.096629195,-0.68504035,0.120734036,0.99260306,0.012752891
1356782169158,0.64120764,-0.08608279,-0.7625238,-0.7548096,0.10828118,-0.6469448,0.13825777,0.9903863,0.004454598
1356782169198,0.586173,-0.08598438,-0.8056103,-0.7953366,0.12843335,-0.5924057,0.15440485,0.9879836,0.0068976283
1356782169238,0.51467294,-0.07247868,-0.85431755,-0.84111726,0.15050763,-0.5194893,0.16623315,0.9859483,0.016499162
1356782169278,0.43057376,-0.049236447,-0.9012115,-0.88635373,0.16527762,-0.43250486,0.17024508,0.9850173,0.027523309
1356782169318,0.3450566,-0.023662,-0.93828356,-0.92394984,0.1672669,-0.34400353,0.16508362,0.98562765,0.03585407
1356782169358,0.27234212,-0.0027422607,-0.96219647,-0.9500097,0.15791115,-0.26934272,0.15268013,0.98744947,0.040400714
1356782169398,0.22340363,0.010093123,-0.97467375,-0.9651252,0.14229196,-0.2197415,0.13647032,0.9897733,0.041529685
1356782169438,0.20355678,0.01487574,-0.97895014,-0.97180104,0.124628425,-0.20017648,0.11902726,0.992092,0.0398252
1356782169478,0.21268612,0.014170289,-0.97701776,-0.9718559,0.10672408,-0.21001452,0.10129532,0.99418765,0.036470205
1356782169521,0.2446799,0.013480544,-0.9695102,-0.9660842,0.088510066,-0.24258462,0.08254123,0.9959841,0.03467998
1356782169559,0.29139128,0.01993668,-0.9563962,-0.9545523,0.07150456,-0.28933886,0.062618166,0.997241,0.039866477
1356782169599,0.3321437,0.043394417,-0.9422301,-0.94235706,0.058205694,-0.32950783,0.04054442,0.99736106,0.060225666
1356782169639,0.3635421,0.086230814,-0.9275782,-0.93141335,0.052352518,-0.36017832,0.017502576,0.9948987,0.09934887
1356782169679,0.3868947,0.14155069,-0.9111948,-0.92211473,0.054971516,-0.3829917,-0.0041229725,0.98840356,0.15179414
1356782169737,0.41144723,0.19459099,-0.89041877,-0.91115814,0.06380069,-0.4070877,-0.02240622,0.97880745,0.20355375
1356782169758,0.44633698,0.23111716,-0.8645046,-0.8941189,0.07573682,-0.4413791,-0.036535412,0.9699737,0.24045032
1356782169798,0.4945222,0.24353203,-0.83435,-0.8679718,0.08808839,-0.48873854,-0.04552692,0.9658843,0.25494063
1356782169835,0.55178547,0.23127925,-0.80127573,-0.83264136,0.09823492,-0.54503053,-0.04734096,0.96791524,0.24677725
1356782169878,0.6110134,0.19733068,-0.766631,-0.7906424,0.10400131,-0.6033808,-0.039334923,0.97480476,0.21956421
1356782169918,0.66347545,0.14864048,-0.7332846,-0.74790883,0.104511365,-0.65552247,-0.02080056,0.98335314,0.18051024
1356782169958,0.7040746,0.09168348,-0.7041826,-0.7100936,0.10037081,-0.69691664,0.006783664,0.9907169,0.13577238
1356782169998,0.72940844,0.033563852,-0.68325454,-0.6829628,0.09274928,-0.72454077,0.039052963,0.99512357,0.090574995
1356782170038,0.7380352,-0.01899612,-0.67449486,-0.67104566,0.08410809,-0.73662984,0.07072356,0.99627554,0.049327478
1356782170078,0.73017937,-0.06162551,-0.6804707,-0.676092,0.07866981,-0.73260534,0.09867963,0.99499416,0.015778586
1356782170118,0.706087,-0.09220195,-0.7020968,-0.6973642,0.08165326,-0.71205056,0.12298095,0.9923868,-0.0066440403
1356782170158,0.6641886,-0.10854787,-0.7396424,-0.733431,0.09686676,-0.67282677,0.14468068,0.98936045,-0.015274569
1356782170198,0.60017014,-0.10723463,-0.79265153,-0.78311193,0.123024255,-0.60959053,0.1628846,0.986593,-0.0101412535
1356782170238,0.5089049,-0.08615127,-0.8565009,-0.84301496,0.1514576,-0.51612633,0.17418855,0.9847023,0.004450649
1356782170278,0.3917209,-0.049117744,-0.9187721,-0.9032828,0.16942956,-0.39417478,0.17502812,0.98431754,0.022001892
1356782170318,0.26318818,-0.0074637234,-0.96471566,-0.9505539,0.16887486,-0.26063123,0.1648615,0.9856093,0.03735122
1356782170358,0.14551216,0.026416004,-0.9890038,-0.97836035,0.15246743,-0.13987383,0.14709595,0.98795533,0.048030257
1356782170398,0.054184407,0.046764284,-0.9974352,-0.99045134,0.12933287,-0.047741264,0.12676856,0.9904978,0.053325534
1356782170438,-0.0064955056,0.054470748,-0.99849427,-0.99418724,0.10695955,0.0123024285,0.107468605,0.9927702,0.053459406
1356782170478,-0.03892815,0.053442836,-0.99781173,-0.99515307,0.088169634,0.043546826,0.09030396,0.99467075,0.04975158
1356782170521,-0.048600495,0.049063146,-0.99761254,-0.9960652,0.07172632,0.052052617,0.07410902,0.9962169,0.04538411
1356782170559,-0.042090535,0.048469067,-0.9979375,-0.99743986,0.055755615,0.044777542,0.057810962,0.99726737,0.045998216
1356782170599,-0.03353709,0.0605745,-0.99760014,-0.9986266,0.038169503,0.035889268,0.04025191,0.99743366,0.059211195
1356782170639,-0.027083158,0.08951861,-0.99561685,-0.9993811,0.019941688,0.028978527,0.02244836,0.99578553,0.08892313
1356782170680,-0.024118483,0.13208336,-0.9909452,-0.9996912,0.0027555227,0.024698585,0.0059928596,0.9912348,0.13197607
1356782170719,-0.01859802,0.17705998,-0.9840244,-0.99979174,-0.011565149,0.016815066,-0.008403093,0.9841322,0.1772382
1356782170759,-0.0028842688,0.21183494,-0.9773011,-0.9997821,-0.020816267,-0.0015613437,-0.020674556,0.9770837,0.21184888
1356782170799,0.02720046,0.2285276,-0.9731574,-0.99918383,-0.022868216,-0.033298075,-0.029863864,0.9732688,0.22771901
1356782170839,0.07078773,0.22509709,-0.97176147,-0.99692297,-0.016920447,-0.07654008,-0.033671588,0.9741894,0.2232067
1356782170879,0.12258774,0.2038278,-0.97130144,-0.9920134,-0.004116714,-0.12606567,-0.02969417,0.9789981,0.20169517
1356782170919,0.17486829,0.16973248,-0.9698515,-0.9844476,0.013278127,-0.1751762,-0.01685527,0.98540074,0.16941467
1356782170958,0.21990716,0.12893984,-0.96696186,-0.97551274,0.03307587,-0.21744126,0.003946215,0.9911006,0.1330561
1356782170998,0.25218928,0.086937964,-0.96376467,-0.9672014,0.053898454,-0.24822655,0.03036514,0.9947547,0.09767911
1356782171038,0.2680581,0.048300028,-0.9621912,-0.9615793,0.07483283,-0.2641312,0.059245944,0.9960257,0.06650388
1356782171078,0.26535806,0.016462654,-0.96400934,-0.9601643,0.09533152,-0.26267165,0.08757621,0.9953094,0.04110387
1356782171118,0.24262571,-0.0062158406,-0.97010005,-0.96349645,0.11510843,-0.2417117,0.113169104,0.99333346,0.021939337
1356782171158,0.19858944,-0.017932206,-0.9799187,-0.97073627,0.13415277,-0.19918343,0.13503063,0.99079835,0.009233922
1356782171198,0.13228998,-0.016958266,-0.991066,-0.97935057,0.15197518,-0.13332656,0.15287843,0.9882388,0.0034967065
1356782171238,0.044516742,-0.0024258494,-0.99900573,-0.9851459,0.16590643,-0.044302046,0.16584903,0.9861385,0.0049957633
1356782171278,-0.057593435,0.022885889,-0.9980777,-0.9834393,0.17078248,0.060664833,0.17184252,0.98504287,0.012670994
1356782171318,-0.15819979,0.050728083,-0.9861032,-0.97297394,0.16212124,0.16443345,0.16820958,0.985466,0.023709595
1356782171358,-0.23936027,0.07096723,-0.9683338,-0.9585736,0.14133805,0.24730605,0.15441304,0.9874144,0.034196615
1356782171398,-0.29167658,0.07892054,-0.95325565,-0.94732076,0.11402756,0.29930103,0.1323184,0.99033797,0.041503906
1356782171438,-0.31573993,0.07632339,-0.9457711,-0.94286156,0.08653313,0.32175177,0.10639772,0.9933211,0.044640422
1356782171478,-0.31576103,0.06740555,-0.9464414,-0.94538856,0.06263465,0.31987062,0.080841064,0.9957577,0.043946862
1356782171521,-0.29553038,0.055784404,-0.9537034,-0.9536138,0.042645156,0.297997,0.057294518,0.9975318,0.040593743
1356782171559,-0.2579866,0.04549855,-0.96507657,-0.9654582,0.025612056,0.25929606,0.036515146,0.998636,0.03731942
1356782171599,-0.21185708,0.04052478,-0.9764601,-0.9771392,0.009378791,0.21239367,0.017765254,0.99913454,0.037611365
1356782171639,-0.16144836,0.046062976,-0.9858055,-0.9868803,-0.006205559,0.16133448,0.0013140738,0.99891925,0.04646051
1356782171679,-0.11499077,0.06740713,-0.9910768,-0.99329984,-0.019358754,0.11393207,-0.0115062,0.9975377,0.06918162
1356782171719,-0.076639354,0.10594046,-0.99141467,-0.9968723,-0.027376652,0.07413581,-0.019287616,0.99399555,0.10770723
1356782171759,-0.0434466,0.1556972,-0.98684883,-0.9988071,-0.028802514,0.03942889,-0.022284776,0.98738474,0.1567629
1356782171799,-0.0070059896,0.20442387,-0.9788574,-0.99971676,-0.02369684,0.0022064745,-0.022744745,0.9785956,0.204532
1356782171839,0.04025942,0.23977935,-0.9699923,-0.99892867,-0.012512565,-0.04455349,-0.022820085,0.97074676,0.23901874
1356782171878,0.10049534,0.2545219,-0.9618313,-0.9946881,0.0040531754,-0.10285577,-0.022280574,0.96705854,0.25357717
1356782171918,0.170272,0.24679586,-0.9539913,-0.985221,0.024336636,-0.16955021,-0.018627316,0.9687619,0.24729225
1356782171958,0.24254623,0.21916804,-0.94505906,-0.970096,0.04553196,-0.23841256,-0.009222031,0.9746241,0.22365764
1356782171998,0.30913788,0.17721805,-0.93435943,-0.95099187,0.06477946,-0.30235425,0.006944716,0.9820374,0.1885587
1356782172038,0.36347365,0.1275276,-0.9228345,-0.9311553,0.08048892,-0.35562807,0.028925538,0.9885637,0.14800361
1356782172078,0.40123048,0.076533556,-0.9127742,-0.9143784,0.09231618,-0.3941952,0.054094642,0.99278414,0.107020706
1356782172118,0.42022175,0.02973336,-0.9069342,-0.90396124,0.100916564,-0.41553575,0.07916945,0.9944505,0.069285125
1356782172158,0.4197758,-0.008884817,-0.9075843,-0.9019513,0.10757694,-0.41822353,0.1013509,0.9941571,0.03714454
1356782172198,0.4007097,-0.037470907,-0.91543853,-0.90840816,0.11382519,-0.4022915,0.11927423,0.9927939,0.011571974
1356782172238,0.3648599,-0.05572486,-0.9293934,-0.9214788,0.12124148,-0.3690223,0.13324478,0.9910577,-0.0071131587
1356782172278,0.31438398,-0.063394696,-0.9471768,-0.93819726,0.13137776,-0.32019666,0.14473677,0.98930335,-0.018173665
1356782172318,0.25078854,-0.059147775,-0.96623325,-0.95553094,0.14482823,-0.2568764,0.15513149,0.9876874,-0.020196259
1356782172358,0.1754421,-0.041819453,-0.98360115,-0.97068226,0.1593945,-0.17991474,0.16430455,0.98632884,-0.012628883
1356782172398,0.09216988,-0.013676435,-0.99564934,-0.9810803,0.16971743,-0.09315246,0.17025304,0.9853979,0.0022251606
1356782172438,0.008843571,0.017727852,-0.99980366,-0.9853728,0.17031732,-0.0056959093,0.17018291,0.98522973,0.018974781
1356782172478,-0.06525174,0.043414414,-0.9969239,-0.9845341,0.15997997,0.071407676,0.162588,0.98616505,0.03230399
1356782172521,-0.123946786,0.05823633,-0.99057853,-0.98118615,0.1417234,0.13110349,0.14802316,0.9881917,0.039574504
1356782172559,-0.16623712,0.06331116,-0.98405135,-0.97732526,0.12214893,0.17295954,0.13115111,0.99049044,0.04156989
1356782172599,-0.19139558,0.060501784,-0.9796465,-0.9749291,0.10369325,0.19687793,0.11349422,0.99276745,0.039138496
1356782172639,-0.19892472,0.052888423,-0.97858655,-0.9753165,0.08697468,0.20296064,0.095846504,0.9948056,0.03428161
1356782172679,-0.18920821,0.044062406,-0.98094785,-0.97885275,0.070653975,0.19197771,0.077766865,0.9965272,0.029762268
1356782172719,-0.16417891,0.038822472,-0.9856663,-0.98467535,0.053132355,0.16610658,0.058819413,0.99783254,0.0295043
1356782172776,-0.12924278,0.04349971,-0.9906584,-0.99081814,0.034326434,0.13077089,0.03969422,0.9984635,0.038663864
1356782172798,-0.15099251,0.06519708,-0.9863826,-0.9882722,0.013045311,0.15214407,0.022787005,0.9977871,0.062462687
1356782172838,-0.061916888,0.10388714,-0.9926599,-0.998022,0.0043922067,0.062711,0.010874867,0.9945793,0.10340968
1356782172875,-0.0065039992,0.1568281,-0.98760456,-0.9999681,0.0035669208,0.0071518123,0.0046443343,0.9876195,0.15679988
1356782172918,0.031193137,0.21138713,-0.97690463,-0.9995115,0.008531749,-0.030068904,0.0019785464,0.97736526,0.21154994
1356782172958,0.06954855,0.2534815,-0.96483684,-0.9975785,0.017345607,-0.06735164,-3.3673644E-4,0.9671847,0.2540741
1356782172998,0.11903852,0.27469197,-0.9541353,-0.9928832,0.029473543,-0.11538744,-0.0035742223,0.96108043,0.27624553
1356782173038,0.18271154,0.2723236,-0.94469905,-0.9831468,0.044517636,-0.17731476,-0.006231308,0.9611753,0.275868
1356782173078,0.25665528,0.24766344,-0.9342328,-0.96648806,0.06038785,-0.24950781,-0.0053776503,0.96696234,0.2548626
1356782173118,0.33263007,0.20532835,-0.9204333,-0.9430562,0.07394263,-0.3243106,0.0014691055,0.9758958,0.21823171
1356782173158,0.40079215,0.15278405,-0.90333974,-0.9160475,0.082885236,-0.39241174,0.014919251,0.9847777,0.17317721
1356782173198,0.45379186,0.09774983,-0.88573015,-0.8904714,0.087298036,-0.44658667,0.033668727,0.9913748,0.12665856
1356782173238,0.48750362,0.046536595,-0.87187994,-0.87137496,0.0890511,-0.48246822,0.05518949,0.9949393,0.08396351
1356782173278,0.5009102,0.0028574765,-0.86549455,-0.86206615,0.090627894,-0.49862677,0.077013195,0.9958808,0.04785973
1356782173318,0.49450308,-0.031803817,-0.8685938,-0.86368966,0.09412356,-0.49515748,0.097503096,0.99505246,0.019075722
1356782173358,0.46853715,-0.05664441,-0.8816259,-0.87579834,0.10122384,-0.47194368,0.115974516,0.9932497,-0.0021819472
1356782173398,0.42175215,-0.0699752,-0.90400696,-0.89699113,0.11339621,-0.42725646,0.13240829,0.99108255,-0.01494202
1356782173438,0.35116512,-0.068899125,-0.9337752,-0.9247664,0.13062,-0.35741508,0.14659536,0.9890356,-0.017846435
1356782173478,0.25447822,-0.051157802,-0.96572447,-0.9542376,0.1489079,-0.25933948,0.15707126,0.9875269,-0.010922909
1356782173521,0.13559946,-0.018275082,-0.99059516,-0.97759265,0.16001913,-0.13677174,0.16101366,0.98694474,0.0038329363
1356782173559,0.01346758,0.018791288,-0.99973285,-0.987473,0.1574491,-0.010343045,0.15721273,0.98734844,0.020676315
1356782173599,-0.089803696,0.049478084,-0.99472976,-0.9853022,0.14130598,0.09598109,0.14531025,0.98872876,0.03606099
1356782173639,-0.16260278,0.06811035,-0.98433805,-0.9783306,0.11846781,0.16980767,0.128178,0.9906192,0.04737127
1356782173679,-0.20405501,0.07523084,-0.97606444,-0.97286785,0.09547037,0.21074519,0.10903978,0.9925853,0.053708434
1356782173719,-0.21800137,0.07398212,-0.9731403,-0.97182727,0.075082004,0.22341526,0.089594066,0.9944291,0.055529892
1356782173759,-0.20912766,0.068054736,-0.9755175,-0.9753874,0.056784093,0.21306115,0.06989375,0.99606436,0.054504573
1356782173798,-0.18286073,0.061547965,-0.98121035,-0.9818928,0.038798094,0.18542156,0.049481362,0.99734974,0.053338885
1356782173838,-0.14647305,0.059215695,-0.98744076,-0.9888059,0.01993078,0.14787072,0.02843672,0.9980462,0.055633485
1356782173878,-0.10968292,0.06628585,-0.99175394,-0.993935,6.465912E-4,0.10996732,0.007930517,0.99780047,0.065812945
1356782173918,-0.08256364,0.08713049,-0.9927697,-0.9965387,-0.016910613,0.081392914,-0.009696513,0.99605346,0.08822504
1356782173958,-0.070895314,0.12266725,-0.9899124,-0.99724084,-0.030616999,0.06762618,-0.02201268,0.9919755,0.12449944
1356782173998,-0.072193146,0.16825801,-0.98309577,-0.99698764,-0.040191412,0.066334486,-0.02835071,0.98492324,0.17065275
1356782174038,-0.075119674,0.21391341,-0.97396,-0.99670744,-0.045996368,0.066771835,-0.030515254,0.97576904,0.21666434
1356782174078,-0.066202044,0.24888057,-0.966269,-0.997325,-0.046577454,0.056332916,-0.03098616,0.96741354,0.25129828
1356782174118,-0.036712766,0.26604354,-0.9632616,-0.9988595,-0.039212525,0.027239412,-0.030525059,0.96316314,0.26717976
1356782174158,0.015009344,0.26257288,-0.9647955,-0.9995047,-0.02275294,-0.021741629,-0.027660638,0.9646439,0.2621013
1356782174198,0.08509159,0.23868346,-0.96736217,-0.99617124,8.3500147E-4,-0.08741966,-0.020057887,0.9710971,0.2378406
1356782174238,0.16455233,0.1979185,-0.9663078,-0.98634803,0.026736975,-0.16248876,-0.006323397,0.9798538,0.1996162
1356782174278,0.24219394,0.14651242,-0.95910174,-0.9701376,0.05005324,-0.23733458,0.013233662,0.9879416,0.1542598
1356782174318,0.3076474,0.09176311,-0.94706523,-0.95078623,0.0682047,-0.3022477,0.036859125,0.99344236,0.108230114
1356782174358,0.35294536,0.040336072,-0.9347741,-0.9335842,0.081437856,-0.34898207,0.062049508,0.9958619,0.06640017
1356782174398,0.3721314,-0.0026912987,-0.9281762,-0.9241617,0.09187651,-0.37078828,0.08627552,0.9957668,0.031702906
1356782174438,0.35907158,-0.0338102,-0.9326975,-0.92710567,0.10211715,-0.36062056,0.107437074,0.99419767,0.0053217113
1356782174478,0.30582607,-0.05067113,-0.9507381,-0.9439095,0.11446488,-0.30973014,0.12452054,0.9921342,-0.012822658
1356782174521,0.20004812,-0.050455004,-0.97848606,-0.97001624,0.13048074,-0.20504466,0.13801908,0.9901662,-0.022839695
1356782174559,0.024688423,-0.029534698,-0.9992588,-0.98852134,0.14830965,-0.028806627,0.14905053,0.9884998,-0.025534153
1356782174599,-0.21882135,0.015448391,-0.9756427,-0.9628269,0.15886647,0.21846244,0.1583718,0.98717916,-0.019889235
1356782174639,-0.48847407,0.076025814,-0.8692601,-0.8567904,0.14685607,0.494311,0.1652365,0.9862319,-0.0065971017
1356782174679,-0.6966203,0.12666705,-0.70616966,-0.6975403,0.11063677,0.70795274,0.16780263,0.98575604,0.011283517
1356782174719,-0.81486326,0.15212575,-0.559335,-0.55586994,0.068490624,0.82844293,0.16433671,0.98598516,0.028751552
1356782174758,-0.8742357,0.15645413,-0.45960206,-0.46018583,0.034662664,0.8871457,0.15472865,0.9870768,0.04169464
1356782174798,-0.9050976,0.14872411,-0.398346,-0.4011205,0.012167394,0.9159445,0.14106989,0.9888039,0.04864353
1356782174838,-0.9227628,0.13579115,-0.36065164,-0.36410674,-6.533265E-4,0.93135697,0.12623441,0.99073726,0.05004537
1356782174878,-0.93326545,0.12131395,-0.33808059,-0.3412945,-0.006134033,0.9399364,0.111953616,0.9925952,0.04712844
1356782174918,-0.93813926,0.106448755,-0.32948968,-0.33205885,-0.0068737864,0.9432336,0.09814119,0.9942944,0.04179585
1356782174958,-0.9366885,0.09132995,-0.33804387,-0.34002358,-0.0065894127,0.94039387,0.08365862,0.9957989,0.037226498
1356782174998,-0.92698157,0.07680102,-0.3671605,-0.36899352,-0.010704458,0.92937034,0.06744635,0.99698895,0.03826183
1356782175038,-0.908017,0.06622383,-0.413666,-0.41599435,-0.025772274,0.90900195,0.049536467,0.9974719,0.050950408
1356782175078,-0.88419497,0.06501271,-0.46257183,-0.46606243,-0.056242287,0.8829624,0.031387717,0.99629825,0.08002907
1356782175118,-0.86460114,0.07534698,-0.49677736,-0.5022402,-0.100430965,0.8588762,0.014821887,0.9920869,0.124675035
1356782175158,-0.85150486,0.092652336,-0.5160961,-0.52434653,-0.14928132,0.83831733,6.285906E-4,0.98444444,0.17569554
1356782175198,-0.8376125,0.11073491,-0.53492355,-0.5461471,-0.19009906,0.8158344,-0.011347085,0.9755,0.21970683
1356782175238,-0.8144046,0.1266589,-0.5663062,-0.57993215,-0.2122674,0.7865248,-0.02058798,0.9689685,0.24632514
1356782175278,-0.7761984,0.13969436,-0.61481833,-0.62998843,-0.21068168,0.7474809,-0.025112063,0.96752197,0.2515366
1356782175318,-0.7193728,0.14882788,-0.67849314,-0.6942625,-0.18556654,0.69538814,-0.022412539,0.97129565,0.23681718
1356782175358,-0.6430607,0.15175426,-0.7506288,-0.76573735,-0.1413967,0.627418,-0.010923058,0.97825235,0.20713049
1356782175398,-0.5538151,0.14552006,-0.8198248,-0.8325907,-0.08609861,0.54715616,0.009036422,0.98560184,0.1688413
1356782175438,-0.47541058,0.12886772,-0.87027454,-0.87906265,-0.030093849,0.47575518,0.035119563,0.991205,0.12758976
1356782175478,-0.49565363,0.10742086,-0.86185163,-0.8662087,0.011210799,0.49955666,0.06332487,0.9941504,0.08749223
1356782175522,-0.9672274,0.09913186,-0.23376063,-0.23753825,-0.028023541,0.9709739,0.08970364,0.99467963,0.050652742
1356782175559,-0.7302705,0.06734282,0.6798308,0.67418563,-0.08971143,0.73309314,0.110357165,0.99368846,0.020112038
1356782175599,-0.6856011,0.08880988,0.72254,0.7171042,-0.08851367,0.6913226,0.12535092,0.9921079,-0.003000915
1356782175639,-0.7316662,0.112808704,0.67226386,0.66772556,-0.07980043,0.7401178,0.1371387,0.990407,-0.016937912
1356782175679,-0.77849084,0.12921283,0.6142118,0.6099665,-0.07494122,0.7888756,0.14796264,0.988781,-0.020474434
1356782175719,-0.81275064,0.13798958,0.5660347,0.56093466,-0.07721466,0.8242513,0.15744428,0.98741925,-0.014646888
1356782175759,-0.8367723,0.13987973,0.5293825,0.52283275,-0.0830946,0.8483756,0.16265936,0.9866757,-0.0036025047
1356782175817,-0.85430396,0.13508219,0.50191396,0.49441308,-0.08675867,0.8648865,0.16037615,0.9870287,0.0073317885
1356782175838,-0.8673461,0.124148265,0.481973,0.47470385,-0.08463949,0.87606645,0.14955606,0.9886472,0.014478087
1356782175878,-0.87601066,0.10893124,0.46982908,0.4638248,-0.07670593,0.8826,0.1321814,0.99108535,0.016670227
1356782175915,-0.87970895,0.0923581,0.46645692,0.46214676,-0.064881325,0.8844268,0.11194834,0.9936097,0.014393747
1356782175958,-0.8790551,0.076598465,0.47052604,0.4678769,-0.050602913,0.8823437,0.09139617,0.9957771,0.008644164
1356782175998,-0.8752528,0.062326163,0.4796332,0.4782882,-0.035932004,0.8774676,0.071923375,0.9974088,0.0016397238
1356782176037,-0.8717574,0.048141316,0.48756677,0.48701143,-0.02345699,0.87308055,0.05346811,0.998565,-0.0029965043
1356782176078,-0.8743758,0.031091169,0.48425204,0.48392904,-0.017689705,0.87492836,0.03576885,0.99935997,4.2164326E-4
1356782176118,-0.8915358,0.008723229,0.45286614,0.45254385,-0.025183022,0.8913865,0.019180283,0.99964476,0.018503904
1356782176158,-0.92710483,-0.016196102,0.37445217,0.37476978,-0.053215563,0.9255895,0.0049357414,0.99845177,0.055406153
1356782176198,-0.9685227,-0.032633223,0.24677658,0.24885291,-0.10308957,0.96303934,-0.005986981,0.99413663,0.10796553
1356782176238,-0.9951059,-0.030057687,0.094132446,0.09777774,-0.1618585,0.981958,-0.014279254,0.9863562,0.16400516
1356782176278,-0.99807316,-0.008824831,-0.061417326,-0.058211267,-0.20949882,0.97607464,-0.021480551,0.9777691,0.20858145
1356782176318,-0.97564167,0.024272986,-0.21802357,-0.21761766,-0.23248112,0.9479426,-0.027676955,0.972298,0.23210043
1356782176358,-0.92228687,0.06195277,-0.3815085,-0.38527596,-0.226048,0.89468694,-0.030810893,0.9721441,0.23234999
1356782176398,-0.8275366,0.096692175,-0.55302244,-0.56072164,-0.19118202,0.8056306,-0.027829766,0.9767805,0.2124275
1356782176438,-0.68174016,0.119564414,-0.721758,-0.7314111,-0.13346666,0.6687484,-0.016372114,0.9838145,0.17844039
1356782176478,-0.4872241,0.12177819,-0.8647443,-0.8732681,-0.06348252,0.4830867,0.0039332807,0.9905251,0.13727522
1356782176521,-0.26344007,0.09896916,-0.95958555,-0.9641405,0.0061203837,0.26532182,0.03213173,0.99507165,0.09380782
1356782176559,-0.07967931,0.05969417,-0.99503154,-0.9949043,0.05710262,0.083094895,0.0617792,0.9965821,0.054840088
1356782176599,0.01808837,0.02077341,-0.99962056,-0.9957442,0.09073636,-0.016132593,0.09036681,0.9956583,0.02232629
1356782176639,-0.08313084,0.0071338117,-0.9965131,-0.98986745,0.11492163,0.08339909,0.11511588,0.99334896,-0.0024920106
1356782176679,-0.47903925,0.048446894,-0.8764555,-0.8673135,0.12770498,0.4811016,0.13523561,0.99062824,-0.019156992
1356782176719,-0.85430163,0.11741269,-0.5063428,-0.49715275,0.09970313,0.8619156,0.15168379,0.9880656,-0.026804566
1356782176759,-0.9618986,0.15620609,-0.22438946,-0.21739994,0.060701787,0.9741933,0.16579577,0.9858574,-0.024429798
1356782176798,-0.9801809,0.17555343,-0.09179586,-0.088042006,0.029070139,0.9956925,0.17746574,0.9840406,-0.01303798
1356782176838,-0.9820777,0.18436547,-0.039148554,-0.039088234,0.003963053,0.9992279,0.18437827,0.9828497,0.0033145547
1356782176878,-0.9824415,0.18374112,-0.032370828,-0.03538152,-0.01312983,0.99928766,0.18318519,0.98288697,0.019400418
1356782176918,-0.98322,0.17388508,-0.055157296,-0.059794348,-0.021538436,0.9979783,0.17234555,0.9845303,0.031574428
1356782176958,-0.98290783,0.15695179,-0.09622114,-0.10107908,-0.02325058,0.99460673,0.15386808,0.9873326,0.038717687
1356782176998,-0.97947174,0.13662,-0.14822268,-0.15240599,-0.020627618,0.9881026,0.13193712,0.9904087,0.041025937
1356782177038,-0.9709194,0.116068125,-0.20938888,-0.2124772,-0.014766276,0.9770544,0.11031297,0.99313146,0.038998783
1356782177078,-0.95403373,0.09648641,-0.28374326,-0.28568262,-0.0066252947,0.9583014,0.09058319,0.99531233,0.03388512
1356782177118,-0.9224791,0.07783647,-0.37811863,-0.37923843,4.2629242E-4,0.92529887,0.07218318,0.99696606,0.029125392
1356782177158,-0.86716086,0.06192808,-0.49416295,-0.49514174,-5.3042173E-4,0.868812,0.05354175,0.99808043,0.031123161
1356782177198,-0.7845772,0.05561173,-0.617532,-0.6191264,-0.016484141,0.7851183,0.033482283,0.99831635,0.047363818
1356782177238,-0.68847215,0.06769997,-0.7220962,-0.72515833,-0.047357082,0.68695176,0.012310237,0.9965812,0.081697226
1356782177278,-0.5983406,0.09915149,-0.7950833,-0.80120087,-0.084077,0.59245944,-0.00810501,0.99151397,0.12974697
1356782177318,-0.5164397,0.14077964,-0.8446723,-0.85593724,-0.114494026,0.5042447,-0.025722533,0.9833983,0.17962772
1356782177358,-0.43035972,0.18056554,-0.8844131,-0.90180105,-0.1286754,0.41254988,-0.03930995,0.9751096,0.218211
1356782177398,-0.32954526,0.20909551,-0.9206948,-0.9429338,-0.12216365,0.3097612,-0.04770574,0.97023463,0.2374216
1356782177438,-0.21237284,0.22006902,-0.95208585,-0.9759586,-0.09663975,0.19536021,-0.049016595,0.9706856,0.23530191
1356782177478,-0.08651966,0.21052667,-0.9737519,-0.9953908,-0.058853686,0.075718105,-0.041368246,0.9758149,0.2146484
1356782177523,0.037598014,0.18026733,-0.98289883,-0.99902534,-0.015980542,-0.041145712,-0.023124486,0.98348784,0.17949083
1356782177559,0.13359782,0.13875774,-0.98127365,-0.9910344,0.020319372,-0.1320535,0.0016154349,0.9901179,0.14022824
1356782177599,0.2007294,0.09230161,-0.97528875,-0.97914183,0.050861567,-0.19670883,0.031448156,0.99443126,0.10058576
1356782177639,0.22753587,0.048715174,-0.9725504,-0.97176474,0.075417966,-0.22357437,0.06245637,0.9959613,0.064499915
1356782177679,0.20968184,0.014544874,-0.9776615,-0.97351074,0.09632924,-0.20735845,0.0911614,0.9952432,0.034358084
1356782177719,0.1432131,-0.005132079,-0.98967856,-0.9828934,0.11627084,-0.14283416,0.11580378,0.99320424,0.011607289
1356782177759,0.024028778,-0.005658984,-0.99969524,-0.99034864,0.13640195,-0.024576217,0.13649946,0.9906374,-0.0023267865
1356782177798,-0.1452837,0.016584069,-0.989251,-0.9773078,0.15337521,0.14610091,0.15414953,0.9880289,-0.0060752034
1356782177838,-0.34084463,0.05847478,-0.93829936,-0.92479396,0.15862483,0.34582418,0.16905957,0.9856059,1.0669231E-5
1356782177878,-0.51564187,0.10479915,-0.8503709,-0.83771646,0.14666218,0.5260431,0.17984608,0.9836195,0.012166858
1356782177918,-0.6351703,0.13731542,-0.76006806,-0.75036037,0.12355465,0.64937943,0.18307981,0.98279136,0.02455771
1356782177958,-0.6997418,0.14812976,-0.6988698,-0.6925108,0.09963775,0.71449363,0.17547163,0.98393595,0.032860696
1356782177998,-0.7257632,0.1405305,-0.6734382,-0.66967547,0.07978004,0.73835623,0.15748852,0.9868568,0.03620833
1356782178038,-0.72644556,0.12202221,-0.67630434,-0.67417413,0.06433529,0.7357651,0.13328993,0.99044013,0.035528123
1356782178078,-0.70781916,0.09928042,-0.6993822,-0.69808644,0.053082645,0.7140431,0.10801557,0.9936426,0.031733394
1356782178118,-0.67034566,0.07611582,-0.73813474,-0.7371876,0.04536444,0.67416346,0.08479956,0.99606645,0.02570182
1356782178158,-0.6119617,0.05494663,-0.7889763,-0.788272,0.038684428,0.6141096,0.06426433,0.9977396,0.019639552
1356782178198,-0.5334632,0.039736748,-0.8448894,-0.844611,0.028436005,0.5346248,0.04526952,0.9988055,0.018392563
1356782178238,-0.44444436,0.037950814,-0.89500225,-0.89541733,0.010627091,0.44510102,0.026403278,0.9992231,0.029258609
