1356781427361,-0.7724453,0.49901196,-0.3928298,0.6293442,0.5185087,-0.5788562,-0.08517051,-0.69436,-0.7145699
1356781427401,-0.8676295,-0.30052286,0.39611232,-0.4898234,0.6534412,-0.5771374,-0.085393116,-0.6947666,-0.71414804
1356781427439,-0.8662485,-0.2992051,0.40011233,-0.49190763,0.65088284,-0.5782546,-0.08740957,-0.6977304,-0.7110076
1356781427479,-0.8609472,-0.29447323,0.4147957,-0.49969482,0.64227,-0.5812007,-0.09526278,-0.70765436,-0.70010734
1356781427520,-0.84728545,-0.28349757,0.44915083,-0.5187699,0.6231386,-0.5852999,-0.11395213,-0.72892207,-0.6750463
1356781427560,-0.8188156,-0.26369327,0.50990874,-0.55513304,0.58991206,-0.58637106,-0.14617921,-0.76319695,-0.6294141
1356781427599,-0.77074206,-0.23581517,0.5919019,-0.6091922,0.54490054,-0.57616687,-0.18665875,-0.80465806,-0.56363446
1356781427639,-0.6960573,-0.19776583,0.69021225,-0.6801162,0.48969626,-0.5455635,-0.23010051,-0.849168,-0.4753604
1356781427681,-0.5941643,-0.15086943,0.79006785,-0.7585733,0.43172377,-0.48803806,-0.267461,-0.88929915,-0.37096035
1356781427719,-0.47411293,-0.09762254,0.8750353,-0.83068967,0.3790158,-0.40780103,-0.29184163,-0.9202266,-0.2607903
1356781427759,-0.35338944,-0.04201451,0.9345323,-0.88560617,0.33684617,-0.31974435,-0.30135974,-0.94062185,-0.15624619
1356781427800,-0.25034216,0.012080133,0.9680821,-0.920959,0.30542776,-0.24196762,-0.29860213,-0.9521386,-0.06533611
1356781427840,-0.17737886,0.06203121,0.9821857,-0.9412517,0.28072742,-0.1877161,-0.28737068,-0.95778084,0.00859189
1356781427879,-0.14101401,0.106256396,0.9842889,-0.95210874,0.2579005,-0.16424474,-0.2713006,-0.9603108,0.06480008
1356781427919,-0.1413669,0.14311764,0.9795574,-0.95736194,0.23205721,-0.1720683,-0.2519394,-0.9621158,0.1042102
1356781427959,-0.17847973,0.17155147,0.9688732,-0.95657957,0.20035642,-0.2116907,-0.23043591,-0.96458673,0.12834299
1356781427999,-0.24828595,0.19032991,0.94980454,-0.9460548,0.1630655,-0.27998212,-0.20816934,-0.9680828,0.1395756
1356781428039,-0.3408361,0.19958127,0.91869366,-0.9212029,0.12416077,-0.36874026,-0.18765935,-0.97198325,0.1415363
1356781428079,-0.43957114,0.20226318,0.87513816,-0.88144857,0.09019649,-0.46358708,-0.172701,-0.9751688,0.13863683
1356781428120,-0.5268891,0.2039234,0.82510793,-0.8332918,0.06722844,-0.54873043,-0.1673697,-0.9766758,0.13450575
1356781428159,-0.5921348,0.20988303,0.77802676,-0.78678274,0.058148146,-0.6144849,-0.17421079,-0.9759959,0.13070077
1356781428199,-0.6339988,0.2220068,0.74078226,-0.7489432,0.062413633,-0.65968823,-0.19269016,-0.97304547,0.12670028
1356781428238,-0.6563361,0.23841737,0.7158073,-0.72184324,0.077543914,-0.6876985,-0.21946576,-0.96806204,0.12120509
1356781428297,-0.6633976,0.2558242,0.7031769,-0.7051869,0.10051131,-0.7018611,-0.2502303,-0.961484,0.11372489
1356781428318,-0.6582204,0.27108675,0.7023232,-0.69818723,0.12910676,-0.70417756,-0.2815679,-0.9538571,0.10428858
1356781428359,-0.64336133,0.28068888,0.71225,-0.69937354,0.16292936,-0.6959387,-0.31138873,-0.94586885,0.09148389
1356781428415,-0.6281834,0.27550882,0.7276541,-0.69804,0.21355104,-0.6834735,-0.3436943,-0.93727845,0.05816692
1356781428458,-0.5955998,0.24779296,0.7641069,-0.7131405,0.27470285,-0.64495647,-0.36971802,-0.92905164,0.0130982995
1356781428498,-0.57685786,0.20043203,0.7918724,-0.7195294,0.3342142,-0.6087514,-0.38666832,-0.9209385,-0.04857737
1356781428538,-0.57007015,0.13737345,0.81003,-0.72146916,0.38798356,-0.5735426,-0.39306784,-0.9113711,-0.122067094
1356781428578,-0.5659679,0.069392145,0.8215017,-0.7256401,0.43103585,-0.5363344,-0.3913141,-0.8996626,-0.19359875
1356781428618,-0.55346644,0.008202851,0.832831,-0.73776406,0.4592011,-0.49481156,-0.38649583,-0.88829446,-0.24810064
1356781428658,-0.52600634,-0.039334327,0.8495706,-0.7599311,0.47025776,-0.44873416,-0.3818665,-0.8816521,-0.27724993
1356781428698,-0.48243287,-0.071101785,0.87304246,-0.790794,0.46399137,-0.3991953,-0.37670067,-0.88298166,-0.2800715
1356781428738,-0.42454314,-0.08686876,0.9012308,-0.82720417,0.44189417,-0.34707764,-0.36809847,-0.89285135,-0.25946128
1356781428778,-0.35614628,-0.086841375,0.93038607,-0.8648548,0.40763903,-0.2930127,-0.353816,-0.90900433,-0.22028428
1356781428818,-0.2835229,-0.07162127,0.9562872,-0.8988384,0.3673975,-0.23897403,-0.3342219,-0.9273023,-0.16854155
1356781428858,-0.21676126,-0.04276681,0.97528744,-0.92496246,0.32847765,-0.19117242,-0.31218433,-0.943543,-0.11075896
1356781428898,-0.17030987,-0.0029744208,0.98538613,-0.94151235,0.29557404,-0.16183472,-0.29077318,-0.95531523,-0.053139627
1356781428938,-0.16180593,0.044531375,0.9858173,-0.94888556,0.2673068,-0.16781896,-0.2709889,-0.96258193,-9.966493E-4
1356781428978,-0.2080108,0.096258074,0.97337866,-0.9451798,0.23632658,-0.22535521,-0.2517275,-0.9668941,0.041822672
1356781429018,-0.31904638,0.1471971,0.9362385,-0.9188918,0.19383079,-0.34360945,-0.23205021,-0.9699292,0.07341713
1356781429058,-0.48290157,0.18876779,0.85508645,-0.8493546,0.1366412,-0.5098294,-0.21307936,-0.972469,0.09434658
1356781429098,-0.6543515,0.21314028,0.725531,-0.7297423,0.07354522,-0.67975515,-0.19824252,-0.97424954,0.10741317
1356781429138,-0.78373003,0.22330146,0.5795722,-0.5907561,0.020104885,-0.80659974,-0.19176717,-0.97454214,0.1161598
1356781429202,-0.859755,0.23118885,0.4553823,-0.4713642,-0.016024888,-0.881793,-0.19656326,-0.9727769,0.12275159
1356781429219,-0.8985284,0.24470729,0.3643693,-0.3841266,-0.03678143,-0.9225474,-0.21235207,-0.9688991,0.12704784
1356781429259,-0.91649073,0.26435274,0.30027065,-0.32302207,-0.046195388,-0.9452633,-0.23601183,-0.9633191,0.12772936
1356781429299,-0.9235739,0.28714752,0.25408196,-0.27872145,-0.047739625,-0.95918477,-0.26329774,-0.95669603,0.12412518
1356781429339,-0.9250526,0.30985385,0.21970072,-0.24475408,-0.043925643,-0.96858966,-0.29047075,-0.949769,0.11647147
1356781429379,-0.9236989,0.33022398,0.19424868,-0.21749528,-0.034584343,-0.9754485,-0.3153985,-0.9432688,0.103767574
1356781429419,-0.92132044,0.34662694,0.17612067,-0.19352299,-0.015948832,-0.9809661,-0.33722034,-0.9378675,0.081774175
1356781429459,-0.9195949,0.35750324,0.16290016,-0.16795619,0.017091632,-0.98564625,-0.35515594,-0.9337554,0.044327617
1356781429499,-0.9199007,0.3618322,0.15119535,-0.13611308,0.066978514,-0.98842657,-0.3677714,-0.929834,-0.012363434
1356781429539,-0.92244184,0.3602904,0.13889539,-0.097746536,0.13011265,-0.9866693,-0.37355953,-0.92372155,-0.08480418
1356781429579,-0.92598355,0.35536528,0.12755382,-0.059498027,0.19627178,-0.9787428,-0.37284642,-0.9138889,-0.1606009
1356781429620,-0.9289859,0.34965348,0.12135803,-0.03165166,0.25163805,-0.9673037,-0.3687594,-0.90245265,-0.22270113
1356781429659,-0.9310118,0.34419984,0.121422395,-0.019408375,0.28551656,-0.95817715,-0.36447257,-0.89443094,-0.25913888
1356781429699,-0.9326438,0.33912784,0.12315797,-0.019463256,0.2935617,-0.95574194,-0.36027318,-0.89376384,-0.26718795
1356781429739,-0.93492925,0.33481705,0.11749379,-0.021994606,0.27580345,-0.96096236,-0.3541518,-0.90101606,-0.25049257
1356781429779,-0.93894434,0.33172867,0.09132153,-0.0120687485,0.23349929,-0.97228205,-0.34385735,-0.9140209,-0.21523929
1356781429820,-0.9440548,0.32866558,0.027192518,0.029990911,0.16767263,-0.9853864,-0.32842207,-0.92944324,-0.16814905
1356781429859,-0.94291353,0.31970888,-0.09327534,0.12497872,0.08007932,-0.9889225,-0.30869788,-0.9441258,-0.11546469
1356781429899,-0.91671294,0.29300216,-0.27163795,0.27803144,-0.020455897,-0.96035415,-0.28694245,-0.955893,-0.0627116
1356781429939,-0.8518177,0.24161406,-0.46478954,0.45154363,-0.11111474,-0.8853033,-0.26554665,-0.9639898,-0.014449835
1356781429979,-0.7717609,0.17927241,-0.6101202,0.586533,-0.17001414,-0.7918802,-0.24569131,-0.9689978,0.026060998
1356781430019,-0.71360743,0.126293,-0.68906784,0.6627671,-0.1969369,-0.7224649,-0.22694519,-0.97224784,0.05683285
1356781430058,-0.6872517,0.089674145,-0.7208631,0.695858,-0.20354098,-0.6887327,-0.20848674,-0.9749511,0.077483475
1356781430098,-0.6830033,0.066767246,-0.72735727,0.70498407,-0.20022273,-0.68037367,-0.19106013,-0.9774728,0.08968294
1356781430138,-0.690214,0.05418521,-0.7215737,0.7014039,-0.19501966,-0.68556535,-0.17786857,-0.97930145,0.09659958
1356781430202,-0.70341283,0.051323652,-0.70892614,0.68938625,-0.19360942,-0.6980415,-0.1730808,-0.9797353,0.10080552
1356781430220,-0.7195815,0.05854392,-0.6919358,0.67101836,-0.19781506,-0.7145653,-0.17870876,-0.9784895,0.10306001
1356781430259,-0.73534846,0.07455659,-0.6735754,0.6495722,-0.20578307,-0.7319216,-0.19318,-0.97575337,0.10289246
1356781430299,-0.7464789,0.09538978,-0.6585363,0.63052917,-0.21481264,-0.7458475,-0.21260816,-0.97198576,0.10020709
1356781430339,-0.7490262,0.11588675,-0.65232664,0.6200653,-0.22424507,-0.75181997,-0.233407,-0.967618,0.09610808
1356781430379,-0.7409491,0.13313718,-0.65823156,0.62164456,-0.23484534,-0.7472654,-0.25407147,-0.96287173,0.09124458
1356781430419,-0.72315603,0.1490757,-0.6744046,0.63361096,-0.2454747,-0.7336751,-0.27492243,-0.9578718,0.08306056
1356781430458,-0.7015791,0.1708576,-0.6918052,0.6479018,-0.25122786,-0.71910214,-0.29666477,-0.95272887,0.06555724
1356781430498,-0.68935406,0.20821787,-0.693856,0.6505218,-0.24353522,-0.719383,-0.3187668,-0.94727814,0.03243178
1356781430538,-0.70378244,0.26688784,-0.65837765,0.6242981,-0.2099269,-0.75245106,-0.33903125,-0.94058573,-0.018874705
1356781430578,-0.7483514,0.336375,-0.5716836,0.56019205,-0.14100313,-0.81627387,-0.3551833,-0.93111223,-0.08291477
1356781430618,-0.80237395,0.39177215,-0.45023403,0.47062016,-0.04860252,-0.8809963,-0.36703232,-0.91877764,-0.14537847
1356781430658,-0.8471556,0.41991195,-0.32557857,0.37544122,0.039459348,-0.9260059,-0.37599385,-0.90670663,-0.19108045
1356781430698,-0.8802756,0.42455477,-0.21182086,0.28055942,0.10574317,-0.9539941,-0.38262415,-0.8992061,-0.21219599
1356781430738,-0.9080271,0.40990338,-0.086406544,0.16329679,0.15640068,-0.9741012,-0.3857733,-0.8986201,-0.20895201
1356781430778,0.8848374,-0.41752517,0.2067255,-0.26467073,-0.08530912,0.96055806,-0.3834216,-0.9046519,-0.18599138
1356781430818,0.9228519,-0.38309103,0.03981778,-0.09369911,-0.1230298,0.98796964,-0.37358359,-0.9154806,-0.14943358
1356781430858,0.9348258,-0.3527516,-0.040829897,8.1576407E-4,-0.11284566,0.9936121,-0.35510576,-0.92888755,-0.10520327
1356781430898,0.9405327,-0.32105726,-0.110998005,0.08567363,-0.09200385,0.9920662,-0.3287223,-0.9425803,-0.05902648
1356781430938,0.9406037,-0.28965497,-0.17710093,0.16452503,-0.06741214,0.9840666,-0.29697853,-0.95475423,-0.015752614
1356781430978,0.93459904,-0.2603331,-0.24238671,0.23927629,-0.044080913,0.9699505,-0.26319477,-0.96451217,0.021093547
1356781431018,0.9212305,-0.23427224,-0.31056544,0.31335896,-0.026190579,0.9492736,-0.2305223,-0.9718182,0.049283743
1356781431058,0.8978653,-0.21196166,-0.38588881,0.39150158,-0.01657319,0.9200282,-0.20140612,-0.97713745,0.06810284
1356781431098,0.8610507,-0.19389953,-0.47010064,0.4764083,-0.015710056,0.8790838,-0.17783922,-0.9808956,0.07884818
1356781431138,0.81068486,-0.18161935,-0.5566008,0.5626084,-0.021481618,0.8264444,-0.16205496,-0.98313427,0.08476573
1356781431199,0.7584311,-0.17771094,-0.62705743,0.632661,-0.030424103,0.773831,-0.15659592,-0.9836123,0.089356214
1356781431219,0.7322427,-0.18413876,-0.6556779,0.66133267,-0.03769806,0.7491448,-0.1626644,-0.982177,0.09417286
1356781431259,0.77666277,-0.2019647,-0.5966617,0.6039611,-0.030345455,0.7964359,-0.17895792,-0.97892255,0.098410666
1356781431303,0.9286145,-0.22444984,-0.2954613,0.31028697,0.033099264,0.95006645,-0.20346275,-0.9739233,0.10038033
1356781431338,0.94090176,-0.19419082,0.27747756,-0.24925844,0.1576218,0.9555236,-0.22929043,-0.9682175,0.09990293
1356781431385,0.75938684,-0.14287077,0.6347594,-0.5967785,0.23571497,0.7670031,-0.25920463,-0.9612629,0.09373665
1356781431415,0.6955257,-0.14635119,0.7034382,-0.6591494,0.25966603,0.7057589,-0.28594768,-0.9545443,0.0841371
1356781431458,0.6463491,-0.16316935,0.7453916,-0.6970154,0.27123937,0.66377616,-0.31048748,-0.9485805,0.061583757
1356781431498,0.61089504,-0.19722906,0.7667516,-0.7189275,0.26742613,0.6415813,-0.33158785,-0.9431776,0.021575898
1356781431538,0.5748342,-0.24379402,0.78110826,-0.7410045,0.249829,0.6232959,-0.3470993,-0.9370966,-0.0370422
1356781431578,0.5472658,-0.29848754,0.7819241,-0.75753534,0.22057813,0.61439854,-0.3558657,-0.9285745,-0.105399966
1356781431618,0.54606366,-0.3521381,0.7601403,-0.75654405,0.18241611,0.62798524,-0.35979939,-0.9179995,-0.16679719
1356781431658,0.57949173,-0.3935434,0.7136617,-0.7299987,0.13867912,0.66923094,-0.3623414,-0.9087858,-0.2069228
1356781431698,0.6357218,-0.41556832,0.65050805,-0.68002236,0.097277015,0.7267095,-0.36527693,-0.90434515,-0.22075465
1356781431738,0.6968202,-0.4181921,0.5827152,-0.61576957,0.06779903,0.78500396,-0.36778998,-0.90582496,-0.21026623
1356781431778,0.752325,-0.4054792,0.51922417,-0.54706943,0.054593623,0.83530504,-0.36704516,-0.91247255,-0.18075313
1356781431818,0.799518,-0.38152885,0.46390387,-0.48112267,0.055563033,0.87489074,-0.35957196,-0.92268556,-0.13913853
1356781431858,0.8385319,-0.3495134,0.41797683,-0.42297858,0.06597489,0.90373474,-0.34344336,-0.93460566,-0.092514634
1356781431898,0.86981213,-0.3122148,0.38203242,-0.3760659,0.08168605,0.9229853,-0.31937638,-0.94649315,-0.04636182
1356781431938,0.89349735,-0.27246538,0.35696638,-0.34278128,0.09972176,0.93410736,-0.29010922,-0.95698386,-0.004294902
1356781431978,0.9099596,-0.23263466,0.3432996,-0.32414985,0.11732113,0.9387026,-0.25865105,-0.96546197,0.031348996
1356781432018,0.9194966,-0.19451118,0.34160125,-0.32057387,0.13189048,0.9379964,-0.22750475,-0.97199297,0.05891764
1356781432058,0.92209655,-0.15937383,0.35261583,-0.33206534,0.14194953,0.93251425,-0.198672,-0.97695965,0.07796866
1356781432098,0.9167171,-0.12841511,0.37833753,-0.35942945,0.14844882,0.92128897,-0.17447117,-0.9805471,0.0899294
1356781432138,0.9006318,-0.10302767,0.42219397,-0.40477708,0.15471277,0.90123224,-0.15817067,-0.9825728,0.097635984
1356781432203,0.8688574,-0.084479704,0.48780125,-0.47060293,0.16494638,0.8667905,-0.15368725,-0.982678,0.10355848
1356781432219,0.8162013,-0.072680295,0.57317793,-0.5542351,0.18175477,0.81227386,-0.16321418,-0.98065436,0.108066514
1356781432259,0.74321455,-0.06628227,0.6657619,-0.6429012,0.20474103,0.738078,-0.18523027,-0.9765694,0.10955356
1356781432299,0.661189,-0.06421816,0.7474658,-0.71881616,0.23101678,0.655694,-0.21478462,-0.9708282,0.10658471
1356781432340,0.58864725,-0.066776216,0.80562735,-0.7700136,0.2570964,0.5839354,-0.24611688,-0.9640759,0.09992048
1356781432379,0.5398075,-0.07517117,0.83842546,-0.7955396,0.28003854,0.5373037,-0.27518123,-0.95704114,0.09136522
1356781432419,0.5156505,-0.091258734,0.851925,-0.80234826,0.2973768,0.517498,-0.3005689,-0.9503888,0.08012125
1356781432459,0.5052856,-0.1175192,0.85491264,-0.80031174,0.30674174,0.5151802,-0.32278094,-0.9445098,0.060940236
1356781432499,0.49519566,-0.15635541,0.8545959,-0.79851747,0.30562362,0.5186173,-0.34227324,-0.93922687,0.026490986
1356781432539,0.47655356,-0.20819387,0.85413826,-0.8029182,0.2926461,0.51930785,-0.35807696,-0.93328106,-0.02770111
1356781432578,0.4503127,-0.2688467,0.8514341,-0.8132333,0.27017584,0.5154189,-0.3686056,-0.9245142,-0.09697148
1356781432618,0.42835927,-0.32842386,0.8418112,-0.82262397,0.24374539,0.5136906,-0.37389585,-0.9125382,-0.16575876
1356781432658,0.42699504,-0.37547112,0.82261574,-0.822451,0.216842,0.5258839,-0.37583184,-0.901111,-0.21621615
1356781432698,0.45462638,-0.40278888,0.7944029,-0.80758905,0.1897543,0.5583844,-0.37565237,-0.89540744,-0.23902059
1356781432738,0.5084311,-0.40830985,0.75814307,-0.776317,0.16361707,0.6087375,-0.37259868,-0.8980604,-0.23378989
1356781432778,0.5780034,-0.39364752,0.71481025,-0.7298418,0.14245522,0.6686085,-0.36502448,-0.90815645,-0.20496082
1356781432818,0.65013134,-0.36344832,0.66725904,-0.67329174,0.13143569,0.7276007,-0.35214692,-0.92229605,-0.15925631
1356781432858,0.7131284,-0.3245505,0.62138146,-0.61584795,0.13345206,0.77648044,-0.3349318,-0.93640673,-0.104705304
1356781432898,0.76109475,-0.28303495,0.5836317,-0.5669049,0.14698666,0.81056386,-0.31520396,-0.9477796,-0.048583135
1356781432938,0.7928965,-0.242606,0.558979,-0.5333492,0.16735297,0.8291753,-0.29470968,-0.9555811,0.003299877
1356781432978,0.8100337,-0.20463766,0.54951686,-0.51813203,0.18900767,0.8341555,-0.27456254,-0.9604164,0.04707326
1356781433018,0.81424206,-0.16920519,0.5553192,-0.5214872,0.20711017,0.82774174,-0.25507048,-0.96357405,0.08039947
1356781433058,0.8070106,-0.13588436,0.57469064,-0.54151106,0.21794719,0.8119512,-0.23558371,-0.96645457,0.10230279
1356781433098,0.7889262,-0.10455194,0.6055282,-0.5755328,0.21955478,0.7877549,-0.2153079,-0.9699818,0.11303945
1356781433138,0.7584047,-0.07589474,0.64735025,-0.6218549,0.21325552,0.7535374,-0.1952405,-0.9740442,0.114538476
1356781433201,0.7114935,-0.051237136,0.70082223,-0.67954695,0.2036955,0.70478654,-0.17886558,-0.9776927,0.11010997
1356781433219,0.6431437,-0.031446874,0.7650995,-0.7464696,0.19702606,0.6355815,-0.17073157,-0.9798938,0.103241935
1356781433259,0.55300814,-0.016419113,0.833014,-0.8148957,0.19762541,0.5448753,-0.17357111,-0.98014003,0.09590861
1356781433299,0.45209754,-0.0052915215,0.8919529,-0.8722715,0.20636587,0.44334605,-0.1864146,-0.97846067,0.08868185
1356781433339,0.36140203,0.0023529232,0.93240714,-0.90945196,0.22142996,0.35194588,-0.20563474,-0.9751735,0.08216515
1356781433379,0.29955268,0.0061390996,0.95405996,-0.9265576,0.2403233,0.28937113,-0.22750637,-0.97067344,0.07767776
1356781433418,0.2710142,0.0048882365,0.96256304,-0.92950404,0.26119852,0.26037988,-0.25014725,-0.9652728,0.075332135
1356781433458,0.26546144,-0.0035849214,0.96411484,-0.9244847,0.28283572,0.25560126,-0.27360243,-0.95916164,0.07176778
1356781433498,0.2656536,-0.022129506,0.9638145,-0.9165356,0.30424678,0.25960785,-0.29898247,-0.95233613,0.06054178
1356781433538,0.2575432,-0.053614885,0.9647782,-0.9094479,0.32388633,0.26077217,-0.32645977,-0.9445756,0.034654796
1356781433578,0.23521803,-0.09914124,0.96687305,-0.90528667,0.33970076,0.2550677,-0.35373518,-0.9352938,-0.009847462
1356781433618,0.20415401,-0.15534896,0.966534,-0.9035769,0.34998083,0.24710777,-0.37665632,-0.9237858,-0.06891978
1356781433658,0.1797666,-0.21312824,0.96034384,-0.90218675,0.35340643,0.24731135,-0.39210072,-0.9108678,-0.12875086
1356781433698,0.17736602,-0.26144075,0.94878346,-0.89925706,0.34863722,0.26417583,-0.39984757,-0.90005606,-0.17326605
1356781433738,0.20202275,-0.2925412,0.93466914,-0.89335495,0.33607394,0.29828042,-0.4013773,-0.89525074,-0.19344854
1356781433778,0.24886447,-0.30309865,0.91989005,-0.8830434,0.31915498,0.34405586,-0.3978704,-0.8979261,-0.18822294
1356781433818,0.30752462,-0.29348508,0.9051492,-0.8682523,0.3026473,0.39311904,-0.38931552,-0.9067916,-0.16174757
1356781433858,0.36653948,-0.26683998,0.8913166,-0.85166144,0.28947562,0.43689442,-0.37459534,-0.91923904,-0.12115306
1356781433898,0.41649422,-0.22763604,0.88017863,-0.8379105,0.27954015,0.46878922,-0.3527586,-0.9327589,-0.07431176
1356781433938,0.45148313,-0.1802611,0.8738816,-0.83121276,0.27112097,0.48536462,-0.32442,-0.94551545,-0.027428806
1356781433978,0.46685505,-0.1289148,0.8748871,-0.8345885,0.26290464,0.48409015,-0.29241827,-0.9561706,0.015147567
1356781434018,0.4580068,-0.07750553,0.8855635,-0.8498231,0.25411773,0.4617628,-0.26082656,-0.9640628,0.050521642
1356781434058,0.4213218,-0.028897405,0.9064507,-0.8765561,0.24345104,0.4151878,-0.23267418,-0.96948254,0.07724106
1356781434098,0.3548157,0.015166253,0.93481326,-0.91135323,0.22876742,0.34219977,-0.20866492,-0.9733629,0.0949921
1356781434138,0.25896767,0.053157866,0.9644221,-0.94735295,0.20863757,0.24288443,-0.18830356,-0.97654736,0.10438961
1356781434200,0.1389522,0.083548725,0.9867685,-0.97519404,0.18491644,0.12166563,-0.17230466,-0.9791964,0.10717079
1356781434219,0.007947832,0.10592967,0.99434185,-0.9865282,0.16331425,-0.009512901,-0.16339791,-0.9808707,0.10580063
1356781434259,-0.11473781,0.12181282,0.9858991,-0.9796895,0.15041882,-0.13260016,-0.1644502,-0.9810891,0.10207999
1356781434299,-0.2137357,0.13356087,0.96771824,-0.9609829,0.14930105,-0.23285407,-0.17558154,-0.97972995,0.096438766
1356781434356,-0.28350568,0.14221722,0.94836634,-0.9392721,0.15823406,-0.30451587,-0.19337124,-0.9771061,0.08872038
1356781434378,-0.32439107,0.1476087,0.9343351,-0.9216178,0.1731528,-0.34733087,-0.21305189,-0.9737709,0.07986957
1356781434418,-0.3374387,0.14917046,0.92945325,-0.9124436,0.19096267,-0.36191145,-0.23147741,-0.9701966,0.071671486
1356781434455,-0.32525843,0.14528877,0.93439716,-0.9123786,0.21149397,-0.35047895,-0.24853998,-0.96652025,0.06376821
1356781434498,-0.29463726,0.13250819,0.9463775,-0.917763,0.23671043,-0.31887195,-0.26627052,-0.96250176,0.051867425
1356781434538,-0.25587934,0.10613522,0.9608647,-0.92336,0.26747167,-0.27543625,-0.28623754,-0.9577025,0.029560626
1356781434578,-0.22408614,0.062589854,0.9725574,-0.92477834,0.30124,-0.23246396,-0.30752304,-0.95149195,-0.009621978
1356781434618,-0.20631126,0.0019080937,0.9784845,-0.92261696,0.33268985,-0.19518048,-0.32590434,-0.94303435,-0.066877246
1356781434658,-0.19538644,-0.069034874,0.97829366,-0.92078036,0.35631475,-0.15875584,-0.33762076,-0.9318122,-0.13318503
1356781434698,-0.17321178,-0.13876632,0.97505975,-0.92314315,0.3678926,-0.11163235,-0.3432264,-0.91945577,-0.1918245
1356781434738,-0.12477577,-0.19715226,0.97240007,-0.9299294,0.36493278,-0.045336634,-0.34592244,-0.90992033,-0.22887242
1356781434778,-0.046889678,-0.23837501,0.97004056,-0.9364864,0.34837598,0.04034117,-0.34755516,-0.90653825,-0.2395702
1356781434818,0.052752107,-0.26009527,0.9641409,-0.93623114,0.32299832,0.13835996,-0.34740266,-0.90995747,-0.22647041
1356781434858,0.16142945,-0.2623662,0.9513699,-0.9252645,0.29506654,0.23837253,-0.3432583,-0.918749,-0.1951257
1356781434898,0.2671582,-0.24715173,0.9314196,-0.9041953,0.2699635,0.33098415,-0.33325258,-0.9306104,-0.15135044
1356781434938,0.36076134,-0.21815223,0.906786,-0.87698954,0.2515269,0.40941864,-0.3173967,-0.9429442,-0.10057604
1356781434978,0.43596515,-0.18035099,0.8817074,-0.849332,0.24152753,0.46936077,-0.2976063,-0.9534872,-0.047880292
1356781435018,0.48881313,-0.13906482,0.86123335,-0.82739043,0.23906294,0.5082068,-0.27656272,-0.9609943,0.001796186
1356781435058,0.5179521,-0.09852183,0.849717,-0.8161863,0.24042746,0.5253899,-0.2560577,-0.96565425,0.04411775
1356781435098,0.5234807,-0.061142683,0.8498409,-0.81855124,0.24078894,0.5215309,-0.23652008,-0.9686497,0.075999945
1356781435138,0.50599366,-0.027785808,0.8620896,-0.8345051,0.2369678,0.49744096,-0.21810931,-0.9711201,0.09671682
1356781435199,0.46546477,0.0015345216,0.8850651,-0.8616164,0.22945206,0.452735,-0.20238528,-0.97331876,0.10812399
1356781435220,0.40249705,0.027163655,0.9150182,-0.89497805,0.22173975,0.38709918,-0.1923809,-0.9747275,0.11356044
1356781435259,0.32088602,0.049618393,0.94581723,-0.9276483,0.21790707,0.30329025,-0.19105151,-0.97470737,0.11595178
1356781435299,0.22875357,0.06948736,0.97100115,-0.9528444,0.22028852,0.20871171,-0.19939753,-0.97295654,0.11660245
1356781435339,0.1374853,0.086544335,0.9867157,-0.96673566,0.22864452,0.11464703,-0.2156851,-0.9696555,0.11510071
1356781435379,0.058370054,0.099695385,0.99330443,-0.96995336,0.2410695,0.032802314,-0.23618513,-0.96537364,0.11077118
1356781435419,3.97861E-5,0.10742229,0.99421346,-0.9663755,0.25565103,-0.027583748,-0.25713477,-0.9607825,0.1038205
1356781435459,-0.033880234,0.10753676,0.9936237,-0.96051574,0.27120596,-0.062103063,-0.27615505,-0.9564953,0.094102204
1356781435499,-0.04806459,0.09640759,0.9941808,-0.9549268,0.28745908,-0.07404223,-0.29292452,-0.95292866,0.07824558
1356781435538,-0.055119842,0.06944373,0.996062,-0.9496826,0.3044013,-0.07377568,-0.30832583,-0.9500092,0.04917097
1356781435578,-0.06899938,0.02387318,0.99733114,-0.9439055,0.32204333,-0.073011816,-0.3229269,-0.94642395,3.131628E-4
1356781435618,-0.093845665,-0.037661374,0.9948742,-0.9371708,0.34060138,-0.07550895,-0.3360117,-0.93945324,-0.06725907
1356781435658,-0.11678952,-0.106138796,0.98746884,-0.93080795,0.35843474,-0.071561545,-0.34634766,-0.92750156,-0.14065623
1356781435698,-0.11604118,-0.170526,0.9784965,-0.92809343,0.3695367,-0.045663357,-0.35380358,-0.91343504,-0.20114559
1356781435738,-0.07583146,-0.22312519,0.9718358,-0.9302218,0.36681336,0.0116328895,-0.359078,-0.90314066,-0.23537195
1356781435778,0.00550659,-0.2595821,0.9657053,-0.9321123,0.3483866,0.0989615,-0.36212742,-0.9006908,-0.24004126
1356781435818,0.11644761,-0.27692258,0.9538101,-0.9250463,0.31936485,0.20565802,-0.36156476,-0.906267,-0.21897697
1356781435858,0.23787804,-0.27388868,0.9318793,-0.90398705,0.28850335,0.3155521,-0.35527644,-0.91746974,-0.17896318
1356781435898,0.35086697,-0.25236446,0.9017786,-0.8718131,0.26347744,0.41294265,-0.34181035,-0.9310703,-0.12756914
1356781435938,0.4420442,-0.21720433,0.8702984,-0.83737636,0.24788702,0.4871888,-0.32155517,-0.94412625,-0.072304755
1356781435978,0.50438905,-0.17436364,0.84568846,-0.81094086,0.24075407,0.53330326,-0.2965916,-0.9547957,-0.019964874
1356781436018,0.53588295,-0.12857893,0.83444405,-0.8002523,0.23768064,0.5505489,-0.2691202,-0.9627956,0.024473429
1356781436058,0.53664637,-0.0824247,0.8397719,-0.80894834,0.23284264,0.5398028,-0.24002784,-0.96901524,0.058276802
1356781436098,0.50482327,-0.03716752,0.8624222,-0.83739924,0.2214554,0.49972,-0.20956144,-0.97446203,0.08067179
1356781436138,0.43423116,0.0058808625,0.9007822,-0.8827331,0.2020572,0.42421126,-0.17951486,-0.97935605,0.092930734
1356781436198,0.31630772,0.04497665,0.9475899,-0.9359883,0.1774922,0.3040106,-0.15451646,-0.98309386,0.09823981
1356781436219,0.15316054,0.078547716,0.98507464,-0.9781817,0.15364203,0.13983771,-0.14036492,-0.98499966,0.10036588
1356781436259,-0.025141686,0.10616428,0.99403083,-0.98975784,0.13713154,-0.039679438,-0.14052561,-0.9848473,0.1016292
1356781436305,-0.17576289,0.12929833,0.97590435,-0.972201,0.13298869,-0.19271562,-0.15470204,-0.9826474,0.10232949
1356781436338,-0.27809775,0.14899209,0.9489273,-0.9442562,0.13879877,-0.29852173,-0.17618728,-0.9790486,0.10208708
1356781436378,-0.33269078,0.16511026,0.9284694,-0.92130184,0.15325099,-0.3573752,-0.20129517,-0.97429603,0.1011312
1356781436418,-0.34697312,0.17618659,0.92117745,-0.9100065,0.17441064,-0.37612367,-0.22693115,-0.9687823,0.09981513
1356781436459,-0.3321252,0.1791468,0.9260666,-0.90874624,0.20229065,-0.36504635,-0.2527315,-0.9628005,0.09561312
1356781436498,-0.30001265,0.16923922,0.9388027,-0.9124028,0.23631865,-0.3341775,-0.27841255,-0.9568237,0.08351576
1356781436538,-0.2755506,0.1437465,0.95047814,-0.91170263,0.27437514,-0.30580473,-0.30474585,-0.9508182,0.055449903
1356781436578,-0.26723003,0.10141471,0.95828134,-0.9052458,0.31447357,-0.28572103,-0.33033043,-0.94383335,0.007768452
1356781436618,-0.2738775,0.04702702,0.96061414,-0.8947871,0.35375017,-0.2724277,-0.3526289,-0.934157,-0.05480498
1356781436658,-0.27965364,-0.01060304,0.96004236,-0.88602865,0.38798746,-0.2538089,-0.36979327,-0.9216037,-0.117896736
1356781436698,-0.2678347,-0.06276959,0.96141803,-0.88475895,0.41104618,-0.2196421,-0.38140035,-0.90945095,-0.16562837
1356781436738,-0.23071301,-0.103853256,0.9674637,-0.8926493,0.4182858,-0.16797063,-0.387232,-0.9023588,-0.18920857
1356781436778,-0.16859746,-0.13084915,0.97696126,-0.90677714,0.40916437,-0.10168424,-0.3864324,-0.9030299,-0.18763512
1356781436818,-0.08685157,-0.14248419,0.98597926,-0.921757,0.38694343,-0.025277078,-0.37791663,-0.91102856,-0.16494244
1356781436858,0.0054497123,-0.13910648,0.9902625,-0.93244076,0.35706758,0.0552904,-0.3612819,-0.92366236,-0.12776262
1356781436898,0.09697497,-0.12264815,0.98770094,-0.9362596,0.3254311,0.13233483,-0.3376592,-0.9375777,-0.08327186
1356781436940,0.17929013,-0.09575328,0.97912526,-0.93401396,0.29601735,0.19997865,-0.30898666,-0.95037097,-0.036361933
1356781436995,0.2639075,-0.058278143,0.96278584,-0.92532104,0.26647025,0.26976773,-0.27227533,-0.96207964,0.016397476
1356781437038,0.24199471,-0.0028825998,0.9702733,-0.9397188,0.24829629,0.23511189,-0.24159306,-0.96867985,0.057377547
1356781437078,0.1282545,0.05872202,0.9900012,-0.9677334,0.22572652,0.11198068,-0.21689376,-0.97241926,0.0857777
1356781437118,-0.16242707,0.1356731,0.9773486,-0.9669407,0.17544621,-0.1850524,-0.1965788,-0.9750956,0.10269064
1356781437158,-0.62291443,0.20103028,0.75601876,-0.7612151,0.067047656,-0.64502424,-0.18035868,-0.9772878,0.11126238
1356781437197,-0.90177494,0.2024296,0.38186944,-0.39698243,-0.038574934,-0.91701525,-0.17090046,-0.9785368,0.115146816
1356781437238,-0.9718329,0.18741626,0.14288463,-0.16170889,-0.08925533,-0.98279387,-0.17143832,-0.97821707,0.117048144
1356781437278,-0.9818359,0.18740444,0.029631384,-0.05094184,-0.109941304,-0.9926318,-0.1827659,-0.97611094,0.11749089
1356781437318,-0.97940105,0.19996259,-0.028083205,0.004084997,-0.11942804,-0.99283445,-0.20188366,-0.9724978,0.116151035
1356781437358,-0.9736884,0.21738744,-0.06836509,0.04154896,-0.12562042,-0.991208,-0.2240642,-0.96796817,0.1132828
1356781437416,-0.96620303,0.2351649,-0.10558992,0.075967565,-0.13166428,-0.98837924,-0.2463345,-0.96299636,0.10934943
1356781437438,-0.9570251,0.2528724,-0.14198135,0.10992148,-0.13675386,-0.9844876,-0.26836622,-0.957786,0.10308063
1356781437478,-0.9462801,0.27288288,-0.17346157,0.14064169,-0.1357001,-0.9807168,-0.29115957,-0.9524287,0.090031624
1356781437515,-0.93478936,0.29793018,-0.19340791,0.1642175,-0.12032616,-0.9790579,-0.3149629,-0.9469738,0.06355423
1356781437558,-0.92377436,0.32792863,-0.19774678,0.18054125,-0.08243728,-0.9801066,-0.3377067,-0.9410988,0.01694882
1356781437598,-0.91347,0.3575691,-0.19420841,0.19902861,-0.02366221,-0.97970796,-0.35490867,-0.93358684,-0.049551785
1356781437638,-0.9036871,0.3824395,-0.19258651,0.22633304,0.044828475,-0.9730179,-0.3634871,-0.9228924,-0.12706953
1356781437678,-0.89407855,0.40189376,-0.1977497,0.2592145,0.10421318,-0.96018094,-0.36528262,-0.9097368,-0.19735146
1356781437718,-0.88409007,0.41658998,-0.21174854,0.29215854,0.13907498,-0.94620365,-0.36473006,-0.89839345,-0.24466509
1356781437758,-0.8717726,0.42636758,-0.24129495,0.3276645,0.14128226,-0.93417096,-0.3642095,-0.8934485,-0.2628715
1356781437798,-0.8518251,0.42949724,-0.29987687,0.3778333,0.107263446,-0.91963935,-0.36281675,-0.89667535,-0.25364804
1356781437838,-0.810758,0.41978642,-0.40798372,0.46331576,0.034193218,-0.8855333,-0.35778463,-0.90697855,-0.22221607
1356781437878,-0.72009736,0.38094196,-0.57995087,0.6011918,-0.07478994,-0.7955972,-0.34645084,-0.9215692,-0.17516315
1356781437918,-0.5551913,0.29357332,-0.77818847,0.7642897,-0.18896973,-0.6165645,-0.32806095,-0.93707263,-0.1194607
1356781437958,-0.3644886,0.17626286,-0.9143738,0.8801106,-0.2555881,-0.40010002,-0.30422586,-0.950582,-0.061971843
1356781437998,-0.23666018,0.0774357,-0.96850175,0.9310235,-0.2669651,-0.24884704,-0.27782577,-0.9605901,-0.008914471
1356781438038,-0.19302547,0.014180154,-0.9810914,0.9486035,-0.25286704,-0.19028845,-0.25078395,-0.9673972,0.03535837
1356781438078,-0.21233183,-0.019976854,-0.97699344,0.9512579,-0.23305655,-0.20197326,-0.22365987,-0.97225803,0.06848842
1356781438118,-0.26719344,-0.035179943,-0.96300054,0.9432522,-0.21403909,-0.25389493,-0.19718769,-0.9761914,0.09037337
1356781438158,-0.3349048,-0.039544076,-0.94142187,0.9260255,-0.19843525,-0.3210924,-0.1741139,-0.979316,0.10307568
1356781438198,-0.4026531,-0.036575943,-0.91462165,0.9013655,-0.18985349,-0.3892249,-0.1594078,-0.98113096,0.109413326
1356781438238,-0.46577805,-0.02650556,-0.88450456,0.8708867,-0.19092214,-0.4528855,-0.15686747,-0.9812473,0.11201066
1356781438278,-0.5231006,-0.006950319,-0.8522425,0.8355087,-0.20152909,-0.511186,-0.16819876,-0.97945786,0.111227095
1356781438318,-0.5739898,0.022074997,-0.8185648,0.79651797,-0.21687657,-0.564379,-0.1899862,-0.9759494,0.106901765
1356781438358,-0.6150496,0.05616373,-0.7864857,0.75822663,-0.23155779,-0.6094862,-0.21634784,-0.97119856,0.09983462
1356781438398,-0.64291006,0.0888474,-0.76077116,0.7265414,-0.24372113,-0.6424465,-0.24249569,-0.96576715,0.09213954
1356781438438,-0.6572933,0.11671963,-0.7445415,0.7048693,-0.25439376,-0.6621505,-0.26669264,-0.9600315,0.08493918
1356781438478,-0.66225487,0.14268345,-0.7355678,0.69106215,-0.26308203,-0.6732169,-0.28957152,-0.9541642,0.07562417
1356781438518,-0.66899943,0.17653061,-0.7219949,0.6744536,-0.26401192,-0.68949974,-0.3123331,-0.94822705,0.057562172
1356781438558,-0.6989566,0.23192729,-0.6765126,0.63201183,-0.24238795,-0.73607683,-0.33469486,-0.94204974,0.022837937
1356781438598,-0.773265,0.31239396,-0.5517891,0.5259595,-0.1700437,-0.8333377,-0.35415792,-0.9346096,-0.03281772
1356781438638,-0.86703986,0.38106516,-0.32098475,0.33613357,-0.0281623,-0.9413932,-0.36777183,-0.9241192,-0.103670955
1356781438678,-0.92000175,0.38862705,-0.050654367,0.113350436,0.14012855,-0.9836238,-0.3751647,-0.91067725,-0.17296964
1356781438718,-0.92056483,0.34066248,0.19107483,-0.09569862,0.27756786,-0.9559278,-0.37868494,-0.898279,-0.22291833
1356781438758,-0.87491316,0.26110533,0.40786138,-0.29977664,0.36944562,-0.87957025,-0.3803431,-0.89181495,-0.2449596
1356781438798,-0.7707214,0.16267188,0.61605716,-0.5114782,0.41862744,-0.75042725,-0.37997186,-0.89347017,-0.23944199
1356781438838,-0.5869018,0.055458814,0.8077565,-0.7172768,0.42717114,-0.55048954,-0.37557977,-0.9024683,-0.21092814
1356781438878,-0.32156846,-0.043367654,0.9458927,-0.8738314,0.39835367,-0.27880645,-0.36470863,-0.9162061,-0.16599399
1356781438918,-0.018831491,-0.112466544,0.9934771,-0.9380021,0.34596926,0.02138552,-0.34611773,-0.9314809,-0.11200899
1356781438958,0.24819322,-0.14137706,0.95833844,-0.91395557,0.293716,0.28002867,-0.32106894,-0.94538,-0.05631399
1356781438998,0.43545115,-0.1374574,0.88965595,-0.8513576,0.25826144,0.45660853,-0.292528,-0.956246,-0.0045651495
1356781439038,0.52234966,-0.1090042,0.8457358,-0.8108276,0.24359284,0.5321853,-0.26402566,-0.9637327,0.038857013
1356781439078,0.47155136,-0.050808758,0.8803736,-0.8492683,0.24265403,0.46889475,-0.2374501,-0.9687815,0.071273595
1356781439118,0.039286673,0.08550757,0.9955627,-0.9763741,0.215155,0.020050108,-0.21248588,-0.9728293,0.091940105
1356781439158,-0.82445323,0.21387471,0.52396035,-0.5336162,0.0145869255,-0.84560096,-0.18849565,-0.97675216,0.10210073
1356781439197,-0.9797617,0.17688355,0.09369728,-0.11036023,-0.08682442,-0.990092,-0.1669958,-0.98039466,0.10458815
1356781439238,-0.9882168,0.15046725,-0.028056916,0.011951342,-0.106891274,-0.99419886,-0.1525934,-0.9828194,0.10383338
1356781439278,-0.98845416,0.1460108,-0.04048499,0.024880514,-0.107156634,-0.9939307,-0.14946286,-0.98346233,0.10228664
1356781439318,-0.98723084,0.15928128,-0.002232097,-0.01378534,-0.099384844,-0.9949537,-0.15869933,-0.9822181,0.1003114
1356781439358,-0.98105115,0.18354958,0.06203382,-0.07861223,-0.08446294,-0.99332076,-0.17708406,-0.97937506,0.09729171
1356781439398,-0.9668937,0.21180938,0.14231405,-0.15860365,-0.061927617,-0.9853983,-0.19990343,-0.9753469,0.09347123
1356781439438,-0.94034207,0.23940171,0.24175088,-0.25606263,-0.030112207,-0.96619105,-0.22402813,-0.9704535,0.08961767
1356781439478,-0.8910615,0.2621484,0.37052345,-0.37966368,0.01685983,-0.9249709,-0.2487266,-0.9648803,0.08450508
1356781439518,-0.80391103,0.27083474,0.52950513,-0.5275849,0.086251855,-0.8451123,-0.27455658,-0.95875394,0.07354945
1356781439558,-0.67887545,0.2513445,0.6898942,-0.66945165,0.1740635,-0.72217476,-0.30160004,-0.95211756,0.050095618
1356781439598,-0.5532854,0.19940084,0.8087735,-0.76570237,0.2605515,-0.5880585,-0.3279865,-0.944644,0.008522391
1356781439638,-0.46596932,0.12710729,0.8756234,-0.812515,0.33030218,-0.48033306,-0.35027415,-0.9352776,-0.050634086
1356781439678,-0.41175857,0.048451185,0.9100041,-0.83453906,0.38107595,-0.39790168,-0.36605948,-0.9232733,-0.11647689
1356781439718,-0.35887277,-0.027781636,0.9329729,-0.85438335,0.41223866,-0.31636745,-0.37581834,-0.9106522,-0.17167741
1356781439758,-0.28461266,-0.09527862,0.95389605,-0.879551,0.42172867,-0.22030658,-0.38129476,-0.9017022,-0.20383173
1356781439798,-0.18338355,-0.14841774,0.9717729,-0.9053432,0.410686,-0.10812402,-0.38304594,-0.8996161,-0.20968205
1356781439838,-0.061845437,-0.18231794,0.9812927,-0.92292476,0.38475007,0.013317287,-0.37998044,-0.9048357,-0.19206077
1356781439878,0.065449774,-0.1945228,0.97871196,-0.92661864,0.35209125,0.13194564,-0.37026235,-0.91552866,-0.15720415
1356781439918,0.18159705,-0.18633705,0.96555734,-0.91790277,0.32015896,0.23441991,-0.35281292,-0.9288577,-0.11289936
1356781439958,0.2743482,-0.16194952,0.9478953,-0.9038099,0.2932223,0.3116862,-0.32842147,-0.9422277,-0.06592661
1356781439998,0.33688587,-0.12628466,0.9330381,-0.892528,0.27274126,0.3591741,-0.2998362,-0.95376325,-0.020829916
1356781440054,0.38158292,-0.08082664,0.920794,-0.8856003,0.25338507,0.3892404,-0.2647765,-0.96398294,0.025107324
1356781440098,0.33912754,-0.02279985,0.9404641,-0.91111165,0.24096121,0.33438486,-0.23423928,-0.9702669,0.060943365
1356781440138,0.24199256,0.032777995,0.9697243,-0.947482,0.22335193,0.2288925,-0.20908716,-0.9741866,0.085106045
1356781440197,0.097586185,0.0809218,0.9919317,-0.97729397,0.19614628,0.080144465,-0.18807825,-0.9772299,0.09822559
1356781440220,-0.08195138,0.118288815,0.9895917,-0.9817073,0.16163701,-0.100619435,-0.17185679,-0.97973526,0.10287863
1356781440259,-0.2587254,0.14280605,0.9553365,-0.9520018,0.12977344,-0.27722114,-0.16356617,-0.9812061,0.102375925
1356781440299,-0.39372343,0.15808105,0.9055344,-0.9040296,0.111810744,-0.41258815,-0.16647092,-0.9810754,0.098887324
1356781440339,-0.47620004,0.16969147,0.8628084,-0.8605639,0.11173314,-0.49693614,-0.18073016,-0.9791427,0.09282303
1356781440378,-0.51592433,0.1797271,0.8375679,-0.83223784,0.12651902,-0.5397898,-0.20298311,-0.9755465,0.08430153
1356781440418,-0.5238055,0.18740869,0.8309668,-0.8205918,0.15077019,-0.55126894,-0.22859758,-0.9706422,0.074811816
1356781440476,-0.5060075,0.19101822,0.8411114,-0.82419145,0.1804207,-0.5368024,-0.25429294,-0.96486294,0.06614137
1356781440498,-0.46713263,0.18780375,0.86401206,-0.83906066,0.21403581,-0.5001659,-0.27886254,-0.95860237,0.05759561
1356781440538,-0.41571766,0.17387146,0.89271915,-0.85771877,0.25150216,-0.44840297,-0.30248523,-0.952111,0.04457897
1356781440575,-0.36587507,0.14514402,0.91927624,-0.8721142,0.29135048,-0.39310554,-0.32488847,-0.94554126,0.019984186
1356781440618,-0.3344043,0.099894434,0.93712056,-0.87724006,0.33040458,-0.3482566,-0.3444178,-0.9385382,-0.022857308
1356781440658,-0.3237602,0.041269034,0.9452387,-0.8754734,0.36578012,-0.31583428,-0.35878372,-0.92978585,-0.08229512
1356781440698,-0.32118484,-0.022257745,0.94675493,-0.8728219,0.39486203,-0.28682017,-0.3674536,-0.91847074,-0.14625078
1356781440738,-0.3044152,-0.08108866,0.9490817,-0.87671685,0.41341177,-0.24588281,-0.37242323,-0.90692633,-0.19694066
1356781440778,-0.26133806,-0.1283378,0.95667744,-0.8891203,0.4178009,-0.18683547,-0.37572265,-0.89942855,-0.22329503
1356781440818,-0.19139716,-0.1604211,0.96831405,-0.9061204,0.40806052,-0.11150041,-0.37724373,-0.89875007,-0.2234624
1356781440858,-0.10127631,-0.17541224,0.979272,-0.9215408,0.38741615,-0.025909752,-0.37484095,-0.90506315,-0.2008856
1356781440898,-0.0020361692,-0.17298648,0.98492205,-0.9306401,0.36074185,0.061434835,-0.36593005,-0.9164829,-0.16172272
1356781440938,0.0932125,-0.15499264,0.98350835,-0.9322795,0.33318478,0.14086437,-0.34952304,-0.930035,-0.1134395
1356781440978,0.17316014,-0.12509787,0.9769167,-0.9290794,0.3084216,0.2041755,-0.32684413,-0.94298816,-0.06281954
1356781441018,0.2297953,-0.0876773,0.96928155,-0.9257168,0.2877179,0.24549285,-0.3004038,-0.9536934,-0.015048146
1356781441058,0.25821358,-0.046892285,0.96494913,-0.9268756,0.2696535,0.26112932,-0.27244687,-0.96181494,0.02616489
1356781441098,0.25483456,-0.0062803626,0.96696424,-0.9356343,0.25096074,0.24820784,-0.24422893,-0.9679769,0.058077335
1356781441138,0.2164514,0.03133449,0.9757904,-0.95201755,0.22827333,0.20384774,-0.21635938,-0.9730927,0.0792411
1356781441196,0.1405878,0.06387979,0.9880053,-0.97163147,0.20058662,0.1252889,-0.19017723,-0.9775911,0.0902676
