1356782109343,0.73729265,-0.5284524,-0.4208772,-0.38195208,0.18779662,-0.9049006,0.55723614,0.82793146,-0.06338242
1356782109371,-0.7584305,0.5385562,0.36707008,0.33804247,-0.15647572,0.9280317,0.55723476,0.8279327,-0.06337899
1356782109396,-0.7584626,0.53850377,0.3670805,0.33802003,-0.15652066,0.9280321,0.5572045,0.8279583,-0.06331003
1356782109436,-0.75856936,0.53827703,0.36719248,0.33796033,-0.15678155,0.9280099,0.5570954,0.8280564,-0.06298661
1356782109478,-0.75880986,0.5376318,0.36764055,0.33786136,-0.15765506,0.92789793,0.55682784,0.82830966,-0.06201482
1356782109517,-0.75916994,0.5363102,0.36882558,0.33785182,-0.15964842,0.9275605,0.5563426,0.8287845,-0.05999303
1356782109557,-0.75961375,0.53411436,0.3710912,0.33808014,-0.16315222,0.92686737,0.55559754,0.82951975,-0.056640744
1356782109598,-0.76002234,0.53105783,0.3746247,0.3387419,-0.16823888,0.92571574,0.554635,0.83046573,-0.052026212
1356782109638,-0.7602683,0.5273721,0.37930313,0.3399346,-0.1745885,0.9241014,0.55356723,0.8315032,-0.046537995
1356782109678,-0.7602281,0.5234293,0.3848052,0.34177127,-0.18149757,0.92209053,0.5524904,0.8325145,-0.040913522
1356782109718,-0.7598242,0.51962924,0.39070782,0.34443787,-0.18794602,0.91980374,0.5513889,0.83346367,-0.03617406
1356782109758,-0.75903344,0.51633704,0.39656574,0.34810993,-0.19286329,0.9174003,0.5501707,0.83438593,-0.033352435
1356782109798,-0.7578548,0.5139263,0.40191513,0.35274664,-0.19546068,0.91507643,0.54884046,0.8352693,-0.033154964
1356782109838,-0.75630766,0.51273453,0.40632752,0.35799724,-0.19548702,0.91302943,0.54757345,0.8359953,-0.035709202
1356782109878,-0.7544864,0.51286036,0.40954185,0.363265,-0.19337887,0.91139627,0.5466158,0.83640826,-0.04040253
1356782109918,-0.7525647,0.51408726,0.4115345,0.36785978,-0.19014978,0.910232,0.5461919,0.83639544,-0.046011984
1356782109957,-0.7507401,0.5159811,0.41249597,0.3712487,-0.18694812,0.909519,0.5464099,0.8359509,-0.0512079
1356782109997,-0.7491903,0.5180584,0.41270983,0.37322074,-0.18457556,0.90919644,0.547193,0.835193,-0.055067956
1356782110037,-0.74807,0.51991063,0.4124128,0.3738206,-0.18334228,0.9091996,0.54831517,0.8343133,-0.05720049
1356782110078,-0.7474859,0.52125436,0.41177517,0.37325138,-0.18319994,0.90946203,0.54949826,0.8335057,-0.057619512
1356782110118,-0.7474358,0.5219946,0.41092753,0.37182674,-0.18388885,0.90990645,0.5505312,0.83289045,-0.056646407
1356782110158,-0.74780166,0.5221864,0.41001707,0.36993873,-0.18509084,0.91043216,0.5513057,0.83250386,-0.05476576
1356782110197,-0.74841154,0.5219387,0.4092191,0.36796093,-0.18658048,0.91092956,0.5518016,0.83232677,-0.05241412
1356782110238,-0.7490995,0.5213365,0.40872744,0.36619782,-0.18826914,0.91129243,0.5520408,0.8323238,-0.04987991
1356782110278,-0.74971944,0.52046007,0.4087078,0.3648906,-0.19011033,0.91143453,0.5520649,0.83245385,-0.04738158
1356782110318,-0.7501549,0.5194087,0.4092458,0.3642007,-0.1920299,0.911308,0.55192876,0.8326698,-0.045116782
1356782110363,-0.7503434,0.5183177,0.41028216,0.36416858,-0.19387168,0.91093075,0.5516937,0.8329228,-0.043284655
1356782110399,-0.75027794,0.5174107,0.41154474,0.36466464,-0.19535166,0.91041607,0.551455,0.8331409,-0.042113304
1356782110438,-0.7500634,0.5169535,0.41250938,0.36530882,-0.19610482,0.90999585,0.5513206,0.83324784,-0.04175669
1356782110478,-0.7499628,0.517097,0.41251254,0.3655289,-0.19579124,0.909975,0.5513116,0.8332326,-0.042177796
1356782110517,-0.7503944,0.51774085,0.41091684,0.36469725,-0.19418204,0.91065323,0.551275,0.8332093,-0.043105543
1356782110558,-0.7518054,0.5185342,0.40732157,0.3622786,-0.19131857,0.91222334,0.5509472,0.8333783,-0.04401952
1356782110598,-0.7545158,0.51898533,0.4016965,0.35786766,-0.18771088,0.9147105,0.55012417,0.83391774,-0.044097245
1356782110638,-0.75859094,0.51867557,0.39435443,0.3511625,-0.18435955,0.91798496,0.5488394,0.8348576,-0.04228592
1356782110678,-0.7638107,0.51744956,0.38579684,0.3419811,-0.18248296,0.92181826,0.54739577,0.8360299,-0.037575543
1356782110718,-0.76977473,0.51548856,0.37645498,0.3302807,-0.18301857,0.9259691,0.5462247,0.8371235,-0.02937287
1356782110758,-0.776058,0.5131169,0.36666733,0.31619197,-0.18647963,0.93018705,0.5456707,0.8378164,-0.017524362
1356782110798,-0.78234947,0.5105952,0.35668162,0.29993284,-0.1930455,0.93422353,0.5458659,0.8378699,-0.0021152496
1356782110838,-0.78853685,0.5079763,0.3466551,0.281855,-0.20248312,0.9378477,0.5465962,0.83723396,0.016489744
1356782110878,-0.79480064,0.50494516,0.3366339,0.26244894,-0.21415764,0.9408811,0.5471861,0.83616203,0.037690222
1356782110918,-0.80158645,0.5009258,0.326393,0.24219874,-0.2270559,0.9432844,0.54662496,0.835176,0.060681403
1356782110958,-0.80936754,0.49547285,0.31532645,0.2212866,-0.24006206,0.94519967,0.5440187,0.8347915,0.08465701
1356782110998,-0.8183744,0.4886396,0.30248085,0.19934838,-0.25228488,0.9468963,0.53900236,0.83521473,0.10905397
1356782111038,-0.82840264,0.48118734,0.28671893,0.17557548,-0.26301175,0.94868225,0.5319044,0.83623177,0.13339502
1356782111078,-0.8390664,0.4738459,0.2672782,0.14916305,-0.2720883,0.95064104,0.52318066,0.83751893,0.15761983
1356782111118,-0.8499902,0.4670695,0.24364494,0.119374976,-0.27969694,0.95263803,0.5130949,0.8388181,0.18198317
1356782111158,-0.86077034,0.4609245,0.2159239,0.08584027,-0.2866841,0.9541718,0.5017031,0.8398577,0.20720321
1356782111198,-0.87073433,0.455723,0.18476562,0.048471913,-0.29435897,0.954465,0.48935902,0.84004134,0.23421872
1356782111238,-0.87866277,0.45277292,0.1514871,0.0076456517,-0.30390406,0.95267195,0.4773816,0.8382357,0.2635675
1356782111278,-0.8830684,0.45409817,0.118258595,-0.035311535,-0.31561226,0.948231,0.4679138,0.833177,0.2947421
1356782111326,-0.88285774,0.46138108,0.087690204,-0.07876891,-0.3295431,0.9408489,0.46298763,0.8237285,0.32728225
1356782111361,-0.879563,0.47199532,0.05991149,-0.11842248,-0.33914018,0.9332524,0.46080917,0.8137594,0.35419
1356782111385,-0.8751011,0.48246628,0.03774087,-0.1500436,-0.3446387,0.9266666,0.46009237,0.80526423,0.3739847
1356782111417,-0.8705427,0.49166518,0.020508975,-0.17327975,-0.345284,0.92236274,0.4605751,0.7994024,0.38578016
1356782111458,-0.8663125,0.49944645,0.0074778646,-0.18635447,-0.3370576,0.9228565,0.46343786,0.7980886,0.38507128
1356782111498,-0.86244786,0.50614387,-0.0014373958,-0.18882424,-0.3191111,0.92871606,0.46960524,0.80124056,0.37078893
1356782111538,-0.8584369,0.51288253,-0.006123349,-0.18018709,-0.29036772,0.9397974,0.48022765,0.80786014,0.34167725
1356782111578,-0.8538081,0.5205456,-0.006637916,-0.16074613,-0.2514881,0.9544184,0.49514896,0.8159572,0.2983982
1356782111618,-0.84861434,0.5289993,-0.003655672,-0.13248888,-0.20583677,0.9695761,0.5121527,0.8232806,0.24476254
1356782111658,-0.84332836,0.5373958,0.0017456114,-0.09906405,-0.15865088,0.9823524,0.52818894,0.8282727,0.18703139
1356782111698,-0.8381285,0.54540384,0.00867027,-0.06428924,-0.11455327,0.9913347,0.541671,0.83030844,0.13107395
1356782111738,-0.83270043,0.5534729,0.016662508,-0.030640334,-0.07610226,0.9966291,0.55287516,0.829383,0.080329
1356782111778,-0.82691604,0.56174505,0.025538057,5.157888E-4,-0.04465735,0.9990022,0.5623251,0.82610416,0.0366382
1356782111818,-0.8212382,0.5695008,0.035164505,0.02815175,-0.021112204,0.99938065,0.5698905,0.8217196,0.001305759
1356782111858,-0.8163178,0.57580376,0.04555568,0.051603884,-0.0058510303,0.9986505,0.5752932,0.81756705,-0.024937391
1356782111898,-0.8122363,0.58055437,0.05682251,0.071040004,0.0017611384,0.9974719,0.57898664,0.8142196,-0.04267305
1356782111938,-0.80829626,0.5847107,0.06906879,0.08719897,0.002868414,0.9961868,0.58228296,0.8112368,-0.05330473
1356782111978,-0.8036671,0.5893668,0.08225551,0.10046297,-0.0018671155,0.9949391,0.5865376,0.8078635,-0.05770898
1356782112018,-0.798203,0.5946529,0.096227825,0.11059128,-0.012369931,0.9937889,0.59214985,0.8038873,-0.055889666
1356782112058,-0.7926607,0.5994757,0.11098592,0.11774169,-0.028092206,0.9926468,0.5981855,0.7998998,-0.048315704
1356782112098,-0.78830945,0.6020897,0.12671342,0.123147324,-0.047380507,0.9912567,0.6028292,0.7970214,-0.0367952
1356782112138,-0.7864491,0.60066384,0.1438778,0.1290472,-0.06800777,0.98930365,0.60402375,0.796604,-0.024029315
1356782112178,-0.7878385,0.5939245,0.16298516,0.13754591,-0.088276625,0.9865538,0.6003263,0.79966295,-0.012144148
1356782112218,-0.792085,0.58192843,0.1842844,0.149635,-0.1075806,0.98287123,0.59178615,0.8060929,-0.0018639565
1356782112258,-0.7978179,0.56612456,0.20733938,0.16485131,-0.12595624,0.9782429,0.57992303,0.8146398,0.007163763
1356782112298,-0.80382705,0.54816985,0.23102309,0.18180858,-0.1433897,0.97282314,0.56639874,0.82398367,0.015598655
1356782112363,-0.8097667,0.52896583,0.25391543,0.19877182,-0.15985411,0.9669211,0.5520577,0.83345175,0.024301052
1356782112398,-0.81613016,0.5086131,0.27430677,0.21358845,-0.17557079,0.9610176,0.5369464,0.8429042,0.034654796
1356782112418,-0.824093,0.48653194,0.2900989,0.22349271,-0.19131708,0.9557451,0.52050143,0.8524579,0.04892671
1356782112458,-0.8348944,0.462179,0.2989013,0.22517861,-0.20871562,0.95169973,0.50224096,0.86187494,0.07018262
1356782112495,-0.8489981,0.43613422,0.29831055,0.21509773,-0.23040271,0.9490246,0.48263362,0.869886,0.101799905
1356782112538,-0.8652998,0.41077766,0.28725955,0.19088623,-0.25985783,0.94659203,0.46348545,0.8739198,0.14644307
1356782112578,-0.88081336,0.39065522,0.26750022,0.15482831,-0.2962638,0.94247335,0.44743276,0.8715597,0.20046866
1356782112618,-0.89255464,0.37920302,0.24403132,0.11416888,-0.33350253,0.9358107,0.4362473,0.86312294,0.25437605
1356782112658,-0.89927757,0.37684035,0.22201598,0.077851444,-0.36158806,0.92908186,0.43039387,0.85278684,0.29583055
1356782112698,-0.90142244,0.3812803,0.20509219,0.052584156,-0.37379098,0.9260211,0.42973524,0.84552085,0.31689435
1356782112738,-0.8997637,0.39017642,0.19541672,0.041931793,-0.36843836,0.92870605,0.4343582,0.8438101,0.31514668
1356782112778,-0.8945135,0.4024858,0.19455284,0.04732138,-0.3475051,0.9364832,0.4445293,0.8469034,0.2918018
1356782112818,-0.88534516,0.41799843,0.20357081,0.06836365,-0.31605077,0.94627595,0.45988062,0.8516978,0.25123817
1356782112858,-0.87184674,0.43627968,0.22258325,0.10260883,-0.28167075,0.95400894,0.4789099,0.8545886,0.20080757
1356782112898,-0.85372514,0.45642328,0.25066102,0.14643127,-0.251517,0.95671153,0.49971098,0.8534734,0.14789188
1356782112938,-0.83104056,0.47705564,0.28598875,0.19618675,-0.22971737,0.9532789,0.52046365,0.8483206,0.09731239
1356782112978,-0.8047582,0.4961462,0.32588845,0.24844043,-0.21708685,0.9440078,0.539112,0.8406618,0.051439583
1356782113018,-0.77686775,0.5114403,0.36729473,0.29984832,-0.21244532,0.93003124,0.5536854,0.8326439,0.011687338
1356782113058,-0.74930406,0.52168417,0.40790814,0.34738028,-0.21477377,0.9127975,0.5638,0.8256621,-0.020291924
1356782113098,-0.72290677,0.5272392,0.4465697,0.38823944,-0.22468096,0.8937497,0.5715556,0.81947374,-0.042271614
1356782113138,-0.6984184,0.52872914,0.48234564,0.4198591,-0.24310625,0.8744242,0.5795948,0.8132311,-0.052201867
1356782113178,-0.67788297,0.52554154,0.5140824,0.44131488,-0.26837003,0.8562819,0.58797604,0.8073311,-0.050005853
1356782113218,-0.66349846,0.5165879,0.5412086,0.4548897,-0.2957756,0.8399954,0.59400773,0.8035258,-0.038743854
1356782113258,-0.65569335,0.50176406,0.56417996,0.46502978,-0.32029688,0.82532245,0.5948222,0.80351895,-0.023318708
1356782113298,-0.6531698,0.4819458,0.58403546,0.4755482,-0.3391316,0.8116918,0.58925635,0.80790967,-0.0076779723
1356782113359,-0.6539449,0.45846164,0.6018049,0.48800665,-0.3522247,0.79861593,0.5781053,0.8159355,0.0066031814
1356782113379,-0.6557187,0.43283898,0.618614,0.5025082,-0.36131102,0.7854551,0.5634877,0.82589626,0.019413292
1356782113419,-0.6569502,0.4063326,0.63506705,0.5185119,-0.3679955,0.771832,0.54732233,0.8363451,0.031066477
1356782113459,-0.65680647,0.3794874,0.6516093,0.5356462,-0.37341827,0.7573916,0.53074336,0.8464917,0.041992486
1356782113499,-0.65595615,0.35184726,0.66777617,0.55297446,-0.3781613,0.74243736,0.5137517,0.8562695,0.05349469
1356782113539,-0.6570343,0.3220253,0.6816199,0.56798005,-0.38305998,0.7284667,0.49568602,0.8657741,0.06877959
1356782113579,-0.66474634,0.28870982,0.6890274,0.5755023,-0.39018762,0.71871465,0.47634995,0.8742998,0.09322268
1356782113619,-0.6842809,0.25279552,0.6839987,0.56837964,-0.40273649,0.7174593,0.45684174,0.8797146,0.13190097
1356782113658,-0.7167585,0.21932796,0.661931,0.5416132,-0.42279577,0.7265665,0.43921798,0.87928325,0.18425155
1356782113698,-0.75542676,0.19605567,0.625214,0.49832594,-0.44764572,0.7424854,0.4254428,0.8724537,0.24046403
1356782113738,-0.78994983,0.18781163,0.5837005,0.4496436,-0.46978897,0.7596836,0.41689342,0.862569,0.28666127
1356782113778,-0.8133993,0.19363078,0.54853314,0.40796658,-0.48230046,0.7752093,0.41466218,0.85433793,0.31330806
1356782113818,-0.82331103,0.20912772,0.52765936,0.38216627,-0.48309398,0.78776205,0.41965196,0.8502269,0.31781512
1356782113858,-0.8195297,0.2296333,0.525014,0.3766239,-0.4746729,0.7955125,0.43188608,0.84967893,0.30252308
1356782113898,-0.8029944,0.2517297,0.540215,0.39080146,-0.46195287,0.79616195,0.44997144,0.8504303,0.27256912
1356782113938,-0.7750656,0.27364296,0.569555,0.4203967,-0.4496175,0.78810585,0.47174147,0.8502728,0.2334444
1356782113978,-0.73721063,0.29500377,0.60785955,0.459715,-0.44030535,0.77122843,0.49515912,0.84799993,0.1889801
1356782114018,-0.692425,0.3163836,0.64842045,0.5020138,-0.43422252,0.7479526,0.5181986,0.84341705,0.14183754
1356782114058,-0.64624035,0.33872843,0.68383956,0.54048747,-0.4294545,0.7234931,0.53874564,0.83715713,0.09445232
1356782114098,-0.60556376,0.36286303,0.70825344,0.5700842,-0.4231621,0.70422846,0.5552445,0.8302193,0.049389124
1356782114138,-0.57616025,0.3890332,0.7188132,0.5877848,-0.41388065,0.6951343,0.5679332,0.8230163,0.009793878
1356782114178,-0.5612215,0.4165535,0.71520174,0.59147644,-0.40260005,0.6986192,0.57895255,0.81510514,-0.020433784
1356782114218,-0.5617523,0.4439537,0.69809705,0.5797344,-0.39074534,0.7150008,0.5902054,0.80636424,-0.03787321
1356782114258,-0.5758927,0.4691871,0.66948575,0.5538362,-0.37846023,0.7416423,0.60134274,0.7978918,-0.041900337
1356782114298,-0.5993346,0.49036866,0.63272154,0.5184379,-0.3644712,0.77355206,0.60993445,0.7916434,-0.035785556
1356782114361,-0.62804854,0.50603783,0.591169,0.4792599,-0.3469813,0.8061724,0.61307836,0.789639,-0.024602532
1356782114379,-0.6600686,0.5152383,0.54666156,0.43991387,-0.3247553,0.8372633,0.60892135,0.7931352,-0.0122997165
1356782114419,-0.69420946,0.51766443,0.5000968,0.401087,-0.29870743,0.8659694,0.59766424,0.8017465,-2.629161E-4
1356782114459,-0.72843575,0.51433873,0.45258924,0.36237085,-0.27138948,0.89164746,0.58143675,0.81351304,0.011308432
1356782114498,-0.7607698,0.5074519,0.4046257,0.32315022,-0.24450171,0.91421705,0.56285286,0.8262636,0.02202624
1356782114538,-0.79058546,0.49937338,0.3544023,0.28136587,-0.21780312,0.9345561,0.5438823,0.8385632,0.031685293
1356782114578,-0.818951,0.49160004,0.2960552,0.2310593,-0.18975991,0.9542551,0.52529126,0.8498945,0.04181522
1356782114618,-0.84698105,0.4846297,0.21853429,0.16048682,-0.15880626,0.97417897,0.5068206,0.86018294,0.056729138
1356782114658,-0.8711113,0.47893196,0.10857804,0.05479853,-0.12491852,0.99065256,0.48801863,0.86891854,0.082573235
1356782114698,-0.87856084,0.47629175,-0.035737798,-0.09011617,-0.0918172,0.99168986,0.4690523,0.8744803,0.12358844
1356782114738,-0.8561386,0.479975,-0.19144383,-0.2521,-0.06455505,0.9655456,0.45107904,0.87490386,0.17626977
1356782114778,-0.80705863,0.4908301,-0.32824114,-0.3978375,-0.04122734,0.9165291,0.4363276,0.8702794,0.22854346
1356782114818,-0.74513704,0.50398564,-0.43677157,-0.51182806,-0.0122926235,0.85899997,0.42755455,0.8636246,0.26711363
1356782114858,-0.6804154,0.5118657,-0.5244316,-0.5958114,0.030253232,0.80255437,0.42666584,0.85853267,0.28439063
1356782114898,-0.61776227,0.50836664,-0.59994423,-0.6558836,0.08777684,0.7497412,0.43380463,0.8566555,0.27920413
1356782114938,-0.5607747,0.49104565,-0.6666378,-0.6966743,0.15523821,0.7003899,0.44741106,0.8571903,0.25504524
1356782114978,-0.5151407,0.46283165,-0.72139925,-0.7198545,0.2232238,0.6572524,0.46523064,0.85787994,0.21817976
1356782115018,-0.48863518,0.4318893,-0.75809443,-0.72507215,0.28227627,0.62816435,0.48528948,0.85661644,0.17522085
1356782115058,-0.4866773,0.40732077,-0.77280986,-0.71199095,0.3276403,0.6210642,0.506176,0.8524914,0.1305536
1356782115098,-0.5098059,0.39552224,-0.7639764,-0.6804676,0.35795587,0.63939923,0.5263664,0.84583074,0.0866521
1356782115138,-0.5540141,0.39980704,-0.73022103,-0.6301494,0.37181395,0.6816642,0.54404056,0.8377999,0.04594797
1356782115178,-0.61139697,0.42094284,-0.6700752,-0.56067985,0.36711383,0.7422031,0.558419,0.8294785,0.01156193
1356782115218,-0.67085004,0.4570819,-0.58398324,-0.47322786,0.3424502,0.8116546,0.57097787,0.8208557,-0.013428867
1356782115258,-0.7201857,0.5022419,-0.478629,-0.37476206,0.29895216,0.8775996,0.58385444,0.8114066,-0.02707982
1356782115298,-0.75142395,0.54566646,-0.37095845,-0.28112596,0.24386263,0.9281698,0.596934,0.8017351,-0.029843211
1356782115357,-0.7667643,0.57757336,-0.28014553,-0.20795275,0.18938726,0.9596292,0.6073122,0.7940664,-0.025107443
1356782115389,-0.77534425,0.5927761,-0.21784803,-0.1633936,0.14491606,0.9758596,0.6100359,0.7922221,-0.015504003
1356782115448,-0.7841437,0.59555537,-0.17444892,-0.13446742,0.11137086,0.9846395,0.6058359,0.79555655,-0.0072479844
1356782115468,-0.7939456,0.58869874,-0.15193516,-0.12163216,0.09105146,0.9883902,0.595698,0.80320823,-6.852746E-4
1356782115508,-0.80428076,0.5765867,-0.14380676,-0.11940685,0.08025509,0.9895965,0.58212936,0.81308484,0.004300773
1356782115545,-0.81388295,0.5619527,-0.1476605,-0.12584288,0.07761544,0.98900926,0.5672372,0.8235198,0.007547915
1356782115589,-0.8219495,0.54524887,-0.16462894,-0.14252183,0.082951784,0.9863095,0.5514405,0.83415985,0.009527683
1356782115628,-0.8272983,0.5258305,-0.19768652,-0.17381918,0.095027626,0.980182,0.5341953,0.8452645,0.012783229
1356782115668,-0.82770395,0.5032536,-0.24827798,-0.22436936,0.10874331,0.9684179,0.51435834,0.8572693,0.022907376
1356782115708,-0.8190749,0.48033214,-0.3136835,-0.2955507,0.11533713,0.94833916,0.49169713,0.8694702,0.047492683
1356782115748,-0.7985386,0.46428406,-0.38311404,-0.3791256,0.106429756,0.9192043,0.46754664,0.87926847,0.0910337
1356782115788,-0.7683467,0.46133813,-0.44363326,-0.46043703,0.08303636,0.88380015,0.4445684,0.8833301,0.14861643
1356782115828,-0.73443204,0.46964508,-0.48994187,-0.5281654,0.05783564,0.8471696,0.42620513,0.88095886,0.20557392
1356782115868,-0.7023862,0.48160946,-0.52412397,-0.57783604,0.04417318,0.8149566,0.41564304,0.875272,0.24726462
1356782115908,-0.6758363,0.4903083,-0.5503119,-0.6094619,0.048122406,0.7913536,0.4144896,0.8702196,0.26630127
1356782115948,-0.65705806,0.49239397,-0.570809,-0.62460613,0.068348825,0.77794325,0.4220687,0.8676847,0.2626431
1356782115988,-0.647495,0.48812643,-0.5852202,-0.62495947,0.09932876,0.7743122,0.43609145,0.8671022,0.24074441
1356782116028,-0.64794093,0.480601,-0.5909275,-0.61155707,0.13423091,0.7797308,0.4540601,0.8666053,0.20694125
1356782116068,-0.6582231,0.47387916,-0.58496207,-0.5847631,0.16753083,0.7937162,0.4741247,0.8645067,0.16683447
1356782116108,-0.67689633,0.47117206,-0.56551576,-0.5448019,0.19593734,0.8153523,0.49497688,0.8600031,0.124066174
1356782116148,-0.7013346,0.47431284,-0.53212506,-0.492392,0.21743286,0.842777,0.5154415,0.8530828,0.08105469
1356782116188,-0.7280633,0.48400623,-0.4854501,-0.42934495,0.23010206,0.8733361,0.53440315,0.8442695,0.040276825
1356782116228,-0.7531881,0.5004467,-0.42692024,-0.35859182,0.23172623,0.9042759,0.55147046,0.8341799,0.0049226284
1356782116268,-0.7728637,0.52346426,-0.35870174,-0.2840765,0.22005469,0.9332077,0.56743485,0.82314104,-0.021368384
1356782116308,-0.784392,0.5507608,-0.28529236,-0.21191765,0.1943121,0.9577754,0.58294094,0.81172985,-0.035700917
1356782116362,-0.78847814,0.5765232,-0.21429694,-0.15014991,0.15745002,0.9760453,0.59645385,0.80176705,-0.037581027
1356782116389,-0.78971845,0.59395736,-0.15349053,-0.10444486,0.116372526,0.9876987,0.604513,0.7960352,-0.029865742
1356782116429,-0.79315114,0.599689,-0.10622808,-0.07421133,0.07795739,0.99419075,0.6044866,0.79642683,-0.017328262
1356782116469,-0.80077904,0.5946915,-0.07137984,-0.055380553,0.045149148,0.99744403,0.5963942,0.80268526,-0.0032202005
1356782116508,-0.81116146,0.5830656,-0.045294523,-0.043144256,0.017576754,0.99891424,0.58322865,0.8122349,0.010898352
1356782116558,-0.8234139,0.56678593,-0.027262568,-0.0369882,-0.0056690574,0.9992996,0.5662344,0.82384557,0.025632381
1356782116598,-0.8337309,0.551984,-0.014369309,-0.03292072,-0.023713648,0.9991766,0.55118877,0.83351743,0.03794253
1356782116638,-0.84242344,0.53872406,-0.009966075,-0.034517437,-0.035499513,0.99877346,0.5377095,0.84173405,0.048500955
1356782116678,-0.8505157,0.5256544,-0.017623872,-0.0466156,-0.04196316,0.99803114,0.5238799,0.84966266,0.060193956
1356782116718,-0.8581764,0.5117053,-0.04111989,-0.07534462,-0.046316147,0.9960813,0.5077956,0.85791165,0.07830173
1356782116758,-0.8631745,0.49822968,-0.08183643,-0.12509012,-0.05399376,0.9906752,0.4891651,0.8653624,0.108929515
1356782116798,-0.86147237,0.4894094,-0.13543907,-0.19296575,-0.068793416,0.978791,0.46971217,0.8693365,0.15370286
1356782116838,-0.8508804,0.48858637,-0.19309567,-0.2674572,-0.08650303,0.95967907,0.4521827,0.86821693,0.20427966
1356782116878,-0.83324784,0.49406642,-0.24818638,-0.33581388,-0.09563601,0.9370607,0.4392347,0.86414826,0.24560279
1356782116918,-0.8125786,0.50034595,-0.2989479,-0.3909194,-0.087414265,0.91626453,0.43231693,0.86140156,0.26662594
1356782116958,-0.7926655,0.5024671,-0.3452656,-0.43100497,-0.061322927,0.9002634,0.43118003,0.8624189,0.2651744
1356782116998,-0.77660185,0.49875537,-0.38487986,-0.45564583,-0.02278173,0.8898696,0.43505898,0.8664433,0.24494821
1356782117038,-0.767025,0.4913149,-0.41265273,-0.46340603,0.020613372,0.8859063,0.4437651,0.8707381,0.21186739
1356782117078,-0.76578677,0.4842929,-0.42312047,-0.45215443,0.06239897,0.8897543,0.45730397,0.8726779,0.17119092
1356782117118,-0.77311647,0.48140153,-0.41296896,-0.42078564,0.09789139,0.90186286,0.47458425,0.8710165,0.12688547
1356782117158,-0.78704894,0.48471934,-0.38157713,-0.3702016,0.12366891,0.9206828,0.49346197,0.8658829,0.082110405
1356782117198,-0.80371296,0.4952017,-0.32987997,-0.3030882,0.13637233,0.9431544,0.5120382,0.8580081,0.04048562
1356782117238,-0.817977,0.51319134,-0.25990093,-0.22384433,0.13223904,0.96561205,0.52991277,0.8480257,0.006706357
1356782117278,-0.82484466,0.53708,-0.17656825,-0.13968433,0.10902703,0.98417544,0.54783165,0.8364557,-0.014908731
1356782117318,-0.8224464,0.56172407,-0.0897097,-0.060958594,0.06976509,0.99569917,0.56556684,0.8243779,-0.02313608
1356782117369,-0.813808,0.58104885,-0.009939402,0.0017350018,0.01953274,0.9998077,0.5811312,0.8136343,-0.016903996
1356782117409,-0.80650216,0.5880452,0.0612956,0.054151654,-0.029768229,0.99808896,0.5887461,0.8082801,-0.007835448
1356782117449,-0.8043702,0.58332175,0.11280212,0.0904042,-0.0674817,0.9936163,0.58721006,0.80943316,0.0015455484
1356782117489,-0.8067083,0.57086015,0.15277597,0.11877945,-0.09661597,0.9882089,0.5788896,0.8153429,0.010134459
1356782117529,-0.81068695,0.5547825,0.18709068,0.14447698,-0.120107114,0.98219174,0.5673737,0.8232804,0.017216027
1356782117569,-0.814254,0.5377436,0.21868318,0.1698666,-0.13950908,0.97554225,0.5550999,0.83148605,0.02225107
1356782117608,-0.81718713,0.5203078,0.24796161,0.194769,-0.15561873,0.96842545,0.54246676,0.83968,0.025829792
1356782117648,-0.8211021,0.5012338,0.27304935,0.21610597,-0.1697638,0.96149796,0.5282892,0.84849566,0.031073868
1356782117688,-0.8289312,0.47855425,0.2895841,0.22736692,-0.18473822,0.95612556,0.5110552,0.8584041,0.044327796
1356782117728,-0.84326494,0.4516546,0.29139727,0.22028458,-0.20411265,0.95384103,0.49028456,0.86853105,0.0726285
1356782117768,-0.86351156,0.423403,0.27400297,0.19047847,-0.22925735,0.95454645,0.46697503,0.87645364,0.1173172
1356782117808,-0.8843445,0.3998952,0.24087013,0.1444987,-0.25614566,0.9557769,0.44390845,0.88004154,0.16873682
1356782117848,-0.8996057,0.38596734,0.20430079,0.098264664,-0.2769211,0.955855,0.425504,0.87996817,0.21119285
1356782117888,-0.9069328,0.38155338,0.17857763,0.06802222,-0.285703,0.955901,0.41574743,0.8790852,0.2331593
1356782117928,-0.90717244,0.38286656,0.174503,0.06485589,-0.28253853,0.95706093,0.41573045,0.87953687,0.23148
1356782117968,-0.9008118,0.38518035,0.20043503,0.09553768,-0.27447426,0.9568367,0.42356896,0.88107884,0.21045041
1356782118008,-0.88380015,0.38371414,0.26769525,0.1676877,-0.2743615,0.94689316,0.4367816,0.8817535,0.17813659
1356782118048,-0.8424089,0.37164703,0.39016128,0.2905893,-0.29642183,0.90977585,0.45376778,0.87977993,0.14171165
1356782118088,-0.7508824,0.33887428,0.56686854,0.46032965,-0.3469271,0.81715256,0.473574,0.8745318,0.104507506
1356782118128,-0.5971193,0.28239754,0.7507998,0.63127124,-0.4120568,0.65704334,0.49491954,0.8662915,0.067777574
1356782118168,-0.4277988,0.2237182,0.8757501,0.7420341,-0.46630955,0.4816023,0.5161138,0.85586536,0.033480197
1356782118208,-0.30983865,0.19108322,0.9313899,0.78514004,-0.5010684,0.3639856,0.53624165,0.8440483,0.005223334
1356782118248,-0.2654515,0.19235998,0.9447397,0.78765905,-0.5218192,0.32756367,0.55599344,0.8310851,-0.012996405
1356782118288,-0.280612,0.21956399,0.93437064,0.76785874,-0.5327349,0.35578996,0.57589054,0.8173036,-0.019102305
1356782118358,-0.3347724,0.26136774,0.90532553,0.730442,-0.53498447,0.42455396,0.59529984,0.8034167,-0.011815876
1356782118371,-0.39408994,0.3054682,0.8668232,0.6888634,-0.52617395,0.49860632,0.6084081,0.79361844,-0.003066063
1356782118409,-0.45064008,0.34279123,0.8242679,0.64975,-0.50722456,0.5661697,0.61216694,0.79070693,0.0058471262
1356782118449,-0.5074259,0.37436083,0.77612686,0.61157787,-0.47804916,0.63042957,0.6070349,0.79455835,0.013623714
1356782118506,-0.5629665,0.39942506,0.7235525,0.5725537,-0.44287252,0.68996096,0.5960292,0.80269766,0.02063018
1356782118528,-0.6134904,0.41804972,0.6699732,0.5328834,-0.40696788,0.74189794,0.5828077,0.8121648,0.02689904
1356782118568,-0.6574681,0.4319301,0.61739135,0.49342313,-0.37244248,0.7860154,0.56944644,0.8214152,0.03174472
1356782118605,-0.699973,0.4444576,0.55901283,0.44867325,-0.33531046,0.82840765,0.5556349,0.83067703,0.03529203
1356782118648,-0.7574361,0.4634409,0.45990574,0.3680408,-0.2787574,0.88704026,0.5392928,0.8411403,0.040575624
1356782118688,-0.84514606,0.5013211,0.18548657,0.13114622,-0.1419301,0.98115057,0.51819766,0.85354143,0.0542053
1356782118728,-0.721706,0.46002328,-0.5172223,-0.48689425,0.19374096,0.85170317,0.49201047,0.86651194,0.08415872
1356782118768,-0.29019815,0.2904329,-0.9118298,-0.8371712,0.38455445,0.3889243,0.46360466,0.8762229,0.13154507
1356782118808,-0.06710902,0.23740634,-0.96908957,-0.89647007,0.4120272,0.1630181,0.43799275,0.8796998,0.18517697
1356782118848,0.058481544,0.22490668,-0.9726237,-0.9056554,0.42181984,0.043085515,0.41996217,0.8783422,0.22835666
1356782118888,0.15455237,0.2034351,-0.96681315,-0.8980067,0.43694416,-0.05161211,0.4119436,0.8761815,0.25021684
1356782118928,0.23109832,0.16335884,-0.9591181,-0.8805939,0.45429394,-0.13480183,0.4137005,0.8757459,0.24883932
1356782118968,0.28452277,0.10990909,-0.952348,-0.8597599,0.46872002,-0.20276693,0.4240986,0.8764825,0.22785696
1356782119008,0.30809528,0.05639124,-0.9496827,-0.8428325,0.47918624,-0.24497738,0.4412603,0.8758999,0.19516337
1356782119048,0.30642575,0.007025838,-0.95186865,-0.8312316,0.48925364,-0.26397902,0.4638505,0.8721133,0.15575999
1356782119088,0.2791912,-0.031347364,-0.9597237,-0.82688975,0.50026137,-0.25688872,0.4881655,0.86530674,0.113747716
1356782119128,0.2281608,-0.05385226,-0.9721329,-0.8292843,0.51239645,-0.22301874,0.51012754,0.85705876,0.07224995
1356782119168,0.15468726,-0.05600661,-0.9863747,-0.8349497,0.5263028,-0.16082373,0.52813894,0.84845066,0.03464967
1356782119208,0.06072186,-0.03396365,-0.9975768,-0.8368144,0.543067,-0.06942573,0.5441089,0.83900225,0.0045547485
1356782119248,-0.05065477,0.015952855,-0.9985888,-0.8266027,0.5604809,0.050884426,0.5605017,0.8280137,-0.01520437
1356782119288,-0.17006671,0.091429114,-0.981182,-0.79898006,0.5700173,0.19160163,0.5768086,0.81652987,-0.023890913
1356782119360,-0.28388825,0.18130952,-0.94155943,-0.75724256,0.5599892,0.33614832,0.5882101,0.8084175,-0.021679103
1356782119380,-0.37899646,0.25781432,-0.88875943,-0.7131424,0.5306783,0.45804852,0.58973676,0.8074109,-0.01726681
1356782119419,-0.44083416,0.3003047,-0.8458619,-0.68464077,0.49692106,0.5332321,0.58045876,0.81417847,-0.013458967
1356782119459,-0.47947305,0.31609088,-0.8186526,-0.6728556,0.46645224,0.5741843,0.5633567,0.8261409,-0.010967672
1356782119499,-0.50268465,0.31540477,-0.80487764,-0.67307353,0.44146657,0.59336275,0.54247594,0.8400162,-0.009627879
1356782119539,-0.51459765,0.30518854,-0.8012797,-0.68121094,0.4220032,0.5982182,0.52071196,0.85368216,-0.009264052
1356782119580,-0.5171575,0.28927755,-0.80552256,-0.6951625,0.40706825,0.59249014,0.49929678,0.8663798,-0.009423554
1356782119620,-0.5111133,0.27124333,-0.81559205,-0.7136465,0.39492744,0.57856816,0.4790324,0.8777582,-0.008280814
1356782119661,-0.49853623,0.2575472,-0.8277265,-0.73512244,0.38042897,0.5611317,0.45940903,0.8882247,-3.2883883E-4
1356782119699,-0.47975284,0.25533104,-0.83943033,-0.7585542,0.3601061,0.5430645,0.44094527,0.8972901,0.020920455
1356782119739,-0.4589308,0.2741774,-0.84510905,-0.780638,0.3297639,0.530905,0.42424864,0.9033729,0.06269449
1356782119794,-0.4389528,0.32658672,-0.8370552,-0.7997103,0.28269607,0.5296662,0.4096142,0.9019002,0.13708454
1356782119825,-0.41649187,0.3673821,-0.8316037,-0.8174487,0.24899513,0.51940256,0.39788443,0.89612037,0.1966117
1356782119868,-0.3999805,0.39032006,-0.8292563,-0.8284074,0.23313296,0.5093037,0.39211848,0.8906735,0.23009533
1356782119908,-0.3962434,0.39568323,-0.82850814,-0.82943517,0.23270619,0.5078238,0.39373636,0.8884157,0.23598534
1356782119948,-0.40713543,0.3876499,-0.82702374,-0.81942296,0.24495512,0.5182113,0.40346828,0.8886644,0.21791935
1356782119988,-0.43370676,0.37471232,-0.81944454,-0.7968677,0.26499778,0.54293466,0.4205953,0.88846326,0.18366474
1356782120028,-0.47459626,0.36569387,-0.8006411,-0.76033896,0.28793192,0.58221966,0.4434443,0.885078,0.14139998
1356782120068,-0.526849,0.36684632,-0.76671636,-0.7085526,0.3086682,0.63456845,0.46945012,0.87758064,0.0973084
1356782120108,-0.5859569,0.38057163,-0.71541584,-0.64102185,0.3223983,0.6965274,0.49572742,0.8667322,0.05504316
1356782120148,-0.6461543,0.40678114,-0.645766,-0.55839235,0.3248223,0.7633403,0.52027166,0.85382646,0.017258167
1356782120188,-0.70073134,0.44442973,-0.55808413,-0.46284655,0.31208915,0.82968277,0.5429077,0.83969206,-0.012987852
1356782120228,-0.7429348,0.49071246,-0.45524615,-0.3594948,0.2811916,0.8897723,0.5646338,0.8247014,-0.03249848
1356782120268,-0.7687103,0.53854454,-0.34504232,-0.25809753,0.23240572,0.937749,0.5852094,0.80991197,-0.039655685
1356782120308,-0.78054625,0.5773646,-0.239578,-0.17033209,0.17231292,0.9702037,0.60144365,0.7980967,-0.03615451
1356782120367,-0.78656024,0.59918916,-0.14931622,-0.102708444,0.11149114,0.98844355,0.6089121,0.79280645,-0.02615273
1356782120388,-0.79402494,0.60298216,-0.0770514,-0.052891284,0.057742715,0.9969294,0.6055798,0.79566216,-0.013956666
1356782120429,-0.80512995,0.59274125,-0.020582378,-0.015432388,0.013754547,0.9997863,0.59289765,0.8052755,-0.0019267797
1356782120469,-0.8183765,0.5741863,0.02387622,0.014577866,-0.020791769,0.99967754,0.5744976,0.8184606,0.008644998
1356782120509,-0.83180857,0.55199575,0.058268026,0.039215505,-0.04627019,0.9981589,0.55367553,0.83256215,0.016841233
1356782120549,-0.8447086,0.5288451,0.0824032,0.05780287,-0.06292069,0.99634326,0.5320961,0.84638286,0.022580802
1356782120591,-0.85753787,0.5056688,0.09448707,0.06722069,-0.07195151,0.9951404,0.51000994,0.8597221,0.027709723
1356782120629,-0.8712196,0.48234904,0.0911912,0.061670616,-0.07674837,0.99514145,0.48700425,0.8726105,0.037118018
1356782120671,-0.8856396,0.4592666,0.068677455,0.03383048,-0.083688736,0.9959175,0.4631392,0.8843474,0.058580935
1356782120708,-0.89777905,0.43966645,0.02619192,-0.019996107,-0.10009223,0.99477714,0.43999177,0.8925664,0.09865248
1356782120748,-0.9027333,0.42917606,-0.029674023,-0.09309605,-0.12754482,0.98745406,0.42000687,0.89417017,0.15509349
1356782120788,-0.8981934,0.43077278,-0.08765617,-0.17006163,-0.15661818,0.97290796,0.4053737,0.88876635,0.2139312
1356782120828,-0.8862534,0.4416458,-0.13965665,-0.23708397,-0.17349339,0.955872,0.39792734,0.88025516,0.25846618
1356782120868,-0.8706666,0.4561379,-0.18405934,-0.28798354,-0.16936648,0.9425394,0.39875448,0.8736437,0.27882195
1356782120908,-0.8544962,0.46939412,-0.22249818,-0.32209113,-0.14272028,0.935889,0.4075458,0.8713783,0.27314162
1356782120948,-0.8396388,0.4786267,-0.2567551,-0.3411151,-0.09682256,0.9350219,0.42266673,0.87266374,0.24456269
1356782120988,-0.8276172,0.48352537,-0.28504887,-0.3462675,-0.040136933,0.93727684,0.4417561,0.8744097,0.20064718
1356782121028,-0.8205347,0.4864424,-0.30016094,-0.33463657,0.016917467,0.9421954,0.46340173,0.87354887,0.14890003
1356782121068,-0.8207809,0.49155468,-0.2910202,-0.2998398,0.06290895,0.9519131,0.48622507,0.8685715,0.09575325
1356782121108,-0.82824504,0.5026972,-0.24760006,-0.23638216,0.08719009,0.96774036,0.5080687,0.8600543,0.046613872
1356782121148,-0.8373097,0.52076703,-0.16647573,-0.14456399,0.08277172,0.9860275,0.5272701,0.8496767,0.0059785247
1356782121188,-0.83817595,0.54253566,-0.05582355,-0.034389257,0.049577534,0.9981781,0.54431474,0.83856857,-0.022897363
1356782121228,-0.82496065,0.5619395,0.0605298,0.071765274,-0.0020821095,0.9974193,0.5606153,0.8271757,-0.03861004
1356782121268,-0.8044927,0.57421786,0.15187287,0.14829278,-0.053418696,0.9874997,0.5751528,0.81695795,-0.04217738
1356782121308,-0.7903514,0.57840335,0.20197584,0.18514268,-0.08876985,0.97869414,0.58400935,0.8109066,-0.03692776
1356782121363,-0.7893686,0.5752157,0.21453217,0.18970542,-0.103801966,0.9763386,0.5838741,0.81138897,-0.027183533
1356782121389,-0.7994018,0.56595606,0.20161995,0.17408425,-0.102992475,0.97933,0.57502306,0.817977,-0.016191721
1356782121429,-0.8146338,0.55314296,0.1743695,0.14764993,-0.09294969,0.98466235,0.5608666,0.82788485,-0.005951524
1356782121469,-0.8304955,0.53967756,0.13793246,0.11448479,-0.076961994,0.9904393,0.5451334,0.8383466,0.0021317005
1356782121509,-0.8448136,0.52737963,0.09033683,0.072795376,-0.05397737,0.9958852,0.5300857,0.84791344,0.0072100163
1356782121566,-0.85643584,0.51580226,0.021578327,0.01343444,-0.01951629,0.9997193,0.51607865,0.8564853,0.009784937
1356782121588,-0.8608062,0.5010428,-0.089268595,-0.083613515,0.0337891,0.9959253,0.5020175,0.86476266,0.012808025
1356782121628,-0.8376638,0.47343552,-0.27235615,-0.24859422,0.113530695,0.96193117,0.4863332,0.8734812,0.022592902
1356782121665,-0.73892385,0.420255,-0.5266661,-0.48441797,0.2119484,0.8487738,0.4683275,0.8823058,0.04696542
1356782121708,-0.54997396,0.35415184,-0.7563763,-0.70456207,0.2895621,0.64787817,0.44846517,0.88923013,0.09027028
1356782121748,-0.3420503,0.3088233,-0.8874851,-0.8362395,0.33074558,0.43739098,0.42860824,0.8917598,0.1451186
1356782121788,-0.16430378,0.28498146,-0.9443462,-0.89644957,0.35629958,0.26349324,0.41156086,0.88985175,0.19693023
1356782121828,-0.015370518,0.25936666,-0.96565664,-0.9160137,0.38352457,0.11759159,0.40085244,0.8863621,0.23168844
1356782121868,0.105914354,0.21866465,-0.97003496,-0.9106748,0.41307545,-0.0063177943,0.3993161,0.8840556,0.24288309
1356782121908,0.19318858,0.16401514,-0.9673557,-0.89246595,0.4390106,-0.10379824,0.40765488,0.8833848,0.23118979
1356782121948,0.23901322,0.10643256,-0.9651657,-0.8735277,0.45764837,-0.16585332,0.42405432,0.8827401,0.2023558
1356782121988,0.23990496,0.05974257,-0.96895635,-0.8625607,0.47110844,-0.18451536,0.44546008,0.8800498,0.16455287
1356782122028,0.19803028,0.032962084,-0.97964156,-0.8604688,0.48450363,-0.15763792,0.4694438,0.87416804,0.12430924
1356782122068,0.11829667,0.030015558,-0.99252456,-0.8613652,0.5003881,-0.08753157,0.49402016,0.8652808,0.08504856
1356782122108,0.008482754,0.051552057,-0.9986342,-0.8560436,0.5165397,0.019393563,0.516834,0.85471,0.04851252
1356782122148,-0.11993119,0.09584254,-0.98814505,-0.835879,0.5272776,0.1525926,0.5356516,0.84427035,0.016875744
1356782122188,-0.2509406,0.15761411,-0.9550847,-0.7961878,0.52755964,0.296253,0.55055785,0.83476865,-0.006895721
1356782122228,-0.36848876,0.230304,-0.9006531,-0.7387196,0.51562023,0.4340842,0.56436634,0.8252853,-0.019870162
1356782122268,-0.46159318,0.30729446,-0.83216697,-0.67161524,0.49179277,0.55414146,0.5795383,0.814684,-0.020624518
1356782122308,-0.5274397,0.3803436,-0.75970125,-0.6064489,0.4576912,0.6501834,0.5950017,0.8036526,-0.010745525
1356782122362,-0.5704767,0.44328162,-0.69141704,-0.5538467,0.41400295,0.72239554,0.6064734,0.79504895,0.009331107
1356782122399,-0.606793,0.48847282,-0.62705386,-0.5104794,0.36520857,0.7784815,0.6092725,0.7924752,0.0277493
1356782122439,-0.63752073,0.513141,-0.57467693,-0.4796202,0.31941015,0.81727695,0.60293585,0.7966577,0.042482257
1356782122479,-0.66738975,0.524413,-0.52875525,-0.45366368,0.27676886,0.84710586,0.59057623,0.8052268,0.053194344
1356782122519,-0.6969806,0.52763784,-0.48560905,-0.42757708,0.23785168,0.8721263,0.57566977,0.81549054,0.059827864
1356782122559,-0.7260745,0.5251536,-0.44387984,-0.3997166,0.20291084,0.89389807,0.55950177,0.8264628,0.06258428
1356782122598,-0.75466,0.5169773,-0.4040084,-0.37125483,0.17124242,0.9126039,0.54097885,0.8386957,0.06270045
1356782122638,-0.7824426,0.50227565,-0.36810693,-0.3457898,0.14117128,0.92763144,0.51789284,0.85310596,0.06322336
1356782122678,-0.8079761,0.48162335,-0.33943105,-0.32871425,0.10964519,0.9380431,0.48900044,0.8694923,0.06972581
1356782122718,-0.8282887,0.45928273,-0.32093164,-0.3251408,0.072484195,0.9428836,0.45631263,0.8853278,0.08929378
1356782122758,-0.8402622,0.44249642,-0.31329894,-0.3362978,0.027894735,0.9413424,0.42528003,0.89633626,0.12537181
1356782122798,-0.84317905,0.43630224,-0.31414893,-0.35758734,-0.018776178,0.933691,0.40147296,0.8996043,0.17184776
1356782122838,-0.8394683,0.43954262,-0.31952384,-0.38125268,-0.05739814,0.92268735,0.38722035,0.89638597,0.21576059
1356782122878,-0.832835,0.44724157,-0.32613003,-0.40036443,-0.07987589,0.9128681,0.38222265,0.8908394,0.24558306
1356782122918,-0.8260284,0.45570835,-0.3316728,-0.4105414,-0.08327615,0.9080312,0.386177,0.8862251,0.25587565
1356782122958,-0.82025313,0.46402323,-0.33446547,-0.4096312,-0.0684101,0.9096825,0.399233,0.8831775,0.24619204
1356782122998,-0.81570655,0.4728249,-0.33325556,-0.39728656,-0.039171338,0.9168582,0.4204593,0.88028526,0.21979934
1356782123038,-0.8121422,0.48299572,-0.32732287,-0.3748496,-0.002019763,0.92708343,0.44711623,0.8756204,0.18269104
1356782123078,-0.8093703,0.49467152,-0.31657535,-0.344818,0.036093533,0.9379754,0.47541606,0.86833024,0.14135855
1356782123118,-0.80748403,0.5070068,-0.30151856,-0.30970675,0.07064569,0.948204,0.5020469,0.859042,0.09997833
1356782123158,-0.80679595,0.51874065,-0.28282237,-0.27182055,0.09912866,0.95722884,0.52458936,0.84916526,0.061027706
1356782123198,-0.8071952,0.5293667,-0.26116437,-0.23368303,0.11971569,0.9649147,0.5420592,0.8399042,0.027070045
1356782123238,-0.8077261,0.53977513,-0.23711045,-0.19796728,0.13050824,0.9714817,0.5553265,0.8316312,0.0014429092
1356782123278,-0.8069248,0.55154145,-0.211363,-0.1670316,0.1301586,0.97732246,0.56654453,0.82393,-0.012903392
1356782123318,-0.80408776,0.5649717,-0.18506747,-0.14249235,0.11907202,0.9826077,0.5771819,0.8164735,-0.015240252
1356782123363,-0.8003645,0.57780766,-0.15985884,-0.12523626,0.09962481,0.9871123,0.586287,0.8100698,-0.007373631
1356782123399,-0.7987933,0.5857909,-0.13703401,-0.11322209,0.07732928,0.9905559,0.59085536,0.8067647,0.004554391
1356782123439,-0.80162096,0.5860168,-0.11827099,-0.1056806,0.055813253,0.9928325,0.5884176,0.80837435,0.017189562
1356782123479,-0.8085158,0.5792867,-0.10358125,-0.1007258,0.037190616,0.9942188,0.57979,0.814275,0.02827996
