1356781833511,0.34354377,-0.30489895,0.8882648,0.91910124,-0.085172534,-0.3847057,0.19295213,0.9485686,0.2509725
1356781833532,0.10299802,-0.2739484,0.9562131,0.97578585,-0.15866047,-0.15056139,0.19295928,0.94856685,0.25097328
1356781833565,0.10301536,-0.27395397,0.9562098,0.97577506,-0.15869963,-0.15059069,0.193005,0.9485588,0.25096887
1356781833599,0.103206635,-0.2739788,0.956182,0.9757371,-0.15873367,-0.15079996,0.19309428,0.9485458,0.25094897
1356781833638,0.10367191,-0.27405116,0.95611084,0.9756495,-0.15879136,-0.15130508,0.19328746,0.9485153,0.2509157
1356781833680,0.104962826,-0.27441043,0.955867,0.97545284,-0.15869236,-0.15267095,0.19358331,0.9484279,0.2510177
1356781833718,0.107276976,-0.27533326,0.95534456,0.97511494,-0.15837342,-0.15514076,0.1940166,0.9482138,0.25149179
1356781833758,0.11071414,-0.27699298,0.95447224,0.97460693,-0.15782231,-0.15885052,0.19463748,0.9478222,0.2524861
1356781833800,0.115250826,-0.2793646,0.95324314,0.9739231,-0.15701586,-0.16376734,0.19542512,0.9472599,0.25398344
1356781833838,0.120649695,-0.28230444,0.9517079,0.9730941,-0.15594155,-0.16961777,0.1962946,0.9465656,0.25589448
1356781833878,0.12671745,-0.28556746,0.94994426,0.9721537,-0.15456498,-0.1761446,0.19712928,0.94581234,0.25802934
1356781833920,0.13272125,-0.2889192,0.9481091,0.9712012,-0.15305936,-0.18259591,0.19787234,0.945039,0.26028436
1356781833959,0.13831055,-0.29217464,0.94631076,0.9702944,-0.1515227,-0.18859881,0.19849142,0.94428533,0.26253828
1356781833998,0.14328873,-0.29511404,0.9446566,0.96947205,-0.15005153,-0.1939295,0.19897842,0.9436061,0.26460403
1356781834038,0.14733237,-0.2976047,0.9432521,0.96878374,-0.14881516,-0.19827285,0.19937715,0.9430194,0.2663893
1356781834080,0.15075505,-0.29949218,0.9421133,0.9681832,-0.14781958,-0.20191765,0.19973552,0.9425783,0.26767868
1356781834118,0.15398216,-0.30063373,0.9412273,0.96761185,-0.14697689,-0.20524383,0.20004192,0.9423466,0.26826495
1356781834158,0.15724623,-0.30100977,0.94056726,0.96704924,-0.14616483,-0.20845065,0.20022354,0.9423529,0.26810735
1356781834200,0.16069484,-0.30058667,0.94011956,0.96648514,-0.14528829,-0.21165484,0.20020896,0.94262344,0.26716548
1356781834238,0.16418946,-0.29943025,0.9398848,0.96595263,-0.14432502,-0.21472263,0.19994333,0.9431393,0.2655388
1356781834283,0.1672163,-0.2978096,0.93986607,0.9655447,-0.14333856,-0.21720374,0.19940439,0.9438027,0.26357996
1356781834318,0.16937613,-0.29598445,0.94005585,0.9653309,-0.14240003,-0.21876597,0.19861522,0.9445187,0.2616037
1356781834376,0.17023379,-0.29422665,0.9404527,0.96536446,-0.14169711,-0.21907404,0.19771686,0.9451734,0.25991428
1356781834398,0.1691314,-0.292981,0.9410402,0.9657254,-0.14148235,-0.21761683,0.19689816,0.9455924,0.25901008
1356781834439,0.16511494,-0.2928689,0.94178814,0.9665374,-0.1420275,-0.21362048,0.19632262,0.9455454,0.25961787
1356781834475,0.15786844,-0.29413268,0.9426365,0.96778715,-0.1435141,-0.20686153,0.19612637,0.9449284,0.2620015
1356781834557,0.14640582,-0.29754218,0.9434161,0.9694723,-0.14647228,-0.19664496,0.1966945,0.9434058,0.26701456
1356781834559,0.13403678,-0.30084822,0.94420576,0.97107804,-0.15010333,-0.18567827,0.1975894,0.9417852,0.27202773
1356781834598,0.121311724,-0.30446464,0.9447671,0.97243685,-0.15448147,-0.17464846,0.1991233,0.9399132,0.2773322
1356781834638,0.10774475,-0.3077892,0.94533426,0.9736403,-0.15961093,-0.1629383,0.20103627,0.9379713,0.28247878
1356781834679,0.09293872,-0.31040087,0.9460516,0.9747549,-0.16537148,-0.15001711,0.20301533,0.93611085,0.28719532
1356781834718,0.07606721,-0.3119769,0.9470397,0.97584426,-0.17178702,-0.1349715,0.20479715,0.9344301,0.2913735
1356781834758,0.056320965,-0.3123924,0.9482821,0.97688633,-0.17892182,-0.116962045,0.20620641,0.9329512,0.2950948
1356781834798,0.03338349,-0.31179598,0.94956243,0.9777304,-0.18677348,-0.09570223,0.20719269,0.9316109,0.2986173
1356781834838,0.0076117516,-0.31053087,0.9505328,0.9781432,-0.19521308,-0.07160729,0.20779276,0.9303023,0.3022578
1356781834878,-0.019903243,-0.3090334,0.9508429,0.97793126,-0.20384914,-0.045782775,0.20797688,0.9289478,0.30627063
1356781834918,-0.047539115,-0.3077192,0.9502888,0.9770732,-0.21198392,-0.01976481,0.20752797,0.92756224,0.31074175
1356781834958,-0.07355946,-0.30690244,0.948894,0.9757776,-0.21870989,0.0049058497,0.20602691,0.92627037,0.31555673
1356781834998,-0.09663576,-0.30678037,0.94686186,0.97442496,-0.22306412,0.027176738,0.20287359,0.925272,0.32049033
1356781835038,-0.11625695,-0.3074923,0.9444219,0.97341275,-0.22422153,0.046821922,0.1973624,0.9247557,0.3253842
1356781835078,-0.13289195,-0.30920723,0.94166374,0.972985,-0.22166818,0.06452462,0.1887854,0.92479956,0.33031186
1356781835118,-0.1477719,-0.31218356,0.9384588,0.97312266,-0.21534824,0.081593305,0.17662334,0.92529273,0.33561534
1356781835158,-0.16238385,-0.31671154,0.9345187,0.97353923,-0.20575261,0.09943387,0.16078785,0.92593706,0.34174213
1356781835198,-0.17751479,-0.322734,0.9296942,0.97382367,-0.19389045,0.11863366,0.14197168,0.92641747,0.34870446
1356781835238,-0.19214249,-0.32925817,0.92448384,0.97377074,-0.18095064,0.13793996,0.121868074,0.92673945,0.35539028
1356781835278,-0.20324296,-0.3341503,0.9203454,0.9737016,-0.16780323,0.15410137,0.1029439,0.92746186,0.35946754
1356781835318,-0.2068767,-0.33456737,0.9193838,0.9744136,-0.15485185,0.16290805,0.08786458,0.929562,0.35804227
1356781835358,-0.19974953,-0.32767528,0.9234333,0.97667235,-0.14238524,0.16074106,0.07881236,0.93399966,0.34847268
1356781835398,-0.18026924,-0.31125596,0.93307173,0.9806018,-0.13109344,0.14572152,0.07696283,0.9412408,0.3288502
1356781835438,-0.14968783,-0.28454077,0.94690555,0.98530257,-0.122639835,0.11890495,0.082295,0.95078707,0.2987164
1356781835478,-0.111665964,-0.24856749,0.9621564,0.9892919,-0.11937177,0.08397624,0.09398058,0.96123075,0.25923553
1356781835556,-0.06554383,-0.20259628,0.9770664,0.99146044,-0.12385094,0.040828764,0.11273888,0.9713988,0.20898393
1356781835559,-0.032912254,-0.15780416,0.9869218,0.99070776,-0.13553226,0.011367559,0.13196588,0.97812515,0.16079843
1356781835598,-0.0041756034,-0.115192056,0.9933345,0.9882802,-0.15205473,-0.013478667,0.15259379,0.9816365,0.11447689
1356781835638,0.01564157,-0.07660562,0.9969388,0.9846471,-0.17218482,-0.02867958,0.17385474,0.9820814,0.07273626
1356781835678,0.027153611,-0.04341036,0.9986882,0.98037547,-0.19399184,-0.035087973,0.19526061,0.9800422,0.03729087
1356781835718,0.031951427,-0.016099721,0.99935985,0.9758644,-0.2156071,-0.03467372,0.21602729,0.97634757,0.008822143
1356781835758,0.032313347,0.0055904984,0.9994621,0.9713884,-0.23558265,-0.030087918,0.23528779,0.9718381,-0.013042986
1356781835798,0.03018272,0.022127569,0.9992994,0.967001,-0.25367796,-0.023589939,0.2529783,0.96703553,-0.029054046
1356781835838,0.025602818,0.033470333,0.99911165,0.9625235,-0.27074945,-0.015595108,0.26998696,0.96206784,-0.039147943
1356781835878,0.017059803,0.039256603,0.9990836,0.9577192,-0.2876603,-0.00505057,0.28719836,0.95692766,-0.04250428
1356781835918,0.0039454103,0.03987679,0.9991968,0.95270264,-0.3037892,0.008361995,0.3038786,0.9519044,-0.03918934
1356781835959,-0.011870682,0.036792725,0.99925244,0.9482354,-0.3167395,0.022927046,0.31734625,0.94779867,-0.031128258
1356781835998,-0.026580751,0.031782806,0.99914134,0.9456305,-0.3233062,0.035441607,0.324155,0.9457605,-0.02146107
1356781836038,-0.036267996,0.025882572,0.99900687,0.94615924,-0.3208778,0.0426628,0.32166338,0.94676685,-0.012851447
1356781836078,-0.03795308,0.01901707,0.99909854,0.95022285,-0.30873108,0.041972905,0.30925092,0.9509593,-0.0063532293
1356781836118,-0.029343069,0.010450959,0.99951476,0.9569678,-0.28852183,0.031110823,0.28870696,0.9574163,-0.0015350878
1356781836158,-0.008055627,-5.7405233E-4,0.99996746,0.9646356,-0.2634771,0.007619709,0.26346412,0.96466553,0.002676189
1356781836198,0.028209269,-0.014532328,0.9994964,0.9711048,-0.23665118,-0.030848742,0.23698038,0.971486,0.0074366927
1356781836238,0.080578506,-0.03173992,0.99624276,0.9740064,-0.20977932,-0.085463494,0.21170378,0.9772334,0.014011174
1356781836278,0.14692247,-0.052675307,0.98774445,0.9709458,-0.18300754,-0.1541833,0.18888637,0.98169935,0.024256974
1356781836318,0.21836594,-0.078540206,0.97270125,0.9611865,-0.15493128,-0.2282908,0.16863185,0.9847983,0.04166007
1356781836358,0.28018388,-0.11151394,0.9534472,0.948107,-0.12336418,-0.2930431,0.15029967,0.986076,0.07116252
1356781836398,0.31723768,-0.15318015,0.9358932,0.9389888,-0.08755481,-0.33261728,0.13289234,0.98431194,0.11605875
1356781836438,0.32443526,-0.20168436,0.9241565,0.9388143,-0.050771385,-0.34066126,0.11562675,0.9781338,0.17287213
1356781836478,0.31335115,-0.24943191,0.9162941,0.9444589,-0.018772602,-0.3280931,0.099038035,0.9682104,0.22969568
1356781836556,0.3052654,-0.2862171,0.90823615,0.9484216,0.005751282,-0.31695968,0.08549571,0.9581476,0.2732101
1356781836559,0.31307098,-0.30592772,0.89910775,0.94652283,0.022774428,-0.32183188,0.07798064,0.9517823,0.29669765
1356781836585,0.33420756,-0.31126583,0.88961726,0.93940747,0.033617288,-0.3411503,0.076281905,0.94972813,0.3036406
1356781836617,0.37093315,-0.30292976,0.8778623,0.9251481,0.038413495,-0.3776578,0.08068198,0.95223844,0.2945037
1356781836658,0.43046016,-0.27677613,0.8591269,0.89769226,0.032058597,-0.4394551,0.094088286,0.96039945,0.26225978
1356781836698,0.48140293,-0.24405462,0.8418364,0.8692021,0.009249806,-0.4943704,0.11286658,0.9697173,0.21658571
1356781836738,0.51598924,-0.21264532,0.8297813,0.8460423,-0.025071919,-0.5325259,0.13404343,0.9768077,0.16697012
1356781836778,0.5344555,-0.18610677,0.8244523,0.8307154,-0.064127624,-0.5529914,0.15578565,0.98043454,0.12032843
1356781836818,0.54098177,-0.16466382,0.8247572,0.82216835,-0.103001505,-0.559848,0.177138,0.98095685,0.07965951
1356781836858,0.5401193,-0.14720711,0.82861406,0.81811225,-0.13909066,-0.55798393,0.19739169,0.9792772,0.045306414
1356781836898,0.5345391,-0.13280916,0.8346435,0.8171405,-0.17089772,-0.55052286,0.21575311,0.97629696,0.017172202
1356781836938,0.5242638,-0.121252894,0.84287906,0.8193249,-0.19791746,-0.5380848,0.23206484,0.9726903,-0.0044154376
1356781836978,0.50623465,-0.112927854,0.85497004,0.82611513,-0.22102824,-0.51834375,0.24750799,0.96870726,-0.018600747
1356781837018,0.4750733,-0.10814491,0.87327546,0.83949244,-0.24174657,-0.4866323,0.26373821,0.96429414,-0.024060503
1356781837058,0.42629537,-0.10619235,0.89832926,0.85985154,-0.26085708,-0.4388722,0.28094044,0.9595189,-0.019892499
1356781837098,0.36195442,-0.104848534,0.9262806,0.883757,-0.27754304,-0.37675378,0.2965848,0.95497465,-0.0077973157
1356781837138,0.29214883,-0.10229981,0.9508859,0.90580714,-0.28941858,-0.3094357,0.30685917,0.95172036,0.008110538
1356781837178,0.23048097,-0.098971605,0.9680306,0.9227519,-0.2935512,-0.24971318,0.30888104,0.95080614,0.023668244
1356781837218,0.18862331,-0.09739885,0.9772076,0.93436074,-0.2885188,-0.20910975,0.3023098,0.9525074,0.036584273
1356781837258,0.17625445,-0.100366086,0.97921443,0.94100523,-0.27475065,-0.19753793,0.2888659,0.95626295,0.046018958
1356781837298,0.20343357,-0.10951242,0.972945,0.9408319,-0.25320297,-0.22521907,0.27101675,0.9611948,0.051522747
1356781837338,0.27763167,-0.12440455,0.95259863,0.92745304,-0.22384939,-0.29953665,0.2505024,0.9666514,0.05323173
1356781837378,0.39512366,-0.14221254,0.90755326,0.8899255,-0.18577164,-0.4165592,0.22783762,0.9722471,0.053155765
1356781837418,0.5322195,-0.1586178,0.83161455,0.8219392,-0.13858023,-0.5524596,0.2028752,0.97756636,0.056619078
1356781837458,0.65500695,-0.17098027,0.73602426,0.734817,-0.08287096,-0.6731838,0.17609617,0.98178315,0.07135815
1356781837498,0.74473643,-0.18009876,0.64259785,0.6503758,-0.019977853,-0.7593498,0.1495957,0.98344564,0.102253646
1356781837545,0.7958688,-0.19177172,0.57429653,0.5921892,0.04898052,-0.80430895,0.12611437,0.98021656,0.15254721
1356781837586,0.8420552,-0.19625163,0.50242245,0.5280707,0.11010868,-0.8420317,0.109928995,0.97435176,0.1963523
1356781837628,0.8758368,-0.19558382,0.44119942,0.47131205,0.15000635,-0.8691163,0.10380237,0.9691466,0.22356209
1356781837668,0.9003086,-0.19317563,0.3900352,0.4217775,0.16596267,-0.89138097,0.10746184,0.96702605,0.23089477
1356781837708,0.9157162,-0.19372422,0.35204378,0.38341612,0.15910274,-0.90976834,0.12023299,0.96806884,0.21996993
1356781837748,0.9242647,-0.19921556,0.32564992,0.35511038,0.13557732,-0.9249408,0.14011183,0.9705318,0.19605285
1356781837788,0.9284712,-0.20916122,0.3069085,0.33301497,0.102956235,-0.9372839,0.1644453,0.9724462,0.16524571
1356781837828,0.930323,-0.22213542,0.29181322,0.31324816,0.06751034,-0.94726866,0.19072153,0.97267574,0.13238993
1356781837868,0.93110543,-0.23683682,0.27740043,0.2931477,0.033353806,-0.95548517,0.21704172,0.97097677,0.10048407
1356781837908,0.93166935,-0.25235683,0.26135844,0.27089632,0.0031751692,-0.9626033,0.24208967,0.967629,0.07132074
1356781837948,0.93222064,-0.268547,0.24258438,0.2460192,-0.021327496,-0.9690302,0.2654039,0.9630304,0.04618579
1356781837988,0.9323269,-0.28588656,0.22143942,0.21977231,-0.038333543,-0.9747978,0.2871701,0.95749646,0.02709055
1356781838028,0.93183225,-0.3044588,0.19746765,0.19300543,-0.045005076,-0.980165,0.30730692,0.9514617,0.01682502
1356781838068,0.9325264,-0.32250008,0.16244443,0.15900525,-0.037170377,-0.9865778,0.3242095,0.94583935,0.016616851
1356781838108,0.9378855,-0.3356853,0.08767115,0.09063885,-0.006849792,-0.9958603,0.33489618,0.9419493,0.024001807
1356781838148,0.93803626,-0.3318225,-0.099908866,-0.082635276,0.06580329,-0.994405,0.3365403,0.9410439,0.03430563
1356781838188,0.8293241,-0.2656322,-0.49159032,-0.45217758,0.19780383,-0.8697179,0.32826352,0.9435641,0.04393056
1356781838228,0.51250076,-0.12230191,-0.8499325,-0.80002177,0.29156697,-0.5243605,0.31194252,0.94869965,0.051584125
1356781838268,0.286735,-0.030428022,-0.9575266,-0.9126437,0.29525453,-0.28267717,0.29131538,0.954934,0.05688989
1356781838308,0.22995651,-0.0046914816,-0.9731896,-0.9349578,0.2765075,-0.22225559,0.27013695,0.9610003,0.05919835
1356781838348,0.2695341,-0.011811018,-0.9629184,-0.9298504,0.25687253,-0.26342866,0.25045863,0.9663731,0.058253407
1356781838388,0.35296857,-0.030020148,-0.9351535,-0.9063151,0.23728114,-0.34970084,0.23239234,0.97097707,0.05654508
1356781838428,0.44067547,-0.04102367,-0.89672863,-0.871585,0.21949789,-0.43836087,0.21481323,0.9747501,0.060971707
1356781838468,0.510705,-0.032061726,-0.85915804,-0.83690906,0.21030237,-0.5053277,0.19688466,0.9771105,0.080569714
1356781838508,0.56093633,-0.001838088,-0.8278569,-0.8082856,0.21494922,-0.5481525,0.17895472,0.9766235,0.11908713
1356781838552,0.6027232,0.0375984,-0.79706407,-0.7812196,0.23128025,-0.5798322,0.16254446,0.97216046,0.16877055
1356781838589,0.65027833,0.066921204,-0.75674284,-0.74477315,0.2526233,-0.61765236,0.14983687,0.9652477,0.21411654
1356781838629,0.71029854,0.07117888,-0.70029247,-0.68925047,0.27224928,-0.67142695,0.1428627,0.9595905,0.24243836
1356781838669,0.7785314,0.046713263,-0.62586474,-0.61118925,0.2830233,-0.73915184,0.14260612,0.9579748,0.24889317
1356781838709,0.84314895,0.0013080537,-0.5376785,-0.5167465,0.2782861,-0.809648,0.14856936,0.9604973,0.23531258
1356781838749,0.8944817,-0.05242668,-0.44402015,-0.41775668,0.255871,-0.87178516,0.15931667,0.9652883,0.20697033
1356781838789,0.929942,-0.10442747,-0.35256612,-0.32423103,0.21939,-0.92018604,0.17344218,0.97003245,0.17016134
1356781838829,0.95192266,-0.15042454,-0.26686284,-0.24012959,0.17450464,-0.95492715,0.1902133,0.97309846,0.12999353
1356781838868,0.96379936,-0.18970288,-0.18735957,-0.16528387,0.12630564,-0.97812486,0.20921767,0.9736836,0.09037846
1356781838908,0.9682499,-0.22313437,-0.11270797,-0.09732544,0.078810394,-0.9921273,0.23026028,0.9715966,0.054591507
1356781838948,0.9668334,-0.25231314,-0.03963881,-0.031802207,0.035063386,-0.99887896,0.25342014,0.96701014,0.025876341
1356781838988,0.9598601,-0.27811813,0.0363153,0.036859162,-0.0032747108,-0.99931496,0.27804658,0.9605412,0.0071079433
1356781839028,0.9462029,-0.30034882,0.12037729,0.11448227,-0.037218153,-0.9927278,0.3026449,0.953103,-8.3130505E-4
1356781839068,0.92399174,-0.31622037,0.21504432,0.20329085,-0.07012238,-0.9766042,0.32390153,0.9460907,-5.078018E-4
1356781839108,0.8928646,-0.32116166,0.31567073,0.2982076,-0.10359051,-0.9488631,0.33743894,0.9413417,0.0032805502
1356781839148,0.8569273,-0.3122125,0.4101206,0.38780537,-0.13360134,-0.91200745,0.3395328,0.94057107,0.006591052
1356781839188,0.82366896,-0.29137847,0.48648542,0.46168783,-0.15354873,-0.87365156,0.3292625,0.94420403,0.0080525875
1356781839228,0.7994741,-0.26447186,0.5393475,0.51506305,-0.16022426,-0.8420442,0.3091135,0.9509905,0.008124532
1356781839268,0.78655976,-0.23727968,0.57010704,0.5483749,-0.15608029,-0.8215375,0.28391665,0.9588208,0.007351758
1356781839308,0.78417945,-0.2131085,0.5827928,0.56423455,-0.14601311,-0.81260055,0.25826746,0.9660564,0.005742699
1356781839348,0.78756046,-0.19320542,0.5851668,0.5695855,-0.13420704,-0.81090134,0.23520398,0.9719364,0.004350815
1356781839388,0.7881875,-0.17891398,0.588855,0.57635343,-0.12094493,-0.80820113,0.21581748,0.9764027,0.0077903904
1356781839428,0.77692467,-0.17320266,0.60530066,0.59709764,-0.10218032,-0.79563403,0.19965579,0.97957134,0.0240325
1356781839468,0.7470654,-0.17976876,0.63998157,0.638321,-0.07477221,-0.76613015,0.1855791,0.98086303,0.058890432
1356781839508,0.6964542,-0.19992042,0.6891904,0.6964482,-0.043158755,-0.7163081,0.17294917,0.9788612,0.1091761
1356781839551,0.62987566,-0.22961223,0.7419804,0.75950605,-0.017784894,-0.6502571,0.162503,0.97311974,0.16318959
1356781839589,0.5643662,-0.2569117,0.7845299,0.81068176,-0.0069231093,-0.5854462,0.15583932,0.9664101,0.20436645
1356781839629,0.5163063,-0.272595,0.811862,0.8422424,-0.010061592,-0.53900516,0.1550987,0.9620763,0.22439617
1356781839669,0.48594272,-0.27396858,0.82994026,0.85897064,-0.025582254,-0.51138526,0.16133529,0.9613983,0.2228995
1356781839710,0.46667284,-0.26371762,0.8441975,0.8671826,-0.051147044,-0.49535674,0.17381251,0.96324295,0.2048224
1356781839749,0.4500621,-0.24612638,0.8584089,0.87253666,-0.08338964,-0.48137903,0.19006252,0.96564376,0.17722377
1356781839789,0.43160617,-0.22407919,0.8737875,0.877773,-0.11894196,-0.46407697,0.20791996,0.9672855,0.14535455
1356781839829,0.40953693,-0.19911781,0.8902986,0.8837446,-0.15563676,-0.44133067,0.22643995,0.96753776,0.112230256
1356781839869,0.38316253,-0.1726276,0.90740633,0.8904834,-0.19196966,-0.41253752,0.24540985,0.9660991,0.0801664
1356781839908,0.3512286,-0.14651456,0.92475504,0.8981221,-0.22640604,-0.37698406,0.2646038,0.9629505,0.052067712
1356781839948,0.31178814,-0.123033226,0.94215226,0.9067612,-0.25770003,-0.33372843,0.28385243,0.9583597,0.031213984
1356781839988,0.26309836,-0.10407093,0.95913947,0.91594267,-0.2853207,-0.28220782,0.30303192,0.9527651,0.020255536
1356781840028,0.205894,-0.08987343,0.97443855,0.9244026,-0.3088526,-0.22380742,0.32107225,0.9468541,0.019488394
1356781840068,0.14558005,-0.07845265,0.98623097,0.93078846,-0.32700223,-0.16340837,0.3353196,0.9417614,0.025417894
1356781840108,0.0902732,-0.06701815,0.9936596,0.93526804,-0.33715403,-0.10770801,0.34223464,0.93906116,0.032243907
1356781840148,0.045877695,-0.054474622,0.99746066,0.9396602,-0.336518,-0.061597496,0.339019,0.9401001,0.03574899
1356781840198,0.015999854,-0.04122272,0.9990219,0.9473634,-0.31890422,-0.028331488,0.3197602,0.9468901,0.033950448
1356781840235,-9.622574E-4,-0.031670094,0.999498,0.95527685,-0.2955925,-0.008446455,0.29571155,0.9547891,0.030538112
1356781840278,-0.0036848783,-0.02635482,0.99964595,0.9629965,-0.26949084,-0.0035551488,0.26948905,0.9626423,0.026372552
1356781840318,0.011802077,-0.025484651,0.99960554,0.9696374,-0.24390781,-0.017666548,0.24426189,0.96946347,0.021832347
1356781840358,0.04483354,-0.029087067,0.9985709,0.9741826,-0.2201209,-0.050150365,0.22126508,0.97503877,0.018467307
1356781840398,0.088047266,-0.03995335,0.9953147,0.9756955,-0.19782501,-0.094252616,0.2006639,0.9794228,0.021564394
1356781840438,0.124967456,-0.06309974,0.99015224,0.9751843,-0.17601222,-0.1342951,0.18275288,0.98236346,0.039538115
1356781840496,0.1387884,-0.1018883,0.9850668,0.9758762,-0.15520656,-0.15354699,0.16853341,0.98261374,0.07788941
1356781840563,0.112715125,-0.15856317,0.98089397,0.98072386,-0.14082372,-0.13545993,0.15961215,0.9772545,0.13963369
1356781840564,0.08990425,-0.20921299,0.9737285,0.98398983,-0.13240641,-0.11930016,0.1538871,0.96886456,0.19395956
1356781840595,0.078035176,-0.24514169,0.9663416,0.98517364,-0.12958616,-0.11242935,0.15278557,0.96078765,0.23139477
1356781840639,0.08828241,-0.2611375,0.9612562,0.9837043,-0.12888509,-0.1253573,0.15662712,0.9566587,0.24550378
1356781840678,0.11826223,-0.25883117,0.9586556,0.9792061,-0.12985986,-0.1558587,0.16483203,0.9571535,0.23809156
1356781840718,0.15958208,-0.24256262,0.9569205,0.97129095,-0.13466072,-0.19611272,0.17642927,0.9607444,0.2141095
1356781840758,0.20081443,-0.21749252,0.9551809,0.9609085,-0.1459763,-0.23525706,0.19060037,0.96508443,0.17967625
1356781840798,0.23186725,-0.18834323,0.95433974,0.95051664,-0.16467726,-0.26343825,0.2067748,0.96819854,0.14084002
1356781840838,0.24793828,-0.15806991,0.95579314,0.9424973,-0.18887615,-0.27572578,0.22411045,0.9691954,0.10215078
1356781840878,0.2474457,-0.12837586,0.96035945,0.9383935,-0.21501666,-0.27052826,0.24122259,0.96813613,0.0672621
1356781840918,0.23034573,-0.100676864,0.9678868,0.93850935,-0.23988348,-0.24830621,0.25717878,0.9655672,0.039230064
1356781840958,0.19716156,-0.07660809,0.9773733,0.94179785,-0.26209652,-0.21052864,0.27229434,0.9619962,0.020473957
1356781840998,0.14981145,-0.05750397,0.98704094,0.94605005,-0.2817585,-0.16000488,0.28730804,0.9577607,0.012190968
1356781841038,0.09376961,-0.043043554,0.99466306,0.9488795,-0.29857546,-0.102374196,0.30138856,0.9534149,0.012845844
1356781841078,0.037873805,-0.031313896,0.9987918,0.9494372,-0.31060743,-0.045740396,0.31166443,0.95002246,0.017966658
1356781841118,-0.009429872,-0.020305157,0.99974936,0.949056,-0.31509703,0.0025519729,0.31496626,0.9488422,0.022242099
1356781841158,-0.043272972,-0.009933859,0.9990139,0.94988084,-0.31028688,0.038059384,0.30960283,0.9505911,0.022863
1356781841198,-0.062179565,-0.0014400482,0.99806386,0.9529859,-0.2972265,0.058942318,0.2965662,0.95480585,0.0198538
1356781841238,-0.06535256,0.00410825,0.99785376,0.9581251,-0.27912897,0.063899845,0.2787924,0.9602448,0.014305651
1356781841278,-0.05192709,0.0067388415,0.99862814,0.96425927,-0.25982887,0.051893353,0.25982216,0.9656311,0.006994188
1356781841318,-0.023020327,0.006756574,0.99971217,0.9699756,-0.2420181,0.02397129,0.24211043,0.9702482,-9.823442E-4
1356781841358,0.01499176,0.0024546385,0.9998846,0.97393316,-0.22639984,-0.014046878,0.22633922,0.9740313,-0.0057848096
1356781841398,0.049559414,-0.011118293,0.9987092,0.97597396,-0.21188444,-0.050789952,0.2121757,0.9772314,3.503561E-4
1356781841438,0.066465974,-0.03913629,0.99702084,0.9776925,-0.19698113,-0.07290959,0.19924772,0.9796258,0.025170743
1356781841478,0.059047043,-0.08124253,0.99494374,0.9805018,-0.18241376,-0.07308504,0.18742904,0.9798596,0.06888747
1356781841550,0.025349021,-0.13428184,0.9906188,0.98395383,-0.17171681,-0.04845521,0.17661262,0.97595155,0.12777436
1356781841569,-0.001766026,-0.17545071,0.98448664,0.9857093,-0.16613895,-0.027840286,0.16844612,0.9703685,0.17323682
1356781841609,-0.011309028,-0.19713244,0.98031163,0.98629224,-0.16359836,-0.021520287,0.16461968,0.96663046,0.19628033
1356781841649,0.0013497472,-0.19946459,0.9799042,0.9860195,-0.16301125,-0.034539998,0.1666249,0.9662512,0.19645593
1356781841689,0.032439828,-0.1870386,0.98181677,0.9840378,-0.16600043,-0.06413674,0.17497799,0.9682255,0.17866796
1356781841729,0.07368165,-0.16593945,0.9833795,0.9792005,-0.1748786,-0.10287827,0.18904355,0.9705059,0.14960259
1356781841769,0.11657351,-0.14147717,0.9830538,0.971327,-0.19026077,-0.1425645,0.20720616,0.971486,0.11524123
1356781841808,0.15494955,-0.1171886,0.9809472,0.961409,-0.21060729,-0.17702344,0.2273398,0.9705212,0.080032706
1356781841848,0.18427509,-0.09557414,0.9782169,0.95122874,-0.2331757,-0.20197293,0.24739978,0.9677266,0.047944397
1356781841888,0.20102125,-0.07872692,0.97641826,0.9426415,-0.25561845,-0.21467748,0.26649138,0.963567,0.022826463
1356781841928,0.20256591,-0.06845713,0.9768728,0.9368415,-0.27689934,-0.21366936,0.28512272,0.9584572,0.00804317
1356781841968,0.18863964,-0.06536174,0.97986877,0.933835,-0.29685092,-0.19957873,0.30391976,0.9526843,0.005039215
1356781842008,0.16352808,-0.06760222,0.98421973,0.932501,-0.31506032,-0.17657524,0.32202548,0.94666094,0.011517912
1356781842048,0.13550383,-0.07129198,0.98820853,0.9318351,-0.3297162,-0.15156043,0.3366334,0.94138443,0.021754563
1356781842088,0.11262596,-0.072962254,0.9909551,0.9321116,-0.33772504,-0.13080427,0.3442141,0.93841267,0.029972315
1356781842128,0.09900719,-0.071427256,0.99251986,0.93434906,-0.33645928,-0.11741793,0.34232938,0.9389852,0.033426136
1356781842168,0.094715655,-0.06758958,0.9932073,0.93881255,-0.32581288,-0.111700535,0.33114952,0.9430152,0.032594323
1356781842208,0.09823853,-0.062847674,0.99317646,0.9444584,-0.3086115,-0.11294848,0.31360415,0.94910973,0.029039413
1356781842248,0.108338594,-0.057832062,0.99243045,0.94974333,-0.28890115,-0.1205138,0.29368392,0.9556105,0.023626506
1356781842288,0.123310626,-0.0528107,0.9909619,0.9537426,-0.26958072,-0.1330458,0.27417052,0.96152854,0.017125696
1356781842328,0.13788867,-0.04984948,0.9891925,0.95687735,-0.2511143,-0.1460388,0.25568032,0.966673,0.013074011
1356781842368,0.14107132,-0.054278255,0.9885104,0.96112347,-0.23189008,-0.14989576,0.23736179,0.97122645,0.019455045
1356781842408,0.11905432,-0.07238287,0.9902458,0.96856946,-0.2109142,-0.1318652,0.21840164,0.97482103,0.044997603
1356781842448,0.06337863,-0.10533109,0.9924155,0.9779581,-0.19168252,-0.08279979,0.19895011,0.9757885,0.09086087
1356781842488,-0.020853639,-0.14474449,0.9892493,0.98332965,-0.18173718,-0.0058624446,0.18063194,0.972636,0.14612138
1356781842549,-0.11515939,-0.17628366,0.97757983,0.9792933,-0.18510449,0.08198202,0.16650233,0.9667784,0.19394991
1356781842569,-0.19889301,-0.18876097,0.9616709,0.96697295,-0.19739145,0.16124475,0.1593889,0.9619802,0.22178653
1356781842609,-0.26047367,-0.17980549,0.9485903,0.9521531,-0.21052676,0.22154662,0.15986839,0.9609102,0.22603905
1356781842649,-0.30034113,-0.15378946,0.94135225,0.93923837,-0.21966141,0.26378042,0.16621208,0.96337825,0.21041831
1356781842689,-0.32440794,-0.1172083,0.93862754,0.92929953,-0.22467291,0.2931286,0.17652708,0.9673594,0.18180731
1356781842728,-0.33841163,-0.07543552,0.9379697,0.9216069,-0.22788447,0.3141806,0.19004834,0.97076166,0.14664063
1356781842768,-0.34590596,-0.031983823,0.9377239,0.9152312,-0.23161107,0.32970914,0.20664188,0.9722825,0.10938823
1356781842808,-0.3505419,0.010510594,0.9364881,0.9089,-0.23734945,0.34287912,0.22587878,0.97136754,0.07364786
1356781842848,-0.3568793,0.049651444,0.9328301,0.9008241,-0.24605721,0.35773137,0.24729148,0.96798277,0.043085456
1356781842888,-0.37002045,0.08333027,0.9252788,0.88869697,-0.2585054,0.3786722,0.2707444,0.9624089,0.021596909
1356781842928,-0.39284867,0.11021677,0.91297436,0.870772,-0.27462727,0.40784296,0.29567876,0.95521307,0.0119133
1356781842968,-0.4236145,0.130225,0.896433,0.8475254,-0.29236013,0.4429742,0.3197676,0.9474001,0.013479054
1356781843018,-0.45916927,0.14342907,0.87669355,0.82132936,-0.3075009,0.4804801,0.3384989,0.940676,0.023392498
1356781843058,-0.49007392,0.15279487,0.85818493,0.80007744,-0.3119213,0.51242685,0.34598234,0.9377414,0.0306167
1356781843098,-0.5134005,0.15705517,0.843655,0.7877592,-0.3036865,0.5359198,0.34037557,0.9397384,0.032191098
1356781843138,-0.5288478,0.15558764,0.8343335,0.78461075,-0.28517383,0.5505104,0.3235827,0.94576335,0.028737843
1356781843178,-0.5342739,0.14899981,0.83207595,0.7901902,-0.2616009,0.55422413,0.30025113,0.9536058,0.022028327
1356781843218,-0.5261626,0.13909134,0.8389317,0.8046012,-0.2379058,0.544075,0.27526286,0.9612775,0.01326412
1356781843258,-0.50250787,0.12700489,0.8551934,0.8270825,-0.21750456,0.51829165,0.25183406,0.9677611,0.004254222
1356781843298,-0.46799457,0.11074564,0.8767648,0.8530829,-0.20240092,0.48091942,0.23071775,0.97302073,2.4735928E-4
1356781843338,-0.43720126,0.08500618,0.89533734,0.8743448,-0.19300532,0.44527507,0.21065608,0.9775084,0.010057569
1356781843378,-0.4284979,0.04548469,0.90239716,0.883407,-0.18858242,0.42898586,0.18968853,0.9810035,0.04062569
1356781843418,-0.44918853,-0.0051635504,0.893422,0.877597,-0.19001448,0.44013402,0.16749048,0.98176765,0.089883864
1356781843458,-0.4875201,-0.05624035,0.8712987,0.8606211,-0.19914871,0.46869102,0.14715865,0.9783542,0.14549059
1356781843498,-0.52182245,-0.09533763,0.84770995,0.8425379,-0.21315593,0.49466613,0.13353407,0.9723556,0.19155508
1356781843566,-0.53670347,-0.115873724,0.8357768,0.833724,-0.22522885,0.50415903,0.12982222,0.96739095,0.21748775
1356781843578,-0.5296215,-0.117821366,0.8400115,0.83723974,-0.23153979,0.4953978,0.13612762,0.96566427,0.22127312
1356781843618,-0.5081897,-0.10441288,0.8548925,0.8480425,-0.23380548,0.47556168,0.15022385,0.9666607,0.20736414
1356781843655,-0.4851817,-0.079757065,0.8707683,0.8579184,-0.23593253,0.45641193,0.16904047,0.96849084,0.18289524
1356781843698,-0.4704219,-0.047236353,0.8811765,0.8616593,-0.24002695,0.44713566,0.19038507,0.9696163,0.1536156
1356781843738,-0.47032344,-0.009612709,0.88244176,0.8565043,-0.24585903,0.45382112,0.2125938,0.9692579,0.12386656
1356781843778,-0.48323125,0.030708939,0.8749541,0.8432863,-0.25224674,0.47459456,0.23527858,0.9671756,0.095997036
1356781843818,-0.50696945,0.07133925,0.85900676,0.8224546,-0.2582236,0.50684214,0.25797358,0.9634476,0.07223827
1356781843858,-0.5380411,0.10910252,0.83582807,0.7951242,-0.26346034,0.5462292,0.27980253,0.9584808,0.05500239
1356781843898,-0.57321525,0.14068231,0.80723774,0.7626854,-0.26855004,0.5883807,0.2995585,0.95293725,0.046640635
1356781843938,-0.6087221,0.16406563,0.7762344,0.7277013,-0.27432895,0.62864494,0.31608257,0.9475368,0.047599316
1356781843978,-0.6399258,0.17965004,0.7471417,0.69469845,-0.28034985,0.66241825,0.32846454,0.9429368,0.054600537
1356781844018,-0.66364396,0.1892067,0.7237248,0.66855395,-0.28399718,0.6872999,0.33557755,0.9399715,0.0619781
1356781844058,-0.6796942,0.19371977,0.70745206,0.65198636,-0.28231895,0.7037114,0.3360499,0.9395577,0.06558788
1356781844098,-0.6894129,0.19310255,0.69815564,0.6451206,-0.27465767,0.71300954,0.32943776,0.9419525,0.06477809
1356781844138,-0.6933529,0.18775828,0.6957073,0.64699537,-0.26286894,0.71574914,0.3172677,0.9463861,0.060782194
1356781844178,-0.69065,0.17946893,0.70056653,0.65693456,-0.24936211,0.7115164,0.30238983,0.9516351,0.0543226
1356781844218,-0.6800156,0.17020652,0.7131679,0.6745713,-0.23588175,0.6995094,0.28728437,0.9567599,0.045586824
1356781844258,-0.6620363,0.15964139,0.73227215,0.69819474,-0.2238183,0.68002164,0.27245554,0.9614676,0.03671503
1356781844298,-0.64181435,0.14362541,0.75329024,0.72266054,-0.21539456,0.65678537,0.25658566,0.96590734,0.03445083
1356781844338,-0.6303177,0.11663452,0.7675258,0.7389113,-0.21313196,0.6392064,0.23813781,0.9700366,0.048158348
1356781844378,-0.63951546,0.07804912,0.76480603,0.73750925,-0.21855551,0.6389942,0.21702549,0.9726982,0.08220768
1356781844418,-0.6711371,0.036415428,0.74043834,0.7150638,-0.23172927,0.6595341,0.19559845,0.97209847,0.12948275
1356781844458,-0.7127886,0.00403139,0.7013673,0.6784086,-0.24985951,0.69089216,0.17802852,0.9682737,0.17536217
1356781844498,-0.7469903,-0.012768686,0.6647123,0.64323264,-0.26667696,0.7177292,0.16809902,0.96370137,0.20741826
1356781844548,-0.7609773,-0.016583115,0.6485665,0.62689626,-0.27623528,0.72848827,0.16707635,0.960947,0.22060466
1356781844579,-0.7468266,-0.014734566,0.6648556,0.64198124,-0.27683914,0.71499664,0.17352286,0.96080333,0.21621007
1356781844619,-0.69396377,-0.014892757,0.71985596,0.69580853,-0.2709071,0.66517663,0.18510777,0.9624903,0.19836217
1356781844659,-0.5811851,-0.023905426,0.8134203,0.78873694,-0.26257282,0.55583227,0.20029464,0.96461606,0.17145842
1356781844699,-0.38724166,-0.045775265,0.9208412,0.8957622,-0.25515884,0.36401114,0.21829808,0.96581495,0.13981187
1356781844738,-0.14719695,-0.07390407,0.9863424,0.9599906,-0.2508499,0.1244688,0.23822516,0.9652008,0.10787153
1356781844778,0.03636813,-0.092328995,0.99506426,0.96522486,-0.25469708,-0.05891016,0.25887898,0.9626032,0.07985532
1356781844818,0.101982,-0.09088373,0.990626,0.9547901,-0.27058798,-0.12311751,0.27924085,0.95839566,0.059179813
1356781844858,0.050448537,-0.06606856,0.9965389,0.9531189,-0.29490215,-0.06780177,0.29836103,0.9532406,0.048093826
1356781844898,-0.0883258,-0.01949495,0.99590087,0.94510967,-0.31740332,0.0776079,0.31458923,0.9480903,0.046459734
1356781844938,-0.25684887,0.036781102,0.9657514,0.90997994,-0.32737488,0.25448424,0.325523,0.9441784,0.050615788
1356781844978,-0.40062255,0.0861997,0.91217935,0.8552006,-0.32212538,0.40603834,0.32883647,0.94276446,0.05533266
1356781845018,-0.5022825,0.120147556,0.85631573,0.8019481,-0.3056544,0.5132781,0.32340586,0.94453156,0.057172894
1356781845058,-0.56655097,0.137458,0.8124809,0.76341474,-0.28360152,0.58031714,0.31019008,0.9490392,0.055737257
1356781845098,-0.59649384,0.13933176,0.7904314,0.74759877,-0.26189184,0.61033493,0.29204655,0.9549865,0.052052617
1356781845138,-0.5812729,0.12578446,0.803928,0.7666472,-0.24646622,0.59287995,0.27271613,0.9609541,0.046831727
1356781845178,-0.48162693,0.09052649,0.87168825,0.83844686,-0.24185568,0.48837754,0.25503385,0.96608007,0.040582538
1356781845218,-0.18700343,0.009750366,0.9823109,0.95261425,-0.24240416,0.18375614,0.23990798,0.9701264,0.036042124
1356781845258,0.37745368,-0.125606,0.91747034,0.897963,-0.19242436,-0.395772,0.22625491,0.97324,0.040158212
1356781845298,0.7920381,-0.20841902,0.57379186,0.57243013,-0.07305108,-0.8166928,0.21213047,0.9753076,0.061446097
1356781845338,0.9352997,-0.21747828,0.27913737,0.29451823,0.041172147,-0.9547585,0.19614659,0.97519636,0.102559626
1356781845378,0.9777672,-0.19277574,0.08251558,0.11009295,0.13702118,-0.9844312,0.17846806,0.97162896,0.15519807
1356781845418,0.9869434,-0.1563016,-0.038890686,-0.0056570023,0.20766938,-0.9781827,0.16096793,0.965631,0.20407373
1356781845458,0.9874539,-0.1281349,-0.09228406,-0.05838316,0.24675095,-0.9673188,0.14671846,0.96057045,0.23617426
1356781845498,0.98850167,-0.11986806,-0.09217429,-0.058921,0.25605088,-0.964866,0.13925792,0.9592026,0.24604398
1356781845547,0.98959833,-0.1309494,-0.05956,-0.02646488,0.24123728,-0.9701052,0.14140278,0.96159077,0.23526245
1356781845579,0.9878348,-0.15505905,-0.011793047,0.021125346,0.20894235,-0.97769976,0.15406527,0.96555674,0.2096762
1356781845619,0.98177624,-0.18566367,0.040550776,0.07200719,0.16596293,-0.98349947,0.17587021,0.9684964,0.17630759
1356781845659,0.9716344,-0.21784446,0.09203486,0.11977995,0.11776844,-0.9857907,0.20391022,0.96885204,0.14052126
1356781845699,0.9588696,-0.24744649,0.13906628,0.16062512,0.06908405,-0.9845948,0.23402727,0.96643555,0.10598871
1356781845738,0.94544363,-0.271777,0.17964855,0.19327419,0.023995157,-0.9808513,0.26226217,0.96206105,0.07521355
1356781845778,0.93247026,-0.2906843,0.21448039,0.21976629,-0.014749527,-0.97544104,0.2867089,0.9567053,0.050129116
1356781845818,0.9192668,-0.30630195,0.24724,0.24514513,-0.045944117,-0.9683972,0.30798113,0.95082515,0.032853514
1356781845858,0.90390337,-0.3209881,0.2827107,0.27501467,-0.07009414,-0.9588815,0.32760593,0.9444858,0.02491811
1356781845898,0.8854004,-0.334588,0.32267162,0.31098676,-0.08954239,-0.9461867,0.34547552,0.93810076,0.024771571
1356781845938,0.86647344,-0.34366924,0.36209834,0.3473363,-0.10597758,-0.93173283,0.35858226,0.9330917,0.027542055
1356781845978,0.8540185,-0.3441983,0.39010248,0.37320787,-0.1170751,-0.9203311,0.36244765,0.9315691,0.028473198
1356781846018,0.85456425,-0.33519012,0.39669573,0.3794995,-0.11842252,-0.9175817,0.35454208,0.9346783,0.02600485
1356781846058,0.86884,-0.3187621,0.3788242,0.36340788,-0.10903244,-0.9252278,0.33623174,0.9415427,0.021108925
1356781846098,0.8915326,-0.2979915,0.34113148,0.3285343,-0.093054175,-0.93989694,0.311825,0.9500221,0.014939606
1356781846138,0.9154244,-0.2754614,0.29346067,0.28337863,-0.07666665,-0.9559387,0.28582287,0.95825005,0.00787735
1356781846178,0.93503916,-0.25339472,0.2479776,0.23963057,-0.063805915,-0.96876514,0.26130244,0.96525633,0.0010600984
1356781846218,0.94824153,-0.23366742,0.21502942,0.20857762,-0.05228516,-0.9766072,0.2394441,0.97090983,-8.4117055E-4
1356781846258,0.95531213,-0.21758148,0.20009226,0.19752657,-0.033708785,-0.9797178,0.21991333,0.9754599,0.010775715
1356781846304,0.95678514,-0.20639034,0.20485415,0.21080329,0.007015053,-0.9775033,0.20031016,0.9784446,0.050219655
1356781846348,0.95202625,-0.20051281,0.23117234,0.24791412,0.06249809,-0.96676403,0.17940073,0.97769564,0.109209776
1356781846388,0.940748,-0.20132186,0.27287868,0.29967296,0.11693704,-0.9468484,0.15871164,0.9725201,0.17033899
1356781846428,0.9230028,-0.20873809,0.32325593,0.35772055,0.15593591,-0.9207171,0.14178151,0.9654597,0.21859917
1356781846468,0.8992291,-0.22071943,0.37771675,0.4167771,0.16977,-0.89301455,0.13298067,0.9604484,0.24465293
1356781846508,0.87090766,-0.23409125,0.43211243,0.47252133,0.15720901,-0.8671845,0.13506833,0.95941997,0.24752763
1356781846547,0.83973646,-0.24606586,0.48403943,0.52235025,0.12261005,-0.84387016,0.14829959,0.96146667,0.23149273
1356781846606,0.8066974,-0.25488478,0.5331726,0.56626606,0.07528776,-0.8207768,0.16906214,0.9640361,0.20506704
1356781846628,0.77344567,-0.25977772,0.57818455,0.6031517,0.021140277,-0.79734635,0.19490983,0.96543705,0.17303622
1356781846668,0.74059445,-0.26051024,0.61939836,0.63364005,-0.03605552,-0.77278733,0.22365174,0.9647976,0.1383672
1356781846705,0.70878327,-0.2569789,0.65695363,0.6586828,-0.092269346,-0.74674165,0.2525136,0.96200216,0.10386866
1356781846748,0.678468,-0.24965343,0.6909083,0.679616,-0.14379248,-0.7193371,0.2789324,0.9575995,0.07210985
1356781846788,0.6484916,-0.24004817,0.72238183,0.69910586,-0.1876542,-0.6899542,0.30118027,0.95245093,0.04612693
1356781846828,0.61608183,-0.23115377,0.75300145,0.71984214,-0.22289798,-0.6573764,0.31979755,0.94703984,0.029070824
1356781846868,0.57788193,-0.22553259,0.78433895,0.7435704,-0.25062633,-0.6199109,0.3363861,0.9414465,0.022866942
1356781846908,0.5343603,-0.22260264,0.81541836,0.76886237,-0.27276847,-0.5783148,0.3511548,0.9359729,0.025394112
1356781846948,0.4915445,-0.21850139,0.8429953,0.792286,-0.28960368,-0.5370405,0.3614787,0.9318727,0.030762553
1356781846988,0.45734656,-0.20958331,0.864239,0.8116163,-0.2988401,-0.50196975,0.36347374,0.9310046,0.033427745
1356781847028,0.43626145,-0.19551885,0.8783213,0.8268157,-0.29803506,-0.47702277,0.35503754,0.9343165,0.031636886
1356781847068,0.42779857,-0.17855561,0.88606226,0.83835113,-0.2880522,-0.46281034,0.33786952,0.9408209,0.026463926
1356781847108,0.42980984,-0.16104889,0.8884406,0.8458468,-0.27246168,-0.4585933,0.315922,0.9485926,0.019115984
1356781847148,0.4400371,-0.14436644,0.8862989,0.84879214,-0.2553065,-0.46300155,0.29311982,0.95602137,0.010192782
1356781847188,0.4549055,-0.1297358,0.8810389,0.8480816,-0.23872429,-0.4730416,0.27169582,0.96238214,0.0014295131
1356781847228,0.46735,-0.12043226,0.875831,0.84735024,-0.2215395,-0.4826156,0.25215364,0.96768606,-0.001488179
1356781847268,0.46773523,-0.122250974,0.8753733,0.8523322,-0.19980913,-0.48332828,0.2339949,0.9721785,0.010740653
1356781847308,0.4485674,-0.14021721,0.88268137,0.8671756,-0.17075628,-0.46781272,0.21631885,0.97528523,0.04499726
1356781847348,0.4095963,-0.17318892,0.8956765,0.89040077,-0.13777772,-0.43382445,0.19853795,0.975204,0.09777437
1356781847388,0.3588058,-0.21243745,0.90891623,0.91559285,-0.109259635,-0.38697836,0.1815165,0.9710473,0.15530318
1356781847428,0.3091375,-0.24529809,0.9188378,0.93606013,-0.09219709,-0.3395453,0.16800404,0.9650536,0.20111221
1356781847468,0.27089196,-0.26270658,0.9260684,0.9490059,-0.08828139,-0.30264524,0.16126153,0.96082866,0.22539541
1356781847508,0.24667853,-0.26289633,0.9327568,0.95524275,-0.09620839,-0.27974147,0.16328204,0.96001536,0.22739723
