1356782047129,-0.79955316,-0.03402984,0.5996305,0.596732,-0.15807056,0.7867176,0.06801206,0.98684126,0.14669251
1356782047155,0.53262794,-0.16026622,0.8310368,0.8436143,0.021655262,-0.53651285,0.067988545,0.9868363,0.14673705
1356782047185,0.5325732,-0.16034564,0.8310566,0.84365535,0.021790892,-0.5364427,0.06790677,0.9868204,0.1468817
1356782047226,0.5325116,-0.16054508,0.8310576,0.84371877,0.022263229,-0.5363236,0.06760204,0.9867775,0.14731032
1356782047269,0.53351414,-0.1606178,0.83040035,0.8431282,0.02314791,-0.5372142,0.06706408,0.9867453,0.1477711
1356782047308,0.5373703,-0.16020271,0.8279904,0.8407146,0.024258286,-0.54093474,0.06657359,0.98678595,0.14772044
1356782047350,0.5450422,-0.1590676,0.82318074,0.83575666,0.025050163,-0.5485284,0.06663227,0.98694986,0.1465952
1356782047388,0.55711734,-0.1573754,0.81538534,0.82765687,0.024995267,-0.56067765,0.06785604,0.98722255,0.14417809
1356782047427,0.57236755,-0.15567657,0.80508393,0.81695676,0.02379182,-0.5762079,0.0705477,0.9875215,0.1407987
1356782047468,0.57313484,-0.15497258,0.8046738,0.81604385,0.018354058,-0.5776984,0.07475844,0.9877482,0.1369838
1356782047509,0.6024724,-0.15455681,0.78303206,0.7941018,0.017515749,-0.60753226,0.08018288,0.9878286,0.13328661
1356782047548,0.6221767,-0.15540323,0.76729786,0.7780988,0.014631674,-0.62797153,0.086361915,0.9877428,0.13002254
1356782047588,0.6356348,-0.15721762,0.75581145,0.76638514,0.010748535,-0.6422915,0.09285566,0.9875055,0.12732139
1356782047630,0.64477867,-0.15973526,0.74749255,0.75788516,0.006493151,-0.65235573,0.09935057,0.98713857,0.1252476
1356782047667,0.65072083,-0.16277039,0.74166584,0.75193757,0.002290666,-0.65923035,0.10560432,0.9866613,0.123883784
1356782047707,0.65415406,-0.16613436,0.7378901,0.7481246,-0.0014635026,-0.6635567,0.11131942,0.9861021,0.12333181
1356782047749,0.65550685,-0.16971087,0.735873,0.7461818,-0.0044976026,-0.66572714,0.11629078,0.98548365,0.12368696
1356782047788,0.65511084,-0.1734573,0.7353518,0.74587417,-0.006650433,-0.66605365,0.120422274,0.98481894,0.12502053
1356782047828,0.6534425,-0.17719123,0.73594576,0.74680495,-0.007938996,-0.6649958,0.123674095,0.98414445,0.1271396
1356782047868,0.6508837,-0.18095401,0.73729646,0.7486297,-0.008341387,-0.6629358,0.12611103,0.9834561,0.13003832
1356782047908,0.6476969,-0.18471539,0.73916775,0.7511036,-0.007927716,-0.6601369,0.1277973,0.98276013,0.1336056
1356782047948,0.6441018,-0.18848917,0.7413533,0.7540227,-0.0067055225,-0.6568141,0.12877351,0.9820523,0.13780609
1356782047988,0.6403742,-0.19228539,0.7436042,0.7571397,-0.0046625435,-0.65323627,0.1290749,0.9813279,0.14260116
1356782048028,0.6369965,-0.19605726,0.74551797,0.7600343,-0.0018274486,-0.64988035,0.12877613,0.98059076,0.14784616
1356782048068,0.6345899,-0.19971406,0.74659896,0.7621798,0.0017575026,-0.64736307,0.12797531,0.9798527,0.15333328
1356782048108,0.633707,-0.20315868,0.7464194,0.7631124,0.006031692,-0.64623755,0.12678659,0.9791272,0.15885523
1356782048169,0.63453245,-0.20638007,0.74483275,0.762656,0.0108370185,-0.6467135,0.12539703,0.9784119,0.16427344
1356782048190,0.6365031,-0.20958132,0.74225307,0.76122916,0.015892744,-0.64828825,0.12407264,0.9776621,0.16965517
1356782048229,0.63840044,-0.21310186,0.7396164,0.75979465,0.02077654,-0.64983106,0.12311357,0.976809,0.17517743
1356782048269,0.63855827,-0.21724823,0.73827267,0.7597263,0.024981916,-0.649763,0.12271637,0.9757967,0.1810016
1356782048309,0.6352875,-0.22206536,0.7396599,0.7624438,0.02800718,-0.6464479,0.12283793,0.9746294,0.187105
1356782048350,0.6271657,-0.22748685,0.7449248,0.7690738,0.029536396,-0.6384772,0.123242766,0.9733331,0.1934784
1356782048389,0.61315763,-0.23328993,0.7547274,0.7802323,0.029370636,-0.62479985,0.123592675,0.9719635,0.2000292
1356782048430,0.5930741,-0.23924354,0.7687819,0.7956059,0.02757284,-0.60518676,0.123589575,0.970568,0.20669633
1356782048487,0.567346,-0.2451438,0.7861444,0.8142383,0.024379104,-0.5800187,0.12302247,0.96918017,0.21343687
1356782048508,0.5619148,-0.25013715,0.78846884,0.81818575,0.027770907,-0.5742828,0.12175304,0.967812,0.22026357
1356782048549,0.5082879,-0.25634408,0.82215023,0.8528254,0.017117023,-0.5219155,0.11971721,0.96643394,0.22731712
1356782048585,0.45968077,-0.26217297,0.84850395,0.8803326,0.008558065,-0.4742798,0.11708179,0.964983,0.2347334
1356782048628,0.4176911,-0.26817566,0.86811054,0.9013764,0.0021560788,-0.43303093,0.11425668,0.9633676,0.24262781
1356782048668,0.38332197,-0.27470344,0.8818176,0.91683024,-0.0023387372,-0.39927033,0.11174333,0.96152616,0.25095993
1356782048708,0.3564922,-0.2820476,0.8907089,0.9278363,-0.0050569475,-0.37295318,0.10969484,0.95938706,0.2598913
1356782048748,0.33649153,-0.29026547,0.89583445,0.9354913,-0.0059041977,-0.35330042,0.10784006,0.9569279,0.26955408
1356782048788,0.32174462,-0.29913738,0.8983302,0.9409009,-0.004966378,-0.33864543,0.10576305,0.95419705,0.2798608
1356782048828,0.31031263,-0.3081633,0.8993005,0.9450089,-0.0027669668,-0.32703286,0.10326785,0.9513294,0.29035842
1356782048868,0.30097356,-0.31640148,0.89961386,0.94831467,-1.8331409E-4,-0.3173313,0.10056904,0.9486253,0.29999304
1356782048908,0.29356974,-0.32247692,0.89990294,0.95089024,0.0018997788,-0.3095222,0.09810415,0.94657534,0.30719793
1356782048948,0.28870064,-0.3248243,0.9006337,0.9525937,0.0031257272,-0.30422926,0.096005976,0.9457692,0.310328
1356782048988,0.2871921,-0.32193238,0.90215313,0.95325714,0.0037077665,-0.3021375,0.09392288,0.9467554,0.3079492
1356782049028,0.2900316,-0.31246623,0.90456975,0.95261943,0.0037527084,-0.30414146,0.09163937,0.9499214,0.29874986
1356782049068,0.29865563,-0.29501554,0.90761817,0.9501233,0.0023898482,-0.31186536,0.08983603,0.9554895,0.28101486
1356782049108,0.31278545,-0.26934263,0.91083467,0.9455466,-0.0026049614,-0.32547608,0.090037316,0.96304095,0.25386125
1356782049168,0.33089453,-0.23668507,0.91350365,0.9390358,-0.013209999,-0.34356555,0.093384236,0.9714966,0.21788464
1356782049189,0.35004604,-0.19993773,0.91514623,0.93141377,-0.029670656,-0.36275077,0.09968054,0.97935927,0.17583866
1356782049229,0.3675646,-0.16251695,0.9156879,0.92368925,-0.05069509,-0.37977377,0.10814056,0.9854026,0.13148147
1356782049269,0.38171744,-0.12739104,0.91545796,0.9166575,-0.074754894,-0.39262012,0.11845136,0.98903143,0.088238776
1356782049309,0.3920608,-0.0965032,0.9148637,0.91060036,-0.100633234,-0.40084895,0.1307489,0.99023235,0.048421502
1356782049349,0.39915818,-0.0708226,0.91414267,0.9053459,-0.12721443,-0.4051729,0.14498764,0.9893434,0.013340324
1356782049388,0.40394694,-0.05071336,0.9133756,0.9005923,-0.15313536,-0.40679598,0.16050017,0.9869031,-0.01618646
1356782049428,0.4075707,-0.036002606,0.9124637,0.896001,-0.17710492,-0.40720528,0.1762622,0.9835333,-0.039924443
1356782049468,0.41110843,-0.026098996,0.9112127,0.8913063,-0.1981653,-0.40780315,0.19121405,0.97982097,-0.058205172
1356782049508,0.41519913,-0.02025196,0.9095051,0.8864484,-0.21572617,-0.40947708,0.20449677,0.97624385,-0.07161699
1356782049548,0.41995367,-0.017736375,0.9073723,0.88158965,-0.22943196,-0.41250557,0.21549648,0.9731632,-0.08071466
1356782049588,0.42495772,-0.01795116,0.90503526,0.8770926,-0.23910192,-0.41657984,0.22387376,0.97082853,-0.08586337
1356782049628,0.42942405,-0.020505846,0.90287006,0.8734453,-0.24467158,-0.42098588,0.22953936,0.96938914,-0.087157115
1356782049668,0.43224707,-0.025331944,0.9013994,0.871173,-0.24638829,-0.42467692,0.23285213,0.9688401,-0.08443211
1356782049708,0.4326195,-0.032367587,0.9009954,0.8705393,-0.24496245,-0.42679593,0.23452437,0.9689921,-0.07779831
1356782049748,0.4302817,-0.041369915,0.90174615,0.87166363,-0.24062788,-0.42696688,0.23464882,0.9697354,-0.06747714
1356782049788,0.42686257,-0.05115375,0.9028686,0.87392473,-0.23332503,-0.4263979,0.23247364,0.9710524,-0.05489324
1356782049828,0.425052,-0.06006351,0.903174,0.87618804,-0.2231611,-0.42719272,0.22721201,0.97292936,-0.042228147
1356782049868,0.42685515,-0.06727794,0.901814,0.8773738,-0.21081263,-0.43101415,0.21911147,0.9752085,-0.030958563
1356782049908,0.4327263,-0.073313296,0.8985394,0.8768003,-0.19759765,-0.4383793,0.2096883,0.9775379,-0.021224573
1356782049948,0.44239217,-0.07903549,0.89333224,0.87406933,-0.18495315,-0.4492161,0.20072865,0.97956395,-0.012739316
1356782049988,0.45542353,-0.08468506,0.8862381,0.8691282,-0.17338598,-0.46319905,0.19288734,0.9812063,-0.00536187
1356782050028,0.47092074,-0.090002626,0.8775723,0.8624846,-0.16203445,-0.47944245,0.18534806,0.982672,0.0013205111
1356782050068,0.48686597,-0.09472346,0.86832535,0.8554961,-0.14895573,-0.4959219,0.17631754,0.9842965,0.0085140765
1356782050108,0.5002646,-0.09919438,0.860172,0.85024536,-0.13160872,-0.50966847,0.16376239,0.98632634,0.018500373
1356782050169,0.5071105,-0.10541049,0.8554108,0.8493755,-0.10733649,-0.51675946,0.14628863,0.988619,0.035101607
1356782050190,0.50242513,-0.11789626,0.8565451,0.85559696,-0.0749588,-0.5121864,0.12459049,0.99019265,0.06321053
1356782050229,0.48125017,-0.14256722,0.8649121,0.87065154,-0.036851108,-0.4905181,0.10180473,0.9890989,0.10639174
1356782050269,0.44150245,-0.18148825,0.87871355,0.8935088,-5.2797794E-4,-0.44904515,0.08196038,0.98339283,0.16192828
1356782050309,0.38755292,-0.22749883,0.89333475,0.91938025,0.02453506,-0.39260396,0.067398936,0.97346914,0.21866661
1356782050349,0.32926205,-0.2674015,0.9055843,0.9424399,0.033898562,-0.33265275,0.058253884,0.9629887,0.26317137
1356782050389,0.2763072,-0.29043004,0.9161358,0.9595456,0.02970925,-0.27998137,0.054097235,0.95643497,0.28688973
1356782050429,0.23449808,-0.2918191,0.9272822,0.97055745,0.016278386,-0.24031898,0.055035025,0.95633495,0.28704447
1356782050469,0.20569831,-0.27164504,0.94015807,0.97669685,-0.0031419396,-0.2146005,0.061249077,0.9623924,0.26466855
1356782050509,0.18837708,-0.2338359,0.9538526,0.9794495,-0.026531994,-0.19993651,0.07205993,0.97191393,0.22403243
1356782050549,0.17893976,-0.18512052,0.96628726,0.9801108,-0.052119434,-0.19148469,0.085810095,0.9813328,0.17211238
1356782050589,0.17349136,-0.13293317,0.97582245,0.979671,-0.07804519,-0.18480745,0.10072526,0.9880475,0.116690576
1356782050629,0.16897461,-0.08343521,0.98208255,0.9788028,-0.10278848,-0.17714292,0.11572677,0.99119776,0.06429803
1356782050669,0.16394603,-0.040258825,0.98564744,0.9778144,-0.12543333,-0.16776648,0.13038704,0.99128497,0.018801332
1356782050709,0.1577,-0.005247891,0.98747313,0.9769245,-0.14504045,-0.15678617,0.1440463,0.98941183,-0.01774612
1356782050749,0.14994487,0.020811826,0.98847526,0.97626054,-0.16117546,-0.1446985,0.15630656,0.98670626,-0.04448515
1356782050789,0.14035732,0.03769079,0.9893832,0.9757227,-0.1749456,-0.13175473,0.16812232,0.9838563,-0.061330616
1356782050829,0.1283266,0.04535827,0.99069417,0.9750515,-0.18821615,-0.11768302,0.18112671,0.9810797,-0.06837979
1356782050870,0.11334348,0.044310153,0.99256724,0.9741226,-0.20157474,-0.10223848,0.19554633,0.97847027,-0.066010654
1356782050909,0.096072614,0.036444813,0.99470687,0.9730996,-0.2136684,-0.08615714,0.20939744,0.97622615,-0.055992097
1356782050949,0.0788216,0.025089234,0.996573,0.9724002,-0.22215253,-0.0713169,0.21960187,0.97468907,-0.04190719
1356782050989,0.065228105,0.014202595,0.99776936,0.9725359,-0.22478497,-0.06037882,0.22342601,0.9743049,-0.028474838
1356782051029,0.057848632,0.0057763457,0.99830866,0.9738904,-0.22021538,-0.05515951,0.2195243,0.9754341,-0.018364638
1356782051069,0.057910025,-4.1031837E-4,0.99832165,0.9762489,-0.20909631,-0.056715578,0.2087687,0.9778949,-0.01170817
1356782051108,0.066064954,-0.0053075254,0.99780124,0.97884,-0.19374597,-0.065840095,0.19366938,0.9810374,-0.007604629
1356782051164,0.08308977,-0.009365112,0.99649805,0.98075426,-0.17652065,-0.08343595,0.17668384,0.9842524,-0.005482197
1356782051189,0.109244466,-0.012854755,0.9939318,0.98121005,-0.15858561,-0.10989714,0.15903601,0.98726153,-0.0047113597
1356782051229,0.14302352,-0.016707629,0.98957825,0.9796754,-0.13969335,-0.14395076,0.14064264,0.99005383,-0.0036113262
1356782051269,0.18025121,-0.023268968,0.98334527,0.9761865,-0.118447036,-0.18174177,0.12070331,0.99268764,0.0013646781
1356782051309,0.21415728,-0.036946565,0.9761002,0.9717803,-0.09311026,-0.21673384,0.09889248,0.9949701,0.015963703
1356782051348,0.23618653,-0.0635083,0.9696301,0.96870387,-0.063011974,-0.24008802,0.07634592,0.99599004,0.04663816
1356782051388,0.24071065,-0.10599142,0.9647923,0.9689843,-0.031034559,-0.24516594,0.055927336,0.99388266,0.09523365
1356782051428,0.23051566,-0.15903947,0.9599838,0.9722161,-0.003643334,-0.23405653,0.040721744,0.9872655,0.1537809
1356782051468,0.21724108,-0.20916638,0.9534441,0.9755833,0.014201909,-0.21916983,0.03230226,0.9777769,0.2071445
1356782051526,0.2134465,-0.24328938,0.94617707,0.9764719,0.022677481,-0.21444961,0.03071636,0.96968865,0.24240556
1356782051548,0.22484696,-0.25536546,0.9403363,0.9737474,0.023734033,-0.22639057,0.035494387,0.9665532,0.25399798
1356782051588,0.24970254,-0.24584961,0.93659306,0.96724117,0.017626911,-0.25324664,0.045751303,0.9691477,0.24219733
1356782051625,0.2814579,-0.21972111,0.9340793,0.9577286,0.0039891005,-0.2876456,0.05947563,0.9755546,0.21155596
1356782051668,0.31369966,-0.18295664,0.9317293,0.94659895,-0.016681433,-0.32198173,0.07445124,0.9829795,0.16795355
1356782051708,0.34064278,-0.14307949,0.929242,0.93597114,-0.041949302,-0.3495686,0.088997155,0.98882174,0.11962855
1356782051748,0.36000946,-0.10577342,0.92693317,0.92722297,-0.06934032,-0.3680345,0.103202075,0.9919697,0.07311237
1356782051788,0.37169856,-0.07463953,0.9253481,0.9208648,-0.09670621,-0.37769818,0.117678106,0.99251044,0.032787353
1356782051828,0.37727365,-0.050791353,0.924708,0.91660416,-0.12215522,-0.380677,0.13229302,0.9912106,4.695952E-4
1356782051868,0.37827778,-0.034501195,0.92504895,0.91401714,-0.1442892,-0.37914804,0.14655566,0.9889339,-0.023046702
1356782051908,0.37523425,-0.026692837,0.9265456,0.91283965,-0.16298467,-0.37437904,0.16100597,0.98626745,-0.036791146
1356782051948,0.367847,-0.028614402,0.9294459,0.91290456,-0.17903605,-0.3668123,0.17690045,0.9834263,-0.039735615
1356782051988,0.3561902,-0.03994152,0.9335594,0.9140054,-0.19277316,-0.35697713,0.1942235,0.9804301,-0.032157138
1356782052028,0.34203047,-0.0570212,0.93795717,0.91582805,-0.20327854,-0.3463188,0.21041414,0.9774591,-0.017305806
1356782052068,0.32849059,-0.07421163,0.9415872,0.91814077,-0.20881638,-0.33676875,0.22161102,0.97513497,-4.5745075E-4
1356782052108,0.31815302,-0.08735171,0.94400656,0.92088485,-0.20813853,-0.32962006,0.2252771,0.9741909,0.0142210275
1356782052169,0.31177717,-0.09552738,0.945341,0.92387164,-0.20191818,-0.32510054,0.2219375,0.97473264,0.025301471
1356782052189,0.30886474,-0.0996888,0.9458672,0.92662585,-0.19263974,-0.3228848,0.21439958,0.9761927,0.032874554
1356782052229,0.30873019,-0.10057247,0.94581753,0.928831,-0.18227279,-0.32256722,0.20483822,0.9780909,0.037141725
1356782052269,0.31063122,-0.09832388,0.9454315,0.93065697,-0.17086571,-0.32354677,0.19335422,0.9803761,0.038429603
1356782052309,0.31329018,-0.09327546,0.9450656,0.93275785,-0.15668291,-0.3246743,0.17835975,0.9832346,0.037916154
1356782052349,0.3143457,-0.087198615,0.9452952,0.9360591,-0.13731524,-0.32394087,0.15805075,0.9866817,0.038458645
1356782052388,0.3099084,-0.08441213,0.94701177,0.9416257,-0.11053544,-0.31799838,0.13152128,0.990281,0.04522878
1356782052428,0.29435506,-0.09166551,0.9512899,0.95044124,-0.076161414,-0.30143127,0.10008249,0.99287295,0.06470421
1356782052468,0.26212934,-0.11457026,0.9582076,0.9626577,-0.03857526,-0.2679591,0.06766328,0.9926659,0.10018027
1356782052508,0.21198645,-0.1514031,0.9654734,0.9764792,-0.006987661,-0.21549872,0.039373547,0.9884474,0.14636064
1356782052548,0.15053475,-0.19125086,0.9699291,0.9884241,0.010363519,-0.1513617,0.018896133,0.98148644,0.190597
1356782052588,0.089930475,-0.22065634,0.9711968,0.99591917,0.012502372,-0.08937919,0.007579893,0.97527146,0.2208803
1356782052628,0.04180652,-0.23104632,0.9720442,0.9991108,0.0043368936,-0.041939795,0.0054744184,0.9729331,0.23102212
1356782052668,0.013029039,-0.22079119,0.97523403,0.99984336,-0.008804858,-0.015351266,0.011976212,0.97528136,0.22064188
1356782052708,0.004924476,-0.19363222,0.9810618,0.9996463,-0.024685442,-0.00988996,0.026132941,0.98076355,0.19344214
1356782052748,0.014123559,-0.15647331,0.98758113,0.99880135,-0.044084013,-0.021268666,0.0468646,0.98669785,0.15566319
1356782052788,0.03530228,-0.11642736,0.99257165,0.9967181,-0.06829506,-0.043460697,0.07284778,0.9908483,0.11363429
1356782052827,0.06381464,-0.07847175,0.99487185,0.9927293,-0.09696007,-0.07132509,0.10205987,0.99219,0.071713716
1356782052868,0.10258216,-0.04622215,0.9936501,0.98595375,-0.127635,-0.107724905,0.13180372,0.99074364,0.032479793
1356782052908,0.13431787,-0.020357668,0.9907291,0.9779974,-0.15832579,-0.1358451,0.15962347,0.987177,-0.0013562143
1356782052948,0.16029227,-0.0038119853,0.9870622,0.96962905,-0.18654245,-0.15818164,0.18473193,0.9824395,-0.026205152
1356782052988,0.17577028,0.0018977821,0.9844294,0.9623499,-0.2109443,-0.17142132,0.20733446,0.97749627,-0.03890407
1356782053028,0.17880148,-0.0023897588,0.9838823,0.9573113,-0.23042023,-0.17453238,0.2271235,0.97308826,-0.03891176
1356782053068,0.17229337,-0.012999862,0.98495984,0.9547653,-0.24381334,-0.17022958,0.24235937,0.969735,-0.029595584
1356782053108,0.16224355,-0.025159419,0.9864299,0.95439225,-0.24990565,-0.16334811,0.25062415,0.9679433,-0.016533613
1356782053167,0.15431076,-0.035425723,0.987387,0.9558912,-0.2474345,-0.15826604,0.24992031,0.9682567,-0.0043186545
1356782053190,0.15173572,-0.042735755,0.9874968,0.95877165,-0.23650092,-0.15755692,0.24027723,0.97069097,0.00508821
1356782053229,0.15579379,-0.047570497,0.9866435,0.96203494,-0.21929145,-0.16248104,0.22409183,0.974499,0.011600256
1356782053269,0.16731066,-0.050524265,0.98460877,0.96437705,-0.19916958,-0.17409298,0.20490006,0.97866166,0.015401274
1356782053309,0.18667734,-0.051773638,0.9810561,0.9648162,-0.17854112,-0.19300938,0.1851517,0.98256934,0.016622484
1356782053349,0.21246228,-0.05185461,0.9757924,0.96311116,-0.15766451,-0.21807963,0.16515633,0.9861303,0.016444027
1356782053389,0.23984861,-0.053088665,0.9693576,0.9601188,-0.13480926,-0.2449457,0.14368224,0.98944837,0.018637657
1356782053429,0.26003277,-0.060305506,0.96371484,0.95820594,-0.10715884,-0.26525196,0.11926663,0.9924114,0.02992025
1356782053469,0.26264164,-0.07969731,0.96159637,0.9604803,-0.07361159,-0.2684377,0.092178464,0.99409735,0.05721432
1356782053508,0.24077454,-0.11430377,0.9638269,0.9683911,-0.03837976,-0.2464664,0.06516346,0.9927043,0.10144985
1356782053548,0.19747177,-0.15850589,0.96740925,0.9793886,-0.010842711,-0.2016935,0.04245901,0.98729837,0.15309781
1356782053588,0.14638746,-0.19910994,0.96898186,0.9888395,0.002027452,-0.14897078,0.027697027,0.97997504,0.19718462
1356782053628,0.103851974,-0.22380275,0.96908563,0.9943382,0.0013224483,-0.10625267,0.02249813,0.97463346,0.22267306
1356782053668,0.08034247,-0.22734284,0.9704949,0.99641657,-0.0075117946,-0.084248066,0.026443303,0.9737859,0.22592458
1356782053708,0.07809991,-0.21129918,0.9742962,0.9962286,-0.020515144,-0.084307194,0.03780189,0.9772061,0.20890006
1356782053748,0.09258175,-0.18157163,0.97900987,0.99421656,-0.036885858,-0.100860834,0.05442503,0.9826857,0.17710653
1356782053788,0.11579454,-0.14563811,0.9825381,0.9904835,-0.057154894,-0.12520283,0.0743911,0.9876856,0.13763392
1356782053828,0.14056134,-0.109544694,0.9839931,0.9853706,-0.08126181,-0.14980471,0.09637135,0.9906546,0.0965198
1356782053868,0.1624763,-0.07655889,0.9837378,0.9794397,-0.10831118,-0.17019561,0.11957976,0.9911647,0.057386845
1356782053908,0.17859304,-0.04820186,0.9827416,0.973422,-0.13687897,-0.18361309,0.14336717,0.98941433,0.022475153
1356782053948,0.18499514,-0.02596724,0.98239636,0.96842694,-0.16516969,-0.18673041,0.16711095,0.9859233,-0.0054082274
1356782053988,0.17697418,-0.011349797,0.98415,0.96564484,-0.1913262,-0.17585295,0.19028956,0.98146087,-0.022899926
1356782054028,0.15242136,-0.0044549108,0.98830557,0.9652939,-0.21390814,-0.14983663,0.21207407,0.9768436,-0.028303891
1356782054068,0.11468732,-0.003212005,0.9933965,0.96631444,-0.23156685,-0.112309426,0.23039833,0.9728137,-0.02345404
1356782054108,0.07216191,-0.004392147,0.99738324,0.96751636,-0.24261332,-0.07106939,0.24229062,0.97011316,-0.013257951
1356782054166,0.033779442,-0.0058498085,0.9994122,0.96886766,-0.24520785,-0.03418231,0.2452637,0.96945286,-0.0026153028
1356782054189,0.005510986,-0.007443309,0.9999571,0.9710493,-0.23877257,-0.0071290135,0.23881543,0.971047,0.005911976
1356782054229,-0.009302378,-0.010148823,0.99990517,0.97437435,-0.22482997,0.006782919,0.22473985,0.9743451,0.011980265
1356782054269,-0.0076953173,-0.014612526,0.9998636,0.9784496,-0.2064361,0.0045135617,0.20634201,0.97835094,0.015886247
1356782054309,0.013189018,-0.02065435,0.9996997,0.98236775,-0.18620193,-0.016807377,0.18649319,0.9822943,0.017834365
1356782054349,0.054651022,-0.027950794,0.9981142,0.9845017,-0.1653179,-0.05853519,0.16664228,0.98584414,0.018482834
1356782054388,0.113544166,-0.03712827,0.992839,0.982645,-0.14334005,-0.117738694,0.14668503,0.9889767,0.020208508
1356782054428,0.1800001,-0.050709903,0.9823587,0.9756271,-0.1182172,-0.18486911,0.12550631,0.9916921,0.028194785
1356782054468,0.23880818,-0.07275349,0.96833754,0.96567374,-0.0871574,-0.24469963,0.10220051,0.99353445,0.04944223
1356782054508,0.2764378,-0.106055975,0.9551619,0.95791304,-0.049598962,-0.28274122,0.077361435,0.99312246,0.08788139
1356782054566,0.29031894,-0.1477969,0.94544744,0.9554292,-0.010542482,-0.29503208,0.053572148,0.9889615,0.13814875
1356782054588,0.2912865,-0.18836072,0.93790853,0.9560164,0.02203992,-0.29248402,0.034421057,0.98185253,0.18649581
1356782054629,0.29587573,-0.21647683,0.93037367,0.9549563,0.043872118,-0.29348534,0.02271536,0.97530144,0.21970662
1356782054665,0.3150077,-0.22564593,0.9218753,0.94888675,0.05481881,-0.31081963,0.01959908,0.9726658,0.23138076
1356782054709,0.34981102,-0.2155205,0.91169244,0.93648386,0.05436802,-0.3464709,0.025104702,0.9749846,0.22085002
1356782054748,0.39037374,-0.19246626,0.90031385,0.9198798,0.041380733,-0.39001122,0.03780839,0.9804307,0.1931998
1356782054788,0.4261591,-0.16464132,0.8895402,0.9029148,0.016567975,-0.42950013,0.055975586,0.9862144,0.15571766
1356782054828,0.45063928,-0.13848224,0.8818996,0.88933694,-0.01610604,-0.45696875,0.07748598,0.9902339,0.115899384
1356782054868,0.4644049,-0.11600044,0.8779932,0.87988055,-0.052280158,-0.47231045,0.10068977,0.99187243,0.07778731
1356782054908,0.47079384,-0.09686178,0.87690985,0.87342477,-0.08901155,-0.4787548,0.12442812,0.99130964,0.04269539
1356782054948,0.47141504,-0.081498414,0.8781377,0.8694184,-0.1240595,-0.4782479,0.14791772,0.98892236,0.012372658
1356782054988,0.4647328,-0.071994245,0.88251925,0.86883694,-0.15509143,-0.47017977,0.1707215,0.98527324,-0.0095247775
1356782055028,0.44814134,-0.0704833,0.8911798,0.87288,-0.18072367,-0.45323244,0.19300255,0.9810052,-0.019466296
1356782055068,0.4212884,-0.07660538,0.90368557,0.8813753,-0.20027289,-0.42786464,0.2137605,0.9767406,-0.016854525
1356782055108,0.38863596,-0.08696458,0.9172782,0.89212906,-0.21338603,-0.39821124,0.23036465,0.9730897,-0.005345866
1356782055166,0.35858935,-0.09696719,0.9284455,0.90224075,-0.21920669,-0.37136245,0.23953146,0.97084796,0.008882567
1356782055189,0.33945882,-0.1037069,0.93488634,0.90970725,-0.21651745,-0.35433453,0.23916611,0.9707549,0.020844132
1356782055229,0.33583307,-0.10713023,0.9358094,0.9134427,-0.20541513,-0.35132197,0.2298666,0.9727938,0.028872117
1356782055269,0.34902743,-0.108481616,0.9308123,0.9121872,-0.18823376,-0.3639813,0.21469563,0.9761146,0.033256844
1356782055309,0.3785943,-0.108588964,0.9191706,0.9042777,-0.16835609,-0.3923493,0.19735286,0.97972673,0.034455985
1356782055349,0.422041,-0.10734022,0.9001997,0.8885152,-0.14824533,-0.43423975,0.18006176,0.98310804,0.032807752
1356782055389,0.47373295,-0.104638666,0.87443,0.86546624,-0.12837708,-0.4842389,0.16292697,0.9861896,0.029744849
1356782055428,0.5247855,-0.10181451,0.84512365,0.8388738,-0.106720835,-0.5337616,0.14453694,0.9890624,0.029403955
1356782055468,0.5651746,-0.10263246,0.81856227,0.81565225,-0.079200566,-0.57309556,0.12364885,0.9915613,0.038950264
1356782055508,0.5871763,-0.11235067,0.8016242,0.8031583,-0.042458504,-0.5942508,0.100800246,0.99276114,0.06530474
1356782055548,0.588827,-0.13354394,0.7971505,0.8044518,0.0012146533,-0.5940168,0.07835904,0.99104226,0.108144835
1356782055588,0.57490146,-0.16203699,0.8020177,0.8160579,0.042295843,-0.5764204,0.059479386,0.9858779,0.15654749
1356782055628,0.5540811,-0.1884217,0.8108585,0.8311335,0.070189506,-0.5516254,0.0470244,0.9795768,0.19549425
1356782055668,0.5338361,-0.20426941,0.8205443,0.8445213,0.080071956,-0.52950186,0.042458415,0.9756344,0.21525516
1356782055708,0.5173166,-0.20634258,0.8305458,0.85458744,0.07303715,-0.51414573,0.045429498,0.9757501,0.21412112
1356782055748,0.50382674,-0.1963293,0.8411976,0.86209303,0.0530093,-0.5039699,0.05435273,0.97910404,0.1959616
1356782055788,0.49128842,-0.17832696,0.85254633,0.8683784,0.024440587,-0.49529958,0.06748852,0.98366773,0.16686265
1356782055828,0.47852817,-0.1561557,0.8640753,0.87406933,-0.009142667,-0.48571512,0.08374718,0.9876901,0.1321159
1356782055868,0.46543974,-0.1324633,0.875111,0.8791388,-0.045173645,-0.47441977,0.10237521,0.9901579,0.095428064
1356782055908,0.45233065,-0.10906166,0.88515675,0.8834172,-0.0813728,-0.4614677,0.12235615,0.9906987,0.05953954
1356782055948,0.43870443,-0.08794668,0.8943175,0.88726926,-0.115364194,-0.4465918,0.14244854,0.98942226,0.027421638
1356782055988,0.4224741,-0.071945935,0.90351504,0.89176786,-0.14524907,-0.42854726,0.162067,0.98677576,0.002795115
1356782056028,0.40041974,-0.06391734,0.91409993,0.8982141,-0.1700112,-0.4053488,0.18131605,0.9833671,-0.010664389
1356782056068,0.37026495,-0.064827114,0.9266614,0.90715957,-0.18945038,-0.37572616,0.19991359,0.97974795,-0.011338308
1356782056108,0.33319348,-0.07211754,0.9400964,0.9177716,-0.20366448,-0.34090477,0.21604946,0.976381,-0.001672253
1356782056165,0.29471958,-0.08060092,0.9521785,0.92831796,-0.2121805,-0.30529514,0.22664073,0.9739009,0.012289539
1356782056189,0.26225397,-0.08554196,0.9612,0.9374764,-0.21360675,-0.27479115,0.22882497,0.9731674,0.024174348
1356782056229,0.24116653,-0.08549264,0.96671087,0.9447944,-0.2069912,-0.2540046,0.22181612,0.9746003,0.03085354
1356782056269,0.23374006,-0.08156672,0.9688718,0.94998527,-0.19309911,-0.24544019,0.20710796,0.977783,0.03235212
1356782056308,0.2403849,-0.075473756,0.96773905,0.95233476,-0.17456272,-0.25017264,0.18781263,0.9817493,0.029914021
1356782056348,0.2604122,-0.06816435,0.9630883,0.9509505,-0.15439609,-0.26805788,0.16696903,0.9856549,0.024614304
1356782056388,0.2914154,-0.060326606,0.9546924,0.94529605,-0.13478881,-0.29706436,0.14660281,0.98903614,0.017747045
1356782056428,0.32775593,-0.05385527,0.9432262,0.93616104,-0.115899324,-0.3319184,0.12719491,0.99179983,0.012430549
1356782056468,0.36009085,-0.053369015,0.93138945,0.92663205,-0.09523177,-0.3637084,0.10810867,0.99402344,0.015161395
1356782056508,0.37750673,-0.06517315,0.92371047,0.9217681,-0.0688861,-0.3815732,0.08849916,0.9954934,0.034069598
1356782056548,0.3728268,-0.09273493,0.9232553,0.92539036,-0.035984457,-0.3773034,0.06821203,0.9950404,0.07240003
1356782056588,0.34687072,-0.13218299,0.92855173,0.9366603,-0.0023303628,-0.35023153,0.048458517,0.9912226,0.1230022
1356782056628,0.30888072,-0.17265588,0.93529814,0.9505692,0.023168176,-0.30964708,0.031793237,0.9847096,0.17127758
1356782056668,0.27178204,-0.20232105,0.940851,0.96213424,0.036007702,-0.270187,0.020786673,0.978657,0.20444629
1356782056708,0.24548548,-0.2142432,0.9454294,0.9692522,0.037200153,-0.24324128,0.01694268,0.9760717,0.21678782
1356782056748,0.23293686,-0.20818067,0.9499481,0.9722707,0.029021084,-0.23205069,0.020739883,0.9776598,0.20916802
1356782056788,0.23023245,-0.18909234,0.95458734,0.97261375,0.012591749,-0.23208591,0.031865746,0.9818785,0.18681285
1356782056828,0.23087993,-0.16361943,0.95912623,0.9717349,-0.011124045,-0.23581275,0.049252838,0.9864608,0.15642634
1356782056868,0.23000434,-0.13684446,0.9635205,0.9705873,-0.040100247,-0.23738658,0.07112244,0.98978066,0.12359622
1356782056908,0.22570491,-0.11117369,0.9678315,0.9695181,-0.07160431,-0.23432338,0.09535149,0.9912181,0.091623485
1356782056948,0.21800974,-0.08711091,0.97205114,0.9685509,-0.103073984,-0.22646177,0.11992046,0.9908519,0.06190023
1356782056988,0.20654708,-0.06495553,0.97627825,0.9679337,-0.13224185,-0.21358028,0.14297801,0.989087,0.035558492
1356782057028,0.18957588,-0.045870602,0.98079395,0.9681018,-0.15793976,-0.19450921,0.1638287,0.98638266,0.0144658685
1356782057068,0.16388756,-0.031576633,0.9859735,0.96936035,-0.18023723,-0.1668984,0.1829792,0.98311627,0.0010704994
1356782057108,0.1279841,-0.022702217,0.9915164,0.97126174,-0.19941789,-0.12993568,0.2006759,0.97965163,-0.0034725666
1356782057164,0.08146095,-0.01952231,0.99648535,0.97316664,-0.21431756,-0.08375341,0.21519938,0.9765689,0.0015399456
1356782057199,0.031659722,-0.0148099065,0.99938905,0.97471887,-0.22080976,-0.034150362,0.22118059,0.97520447,0.0074446797
1356782057239,-0.010304749,-0.009110063,0.99990535,0.97635865,-0.21600538,0.008094072,0.21591124,0.97634965,0.011120588
1356782057279,-0.042955577,-0.003326714,0.9990714,0.9787994,-0.20058995,0.04141602,0.20026594,0.9796696,0.011872679
1356782057319,-0.065506876,0.0010950565,0.99785155,0.98189175,-0.17806852,0.06465447,0.17775673,0.9840175,0.010589451
1356782057359,-0.076385975,0.0034222007,0.99707246,0.9853566,-0.15262544,0.07601228,0.15243873,0.98827827,0.008286357
1356782057399,-0.07374245,0.0036017299,0.9972708,0.9891037,-0.12750357,0.07359904,0.12742066,0.9918316,0.005839914
1356782057439,-0.057926238,0.0012235343,0.9983201,0.9928725,-0.10426158,0.057737947,0.10415706,0.99454916,0.0048246384
1356782057478,-0.03444016,-0.005802989,0.9993899,0.99597144,-0.083040535,0.03384012,0.082793444,0.9965293,0.008639514
1356782057518,-0.016210496,-0.021681696,0.9996335,0.99788475,-0.06329894,0.014809221,0.062954724,0.997759,0.022661984
1356782057558,-0.021292746,-0.051032186,0.99847,0.9987742,-0.04572338,0.018962264,0.04468578,0.9976498,0.051943213
1356782057616,-0.0644297,-0.09463483,0.99342495,0.9975068,-0.034829736,0.061376482,0.028792322,0.9949026,0.09664291
1356782057638,-0.1448344,-0.14522639,0.9787402,0.9893197,-0.037676156,0.14080948,0.016425848,0.9886809,0.14913204
1356782057678,-0.23935342,-0.18841374,0.95247585,0.9708946,-0.055123925,0.23307768,0.0085891485,0.9805416,0.19612393
1356782057715,-0.31786638,-0.21271798,0.9239654,0.9481174,-0.07733983,0.30836985,0.0058635473,0.974048,0.22626531
1356782057756,-0.36203223,-0.21574393,0.9068557,0.9321257,-0.09279287,0.3500447,0.00862968,0.9720309,0.23469442
1356782057798,-0.3695013,-0.20081624,0.9072715,0.92907345,-0.09776902,0.3567403,0.017063826,0.97473794,0.22269887
1356782057848,-0.32061726,-0.16585904,0.9325745,0.94656163,-0.092491806,0.30897623,0.035008997,0.9818024,0.18665028
1356782057888,-0.2865771,-0.12464592,0.9499142,0.95640767,-0.09537774,0.27602082,0.056195766,0.98760647,0.14654535
1356782057928,-0.25774646,-0.082917035,0.9626482,0.962894,-0.10454792,0.2488071,0.0800125,0.9910574,0.106787145
1356782057968,-0.24293989,-0.042596877,0.9691056,0.9643206,-0.11894441,0.23651221,0.105195045,0.99198675,0.06997341
1356782058008,-0.24448937,-0.004476607,0.9696417,0.9608553,-0.13551128,0.24164829,0.13031557,0.9907657,0.037432373
1356782058048,-0.26391518,0.030557185,0.96406174,0.9521915,-0.15120572,0.26545835,0.15388337,0.98802984,0.010809243
1356782058088,-0.30296588,0.060991287,0.95104766,0.93680125,-0.1641643,0.3089555,0.17497167,0.98454565,-0.0074005127
1356782058128,-0.36035955,0.08534783,0.92890084,0.9125244,-0.1743074,0.37002188,0.19349489,0.9809856,-0.015068591
1356782058168,-0.43004054,0.1027807,0.89694,0.8782144,-0.18269533,0.44199762,0.20929554,0.9777825,-0.011697054
1356782058208,-0.49965256,0.115059644,0.8585502,0.8377389,-0.18790525,0.5127233,0.22031987,0.9754244,-0.0025025606
1356782058248,-0.5612333,0.12219766,0.8185871,0.79685056,-0.18755323,0.5743282,0.22371024,0.9746238,0.0078879
1356782058288,-0.6141496,0.12455645,0.7792985,0.7586788,-0.17873377,0.6264669,0.2173174,0.9759816,0.015270889
1356782058328,-0.6599236,0.12183708,0.7413882,0.7238238,-0.16147149,0.6708249,0.20144442,0.97932756,0.01837033
1356782058368,-0.7003302,0.11405885,0.7046474,0.6911286,-0.13856763,0.7093237,0.17854604,0.9837629,0.018213868
1356782058408,-0.73638344,0.10228589,0.66878784,0.65923643,-0.113809526,0.74327296,0.15214077,0.98822314,0.016376793
1356782058448,-0.7690489,0.08826828,0.63306594,0.62675756,-0.090254724,0.77396965,0.12545416,0.9919994,0.014087379
1356782058488,-0.8002191,0.07349762,0.5951869,0.59117854,-0.07011074,0.8034877,0.10078345,0.9948279,0.012653708
1356782058528,-0.83381885,0.058086336,0.5489738,0.5463321,-0.055783868,0.8357089,0.07916714,0.99675184,0.0147791505
1356782058568,-0.8752799,0.040869236,0.48188663,0.47978812,-0.051746666,0.875857,0.060731664,0.9978236,0.025684297
1356782058608,-0.9257341,0.022434786,0.377509,0.3754574,-0.06493491,0.92456216,0.045255885,0.99763733,0.051689148
1356782058648,-0.9727687,0.009550147,0.23158148,0.22950372,-0.09994662,0.9681626,0.032391876,0.994947,0.09503311
1356782058688,-0.9976424,0.011825392,0.0675999,0.06507051,-0.14996636,0.98654747,0.021804025,0.9886204,0.14884329
1356782058728,-0.99596405,0.031196484,-0.08415764,-0.08867024,-0.19674414,0.9764371,0.013903886,0.9799584,0.19871622
1356782058768,-0.9750373,0.06110999,-0.21346661,-0.22180533,-0.22373402,0.9490761,0.010238297,0.9727326,0.23170346
1356782058808,-0.9409471,0.09334926,-0.32542956,-0.33832484,-0.22394788,0.91399324,0.012441322,0.9701202,0.24230558
1356782058848,-0.8957926,0.120967075,-0.42769444,-0.44398904,-0.19867718,0.8737283,0.02071923,0.972571,0.23168159
1356782058888,-0.83971983,0.1385084,-0.5250582,-0.5419885,-0.15421057,0.826116,0.033454463,0.97828144,0.20456356
1356782058928,-0.77438235,0.14236514,-0.61649334,-0.63084996,-0.098911405,0.76957446,0.048582345,0.98485976,0.16640627
1356782058968,-0.7057331,0.13209227,-0.696055,-0.7054837,-0.040793896,0.70755124,0.06506729,0.9903977,0.12197846
1356782059008,-0.6440476,0.111451805,-0.75682294,-0.76048154,0.013915658,0.64921033,0.08288729,0.9936724,0.075794816
1356782059048,-0.600343,0.087595195,-0.7949312,-0.7931875,0.061789334,0.60583484,0.10218647,0.994238,0.032384574
1356782059088,-0.58260036,0.06898114,-0.80982625,-0.80342793,0.10166931,0.5866575,0.122802824,0.9924238,-0.0038112402
1356782059128,-0.59297943,0.062892824,-0.8027576,-0.79213786,0.1333974,0.595586,0.14454386,0.989065,-0.029282153
1356782059168,-0.62739724,0.07390532,-0.7751843,-0.76046574,0.15601194,0.6303587,0.16752484,0.9849864,-0.041678965
1356782059208,-0.67308956,0.098475814,-0.7329755,-0.71495086,0.16690385,0.6789613,0.18919769,0.9810431,-0.04193586
1356782059248,-0.71563685,0.12868315,-0.6865162,-0.66736513,0.16408366,0.7264298,0.2061254,0.978017,-0.0315457
1356782059288,-0.74498993,0.15308867,-0.6492717,-0.63195974,0.14966047,0.7604134,0.213581,0.97681403,-0.014749706
1356782059328,-0.75686777,0.1635761,-0.63276696,-0.619357,0.12961948,0.7743356,0.20868173,0.97797835,0.0032072067
1356782059368,-0.75063884,0.15945187,-0.64118356,-0.63206863,0.10934144,0.76715946,0.19243294,0.9811318,0.018708646
1356782059408,-0.7247643,0.14525568,-0.6735112,-0.6679068,0.09188706,0.7385507,0.16916561,0.985118,0.0304209
1356782059448,-0.67411053,0.12621781,-0.72776645,-0.72450197,0.07880187,0.6847534,0.14377743,0.98886776,0.03832388
1356782059488,-0.5885104,0.10577777,-0.80154014,-0.7995837,0.07059854,0.5963906,0.11967245,0.99188054,0.043030202
1356782059528,-0.45360076,0.085966796,-0.887049,-0.8857622,0.06634742,0.4593727,0.09834421,0.9940863,0.046050966
1356782059568,-0.25868368,0.0697121,-0.9634434,-0.9626581,0.06381893,0.26309058,0.07982662,0.9955237,0.050599933
1356782059608,-0.01623112,0.06311691,-0.99787414,-0.9978672,0.062085807,0.020157993,0.06322613,0.99607307,0.061974525
1356782059648,0.22879338,0.07298088,-0.97073543,-0.97231305,0.065838456,-0.22421542,0.047548264,0.99515784,0.08602372
1356782059688,0.4361816,0.09814012,-0.89449096,-0.89926565,0.083620965,-0.42933527,0.032663196,0.9916532,0.124727964
1356782059728,0.5987364,0.12663874,-0.79087126,-0.8007113,0.118547946,-0.58720326,0.019393474,0.98483956,0.17238006
1356782059768,0.7280706,0.14229509,-0.67057085,-0.6854423,0.16404238,-0.7094074,0.009056836,0.9761364,0.21696952
1356782059808,0.8327137,0.1339147,-0.537266,-0.55369395,0.20718142,-0.80653507,0.0033046305,0.96909374,0.24667057
1356782059848,0.9122088,0.10110822,-0.39705443,-0.4097068,0.23438632,-0.88159144,0.003927991,0.9668714,0.255234
1356782059888,0.9642226,0.052907452,-0.2597606,-0.26481807,0.23692656,-0.9347392,0.012089528,0.9700859,0.24246079
1356782059928,0.9908043,0.0015661493,-0.1352936,-0.13247764,0.21449539,-0.967699,0.027504299,0.97672373,0.21273044
1356782059968,0.99860585,-0.044018783,-0.029130556,-0.021030093,0.17439869,-0.9844505,0.04841464,0.9836907,0.17322984
1356782060008,0.9950182,-0.080768675,0.058439996,0.068380296,0.12636054,-0.9896247,0.07254618,0.9886907,0.13125402
1356782060048,0.9854846,-0.10937688,0.12983397,0.13870789,0.077834725,-0.98726994,0.09787891,0.99094826,0.09187636
1356782060088,0.9733911,-0.13147876,0.18767826,0.19347292,0.032664686,-0.98056173,0.12279259,0.9907807,0.057233095
1356782060128,0.9609578,-0.14801097,0.23377942,0.23532805,-0.0072114468,-0.97188926,0.14553614,0.98895943,0.027901232
1356782060167,0.94962734,-0.15966274,0.26965854,0.26669317,-0.040130794,-0.96294564,0.16456816,0.9863556,0.0044716597
1356782060208,0.93989325,-0.16772085,0.29743966,0.29062495,-0.06439075,-0.954668,0.17927009,0.9837294,-0.0117765665
1356782060248,0.93103254,-0.17442247,0.32055447,0.31122428,-0.07920316,-0.94703025,0.19057229,0.9814803,-0.019456208
1356782060288,0.92193115,-0.1814248,0.34223968,0.33206373,-0.08474368,-0.9394426,0.19944082,0.97974676,-0.017883241
1356782060328,0.91225576,-0.18833251,0.3637587,0.35429293,-0.0829251,-0.9314505,0.20558712,0.9785981,-0.008924037
1356782060368,0.9031617,-0.19297312,0.38348442,0.37569928,-0.07693791,-0.9235425,0.20772332,0.97818303,0.0030124793
1356782060408,0.89685553,-0.19312915,0.3979339,0.39208993,-0.069291376,-0.91731364,0.20473337,0.9787236,0.013579637
1356782060448,0.8953028,-0.18810293,0.40379477,0.39974692,-0.060717493,-0.9146123,0.19655871,0.9802706,0.020833045
1356782060488,0.8992664,-0.17874946,0.39920986,0.3966623,-0.051364243,-0.9165264,0.18433374,0.98255295,0.02471304
1356782060528,0.9082051,-0.16648209,0.38398844,0.38255078,-0.041927017,-0.9229827,0.16975957,0.9851527,0.025609523
1356782060568,0.9206512,-0.15223573,0.3594797,0.35875374,-0.033177793,-0.93284243,0.15393868,0.9877872,0.024069965
1356782060608,0.93448955,-0.1365422,0.32876357,0.3285172,-0.02498841,-0.9441674,0.13713399,0.990319,0.021505058
1356782060666,0.947573,-0.11960393,0.29631114,0.2966381,-0.015474144,-0.95486456,0.11879073,0.9927011,0.020816207
1356782060688,0.95821303,-0.10188264,0.26729706,0.2686629,-3.2752752E-4,-0.9632342,0.09822438,0.9947964,0.027058244
1356782060728,0.9651938,-0.085188605,0.24727274,0.25028136,0.026492061,-0.96781063,0.07589568,0.99601257,0.046891093
1356782060765,0.9678099,-0.0728148,0.24091902,0.24584097,0.06846562,-0.96688926,0.05390916,0.99499273,0.08416256
1356782060808,0.9658182,-0.0680598,0.25012589,0.25686023,0.12136611,-0.9587977,0.03489878,0.9902717,0.13469946
1356782060848,0.9591477,-0.07216684,0.27354643,0.28211445,0.17171377,-0.9438886,0.02114579,0.9825,0.18505818
1356782060888,0.947898,-0.08404721,0.30728725,0.31825256,0.20650494,-0.9252411,0.014307588,0.9748292,0.22249386
1356782060928,0.9324322,-0.10039413,0.3471185,0.36102855,0.2186386,-0.90656245,0.015120059,0.97062767,0.24011081
1356782060968,0.91404456,-0.116639316,0.38848144,0.4049574,0.20795497,-0.8903731,0.02306588,0.9711591,0.23731408
1356782061008,0.8943925,-0.12921837,0.42821115,0.44578728,0.17929164,-0.87699956,0.036549777,0.97527283,0.21796098
