1356781888662,0.96545196,-0.24202842,-0.096564785,-0.10016271,-0.0025758748,-0.9949677,0.24056174,0.97026575,-0.026729107
1356781888703,-0.76235336,0.20592284,0.61352515,0.6007876,-0.1272096,0.78922236,0.24056518,0.9702647,-0.026737213
1356781888725,-0.76222235,0.20594397,0.6136809,0.6009476,-0.12721682,0.7890994,0.24058081,0.97025925,-0.026794016
1356781888755,-0.76170135,0.20592599,0.6143334,0.6015993,-0.12731081,0.7885875,0.24060197,0.97025067,-0.026912034
1356781888795,-0.7605615,0.20584758,0.61577016,0.6030375,-0.12750083,0.7874575,0.24060743,0.97024244,-0.027161598
1356781888837,-0.75763494,0.20535141,0.6195322,0.60673374,-0.12824512,0.78449184,0.24054845,0.9702495,-0.027430713
1356781888878,-0.75234914,0.20419466,0.6263189,0.6133334,-0.1298343,0.7790797,0.24040161,0.9702822,-0.027558684
1356781888917,-0.7444896,0.20219153,0.63628113,0.62293065,-0.13250172,0.77097386,0.24019274,0.97034115,-0.027305067
1356781888957,-0.73467946,0.19927375,0.64848757,0.63454753,-0.13630062,0.76077044,0.23999079,0.9704186,-0.026311457
1356781888998,-0.7240267,0.19552156,0.66148067,0.6467196,-0.14107221,0.74956816,0.23987326,0.9704998,-0.024307549
1356781889038,-0.7136874,0.19121772,0.673859,0.65811586,-0.14637762,0.73855066,0.23986189,0.97057164,-0.021375477
1356781889077,-0.7042161,0.18680257,0.68497044,0.6682241,-0.15161479,0.7283471,0.23990877,0.9706275,-0.018056393
1356781889117,-0.6956649,0.18276039,0.6947295,0.6771072,-0.15621221,0.7191131,0.23995061,0.9706681,-0.015076995
1356781889157,-0.6879564,0.17947853,0.70320946,0.68493897,-0.15978539,0.7108638,0.23994732,0.97069883,-0.013006508
1356781889197,-0.6812258,0.17719004,0.71030647,0.69165957,-0.16213816,0.70378864,0.2398721,0.9707291,-0.012102544
1356781889237,-0.6810753,0.17722535,0.7104418,0.6918626,-0.16188455,0.7036473,0.2397137,0.97076494,-0.012360036
1356781889278,-0.6757571,0.17670521,0.7156309,0.6971253,-0.16225654,0.69834733,0.23951742,0.97079766,-0.013539672
1356781889320,-0.6716175,0.17697763,0.71945035,0.7011509,-0.16195899,0.69437504,0.2394103,0.97079766,-0.015313566
1356781889358,-0.66871434,0.17788216,0.72192734,0.7038692,-0.16138762,0.69175303,0.23956066,0.97072756,-0.017283559
1356781889398,-0.66646194,0.17908537,0.7237106,0.7058268,-0.16102713,0.6898397,0.24007721,0.97056615,-0.019084752
1356781889438,-0.6639654,0.18023995,0.7257159,0.70785725,-0.16131043,0.6876897,0.24101469,0.9703054,-0.02047962
1356781889477,-0.6604185,0.18106666,0.72874016,0.7107065,-0.16252518,0.6844574,0.24237107,0.96994865,-0.021350622
1356781889517,-0.65523833,0.1813823,0.73332334,0.7148979,-0.16478705,0.6795337,0.24409764,0.96950793,-0.021694958
1356781889558,-0.65220106,0.18203199,0.7358656,0.7169817,-0.1670354,0.6767839,0.24611191,0.9690013,-0.021572888
1356781889598,-0.6389768,0.18011108,0.74784267,0.7280594,-0.17217427,0.6635401,0.2482702,0.9684607,-0.021116197
1356781889638,-0.6273295,0.17834678,0.7580568,0.7374015,-0.17694575,0.65186596,0.2503931,0.967927,-0.020509958
1356781889701,-0.6168525,0.17664194,0.7670009,0.74553794,-0.18126965,0.641338,0.2523212,0.9674393,-0.0198766
1356781889719,-0.6084168,0.17512074,0.77405536,0.75187194,-0.1849758,0.63282895,0.25400296,0.9670143,-0.019125998
1356781889759,-0.6037169,0.17411417,0.77795255,0.75512683,-0.18793178,0.6280645,0.25555694,0.96662605,-0.01802069
1356781889799,-0.60440004,0.1741454,0.7774149,0.7540118,-0.19002849,0.62877285,0.25722888,0.96621037,-0.016454518
1356781889839,-0.6113577,0.17576179,0.77158904,0.74769056,-0.19110483,0.6359542,0.25923085,0.96570534,-0.014581978
1356781889878,-0.6246037,0.17925134,0.7600916,0.7358428,-0.19088012,0.6496923,0.26154464,0.96510816,-0.012676358
1356781889919,-0.64323986,0.18442187,0.74312246,0.7187543,-0.18905854,0.66906583,0.26388404,0.9644923,-0.010944009
1356781889959,-0.665722,0.19066948,0.72142875,0.6972426,-0.18547708,0.692424,0.26583263,0.96397275,-0.009466708
1356781889999,-0.6903595,0.19716328,0.69608223,0.6723908,-0.18024224,0.71791595,0.2670101,0.96365935,-0.008138835
1356781890039,-0.71591455,0.20304458,0.6680114,0.6450421,-0.17378986,0.74412215,0.26718357,0.9636234,-0.0065535903
1356781890079,-0.7416515,0.20751467,0.63787985,0.61565065,-0.16697407,0.77012587,0.26632184,0.9638761,-0.0039198995
1356781890119,-0.76728815,0.20986754,0.6059906,0.5842243,-0.1609577,0.7954714,0.26448244,0.9643901,8.9114904E-4
1356781890159,-0.7927841,0.20962824,0.5723191,0.5504813,-0.15684235,0.8199821,0.26165533,0.9651199,0.008945823
1356781890199,-0.8176613,0.20683649,0.5372602,0.5147537,-0.15522695,0.84316844,0.2577953,0.965983,0.020453334
1356781890239,-0.8409033,0.20218088,0.5020006,0.47835112,-0.15614474,0.8641753,0.25310448,0.96682036,0.03458917
1356781890278,-0.8612718,0.19692135,0.46843678,0.4433356,-0.15929973,0.8820869,0.24832356,0.96739113,0.049898088
1356781890318,-0.878164,0.19225806,0.43802372,0.41126144,-0.16424012,0.8965987,0.24431941,0.96750295,0.065161526
1356781890358,-0.8921447,0.18871468,0.41044444,0.3819008,-0.1702609,0.9083848,0.24130821,0.96715975,0.07982707
1356781890398,-0.90474313,0.18604483,0.3831805,0.35283077,-0.17666376,0.91885823,0.23864289,0.9665285,0.09419292
1356781890438,-0.91763103,0.18386483,0.3523452,0.32021827,-0.18306166,0.9294884,0.23540111,0.96575475,0.10910612
1356781890478,-0.9318139,0.18222725,0.31387302,0.27993444,-0.18956774,0.9411168,0.2309973,0.96480954,0.12563002
1356781890518,-0.9471169,0.1818428,0.26439127,0.2283867,-0.19677538,0.9534773,0.22540867,0.963438,0.14483881
1356781890558,-0.9618309,0.18401678,0.20253174,0.1637726,-0.20583934,0.96478426,0.21922551,0.9611285,0.16784573
1356781890598,-0.97288233,0.19049305,0.13119638,0.08836356,-0.21809196,0.97191966,0.2137568,0.9571564,0.1953451
1356781890638,-0.9775899,0.2023689,0.05800596,0.009269327,-0.23389375,0.972218,0.21031392,0.9509682,0.22677642
1356781890699,-0.97564584,0.21910557,-0.0103981495,-0.06660742,-0.25076127,0.9657548,0.20899479,0.9429272,0.2592482
1356781890723,-0.96822256,0.2386255,-0.07485366,-0.13860077,-0.2628554,0.95482826,0.20817065,0.93486094,0.28757614
1356781890758,-0.9555255,0.25864604,-0.14167994,-0.21090946,-0.26354492,0.9413083,0.20612663,0.92932576,0.3063748
1356781890798,-0.93627626,0.27725914,-0.21567175,-0.28669187,-0.24839664,0.9252605,0.20296481,0.9281307,0.31205577
1356781890838,-0.90864986,0.29269105,-0.29780456,-0.36610729,-0.21546829,0.9052839,0.20080109,0.9316144,0.3029415
1356781890878,-0.8705761,0.30282083,-0.38781017,-0.448535,-0.16441298,0.87851274,0.20227094,0.9387586,0.2789598
1356781890918,-0.81764424,0.30460823,-0.4885405,-0.53663653,-0.09589887,0.8383464,0.20851669,0.94763774,0.24187505
1356781890958,-0.7405928,0.29301316,-0.60470283,-0.63548416,-0.012973666,0.77200484,0.21836238,0.95602036,0.19581348
1356781890998,-0.63075155,0.2618277,-0.7304785,-0.7412517,0.075186074,0.66700304,0.22956172,0.96218157,0.1466564
1356781891038,-0.50324124,0.21257243,-0.83759254,-0.8299322,0.15114665,0.5369983,0.24075037,0.9653847,0.10035747
1356781891078,-0.40458518,0.16212103,-0.90001523,-0.8790808,0.20229995,0.43161508,0.2520469,0.96581125,0.06066996
1356781891118,-0.37122935,0.12901098,-0.9195352,-0.89030164,0.23181379,0.39195085,0.2637269,0.96416736,0.028802574
1356781891158,-0.39957112,0.11836469,-0.9090284,-0.8745233,0.24811435,0.41671118,0.27486685,0.9614723,0.0043733716
1356781891198,-0.45708555,0.122546405,-0.88093996,-0.8430573,0.2559228,0.47303072,0.2834209,0.9588983,-0.0136650205
1356781891238,-0.510916,0.13010654,-0.8497277,-0.81002533,0.25806254,0.52655745,0.28779143,0.9573276,-0.02645868
1356781891278,-0.5507395,0.13631776,-0.82347035,-0.7831669,0.25681865,0.56629837,0.28867903,0.9567976,-0.034680605
1356781891318,-0.58290714,0.14427134,-0.79962814,-0.7593012,0.2536416,0.5992727,0.28927684,0.95647883,-0.03830415
1356781891358,-0.6137754,0.15805343,-0.7734978,-0.73314464,0.24935848,0.63270783,0.29287985,0.95542634,-0.037174046
1356781891398,-0.64248824,0.1771639,-0.74553454,-0.70518076,0.24404317,0.6657049,0.29988146,0.9534442,-0.03186232
1356781891438,-0.6639409,0.19623114,-0.7215787,-0.6817555,0.23761398,0.69191694,0.30723286,0.9513322,-0.023979962
1356781891478,-0.6747446,0.20895879,-0.7078531,-0.669451,0.23051292,0.7061863,0.3107331,0.9503683,-0.015649736
1356781891518,-0.67552644,0.21202718,-0.7061929,-0.67013633,0.22293067,0.7079683,0.3075406,0.9514969,-0.008508384
1356781891558,-0.66942465,0.20610535,-0.7137165,-0.6808208,0.21420485,0.7004279,0.29724348,0.9547968,-0.0030731559
1356781891598,-0.6599215,0.19446564,-0.72573185,-0.69656897,0.20366514,0.6879769,0.28159416,0.95953304,0.0010557175
1356781891638,-0.6496227,0.18092746,-0.7384142,-0.7132343,0.19124722,0.67433023,0.26322454,0.96472263,0.004805088
1356781891698,-0.64006656,0.16858077,-0.7495968,-0.72848666,0.176902,0.6618254,0.24417621,0.9696835,0.009579778
1356781891720,-0.6319571,0.15943244,-0.75842696,-0.74147415,0.16035086,0.65153944,0.22549093,0.97409904,0.016880155
1356781891777,-0.6254901,0.15423435,-0.76483595,-0.7523132,0.14066154,0.64361423,0.20685047,0.9779704,0.028050065
1356781891798,-0.62066257,0.15322885,-0.7689595,-0.76133895,0.11669642,0.6377655,0.1874589,0.98127615,0.044230044
1356781891838,-0.617878,0.15760118,-0.7703172,-0.76833194,0.08707601,0.6341008,0.16701117,0.9836563,0.06728768
1356781891875,-0.6176872,0.16979378,-0.76787543,-0.77263385,0.051026464,0.632798,0.14662716,0.98415774,0.09967005
1356781891918,-0.6199993,0.19164038,-0.76083827,-0.77400357,0.009460807,0.6331106,0.1285277,0.9814196,0.14246464
1356781891958,-0.6237789,0.22037584,-0.74988973,-0.7730746,-0.032630265,0.63347536,0.11513364,0.9748692,0.19072092
1356781891998,-0.6281306,0.25021228,-0.7367807,-0.770532,-0.06820732,0.6337414,0.108316004,0.9657855,0.23563969
1356781892037,-0.63344413,0.27492586,-0.72330105,-0.7660209,-0.09068751,0.6363866,0.10936475,0.957179,0.2680444
1356781892078,-0.6409178,0.29114497,-0.7102529,-0.75828886,-0.096386015,0.6447541,0.11925852,0.95181113,0.2825474
1356781892118,-0.6517331,0.2987538,-0.69712985,-0.745704,-0.08461475,0.6608826,0.13845366,0.95057166,0.27792817
1356781892158,-0.6664298,0.29983348,-0.6826208,-0.7269017,-0.05770856,0.6843126,0.16578674,0.9522445,0.2564082
1356781892198,-0.6848214,0.2973933,-0.6652645,-0.7013724,-0.021281421,0.7124773,0.1977282,0.95451784,0.2231574
1356781892238,-0.7062088,0.29432946,-0.64392483,-0.66969824,0.017401874,0.7424294,0.22972435,0.95554554,0.18482262
1356781892275,-0.7296182,0.29274493,-0.6180272,-0.6331371,0.052375853,0.77226555,0.2584465,0.95475495,0.14713341
1356781892318,-0.7537892,0.2932957,-0.58803004,-0.59314764,0.08143014,0.80096495,0.28280294,0.95254743,0.11258656
1356781892358,-0.77802837,0.2954401,-0.55442494,-0.5507324,0.10386598,0.8281943,0.30226767,0.9496984,0.081897736
1356781892398,-0.80132115,0.2981425,-0.51864773,-0.50761575,0.11989927,0.8532001,0.3165607,0.94696105,0.055263996
1356781892438,-0.8229364,0.3014918,-0.48153722,-0.4651326,0.12915885,0.875768,0.32623166,0.94468015,0.03394425
1356781892478,-0.84192574,0.30628732,-0.44423977,-0.42491373,0.1311031,0.8956898,0.33257964,0.94286793,0.019766629
1356781892518,-0.8579952,0.3119142,-0.4081099,-0.38851827,0.12564367,0.9128347,0.3360026,0.94176596,0.013382673
1356781892558,-0.87205434,0.31545535,-0.37417793,-0.3566765,0.113866925,0.9272627,0.3351165,0.942084,0.01321733
1356781892598,-0.8856476,0.31349847,-0.3425596,-0.32867762,0.09790236,0.9393541,0.32802346,0.9445284,0.016332984
1356781892638,-0.8997937,0.30458564,-0.3124083,-0.3026523,0.080043614,0.949734,0.3142816,0.94911575,0.020160794
1356781892697,-0.91434443,0.2897286,-0.28289866,-0.27695736,0.062221587,0.9588655,0.2954132,0.9550842,0.023350418
1356781892720,-0.92828804,0.27180025,-0.25378338,-0.25087658,0.046003878,0.9669254,0.27448556,0.9612535,0.025483489
1356781892759,-0.9406074,0.25332677,-0.22601634,-0.22530612,0.032211483,0.9737554,0.25395864,0.9668444,0.026777685
1356781892799,-0.9507035,0.23610376,-0.20104223,-0.20196317,0.020537555,0.9791778,0.23531646,0.9715108,0.028159082
1356781892839,-0.9584455,0.22085866,-0.18056428,-0.18301651,0.009485304,0.98306406,0.21883091,0.97525966,0.03132975
1356781892879,-0.9639934,0.20771065,-0.16605157,-0.17049703,-0.0035569668,0.9853518,0.20407742,0.97818387,0.038842857
1356781892919,-0.96744794,0.19718964,-0.15862136,-0.16617642,-0.022268116,0.98584455,0.19086616,0.9801124,0.054311514
1356781892958,-0.96864456,0.1912091,-0.15864065,-0.17115436,-0.050704062,0.98393863,0.1800943,0.98023885,0.081840515
1356781892998,-0.96737003,0.19213188,-0.16516845,-0.18504077,-0.090435326,0.9785609,0.17307569,0.97719336,0.12303656
1356781893038,-0.96372694,0.2004304,-0.17623228,-0.20562795,-0.13667148,0.9690397,0.17013907,0.97012806,0.17292821
1356781893078,-0.9582031,0.21387339,-0.19001324,-0.22950697,-0.1781267,0.9568685,0.17080228,0.9604838,0.21976697
1356781893118,-0.95145714,0.22938314,-0.20521374,-0.25312603,-0.20388019,0.94570607,0.17509003,0.9517438,0.2520461
1356781893158,-0.94409347,0.24463151,-0.22100419,-0.27372965,-0.20805031,0.9390352,0.1837376,0.94703245,0.2633819
1356781893198,-0.93668294,0.25823,-0.23652107,-0.28930572,-0.19010526,0.93816954,0.19729963,0.9471944,0.25277585
1356781893238,-0.9297737,0.2694657,-0.2508169,-0.2986503,-0.15376437,0.9418941,0.21524146,0.9506549,0.22344208
1356781893278,-0.9238565,0.27809125,-0.26297253,-0.30169982,-0.10634297,0.9474536,0.23551328,0.9546499,0.18214566
1356781893318,-0.91930246,0.2841824,-0.27225623,-0.2996206,-0.056847632,0.9523633,0.25516775,0.9570835,0.137407
1356781893358,-0.9163005,0.2881611,-0.2781306,-0.2939781,-0.012332737,0.9557326,0.27197486,0.9575025,0.096013546
1356781893398,-0.91484946,0.29071748,-0.28023905,-0.28575474,0.024234653,0.9579963,0.28529775,0.956502,0.060902774
1356781893438,-0.9147752,0.29278708,-0.2783204,-0.27521586,0.052633464,0.9599406,0.2957072,0.95472795,0.03243172
1356781893478,-0.9156928,0.2956628,-0.27219507,-0.26256213,0.07262939,0.96217775,0.3042495,0.9525274,0.011123717
1356781893518,-0.9169715,0.3010807,-0.26175115,-0.24822283,0.0830732,0.9651343,0.31232783,0.9499733,-0.0014406443
1356781893558,-0.91794205,0.30990106,-0.24767643,-0.23335403,0.08309764,0.96883464,0.3208242,0.94713044,-0.0039620996
1356781893598,-0.9183512,0.32068706,-0.23192877,-0.21988457,0.073818326,0.97272897,0.32906216,0.94430435,0.0027229786
1356781893638,-0.9186018,0.3302358,-0.21705942,-0.2094529,0.058913648,0.9760423,0.33511186,0.9420581,0.015050769
1356781893700,-0.91942894,0.3355952,-0.20500341,-0.20240648,0.043109,0.9783523,0.33716783,0.9410194,0.028290927
1356781893719,-0.92129326,0.3355118,-0.19659738,-0.19818425,0.029872298,0.97970945,0.3345769,0.94156224,0.03897202
1356781893759,-0.92404217,0.3305531,-0.19204384,-0.19641818,0.020460248,0.98030674,0.3279727,0.9435656,0.04602045
1356781893799,-0.9270243,0.32238513,-0.19155633,-0.197325,0.01502198,0.980223,0.31888688,0.9464894,0.049688935
1356781893839,-0.92946905,0.3125953,-0.19588637,-0.20184374,0.01352793,0.9793243,0.3087821,0.94979006,0.050521612
1356781893879,-0.93079853,0.30167815,-0.20640804,-0.21165302,0.015579164,0.97722065,0.2980218,0.9532825,0.049350083
1356781893918,-0.93047136,0.2891864,-0.22493172,-0.22911091,0.019787371,0.9731992,0.28588676,0.95706826,0.04784417
1356781893958,-0.9276109,0.2746779,-0.25316015,-0.25676212,0.023394108,0.9661915,0.27131388,0.9612517,0.048826218
1356781893998,-0.92068756,0.25930813,-0.29170832,-0.29627922,0.022194386,0.95484346,0.25407293,0.96553963,0.056393504
1356781894038,-0.90791637,0.24723065,-0.33847436,-0.34660548,0.011248767,0.9379436,0.23569581,0.9688914,0.075478554
1356781894078,-0.8885947,0.24454895,-0.38806638,-0.40300265,-0.012183964,0.9151178,0.2190629,0.96956044,0.109380364
1356781894118,-0.8640275,0.25441438,-0.43443045,-0.45912546,-0.044175506,0.8872724,0.20654365,0.96608585,0.15497696
1356781894158,-0.8368101,0.27354616,-0.4742586,-0.51005286,-0.074676454,0.85689527,0.19898444,0.9589556,0.20201308
1356781894198,-0.8092426,0.29479313,-0.5081568,-0.55351245,-0.09276134,0.8276589,0.19685079,0.951048,0.23823816
1356781894238,-0.7828697,0.31189713,-0.5383636,-0.5887928,-0.09172326,0.8030629,0.20109254,0.9456781,0.25545007
1356781894278,-0.7585399,0.32094818,-0.56710625,-0.61615175,-0.07003105,0.78450793,0.21207134,0.9445041,0.25087416
1356781894318,-0.7365954,0.32007605,-0.5958008,-0.63667595,-0.030935228,0.7705108,0.22819084,0.94688666,0.22657138
1356781894358,-0.7172678,0.309773,-0.6241535,-0.6517476,0.018596232,0.758208,0.24647926,0.9506287,0.18855536
1356781894398,-0.7010887,0.29303882,-0.6500792,-0.6623633,0.070026875,0.74590296,0.26410156,0.95353264,0.14500302
1356781894438,-0.6888627,0.27376345,-0.6712092,-0.66895807,0.116579175,0.73410106,0.27921903,0.9547056,0.10282922
1356781894478,-0.68118334,0.25472385,-0.68637097,-0.67190707,0.15479976,0.72427756,0.29074085,0.9545433,0.06570369
1356781894518,-0.67808795,0.23708493,-0.69569206,-0.671855,0.1838404,0.7175051,0.29800597,0.95393574,0.034626722
1356781894558,-0.67933476,0.22172336,-0.6995306,-0.6691808,0.20404738,0.7145361,0.30116674,0.9535216,0.0097565055
1356781894598,-0.68478626,0.21074478,-0.6976062,-0.6632294,0.21645468,0.7164315,0.3019843,0.95327544,-0.0084530115
1356781894638,-0.6943126,0.20741147,-0.6891375,-0.6525462,0.22239012,0.7243798,0.30350202,0.95264006,-0.019062698
1356781894699,-0.70718336,0.21401133,-0.6738627,-0.636447,0.2224201,0.7385557,0.3079399,0.9511722,-0.021084905
1356781894719,-0.7216816,0.22899699,-0.65325034,-0.61661637,0.21619415,0.75699687,0.31457892,0.94911563,-0.014820099
1356781894759,-0.73583764,0.24721597,-0.6304183,-0.5965033,0.20400482,0.7762511,0.32051006,0.9472414,-0.0026493073
1356781894817,-0.7486246,0.26273924,-0.6087111,-0.579,0.1881879,0.79331225,0.32298636,0.9463368,0.011243939
1356781894838,-0.75995445,0.2718898,-0.59037715,-0.56522876,0.17201364,0.8068009,0.32091385,0.9468301,0.022957444
1356781894878,-0.7699599,0.27426028,-0.5761449,-0.5549827,0.15774316,0.81676877,0.31489015,0.94862974,0.03075391
1356781894915,-0.7783977,0.2718829,-0.5658416,-0.54769534,0.14638603,0.8237723,0.3068009,0.95113134,0.034962416
1356781894958,-0.7845334,0.2668947,-0.5597095,-0.5435695,0.13835305,0.82788324,0.29839516,0.953743,0.036533177
1356781894998,-0.7873,0.2603591,-0.5589024,-0.54398537,0.1333884,0.8284247,0.290239,0.9562535,0.036614895
1356781895038,-0.7854512,0.2520014,-0.5652979,-0.55137485,0.13001436,0.8240643,0.2811622,0.9589533,0.036827385
1356781895078,-0.7772468,0.24155778,-0.58097965,-0.568664,0.12548095,0.81294274,0.26927447,0.96223927,0.039835572
1356781895118,-0.76096815,0.23072359,-0.6063777,-0.5972266,0.116034865,0.7936348,0.25347123,0.9660758,0.04949552
1356781895158,-0.7358155,0.22428048,-0.6389629,-0.6352275,0.09835404,0.76603687,0.23465167,0.9695487,0.0700987
1356781895198,-0.7029253,0.22780316,-0.6737964,-0.6778662,0.07231504,0.73162,0.21539095,0.97101814,0.103588045
1356781895238,-0.6647409,0.24270557,-0.7065505,-0.72023183,0.04303944,0.69239706,0.19845814,0.96914476,0.14619422
1356781895278,-0.62329453,0.26422668,-0.7359947,-0.759578,0.019131362,0.65013486,0.18586352,0.9642709,0.18877625
1356781895318,-0.5796884,0.28467366,-0.7634934,-0.79495776,0.008132517,0.60661024,0.17889509,0.95859,0.22158921
1356781895358,-0.534726,0.29744345,-0.79094595,-0.82596296,0.013715863,0.56355757,0.17847502,0.9546409,0.238343
1356781895398,-0.48933685,0.29838422,-0.819461,-0.8521917,0.03599906,0.5219898,0.18525338,0.9537667,0.23666489
1356781895438,-0.44489092,0.2861323,-0.84864616,-0.87320495,0.07192588,0.48201632,0.19896004,0.9554868,0.21785301
1356781895478,-0.40391898,0.2627438,-0.8762506,-0.88845015,0.11554903,0.4441899,0.2179581,0.95792174,0.18676239
1356781895518,-0.37018287,0.2334545,-0.89914596,-0.89753747,0.15972525,0.4109918,0.23956418,0.9591594,0.15040666
1356781895558,-0.3473792,0.20429936,-0.91519904,-0.9006995,0.19884747,0.3862643,0.26089856,0.95849955,0.11493689
1356781895598,-0.33738154,0.1791965,-0.9241548,-0.89886653,0.23032808,0.37281087,0.27966517,0.95647144,0.08336526
1356781895638,-0.33991373,0.15939727,-0.9268502,-0.8931329,0.25397748,0.37122658,0.29457155,0.95398533,0.05603248
1356781895698,-0.35365748,0.14525238,-0.9240283,-0.88404727,0.27083784,0.3809296,0.30559278,0.9516032,0.032626092
1356781895719,-0.3775714,0.13802552,-0.9156357,-0.8711159,0.28236735,0.40177813,0.31400123,0.94932485,0.013622463
1356781895759,-0.41064876,0.13984808,-0.901005,-0.85316026,0.28970295,0.43380845,0.32169113,0.9468446,3.466606E-4
1356781895799,-0.45151192,0.15239379,-0.8791548,-0.8291187,0.29241687,0.47650254,0.3296957,0.9440702,-0.005677223
1356781895839,-0.49665236,0.17413229,-0.8503025,-0.7998492,0.28856868,0.52627873,0.33701283,0.94149137,-0.004038751
1356781895879,-0.54089683,0.1990861,-0.8171874,-0.76887476,0.27683562,0.5763624,0.3409723,0.9400674,0.003332734
1356781895918,-0.5796646,0.21957782,-0.7847131,-0.74097455,0.25864005,0.61972743,0.33903664,0.9406864,0.01277709
1356781895958,-0.61105597,0.23085248,-0.7571774,-0.7193278,0.23733443,0.65287054,0.33042103,0.9435992,0.021034062
1356781895998,-0.63535565,0.23304419,-0.7362157,-0.7042946,0.21610719,0.67621505,0.3166895,0.9481498,0.026826859
1356781896038,-0.6532769,0.22921811,-0.72158736,-0.6947497,0.1973126,0.6916578,0.30091876,0.9531667,0.030349493
1356781896078,-0.6648431,0.22225593,-0.71315217,-0.6901046,0.18265301,0.700281,0.285901,0.9577266,0.031944215
1356781896118,-0.669164,0.21344887,-0.7118,-0.69128186,0.17266542,0.7016524,0.27267012,0.9615749,0.032011867
1356781896158,-0.6647392,0.20299053,-0.71896917,-0.700285,0.16592818,0.69431174,0.26023597,0.9650196,0.031852245
1356781896198,-0.65001625,0.19172385,-0.73533714,-0.7187363,0.15912223,0.6768295,0.24677284,0.9684637,0.034366906
1356781896238,-0.6248671,0.1835052,-0.75885904,-0.7455909,0.14806575,0.64974666,0.23159292,0.97180367,0.04429835
1356781896278,-0.5925658,0.18571118,-0.78382206,-0.77594733,0.12964946,0.6173304,0.21626723,0.9740135,0.0672763
1356781896318,-0.55917656,0.20423272,-0.803499,-0.80375564,0.104022264,0.58579546,0.20322037,0.9733799,0.10598636
1356781896358,-0.52882224,0.23618129,-0.81520885,-0.8264028,0.07558787,0.5579829,0.19340509,0.96876454,0.15520829
1356781896398,-0.50082594,0.2704915,-0.82219684,-0.8452631,0.051602542,0.53185284,0.18628916,0.9613384,0.20279264
1356781896438,-0.4725392,0.2962786,-0.8300154,-0.8623936,0.038630903,0.50476205,0.18161443,0.95431995,0.2372542
1356781896478,-0.44299746,0.3081531,-0.8418997,-0.8782069,0.039694786,0.47663093,0.18029433,0.95050836,0.25303733
1356781896518,-0.41338378,0.30517477,-0.857894,-0.8917969,0.05457151,0.44913274,0.18388051,0.95073146,0.24959499
1356781896558,-0.38650018,0.2890881,-0.87581146,-0.90178716,0.08065802,0.42458698,0.19338429,0.95389843,0.22952163
1356781896598,-0.3662325,0.26367536,-0.8923839,-0.9068477,0.11381835,0.4057987,0.20856875,0.957873,0.19742948
1356781896638,-0.3573298,0.2345519,-0.90404695,-0.9057337,0.14922035,0.39671114,0.22795159,0.9605825,0.15912062
1356781896697,-0.36473656,0.20827132,-0.90751874,-0.8971165,0.18235236,0.4024048,0.24929759,0.96092176,0.120333016
1356781896719,-0.39163733,0.19017228,-0.9002525,-0.8795295,0.21002173,0.4269879,0.27027386,0.9590231,0.08500981
1356781896759,-0.43727398,0.18231794,-0.8806541,-0.851689,0.23053163,0.4706177,0.2888207,0.9558323,0.054472625
1356781896799,-0.49743915,0.18394119,-0.84777355,-0.8126831,0.24306923,0.5295881,0.30348074,0.952409,0.028573692
1356781896839,-0.56679744,0.19407544,-0.80067194,-0.761485,0.24753201,0.5990564,0.31445408,0.94924325,0.0074849725
1356781896878,-0.64057267,0.21350284,-0.73761994,-0.6962781,0.2435866,0.67517585,0.32382625,0.9460878,-0.007377565
1356781896918,-0.7137465,0.24291338,-0.6569315,-0.6158563,0.22907037,0.75382215,0.33359697,0.9426133,-0.013898373
1356781896958,-0.7782523,0.277707,-0.56320703,-0.52584803,0.20201784,0.82624006,0.34323052,0.93918455,-0.011189222
1356781896998,-0.8272383,0.30815768,-0.4698037,-0.43984228,0.16509187,0.8827703,0.34959322,0.936901,-0.0010294914
1356781897038,-0.8607321,0.32599548,-0.39098233,-0.37039426,0.12581867,0.9203139,0.34921104,0.93696135,0.012450755
1356781897078,-0.88362294,0.32920697,-0.33291617,-0.32119808,0.09111297,0.9426188,0.34064963,0.9398517,0.025231183
1356781897118,-0.90051603,0.32104683,-0.29325697,-0.28842676,0.063666046,0.95538294,0.32539317,0.9449209,0.03526622
1356781897158,-0.91365397,0.30652037,-0.26698586,-0.26679626,0.043352723,0.9627773,0.30668542,0.9508763,0.042169213
1356781897198,-0.9236499,0.28955096,-0.25105974,-0.25351322,0.029654562,0.9668773,0.28740528,0.9567031,0.046014607
1356781897238,-0.9303589,0.27188325,-0.24599172,-0.24952294,0.02207911,0.9681172,0.2686461,0.96207696,0.047299623
1356781897278,-0.9329909,0.25366852,-0.25530422,-0.25901696,0.019245505,0.965681,0.2498763,0.9670997,0.047748566
1356781897318,-0.9295972,0.23487566,-0.2840468,-0.28799182,0.018084764,0.95746213,0.23002145,0.97185725,0.050830662
1356781897358,-0.91684633,0.2173748,-0.33487466,-0.34029317,0.013165057,0.9402272,0.20879033,0.9759994,0.061900854
1356781897398,-0.89226025,0.20703545,-0.40125802,-0.41040412,-0.0013474226,0.9119028,0.18825558,0.9783325,0.086170375
1356781897438,-0.8599837,0.21072072,-0.4647846,-0.48056072,-0.027917564,0.8765169,0.17172459,0.9771475,0.12527281
1356781897478,-0.8278442,0.22835372,-0.5123756,-0.53725165,-0.060028136,0.8412832,0.1613532,0.97172594,0.17237723
1356781897518,-0.79847324,0.25200576,-0.54674816,-0.58117396,-0.08568323,0.80925596,0.15709002,0.963925,0.21487498
1356781897558,-0.7684075,0.27321094,-0.5787103,-0.6201233,-0.0944708,0.7787954,0.15810423,0.95730406,0.24201655
1356781897598,-0.73328274,0.28691056,-0.61642426,-0.6597856,-0.08124578,0.7470489,0.16425437,0.95450586,0.24887556
1356781897638,-0.6894018,0.29029626,-0.6636665,-0.7026971,-0.045529246,0.7100309,0.17590305,0.9558531,0.23537832
1356781897696,-0.63319933,0.2812327,-0.7210872,-0.7495853,0.009278655,0.66184276,0.19282252,0.9595948,0.20493269
1356781897719,-0.5631192,0.25849652,-0.7849052,-0.79836166,0.075035095,0.597485,0.21334317,0.9630936,0.16412008
1356781897759,-0.48471493,0.22387588,-0.84553593,-0.842461,0.14042825,0.520134,0.23518258,0.96444774,0.12053907
1356781897799,-0.42060053,0.18591073,-0.8879936,-0.8702612,0.19394094,0.4528051,0.25639966,0.9632363,0.08021921
1356781897856,-0.4151259,0.16164494,-0.8952884,-0.8669474,0.22805822,0.4431609,0.27581257,0.9601356,0.045464814
1356781897878,-0.5589548,0.18480903,-0.8083409,-0.7758979,0.2272985,0.5884877,0.2924925,0.95612806,0.016343415
1356781897918,-0.8869856,0.28255606,-0.3652652,-0.34586442,0.117644966,0.93087995,0.30599737,0.9520093,-0.006623268
1356781897955,-0.9310984,0.31535548,0.1833214,0.18066318,-0.037911713,0.98281413,0.31688583,0.948216,-0.02167356
1356781897998,-0.8799264,0.31384447,0.35669473,0.34554425,-0.0925256,0.9338298,0.32608077,0.94495535,-0.027031362
1356781898038,-0.8675277,0.31625918,0.38389546,0.3692027,-0.10773951,0.9230826,0.33329403,0.94253504,-0.023296654
1356781898078,-0.8738866,0.3178095,0.36785766,0.35065356,-0.11200553,0.9297832,0.33669606,0.9415157,-0.013560832
1356781898118,-0.8872009,0.31541184,0.33673415,0.31812724,-0.11041129,0.94159675,0.33417,0.9425098,-0.0023841262
1356781898158,-0.9024765,0.30809098,0.30102485,0.2824036,-0.10448599,0.95358837,0.3252449,0.9456017,0.0072901845
1356781898198,-0.916222,0.29737857,0.2685207,0.25059506,-0.09761077,0.9631585,0.31263322,0.94975686,0.014911473
1356781898238,-0.92641675,0.28580338,0.2450885,0.2278372,-0.09267521,0.9692789,0.29973683,0.95379645,0.020739198
1356781898278,-0.93298227,0.2752705,0.23188414,0.21512657,-0.090025365,0.9724279,0.28855616,0.9571424,0.024774075
1356781898318,-0.9377087,0.26565167,0.22390044,0.20769203,-0.087993205,0.9742285,0.27850717,0.960045,0.027338386
1356781898358,-0.94400007,0.25530952,0.20899971,0.19357836,-0.084400535,0.9774477,0.2671914,0.96316856,0.030251801
1356781898398,-0.95636535,0.24318272,0.16194886,0.14738709,-0.07705116,0.9860731,0.25227427,0.9669153,0.037847042
1356781898438,-0.97229034,0.2322682,0.026514962,0.012629196,-0.06106782,0.9980537,0.23343535,0.97073287,0.0564422
1356781898478,-0.92530197,0.23015092,-0.30140835,-0.31393158,-0.018978298,0.949256,0.21275194,0.97296995,0.08981216
1356781898518,-0.59020156,0.22385004,-0.7755987,-0.7837229,0.07140571,0.61699253,0.19349605,0.97200435,0.13329256
1356781898558,-0.036464572,0.18424657,-0.9822033,-0.9831847,0.16937149,0.06827262,0.17893618,0.96817684,0.17497241
1356781898598,0.40686333,0.11903459,-0.9057003,-0.8971974,0.23848718,-0.37169972,0.17175281,0.96382296,0.20382923
1356781898638,0.690693,0.037044197,-0.7221986,-0.702086,0.27362528,-0.6574226,0.17325816,0.9611228,0.2149993
1356781898696,0.8478864,-0.046356335,-0.52814746,-0.4976343,0.27405405,-0.8229547,0.1828901,0.9605964,0.2092982
1356781898719,0.92324114,-0.117770225,-0.36572665,-0.32907936,0.24895129,-0.9108952,0.19832444,0.961329,0.19108632
1356781898759,0.9550085,-0.17437361,-0.23990121,-0.2020845,0.20945325,-0.9567085,0.21707281,0.96214503,0.16479144
1356781898799,0.96532565,-0.21806511,-0.14350608,-0.10905736,0.16258132,-0.98064977,0.2371769,0.9622968,0.13316232
1356781898839,0.965449,-0.25046885,-0.07192793,-0.044531636,0.113384336,-0.9925527,0.25675905,0.9614621,0.098313004
1356781898879,0.96169174,-0.2731392,-0.023323432,-0.005103439,0.06722736,-0.9977246,0.2740857,0.95962256,0.06325805
1356781898919,0.9572042,-0.28932953,0.006955698,0.01581186,0.028283149,-0.9994748,0.2889809,0.9568116,0.031647593
1356781898959,0.9523012,-0.3037635,0.029157177,0.029899105,-0.0022093058,-0.99955046,0.3036914,0.95274484,0.006978333
1356781898998,0.94595027,-0.31974486,0.05423394,0.048942655,-0.024567217,-0.9984994,0.3205974,0.94718516,-0.0075902063
1356781899038,0.93802357,-0.33629695,0.08376244,0.075286925,-0.03818804,-0.9964304,0.33829522,0.9409814,-0.010502515
1356781899078,0.93121904,-0.3493216,0.10394951,0.09606205,-0.03987986,-0.99457616,0.35157242,0.9361538,-0.0035803318
1356781899118,0.9310611,-0.35519648,0.083430946,0.08103271,-0.021651562,-0.99647623,0.35575125,0.9345409,0.0086236
1356781899158,0.9362605,-0.3490786,-0.039501473,-0.029467896,0.03400904,-0.998987,0.3500684,0.9364762,0.021554705
1356781899198,0.8792319,-0.3026318,-0.3679201,-0.33640295,0.15243468,-0.929299,0.3373192,0.9408388,0.0322192
1356781899238,0.6054907,-0.17361987,-0.77668345,-0.72811335,0.2731425,-0.62868434,0.32129732,0.9461761,0.03897029
1356781899278,0.36009216,-0.07507047,-0.92989135,-0.88181734,0.2979684,-0.365531,0.30451882,0.95161927,0.04109764
1356781899318,0.2979837,-0.050110847,-0.9532547,-0.9102572,0.28581643,-0.29956764,0.28746745,0.95697325,0.039554894
1356781899358,0.3196444,-0.05159238,-0.9461319,-0.9085299,0.26686275,-0.32149276,0.2690739,0.9623525,0.03842801
1356781899398,0.3517782,-0.046575367,-0.93492395,-0.9025807,0.24793579,-0.35196012,0.2481938,0.9676562,0.04518041
1356781899438,0.36895758,-0.021332681,-0.9292014,-0.9017705,0.23393206,-0.36343616,0.2251231,0.9720189,0.06707379
1356781899478,0.37464544,0.022072345,-0.9269054,-0.9049121,0.22643325,-0.36036393,0.20192814,0.9737766,0.10480568
1356781899518,0.3826829,0.07035115,-0.92119735,-0.9058081,0.22482017,-0.35912058,0.18183917,0.9718573,0.14975944
1356781899558,0.40395874,0.10708505,-0.9084878,-0.8991527,0.22924906,-0.37278587,0.16835019,0.9674594,0.18889296
1356781899598,0.43989992,0.12125313,-0.88982344,-0.88291824,0.23949999,-0.40385044,0.16414455,0.9632951,0.21241266
1356781899638,0.4839663,0.11040804,-0.8680937,-0.85839736,0.25271285,-0.44641933,0.17009011,0.9612212,0.2170785
1356781899697,0.52665126,0.078987926,-0.84640384,-0.8296989,0.26448834,-0.4915746,0.1850355,0.9611487,0.20482934
1356781899719,0.559514,0.035508215,-0.8280599,-0.8028264,0.27147156,-0.5308229,0.20594612,0.96179116,0.18039909
1356781899759,0.57836145,-0.012198776,-0.8156894,-0.7828766,0.27281255,-0.55917567,0.22935158,0.9619898,0.14823413
1356781899799,0.58166647,-0.057875395,-0.81136584,-0.77341145,0.26965293,-0.5736916,0.2519898,0.9612168,0.112086564
1356781899839,0.5692352,-0.09684166,-0.81645143,-0.77605915,0.26461574,-0.57246035,0.271484,0.95947915,0.075473726
1356781899880,0.54073435,-0.12550497,-0.83177817,-0.7907463,0.26143792,-0.55350745,0.2869263,0.957026,0.04212585
1356781899919,0.49501422,-0.14098784,-0.85737,-0.81574047,0.26439092,-0.51445585,0.29921284,0.9540544,0.01586777
1356781899959,0.42970693,-0.14028886,-0.8920039,-0.84788847,0.27704877,-0.4520276,0.31054297,0.95055926,1.0046363E-4
1356781899999,0.34093195,-0.11982137,-0.9324206,-0.88290054,0.29984587,-0.36135724,0.32288077,0.94643295,-0.003563255
1356781900039,0.2261349,-0.07759693,-0.9710004,-0.91422844,0.32716584,-0.23905858,0.3362283,0.94177556,0.0030423403
1356781900079,0.089805126,-0.017929167,-0.995798,-0.933161,0.3479004,-0.09042022,0.34805974,0.93736005,0.01451242
1356781900118,-0.05172956,0.04595399,-0.9976033,-0.93347496,0.3527667,0.0646542,0.35489237,0.93458223,0.024648368
1356781900158,-0.17790866,0.0986878,-0.97908586,-0.91790044,0.34198356,0.20126131,0.35469323,0.9345095,0.02974379
1356781900198,-0.27594686,0.13249323,-0.95199734,-0.8959576,0.3231581,0.3046783,0.34801346,0.93702424,0.029533803
1356781900238,-0.3427955,0.14758256,-0.9277449,-0.8768642,0.3040623,0.3723646,0.3370468,0.94115114,0.025178611
1356781900278,-0.37937778,0.14680153,-0.91352165,-0.8667168,0.28919005,0.40641254,0.32384336,0.9459484,0.01752311
1356781900318,-0.38691026,0.13287124,-0.9124942,-0.8687942,0.27910185,0.40902176,0.309026,0.9510244,0.007450402
1356781900358,-0.36677355,0.109271646,-0.92387056,-0.8834415,0.27032346,0.38269612,0.29156172,0.95654845,-0.0026123524
1356781900398,-0.32308286,0.08353725,-0.9426764,-0.9071027,0.25662118,0.33363175,0.26978144,0.96289515,-0.007133007
1356781900438,-0.26522785,0.06906238,-0.96170914,-0.9329486,0.23344773,0.2740604,0.24343607,0.9699137,0.0025148392
1356781900478,-0.20473146,0.07894081,-0.9756297,-0.9548673,0.20303911,0.21680301,0.21520555,0.9759833,0.033809483
1356781900518,-0.14732862,0.11424437,-0.98246753,-0.9707185,0.17384458,0.16578194,0.18973628,0.9781238,0.085286856
1356781900558,-0.09137249,0.16110599,-0.9826983,-0.98103034,0.15486306,0.11660597,0.1709696,0.9747114,0.14389962
1356781900598,-0.03315389,0.20037797,-0.97915757,-0.98645866,0.15088904,0.06427953,0.1606243,0.9680295,0.19266203
1356781900638,0.027720392,0.21934974,-0.9752524,-0.98695314,0.16080308,0.008114219,0.15860343,0.9623035,0.22094545
1356781900695,0.088719994,0.21405908,-0.97278345,-0.98249614,0.1794121,-0.050126582,0.16379908,0.9602032,0.22622961
1356781900720,0.1456047,0.18700233,-0.97150886,-0.9738115,0.20040432,-0.10737467,0.1746153,0.9617007,0.21128482
1356781900759,0.1936689,0.1446527,-0.97034425,-0.9626025,0.2190066,-0.15947568,0.18944317,0.96494126,0.18165782
1356781900799,0.22867692,0.09538561,-0.9688182,-0.95130295,0.23321152,-0.20158172,0.20671156,0.9677366,0.14407071
1356781900839,0.24785644,0.046741515,-0.96766853,-0.9423233,0.24353677,-0.2296009,0.22493091,0.96876466,0.10440779
1356781900896,0.2500078,0.0037831366,-0.96823645,-0.93726087,0.25189066,-0.24102542,0.24297795,0.9677483,0.06652039
1356781900918,0.23507428,-0.030599207,-0.9714956,-0.93642354,0.26072943,-0.23480007,0.2604821,0.96492684,0.03263703
1356781900958,0.20258102,-0.05344203,-0.9778062,-0.93896866,0.27288964,-0.20944953,0.2780266,0.96055984,0.0051018596
1356781900995,0.15137789,-0.060985982,-0.98659277,-0.9428206,0.29092243,-0.16264501,0.296941,0.95480096,-0.013459623
1356781901038,0.08112505,-0.04989922,-0.995454,-0.9445987,0.3148465,-0.09276292,0.318044,0.94782996,-0.021592796
1356781901078,-0.007350385,-0.019301444,-0.9997867,-0.94084907,0.33882582,3.758669E-4,0.33874625,0.9406511,-0.020650208
1356781901118,-0.10676852,0.0255948,-0.9939544,-0.9290874,0.35346392,0.108902484,0.35411432,0.93509793,-0.013958991
1356781901158,-0.20523927,0.07324234,-0.9759674,-0.91028666,0.35202506,0.21784508,0.35952047,0.9331205,-0.0055778027
1356781901198,-0.29042184,0.11154014,-0.95037574,-0.8891919,0.3354919,0.31109962,0.35354346,0.93541646,0.0017464161
1356781901238,-0.3552186,0.1349312,-0.92499363,-0.871377,0.31043315,0.3799123,0.3384107,0.9409702,0.0073043704
1356781901278,-0.39745784,0.14406776,-0.90624046,-0.86076224,0.28370178,0.42261297,0.31798694,0.9480284,0.011248589
1356781901318,-0.41663283,0.14163366,-0.8979739,-0.8596697,0.25982225,0.43984148,0.29560998,0.9552132,0.013507664
1356781901358,-0.41209525,0.13033155,-0.9017712,-0.8693092,0.24020326,0.43197677,0.27290857,0.9619335,0.014311731
1356781901398,-0.3833853,0.11375624,-0.9165562,-0.8891657,0.22294676,0.3995987,0.24980003,0.9681705,0.015673637
1356781901438,-0.3325699,0.09860918,-0.9379091,-0.91573644,0.20397305,0.3461529,0.22544202,0.9739976,0.022464693
1356781901478,-0.2669208,0.09528774,-0.958996,-0.94273764,0.18069243,0.28034958,0.19999713,0.97891283,0.041600823
1356781901518,-0.19753426,0.112561196,-0.9738122,-0.96441936,0.15574634,0.21363139,0.17571434,0.98136294,0.077790916
1356781901558,-0.13172221,0.14831364,-0.98012877,-0.9789717,0.13590556,0.15213194,0.15576825,0.9795575,0.12729305
1356781901598,-0.0684486,0.18810809,-0.9797603,-0.9874939,0.12702942,0.09337777,0.14202347,0.9738988,0.17706054
1356781901638,-0.002927661,0.21535224,-0.9765321,-0.9909138,0.1306876,0.031790942,0.13446689,0.9677522,0.21301281
1356781901693,0.07244605,0.21428147,-0.9740817,-0.9882413,0.14727545,-0.04110107,0.13465112,0.96560526,0.22243121
1356781901729,0.1477457,0.19207513,-0.97019506,-0.9790406,0.1674414,-0.11594343,0.14018098,0.9669905,0.21278805
1356781901769,0.2185154,0.15101534,-0.9640775,-0.9639122,0.18735886,-0.18912962,0.15206704,0.97061384,0.18650624
1356781901809,0.27945593,0.09680185,-0.95526636,-0.94493365,0.20419815,-0.25574076,0.17030743,0.9741316,0.14853576
1356781901848,0.32725567,0.035831094,-0.9442563,-0.92488444,0.21691191,-0.3123109,0.19363001,0.97553337,0.10412523
1356781901888,0.35917217,-0.02490282,-0.93293905,-0.907094,0.2257847,-0.35524896,0.21949008,0.97385895,0.0585064
1356781901928,0.3720501,-0.078048825,-0.9249253,-0.89529777,0.23282893,-0.3797794,0.24499068,0.9693807,0.016747117
1356781901968,0.36081004,-0.116446614,-0.9253412,-0.8932469,0.24216355,-0.37877008,0.26819044,0.96322215,-0.016640514
1356781902008,0.31813145,-0.13414228,-0.9385085,-0.9027655,0.25942284,-0.34309506,0.28949407,0.9564024,-0.038568467
1356781902048,0.23114567,-0.12407023,-0.96497583,-0.9220012,0.28872675,-0.25797436,0.31062126,0.94933844,-0.047654986
1356781902088,0.07809609,-0.07439163,-0.9941665,-0.9401865,0.3261807,-0.09826326,0.3315879,0.9423758,-0.04446858
1356781902128,-0.15515542,0.023547828,-0.9876094,-0.92410904,0.3499332,0.15352291,0.3492124,0.9364787,-0.03253323
1356781902168,-0.41653514,0.14319932,-0.8977708,-0.83524054,0.3296656,0.44010663,0.35898715,0.9331745,-0.01771146
1356781902209,-0.60926247,0.22899404,-0.75918436,-0.70795107,0.27420914,0.6508568,0.35721764,0.93400806,-0.0049487352
1356781902248,-0.7172154,0.26659513,-0.6438395,-0.60512,0.21993601,0.7651523,0.3455894,0.9383791,0.003580451
1356781902288,-0.7682074,0.2694053,-0.5807567,-0.5512947,0.18280566,0.8140371,0.32547152,0.9455173,0.008089006
1356781902328,-0.7868052,0.25357383,-0.562706,-0.53901297,0.16183472,0.82660437,0.3006706,0.9536823,0.009347141
1356781902368,-0.7813586,0.22790377,-0.5809808,-0.5605002,0.15311372,0.813877,0.27444175,0.96156955,0.008103371
1356781902408,-0.7508989,0.19670545,-0.6304425,-0.61173576,0.15254694,0.77621436,0.24885768,0.9685228,0.0057843924
1356781902448,-0.6910363,0.16393918,-0.70398355,-0.6868613,0.15443128,0.71019185,0.22514535,0.9743074,0.0058858395
1356781902488,-0.60527074,0.1384196,-0.7838924,-0.7693261,0.15116084,0.62071556,0.20441303,0.97876984,0.014996529
1356781902528,-0.5173083,0.13458881,-0.84514976,-0.8348446,0.13783449,0.5329505,0.18821993,0.9812683,0.041057825
1356781902568,-0.45741767,0.16055271,-0.8746381,-0.87134886,0.115445614,0.47688922,0.17753899,0.9802525,0.08709067
1356781902608,-0.42896682,0.20624307,-0.8794607,-0.8869606,0.088284135,0.45332858,0.17113826,0.97450995,0.14505857
1356781902648,-0.40818626,0.25100127,-0.8777143,-0.897612,0.06486118,0.43598822,0.16636315,0.96581125,0.19882637
