1356781537520,0.1709038,0.116942495,-0.9783232,0.98528767,-0.020284355,0.16969576,-2.9802322E-8,-0.9929315,-0.11868861
1356781537545,0.09316647,0.11816195,-0.9886141,0.99565053,-0.011059344,0.09250775,-2.5331974E-6,-0.9929328,-0.11867839
1356781537575,0.093215406,0.11809063,-0.988618,0.995646,-0.011075616,0.092555106,-1.9699335E-5,-0.9929411,-0.11860889
1356781537616,0.093450636,0.11769679,-0.98864275,0.99562395,-0.011167258,0.09278116,-1.2034178E-4,-0.9929868,-0.118225396
1356781537659,0.093513876,0.116708696,-0.9887539,0.9956179,-0.011336297,0.092824996,-3.7533045E-4,-0.99310154,-0.11725736
1356781537699,0.09515795,0.11482033,-0.9888181,0.9954618,-0.011801153,0.09442699,-8.2707405E-4,-0.9933162,-0.11542225
1356781537738,0.087987214,0.112336844,-0.98976696,0.9961206,-0.011320084,0.08726722,-0.0014009476,-0.9936057,-0.11289704
1356781537779,0.0798195,0.10942802,-0.9907847,0.9968072,-0.010804296,0.0791114,-0.0020477176,-0.993936,-0.109941065
1356781537819,0.067944646,0.106628686,-0.9919747,0.99768543,-0.009965718,0.0672645,-0.0027134418,-0.9942489,-0.10705894
1356781537858,0.052042097,0.10438964,-0.99317396,0.99863935,-0.00875029,0.051408768,-0.0033240318,-0.994498,-0.10470301
1356781537900,0.034567326,0.10275015,-0.9941064,0.999395,-0.0073661506,0.033989877,-0.003830254,-0.9946799,-0.102942646
1356781537939,0.017023236,0.10149014,-0.9946909,0.99984634,-0.005886346,0.016510874,-0.004179418,-0.99481916,-0.10157472
1356781537978,0.0011835396,0.10034919,-0.99495155,0.99998975,-0.004465729,7.390976E-4,-0.0043690205,-0.99494225,-0.10035342
1356781538018,-0.011302233,0.09919658,-0.99500364,0.99992645,-0.003252983,-0.011682481,-0.004395604,-0.9950625,-0.099152565
1356781538059,-0.019852936,0.09807566,-0.99498093,0.9997939,-0.0022836328,-0.020174086,-0.004250765,-0.9951764,-0.09801006
1356781538099,-0.024638593,0.09724218,-0.99495566,0.99968857,-0.0015285015,-0.024905205,-0.0039426386,-0.9952595,-0.09717423
1356781538138,-0.026406497,0.0971224,-0.99492204,0.9996449,-9.902418E-4,-0.026628554,-0.003571421,-0.995272,-0.09706175
1356781538180,-0.026637524,0.098070234,-0.99482286,0.99964,-5.764067E-4,-0.026823372,-0.0032040179,-0.9951793,-0.09801954
1356781538258,-0.024486065,0.1022329,-0.9944591,0.9996965,-1.7774105E-4,-0.024633229,-0.0026950836,-0.99476045,-0.10219753
1356781538298,-0.027015835,0.10518327,-0.9940858,0.99963236,5.4994226E-4,-0.027108371,-0.002304703,-0.99445266,-0.10515946
1356781538338,-0.02068466,0.106762946,-0.99406934,0.99978405,2.1779537E-4,-0.020780206,-0.0020020306,-0.9942845,-0.10674435
1356781538378,-0.014712989,0.10717428,-0.99413145,0.9998902,-1.9574165E-4,-0.014819294,-0.0017827749,-0.9942403,-0.107159674
1356781538417,-0.00899443,0.10676375,-0.99424374,0.99995816,-7.0557E-4,-0.009121865,-0.0016753674,-0.99428415,-0.10675299
1356781538458,-0.0037652254,0.10583237,-0.9943768,0.9999914,-0.0013341904,-0.0039285123,-0.0017424524,-0.9943831,-0.10582638
1356781538498,5.195737E-4,0.10460594,-0.99451363,0.99999774,-0.002100706,3.014803E-4,-0.0020576417,-0.99451154,-0.10460681
1356781538561,0.0033319294,0.103319645,-0.9946427,0.99999094,-0.0029920042,0.003039062,-0.0026619434,-0.99464375,-0.103328705
1356781538580,0.0045132935,0.10215485,-0.99475825,0.99998355,-0.003983289,0.004128009,-0.003540665,-0.9947605,-0.10217124
1356781538619,0.0046667457,0.101150244,-0.99486023,0.9999784,-0.0050755143,0.0041746795,-0.004627168,-0.99485826,-0.10117173
1356781538659,0.0050591826,0.10027853,-0.9949466,0.99997044,-0.0062831044,0.004451543,-0.005804926,-0.99493957,-0.100307345
1356781538698,0.0056741238,0.09958333,-0.9950131,0.99996,-0.0074534416,0.0049563944,-0.0069226325,-0.9950013,-0.09962165
1356781538739,0.0138475895,0.0991613,-0.9949751,0.9998734,-0.009184301,0.013000429,-0.007849008,-0.99502903,-0.09927589
1356781538780,0.023797512,0.09927824,-0.99477506,0.99968016,-0.010884583,0.02282855,-0.008561373,-0.9950001,-0.099505484
1356781538819,0.037570685,0.1000348,-0.9942744,0.9992515,-0.012936741,0.03645718,-0.009215683,-0.99489987,-0.100445986
1356781538860,0.054585516,0.10146636,-0.9933404,0.99845773,-0.015639484,0.053269178,-0.010130316,-0.99471605,-0.10216355
1356781538899,0.073681355,0.10362449,-0.99188364,0.99721456,-0.01921016,0.07207042,-0.011585981,-0.99443096,-0.10475129
1356781538939,0.09298411,0.106793255,-0.98992383,0.99557614,-0.02344802,0.09098551,-0.013495088,-0.9940047,-0.10850111
1356781538979,0.11040208,0.11151001,-0.9876117,0.9937693,-0.027674526,0.10796574,-0.015292466,-0.9933779,-0.11387056
1356781539019,0.124485284,0.11817098,-0.9851594,0.9920907,-0.030941397,0.12164968,-0.016106725,-0.9925111,-0.12108809
1356781539059,0.134484,0.12682772,-0.9827659,0.99079895,-0.032440245,0.13139677,-0.01521641,-0.99139416,-0.13002351
1356781539098,0.14033735,0.13726708,-0.9805423,0.990026,-0.031860232,0.13723451,-0.012402505,-0.9900215,-0.14036918
1356781539137,0.14254585,0.14912105,-0.9784905,0.989756,-0.029446572,0.1396994,-0.007981062,-0.9883804,-0.15179095
1356781539178,0.14199293,0.16193002,-0.97653294,0.9898643,-0.025799394,0.13965327,-0.0025798976,-0.9864649,-0.16395211
1356781539217,0.13962361,0.17529964,-0.9745642,0.99019957,-0.021562308,0.13798514,0.0031749308,-0.98427904,-0.17659229
1356781539258,0.12771648,0.18908262,-0.9736202,0.9917717,-0.01563555,0.12706107,0.008801967,-0.98183674,-0.1895237
1356781539298,0.12962529,0.202622,-0.9706398,0.99146444,-0.012677997,0.12975982,0.0139864385,-0.979175,-0.20253593
1356781539338,0.12890008,0.21603519,-0.9678396,0.9914835,-0.00979057,0.12986371,0.018579453,-0.9763365,-0.21545738
1356781539378,0.12669429,0.22909689,-0.9651234,0.9916867,-0.007188827,0.12847489,0.02249512,-0.97337705,-0.22810316
1356781539417,0.12346405,0.24155012,-0.962502,0.9920187,-0.0050187707,0.12599072,0.02560246,-0.9703753,-0.24024189
1356781539458,0.11278263,0.25309077,-0.96084607,0.9932344,-0.0017868578,0.11611363,0.027670413,-0.96744084,-0.25157994
1356781539498,0.11155215,0.26333582,-0.958233,0.99335325,-0.0020100772,0.115088284,0.028380781,-0.9647022,-0.2618097
1356781539562,0.10861054,0.2719487,-0.956163,0.99370813,-0.0032406747,0.11195359,0.027347028,-0.96230626,-0.2705896
1356781539580,0.104427785,0.27863228,-0.95470357,0.99423945,-0.005946487,0.1070168,0.024141192,-0.9603795,-0.27764815
1356781539619,0.09937203,0.28338957,-0.9538425,0.9948801,-0.010563374,0.10050896,0.018407375,-0.9589467,-0.2829883
1356781539659,0.09346071,0.2864908,-0.9535136,0.9955714,-0.017145246,0.092431694,0.010132581,-0.9579296,-0.28682446
1356781539699,0.08644822,0.28832853,-0.9536212,0.99625635,-0.025225967,0.082686156,-2.1523237E-4,-0.9571992,-0.2894299
1356781539739,0.0779686,0.28941882,-0.9540219,0.99688494,-0.034044564,0.07114363,-0.011888981,-0.956597,-0.2911716
1356781539779,0.06793094,0.29006383,-0.95459324,0.9974034,-0.042675138,0.05801007,-0.02391082,-0.9560553,-0.29220963
1356781539819,0.057198465,0.28963006,-0.95542806,0.997748,-0.05016303,0.044525534,-0.03503126,-0.9558233,-0.29184705
1356781539859,0.047600448,0.28654146,-0.9568846,0.9978883,-0.056025386,0.03286326,-0.04419315,-0.95642835,-0.28860325
1356781539899,0.041294068,0.27887627,-0.9594388,0.9978436,-0.06054327,0.02534917,-0.051018238,-0.9584167,-0.280775
1356781539938,0.04069972,0.26436388,-0.9635639,0.9976195,-0.0644806,0.024447262,-0.055668145,-0.9622651,-0.2663589
1356781539978,0.048028767,0.24069723,-0.9694112,0.9971427,-0.06820768,0.032467276,-0.058306515,-0.9682007,-0.24328542
1356781540016,0.063830316,0.20698032,-0.97626066,0.99622333,-0.070914686,0.050100714,-0.058861375,-0.97577167,-0.21072519
1356781540059,0.086948216,0.16398394,-0.9826237,0.99456906,-0.070928454,0.07616845,-0.057205528,-0.98390985,-0.16926044
1356781540098,0.1136086,0.115338355,-0.98680806,0.9920807,-0.0667178,0.106417626,-0.053563595,-0.99108315,-0.12200469
1356781540138,0.14036489,0.0651049,-0.987957,0.988928,-0.057751715,0.13669711,-0.04815659,-0.99620587,-0.072490394
1356781540178,0.16379681,0.01767096,-0.98633575,0.9856403,-0.044520587,0.16288373,-0.041033953,-0.99885213,-0.024709553
1356781540218,0.18156874,-0.0234555,-0.98309845,0.982852,-0.028372645,0.1822002,-0.03216666,-0.9993222,0.017901689
1356781540258,0.19232911,-0.05603835,-0.9797292,0.98108137,-0.01151365,0.1932531,-0.022109836,-0.99836224,0.05276379
1356781540298,0.19614264,-0.07971433,-0.97732985,0.9805039,0.0039096773,0.19646072,-0.011839688,-0.9968101,0.07892704
1356781540338,0.19387642,-0.09561983,-0.97635484,0.98102236,0.016193897,0.19321728,-0.002664417,-0.9952862,0.09694481
1356781540378,0.18711,-0.10573554,-0.9766319,0.9823295,0.024514258,0.18554759,0.0043224394,-0.9940921,0.10845402
1356781540418,0.17739457,-0.112030834,-0.9777425,0.98410416,0.02865386,0.17526561,0.0083809495,-0.99329156,0.11533302
1356781540458,0.16569602,-0.115644306,-0.97937286,0.9861301,0.029093087,0.16340393,0.009596169,-0.99286455,0.11886102
1356781540498,0.15205368,-0.11672151,-0.981456,0.9883251,0.027656347,0.14982882,0.009655297,-0.9927796,0.11956397
1356781540562,0.135988,-0.11508238,-0.98400366,0.99064374,0.02732253,0.13371012,0.011497736,-0.99298,0.1177212
1356781540580,0.11753762,-0.11139667,-0.9868007,0.99292374,0.030142188,0.11486426,0.01694882,-0.9933188,0.11415127
1356781540619,0.09786335,-0.1073302,-0.98939526,0.99489284,0.03524545,0.09458366,0.024720043,-0.9935986,0.11023125
1356781540659,0.078623384,-0.104638845,-0.9913976,0.99643064,0.038907617,0.074915946,0.030733824,-0.99374896,0.10732433
1356781540699,0.061110318,-0.10378456,-0.99272066,0.99765205,0.037159383,0.057529062,0.0309183,-0.9939054,0.105811715
1356781540740,0.045902908,-0.10355851,-0.99356353,0.9986584,0.028614223,0.04315576,0.023960829,-0.99421155,0.10473311
1356781540779,0.03366065,-0.102190346,-0.9941952,0.9993669,0.014911175,0.032303095,0.011523604,-0.9946531,0.102627546
1356781540819,0.026111245,-0.098843515,-0.99476033,0.99965185,-0.001182437,0.026357114,-0.0037814379,-0.9951022,0.09877825
1356781540860,0.025577843,-0.093569815,-0.9952841,0.99947494,-0.017414272,0.02732277,-0.019888759,-0.9954604,0.093075305
1356781540899,0.032739162,-0.08554578,-0.9957962,0.99882376,-0.032855272,0.03566119,-0.035767764,-0.9957924,0.08436942
1356781540939,0.045468926,-0.07210091,-0.9963604,0.99765277,-0.04784286,0.04899001,-0.051201016,-0.9962492,0.0697563
1356781540979,0.058766782,-0.049195617,-0.99705887,0.99606764,-0.06344485,0.061838806,-0.06630042,-0.9967721,0.04527372
1356781541018,0.016385913,-0.007907003,-0.99983454,0.9965974,-0.080657065,0.016970634,-0.08077791,-0.99671054,0.006558448
1356781541058,0.049681097,0.0442504,-0.9977845,0.9943887,-0.09561232,0.045271724,-0.09339717,-0.9944346,-0.048752278
1356781541098,0.04570183,0.113666564,-0.9924673,0.9936516,-0.10741225,0.033454508,-0.10280049,-0.9876956,-0.11785391
1356781541138,0.015736312,0.18893883,-0.9818627,0.9938817,-0.11032173,-0.005300224,-0.10932225,-0.9757721,-0.18951887
1356781541178,-0.0165461,0.25130156,-0.9677674,0.99320316,-0.107397884,-0.044869155,-0.115211904,-0.96193194,-0.24781644
1356781541218,-0.02774641,0.2863096,-0.9577353,0.9921489,-0.10899338,-0.061326414,-0.12194517,-0.95191765,-0.28103757
1356781541258,-0.0059720576,0.28907502,-0.9572878,0.99172187,-0.121079475,-0.042749614,-0.12826574,-0.9496186,-0.2859589
1356781541307,0.06768218,0.24741176,-0.9665436,0.9891305,-0.14339021,0.032559395,-0.13053733,-0.9582414,-0.2544275
1356781541348,0.14462566,0.19004512,-0.97106445,0.98129666,-0.15355122,0.116098344,-0.12704429,-0.9696931,-0.20869803
1356781541388,0.21562394,0.12756824,-0.9681078,0.9694463,-0.14672014,0.1965886,-0.11696246,-0.9809177,-0.1553069
1356781541428,0.27066216,0.06926045,-0.9601796,0.9573668,-0.12395653,0.26092798,-0.10094863,-0.9898675,-0.099857956
1356781541468,0.3068302,0.020063639,-0.95155275,0.94833064,-0.09129259,0.30386633,-0.080773085,-0.995622,-0.047038287
1356781541508,0.32635298,-0.01916933,-0.9450536,0.94341165,-0.055683702,0.32691544,-0.05889085,-0.9982644,-8.7976456E-5
1356781541557,0.33310196,-0.049553156,-0.94158787,0.9421274,-0.022686511,0.3344868,-0.03793615,-0.9985138,0.039128423
1356781541589,0.33022666,-0.07222745,-0.9411341,0.94369864,0.004589021,0.33077428,-0.019572169,-0.9973775,0.06967637
1356781541629,0.3193346,-0.08753145,-0.9435909,0.9476361,0.025960892,0.3182954,-0.0033643544,-0.9958235,0.09123814
1356781541669,0.30091804,-0.095474064,-0.9488588,0.9535696,0.043041468,0.29808122,0.012381256,-0.99450094,0.10399312
1356781541709,0.27653593,-0.09720409,-0.95607495,0.9605901,0.057141066,0.27203244,0.028188527,-0.99362284,0.10917479
1356781541749,0.25080273,-0.095568,-0.9633093,0.9671363,0.06768313,0.24508443,0.04177761,-0.99311924,0.10940236
1356781541789,0.2304559,-0.093714476,-0.9685595,0.9718658,0.07193157,0.22428265,0.048651427,-0.99299717,0.10765496
1356781541829,0.22133648,-0.0930022,-0.97075266,0.9741504,0.06720227,0.21567297,0.04517871,-0.99339545,0.105472416
1356781541868,0.22676554,-0.092639595,-0.96953356,0.973434,0.053939432,0.22252387,0.031681567,-0.9942376,0.10241014
1356781541908,0.24890947,-0.09156802,-0.9641884,0.96845365,0.03576082,0.2466144,0.0118981,-0.99515647,0.09758064
1356781541948,0.28978437,-0.090161294,-0.9528358,0.95704114,0.01703775,0.28945118,-0.009863108,-0.9957815,0.091225326
1356781541988,0.3486594,-0.089565724,-0.93296015,0.93674815,7.454753E-4,0.35000345,-0.030652732,-0.9959806,0.08416039
1356781542028,0.41836047,-0.08923754,-0.9038867,0.906939,-0.013036609,0.4210603,-0.04935798,-0.99592507,0.075479016
1356781542068,0.4855213,-0.08542207,-0.8700415,0.87168944,-0.028436512,0.48923284,-0.066532224,-0.99593896,0.060655028
1356781542108,0.5366585,-0.072119564,-0.84071183,0.83968043,-0.052682966,0.54051954,-0.08327323,-0.9960037,0.032284617
1356781542148,0.5627879,-0.043019295,-0.8254812,0.8206136,-0.09090623,0.56420684,-0.09931314,-0.9949298,-0.015858725
1356781542188,0.56036985,0.0059143305,-0.8282213,0.8205837,-0.13963906,0.5542051,-0.112374276,-0.99018484,-0.08310275
1356781542228,0.5340135,0.06998271,-0.8425746,0.836778,-0.18632737,0.5148637,-0.120963186,-0.97999203,-0.15806131
1356781542268,0.4994279,0.1317923,-0.85627246,0.85701984,-0.2198594,0.46602434,-0.12684116,-0.9665881,-0.22275254
1356781542308,0.4756744,0.17162594,-0.8627157,0.86957836,-0.23953527,0.4318059,-0.13254178,-0.95559794,-0.26318303
1356781542348,0.47200686,0.18048257,-0.8629227,0.8707164,-0.24873185,0.42424694,-0.13806719,-0.9516084,-0.2745523
1356781542388,0.48497975,0.16135952,-0.8595102,0.8630793,-0.24680531,0.44065985,-0.141027,-0.9555366,-0.25896165
1356781542428,0.5051737,0.12384915,-0.85408485,0.85183436,-0.23036009,0.47043848,-0.13848367,-0.96519196,-0.22187082
1356781542468,0.5240798,0.07880646,-0.84801525,0.84189504,-0.19835591,0.5018641,-0.12865877,-0.9769567,-0.17030106
1356781542508,0.53759027,0.034238786,-0.84251076,0.83572805,-0.15441164,0.5269872,-0.112050116,-0.98741317,-0.111624494
1356781542559,0.5452807,-0.00563848,-0.83823454,0.83328146,-0.10510698,0.54276574,-0.09116462,-0.99444497,-0.05261439
1356781542589,0.5479132,-0.038666934,-0.8356411,0.8336786,-0.057243407,0.5492753,-0.06907368,-0.99761117,8.713752E-4
1356781542628,0.5641475,-0.06363714,-0.8232181,0.82431614,-0.013749197,0.5659628,-0.04733482,-0.99787843,0.044700548
1356781542668,0.5446366,-0.07804504,-0.8350329,0.8382844,0.020383567,0.54485214,-0.025502086,-0.9967414,0.076525584
1356781542708,0.5251389,-0.08282,-0.846977,0.8510126,0.04806453,0.52294123,-0.0026004016,-0.99540484,0.09572138
1356781542748,0.5043717,-0.07907632,-0.85985816,0.8632395,0.06999922,0.49991763,0.020657748,-0.9944079,0.10356742
1356781542788,0.4836738,-0.070874125,-0.87237406,0.87428534,0.08586627,0.47775748,0.041046888,-0.99378264,0.10349545
1356781542828,0.46650624,-0.0636774,-0.88222283,0.8828727,0.094326735,0.4600416,0.05392295,-0.99350274,0.100223064
1356781542868,0.4563352,-0.061434716,-0.8876846,0.8880625,0.09390092,0.45003074,0.05570686,-0.99368423,0.097408175
1356781542908,0.4544862,-0.0645906,-0.8884089,0.8895589,0.08455336,0.44892722,0.046121508,-0.9943233,0.095885456
1356781542966,0.460305,-0.07105142,-0.884913,0.88731164,0.068528086,0.4560505,0.028238416,-0.9951159,0.09458852
1356781542988,0.47263893,-0.07849401,-0.8777535,0.88123006,0.04976794,0.4700604,0.0067870915,-0.9956716,0.09269355
1356781543028,0.49040434,-0.086011976,-0.8672402,0.87136734,0.031356126,0.48962831,-0.0149205625,-0.9958006,0.09032516
1356781543065,0.5117389,-0.092653066,-0.8541304,0.8584281,0.014650881,0.5127245,-0.03499171,-0.9955907,0.08703342
1356781543108,0.5320878,-0.09555408,-0.84128,0.8450079,-0.002655536,0.5347471,-0.053331405,-0.9954206,0.079331025
1356781543148,0.54536414,-0.08958432,-0.8333982,0.83519685,-0.02600193,0.5493362,-0.070881814,-0.9956398,0.060639992
1356781543188,0.5450942,-0.068158865,-0.83559966,0.8336926,-0.0611223,0.5488359,-0.088481754,-0.9958005,0.023506105
1356781543228,0.5267519,-0.027161926,-0.84958506,0.8434483,-0.1073347,0.52637863,-0.10548738,-0.9938519,-0.03362912
1356781543268,0.4904185,0.029447526,-0.87098944,0.86312497,-0.15452981,0.48076582,-0.12043646,-0.9875492,-0.10120115
1356781543308,0.4434966,0.086895466,-0.8920537,0.88638395,-0.18998685,0.42217106,-0.13279375,-0.9779336,-0.16128129
1356781543348,0.39720392,0.12816033,-0.90873754,0.9065304,-0.20901924,0.366761,-0.14293942,-0.9694772,-0.19920447
1356781543388,0.35912365,0.14429638,-0.92206764,0.9210267,-0.21442801,0.32516196,-0.15079746,-0.9660224,-0.20990703
1356781543428,0.33149216,0.13499346,-0.9337504,0.9305744,-0.20978579,0.30003566,-0.15538463,-0.9683836,-0.19516382
1356781543468,0.3127375,0.10532954,-0.94398135,0.93709254,-0.19648722,0.28853115,-0.15508944,-0.9748324,-0.16015247
1356781543508,0.29972637,0.063189775,-0.9519303,0.94243133,-0.17469674,0.28513908,-0.14828125,-0.9825926,-0.111913264
1356781543559,0.2892211,0.017183363,-0.9571081,0.947813,-0.14527828,0.2838041,-0.13417035,-0.9892416,-0.05830416
1356781543589,0.27903116,-0.025639772,-0.9599397,0.9535555,-0.11071408,0.28013256,-0.113461345,-0.9935216,-0.0064437687
1356781543629,0.26816258,-0.061027974,-0.96143866,0.9593085,-0.074668616,0.272308,-0.088407725,-0.99533916,0.03852135
1356781543669,0.2561813,-0.08722305,-0.96268535,0.9646529,-0.04057467,0.26038107,-0.06177196,-0.99536204,0.07374558
1356781543709,0.24238688,-0.1037986,-0.964611,0.96952605,-0.01057291,0.24475962,-0.035604537,-0.99454206,0.09807274
1356781543749,0.22591305,-0.111073464,-0.9677944,0.9740957,0.015517712,0.2256031,-0.010040551,-0.9936911,0.111701846
1356781543789,0.2064085,-0.11035305,-0.9722231,0.97834235,0.039065182,0.20327356,0.015548229,-0.9931245,0.11602646
1356781543829,0.18505996,-0.1044749,-0.97715807,0.98192334,0.05986941,0.17956135,0.03974223,-0.9927238,0.11366573
1356781543869,0.16464576,-0.097236365,-0.9815483,0.9846319,0.07496062,0.15773717,0.05823973,-0.9924345,0.108083904
1356781543909,0.14832777,-0.09176579,-0.9846715,0.9867165,0.08043724,0.14113954,0.06625247,-0.99252653,0.10247794
1356781543949,0.1383157,-0.08921933,-0.98636127,0.98847306,0.07434103,0.13188744,0.061560154,-0.9932337,0.09847352
1356781543989,0.13548973,-0.08875549,-0.9867954,0.9897274,0.057996362,0.13067606,0.045632392,-0.99436367,0.095701635
1356781544029,0.14020768,-0.08893314,-0.9861201,0.9898765,0.034777075,0.13760543,0.022056788,-0.99543035,0.09290874
1356781544069,0.15334857,-0.08922863,-0.9841354,0.9881588,0.008664846,0.15318987,-0.005141467,-0.99597347,0.089500755
1356781544108,0.17563713,-0.08978176,-0.9803524,0.9839121,-0.017056704,0.17783695,-0.03268817,-0.99581534,0.0853416
1356781544148,0.20521194,-0.08922216,-0.9746422,0.97694516,-0.04123062,0.2094712,-0.058874547,-0.99515796,0.07870412
1356781544188,0.23581433,-0.08292335,-0.9682538,0.9682097,-0.06549734,0.24141294,-0.08343679,-0.9944013,0.064841926
1356781544228,0.25732067,-0.063542336,-0.9642346,0.96044695,-0.09308383,0.262444,-0.10643101,-0.9936285,0.03707671
1356781544268,0.25896424,-0.02425623,-0.9655824,0.95749176,-0.12507075,0.25993627,-0.12707117,-0.9918513,-0.009163737
1356781544308,0.235107,0.035138935,-0.97133404,0.9612701,-0.15627795,0.22701755,-0.14382094,-0.98708785,-0.07052001
1356781544348,0.192069,0.102229625,-0.97604233,0.96894896,-0.17756122,0.17207557,-0.155716,-0.9787856,-0.13315931
1356781544388,0.14636451,0.15726686,-0.9766497,0.97571254,-0.18561012,0.11633587,-0.16298026,-0.96995676,-0.180614
1356781544428,0.11340582,0.18606603,-0.9759706,0.9795711,-0.18513161,0.07852942,-0.1660713,-0.9649382,-0.20325992
1356781544468,0.09981251,0.18503454,-0.97765005,0.98125875,-0.18107224,0.06591037,-0.16482958,-0.9659064,-0.19964007
1356781544508,0.10290423,0.1586566,-0.9819566,0.98194814,-0.17371681,0.07483563,-0.15870914,-0.97193134,-0.17366877
1356781544558,0.11514932,0.11529729,-0.9866344,0.9824164,-0.16016734,0.09594005,-0.14696494,-0.98033315,-0.13171312
1356781544589,0.12539536,0.065870464,-0.98991776,0.9836435,-0.13830757,0.11539742,-0.1293118,-0.9881964,-0.082136214
1356781544629,0.12580597,0.01888001,-0.9918752,0.98634315,-0.10951418,0.123019755,-0.106301755,-0.99380594,-0.032399714
1356781544669,0.11339912,-0.021484226,-0.99331725,0.9903382,-0.077872664,0.11474332,-0.079817444,-0.99673176,0.012445927
1356781544709,0.08853501,-0.054168046,-0.99459916,0.99467295,-0.048116922,0.091162145,-0.052795112,-0.99737185,0.049619466
1356781544748,0.05241072,-0.07920042,-0.99547994,0.9982438,-0.023407698,0.054418534,-0.027611852,-0.9965838,0.07783452
1356781544788,0.0062590837,-0.09689167,-0.99527526,0.9999709,-0.0037494302,0.0066536665,-0.004376352,-0.9952879,0.096865356
1356781544828,-0.04798484,-0.10810116,-0.99298114,0.99868405,0.0128208995,-0.049656242,0.018098772,-0.9940572,0.10734373
1356781544868,-0.1069026,-0.11448771,-0.987656,0.99350125,0.026741505,-0.11063516,0.03907776,-0.99306464,0.110884905
1356781544908,-0.16644692,-0.11783826,-0.978984,0.98455083,0.03487408,-0.1715911,0.054361135,-0.99242026,0.11021304
1356781544948,-0.22404104,-0.1187017,-0.9673239,0.9728253,0.032290637,-0.22927767,0.058451205,-0.99240476,0.10824156
1356781544988,-0.27944422,-0.115769684,-0.95315707,0.958921,0.016804636,-0.28317517,0.0488005,-0.99313396,0.10631806
1356781545028,-0.33320582,-0.10704258,-0.9367581,0.94244325,-0.0084840655,-0.33425856,0.02783233,-0.99421823,0.103708565
1356781545078,-0.3878948,-0.089099675,-0.917387,0.9216974,-0.041187704,-0.385717,-0.00341779,-0.9951707,0.09809947
1356781545118,-0.43223923,-0.06931618,-0.899091,0.90123916,-0.067055285,-0.4281023,-0.030614346,-0.9953386,0.09145439
1356781545158,-0.46494383,-0.050225288,-0.8839144,0.8838202,-0.084810436,-0.4600752,-0.05185777,-0.9951305,0.08382225
1356781545198,-0.48794335,-0.03057152,-0.8723397,0.87019193,-0.0953393,-0.4834008,-0.06839001,-0.9949752,0.073123276
1356781545238,-0.5102202,-0.0045226812,-0.86003196,0.8560436,-0.099006,-0.50733346,-0.082853824,-0.9950766,0.054386497
1356781545278,-0.5459084,0.03549975,-0.83709234,0.83218277,-0.09298152,-0.54664993,-0.09724009,-0.9950347,0.021217227
1356781545318,-0.6070865,0.09234607,-0.7892517,0.7867938,-0.06933826,-0.6133088,-0.11136201,-0.99330986,-0.030562997
1356781545358,-0.6893205,0.15558949,-0.70755154,0.71388674,-0.02034235,-0.6999657,-0.12330055,-0.98761237,-0.097050846
1356781545398,-0.7709922,0.2054292,-0.60280156,0.6230188,0.047141492,-0.78078496,-0.13197908,-0.97753596,-0.16433191
1356781545438,-0.83555204,0.23064665,-0.49865308,0.5317244,0.11103982,-0.83960664,-0.13828209,-0.9666811,-0.21542001
1356781545488,-0.8790908,0.23241046,-0.41615486,0.45465013,0.1466363,-0.87851644,-0.14315295,-0.9615005,-0.23457211
1356781545557,-0.9152663,0.21852265,-0.33843085,0.37571865,0.15995896,-0.9128245,-0.14533779,-0.9626323,-0.22850811
1356781545570,-0.93877035,0.19647408,-0.2830341,0.31353706,0.14657402,-0.9381954,-0.14284562,-0.96949166,-0.19920129
1356781545609,-0.9540639,0.17001778,-0.24669015,0.26769102,0.11396253,-0.95674133,-0.13454962,-0.97882915,-0.15423977
1356781545649,-0.96203995,0.1400804,-0.23421466,0.24522863,0.06711537,-0.96713924,-0.11975786,-0.9878628,-0.09891933
1356781545689,-0.9650436,0.106459156,-0.2394937,0.24239756,0.015037239,-0.97006047,-0.09967049,-0.9942033,-0.04031706
1356781545729,-0.9659896,0.07050538,-0.248783,0.24699128,-0.033222854,-0.968448,-0.07654609,-0.99695796,0.014678776
1356781545769,-0.9684574,0.036038965,-0.24655935,0.24357778,-0.07170522,-0.9672271,-0.05253744,-0.99677455,0.06066507
1356781545808,-0.97346383,0.006107159,-0.22875929,0.22706565,-0.09849256,-0.96888614,-0.028448224,-0.995119,0.0944922
1356781545848,-0.9788731,-0.020012341,-0.20348713,0.20443633,-0.11353558,-0.97227335,-0.0036455616,-0.9933324,0.115228176
1356781545888,-0.983347,-0.04343362,-0.17647102,0.18044959,-0.117951035,-0.97648627,0.0215974,-0.99206907,0.12382442
1356781545928,-0.98746055,-0.061702713,-0.14530784,0.15165424,-0.115112305,-0.98170775,0.0438473,-0.9914343,0.12302643
1356781545968,-0.9920088,-0.06973879,-0.105142914,0.11239825,-0.10990167,-0.9875668,0.05731634,-0.99149287,0.11686194
1356781546018,-0.9972009,-0.057928976,-0.047273923,0.053157147,-0.10463017,-0.9930896,0.052582387,-0.9928227,0.10741651
1356781546058,-0.99924743,-0.03471738,0.017301254,-0.013760557,-0.09975165,-0.9949172,0.036266744,-0.9944065,0.09919876
1356781546115,-0.995366,0.010565765,0.09557748,-0.0961416,-0.09005433,-0.99128556,-0.0018665232,-0.99588084,0.090652764
1356781546158,-0.98273057,0.050295807,0.17807539,-0.18153796,-0.07566309,-0.98046875,-0.035839736,-0.99586415,0.08348709
1356781546198,-0.96341366,0.08208413,0.25513995,-0.2601458,-0.05735165,-0.9638647,-0.06448529,-0.9949739,0.07660723
1356781546238,-0.9354903,0.10585183,0.33712497,-0.34218088,-0.033373415,-0.9390412,-0.08814823,-0.9938217,0.06744099
1356781546278,-0.8951781,0.11897758,0.42953515,-0.43254396,5.916953E-4,-0.9016126,-0.10752584,-0.99289674,0.05093342
1356781546328,-0.84435505,0.10996975,0.5243769,-0.52154493,0.055437148,-0.85142094,-0.12270051,-0.9923877,0.010545492
1356781546368,-0.7670713,0.07304007,0.6373905,-0.6275839,0.12082851,-0.76911557,-0.1331912,-0.9899826,-0.046845257
1356781546408,-0.68591654,0.010614693,0.7276028,-0.71431494,0.18093693,-0.67602956,-0.13882607,-0.9834374,-0.11652541
1356781546448,-0.5960095,-0.06348783,0.8004637,-0.79038674,0.22222465,-0.57088095,-0.14163879,-0.9729263,-0.18262798
1356781546488,-0.48418313,-0.13375118,0.8646834,-0.8630277,0.23570204,-0.44679713,-0.144048,-0.96257734,-0.229554
1356781546558,-0.32891905,-0.1858581,0.92588824,-0.93286645,0.21643388,-0.28795224,-0.14687532,-0.9584431,-0.24457002
1356781546571,-0.12441942,-0.22460216,0.9664749,-0.9810417,0.17370608,-0.08592659,-0.1485833,-0.95884305,-0.24195647
1356781546609,0.105462044,-0.23043,0.96735704,-0.98347104,0.11980978,0.13575822,-0.1471816,-0.96568507,-0.21398586
1356781546649,0.3466269,-0.20711029,0.9148525,-0.9273193,0.07112214,0.3674515,-0.14116922,-0.9757289,-0.16740447
1356781546689,0.561146,-0.16458109,0.8111894,-0.8174753,0.043495446,0.57431906,-0.12980515,-0.9854041,-0.11013368
1356781546729,0.7237968,-0.117174506,0.6799915,-0.6806315,0.040713668,0.7314937,-0.11339733,-0.99227643,-0.05028422
1356781546769,0.8341258,-0.074741244,0.54648685,-0.54370725,0.05532306,0.8374496,-0.0928254,-0.99566716,0.005509019
1356781546809,0.90462935,-0.040510654,0.42426953,-0.42051455,0.077206105,0.90399486,-0.0693776,-0.9961918,0.052807596
1356781546849,0.94821376,-0.014259115,0.31731272,-0.31446648,0.098564625,0.9441377,-0.044738367,-0.9950285,0.08897632
1356781546888,0.9744836,0.0056429133,0.2243876,-0.22354266,0.114614755,0.96793187,-0.020256177,-0.993394,0.11295164
1356781546928,0.9896714,0.021258332,0.14176947,-0.14331576,0.123746336,0.98191005,0.0033303127,-0.9920861,0.12551486
1356781546968,0.99720776,0.03328571,0.066848665,-0.07056983,0.12724942,0.98935705,0.024425004,-0.9913121,0.12924308
1356781547008,0.99921167,0.03967116,0.0014964752,-0.0065459777,0.12746236,0.9918218,0.03915598,-0.9910497,0.12762156
1356781547048,0.99811554,0.0370677,-0.04890027,0.043904375,0.12532613,0.9911437,0.0428679,-0.9914229,0.12346253
1356781547088,0.9964168,0.024342297,-0.080999985,0.07752152,0.120126456,0.98972726,0.033822473,-0.99246013,0.11780897
1356781547128,0.99523115,0.004092507,-0.09745905,0.096401446,0.111269385,0.9891036,0.01489212,-0.99378186,0.11034423
1356781547168,0.99430907,-0.019133043,-0.10480231,0.1061964,0.099696964,0.9893346,-0.008480508,-0.99483395,0.10116145
1356781547208,0.99317616,-0.041593514,-0.108954795,0.11224569,0.087331444,0.9898354,-0.031655557,-0.99531054,0.0914042
1356781547248,0.9916947,-0.061483398,-0.11296626,0.1174314,0.07463339,0.9902725,-0.05245427,-0.99531376,0.08123362
1356781547288,0.98990107,-0.078426346,-0.11808974,0.122824,0.058553398,0.9906997,-0.070782386,-0.9951989,0.06759471
1356781547328,0.98773944,-0.092279166,-0.12591802,0.12942086,0.032988966,0.9910409,-0.08729851,-0.9951866,0.04452735
1356781547368,0.9849664,-0.10193558,-0.13946445,0.13930531,-0.008713515,0.9902111,-0.10215297,-0.9947529,0.0056176484
1356781547408,0.98114187,-0.10506049,-0.1622436,0.15560704,-0.06860584,0.98543376,-0.114661,-0.9920965,-0.05096391
1356781547448,0.9756926,-0.09991142,-0.19504286,0.18034282,-0.13956946,0.97365135,-0.124500915,-0.985159,-0.11815858
1356781547488,0.96826893,-0.08883485,-0.23358852,0.21167341,-0.20535249,0.9555233,-0.13285175,-0.97464806,-0.18003246
1356781547559,0.95970136,-0.08025308,-0.26931894,0.24243586,-0.248229,0.9378737,-0.14212003,-0.96537125,-0.21876949
1356781547569,0.9485574,-0.07280969,-0.30811945,0.27873743,-0.26948243,0.9217834,-0.15014753,-0.9602489,-0.23532477
1356781547607,0.9391936,-0.07551326,-0.33498234,0.3057316,-0.26026878,0.9158539,-0.15634456,-0.96257883,-0.22135597
1356781547648,0.93003654,-0.08394599,-0.35775006,0.33179685,-0.22658539,0.91573465,-0.15793318,-0.9703671,-0.18287969
1356781547688,0.9207011,-0.093305424,-0.37895066,0.3594439,-0.1754908,0.9165168,-0.15201835,-0.9800495,-0.1280365
1356781547728,0.91105396,-0.09968361,-0.4000548,0.38872457,-0.115646064,0.9140673,-0.13738231,-0.9882758,-0.06661034
1356781547768,0.9013437,-0.10156885,-0.42102635,0.41744027,-0.055342764,0.90701747,-0.11542548,-0.9932879,-0.0074839294
1356781547808,0.8920174,-0.09924416,-0.44097102,0.44309235,-7.419959E-4,0.8964757,-0.08929719,-0.9950628,0.043312456
1356781547848,0.8833459,-0.093194455,-0.4593635,0.4645798,0.04408265,0.8844334,-0.06217429,-0.9946716,0.08223647
1356781547888,0.8749456,-0.08304559,-0.4770468,0.4829073,0.07712109,0.8722688,-0.03564769,-0.9935571,0.107580066
1356781547928,0.86562216,-0.068105444,-0.4960444,0.5006059,0.09872928,0.860027,-0.009598389,-0.9927811,0.11955622
1356781547968,0.8538946,-0.04896085,-0.51813793,0.52019584,0.11115532,0.8467827,0.01613459,-0.99259627,0.12038416
1356781548008,0.8395423,-0.029006422,-0.54251945,0.5418667,0.11704713,0.83227426,0.039359063,-0.99270266,0.11398362
1356781548048,0.8250004,-0.013629198,-0.56496775,0.5624034,0.11792325,0.81841093,0.0554685,-0.99292916,0.10495185
1356781548088,0.8147216,-0.0070740283,-0.5798092,0.5767019,0.11397767,0.80896485,0.060362667,-0.99345815,0.09693968
1356781548128,0.81193554,-0.009422958,-0.58367103,0.5812535,0.10536954,0.8068715,0.053898036,-0.9943885,0.09103039
1356781548168,0.8167585,-0.017293215,-0.5767204,0.5755914,0.093717724,0.8123493,0.040000737,-0.9954486,0.08649859
1356781548208,0.8278325,-0.027211726,-0.56031495,0.56047624,0.082244754,0.82407653,0.023658395,-0.9962406,0.083336405
1356781548248,0.8440173,-0.03769763,-0.53498936,0.53626007,0.07371795,0.84082747,0.0077411234,-0.9965664,0.08243495
1356781548288,0.86355954,-0.048597112,-0.5018996,0.5041818,0.06722349,0.8609772,-0.0081015825,-0.99655366,0.08255327
1356781548328,0.8835062,-0.060087472,-0.4645496,0.4676583,0.056634426,0.88209313,-0.026693255,-0.9965852,0.07813728
1356781548368,0.9007203,-0.072308704,-0.42833912,0.4313814,0.032856047,0.9015712,-0.051117867,-0.996841,0.060786728
1356781548408,0.91276133,-0.08460875,-0.39963484,0.4001963,-0.010958821,0.91636395,-0.08191195,-0.996354,0.023857323
1356781548448,0.9182395,-0.094968796,-0.38447002,0.3787266,-0.07321742,0.9226079,-0.11576888,-0.992784,-0.031263918
1356781548488,0.916781,-0.10075624,-0.3864722,0.37138677,-0.14088935,0.9177266,-0.14691654,-0.9848849,-0.09174514
1356781548560,0.90825164,-0.09956409,-0.40640613,0.38225222,-0.19760555,0.9026823,-0.17018285,-0.97521234,-0.14141697
1356781548579,0.88935447,-0.090671316,-0.44813752,0.41925448,-0.22931293,0.87843114,-0.18241227,-0.9691203,-0.16592613
1356781548619,0.8673839,-0.08152866,-0.49091572,0.46245724,-0.23227426,0.85567635,-0.18378924,-0.9692274,-0.16376743
1356781548659,0.84388685,-0.07630466,-0.53106725,0.5070065,-0.2103605,0.8358784,-0.17549703,-0.97464144,-0.1388335
1356781548699,0.81951416,-0.07589166,-0.56801146,0.55058485,-0.17058748,0.8171635,-0.15891153,-0.9824156,-0.09801406
1356781548739,0.7940322,-0.078954965,-0.6027262,0.59248984,-0.121146426,0.7964166,-0.13589916,-0.9894896,-0.049414165
1356781548778,0.76711667,-0.08396506,-0.6359889,0.6321314,-0.06994337,0.771698,-0.10927892,-0.9940109,-5.777478E-4
1356781548819,0.73834795,-0.089410216,-0.668467,0.6694131,-0.023393586,0.74252194,-0.0820269,-0.9957201,0.04257977
1356781548859,0.7060889,-0.09284985,-0.70200956,0.70594096,0.014528021,0.70812166,-0.055550158,-0.9955741,0.07580459
1356781548899,0.66697943,-0.09130797,-0.7394601,0.7445059,0.042854443,0.66623896,-0.02914378,-0.99490017,0.09656237
1356781548938,0.617813,-0.083627224,-0.7818655,0.7863225,0.06317395,0.61457783,-0.0020019114,-0.9944926,0.10478766
1356781548978,0.55904174,-0.07217467,-0.8259922,0.82878447,0.07779269,0.5541341,0.024261713,-0.9943536,0.10330661
1356781549018,0.49730015,-0.062060684,-0.865356,0.86641014,0.08727574,0.4916467,0.045012653,-0.99424917,0.097172245
1356781549058,0.44247723,-0.057147503,-0.89495707,0.8950726,0.08969277,0.4368071,0.05530882,-0.9943287,0.090838104
1356781549098,0.40173233,-0.057325393,-0.9139611,0.9141991,0.08329743,0.39661238,0.053394616,-0.9948745,0.08587009
1356781549135,0.3777988,-0.059447914,-0.9239773,0.9249257,0.06971198,0.37370136,0.04219657,-0.9957943,0.081321985
1356781549178,0.3732938,-0.060926378,-0.92571044,0.92734075,0.0527803,0.3704775,0.026287526,-0.9967459,0.076202035
1356781549218,0.39422488,-0.06148663,-0.9169548,0.9189637,0.036813855,0.39262,0.009615719,-0.9974288,0.07101694
1356781549258,0.44310203,-0.06185499,-0.8943347,0.89644384,0.022774786,0.44257185,-0.007006973,-0.99782526,0.06554109
1356781549298,0.5137241,-0.060871422,-0.85579336,0.85758525,0.007133007,0.5142924,-0.02520129,-0.9981201,0.055866838
1356781549338,0.5899328,-0.055991024,-0.8055087,0.8060676,-0.017560959,0.5915628,-0.047267735,-0.99827677,0.03477277
1356781549378,0.65656316,-0.04547447,-0.752899,0.7506721,-0.057998553,0.65812427,-0.07359487,-0.9972804,-0.003943309
1356781549418,0.70812595,-0.030471414,-0.70542836,0.69876385,-0.11326553,0.70632863,-0.1014235,-0.9930974,-0.05891394
1356781549458,0.7504266,-0.01742372,-0.66072404,0.6486505,-0.17256646,0.74126464,-0.12693438,-0.9848438,-0.11819658
1356781549498,0.7938096,-0.017102122,-0.6079259,0.58996344,-0.22107857,0.7765742,-0.14768043,-0.97510606,-0.16540468
1356781549558,0.83849937,-0.034051567,-0.54383755,0.52016413,-0.24728781,0.8174827,-0.162321,-0.9683435,-0.18963826
1356781549580,0.8737839,-0.058984384,-0.4827241,0.45586753,-0.24635828,0.85527325,-0.16937086,-0.9673822,-0.18837482
1356781549619,0.8935921,-0.07886957,-0.44189668,0.41659814,-0.22086254,0.8818536,-0.16714986,-0.97211075,-0.16450411
1356781549659,0.9000523,-0.08816823,-0.4267695,0.4073461,-0.17774612,0.89581,-0.1548386,-0.98011875,-0.12406582
1356781549699,0.89737743,-0.08882509,-0.43223113,0.42050964,-0.124727406,0.89867383,-0.13373588,-0.98820704,-0.07457575
1356781549739,0.88863426,-0.085229665,-0.4506274,0.44589654,-0.06924617,0.8924019,-0.10726337,-0.9939521,-0.0235309
1356781549779,0.87527585,-0.08049904,-0.47687745,0.47708142,-0.017926186,0.87867635,-0.07928115,-0.99659353,0.022714231
1356781549819,0.8569185,-0.075158656,-0.509943,0.5128369,0.024787307,0.8581282,-0.051855654,-0.9968635,0.059784833
1356781549859,0.8313545,-0.06811078,-0.5515529,0.5551798,0.057135396,0.82976556,-0.025002807,-0.99604034,0.08531351
1356781549899,0.7957591,-0.058908045,-0.6027415,0.6056118,0.07961553,0.7917674,0.0013461113,-0.9950835,0.0990302
1356781549939,0.7494775,-0.049577862,-0.6601708,0.6615504,0.094025865,0.7439827,0.025188059,-0.9943346,0.103268534
1356781549978,0.6971777,-0.04403618,-0.7155446,0.71564126,0.10183258,0.69100493,0.04243654,-0.99382645,0.10250951
1356781550018,0.6486366,-0.04535058,-0.75974596,0.75951564,0.10291116,0.6422969,0.049057752,-0.99365616,0.10119644
1356781550058,0.6136967,-0.053229958,-0.7877455,0.78831637,0.096877515,0.6075952,0.04397255,-0.9938719,0.101415455
1356781550098,0.59831995,-0.06475118,-0.7986367,0.8007015,0.085435614,0.59294,0.029838443,-0.9942374,0.10296421
1356781550138,0.6054672,-0.0770106,-0.79213566,0.7957927,0.07247679,0.60121644,0.011111438,-0.99439263,0.10516676
1356781550178,0.6357971,-0.08856395,-0.76675844,0.7718071,0.061727628,0.6328535,-0.008717835,-0.994156,0.107600525
1356781550218,0.68377715,-0.098235786,-0.7230481,0.7291467,0.053722963,0.6822455,-0.028176636,-0.99371207,0.10836285
1356781550258,0.7362044,-0.104195625,-0.6686901,0.675079,0.043481544,0.736463,-0.04766056,-0.9936059,0.102351576
1356781550298,0.77981997,-0.10425404,-0.61726165,0.622337,0.02254051,0.7824248,-0.06765756,-0.99429524,0.082458675
1356781550338,0.80661094,-0.0960152,-0.5832323,0.58464104,-0.015679479,0.81114054,-0.087026626,-0.9952563,0.04348719
1356781550378,0.8147825,-0.077384606,-0.5745791,0.5704495,-0.06995621,0.81834805,-0.10352294,-0.994544,-0.012855083
1356781550418,0.8089578,-0.050488323,-0.58569473,0.576211,-0.1293144,0.80700606,-0.11648311,-0.9903175,-0.075517975
1356781550458,0.8002935,-0.02545175,-0.59906805,0.5859332,-0.17896575,0.7903502,-0.12732844,-0.983526,-0.12831211
1356781550498,0.79886645,-0.013914585,-0.6013475,0.5857374,-0.20943189,0.78297514,-0.13683613,-0.97772425,-0.15915781
1356781550555,0.8043622,-0.018292755,-0.5938576,0.57655597,-0.21733451,0.7876223,-0.14347355,-0.97592574,-0.16426885
1356781550579,0.80861783,-0.030947864,-0.58751976,0.5703134,-0.20403406,0.79568386,-0.14449875,-0.9784745,-0.14733559
1356781550619,0.80602455,-0.04384461,-0.5902559,0.57561517,-0.17412758,0.79896605,-0.13781017,-0.9837465,-0.11511349
1356781550659,0.7952726,-0.05346006,-0.6038903,0.59357,-0.13401577,0.7935455,-0.12335381,-0.98953617,-0.074846774
1356781550699,0.77753353,-0.060195714,-0.6259538,0.62029123,-0.090171635,0.7791713,-0.10334602,-0.9941054,-0.032772608
1356781550739,0.7542945,-0.06545761,-0.65326494,0.65151787,-0.048161507,0.7571031,-0.081020355,-0.9966924,0.006318815
1356781550779,0.72595835,-0.069506586,-0.68421733,0.68522716,-0.011846513,0.7282331,-0.058722585,-0.99751115,0.03902772
1356781550819,0.69128984,-0.07086173,-0.7190945,0.72165525,0.017441332,0.6920328,-0.03649667,-0.99733365,0.06319475
1356781550858,0.6481816,-0.067670316,-0.75847304,0.76137495,0.0406013,0.6470392,-0.012990326,-0.99688125,0.07783948
1356781550898,0.5961423,-0.060143262,-0.800623,0.80279255,0.059266225,0.5933057,0.0117666125,-0.99642885,0.08361365
1356781550938,0.53891206,-0.051720858,-0.8407726,0.8416607,0.07378191,0.53494245,0.0343661,-0.9959323,0.08329338
1356781550978,0.48417306,-0.04710841,-0.8737031,0.87359065,0.08211964,0.47968298,0.049151093,-0.9955085,0.0809136
1356781551018,0.4393491,-0.048855215,-0.89698684,0.89683497,0.08117455,0.43485337,0.051567554,-0.9955017,0.0794791
1356781551058,0.40776196,-0.05595675,-0.91137207,0.912161,0.06993523,0.403821,0.041140527,-0.99598086,0.07955849
1356781551098,0.38944027,-0.06546959,-0.9187219,0.9208019,0.05090514,0.3866943,0.021450907,-0.9965552,0.08010906
1356781551138,0.3840319,-0.07502344,-0.92026687,0.92331743,0.028904736,0.38294843,-0.0021300614,-0.99676275,0.08037081
1356781551178,0.3917121,-0.08384302,-0.91625977,0.9197346,0.0080880225,0.3924575,-0.025494099,-0.99644613,0.080281496
1356781551218,0.41022652,-0.09085336,-0.90744686,0.91078115,-0.010267615,0.4127618,-0.046818137,-0.99581134,0.0785355
