1356781757117,0.5686908,0.1704261,-0.8047023,-0.78876424,-0.16451961,-0.5922704,-0.23332766,0.971539,0.040865235
1356781757163,-0.656712,-0.1263471,-0.74348223,-0.7171805,-0.20022124,0.6675055,-0.23319831,0.9715698,0.040874004
1356781757185,-0.65725154,-0.12609667,-0.74304783,-0.71685416,-0.19978589,0.6679864,-0.2326813,0.97169197,0.04091668
1356781757215,-0.6588291,-0.1253075,-0.74178314,-0.7159113,-0.198493,0.66938144,-0.23111728,0.97205895,0.041063905
1356781757255,-0.6637614,-0.12278208,-0.7377978,-0.7129147,-0.19448757,0.6737413,-0.22621578,0.97319025,0.041560054
1356781757298,-0.67062926,-0.11770335,-0.73239493,-0.7091855,-0.18777871,0.6795551,-0.21751413,0.97513336,0.04245639
1356781757338,-0.6763454,-0.110016525,-0.72832227,-0.7071984,-0.17951506,0.68384564,-0.20597917,0.9775841,0.043610692
1356781757378,-0.6777735,-0.10009369,-0.728426,-0.7095233,-0.17083758,0.68366015,-0.19287258,0.98020196,0.0447703
1356781757418,-0.6719017,-0.08841464,-0.7353441,-0.7186297,-0.16242266,0.67615837,-0.17921883,0.98275214,0.045594692
1356781757458,-0.65658516,-0.07557845,-0.75045574,-0.7358547,-0.15422493,0.6593425,-0.16557106,0.9851409,0.045647025
1356781757498,-0.62999004,-0.062401146,-0.7740922,-0.76147187,-0.14616996,0.63150215,-0.1525555,0.9872894,0.044568896
1356781757538,-0.59003603,-0.049580425,-0.8058531,-0.7948978,-0.13913512,0.590575,-0.1414034,0.98903143,0.042683363
1356781757578,-0.53738874,-0.037314177,-0.8425087,-0.8327562,-0.13425726,0.5371145,-0.13315496,0.9902437,0.041074872
1356781757618,-0.47582763,-0.02519378,-0.87917763,-0.8701997,-0.13179368,0.4747452,-0.12783068,0.99095696,0.04078746
1356781757658,-0.4109549,-0.013020664,-0.9115627,-0.9031123,-0.13075405,0.4090129,-0.12451613,0.9913293,0.041974902
1356781757698,-0.3464294,-0.0010650456,-0.9380754,-0.93006885,-0.12998879,0.34362015,-0.122305304,0.9915148,0.044041455
1356781757738,-0.284788,0.010272741,-0.9585355,-0.9508944,-0.12948215,0.28113014,-0.1212253,0.9915286,0.046643257
1356781757778,-0.2279154,0.021091998,-0.9734525,-0.966007,-0.13017136,0.22335175,-0.12200469,0.9912672,0.050043046
1356781757818,-0.1768688,0.03191462,-0.9837169,-0.9762622,-0.13264328,0.17122516,-0.12501878,0.99064994,0.054617435
1356781757858,-0.13159877,0.043444693,-0.9903506,-0.98278314,-0.1364184,0.124608815,-0.12968847,0.98969823,0.060649186
1356781757898,-0.091166615,0.056514055,-0.99423087,-0.9866946,-0.14009142,0.08251256,-0.1346201,0.9885245,0.06853375
1356781757938,-0.05381596,0.07178354,-0.9959673,-0.98895776,-0.14175528,0.04322034,-0.13808113,0.98729557,0.07861963
1356781757978,-0.01627791,0.089244634,-0.99587667,-0.9902644,-0.13914967,0.0037163794,-0.13824424,0.9862417,0.09064087
1356781758018,0.026659548,0.10792732,-0.9938013,-0.990716,-0.12972367,-0.04066488,-0.13330835,0.9856589,0.10346693
1356781758058,0.080355644,0.12610105,-0.9887576,-0.98926675,-0.11136496,-0.09459996,-0.12204209,0.9857466,0.1157988
1356781758098,0.1500324,0.14146325,-0.97850823,-0.98307276,-0.08392179,-0.16286483,-0.105157614,0.98637986,0.12647772
1356781758155,0.24303877,0.15014812,-0.9583254,-0.96636677,-0.048143566,-0.2526211,-0.08406779,0.9874906,0.1333974
1356781758189,0.37084216,0.15092254,-0.9163506,-0.92610836,-0.013507128,-0.37701574,-0.069277436,0.9884534,0.13476163
1356781758229,0.49541265,0.14478064,-0.85650736,-0.86625576,0.00906682,-0.4995186,-0.06455481,0.9894222,0.12990887
1356781758269,0.59858274,0.13805977,-0.7890743,-0.79804695,0.017406076,-0.6023438,-0.06942475,0.990271,0.12059714
1356781758310,0.6744605,0.13520005,-0.72582644,-0.73394823,0.016062438,-0.6790155,-0.080144405,0.9906881,0.110063314
1356781758349,0.72773135,0.13664782,-0.6721119,-0.6795717,0.011240959,-0.733523,-0.09267914,0.9905559,0.1010424
1356781758389,0.7659681,0.1407163,-0.6272893,-0.63435596,0.0070806444,-0.77300864,-0.10433331,0.9900246,0.0946878
1356781758428,0.7958646,0.145125,-0.58782506,-0.5947386,0.005361706,-0.8039013,-0.11351442,0.98939884,0.090578645
1356781758469,0.82267284,0.14761458,-0.54901665,-0.55591804,0.006710246,-0.83121,-0.119014665,0.98902225,0.08758193
1356781758508,0.8496205,0.1465937,-0.5066116,-0.5135411,0.011232622,-0.8579915,-0.12008555,0.98913306,0.08482534
1356781758548,0.877438,0.14177257,-0.4582609,-0.46518254,0.018313237,-0.8850253,-0.11708008,0.9897298,0.08201885
1356781758588,0.90459985,0.1341512,-0.40460175,-0.41141856,0.026477285,-0.9110619,-0.1115073,0.99060714,0.07914364
1356781758628,0.92874324,0.12553881,-0.34882087,-0.35541904,0.03395745,-0.93408996,-0.1054195,0.99150735,0.076156646
1356781758668,0.9482064,0.11766902,-0.2950569,-0.30136496,0.039598554,-0.9526863,-0.10041783,0.9922631,0.073008925
1356781758708,0.9626075,0.11173346,-0.24678418,-0.25281483,0.04325348,-0.9665473,-0.09732142,0.99279636,0.069884
1356781758748,0.97233963,0.10847622,-0.20685408,-0.2127074,0.045368522,-0.9760621,-0.09649488,0.9930633,0.06718731
1356781758788,0.9782243,0.10830981,-0.17704889,-0.18289426,0.046574503,-0.98202884,-0.09811738,0.99302566,0.06536955
1356781758828,0.9812476,0.11095176,-0.15761635,-0.16362834,0.047287524,-0.9853881,-0.10187725,0.99270016,0.064555615
1356781758868,0.9821931,0.1157776,-0.14796044,-0.15425621,0.047403336,-0.98689306,-0.107246295,0.9921434,0.06441864
1356781758908,0.981663,0.121917695,-0.14653958,-0.1531213,0.046441227,-0.98711556,-0.11354137,0.9914531,0.06425783
1356781758948,0.9800035,0.12872809,-0.1517311,-0.15847695,0.043828756,-0.9863895,-0.12032584,0.990711,0.06335276
1356781758988,0.97756404,0.13544965,-0.16131338,-0.16801217,0.039498568,-0.9849933,-0.12704533,0.9899966,0.061369568
1356781759028,0.97477096,0.14134324,-0.172753,-0.17916703,0.03388968,-0.98323476,-0.13311905,0.98938036,0.05835873
1356781759068,0.97206557,0.14579347,-0.18393694,-0.18985718,0.027668625,-0.9814218,-0.13799559,0.9889281,0.054575652
1356781759108,0.9697392,0.14860697,-0.19370529,-0.19896008,0.021204859,-0.9797782,-0.1414944,0.9886689,0.05013004
1356781759156,0.96780145,0.15010223,-0.20206381,-0.20652112,0.014560491,-0.97833383,-0.14390795,0.9885633,0.045090944
1356781759189,0.96608114,0.15082099,-0.20961933,-0.2132263,0.007970061,-0.9769703,-0.14567696,0.98852897,0.03985873
1356781759229,0.96446174,0.15113662,-0.21672857,-0.21955456,0.0020642877,-0.97559816,-0.14700118,0.9885108,0.035173655
1356781759268,0.9630098,0.15106337,-0.22314152,-0.22539975,-0.002227988,-0.97426385,-0.14767274,0.98852164,0.03190407
1356781759308,0.96203196,0.15017709,-0.22790644,-0.22995314,-0.0038284063,-0.9731942,-0.147024,0.9886517,0.030850649
1356781759349,0.96215606,0.14757326,-0.22908045,-0.23136202,-0.001749903,-0.9728662,-0.14396991,0.98904955,0.03245917
1356781759388,0.96409774,0.14222974,-0.22424595,-0.22714663,0.0042844117,-0.97385114,-0.13754983,0.98982435,0.0364376
1356781759428,0.9682689,0.13356979,-0.21122144,-0.21488099,0.013436617,-0.97654784,-0.1275992,0.9909483,0.041711867
1356781759468,0.97457373,0.1215841,-0.18821092,-0.19245912,0.024089875,-0.9810093,-0.11474113,0.99228877,0.046877325
1356781759508,0.982267,0.10685625,-0.15405597,-0.158472,0.034095377,-0.9867746,-0.10019042,0.9936897,0.050424486
1356781759548,0.9898783,0.09067547,-0.109174065,-0.11323026,0.040848345,-0.99272877,-0.08555656,0.9950424,0.050702095
1356781759588,0.9955302,0.07522281,-0.057106156,-0.060358636,0.041697025,-0.9973054,-0.072638966,0.9962945,0.046050996
1356781759629,0.99796075,0.06360396,-0.005374508,-0.007625848,0.035206556,-0.999351,-0.06337346,0.99735403,0.035619795
1356781759668,0.9976,0.058473952,0.03708099,0.03584587,0.02203226,-0.99911445,-0.05923914,0.99804574,0.019883335
1356781759708,0.9960564,0.060400818,0.06498795,0.064837,0.0044576824,-0.99788594,-0.060562823,0.9981643,5.23895E-4
1356781759748,0.9945411,0.067634866,0.079457216,0.0806389,-0.0149201155,-0.9966317,-0.06622154,0.9975986,-0.02029267
1356781759788,0.993194,0.07722442,0.08718968,0.090016976,-0.0339137,-0.9953627,-0.07390938,0.9964368,-0.040634394
1356781759828,0.9915189,0.08650987,0.096985996,0.10164039,-0.051116645,-0.9935071,-0.08099057,0.9949388,-0.059476018
1356781759868,0.98875684,0.09410684,0.116205454,0.12266891,-0.06607112,-0.9902459,-0.08551109,0.99336725,-0.07687226
1356781759908,0.983773,0.09997995,0.14897908,0.15711458,-0.07910606,-0.98440707,-0.086635835,0.9918399,-0.093530715
1356781759948,0.97511685,0.10514383,0.19517118,0.20487349,-0.091041535,-0.9745451,-0.08469871,0.99028087,-0.11031732
1356781759988,0.96164286,0.11105141,0.25081983,0.26214394,-0.1028198,-0.95953566,-0.080768555,0.98848146,-0.12798738
1356781760028,0.94301486,0.11882906,0.3108096,0.32396364,-0.11463046,-0.93909925,-0.075964026,0.9862756,-0.14659452
1356781760068,0.91963494,0.12850308,0.37115836,0.3863368,-0.12555999,-0.9137716,-0.070819825,0.9837284,-0.16511482
1356781760108,0.8921918,0.1391397,0.42969048,0.44686615,-0.13374251,-0.8845471,-0.06560774,0.98119986,-0.18150079
1356781760155,0.8617567,0.14945097,0.48480907,0.5036312,-0.13695735,-0.8529938,-0.06108257,0.9792381,-0.19329208
1356781760189,0.82953316,0.15815535,0.53559464,0.55538,-0.13308305,-0.8208788,-0.05854784,0.9784047,-0.19823313
1356781760237,0.7966052,0.16399616,0.5818294,0.60160744,-0.12103394,-0.789569,-0.059065193,0.9790077,-0.19507757
1356781760268,0.763733,0.16584335,0.62386525,0.64246124,-0.10112047,-0.7596171,-0.0628919,0.98095393,-0.18377697
1356781760305,0.731677,0.16293156,0.6618929,0.67813796,-0.075523935,-0.7310439,-0.06912139,0.98374265,-0.1657492
1356781760348,0.70060587,0.15468419,0.6965804,0.709454,-0.046576507,-0.703211,-0.07633135,0.98686546,-0.14237309
1356781760388,0.6720669,0.14151987,0.7268412,0.7357935,-0.01724726,-0.67698634,-0.083271,0.9897852,-0.11572069
1356781760428,0.64863694,0.12514383,0.750739,0.7557358,0.010980278,-0.65478456,-0.09018555,0.9920778,-0.08745347
1356781760468,0.63616395,0.108922035,0.76382685,0.76524174,0.037300155,-0.64266145,-0.098490864,0.99335027,-0.05962269
1356781760508,0.63932836,0.09641358,0.7628654,0.7611201,0.061727405,-0.645667,-0.10934079,0.9934254,-0.033918247
1356781760548,0.6586717,0.0898214,0.74705005,0.74240816,0.08392793,-0.66467005,-0.122399986,0.99241537,-0.011403203
1356781760588,0.69014233,0.08945662,0.7181233,0.71074563,0.102943905,-0.6958759,-0.13617712,0.9906564,0.0074650496
1356781760628,0.7273425,0.09420639,0.67977786,0.6698453,0.11798844,-0.73306614,-0.14926544,0.9885362,0.022714287
1356781760668,0.7645111,0.10250273,0.6364087,0.6241573,0.12901363,-0.7705732,-0.16109124,0.9863309,0.034654528
1356781760708,0.7979556,0.11288211,0.59205115,0.57776487,0.13645005,-0.8047168,-0.17162354,0.98419464,0.04366176
1356781760748,0.8256101,0.123818636,0.55048776,0.53450954,0.14089093,-0.8333362,-0.18074128,0.9822518,0.050138727
1356781760788,0.8466476,0.13372631,0.5150777,0.49780786,0.14307088,-0.8554053,-0.18808284,0.98063654,0.0545606
1356781760828,0.8616564,0.14158744,0.48734093,0.46918476,0.1437568,-0.87132055,-0.19342661,0.9794319,0.057438307
1356781760868,0.87220764,0.14724627,0.46644658,0.4477168,0.14371142,-0.8825513,-0.1969861,0.97860396,0.05942157
1356781760908,0.87997305,0.15101582,0.45037943,0.4312094,0.14376736,-0.89072406,-0.19926329,0.978021,0.061391957
1356781760948,0.8860629,0.15301134,0.43758422,0.41794306,0.14467299,-0.89687973,-0.20053935,0.97757715,0.06423935
1356781760988,0.8908888,0.15281118,0.42774507,0.40758455,0.1466985,-0.9013071,-0.20047936,0.9773067,0.068408586
1356781761028,0.8939915,0.14922789,0.42250472,0.4019123,0.14982584,-0.90333754,-0.19810528,0.97738594,0.073966496
1356781761068,0.89497626,0.14117423,0.42318714,0.40251556,0.15347084,-0.9024567,-0.19235052,0.9780167,0.08052793
1356781761108,0.89372486,0.1282866,0.42988187,0.4097731,0.15658528,-0.89864737,-0.18259758,0.9792976,0.08737576
1356781761151,0.8901611,0.11066173,0.44200364,0.42335546,0.1578058,-0.892114,-0.16847363,0.98124987,0.09362333
1356781761189,0.8877854,0.09249075,0.45086873,0.43433166,0.15578175,-0.8871799,-0.15229309,0.9834519,0.09812909
1356781761229,0.88571,0.07434519,0.4582473,0.44429713,0.15045199,-0.8831558,-0.1346026,0.9858179,0.10022547
1356781761269,0.885843,0.058353767,0.46030104,0.44899273,0.14234018,-0.88212514,-0.11699462,0.98809624,0.09989064
1356781761308,0.88810855,0.04518321,0.45740753,0.44850397,0.13248065,-0.8839078,-0.10053539,0.9901552,0.09739236
1356781761348,0.8912751,0.03428945,0.45216465,0.44535705,0.121503085,-0.8870705,-0.08535655,0.9919986,0.093021624
1356781761388,0.89335227,0.024370685,0.44869566,0.44372463,0.10975826,-0.88941646,-0.07092376,0.9936595,0.08723891
1356781761428,0.8924669,0.0143760145,0.45088387,0.44751737,0.097727865,-0.88891923,-0.056843042,0.9951093,0.080785364
1356781761468,0.88724715,0.003945619,0.4612776,0.45928895,0.08558723,-0.88415414,-0.04296802,0.99632293,0.07412484
1356781761508,0.8770316,-0.0064472407,0.48038936,0.47952092,0.07331866,-0.87446207,-0.029583618,0.9972877,0.067394376
1356781761548,0.8621099,-0.01570867,0.5064778,0.50642383,0.06095463,-0.8601275,-0.017360672,0.9980169,0.060504846
1356781761588,0.84394723,-0.02255699,0.53595173,0.5363785,0.048804216,-0.84256524,-0.007150948,0.9985536,0.053287268
1356781761628,0.8246972,-0.026149511,0.5649698,0.56557447,0.037421323,-0.8238478,4.0128827E-4,0.9989574,0.045650758
1356781761668,0.806497,-0.026400685,0.59064853,0.5912161,0.027368188,-0.80604875,0.005115241,0.99927676,0.037680857
1356781761708,0.79120505,-0.023747325,0.61108977,0.61150956,0.019089974,-0.7910067,0.0071186423,0.9995357,0.02962581
1356781761748,0.78026307,-0.018859714,0.625167,0.6254151,0.012754984,-0.78018785,0.0067401826,0.9997407,0.02174741
1356781761788,0.77449065,-0.012490928,0.632462,0.6325691,0.008116685,-0.77446145,0.004540205,0.9998891,0.014187664
1356781761828,0.77383673,-0.005401641,0.6333622,0.6333841,0.004728526,-0.77382314,0.001185,0.99997425,0.0070804134
1356781761868,0.77797794,0.0018979311,0.6282887,0.6282849,0.0022686124,-0.77797997,-0.0029018521,0.9999956,5.725026E-4
1356781761908,0.78674906,0.009251773,0.6172037,0.6172259,5.678907E-4,-0.7867858,-0.0076296628,0.999957,-0.005263649
1356781761948,0.8000307,0.016739756,0.5997255,0.59981656,-5.3185225E-4,-0.80013734,-0.013075113,0.99985975,-0.010466278
1356781761988,0.8172452,0.024431169,0.57577205,0.5759698,-0.001319997,-0.81746995,-0.01921171,0.99970067,-0.015150376
1356781762027,0.836986,0.032197982,0.5462762,0.54662025,-0.0023024678,-0.8373774,-0.025704086,0.9994788,-0.019527197
1356781762067,0.85723263,0.03971067,0.51339585,0.51393473,-0.0040413775,-0.85781974,-0.03198977,0.999203,-0.02387309
1356781762108,0.8759754,0.04652509,0.48010683,0.4808946,-0.00681898,-0.8767519,-0.03751713,0.99889386,-0.028346926
1356781762152,0.89199394,0.052328795,0.44900835,0.45009056,-0.010489579,-0.89292127,-0.042015582,0.9985748,-0.032909334
1356781762189,0.90521765,0.057158798,0.42108643,0.42249498,-0.014735494,-0.9062454,-0.045594975,0.99825627,-0.037488136
1356781762229,0.91641176,0.06141348,0.395497,0.39726937,-0.019468695,-0.9174955,-0.048646778,0.99792254,-0.042239036
1356781762269,0.9265431,0.06564845,0.37041616,0.37262493,-0.024947492,-0.9276466,-0.051657587,0.9975309,-0.047577176
1356781762309,0.9362953,0.070336595,0.34409875,0.34686923,-0.031561643,-0.9373823,-0.055071965,0.9970239,-0.053948615
1356781762348,0.94456756,0.07590343,0.3194226,0.32292902,-0.039253056,-0.94560885,-0.059236646,0.9963423,-0.061588585
1356781762388,0.9545279,0.08197301,0.2866302,0.29109877,-0.048822016,-0.9554464,-0.064326964,0.99543804,-0.07046422
1356781762428,0.9634067,0.08845832,0.25302717,0.25868368,-0.059551805,-0.9641247,-0.07021663,0.9942981,-0.08025533
1356781762468,0.97075045,0.095114455,0.22044681,0.22750323,-0.07101244,-0.9711846,-0.07671924,0.9929303,-0.090574205
1356781762508,0.97643584,0.10181467,0.19028075,0.19892214,-0.08272037,-0.976518,-0.083683774,0.9913582,-0.10102433
1356781762548,0.98030794,0.10842089,0.16504925,0.17541559,-0.094237775,-0.97997373,-0.09069574,0.98962826,-0.11140075
1356781762588,0.98210293,0.11473729,0.14936261,0.16152419,-0.105216324,-0.9812439,-0.09686987,0.98780817,-0.12186611
1356781762628,0.98153245,0.120764464,0.14835723,0.16232356,-0.11544415,-0.97996104,-0.10121749,0.98594546,-0.13291511
1356781762686,0.9776795,0.12662989,0.1676538,0.18379274,-0.12883338,-0.9744856,-0.1017996,0.9835481,-0.1492314
1356781762725,0.96471226,0.13650498,0.22515939,0.24349728,-0.13710287,-0.96016246,-0.10019697,0.9811061,-0.16550341
1356781762766,0.9454747,0.14786305,0.29019675,0.31088942,-0.14413005,-0.9394543,-0.0970845,0.97844934,-0.18224037
1356781762808,0.92057955,0.16137034,0.3556584,0.37913388,-0.1506275,-0.91299987,-0.093759164,0.9753312,-0.19984555
1356781762848,0.8922882,0.17717808,0.41524655,0.4420854,-0.15637779,-0.88323635,-0.091554776,0.9716758,-0.21786189
1356781762888,0.8629829,0.19420397,0.46641755,0.4970045,-0.16037887,-0.85279846,-0.09081328,0.9677621,-0.23492447
1356781762928,0.83229923,0.21057168,0.51277435,0.54685044,-0.16048789,-0.82170445,-0.09073363,0.9643149,-0.24872516
1356781762968,0.7977397,0.22416441,0.5597872,0.59623784,-0.15457308,-0.78778654,-0.09006567,0.9622149,-0.2569644
1356781763008,0.75700885,0.2332419,0.61035717,0.64743936,-0.14182305,-0.7488046,-0.08808991,0.96202093,-0.2583713
1356781763048,0.7102921,0.23679256,0.6628834,0.69870055,-0.12284651,-0.7047881,-0.085455686,0.9637624,-0.25270402
1356781763088,0.6594417,0.23439378,0.71428025,0.7470476,-0.09815067,-0.6574849,-0.0840033,0.9671743,-0.23982795
1356781763151,0.60548127,0.22576994,0.76316476,0.791254,-0.0677557,-0.6077223,-0.085496664,0.97182155,-0.21966615
1356781763169,0.54801774,0.21063858,0.80951095,0.831569,-0.03261961,-0.55446273,-0.09038535,0.9770196,-0.19303665
1356781763209,0.48532033,0.18873474,0.8537233,0.8688307,0.0053037256,-0.49508095,-0.09796691,0.9820138,-0.16140452
1356781763250,0.41738984,0.16039342,0.8944606,0.9023816,0.042966515,-0.42879078,-0.10720712,0.9861176,-0.1268023
1356781763289,0.34847593,0.12742928,0.92861533,0.9299288,0.07715012,-0.3595558,-0.11746076,0.9888426,-0.09161523
1356781763328,0.28926843,0.09384102,0.9526372,0.9485925,0.105425894,-0.2984254,-0.12843725,0.9899895,-0.058520555
1356781763368,0.25332308,0.06478107,0.9652103,0.9572104,0.12752062,-0.25978217,-0.13991323,0.9897181,-0.029705226
1356781763405,0.25082976,0.04446864,0.9670093,0.95609987,0.1449756,-0.2546668,-0.15151748,0.9884355,-0.006152302
1356781763448,0.28495336,0.035167694,0.957896,0.9446101,0.15945452,-0.28685516,-0.16282889,0.98657864,0.012217343
1356781763488,0.3550598,0.038095295,0.9340671,0.9186836,0.1707592,-0.35617647,-0.17306918,0.984576,0.025632203
1356781763528,0.4508823,0.052196234,0.89105594,0.8739116,0.1773065,-0.4525933,-0.1816136,0.98277044,0.034329534
1356781763568,0.55198914,0.07280132,0.8306672,0.8123164,0.17798746,-0.55539405,-0.18828183,0.9813361,0.03910941
1356781763608,0.6370182,0.09329596,0.76518214,0.7461649,0.17455891,-0.64246964,-0.19350922,0.98021686,0.041583017
1356781763648,0.69824266,0.10959306,0.70742244,0.6879406,0.17057133,-0.70543826,-0.19797713,0.9792317,0.043706656
1356781763688,0.7409592,0.121732235,0.66042465,0.64037925,0.16805923,-0.7494468,-0.2022223,0.9782317,0.04657024
1356781763728,0.7756476,0.13270904,0.61705685,0.5964147,0.1658181,-0.78536224,-0.20654388,0.9771861,0.049466774
1356781763768,0.8103077,0.14572532,0.5675963,0.54667974,0.16085777,-0.82174575,-0.21105146,0.9761603,0.050679192
1356781763808,0.8454426,0.16100785,0.50921834,0.48870483,0.15131277,-0.85922766,-0.21539362,0.97528505,0.04924096
1356781763850,0.87541765,0.17493375,0.45060202,0.4313227,0.13808137,-0.8915685,-0.21818516,0.97484964,0.04542598
1356781763888,0.89497113,0.18242759,0.40712014,0.38958824,0.12504196,-0.9124612,-0.21736518,0.97523564,0.040837318
1356781763930,0.90034825,0.17897639,0.39666167,0.38101175,0.116170585,-0.9172429,-0.21024522,0.9769708,0.036401875
1356781763968,0.89407074,0.1667678,0.41572347,0.40174285,0.11189571,-0.90889055,-0.19809136,0.97962636,0.033044912
1356781764008,0.8736797,0.147454,0.46361738,0.4510766,0.11146265,-0.8854975,-0.18224615,0.9827681,0.030869603
1356781764048,0.8337512,0.124008715,0.53803426,0.5267574,0.1134114,-0.84241587,-0.16548614,0.98577875,0.02923438
1356781764088,0.76112294,0.097339004,0.64126205,0.6312772,0.11584643,-0.76685643,-0.14893298,0.9884862,0.026725486
1356781764157,0.63443196,0.06800011,0.76998186,0.7616291,0.11507961,-0.63771284,-0.13197371,0.99102604,0.021219328
1356781764172,0.44406888,0.04156983,0.8950279,0.88879,0.105968565,-0.4458957,-0.11338067,0.99350023,0.010110468
1356781764209,0.21834081,0.028299123,0.9754622,0.97136974,0.089610934,-0.22002456,-0.09363857,0.9955747,-0.007923156
1356781764249,0.030793488,0.037695467,0.9988147,0.9967665,0.07304281,-0.033486992,-0.07421851,0.99661624,-0.035324335
1356781764289,-0.09462038,0.06759292,0.99321604,0.9938188,0.06460205,0.09028137,-0.05806145,0.9956193,-0.073287785
1356781764328,-0.16840872,0.11039141,0.9795164,0.98458314,0.06649318,0.16178608,-0.0472714,0.9916614,-0.11988759
1356781764368,-0.2168183,0.1553708,0.96376854,0.9753283,0.076473385,0.2070905,-0.041526854,0.9848918,-0.16811836
1356781764408,-0.2648914,0.19102079,0.9451686,0.9634966,0.09189123,0.2514565,-0.038819313,0.9772754,-0.2083891
1356781764448,-0.32607663,0.20890853,0.9219713,0.9445988,0.110699594,0.3089961,-0.03750989,0.9716495,-0.23343128
1356781764488,-0.4006024,0.2055349,0.89290154,0.91547096,0.13001585,0.38080022,-0.037823588,0.9699749,-0.24024588
1356781764528,-0.48121417,0.18150166,0.8576072,0.8756114,0.14604586,0.4604078,-0.041685224,0.97248536,-0.22920424
1356781764568,-0.5582943,0.14076245,0.81761444,0.82806706,0.15525639,0.5387024,-0.051110774,0.9777941,-0.20323944
1356781764608,-0.6227066,0.09016216,0.7772434,0.7796277,0.15586859,0.6065358,-0.066461235,0.98365426,-0.16735327
1356781764648,-0.66850346,0.03741142,0.74276745,0.7387159,0.14893931,0.65735525,-0.086034656,0.9881384,-0.12720287
1356781764688,-0.6940042,-0.011731535,0.71987534,0.7119348,0.1377911,0.6885946,-0.10727066,0.99039185,-0.087275445
1356781764728,-0.7007292,-0.054929167,0.71130955,0.70180213,0.12618297,0.7011074,-0.12826636,0.9904851,-0.04987061
1356781764768,-0.6901522,-0.09166297,0.7178355,0.7084007,0.117081285,0.6960319,-0.14784545,0.98888314,-0.015869796
1356781764808,-0.662579,-0.121644855,0.7390479,0.730515,0.11286241,0.6735057,-0.16533923,0.98613626,0.014083028
1356781764850,-0.6168835,-0.14413029,0.77374494,0.7659069,0.11642736,0.63232213,-0.18122181,0.9826856,0.038568318
1356781764888,-0.54716223,-0.15612763,0.8223367,0.8137143,0.13103366,0.5663031,-0.19616929,0.9790068,0.055346668
1356781764928,-0.45658398,-0.15562585,0.8759632,0.8641975,0.15638018,0.47823417,-0.21140894,0.9753593,0.0630908
1356781764968,-0.33982491,-0.13900581,0.93015945,0.9130974,0.18818992,0.36171514,-0.22532716,0.9722459,0.062974155
1356781765008,-0.20388412,-0.107103944,0.97311866,0.95070124,0.21558309,0.222915,-0.23366296,0.970594,0.05786991
1356781765048,-0.07046771,-0.06869772,0.9951457,0.9702296,0.227014,0.084374785,-0.23170832,0.97146547,0.050655425
1356781765089,0.035505682,-0.036396533,0.99870646,0.9754927,0.21840325,-0.026720941,-0.21714818,0.9751796,0.043259144
1356781765159,0.1022183,-0.01717022,0.9946138,0.97539246,0.19807783,-0.096823364,-0.19534844,0.9800359,0.036994934
1356781765172,0.13295451,-0.009848744,0.9910732,0.9765483,0.1721513,-0.12929523,-0.16934115,0.98502123,0.03250605
1356781765207,0.1318832,-0.010856956,0.9912058,0.98055804,0.14800268,-0.12884542,-0.1453022,0.98892736,0.030164987
1356781765249,0.11108035,-0.015615046,0.99368876,0.98611635,0.12591833,-0.10825515,-0.12343317,0.9919177,0.029385328
1356781765289,0.07449874,-0.019272387,0.9970349,0.9918619,0.10494819,-0.07208368,-0.10324785,0.99429095,0.026933968
1356781765329,0.034564823,-0.013641387,0.9993094,0.99587643,0.08439055,-0.03329411,-0.08387807,0.99633944,0.016502082
1356781765368,-0.0014178455,0.0084447265,0.9999633,0.9978153,0.066058725,8.56936E-4,-0.06604907,0.99777997,-0.0085199475
1356781765408,-0.02563265,0.051624686,0.9983375,0.9983529,0.052597314,0.022913218,-0.05132696,0.9972805,-0.052887857
1356781765448,-0.04248202,0.109618306,0.99306554,0.9982654,0.045208693,0.037714094,-0.040761054,0.9929451,-0.11134875
1356781765488,-0.060406446,0.1675418,0.9840126,0.9976056,0.043391883,0.053852767,-0.03367555,0.98490953,-0.16976184
1356781765528,-0.085939914,0.21073759,0.9737576,0.99588275,0.046465367,0.07783672,-0.028842896,0.9764377,-0.21386313
1356781765568,-0.12015417,0.23142305,0.96540475,0.9924011,0.053970605,0.11057651,-0.026513487,0.97135496,-0.23614925
1356781765608,-0.1597805,0.22838047,0.96037114,0.98673975,0.06508452,0.14869013,-0.028547376,0.97139406,-0.23575133
1356781765648,-0.19926849,0.20485035,0.9582945,0.97925425,0.07833567,0.1868814,-0.03678593,0.9756535,-0.21621042
1356781765688,-0.23244154,0.16667643,0.9582222,0.9712329,0.09219259,0.21956131,-0.051745236,0.9816921,-0.18331105
1356781765728,-0.25418657,0.12028077,0.95964664,0.96445096,0.10567182,0.24221435,-0.07227391,0.98709977,-0.1428653
1356781765768,-0.2611323,0.07141912,0.96265733,0.9605379,0.11819196,0.2517888,-0.09579584,0.9904191,-0.099464476
1356781765808,-0.25142205,0.025006056,0.96755445,0.96049917,0.12964594,0.24623808,-0.11928213,0.9912449,-0.05661416
1356781765848,-0.22348309,-0.014202774,0.97460425,0.9645185,0.14097774,0.22322485,-0.14056787,0.98991084,-0.017807245
1356781765898,-0.17783076,-0.043907583,0.9830811,0.9706065,0.15680695,0.18257767,-0.16217053,0.9866528,0.014731824
1356781765938,-0.09685308,-0.05441338,0.9938102,0.9782292,0.17892742,0.10513127,-0.18354046,0.9823564,0.035899103
1356781765978,-0.0019178987,-0.045723736,0.99895227,0.978532,0.20578504,0.011297762,-0.20608601,0.97752845,0.044347465
1356781766018,0.10495019,-0.018670201,0.9943023,0.9681065,0.23063904,-0.097854435,-0.22749797,0.9728603,0.042280376
1356781766058,0.21371001,0.019139111,0.9767096,0.94611204,0.24496186,-0.21181524,-0.24331054,0.9693438,0.034243047
1356781766098,0.31131575,0.054710835,0.94873035,0.9171879,0.24396667,-0.31503433,-0.24869442,0.9682391,0.025770515
1356781766158,0.3861857,0.07401955,0.9194464,0.89150983,0.22592895,-0.3926401,-0.23679262,0.97132754,0.021261364
1356781766191,0.44192374,0.079937905,0.89348376,0.8699615,0.20474048,-0.44860706,-0.21879295,0.9755466,0.020936817
1356781766231,0.4740612,0.07327336,0.8774378,0.85814244,0.18465273,-0.47905636,-0.19712335,0.98006856,0.024657696
1356781766271,0.48491734,0.058917344,0.87257326,0.85681003,0.167989,-0.48750007,-0.17530492,0.9840267,0.030979812
1356781766309,0.47730398,0.03979826,0.8778366,0.8653491,0.1524343,-0.4774251,-0.1528131,0.987512,0.038318068
1356781766348,0.45171753,0.021540463,0.8919009,0.8827742,0.13384572,-0.4503276,-0.12907732,0.99076796,0.041445136
1356781766406,0.41474974,0.013872415,0.90982974,0.9040464,0.10729277,-0.41374925,-0.10335788,0.99413073,0.03195831
1356781766428,0.37211877,0.026145458,0.92781675,0.925042,0.071746886,-0.37302768,-0.076320976,0.9970801,0.0025127232
1356781766468,0.32803693,0.060255498,0.9427412,0.9433825,0.031085819,-0.3302469,-0.049205065,0.9976988,-0.046646655
1356781766505,0.2813989,0.10660571,0.95365083,0.95930594,-0.00703454,-0.2822812,-0.023384303,0.9942765,-0.104247004
1356781766548,0.22904071,0.15024713,0.96175164,0.97341657,-0.034576923,-0.22641703,-7.6413155E-4,0.98804367,-0.15417257
1356781766588,0.16843304,0.17898056,0.9693278,0.9855894,-0.04615894,-0.16273579,0.015616566,0.98276925,-0.18417609
1356781766628,0.101362765,0.18742672,0.9770347,0.9945921,-0.04143536,-0.095235616,0.022634089,0.9814043,-0.19061309
1356781766668,0.032096773,0.17650285,0.9837767,0.9993111,-0.024015337,-0.02829492,0.018631577,0.9840071,-0.1771521
1356781766708,-0.033039033,0.15059206,0.9880437,0.99944603,0.0010284781,0.033263594,0.0039930344,0.9885955,-0.15054262
1356781766748,-0.08793634,0.11516127,0.98944676,0.99593544,0.029594421,0.08506858,-0.019485444,0.99290586,-0.11729556
1356781766788,-0.12820518,0.07509261,0.9889007,0.9905142,0.059411287,0.12390292,-0.049447715,0.9954052,-0.081997156
1356781766828,-0.15067124,0.035028428,0.98796314,0.9851111,0.089013755,0.1470803,-0.082790315,0.99541426,-0.047918737
1356781766868,-0.1527496,-3.4856796E-4,0.9882648,0.9814471,0.117206454,0.15173718,-0.11588392,0.99310744,-0.017561138
1356781766908,-0.13310394,-0.02738598,0.9907237,0.9802352,0.14398381,0.13567483,-0.14636377,0.98920107,0.0076798797
1356781766948,-0.091394395,-0.043586284,0.9948604,0.98041284,0.17109081,0.09756297,-0.1744639,0.98429066,0.027095854
1356781766989,-0.027135015,-0.04596716,0.9985745,0.97905344,0.20042622,0.035830677,-0.20178762,0.9786299,0.039565682
1356781767029,0.059118032,-0.031406105,0.99775684,0.9718414,0.23019677,-0.05033672,-0.2280995,0.9726372,0.044130504
1356781767069,0.16234297,3.9872527E-4,0.98673433,0.9543488,0.2540326,-0.1571174,-0.25072533,0.96719563,0.040859878
1356781767109,0.27255797,0.041745156,0.9612334,0.92509127,0.26319653,-0.2737402,-0.26442063,0.9638387,0.03311819
1356781767159,0.37161466,0.0786787,0.9250471,0.89002585,0.2532718,-0.37908748,-0.26411444,0.96419036,0.02409342
1356781767191,0.44885376,0.10042605,0.8879442,0.8577548,0.23021099,-0.4596298,-0.2505733,0.967945,0.017190158
1356781767232,0.49873555,0.102932066,0.8606206,0.8369888,0.2007813,-0.50905466,-0.22519457,0.9742135,0.013983816
1356781767270,0.5248694,0.09324336,0.8460602,0.82807994,0.17407413,-0.5328995,-0.19696659,0.98030806,0.014153212
1356781767311,0.5292717,0.075113535,0.84512097,0.8316111,0.15154962,-0.53428054,-0.1682095,0.98559153,0.017745674
1356781767350,0.51082504,0.05235994,0.85808873,0.84817946,0.13205661,-0.51298404,-0.14017609,0.98985827,0.023047209
1356781767390,0.47084484,0.029837549,0.88171136,0.87510747,0.11082122,-0.4710685,-0.11176786,0.99339235,0.026068538
1356781767430,0.4143609,0.01558882,0.9099791,0.90643466,0.08272973,-0.4141642,-0.08173865,0.99645007,0.020149738
1356781767469,0.35302475,0.019523442,0.93541026,0.93424,0.046808034,-0.35356,-0.050687462,0.99871314,-0.0017152131
1356781767509,0.2996189,0.046668112,0.95291686,0.9538205,0.0076743364,-0.30027884,-0.021326423,0.9988809,-0.04221362
1356781767548,0.25787276,0.09109512,0.9618749,0.9661745,-0.027324736,-0.2564377,0.0029227734,0.9954673,-0.09506008
1356781767588,0.22079676,0.1382119,0.9654772,0.9751213,-0.051252067,-0.21566537,0.019675225,0.98907566,-0.14608964
1356781767628,0.17942104,0.17417479,0.96823096,0.9833722,-0.05982241,-0.17146534,0.02805698,0.9828959,-0.18201202
1356781767668,0.1296049,0.19172853,0.97285295,0.9911782,-0.052476138,-0.12170434,0.027717382,0.9800441,-0.19683832
1356781767708,0.072880775,0.18951398,0.9791695,0.9971753,-0.031726867,-0.068080395,0.0181638,0.9813653,-0.19129092
1356781767748,0.014354676,0.16963121,0.98540306,0.9998969,-0.0020178854,-0.01421845,-4.235208E-4,0.9855056,-0.16964269
1356781767788,-0.04007703,0.13568917,0.9899405,0.99884343,0.03178078,0.036081344,-0.026565194,0.99024165,-0.13680589
1356781767828,-0.08482048,0.0920794,0.9921324,0.9947401,0.06521019,0.078991294,-0.05742368,0.9936141,-0.097126305
1356781767868,-0.11378887,0.044277042,0.9925178,0.9894792,0.09489235,0.10920733,-0.089347005,0.99450237,-0.05460894
1356781767908,-0.11973256,-0.001249671,0.99280536,0.985624,0.11991733,0.11901745,-0.1192033,0.99278307,-0.013126254
1356781767949,-0.09329063,-0.037588805,0.9949291,0.9849156,0.14278269,0.097746104,-0.14573276,0.98904,0.023701489
1356781767988,-0.017988443,-0.055939198,0.9982722,0.9853873,0.16814655,0.027178496,-0.1693764,0.98417354,0.052097023
1356781768029,0.12198013,-0.045976132,0.9914671,0.97369754,0.19922477,-0.11055553,-0.19244185,0.9788747,0.06906831
1356781768078,0.35293204,0.009599507,0.93559974,0.9102988,0.2276646,-0.34572384,-0.21632177,0.9736923,0.07161167
1356781768118,0.6156964,0.09540808,0.7821862,0.7523177,0.22408637,-0.6195186,-0.23438436,0.9698879,0.06619197
1356781768158,0.78141683,0.15945177,0.6032933,0.5755816,0.18925312,-0.7955433,-0.24102595,0.96889555,0.056108072
1356781768198,0.85720533,0.18377313,0.48106802,0.45865455,0.15233332,-0.8754602,-0.23416875,0.97109324,0.04629255
1356781768238,0.88601625,0.17686465,0.4285954,0.4114357,0.12627026,-0.9026497,-0.21376571,0.9761018,0.03910908
1356781768279,0.894102,0.15304247,0.42090338,0.40795478,0.10950261,-0.90641165,-0.1848095,0.982134,0.035472095
1356781768318,0.8900861,0.12257995,0.43899983,0.42920816,0.09870997,-0.89779544,-0.15338534,0.9875375,0.035248064
1356781768360,0.87497485,0.090811834,0.4755757,0.46818918,0.09157109,-0.8788707,-0.12336086,0.99164915,0.037605286
1356781768398,0.84660256,0.06068617,0.52875435,0.52344865,0.08473852,-0.84783304,-0.0962576,0.99455345,0.03997376
1356781768440,0.803561,0.03657514,0.59409773,0.5908011,0.07241961,-0.80356044,-0.07241464,0.9967033,0.03658495
1356781768478,0.75218487,0.026869088,0.65840405,0.6568785,0.04863008,-0.75242656,-0.052235246,0.99845535,0.018929094
1356781768518,0.70872784,0.039975226,0.7043485,0.7045351,0.011604443,-0.7095742,-0.03653896,0.9991332,-0.019939542
1356781768560,0.68729895,0.07613346,0.7223738,0.725916,-0.03665793,-0.6868057,-0.025808156,0.9964236,-0.08046146
1356781768598,0.6739132,0.11989197,0.72901773,0.73857117,-0.08420925,-0.66889566,-0.018805176,0.9892091,-0.14529848
1356781768638,0.6586031,0.159044,0.73549104,0.75234985,-0.12027156,-0.6476917,-0.014552802,0.97991824,-0.19886793
1356781768678,0.6282743,0.1863741,0.7553384,0.7778864,-0.13450125,-0.6138421,-0.01281029,0.9732287,-0.22948155
1356781768718,0.57787037,0.19924727,0.79143316,0.8160002,-0.12385723,-0.5646264,-0.014475524,0.9720904,-0.2341592
1356781768758,0.50842977,0.1969552,0.83827674,0.8608575,-0.0929877,-0.50027776,-0.020582914,0.9759928,-0.21682808
1356781768798,0.42341357,0.17897207,0.88808215,0.90537745,-0.049162924,-0.42175186,-0.031821072,0.982625,-0.18285355
1356781768838,0.3310921,0.14635646,0.9321791,0.9423847,-0.0011974871,-0.33452895,-0.0478442,0.9892312,-0.13832057
1356781768878,0.24401051,0.102787346,0.9643099,0.9674283,0.043296695,-0.24941468,-0.067388,0.9937606,-0.08887449
1356781768918,0.17785639,0.05468461,0.9825358,0.9800235,0.08045852,-0.18187961,-0.08899933,0.99525666,-0.039282113
1356781768958,0.15461674,0.011446804,0.98790824,0.98167264,0.110979706,-0.15492669,-0.111411214,0.9937568,0.0059222877
1356781768998,0.20435315,-0.014619082,0.978788,0.9696684,0.13999987,-0.20035806,-0.13410112,0.99004364,0.04278508
1356781769038,0.36772868,-0.0058696866,0.9299146,0.9164943,0.17167702,-0.36133802,-0.15752399,0.9851358,0.068510115
1356781769078,0.6493864,0.057228237,0.7583021,0.7383106,0.19145885,-0.64671546,-0.18219402,0.9798308,0.08207859
1356781769118,0.8885434,0.15045062,0.43342265,0.4097915,0.1645456,-0.8972154,-0.2063044,0.9748278,0.08455253
1356781769160,0.9653973,0.2109987,0.15325667,0.13217388,0.11071712,-0.9850237,-0.22480686,0.97119576,0.07899749
1356781769199,0.97265124,0.23210162,0.008857727,-0.0077890307,0.07070738,-0.99746674,-0.23213995,0.9701182,0.070581466
1356781769240,0.9728446,0.22780666,-0.04095751,-0.054266937,0.0524683,-0.9971471,-0.22500774,0.9722918,0.06340587
1356781769280,0.97578186,0.21236172,-0.05246266,-0.06388522,0.047284126,-0.9968365,-0.20920923,0.9760465,0.059705764
1356781769318,0.981005,0.19002067,-0.03900399,-0.04965231,0.05160126,-0.9974327,-0.18752018,0.9804231,0.06005606
1356781769358,0.9862384,0.1650537,-0.009545378,-0.019939363,0.061431676,-0.9979121,-0.1641227,0.9843696,0.063877344
1356781769398,0.9895808,0.13854696,0.039173458,0.02899846,0.07471216,-0.9967834,-0.14102805,0.9875337,0.06991607
1356781769439,0.9868469,0.10903271,0.119352736,0.109979905,0.08828959,-0.99000466,-0.118480496,0.99010944,0.0751369
1356781769499,0.9661665,0.07530348,0.24668111,0.2394134,0.09390131,-0.96636623,-0.095934406,0.9927295,0.07269564
1356781769519,0.9076251,0.04483986,0.41738003,0.41315126,0.080601275,-0.90708834,-0.074315056,0.99573725,0.0546301
1356781769558,0.8217505,0.03830421,0.5685586,0.56718886,0.04128599,-0.8225522,-0.054980695,0.99841285,0.012201071
1356781769595,0.7462019,0.06354824,0.6626797,0.6645528,-0.01219359,-0.7471418,-0.039399117,0.99790424,-0.05133006
1356781769638,0.69375473,0.10719594,0.7121892,0.7196654,-0.064682424,-0.6913017,-0.028038621,0.9921317,-0.12201895
1356781769678,0.6432738,0.1514984,0.75049794,0.76534855,-0.10037036,-0.6357415,-0.02098605,0.98334837,-0.1805147
1356781769718,0.5789185,0.1861386,0.79385495,0.81516147,-0.109307244,-0.56882656,-0.019106477,0.9764242,-0.21501303
1356781769758,0.49266285,0.2054621,0.8456173,0.86991334,-0.09047122,-0.4848358,-0.023111373,0.9744744,-0.22330606
1356781769798,0.38523042,0.20589736,0.89955753,0.922246,-0.051508233,-0.38315704,-0.032556415,0.9772171,-0.20973057
1356781769838,0.26712483,0.18674523,0.9453944,0.9625475,-0.0045372844,-0.27107525,-0.04633248,0.9823979,-0.18096313
1356781769878,0.15475333,0.15106443,0.97633547,0.9859215,0.039730728,-0.16242012,-0.06332642,0.98772514,-0.14278919
1356781769918,0.06299806,0.1044319,0.99253476,0.9946127,0.075463355,-0.071070045,-0.082322,0.9916649,-0.09911531
1356781769958,0.0055140257,0.054142118,0.998518,0.99478304,0.10141891,-0.010992587,-0.10186374,0.9933694,-0.05330044
1356781769998,4.8485398E-4,0.009679556,0.99995303,0.9927119,0.120500475,-0.0016477704,-0.12051079,0.99266607,-0.009550571
1356781770038,0.07014963,-0.018308759,0.9973684,0.98797524,0.1393744,-0.06693044,-0.13778216,0.99007046,0.027865708
1356781770078,0.23694485,-0.017746747,0.971361,0.95910305,0.16363508,-0.2309652,-0.15484983,0.9863613,0.055793434
1356781770118,0.49194092,0.022674084,0.8703333,0.8531223,0.18690516,-0.48708194,-0.17371392,0.9821163,0.07260254
1356781770157,0.74516165,0.09622347,0.6599054,0.6377597,0.18641469,-0.7473366,-0.19492738,0.9777477,0.07754162
1356781770198,0.8904317,0.16433549,0.4244115,0.40134203,0.15619645,-0.9025116,-0.21460626,0.9739592,0.07312753
1356781770238,0.9440397,0.20514362,0.25827336,0.23808987,0.11806235,-0.96404076,-0.22825916,0.97158504,0.06261292
1356781770278,0.96119,0.22098456,0.16516528,0.14926024,0.08695167,-0.98496735,-0.23202398,0.97139335,0.05059287
1356781770318,0.9683301,0.21885148,0.12017021,0.10802338,0.066691756,-0.9919089,-0.2250951,0.9734764,0.040938556
1356781770358,0.97332084,0.20575966,0.101535425,0.091942325,0.055685192,-0.9942061,-0.21022151,0.9770169,0.03528154
1356781770398,0.97747356,0.18773052,0.09645047,0.088323474,0.051204443,-0.9947749,-0.1916883,0.98088497,0.033469975
1356781770438,0.98057455,0.16835698,0.10064533,0.093265265,0.051203787,-0.9943237,-0.17255476,0.9843952,0.034507275
1356781770478,0.9821037,0.14837791,0.11600159,0.10914975,0.053543985,-0.9925822,-0.15348844,0.98748016,0.036390334
1356781770518,0.98090625,0.12677455,0.14748268,0.14156434,0.054540098,-0.98842543,-0.13335092,0.990431,0.035551965
1356781770558,0.9745394,0.10331109,0.1989968,0.19495776,0.047925204,-0.97964007,-0.11074464,0.99349385,0.026563704
1356781770598,0.9602494,0.08202336,0.26682037,0.26563603,0.02523014,-0.9637432,-0.08578137,0.99631107,0.0024388693
1356781770638,0.93916047,0.07178494,0.3358938,0.33798972,-0.019010574,-0.9409578,-0.06116107,0.997239,-0.042116553
1356781770678,0.91745794,0.07874201,0.3899625,0.39575124,-0.08049509,-0.9148233,-0.04064496,0.99363995,-0.1050131
1356781770718,0.8989185,0.09935759,0.4267008,0.4373272,-0.14508092,-0.8875226,-0.026275933,0.9844184,-0.1738677
1356781770758,0.8818217,0.12477404,0.4547768,0.47124982,-0.19691056,-0.8597382,-0.017722666,0.97244924,-0.23243976
1356781770798,0.8632256,0.14782527,0.48268968,0.50461745,-0.22569871,-0.8333195,-0.01424323,0.9629163,-0.2694241
1356781770838,0.8421473,0.16484644,0.5134331,0.53900766,-0.22893053,-0.81059337,-0.016082913,0.95938337,-0.28164673
1356781770878,0.8196709,0.17441227,0.54563725,0.5723397,-0.20976135,-0.79273415,-0.023808986,0.96207094,-0.27175835
1356781770918,0.798426,0.17648286,0.57564723,0.6009544,-0.17481893,-0.77993095,-0.0370104,0.9686549,-0.24563813
1356781770958,0.782042,0.17212346,0.5989856,0.62083566,-0.1310668,-0.77290654,-0.054528177,0.97631705,-0.20936012
1356781770998,0.7741908,0.16346751,0.61147934,0.6284419,-0.083393365,-0.7733733,-0.07542807,0.98301774,-0.16729221
