1356781033955,-0.32874286,0.24376717,0.91241753,-0.87903976,0.27423185,-0.3899823,-0.34527883,-0.93025506,0.124129236
1356781033985,-0.32881302,0.24375546,0.9123955,-0.8790159,0.2742201,-0.39004418,-0.34527257,-0.9302616,0.124097764
1356781034015,-0.32920527,0.24374968,0.9122554,-0.87887913,0.2741388,-0.3904092,-0.3452467,-0.930287,0.123978615
1356781034056,-0.3306197,0.24361384,0.91178,-0.8784032,0.27384531,-0.3916843,-0.34510633,-0.9304091,0.123452544
1356781034100,-0.33440393,0.24353895,0.9104191,-0.87711847,0.27293503,-0.39518306,-0.34472778,-0.9306961,0.12234193
1356781034137,-0.34144944,0.24381754,0.90772533,-0.87469304,0.27102035,-0.40182084,-0.34398302,-0.93118256,0.12072575
1356781034178,-0.35219973,0.24488941,0.9033185,-0.8708732,0.267794,-0.41214833,-0.34283397,-0.93183446,0.118950665
1356781034220,-0.36633426,0.24700913,0.89709836,-0.86560965,0.26322055,-0.42595145,-0.3413486,-0.9325777,0.11738688
1356781034259,-0.38286835,0.25029868,0.88924825,-0.8590848,0.25747955,-0.4423547,-0.339684,-0.93330324,0.11644703
1356781034298,-0.4003412,0.25472918,0.88025,-0.8517288,0.25093853,-0.45998693,-0.33806074,-0.93388593,0.116499126
1356781034340,-0.4161889,0.25984544,0.8713592,-0.84471697,0.24416286,-0.4762748,-0.33651134,-0.93427235,0.11787808
1356781034379,-0.42991912,0.26536325,0.8629901,-0.8383987,0.23736733,-0.49065715,-0.33504802,-0.9344726,0.12043148
1356781034418,-0.44197392,0.27061757,0.855234,-0.8326328,0.23095137,-0.5033727,-0.333739,-0.9345735,0.123250544
1356781034458,-0.45227295,0.2749788,0.84843135,-0.82753706,0.22538531,-0.5141828,-0.33261332,-0.93465936,0.12561947
1356781034499,-0.46118903,0.27815858,0.8425749,-0.822955,0.22093344,-0.52338654,-0.33173746,-0.9347814,0.12701988
1356781034538,-0.46873802,0.28007168,0.83776164,-0.81889874,0.21781343,-0.5310011,-0.33119407,-0.93494236,0.12725294
1356781034578,-0.47466916,0.28089613,0.83413815,-0.81554574,0.21605772,-0.5368465,-0.3310201,-0.93510234,0.12652767
1356781034619,-0.47913194,0.28086755,0.83159256,-0.8128507,0.21553117,-0.54112846,-0.33121958,-0.93523246,0.12503546
1356781034658,-0.48218226,0.2802279,0.8300438,-0.81085014,0.2159732,-0.5439463,-0.33169615,-0.93532234,0.12308437
1356781034702,-0.4840111,0.27924764,0.82930934,-0.80951643,0.2169913,-0.5455253,-0.3322896,-0.93537986,0.12102932
1356781034738,-0.48501486,0.2781632,0.8290873,-0.8086642,0.21824366,-0.54628927,-0.33290058,-0.93541163,0.11908913
1356781034777,-0.48553193,0.2771383,0.82912797,-0.80811757,0.2194972,-0.5465959,-0.33347386,-0.9354226,0.117387414
1356781034818,-0.48603392,0.2762387,0.829134,-0.80760086,0.22061074,-0.5469111,-0.33399388,-0.9354267,0.1158663
1356781034858,-0.48689938,0.27545238,0.8288878,-0.8068905,0.22151881,-0.5475921,-0.3344498,-0.93544394,0.11440259
1356781034899,-0.4881904,0.274769,0.82835513,-0.80596715,0.22216487,-0.54868907,-0.33479422,-0.93549174,0.11299598
1356781034938,-0.4897722,0.2741679,0.8276201,-0.80494153,0.22249657,-0.5500585,-0.33495098,-0.9355892,0.11171657
1356781034995,-0.49177545,0.273456,0.8266672,-0.80378425,0.22247648,-0.5517564,-0.33479512,-0.93580234,0.1103912
1356781035029,-0.49352312,0.27259222,0.8259107,-0.80283594,0.22243834,-0.55315065,-0.33449876,-0.9360634,0.10906839
1356781035069,-0.4945945,0.27142102,0.8256554,-0.8023353,0.22261411,-0.5538058,-0.3341171,-0.9363619,0.10766697
1356781035110,-0.49405456,0.26976138,0.8265222,-0.8028441,0.22331321,-0.55278623,-0.33369368,-0.93667495,0.106247425
1356781035149,-0.4908476,0.26748717,0.8291678,-0.8049829,0.22481364,-0.549055,-0.33327335,-0.9369682,0.104973376
1356781035189,-0.48400486,0.2645828,0.8341074,-0.8092347,0.22738087,-0.5416984,-0.33298412,-0.9371733,0.10405624
1356781035230,-0.47306228,0.26117986,0.84142566,-0.81564873,0.23121083,-0.5303383,-0.33306038,-0.9371908,0.10365391
1356781035269,-0.45833647,0.2574612,0.85067123,-0.82375443,0.2363047,-0.515353,-0.33370107,-0.9369492,0.10377771
1356781035307,-0.4409489,0.25357777,0.86096597,-0.83270293,0.24236959,-0.4978582,-0.33491775,-0.93645895,0.10428238
1356781035348,-0.42242604,0.2496419,0.871341,-0.84159136,0.24893987,-0.47932547,-0.33657122,-0.9357926,0.10493785
1356781035388,-0.4041627,0.2457236,0.8810633,-0.849754,0.25558275,-0.46108103,-0.33848304,-0.9350387,0.10550761
1356781035427,-0.38720626,0.24191323,0.88969064,-0.8568032,0.2619874,-0.4441294,-0.34052852,-0.93425936,0.10582888
1356781035467,-0.38556278,0.24245548,0.8902565,-0.8566996,0.26423955,-0.44299343,-0.3426472,-0.9334842,0.10583055
1356781035508,-0.3642453,0.23652902,0.9007661,-0.8651198,0.27216786,-0.4212985,-0.344809,-0.9327265,0.10549003
1356781035547,-0.348594,0.23190582,0.90813106,-0.8706832,0.2785642,-0.40535516,-0.34697706,-0.9319988,0.104810655
1356781035588,-0.33769768,0.22838414,0.91312706,-0.8741156,0.28372794,-0.39423403,-0.34911647,-0.9313104,0.10381985
1356781035635,-0.33087486,0.22572598,0.9162803,-0.87577367,0.28820246,-0.38724646,-0.3514858,-0.9305843,0.10232592
1356781035665,-0.3272974,0.22406426,0.9179715,-0.8762568,0.29159302,-0.38359815,-0.35362473,-0.92992944,0.10090017
1356781035708,-0.3254938,0.22290865,0.9188937,-0.87598646,0.29475206,-0.38179713,-0.3559517,-0.92921096,0.099325
1356781035748,-0.3257503,0.22241959,0.91892123,-0.87482214,0.29770482,-0.38217524,-0.35857058,-0.92838645,0.09760016
1356781035788,-0.3277343,0.22238931,0.91822284,-0.87285733,0.3006478,-0.3843578,-0.3615387,-0.9274448,0.09558153
1356781035828,-0.33133727,0.2225335,0.91689396,-0.8701428,0.30364454,-0.38813847,-0.36478367,-0.9264334,0.093027174
1356781035867,-0.33646786,0.2225276,0.915025,-0.86673737,0.30672133,-0.3933043,-0.36817873,-0.9254207,0.089671135
1356781035908,-0.3431412,0.22208425,0.91265154,-0.8626579,0.30987406,-0.3997491,-0.37158504,-0.92447644,0.085252166
1356781035948,-0.3516987,0.22094622,0.9096651,-0.8577949,0.31303108,-0.40767565,-0.37482783,-0.9236852,0.07943398
1356781035997,-0.36298466,0.21882308,0.90573657,-0.8518331,0.31603456,-0.41773513,-0.37765417,-0.9231678,0.07168496
1356781036030,-0.37785357,0.21545672,0.90044713,-0.8444499,0.31858963,-0.4305868,-0.37964594,-0.9230813,0.06156218
1356781036069,-0.3967033,0.21064961,0.8934502,-0.8354889,0.32032025,-0.44649,-0.38024312,-0.9235918,0.048923314
1356781036109,-0.4192471,0.20429644,0.8845874,-0.8250395,0.32087755,-0.46513158,-0.37886894,-0.92482466,0.03402561
1356781036149,-0.4444881,0.19643551,0.87398136,-0.8134417,0.3200978,-0.4856439,-0.37515724,-0.92679584,0.017509162
1356781036190,-0.47122854,0.18716973,0.86192286,-0.80105084,0.31816447,-0.5070393,-0.36913562,-0.9293755,4.351139E-6
1356781036229,-0.4981693,0.17661187,0.8489026,-0.7881701,0.3158362,-0.528238,-0.36140728,-0.9322316,-0.01813972
1356781036269,-0.52395207,0.16477007,0.8356585,-0.77515376,0.3143729,-0.5480021,-0.35300273,-0.9348906,-0.03699416
1356781036308,-0.5469712,0.15152398,0.8233243,-0.76278317,0.31502908,-0.56472874,-0.34494102,-0.93690836,-0.05673188
1356781036348,-0.56589097,0.13663012,0.81308025,-0.75213647,0.31840885,-0.5769805,-0.33772486,-0.9380554,-0.077420175
1356781036388,-0.579504,0.11984342,0.8061095,-0.7445457,0.324368,-0.5834698,-0.33140117,-0.93830854,-0.09874368
1356781036428,-0.58688986,0.101088375,0.8033315,-0.7411878,0.33226627,-0.58330077,-0.3258849,-0.9377528,-0.120078266
1356781036468,-0.5877101,0.0805231,0.80505455,-0.7425927,0.34130973,-0.5762497,-0.32117438,-0.9364954,-0.14079535
1356781036508,-0.5820682,0.05845651,0.81103605,-0.7486484,0.35076308,-0.5625753,-0.31736773,-0.93463796,-0.16040468
1356781036548,-0.5704905,0.035268813,0.8205465,-0.75865006,0.3601002,-0.5429344,-0.31462762,-0.9322467,-0.17867702
1356781036588,-0.5540132,0.011433661,0.83242935,-0.7713463,0.36912745,-0.5184301,-0.31320006,-0.9293084,-0.19568217
1356781036628,-0.53375924,-0.012376159,0.8455459,-0.7853571,0.37800407,-0.49023163,-0.3135526,-0.92572117,-0.21148288
1356781036668,-0.51070726,-0.0352228,0.85903287,-0.7993363,0.38739523,-0.45933253,-0.31660628,-0.9212406,-0.22600037
1356781036708,-0.48609328,-0.05619341,0.87209845,-0.81184816,0.39838344,-0.42684102,-0.32344398,-0.915496,-0.23927206
1356781036748,-0.462161,-0.07465559,0.8836479,-0.82142097,0.41153854,-0.39484626,-0.3341777,-0.90832955,-0.25152075
1356781036788,-0.44103473,-0.09017369,0.8929485,-0.82767344,0.4256,-0.365816,-0.34705195,-0.9004073,-0.26233876
1356781036828,-0.42279193,-0.10214758,0.9004514,-0.8320252,0.4375302,-0.3410299,-0.3591393,-0.893383,-0.26997364
1356781036868,-0.4051998,-0.10971105,0.9076214,-0.8367302,0.44452086,-0.3198184,-0.36836907,-0.8890246,-0.27191836
1356781036908,-0.3848671,-0.111893594,0.91616434,-0.8437713,0.4449521,-0.30011263,-0.37406856,-0.8885367,-0.26566005
1356781036949,-0.35756066,-0.10762301,0.92766786,-0.85484624,0.43767008,-0.27871618,-0.37601617,-0.89267135,-0.24849474
1356781037013,-0.3211814,-0.09613949,0.9421251,-0.87013793,0.4225987,-0.2535159,-0.37376794,-0.90120333,-0.21938545
1356781037030,-0.27409893,-0.07728705,0.95859087,-0.889186,0.400082,-0.22199655,-0.36635748,-0.9132147,-0.1783846
1356781037069,-0.21890593,-0.05147019,0.9743875,-0.9095446,0.37232435,-0.18467095,-0.35328314,-0.9266745,-0.12831843
1356781037109,-0.16221735,-0.020079374,0.9865508,-0.92808324,0.34271553,-0.14562827,-0.3351821,-0.93922466,-0.07422972
1356781037149,-0.11255598,0.014782965,0.99353546,-0.942923,0.31379282,-0.11149114,-0.3134125,-0.9493764,-0.021380067
1356781037189,-0.07821658,0.050883442,0.99563694,-0.9539844,0.28616634,-0.08956933,-0.28947532,-0.9568279,0.026159108
1356781037230,-0.06506556,0.086319774,0.9941405,-0.96206105,0.25910306,-0.085463524,-0.26496205,-0.96198463,0.06618625
1356781037269,-0.07674539,0.11977017,0.9898309,-0.96720445,0.23214221,-0.10308042,-0.24212748,-0.9652798,0.098026395
1356781037309,-0.11305708,0.15023828,0.9821642,-0.9681438,0.20561713,-0.14289573,-0.22341818,-0.9670316,0.122205734
1356781037350,-0.16967231,0.1770199,0.9694716,-0.9627746,0.18026823,-0.2014162,-0.21041963,-0.9675574,0.1398437
1356781037389,-0.23941255,0.19966328,0.95016646,-0.94944096,0.15655309,-0.27212703,-0.2030853,-0.9672775,0.15208763
1356781037429,-0.31566274,0.2179133,0.92351,-0.9276202,0.13395959,-0.348677,-0.19969434,-0.96673083,0.15985471
1356781037470,-0.39400345,0.23138082,0.8895079,-0.89756966,0.111427546,-0.42655915,-0.19781327,-0.966461,0.16377753
1356781037509,-0.47203106,0.23992735,0.8483051,-0.8596019,0.088269055,-0.5032823,-0.19563031,-0.9667696,0.16457629
1356781037549,-0.5454159,0.24442142,0.8017354,-0.81555694,0.0659067,-0.57491136,-0.19336036,-0.96742666,0.16339308
1356781037589,-0.60797083,0.24751768,0.7543914,-0.77003086,0.04768902,-0.6362218,-0.1934523,-0.967709,0.1616028
1356781037630,-0.65469706,0.25276482,0.7123774,-0.7291666,0.037195742,-0.6833246,-0.19921777,-0.9668125,0.1599558
1356781037669,-0.68471014,0.26245004,0.67992055,-0.6971156,0.03630215,-0.71603906,-0.21260706,-0.9642625,0.15810162
1356781037709,-0.70123905,0.27605268,0.6573117,-0.6738452,0.044427216,-0.73753566,-0.23280123,-0.96011513,0.15486264
1356781037749,-0.70923436,0.29091057,0.64215076,-0.65649426,0.05940467,-0.7519882,-0.2569081,-0.9549042,0.14884931
1356781037789,-0.7126388,0.30419126,0.6321498,-0.642436,0.0790115,-0.7622552,-0.28181845,-0.94932854,0.13911688
1356781037829,-0.71367675,0.31385937,0.6262251,-0.6303997,0.10197538,-0.7695436,-0.30538797,-0.9439774,0.1250794
1356781037869,-0.7140872,0.31829655,0.62351155,-0.6193168,0.12801647,-0.77463436,-0.32638317,-0.9393077,0.10571152
1356781037909,-0.71599627,0.3160989,0.6224395,-0.60744727,0.15729487,-0.778631,-0.34403092,-0.935596,0.07939088
1356781037949,-0.72212374,0.30633283,0.6202398,-0.5922289,0.18958837,-0.7831482,-0.35749424,-0.9328539,0.044512928
1356781037995,-0.735871,0.28883463,0.6124283,-0.5700509,0.22385347,-0.79052615,-0.36542556,-0.9308406,-7.683039E-5
1356781038029,-0.75986856,0.26482144,0.59369135,-0.53709936,0.2587486,-0.80285335,-0.36622956,-0.9289342,-0.054379463
1356781038069,-0.7933297,0.2373151,0.56063306,-0.4914415,0.29389358,-0.8198243,-0.35932314,-0.92590934,-0.116528034
1356781038108,-0.84692955,0.22421688,0.48211744,-0.40305233,0.32065564,-0.85716325,-0.34678414,-0.9202754,-0.18120164
1356781038148,-0.8581632,0.18859465,0.47748092,-0.39028,0.3645751,-0.8454387,-0.3335229,-0.9118756,-0.2392602
1356781038188,-0.86377096,0.16229059,0.4770342,-0.38516062,0.39775282,-0.83273286,-0.32488638,-0.9030252,-0.28105944
1356781038228,-0.85552955,0.14169379,0.49798813,-0.4042065,0.41827327,-0.8134277,-0.32355282,-0.8972014,-0.30057162
1356781038268,-0.8283389,0.12288289,0.5465842,-0.45387286,0.4247359,-0.78332543,-0.32841122,-0.8969388,-0.29605204
1356781038308,-0.77621746,0.1037292,0.6218736,-0.53363645,0.41716856,-0.7356647,-0.33573604,-0.9028902,-0.26845986
1356781038348,-0.69001615,0.08367929,0.7189406,-0.63829875,0.3979631,-0.6589386,-0.34125137,-0.91357714,-0.2211886
1356781038388,-0.55919915,0.06313744,0.8266257,-0.75520146,0.37254137,-0.5393364,-0.34200457,-0.92586535,-0.16064334
1356781038428,-0.3813103,0.043457627,0.9234251,-0.860875,0.34733072,-0.37182733,-0.3368927,-0.93673515,-0.095029235
1356781038468,-0.17476764,0.02707997,0.9842373,-0.92916036,0.32618722,-0.17396241,-0.32575655,-0.94491726,-0.03184533
1356781038508,0.026506096,0.016248316,0.9995166,-0.95075595,0.30928275,0.020185292,-0.30880532,-0.95083135,0.023646057
1356781038548,0.19230968,0.012308627,0.9812571,-0.93834853,0.29500866,0.18019986,-0.28726134,-0.95541537,0.06828278
1356781038588,0.29757032,0.018553168,0.9545196,-0.9175668,0.28168932,0.28057513,-0.26367238,-0.95932627,0.10084614
1356781038628,0.28176156,0.051038533,0.95812595,-0.92874956,0.26522872,0.25899407,-0.24090382,-0.96283364,0.122133315
1356781038668,-0.31076956,0.2000328,0.92919815,-0.9245548,0.16317374,-0.34434378,-0.22050074,-0.9661062,0.13423187
1356781038715,-0.96744066,0.17425,-0.18356395,0.15406722,-0.16997176,-0.9733309,-0.20080358,-0.96992093,0.13759124
1356781038745,-0.9112678,0.11649236,-0.39499444,0.36826754,-0.19875836,-0.9082259,-0.18430978,-0.97310054,0.13822168
1356781038788,-0.8919703,0.093837515,-0.44224837,0.4188102,-0.19688404,-0.88647324,-0.17025611,-0.97592586,0.13631463
1356781038828,-0.8884111,0.08449721,-0.45120487,0.42976373,-0.1923505,-0.8822156,-0.16133425,-0.97768164,0.13457257
1356781038868,-0.8952032,0.087410346,-0.43700194,0.41551238,-0.19081181,-0.88934827,-0.16112338,-0.9777272,0.13449526
1356781038908,-0.90984994,0.10447201,-0.40157044,0.3776725,-0.19233918,-0.90574235,-0.17186242,-0.9757517,0.13554353
1356781038948,-0.9278923,0.13548093,-0.34736264,0.3191896,-0.19286597,-0.9278582,-0.19270152,-0.971827,0.13571477
1356781038998,-0.94278455,0.17491099,-0.283837,0.2510208,-0.1878941,-0.9495706,-0.21942165,-0.9664895,0.13323736
1356781039029,-0.95144117,0.21626598,-0.21906318,0.18269336,-0.17604876,-0.9672797,-0.24775548,-0.9603311,0.12798965
1356781039069,-0.9542204,0.25517353,-0.15604442,0.11800616,-0.15820968,-0.9803286,-0.27484167,-0.9538638,0.120854855
1356781039109,-0.95269996,0.29117778,-0.08705432,0.050128788,-0.13196373,-0.98998624,-0.29975,-0.94752365,0.11112541
1356781039149,-0.9458543,0.32455087,0.0051420033,-0.035851553,-0.08871317,-0.9954118,-0.32260558,-0.94169885,0.09554541
1356781039189,-0.9262896,0.34994882,0.13972527,-0.15527637,-0.01663071,-0.987731,-0.34333155,-0.93662107,0.06974375
1356781039229,-0.88370025,0.35177234,0.30875564,-0.29827127,0.08512527,-0.95067763,-0.36070496,-0.932207,0.029698431
1356781039269,-0.8371159,0.3228334,0.4416056,-0.40097997,0.18698639,-0.89680046,-0.37209138,-0.92780095,-0.027079523
1356781039309,-0.83226806,0.2876775,0.4738897,-0.40857586,0.25946206,-0.87506866,-0.374694,-0.9219116,-0.09840393
1356781039349,-0.8615993,0.26533931,0.43271425,-0.3490162,0.30929625,-0.88460356,-0.368557,-0.9131982,-0.17388177
1356781039389,-0.88512,0.24807401,0.3937281,-0.29681247,0.35069478,-0.88820916,-0.35841998,-0.9030351,-0.23677546
1356781039429,-0.88308245,0.2183227,0.41533202,-0.31221175,0.38736784,-0.8674503,-0.35027033,-0.8957016,-0.27391487
1356781039469,-0.8190669,0.14247213,0.5557258,-0.45729828,0.42278564,-0.7823878,-0.34642133,-0.89496034,-0.28113747
1356781039509,-0.3909712,-0.114301085,0.913278,-0.8533309,0.4168599,-0.3131361,-0.34491715,-0.9017556,-0.26051682
1356781039549,0.6475712,-0.3966574,0.6506262,-0.68089503,0.08211964,0.7277625,-0.34210163,-0.9142862,-0.21690375
1356781039589,0.8893281,-0.3669402,0.27285615,-0.3111378,-0.04830733,0.9491363,-0.33509532,-0.92898947,-0.15713003
1356781039629,0.93713695,-0.33153284,0.10890506,-0.13228256,-0.04871103,0.9900144,-0.3229174,-0.94218534,-0.08950493
1356781039669,0.95169365,-0.30664554,0.015738428,-0.021754324,-0.01621029,0.99963194,-0.30627754,-0.9516857,-0.022098092
1356781039709,0.9562314,-0.2885707,-0.048460573,0.057678282,0.02352053,0.998058,-0.2868705,-0.9571696,0.039135337
1356781039749,0.9565048,-0.27526504,-0.09657994,0.11751526,0.060566004,0.99122244,-0.26699942,-0.95945865,0.09027952
1356781039789,0.9547062,-0.26522195,-0.13488296,0.16372123,0.08971393,0.98241884,-0.24845815,-0.9600045,0.1290729
1356781039829,0.95114464,-0.25653544,-0.1717948,0.2046746,0.1073184,0.9729292,-0.23115405,-0.96055835,0.1545816
1356781039869,0.9435717,-0.24747229,-0.2200679,0.253179,0.11069015,0.9610661,-0.2134779,-0.96255136,0.16709888
1356781039909,0.92607427,-0.23769177,-0.2930686,0.32321003,0.09884527,0.94115084,-0.19473535,-0.9662983,0.16836241
1356781039949,0.8889452,-0.22842494,-0.39698672,0.42234692,0.07348293,0.9034508,-0.17719896,-0.97078437,0.16179687
1356781039999,0.821935,-0.22094683,-0.52498126,0.54502875,0.03739792,0.83758277,-0.1654281,-0.97456855,0.15116107
1356781040029,0.72068435,-0.21466997,-0.6591896,0.6736382,-0.0077972263,0.73902017,-0.16378525,-0.97665554,0.13899055
1356781040069,0.58130217,-0.20486057,-0.78747696,0.7949853,-0.06331396,0.6033157,-0.17345381,-0.9767413,0.12605655
1356781040109,0.3612921,-0.17701149,-0.91549706,0.9125043,-0.13488123,0.38619038,-0.19184348,-0.97492254,0.11279221
1356781040149,-0.97432286,0.20576046,-0.09142125,0.068070814,-0.11784464,-0.9906963,-0.2146196,-0.9714811,0.100812316
1356781040189,-0.208561,0.14325452,0.9674609,-0.94839334,0.21196902,-0.23583734,-0.23885646,-0.96671987,0.09165317
1356781040229,0.048798025,0.07365912,0.99608886,-0.9633282,0.2669176,0.027455002,-0.26385126,-0.9609003,0.083983004
1356781040269,0.19321966,0.016126662,0.98102295,-0.9373486,0.298465,0.17971125,-0.2899029,-0.9542843,0.072785616
1356781040309,0.25315386,-0.032664478,0.96687436,-0.91411936,0.31910032,0.2501215,-0.31669998,-0.94715786,0.050922275
1356781040349,0.2521626,-0.0797517,0.9643929,-0.9051578,0.3329893,0.2642112,-0.34220377,-0.93955195,0.011779606
1356781040389,0.21089785,-0.13086903,0.96870816,-0.9076023,0.3418091,0.24377164,-0.3630154,-0.93061256,-0.046690226
1356781040429,0.15901622,-0.18754837,0.9692984,-0.9126518,0.34652117,0.21677119,-0.3765375,-0.91910213,-0.11606389
1356781040469,0.13129787,-0.24504066,0.96058106,-0.91416764,0.34489954,0.21293643,-0.38348198,-0.90609026,-0.17872363
1356781040509,0.14778729,-0.29472092,0.944086,-0.9102423,0.33279908,0.24638122,-0.38680464,-0.89575905,-0.21908396
1356781040548,0.20447578,-0.32813948,0.9222333,-0.8986712,0.31055558,0.30975044,-0.3880461,-0.89212096,-0.23138845
1356781040588,0.28470182,-0.34015882,0.89623487,-0.877437,0.28405845,0.38654256,-0.38606894,-0.89643896,-0.21759593
1356781040628,0.37140152,-0.33022243,0.8677638,-0.8477754,0.26049164,0.461975,-0.3785997,-0.90724707,-0.18320745
1356781040668,0.45129797,-0.3017471,0.8398088,-0.8146421,0.24484345,0.5257471,-0.36426437,-0.92141217,-0.13531855
1356781040708,0.5151917,-0.2604377,0.8165474,-0.7850977,0.23876166,0.5715019,-0.34380087,-0.9355026,-0.08146104
1356781040748,0.55954325,-0.21179983,0.80128163,-0.7648301,0.24049744,0.59765863,-0.31929022,-0.94726014,-0.02742222
1356781040788,0.5817977,-0.15997672,0.79744524,-0.7585859,0.24690759,0.6029794,-0.29335803,-0.9557427,0.022294164
1356781040828,0.5796256,-0.107700825,0.80773425,-0.7695697,0.2535866,0.58605134,-0.26794875,-0.9612982,0.064101994
1356781040868,0.54985,-0.05634725,0.8333607,-0.7990169,0.2552418,0.544448,-0.24338663,-0.96523404,0.09532228
1356781040908,0.48809034,-0.006722778,0.8727672,-0.84489965,0.24714474,0.47440922,-0.2188892,-0.9689553,0.11494887
1356781040948,0.3891547,0.039646477,0.9203188,-0.9003236,0.2277238,0.37088957,-0.19487399,-0.9729183,0.12431449
1356781040998,0.25253868,0.08011335,0.9642645,-0.951662,0.20062608,0.23256963,-0.17482468,-0.9763867,0.1269067
1356781041029,0.09491509,0.111718625,0.98919666,-0.9818829,0.1742124,0.07453802,-0.16400301,-0.97835016,0.12623
1356781041069,-0.052369654,0.13452533,0.9895253,-0.98462534,0.15839648,-0.07364422,-0.16664433,-0.9781684,0.1241619
1356781041109,-0.1642093,0.15123859,0.97476256,-0.969334,0.15841436,-0.18787348,-0.1828301,-0.9757211,0.12058765
1356781041149,-0.23610318,0.16394538,0.9577981,-0.9491679,0.17224813,-0.2634593,-0.20817187,-0.9713148,0.114943385
1356781041189,-0.27462453,0.17284936,0.94588816,-0.93192714,0.19445199,-0.30610484,-0.23683986,-0.96556276,0.10768175
1356781041229,-0.28791338,0.17694664,0.94116724,-0.9203167,0.22063166,-0.32301536,-0.2648078,-0.95917237,0.09932411
1356781041268,-0.28453362,0.17398718,0.94274557,-0.913599,0.24875838,-0.32164606,-0.29047814,-0.9528104,0.0881744
1356781041308,-0.27419263,0.16045722,0.9481939,-0.9091623,0.27810705,-0.30996817,-0.313436,-0.94705325,0.06962687
1356781041348,-0.26648837,0.1324535,0.9546937,-0.90441984,0.30803645,-0.29519194,-0.33317968,-0.94210917,0.03770548
1356781041388,-0.26882812,0.087388724,0.95921564,-0.8978512,0.33780226,-0.2824055,-0.34870425,-0.93715143,-0.0123487115
1356781041428,-0.28089336,0.02691859,0.95936143,-0.8901097,0.36649385,-0.2709004,-0.35889232,-0.93003106,-0.078985155
1356781041468,-0.2917137,-0.040502876,0.95564777,-0.8845223,0.3916726,-0.2534024,-0.36403757,-0.91921276,-0.15008199
1356781041508,-0.28606528,-0.10273555,0.9526867,-0.8852916,0.4087621,-0.22174841,-0.36664075,-0.90684,-0.20788354
1356781041548,-0.25466833,-0.15051606,0.9552428,-0.89378023,0.41376057,-0.17308679,-0.36918944,-0.89785695,-0.2399
1356781041588,-0.19699174,-0.17929438,0.96387124,-0.9072312,0.40602452,-0.10988927,-0.3716528,-0.89610136,-0.2426449
1356781041628,-0.118068784,-0.18746796,0.975149,-0.92076373,0.3883793,-0.036819786,-0.37182516,-0.9022291,-0.2184692
1356781041668,-0.026802972,-0.17548004,0.984118,-0.9297991,0.36589628,0.03992006,-0.36709023,-0.913962,-0.17296827
1356781041708,0.064202294,-0.14667135,0.98709965,-0.932363,0.34382498,0.111730486,-0.35577717,-0.9275085,-0.114676595
1356781041755,0.15443538,-0.10022181,0.9829066,-0.9300851,0.32086354,0.17885283,-0.3333038,-0.941808,-0.04366213
1356781041785,0.20486712,-0.049927145,0.9775156,-0.9284189,0.30634028,0.21022397,-0.3099483,-0.9506119,0.016405761
1356781041828,0.23861891,-0.0034161508,0.9711073,-0.92875123,0.29132783,0.22923607,-0.28369373,-0.9566172,0.066343576
1356781041868,0.24125257,0.040292084,0.9696256,-0.93552685,0.27532473,0.22132751,-0.25804412,-0.96050656,0.104117155
1356781041908,0.21415159,0.078437895,0.97364604,-0.9481957,0.25614765,0.18791837,-0.23465726,-0.96345,0.12922889
1356781041948,0.1588234,0.10962266,0.9812023,-0.9640501,0.23165539,0.13016582,-0.21303171,-0.9666016,0.14247403
1356781041999,0.079635054,0.13282579,0.98793507,-0.9780527,0.20184144,0.051701307,-0.192539,-0.9703697,0.14598423
1356781042029,-0.015222192,0.14831635,0.9888228,-0.9844533,0.1708464,-0.040780634,-0.17498529,-0.97407067,0.14340991
1356781042069,-0.11291343,0.15817359,0.980934,-0.9799292,0.14550555,-0.13626027,-0.16428408,-0.9766315,0.13856941
1356781042109,-0.19999838,0.16589406,0.96564984,-0.965912,0.13194579,-0.22272035,-0.16436136,-0.97727644,0.13385016
1356781042149,-0.26750815,0.17432266,0.94765556,-0.94723266,0.13268465,-0.2917963,-0.17660606,-0.9757081,0.12962991
1356781042189,-0.31304586,0.18384519,0.93177414,-0.92875063,0.14585102,-0.34080747,-0.19855592,-0.9720743,0.12508833
1356781042229,-0.33794653,0.19290999,0.9211829,-0.91375244,0.16725463,-0.37024635,-0.22549629,-0.96685654,0.11974889
1356781042269,-0.34415185,0.19929084,0.9175198,-0.90414524,0.19312435,-0.38108298,-0.25314176,-0.9607216,0.113723814
1356781042309,-0.33458585,0.19995469,0.9209074,-0.90001386,0.22186494,-0.3751679,-0.27933362,-0.9543553,0.10572916
1356781042349,-0.31443298,0.19062838,0.92994237,-0.89941585,0.25349796,-0.3560757,-0.30361664,-0.9483668,0.09174609
1356781042389,-0.29111564,0.16657224,0.9420751,-0.89946127,0.2878124,-0.32883662,-0.325916,-0.9430894,0.06603855
1356781042429,-0.2734644,0.12403372,0.9538516,-0.89780927,0.32295862,-0.29939312,-0.34518945,-0.9382501,0.02304089
1356781042469,-0.26828912,0.062506825,0.96130836,-0.89396214,0.35568157,-0.27262098,-0.35896036,-0.9325146,-0.039546788
1356781042509,-0.2735325,-0.0121049285,0.9617866,-0.8898104,0.38290048,-0.24824327,-0.3652636,-0.9237103,-0.11550689
1356781042549,-0.27381882,-0.087368876,0.9578048,-0.88941956,0.4019731,-0.21760166,-0.36600018,-0.91147375,-0.18777543
1356781042589,-0.25046185,-0.15121925,0.9562435,-0.8961482,0.40994468,-0.16989338,-0.36631575,-0.89948773,-0.23819035
1356781042629,-0.1935657,-0.19777018,0.96094704,-0.9088709,0.40497902,-0.09972811,-0.36944017,-0.89268076,-0.25813758
1356781042670,-0.104155466,-0.22533458,0.968698,-0.9216674,0.38787943,-0.008871764,-0.37373897,-0.8937415,-0.24808335
1356781042709,0.010007754,-0.23347372,0.9723116,-0.9272266,0.36187112,0.09643704,-0.37436703,-0.90251833,-0.21286154
1356781042749,0.13707346,-0.22305599,0.9651201,-0.9201181,0.33218235,0.20745498,-0.3668699,-0.91646105,-0.15970445
1356781042789,0.2635057,-0.19736418,0.94425213,-0.89881897,0.30518973,0.31461662,-0.35027012,-0.93161505,-0.096975446
1356781042829,0.37696898,-0.16202518,0.91194415,-0.8664018,0.28642654,0.4090326,-0.32747862,-0.9443028,-0.03240502
1356781042868,0.46890506,-0.123307735,0.874599,-0.82973015,0.27795002,0.4840368,-0.3027803,-0.9526484,0.028020024
1356781042908,0.53519046,-0.08594093,0.84034836,-0.7973381,0.27713695,0.5361409,-0.278968,-0.9569793,0.07979709
1356781042948,0.5750831,-0.05182457,0.8164519,-0.77696043,0.2778759,0.5649048,-0.25614825,-0.959218,0.1195361
1356781042998,0.5881492,-0.020228624,0.80849946,-0.77444893,0.27397522,0.57023364,-0.23304388,-0.96152395,0.14547226
1356781043029,0.5710045,0.010799825,0.8208759,-0.79381335,0.26221353,0.54872984,-0.20931861,-0.9649494,0.15829816
1356781043069,0.50766593,0.044680834,0.86039466,-0.84081155,0.24350981,0.48346555,-0.18791288,-0.96886873,0.1611898
1356781043109,0.35902798,0.08666885,0.929294,-0.916921,0.21861893,0.33385858,-0.17422614,-0.97195375,0.1579588
1356781043149,0.07697141,0.13962615,0.9872081,-0.98185396,0.1827327,0.05070907,-0.17331484,-0.9731974,0.15115774
1356781043189,-0.26558733,0.18848738,0.9454819,-0.9459199,0.13854098,-0.29332927,-0.18627691,-0.97225463,0.14149916
1356781043229,-0.49868554,0.21940783,0.8385541,-0.8411882,0.11085576,-0.5292574,-0.20908183,-0.9693148,0.12928116
1356781043269,-0.60758495,0.23908749,0.7574152,-0.75852895,0.10811859,-0.6426074,-0.23553008,-0.9649599,0.11566347
1356781043309,-0.64526993,0.25180733,0.72126263,-0.717911,0.12294161,-0.68519276,-0.2612098,-0.9599367,0.10144466
1356781043349,-0.64479774,0.2560584,0.7201875,-0.7094442,0.15017974,-0.6885746,-0.28447288,-0.95492417,0.08482355
1356781043389,-0.6262151,0.2484955,0.738989,-0.7174974,0.18717235,-0.6709426,-0.30504453,-0.95037705,0.061084688
1356781043432,-0.60908103,0.22720666,0.7598667,-0.7245299,0.23031735,-0.6496232,-0.3226092,-0.9462194,0.0243361
1356781043469,-0.6118282,0.19446585,0.76671326,-0.7160157,0.27575225,-0.64131284,-0.33613634,-0.941352,-0.02947241
1356781043509,-0.6356704,0.15591285,0.7560517,-0.6907712,0.32232934,-0.6472548,-0.34461302,-0.9336996,-0.09719509
1356781043549,-0.65744853,0.116223335,0.7444821,-0.6676391,0.36818683,-0.6470676,-0.34931284,-0.92245895,-0.16446865
1356781043606,-0.65141433,0.0764204,0.75486374,-0.67113936,0.40600592,-0.62026685,-0.3538802,-0.9106695,-0.21318936
1356781043628,-0.6027603,0.035273284,0.79714227,-0.71173966,0.42784306,-0.55711496,-0.360703,-0.9031645,-0.23278141
1356781043665,-0.50662136,-0.006389737,0.862145,-0.77954334,0.43056494,-0.4548912,-0.36830276,-0.902537,-0.22311443
1356781043695,-0.3926895,-0.039856136,0.91880715,-0.8404093,0.42130056,-0.34090775,-0.3735067,-0.9060449,-0.1989358
1356781043725,-0.25438678,-0.06706801,0.96477413,-0.8917469,0.40233207,-0.20716253,-0.37426555,-0.91303384,-0.16215563
1356781043757,-0.096744806,-0.0856207,0.9916197,-0.9244173,0.3770022,-0.05763638,-0.36890796,-0.9222464,-0.11562228
1356781043795,0.10548851,-0.09855789,0.98952436,-0.9295071,0.34385666,0.13333893,-0.35339615,-0.9338356,-0.05533731
1356781043838,0.29953182,-0.09623584,0.94922036,-0.8950442,0.3162099,0.31449482,-0.33041853,-0.94379544,0.008579612
1356781043878,0.45459485,-0.08380443,0.886747,-0.8369931,0.3002777,0.45746678,-0.30460808,-0.9501632,0.06636095
1356781043918,0.5630987,-0.067517966,0.8236269,-0.77799106,0.29275888,0.5558977,-0.2786572,-0.9537996,0.11232376
1356781043958,0.6143937,-0.044465393,0.7877457,-0.7471962,0.28788203,0.5990174,-0.25341335,-0.9566331,0.14364854
1356781044002,0.3100925,0.08429238,0.94696224,-0.92272997,0.26654327,0.27843148,-0.22893679,-0.9601299,0.16043216
1356781044039,-0.8478577,0.09234993,-0.5221195,0.48821187,-0.24818134,-0.836693,-0.20684886,-0.9643015,0.16533613
1356781044079,-0.8369417,0.074126795,-0.5422487,0.5129315,-0.23929143,-0.8244033,-0.19086584,-0.968114,0.162251
1356781044119,-0.8516611,0.08003494,-0.5179457,0.49017623,-0.22810292,-0.84124684,-0.18547405,-0.9703419,0.15503514
1356781044159,-0.8704971,0.100620136,-0.48177832,0.452824,-0.21979022,-0.8640849,-0.19283451,-0.97034425,0.14576352
1356781044199,-0.88706774,0.13145527,-0.44252703,0.4107075,-0.21296543,-0.8865467,-0.21078423,-0.9681762,0.13492525
1356781044239,-0.8977363,0.16590706,-0.40809846,0.37317756,-0.20590067,-0.9046233,-0.23411113,-0.96440643,0.12293172
1356781044279,-0.9016774,0.1977168,-0.38455933,0.34730974,-0.19864506,-0.9164694,-0.2575922,-0.95992094,0.110444784
1356781044319,-0.9001404,0.22416064,-0.3734959,0.33525077,-0.19095612,-0.9225739,-0.2781261,-0.95566094,0.096737266
1356781044358,-0.8952082,0.24678956,-0.37107596,0.33409846,-0.17939258,-0.92530894,-0.29492483,-0.95232,0.07814163
1356781044398,-0.89034325,0.27055737,-0.36617985,0.33486304,-0.15578198,-0.92930007,-0.3084732,-0.95001614,0.048099697
1356781044438,-0.89083695,0.29997963,-0.3412063,0.32338434,-0.108831644,-0.93998843,-0.3191114,-0.94771725,-5.7458878E-5
1356781044478,-0.8995751,0.33203995,-0.28375018,0.2895599,-0.032984257,-0.95659137,-0.32698584,-0.94268847,-0.0664736
1356781044518,-0.912933,0.35640055,-0.19882637,0.23485875,0.060377,-0.97015256,-0.33375835,-0.9323804,-0.13882399
1356781044558,-0.9259306,0.36577988,-0.094115354,0.15877713,0.15087348,-0.9757188,-0.34269875,-0.91839117,-0.1977759
1356781044598,-0.9333523,0.35696578,0.03780037,0.04793842,0.22831535,-0.97240627,-0.35574618,-0.90578556,-0.23021096
1356781044638,-0.9203961,0.32373255,0.21924466,-0.12172191,0.29563105,-0.9475157,-0.37155724,-0.89877665,-0.23269236
1356781044678,-0.8364596,0.24640642,0.48950905,-0.38905102,0.36209524,-0.84706926,-0.3859722,-0.89898324,-0.20701331
1356781044736,-0.5044189,0.067834556,0.8607903,-0.7687829,0.41858196,-0.4834894,-0.39310855,-0.90564215,-0.15899056
1356781044758,0.27969992,-0.21798643,0.9350133,-0.8781446,0.33560234,0.3409297,-0.38811073,-0.91643494,-0.0975557
1356781044798,0.8120653,-0.34002984,0.4742675,-0.4511996,0.14956686,0.8798003,-0.37009308,-0.9284446,-0.031963274
1356781044835,0.9387333,-0.34096503,0.05022636,-0.03689067,0.045487523,0.9982835,-0.34266442,-0.93897486,0.03012222
1356781044878,0.90567636,-0.32140577,-0.27649346,0.28873438,-0.009966008,0.95735735,-0.3104557,-0.9468891,0.083774924
1356781044918,0.77484643,-0.2991101,-0.55690765,0.567947,-0.057443425,0.82105815,-0.27757752,-0.95248795,0.12536886
1356781044958,0.5376506,-0.26619166,-0.8000462,0.8065935,-0.11405462,0.57999885,-0.2456398,-0.9571487,0.15338689
1356781045000,0.20902973,-0.21351665,-0.954315,0.9539663,-0.17009926,0.24701107,-0.21506923,-0.96201706,0.1681319
1356781045037,-0.10941082,-0.1552921,-0.981791,0.975699,-0.20542377,-0.076239616,-0.18984377,-0.966274,0.17399395
1356781045078,-0.34170783,-0.10597202,-0.9338125,0.9235424,-0.22191656,-0.3127659,-0.17408398,-0.96928996,0.1737003
1356781045118,-0.51066214,-0.05917573,-0.85774255,0.84231764,-0.23448479,-0.48530173,-0.17240953,-0.970317,0.16958731
1356781045158,-0.6393498,-0.0060990453,-0.7688918,0.7461104,-0.24665546,-0.61845005,-0.18587944,-0.969084,0.16224968
1356781045198,-0.7368161,0.055025637,-0.6738502,0.6423203,-0.25409883,-0.72308946,-0.21101305,-0.9656117,0.15188015
1356781045238,-0.80483097,0.11807689,-0.5816398,0.54192924,-0.25337625,-0.8013196,-0.24199106,-0.9601345,0.13993579
1356781045278,-0.8483489,0.17660601,-0.49911362,0.45317,-0.24522871,-0.8570296,-0.27375358,-0.95324343,0.12800694
1356781045318,-0.87588155,0.22944027,-0.42448637,0.37518317,-0.2293663,-0.8981251,-0.30342892,-0.94591135,0.11481559
1356781045358,-0.8949182,0.27922866,-0.34806994,0.30034503,-0.19997013,-0.9326332,-0.33002153,-0.9391716,0.09509194
1356781045398,-0.908963,0.32704368,-0.25851226,0.22130552,-0.14696658,-0.9640667,-0.3532846,-0.9335112,0.061210692
1356781045438,-0.9172264,0.36721903,-0.15442196,0.14074463,-0.06391621,-0.98798066,-0.37267533,-0.9279359,0.0069414973
1356781045478,-0.9191733,0.39047188,-0.051499486,0.07315405,0.0407781,-0.9964866,-0.38699996,-0.9197113,-0.066046715
1356781045518,-0.91794956,0.39515588,0.03493312,0.025345773,0.14630193,-0.98891515,-0.39588645,-0.9068889,-0.14431328
1356781045558,-0.91600704,0.38717568,0.10500547,-0.012833893,0.23333621,-0.97231144,-0.4009569,-0.8919917,-0.2087686
1356781045598,-0.9132243,0.37273967,0.16457993,-0.05312462,0.29154986,-0.9550793,-0.40397918,-0.88094485,-0.24644876
1356781045638,-0.90932983,0.35652697,0.21449433,-0.09798668,0.31751794,-0.94317603,-0.40437347,-0.8786757,-0.2537936
1356781045678,-0.9058562,0.34268185,0.24898548,-0.14099658,0.31034833,-0.9401085,-0.39943033,-0.88670915,-0.23281395
1356781045718,-0.9067451,0.33448434,0.25677532,-0.16861103,0.2705407,-0.94782805,-0.38650185,-0.90273356,-0.1889137
1356781045758,-0.9168896,0.33197924,0.22159235,-0.1610195,0.20034498,-0.9664029,-0.3652206,-0.92176545,-0.13023913
1356781045798,-0.93594337,0.32824814,0.12752712,-0.09811528,0.10472798,-0.9896491,-0.33820617,-0.93876785,-0.0658133
1356781045838,-0.9506163,0.30968434,-0.020599052,0.020543471,-0.0034410357,-0.99978304,-0.30968803,-0.9508332,-0.0030908585
1356781045878,-0.94632554,0.27034158,-0.1771536,0.15540467,-0.10001671,-0.9827747,-0.28340316,-0.95755523,0.052636027
1356781045918,-0.9305122,0.22342084,-0.29022437,0.25690788,-0.16662347,-0.9519637,-0.2610467,-0.9603748,0.097646594
1356781045958,-0.91834164,0.18350098,-0.3506794,0.31339648,-0.20399594,-0.9274526,-0.24172562,-0.96162003,0.1298294
1356781045998,-0.91321856,0.15306188,-0.37762934,0.34097666,-0.22033113,-0.91388685,-0.22308473,-0.9633412,0.14901996
1356781046038,-0.9132855,0.13097101,-0.38568938,0.35177866,-0.2237181,-0.9089566,-0.20533264,-0.96581405,0.15824562
1356781046078,-0.9165591,0.11765064,-0.38220134,0.35117304,-0.22041184,-0.9099979,-0.19130352,-0.9682856,0.16070467
1356781046118,-0.9227175,0.116839096,-0.36734343,0.33760464,-0.21500623,-0.9164036,-0.18605287,-0.96959835,0.15894455
1356781046158,-0.9304672,0.13086559,-0.3422059,0.31150955,-0.2090751,-0.92695695,-0.19285354,-0.9691035,0.1537717
1356781046198,-0.93731123,0.15726334,-0.3109917,0.27789116,-0.2012195,-0.93930143,-0.21029526,-0.9668396,0.14490318
1356781046238,-0.9412448,0.18906997,-0.27984107,0.2444651,-0.19026631,-0.9508079,-0.23301351,-0.96335423,0.13286602
1356781046278,-0.9422623,0.22047754,-0.25205442,0.2155777,-0.17660797,-0.9603832,-0.25625774,-0.9592701,0.11888099
1356781046318,-0.94142365,0.24992257,-0.2264072,0.19053996,-0.1597246,-0.96859825,-0.27823737,-0.9550009,0.102748275
1356781046358,-0.93961406,0.27926832,-0.19782503,0.16549131,-0.1352008,-0.9768999,-0.2995633,-0.9506472,0.080820024
1356781046398,-0.9370763,0.3104319,-0.15975069,0.13654627,-0.095244765,-0.9860444,-0.32131505,-0.9458121,0.046863258
1356781046438,-0.93355674,0.341961,-0.10739906,0.1024968,-0.032430768,-0.9942045,-0.34346223,-0.9391544,-0.004774034
1356781046478,-0.9289659,0.36780527,-0.04173106,0.06601992,0.05369848,-0.99637234,-0.3642301,-0.92835104,-0.07416648
1356781046518,-0.92409277,0.38099867,0.029874891,0.030736282,0.15201259,-0.9879005,-0.38093016,-0.9119935,-0.15218425
1356781046558,-0.91993964,0.37929377,0.0992336,-0.004257053,0.24342966,-0.9699092,-0.3920369,-0.8926804,-0.22232592
1356781046598,-0.9163657,0.36585727,0.16254966,-0.044247836,0.31098205,-0.9493852,-0.3978895,-0.87717646,-0.26878488
1356781046638,-0.9123047,0.34588298,0.2192378,-0.09301838,0.3463428,-0.93348503,-0.398808,-0.87201583,-0.28379673
1356781046678,-0.907055,0.3242706,0.26851377,-0.1492121,0.34877938,-0.9252506,-0.39368364,-0.8793188,-0.26797694
1356781046718,-0.90113074,0.30506176,0.30805957,-0.20689344,0.32184225,-0.9239116,-0.3809967,-0.8963007,-0.22690666
1356781046758,-0.8964276,0.2912689,0.33403584,-0.2572297,0.2718252,-0.92733157,-0.36090216,-0.9172096,-0.16874856
1356781046798,-0.8961353,0.2844882,0.34059972,-0.28974158,0.20627022,-0.9346136,-0.33614212,-0.936226,-0.102418005
1356781046838,-0.90504634,0.28405035,0.31655404,-0.29028898,0.13141322,-0.9478728,-0.31084302,-0.949761,-0.0364784
1356781046878,-0.92847186,0.28481966,0.2383649,-0.23450768,0.048101604,-0.9709234,-0.28800383,-0.9573735,0.022131443
1356781046918,-0.95884997,0.27276143,0.07879127,-0.09454557,-0.045084,-0.99449915,-0.2677088,-0.9610248,0.06901711
1356781046958,-0.9636319,0.23434271,-0.12844111,0.099756256,-0.1304462,-0.98642415,-0.24791594,-0.9633625,0.1023249
1356781046998,-0.93965226,0.1840342,-0.28841847,0.25622398,-0.18011045,-0.9496892,-0.22672248,-0.9662773,0.12208718
1356781047038,-0.91931725,0.14614588,-0.3653727,0.33509797,-0.1960491,-0.92156076,-0.20631328,-0.9696423,0.13125813
1356781047078,-0.9124855,0.12503314,-0.38953438,0.36228058,-0.19538867,-0.91135955,-0.19006076,-0.972723,0.13299227
1356781047118,-0.9156456,0.11922378,-0.38389945,0.35860944,-0.18925631,-0.91410136,-0.181638,-0.9746629,0.13053691
1356781047158,-0.9232179,0.12549102,-0.36320895,0.33838624,-0.18243194,-0.92315406,-0.18210846,-0.9751772,0.12595999
1356781047198,-0.9306548,0.13887352,-0.33851984,0.31319484,-0.17600739,-0.93323654,-0.18918386,-0.97454375,0.12030774
1356781047238,-0.93559796,0.15400752,-0.31770745,0.2914926,-0.17081034,-0.9411991,-0.1992195,-0.97319347,0.114917815
1356781047278,-0.9380772,0.1681092,-0.30290347,0.27552497,-0.16796428,-0.94650626,-0.20999336,-0.9713534,0.111245096
1356781047318,-0.9399562,0.182804,-0.2882102,0.2594527,-0.16590768,-0.95139843,-0.22173572,-0.96904975,0.10851687
1356781047358,-0.94452006,0.20325576,-0.25800982,0.22845621,-0.15783978,-0.960674,-0.23598671,-0.96631974,0.10264772
1356781047398,-0.9548568,0.23515612,-0.18152171,0.15417251,-0.13003576,-0.9794497,-0.2539279,-0.9632198,0.08791083
1356781047438,-0.9614415,0.27492422,-0.00684838,-0.009652898,-0.058623314,-0.9982335,-0.27484,-0.95967704,0.059016705
1356781047478,-0.91261274,0.28644174,0.2917004,-0.2824126,0.07420164,-0.956419,-0.29560295,-0.95522,0.013177395
1356781047518,-0.7741969,0.2261022,0.5911826,-0.550558,0.2202279,-0.8052239,-0.31225777,-0.94888216,-0.04601741
1356781047558,-0.61121076,0.121227264,0.7821287,-0.7225345,0.3178931,-0.613912,-0.32305622,-0.9403446,-0.106708765
1356781047598,-0.4328875,0.0037296414,0.90144026,-0.83925503,0.36332887,-0.4045283,-0.329028,-0.9316535,-0.15415037
1356781047638,-0.19851795,-0.11697015,0.9730923,-0.92225814,0.35831967,-0.14507574,-0.33170855,-0.9262424,-0.1790095
1356781047678,0.10096873,-0.22330421,0.9695053,-0.9380807,0.30321103,0.167534,-0.33137575,-0.92638993,-0.17886251
1356781047718,0.4057495,-0.28795564,0.8674381,-0.85332525,0.22063965,0.4723919,-0.32741913,-0.9318797,-0.1561954
