1356781482373,0.4946128,-0.016277492,0.868961,-0.8669815,0.06074609,0.49462405,-0.06083718,-0.9980205,0.015933543
1356781482375,0.23013774,-0.029562145,-0.97270894,0.9712548,-0.055504173,0.23148057,-0.0608325,-0.99802065,0.015938789
1356781482405,0.23012003,-0.02956742,-0.972713,0.9712606,-0.055478424,0.23146278,-0.0608083,-0.998022,0.015950948
1356781482447,0.22989297,-0.029476762,-0.97276944,0.9713218,-0.055381656,0.23122904,-0.06068939,-0.99803007,0.01589951
1356781482488,0.22869721,-0.028977036,-0.9730662,0.9716233,-0.055202276,0.23000193,-0.06038019,-0.9980546,0.015530139
1356781482528,0.22543907,-0.027560085,-0.9738674,0.97242093,-0.05497998,0.22666016,-0.059789926,-0.9981071,0.01440531
1356781482608,0.20914972,-0.020540774,-0.9776678,0.9761851,-0.054514945,0.20997787,-0.05761063,-0.9983016,0.008649886
1356781482648,0.19546422,-0.014387131,-0.98060536,0.97913146,-0.05386153,0.19596067,-0.055636197,-0.9984448,0.0035588741
1356781482688,0.18159422,-0.00908342,-0.98333156,0.98190844,-0.052889377,0.18181998,-0.05365932,-0.99855906,-6.853342E-4
1356781482727,0.16915041,-0.005438775,-0.98557526,0.98423696,-0.051451743,0.16920465,-0.05162984,-0.9986606,-0.0033500195
1356781482768,0.15980741,-0.00425303,-0.9871391,0.98590547,-0.049475282,0.15982088,-0.049518615,-0.9987663,-0.0037134588
1356781482808,0.15418121,-0.0056967735,-0.98802614,0.9869051,-0.04708168,0.15427777,-0.04739678,-0.9988748,-0.0016369522
1356781482848,0.15175283,-0.009094268,-0.9883766,0.98737395,-0.044563413,0.15200883,-0.04542795,-0.9989651,0.0022169352
1356781482888,0.15113515,-0.013182461,-0.9884252,0.98754233,-0.04229009,0.15156406,-0.043798625,-0.9990184,0.006626755
1356781482928,0.15091848,-0.016809434,-0.9884033,0.98762715,-0.040540338,0.15148944,-0.042616636,-0.9990365,0.010483146
1356781482969,0.15029529,-0.01942417,-0.9884503,0.9877533,-0.03941247,0.15096384,-0.041889638,-0.9990342,0.0132627785
1356781483007,0.14902353,-0.02098611,-0.9886109,0.9879614,-0.0388242,0.14974979,-0.04152471,-0.9990257,0.014947772
1356781483048,0.14695916,-0.021468192,-0.9889094,0.9882754,-0.038665682,0.14770421,-0.041407883,-0.9990214,0.015534282
1356781483088,0.14403611,-0.020896614,-0.98935175,0.98870724,-0.038758636,0.1447609,-0.041370958,-0.99903005,0.015078008
1356781483127,0.14049476,-0.019462883,-0.9898901,0.9892215,-0.038901806,0.14116475,-0.04125592,-0.9990535,0.013787568
1356781483168,0.1367996,-0.017475814,-0.99044454,0.9897505,-0.038954586,0.13739106,-0.04098344,-0.99908805,0.011967808
1356781483208,0.13345805,-0.015229642,-0.99093735,0.99022347,-0.03888789,0.13395956,-0.040575594,-0.9991275,0.009890854
1356781483248,0.1309427,-0.013011783,-0.9913046,0.9905782,-0.03873819,0.1313552,-0.04011053,-0.9991647,0.007816732
1356781483288,0.12950912,-0.011050135,-0.99151665,0.990785,-0.038547784,0.12984315,-0.039655507,-0.9991957,0.005955994
1356781483328,0.12909141,-0.009457707,-0.99158764,0.9908552,-0.03835866,0.12936199,-0.039259464,-0.9992193,0.004419476
1356781483387,0.12934121,-0.008193433,-0.9915663,0.99083436,-0.03822282,0.12956154,-0.038962036,-0.99923563,0.0031745434
1356781483407,0.12992102,-0.007116914,-0.9914988,0.9907658,-0.03817612,0.130099,-0.03877747,-0.9992457,0.0020912886
1356781483445,0.13098618,-0.006202519,-0.9913647,0.99062735,-0.03824702,0.13112801,-0.038730115,-0.99924904,0.001134634
1356781483475,0.13320029,-0.0055673122,-0.99107355,0.99032813,-0.038432896,0.13331601,-0.03883201,-0.99924564,3.941357E-4
1356781483515,0.13662052,-0.0053340793,-0.99060905,0.9898429,-0.038953364,0.13672462,-0.039316863,-0.9992268,-4.1902065E-5
1356781483559,0.14311793,-0.0054158866,-0.9896908,0.9888903,-0.03979805,0.14321989,-0.040163428,-0.999193,-3.400445E-4
1356781483598,0.15245101,-0.005437374,-0.98829603,0.9874455,-0.041004628,0.15254539,-0.04135415,-0.99914414,-8.8208914E-4
1356781483638,0.16385129,-0.00495106,-0.9864726,0.98554546,-0.042814106,0.16391215,-0.043046445,-0.99907076,-0.0021356642
1356781483678,0.17598653,-0.0034078062,-0.9843867,0.98334515,-0.045508444,0.17595783,-0.04539755,-0.9989581,-0.004657805
1356781483718,0.18707666,-6.696582E-5,-0.98234534,0.98115957,-0.049106807,0.18685412,-0.048252374,-0.9987935,-0.009121031
1356781483758,0.19547462,0.005821526,-0.9806915,0.9793721,-0.053351223,0.19489494,-0.051186502,-0.9985589,-0.016130269
1356781483798,0.20029694,0.014652163,-0.9796257,0.9782579,-0.057880223,0.19915155,-0.05378297,-0.99821603,-0.025926828
1356781483838,0.20135352,0.026536673,-0.9791591,0.9779328,-0.062304646,0.19941285,-0.0557144,-0.9977044,-0.038496345
1356781483878,0.1989558,0.041481942,-0.97913015,0.9783765,-0.06604025,0.19600478,-0.05653134,-0.9969543,-0.05372405
1356781483918,0.19363484,0.059458077,-0.97927034,0.9794968,-0.068288654,0.18953338,-0.055603713,-0.9958924,-0.071462125
1356781483958,0.185978,0.08033809,-0.9792639,0.9811554,-0.06834078,0.18073049,-0.052404135,-0.9944221,-0.09153399
1356781483998,0.17693418,0.10351646,-0.9787638,0.98310196,-0.0660311,0.17073476,-0.04695502,-0.9924334,-0.11345035
1356781484038,0.16763303,0.12790939,-0.9775164,0.9850396,-0.061912924,0.1608217,-0.03995028,-0.9898515,-0.13637447
1356781484078,0.15945533,0.15193388,-0.97544354,0.98666644,-0.057165295,0.15238595,-0.032608926,-0.9867362,-0.15902334
1356781484118,0.15398476,0.1736319,-0.9726976,0.9877181,-0.05344054,0.1468232,-0.026488304,-0.9833596,-0.17972842
1356781484158,0.15269464,0.19108543,-0.96962404,0.9879991,-0.0526309,0.14521626,-0.023283452,-0.9801614,-0.19682866
1356781484198,0.15628359,0.20303363,-0.96661925,0.98740965,-0.05633691,0.14781171,-0.024445593,-0.97754973,-0.20928189
1356781484238,0.16477549,0.20885903,-0.96396416,0.9858522,-0.06532782,0.15436253,-0.030733645,-0.9757613,-0.21666855
1356781484278,0.17803693,0.20807543,-0.96177316,0.9831251,-0.079376936,0.16481662,-0.042048246,-0.97488666,-0.21869624
1356781484318,0.1959306,0.20020446,-0.9599632,0.97892904,-0.09735876,0.17949703,-0.05752468,-0.9749049,-0.21506158
1356781484374,0.22187501,0.18133873,-0.9580647,0.9718699,-0.120729566,0.20222095,-0.07899621,-0.97598195,-0.2030246
1356781484409,0.24578553,0.15965113,-0.9560863,0.96421874,-0.14136869,0.2242699,-0.09935573,-0.9769987,-0.18868503
1356781484449,0.2666023,0.1370691,-0.9540101,0.956658,-0.15796748,0.24464598,-0.11716917,-0.97788465,-0.17324278
1356781484488,0.28256428,0.1153121,-0.95229226,0.9502833,-0.1690591,0.26149708,-0.13083988,-0.9788372,-0.15734926
1356781484528,0.29372752,0.09445298,-0.9512112,0.94571817,-0.17349344,0.2748038,-0.13907292,-0.9802952,-0.14028564
1356781484568,0.30127886,0.0733144,-0.9507134,0.94303966,-0.17043898,0.2857036,-0.14109251,-0.982637,-0.12048805
1356781484607,0.30648616,0.050689667,-0.95052445,0.94198656,-0.15971479,0.2952159,-0.13684842,-0.9858609,-0.09669936
1356781484648,0.31020477,0.026136339,-0.95031047,0.9421361,-0.14208874,0.30362862,-0.12709275,-0.9895088,-0.06870055
1356781484688,0.31260607,3.3310056E-4,-0.9498828,0.9430994,-0.11940554,0.31033182,-0.11331791,-0.99284554,-0.03764105
1356781484728,0.31364712,-0.02541554,-0.94919944,0.9445644,-0.09384647,0.31462836,-0.09707543,-0.99526227,-0.0054281056
1356781484768,0.31331548,-0.049768627,-0.948344,0.9463216,-0.06716177,0.31617188,-0.07942793,-0.9965,0.026054353
1356781484809,0.31187037,-0.07175869,-0.94741094,0.94815844,-0.040611297,0.31519237,-0.06109345,-0.9965949,0.055373162
1356781484848,0.30974108,-0.0907737,-0.946478,0.94984293,-0.015597522,0.31233817,-0.04311475,-0.9957494,0.08138955
1356781484888,0.30723998,-0.106429875,-0.9456618,0.9512449,0.00600639,0.3083779,-0.027140647,-0.99430203,0.10308629
1356781484928,0.30436698,-0.118519485,-0.9451529,0.9524388,0.022371262,0.303908,-0.014874697,-0.99269974,0.11969155
1356781484968,0.3006321,-0.12680015,-0.9452735,0.9537158,0.03288892,0.2989053,-0.006812185,-0.9913829,0.13081878
1356781485008,0.2947936,-0.13065636,-0.9465863,0.9555595,0.038551748,0.29226688,-0.001693964,-0.99067795,0.1362147
1356781485048,0.28525454,-0.129318,-0.94968766,0.95844865,0.041021526,0.28230017,0.0024511218,-0.9907543,0.13564625
1356781485088,0.27132088,-0.12287003,-0.95461404,0.9624652,0.041601837,0.2681977,0.0067602694,-0.99155045,0.12954554
1356781485128,0.2544102,-0.11298463,-0.9604738,0.9670347,0.04093641,0.25133255,0.010921687,-0.99275315,0.11967465
1356781485168,0.23800057,-0.10246229,-0.96584535,0.9711715,0.03890401,0.23518586,0.013477623,-0.9939759,0.1087676
1356781485208,0.22624287,-0.09379414,-0.96954465,0.9739903,0.034589678,0.22393405,0.012532532,-0.9949906,0.09918025
1356781485248,0.22202563,-0.08767301,-0.97109115,0.97501665,0.026970208,0.22048813,0.00685966,-0.9957841,0.09147075
1356781485288,0.22646543,-0.083108395,-0.97046715,0.97401345,0.015888482,0.22593236,-0.0033575892,-0.99641395,0.084546834
1356781485328,0.23973593,-0.07884616,-0.9676311,0.97069365,0.0022723973,0.2403096,-0.016748637,-0.9968842,0.07708022
1356781485375,0.26129845,-0.07434112,-0.962391,0.9647295,-0.012878269,0.26292813,-0.03194031,-0.9971497,0.06835398
1356781485428,0.28983,-0.06910196,-0.9545803,0.95589316,-0.02871713,0.2923074,-0.047611862,-0.9971962,0.057731003
1356781485448,0.32089442,-0.061094373,-0.94514245,0.9450252,-0.045601368,0.32380232,-0.062882245,-0.99708974,0.043102443
1356781485488,0.3480303,-0.046222985,-0.9363431,0.9343338,-0.06469849,0.3504774,-0.07678011,-0.99683374,0.020670682
1356781485525,0.3638583,-0.01921454,-0.9312562,0.9272982,-0.08686969,0.3641043,-0.08789396,-0.9960345,-0.013790667
1356781485568,0.36092722,0.025472611,-0.932246,0.9277501,-0.1115579,0.35613832,-0.09492773,-0.9934313,-0.06389645
1356781485608,0.3369363,0.08747965,-0.93745464,0.9364086,-0.13481879,0.3239796,-0.09804493,-0.98700106,-0.12734202
1356781485648,0.2956387,0.15883994,-0.94200194,0.95014215,-0.15122023,0.27269474,-0.09913495,-0.97565484,-0.19562706
1356781485688,0.24918342,0.22307691,-0.94241405,0.9632001,-0.15833318,0.21720073,-0.10076293,-0.9618561,-0.2543217
1356781485728,0.21054813,0.2653119,-0.94089264,0.9720444,-0.15912983,0.1726478,-0.10391861,-0.95094013,-0.2913994
1356781485768,0.18561086,0.2794145,-0.9420596,0.9767399,-0.15721938,0.14581263,-0.10736781,-0.9472115,-0.30209693
1356781485808,0.17315662,0.26620296,-0.94823664,0.97884727,-0.15303892,0.13578305,-0.1089713,-0.95169055,-0.28707173
1356781485848,0.16732758,0.23068121,-0.9585341,0.9800658,-0.14454508,0.13629997,-0.10710955,-0.9622333,-0.25026914
1356781485888,0.16141933,0.17999938,-0.9703319,0.98166656,-0.13027352,0.13913879,-0.10136363,-0.97500205,-0.19772804
1356781485928,0.14976898,0.122281194,-0.9811303,0.98440003,-0.11111376,0.13641968,-0.09233552,-0.9862561,-0.13701499
1356781485968,0.12905812,0.06489846,-0.9895111,0.98833454,-0.08978784,0.12301582,-0.08086258,-0.9938442,-0.07572922
1356781486008,0.098388314,0.013038546,-0.9950627,0.9928564,-0.06910777,0.09726459,-0.067498356,-0.99752396,-0.019744784
1356781486048,0.058381557,-0.030463368,-0.99782944,0.9968915,-0.051192284,0.059889585,-0.05290565,-0.99822414,0.02738002
1356781486088,0.010024011,-0.064141154,-0.9978905,0.99921644,-0.037569642,0.012452245,-0.03828907,-0.9972334,0.063714325
1356781486128,-0.04605353,-0.08699,-0.9951441,0.99863005,-0.028783143,-0.043698728,-0.024842024,-0.9957933,0.08819637
1356781486168,-0.10911852,-0.098650575,-0.98912144,0.99394727,-0.02357155,-0.107299894,-0.012729973,-0.9948429,0.100625545
1356781486208,-0.17753297,-0.10018724,-0.9790018,0.9841141,-0.019292414,-0.17648572,-0.0012056828,-0.99478155,0.10202074
1356781486248,-0.24819285,-0.09437445,-0.9641026,0.9686595,-0.013942778,-0.24800107,0.009962767,-0.9954392,0.094877124
1356781486288,-0.31705606,-0.08498675,-0.9445913,0.9482085,-0.0080423355,-0.3175466,0.019390553,-0.9963496,0.08313501
1356781486328,-0.38037068,-0.075306535,-0.92176306,0.9245009,-0.0042074323,-0.3811567,0.024825305,-0.9971516,0.07122135
1356781486373,-0.4358927,-0.06693208,-0.8975064,0.8996554,-0.0048630834,-0.43657368,0.02485615,-0.9977457,0.06233555
1356781486409,-0.48316932,-0.059456736,-0.8735059,0.8753035,-0.010261297,-0.48346514,0.019782007,-0.9981782,0.057000518
1356781486449,-0.522733,-0.051553488,-0.8509363,0.8524286,-0.019012272,-0.5224979,0.0107584,-0.99848926,0.05388397
1356781486489,-0.5552268,-0.042613328,-0.8306066,0.8316985,-0.02951485,-0.5544425,-8.8861585E-4,-0.99865556,0.05182892
1356781486529,-0.58158505,-0.032343745,-0.81284225,0.8133607,-0.040622413,-0.58033967,-0.014249265,-0.9986509,0.04993254
1356781486569,-0.6042265,-0.01875338,-0.7965918,0.79627836,-0.050813198,-0.6027925,-0.029173017,-0.99853206,0.04563564
1356781486608,-0.6276517,0.002604276,-0.77849,0.777133,-0.057015836,-0.6267483,-0.04601842,-0.99836993,0.033762157
1356781486648,-0.65768415,0.036808044,-0.7523941,0.75051117,-0.053755164,-0.6586679,-0.06468931,-0.9978756,0.007728994
1356781486688,-0.6988329,0.085520566,-0.710154,0.71037376,-0.03316295,-0.70304286,-0.083675444,-0.9957843,-0.03757614
1356781486728,-0.74958396,0.14171848,-0.64655995,0.6542474,0.01043731,-0.7562086,-0.100420415,-0.989852,-0.100542605
1356781486768,-0.8013935,0.19057918,-0.5669639,0.58728105,0.07092911,-0.8062692,-0.11344388,-0.979106,-0.16876572
1356781486808,-0.84569985,0.22041602,-0.48601288,0.5192287,0.1295008,-0.84476686,-0.12326111,-0.966771,-0.22396517
1356781486848,-0.87959355,0.23032829,-0.41625005,0.45739374,0.16889787,-0.8730776,-0.1307907,-0.95834357,-0.25391227
1356781486888,-0.903792,0.2258426,-0.3635313,0.40570402,0.1816935,-0.89576316,-0.13625024,-0.95706975,-0.25583833
1356781486928,-0.919445,0.21284384,-0.3306334,0.36772,0.16755027,-0.9147179,-0.13929437,-0.96261334,-0.23232019
1356781486968,-0.9264759,0.19482228,-0.3220042,0.34981415,0.13017607,-0.9277307,-0.13882536,-0.97216177,-0.18875659
1356781487008,-0.9219166,0.17200848,-0.34710643,0.363816,0.076654196,-0.9283114,-0.13307026,-0.98210853,-0.13324821
1356781487048,-0.89646685,0.14112484,-0.420037,0.42636234,0.016566217,-0.90440077,-0.120675,-0.9898532,-0.075021446
1356781487088,-0.8315801,0.09716734,-0.5468391,0.54596233,-0.03776896,-0.83695793,-0.101978526,-0.9945512,-0.02164179
1356781487128,-0.7129649,0.04036221,-0.700037,0.69674325,-0.0715965,-0.7137385,-0.07892832,-0.99661666,0.022923827
1356781487168,-0.5667552,-0.01660505,-0.82371897,0.82210827,-0.07704836,-0.5640937,-0.05409938,-0.9968891,0.057318628
1356781487208,-0.44662917,-0.059745938,-0.89272213,0.89423513,-0.06262392,-0.443195,-0.029426664,-0.9962473,0.08139664
1356781487248,-0.37670338,-0.08655518,-0.9222813,0.9263168,-0.041264355,-0.374479,-0.005644202,-0.99539214,0.0957219
1356781487288,-0.3480928,-0.10104132,-0.93199897,0.93731356,-0.019936502,-0.34791633,0.01657319,-0.99468243,0.10164708
1356781487328,-0.34149945,-0.10753095,-0.93371046,0.9392245,-0.0018907785,-0.3432984,0.035149753,-0.9941999,0.10164142
1356781487376,-0.33947283,-0.10905737,-0.9342723,0.93944675,0.010196686,-0.34254324,0.046883404,-0.99398315,0.09899205
1356781487409,-0.32960534,-0.107424796,-0.9379873,0.94282955,0.014449716,-0.3329618,0.04932204,-0.9941082,0.09652054
1356781487449,-0.30521047,-0.103360355,-0.94665897,0.9513381,0.011223435,-0.3079445,0.042454004,-0.9945806,0.09490514
1356781487489,-0.26260763,-0.09724039,-0.9599904,0.9644733,0.0032242537,-0.26416057,0.028782278,-0.99525565,0.09293908
1356781487529,-0.19871002,-0.09014642,-0.9759037,0.97998667,-0.006229043,-0.19896594,0.011857152,-0.9959091,0.08958
1356781487568,-0.11216992,-0.08373138,-0.99015504,0.9936738,-0.014967382,-0.11130288,-0.0055004954,-0.99637604,0.08488059
1356781487608,-0.007462144,-0.07827175,-0.99690413,0.9997313,-0.02246201,-0.005719751,-0.021944791,-0.99667895,0.078418374
1356781487648,0.10103348,-0.070803046,-0.9923604,0.99417496,-0.030440778,0.10339013,-0.037528574,-0.9970257,0.0673151
1356781487688,0.19281095,-0.055313736,-0.97967565,0.9798157,-0.042845428,0.1952576,-0.052775025,-0.99754936,0.045936197
1356781487728,0.24677715,-0.023843408,-0.96877885,0.9666998,-0.06385341,0.24781913,-0.06776866,-0.9976744,0.0072918236
1356781487768,0.25039586,0.029770821,-0.9676857,0.96469474,-0.09196547,0.24679264,-0.08164641,-0.9953171,-0.05174756
1356781487808,0.20660728,0.102575034,-0.97303224,0.97396064,-0.1164431,0.1945292,-0.09334907,-0.9878863,-0.123962045
1356781487848,0.14111385,0.17661732,-0.97411144,0.9846391,-0.12723503,0.11956981,-0.10282302,-0.9760213,-0.19185895
1356781487888,0.09089303,0.22904995,-0.96916187,0.989697,-0.12888551,0.06235841,-0.11062768,-0.96484447,-0.23840487
1356781487928,0.07820904,0.24844572,-0.9654834,0.9900774,-0.13276827,0.046036392,-0.116748005,-0.95950377,-0.25636423
1356781487968,0.10336521,0.23546135,-0.96637136,0.9873202,-0.14197168,0.07101384,-0.120476305,-0.9614583,-0.24715066
1356781488008,0.15431356,0.19643712,-0.96829736,0.9806142,-0.150235,0.12579843,-0.12076071,-0.96893847,-0.21581227
1356781488048,0.21398258,0.14132798,-0.96655977,0.9698552,-0.1488328,0.19295016,-0.116586536,-0.978711,-0.16891527
1356781488088,0.26732492,0.081278205,-0.96017253,0.9575814,-0.13366175,0.25528917,-0.10758889,-0.9876884,-0.11356163
1356781488128,0.3051972,0.025298566,-0.95195305,0.9475945,-0.10720572,0.30095083,-0.094441205,-0.9939149,-0.056691676
1356781488168,0.325496,-0.02222842,-0.9452821,0.94228137,-0.07534507,0.32623446,-0.078474045,-0.99690974,-0.00357908
1356781488208,0.3294614,-0.060185254,-0.94224894,0.9421775,-0.043828726,0.33223593,-0.061293274,-0.99722457,0.042265326
1356781488248,0.3179748,-0.08815828,-0.94399154,0.94707215,-0.016796768,0.32058108,-0.044117928,-0.99596477,0.078151315
1356781488288,0.2904566,-0.10547939,-0.95105684,0.9565129,0.0041701794,0.2916604,-0.02679807,-0.9944128,0.10210365
1356781488328,0.24718842,-0.11242545,-0.9624232,0.96893084,0.020049661,0.2465178,-0.00841862,-0.9934579,0.11388853
1356781488374,0.19252273,-0.111472726,-0.9749404,0.98123753,0.032389075,0.19006288,0.01039058,-0.9932395,0.11561686
1356781488409,0.13559827,-0.10704327,-0.9849644,0.9904249,0.040652245,0.13193202,0.025918603,-0.993423,0.11153063
1356781488458,0.08362773,-0.10109237,-0.99135613,0.99600375,0.039783567,0.07996297,0.031356126,-0.9940814,0.10401529
1356781488498,0.0466215,-0.09579483,-0.9943087,0.9985548,0.031112432,0.043823212,0.026737332,-0.99491477,0.097106874
1356781488536,0.027074873,-0.09000322,-0.9955734,0.9995369,0.016272843,0.025711536,0.01388669,-0.9958085,0.090402156
1356781488578,0.02934724,-0.08385536,-0.9960456,0.9995642,-6.945133E-4,0.029509306,-0.0031663477,-0.9964776,0.08379847
1356781488618,0.05806756,-0.078520745,-0.9952199,0.9980936,-0.016316414,0.05952254,-0.02091211,-0.99677896,0.07742357
1356781488658,0.11033663,-0.07311383,-0.9912014,0.9931475,-0.03054455,0.11280629,-0.038523436,-0.99685574,0.06924257
1356781488698,0.17550296,-0.06304532,-0.9824582,0.9828456,-0.04624164,0.17853957,-0.05668646,-0.9969389,0.053848177
1356781488738,0.23393735,-0.040843874,-0.97139335,0.96925175,-0.068629235,0.23630723,-0.0763177,-0.9968058,0.023533076
1356781488778,0.26556206,6.213188E-4,-0.96409357,0.9591808,-0.10099661,0.26414368,-0.097206086,-0.9948865,-0.027416825
1356781488818,0.2637255,0.06108719,-0.9626615,0.95740634,-0.13821349,0.25351524,-0.11756635,-0.9885167,-0.094935685
1356781488858,0.24460632,0.12625521,-0.9613675,0.9601081,-0.170093,0.22194785,-0.13549975,-0.97730654,-0.16282451
1356781488898,0.24150231,0.17222035,-0.95499575,0.9587259,-0.19453803,0.20736343,-0.15007082,-0.9656579,-0.2120935
1356781488938,0.27728683,0.18268952,-0.9432585,0.94724345,-0.2162441,0.23657635,-0.160754,-0.959095,-0.23301312
1356781488978,0.3487008,0.15651,-0.9240738,0.92227435,-0.2327579,0.30859962,-0.16678658,-0.95985854,-0.22550797
1356781489018,0.4319716,0.105630994,-0.89568,0.8862492,-0.23385274,0.39984417,-0.16722125,-0.966517,-0.19463316
1356781489058,0.5021517,0.047595352,-0.86346877,0.84960544,-0.21337882,0.48232788,-0.16128933,-0.9758095,-0.14758582
1356781489098,0.5469271,-0.0040593147,-0.8371705,0.8238267,-0.1752843,0.53905946,-0.148931,-0.9845095,-0.092523575
1356781489138,0.56606644,-0.044122368,-0.823178,0.8138156,-0.1292898,0.56655824,-0.13142645,-0.99062467,-0.03727913
1356781489178,0.5647998,-0.07338321,-0.82195866,0.8177287,-0.08420682,0.56941104,-0.11099976,-0.99374247,0.012447596
1356781489218,0.5472703,-0.09347528,-0.83171976,0.8321709,-0.045339257,0.55266273,-0.08936983,-0.99458885,0.052974552
1356781489258,0.5147645,-0.10463196,-0.8509229,0.8547706,-0.014023542,0.51881653,-0.06621772,-0.9944121,0.082217485
1356781489298,0.46752322,-0.10680249,-0.8775052,0.8830589,0.011102676,0.46913087,-0.040361643,-0.99421835,0.09950361
1356781489375,0.4084384,-0.101769716,-0.9070948,0.91269064,0.03118077,0.40745977,-0.0131831765,-0.9943192,0.10561973
1356781489378,0.34399486,-0.09278998,-0.9343755,0.93891156,0.045240104,0.3411722,0.010613918,-0.9946574,0.10268393
1356781489405,0.28529656,-0.084911704,-0.95467055,0.95805395,0.053508997,0.28154838,0.027176708,-0.99495065,0.09661591
1356781489448,0.23275632,-0.07551056,-0.9695991,0.9719762,0.051854074,0.22928855,0.032963842,-0.9957957,0.08546388
1356781489488,0.19161412,-0.06506255,-0.97931147,0.98103094,0.042552322,0.18912342,0.02936712,-0.9969735,0.071982
1356781489528,0.16579702,-0.054187387,-0.98467004,0.98599696,0.0272592,0.16452035,0.017926455,-0.9981586,0.057948053
1356781489568,0.15905744,-0.044079036,-0.98628485,0.9872693,0.0072793365,0.1588909,1.757443E-4,-0.99900156,0.044675708
1356781489608,0.17193311,-0.035537213,-0.9844674,0.98485017,-0.016686082,0.17260233,-0.022560716,-0.9992291,0.032129973
1356781489648,0.19993803,-0.027472258,-0.9794233,0.9785856,-0.04432711,0.20101038,-0.04893723,-0.9986392,0.018021315
1356781489688,0.23223498,-0.015315384,-0.9725391,0.9695983,-0.07562235,0.23272353,-0.07710999,-0.9970189,-0.0027123392
1356781489728,0.2532355,0.008817792,-0.9673645,0.96178937,-0.10987905,0.25077444,-0.10408181,-0.99390584,-0.036306113
1356781489768,0.2501574,0.05092007,-0.9668653,0.9599158,-0.14343771,0.24080524,-0.12642315,-0.9883485,-0.08476099
1356781489808,0.22628519,0.104385614,-0.96845174,0.96350956,-0.16993365,0.20681393,-0.14298406,-0.9799113,-0.13903007
1356781489848,0.20270556,0.14911959,-0.9678191,0.9667467,-0.18784368,0.17353836,-0.15592071,-0.97081316,-0.1822378
1356781489888,0.20046031,0.16708842,-0.9653482,0.9652958,-0.20204175,0.16547877,-0.167391,-0.96501845,-0.20179108
1356781489928,0.22531465,0.15324417,-0.9621588,0.95813,-0.21395066,0.19029501,-0.17669284,-0.96474946,-0.19503412
1356781489968,0.26961502,0.113096,-0.9563038,0.9458016,-0.21777722,0.24089894,-0.1810165,-0.96942365,-0.16568235
1356781490008,0.31878892,0.058739126,-0.9460039,0.9310755,-0.20621637,0.30095395,-0.17740369,-0.9767418,-0.12043005
1356781490048,0.3583863,0.0042057037,-0.93356395,0.9189581,-0.1778411,0.35197812,-0.16454566,-0.98405033,-0.0676007
1356781490088,0.38104072,-0.041208416,-0.9236395,0.9133413,-0.13836572,0.38296548,-0.14358145,-0.98952353,-0.015085608
1356781490128,0.3861992,-0.07462075,-0.9193921,0.9149368,-0.09567514,0.39209306,-0.11722121,-0.99261177,0.031323582
1356781490168,0.37574345,-0.096511275,-0.9216845,0.92247605,-0.056163073,0.38194704,-0.08862686,-0.99374604,0.06792647
1356781490209,0.3514174,-0.107666045,-0.93000746,0.93436074,-0.022221833,0.35563496,-0.058956265,-0.9939388,0.09278977
1356781490248,0.3149523,-0.11005452,-0.94270515,0.9486277,0.0049239397,0.31635615,-0.030174643,-0.9939133,0.10595161
1356781490288,0.2700803,-0.10557878,-0.9570317,0.9628296,0.025513679,0.26890182,-0.0039729476,-0.9940835,0.108545125
1356781490328,0.22254309,-0.09843227,-0.969941,0.974802,0.03812906,0.21978891,0.015348583,-0.994413,0.10443735
1356781490374,0.18028727,-0.092840016,-0.9792228,0.98334736,0.040191382,0.17723614,0.022901744,-0.99486953,0.09854001
1356781490409,0.1495094,-0.0907056,-0.984591,0.98862004,0.030481547,0.14731312,0.016649753,-0.99541116,0.09423068
1356781490449,0.13366854,-0.09145206,-0.98679745,0.9910254,0.01117301,0.13320571,-0.0011564195,-0.9957468,0.09212479
1356781490489,0.1354774,-0.09405476,-0.98630595,0.9904633,-0.012324303,0.13722363,-0.025062114,-0.9954907,0.09148818
1356781490529,0.15726385,-0.09799424,-0.9826827,0.9862871,-0.03485498,0.16131651,-0.050059438,-0.99457645,0.09116897
1356781490568,0.19792148,-0.10148612,-0.9749501,0.9774487,-0.054276913,0.20407861,-0.073628426,-0.9933552,0.0884549
1356781490608,0.24976587,-0.099630654,-0.9631671,0.96358985,-0.07248294,0.25737318,-0.09545541,-0.992381,0.07789931
1356781490648,0.29861388,-0.0849289,-0.95058763,0.9472606,-0.09500775,0.30605707,-0.116306305,-0.99184704,0.05207914
1356781490688,0.3300303,-0.050696194,-0.94260806,0.9340239,-0.12703809,0.33385727,-0.13667244,-0.9906014,0.005425036
1356781490728,0.33744925,0.0034466684,-0.9413374,0.92833865,-0.16686785,0.33217847,-0.15593404,-0.98597324,-0.0595091
1356781490768,0.32945308,0.0658679,-0.94187164,0.92826694,-0.20492736,0.31036323,-0.17257226,-0.9765584,-0.12865698
1356781490808,0.3279114,0.11495921,-0.9376878,0.92645633,-0.23329851,0.29538164,-0.18480438,-0.9655858,-0.18300593
1356781490848,0.3509205,0.13320562,-0.9268824,0.916751,-0.2506057,0.31106922,-0.19084588,-0.958881,-0.21005908
1356781490888,0.3963503,0.1192404,-0.91032314,0.8984059,-0.25463858,0.35780722,-0.18913832,-0.95965666,-0.20805234
1356781490928,0.4464507,0.08572933,-0.890692,0.8767383,-0.2409411,0.41626588,-0.17891815,-0.966746,-0.1827305
1356781490968,0.48580262,0.047277063,-0.872789,0.85912216,-0.20969638,0.46683672,-0.16095003,-0.97662294,-0.14248784
1356781491008,0.5092943,0.012030214,-0.8605083,0.8494812,-0.1671851,0.5004305,-0.13784394,-0.98585206,-0.09536582
1356781491048,0.51802564,-0.01766017,-0.85518277,0.84784746,-0.1216594,0.5160946,-0.113155365,-0.9924148,-0.048049554
1356781491088,0.51419425,-0.041581422,-0.8566652,0.8529905,-0.079445064,0.5158447,-0.08950734,-0.9959717,-0.0053816587
1356781491128,0.4984938,-0.059181005,-0.86487085,0.86427,-0.0436278,0.50113285,-0.067389965,-0.9972935,0.02940017
1356781491168,0.47074744,-0.069627136,-0.8795163,0.8810979,-0.014223963,0.47272003,-0.045424342,-0.9974717,0.054652452
1356781491208,0.43130386,-0.0732131,-0.89923126,0.90191644,0.009706259,0.4318015,-0.022885323,-0.9972691,0.070218444
1356781491248,0.38314193,-0.072557,-0.9208354,0.92368746,0.028037488,0.38211948,-0.0019075572,-0.9969701,0.077762365
1356781491288,0.33220214,-0.071599096,-0.9404868,0.94311464,0.03925973,0.33014157,0.013285428,-0.9966606,0.08056831
1356781491328,0.28528163,-0.07321796,-0.955643,0.95825446,0.041603655,0.28287372,0.019046843,-0.9964478,0.08203018
1356781491370,0.24753141,-0.0777103,-0.96575844,0.96877587,0.034457564,0.24553216,0.01419732,-0.9963803,0.08381319
1356781491408,0.22160304,-0.083168656,-0.97158384,0.97513676,0.01964569,0.22073174,7.2953105E-4,-0.9963418,0.085454345
1356781491446,0.20924827,-0.087726206,-0.9739195,0.97769034,8.383393E-5,0.21005088,-0.018345326,-0.9961446,0.08578664
1356781491488,0.21206492,-0.09051049,-0.9730552,0.97642183,-0.02149725,0.21479833,-0.040359437,-0.9956635,0.08381757
1356781491515,0.2322132,-0.09202364,-0.96830195,0.97074544,-0.04058516,0.23665625,-0.0610767,-0.9949294,0.07990715
1356781491557,0.25336537,-0.08730817,-0.9634227,0.96384585,-0.06215653,0.25910947,-0.082505405,-0.9942403,0.06840333
1356781491598,0.28005135,-0.0716531,-0.9573072,0.9543892,-0.08673304,0.28568962,-0.103500634,-0.9936515,0.04409522
1356781491638,0.29482502,-0.037375152,-0.95482004,0.94770867,-0.11632228,0.29718244,-0.122174114,-0.99250805,0.0011260808
1356781491678,0.28417918,0.020121306,-0.95856,0.9490949,-0.14758667,0.27827504,-0.13587144,-0.9888444,-0.061038047
1356781491718,0.24988729,0.09331575,-0.9637679,0.9575684,-0.17142415,0.23168191,-0.14359358,-0.98076797,-0.13219291
1356781491758,0.21690857,0.15955421,-0.96306443,0.9649898,-0.18407369,0.18684605,-0.14746276,-0.96987593,-0.19389534
1356781491799,0.21905553,0.1949965,-0.95602876,0.96410394,-0.19395089,0.1813466,-0.15006071,-0.9614361,-0.2304829
1356781491838,0.27258852,0.18952352,-0.9432795,0.9501348,-0.2073597,0.23290682,-0.15145683,-0.9597305,-0.23659676
1356781491878,0.3643311,0.14910471,-0.91925544,0.91913104,-0.2164267,0.32917702,-0.14986962,-0.96484566,-0.21589774
1356781491918,0.46256974,0.09141308,-0.88185763,0.87485987,-0.20828155,0.4373087,-0.14369896,-0.97378767,-0.17631835
1356781491958,0.5412193,0.035423487,-0.840135,0.83037066,-0.1799916,0.5273399,-0.13253704,-0.98303,-0.12682953
1356781491998,0.5922622,-0.00872013,-0.8056981,0.7972164,-0.1387642,0.58752924,-0.11692536,-0.9902871,-0.07523298
1356781492038,0.618183,-0.03904745,-0.78506374,0.7799225,-0.0938355,0.61880183,-0.09782949,-0.99482167,-0.027553529
1356781492078,0.6236018,-0.05735305,-0.7796354,0.77802575,-0.051596493,0.62610996,-0.076135784,-0.99701977,0.012446493
1356781492118,0.61154664,-0.06602466,-0.78844875,0.7894641,-0.0152134895,0.6136081,-0.052508354,-0.997702,0.04282035
1356781492158,0.5834212,-0.06714779,-0.80938923,0.8116982,0.014250502,0.5839033,-0.027673602,-0.9976413,0.06281777
1356781492198,0.54101634,-0.06320456,-0.83863366,0.8410053,0.036666602,0.5397829,-0.0033668578,-0.99732685,0.07299259
1356781492238,0.48904273,-0.057708472,-0.8703488,0.8720932,0.051852375,0.48658487,0.01704958,-0.99698603,0.07568519
1356781492278,0.43573064,-0.05433798,-0.8984355,0.899594,0.058993638,0.43272454,0.029488623,-0.9967784,0.074587435
1356781492318,0.3900364,-0.05499226,-0.9191558,0.92026746,0.057205856,0.38708556,0.031294346,-0.9968467,0.072919995
1356781492373,0.36101845,-0.06047964,-0.9305954,0.9323757,0.043169886,0.35890347,0.018467307,-0.99723536,0.0719749
1356781492409,0.35243714,-0.066384494,-0.933478,0.93583447,0.026466608,0.35144466,0.0013755262,-0.997443,0.07145274
1356781492449,0.36582282,-0.07269344,-0.9278412,0.93051565,0.009583682,0.36612645,-0.017722905,-0.99730825,0.071148366
1356781492489,0.40464944,-0.079161525,-0.9110391,0.91370106,-0.0058963895,0.40634412,-0.037538648,-0.99684435,0.069944024
1356781492529,0.46196023,-0.08323696,-0.882986,0.88499963,-0.021887809,0.46507695,-0.058038235,-0.9962894,0.06355339
1356781492569,0.5212885,-0.07946265,-0.84967285,0.8496545,-0.044611663,0.52544934,-0.079658926,-0.99583906,0.044260234
1356781492608,0.5653491,-0.061914593,-0.8225248,0.81847155,-0.081679314,0.56871146,-0.10239482,-0.99473363,0.0044980347
1356781492648,0.586379,-0.028374434,-0.8095398,0.8003106,-0.13411172,0.5843946,-0.12515062,-0.99055994,-0.05593194
1356781492688,0.5901543,0.015067697,-0.8071499,0.7939949,-0.1915436,0.5769602,-0.14591095,-0.9813684,-0.12500393
1356781492738,0.5912427,0.054497153,-0.8046503,0.7899281,-0.24031049,0.5641494,-0.16262141,-0.9691651,-0.18513064
1356781492778,0.60911524,0.06936291,-0.7900427,0.77412796,-0.2684844,0.57327324,-0.17235023,-0.96078354,-0.21723372
1356781492818,0.63740003,0.0594579,-0.7682357,0.75066304,-0.27287567,0.6017009,-0.17385694,-0.9602102,-0.21856381
1356781492858,0.6614315,0.03664273,-0.7491099,0.731218,-0.25366396,0.63322574,-0.1668191,-0.9665981,-0.19457516
1356781492898,0.6737527,0.011170596,-0.73887247,0.7231535,-0.21564962,0.6561588,-0.15200788,-0.97640693,-0.15337259
1356781492938,0.6737268,-0.01243183,-0.7388759,0.7271912,-0.16673304,0.6658777,-0.13147312,-0.98592377,-0.1032922
1356781492978,0.6628632,-0.032925487,-0.74801624,0.740919,-0.11518018,0.6616438,-0.1079416,-0.99279875,-0.05195357
1356781493018,0.6419538,-0.049482524,-0.76514494,0.7621569,-0.06780437,0.64383185,-0.083738625,-0.9964708,-0.0058138072
1356781493058,0.610646,-0.0606305,-0.7895793,0.7896798,-0.028049156,0.6128777,-0.059306115,-0.99776614,0.030750573
1356781493098,0.5676424,-0.06479749,-0.82072127,0.822585,0.0038256794,0.5686294,-0.03370592,-0.99789107,0.05547303
1356781493138,0.5128568,-0.062461317,-0.85619885,0.8584448,0.029065311,0.51208174,-0.0070996284,-0.99762404,0.068525925
1356781493178,0.44987464,-0.05757487,-0.89123404,0.8929268,0.048175097,0.44761693,0.017163843,-0.9971782,0.073082894
1356781493218,0.3862589,-0.055326104,-0.92072964,0.92176956,0.05976987,0.3831036,0.033836246,-0.99667776,0.07408458
1356781493258,0.3300801,-0.05853799,-0.9421361,0.9431554,0.061472595,0.32661763,0.038796008,-0.9963907,0.07550129
1356781493298,0.2868064,-0.0659537,-0.95571554,0.9574655,0.05269426,0.28369516,0.031649947,-0.99643034,0.078261495
1356781493338,0.25971848,-0.07440394,-0.96281374,0.9655593,0.03605354,0.2576729,0.015540898,-0.9965762,0.08120522
1356781493380,0.25301054,-0.08214265,-0.96397,0.9674421,0.014856249,0.25265595,-0.006432891,-0.9965098,0.08322707
1356781493418,0.27392137,-0.0884358,-0.9576775,0.9613223,-0.004589021,0.2753876,-0.02874893,-0.9960713,0.083758295
1356781493458,0.31781933,-0.09258589,-0.94362,0.946772,-0.022672743,0.32110548,-0.051124275,-0.99544656,0.080451876
1356781493498,0.38389906,-0.091162235,-0.9188639,0.920424,-0.041715413,0.38868946,-0.07376459,-0.9949619,0.067893386
1356781493538,0.45888245,-0.07892692,-0.88498443,0.88322204,-0.06785411,0.46402016,-0.09667349,-0.99456847,0.038572952
1356781493578,0.52756137,-0.0522404,-0.8479091,0.8412318,-0.10693163,0.52999496,-0.11835548,-0.992893,-0.012466654
1356781493618,0.58328164,-0.013818443,-0.8121524,0.80067843,-0.15853137,0.5777384,-0.13673514,-0.9872571,-0.08140427
1356781493658,0.63634735,0.022135258,-0.77108496,0.7563852,-0.21418126,0.61806774,-0.1514709,-0.97654307,-0.15303645
1356781493698,0.70511216,0.033286333,-0.70831406,0.6899186,-0.26294225,0.67444324,-0.16379595,-0.9642372,-0.20836863
1356781493738,0.78691244,0.009427071,-0.6169927,0.59212977,-0.2929014,0.75072706,-0.17364088,-0.9560962,-0.2360698
1356781493778,0.8557135,-0.03302498,-0.5163951,0.4855916,-0.29350868,0.8234401,-0.1787605,-0.9553858,-0.23512268
1356781493818,0.8984631,-0.07014662,-0.4334092,0.4018937,-0.26603615,0.8761885,-0.17676418,-0.9614074,-0.21083218
1356781493858,0.9218953,-0.092392996,-0.3762613,0.34964228,-0.21997863,0.91069186,-0.166911,-0.9711194,-0.17049277
1356781493898,0.93521637,-0.10133816,-0.33926535,0.32055122,-0.1646536,0.93281096,-0.15039061,-0.981132,-0.12150267
1356781493938,0.94358903,-0.10091379,-0.31536677,0.30483562,-0.10713202,0.94636047,-0.12928668,-0.98911035,-0.07032648
1356781493978,0.9491575,-0.09422104,-0.30037057,0.29650146,-0.053011242,0.95356,-0.10576842,-0.99413896,-0.022379339
1356781494018,0.9524566,-0.08312084,-0.29311663,0.29363173,-0.006234441,0.9558982,-0.08128252,-0.99651986,0.018468887
1356781494058,0.9530176,-0.068270706,-0.2951213,0.29769948,0.031079203,0.9541536,-0.055968598,-0.99718267,0.04994318
1356781494098,0.94970995,-0.050152913,-0.30908847,0.31174153,0.05855036,0.9483613,-0.02946584,-0.9970238,0.071240604
1356781494138,0.94153756,-0.031235084,-0.33545703,0.33689135,0.07736921,0.9383594,-0.003355667,-0.9965131,0.08336884
1356781494178,0.928927,-0.016575456,-0.36989176,0.3698356,0.08952317,0.92477417,0.017785326,-0.99584687,0.08929068
1356781494218,0.9144168,-0.011814997,-0.4046015,0.40379405,0.096137494,0.9097845,0.028148234,-0.99529785,0.09268057
1356781494258,0.9009949,-0.019522443,-0.4333902,0.43314105,0.09674522,0.89611894,0.024434,-0.9951177,0.09562293
1356781494298,0.8888466,-0.03728567,-0.4566854,0.4581257,0.09084752,0.88423276,0.00851953,-0.99516654,0.09783104
1356781494338,0.8753657,-0.059460685,-0.479791,0.48326862,0.0795939,0.8718465,-0.013652116,-0.9950524,0.098409235
1356781494377,0.85868776,-0.08129589,-0.5060102,0.51118463,0.06519225,0.8569949,-0.036682233,-0.99455565,0.09753701
1356781494418,0.83785707,-0.09969801,-0.53670835,0.5428925,0.049295366,0.83835423,-0.057124972,-0.993796,0.09542775
1356781494476,0.81469214,-0.11282669,-0.5688118,0.5749537,0.02939871,0.81765765,-0.075531274,-0.99317974,0.08882102
1356781494498,0.7873899,-0.117326766,-0.6051873,0.60926056,-0.0014407486,0.7929688,-0.0939084,-0.99309236,0.070348136
1356781494538,0.752023,-0.10709438,-0.6503786,0.6492497,-0.049909905,0.75893605,-0.11373812,-0.9929954,0.0319976
1356781494575,0.70325017,-0.075155795,-0.70695883,0.69812316,-0.11498274,0.70668447,-0.13439953,-0.99052036,-0.028393604
1356781494618,0.6372486,-0.019385189,-0.7704145,0.75509024,-0.18421559,0.62920845,-0.1541197,-0.9826946,-0.102753535
1356781494658,0.55948067,0.047238648,-0.82749623,0.81087226,-0.23796847,0.5346563,-0.17166156,-0.9701235,-0.17144325
1356781494698,0.4862231,0.101816654,-0.8678827,0.8537126,-0.26725954,0.4469306,-0.18644503,-0.95823044,-0.21686988
1356781494738,0.4311789,0.12816009,-0.893118,0.880574,-0.27552262,0.38558623,-0.19665742,-0.95271313,-0.23165405
1356781494778,0.39735413,0.12445834,-0.90918636,0.8956921,-0.2681135,0.35475454,-0.199613,-0.95531416,-0.21801233
1356781494818,0.37922275,0.09866884,-0.92002964,0.9048979,-0.24721748,0.3464728,-0.19326136,-0.9639233,-0.18303576
1356781494858,0.36936232,0.061472684,-0.92725,0.9121641,-0.21463802,0.34912345,-0.17756155,-0.9747572,-0.13535237
1356781494898,0.36275566,0.021346778,-0.93163973,0.9189669,-0.1740759,0.35383254,-0.15462285,-0.9845008,-0.08276397
1356781494938,0.35629806,-0.015851706,-0.93423796,0.92556965,-0.13093546,0.3552138,-0.12795559,-0.9912642,-0.031980187
1356781494978,0.3480724,-0.046483994,-0.93631446,0.9320785,-0.089779496,0.35095477,-0.10037565,-0.99487627,0.012076974
1356781495018,0.33622718,-0.06809598,-0.9393158,0.93897635,-0.05267644,0.33992448,-0.072627276,-0.9962872,0.046229243
1356781495058,0.31927308,-0.07950741,-0.94432163,0.9466414,-0.019494385,0.32169878,-0.04398635,-0.99664366,0.069040954
1356781495098,0.2975778,-0.08196467,-0.95117253,0.95457846,0.00980866,0.29779804,-0.01507926,-0.9965869,0.081160605
1356781495138,0.27479777,-0.07962945,-0.958199,0.9614489,0.033239692,0.2729675,0.010114044,-0.9962703,0.08569381
1356781495178,0.25661454,-0.077432364,-0.96340704,0.96617115,0.047093064,0.25356576,0.025735587,-0.9958848,0.08689767
1356781495218,0.24763656,-0.078172415,-0.9656942,0.96845555,0.048517942,0.24441719,0.027746826,-0.99575853,0.08772135
1356781495268,0.25107944,-0.083043665,-0.96439767,0.9679016,0.03307575,0.24914357,0.011208355,-0.99599683,0.08868271
1356781495308,0.2685593,-0.08815077,-0.95922124,0.9632126,0.014372736,0.268356,-0.009869128,-0.9960035,0.08876786
1356781495379,0.29350963,-0.09289995,-0.9514315,0.9554305,-0.0044947565,0.29518226,-0.031698793,-0.99566543,0.08744013
1356781495391,0.3241519,-0.095987886,-0.94112265,0.9445385,-0.022533804,0.3276267,-0.05265525,-0.99512744,0.08335987
1356781495429,0.35465372,-0.09392375,-0.9302683,0.932123,-0.042443514,0.3596461,-0.07326317,-0.9946743,0.0724957
1356781495469,0.37647602,-0.08060154,-0.9229134,0.921556,-0.069432825,0.3819862,-0.0948692,-0.9943251,0.048139066
1356781495509,0.3820612,-0.04950714,-0.92280996,0.9165897,-0.10705903,0.38522947,-0.117866725,-0.99301934,0.00447464
1356781495549,0.36810288,0.0019800365,-0.929783,0.9190562,-0.1522508,0.36353192,-0.14084041,-0.9883399,-0.057863712
1356781495589,0.33902833,0.066262335,-0.9384397,0.92679346,-0.194868,0.3210615,-0.16159749,-0.9785887,-0.12747729
1356781495628,0.30635208,0.12525064,-0.94364226,0.93496925,-0.22582269,0.27356273,-0.17883193,-0.966083,-0.18628675
1356781495668,0.2809948,0.1616379,-0.9459995,0.94036365,-0.24329165,0.23775083,-0.19172415,-0.9563903,-0.22036213
1356781495708,0.26664916,0.16863626,-0.94892573,0.9431059,-0.24855557,0.22084224,-0.1986188,-0.9538249,-0.22531897
1356781495748,0.2602033,0.15016142,-0.9538059,0.9452058,-0.24134433,0.2198613,-0.19718096,-0.95875156,-0.20473203
1356781495788,0.25654605,0.11555418,-0.9595996,0.9485086,-0.22093728,0.22697586,-0.1857833,-0.9684183,-0.16628474
1356781495828,0.25225884,0.07409185,-0.9648191,0.9534891,-0.18904287,0.2347793,-0.16499686,-0.97916967,-0.11833358
1356781495868,0.24628091,0.03248343,-0.968654,0.9593265,-0.15045416,0.23886397,-0.13797897,-0.9880831,-0.068216175
1356781495908,0.23895568,-0.005150646,-0.97101676,0.9649123,-0.11081755,0.23804125,-0.10883173,-0.99382734,-0.021510541
1356781495948,0.2307609,-0.03627616,-0.972334,0.96966857,-0.074178606,0.23289585,-0.08057496,-0.996585,0.0180583
1356781495988,0.22176322,-0.05928734,-0.9732964,0.97360206,-0.041852444,0.22438222,-0.0540379,-0.99736315,0.048440993
1356781496028,0.21151513,-0.0732927,-0.97462285,0.9769527,-0.013447046,0.21303198,-0.028719455,-0.9972198,0.06875923
