1356781371998,-0.1414477,-0.1296967,0.9814129,-0.97679424,0.179346,-0.11708093,-0.16082749,-0.97519934,-0.15205508
1356781372020,0.08159304,0.14040503,-0.98672646,0.9836042,-0.17109978,0.056988418,-0.16082722,-0.9751981,-0.15206349
1356781372047,0.08150515,0.14047039,-0.9867243,0.9836117,-0.17108831,0.05689183,-0.16082543,-0.97519064,-0.15211287
1356781372079,0.08117831,0.14067394,-0.9867223,0.9836393,-0.1710468,0.05653906,-0.1608221,-0.9751686,-0.15225774
1356781372120,0.08001381,0.14135897,-0.9867195,0.98372936,-0.1709395,0.055282265,-0.1608547,-0.97508836,-0.15273651
1356781372158,0.0766432,0.14299226,-0.9867518,0.9839685,-0.17068663,0.051692486,-0.16103366,-0.9748945,-0.15378189
1356781372198,0.06990066,0.14586571,-0.9868319,0.984398,-0.1702185,0.044567913,-0.16147614,-0.9745506,-0.15548831
1356781372238,0.0591287,0.15014741,-0.98689395,0.9849758,-0.16946518,0.03323114,-0.16225451,-0.97403157,-0.15791187
1356781372278,0.04390341,0.1560289,-0.9867763,0.9855912,-0.16826367,0.017244875,-0.1633479,-0.9733151,-0.16116804
1356781372318,0.024621457,0.16347066,-0.9862409,0.9860463,-0.16644505,-0.0029718578,-0.16464072,-0.972406,-0.16528773
1356781372358,0.0025889874,0.17221504,-0.98505604,0.9861135,-0.16401213,-0.026082069,-0.16605285,-0.9713094,-0.17024821
1356781372400,-0.02054429,0.18144917,-0.98318577,0.9856616,-0.1610561,-0.050319284,-0.16747847,-0.9701222,-0.17553872
1356781372438,-0.042666137,0.19001606,-0.98085344,0.9847232,-0.15789092,-0.073421896,-0.16881916,-0.9690017,-0.18037659
1356781372478,-0.062110722,0.19693282,-0.9784477,0.9834895,-0.15487725,-0.093603015,-0.1699728,-0.9681066,-0.18406177
1356781372520,-0.0779559,0.20173019,-0.9763339,0.98221105,-0.15227056,-0.10988727,-0.17083448,-0.9675323,-0.18627125
1356781372559,-0.08992988,0.20438212,-0.9747516,0.98110825,-0.1501438,-0.12199786,-0.17128706,-0.96730804,-0.18701863
1356781372598,-0.09843719,0.20541579,-0.9737116,0.9802932,-0.14838827,-0.13040686,-0.17127502,-0.9673599,-0.18676078
1356781372638,-0.103669286,0.20521781,-0.97321033,0.9798541,-0.14685929,-0.13534477,-0.1707001,-0.9676353,-0.18585873
1356781372680,-0.10600275,0.20417807,-0.9731777,0.9798081,-0.14540786,-0.13723227,-0.1695275,-0.9680743,-0.18464172
1356781372726,-0.10575491,0.20245746,-0.973564,0.98014677,-0.14390475,-0.13639572,-0.16771486,-0.9686601,-0.18321931
1356781372758,-0.10342622,0.20025364,-0.97426975,0.98078144,-0.14239442,-0.13338557,-0.16544151,-0.9693413,-0.1816777
1356781372798,-0.09972,0.19775265,-0.97516656,0.9815884,-0.14091021,-0.1289517,-0.1629115,-0.9700713,-0.18006009
1356781372838,-0.09536451,0.19530734,-0.9760946,0.9824021,-0.139732,-0.12393978,-0.16059804,-0.97073686,-0.17854482
1356781372877,-0.09115851,0.19331482,-0.9768928,0.98304915,-0.1392318,-0.119285166,-0.1590741,-0.97120744,-0.17734587
1356781372918,-0.08771199,0.19206607,-0.97745454,0.9834018,-0.13975948,-0.115707874,-0.1588321,-0.9713794,-0.17661953
1356781372958,-0.085565925,0.19184533,-0.977688,0.98337436,-0.14148664,-0.11382657,-0.16016692,-0.971173,-0.17654932
1356781372998,-0.085347116,0.19307831,-0.97746444,0.9829035,-0.14432406,-0.11433035,-0.16314638,-0.9705109,-0.17745966
1356781373040,-0.08793086,0.19651371,-0.97655034,0.98190933,-0.14794159,-0.11818403,-0.16769716,-0.9692759,-0.17995006
1356781373077,-0.09275019,0.20195004,-0.9749941,0.9806082,-0.1512571,-0.12461412,-0.17264062,-0.9676453,-0.18400472
1356781373118,-0.10019714,0.21002248,-0.9725488,0.97906005,-0.15327781,-0.13396832,-0.17720646,-0.9656068,-0.19026661
1356781373158,-0.10923779,0.22062457,-0.9692223,0.97750866,-0.15311569,-0.14502552,-0.18039933,-0.96326554,-0.1989364
1356781373198,-0.11847216,0.23330557,-0.96515954,0.9762399,-0.15024257,-0.15614998,-0.18143871,-0.9607266,-0.20996267
1356781373238,-0.12660497,0.2475062,-0.9605789,0.9755017,-0.14456677,-0.16582146,-0.17990974,-0.95804024,-0.22313982
1356781373278,-0.13260055,0.2625466,-0.9557649,0.97542876,-0.13660371,-0.17285338,-0.17594305,-0.9552009,-0.2379818
1356781373318,-0.1360408,0.27769366,-0.95098853,0.97596896,-0.12737262,-0.17680773,-0.17022824,-0.95218825,-0.2536925
1356781373358,-0.13671476,0.29191834,-0.9466218,0.9769544,-0.11839169,-0.177605,-0.16391826,-0.9490875,-0.26900506
1356781373398,-0.13440996,0.30391333,-0.94317055,0.9781709,-0.11153066,-0.17533576,-0.1584793,-0.9461489,-0.28228837
1356781373438,-0.12901586,0.31246892,-0.94112587,0.9793711,-0.10869342,-0.17034677,-0.15552232,-0.943689,-0.29199982
1356781373478,-0.120918214,0.31699553,-0.9406873,0.98024046,-0.111317515,-0.16351458,-0.15654838,-0.94187164,-0.29727155
1356781373518,-0.11133364,0.31790406,-0.9415635,0.9803843,-0.11992207,-0.15641373,-0.16263881,-0.9405082,-0.29831684
1356781373558,-0.1024718,0.31669432,-0.94297624,0.9793826,-0.13378963,-0.15136063,-0.17409551,-0.9390447,-0.29645526
1356781373598,-0.09688532,0.31535518,-0.944015,0.97696316,-0.15107107,-0.1507332,-0.19014788,-0.93687165,-0.2934538
1356781373638,-0.096051425,0.3151534,-0.9441676,0.97316253,-0.16954502,-0.15559345,-0.20911476,-0.93377346,-0.2904104
1356781373678,-0.09949601,0.31584555,-0.94357944,0.9683452,-0.18743664,-0.16484836,-0.22892797,-0.9301125,-0.28719836
1356781373718,-0.10497826,0.3156972,-0.9430349,0.963186,-0.20371717,-0.17541939,-0.24749184,-0.9267333,-0.2826892
1356781373758,-0.1084826,0.31143603,-0.9440546,0.9586005,-0.21873862,-0.18231413,-0.26328036,-0.92474914,-0.27481347
1356781373798,-0.10524702,0.29878712,-0.9484984,0.955647,-0.23343468,-0.17957467,-0.27506703,-0.9253294,-0.26096666
1356781373838,-0.09080851,0.2734346,-0.95759463,0.9552511,-0.24789995,-0.1613724,-0.2815124,-0.9293972,-0.23868734
1356781373878,-0.06443077,0.23372808,-0.9701649,0.9575025,-0.25940663,-0.12608498,-0.28113672,-0.937059,-0.20708144
1356781373918,-0.029061377,0.18156922,-0.9829486,0.9615625,-0.26353663,-0.07710931,-0.2730437,-0.9474075,-0.16693139
1356781373958,0.010625541,0.12140304,-0.9925464,0.96632856,-0.25645095,-0.021022856,-0.2570917,-0.9589026,-0.12004018
1356781373998,0.04963094,0.059112996,-0.9970168,0.9711158,-0.2361244,0.03434187,-0.23338988,-0.9699232,-0.06912464
1356781374039,0.086003244,-0.0012552738,-0.996294,0.9759211,-0.20109212,0.0844979,-0.20045301,-0.97957146,-0.016069472
1356781374077,0.113453805,-0.051880777,-0.99218774,0.98029727,-0.15667892,0.12028679,-0.16169548,-0.9862859,0.033082783
1356781374118,0.13385469,-0.09174588,-0.986745,0.98398125,-0.10599965,0.14333549,-0.11774504,-0.9901247,0.07608768
1356781374158,0.14710724,-0.12039718,-0.98176575,0.986462,-0.05486536,0.1545392,-0.07247102,-0.99120843,0.1106962
1356781374216,0.15444213,-0.13925952,-0.9781382,0.9875434,-0.008398354,0.15712282,-0.030095547,-0.9902203,0.1362277
1356781374238,0.15709603,-0.15053025,-0.97604376,0.9875635,0.030210257,0.15429091,0.0062610507,-0.9881437,0.15340409
1356781374278,0.15587646,-0.15643919,-0.97530985,0.98714495,0.05997467,0.14814806,0.03531769,-0.985865,0.16377679
1356781374315,0.15106073,-0.15881911,-0.975683,0.9868481,0.081686944,0.13949266,0.057546496,-0.9839227,0.16906995
1356781374358,0.14239505,-0.15882629,-0.97698414,0.98700947,0.09698066,0.12809032,0.07440451,-0.98253196,0.17057258
1356781374398,0.12961066,-0.15718752,-0.9790267,0.9876905,0.107664764,0.11347151,0.08757034,-0.9816824,0.16920713
1356781374440,0.112868845,-0.15422267,-0.98156816,0.98870414,0.11547804,0.09554574,0.098614275,-0.9812646,0.16551444
1356781374478,0.09457943,-0.1512171,-0.9839655,0.9896486,0.12144694,0.07646155,0.107937336,-0.98101175,0.16113815
1356781374518,0.07844749,-0.1491799,-0.9856933,0.99031603,0.12526426,0.05985722,0.114542544,-0.98084354,0.15756199
1356781374558,0.06769177,-0.14912948,-0.98649794,0.99102247,0.12430903,0.04921037,0.11529189,-0.9809728,0.15620542
1356781374598,0.063849986,-0.15087765,-0.9864883,0.9922039,0.11561024,0.046537995,0.10702664,-0.98176897,0.15708306
1356781374638,0.06624681,-0.1528529,-0.98602605,0.9938061,0.098471165,0.051504612,0.08922246,-0.9833307,0.1584296
1356781374678,0.07323891,-0.15267178,-0.9855594,0.99518776,0.07568741,0.062229723,0.065093696,-0.98537433,0.15748042
1356781374718,0.083777726,-0.14823455,-0.98539734,0.9956961,0.051779866,0.076864034,0.039629847,-0.9875958,0.15193456
1356781374758,0.09769571,-0.1381456,-0.98558176,0.9950708,0.030494273,0.09436199,0.017018914,-0.9899423,0.14044386
1356781374798,0.11455226,-0.12128645,-0.98598546,0.99341685,0.013173819,0.1137951,-8.126497E-4,-0.99253005,0.12199715
1356781374838,0.12979692,-0.09526679,-0.98695344,0.99144125,-0.0016198754,0.1305435,-0.014035165,-0.9954505,0.09424114
1356781374878,0.13618815,-0.05648458,-0.98907137,0.9904027,-0.01598376,0.13728422,-0.023563504,-0.99827546,0.053765714
1356781374927,0.10670382,0.009921104,-0.99424136,0.9938381,-0.031238914,0.10634887,-0.030003905,-0.9994627,-0.0131932795
1356781374965,0.06881112,0.0891408,-0.99363923,0.99702585,-0.04079485,0.06538591,-0.0347068,-0.9951832,-0.09168285
1356781375026,0.0064222217,0.17691928,-0.9842044,0.9992456,-0.038833797,-4.6035647E-4,-0.038301826,-0.983459,-0.17703521
1356781375048,-0.03636366,0.24615464,-0.9685482,0.9984962,-0.030837178,-0.04532528,-0.041024357,-0.96873987,-0.24466306
1356781375088,-0.04742694,0.28672847,-0.95683724,0.9979534,-0.027530491,-0.05771479,-0.042890668,-0.9576162,-0.284836
1356781375130,-0.013928592,0.29451567,-0.9555452,0.9989645,-0.037296057,-0.026056767,-0.043312162,-0.9549186,-0.29369122
1356781375168,0.062625945,0.26971194,-0.96090245,0.99718034,-0.056793094,0.049049318,-0.04134348,-0.9612648,-0.2725082
1356781375208,0.16467243,0.2186341,-0.9618119,0.9856912,-0.0720647,0.15237945,-0.03599733,-0.9731422,-0.22737277
1356781375248,0.2667264,0.15380922,-0.95141983,0.9634081,-0.06968579,0.2588216,-0.026491284,-0.98564017,-0.1667681
1356781375288,0.3487529,0.089066595,-0.93297297,0.9371264,-0.046800822,0.3458376,-0.012861371,-0.9949255,-0.09978855
1356781375328,0.40411916,0.032726973,-0.9141207,0.91469884,-0.010444194,0.40400088,0.0036744177,-0.9994097,-0.034155995
1356781375368,0.4344795,-0.012666196,-0.9005926,0.9004377,0.029378027,0.43399158,0.02096057,-0.9994881,0.024169296
1356781375408,0.44322994,-0.04720056,-0.8951644,0.8956279,0.06496784,0.4400338,0.037387013,-0.9967704,0.071069896
1356781375448,0.43264568,-0.07119146,-0.8987489,0.8999572,0.0935933,0.4258137,0.05380258,-0.993062,0.104561985
1356781375488,0.40379778,-0.084923565,-0.9108981,0.91195196,0.116530985,0.39340067,0.072738886,-0.98954964,0.12450117
1356781375528,0.35973495,-0.090085566,-0.9286955,0.92820925,0.1358546,0.34636834,0.09496468,-0.9866246,0.13248998
1356781375568,0.30746084,-0.090144604,-0.94728124,0.9443283,0.15141046,0.29209393,0.117097616,-0.98435193,0.13167885
1356781375608,0.25610635,-0.08865869,-0.96257424,0.9574605,0.16023621,0.23998708,0.13296232,-0.983089,0.12592468
1356781375648,0.21293435,-0.0871228,-0.9731746,0.9673258,0.15908858,0.19741234,0.13762191,-0.9834126,0.118151516
1356781375688,0.18185204,-0.08485329,-0.9796579,0.974568,0.14822257,0.16806886,0.13094613,-0.985307,0.109649956
1356781375728,0.16478026,-0.08050409,-0.98303944,0.9794092,0.13121748,0.15342599,0.11664051,-0.9880795,0.100468546
1356781375768,0.16447282,-0.073880374,-0.9836109,0.9813412,0.11293751,0.15561038,0.09959,-0.9908516,0.09107703
1356781375808,0.18337035,-0.065873325,-0.9808343,0.979536,0.096458435,0.17664942,0.08297318,-0.99315476,0.082212925
1356781375848,0.21952155,-0.05627823,-0.97398305,0.9732704,0.081695825,0.2146405,0.06749079,-0.9950671,0.07270792
1356781375888,0.2640293,-0.04219842,-0.9635911,0.9631007,0.06561056,0.26102164,0.052206993,-0.99695265,0.057964474
1356781375928,0.30277473,-0.018637806,-0.9528799,0.95239127,0.043426454,0.30177006,0.035755903,-0.9988828,0.030898899
1356781375968,0.32215303,0.01896125,-0.9464977,0.9465276,0.011928916,0.32240224,0.017403841,-0.99974906,-0.014104396
1356781376036,0.30622074,0.076951,-0.94884527,0.95195365,-0.028541118,0.3049093,-0.0036180317,-0.9966263,-0.0819937
1356781376050,0.28800055,0.1301944,-0.9487387,0.9573792,-0.061826438,0.28213915,-0.021924168,-0.98955894,-0.14245147
1356781376089,0.2750804,0.16826618,-0.94658196,0.96072733,-0.08550957,0.26399082,-0.036521047,-0.9820258,-0.18517995
1356781376129,0.27824533,0.18198496,-0.9431124,0.9593933,-0.09999031,0.26375434,-0.046302795,-0.97820413,-0.20241693
1356781376169,0.2999165,0.17026666,-0.9386476,0.9526167,-0.105758965,0.28519565,-0.050711095,-0.9797062,-0.19391769
1356781376208,0.33383486,0.13850775,-0.9324001,0.9413419,-0.10071203,0.32207566,-0.049293905,-0.9852273,-0.16400439
1356781376248,0.3700103,0.09550831,-0.9241052,0.92809236,-0.08262119,0.3630676,-0.041674733,-0.9919938,-0.1192112
1356781376288,0.3991992,0.05047676,-0.9154737,0.9164361,-0.052480757,0.39672518,-0.028019339,-0.99734545,-0.067209035
1356781376328,0.41612104,0.010080844,-0.90925336,0.9092612,-0.014890879,0.4159595,-0.009346306,-0.99983835,-0.015362531
1356781376368,0.41948906,-0.02259317,-0.90747917,0.9076736,0.024260968,0.41897497,0.012550384,-0.9994503,0.030684412
1356781376408,0.40997943,-0.046960264,-0.910885,0.911394,0.060230225,0.40710336,0.035745114,-0.9970792,0.067492485
1356781376448,0.38798752,-0.06314957,-0.9194986,0.91974175,0.09093776,0.3818447,0.059503794,-0.9938523,0.09336403
1356781376488,0.352906,-0.07131794,-0.93293685,0.93182874,0.116915405,0.3435492,0.08457345,-0.9905779,0.10771623
1356781376528,0.3049979,-0.072405905,-0.94959664,0.94582486,0.13957825,0.2931438,0.111317754,-0.98756033,0.11105433
1356781376568,0.24801874,-0.06887689,-0.9663036,0.9589398,0.15908647,0.23478916,0.13755426,-0.9848591,0.10550523
1356781376608,0.18981254,-0.06412032,-0.97972435,0.96891284,0.17350578,0.1763624,0.15867943,-0.98274326,0.09506059
1356781376648,0.13938531,-0.06059861,-0.98838234,0.9755553,0.1796498,0.12656188,0.16989326,-0.9818624,0.084157795
1356781376688,0.10288975,-0.058401287,-0.9929769,0.9802423,0.17549595,0.09124857,0.16893438,-0.9827464,0.07530412
1356781376728,0.08260843,-0.05557117,-0.9950315,0.9840536,0.16236821,0.072629005,0.15752533,-0.98516417,0.06809801
1356781376768,0.08057019,-0.050246388,-0.99548167,0.9868264,0.14459309,0.07257146,0.1402933,-0.9882147,0.061234355
1356781376808,0.10162556,-0.042247027,-0.9939253,0.9873345,0.12663811,0.095568895,0.12183136,-0.99104893,0.054581583
1356781376848,0.14956698,-0.03212288,-0.98822963,0.98328936,0.10974458,0.14525193,0.103786856,-0.99344057,0.048000276
1356781376888,0.22200313,-0.019097596,-0.9748588,0.9713398,0.091421336,0.21941075,0.084932625,-0.9956291,0.038846105
1356781376928,0.30612212,-0.0010035932,-0.9519917,0.9499005,0.06657678,0.3053795,0.06307408,-0.9977808,0.021333933
1356781376968,0.3832985,0.024483442,-0.9233,0.92287236,0.030184,0.3839214,0.03726867,-0.9992446,-0.011025667
1356781377037,0.44043493,0.057537854,-0.8959389,0.89774346,-0.01867944,0.4401224,0.008588076,-0.9981686,-0.0598813
1356781377050,0.47852135,0.09343332,-0.87309086,0.87782866,-0.07449949,0.47314554,-0.020837218,-0.9928344,-0.11766806
1356781377089,0.5165047,0.11911073,-0.84795964,0.85497534,-0.1264715,0.503013,-0.047328502,-0.9847932,-0.16715986
1356781377129,0.565737,0.1240007,-0.8152089,0.8217814,-0.16625203,0.54500973,-0.06794855,-0.9782556,-0.19595638
1356781377169,0.62139434,0.107518494,-0.7760856,0.77939194,-0.1861031,0.598259,-0.08010808,-0.9766296,-0.19944245
1356781377209,0.6694815,0.07865012,-0.7386533,0.7382136,-0.1811162,0.64979815,-0.08267534,-0.98031175,-0.17931454
1356781377266,0.7011486,0.047789395,-0.7114118,0.7089649,-0.15292361,0.6884644,-0.07589036,-0.9870819,-0.1411032
1356781377288,0.71516937,0.021501213,-0.69862044,0.69631135,-0.108706,0.70945996,-0.060690016,-0.99384135,-0.09271474
1356781377328,0.7139515,0.002267629,-0.7001914,0.6991559,-0.056769773,0.7127118,-0.03813359,-0.9983847,-0.04211627
1356781377365,0.70072585,-0.010178417,-0.71335804,0.71336067,-0.0040103346,0.70078564,-0.009993672,-0.99994016,0.0044507384
1356781377408,0.6788532,-0.017520487,-0.73406494,0.7339656,0.045165226,0.6776833,0.021280885,-0.99882585,0.04351999
1356781377448,0.65090513,-0.021712542,-0.75884855,0.757365,0.08725421,0.64713603,0.052161753,-0.99594945,0.07323854
1356781377488,0.61768264,-0.023293197,-0.78608245,0.78225213,0.121062085,0.6110856,0.08093065,-0.9923716,0.092999086
1356781377528,0.57809544,-0.022087932,-0.81567013,0.80881476,0.14759558,0.5692399,0.10781592,-0.98880106,0.10318941
1356781377568,0.53221035,-0.01872462,-0.846405,0.83609015,0.16875589,0.5219911,0.13306174,-0.98548,0.10546908
1356781377608,0.48462206,-0.015671432,-0.87458324,0.86102486,0.1848027,0.47379762,0.15420029,-0.9826507,0.103052944
1356781377648,0.44386047,-0.01570046,-0.89595836,0.8804813,0.19348033,0.43280262,0.1665551,-0.98097855,0.09970221
1356781377688,0.41710484,-0.019452184,-0.90865016,0.89344,0.19214956,0.40600926,0.16669893,-0.98117286,0.097525865
1356781377728,0.40643597,-0.025079608,-0.913335,0.9003896,0.18086785,0.39570874,0.15526873,-0.9831876,0.09609264
1356781377768,0.41082808,-0.030208796,-0.91121227,0.901492,0.16269502,0.4010519,0.13613445,-0.9862139,0.09407267
1356781377808,0.42960265,-0.03383988,-0.9023838,0.89582276,0.14186916,0.42115888,0.11376846,-0.9893068,0.09126189
1356781377848,0.4613744,-0.036218524,-0.886466,0.88253593,0.12111443,0.45438057,0.09090683,-0.99197763,0.08784324
1356781377888,0.5003808,-0.036913395,-0.8650182,0.86312646,0.099801615,0.49502766,0.06805706,-0.9943224,0.081799716
1356781377928,0.53598106,-0.033347726,-0.8435711,0.84305793,0.07377696,0.53273845,0.04447049,-0.9967171,0.06765711
1356781377968,0.55637985,-0.020564914,-0.8306736,0.830691,0.037646234,0.5554595,0.019848764,-0.99907947,0.038028702
1356781378038,0.54356104,0.013430744,-0.8392622,0.8393452,-0.016332552,0.54335344,-0.006409645,-0.9997765,-0.02015078
1356781378051,0.522115,0.053933084,-0.8511681,0.8523637,-0.067552686,0.51856804,-0.029530704,-0.99625695,-0.08124089
1356781378089,0.489843,0.09865296,-0.86621094,0.87045896,-0.11064994,0.47964337,-0.048527956,-0.9889511,-0.14007446
1356781378129,0.46237618,0.13338566,-0.8765937,0.8845173,-0.13845418,0.44548795,-0.061946362,-0.9813453,-0.18199986
1356781378170,0.45118958,0.14821565,-0.88003415,0.8897803,-0.15061872,0.43081912,-0.068695486,-0.97741807,-0.19983697
1356781378209,0.4575132,0.14171004,-0.87783825,0.8865825,-0.14843094,0.4381093,-0.06821385,-0.97871685,-0.1935468
1356781378249,0.47548914,0.118831396,-0.87165886,0.87764126,-0.13217704,0.46073312,-0.060463727,-0.9840774,-0.16714007
1356781378289,0.4967836,0.087643236,-0.8634377,0.8666625,-0.10265748,0.48821878,-0.045849264,-0.9908482,-0.12695569
1356781378329,0.51509655,0.055506438,-0.85533303,0.8567623,-0.06265809,0.511891,-0.02518028,-0.99649036,-0.079830796
1356781378369,0.5276532,0.02699548,-0.84903085,0.8494599,-0.016519621,0.5273946,2.1162629E-4,-0.999499,-0.03164822
1356781378409,0.5341517,0.0040951967,-0.84537876,0.84491915,0.030737683,0.5340102,0.028171897,-0.9995191,0.012958452
1356781378449,0.5352473,-0.012700468,-0.84459996,0.8428364,0.07433182,0.533012,0.05601117,-0.99715275,0.05049032
1356781378489,0.5310409,-0.023227096,-0.8470278,0.84337324,0.111175254,0.525701,0.081957966,-0.99352926,0.078627735
1356781378528,0.52003133,-0.027128011,-0.8537163,0.8475064,0.14078031,0.5117752,0.106303036,-0.98966914,0.0962013
1356781378568,0.50016314,-0.024658173,-0.8655801,0.8560865,0.16438128,0.4899947,0.13020283,-0.9860887,0.10332695
1356781378608,0.47240758,-0.017998606,-0.8811964,0.86800694,0.18300404,0.46159884,0.15295434,-0.98294735,0.10207543
1356781378648,0.44358474,-0.010963291,-0.8961654,0.87980354,0.19590677,0.4330893,0.17081678,-0.98056126,0.09654683
1356781378688,0.4243781,-0.0066666603,-0.90546054,0.8876391,0.2006151,0.41454837,0.1788854,-0.9796474,0.09105423
1356781378728,0.4239263,-0.0054524243,-0.9056803,0.8887117,0.19525819,0.41480818,0.17457974,-0.98073673,0.087620735
1356781378768,0.44708207,-0.0051683784,-0.89447796,0.8801066,0.18116584,0.4388521,0.15978065,-0.98343897,0.085544735
1356781378808,0.49702203,-0.0035350025,-0.86773074,0.8565084,0.16235612,0.4899326,0.13914946,-0.98672587,0.08372235
1356781378848,0.57600784,2.9852986E-4,-0.8174441,0.8089917,0.14322557,0.57010424,0.1172491,-0.98969007,0.082257524
1356781378888,0.6772323,0.0055743754,-0.7357481,0.7294861,0.12531656,0.6724179,0.09594977,-0.9921012,0.08080198
1356781378928,0.7804047,0.010636568,-0.6251842,0.6208286,0.105841845,0.77676845,0.07443276,-0.994326,0.075996004
1356781378968,0.8632247,0.013086587,-0.50465024,0.5022521,0.07843676,0.86115646,0.0508527,-0.9968332,0.06113579
1356781379037,0.91702116,0.010954544,-0.39868823,0.39808512,0.036281317,0.91663074,0.024506181,-0.9992815,0.028909896
1356781379050,0.94613326,0.004569873,-0.32374525,0.32376266,-0.022934675,0.9458604,-0.0031025112,-0.99972653,-0.023178816
1356781379089,0.9584414,-0.0033721477,-0.2852694,0.28388882,-0.08768448,0.95483947,-0.028233588,-0.9961425,-0.08308312
1356781379129,0.95988417,-0.008449942,-0.2802695,0.2762329,-0.14312166,0.9503745,-0.048143223,-0.9896691,-0.13504606
1356781379169,0.9529785,-0.00825572,-0.30292547,0.2967718,-0.17680633,0.9384382,-0.06130662,-0.9842111,-0.16604257
1356781379208,0.9391129,-0.004098311,-0.34358427,0.33696878,-0.18464074,0.9232333,-0.06722337,-0.9827975,-0.17201748
1356781379248,0.919197,9.833723E-4,-0.3937966,0.38828725,-0.16896942,0.90591514,-0.065648735,-0.98562074,-0.15569803
1356781379288,0.89398974,0.0048857033,-0.44806078,0.4445348,-0.13533661,0.88547885,-0.05631283,-0.9907876,-0.123161405
1356781379328,0.86424077,0.006745979,-0.50303316,0.50152856,-0.089980125,0.86044914,-0.039458424,-0.9959207,-0.08114779
1356781379368,0.83097684,0.006005496,-0.55627453,0.55605876,-0.03882876,0.8302355,-0.016613454,-0.9992279,-0.03560523
1356781379408,0.795372,0.0023480654,-0.6061171,0.60604846,0.012457997,0.7953301,0.009418458,-0.9999196,0.008485705
1356781379448,0.7580601,-0.0036429465,-0.65217453,0.6512134,0.058784068,0.75661457,0.03558117,-0.9982641,0.046934187
1356781379488,0.7183971,-0.009983093,-0.69556165,0.69301367,0.09696479,0.71437377,0.060313314,-0.99523777,0.07657765
1356781379528,0.67426246,-0.013802409,-0.73836285,0.73365366,0.12677918,0.66759217,0.08439469,-0.991835,0.09560862
1356781379568,0.6233525,-0.01347056,-0.78182495,0.7742944,0.15011984,0.61476195,0.109086245,-0.98857605,0.10400775
1356781379608,0.5659079,-0.010659993,-0.82439953,0.8136549,0.16863711,0.55635166,0.1330936,-0.9856205,0.10410665
1356781379648,0.5063142,-0.009947389,-0.8622917,0.84891665,0.1815518,0.49636632,0.15161309,-0.983331,0.10036677
1356781379688,0.45082366,-0.014899135,-0.8924886,0.8782842,0.18583804,0.44054618,0.15929458,-0.9824674,0.09686586
1356781379728,0.40306365,-0.024863154,-0.91483414,0.9020599,0.17940122,0.39255974,0.15436208,-0.98346174,0.094738156
1356781379768,0.36327052,-0.035946995,-0.9309899,0.92107975,0.16418862,0.3530639,0.14016634,-0.9857737,0.09275496
1356781379808,0.3318732,-0.044806898,-0.94225925,0.935356,0.14518407,0.32253787,0.12234908,-0.9883895,0.090093136
1356781379848,0.31120342,-0.050504416,-0.9490005,0.9445063,0.12694371,0.30297396,0.105168134,-0.99062335,0.08720702
1356781379888,0.30307305,-0.05284801,-0.9515009,0.9487339,0.110741794,0.29604095,0.08972576,-0.99244314,0.08370155
1356781379928,0.30512822,-0.049872518,-0.9510045,0.94939864,0.09397489,0.2996848,0.074424535,-0.9943247,0.07602328
1356781379968,0.3095794,-0.03704542,-0.9501517,0.9492037,0.07123396,0.30649316,0.056328863,-0.99677145,0.057216227
1356781380057,0.25994468,0.027701586,-0.96522605,0.9655123,0.0077139735,0.2602431,0.014654815,-0.99958646,-0.024740964
1356781380075,0.2361008,0.09659308,-0.96691585,0.97142714,-0.04824716,0.23238257,-0.024204373,-0.994154,-0.10522434
1356781380115,0.2067636,0.1588031,-0.96541727,0.97680724,-0.08962628,0.19446027,-0.055645853,-0.9832338,-0.17365149
1356781380158,0.19006339,0.19904053,-0.96138376,0.97885823,-0.113803655,0.16995662,-0.075580776,-0.97336096,-0.21646234
1356781380198,0.1962435,0.21040204,-0.95771575,0.9769757,-0.12533566,0.17265481,-0.08370897,-0.96954733,-0.23015401
1356781380238,0.21979004,0.1971766,-0.95541286,0.9721334,-0.12612808,0.19760638,-0.08154109,-0.9722206,-0.21940365
1356781380278,0.24849886,0.16891247,-0.9537908,0.9660811,-0.114637494,0.23139915,-0.07025394,-0.9789417,-0.19167048
1356781380318,0.27275243,0.13468263,-0.95261043,0.9607378,-0.09049508,0.26228505,-0.050881326,-0.9867478,-0.15407741
1356781380365,0.29581532,0.093872815,-0.9506215,0.9550406,-0.04966089,0.2922864,-0.01977098,-0.99434483,-0.10434279
1356781380395,0.3025012,0.05983588,-0.951269,0.95310545,-0.0094563365,0.30249038,0.009104252,-0.99816346,-0.05989045
1356781380438,0.3076248,0.028998584,-0.9510658,0.95074904,0.030541092,0.3084536,0.037991315,-0.99911284,-0.018175185
1356781380478,0.3089748,0.0030655563,-0.9510653,0.9487661,0.06857228,0.30844882,0.06616226,-0.99764144,0.018278658
1356781380518,0.30636242,-0.016337842,-0.9517747,0.9472015,0.10460916,0.30309469,0.09461248,-0.9943792,0.0475235
1356781380558,0.2997478,-0.028719991,-0.9535861,0.9459934,0.13832203,0.29319522,0.12348139,-0.9899708,0.068630636
1356781380598,0.29078287,-0.035897225,-0.9561154,0.9449588,0.16743273,0.28110358,0.1499942,-0.98522973,0.082607985
1356781380638,0.28249782,-0.04151386,-0.95836914,0.94434124,0.18759453,0.27023676,0.1685662,-0.9813689,0.09219834
1356781380678,0.2772754,-0.048681825,-0.95955634,0.94492435,0.19456694,0.26317617,0.17388603,-0.9796804,0.09994924
1356781380718,0.27504387,-0.05770871,-0.9596982,0.94721866,0.18726793,0.2602065,0.16470447,-0.9806123,0.10616973
1356781380758,0.2739261,-0.06629798,-0.9594629,0.9507371,0.1692119,0.2597425,0.14513215,-0.9833473,0.10938349
1356781380798,0.2727415,-0.0722014,-0.95937425,0.9543488,0.14652568,0.26028547,0.12177998,-0.98656833,0.10886899
1356781380838,0.2720305,-0.07508871,-0.9593545,0.95711136,0.124388665,0.26165852,0.09968519,-0.9893882,0.10570577
1356781380878,0.27230874,-0.075365484,-0.9592539,0.95885664,0.10441157,0.26399273,0.08026132,-0.9916745,0.10069686
1356781380918,0.2717677,-0.07154217,-0.9597,0.9603605,0.084457904,0.26565868,0.062048435,-0.9938554,0.09165922
1356781380958,0.26562262,-0.058865726,-0.9622783,0.96312803,0.06048143,0.26215732,0.042767942,-0.99643207,0.07276043
1356781380998,0.24712706,-0.030326605,-0.96850836,0.9687505,0.029631019,0.24626097,0.021229595,-0.9991007,0.03670156
1356781381037,0.2099402,0.019450754,-0.9775207,0.9777125,-0.006032467,0.20986137,-0.001814872,-0.9997926,-0.020283699
1356781381078,0.15595958,0.08160919,-0.9843863,0.98748666,-0.036470026,0.15342724,-0.023379564,-0.99599683,-0.086275846
1356781381118,0.09432131,0.14055261,-0.9855701,0.9946805,-0.054474413,0.08742452,-0.04140064,-0.98857343,-0.144943
1356781381158,0.03538966,0.1806319,-0.98291385,0.99788034,-0.060132384,0.024877876,-0.054611236,-0.9817108,-0.1823771
1356781381198,-0.0140735805,0.19461411,-0.98077893,0.9979711,-0.058178276,-0.025864482,-0.062093645,-0.97915304,-0.1934005
1356781381238,-0.050801784,0.18270919,-0.9818536,0.9967321,-0.05254671,-0.06134981,-0.062802345,-0.98176175,-0.1794427
1356781381278,-0.07541031,0.1502721,-0.98576444,0.9956132,-0.043562472,-0.08280447,-0.05538553,-0.9876845,-0.14632785
1356781381318,-0.09027237,0.10504031,-0.9903622,0.9951637,-0.029158473,-0.09380269,-0.03873056,-0.99404037,-0.10190004
1356781381358,-0.09839952,0.054845333,-0.99363446,0.99505687,-0.008012593,-0.09898269,-0.013390392,-0.9984627,-0.05378574
1356781381398,-0.1026513,0.006190151,-0.99469817,0.99456465,0.018161595,-0.10252452,0.017430663,-0.99981594,-0.008020878
1356781381438,-0.10494262,-0.036859572,-0.9937949,0.9932429,0.045909286,-0.10658711,0.049553126,-0.9982653,0.0317927
1356781381478,-0.107275724,-0.07172546,-0.9916388,0.99106264,0.07182729,-0.1124087,0.07928932,-0.99483484,0.06337905
1356781381518,-0.111228585,-0.09720719,-0.9890294,0.9881878,0.09475052,-0.1204465,0.1054194,-0.9907438,0.08551991
1356781381558,-0.117673814,-0.113470525,-0.98654824,0.9846734,0.115448356,-0.13072878,0.12872928,-0.9868111,0.09814614
1356781381598,-0.1265055,-0.121854275,-0.98445314,0.9806721,0.13396603,-0.14260173,0.14925998,-0.9834657,0.10255164
1356781381638,-0.13653892,-0.12443784,-0.9827881,0.97687995,0.14783448,-0.15443647,0.16450766,-0.98115253,0.1013757
1356781381678,-0.14573383,-0.12337932,-0.9816003,0.9744921,0.15325862,-0.16394186,0.17066571,-0.9804536,0.09789723
1356781381718,-0.15185666,-0.120031565,-0.9810871,0.9744257,0.14815474,-0.16895166,0.16563222,-0.981653,0.09446359
1356781381758,-0.1530202,-0.1144945,-0.9815679,0.9766061,0.13433069,-0.16791567,0.15108007,-0.9842998,0.09126079
1356781381798,-0.14709449,-0.10662311,-0.9833589,0.98033005,0.11654812,-0.1592784,0.13159138,-0.98744524,0.08738226
1356781381838,-0.13102084,-0.0971145,-0.9866116,0.9850547,0.09948468,-0.14060658,0.111807734,-0.9902887,0.08262843
1356781381878,-0.10214138,-0.08638877,-0.99101174,0.99030906,0.085408926,-0.10951424,0.094102055,-0.99259377,0.076827765
1356781381918,-0.060753226,-0.072511435,-0.9955155,0.9950807,0.073790014,-0.06610137,0.078252256,-0.9946342,0.067671716
1356781381958,-0.0126392245,-0.05075136,-0.99863136,0.9979559,0.06192845,-0.015777946,0.06264448,-0.99678946,0.04986489
1356781381998,0.03174737,-0.015499532,-0.9993757,0.99842507,0.046762973,0.030991852,0.046253353,-0.9987857,0.016959786
1356781382037,0.059134394,0.03709221,-0.9975606,0.9978113,0.027426451,0.06016895,0.029591292,-0.99893534,-0.035389125
1356781382078,0.07133639,0.09856126,-0.99257076,0.99734926,0.007254958,0.07240024,0.014336914,-0.99510455,-0.09778249
1356781382119,0.07870889,0.15400043,-0.9849309,0.9968971,-0.011082232,0.07793236,0.0010864139,-0.9880086,-0.1543948
1356781382158,0.10095066,0.18815196,-0.97693795,0.99484026,-0.029051423,0.09720543,-0.01009208,-0.9817102,-0.19011384
1356781382198,0.14964023,0.19380689,-0.9695601,0.9885663,-0.0477359,0.14303163,-0.018562317,-0.9798777,-0.19873416
1356781382238,0.22227234,0.1722315,-0.9596517,0.97471255,-0.0625059,0.21454257,-0.023032933,-0.9830714,-0.18176949
1356781382278,0.30413008,0.13148883,-0.9435123,0.9523746,-0.064925134,0.29793862,-0.02208212,-0.98918927,-0.1449723
1356781382318,0.37663192,0.083554864,-0.92258716,0.9262439,-0.049933493,0.37360248,-0.01485166,-0.9952513,-0.09619877
1356781382358,0.4282712,0.03846976,-0.90283096,0.90364873,-0.02006355,0.42780408,-0.0016565025,-0.99905825,-0.043355793
1356781382398,0.45743328,8.7735057E-4,-0.88924354,0.8890976,0.017694592,0.45737568,0.01613611,-0.9998431,0.0073140264
1356781382438,0.46687478,-0.028211534,-0.88387334,0.88357043,0.056119204,0.46492353,0.03648609,-0.9980254,0.051127493
1356781382478,0.459691,-0.049061507,-0.8867227,0.8862015,0.090230584,0.4544284,0.057714522,-0.99471164,0.08495659
1356781382518,0.43756703,-0.062052935,-0.89704204,0.8956671,0.1182473,0.42871654,0.07946959,-0.9910433,0.10731995
1356781382558,0.40160698,-0.067978084,-0.9132857,0.91009355,0.14089346,0.38971618,0.10218376,-0.9876882,0.118450224
1356781382598,0.35508108,-0.069050014,-0.9322819,0.92648804,0.15896714,0.3411004,0.12464923,-0.9848663,0.12042022
1356781382638,0.30502254,-0.068648815,-0.9498677,0.94159925,0.17114913,0.28999808,0.14266106,-0.9828507,0.11684397
1356781382678,0.26017928,-0.06952417,-0.96305406,0.95370686,0.1743092,0.24507046,0.15083086,-0.9822335,0.11165732
1356781382718,0.22701785,-0.07181728,-0.971239,0.9627906,0.1666902,0.21271735,0.14661929,-0.9833904,0.10698661
1356781382758,0.2087177,-0.07350215,-0.97520983,0.96899414,0.15037763,0.19605333,0.13223943,-0.9858925,0.102609605
1356781382798,0.20806214,-0.07262549,-0.9754157,0.9715632,0.13058189,0.19751784,0.11302677,-0.98877394,0.097729385
1356781382838,0.22919175,-0.06889191,-0.9709403,0.9688196,0.11260322,0.22070158,0.0941264,-0.99124897,0.09255156
1356781382878,0.27320975,-0.062729776,-0.959907,0.958793,0.098593295,0.26644963,0.0779261,-0.99314874,0.08708152
1356781382918,0.3343018,-0.05314949,-0.94096625,0.94027936,0.08678177,0.32915595,0.06416419,-0.99480855,0.078986704
1356781382958,0.39829683,-0.03756827,-0.916487,0.9158391,0.07181531,0.39507148,0.05097568,-0.9967102,0.063010275
1356781382998,0.44935718,-0.012761503,-0.893261,0.8926039,0.047331423,0.4483503,0.036557615,-0.99879766,0.03265971
1356781383038,0.47571313,0.024659693,-0.8792547,0.879369,0.009596184,0.47604412,0.02017656,-0.9996498,-0.017119944
1356781383078,0.4840421,0.06837484,-0.8723692,0.8750378,-0.033849105,0.48286974,0.0034872293,-0.99708533,-0.07621497
1356781383118,0.48191333,0.10941371,-0.8693608,0.87613153,-0.074182466,0.47633034,-0.012374222,-0.99122435,-0.13161033
1356781383158,0.48166758,0.1357927,-0.86576945,0.87597466,-0.10366817,0.47108525,-0.025782824,-0.9852986,-0.16888455
1356781383198,0.4887457,0.14098346,-0.86095953,0.87172055,-0.118603885,0.4754329,-0.035084933,-0.9828819,-0.18086535
1356781383238,0.5013486,0.12576607,-0.8560564,0.86435926,-0.11756469,0.48893937,-0.03915,-0.9850693,-0.16764796
1356781383278,0.51432925,0.09599459,-0.85220325,0.8567804,-0.10075967,0.5057418,-0.037319273,-0.9902689,-0.13406995
1356781383318,0.5226286,0.05976832,-0.85046285,0.85206306,-0.070686266,0.51864433,-0.029117525,-0.9957063,-0.08786906
1356781383365,0.52760535,0.01970774,-0.8492609,0.84942806,-0.024274468,0.5271458,-0.010226518,-0.99951106,-0.029547632
1356781383395,0.51892996,-0.012140632,-0.8547305,0.8547655,0.018316954,0.51869106,0.0093587935,-0.9997585,0.019882634
1356781383438,0.5080738,-0.0354203,-0.8605849,0.860688,0.058952197,0.5057082,0.032821,-0.99763215,0.060437903
1356781383478,0.49461222,-0.05067593,-0.86763513,0.86724097,0.09427941,0.48888096,0.05702564,-0.9942552,0.09057999
1356781383518,0.47984546,-0.058514208,-0.8753996,0.873662,0.1232965,0.4706515,0.08039397,-0.99064326,0.110284865
1356781383558,0.46405426,-0.059381247,-0.88381416,0.8797763,0.14712223,0.45204934,0.103185415,-0.98733413,0.12051493
1356781383598,0.44755018,-0.05416408,-0.892617,0.88535285,0.167359,0.4337526,0.12589362,-0.984407,0.1228559
1356781383638,0.43193886,-0.045391947,-0.90075994,0.8899311,0.18363854,0.41749212,0.14646351,-0.9819453,0.11971629
1356781383678,0.42036238,-0.037115574,-0.9065969,0.89316773,0.19293198,0.40623713,0.15983382,-0.9805099,0.11425179
1356781383718,0.41585645,-0.032765508,-0.9088398,0.89507097,0.1916323,0.40264758,0.16097009,-0.9809197,0.10901898
1356781383758,0.41942602,-0.03299749,-0.9071896,0.8954898,0.1789878,0.40750644,0.14892921,-0.9832978,0.10462105
1356781383798,0.4299356,-0.035951734,-0.9021435,0.89381087,0.15805975,0.41966563,0.12750483,-0.98677486,0.10008958
1356781383838,0.44578132,-0.039418936,-0.8942736,0.88924193,0.134015,0.4373659,0.10260564,-0.99019504,0.09479433
1356781383878,0.46581107,-0.04246512,-0.88386464,0.8813802,0.111067,0.4591655,0.07866964,-0.9929052,0.08916414
1356781383918,0.48843193,-0.044487953,-0.87146723,0.8707131,0.0905239,0.4833881,0.057383627,-0.9949001,0.08295101
1356781383958,0.51049846,-0.043578207,-0.8587737,0.85902065,0.07045008,0.5070703,0.03840342,-0.99656296,0.07339923
1356781383998,0.52758497,-0.036072105,-0.84873605,0.84925115,0.046684995,0.52592105,0.020652205,-0.9982582,0.055264547
1356781384038,0.53480554,-0.016383678,-0.84481627,0.84496903,0.014162675,0.5346276,0.003205657,-0.99976546,0.021418005
1356781384078,0.53068393,0.016178817,-0.84741545,0.84746134,-0.026129678,0.53021383,-0.013564408,-0.9995277,-0.02757755
1356781384118,0.5156391,0.059132814,-0.8547629,0.85630715,-0.06960003,0.5117558,-0.029229939,-0.9958209,-0.08652437
1356781384158,0.49431592,0.10170916,-0.86331165,0.868225,-0.10673584,0.48455435,-0.042862654,-0.98907167,-0.14106765
1356781384198,0.47266954,0.13182804,-0.87132365,0.87964845,-0.12997253,0.4575212,-0.05293399,-0.9827149,-0.17739642
1356781384238,0.45448822,0.14288884,-0.8792174,0.8888704,-0.13688673,0.4372315,-0.05787766,-0.9802269,-0.18922311
1356781384278,0.4407901,0.13428608,-0.8875085,0.8958061,-0.12846944,0.42547286,-0.05688268,-0.9825797,-0.17692232
1356781384318,0.43061164,0.10995275,-0.89581466,0.9011648,-0.10709682,0.42003825,-0.04975453,-0.9881501,-0.1452027
1356781384358,0.42216808,0.07656205,-0.9032787,0.9057888,-0.075574934,0.41693547,-0.036343783,-0.99419653,-0.101254374
1356781384398,0.41411713,0.040887475,-0.90930474,0.9100698,-0.03695932,0.4128036,-0.016728848,-0.9984799,-0.052515924
1356781384438,0.40607816,0.0077935755,-0.9138051,0.91380394,0.0052106977,0.40612206,0.0079267025,-0.999956,-0.0050058365
1356781384478,0.39828253,-0.020110607,-0.9170424,0.91659087,0.0469867,0.3970561,0.035103768,-0.9986931,0.037147164
1356781384518,0.39094058,-0.04170674,-0.9194705,0.9183271,0.08493814,0.3866017,0.061974227,-0.99551296,0.0715062
1356781384558,0.3838595,-0.0565131,-0.92166054,0.91929924,0.11725536,0.37568635,0.086838454,-0.99149257,0.096962005
1356781384598,0.3764823,-0.06436086,-0.92418545,0.91992056,0.1439659,0.36471903,0.109577596,-0.98748744,0.11340746
1356781384638,0.36839694,-0.06590685,-0.92732954,0.920478,0.16577023,0.35389346,0.13039961,-0.9839596,0.121735066
1356781384678,0.35989356,-0.06299782,-0.93086404,0.9211956,0.1821565,0.34382775,0.14790255,-0.98124933,0.12359029
1356781384718,0.35233232,-0.05862555,-0.93403697,0.9224527,0.19017825,0.33602586,0.15793383,-0.97999763,0.12108526
1356781384758,0.34771693,-0.055532873,-0.93595356,0.9245551,0.18624419,0.3324319,0.155855,-0.98093283,0.1161035
1356781384798,0.34764922,-0.05441171,-0.9360446,0.92703116,0.16958994,0.33444348,0.14054611,-0.98401153,0.10939917
1356781384838,0.35281202,-0.053636104,-0.9341557,0.92846096,0.14396408,0.34239534,0.11612013,-0.9881283,0.10059127
1356781384878,0.36375505,-0.051319987,-0.9300798,0.92719567,0.11576635,0.3562393,0.08938977,-0.9919498,0.08969426
1356781384918,0.3814868,-0.046962082,-0.92318046,0.92205614,0.09001657,0.37644303,0.06542298,-0.9948324,0.077641815
1356781384958,0.40649658,-0.04044488,-0.9127567,0.91251373,0.06783253,0.40338266,0.045599848,-0.9968766,0.064480186
1356781384998,0.43725076,-0.030437022,-0.89882445,0.89887834,0.046798497,0.43569225,0.028802454,-0.99844056,0.04782185
1356781385047,0.4696203,-0.013654381,-0.8827629,0.882761,0.022865236,0.46926555,0.013777047,-0.99964523,0.022791535
1356781385077,0.49838954,0.013973206,-0.8668406,0.8669528,-0.007097706,0.49833968,8.108318E-4,-0.9998772,-0.015651524
1356781385118,0.5179496,0.055738986,-0.8535932,0.8553667,-0.043914527,0.5161581,-0.0087150335,-0.9974791,-0.07042277
1356781385158,0.52794826,0.10753611,-0.84244096,0.84915626,-0.08353539,0.5214935,-0.014294237,-0.9906855,-0.13541731
1356781385198,0.5332413,0.15727344,-0.83121526,0.84578884,-0.11906646,0.5200621,-0.01717788,-0.9803511,-0.1965113
1356781385238,0.5409842,0.190884,-0.8190844,0.84082365,-0.1444665,0.52167505,-0.018750876,-0.9709236,-0.23865384
1356781385278,0.5542639,0.20189703,-0.8074832,0.8321328,-0.15610814,0.5321515,-0.018614948,-0.9668856,-0.25453022
1356781385318,0.57174546,0.19164443,-0.797734,0.82028615,-0.15180494,0.55143976,-0.015419632,-0.96965337,-0.24399704
1356781385358,0.59034806,0.16574737,-0.7899474,0.80710554,-0.1313455,0.5756118,-0.008349866,-0.9773823,-0.21131521
1356781385398,0.60738355,0.13141349,-0.78346395,0.7944044,-0.09722042,0.599558,0.002621293,-0.9865489,-0.16344555
1356781385438,0.6215261,0.09532839,-0.7775717,0.78321046,-0.054163143,0.619393,0.016930014,-0.9939712,-0.108326
1356781385478,0.63296235,0.062062204,-0.771691,0.7734574,-0.007558778,0.6338033,0.03350222,-0.9980437,-0.0527869
1356781385518,0.64263237,0.034090012,-0.76541597,0.7644925,0.037634283,0.6435332,0.050743937,-0.99871,-0.0018765479
1356781385558,0.65137297,0.012665957,-0.758652,0.75581145,0.077196255,0.6502229,0.0668008,-0.9969355,0.04071048
1356781385598,0.65932584,-0.0013237298,-0.75185615,0.7475052,0.1085946,0.6553191,0.08078003,-0.9940852,0.07258873
1356781385638,0.6657219,-0.006839484,-0.7461686,0.74027276,0.13183898,0.6592531,0.09386513,-0.99124753,0.092831194
1356781385678,0.6694475,-0.0035051703,-0.74285114,0.7349215,0.14892077,0.66159874,0.108306915,-0.9888429,0.10227068
1356781385718,0.6703362,0.0067573786,-0.74202675,0.7315501,0.16166277,0.662344,0.124433815,-0.98682296,0.10342504
1356781385758,0.6703534,0.019240975,-0.74179244,0.72889763,0.17024922,0.66311646,0.1390486,-0.98521316,0.10010244
