1356876595071,0.40085,0.6872448,-0.6058167,-0.31415418,-0.51806265,-0.7955616,-0.86059654,0.5092208,0.008235425
1356876595072,0.5067507,0.8578098,-0.085825324,-0.050765693,-0.0696893,-0.99627614,-0.8605966,0.5092207,0.008232206
1356876595108,0.506752,0.85780865,-0.085829526,-0.050748885,-0.069704175,-0.996276,-0.8605969,0.5092207,0.008210078
1356876595151,0.50675,0.8578073,-0.08585575,-0.050700366,-0.06976333,-0.9962744,-0.86060095,0.50921494,0.008138537
1356876595189,0.50673395,0.8578099,-0.08592349,-0.050615996,-0.06989205,-0.99626964,-0.8606153,0.50919276,0.0080022365
1356876595231,0.5067191,0.8578106,-0.08600426,-0.05051282,-0.07004705,-0.996264,-0.8606301,0.5091703,0.007836267
1356876595269,0.5067822,0.8577722,-0.08601573,-0.05046761,-0.07008642,-0.9962634,-0.8605956,0.50922954,0.007771194
1356876595308,0.5069956,0.85765463,-0.08592972,-0.050544262,-0.0699389,-0.99626994,-0.8604654,0.5094477,0.007890865
1356876595349,0.50731987,0.8575002,-0.0855571,-0.050466657,-0.06954861,-0.9963013,-0.86027884,0.5097612,0.007991746
1356876595390,0.5075753,0.85738635,-0.08518165,-0.04995796,-0.06941113,-0.9963364,-0.86015785,0.5099712,0.007601917
1356876595428,0.5076576,0.8573761,-0.08479345,-0.04861906,-0.06975299,-0.9963788,-0.860186,0.5099418,0.0062742233
1356876595468,0.5076804,0.85741204,-0.08429226,-0.046242833,-0.070578784,-0.99643385,-0.8603035,0.5097679,0.0038176775
1356876595510,0.50793874,0.8573389,-0.08347571,-0.042863607,-0.07163131,-0.99650973,-0.86032605,0.509744,3.643185E-4
1356876595548,0.50869906,0.8570179,-0.08213228,-0.038728505,-0.07252249,-0.9966146,-0.8600729,0.5101577,-0.0037011355
1356876595600,0.5103551,0.85623455,-0.08000007,-0.0333443,-0.073254585,-0.9967557,-0.85931706,0.51136696,-0.008835301
1356876595638,0.51215494,0.85545754,-0.07674536,-0.027190626,-0.07316026,-0.99694955,-0.8584627,0.51267934,-0.014209002
1356876595679,0.5137175,0.8548423,-0.07306838,-0.020044327,-0.073183835,-0.99711704,-0.85772526,0.5137011,-0.020461082
1356876595720,0.5146798,0.85460335,-0.06897688,-0.011384904,-0.073631376,-0.9972206,-0.8573069,0.51403457,-0.028167024
1356876595758,0.51485455,0.8548436,-0.06455389,-0.0010919869,-0.07464701,-0.9972094,-0.8572768,0.5134883,-0.037498876
1356876595799,0.5143523,0.85548425,-0.05990264,0.01042375,-0.07608229,-0.99704707,-0.8575156,0.51220906,-0.04805045
1356876595840,0.5134953,0.8563167,-0.055174142,0.022174329,-0.07751906,-0.99674416,-0.85780585,0.5106,-0.058793917
1356876595881,0.5125591,0.8571569,-0.050649136,0.03261599,-0.07837999,-0.99638987,-0.8580322,0.5090567,-0.0681314
1356876595920,0.5115192,0.8579956,-0.0468148,0.039984375,-0.07819004,-0.9961363,-0.85834104,0.507671,-0.07430212
1356876595960,0.51000196,0.8590299,-0.044336647,0.042901963,-0.07688278,-0.99611676,-0.8591027,0.5061194,-0.07606445
1356876596000,0.5074142,0.8605801,-0.04396254,0.040759146,-0.07493091,-0.9963553,-0.86073774,0.503773,-0.07309748
1356876596040,0.50316745,0.86294234,-0.046401948,0.03384313,-0.07332957,-0.9967334,-0.863526,0.4999535,-0.066101715
1356876596106,0.49673012,0.8663323,-0.052226007,0.0230138,-0.073301226,-0.9970442,-0.86759984,0.49405992,-0.056348518
1356876596121,0.48770383,0.8708106,-0.06191784,0.009514153,-0.07622203,-0.9970454,-0.8729573,0.48567376,-0.045458794
1356876596160,0.47658518,0.87587494,-0.075562805,-0.004906118,-0.08330086,-0.9965124,-0.8791146,0.47529376,-0.03540285
1356876596200,0.46326676,0.88136375,-0.092638046,-0.018963307,-0.094649225,-0.9953301,-0.886016,0.4628601,-0.02713427
1356876596240,0.44839588,0.88664997,-0.11310619,-0.032079995,-0.11049512,-0.99335885,-0.8932592,0.4490465,-0.021101862
1356876596280,0.43305087,0.89104116,-0.13606057,-0.043869585,-0.12993473,-0.99055153,-0.9003012,0.43492812,-0.017178714
1356876596320,0.41859612,0.89391524,-0.16028997,-0.054275155,-0.1515579,-0.9869571,-0.9065492,0.4218361,-0.014924124
1356876596360,0.40616286,0.8949927,-0.1844444,-0.06340775,-0.17375344,-0.98274577,-0.9115981,0.41085005,-0.013822719
1356876596400,0.39622638,0.89442,-0.20740667,-0.07159832,-0.19510838,-0.9781649,-0.915357,0.40242472,-0.013268173
1356876596441,0.3883841,0.8927841,-0.22824213,-0.0793232,-0.21437609,-0.9735249,-0.9180771,0.3962065,-0.012441784
1356876596480,0.3816484,0.89083266,-0.24649882,-0.0874781,-0.23067603,-0.96909034,-0.92015874,0.391415,-0.010108769
1356876596520,0.37571418,0.88902867,-0.26166174,-0.09714237,-0.24301165,-0.965147,-0.92163014,0.38803783,-0.004940599
1356876596560,0.37220946,0.88714105,-0.27283868,-0.10913545,-0.25008866,-0.9620526,-0.92171013,0.3878615,0.003733158
1356876596600,0.37385404,0.8844918,-0.27911893,-0.12351179,-0.25078303,-0.96013165,-0.9192269,0.3934236,0.015488923
1356876596640,0.3819834,0.8806964,-0.2801115,-0.13897625,-0.24490827,-0.95953393,-0.91365975,0.40545484,0.028845027
1356876596678,0.39596003,0.87583256,-0.27592185,-0.15310773,-0.23330498,-0.9602743,-0.9054135,0.422476,0.04171735
1356876596719,0.413862,0.8704182,-0.26662785,-0.16254559,-0.21752518,-0.96242493,-0.8957104,0.44165033,0.05145724
1356876596760,0.4338466,0.8650042,-0.25208086,-0.16431734,-0.19912797,-0.96609926,-0.88587636,0.46056017,0.05574426
1356876596798,0.4544817,0.8601085,-0.2316457,-0.15631759,-0.17900714,-0.9713502,-0.87693286,0.47767115,0.05309467
1356876596839,0.47468096,0.8560988,-0.20438394,-0.1369744,-0.15753073,-0.9779683,-0.86943424,0.49221832,0.0424868
1356876596880,0.49310938,0.8533404,-0.16927326,-0.10452363,-0.13505182,-0.9853101,-0.86366546,0.50355875,0.022598863
1356876596918,0.5072451,0.85259324,-0.12564677,-0.057080805,-0.112237215,-0.9920406,-0.85990936,0.51037973,-0.008265063
1356876596959,0.5130201,0.85512793,-0.07460949,0.0070641935,-0.09112245,-0.9958147,-0.85834754,0.51034594,-0.05278848
1356876596999,0.505586,0.8625636,-0.01915136,0.088193536,-0.07374966,-0.99336946,-0.8582567,0.50054467,-0.11335933
1356876597040,0.48202682,0.87539893,0.036426663,0.18133372,-0.059001103,-0.9816501,-0.85718626,0.479787,-0.18717948
1356876597107,0.4436016,0.8919704,0.087215245,0.27630746,-0.043540254,-0.96008253,-0.8525678,0.4499924,-0.2657726
1356876597121,0.39707857,0.908051,0.13331154,0.35967264,-0.020326719,-0.93285716,-0.84437215,0.41836616,-0.3346724
1356876597160,0.35159326,0.91906136,0.17806864,0.42136306,0.014493093,-0.9067762,-0.8359637,0.39384794,-0.3821628
1356876597200,0.31394917,0.92256457,0.22430012,0.45824653,0.059668183,-0.8868201,-0.83153236,0.38120115,-0.4040292
1356876597240,0.28643304,0.9179958,0.27429864,0.47228837,0.11380887,-0.8740659,-0.8336065,0.3799094,-0.40096015
1356876597280,0.26962876,0.9054215,0.3278907,0.46720254,0.17474186,-0.8667105,-0.8420345,0.3868814,-0.3758998
1356876597320,0.26362664,0.8849566,0.38386577,0.44798544,0.24010527,-0.861196,-0.85428923,0.39900047,-0.3331495
1356876597360,0.26793396,0.8571127,0.43996507,0.4201259,0.30701208,-0.8539542,-0.8670096,0.41364408,-0.27783632
1356876597400,0.28091758,0.8236047,0.4927075,0.38868943,0.37175876,-0.8430397,-0.8774998,0.4283349,-0.21569288
1356876597440,0.29974234,0.78787386,0.53796786,0.3575406,0.43002552,-0.8290012,-0.88448817,0.44083214,-0.15280002
1356876597480,0.32101646,0.7546482,0.57223624,0.32870242,0.477878,-0.81460863,-0.88820213,0.44959825,-0.094648
1356876597520,0.34154814,0.72884655,0.59340334,0.30250928,0.5125229,-0.80362207,-0.88985,0.45398563,-0.045431614
1356876597560,0.35895926,0.71408284,0.6010274,0.27797598,0.5329307,-0.79919595,-0.89099807,0.45395,-0.0071974993
1356876597600,0.37175605,0.7120818,0.595598,0.2532683,0.5394441,-0.8030287,-0.893114,0.44937682,0.020193875
1356876597640,0.379354,0.722525,0.577969,0.22649588,0.5331395,-0.8151453,-0.897101,0.44013625,0.03859967
1356876597680,0.382707,0.7425802,0.5496453,0.19728142,0.51552945,-0.8338521,-0.9025605,0.42755586,0.05079943
1356876597720,0.38520637,0.76680875,0.5134397,0.16789514,0.48885563,-0.85605574,-0.9074289,0.41596213,0.059566855
1356876597760,0.39150307,0.7892009,0.47316727,0.14179084,0.45633176,-0.8784399,-0.90918684,0.41100273,0.066753805
1356876597800,0.40443724,0.80653757,0.43119335,0.12038958,0.42042065,-0.8993069,-0.9066074,0.41562438,0.072935045
1356876597840,0.4234109,0.8187512,0.38777524,0.102808565,0.38184655,-0.9184899,-0.9000854,0.42876524,0.077503294
1356876597880,0.4453169,0.8280048,0.34073585,0.08695251,0.33876085,-0.93684596,-0.8911409,0.44682115,0.07885885
1356876597920,0.46686548,0.83617663,0.28782862,0.07122007,0.2888677,-0.9547162,-0.88145584,0.4662232,0.07530978
1356876597960,0.4859748,0.8437998,0.22766298,0.054771453,0.2305757,-0.9715117,-0.8722549,0.48459962,0.06583786
1356876598000,0.50163627,0.85028386,0.15930617,0.037430048,0.1626462,-0.98597425,-0.86426854,0.5005633,0.049763054
1356876598040,0.5133305,0.85428786,0.081756026,0.020031244,0.08331233,-0.99632215,-0.8579571,0.51308024,0.025654316
1356876598107,0.52066326,0.8537382,-0.0063934624,0.0047056675,-0.010358065,-0.99993527,-0.85374916,0.5205995,-0.009410456
1356876598121,0.52374375,0.84536695,-0.10510582,-0.0040026605,-0.12093818,-0.99265194,-0.8518664,0.520316,-0.059956893
1356876598160,0.52549446,0.8256289,-0.2054083,-3.0264258E-4,-0.24124894,-0.97046316,-0.85079694,0.51003516,-0.12652507
1356876598200,0.5304853,0.7969953,-0.2887627,0.023874193,-0.35455665,-0.9347297,-0.84735787,0.48896635,-0.2071147
1356876598240,0.541155,0.7677648,-0.3430575,0.06428492,-0.44452977,-0.8934544,-0.8384621,0.46144384,-0.2899152
1356876598280,0.5541862,0.7441813,-0.37292337,0.10466674,-0.5067576,-0.8557111,-0.825786,0.43519065,-0.35872912
1356876598320,0.56434184,0.726608,-0.39186615,0.12939656,-0.5466659,-0.82729244,-0.81533724,0.41616964,-0.40252703
1356876598360,0.5678719,0.7125318,-0.41209215,0.13107312,-0.572539,-0.80933243,-0.8126139,0.40558296,-0.4185226
1356876598400,0.5627074,0.69932675,-0.4407975,0.10874894,-0.59121895,-0.79914564,-0.8194718,0.40174896,-0.40873432
1356876598440,0.54801893,0.6854266,-0.47944307,0.065357536,-0.6065124,-0.79238313,-0.8339087,0.40290576,-0.37717807
1356876598480,0.52388054,0.67044157,-0.52541155,0.00612098,-0.61977816,-0.7847532,-0.85176975,0.40790093,-0.32879347
1356876598520,0.4908872,0.65470695,-0.5747944,-0.06278336,-0.63145673,-0.7728653,-0.868958,0.41547716,-0.2688693
1356876598560,0.45063087,0.63944554,-0.6229295,-0.13402268,-0.6414273,-0.7553866,-0.8825926,0.42388722,-0.20334673
1356876598600,0.4068629,0.62720346,-0.6641373,-0.19963808,-0.64840794,-0.7346508,-0.89140743,0.4314893,-0.13859946
1356876598640,0.3657648,0.6214739,-0.69281054,-0.25310442,-0.6499167,-0.7166216,-0.8956307,0.43746835,-0.080418855
1356876598680,0.33358938,0.6246795,-0.70604086,-0.29142845,-0.6439225,-0.7074132,-0.8965421,0.44174588,-0.03275636
1356876598720,0.31269944,0.63588023,-0.7056029,-0.31525254,-0.63126904,-0.7086009,-0.8960105,0.44402218,0.0030654054
1356876598760,0.30037063,0.65136385,-0.6967802,-0.32696918,-0.61593497,-0.71673924,-0.89602935,0.44311303,0.027967157
1356876598800,0.29179877,0.6674615,-0.6850902,-0.3295685,-0.60223794,-0.7271134,-0.8979076,0.43795496,0.044242054
1356876598840,0.2847137,0.6827024,-0.67294544,-0.32660642,-0.59091425,-0.73766434,-0.9012582,0.42981148,0.05473357
1356876598880,0.28113192,0.6974251,-0.65921396,-0.32198593,-0.57855093,-0.74940234,-0.9040409,0.42293853,0.061911907
1356876598920,0.2844634,0.7119983,-0.6419805,-0.31867415,-0.5613409,-0.76376903,-0.9041722,0.421847,0.06721449
1356876598980,0.29616272,0.72601277,-0.6206392,-0.31726402,-0.53811973,-0.78087807,-0.9009057,0.4281735,0.07096678
1356876599000,0.31537116,0.73879695,-0.5955838,-0.31583846,-0.51011497,-0.80001795,-0.89486706,0.44041085,0.07246497
1356876599040,0.34043646,0.7500307,-0.56706,-0.3113187,-0.47915608,-0.8206645,-0.88723373,0.4559205,0.07037634
1356876599103,0.36917287,0.7599338,-0.5349879,-0.30089986,-0.4469074,-0.84245664,-0.8793013,0.47198993,0.06367785
1356876599122,0.4002487,0.76905775,-0.4983484,-0.28208792,-0.41400802,-0.8654615,-0.87191015,0.48697788,0.051235735
1356876599160,0.43264735,0.7783389,-0.4549779,-0.25191918,-0.38018382,-0.88994217,-0.86565185,0.4996488,0.031592958
1356876599201,0.4645731,0.7887348,-0.40257832,-0.20734462,-0.3450911,-0.9153799,-0.86091816,0.5087333,0.0032198727
1356876599240,0.49281317,0.8007666,-0.34045273,-0.14493042,-0.31025916,-0.93953955,-0.85798043,0.5123594,-0.03684438
1356876599281,0.51197445,0.81509393,-0.27111638,-0.06326592,-0.27898133,-0.95821023,-0.85666776,0.50773156,-0.09126367
1356876599320,0.51628166,0.83211637,-0.2025724,0.03353727,-0.25599658,-0.9660957,-0.85576195,0.49198377,-0.16007322
1356876599360,0.50426733,0.8515539,-0.14342356,0.13469309,-0.24161503,-0.9609786,-0.8529784,0.46527195,-0.23653698
1356876599400,0.48093218,0.8715676,-0.095258355,0.22617736,-0.22830273,-0.94695383,-0.8470821,0.43387526,-0.30692703
1356876599440,0.4539202,0.88948417,-0.05267158,0.29717255,-0.20685063,-0.9321487,-0.84002674,0.40746856,-0.35822397
1356876599480,0.4285697,0.9034464,-0.010616243,0.34324437,-0.17367211,-0.9230499,-0.8357699,0.39194724,-0.3845335
1356876599520,0.4071737,0.9127935,0.03189668,0.36432907,-0.13029557,-0.9221103,-0.8375404,0.38707998,-0.3856102
1356876599560,0.39091253,0.9174388,0.0741173,0.36298484,-0.07966311,-0.9283834,-0.84583056,0.38982016,-0.3641577
1356876599600,0.38108873,0.91725516,0.11582005,0.3435061,-0.024169818,-0.93883944,-0.85835594,0.397566,-0.3242936
1356876599640,0.3787095,0.9122391,0.15620178,0.31183624,0.03313531,-0.9495579,-0.8713996,0.408316,-0.2719205
1356876599680,0.38397056,0.90291154,0.19317707,0.2723892,0.08913799,-0.9580493,-0.88225317,0.42048204,-0.21171701
1356876599720,0.3954996,0.8911661,0.22226793,0.22916219,0.13859929,-0.9634702,-0.8894182,0.4319875,-0.1494056
1356876599760,0.41041052,0.88013804,0.23857969,0.18517423,0.17574127,-0.96686375,-0.89290184,0.44098988,-0.0908528
1356876599800,0.42515105,0.872939,0.23921528,0.14254126,0.19641934,-0.97010386,-0.89382803,0.44653872,-0.040921956
1356876599840,0.4364907,0.8712902,0.22434166,0.10292563,0.19935548,-0.97450686,-0.89380205,0.44845366,-0.002661258
1356876599880,0.44167638,0.87527096,0.19703469,0.06726313,0.18669385,-0.9801128,-0.8946494,0.4461459,0.023584813
1356876599920,0.43880823,0.8840964,0.16068882,0.035332054,0.16171107,-0.98620546,-0.89788586,0.43843248,0.039723188
1356876599960,0.42829108,0.89553577,0.12075782,0.007663667,0.13003023,-0.9914804,-0.9036083,0.4255677,0.048827708
1356876600021,0.41497806,0.9058875,0.084623605,-0.014120549,0.09941152,-0.99494624,-0.90972185,0.41168594,0.0540452
1356876600041,0.4068765,0.911571,0.059073925,-0.028753728,0.077417254,-0.99658406,-0.9130305,0.403788,0.05771032
1356876600084,0.40824085,0.9117192,0.045907795,-0.036764175,0.06666881,-0.99709755,-0.91213363,0.40536815,0.060735583
1356876600117,0.420403,0.90624154,0.044582576,-0.038241535,0.06678921,-0.9970341,-0.90653133,0.41745117,0.062734395
1356876600159,0.4395138,0.89668953,0.052683413,-0.032783598,0.074626625,-0.9966725,-0.89763737,0.43632424,0.062196106
1356876600198,0.46065462,0.8849517,0.068247914,-0.019789368,0.08711338,-0.99600184,-0.88735884,0.45746222,0.057641834
1356876600238,0.48045403,0.87232697,0.09060699,0.001555115,0.10246481,-0.9947354,-0.8770185,0.47806555,0.04787308
1356876600278,0.49624324,0.85981786,0.120232105,0.032430828,0.12003191,-0.99224013,-0.86757755,0.4962917,0.031680435
1356876600318,0.5053284,0.848508,0.15709025,0.07440308,0.13852333,-0.9875603,-0.8597135,0.51073027,0.006868154
1356876600358,0.50898033,0.8459399,0.15913779,0.10798177,0.120666906,-0.98680264,-0.85397834,0.51944715,-0.029929042
1356876600398,0.48843122,0.8381147,0.24289653,0.19505101,0.1664526,-0.9665654,-0.85052335,0.51947796,-0.08217448
1356876600438,0.44894806,0.8403921,0.3036224,0.28104016,0.18974563,-0.9407512,-0.84821105,0.5076785,-0.15099803
1356876600478,0.39436498,0.8526192,0.34280723,0.362895,0.19822851,-0.91050124,-0.84426504,0.4834728,-0.23123682
1356876600518,0.33421943,0.8689304,0.3650443,0.4342261,0.20179877,-0.8779094,-0.8365076,0.4519261,-0.30986714
1356876600558,0.28044963,0.88183594,0.37909535,0.4880565,0.20907563,-0.8474008,-0.8265282,0.4226732,-0.37175065
1356876600599,0.24103379,0.88724387,0.39332056,0.5207428,0.22375792,-0.82386863,-0.81898093,0.40339902,-0.40809256
1356876600638,0.21807879,0.8849391,0.41149068,0.53215015,0.24561632,-0.81024003,-0.81808186,0.395671,-0.4173568
1356876600678,0.21053535,0.87633777,0.4332517,0.52433,0.27282012,-0.8066271,-0.82507753,0.39699036,-0.40205187
1356876600719,0.21680748,0.8628118,0.4566731,0.5007937,0.3032542,-0.81070495,-0.8379739,0.4044659,-0.36634296
1356876600758,0.235223,0.84564835,0.47911274,0.46572608,0.33460134,-0.81923205,-0.853094,0.41583747,-0.31513453
1356876600798,0.2635073,0.8266856,0.49714655,0.42294568,0.3641773,-0.82975405,-0.8669953,0.42891222,-0.25367975
1356876600838,0.29853642,0.8085488,0.5070747,0.37522054,0.38908678,-0.84132093,-0.8775451,0.4414298,-0.18722755
1356876600878,0.33629882,0.7950598,0.5047603,0.32463348,0.40525907,-0.85462165,-0.8840341,0.45127034,-0.12181491
1356876600918,0.37231693,0.79008067,0.48698324,0.2726953,0.40842155,-0.871108,-0.88714,0.45712632,-0.063389
1356876600958,0.4024593,0.79596007,0.45218807,0.22039798,0.39518002,-0.8917721,-0.88851064,0.45856327,-0.016384125
1356876600998,0.4233321,0.81244206,0.40090886,0.16823769,0.3643238,-0.91595,-0.89021695,0.45519906,0.017546594
1356876601038,0.43254662,0.83675,0.33578694,0.11675757,0.31730914,-0.9411071,-0.8940196,0.4462784,0.03955412
1356876601108,0.42998976,0.86390424,0.26225623,0.06787449,0.2587266,-0.963563,-0.9002788,0.43212277,0.052612722
1356876601122,0.419778,0.887752,0.18889916,0.025240064,0.19662581,-0.9801537,-0.9072758,0.4162148,0.060132235
1356876601160,0.41084138,0.9030471,0.1253607,-0.008007556,0.14106998,-0.9899672,-0.91167164,0.40571567,0.06518859
1356876601200,0.41016206,0.9085726,0.07913807,-0.030628204,0.10044661,-0.99447095,-0.9114982,0.4054704,0.069027364
1356876601240,0.41959485,0.9063729,0.04927802,-0.044397146,0.07471576,-0.9962161,-0.90662515,0.41581935,0.07159069
1356876601280,0.43553093,0.8996062,0.0319615,-0.050886482,0.060054034,-0.9968973,-0.89873433,0.43255323,0.07193321
1356876601320,0.45402843,0.8906497,0.024521083,-0.050198704,0.053048074,-0.9973294,-0.8895719,0.451585,0.06879482
1356876601360,0.47193518,0.8812634,0.02553469,-0.04198578,0.051395446,-0.99779546,-0.88063294,0.46982267,0.061255813
1356876601400,0.4874459,0.87245446,0.034923017,-0.025217056,0.054046214,-0.9982199,-0.8727889,0.48569757,0.048345357
1356876601440,0.49935633,0.8647561,0.05329305,0.002159804,0.060268417,-0.9981799,-0.86639404,0.49856257,0.028227717
1356876601480,0.505884,0.85881525,0.080732405,0.042853415,0.06845458,-0.9967334,-0.8615364,0.50769114,-0.0021730661
1356876601520,0.50358826,0.8562815,0.11480731,0.09876868,0.07495512,-0.99228346,-0.8582794,0.51104164,-0.046827257
1356876601560,0.48797232,0.86004835,0.14899594,0.16884428,0.0744676,-0.9828256,-0.8563729,0.50474876,-0.10887611
1356876601600,0.45689768,0.87216693,0.17484102,0.24769086,0.06403935,-0.96672034,-0.85433817,0.48499882,-0.18676835
1356876601640,0.41505605,0.88966405,0.19033223,0.32507947,0.05037068,-0.9443443,-0.8497363,0.45382893,-0.26830485
1356876601680,0.3716531,0.90629363,0.2012606,0.38986698,0.044383556,-0.91980094,-0.8425424,0.42031175,-0.3368386
1356876601720,0.33436066,0.91691726,0.21786612,0.43509012,0.05488182,-0.89871264,-0.83600205,0.39528558,-0.38059133
1356876601760,0.30594945,0.91990316,0.24530214,0.45899296,0.08321477,-0.88453424,-0.8340985,0.3832147,-0.39676952
1356876601800,0.2863834,0.91508317,0.28391448,0.46276763,0.12735939,-0.87728316,-0.8389462,0.38262576,-0.38699722
1356876601840,0.2750519,0.9024267,0.33162105,0.45113483,0.18345141,-0.8733974,-0.84901345,0.38983542,-0.35665745
1356876601880,0.27247894,0.8809296,0.38693452,0.42881253,0.2488187,-0.86845213,-0.8613217,0.4025573,-0.30995578
1356876601920,0.27867156,0.8503141,0.4464394,0.40116495,0.31929362,-0.8585559,-0.87258744,0.41835093,-0.2521382
1356876601960,0.29272544,0.81264746,0.50390065,0.37221706,0.38857597,-0.8428898,-0.8807759,0.43429568,-0.18873519
1356876602000,0.31256646,0.77351934,0.5513348,0.3439241,0.44888026,-0.82475615,-0.88544816,0.44740844,-0.12572706
1356876602040,0.3352542,0.7413254,0.58141315,0.31599486,0.4929002,-0.81067663,-0.8875538,0.45550627,-0.06900817
1356876602108,0.3575793,0.7241912,0.5896475,0.2866124,0.51582146,-0.8073299,-0.88881403,0.45768476,-0.023115098
1356876602121,0.37643892,0.726655,0.5746879,0.2535885,0.5158072,-0.81831276,-0.8910592,0.453779,0.009898543
1356876602160,0.3899598,0.747154,0.5382306,0.21617058,0.49389142,-0.8422241,-0.8950986,0.44478318,0.031085074
1356876602200,0.3967068,0.7786042,0.4862091,0.17637944,0.45514652,-0.87277263,-0.9008408,0.4319921,0.043229938
1356876602240,0.39875558,0.8116691,0.42683387,0.1381723,0.40694955,-0.9029399,-0.9065883,0.4190289,0.050123185
1356876602280,0.40114206,0.83741266,0.371248,0.10673678,0.35979348,-0.9269066,-0.909776,0.41144702,0.05494556
1356876602320,0.40872267,0.8515899,0.32823843,0.08528355,0.32243958,-0.9427403,-0.90866524,0.41331264,0.059161752
1356876602360,0.42264307,0.8551376,0.30018735,0.073828846,0.29763752,-0.9518199,-0.9032841,0.42444253,0.062660605
1356876602400,0.440348,0.85132766,0.28519258,0.07117328,0.2835482,-0.95631313,-0.89500165,0.44140866,0.06426814
1356876602440,0.4581917,0.8432385,0.28108594,0.07668832,0.27755213,-0.9576449,-0.88553894,0.46034092,0.06250554
1356876602480,0.47325057,0.83272576,0.28740534,0.0907301,0.27844304,-0.95615774,-0.8762431,0.4785785,0.056220025
1356876602520,0.4832717,0.82066494,0.30488953,0.114568114,0.28597888,-0.9513624,-0.8679416,0.4946971,0.044183463
1356876602560,0.4856628,0.80799866,0.33357137,0.14995092,0.298934,-0.94241875,-0.86118895,0.5077171,0.02402097
1356876602600,0.47665918,0.7973717,0.3701275,0.19759679,0.3130802,-0.92894363,-0.85659295,0.5159255,-0.008325547
1356876602640,0.45235348,0.7938931,0.40633738,0.2556338,0.3210783,-0.9118992,-0.8544166,0.51637435,-0.057705045
1356876602680,0.41187614,0.80256975,0.43155515,0.32009816,0.3159811,-0.8931366,-0.8531678,0.5060017,-0.12675607
1356876602720,0.35998395,0.8223231,0.44067705,0.38636371,0.29853556,-0.87269676,-0.84919643,0.48441842,-0.21024781
1356876602760,0.30543303,0.8443136,0.44027853,0.44836354,0.28038776,-0.848736,-0.8400481,0.45663685,-0.29291975
1356876602800,0.25556976,0.8586649,0.4442733,0.49860254,0.27664268,-0.82150126,-0.8282992,0.4314667,-0.357431
1356876602840,0.21304435,0.86037934,0.46298972,0.5314672,0.2955807,-0.7938354,-0.81985044,0.41518605,-0.39429164
1356876602880,0.17782432,0.8477875,0.4996348,0.54504097,0.33788353,-0.7673103,-0.81933445,0.40876788,-0.40199494
1356876602920,0.1492998,0.8192535,0.5536545,0.5414924,0.40076274,-0.7390367,-0.82734245,0.41013774,-0.38378572
1356876602960,0.1278184,0.77240634,0.62213415,0.5256264,0.479186,-0.7029208,-0.84105843,0.41685638,-0.34474838
1356876603000,0.11471948,0.7062313,0.69862497,0.50325817,0.5650263,-0.6538169,-0.8564874,0.42659432,-0.29059714
1356876603040,0.11183995,0.62434375,0.773102,0.4795357,0.6474965,-0.5922785,-0.87036616,0.43697038,-0.22697914
1356876603108,0.120771706,0.5399353,0.832997,0.45816326,0.7140975,-0.52929306,-0.88062507,0.44557223,-0.16113573
1356876603122,0.14125356,0.46856675,0.87206227,0.43955955,0.7596149,-0.4793461,-0.8870371,0.45103264,-0.0986647
1356876603160,0.17316061,0.43071455,0.8857203,0.42108238,0.78059226,-0.46191487,-0.8903399,0.4529467,-0.046198487
1356876603200,0.21240515,0.43233117,0.8763411,0.39821997,0.78066313,-0.48164916,-0.89235914,0.4512813,-0.006346047
1356876603240,0.25659573,0.47597453,0.84119374,0.36481485,0.75825775,-0.540329,-0.8950245,0.4455261,0.020923138
1356876603280,0.3014869,0.5542593,0.77582353,0.31686142,0.7091964,-0.629793,-0.8992799,0.43570286,0.038190007
1356876603320,0.34057617,0.648262,0.6810024,0.25704145,0.6325143,-0.7306541,-0.90439904,0.42388928,0.048789084
1356876603360,0.3705515,0.7338681,0.5693234,0.19566807,0.5375248,-0.8202323,-0.9079678,0.4153367,0.0555861
1356876603400,0.3933793,0.79363716,0.46410435,0.14475882,0.445039,-0.8837337,-0.9079084,0.41482574,0.060183167
1356876603440,0.4135918,0.8265792,0.38171786,0.10935536,0.37112242,-0.9221223,-0.90387124,0.4231251,0.063102335
1356876603480,0.43315488,0.84073985,0.32485896,0.08834702,0.31908637,-0.94359887,-0.89697915,0.4374248,0.06393698
1356876603520,0.45132044,0.8436866,0.29069373,0.079925746,0.28623018,-0.9548215,-0.88877535,0.45416433,0.06174925
1356876603561,0.46660215,0.83992475,0.27714416,0.08365035,0.27003384,-0.9592103,-0.8805027,0.47075272,0.05573836
1356876603600,0.47747838,0.83151436,0.28389838,0.10049668,0.26930624,-0.9577967,-0.87287736,0.48585805,0.0450235
1356876603640,0.4817773,0.8194316,0.31051958,0.13211018,0.28238577,-0.9501606,-0.86627793,0.4987886,0.027791798
1356876603680,0.47596326,0.8057982,0.35234663,0.17868036,0.3036805,-0.9358693,-0.8611226,0.5083968,5.604625E-4
1356876603720,0.45604792,0.7963736,0.39725214,0.23636267,0.32195714,-0.91677487,-0.85799354,0.5119889,-0.041405052
1356876603760,0.42098963,0.7997451,0.42799,0.2980369,0.32368356,-0.8979994,-0.856704,0.5056052,-0.10208613
1356876603800,0.37485874,0.8186178,0.43513864,0.35887775,0.30463773,-0.88227123,-0.85480267,0.4868887,-0.17958766
1356876603840,0.32473838,0.8443699,0.42612734,0.41698718,0.27657723,-0.8658099,-0.84892094,0.45885134,-0.26227617
1356876603880,0.2766892,0.8643354,0.41996115,0.46801093,0.26048556,-0.8444602,-0.8392907,0.43019944,-0.3324449
1356876603920,0.23374516,0.87194514,0.43020347,0.5050887,0.2691818,-0.8200162,-0.8308121,0.40896577,-0.3774897
1356876603960,0.1968261,0.8661035,0.4594826,0.5239075,0.30321878,-0.795977,-0.8287222,0.3973955,-0.39407676
1356876604000,0.1666972,0.8470063,0.5047695,0.52446103,0.35733992,-0.7728187,-0.8349566,0.39355865,-0.38465428
1356876604040,0.14468944,0.8142845,0.5621438,0.51036245,0.42530292,-0.7474272,-0.8476999,0.39504194,-0.35404342
1356876604109,0.13256824,0.7677144,0.6269292,0.4871806,0.5003641,-0.715745,-0.8631806,0.4003128,-0.30768317
1356876604122,0.1319356,0.70953006,0.69221395,0.4606307,0.5744567,-0.6766231,-0.8777314,0.40812573,-0.2510401
1356876604160,0.14327496,0.64595026,0.7498137,0.4350764,0.6393846,-0.63395256,-0.88892114,0.4170558,-0.18942994
1356876604200,0.16514945,0.5880097,0.7918145,0.4128368,0.6879058,-0.5969518,-0.8957072,0.4254764,-0.12914479
1356876604240,0.19401073,0.5451635,0.8155713,0.39348212,0.71831477,-0.5737558,-0.89862764,0.43222752,-0.075151324
1356876604280,0.22579786,0.5243517,0.82101804,0.3742424,0.7314228,-0.57005554,-0.8994209,0.43597704,-0.031080902
1356876604320,0.2562825,0.5266636,0.8105213,0.35153687,0.7303223,-0.5857057,-0.90041167,0.43503422,0.002027154
1356876604379,0.28216824,0.5479814,0.78746265,0.32347065,0.7184095,-0.6158364,-0.9031876,0.42849052,0.025456429
1356876604399,0.302154,0.5796704,0.75675964,0.29257062,0.69915885,-0.65236443,-0.9072516,0.41852015,0.041659117
1356876604439,0.3178669,0.6103453,0.7255613,0.26578867,0.6772065,-0.6861105,-0.91011924,0.4109378,0.053038657
1356876604475,0.3326252,0.6310266,0.7008323,0.24974898,0.6576716,-0.7106993,-0.90938765,0.41142866,0.06115991
1356876604505,0.34670258,0.64256895,0.68330264,0.24245644,0.6423344,-0.72706354,-0.9060973,0.41774595,0.06690401
1356876604535,0.3604108,0.64559096,0.6732878,0.2434995,0.6316551,-0.7360162,-0.9004511,0.42921346,0.07045424
1356876604579,0.37478215,0.6392908,0.6714504,0.2560229,0.6247096,-0.7376925,-0.89106154,0.44838068,0.07045692
1356876604620,0.38612056,0.6277709,0.6758806,0.27628568,0.6203618,-0.7340419,-0.88010067,0.4701648,0.066090345
1356876604660,0.3918202,0.61445,0.6847833,0.30085835,0.6178066,-0.7264979,-0.8694603,0.49067926,0.05720669
1356876604700,0.3899845,0.6027155,0.6961653,0.3293491,0.6147153,-0.7166968,-0.85990775,0.5087821,0.041225612
1356876604739,0.37810585,0.5938324,0.7102107,0.3613051,0.61166763,-0.7037907,-0.85234654,0.52271014,0.016720474
1356876604780,0.35391504,0.59644914,0.7204114,0.39537695,0.6026422,-0.6931807,-0.84759736,0.53016114,-0.022538126
1356876604819,0.31535596,0.61598384,0.7218827,0.4314133,0.5844884,-0.68720883,-0.84524155,0.52814513,-0.08142167
1356876604860,0.26443088,0.654569,0.7082483,0.46971768,0.55397964,-0.6873659,-0.84228355,0.51443756,-0.16097331
1356876604899,0.20911205,0.70330316,0.6794386,0.51050395,0.5140941,-0.6892699,-0.83406115,0.49099076,-0.25153577
1356876604940,0.1607951,0.74725145,0.64479464,0.5494681,0.47492284,-0.6874104,-0.81989616,0.4648263,-0.3342256
1356876604990,0.12748957,0.7760533,0.61764693,0.57762384,0.44813454,-0.6822948,-0.806286,0.4437531,-0.39113438
1356876605049,0.114587665,0.7824259,0.6121106,0.5786345,0.44828552,-0.6813386,-0.80749726,0.4322613,-0.40137058
1356876605108,0.12040454,0.77732664,0.6174674,0.55509096,0.46295214,-0.6910494,-0.82302904,0.42595607,-0.37574548
1356876605140,0.1380347,0.76722324,0.6263504,0.5177026,0.48324126,-0.70601827,-0.844352,0.4217183,-0.33048946
1356876605180,0.16352397,0.7498538,0.64107656,0.47006565,0.512093,-0.7188874,-0.8673513,0.4189034,-0.268741
1356876605220,0.1964249,0.7273721,0.6575311,0.4170354,0.5449423,-0.72740597,-0.8874113,0.4170944,-0.19629967
1356876605260,0.23516035,0.7047794,0.66931736,0.3636891,0.5747986,-0.73303264,-0.90134895,0.4158036,-0.12115073
1356876605300,0.2769974,0.6910652,0.66760874,0.31337002,0.5918359,-0.7426504,-0.9083346,0.4149208,-0.05262208
1356876605340,0.3183127,0.6933051,0.6465331,0.2662496,0.5891731,-0.7628802,-0.9098286,0.41497365,0.002949059
1356876605380,0.35574144,0.7160542,0.600595,0.21919723,0.5607819,-0.7984211,-0.9085156,0.41568023,0.04253626
1356876605420,0.38518155,0.7568049,0.52809227,0.16876817,0.5048278,-0.8465613,-0.90727746,0.41520488,0.06672579
1356876605460,0.40304053,0.8064197,0.43271893,0.11472106,0.42457497,-0.8980953,-0.90796334,0.41161078,0.07860759
1356876605500,0.40918612,0.851893,0.32687172,0.062342703,0.33129573,-0.94146514,-0.91031873,0.4056125,0.08245227
1356876605540,0.4092672,0.8831358,0.22928503,0.019346446,0.24283879,-0.9698738,-0.9122095,0.40137342,0.082300395
1356876605579,0.41151646,0.8982269,0.15441075,-0.0102056265,0.17395183,-0.9847013,-0.91134524,0.40364492,0.080751
1356876605618,0.4205405,0.9011587,0.10515976,-0.027428657,0.12848252,-0.99133235,-0.90685904,0.41401106,0.07874969
1356876605658,0.43541732,0.89699316,0.0762561,-0.035420716,0.101712376,-0.99418306,-0.8995316,0.43018344,0.07605946
1356876605698,0.45263663,0.8895651,0.061595827,-0.036239594,0.087371916,-0.9955163,-0.8909583,0.44837496,0.07178518
1356876605738,0.4691184,0.88121843,0.05815664,-0.030097812,0.08176729,-0.9961969,-0.88262236,0.46558386,0.064881235
1356876605778,0.4831863,0.87300265,0.06631178,-0.015323013,0.08416088,-0.99633425,-0.8753834,0.48039895,0.05404246
1356876605818,0.49359366,0.8652296,0.087994784,0.011184275,0.094855696,-0.9954282,-0.8696208,0.49232122,0.03714314
1356876605858,0.49792773,0.85836875,0.123576194,0.052568197,0.112360254,-0.9922761,-0.86562383,0.5005779,0.010824382
1356876605899,0.49199617,0.85419524,0.168197,0.109597415,0.13089095,-0.98532027,-0.8636713,0.50320774,-0.029219747
1356876605938,0.47218612,0.8559379,0.21073803,0.17904323,0.14095882,-0.973691,-0.8631244,0.4974946,-0.08669111
1356876605978,0.43951517,0.8655124,0.2402389,0.25472352,0.13637882,-0.9573488,-0.8613608,0.48196387,-0.1605258
1356876606019,0.40017706,0.8797691,0.25664115,0.32899806,0.123460226,-0.93622535,-0.85534704,0.4590904,-0.24003634
1356876606058,0.3609733,0.8925484,0.27028832,0.39310008,0.11719626,-0.9119964,-0.8456776,0.4354567,-0.30855608
1356876606113,0.3256252,0.89972776,0.29061687,0.4394253,0.12814662,-0.88909155,-0.8371819,0.41721505,-0.35363537
1356876606139,0.29540572,0.8999643,0.3206239,0.46427232,0.15807942,-0.8714712,-0.83497703,0.4062944,-0.371131
1356876606180,0.27095437,0.8926997,0.3600986,0.46862495,0.2044347,-0.8594168,-0.8408177,0.4016139,-0.36294883
1356876606220,0.25276873,0.8765154,0.4096692,0.45721126,0.26494762,-0.84897625,-0.85268164,0.40189996,-0.3337822
1356876606260,0.2412501,0.84875226,0.47055075,0.43649638,0.33815724,-0.8337389,-0.86675787,0.40653327,-0.2888968
1356876606300,0.23705441,0.8071222,0.5407022,0.412772,0.4201522,-0.8081407,-0.87944555,0.41476005,-0.23355848
1356876606340,0.24180052,0.754232,0.6104642,0.39024,0.5004221,-0.7728456,-0.8883947,0.42510208,-0.17332923
1356876606380,0.2585581,0.70337474,0.6621266,0.3687426,0.561666,-0.7406485,-0.8928475,0.4356549,-0.11414093
1356876606421,0.29081228,0.6779786,0.6751098,0.34182328,0.5854167,-0.735149,-0.8936358,0.4445586,-0.061502516
1356876606460,0.3383032,0.6981767,0.630952,0.29706824,0.556966,-0.7755897,-0.8929174,0.44982028,-0.018982708
1356876606500,0.39047801,0.7618863,0.51677483,0.22242486,0.4666325,-0.8560265,-0.89333874,0.44920307,0.012747288
1356876606540,0.42623717,0.83748186,0.34197357,0.12148085,0.32161742,-0.9390445,-0.8964175,0.4417989,0.035347342
1356876606580,0.43299985,0.88754183,0.15741861,0.022161901,0.16410403,-0.986194,-0.9011215,0.4305106,0.0513874
1356876606620,0.42368647,0.90556073,0.021203399,-0.048251748,0.045938283,-0.9977783,-0.90452284,0.42172205,0.06315833
1356876606660,0.41844064,0.90689224,-0.04953718,-0.086184144,-0.014648497,-0.9961716,-0.9041459,0.42110804,0.07203019
1356876606700,0.42537028,0.90236866,-0.06921658,-0.100349694,-0.028981686,-0.99452996,-0.89943874,0.4299893,0.07822448
1356876606740,0.44188356,0.89517796,-0.05826935,-0.098416716,-0.016186774,-0.99501365,-0.8916575,0.44541484,0.08094782
1356876606781,0.4621885,0.8862269,-0.031364262,-0.084668964,0.008894533,-0.99636954,-0.8827304,0.46316618,0.07914682
1356876606822,0.48183733,0.8762485,0.004610181,-0.06090936,0.038740873,-0.9973911,-0.87414116,0.48029944,0.07203859
1356876606861,0.4976699,0.8660617,0.047557563,-0.02851227,0.07113513,-0.9970591,-0.8668977,0.4948503,0.06009522
1356876606902,0.5079061,0.8561465,0.095103115,0.0133064985,0.10259268,-0.9946344,-0.86130965,0.50644636,0.0407151
1356876606941,0.510266,0.84706986,0.14866462,0.0663898,0.13354923,-0.9888159,-0.85745025,0.514429,0.011908859
1356876606982,0.5007496,0.8426464,0.1979818,0.13028586,0.15274528,-0.97963995,-0.8557309,0.51634854,-0.033297777
1356876607021,0.4768322,0.8459259,0.23883095,0.20273075,0.15854496,-0.9663145,-0.855296,0.50918823,-0.09589586
1356876607062,0.43846962,0.86072135,0.25865644,0.27968422,0.14283088,-0.9494083,-0.8541201,0.48862877,-0.17810318
1356876607115,0.3896738,0.8832855,0.26069334,0.3595378,0.11470094,-0.9260541,-0.847872,0.45458815,-0.2728786
1356876607152,0.34263456,0.8994217,0.27137077,0.427263,0.10806906,-0.8976455,-0.83668864,0.42351103,-0.34726143
1356876607191,0.3059688,0.9066815,0.2903651,0.47125202,0.12077103,-0.873691,-0.8272271,0.40415734,-0.39032334
1356876607232,0.2810853,0.90539134,0.31820974,0.49004757,0.14967799,-0.858749,-0.82513285,0.3973196,-0.40161258
1356876607271,0.26772404,0.8972101,0.35119474,0.4863993,0.18878794,-0.85309714,-0.8317088,0.39921552,-0.38585937
1356876607310,0.2653517,0.88400495,0.38486832,0.46592462,0.23190254,-0.8538943,-0.84409875,0.40590197,-0.35034394
1356876607350,0.2734259,0.8673178,0.41593048,0.43419042,0.2745621,-0.8579594,-0.85832214,0.4151814,-0.30150867
1356876607390,0.29072067,0.8492203,0.44080192,0.3959255,0.31263462,-0.8634249,-0.8710479,0.4255402,-0.24533862
1356876607430,0.31485644,0.83242905,0.4559905,0.35429573,0.34262136,-0.87010634,-0.8805339,0.43551406,-0.18704951
1356876607470,0.34257084,0.8198749,0.45874873,0.31122315,0.36168998,-0.8788177,-0.8864454,0.4438305,-0.13125956
1356876607510,0.37038478,0.81374574,0.44792068,0.26813853,0.36802194,-0.8903155,-0.88933504,0.4498641,-0.08188689
1356876607550,0.3951614,0.8148812,0.4240473,0.2262831,0.3610441,-0.9046784,-0.8903052,0.4534487,-0.04172319
1356876607590,0.414103,0.82309616,0.3886276,0.18602833,0.3414127,-0.92132014,-0.8910175,0.4538172,-0.011739194
1356876607630,0.42477542,0.83749807,0.3437483,0.14671186,0.31100458,-0.9390164,-0.89333165,0.44930297,0.009236187
1356876607670,0.42652917,0.8556111,0.29326195,0.10853052,0.2734766,-0.9557362,-0.8979388,0.43947726,0.02378583
1356876607710,0.42263377,0.87291074,0.24373657,0.0740464,0.23477876,-0.9692245,-0.90327066,0.42767483,0.03458953
1356876607750,0.41959184,0.8849123,0.20217064,0.04642409,0.20151322,-0.9783851,-0.906525,0.41990796,0.04347202
1356876607790,0.4227091,0.8897712,0.17211685,0.026954293,0.17749129,-0.9837532,-0.9058645,0.42048073,0.051044017
1356876607831,0.43282384,0.8884182,0.15289402,0.015312821,0.16233356,-0.9866171,-0.9013485,0.42937264,0.056657672
1356876607872,0.44675532,0.88334656,0.14180425,0.010850817,0.1531398,-0.98814493,-0.8945904,0.44299763,0.058831006
1356876607911,0.46105435,0.87671995,0.13708055,0.013560027,0.14750037,-0.988969,-0.8872683,0.45782727,0.056117326
1356876607951,0.47302413,0.8701484,0.13816625,0.023371369,0.14437242,-0.9892474,-0.8807394,0.47116703,0.047955096
1356876607993,0.48123705,0.8644872,0.1451647,0.041816384,0.14277329,-0.9888716,-0.87559247,0.48195192,0.032558084
1356876608031,0.48481458,0.8599236,0.15964383,0.069490135,0.1440806,-0.987123,-0.871852,0.48966527,0.010096192
1356876608071,0.48150593,0.85807574,0.17848828,0.1089744,0.14345603,-0.98363864,-0.86964166,0.49307847,-0.024433374
1356876608111,0.46773162,0.8607843,0.20069292,0.16292325,0.1392059,-0.97676903,-0.86872506,0.4895633,-0.07513076
1356876608150,0.4398718,0.8704067,0.22114483,0.23092061,0.12834473,-0.9644705,-0.8678644,0.47531033,-0.14453965
1356876608201,0.39417934,0.889198,0.23227048,0.31216937,0.108162105,-0.9438492,-0.8643917,0.4445536,-0.23494515
1356876608240,0.34377685,0.907079,0.24295095,0.38642284,0.09915034,-0.9169769,-0.85585916,0.40911725,-0.31643045
1356876608289,0.3009974,0.91963214,0.2523436,0.4384988,0.10150901,-0.8929808,-0.846829,0.37943724,-0.37270367
1356876608332,0.27160597,0.92420495,0.26846874,0.4651984,0.118127584,-0.8772892,-0.84250855,0.36316815,-0.39785445
1356876608368,0.25768968,0.9216024,0.29024976,0.46682066,0.14425954,-0.8725065,-0.84597546,0.36033055,-0.39304888
1356876608408,0.258219,0.91256577,0.31709093,0.44761318,0.17785478,-0.87636185,-0.856134,0.36822736,-0.36255097
1356876608448,0.27177268,0.89775395,0.34666637,0.41347504,0.21635473,-0.88443714,-0.86900985,0.38370377,-0.31239957
1356876608488,0.2961641,0.878394,0.37511444,0.3704139,0.25637,-0.8927867,-0.8803865,0.403359,-0.24944174
1356876608528,0.32813933,0.85684824,0.3976629,0.3236654,0.29350516,-0.8994974,-0.8874488,0.4238702,-0.18102151
1356876608568,0.3636891,0.83651996,0.4098348,0.27745113,0.3227183,-0.9049164,-0.8892419,0.44281733,-0.11472428
1356876608608,0.39835542,0.8213117,0.40836263,0.23438016,0.33928484,-0.9110168,-0.88678,0.45862064,-0.057343215
1356876608649,0.42724136,0.8151386,0.39116997,0.19441617,0.3396974,-0.92022175,-0.8829877,0.4692065,-0.013343364
1356876608688,0.44557533,0.8207109,0.357626,0.15512249,0.32265165,-0.93372,-0.8817028,0.47151852,0.016454905
1356876608728,0.45072544,0.8371007,0.3100146,0.11468637,0.2901104,-0.9500963,-0.88526475,0.46378702,0.034756094
1356876608768,0.44498283,0.85850835,0.2548603,0.07494289,0.247892,-0.9658847,-0.8923979,0.44890204,0.045968562
1356876608808,0.43580368,0.87718153,0.20156306,0.040317446,0.20469776,-0.97799456,-0.8991383,0.43434015,0.053842306
1356876608848,0.4311989,0.88833946,0.15786251,0.013877511,0.16841339,-0.98561877,-0.90215015,0.42718846,0.060291708
1356876608888,0.43435913,0.89176977,0.12680241,-0.004036486,0.14270149,-0.98975754,-0.9007307,0.4293984,0.06558329
1356876608928,0.44346207,0.88973916,0.10819265,-0.0138961375,0.12752187,-0.99173844,-0.8961854,0.43829492,0.06891504
1356876608968,0.4552992,0.8845267,0.10156387,-0.015486091,0.12192361,-0.9924187,-0.89020383,0.45027465,0.069209576
1356876609008,0.46762246,0.8773822,0.10737631,-0.007763922,0.12554847,-0.9920571,-0.8838942,0.46307454,0.06552121
1356876609049,0.47889245,0.86867523,0.12674901,0.011346132,0.13824518,-0.9903331,-0.8778002,0.47570112,0.056348473
1356876609105,0.48704052,0.8584887,0.16058907,0.044974834,0.1589743,-0.98625785,-0.87222064,0.48757,0.03881654
1356876609130,0.48819286,0.84768534,0.20759925,0.096266955,0.18411589,-0.978179,-0.8674102,0.49752498,0.008279979
