1356876422483,-0.6921933,-0.7093918,0.13278386,0.11725986,0.07099599,0.99056023,-0.71212244,0.7012295,0.03404033
1356876422484,-0.46090162,-0.43038693,-0.7761036,-0.52958393,-0.5683625,0.62968636,-0.71211696,0.7012354,0.03403321
1356876422515,-0.46089774,-0.43038216,-0.7761084,-0.5296222,-0.56833154,0.629682,-0.71209085,0.70126337,0.0340029
1356876422573,-0.46087313,-0.43034878,-0.77614164,-0.5297904,-0.56821287,0.62964773,-0.7119818,0.70138013,0.03387937
1356876422588,-0.46070898,-0.43019938,-0.77632195,-0.530178,-0.5680833,0.6294384,-0.71179956,0.7015767,0.033638835
1356876422629,-0.4601881,-0.4300072,-0.77673733,-0.53109354,-0.5677525,0.6289649,-0.7114539,0.70196223,0.032898843
1356876422672,-0.45865273,-0.42953753,-0.7779044,-0.5329139,-0.56756,0.62759733,-0.711084,0.70240533,0.031406343
1356876422710,-0.45561332,-0.42884922,-0.7800672,-0.53573763,-0.5677379,0.62502706,-0.71091604,0.702682,0.028918266
1356876422749,-0.45090175,-0.42779166,-0.7833785,-0.5394162,-0.5686563,0.6210154,-0.71113837,0.702584,0.025650352
1356876422792,-0.44452822,-0.42672154,-0.78759336,-0.543582,-0.5703396,0.6158175,-0.7119783,0.7018699,0.021573931
1356876422830,-0.43661106,-0.42564023,-0.79259145,-0.5479457,-0.57292485,0.60951835,-0.7135309,0.7004195,0.016917616
1356876422868,-0.42760605,-0.42464638,-0.79801524,-0.5521325,-0.5762996,0.6025183,-0.7157532,0.69825065,0.011968255
1356876422912,-0.41813862,-0.42376322,-0.8034829,-0.55583173,-0.58024657,0.59528565,-0.7184783,0.69551325,0.0070824623
1356876422950,-0.40886438,-0.4229899,-0.8086468,-0.5587923,-0.58452356,0.58828866,-0.72151315,0.6923958,0.0026272535
1356876422990,-0.400308,-0.4223674,-0.81324,-0.5608704,-0.58888453,0.58192724,-0.72469157,0.68907243,-0.0011581779
1356876423030,-0.3928917,-0.42194825,-0.8170653,-0.56205547,-0.5930486,0.57653016,-0.72782534,0.68574995,-0.004154414
1356876423072,-0.38704574,-0.42174453,-0.8199556,-0.5623836,-0.59673315,0.5723934,-0.73069847,0.682672,-0.006219119
1356876423111,-0.3831175,-0.42172733,-0.82180715,-0.56185114,-0.5997846,0.56972075,-0.7331741,0.6800033,-0.007160008
1356876423150,-0.38113326,-0.42191756,-0.8226318,-0.56062204,-0.6020598,0.5685305,-0.73514646,0.6778714,-0.0070712864
1356876423192,-0.38091844,-0.42213178,-0.8226214,-0.558983,-0.60355675,0.56855726,-0.73650473,0.6764053,-0.006058663
1356876423231,-0.38236392,-0.42215878,-0.8219366,-0.55738896,-0.6040828,0.56956255,-0.7369636,0.6759186,-0.004327178
1356876423270,-0.38504505,-0.42178524,-0.820876,-0.5563451,-0.6035914,0.57110196,-0.73635614,0.6765904,-0.0022482276
1356876423313,-0.38895738,-0.42055646,-0.819661,-0.5562693,-0.60200393,0.5728487,-0.7343545,0.678766,2.1135807E-4
1356876423351,-0.39340693,-0.4184503,-0.8186149,-0.5570662,-0.5998466,0.5743356,-0.7313742,0.68197024,0.0028792322
1356876423390,-0.39801025,-0.4156009,-0.8178409,-0.55858624,-0.59739155,0.57541704,-0.7277151,0.6858566,0.005619079
1356876423430,-0.4018132,-0.4124304,-0.81758624,-0.5606454,-0.59513575,0.57575184,-0.72403234,0.6897207,0.0079061985
1356876423470,-0.4038837,-0.4095148,-0.81803155,-0.5630528,-0.59349006,0.575101,-0.7210059,0.6928688,0.009122461
1356876423525,-0.4035827,-0.40739712,-0.81923664,-0.56566155,-0.5926652,0.5733891,-0.71913004,0.6948206,0.0087405145
1356876423550,-0.40056807,-0.40656722,-0.8211263,-0.5683443,-0.59268314,0.5707114,-0.71870023,0.69529116,0.0063397586
1356876423592,-0.39466745,-0.4076045,-0.8234659,-0.5708895,-0.59345055,0.5673637,-0.7199463,0.6940281,0.0015185475
1356876423630,-0.38652897,-0.41086128,-0.8257047,-0.5728309,-0.59471256,0.5640759,-0.72281396,0.6910209,-0.005480349
1356876423670,-0.3772477,-0.41646498,-0.8271887,-0.57354635,-0.5962215,0.56175137,-0.7271374,0.68635046,-0.013938844
1356876423710,-0.3687957,-0.42413354,-0.82710373,-0.5720437,-0.59779394,0.56161237,-0.7326362,0.6802597,-0.02215913
1356876423750,-0.36289412,-0.4333807,-0.8249176,-0.5670916,-0.59973925,0.56455284,-0.73940176,0.67267674,-0.02812469
1356876423790,-0.36001652,-0.4438096,-0.8206224,-0.55766296,-0.60279524,0.5706574,-0.74793047,0.6630769,-0.030479878
1356876423830,-0.35975856,-0.4550949,-0.814532,-0.5435063,-0.60736734,0.57940125,-0.75840265,0.65114784,-0.028841376
1356876423870,-0.361342,-0.46663553,-0.807269,-0.5252069,-0.61350477,0.58971983,-0.7704476,0.6370738,-0.023395091
1356876423910,-0.36405754,-0.4776038,-0.79959786,-0.5044434,-0.62057924,0.60034853,-0.78294253,0.62191325,-0.0149976015
1356876423950,-0.36720836,-0.48698696,-0.7924656,-0.48375633,-0.6277001,0.6098954,-0.7944419,0.60731894,-0.0050863028
1356876423990,-0.3701253,-0.49368533,-0.78694475,-0.46584544,-0.63426566,0.617005,-0.80373836,0.5949638,0.004776716
1356876424030,-0.37200212,-0.49700764,-0.7839629,-0.45250955,-0.64032006,0.62066513,-0.81046253,0.5856394,0.013299733
1356876424070,-0.37184906,-0.4966287,-0.7842756,-0.4444276,-0.6464981,0.6201002,-0.81499225,0.5791374,0.019684225
1356876424110,-0.3688233,-0.49258846,-0.7882424,-0.4412439,-0.6535993,0.6149079,-0.8180912,0.57459944,0.023710936
1356876424150,-0.36275935,-0.48497868,-0.7957395,-0.44192964,-0.66224676,0.6050846,-0.820429,0.571161,0.025909841
1356876424190,-0.35493934,-0.4737414,-0.80596966,-0.4451787,-0.6724392,0.5913048,-0.82209116,0.5686779,0.027775556
1356876424230,-0.34802806,-0.45836928,-0.81778616,-0.4505292,-0.6832096,0.57467234,-0.82213145,0.56843853,0.031267315
1356876424270,-0.34483713,-0.43843395,-0.8299777,-0.4592377,-0.69236046,0.55654085,-0.8186502,0.573073,0.037406206
1356876424310,-0.34648442,-0.41463405,-0.8414434,-0.4725104,-0.6977553,0.53839695,-0.81035936,0.58413696,0.0458425
1356876424350,-0.35188437,-0.38880712,-0.8514731,-0.48977017,-0.6987169,0.52145934,-0.79768574,0.60051954,0.05544141
1356876424390,-0.35908008,-0.36393926,-0.8594242,-0.50885975,-0.69558746,0.50716865,-0.78238314,0.61944044,0.06457749
1356876424430,-0.36599052,-0.3435215,-0.86489534,-0.52759725,-0.688996,0.49691617,-0.76661086,0.638183,0.07092497
1356876424470,-0.37130922,-0.33087093,-0.86755633,-0.5442858,-0.6794249,0.49207208,-0.7522516,0.6549094,0.07218832
1356876424525,-0.37438893,-0.32850277,-0.86713254,-0.55776113,-0.6672752,0.49360546,-0.74076676,0.6684532,0.06659436
1356876424550,-0.37464637,-0.33799404,-0.8633656,-0.56742316,-0.65285474,0.50180835,-0.7332606,0.6778943,0.052803993
1356876424590,-0.3708489,-0.35978186,-0.85617054,-0.57360464,-0.63630325,0.51584476,-0.73037577,0.68240386,0.029599875
1356876424630,-0.3602627,-0.39345875,-0.84581375,-0.5776838,-0.6178224,0.53345734,-0.7324562,0.68079776,-0.0047163367
1356876424670,-0.33856678,-0.43787438,-0.8328496,-0.58175844,-0.5982632,0.55103374,-0.7395469,0.67107904,-0.05218503
1356876424710,-0.29951984,-0.49055973,-0.81831473,-0.5881363,-0.5804169,0.5632157,-0.7512546,0.6499749,-0.11466962
1356876424750,-0.23977154,-0.54633653,-0.8025123,-0.5970236,-0.56886274,0.5656483,-0.7655537,0.61474514,-0.18977872
1356876424790,-0.1650936,-0.59685415,-0.78518105,-0.60526353,-0.56725407,0.5584612,-0.77871704,0.5674398,-0.26760396
1356876424830,-0.093804955,-0.6347846,-0.76697403,-0.60898554,-0.57285833,0.5486073,-0.7876149,0.5185382,-0.3328377
1356876424870,-0.046640992,-0.6590697,-0.75063425,-0.6083123,-0.5773037,0.54468024,-0.79232615,0.48202452,-0.3739943
1356876424910,-0.034241676,-0.67351675,-0.7383784,-0.6048347,-0.574189,0.551799,-0.7956146,0.46549135,-0.38770512
1356876424950,-0.056152165,-0.6813543,-0.72979677,-0.5972512,-0.5628244,0.571419,-0.80008626,0.46795842,-0.37533578
1356876424990,-0.10546082,-0.6831366,-0.7226358,-0.5825689,-0.5464871,0.6016357,-0.8059104,0.4844341,-0.34034118
1356876425029,-0.17052281,-0.67800534,-0.7150041,-0.55988455,-0.5304424,0.63652194,-0.8108337,0.5088612,-0.28915218
1356876425069,-0.24268931,-0.6653793,-0.70595485,-0.53002644,-0.5185486,0.670954,-0.8125108,0.53700817,-0.22682235
1356876425108,-0.3116277,-0.64576066,-0.69705194,-0.49707732,-0.5144089,0.69878304,-0.8098163,0.5642488,-0.160689
1356876425148,-0.37178618,-0.6210075,-0.690018,-0.4654886,-0.5183888,0.7173517,-0.80317837,0.58789694,-0.096342206
1356876425188,-0.41943485,-0.5931736,-0.68718237,-0.4399207,-0.5293435,0.7254415,-0.79406816,0.60658115,-0.038924307
1356876425229,-0.4526189,-0.56454974,-0.6902318,-0.42318958,-0.54533774,0.7235451,-0.7848866,0.619589,0.007918477
1356876425269,-0.4703309,-0.5373559,-0.70002687,-0.415021,-0.5653629,0.71282715,-0.778811,0.6257904,0.04289353
1356876425309,-0.4730369,-0.51301,-0.7162799,-0.41288248,-0.589114,0.69460267,-0.7783086,0.6243121,0.06685975
1356876425349,-0.46374238,-0.4920122,-0.7367951,-0.41367418,-0.61516076,0.6711564,-0.7834646,0.6160368,0.08174333
1356876425388,-0.44839978,-0.47346348,-0.75813586,-0.41612464,-0.64008534,0.64585686,-0.7910612,0.6050811,0.08999431
1356876425428,-0.43412292,-0.45638222,-0.77669346,-0.4213084,-0.6592192,0.6228398,-0.7962642,0.59761643,0.093904465
1356876425468,-0.42579442,-0.44073159,-0.79022443,-0.4310375,-0.6690823,0.6054217,-0.7955537,0.5984016,0.09491974
1356876425524,-0.42638332,-0.42723054,-0.7972901,-0.44809836,-0.6659084,0.596468,-0.78575146,0.61158836,0.09249079
1356876425560,-0.43154836,-0.42090374,-0.7978759,-0.46324974,-0.65554136,0.5963766,-0.77405787,0.6269812,0.08791432
1356876425598,-0.43903506,-0.42224133,-0.79307026,-0.4752351,-0.63996947,0.6038134,-0.7624957,0.64199007,0.08030513
1356876425639,-0.44882667,-0.43321908,-0.7815855,-0.4822129,-0.61894524,0.61998194,-0.7523466,0.655155,0.06889531
1356876425679,-0.46046513,-0.45437875,-0.76256925,-0.48364946,-0.59193194,0.6447479,-0.7443488,0.66570014,0.052803934
1356876425718,-0.47174662,-0.48510194,-0.7362955,-0.48089677,-0.5583698,0.67598915,-0.7390489,0.6729778,0.03012526
1356876425759,-0.4783491,-0.5243146,-0.7044689,-0.47732192,-0.51811796,0.7097307,-0.7371201,0.67575747,-0.0024256408
1356876425798,-0.47386062,-0.5706409,-0.67069,-0.4784229,-0.47259277,0.74011326,-0.7393021,0.671584,-0.049064577
1356876425839,-0.4517659,-0.6223633,-0.63919586,-0.48999238,-0.4256426,0.76074684,-0.74552995,0.6568806,-0.112662435
1356876425878,-0.41070324,-0.67565787,-0.61221665,-0.5137174,-0.38325793,0.7675986,-0.7532709,0.6297617,-0.1896919
1356876425918,-0.35910565,-0.7239737,-0.58898675,-0.54358655,-0.35074532,0.76255596,-0.7586547,0.5940033,-0.26758772
1356876425959,-0.3139661,-0.7611979,-0.567453,-0.56869924,-0.32781672,0.7543986,-0.76026726,0.5595658,-0.32996935
1356876425998,-0.28917176,-0.78544164,-0.5472305,-0.5814246,-0.31002283,0.7522176,-0.76047695,0.53569335,-0.3670252
1356876426038,-0.28813326,-0.7981373,-0.52910864,-0.57885766,-0.29498792,0.7602012,-0.7628256,0.5253179,-0.377012
1356876426079,-0.30599535,-0.8014352,-0.51387596,-0.5607591,-0.2844742,0.7775755,-0.7693608,0.52609515,-0.36236423
1356876426118,-0.3356076,-0.7971587,-0.50190187,-0.5291852,-0.28124195,0.80054104,-0.77931416,0.5342667,-0.32745767
1356876426159,-0.3715371,-0.7866483,-0.49309707,-0.48794663,-0.2863968,0.82455134,-0.78985333,0.5469564,-0.27743536
1356876426198,-0.41015995,-0.7709633,-0.487221,-0.44155428,-0.2995702,0.8457467,-0.79799664,0.56202596,-0.2175504
1356876426239,-0.4485379,-0.7512132,-0.48424423,-0.39465496,-0.31965244,0.8614347,-0.801911,0.57749546,-0.15309376
1356876426279,-0.48393095,-0.7287233,-0.48453403,-0.35191882,-0.34488505,0.8701767,-0.8012265,0.5916221,-0.08955091
1356876426318,-0.51380396,-0.70503724,-0.4888026,-0.3173703,-0.37313616,0.8718059,-0.7970455,0.6030687,-0.032039046
1356876426358,-0.53543735,-0.6819148,-0.49829608,-0.29352143,-0.40297377,0.86686635,-0.7919293,0.6104132,0.015610576
1356876426398,-0.54648954,-0.66092473,-0.5143227,-0.28035754,-0.43432426,0.8560153,-0.78914446,0.6119976,0.0520584
1356876426438,-0.54646045,-0.64237964,-0.5373354,-0.27604356,-0.46759385,0.8397356,-0.79068387,0.6072103,0.078196764
1356876426478,-0.53829896,-0.62491417,-0.56543493,-0.27833897,-0.50145715,0.8191876,-0.7954632,0.59835035,0.09599584
1356876426523,-0.5280757,-0.6061988,-0.5946924,-0.28634405,-0.5321759,0.79674083,-0.7994643,0.5910261,0.10744771
1356876426560,-0.521608,-0.5847637,-0.6212701,-0.30012983,-0.555874,0.7751943,-0.7986534,0.5908092,0.1144433
1356876426601,-0.5220407,-0.56192434,-0.64164984,-0.31885186,-0.56917787,0.75787205,-0.79107964,0.60023135,0.1179634
1356876426640,-0.5271882,-0.54044634,-0.65573657,-0.3397327,-0.5732728,0.7456138,-0.77888024,0.6158539,0.11861539
1356876426680,-0.53495854,-0.5237613,-0.662943,-0.3594396,-0.56902176,0.73960626,-0.7646061,0.63394666,0.11614251
1356876426720,-0.5440349,-0.51497567,-0.66243947,-0.37485132,-0.5571618,0.74098384,-0.7506746,0.6514374,0.11007625
1356876426760,-0.55402315,-0.51594025,-0.6533483,-0.38409376,-0.53786635,0.75044763,-0.73860025,0.6667124,0.099821
1356876426800,-0.5640879,-0.5271906,-0.6355114,-0.38708818,-0.5110029,0.76748854,-0.72936094,0.67893,0.08418137
1356876426840,-0.5717235,-0.5482556,-0.61036706,-0.38626036,-0.47647488,0.789794,-0.72383356,0.68730444,0.06064254
1356876426880,-0.57220906,-0.5784518,-0.58135206,-0.38683313,-0.4346881,0.81326896,-0.72314376,0.69024616,0.024968207
1356876426920,-0.5586736,-0.6176601,-0.55351585,-0.39647406,-0.38729972,0.83235043,-0.7284861,0.6844669,-0.02851206
1356876426960,-0.5250312,-0.66528857,-0.5307855,-0.42192972,-0.33815807,0.8412041,-0.73913294,0.66561264,-0.103161514
1356876427000,-0.47106904,-0.7171849,-0.513556,-0.46346927,-0.29412556,0.8358746,-0.75052655,0.6317721,-0.19383973
1356876427040,-0.4083352,-0.76464534,-0.4985779,-0.5102681,-0.2616809,0.8192372,-0.7568942,0.58893174,-0.2833206
1356876427080,-0.35678303,-0.799439,-0.48332503,-0.54663795,-0.24089539,0.8019703,-0.75755715,0.5503332,-0.35105634
1356876427120,-0.32904232,-0.8195807,-0.46906155,-0.5639336,-0.22787654,0.7937577,-0.7574366,0.5256994,-0.3872081
1356876427160,-0.32536387,-0.8271005,-0.45830452,-0.5608704,-0.22140598,0.79774916,-0.7612901,0.51660824,-0.3918587
1356876427200,-0.33998638,-0.8244357,-0.45245445,-0.5396519,-0.2229861,0.8118208,-0.7701851,0.5201759,-0.3690961
1356876427240,-0.36633092,-0.8134018,-0.45186192,-0.5055078,-0.23372942,0.8305615,-0.7811937,0.53268003,-0.32555866
1356876427280,-0.40105885,-0.7948171,-0.45543128,-0.46314785,-0.25300688,0.8494008,-0.7903455,0.5515917,-0.26664722
1356876427320,-0.44030607,-0.7694867,-0.46262372,-0.418235,-0.28016126,0.8640539,-0.79448724,0.57393366,-0.19846952
1356876427360,-0.47978497,-0.73889744,-0.47311413,-0.37637877,-0.3137657,0.87171674,-0.7925563,0.5963067,-0.1275652
1356876427400,-0.5153214,-0.7052076,-0.48695606,-0.34241334,-0.35145766,0.8713384,-0.78561884,0.61575955,-0.060358822
1356876427440,-0.54338026,-0.67094886,-0.5045449,-0.31934828,-0.3906229,0.8633831,-0.77637273,0.6302709,-0.0020095706
1356876427480,-0.56082857,-0.63867295,-0.52684736,-0.30817935,-0.42957872,0.8488153,-0.76843786,0.6384034,0.044094265
1356876427522,-0.5655155,-0.61053497,-0.5544721,-0.3074143,-0.46780765,0.8286449,-0.765303,0.6390642,0.076865315
1356876427560,-0.5587893,-0.5855317,-0.58728796,-0.31485316,-0.5053561,0.8034195,-0.7672171,0.63385165,0.098030984
1356876427600,-0.5430025,-0.564063,-0.6220782,-0.32626763,-0.5408859,0.77523667,-0.77375567,0.6239194,0.109666914
1356876427640,-0.52370733,-0.54287136,-0.65652215,-0.3405764,-0.5729706,0.74546117,-0.78085744,0.6139994,0.11517984
1356876427680,-0.50727487,-0.52053136,-0.68681824,-0.3576884,-0.5979084,0.7173316,-0.78404796,0.60955125,0.117115855
1356876427720,-0.49705255,-0.49785602,-0.7106885,-0.37759745,-0.61331433,0.6937331,-0.78125465,0.613176,0.11686036
1356876427760,-0.49285692,-0.47761866,-0.7273049,-0.39845994,-0.6191888,0.6766349,-0.77351254,0.6232861,0.11485964
1356876427800,-0.49317235,-0.46324483,-0.7363323,-0.4172704,-0.6167333,0.6674769,-0.7633259,0.63643086,0.11085755
1356876427840,-0.4970342,-0.45760617,-0.73726094,-0.43131366,-0.6069617,0.66750735,-0.7529446,0.6497647,0.10430893
1356876427880,-0.50402933,-0.46239507,-0.7294828,-0.4390096,-0.590206,0.6774417,-0.7437909,0.6617005,0.09448534
1356876427920,-0.5130677,-0.47800788,-0.71293056,-0.4404913,-0.5662433,0.6966606,-0.73670137,0.6714738,0.07996282
1356876427960,-0.52100843,-0.50386727,-0.6889615,-0.43821254,-0.5347717,0.722488,-0.7324753,0.67833394,0.057819664
1356876428000,-0.5222065,-0.5392132,-0.6607189,-0.43710256,-0.49601936,0.75027066,-0.73228526,0.6805982,0.023333132
1356876428040,-0.50911045,-0.5832875,-0.6329157,-0.44422853,-0.45176423,0.77367306,-0.73720247,0.6750443,-0.02911508
1356876428080,-0.47518164,-0.634356,-0.60974985,-0.46586645,-0.40649933,0.78595597,-0.7464388,0.6575338,-0.10236418
1356876428120,-0.42078072,-0.68727756,-0.5921091,-0.5015172,-0.3676501,0.7831436,-0.755926,0.6264846,-0.18998146
1356876428160,-0.3575986,-0.73369795,-0.5777633,-0.5411549,-0.34141243,0.7684978,-0.7611009,0.5874733,-0.2749557
1356876428200,-0.30506456,-0.76701057,-0.56447357,-0.5714663,-0.32671368,0.7527845,-0.7618149,0.5522255,-0.338652
1356876428240,-0.27664644,-0.7862656,-0.5524972,-0.5848007,-0.3184734,0.7460448,-0.76254505,0.52949136,-0.3717041
1356876428280,-0.2740553,-0.7937656,-0.54298234,-0.57948846,-0.314296,0.7519383,-0.76751995,0.5207247,-0.3738435
1356876428320,-0.29216373,-0.7918207,-0.53633964,-0.55759686,-0.31459326,0.7681906,-0.77699804,0.5234988,-0.34960395
1356876428360,-0.324768,-0.7819049,-0.5321189,-0.5234396,-0.3200032,0.7896892,-0.78774154,0.5349978,-0.30535316
1356876428400,-0.36647117,-0.7650274,-0.5295583,-0.48195526,-0.33076322,0.8113661,-0.79587567,0.5525656,-0.24749386
1356876428440,-0.41236407,-0.7422725,-0.5281925,-0.4378054,-0.3469826,0.82941514,-0.79892564,0.57326657,-0.1818878
1356876428480,-0.45676208,-0.7154616,-0.52866155,-0.39619124,-0.36847758,0.8409856,-0.7964929,0.5935814,-0.115153074
1356876428523,-0.4951138,-0.68690443,-0.53200066,-0.36149204,-0.39393598,0.8450668,-0.7900543,0.61071825,-0.05326736
1356876428560,-0.5240528,-0.65885746,-0.53969944,-0.33659464,-0.4218768,0.8418575,-0.7823508,0.6228377,-6.8217516E-4
1356876428600,-0.540852,-0.63321143,-0.5536447,-0.3223005,-0.45196688,0.83177423,-0.776918,0.62830675,0.040362775
1356876428639,-0.54421765,-0.61085826,-0.57504725,-0.31708866,-0.4848256,0.81510675,-0.7767123,0.6259364,0.07015437
1356876428678,-0.5471873,-0.6095888,-0.57357436,-0.29857725,-0.49802625,0.8141385,-0.7819448,0.61674255,0.09050432
1356876428718,-0.52412057,-0.57567924,-0.62760735,-0.32045168,-0.549469,0.7716181,-0.78905535,0.6055387,0.10351062
1356876428758,-0.5051676,-0.54467887,-0.66942567,-0.34062627,-0.58686507,0.73454964,-0.7929562,0.5990946,0.110933304
1356876428798,-0.49374074,-0.5160909,-0.6999072,-0.3623353,-0.60956734,0.705082,-0.7905271,0.60172886,0.1139704
1356876428838,-0.48942065,-0.49149263,-0.72034883,-0.38589412,-0.6186993,0.68432224,-0.78201866,0.6128998,0.113140106
1356876428878,-0.49002314,-0.47359553,-0.7318364,-0.40904835,-0.61644405,0.6728121,-0.769777,0.62905,0.10834843
1356876428918,-0.49408025,-0.46506035,-0.73457706,-0.42877734,-0.60466784,0.67121273,-0.75632966,0.64660305,0.099347234
1356876428958,-0.5013666,-0.4676122,-0.7279906,-0.4425295,-0.5844203,0.6801621,-0.74350464,0.66316783,0.08607665
1356876428998,-0.5116447,-0.48163137,-0.7115131,-0.4490933,-0.556075,0.6993538,-0.73248535,0.6773565,0.0682154
1356876429038,-0.52314305,-0.5062604,-0.6855814,-0.4493474,-0.5196911,0.72664165,-0.7241604,0.68820167,0.04438603
1356876429078,-0.53143495,-0.540003,-0.65266645,-0.44693658,-0.47576594,0.75755817,-0.7196002,0.69429344,0.011491597
1356876429118,-0.5294392,-0.5818202,-0.6173973,-0.4480526,-0.42621082,0.78587097,-0.7203771,0.69269735,-0.035033286
1356876429158,-0.50917065,-0.6309122,-0.58540154,-0.4599427,-0.37543714,0.8046736,-0.7274599,0.6789674,-0.09902191
1356876429198,-0.46702832,-0.68451184,-0.5597572,-0.48596305,-0.33016968,0.8092144,-0.7387317,0.64994735,-0.17844886
1356876429238,-0.40932292,-0.73601824,-0.5391956,-0.5208799,-0.2966913,0.8004114,-0.74909204,0.6084829,-0.26193458
1356876429279,-0.35377395,-0.7774807,-0.5199689,-0.5523181,-0.27499616,0.78697,-0.75484353,0.5655978,-0.3321302
1356876429318,-0.3191936,-0.80496323,-0.5001496,-0.5699986,-0.25855678,0.7799038,-0.75711095,0.5340249,-0.37629825
1356876429358,-0.31300592,-0.8193231,-0.48035088,-0.5699627,-0.24252266,0.7850639,-0.759717,0.51951176,-0.39107257
1356876429398,-0.33099192,-0.82290685,-0.46181032,-0.552354,-0.22783548,0.80187047,-0.7650814,0.5204953,-0.37912416
1356876429438,-0.36434948,-0.8178047,-0.44547147,-0.51981926,-0.21829814,0.82591397,-0.7726819,0.532486,-0.34557384
1356876429478,-0.4054078,-0.8056738,-0.4318961,-0.47627658,-0.21710968,0.8520704,-0.7802596,0.551138,-0.29570556
1356876429525,-0.44860655,-0.7880124,-0.42164978,-0.42612574,-0.22611493,0.8759502,-0.785601,0.5726329,-0.23435569
1356876429560,-0.48926747,-0.76663584,-0.4157967,-0.3748625,-0.2456119,0.89395356,-0.78746146,0.59324896,-0.16721308
1356876429600,-0.5240099,-0.7435273,-0.41542846,-0.32828212,-0.27375126,0.9040415,-0.78590363,0.61010444,-0.10063833
1356876429640,-0.55114925,-0.7202995,-0.42119265,-0.2912579,-0.30695546,0.9060614,-0.7819228,0.62205076,-0.040614605
1356876429680,-0.5704611,-0.6979505,-0.4329426,-0.26651284,-0.34129995,0.90137964,-0.7768816,0.62958676,0.008685589
1356876429720,-0.58203596,-0.67723715,-0.4500934,-0.25418893,-0.37424386,0.89181256,-0.77241325,0.63347566,0.045677125
1356876429760,-0.58544374,-0.6590133,-0.4721834,-0.2524349,-0.40529406,0.8786429,-0.7704105,0.63359153,0.07091892
1356876429800,-0.5801373,-0.6438291,-0.49892375,-0.25834996,-0.43546176,0.8623389,-0.77246106,0.62917185,0.08629435
1356876429840,-0.56723756,-0.63112324,-0.52907944,-0.26853204,-0.4655841,0.84328055,-0.7785449,0.6204152,0.09461999
1356876429880,-0.5511867,-0.618994,-0.5594995,-0.28025556,-0.4942546,0.8229029,-0.78590715,0.610376,0.09895
1356876429920,-0.53840035,-0.6055385,-0.5860444,-0.29275283,-0.5177259,0.8039002,-0.7902029,0.6043864,0.10147083
1356876429960,-0.53335893,-0.5904269,-0.6057428,-0.30646792,-0.53257143,0.78895193,-0.7884197,0.60643524,0.1031048
1356876430000,-0.5364157,-0.57520807,-0.61757106,-0.32106844,-0.5376499,0.77964586,-0.7804956,0.61649686,0.10372266
1356876430040,-0.5450598,-0.5625404,-0.62165755,-0.33495426,-0.5336255,0.7765626,-0.76858014,0.6314999,0.10243249
1356876430080,-0.55628234,-0.5553122,-0.61820555,-0.3456782,-0.5218793,0.7798387,-0.7556827,0.64751077,0.09835297
1356876430120,-0.5683353,-0.555352,-0.6071072,-0.35150957,-0.50325537,0.78941435,-0.7439328,0.662056,0.090806246
1356876430160,-0.5803005,-0.56377953,-0.5877109,-0.3511154,-0.47793925,0.80516595,-0.73482615,0.6735925,0.079396665
1356876430200,-0.5900225,-0.58012694,-0.561539,-0.34664965,-0.44611502,0.8251153,-0.72918266,0.681494,0.06211716
1356876430240,-0.5941756,-0.60405564,-0.5311047,-0.3426471,-0.40729856,0.8465818,-0.7277007,0.6849997,0.035028934
1356876430281,-0.58702356,-0.6356753,-0.5013186,-0.34724167,-0.3616827,0.86522186,-0.73131835,0.6819843,-0.008416653
1356876430320,-0.5647849,-0.6745861,-0.47534376,-0.36688954,-0.31069452,0.8768472,-0.73919564,0.6696287,-0.072022974
1356876430360,-0.52581054,-0.7183605,-0.45550144,-0.40495998,-0.25950944,0.8767339,-0.7480179,0.6454557,-0.15445441
1356876430400,-0.47764772,-0.76100767,-0.43899888,-0.45293203,-0.21485937,0.8652676,-0.75279826,0.61212975,-0.24205762
1356876430440,-0.43529648,-0.79492354,-0.4226269,-0.49484515,-0.1809032,0.8499425,-0.75209385,0.5791119,-0.31461757
1356876430480,-0.41000843,-0.81644714,-0.4065799,-0.5191355,-0.15762228,0.840032,-0.7499277,0.55549014,-0.3592202
1356876430524,-0.40281057,-0.8265215,-0.39319956,-0.5227177,-0.14490932,0.8400997,-0.7513387,0.5439334,-0.37366647
1356876430560,-0.40934002,-0.82760954,-0.38406152,-0.50753665,-0.1432538,0.8496381,-0.7581869,0.54271615,-0.36140263
1356876430600,-0.42543405,-0.82160616,-0.37943274,-0.47755623,-0.15232706,0.8652957,-0.7687301,0.5493267,-0.32755798
1356876430640,-0.4473884,-0.8100167,-0.3790996,-0.4388197,-0.1705342,0.88224447,-0.7792822,0.56106234,-0.27915627
1356876430680,-0.4739995,-0.79339963,-0.3818919,-0.39494187,-0.19606888,0.8975399,-0.786985,0.5762586,-0.22041023
1356876430729,-0.50267184,-0.7727311,-0.38756645,-0.35121197,-0.22711074,0.90833414,-0.78991854,0.5927119,-0.15723026
1356876430760,-0.531288,-0.7492007,-0.39551407,-0.31196654,-0.26103777,0.9135295,-0.787661,0.6087345,-0.09503931
1356876430800,-0.5573188,-0.7244649,-0.40564314,-0.28091538,-0.29521626,0.91319984,-0.7813337,0.6228948,-0.038983762
1356876430840,-0.5778458,-0.70082814,-0.41825122,-0.25975937,-0.32789373,0.90830106,-0.7737048,0.63350266,0.007425308
1356876430880,-0.5897473,-0.68100935,-0.43407887,-0.2474212,-0.3592915,0.8998291,-0.7687529,0.6380721,0.043394983
1356876430920,-0.5911431,-0.6667029,-0.4539349,-0.24130636,-0.39083284,0.8882684,-0.7696239,0.6346312,0.0701586
1356876430960,-0.5839025,-0.65690506,-0.4770049,-0.23913515,-0.42232668,0.87433094,-0.7758043,0.6245926,0.08950853
1356876431000,-0.573795,-0.648127,-0.5006901,-0.24058115,-0.4509864,0.8594952,-0.7828665,0.6136307,0.10284668
1356876431040,-0.5674269,-0.6369624,-0.5218291,-0.24671681,-0.47310078,0.84575796,-0.78559375,0.60864985,0.111300796
1356876431080,-0.56825864,-0.62238073,-0.5382604,-0.25792235,-0.48645037,0.8347706,-0.78138214,0.613195,0.115903825
1356876431120,-0.575912,-0.6058572,-0.5488738,-0.27289408,-0.49041158,0.8276626,-0.7706194,0.6264452,0.11709902
1356876431160,-0.5875187,-0.59040225,-0.55339575,-0.28912497,-0.4855752,0.824999,-0.75579655,0.6447029,0.114584476
1356876431200,-0.6003011,-0.5791596,-0.55155504,-0.30400288,-0.47263676,0.82716197,-0.73974395,0.6642205,0.10765803
1356876431240,-0.61264837,-0.5744356,-0.5428498,-0.31508517,-0.45238644,0.83430684,-0.72483337,0.68218064,0.09615761
1356876431280,-0.6235922,-0.5769326,-0.5275239,-0.32214218,-0.42519844,0.84583133,-0.71229005,0.69739157,0.07929617
1356876431319,-0.6317423,-0.5870882,-0.50619084,-0.32649648,-0.39073253,0.8606557,-0.70306605,0.70898205,0.055159986
1356876431365,-0.62932765,-0.6089773,-0.48279727,-0.337511,-0.34542722,0.8756519,-0.70002353,0.7140214,0.011850417
1356876431407,-0.61890376,-0.64189684,-0.4526882,-0.35165995,-0.28890145,0.8904332,-0.7023485,0.7102847,-0.046927214
1356876431449,-0.5919127,-0.6839005,-0.4265203,-0.38141954,-0.22850335,0.895715,-0.7100412,0.69286823,-0.12559897
1356876431489,-0.54933465,-0.7320324,-0.40293926,-0.42569372,-0.16977799,0.88879716,-0.71903855,0.65977573,-0.21835673
1356876431529,-0.49919105,-0.77862877,-0.38019145,-0.47486395,-0.12118214,0.871676,-0.7247845,0.61567205,-0.3092497
1356876431567,-0.45830625,-0.8135909,-0.35780632,-0.51232064,-0.08714002,0.8543619,-0.7262802,0.57487094,-0.37688255
1356876431627,-0.43510103,-0.8343988,-0.33832783,-0.5291683,-0.06703967,0.8458644,-0.72846967,0.54706883,-0.41236836
1356876431649,-0.42967308,-0.8430356,-0.32353085,-0.5235034,-0.059369445,0.84995264,-0.7357481,0.53457123,-0.41582263
1356876431689,-0.4377852,-0.8425418,-0.31379527,-0.49813673,-0.06324881,0.86478865,-0.74846774,0.5349046,-0.39201164
1356876431725,-0.45472872,-0.8354596,-0.3085919,-0.4590839,-0.07703495,0.8850466,-0.7631931,0.5441258,-0.348516
1356876431755,-0.47301346,-0.82586586,-0.3069265,-0.4185839,-0.09588736,0.9031019,-0.7752714,0.5556539,-0.30033815
1356876431795,-0.4972266,-0.8113245,-0.30743825,-0.37039253,-0.12193823,0.9208368,-0.78458595,0.5717374,-0.23987758
1356876431839,-0.5231072,-0.79359275,-0.31075636,-0.32088393,-0.15439826,0.9344489,-0.7895521,0.5885336,-0.17388433
1356876431879,-0.5472886,-0.77493316,-0.3161549,-0.27581555,-0.18965107,0.94231534,-0.7901905,0.60291886,-0.1099447
1356876431919,-0.56813484,-0.75694174,-0.32289633,-0.2381916,-0.22432154,0.9449575,-0.7877103,0.6137744,-0.052852273
1356876431959,-0.58439994,-0.741056,-0.33062455,-0.20944774,-0.25588357,0.94374526,-0.7839695,0.6207733,-0.0056741238
1356876431999,-0.5948298,-0.72880095,-0.33915567,-0.18914533,-0.28317195,0.94023275,-0.78128195,0.6234282,0.030589879
1356876432038,-0.5983861,-0.7213963,-0.3485992,-0.17555228,-0.30646795,0.9355526,-0.78173876,0.6210191,0.056743383
1356876432078,-0.5955214,-0.71859443,-0.35913277,-0.16670623,-0.3267743,0.9302836,-0.78585196,0.6138734,0.07480693
1356876432119,-0.589598,-0.7175946,-0.37071836,-0.1618411,-0.3447129,0.9246515,-0.7913164,0.60517013,0.08710575
1356876432159,-0.58599967,-0.7141302,-0.38291305,-0.16182679,-0.35989243,0.91885227,-0.7939877,0.60041267,0.09533143
1356876432199,-0.58870214,-0.705228,-0.3950739,-0.16780531,-0.37147605,0.9131522,-0.79074097,0.60387015,0.1003477
1356876432239,-0.59780794,-0.69083273,-0.4066643,-0.17952532,-0.3790338,0.9078018,-0.78127867,0.6156977,0.102567375
1356876432279,-0.6104097,-0.6732763,-0.41725153,-0.19527017,-0.38260674,0.9030402,-0.76763886,0.6327013,0.10207611
1356876432319,-0.62333053,-0.655493,-0.42636597,-0.2130026,-0.38230288,0.89915204,-0.75238883,0.651286,0.098679245
1356876432359,-0.63441706,-0.63997775,-0.43352443,-0.23102383,-0.3782252,0.89642274,-0.73766047,0.6688603,0.09210241
1356876432399,-0.6424408,-0.62858546,-0.43834934,-0.24856475,-0.37015927,0.8950964,-0.7249037,0.68400466,0.08156121
1356876432439,-0.6463608,-0.6228647,-0.44074637,-0.26599604,-0.35745823,0.8952485,-0.7151671,0.69589025,0.0653674
1356876432478,-0.64414525,-0.6249292,-0.44106746,-0.28536236,-0.3386655,0.89659023,-0.7096797,0.70339835,0.039818525
1356876432525,-0.6319078,-0.63819134,-0.43977767,-0.31003687,-0.3119008,0.8981064,-0.71033067,0.70386773,-7.702708E-4
1356876432560,-0.6048894,-0.665624,-0.43709666,-0.34417796,-0.27644765,0.8972838,-0.718088,0.69319654,-0.06187284
1356876432600,-0.5614795,-0.7052439,-0.43286467,-0.38981408,-0.23599988,0.8901399,-0.7299217,0.6685321,-0.14240491
1356876432640,-0.50790745,-0.7477864,-0.4276045,-0.44194257,-0.19988346,0.8744904,-0.73940307,0.63313675,-0.2289564
1356876432683,-0.4566595,-0.7822449,-0.4237392,-0.4894925,-0.17679656,0.853897,-0.74287224,0.5973574,-0.30216724
1356876432720,-0.41840667,-0.8027816,-0.42482668,-0.5229802,-0.169474,0.8353265,-0.7425818,0.57168204,-0.34892982
1356876432760,-0.39700443,-0.81006026,-0.43149745,-0.5382136,-0.17534381,0.82436687,-0.7434472,0.55951506,-0.36637318
1356876432800,-0.3900267,-0.80670875,-0.4439595,-0.5363886,-0.19284588,0.82164323,-0.74844265,0.5585977,-0.3574943
1356876432840,-0.39469135,-0.79497176,-0.46069375,-0.5205378,-0.21970701,0.8250874,-0.75713885,0.5654633,-0.32709646
1356876432880,-0.4089486,-0.7761427,-0.4799619,-0.4947072,-0.25340652,0.83129406,-0.7668284,0.5773972,-0.2803331
1356876432920,-0.43110627,-0.7510545,-0.50006455,-0.46313107,-0.2914498,0.83699864,-0.77437526,0.5924308,-0.22219092
1356876432961,-0.4589336,-0.72076935,-0.51949155,-0.4300664,-0.33142108,0.83976364,-0.77744627,0.6088116,-0.15787834
1356876433001,-0.48921162,-0.6871624,-0.53710324,-0.39960277,-0.37078762,0.8383521,-0.77523524,0.62475955,-0.09319836
1356876433041,-0.51813835,-0.6530023,-0.55237734,-0.3747787,-0.4071865,0.8329106,-0.76881313,0.63858217,-0.03375238
1356876433081,-0.5411899,-0.6222219,-0.56564426,-0.35673833,-0.43924832,0.824499,-0.7614796,0.6479975,0.015746355
1356876433120,-0.55438197,-0.59895605,-0.57785136,-0.34356296,-0.4676957,0.81438637,-0.75804025,0.6500095,0.053502917
1356876433161,-0.5562401,-0.5851527,-0.59007907,-0.33212084,-0.49436033,0.8033079,-0.7617694,0.6428096,0.08064163
1356876433201,-0.54951245,-0.57875705,-0.60255814,-0.32127625,-0.51937526,0.79185283,-0.77124417,0.62872064,0.09946227
1356876433241,-0.5409429,-0.57399213,-0.6147469,-0.314066,-0.5401919,0.7807402,-0.78022003,0.61540693,0.111941576
1356876433282,-0.5367868,-0.565928,-0.6257679,-0.3145617,-0.55396676,0.7708254,-0.7828862,0.61061156,0.119342774
1356876433321,-0.53892905,-0.5532909,-0.6351571,-0.32367492,-0.5601193,0.76256204,-0.7776824,0.6165513,0.12277824
1356876433361,-0.546268,-0.5375708,-0.6423464,-0.33982655,-0.558692,0.7565588,-0.7655777,0.6315702,0.122514695
1356876433401,-0.555616,-0.52212703,-0.64705044,-0.3592804,-0.5510473,0.7531696,-0.7498056,0.6509456,0.11858073
1356876433441,-0.56448346,-0.5101599,-0.6489187,-0.37835854,-0.53878164,0.75270134,-0.73362345,0.6704113,0.11110991
1356876433480,-0.57156044,-0.50392395,-0.6475949,-0.39457712,-0.5231899,0.75536823,-0.71946335,0.6872648,0.10019785
1356876433525,-0.5758968,-0.50486106,-0.643007,-0.40774044,-0.5043436,0.7611735,-0.7085834,0.70053744,0.08459765
1356876433560,-0.57587284,-0.5143766,-0.6354427,-0.419554,-0.48116225,0.7697127,-0.7016731,0.709859,0.061279416
1356876433600,-0.5677998,-0.53466547,-0.6258883,-0.4333753,-0.45227373,0.779509,-0.6998494,0.7138496,0.025090098
1356876433640,-0.5455784,-0.5688256,-0.61545235,-0.4535731,-0.4171086,0.7875861,-0.7047096,0.70884264,-0.030438542
1356876433680,-0.50400865,-0.61700046,-0.6043886,-0.4835268,-0.3782645,0.78937805,-0.71566546,0.6900915,-0.10768765
1356876433720,-0.44395822,-0.6723866,-0.59228146,-0.5218411,-0.34331602,0.7809071,-0.7284112,0.6557669,-0.19846094
1356876433760,-0.37750453,-0.72173715,-0.5801602,-0.5593939,-0.32153916,0.7639967,-0.7379491,0.6129503,-0.28235275
1356876433800,-0.32171434,-0.7545765,-0.57193893,-0.5858856,-0.31587225,0.74629927,-0.7437996,0.575186,-0.34047484
1356876433840,-0.2869838,-0.7687135,-0.57159424,-0.596835,-0.32324255,0.734372,-0.7492852,0.5519004,-0.3660298
1356876433881,-0.27465254,-0.7665915,-0.5804339,-0.59276515,-0.34031117,0.7299437,-0.7570967,0.5445419,-0.36094147
1356876433920,-0.28138083,-0.75106734,-0.5972626,-0.5769686,-0.36491984,0.7307125,-0.76676726,0.5502103,-0.33066082
1356876433960,-0.3026182,-0.7242658,-0.61956537,-0.55388975,-0.39537197,0.73272586,-0.77564704,0.5649071,-0.28151667
1356876434000,-0.33369595,-0.6880458,-0.64439124,-0.52763456,-0.430142,0.73251605,-0.78118426,0.5844407,-0.21950006
1356876434040,-0.3696677,-0.6448645,-0.66895115,-0.5017306,-0.46742827,0.727858,-0.78205645,0.60469884,-0.15075517
1356876434080,-0.40594447,-0.59788096,-0.69119287,-0.4791918,-0.50475806,0.71804917,-0.778193,0.622702,-0.08159596
1356876434120,-0.43865293,-0.5506457,-0.7101922,-0.4625554,-0.5392086,0.70377314,-0.77047133,0.6372154,-0.018178731
1356876434160,-0.46428078,-0.50711936,-0.72613585,-0.4531077,-0.5684472,0.6867031,-0.7610103,0.64784086,0.034139395
1356876434200,-0.48044068,-0.47099337,-0.73982567,-0.44913325,-0.592421,0.6688174,-0.7532968,0.65360737,0.073084354
1356876434240,-0.4860834,-0.44467574,-0.7523207,-0.44684792,-0.61335254,0.6512493,-0.75103253,0.6527344,0.09943807
1356876434280,-0.48251837,-0.42835274,-0.76399595,-0.44312093,-0.63301134,0.6347758,-0.7555261,0.6448336,0.11562759
1356876434320,-0.4740585,-0.41879448,-0.774519,-0.43891326,-0.65016174,0.6201974,-0.76329786,0.63395655,0.12440026
1356876434360,-0.4660579,-0.41187224,-0.7830398,-0.43813792,-0.6614564,0.6086959,-0.7686516,0.626767,0.12782004
1356876434400,-0.46219838,-0.40474814,-0.78901947,-0.44424433,-0.66437596,0.60104215,-0.7674762,0.6283181,0.12726638
1356876434440,-0.4631145,-0.39744982,-0.79218596,-0.4566271,-0.65906024,0.5976047,-0.7596161,0.638493,0.12373397
1356876434480,-0.4676007,-0.39186957,-0.7923305,-0.4724612,-0.6467809,0.5987109,-0.7470809,0.6543031,0.117292106
1356876434526,-0.47409558,-0.3907921,-0.78899616,-0.4877648,-0.6294629,0.6048652,-0.73302037,0.67160845,0.107811004
1356876434560,-0.48158026,-0.396059,-0.78180414,-0.5000524,-0.6084257,0.61625135,-0.71974164,0.68771756,0.09495565
1356876434600,-0.48930526,-0.40909353,-0.7702096,-0.5079629,-0.5841985,0.63299745,-0.7089105,0.7009669,0.07804704
1356876434640,-0.49577606,-0.4310539,-0.75392216,-0.5116168,-0.5565188,0.65462595,-0.70175093,0.7102671,0.055374235
1356876434680,-0.49742174,-0.463109,-0.7335542,-0.5130801,-0.52478504,0.6792271,-0.69951445,0.71423435,0.023427486
1356876434720,-0.4878387,-0.507327,-0.710375,-0.5161057,-0.48868877,0.7034331,-0.70402294,0.7097905,-0.02343309
1356876434760,-0.46068043,-0.5642316,-0.68513954,-0.5250191,-0.44916326,0.72291577,-0.7156315,0.6927445,-0.0893116
1356876434800,-0.4140399,-0.6286627,-0.65829647,-0.5430554,-0.4097985,0.73290926,-0.73052156,0.6609451,-0.17172581
1356876434840,-0.3563019,-0.68952537,-0.63055825,-0.5678266,-0.37614805,0.7321787,-0.74203897,0.6189244,-0.2575087
1356876434880,-0.30449885,-0.73613405,-0.6044726,-0.590953,-0.35170645,0.7260008,-0.7470308,0.5782813,-0.3279264
1356876434920,-0.27392095,-0.76466864,-0.5833089,-0.6041439,-0.33509988,0.7229926,-0.74831647,0.55044526,-0.37017906
1356876434960,-0.2699241,-0.77723855,-0.5683671,-0.60310596,-0.32367122,0.72904044,-0.7506025,0.5395712,-0.3813905
1356876435000,-0.28939766,-0.7774045,-0.5584723,-0.5866453,-0.31697613,0.74523383,-0.75637054,0.543294,-0.3643285
1356876435040,-0.32599562,-0.76789224,-0.55142385,-0.5557548,-0.3161896,0.7688698,-0.76476365,0.55710465,-0.32368338
1356876435080,-0.37185603,-0.7512122,-0.54534703,-0.51451796,-0.3221891,0.79464805,-0.7726541,0.57608545,-0.26670426
1356876435120,-0.4213488,-0.72919685,-0.5392005,-0.46711546,-0.33512223,0.81822747,-0.7773469,0.5966281,-0.19941568
1356876435160,-0.46877903,-0.704283,-0.53313386,-0.4190966,-0.35396415,0.83610255,-0.7775631,0.6153819,-0.12923169
1356876435200,-0.50998974,-0.67902654,-0.5280468,-0.37564582,-0.3764367,0.8468681,-0.7738221,0.63025266,-0.063094616
1356876435240,-0.5426934,-0.6555158,-0.5251503,-0.34069756,-0.39968652,0.85098517,-0.76772976,0.64074147,-0.0064254403
1356876435280,-0.56591153,-0.6352565,-0.52554107,-0.31636935,-0.42131513,0.8499435,-0.7613505,0.6472579,0.037451327
1356876435321,-0.5791464,-0.61950374,-0.5299101,-0.3021117,-0.44063807,0.84532046,-0.7571777,0.6496563,0.06803465
1356876435360,-0.5819404,-0.6090394,-0.5389029,-0.29529583,-0.45918453,0.8378246,-0.75772405,0.6466998,0.08737123
1356876435400,-0.5756304,-0.60312915,-0.55216384,-0.29268754,-0.47854745,0.8278444,-0.7635337,0.6381439,0.09893811
1356876435440,-0.564792,-0.5987884,-0.5678578,-0.29285312,-0.4978999,0.81629205,-0.7715226,0.6273341,0.1058529
1356876435480,-0.5557436,-0.5923729,-0.5833038,-0.296784,-0.51403606,0.8047895,-0.77657473,0.6203719,0.10986543
1356876435527,-0.5528946,-0.5820397,-0.59626955,-0.30577224,-0.5239477,0.794973,-0.77511996,0.62185895,0.1117163
1356876435560,-0.55687904,-0.5687977,-0.60527253,-0.31913415,-0.5262599,0.78816485,-0.7668371,0.63207567,0.11154032
1356876435599,-0.56536794,-0.55569154,-0.60956216,-0.33432752,-0.5211978,0.78522474,-0.75404525,0.64773434,0.10888556
1356876435638,-0.57552874,-0.54628557,-0.6085546,-0.34843683,-0.5094175,0.7868199,-0.7398367,0.66488034,0.10283846
1356876435678,-0.58547264,-0.54339004,-0.60162205,-0.3591863,-0.4914238,0.79340273,-0.72677857,0.68061,0.092536926
1356876435718,-0.59407985,-0.54849577,-0.5884059,-0.36571288,-0.46734583,0.80488634,-0.7164658,0.69335437,0.07704878
1356876435758,-0.5998286,-0.562075,-0.56945354,-0.36926058,-0.4369173,0.8202133,-0.7098256,0.7022642,0.05452335
1356876435799,-0.5998092,-0.5844494,-0.5464868,-0.37323877,-0.3997612,0.83718807,-0.70775825,0.7061232,0.021641195
1356876435838,-0.5894072,-0.6163783,-0.52218467,-0.3828331,-0.35608488,0.8524332,-0.7113634,0.7023399,-0.02609104
1356876435878,-0.56336313,-0.65839005,-0.49914378,-0.4035728,-0.30787355,0.86159325,-0.72093755,0.68683076,-0.0922637
1356876435918,-0.5196961,-0.70793563,-0.47827095,-0.43726546,-0.26052666,0.8607699,-0.733972,0.6564701,-0.17416108
1356876435958,-0.46529967,-0.7569214,-0.45887494,-0.47741055,-0.22194052,0.85018915,-0.7453693,0.6146645,-0.25809342
1356876435998,-0.41564977,-0.79539293,-0.4411184,-0.5116553,-0.19649523,0.8364201,-0.7519603,0.57335836,-0.32529384
1356876436038,-0.38433903,-0.8184354,-0.42713815,-0.53058034,-0.18280518,0.8276876,-0.7554919,0.5447438,-0.36398655
1356876436078,-0.3749925,-0.82689047,-0.41908556,-0.53107333,-0.17891932,0.82822037,-0.75983006,0.5331416,-0.372046
1356876436118,-0.3839025,-0.8235193,-0.4176538,-0.51451236,-0.18480676,0.8373311,-0.76674366,0.5363416,-0.35276306
1356876436158,-0.40583712,-0.81051064,-0.42233723,-0.4848324,-0.20079851,0.8512447,-0.77474755,0.55022943,-0.31147033
1356876436198,-0.43616915,-0.78930056,-0.4321588,-0.44746017,-0.22642851,0.8651645,-0.78072786,0.5707319,-0.25441945
1356876436238,-0.47113532,-0.7610521,-0.44590503,-0.40785915,-0.26027423,0.8751619,-0.78210133,0.59418607,-0.18777764
