1356876733660,-0.082024395,-0.017583579,0.9964752,0.99605834,0.032423258,0.08256221,-0.033760697,0.99931955,0.014854729
1356876733686,0.4038085,0.027217716,-0.91443855,-0.9142206,-0.024873346,-0.4044526,-0.033753455,0.99932003,0.014838964
1356876733734,0.4040905,0.027110875,-0.9143172,-0.9140982,-0.024853557,-0.40473077,-0.03369659,0.9993235,0.014738858
1356876733757,0.40513805,0.026841491,-0.9138614,-0.9136412,-0.024748057,-0.40576726,-0.033507735,0.9993332,0.014497161
1356876733805,0.40773463,0.026444823,-0.91271746,-0.9125016,-0.024395287,-0.408345,-0.033064634,0.9993526,0.014184177
1356876733852,0.41300604,0.026162922,-0.91035247,-0.9101522,-0.023691565,-0.41359612,-0.032388538,0.9993769,0.014027476
1356876733898,0.4211518,0.026106596,-0.9066143,-0.90644544,-0.022523254,-0.42172185,-0.03142962,0.9994054,0.0141785145
1356876733923,0.4337693,0.026192844,-0.9006431,-0.90051436,-0.021010578,-0.4343182,-0.030299097,0.999436,0.014473319
1356876733958,0.4499486,0.026098162,-0.892673,-0.8925841,-0.019297004,-0.45046794,-0.028982282,0.9994731,0.014612138
1356876734003,0.4692816,0.02567029,-0.88267535,-0.8826173,-0.017601192,-0.4697626,-0.027595103,0.99951553,0.014397144
1356876734044,0.48909226,0.024811327,-0.8718791,-0.87183845,-0.016120106,-0.48952818,-0.026200652,0.99956214,0.013747275
1356876734085,0.50809795,0.02372703,-0.8609724,-0.8609339,-0.015123427,-0.50849193,-0.025085896,0.99960405,0.01274322
1356876734123,0.5250307,0.022247106,-0.85079247,-0.8507308,-0.015050769,-0.52538615,-0.024493396,0.9996392,0.011024192
1356876734163,0.5406819,0.019861102,-0.8409926,-0.84086597,-0.01653196,-0.5409908,-0.024647951,0.9996661,0.007762015
1356876734202,0.5558249,0.016138643,-0.8311428,-0.8309051,-0.020005941,-0.5560544,-0.025601774,0.9996696,0.0022898912
1356876734242,0.57045007,0.010991812,-0.8212588,-0.8208813,-0.025501922,-0.5705291,-0.027214825,0.99961436,-0.0055246055
1356876734285,0.5841483,0.004529983,-0.81163436,-0.811123,-0.032666743,-0.5839627,-0.029158771,0.99945605,-0.015407875
1356876734322,0.5966869,-0.0031704307,-0.8024678,-0.8018746,-0.04100418,-0.59608376,-0.03101471,0.999154,-0.027008936
1356876734363,0.60777617,-0.011878073,-0.7940195,-0.793445,-0.049944565,-0.6065893,-0.032451868,0.9986813,-0.039779708
1356876734403,0.6168469,-0.020941615,-0.78680456,-0.7863736,-0.05883445,-0.6149431,-0.03341332,0.998048,-0.05275978
1356876734443,0.6240015,-0.029725373,-0.78085756,-0.7806786,-0.06732686,-0.6212955,-0.034104466,0.99728805,-0.065218
1356876734483,0.6290642,-0.037469774,-0.7764498,-0.7765691,-0.07514495,-0.6255346,-0.03490764,0.99646837,-0.07636887
1356876734522,0.63165593,-0.04331112,-0.7740381,-0.7744047,-0.08183086,-0.6273763,-0.03616783,0.99570465,-0.08522928
1356876734563,0.6312523,-0.046414226,-0.7741875,-0.7746388,-0.08683172,-0.6264145,-0.038149476,0.9951412,-0.09076701
1356876734602,0.6274368,-0.046224385,-0.7772942,-0.77759147,-0.089654446,-0.6223451,-0.040920377,0.99489963,-0.09219618
1356876734645,0.61876774,-0.041879117,-0.78445685,-0.7842704,-0.090434045,-0.61379266,-0.045236558,0.99502146,-0.0888022
1356876734684,0.6078109,-0.034572035,-0.7933288,-0.7924223,-0.09096117,-0.6031524,-0.051309943,0.99525404,-0.08268283
1356876734719,0.5921729,-0.023969978,-0.8054543,-0.8035219,-0.09285222,-0.58798885,-0.060694158,0.99539125,-0.074244946
1356876734761,0.57380503,-0.0114813745,-0.81891143,-0.8157451,-0.096958384,-0.570227,-0.07285333,0.9952222,-0.065001085
1356876734802,0.55277085,0.0016715825,-0.83333164,-0.82877445,-0.103353694,-0.5499553,-0.08704722,0.9946433,-0.055745542
1356876734842,0.5301425,0.013751298,-0.84779704,-0.8418114,-0.11115557,-0.52820253,-0.10150084,0.9937079,-0.0473523
1356876734881,0.50602627,0.023857087,-0.8621881,-0.8547834,-0.11969891,-0.5049926,-0.11525062,0.99252355,-0.040178165
1356876734921,0.48060384,0.031259954,-0.8763805,-0.867667,-0.12798056,-0.4803904,-0.1271767,0.9912839,-0.034384727
1356876734963,0.4547495,0.03593588,-0.8898941,-0.88008296,-0.13510874,-0.4551918,-0.13659015,0.9901789,-0.02981408
1356876735002,0.42912,0.038217098,-0.90243864,-0.89182436,-0.14046681,-0.43002135,-0.14319682,0.9893475,-0.026194185
1356876735043,0.40590128,0.039009184,-0.91308403,-0.9019984,-0.14372703,-0.40711364,-0.14711604,0.9888482,-0.023152784
1356876735082,0.38620937,0.0392828,-0.92157423,-0.9102992,-0.1451428,-0.38767102,-0.1489887,0.98863053,-0.02029635
1356876735122,0.37057465,0.040368974,-0.927925,-0.9166607,-0.14511794,-0.37238947,-0.14969155,0.9885905,-0.01677239
1356876735161,0.35956594,0.04349029,-0.93210566,-0.9209406,-0.14432499,-0.36199296,-0.15026924,0.98857427,-0.01184243
1356876735204,0.35104704,0.049681097,-0.9350389,-0.9242834,-0.14146364,-0.35452545,-0.14988717,0.9886961,-0.003741026
1356876735243,0.34990743,0.057777256,-0.9350009,-0.92524874,-0.13483658,-0.35458997,-0.14655948,0.989182,0.0062779784
1356876735282,0.35265946,0.066523015,-0.9333842,-0.92562497,-0.12155014,-0.35839072,-0.1372942,0.9903536,0.01870957
1356876735321,0.36074212,0.07436052,-0.92969656,-0.92440474,-0.1038712,-0.36699677,-0.12385872,0.9918071,0.031268448
1356876735362,0.37079817,0.07949275,-0.9253051,-0.922471,-0.08380008,-0.37686166,-0.1074985,0.99330676,0.04225689
1356876735406,0.3801156,0.08046526,-0.9214323,-0.9203555,-0.0661495,-0.38544795,-0.091967404,0.99456,0.048912138
1356876735443,0.3881509,0.075561434,-0.9184929,-0.9182334,-0.053349048,-0.39243007,-0.078653306,0.995713,0.048675537
1356876735482,0.38824818,0.06528956,-0.9192391,-0.9190249,-0.04643038,-0.3914555,-0.068238616,0.9967855,0.041976243
1356876735522,0.38430005,0.04873261,-0.92192113,-0.9212445,-0.04485619,-0.38638914,-0.060183585,0.99780416,0.027656406
1356876735566,0.3718996,0.025580168,-0.9279204,-0.926715,-0.04765874,-0.37273026,-0.053758025,0.998536,0.0059812665
1356876735602,0.35464418,-0.0052167773,-0.9349868,-0.9337406,-0.05388832,-0.35387084,-0.048538804,0.99853337,-0.023982286
1356876735687,0.3634967,-0.052729428,-0.930102,-0.9304997,-0.068960875,-0.35974255,-0.045171678,0.9962249,-0.07413173
1356876735692,0.36713016,-0.109576195,-0.9236928,-0.9291055,-0.09068346,-0.35852388,-0.044478,0.9898331,-0.13510048
1356876735729,0.415814,-0.16988379,-0.89344174,-0.908202,-0.12900749,-0.39815345,-0.047620833,0.9769834,-0.20793197
1356876735771,0.49207962,-0.22177061,-0.8418286,-0.86890113,-0.18461095,-0.45927078,-0.05355802,0.9574637,-0.28354
1356876735815,0.5672004,-0.25737226,-0.7823318,-0.8213731,-0.2462676,-0.51448846,-0.060247928,0.9344045,-0.3510818
1356876735851,0.60628253,-0.2803226,-0.74420476,-0.7925977,-0.28935593,-0.536714,-0.06488693,0.91525537,-0.3976145
1356876735891,0.5997593,-0.29867202,-0.7423502,-0.7972984,-0.3017277,-0.5227579,-0.067854494,0.9054035,-0.41909468
1356876735931,0.53217816,-0.31929734,-0.7841145,-0.84361494,-0.27811366,-0.45931107,-0.07141617,0.90592605,-0.41737002
1356876735971,0.3757704,-0.34092295,-0.86172396,-0.9235029,-0.2150886,-0.31761497,-0.07706481,0.9151549,-0.39566725
1356876736014,0.11637372,-0.3483056,-0.93012923,-0.98959625,-0.120428205,-0.07871717,-0.08459622,0.92961293,-0.35869652
1356876736052,-0.20594019,-0.3217186,-0.9241676,-0.97408307,-0.022885323,0.22503006,-0.09354621,0.9465587,-0.3086676
1356876736092,-0.46367687,-0.271233,-0.8434669,-0.8800458,0.030768633,0.47389108,-0.1025826,0.96202177,-0.25296408
1356876736133,-0.6340574,-0.21897584,-0.7416338,-0.76523346,0.039633453,0.64253163,-0.111305386,0.97492504,-0.19269747
1356876736172,-0.7272809,-0.17853898,-0.6627114,-0.6760172,0.019508421,0.7366275,-0.1185883,0.98373944,-0.13488352
1356876736213,-0.7781575,-0.14879756,-0.6101887,-0.61567295,-0.011353612,0.78792,-0.12416841,0.98880255,-0.08277571
1356876736251,-0.7988777,-0.12784663,-0.5877497,-0.5875045,-0.043663383,0.8080421,-0.12896857,0.9908324,-0.040228844
1356876736292,-0.7954288,-0.11379543,-0.59526765,-0.59073436,-0.07381648,0.8034824,-0.13537319,0.9907582,-0.0085071325
1356876736331,-0.76592356,-0.10333714,-0.63457274,-0.6265273,-0.10157007,0.77275294,-0.1443077,0.9894468,0.013051391
1356876736372,-0.7116815,-0.09311658,-0.6963038,-0.68520683,-0.1265741,0.71726614,-0.15492338,0.987577,0.02627629
1356876736412,-0.6371489,-0.079006255,-0.76668084,-0.7532883,-0.146653,0.6411316,-0.16308936,0.9860279,0.033925176
1356876736452,-0.5545024,-0.05990222,-0.8300234,-0.8159466,-0.15692174,0.5564232,-0.16357967,0.98579276,0.038136423
1356876736492,-0.4700302,-0.038018674,-0.8818313,-0.8688861,-0.15581995,0.46984807,-0.15526989,0.98705363,0.040206134
1356876736533,-0.3938477,-0.017722726,-0.9190048,-0.9088226,-0.14213055,0.39222497,-0.13756987,0.9896893,0.039870918
1356876736574,-0.326716,-0.003114909,-0.9451175,-0.93783915,-0.122838795,0.32460487,-0.117108256,0.99242175,0.037212133
1356876736612,-0.27713525,0.003588587,-0.96082425,-0.9560348,-0.10082179,0.27537718,-0.09588382,0.9948981,0.03137201
1356876736690,-0.2676044,0.0010959804,-0.9635282,-0.9605564,-0.078792155,0.2666894,-0.075626194,0.9968904,0.02213788
1356876736693,-0.32217586,-0.009782255,-0.9466292,-0.94496924,-0.056761444,0.3221975,-0.05688387,0.99833983,0.009043276
1356876736728,-0.45867115,-0.026661366,-0.888206,-0.8877051,-0.031251073,0.4593506,-0.040004343,0.9991559,-0.009333432
1356876736774,-0.643326,-0.04468575,-0.7642871,-0.7651588,0.0039369464,0.6438295,-0.025761038,0.99899334,-0.03672445
1356876736811,-0.7976574,-0.05963105,-0.60015565,-0.6029018,0.052643538,0.79607666,-0.015876591,0.9968314,-0.07794309
1356876736852,-0.87432796,-0.07703984,-0.4791821,-0.48517585,0.113413274,0.86703044,-0.012450278,0.99055654,-0.13653827
1356876736889,-0.8861027,-0.1109449,-0.45001462,-0.46320555,0.17803282,0.8681848,-0.016203344,0.9777502,-0.2091456
1356876736931,-0.8504946,-0.16869965,-0.49819607,-0.525391,0.22751796,0.819878,-0.024964571,0.9590496,-0.28213608
1356876736972,-0.8039527,-0.2284689,-0.5490557,-0.59362215,0.25291675,0.7639672,-0.035677344,0.94012505,-0.33895737
1356876737012,-0.8048865,-0.25473157,-0.5359752,-0.59152937,0.27219176,0.7589497,-0.047440395,0.9279135,-0.36976463
1356876737052,-0.84117705,-0.2486948,-0.4801792,-0.5373187,0.2843793,0.79398805,-0.060907647,0.92589384,-0.37284172
1356876737092,-0.87328726,-0.23263307,-0.42807847,-0.4813878,0.2766227,0.8317125,-0.07506758,0.9323957,-0.35355783
1356876737134,-0.89706284,-0.21352142,-0.38689402,-0.43292075,0.24900973,0.8663566,-0.08864531,0.9446707,-0.31581527
1356876737173,-0.90922076,-0.19831026,-0.36604744,-0.40398616,0.20789057,0.8908293,-0.10056275,0.95783854,-0.26913297
1356876737211,-0.9153377,-0.18512669,-0.35761008,-0.38691202,0.15819281,0.908446,-0.11160626,0.9698985,-0.2164275
1356876737252,-0.9142855,-0.17512996,-0.36525533,-0.38613236,0.10431874,0.9165258,-0.12240816,0.97900313,-0.1630004
1356876737292,-0.90628314,-0.16714722,-0.3882174,-0.40118396,0.05104959,0.91457385,-0.13305014,0.9846094,-0.11332214
1356876737333,-0.89017004,-0.15962698,-0.42675126,-0.43270248,0.0028104782,0.9015324,-0.14270948,0.98717344,-0.07157284
1356876737371,-0.8638295,-0.15164,-0.48042053,-0.4804852,-0.038664997,0.8761501,-0.15143485,0.9876793,-0.039460838
1356876737412,-0.81986433,-0.14292175,-0.554433,-0.5495878,-0.075084984,0.832055,-0.16054836,0.98688173,-0.016988516
1356876737452,-0.74923795,-0.13204569,-0.6490042,-0.63970494,-0.10949898,0.76078093,-0.1715231,0.98517716,-0.002429545
1356876737492,-0.65001553,-0.11569792,-0.7510618,-0.73751783,-0.14216667,0.660194,-0.18315902,0.9830578,0.00708127
1356876737532,-0.53607976,-0.09223932,-0.8391129,-0.8222753,-0.16784978,0.54377365,-0.19100222,0.9814879,0.014134765
1356876737571,-0.4241261,-0.06359559,-0.9033674,-0.88539636,-0.18042916,0.4283907,-0.19023755,0.98152983,0.020217419
1356876737612,-0.32579756,-0.03465566,-0.9448042,-0.9283434,-0.17745721,0.32663056,-0.1789819,0.9835181,0.025642753
1356876737684,-0.2375021,-0.01000756,-0.9713354,-0.9577494,-0.16455603,0.2358756,-0.1621997,0.9863169,0.029497743
1356876737693,-0.16278756,0.006747633,-0.98663807,-0.9762597,-0.14591843,0.1600773,-0.14288858,0.98927355,0.030341208
1356876737727,-0.11029816,0.013661355,-0.99380463,-0.98607016,-0.12675488,0.10769731,-0.12449831,0.99183995,0.027451903
1356876737771,-0.08283186,0.010674655,-0.99650645,-0.99076825,-0.10856402,0.0811919,-0.10731807,0.99403214,0.019568682
1356876737811,-0.09626871,-0.0018469393,-0.9953537,-0.9910921,-0.092277944,0.09602782,-0.0920265,0.9957316,0.007052988
1356876737852,-0.1247887,-0.023573518,-0.9919033,-0.9890976,-0.07582885,0.12623784,-0.078190714,0.99684215,-0.013853908
1356876737893,-0.17044646,-0.055369437,-0.98381007,-0.9831317,-0.05765605,0.17357388,-0.066333294,0.99679995,-0.044608176
1356876737932,-0.17333156,-0.10131261,-0.97963864,-0.98315597,-0.04074818,0.178168,-0.057969153,0.9940198,-0.092543125
1356876737971,-0.13031012,-0.16154882,-0.97822344,-0.989949,-0.033486784,0.1374023,-0.054954767,0.9862963,-0.15556145
1356876738013,-0.009098172,-0.23359457,-0.9722916,-0.99815404,-0.056268215,0.02285868,-0.06004873,0.9707047,-0.23265147
1356876738051,0.110948026,-0.2957571,-0.9487983,-0.99138147,-0.09985876,-0.0847998,-0.06966567,0.9500295,-0.30428725
1356876738093,0.18925044,-0.33796412,-0.9219352,-0.97860783,-0.14207152,-0.14880317,-0.08069059,0.9303741,-0.35762143
1356876738131,0.2096127,-0.36039156,-0.9089447,-0.9735444,-0.16340193,-0.15972215,-0.09096083,0.9183778,-0.3851083
1356876738172,0.17692798,-0.36548093,-0.9138491,-0.97901034,-0.16079372,-0.12523651,-0.101169616,0.91682553,-0.38625848
1356876738211,0.10664269,-0.35412535,-0.9290978,-0.98799264,-0.14280298,-0.05897346,-0.111793905,0.9242308,-0.36510217
1356876738252,0.013863921,-0.32726946,-0.94482934,-0.99239004,-0.12012684,0.027047664,-0.1223512,0.9372642,-0.3264444
1356876738294,-0.084708214,-0.28790447,-0.95390546,-0.9875982,-0.10274917,0.11871153,-0.13219059,0.9521311,-0.2756303
1356876738332,-0.17538887,-0.24099523,-0.95454705,-0.97436637,-0.09625876,0.20333305,-0.14088586,0.9657409,-0.2179349
1356876738371,-0.24519992,-0.19241783,-0.9501854,-0.95808816,-0.101664305,0.2678269,-0.14813462,0.9760326,-0.15942514
1356876738411,-0.28653413,-0.14689884,-0.9467412,-0.9456061,-0.1155144,0.30411416,-0.15403628,0.98238343,-0.10580963
1356876738453,-0.29664505,-0.107004076,-0.9489741,-0.94155276,-0.1333254,0.3093586,-0.159625,0.98527884,-0.061199725
1356876738493,-0.2754587,-0.07352257,-0.9584973,-0.9467176,-0.15233749,0.2837586,-0.16687778,0.98559,-0.027642429
1356876738531,-0.22801393,-0.045936227,-0.97257364,-0.95738006,-0.17130995,0.23254311,-0.17729369,0.98414564,-0.0049173236
1356876738571,-0.16493654,-0.022556692,-0.9860462,-0.9679713,-0.18815714,0.16621745,-0.18928099,0.98187983,0.009199798
1356876738612,-0.099341094,-0.0022355914,-0.9950509,-0.975113,-0.19897288,0.09779763,-0.19820678,0.9800024,0.017586261
1356876738654,-0.039043605,0.015478969,-0.9991176,-0.9792819,-0.19942266,0.03517887,-0.19870219,0.9797913,0.02294445
1356876738691,0.011961579,0.02920115,-0.999502,-0.9819788,-0.18820244,-0.017250359,-0.1886124,0.98169607,0.026423633
1356876738729,0.052663863,0.037471056,-0.99790907,-0.98385036,-0.16924053,-0.058276832,-0.17107034,0.98486227,0.027952999
1356876738771,0.08112705,0.03920874,-0.9959323,-0.98528826,-0.14764303,-0.086072505,-0.15041727,0.9882632,0.026654065
1356876738811,0.09279543,0.03419149,-0.995098,-0.98710895,-0.12773216,-0.0964393,-0.1304034,0.9912192,0.021897733
1356876738852,0.08526635,0.02295351,-0.99609375,-0.99004304,-0.110429525,-0.08729315,-0.11200181,0.99361885,0.013309032
1356876738891,0.05478674,0.006025046,-0.99847984,-0.9939461,-0.09504604,-0.055111468,-0.09523365,0.9954546,7.813573E-4
1356876738932,0.005702853,-0.017455041,-0.99983144,-0.9968061,-0.0797447,-0.004293442,-0.07965627,0.9966625,-0.017854095
1356876738971,-0.05943358,-0.048216373,-0.9970671,-0.9960582,-0.06302154,0.062421083,-0.06584641,0.9968468,-0.044280767
1356876739011,-0.10653031,-0.090783805,-0.9901564,-0.9927716,-0.045651972,0.11099732,-0.055279374,0.9948237,-0.085264266
1356876739054,-0.12284869,-0.14809462,-0.9813135,-0.9911432,-0.031938434,0.12889919,-0.050430834,0.9884573,-0.1428594
1356876739092,-0.09121886,-0.21970412,-0.9712925,-0.99438417,-0.03245887,0.100729644,-0.05365774,0.9750264,-0.21550947
1356876739131,-0.041564018,-0.29000783,-0.95612127,-0.9971802,-0.047803134,0.057848394,-0.06248206,0.9558297,-0.28720325
1356876739172,-0.004226804,-0.34451458,-0.9387714,-0.9972801,-0.06762606,0.029307991,-0.07358247,0.936342,-0.3432917
1356876739212,-0.0046934783,-0.3755869,-0.92677534,-0.9964702,-0.07592407,0.035815567,-0.08381644,0.9236721,-0.37390476
1356876739253,-0.048325777,-0.3823552,-0.92275083,-0.99439764,-0.068534076,0.080476135,-0.09401038,0.9214703,-0.3769011
1356876739291,-0.11895019,-0.36892357,-0.9218168,-0.98736525,-0.05394274,0.14899713,-0.10469389,0.9278931,-0.35784578
1356876739331,-0.20866117,-0.33739036,-0.9179479,-0.97108895,-0.039814025,0.23537439,-0.11596027,0.9405225,-0.31932837
1356876739371,-0.29268473,-0.29673544,-0.90900147,-0.9477395,-0.036222994,0.31698245,-0.12698671,0.95427245,-0.27062595
1356876739415,-0.3716796,-0.2499536,-0.89407915,-0.91794693,-0.044899642,0.3941541,-0.13866407,0.96721625,-0.21275592
1356876739451,-0.42644793,-0.20718166,-0.8804646,-0.8920201,-0.06488842,0.44731364,-0.14980716,0.9761481,-0.1571387
1356876739493,-0.46596712,-0.16938227,-0.8684378,-0.87007517,-0.09061265,0.48451895,-0.16076034,0.9813761,-0.105152786
1356876739531,-0.48560292,-0.13855577,-0.86312926,-0.85741156,-0.1169675,0.5011626,-0.17039704,0.98342305,-0.06199956
1356876739571,-0.489327,-0.11505923,-0.864477,-0.8533889,-0.14106166,0.50182563,-0.17968422,0.9832919,-0.02916497
1356876739614,-0.47625983,-0.09827432,-0.8737956,-0.8584871,-0.16298473,0.4862466,-0.19020092,0.981722,-0.0067441463
1356876739652,-0.4494145,-0.08642265,-0.8891331,-0.87018716,-0.18270105,0.4575965,-0.20199224,0.9793627,0.0069045424
1356876739691,-0.4150331,-0.07617551,-0.9066117,-0.88495916,-0.19749415,0.4217148,-0.21117485,0.97734,0.014554381
1356876739728,-0.38047075,-0.06488812,-0.9225137,-0.9001391,-0.20281285,0.38550833,-0.21211252,0.9770653,0.018755972
1356876739771,-0.3502444,-0.052405953,-0.93519115,-0.9145865,-0.19633687,0.35352984,-0.20213962,0.97913504,0.020836115
1356876739813,-0.3255995,-0.040713698,-0.94463074,-0.92754066,-0.18008697,0.3274706,-0.18344828,0.9828077,0.020872653
1356876739851,-0.30704087,-0.032435387,-0.9511435,-0.9379996,-0.15863454,0.3082075,-0.16088104,0.9868045,0.01828283
1356876739892,-0.29667282,-0.02924776,-0.9545312,-0.94494975,-0.1354897,0.2978464,-0.13804045,0.9903469,0.01255846
1356876739931,-0.29776752,-0.03143531,-0.9541207,-0.9474961,-0.112297714,0.29939994,-0.1165573,0.9931772,0.0036538243
1356876739971,-0.31188142,-0.038677335,-0.9493334,-0.9451608,-0.08933449,0.31415024,-0.09695873,0.99525046,-0.0086945295
1356876740012,-0.3344587,-0.05180165,-0.94098556,-0.9390718,-0.0656535,0.33739275,-0.079256505,0.996497,-0.026687086
1356876740052,-0.35592383,-0.073542565,-0.9316167,-0.932315,-0.04041922,0.35938138,-0.06408507,0.99647266,-0.054178655
1356876740091,-0.35710198,-0.11014134,-0.927549,-0.9325493,-0.014515758,0.36075076,-0.053197652,0.99380994,-0.09752864
1356876740131,-0.32431924,-0.16550928,-0.93135583,-0.9447095,0.0063117743,0.32784766,-0.048383325,0.986188,-0.1584053
1356876740174,-0.24315143,-0.24063745,-0.9396653,-0.9686475,0.009318233,0.24826467,-0.050985724,0.9705703,-0.2353586
1356876740212,-0.14705205,-0.31177944,-0.93870616,-0.9874707,-0.008653164,0.15756524,-0.057248384,0.9501151,-0.30660057
1356876740250,-0.065482885,-0.362673,-0.929613,-0.99567044,-0.037845403,0.08490074,-0.065972775,0.9311477,-0.35862458
1356876740291,-0.016674697,-0.3858433,-0.9224137,-0.99691427,-0.0643602,0.044943094,-0.07670769,0.9203167,-0.3835795
1356876740330,-6.573796E-4,-0.38350555,-0.9235383,-0.99595,-0.08278054,0.03508416,-0.08990601,0.919821,-0.38189793
1356876740374,-0.005464226,-0.36122912,-0.93246114,-0.9945094,-0.09548649,0.042818606,-0.104504734,0.9275753,-0.35872406
1356876740411,-0.020436257,-0.32409024,-0.9458054,-0.99273086,-0.105648905,0.057651907,-0.1186077,0.9401084,-0.31957537
1356876740451,-0.035903603,-0.2770752,-0.9601772,-0.990736,-0.11604801,0.07053384,-0.13096985,0.9538145,-0.27034187
1356876740492,-0.049468964,-0.22365734,-0.97341156,-0.98868906,-0.12719348,0.07947025,-0.14158571,0.9663328,-0.21483546
1356876740531,-0.049869657,-0.16971865,-0.9842299,-0.9873637,-0.14003867,0.07417643,-0.15041935,0.975492,-0.16059035
1356876740582,-0.041482806,-0.11818457,-0.9921248,-0.98658204,-0.1520896,0.0593684,-0.15790829,0.9812753,-0.11028969
1356876740609,-0.013397872,-0.07215756,-0.9973033,-0.9862961,-0.16307253,0.025048673,-0.16444021,0.9839719,-0.06898391
1356876740652,0.026729107,-0.03358841,-0.9990783,-0.9847437,-0.17279458,-0.020536333,-0.1719456,0.984385,-0.037694573
1356876740691,0.08021605,-9.965003E-4,-0.99677706,-0.98013234,-0.18206549,-0.07869446,-0.1814003,0.9832859,-0.01558128
1356876740729,0.054944634,0.0098362565,-0.998441,-0.9797694,-0.19219041,-0.05581051,-0.1924397,0.9813084,-9.225905E-4
1356876740773,0.17630565,0.044921726,-0.98330986,-0.9637188,-0.19550514,-0.18172452,-0.20040557,0.97967327,0.008823276
1356876740812,0.26361653,0.06885797,-0.9621668,-0.9437085,-0.18818995,-0.27202722,-0.19980136,0.9797158,0.015371889
1356876740851,0.33090174,0.08294201,-0.94001305,-0.9242989,-0.17228562,-0.34057167,-0.19019851,0.9815489,0.019653648
1356876740892,0.38543993,0.08731702,-0.9185922,-0.9065101,-0.15002024,-0.3946305,-0.17226538,0.9848196,0.021329954
1356876740952,0.42769557,0.08410275,-0.9000018,-0.8910246,-0.12837368,-0.43542564,-0.15215701,0.98815334,0.020032734
1356876740970,0.4598707,0.07426116,-0.88487524,-0.8781668,-0.10974759,-0.46559468,-0.13168854,0.9911815,0.014743999
1356876741008,0.48051792,0.059708178,-0.87494993,-0.86971647,-0.09573835,-0.4841771,-0.11267558,0.9936142,0.0059251934
1356876741045,0.49295422,0.040857553,-0.86909544,-0.86484957,-0.08609697,-0.4945935,-0.0950343,0.9954487,-0.0071062744
1356876741075,0.49567538,0.01989618,-0.86827993,-0.86487174,-0.08007771,-0.49556476,-0.07938969,0.9965901,-0.022484884
1356876741115,0.50534874,-0.008512676,-0.8628732,-0.86043656,-0.08070707,-0.5031254,-0.06535703,0.9967015,-0.04810983
1356876741157,0.5201719,-0.04666668,-0.8527856,-0.8522761,-0.09289412,-0.51477766,-0.05519584,0.9945817,-0.0880938
1356876741200,0.5505686,-0.09439883,-0.82943535,-0.83315027,-0.12437925,-0.5388788,-0.052295,0.9877341,-0.14712775
1356876741241,0.5944439,-0.14353463,-0.7912233,-0.8020654,-0.17641574,-0.57058626,-0.057685345,0.9737943,-0.21999341
1356876741282,0.6404283,-0.18299356,-0.7458987,-0.7649019,-0.2393723,-0.59801847,-0.06911394,0.9535273,-0.2932729
1356876741329,0.67362285,-0.20618632,-0.709732,-0.7344221,-0.2943318,-0.6115496,-0.08280349,0.93319666,-0.3496964
1356876741371,0.6888614,-0.21423173,-0.6925133,-0.7187751,-0.32572037,-0.61422193,-0.093979895,0.9208751,-0.37836063
1356876741411,0.68251383,-0.21146491,-0.6996124,-0.7234719,-0.33135128,-0.6056359,-0.10374674,0.91950476,-0.37914073
1356876741451,0.6536179,-0.20094192,-0.7296616,-0.74834263,-0.3155325,-0.58345747,-0.112990886,0.9273951,-0.35661113
1356876741494,0.59670955,-0.18334192,-0.781232,-0.7931519,-0.28258407,-0.5394963,-0.121851474,0.94155824,-0.31403857
1356876741531,0.5162536,-0.1598477,-0.8413863,-0.8464894,-0.24452764,-0.4729291,-0.13014558,0.95637596,-0.26154763
1356876741571,0.40875202,-0.13009685,-0.9033253,-0.90206105,-0.20789808,-0.3782385,-0.13859192,0.9694603,-0.20233405
1356876741612,0.29060823,-0.09602651,-0.9520114,-0.9454894,-0.18162936,-0.27029693,-0.14695758,0.97866726,-0.14357507
1356876741651,0.18289131,-0.06157294,-0.9812031,-0.97088325,-0.16837126,-0.17040199,-0.15471423,0.9837987,-0.09057382
1356876741693,0.10286862,-0.030373752,-0.9942311,-0.98137444,-0.16612965,-0.09646317,-0.16224134,0.985636,-0.04689753
1356876741728,0.061479688,-0.004806578,-0.9980968,-0.9834354,-0.17112732,-0.059752554,-0.17051437,0.98523724,-0.015247822
1356876741772,0.051319957,0.0142048,-0.9985812,-0.9820651,-0.18092638,-0.053044796,-0.18142319,0.983394,0.0046649277
1356876741811,0.06378293,0.027757555,-0.99757767,-0.97882354,-0.1930967,-0.067956716,-0.19451532,0.98078704,0.014853537
1356876741852,0.087914646,0.03759682,-0.9954182,-0.9748019,-0.20242053,-0.09373918,-0.20501745,0.97857666,0.018853784
1356876741892,0.11519343,0.04465741,-0.9923388,-0.9714511,-0.20351076,-0.12192717,-0.20739654,0.9780538,0.019939363
1356876741932,0.14053375,0.04909748,-0.98885775,-0.96968037,-0.19485563,-0.14748302,-0.19992554,0.97960234,0.020225078
1356876741974,0.16081011,0.050414234,-0.985697,-0.96967375,-0.17815965,-0.16730815,-0.18404609,0.98270935,0.020235479
1356876742012,0.17075163,0.048125,-0.98413813,-0.9711926,-0.16027468,-0.17634308,-0.16621897,0.9858986,0.01937151
1356876742055,0.1716094,0.041546702,-0.9842887,-0.974108,-0.14211458,-0.17583314,-0.147187,0.988978,0.016082704
1356876742092,0.15124881,0.0302926,-0.98803145,-0.97994685,-0.12657583,-0.15389195,-0.12972265,0.9914943,0.010540694
1356876742132,0.11917025,0.014155567,-0.99277294,-0.9864052,-0.11226416,-0.12000665,-0.11315155,0.9935776,5.8454275E-4
1356876742171,0.06715685,-0.008776426,-0.9977038,-0.99292994,-0.09868342,-0.06596741,-0.09787786,0.9950801,-0.01534161
1356876742212,0.020090163,-0.042128384,-0.9989102,-0.996232,-0.08515513,-0.016444892,-0.08436957,0.9954766,-0.04368037
1356876742255,-0.011323035,-0.08825493,-0.9960336,-0.9971466,-0.07335299,0.01783523,-0.07463604,0.9933934,-0.08717251
1356876742292,0.02212581,-0.15112841,-0.98826647,-0.9971849,-0.074172884,-0.010982752,-0.071642786,0.9857274,-0.15234411
1356876742331,0.10457629,-0.21972951,-0.9699396,-0.9917135,-0.09621692,-0.085127056,-0.07461962,0.9708045,-0.22797078
1356876742372,0.21100554,-0.27858767,-0.93694484,-0.9740597,-0.1400986,-0.17770767,-0.081757456,0.9501375,-0.30092263
1356876742411,0.2801417,-0.31650358,-0.9062815,-0.9558491,-0.17923182,-0.23286992,-0.088730305,0.9315049,-0.35274
1356876742458,0.2792829,-0.33577847,-0.89958537,-0.9554583,-0.19025728,-0.22561377,-0.09539646,0.9225264,-0.37395793
1356876742502,0.19203362,-0.33849177,-0.9211658,-0.9758607,-0.16534415,-0.14267835,-0.10401395,0.92632854,-0.36207247
1356876742542,0.064279616,-0.3258908,-0.94321966,-0.99139977,-0.12882209,-0.023053914,-0.11399445,0.9365896,-0.33136874
1356876742581,-0.09415707,-0.29865584,-0.9497047,-0.9877032,-0.091566294,0.12671947,-0.12480646,0.94995797,-0.2863617
1356876742621,-0.24896199,-0.26081637,-0.932734,-0.95900047,-0.06826216,0.2750608,-0.13541079,0.96297204,-0.23312831
1356876742698,-0.38135248,-0.21863133,-0.8982041,-0.91289,-0.06397861,0.40316072,-0.14560938,0.9737079,-0.17518795
1356876742701,-0.46723217,-0.18060815,-0.86549103,-0.8704752,-0.07743853,0.48608246,-0.15481281,0.9805019,-0.12103319
1356876742739,-0.5165902,-0.14907172,-0.8431561,-0.8405098,-0.0995577,0.5325708,-0.16333386,0.9838018,-0.07386577
1356876742782,-0.53098583,-0.12350118,-0.83833253,-0.8298095,-0.12464106,0.5439493,-0.17166898,0.9844857,-0.036299825
1356876742821,-0.5123434,-0.10248652,-0.8526434,-0.8394222,-0.14985543,0.52241135,-0.18131337,0.98338187,-0.009252012
1356876742864,-0.46085095,-0.08340362,-0.8835498,-0.86617744,-0.17453915,0.46826553,-0.19326916,0.9811115,0.008194268
1356876742901,-0.38442713,-0.06353733,-0.92096615,-0.89997745,-0.19635266,0.38921237,-0.20556363,0.9784726,0.01830113
1356876742942,-0.29687047,-0.041603833,-0.95401096,-0.9308741,-0.21016723,0.29883602,-0.21293458,0.9767798,0.023664534
1356876742981,-0.20976144,-0.018934965,-0.9775692,-0.95475084,-0.21162432,0.20896426,-0.21083412,0.9771677,0.02631244
1356876743022,-0.12826854,0.0015919805,-0.9917382,-0.9714913,-0.20124108,0.12532684,-0.19937894,0.97954047,0.027359456
1356876743062,-0.056092262,0.016797066,-0.99828434,-0.9816754,-0.18330777,0.05207473,-0.18211854,0.9829121,0.026771396
1356876743102,4.6217442E-4,0.024334282,-0.99970376,-0.98655903,-0.16334498,-0.0044321716,-0.16340443,0.9862689,0.023931742
1356876743142,0.035131693,0.023186177,-0.99911374,-0.98883975,-0.14402562,-0.03811285,-0.14478165,0.9893023,0.017867535
1356876743182,0.0320974,0.013157338,-0.9993982,-0.99128544,-0.12739676,-0.033514082,-0.12776107,0.9917646,0.008953601
1356876743223,-0.0010692477,-0.0049334764,-0.99998724,-0.9937055,-0.11201209,0.0016151369,-0.112018615,0.99369454,-0.004782647
1356876743262,-0.07668394,-0.03196612,-0.99654293,-0.99222136,-0.09585631,0.07942614,-0.09806383,0.99488175,-0.024366796
1356876743302,-0.14490354,-0.06860471,-0.9870645,-0.9856541,-0.077242315,0.15006515,-0.086538345,0.9946492,-0.056427777
1356876743341,-0.18924582,-0.11694896,-0.9749404,-0.97872996,-0.057623982,0.19689366,-0.07920644,0.99146473,-0.103556395
1356876743382,-0.14162427,-0.18065557,-0.9732965,-0.9867822,-0.05246377,0.15332446,-0.0787617,0.98214614,-0.17083758
1356876743424,-0.041227013,-0.24948686,-0.9675002,-0.99563104,-0.07093689,0.06071803,-0.08377984,0.96577644,-0.24547237
1356876743462,0.061719716,-0.30748135,-0.9495504,-0.9938714,-0.10634732,-0.030163348,-0.0917075,0.94559264,-0.31216067
1356876743501,0.10466534,-0.34604704,-0.93236077,-0.9895613,-0.12962371,-0.06297651,-0.09906328,0.9292196,-0.35600185
1356876743543,0.06633639,-0.36519217,-0.9285656,-0.9921355,-0.123138845,-0.022449017,-0.10614428,0.92275214,-0.3704887
1356876743581,-0.011379868,-0.36563697,-0.930688,-0.9934552,-0.101656824,0.052084923,-0.11365494,0.9251895,-0.36208713
1356876743622,-0.12318143,-0.3472223,-0.9296576,-0.98484576,-0.07247546,0.15756312,-0.12208679,0.9349781,-0.3330328
1356876743661,-0.23551616,-0.3127843,-0.920162,-0.9630718,-0.052001208,0.26417533,-0.1304794,0.94839966,-0.28898668
1356876743703,-0.33800542,-0.2670831,-0.90245163,-0.93093723,-0.045957863,0.3622758,-0.13823256,0.962577,-0.23310357
1356876743738,-0.40146822,-0.2200607,-0.8890425,-0.9043381,-0.05832696,0.42281267,-0.14489958,0.9737408,-0.17559284
1356876743783,-0.4410714,-0.1752693,-0.8801913,-0.8846795,-0.08009112,0.4592687,-0.1509912,0.98125744,-0.11973131
1356876743819,-0.45060736,-0.13484126,-0.88247997,-0.87882215,-0.10676092,0.46505246,-0.15692264,0.98509896,-0.07039428
1356876743862,-0.43019426,-0.09967914,-0.89721626,-0.8877846,-0.13342577,0.44049537,-0.16361994,0.9860333,-0.03109461
1356876743901,-0.37899005,-0.06960252,-0.9227795,-0.9091511,-0.15804332,0.38531354,-0.1726579,0.98497605,-0.0033823848
1356876743942,-0.30231398,-0.043552876,-0.9522129,-0.93508846,-0.18030274,0.30512398,-0.1849756,0.9826465,0.013782203
1356876743984,-0.21293616,-0.020227462,-0.9768567,-0.9566587,-0.19895434,0.21265304,-0.19865131,0.9798,0.02301383
1356876744021,-0.12623084,0.0017809272,-0.9919994,-0.9700711,-0.20932591,0.12306461,-0.20743191,0.97784436,0.028150916
1356876744061,-0.052309096,0.0207434,-0.99841547,-0.9770968,-0.20756751,0.04687968,-0.20626616,0.97800076,0.031125993
1356876744101,0.010047972,0.035446554,-0.99932104,-0.980626,-0.19516927,-0.01678276,-0.19563168,0.9801288,0.032798767
1356876744142,0.060212612,0.04433778,-0.9972005,-0.9819932,-0.17658144,-0.067145616,-0.17906418,0.983287,0.03290695
1356876744182,0.094943464,0.046622574,-0.9943903,-0.9823409,-0.15738696,-0.10117215,-0.16122097,0.98643583,0.03085637
1356876744221,0.111644804,0.0422585,-0.99284923,-0.98326206,-0.14006019,-0.11652812,-0.14398298,0.98924077,0.025914252
1356876744262,0.10401422,0.031359464,-0.9940813,-0.9862461,-0.1258356,-0.107164025,-0.1284514,0.99155533,0.017839432
1356876744301,0.07529938,0.0135858655,-0.9970684,-0.99057454,-0.11371714,-0.07635847,-0.1144211,0.99342036,0.0048949122
1356876744342,0.03082341,-0.013103247,-0.999439,-0.99434566,-0.10206187,-0.029328257,-0.10162032,0.99469185,-0.016175121
1356876744382,-0.009824872,-0.051618814,-0.9986185,-0.9958321,-0.09005302,0.014452308,-0.09067461,0.9945984,-0.05051893
1356876744422,-0.015935957,-0.105143934,-0.99432933,-0.99638224,-0.081355035,0.024571657,-0.08347729,0.9911237,-0.10346711
1356876744461,0.039330304,-0.17305318,-0.98412687,-0.9958472,-0.08771694,-0.024374217,-0.08210653,0.98099864,-0.17578453
1356876744502,0.13966936,-0.24301088,-0.9599157,-0.9863925,-0.119056284,-0.113381654,-0.08673102,0.96268964,-0.25633264
1356876744543,0.23348522,-0.29872122,-0.9253379,-0.96765447,-0.16489458,-0.19093078,-0.09554815,0.9399869,-0.32755935
1356876744582,0.2753968,-0.33494648,-0.9010924,-0.95563257,-0.19728938,-0.21873096,-0.10451284,0.9213511,-0.37441862
1356876744622,0.25344267,-0.3547142,-0.8999692,-0.9606785,-0.20137218,-0.1911703,-0.11341795,0.9130318,-0.3918026
1356876744662,0.18748182,-0.36007392,-0.9138913,-0.97461545,-0.18410087,-0.12740323,-0.12237361,0.9145783,-0.3854491
1356876744702,0.07741985,-0.34991398,-0.9335772,-0.9883015,-0.15034792,-0.025606155,-0.13140142,0.92463815,-0.35746044
1356876744740,-0.049065918,-0.32430902,-0.94467777,-0.9890404,-0.11609164,0.09122452,-0.13925415,0.93880045,-0.31505853
1356876744782,-0.17839754,-0.28641447,-0.94135064,-0.97311485,-0.09028429,0.21188706,-0.14567667,0.95384246,-0.26260775
1356876744822,-0.28787047,-0.24314195,-0.9262897,-0.94566876,-0.08047092,0.31501585,-0.15113294,0.96664697,-0.20676655
1356876744862,-0.376845,-0.19916064,-0.90461195,-0.91301626,-0.08479065,0.39901367,-0.15617046,0.9762918,-0.14988393
1356876744901,-0.42993855,-0.15975082,-0.8886127,-0.8884592,-0.100215614,0.44788057,-0.16060215,0.9820573,-0.09884554
1356876744945,-0.4512444,-0.12692013,-0.8833288,-0.87684774,-0.120933175,0.46530977,-0.16588095,0.9845133,-0.056719244
1356876744981,-0.43457,-0.10001251,-0.8950678,-0.8837311,-0.14430755,0.44519043,-0.17368963,0.9844657,-0.025672436
1356876745023,-0.38806736,-0.07831943,-0.91829723,-0.9026395,-0.16893214,0.39585838,-0.18613333,0.98251104,-0.0051371455
1356876745061,-0.3199919,-0.056786507,-0.945717,-0.9264327,-0.19018722,0.3248868,-0.1983124,0.9801042,0.008249462
1356876745103,-0.24917495,-0.035187423,-0.96781904,-0.9466947,-0.20181942,0.2510739,-0.20415932,0.97879046,0.016976595
1356876745142,-0.17791569,-0.013256192,-0.9839565,-0.96334845,-0.2016536,0.17690611,-0.2007634,0.97936726,0.023106933
1356876745182,-0.116021454,0.0054460466,-0.9932317,-0.9754814,-0.18890953,0.11291221,-0.18701607,0.98197937,0.027230114
1356876745221,-0.06334114,0.018657774,-0.9978175,-0.9838331,-0.16898745,0.059293568,-0.1675123,0.9854416,0.029059947
1356876745261,-0.025075376,0.024568766,-0.9993836,-0.98890865,-0.14700425,0.0211986,-0.14639276,0.9888307,0.027982414
1356876745303,-0.007962763,0.022549659,-0.999714,-0.99206924,-0.1255905,0.0050690174,-0.12544033,0.9918259,0.023370892
1356876745343,-0.023381174,0.013014615,-0.9996419,-0.99408704,-0.10636151,0.02186653,-0.10603884,0.9942423,0.01542455
1356876745381,-0.06731415,-0.0035710335,-0.9977254,-0.9938389,-0.088011265,0.06736696,-0.08805162,0.99611306,0.0023753345
1356876745421,-0.13646895,-0.028871864,-0.9902235,-0.9880414,-0.06844646,0.13816386,-0.07176635,0.9972369,-0.019185781
1356876745461,-0.20575064,-0.06582469,-0.97638816,-0.97685224,-0.04586506,0.20894048,-0.058535516,0.9967766,-0.054864228
1356876745504,-0.23379683,-0.11988038,-0.96486664,-0.97093564,-0.02348578,0.23818547,-0.051214427,0.9925105,-0.11090517
1356876745542,-0.2043544,-0.19007024,-0.96026695,-0.9775505,-0.011809707,0.21037003,-0.05132556,0.98169947,-0.1833899
1356876745579,-0.11425713,-0.267582,-0.95673674,-0.9917385,-0.025803536,0.12565395,-0.058309972,0.9631895,-0.2624231
1356876745620,-0.022781909,-0.33268762,-0.9427619,-0.9973984,-0.05694741,0.044198185,-0.06839207,0.941316,-0.33052468
1356876745661,0.011250138,-0.37434033,-0.92722315,-0.99689865,-0.07642788,0.018760026,-0.07788831,0.92413646,-0.37403923
1356876745704,-0.040122956,-0.39113894,-0.9194566,-0.99536896,-0.06480196,0.07100251,-0.08735439,0.9180474,-0.3867275
1356876745739,-0.12565982,-0.38876662,-0.91272676,-0.9873378,-0.040777743,0.15330076,-0.096817136,0.9204334,-0.37871987
1356876745781,-0.25143483,-0.36572134,-0.8961186,-0.9619204,-0.008114785,0.27320936,-0.10719031,0.9306891,-0.3497545
1356876745821,-0.37125236,-0.3290008,-0.8682915,-0.9210212,0.01178062,0.38933414,-0.117862254,0.9442561,-0.30739027
1356876745860,-0.4733467,-0.28605616,-0.8331355,-0.8713485,0.013321161,0.49048364,-0.12920755,0.9581202,-0.25556016
1356876745903,-0.5472631,-0.24457684,-0.8004282,-0.82493937,-0.0038826466,0.56520796,-0.14134455,0.96962214,-0.19963628
1356876745939,-0.59416765,-0.20844409,-0.7768629,-0.7894958,-0.033570588,0.6128372,-0.153822,0.977458,-0.14461923
1356876745981,-0.6164743,-0.17868647,-0.7668315,-0.7697778,-0.06797457,0.6346823,-0.16553417,0.9815552,-0.095644355
1356876746022,-0.6170581,-0.15461269,-0.771579,-0.76692104,-0.10147756,0.63366747,-0.17627099,0.9827498,-0.05595815
1356876746061,-0.59371793,-0.13478103,-0.79330516,-0.7827431,-0.13185883,0.6082158,-0.18658021,0.9820628,-0.027212024
1356876746103,-0.54614466,-0.11798403,-0.82934064,-0.8139564,-0.15925759,0.55867004,-0.19799286,0.98016167,-0.0090562105
1356876746152,-0.47611058,-0.100480765,-0.8736259,-0.8541312,-0.18353313,0.48659563,-0.2092328,0.9778646,0.0015583634
1356876746177,-0.396038,-0.08085251,-0.9146675,-0.8922879,-0.20123595,0.40413636,-0.21673945,0.97620016,0.007553458
1356876746220,-0.31586075,-0.058859736,-0.9469781,-0.9238243,-0.20844078,0.32109362,-0.21628833,0.9762623,0.011462212
1356876746265,-0.24492484,-0.037258178,-0.96882594,-0.9475852,-0.2022587,0.24733329,-0.2051686,0.97862315,0.014232814
1356876746302,-0.18234998,-0.019484043,-0.98304063,-0.96465534,-0.18989354,0.18270329,-0.19023293,0.9816114,0.015831739
1356876746342,-0.1354813,-0.008147597,-0.9907464,-0.97567767,-0.17283118,0.13484204,-0.17233053,0.98491776,0.015466034
1356876746381,-0.11711347,-0.0053241253,-0.9931042,-0.98100513,-0.1550883,0.11651808,-0.15463921,0.98788625,0.01293996
1356876746422,-0.12946904,-0.010609895,-0.99152666,-0.982079,-0.13674402,0.12969863,-0.1369614,0.99054956,0.007284403
1356876746463,-0.1893658,-0.024663657,-0.98159677,-0.97451806,-0.11768502,0.19095716,-0.120228946,0.99274457,-0.0017496347
1356876746503,-0.27623147,-0.046061665,-0.9599867,-0.9554324,-0.09507066,0.27948266,-0.10414001,0.99440426,-0.017747283
1356876746541,-0.38587713,-0.07469961,-0.919521,-0.9181719,-0.065894425,0.39066407,-0.089773774,0.9950266,-0.043159902
1356876746582,-0.4615788,-0.11190516,-0.88001263,-0.88359845,-0.030047059,0.46728042,-0.07873288,0.99326456,-0.08501011
1356876746622,-0.48201787,-0.16268164,-0.86092603,-0.87310284,0.0071536303,0.48748368,-0.07314584,0.9866527,-0.145486
1356876746663,-0.4416203,-0.22756377,-0.867863,-0.894151,0.031924665,0.44662613,-0.07392967,0.9732397,-0.21757495
1356876746701,-0.37581146,-0.2938717,-0.87886584,-0.9232939,0.037546396,0.38225472,-0.0793356,0.9551072,-0.28544033
1356876746739,-0.3452552,-0.34229568,-0.8738607,-0.9344983,0.039396107,0.35378096,-0.086670965,0.938766,-0.33347642
1356876746781,-0.377551,-0.36322674,-0.8517755,-0.9210721,0.05264619,0.38581666,-0.095296144,0.93021214,-0.35443467
1356876746822,-0.45450544,-0.3570087,-0.81606954,-0.88447845,0.07240999,0.46092796,-0.10546368,0.93129027,-0.34867728
1356876746862,-0.5395019,-0.33181003,-0.77384746,-0.8338926,0.083450615,0.5455815,-0.11645135,0.93964785,-0.32171565
1356876746901,-0.6116212,-0.2975775,-0.7330533,-0.7807621,0.0773679,0.62002,-0.1277892,0.9515576,-0.27965707
1356876746941,-0.66422737,-0.2622345,-0.700025,-0.7343629,0.053914785,0.6766124,-0.13968945,0.9634969,-0.228387
1356876746981,-0.6973676,-0.23055981,-0.6786167,-0.70041704,0.018471181,0.7134948,-0.15196836,0.97288287,-0.17436922
1356876747024,-0.7156181,-0.20333585,-0.6682404,-0.67893755,-0.022294223,0.73385745,-0.16411743,0.9788552,-0.12209821
1356876747063,-0.7184188,-0.18142833,-0.67153424,-0.67329377,-0.061206758,0.7368373,-0.17478561,0.9814976,-0.07818246
1356876747103,-0.7088835,-0.16475883,-0.68581235,-0.6805124,-0.095872045,0.72643745,-0.18543723,0.98166335,-0.04415834
1356876747141,-0.68339896,-0.15255132,-0.7139286,-0.70274353,-0.12747222,0.69993025,-0.19778135,0.98004025,-0.020090044
1356876747181,-0.643344,-0.1426278,-0.7521741,-0.7357602,-0.15633857,0.6589501,-0.21157843,0.9773513,-0.004360378
