1356876305079,-0.4877125,-0.48665616,-0.7247775,-0.46847495,-0.5546549,0.68766946,-0.73665994,0.674925,0.042525858
1356876305101,0.44063327,0.43133003,0.78727174,0.5130097,0.598687,-0.6151382,-0.7366569,0.6749284,0.042524874
1356876305140,0.44065028,0.43131202,0.78727204,0.5130202,0.59867924,-0.6151369,-0.7366393,0.6749467,0.042536378
1356876305182,0.4408633,0.4312982,0.78716034,0.5129567,0.59859574,-0.6152711,-0.7365561,0.67502964,0.042661607
1356876305220,0.4417305,0.43142766,0.7866031,0.5125355,0.5982586,-0.61594963,-0.7363298,0.67524576,0.043147087
1356876305261,0.4439547,0.43204856,0.78500843,0.5112572,0.59734184,-0.61789864,-0.7358806,0.6756602,0.044304788
1356876305301,0.44819722,0.4337225,0.7816675,0.5085682,0.5954026,-0.6219759,-0.7351718,0.6762991,0.046280324
1356876305341,0.45472115,0.43740878,0.7758236,0.504009,0.59181434,-0.6290713,-0.7343048,0.67707413,0.04865253
1356876305383,0.46284518,0.4429788,0.7678178,0.49793732,0.58668596,-0.63863766,-0.73337084,0.67791545,0.050969124
1356876305421,0.47236553,0.4509285,0.75732046,0.49023128,0.5796461,-0.65090984,-0.7324917,0.6787296,0.05274552
1356876305460,0.4829387,0.4612767,0.7443077,0.48090088,0.570629,-0.6656703,-0.7317818,0.6794162,0.053750455
1356876305500,0.49351788,0.47294185,0.72990835,0.47081515,0.560359,-0.6814183,-0.7312819,0.67994404,0.053879023
1356876305541,0.50382245,0.48589364,0.71419203,0.4600146,0.5488788,-0.69793886,-0.73112893,0.6801761,0.053019315
1356876305579,0.5131361,0.49984792,0.6977416,0.44907203,0.5364306,-0.7145463,-0.7314545,0.6799958,0.050794184
1356876305619,0.5209894,0.51430124,0.68122256,0.4387002,0.52327335,-0.7305663,-0.7321968,0.6794699,0.04699582
1356876305661,0.52684164,0.5285323,0.6656512,0.43007138,0.5097363,-0.74512255,-0.73312795,0.6788391,0.041243672
1356876305700,0.53050804,0.54216623,0.6516264,0.4239488,0.49597505,-0.7578101,-0.7340495,0.6782806,0.033268034
1356876305740,0.5318757,0.55492467,0.63966155,0.42058784,0.48250678,-0.76830536,-0.7349926,0.67767686,0.023239106
1356876305780,0.53081864,0.5670642,0.6298171,0.41991827,0.46953374,-0.7766638,-0.7361387,0.67673934,0.011116624
1356876305821,0.52737665,0.57843137,0.6223271,0.4217341,0.45764405,-0.78275293,-0.73757315,0.67526215,-0.0025934875
1356876305860,0.5218327,0.5887105,0.6173415,0.42564145,0.4474722,-0.78651,-0.73926985,0.67319274,-0.017073989
1356876305900,0.5146975,0.59734595,0.61503196,0.43101168,0.43983984,-0.7878895,-0.7411581,0.67061067,-0.031078637
1356876305940,0.5066929,0.60389197,0.61528593,0.43691123,0.43537956,-0.787117,-0.7432166,0.6676519,-0.043243468
1356876305980,0.4986779,0.608195,0.6175914,0.44225973,0.4342513,-0.78474975,-0.74547076,0.6644732,-0.052428633
1356876306020,0.4915799,0.6104965,0.6210017,0.44600248,0.4359867,-0.7816632,-0.74795115,0.6612183,-0.05796069
1356876306060,0.48628286,0.611257,0.6244148,0.44730136,0.43973318,-0.7788172,-0.75063336,0.65802705,-0.0595814
1356876306120,0.48348996,0.6108266,0.62699944,0.44580117,0.44460973,-0.7769064,-0.75332516,0.6551435,-0.057342887
1356876306140,0.48355123,0.60934186,0.6283953,0.44172868,0.44991103,-0.77618027,-0.75568116,0.6529032,-0.05160874
1356876306180,0.48624194,0.6067007,0.6288745,0.43572098,0.4554872,-0.77632385,-0.7574405,0.65149504,-0.04287523
1356876306220,0.49070787,0.6029137,0.6290476,0.4285474,0.46158838,-0.77671313,-0.75865203,0.65071595,-0.031872034
1356876306260,0.4956254,0.59806573,0.62981963,0.42102495,0.46881643,-0.77649796,-0.7596667,0.6500219,-0.019443274
1356876306300,0.49956438,0.5921416,0.63230026,0.41412923,0.47785237,-0.7746961,-0.76087606,0.6488646,-0.0065051615
1356876306340,0.5013037,0.58500314,0.63754684,0.40898228,0.48911628,-0.77038866,-0.7625143,0.646944,0.005939871
1356876306380,0.5000073,0.5766283,0.64613664,0.40641865,0.502597,-0.76303357,-0.7647331,0.6441243,0.016949683
1356876306420,0.495314,0.5672618,0.6579348,0.40653777,0.5179554,-0.75262827,-0.7677182,0.64026266,0.0259372
1356876306461,0.48743105,0.55741227,0.67208827,0.40875927,0.5344966,-0.7397495,-0.77157426,0.63529915,0.032682836
1356876306500,0.47716302,0.54793584,0.68708205,0.41221744,0.5509345,-0.7256363,-0.7761394,0.629474,0.03701687
1356876306540,0.4658108,0.540029,0.70099145,0.41614613,0.56542486,-0.7121216,-0.78092426,0.6234288,0.038650036
1356876306580,0.4549104,0.5354694,0.711568,0.4198192,0.5757234,-0.7016369,-0.7853714,0.6179118,0.037102222
1356876306620,0.44563845,0.5367114,0.7164825,0.422471,0.5795333,-0.6968926,-0.78925574,0.61325526,0.031517327
1356876306660,0.4383816,0.5463081,0.71370095,0.4230556,0.57518286,-0.70013475,-0.7929978,0.60886145,0.021030903
1356876306700,0.43283403,0.56516397,0.70231366,0.42037424,0.56264144,-0.7118428,-0.79745865,0.6033443,0.0059500337
1356876306740,0.429049,0.5905988,0.6834544,0.41355336,0.54424155,-0.7299142,-0.80305076,0.59581375,-0.010737836
1356876306780,0.4283434,0.6163915,0.6607446,0.40312502,0.5240703,-0.7502269,-0.80871016,0.5877175,-0.024000823
1356876306820,0.43308717,0.63571125,0.63898885,0.39132077,0.50601584,-0.7686456,-0.8119751,0.58294016,-0.029618025
1356876306861,0.44524303,0.6445415,0.62155044,0.38049424,0.4921694,-0.78293896,-0.8105447,0.58509445,-0.026109338
1356876306900,0.46445698,0.64377105,0.60814345,0.37114787,0.48199052,-0.793684,-0.80407023,0.5943433,-0.015070438
1356876306940,0.48800552,0.6371223,0.59659517,0.36253238,0.47381026,-0.80254227,-0.7939905,0.6079301,2.4458766E-4
1356876306980,0.5119214,0.6294824,0.58454126,0.35388815,0.46550286,-0.81121534,-0.7827514,0.6221407,0.01553449
1356876307020,0.5324987,0.6240151,0.5718831,0.34607738,0.45607498,-0.81989384,-0.7724477,0.63450825,0.026901841
1356876307060,0.5469831,0.6217247,0.5605959,0.3415597,0.4456351,-0.82749397,-0.7642947,0.6441023,0.031398773
1356876307120,0.55329406,0.62290037,0.5530469,0.34323204,0.4344646,-0.8327258,-0.7589845,0.6505657,0.026587337
1356876307140,0.54981667,0.6285791,0.5500818,0.3529868,0.42201096,-0.83504915,-0.75703496,0.6532955,0.010148555
1356876307180,0.53555346,0.6419765,0.548679,0.37051344,0.4052196,-0.8357732,-0.7588823,0.65089417,-0.020844162
1356876307221,0.5106716,0.66794765,0.5413506,0.39332625,0.3783955,-0.83792084,-0.76453185,0.64082974,-0.069485515
1356876307261,0.47753757,0.70898783,0.51893556,0.41830933,0.33593154,-0.8439001,-0.77264166,0.6200695,-0.13615629
1356876307300,0.44082898,0.7596389,0.47814077,0.44412005,0.27832156,-0.85164225,-0.78001744,0.5877805,-0.21467865
1356876307340,0.4064861,0.8059424,0.43037868,0.47068477,0.21901327,-0.8546865,-0.7830868,0.5499909,-0.29031897
1356876307380,0.37933147,0.8367299,0.3949566,0.49557972,0.17673409,-0.85039157,-0.7813504,0.51831275,-0.3476256
1356876307420,0.36079362,0.84991544,0.3840203,0.5147628,0.1618838,-0.8419102,-0.77771914,0.5014352,-0.37909824
1356876307460,0.3497669,0.84794825,0.398305,0.5253957,0.1744616,-0.83278,-0.7756433,0.5005466,-0.38448745
1356876307500,0.34484953,0.83292806,0.43279284,0.5270871,0.20968723,-0.8235354,-0.77669686,0.5121153,-0.36671513
1356876307540,0.3453011,0.80596924,0.48081243,0.52189195,0.26089627,-0.81213415,-0.77999735,0.531363,-0.33054113
1356876307580,0.35100377,0.7679479,0.5357727,0.5126674,0.32119197,-0.79624605,-0.78356135,0.55415857,-0.2809623
1356876307620,0.36191127,0.72139406,0.59043276,0.5016706,0.38311532,-0.7755961,-0.78571415,0.5768997,-0.22324842
1356876307660,0.3776952,0.6712032,0.63783425,0.48985666,0.4397149,-0.7527889,-0.7857396,0.5967722,-0.1627152
1356876307700,0.39759472,0.62421674,0.67251164,0.47685915,0.48560885,-0.73265916,-0.7839157,0.6119947,-0.10458791
1356876307740,0.4203896,0.5877353,0.69125956,0.4610473,0.51779896,-0.7206384,-0.7814781,0.62165225,-0.053296447
1356876307781,0.44454524,0.56810975,0.6925539,0.43957043,0.5353008,-0.7212704,-0.7804854,0.6250635,-0.011758804
1356876307820,0.46830565,0.5687707,0.67615795,0.4097469,0.53819865,-0.7365118,-0.78281367,0.62196624,0.018989444
1356876307860,0.48947194,0.58847255,0.64351946,0.37114477,0.5272005,-0.7644025,-0.7890937,0.6129924,0.03964135
1356876307901,0.506612,0.6203534,0.5987537,0.3273657,0.5040541,-0.7992254,-0.79760647,0.6009086,0.052277446
1356876307940,0.5197627,0.6536426,0.5500892,0.28571337,0.47382355,-0.8329821,-0.8051178,0.59012085,0.059521377
1356876307980,0.53089327,0.6787579,0.5073855,0.25375852,0.44392666,-0.859381,-0.8085536,0.58499295,0.063437045
1356876308020,0.5419807,0.69152737,0.47754246,0.23550113,0.42049605,-0.8761977,-0.80671936,0.58734405,0.06504527
1356876308060,0.5530147,0.69292223,0.4626376,0.2309194,0.40604842,-0.8841951,-0.8005317,0.5958049,0.06454155
1356876308123,0.5620678,0.685569,0.46268225,0.23897797,0.4009348,-0.88438725,-0.79181385,0.6076565,0.061516643
1356876308140,0.56611896,0.6713549,0.47832188,0.2596332,0.40550712,-0.8764442,-0.78236806,0.62036,0.055259258
1356876308175,0.56164455,0.650963,0.5106883,0.29386365,0.42004493,-0.85860723,-0.77343357,0.63230485,0.044621587
1356876308219,0.5446288,0.62566304,0.5585027,0.34192017,0.44243276,-0.82906204,-0.76581335,0.6424944,0.02703482
1356876308259,0.5111082,0.59882915,0.61658084,0.40097085,0.46839613,-0.78729117,-0.760257,0.64962196,-7.119179E-4
1356876308298,0.46242288,0.5815924,0.6692649,0.46132967,0.48678252,-0.74176663,-0.75719225,0.6517616,-0.043206394
1356876308339,0.40559483,0.585971,0.7015204,0.5141816,0.48827213,-0.70512956,-0.7557183,0.6467058,-0.103254855
1356876308379,0.3502016,0.6140557,0.707315,0.556742,0.47080714,-0.6843822,-0.7532577,0.63346374,-0.17699319
1356876308419,0.30149013,0.6512484,0.6964045,0.59150034,0.44510365,-0.6723169,-0.7478176,0.61462045,-0.2510193
1356876308459,0.25921512,0.6782909,0.68755287,0.61961454,0.42928815,-0.6571069,-0.7408679,0.59634984,-0.30900097
1356876308499,0.22050488,0.68381774,0.6955364,0.63963544,0.4369728,-0.63239324,-0.73637223,0.58433557,-0.34103948
1356876308539,0.18244374,0.6633613,0.7257176,0.6503781,0.47212875,-0.5950653,-0.73737544,0.5805568,-0.34529877
1356876308579,0.14264905,0.6139107,0.77637935,0.6527816,0.53126585,-0.54003036,-0.74399424,0.58384097,-0.324965
1356876308618,0.10014284,0.53307664,0.8401194,0.6492363,0.6048277,-0.46116763,-0.7539652,0.5916187,-0.2855236
1356876308659,0.055826485,0.4216234,0.9050509,0.6422135,0.67890203,-0.35588443,-0.7644901,0.6011037,-0.23287159
1356876308698,0.012790322,0.28804928,0.9575302,0.63390577,0.7382477,-0.23055106,-0.7733045,0.6099327,-0.1731537
1356876308739,-0.024573892,0.14971817,0.9884233,0.62643975,0.77283466,-0.10148823,-0.77908236,0.6166937,-0.11278099
1356876308778,-0.052763373,0.026276499,0.9982613,0.62120974,0.7835492,0.012209415,-0.781866,0.6207739,-0.057665944
1356876308819,-0.07062866,-0.06945762,0.9950815,0.6172843,0.78057516,0.09829834,-0.78356344,0.6211908,-0.012255907
1356876308859,-0.0798485,-0.13709763,0.98733395,0.6112844,0.77565336,0.15714075,-0.7873725,0.6160893,0.021870852
1356876308899,-0.08335185,-0.18372543,0.97943735,0.60091305,0.77479076,0.19647603,-0.7949567,0.60493326,0.04582274
1356876308938,-0.083428755,-0.21522936,0.97299325,0.58874285,0.7771274,0.22238462,-0.80400336,0.5913961,0.061879992
1356876308978,-0.079970166,-0.231049,0.9696499,0.581352,0.77938056,0.23365742,-0.80971265,0.5823936,0.07199365
1356876309018,-0.07094154,-0.22727655,0.9712428,0.58414185,0.77980006,0.22514471,-0.80854535,0.58331573,0.07744151
1356876309058,-0.05565548,-0.20490529,0.9771981,0.59701014,0.7776529,0.19706553,-0.8003007,0.594365,0.079049885
1356876309118,-0.036882445,-0.17183208,0.98443556,0.61544526,0.7722121,0.15784676,-0.7873162,0.611688,0.07727218
1356876309140,-0.019721538,-0.13781445,0.9902617,0.6343209,0.76386535,0.11893976,-0.7728182,0.6304894,0.07235396
1356876309180,-0.008453891,-0.10848239,0.9940624,0.6508759,0.7540866,0.08782905,-0.75913703,0.6477538,0.0642336
1356876309220,-0.0045460165,-0.08346674,0.9965002,0.6643721,0.7445357,0.06539312,-0.74738806,0.6623442,0.052068353
1356876309260,-0.0044015795,-0.054395974,0.9985097,0.6747761,0.7367623,0.043111265,-0.7380094,0.6739602,0.033462167
1356876309300,0.0010720491,-0.0049158037,0.99998736,0.68174255,0.7315866,0.002865523,-0.73159146,0.68173087,0.0041356087
1356876309341,0.024198681,0.08646819,0.9959606,0.6840161,0.72511387,-0.079572946,-0.7290654,0.68317866,-0.041598856
1356876309380,0.07053998,0.22834793,0.97102076,0.67993796,0.70125496,-0.21430326,-0.7298688,0.6753508,-0.10579592
1356876309420,0.13298362,0.40079403,0.9064654,0.66929686,0.63823795,-0.3803868,-0.7309973,0.6572796,-0.18337494
1356876309460,0.18652225,0.5471895,0.8159615,0.6583291,0.5468788,-0.5172295,-0.7292546,0.6336461,-0.25822568
1356876309500,0.21698278,0.63611835,0.74045384,0.6527211,0.46947706,-0.5945977,-0.7258606,0.61232734,-0.3133394
1356876309540,0.22811079,0.67512137,0.70155305,0.64973515,0.43108582,-0.6261064,-0.7251274,0.5986453,-0.34031475
1356876309580,0.22789687,0.67937547,0.6975041,0.6446405,0.43159533,-0.6310024,-0.7297271,0.5934429,-0.3395937
1356876309620,0.22109771,0.65693325,0.72080135,0.63633543,0.4629109,-0.6170825,-0.7390487,0.59510696,-0.31568134
1356876309660,0.209427,0.60989064,0.7643126,0.6267111,0.5162748,-0.58368963,-0.7505822,0.60124356,-0.27410328
1356876309700,0.1924437,0.5374904,0.8210173,0.61857146,0.58305895,-0.5266988,-0.76179713,0.60921776,-0.22027022
1356876309740,0.16975743,0.44169125,0.8809604,0.6137943,0.6519854,-0.4451646,-0.77099866,0.61629856,-0.16042823
1356876309780,0.14106965,0.32867095,0.93384945,0.6123904,0.7121901,-0.3431666,-0.7778672,0.6202908,-0.100806534
1356876309820,0.10970372,0.21349259,0.9707657,0.6118925,0.755154,-0.23522326,-0.783296,0.61980915,-0.047791302
1356876309860,0.0762825,0.10619563,0.99141484,0.60928696,0.7821114,-0.13065642,-0.789272,0.614023,-0.0050421953
1356876309900,0.025358744,-0.010385096,0.99962443,0.6030455,0.79767597,-0.0070111454,-0.7973036,0.6029968,0.026490748
1356876309940,-0.21043503,-0.21068944,-0.95463455,-0.5512372,-0.7808884,0.2938554,-0.8073752,0.58806753,0.04818636
1356876309980,-0.09886801,-0.03263992,-0.9945651,-0.5684589,-0.8184766,0.08337052,-0.81674945,0.5736121,0.062366635
1356876310020,-0.083094835,0.0046764314,-0.9965307,-0.56412876,-0.8245576,0.043169945,-0.821495,0.5657588,0.07115453
1356876310060,-0.077209055,0.022180378,-0.9967682,-0.56798756,-0.8226361,0.025690407,-0.81940764,0.5681355,0.076113075
1356876310121,-0.07482481,0.029714763,-0.9967539,-0.58007205,-0.81433725,0.019268483,-0.8111213,0.57963085,0.07816934
1356876310140,-0.07461679,0.029626995,-0.99677205,-0.59627616,-0.80251014,0.020783365,-0.799304,0.59590226,0.077546716
1356876310180,-0.07559657,0.02299273,-0.9968734,-0.61330134,-0.7893418,0.028302848,-0.78622305,0.61352336,0.073773004
1356876310220,-0.077393115,0.00976488,-0.9969528,-0.62911856,-0.7762147,0.041235477,-0.7734468,0.6303929,0.066217005
1356876310260,-0.07736772,-0.008337647,-0.9969678,-0.64299107,-0.76380265,0.05628571,-0.76195586,0.6453961,0.053732574
1356876310300,-0.06678313,-0.02520147,-0.9974492,-0.65512264,-0.7529009,0.06288579,-0.7525652,0.6576512,0.033771038
1356876310341,-0.025258362,-0.025494218,-0.9993558,-0.6652355,-0.7457729,0.035838753,-0.74620616,0.66571224,0.0018773377
1356876310380,0.079774976,0.019855678,-0.9966151,-0.6639809,-0.74465245,-0.06798473,-0.7434818,0.66715693,-0.04622081
1356876310420,0.2765115,0.14917694,-0.9493617,-0.608552,-0.7373922,-0.29311645,-0.7437781,0.65878606,-0.11311549
1356876310460,0.49581128,0.33579442,-0.8008829,-0.44762048,-0.6914586,-0.5670282,-0.74418217,0.6396305,-0.19252452
1356876310500,0.62338555,0.484794,-0.6134862,-0.24627307,-0.62292826,-0.74250245,-0.7421186,0.6139504,-0.2689328
1356876310540,0.667516,0.5735786,-0.47479463,-0.093530625,-0.5680134,-0.81768745,-0.73869777,0.5902273,-0.32551092
1356876310579,0.67493105,0.6249578,-0.39229566,-0.0040772557,-0.52848494,-0.8489329,-0.73786956,0.5745707,-0.35414279
1356876310618,0.6692659,0.65476584,-0.35123336,0.032673925,-0.49818605,-0.86645436,-0.7423042,0.5684122,-0.35481274
1356876310658,0.6593336,0.6697329,-0.34166792,0.027340978,-0.47549325,-0.8792944,-0.75135326,0.5704068,-0.33181983
1356876310698,0.64717317,0.6716196,-0.3606855,-0.013408124,-0.46302643,-0.886243,-0.76222515,0.5783888,-0.2906531
1356876310738,0.629454,0.65770066,-0.41378433,-0.08812454,-0.46865603,-0.8789742,-0.77202445,0.58973837,-0.23703784
1356876310779,0.5946329,0.6192013,-0.51283664,-0.1990466,-0.50462455,-0.8400801,-0.77896863,0.60161763,-0.17681646
1356876310818,0.5217848,0.5430808,-0.65787834,-0.33925864,-0.5754738,-0.7441327,-0.782716,0.611468,-0.11602858
1356876310858,0.40444618,0.43493453,-0.8045218,-0.47036132,-0.65550005,-0.59082985,-0.7843363,0.6173748,-0.060538113
1356876310898,0.2830969,0.33908388,-0.89715016,-0.5494062,-0.7093958,-0.44148672,-0.78613555,0.6178833,-0.014533012
1356876310938,0.19767946,0.28705484,-0.93729526,-0.5793597,-0.7370815,-0.34792703,-0.7907371,0.61180913,0.020602077
1356876310978,0.14937639,0.27150193,-0.95077515,-0.58271456,-0.75267035,-0.30648178,-0.7988306,0.5998116,0.045776993
1356876311018,0.12644655,0.2761219,-0.95276856,-0.57591116,-0.7615957,-0.29715005,-0.80767417,0.5862837,0.0627206
1356876311058,0.120884955,0.2902133,-0.94929606,-0.5698635,-0.7627408,-0.30574805,-0.81279904,0.5779295,0.07317817
1356876311122,0.12827921,0.30777836,-0.94277084,-0.5703966,-0.7547608,-0.32401198,-0.8112904,0.5793173,0.07873565
1356876311142,0.14535713,0.32562244,-0.9342598,-0.5776385,-0.73870844,-0.34733802,-0.8032466,0.5901525,0.08071548
1356876311180,0.16978914,0.34255782,-0.9240269,-0.58830583,-0.7169996,-0.37390876,-0.7906123,0.60709614,0.079790026
1356876311220,0.20053071,0.3589331,-0.91156703,-0.5982183,-0.69199586,-0.4040749,-0.7758365,0.6263455,0.07595399
1356876311260,0.23821598,0.37600845,-0.8954724,-0.603539,-0.66506004,-0.4398135,-0.7609165,0.64522314,0.06850776
1356876311300,0.285554,0.39574176,-0.8728387,-0.5999724,-0.6363837,-0.4848183,-0.7473232,0.66212094,0.055712253
1356876311340,0.34699523,0.42092824,-0.83810127,-0.58071125,-0.60528666,-0.5444285,-0.7364569,0.67560893,0.034406215
1356876311380,0.42647648,0.45478535,-0.7818491,-0.53419995,-0.57089293,-0.62346745,-0.729896,0.683558,-5.260706E-4
1356876311420,0.51886475,0.49942407,-0.69379747,-0.4475915,-0.5327413,-0.7182259,-0.7283139,0.68319994,-0.05288273
1356876311460,0.60415596,0.5505911,-0.57605994,-0.31879252,-0.49553704,-0.8079693,-0.73031974,0.67178303,-0.12385732
1356876311500,0.66024137,0.60164964,-0.44955426,-0.16941208,-0.46383628,-0.869572,-0.73169726,0.65028733,-0.20431721
1356876311540,0.68295467,0.64724255,-0.33860013,-0.03237465,-0.43626693,-0.89923465,-0.729743,0.6250986,-0.27699625
1356876311580,0.6831292,0.68546283,-0.25194302,0.07183841,-0.40638667,-0.9108727,-0.7267556,0.6041446,-0.32685715
1356876311620,0.67225707,0.7161833,-0.18748856,0.13851154,-0.3704592,-0.9184632,-0.7272448,0.591474,-0.34824347
1356876311660,0.6579625,0.7396558,-0.14140248,0.16982883,-0.32868057,-0.9290464,-0.7336508,0.58726346,-0.34187436
1356876311700,0.644966,0.75643957,-0.108710825,0.17251906,-0.28269923,-0.9435668,-0.7444837,0.5898138,-0.31283164
1356876311740,0.6358199,0.7669939,-0.08633286,0.15307486,-0.23493974,-0.9598809,-0.75650585,0.597096,-0.26678687
1356876311780,0.631076,0.77218294,-0.07400417,0.11694759,-0.18901709,-0.974985,-0.7668548,0.606635,-0.20958908
1356876311820,0.62934923,0.7735193,-0.07474926,0.06878576,-0.15125719,-0.98609823,-0.7740723,0.61545855,-0.1484007
1356876311862,0.62751937,0.7730515,-0.092794746,0.011995316,-0.12876603,-0.9916024,-0.77850854,0.62113655,-0.09007616
1356876311899,0.62099195,0.77260834,-0.13208094,-0.05126196,-0.12811676,-0.99043334,-0.7821388,0.6218219,-0.03995405
1356876311957,0.6044662,0.7727323,-0.19366324,-0.11848092,-0.15319544,-0.98106754,-0.78777087,0.61596763,-0.0010474548
1356876311979,0.5750358,0.7722074,-0.27023992,-0.18351325,-0.20015216,-0.96242505,-0.7972808,0.60302144,0.026615627
1356876312019,0.5380853,0.76881564,-0.34552392,-0.23712257,-0.25530058,-0.9373337,-0.8088492,0.58629704,0.04493007
1356876312056,0.5063915,0.7623865,-0.40290755,-0.27371222,-0.30096844,-0.9135095,-0.81770974,0.57287407,0.056266665
1356876312097,0.49130547,0.75424534,-0.4355834,-0.29519027,-0.32631314,-0.897988,-0.8194398,0.56976646,0.062326428
1356876312125,0.48876223,0.7466368,-0.4512704,-0.30794173,-0.33632162,-0.8899773,-0.8162618,0.57395226,0.06553936
1356876312169,0.5049984,0.7374376,-0.4485114,-0.31285632,-0.32790834,-0.89140177,-0.8044238,0.59047604,0.06511879
1356876312208,0.5326446,0.7286324,-0.43056303,-0.30860597,-0.30649975,-0.90045565,-0.7880686,0.61249715,0.061604854
1356876312248,0.5663662,0.72069013,-0.39979362,-0.29358134,-0.27685028,-0.9149666,-0.77009046,0.63557816,0.054782573
1356876312288,0.6030508,0.71441084,-0.35488993,-0.26464212,-0.24051833,-0.93387127,-0.75252527,0.65709066,0.044018384
1356876312328,0.64022887,0.7099764,-0.2933265,-0.21764027,-0.19855443,-0.9556196,-0.73670864,0.6756549,0.02739922
1356876312369,0.67379737,0.7074482,-0.21334052,-0.14795321,-0.15370509,-0.9769773,-0.7239523,0.6898492,0.0011031404
1356876312408,0.6962405,0.7079855,-0.11834544,-0.054330975,-0.1124202,-0.99217427,-0.7157495,0.69722176,-0.03980595
1356876312448,0.6990406,0.71477926,-0.020805001,0.056339383,-0.0840563,-0.994867,-0.7128591,0.6942803,-0.09902896
1356876312488,0.67958367,0.7307533,0.06454116,0.17035031,-0.07162157,-0.98277724,-0.7135452,0.678874,-0.1731569
1356876312528,0.64388907,0.7536485,0.13198805,0.27356973,-0.06566963,-0.9596078,-0.71453935,0.6539889,-0.24845937
1356876312569,0.60152,0.77642024,0.18800345,0.3565022,-0.05029142,-0.9329399,-0.71489847,0.62820566,-0.30704683
1356876312608,0.55974925,0.79255354,0.24194983,0.41545427,-0.015774723,-0.90947723,-0.71699274,0.6095983,-0.33809963
1356876312648,0.52241695,0.79833245,0.2995761,0.45163512,0.038938764,-0.89135265,-0.7232608,0.6009568,-0.34021267
1356876312688,0.49125588,0.79171205,0.36312497,0.4695944,0.110381186,-0.8759549,-0.7335862,0.60083944,-0.31755808
1356876312728,0.46712282,0.7716198,0.43173957,0.47507533,0.1927875,-0.8585664,-0.74572086,0.6061648,-0.2765221
1356876312769,0.45031145,0.7384447,0.5019155,0.47310507,0.27939823,-0.8355288,-0.75722605,0.6137069,-0.22354567
1356876312808,0.44042018,0.6951345,0.5681708,0.4674128,0.3627856,-0.8061711,-0.7665216,0.62062436,-0.1651367
1356876312848,0.4364707,0.64753175,0.6246567,0.4599562,0.43610775,-0.77346635,-0.77326167,0.6249101,-0.10748798
1356876312888,0.43676364,0.60418075,0.6664856,0.45074385,0.4941901,-0.74337476,-0.77850336,0.6250934,-0.056486487
1356876312928,0.43915486,0.57382536,0.6912796,0.43759167,0.5353844,-0.7224106,-0.78463787,0.6197483,-0.015984535
1356876312969,0.44165856,0.561148,0.7000362,0.4182577,0.5615049,-0.7139837,-0.79372424,0.60813254,0.013288975
1356876313008,0.44344166,0.5633373,0.69714457,0.3944259,0.57579213,-0.71616447,-0.80485266,0.5925491,0.033135355
1356876313049,0.44545642,0.57129335,0.6893421,0.37279004,0.5816777,-0.7229651,-0.81400007,0.5790293,0.046139598
1356876313128,0.4506371,0.5727405,0.6847588,0.3639741,0.5825276,-0.726763,-0.8151375,0.57674086,0.054045856
1356876313132,0.45755234,0.56817126,0.6839789,0.36441034,0.5818366,-0.72709787,-0.8110801,0.58193433,0.059173167
1356876313169,0.46650743,0.5520874,0.6910646,0.37935358,0.58090514,-0.7201666,-0.79903793,0.59812087,0.061560214
1356876313207,0.47230846,0.5268042,0.7066839,0.4056457,0.5818857,-0.7048834,-0.78254473,0.6195857,0.061133683
1356876313249,0.4700737,0.49463904,0.7310014,0.44103056,0.58577067,-0.6799741,-0.7645409,0.6420319,0.057204425
1356876313290,0.45362377,0.45534098,0.76608753,0.4847464,0.59526604,-0.6408426,-0.74782777,0.6620596,0.049301922
1356876313330,0.4176763,0.40980658,0.8109286,0.53578496,0.6097308,-0.5840914,-0.7338127,0.6784445,0.03510189
1356876313370,0.35564,0.35757908,0.86351454,0.5916183,0.6291214,-0.5041765,-0.7235385,0.69017637,0.012190402
1356876313410,0.27190304,0.3154844,0.90914154,0.64047706,0.6457772,-0.41564518,-0.7182325,0.69529945,-0.026471734
1356876313460,0.18121332,0.3154729,0.9314712,0.67093855,0.652837,-0.35163236,-0.7190293,0.6886804,-0.093360186
1356876313500,0.09907353,0.34800544,0.93224275,0.68636286,0.6544207,-0.31723744,-0.72047925,0.67128664,-0.17402226
1356876313549,0.060947925,0.42834944,0.9015553,0.6912984,0.63342,-0.3476861,-0.7199943,0.6444345,-0.25751162
1356876313589,0.057484478,0.50615263,0.860526,0.6942618,0.599141,-0.39878643,-0.71742326,0.6203544,-0.3169611
1356876313628,0.06948614,0.5553655,0.8286983,0.69342595,0.5703113,-0.44034693,-0.7171695,0.6052389,-0.34547615
1356876313668,0.077271104,0.565051,0.8214295,0.68766826,0.5663476,-0.4542716,-0.7219013,0.599973,-0.34480536
1356876313708,0.06380758,0.52777886,0.8469818,0.67911375,0.5989276,-0.4243704,-0.7312545,0.602275,-0.32020575
1356876313748,0.0057491064,0.42079237,0.90713876,0.669139,0.6725119,-0.31619728,-0.743115,0.6088198,-0.27770227
1356876313789,-0.1457727,0.17370108,0.9739499,0.6390244,0.76807475,-0.041340023,-0.7552471,0.6163515,-0.22296357
1356876313828,-0.41914186,-0.2894269,0.86055344,0.48798504,0.7274703,0.48234594,-0.7656309,0.6221086,-0.16367722
1356876313868,-0.61668813,-0.7040136,0.35222232,0.14553434,0.33775896,0.9299132,-0.7736378,0.62472695,-0.10583371
1356876313908,-0.6081285,-0.7755954,-0.1692082,-0.14822257,-0.09846532,0.9840399,-0.779878,0.6235032,-0.05508119
1356876313948,-0.5100154,-0.66229224,-0.54886544,-0.3489045,-0.423957,0.8357788,-0.7862251,0.6177617,-0.014852107
1356876313989,-0.36777204,-0.46276572,-0.80659264,-0.4830502,-0.64610565,0.59094,-0.7946108,0.6069559,0.014080465
1356876314028,-0.22509938,-0.2532351,-0.9408519,-0.54875666,-0.7649658,0.33718476,-0.8051065,0.59219885,0.03322883
1356876314068,-0.11532807,-0.08523862,-0.98966354,-0.5678489,-0.8118045,0.13609274,-0.8150136,0.5776747,0.045221135
1356876314123,-0.03611082,0.04011026,-0.99854255,-0.5708194,-0.820983,-0.012335092,-0.82028115,0.56954205,0.05254209
1356876314150,0.028102934,0.13862102,-0.9899466,-0.57373923,-0.8087301,-0.12953296,-0.8185557,0.5716115,0.05680469
1356876314192,0.08873725,0.22130518,-0.971159,-0.57913333,-0.78179955,-0.23107137,-0.8103889,0.5829352,0.058790475
1356876314230,0.15078205,0.29275626,-0.94422376,-0.58343637,-0.74470437,-0.32406366,-0.7980393,0.5997575,0.05851668
1356876314270,0.21593893,0.35520887,-0.90950376,-0.58228534,-0.7008707,-0.41197586,-0.78378195,0.6185523,0.055487603
1356876314310,0.28618008,0.41191882,-0.8651149,-0.571421,-0.6513828,-0.4991778,-0.7691417,0.63719964,0.04896626
1356876314350,0.36715943,0.46950203,-0.8029705,-0.5431891,-0.5925464,-0.5948397,-0.7550758,0.65456593,0.037469417
1356876314390,0.46892405,0.53826874,-0.7002692,-0.47856325,-0.5115353,-0.7136588,-0.7423526,0.6697749,0.017724425
1356876314430,0.58969486,0.6221188,-0.51500314,-0.34154683,-0.3857443,-0.8570572,-0.7318509,0.6812999,-0.014988719
1356876314470,0.6791726,0.6940995,-0.23864315,-0.118389845,-0.2172814,-0.9689028,-0.7243676,0.68630517,-0.06539726
1356876314510,0.68557143,0.7278646,0.014312893,0.10802886,-0.08226968,-0.99073786,-0.71994555,0.68076783,-0.13503215
1356876314550,0.64400434,0.74845266,0.15835705,0.26606986,-0.025055476,-0.96362805,-0.71726227,0.6627147,-0.21527654
1356876314591,0.59452504,0.7712518,0.22739978,0.36689353,-0.008550696,-0.93022364,-0.71549225,0.63647276,-0.2880509
1356876314630,0.54784197,0.7916189,0.27057117,0.43223375,0.009073257,-0.901716,-0.7162703,0.61094785,-0.33719367
1356876314670,0.50523245,0.8038538,0.31394142,0.47251588,0.046729803,-0.8800824,-0.7221281,0.59298855,-0.3562243
1356876314710,0.4667029,0.80431503,0.36778486,0.49497682,0.10708174,-0.86228263,-0.73292994,0.5844747,-0.3481419
1356876314750,0.43233013,0.789307,0.43598765,0.5057645,0.18803072,-0.8419304,-0.7465206,0.584499,-0.3179121
1356876314790,0.40294623,0.75565565,0.51635146,0.5102881,0.28285378,-0.81215745,-0.75976336,0.59074384,-0.27162725
1356876314830,0.38086772,0.7032738,0.60028815,0.511745,0.38038927,-0.7703383,-0.7701019,0.6005914,-0.21501881
1356876314870,0.37144157,0.6421863,0.67054296,0.5097158,0.46260038,-0.7253901,-0.776029,0.6112263,-0.15550345
1356876314910,0.37967193,0.59002197,0.7125471,0.50081444,0.51651317,-0.6945496,-0.7778395,0.62055486,-0.09938592
1356876314950,0.4090037,0.5661622,0.715665,0.47787607,0.5352361,-0.69653195,-0.7773998,0.6268833,-0.051641762
1356876315150,0.43774062,0.50049055,0.746922,0.3872711,0.6447722,-0.65900683,-0.81142116,0.5777353,0.08841747
1356876315190,0.5455568,0.83702195,-0.04197648,-0.14796665,0.046900243,-0.9878796,-0.82490826,0.5451556,0.14943811
1356876315231,0.49674964,0.8505211,-0.17278221,-0.23394969,-0.060489297,-0.97036517,-0.8357675,0.5224508,0.16893111
1356876315270,0.4730017,0.8567364,-0.20560184,-0.2465347,-0.09533617,-0.9644333,-0.84586644,0.5068666,0.16612107
1356876315310,0.4637605,0.8606403,-0.2102963,-0.2355695,-0.109034896,-0.9657216,-0.85406864,0.4974029,0.15217458
1356876315350,0.465039,0.8630801,-0.19705689,-0.21191889,-0.10759133,-0.9713467,-0.85955167,0.4934742,0.13286886
1356876315390,0.47538257,0.86456364,-0.16291443,-0.17550677,-0.08826071,-0.9805138,-0.8620956,0.49471176,0.109779164
1356876315430,0.49264112,0.8645767,-0.09905541,-0.120470345,-0.04497513,-0.99169767,-0.86185366,0.50048435,0.0819992
1356876315470,0.5107269,0.8597379,0.0029703677,-0.03783956,0.025929928,-0.9989474,-0.85890985,0.5100769,0.04577519
1356876315510,0.51557606,0.8446763,0.14388615,0.078128755,0.120882556,-0.9895874,-0.8532744,0.5214492,-0.0036693513
1356876315550,0.49000072,0.8190407,0.29844853,0.21584278,0.21771127,-0.95184743,-0.84457743,0.53082395,-0.070105374
1356876315589,0.43241176,0.794137,0.42704386,0.34788632,0.29000464,-0.8915562,-0.8318625,0.5340821,-0.150868
1356876315628,0.36065263,0.7792953,0.51247287,0.45417333,0.33317512,-0.8262693,-0.814651,0.5307477,-0.23377466
1356876315669,0.29327667,0.76911455,0.56784827,0.53049237,0.36321354,-0.7659333,-0.7953406,0.5258695,-0.30148733
1356876315708,0.2398957,0.75288504,0.6128736,0.5794857,0.39544678,-0.7126135,-0.77887493,0.5261044,-0.34142017
1356876315748,0.20339572,0.72303414,0.6601907,0.606094,0.43657982,-0.664867,-0.7689475,0.53536874,-0.34942818
1356876315788,0.18380153,0.67595065,0.7136581,0.6170598,0.4858032,-0.6190578,-0.76514983,0.55415344,-0.3278106
1356876315828,0.1800242,0.6119061,0.7701703,0.61957794,0.53759056,-0.57194364,-0.76401204,0.58014417,-0.28234422
1356876315868,0.19024065,0.53688806,0.8219244,0.61888033,0.5843246,-0.5249304,-0.76209944,0.60853595,-0.22110718
1356876315908,0.21209833,0.46164805,0.86133343,0.6165623,0.6206099,-0.48445252,-0.7581987,0.6338173,-0.15300447
1356876315948,0.24347216,0.39956817,0.88377964,0.61066663,0.64476764,-0.45974007,-0.75353,0.65162873,-0.08701998
1356876315988,0.28281906,0.3627092,0.88795,0.59699595,0.6580104,-0.45893142,-0.75073904,0.65989715,-0.030438006
1356876316028,0.32901704,0.3591854,0.87334627,0.5706531,0.6612467,-0.4869372,-0.7523981,0.65858835,0.012591183
1356876316068,0.3804954,0.3917694,0.83769923,0.5275265,0.6520525,-0.54455787,-0.75956506,0.64911026,0.04143423
1356876316124,0.4337282,0.4552478,0.777579,0.46667567,0.62471235,-0.6260576,-0.77077466,0.6344161,0.058502257
1356876316152,0.48332226,0.533927,0.6937734,0.3937549,0.5752151,-0.71699697,-0.781893,0.6197173,0.06777787
1356876316191,0.524902,0.60595435,0.5977435,0.32135957,0.5092045,-0.7983976,-0.78816617,0.61117107,0.07255322
1356876316231,0.5583912,0.6566454,0.5069674,0.2612786,0.4408072,-0.85873306,-0.78735805,0.61196876,0.074575454
1356876316271,0.5860084,0.683336,0.43548363,0.2199795,0.3830884,-0.8971356,-0.7798738,0.6215265,0.07417315
1356876316311,0.6084562,0.69330513,0.38614643,0.19576167,0.34041968,-0.9196694,-0.76906335,0.6351712,0.071407884
1356876316351,0.62539804,0.6924497,0.35970902,0.18814531,0.31356767,-0.9307398,-0.7572837,0.6497604,0.065823466
1356876316391,0.6356999,0.6846357,0.35659444,0.1975317,0.3022945,-0.9325231,-0.74623513,0.6632436,0.056931317
1356876316431,0.6377332,0.6720828,0.37629908,0.22500846,0.30467677,-0.9254962,-0.7366597,0.67489016,0.043078184
1356876316471,0.6284625,0.6569886,0.41641438,0.27115625,0.31672072,-0.9089347,-0.7290468,0.68414474,0.020900518
1356876316510,0.6043354,0.6447531,0.46805134,0.33216864,0.33007857,-0.88357913,-0.72418416,0.68945014,-0.014688551
1356876316551,0.564397,0.64483386,0.5154079,0.39832443,0.33413145,-0.8542212,-0.72304475,0.6874194,-0.068270266
1356876316590,0.51331186,0.6652302,0.542199,0.45839936,0.32157964,-0.8285268,-0.7255212,0.6738363,-0.13987046
1356876316631,0.4587863,0.69994164,0.54735446,0.5077679,0.29899037,-0.80794585,-0.72916865,0.64860356,-0.2182352
1356876316671,0.40748572,0.73264515,0.54514813,0.54608583,0.2829761,-0.788489,-0.7319466,0.61899567,-0.28477842
1356876316710,0.36228964,0.750079,0.5532881,0.5734988,0.28855136,-0.76670545,-0.7347417,0.5950795,-0.32563025
1356876316750,0.3235888,0.7477099,0.579845,0.5896213,0.31994164,-0.7416091,-0.740025,0.5818653,-0.33733612
1356876316790,0.29037446,0.7244174,0.6252216,0.5964207,0.37392855,-0.71025336,-0.74830806,0.5791346,-0.32347828
1356876316830,0.26218718,0.6799734,0.68475837,0.5975533,0.44278276,-0.6684859,-0.7577519,0.5844481,-0.29022843
1356876316871,0.23950285,0.61603343,0.75042737,0.59656334,0.5164299,-0.61433893,-0.76599646,0.5948134,-0.24381655
1356876316910,0.22371843,0.5385566,0.8123465,0.5955006,0.5842812,-0.551357,-0.77157575,0.6071015,-0.18999624
1356876316950,0.21665367,0.4583258,0.86197376,0.59461325,0.63831973,-0.48885894,-0.7742715,0.6184541,-0.13423222
1356876316990,0.21995255,0.38878137,0.89468986,0.59244114,0.67540383,-0.4391392,-0.7750061,0.62664086,-0.08177328
1356876317030,0.23426905,0.3409491,0.91042393,0.5865015,0.69730055,-0.4120533,-0.77532834,0.6304963,-0.0366112
1356876317070,0.2595328,0.32168663,0.9105825,0.57371545,0.70711535,-0.41332614,-0.7768484,0.62968695,-0.001036942
1356876317125,0.29457393,0.3324986,0.895919,0.55122185,0.7067144,-0.44351906,-0.7806284,0.62449926,0.024899125
1356876317135,0.3357302,0.36488575,0.8684144,0.5203099,0.6966785,-0.4938792,-0.78521514,0.6176548,0.04404235
1356876317165,0.37524554,0.40643087,0.83306944,0.48498228,0.67982316,-0.55012053,-0.78992593,0.61045426,0.057988822
1356876317209,0.41163728,0.450128,0.79242635,0.44977126,0.65590155,-0.60621697,-0.7926289,0.6059521,0.06753886
1356876317248,0.4461898,0.4888028,0.7496577,0.41978765,0.62547946,-0.6576883,-0.7903753,0.6081509,0.073889196
1356876317290,0.4752058,0.51162064,0.7158378,0.4027233,0.59687436,-0.69394165,-0.78230006,0.6180497,0.077596605
1356876317328,0.4965186,0.51774377,0.6967141,0.40017125,0.57572836,-0.7130216,-0.77028054,0.6328334,0.07867366
1356876317368,0.5078376,0.5103711,0.6939901,0.41120753,0.56428075,-0.71588796,-0.75697374,0.6489288,0.07669455
1356876317408,0.5064282,0.49215382,0.70803607,0.43499297,0.5631643,-0.70258594,-0.744521,0.6638001,0.07111883
1356876317448,0.48909044,0.46411353,0.73850465,0.47111917,0.57198703,-0.67147416,-0.7340553,0.6763353,0.061100602
1356876317488,0.4529127,0.42858568,0.78178287,0.5173245,0.5878278,-0.6219597,-0.72611666,0.68612885,0.0445168
1356876317528,0.3971417,0.39305338,0.82932955,0.5673035,0.60519075,-0.55848986,-0.7214189,0.6922812,0.017365932
1356876317568,0.32701343,0.37289396,0.8683388,0.6109171,0.6176246,-0.4952981,-0.721001,0.69245213,-0.025835752
1356876317608,0.25396866,0.38611808,0.88679916,0.6401346,0.6202239,-0.4533763,-0.7250708,0.6828141,-0.089650095
1356876317648,0.1886527,0.43776426,0.8790749,0.6555382,0.6103809,-0.44464013,-0.73121804,0.6601497,-0.17182118
1356876317688,0.1336545,0.50753975,0.85119903,0.66449416,0.59132636,-0.45692518,-0.73524415,0.62668693,-0.25822377
1356876317728,0.08384037,0.56194794,0.8229127,0.672253,0.5776889,-0.46298105,-0.73555875,0.592022,-0.32933754
1356876317768,0.032125264,0.57824004,0.81523395,0.6772982,0.5872271,-0.44320604,-0.7350069,0.5663946,-0.3727761
1356876317808,-0.025563627,0.5486615,0.8356537,0.67468405,0.6263038,-0.39057013,-0.7376638,0.55381787,-0.38618374
1356876317848,-0.08856064,0.4719262,0.8771788,0.66099226,0.6866393,-0.30268073,-0.7451484,0.5530028,-0.3727488
1356876317888,-0.15085423,0.35311243,0.9233389,0.6372025,0.7488327,-0.18227053,-0.7557883,0.5608576,-0.3379687
1356876317928,-0.20295507,0.20897931,0.95662785,0.60941005,0.7916528,-0.043649316,-0.76643884,0.57411975,-0.288024
1356876317968,-0.23785251,0.06366706,0.9692124,0.5862816,0.8049801,0.0909995,-0.774403,0.5898759,-0.22879338
1356876318008,-0.25416213,-0.06091538,0.9652413,0.5743649,0.79345953,0.2013131,-0.7781429,0.605567,-0.16667968
1356876318048,-0.25513154,-0.15403596,0.95455784,0.5741993,0.7701621,0.2777506,-0.77794784,0.6189695,-0.10804528
1356876318089,-0.24525361,-0.21644692,0.9449875,0.5809434,0.7475448,0.32199603,-0.7761156,0.62795496,-0.057594657
1356876318152,-0.22776106,-0.25412178,0.9399718,0.58827853,0.7333367,0.34080148,-0.77592087,0.63058656,-0.017531157
1356876318170,-0.20437963,-0.272981,0.94005865,0.59260875,0.7298521,0.34077972,-0.77913016,0.62673545,0.012604058
1356876318210,-0.17640571,-0.27718842,0.9444827,0.5943,0.7349058,0.32668182,-0.7846582,0.61893463,0.03509152
1356876318251,-0.14309494,-0.2655732,0.9534121,0.59802926,0.7443732,0.2971019,-0.7885967,0.6126821,0.052304566
1356876318291,-0.10321315,-0.23578772,0.9663081,0.60785425,0.75402564,0.24891493,-0.78731215,0.6130657,0.06549919
1356876318330,-0.05720663,-0.18999168,0.98011756,0.6231661,0.76020116,0.18373421,-0.7799945,0.62128687,0.07490784
1356876318370,-0.009844556,-0.13732874,0.9904766,0.6393248,0.7607609,0.111833245,-0.7688738,0.6343372,0.08030832
1356876318409,0.030562162,-0.08908373,0.99555516,0.6533019,0.7556024,0.047556877,-0.75648046,0.6489446,0.08129138
1356876318448,0.054301918,-0.05601564,0.9969521,0.664821,0.7469804,0.00575909,-0.7450263,0.662482,0.07780284
1356876318488,0.056889653,-0.040073067,0.9975759,0.67515755,0.73762023,-0.008872241,-0.7354766,0.67402565,0.0690186
1356876318530,0.03875418,-0.03580889,0.9986069,0.6841427,0.72934806,-3.9684772E-4,-0.72831786,0.683205,0.05276364
1356876318568,0.0075852573,-0.02845347,0.9995663,0.689677,0.72395384,0.015374303,-0.72407734,0.6892613,0.025115073
1356876318608,-0.025845334,3.2952428E-4,0.999666,0.6898607,0.7237283,0.01759708,-0.7234807,0.690085,-0.018932283
1356876318648,-0.05344057,0.06383917,0.9965283,0.68497753,0.7284965,-0.009935528,-0.72660166,0.68206847,-0.08265966
1356876318688,-0.07339394,0.15980446,0.98441654,0.67761457,0.7322344,-0.06834662,-0.7317458,0.66203874,-0.16202742
1356876318728,-0.091555,0.2604435,0.9611383,0.67058456,0.72965944,-0.133841,-0.73616165,0.6322707,-0.24145341
1356876318768,-0.1151889,0.32983857,0.9369835,0.6635409,0.72749937,-0.17452265,-0.73921925,0.60162383,-0.30266124
1356876318808,-0.14728028,0.34765333,0.9259836,0.6529859,0.7373529,-0.17297412,-0.74291176,0.5791786,-0.33561027
1356876318848,-0.18439811,0.31321925,0.9316067,0.63616693,0.7605566,-0.12978971,-0.7491922,0.5687244,-0.3395049
1356876318888,-0.21881112,0.23869827,0.9461209,0.6151445,0.78641313,-0.056139767,-0.7574424,0.56971705,-0.31890988
1356876318928,-0.24282008,0.14269958,0.9595183,0.59631675,0.80212647,0.031614363,-0.76514363,0.5798534,-0.27986658
1356876318968,-0.25220668,0.04484734,0.9666336,0.5860652,0.80196023,0.11570437,-0.7700127,0.5956917,-0.22854316
1356876319008,-0.24711138,-0.040221184,0.9681519,0.58659244,0.78905135,0.18250257,-0.77126205,0.6130091,-0.17139018
1356876319067,-0.230386,-0.10590966,0.9673187,0.5955132,0.7708333,0.2262301,-0.7696014,0.6281713,-0.11451858
1356876319089,-0.20497575,-0.14944337,0.9672908,0.6082874,0.75479114,0.24551323,-0.76679283,0.63871515,-0.063809335
1356876319148,-0.17383951,-0.1726735,0.96951723,0.6198596,0.74582136,0.24397673,-0.76521504,0.6433773,-0.022619903
1356876319165,-0.13860269,-0.1785164,0.9741259,0.6265596,0.74593294,0.2258477,-0.7669501,0.641651,0.008462846
1356876319195,-0.10101338,-0.171478,0.97999567,0.6290829,0.7521063,0.19644523,-0.770747,0.63634217,0.03190106
1356876319235,-0.06508809,-0.15744074,0.9853811,0.6256454,0.76284343,0.16321068,-0.7773875,0.6271222,0.04885006
1356876319280,-0.027841598,-0.13275874,0.99075735,0.6232122,0.77262866,0.121043175,-0.7815571,0.6208221,0.061225593
1356876319320,0.008733124,-0.101335675,0.99481404,0.626817,0.7756909,0.073512256,-0.7791176,0.6229243,0.07029313
