1356876367296,-0.8113903,-0.46929914,0.34843105,0.31173772,0.15680379,0.93714046,-0.49443454,0.8690057,0.019069135
1356876367325,-0.7448819,-0.43489775,0.50597906,0.44798616,0.2359792,0.8623353,-0.4944282,0.8690096,0.019051611
1356876367356,-0.74488074,-0.43483695,0.50603306,0.4480104,0.23604375,0.86230505,-0.49440804,0.8690225,0.01898706
1356876367399,-0.7448862,-0.43454275,0.50627774,0.44812045,0.2363351,0.862168,-0.4943001,0.8690905,0.018684745
1356876367440,-0.7446893,-0.4337888,0.50721323,0.44870982,0.23717034,0.8616321,-0.49406227,0.8692397,0.018027008
1356876367479,-0.74399614,-0.43236807,0.5094386,0.4503056,0.23883408,0.860339,-0.49365443,0.8694919,0.0170061
1356876367518,-0.7423612,-0.43017808,0.51365995,0.4536037,0.24153799,0.8578479,-0.49309576,0.8698311,0.015821993
1356876367561,-0.7395109,-0.42728448,0.5201458,0.45895272,0.2452181,0.8539499,-0.49242875,0.8702276,0.014761865
1356876367600,-0.7353388,-0.42390603,0.5287535,0.46637928,0.24954426,0.8486565,-0.49169803,0.8706499,0.014201522
1356876367638,-0.72991997,-0.4203519,0.53900015,0.47552404,0.25417376,0.84218323,-0.49101302,0.8710339,0.014360845
1356876367680,-0.72387445,-0.4170551,0.54960966,0.48526314,0.25850207,0.8352822,-0.49043393,0.8713448,0.015258491
1356876367720,-0.7174926,-0.41403028,0.5601638,0.49506095,0.26262456,0.8282168,-0.49001962,0.8715545,0.016539037
1356876367758,-0.71113026,-0.41109294,0.57034767,0.5043704,0.26686257,0.8212155,-0.48980033,0.8716576,0.017569005
1356876367798,-0.7052778,-0.4081496,0.5796524,0.512493,0.27140957,0.8146703,-0.48983058,0.87163675,0.017754734
1356876367840,-0.7001022,-0.40496096,0.58810174,0.51922596,0.27666366,0.8086172,-0.49016476,0.8714723,0.01657331
1356876367879,-0.695783,-0.40139994,0.59562075,0.524376,0.28281075,0.8031488,-0.49083182,0.8711465,0.0137094855
1356876367919,-0.6924208,-0.3976364,0.6020287,0.5279642,0.2894529,0.7984177,-0.49173892,0.8706907,0.00951463
1356876367960,-0.69008696,-0.39395106,0.60710996,0.5300358,0.29608232,0.79460514,-0.49279004,0.87013674,0.0044856668
1356876368000,-0.68881345,-0.39069784,0.6106482,0.5306273,0.30220306,0.7919015,-0.49393398,0.869499,-8.466244E-4
1356876368043,-0.6885775,-0.38820037,0.61250436,0.5297556,0.3075022,0.7904438,-0.49519706,0.8687594,-0.00608778
1356876368078,-0.68918335,-0.38632962,0.6130056,0.52745646,0.31257182,0.78999275,-0.49680585,0.8677836,-0.011647284
1356876368118,-0.690582,-0.38480103,0.6123926,0.52361774,0.3180874,0.7903448,-0.49891987,0.8664575,-0.018176794
1356876368160,-0.6927059,-0.38319117,0.6110017,0.5182938,0.32462984,0.79119337,-0.5015277,0.86474276,-0.02626741
1356876368198,-0.6955408,-0.38117293,0.6090404,0.51162606,0.3323809,0.7923142,-0.5044421,0.8626877,-0.03616643
1356876368239,-0.6990426,-0.37862536,0.60661554,0.50386006,0.3411497,0.7935629,-0.5074097,0.8603835,-0.04770404
1356876368278,-0.7029871,-0.3756335,0.60391116,0.49542913,0.3505717,0.79476374,-0.510254,0.8579038,-0.060347617
1356876368338,-0.70689934,-0.37266892,0.6011748,0.48704416,0.35987818,0.79578614,-0.5129145,0.8553394,-0.072891414
1356876368361,-0.71007466,-0.37085533,0.5985484,0.47948563,0.3678379,0.79673636,-0.51564276,0.85273767,-0.08337259
1356876368399,-0.7117508,-0.37192318,0.59588915,0.4730383,0.37333733,0.79803133,-0.51927406,0.84987783,-0.08978927
1356876368440,-0.711335,-0.3776518,0.5927745,0.46730047,0.37586224,0.80022365,-0.5250075,0.8462309,-0.09088713
1356876368480,-0.70857406,-0.3890456,0.5886988,0.46168447,0.3753212,0.8037297,-0.53363866,0.8412952,-0.08632654
1356876368520,-0.7036465,-0.40576714,0.5832964,0.45604724,0.3716157,0.80865484,-0.54488766,0.83501786,-0.076437116
1356876368560,-0.69718623,-0.4261052,0.5765117,0.45076007,0.36476684,0.814715,-0.55744666,0.82787657,-0.06223917
1356876368600,-0.69015926,-0.44758722,0.56863505,0.44626626,0.35533345,0.8213309,-0.5696723,0.82061183,-0.045493543
1356876368640,-0.6835852,-0.46779892,0.5602459,0.44278756,0.3444056,0.82784295,-0.5802158,0.81397116,-0.02829504
1356876368680,-0.67829615,-0.4849744,0.5520092,0.44029734,0.33317828,0.8337449,-0.58826244,0.8085741,-0.012460649
1356876368720,-0.67478776,-0.49807224,0.5445967,0.43871143,0.3226738,0.83869773,-0.5934591,0.80486375,7.736683E-4
1356876368760,-0.67306167,-0.5069155,0.5385393,0.43775237,0.31386453,0.84253305,-0.59612143,0.8028236,0.010653257
1356876368800,-0.6725603,-0.5121696,0.534177,0.43700957,0.30765796,0.8452037,-0.59723145,0.8018908,0.016904414
1356876368840,-0.6723782,-0.5149189,0.5317577,0.4365121,0.30434954,0.84665734,-0.59780014,0.8013925,0.020130277
1356876368880,-0.6717067,-0.5159446,0.5316121,0.43731588,0.30307204,0.8467008,-0.59796745,0.80121696,0.022055209
1356876368920,-0.6702173,-0.51504743,0.5343547,0.44145545,0.30211174,0.8448938,-0.59659517,0.8021562,0.024889946
1356876368960,-0.6680827,-0.5110743,0.54080355,0.45093507,0.30004418,0.8406135,-0.5918809,0.80546665,0.030007005
1356876369000,-0.66559243,-0.5031799,0.55117744,0.4662742,0.2962851,0.8335487,-0.5827306,0.81180364,0.03741473
1356876369040,-0.6629786,-0.4920822,0.5641937,0.4855869,0.290933,0.8243564,-0.5697937,0.82049567,0.046066225
1356876369080,-0.6609103,-0.4797181,0.5771206,0.5049673,0.28461707,0.8148627,-0.5551627,0.8299781,0.0541355
1356876369120,-0.66091514,-0.46798766,0.5866675,0.51986706,0.27828354,0.8076488,-0.54122955,0.83877635,0.059369624
1356876369160,-0.6649747,-0.45787504,0.59005004,0.52659,0.27281153,0.8051564,-0.52963346,0.84612304,0.059699655
1356876369200,-0.6744382,-0.44932416,0.58586764,0.5230464,0.26928616,0.8086454,-0.52110994,0.8518173,0.053400576
1356876369240,-0.689067,-0.44139114,0.57477,0.5089351,0.26989007,0.817401,-0.51591825,0.8557647,0.038667083
1356876369280,-0.707087,-0.43278646,0.55921715,0.48503846,0.2786184,0.8289206,-0.51455384,0.85736084,0.0129106045
1356876369338,-0.726144,-0.42278105,0.542191,0.4516927,0.30118793,0.8397973,-0.5183518,0.85471755,-0.02773869
1356876369359,-0.7441166,-0.41215438,0.5257559,0.40848482,0.3420245,0.846262,-0.528612,0.8444809,-0.08614731
1356876369400,-0.74932784,-0.3917155,0.5339165,0.3768355,0.41075343,0.8302269,-0.54452074,0.82331073,-0.16017663
1356876369440,-0.76911235,-0.39423177,0.50303835,0.3048177,0.46553093,0.8308833,-0.5617406,0.79237753,-0.23787683
1356876369480,-0.77893376,-0.39659318,0.48577356,0.24893376,0.51543665,0.81997377,-0.57558155,0.75963074,-0.3027656
1356876369520,-0.78290546,-0.40113854,0.4755491,0.21151441,0.54722464,0.80981904,-0.5850818,0.73459727,-0.34357858
1356876369560,-0.78238475,-0.4093972,0.4693272,0.19279787,0.55735123,0.8075819,-0.59220195,0.7223251,-0.3571322
1356876369600,-0.77821016,-0.42137426,0.46565294,0.19081692,0.54776824,0.8145789,-0.5983125,0.72276807,-0.34587348
1356876369640,-0.7714964,-0.43543229,0.46388793,0.2029272,0.52262735,0.8280588,-0.603004,0.73297983,-0.314844
1356876369680,-0.76324844,-0.45001662,0.46361288,0.22604257,0.4862188,0.8440948,-0.605274,0.7490503,-0.26938283
1356876369720,-0.754228,-0.4641015,0.46448886,0.25662792,0.44278157,0.85911965,-0.60438585,0.76717293,-0.21485686
1356876369760,-0.7451332,-0.47686613,0.466235,0.29103667,0.396505,0.87067866,-0.60006166,0.78446317,-0.15666348
1356876369802,-0.73665303,-0.4876139,0.46858832,0.32564315,0.3515151,0.8777207,-0.5927047,0.7991682,-0.100156546
1356876369840,-0.72927743,-0.4961378,0.4711706,0.35682577,0.31178802,0.88060415,-0.58380634,0.8103305,-0.050345182
1356876369880,-0.7229022,-0.50341827,0.47326797,0.38136917,0.28045636,0.8808529,-0.5761685,0.8172602,-0.010754406
1356876369920,-0.7167774,-0.511677,0.47372645,0.3971706,0.2588163,0.88049394,-0.5731366,0.8192684,0.017709374
1356876369960,-0.7103555,-0.5227404,0.4713147,0.40400252,0.24550587,0.8811974,-0.57634807,0.8163757,0.03679198
1356876370000,-0.7045631,-0.5355728,0.465567,0.40396863,0.23668844,0.8836221,-0.5834383,0.81064194,0.049592733
1356876370040,-0.70201576,-0.54591787,0.4573266,0.40084168,0.22789437,0.8873501,-0.5886424,0.80624926,0.05884117
1356876370080,-0.7052928,-0.549512,0.44788218,0.39769948,0.21630388,0.8916545,-0.5868535,0.80700004,0.06598312
1356876370121,-0.7149338,-0.54547155,0.43741325,0.39476258,0.20144129,0.8964284,-0.5770893,0.8135614,0.07131463
1356876370160,-0.7294148,-0.5361657,0.4248299,0.38975465,0.18463868,0.9022194,-0.56217915,0.8236716,0.074294865
1356876370200,-0.7465545,-0.5246651,0.4091245,0.38022688,0.16816312,0.9094771,-0.54597056,0.8345344,0.07394892
1356876370240,-0.76438975,-0.51307744,0.390461,0.36536458,0.15428156,0.91799015,-0.531241,0.8443629,0.069529116
1356876370280,-0.78143847,-0.5021891,0.37035105,0.34602886,0.14514238,0.9269291,-0.51924735,0.8524903,0.060352147
1356876370338,-0.7967591,-0.4922189,0.35056442,0.32323408,0.14301682,0.93544954,-0.51058257,0.8586424,0.04515195
1356876370361,-0.80974036,-0.48349044,0.33250186,0.29719934,0.15066713,0.9428531,-0.50595754,0.8622856,0.0216918
1356876370400,-0.8198485,-0.4768603,0.31694284,0.26634726,0.17238605,0.94833654,-0.5068606,0.8619091,-0.0143200755
1356876370440,-0.8267124,-0.47347495,0.30392116,0.2278454,0.21216363,0.95030165,-0.514425,0.8548732,-0.06751919
1356876370480,-0.8306637,-0.47336522,0.29312667,0.18054232,0.26902223,0.9460611,-0.52669,0.83878034,-0.13800454
1356876370520,-0.8328389,-0.4751588,0.28390762,0.12842214,0.33304656,0.9341241,-0.53841174,0.8144349,-0.21635318
1356876370560,-0.83422357,-0.47771704,0.27542222,0.08055873,0.38853133,0.91790724,-0.54551005,0.7879275,-0.28563768
1356876370598,-0.83455354,-0.48183125,0.26713115,0.044677243,0.424089,0.9045178,-0.5491124,0.7668032,-0.33239806
1356876370642,-0.8327449,-0.4893828,0.25892168,0.023209348,0.43638998,0.8994582,-0.5531702,0.75502867,-0.35204327
1356876370680,-0.82852525,-0.5006313,0.25082695,0.01518701,0.42768848,0.90379864,-0.55974567,0.75262934,-0.34674758
1356876370720,-0.82295424,-0.5135997,0.24282004,0.018735886,0.40265012,0.91516215,-0.56779855,0.7576861,-0.32173985
1356876370762,-0.8172665,-0.5262296,0.23485684,0.03169343,0.3658908,0.93011796,-0.5753876,0.7675977,-0.28235233
1356876370800,-0.8120325,-0.5377239,0.22683968,0.051219106,0.32152015,0.94551647,-0.58136034,0.7794087,-0.23354304
1356876370840,-0.8073137,-0.5481793,0.21850382,0.07390271,0.27343732,0.95904654,-0.58547664,0.7903995,-0.18023771
1356876370880,-0.8031919,-0.5577212,0.2093559,0.09639628,0.22512376,0.96954995,-0.5878695,0.7989158,-0.12705529
1356876370920,-0.8002245,-0.5658158,0.19872911,0.11573534,0.17944282,0.9769369,-0.5884268,0.80476874,-0.07810962
1356876370960,-0.7991595,-0.5716278,0.18597211,0.1294112,0.13851672,0.98186857,-0.5870236,0.8087365,-0.036721885
1356876371000,-0.7997608,-0.5755809,0.17055602,0.13572778,0.1033833,0.9853375,-0.5847741,0.81118345,-0.004559636
1356876371040,-0.80032086,-0.58007944,0.15163876,0.13381556,0.07371962,0.9882605,-0.5844484,0.81121707,0.018624306
1356876371081,-0.7991236,-0.5873906,0.12796016,0.12376879,0.047538936,0.9911717,-0.58828807,0.80790615,0.034711123
1356876371120,-0.79650694,-0.59656626,0.09841521,0.10654646,0.02173543,0.99407023,-0.5951678,0.8022695,0.04624957
1356876371160,-0.7951008,-0.6032133,0.06283656,0.08349332,-0.0062493086,0.99648875,-0.60070264,0.7975554,0.055333138
1356876371200,-0.79758376,-0.6027938,0.022352874,0.055813402,-0.036850095,0.99776095,-0.60062045,0.7970455,0.06303507
1356876371240,-0.80415577,-0.5940471,-0.02101788,0.024355948,-0.068258226,0.99737036,-0.59391963,0.80152917,0.06935871
1356876371280,-0.8124956,-0.5794463,-0.063975245,-0.009216279,-0.09695959,0.99524564,-0.58289444,0.8092223,0.07343888
1356876371335,-0.82039696,-0.56266963,-0.10174458,-0.04158196,-0.118759215,0.99205214,-0.5702806,0.8181072,0.074032664
1356876371360,-0.82681173,-0.5473825,-0.1294404,-0.06853916,-0.13036543,0.9890942,-0.5582874,0.8266664,0.07027054
1356876371400,-0.832059,-0.5358481,-0.14333394,-0.0865695,-0.1297903,0.9877551,-0.54789007,0.8342789,0.061605096
1356876371441,-0.83664703,-0.5287908,-0.14283568,-0.095357284,-0.11617589,0.98864055,-0.5393781,0.84076357,0.04677415
1356876371480,-0.840093,-0.5264578,-0.13071269,-0.09848556,-0.08893341,0.9911566,-0.5334269,0.84553707,0.022863925
1356876371520,-0.8404895,-0.53005373,-0.11234081,-0.103383556,-0.04664266,0.9935473,-0.53187335,0.8466803,-0.015596151
1356876371561,-0.83549094,-0.5415333,-0.09325531,-0.11816801,0.011324167,0.99292904,-0.53664804,0.84060305,-0.07345307
1356876371600,-0.8232783,-0.5622429,-0.078075126,-0.14949888,0.08207822,0.9853493,-0.5475974,0.82288885,-0.1516279
1356876371640,-0.8049726,-0.5893079,-0.0688131,-0.19563723,0.15414369,0.96848637,-0.5601296,0.7930674,-0.23937196
1356876371680,-0.78441936,-0.61671597,-0.065936804,-0.24646376,0.21238548,0.945594,-0.5691589,0.7579933,-0.31859744
1356876371720,-0.76666486,-0.63830173,-0.06925133,-0.28854713,0.24618846,0.9252739,-0.5735551,0.72935724,-0.37292415
1356876371760,-0.7541678,-0.65197945,-0.07844578,-0.31437725,0.25358295,0.91480196,-0.5765395,0.71457577,-0.39621162
1356876371800,-0.7465475,-0.6587579,-0.093299106,-0.32360452,0.23699331,0.9160318,-0.58133197,0.71405333,-0.39010376
1356876371840,-0.74304956,-0.6595337,-0.11354616,-0.31947917,0.20048869,0.9261411,-0.58805656,0.7244443,-0.35968035
1356876371880,-0.7433403,-0.65431696,-0.13897632,-0.30673093,0.1487881,0.9400948,-0.59444195,0.74143875,-0.31129938
1356876371920,-0.7466942,-0.64321196,-0.16948783,-0.29072696,0.08640981,0.95289624,-0.59826887,0.7607968,-0.25152075
1356876371960,-0.75160676,-0.62694347,-0.20501038,-0.2768239,0.017700851,0.9607576,-0.59871185,0.77886367,-0.18685699
1356876372000,-0.7563651,-0.6064409,-0.24523686,-0.2694112,-0.052833438,0.96157485,-0.596095,0.79337126,-0.12342054
1356876372040,-0.75934565,-0.5826594,-0.2896586,-0.27176607,-0.120480776,0.9547919,-0.5912168,0.80373645,-0.06686044
1356876372080,-0.7584914,-0.5573782,-0.337669,-0.2856186,-0.18140823,0.94101703,-0.5857583,0.81019783,-0.021601021
1356876372120,-0.75105184,-0.5338574,-0.38848066,-0.30977714,-0.23467773,0.9213926,-0.5830601,0.8123562,0.010878444
1356876372160,-0.73481077,-0.5148224,-0.4416007,-0.3408563,-0.28260148,0.8966345,-0.58640456,0.80937904,0.032178104
1356876372200,-0.7106342,-0.49941275,-0.49556634,-0.37485096,-0.3273123,0.86738306,-0.59538716,0.80215555,0.045393944
1356876372240,-0.6833648,-0.48209444,-0.5482675,-0.4099268,-0.3680508,0.83456486,-0.60412943,0.7950619,0.053889573
1356876372280,-0.6588429,-0.45839825,-0.5964873,-0.4455025,-0.4011674,0.8003701,-0.6061795,0.7930547,0.060088754
1356876372337,-0.6399595,-0.42783004,-0.6382893,-0.48164827,-0.42388678,0.7670299,-0.59872085,0.7982991,0.065206826
1356876372360,-0.6265221,-0.39465585,-0.6720989,-0.5164543,-0.43562317,0.7372296,-0.5837338,0.80899894,0.069105804
1356876372400,-0.61754984,-0.36488053,-0.69677424,-0.54677707,-0.43764883,0.71379155,-0.56539106,0.82178205,0.07076168
1356876372440,-0.6128911,-0.3434388,-0.71162784,-0.56977725,-0.4318933,0.6991581,-0.5474653,0.8339771,0.06901997
1356876372480,-0.6132116,-0.33309764,-0.7162523,-0.58362734,-0.41997862,0.6949798,-0.5323069,0.8441942,0.063130915
1356876372520,-0.61814815,-0.33479255,-0.7112011,-0.58881164,-0.40219212,0.7011009,-0.5207628,0.85214764,0.051484525
1356876372560,-0.6257727,-0.34942126,-0.69736165,-0.58725524,-0.377362,0.71605116,-0.5133613,0.8576146,0.030943394
1356876372600,-0.6306679,-0.37821665,-0.6776505,-0.58391345,-0.34390545,0.7353735,-0.5111782,0.8594657,-0.003955722
1356876372639,-0.62507117,-0.4230774,-0.6559661,-0.5860234,-0.3007658,0.75240713,-0.5156186,0.85471946,-0.059933245
1356876372679,-0.6037206,-0.48226604,-0.6347763,-0.59944266,-0.25029653,0.7602764,-0.5255378,0.83950645,-0.13798165
1356876372715,-0.5693018,-0.5459135,-0.6147145,-0.6234072,-0.20079637,0.7556748,-0.53596556,0.8134244,-0.22601265
1356876372745,-0.53487813,-0.5989882,-0.5959182,-0.6480739,-0.16169077,0.74421525,-0.5421306,0.7842635,-0.30170375
1356876372787,-0.5088966,-0.63589454,-0.5802262,-0.6656271,-0.13673389,0.7336514,-0.5458615,0.759567,-0.35368526
1356876372829,-0.4992323,-0.6540661,-0.5682998,-0.6689888,-0.1258601,0.7325388,-0.5506551,0.74589324,-0.3747295
1356876372868,-0.5054367,-0.6560394,-0.56048733,-0.65773267,-0.12751144,0.7423803,-0.5584993,0.7438771,-0.36704957
1356876372908,-0.5241012,-0.6449218,-0.55623186,-0.6346154,-0.13982278,0.7600742,-0.5679623,0.75134915,-0.33599603
1356876372948,-0.550305,-0.6239921,-0.5547958,-0.60431993,-0.16084713,0.78033686,-0.5761613,0.76469743,-0.28857583
1356876372989,-0.5795145,-0.59618026,-0.55563664,-0.5713884,-0.1889131,0.79864085,-0.58110094,0.78030825,-0.23117256
1356876373028,-0.6075212,-0.5644209,-0.5588802,-0.5403119,-0.22208911,0.8116277,-0.5822208,0.7950507,-0.17003947
1356876373069,-0.6311959,-0.53132135,-0.56505704,-0.5149403,-0.25773704,0.8175623,-0.58002436,0.8070126,-0.11091626
1356876373109,-0.64866835,-0.49857625,-0.5750227,-0.4981024,-0.2931404,0.8160654,-0.57543325,0.81577593,-0.05819112
1356876373148,-0.6579587,-0.4683072,-0.58972764,-0.49136525,-0.3264559,0.8074569,-0.57065797,0.821045,-0.0153154135
1356876373188,-0.6583556,-0.44163302,-0.6095311,-0.49409965,-0.357329,0.792579,-0.5678322,0.82296795,0.017038822
1356876373228,-0.64851505,-0.41911444,-0.63543016,-0.5050089,-0.38771135,0.77113307,-0.5695564,0.82098913,0.03978002
1356876373268,-0.62914246,-0.3997336,-0.66662776,-0.52155304,-0.41880888,0.74335814,-0.57633495,0.81536007,0.055008292
1356876373340,-0.60358965,-0.3807231,-0.7005208,-0.54126704,-0.44945782,0.71064585,-0.5854139,0.8081073,0.06521529
1356876373353,-0.5770702,-0.35931063,-0.7334071,-0.5629137,-0.4756354,0.67594314,-0.5917079,0.8029115,0.07221407
1356876373387,-0.55377084,-0.33476368,-0.7624114,-0.5863012,-0.49340123,0.6424999,-0.5912604,0.8028004,0.076958895
1356876373429,-0.5375627,-0.30969992,-0.78429085,-0.6097357,-0.4997,0.6152415,-0.58245045,0.8089411,0.07978505
1356876373468,-0.5296998,-0.28836662,-0.7976608,-0.630205,-0.49561322,0.5976698,-0.5676793,0.81927544,0.08079615
1356876373508,-0.5317434,-0.27559385,-0.8008103,-0.6434934,-0.48327535,0.59360015,-0.5506044,0.8309591,0.07963559
1356876373548,-0.5462314,-0.2757051,-0.7909602,-0.6450987,-0.46386302,0.60718924,-0.53430235,0.84191316,0.07551956
1356876373588,-0.5758188,-0.29165316,-0.76378727,-0.6305736,-0.43620247,0.6419535,-0.5203937,0.851273,0.067264855
1356876373628,-0.621247,-0.32462144,-0.71321315,-0.5952974,-0.3963611,0.6989411,-0.50958127,0.8587891,0.052991927
1356876373668,-0.6773191,-0.37258473,-0.6343655,-0.5372734,-0.33853292,0.77248484,-0.5025696,0.8640464,0.029114902
1356876373708,-0.7321335,-0.42962793,-0.5285833,-0.4617637,-0.25743496,0.84882355,-0.5007541,0.86553276,-0.009909868
1356876373748,-0.772269,-0.48727784,-0.40762848,-0.3844172,-0.15241492,0.91049063,-0.50579053,0.859843,-0.06961274
1356876373788,-0.7931975,-0.53720397,-0.28679177,-0.3216356,-0.03032881,0.9463777,-0.51709586,0.8429069,-0.14872712
1356876373828,-0.801313,-0.5717957,-0.17591819,-0.2770209,0.094016254,0.9562533,-0.5302423,0.81499124,-0.2337358
1356876373868,-0.806482,-0.5861187,-0.077791914,-0.23969479,0.20383018,0.94921,-0.54049337,0.7841671,-0.30487502
1356876373908,-0.81284857,-0.58244246,0.00616917,-0.19872524,0.28726292,0.93701035,-0.5475267,0.7604216,-0.34924722
1356876373948,-0.818571,-0.5695256,0.07471466,-0.15143332,0.33944184,0.9283573,-0.5540845,0.748612,-0.36410242
1356876373989,-0.8213777,-0.5555842,0.12909305,-0.09945169,0.36235774,0.926718,-0.5616477,0.7483469,-0.35288638
1356876374029,-0.82087094,-0.54442114,0.1725591,-0.04357457,0.36096728,0.9315599,-0.5694491,0.7571713,-0.3200305
1356876374068,-0.8174532,-0.53684986,0.20871627,0.01383698,0.34395033,0.93888587,-0.5758288,0.7703833,-0.27373493
1356876374108,-0.811386,-0.53337944,0.23907976,0.071507365,0.31537366,0.9462696,-0.58012015,0.7848858,-0.21774924
1356876374148,-0.80306363,-0.53343284,0.2655905,0.12752965,0.2815225,0.95104223,-0.5820868,0.7976181,-0.15805197
1356876374188,-0.79317427,-0.53592056,0.289247,0.17956321,0.24803632,0.95196384,-0.58192074,0.8070113,-0.10050446
1356876374229,-0.7825291,-0.5394714,0.31083563,0.22558632,0.2196557,0.94913757,-0.5803094,0.8128481,-0.050189555
1356876374268,-0.7714942,-0.5435219,0.33072743,0.26412725,0.19930261,0.94367117,-0.5788207,0.815391,-0.010201812
1356876374337,-0.7596388,-0.5490174,0.34860978,0.2944267,0.18763506,0.9370731,-0.5798809,0.8144771,0.01911056
1356876374351,-0.74644923,-0.5571455,0.3638717,0.31679684,0.18334174,0.93060493,-0.58519524,0.8099227,0.039646506
1356876374391,-0.7330162,-0.5660837,0.3771425,0.3337948,0.18374556,0.924564,-0.5926789,0.80360866,0.054267287
1356876374431,-0.72162694,-0.57156765,0.3905957,0.34933248,0.1864689,0.9182571,-0.59768,0.7990868,0.06510615
1356876374470,-0.71399206,-0.56936765,0.40747485,0.36761016,0.19045818,0.91026837,-0.59588426,0.7997163,0.07331973
1356876374510,-0.7097621,-0.55842906,0.42941207,0.39041474,0.19556564,0.8996279,-0.5863566,0.8061706,0.07921392
1356876374550,-0.7075337,-0.54067105,0.45505047,0.4161299,0.20168829,0.8866554,-0.57116723,0.8166986,0.082288146
1356876374590,-0.706573,-0.5198838,0.48007843,0.44022858,0.20822161,0.87340856,-0.55403364,0.8284712,0.081744015
1356876374630,-0.7079542,-0.49908903,0.49971092,0.45802912,0.21412659,0.8627625,-0.5375967,0.83967847,0.077005446
1356876374670,-0.71353054,-0.4798609,0.5104975,0.46612668,0.21884489,0.8572239,-0.523068,0.84961194,0.06752348
1356876374710,-0.72451067,-0.46259987,0.5109654,0.46259987,0.22320533,0.85800976,-0.5109654,0.85800976,0.052284002
1356876374750,-0.7405722,-0.44684616,0.50187784,0.44636485,0.23116744,0.86447674,-0.5023059,0.86422807,0.028260231
1356876374790,-0.7602406,-0.43142682,0.48570052,0.41711664,0.24901044,0.8740752,-0.49804398,0.8671013,-0.009352505
1356876374830,-0.78122824,-0.4167385,0.4647703,0.37318808,0.2850501,0.88288,-0.5004129,0.86317754,-0.0671674
1356876374870,-0.8015061,-0.4039352,0.44093585,0.3149696,0.34162223,0.8854877,-0.5083131,0.84860516,-0.14658505
1356876374910,-0.8190116,-0.39523047,0.41594797,0.24817531,0.4095981,0.87786007,-0.5173286,0.82220566,-0.23737913
1356876374950,-0.8321448,-0.39289185,0.39137068,0.18362728,0.47070605,0.8629698,-0.52327436,0.78998214,-0.31954992
1356876374990,-0.83995277,-0.39835033,0.36850548,0.13136795,0.50961083,0.8503171,-0.5265185,0.76263607,-0.3757186
1356876375030,-0.84202194,-0.41166645,0.34861124,0.09589453,0.5217222,0.84770876,-0.5308515,0.74721926,-0.39982498
1356876375070,-0.8390369,-0.43087512,0.33221027,0.07747443,0.5097568,0.856823,-0.5385302,0.744644,-0.39432293
1356876375110,-0.83284855,-0.45195615,0.3195293,0.074868456,0.4799956,0.87407035,-0.5484141,0.75189084,-0.36592638
1356876375150,-0.8251387,-0.47202483,0.3103848,0.08636311,0.43756592,0.8950293,-0.5582899,0.7653291,-0.320287
1356876375190,-0.8170244,-0.4897619,0.3043098,0.108668864,0.38751656,0.91543543,-0.5662705,0.78100204,-0.26338863
1356876375230,-0.80904454,-0.5050262,0.3006584,0.13792346,0.334126,0.9323824,-0.5713354,0.7958067,-0.20066792
1356876375270,-0.8016992,-0.5176545,0.2988514,0.16966186,0.2823413,0.9441919,-0.57314324,0.8076616,-0.13852656
1356876375337,-0.79542375,-0.52749306,0.29841623,0.20030896,0.23590082,0.95090866,-0.5719943,0.81615067,-0.08197957
1356876375351,-0.79017586,-0.5348955,0.2991804,0.22713877,0.19780928,0.9535614,-0.56923634,0.82143676,-0.034808636
1356876375390,-0.78474575,-0.5419446,0.30078253,0.2481879,0.1699242,0.9536921,-0.5679585,0.82305634,0.001156807
1356876375430,-0.7773669,-0.5517809,0.30205768,0.2625637,0.1517365,0.95290947,-0.57163036,0.82006955,0.026922584
1356876375470,-0.7677546,-0.5651572,0.30191082,0.2709999,0.14055693,0.952262,-0.5806133,0.81292135,0.045244396
1356876375510,-0.7585051,-0.57792795,0.3011133,0.27649558,0.13300341,0.9517669,-0.5901018,0.80517656,0.058910787
1356876375550,-0.75324345,-0.58367306,0.30323237,0.2837788,0.12751889,0.95037276,-0.5933749,0.8019131,0.06958139
1356876375589,-0.75308096,-0.57876045,0.31289837,0.29716778,0.12508965,0.94659597,-0.5869926,0.80584675,0.07778633
1356876375628,-0.7557615,-0.56369114,0.33328176,0.3189943,0.12757295,0.9391314,-0.5718978,0.8160744,0.083399594
1356876375668,-0.7572243,-0.5419115,0.36461386,0.34893528,0.13626403,0.9271873,-0.55213726,0.8293154,0.085909545
1356876375708,-0.754587,-0.51686364,0.40428984,0.3845074,0.15098512,0.9106906,-0.53174466,0.84264785,0.0848065
1356876375748,-0.747825,-0.4905358,0.44736165,0.4213677,0.17002696,0.8908087,-0.5130371,0.8546728,0.07954544
1356876375788,-0.7398483,-0.4638158,0.487339,0.453542,0.19117701,0.87048894,-0.49691454,0.8650585,0.06891805
1356876375828,-0.73508877,-0.43692744,0.51840025,0.47471213,0.214203,0.8536776,-0.48403805,0.87361974,0.04995662
1356876375869,-0.73699373,-0.40939984,0.5378029,0.47990105,0.24335188,0.8428967,-0.4759571,0.8793018,0.017122626
1356876375908,-0.74644834,-0.38034064,0.5460366,0.46636057,0.28633106,0.8369722,-0.47468174,0.8794064,-0.036355555
1356876375948,-0.7619556,-0.3492475,0.54538965,0.43479905,0.3482567,0.83046204,-0.47997236,0.86991006,-0.113503695
1356876375988,-0.78059864,-0.3180239,0.5380767,0.39086,0.42341328,0.81728184,-0.487744,0.84828174,-0.206213
1356876376028,-0.79876244,-0.2928152,0.5255834,0.34400737,0.4944113,0.79825836,-0.49359655,0.81842333,-0.29418665
1356876376068,-0.8130598,-0.28169477,0.50949174,0.30179304,0.544441,0.782627,-0.49785012,0.79008365,-0.35764956
1356876376108,-0.82135165,-0.28944367,0.4915321,0.26676482,0.5667542,0.7795038,-0.50420034,0.7713702,-0.38829112
1356876376148,-0.82306105,-0.31403035,0.47323936,0.2400591,0.5627952,0.7909698,-0.5147253,0.7646218,-0.38782895
1356876376188,-0.8191706,-0.34818113,0.45577347,0.22387713,0.5375061,0.81299824,-0.5280517,0.7680215,-0.3623594
1356876376228,-0.81150496,-0.38450944,0.4400139,0.21985012,0.4967735,0.83957255,-0.5414108,0.77805436,-0.31859976
1356876376268,-0.80175877,-0.41873515,0.42643142,0.22727716,0.44628584,0.8655484,-0.5527458,0.79087913,-0.26264465
1356876376338,-0.7901288,-0.45169243,0.4143313,0.24603608,0.385401,0.88934374,-0.56139356,0.8046366,-0.19338381
1356876376352,-0.7794032,-0.47683617,0.4063962,0.2682629,0.33219385,0.9042579,-0.5661852,0.8138025,-0.13099551
1356876376390,-0.77033615,-0.49632597,0.4003032,0.29011548,0.28623122,0.91318375,-0.56781614,0.81959265,-0.07650238
1356876376430,-0.7629198,-0.50968343,0.39771372,0.31079125,0.25028813,0.91693217,-0.5668882,0.82315165,-0.032544613
1356876376470,-0.75656325,-0.5183733,0.39862412,0.32878393,0.22539371,0.9171144,-0.565255,0.82491624,-9.179115E-5
1356876376510,-0.74982816,-0.52621925,0.40106222,0.34226757,0.2102567,0.9157756,-0.5662248,0.823945,0.02245146
1356876376550,-0.7420115,-0.53627986,0.40227222,0.35021067,0.20158643,0.91472155,-0.57163936,0.8196139,0.038231492
1356876376590,-0.73421687,-0.5468312,0.4023695,0.3548477,0.19617581,0.9141106,-0.5787993,0.81393534,0.05000621
1356876376630,-0.7278455,-0.5522737,0.40649083,0.36232966,0.19354713,0.91173285,-0.58220124,0.8108843,0.059232652
1356876376670,-0.7220108,-0.5478301,0.42259043,0.38005894,0.19634783,0.903882,-0.57814854,0.8132218,0.06644243
1356876376710,-0.71290684,-0.5323324,0.45649317,0.41268057,0.20783496,0.88684803,-0.5669732,0.82062584,0.071516275
1356876376750,-0.6964201,-0.50756556,0.5073227,0.45886233,0.2285921,0.8585983,-0.5517649,0.83073634,0.07370657
1356876376790,-0.6726843,-0.47701448,0.56564397,0.5101952,0.25465268,0.82149434,-0.53590745,0.8411951,0.072069585
1356876376830,-0.64864236,-0.44563794,0.6169846,0.55422497,0.27903318,0.7842036,-0.52163005,0.8506159,0.065990865
1356876376870,-0.6338742,-0.41805595,0.65071696,0.581562,0.2970292,0.7573369,-0.5098912,0.8584886,0.054846346
1356876376910,-0.6332519,-0.39542305,0.6653064,0.5898296,0.30999547,0.7456566,-0.5010918,0.8646059,0.036927044
1356876376950,-0.64557695,-0.37522185,0.6651608,0.5806901,0.3245123,0.74665296,-0.4960134,0.86827433,0.008390009
1356876376990,-0.6672339,-0.3539838,0.65535814,0.5553372,0.3499391,0.7544158,-0.49638638,0.86731654,-0.036910832
1356876377030,-0.6947358,-0.33087066,0.63864434,0.51397896,0.39276075,0.7626038,-0.5031576,0.85805804,-0.10280436
1356876377071,-0.72426105,-0.3071565,0.6173336,0.45882845,0.45362407,0.7640037,-0.5147061,0.8365883,-0.18761009
1356876377110,-0.7522227,-0.28970695,0.59180295,0.3978328,0.5162797,0.758409,-0.5252522,0.8059312,-0.27310234
1356876377150,-0.7743701,-0.28371924,0.5655566,0.3418402,0.5645633,0.7512746,-0.5324436,0.7750946,-0.34019428
1356876377190,-0.7885188,-0.2933473,0.54054195,0.29683226,0.5882408,0.7522389,-0.538636,0.7536048,-0.376764
1356876377230,-0.79381895,-0.31766677,0.51859367,0.26530558,0.58642375,0.7653236,-0.54723346,0.74511415,-0.38123548
1356876377270,-0.791847,-0.35010573,0.5004041,0.2482579,0.56408906,0.78750974,-0.5579841,0.7478165,-0.35975575
1356876377338,-0.785046,-0.3841024,0.48597142,0.24617118,0.5264658,0.8137773,-0.5684212,0.7584847,-0.3187449
1356876377351,-0.7757279,-0.41552365,0.47495916,0.25760674,0.47856367,0.8394138,-0.5760945,0.77350944,-0.26419348
1356876377390,-0.7658091,-0.44189438,0.46718928,0.2782642,0.42725295,0.8602465,-0.57974607,0.7887866,-0.20423079
1356876377430,-0.75630105,-0.46276382,0.46244812,0.30418947,0.3770694,0.87480706,-0.5792041,0.8022894,-0.14441007
1356876377470,-0.7478711,-0.4779132,0.460747,0.33177656,0.33207566,0.88297796,-0.5749897,0.8132187,-0.08978939
1356876377510,-0.740475,-0.48808485,0.46202818,0.35781872,0.29562557,0.8857603,-0.5689136,0.8212056,-0.044257462
1356876377550,-0.73280984,-0.4960446,0.46575674,0.37970522,0.26989305,0.8848625,-0.56463575,0.8252862,-0.009429514
1356876377590,-0.72307044,-0.5055752,0.47070453,0.39586446,0.2551452,0.8821521,-0.5660922,0.82419336,0.015651405
1356876377630,-0.7110922,-0.5181223,0.4752864,0.40635023,0.24881005,0.8791889,-0.5737834,0.81831706,0.03361231
1356876377670,-0.6995259,-0.5305648,0.4787113,0.41334644,0.24604177,0.87670296,-0.58293074,0.81115,0.04719442
1356876377710,-0.69225925,-0.537666,0.4813443,0.4200223,0.24219316,0.87459916,-0.58682054,0.80762476,0.058171272
1356876377783,-0.69348824,-0.5328231,0.48494694,0.4305271,0.23323113,0.87192297,-0.5776854,0.8134512,0.06765181
1356876377790,-0.7007143,-0.52635485,0.481612,0.4347104,0.22027588,0.87321556,-0.56570876,0.8212364,0.0744614
1356876377830,-0.7127118,-0.5133464,0.4780349,0.43816018,0.2063784,0.8748849,-0.5477751,0.83299667,0.07783955
1356876377870,-0.73032457,-0.49914122,0.4663518,0.43282062,0.1900447,0.88122034,-0.52848107,0.8454236,0.07724428
1356876377910,-0.75153667,-0.485754,0.44635814,0.41747564,0.17369533,0.8919327,-0.5107902,0.8566638,0.072252095
1356876377950,-0.774202,-0.47367862,0.4198094,0.3930783,0.16003174,0.90547186,-0.49608546,0.866036,0.062295854
1356876377990,-0.7961472,-0.46241605,0.3902832,0.36188787,0.153059,0.9195706,-0.4849606,0.87335235,0.045485258
1356876378030,-0.8157752,-0.45188868,0.36098102,0.32486993,0.15835822,0.93240666,-0.47850832,0.8779062,0.017620385
1356876378070,-0.83207023,-0.44314685,0.3335865,0.28056177,0.18255103,0.9423164,-0.4784811,0.87766504,-0.02756524
1356876378110,-0.8445062,-0.4376698,0.30863336,0.22659077,0.23016167,0.9464049,-0.48524842,0.86917824,-0.095201075
1356876378150,-0.85316724,-0.43608752,0.28623998,0.16361067,0.2973358,0.94065034,-0.49531525,0.8493639,-0.18232858
1356876378190,-0.8585388,-0.4381299,0.2663706,0.09855306,0.36880785,0.92426616,-0.50318825,0.81977004,-0.2734568
1356876378230,-0.8608786,-0.4438324,0.24879903,0.041997835,0.42532963,0.9040635,-0.5070743,0.78873795,-0.3475172
1356876378270,-0.8599183,-0.4540251,0.23324178,9.2087686E-4,0.45556933,0.89019984,-0.5104309,0.7657139,-0.3913343
1356876378338,-0.85555863,-0.46895963,0.21930838,-0.023331761,0.4581129,0.8885878,-0.5171798,0.7551221,-0.40288407
1356876378351,-0.8486099,-0.48711282,0.20635504,-0.03156221,0.43599504,0.89939547,-0.5280768,0.7567228,-0.38536412
1356876378390,-0.8411626,-0.5050592,0.19328909,-0.028211758,0.39792162,0.9169855,-0.54004586,0.76588094,-0.3489654
1356876378430,-0.8342961,-0.521191,0.17974973,-0.015502214,0.34808552,0.93733466,-0.55109864,0.7792281,-0.298486
1356876378470,-0.8285186,-0.53520197,0.16466868,0.002377987,0.29070592,0.9568095,-0.5599565,0.7931261,-0.23958254
1356876378510,-0.8240239,-0.5470866,0.14724468,0.02093327,0.23031712,0.9728905,-0.56616825,0.80476725,-0.17833453
1356876378550,-0.8208945,-0.55680835,0.126873,0.03613618,0.17107248,0.98459554,-0.5699355,0.81283367,-0.1203115
1356876378590,-0.81902945,-0.5644264,0.10302207,0.044879943,0.115983725,0.9922366,-0.57199347,0.8172947,-0.06966269
1356876378630,-0.8178784,-0.5704881,0.07495411,0.04487905,0.06662071,0.99676853,-0.57363814,0.8185994,-0.028884709
1356876378670,-0.81635517,-0.5760304,0.041870236,0.03506711,0.02292633,0.99912196,-0.57648456,0.81710666,0.0014837384
1356876378710,-0.81338835,-0.58171475,0.0027147233,0.015355885,-0.016806006,0.9997409,-0.5815184,0.81321925,0.022602558
1356876378750,-0.8088597,-0.586404,-0.043316305,-0.0133674145,-0.055309534,0.99837977,-0.58784974,0.8081282,0.03689897
1356876378790,-0.8043166,-0.58635044,-0.096269816,-0.049797297,-0.09493005,0.9942376,-0.59211063,0.80447584,0.0471552
1356876378830,-0.8018478,-0.57730645,-0.1541338,-0.09220447,-0.13531715,0.98650265,-0.5903713,0.80523694,0.055273592
1356876378870,-0.8018942,-0.5576167,-0.21454431,-0.13955894,-0.17433947,0.9747456,-0.580938,0.8115844,0.0619815
1356876378910,-0.80267316,-0.5296829,-0.27413872,-0.18988395,-0.2087689,0.95935386,-0.56538486,0.822102,0.066994786
1356876378950,-0.80173045,-0.49883223,-0.32923365,-0.23998433,-0.23582268,0.9416981,-0.5473901,0.8339989,0.069354236
1356876378990,-0.79837966,-0.47061077,-0.37565333,-0.2854161,-0.2535609,0.92425346,-0.53021467,0.8451227,0.068117976
1356876379030,-0.7941336,-0.44917864,-0.40937823,-0.32161486,-0.26094806,0.9102033,-0.5156703,0.8544851,0.06276506
1356876379070,-0.79154694,-0.43699652,-0.42718554,-0.34530354,-0.2569152,0.9026406,-0.50420123,0.86199105,0.05246401
1356876379110,-0.7923104,-0.43542105,-0.42737916,-0.35546327,-0.23988312,0.90338373,-0.49587324,0.8676778,0.035285592
1356876379150,-0.79486185,-0.44583467,-0.41161406,-0.35550103,-0.20757508,0.9113351,-0.4917456,0.87071466,0.006498754
1356876379190,-0.7952058,-0.47020558,-0.38282448,-0.35138568,-0.15716898,0.9229442,-0.49414164,0.86844957,-0.040241897
1356876379230,-0.7887008,-0.50848496,-0.34553438,-0.35154283,-0.08807093,0.9320199,-0.50434965,0.85655504,-0.10929257
1356876379270,-0.7741171,-0.5550618,-0.30438298,-0.3621739,-0.0060310364,0.932091,-0.5192039,0.8317872,-0.19636011
1356876379338,-0.7559915,-0.59906715,-0.26380914,-0.3811416,0.075203896,0.9214529,-0.5321727,0.7971592,-0.2851829
1356876379351,-0.742074,-0.63045704,-0.22770612,-0.39765203,0.1405729,0.906704,-0.53962857,0.7633893,-0.35501802
1356876379390,-0.7367507,-0.6463478,-0.19857696,-0.40182084,0.18231958,0.8973848,-0.54381824,0.74094135,-0.39404005
1356876379430,-0.7391406,-0.6498101,-0.17725089,-0.3906077,0.19914812,0.8987578,-0.54872274,0.733544,-0.40101928
1356876379470,-0.7467257,-0.6448283,-0.16308635,-0.36581397,0.19337332,0.9103774,-0.55550057,0.7394614,-0.38028407
1356876379510,-0.757431,-0.6341815,-0.15528096,-0.33164984,0.16883892,0.9281712,-0.56241155,0.7545245,-0.33821
1356876379550,-0.76944524,-0.62002695,-0.15336381,-0.29321906,0.12958539,0.9472223,-0.5674297,0.77380496,-0.28151256
1356876379590,-0.7808609,-0.60457635,-0.1573017,-0.25591174,0.0798704,0.963395,-0.56988204,0.7925328,-0.2170859
1356876379630,-0.7900516,-0.58974326,-0.16739562,-0.22486454,0.024754226,0.97407556,-0.5703107,0.8072113,-0.1521694
1356876379670,-0.7961014,-0.5764711,-0.18412955,-0.20412335,-0.030637383,0.9784657,-0.5696984,0.816543,-0.09328073
1356876379710,-0.7986994,-0.56462127,-0.2080433,-0.19607745,-0.08266026,0.97709817,-0.56888735,0.8212003,-0.04468876
1356876379750,-0.7973954,-0.55382544,-0.239662,-0.20153396,-0.1299457,0.97082347,-0.5688098,0.8224302,-0.007996559
1356876379790,-0.7909439,-0.54442245,-0.2793061,-0.21974641,-0.17328292,0.960044,-0.57106847,0.8207176,0.0174222
1356876379830,-0.7780542,-0.53638613,-0.3269885,-0.24864374,-0.21506047,0.94441795,-0.576895,0.81611204,0.033959687
1356876379870,-0.75902325,-0.52776283,-0.3812483,-0.28511834,-0.25699425,0.9233968,-0.5853131,0.80958045,0.0445897
1356876379910,-0.7361629,-0.5133864,-0.44101992,-0.3279302,-0.29945636,0.8959842,-0.59205234,0.8042141,0.052093744
1356876379950,-0.71212804,-0.48834208,-0.5043765,-0.37683252,-0.34028208,0.8615134,-0.5923435,0.80357337,0.05830121
1356876379990,-0.68783957,-0.45185614,-0.5680692,-0.4306919,-0.37589347,0.82049286,-0.58427835,0.8090303,0.063943684
1356876380030,-0.6630862,-0.40847048,-0.6272707,-0.48571202,-0.4028324,0.77576405,-0.5695617,0.81907135,0.068713546
1356876380070,-0.63881534,-0.36622566,-0.6766047,-0.53596276,-0.41909635,0.7328726,-0.5519592,0.83080506,0.07144183
1356876380110,-0.6184648,-0.33342457,-0.7115682,-0.5752923,-0.42472225,0.6990348,-0.53529423,0.84168816,0.07085925
1356876380150,-0.6067378,-0.31552988,-0.72959596,-0.5998387,-0.42052877,0.6806976,-0.5215965,0.85064477,0.06588358
1356876380190,-0.60731816,-0.31552133,-0.72911656,-0.60775614,-0.40655208,0.68216413,-0.5116612,0.85741574,0.055146456
1356876380230,-0.6210095,-0.33417335,-0.708996,-0.59886515,-0.38128692,0.70425904,-0.5056755,0.86194456,0.03665805
1356876380270,-0.643001,-0.37093586,-0.6700419,-0.57624555,-0.34195733,0.74229795,-0.5044707,0.8634071,0.0061288476
1356876380338,-0.6659701,-0.42423856,-0.6136004,-0.54484385,-0.2852155,0.7885412,-0.50953794,0.8594613,-0.04119873
1356876380352,-0.6784702,-0.49149492,-0.54599535,-0.5162076,-0.20984912,0.83035725,-0.52269304,0.84521955,-0.111337006
1356876380390,-0.6784073,-0.56128407,-0.47405025,-0.49787736,-0.123256445,0.8584439,-0.5402607,0.8183935,-0.19583261
1356876380430,-0.66622895,-0.6230048,-0.40988287,-0.49499285,-0.041665435,0.8678975,-0.5577823,0.78110754,-0.2806242
1356876380469,-0.6529531,-0.6678264,-0.3572957,-0.49722266,0.022110283,0.8673412,-0.57133347,0.7439886,-0.3464954
1356876380509,-0.6478455,-0.692739,-0.31687346,-0.49246144,0.063498795,0.8680148,-0.58118665,0.7183875,-0.38228458
1356876380550,-0.6537988,-0.7002858,-0.28661266,-0.4745879,0.08449596,0.87614304,-0.58933294,0.70884424,-0.38759047
1356876380575,-0.66450053,-0.698795,-0.26481056,-0.45099097,0.0924508,0.8877275,-0.59585756,0.7093226,-0.3765838
1356876380605,-0.6801839,-0.68978953,-0.24807331,-0.4205619,0.09003085,0.9027858,-0.60039794,0.71839046,-0.35133678
1356876380646,-0.704987,-0.6696366,-0.23362404,-0.37559524,0.07309216,0.923897,-0.60159916,0.7390835,-0.30304134
1356876380689,-0.73134387,-0.6440098,-0.22447136,-0.32608742,0.041119277,0.9444449,-0.59900177,0.76391125,-0.24007577
1356876380728,-0.7544203,-0.6177925,-0.22177123,-0.28060782,-0.0018847585,0.9598206,-0.59338796,0.7863389,-0.1719355
1356876380768,-0.7723751,-0.5932725,-0.22685757,-0.245218,-0.050949454,0.9681282,-0.5859221,0.80338776,-0.10612893
1356876380808,-0.7845328,-0.5709097,-0.24201316,-0.22503716,-0.10154396,0.9690444,-0.57781184,0.8147091,-0.048811257
1356876380848,-0.79013264,-0.550282,-0.2699631,-0.2236869,-0.1511867,0.9628638,-0.5706614,0.82117736,-0.0036332607
1356876380888,-0.7871516,-0.5308541,-0.3139845,-0.24333227,-0.20048952,0.94899595,-0.566729,0.8234062,0.0286417
1356876380929,-0.7724842,-0.5110843,-0.3769097,-0.28436077,-0.25230306,0.92492276,-0.567809,0.82166654,0.04956788
1356876380968,-0.7437609,-0.48652723,-0.45837876,-0.34444043,-0.308743,0.8865882,-0.5728705,0.81729376,0.062051237
1356876381008,-0.70145375,-0.45115477,-0.5517447,-0.4176315,-0.36712623,0.83114517,-0.57753503,0.8134358,0.069105566
1356876381049,-0.6489511,-0.40198326,-0.6459659,-0.49621153,-0.41998422,0.75986004,-0.5767465,0.81364775,0.0730806
1356876381088,-0.5910701,-0.34287918,-0.73011625,-0.5723244,-0.45956415,0.6791505,-0.56840193,0.819289,0.07539666
1356876381128,-0.53384936,-0.283194,-0.79674715,-0.638933,-0.48209012,0.59946126,-0.55386776,0.82909006,0.07642147
1356876381169,-0.483647,-0.23310491,-0.8436514,-0.691388,-0.4893149,0.5315577,-0.5367199,0.84037673,0.07548973
1356876381208,-0.44752872,-0.2006723,-0.8714636,-0.72716224,-0.4855715,0.48523748,-0.5205316,0.8508531,0.07138583
1356876381248,-0.4325351,-0.19082114,-0.8811928,-0.74531484,-0.47430676,0.46854967,-0.50736487,0.85943025,0.06293252
