1356877327679,-0.1762951,-0.016410202,0.98420054,0.9389138,-0.30303353,0.16313046,0.29556876,0.9528386,0.068831086
1356877327718,0.6999751,-0.16696514,-0.69437563,-0.6501402,0.25340068,-0.7163141,0.29555476,0.95284355,0.06882341
1356877327758,0.70008326,-0.16699499,-0.69425946,-0.65006256,0.25326046,-0.71643406,0.2954694,0.95287555,0.068746194
1356877327799,0.70167273,-0.16767329,-0.692489,-0.6484611,0.2524203,-0.7181797,0.29521787,0.9529793,0.06838684
1356877327838,0.7084086,-0.17062132,-0.68486905,-0.64131385,0.24961066,-0.7255419,0.2947435,0.9531961,0.06740452
1356877327878,0.72488755,-0.17771591,-0.6655487,-0.62292755,0.24338388,-0.7434551,0.29410765,0.95351,0.065721795
1356877327917,0.75205183,-0.18926969,-0.63134384,-0.5902053,0.23299593,-0.7728975,0.29338664,0.9538815,0.06351702
1356877327958,0.78796333,-0.20440865,-0.580802,-0.54169154,0.21830687,-0.81173414,0.29271853,0.9542323,0.06129138
1356877327998,0.8262367,-0.22067541,-0.5183003,-0.48157328,0.2006625,-0.8531246,0.29226702,0.95448244,0.05952333
1356877328037,0.8607279,-0.23578195,-0.4511701,-0.41688108,0.18217596,-0.89051783,0.2921604,0.9545778,0.058510885
1356877328079,0.8614774,-0.23644873,-0.4493871,-0.41514352,0.18168786,-0.8914288,0.29242542,0.9545059,0.0583598
1356877328118,0.90334886,-0.25600684,-0.34412408,-0.31327283,0.15418136,-0.93706363,0.29295224,0.9543001,0.059079558
1356877328158,0.9215994,-0.26561457,-0.28302565,-0.25390762,0.13895887,-0.9571945,0.2935737,0.9540122,0.06062284
1356877328198,0.93011576,-0.27053234,-0.24838866,-0.21987331,0.13155258,-0.96661764,0.29417753,0.95368034,0.062876284
1356877328239,0.93411565,-0.27292526,-0.23008654,-0.20145662,0.1290493,-0.970959,0.29469177,0.9533405,0.065564364
1356877328277,0.9359251,-0.27387577,-0.22144122,-0.19227901,0.12944424,-0.97276556,0.29508126,0.95301425,0.06848955
1356877328317,0.93665165,-0.27402288,-0.21816301,-0.18828414,0.13130596,-0.9732974,0.29535186,0.95271724,0.07139379
1356877328357,0.9368785,-0.27383205,-0.21742743,-0.18683712,0.13355604,-0.9732701,0.2955513,0.9524594,0.07396379
1356877328397,0.93684995,-0.27355385,-0.2179001,-0.1867314,0.1355516,-0.9730144,0.29570854,0.95225734,0.07591042
1356877328437,0.9365705,-0.2731424,-0.21961087,-0.18806763,0.1370801,-0.9725428,0.29574698,0.9521566,0.07701594
1356877328478,0.9359134,-0.27233738,-0.22337994,-0.19169801,0.13820973,-0.9716738,0.29549637,0.95222396,0.07714579
1356877328517,0.9347275,-0.27088672,-0.23001067,-0.19840616,0.13916612,-0.9701896,0.29482117,0.95249844,0.07633679
1356877328561,0.93286663,-0.2686481,-0.23997511,-0.20860563,0.14021939,-0.9678958,0.2936725,0.95297784,0.07476449
1356877328599,0.9301341,-0.26584193,-0.25333497,-0.22214445,0.14199263,-0.9646191,0.2924079,0.9535021,0.07301688
1356877328639,0.9266529,-0.26294446,-0.2686533,-0.23757237,0.1442216,-0.9606037,0.29133102,0.9539708,0.07117503
1356877328677,0.9220255,-0.26030764,-0.28654644,-0.25545195,0.14706531,-0.9555711,0.2908835,0.9542598,0.06910187
1356877328717,0.91609025,-0.25843978,-0.30657396,-0.27537847,0.15023872,-0.9495236,0.29145393,0.95427316,0.06646347
1356877328758,0.90870136,-0.25771168,-0.32840005,-0.297052,0.15352535,-0.9424383,0.29329506,0.95394677,0.06295493
1356877328797,0.89998674,-0.25856677,-0.35095167,-0.3194053,0.15673703,-0.93456614,0.29665488,0.95319295,0.058473654
1356877328837,0.8905974,-0.26167578,-0.37197044,-0.34015155,0.1596426,-0.92672074,0.3018827,0.9518614,0.053167872
1356877328877,0.8811302,-0.2671886,-0.39015362,-0.35789728,0.16243714,-0.91952366,0.30906168,0.949855,0.04750219
1356877328917,0.8717069,-0.27429387,-0.40606654,-0.37313297,0.16561171,-0.91287714,0.31764597,0.9472781,0.04201679
1356877328957,0.8611356,-0.2809024,-0.4237208,-0.3897854,0.17024744,-0.90503204,0.326363,0.94451547,0.037114486
1356877328997,0.84730244,-0.28451782,-0.44847316,-0.41313094,0.17758039,-0.89318985,0.3337685,0.9420801,0.032921165
1356877329037,0.8278856,-0.28316066,-0.484175,-0.44700167,0.18835351,-0.87447834,0.33881393,0.9403951,0.029361874
1356877329078,0.801476,-0.27610546,-0.5304734,-0.4912014,0.20202643,-0.8472937,0.34111202,0.93965477,0.02629596
1356877329117,0.76793385,-0.26379764,-0.5836853,-0.5423205,0.21711054,-0.81163514,0.34083167,0.9398265,0.02366367
1356877329158,0.7277554,-0.2471851,-0.6397434,-0.59646153,0.23232165,-0.76828396,0.3385346,0.9407052,0.021636933
1356877329198,0.680406,-0.22676994,-0.69686663,-0.6517,0.24766895,-0.7169011,0.33516383,0.9419318,0.020729482
1356877329237,0.62239635,-0.20176437,-0.7562499,-0.7088189,0.2644928,-0.6539261,0.33196163,0.94304544,0.021604985
1356877329277,0.5443689,-0.16904902,-0.8216355,-0.7712459,0.28436053,-0.56948996,0.32991242,0.94369566,0.024418652
1356877329317,0.4242975,-0.12088436,-0.8974178,-0.8437023,0.30712724,-0.4402718,0.3288435,0.94395965,0.028322875
1356877329357,0.21737698,-0.042532086,-0.9751606,-0.91972214,0.3256571,-0.2192226,0.32689193,0.9445308,0.031672657
1356877329397,-0.10241288,0.06932035,-0.99232376,-0.9414222,0.31546217,0.11919671,0.3213034,0.94640285,0.03295231
1356877329437,-0.4012156,0.1609895,-0.90172523,-0.8617898,0.2672451,0.4311593,0.31039375,0.9500855,0.031516194
1356877329478,-0.5481092,0.19285709,-0.81386876,-0.78275317,0.22462207,0.5803812,0.2947435,0.9551707,0.027842104
1356877329517,-0.5745094,0.18474042,-0.7973769,-0.77042526,0.20689487,0.6030252,0.27637634,0.960763,0.023465633
1356877329562,-0.5133832,0.15473524,-0.84409404,-0.8187716,0.206254,0.53579134,0.25700364,0.96618646,0.020805418
1356877329599,-0.34528762,0.10603958,-0.932487,-0.90744156,0.21576321,0.36054957,0.23942888,0.9706708,0.021724403
1356877329637,-0.090798885,0.049686253,-0.99462897,-0.9704303,0.21988645,0.09957415,0.2236529,0.9742593,0.028251588
1356877329678,0.23849738,-0.010289907,-0.9710885,-0.94826895,0.21328145,-0.23515287,0.20953485,0.9769366,0.041109502
1356877329717,0.51404864,-0.04994884,-0.85630554,-0.83490694,0.19977345,-0.5128558,0.1966837,0.97856826,0.06099063
1356877329758,0.6836803,-0.062773764,-0.7270769,-0.70596963,0.19553563,-0.6807148,0.18490043,0.97868544,0.089367494
1356877329798,0.77852106,-0.056331426,-0.62508535,-0.6029365,0.20943153,-0.769809,0.17427705,0.9761994,0.12908258
1356877329837,0.8356563,-0.039514437,-0.54782945,-0.5238329,0.24258229,-0.8165494,0.16515923,0.9693258,0.18201646
1356877329878,0.8770728,-0.02221635,-0.47984332,-0.45355082,0.2907351,-0.8424753,0.15822399,0.9565456,0.24491963
1356877329918,0.913361,-0.016552836,-0.40681404,-0.3767996,0.3441794,-0.85997826,0.15425211,0.93875796,0.30812293
1356877329957,0.9456738,-0.03150402,-0.32358685,-0.2864558,0.38999137,-0.8751285,0.15376616,0.9202795,0.35978013
1356877329998,0.9696362,-0.06716028,-0.23514916,-0.18678984,0.41723967,-0.8893934,0.15784545,0.90631145,0.39202583
1356877330037,0.98189175,-0.116643876,-0.14927384,-0.08737931,0.4202836,-0.90317583,0.16808727,0.89986444,0.40248075
1356877330078,0.98277223,-0.16994786,-0.0726393,0.0013634339,0.39968133,-0.91665316,0.18481581,0.9007622,0.39302742
1356877330117,0.9757873,-0.21855885,-0.008438244,0.07265693,0.36029345,-0.93000513,0.20630111,0.9068741,0.36744958
1356877330158,0.96525687,-0.2576298,0.043658383,0.1251069,0.30896568,-0.94280887,0.22940671,0.9155147,0.33046252
1356877330198,0.9543868,-0.28587532,0.086146295,0.16150576,0.25162542,-0.954254,0.25112104,0.9246405,0.28631848
1356877330237,0.9448923,-0.3037576,0.12210601,0.18666434,0.19346648,-0.9631859,0.26895162,0.93289983,0.23950571
1356877330278,0.9373584,-0.312433,0.15409395,0.20521767,0.13779068,-0.9689682,0.28150493,0.9398933,0.19327602
1356877330317,0.9315105,-0.3133651,0.18463606,0.22179152,0.08706365,-0.97119945,0.28826493,0.94563323,0.15060243
1356877330357,0.9263089,-0.3084701,0.21632837,0.24074928,0.042948455,-0.9696367,0.28981295,0.950264,0.1140475
1356877330398,0.9195514,-0.3007626,0.25291726,0.2668867,0.005574852,-0.9637118,0.28843847,0.9536827,0.0853959
1356877330438,0.9077473,-0.293751,0.29950833,0.30533862,-0.026962541,-0.95186204,0.28768593,0.9555016,0.06521836
1356877330479,0.8871123,-0.28854668,0.36023957,0.35945362,-0.057681076,-0.9313786,0.28952515,0.95572686,0.05254954
1356877330517,0.8559077,-0.2821632,0.43336585,0.42682046,-0.08768964,-0.9000748,0.2919697,0.95535034,0.045378804
1356877330563,0.8147861,-0.26939678,0.5133703,0.50190955,-0.11545026,-0.85718024,0.29019037,0.9560839,0.041145563
1356877330618,0.7656323,-0.24736932,0.59381443,0.57884276,-0.13776343,-0.80371773,0.28062105,0.9590775,0.03771183
1356877330638,0.70957327,-0.21755075,0.670207,0.65361446,-0.15211564,-0.74138325,0.26323742,0.9641227,0.03425711
1356877330678,0.6461867,-0.18482438,0.7404611,0.724053,-0.15820253,-0.67135614,0.24122582,0.96995455,0.031594276
1356877330715,0.57718086,-0.15520346,0.80173194,0.78681064,-0.15713203,-0.5968572,0.21861207,0.9753058,0.03142214
1356877330758,0.50911343,-0.13352764,0.8502787,0.83756065,-0.15066579,-0.525159,0.19823116,0.97952545,0.035131544
1356877330798,0.45114362,-0.122273475,0.88403547,0.87380624,-0.14090443,-0.4654124,0.18147203,0.9824436,0.043275133
1356877330837,0.4095349,-0.121935934,0.9041089,0.89659786,-0.12925014,-0.42356446,0.16850385,0.9840865,0.05639498
1356877330878,0.38315213,-0.13278538,0.91409105,0.90989536,-0.11610347,-0.3982592,0.15901214,0.9843211,0.076335505
1356877330918,0.36474028,-0.15634575,0.9178892,0.9184637,-0.10150495,-0.38225806,0.15293473,0.9824728,0.10657494
1356877330958,0.34416708,-0.1951313,0.9184077,0.9267286,-0.086444706,-0.36565194,0.15074167,0.97696006,0.15108237
1356877330998,0.31221646,-0.2506614,0.91634595,0.9375926,-0.07414824,-0.3397385,0.1531047,0.96523106,0.21186793
1356877331037,0.26759124,-0.3178058,0.9096123,0.9501686,-0.06964892,-0.30385658,0.15992084,0.9455943,0.28333157
1356877331078,0.2184881,-0.382625,0.89769757,0.9609779,-0.07557374,-0.26610142,0.1696595,0.92080754,0.35118228
1356877331117,0.17617196,-0.42988637,0.8855287,0.967772,-0.0888111,-0.23564789,0.17994663,0.8985044,0.400386
1356877331158,0.1462003,-0.45197445,0.8799685,0.9708558,-0.10520762,-0.2153379,0.18990663,0.885805,0.4234206
1356877331197,0.12793225,-0.44877705,0.88443905,0.9712348,-0.12389588,-0.20335358,0.20083874,0.8850135,0.42001766
1356877331238,0.11790955,-0.42396018,0.89797276,0.9698286,-0.14514387,-0.1958715,0.21337694,0.8939749,0.3940549
1356877331277,0.11291069,-0.38235563,0.9170907,0.96751386,-0.16781914,-0.18908635,0.22620362,0.9086479,0.35098583
1356877331317,0.10987413,-0.3293481,0.93779397,0.96508324,-0.19036883,-0.17992792,0.23778567,0.92481863,0.29693168
1356877331358,0.1064651,-0.2704708,0.9568232,0.96297115,-0.2116682,-0.16698268,0.24769291,0.9391711,0.23792022
1356877331398,0.10102773,-0.21093658,0.972265,0.9614136,-0.23065442,-0.14994147,0.2558854,0.94989705,0.17949478
1356877331437,0.09247595,-0.15528834,0.98353124,0.960659,-0.24587685,-0.12914658,0.2618825,0.95678115,0.12644148
1356877331477,0.08011407,-0.107236564,0.99100053,0.9607621,-0.25655496,-0.1054315,0.2655522,0.9605623,0.082475156
1356877331517,0.06312245,-0.06946099,0.99558556,0.9612105,-0.2641483,-0.07937235,0.26849553,0.96197754,0.050092965
1356877331560,0.04129505,-0.043130994,0.9982157,0.96100175,-0.27170563,-0.051495463,0.27344182,0.9614135,0.030228853
1356877331599,0.016414344,-0.026626587,0.99951065,0.9597094,-0.28003317,-0.023220688,0.28051445,0.95962095,0.020957232
1356877331637,-0.008816838,-0.018055886,0.99979806,0.958022,-0.2866761,0.003271222,0.2865592,0.9578574,0.019825518
1356877331677,-0.031681,-0.01461637,0.9993912,0.9577635,-0.28636354,0.026173234,0.28580666,0.95800954,0.023071319
1356877331717,-0.04983771,-0.014340013,0.9986544,0.9603114,-0.27544308,0.043969035,0.2744419,0.9612105,0.027498335
1356877331757,-0.061846495,-0.016385049,0.99795115,0.9653752,-0.25486153,0.05564323,0.25342774,0.9668387,0.03158006
1356877331797,-0.06703448,-0.020855725,0.9975327,0.9715602,-0.22893292,0.060502768,0.22710621,0.9732188,0.035608917
1356877331837,-0.06521535,-0.028266728,0.99747074,0.97763103,-0.20211744,0.058190525,0.1999614,0.9789533,0.04081559
1356877331877,-0.056539237,-0.038904846,0.99764204,0.9829696,-0.17717057,0.04879862,0.17485437,0.9834109,0.048259407
1356877331918,-0.04196757,-0.052904457,0.9977173,0.9873332,-0.15512544,0.03330517,0.15300936,0.98647714,0.05874455
1356877331957,-0.024146318,-0.071217805,0.9971684,0.99059427,-0.13608605,0.014267862,0.13468465,0.98813385,0.073834
1356877331997,-0.008003235,-0.09660298,0.99529076,0.99273235,-0.12028575,-0.0036922097,0.12007606,0.9880279,0.09686363
1356877332037,-4.492998E-4,-0.13363817,0.9910301,0.99393904,-0.10900551,-0.01424852,0.10993186,0.98501706,0.13287717
1356877332077,-0.008190572,-0.1860576,0.9825047,0.9944267,-0.104795575,-0.011555284,0.105112076,0.9769343,0.18587893
1356877332117,-0.032757938,-0.2502,0.96763986,0.993914,-0.110036254,0.0051956475,0.105175555,0.961921,0.25228184
1356877332157,-0.06744081,-0.31257576,0.9474957,0.9918656,-0.12375921,0.029771179,0.107955575,0.9417962,0.31837955
1356877332197,-0.100954056,-0.3575437,0.92842376,0.9886223,-0.14064515,0.053336293,0.11150825,0.92324495,0.36767447
1356877332237,-0.1247862,-0.37702072,0.91776025,0.9853221,-0.15568632,0.0700157,0.11648536,0.91302645,0.39091432
1356877332277,-0.13570863,-0.37118453,0.91858864,0.98282975,-0.16742891,0.07754445,0.12501502,0.91333973,0.38753283
1356877332317,-0.13447744,-0.34484625,0.9289763,0.98129857,-0.17664701,0.07647821,0.13772765,0.92188764,0.36215213
1356877332357,-0.12353724,-0.30441684,0.944494,0.9803979,-0.1846562,0.06871736,0.15348792,0.9344691,0.32126153
1356877332397,-0.105611205,-0.25632274,0.96080434,0.9795767,-0.19306624,0.056168556,0.1711016,0.9471135,0.2714777
1356877332437,-0.08343786,-0.20651013,0.97488034,0.97825855,-0.20336682,0.040647537,0.18986413,0.95707655,0.21898875
1356877332477,-0.059690595,-0.15999684,0.98531115,0.97611535,-0.21591473,0.024072826,0.20889166,0.9632143,0.16906348
1356877332517,-0.036672115,-0.12040657,0.9920471,0.97326165,-0.22955585,0.008116066,0.226753,0.965819,0.12560537
1356877332561,-0.01620996,-0.08994126,0.99581516,0.9700545,-0.24280983,-0.006139785,0.2423459,0.9658954,0.09118384
1356877332599,4.364848E-4,-0.06952509,0.9975802,0.96665144,-0.2554465,-0.018226057,0.25609544,0.9643202,0.06709492
1356877332639,0.01278919,-0.05886531,0.998184,0.96292067,-0.2683112,-0.028160334,0.2694816,0.9615321,0.053251117
1356877332677,0.021740794,-0.056438237,0.99816936,0.95899045,-0.2810424,-0.036778122,0.28260356,0.9580344,0.048013628
1356877332717,0.029280484,-0.059687704,0.9977875,0.95570314,-0.29080296,-0.04544133,0.29287192,0.9549193,0.04852897
1356877332757,0.03825015,-0.06549403,0.9971196,0.9544945,-0.2929511,-0.055857003,0.29576558,0.9538817,0.051308215
1356877332797,0.051035345,-0.071226865,0.9961537,0.95637023,-0.28382176,-0.069290966,0.28766552,0.9562279,0.053634316
1356877332837,0.06865001,-0.07568449,0.99476576,0.96074563,-0.26364672,-0.08636117,0.26880297,0.9616456,0.054614186
1356877332877,0.09059644,-0.07928792,0.9927264,0.9657316,-0.2364521,-0.10701805,0.24321753,0.9684027,0.05514911
1356877332917,0.11552352,-0.08337924,0.9897991,0.9695637,-0.2070939,-0.13060707,0.21587127,0.97476155,0.05691731
1356877332957,0.14207643,-0.08902931,0.9858438,0.9714309,-0.17872417,-0.15613946,0.19009516,0.9798629,0.06109339
1356877332997,0.16910994,-0.096684754,0.9808435,0.9713109,-0.15247965,-0.18249682,0.16720337,0.98356605,0.06812513
1356877333037,0.1946665,-0.10713619,0.97500086,0.9697767,-0.12804884,-0.20769382,0.14709923,0.9859642,0.07897133
1356877333077,0.21521342,-0.12264076,0.96883553,0.96794796,-0.1047281,-0.22827327,0.12945992,0.98690987,0.09617102
1356877333117,0.22539932,-0.14741674,0.963049,0.9674957,-0.08246714,-0.23906353,0.11466187,0.9856305,0.12403703
1356877333157,0.21935135,-0.18631086,0.95769167,0.9701245,-0.06263262,-0.2343837,0.10365093,0.9804925,0.16700613
1356877333197,0.19374341,-0.24043998,0.95113206,0.97625315,-0.048526227,-0.21112764,0.096918374,0.96945024,0.22532868
1356877333237,0.15225136,-0.30200368,0.94107026,0.98387045,-0.044157505,-0.17334664,0.09390658,0.9522835,0.29040945
1356877333277,0.106131315,-0.35562652,0.92858267,0.98997,-0.04978609,-0.13221443,0.09324941,0.9333012,0.34677574
1356877333317,0.06685871,-0.38881117,0.91888833,0.99331194,-0.060949504,-0.09806347,0.094134,0.9192991,0.38213578
1356877333358,0.039887607,-0.39769334,0.916651,0.9943922,-0.07412499,-0.075429976,0.09794474,0.9145193,0.39250648
1356877333397,0.025492728,-0.38448903,0.9227774,0.9939059,-0.089277506,-0.064656466,0.10724303,0.91880226,0.37987
1356877333437,0.021647274,-0.35409883,0.93495744,0.9922091,-0.107153594,-0.06355539,0.12268895,0.929049,0.34902048
1356877333477,0.025758266,-0.31241816,0.94959533,0.9894739,-0.12734449,-0.068736464,0.1424003,0.94137037,0.30584946
1356877333517,0.035680234,-0.26514193,0.963549,0.9858078,-0.14892673,-0.077485025,0.16404268,0.9526388,0.2560652
1356877333562,0.049683094,-0.21720597,0.9748606,0.9812783,-0.17123187,-0.088161856,0.18607646,0.9609897,0.20463216
1356877333599,0.0657956,-0.17290556,0.9827383,0.9761089,-0.1932379,-0.0993506,0.20708054,0.9657965,0.15606043
1356877333638,0.082023144,-0.13529706,0.98740417,0.9707681,-0.21339089,-0.109880656,0.22556955,0.96755314,0.11383906
1356877333677,0.09588653,-0.10657528,0.9896704,0.96587837,-0.23035496,-0.11838779,0.24059269,0.96725297,0.08085084
1356877333717,0.10515183,-0.08753902,0.9905958,0.9616836,-0.24466711,-0.123704016,0.25319517,0.9656474,0.058457613
1356877333757,0.11318213,-0.07873109,0.99045,0.9575032,-0.25752074,-0.12988758,0.2652876,0.96306,0.04623851
1356877333797,0.10898501,-0.07487419,0.9912196,0.9547211,-0.26980484,-0.12535241,0.27682143,0.9599997,0.04207924
1356877333837,0.102353156,-0.074513376,0.99195343,0.9533246,-0.27742034,-0.11920652,0.28407055,0.95785475,0.042640567
1356877333877,0.09557557,-0.07418761,0.99265385,0.9547118,-0.27544028,-0.11250788,0.28176346,0.95845133,0.044502407
1356877333917,0.090910316,-0.07217905,0.9932399,0.95923996,-0.2616297,-0.10681108,0.26757059,0.96246564,0.045452148
1356877333976,0.08970237,-0.06888306,0.9935837,0.96561646,-0.2383908,-0.1037046,0.2440047,0.9687234,0.045130372
1356877333998,0.092719436,-0.06599778,0.99350256,0.97195095,-0.21059328,-0.104697704,0.21613485,0.97534335,0.044620603
1356877334038,0.100758135,-0.0653241,0.9927641,0.9769683,-0.1821559,-0.11114088,0.18809807,0.98109734,0.045465857
1356877334075,0.11488396,-0.06800789,0.9910482,0.98002,-0.15530467,-0.12426284,0.16236532,0.98552287,0.048807085
1356877334118,0.13524687,-0.074730694,0.98798966,0.9808944,-0.13063353,-0.14415658,0.13983747,0.98861027,0.055635154
1356877334157,0.16069949,-0.08654392,0.98320186,0.97957695,-0.10798532,-0.16961217,0.120850235,0.9903784,0.067423195
1356877334197,0.18612581,-0.10622072,0.9767673,0.9768392,-0.08679962,-0.1955787,0.10555753,0.9905468,0.08760491
1356877334237,0.20437118,-0.13823125,0.9690844,0.9743427,-0.066622525,-0.21498322,0.09428021,0.9881567,0.121068835
1356877334277,0.20775735,-0.18613037,0.9603085,0.9743148,-0.04781568,-0.22005543,0.08687669,0.9813609,0.17141545
1356877334317,0.19405359,-0.24690944,0.9494097,0.9775563,-0.032244265,-0.2081922,0.08201763,0.9685019,0.23511076
1356877334357,0.17076892,-0.3080782,0.9359091,0.9822277,-0.021860182,-0.18641615,0.07788986,0.9511099,0.29886982
1356877334397,0.15107065,-0.35440102,0.9228096,0.9857397,-0.015995085,-0.1675156,0.07412815,0.93495667,0.34693074
1356877334437,0.14462918,-0.3772118,0.9147643,0.9867933,-0.01317066,-0.16144839,0.07294831,0.9260334,0.3703252
1356877334477,0.15358639,-0.37601,0.91379845,0.9850761,-0.0144482255,-0.17151147,0.07769281,0.9265029,0.3681795
1356877334517,0.17427033,-0.35540408,0.9183234,0.9805884,-0.022476733,-0.19478515,0.08986831,0.9344425,0.34458804
1356877334563,0.20066631,-0.32206288,0.9252073,0.97364855,-0.03889656,-0.2247124,0.10835892,0.9459189,0.30577075
1356877334599,0.22682828,-0.2828401,0.9319605,0.96507275,-0.06351924,-0.25416481,0.13108546,0.9570615,0.25855333
1356877334638,0.24866694,-0.24306196,0.9375957,0.95582217,-0.095070064,-0.27814683,0.15674424,0.9653406,0.20868324
1356877334677,0.26219648,-0.20708701,0.9425328,0.9474391,-0.1303156,-0.29219344,0.18333617,0.9696045,0.16203403
1356877334717,0.2666914,-0.17657346,0.947469,0.9408979,-0.16525364,-0.295639,0.20877472,0.97031593,0.12206586
1356877334757,0.26214194,-0.15155292,0.9530548,0.93711257,-0.19584846,-0.2889004,0.23043802,0.9688525,0.090682015
1356877334798,0.24931747,-0.1316989,0.959425,0.93635386,-0.22005361,-0.2735286,0.2471484,0.96655667,0.068453565
1356877334837,0.22865832,-0.11690915,0.96646136,0.93806934,-0.23895955,-0.25084695,0.2602715,0.963966,0.05502881
1356877334877,0.2011056,-0.10664189,0.97374743,0.9410243,-0.2550758,-0.22228253,0.27208406,0.96102226,0.049055472
1356877334918,0.16932994,-0.09927285,0.98054695,0.9443004,-0.26851374,-0.19025552,0.28217748,0.9581468,0.048275948
1356877334957,0.13764805,-0.09222901,0.9861779,0.948236,-0.27540898,-0.15810901,0.28618446,0.9568928,0.049545377
1356877334997,0.11003202,-0.08413744,0.9903605,0.95383847,-0.2711966,-0.1290142,0.2794373,0.9588396,0.05041319
1356877335037,0.08802062,-0.07512742,0.9932815,0.9611774,-0.25538123,-0.10449156,0.2615156,0.96391714,0.04973191
1356877335077,0.07196319,-0.066682875,0.9951757,0.9690469,-0.2315653,-0.085590094,0.23615551,0.9705312,0.04795465
1356877335117,0.06216979,-0.06076163,0.9962144,0.97605044,-0.20478731,-0.07340193,0.20847201,0.9769188,0.04657474
1356877335157,0.059979558,-0.058852702,0.9964631,0.98143196,-0.17872584,-0.06963065,0.18219167,0.9821372,0.047040015
1356877335197,0.06759548,-0.06162557,0.99580777,0.984928,-0.15514785,-0.076458275,0.15920925,0.9859672,0.050209492
1356877335237,0.08624357,-0.06945455,0.9938502,0.9864111,-0.13406855,-0.094967365,0.13983995,0.98853517,0.056948185
1356877335277,0.11381006,-0.08345556,0.98999107,0.98580325,-0.11432904,-0.12296647,0.12344694,0.9899313,0.06925902
1356877335317,0.14322978,-0.10629439,0.9839648,0.98361444,-0.09470087,-0.15340894,0.109488875,0.9898147,0.090988755
1356877335357,0.16200054,-0.14217943,0.9764942,0.9818931,-0.07524258,-0.17385173,0.098192126,0.986977,0.12741572
1356877335405,0.15672845,-0.19413319,0.96837413,0.98351014,-0.05891311,-0.17098859,0.09024453,0.97920454,0.18169862
1356877335447,0.107448876,-0.26695764,0.9576995,0.99042237,-0.055268884,-0.12652633,0.08670813,0.9621221,0.25846225
1356877335487,0.057949543,-0.32919517,0.94248205,0.9946902,-0.061388075,-0.08260158,0.08504921,0.9422643,0.3238898
1356877335527,0.023391664,-0.36775428,0.92962873,0.9960789,-0.07078701,-0.053066522,0.08532107,0.9272249,0.36465645
1356877335568,0.01673913,-0.37794265,0.92567766,0.99576306,-0.077421606,-0.049616814,0.09041974,0.9225862,0.37504536
1356877335605,0.026150882,-0.36694163,0.92987627,0.9945069,-0.08475882,-0.061415434,0.10135108,0.9263745,0.36270952
1356877335648,0.054858148,-0.33816758,0.9394856,0.9913851,-0.09363073,-0.09159097,0.11893779,0.9364165,0.33011785
1356877335687,0.08844757,-0.29869944,0.9502398,0.98620063,-0.10777223,-0.12567204,0.13994762,0.9482425,0.2850454
1356877335727,0.12176508,-0.2539438,0.9595237,0.97928095,-0.12685913,-0.15784633,0.16180846,0.9588635,0.23323536
1356877335767,0.14983153,-0.20846099,0.9664856,0.9716802,-0.14960909,-0.182906,0.18272376,0.9665201,0.18014124
1356877335807,0.16960067,-0.16585413,0.9714567,0.9646925,-0.17361116,-0.19805992,0.20150477,0.97074795,0.13055366
1356877335847,0.17874861,-0.12880841,0.97542673,0.9595523,-0.1963402,-0.20176697,0.2175048,0.9720385,0.088502884
1356877335887,0.17501932,-0.09919849,0.979555,0.9570104,-0.21658981,-0.19292504,0.23129952,0.9712098,0.057026565
1356877335927,0.1572454,-0.07782292,0.9844885,0.95674133,-0.23509341,-0.17139739,0.24478546,0.9688522,0.037489086
1356877335967,0.12718344,-0.06394398,0.98981595,0.95740986,-0.25287634,-0.13935581,0.25921193,0.9653833,0.029058874
1356877336007,0.0901106,-0.055484742,0.994385,0.9578906,-0.26848692,-0.1017845,0.2726269,0.961684,0.028954864
1356877336047,0.053153217,-0.04988885,0.9973393,0.95862126,-0.27717507,-0.06495455,0.27967817,0.9595233,0.033091843
1356877336087,0.022461414,-0.045466572,0.9987134,0.96112406,-0.2740047,-0.0340901,0.27520207,0.96065307,0.03754446
1356877336127,0.0016890764,-0.04201874,0.9991154,0.9660286,-0.2581331,-0.01248911,0.2584296,0.9651952,0.04015532
1356877336167,-0.007324457,-0.040463656,0.99915415,0.9723562,-0.23349082,-0.0023278594,0.23338753,0.9715167,0.041055292
1356877336207,-0.0031947494,-0.04203111,0.9991111,0.97858566,-0.20576543,-0.0055270493,0.2058149,0.9776982,0.04178846
1356877336248,0.015653431,-0.047528386,0.9987472,0.98354685,-0.17906034,-0.02393639,0.17997363,0.9826894,0.043943495
1356877336287,0.050423205,-0.057148665,0.99709153,0.98617244,-0.15495813,-0.058752477,0.15786514,0.9862667,0.048544943
1356877336327,0.099927485,-0.07109669,0.9924514,0.9851302,-0.1330353,-0.10872063,0.13976076,0.98855793,0.05674562
1356877336367,0.15832525,-0.09060863,0.98322076,0.97943413,-0.111718535,-0.16801089,0.1250673,0.98960036,0.07105741
1356877336407,0.21455413,-0.11870235,0.96947217,0.9701106,-0.08930987,-0.22563055,0.113366365,0.9889052,0.095992595
1356877336447,0.2553781,-0.15964657,0.9535696,0.9611419,-0.06501195,-0.26829028,0.10482508,0.9850311,0.1368404
1356877336487,0.27091518,-0.21606854,0.93804026,0.9574313,-0.040397674,-0.28582075,0.099651486,0.9755422,0.19592637
1356877336527,0.26344824,-0.28246808,0.9223919,0.9597578,-0.019657135,-0.2801402,0.09726223,0.95907533,0.2659223
1356877336567,0.24729419,-0.34440815,0.9056648,0.9641392,-0.0054692626,-0.26534072,0.09633878,0.93880415,0.33070487
1356877336608,0.24027991,-0.38657716,0.89040637,0.96592,0.004265785,-0.25880545,0.09625009,0.9222471,0.37442768
1356877336647,0.24978852,-0.40324286,0.8803414,0.9632319,0.010576248,-0.26846343,0.09894517,0.91503197,0.3910581
1356877336687,0.27390534,-0.39620024,0.8763568,0.9557385,0.010353565,-0.2940353,0.107423425,0.9181057,0.3814997
1356877336727,0.30548412,-0.37145844,0.8767543,0.9443202,-4.887581E-6,-0.32902795,0.12222448,0.9284496,0.35077423
1356877336767,0.33786952,-0.33584705,0.8792331,0.93055046,-0.020885825,-0.3655675,0.14113832,0.9416849,0.30546594
1356877336807,0.36688456,-0.295306,0.8821508,0.9161198,-0.05005321,-0.3977678,0.1616177,0.9540907,0.25217193
1356877336847,0.39009827,-0.25481936,0.8848109,0.90259945,-0.084151864,-0.42217612,0.18203709,0.96332014,0.19717231
1356877336887,0.4063588,-0.2181539,0.8872888,0.89127177,-0.119262666,-0.4375055,0.20126393,0.9685997,0.14597097
1356877336927,0.41553575,-0.18750405,0.8900406,0.8830497,-0.15143412,-0.44417444,0.21806699,0.9705205,0.10264911
1356877336967,0.41766563,-0.16393074,0.8936902,0.8785975,-0.17780802,-0.44322762,0.23156393,0.97031486,0.06976484
1356877337007,0.41227326,-0.14791614,0.8989725,0.87825996,-0.19785759,-0.43532965,0.24226078,0.9690063,0.048337385
1356877337048,0.39886856,-0.13913432,0.9063915,0.8817692,-0.21318161,-0.42075735,0.25176778,0.9670549,0.03765288
1356877337087,0.3785856,-0.13539553,0.9156097,0.88818026,-0.22517225,-0.4005414,0.2604014,0.96486557,0.03500864
1356877337127,0.3548339,-0.13321099,0.9253906,0.89645445,-0.23254836,-0.37721422,0.26544717,0.96341896,0.036901563
1356877337167,0.3320379,-0.12899336,0.9344044,0.9059864,-0.23212811,-0.35398468,0.2625632,0.96409404,0.039790913
1356877337207,0.31340292,-0.12131581,0.9418391,0.9162034,-0.22216323,-0.33348864,0.24969956,0.96743256,0.041523412
1356877337247,0.29972565,-0.1113483,0.9475052,0.9261396,-0.20441025,-0.3169888,0.22897595,0.9725317,0.04185708
1356877337287,0.29066408,-0.101560354,0.95141995,0.9346868,-0.18252128,-0.30503547,0.20463386,0.97794247,0.04187472
1356877337346,0.28630006,-0.09421703,0.95349646,0.9410018,-0.15973085,-0.29833165,0.18041071,0.9826542,0.042927414
1356877337368,0.28756335,-0.090593606,0.95346737,0.94459164,-0.13769755,-0.29796973,0.15828428,0.9863225,0.045977235
1356877337408,0.2951216,-0.09130064,0.9510875,0.9453428,-0.11657137,-0.3045295,0.1386733,0.9889769,0.05190769
1356877337445,0.30757755,-0.09732038,0.94653296,0.94376487,-0.09556681,-0.3165039,0.12125954,0.9906541,0.06245339
1356877337488,0.319355,-0.1115531,0.94104636,0.9417014,-0.07359719,-0.3283016,0.10588145,0.99102944,0.08154607
1356877337527,0.3221811,-0.13860631,0.93647623,0.94209707,-0.050256073,-0.33155322,0.09301892,0.9890716,0.114389
1356877337580,0.291964,-0.19483063,0.9363749,0.95281017,-0.025838494,-0.30246472,0.08312395,0.9804964,0.17809278
1356877337619,0.2509792,-0.25997546,0.9324281,0.9651058,-0.0071313977,-0.26176327,0.07470155,0.96558887,0.24911399
1356877337657,0.20426613,-0.32039937,0.9249971,0.9766214,0.0020486116,-0.2149567,0.066977024,0.94728035,0.31332737
1356877337698,0.16820163,-0.3618429,0.9169394,0.9838557,0.003944516,-0.17892009,0.061124116,0.9322308,0.35666472
1356877337737,0.15248066,-0.37828428,0.9130448,0.9864567,0.0017569065,-0.16401279,0.06043926,0.9256879,0.37342888
1356877337777,0.15677953,-0.37203118,0.91488415,0.98531425,-0.004529178,-0.17069054,0.06764591,0.9282092,0.36585754
1356877337817,0.17643595,-0.34856328,0.9205292,0.9808265,-0.016375482,-0.19419366,0.0827629,0.9371422,0.33899087
1356877337857,0.20501083,-0.31428638,0.92692745,0.9732915,-0.034505248,-0.22696465,0.1033158,0.94870085,0.2988184
1356877337897,0.23674828,-0.27505004,0.931825,0.96329606,-0.058457434,-0.26199922,0.126535,0.9596511,0.25111485
1356877337937,0.26689857,-0.23557553,0.9344888,0.9519067,-0.0869475,-0.2937919,0.15046167,0.9679588,0.20103979
1356877337977,0.29123676,-0.19944322,0.93563,0.9408299,-0.117421925,-0.31788552,0.17326361,0.97284865,0.15344457
1356877338017,0.30714867,-0.16849071,0.93662727,0.93183607,-0.14659867,-0.33194926,0.19323865,0.97474086,0.11197813
1356877338057,0.31242475,-0.14354295,0.9390347,0.92655736,-0.17193994,-0.33455658,0.20948076,0.9745933,0.07928246
1356877338097,0.30491972,-0.12498978,0.94414055,0.925933,-0.1930862,-0.32460105,0.22287235,0.97318816,0.056856364
1356877338137,0.28323627,-0.11256936,0.9524207,0.929703,-0.2115627,-0.30148548,0.23543474,0.97086006,0.04473391
1356877338177,0.2486763,-0.10456413,0.96292603,0.9363803,-0.228279,-0.26660973,0.24769354,0.9679645,0.041144148
1356877338217,0.20666665,-0.098014355,0.97348964,0.94418454,-0.24088573,-0.22469851,0.25652352,0.96559155,0.04276067
1356877338257,0.1646145,-0.09035948,0.98221034,0.9524015,-0.24447405,-0.18210927,0.2565803,0.96543646,0.045814574
1356877338297,0.12808418,-0.08109173,0.9884425,0.9611008,-0.23575997,-0.14388296,0.24470288,0.96842206,0.04774025
1356877338337,0.09944385,-0.07174334,0.99245346,0.96980345,-0.21623188,-0.112805456,0.22269309,0.97370255,0.048073977
1356877338377,0.079405844,-0.064685464,0.99474144,0.97743094,-0.19091779,-0.09043887,0.19576395,0.9794724,0.048065573
1356877338417,0.069010496,-0.061877817,0.9956951,0.98323905,-0.16461462,-0.07837728,0.16875577,0.9844152,0.049480528
1356877338457,0.07047361,-0.06427345,0.99544084,0.986995,-0.14004588,-0.07891822,0.14447972,0.9880568,0.053567976
1356877338497,0.08593565,-0.07213673,0.9936857,0.9885771,-0.117774904,-0.09404367,0.1238153,0.9904167,0.061191678
1356877338569,0.10769153,-0.089455426,0.99015164,0.98854107,-0.09633088,-0.11621937,0.105778694,0.9913213,0.078056365
1356877338589,0.15143746,-0.11649528,0.981578,0.9842764,-0.07356864,-0.16058502,0.090920776,0.99046266,0.10352257
1356877338629,0.17779732,-0.15580189,0.97165525,0.98083925,-0.051850677,-0.18779194,0.079639345,0.9864265,0.14359772
1356877338667,0.17140251,-0.21030065,0.96249413,0.9825232,-0.035494268,-0.18272471,0.07259014,0.97699225,0.20054147
1356877338707,0.12373972,-0.27642757,0.95303535,0.9898084,-0.033834815,-0.13832805,0.070483476,0.96043897,0.2694236
1356877338747,0.05212438,-0.33931497,0.9392276,0.99597406,-0.05102098,-0.07370603,0.07292989,0.93928814,0.33528945
1356877338787,-0.009716153,-0.38266203,0.9238373,0.9968687,-0.07621175,-0.021083385,0.07847503,0.92073965,0.38220423
1356877338829,-0.03763175,-0.40053537,0.9155082,0.99550843,-0.094672024,-4.988909E-4,0.086872876,0.9113773,0.402299
1356877338867,-0.026936352,-0.39493948,0.91831213,0.9946937,-0.1018365,-0.0146200955,0.09929174,0.9130455,0.39558694
1356877338907,0.012917221,-0.37007356,0.92891264,0.9932076,-0.10268533,-0.05472049,0.11563638,0.9233099,0.36623353
1356877338947,0.065074384,-0.3308849,0.94142485,0.9888631,-0.105160475,-0.10531452,0.13384762,0.9377935,0.32035655
1356877338987,0.114079714,-0.28245017,0.9524745,0.98177946,-0.114604294,-0.15157485,0.15197,0.95241153,0.26422974
1356877339027,0.14521235,-0.22955889,0.9624013,0.9748849,-0.1328116,-0.17877513,0.16885746,0.9641908,0.20450756
1356877339067,0.14758337,-0.17547998,0.97335804,0.971848,-0.15701687,-0.17566192,0.18365881,0.9718809,0.14736676
1356877339107,0.11433691,-0.12164867,0.98596585,0.97398937,-0.18171448,-0.13536802,0.19563162,0.9757979,0.09770787
1356877339147,0.041527033,-0.068959564,0.99675477,0.9778693,-0.20193636,-0.054711014,0.2050539,0.97696793,0.05904761
1356877339187,-0.06838554,-0.019128472,0.9974756,0.97442794,-0.21578467,0.06266728,0.21404114,0.9762536,0.033395827
1356877339227,-0.19806331,0.024885714,0.9798732,0.95398283,-0.22472107,0.19853726,0.22513893,0.97410524,0.020768493
1356877339267,-0.32180262,0.060429662,0.9448764,0.91644514,-0.2308178,0.3268816,0.23784763,0.9711186,0.018897295
1356877339307,-0.42440546,0.08629927,0.9013504,0.87110424,-0.23273778,0.43244728,0.24709812,0.96870303,0.023599505
1356877339347,-0.5063316,0.10207951,0.8562757,0.8263964,-0.22625,0.5156355,0.24636817,0.96870565,0.030199409
1356877339387,-0.5734328,0.10752928,0.81216514,0.7855603,-0.20920557,0.58234686,0.23252884,0.97194153,0.035494626
1356877339427,-0.6292476,0.103222996,0.7703197,0.74891376,-0.1844539,0.63647866,0.20778772,0.97740567,0.038762093
1356877339467,-0.6745486,0.090975106,0.7326033,0.7165996,-0.15777475,0.6794057,0.17739534,0.9832754,0.041234076
1356877339507,-0.7091466,0.07346755,0.70122284,0.68966085,-0.134453,0.71154076,0.14655668,0.98819274,0.044679224
1356877339569,-0.73338234,0.053284347,0.67772484,0.6694067,-0.11718887,0.73359483,0.11851093,0.99167913,0.050275385
1356877339589,-0.7481566,0.03210628,0.662745,0.6567383,-0.10663289,0.74654156,0.09463909,0.99377996,0.058692694
1356877339629,-0.75612134,0.009784192,0.65435827,0.6501298,-0.10322577,0.75277865,0.07491198,0.99460983,0.0716902
1356877339667,-0.7605085,-0.015144497,0.64915144,0.6466228,-0.10882616,0.7550072,0.05921042,0.9939454,0.09255594
1356877339707,-0.76788974,-0.04463449,0.6390252,0.6387757,-0.1282174,0.75863427,0.048072875,0.9907412,0.1269682
1356877339747,-0.7854253,-0.078570455,0.6139493,0.6175394,-0.16655445,0.76870316,0.041858643,0.98289686,0.17933643
1356877339787,-0.8162674,-0.111615375,0.56678873,0.5763437,-0.22390479,0.7859354,0.039184272,0.96819866,0.24709505
1356877339827,-0.85250837,-0.13517167,0.50493395,0.5213645,-0.2892483,0.8028166,0.03753318,0.9476625,0.3170601
1356877339867,-0.8815027,-0.14550883,0.44919956,0.47078687,-0.3438475,0.812483,0.036232665,0.9276832,0.37160605
1356877339907,-0.89562154,-0.1465454,0.4199841,0.44322866,-0.3737281,0.8147857,0.037556753,0.91588855,0.39967197
1356877339947,-0.8899957,-0.14515015,0.4322488,0.4537827,-0.3746755,0.80851686,0.0445967,0.91572356,0.3993262
1356877339987,-0.8563017,-0.14629763,0.49532247,0.5131451,-0.3497358,0.7838156,0.058561623,0.92535496,0.3745513
1356877340027,-0.77753335,-0.15020512,0.6106393,0.62393486,-0.3053431,0.7193545,0.07840377,0.9403212,0.33113265
1356877340067,-0.6403635,-0.14929381,0.75342274,0.76130056,-0.253339,0.59685904,0.10176399,0.95578796,0.27588654
1356877340107,-0.47080624,-0.13276404,0.8721899,0.8731162,-0.21190208,0.4390508,0.12652871,0.96823096,0.21568328
1356877340147,-0.34294027,-0.0973627,0.9342978,0.92710465,-0.19520181,0.3199581,0.15122461,0.9759184,0.15720797
1356877340187,-0.30700773,-0.047891557,0.9505013,0.93548846,-0.19878113,0.29214293,0.17495051,0.9788731,0.1058293
1356877340227,-0.3624282,0.010657966,0.93195075,0.91095436,-0.20730299,0.35663363,0.19699723,0.9782187,0.06542355
1356877340267,-0.47284448,0.07095763,0.8782841,0.8539766,-0.20870465,0.47661954,0.21712181,0.9754011,0.03808874
1356877340307,-0.5891419,0.12320346,0.7985817,0.7729154,-0.20225519,0.6014105,0.23561314,0.97155225,0.023931146
1356877340347,-0.67921305,0.16171351,0.7159038,0.68913484,-0.19507629,0.69788134,0.2525127,0.96736443,0.021055996
1356877340387,-0.7395721,0.18687113,0.64661604,0.61823475,-0.19122976,0.7623759,0.2661183,0.96359247,0.02589798
1356877340427,-0.7809156,0.20026168,0.5916638,0.56213367,-0.18769002,0.80546767,0.27235365,0.9615964,0.033996224
1356877340467,-0.8132283,0.2020932,0.54572713,0.51707023,-0.17935145,0.8369417,0.2670172,0.96280396,0.04135722
1356877340507,-0.84076554,0.19257218,0.5059935,0.48068196,-0.16452461,0.8613226,0.24911508,0.96739227,0.045760512
1356877340578,-0.8631656,0.17366883,0.47411406,0.4535726,-0.14587003,0.8792006,0.22184879,0.97394097,0.04713863
1356877340588,-0.8788158,0.14888985,0.45333695,0.4375264,-0.1276676,0.89009637,0.1904028,0.98057777,0.047053218
1356877340626,-0.88624096,0.121950924,0.4468835,0.43483442,-0.11352515,0.8933258,0.1596744,0.98602223,0.04758215
1356877340667,-0.8848863,0.095084086,0.4559993,0.44662893,-0.10481572,0.8885586,0.13228369,0.98993576,0.050282657
1356877340726,-0.87213916,0.068468764,0.4844435,0.47692037,-0.101986825,0.87300956,0.10918069,0.99242675,0.056292415
1356877340748,-0.8399793,0.039688483,0.5411651,0.53505975,-0.10530424,0.8382256,0.09025489,0.9936478,0.06721771
1356877340788,-0.76517,0.0020422041,0.64382523,0.6394206,-0.11440432,0.760298,0.07520902,0.9934323,0.08623278
1356877340825,-0.58462656,-0.058533728,0.80918825,0.8087481,-0.12113267,0.5755462,0.06433025,0.99090904,0.11815637
1356877340868,-0.2247147,-0.15095562,0.9626608,0.9726859,-0.09374297,0.21235493,0.05818641,0.9840858,0.16789773
1356877340907,0.17805111,-0.23904774,0.9545438,0.9824271,-0.012008905,-0.18625957,0.055988044,0.9709335,0.23270884
1356877340947,0.42650455,-0.295129,0.8549811,0.9027638,0.08060628,-0.42251647,0.055779994,0.95205116,0.3008107
1356877340987,0.5823771,-0.31977254,0.7473837,0.8109631,0.16480002,-0.5614088,0.056354284,0.93305224,0.3552995
1356877341027,0.6977014,-0.3140724,0.64387214,0.7139425,0.2306237,-0.6611346,0.059151888,0.9209622,0.38513607
1356877341067,0.77533484,-0.29274327,0.5596045,0.6280071,0.26364654,-0.73218673,0.06680499,0.9191255,0.38825923
1356877341107,0.82089704,-0.2709282,0.5027186,0.5654083,0.26186454,-0.78213835,0.08025916,0.92629635,0.36814886
1356877341147,0.84686744,-0.25318226,0.467669,0.52265763,0.23384741,-0.8198442,0.09820683,0.93873006,0.3303654
1356877341187,0.86213404,-0.23926976,0.44662613,0.49257603,0.18925989,-0.84944075,0.11871709,0.9523291,0.28102595
1356877341227,0.87084776,-0.22907817,0.4349108,0.4710347,0.13594213,-0.8715767,0.14053652,0.9638687,0.22628868
1356877341267,0.87466514,-0.22297615,0.4303981,0.45652628,0.08049553,-0.8860611,0.16292535,0.9714948,0.1722011
1356877341307,0.8744655,-0.22092362,0.4318597,0.4484002,0.0285002,-0.8933785,0.18506029,0.9748746,0.123984635
1356877341347,0.8707292,-0.22243609,0.43858036,0.4465534,-0.015887111,-0.89461595,0.20596263,0.9748178,0.08549622
1356877341387,0.86321104,-0.22715585,0.45085132,0.4518205,-0.05079946,-0.8906613,0.22522193,0.9725326,0.058783025
1356877341427,0.8508408,-0.23485136,0.4700157,0.46575904,-0.0769072,-0.88156325,0.24318393,0.96898407,0.043948352
1356877341467,0.8325929,-0.2444514,0.4970237,0.4891274,-0.09655069,-0.866852,0.25989115,0.96484274,0.039180458
1356877341507,0.8097099,-0.25285718,0.5295594,0.51932824,-0.11144069,-0.8472776,0.27325463,0.96106416,0.04108122
1356877341568,0.78800046,-0.25532705,0.56023514,0.54908466,-0.12016685,-0.82708275,0.2784983,0.9593581,0.04550463
1356877341589,0.7760903,-0.24839962,0.5796391,0.5693481,-0.11922668,-0.8134051,0.27115792,0.9612922,0.04889515
1356877341629,0.78038573,-0.23203371,0.5806535,0.5729088,-0.106754616,-0.81263703,0.25054663,0.96683186,0.04962438
1356877341668,0.79976094,-0.20965517,0.5625186,0.558,-0.08596462,-0.8253763,0.2214011,0.9739891,0.048236426
1356877341707,0.8288147,-0.18537767,0.52792174,0.52637833,-0.061585665,-0.84801716,0.18971582,0.9807356,0.04653567
