1356877106890,0.603887,-0.15862688,0.7811261,0.76126134,-0.17565525,-0.6242007,0.23622388,0.9715878,0.014680557
1356877106928,-0.12254518,0.014757186,0.9923533,0.9639379,-0.23623216,0.12254912,0.23623422,0.9715846,0.014724076
1356877106968,-0.12276173,0.014556766,0.9923295,0.9638939,-0.23632753,0.122710705,0.2363011,0.9715644,0.014980793
1356877107009,-0.123223126,0.013892561,0.9922818,0.9637799,-0.23664331,0.1229969,0.23652557,0.9714973,0.015770495
1356877107048,-0.123579144,0.012357354,0.9922578,0.96360874,-0.23735476,0.122967064,0.23703665,0.9713444,0.017424434
1356877107087,-0.12279415,0.009629905,0.9923854,0.9634968,-0.23854417,0.12153432,0.23789808,0.9710839,0.020013422
1356877107128,-0.12027049,0.0054620802,0.9927261,0.9634907,-0.24031126,0.11805081,0.23920807,0.9706805,0.023639679
1356877107168,-0.11536467,-2.6136637E-4,0.9933232,0.96363586,-0.2426827,0.111852944,0.2410331,0.9701057,0.028248876
1356877107207,-0.10795903,-0.007278532,0.9941287,0.9639157,-0.24552429,0.10288042,0.2433339,0.96936315,0.033522457
1356877107247,-0.09903997,-0.015194267,0.99496734,0.96416545,-0.24877459,0.09217483,0.24612209,0.96844214,0.03928843
1356877107289,-0.08912289,-0.023664176,0.9957395,0.96431583,-0.25227886,0.080314785,0.2493034,0.96736526,0.045303524
1356877107327,-0.07910538,-0.032310724,0.9963425,0.96428555,-0.25591773,0.06826094,0.2527761,0.9661585,0.051401168
1356877107368,-0.06969625,-0.040739775,0.99673605,0.96404886,-0.2595833,0.056800604,0.25642195,0.96486104,0.057367116
1356877107409,-0.06161791,-0.04857877,0.9969169,0.96360505,-0.26321375,0.046732843,0.26013204,0.9635137,0.06302944
1356877107447,-0.055410087,-0.055551827,0.9969171,0.96303076,-0.26660168,0.03867057,0.2636315,0.9622046,0.068270475
1356877107487,-0.051490307,-0.061464816,0.9967802,0.9624518,-0.2694264,0.033103317,0.26652426,0.9610574,0.073029816
1356877107528,-0.049900174,-0.06609666,0.99656475,0.9619812,-0.27144498,0.030165046,0.2685187,0.9601817,0.07712883
1356877107567,-0.050286293,-0.0691683,0.9963368,0.9616524,-0.27266842,0.029606342,0.26962173,0.9596185,0.080227345
1356877107607,-0.051937222,-0.07035795,0.99616885,0.96143234,-0.2733093,0.030822694,0.27009356,0.9593497,0.08183926
1356877107647,-0.053654432,-0.069259584,0.9961548,0.9612641,-0.27367693,0.03274727,0.27035657,0.9593248,0.08126074
1356877107688,-0.054105043,-0.06554967,0.9963814,0.96100587,-0.27441347,0.03413105,0.27118325,0.959375,0.077840805
1356877107727,-0.052488327,-0.059395283,0.9968537,0.96036625,-0.2766496,0.034083605,0.27375475,0.95913357,0.07156205
1356877107769,-0.048571825,-0.05121103,0.997506,0.9589437,-0.28175944,0.032228827,0.2794062,0.9581175,0.062794
1356877107807,-0.044857204,-0.042434603,0.9980917,0.95684636,-0.288966,0.03071791,0.28711104,0.9563984,0.05356559
1356877107847,-0.04177171,-0.03337565,0.9985696,0.95407176,-0.29807758,0.02994749,0.29665163,0.95395803,0.04429394
1356877107888,-0.041401505,-0.024031311,0.99885356,0.9507619,-0.30826688,0.03199157,0.30714464,0.9509964,0.035610765
1356877107925,-0.04541111,-0.014379531,0.99886477,0.94708073,-0.3186819,0.038469166,0.317767,0.9477526,0.028090328
1356877107968,-0.05456823,-0.004422009,0.99850035,0.9431625,-0.3285358,0.05008903,0.32782152,0.94448125,0.022098213
1356877108007,-0.06869197,0.005783379,0.9976211,0.93910766,-0.33710366,0.06661728,0.33668703,0.94144976,0.01772514
1356877108047,-0.08651966,0.016058058,0.9961207,0.93489647,-0.34415555,0.08674994,0.34421358,0.9387753,0.014763653
1356877108087,-0.106643975,0.02631089,0.99394906,0.93044317,-0.3498209,0.10909042,0.35057452,0.9364469,0.012825608
1356877108127,-0.12754452,0.03630078,0.99116826,0.92585635,-0.35403103,0.13210621,0.35569987,0.93452895,0.01154539
1356877108168,-0.14798021,0.04581049,0.98792887,0.9215081,-0.3562817,0.15455204,0.35906103,0.933255,0.010507852
1356877108207,-0.16674584,0.054813236,0.9844752,0.91790915,-0.35597175,0.17529085,0.3600536,0.9328878,0.009043217
1356877108247,-0.18281305,0.06326747,0.98110986,0.91572154,-0.352239,0.19334337,0.35781753,0.9337691,0.0064585507
1356877108288,-0.19601852,0.07070783,0.97804767,0.915578,-0.34394962,0.20836425,0.3511321,0.9363221,0.0026819408
1356877108327,-0.20674431,0.07626757,0.97541785,0.9175774,-0.33089924,0.22035766,0.3395712,0.94057906,-0.0015698373
1356877108368,-0.2151584,0.07914674,0.9733666,0.92102945,-0.3149187,0.22919625,0.32467148,0.9458129,-0.0051391125
1356877108407,-0.22102076,0.07867646,0.9720904,0.92490196,-0.29926586,0.2345129,0.30936414,0.9509206,-0.006624043
1356877108447,-0.22401863,0.074091256,0.97176445,0.9284082,-0.28706163,0.23591056,0.29643515,0.9550425,-0.004479766
1356877108487,-0.2237832,0.064709395,0.9724884,0.9312626,-0.28015995,0.23293847,0.28752565,0.9577698,0.0024337173
1356877108527,-0.22020626,0.050163954,0.9741626,0.93352485,-0.27881253,0.2253775,0.28291452,0.9590345,0.014566988
1356877108567,-0.21338856,0.030449122,0.97649276,0.9354522,-0.28190464,0.21321061,0.28177,0.9589591,0.031671584
1356877108607,-0.20445687,0.0057365596,0.9788587,0.937129,-0.2877702,0.19742712,0.28281888,0.95768225,0.053460687
1356877108647,-0.19570845,-0.023905009,0.98037076,0.9382731,-0.29530728,0.1801039,0.28520516,0.9551033,0.0802235
1356877108687,-0.1910662,-0.05887881,0.97980964,0.93804264,-0.30493218,0.16459745,0.28908417,0.9505523,0.113493115
1356877108727,-0.19584167,-0.09984025,0.97553986,0.9350513,-0.31878972,0.15508747,0.2955081,0.94255245,0.15578803
1356877108780,-0.22442383,-0.1531257,0.9623858,0.9244568,-0.34583575,0.16055289,0.30824265,0.92571604,0.21917188
1356877108819,-0.26125497,-0.20344079,0.94358766,0.9100282,-0.37786275,0.1704947,0.32186103,0.903234,0.28385535
1356877108857,-0.30289483,-0.24409202,0.92123485,0.8925015,-0.41163743,0.18437934,0.33420917,0.87805104,0.34253535
1356877108897,-0.33970553,-0.26988947,0.900977,0.8759754,-0.43957168,0.19860432,0.34244284,0.8567008,0.3857416
1356877108937,-0.36453134,-0.2796309,0.8882135,0.8644998,-0.4561051,0.21120626,0.34605896,0.8448518,0.40800554
1356877108978,-0.37371367,-0.27479348,0.88590443,0.860075,-0.46027094,0.22004896,0.34728804,0.8441796,0.4083526
1356877109017,-0.3670913,-0.25786042,0.8937292,0.8624729,-0.45422792,0.22319838,0.3484027,0.8527514,0.3891407
1356877109057,-0.3464368,-0.23136988,0.90909255,0.87046945,-0.44051915,0.21960336,0.3496631,0.8674161,0.3540126
1356877109098,-0.31529665,-0.19771913,0.9281676,0.88198185,-0.42205912,0.20970005,0.3502799,0.8847447,0.30745855
1356877109137,-0.27780694,-0.15920895,0.94735193,0.89462477,-0.40213656,0.19476315,0.34995684,0.9016311,0.25414866
1356877109177,-0.23877901,-0.118364125,0.9638332,0.90616655,-0.38394254,0.17734241,0.34906563,0.91573906,0.19893506
1356877109218,-0.20337117,-0.07797307,0.97599196,0.91512984,-0.36954427,0.1611658,0.34810564,0.92593586,0.14651012
1356877109257,-0.17620784,-0.040694714,0.98351145,0.92102265,-0.35940915,0.150141,0.34737304,0.93229234,0.10081145
1356877109297,-0.16025066,-0.008563548,0.9870392,0.9239757,-0.35309368,0.14694855,0.3472589,0.9355488,0.06449595
1356877109337,-0.15638453,0.017279387,0.98754513,0.9239943,-0.35070127,0.1524572,0.3489677,0.93632793,0.038878202
1356877109379,-0.16298008,0.03671238,0.9859461,0.92075956,-0.35335147,0.16536182,0.35445637,0.93477005,0.023785979
1356877109417,-0.17628986,0.050620854,0.9830359,0.9143244,-0.36148953,0.18258238,0.36459962,0.93100107,0.017442971
1356877109457,-0.19214362,0.060376316,0.9795078,0.9061247,-0.37236708,0.200701,0.37685403,0.92611957,0.016839474
1356877109498,-0.20797998,0.06708825,0.9758297,0.89909357,-0.37976676,0.21773401,0.38519502,0.9226465,0.018665195
1356877109538,-0.22326577,0.0711934,0.9721543,0.89597464,-0.37780458,0.23343787,0.38390356,0.9231442,0.020563304
1356877109577,-0.23823804,0.07260218,0.9684893,0.8973508,-0.36497718,0.248099,0.37148905,0.9281813,0.02180186
1356877109636,-0.25267076,0.07096234,0.9649465,0.90167046,-0.3444463,0.26143262,0.35092413,0.93612015,0.023046881
1356877109658,-0.2654106,0.065785736,0.9618885,0.9069786,-0.32136577,0.27223843,0.3270275,0.9446673,0.025627643
1356877109698,-0.27425188,0.05660689,0.9599904,0.91238433,-0.3001278,0.27834904,0.30387625,0.95221794,0.030663341
1356877109747,-0.2757367,0.04309514,0.9602667,0.9183296,-0.28331715,0.2764094,0.2839719,0.9580575,0.03854531
1356877109765,-0.2638591,0.025763154,0.96421707,0.926542,-0.2711212,0.2607934,0.26813853,0.96220034,0.047667176
1356877109795,-0.24423683,0.0056473017,0.96969914,0.93525946,-0.26282418,0.23709318,0.25619933,0.9648272,0.058909655
1356877109837,-0.22175479,-0.021271408,0.97487044,0.9425893,-0.2606913,0.20872352,0.24970043,0.9651878,0.07785979
1356877109877,-0.18513507,-0.06207964,0.9807503,0.95042074,-0.26504904,0.16263264,0.24985075,0.96223444,0.108071685
1356877109917,-0.15026999,-0.11744824,0.9816439,0.9544164,-0.27624065,0.113051325,0.25789222,0.9538853,0.15360513
1356877109958,-0.13872886,-0.18200243,0.9734626,0.9520178,-0.2952749,0.080466956,0.27279386,0.93791676,0.21423262
1356877109997,-0.1606518,-0.24353251,0.95649517,0.94335604,-0.32290608,0.07623005,0.29029357,0.914562,0.2816133
1356877110037,-0.19486761,-0.29178596,0.93642277,0.93226564,-0.3517956,0.08438429,0.30480725,0.8894385,0.34057552
1356877110078,-0.20028543,-0.3288362,0.9229044,0.92810535,-0.3654455,0.0712038,0.31385687,0.8708136,0.37838805
1356877110117,-0.12877816,-0.36831033,0.92074084,0.9388422,-0.344288,-0.006410539,0.31936112,0.8636048,0.39012212
1356877110157,0.07421744,-0.42086554,0.90408176,0.94294596,-0.265445,-0.20097703,0.32456833,0.8674163,0.37715292
1356877110198,0.40887594,-0.4621679,0.7869062,0.8505186,-0.11959189,-0.512168,0.33081514,0.8786915,0.3441841
1356877110237,0.70648193,-0.449095,0.54698896,0.62204885,0.025409639,-0.78256595,0.33754775,0.89312255,0.29731053
1356877110278,0.85341793,-0.40992925,0.3219252,0.39156833,0.09657349,-0.91506714,0.34402332,0.90699047,0.24293286
1356877110317,0.9073313,-0.381849,0.17590132,0.23290734,0.10821729,-0.96645916,0.3500059,0.9178673,0.18712437
1356877110358,0.9248551,-0.3689464,0.09231225,0.1353052,0.09235102,-0.9864906,0.35543707,0.9248512,0.13533169
1356877110397,0.92953324,-0.36548707,0.048858628,0.078804135,0.067460686,-0.994605,0.36021918,0.9283686,0.091508836
1356877110437,0.9295958,-0.36692917,0.034850687,0.053619668,0.04108024,-0.99771607,0.36465946,0.92934144,0.05786264
1356877110477,0.92679846,-0.37165254,0.054027528,0.063063726,0.012192577,-0.99793494,0.37022638,0.9282918,0.034737855
1356877110517,0.91680264,-0.37836793,0.12771305,0.12605193,-0.02926907,-0.9915918,0.37892458,0.9251925,0.020860046
1356877110557,0.878216,-0.3772647,0.29395226,0.27579102,-0.10266453,-0.9557192,0.39073762,0.92039734,0.013884604
1356877110598,0.745509,-0.33408466,0.5767181,0.5318124,-0.22339036,-0.8168675,0.40173605,0.9156879,0.011130811
1356877110637,0.43575695,-0.20317405,0.876833,0.80352205,-0.3511317,-0.4806858,0.40554672,0.91401684,0.010246724
1356877110677,0.022592604,-0.020549238,0.99953353,0.91729164,-0.39716613,-0.028899014,0.39757475,0.91751665,0.009876579
1356877110717,-0.34054422,0.1290009,0.9313369,0.8608994,-0.35544395,0.36402172,0.37799725,0.9257528,0.0099876225
1356877110766,-0.608907,0.21884461,0.76245606,0.71137124,-0.27463353,0.6469369,0.35097465,0.93631375,0.011546493
1356877110799,-0.7915053,0.25984222,0.55317396,0.51960343,-0.1904214,0.83291775,0.32176334,0.9466899,0.015704632
1356877110838,-0.90881604,0.27227074,0.31610465,0.29572773,-0.11402309,0.9484429,0.29427648,0.95544094,0.023107946
1356877110877,-0.96253955,0.27113318,-0.0020988137,-0.011133298,-0.031787395,0.9994326,0.27091265,0.96201676,0.03361523
1356877110917,-0.8007413,0.23668587,-0.5502666,-0.5431105,0.10062593,0.83360994,0.25267476,0.9663614,0.04797119
1356877110957,-0.07729763,0.08946779,-0.99298567,-0.9675733,0.23348933,0.09635681,0.24047238,0.9682346,0.06851852
1356877110997,0.43439788,-0.013032824,-0.9006268,-0.86932147,0.25564265,-0.4229978,0.23575148,0.9666835,0.099720895
1356877111037,0.63836217,-0.042156458,-0.76858085,-0.7314464,0.27778023,-0.6227554,0.23974973,0.9597192,0.14648919
1356877111077,0.7399856,-0.04770395,-0.670929,-0.6238874,0.32409334,-0.7111457,0.2513681,0.94482166,0.21006249
1356877111117,0.80696696,-0.05255337,-0.58825374,-0.5273268,0.38441116,-0.7577298,0.2659526,0.9216649,0.2824943
1356877111158,0.8597619,-0.0703951,-0.50582016,-0.42822254,0.44031346,-0.7891448,0.27827132,0.89508027,0.34841996
1356877111197,0.9015502,-0.1064935,-0.41936436,-0.32433623,0.47518528,-0.81792724,0.28637972,0.8734175,0.39386365
1356877111237,0.9299599,-0.1558905,-0.3329756,-0.22285342,0.48131895,-0.84774315,0.29242256,0.86257184,0.4128666
1356877111277,0.94485164,-0.21001466,-0.2512951,-0.13167559,0.45895118,-0.8786497,0.2998615,0.86328304,0.40598696
1356877111317,0.9489594,-0.2605218,-0.17777638,-0.056860186,0.4131087,-0.9089049,0.3102305,0.87262225,0.37721008
1356877111357,0.9465202,-0.3018104,-0.11406124,-8.2042813E-4,0.35126728,-0.9362748,0.3226435,0.8862966,0.33223397
1356877111397,0.9412034,-0.33263242,-0.059091553,0.038976565,0.2806542,-0.9590172,0.33558452,0.90032715,0.27711755
1356877111437,0.9350748,-0.35429806,-0.010392338,0.0677806,0.20751339,-0.97588116,0.34790936,0.9118175,0.21805507
1356877111477,0.9290035,-0.36847234,0.034360155,0.09089157,0.13717955,-0.9863673,0.35873556,0.91946167,0.16093132
1356877111517,0.92324644,-0.37640905,0.07702105,0.11271033,0.073696196,-0.9908912,0.3673042,0.9235178,0.11046493
1356877111557,0.9174873,-0.37936133,0.11959088,0.13699925,0.019121349,-0.99038655,0.37342766,0.9250509,0.069515824
1356877111597,0.91029453,-0.37939084,0.165609,0.16803956,-0.02695772,-0.9854115,0.37832057,0.92484367,0.03921321
1356877111637,0.8984977,-0.3792094,0.22113824,0.21138549,-0.06775112,-0.97505176,0.38473117,0.9228271,0.019285142
1356877111677,0.8776344,-0.37978968,0.2924342,0.27181962,-0.10817006,-0.95624965,0.39480636,0.91872686,0.008300513
1356877111717,0.8442167,-0.3778943,0.38012388,0.34875616,-0.15126166,-0.9249265,0.40702263,0.9134089,0.0040953457
1356877111773,0.7988641,-0.367635,0.47608882,0.43446356,-0.19472875,-0.8793873,0.4160018,0.90935427,0.004162222
1356877111799,0.7470615,-0.34550044,0.5679159,0.51849914,-0.23178206,-0.82306474,0.41600204,0.9093439,0.005986243
1356877111839,0.6961659,-0.3134097,0.645854,0.5931388,-0.25568742,-0.7634201,0.4044,0.91454816,0.007894576
1356877111877,0.6500671,-0.27710652,0.7075484,0.65614414,-0.26493707,-0.7065997,0.38325918,0.923591,0.009594947
1356877111917,0.6108005,-0.2429253,0.7535981,0.70690256,-0.2614268,-0.6572252,0.35666737,0.93415385,0.012044881
1356877111957,0.57931244,-0.21578649,0.78602374,0.74562645,-0.24929097,-0.6179767,0.3292996,0.9440817,0.016478717
1356877111997,0.55778337,-0.19836518,0.80593354,0.77210855,-0.2322394,-0.5915345,0.30450946,0.95221627,0.023620218
1356877112037,0.5471103,-0.191039,0.81496894,0.7874677,-0.21267489,-0.5785017,0.2838397,0.958266,0.034080334
1356877112077,0.5436595,-0.19334766,0.8167319,0.7954118,-0.19188178,-0.57489264,0.26787004,0.9621841,0.049472623
1356877112117,0.53863865,-0.20627296,0.81689644,0.8022454,-0.17067915,-0.572076,0.25743103,0.96349365,0.07354715
1356877112157,0.52084744,-0.23338515,0.8211269,0.81496817,-0.15032822,-0.559668,0.25405675,0.9606939,0.11190338
1356877112197,0.48143438,-0.27824745,0.8311434,0.8373995,-0.13398811,-0.5299143,0.25881064,0.95111805,0.1684978
1356877112237,0.42041507,-0.337989,0.84203005,0.86616254,-0.12687173,-0.48339012,0.2702104,0.9325594,0.23941463
1356877112277,0.35100394,-0.3996877,0.8467858,0.8923227,-0.13133395,-0.43187004,0.2838248,0.9071942,0.31055158
1356877112317,0.29250658,-0.4477956,0.8449373,0.90949893,-0.14265752,-0.39046198,0.2953838,0.88268226,0.36554134
1356877112357,0.25686663,-0.47402608,0.84221065,0.9172337,-0.1549688,-0.36697,0.3044697,0.8667664,0.39498642
1356877112397,0.24468446,-0.47807348,0.8435492,0.91737163,-0.16754383,-0.36105162,0.3139407,0.86219186,0.39757568
1356877112437,0.25026965,-0.46339825,0.85007477,0.9116963,-0.18270254,-0.3680076,0.3258449,0.86711115,0.3767536
1356877112477,0.26628458,-0.43455395,0.860381,0.90213287,-0.2020191,-0.38124073,0.33948305,0.8776965,0.33823085
1356877112517,0.28635824,-0.39605993,0.8724308,0.89075476,-0.22535574,-0.39467806,0.35292348,0.8901412,0.28825974
1356877112557,0.30557668,-0.35215002,0.8846543,0.8796256,-0.2512918,-0.40387022,0.36452928,0.90157795,0.23297128
1356877112597,0.32073998,-0.30654824,0.8961887,0.87052286,-0.27745396,-0.4064596,0.37325054,0.91052055,0.17786661
1356877112637,0.32994562,-0.26253867,0.90675765,0.8647095,-0.30128354,-0.40187776,0.3786996,0.91667974,0.12761247
1356877112677,0.3321494,-0.22311622,0.91645837,0.8624607,-0.32154292,-0.3908603,0.381888,0.92023325,0.08562867
1356877112717,0.32635093,-0.19084114,0.9257834,0.8629444,-0.3395638,-0.3741971,0.38577464,0.9210191,0.05386825
1356877112771,0.3105923,-0.16821447,0.9355407,0.8640921,-0.36014318,-0.35162735,0.39607742,0.917606,0.0334951
1356877112809,0.28564996,-0.15050226,0.94644237,0.8665984,-0.38108456,-0.32215157,0.40915918,0.9122081,0.021568269
1356877112848,0.25899374,-0.13700533,0.95611286,0.8692198,-0.39857298,-0.29256913,0.42116424,0.9068457,0.015859783
1356877112887,0.23312682,-0.124197274,0.9644828,0.87432325,-0.40739572,-0.2637949,0.42568874,0.9047673,0.013613656
1356877112928,0.21020776,-0.11063099,0.97137713,0.8837248,-0.4034502,-0.237189,0.41814265,0.908289,0.012958899
1356877112967,0.19059688,-0.097242266,0.97684014,0.8969544,-0.3871305,-0.21354789,0.39893055,0.9168827,0.013436034
1356877113007,0.17444605,-0.086673826,0.98084474,0.9115052,-0.3625778,-0.19415358,0.3724605,0.9279144,0.015753344
1356877113048,0.16273046,-0.08146995,0.9833013,0.92473286,-0.33493978,-0.1807887,0.34407553,0.93871087,0.02083297
1356877113088,0.15741527,-0.0828459,0.98405135,0.93494725,-0.30832934,-0.17551807,0.31795287,0.94766533,0.02892077
1356877113125,0.1598503,-0.09069264,0.98296624,0.9416902,-0.2846651,-0.17940232,0.29608673,0.9543272,0.0399006
1356877113168,0.16907293,-0.104988456,0.9799958,0.9452759,-0.2642401,-0.19139132,0.27904803,0.95872545,0.054567188
1356877113207,0.18095201,-0.12705827,0.97525,0.9465152,-0.24685228,-0.20778102,0.26714298,0.96068734,0.07559413
1356877113247,0.18666285,-0.16052702,0.9692203,0.94700265,-0.2331245,-0.22099519,0.26142475,0.95910585,0.10850389
1356877113287,0.17712748,-0.20879489,0.9617851,0.9484133,-0.22487259,-0.22348267,0.2629411,0.95175475,0.15819272
1356877113327,0.14780194,-0.26929426,0.9516487,0.9512608,-0.22461891,-0.21130362,0.27066115,0.9364972,0.22296996
1356877113367,0.1045019,-0.33015606,0.9381238,0.9541354,-0.23280793,-0.18821809,0.280544,0.9147663,0.2906847
1356877113407,0.06082779,-0.37650302,0.9244163,0.9555671,-0.24565351,-0.16292915,0.2884294,0.8932524,0.34483132
1356877113447,0.028887987,-0.39999512,0.9160619,0.9553951,-0.25841993,-0.14296648,0.29391453,0.879331,0.3746881
1356877113487,0.01442343,-0.40027678,0.91628087,0.95387435,-0.2693045,-0.13266075,0.29985952,0.8759302,0.3779294
1356877113527,0.018067122,-0.38126743,0.9242882,0.9510406,-0.27871716,-0.13356048,0.3085373,0.8814487,0.35756528
1356877113567,0.03737521,-0.3485221,0.93655515,0.9467577,-0.28755182,-0.14478964,0.31977046,0.8921023,0.31921858
1356877113607,0.06865388,-0.30773115,0.9489932,0.9406564,-0.29691797,-0.16433275,0.33234343,0.9039587,0.2690847
1356877113647,0.1068337,-0.26456246,0.9584327,0.9324093,-0.3080638,-0.18896985,0.34525272,0.91383994,0.2137689
1356877113687,0.14642203,-0.22402403,0.9635216,0.92227435,-0.3213166,-0.21486172,0.3577297,0.92009175,0.1595638
1356877113727,0.18308127,-0.18949535,0.96466196,0.9112462,-0.33552843,-0.23885381,0.36893317,0.9227742,0.11124796
1356877113771,0.21423578,-0.1625931,0.9631545,0.90051365,-0.3491019,-0.25923547,0.37838894,0.92287123,0.07162714
1356877113809,0.23827255,-0.14413768,0.9604429,0.8910319,-0.36098742,-0.27522755,0.38637844,0.9213644,0.042417884
1356877113848,0.2537189,-0.13396025,0.9579569,0.8828025,-0.37269688,-0.28593174,0.395331,0.91823304,0.023700163
1356877113887,0.26152712,-0.13078696,0.95629406,0.8753173,-0.38536423,-0.29208565,0.40672252,0.91344905,0.013696879
1356877113927,0.26369268,-0.13212419,0.9555152,0.86903596,-0.39734942,-0.2947707,0.4186198,0.90810597,0.0100426525
1356877113967,0.2637759,-0.1346415,0.9551408,0.8657609,-0.40355206,-0.29597908,0.42530015,0.90499574,0.010120079
1356877114007,0.26504612,-0.13577926,0.954628,0.8671452,-0.39939326,-0.29756385,0.421675,0.9066692,0.0118827075
1356877114048,0.26916206,-0.13504413,0.95358,0.87276626,-0.38444883,-0.3007961,0.40722343,0.91321534,0.014382884
1356877114087,0.27640373,-0.1338822,0.95167035,0.88031995,-0.36198127,-0.3066046,0.38553578,0.922521,0.017806217
1356877114127,0.28679347,-0.13446337,0.94850886,0.8872432,-0.33614427,-0.3159218,0.3613157,0.9321624,0.022897676
1356877114167,0.3007766,-0.13842294,0.9435955,0.89173234,-0.30999625,-0.32972056,0.33815196,0.9406069,0.030196652
1356877114207,0.31881034,-0.14644226,0.9364372,0.8928968,-0.2850281,-0.34856036,0.31795484,0.94726646,0.039887905
1356877114247,0.34011164,-0.15890846,0.9268615,0.89080477,-0.2613664,-0.37169135,0.30131534,0.95206916,0.052662656
1356877114287,0.36126482,-0.17712483,0.91548586,0.88675463,-0.23835939,-0.39604393,0.2883639,0.9548882,0.07095547
1356877114327,0.3757556,-0.20420349,0.9039407,0.8834528,-0.21563011,-0.4159507,0.27985537,0.95488465,0.09937987
1356877114367,0.3756587,-0.24406305,0.89404356,0.8843571,-0.19405699,-0.42456394,0.27711573,0.9501448,0.14293966
1356877114407,0.35607433,-0.2970702,0.88597995,0.89144963,-0.17633903,-0.4173993,0.28022975,0.9384316,0.20203328
1356877114447,0.3204565,-0.35521728,0.87813914,0.90285367,-0.16598207,-0.3966172,0.28664064,0.91992974,0.2675192
1356877114487,0.2803837,-0.4046476,0.8704282,0.91412985,-0.16407567,-0.370737,0.2928339,0.89963305,0.32389623
1356877114527,0.2476353,-0.43474627,0.86583626,0.9219239,-0.1690287,-0.34854797,0.29788113,0.88454795,0.3589455
1356877114567,0.2278465,-0.4425184,0.8673312,0.92500323,-0.17979348,-0.33472875,0.3040641,0.878551,0.36836565
1356877114607,0.22080779,-0.43040064,0.8752138,0.9235561,-0.19618177,-0.32947963,0.3135093,0.88106066,0.3541807
1356877114647,0.22400814,-0.4029661,0.88737744,0.91848946,-0.21716553,-0.33047885,0.3258795,0.88907677,0.32147324
1356877114687,0.23452169,-0.36536515,0.9008373,0.9109385,-0.24093902,-0.3348724,0.33939752,0.89914227,0.27631968
1356877114727,0.24962449,-0.3228178,0.9129493,0.90186787,-0.26578623,-0.34057626,0.35259333,0.90837574,0.22479217
1356877114773,0.26655954,-0.28034803,0.92214483,0.8921753,-0.29020828,-0.34612477,0.36464947,0.91497767,0.17276178
1356877114809,0.28307933,-0.24187595,0.92809594,0.8827165,-0.3127209,-0.3507379,0.37507012,0.91853225,0.12498313
1356877114847,0.29720068,-0.20995137,0.9314462,0.87432003,-0.33219522,-0.35385117,0.38371357,0.91954696,0.08483608
1356877114887,0.30678904,-0.18606272,0.93341374,0.86751485,-0.34876925,-0.35465196,0.39153352,0.9185536,0.054413617
1356877114928,0.3099578,-0.17055583,0.9353272,0.8621621,-0.3642515,-0.35213247,0.40075257,0.9155499,0.034144208
1356877114967,0.30616105,-0.16211498,0.9380747,0.8579049,-0.38012952,-0.3456886,0.41263127,0.9106153,0.022698462
1356877115007,0.29713398,-0.15763128,0.94173443,0.8552575,-0.3945971,-0.33589828,0.42455375,0.9052323,0.017567158
1356877115048,0.2862754,-0.1532881,0.94580615,0.8559718,-0.40263593,-0.32434022,0.43053296,0.902434,0.015945524
1356877115088,0.2765692,-0.14650986,0.9497601,0.8614199,-0.40029985,-0.31259477,0.42598712,0.90459645,0.015496001
1356877115127,0.2693848,-0.13721156,0.9532076,0.8710898,-0.38734704,-0.30193508,0.4106511,0.91166615,0.015178189
1356877115167,0.2644993,-0.12736574,0.95593834,0.8827416,-0.36717826,-0.29316795,0.3883393,0.9213892,0.015312701
1356877115207,0.26194793,-0.119738966,0.95762515,0.89386415,-0.34400445,-0.2875202,0.36385468,0.9313021,0.016919121
1356877115247,0.26303744,-0.11648288,0.957728,0.9026121,-0.32088065,-0.28692684,0.3407385,0.93992937,0.020735279
1356877115287,0.2698335,-0.11873412,0.95555854,0.90786636,-0.29933453,-0.29356027,0.32088724,0.9467318,0.02702421
1356877115327,0.28312117,-0.12729067,0.9505996,0.9093351,-0.2794481,-0.30825084,0.30488068,0.95168585,0.036632165
1356877115367,0.30007863,-0.1437448,0.9430219,0.90786386,-0.26041245,-0.32858568,0.2928071,0.954737,0.05235648
1356877115407,0.313334,-0.17104688,0.9341117,0.9058049,-0.2415809,-0.34807515,0.2852007,0.9551867,0.07923956
1356877115447,0.31226438,-0.21255207,0.9259118,0.90684223,-0.22372258,-0.35719088,0.28306904,0.9511939,0.12289064
1356877115487,0.2885375,-0.26821816,0.91913295,0.9136654,-0.2099042,-0.3480747,0.28628972,0.9402125,0.1844963
1356877115527,0.24395919,-0.33010265,0.91187507,0.9247172,-0.20413184,-0.32129145,0.29220194,0.92160857,0.2554518
1356877115571,0.19174272,-0.3849514,0.9027996,0.9352644,-0.2071802,-0.28697896,0.29751512,0.8993825,0.32030606
1356877115617,0.15524638,-0.41828665,0.8949496,0.9407172,-0.21396661,-0.26319063,0.30157846,0.88275397,0.36027193
1356877115657,0.13992071,-0.4282176,0.8927776,0.9414131,-0.22189659,-0.253975,0.30686086,0.87600887,0.3720817
1356877115697,0.14935791,-0.41799614,0.8960867,0.9370309,-0.22951269,-0.2632428,0.31569782,0.8789784,0.3573959
1356877115771,0.18911904,-0.38606763,0.9028764,0.9249308,-0.23873293,-0.2958202,0.32975292,0.8910434,0.31193691
1356877115779,0.21954286,-0.34886673,0.9110944,0.91350114,-0.25435734,-0.3175187,0.34251526,0.9019947,0.26284778
1356877115805,0.24876201,-0.31175295,0.91702104,0.9017583,-0.27098638,-0.33674693,0.353482,0.91070116,0.21371464
1356877115848,0.28249198,-0.27237877,0.91978705,0.8876152,-0.28939933,-0.35831168,0.3637822,0.9176371,0.16001453
1356877115887,0.30750555,-0.23323509,0.9225192,0.87554216,-0.3103239,-0.37030393,0.3726476,0.921575,0.108780846
1356877115927,0.3218646,-0.19745904,0.925966,0.86732477,-0.33070004,-0.37200156,0.37967217,0.9228474,0.06482051
1356877115967,0.32311243,-0.16677478,0.93154955,0.8643714,-0.34876466,-0.3622505,0.38530576,0.92225236,0.031465113
1356877116007,0.30953634,-0.14192861,0.94023585,0.86647123,-0.36519825,-0.3403789,0.391682,0.92004704,0.009934932
1356877116047,0.28129178,-0.12243086,0.9517802,0.8716899,-0.38215542,-0.3067797,0.40128732,0.91595185,-7.753819E-4
1356877116087,0.24231952,-0.10642618,0.96434164,0.8775541,-0.39983207,-0.26463762,0.4137391,0.9103888,-0.0034923702
1356877116127,0.19983006,-0.09145665,0.97555304,0.88322675,-0.4142683,-0.21975526,0.4242387,0.9055482,-0.002006352
1356877116167,0.16067588,-0.07604289,0.9840735,0.8901356,-0.41959453,-0.17776158,0.42642936,0.90452087,2.6974082E-4
1356877116207,0.1284849,-0.06048438,0.9898653,0.8997997,-0.4125479,-0.14200255,0.41695574,0.90892565,0.0014176518
1356877116247,0.104219496,-0.04659447,0.9934622,0.91178405,-0.39448565,-0.11415285,0.39722547,0.91772,0.0013710111
1356877116287,0.08822483,-0.03678122,0.9954213,0.92407894,-0.37005872,-0.09557551,0.3718797,0.92827994,0.0013403893
1356877116327,0.081974864,-0.033114016,0.9960841,0.934719,-0.34422576,-0.08836818,0.34580407,0.93830276,0.0027344525
1356877116367,0.08836603,-0.036875725,0.99540526,0.94246954,-0.32035035,-0.095534354,0.32240134,0.9465811,0.0064461827
1356877116407,0.10979843,-0.048945278,0.9927481,0.94654846,-0.2996251,-0.11946109,0.30329925,0.95280075,0.013430655
1356877116448,0.14475965,-0.07081437,0.98692954,0.9462538,-0.28164178,-0.15900189,0.2892202,0.9569029,0.026238024
1356877116488,0.18430287,-0.104975134,0.9772475,0.94179463,-0.26557028,-0.20614406,0.28116783,0.95835936,0.049919665
1356877116525,0.21184832,-0.1536004,0.96515656,0.9361791,-0.25156862,-0.2455239,0.28051564,0.9555732,0.09050307
1356877116568,0.20922804,-0.21584749,0.9537471,0.9346348,-0.24265724,-0.25995234,0.2875437,0.9457946,0.1509679
1356877116607,0.17691678,-0.283427,0.9425336,0.93773365,-0.24231023,-0.2488803,0.29892492,0.9278766,0.22291027
1356877116647,0.13420743,-0.3434115,0.9295466,0.9413058,-0.24900895,-0.22789899,0.3097286,0.90557337,0.28983638
1356877116687,0.10937172,-0.38642657,0.9158124,0.9419037,-0.2540716,-0.21969306,0.31757712,0.8866353,0.33618838
1356877116727,0.11763865,-0.41046044,0.9042585,0.93850565,-0.251693,-0.23634234,0.32460475,0.8764547,0.35561067
1356877116772,0.15801263,-0.41736883,0.894894,0.9293696,-0.24334121,-0.2775917,0.3336227,0.87555027,0.3494389
1356877116809,0.21854341,-0.41010743,0.8854664,0.91286534,-0.23474038,-0.3340268,0.34484154,0.88131094,0.32307184
1356877116849,0.28622395,-0.391927,0.8743392,0.88928366,-0.231067,-0.39469314,0.35672188,0.89050615,0.2823974
1356877116888,0.3509041,-0.3661065,0.8618772,0.86117697,-0.2352947,-0.450567,0.36775064,0.9003346,0.23271659
1356877116927,0.40371132,-0.33617312,0.8508847,0.83360153,-0.24807835,-0.49352354,0.37699544,0.90853983,0.18008244
1356877116967,0.44146037,-0.3048958,0.8438906,0.8107643,-0.26738477,-0.5207367,0.3844139,0.914081,0.12915882
1356877117007,0.4614067,-0.2743127,0.84371585,0.7964922,-0.2908002,-0.5301276,0.39077348,0.9166176,0.08431077
1356877117048,0.46233597,-0.24607539,0.8518758,0.7924681,-0.31632885,-0.5214695,0.39779365,0.91617846,0.048756696
1356877117088,0.44453052,-0.22110674,0.8680463,0.79786277,-0.34277853,-0.495901,0.40719473,0.913025,0.024037361
1356877117127,0.41159847,-0.19961274,0.88923645,0.809268,-0.368677,-0.4573431,0.41913247,0.9078723,0.009793289
1356877117167,0.37094992,-0.18074271,0.9108942,0.8229165,-0.3905784,-0.4126221,0.43035394,0.902652,0.0038511083
1356877117207,0.33201474,-0.16376281,0.9289499,0.8368026,-0.40338457,-0.37019238,0.43534774,0.900257,0.0031074733
1356877117247,0.30188775,-0.14878008,0.94166255,0.85073876,-0.40372497,-0.336526,0.43024102,0.90270185,0.0046933442
1356877117287,0.28380275,-0.13694644,0.94905305,0.86422133,-0.39226586,-0.31503806,0.41542447,0.9096005,0.0070259124
1356877117327,0.2785805,-0.12994799,0.951581,0.875574,-0.37279356,-0.30723774,0.39466822,0.9187701,0.0099261105
1356877117367,0.28667414,-0.12923306,0.9492717,0.8827186,-0.3494534,-0.31414983,0.37232473,0.9279984,0.013897225
1356877117407,0.30882776,-0.13539109,0.94143224,0.88381016,-0.32488114,-0.33664784,0.35143268,0.9360136,0.0193277
1356877117447,0.34489083,-0.14807218,0.9268899,0.877466,-0.2998035,-0.37439454,0.33332226,0.9424397,0.02652882
1356877117487,0.39133942,-0.16656053,0.90504754,0.86351097,-0.27351993,-0.4237164,0.318123,0.94733536,0.03678772
1356877117527,0.43973345,-0.1909445,0.87759596,0.84448665,-0.24473149,-0.47639138,0.3057397,0.9506033,0.053633466
1356877117567,0.47766963,-0.22311619,0.8497358,0.8269173,-0.21248105,-0.5206339,0.2967146,0.9513522,0.08300287
1356877117607,0.49352938,-0.2660823,0.8280271,0.8191472,-0.17773575,-0.54535127,0.29227826,0.947423,0.13024274
1356877117647,0.48304683,-0.31997305,0.8150356,0.8250708,-0.14528513,-0.54603153,0.29312792,0.9362208,0.1938209
1356877117687,0.45465586,-0.37742007,0.8067478,0.8393856,-0.121344656,-0.52981794,0.29785857,0.91805744,0.26163098
1356877117727,0.42709994,-0.42552918,0.79781604,0.85169524,-0.1069777,-0.51300186,0.30364585,0.8985992,0.3167311
1356877117773,0.41600138,-0.4547813,0.787475,0.85506237,-0.099137604,-0.5089598,0.30953383,0.8850682,0.34762502
1356877117809,0.4240873,-0.46361992,0.77795017,0.848245,-0.097549856,-0.52054226,0.3172227,0.8806478,0.3518937
1356877117849,0.44579557,-0.4553542,0.77066135,0.83277786,-0.10473326,-0.5436102,0.3282491,0.8841287,0.33251923
1356877117887,0.472299,-0.4356864,0.76623166,0.81253725,-0.12172845,-0.57005733,0.34163842,0.8918293,0.29651922
1356877117927,0.49871308,-0.4092524,0.7640665,0.7903646,-0.14715886,-0.59469986,0.35582155,0.90047574,0.2500686
1356877117967,0.5211503,-0.38019425,0.7641039,0.7693508,-0.17829281,-0.6134419,0.36946133,0.90755934,0.19958544
1356877118007,0.53792304,-0.35141665,0.7662539,0.7516816,-0.2115041,-0.6246923,0.38159317,0.91201544,0.15038058
1356877118047,0.5483196,-0.32469112,0.7706629,0.73903865,-0.24313724,-0.6282564,0.39136615,0.9140349,0.106642395
1356877118087,0.55158913,-0.30125618,0.7778137,0.73261786,-0.2708343,-0.6244357,0.3987737,0.9142721,0.07131639
1356877118127,0.5463407,-0.28213295,0.78861445,0.7329253,-0.2946696,-0.61318046,0.40537912,0.913001,0.04579237
1356877118167,0.53135866,-0.26752672,0.8037956,0.73949695,-0.31640834,-0.5941633,0.41328216,0.91011834,0.029708888
1356877118209,0.507373,-0.25611192,0.8227876,0.75113684,-0.33651307,-0.56793714,0.42233413,0.90618205,0.02163738
1356877118247,0.4790235,-0.24399948,0.84320855,0.7664883,-0.35190442,-0.5372697,0.42782247,0.90367436,0.018452354
1356877118287,0.45308682,-0.22938043,0.86145055,0.78414947,-0.35711738,-0.5075202,0.42405418,0.90545666,0.018063366
1356877118327,0.4320568,-0.21193251,0.87659085,0.8036506,-0.3505887,-0.48086733,0.40923417,0.91223484,0.018845387
1356877118377,0.4184841,-0.19291654,0.8874988,0.8244692,-0.32917827,-0.46031737,0.38094825,0.924351,0.021297902
1356877118417,0.40665534,-0.17818636,0.8960364,0.84233695,-0.30658707,-0.4432526,0.3536947,0.93501556,0.025417656
1356877118457,0.39922857,-0.17043757,0.90087044,0.8552942,-0.28472787,-0.43289933,0.3302852,0.94333506,0.03210278
1356877118497,0.3990025,-0.17042258,0.90097344,0.8623632,-0.26421386,-0.43188077,0.3116518,0.94928783,0.04154408
1356877118537,0.406868,-0.17817262,0.89594245,0.8636191,-0.2446002,-0.44083184,0.2976919,0.9531134,0.054353297
1356877118577,0.4193722,-0.19453555,0.88672596,0.8608661,-0.22482884,-0.45646635,0.2881605,0.95478165,0.07318209
1356877118617,0.42771593,-0.22192052,0.8762478,0.8583509,-0.20417097,-0.4706887,0.28335994,0.95344913,0.10315853
1356877118657,0.4199065,-0.26335093,0.86851877,0.8620281,-0.18359947,-0.47243917,0.28387684,0.94706786,0.14992127
1356877118697,0.3880877,-0.31833622,0.8648988,0.87518084,-0.16685212,-0.45411325,0.2888709,0.93317866,0.21384853
1356877118738,0.3360486,-0.3786634,0.8623719,0.8943498,-0.15879685,-0.4182367,0.29531288,0.91181004,0.28529412
1356877118785,0.27612472,-0.43300608,0.8580564,0.9128201,-0.16131085,-0.37515098,0.3008565,0.88683957,0.35071474
1356877118818,0.23286211,-0.46810567,0.8524391,0.9236145,-0.16798681,-0.34455302,0.30448574,0.8675585,0.39323136
1356877118857,0.22716767,-0.48006958,0.8473064,0.9233617,-0.17034423,-0.34407267,0.3095126,0.8605324,0.40458113
1356877118897,0.24968117,-0.47221708,0.84538174,0.914536,-0.17193419,-0.3661455,0.31825027,0.86455166,0.38893083
1356877118939,0.28922427,-0.45022613,0.8447755,0.8984811,-0.17679995,-0.4018375,0.33027405,0.87523603,0.3533849
1356877118977,0.33493924,-0.4196958,0.843606,0.8773379,-0.18762207,-0.4416743,0.34364796,0.8880616,0.30537307
1356877119017,0.3788036,-0.38540575,0.8414097,0.8539474,-0.20491993,-0.4783113,0.3567655,0.89970565,0.2514918
1356877119057,0.4154775,-0.35102236,0.83914346,0.831614,-0.22715741,-0.5067718,0.3685059,0.90839577,0.19753629
1356877119097,0.4424842,-0.31861818,0.83826613,0.8132663,-0.25132865,-0.52481586,0.37789622,0.91395634,0.14791253
1356877119137,0.45859247,-0.28894502,0.8403593,0.8012741,-0.2744584,-0.5316317,0.38425606,0.9171605,0.10565964
1356877119177,0.4626481,-0.26215518,0.84689516,0.79701805,-0.29533368,-0.52682096,0.3882255,0.9187234,0.07230684
1356877119217,0.45223457,-0.2382245,0.85949576,0.80096376,-0.31544983,-0.50886977,0.39235306,0.9185535,0.048151903
1356877119257,0.4254255,-0.21655935,0.8787009,0.8120385,-0.33727792,-0.4762742,0.39950806,0.91615814,0.032367915
1356877119297,0.38392943,-0.19541982,0.90244627,0.8275666,-0.36067098,-0.43017453,0.40955076,0.91199106,0.02325067
1356877119337,0.33420038,-0.17253777,0.9265748,0.8449042,-0.38081545,-0.3756549,0.4176686,0.9084109,0.018509194
1356877119377,0.28392178,-0.14700845,0.94751096,0.86328423,-0.3908596,-0.31932598,0.41728738,0.90863484,0.015936539
1356877119417,0.23714101,-0.120114386,0.9640211,0.883043,-0.38700902,-0.26544133,0.40496814,0.91421914,0.014290437
1356877119457,0.19399714,-0.09489775,0.97640127,0.90334135,-0.37084204,-0.21552375,0.38254339,0.9238347,0.013782799
1356877119497,0.15380299,-0.0749028,0.9852585,0.92209506,-0.34744674,-0.17035705,0.35508507,0.9347034,0.015629098
1356877119537,0.11818236,-0.062986076,0.99099225,0.93738884,-0.32219154,-0.13226786,0.32762033,0.94457686,0.0209651
1356877119577,0.09176195,-0.060655355,0.993932,0.9484372,-0.29878783,-0.10579553,0.30339184,0.9523901,0.030110449
1356877119617,0.07958126,-0.06846249,0.9944746,0.95557356,-0.2787977,-0.09566152,0.28380638,0.9579065,0.04323381
1356877119657,0.082437575,-0.0871419,0.99277914,0.9595206,-0.2622481,-0.1026949,0.26930347,0.9610579,0.061995357
1356877119697,0.09050989,-0.11802158,0.9888776,0.961182,-0.24952525,-0.11775559,0.2606476,0.9611494,0.09085566
1356877119737,0.081047654,-0.1616,0.98352253,0.96243656,-0.24385422,-0.11937708,0.2591275,0.95625335,0.135766
1356877119777,0.025425315,-0.21379116,0.9765484,0.9639909,-0.25343263,-0.08058116,0.2647168,0.94343257,0.19964921
1356877119818,-0.07462317,-0.26229,0.96209943,0.9589697,-0.28349358,-0.0029063225,0.2735113,0.9224073,0.27268338
1356877119876,-0.1881038,-0.2940475,0.93709826,0.9410076,-0.32721907,0.08621201,0.28128597,0.8980334,0.338252
1356877119898,-0.27094364,-0.30808932,0.91195965,0.9187291,-0.36550486,0.14947551,0.28727385,0.8783434,0.3820819
1356877119938,-0.29520673,-0.31363273,0.90248954,0.90892804,-0.38329858,0.16410905,0.29445305,0.8687442,0.3982221
1356877119975,-0.25521088,-0.31815302,0.9130422,0.91734505,-0.37806642,0.12467489,0.30552492,0.8693931,0.38834274
1356877120018,-0.15914243,-0.32155183,0.93342274,0.9338018,-0.35591376,0.036599487,0.3204494,0.8774564,0.3569067
1356877120057,-0.04028845,-0.31636107,0.94778293,0.94068956,-0.33180594,-0.07076681,0.33686787,0.8887184,0.31096554
1356877120097,0.0708307,-0.29892883,0.9516431,0.933005,-0.31760097,-0.16920784,0.35282385,0.8998729,0.2564062
1356877120137,0.14590627,-0.26801392,0.95230246,0.9187287,-0.32033563,-0.23091683,0.3669454,0.90859973,0.19949313
1356877120177,0.17314976,-0.22469592,0.9589218,0.9092488,-0.33773184,-0.24331832,0.378531,0.914029,0.1458263
1356877120217,0.15164334,-0.17004612,0.9736984,0.9093691,-0.3620537,-0.20485356,0.38736567,0.91651595,0.099731684
1356877120257,0.086301506,-0.10606873,0.9906066,0.91505456,-0.38477743,-0.12091929,0.3939888,0.9168946,0.06385179
1356877120297,-0.011432469,-0.037528962,0.99923015,0.91636896,-0.4003091,-0.004550338,0.40017164,0.91561145,0.038966835
1356877120339,-0.12206489,0.028228045,0.9921206,0.9047311,-0.4078638,0.12291759,0.4081198,0.9126063,0.02424705
1356877120377,-0.22521466,0.08478856,0.9706129,0.88000196,-0.40987694,0.23999497,0.41818058,0.90819156,0.017696172
1356877120417,-0.3108669,0.12969121,0.9415635,0.84908164,-0.4072765,0.3364315,0.42710897,0.90404975,0.0164904
1356877120457,-0.3807928,0.16319352,0.91014546,0.8190413,-0.3972994,0.41391373,0.42914826,0.9030621,0.017626464
1356877120497,-0.44125885,0.18566728,0.8779627,0.7931752,-0.3769008,0.47835028,0.41971877,0.9074545,0.019044101
1356877120537,-0.49646616,0.19713992,0.84537405,0.7711442,-0.3469925,0.53379107,0.39857,0.91691446,0.020246744
1356877120578,-0.5468116,0.19835055,0.81342113,0.7512089,-0.31276846,0.58125806,0.3697054,0.92888796,0.022022843
1356877120617,-0.59095067,0.19136253,0.7836821,0.73222005,-0.28047878,0.62063307,0.33857214,0.9405913,0.02562964
1356877120657,-0.6280602,0.17905521,0.7572844,0.7140174,-0.25431228,0.6523069,0.3093857,0.95040226,0.031874895
1356877120697,-0.6589855,0.16410741,0.73403466,0.69637644,-0.23569202,0.677871,0.28424978,0.95787156,0.041037083
1356877120737,-0.6863437,0.14829239,0.7119983,0.6776123,-0.22518075,0.70009655,0.26414734,0.96296567,0.054066718
1356877120789,-0.7193257,0.13103393,0.6822027,0.6474283,-0.22952032,0.72674406,0.25180757,0.9644431,0.08026487
1356877120829,-0.7582483,0.11585517,0.64158946,0.6028297,-0.25020897,0.7576225,0.24830592,0.96123517,0.1198796
1356877120867,-0.80744296,0.1080046,0.5799749,0.5321423,-0.29106086,0.7950524,0.25467733,0.9505886,0.17754126
1356877120907,-0.8589876,0.11346087,0.49926645,0.43632504,-0.34798026,0.82977724,0.2678821,0.9306108,0.24940485
1356877120947,-0.9005874,0.1343769,0.41338265,0.3309818,-0.40447968,0.85255337,0.28176838,0.9046209,0.319793
1356877120987,-0.9272158,0.1666686,0.33539888,0.23357153,-0.4427123,0.8657078,0.29277155,0.88103765,0.3715608
