1356877051672,0.1839295,-0.113253176,0.97639316,0.7618212,-0.6112741,-0.21441174,0.6211267,0.7832737,-0.026152663
1356877051712,0.5117705,-0.38009977,0.77046424,0.59353864,-0.49194643,-0.6369463,0.6211303,0.7832706,-0.026159763
1356877051757,0.5118158,-0.38011602,0.7704261,0.59346604,-0.49197736,-0.6369901,0.62116235,0.7832433,-0.026215851
1356877051800,0.5120461,-0.3802497,0.7702071,0.59313184,-0.49204797,-0.63724667,0.6212917,0.78313404,-0.026413023
1356877051839,0.5127418,-0.3807556,0.76949394,0.59218067,-0.49210128,-0.6380897,0.6216252,0.78285474,-0.02684483
1356877051876,0.5142324,-0.3820328,0.7678645,0.59023887,-0.49192342,-0.64002293,0.62224036,0.78234404,-0.027472347
1356877051913,0.51672786,-0.38447675,0.764964,0.587139,-0.49114597,-0.643462,0.62310517,0.781635,-0.028047502
1356877051953,0.5199785,-0.38819316,0.76087344,0.58315325,-0.48954535,-0.64828825,0.6241431,0.7808018,-0.028176993
1356877051998,0.52351516,-0.39307255,0.75592715,0.5787858,-0.4870183,-0.6540797,0.6252511,0.7799405,-0.027456671
1356877052033,0.5261972,-0.39850092,0.751208,0.5750843,-0.48398533,-0.65957284,0.626414,0.77907336,-0.025500119
1356877052073,0.5273538,-0.4040398,0.7474287,0.5726445,-0.4808547,-0.6639706,0.62767524,0.7781584,-0.022209376
1356877052118,0.5268514,-0.4093093,0.7449118,0.5714946,-0.4781328,-0.66692054,0.6291435,0.777081,-0.017986923
1356877052154,0.52445966,-0.41403353,0.74398804,0.57159364,-0.47641706,-0.6680624,0.6310489,0.77563065,-0.013202578
1356877052193,0.52035964,-0.4182524,0.7445071,0.57254094,-0.47597814,-0.6675641,0.6335794,0.77363414,-0.008213192
1356877052236,0.514873,-0.42211214,0.74614155,0.57384276,-0.47690955,-0.6657792,0.6368754,0.7709597,-0.0033218865
1356877052276,0.5094149,-0.42585254,0.7477607,0.57447374,-0.47867173,-0.66396785,0.6406843,0.767804,7.985532E-4
1356877052314,0.50505185,-0.42948934,0.7486399,0.57369524,-0.4809861,-0.6629679,0.6448229,0.7643243,0.0034729242
1356877052358,0.5025865,-0.43300563,0.74827325,0.5710742,-0.4835342,-0.6633769,0.6490617,0.7607238,0.0042605693
1356877052391,0.50145394,-0.43612158,0.74722284,0.567032,-0.48664916,-0.6645656,0.65346676,0.7569483,0.003262699
1356877052435,0.4999682,-0.4384377,0.7468629,0.5626379,-0.49116597,-0.6649772,0.6583847,0.7526809,0.0011142788
1356877052476,0.49620068,-0.43956006,0.7487135,0.5590603,-0.49802148,-0.66289234,0.66425633,0.74750364,-0.0013780592
1356877052512,0.48891228,-0.4391953,0.7537057,0.5570117,-0.50776297,-0.6572021,0.671344,0.74113715,-0.0036146345
1356877052554,0.47804517,-0.43717614,0.76180696,0.55651736,-0.5202572,-0.64778143,0.67953014,0.7336276,-0.0054103136
1356877052612,0.46454602,-0.4334005,0.7722441,0.5572116,-0.53471845,-0.63528836,0.68826747,0.72542405,-0.006905526
1356877052636,0.4497981,-0.42773348,0.7840445,0.5587586,-0.5500778,-0.62064743,0.6967571,0.7172576,-0.008424193
1356877052674,0.4351254,-0.41997325,0.7964222,0.56086403,-0.56553584,-0.6046493,0.7043418,0.70978284,-0.010531098
1356877052714,0.4216705,-0.4097662,0.80887926,0.56319624,-0.580771,-0.5878053,0.7106364,0.7034179,-0.014115244
1356877052754,0.4100542,-0.3965675,0.8213341,0.5656646,-0.5958299,-0.57009673,0.7154572,0.6983702,-0.019998372
1356877052795,0.40020216,-0.37985063,0.8339974,0.568628,-0.6107555,-0.5510352,0.7186796,0.6947598,-0.028431952
1356877052838,0.39142305,-0.35917163,0.84722114,0.57312244,-0.6251591,-0.5298177,0.7199435,0.6929443,-0.038852334
1356877052874,0.3829174,-0.33444917,0.8611144,0.5808127,-0.63770545,-0.50595295,0.7183529,0.6938844,-0.049936175
1356877052913,0.37346977,-0.30595,0.87573683,0.5936615,-0.6465776,-0.4790652,0.7128018,0.6988076,-0.05984646
1356877052952,0.36174387,-0.27454045,0.8909371,0.61263657,-0.65034056,-0.44914764,0.7027217,0.7082971,-0.06706318
1356877052994,0.34677953,-0.24174742,0.9062572,0.6369354,-0.6485731,-0.41673273,0.6885181,0.72174174,-0.070934385
1356877053033,0.32846773,-0.20985083,0.920908,0.664347,-0.64172304,-0.38318995,0.67138064,0.73766804,-0.071371526
1356877053074,0.30731672,-0.18156216,0.93412614,0.69218266,-0.6309761,-0.3503603,0.65302336,0.75425756,-0.06823534
1356877053114,0.2846117,-0.15971288,0.9452449,0.71782327,-0.61803716,-0.32056177,0.63539433,0.7697544,-0.06125495
1356877053155,0.2628395,-0.14692008,0.9535879,0.73909926,-0.60464525,-0.2968777,0.6201997,0.78282726,-0.050336085
1356877053194,0.24545068,-0.14526641,0.9584632,0.75457466,-0.59206754,-0.28297216,0.6085812,0.7926877,-0.035709046
1356877053233,0.23557311,-0.15603828,0.95924836,0.7636671,-0.5807594,-0.28201264,0.6010973,0.798981,-0.017650045
1356877053274,0.23454982,-0.1795797,0.95537305,0.766402,-0.57042116,-0.29537734,0.59800875,0.8014804,0.0038380548
1356877053317,0.24112248,-0.21514878,0.94634616,0.7631657,-0.5603524,-0.32184374,0.59953153,0.7998227,0.02908057
1356877053357,0.25046194,-0.26048496,0.932425,0.7550082,-0.5503097,-0.35654157,0.60599625,0.79328865,0.058836646
1356877053394,0.2544623,-0.31184265,0.9154251,0.7440523,-0.54154193,-0.3913036,0.6177662,0.7806962,0.09422523
1356877053433,0.23998773,-0.36273742,0.9004596,0.73408985,-0.5391468,-0.41283506,0.6352306,0.7600936,0.13689327
1356877053473,0.19515562,-0.40530103,0.89311004,0.7274886,-0.5509099,-0.40897298,0.6577802,0.7295407,0.18733859
1356877053512,0.119095564,-0.43248668,0.8937402,0.7210455,-0.5811491,-0.3773049,0.6825757,0.68936265,0.24263036
1356877053551,0.029288173,-0.44334486,0.89587253,0.7085054,-0.6230121,-0.33147576,0.7050975,0.64443874,0.29586524
1356877053611,-0.043482006,-0.44824573,0.8928523,0.6909533,-0.65898687,-0.2971869,0.72159064,0.60399693,0.3383708
1356877053634,-0.07424337,-0.4634428,0.88301116,0.67809784,-0.6727083,-0.2960524,0.7312122,0.576788,0.36420363
1356877053672,-0.05143684,-0.5007218,0.8640786,0.6751089,-0.6550158,-0.33938494,0.73592263,0.56589025,0.3717338
1356877053717,0.03104037,-0.5635324,0.8255106,0.67372304,-0.59829223,-0.43375543,0.7383318,0.56962943,0.3610935
1356877053758,0.16604537,-0.6391193,0.7509697,0.6524425,-0.49982667,-0.56964207,0.73942393,0.584551,0.3339947
1356877053794,0.3242765,-0.70107055,0.63509434,0.59152377,-0.3736418,-0.71448684,0.73820347,0.60736465,0.29353666
1356877053832,0.4666689,-0.73057127,0.49848354,0.49417853,-0.25203907,-0.83202404,0.7334901,0.63461965,0.24341378
1356877053873,0.57061356,-0.7309851,0.37424722,0.38498276,-0.16443431,-0.9081573,0.7253885,0.6622856,0.18758816
1356877053915,0.6364892,-0.7171558,0.2838467,0.2885047,-0.11992741,-0.94993806,0.7152947,0.6865164,0.13057035
1356877053953,0.67483175,-0.7005837,0.2319151,0.21760264,-0.11138412,-0.9696611,0.70516044,0.7048235,0.07728332
1356877053992,0.69570476,-0.6857492,0.21387608,0.17513824,-0.12682693,-0.9763409,0.6966502,0.71670294,0.03186678
1356877054034,0.7052709,-0.6726959,0.22377044,0.15953591,-0.15694867,-0.9746361,0.6907541,0.7230818,-0.0033721924
1356877054077,0.7057244,-0.65980095,0.2581005,0.16835223,-0.19769193,-0.96569955,0.6881938,0.7249695,-0.028437108
1356877054116,0.6960414,-0.6444058,0.31665048,0.1998183,-0.24974233,-0.9474711,0.6896368,0.7227517,-0.04506695
1356877054152,0.67429286,-0.62258446,0.3971368,0.25017032,-0.313402,-0.91607535,0.69479775,0.71705496,-0.0555726
1356877054193,0.64171743,-0.59070426,0.48914933,0.3110292,-0.3825471,-0.87001055,0.7010417,0.7104407,-0.061760873
1356877054233,0.6042882,-0.5491987,0.5772491,0.37267044,-0.445535,-0.8140118,0.70423895,0.7070215,-0.06456143
1356877054270,0.56825817,-0.5024396,0.6516418,0.4301282,-0.49374267,-0.755783,0.70147866,0.7097694,-0.06445989
1356877054315,0.53532946,-0.4550767,0.71156704,0.48322356,-0.5259503,-0.6999081,0.6927607,0.7185274,-0.06165293
1356877054356,0.5029417,-0.41021803,0.7607698,0.5329897,-0.54571867,-0.64661664,0.6804201,0.73069304,-0.0558227
1356877054395,0.46881533,-0.3709901,0.80161005,0.5786547,-0.5566696,-0.5960518,0.6673612,0.74329364,-0.046300083
1356877054433,0.43611276,-0.3429204,0.8319924,0.61642945,-0.5597291,-0.5538215,0.655607,0.75439316,-0.032718807
1356877054473,0.41520315,-0.33451104,0.8459957,0.640468,-0.5529419,-0.53296906,0.64607054,0.7631236,-0.015339583
1356877054511,0.41986972,-0.35473678,0.83538693,0.644459,-0.53157616,-0.54963565,0.6390478,0.769148,0.0054205954
1356877054551,0.45629346,-0.4060095,0.79180336,0.623552,-0.48891735,-0.610035,0.6348064,0.7720856,0.030078262
1356877054605,0.5127975,-0.4779904,0.7131367,0.57868445,-0.421148,-0.6983972,0.63416326,0.77081746,0.060641974
1356877054631,0.5610301,-0.5506258,0.61810714,0.5268595,-0.3384139,-0.7796762,0.63848597,0.7630774,0.10024211
1356877054670,0.57129127,-0.6095287,0.54963714,0.50261194,-0.26960623,-0.82139736,0.648851,0.74551135,0.15233272
1356877054712,0.5321301,-0.6559012,0.5353796,0.5254271,-0.240015,-0.8162838,0.66390055,0.71567214,0.21690899
1356877054755,0.45344323,-0.6926758,0.5608826,0.5775114,-0.25098336,-0.77684474,0.67887384,0.6761712,0.28622156
1356877054790,0.37593275,-0.72259104,0.580118,0.6197016,-0.26940346,-0.73715115,0.6889445,0.6366193,0.34651318
1356877054831,0.35199368,-0.75369644,0.55501544,0.6285666,-0.24902582,-0.7368108,0.69354486,0.6082169,0.3860929
1356877054870,0.39552826,-0.78330994,0.47956538,0.59955025,-0.17534578,-0.78089267,0.69577074,0.59638864,0.40027943
1356877054911,0.47383207,-0.795999,0.37665462,0.5364296,-0.078300595,-0.84030485,0.69837415,0.6002121,0.3898961
1356877054951,0.5490197,-0.7877493,0.27933574,0.454646,0.001032263,-0.8906717,0.7013376,0.6159952,0.35871375
1356877054992,0.6063267,-0.7678031,0.20699379,0.3719461,0.043750107,-0.9272228,0.70286846,0.6391905,0.3121082
1356877055032,0.6465189,-0.74513173,0.16368261,0.29924795,0.05033332,-0.95284694,0.7017578,0.6650153,0.25552058
1356877055070,0.6731967,-0.724318,0.1488947,0.24331091,0.026826799,-0.9695773,0.69828796,0.688944,0.19429415
1356877055111,0.6893772,-0.70623875,0.16120169,0.20877519,-0.019389406,-0.9777715,0.6936656,0.70770824,0.1340785
1356877055151,0.6977103,-0.6889575,0.1963107,0.19598532,-0.08000621,-0.97733754,0.68905014,0.7203725,0.07920441
1356877055191,0.6992855,-0.66965973,0.2501112,0.20388487,-0.14850855,-0.9676654,0.68515015,0.7276682,0.03268361
1356877055232,0.69326454,-0.6459042,0.3196749,0.23111871,-0.22088695,-0.9475194,0.6826188,0.7307645,-0.00385255
1356877055269,0.6768189,-0.6156035,0.40366876,0.27618992,-0.29594666,-0.91440403,0.6823747,0.7303752,-0.0302788
1356877055312,0.64664096,-0.57647383,0.4995332,0.335582,-0.37310016,-0.8649746,0.68501115,0.7269623,-0.047807634
1356877055349,0.60232663,-0.5270251,0.5995391,0.40209013,-0.44851133,-0.7982238,0.6895841,0.72186023,-0.058238745
1356877055390,0.5491288,-0.46910173,0.6916655,0.46696562,-0.51414835,-0.7194405,0.69310945,0.71804947,-0.06327927
1356877055430,0.49477434,-0.40817118,0.7671992,0.52511674,-0.5630022,-0.6381857,0.6924239,0.71862704,-0.06422153
1356877055469,0.4437564,-0.35011697,0.8249232,0.57605314,-0.59369755,-0.5618594,0.6864714,0.7245284,-0.061771095
1356877055512,0.3960955,-0.29883412,0.86822027,0.6204096,-0.609965,-0.4929853,0.67690486,0.73392147,-0.056204826
1356877055550,0.3522091,-0.25833952,0.8995607,0.65717095,-0.6160888,-0.434236,0.6663896,0.74410707,-0.047218863
1356877055630,0.3126911,-0.23241915,0.92098075,0.6865122,-0.6147966,-0.38823476,0.656449,0.7536621,-0.03268284
1356877055632,0.30103326,-0.23513646,0.9241698,0.6990111,-0.604803,-0.38157147,0.6486621,0.76087064,-0.017702788
1356877055668,0.29730874,-0.24997331,0.92147756,0.7057941,-0.592432,-0.38843155,0.64301026,0.76585746,2.9441342E-4
1356877055708,0.31356996,-0.286834,0.90520716,0.7020832,-0.57181007,-0.42439654,0.639338,0.7686088,0.022078898
1356877055748,0.33791888,-0.33796808,0.87840104,0.6918744,-0.5435207,-0.47528413,0.63806,0.7683507,0.05016556
1356877055788,0.3523559,-0.3940605,0.8488591,0.6824187,-0.51251173,-0.5211876,0.6404296,0.7629208,0.088327676
1356877055827,0.3375128,-0.4467563,0.82854927,0.68280333,-0.489702,-0.5421914,0.6479697,0.7487327,0.13976604
1356877055869,0.28022134,-0.49000317,0.8254531,0.696124,-0.4883678,-0.52622074,0.66097456,0.722076,0.20425189
1356877055909,0.20417243,-0.5232326,0.82737017,0.7094991,-0.5032278,-0.49332857,0.67448115,0.6877425,0.2684877
1356877055948,0.13400954,-0.5455921,0.82726693,0.7161673,-0.5236723,-0.4613803,0.68494225,0.65429085,0.32055816
1356877055988,0.0955016,-0.56139433,0.8220194,0.71648896,-0.5345015,-0.44827646,0.69103044,0.6317789,0.35118708
1356877056028,0.095163226,-0.5730637,0.8139669,0.7130396,-0.5313368,-0.45744485,0.6946355,0.6239225,0.35805333
1356877056068,0.12600225,-0.5796927,0.8050341,0.70542777,-0.51820594,-0.4835643,0.69749206,0.6288236,0.34363616
1356877056108,0.17647469,-0.57921267,0.7958451,0.69262755,-0.501411,-0.5185115,0.6993739,0.6427284,0.31269222
1356877056148,0.23618841,-0.5705079,0.7865976,0.6747246,-0.4862424,-0.5552614,0.6992581,0.661883,0.27009082
1356877056188,0.2964577,-0.55367386,0.7781762,0.6531464,-0.4769315,-0.5881635,0.6967875,0.6826285,0.22024
1356877056228,0.34945786,-0.5295879,0.7729268,0.63113636,-0.47665167,-0.61193967,0.6924927,0.70166934,0.16767251
1356877056268,0.38942796,-0.49955803,0.7738137,0.6131286,-0.48633975,-0.6225327,0.6873276,0.716879,0.11689901
1356877056308,0.41369897,-0.46486908,0.78278345,0.6028107,-0.504466,-0.6181694,0.68225545,0.7276063,0.07153094
1356877056359,0.42362803,-0.42667964,0.7990518,0.59948695,-0.5292419,-0.6004319,0.67908376,0.7333809,0.031587094
1356877056399,0.40812105,-0.3782432,0.83088464,0.61058325,-0.5635232,-0.55644387,0.67869383,0.7344207,9.632716E-4
1356877056438,0.38095087,-0.33044946,0.8635274,0.6244995,-0.5967577,-0.5038657,0.68181884,0.7312205,-0.020969866
1356877056478,0.34601218,-0.28459954,0.89402384,0.6385373,-0.62672377,-0.4466402,0.6874196,0.7254105,-0.035126626
1356877056519,0.30873442,-0.24171922,0.91992116,0.6528059,-0.6495587,-0.3897665,0.69175684,0.72086424,-0.042745415
1356877056559,0.27454287,-0.20438051,0.93960357,0.668626,-0.6616794,-0.33929297,0.69106114,0.7213938,-0.045005262
1356877056613,0.2459622,-0.17523333,0.95330787,0.6866195,-0.66269994,-0.2989691,0.6841464,0.7280949,-0.04268056
1356877056640,0.2239421,-0.15685618,0.96189713,0.7051031,-0.6552724,-0.27101213,0.6728146,0.73892766,-0.036143273
1356877056679,0.2101798,-0.15167338,0.96582586,0.72139126,-0.64270765,-0.25791764,0.65986294,0.7509475,-0.025668316
1356877056720,0.2073527,-0.16142431,0.96485597,0.7337041,-0.62670386,-0.262527,0.64705724,0.7623545,-0.01151102
1356877056759,0.2199586,-0.18759218,0.9573021,0.7402384,-0.60704434,-0.28903997,0.63534653,0.7722087,0.0053383633
1356877056799,0.2482416,-0.22886324,0.9412745,0.73993903,-0.582325,-0.33673114,0.625193,0.78007644,0.024787515
1356877056839,0.2887535,-0.28337282,0.914506,0.73165184,-0.55076253,-0.40167934,0.6175006,0.78508633,0.048295613
1356877056878,0.32996416,-0.34660304,0.87806034,0.7169738,-0.51304406,-0.47194734,0.6140621,0.785272,0.07921916
1356877056919,0.35337055,-0.4123869,0.8396823,0.7031454,-0.47494256,-0.5291656,0.61702174,0.77741027,0.12213719
1356877056959,0.34337258,-0.4761326,0.80956346,0.6993886,-0.44568592,-0.558766,0.6268578,0.7580644,0.17996547
1356877057000,0.30227035,-0.5344645,0.789291,0.70647764,-0.43027806,-0.5619164,0.63993907,0.7274671,0.24752694
1356877057040,0.25406885,-0.5836042,0.7712685,0.7157134,-0.42291856,-0.5557825,0.6505408,0.69321424,0.31024292
1356877057079,0.22572249,-0.6216259,0.750087,0.7197298,-0.41248608,-0.5584302,0.65653515,0.66591024,0.3542953
1356877057118,0.23025638,-0.64852405,0.7255333,0.7151127,-0.39289463,-0.57814145,0.6599968,0.6519588,0.37330133
1356877057158,0.26420003,-0.6638195,0.6996728,0.700159,-0.3669142,-0.6124961,0.6633067,0.65170366,0.3678404
1356877057198,0.3160522,-0.6670141,0.67468745,0.675071,-0.34157073,-0.65391785,0.6666259,0.6621341,0.3423277
1356877057258,0.37427777,-0.65890694,0.65250117,0.6422163,-0.3234052,-0.69495845,0.66893524,0.6791544,0.30211744
1356877057278,0.43029135,-0.6417228,0.63485515,0.60525393,-0.31667686,-0.7303309,0.669714,0.6985037,0.25214204
1356877057318,0.47843784,-0.61836237,0.62347823,0.5687466,-0.322753,-0.75654316,0.6690474,0.71656,0.19727433
1356877057355,0.51564455,-0.5916004,0.61977386,0.5376079,-0.3398419,-0.7716769,0.66714954,0.7311063,0.14281145
1356877057398,0.54226166,-0.56335485,0.6233647,0.5146383,-0.363757,-0.7764201,0.66415334,0.7418302,0.09267253
1356877057438,0.5580306,-0.5346512,0.63462585,0.5023057,-0.3911133,-0.7711805,0.66052324,0.74911845,0.050305128
1356877057478,0.56265676,-0.50663704,0.65325046,0.5005526,-0.4200953,-0.7569457,0.6579243,0.7528869,0.01722908
1356877057518,0.5546632,-0.4795859,0.6799604,0.5084919,-0.4514699,-0.73321956,0.6586234,0.7524442,-0.006548196
1356877057558,0.5349134,-0.45311964,0.7131272,0.52337885,-0.4848905,-0.7006825,0.6632815,0.7480401,-0.022221237
1356877057620,0.506315,-0.4265459,0.749469,0.54279625,-0.5176985,-0.66133237,0.67008764,0.7416514,-0.030591011
1356877057649,0.47640312,-0.39588338,0.7850582,0.5669783,-0.54411423,-0.6184459,0.6719938,0.7397405,-0.034760445
1356877057689,0.45425868,-0.36694813,0.811787,0.5919691,-0.55663323,-0.5828654,0.66574895,0.74532443,-0.035633564
1356877057729,0.43911958,-0.34164602,0.8309344,0.6176827,-0.55681324,-0.5553622,0.65241253,0.7571242,-0.033478767
1356877057769,0.42861235,-0.3220561,0.8441394,0.6426918,-0.54799324,-0.5353976,0.6350108,0.77199954,-0.027893841
1356877057808,0.42127246,-0.31010592,0.85226977,0.6645657,-0.5339205,-0.5227631,0.61715627,0.78661495,-0.018840224
1356877057848,0.41760832,-0.3069255,0.8552193,0.68161285,-0.5165718,-0.51822525,0.6008387,0.79934365,-0.0065202974
1356877057888,0.41887134,-0.31301534,0.8523897,0.6925955,-0.4969449,-0.52283573,0.5872463,0.8093622,0.008637037
1356877057928,0.42344606,-0.32796836,0.8444704,0.6980916,-0.47597194,-0.5349008,0.5773747,0.8160193,0.027403478
1356877057968,0.42463195,-0.35101724,0.83455056,0.7012718,-0.45549345,-0.5484011,0.57263047,0.81811535,0.052741315
1356877058008,0.41040146,-0.38129142,0.8283643,0.70780003,-0.43956065,-0.5529969,0.57496935,0.813267,0.08948174
1356877058048,0.3673131,-0.41692346,0.83141804,0.72267574,-0.434793,-0.5373033,0.58550906,0.7982042,0.1415953
1356877058088,0.29022634,-0.4526132,0.8431547,0.7438283,-0.4476332,-0.49633032,0.6020698,0.7712105,0.20675164
1356877058128,0.193205,-0.47982973,0.8558243,0.7610932,-0.47718143,-0.43935752,0.6192003,0.73624814,0.2730013
1356877058168,0.10430318,-0.49297875,0.8637667,0.7674635,-0.51248944,-0.38516805,0.63255095,0.70308363,0.32488889
1356877058208,0.044542074,-0.49277723,0.8690148,0.7653506,-0.5422457,-0.34671062,0.6420706,0.6805442,0.3529945
1356877058247,0.018570006,-0.4821924,0.8758685,0.759797,-0.56261325,-0.32584488,0.64989513,0.67153317,0.3559206
1356877058288,0.020154297,-0.4629258,0.8861679,0.7536137,-0.5754224,-0.31773487,0.6570085,0.674232,0.33726996
1356877058327,0.039168715,-0.43541,0.8993798,0.74774647,-0.5842781,-0.31542712,0.662828,0.6848629,0.30269086
1356877058368,0.06706303,-0.40018103,0.91397905,0.74226844,-0.59212744,-0.31372374,0.6667384,0.6994571,0.2573319
1356877058408,0.09574211,-0.3579514,0.92881864,0.73723197,-0.60146165,-0.30778685,0.66882163,0.714223,0.20630813
1356877058448,0.12002832,-0.31045008,0.9429814,0.7330134,-0.6128798,-0.29507577,0.6695406,0.72663546,0.15400112
1356877058488,0.13576514,-0.25933853,0.9561963,0.7306714,-0.6255902,-0.27341598,0.6690943,0.73578566,0.10455784
1356877058527,0.14093167,-0.20657924,0.9682269,0.7311363,-0.63768685,-0.2424774,0.66751635,0.7420786,0.06116727
1356877058569,0.13494712,-0.15392575,0.97882384,0.7338344,-0.64825326,-0.20311287,0.66579,0.74570405,0.025476098
1356877058624,0.117014825,-0.10196751,0.98788166,0.73679,-0.6580685,-0.15519768,0.66591895,0.74602175,-0.0018751323
1356877058650,0.09221232,-0.05429423,0.9942581,0.7370879,-0.6676187,-0.104818285,0.6694762,0.7425211,-0.021543115
1356877058689,0.06284201,-0.010748565,0.9979656,0.7358082,-0.67506504,-0.053604692,0.6742679,0.73767996,-0.034513578
1356877058729,0.031665206,0.027623862,0.9991167,0.73661876,-0.6762921,-0.0046474636,0.6755665,0.73611534,-0.041763112
1356877058768,-1.9007921E-4,0.06001088,0.99819773,0.74231005,-0.6688405,0.04035154,0.6700565,0.7409799,-0.044419616
1356877058808,-0.032102406,0.085140824,0.99585164,0.75256884,-0.6536188,0.080141395,0.6577307,0.75201964,-0.04309161
1356877058848,-0.06315285,0.102003634,0.9927774,0.7644807,-0.634518,0.1138244,0.6415457,0.7661475,-0.037908122
1356877058887,-0.09144211,0.10976112,0.9897429,0.77543664,-0.6157263,0.1399256,0.6247691,0.7802779,-0.028809488
1356877058928,-0.11431974,0.10806057,0.9875495,0.7845253,-0.6000299,0.1564745,0.6094679,0.7926456,-0.016180992
1356877058967,-0.12944853,0.09700638,0.9868297,0.79209536,-0.588573,0.16176137,0.5965132,0.802603,-6.483793E-4
1356877059008,-0.13632518,0.076762795,0.9876857,0.7984805,-0.5816147,0.15541318,0.5863824,0.8098345,0.01799512
1356877059048,-0.13798976,0.04737124,0.98930025,0.8029568,-0.5794241,0.13974306,0.5798441,0.81364846,0.041917503
1356877059088,-0.14083093,0.009320617,0.9899898,0.8036636,-0.5828976,0.119812965,0.5781794,0.81249213,0.0745994
1356877059128,-0.1571874,-0.034221947,0.98697567,0.79691,-0.59467244,0.10629776,0.5832895,0.80323946,0.120746806
1356877059168,-0.19650096,-0.077243745,0.9774562,0.7788021,-0.6179491,0.10773137,0.5956967,0.7824143,0.18158524
1356877059208,-0.2551759,-0.11156723,0.9604364,0.7482548,-0.651895,0.12307581,0.61237246,0.7500571,0.24982859
1356877059247,-0.3134619,-0.13340452,0.9401834,0.7124109,-0.68766665,0.139947,0.6278633,0.713665,0.31059614
1356877059288,-0.35099143,-0.14646143,0.92485356,0.6844213,-0.71418667,0.1466451,0.63904023,0.68446064,0.35091478
1356877059328,-0.3568629,-0.15799731,0.9206985,0.67395324,-0.7260292,0.13663349,0.6468663,0.6692672,0.3655756
1356877059369,-0.32818854,-0.17383468,0.9284793,0.6822564,-0.72343016,0.105712086,0.6533135,0.6681545,0.35602129
1356877059408,-0.26608092,-0.19636881,0.9437374,0.7037666,-0.7085997,0.0509803,0.6587211,0.6777357,0.3267427
1356877059448,-0.17618614,-0.22384018,0.9585688,0.7282186,-0.6848487,-0.026074946,0.6623112,0.69345355,0.28366542
1356877059488,-0.0670951,-0.252175,0.9653528,0.74499214,-0.65625465,-0.11965126,0.6636903,0.71115226,0.23189992
1356877059528,0.046105444,-0.27523813,0.96026987,0.7470411,-0.6286854,-0.21606517,0.6631771,0.7273229,0.17662838
1356877059568,0.14637941,-0.28782725,0.9464294,0.73560655,-0.608008,-0.29867935,0.6614047,0.73992014,0.12272769
1356877059619,0.22130817,-0.2876465,0.93181664,0.7189138,-0.59749866,-0.35518783,0.6589276,0.74850184,0.074561656
1356877059649,0.2669978,-0.27561563,0.9234437,0.7054747,-0.5968949,-0.3821281,0.6565193,0.7534934,0.035070237
1356877059689,0.2852983,-0.25421268,0.92411083,0.6990559,-0.60442495,-0.3820883,0.6556873,0.7550143,0.0052674115
1356877059729,0.2810403,-0.2264016,0.9326086,0.69865465,-0.61796486,-0.36055675,0.6579499,0.75290227,-0.015496518
1356877059769,0.26157045,-0.19538292,0.9452018,0.7015718,-0.6340596,-0.32521614,0.6628559,0.74819386,-0.028776139
1356877059809,0.23568338,-0.16435784,0.9578308,0.70679194,-0.6474659,-0.28501403,0.6670071,0.7441602,-0.03643012
1356877059848,0.21005493,-0.1361275,0.9681665,0.7155775,-0.65336186,-0.24711777,0.66620255,0.74470645,-0.039832123
1356877059888,0.18717915,-0.11252472,0.9758597,0.72890353,-0.65005744,-0.21476763,0.6585315,0.7515076,-0.039657563
1356877059927,0.16728407,-0.09541866,0.98128045,0.7450888,-0.63956416,-0.18920976,0.645646,0.7627929,-0.035893522
1356877059968,0.1508671,-0.086957216,0.984722,0.7610281,-0.6255468,-0.17183518,0.6309321,0.7753255,-0.028197527
1356877060008,0.14030021,-0.0893974,0.9860649,0.7743671,-0.6106966,-0.16554543,0.6169858,0.7868023,-0.016454473
1356877060048,0.1398409,-0.10471445,0.98462147,0.7838959,-0.5958088,-0.1746971,0.6049394,0.79627055,-0.0012332201
1356877060088,0.15364558,-0.13424298,0.9789647,0.7887459,-0.58011425,-0.20334092,0.5952084,0.8033968,0.016751558
1356877060128,0.18224394,-0.17821038,0.9669686,0.78789777,-0.56186336,-0.25204483,0.58822125,0.807806,0.038015403
1356877060167,0.21917838,-0.23489806,0.9469867,0.78092206,-0.539621,-0.31459492,0.5849116,0.8084752,0.06516379
1356877060208,0.24933517,-0.2997821,0.92084885,0.7702953,-0.51489985,-0.3761958,0.5869217,0.8031244,0.10253811
1356877060248,0.25265592,-0.3658164,0.8957362,0.76247746,-0.4946441,-0.4170797,0.5956452,0.7883563,0.15395197
1356877060288,0.21747279,-0.42518854,0.8785899,0.7620965,-0.4884379,-0.42501447,0.60984796,0.76199937,0.21781278
1356877060328,0.15622997,-0.4722722,0.867497,0.7650193,-0.49768817,-0.40871978,0.6247701,0.7275063,0.2835436
1356877060368,0.10159534,-0.5076663,0.85554266,0.7652028,-0.5096819,-0.39330518,0.6357224,0.6946217,0.3366864
1356877060408,0.08241212,-0.53745174,0.83925796,0.76226366,-0.5084935,-0.40048528,0.64199865,0.6727407,0.36777386
1356877060448,0.109666705,-0.56619614,0.8169426,0.7554001,-0.4867112,-0.43872878,0.6460216,0.6652324,0.37432855
1356877060488,0.17725164,-0.59228915,0.7859869,0.7391642,-0.44716978,-0.50366217,0.64978313,0.6702483,0.3585373
1356877060528,0.26827878,-0.61029506,0.74536324,0.7080705,-0.39970315,-0.58212847,0.6531942,0.6839425,0.3249001
1356877060576,0.38174087,-0.6178334,0.687427,0.65179276,-0.3473776,-0.67416245,0.65531677,0.7054153,0.2700911
1356877060618,0.4690271,-0.60810673,0.64048404,0.59205914,-0.32162654,-0.7389333,0.65534693,0.7257842,0.20918351
1356877060655,0.52999485,-0.59038967,0.6087245,0.5398219,-0.3187087,-0.77911305,0.653986,0.74152875,0.1497913
1356877060717,0.56996214,-0.56934977,0.592439,0.4996264,-0.33226278,-0.79998434,0.6523163,0.75195897,0.095084965
1356877060738,0.58997786,-0.54555297,0.59522957,0.47761977,-0.35858032,-0.8020597,0.65100354,0.7574908,0.049012363
1356877060778,0.59269893,-0.51914304,0.61579096,0.4745042,-0.39271942,-0.7877927,0.6508101,0.7591193,0.013571143
1356877060815,0.57853603,-0.48877543,0.6529889,0.4892664,-0.43259314,-0.7572856,0.65262115,0.7576026,-0.01112932
1356877060858,0.5477387,-0.45284635,0.7035003,0.5181545,-0.47657654,-0.7102047,0.65688527,0.75352836,-0.026395023
1356877060898,0.50278854,-0.4105232,0.7607065,0.55490685,-0.52147424,-0.64818436,0.66278356,0.74802095,-0.03438914
1356877060938,0.45024937,-0.36352685,0.81555116,0.59295726,-0.5611616,-0.577494,0.6675906,0.74360335,-0.037106752
1356877060978,0.3980235,-0.31551945,0.86140853,0.6289415,-0.58972335,-0.50661516,0.6678397,0.74342036,-0.036280483
1356877061018,0.35144585,-0.2711559,0.89608055,0.66213566,-0.604668,-0.44266573,0.6618627,0.74889994,-0.03296608
1356877061058,0.31198645,-0.2344943,0.9206937,0.69189405,-0.60804045,-0.389319,0.65111214,0.7584848,-0.027455118
1356877061098,0.280506,-0.20921224,0.93677455,0.71656245,-0.6037072,-0.34939358,0.638635,0.76926446,-0.019429825
1356877061138,0.2602743,-0.19903532,0.9447975,0.7343414,-0.59452397,-0.32754263,0.6268972,0.77905476,-0.008579463
1356877061178,0.2566408,-0.20717582,0.9440412,0.7439791,-0.5811486,-0.32979,0.6169527,0.78698444,0.0049880445
1356877061218,0.27397496,-0.2353361,0.9324991,0.7442945,-0.562163,-0.3605529,0.6090676,0.7928364,0.021140844
1356877061258,0.3110289,-0.28212243,0.90756154,0.73424894,-0.5349836,-0.41793692,0.6034398,0.7963666,0.040752653
1356877061298,0.35766542,-0.34197652,0.8689807,0.7150259,-0.49825966,-0.49038273,0.60067743,0.79673666,0.066311836
1356877061338,0.39524943,-0.40627456,0.82384396,0.6937977,-0.45575607,-0.557612,0.6020155,0.79197687,0.101735055
1356877061378,0.40255797,-0.4671476,0.7872231,0.6835873,-0.41854882,-0.5979342,0.60881484,0.77883893,0.150846
1356877061418,0.3669688,-0.5200172,0.771308,0.6927683,-0.40057987,-0.5996733,0.6208108,0.75439906,0.21325108
1356877061458,0.2966305,-0.56173354,0.772312,0.71363324,-0.4070251,-0.5701388,0.63461643,0.720268,0.28013563
1356877061498,0.22321934,-0.5913976,0.7748691,0.73026675,-0.42508316,-0.5348037,0.6456653,0.6852396,0.33699113
1356877061538,0.18000811,-0.6125572,0.76965624,0.73622966,-0.43500137,-0.5184009,0.6523518,0.65996015,0.37267905
1356877061578,0.17992604,-0.6285843,0.7566428,0.7324211,-0.42786318,-0.52961546,0.65664756,0.6494728,0.38340467
1356877061619,0.21798939,-0.6388079,0.73783815,0.718135,-0.4069584,-0.56450593,0.6608803,0.6529237,0.37003767
1356877061657,0.27294528,-0.63900584,0.7191471,0.69513875,-0.38576144,-0.60660565,0.6650437,0.66547716,0.33890587
1356877061698,0.33478665,-0.6291931,0.7014512,0.6647158,-0.3699323,-0.6490784,0.6678852,0.68356854,0.2943863
1356877061737,0.39278758,-0.6093314,0.688791,0.63167495,-0.3655787,-0.68362194,0.6683597,0.70361024,0.24130467
1356877061777,0.4406588,-0.58094436,0.6843416,0.6016119,-0.37468398,-0.7054607,0.6662453,0.7225756,0.18439531
1356877061817,0.4747066,-0.5457148,0.6905426,0.5801342,-0.39601785,-0.7117683,0.6618897,0.7384885,0.12859556
1356877061857,0.49350613,-0.5051105,0.70803607,0.57107604,-0.425817,-0.7018205,0.6559907,0.7506951,0.0783132
1356877061897,0.49553937,-0.46000353,0.7367751,0.5762102,-0.46062315,-0.6751357,0.64994043,0.7590936,0.036801785
1356877061937,0.4787343,-0.41072908,0.7759608,0.5946529,-0.498532,-0.6307565,0.64591134,0.7633921,0.00557685
1356877061977,0.44290948,-0.35767514,0.82213116,0.6220628,-0.5377578,-0.5690821,0.64565396,0.76346904,-0.015681654
1356877062017,0.39256692,-0.30221698,0.8686519,0.6520667,-0.57461107,-0.49460208,0.6486141,0.7605834,-0.02850771
1356877062057,0.33641976,-0.2472671,0.9086697,0.6801449,-0.60357267,-0.4160564,0.65132535,0.7579967,-0.03487632
1356877062097,0.28236133,-0.19631734,0.9390057,0.70598567,-0.62020147,-0.34195682,0.6495047,0.7594799,-0.03652373
1356877062137,0.23363227,-0.15234062,0.9603168,0.73076296,-0.6240045,-0.27677435,0.64140594,0.76642734,-0.03446275
1356877062177,0.19066393,-0.11789748,0.9745499,0.75377584,-0.6183953,-0.22228223,0.6288636,0.7769733,-0.029037468
1356877062217,0.15479743,-0.09549934,0.98331976,0.7732334,-0.60781384,-0.1807554,0.6149373,0.78831613,-0.020244747
1356877062257,0.12936318,-0.087331384,0.9877441,0.7882538,-0.59528226,-0.15586814,0.60159874,0.7987566,-0.008168265
1356877062297,0.118448734,-0.09476635,0.98842764,0.79897606,-0.5819558,-0.1515412,0.5895822,0.8076799,0.0067840964
1356877062337,0.1246047,-0.11810726,0.98515195,0.80550694,-0.56769556,-0.16994226,0.5793378,0.81472236,0.02439864
1356877062377,0.14597434,-0.15639922,0.9768474,0.8074292,-0.5517078,-0.20898929,0.5716201,0.81924224,0.045746118
1356877062417,0.17309558,-0.20676902,0.9629562,0.8047824,-0.53393203,-0.25931075,0.5677705,0.8198557,0.07398275
1356877062457,0.18898797,-0.2643553,0.94572717,0.799808,-0.51732653,-0.3044347,0.5697287,0.8139347,0.113664955
1356877062497,0.17516804,-0.3224529,0.93023664,0.7964361,-0.5090522,-0.32642823,0.5787968,0.7980538,0.16764349
1356877062537,0.12688422,-0.37393534,0.9187344,0.7948358,-0.51577866,-0.31970066,0.5934109,0.7708079,0.23177299
1356877062577,0.064829946,-0.4145311,0.90772295,0.7906982,-0.53358227,-0.30014375,0.6087638,0.7371932,0.29317695
1356877062625,0.0193097,-0.44538516,0.8951309,0.7831853,-0.549783,-0.29044724,0.6214886,0.70666176,0.3382029
1356877062658,-9.596348E-6,-0.46835434,0.88354075,0.77727437,-0.55589366,-0.29466414,0.62916195,0.6867507,0.36404508
1356877062697,0.028737187,-0.4918437,0.8702091,0.7737837,-0.5401756,-0.33086103,0.6327977,0.6828616,0.36505753
1356877062737,0.09052938,-0.50983447,0.8554959,0.76841336,-0.5106915,-0.38566184,0.6335182,0.69228816,0.34553105
1356877062777,0.1739412,-0.51955926,0.8365421,0.7556764,-0.47427046,-0.45168656,0.63142514,0.710722,0.31012347
1356877062817,0.2663818,-0.5189387,0.81224585,0.7321053,-0.43919694,-0.52069926,0.6269469,0.73335433,0.26292378
1356877062857,0.353647,-0.5075541,0.78569883,0.6991673,-0.4145589,-0.58249986,0.6213686,0.75533426,0.20825768
1356877062897,0.42317402,-0.4870859,0.76398367,0.66427267,-0.40664256,-0.6272029,0.61617,0.77290946,0.15147734
1356877062937,0.4685725,-0.4602809,0.7540433,0.6366788,-0.4157769,-0.6494379,0.61243767,0.7843921,0.09822947
1356877062977,0.4884637,-0.42918822,0.7597372,0.6227902,-0.4383607,-0.6480526,0.6111755,0.78970706,0.05317098
1356877063017,0.48353451,-0.39463797,0.78131634,0.6240128,-0.47054678,-0.623854,0.6138423,0.7892063,0.018733501
1356877063057,0.45652527,-0.3568337,0.815018,0.6365566,-0.50899637,-0.579412,0.62159497,0.7833214,-0.0052248556
1356877063099,0.41371208,-0.31633693,0.85368216,0.65395415,-0.5491171,-0.52039826,0.6333927,0.7735641,-0.020306528
1356877063137,0.36602014,-0.27449793,0.88920194,0.6719324,-0.5831186,-0.4565955,0.6438448,0.7646067,-0.02898908
1356877063177,0.3222806,-0.23507124,0.9169934,0.6899082,-0.60496163,-0.3975526,0.64819896,0.7607647,-0.032789793
1356877063217,0.28428215,-0.19971389,0.9377089,0.709474,-0.6140233,-0.34586406,0.644849,0.7636031,-0.032864034
1356877063257,0.2516433,-0.1709277,0.9526067,0.7295986,-0.6132059,-0.30276132,0.6358943,0.7712083,-0.02960053
1356877063297,0.22464108,-0.15167314,0.96256506,0.74789995,-0.60637957,-0.27009138,0.6246455,0.780576,-0.022781402
1356877063337,0.20625502,-0.1452026,0.9676648,0.76233006,-0.5961363,-0.25194147,0.6134426,0.7896441,-0.012263797
1356877063377,0.20159173,-0.15440324,0.96722305,0.7715962,-0.5832342,-0.25392345,0.6033242,0.79749453,0.0015617609
1356877063417,0.21541685,-0.1812357,0.95955676,0.7745367,-0.5667244,-0.28092027,0.5947171,0.8037269,0.018291771
1356877063457,0.2484861,-0.22597542,0.9419075,0.76972437,-0.54425347,-0.33363545,0.58802986,0.80791295,0.038699336
1356877063497,0.29349226,-0.28591084,0.91220456,0.7567142,-0.5136198,-0.4044479,0.5841624,0.8089806,0.065609425
1356877063537,0.3336661,-0.35502523,0.8732835,0.7393264,-0.47618484,-0.47607192,0.5848619,0.80449057,0.10359275
1356877063577,0.34858757,-0.42578173,0.834983,0.7268461,-0.43965435,-0.52763504,0.59176135,0.79083115,0.15621978
1356877063621,0.32240003,-0.49104524,0.80927914,0.7284386,-0.41726983,-0.5433811,0.6045125,0.76469624,0.22316855
1356877063659,0.27716964,-0.5472219,0.7897628,0.736318,-0.40708464,-0.5404795,0.6172624,0.73132104,0.2900977
1356877063699,0.23412395,-0.5904138,0.7723972,0.7433374,-0.40334642,-0.53363013,0.6266063,0.6990874,0.34444368
1356877063737,0.22142327,-0.62330323,0.7499765,0.74255615,-0.39075398,-0.5439869,0.63212514,0.677351,0.3763156
1356877063777,0.24840945,-0.6479173,0.72006667,0.73040855,-0.36297202,-0.57858,0.63623595,0.6696676,0.38307852
1356877063817,0.30662417,-0.6631123,0.682835,0.7040148,-0.32480437,-0.63155776,0.6405815,0.6743769,0.36724803
1356877063857,0.38011527,-0.6671184,0.6406758,0.66330594,-0.28613424,-0.6914857,0.6446221,0.68780833,0.33373955
1356877063897,0.45380294,-0.6601989,0.5984984,0.6126635,-0.25655323,-0.74754536,0.64707524,0.7059164,0.28805512
1356877063937,0.5177742,-0.6449318,0.5621146,0.55903566,-0.24230924,-0.7929473,0.64760244,0.72480977,0.2350784
1356877063977,0.56593513,-0.6247145,0.5380049,0.511194,-0.24608743,-0.82348144,0.646837,0.7410619,0.18008077
1356877064018,0.59727144,-0.6022655,0.5296632,0.47577897,-0.2655928,-0.8385075,0.6456789,0.75281924,0.12791422
1356877064057,0.61323667,-0.5785804,0.53775966,0.45639083,-0.29612952,-0.8390558,0.6447078,0.7599684,0.08246133
1356877064097,0.61583245,-0.5534174,0.5607849,0.45344535,-0.33311382,-0.8266938,0.64431185,0.76339006,0.045802236
1356877064138,0.6058696,-0.5259094,0.59694326,0.4655829,-0.37404054,-0.8020762,0.6451005,0.76388025,0.01823464
1356877064178,0.5832237,-0.49484327,0.6441896,0.49022123,-0.41792905,-0.764865,0.6477139,0.76188284,-0.0011634529
1356877064215,0.54906905,-0.45918024,0.6983385,0.5231438,-0.46280706,-0.7156327,0.6518004,0.75826323,-0.01389575
1356877064258,0.5080035,-0.41932172,0.75239736,0.5592437,-0.50379294,-0.65836096,0.6551176,0.75522316,-0.021425545
1356877064297,0.46665102,-0.37732053,0.7999162,0.5951331,-0.5350838,-0.59958476,0.65425783,0.7558535,-0.025141418
1356877064337,0.43021137,-0.33689973,0.8375063,0.62939894,-0.55312324,-0.54581285,0.64712834,0.7619405,-0.025915563
1356877064377,0.39934766,-0.30130655,0.86587286,0.6614197,-0.5593204,-0.49968454,0.6348586,0.77225316,-0.024073187
1356877064417,0.37379766,-0.27394158,0.88613284,0.68936324,-0.55712324,-0.4630249,0.6205269,0.783945,-0.019406144
1356877064457,0.35572046,-0.25849003,0.8981347,0.7108936,-0.5490076,-0.43956923,0.606707,0.7948419,-0.011534363
1356877064497,0.3503821,-0.25861853,0.90019375,0.723574,-0.53552765,-0.43548924,0.5947042,0.8039444,-5.096793E-4
1356877064538,0.36311615,-0.27667275,0.8897185,0.72521377,-0.51560086,-0.4563123,0.5849888,0.8109304,0.01342383
1356877064577,0.3942064,-0.31210637,0.86440206,0.7146363,-0.48728228,-0.5018477,0.5778376,0.8155647,0.030952696
1356877064630,0.42042893,-0.3589142,0.83331877,0.7016948,-0.45363122,-0.5494026,0.57520777,0.8157202,0.061128497
1356877064669,0.46356678,-0.42642576,0.7767025,0.6724947,-0.4014389,-0.62176967,0.5769373,0.8105601,0.100675404
1356877064707,0.4682148,-0.48696452,0.7373198,0.66242045,-0.35879666,-0.6576201,0.58478546,0.7963232,0.15458131
1356877064747,0.4322685,-0.5418969,0.7207577,0.6750125,-0.33552903,-0.6570984,0.5979147,0.7705635,0.22074857
1356877064787,0.3738435,-0.58977175,0.71582836,0.69672346,-0.33087426,-0.6364736,0.6122233,0.7366759,0.28721264
1356877064827,0.3250789,-0.62824506,0.70684636,0.7112003,-0.33023608,-0.6205951,0.623312,0.7044517,0.3394553
1356877064867,0.3091944,-0.6568823,0.68768054,0.7122357,-0.31921774,-0.6251562,0.63017386,0.6830854,0.3691547
1356877064907,0.32881808,-0.67520356,0.66028684,0.69919086,-0.29593372,-0.65081125,0.63483125,0.6756651,0.37478784
1356877064947,0.372885,-0.68209034,0.6290544,0.6728727,-0.26803488,-0.6894922,0.6389046,0.68037486,0.35901386
1356877064987,0.42760736,-0.6775825,0.59835935,0.63626695,-0.24458879,-0.73166984,0.6421187,0.69358367,0.32653534
1356877065027,0.48281848,-0.66347504,0.5715655,0.59389806,-0.23157209,-0.77049303,0.6435615,0.7114599,0.28222924
1356877065067,0.53256583,-0.6424895,0.55098176,0.5505546,-0.2314708,-0.8020667,0.6428555,0.7304989,0.23045206
1356877065107,0.5739084,-0.61728835,0.53813034,0.51078236,-0.24380833,-0.8244142,0.64010197,0.7480057,0.17537639
1356877065147,0.60594696,-0.58989507,0.5337153,0.4784953,-0.26570332,-0.83692527,0.635508,0.76251256,0.1212599
1356877065187,0.6282187,-0.5616915,0.53837144,0.45704934,-0.29355937,-0.83960027,0.62964046,0.7735149,0.0723013
1356877065227,0.6391883,-0.533693,0.5537239,0.4491561,-0.32538536,-0.8320957,0.62425727,0.78057426,0.031728983
1356877065267,0.6362947,-0.506333,0.58202755,0.45616174,-0.3614879,-0.8131686,0.6221299,0.7829135,9.5686316E-4
1356877065307,0.6186969,-0.47890443,0.62278783,0.47638947,-0.401662,-0.78212583,0.62471366,0.7805884,-0.02036202
1356877065347,0.5903193,-0.44995987,0.67011887,0.50502384,-0.4417401,-0.7414962,0.62966186,0.77614546,-0.033527225
1356877065387,0.55918,-0.41919163,0.71525955,0.5369436,-0.47423163,-0.6977077,0.6316719,0.77419823,-0.040098578
1356877065427,0.532449,-0.38846505,0.75205916,0.5691812,-0.49330768,-0.65778434,0.62652284,0.77829456,-0.041554153
1356877065467,0.5129471,-0.36120442,0.77872753,0.5999507,-0.4979715,-0.62616575,0.613958,0.788388,-0.038728207
1356877065507,0.5002438,-0.3411825,0.7958333,0.6269834,-0.4911752,-0.6046806,0.5972001,0.801462,-0.031791538
1356877065548,0.49477836,-0.33195665,0.80311835,0.64719605,-0.4759868,-0.5954609,0.57994103,0.81439626,-0.0206669
1356877065618,0.50011945,-0.33634266,0.79796875,0.6566708,-0.45340064,-0.60267,0.5645032,0.8254098,-0.005888045
1356877065631,0.5193782,-0.35502583,0.777305,0.65265125,-0.42237613,-0.62900305,0.5516274,0.8339995,0.012335094
1356877065669,0.55678415,-0.38757187,0.7346968,0.6296733,-0.37993082,-0.6776165,0.5417591,0.83990514,0.0325042
1356877065709,0.5997051,-0.42642516,0.6771377,0.5946776,-0.32872528,-0.7336882,0.5354553,0.84267515,0.056447208
1356877065748,0.637174,-0.4688779,0.6116884,0.5556756,-0.27049124,-0.7861673,0.5340729,0.84082574,0.08819404
1356877065787,0.65770096,-0.5139079,0.55075234,0.5259855,-0.21007049,-0.8241418,0.5392298,0.8317265,0.13214451
1356877065827,0.6526283,-0.56295377,0.50710887,0.5194064,-0.15486741,-0.84037673,0.5516278,0.81184924,0.19133091
1356877065867,0.6256623,-0.6153076,0.47952393,0.53472286,-0.10929701,-0.8379295,0.5679948,0.7806734,0.26063597
1356877065907,0.59154844,-0.66363806,0.45788094,0.55736977,-0.07375696,-0.8269817,0.58258843,0.7444088,0.32626098
