1356876809930,-0.06473929,-0.011926144,-0.997831,-0.8877413,-0.4560051,0.06304687,-0.45576784,0.88989735,0.018934041
1356876809951,-0.37474942,-0.21113604,0.9027649,0.80736786,0.40435147,0.42971736,-0.4557632,0.8898997,0.018933892
1356876809966,-0.37468258,-0.21109802,0.9028015,0.8074097,0.40434983,0.42964023,-0.45574382,0.88990945,0.018939793
1356876810008,-0.3744322,-0.21099162,0.9029303,0.80757904,0.40430242,0.4293665,-0.45564967,0.88995624,0.019008577
1356876810051,-0.37269595,-0.2101911,0.9038349,0.80850506,0.40448162,0.42745087,-0.45543092,0.89006424,0.019191861
1356876810103,-0.36743346,-0.20766607,0.90656906,0.8112229,0.40517733,0.4216027,-0.45487374,0.89034045,0.019587755
1356876810141,-0.3497977,-0.19892448,0.9154621,0.8193725,0.40877828,0.40190694,-0.45417017,0.89069045,0.020003498
1356876810181,-0.32414103,-0.18613768,0.9275157,0.83035135,0.41378677,0.3732252,-0.453265,0.89114153,0.02043438
1356876810224,-0.28568348,-0.16688564,0.94368124,0.84488654,0.42087075,0.330204,-0.45227417,0.8916373,0.020763576
1356876810267,-0.23690394,-0.14196351,0.961105,0.86038923,0.42880747,0.27541703,-0.45122814,0.8921718,0.020557761
1356876810300,-0.17435285,-0.10946995,0.9785793,0.87564963,0.4373096,0.20493412,-0.45037618,0.8926234,0.01961118
1356876810340,-0.16852862,-0.10360053,0.98023725,0.87706053,0.4380867,0.1970909,-0.4498476,0.8929429,0.017033815
1356876810391,-0.059169173,-0.043209404,0.99731237,0.8911426,0.44792962,0.07227719,-0.44984883,0.8930241,0.0120021105
1356876810433,0.030123025,0.008747518,0.9995079,0.8923838,0.45022252,-0.030834764,-0.45027068,0.8928735,0.0057559013
1356876810479,0.10023539,0.052992433,0.9935516,0.88684964,0.44793618,-0.113361984,-0.45105508,0.8924937,-0.0020973086
1356876810521,0.14927608,0.08642912,0.985011,0.87961894,0.44341165,-0.17221099,-0.4516494,0.8921413,-0.009833932
1356876810580,0.18648514,0.11428404,0.9757881,0.87267786,0.436954,-0.21795541,-0.45128334,0.8921941,-0.018247724
1356876810618,0.20609413,0.13083759,0.9697457,0.86888516,0.43134636,-0.2428559,-0.45007092,0.8926488,-0.024784863
1356876810671,0.2145207,0.1383982,0.9668644,0.86808133,0.42670816,-0.2536829,-0.44767815,0.89373714,-0.028603137
1356876810721,0.21219783,0.13650003,0.9676466,0.87001634,0.42453927,-0.2506754,-0.44502115,0.895061,-0.028670907
1356876810769,0.20142399,0.12647152,0.971305,0.8731859,0.42612785,-0.23656178,-0.44381848,0.895779,-0.024600804
1356876810810,0.18612988,0.111837536,0.97613937,0.8759134,0.4312042,-0.21642253,-0.44511956,0.8952962,-0.017700016
1356876810850,0.16798131,0.09433672,0.981266,0.8774942,0.4392808,-0.19244829,-0.44920626,0.8933829,-0.0089889765
1356876810890,0.14590107,0.07336137,0.98657537,0.8776779,0.45057106,-0.1633009,-0.4565023,0.8897213,0.0013511181
1356876810928,0.1251388,0.052376717,0.99075574,0.8760309,0.46293825,-0.1351217,-0.46573597,0.8848417,0.012047887
1356876810977,0.104772046,0.031410635,0.99400014,0.8730476,0.47573817,-0.10705662,-0.47624654,0.87902594,0.022421062
1356876811012,0.08773957,0.013148338,0.9960567,0.8691684,0.48750138,-0.08299759,-0.4866703,0.87302315,0.03134501
1356876811052,0.07473777,-0.0011256039,0.99720263,0.8648943,0.49782383,-0.06425971,-0.4963589,0.86727744,0.038179755
1356876811091,0.06397347,-0.011884421,0.9978808,0.8611747,0.5059239,-0.049183935,-0.5042672,0.86249626,0.042600274
1356876811132,0.053625345,-0.019744605,0.9983659,0.85851467,0.5115239,-0.035997093,-0.5099772,0.85904217,0.044381678
1356876811171,0.037558526,-0.028912514,0.9988761,0.85722506,0.51465,-0.017335773,-0.5135703,0.85691273,0.044113994
1356876811212,0.016778141,-0.039043784,0.9990967,0.85672855,0.5157354,0.0057671666,-0.51549464,0.85585785,0.042102993
1356876811251,-0.009832412,-0.051446885,0.9986273,0.85608435,0.51565015,0.034994036,-0.5167426,0.8552532,0.038972855
1356876811292,-0.04166752,-0.06689578,0.99688953,0.85416347,0.5152339,0.07027644,-0.5183324,0.8544349,0.035671413
1356876811332,-0.07823515,-0.08648658,0.99317646,0.85046107,0.51403004,0.11175516,-0.52018785,0.85340106,0.03333825
1356876811373,-0.118416816,-0.11032316,0.98681617,0.8456478,0.5096773,0.15845728,-0.52043927,0.853263,0.03294021
1356876811411,-0.15938798,-0.13619798,0.9777758,0.8413216,0.4994469,0.20671424,-0.5165012,0.8555716,0.034980476
1356876811452,-0.19771183,-0.160602,0.96701455,0.8389728,0.4824831,0.25166383,-0.5069859,0.86105585,0.039348066
1356876811492,-0.2314265,-0.18071419,0.95592064,0.83901507,0.46029523,0.29014146,-0.49243838,0.8691782,0.04509741
1356876811532,-0.26054493,-0.19496047,0.945572,0.8404329,0.43623218,0.3215182,-0.47517225,0.87845993,0.05019319
1356876811571,-0.2868166,-0.20294586,0.9362421,0.84134793,0.41399026,0.34748504,-0.45811582,0.88736975,0.052008748
1356876811613,-0.31375328,-0.20546958,0.9270066,0.8395014,0.39610973,0.3719335,-0.44361734,0.8949187,0.048211277
1356876811652,-0.34530544,-0.20367035,0.9161237,0.83282447,0.38349664,0.39916635,-0.4326287,0.9008045,0.037198186
1356876811692,-0.3852569,-0.19881251,0.90113854,0.8192028,0.3758772,0.43315488,-0.4248341,0.9050911,0.018058479
1356876811732,-0.43428534,-0.19080815,0.8803344,0.79719746,0.37358713,0.47424558,-0.41937152,0.90775824,-0.010131657
1356876811772,-0.49118698,-0.17939994,0.8523796,0.7655065,0.37800473,0.5206844,-0.4156143,0.9082555,-0.048339188
1356876811812,-0.5435664,-0.15781051,0.8243976,0.7302664,0.39530903,0.55717313,-0.4138196,0.9048904,-0.09963298
1356876811851,-0.59147245,-0.12810838,0.7960832,0.6916641,0.42684865,0.5825813,-0.41444054,0.895203,-0.16386122
1356876811891,-0.61909604,-0.08161494,0.7810628,0.6650362,0.47448203,0.5767093,-0.4176684,0.87647355,-0.2394731
1356876811932,-0.62458587,-0.019195527,0.78072023,0.65708613,0.52735317,0.53864306,-0.4220548,0.8494293,-0.31676424
1356876811971,0.60683894,-0.054646492,-0.792944,-0.67116547,-0.5696459,-0.47438434,-0.42577392,0.8200716,-0.38236016
1356876812010,0.54731405,-0.14646041,-0.8240126,-0.71950245,-0.5852654,-0.37387246,-0.42750853,0.7975047,-0.42570263
1356876812051,0.43862367,-0.24746749,-0.86392665,-0.7899897,-0.5644495,-0.23940146,-0.42839888,0.78750026,-0.44307762
1356876812092,0.303322,-0.33039176,-0.89377683,-0.8497001,-0.5183108,-0.096765876,-0.43128353,0.7887935,-0.437949
1356876812130,0.11228418,-0.40277457,-0.9083859,-0.891503,-0.44459528,0.08693439,-0.43887898,0.80006737,-0.4089958
1356876812173,-0.040204763,-0.4268352,-0.9034353,-0.89262366,-0.39096195,0.2244367,-0.44900626,0.8154511,-0.36528462
1356876812212,-0.17994738,-0.42686975,-0.8862287,-0.8697046,-0.35190088,0.34609222,-0.45960093,0.83303547,-0.30792695
1356876812252,-0.2733885,-0.40325046,-0.87329704,-0.8405976,-0.3411879,0.4206975,-0.46760482,0.8491053,-0.24569458
1356876812294,-0.34843618,-0.37066862,-0.860928,-0.8097997,-0.34350258,0.4756369,-0.47203463,0.8629083,-0.18047857
1356876812332,-0.38392943,-0.32798582,-0.8631474,-0.7929458,-0.36185282,0.49020344,-0.4731121,0.8726327,-0.12114906
1356876812372,-0.3983661,-0.28352836,-0.87230504,-0.78669333,-0.38337404,0.48387814,-0.47161222,0.8789972,-0.07032663
1356876812412,-0.38258135,-0.23521394,-0.89347965,-0.7957751,-0.4074639,0.44801235,-0.46943945,0.88241005,-0.03128934
1356876812452,-0.34402996,-0.18745264,-0.920057,-0.81308866,-0.43059266,0.39176112,-0.46960646,0.8828655,-0.0042788386
1356876812491,-0.28812104,-0.14094731,-0.94716436,-0.831903,-0.45302755,0.32047415,-0.47426146,0.8802841,0.013272166
1356876812532,-0.22872132,-0.09977096,-0.96836585,-0.844698,-0.47413266,0.24836183,-0.48391312,0.8747823,0.024167836
1356876812572,-0.17635876,-0.06397739,-0.9822446,-0.85188246,-0.4900198,0.18486962,-0.4931468,0.8693603,0.03191811
1356876812612,-0.13739729,-0.03405699,-0.98993033,-0.85786366,-0.49552268,0.13611484,-0.49516863,0.8679271,0.038867265
1356876812651,-0.10693258,-0.0077928007,-0.99423575,-0.8668753,-0.488984,0.09706727,-0.48692176,0.87225795,0.045532882
1356876812693,-0.08407533,0.014032692,-0.99636054,-0.88066304,-0.46887964,0.06770882,-0.4662231,0.8831506,0.05177933
1356876812731,-0.063115716,0.031043798,-0.9975233,-0.8952743,-0.44345033,0.042845607,-0.44102195,0.8957612,0.055781394
1356876812773,-0.04226303,0.041231364,-0.9982553,-0.9093777,-0.41542345,0.0213418,-0.41381878,0.90869313,0.055052012
1356876812812,-0.026128411,0.042466074,-0.9987562,-0.9204923,-0.39068943,0.007469207,-0.38988626,0.91954255,0.04929775
1356876812852,-0.009993613,0.035530448,-0.9993187,-0.9289699,-0.3701352,-0.003869921,-0.37002042,0.92829823,0.036705643
1356876812891,0.0047872066,0.019596845,-0.99979657,-0.9349686,-0.3545465,-0.01142627,-0.35469824,0.93483305,0.016625106
1356876812932,0.026304305,-0.004317403,-0.99964464,-0.9384768,-0.34456158,-0.023206562,-0.344339,0.9387537,-0.013115227
1356876812971,0.06687164,-0.035428256,-0.9971324,-0.9380145,-0.34286392,-0.050724924,-0.34008363,0.93871677,-0.056160122
1356876813010,0.13928771,-0.07207996,-0.9876251,-0.92872554,-0.35558063,-0.10502952,-0.3436098,0.93186206,-0.116470516
1356876813053,0.24600679,-0.11010933,-0.9629935,-0.90171945,-0.3903997,-0.18571511,-0.3555034,0.9140372,-0.19532865
1356876813092,0.35691994,-0.14150769,-0.9233546,-0.85739124,-0.441984,-0.26368624,-0.37079433,0.885791,-0.2790804
1356876813132,0.44685465,-0.16177133,-0.87985843,-0.8073634,-0.49655783,-0.31873906,-0.38533777,0.8527956,-0.3524974
1356876813172,0.5020721,-0.17105186,-0.84774107,-0.76854277,-0.53774095,-0.34666508,-0.3965674,0.8255761,-0.4014454
1356876813210,0.52316487,-0.17194939,-0.83470464,-0.7493546,-0.5593137,-0.3544515,-0.40591404,0.8109263,-0.42146438
1356876813252,0.51439846,-0.16643953,-0.84124434,-0.7497153,-0.56352556,-0.3469378,-0.41631854,0.8091581,-0.41465896
1356876813291,0.47845113,-0.15552619,-0.8642315,-0.766183,-0.5547712,-0.32433397,-0.4290083,0.81733745,-0.3845924
1356876813331,0.4218972,-0.13960955,-0.8958303,-0.791607,-0.538417,-0.28890368,-0.44199657,0.83103323,-0.33767253
1356876813372,0.34821114,-0.11920643,-0.9298059,-0.8208783,-0.5177436,-0.24104026,-0.4526675,0.8471904,-0.27813804
1356876813411,0.26741767,-0.094955295,-0.9588906,-0.84725213,-0.49716783,-0.18705097,-0.4589681,0.86244285,-0.21340252
1356876813451,0.18612516,-0.06820023,-0.9801562,-0.86796266,-0.47890407,-0.13149771,-0.46043265,0.875214,-0.14833133
1356876813492,0.11423141,-0.040261537,-0.992638,-0.88151693,-0.46487302,-0.082588404,-0.4581255,0.8844614,-0.08859432
1356876813531,0.059033334,-0.012956202,-0.99817187,-0.88887376,-0.4557705,-0.04665345,-0.4543329,0.89000297,-0.03842202
1356876813572,0.024475157,0.012133837,-0.99962676,-0.8915497,-0.4520983,-0.02731669,-0.45226106,0.8918856,-2.4724007E-4
1356876813610,0.009728849,0.033872545,-0.9993788,-0.8904077,-0.45452684,-0.024073571,-0.4550599,0.8900888,0.025738329
1356876813652,0.009621501,0.051862776,-0.9986079,-0.8859222,-0.46268922,-0.032565534,-0.46373406,0.8850022,0.041494653
1356876813691,0.017032623,0.066156685,-0.99766386,-0.8795264,-0.47358048,-0.04641962,-0.47554508,0.87826234,0.050120264
1356876813731,0.02587545,0.077031374,-0.99669284,-0.8746709,-0.48100406,-0.05988297,-0.48402613,0.87332773,0.054930866
1356876813772,0.03290218,0.08442378,-0.99588656,-0.8750029,-0.4790995,-0.06952283,-0.48299816,0.8736911,0.058107674
1356876813811,0.03601551,0.08789319,-0.99547863,-0.8806566,-0.46806782,-0.073188245,-0.47238424,0.8793107,0.060545996
1356876813852,0.035040736,0.08693609,-0.9955975,-0.89050806,-0.44945824,-0.070588976,-0.45361617,0.889061,0.06166792
1356876813891,0.027413249,0.079924375,-0.9964239,-0.90099514,-0.42976278,-0.059259623,-0.43296224,0.8993976,0.0602303
1356876813932,0.014821053,0.06649527,-0.9976766,-0.9107177,-0.41099697,-0.040922225,-0.41276324,0.90920836,0.054467022
1356876813974,-0.0066919923,0.04475683,-0.9989756,-0.91861135,-0.39499384,-0.0115431845,-0.39510578,0.917593,0.04375732
1356876814012,-0.03661084,0.014932066,-0.999218,-0.9238881,-0.38162583,0.028147906,-0.38090718,0.92419624,0.02776727
1356876814052,-0.0663743,-0.022405386,-0.9975432,-0.92641854,-0.36993998,0.06995085,-0.37059835,0.92878544,0.00379771
1356876814094,-0.08109081,-0.06953341,-0.9942783,-0.92728376,-0.36052197,0.100839555,-0.36547092,0.93015534,-0.03524217
1356876814132,-0.076363206,-0.12677589,-0.98898757,-0.9276242,-0.35468704,0.117091656,-0.36562547,0.92635036,-0.090515316
1356876814172,-0.024803698,-0.19276163,-0.9809321,-0.9278879,-0.36072487,0.09434801,-0.37203327,0.91253525,-0.16991389
1356876814222,0.06162274,-0.2611467,-0.96333027,-0.9228196,-0.382631,0.04469508,-0.3802719,0.88622576,-0.2645701
1356876814261,0.13297647,-0.31582707,-0.9394522,-0.91374797,-0.4062171,0.007224858,-0.38390335,0.85746187,-0.34260365
1356876814302,0.16883966,-0.35087043,-0.92107713,-0.90790576,-0.41911963,-0.0067679286,-0.38366678,0.83739394,-0.38932133
1356876814342,0.16415304,-0.3677904,-0.9153054,-0.9084956,-0.41786486,0.0049757957,-0.38430402,0.83073413,-0.40272975
1356876814380,0.122214526,-0.3688856,-0.92140484,-0.91261494,-0.4066809,0.041766584,-0.39012492,0.8357834,-0.3863528
1356876814421,0.055752844,-0.35629547,-0.9327085,-0.9141594,-0.39386824,0.09581399,-0.40150237,0.8473024,-0.34767008
1356876814461,-0.024020433,-0.3327643,-0.9427041,-0.9090661,-0.38508224,0.1590932,-0.41595912,0.86080176,-0.29325488
1356876814502,-0.104192615,-0.30236036,-0.947482,-0.8968014,-0.38331634,0.22094321,-0.42998978,0.8727238,-0.23121849
1356876814541,-0.1795283,-0.26897946,-0.9462662,-0.8789213,-0.38821572,0.27710304,-0.44189036,0.88144124,-0.1667161
1356876814581,-0.2427653,-0.23651463,-0.9408112,-0.8589005,-0.39842278,0.32179046,-0.4509489,0.8861828,-0.106419235
1356876814621,-0.292139,-0.2075871,-0.9335751,-0.8398074,-0.41136235,0.3542661,-0.45757872,0.8875182,-0.05415818
1356876814661,-0.325473,-0.18358389,-0.9275582,-0.8245441,-0.4250425,0.3734513,-0.46281135,0.88636094,-0.013033122
1356876814701,-0.34196734,-0.16495845,-0.92512006,-0.81444454,-0.4390636,0.37934604,-0.46876281,0.8831829,0.015795857
1356876814741,-0.3423435,-0.15108669,-0.92734766,-0.80916786,-0.45423174,0.37272078,-0.47754395,0.8779785,0.03324884
1356876814780,-0.33002698,-0.14038706,-0.93347394,-0.8076036,-0.4699912,0.35620886,-0.48873162,0.87143546,0.04173264
1356876814821,-0.31138098,-0.1305258,-0.94127834,-0.8094069,-0.48255086,0.3346717,-0.49789798,0.86608756,0.044608712
1356876814860,-0.29284364,-0.119742095,-0.94863284,-0.815404,-0.4868675,0.31317115,-0.4993584,0.86522925,0.04493797
1356876814902,-0.27793115,-0.10759118,-0.9545567,-0.82590246,-0.48069245,0.29465225,-0.4905502,0.8702637,0.044739604
1356876814977,-0.26759785,-0.09516522,-0.9588195,-0.8396766,-0.46503925,0.2805025,-0.47258282,0.8801603,0.044535547
1356876814978,-0.26031065,-0.08482796,-0.9617913,-0.85353845,-0.4454335,0.2702981,-0.4513429,0.8912873,0.043547153
1356876815018,-0.2559477,-0.078994304,-0.9634577,-0.86583626,-0.42449796,0.26481885,-0.42990497,0.9019764,0.040253162
1356876815060,-0.2559958,-0.07975054,-0.9633826,-0.87510294,-0.40427297,0.2660041,-0.41068354,0.91115487,0.033702284
1356876815110,-0.25427675,-0.08990055,-0.962944,-0.8837709,-0.3827923,0.26910773,-0.3928005,0.9194498,0.017883748
1356876815149,-0.2291671,-0.09728038,-0.9685138,-0.8969003,-0.36551464,0.24893549,-0.37822253,0.9257082,-0.003486842
1356876815190,-0.27335823,-0.14601305,-0.9507657,-0.8889116,-0.33935636,0.30769065,-0.36757526,0.92925644,-0.037026823
1356876815250,-0.27496266,-0.19664395,-0.9411305,-0.89078796,-0.31623626,0.3263303,-0.3617905,0.9280764,-0.088214874
1356876815269,-0.23017716,-0.25284332,-0.939728,-0.90375763,-0.30257046,0.30277616,-0.3608888,0.9189785,-0.15886426
1356876815309,-0.14544421,-0.30979425,-0.93961346,-0.920518,-0.30571222,0.24328297,-0.36261904,0.9003152,-0.2407071
1356876815345,-0.04913509,-0.35671148,-0.9329216,-0.9300554,-0.32417607,0.17293596,-0.3641191,0.876166,-0.31583297
1356876815385,0.023908198,-0.3870657,-0.9217422,-0.93063587,-0.34539747,0.12090328,-0.36516488,0.85491574,-0.36847505
1356876815417,0.0662719,-0.4027056,-0.91292727,-0.9277949,-0.36153716,0.09212813,-0.36715767,0.84090376,-0.39758795
1356876815456,0.05642268,-0.40748852,-0.91146564,-0.925747,-0.3632473,0.10509008,-0.37391046,0.83785707,-0.39772666
1356876815502,0.0014134943,-0.40089697,-0.9161221,-0.92223626,-0.35471818,0.15380251,-0.38662413,0.84466356,-0.37022316
1356876815549,-0.08732474,-0.38240105,-0.9198607,-0.91094655,-0.34306222,0.22909507,-0.4031757,0.8579496,-0.31838912
1356876815589,-0.16906953,-0.35608009,-0.9190335,-0.8928158,-0.33964372,0.29584152,-0.41748717,0.8705453,-0.26049054
1356876815629,-0.24743408,-0.32742473,-0.9119043,-0.8690516,-0.3411373,0.35829395,-0.4283989,0.881146,-0.20013994
1356876815670,-0.31432122,-0.29866913,-0.9011099,-0.843438,-0.3477717,0.40947187,-0.4356771,0.888736,-0.14259684
1356876815721,-0.3741209,-0.27028245,-0.8871195,-0.81617266,-0.3582425,0.4533481,-0.44033593,0.89364964,-0.08657116
1356876815761,-0.404238,-0.24255088,-0.8819074,-0.7996417,-0.3743664,0.46949202,-0.44403225,0.89499646,-0.04262066
1356876815800,-0.41291428,-0.21939501,-0.88395,-0.7918519,-0.39302552,0.46744138,-0.44996926,0.89297074,-0.011442423
1356876815840,-0.39955693,-0.19805646,-0.89505744,-0.7934294,-0.41432858,0.4458716,-0.45915568,0.88831604,0.008404106
1356876815880,-0.36878204,-0.177798,-0.9123528,-0.80137515,-0.4364944,0.40898716,-0.47095406,0.88196397,0.018488467
1356876815920,-0.32903683,-0.15616071,-0.9313156,-0.8133089,-0.45429337,0.36351937,-0.47985786,0.87705845,0.022472262
1356876815978,-0.28923512,-0.13397905,-0.9478358,-0.82786083,-0.46212178,0.31794646,-0.4806137,0.87663746,0.022745758
1356876816002,-0.252191,-0.111607105,-0.96121985,-0.8447759,-0.4590851,0.27494448,-0.47196752,0.8813539,0.02149418
1356876816042,-0.21999961,-0.09118202,-0.9712291,-0.8630854,-0.4458083,0.23735714,-0.45462474,0.8904722,0.019379824
1356876816081,-0.19217014,-0.07482347,-0.978505,-0.8802315,-0.4277047,0.20557538,-0.43389305,0.90081644,0.016330093
1356876816122,-0.17027509,-0.06486654,-0.9832592,-0.8955602,-0.40606987,0.18187669,-0.41106963,0.91153693,0.011051685
1356876816161,-0.16045386,-0.06418082,-0.9849545,-0.9070784,-0.38386923,0.17278084,-0.3891829,0.92115426,0.0033762157
1356876816204,-0.15859932,-0.07302365,-0.9846389,-0.9162487,-0.3606887,0.17433316,-0.36787856,0.9298232,-0.009702861
1356876816251,-0.16167092,-0.09579849,-0.9821839,-0.9233422,-0.33657545,0.18481365,-0.34828383,0.9367709,-0.03404036
1356876816292,-0.16840279,-0.13356632,-0.97662705,-0.9278236,-0.31307167,0.20280409,-0.33284205,0.94029045,-0.0712038
1356876816330,-0.12887472,-0.17692745,-0.97574997,-0.9374161,-0.2992357,0.17807052,-0.3234848,0.93763244,-0.1272907
1356876816372,-0.017363071,-0.21934459,-0.97549295,-0.9471067,-0.30908155,0.0863564,-0.32044867,0.92539537,-0.20237613
1356876816411,0.1526995,-0.24898869,-0.956393,-0.93442565,-0.3514543,-0.057694077,-0.3217632,0.902488,-0.28632835
1356876816451,0.30973816,-0.26144665,-0.9141706,-0.89350575,-0.4088,-0.18582243,-0.32513025,0.874373,-0.36022508
1356876816491,0.39568204,-0.2682139,-0.87834907,-0.8566631,-0.45249814,-0.24773738,-0.33100474,0.85047436,-0.4088143
1356876816531,0.40125957,-0.28143993,-0.87165487,-0.8501353,-0.4686757,-0.24002716,-0.34097025,0.83733773,-0.4273226
1356876816571,0.328285,-0.3052504,-0.8938966,-0.8746562,-0.4555609,-0.16565266,-0.3566588,0.8362335,-0.41654298
1356876816611,0.19380265,-0.33151537,-0.92332995,-0.9059784,-0.42154133,-0.03880912,-0.37635592,0.8440382,-0.3820416
1356876816651,0.026546597,-0.3490781,-0.9367176,-0.9176234,-0.38023955,0.11569497,-0.39656368,0.8564826,-0.33041626
1356876816691,-0.13807255,-0.3516673,-0.92588663,-0.8995551,-0.34662747,0.2658008,-0.41441122,0.86958575,-0.2684843
1356876816731,-0.27420372,-0.34055093,-0.89935386,-0.8608154,-0.33000916,0.3874156,-0.42872977,0.88040847,-0.20266175
1356876816771,-0.36992735,-0.3201878,-0.87214315,-0.81860685,-0.33160192,0.4689596,-0.43935943,0.8874233,-0.13943934
1356876816811,-0.42627853,-0.29443222,-0.855334,-0.78660697,-0.34626722,0.5112224,-0.44669455,0.89073485,-0.08399612
1356876816851,-0.44593453,-0.26459005,-0.85506403,-0.7725295,-0.36868972,0.5169779,-0.45204055,0.8911004,-0.039992154
1356876816892,-0.43203813,-0.23111632,-0.8717387,-0.7766473,-0.39600253,0.48989898,-0.45843434,0.8886885,-0.008407652
1356876816931,-0.3875305,-0.19264743,-0.9015027,-0.79420197,-0.4267357,0.43259668,-0.46804202,0.88361967,0.012372106
1356876816979,-0.32395107,-0.15165907,-0.93383896,-0.81494814,-0.4566254,0.3568653,-0.48053646,0.8766372,0.02432999
1356876817011,-0.25434947,-0.10959563,-0.96088254,-0.8336823,-0.47874135,0.27528295,-0.49018395,0.87108874,0.03039962
1356876817052,-0.19087154,-0.07054278,-0.97907704,-0.8501307,-0.48678017,0.20080602,-0.49076062,0.8706715,0.032941848
1356876817091,-0.13674933,-0.0366486,-0.98992753,-0.86569154,-0.4813494,0.13740757,-0.48153678,0.87576234,0.03409779
1356876817132,-0.09457004,-0.0110548735,-0.99545693,-0.88153654,-0.46367103,0.08889663,-0.4625472,0.8859385,0.03410405
1356876817171,-0.06469542,0.004164934,-0.99789643,-0.8956741,-0.44114226,0.05622697,-0.43998006,0.89742756,0.032270283
1356876817212,-0.047477186,0.007947266,-0.9988407,-0.90784955,-0.41739976,0.03983113,-0.4165994,0.9086882,0.027031958
1356876817251,-0.052934766,-0.0029748976,-0.99859357,-0.91671145,-0.39643747,0.049775243,-0.39602792,0.91805696,0.018258154
1356876817293,-0.07167995,-0.02615422,-0.99708474,-0.922717,-0.3778624,0.07624531,-0.378755,0.9254923,0.0029522777
1356876817331,-0.11126882,-0.06489751,-0.9916691,-0.9243629,-0.35966593,0.12725434,-0.36492807,0.93082154,-0.019969255
1356876817373,-0.13306856,-0.11189166,-0.98477054,-0.9252418,-0.34214664,0.16390008,-0.35527503,0.9329608,-0.057997823
1356876817411,-0.13792056,-0.16851059,-0.97600305,-0.92636263,-0.32674688,0.18731982,-0.35047135,0.92996806,-0.11103675
1356876817452,-0.090874314,-0.22570059,-0.969949,-0.9315268,-0.3251328,0.16293082,-0.35213587,0.9183397,-0.18069991
1356876817491,-0.018190444,-0.2805177,-0.9596765,-0.9331101,-0.3400001,0.11707044,-0.3591304,0.8976134,-0.25556922
1356876817532,0.035802484,-0.3288691,-0.9436966,-0.9289082,-0.35922098,0.08994359,-0.3685753,0.87338734,-0.31835023
1356876817571,0.03912005,-0.3701139,-0.92816234,-0.9248324,-0.36512688,0.106618255,-0.3783579,0.8542237,-0.35657707
1356876817612,-0.013147414,-0.40309608,-0.91506314,-0.92121255,-0.35098934,0.16785076,-0.38883743,0.84517455,-0.36672252
1356876817651,-0.107183516,-0.42423505,-0.8991865,-0.90994185,-0.32258582,0.26066115,-0.40064645,0.846146,-0.35145336
1356876817692,-0.2208525,-0.43058515,-0.87511176,-0.8837216,-0.29126233,0.36633646,-0.4126261,0.8542615,-0.31619138
1356876817731,-0.3339156,-0.42286885,-0.8424264,-0.8424661,-0.26697892,0.46794555,-0.42278972,0.86597,-0.2671042
1356876817771,-0.43329376,-0.40503806,-0.80510926,-0.7920007,-0.25519794,0.55462515,-0.43010643,0.8779626,-0.21021473
1356876817810,-0.5130914,-0.3820263,-0.76863074,-0.74011564,-0.25660735,0.6215959,-0.4347023,0.8878111,-0.15108061
1356876817851,-0.571203,-0.35818,-0.73853517,-0.69467,-0.26832354,0.66740996,-0.43721926,0.8942649,-0.0955497
1356876817892,-0.60844535,-0.33645976,-0.7187414,-0.66114825,-0.28603488,0.6935899,-0.4389502,0.8972062,-0.048413157
1356876817932,-0.6247611,-0.31857377,-0.7128705,-0.64342225,-0.3071851,0.70117414,-0.44235888,0.89674306,-0.0130601525
1356876817980,-0.6207573,-0.30505532,-0.7222198,-0.64179176,-0.33136553,0.69159245,-0.4502928,0.89282584,0.0099157095
1356876818011,-0.5999015,-0.29416424,-0.74403334,-0.65293854,-0.3574304,0.6677685,-0.46237373,0.8864033,0.022351861
1356876818050,-0.5705843,-0.2830276,-0.77092737,-0.6710393,-0.38049185,0.63634294,-0.47343415,0.8804098,0.027180076
1356876818091,-0.5430701,-0.26921564,-0.79536015,-0.69142777,-0.39408404,0.605496,-0.47644776,0.8787609,0.027872145
1356876818131,-0.5245039,-0.25283858,-0.8129996,-0.7117082,-0.3938908,0.581654,-0.46729767,0.8836983,0.026649952
1356876818171,-0.515421,-0.23534244,-0.8239874,-0.7307043,-0.38162565,0.5660682,-0.44767457,0.8938545,0.024732053
1356876818210,-0.513942,-0.21935868,-0.8293042,-0.74673456,-0.36140603,0.5583666,-0.42219806,0.90623814,0.02193898
1356876818251,-0.518183,-0.2076748,-0.8296731,-0.7583002,-0.3370965,0.5579845,-0.39555925,0.9182794,0.017197907
1356876818291,-0.52795565,-0.20245391,-0.82478803,-0.76415735,-0.31052238,0.5653666,-0.37057585,0.92875636,0.0092353225
1356876818331,-0.54357386,-0.205004,-0.81394154,-0.7635435,-0.2819801,0.5809376,-0.34860986,0.9372623,-0.0032524467
1356876818372,-0.560853,-0.21617714,-0.79919416,-0.7592442,-0.25062895,0.6006108,-0.33013958,0.9436379,-0.023565173
1356876818411,-0.57589376,-0.23680195,-0.78247756,-0.75393033,-0.21627367,0.62033445,-0.3161257,0.94718033,-0.053981543
1356876818452,-0.56773525,-0.26950437,-0.7778458,-0.76311237,-0.18210793,0.62007755,-0.30876547,0.9456237,-0.10227305
1356876818491,-0.5308253,-0.3155583,-0.78654134,-0.7893959,-0.15357256,0.59436476,-0.3083479,0.9363965,-0.1675803
1356876818533,-0.45031005,-0.37334448,-0.8110701,-0.8355723,-0.14396435,0.53018224,-0.31470576,0.9164541,-0.24712777
1356876818571,-0.35249805,-0.4285455,-0.8319218,-0.87809825,-0.15589774,0.45237094,-0.3235562,0.88996893,-0.3213514
1356876818612,-0.26992178,-0.46880195,-0.8410511,-0.903146,-0.17960364,0.38996124,-0.3338704,0.864851,-0.3749177
1356876818651,-0.22737634,-0.48999017,-0.8415519,-0.9103313,-0.1999473,0.36237818,-0.3458278,0.8484873,-0.40059012
1356876818692,-0.2348293,-0.49375558,-0.83729357,-0.9020947,-0.21013367,0.37692028,-0.36205012,0.84383005,-0.3960687
1356876818731,-0.2691275,-0.48420602,-0.83253527,-0.8847205,-0.2172929,0.4123754,-0.3805786,0.8475426,-0.3699075
1356876818772,-0.32683337,-0.4637674,-0.8234682,-0.85625505,-0.22348046,0.4657079,-0.40000919,0.85730755,-0.32406235
1356876818811,-0.38392615,-0.4368856,-0.8134689,-0.82381105,-0.23584658,0.51547223,-0.41705626,0.868048,-0.26936346
1356876818853,-0.4422874,-0.40634602,-0.7995404,-0.7862707,-0.253191,0.56362474,-0.431463,0.8779392,-0.20751482
1356876818891,-0.48705804,-0.37569454,-0.7884339,-0.7528938,-0.27690995,0.59705263,-0.44263458,0.88440627,-0.14798689
1356876818933,-0.52161443,-0.34696627,-0.77944386,-0.72417533,-0.30297565,0.61949635,-0.4510969,0.8875923,-0.09322798
1356876818979,-0.540023,-0.3203585,-0.7782966,-0.70684814,-0.32935107,0.6260141,-0.45688176,0.88819945,-0.04858762
1356876819012,-0.5447495,-0.29677725,-0.7843285,-0.7003905,-0.35335612,0.6201552,-0.4611953,0.88716555,-0.015369415
1356876819052,-0.5328738,-0.27485323,-0.8003132,-0.70609343,-0.37680006,0.59954464,-0.4663449,0.8845775,0.0067148805
1356876819092,-0.50457186,-0.25346512,-0.8253258,-0.72159237,-0.401056,0.5643213,-0.4740376,0.88028944,0.019463062
1356876819131,-0.46401197,-0.23141208,-0.85506797,-0.7425965,-0.42464876,0.5179033,-0.48295268,0.87528384,0.025196373
1356876819171,-0.4192801,-0.20802832,-0.88370144,-0.7653582,-0.44254792,0.46730942,-0.4882939,0.87228173,0.026335418
1356876819211,-0.37803167,-0.18419755,-0.9072834,-0.78835684,-0.4497466,0.41978735,-0.48537147,0.873956,0.024805129
1356876819252,-0.34379077,-0.16186368,-0.9249909,-0.8110812,-0.4452302,0.3793646,-0.47323918,0.8806647,0.021781385
1356876819291,-0.3170414,-0.14351407,-0.93749046,-0.8323016,-0.43181825,0.34757274,-0.45470715,0.89046985,0.017457366
1356876819332,-0.298227,-0.13181007,-0.94535005,-0.85026973,-0.41334438,0.32586482,-0.43370733,0.9009843,0.0111962855
1356876819372,-0.28977025,-0.12918392,-0.9483379,-0.86339056,-0.39230877,0.3172549,-0.4130255,0.910717,0.0021432042
1356876819411,-0.29603088,-0.13757822,-0.9452185,-0.8699875,-0.36968225,0.32627732,-0.39431912,0.9189164,-0.010253966
1356876819451,-0.3166945,-0.15741229,-0.9353748,-0.86990607,-0.3449015,0.35257113,-0.37811118,0.92534554,-0.02770558
1356876819492,-0.3482898,-0.18862516,-0.9182129,-0.8634736,-0.3166895,0.3925828,-0.36483932,0.9295851,-0.052573144
1356876819532,-0.36977047,-0.22818166,-0.900668,-0.85841984,-0.28700733,0.42513788,-0.355507,0.9303547,-0.0897488
1356876819571,-0.36176825,-0.27354798,-0.8912324,-0.8635472,-0.26190776,0.43091828,-0.35129747,0.9255138,-0.14147168
1356876819611,-0.2899844,-0.31847563,-0.9024868,-0.8896376,-0.25790673,0.37686756,-0.3527805,0.91217184,-0.20853901
1356876819651,-0.14976692,-0.3531505,-0.9235014,-0.92178595,-0.2879532,0.2596031,-0.35760406,0.8901504,-0.2824033
1356876819690,0.017332226,-0.36701617,-0.9300531,-0.93189204,-0.34300902,0.11799124,-0.3623213,0.8646641,-0.34796458
1356876819731,0.14231125,-0.36534658,-0.919929,-0.9198744,-0.39198515,0.013372749,-0.3654842,0.844316,-0.39185682
1356876819771,0.1819959,-0.36553183,-0.912833,-0.9114641,-0.4110228,-0.017134339,-0.368932,0.83513284,-0.4079736
1356876819811,0.12993479,-0.37713593,-0.916998,-0.91769,-0.3959403,0.032806486,-0.37544903,0.83725727,-0.3975403
1356876819851,-0.014956415,-0.39935592,-0.91667396,-0.9223974,-0.34836125,0.166816,-0.38595265,0.8480326,-0.3631546
1356876819891,-0.20205784,-0.4141456,-0.8874998,-0.89485633,-0.29019058,0.3391481,-0.3980008,0.86271244,-0.31196547
1356876819932,-0.38508427,-0.41340923,-0.8251079,-0.8272011,-0.24180728,0.5072155,-0.40920466,0.8778509,-0.24885648
1356876819980,-0.50913316,-0.3969104,-0.76370513,-0.7523984,-0.225631,0.61885965,-0.4179474,0.88969254,-0.18375856
1356876820012,-0.5869037,-0.37415498,-0.71801966,-0.6892993,-0.23432755,0.68553424,-0.42474777,0.89727294,-0.120377064
1356876820051,-0.61094075,-0.34404832,-0.7130092,-0.66473156,-0.26622695,0.6980366,-0.42998058,0.9004188,-0.06605089
1356876820092,-0.5926969,-0.3057583,-0.7451323,-0.6779141,-0.31016803,0.6665045,-0.43490553,0.9001709,-0.02344215
1356876820131,-0.5137609,-0.2466483,-0.8217143,-0.7359321,-0.36559284,0.56986475,-0.440969,0.89750016,0.00631094
1356876820172,-0.36192596,-0.15820497,-0.91868424,-0.81590694,-0.4229086,0.39426404,-0.450894,0.89225525,0.023981124
1356876820211,-0.15334857,-0.043170303,-0.9872287,-0.87276745,-0.46260554,0.1557982,-0.4634233,0.8855125,0.033262283
1356876820252,0.04863417,0.06782779,-0.996511,-0.87891555,-0.47105092,-0.07495719,-0.4744916,0.8794944,0.036705688
1356876820291,0.21833467,0.15996635,-0.9626738,-0.85097396,-0.45165426,-0.26805204,-0.47767496,0.8777353,0.037515357
1356876820335,0.36035252,0.22878721,-0.9043243,-0.8070756,-0.40963763,-0.42523637,-0.46773386,0.8830931,0.0370346
1356876820371,0.48019263,0.2764755,-0.83245194,-0.7524565,-0.35790226,-0.5529151,-0.45080397,0.8918897,0.036173783
1356876820454,0.5815028,0.3042376,-0.75451577,-0.6916594,-0.30340913,-0.6554009,-0.42832455,0.90298533,0.033995505
1356876820457,0.6695608,0.31595862,-0.6722042,-0.62348795,-0.25276765,-0.7398454,-0.40367204,0.9144827,0.027753085
1356876820497,0.733752,0.31644687,-0.6012233,-0.5610037,-0.21697894,-0.7988711,-0.38325304,0.92346174,0.01831913
1356876820539,0.7847359,0.31193882,-0.5356153,-0.49943894,-0.19354542,-0.84445304,-0.36708358,0.9301798,0.0039123604
1356876820579,0.8293866,0.30564296,-0.46765405,-0.4317118,-0.18068162,-0.88373023,-0.3546024,0.93484575,-0.017905235
1356876820619,0.87195504,0.30058545,-0.386449,-0.3464964,-0.17877045,-0.92085904,-0.3458825,0.93685085,-0.05172801
1356876820661,0.9086449,0.30095467,-0.28946632,-0.23989144,-0.19117495,-0.95179003,-0.34178436,0.9342796,-0.101513684
1356876820710,0.9301158,0.3107526,-0.19574839,-0.12271621,-0.23939332,-0.9631364,-0.34615797,0.9198498,-0.18452913
1356876820750,0.9358198,0.33424395,-0.111902945,-0.010386035,-0.29118836,-0.95660937,-0.35232574,0.89637625,-0.26902837
1356876820790,0.9303956,0.3624253,-0.054881573,0.075137585,-0.33510718,-0.93917924,-0.3587735,0.8696845,-0.339014
1356876820839,0.92010444,0.3915655,-0.009179905,0.13945271,-0.3494091,-0.9265345,-0.3660065,0.8512283,-0.37609774
1356876820882,0.90626884,0.42058608,0.042239204,0.19639799,-0.3304821,-0.9231519,-0.37430555,0.8449195,-0.38210788
1356876820919,0.8902639,0.44480208,0.09788397,0.24356446,-0.28336823,-0.92756605,-0.3848461,0.8496196,-0.36061049
1356876820983,0.8709169,0.46222296,0.1668942,0.29050025,-0.21030903,-0.9334772,-0.39637524,0.86146396,-0.3174376
1356876821003,0.8440447,0.46887302,0.26028186,0.34929627,-0.112386465,-0.9302481,-0.40691608,0.8760864,-0.2586348
1356876821042,0.8049644,0.45791832,0.3772838,0.42367354,0.0015433431,-0.9058136,-0.41537094,0.8889929,-0.19276555
1356876821081,0.75329393,0.424609,0.5022504,0.5041969,0.11750859,-0.8555566,-0.4222958,0.89771867,-0.12556805
1356876821122,0.71823746,0.38318813,0.58077693,0.5479456,0.20293069,-0.8115262,-0.42882466,0.90110266,-0.06421384
1356876821161,0.7502438,0.37249017,0.5462466,0.4966449,0.22787315,-0.83750683,-0.436438,0.8996249,-0.014034942
1356876821201,0.8423671,0.41183585,0.34757566,0.30186307,0.1736997,-0.9373938,-0.44642615,0.89454997,0.022000894
1356876821240,0.8875619,0.45676067,0.060029328,0.033286184,0.06638056,-0.997239,-0.45948434,0.8871095,0.043713033
1356876821281,0.8655559,0.47622752,-0.1549851,-0.16168304,-0.027176552,-0.98646855,-0.47399536,0.8789021,0.053475082
1356876821322,0.83647954,0.4814887,-0.26166883,-0.25466788,-0.0812521,-0.96360904,-0.48522803,0.87267786,0.054654002
1356876821362,0.8270542,0.47942817,-0.29347914,-0.28036106,-0.100704685,-0.9545975,-0.48721564,0.871784,0.05112475
1356876821403,0.8381207,0.46922517,-0.27817535,-0.26544195,-0.09468278,-0.95946634,-0.4765442,0.877988,0.045196444
1356876821441,0.8583488,0.45151365,-0.24366534,-0.2339443,-0.07824643,-0.9690962,-0.45662612,0.8888266,0.038466334
1356876821481,0.8804973,0.42894372,-0.2018213,-0.19517979,-0.059948154,-0.97893363,-0.43200627,0.9013398,0.030936956
1356876821521,0.900081,0.4056514,-0.15906352,-0.15417047,-0.044947922,-0.9870214,-0.40753615,0.9129221,0.022082685
1356876821561,0.91626513,0.38431907,-0.112946734,-0.10846971,-0.033383638,-0.99353904,-0.3856066,0.9225965,0.011098713
1356876821601,0.928754,0.36627924,-0.05705765,-0.051906064,-0.02390647,-0.99836576,-0.36704472,0.93019783,-0.0031911153
1356876821641,0.93573767,0.35234427,0.015764922,0.023084432,-0.016581595,-0.99959606,-0.3519405,0.9357236,-0.023649693
1356876821681,0.9324015,0.34478652,0.10839663,0.12069105,-0.014326184,-0.99258673,-0.34067765,0.9385718,-0.05497041
1356876821721,0.91351384,0.34906292,0.20892,0.23168601,-0.024283051,-0.9724875,-0.3343861,0.9367847,-0.103055894
1356876821761,0.88071847,0.37008968,0.2955818,0.3364624,-0.049628645,-0.94038826,-0.33335868,0.92766947,-0.16823015
1356876821802,0.84428394,0.4056221,0.3502219,0.4172934,-0.087578356,-0.904542,-0.33623037,0.90983564,-0.24320443
1356876821841,0.8059776,0.444247,0.3912093,0.48471338,-0.11594325,-0.8669545,-0.33978385,0.88837034,-0.30878013
1356876821882,0.76373637,0.47717664,0.43475193,0.54598826,-0.118199855,-0.8294128,-0.34438878,0.8708222,-0.35080633
1356876821921,0.70957106,0.5001146,0.49638122,0.61033565,-0.08417678,-0.78765774,-0.3521353,0.86185825,-0.36496717
1356876821983,0.625194,0.50601476,0.59420663,0.6899281,-0.0023878217,-0.723874,-0.36487204,0.8625215,-0.35060665
1356876822001,0.4680413,0.4747615,0.7453449,0.79771614,0.13593262,-0.5875128,-0.38024512,0.86955386,-0.3151028
1356876822042,0.13147488,0.33686325,0.93232906,0.90875053,0.3348256,-0.24912691,-0.39608935,0.88000846,-0.2621035
1356876822081,-0.34238055,0.054893613,0.93795645,0.8454331,0.45352224,0.28206465,-0.40990055,0.88955283,-0.20168608
1356876822122,-0.656653,-0.19652678,0.7281374,0.62561095,0.397259,0.6714136,-0.42120984,0.8964165,-0.13791198
1356876822161,-0.77570975,-0.3220866,0.54271036,0.4623613,0.29525274,0.83609074,-0.42953035,0.8994921,-0.08011001
1356876822202,-0.8237733,-0.38468394,0.41643208,0.36213216,0.2081058,0.908599,-0.43618542,0.8992832,-0.032125533
1356876822241,-0.84831667,-0.42051572,0.32175353,0.28970474,0.14002049,0.94681853,-0.4432042,0.89641553,0.0030436516
1356876822282,-0.86607856,-0.44747078,0.22288485,0.20972578,0.07948589,0.97452396,-0.45378727,0.89075905,0.025005162
1356876822321,-0.87807155,-0.46789432,0.100326344,0.105791405,0.01466161,0.9942802,-0.466689,0.8836628,0.036625206
1356876822362,-0.87758034,-0.4769284,-0.048910305,-0.023750022,-0.058645606,0.99799633,-0.47884113,0.8769835,0.04013914
1356876822401,-0.8617715,-0.468398,-0.1948154,-0.15201947,-0.12793636,0.9800624,-0.48398328,0.87420565,0.039046347
1356876822442,-0.8476814,-0.44943532,-0.2818585,-0.23115602,-0.16529924,0.95877165,-0.47749686,0.8778861,0.03623134
1356876822481,-0.86049706,-0.436018,-0.26350135,-0.21926115,-0.1499089,0.9640808,-0.45985782,0.8873644,0.033394396
1356876822522,-0.89598554,-0.43011644,-0.110497236,-0.08621469,-0.07561016,0.99340326,-0.43563384,0.8996015,0.030663311
1356876822561,-0.9025604,-0.40991932,0.13172244,0.13113977,0.02967608,0.9909196,-0.41010606,0.91163886,0.026972353
1356876822602,-0.86808836,-0.3714739,0.3292868,0.3114161,0.109048784,0.943996,-0.3865782,0.92201716,0.021018922
1356876822641,-0.8388409,-0.33566913,0.42856988,0.4026256,0.14730567,0.9034344,-0.3663858,0.93039095,0.011582971
1356876822681,-0.83044755,-0.3084365,0.4639222,0.43354023,0.16516215,0.88586926,-0.3498568,0.9367969,-0.00343889
1356876822720,-0.8347043,-0.28501147,0.47120836,0.43534017,0.18252665,0.8815685,-0.33726522,0.9409849,-0.028278887
1356876822762,-0.8449574,-0.2618296,0.46636063,0.4212368,0.21150106,0.88194495,-0.32955503,0.94165415,-0.06841707
1356876822802,-0.8580735,-0.238131,0.45497653,0.3951285,0.2597316,0.88114303,-0.32799926,0.9358596,-0.12877649
1356876822841,-0.8737602,-0.21767594,0.43492562,0.35566586,0.32396436,0.87666917,-0.3317302,0.92068684,-0.20564723
1356876822881,-0.8909752,-0.20705344,0.40409425,0.30321467,0.39112264,0.86895573,-0.33797064,0.8967452,-0.2856989
1356876822921,-0.908026,-0.21415359,0.3600375,0.23917827,0.44056964,0.86526996,-0.34392226,0.8718007,-0.34882784
1356876822982,-0.92067707,-0.23972028,0.30803904,0.17124236,0.46111447,0.87066036,-0.3507562,0.85434633,-0.38348728
1356876823002,-0.92619973,-0.27646914,0.25635678,0.11000597,0.45219082,0.8851114,-0.3606282,0.8479907,-0.3884058
1356876823040,-0.9251673,-0.3143864,0.2126658,0.065769084,0.41903657,0.9055843,-0.3738181,0.8518037,-0.36700207
1356876823081,-0.9206196,-0.3457024,0.1815195,0.04392959,0.37023056,0.92790055,-0.38798153,0.86221755,-0.32565498
1356876823120,-0.91522896,-0.36860687,0.1627416,0.042410836,0.31352228,0.94863325,-0.40069586,0.8751187,-0.2713117
1356876823161,-0.90998286,-0.3851204,0.1536668,0.05510916,0.2549792,0.9653748,-0.41096735,0.886943,-0.21080303
1356876823200,-0.9048222,-0.39788324,0.1516105,0.07591833,0.19960707,0.97693056,-0.41896683,0.8954585,-0.15040231
1356876823241,-0.8994589,-0.40859434,0.15499802,0.10028735,0.1522212,0.98324525,-0.42534244,0.899933,-0.095939875
1356876823282,-0.8935107,-0.41879117,0.16202684,0.124571994,0.11548859,0.98546654,-0.43141693,0.90070885,-0.05102068
1356876823321,-0.8866337,-0.42939034,0.17176908,0.14669934,0.09110582,0.98497665,-0.43858862,0.8985119,-0.017786205
1356876823362,-0.8786524,-0.44252256,0.17928725,0.16186222,0.07719439,0.98378944,-0.449189,0.8934287,0.0038005114
1356876823401,-0.8701204,-0.45677316,0.1850643,0.17146559,0.071473956,0.9825941,-0.46204984,0.88670725,0.01612997
1356876823442,-0.8623303,-0.46915323,0.19047707,0.17754884,0.07213175,0.9814649,-0.47419685,0.880166,0.021096349
1356876823481,-0.8564188,-0.47411615,0.20435458,0.18959843,0.079339564,0.978651,-0.48020762,0.87688035,0.021943808
1356876823522,-0.8520325,-0.46711305,0.23631798,0.21727839,0.09514928,0.9714611,-0.47626764,0.8790632,0.020423234
1356876823561,-0.84647906,-0.45028263,0.28411043,0.25961852,0.11679965,0.958622,-0.4648348,0.88521373,0.018033326
1356876823602,-0.8370769,-0.42523822,0.34420142,0.31378528,0.14219993,0.9387853,-0.4481528,0.8938409,0.014401257
1356876823641,-0.8241955,-0.39746076,0.40339386,0.36753345,0.1665054,0.91498363,-0.43083733,0.9023862,0.008847177
1356876823682,-0.80966735,-0.3685347,0.45675048,0.4156737,0.18930507,0.8895948,-0.41431174,0.91013503,-8.392334E-5
1356876823721,-0.79822403,-0.3418551,0.49595723,0.45047402,0.20781732,0.8682656,-0.39988956,0.91648626,-0.011887968
1356876823763,-0.7903317,-0.3151519,0.5254094,0.47500327,0.22646022,0.8503456,-0.38697237,0.9216263,-0.029280543
1356876823801,-0.7887737,-0.28889054,0.5425663,0.48670113,0.24560624,0.83833134,-0.37544367,0.92532146,-0.053124428
