1356876865112,-0.7858442,-0.4645072,0.4082669,0.37662378,0.16415602,0.91170573,-0.49051332,0.87022173,0.04594344
1356876865133,0.71893036,0.43390036,-0.543019,-0.49247754,-0.23333555,-0.83846325,-0.49051505,0.8702213,0.04593414
1356876865166,0.7189621,0.43389556,-0.54298085,-0.49241725,-0.23336306,-0.8384909,-0.49052912,0.8702163,0.04587844
1356876865212,0.7190995,0.43390226,-0.54279333,-0.4921595,-0.23343316,-0.83862275,-0.4905862,0.87019414,0.045687407
1356876865254,0.7195256,0.4340316,-0.542125,-0.4913922,-0.23342553,-0.8390746,-0.49073076,0.8701316,0.045324117
1356876865293,0.72044635,0.4344512,-0.5405638,-0.48977193,-0.23311546,-0.84010756,-0.4909995,0.87000537,0.044834793
1356876865332,0.72219604,0.43539867,-0.53745776,-0.48684546,-0.23198432,-0.84211916,-0.4913394,0.869834,0.044433713
1356876865374,0.72468066,0.43689498,-0.53287965,-0.4827746,-0.22989896,-0.84502953,-0.49169773,0.8696373,0.044318527
1356876865412,0.72806543,0.4389499,-0.5265394,-0.47736254,-0.22661275,-0.8489827,-0.49198145,0.8694651,0.044549346
1356876865451,0.72779727,0.43921515,-0.526689,-0.4776729,-0.2264008,-0.84886473,-0.49207705,0.8693865,0.045027286
1356876865493,0.73635006,0.44334096,-0.51111376,-0.46456933,-0.21790704,-0.85830754,-0.49189818,0.86946267,0.045506746
1356876865533,0.7430334,0.4460744,-0.4989178,-0.45431527,-0.2112048,-0.8654421,-0.49142542,0.8697184,0.04572621
1356876865580,0.7485068,0.4477885,-0.48910442,-0.44597206,-0.20593151,-0.87103456,-0.49076125,0.8701021,0.045560032
1356876865616,0.7529049,0.4489078,-0.48126498,-0.4392472,-0.20180379,-0.87540686,-0.49009803,0.87049246,0.04524243
1356876865657,0.7561792,0.4498567,-0.47520715,-0.43405718,-0.19861506,-0.87871855,-0.48968077,0.8707358,0.04507497
1356876865702,0.7583875,0.45078737,-0.47078568,-0.43034482,-0.19618033,-0.8810883,-0.48954237,0.8708065,0.045213282
1356876865752,0.7596431,0.45182294,-0.46775898,-0.42789853,-0.19438852,-0.8826754,-0.48973998,0.87067163,0.045668483
1356876865791,0.7604393,0.45262334,-0.46568683,-0.42615,-0.19330348,-0.88375896,-0.49002883,0.8704975,0.045889884
1356876865829,0.76117074,0.45298296,-0.46413952,-0.42453533,-0.19301656,-0.8845984,-0.49029464,0.8703741,0.04538873
1356876865874,0.7621601,0.4526725,-0.46281698,-0.42249432,-0.19387887,-0.8853866,-0.49052063,0.8703439,0.043484837
1356876865920,0.7637944,0.45124996,-0.46151006,-0.41899043,-0.1972641,-0.8863035,-0.49098378,0.8703219,0.038400203
1356876865963,0.7652459,0.4492721,-0.46103513,-0.41533905,-0.20259175,-0.8868203,-0.49182546,0.8701215,0.031567723
1356876866002,0.76681477,0.4466824,-0.46094462,-0.4106633,-0.21050064,-0.88715565,-0.49330595,0.86957705,0.022021055
1356876866041,0.7684915,0.44345912,-0.46126437,-0.4051095,-0.22079521,-0.88720673,-0.49528486,0.8686734,0.009970248
1356876866081,0.7705933,0.4395583,-0.46149155,-0.39811584,-0.23345721,-0.88713104,-0.49768433,0.8673443,-0.0049054325
1356876866155,0.7731072,0.43529004,-0.46133262,-0.38967413,-0.24792776,-0.8869531,-0.5004591,0.86547923,-0.02205345
1356876866166,0.7755608,0.43146878,-0.46080387,-0.37930697,-0.2649873,-0.88651454,-0.5046105,0.862332,-0.04185465
1356876866208,0.7764219,0.42984074,-0.46087524,-0.37046635,-0.28030413,-0.8855418,-0.5098272,0.8582928,-0.058392733
1356876866250,0.7741806,0.43155494,-0.46303865,-0.3647004,-0.29377753,-0.8835657,-0.5173375,0.85290974,-0.0700486
1356876866290,0.76788276,0.43678483,-0.46858838,-0.3631403,-0.30579525,-0.8801241,-0.52771693,0.8459954,-0.07620072
1356876866330,0.7564399,0.44553828,-0.47884685,-0.36690688,-0.3170183,-0.87457347,-0.54145914,0.8372545,-0.07633424
1356876866370,0.7404784,0.45570952,-0.49398425,-0.37632543,-0.32783815,-0.8665455,-0.55684,0.82755715,-0.07126197
1356876866411,0.7196908,0.46683973,-0.5139123,-0.39166766,-0.3381827,-0.8557038,-0.5732727,0.8171249,-0.060540944
1356876866459,0.6935922,0.4775383,-0.5393394,-0.41387224,-0.34863728,-0.8409291,-0.58960974,0.8064795,-0.044172227
1356876866502,0.66573846,0.4827397,-0.56899446,-0.44040412,-0.3613603,-0.8218655,-0.6023591,0.79773504,-0.02797091
1356876866539,0.63976246,0.48334596,-0.5975624,-0.4666303,-0.37351984,-0.8017102,-0.6107047,0.79174477,-0.013420135
1356876866582,0.6169411,0.47932264,-0.62420624,-0.4918702,-0.38431618,-0.78125846,-0.6143674,0.789019,-0.0013359487
1356876866620,0.59797645,0.47157705,-0.64810437,-0.5156833,-0.39265794,-0.7615053,-0.61359185,0.78957886,0.008384258
1356876866662,0.5826081,0.46161377,-0.6689398,-0.5378415,-0.39808816,-0.74313676,-0.60933924,0.79274106,0.01634568
1356876866700,0.5700734,0.4512437,-0.68658245,-0.55803126,-0.40067905,-0.7266756,-0.60300696,0.79739296,0.023391604
1356876866743,0.5590539,0.4423648,-0.7012647,-0.576053,-0.40108752,-0.71224415,-0.59634024,0.80214846,0.030596018
1356876866780,0.5489451,0.43621275,-0.71300614,-0.59215385,-0.39908695,-0.70005953,-0.58992636,0.80650353,0.03922823
1356876866822,0.54077244,0.4323899,-0.721529,-0.6066923,-0.39366642,-0.6906165,-0.58265734,0.8112124,0.049443662
1356876866859,0.5361647,0.42943192,-0.72671574,-0.6203693,-0.38335645,-0.68423676,-0.5724241,0.81769574,0.06086412
1356876866902,0.5358142,0.42622408,-0.7288595,-0.63291776,-0.36860895,-0.68083954,-0.5588544,0.8261117,0.07225889
1356876866941,0.53905135,0.42242602,-0.7286837,-0.64344573,-0.35173208,-0.6798986,-0.5435083,0.83536863,0.08220658
1356876866982,0.5448544,0.41820335,-0.726801,-0.6502918,-0.33647382,-0.68110645,-0.5293905,0.8437365,0.088624954
1356876867021,0.5527667,0.4133658,-0.7235867,-0.6520686,-0.32611975,-0.6844357,-0.51889825,0.85016143,0.08927482
1356876867062,0.5629035,0.40778112,-0.71892565,-0.6479566,-0.32227966,-0.69013625,-0.51311964,0.85431284,0.0828121
1356876867101,0.5759144,0.40128693,-0.7122439,-0.6374502,-0.3250458,-0.6985716,-0.5118396,0.8563375,0.068601936
1356876867166,0.59300125,0.3939044,-0.70227396,-0.61985177,-0.3333655,-0.71038806,-0.5139389,0.8565668,0.046476215
1356876867186,0.61632,0.38480455,-0.6870771,-0.5924664,-0.34819204,-0.72646105,-0.5187804,0.8548026,0.0133861
1356876867216,0.6457871,0.3775057,-0.6636629,-0.5546971,-0.36532584,-0.7475615,-0.5246619,0.8508975,-0.026521415
1356876867257,0.67963636,0.36960596,-0.63362914,-0.5039855,-0.39235994,-0.76944935,-0.53300375,0.84228563,-0.08038604
1356876867306,0.7165859,0.3653359,-0.594167,-0.43680546,-0.42907658,-0.7906291,-0.5437883,0.82608896,-0.1478895
1356876867343,0.75150865,0.36669514,-0.5484244,-0.3549733,-0.47594565,-0.80465496,-0.55608326,0.79938126,-0.2275103
1356876867384,0.77970695,0.37739527,-0.49962974,-0.26991045,-0.5174219,-0.8120487,-0.56498265,0.76801527,-0.30157453
1356876867431,0.7990993,0.39381942,-0.4542538,-0.19490662,-0.5450683,-0.81542134,-0.5687281,0.7401397,-0.35880572
1356876867473,0.8108016,0.41636813,-0.41138595,-0.13716875,-0.54810274,-0.82508683,-0.5690216,0.72541094,-0.38728985
1356876867512,0.815483,0.44164446,-0.3740825,-0.098989755,-0.53037846,-0.84196186,-0.5702531,0.7236359,-0.38879633
1356876867552,0.81440455,0.46602023,-0.3457895,-0.08285403,-0.49639738,-0.86413246,-0.5743522,0.73240346,-0.36565664
1356876867593,0.8101091,0.48782358,-0.32519448,-0.08546671,-0.4504857,-0.8886833,-0.58001614,0.7477237,-0.32324988
1356876867632,0.8046571,0.5058169,-0.310928,-0.10260065,-0.39734185,-0.911917,-0.5848077,0.76568186,-0.2678268
1356876867672,0.7990158,0.5197778,-0.30233234,-0.12980637,-0.34183627,-0.9307515,-0.58713204,0.78292984,-0.20566213
1356876867711,0.7933101,0.5301619,-0.29931173,-0.16256995,-0.28931016,-0.9433296,-0.5867113,0.797012,-0.14332429
1356876867753,0.78737146,0.5375989,-0.3017178,-0.19732988,-0.24388777,-0.9495155,-0.58404374,0.80715936,-0.085945934
1356876867792,0.7811402,0.5424279,-0.30917948,-0.23135293,-0.20847888,-0.9502696,-0.57991016,0.81382334,-0.03735894
1356876867832,0.77432805,0.5451931,-0.32121736,-0.26285595,-0.18462788,-0.9470055,-0.57560647,0.81772685,3.4469366E-4
1356876867869,0.7660164,0.5471483,-0.33741307,-0.2911371,-0.17267603,-0.94096875,-0.5731126,0.819031,0.027022481
1356876867909,0.7552001,0.5496785,-0.35710835,-0.3162919,-0.17159694,-0.9330133,-0.5741361,0.8175622,0.044268847
1356876867952,0.74228555,0.5529328,-0.3785201,-0.3382358,-0.17846476,-0.92398417,-0.5784537,0.81388915,0.054549873
1356876867991,0.7298459,0.55484295,-0.39934227,-0.35707974,-0.18871921,-0.91481096,-0.58294,0.8102681,0.060387224
1356876868113,0.7233342,0.55029804,-0.41708478,-0.37320012,-0.19664013,-0.906672,-0.5809555,0.8114829,0.06313479
1356876868116,0.7227905,0.5382534,-0.4334251,-0.38932618,-0.2010257,-0.8988959,-0.5709634,0.81845707,0.0642567
1356876868147,0.72676873,0.52292407,-0.44537365,-0.40213415,-0.20174065,-0.89307827,-0.5568621,0.8281613,0.06366682
1356876868179,0.73323464,0.5075808,-0.4524695,-0.41017544,-0.20055693,-0.88968146,-0.5423311,0.8379371,0.06114191
1356876868214,0.7425494,0.49158928,-0.45492902,-0.41271946,-0.19912586,-0.8888259,-0.5275254,0.8477552,0.055027664
1356876868244,0.7554156,0.47558087,-0.4507439,-0.40721184,-0.19819134,-0.891571,-0.5133476,0.8570549,0.043945313
1356876868303,0.7717442,0.46141765,-0.4376125,-0.3915058,-0.19754218,-0.8987216,-0.50113285,0.86491096,0.02819565
1356876868335,0.7909914,0.44910955,-0.41549137,-0.36443365,-0.19963567,-0.90957886,-0.49144748,0.8708882,0.0057605207
1356876868365,0.8120385,0.44051054,-0.38281065,-0.32566783,-0.20227955,-0.9235927,-0.48428708,0.8746619,-0.020798653
1356876868391,0.831685,0.4347731,-0.34535828,-0.2750796,-0.21766298,-0.93645823,-0.48231855,0.8738394,-0.06142983
1356876868444,0.8490311,0.43703017,-0.29690218,-0.20503786,-0.24536362,-0.9475,-0.48693508,0.8653331,-0.11871362
1356876868467,0.8586566,0.45097592,-0.2435766,-0.11909923,-0.28666377,-0.95059943,-0.49852204,0.8452482,-0.19243485
1356876868511,0.8580616,0.476672,-0.1910867,-0.027243912,-0.32931608,-0.9438266,-0.51282364,0.81506735,-0.26958707
1356876868559,0.84822965,0.50922006,-0.14560683,0.05702819,-0.36113858,-0.9307667,-0.52654934,0.7812003,-0.33536837
1356876868592,0.8347555,0.54109144,-0.1019963,0.12658522,-0.36886245,-0.9208239,-0.5358726,0.75575155,-0.37640414
1356876868633,0.8221369,0.5656637,-0.064152285,0.17020485,-0.35176867,-0.9204831,-0.5432506,0.7458441,-0.3854807
1356876868673,0.81157446,0.5835657,-0.028247863,0.19543427,-0.31672212,-0.9281663,-0.55059266,0.7477555,-0.37109232
1356876868713,0.8047013,0.59365976,0.004891485,0.20152555,-0.26539782,-0.94284225,-0.55842936,0.7596921,-0.33320358
1356876868752,0.8016438,0.5967673,0.035156697,0.19725415,-0.20854098,-0.9579152,-0.5643209,0.77484155,-0.2848904
1356876868792,0.80273616,0.5931574,0.061473817,0.1842829,-0.14870432,-0.971559,-0.56714594,0.7912341,-0.22867908
1356876868832,0.8069754,0.5849396,0.081463695,0.16496797,-0.090810746,-0.98210937,-0.5670769,0.80597705,-0.16977832
1356876868872,0.8127279,0.5752125,0.09275694,0.14050275,-0.038985465,-0.98931247,-0.5654487,0.8170745,-0.1125035
1356876868912,0.8183226,0.56703603,0.093905374,0.11177054,0.0032663345,-0.99372864,-0.5637867,0.8236865,-0.060705006
1356876868951,0.82241154,0.5625268,0.08486968,0.08033928,0.032847255,-0.9962262,-0.56319165,0.8261262,-0.01817903
1356876868991,0.8237606,0.5628967,0.067571074,0.048262745,0.04912743,-0.9976258,-0.5648799,0.825066,0.013302296
1356876869031,0.8216328,0.56832504,0.043887883,0.01676485,0.052867286,-0.9984607,-0.5697706,0.8211039,0.03390962
1356876869073,0.81632876,0.5773317,0.01718834,-0.01219672,0.046982743,-0.9988212,-0.57745874,0.8151569,0.045394927
1356876869112,0.81050193,0.5856768,-0.008328319,-0.03640768,0.03618235,-0.9986818,-0.58460337,0.8097367,0.050648987
1356876869169,0.80775744,0.5888108,-0.028806478,-0.054005533,0.02525115,-0.9982213,-0.587036,0.80787635,0.052195847
1356876869197,0.8100976,0.5847312,-0.0427936,-0.0650883,0.017155379,-0.99773204,-0.5826709,0.81104565,0.051956676
1356876869232,0.8167997,0.57472503,-0.050293535,-0.07033995,0.012682103,-0.9974425,-0.5726173,0.8182484,0.050784864
1356876869271,0.82556933,0.56194943,-0.05145994,-0.06975891,0.011138774,-0.99750173,-0.5599723,0.8270967,0.048396796
1356876869320,0.83542657,0.54767525,-0.045980453,-0.062188298,0.011074275,-0.998003,-0.5460723,0.8366177,0.043310724
1356876869353,0.84481233,0.53412116,-0.031730354,-0.045673937,0.012902118,-0.9988731,-0.53310984,0.8453095,0.035295285
1356876869392,0.85298383,0.5218492,-0.00959149,-0.020223737,0.01468242,-0.99968773,-0.5215454,0.8529114,0.0230776
1356876869436,0.8590337,0.511454,0.021815717,0.017222494,0.013717234,-0.9997575,-0.5116292,0.8592012,0.0029750466
1356876869472,0.86078453,0.5047599,0.06532644,0.069676936,0.010276943,-0.9975167,-0.50417775,0.8631986,-0.026323885
1356876869512,0.85485727,0.50608397,0.114446774,0.13549435,-0.0048179626,-0.9907664,-0.5008596,0.86247075,-0.07269018
1356876869551,0.83799267,0.51940084,0.16730522,0.21409152,-0.030926079,-0.9763239,-0.50192934,0.85397094,-0.13711514
1356876869591,0.80963725,0.5459277,0.21552366,0.2974831,-0.06514919,-0.95250165,-0.5059558,0.83529544,-0.21515147
1356876869632,0.7739484,0.57905173,0.256326,0.37596992,-0.09446287,-0.9218044,-0.50955915,0.8097999,-0.2908154
1356876869672,0.7375652,0.6096654,0.29035437,0.4400586,-0.107810944,-0.89147365,-0.51219726,0.78529286,-0.34780607
1356876869714,0.7052583,0.63219535,0.32084218,0.48529908,-0.10059595,-0.868542,-0.5168128,0.7682509,-0.37774998
1356876869752,0.6798322,0.6448176,0.34933993,0.5092994,-0.07236892,-0.85754114,-0.5276763,0.7609027,-0.37760395
1356876869792,0.6617179,0.6483613,0.37650633,0.5167074,-0.03049007,-0.8556189,-0.5432705,0.760722,-0.35518897
1356876869832,0.65137225,0.64215845,0.40416187,0.51036257,0.023356438,-0.85964215,-0.5614662,0.76621604,-0.31251988
1356876869871,0.6488416,0.6279878,0.4296928,0.49578407,0.07948151,-0.8648011,-0.5772372,0.77415377,-0.25977543
1356876869912,0.65347964,0.60584164,0.4537844,0.4765865,0.1364401,-0.8684753,-0.58807284,0.78379846,-0.19957507
1356876869951,0.6661827,0.58061093,0.46807224,0.45258567,0.18410355,-0.8725091,-0.59276205,0.7930932,-0.14012957
1356876869992,0.6862505,0.55601794,0.4689396,0.4231211,0.21923876,-0.87914896,-0.5916323,0.8017347,-0.0848102
1356876870031,0.7168405,0.5424654,0.43803078,0.37508878,0.22955203,-0.8981171,-0.58774835,0.8081072,-0.03892052
1356876870072,0.7559998,0.5477905,0.35831535,0.29295984,0.20635992,-0.9335899,-0.5853536,0.8107658,-0.0044725537
1356876870111,0.79495335,0.57246095,0.20084219,0.15165436,0.13303056,-0.9794406,-0.5874096,0.80906826,0.018936887
1356876870171,0.8040182,0.59410393,-0.024396837,-0.039212137,0.012036569,-0.9991584,-0.5933103,0.80429816,0.032973707
1356876870193,0.7681501,0.5858114,-0.25839978,-0.23086104,-0.12301913,-0.9651785,-0.59720063,0.8010564,0.040743858
1356876870240,0.71642953,0.55140543,-0.42741168,-0.36825803,-0.22144723,-0.90296584,-0.5925493,0.8043092,0.044408143
1356876870272,0.6676181,0.5098241,-0.54255456,-0.46413448,-0.28479183,-0.8387328,-0.5821213,0.81177145,0.046494782
1356876870312,0.6395796,0.47297266,-0.60599905,-0.5216292,-0.31202716,-0.7940668,-0.56466,0.8239757,0.047150135
1356876870351,0.624533,0.441607,-0.6441598,-0.5596609,-0.3222254,-0.76351196,-0.54473686,0.8373495,0.045909762
1356876870393,0.61960185,0.41557914,-0.6658735,-0.5835419,-0.32347676,-0.7448769,-0.5249499,0.85009223,0.042081058
1356876870434,0.6218898,0.3940127,-0.67676216,-0.59653646,-0.3215312,-0.7353652,-0.50734335,0.86102945,0.035085946
1356876870473,0.63172996,0.37585694,-0.677974,-0.5982607,-0.31977332,-0.7347306,-0.49295163,0.8697566,0.022850066
1356876870511,0.65230227,0.3598655,-0.6670822,-0.5845681,-0.32137105,-0.74498373,-0.4824748,0.8759095,7.348368E-4
1356876870551,0.6873228,0.34551808,-0.638909,-0.54805696,-0.3305601,-0.7683513,-0.47667706,0.87826383,-0.037837923
1356876870589,0.73564124,0.33412576,-0.5892299,-0.4822461,-0.35252523,-0.80197537,-0.4756791,0.87412,-0.098201245
1356876870631,0.78707474,0.3286475,-0.5220194,-0.39026612,-0.39006007,-0.83399373,-0.47770885,0.8601418,-0.17874643
1356876870680,0.8303422,0.3309701,-0.4483197,-0.28184104,-0.44460425,-0.8502309,-0.4807259,0.83233744,-0.2758927
1356876870721,0.8560122,0.3449758,-0.38501254,-0.18908569,-0.48422155,-0.85426927,-0.4811336,0.80406535,-0.3492696
1356876870761,0.8657384,0.36278158,-0.3447993,-0.1298235,-0.50256145,-0.8547385,-0.48336622,0.78474295,-0.38798916
1356876870801,0.86581516,0.3828145,-0.3222067,-0.09879038,-0.5004845,-0.8600905,-0.4905146,0.77651036,-0.3955087
1356876870841,0.85786116,0.40335837,-0.3183964,-0.09807792,-0.47968674,-0.8719411,-0.5044353,0.779232,-0.37194407
1356876870881,0.8464062,0.42399496,-0.32221848,-0.11373216,-0.44718224,-0.88718265,-0.52025133,0.7875635,-0.33027595
1356876870921,0.8317537,0.44382632,-0.33347273,-0.14628662,-0.40423775,-0.9028799,-0.53552413,0.7997562,-0.27130038
1356876870962,0.81692106,0.46273512,-0.34426188,-0.18318973,-0.35781056,-0.91564906,-0.54688346,0.8110782,-0.20753467
1356876871009,0.80170554,0.48008108,-0.35607642,-0.22522955,-0.3091746,-0.9239496,-0.55366045,0.8209344,-0.13973856
1356876871045,0.78863764,0.49538815,-0.36419964,-0.26244575,-0.26444697,-0.92800325,-0.55603325,0.8274409,-0.078540355
1356876871082,0.7783264,0.5078399,-0.3691973,-0.29262424,-0.22684613,-0.9289305,-0.55549896,0.8310472,-0.027954072
1356876871121,0.76945835,0.5177642,-0.37397072,-0.3164618,-0.19953091,-0.9273831,-0.5547845,0.8319301,0.010321856
1356876871162,0.75849575,0.5268872,-0.38350245,-0.33750433,-0.18581124,-0.9228028,-0.557472,0.82937574,0.036889672
1356876871197,0.74456155,0.53605396,-0.39783683,-0.35688013,-0.18400899,-0.9158478,-0.5641494,0.8238852,0.054300994
1356876871241,0.7310564,0.5442445,-0.41152692,-0.3716011,-0.18826008,-0.90910435,-0.5722492,0.8175304,0.06461316
1356876871293,0.72593766,0.54728115,-0.4165307,-0.37750202,-0.18917757,-0.9064788,-0.57489717,0.81528825,0.06926867
1356876871331,0.7289703,0.5445803,-0.41477057,-0.37813562,-0.18473265,-0.9071314,-0.5706275,0.81811136,0.07126057
1356876871371,0.7404999,0.5357783,-0.4057111,-0.3732079,-0.17421603,-0.9112435,-0.55890584,0.8261903,0.07094973
1356876871412,0.756948,0.522602,-0.39232236,-0.36390752,-0.1615484,-0.9173187,-0.5427716,0.8371316,0.067895025
1356876871451,0.77529085,0.5074719,-0.37602714,-0.35025284,-0.14998853,-0.92456824,-0.5255921,0.8485139,0.061458707
1356876871491,0.7938809,0.49272537,-0.35633528,-0.33131516,-0.14088117,-0.932943,-0.50988567,0.8587049,0.051404536
1356876871530,0.81256205,0.47988605,-0.3308359,-0.30460542,-0.13431235,-0.94296116,-0.49694923,0.86698884,0.037038773
1356876871572,0.83180803,0.469767,-0.29565918,-0.26581267,-0.13047932,-0.9551538,-0.48727715,0.87309456,0.016336262
1356876871611,0.85095423,0.4632013,-0.24763167,-0.20994726,-0.13219701,-0.96873426,-0.48145515,0.8763381,-0.015245764
1356876871652,0.86672306,0.4626631,-0.18637025,-0.133916,-0.14408103,-0.9804627,-0.48047638,0.87474763,-0.06292036
1356876871691,0.8736707,0.4719308,-0.118240446,-0.040469214,-0.1716978,-0.98431814,-0.48483166,0.86475503,-0.13090867
1356876871731,0.86864746,0.49288774,-0.050132617,0.06212069,-0.20874965,-0.97599417,-0.4915207,0.8446806,-0.2119484
1356876871771,0.85286593,0.5219977,0.011752829,0.16140029,-0.24216336,-0.9567167,-0.49655777,0.817848,-0.29078346
1356876871811,0.83056164,0.5526198,0.069128305,0.24823466,-0.2562242,-0.9341995,-0.49854478,0.7930704,-0.34998935
1356876871853,0.80584157,0.57899195,0.12404674,0.31640017,-0.24396273,-0.9167186,-0.5005099,0.7779784,-0.3797885
1356876871891,0.78114843,0.5986182,0.17737909,0.36603308,-0.2089327,-0.9068445,-0.50579333,0.7733067,-0.38232154
1356876871930,0.75948393,0.60940963,0.22760516,0.39630076,-0.15597492,-0.9047748,-0.5158778,0.777362,-0.3599699
1356876871974,0.74242914,0.61073893,0.27531242,0.41091746,-0.090586066,-0.9071609,-0.52909905,0.7866334,-0.31821704
1356876872010,0.7310707,0.60340005,0.31850275,0.41407308,-0.021348,-0.9099933,-0.5422906,0.7971529,-0.26545864
1356876872052,0.72605,0.5888483,0.35511848,0.40798432,0.046829402,-0.9117872,-0.5535343,0.8068859,-0.20624036
1356876872092,0.7272152,0.56940997,0.38331497,0.3952016,0.10926169,-0.91207325,-0.56122524,0.8147602,-0.14557499
1356876872179,0.7334863,0.5489482,0.40081626,0.37849787,0.15993023,-0.9116807,-0.56456816,0.82041335,-0.09046912
1356876872180,0.74350417,0.52877957,0.4093821,0.35990304,0.19955546,-0.9113986,-0.56362337,0.8249665,-0.041939065
1356876872216,0.75552213,0.51650566,0.40299904,0.33595902,0.22263873,-0.9151849,-0.5624214,0.82683367,-0.0053162575
1356876872263,0.7647782,0.51493657,0.38723978,0.30900055,0.23425364,-0.9217613,-0.5653609,0.8246002,0.020036384
1356876872309,0.77009726,0.52384794,0.3640516,0.27862322,0.23716775,-0.930656,-0.5738635,0.8181289,0.036686048
1356876872353,0.7743299,0.5342593,0.3390873,0.24973032,0.23435813,-0.93952703,-0.58141893,0.81218433,0.048049763
1356876872409,0.7816494,0.5356402,0.31955248,0.22969772,0.22911748,-0.9459092,-0.579882,0.81276983,0.056054235
1356876872442,0.79256546,0.5301211,0.3013497,0.21412857,0.22076589,-0.9515311,-0.5709544,0.8186783,0.06145735
1356876872481,0.80611,0.51679987,0.28827846,0.20614451,0.21139723,-0.9554138,-0.554699,0.8295957,0.06387396
1356876872521,0.81992555,0.49992633,0.27891898,0.20383042,0.20034692,-0.9582871,-0.53495353,0.84257627,0.062369347
1356876872569,0.83237004,0.48181462,0.27388832,0.2078877,0.18667194,-0.96017516,-0.51375365,0.856159,0.055216804
1356876872602,0.8410453,0.4658494,0.27500382,0.21799703,0.17339218,-0.96042305,-0.495096,0.86770934,0.044276908
1356876872649,0.84526896,0.453669,0.28232023,0.23624009,0.15662417,-0.9589887,-0.47928163,0.8772988,0.025214747
1356876872682,0.8429937,0.4454719,0.30152357,0.26666245,0.14073947,-0.9534587,-0.46717536,0.88416463,-1.4816225E-4
1356876872722,0.833154,0.44766927,0.32472542,0.30582386,0.11627877,-0.9449609,-0.46078858,0.88660675,-0.04002981
1356876872764,0.8131552,0.46325368,0.35238415,0.35534322,0.0843856,-0.930919,-0.46098775,0.882199,-0.095995456
1356876872802,0.78355646,0.49734494,0.37240747,0.4077997,0.040545523,-0.9121708,-0.46876296,0.866605,-0.1710474
1356876872841,0.7479691,0.5422503,0.3827622,0.4587134,-0.0055205226,-0.8885671,-0.47971267,0.8401989,-0.25286663
1356876872882,0.7126758,0.5875831,0.38319603,0.50167936,-0.04510069,-0.8638772,-0.4903172,0.8079059,-0.32692048
1356876872921,0.68269217,0.6213397,0.38453662,0.53459287,-0.06595069,-0.84253246,-0.49813837,0.7807608,-0.3771878
1356876872962,0.66102314,0.6393418,0.3927983,0.5543943,-0.06335914,-0.82983893,-0.50566334,0.7663079,-0.39632928
1356876873011,0.6477845,0.63972044,0.41368225,0.55993164,-0.031595826,-0.8279362,-0.516577,0.76795805,-0.37866697
1356876873052,0.6408779,0.62884873,0.44025534,0.55714566,0.013491213,-0.83030516,-0.52807593,0.77741057,-0.34171414
1356876873093,0.6398599,0.6073365,0.47087333,0.5483618,0.068443,-0.8334357,-0.5384039,0.791491,-0.28924617
1356876873133,0.6442993,0.57873034,0.4999496,0.53549874,0.1253247,-0.8351854,-0.54600316,0.8058318,-0.22916278
1356876873174,0.6535908,0.54596,0.5241629,0.51882416,0.18103144,-0.8354933,-0.5510359,0.81801915,-0.16493675
1356876873206,0.66825324,0.51524657,0.53661776,0.49649397,0.22828811,-0.8374833,-0.55401385,0.8260784,-0.10326254
1356876873261,0.6878008,0.48914975,0.53634197,0.46658653,0.26810542,-0.84286207,-0.55608195,0.82997113,-0.043827564
1356876873297,0.71710056,0.48049018,0.50487226,0.41844591,0.2824912,-0.8631928,-0.55737764,0.8302578,0.0015154481
1356876873339,0.7437123,0.48577246,0.45925716,0.36454806,0.28115192,-0.88772655,-0.5603541,0.82763445,0.032008737
1356876873378,0.7670144,0.5030864,0.39823747,0.30256534,0.26373145,-0.9159148,-0.565812,0.8230126,0.050069317
1356876873419,0.7846383,0.5245092,0.33050388,0.2397751,0.23487481,-0.94198817,-0.5717085,0.8183666,0.058527514
1356876873460,0.79846823,0.5402858,0.26559323,0.18398535,0.20106521,-0.9621445,-0.5732346,0.8171071,0.06113951
1356876873508,0.8121668,0.5427518,0.21402243,0.14332637,0.1699858,-0.97496784,-0.5655464,0.82251155,0.06026618
1356876873545,0.8259729,0.53704566,0.17132059,0.11081587,0.14329407,-0.9834564,-0.5527103,0.83129334,0.058843836
1356876873581,0.83944917,0.5247361,0.14134026,0.089108646,0.123655885,-0.9883161,-0.53608274,0.84223574,0.057044305
1356876873622,0.8513917,0.51033944,0.121185705,0.07596803,0.10862914,-0.99117535,-0.5190002,0.8530846,0.05371645
1356876873662,0.86078453,0.49682283,0.110531256,0.071746096,0.096554905,-0.99273854,-0.5038875,0.86246413,0.047467858
1356876873700,0.867282,0.4853756,0.110600874,0.07814214,0.086683065,-0.9931665,-0.49164605,0.8699979,0.037250377
1356876873770,0.8703294,0.47690988,0.12281582,0.09968555,0.073619604,-0.9922917,-0.4822754,0.87586355,0.016532302
1356876873792,0.8674917,0.471153,0.15960257,0.14558217,0.0663383,-0.9871196,-0.47567207,0.8795534,-0.011043541
1356876873829,0.85730743,0.47315693,0.20284572,0.20317078,0.051071554,-0.97781044,-0.47301742,0.8794965,-0.052347638
1356876873865,0.83651716,0.48774213,0.24969313,0.27226073,0.02547583,-0.96188617,-0.47551355,0.87261593,-0.111482054
1356876873910,0.80432,0.519078,0.28918418,0.34535676,-0.012348264,-0.93839025,-0.4835268,0.85463774,-0.18919905
1356876873936,0.7645228,0.5579171,0.32285196,0.41664416,-0.045539975,-0.90792835,-0.49184608,0.8286463,-0.26726925
1356876873977,0.7235737,0.60082626,0.33977798,0.47444692,-0.075387865,-0.8770501,-0.50133955,0.79581696,-0.33960882
1356876874019,0.68253917,0.63551223,0.36092162,0.52412784,-0.081465244,-0.8477342,-0.50934297,0.7677809,-0.38869292
1356876874060,0.6444968,0.655506,0.39361882,0.5632533,-0.058887213,-0.82418317,-0.5170779,0.7528905,-0.40716857
1356876874103,0.60945195,0.6590281,0.4407383,0.5930523,-0.010011375,-0.80510163,-0.5261722,0.7520516,-0.39693964
1356876874177,0.5769326,0.64500743,0.50111294,0.61631066,0.058844328,-0.7853015,-0.536013,0.7619073,-0.36357576
1356876874182,0.5461895,0.61186403,0.57210094,0.6364884,0.14086291,-0.758314,-0.5445729,0.77831876,-0.31250647
1356876874222,0.5164838,0.55657923,0.6507411,0.65591764,0.23138285,-0.71849424,-0.5504693,0.79792327,-0.24556467
1356876874262,0.49314773,0.49230716,0.717244,0.67123026,0.30914676,-0.67370486,-0.5534034,0.81367195,-0.1779964
1356876874301,0.4768047,0.42555362,0.7691303,0.68179935,0.373225,-0.6291683,-0.55480343,0.8243829,-0.11218673
1356876874342,0.47670296,0.37199005,0.7964783,0.68100035,0.41666338,-0.6021877,-0.5558711,0.82946664,-0.054700673
1356876874382,0.4963152,0.34218046,0.797862,0.6651952,0.44065687,-0.60277426,-0.5578409,0.8299,-0.0089120865
1356876874422,0.5376199,0.3419215,0.7707493,0.62946427,0.44544056,-0.6366768,-0.5610165,0.8274492,0.024250329
1356876874462,0.59208226,0.36729237,0.71731085,0.57344186,0.4333736,-0.695235,-0.5662181,0.8229724,0.04597199
1356876874501,0.65190864,0.4098449,0.63799864,0.4973155,0.404068,-0.76772803,-0.57244426,0.8177752,0.0595932
1356876874542,0.70320827,0.45332673,0.5477162,0.41495362,0.36386603,-0.8339155,-0.5773315,0.81369305,0.067764044
1356876874581,0.74248457,0.48577797,0.46123362,0.33971828,0.3203643,-0.884284,-0.57732844,0.81325674,0.07283789
1356876874633,0.7706176,0.49943694,0.39586765,0.28623375,0.28374758,-0.91518176,-0.56940204,0.81856585,0.075705186
1356876874662,0.79180473,0.5020514,0.34783566,0.24889971,0.25483215,-0.93440324,-0.55775815,0.8264411,0.07681686
1356876874702,0.8075613,0.49608356,0.3189764,0.2294733,0.23393282,-0.94478434,-0.543311,0.83616775,0.07507716
1356876874743,0.81805766,0.48666376,0.3064966,0.22504556,0.21956256,-0.94928753,-0.529279,0.84554756,0.070093304
1356876874788,0.82345104,0.47566324,0.3093103,0.2358113,0.20892808,-0.9490744,-0.5160634,0.8544551,0.05987528
1356876874822,0.82132983,0.46324483,0.3328987,0.26544788,0.20617798,-0.94182175,-0.5049304,0.8619136,0.04637277
1356876874864,0.8118999,0.453211,0.3679922,0.308276,0.20246658,-0.92950153,-0.49576643,0.8681054,0.02466853
1356876874911,0.7894055,0.44958538,0.4179855,0.3705591,0.19386029,-0.9083524,-0.48941278,0.8719467,-0.013563573
1356876874952,0.74919003,0.45582733,0.48055765,0.44958243,0.18283585,-0.8743264,-0.48640504,0.8710869,-0.06795317
1356876874991,0.7011287,0.48363814,0.52393955,0.52050704,0.15505254,-0.8396613,-0.48733038,0.86142486,-0.14302525
1356876875032,0.6518471,0.5302769,0.54212713,0.5784458,0.11461744,-0.8076283,-0.49040377,0.8400413,-0.23202339
1356876875074,0.6063061,0.582475,0.54140174,0.6235768,0.07426071,-0.778227,-0.49350262,0.8094493,-0.3181932
1356876875112,0.56390965,0.6219115,0.54335254,0.6607319,0.05493617,-0.74860895,-0.49541828,0.7811582,-0.37993774
1356876875170,0.52565366,0.6424964,0.55757207,0.6887798,0.063227594,-0.72220814,-0.49927005,0.7636757,-0.4093027
1356876875192,0.49022755,0.643649,0.5877013,0.70884156,0.09793648,-0.6985357,-0.5071691,0.75902855,-0.408234
1356876875231,0.45623738,0.62525594,0.63316864,0.72327304,0.15394491,-0.6731842,-0.51838547,0.76508564,-0.38199532
1356876875272,0.42310172,0.58723354,0.6900303,0.73497105,0.22295415,-0.6403975,-0.529908,0.77810556,-0.33726734
1356876875311,0.39158314,0.5308689,0.75155896,0.74559903,0.29557413,-0.59725875,-0.5392075,0.79423803,-0.28007352
1356876875351,0.36545402,0.46196225,0.8081054,0.75441265,0.36154765,-0.54785496,-0.5452569,0.80986065,-0.21638107
1356876875390,0.35127997,0.39141637,0.8505266,0.7591843,0.41256422,-0.5034182,-0.547943,0.8225472,-0.15223163
1356876875432,0.35791188,0.33370724,0.8720887,0.7563809,0.44403374,-0.48033538,-0.54752815,0.8315489,-0.09348482
1356876875471,0.39447,0.3032087,0.86744326,0.73954797,0.45553347,-0.4955381,-0.5454009,0.83699083,-0.044543087
1356876875511,0.46650535,0.3100647,0.82839155,0.69683886,0.44799364,-0.5601047,-0.5447829,0.8385472,-0.0070737004
1356876875552,0.568854,0.35630858,0.7412484,0.6121927,0.41840747,-0.6709361,-0.5492042,0.8354516,0.019883275
1356876875589,0.67763156,0.4277468,0.59820414,0.47945985,0.35981494,-0.8004071,-0.5576143,0.8291959,0.038734555
1356876875630,0.755164,0.49207816,0.43311235,0.3310937,0.28392643,-0.89986813,-0.56577754,0.8229488,0.05148706
1356876875687,0.7955916,0.52305865,0.30568543,0.22063868,0.21975967,-0.9502759,-0.56422734,0.8234776,0.059431985
1356876875731,0.8183247,0.5286424,0.22556993,0.15353885,0.17713341,-0.97213656,-0.55386853,0.8301571,0.06378552
1356876875771,0.8335771,0.51299024,0.20491524,0.139993,0.16266516,-0.9766996,-0.53436995,0.84284115,0.06377891
1356876875812,0.8437917,0.49037045,0.2180649,0.15755476,0.16207698,-0.9741188,-0.51302236,0.8563106,0.059499025
1356876875851,0.84831464,0.46609092,0.25124002,0.1949047,0.16630483,-0.9666203,-0.49231535,0.868966,0.05023551
1356876875890,0.84469926,0.44257763,0.30101198,0.24906805,0.17276582,-0.9529518,-0.4737597,0.87993014,0.035703212
1356876875932,0.83048975,0.42230242,0.36324573,0.3168406,0.17821696,-0.9315851,-0.45814717,0.88876283,0.014204815
1356876875971,0.8035772,0.40991795,0.43154493,0.39364994,0.17779922,-0.901902,-0.44643417,0.8946255,-0.018488765
1356876876011,0.76345134,0.4118379,0.49752545,0.47290972,0.16819772,-0.864908,-0.43988454,0.89559984,-0.06635137
1356876876051,0.7142179,0.43626213,0.5473282,0.5444163,0.14519873,-0.8261526,-0.43989044,0.88802737,-0.13380468
1356876876091,0.65845776,0.482277,0.57779086,0.60654706,0.11445776,-0.7867657,-0.44557166,0.8685093,-0.21715808
1356876876137,0.5986655,0.53828126,0.59317195,0.6600538,0.08802229,-0.7460436,-0.45379364,0.8381559,-0.30259866
1356876876175,0.53634363,0.586468,0.606952,0.7067622,0.08099079,-0.7027999,-0.46132714,0.805913,-0.37105447
1356876876210,0.47436303,0.614731,0.6301472,0.7448928,0.10119897,-0.6594646,-0.46916354,0.78221774,-0.40990365
1356876876258,0.4140368,0.6204664,0.66602916,0.77404755,0.14502811,-0.6162931,-0.47898212,0.7707063,-0.42022353
1356876876303,0.35571122,0.58863443,0.7259332,0.79203075,0.22247767,-0.56849885,-0.49614194,0.7771828,-0.38707876
1356876876341,0.30417934,0.5378829,0.7862295,0.80335474,0.2987118,-0.5151624,-0.511953,0.788323,-0.34124887
1356876876382,0.26326686,0.46847403,0.84334016,0.80900407,0.36901647,-0.4575362,-0.52555025,0.8027197,-0.2818476
1356876876421,0.23957449,0.3946973,0.8870277,0.80970836,0.42288888,-0.40686285,-0.5357018,0.8157077,-0.21827632
1356876876463,0.23182404,0.3215989,0.9180587,0.8073547,0.4628389,-0.3660035,-0.54261965,0.8260474,-0.1523472
1356876876501,0.24455705,0.26503745,0.93270946,0.80104804,0.48679188,-0.34836137,-0.5463642,0.8323393,-0.093259335
1356876876544,0.2716039,0.22771454,0.9350815,0.7908839,0.5008216,-0.3516822,-0.5483922,0.83505917,-0.04407066
1356876876591,0.3154696,0.21739605,0.92369795,0.771899,0.507395,-0.38304335,-0.5519519,0.8338401,-0.00774014
1356876876632,0.37696838,0.23609066,0.8956316,0.7392097,0.5059523,-0.44450116,-0.55808944,0.8296225,0.016207516
1356876876672,0.44175866,0.272703,0.85468256,0.69543594,0.4977608,-0.5182692,-0.566761,0.82332695,0.030242682
1356876876711,0.50643575,0.31852725,0.8012885,0.6430826,0.47953424,-0.59706926,-0.5744281,0.8176719,0.038013965
1356876876752,0.5667038,0.36182663,0.74022174,0.58870673,0.45072368,-0.6710235,-0.5764296,0.81604505,0.04241708
1356876876794,0.6214748,0.39538053,0.6763456,0.5365948,0.41419458,-0.7351931,-0.57081974,0.8198275,0.045252383
1356876876835,0.6693801,0.41797048,0.6141913,0.48852825,0.375202,-0.7877586,-0.5597056,0.8273598,0.04696238
1356876876871,0.7096817,0.43316472,0.555626,0.44397372,0.337384,-0.830096,-0.54702765,0.8357873,0.047121465
1356876876911,0.7416015,0.44394603,0.50293046,0.40424517,0.30255955,-0.86315906,-0.5353624,0.8434273,0.044915587
1356876876954,0.76485837,0.45170268,0.4592999,0.37247345,0.27162623,-0.8874023,-0.5255999,0.84981406,0.039508358
1356876876991,0.77941084,0.45656988,0.4290253,0.353125,0.24550536,-0.90279,-0.5175147,0.85514385,0.030123308
1356876877033,0.785537,0.45963427,0.4143285,0.34945938,0.22306839,-0.9100103,-0.5106955,0.8596377,0.014604956
1356876877082,0.78225225,0.46876705,0.4102912,0.3630023,0.1922481,-0.9117401,-0.5062714,0.8621474,-0.019777
1356876877121,0.76419675,0.48238987,0.4281393,0.40080208,0.16490427,-0.90120155,-0.5053325,0.8602944,-0.06732355
1356876877177,0.73960507,0.5137278,0.43481973,0.43880725,0.12179777,-0.8902885,-0.510326,0.8492639,-0.13534522
1356876877201,0.7100107,0.5579023,0.42968568,0.4758089,0.069743514,-0.87677914,-0.5191249,0.8269709,-0.21593624
1356876877242,0.6802157,0.60562104,0.41295242,0.5076149,0.017229289,-0.86141175,-0.52880394,0.7955666,-0.29570264
1356876877290,0.65275866,0.64204437,0.40210086,0.5357407,-0.01595372,-0.84423184,-0.5356193,0.7665014,-0.35438323
1356876877319,0.6302637,0.66241467,0.40493765,0.556888,-0.02229926,-0.83028823,-0.54096526,0.74880546,-0.3829452
1356876877370,0.61183786,0.6615979,0.43352336,0.56993574,0.011305273,-0.8216114,-0.54847753,0.7497734,-0.37015134
1356876877410,0.59832716,0.6495667,0.46911365,0.57750565,0.05623901,-0.8144473,-0.55542034,0.75822175,-0.34147915
1356876877462,0.5847085,0.6158188,0.52809393,0.58630794,0.12911963,-0.79973197,-0.5606773,0.77723575,-0.28556213
1356876877501,0.5780258,0.5744385,0.5795744,0.5914969,0.19434172,-0.78253603,-0.56215435,0.79514253,-0.22744408
1356876877543,0.5725399,0.5250466,0.6297017,0.59864676,0.2570633,-0.758644,-0.5601966,0.8113228,-0.1671384
1356876877581,0.5759869,0.4791755,0.6622914,0.59884983,0.30414125,-0.7408623,-0.5564332,0.8233401,-0.111772835
1356876877622,0.5886837,0.44244388,0.6765315,0.59036696,0.33638301,-0.73369837,-0.55219406,0.83131814,-0.06318104
1356876877661,0.6190917,0.42624027,0.6595792,0.5616922,0.34664428,-0.7512254,-0.5488419,0.8355579,-0.024811208
1356876877702,0.6637651,0.43349415,0.6095071,0.50857943,0.33593473,-0.7927767,-0.54841864,0.83620024,0.0025155246
1356876877741,0.7176674,0.4617862,0.5212553,0.42505014,0.30244148,-0.85314804,-0.55162126,0.83383614,0.020770103
1356876877782,0.7645881,0.49763003,0.40959656,0.32367298,0.2530965,-0.91168964,-0.5573516,0.8296424,0.032445177
1356876877821,0.7973634,0.52594185,0.29596764,0.22353509,0.19815049,-0.95434195,-0.56057453,0.82711643,0.04043147
1356876877862,0.81717336,0.536742,0.21008511,0.14935243,0.15485752,-0.97658235,-0.556706,0.82941383,0.046381712
1356876877901,0.8314615,0.5342911,0.15233094,0.10010302,0.1256263,-0.9870144,-0.5464898,0.8359133,0.050969273
1356876877942,0.8438005,0.5226751,0.12170249,0.07477313,0.11006209,-0.9911082,-0.5314224,0.8453976,0.053788394
1356876877982,0.8541956,0.5087345,0.10742015,0.06450547,0.101314634,-0.9927611,-0.515935,0.8549413,0.053726353
1356876878045,0.8626967,0.49396878,0.108394,0.06958617,0.09635013,-0.9929122,-0.50091136,0.8641248,0.048747547
1356876878126,0.8681639,0.4800912,0.12571402,0.09012808,0.09657827,-0.9912363,-0.48802513,0.8718859,0.04057607
1356876878129,0.8702653,0.4675688,0.15497614,0.12396075,0.096609384,-0.98757297,-0.47673047,0.87866145,0.026115626
1356876878175,0.8660766,0.45762366,0.20122613,0.17737491,0.09503353,-0.97954416,-0.46738583,0.88405275,0.0011353493
1356876878209,0.8519037,0.45351896,0.26187912,0.24865463,0.08981207,-0.96441936,-0.46090236,0.8867099,-0.036258355
1356876878244,0.8293121,0.4642707,0.3109569,0.31854165,0.064417064,-0.9457176,-0.4590999,0.88334775,-0.094467714
1356876878268,0.8024441,0.4932154,0.33588988,0.37763515,0.016099691,-0.9258145,-0.4620337,0.86975825,-0.17333637
1356876878318,0.77782345,0.5350602,0.3296988,0.4193044,-0.051026642,-0.9064106,-0.4681608,0.8432715,-0.2640428
1356876878343,0.7565837,0.576769,0.30808884,0.44911087,-0.11589661,-0.88592744,-0.47526902,0.8086443,-0.34671867
1356876878377,0.73781383,0.6098418,0.2893504,0.4705858,-0.15740192,-0.8682014,-0.48392123,0.7767352,-0.4031162
1356876878416,0.72101605,0.63261896,0.2827171,0.4842798,-0.16824865,-0.8585834,-0.49558938,0.7559666,-0.42767462
1356876878458,0.7063865,0.6457207,0.28993595,0.48863387,-0.1484999,-0.8597585,-0.51210845,0.74899423,-0.42041937
1356876878508,0.69402206,0.64865273,0.31238282,0.48607415,-0.10208595,-0.8679346,-0.53109825,0.7542069,-0.38614324
1356876878548,0.684341,0.6393987,0.35049504,0.481226,-0.03491354,-0.87590104,-0.5478129,0.7680823,-0.33158797
1356876878586,0.6801199,0.61758363,0.39500296,0.47463068,0.03969696,-0.8792894,-0.55871516,0.7855028,-0.26612544
1356876878623,0.6848551,0.5874038,0.4311964,0.46227375,0.107189655,-0.88023484,-0.563273,0.8021641,-0.19813192
1356876878661,0.6996034,0.5545725,0.45056012,0.44106823,0.16091686,-0.8829295,-0.5621512,0.81642824,-0.13202631
1356876878701,0.72663707,0.5283756,0.4391102,0.4022273,0.1909743,-0.89540046,-0.5569666,0.8272533,-0.073758125
1356876878741,0.7607348,0.5147187,0.3954076,0.34390348,0.19701299,-0.9181047,-0.5504661,0.8344162,-0.027138904
1356876878781,0.793554,0.51529765,0.3236362,0.26750216,0.18228942,-0.94615704,-0.5465479,0.83740014,0.0068132877
1356876878821,0.8162202,0.52649355,0.23788475,0.18323615,0.15458274,-0.97083914,-0.5479134,0.8360076,0.02970092
1356876878861,0.8267658,0.54090524,0.15453118,0.1046368,0.122038424,-0.9869943,-0.5527291,0.8321828,0.04429859
1356876878901,0.8300447,0.5502857,0.090617344,0.045955747,0.09444333,-0.9944689,-0.5558002,0.8296181,0.05310338
1356876878987,0.8335091,0.54994845,0.053096727,0.012294233,0.07761673,-0.9969074,-0.55236894,0.83158416,0.057933062
1356876878988,0.83894217,0.54310834,0.034774452,-0.0037041903,0.06959477,-0.9975685,-0.54420793,0.8367735,0.060397767
1356876879016,0.84619963,0.53195226,0.031194001,-0.005754739,0.06765959,-0.99769187,-0.532835,0.844067,0.060314745
1356876879071,0.8538737,0.5190016,0.03920321,0.0042788982,0.06831887,-0.9976543,-0.5204625,0.8520386,0.05611494
1356876879111,0.859893,0.5070847,0.058728844,0.026504517,0.0705421,-0.9971566,-0.5097858,0.8590046,0.04721863
1356876879152,0.86299026,0.49713457,0.09002802,0.06092061,0.07449943,-0.99535847,-0.5015341,0.8644693,0.034006536
1356876879230,0.86217487,0.48922986,0.13156228,0.10655218,0.07876778,-0.9911823,-0.49527884,0.8685907,0.015783079
1356876879231,0.8558475,0.48490947,0.17996643,0.16275884,0.07778233,-0.9835952,-0.4909528,0.8710986,-0.01235348
1356876879267,0.8412488,0.48699644,0.23480824,0.2303845,0.06999886,-0.9705788,-0.48910472,0.8705944,-0.053309977
1356876879310,0.816911,0.5028987,0.28239912,0.30152005,0.04502067,-0.95239633,-0.49167264,0.8631721,-0.114856154
1356876879350,0.7832829,0.53327554,0.31950763,0.37239337,0.009045244,-0.92803097,-0.49778625,0.84589326,-0.1915033
