1356876678491,0.19711882,0.14617836,0.96942043,0.7885455,0.56390506,-0.24537122,-0.58252907,0.81279945,-0.0041120052
1356876678508,0.4425311,0.32138705,0.8371838,0.68178594,0.48586154,-0.54690635,-0.582524,0.81280315,-0.0041083097
1356876678527,0.4425379,0.32134593,0.8371959,0.6818062,0.48585385,-0.5468878,-0.582495,0.81282395,-0.0040869117
1356876678570,0.44270602,0.3213545,0.83710366,0.6817727,0.48574176,-0.54702914,-0.58240646,0.81288755,-0.004049897
1356876678610,0.44364432,0.32193658,0.836383,0.68129253,0.4851739,-0.54813015,-0.5822544,0.8129964,-0.004088342
1356876678648,0.4461884,0.32379097,0.8343113,0.67980224,0.48369694,-0.55127686,-0.5820523,0.81314,-0.004293859
1356876678689,0.45136404,0.3275597,0.8300452,0.6765996,0.4808421,-0.5576771,-0.5817932,0.8133237,-0.004591942
1356876678730,0.45968,0.33346862,0.82309955,0.67130965,0.47629878,-0.5678756,-0.58141,0.8135958,-0.0049156547
1356876678769,0.4710738,0.3416441,0.81324583,0.6638512,0.46978784,-0.5818944,-0.58085376,0.8139894,-0.0054960847
1356876678809,0.48498505,0.35207993,0.80051804,0.6543277,0.46122575,-0.59927124,-0.5802109,0.81443876,-0.006688088
1356876678850,0.499905,0.36397868,0.7858845,0.64359623,0.4510821,-0.61831117,-0.5795505,0.8148892,-0.008757085
1356876678889,0.51461196,0.37651014,0.770334,0.6325753,0.43977684,-0.6375302,-0.57881165,0.815375,-0.011856586
1356876678929,0.5279449,0.38877606,0.75506777,0.6223556,0.4278542,-0.65544975,-0.5778821,0.81596196,-0.016073525
1356876678968,0.5390663,0.4004316,0.74098724,0.61394936,0.41546017,-0.6711625,-0.5766054,0.81672966,-0.021884143
1356876679010,0.54760087,0.41141915,0.72860646,0.60799825,0.40259948,-0.68428916,-0.5748663,0.8177089,-0.029678315
1356876679049,0.55337524,0.42190385,0.7181734,0.60482395,0.3892835,-0.6947276,-0.5726813,0.8188135,-0.03975767
1356876679089,0.5562647,0.4319008,0.70995164,0.60424906,0.37627625,-0.7023527,-0.57048464,0.8196816,-0.05166644
1356876679130,0.55653054,0.44170198,0.7036854,0.60534275,0.36454576,-0.70757794,-0.56906414,0.8197596,-0.06450024
1356876679168,0.5544027,0.45109525,0.69939315,0.6070565,0.35568026,-0.7106152,-0.56931555,0.8185381,-0.07665023
1356876679211,0.55025774,0.4593117,0.69731563,0.60844296,0.35137278,-0.7115717,-0.57185096,0.8158246,-0.08611938
1356876679249,0.5447618,0.46560514,0.69745713,0.60855544,0.35273543,-0.7108009,-0.5769704,0.8116585,-0.0911898
1356876679289,0.53893036,0.46997216,0.6990567,0.6062187,0.3598048,-0.7092528,-0.584853,0.806019,-0.090996146
1356876679328,0.53403866,0.4732256,0.70061415,0.6001737,0.37146476,-0.70838225,-0.5954781,0.7987938,-0.08564103
1356876679368,0.53130776,0.47640952,0.7005326,0.5896919,0.38572624,-0.7095623,-0.60825604,0.7900944,-0.075995475
1356876679409,0.53155726,0.480353,0.6976445,0.5746348,0.40060252,-0.7136614,-0.6222875,0.78024274,-0.063084334
1356876679450,0.53519195,0.48572463,0.69111586,0.5552837,0.41425365,-0.7211476,-0.6365764,0.76971775,-0.048009753
1356876679529,0.54221153,0.4928844,0.6804936,0.5319902,0.42549995,-0.73207664,-0.6503792,0.7589563,-0.03149864
1356876679530,0.5528794,0.50276995,0.66448987,0.5067179,0.43019745,-0.7471058,-0.66148424,0.7497683,-0.016915262
1356876679569,0.56368643,0.51241136,0.64783657,0.48364264,0.4310516,-0.761764,-0.6695875,0.74271744,-0.0048460066
1356876679608,0.5752391,0.5233041,0.6286913,0.46214032,0.42625147,-0.7776478,-0.6749269,0.7378771,0.0033566058
1356876679649,0.58655155,0.5358801,0.6072806,0.44232607,0.4161578,-0.7944559,-0.67845774,0.73460543,0.007064283
1356876679689,0.59674114,0.5493697,0.5848871,0.4243495,0.40258044,-0.8110835,-0.6810488,0.7322034,0.007111579
1356876679730,0.6053157,0.560827,0.5648592,0.40970933,0.38889048,-0.82516813,-0.682445,0.7309153,0.0056254566
1356876679769,0.61224437,0.56577575,0.55231744,0.40163347,0.37916917,-0.83361936,-0.68106335,0.7322079,0.004909694
1356876679809,0.61753607,0.56051576,0.55178916,0.40338054,0.3765592,-0.83395886,-0.67522836,0.73758066,0.006437719
1356876679849,0.62045395,0.5444395,0.5644666,0.415976,0.3816985,-0.825391,-0.6648315,0.7469216,0.010352582
1356876679889,0.6192765,0.5203625,0.5879791,0.43788832,0.39269343,-0.8087309,-0.65172875,0.75829726,0.015325189
1356876679929,0.61180556,0.49226248,0.6191701,0.46712214,0.4068517,-0.78502774,-0.63835007,0.7695124,0.01896742
1356876679969,0.5957992,0.462926,0.65629476,0.50273114,0.4223041,-0.7542683,-0.6263264,0.7793323,0.018881142
1356876680008,0.56934655,0.43350738,0.69850975,0.54426676,0.43803012,-0.7154741,-0.6161316,0.7875284,0.013447255
1356876680049,0.5308818,0.40465647,0.74459225,0.5906782,0.45334265,-0.66751754,-0.6076707,0.7941874,0.0016496181
1356876680088,0.4802764,0.378834,0.7910875,0.638952,0.4667753,-0.61144185,-0.60089505,0.79912806,-0.017875612
1356876680129,0.41931552,0.36087674,0.8330321,0.6847232,0.4767834,-0.55120933,-0.5960944,0.801527,-0.04717797
1356876680169,0.35227722,0.35822374,0.8646251,0.72341853,0.4819039,-0.49440306,-0.5937731,0.79965276,-0.08938187
1356876680208,0.2830673,0.37605685,0.8823005,0.7530295,0.48258263,-0.4472813,-0.59398603,0.791009,-0.14657855
1356876680249,0.21486548,0.4140165,0.8845469,0.7738097,0.48041055,-0.4128248,-0.5958619,0.7731727,-0.21714634
1356876680289,0.1492238,0.46266544,0.8738838,0.78743684,0.47893435,-0.38802713,-0.5980597,0.7460312,-0.2928514
1356876680328,0.086916566,0.50571346,0.85831195,0.7955078,0.48339552,-0.36537108,-0.59967726,0.7145506,-0.3602839
1356876680369,0.029082391,0.52934545,0.84790784,0.7988376,0.49758282,-0.33803833,-0.60084337,0.6871716,-0.4083901
1356876680408,-0.023045536,0.52721816,0.8494173,0.797427,0.52214366,-0.30245018,-0.60297513,0.67037827,-0.43245107
1356876680449,-0.06802705,0.49927402,0.86376953,0.79109037,0.55452454,-0.25822186,-0.6079049,0.66575366,-0.43269354
1356876680529,-0.10509461,0.43800455,0.89280856,0.7794712,0.59380144,-0.19956072,-0.61755955,0.67494583,-0.4038173
1356876680530,-0.12892109,0.37472618,0.9181283,0.76863897,0.62274295,-0.14623699,-0.6265568,0.68685615,-0.3683139
1356876680574,-0.14273494,0.29155618,0.9458445,0.75843376,0.6462174,-0.08474296,-0.63592845,0.70526457,-0.3133638
1356876680607,-0.1401315,0.21910888,0.965585,0.7531604,0.6566379,-0.0397,-0.64273834,0.7216772,-0.2570398
1356876680649,-0.12909172,0.14778158,0.980559,0.7512406,0.66002816,-5.72145E-4,-0.64728105,0.7365619,-0.19622368
1356876680688,-0.10724959,0.08695173,0.9904226,0.753366,0.65716755,0.023885071,-0.6487967,0.74871236,-0.13598746
1356876680729,-0.07748154,0.040480822,0.9961716,0.75840676,0.6509689,0.032535344,-0.6471597,0.7580242,-0.08113903
1356876680768,-0.042283297,0.0103931725,0.9990516,0.76421165,0.64445573,0.025639743,-0.64357805,0.76457095,-0.03519231
1356876680808,-0.0035128891,-0.0035393536,0.9999875,0.767771,0.6407051,0.0049648583,-0.64071465,0.7677789,4.6670437E-4
1356876680849,0.03742613,-0.003490299,0.9992933,0.7664411,0.6417692,-0.026463687,-0.6412233,0.7668899,0.02669406
1356876680888,0.079336956,0.007559508,0.9968192,0.7597518,0.6469183,-0.06537473,-0.6453548,0.76252186,0.045581162
1356876680929,0.12095441,0.026300848,0.9923096,0.75021374,0.6521939,-0.10873109,-0.650038,0.7575958,0.05915451
1356876680969,0.16071126,0.04883969,0.9857923,0.7419107,0.6527407,-0.15329096,-0.6509534,0.7560055,0.06866813
1356876681008,0.19675457,0.07117218,0.97786605,0.737744,0.64616203,-0.1954698,-0.645772,0.7598744,0.07462847
1356876681049,0.22710168,0.09062809,0.96964496,0.73803437,0.6335979,-0.23207527,-0.6353976,0.768336,0.07700449
1356876681088,0.24989963,0.10660872,0.96238494,0.74137187,0.6182619,-0.26099813,-0.6228306,0.77870846,0.07546669
1356876681129,0.26356715,0.11951703,0.9572085,0.7469784,0.6025843,-0.28091902,-0.6103734,0.78905505,0.06954479
1356876681168,0.2667085,0.12948826,0.9550389,0.75494003,0.58792144,-0.29054084,-0.59910953,0.7984868,0.05904776
1356876681209,0.2582763,0.13710523,0.9562926,0.7653909,0.5749518,-0.28914928,-0.589466,0.8066181,0.043557346
1356876681250,0.23781312,0.14524975,0.9603892,0.7776897,0.56390893,-0.27785864,-0.58193094,0.81296325,0.021145701
1356876681288,0.20516041,0.15927383,0.9656817,0.79021084,0.5552034,-0.2594534,-0.5774739,0.8163216,-0.011954188
1356876681329,0.16098869,0.18677884,0.96912134,0.8004891,0.54967016,-0.23891374,-0.5773212,0.81423354,-0.06102377
1356876681369,0.10655317,0.23405206,0.9663675,0.80648804,0.54812026,-0.22167817,-0.5815699,0.80298436,-0.13035625
1356876681408,0.04437553,0.29707167,0.95382357,0.80825555,0.55047345,-0.20905006,-0.58715737,0.7802099,-0.21568227
1356876681449,-0.019683957,0.36122942,0.9322692,0.80723345,0.5559045,-0.19835424,-0.58990407,0.7486545,-0.30253887
1356876681529,-0.07907727,0.40885645,0.9091662,0.8041026,0.5652199,-0.18424311,-0.58920777,0.7164935,-0.37345862
1356876681530,-0.13088441,0.4273718,0.89455175,0.79831785,0.58045334,-0.16050729,-0.58784187,0.6931287,-0.4171508
1356876681569,-0.1693489,0.4135965,0.89457184,0.7888982,0.60093987,-0.12849444,-0.5907287,0.68396574,-0.42805403
1356876681609,-0.1934247,0.3753674,0.9064691,0.77761567,0.62202424,-0.09164962,-0.598248,0.6871573,-0.41220647
1356876681650,-0.20341587,0.32005012,0.92530525,0.767403,0.6390263,-0.052327007,-0.60804164,0.69943786,-0.37559545
1356876681688,-0.19951671,0.25537372,0.9460324,0.76104295,0.64853793,-0.014564753,-0.61725736,0.7170654,-0.32374454
1356876681729,-0.182384,0.1888274,0.96492505,0.75983065,0.64991325,0.01643601,-0.624014,0.7361773,-0.26201063
1356876681768,-0.15338194,0.12706366,0.97996366,0.7633854,0.6449471,0.03585866,-0.62746847,0.7535901,-0.19592184
1356876681809,-0.11407767,0.07639146,0.9905305,0.77012855,0.63665867,0.039594114,-0.6276052,0.7673526,-0.13145983
1356876681849,-0.06607197,0.041785896,0.99693954,0.77745134,0.62843865,0.02518496,-0.6254629,0.776736,-0.07400864
1356876681888,-0.010611549,0.026100725,0.999603,0.78168845,0.62361807,-0.007985115,-0.62357885,0.78129333,-0.027020156
1356876681929,0.051382765,0.02997744,0.998229,0.77886176,0.6244292,-0.058843076,-0.6250874,0.7805059,0.00873661
1356876681969,0.11828175,0.05198881,0.9916183,0.7665918,0.62995625,-0.12446782,-0.631147,0.77488863,0.034658134
1356876682009,0.18820998,0.08920789,0.978069,0.74607974,0.6346507,-0.20145357,-0.6387034,0.767633,0.052891433
1356876682049,0.25692904,0.13457847,0.95701414,0.72165763,0.6319359,-0.2826079,-0.64280456,0.7632468,0.065243065
1356876682090,0.32034236,0.17945221,0.9301493,0.69822085,0.61885947,-0.35986203,-0.6402098,0.7647286,0.07294965
1356876682129,0.37450388,0.21695626,0.9014859,0.6789159,0.5980197,-0.42596433,-0.63152206,0.7715584,0.07666564
1356876682171,0.4167667,0.24484463,0.87541795,0.6653225,0.5740478,-0.4772997,-0.619396,0.7813579,0.07634336
1356876682209,0.44577074,0.2639656,0.8553423,0.6583941,0.55069727,-0.51307863,-0.6064698,0.7918678,0.071691334
1356876682253,0.4606162,0.27543062,0.8437836,0.65922356,0.5304072,-0.5330034,-0.5943543,0.80175203,0.06274378
1356876682300,0.46083915,0.28416157,0.8407612,0.6688899,0.5114155,-0.5394817,-0.5832783,0.810991,0.045607448
1356876682341,0.4381317,0.2839225,0.85289425,0.69106436,0.5003888,-0.52157557,-0.57486576,0.81792367,0.02302748
1356876682380,0.40350384,0.29033828,0.86769146,0.71565676,0.49073333,-0.4970073,-0.5701054,0.8215136,-0.009769797
1356876682421,0.356881,0.31080356,0.88092965,0.74004745,0.48140892,-0.46965438,-0.5700577,0.81954044,-0.058203697
1356876682460,0.30103746,0.35222852,0.886178,0.7607753,0.47160122,-0.44588473,-0.57497597,0.8084104,-0.12599713
1356876682525,0.2398065,0.4099152,0.88003546,0.7766135,0.4629459,-0.4272618,-0.58254987,0.7859075,-0.2073282
1356876682540,0.17890054,0.4672203,0.86585206,0.7877095,0.45927632,-0.41058385,-0.58949846,0.7554935,-0.28586906
1356876682580,0.123364985,0.5054318,0.85400224,0.7943872,0.4654715,-0.39023745,-0.5947521,0.7265501,-0.34408563
1356876682620,0.07620603,0.51524246,0.85364974,0.7962115,0.48390782,-0.36315352,-0.60019994,0.7073602,-0.37336522
1356876682660,0.03861404,0.4967125,0.8670558,0.7931077,0.5125976,-0.328974,-0.6078563,0.7003716,-0.37415308
1356876682701,0.0109489,0.45333618,0.89127237,0.78651077,0.546504,-0.28763542,-0.6174795,0.7041446,-0.3505702
1356876682740,-0.0060840845,0.39192536,0.91997683,0.77911174,0.57857186,-0.24132861,-0.6268555,0.7152965,-0.3088737
1356876682780,-0.011939287,0.32050872,0.9471704,0.77316487,0.60363847,-0.1945166,-0.6340927,0.72999644,-0.25501305
1356876682820,-0.0063567534,0.24822128,0.9686825,0.7697598,0.61955166,-0.15370643,-0.6383021,0.74467576,-0.19500905
1356876682860,0.010367803,0.1840621,0.98285997,0.7689328,0.6268888,-0.12550989,-0.6392455,0.75705457,-0.13503194
1356876682900,0.03759186,0.13556224,0.9900554,0.7696453,0.62799114,-0.11520997,-0.6373641,0.7663224,-0.08072746
1356876682941,0.07420407,0.10696745,0.99148965,0.76942325,0.62635696,-0.12515926,-0.63441443,0.7721625,-0.035825014
1356876682980,0.11863996,0.098891675,0.9880005,0.76464176,0.6256755,-0.15444443,-0.633441,0.77378976,-0.0013865829
1356876683020,0.16876057,0.109101355,0.97960037,0.7524142,0.62774074,-0.19953573,-0.6367046,0.77073896,0.023848474
1356876683060,0.22149691,0.13288608,0.96606445,0.7333715,0.6302562,-0.25484,-0.64273274,0.76493037,0.042144895
1356876683100,0.2728411,0.16267025,0.9482068,0.71265465,0.62792367,-0.31278613,-0.64628243,0.7610849,0.055395663
1356876683140,0.31884205,0.18958256,0.92865396,0.6969209,0.6171541,-0.36526984,-0.6423714,0.7636617,0.064650655
1356876683180,0.35596234,0.20716129,0.91124916,0.69032097,0.59896594,-0.40582854,-0.62987924,0.7735141,0.070201516
1356876683220,0.38247272,0.2152677,0.8985402,0.6923187,0.57724965,-0.43298703,-0.61189014,0.7876819,0.071748376
1356876683260,0.39735237,0.21705928,0.89162576,0.7007047,0.55563235,-0.44753295,-0.5925572,0.8025946,0.06868738
1356876683300,0.3998893,0.21534398,0.89090717,0.7140696,0.53618836,-0.4501184,-0.5746243,0.81616724,0.0606454
1356876683340,0.3895923,0.21181178,0.89629996,0.7317119,0.51981777,-0.44089356,-0.5592991,0.82760215,0.047531784
1356876683380,0.36635855,0.20870543,0.9067654,0.75264335,0.5065205,-0.4206721,-0.5470918,0.8365878,0.028487384
1356876683420,0.33061174,0.21065673,0.9199564,0.7749841,0.49570116,-0.3920204,-0.53860515,0.8425581,6.290078E-4
1356876683460,0.28326195,0.22490063,0.93229955,0.7958715,0.48728728,-0.35936022,-0.53511804,0.8437836,-0.04096204
1356876683523,0.22547254,0.25860518,0.93930054,0.81214446,0.4826474,-0.32783058,-0.5381297,0.8367646,-0.10120106
1356876683540,0.15884116,0.3116905,0.936813,0.8219244,0.48395488,-0.3003797,-0.54700065,0.8177021,-0.17931408
1356876683580,0.08735025,0.372818,0.92378396,0.8251587,0.49245554,-0.27676836,-0.5581067,0.7864442,-0.26461786
1356876683620,0.017272174,0.42091262,0.90693665,0.8233893,0.50859284,-0.2517208,-0.5672139,0.7511097,-0.33779043
1356876683660,-0.04427761,0.44195443,0.89594406,0.81759185,0.53139645,-0.22172368,-0.5740933,0.72269917,-0.3848673
1356876683700,-0.09309834,0.43279934,0.89667016,0.8083606,0.558629,-0.18570617,-0.58127946,0.70754385,-0.40186536
1356876683740,-0.12698177,0.3979665,0.90856934,0.7969104,0.5863275,-0.14544359,-0.59060097,0.70557964,-0.39159656
1356876683780,-0.144898,0.34515667,0.9272925,0.78564787,0.6098313,-0.10422656,-0.6014665,0.71342313,-0.35953498
1356876683820,-0.14666986,0.28245246,0.94800234,0.77705944,0.62592876,-0.066269785,-0.6121,0.72693443,-0.31128728
1356876683860,-0.13305968,0.21701568,0.967057,0.7724082,0.63410413,-0.036020756,-0.6210319,0.74216986,-0.25199836
1356876683900,-0.10586642,0.15547678,0.9821504,0.7714778,0.6360149,-0.017524779,-0.627387,0.75585186,-0.18727952
1356876683940,-0.06780383,0.103681654,0.9922967,0.7729449,0.63433015,-0.013463438,-0.6308397,0.7660779,-0.12315023
1356876683980,-0.021822229,0.066352695,0.99755764,0.7748343,0.63166726,-0.025065452,-0.63178766,0.7723949,-0.06519675
1356876684020,0.029454663,0.04632488,0.998492,0.7746841,0.63019925,-0.052090496,-0.631662,0.7750503,-0.017324805
1356876684060,0.08394106,0.04409069,0.9954948,0.77000934,0.6312352,-0.092885435,-0.63248676,0.7743372,0.019036293
1356876684100,0.1398367,0.057862222,0.98848253,0.75934184,0.6344311,-0.14455843,-0.63548857,0.77081066,0.04477954
1356876684140,0.1952703,0.083806336,0.97716224,0.7432669,0.63738984,-0.20319578,-0.6398624,0.76597047,0.06217283
1356876684180,0.24819103,0.1164045,0.96169186,0.7247491,0.63639975,-0.26407218,-0.6427597,0.7625257,0.073584616
1356876684220,0.29663855,0.14954889,0.9432077,0.7077719,0.6286507,-0.32226884,-0.64114314,0.7631732,0.08063555
1356876684260,0.3388526,0.17858115,0.92373574,0.6948631,0.61443305,-0.37368086,-0.6343061,0.7684926,0.08411282
1356876684300,0.37341633,0.20194036,0.9054172,0.6862052,0.5966549,-0.41608322,-0.62424564,0.7766743,0.08422816
1356876684340,0.39910972,0.22013487,0.8900854,0.6813062,0.57846105,-0.4485585,-0.6136231,0.7854448,0.08089018
1356876684380,0.41488186,0.23371747,0.87934595,0.6805254,0.5617959,-0.47039413,-0.6039522,0.79357517,0.07402825
1356876684420,0.41975182,0.24286723,0.8745421,0.6848435,0.5475843,-0.4807711,-0.5956491,0.80072904,0.06352347
1356876684460,0.41275555,0.24877974,0.87620854,0.6949842,0.5357859,-0.47951055,-0.58875275,0.8068718,0.048250616
1356876684523,0.39285877,0.25482503,0.8835871,0.71081257,0.52546346,-0.4675828,-0.5834446,0.81175876,0.025300145
1356876684540,0.3592023,0.26661453,0.89436597,0.7308878,0.5155455,-0.44723135,-0.5803247,0.81432766,-0.009680152
1356876684580,0.3118521,0.29217798,0.90409094,0.7522972,0.5052745,-0.42278442,-0.58034235,0.8119912,-0.062233746
1356876684620,0.25158662,0.33553216,0.9078118,0.7721236,0.49596602,-0.39729437,-0.58354884,0.8008969,-0.13429391
1356876684660,0.18220115,0.38978982,0.9026996,0.7881073,0.49107653,-0.37112087,-0.5879538,0.7790428,-0.21772152
1356876684700,0.11047393,0.43849137,0.89191973,0.7990229,0.49451172,-0.34208274,-0.59106505,0.7504555,-0.295734
1356876684740,0.042787015,0.4645768,0.88449854,0.8044065,0.5090395,-0.3062822,-0.5925364,0.7246014,-0.3519284
1356876684780,-0.016749322,0.4608279,0.8873315,0.80356413,0.5342989,-0.2623154,-0.5949825,0.70863414,-0.37925392
1356876684820,-0.066735625,0.42760086,0.9015009,0.7965863,0.5669051,-0.20992602,-0.60083,0.7041137,-0.3784538
1356876684860,-0.10712242,0.36962318,0.9229862,0.7855418,0.60052335,-0.14931777,-0.60946614,0.709049,-0.354684
1356876684900,-0.13810784,0.2936244,0.94589156,0.7736715,0.6282505,-0.08205962,-0.6183515,0.72047627,-0.3139351
1356876684940,-0.1600375,0.20748442,0.9650586,0.76382583,0.64530945,-0.012072682,-0.6252664,0.73520464,-0.2617557
1356876684980,-0.17355914,0.11941597,0.9775566,0.7577652,0.6501959,0.055110186,-0.62902224,0.7503233,-0.20333672
1356876685020,-0.17960133,0.037458748,0.983026,0.7561579,0.6444544,0.11359462,-0.6292604,0.7637247,-0.14406961
1356876685060,-0.17899126,-0.03177634,0.9833374,0.75850165,0.6321041,0.158492,-0.6266079,0.7742317,-0.08903873
1356876685117,-0.1718497,-0.08421871,0.98151654,0.76298726,0.61886764,0.18669009,-0.6231516,0.78096735,-0.04209435
1356876685139,-0.15713844,-0.11863303,0.9804253,0.7670075,0.61070275,0.19682872,-0.62209886,0.7829229,-0.004972458
1356876685179,-0.13256842,-0.13505283,0.98192984,0.768919,0.61112285,0.18786296,-0.62545115,0.77992916,0.022829115
1356876685215,-0.09432894,-0.13172877,0.98678756,0.76992655,0.61872184,0.15619352,-0.63112223,0.7744875,0.043058097
1356876685245,-0.037744522,-0.10576576,0.99367446,0.77188826,0.62843627,0.09621015,-0.6346368,0.77063704,0.057919323
1356876685275,0.03234993,-0.062119365,0.99754435,0.7729197,0.63433963,0.014436275,-0.63367873,0.77055466,0.068534076
1356876685317,0.11789934,-0.0011698008,0.9930248,0.77236754,0.6286291,-0.09096074,-0.6241379,0.77770436,0.075018466
1356876685359,0.2271862,0.07987794,0.97056997,0.75929654,0.6095341,-0.22789711,-0.6097994,0.78872544,0.07782668
1356876685398,0.33954906,0.16326168,0.926311,0.72898173,0.57665783,-0.36885154,-0.59438384,0.80050695,0.07678884
1356876685438,0.43426868,0.23368393,0.869944,0.6892005,0.53565514,-0.48793054,-0.5800115,0.8114588,0.071563125
1356876685478,0.5000874,0.2837758,0.8181588,0.65424955,0.49515715,-0.571644,-0.5673359,0.82115203,0.06196168
1356876685525,0.5368334,0.3155775,0.78244525,0.63414,0.46078077,-0.62092465,-0.5564856,0.829513,0.047242194
1356876685561,0.5494912,0.3370409,0.7645017,0.63084126,0.4325868,-0.6441335,-0.5478127,0.836225,0.025083333
1356876685599,0.54403895,0.3597477,0.7580259,0.64016837,0.40604913,-0.65215695,-0.54240775,0.840063,-0.0093925595
1356876685638,0.5248958,0.39425296,0.75435334,0.6565563,0.37647447,-0.653606,-0.5416809,0.8383505,-0.06123942
1356876685679,0.49623835,0.44826335,0.7435102,0.6749458,0.3394667,-0.6551416,-0.5460729,0.8269355,-0.13409707
1356876685718,0.45934725,0.51547503,0.72338486,0.69527006,0.29818428,-0.65397686,-0.5528108,0.80335027,-0.22142422
1356876685758,0.4170193,0.57940066,0.7002784,0.71740687,0.26322782,-0.6450105,-0.5580523,0.77136636,-0.3058949
1356876685798,0.37379614,0.6249163,0.68538755,0.73839605,0.24668702,-0.62762797,-0.56129116,0.7406924,-0.36922508
1356876685839,0.33416563,0.6461767,0.6861407,0.75393856,0.25360662,-0.60602015,-0.56560594,0.719819,-0.4024309
1356876685879,0.30113435,0.64374423,0.7034994,0.7619672,0.28113115,-0.5834135,-0.57334465,0.7117293,-0.40585375
1356876685918,0.2766495,0.62033004,0.73393166,0.7633895,0.32203165,-0.55993944,-0.5836965,0.7151827,-0.38446355
1356876685958,0.26230684,0.5796751,0.7714738,0.76026416,0.36822286,-0.53517324,-0.5943009,0.7269035,-0.34411883
1356876685999,0.25945008,0.5269618,0.80931884,0.7540332,0.41307604,-0.51068795,-0.6034233,0.74275124,-0.29017413
1356876686039,0.2687313,0.46896303,0.8413425,0.74521804,0.45218825,-0.4900775,-0.6102734,0.7586827,-0.22796255
1356876686078,0.2897604,0.41364467,0.8630973,0.73371434,0.48305422,-0.47783044,-0.6145748,0.7717233,-0.16352701
1356876686118,0.32104868,0.36852512,0.8724202,0.7189007,0.50485337,-0.47781253,-0.6165302,0.7805846,-0.1028505
1356876686158,0.36046067,0.33937052,0.8688473,0.69952893,0.5178131,-0.4924721,-0.61703104,0.7853007,-0.05074823
1356876686200,0.40537137,0.3291363,0.85284424,0.6737818,0.5229313,-0.5220736,-0.6178123,0.78626466,-0.0097846985
1356876686238,0.45371464,0.33810574,0.8245166,0.639892,0.5203415,-0.5654936,-0.6202268,0.7841742,0.019735456
1356876686278,0.49955314,0.36082828,0.7875593,0.5997099,0.51200444,-0.61497927,-0.6251358,0.77952194,0.039381117
1356876686318,0.5414683,0.39124656,0.74413586,0.555771,0.49755105,-0.6660041,-0.6308174,0.7741893,0.05196467
1356876686359,0.5778816,0.4204465,0.6994838,0.51421124,0.47798187,-0.71212363,-0.6337505,0.77120554,0.0600186
1356876686398,0.60891485,0.44187558,0.65876293,0.48029935,0.45555118,-0.7495236,-0.6312964,0.77279943,0.06515932
1356876686438,0.6351495,0.4541096,0.6247955,0.45549166,0.4330717,-0.7778021,-0.62378865,0.7786099,0.068222135
1356876686478,0.65653807,0.45951414,0.59816766,0.43866664,0.41252077,-0.79837215,-0.6136199,0.7865579,0.06926206
1356876686523,0.6725229,0.4607439,0.5791614,0.4291882,0.3947294,-0.8123954,-0.60291827,0.7949237,0.067718714
1356876686560,0.68242407,0.4591994,0.568712,0.42767498,0.38013053,-0.82011884,-0.59278286,0.80289274,0.06302211
1356876686599,0.68546015,0.4557216,0.56785756,0.43536058,0.368602,-0.82133657,-0.5836142,0.81021625,0.054258764
1356876686640,0.6803385,0.4515142,0.5772993,0.45337734,0.3596102,-0.81555474,-0.5758373,0.8165877,0.03995034
1356876686697,0.6638906,0.45736328,0.5916655,0.48385683,0.34054896,-0.80616933,-0.5702033,0.82148963,0.004788935
1356876686728,0.6275623,0.46119344,0.6272688,0.5341425,0.3311245,-0.77784854,-0.5664427,0.82319933,-0.038541734
1356876686768,0.5854639,0.4869453,0.6481638,0.57951605,0.30771556,-0.7546339,-0.5669155,0.81743217,-0.1020363
1356876686808,0.5355687,0.5336339,0.65452355,0.6219439,0.2750565,-0.7331642,-0.5712722,0.79973674,-0.18457866
1356876686848,0.48352838,0.5910755,0.6456238,0.6581804,0.24073976,-0.71333224,-0.57706046,0.7698533,-0.2726298
1356876686888,0.43679422,0.64096904,0.63116515,0.68641675,0.21600235,-0.6943883,-0.5814146,0.7365471,-0.3456233
1356876686928,0.40032148,0.67067826,0.6244465,0.7057383,0.20902431,-0.676936,-0.5845307,0.71168786,-0.3896464
1356876686969,0.3747244,0.67722625,0.6332031,0.71565944,0.222906,-0.6619248,-0.58941764,0.7011972,-0.4011351
1356876687008,0.3581497,0.66245353,0.6579393,0.7172611,0.2559119,-0.64810926,-0.5977168,0.7040344,-0.38349736
1356876687049,0.34864807,0.6287661,0.69505227,0.71341246,0.30291927,-0.63188803,-0.6078545,0.71616554,-0.34295738
1356876687088,0.3453089,0.5801477,0.7376926,0.70729226,0.3557728,-0.61087096,-0.6168463,0.73270345,-0.28748244
1356876687128,0.34796253,0.5211699,0.7792971,0.700817,0.40753415,-0.58546686,-0.62271786,0.7498652,-0.22343814
1356876687168,0.35774344,0.45959425,0.8128916,0.6942532,0.45127964,-0.56067747,-0.62452555,0.76493126,-0.15763241
1356876687208,0.37610847,0.40473533,0.8335057,0.686537,0.48238826,-0.54402983,-0.62226146,0.77684677,-0.09643549
1356876687248,0.40455246,0.36570477,0.8382109,0.6747198,0.49935132,-0.5435085,-0.61732537,0.7854352,-0.04473442
1356876687288,0.44385222,0.34938225,0.82518315,0.65361357,0.5037254,-0.56484497,-0.61301255,0.7900586,-0.0047813654
1356876687328,0.49292222,0.3585717,0.79275095,0.61745656,0.49777052,-0.60907465,-0.61300504,0.7897157,0.023959666
1356876687368,0.5476856,0.39024568,0.74010056,0.563789,0.48145378,-0.6710769,-0.61820906,0.7847997,0.043669075
1356876687408,0.60136837,0.434178,0.6707053,0.49732697,0.45358887,-0.7395425,-0.6253176,0.7782973,0.056845576
1356876687448,0.6478008,0.47565204,0.59507084,0.4298659,0.41666296,-0.8010038,-0.6289431,0.7746916,0.065447986
1356876687527,0.6852525,0.50055134,0.52903455,0.37695125,0.37777138,-0.84569305,-0.62316686,0.77893347,0.07018533
1356876687531,0.7166036,0.5163288,0.4689178,0.33115327,0.33982813,-0.88025814,-0.6138541,0.7860798,0.07253808
1356876687569,0.7396139,0.51807857,0.42961133,0.305189,0.31075814,-0.90016055,-0.5998591,0.79688394,0.07172917
1356876687609,0.7560031,0.5117598,0.40811917,0.2956522,0.28930098,-0.91043663,-0.58399415,0.80895424,0.06740953
1356876687648,0.7655314,0.50091606,0.40378797,0.30170316,0.27483112,-0.91293097,-0.5682753,0.8207015,0.0592639
1356876687688,0.76697135,0.48771787,0.41699666,0.3237512,0.26695743,-0.9076997,-0.5540217,0.83118284,0.04684946
1356876687728,0.7584145,0.47472486,0.44659123,0.3616037,0.2635998,-0.8942919,-0.5422639,0.839733,0.028255656
1356876687768,0.73755825,0.46655324,0.48819664,0.41279575,0.26064473,-0.87273365,-0.53442264,0.8452174,-3.5053492E-4
1356876687808,0.703622,0.4711776,0.5318907,0.4705026,0.25200075,-0.8456495,-0.5324879,0.8452735,-0.04437703
1356876687849,0.6585686,0.49681717,0.5652079,0.5260572,0.23312983,-0.8178718,-0.5380996,0.83595645,-0.10782224
1356876687888,0.606454,0.54240525,0.5813864,0.5748434,0.20607677,-0.79188854,-0.5493347,0.8144501,-0.186822
1356876687929,0.5518645,0.5945937,0.5847255,0.61667603,0.18104172,-0.7661165,-0.5613878,0.7833787,-0.26676118
1356876687968,0.4988904,0.6360653,0.5886674,0.65267164,0.1711443,-0.73805785,-0.5702001,0.7524165,-0.32975954
1356876688008,0.45082098,0.65768784,0.6034958,0.68172616,0.18274581,-0.70841616,-0.57620305,0.7307877,-0.36597735
1356876688048,0.4091851,0.6579483,0.6321959,0.7024521,0.2150476,-0.67846566,-0.58234745,0.7217054,-0.37418288
1356876688089,0.3748847,0.6384307,0.67221105,0.7148317,0.26264456,-0.6480998,-0.5903194,0.72348046,-0.35790914
1356876688128,0.34888315,0.601518,0.71864927,0.7203198,0.31843597,-0.6162289,-0.5995165,0.73264915,-0.32218832
1356876688168,0.3323874,0.5507611,0.76562446,0.7207799,0.37521154,-0.58283156,-0.60827214,0.7455726,-0.27226198
1356876688208,0.32648596,0.49162966,0.8072838,0.71784467,0.42665884,-0.55014646,-0.61490315,0.7591195,-0.21361566
1356876688248,0.33169279,0.4314115,0.83896613,0.71263194,0.46815643,-0.52247995,-0.6181712,0.7711769,-0.15215349
1356876688288,0.3477556,0.37821057,0.8579177,0.7052524,0.4974246,-0.5051612,-0.61780673,0.7807211,-0.09375173
1356876688328,0.37353688,0.3391504,0.86339283,0.69428563,0.51504415,-0.5026898,-0.61517286,0.78721446,-0.043079257
1356876688368,0.40725702,0.3191269,0.85574514,0.6768433,0.523632,-0.5173904,-0.6132087,0.78991616,-0.0027461052
1356876688408,0.44649598,0.3196496,0.83574253,0.6502005,0.52576554,-0.54846156,-0.61472005,0.788286,0.026915908
1356876688448,0.488171,0.33776173,0.80473983,0.6143358,0.52195334,-0.59174013,-0.6199038,0.7832508,0.04730338
1356876688526,0.5289235,0.36641878,0.7654915,0.57340175,0.510674,-0.6406423,-0.62565994,0.77778494,0.060002327
1356876688529,0.56941754,0.39680356,0.7199379,0.53157026,0.49030945,-0.6906734,-0.627054,0.7759791,0.06826183
1356876688588,0.60186523,0.40638432,0.68746644,0.51251125,0.46362686,-0.72276026,-0.61244637,0.78733855,0.07076436
1356876688628,0.631421,0.4139436,0.655712,0.4948998,0.4358698,-0.7517258,-0.5969771,0.79916716,0.07035676
1356876688668,0.65065753,0.4159909,0.6352924,0.48654968,0.4139393,-0.7693658,-0.58302164,0.8096949,0.0669325
1356876688708,0.65900874,0.41433018,0.62772447,0.48860145,0.3986743,-0.77609754,-0.5718183,0.8181621,0.060287505
1356876688748,0.6558087,0.409634,0.6341253,0.5024117,0.3901307,-0.77160895,-0.563469,0.8246199,0.050046176
1356876688788,0.6401025,0.40306175,0.65407187,0.5283951,0.38706413,-0.75563216,-0.5577342,0.8292904,0.034784853
1356876688828,0.61063415,0.39786327,0.6847122,0.5651248,0.38677275,-0.72872543,-0.55476105,0.8319324,0.01133427
1356876688868,0.56708634,0.40081316,0.7195567,0.60815483,0.3854144,-0.6939765,-0.5554824,0.8311465,-0.025193244
1356876688908,0.5112999,0.4204184,0.74954706,0.651034,0.37985963,-0.65716165,-0.56100553,0.8239873,-0.07948446
1356876688948,0.44748306,0.46049315,0.76661927,0.6885293,0.36963767,-0.62393546,-0.5706894,0.80704033,-0.15165645
1356876688988,0.38044482,0.5119878,0.7701494,0.71958363,0.35922092,-0.5942724,-0.58091396,0.78027475,-0.2317543
1356876689028,0.31443122,0.5561398,0.7693124,0.745332,0.35725644,-0.56289256,-0.5878887,0.7503841,-0.30217624
1356876689069,0.25205815,0.57736135,0.77660835,0.76588964,0.37151343,-0.52477694,-0.59150636,0.72707057,-0.34855205
1356876689108,0.19431245,0.56982815,0.7984602,0.7801628,0.40364832,-0.47792688,-0.5946333,0.7157961,-0.3661248
1356876689148,0.1417295,0.53392994,0.8335656,0.7878351,0.44900408,-0.42155802,-0.5993569,0.7164594,-0.35701168
1356876689188,0.095611215,0.47351432,0.8755814,0.7903292,0.49865878,-0.35597655,-0.6051763,0.72603285,-0.32655478
1356876689229,0.05830354,0.395061,0.9168029,0.79000366,0.5431964,-0.28430942,-0.61032355,0.7408539,-0.28042936
1356876689269,0.03233838,0.30745918,0.9510116,0.7890964,0.57612395,-0.21309176,-0.61341757,0.7573309,-0.223984
1356876689309,0.019569732,0.22137457,0.9749925,0.789059,0.59546065,-0.15103862,-0.6140058,0.77228236,-0.16302454
1356876689349,0.020512775,0.14669251,0.9889694,0.7901598,0.603677,-0.1059317,-0.6125575,0.78361684,-0.10352743
1356876689389,0.034656405,0.09061825,0.99528253,0.79134953,0.60574377,-0.08270696,-0.610381,0.79048264,-0.05071783
1356876689428,0.060982987,0.056925684,0.99651426,0.79054236,0.60675144,-0.08303887,-0.6093635,0.7928507,-0.008000672
1356876689468,0.098312095,0.046414495,0.9940727,0.785467,0.6097324,-0.10615051,-0.61104524,0.7912472,0.023487031
1356876689524,0.14547296,0.059062034,0.9875977,0.7733487,0.6157994,-0.15074125,-0.6170652,0.78568614,0.04390663
1356876689560,0.2082352,0.09495947,0.9734582,0.75427127,0.61802316,-0.22163561,-0.6226661,0.78040385,0.057069004
1356876689600,0.26936305,0.1360412,0.95338154,0.73289573,0.6132606,-0.29457644,-0.62474597,0.77807724,0.065485716
1356876689640,0.32501048,0.17432788,0.9295041,0.71323514,0.600232,-0.3619629,-0.62101835,0.78059673,0.07074493
1356876689680,0.3712965,0.20392035,0.90584517,0.6983378,0.58162653,-0.41717497,-0.61193407,0.78748155,0.07355058
1356876689720,0.40544283,0.22320162,0.88645196,0.6895793,0.56190705,-0.45688158,-0.6000804,0.7965184,0.073905945
1356876689760,0.4253346,0.23289733,0.8745566,0.6880783,0.54450697,-0.47964615,-0.5879105,0.80577356,0.071346045
1356876689800,0.4289858,0.23377348,0.8725372,0.6952592,0.531232,-0.4841562,-0.57670254,0.81433564,0.065357804
1356876689841,0.41460162,0.2268489,0.8812747,0.7118021,0.52251893,-0.46937376,-0.5669596,0.8218964,0.05516565
1356876689880,0.38122606,0.2151067,0.8991083,0.7363031,0.5174608,-0.4359955,-0.5590389,0.82822907,0.03888583
1356876689920,0.329792,0.20488134,0.92155355,0.7646644,0.5145082,-0.3880332,-0.5536476,0.8326494,0.013015211
1356876689960,0.2640332,0.20584178,0.94229275,0.7908809,0.5130018,-0.33367127,-0.5520814,0.83334166,-0.02734685
1356876690000,0.18965286,0.2275478,0.95511985,0.8095468,0.51420146,-0.28325063,-0.55557704,0.82693344,-0.08669078
1356876690040,0.11154455,0.2708536,0.95613605,0.8186518,0.5203839,-0.24291939,-0.56335336,0.80983883,-0.16368878
1356876690080,0.032781757,0.3225478,0.9459853,0.8195919,0.53301895,-0.2101425,-0.5720091,0.78221077,-0.24688429
1356876690120,-0.046141773,0.35884473,0.9322561,0.81458116,0.5537076,-0.1728161,-0.5782114,0.7514242,-0.3178572
1356876690160,-0.12465372,0.36120364,0.9241176,0.80351377,0.58315825,-0.11954963,-0.58208853,0.72763896,-0.36292493
1356876690200,-0.19999501,0.32449812,0.9245015,0.784926,0.61780083,-0.047045797,-0.58642405,0.71625626,-0.37826407
1356876690240,-0.2679819,0.2541624,0.9292939,0.7596201,0.6490391,0.041540295,-0.5925901,0.7170423,-0.36699754
1356876690311,-0.32350135,0.16306204,0.9320717,0.7323961,0.6668429,0.13753706,-0.59911823,0.7271391,-0.33515054
1356876690318,-0.36326426,0.0659568,0.9293487,0.7095028,0.6660925,0.23005754,-0.60385835,0.74294716,-0.28876418
1356876690359,-0.38700414,-0.02543068,0.9217273,0.6950152,0.64886755,0.30971724,-0.60595524,0.7604763,-0.23343974
1356876690398,-0.39670968,-0.104202956,0.9120105,0.68966854,0.62183917,0.37104362,-0.6057877,0.7761815,-0.17482412
1356876690438,-0.39517343,-0.16793182,0.9031261,0.6919843,0.5921764,0.41289818,-0.6041486,0.7881155,-0.11780614
1356876690478,-0.38422725,-0.21511032,0.897829,0.7001327,0.5660243,0.43523628,-0.60181683,0.7958291,-0.06687617
1356876690524,-0.36511213,-0.24579212,0.8979306,0.71204484,0.5476249,0.43943048,-0.59973776,0.79980826,-0.024929523
1356876690560,-0.33837238,-0.2612764,0.9040127,0.72563875,0.5392014,0.42744613,-0.59912646,0.8006226,0.0071414113
1356876690600,-0.30404937,-0.26326245,0.9155583,0.7391717,0.5410885,0.4010591,-0.6009819,0.79869646,0.03007847
1356876690640,-0.26149613,-0.25264835,0.9315517,0.7521931,0.5514484,0.36070797,-0.6048349,0.7950305,0.045838714
1356876690680,-0.2111462,-0.23022717,0.94995403,0.7650661,0.565946,0.30721164,-0.6083511,0.7916442,0.05664164
1356876690720,-0.15289608,-0.19608128,0.9685944,0.7791563,0.5789809,0.24020094,-0.6078966,0.7914122,0.064253986
1356876690760,-0.089947164,-0.15391332,0.9839818,0.79386353,0.58552027,0.16415462,-0.6014069,0.7959125,0.069520295
1356876690802,-0.027952671,-0.110042274,0.9935338,0.8069223,0.5841551,0.08740255,-0.5899958,0.8041477,0.07246685
1356876690840,0.026349798,-0.07006523,0.99719435,0.81657314,0.5769305,0.018959433,-0.5766403,0.8137826,0.07241535
1356876690880,0.06746495,-0.036629498,0.997049,0.8232335,0.56662995,-0.034886956,-0.56367993,0.8231578,0.06838232
1356876690920,0.091021,-0.01120469,0.9957859,0.82870257,0.55535734,-0.06949955,-0.5522383,0.8315363,0.05983454
1356876690960,0.09375091,0.0051325858,0.99558246,0.834708,0.5446421,-0.08140969,-0.5426539,0.83865285,0.046776474
1356876691000,0.07625301,0.015295535,0.99697113,0.8413073,0.5356643,-0.07256526,-0.53515184,0.84429246,0.027977765
1356876691040,0.04061964,0.024972856,0.99886245,0.8466471,0.5300144,-0.047680646,-0.53060216,0.84762084,3.8582087E-4
1356876691080,-0.008898154,0.041833907,0.999085,0.84766173,0.5303346,-0.014656752,-0.53046244,0.84675574,-0.040179968
1356876691120,-0.064549595,0.07631761,0.994992,0.84159726,0.53994465,0.013183475,-0.5362345,0.8382335,-0.09908193
1356876691160,-0.123468086,0.12810463,0.98404515,0.82815415,0.55963945,0.031053662,-0.5467324,0.81877524,-0.175188
1356876691200,-0.18212585,0.1880559,0.9651245,0.80949867,0.5858512,0.03860417,-0.5581596,0.7882978,-0.25892967
1356876691240,-0.24111092,0.23453242,0.9417324,0.78809565,0.6136024,0.0489617,-0.5663662,0.7539805,-0.33278024
1356876691281,-0.3001805,0.24934366,0.9207168,0.7639755,0.64080846,0.07553786,-0.57116824,0.72608006,-0.3828507
1356876691320,-0.35726666,0.22617498,0.9062038,0.73544466,0.66620314,0.12367126,-0.57574445,0.7106464,-0.40435135
1356876691360,-0.40818995,0.16972536,0.89698064,0.70272845,0.68560106,0.190063,-0.5827123,0.7079156,-0.3991263
1356876691400,-0.44794685,0.09198263,0.88931596,0.67013586,0.6929871,0.26586998,-0.59182906,0.7150581,-0.37206227
1356876691440,-0.47307807,0.006911248,0.8809934,0.64410734,0.6849708,0.34050086,-0.60110146,0.7285378,-0.32849622
1356876691480,-0.48274314,-0.07456106,0.8725822,0.6296217,0.66299826,0.40498123,-0.60871625,0.74489856,-0.2731126
1356876691523,-0.4769184,-0.14315182,0.8672119,0.6292977,0.63320005,0.45060194,-0.6136231,0.7606348,-0.2118997
1356876691561,-0.45739374,-0.19578956,0.8674431,0.64180547,0.60251236,0.47440976,-0.61552966,0.77372175,-0.1499266
1356876691600,-0.42327827,-0.22876732,0.8766419,0.6657082,0.5777963,0.4722119,-0.6145471,0.7834647,-0.092276335
1356876691640,-0.37199858,-0.23904432,0.89692515,0.6983462,0.5644828,0.44008154,-0.6114978,0.79007405,-0.043051124
1356876691680,-0.2997377,-0.22462523,0.9272005,0.7349138,0.5653509,0.37453973,-0.6083247,0.79367614,-0.004376769
1356876691720,-0.20148206,-0.18284914,0.96227396,0.76841855,0.57971185,0.27104798,-0.60740244,0.79404056,0.023703158
1356876691760,-0.07516554,-0.11141521,0.9909273,0.78902704,0.60099876,0.12742409,-0.60974306,0.7914463,0.04273522
1356876691800,0.07679792,-0.009804964,0.9969984,0.7861212,0.6156649,-0.054499447,-0.61328256,0.78794706,0.054989696
1356876691840,0.23618704,0.10740444,0.96575356,0.7533301,0.60752773,-0.25180125,-0.6137667,0.7870034,0.062579215
1356876691880,0.3726906,0.21032584,0.90380573,0.70084995,0.57456666,-0.42270857,-0.6082032,0.7909717,0.06672871
1356876691920,0.4721528,0.28172368,0.8352865,0.6484557,0.5308752,-0.54559755,-0.59714067,0.7992517,0.067968905
1356876691960,0.538842,0.32509547,0.7771501,0.60726917,0.4894752,-0.62580997,-0.58384365,0.80915195,0.06632933
1356876692000,0.58090657,0.34998947,0.7348843,0.58016497,0.4552282,-0.675408,-0.5709258,0.81870306,0.06139341
1356876692040,0.6039123,0.36347055,0.7093512,0.5673295,0.42908892,-0.7028656,-0.5598457,0.826905,0.052924514
1356876692080,0.6109403,0.37002352,0.6998818,0.5682824,0.41052687,-0.7131077,-0.5511869,0.8333968,0.04052952
1356876692120,0.6041045,0.3741075,0.7036344,0.5811907,0.3972757,-0.71020377,-0.54522943,0.83798313,0.022568226
1356876692160,0.58525115,0.3811635,0.7156783,0.6026668,0.38600856,-0.69841963,-0.54247004,0.8400665,-0.0038026571
1356876692200,0.5586893,0.4007113,0.72615194,0.62580585,0.37089178,-0.6861533,-0.54427314,0.83777666,-0.043554217
1356876692240,0.52801555,0.44054413,0.7260306,0.64535534,0.34755713,-0.6802356,-0.5520109,0.82772267,-0.10079193
1356876692280,0.49576288,0.5002211,0.70992815,0.65955347,0.31494254,-0.6824957,-0.5649853,0.80659163,-0.17378569
1356876692320,0.46191287,0.5649591,0.68370885,0.6718293,0.28039598,-0.68558264,-0.57903534,0.77601504,-0.25003755
1356876692360,0.42705488,0.615248,0.66264164,0.68568844,0.25737435,-0.6808742,-0.5894536,0.7451364,-0.3119555
1356876692400,0.39389753,0.64089257,0.6588637,0.7002856,0.2550432,-0.6667481,-0.5953526,0.7240233,-0.348347
1356876692440,0.36547172,0.6415331,0.6744373,0.71223336,0.27376097,-0.64635783,-0.59929454,0.71658224,-0.3568694
1356876692479,0.34397608,0.62039465,0.70483404,0.71948117,0.30818576,-0.62238926,-0.60334677,0.72120184,-0.34035373
1356876692524,0.33101368,0.58122146,0.7433784,0.7223952,0.35075718,-0.5959149,-0.6071038,0.73426896,-0.3037662
1356876692560,0.32900342,0.5332712,0.7793449,0.7216289,0.39034662,-0.5717353,-0.60910463,0.75050074,-0.25639856
1356876692600,0.3363539,0.47919053,0.81070495,0.7185219,0.42590147,-0.5498493,-0.608763,0.7674532,-0.20105523
1356876692640,0.35505566,0.4271028,0.831576,0.71168244,0.45329913,-0.5366824,-0.60617125,0.78237015,-0.14301515
1356876692680,0.38462704,0.3839248,0.8394425,0.70000446,0.4714837,-0.53637373,-0.6017107,0.7939174,-0.087403715
