1356877485955,0.44545543,-0.29381675,-0.84571934,-0.6775897,0.5067782,-0.53296155,0.58518517,0.81046134,0.026659906
1356877485975,0.61613333,-0.46576336,0.63517267,0.527199,-0.35526913,-0.77191013,0.58518463,0.81046194,0.026656777
1356877486005,0.6161704,-0.4657775,0.6351263,0.52715784,-0.35524642,-0.7719486,0.5851826,0.81046367,0.026645899
1356877486048,0.61625814,-0.46582958,0.6350029,0.52704257,-0.3551949,-0.772051,0.58519393,0.8104563,0.026620269
1356877486087,0.6164787,-0.4660803,0.63460475,0.5267051,-0.3549858,-0.77237743,0.5852656,0.81040376,0.02664566
1356877486129,0.6167156,-0.466675,0.6339371,0.5261729,-0.35459852,-0.77291775,0.58549464,0.810231,0.026865304
1356877486167,0.6167115,-0.46770763,0.6331796,0.5256057,-0.3541295,-0.7735185,0.58600813,0.8098406,0.02743408
1356877486207,0.61607146,-0.46907413,0.6327917,0.52538544,-0.35384324,-0.7737991,0.58687824,0.8091752,0.02845198
1356877486248,0.61459863,-0.4705606,0.6331202,0.52581,-0.35392013,-0.7734755,0.58804107,0.80827796,0.0299066
1356877486288,0.61248744,-0.47199798,0.63409555,0.5268156,-0.35432115,-0.7726072,0.5893425,0.8072636,0.031638622
1356877486328,0.6102916,-0.47334868,0.6352048,0.52792925,-0.35480788,-0.771623,0.5906224,0.8062582,0.033358365
1356877486368,0.6085419,-0.4746376,0.6359213,0.5286393,-0.35517007,-0.77097,0.59179157,0.8053405,0.03477621
1356877486407,0.6076163,-0.47589928,0.6358635,0.5285985,-0.3552211,-0.77097446,0.59277827,0.8045731,0.03572148
1356877486448,0.6074805,-0.47710934,0.6350859,0.5279221,-0.3548929,-0.7715888,0.59351975,0.8040011,0.036286056
1356877486487,0.60759,-0.47819126,0.6341667,0.52723134,-0.35433173,-0.7723187,0.59402144,0.8036058,0.036828965
1356877486529,0.6072087,-0.4790783,0.63386244,0.5272709,-0.35382575,-0.7725237,0.59437615,0.8033003,0.037757933
1356877486567,0.60620147,-0.47978535,0.6342915,0.5280738,-0.35353726,-0.7721071,0.5946914,0.8030052,0.03904724
1356877486608,0.604781,-0.48030022,0.6352571,0.52931345,-0.35356873,-0.7712433,0.59503543,0.8026834,0.040397763
1356877486648,0.603434,-0.48057717,0.6363277,0.5304045,-0.3539636,-0.77031213,0.59543127,0.80234367,0.041306585
1356877486688,0.602374,-0.4804692,0.63741267,0.531131,-0.35484147,-0.76940715,0.5958569,0.80202055,0.04144481
1356877486727,0.60179555,-0.47988987,0.6383947,0.53132105,-0.35622218,-0.76863754,0.59627175,0.8017552,0.040602714
1356877486767,0.6015481,-0.4787133,0.63951033,0.5312183,-0.358175,-0.76780075,0.596613,0.8015887,0.038841724
1356877486808,0.60114723,-0.47690523,0.6412358,0.5314256,-0.3607074,-0.76647043,0.5968323,0.8015307,0.036601394
1356877486847,0.5999556,-0.4744891,0.6441376,0.5327345,-0.36373228,-0.7641287,0.59686446,0.8015977,0.034553528
1356877486888,0.60236776,-0.47480732,0.6416472,0.5302947,-0.3627742,-0.7662783,0.59660757,0.80184346,0.03326434
1356877486927,0.5942425,-0.46811646,0.6540204,0.54014903,-0.37021762,-0.7557631,0.5959151,0.80237514,0.032853633
1356877486995,0.587618,-0.46224788,0.66410244,0.5487224,-0.37553078,-0.746914,0.59465027,0.803308,0.032977045
1356877487011,0.5825714,-0.45673287,0.67231363,0.55612135,-0.37924618,-0.7395277,0.59273905,0.80471563,0.033060968
1356877487049,0.5783092,-0.45104343,0.6797929,0.5628286,-0.38262773,-0.7326801,0.5905781,0.80632246,0.032583
1356877487088,0.5746391,-0.44512022,0.6867735,0.5686233,-0.38638195,-0.7262069,0.5886063,0.80782235,0.031075597
1356877487127,0.57024837,-0.43841577,0.69470024,0.5742527,-0.3919691,-0.71874475,0.5874101,0.8087965,0.028241694
1356877487168,0.5642593,-0.4306273,0.7043945,0.5801744,-0.40018338,-0.7094017,0.58737475,0.8089582,0.024031788
1356877487207,0.55707467,-0.4219684,0.71526945,0.5859794,-0.41058752,-0.6986028,0.58846915,0.8083072,0.018536925
1356877487248,0.55019283,-0.41311276,0.7256899,0.59064794,-0.42178604,-0.68791837,0.5902736,0.8071149,0.011940509
1356877487287,0.5452961,-0.4049887,0.7339185,0.5930698,-0.43234727,-0.6792231,0.59238535,0.80564255,0.0044293115
1356877487328,0.5423583,-0.3980574,0.7398634,0.59331423,-0.442028,-0.67274773,0.59483254,0.8038417,-0.0035644174
1356877487368,0.5387932,-0.39177805,0.74579614,0.5932341,-0.45211747,-0.66608036,0.59814316,0.80131125,-0.011181712
1356877487408,0.53058314,-0.38469207,0.75531024,0.5957396,-0.46463862,-0.65513766,0.60297257,0.7975732,-0.017353147
1356877487447,0.5145861,-0.37516594,0.771007,0.60302407,-0.4808996,-0.63647276,0.60955983,0.79245573,-0.021230131
1356877487488,0.48976982,-0.36214757,0.79307926,0.61530197,-0.5008831,-0.6087033,0.61768043,0.7861077,-0.022487313
1356877487527,0.4575926,-0.3456741,0.81921816,0.6308063,-0.52312183,-0.5730854,0.62665164,0.7790077,-0.021323295
1356877487586,0.42130643,-0.32687527,0.845963,0.6470437,-0.54527056,-0.5329301,0.6354804,0.7719019,-0.018223437
1356877487608,0.3841766,-0.307221,0.8706454,0.66240376,-0.5651817,-0.49172223,0.6431403,0.765627,-0.0136251785
1356877487648,0.3473075,-0.28728864,0.89266044,0.6769866,-0.5818846,-0.45066556,0.6488965,0.7608386,-0.0076023676
1356877487685,0.30819637,-0.26582864,0.9134277,0.6921135,-0.5960949,-0.40700096,0.65268207,0.75763184,2.692975E-4
1356877487728,0.2614954,-0.2400172,0.934886,0.70872664,-0.6097802,-0.35478812,0.6552303,0.7553541,0.010651883
1356877487767,0.204867,-0.20799738,0.95643425,0.72494066,-0.62430066,-0.29104906,0.6576401,0.75298446,0.022887193
1356877487808,0.14325851,-0.17141768,0.97472715,0.73726916,-0.6385495,-0.22065532,0.66023576,0.75024694,0.034903288
1356877487847,0.0870415,-0.13453528,0.98707855,0.7448164,-0.64921635,-0.15416446,0.66156805,0.748611,0.04369528
1356877487888,0.044338763,-0.10138607,0.99385864,0.7506507,-0.6530709,-0.100110024,0.6592099,0.75047946,0.047149107
1356877487927,0.017617822,-0.07416901,0.99709004,0.7581315,-0.64917755,-0.061684996,0.65186363,0.7570121,0.044792786
1356877487995,0.0057584047,-0.054110557,0.99851835,0.7678534,-0.6394325,-0.039079547,0.6405997,0.7669407,0.037866905
1356877488010,0.0058478117,-0.04229313,0.9990881,0.7782585,-0.6271731,-0.031104535,0.62791675,0.7777307,0.029247433
1356877488049,0.013688624,-0.03976658,0.9991152,0.7873752,-0.61546344,-0.03528416,0.61632204,0.7871616,0.02288638
1356877488089,0.025571942,-0.047044247,0.99856544,0.7944331,-0.6053827,-0.04886508,0.6068131,0.794543,0.021892697
1356877488127,0.041753113,-0.066106796,0.9969386,0.79910904,-0.59673303,-0.07303703,0.5997344,0.7997122,0.027911082
1356877488167,0.06109816,-0.09673393,0.9934332,0.80146706,-0.58846295,-0.106592506,0.5949097,0.8027166,0.04157503
1356877488207,0.07918638,-0.13644433,0.9874778,0.80219436,-0.57934344,-0.14437893,0.59178853,0.80358195,0.0635788
1356877488248,0.08888447,-0.18137488,0.9793889,0.8027017,-0.5691206,-0.17824572,0.5897197,0.80200046,0.09500403
1356877488288,0.07989484,-0.2264503,0.9707405,0.80464506,-0.5601591,-0.19689628,0.5883563,0.79683256,0.13745826
1356877488327,0.04046762,-0.2660795,0.9631013,0.80796736,-0.5583602,-0.18820941,0.5878361,0.7857708,0.19238794
1356877488368,-0.0352484,-0.294945,0.95486385,0.8079164,-0.57079965,-0.1464887,0.588242,0.76628673,0.25841063
1356877488407,-0.13485545,-0.31012154,0.9410837,0.7968532,-0.5984418,-0.083020985,0.5889304,0.73870975,0.32782447
1356877488447,-0.22840261,-0.31415334,0.92148787,0.77536845,-0.63109136,-0.022966444,0.58875805,0.709247,0.38772753
1356877488488,-0.2928034,-0.31281593,0.9035554,0.75452244,-0.656044,0.017382145,0.58733463,0.6868424,0.4281186
1356877488527,-0.32125247,-0.31047487,0.89465195,0.7436936,-0.6675842,0.03537163,0.5862735,0.67671025,0.44536126
1356877488567,-0.31488633,-0.30893213,0.89744496,0.7447849,-0.6665429,0.031875014,0.5883384,0.6784405,0.43997324
1356877488607,-0.2786082,-0.30741537,0.90987545,0.7543925,-0.6563586,0.009237766,0.5943647,0.68897694,0.4147787
1356877488648,-0.22129089,-0.30298698,0.92694616,0.7667458,-0.64139926,-0.026605427,0.6026037,0.7048446,0.3742498
1356877488687,-0.15303427,-0.29283568,0.9438367,0.77663267,-0.62623227,-0.06837168,0.6110827,0.7225512,0.32326084
1356877488727,-0.083853245,-0.2753829,0.9576705,0.78095686,-0.61509013,-0.10849196,0.6189305,0.738802,0.26663947
1356877488768,-0.023192108,-0.2503378,0.9678807,0.77957535,-0.6106307,-0.13925678,0.62587893,0.7513063,0.209319
1356877488807,0.022522569,-0.21879789,0.9755101,0.7749617,-0.6126305,-0.15529963,0.6316066,0.75948083,0.15576208
1356877488847,0.050943434,-0.1827847,0.98183227,0.7701764,-0.61867625,-0.15513846,0.6357932,0.7640873,0.10925898
1356877488888,0.061810553,-0.14434531,0.98759496,0.7668601,-0.6264577,-0.13955745,0.638831,0.7659733,0.071971
1356877488928,0.056008995,-0.105295986,0.99286234,0.76452744,-0.6350531,-0.11047748,0.64215326,0.7652582,0.044933066
1356877488994,0.036798894,-0.06729317,0.99705434,0.7616957,-0.64396936,-0.071575075,0.6468891,0.7620859,0.027559638
1356877489009,0.010108471,-0.032254368,0.99942863,0.7580366,-0.6515805,-0.028695315,0.6521337,0.75789356,0.017863452
1356877489049,-0.018408954,-0.0012790561,0.9998297,0.7558918,-0.6545659,0.01308018,0.6544377,0.75600386,0.013016716
1356877489087,-0.04488343,0.02484101,0.99868333,0.75851566,-0.6497146,0.0502505,0.6501074,0.7597723,0.010319039
1356877489127,-0.067385554,0.045324564,0.996697,0.76738614,-0.6360729,0.08080739,0.63763446,0.7702967,0.008080706
1356877489168,-0.0850299,0.059264064,0.99461436,0.78091574,-0.6160078,0.10346553,0.618822,0.7855077,0.006098777
1356877489207,-0.097215354,0.06545499,0.99310875,0.79618704,-0.593618,0.11706361,0.59718955,0.80208063,0.005594358
1356877489247,-0.102975905,0.06260705,0.99271166,0.8109391,-0.5726442,0.120235056,0.57599807,0.81741,0.008198023
1356877489287,-0.10070187,0.049633622,0.99367785,0.82420766,-0.55525,0.111261755,0.55726194,0.83020115,0.015006304
1356877489327,-0.08938974,0.025834799,0.9956616,0.8357293,-0.5418665,0.08909118,0.5418173,0.84006745,0.026846409
1356877489367,-0.07071608,-0.00896275,0.9974562,0.84515333,-0.53167224,0.055140913,0.52982557,0.8469028,0.045172647
1356877489407,-0.050807893,-0.054034323,0.99724567,0.85182106,-0.5236174,0.015027314,0.52136314,0.8502383,0.07263143
1356877489447,-0.04127443,-0.10725427,0.9933745,0.8551319,-0.518009,-0.020398766,0.5167648,0.84862435,0.11309704
1356877489487,-0.0564844,-0.16465956,0.9847318,0.85451835,-0.51805776,-0.03761041,0.51634085,0.839347,0.1699668
1356877489527,-0.10444629,-0.22013813,0.969861,0.8481303,-0.5290079,-0.02873692,0.51939017,0.81956697,0.24195863
1356877489567,-0.17443287,-0.26669002,0.94786584,0.83388376,-0.55193716,-0.001835078,0.5236517,0.79008985,0.31866437
1356877489607,-0.239869,-0.3002983,0.9231922,0.81531274,-0.5785376,0.023650974,0.52699906,0.7583635,0.38361025
1356877489647,-0.2781213,-0.32235998,0.9048383,0.80130345,-0.5973196,0.0334951,0.52968025,0.7343658,0.42443556
1356877489687,-0.28055596,-0.33662647,0.8988721,0.7973991,-0.60301167,0.023057073,0.5342687,0.7232286,0.43760413
1356877489727,-0.24808615,-0.34561235,0.9049891,0.80219644,-0.5970055,-0.008087039,0.5430784,0.7239728,0.42535776
1356877489767,-0.18685424,-0.34984505,0.91798365,0.810161,-0.58338827,-0.057423115,0.5556301,0.7329848,0.3924393
1356877489807,-0.106291056,-0.34880483,0.9311484,0.81527364,-0.5666726,-0.11920959,0.56923723,0.74646986,0.3446037
1356877489847,-0.01674205,-0.34224388,0.93946195,0.8133292,-0.5511708,-0.18629599,0.58156276,0.7609729,0.28758472
1356877489887,0.071388125,-0.33070412,0.94103056,0.80294514,-0.5406657,-0.25091758,0.5917625,0.7735084,0.22694021
1356877489928,0.14858425,-0.31547937,0.9372276,0.78604364,-0.53740036,-0.30551004,0.60004854,0.7820958,0.16813123
1356877489990,0.20763725,-0.29822344,0.93163806,0.76717585,-0.54124075,-0.34423777,0.6069003,0.78620684,0.11640811
1356877490009,0.24661416,-0.28053197,0.9276223,0.7506907,-0.550057,-0.36592427,0.6128987,0.78659964,0.07494102
1356877490049,0.2661746,-0.26317644,0.9273021,0.73930573,-0.5615601,-0.3715874,0.61852896,0.78446686,0.045094848
1356877490087,0.2689829,-0.24630786,0.9311179,0.73350877,-0.5741375,-0.3637734,0.62419,0.780832,0.026235789
1356877490127,0.25913548,-0.22995475,0.93806696,0.73200166,-0.58686227,-0.34607267,0.63009715,0.7763463,0.016250402
1356877490167,0.24214345,-0.21385494,0.94637865,0.7335788,-0.5980304,-0.32283384,0.6350028,0.77241546,0.012070328
1356877490207,0.22429961,-0.19804198,0.954185,0.73848075,-0.6043422,-0.29902595,0.63587403,0.7717187,0.010696501
1356877490247,0.21058428,-0.18301758,0.96029097,0.7473959,-0.6030374,-0.27882823,0.6301219,0.7764343,0.009796441
1356877490287,0.20328236,-0.16985968,0.9642738,0.7594397,-0.59425795,-0.2647808,0.618003,0.78613305,0.008196026
1356877490327,0.20204175,-0.1602129,0.9661838,0.7722702,-0.5806469,-0.25777498,0.6023104,0.79823625,0.0064127445
1356877490367,0.20544952,-0.15607229,0.96614283,0.78368545,-0.56507325,-0.25793293,0.58619756,0.8101443,0.006217517
1356877490418,0.21296996,-0.1592497,0.9639935,0.7923368,-0.5491547,-0.2657659,0.5717047,0.8204076,0.009225935
1356877490467,0.21756107,-0.17197064,0.9607774,0.80074406,-0.5314039,-0.27643925,0.55810034,0.8294793,0.022091717
1356877490507,0.2449584,-0.20442307,0.94773763,0.7998065,-0.5099073,-0.3167081,0.5480009,0.835587,0.038592875
1356877490547,0.26399404,-0.23987183,0.9342209,0.79842556,-0.4890607,-0.3511926,0.54113185,0.83861864,0.06241069
1356877490587,0.26777893,-0.28000146,0.9218967,0.7999819,-0.46864218,-0.37470448,0.5369575,0.83783865,0.09850362
1356877490628,0.2459637,-0.32567018,0.9129298,0.8082226,-0.45100683,-0.37864122,0.5350497,0.83098245,0.15228263
1356877490667,0.19298667,-0.37503964,0.90669805,0.8228331,-0.4415294,-0.35776725,0.5345108,0.81510556,0.22338578
1356877490707,0.113725185,-0.42200273,0.8994333,0.8379608,-0.44561952,-0.3150316,0.5337493,0.78951687,0.30294365
1356877490747,0.0322693,-0.4580853,0.8883223,0.8464879,-0.46004653,-0.2679839,0.5314291,0.76060176,0.3729183
1356877490787,-0.026607573,-0.47906846,0.87737423,0.8483345,-0.47509813,-0.23368868,0.5287917,0.73808897,0.41905147
1356877490827,-0.052989483,-0.4858242,0.87244886,0.84682906,-0.48487836,-0.21857166,0.529219,0.72723305,0.43710345
1356877490867,-0.0491094,-0.48046145,0.87563974,0.8433033,-0.489712,-0.22140795,0.53518933,0.72755677,0.4292243
1356877490907,-0.022724628,-0.4644912,0.88528615,0.8376015,-0.49229252,-0.23679504,0.545809,0.73613584,0.40024567
1356877490966,0.017614067,-0.4391358,0.898248,0.82968044,-0.49492306,-0.2582277,0.5579607,0.74980724,0.3556248
1356877491042,0.064413965,-0.405814,0.91168296,0.8197635,-0.49945337,-0.28023928,0.5690682,0.7654157,0.3004998
1356877491043,0.110792756,-0.36641338,0.9238324,0.8083563,-0.5075501,-0.2982502,0.578174,0.7798296,0.2399596
1356877491065,0.14970225,-0.3233016,0.9343797,0.7969131,-0.51992893,-0.3075769,0.5852511,0.7906643,0.1798087
1356877491108,0.17657763,-0.2789175,0.9439414,0.78751415,-0.53526247,-0.305476,0.5904589,0.79730743,0.12513608
1356877491147,0.18723047,-0.23484793,0.95382977,0.7824178,-0.55144733,-0.28935844,0.59394217,0.80047005,0.080501474
1356877491187,0.18072659,-0.19260451,0.9644902,0.7819253,-0.56670606,-0.25968626,0.5965992,0.80109155,0.048183523
1356877491227,0.157489,-0.15256462,0.97566456,0.7843733,-0.5809249,-0.21745056,0.5999631,0.7995313,0.028178342
1356877491267,0.12152654,-0.11501706,0.98590183,0.78682905,-0.59433687,-0.16632438,0.6050879,0.79594904,0.018271029
1356877491307,0.07976377,-0.08009836,0.9935905,0.7878901,-0.60553324,-0.11206558,0.61062825,0.7917789,0.014809102
1356877491347,0.039102376,-0.04805708,0.9980789,0.7894695,-0.6108166,-0.060340106,0.6125429,0.7903123,0.014055297
1356877491387,0.0034040213,-0.01941821,0.9998056,0.7945905,-0.6069727,-0.014493972,0.6071362,0.79448545,0.013363376
1356877491427,-0.026612163,0.0051386654,0.99963266,0.80363965,-0.59461373,0.024451077,0.59452087,0.80399513,0.011694267
1356877491467,-0.051460564,0.024597883,0.9983721,0.81446767,-0.5774798,0.056209236,0.57792234,0.8160343,0.009683266
1356877491507,-0.071704745,0.037893802,0.99670583,0.8246039,-0.5599376,0.080611736,0.56114775,0.8276677,0.008902818
1356877491547,-0.08731425,0.04415819,0.9952016,0.83293605,-0.5447568,0.0972493,0.54643726,0.8374306,0.010784119
1356877491587,-0.098306954,0.042858154,0.9942328,0.83950114,-0.53292215,0.1059801,0.5343908,0.8450782,0.01641053
1356877491627,-0.10616094,0.033718348,0.99377716,0.844691,-0.5242408,0.108021945,0.5246208,0.8509023,0.027172297
1356877491668,-0.11505312,0.01662618,0.99322015,0.84850246,-0.5182682,0.10696486,0.51653296,0.8550564,0.04552111
1356877491707,-0.13252723,-0.008191317,0.99114555,0.84993887,-0.5154014,0.10938677,0.50994176,0.85690975,0.07526678
1356877491747,-0.16957307,-0.03950718,0.9847255,0.84608436,-0.51820767,0.12490812,0.5053575,0.85434186,0.12130046
1356877491787,-0.23463106,-0.07354373,0.9692985,0.83153194,-0.5316496,0.16094497,0.5034907,0.8437654,0.18589547
1356877491827,-0.32220483,-0.10283324,0.9410682,0.801332,-0.5589051,0.21328852,0.50403464,0.8228307,0.2624855
1356877491867,-0.41055912,-0.11985499,0.90392256,0.75904876,-0.59422773,0.26596668,0.50525844,0.79531634,0.3349415
1356877491907,-0.47961444,-0.122673035,0.8688621,0.7169995,-0.62560487,0.3074578,0.5058475,0.77043486,0.38800555
1356877491947,-0.52217954,-0.11428398,0.8451436,0.68568254,-0.6455216,0.33636487,0.50711733,0.75514305,0.41544068
1356877492005,-0.5384765,-0.09875515,0.8368336,0.6694542,-0.6532533,0.35368228,0.5117364,0.7506714,0.41787356
1356877492029,-0.5323812,-0.079221845,0.8427895,0.66791004,-0.65098184,0.36071974,0.5200638,0.75494796,0.39948362
1356877492069,-0.5090279,-0.057763487,0.85880965,0.67822134,-0.6412772,0.35885853,0.5300061,0.765132,0.36560434
1356877492108,-0.4716667,-0.035758108,0.88105154,0.6971837,-0.6268779,0.3477916,0.5398754,0.77829653,0.3206074
1356877492147,-0.42407346,-0.01396063,0.90552014,0.72012603,-0.61151564,0.32782173,0.54916316,0.7911091,0.26938096
1356877492187,-0.36916196,0.0068689287,0.9293397,0.74326944,-0.5981208,0.29967,0.55791587,0.8013766,0.215698
1356877492227,-0.3133217,0.026819766,0.9492682,0.7628372,-0.5882492,0.2684069,0.5656049,0.8082348,0.16385213
1356877492267,-0.26395142,0.0460819,0.9634345,0.7769618,-0.58172125,0.2406879,0.5715417,0.81208175,0.11774236
1356877492307,-0.22664535,0.064768374,0.9718214,0.78545415,-0.5778528,0.22169316,0.57592845,0.8135669,0.08009508
1356877492347,-0.20330948,0.08275747,0.97561073,0.7886739,-0.57663715,0.21326733,0.58022296,0.812798,0.051967233
1356877492387,-0.19245356,0.0997197,0.9762262,0.7873516,-0.57807165,0.21426767,0.5856954,0.8098698,0.032737494
1356877492427,-0.19107848,0.11518234,0.97479343,0.7836784,-0.5800808,0.22215894,0.59104764,0.8063743,0.020574927
1356877492467,-0.19629693,0.12845719,0.97209376,0.7813557,-0.57846624,0.23422214,0.592411,0.80552804,0.013180435
1356877492507,-0.20533806,0.1386059,0.96882653,0.7833244,-0.5701754,0.24759433,0.58671904,0.8097459,0.008505285
1356877492547,-0.21505612,0.14452213,0.965849,0.7898109,-0.5559607,0.25904912,0.5744124,0.81854814,0.0054175854
1356877492587,-0.2223044,0.14498457,0.9641371,0.7991172,-0.5394336,0.2653739,0.558563,0.8294522,0.0040587485
1356877492627,-0.22433352,0.13868281,0.96459395,0.809597,-0.52442634,0.26368472,0.542427,0.84008574,0.0053691864
1356877492667,-0.21868575,0.1243408,0.9678409,0.8206099,-0.51324403,0.25135627,0.52799237,0.84918785,0.010203838
1356877492707,-0.20323133,0.10071078,0.9739375,0.83217,-0.50637156,0.22601053,0.515936,0.8564141,0.019102156
1356877492747,-0.1777935,0.06670907,0.98180413,0.8440182,-0.5026588,0.18699545,0.5059868,0.8619072,0.033065856
1356877492787,-0.14618558,0.021703541,0.9890191,0.8550489,-0.5000246,0.13735643,0.49751502,0.8657392,0.054538816
1356877492827,-0.11770731,-0.033795416,0.992473,0.86364114,-0.4968015,0.08551091,0.49017224,0.86720586,0.087664336
1356877492867,-0.10773039,-0.096941054,0.9894425,0.8684202,-0.49367315,0.046185702,0.48398393,0.86422753,0.1373692
1356877492907,-0.13042212,-0.16196638,0.9781396,0.8682752,-0.4949286,0.033819824,0.47863156,0.85370517,0.20518102
1356877492947,-0.1844914,-0.22057942,0.95776176,0.86146677,-0.50539106,0.049547166,0.4731152,0.8342209,0.2832622
1356877493006,-0.2473898,-0.2657873,0.9317485,0.84897166,-0.52290845,0.076248616,0.46695328,0.8098912,0.35500813
1356877493029,-0.29081845,-0.29675746,0.9095931,0.8380476,-0.5376954,0.092518955,0.46162832,0.7891886,0.40506864
1356877493069,-0.29830986,-0.31757367,0.9000879,0.8359214,-0.5421052,0.085775256,0.46070236,0.77799034,0.4271819
1356877493108,-0.2687381,-0.3317541,0.90427816,0.8423953,-0.53618395,0.0536367,0.4670653,0.77617395,0.42356116
1356877493147,-0.20596278,-0.3409321,0.91724837,0.85227895,-0.52307856,-0.0030488372,0.48083246,0.7811236,0.39830402
1356877493187,-0.12215257,-0.3439641,0.93100345,0.85802007,-0.50809014,-0.07513979,0.49887908,0.78964114,0.35719264
1356877493227,-0.030424893,-0.33996367,0.93994635,0.854926,-0.4960599,-0.15174413,0.51785713,0.7989677,0.30573624
1356877493267,0.057047665,-0.32896286,0.94261813,0.84255785,-0.49062866,-0.22221571,0.5355762,0.8068872,0.24918103
1356877493307,0.13066578,-0.31188673,0.9410914,0.82435006,-0.49317247,-0.2778989,0.5507934,0.81210065,0.19266313
1356877493347,0.1852336,-0.29008266,0.9389039,0.80564487,-0.5022594,-0.3141208,0.5626943,0.81460893,0.14066827
1356877493387,0.21907568,-0.26469284,0.93911856,0.7913472,-0.5148391,-0.32971254,0.57076746,0.81540084,0.096675195
1356877493427,0.23186153,-0.23646441,0.94357026,0.78415453,-0.52856344,-0.32514983,0.57562304,0.81529456,0.0628711
1356877493467,0.22350633,-0.20571318,0.95274705,0.78374064,-0.54319704,-0.30114374,0.5794787,0.8140141,0.039817832
1356877493507,0.19627422,-0.17272016,0.9652172,0.7872126,-0.5591317,-0.26013094,0.5846134,0.8108881,0.026224367
1356877493547,0.15681112,-0.13832542,0.9778938,0.7914759,-0.5746456,-0.2082029,0.5907421,0.8066279,0.019370377
1356877493587,0.114204586,-0.10414046,0.9879839,0.79612494,-0.58528227,-0.15371981,0.5942579,0.8041141,0.016066909
1356877493627,0.07548529,-0.072137624,0.99453413,0.8033562,-0.5864335,-0.1035113,0.59069514,0.8067788,0.013685107
1356877493667,0.0435912,-0.04426983,0.99806815,0.8145355,-0.5768804,-0.061163127,0.5784736,0.8156281,0.010912403
1356877493707,0.019100726,-0.022585094,0.9995625,0.8283862,-0.5594335,-0.028470099,0.55983174,0.8285675,0.00802359
1356877493747,0.0024280548,-0.009274155,0.99995404,0.8422278,-0.5390758,-0.007044822,0.5391163,0.84220624,0.0065019876
1356877493787,-0.0043458343,-0.0066477954,0.9999685,0.85422766,-0.51989913,2.5612116E-4,0.519881,0.85420185,0.007938072
1356877493827,0.002547145,-0.016852498,0.99985474,0.8638078,-0.5037082,-0.01069054,0.5038151,0.86370957,0.0132742375
1356877493867,0.026247203,-0.041542858,0.99879193,0.8706373,-0.49001962,-0.043260902,0.4912248,0.870721,0.0233071
1356877493907,0.06567949,-0.08125839,0.9945266,0.87377846,-0.4766239,-0.09664798,0.48186865,0.87534374,0.03969747
1356877493947,0.109484434,-0.13372806,0.98495173,0.87279105,-0.46124882,-0.15964118,0.47565636,0.8771353,0.06621711
1356877494007,0.13866639,-0.19488794,0.97097397,0.87027544,-0.4439426,-0.21339098,0.472644,0.87460494,0.10804625
1356877494029,0.13288897,-0.2590373,0.9566819,0.87149227,-0.4291923,-0.23726648,0.47206134,0.8652709,0.16871399
1356877494069,0.08380741,-0.3199791,0.9437106,0.87783504,-0.4244702,-0.22188017,0.471574,0.8470174,0.2453151
1356877494107,0.013531208,-0.37234712,0.92799497,0.8833796,-0.43035936,-0.18555737,0.46846297,0.82228255,0.32310045
1356877494147,-0.043967724,-0.41325277,0.90955424,0.8854304,-0.43777394,-0.15609947,0.4626877,0.7984836,0.3851545
1356877494187,-0.062666595,-0.44408274,0.8937917,0.8867707,-0.43569362,-0.15430123,0.45794177,0.7829187,0.42110294
1356877494227,-0.037950337,-0.46591556,0.88401496,0.88753605,-0.4222167,-0.18442571,0.45917273,0.7775961,0.42954016
1356877494267,0.0192855,-0.4775464,0.87839496,0.8833485,-0.40338463,-0.23869753,0.46832,0.78053224,0.41406024
1356877494326,0.09098649,-0.47743386,0.87394416,0.8708915,-0.38747346,-0.30234462,0.48297969,0.7886198,0.38053823
1356877494348,0.16294599,-0.46610954,0.86959213,0.8508476,-0.3798297,-0.36302584,0.49950677,0.79904395,0.33469647
1356877494395,0.24190569,-0.4448592,0.862312,0.8207995,-0.38013124,-0.42636654,0.5174648,0.8109257,0.2731843
1356877494436,0.28704643,-0.41199023,0.8647938,0.79640406,-0.39902604,-0.45444328,0.53230155,0.8191716,0.21357176
1356877494478,0.31386858,-0.37634182,0.8716957,0.77805436,-0.42423594,-0.4633091,0.5441672,0.8236448,0.15966004
1356877494517,0.3215729,-0.33825585,0.884406,0.768347,-0.45264775,-0.45249617,0.5533838,0.8250412,0.114338666
1356877494557,0.30919462,-0.29755813,0.9032484,0.7682511,-0.48165935,-0.42165664,0.56052554,0.82429564,0.079672925
1356877494597,0.27639502,-0.25394166,0.926887,0.7762532,-0.50962365,-0.3710994,0.5666011,0.822069,0.056265533
1356877494637,0.22546822,-0.20756868,0.95188195,0.7881985,-0.535408,-0.303449,0.5726318,0.81869006,0.042887866
1356877494677,0.16318917,-0.15959486,0.973601,0.7991661,-0.55728984,-0.22530371,0.5785352,0.81483597,0.036599062
1356877494717,0.099873066,-0.11256674,0.9886122,0.807006,-0.57204175,-0.14666119,0.5820366,0.8124635,0.03371048
1356877494757,0.04401934,-0.06932542,0.99662244,0.81378675,-0.5761699,-0.07602233,0.5794941,0.81438464,0.031053454
1356877494797,-8.814931E-4,-0.032402873,0.9994745,0.82223016,-0.5688793,-0.017717868,0.5691545,0.82178247,0.02714409
1356877494837,-0.034661174,-0.0039771795,0.99939114,0.83246696,-0.5534324,0.026669443,0.5529894,0.83288455,0.022493526
1356877494878,-0.05730462,0.013968676,0.99825907,0.8430077,-0.53499144,0.05587864,0.5348406,0.84474206,0.018881738
1356877494917,-0.067597866,0.019814998,0.9975159,0.8528249,-0.5177404,0.068077266,0.5178032,0.8553083,0.018099397
1356877494957,-0.06369519,0.012524366,0.9978908,0.8617188,-0.50366646,0.061324805,0.50337225,0.8638073,0.021288693
1356877495007,-0.045704663,-0.008110583,0.99892205,0.869607,-0.49244577,0.03578964,0.49162465,0.8703053,0.02956009
1356877495039,-0.017449498,-0.041585177,0.99898255,0.8760526,-0.48219174,-0.0047701895,0.48189953,0.8750781,0.044844836
1356877495078,0.010413945,-0.08602375,0.99623865,0.8806773,-0.471083,-0.049883276,0.47360224,0.87788427,0.07085335
1356877495117,0.02381599,-0.13867393,0.9900516,0.8841585,-0.4592784,-0.08559859,0.46657965,0.8774012,0.11167161
1356877495157,0.004080415,-0.19478914,0.98083663,0.8874551,-0.45134628,-0.093326986,0.46087608,0.87082934,0.17102493
1356877495197,-0.05389589,-0.2488555,0.96703994,0.88816607,-0.45454258,-0.06747079,0.45635125,0.8552556,0.24552287
1356877495237,-0.13259518,-0.29401132,0.94656,0.88176346,-0.4711393,-0.02282229,0.45267165,0.8316159,0.3217193
1356877495277,-0.19951165,-0.32672113,0.92382276,0.8703734,-0.49219614,0.013897389,0.45016134,0.8068435,0.38256818
1356877495317,-0.23101866,-0.3487819,0.908285,0.86207414,-0.5061704,0.02489543,0.45106387,0.7887603,0.41761065
1356877495357,-0.22056645,-0.3633656,0.90516067,0.86098677,-0.5085961,0.005632609,0.45831454,0.7805737,0.42503226
1356877495397,-0.17428195,-0.37145764,0.91194576,0.864198,-0.50162506,-0.039167225,0.47200388,0.7812756,0.40843716
1356877495437,-0.10446203,-0.37225837,0.92223173,0.86606234,-0.4899041,-0.09964988,0.4889006,0.7883005,0.37357527
1356877495477,-0.024068415,-0.3650642,0.93067116,0.8626097,-0.47812176,-0.16523933,0.5052971,0.7988289,0.3264156
1356877495517,0.05568725,-0.3502078,0.9350152,0.8529078,-0.47017503,-0.22690013,0.519083,0.81011724,0.27251226
1356877495557,0.12585348,-0.32894337,0.93592584,0.83878756,-0.46846783,-0.27744052,0.5297134,0.81995976,0.21695536
1356877495597,0.17994529,-0.30294758,0.9358645,0.82397145,-0.47324538,-0.31162453,0.53729945,0.827201,0.16446191
1356877495637,0.21409571,-0.273809,0.93765223,0.81253266,-0.48287338,-0.32653347,0.54217505,0.83178246,0.11909755
1356877495677,0.22598416,-0.24252117,0.94345886,0.80713725,-0.49563766,-0.32073775,0.5453995,0.83398247,0.083741635
1356877495717,0.21564972,-0.20964459,0.95370036,0.8075342,-0.5108133,-0.29488698,0.5489842,0.83373797,0.059138387
1356877495757,0.18639618,-0.17538247,0.96669406,0.8111305,-0.5277227,-0.2521428,0.55436784,0.8311136,0.043892562
1356877495797,0.14534551,-0.14020267,0.9793967,0.8155161,-0.5435075,-0.19882935,0.5601859,0.8276127,0.03534116
1356877495837,0.100844264,-0.10514337,0.98933077,0.82082963,-0.55312383,-0.14245316,0.5622004,0.8264376,0.030525342
1356877495877,0.059008718,-0.07195747,0.9956606,0.8287739,-0.5524535,-0.08904445,0.55646366,0.83043194,0.02703692
1356877495917,0.022694588,-0.042904466,0.9988214,0.839782,-0.541271,-0.042331308,0.54244924,0.8397529,0.02374646
1356877495957,-0.006998956,-0.020564526,0.9997641,0.8521645,-0.5232522,-0.0047973096,0.52322733,0.8519298,0.021186471
1356877496007,-0.028834224,-0.0074988008,0.99955606,0.8638821,-0.50325,0.021144986,0.50286806,0.8641083,0.020988911
1356877496040,-0.040346026,-0.0057718754,0.9991691,0.87386775,-0.48507726,0.032484263,0.4844867,0.87445223,0.024614781
1356877496079,-0.038694143,-0.016466439,0.9991154,0.88207537,-0.47036755,0.026409239,0.46951658,0.88231695,0.032725096
1356877496119,-0.022527874,-0.03993243,0.9989484,0.88861173,-0.45865715,0.0017050207,0.4581067,0.8877157,0.045816958
1356877496157,0.0066733956,-0.076004416,0.9970851,0.8931563,-0.447953,-0.0401237,0.44969687,0.8908206,0.0648945
1356877496197,0.038704693,-0.122914135,0.99166226,0.89530414,-0.43646514,-0.089042604,0.44377065,0.8912857,0.093152344
1356877496237,0.059010208,-0.1787591,0.9821217,0.89600194,-0.42426902,-0.13105828,0.44011167,0.8877167,0.13513231
1356877496277,0.05093962,-0.2396481,0.96952254,0.89733636,-0.41515952,-0.14976668,0.43839782,0.8776169,0.19389689
1356877496317,0.00962919,-0.29937124,0.9540881,0.8990536,-0.41508245,-0.13931721,0.4377328,0.85911787,0.26515383
1356877496357,-0.046628356,-0.3506263,0.93535393,0.8982318,-0.42439663,-0.11431131,0.43704158,0.8348346,0.33473265
1356877496397,-0.08814365,-0.3895029,0.91679776,0.8955058,-0.4340554,-0.09831253,0.436234,0.81233203,0.38706136
1356877496437,-0.09571934,-0.41685042,0.90392125,0.89422214,-0.43492204,-0.10587549,0.43726948,0.79817206,0.4143873
1356877496477,-0.06586969,-0.4345535,0.8982341,0.894132,-0.4252959,-0.14018354,0.4429325,0.793906,0.41656226
1356877496517,-0.006649852,-0.44306302,0.89646584,0.89114046,-0.40935117,-0.19570452,0.4536788,0.79757553,0.3975535
1356877496557,0.06832892,-0.44209456,0.89436215,0.8815254,-0.3930217,-0.26162386,0.46716613,0.8062794,0.36286277
1356877496597,0.14614439,-0.4320444,0.8899323,0.8645834,-0.38140613,-0.32714665,0.4807675,0.8172313,0.31779805
1356877496637,0.2162084,-0.41425297,0.8841088,0.84264874,-0.37820607,-0.38327944,0.49315,0.8278614,0.26729846
1356877496677,0.27090657,-0.39057022,0.8798093,0.81999725,-0.38509673,-0.42344394,0.50419635,0.83615506,0.21594137
1356877496717,0.30586916,-0.36258,0.8803294,0.8012664,-0.40136606,-0.4437089,0.5142143,0.8410952,0.16775763
1356877496757,0.32000786,-0.33126485,0.887614,0.78973126,-0.42428505,-0.4430653,0.52337325,0.8427609,0.1258356
1356877496797,0.31389904,-0.29708827,0.9017793,0.786523,-0.45065457,-0.42224634,0.53183544,0.84181285,0.092206776
1356877496837,0.28898048,-0.26027504,0.9212748,0.7904575,-0.47801048,-0.3829921,0.5400623,0.83890575,0.06760067
1356877496877,0.2485497,-0.22113866,0.94303805,0.7984645,-0.5043784,-0.3287202,0.54834074,0.8346857,0.051208228
1356877496917,0.19893873,-0.18057692,0.9632317,0.8074346,-0.52682585,-0.26552552,0.5554031,0.8305699,0.040998034
1356877496957,0.1480453,-0.14032596,0.9789746,0.8166295,-0.5410154,-0.20104373,0.5578519,0.82922316,0.03449951
1356877497009,0.101967394,-0.1028226,0.9894595,0.8273803,-0.5434626,-0.14174005,0.5523083,0.83311224,0.029657945
1356877497039,0.063468575,-0.07072389,0.9954747,0.840211,-0.534477,-0.09154153,0.5385325,0.84221876,0.025500521
1356877497077,0.03377974,-0.04681307,0.9983324,0.8537884,-0.5178978,-0.05317384,0.51952326,0.8541607,0.022473961
1356877497117,0.014555693,-0.033720195,0.99932534,0.8663678,-0.4985379,-0.029441237,0.49919432,0.86621183,0.021957532
1356877497157,0.009379268,-0.033750087,0.9993863,0.87700593,-0.4798578,-0.024435878,0.48038805,0.8766969,0.025098309
1356877497197,0.023136377,-0.048561007,0.9985522,0.88531125,-0.46300364,-0.04302913,0.46442282,0.8850251,0.032279387
1356877497237,0.058494866,-0.0787864,0.99517393,0.8903675,-0.44671524,-0.08770031,0.45146886,0.8912005,0.044018224
1356877497277,0.11053103,-0.12334785,0.9861887,0.89065444,-0.42803633,-0.15336043,0.4410413,0.8953045,0.062549055
1356877497317,0.16533035,-0.17948487,0.9697686,0.8863113,-0.4042433,-0.22591954,0.4325716,0.89686817,0.0922458
1356877497357,0.2022332,-0.24290934,0.9487343,0.8820362,-0.37579733,-0.28423306,0.42557478,0.89429927,0.13825616
1356877497397,0.20470935,-0.30907008,0.9287463,0.88457644,-0.34781712,-0.3107209,0.41906852,0.8851546,0.20219481
1356877497437,0.1748082,-0.37277794,0.911306,0.8944237,-0.3268333,-0.30526397,0.41164088,0.86845636,0.2762884
1356877497478,0.13820636,-0.42792505,0.8931848,0.90442735,-0.31299722,-0.28990299,0.4036212,0.8478872,0.34376898
1356877497517,0.12593538,-0.470368,0.8734381,0.9085007,-0.29895163,-0.29198366,0.39845547,0.83029026,0.38968104
1356877497557,0.15137935,-0.49885082,0.8533652,0.9037844,-0.2797827,-0.32387555,0.4003224,0.8202863,0.40850025
1356877497597,0.20659274,-0.5131881,0.8330411,0.8880613,-0.25902408,-0.37980735,0.4106903,0.818257,0.40223002
1356877497637,0.27480364,-0.51440126,0.8123265,0.8612953,-0.24383342,-0.4457755,0.4273798,0.8221537,0.376045
1356877497677,0.34259713,-0.50504583,0.7921843,0.8265634,-0.23876864,-0.5096886,0.44656485,0.8294084,0.33565095
1356877497718,0.4031372,-0.48820633,0.7740382,0.78805083,-0.2448067,-0.5648414,0.46524882,0.83769,0.2860406
1356877497758,0.45245188,-0.46681517,0.7598492,0.7504036,-0.26108968,-0.6072285,0.48185232,0.8449353,0.23216933
1356877497795,0.48832896,-0.44334343,0.7516525,0.7181388,-0.28519967,-0.63477385,0.49579382,0.84976923,0.17911083
1356877497838,0.5102583,-0.41938096,0.7508369,0.6947122,-0.31364495,-0.6473035,0.50696295,0.85190755,0.13130909
1356877497877,0.51748985,-0.39559734,0.7587536,0.6829132,-0.34334946,-0.64477944,0.5155907,0.85182965,0.09247881
1356877497917,0.509647,-0.37220246,0.7757095,0.6832978,-0.37278485,-0.6278022,0.5228423,0.8499982,0.06433642
1356877497957,0.48612976,-0.34851506,0.80138326,0.6945101,-0.4025185,-0.59635115,0.53040886,0.84647274,0.046370983
1356877498010,0.4465325,-0.32387432,0.8340948,0.71370006,-0.43331802,-0.5503341,0.5396674,0.8410356,0.03765857
1356877498049,0.3979134,-0.29280278,0.8694431,0.73771894,-0.4612549,-0.4929649,0.5453765,0.8375621,0.032466765
1356877498089,0.35775232,-0.26227206,0.8962291,0.7592308,-0.4770792,-0.44267827,0.5436744,0.83881396,0.02844879
1356877498127,0.3281628,-0.23389205,0.91520685,0.77922785,-0.48063403,-0.40223706,0.5339597,0.84515405,0.02452907
1356877498167,0.30915755,-0.21045384,0.92743236,0.7971988,-0.47439486,-0.37339467,0.5185515,0.85478574,0.021110803
1356877498207,0.2996506,-0.1948466,0.93394023,0.8117187,-0.46232247,-0.35689008,0.5013204,0.8650391,0.019625485
1356877498247,0.30065733,-0.1897192,0.934672,0.82110775,-0.44704664,-0.35486826,0.48516726,0.8741602,0.021372028
1356877498287,0.31470692,-0.19671655,0.92858076,0.82384646,-0.42926306,-0.37014914,0.4714198,0.8814964,0.026972122
1356877498327,0.34252423,-0.2158637,0.9143741,0.8191091,-0.4080596,-0.4031719,0.46014932,0.8870683,0.03704565
1356877498367,0.3793767,-0.24534532,0.8921205,0.8081019,-0.38171595,-0.44862467,0.45060465,0.89112204,0.05344989
1356877498407,0.41479534,-0.28252324,0.86494243,0.7953824,-0.349109,-0.49546918,0.44194078,0.8934783,0.07990527
1356877498447,0.4351676,-0.32565188,0.83939266,0.78893673,-0.31130219,-0.5297829,0.43382955,0.8927721,0.12145003
1356877498487,0.42976677,-0.37445694,0.821634,0.79597586,-0.2724865,-0.54053074,0.42628974,0.886303,0.18095309
1356877498527,0.39774787,-0.42720956,0.8119658,0.81612784,-0.23960823,-0.52585465,0.41920388,0.8718255,0.253354
1356877498567,0.35308695,-0.4774249,0.80460864,0.839648,-0.21765524,-0.49761182,0.41269952,0.85128826,0.32401758
1356877498607,0.3173234,-0.516593,0.79525936,0.85599935,-0.20487851,-0.47464693,0.40813085,0.8313582,0.3771906
1356877498647,0.30382442,-0.54004467,0.78488374,0.86084914,-0.19736308,-0.46902728,0.40820277,0.8181684,0.40493327
1356877498687,0.31282443,-0.5478646,0.7758771,0.8542598,-0.19478905,-0.48197246,0.41518798,0.81357336,0.40708393
1356877498727,0.3375355,-0.54267883,0.7691356,0.8380493,-0.19883746,-0.508072,0.42865285,0.8160659,0.3876768
1356877498767,0.3700425,-0.52802736,0.76436615,0.81513613,-0.21016109,-0.53980124,0.44566986,0.82281184,0.35264567
1356877498807,0.40451032,-0.5073735,0.76088333,0.788472,-0.22803599,-0.57123667,0.4633392,0.83100635,0.30780697
1356877498847,0.43685645,-0.48379022,0.7583558,0.7608095,-0.25107276,-0.5984408,0.47992235,0.83839697,0.2583894
1356877498887,0.46449983,-0.45969543,0.7569148,0.73473215,-0.27710277,-0.61917907,0.49437696,0.84373826,0.2090388
1356877498928,0.486523,-0.4365149,0.7568025,0.7123994,-0.30323353,-0.6328793,0.5057493,0.8470561,0.16344297
1356877498967,0.50254023,-0.41495782,0.7584612,0.6955405,-0.3270072,-0.6397576,0.5134947,0.8490444,0.1242857
1356877499011,0.5109786,-0.39562073,0.76314163,0.6854272,-0.3482333,-0.63947093,0.51873934,0.84983397,0.09322947
1356877499049,0.50863594,-0.37854475,0.77330023,0.68310577,-0.3692783,-0.6300793,0.5240763,0.8487269,0.070757926
1356877499089,0.495662,-0.36358267,0.7887502,0.6870982,-0.39133343,-0.61217177,0.5312393,0.8453791,0.055847883
1356877499127,0.4755462,-0.34823063,0.8078312,0.6960056,-0.41266856,-0.58760625,0.53798896,0.84168893,0.04612741
1356877499167,0.45612526,-0.330653,0.8262072,0.7078976,-0.42780298,-0.5620192,0.53928727,0.8412212,0.038936768
1356877499207,0.44442588,-0.31106257,0.8400748,0.7211418,-0.43211347,-0.5415094,0.531451,0.8464738,0.032277826
1356877499247,0.44323373,-0.29159874,0.847652,0.7337677,-0.4251476,-0.5299381,0.5149066,0.8568661,0.025526017
1356877499287,0.4515798,-0.27527303,0.8487052,0.7435567,-0.40964836,-0.5284996,0.49315226,0.8697201,0.019692127
1356877499327,0.46723548,-0.26485145,0.843531,0.7487587,-0.38882127,-0.53682256,0.47016105,0.88242376,0.016638726
1356877499367,0.48860615,-0.2620229,0.83223075,0.74821717,-0.36482298,-0.5541438,0.4488153,0.8934474,0.017795265
1356877499407,0.51448256,-0.26697472,0.81488174,0.7415991,-0.3385697,-0.57913846,0.43050963,0.90227216,0.023800015
1356877499447,0.5419972,-0.27868396,0.79282683,0.73054034,-0.31007665,-0.60841054,0.41539127,0.9089487,0.035529166
1356877499487,0.56499654,-0.2963426,0.77003896,0.7198235,-0.27911824,-0.6355684,0.40327787,0.9133861,0.05561352
1356877499527,0.5742054,-0.32137328,0.75299895,0.71733063,-0.2458292,-0.6519239,0.39462003,0.9144875,0.08937445
1356877499567,0.56094503,-0.35763723,0.7466166,0.73014075,-0.21132967,-0.6497956,0.39017332,0.90963477,0.14258116
1356877499607,0.5223713,-0.40711117,0.74925876,0.758682,-0.17922425,-0.6263228,0.3892684,0.8956222,0.21524632
1356877499647,0.46671617,-0.4638148,0.75302845,0.7941069,-0.15504044,-0.5876705,0.3893202,0.8722604,0.2959587
1356877499687,0.41170365,-0.5146227,0.7521061,0.82437956,-0.141478,-0.5480714,0.38845646,0.8456639,0.36599743
1356877499727,0.37220317,-0.54854596,0.74870694,0.84310186,-0.13750798,-0.51987576,0.388129,0.82473564,0.41129923
1356877499767,0.3512364,-0.5624118,0.7485492,0.8502432,-0.14319295,-0.5065395,0.39207074,0.814364,0.4278922
1356877499807,0.34391582,-0.55813086,0.75512373,0.84828985,-0.16016454,-0.50472933,0.40264904,0.8141481,0.41837364
1356877499847,0.3445326,-0.53902566,0.7686018,0.8402153,-0.18813103,-0.50857157,0.41873097,0.8210104,0.3880803
1356877499887,0.34904844,-0.5085138,0.78713334,0.8289039,-0.22427803,-0.5124622,0.43713084,0.831332,0.34322524
1356877499927,0.35495794,-0.47013786,0.8080689,0.8165363,-0.2650202,-0.51286733,0.45527282,0.8418639,0.28981358
1356877499967,0.36016148,-0.42784768,0.8289933,0.8047089,-0.30706543,-0.50808895,0.4719399,0.8500924,0.23369971
1356877500024,0.36424553,-0.384718,0.84812576,0.7938085,-0.34799004,-0.49876946,0.48702484,0.854924,0.17863858
1356877500051,0.36299956,-0.34439126,0.8658094,0.7869576,-0.38422465,-0.48277235,0.4989279,0.8566015,0.13154793
