1356877272261,0.14964235,0.048518658,-0.98754907,-0.9696765,-0.18798524,-0.15616992,-0.19322184,0.98097277,0.018916875
1356877272280,0.3431275,0.04949966,0.93798363,0.91920066,0.18772618,-0.3461631,-0.19321904,0.9809733,0.018913895
1356877272315,0.3431647,0.04951778,0.9379691,0.9191965,0.18767121,-0.34620416,-0.19317305,0.9809829,0.018885583
1356877272345,0.3434131,0.049566835,0.9378755,0.91912997,0.18752487,-0.34645995,-0.19304788,0.9810084,0.018840164
1356877272387,0.34381512,0.049508184,0.9377313,0.91906416,0.18712565,-0.34685016,-0.19264549,0.98108757,0.018835455
1356877272427,0.34518093,0.049353898,0.9372376,0.9187125,0.18639381,-0.34817353,-0.19187903,0.9812348,0.01899752
1356877272469,0.3481809,0.049238086,0.9361334,0.91781753,0.18528356,-0.35111403,-0.19073832,0.9814508,0.019320607
1356877272508,0.35336044,0.049399823,0.934182,0.916142,0.18375817,-0.35625386,-0.18926245,0.9817294,0.019675642
1356877272548,0.36069423,0.049888045,0.9313489,0.91362405,0.18194439,-0.36357567,-0.18759179,0.98204243,0.020047396
1356877272589,0.36868995,0.05009061,0.92820185,0.9107912,0.18013984,-0.37149557,-0.18581456,0.9823648,0.020793676
1356877272628,0.37560546,0.04903537,0.92548156,0.9083294,0.17878754,-0.37811705,-0.18400565,0.98266494,0.022613347
1356877272667,0.38023883,0.046144903,0.92373645,0.90674555,0.17825331,-0.3821494,-0.1822933,0.982902,0.02593717
1356877272709,0.38151312,0.04104826,0.92345154,0.9065145,0.17875816,-0.38246173,-0.18077385,0.98303634,0.03098777
1356877272748,0.3796798,0.034094512,0.9244895,0.90753543,0.18017803,-0.37936175,-0.17950681,0.98304296,0.037467986
1356877272787,0.37577116,0.026187122,0.9263425,0.90937304,0.18204258,-0.3740337,-0.17842868,0.98294187,0.04459247
1356877272827,0.37049395,0.017897516,0.9286624,0.9117408,0.18392539,-0.36728758,-0.17737809,0.9827772,0.051825345
1356877272888,0.36505306,0.009955376,0.9309335,0.9141607,0.18541771,-0.36045867,-0.17620003,0.98260933,0.058586508
1356877272909,0.36051401,0.0029115677,0.9327493,0.9162407,0.18622705,-0.35471466,-0.17473593,0.98250246,0.064469814
1356877272948,0.35811758,-0.0025589466,0.93367296,0.91750944,0.18625039,-0.35140753,-0.17299765,0.982499,0.06904742
1356877272985,0.35863736,-0.0058306754,0.9334587,0.9176725,0.18543288,-0.35141394,-0.17104492,0.98263955,0.07185385
1356877273028,0.3630455,-0.006076902,0.93175155,0.91632175,0.18367207,-0.3558356,-0.16897434,0.9829688,0.07224974
1356877273067,0.371227,-0.0031237006,0.9285369,0.9134838,0.18059167,-0.36460122,-0.16654715,0.9835532,0.06989393
1356877273108,0.38182074,0.0022665858,0.9242336,0.9097758,0.1752798,-0.37627777,-0.16285235,0.984516,0.064863354
1356877273147,0.3921491,0.008152366,0.9198656,0.906446,0.1669821,-0.38790804,-0.15676346,0.9859262,0.058092177
1356877273187,0.3992805,0.012232363,0.9167472,0.90486825,0.15572806,-0.39618462,-0.14760956,0.98772424,0.051110476
1356877273227,0.4011194,0.012772799,0.91593677,0.905953,0.14234418,-0.3987323,-0.13547128,0.9897349,0.04552543
1356877273299,0.39655393,0.008877218,0.9179685,0.9100415,0.12767673,-0.39436424,-0.120704055,0.9917761,0.042552054
1356877273310,0.38749358,0.002093017,0.92187,0.91579336,0.11377689,-0.3851977,-0.10569373,0.9935041,0.04217103
1356877273347,0.37488675,-0.0066587925,0.9270468,0.9225422,0.10139561,-0.3723369,-0.09151915,0.99482393,0.044154882
1356877273399,0.36026752,-0.015762717,0.9327158,0.9294535,0.09129739,-0.3574645,-0.07951987,0.99569887,0.047542214
1356877273435,0.34394822,-0.024346143,0.93867296,0.93633044,0.08405909,-0.34090972,-0.070604146,0.99616337,0.051707983
1356877273478,0.3250205,-0.030631244,0.9452108,0.94344777,0.07954663,-0.32183635,-0.06533006,0.9963604,0.054753274
1356877273517,0.30568472,-0.034167856,0.95151955,0.95000446,0.07772842,-0.30240682,-0.06362754,0.9963889,0.056220025
1356877273557,0.28415686,-0.035465688,0.95812166,0.9565581,0.078446865,-0.28078943,-0.06520322,0.9962873,0.05621621
1356877273597,0.25816286,-0.035390943,0.965453,0.9635892,0.081453264,-0.25467858,-0.069626,0.99604857,0.05513051
1356877273637,0.22698325,-0.034433424,0.9732897,0.97090346,0.08631933,-0.22337282,-0.0763222,0.9956722,0.05302459
1356877273677,0.19212416,-0.032215,0.98084176,0.9777223,0.09238437,-0.18847886,-0.08454263,0.9952022,0.04924655
1356877273718,0.15754569,-0.027473092,0.98712945,0.9829941,0.09986955,-0.15410614,-0.09435034,0.99462116,0.042739928
1356877273757,0.12776637,-0.019163549,0.9916191,0.9860192,0.11028451,-0.124913454,-0.10696638,0.9937153,0.032986313
1356877273797,0.10589597,-0.0076051354,0.99434817,0.9867297,0.12458393,-0.10413173,-0.12308788,0.99218,0.020697087
1356877273837,0.093242705,0.0054262877,0.9956286,0.9855617,0.14144182,-0.093070805,-0.14132857,0.98993164,0.007840455
1356877273877,0.089788795,0.017153323,0.99581313,0.9832024,0.15799981,-0.091373354,-0.15890566,0.98729014,-0.0026785731
1356877273917,0.094718575,0.024403453,0.9952049,0.98027015,0.1719349,-0.09751317,-0.17349008,0.98480594,-0.0076364875
1356877273957,0.10774183,0.024841934,0.99386847,0.9769834,0.18248063,-0.1104725,-0.18410611,0.98289555,-0.004609406
1356877273997,0.13002363,0.018033803,0.99134696,0.9730014,0.1899688,-0.13107327,-0.19068882,0.9816246,0.0071534514
1356877274037,0.16291487,0.0049976707,0.98662746,0.96746606,0.19537634,-0.16074061,-0.19356701,0.98071563,0.026994646
1356877274077,0.20568275,-0.013119876,0.97853076,0.95930773,0.20036298,-0.19895577,-0.19345114,0.9796339,0.053797185
1356877274117,0.25529084,-0.03544438,0.9662144,0.94773453,0.20697817,-0.2428154,-0.19137883,0.97770333,0.0864315
1356877274157,0.3062647,-0.06178066,0.9499395,0.93313813,0.21686691,-0.2867436,-0.18829522,0.97424424,0.12406862
1356877274197,0.35200128,-0.09274903,0.9313929,0.9176048,0.23050222,-0.32383668,-0.18465266,0.9686415,0.166244
1356877274237,0.38523385,-0.13029742,0.913574,0.90506625,0.24659589,-0.34647587,-0.18013868,0.9603193,0.2129249
1356877274299,0.39935705,-0.17699087,0.8995489,0.9001454,0.26184514,-0.34810245,-0.17393151,0.9487419,0.2638872
1356877274319,0.39317232,-0.23133287,0.88988805,0.9043226,0.2722141,-0.32878584,-0.16618112,0.93401533,0.3162266
1356877274359,0.3740313,-0.2848006,0.88260365,0.9136761,0.27637017,-0.2980194,-0.15904924,0.91788244,0.36358652
1356877274398,0.3566405,-0.32458487,0.87604344,0.9211868,0.27838925,-0.27187183,-0.15563557,0.9039602,0.39828816
1356877274437,0.35316733,-0.3422239,0.87072134,0.9222102,0.28400877,-0.26242596,-0.15748405,0.8956683,0.41590497
1356877274477,0.36838987,-0.33563927,0.8669689,0.9152732,0.29442963,-0.27492937,-0.16298431,0.8947946,0.41566652
1356877274517,0.40060958,-0.30706656,0.8632625,0.90071,0.30476323,-0.30958197,-0.16802841,0.90157056,0.39866894
1356877274557,0.44326907,-0.2621929,0.8571857,0.8803324,0.30751616,-0.3611768,-0.16890049,0.9147069,0.36712933
1356877274597,0.48815638,-0.20872569,0.84742963,0.8571676,0.29735893,-0.42052504,-0.16421643,0.93167114,0.32407057
1356877274637,0.52834314,-0.1543012,0.83489203,0.8348861,0.27316874,-0.4778535,-0.15433303,0.94951034,0.2731508
1356877274677,0.5590149,-0.105137885,0.8224648,0.8172054,0.2376765,-0.5250574,-0.14027715,0.9656376,0.21878396
1356877274717,0.5776742,-0.0649285,0.813681,0.8068738,0.19621502,-0.5571843,-0.12347931,0.9784089,0.16573747
1356877274757,0.58374065,-0.034543514,0.811205,0.8050004,0.15496983,-0.5726768,-0.10593003,0.98731506,0.11826973
1356877274798,0.5774965,-0.013031006,0.8162892,0.8114329,0.11921474,-0.5721578,-0.089857936,0.992783,0.079419866
1356877274837,0.55862355,5.938411E-4,0.8294211,0.8258796,0.09191653,-0.55630416,-0.07656789,0.9957666,0.050856277
1356877274877,0.5251254,0.006340623,0.85100126,0.8484847,0.07330297,-0.52411854,-0.06570417,0.99728954,0.03311333
1356877274917,0.47449213,0.0041876435,0.88024986,0.8784681,0.061516598,-0.47382447,-0.056134194,0.9980973,0.02551043
1356877274958,0.4065168,-0.004447043,0.91363245,0.9124004,0.05411768,-0.40570515,-0.04763949,0.9985246,0.026057243
1356877274997,0.3261413,-0.01590097,0.9451873,0.9443905,0.049833655,-0.325028,-0.041933835,0.99863094,0.03126952
1356877275038,0.24370947,-0.025528759,0.9695122,0.9689101,0.050367326,-0.2422319,-0.042647928,0.99840444,0.037010044
1356877275077,0.16955715,-0.030338973,0.9850533,0.9840629,0.05955106,-0.16755259,-0.053577572,0.9977641,0.039952785
1356877275117,0.108881116,-0.031008095,0.99357104,0.9912195,0.078823924,-0.10616338,-0.0750252,0.9964062,0.039318293
1356877275157,0.06272012,-0.03052184,0.9975643,0.9927261,0.10482931,-0.059208453,-0.10276675,0.9940217,0.03687483
1356877275197,0.03199011,-0.031535327,0.99899054,0.9908721,0.13195711,-0.027564615,-0.1309546,0.99075365,0.035468817
1356877275237,0.019512892,-0.03483665,0.9992025,0.9876088,0.15632486,-0.013836324,-0.15571818,0.9870911,0.03745532
1356877275298,0.028770536,-0.03963101,0.9988001,0.98402154,0.1767672,-0.021331012,-0.17570978,0.9834545,0.044083357
1356877275319,0.061118633,-0.04498619,0.9971162,0.9796528,0.19403425,-0.05129409,-0.1911672,0.9799627,0.0559299
1356877275359,0.112362385,-0.0517354,0.9923195,0.9727316,0.20964187,-0.099214494,-0.2028988,0.97640854,0.07388049
1356877275397,0.17127517,-0.063890725,0.98314947,0.96230793,0.22482023,-0.1530343,-0.21125442,0.9723034,0.09998864
1356877275437,0.22264358,-0.08832139,0.9708909,0.9507404,0.24000487,-0.19618967,-0.21569082,0.9667456,0.13740626
1356877275477,0.2506627,-0.13294584,0.95890224,0.9438421,0.25379816,-0.21153834,-0.21524441,0.9580772,0.18909767
1356877275517,0.24719623,-0.19998282,0.9481038,0.94604367,0.26137868,-0.19152668,-0.20951203,0.9442923,0.25380436
1356877275557,0.21989614,-0.27767232,0.9351705,0.954839,0.25762516,-0.14802656,-0.19982058,0.92548764,0.3217831
1356877275597,0.18991143,-0.3436285,0.9197027,0.9633101,0.2461645,-0.10694155,-0.18965,0.90626836,0.3777703
1356877275637,0.17483619,-0.38185856,0.90753305,0.96758354,0.23724648,-0.08657974,-0.18224776,0.8932514,0.4109594
1356877275677,0.17868376,-0.38948742,0.9035328,0.96776974,0.2352072,-0.08999616,-0.17746502,0.89049256,0.4189619
1356877275717,0.19650093,-0.37096414,0.9076195,0.9652066,0.23605683,-0.11248699,-0.17252114,0.8981441,0.40444243
1356877275757,0.22051054,-0.333388,0.91663927,0.96124744,0.23370165,-0.14624277,-0.16546458,0.91336524,0.37200198
1356877275797,0.24390349,-0.28431776,0.9271863,0.9571165,0.22468606,-0.18287781,-0.1563304,0.93202984,0.3269269
1356877275837,0.26280192,-0.2301068,0.9370091,0.95379746,0.2085289,-0.21630085,-0.14562118,0.95056117,0.27427706
1356877275877,0.274466,-0.17653006,0.9452542,0.952277,0.18642643,-0.2416893,-0.13355494,0.9664793,0.21927318
1356877275917,0.27772257,-0.1279225,0.9521061,0.9530848,0.1609188,-0.25638744,-0.12041411,0.97864246,0.16661176
1356877275957,0.27173358,-0.08748743,0.9583876,0.9564072,0.13525862,-0.25882477,-0.106986284,0.9869402,0.12042794
1356877275998,0.25586447,-0.057451934,0.96500397,0.96213055,0.1122109,-0.24842212,-0.094011635,0.99202216,0.08398706
1356877276037,0.22968239,-0.039024264,0.972483,0.9698695,0.09257716,-0.22535014,-0.08123559,0.9949405,0.059111804
1356877276077,0.1941526,-0.0319179,0.98045194,0.97865367,0.074965894,-0.19135603,-0.067392826,0.99667513,0.045791328
1356877276117,0.15191606,-0.03358856,0.98782253,0.9869863,0.058465987,-0.14979944,-0.052722484,0.9977242,0.042033404
1356877276157,0.10776213,-0.03955993,0.99338937,0.99334,0.04527083,-0.10595399,-0.040780067,0.9981912,0.04417491
1356877276197,0.06655842,-0.045349628,0.9967514,0.9970956,0.040088296,-0.064757556,-0.03702137,0.99816656,0.047886074
1356877276237,0.031204611,-0.04849869,0.9983357,0.99848443,0.046813816,-0.028935015,-0.04533258,0.99772555,0.049886048
1356877276314,0.0024552345,-0.049107373,0.9987905,0.99784714,0.0655787,7.713735E-4,-0.0655373,0.9966383,0.049162626
1356877276320,-0.019715756,-0.048969477,0.9986056,0.9953979,0.092721075,0.024199277,-0.09377679,0.99448717,0.046916068
1356877276358,-0.034724057,-0.050313383,0.99812967,0.9917674,0.121438086,0.040624112,-0.123254955,0.991323,0.04568231
1356877276395,-0.041511893,-0.05451101,0.9976499,0.987747,0.14810771,0.0491924,-0.15044117,0.98746777,0.047694862
1356877276438,-0.037878126,-0.061714858,0.99737483,0.9841045,0.17099306,0.04795471,-0.1735037,0.9833375,0.054256976
1356877276478,-0.022724122,-0.07164809,0.99717104,0.9811132,0.19005194,0.036013693,-0.19209465,0.97915614,0.06597614
1356877276517,0.0011015534,-0.08601999,0.9962928,0.97842574,0.20592302,0.016697615,-0.20659593,0.9747801,0.084391
1356877276557,0.028187662,-0.10868496,0.9936765,0.97576195,0.21880254,-0.0037475526,-0.21701163,0.96969736,0.1122182
1356877276598,0.049722433,-0.14562759,0.9880892,0.9736767,0.22740698,-0.015481234,-0.22244391,0.96284926,0.15310144
1356877276637,0.057371825,-0.20069087,0.97797316,0.97338223,0.22896418,-0.010116518,-0.22189051,0.95252216,0.20848504
1356877276677,0.047054112,-0.2709869,0.9614323,0.9753345,0.22026497,0.014348835,-0.21565825,0.93704295,0.27466723
1356877276717,0.025589228,-0.34197274,0.93936133,0.9780681,0.2028647,0.047208875,-0.20670745,0.9175514,0.3396638
1356877276757,0.005590141,-0.39631006,0.91809964,0.97999644,0.18482006,0.07381308,-0.19893602,0.89932185,0.3894157
1356877276797,-0.002795279,-0.42419955,0.9055644,0.9810376,0.17433363,0.08469254,-0.19379687,0.88862956,0.4156685
1356877276837,0.0047551394,-0.4240517,0.9056255,0.9819049,0.17343235,0.076052606,-0.18931502,0.8888765,0.41720307
1356877276877,0.027902424,-0.3986443,0.91668105,0.98274505,0.17868388,0.047792345,-0.18284824,0.8995303,0.3967515
1356877276917,0.06311554,-0.35315913,0.93343186,0.9827921,0.1846835,0.003420949,-0.17359757,0.91715354,0.35873845
1356877276957,0.105374515,-0.29409948,0.9499482,0.981127,0.18649095,-0.05109635,-0.16212928,0.93740416,0.3082004
1356877276997,0.14929849,-0.22866154,0.9619895,0.97750247,0.1807285,-0.10874751,-0.14899257,0.956583,0.25049976
1356877277037,0.18975714,-0.16417515,0.96800756,0.9725795,0.16645804,-0.16242185,-0.13446698,0.97228503,0.19125998
1356877277077,0.22269145,-0.106977105,0.9690018,0.9676124,0.14547017,-0.20631233,-0.118890226,0.9835621,0.13590726
1356877277117,0.24545062,-0.061623633,0.9674485,0.96394175,0.12135637,-0.23683095,-0.102811694,0.9906943,0.089188606
1356877277157,0.25655785,-0.030720532,0.9660406,0.96261746,0.09795073,-0.25253388,-0.08686641,0.994717,0.054702133
1356877277197,0.25577855,-0.014675677,0.966624,0.9641005,0.077646315,-0.253932,-0.07132825,0.996873,0.03400904
1356877277237,0.24415046,-0.011808664,0.9696655,0.9681082,0.06090653,-0.24301663,-0.0561893,0.9980737,0.026302397
1356877277299,0.22441941,-0.018343866,0.97431993,0.9735785,0.04751736,-0.22335404,-0.04219994,0.998702,0.028522998
1356877277319,0.20136708,-0.028666854,0.9790963,0.9789884,0.038688123,-0.20021218,-0.032139927,0.99884003,0.035855055
1356877277357,0.1804817,-0.037263542,0.98287225,0.9831078,0.037742466,-0.17909405,-0.03042233,0.9985925,0.043445885
1356877277397,0.16587302,-0.04091564,0.9852979,0.9853269,0.047620267,-0.1639004,-0.04021406,0.9980272,0.048214197
1356877277437,0.15938544,-0.039518625,0.98642516,0.9853604,0.0676105,-0.15650475,-0.060507894,0.9969288,0.049716204
1356877277477,0.16137457,-0.034991145,0.9862727,0.98306525,0.093636334,-0.15752771,-0.08683893,0.9949914,0.04950908
1356877277517,0.17187524,-0.029582798,0.98467445,0.9784532,0.121206105,-0.16714793,-0.11440387,0.9921865,0.049777687
1356877277557,0.19107601,-0.024779677,0.98126245,0.9715375,0.14737484,-0.18546066,-0.14001778,0.98877025,0.052234143
1356877277597,0.21863568,-0.021422267,0.97557133,0.962202,0.1710937,-0.21188247,-0.16237503,0.9850218,0.058019787
1356877277637,0.25249186,-0.020861387,0.9673741,0.9504559,0.19270828,-0.2439203,-0.18133244,0.9810343,0.06848514
1356877277677,0.28804693,-0.026318789,0.9572545,0.93715245,0.21329644,-0.2761337,-0.19691145,0.97663295,0.086104125
1356877277717,0.31831163,-0.04373291,0.9469768,0.9247228,0.2342655,-0.30001253,-0.20872352,0.9711885,0.11501029
1356877277757,0.33569318,-0.08022943,0.9385485,0.9168439,0.25642776,-0.3060099,-0.21611887,0.96322787,0.15963894
1356877277797,0.33514756,-0.13894856,0.9318634,0.9164114,0.2777502,-0.28817537,-0.21878374,0.9505515,0.22042131
1356877277837,0.31765503,-0.21266386,0.92405057,0.9229778,0.29265112,-0.24993458,-0.2172724,0.9322711,0.28924605
1356877277877,0.29120848,-0.2838395,0.91358244,0.9326043,0.29703507,-0.20498645,-0.21318284,0.91170466,0.351209
1356877277917,0.26610658,-0.33516842,0.90379727,0.94114166,0.29306486,-0.16842043,-0.20842206,0.895419,0.3934274
1356877277959,0.24838457,-0.35905704,0.89965725,0.9471179,0.28481075,-0.14781865,-0.20315674,0.8887974,0.410812
1356877277997,0.23855418,-0.35655674,0.9033046,0.95124924,0.27303737,-0.14344135,-0.19549087,0.8934864,0.4043086
1356877278037,0.23412868,-0.33273584,0.9134937,0.9546179,0.2565966,-0.15120474,-0.18408817,0.90743876,0.3777122
1356877278077,0.23194525,-0.29374105,0.92731744,0.9578243,0.2352126,-0.16506886,-0.16962928,0.9264941,0.3359087
1356877278117,0.22937444,-0.24548784,0.9418721,0.961156,0.20974764,-0.17940244,-0.15351439,0.9464363,0.2840628
1356877278157,0.2243771,-0.19354668,0.95508873,0.96486545,0.18161494,-0.18987003,-0.13670966,0.9641347,0.22749677
1356877278197,0.21532756,-0.14300531,0.9660142,0.9691295,0.15294379,-0.19338074,-0.12009138,0.97783315,0.17152372
1356877278237,0.20086226,-0.09806675,0.9746986,0.97397214,0.12667516,-0.18796748,-0.105036795,0.9870848,0.12095848
1356877278297,0.17955533,-0.061987996,0.9817929,0.9793478,0.1055502,-0.17244399,-0.09293893,0.99248004,0.07965997
1356877278319,0.14988318,-0.03710404,0.9880072,0.98517025,0.090013236,-0.14607242,-0.08351377,0.99524915,0.05004534
1356877278359,0.11093998,-0.024535865,0.9935242,0.99106634,0.0771935,-0.108759135,-0.074025124,0.9967141,0.032880515
1356877278397,0.0636588,-0.02271843,0.9977131,0.9960431,0.06357023,-0.06210473,-0.062013954,0.9977188,0.026675314
1356877278437,0.01218763,-0.027968556,0.9995345,0.99873376,0.049134642,-0.010802984,-0.04880956,0.99840045,0.028532028
1356877278477,-0.038621426,-0.03572765,0.998615,0.9984286,0.03923112,0.040017754,-0.040606588,0.9985913,0.034156263
1356877278517,-0.08489394,-0.043369383,0.9954456,0.99542785,0.040201366,0.086643934,-0.043776006,0.9982499,0.039758265
1356877278557,-0.124904454,-0.050777048,0.99086857,0.99035525,0.053974867,0.12760568,-0.05996141,0.99725044,0.043545544
1356877278597,-0.15806395,-0.059056967,0.98566127,0.98370004,0.07725018,0.16237792,-0.08573207,0.9952611,0.045883894
1356877278637,-0.18387473,-0.06930709,0.9805032,0.976112,0.104578614,0.19044337,-0.11573872,0.9920987,0.0484221
1356877278677,-0.20164788,-0.081949204,0.97602373,0.96859515,0.13131553,0.2111387,-0.14546973,0.9879476,0.052896082
1356877278717,-0.21088052,-0.0967406,0.9727131,0.96224093,0.15466106,0.2239919,-0.17210999,0.98321986,0.060472727
1356877278757,-0.21219707,-0.11389282,0.9705673,0.95768905,0.17337161,0.22972602,-0.19443303,0.9782488,0.07228488
1356877278797,-0.20822453,-0.13550648,0.9686488,0.95477664,0.18673867,0.23136583,-0.21223569,0.97301936,0.09049493
1356877278837,-0.20412284,-0.1662054,0.9647328,0.9526166,0.19329345,0.23486009,-0.22551149,0.9669609,0.11887449
1356877278877,-0.20713419,-0.21179962,0.9551106,0.94993484,0.18989366,0.24812141,-0.23392147,0.9586873,0.16186237
1356877278917,-0.22354084,-0.2741841,0.9353355,0.9453994,0.17250884,0.2765153,-0.23716971,0.9460781,0.22065073
1356877278957,-0.25323945,-0.34475544,0.903888,0.93818676,0.14037114,0.31638834,-0.23595634,0.92813766,0.28789747
1356877278997,-0.28828925,-0.40653765,0.86695814,0.928885,0.10111642,0.35629773,-0.23251215,0.9080212,0.348476
1356877279037,-0.31921542,-0.44625205,0.8360387,0.91955,0.06750202,0.38713214,-0.22919288,0.8923578,0.38880336
1356877279077,-0.340007,-0.45974204,0.8203856,0.9129394,0.0479964,0.40526277,-0.22569191,0.8867546,0.4033975
1356877279117,-0.34793228,-0.44841808,0.8233253,0.91150564,0.043641448,0.40896577,-0.21931875,0.89275795,0.3935513
1356877279157,-0.34221566,-0.41601738,0.842507,0.9162427,0.05102396,0.39736104,-0.20829716,0.90792406,0.3637117
1356877279197,-0.32406414,-0.36778253,0.8716183,0.92612904,0.06467515,0.37162095,-0.19304776,0.92766005,0.31965524
1356877279237,-0.29569656,-0.3092547,0.9038391,0.939195,0.07879156,0.33422247,-0.17457476,0.94770956,0.26715207
1356877279297,-0.26089817,-0.24648374,0.93336916,0.95307106,0.088054,0.28965852,-0.15358305,0.96513844,0.21194339
1356877279320,-0.22533989,-0.18621284,0.95631933,0.96542627,0.08935207,0.24488428,-0.13104975,0.978438,0.15964013
1356877279359,-0.19449812,-0.13400003,0.9717069,0.9748845,0.08316028,0.20660213,-0.10849208,0.9874859,0.11446005
1356877279397,-0.17276025,-0.09363681,0.98050296,0.9810397,0.0724138,0.17977026,-0.08783507,0.9929695,0.07935119
1356877279437,-0.16189975,-0.066394925,0.98457104,0.98436296,0.059313953,0.16586545,-0.06941146,0.9960289,0.055753827
1356877279477,-0.16148895,-0.051425546,0.98553365,0.98551035,0.04408455,0.16378549,-0.05186957,0.9977033,0.04356128
1356877279517,-0.1689356,-0.046085447,0.98454905,0.98501873,0.027195334,0.17028916,-0.034622997,0.9985672,0.04080087
1356877279557,-0.1804604,-0.0467965,0.9824685,0.983363,0.012509644,0.1812205,-0.020770907,0.99882615,0.04376042
1356877279597,-0.19236356,-0.05026287,0.98003566,0.98119015,0.006628096,0.19293013,-0.016193002,0.9987141,0.048042417
1356877279638,-0.20197725,-0.054562926,0.97786903,0.9790715,0.014218748,0.20301902,-0.02498135,0.99840903,0.05054921
1356877279685,-0.20823586,-0.060028553,0.9762348,0.9766586,0.041003108,0.21084753,-0.05268553,0.99735415,0.05008912
1356877279715,-0.20465618,-0.064931184,0.9766779,0.9756048,0.06745088,0.20891562,-0.07944289,0.9956075,0.049542964
1356877279758,-0.19837034,-0.0713492,0.97752666,0.9742325,0.094864726,0.20462593,-0.10733268,0.99292994,0.05069232
1356877279797,-0.18039393,-0.078351766,0.98046875,0.9746095,0.12018871,0.1889205,-0.13264358,0.9896543,0.054681063
1356877279837,-0.14981526,-0.08534321,0.98502374,0.97664547,0.14241195,0.1608797,-0.1540091,0.9861213,0.06201464
1356877279877,-0.1055603,-0.09224796,0.9901249,0.97951376,0.16206688,0.11952844,-0.17149264,0.9824585,0.07325035
1356877279917,-0.0506033,-0.101495,0.9935483,0.98128784,0.1800004,0.06836662,-0.18577793,0.9784163,0.09048724
1356877279957,0.0065385997,-0.119126886,0.9928576,0.9803314,0.19661328,0.01713422,-0.19725016,0.97321737,0.11806929
1356877279997,0.05312997,-0.15326476,0.9867559,0.9771695,0.21154076,-0.019756943,-0.20571107,0.96527743,0.16100478
1356877280037,0.07783395,-0.20837331,0.97494733,0.97441244,0.22273088,-0.030187488,-0.21086058,0.9523505,0.22037765
1356877280077,0.07952398,-0.27736822,0.95746684,0.9737824,0.22697783,-0.01512593,-0.21312824,0.9335673,0.28814656
1356877280117,0.07057041,-0.34131712,0.9372953,0.9742829,0.22516274,0.008638024,-0.21399233,0.9125812,0.34842923
1356877280157,0.0675751,-0.38235053,0.92154306,0.97435606,0.22398365,0.0214836,-0.21462482,0.89645934,0.38768128
1356877280197,0.08059353,-0.39304802,0.9159792,0.9735036,0.2283392,0.012325853,-0.21399862,0.8907157,0.40103632
1356877280237,0.11088002,-0.37463638,0.9205179,0.97147536,0.23621935,-0.02088046,-0.20962158,0.8965757,0.39014202
1356877280298,0.15320757,-0.33330667,0.93028724,0.9677068,0.24130294,-0.072915256,-0.20017794,0.9114163,0.35951248
1356877280319,0.19906712,-0.27828634,0.9396431,0.9620806,0.23794729,-0.13334978,-0.18647617,0.93055785,0.31510133
1356877280360,0.24151987,-0.21829444,0.945524,0.9554166,0.22403222,-0.19232413,-0.16984451,0.94981945,0.26267043
1356877280397,0.27432528,-0.16177255,0.94793206,0.9496178,0.20093599,-0.2405217,-0.15156382,0.96615446,0.20874393
1356877280437,0.29514,-0.1135456,0.94868314,0.94621235,0.1725013,-0.27372506,-0.1325688,0.978443,0.15835026
1356877280477,0.30290133,-0.075942636,0.94999135,0.9461453,0.1434946,-0.290204,-0.11427975,0.986733,0.11531749
1356877280517,0.29770038,-0.04943812,0.9533784,0.9496078,0.11793473,-0.29040742,-0.098079264,0.99178994,0.082055986
1356877280557,0.27943915,-0.03399566,0.95956135,0.95649576,0.097123206,-0.27510548,-0.08384332,0.9946916,0.05965671
1356877280597,0.24803942,-0.029284,0.96830726,0.9662561,0.07915306,-0.24512026,-0.06946638,0.9964322,0.0479289
1356877280637,0.20500636,-0.03325212,0.9781956,0.9772949,0.061628878,-0.20272255,-0.053544104,0.997545,0.045131475
1356877280677,0.15551567,-0.04136616,0.98696697,0.987073,0.045703113,-0.1536169,-0.038752943,0.99809825,0.047939003
1356877280717,0.10659897,-0.048756868,0.993106,0.9938153,0.03647721,-0.10488427,-0.031111956,0.9981444,0.052343726
1356877280758,0.06364524,-0.052886903,0.99657017,0.99734765,0.038703144,-0.06164092,-0.035310328,0.9978501,0.055209965
1356877280797,0.029318482,-0.05398044,0.9981115,0.99824953,0.052891344,-0.026462018,-0.05136302,0.9971402,0.05543667
1356877280837,0.004786372,-0.05383274,0.9985385,0.9971466,0.07548481,-7.1009994E-4,-0.07533625,0.99569273,0.05404049
1356877280877,-0.008684337,-0.054377854,0.9984826,0.9947241,0.10160029,0.014184862,-0.102217436,0.993338,0.05320865
1356877280917,-0.008697987,-0.056483746,0.9983656,0.99171734,0.12745768,0.01585114,-0.12814468,0.9902344,0.054907262
1356877280957,0.0076592863,-0.05976668,0.998183,0.98847425,0.15138188,0.0014792681,-0.1511952,0.9866668,0.060237348
1356877280997,0.04162854,-0.063875854,0.9970892,0.9844021,0.1733576,-0.029993117,-0.17093712,0.9827853,0.070096195
1356877281037,0.08935952,-0.07067227,0.99348897,0.97818625,0.19403344,-0.07418051,-0.1875276,0.978446,0.08646935
1356877281077,0.13957909,-0.0861558,0.9864557,0.9696537,0.21382967,-0.11852607,-0.20072177,0.9730642,0.113387495
1356877281117,0.1762991,-0.11933413,0.9770763,0.96174026,0.23234874,-0.14515433,-0.20970061,0.9652841,0.15573129
1356877281157,0.18765503,-0.17548212,0.9664324,0.9586139,0.24719942,-0.14125112,-0.21411449,0.952942,0.2146078
1356877281197,0.17737699,-0.24596769,0.95290995,0.96031207,0.25504792,-0.11292118,-0.21526268,0.9351205,0.2814454
1356877281237,0.16344342,-0.3097641,0.93666035,0.9627151,0.25752696,-0.08282286,-0.21555978,0.91527385,0.34030557
1356877281298,0.16384163,-0.34816405,0.92300475,0.96255183,0.2612773,-0.07230592,-0.2159859,0.9002866,0.37793404
1356877281319,0.18454039,-0.35471493,0.91658175,0.9591214,0.26858068,-0.08916497,-0.21454799,0.8955678,0.3897787
1356877281359,0.22099295,-0.33255002,0.9168274,0.95277154,0.2743952,-0.1301288,-0.20829862,0.9022847,0.37748367
1356877281397,0.26130554,-0.29217494,0.91997457,0.94503284,0.27151117,-0.1821937,-0.19655097,0.9170144,0.34706226
1356877281437,0.29807368,-0.24268991,0.9231758,0.9373756,0.25701895,-0.23509178,-0.1802193,0.9354372,0.30410218
1356877281477,0.32564,-0.19236434,0.9257184,0.931703,0.23190036,-0.2795562,-0.16089776,0.9535293,0.2547425
1356877281517,0.34157377,-0.1468772,0.9283073,0.92936873,0.19991773,-0.31033322,-0.14000425,0.9687414,0.20478973
1356877281557,0.3452398,-0.10945839,0.9321097,0.9309471,0.16580912,-0.32533816,-0.11894134,0.9800645,0.15914387
1356877281597,0.33703062,-0.081323,0.93797493,0.93626297,0.13382152,-0.32481307,-0.09910652,0.9876631,0.1212416
1356877281637,0.3173281,-0.06274912,0.9462375,0.9448284,0.10641438,-0.30979875,-0.08125371,0.99233997,0.0930554
1356877281677,0.28623602,-0.053642392,0.9566564,0.9559777,0.083324224,-0.28136078,-0.06461984,0.9950777,0.07513127
1356877281717,0.244403,-0.052786946,0.96823585,0.96849215,0.06256753,-0.24105656,-0.047855467,0.9966438,0.06641546
1356877281757,0.19497451,-0.05687487,0.9791579,0.98029864,0.04347983,-0.19267613,-0.031615168,0.9974341,0.06423181
1356877281797,0.14358184,-0.061193556,0.9877447,0.9894352,0.029103607,-0.14202458,-0.02005598,0.9977016,0.06472579
1356877281837,0.095855415,-0.06213984,0.99345374,0.995216,0.02492243,-0.09446657,-0.018889159,0.99775624,0.064231515
1356877281877,0.054855764,-0.0591003,0.9967437,0.99800575,0.034468472,-0.05288142,-0.031230927,0.99765676,0.06087327
1356877281917,0.021379262,-0.054058343,0.99830896,0.99825144,0.056197256,-0.018335044,-0.05511111,0.9969552,0.05516523
1356877281957,-0.0042544603,-0.04993072,0.99874365,0.9963702,0.084703505,0.008478969,-0.08502045,0.9951544,0.049389064
1356877281997,-0.020805597,-0.048959613,0.99858403,0.9930879,0.114388764,0.026299447,-0.11551443,0.99222887,0.046241224
1356877282037,-0.025773615,-0.05165845,0.9983322,0.98937243,0.14163932,0.032871425,-0.14310116,0.98856956,0.047458947
1356877282077,-0.016489238,-0.05709687,0.9982325,0.9859271,0.16518328,0.025734067,-0.16636062,0.98460877,0.053569615
1356877282117,0.0074642003,-0.0648565,0.99786663,0.9826449,0.1854364,0.0047022104,-0.18534574,0.9805136,0.065115094
1356877282157,0.04143861,-0.07756704,0.9961257,0.9787975,0.20331314,-0.024886072,-0.20059517,0.9760365,0.08434737
1356877282197,0.075217724,-0.10179773,0.9919573,0.9743514,0.21908301,-0.051399708,-0.21208856,0.97038126,0.115665734
1356877282237,0.09534928,-0.14550674,0.9847519,0.97103477,0.23132357,-0.0598408,-0.21908909,0.9619341,0.16334859
1356877282298,0.092461795,-0.2106525,0.9731784,0.9708375,0.23618665,-0.041114777,-0.22119078,0.9485997,0.22634763
1356877282319,0.07101795,-0.28459287,0.9560143,0.97298527,0.2308397,-0.003560692,-0.21967268,0.93044066,0.29329848
1356877282359,0.046412468,-0.3466564,0.9368432,0.97505844,0.21949416,0.03291282,-0.21704108,0.9119494,0.34819755
1356877282401,0.033925116,-0.38194847,0.92356074,0.97608244,0.21121389,0.051495373,-0.21473742,0.8997244,0.37997866
1356877282439,0.039197862,-0.3875277,0.9210244,0.9766319,0.20978326,0.04670337,-0.21131438,0.8976711,0.3866949
1356877282477,0.062256336,-0.36589774,0.9285704,0.9770224,0.2123602,0.01817447,-0.20384142,0.90610266,0.37071103
1356877282517,0.09689492,-0.32384133,0.94113666,0.9768213,0.21227938,-0.027524441,-0.19087034,0.9219893,0.33690396
1356877282557,0.13568059,-0.2696552,0.9533503,0.9755399,0.20433822,-0.081041515,-0.17295262,0.9410271,0.2907841
1356877282597,0.17177522,-0.21169248,0.9621224,0.9734175,0.18666416,-0.13272068,-0.15149778,0.95934486,0.23812944
1356877282637,0.19963899,-0.15733671,0.96715534,0.97143185,0.16103068,-0.17432529,-0.1283139,0.9743276,0.1849899
1356877282677,0.2157332,-0.111717045,0.97004044,0.9707275,0.1319547,-0.20068914,-0.105581015,0.98494023,0.13691378
1356877282717,0.21853733,-0.07731193,0.97276115,0.9721053,0.1042456,-0.21010485,-0.0851624,0.9915421,0.09793693
1356877282757,0.20785457,-0.054759383,0.97662574,0.9758254,0.08054483,-0.2031681,-0.06753677,0.99524564,0.07017717
1356877282797,0.18441945,-0.04357809,0.981881,0.9814927,0.06060344,-0.18165675,-0.0515891,0.99721014,0.053948045
1356877282837,0.15048635,-0.041858852,0.9877255,0.9879566,0.042742908,-0.1487101,-0.035993367,0.99820876,0.04778698
1356877282877,0.11068776,-0.04582545,0.9927982,0.9936154,0.027048498,-0.10953039,-0.021834463,0.99858326,0.048526764
1356877282917,0.07105553,-0.050825983,0.9961766,0.9973749,0.01758176,-0.070244014,-0.013944298,0.99855274,0.05194184
1356877282958,0.036355525,-0.053713232,0.9978943,0.9991827,0.019608766,-0.035346985,-0.017668813,0.99836385,0.054382324
1356877282998,0.008803308,-0.05396685,0.9985039,0.9993911,0.03418839,-0.0069633424,-0.033761412,0.9979572,0.05423504
1356877283035,-0.010668457,-0.05290404,0.99854255,0.9982809,0.05699134,0.013685197,-0.057632178,0.99697196,0.052205145
1356877283078,-0.020732611,-0.052154124,0.9984238,0.99625283,0.08279255,0.025012344,-0.08396661,0.9952011,0.050242186
1356877283117,-0.018857896,-0.052717477,0.9984314,0.99389637,0.107574105,0.02445215,-0.108694494,0.9927984,0.050367057
1356877283157,-0.0026445985,-0.05473721,0.99849737,0.9914968,0.1297664,0.009739757,-0.13010454,0.9900326,0.053928614
1356877283197,0.030397207,-0.057795078,0.9978656,0.98857343,0.14920339,-0.021472484,-0.14764398,0.9871161,0.061670005
1356877283237,0.07792765,-0.06315982,0.9949564,0.9837594,0.16673213,-0.06646657,-0.16169313,0.9839773,0.075127125
1356877283300,0.13267979,-0.074970484,0.9883195,0.97595716,0.18385157,-0.117073804,-0.17292699,0.98009086,0.09756136
1356877283319,0.18256551,-0.09985456,0.97810984,0.96625996,0.2020629,-0.15972525,-0.18169037,0.97426873,0.1333752
1356877283359,0.21519709,-0.143489,0.9659716,0.95826447,0.22165066,-0.18055534,-0.18820056,0.9645113,0.18519896
1356877283397,0.2286155,-0.20135108,0.9524666,0.9540924,0.24080798,-0.17809898,-0.19350111,0.94945735,0.24715996
1356877283437,0.23224133,-0.25757462,0.9379335,0.9520903,0.25745803,-0.1650438,-0.1989674,0.93132734,0.30502668
1356877283477,0.23894307,-0.29547733,0.9249861,0.9493455,0.27128723,-0.15857568,-0.20408139,0.91602206,0.34533232
1356877283518,0.25499246,-0.30800584,0.9165758,0.94474804,0.28129098,-0.16830504,-0.20598552,0.9088497,0.362715
1356877283557,0.27916828,-0.29728183,0.91306543,0.9387218,0.28467205,-0.19432727,-0.20215425,0.91136456,0.35853633
1356877283598,0.30739748,-0.26929072,0.91268253,0.9318987,0.27925777,-0.2314735,-0.19254008,0.92168194,0.33679473
1356877283637,0.33572263,-0.23065305,0.913285,0.92481995,0.26483232,-0.27307862,-0.17888096,0.93630284,0.30222273
1356877283677,0.36173302,-0.18693772,0.9133474,0.9180051,0.24221736,-0.3140023,-0.16252977,0.9520426,0.25922778
1356877283717,0.38274464,-0.14377618,0.9125979,0.9125509,0.21288535,-0.3491858,-0.14407417,0.96644104,0.21268383
1356877283757,0.39632928,-0.10598749,0.9119703,0.9096828,0.17959636,-0.37446284,-0.12409824,0.97801423,0.16759422
1356877283797,0.40084934,-0.07646099,0.9129477,0.9102341,0.14624584,-0.3874095,-0.1038931,0.98628896,0.12821996
1356877283837,0.39540505,-0.056123257,0.9167906,0.91456586,0.11641991,-0.3873187,-0.08499512,0.99161315,0.097361445
1356877283877,0.3791957,-0.04490307,0.92422634,0.92282426,0.09161121,-0.37416953,-0.06786811,0.9947819,0.076176226
1356877283917,0.35150626,-0.042065263,0.93524003,0.9347523,0.07102755,-0.34812826,-0.05178371,0.996587,0.064287215
1356877283957,0.3131805,-0.04538867,0.9486084,0.94898605,0.05350828,-0.31074497,-0.036654115,0.99753535,0.059830964
1356877283997,0.2681592,-0.050789952,0.9620348,0.96305144,0.03999704,-0.26633096,-0.024951637,0.9979081,0.059638888
1356877284037,0.22273716,-0.053853095,0.97339,0.97464687,0.034068495,-0.22114003,-0.02125287,0.9979676,0.060076058
1356877284077,0.18253371,-0.05223283,0.9818112,0.982769,0.039244324,-0.18062404,-0.029096067,0.99786365,0.058496147
1356877284117,0.15069789,-0.04656872,0.9874824,0.98741305,0.055608034,-0.14806491,-0.048016757,0.99736613,0.054362595
1356877284157,0.12849322,-0.03937903,0.9909282,0.9889772,0.079221874,-0.12509197,-0.073577136,0.9960789,0.04912448
1356877284197,0.117047966,-0.033343077,0.99256635,0.9880526,0.10480547,-0.11299497,-0.1002588,0.9939336,0.04521197
1356877284237,0.118365765,-0.029984564,0.9925173,0.9851793,0.1285103,-0.11360833,-0.12414223,0.9912548,0.044751346
1356877284299,0.13474005,-0.029409826,0.9904444,0.98041385,0.1488598,-0.12895525,-0.14364481,0.98842084,0.048891157
1356877284319,0.16738322,-0.031145185,0.98539984,0.97301733,0.16621944,-0.16002625,-0.15880859,0.98559684,0.058127075
1356877284359,0.21218473,-0.03663683,0.9765425,0.9622571,0.18208903,-0.20224932,-0.17040786,0.98259926,0.0738906
1356877284397,0.2620849,-0.049098402,0.96379495,0.9482963,0.19835913,-0.24776536,-0.17901263,0.9788988,0.0985468
1356877284437,0.3032211,-0.07590026,0.94989264,0.93493015,0.21647549,-0.28114757,-0.1842893,0.9733331,0.13660136
1356877284477,0.32542202,-0.12303653,0.9375299,0.9272615,0.23568448,-0.2909277,-0.18516648,0.9640097,0.19078398
1356877284517,0.3252343,-0.18884346,0.92658556,0.9281304,0.25139982,-0.27453986,-0.18109843,0.94928205,0.25703517
1356877284557,0.31172246,-0.25846612,0.9143437,0.93409944,0.25961256,-0.24507064,-0.17403269,0.930482,0.32236013
1356877284597,0.30237806,-0.31057388,0.90117216,0.938281,0.26353246,-0.22400749,-0.16791722,0.91328776,0.37109205
1356877284637,0.31015593,-0.33173534,0.8909293,0.936322,0.26888072,-0.22584122,-0.16463417,0.9042427,0.39400604
1356877284677,0.33593005,-0.32128063,0.8853981,0.9278121,0.27477533,-0.25231576,-0.16222137,0.90624344,0.39039335
1356877284717,0.37359113,-0.28545517,0.8825786,0.9140529,0.27526885,-0.29788294,-0.15791416,0.91801,0.36375916
1356877284757,0.41382048,-0.23425177,0.87970376,0.8977947,0.265003,-0.35176432,-0.15072271,0.93536067,0.31997365
1356877284797,0.44925228,-0.17753649,0.87558734,0.88223517,0.24264947,-0.4034629,-0.14083135,0.9537306,0.26563975
1356877284837,0.47491944,-0.12375274,0.8712846,0.870607,0.2105611,-0.44464317,-0.1284329,0.9697162,0.2077395
1356877284877,0.48819944,-0.07867646,0.86917865,0.865265,0.17363599,-0.47028407,-0.11392048,0.98166215,0.15284494
1356877284917,0.48870993,-0.044570357,0.87130713,0.8668815,0.13742661,-0.4791978,-0.09838283,0.9895087,0.10579896
1356877284957,0.47715044,-0.021380037,0.8785615,0.8748779,0.106157646,-0.4725665,-0.08316252,0.9941194,0.06935811
1356877284997,0.45383862,-0.00870806,0.8910413,0.8884292,0.08155021,-0.45171118,-0.06873104,0.99663115,0.044747174
1356877285038,0.41847232,-0.0063307583,0.9082075,0.90661144,0.06257692,-0.4173007,-0.054190934,0.99802005,0.031926274
1356877285077,0.37183732,-0.012885094,0.9282085,0.92749226,0.046806395,-0.37090066,-0.038666993,0.9988209,0.029355198
1356877285117,0.3185446,-0.024127096,0.9476007,0.94759667,0.03371665,-0.3176847,-0.024285018,0.9991401,0.033603072
1356877285157,0.26689798,-0.034175396,0.9631187,0.9635792,0.026838541,-0.26607326,-0.01675558,0.9990555,0.04009381
1356877285197,0.22462595,-0.038981825,0.97366506,0.9742074,0.031053543,-0.22350782,-0.021523058,0.9987573,0.044951767
1356877285237,0.19563425,-0.038100213,0.97993654,0.97989035,0.047608018,-0.19377396,-0.039269984,0.99813914,0.046647757
1356877285300,0.18079746,-0.03360206,0.9829462,0.98130876,0.07314879,-0.17799571,-0.06592041,0.9967549,0.046199024
1356877285319,0.18018937,-0.028138787,0.98322934,0.9789704,0.10233158,-0.17648023,-0.09564942,0.9943523,0.045986086
1356877285359,0.19438934,-0.023318022,0.9806473,0.9730357,0.13111669,-0.18976283,-0.12415436,0.9910927,0.048176944
1356877285397,0.22428283,-0.019393653,0.9743311,0.9630513,0.15737316,-0.21855384,-0.149095,0.98734874,0.053973198
1356877285437,0.26859704,-0.016572744,0.96310997,0.9481845,0.18070808,-0.261325,-0.16971084,0.9833971,0.06425169
1356877285477,0.32178998,-0.017193586,0.946655,0.92835295,0.20219171,-0.3118964,-0.1860432,0.979195,0.081024975
1356877285517,0.37355202,-0.027361035,0.92720556,0.9061929,0.22431153,-0.3584672,-0.1981748,0.97413325,0.10858643
1356877285557,0.41317862,-0.054941326,0.9089912,0.886981,0.2503782,-0.38804063,-0.20627216,0.9665879,0.15218282
1356877285598,0.43499452,-0.10368931,0.8944429,0.87524974,0.281977,-0.3929718,-0.21146533,0.9538016,0.21341255
1356877285637,0.44332352,-0.1643813,0.88116,0.8699882,0.3156146,-0.37882456,-0.2158353,0.9345406,0.28292915
1356877285677,0.44712663,-0.21981221,0.8670412,0.8668286,0.34560013,-0.35940045,-0.22064894,0.9122736,0.34506652
1356877285717,0.45495644,-0.25455084,0.8533572,0.86157787,0.3681182,-0.34953195,-0.22516266,0.89425546,0.3867931
1356877285757,0.4690023,-0.26383364,0.8428692,0.8535558,0.38056755,-0.35582396,-0.22689027,0.8863182,0.40368387
1356877285797,0.48631635,-0.25195605,0.8366687,0.8448047,0.38012895,-0.37657273,-0.22316226,0.88995516,0.39771658
1356877285837,0.5032744,-0.22611961,0.8340173,0.83747315,0.36549443,-0.40626657,-0.21296382,0.9029306,0.37331307
1356877285877,0.5176904,-0.19287196,0.83354485,0.8325052,0.33824164,-0.4387798,-0.19731128,0.9210825,0.33567137
1356877285917,0.5291147,-0.15686068,0.83392584,0.82968616,0.3017075,-0.46967375,-0.17792833,0.940408,0.289783
1356877285957,0.53771615,-0.12173265,0.8342916,0.8285069,0.25975963,-0.496086,-0.1563254,0.9579698,0.24053332
1356877285997,0.5436653,-0.09058407,0.8343996,0.82859993,0.21618421,-0.516417,-0.13360485,0.9721414,0.1925898
1356877286037,0.54697526,-0.06562969,0.83457226,0.82977104,0.17456475,-0.530101,-0.11089653,0.982456,0.14994022
1356877286077,0.54762304,-0.047648698,0.8353674,0.8319094,0.13796727,-0.5374867,-0.08964282,0.98929,0.11519346
1356877286117,0.54519254,-0.036625564,0.8375104,0.8353069,0.10823394,-0.5390249,-0.07090497,0.9934506,0.089601904
1356877286157,0.5386449,-0.03248337,0.8419064,0.8407965,0.084846035,-0.5346611,-0.05406481,0.99586445,0.07301378
