1356877162119,0.9464042,0.0970892,-0.30804667,-0.3112901,0.01986694,-0.9501073,-0.086125195,0.99507743,0.04902506
1356877162158,-0.9436286,-0.097253434,0.31639645,0.31960565,-0.018998504,0.94736016,-0.08612296,0.9950783,0.049010336
1356877162198,-0.94361556,-0.097212896,0.316448,0.3196476,-0.01890862,0.94734776,-0.08611084,0.9950839,0.04891634
1356877162239,-0.94355077,-0.09710732,0.31667364,0.31984332,-0.018612504,0.9472876,-0.086094484,0.99509984,0.04862088
1356877162278,-0.9433525,-0.09694166,0.31731462,0.32042432,-0.017982781,0.9471035,-0.0861076,0.9951277,0.048026443
1356877162318,-0.9429053,-0.09675892,0.3186964,0.32171923,-0.017017066,0.9466822,-0.08617667,0.99516237,0.047174633
1356877162357,-0.94214016,-0.09655468,0.32101244,0.3239262,-0.015761495,0.94595104,-0.086276345,0.99520284,0.046126187
1356877162398,-0.9410091,-0.09630053,0.32438883,0.32718623,-0.014395654,0.94485027,-0.08631977,0.99524826,0.045054674
1356877162437,-0.9395871,-0.0960331,0.3285631,0.3312689,-0.013281703,0.94344294,-0.08623788,0.99528956,0.044292092
1356877162478,-0.9380032,-0.095913246,0.33309257,0.33577406,-0.012847662,0.9418549,-0.0860569,0.9953068,0.04425633
1356877162519,-0.9363838,-0.09613975,0.33755368,0.3403066,-0.013344407,0.9402198,-0.08588801,0.9952784,0.045212567
1356877162558,-0.9347814,-0.09683454,0.34177,0.34468833,-0.014686346,0.93860227,-0.08586976,0.9951921,0.047106326
1356877162598,-0.93315756,-0.09793602,0.34586918,0.34901452,-0.016498208,0.9369721,-0.08605711,0.995056,0.04957652
1356877162638,-0.93142784,-0.09918672,0.35014892,0.353537,-0.018357396,0.9352404,-0.086335614,0.9948995,0.052164793
1356877162679,-0.9294903,-0.10016671,0.35498494,0.35857633,-0.019863486,0.9332891,-0.08643325,0.9947724,0.054380298
1356877162717,-0.92732906,-0.10047555,0.36050707,0.3642125,-0.020721495,0.9310853,-0.08608104,0.99472374,0.055810153
1356877162757,-0.92492443,-0.09980664,0.36681548,0.37049282,-0.020539284,0.92860824,-0.08514714,0.9947949,0.0559749
1356877162797,-0.9222084,-0.097835526,0.3741122,0.3775471,-0.018632472,0.92580295,-0.083605796,0.99502814,0.05412048
1356877162837,-0.9189817,-0.094064474,0.3829158,0.38581297,-0.014107943,0.92246914,-0.08136943,0.9954661,0.049256206
1356877162877,-0.91490483,-0.08775869,0.39401454,0.39605454,-0.006454289,0.9182043,-0.07803731,0.9961208,0.04066235
1356877162918,-0.9095301,-0.07797393,0.40825862,0.40922678,0.003862083,0.91242456,-0.07272206,0.9969479,0.028396368
1356877162957,-0.9024167,-0.064086646,0.4260717,0.42602053,0.015147746,0.90458673,-0.064425975,0.9978294,0.013632596
1356877163002,-0.8932658,-0.04621224,0.44714725,0.44643724,0.025262952,0.8944583,-0.0526312,0.99861217,-0.0019356608
1356877163039,-0.8822425,-0.025966927,0.4700787,0.46924627,0.032431662,0.8824716,-0.038160548,0.9991366,-0.016427755
1356877163078,-0.86993784,-0.0053556114,0.4931324,0.49265593,0.035829008,0.86948633,-0.022325084,0.99934363,-0.028530598
1356877163118,-0.8572968,0.013548255,0.51464415,0.51478,0.035396338,0.8565913,-0.006611198,0.99928147,-0.03731954
1356877163157,-0.84534633,0.029396147,0.5334092,0.5341581,0.031487048,0.84479797,0.008038342,0.9990717,-0.042319596
1356877163198,-0.83495075,0.041372895,0.54876727,0.54992455,0.024706423,0.8348488,0.020982027,0.99883825,-0.043380618
1356877163237,-0.82667977,0.048888326,0.5605447,0.5617779,0.015553713,0.8271419,0.03171906,0.9986831,-0.040322244
1356877163277,-0.820653,0.05160445,0.56909186,0.57001185,0.003887117,0.82162726,0.040187538,0.99865997,-0.032605052
1356877163318,-0.8164457,0.049814165,0.5752695,0.57550734,-0.010868609,0.8177244,0.04698664,0.99869937,-0.019794762
1356877163357,-0.81324804,0.044650167,0.58020175,0.5795045,-0.028559148,0.8144685,0.052936167,0.9985944,-0.0026493669
1356877163397,-0.8102496,0.037588596,0.5848783,0.5832158,-0.046913564,0.8109615,0.057921648,0.9981915,0.01608944
1356877163437,-0.80711985,0.029347062,0.5896578,0.5873165,-0.061828256,0.8069923,0.06014034,0.9976553,0.032666802
1356877163478,-0.80378324,0.019917488,0.5945889,0.5921549,-0.069503546,0.80282116,0.057316214,0.9973829,0.044071496
1356877163518,-0.7998748,0.00963676,0.60008955,0.5981664,-0.06876904,0.79841584,0.04896173,0.9975861,0.049242318
1356877163557,-0.7946278,-5.0124526E-4,0.6070968,0.6059705,-0.06154412,0.7931028,0.03696564,0.9981043,0.049208343
1356877163597,-0.7873292,-0.009745628,0.6164558,0.6160635,-0.05144608,0.78601474,0.02405405,0.9986282,0.04650891
1356877163638,-0.7775446,-0.018191993,0.6285645,0.62870693,-0.042075813,0.77650315,0.012321264,0.99894875,0.044153273
1356877163677,-0.7650167,-0.026504427,0.6434649,0.6440041,-0.03594297,0.7641772,0.0028739572,0.99900234,0.044565856
1356877163718,-0.74972415,-0.035568595,0.6607939,0.6617382,-0.034228265,0.7489532,-0.0040213764,0.99878085,0.049198925
1356877163757,-0.7321829,-0.046507478,0.67951834,0.6810542,-0.0374496,0.7312747,-0.008562058,0.9982157,0.05909413
1356877163797,-0.713631,-0.060690552,0.6978879,0.7004378,-0.046388805,0.71220434,-0.010849863,0.99707806,0.07561445
1356877163837,-0.6967399,-0.08007261,0.71284074,0.71724427,-0.062961996,0.6939715,-0.010686278,0.99479854,0.1012997
1356877163877,-0.6860986,-0.107103944,0.71958137,0.7274662,-0.09034139,0.68017,-0.007840902,0.9901349,0.13989764
1356877163918,-0.6869894,-0.14248514,0.7125613,0.72666353,-0.13147897,0.67429477,-0.0023901463,0.98102564,0.19386333
1356877163957,-0.7017873,-0.18223369,0.68868387,0.71237034,-0.18604201,0.6766956,0.0048074126,0.9654943,0.2603798
1356877164002,-0.72673017,-0.2177371,0.6515012,0.686824,-0.24642414,0.6837747,0.011662513,0.94438636,0.32863092
1356877164039,-0.75434136,-0.24101685,0.6106391,0.6562935,-0.29917866,0.6926551,0.01574859,0.92325675,0.38386053
1356877164077,-0.77898884,-0.249749,0.57515365,0.62682986,-0.33378285,0.70404065,0.016142964,0.9089633,0.41656333
1356877164118,-0.7981943,-0.24538615,0.55015594,0.602229,-0.34681487,0.71905464,0.014356196,0.90526515,0.4246043
1356877164157,-0.81098217,-0.2302023,0.53788006,0.5849256,-0.33950055,0.73661494,0.013040096,0.9120014,0.40998
1356877164198,-0.81764644,-0.20646885,0.53742415,0.5755594,-0.31523395,0.75455874,0.0136214495,0.92628187,0.37658507
1356877164238,-0.8193464,-0.17637244,0.54549444,0.5730803,-0.27823186,0.77082163,0.015822232,0.9441821,0.32904387
1356877164277,-0.81757635,-0.1418595,0.5580722,0.57550263,-0.23348016,0.7837624,0.019114643,0.96195775,0.27252853
1356877164318,-0.81370705,-0.10476695,0.57175577,0.5807977,-0.18639684,0.79242057,0.023553997,0.9768726,0.2125209
1356877164358,-0.8094056,-0.06729972,0.58338094,0.58652496,-0.14199251,0.7973873,0.029171795,0.98757726,0.1544025
1356877164398,-0.80711496,-0.03249055,0.5894996,0.5893458,-0.10381794,0.80118245,0.03516978,0.99406546,0.102941155
1356877164438,-0.8089964,-0.0035383403,0.587803,0.58642304,-0.07360035,0.8066542,0.040408283,0.99728155,0.061617374
1356877164477,-0.81487846,0.0180552,0.5793507,0.57788694,-0.052193582,0.81444615,0.044943362,0.9984738,0.03209752
1356877164518,-0.8223199,0.03342226,0.5680429,0.5667819,-0.04044789,0.82287437,0.05047849,0.9986225,0.014318109
1356877164557,-0.8284718,0.045175046,0.5582058,0.55692554,-0.038359404,0.8296761,0.058893085,0.9982423,0.0066205263
1356877164598,-0.83249503,0.054750875,0.5513206,0.54965293,-0.043255746,0.8342725,0.069524944,0.99756265,0.005916238
1356877164638,-0.8359771,0.06074126,0.5453925,0.5431857,-0.049762666,0.8381367,0.07804963,0.99691236,0.008606613
1356877164677,-0.84095114,0.060512125,0.537717,0.53529143,-0.05231917,0.84304553,0.07914737,0.99679536,0.011606157
1356877164718,-0.848022,0.052956402,0.5273087,0.5252181,-0.04884106,0.8495649,0.07074419,0.9974017,0.013604581
1356877164757,-0.85627365,0.03954804,0.5150062,0.5135674,-0.041314483,0.85705405,0.055172026,0.9983632,0.015065908
1356877164798,-0.864622,0.023003832,0.5018962,0.50108564,-0.033359587,0.8647546,0.036635697,0.9991787,0.01731652
1356877164837,-0.8726481,0.0057772696,0.48831534,0.48799464,-0.027798414,0.87240386,0.018614516,0.99959683,0.021438956
1356877164883,-0.88104963,-0.011698827,0.47287926,0.4730187,-0.026486576,0.8806542,0.0022223294,0.99958074,0.028869689
1356877164928,-0.8909757,-0.02830045,0.45316827,0.45390797,-0.030458152,0.8905279,-0.011399671,0.9991353,0.039983213
1356877165001,-0.9036238,-0.044136494,0.4260469,0.4277535,-0.041534543,0.9029407,-0.022156984,0.99816173,0.056411147
1356877165010,-0.91964763,-0.058898896,0.38830316,0.39158523,-0.061594605,0.91807806,-0.030156389,0.996362,0.07970923
1356877165048,-0.9380699,-0.07288085,0.3386935,0.3446707,-0.09748167,0.9336484,-0.03502871,0.9925652,0.11656451
1356877165088,-0.9581365,-0.08375934,0.2737863,0.2839012,-0.15410721,0.9463885,-0.037076443,0.98449755,0.17143506
1356877165128,-0.97672796,-0.08673765,0.19616082,0.21112768,-0.22770321,0.95056635,-0.037783436,0.96985966,0.24071681
1356877165168,-0.99045837,-0.07803595,0.11358913,0.13212435,-0.3033566,0.94367254,-0.039182372,0.9496763,0.3107726
1356877165226,-0.99775314,-0.058185294,0.0332135,0.052105054,-0.3622743,0.930614,-0.042115647,0.9302536,0.36449206
1356877165249,-0.99867755,-0.031698737,-0.040476386,-0.024736319,-0.39391607,0.9188135,-0.045069527,0.91859967,0.39261103
1356877165288,-0.9943111,-0.002974376,-0.10647319,-0.09657119,-0.39655328,0.9129181,-0.044937655,0.9180069,0.39401007
1356877165325,-0.985937,0.023954764,-0.16539131,-0.16223137,-0.3747477,0.9128226,-0.04011357,0.9268173,0.3733639
1356877165368,-0.9749198,0.04564452,-0.21782528,-0.22039291,-0.3341387,0.9163942,-0.030955493,0.941418,0.33581823
1356877165407,-0.9628394,0.0604707,-0.26321778,-0.26943076,-0.28232694,0.9207055,-0.018637754,0.9574105,0.28812808
1356877165447,-0.95195735,0.06896984,-0.29836273,-0.30621114,-0.22535527,0.92490524,-0.003447041,0.97183233,0.23564792
1356877165487,-0.9444969,0.0735264,-0.32018661,-0.32821447,-0.16914576,0.9293358,0.0141724795,0.98284465,0.1838901
1356877165528,-0.9416536,0.07673806,-0.3277191,-0.3349772,-0.11864984,0.93472594,0.032845214,0.98996645,0.13743258
1356877165579,-0.9433283,0.0809267,-0.3218426,-0.32777798,-0.07554352,0.9417297,0.051897973,0.99385315,0.097788274
1356877165617,-0.94943994,0.084928825,-0.30224288,-0.3066905,-0.045092344,0.9507405,0.067116424,0.99536616,0.0688594
1356877165658,-0.9563425,0.09013607,-0.27800083,-0.28133175,-0.026380002,0.95924795,0.079129174,0.9955801,0.050586462
1356877165697,-0.96330327,0.097517185,-0.2500743,-0.25290585,-0.017644882,0.96733,0.08991876,0.9950774,0.04166013
1356877165756,-0.9696523,0.106833495,-0.21991128,-0.22300354,-0.017767072,0.9746557,0.10021871,0.99411815,0.041052103
1356877165779,-0.9756763,0.11265841,-0.18805277,-0.19155335,-0.021000385,0.98125756,0.10659772,0.9934119,0.042069674
1356877165817,-0.9802742,0.11027831,-0.164016,-0.16773593,-0.025283217,0.9855077,0.10453328,0.99357915,0.04328215
1356877165857,-0.9846822,0.098674685,-0.14375071,-0.14727557,-0.029381394,0.988659,0.09333202,0.9946859,0.043463707
1356877165897,-0.9887647,0.080302306,-0.12607801,-0.12904653,-0.03289646,0.9910927,0.07543951,0.9962275,0.042889714
1356877165937,-0.9921391,0.0590907,-0.11031026,-0.112568915,-0.036355913,0.99297863,0.05466537,0.99759036,0.042721808
1356877166000,-0.99454236,0.03817964,-0.097097516,-0.09863104,-0.04057139,0.99429667,0.03402251,0.99844694,0.044115603
1356877166019,-0.9959112,0.01946497,-0.088216856,-0.08903315,-0.046061993,0.99496305,0.015303481,0.998749,0.047606647
1356877166059,-0.9962781,0.0037385598,-0.0861156,-0.08619203,-0.053628325,0.9948341,-8.989908E-4,0.99855393,0.05375105
1356877166099,-0.995597,-0.008310135,-0.093368426,-0.092631176,-0.06536096,0.9935529,-0.014359202,0.99782705,0.06430334
1356877166137,-0.993594,-0.015254095,-0.111973464,-0.11030044,-0.08467966,0.9902843,-0.024587765,0.9962914,0.0824548
1356877166177,-0.989888,-0.01435589,-0.14112213,-0.13851449,-0.11666429,0.98346484,-0.030582432,0.9930676,0.113496125
1356877166217,-0.98408616,-0.0022399127,-0.17767785,-0.17488636,-0.16477716,0.9707024,-0.03145154,0.98632824,0.16176319
1356877166257,-0.9762614,0.022312619,-0.21544343,-0.21483275,-0.22640347,0.9500465,-0.027579121,0.97377795,0.22582245
1356877166297,-0.9666978,0.055114776,-0.24991539,-0.2550079,-0.28984356,0.9224759,-0.021594316,0.95548576,0.29424584
1356877166338,-0.95546585,0.08790319,-0.28170568,-0.29460502,-0.3394968,0.8932804,-0.017115995,0.9364908,0.35027432
1356877166377,-0.9425549,0.11416927,-0.31393602,-0.33370277,-0.36473715,0.8692579,-0.0152615905,0.92408454,0.38188332
1356877166417,-0.9282689,0.13182998,-0.34776098,-0.37166572,-0.36269104,0.8545875,-0.013469562,0.92253786,0.3856715
1356877166457,-0.9132484,0.14096527,-0.38223836,-0.40731108,-0.33587074,0.84928703,-0.008662701,0.9312999,0.36415017
1356877166497,-0.8983521,0.14181942,-0.41575354,-0.4392764,-0.2898752,0.8502992,7.2300434E-5,0.9464987,0.32270777
1356877166537,-0.8849536,0.13496469,-0.44569218,-0.46551865,-0.23127323,0.8542862,0.012221813,0.9634818,0.26749474
1356877166577,-0.87558913,0.122643694,-0.46722832,-0.48229212,-0.16755432,0.8598371,0.027167499,0.97820455,0.20585877
1356877166617,-0.8736298,0.109122336,-0.4741974,-0.48456007,-0.106155574,0.8682928,0.044411436,0.9883436,0.14561707
1356877166657,-0.88152725,0.09931129,-0.46157035,-0.4679066,-0.053242743,0.88217276,0.063034445,0.99363106,0.09340322
1356877166697,-0.8987262,0.09668565,-0.42771864,-0.43082803,-0.012908399,0.9023418,0.081722364,0.99523133,0.053255975
1356877166737,-0.92141587,0.10209957,-0.37492454,-0.37566575,0.012603164,0.9266695,0.09933777,0.99469435,0.026742637
1356877166777,-0.94427586,0.113722175,-0.308886,-0.30834302,0.022779047,0.95100254,0.1151862,0.9932515,0.013555706
1356877166817,-0.96301943,0.12798722,-0.23709273,-0.23661555,0.019142628,0.9714148,0.12886727,0.9915911,0.011848986
1356877166857,-0.975881,0.14089732,-0.16674556,-0.16766302,0.0054190755,0.9858294,0.13980432,0.99000937,0.018334925
1356877166897,-0.9834899,0.14824186,-0.103788346,-0.106869,-0.012947559,0.99418885,0.1460366,0.9888664,0.028576255
1356877166937,-0.9878825,0.14613873,-0.052265715,-0.057269737,-0.030243754,0.99790055,0.1442512,0.98880166,0.03824663
1356877167001,-0.990959,0.13354157,-0.012910966,-0.018766161,-0.042680085,0.99891245,0.13284531,0.9901236,0.0448004
1356877167019,-0.99337286,0.113734886,0.016580697,0.010985956,-0.049642682,0.99870664,0.11441089,0.9922702,0.048064172
1356877167059,-0.9950557,0.0916006,0.03838584,0.033648085,-0.052717626,0.9980424,0.0934449,0.99439937,0.04937488
1356877167098,-0.9961103,0.07054101,0.05280337,0.049041197,-0.054041386,0.99733365,0.0732065,0.9960439,0.050371766
1356877167137,-0.9969172,0.052278742,0.05850585,0.05560126,-0.055386543,0.99691564,0.055357937,0.9970954,0.052309096
1356877167177,-0.99788594,0.036890354,0.05350354,0.051296007,-0.058392465,0.9969749,0.039902966,0.9976118,0.056376755
1356877167217,-0.9990931,0.02466228,0.034712493,0.033032347,-0.065544665,0.9973028,0.026870975,0.9975449,0.06467044
1356877167257,-0.9998641,0.016481474,-3.7382077E-4,-0.0017110431,-0.08119571,0.9966967,0.016396679,0.9965619,0.08121288
1356877167297,-0.9984963,0.015007302,-0.052726187,-0.054070793,-0.11110169,0.99233705,0.009034336,0.9936958,0.11174601
1356877167337,-0.9924988,0.024590641,-0.11975534,-0.12214936,-0.15894294,0.9797023,0.0050572343,0.98698145,0.1607545
1356877167377,-0.97958505,0.04842283,-0.19511114,-0.20100403,-0.22027564,0.954503,0.0032415092,0.974235,0.22551191
1356877167417,-0.95836264,0.0845189,-0.27275896,-0.28555202,-0.28045213,0.9164096,9.5809996E-4,0.9561397,0.29290944
1356877167459,-0.9279725,0.12617049,-0.35063946,-0.37263414,-0.32249123,0.8701398,-0.003292188,0.938126,0.34627843
1356877167497,-0.8874206,0.16743304,-0.4294773,-0.46090722,-0.33646488,0.8211917,-0.007009417,0.9266917,0.37575704
1356877167537,-0.8381221,0.20138296,-0.50694793,-0.5454408,-0.3209014,0.77428454,-0.0067525506,0.92545515,0.37879705
1356877167577,-0.7792228,0.22445232,-0.5851778,-0.6267462,-0.28061122,0.7269433,-0.0010433197,0.93320876,0.35933328
1356877167617,-0.7105316,0.2331681,-0.66391075,-0.70360947,-0.22354245,0.67450905,0.00886178,0.94639397,0.32289326
1356877167657,-0.63396853,0.22569197,-0.73969394,-0.7730763,-0.15909016,0.6140386,0.020905554,0.96112096,0.27533525
1356877167697,-0.55620265,0.20321321,-0.8058181,-0.83035636,-0.0963819,0.54883397,0.03386399,0.9743792,0.22234738
1356877167737,-0.48951483,0.17085236,-0.8550935,-0.8707151,-0.042659044,0.48993418,0.047228992,0.98437274,0.1696459
1356877167777,-0.44884002,0.13659331,-0.883111,-0.8915614,-0.0015366673,0.45289725,0.060505718,0.99062604,0.122471035
1356877167817,-0.44655955,0.10854316,-0.8881458,-0.89176035,0.027137697,0.4516935,0.07313049,0.99372125,0.08467585
1356877167857,-0.48815513,0.09268731,-0.8678212,-0.8685713,0.045672536,0.4934551,0.08537266,0.9946472,0.058210254
1356877167897,-0.5698151,0.092012316,-0.81660557,-0.81582606,0.05599296,0.5755803,0.09868464,0.9941824,0.04316038
1356877167937,-0.6748572,0.105501354,-0.73036784,-0.7290563,0.05786246,0.6820035,0.11421317,0.9927343,0.037867546
1356877168006,-0.7767521,0.12641807,-0.6169883,-0.6162112,0.0499022,0.78599846,0.1301535,0.9907211,0.039138556
1356877168019,-0.8534005,0.14315587,-0.50121254,-0.5018727,0.034115314,0.8642684,0.14082412,0.989112,0.04273194
1356877168059,-0.900591,0.14596131,-0.40942764,-0.41155526,0.016719282,0.9112314,0.13984984,0.989149,0.045013964
1356877168098,-0.92723596,0.13265894,-0.35019267,-0.3529812,0.0026586652,0.9356266,0.12505028,0.9911581,0.044360936
1356877168137,-0.9424524,0.10910539,-0.31603745,-0.31869632,-0.0073958635,0.94782805,0.101075776,0.9940027,0.04174167
1356877168177,-0.9505229,0.081326306,-0.29982015,-0.30196473,-0.015203774,0.95319784,0.07296165,0.99657154,0.039009273
1356877168217,-0.9534936,0.055047892,-0.29634386,-0.29791287,-0.022712708,0.9543228,0.045802698,0.99822533,0.038055897
1356877168257,-0.95173603,0.033537105,-0.30507958,-0.3061006,-0.031248868,0.9514861,0.022376671,0.9989488,0.04000652
1356877168297,-0.9444389,0.01838243,-0.32817268,-0.32866812,-0.042083085,0.94350743,0.0035334378,0.998945,0.04578662
1356877168337,-0.929832,0.011152938,-0.36781532,-0.36782545,-0.05754018,0.9281129,-0.010812968,0.99828094,0.05760503
1356877168377,-0.9058854,0.015311733,-0.42324585,-0.4230283,-0.080985546,0.9024901,-0.020458117,0.9965976,0.07984096
1356877168417,-0.87251997,0.036386564,-0.48722175,-0.48796058,-0.11504036,0.8652516,-0.02456662,0.9926942,0.11813015
1356877168457,-0.8332932,0.07803844,-0.54729563,-0.5523549,-0.15862012,0.81837875,-0.022947133,0.98425084,0.175282
1356877168497,-0.7925686,0.13586983,-0.59445304,-0.6095276,-0.20472229,0.7658753,-0.017638445,0.9693442,0.24507278
1356877168537,-0.74996203,0.1973108,-0.631368,-0.66136897,-0.24122703,0.7102117,-0.012170553,0.95019895,0.3114063
1356877168577,-0.7013551,0.25019222,-0.66746145,-0.7127639,-0.25703198,0.65261173,-0.008280575,0.9334551,0.35859877
1356877168637,-0.6425265,0.2881556,-0.7100183,-0.76625097,-0.24691308,0.593206,-0.0043771565,0.9252028,0.3794477
1356877168658,-0.5707683,0.3088851,-0.760798,-0.82110834,-0.21229148,0.52982396,0.0021437705,0.9271043,0.3747974
1356877168698,-0.48393196,0.3112809,-0.81787175,-0.8750232,-0.15928787,0.4571235,0.012016833,0.9368733,0.3494624
1356877168736,-0.38279295,0.29500228,-0.8754673,-0.92351645,-0.097344875,0.3710003,0.024223626,0.9505248,0.30970252
1356877168778,-0.2739358,0.26151568,-0.9255099,-0.9610012,-0.036515117,0.27412274,0.03789231,0.9645083,0.26131973
1356877168817,-0.17585981,0.21586281,-0.9604565,-0.9830249,0.013328433,0.1829876,0.052301645,0.9763328,0.2098546
1356877168857,-0.11904061,0.16661867,-0.97880924,-0.9906925,0.04561019,0.12824982,0.0660125,0.984966,0.1596384
1356877168897,-0.1745466,0.12615547,-0.9765339,-0.98164654,0.055094004,0.18257788,0.07683435,0.99047947,0.1142236
1356877168937,-0.51281506,0.1088683,-0.8515682,-0.854377,0.03236872,0.51864463,0.084028125,0.993529,0.07641542
1356877169000,-0.9628926,0.09941545,-0.2509073,-0.2543884,-0.023833275,0.96680844,0.09013577,0.9947605,0.048238933
1356877169019,-0.97412574,0.090896845,0.20692237,0.20303738,-0.050189853,0.97788393,0.09927197,0.9945948,0.0304358
1356877169057,-0.9249891,0.09698926,0.36740732,0.36284548,-0.061737716,0.92980194,0.11286372,0.99336874,0.02191466
1356877169097,-0.9007201,0.10705362,0.42100233,0.41539532,-0.07126373,0.9068453,0.12708324,0.99169606,0.019719064
1356877169137,-0.89704937,0.11372273,0.42704743,0.42073995,-0.075867,0.9040033,0.13520454,0.9906116,0.020208716
1356877169178,-0.9071662,0.11286938,0.40535194,0.39934802,-0.07253158,0.9139258,0.13255502,0.990959,0.020723999
1356877169217,-0.9248707,0.10367322,0.36587703,0.3610525,-0.06268191,0.9304365,0.119395226,0.9926343,0.020541191
1356877169257,-0.9451538,0.08816502,0.31450173,0.31106144,-0.050726414,0.94903505,0.09962523,0.99481344,0.020519435
1356877169297,-0.96484464,0.06958229,0.25344288,0.25108233,-0.040944934,0.9670994,0.077670194,0.9967357,0.022034585
1356877169337,-0.98204315,0.050969966,0.18164079,0.17995828,-0.03589523,0.9830191,0.056624487,0.99805486,0.026078224
1356877169377,-0.99480844,0.034664113,0.09567955,0.094402894,-0.03676653,0.9948549,0.038003568,0.99872255,0.03330326
1356877169417,-0.99970454,0.022610657,-0.008911375,-0.00991929,-0.0448637,0.99894387,0.02218698,0.99873716,0.04507476
1356877169457,-0.99074644,0.017888896,-0.13454263,-0.13541025,-0.06262845,0.9888083,0.009262502,0.99787664,0.064471126
1356877169497,-0.96103454,0.026554614,-0.27514982,-0.27642816,-0.09296113,0.95652795,-1.7802417E-4,0.99531555,0.09667939
1356877169537,-0.90832734,0.05665876,-0.41440457,-0.41822773,-0.13532597,0.89820504,-0.0051885247,0.98917973,0.14661664
1356877169577,-0.8385349,0.11119555,-0.5333807,-0.5448143,-0.18201828,0.8185638,-0.0060643554,0.9769877,0.21320957
1356877169617,-0.75894076,0.18150388,-0.6253522,-0.6511379,-0.21941096,0.72655237,-0.005337,0.95860064,0.28470385
1356877169657,-0.67159945,0.25100458,-0.69710183,-0.7408916,-0.23491073,0.6292032,-0.005823821,0.93904936,0.343733
1356877169697,-0.5762912,0.30526525,-0.75809073,-0.8172111,-0.22362107,0.5311869,-0.0073721707,0.9256385,0.37833712
1356877169737,-0.4740759,0.3365703,-0.813617,-0.880456,-0.1885904,0.43500692,-0.0070299804,0.9225802,0.38574147
1356877169777,-0.36791003,0.34232014,-0.86455715,-0.92985827,-0.13785648,0.3411147,-0.0024143755,0.92941517,0.36902794
1356877169817,-0.26299983,0.3237869,-0.9088416,-0.9647736,-0.08185953,0.25002182,0.0065564215,0.94258213,0.33391014
1356877169857,-0.16670144,0.2855354,-0.9437585,-0.9858261,-0.029913127,0.16508183,0.018905908,0.9579011,0.2864749
1356877169897,-0.08757532,0.2351191,-0.96801317,-0.99558914,0.012175441,0.09302735,0.033658475,0.97189033,0.23301575
1356877169937,-0.033172548,0.18118486,-0.98288953,-0.99820983,0.042962432,0.041609257,0.049766332,0.9825102,0.17943531
1356877170002,-0.009220123,0.1313976,-0.9912869,-0.9977906,0.06401813,0.017766386,0.065794826,0.98926055,0.130517
1356877170019,-0.021972597,0.09243345,-0.9954764,-0.99654746,0.07771617,0.029212415,0.08006483,0.9926813,0.090406656
1356877170059,-0.07379359,0.06823948,-0.9949361,-0.9929514,0.08775604,0.079665214,0.092748016,0.99380195,0.061282575
1356877170099,-0.17028958,0.061126173,-0.98349637,-0.9797308,0.09634966,0.1756258,0.10549492,0.9934689,0.0434798
1356877170139,-0.3093245,0.071246326,-0.9482839,-0.94341487,0.10234815,0.31542572,0.119528025,0.99219394,0.03555602
1356877170178,-0.47696298,0.09415966,-0.8738651,-0.86887705,0.09938371,0.4849491,0.13251063,0.99058414,0.034410775
1356877170217,-0.6400772,0.1173338,-0.75929844,-0.75570416,0.08214486,0.64974105,0.13860908,0.98968935,0.036090553
1356877170257,-0.7661454,0.12673861,-0.6300464,-0.62880814,0.054667473,0.77563643,0.13274609,0.99042857,0.0378111
1356877170297,-0.85010016,0.118465915,-0.51312315,-0.5139187,0.026091695,0.85744196,0.11496584,0.99261516,0.038701415
1356877170337,-0.9027056,0.0981839,-0.41890618,-0.42076477,0.0019495487,0.9071676,0.08988592,0.99516636,0.03955251
1356877170377,-0.93525285,0.0736129,-0.3462417,-0.3483272,-0.017272174,0.9372139,0.06301068,0.9971373,0.041795254
1356877170417,-0.95507205,0.050139226,-0.29210186,-0.29390654,-0.03332019,0.95525324,0.038162753,0.99818635,0.046559453
1356877170457,-0.9665085,0.030487962,-0.25481695,-0.2560619,-0.048282206,0.9654538,0.017131582,0.9983683,0.05447203
1356877170497,-0.97210556,0.015884437,-0.23400563,-0.23454398,-0.06460291,0.9699566,2.8977543E-4,0.9977847,0.066526294
1356877170537,-0.9732557,0.0073868334,-0.22960612,-0.22938165,-0.08586627,0.9695418,-0.012553573,0.99627936,0.08526409
1356877170578,-0.97071254,0.007047765,-0.24014068,-0.23929891,-0.11694348,0.96387774,-0.021289706,0.9931136,0.11520505
1356877170617,-0.96508324,0.017770745,-0.2613401,-0.26070485,-0.1620782,0.9517162,-0.025444813,0.9866179,0.16105181
1356877170657,-0.9572279,0.04082723,-0.28644028,-0.28823125,-0.22095788,0.9317191,-0.025251716,0.9744285,0.22327465
1356877170697,-0.947573,0.072774366,-0.31114155,-0.3187288,-0.28455645,0.9041236,-0.022740334,0.955893,0.29283345
1356877170737,-0.93545926,0.10660358,-0.33697408,-0.3528211,-0.33780676,0.8725845,-0.020811513,0.9351589,0.35361654
1356877170777,-0.9198276,0.13660476,-0.367772,-0.3917952,-0.36844486,0.84305686,-0.020338148,0.91955835,0.3924269
1356877170817,-0.90062135,0.16041456,-0.4039164,-0.4342028,-0.37207758,0.8203818,-0.01868704,0.91423494,0.4047534
1356877170857,-0.8789932,0.17717981,-0.4426942,-0.47667342,-0.3506055,0.8061378,-0.012379661,0.91961026,0.39263684
1356877170897,-0.85634166,0.18603657,-0.48173583,-0.5164095,-0.3092692,0.79854476,-4.274696E-4,0.93260014,0.36091107
1356877170937,-0.8343357,0.18610705,-0.51889133,-0.55103666,-0.25496453,0.79457647,0.0155774355,0.94887155,0.31527776
1356877171000,-0.8165689,0.17724943,-0.5493612,-0.5762743,-0.19506037,0.7936368,0.03351304,0.9646419,0.2614246
1356877171019,-0.81078494,0.16110608,-0.5627367,-0.58305264,-0.13729674,0.80074924,0.051743627,0.9773405,0.20525151
1356877171059,-0.82732743,0.14185356,-0.5435135,-0.55743617,-0.08806592,0.8255357,0.06924017,0.98596245,0.15193367
1356877171097,-0.8727322,0.12560996,-0.47176313,-0.48068628,-0.05221665,0.8753365,0.08531709,0.99070454,0.10595018
1356877171137,-0.93501014,0.11820093,-0.33434176,-0.3401765,-0.032618463,0.93979573,0.10017898,0.9924538,0.07070792
1356877171177,-0.98140186,0.121172085,-0.14888766,-0.1535164,-0.02975297,0.987698,0.11525157,0.9921854,0.047801554
1356877171217,-0.9909446,0.13016073,0.032966908,0.027940944,-0.040253103,0.9987987,0.1313314,0.99067545,0.036251843
1356877171257,-0.9760907,0.13817437,0.16779424,0.16139404,-0.05637002,0.9852789,0.14559884,0.9888025,0.0327217
1356877171297,-0.9589421,0.13938764,0.24698403,0.23939338,-0.06908876,0.96846145,0.15205538,0.98782486,0.032883644
1356877171337,-0.9499765,0.1310902,0.28347868,0.2758949,-0.07317066,0.9583987,0.14637898,0.98866653,0.033343256
1356877171377,-0.9487961,0.11419142,0.29452723,0.28815112,-0.06919092,0.955082,0.12944075,0.99104637,0.032743692
1356877171417,-0.9514809,0.09209642,0.29360256,0.28889722,-0.0611279,0.9554067,0.10593685,0.9938721,0.031555593
1356877171457,-0.9551561,0.06853071,0.2880633,0.28485078,-0.05297494,0.95710695,0.08085136,0.99624157,0.031078339
1356877171497,-0.95872283,0.04617858,0.2805674,0.2784523,-0.04731965,0.9592837,0.05757471,0.9978118,0.032507896
1356877171537,-0.96232027,0.026298486,0.27064407,0.26930034,-0.04561889,0.9619752,0.03764496,0.99861276,0.03681773
1356877171577,-0.9667154,0.00892514,0.25569868,0.25496534,-0.04963565,0.9656755,0.021310553,0.99872756,0.04570788
1356877171617,-0.9728185,-0.0063398853,0.23148213,0.23141581,-0.06296229,0.97081536,0.008419782,0.9979958,0.062718034
1356877171657,-0.98093206,-0.018936537,0.1934267,0.19434974,-0.09141946,0.97666305,-8.1165135E-4,0.99563247,0.09335655
1356877171697,-0.9898544,-0.026129179,0.13966267,0.14195752,-0.14009619,0.97990876,-0.00603801,0.9897931,0.142384
1356877171737,-0.9969807,-0.0241237,0.07380663,0.077205606,-0.20653266,0.97538894,-0.008286506,0.9781423,0.20777154
1356877171777,-0.99993163,-0.011338922,0.0028351413,0.0058608605,-0.27656543,0.96097714,-0.010112343,0.96092814,0.27661306
1356877171817,-0.997726,0.010064969,-0.066643976,-0.0662065,-0.33158863,0.9410981,-0.012626262,0.94337034,0.33150107
1356877171857,-0.9910623,0.0356142,-0.12855855,-0.13273028,-0.3597327,0.9235666,-0.013354618,0.93237555,0.3612445
1356877171897,-0.98215926,0.05999305,-0.17822483,-0.18782997,-0.35892344,0.91427237,-0.009119086,0.93143696,0.3637885
1356877171937,-0.97355086,0.07883775,-0.21443754,-0.22846988,-0.33346272,0.91466075,6.0287863E-4,0.9394612,0.34265488
1356877172007,-0.9674858,0.089476906,-0.23656929,-0.2525435,-0.29038578,0.92298305,0.01388932,0.95271707,0.303541
1356877172042,-0.9665778,0.09126626,-0.23957834,-0.25475854,-0.23720402,0.9374606,0.028729565,0.96716326,0.252527
1356877172058,-0.9729369,0.0865544,-0.2142474,-0.2269355,-0.18329704,0.95650536,0.04351881,0.97923976,0.1979788
1356877172098,-0.9834879,0.08131977,-0.16167429,-0.1715006,-0.13354725,0.9760905,0.057784308,0.9877004,0.14528847
1356877172135,-0.9925518,0.080236055,-0.09166807,-0.0989824,-0.092505455,0.9907801,0.07101649,0.9924742,0.09975839
1356877172178,-0.99616116,0.085063495,-0.020665906,-0.026073689,-0.06296158,0.99767524,0.08356459,0.9943842,0.06493789
1356877172217,-0.99457407,0.09475375,0.042943537,0.03865526,-0.04663837,0.9981636,0.09658256,0.99440765,0.042722583
1356877172257,-0.98944855,0.107866555,0.09672898,0.09252328,-0.04334742,0.99476653,0.11149499,0.9932199,0.03290981
1356877172297,-0.9826583,0.12180129,0.13981144,0.13462505,-0.049858272,0.98964155,0.12751035,0.99130154,0.032595992
1356877172337,-0.97661304,0.13219589,0.16956198,0.16284692,-0.06013161,0.98481727,0.14038482,0.989398,0.03719753
1356877172377,-0.97354555,0.13456897,0.18466252,0.17684416,-0.068008184,0.98188645,0.14469,0.98856765,0.042411327
1356877172417,-0.9740015,0.12755862,0.18721597,0.1793895,-0.07040715,0.9812555,0.13834895,0.9893289,0.045693994
1356877172457,-0.97683877,0.11369707,0.18127052,0.17437579,-0.067990124,0.9823291,0.124012545,0.9911863,0.046589375
1356877172497,-0.9807108,0.096915126,0.1697457,0.16413051,-0.063293576,0.9844059,0.10614763,0.993278,0.046166003
1356877172537,-0.98492885,0.08019332,0.15324534,0.14879352,-0.058854997,0.98711526,0.08817932,0.9950403,0.046035826
1356877172577,-0.98932064,0.06488427,0.13051687,0.12695915,-0.056240916,0.9903122,0.07159607,0.99630666,0.04740262
1356877172617,-0.99375856,0.051181395,0.09911776,0.09620614,-0.056526363,0.9937551,0.056464545,0.99708843,0.051249683
1356877172657,-0.99767274,0.0388747,0.05601827,0.05354628,-0.061954856,0.9966416,0.042214744,0.99732167,0.05972904
1356877172697,-0.99959064,0.02857532,-0.0014396496,-0.003639971,-0.07709885,0.99701685,0.028379077,0.9966139,0.077171326
1356877172737,-0.9970568,0.023224024,-0.073065296,-0.07515793,-0.10790038,0.99131674,0.015138593,0.99389046,0.10932821
1356877172777,-0.9877452,0.028646633,-0.15342417,-0.15602788,-0.15692228,0.9752081,0.0038607717,0.98719543,0.15946877
1356877172817,-0.9712465,0.049454503,-0.23288307,-0.23804653,-0.21716523,0.9466642,-0.003757283,0.9748813,0.22269344
1356877172857,-0.9489234,0.08323223,-0.3043304,-0.3154207,-0.27280813,0.9088925,-0.0073746294,0.9584614,0.28512704
1356877172897,-0.922383,0.12143782,-0.36669105,-0.3861988,-0.30895257,0.86913675,-0.007744089,0.9432927,0.3318718
1356877172937,-0.8934582,0.15577985,-0.42126584,-0.44912446,-0.319089,0.8345474,-0.004415661,0.9348341,0.35505736
1356877173002,-0.8645807,0.1811577,-0.46870247,-0.502478,-0.30426896,0.8092813,0.0039958954,0.9352017,0.3540929
1356877173019,-0.8384697,0.19504093,-0.5088495,-0.5446811,-0.27070397,0.7937519,0.017066553,0.94269747,0.33321202
1356877173059,-0.8178364,0.19675384,-0.54076946,-0.57452744,-0.2259655,0.78667516,0.032586128,0.95405847,0.29784334
1356877173097,-0.805309,0.18777035,-0.5623343,-0.59089965,-0.1772362,0.7870356,0.04811597,0.96608996,0.25368327
1356877173137,-0.8029322,0.17153604,-0.5708547,-0.59283155,-0.13011241,0.79474616,0.06205231,0.9765481,0.20616347
1356877173177,-0.81129915,0.15238924,-0.56442124,-0.57997787,-0.08822155,0.8098411,0.073617,0.9843752,0.1599564
1356877173217,-0.8292458,0.13467257,-0.5424156,-0.55271405,-0.05379927,0.8316326,0.08281654,0.98942864,0.11904824
1356877173257,-0.85416454,0.12270251,-0.50531864,-0.5119568,-0.0281502,0.8585498,0.091121376,0.99204415,0.08686334
1356877173297,-0.88245237,0.120268926,-0.45476708,-0.45930886,-0.011587679,0.88820106,0.10155329,0.9926737,0.065466225
1356877173337,-0.90989906,0.1280677,-0.3945659,-0.39827344,-0.0036648512,0.9172594,0.11602524,0.99175864,0.05434066
1356877173377,-0.9328779,0.14101835,-0.33144027,-0.33523136,-0.003333807,0.9421299,0.13175265,0.9900014,0.050383806
1356877173418,-0.95028526,0.15009281,-0.27281886,-0.277143,-0.008277893,0.9607931,0.14194977,0.98863727,0.04946345
1356877173457,-0.96335053,0.14883424,-0.22316836,-0.2278784,-0.01516068,0.97357154,0.14151742,0.9887459,0.04852116
1356877173497,-0.97348624,0.13732703,-0.18293665,-0.18754552,-0.02129668,0.982025,0.13096263,0.99029684,0.046487093
1356877173537,-0.98122364,0.11973293,-0.15120868,-0.15531082,-0.025650144,0.9875325,0.11436166,0.9924747,0.043764412
1356877173577,-0.98671514,0.10042669,-0.12770237,-0.13115603,-0.028547108,0.9909507,0.09587237,0.99453485,0.04133928
1356877173617,-0.99017066,0.08198247,-0.11331866,-0.1161642,-0.03079927,0.9927525,0.07789817,0.9961578,0.04001993
1356877173657,-0.99181426,0.06535927,-0.10969397,-0.112044565,-0.033444345,0.9931403,0.061242275,0.9973013,0.040493667
1356877173697,-0.99161524,0.050710347,-0.11886093,-0.12088172,-0.038831174,0.99190724,0.045684453,0.9979583,0.044635415
1356877173737,-0.9890089,0.038486384,-0.14275898,-0.14464915,-0.051858306,0.98812306,0.030626047,0.9979125,0.05685532
1356877173777,-0.98281056,0.030791193,-0.18203124,-0.18394797,-0.07945204,0.97971964,0.015703999,0.99636304,0.08375019
1356877173817,-0.97161674,0.032020673,-0.2343834,-0.23655717,-0.12620687,0.96338594,0.0012674704,0.991487,0.13019943
1356877173857,-0.954909,0.046655416,-0.29320973,-0.29668027,-0.18779945,0.93632907,-0.011379823,0.9810987,0.19317323
1356877173897,-0.9335268,0.07445142,-0.3506918,-0.3579323,-0.24895215,0.89994854,-0.02030304,0.96565,0.25905198
1356877173937,-0.90906507,0.10920943,-0.4020872,-0.4159814,-0.2927158,0.8609745,-0.023670718,0.9499425,0.31152672
1356877174003,-0.88340354,0.14341871,-0.4461269,-0.46819478,-0.31033504,0.82733655,-0.019793272,0.9397464,0.34129894
1356877174019,-0.8584246,0.1716244,-0.4833759,-0.51287353,-0.30232507,0.8034677,-0.008241981,0.93762714,0.3475449
1356877174059,-0.83584994,0.19047591,-0.51485336,-0.5488775,-0.27390373,0.7897533,0.009408772,0.9427066,0.3334903
1356877174097,-0.8172612,0.19871765,-0.54092073,-0.5755187,-0.23362738,0.7837068,0.02936247,0.9518032,0.3053004
1356877174137,-0.8039108,0.19664758,-0.56129956,-0.59274817,-0.18754429,0.7832476,0.04875523,0.9623705,0.26733136
1356877174177,-0.7972466,0.18579575,-0.57434994,-0.60012424,-0.14120674,0.7873447,0.06518322,0.9723891,0.2240771
1356877174217,-0.79803145,0.16858418,-0.5785544,-0.5976794,-0.09878862,0.7956256,0.076975346,0.9807243,0.17959571
1356877174257,-0.8066781,0.1485502,-0.57201695,-0.585007,-0.06332278,0.80855244,0.08388893,0.9868755,0.13798398
1356877174298,-0.8234548,0.1308603,-0.5520848,-0.5604868,-0.036378622,0.8273639,0.088185,0.9907331,0.103301704
1356877174337,-0.8481359,0.12134667,-0.51569414,-0.52133703,-0.018093348,0.853159,0.09419735,0.9924453,0.078608215
1356877174377,-0.8765451,0.12286237,-0.46537468,-0.46972868,-0.0074489117,0.8827794,0.10499385,0.9923958,0.06424129
1356877174423,-0.903901,0.13222872,-0.4067908,-0.41091853,-0.0043414235,0.91166174,0.11878182,0.99120975,0.058259428
1356877174457,-0.9263165,0.13804558,-0.35054415,-0.35473588,-0.0062143207,0.93494594,0.12688677,0.9904064,0.054726064
1356877174497,-0.9407749,0.13321003,-0.31176534,-0.31579307,-0.009713769,0.9487784,0.12335839,0.9910402,0.051205277
1356877174537,-0.95038635,0.11811246,-0.2877763,-0.29128677,-0.013243556,0.95654416,0.10916857,0.99291193,0.04699117
1356877174577,-0.95610213,0.09734912,-0.276391,-0.279212,-0.0163849,0.9600897,0.08893526,0.9951154,0.04284662
1356877174617,-0.95802206,0.07564891,-0.27653387,-0.27870643,-0.019641697,0.96017545,0.06720463,0.99694103,0.03990102
1356877174657,-0.955659,0.05597478,-0.2891069,-0.29075035,-0.02368474,0.95650584,0.046692804,0.99815124,0.038909137
1356877174697,-0.9478509,0.039635792,-0.31624022,-0.31745535,-0.029300332,0.9478205,0.028301686,0.9987846,0.040354908
1356877174737,-0.93257594,0.027519256,-0.35992348,-0.3607792,-0.038306177,0.9318643,0.011856914,0.9988871,0.045651734
1356877174777,-0.90723,0.022038996,-0.42005697,-0.42062494,-0.05434543,0.9056054,-0.0028695464,0.9982789,0.05857402
1356877174817,-0.87027705,0.028683513,-0.4917266,-0.49232116,-0.081899405,0.866552,-0.015416354,0.99622774,0.08539665
1356877174857,-0.8236306,0.054568112,-0.56449544,-0.5665939,-0.122312844,0.8148687,-0.024579167,0.9909904,0.1316585
1356877174897,-0.772783,0.1025286,-0.6263341,-0.6340052,-0.16987973,0.7544391,-0.029049903,0.9801167,0.19628382
1356877174937,-0.7219187,0.16531587,-0.67194045,-0.69138813,-0.21240097,0.6905564,-0.028560907,0.96309733,0.26763374
1356877175002,-0.67107445,0.22857305,-0.7052753,-0.7410064,-0.23738152,0.62813973,-0.023843557,0.9441421,0.3286749
1356877175019,-0.6186332,0.27992165,-0.7341233,-0.7855414,-0.23791951,0.5712435,-0.014758766,0.93007433,0.36707485
1356877175059,-0.56408125,0.31301412,-0.76409066,-0.82571924,-0.21397084,0.5219235,-1.2367964E-4,0.92533165,0.37915874
1356877175097,-0.5078342,0.3256869,-0.7975164,-0.8612362,-0.17109513,0.47853783,0.019402385,0.929868,0.36738133
1356877175143,-0.44871974,0.31499296,-0.8363193,-0.89268523,-0.11400956,0.4360216,0.041995317,0.9422214,0.33234793
1356877175179,-0.3990429,0.2900293,-0.8698549,-0.91487885,-0.062484384,0.3988638,0.06132981,0.9549757,0.29027563
1356877175218,-0.3550278,0.25176695,-0.90031594,-0.93175113,-0.016872525,0.3627055,0.076126695,0.9676409,0.24057424
1356877175257,-0.32749647,0.20708868,-0.9218787,-0.9409648,0.016932487,0.33808047,0.08562231,0.9781756,0.18931788
1356877175297,-0.319866,0.16302887,-0.9333314,-0.9431577,0.039012194,0.330048,0.09021869,0.98584974,0.14128321
1356877175337,-0.33534253,0.12629646,-0.9335923,-0.9375581,0.052411735,0.3438573,0.092359185,0.990607,0.10083431
1356877175377,-0.37395722,0.10185391,-0.9218361,-0.9224393,0.06229216,0.3810846,0.09623808,0.9928472,0.0706594
1356877175437,-0.43172973,0.09149626,-0.89735043,-0.8959042,0.07199478,0.4383747,0.104714155,0.9931994,0.05088967
1356877175458,-0.5005317,0.09262383,-0.8607491,-0.85791904,0.08008987,0.5075043,0.11594427,0.992475,0.0393762
1356877175498,-0.569316,0.09821251,-0.81623125,-0.8127214,0.08245283,0.5767889,0.123948455,0.9917438,0.032877743
1356877175535,-0.6287403,0.100165844,-0.7711371,-0.7678192,0.07694274,0.6360294,0.12304187,0.9919912,0.028532207
1356877175576,-0.67452693,0.094115525,-0.7322266,-0.72978926,0.06472808,0.68060124,0.11145082,0.99345493,0.02502364
1356877175616,-0.70720017,0.08113444,-0.7023426,-0.7010352,0.048440576,0.71147954,0.09174737,0.99552536,0.022620916
1356877175657,-0.72853684,0.06514901,-0.6819017,-0.68159074,0.030348778,0.73110414,0.06832561,0.997414,0.02229464
1356877175697,-0.7397001,0.049983323,-0.6710777,-0.6714246,0.011993587,0.74097574,0.045085043,0.99867797,0.024688423
1356877175737,-0.74079627,0.038102895,-0.6706481,-0.6712924,-0.005976379,0.7411685,0.024232566,0.9992559,0.030005574
1356877175777,-0.7311856,0.031435788,-0.68145394,-0.6821461,-0.02393514,0.7308241,0.0066633224,0.9992192,0.03894484
1356877175819,-0.7105365,0.03303787,-0.7028844,-0.70362365,-0.043570936,0.7092358,-0.0071936846,0.9985039,0.05420488
1356877175857,-0.6802263,0.048228532,-0.73141384,-0.7328161,-0.06722778,0.6770975,-0.01651588,0.99657136,0.08107275
1356877175897,-0.6441364,0.08299199,-0.76039493,-0.76463914,-0.09634286,0.63721657,-0.020374805,0.9918822,0.12551695
1356877175937,-0.6062067,0.13818097,-0.78321093,-0.7950689,-0.12939459,0.5925558,-0.0194633,0.98191804,0.18830323
