1356877210074,0.43526134,-0.015084475,-0.9001777,-0.90029514,-0.0028090775,-0.435271,0.0040371716,0.9998822,-0.014803171
1356877210096,0.21260908,-0.015336275,-0.9770169,-0.977129,7.9885125E-4,-0.21264598,0.0040417016,0.999882,-0.014815688
1356877210135,0.2127845,-0.015445918,-0.97697705,-0.9770906,8.111298E-4,-0.21282205,0.00407964,0.9998803,-0.01491943
1356877210176,0.21368685,-0.015847802,-0.9767736,-0.9768931,8.5291266E-4,-0.21372682,0.0042202175,0.99987406,-0.01529938
1356877210218,0.21647123,-0.016772807,-0.9761449,-0.9762783,9.559095E-4,-0.21651721,0.0045646727,0.99985886,-0.016167939
1356877210258,0.22250181,-0.018162847,-0.9747631,-0.9749186,0.0011528134,-0.22255886,0.005166054,0.9998344,-0.01745078
1356877210299,0.2323451,-0.019762158,-0.9724327,-0.9726146,0.0015048385,-0.2324192,0.0060564876,0.9998036,-0.018871367
1356877210337,0.24607831,-0.021287322,-0.9690162,-0.96922314,0.0020335913,-0.24617562,0.0072110295,0.99977136,-0.020131767
1356877210377,0.26284304,-0.022631437,-0.96457314,-0.9648007,0.0026865304,-0.2629681,0.008542687,0.99974024,-0.021128654
1356877210418,0.28104514,-0.023784727,-0.95939976,-0.95964324,0.0033699274,-0.28120002,0.009921372,0.9997114,-0.021877706
1356877210459,0.29897943,-0.024589777,-0.95394266,-0.95419437,0.003980845,-0.29916087,0.011153787,0.9996897,-0.022273242
1356877210497,0.3150962,-0.024692684,-0.94873846,-0.94898427,0.004411638,-0.31529266,0.011970967,0.99968535,-0.0220429
1356877210538,0.32761353,-0.023544252,-0.94451845,-0.944734,0.004668355,-0.32780468,0.01212725,0.9997119,-0.020713627
1356877210580,0.33598512,-0.020801455,-0.9416376,-0.94179606,0.004880309,-0.3361495,0.011587918,0.9997718,-0.017951071
1356877210617,0.34037313,-0.016687572,-0.94014233,-0.9402301,0.005284339,-0.34049875,0.010650098,0.99984676,-0.013891488
1356877210657,0.34102744,-0.011406571,-0.93998414,-0.9400041,0.006096363,-0.34110865,0.009621382,0.9999163,-0.00864321
1356877210698,0.33437616,-0.005163878,-0.94242555,-0.94239914,0.007441342,-0.33440757,0.008739769,0.999959,-0.0023782253
1356877210738,0.3294321,0.0019134283,-0.94417727,-0.9441442,0.009284943,-0.32940173,0.008136362,0.99995506,0.0048653185
1356877210779,0.32227415,0.009486467,-0.9465988,-0.94661355,0.011562288,-0.32216325,0.007888675,0.9998882,0.01270625
1356877210818,0.3138406,0.017036319,-0.9493229,-0.9494416,0.014106482,-0.31362674,0.008048654,0.9997554,0.020602107
1356877210855,0.30558082,0.023680806,-0.95187163,-0.9521272,0.0166395,-0.30524895,0.008610129,0.9995811,0.02763182
1356877210899,0.29881993,0.02854526,-0.9538825,-0.95426106,0.019011468,-0.29836956,0.009617686,0.9994117,0.03292063
1356877210937,0.29414108,0.031015694,-0.9552586,-0.95569795,0.02111432,-0.29359078,0.011063695,0.99929583,0.035852253
1356877210978,0.29177678,0.030609995,-0.95599645,-0.9563972,0.022985041,-0.2911631,0.013061047,0.999267,0.035981864
1356877211018,0.29121834,0.027242541,-0.95626867,-0.95652664,0.024767816,-0.29059133,0.01576823,0.99932194,0.033271074
1356877211057,0.29159957,0.021284938,-0.95630366,-0.9563393,0.026991963,-0.2910097,0.019618452,0.9994091,0.028226435
1356877211113,0.2915448,0.013646275,-0.95645976,-0.9562222,0.030614913,-0.29103556,0.025310278,0.99943805,0.021974534
1356877211139,0.28932416,0.005521655,-0.95721525,-0.956647,0.03659922,-0.28894126,0.033437848,0.9993148,0.015871346
1356877211179,0.28280383,-0.0018021166,-0.95917606,-0.95817745,0.0451262,-0.28259417,0.0437932,0.99897957,0.011035174
1356877211217,0.27033257,-0.0074603558,-0.96273804,-0.96113604,0.056089222,-0.2703174,0.05601585,0.9983978,0.007992357
1356877211258,0.24952513,-0.0107423365,-0.9683087,-0.9658885,0.06875378,-0.24966419,0.06925687,0.99757576,0.006779909
1356877211297,0.21852976,-0.011082202,-0.9757673,-0.97234046,0.08201867,-0.21869385,0.08245474,0.99656916,0.007147819
1356877211337,0.17621598,-0.008044571,-0.9843186,-0.979812,0.0944905,-0.17618144,0.094426036,0.9954933,0.0087685585
1356877211378,0.12310022,-0.0015462935,-0.992393,-0.9869164,0.104733765,-0.122584015,0.10412657,0.9944991,0.011366725
1356877211419,0.06145391,0.007888854,-0.99807876,-0.991943,0.11147079,-0.06019506,0.11078173,0.9937364,0.014675617
1356877211456,-0.004815042,0.018971711,-0.99980843,-0.993461,0.11396074,0.006946951,0.11407068,0.99330413,0.018298924
1356877211498,-0.07062337,0.029989123,-0.99705225,-0.9909476,0.11229685,0.07356855,0.11417216,0.9932221,0.021786809
1356877211537,-0.13229543,0.039625406,-0.990418,-0.9848964,0.10734582,0.13585266,0.111700475,0.9934318,0.024825513
1356877211577,-0.18842322,0.047551483,-0.98093605,-0.9761565,0.10054219,0.19237897,0.107773334,0.99379575,0.02747327
1356877211617,-0.2392987,0.054205745,-0.9694317,-0.96535635,0.09369773,0.2435318,0.104034364,0.99412394,0.029906094
1356877211657,-0.285515,0.05974537,-0.9565101,-0.9529566,0.088273704,0.28996807,0.1017589,0.9943029,0.031731248
1356877211697,-0.32709402,0.06323403,-0.9428737,-0.9396561,0.08411503,0.33161896,0.10027942,0.99444765,0.031904757
1356877211737,-0.36341238,0.063010156,-0.9294951,-0.9265673,0.07940936,0.3676508,0.09697637,0.99484867,0.029524803
1356877211777,-0.39396214,0.058017015,-0.9172939,-0.914742,0.07261896,0.3974591,0.08967236,0.995671,0.024461389
1356877211817,-0.41889155,0.04887587,-0.9067199,-0.9046337,0.06390071,0.4213722,0.07853496,0.9967587,0.017447352
1356877211857,-0.43895257,0.038066983,-0.8977035,-0.89610785,0.054465115,0.44048193,0.06566134,0.99778986,0.010204494
1356877211897,-0.4547003,0.028967738,-0.8901732,-0.8890478,0.045056045,0.4555917,0.05330509,0.99856436,0.0052667856
1356877211937,-0.46566802,0.024470687,-0.884621,-0.88392663,0.03541863,0.46628228,0.042742252,0.9990729,0.0051370263
1356877211977,-0.4700564,0.026148677,-0.882249,-0.88197213,0.024858296,0.47064567,0.03423798,0.999349,0.011377513
1356877212017,-0.46523613,0.034525543,-0.884513,-0.8847562,0.013020813,0.46587226,0.02760157,0.99931896,0.024488926
1356877212058,-0.448744,0.04985729,-0.89226854,-0.89337623,1.4930964E-4,0.4493094,0.022534579,0.99875635,0.044474363
1356877212112,-0.419338,0.072734356,-0.90491176,-0.9076369,-0.013022482,0.4195541,0.018731773,0.9972663,0.071477234
1356877212139,-0.37764972,0.10411295,-0.9200767,-0.9258119,-0.025384009,0.3771313,0.015908986,0.9942415,0.10597527
1356877212179,-0.32654095,0.14454806,-0.93406475,-0.94508207,-0.035483837,0.3249013,0.013819665,0.9888613,0.1481967
1356877212217,-0.27344054,0.19457316,-0.94200397,-0.96180904,-0.042693317,0.2703711,0.01238963,0.9799584,0.19881642
1356877212257,-0.22493362,0.25274596,-0.94102305,-0.9743041,-0.046766758,0.22032791,0.011678398,0.96640176,0.25677085
1356877212297,-0.1855824,0.31429818,-0.931008,-0.9825603,-0.04816842,0.17959738,0.011602014,0.9481015,0.31775606
1356877212338,-0.15351838,0.3707151,-0.9159707,-0.9880763,-0.046604216,0.14674157,0.01171121,0.9275766,0.37344947
1356877212377,-0.121531785,0.41263586,-0.90275234,-0.9925267,-0.040446043,0.115130186,0.010994136,0.9099977,0.4144675
1356877212417,-0.083061695,0.43431598,-0.8969228,-0.99650556,-0.02824384,0.07860726,0.008807868,0.9003177,0.43514416
1356877212458,-0.035606265,0.43426716,-0.9000801,-0.9993423,-0.009292364,0.035049677,0.0068570077,0.90073615,0.4343125
1356877212497,0.019817114,0.4130952,-0.91047215,-0.99976826,0.015839815,-0.0145739615,0.008401215,0.91055,0.41331342
1356877212537,0.07885617,0.37300807,-0.924471,-0.99677354,0.04343015,-0.067500144,0.0149718225,0.9268111,0.37522936
1356877212578,0.13484967,0.31811118,-0.938414,-0.9905374,0.067670405,-0.11940032,0.025520295,0.94563526,0.32422632
1356877212617,0.18014592,0.25468263,-0.9500969,-0.98289263,0.084248245,-0.16378072,0.038331866,0.9633478,0.26550272
1356877212657,0.20900062,0.18953809,-0.9593717,-0.9765035,0.09314945,-0.19432977,0.052531987,0.9774449,0.20455292
1356877212697,0.21773592,0.12908265,-0.96743417,-0.97366107,0.09742156,-0.20613867,0.06763998,0.98683673,0.14689493
1356877212737,0.20550317,0.078011364,-0.9755423,-0.9751234,0.100946724,-0.19734254,0.083082825,0.9918287,0.096815586
1356877212777,0.17172885,0.039971054,-0.98433304,-0.98025423,0.10636467,-0.1666981,0.09803519,0.9935235,0.057447642
1356877212818,0.11705977,0.017242849,-0.9929751,-0.9867818,0.114843786,-0.11433533,0.112065524,0.9932339,0.03045854
1356877212857,0.04313487,0.010810047,-0.9990108,-0.9911915,0.12578773,-0.041436106,0.12521541,0.9919983,0.01614064
1356877212897,-0.046744913,0.020322293,-0.99870014,-0.989442,0.13636354,0.04908645,0.13718382,0.9904504,0.013733506
1356877212937,-0.14634031,0.043048292,-0.9882972,-0.9782603,0.14210123,0.15104371,0.14694044,0.9889156,0.021317244
1356877212978,-0.24561906,0.07264614,-0.9666405,-0.9571407,0.1396994,0.25370407,0.15346971,0.98752546,0.03521973
1356877213017,-0.333408,0.10046747,-0.9374142,-0.9298489,0.1290915,0.34455258,0.1556285,0.9865301,0.050379395
1356877213057,-0.40187597,0.11905077,-0.90792215,-0.90308964,0.112416744,0.41447756,0.1514095,0.9865036,0.062335968
1356877213110,-0.44863486,0.12508091,-0.8849189,-0.88272357,0.09279668,0.46063846,0.13973463,0.9877973,0.068780065
1356877213139,-0.4753059,0.120006174,-0.8715979,-0.8712342,0.073866546,0.48527792,0.12261829,0.99002135,0.06944424
1356877213179,-0.48476374,0.108300865,-0.8679142,-0.8684392,0.058399558,0.4923442,0.104007095,0.9924013,0.06574273
1356877213217,-0.47894746,0.09474549,-0.87271565,-0.8735461,0.046810925,0.4844852,0.086755395,0.9944003,0.060344577
1356877213257,-0.45814586,0.08314785,-0.8849796,-0.8859458,0.03807485,0.46222335,0.072128326,0.9958096,0.05622065
1356877213297,-0.42143083,0.07593197,-0.90367603,-0.9048396,0.03128141,0.42460194,0.060509056,0.9966222,0.055523336
1356877213337,-0.3679099,0.07452816,-0.92686987,-0.92842954,0.025852561,0.37060776,0.051582724,0.99688375,0.059682727
1356877213377,-0.29726696,0.079964876,-0.95144,-0.9537673,0.021338582,0.29978755,0.044274837,0.9965693,0.06992459
1356877213417,-0.21195859,0.09362593,-0.97278357,-0.9765798,0.01734817,0.21445537,0.03695461,0.99545634,0.0877561
1356877213457,-0.11774737,0.11749074,-0.9860687,-0.99265647,0.013795018,0.120177716,0.027722627,0.9929781,0.115003645
1356877213497,-0.023747444,0.15347743,-0.98786664,-0.999611,0.010806143,0.025708675,0.014620632,0.988093,0.15316114
1356877213537,0.06263828,0.20035711,-0.9777186,-0.9980303,0.00915581,-0.062063426,-0.0034830272,0.9796802,0.20053595
1356877213577,0.13844973,0.25168234,-0.9578558,-0.99004143,0.010280967,-0.14040053,-0.025488615,0.9677553,0.25059932
1356877213617,0.20522201,0.2977542,-0.9323231,-0.9775379,0.015643835,-0.2101785,-0.04799643,0.9545144,0.29427648
1356877213657,0.26660854,0.3300113,-0.90554535,-0.96145993,0.025565088,-0.27375397,-0.06719157,0.9436307,0.32410848
1356877213697,0.32599786,0.3434998,-0.8807572,-0.94196594,0.039028198,-0.3334321,-0.080159485,0.9383415,0.3362882
1356877213737,0.38513422,0.33679366,-0.8592099,-0.91894054,0.05423391,-0.39064935,-0.08496991,0.9400153,0.33038068
1356877213778,0.44295686,0.31164965,-0.8406329,-0.89286447,0.06849587,-0.44508573,-0.08113089,0.94772506,0.30860156
1356877213817,0.4959411,0.27234867,-0.82454145,-0.8655541,0.078823745,-0.49457335,-0.06970301,0.95896447,0.2748245
1356877213857,0.5400212,0.22411078,-0.81126535,-0.8400125,0.08338979,-0.5361204,-0.052499086,0.97098947,0.2332881
1356877213897,0.5715393,0.17257404,-0.8022226,-0.81995994,0.08227241,-0.5664778,-0.031758547,0.9815546,0.18852568
1356877213937,0.5885183,0.12250683,-0.7991485,-0.8084266,0.0773965,-0.58348644,-0.009629726,0.9894453,0.14458698
1356877213977,0.59026504,0.07753426,-0.80347717,-0.80712134,0.07140036,-0.5860521,0.011929423,0.99442965,0.10472469
1356877214017,0.5770014,0.04022807,-0.8157519,-0.8161457,0.06659533,-0.57399595,0.031234592,0.99696887,0.07125752
1356877214057,0.5494861,0.012326688,-0.83541197,-0.83416986,0.06455271,-0.5477167,0.0471766,0.9978382,0.045753345
1356877214106,0.5091696,-0.005487621,-0.86064863,-0.85858095,0.06632772,-0.50836927,0.059874564,0.99778277,0.029060513
1356877214158,0.4583918,-0.013927013,-0.8886411,-0.8859143,0.072652996,-0.45812383,0.07094273,0.9972601,0.020965397
1356877214178,0.40066564,-0.014881223,-0.9161035,-0.91252196,0.083314955,-0.40045252,0.0822843,0.99641216,0.019802004
1356877214218,0.33963907,-0.010445714,-0.9404978,-0.93591654,0.095440626,-0.33904466,0.09330326,0.9953803,0.022639036
1356877214255,0.2785971,-0.0025302768,-0.96040475,-0.9552215,0.10305604,-0.27736506,0.099677324,0.9946723,0.026294142
1356877214298,0.22118688,0.006366521,-0.97521067,-0.9704373,0.100468576,-0.21944836,0.09658089,0.9949199,0.02840063
1356877214337,0.17119181,0.013065875,-0.9851512,-0.9817091,0.08681333,-0.1694423,0.083310395,0.99613893,0.027688622
1356877214377,0.1316252,0.015895933,-0.9911721,-0.98931575,0.06532988,-0.13033092,0.06268135,0.99773705,0.024325222
1356877214417,0.10313141,0.016054481,-0.9945382,-0.99389577,0.04104787,-0.10240215,0.039179713,0.99902815,0.020189822
1356877214457,0.084917426,0.016383111,-0.99625325,-0.9962556,0.017695904,-0.084626615,0.01624319,0.9997092,0.017824411
1356877214497,0.07608542,0.019599825,-0.99690866,-0.9970926,-0.0027091205,-0.07615277,-0.004193276,0.99980426,0.01933664
1356877214537,0.07630724,0.027646601,-0.996701,-0.9968584,-0.01916486,-0.07685086,-0.021226257,0.999434,0.026097268
1356877214577,0.08538893,0.042067915,-0.9954592,-0.9957422,-0.0312244,-0.086732745,-0.03473127,0.9986267,0.03922257
1356877214617,0.10264632,0.06457183,-0.9926199,-0.99370503,-0.038362652,-0.105254054,-0.04487601,0.99717534,0.060227633
1356877214657,0.12593395,0.09743193,-0.98724246,-0.99070215,-0.039287925,-0.13025263,-0.051477462,0.9944664,0.091578335
1356877214697,0.15134472,0.14310354,-0.9780676,-0.98700327,-0.032207668,-0.1574398,-0.05403143,0.98918355,0.13636914
1356877214737,0.17473912,0.20191127,-0.9636898,-0.9832054,-0.016567826,-0.18174902,-0.052663445,0.97926366,0.19562522
1356877214777,0.19455892,0.26841813,-0.94345033,-0.9796756,0.00531137,-0.20051822,-0.048811674,0.96328783,0.26399606
1356877214817,0.2129572,0.33119297,-0.9192173,-0.9760504,0.029320478,-0.21555963,-0.04443997,0.94310737,0.32950503
1356877214857,0.23374903,0.37846103,-0.89561635,-0.97143674,0.052165627,-0.23149392,-0.04089105,0.92414606,0.37984467
1356877214897,0.25936615,0.40370062,-0.87735677,-0.9650285,0.07252431,-0.251913,-0.03806773,0.91201204,0.40839303
1356877214937,0.29043388,0.40533662,-0.8668047,-0.9562888,0.09070957,-0.27799898,-0.03405568,0.909656,0.41396403
1356877214977,0.32599908,0.38464832,-0.8635799,-0.94499576,0.106883526,-0.3091262,-0.026602387,0.9168542,0.39833492
1356877215017,0.36307618,0.34527442,-0.86542547,-0.9316362,0.1194208,-0.34320915,-0.01515159,0.9308728,0.36502904
1356877215057,0.39748544,0.29238704,-0.86977875,-0.91760826,0.12602091,-0.3769798,-6.137192E-4,0.94796014,0.31838828
1356877215110,0.43331283,0.2191338,-0.874197,-0.9010381,0.12604344,-0.415022,0.019241422,0.96751916,0.25206417
1356877215149,0.44616005,0.15243188,-0.8818763,-0.89413106,0.1181505,-0.43193778,0.038353086,0.9812263,0.18900806
1356877215188,0.44912797,0.09292683,-0.8886218,-0.8916786,0.109524906,-0.43921947,0.056510955,0.9896307,0.13205159
1356877215227,0.43963772,0.044303596,-0.89708185,-0.8952462,0.1022107,-0.4336903,0.07247731,0.9937757,0.0845983
1356877215267,0.41831663,0.008407503,-0.9082624,-0.9042672,0.09799424,-0.41556942,0.08551052,0.9951514,0.04859531
1356877215307,0.38477162,-0.013985604,-0.92290586,-0.91799986,0.09825918,-0.38421527,0.096057475,0.9950626,0.024968565
1356877215347,0.33873376,-0.023447216,-0.9405901,-0.9349267,0.103913814,-0.33928454,0.105695546,0.9943099,0.01327768
1356877215387,0.2799964,-0.021570832,-0.9597587,-0.95301795,0.114120305,-0.28059477,0.11558062,0.9932328,0.011395872
1356877215427,0.20876285,-0.010843456,-0.9779062,-0.97002256,0.12489495,-0.20846474,0.124396086,0.9921107,0.015554994
1356877215467,0.12688377,0.0050286353,-0.99190485,-0.9836284,0.12964663,-0.12516785,0.12796772,0.9915476,0.021396339
1356877215507,0.03949985,0.020926178,-0.99900043,-0.99172205,0.12306604,-0.036634147,0.12217644,0.9921778,0.025614023
1356877215547,-0.045550823,0.031811386,-0.9984554,-0.99324536,0.10533309,0.04866907,0.10671863,0.9939281,0.026798487
1356877215588,-0.12072885,0.03569731,-0.9920435,-0.98903847,0.08126032,0.12328717,0.08501479,0.99605346,0.02549553
1356877215628,-0.18160236,0.03454572,-0.9827651,-0.98144335,0.05619353,0.18333349,0.061558396,0.99782205,0.02369982
1356877215667,-0.22572237,0.0320296,-0.973665,-0.9733999,0.032873034,0.22674227,0.039269805,0.9989462,0.023757398
1356877215707,-0.25120467,0.03156805,-0.967419,-0.9677362,0.012012839,0.251679,0.019566506,0.9994294,0.027531803
1356877215747,-0.2569055,0.035915256,-0.96576893,-0.9664316,-0.0063812733,0.25684452,0.0030617714,0.99933445,0.036349118
1356877215787,-0.24381459,0.047688574,-0.9686487,-0.96977043,-0.022269249,0.2430006,-0.009982705,0.99861395,0.05167651
1356877215827,-0.21622193,0.069658816,-0.9738561,-0.9761515,-0.035238445,0.21421108,-0.0193955,0.99694824,0.075616896
1356877215867,-0.18516493,0.105142206,-0.9770665,-0.98239076,-0.04504299,0.18132687,-0.024944872,0.9934366,0.111631155
1356877215907,-0.16373038,0.15603551,-0.9740869,-0.9861393,-0.052776277,0.15730211,-0.026863903,0.9863405,0.16251382
1356877215947,-0.15992343,0.21918646,-0.96248734,-0.9867692,-0.06183654,0.14987603,-0.026666075,0.9737215,0.22617549
1356877215987,-0.16942966,0.28434312,-0.9436326,-0.98518,-0.07482195,0.15434358,-0.026717901,0.9557984,0.29280627
1356877216027,-0.17956084,0.3385734,-0.92364824,-0.98333627,-0.08889949,0.1585773,-0.02842176,0.936731,0.3488943
1356877216067,-0.17985755,0.37330732,-0.91010594,-0.9832164,-0.097007036,0.15451545,-0.030604929,0.9226219,0.3844894
1356877216110,-0.16612774,0.38555136,-0.90760773,-0.9856633,-0.09244794,0.14114311,-0.029488504,0.9180434,0.39538193
1356877216149,-0.14683491,0.3784751,-0.9138906,-0.98890877,-0.07703239,0.12698618,-0.022338122,0.9224005,0.38558844
1356877216188,-0.12081933,0.3533492,-0.9276569,-0.992643,-0.050469637,0.11005902,-0.007929176,0.93412924,0.35684717
1356877216227,-0.10063529,0.31486294,-0.943787,-0.99486256,-0.021358848,0.09895572,0.010999292,0.94889677,0.3153948
1356877216267,-0.09330666,0.2682381,-0.9588233,-0.9951304,0.0056051016,0.098407954,0.031771034,0.96333635,0.2664089
1356877216307,-0.107947886,0.21980613,-0.96955276,-0.99278647,0.027349293,0.11673504,0.05217573,0.9751602,0.21526822
1356877216347,-0.15011108,0.17545977,-0.9729751,-0.9861423,0.043743312,0.1600309,0.07064015,0.98351425,0.166462
1356877216387,-0.22096145,0.13962364,-0.9652364,-0.9714949,0.055628777,0.23044097,0.08586994,0.9886408,0.12335181
1356877216427,-0.31567216,0.11485961,-0.9418908,-0.9438971,0.063465536,0.32408395,0.09700173,0.9913523,0.08838135
1356877216467,-0.42381257,0.10178208,-0.90001297,-0.89973545,0.06701261,0.43126032,0.1042068,0.99254704,0.063176155
1356877216507,-0.53147835,0.09888533,-0.8412803,-0.84005785,0.066013634,0.5384654,0.10878229,0.9929068,0.0479846
1356877216547,-0.6268283,0.10308701,-0.77230775,-0.7710195,0.060817957,0.63390064,0.112317115,0.9928113,0.041359663
1356877216587,-0.70344675,0.110378325,-0.70212483,-0.7013364,0.0524323,0.7108995,0.11528191,0.99250567,0.040529013
1356877216627,-0.76011336,0.11584517,-0.6393806,-0.63939023,0.0419994,0.7677344,0.11579189,0.99237895,0.042146027
1356877216667,-0.7991038,0.11471303,-0.5901476,-0.5909478,0.030573845,0.80613023,0.11051676,0.9929281,0.04335767
1356877216707,-0.8245966,0.10516961,-0.55585957,-0.5571758,0.019156158,0.83017355,0.09795715,0.9942698,0.042801857
1356877216747,-0.84080184,0.08958568,-0.5338788,-0.5353781,0.008389771,0.8445708,0.08014056,0.9959437,0.040908158
1356877216787,-0.8506281,0.072370306,-0.5207633,-0.522251,-0.0019319654,0.85278964,0.06071055,0.99737597,0.039438844
1356877216827,-0.85543144,0.05711882,-0.51475674,-0.5161865,-0.012867928,0.8563795,0.042291522,0.99828446,0.04049158
1356877216867,-0.855428,0.04580596,-0.5158922,-0.51726854,-0.025547147,0.8554418,0.026004747,0.9986236,0.045547724
1356877216907,-0.8501228,0.039373204,-0.5251106,-0.5264476,-0.04079783,0.8492282,0.012013495,0.99839145,0.05541098
1356877216947,-0.8386635,0.03873533,-0.5432706,-0.5446498,-0.0595572,0.8365462,4.8190355E-5,0.997473,0.0710457
1356877216987,-0.8204127,0.045828342,-0.56993234,-0.5716825,-0.083369434,0.81622833,-0.01010856,0.9954644,0.094596624
1356877217027,-0.79590803,0.064201295,-0.6020037,-0.6051422,-0.11434227,0.7878634,-0.0182527,0.9913647,0.12985694
1356877217068,-0.76769966,0.09761608,-0.63333106,-0.64036167,-0.1538186,0.7525135,-0.02396068,0.9832654,0.18059617
1356877217111,-0.74002403,0.1468797,-0.6563464,-0.6720233,-0.20117897,0.71267915,-0.027365088,0.9684799,0.24758399
1356877217149,-0.7134447,0.20214936,-0.67091894,-0.7000778,-0.24634993,0.6702259,-0.02979505,0.9478646,0.3172773
1356877217188,-0.6898261,0.25245547,-0.6785326,-0.72325164,-0.28220016,0.6302938,-0.032360822,0.9255428,0.3772577
1356877217227,-0.6664957,0.2889828,-0.68722075,-0.7446956,-0.30111814,0.5956142,-0.03481239,0.9087446,0.41589823
1356877217267,-0.6422558,0.30882323,-0.7015238,-0.7656808,-0.30054945,0.5686853,-0.0352194,0.90238476,0.42948967
1356877217307,-0.61711,0.3128783,-0.7219988,-0.78625983,-0.28151006,0.5500431,-0.03115341,0.9071158,0.41972646
1356877217347,-0.592407,0.30277354,-0.74658036,-0.8053407,-0.24776399,0.538553,-0.021916121,0.92029405,0.390613
1356877217387,-0.5707123,0.2802378,-0.7718511,-0.82110274,-0.20484644,0.53275526,-0.008812785,0.9378191,0.34701246
1356877217427,-0.5557086,0.24796322,-0.79353786,-0.8313515,-0.15822518,0.5327472,0.0065440834,0.955761,0.2940716
1356877217467,-0.5517335,0.21030506,-0.8070699,-0.83369756,-0.11214721,0.54071367,0.023204178,0.9711821,0.23720622
1356877217507,-0.5624755,0.17279392,-0.80855644,-0.82582206,-0.0695228,0.5596289,0.04048738,0.9825013,0.18180192
1356877217566,-0.5892502,0.14061391,-0.7956205,-0.8059044,-0.032251835,0.5911666,0.05746603,0.989539,0.13232577
1356877217588,-0.6304657,0.11740923,-0.7672863,-0.7727732,-0.0019258857,0.63467944,0.07303956,0.9930818,0.091944814
1356877217628,-0.682255,0.1050739,-0.72352433,-0.7259526,0.020025432,0.68745303,0.086722225,0.9942628,0.06261629
1356877217665,-0.739266,0.103943646,-0.6653433,-0.6660335,0.033015728,0.7451908,0.09942469,0.99403507,0.044822514
1356877217708,-0.7956568,0.11288038,-0.5951372,-0.59515214,0.037280083,0.80274785,0.112801254,0.99290895,0.03751886
1356877217747,-0.84630555,0.12787372,-0.51712227,-0.51740444,0.03361851,0.8550804,0.12672722,0.99122053,0.037710786
1356877217787,-0.88703686,0.14207172,-0.43929636,-0.44061118,0.023782015,0.89738303,0.13794011,0.9895707,0.041502774
1356877217827,-0.9173169,0.14760983,-0.369785,-0.37234223,0.010948598,0.92803097,0.14103508,0.98898506,0.04491812
1356877217867,-0.93909764,0.14027047,-0.31371942,-0.31701735,-0.0012318492,0.9484189,0.13264874,0.9901125,0.04562491
1356877217907,-0.95482284,0.12179485,-0.2710709,-0.2743497,-0.010686338,0.9615706,0.11421759,0.9924978,0.043617964
1356877217947,-0.9659417,0.09737266,-0.23973987,-0.24250925,-0.017502308,0.9699912,0.09025464,0.99509406,0.040519893
1356877217987,-0.9731788,0.07234162,-0.21837959,-0.22052872,-0.023090124,0.97510713,0.065498404,0.9971126,0.038424313
1356877218027,-0.9768988,0.05009108,-0.207749,-0.20934916,-0.02909553,0.977408,0.042914852,0.99832076,0.038909912
1356877218067,-0.9771492,0.03219737,-0.21010172,-0.2112329,-0.037041724,0.9767336,0.023665726,0.99879485,0.042996407
1356877218110,-0.9733897,0.019496895,-0.22832532,-0.22902638,-0.049230576,0.9721745,0.0077138096,0.99859715,0.052385747
1356877218149,-0.96378624,0.013443157,-0.26633692,-0.26662827,-0.06747091,0.96143496,-0.00504528,0.9976307,0.06861186
1356877218189,-0.9475594,0.017720014,-0.31908816,-0.31926623,-0.0967114,0.9427173,-0.014154479,0.99515474,0.09729713
1356877218227,-0.92345124,0.03742501,-0.38188636,-0.3832443,-0.13928002,0.91308534,-0.019016907,0.9895456,0.14296126
1356877218267,-0.89520675,0.07489158,-0.4393134,-0.4452141,-0.19394565,0.874168,-0.019735083,0.9781495,0.2069642
1356877218307,-0.8677047,0.124479115,-0.48124176,-0.49675918,-0.25193715,0.8305168,-0.017860666,0.9597045,0.28044313
1356877218347,-0.84246117,0.17441747,-0.5097429,-0.5385374,-0.29964828,0.7875204,-0.015386239,0.937971,0.3463723
1356877218387,-0.8173,0.2151329,-0.534545,-0.5760658,-0.32598233,0.749589,-0.012990952,0.9205722,0.39035612
1356877218427,-0.790147,0.24283816,-0.5627588,-0.6128508,-0.32656538,0.7195617,-0.009040505,0.91344666,0.40685815
1356877218468,-0.760901,0.25696403,-0.59581804,-0.6488671,-0.30287802,0.6980232,-0.0010933578,0.9177333,0.3971957
1356877218507,-0.7309705,0.25763118,-0.6319084,-0.68231505,-0.26056194,0.6830473,0.011323005,0.93044806,0.36624873
1356877218547,-0.70332044,0.24536474,-0.66718554,-0.7103805,-0.20765817,0.6724862,0.026457936,0.94692886,0.3203525
1356877218587,-0.68301237,0.22216132,-0.69580066,-0.7291857,-0.15233499,0.6671449,0.042219013,0.96303606,0.26604348
1356877218627,-0.6759824,0.1922333,-0.711403,-0.7346946,-0.100872874,0.67085665,0.057199746,0.97615117,0.20942098
1356877218667,-0.68575764,0.16113716,-0.7097684,-0.7244169,-0.056782067,0.6870195,0.070402235,0.98529714,0.15566927
1356877218707,-0.7109539,0.13379464,-0.6903937,-0.69856644,-0.021386862,0.7152254,0.08092794,0.99077827,0.10866958
1356877218747,-0.7467613,0.113515675,-0.6553332,-0.6591785,0.004780948,0.75197124,0.088493645,0.9935247,0.071256936
1356877218787,-0.7879647,0.10263795,-0.6071055,-0.6083919,0.021889329,0.7933349,0.09471539,0.9944779,0.045196056
1356877218827,-0.8301153,0.10291688,-0.54801154,-0.54799545,0.030972958,0.8359077,0.10300255,0.9942076,0.030686855
1356877218867,-0.8684581,0.11357722,-0.4825772,-0.4821476,0.03306085,0.875466,0.115387425,0.99297893,0.026049018
1356877218907,-0.8982946,0.12874842,-0.4201079,-0.4200222,0.029152453,0.9070455,0.12902783,0.9912487,0.027889729
1356877218947,-0.9177444,0.13884345,-0.37211263,-0.3728504,0.021642387,0.9276391,0.13685,0.99007785,0.03190559
1356877218987,-0.9283751,0.13638553,-0.34571475,-0.34718695,0.0136086345,0.93769723,0.13259304,0.9905624,0.03471726
1356877219027,-0.9325025,0.12028503,-0.34054482,-0.34229532,0.006439507,0.9395704,0.1152092,0.9927186,0.03516811
1356877219067,-0.93113136,0.095204294,-0.3520376,-0.35370216,-6.517172E-4,0.9353578,0.08882068,0.99545753,0.034280777
1356877219110,-0.9239435,0.06703025,-0.37661007,-0.37803325,-0.009505808,0.92574316,0.058472812,0.99770564,0.034122527
1356877219149,-0.909813,0.042428374,-0.4128439,-0.41392308,-0.02054298,0.91008,0.030132145,0.9988883,0.03625244
1356877219189,-0.8884076,0.024032637,-0.458426,-0.45902497,-0.034985065,0.88773423,0.0052965283,0.99909884,0.04211259
1356877219227,-0.85624075,0.014532,-0.51637244,-0.5163648,-0.05271846,0.85474443,-0.014801234,0.9985037,0.052643597
1356877219267,-0.81199056,0.017153472,-0.5834185,-0.58291435,-0.07470018,0.8090925,-0.029702723,0.9970585,0.07065487
1356877219307,-0.75534004,0.03667283,-0.6543061,-0.65415084,-0.10213685,0.74943626,-0.039344847,0.99409413,0.1011377
1356877219347,-0.68991566,0.07737911,-0.7197423,-0.7225196,-0.13475531,0.6780904,-0.044519037,0.987853,0.14887768
1356877219387,-0.6234087,0.13873836,-0.76948905,-0.7804713,-0.16980177,0.6016909,-0.047182977,0.9756634,0.21413714
1356877219427,-0.56099916,0.21105954,-0.80045855,-0.8263314,-0.20066774,0.5262214,-0.049562186,0.9566537,0.28697956
1356877219467,-0.50278175,0.27867612,-0.81826043,-0.8628446,-0.21880066,0.4556594,-0.052054524,0.9351288,0.35046312
1356877219507,-0.4455371,0.32906824,-0.83259284,-0.8937101,-0.21824157,0.39198583,-0.052716285,0.9187408,0.39132634
1356877219547,-0.38562548,0.3569898,-0.8507945,-0.9213739,-0.1975807,0.33471182,-0.04861188,0.9129733,0.4051132
1356877219587,-0.32061905,0.36180854,-0.8753845,-0.946447,-0.1594134,0.28075874,-0.037967086,0.91852164,0.39354357
1356877219629,-0.2488131,0.34347984,-0.90560126,-0.96832013,-0.10865092,0.22483552,-0.021167964,0.93285394,0.3596323
1356877219667,-0.17697299,0.3072032,-0.9350437,-0.98421323,-0.057352006,0.16743648,-0.002189666,0.9499141,0.3125033
1356877219707,-0.10793704,0.25614926,-0.96059203,-0.99401283,-0.011313975,0.10867539,0.016968995,0.966571,0.25583687
1356877219747,-0.05162722,0.19754073,-0.97893435,-0.9980713,0.023630798,0.057404906,0.034472883,0.9800099,0.19593966
1356877219787,-0.016375065,0.13987973,-0.9900331,-0.99865425,0.046444297,0.023079634,0.049209774,0.98907864,0.13893095
1356877219827,-0.007757306,0.09024492,-0.9958894,-0.9981265,0.05974579,0.01318869,0.060690433,0.99412584,0.089612395
1356877219867,-0.028372884,0.0532026,-0.9981806,-0.99718654,0.067806184,0.03195867,0.069383055,0.996279,0.051129043
1356877219907,-0.078579366,0.031210959,-0.9964192,-0.99388045,0.075383484,0.08074042,0.0776335,0.9966661,0.025096416
1356877219947,-0.15703642,0.025390446,-0.9872664,-0.98355883,0.086241126,0.1586647,0.08917156,0.9959507,0.011430025
1356877219987,-0.2594663,0.035368204,-0.96510434,-0.959975,0.09969789,0.26174092,0.10547617,0.99438894,0.008084357
1356877220027,-0.37485188,0.05691135,-0.92533624,-0.91894674,0.1091494,0.37897658,0.12256792,0.9923948,0.011383653
1356877220067,-0.48474842,0.08017874,-0.8709709,-0.86447316,0.10756934,0.49103457,0.13306028,0.9909592,0.017168343
1356877220110,-0.5720876,0.093918025,-0.8147976,-0.8096868,0.09382355,0.57931376,0.1308552,0.99114907,0.022368968
1356877220149,-0.63256663,0.0946295,-0.7687033,-0.7655823,0.073832214,0.6390873,0.11723155,0.9927709,0.025742888
1356877220187,-0.666747,0.08411169,-0.7405225,-0.7392639,0.051396668,0.67145157,0.09453729,0.99512994,0.0279122
1356877220227,-0.6793144,0.06867516,-0.7306268,-0.7306814,0.029082954,0.68209887,0.06809202,0.99721503,0.030423224
1356877220267,-0.672443,0.053867042,-0.738186,-0.73895246,0.007823586,0.6737121,0.042066127,0.99851745,0.03454429
1356877220307,-0.64507926,0.0431965,-0.7628938,-0.76388866,-0.012119472,0.6452343,0.018626004,0.9989931,0.040815294
1356877220347,-0.59437776,0.039098263,-0.80323493,-0.80418396,-0.03114152,0.59356415,-0.0018066466,0.99875,0.04995203
1356877220387,-0.518208,0.044843346,-0.8540781,-0.85503733,-0.0496673,0.5161823,-0.019272447,0.9977585,0.064080775
1356877220427,-0.42097068,0.06560308,-0.9046987,-0.90646994,-0.06682497,0.41694912,-0.033103347,0.9956056,0.08759862
1356877220467,-0.3156131,0.106820375,-0.94285613,-0.9479679,-0.07924163,0.3083466,-0.041775763,0.99111557,0.12627202
1356877220507,-0.21885008,0.16979694,-0.9608712,-0.97476065,-0.08256745,0.20742297,-0.044116944,0.98201406,0.1835813
1356877220547,-0.13761908,0.24664402,-0.9592849,-0.98964703,-0.0740729,0.12292981,-0.040737152,0.96627104,0.2542845
1356877220597,-0.072793424,0.32625696,-0.94247425,-0.99682736,-0.054303348,0.058193266,-0.03219354,0.94372016,0.32917473
1356877220638,0.02190286,0.37979788,-0.9248102,-0.99948317,-0.013453066,-0.029196173,-0.023530126,0.9249717,0.37930688
1356877220677,0.1314652,0.39730453,-0.90822136,-0.9912201,0.039628625,-0.12614366,-0.014125913,0.9168308,0.39902607
1356877220717,0.25389045,0.3774941,-0.8905267,-0.96723104,0.097259045,-0.2345308,-0.0019222498,0.9208902,0.38981718
1356877220757,0.37805903,0.3259204,-0.86651444,-0.9256845,0.14662933,-0.3487234,0.013400346,0.933957,0.35713398
1356877220797,0.48888803,0.25429362,-0.8344599,-0.87181836,0.17571098,-0.4572292,0.030353367,0.95103127,0.3076008
1356877220837,0.57591486,0.176247,-0.7982851,-0.8161308,0.18064243,-0.5489069,0.047460943,0.9676287,0.24787527
1356877220877,0.6359365,0.10294783,-0.76484406,-0.7690817,0.16674812,-0.6170157,0.064015895,0.9806104,0.18521652
1356877220917,0.6714246,0.040388316,-0.73997146,-0.7367437,0.14415132,-0.66062796,0.079986215,0.98873115,0.12654257
1356877220976,0.6861064,-0.009213567,-0.72744286,-0.7212102,0.122600436,-0.6817807,0.095466435,0.9924133,0.07747203
1356877220998,0.6825812,-0.04548499,-0.7293929,-0.7224071,0.10891816,-0.68283594,0.1105029,0.99300957,0.041486815
1356877221038,0.6618359,-0.06911263,-0.74645615,-0.739045,0.10673289,-0.6651471,0.12564152,0.99188286,0.01956229
1356877221090,0.62216187,-0.08009425,-0.7787808,-0.769608,0.11987713,-0.6271626,0.14359012,0.9895526,0.0129418075
1356877221115,0.55303884,-0.079416275,-0.8293618,-0.8177554,0.13876732,-0.5585872,0.15944922,0.9871355,0.011800617
1356877221156,0.46461815,-0.06658414,-0.88300425,-0.86876214,0.1587515,-0.46909514,0.17141253,0.9850708,0.01591307
1356877221197,0.34663665,-0.04131639,-0.9370891,-0.9218057,0.16983008,-0.34847102,0.17354345,0.98460686,0.020783663
1356877221237,0.21086776,-0.011263818,-0.9774498,-0.96396005,0.16354626,-0.20984232,0.16222191,0.9864714,0.023628771
1356877221277,0.08419955,0.012560725,-0.9963697,-0.98671836,0.14044976,-0.08161339,0.1389148,0.9900081,0.024219632
1356877221318,-0.010462254,0.025433123,-0.99962175,-0.99401146,0.108480304,0.013163596,0.108774036,0.9937732,0.024145901
1356877221357,-0.06505638,0.030414522,-0.9974179,-0.994873,0.07558149,0.06719512,0.07743001,0.99667567,0.02534151
1356877221397,-0.08030403,0.032935828,-0.9962261,-0.9955869,0.046038866,0.08177456,0.048558444,0.9983965,0.029093385
1356877221437,-0.058255494,0.03736216,-0.99760234,-0.9980152,0.021760404,0.059094608,0.023916155,0.99906486,0.03602028
1356877221477,-0.0035107136,0.047173858,-0.9988805,-0.9999865,0.0036352873,0.0036863089,0.003805071,0.99888,0.047160506
1356877221517,0.07420391,0.06594288,-0.99506056,-0.9971732,-0.006913662,-0.074819684,-0.011813313,0.9977995,0.06524342
1356877221557,0.15947399,0.09751272,-0.98237437,-0.98695314,-0.0066008866,-0.16087258,-0.022171676,0.99521244,0.09518781
1356877221597,0.23633498,0.14469239,-0.96083814,-0.9713235,0.008713365,-0.23760194,-0.026007056,0.98943835,0.14260238
1356877221637,0.29815605,0.20538613,-0.9321585,-0.954216,0.039607972,-0.2964843,-0.02397281,0.9778792,0.2077921
1356877221677,0.3503919,0.2692654,-0.8970628,-0.93639886,0.08070782,-0.34153098,-0.019562513,0.95967823,0.28041923
1356877221717,0.40601885,0.31990135,-0.8560443,-0.91372144,0.12551951,-0.38646865,-0.016181588,0.93909955,0.34326398
1356877221757,0.47369775,0.34375238,-0.81082964,-0.88057876,0.17040733,-0.4422017,-0.013836622,0.9234693,0.38342267
1356877221797,0.5520444,0.33602166,-0.7631097,-0.8337573,0.21171406,-0.5099274,-0.009785593,0.91775084,0.39703608
1356877221837,0.6324074,0.30030394,-0.7140577,-0.77463377,0.2429634,-0.58387613,-0.001850456,0.9223808,0.38627744
1356877221877,0.704382,0.24623972,-0.6657417,-0.70975465,0.25716138,-0.65583247,0.009710997,0.9344699,0.35590965
1356877221917,0.76149046,0.18477064,-0.6212826,-0.64775276,0.25156868,-0.71911716,0.023423463,0.95003843,0.31125283
1356877221957,0.8025712,0.12404415,-0.58351743,-0.59532404,0.22937632,-0.77004915,0.038324952,0.96540123,0.25793728
1356877221997,0.82967,0.06843433,-0.5540437,-0.5556078,0.19774383,-0.8075874,0.054292023,0.977862,0.20208478
1356877222037,0.8458392,0.019408196,-0.53308487,-0.5286237,0.16445586,-0.83277327,0.07150629,0.9861935,0.14936283
1356877222110,0.85525846,-0.026699156,-0.5175135,-0.509879,0.13490996,-0.84960157,0.09250137,0.9904981,0.10176954
1356877222121,0.853586,-0.061651543,-0.517291,-0.5089707,0.11304164,-0.85332894,0.11108446,0.9916756,0.06511193
1356877222155,0.84896094,-0.0880954,-0.52106094,-0.5125915,0.10250497,-0.85249203,0.12851195,0.9908238,0.041865766
1356877222198,0.83834183,-0.10472174,-0.53499186,-0.52597165,0.10260177,-0.8442906,0.1433067,0.98919475,0.030934684
1356877222237,0.8205708,-0.11121641,-0.5606197,-0.55042344,0.11041847,-0.8275517,0.1539401,0.987643,0.029390052
1356877222277,0.79342294,-0.107447416,-0.59911203,-0.5875082,0.122100204,-0.7999536,0.15910466,0.9866847,0.033750862
1356877222317,0.752147,-0.09311846,-0.65238327,-0.6400517,0.13243249,-0.7568326,0.15687187,0.9868083,0.040008053
1356877222357,0.6901239,-0.068864286,-0.72040725,-0.7088801,0.13603947,-0.6920853,0.14566371,0.98830706,0.045067593
1356877222397,0.60445714,-0.039271683,-0.7956691,-0.7864535,0.12977748,-0.6038616,0.12697458,0.9907651,0.047559574
1356877222437,0.5019028,-0.011452913,-0.86484826,-0.8585174,0.11488108,-0.49975014,0.10507831,0.9933132,0.04782659
1356877222477,0.39620697,0.010122925,-0.91810536,-0.9142951,0.096016645,-0.39350396,0.084169954,0.99532825,0.047297835
1356877222517,0.30187193,0.025447607,-0.9530088,-0.9510259,0.0777739,-0.29916704,0.06650612,0.99664617,0.047679096
1356877222557,0.2343531,0.036756754,-0.9714564,-0.9707264,0.06293729,-0.23179561,0.05262077,0.9973404,0.050430298
1356877222597,0.21063572,0.046895534,-0.9764391,-0.97666764,0.052875817,-0.2081455,0.041868895,0.99749935,0.056938887
1356877222637,0.24390346,0.058902353,-0.9680091,-0.9692328,0.04892391,-0.24123484,0.03314951,0.9970642,0.069022775
1356877222677,0.3238759,0.07640523,-0.9430093,-0.9457502,0.053230107,-0.32050443,0.025708199,0.99565494,0.08950028
1356877222718,0.40365842,0.104214996,-0.908955,-0.9147054,0.06696305,-0.39853457,0.019333094,0.9922979,0.122356236
1356877222757,0.42861903,0.14855006,-0.89118946,-0.9033749,0.08588612,-0.4201635,0.014125437,0.9851682,0.17100884
1356877222797,0.376212,0.21290335,-0.9017409,-0.92647576,0.097308755,-0.3635567,0.0103447735,0.97221553,0.2338586
1356877222837,0.2707072,0.28755584,-0.91871065,-0.9626285,0.088796794,-0.25585467,0.008006036,0.95363873,0.30084738
1356877222877,0.18090665,0.35002506,-0.91910565,-0.9834771,0.070794344,-0.16661605,0.006747693,0.9340613,0.35704884
1356877222917,0.15956044,0.38545233,-0.9088272,-0.9871636,0.06878793,-0.14413938,0.0069574416,0.92016006,0.39148036
1356877222957,0.20447266,0.39029697,-0.89769673,-0.9788172,0.091258466,-0.1832729,0.010391623,0.91615516,0.40068918
1356877222997,0.28471884,0.36569113,-0.88611805,-0.9584332,0.12640134,-0.25579008,0.018466383,0.9221132,0.38647932
1356877223037,0.36442843,0.3190039,-0.8748877,-0.93073606,0.15541103,-0.3310253,0.030368865,0.93492454,0.3535446
1356877223110,0.459533,0.2431559,-0.85422754,-0.8869569,0.17569831,-0.42712727,0.046227843,0.95394206,0.29640794
1356877223129,0.4544366,0.18480471,-0.8713981,-0.88873255,0.16033554,-0.42947286,0.060347408,0.969608,0.23710436
1356877223169,0.41145203,0.13495302,-0.90138495,-0.90857613,0.13895229,-0.39393094,0.07208732,0.9810606,0.17978734
1356877223209,0.31990418,0.09568539,-0.9426058,-0.9439604,0.11749783,-0.30843654,0.08124131,0.9884527,0.12791127
1356877223247,0.16718054,0.06883922,-0.9835201,-0.9820217,0.100319445,-0.15990418,0.087658465,0.99257094,0.08437309
1356877223287,-0.04344958,0.05510679,-0.9975346,-0.9948062,0.089607716,0.048280954,0.09204739,0.9944514,0.05092722
1356877223327,-0.28813392,0.055333108,-0.95599014,-0.9526712,0.084495485,0.2920242,0.09693545,0.99488634,0.028368235
1356877223367,-0.5191147,0.068597674,-0.8519474,-0.84822285,0.08117825,0.5233815,0.105062395,0.99433625,0.016045213
1356877223407,-0.69542617,0.08955073,-0.7129959,-0.7092492,0.073987424,0.70106447,0.11553356,0.99323034,0.012061
1356877223447,-0.80704534,0.10749304,-0.5806229,-0.5776385,0.060306847,0.81406194,0.12252149,0.9923751,0.0134218335
1356877223487,-0.86925924,0.113101184,-0.48124468,-0.47962588,0.04292184,0.8764227,0.11978032,0.99265593,0.016936123
1356877223527,-0.90272164,0.10427125,-0.41739824,-0.41712475,0.025468647,0.9084924,0.10536018,0.9942228,0.020502985
1356877223567,-0.920818,0.0847283,-0.38067746,-0.38130307,0.009308875,0.92440325,0.081866756,0.9963606,0.023735464
1356877223607,-0.92979425,0.060187012,-0.36312562,-0.3641135,-0.0059622526,0.9313355,0.05388926,0.99816936,0.027458489
1356877223647,-0.9320557,0.035912097,-0.36053097,-0.36139405,-0.021238983,0.9321713,0.02581893,0.99912924,0.03277427
1356877223687,-0.9280523,0.015533492,-0.37212583,-0.37244958,-0.037364125,0.9273,5.0002337E-4,0.99918103,0.0404613
1356877223727,-0.9169819,0.0013127625,-0.3989268,-0.3983836,-0.055283666,0.91555136,-0.020852208,0.9984699,0.05121702
1356877223767,-0.89720714,-0.0046819746,-0.44158512,-0.43996656,-0.07670891,0.8947319,-0.038062632,0.99704254,0.06676388
1356877223807,-0.86752284,0.0010184497,-0.4973964,-0.49477917,-0.10423702,0.86274457,-0.050968453,0.994552,0.09093183
1356877223847,-0.8293809,0.02328217,-0.55819833,-0.55556774,-0.13974583,0.8196437,-0.058922797,0.98991376,0.12883729
