1356423581877,0.033713043,0.043561608,0.99848175,0.55074775,-0.83448166,0.01781103,0.8339906,0.54931116,-0.05212438
1356423581918,-0.0087337755,-0.08125201,-0.99665534,-0.5517162,0.83165175,-0.06296544,0.8339863,0.54932094,-0.05209154
1356423581958,-0.0087813735,-0.0807637,-0.99669456,-0.55176276,0.8316538,-0.06252888,0.8339548,0.54938984,-0.05186546
1356423582000,-0.0088838935,-0.07928702,-0.9968122,-0.5518861,0.8316684,-0.061232805,0.8338722,0.54958284,-0.05114585
1356423582038,-0.009039879,-0.07627025,-0.99704623,-0.5520401,0.8317544,-0.0586209,0.8337686,0.54987955,-0.04962319
1356423582077,-0.0092516765,-0.07152848,-0.99739563,-0.5520563,0.83202064,-0.05454777,0.8337555,0.5501139,-0.04718536
1356423582118,-0.009572208,-0.06518836,-0.99782705,-0.55177426,0.83254707,-0.04909736,0.8339386,0.55010533,-0.043938577
1356423582157,-0.010117769,-0.057428107,-0.99829835,-0.55116355,0.8333217,-0.042351633,0.83433586,0.5497972,-0.040083647
1356423582198,-0.01104372,-0.048502803,-0.998762,-0.5503134,0.83424807,-0.034428507,0.8348851,0.5492519,-0.035904944
1356423582240,-0.012482367,-0.038885564,-0.99916565,-0.54933953,0.8352057,-0.02564171,0.83550596,0.5485612,-0.03178674
1356423582278,-0.014458358,-0.029256195,-0.9994674,-0.5483296,0.83609873,-0.016541928,0.8361374,0.5477983,-0.02813065
1356423582318,-0.016852729,-0.02034852,-0.9996509,-0.547367,0.8368563,-0.007806897,0.836723,0.5470443,-0.025241435
1356423582358,-0.017400175,-0.016115725,-0.9997187,-0.5466842,0.8373294,-0.003982872,0.837158,0.5464611,-0.023379922
1356423582398,-0.021163523,-0.009539604,-0.9997305,-0.54639196,0.837522,0.0035749078,0.8372622,0.5463204,-0.022937298
1356423582438,-0.023221016,-0.008882523,-0.9996909,-0.5469062,0.83717734,0.0052651167,0.83687174,0.5468594,-0.024298012
1356423582478,-0.023440398,-0.0143432915,-0.99962234,-0.548383,0.83622676,8.6042285E-4,0.83589864,0.5481961,-0.027467132
1356423582518,-0.022161782,-0.024702996,-0.9994491,-0.55092514,0.8345123,-0.008410066,0.8342603,0.5504353,-0.032103777
1356423582558,-0.020007879,-0.038006634,-0.9990772,-0.55445063,0.83196294,-0.020545691,0.83197606,0.55352795,-0.037718594
1356423582598,-0.017602272,-0.052482486,-0.9984666,-0.55849206,0.8288242,-0.03371972,0.82932305,0.5570422,-0.04390025
1356423582638,-0.015330672,-0.0668425,-0.99764574,-0.5621578,0.8257113,-0.046684235,0.82688785,0.5601187,-0.050234735
1356423582678,-0.013255738,-0.08017662,-0.99669254,-0.56448174,0.823354,-0.058725327,0.8253391,0.56183624,-0.05617237
1356423582718,-0.011171125,-0.091780856,-0.9957166,-0.564832,0.8222777,-0.06945707,0.82513034,0.5616366,-0.061026514
1356423582758,-0.008790579,-0.100801945,-0.99486774,-0.5632109,0.82258844,-0.078369826,0.82626647,0.55963147,-0.064003766
1356423582829,-0.005976703,-0.10617757,-0.9943292,-0.5602346,0.82400024,-0.08462188,0.8283124,0.55655193,-0.06440914
1356423582842,-0.002895087,-0.106781706,-0.9942783,-0.55701435,0.8259251,-0.08707933,0.83049786,0.55357516,-0.06187004
1356423582880,9.816885E-5,-0.1032228,-0.99465835,-0.55492014,0.8274542,-0.085925624,0.8319037,0.5519643,-0.05719918
1356423582909,0.0022033714,-0.09701681,-0.99528027,-0.55427766,0.82828605,-0.081965834,0.8323289,0.5518422,-0.051949263
1356423582940,0.002761688,-0.08778286,-0.99613583,-0.5554072,0.8282322,-0.07452649,0.83157396,0.55346686,-0.0464679
1356423582980,0.0011612102,-0.07437898,-0.9972294,-0.5596712,0.82637066,-0.062287092,0.82871395,0.5581929,-0.04066819
1356423583020,-0.0038905516,-0.057252765,-0.99835205,-0.56636137,0.82292837,-0.044985592,0.8241478,0.5652531,-0.035627365
1356423583059,-0.011759959,-0.03877455,-0.99917877,-0.5745851,0.8180635,-0.024983436,0.8183603,0.5738194,-0.03189963
1356423583100,-0.021563798,-0.020734072,-0.9995524,-0.58318806,0.81232595,-0.004268974,0.8120509,0.58283496,-0.029608727
1356423583129,-0.032321572,-0.00372082,-0.9994706,-0.5905628,0.8068312,0.016094357,0.80634415,0.59077036,-0.02827543
1356423583170,-0.04194478,0.0093049705,-0.99907666,-0.59712386,0.801489,0.032534093,0.8010517,0.5979371,-0.028062046
1356423583198,-0.051282883,0.02091059,-0.99846524,-0.6023445,0.79681426,0.047624916,0.79658717,0.6038624,-0.028267562
1356423583241,-0.059102535,0.029677987,-0.9978107,-0.6066335,0.7927511,0.059511095,0.7927817,0.6088226,-0.02884996
1356423583281,-0.06556088,0.03689003,-0.99716645,-0.60999274,0.7893702,0.06930795,0.7896902,0.6128081,-0.029249132
1356423583321,-0.07003918,0.042632997,-0.9966328,-0.6127194,0.7865691,0.07670644,0.7871909,0.61602867,-0.028968632
1356423583360,-0.071846545,0.046727866,-0.9963205,-0.6151756,0.78420347,0.081140935,0.7851095,0.6187418,-0.027596474
1356423583401,-0.07053618,0.049131125,-0.9962985,-0.6175803,0.78219044,0.08229625,0.7833385,0.62109923,-0.024830282
1356423583440,-0.06580384,0.049449712,-0.9966065,-0.6199219,0.780609,0.07966447,0.7818994,0.62306046,-0.020712078
1356423583481,-0.05775319,0.047140956,-0.9972173,-0.6221726,0.77948034,0.072880685,0.78074694,0.62465036,-0.015687704
1356423583519,-0.046802297,0.041595727,-0.99803776,-0.62457883,0.7785178,0.06173584,0.7795581,0.62624264,-0.010456622
1356423583560,-0.033538535,0.032347918,-0.99891376,-0.62731814,0.7773893,0.046236515,0.7780405,0.6281875,-0.005780041
1356423583599,-0.018672973,0.019312054,-0.99963915,-0.6298157,0.7762835,0.02676183,0.77652013,0.63008815,-0.002332449
1356423583636,-0.0030590668,0.0031623542,-0.99999034,-0.63092434,0.7758319,0.004383534,0.77583826,0.63093174,-3.7813187E-4
1356423583679,0.011927396,-0.013851523,-0.9998329,-0.6297847,0.7765548,-0.018271208,0.77667814,0.6298974,5.387664E-4
1356423583718,0.024678983,-0.028540343,-0.9992879,-0.6264746,0.7785292,-0.03770709,0.779051,0.6269591,0.0013334751
1356423583757,0.03334394,-0.03823808,-0.9987122,-0.6215266,0.7817519,-0.050682098,0.78268313,0.62241614,0.0023006797
1356423583829,0.036412537,-0.04320842,-0.99840224,-0.6147815,0.7866735,-0.056466877,0.78785646,0.6158554,0.0020810366
1356423583841,0.028779902,-0.03764531,-0.99887663,-0.60881424,0.79189634,-0.04738602,0.7927906,0.6094941,-1.283288E-4
1356423583880,0.0166983,-0.033549786,-0.9992975,-0.60276365,0.7970692,-0.03683248,0.797745,0.60295534,-0.006912887
1356423583920,-0.004687041,-0.026775897,-0.9996305,-0.59669137,0.8022531,-0.018691272,0.80245715,0.5963832,-0.019737124
1356423583949,-0.038235158,-0.0075486004,-0.9992402,-0.59023464,0.80706334,0.016488075,0.80632573,0.5904166,-0.035313606
1356423583980,-0.07467446,0.010681063,-0.9971507,-0.5826441,0.8110415,0.05232054,0.8092895,0.584891,-0.05434084
1356423584010,-0.11446872,0.028143823,-0.9930281,-0.5733924,0.81441295,0.08917791,0.8112448,0.57960284,-0.0770874
1356423584051,-0.15486962,0.03057146,-0.98746175,-0.5634066,0.81831896,0.11369738,0.8115346,0.57395077,-0.109508574
1356423584090,-0.20471752,0.033393413,-0.9782513,-0.55067635,0.82232463,0.14331014,0.80922574,0.5680379,-0.14995527
1356423584131,-0.25816405,0.031614006,-0.9655837,-0.53641206,0.82655823,0.17048043,0.8035008,0.56196266,-0.19642949
1356423584170,-0.30925992,0.018272668,-0.95080197,-0.5238564,0.83116955,0.18636422,0.79368305,0.5557187,-0.2474752
1356423584211,-0.35449868,-0.00906378,-0.9350126,-0.5164929,0.83546096,0.18772325,0.7794651,0.54947495,-0.30085123
1356423584251,-0.39128682,-0.05105777,-0.91885126,-0.5176321,0.83774877,0.1738791,0.7608887,0.54366356,-0.3542292
1356423584292,-0.41947532,-0.09746285,-0.90251946,-0.52521944,0.8369659,0.1537291,0.7403952,0.5385063,-0.40227592
1356423584331,-0.4392584,-0.13950713,-0.88746256,-0.5354439,0.83388263,0.13393877,0.7213542,0.5340201,-0.44098818
1356423584370,-0.45247355,-0.16439424,-0.8764943,-0.54108244,0.831882,0.12329671,0.70887065,0.5300442,-0.46535546
1356423584412,-0.4622746,-0.15875614,-0.87240976,-0.5347293,0.8347379,0.13144282,0.70736617,0.52726567,-0.4707697
1356423584451,-0.46623582,-0.13143037,-0.874843,-0.52137053,0.8397378,0.15170099,0.7147006,0.5268458,-0.4600398
1356423584491,-0.46630755,-0.076157585,-0.88133836,-0.5000076,0.8445672,0.19156903,0.72976005,0.530006,-0.43190742
1356423584529,-0.4597944,-0.0035339743,-0.8880183,-0.47754204,0.84407705,0.24390063,0.7486939,0.5362103,-0.38978952
1356423584570,-0.4467106,0.07818526,-0.8912556,-0.45882446,0.8351815,0.30323583,0.7680688,0.5443886,-0.33721113
1356423584609,-0.42806727,0.1593886,-0.8895806,-0.4480754,0.8173948,0.3620693,0.78484833,0.5535892,-0.27848184
1356423584640,-0.40632296,0.22424984,-0.88578427,-0.44739014,0.79643655,0.40685487,0.7967081,0.5616056,-0.22328329
1356423584668,-0.38530087,0.27828848,-0.8798289,-0.45253545,0.7739416,0.44297406,0.8042107,0.56883204,-0.172265
1356423584710,-0.36507478,0.3257944,-0.87211156,-0.46275777,0.74934244,0.47364673,0.80782163,0.5764928,-0.12280214
1356423584748,-0.34438014,0.36073315,-0.86676055,-0.47734475,0.72771204,0.4925212,0.80842084,0.5833581,-0.07841551
1356423584788,-0.32408634,0.38340902,-0.86485004,-0.49326462,0.7116022,0.5003122,0.8072535,0.5887443,-0.041498482
1356423584829,-0.30450398,0.39473712,-0.8668679,-0.5086512,0.7020704,0.4983684,0.8053268,0.59268856,-0.012999773
1356423584867,-0.2851708,0.39532948,-0.8731507,-0.52303565,0.69919986,0.48739442,0.8031882,0.59567964,0.0073800683
1356423584908,-0.26670203,0.38691917,-0.8827024,-0.53634816,0.70136523,0.46948645,0.8007501,0.59864885,0.020467877
1356423584948,-0.24837011,0.3695613,-0.8953976,-0.5497905,0.70726544,0.44441646,0.79752296,0.60266083,0.027517676
1356423584988,-0.22987986,0.34376782,-0.9104829,-0.56449157,0.7149895,0.41247955,0.7927829,0.60878056,0.029692352
1356423585028,-0.21099669,0.31101972,-0.92668605,-0.5807911,0.72264916,0.3747797,0.7862328,0.61728835,0.02816093
1356423585068,-0.19183774,0.27487567,-0.9421474,-0.59716463,0.7291264,0.334319,0.77884066,0.6267521,0.024272084
1356423585108,-0.17306092,0.24010283,-0.9551966,-0.61088437,0.7345768,0.29532576,0.7725738,0.634624,0.019548535
1356423585148,-0.15578012,0.21070871,-0.9650567,-0.619846,0.7398386,0.26159096,0.76910573,0.6389372,0.015354812
1356423585188,-0.14154314,0.18841481,-0.9718361,-0.6235453,0.74551976,0.23535402,0.76886725,0.6392966,0.011961937
1356423585228,-0.13219203,0.1723649,-0.97612286,-0.6225969,0.7518322,0.21707493,0.7712966,0.63642657,0.007927597
1356423585268,-0.12971823,0.16036439,-0.978497,-0.61811966,0.7585414,0.20625964,0.7753072,0.6315839,7.277727E-4
1356423585308,-0.1360792,0.15110007,-0.9791074,-0.6112902,0.76492673,0.20300569,0.7796196,0.62614363,-0.011724651
1356423585348,-0.15269789,0.14491086,-0.977591,-0.60277116,0.7702383,0.20832619,0.7831668,0.6210747,-0.030265689
1356423585388,-0.18008879,0.14314198,-0.9731796,-0.5922208,0.77417016,0.22346187,0.78539336,0.6165801,-0.054647684
1356423585428,-0.21735187,0.1465439,-0.9650301,-0.57844573,0.7770197,0.24827598,0.7862307,0.61218077,-0.08411896
1356423585469,-0.26184338,0.15262277,-0.95296615,-0.5605336,0.7797551,0.27889803,0.7856464,0.60719705,-0.118623555
1356423585510,-0.31048238,0.15859847,-0.9372551,-0.53858215,0.7831045,0.31092864,0.7832815,0.60132676,-0.15772182
1356423585550,-0.3583602,0.15345502,-0.9208852,-0.5160834,0.78941834,0.33238018,0.7779691,0.5943654,-0.20370054
1356423585588,-0.4033804,0.13689472,-0.9047342,-0.49612248,0.7980783,0.3419554,0.76886064,0.5867971,-0.25401258
1356423585629,-0.44117728,0.0985131,-0.8919966,-0.48611632,0.80927,0.32980746,0.7543565,0.5791176,-0.30914277
1356423585668,-0.47016233,0.047724754,-0.8812887,-0.48653522,0.81909454,0.3039204,0.73636335,0.5716699,-0.36188763
1356423585709,-0.48906028,-0.004924327,-0.8722361,-0.49455678,0.8252772,0.27263734,0.718494,0.5647063,-0.40604568
1356423585748,-0.4979003,-0.04444766,-0.8660945,-0.5036981,0.82779086,0.24708396,0.70596284,0.55927336,-0.43454558
1356423585790,-0.49895918,-0.05743915,-0.8647199,-0.5075934,0.8281065,0.23788355,0.70241636,0.5576203,-0.44234705
1356423585829,-0.49165124,-0.049645722,-0.8693758,-0.5086842,0.8266906,0.240464,0.70676684,0.56046224,-0.4316975
1356423585857,-0.47802982,-0.031607255,-0.8777747,-0.50973266,0.823834,0.24793181,0.71530414,0.5659492,-0.40992844
1356423585897,-0.4613183,0.013836727,-0.8871268,-0.50500005,0.81801504,0.27536583,0.72949326,0.5750304,-0.37037778
1356423585938,-0.43752635,0.074044555,-0.89615184,-0.50163865,0.80701196,0.31159335,0.74627703,0.5858747,-0.3159454
1356423585978,-0.40761846,0.1373921,-0.9027573,-0.5034845,0.79094857,0.34771213,0.76180744,0.59625816,-0.25323045
1356423586018,-0.37457108,0.19692117,-0.9060456,-0.5108629,0.77165204,0.37890932,0.7737672,0.60479355,-0.18843883
1356423586058,-0.34109467,0.24730721,-0.90691423,-0.522529,0.75210774,0.40161848,0.78142035,0.61087894,-0.12731475
1356423586098,-0.30926988,0.28593338,-0.9069697,-0.5363784,0.735095,0.41464874,0.78527075,0.61471736,-0.07397419
1356423586138,-0.2801458,0.31166965,-0.907954,-0.5507146,0.7225238,0.4179387,0.7862772,0.6171073,-0.030771017
1356423586178,-0.25390616,0.3242244,-0.91126835,-0.5647361,0.71518207,0.4118101,0.7852417,0.6191874,0.0015121102
1356423586218,-0.2300579,0.32352096,-0.91782755,-0.5784522,0.71297604,0.39630562,0.78260225,0.62209266,0.023115635
1356423586258,-0.20775089,0.30971837,-0.9278546,-0.5921379,0.7151915,0.37131363,0.77859646,0.62655854,0.03481424
1356423586298,-0.1860359,0.2835451,-0.94074064,-0.60594237,0.72059166,0.33701876,0.77344984,0.63273215,0.037756085
1356423586338,-0.16421132,0.24720496,-0.95494723,-0.619643,0.7273959,0.2948522,0.76751363,0.64014447,0.033732235
1356423586378,-0.14231198,0.2057394,-0.9682038,-0.6321276,0.7338187,0.24884713,0.7616837,0.6474422,0.025622368
1356423586418,-0.12144767,0.16645814,-0.97854084,-0.6413241,0.73927903,0.20535308,0.7575974,0.65250146,0.01696992
1356423586458,-0.10349013,0.13581112,-0.9853147,-0.6452224,0.74474466,0.17042145,0.756953,0.6533841,0.010554671
1356423586499,-0.090544775,0.116859645,-0.98901236,-0.64290524,0.7515773,0.14766324,0.76057506,0.64921135,0.00707829
1356423586545,-0.08472657,0.11068019,-0.9902381,-0.6319591,0.7623829,0.13928409,0.77035654,0.63759094,0.0053512454
1356423586576,-0.09167421,0.11919047,-0.9886301,-0.61909074,0.77079564,0.15033545,0.7799503,0.62583363,0.0031276345
1356423586618,-0.10341109,0.12927707,-0.9862016,-0.60379285,0.77976567,0.1655287,0.7904052,0.6125789,-0.0025798678
1356423586658,-0.12786652,0.14929374,-0.9804904,-0.5857077,0.786435,0.1961286,0.8003728,0.5993591,-0.0131162405
1356423586698,-0.16322072,0.1752355,-0.97090244,-0.5646186,0.7904187,0.23757984,0.8090519,0.5869675,-0.030071497
1356423586738,-0.20749947,0.20302829,-0.95693445,-0.53998625,0.79191494,0.28510627,0.8156953,0.5758908,-0.054689407
1356423586779,-0.25742266,0.22675624,-0.9393163,-0.51225257,0.7922232,0.33163166,0.81934774,0.5665367,-0.08777976
1356423586832,-0.30913275,0.22385775,-0.92429686,-0.48627347,0.79803735,0.35591364,0.81729746,0.5594856,-0.13784337
1356423586869,-0.3669147,0.22064628,-0.9037084,-0.45829642,0.80251545,0.3820123,0.8095295,0.55433226,-0.19333327
1356423586910,-0.41776264,0.19443312,-0.88750786,-0.43995765,0.8113747,0.38484842,0.7949287,0.55124116,-0.2534197
1356423586950,-0.46031177,0.14759804,-0.87540156,-0.43463856,0.82234704,0.36719844,0.77408165,0.54950905,-0.31438422
1356423586989,-0.4929322,0.090714425,-0.86532575,-0.44050637,0.83164334,0.33811754,0.75031453,0.54785055,-0.36998355
1356423587029,-0.51468676,0.039053857,-0.8564884,-0.4510899,0.8371887,0.3092458,0.7291197,0.545518,-0.41327316
1356423587069,-0.52599,0.0056737512,-0.85047185,-0.45963216,0.8394728,0.28986835,0.7155926,0.54337204,-0.4389465
1356423587109,-0.5280364,-0.0036048144,-0.849214,-0.46331275,0.8392784,0.28452253,0.71170133,0.54368997,-0.44483972
1356423587149,-0.5219337,0.010572031,-0.8529206,-0.46315438,0.83616865,0.2937857,0.71629137,0.5483705,-0.4315281
1356423587189,-0.5085758,0.044106454,-0.85988677,-0.4614145,0.82921517,0.3154345,0.72694385,0.55718654,-0.40136743
1356423587229,-0.48892513,0.09149028,-0.86751467,-0.46012247,0.8178425,0.34557348,0.7411069,0.56812257,-0.357767
1356423587269,-0.46424785,0.14642347,-0.87351835,-0.46118802,0.8020284,0.3795471,0.7561612,0.5790601,-0.3048113
1356423587309,-0.43619835,0.20274052,-0.876714,-0.46614197,0.78246486,0.41286862,0.76970303,0.58876574,-0.246804
1356423587349,-0.40659153,0.25473875,-0.8773776,-0.47565293,0.7608995,0.44134596,0.78002405,0.5967748,-0.18820804
1356423587389,-0.3771109,0.2980345,-0.8769052,-0.4890985,0.7399367,0.4618185,0.7864922,0.6030498,-0.13326997
1356423587429,-0.3489463,0.33021465,-0.8770375,-0.50484025,0.7222252,0.4727865,0.7895396,0.60774094,-0.08531213
1356423587469,-0.32258233,0.3503941,-0.87929773,-0.5210782,0.7097839,0.47400865,0.7902013,0.6110897,-0.046380997
1356423587508,-0.29795384,0.35874268,-0.8846056,-0.5366334,0.70345116,0.46602678,0.7894606,0.6135634,-0.017082691
1356423587548,-0.27469808,0.35583246,-0.8932661,-0.55120224,0.7029293,0.44951808,0.787856,0.615852,0.0030423403
1356423587588,-0.2524155,0.34235978,-0.9050282,-0.5648767,0.7072563,0.42509145,0.78562117,0.618529,0.014868617
1356423587628,-0.23088798,0.31891742,-0.9192292,-0.5776484,0.71530986,0.39326084,0.7829514,0.6217905,0.019065738
1356423587668,-0.20998156,0.2860384,-0.9349277,-0.58957094,0.7257821,0.35446653,0.7799448,0.62563765,0.016239107
1356423587708,-0.18972532,0.24561974,-0.95061827,-0.60088444,0.7366643,0.31026366,0.77649343,0.63007665,0.007825196
1356423587748,-0.17050831,0.20263407,-0.96429586,-0.6113316,0.74575514,0.26480725,0.7727876,0.6346563,-0.003280878
1356423587788,-0.15328483,0.1643174,-0.9744248,-0.6195353,0.752238,0.22430785,0.7698571,0.6380735,-0.013506293
1356423587831,-0.13944706,0.13646944,-0.98078054,-0.62370116,0.75719655,0.19403677,0.76912373,0.63877183,-0.020472705
1356423587869,-0.13052987,0.1205731,-0.9840854,-0.6232848,0.76192564,0.17602642,0.7710239,0.6363422,-0.024302661
1356423587909,-0.12768902,0.11503163,-0.98512095,-0.61861,0.7671395,0.16976087,0.775253,0.63108224,-0.026795566
1356423587949,-0.13277058,0.11764303,-0.9841402,-0.6112726,0.7718889,0.17473769,0.78020364,0.62477803,-0.030572176
1356423587989,-0.14711267,0.12656246,-0.98098916,-0.6028717,0.77479374,0.19036892,0.7841578,0.61941636,-0.037681043
1356423588030,-0.17163138,0.14126632,-0.9749802,-0.5936936,0.7749378,0.2167932,0.7861746,0.61604804,-0.04913473
1356423588069,-0.20611808,0.16125967,-0.965148,-0.58250296,0.7723074,0.2534393,0.7862605,0.61443996,-0.065252304
1356423588109,-0.24849717,0.18408981,-0.9509786,-0.56771636,0.767791,0.2969767,0.7848231,0.61368394,-0.08628309
1356423588149,-0.29508275,0.20496003,-0.9332296,-0.5488912,0.7631071,0.34115377,0.78207713,0.61291015,-0.112679005
1356423588189,-0.34160227,0.21761951,-0.9143029,-0.5275513,0.7607104,0.37816584,0.777816,0.61152387,-0.14505494
1356423588229,-0.38430756,0.21562447,-0.89767134,-0.5073531,0.7630222,0.4004872,0.77129793,0.6093466,-0.18383747
1356423588268,-0.42044044,0.19383305,-0.88637376,-0.49349064,0.77092516,0.40266782,0.76137817,0.606715,-0.2284733
1356423588308,-0.44786185,0.15189901,-0.8811053,-0.4901547,0.78247225,0.3840385,0.74777544,0.6038741,-0.27598542
1356423588348,-0.46455723,0.097219765,-0.88019025,-0.49714082,0.79391253,0.35007694,0.7328285,0.60020924,-0.3204859
1356423588388,-0.4691791,0.042991534,-0.8820559,-0.5096,0.80255574,0.31018072,0.7212342,0.595026,-0.35463393
1356423588428,-0.46177846,0.0010848045,-0.8869946,-0.52220935,0.8079896,0.2728557,0.7169783,0.5891958,-0.37254566
1356423588468,-0.44304025,-0.02342105,-0.8961957,-0.53304577,0.8106408,0.24232954,0.72081727,0.5850751,-0.37163103
1356423588509,-0.41386002,-0.028012186,-0.90990937,-0.5415337,0.81101733,0.2213416,0.73175204,0.58435106,-0.3508172
1356423588548,-0.37438396,-0.022937894,-0.92699,-0.5503757,0.81005377,0.2022362,0.74627286,0.58590674,-0.31589556
1356423588588,-0.3279487,-0.0058936775,-0.9446771,-0.5572747,0.8086684,0.18841517,0.7628201,0.5882352,-0.26848614
1356423588627,-0.27503687,0.014877379,-0.96131855,-0.56411743,0.8071768,0.17388798,0.77854115,0.59012216,-0.21361083
1356423588668,-0.2638511,0.09993598,-0.95937246,-0.55188334,0.8000881,0.2351252,0.79107994,0.5914997,-0.15595114
1356423588707,-0.17050637,0.06442711,-0.9832481,-0.5763055,0.802871,0.15254581,0.7992494,0.59266126,-0.09976494
1356423588748,-0.0949052,0.04762593,-0.9943464,-0.58809507,0.80323994,0.09460318,0.8032043,0.59374857,-0.04822308
1356423588788,-0.033955336,0.03968671,-0.998635,-0.59382033,0.8029091,0.052099317,0.80388075,0.5947789,-0.0036962628
1356423588832,0.0149000585,0.03446889,-0.99929464,-0.59683037,0.80214787,0.018769592,0.80222905,0.5961298,0.03252417
1356423588869,0.053948976,0.026919097,-0.99818087,-0.5984607,0.80108017,-0.010741591,0.7993337,0.5979515,0.059327424
1356423588909,0.08439026,0.01477021,-0.99632335,-0.6000292,0.79902804,-0.03897816,0.7955146,0.6011124,0.07629275
1356423588949,0.108309545,-0.004019588,-0.99410915,-0.60205114,0.795487,-0.06881079,0.7910775,0.6059574,0.083738804
1356423588979,0.12781113,-0.02604431,-0.9914566,-0.6039318,0.7909099,-0.09863061,0.7867216,0.6113782,0.08535808
1356423589019,0.14255944,-0.055382103,-0.98823565,-0.60727274,0.78353304,-0.13151336,0.78159887,0.618877,0.07806796
1356423589058,0.1547004,-0.08977178,-0.9838744,-0.6118574,0.7731905,-0.16675426,0.77569216,0.62778777,0.064685345
1356423589098,0.16496432,-0.124514505,-0.97840834,-0.616783,0.7610771,-0.200849,0.7696527,0.6365986,0.04875213
1356423589138,0.17385808,-0.15548898,-0.97241795,-0.6200173,0.7498859,-0.23075888,0.7650831,0.6430352,0.033967853
1356423589178,0.18141484,-0.18040115,-0.96671826,-0.61979544,0.7422395,-0.2548219,0.7635066,0.645396,0.022841454
1356423589218,0.18699852,-0.19902559,-0.96198773,-0.6157691,0.7392529,-0.2726419,0.76541495,0.6433459,0.01568538
1356423589258,0.18927172,-0.21259815,-0.9586335,-0.60906714,0.7403571,-0.28444415,0.7702034,0.6377094,0.010642111
1356423589298,0.18655112,-0.22259682,-0.95689565,-0.6019101,0.7438928,-0.29039234,0.7764682,0.6301382,0.0047907233
1356423589338,0.17738515,-0.22975968,-0.9569456,-0.5967831,0.7480738,-0.29023343,0.7825499,0.6225721,-0.0044195056
1356423589378,0.16094896,-0.23418093,-0.9587777,-0.5953498,0.75176644,-0.28355926,0.7871811,0.6164467,-0.018423557
1356423589418,0.13720149,-0.23652013,-0.9618909,-0.59777194,0.75454366,-0.27079993,0.78983825,0.6121455,-0.037860572
1356423589458,0.106787056,-0.23833123,-0.9652951,-0.60297954,0.7564198,-0.2534653,0.79057705,0.6091201,-0.06293303
1356423589499,0.07115948,-0.24186806,-0.9676963,-0.6095427,0.75739175,-0.2341268,0.78955305,0.6065126,-0.09353334
1356423589545,0.031207558,-0.25772643,-0.96571386,-0.6181684,0.75425935,-0.22127064,0.785426,0.6038791,-0.13577974
1356423589576,-0.011221323,-0.26938438,-0.96296734,-0.6266947,0.75231797,-0.20315364,0.77918404,0.6012069,-0.17726374
1356423589619,-0.04702553,-0.29572234,-0.95411575,-0.6387707,0.7432482,-0.19888213,0.76795876,0.6001086,-0.22385043
1356423589658,-0.075989395,-0.3319054,-0.94024706,-0.6561308,0.72669303,-0.20349368,0.7508116,0.60146165,-0.27299428
1356423589698,-0.09599298,-0.37494242,-0.92206484,-0.6791531,0.70189136,-0.21470824,0.72769254,0.60561264,-0.32201993
1356423589739,-0.106121,-0.41813624,-0.90216434,-0.703812,0.6724976,-0.22890107,0.7024151,0.6106628,-0.36565542
1356423589779,-0.107055485,-0.45478326,-0.88414437,-0.7240539,0.6450877,-0.24414699,0.6813846,0.61403096,-0.3983478
1356423589839,-0.100112736,-0.47758472,-0.87286323,-0.73365223,0.6280322,-0.25948018,0.67211,0.6144008,-0.41325516
1356423589871,-0.08417311,-0.48846638,-0.86851335,-0.7341964,0.61969435,-0.2773708,0.67369914,0.61431223,-0.41079187
1356423589910,-0.0648644,-0.48496956,-0.8721222,-0.72752017,0.6211703,-0.29131067,0.68301326,0.6155908,-0.39311695
1356423589951,-0.044615,-0.46348935,-0.8849786,-0.71363515,0.6347048,-0.2964366,0.6990954,0.6183263,-0.3590796
1356423589990,-0.02292955,-0.42721638,-0.9038586,-0.6943599,0.65725905,-0.2930441,0.7192624,0.6208838,-0.31171256
1356423590031,-5.7327934E-4,-0.37884885,-0.9254583,-0.6721664,0.6853555,-0.28014308,0.74039984,0.62190145,-0.25504237
1356423590070,0.021711469,-0.3213308,-0.94671804,-0.64977974,0.71513206,-0.25762853,0.7598124,0.62075174,-0.19326764
1356423590109,0.043863386,-0.26215762,-0.9640277,-0.63009554,0.7415705,-0.23033205,0.7752778,0.61753273,-0.13265651
1356423590139,0.06593236,-0.2127044,-0.97488964,-0.61501193,0.7607077,-0.20756717,0.78575647,0.6132542,-0.08066052
1356423590178,0.08593392,-0.17259142,-0.9812378,-0.60481703,0.77360255,-0.18903828,0.7917145,0.60971415,-0.03790754
1356423590219,0.10739198,-0.14951041,-0.98291075,-0.5987563,0.7795116,-0.18399096,0.7936988,0.60828316,-0.0058069825
1356423590259,0.13001421,-0.14321558,-0.9811145,-0.5958885,0.77958906,-0.19276375,0.79247284,0.60969687,0.016017139
1356423590298,0.1536516,-0.15077527,-0.9765543,-0.5944747,0.77532446,-0.2132414,0.78929794,0.6133016,0.029497743
1356423590340,0.17685053,-0.1678991,-0.96981126,-0.59417367,0.7673221,-0.241194,0.78465384,0.61889154,0.03594011
1356423590378,0.19944319,-0.19116943,-0.961081,-0.59406614,0.7564079,-0.27373815,0.7792996,0.6255409,0.037293136
1356423590419,0.21991801,-0.21756192,-0.95094836,-0.5950284,0.74255615,-0.3074924,0.77303123,0.63346446,0.03384596
1356423590458,0.23797157,-0.24489047,-0.93989265,-0.59758663,0.72593796,-0.34044734,0.765676,0.6426841,0.026409328
1356423590499,0.2530742,-0.2703681,-0.92889965,-0.60158587,0.70797026,-0.36996287,0.75765944,0.65244097,0.016519427
1356423590539,0.26490274,-0.29184765,-0.9190492,-0.6054444,0.6914698,-0.39408958,0.75050884,0.6608286,0.0064747334
1356423590579,0.2731017,-0.3079568,-0.91136056,-0.6074175,0.67942935,-0.41160622,0.7459621,0.6659868,-0.0015050769
1356423590619,0.27707544,-0.3180481,-0.9066833,-0.60672677,0.67379266,-0.42176533,0.7450583,0.6669699,-0.0062769055
1356423590658,0.2757028,-0.32203358,-0.9056943,-0.60439515,0.67458403,-0.4238429,0.74745864,0.6642519,-0.008650839
1356423590700,0.26833528,-0.32217604,-0.90785396,-0.6010697,0.68046767,-0.41914076,0.7528024,0.6581537,-0.011056781
1356423590748,0.25224057,-0.32060385,-0.91301036,-0.5990998,0.6892022,-0.407529,0.759904,0.6497797,-0.018228948
1356423590788,0.22269884,-0.30996436,-0.9242983,-0.60302603,0.7011659,-0.38042873,0.76600575,0.64209694,-0.030767739
1356423590834,0.18537945,-0.29885235,-0.9361205,-0.6099254,0.71192896,-0.34806335,0.77047086,0.63548756,-0.050300658
1356423590869,0.1396476,-0.28761607,-0.9475102,-0.6186302,0.7218178,-0.31028336,0.7731722,0.6294887,-0.077127874
1356423590909,0.087133765,-0.27942884,-0.9562046,-0.6272733,0.73028773,-0.27056986,0.7739095,0.62337744,-0.11164552
1356423590949,0.030954063,-0.27848786,-0.9599408,-0.63500357,0.736199,-0.23405448,0.77188885,0.6168108,-0.15405244
1356423590979,-0.025201976,-0.28016996,-0.95961946,-0.6411121,0.74105763,-0.19952157,0.7670333,0.6101953,-0.19829649
1356423591018,-0.070916414,-0.30543447,-0.9495686,-0.6506569,0.73571795,-0.1880552,0.7560532,0.60450715,-0.25090748
1356423591058,-0.107381165,-0.34522218,-0.9323577,-0.6655081,0.7216554,-0.19055822,0.73862594,0.60002923,-0.30724037
1356423591098,-0.13289645,-0.3907215,-0.9108651,-0.68359715,0.7015769,-0.20120822,0.71765834,0.5959249,-0.3603332
1356423591138,-0.14860898,-0.4300994,-0.89046603,-0.69967663,0.6820716,-0.21267553,0.6988333,0.5914328,-0.4022925
1356423591178,-0.15719062,-0.45383763,-0.8771103,-0.7092217,0.6699317,-0.21953593,0.6872377,0.5875567,-0.4271785
1356423591218,-0.16087341,-0.45734036,-0.8746196,-0.71054363,0.66871274,-0.21897717,0.6850164,0.58622783,-0.4325384
1356423591258,-0.16049635,-0.44020426,-0.8834371,-0.7040938,0.6783194,-0.21008246,0.69173175,0.5883052,-0.41881293
1356423591298,-0.1555863,-0.40496877,-0.9009957,-0.6915978,0.69591814,-0.19336608,0.7053265,0.59304154,-0.38835084
1356423591338,-0.14533919,-0.35593334,-0.9231403,-0.6756252,0.7173282,-0.17020832,0.72277737,0.59895885,-0.34473342
1356423591378,-0.12932801,-0.2989591,-0.94546163,-0.6592047,0.7381931,-0.14324847,0.74075866,0.6047267,-0.2925443
1356423591418,-0.10779691,-0.24128583,-0.9644485,-0.6451689,0.755061,-0.11679034,0.7563973,0.60964257,-0.23706335
1356423591458,-0.08177492,-0.1894678,-0.9784758,-0.6352655,0.7663902,-0.0953089,0.7679522,0.613798,-0.18303382
1356423591498,-0.05235204,-0.14916772,-0.987425,-0.6299401,0.7721689,-0.08325088,0.77487725,0.6176603,-0.13439137
1356423591538,-0.020716757,-0.12336126,-0.99214554,-0.62837684,0.77346313,-0.083049744,0.7776332,0.6217208,-0.093541026
1356423591578,0.012250759,-0.1125181,-0.9935741,-0.6291932,0.771407,-0.095116526,0.77715236,0.62631536,-0.06134534
1356423591618,0.045832932,-0.11484921,-0.992325,-0.6310772,0.76671034,-0.117884934,0.7743649,0.6316367,-0.037338138
1356423591658,0.07942408,-0.12758845,-0.988642,-0.6331051,0.75961107,-0.14889249,0.7699803,0.6377399,-0.020445466
1356423591698,0.11264241,-0.14855587,-0.9824678,-0.63459474,0.75008535,-0.18617596,0.7645922,0.6444402,-0.009781361
1356423591738,0.14507654,-0.17610998,-0.9736211,-0.6352653,0.73783433,-0.22811963,0.7585452,0.6516025,-0.0048341155
1356423591778,0.17643812,-0.20817523,-0.96204615,-0.6351423,0.7225989,-0.27284613,0.7519733,0.6591767,-0.0047269464
1356423591834,0.20613575,-0.24285102,-0.947909,-0.6347319,0.70407957,-0.31841385,0.7447305,0.6673045,-0.009009302
1356423591869,0.23633924,-0.2775713,-0.93118095,-0.63001513,0.6858152,-0.36433297,0.73974645,0.67276424,-0.012789011
1356423591909,0.26108497,-0.30532435,-0.9157574,-0.6217388,0.67249954,-0.40147877,0.73842764,0.67418206,-0.014252484
1356423591949,0.27984333,-0.3267337,-0.9027363,-0.6105595,0.665078,-0.42998648,0.7408811,0.67150307,-0.013372719
1356423591989,0.29177105,-0.34314305,-0.8928172,-0.598474,0.6626431,-0.4502588,0.7461223,0.6657004,-0.012022138
1356423592028,0.29594696,-0.3558003,-0.8864658,-0.58808726,0.6634315,-0.4626143,0.7527076,0.6582285,-0.012901068
1356423592068,0.2916882,-0.36512595,-0.8840821,-0.5815659,0.666114,-0.4669831,0.75940704,0.6503654,-0.018047214
1356423592108,0.27868468,-0.37101296,-0.885824,-0.5800021,0.6701418,-0.46314958,0.7654622,0.64285254,-0.028430045
1356423592148,0.25712472,-0.37413242,-0.8910173,-0.58326435,0.6750611,-0.451769,0.7705126,0.6358596,-0.044643223
1356423592188,0.22782376,-0.3765914,-0.8979283,-0.59041584,0.67987823,-0.43494233,0.7742774,0.6292413,-0.06745309
1356423592228,0.19252104,-0.38174012,-0.90399677,-0.6002226,0.68299073,-0.41624093,0.7763173,0.6227344,-0.097638965
1356423592268,0.1542269,-0.3940243,-0.90606785,-0.6116964,0.6820818,-0.40073913,0.77591336,0.61604315,-0.1358279
1356423592308,0.117002845,-0.41747278,-0.9011253,-0.6249507,0.6742344,-0.39350298,0.7718464,0.6091999,-0.18201256
1356423592348,0.085297555,-0.45350108,-0.8871647,-0.64132094,0.6564461,-0.3972229,0.76251674,0.60283947,-0.23484647
1356423592388,0.062446088,-0.4982976,-0.86475426,-0.66145897,0.6281646,-0.40973306,0.7473771,0.5975857,-0.29037702
1356423592428,0.049360633,-0.54382205,-0.8377476,-0.6828954,0.5937048,-0.4256388,0.72884655,0.59310377,-0.34206796
1356423592468,0.04448837,-0.5819708,-0.8119919,-0.7006743,0.5611832,-0.44060063,0.71209294,0.5885434,-0.38280588
1356423592508,0.04513803,-0.60704863,-0.7933817,-0.7106141,0.5386852,-0.45259902,0.7021326,0.5842176,-0.40706205
1356423592548,0.048702747,-0.6153823,-0.7867227,-0.71143377,0.531481,-0.45977163,0.7010636,0.58209324,-0.41191912
1356423592586,0.053809345,-0.60560536,-0.79394376,-0.7040882,0.54079,-0.4602238,0.7080709,0.58377075,-0.3973
1356423592628,0.060193956,-0.5777234,-0.8140101,-0.6900233,0.56518096,-0.4521486,0.7212798,0.58890253,-0.36462212
1356423592668,0.068944395,-0.53509074,-0.84197664,-0.671704,0.59911335,-0.43574873,0.7376046,0.59560144,-0.31811708
1356423592708,0.08075872,-0.48049492,-0.8732712,-0.65185684,0.63733435,-0.41095942,0.75402963,0.60243636,-0.2617436
1356423592748,0.096612185,-0.41984496,-0.9024391,-0.633548,0.67334217,-0.381087,0.76764774,0.6085562,-0.20093888
1356423592788,0.116603464,-0.36071786,-0.9253574,-0.6190835,0.7021589,-0.35172203,0.77662045,0.6138855,-0.14144033
1356423592837,0.14001915,-0.3103938,-0.94023955,-0.6094302,0.7213989,-0.32890517,0.78037786,0.6190634,-0.08815366
1356423592870,0.16560182,-0.27361,-0.94747746,-0.60419786,0.7311737,-0.31674916,0.77943623,0.6249181,-0.04423088
1356423592910,0.19193071,-0.25165454,-0.94859505,-0.6021761,0.7330309,-0.31630635,0.77494943,0.6319301,-0.010849178
1356423592949,0.21799126,-0.24360548,-0.94505876,-0.6018467,0.7287432,-0.32667083,0.768284,0.63999194,0.0122464895
1356423592990,0.24327943,-0.24736097,-0.9378847,-0.6018752,0.71976495,-0.34595472,0.76063216,0.6486532,0.0262236
1356423593030,0.26763055,-0.26067963,-0.9275882,-0.6015488,0.7068281,-0.3722002,0.7526705,0.6576018,0.032357275
1356423593071,0.29096478,-0.2818451,-0.91427726,-0.60058385,0.69006884,-0.40386143,0.74474066,0.66660964,0.03151411
1356423593110,0.3129325,-0.3088718,-0.8981489,-0.59879524,0.669869,-0.43899864,0.7372364,0.6751842,0.024672806
1356423593151,0.33287048,-0.33843148,-0.8801485,-0.5959975,0.64779806,-0.47449404,0.73074216,0.6825114,0.013928533
1356423593190,0.35004023,-0.3662776,-0.8621558,-0.5919534,0.62682575,-0.5066367,0.72599113,0.68769926,0.0025950074
1356423593231,0.36369753,-0.38942426,-0.8462109,-0.586391,0.6101312,-0.53280914,0.72378844,0.68999183,-0.0064516664
1356423593270,0.37307015,-0.4074671,-0.83354014,-0.5791323,0.5996213,-0.5523224,0.7248617,0.6887851,-0.01227653
1356423593311,0.37728527,-0.42182383,-0.82445157,-0.5706871,0.59522915,-0.5657017,0.72936404,0.6839348,-0.016158283
1356423593350,0.37559775,-0.43403006,-0.81886756,-0.5625905,0.5953646,-0.5736139,0.7364905,0.6761352,-0.020563602
1356423593391,0.36768055,-0.44455123,-0.81681406,-0.55683327,0.59823304,-0.57624125,0.7448139,0.6667019,-0.027582228
1356423593431,0.3537534,-0.45434135,-0.81757724,-0.5541535,0.6023646,-0.5745179,0.7535068,0.65630096,-0.038686275
1356423593470,0.33404788,-0.46243453,-0.8213198,-0.55501616,0.6077825,-0.5679415,0.7618196,0.64556545,-0.053630173
1356423593511,0.31013572,-0.47347075,-0.8244036,-0.55801266,0.61141276,-0.5610671,0.76969975,0.63403463,-0.07458174
1356423593548,0.2823981,-0.48655516,-0.8267499,-0.56369215,0.6131795,-0.55340946,0.7762103,0.6223142,-0.101106584
1356423593588,0.2546317,-0.5089981,-0.8222431,-0.5712963,0.6068543,-0.5525834,0.78024566,0.6104496,-0.13626438
1356423593628,0.22960514,-0.54313874,-0.80763966,-0.58232343,0.58823633,-0.5611394,0.7798596,0.599148,-0.18122035
1356423593668,0.21138567,-0.5881285,-0.78065413,-0.5988967,0.553262,-0.57898533,0.77242404,0.5899204,-0.23527652
1356423593708,0.20256314,-0.6371741,-0.74362445,-0.62219405,0.50265026,-0.60018104,0.7562028,0.58425325,-0.29462755
1356423593748,0.20296186,-0.6815571,-0.703055,-0.6493661,0.44371444,-0.61760926,0.7328917,0.5818912,-0.35252297
1356423593788,0.21039253,-0.7157347,-0.6659271,-0.67330396,0.38778442,-0.6295118,0.70879954,0.580816,-0.40032005
1356423593837,0.22236687,-0.73850626,-0.636523,-0.6871336,0.34445214,-0.6396875,0.69166493,0.5796216,-0.43085772
1356423593869,0.23670113,-0.75009626,-0.6175178,-0.6886899,0.31878918,-0.651214,0.6853312,0.5794214,-0.44112593
1356423593909,0.2519139,-0.7504062,-0.6110892,-0.679568,0.3124044,-0.6637703,0.6890043,0.5824896,-0.43125296
1356423593949,0.26706743,-0.73959315,-0.6178001,-0.66237986,0.32475752,-0.6751188,0.69994843,0.5895206,-0.40315944
1356423593989,0.28170553,-0.71867794,-0.63572323,-0.6398019,0.35306016,-0.6826434,0.71504927,0.59904134,-0.36035252
1356423594029,0.29544318,-0.6883055,-0.6625321,-0.6150074,0.39366096,-0.68322533,0.7310808,0.6093164,-0.30700856
1356423594069,0.3080926,-0.64909756,-0.69552225,-0.5915458,0.44186753,-0.6744084,0.74508554,0.6192135,-0.24783486
1356423594108,0.31982577,-0.6030794,-0.73075765,-0.5720218,0.49194127,-0.656342,0.7553162,0.62792444,-0.18763906
1356423594148,0.33129,-0.55429816,-0.7635447,-0.557318,0.5380275,-0.6323947,0.76134324,0.63504326,-0.13067722
1356423594188,0.34365126,-0.50882554,-0.7893037,-0.54666245,0.5750206,-0.6086965,0.7635862,0.640662,-0.08054924
1356423594228,0.35824144,-0.4732369,-0.8048043,-0.5383184,0.5995993,-0.5921942,0.7628082,0.64538944,-0.039950788
1356423594268,0.37595874,-0.45225438,-0.80877745,-0.5305483,0.61053085,-0.58802265,0.7597194,0.65016776,-0.010408342
1356423594309,0.3967564,-0.446932,-0.8017706,-0.5226626,0.60804486,-0.5975829,0.7545914,0.6561503,0.0076510906
1356423594348,0.41958234,-0.45499372,-0.7854498,-0.51482284,0.5933851,-0.61875,0.74760157,0.66398406,0.0147327185
1356423594388,0.44275758,-0.4718906,-0.7624205,-0.5072051,0.5693773,-0.6469563,0.73939747,0.6731484,0.012750745
1356423594428,0.46449623,-0.49227494,-0.73614454,-0.49936146,0.54090315,-0.67680275,0.7313559,0.68197453,0.0054243803
1356423594468,0.48345244,-0.5121213,-0.70993334,-0.49000573,0.5137183,-0.70426404,0.7253744,0.6883496,-0.0025840402
1356423594508,0.49875292,-0.5297683,-0.68599635,-0.4778152,0.49228188,-0.7275652,0.7231446,0.6906548,-0.0076043606
1356423594548,0.50968874,-0.54550123,-0.6653162,-0.4626069,0.47824115,-0.74651206,0.72540486,0.68826866,-0.008598477
1356423594588,0.5155607,-0.560237,-0.64832985,-0.44605917,0.4705488,-0.7613245,0.731593,0.6817025,-0.0073024035
1356423594628,0.51579535,-0.57400835,-0.6359792,-0.4317075,0.4670607,-0.77167535,0.73998904,0.6725836,-0.006896019
1356423594668,0.50999075,-0.58572376,-0.62995005,-0.42364192,0.4663378,-0.7765672,0.7486234,0.66291535,-0.01030913
1356423594708,0.4977526,-0.5945166,-0.6315002,-0.42443806,0.46799654,-0.7751333,0.7563694,0.6538573,-0.019388944
1356423594748,0.4784983,-0.60071397,-0.64045465,-0.43446314,0.47187158,-0.767189,0.76307344,0.6453526,-0.03519833
1356423594788,0.45174217,-0.6057877,-0.654943,-0.45262107,0.47700244,-0.75339425,0.76880634,0.636781,-0.058710158
1356423594840,0.4178067,-0.61215806,-0.671342,-0.4772972,0.4808525,-0.73550546,0.7730621,0.6277288,-0.0912779
1356423594870,0.37896222,-0.6232162,-0.6840973,-0.50678796,0.4787686,-0.71690065,0.77430844,0.6183706,-0.13440329
1356423594911,0.34041592,-0.64233917,-0.68667126,-0.5395121,0.4646782,-0.7021402,0.7700933,0.6094872,-0.18836588
1356423594950,0.30940002,-0.67092717,-0.67389053,-0.57409835,0.43315262,-0.69483083,0.7580784,0.6018601,-0.25116074
1356423594991,0.28734666,-0.7017646,-0.6518884,-0.6092453,0.39125425,-0.6897393,0.73908865,0.59535414,-0.31512117
1356423595030,0.270751,-0.7264689,-0.6316145,-0.6416011,0.35296357,-0.6810028,0.7176643,0.5896267,-0.370538
1356423595071,0.25298482,-0.73881364,-0.6246222,-0.66755545,0.33400476,-0.66544,0.700263,0.58531624,-0.408701
1356423595111,0.22729585,-0.73415,-0.63981277,-0.6861728,0.345468,-0.64017093,0.69101626,0.58453035,-0.42523026
1356423595150,0.19324073,-0.7113889,-0.6757099,-0.6979024,0.3844044,-0.60428923,0.68963057,0.58835286,-0.42219746
1356423595191,0.14121786,-0.65822417,-0.7394582,-0.7042387,0.4581739,-0.5423325,0.6957768,0.5973421,-0.3988446
1356423595230,0.08332622,-0.5788504,-0.81116515,-0.70298326,0.5427941,-0.45955312,0.7063082,0.6085284,-0.36169314
1356423595271,0.01462209,-0.46274906,-0.88636875,-0.6941678,0.63332677,-0.34209412,0.7196648,0.62029076,-0.31196487
1356423595309,-0.052481536,-0.3204043,-0.945826,-0.6779797,0.7068314,-0.20182398,0.7332048,0.63065875,-0.25432318
1356423595349,-0.10717961,-0.17186053,-0.97927344,-0.6584599,0.75025225,-0.059600532,0.74494505,0.6384243,-0.19357497
1356423595389,-0.13911238,-0.044427365,-0.9892795,-0.642393,0.76432604,0.05600828,0.7536439,0.6432976,-0.13486707
1356423595429,-0.14265312,0.04084906,-0.98892945,-0.6353599,0.7623348,0.12313998,0.7589255,0.6458924,-0.08279562
1356423595469,-0.115177006,0.073227674,-0.99064225,-0.6384133,0.7585846,0.13029924,0.7610274,0.64744663,-0.040621936
1356423595527,-0.05467537,0.04855016,-0.9973231,-0.6472384,0.75883937,0.07242364,0.7603243,0.6494656,-0.01006633
1356423595549,0.0369142,-0.029714286,-0.9988765,-0.6521385,0.7566657,-0.046609282,0.75720054,0.65312636,0.008553863
1356423595588,0.14642182,-0.14294021,-0.9788405,-0.64246505,0.73867035,-0.2039725,0.7521963,0.6587368,0.016323388
1356423595626,0.25060502,-0.25860238,-0.93291044,-0.61684275,0.70005745,-0.3597563,0.74612474,0.66561574,0.015920877
1356423595668,0.33231658,-0.35158998,-0.8751858,-0.5846064,0.65138686,-0.48366356,0.74013585,0.67236865,0.010924876
