1356423443271,0.3376509,0.7351522,0.58782923,0.21879351,0.54610157,-0.8086424,-0.9154897,0.4016521,0.023545146
1356423443309,-0.18982041,-0.3797511,-0.9054045,-0.35473007,-0.8333517,0.4239003,-0.915497,0.40163916,0.02347809
1356423443348,-0.18924284,-0.37929296,-0.9057173,-0.35495824,-0.83358437,0.42325124,-0.9155281,0.40158913,0.023116782
1356423443388,-0.18755603,-0.37796172,-0.9066243,-0.35555795,-0.8342865,0.42136022,-0.9156425,0.4013861,0.022088245
1356423443429,-0.18442333,-0.3755246,-0.9082782,-0.3565134,-0.8356295,0.41787735,-0.9159074,0.4008797,0.020230085
1356423443468,-0.18039548,-0.3725304,-0.9103178,-0.35747534,-0.8373828,0.4135231,-0.9163344,0.4000139,0.017889634
1356423443515,-0.17474723,-0.36867392,-0.91298574,-0.3581938,-0.8399147,0.407726,-0.91714805,0.39827484,0.014716044
1356423443558,-0.16795605,-0.3645003,-0.91593134,-0.35869172,-0.8428448,0.40118912,-0.9182216,0.39591917,0.010817751
1356423443600,-0.16001737,-0.3598288,-0.919194,-0.35913613,-0.84615415,0.39375657,-0.9194648,0.3931237,0.006171897
1356423443639,-0.1506651,-0.35391444,-0.9230627,-0.36013108,-0.84991217,0.38464928,-0.920655,0.39037675,5.964637E-4
1356423443678,-0.14088851,-0.3475673,-0.9270099,-0.36143503,-0.8536631,0.37499866,-0.9216915,0.38788685,-0.005351618
1356423443718,-0.13147026,-0.34094077,-0.93084645,-0.3632692,-0.8571087,0.36524004,-0.92236173,0.38616604,-0.011169031
1356423443779,-0.12369901,-0.33504856,-0.93404543,-0.36528885,-0.85980344,0.35679397,-0.9226389,0.38533148,-0.016032606
1356423443798,-0.118646026,-0.3308229,-0.93620473,-0.36725947,-0.8613781,0.35092482,-0.9225202,0.3854659,-0.019298762
1356423443839,-0.117194355,-0.3291858,-0.93696433,-0.3688669,-0.86154395,0.3488256,-0.92206436,0.3864955,-0.020457655
1356423443875,-0.11976874,-0.33059645,-0.9361418,-0.369731,-0.86024946,0.3510981,-0.92138726,0.38817123,-0.019200757
1356423443919,-0.1263724,-0.33503196,-0.9336936,-0.36943367,-0.8576359,0.35774225,-0.9206242,0.39014655,-0.015390635
1356423443958,-0.13554567,-0.3411572,-0.93018234,-0.36779177,-0.8544365,0.3669708,-0.9199765,0.39185467,-0.009659708
1356423443998,-0.14602834,-0.34768942,-0.9261683,-0.3647711,-0.8513143,0.37710202,-0.91957474,0.39290702,-0.0025109798
1356423444038,-0.15684724,-0.3534071,-0.9222268,-0.36066994,-0.84879416,0.3866077,-0.9194107,0.39325786,0.005667776
1356423444078,-0.16757041,-0.35755756,-0.9187344,-0.3558537,-0.84714675,0.39460182,-0.9193956,0.3930586,0.014718488
1356423444118,-0.17770988,-0.35931653,-0.9161392,-0.35081398,-0.84666187,0.4001168,-0.9194285,0.3924991,0.02440679
1356423444158,-0.1862688,-0.35761404,-0.91510445,-0.34616143,-0.8477929,0.4017703,-0.9194978,0.39161116,0.034125254
1356423444199,-0.19210196,-0.35148,-0.9162743,-0.34244835,-0.8509677,0.39822483,-0.919688,0.39027643,0.043108866
1356423444237,-0.19358212,-0.339254,-0.9205611,-0.34066936,-0.85668176,0.38735095,-0.9200382,0.38859114,0.050264835
1356423444278,-0.19140685,-0.32329616,-0.9267378,-0.3400981,-0.8638546,0.37160242,-0.92070436,0.3863091,0.05539532
1356423444318,-0.1863805,-0.30492306,-0.93396163,-0.33999544,-0.8718646,0.35249856,-0.92177296,0.38324156,0.05882606
1356423444358,-0.18024772,-0.28719443,-0.9407604,-0.33902937,-0.8796782,0.33350462,-0.9233471,0.37905884,0.061192654
1356423444398,-0.17472959,-0.27318704,-0.94595903,-0.33600456,-0.88652253,0.31808606,-0.92551094,0.37342557,0.06310964
1356423444438,-0.17096418,-0.2649721,-0.94897896,-0.3303234,-0.89200294,0.30857304,-0.92825526,0.36622486,0.06497401
1356423444479,-0.16913718,-0.26296797,-0.9498634,-0.32225034,-0.8960237,0.30544403,-0.9314222,0.35775575,0.066809535
1356423444518,-0.16860312,-0.26598758,-0.9491173,-0.31272513,-0.8987201,0.30741704,-0.93475986,0.34864426,0.06834602
1356423444558,-0.16877115,-0.27232692,-0.94728786,-0.30289736,-0.90023905,0.31276625,-0.9379602,0.3397169,0.06944733
1356423444598,-0.16982675,-0.28061962,-0.94467527,-0.29371583,-0.90062004,0.32033488,-0.9406858,0.33186755,0.07052701
1356423444638,-0.17245424,-0.28994694,-0.9413768,-0.28553882,-0.8999449,0.3294947,-0.9427233,0.32562238,0.0724082
1356423444678,-0.17699307,-0.29955882,-0.93751687,-0.27803785,-0.8985379,0.33959466,-0.9441231,0.3207711,0.07574635
1356423444718,-0.18279207,-0.30820847,-0.93359226,-0.27074373,-0.8970944,0.34916946,-0.94513744,0.31658968,0.080536306
1356423444758,-0.1882925,-0.3142044,-0.9304954,-0.26352727,-0.89653367,0.35606304,-0.9460969,0.31225488,0.08600908
1356423444798,-0.19184583,-0.31594402,-0.92917955,-0.25704676,-0.8975402,0.35825777,-0.94716537,0.30757284,0.090976894
1356423444838,-0.19271767,-0.31267947,-0.9301029,-0.25293607,-0.90001035,0.35497144,-0.94809455,0.30366585,0.09435999
1356423444878,-0.19145942,-0.30500004,-0.93290854,-0.25322422,-0.9029641,0.347179,-0.9482726,0.3027057,0.0956476
1356423444918,-0.1893223,-0.29471886,-0.93664175,-0.25911838,-0.9050844,0.3371645,-0.94710857,0.30653384,0.09498564
1356423444958,-0.18755406,-0.2845346,-0.94014025,-0.27029708,-0.9052226,0.32788983,-0.9443321,0.3156142,0.09286917
1356423444998,-0.18698514,-0.27770182,-0.9422942,-0.28515777,-0.9025672,0.32257953,-0.9400647,0.32902005,0.089577764
1356423445038,-0.18787634,-0.27748328,-0.9421812,-0.30168992,-0.89658713,0.324214,-0.9347116,0.34515873,0.084733605
1356423445078,-0.190328,-0.28693604,-0.938852,-0.31764036,-0.8868926,0.33544937,-0.9289133,0.36206266,0.07765797
1356423445118,-0.19458234,-0.30831954,-0.93116957,-0.3309845,-0.8729981,0.35822275,-0.92335635,0.37790653,0.067821026
1356423445158,-0.20021307,-0.3420677,-0.91809815,-0.34083953,-0.8542225,0.39259684,-0.91855484,0.39152724,0.05443637
1356423445203,-0.20501131,-0.3857913,-0.89951956,-0.3484248,-0.83006865,0.435415,-0.91464233,0.40267995,0.035754204
1356423445239,-0.20562643,-0.43525517,-0.8765106,-0.35633725,-0.80086607,0.48128727,-0.91145027,0.41129872,0.009581462
1356423445279,-0.1979692,-0.48484302,-0.8519011,-0.36749578,-0.76899624,0.5230599,-0.90871066,0.41661978,-0.025940195
1356423445309,-0.18755752,-0.5343591,-0.8241859,-0.37984914,-0.7343391,0.5625483,-0.90583485,0.4185765,-0.06524497
1356423445340,-0.16601044,-0.57128745,-0.8037855,-0.39674282,-0.7075242,0.5848117,-0.9027932,0.41598096,-0.109197795
1356423445379,-0.11701918,-0.588012,-0.8003426,-0.42018068,-0.70088476,0.5763754,-0.89986366,0.40373552,-0.16505423
1356423445419,-0.047602713,-0.58974874,-0.8061826,-0.44126296,-0.7116565,0.5466552,-0.89611435,0.3817608,-0.22635746
1356423445449,0.022710085,-0.58240604,-0.8125807,-0.4538854,-0.7302029,0.5106777,-0.89077055,0.357221,-0.2809286
1356423445480,0.086859226,-0.5682261,-0.81827533,-0.45737004,-0.75244427,0.47396228,-0.8850243,0.33308664,-0.32524633
1356423445519,0.13257396,-0.55555594,-0.82084215,-0.45239055,-0.7707763,0.4486053,-0.88191104,0.31186783,-0.35351312
1356423445550,0.1597231,-0.54332316,-0.82418954,-0.4434896,-0.7854032,0.43180868,-0.88193274,0.2965497,-0.36640522
1356423445588,0.14676422,-0.5521885,-0.82069975,-0.43290114,-0.78186584,0.44864509,-0.8894138,0.28943685,-0.35379297
1356423445628,0.1054489,-0.56988263,-0.81493217,-0.41865808,-0.76877666,0.48343343,-0.9020011,0.2902004,-0.31965262
1356423445669,0.044188738,-0.59129226,-0.80524576,-0.39899945,-0.74940175,0.52839047,-0.9158858,0.2979437,-0.2690404
1356423445708,-0.027183771,-0.6108032,-0.79131573,-0.3727404,-0.72832423,0.5749857,-0.9275375,0.31058562,-0.20787248
1356423445748,-0.09945154,-0.6245953,-0.7745902,-0.3408566,-0.7099671,0.6162495,-0.93484014,0.32531118,-0.14229006
1356423445788,-0.16543579,-0.63088304,-0.7580354,-0.30680907,-0.6975634,0.6475134,-0.9372829,0.339694,-0.078158736
1356423445828,-0.2208376,-0.62946975,-0.74498236,-0.2755349,-0.69245964,0.66676855,-0.93558073,0.35251617,-0.020519823
1356423445868,-0.26558608,-0.62203085,-0.7365743,-0.25062242,-0.6931997,0.67576814,-0.9309417,0.3640766,0.028209299
1356423445908,-0.30013907,-0.6095258,-0.7337539,-0.23402648,-0.6986573,0.6760988,-0.9247422,0.37464154,0.067049146
1356423445948,-0.32437277,-0.5924082,-0.7374516,-0.22592893,-0.7085222,0.668545,-0.91855234,0.38346946,0.09598315
1356423445988,-0.33747035,-0.5704675,-0.7487861,-0.22572397,-0.72320217,0.6527077,-0.91387224,0.3892885,0.1152911
1356423446028,-0.33873528,-0.5432033,-0.7682373,-0.23266439,-0.74279016,0.6277978,-0.91166097,0.39139873,0.12522517
1356423446068,-0.32845438,-0.51037097,-0.7947573,-0.24532253,-0.76646537,0.59358877,-0.9121044,0.38993874,0.12654348
1356423446108,-0.30911297,-0.47312257,-0.8249874,-0.2607762,-0.7920552,0.551946,-0.91457367,0.3857507,0.121455446
1356423446148,-0.28586954,-0.43507168,-0.85380983,-0.27568182,-0.8159859,0.5081008,-0.91775715,0.38063043,0.113324225
1356423446203,-0.26455355,-0.40150562,-0.876815,-0.28832343,-0.83469236,0.46921027,-0.9202613,0.37693757,0.105057344
1356423446230,-0.2490542,-0.3774078,-0.8919279,-0.2983544,-0.8462601,0.44139394,-0.92138845,0.37604162,0.09816334
1356423446270,-0.24018079,-0.3659766,-0.8990964,-0.30569246,-0.8505685,0.42788476,-0.92133886,0.3776167,0.09241392
1356423446300,-0.2370835,-0.36899835,-0.89868325,-0.30939305,-0.8482126,0.42989677,-0.92090565,0.3799678,0.08693175
1356423446340,-0.23468637,-0.37917113,-0.8950707,-0.31356317,-0.84203714,0.4389209,-0.9201089,0.38366994,0.0787206
1356423446370,-0.2380116,-0.40788957,-0.88146275,-0.3133854,-0.8267529,0.467193,-0.91931504,0.3874349,0.06895015
1356423446410,-0.23750603,-0.4391009,-0.86647636,-0.31599793,-0.80855775,0.4963665,-0.91855115,0.39169478,0.053282365
1356423446440,-0.24168396,-0.4861289,-0.8398021,-0.31529847,-0.7791545,0.54176116,-0.9177013,0.3957233,0.03503351
1356423446480,-0.2377792,-0.52868235,-0.81483495,-0.32178268,-0.74864817,0.5796393,-0.9164698,0.40002593,0.007892206
1356423446510,-0.23624253,-0.57875013,-0.78053683,-0.32812703,-0.70857394,0.6247045,-0.9146158,0.40369704,-0.022508264
1356423446549,-0.2231282,-0.618443,-0.7534866,-0.34486014,-0.6729036,0.65442514,-0.91174847,0.4058682,-0.063132584
1356423446579,-0.20801508,-0.6564807,-0.725095,-0.3641755,-0.6360336,0.6803216,-0.90780276,0.40557897,-0.10676953
1356423446608,-0.18415552,-0.6841268,-0.7057317,-0.38815314,-0.60903406,0.6916752,-0.90300816,0.40130782,-0.15338892
1356423446667,-0.13697225,-0.6961022,-0.7047554,-0.41860014,-0.6041391,0.678078,-0.89778197,0.3878886,-0.20863813
1356423446688,-0.070071876,-0.6932288,-0.71730304,-0.44710234,-0.62097406,0.6438094,-0.8917339,0.36582083,-0.26643136
1356423446728,0.0051344037,-0.6768637,-0.7360904,-0.46614718,-0.6528506,0.5970701,-0.8846922,0.34006092,-0.3188701
1356423446766,0.06961262,-0.65401065,-0.7532757,-0.47381702,-0.6861731,0.55196375,-0.87786764,0.3184912,-0.35764766
1356423446808,0.10646218,-0.63465834,-0.7654245,-0.47346044,-0.7092841,0.52225596,-0.8743576,0.30679768,-0.37599754
1356423446849,0.10904986,-0.6246706,-0.7732366,-0.4678798,-0.71857554,0.51452667,-0.87703854,0.3056727,-0.37063134
1356423446889,0.07631606,-0.6260085,-0.7760729,-0.45683086,-0.7137953,0.5308501,-0.8862739,0.31402165,-0.34045404
1356423446928,0.01943314,-0.6316284,-0.7750277,-0.43938982,-0.70170003,0.56085086,-0.89808625,0.3296402,-0.29116732
1356423446968,-0.05540645,-0.6388066,-0.76736975,-0.41427556,-0.684566,0.59978753,-0.9084635,0.3511346,-0.22671255
1356423447008,-0.13640326,-0.64171493,-0.75471586,-0.38158938,-0.66901666,0.63781357,-0.91421205,0.3749914,-0.15361556
1356423447048,-0.21218932,-0.6369619,-0.7411176,-0.3451252,-0.6606717,0.66663444,-0.9142561,0.39723107,-0.079644114
1356423447088,-0.27416074,-0.62317604,-0.73245305,-0.31184798,-0.66287035,0.6807009,-0.90971786,0.41503552,-0.012603104
1356423447128,-0.31878233,-0.60084325,-0.73305196,-0.28791332,-0.6754729,0.67885363,-0.9030414,0.42746195,0.042337984
1356423447200,-0.34621978,-0.57107913,-0.74431205,-0.27561542,-0.6964531,0.66256255,-0.89675415,0.43453616,0.08372763
1356423447215,-0.3554173,-0.529156,-0.7705015,-0.2783277,-0.7270165,0.627679,-0.8923073,0.43753985,0.11111534
1356423447258,-0.3507439,-0.4839359,-0.80173856,-0.28918153,-0.75831527,0.5842362,-0.8907035,0.43676528,0.12602916
1356423447298,-0.3340494,-0.4360339,-0.83563477,-0.30428672,-0.78920466,0.5334469,-0.89208776,0.43247014,0.13095403
1356423447338,-0.30740827,-0.38672295,-0.8694514,-0.3197727,-0.8185771,0.47715527,-0.89623976,0.42470825,0.12797381
1356423447378,-0.27441776,-0.33783334,-0.9003131,-0.33231676,-0.84525365,0.41846386,-0.90236384,0.414023,0.119684845
1356423447418,-0.24045777,-0.29243976,-0.92555875,-0.34029895,-0.8676176,0.3625414,-0.90905255,0.40214255,0.10910846
1356423447458,-0.2111758,-0.25441614,-0.94375694,-0.34474674,-0.88409615,0.31547368,-0.9146335,0.39197755,0.09899058
1356423447498,-0.19014937,-0.22664963,-0.9552346,-0.3486989,-0.89395446,0.28152174,-0.917743,0.38662046,0.0909524
1356423447538,-0.17806262,-0.21057649,-0.96122384,-0.35432202,-0.8975906,0.2622729,-0.91801393,0.38728374,0.08521546
1356423447578,-0.17342699,-0.206447,-0.96296555,-0.36163348,-0.8961279,0.2572469,-0.9160481,0.39285415,0.08075467
1356423447618,-0.1734147,-0.21371397,-0.9613811,-0.3693687,-0.890801,0.26465115,-0.912959,0.4009985,0.07553881
1356423447658,-0.17458737,-0.23122332,-0.95710766,-0.37654218,-0.88247406,0.28187853,-0.9097996,0.40960383,0.06700349
1356423447698,-0.1737845,-0.25743496,-0.9505399,-0.38318837,-0.8714821,0.30608097,-0.9071744,0.417428,0.052804045
1356423447738,-0.16855478,-0.29039875,-0.9419436,-0.39029595,-0.8578482,0.33431333,-0.9051289,0.4239869,0.031253025
1356423447778,-0.15651447,-0.3271039,-0.93193686,-0.39950526,-0.8419639,0.36261898,-0.9032712,0.4290688,0.0010997355
1356423447818,-0.13457572,-0.36328942,-0.9219058,-0.41225094,-0.82550293,0.38547912,-0.9010764,0.4319326,-0.03867379
1356423447858,-0.09920579,-0.39400852,-0.9137371,-0.42847502,-0.81186104,0.3965991,-0.898091,0.43085843,-0.08828154
1356423447898,-0.04665166,-0.4137532,-0.909193,-0.44559234,-0.80598956,0.38965148,-0.89401954,0.42330736,-0.14676453
1356423447938,0.024784327,-0.4176967,-0.90824836,-0.45746267,-0.8125618,0.36120793,-0.8888833,0.40653744,-0.21121947
1356423447978,0.11037868,-0.40374956,-0.9081866,-0.45658574,-0.8322398,0.3144939,-0.88280576,0.3799516,-0.2762078
1356423448018,0.19769686,-0.37482944,-0.9057697,-0.44005677,-0.8596036,0.25967625,-0.8759372,0.34725294,-0.33488715
1356423448058,0.27027494,-0.3389904,-0.901131,-0.413742,-0.88602835,0.20921598,-0.8693498,0.31628984,-0.3797258
1356423448099,0.31612885,-0.30500454,-0.89835113,-0.38799125,-0.9056694,0.17095548,-0.8657513,0.29450846,-0.40464732
1356423448138,0.3312273,-0.277735,-0.90174925,-0.36988813,-0.91742194,0.14669615,-0.8680272,0.28495657,-0.40660608
1356423448202,0.3171199,-0.25720435,-0.9128422,-0.36125702,-0.92271703,0.13448659,-0.8768856,0.28712228,-0.3855288
1356423448219,0.27927393,-0.23984599,-0.92977417,-0.36080545,-0.923555,0.12986745,-0.8898457,0.299199,-0.34446257
1356423448259,0.22380018,-0.22209707,-0.9489923,-0.36666563,-0.92134416,0.12915593,-0.9030337,0.31905773,-0.28763235
1356423448299,0.15735817,-0.20114996,-0.9668388,-0.37646103,-0.91732585,0.12957779,-0.9129707,0.34358695,-0.22007382
1356423448339,0.087322235,-0.17568216,-0.9805665,-0.38782182,-0.91266555,0.12898016,-0.9175887,0.36902225,-0.14782938
1356423448379,0.021330774,-0.1456559,-0.98910534,-0.39890054,-0.90841115,0.12517025,-0.91674614,0.39188468,-0.077479325
1356423448419,-0.034438193,-0.111972466,-0.9931144,-0.40865082,-0.9052588,0.11623761,-0.9120409,0.40984002,-0.014582217
1356423448459,-0.07671088,-0.07610689,-0.9941443,-0.41680777,-0.9033305,0.10131666,-0.90575194,0.4221392,0.037573457
1356423448499,-0.1043784,-0.03916897,-0.9937661,-0.42345136,-0.9023759,0.080043286,-0.8998857,0.4291664,0.07760227
1356423448528,-0.119681835,-0.002408594,-0.9928094,-0.4293841,-0.9015092,0.053948745,-0.89515674,0.43275326,0.10686001
1356423448568,-0.12179458,0.032303467,-0.99202955,-0.4328012,-0.90117544,0.023791358,-0.8932241,0.4322492,0.12373921
1356423448608,-0.110536575,0.06892781,-0.991479,-0.43346286,-0.90105766,-0.014316395,-0.89436656,0.42818683,0.12947753
1356423448648,-0.08900154,0.10645047,-0.99032676,-0.4295179,-0.9011767,-0.05826658,-0.89866185,0.42017725,0.12592849
1356423448688,-0.062140286,0.14322387,-0.9877376,-0.41946673,-0.90175134,-0.10436632,-0.9056414,0.40783775,0.11611262
1356423448728,-0.03558749,0.1771512,-0.9835401,-0.40495598,-0.90230066,-0.14786616,-0.9136434,0.39302823,0.103848934
1356423448768,-0.013132453,0.20641714,-0.978376,-0.39085323,-0.9016724,-0.18498795,-0.9203593,0.37997204,0.09252003
1356423448808,0.0035631657,0.22970441,-0.97325397,-0.3820373,-0.8991217,-0.21360663,-0.9241401,0.37258044,0.08455187
1356423448848,0.014193654,0.24594826,-0.96917903,-0.3807569,-0.8949214,-0.23268014,-0.92456627,0.37232423,0.08094418
1356423448888,0.020020545,0.25445867,-0.96687645,-0.38648385,-0.88992417,-0.24220936,-0.9220789,0.37853128,0.080527335
1356423448928,0.023733616,0.25493672,-0.9666664,-0.39682868,-0.88509697,-0.24316755,-0.9175858,0.3893722,0.080159605
1356423448968,0.028128386,0.24726015,-0.96854085,-0.4086421,-0.88141745,-0.23688608,-0.9122612,0.4024498,0.07624799
1356423449008,0.03534466,0.23153618,-0.972184,-0.41926083,-0.87961125,-0.2247316,-0.9071775,0.41554174,0.06598455
1356423449048,0.0478189,0.2087721,-0.9767946,-0.4273847,-0.87959903,-0.20892093,-0.9028044,0.42745742,0.0471645
1356423449088,0.067991674,0.180714,-0.9811827,-0.4328164,-0.88075274,-0.1922091,-0.89891434,0.4377406,0.018332241
1356423449128,0.09870803,0.15081175,-0.9836222,-0.43528235,-0.8823275,-0.17896223,-0.89486647,0.44581836,-0.021447124
1356423449207,0.15384871,0.12889303,-0.9796515,-0.42999208,-0.88392025,-0.18382546,-0.88962764,0.44952372,-0.080567
1356423449208,0.21071452,0.105316535,-0.9718579,-0.42065978,-0.8876528,-0.18739742,-0.8824085,0.44830889,-0.14273891
1356423449235,0.27450532,0.09731001,-0.9566491,-0.40198252,-0.8921516,-0.20609605,-0.8735313,0.4411307,-0.20578343
1356423449278,0.34926516,0.10926908,-0.93063104,-0.3630627,-0.8998144,-0.24190795,-0.8638283,0.42236745,-0.2746023
1356423449319,0.41615754,0.1273408,-0.90033174,-0.314029,-0.90909624,-0.27373308,-0.85334563,0.39664638,-0.33833855
1356423449358,0.46347642,0.14196151,-0.87466365,-0.27049294,-0.91730297,-0.2922138,-0.8438147,0.37202454,-0.3867487
1356423449398,0.48507148,0.14362729,-0.8625989,-0.24756208,-0.9235118,-0.29298297,-0.83870053,0.35566446,-0.41241255
1356423449438,0.47842985,0.12581408,-0.86906594,-0.25193745,-0.9284095,-0.2730994,-0.8412089,0.34960917,-0.41248155
1356423449478,0.44260514,0.086462356,-0.8925385,-0.2810012,-0.9318341,-0.22961605,-0.851551,0.35243362,-0.38813853
1356423449518,0.37890273,0.02918534,-0.9249761,-0.32489926,-0.93168575,-0.1624872,-0.86652935,0.3620909,-0.343536
1356423449558,0.29266667,-0.03739983,-0.9554828,-0.37029335,-0.9257024,-0.07718758,-0.8816059,0.37639916,-0.28477114
1356423449598,0.19270366,-0.10337345,-0.97579676,-0.4058894,-0.9137706,0.016646162,-0.8933751,0.3928578,-0.21804515
1356423449656,0.090921044,-0.15934102,-0.9830279,-0.4256307,-0.8986323,0.10629423,-0.9003176,0.4087425,-0.14952502
1356423449678,-0.0015878677,-0.19949615,-0.9798973,-0.43053627,-0.8842936,0.18072997,-0.90257186,0.4221683,-0.08448618
1356423449718,-0.077664495,-0.22228739,-0.971883,-0.42650613,-0.8737135,0.23391697,-0.9011441,0.4326811,-0.026950367
1356423449756,-0.13493061,-0.22940779,-0.9639324,-0.42024237,-0.86774975,0.26534238,-0.8973237,0.44088808,0.020679183
1356423449798,-0.17447698,-0.22413725,-0.95881194,-0.41619533,-0.8657008,0.278107,-0.8923784,0.44757634,0.057760045
1356423449838,-0.19741195,-0.20847365,-0.9578974,-0.4161226,-0.8669087,0.27442938,-0.8876208,0.45277834,0.08438742
1356423449878,-0.20472366,-0.18381539,-0.96140534,-0.4194493,-0.87097985,0.25584492,-0.8843928,0.45563826,0.101208806
1356423449918,-0.19785058,-0.1509658,-0.9685372,-0.42383844,-0.8777556,0.22339645,-0.8838643,0.45470247,0.10967941
1356423449958,-0.17970741,-0.111686036,-0.9773594,-0.4259221,-0.8867456,0.17964573,-0.88673306,0.44856268,0.1117852
1356423449998,-0.15496969,-0.069037974,-0.985504,-0.42334372,-0.8966823,0.12938616,-0.89261657,0.43725786,0.10973185
1356423450038,-0.12896657,-0.026915342,-0.99128354,-0.41677862,-0.90558505,0.07881157,-0.8998128,0.42330986,0.10557246
1356423450078,-0.10573256,0.011389837,-0.99432945,-0.4096163,-0.9116568,0.033113927,-0.9061099,0.41079473,0.1010572
1356423450118,-0.087175846,0.043707818,-0.99523365,-0.405307,-0.91416883,-0.0046454817,-0.9100146,0.4029702,0.09740853
1356423450158,-0.07326573,0.06876823,-0.9949388,-0.4056282,-0.91343266,-0.033264846,-0.9110971,0.40113804,0.09481764
1356423450204,-0.062543094,0.08587743,-0.99434066,-0.41060197,-0.91028506,-0.052791372,-0.90966713,0.4049765,0.0921936
1356423450239,-0.053435504,0.09425874,-0.9941127,-0.41865188,-0.90593153,-0.06339435,-0.90657336,0.4127996,0.08787039
1356423450279,-0.044807255,0.093280554,-0.99463123,-0.42777205,-0.9015265,-0.06527808,-0.90277547,0.42255044,0.08029762
1356423450319,-0.035492003,0.08272755,-0.99593997,-0.43642712,-0.8978016,-0.05902289,-0.89903927,0.43256038,0.06796932
1356423450359,-0.022774816,0.06432195,-0.9976692,-0.44415838,-0.89468586,-0.047543094,-0.89565873,0.44204038,0.048945542
1356423450399,-0.0031805038,0.041228727,-0.9991447,-0.45096123,-0.8918426,-0.035365492,-0.89253783,0.45046306,0.021429062
1356423450438,0.02767384,0.018622816,-0.9994436,-0.4563731,-0.8893091,-0.029207304,-0.8893581,0.45692742,-0.016111698
1356423450478,0.07448423,0.0030881613,-0.9972174,-0.45837414,-0.8879894,-0.036986828,-0.88563275,0.4598536,-0.06472567
1356423450518,0.1411612,0.0022266954,-0.98998415,-0.45205146,-0.88951266,-0.066458434,-0.8807514,0.4569051,-0.12455809
1356423450559,0.22646159,0.021526337,-0.9737822,-0.42966646,-0.89501774,-0.1197079,-0.8741292,0.4455108,-0.193438
1356423450598,0.31887293,0.05912806,-0.9459513,-0.38648683,-0.90319276,-0.18673714,-0.8654178,0.42514318,-0.2651515
1356423450638,0.39979976,0.10430414,-0.9106486,-0.32982022,-0.91058725,-0.24909726,-0.85520685,0.39993933,-0.32965097
1356423450678,0.4554577,0.14416137,-0.8785077,-0.27719527,-0.9147841,-0.29382464,-0.846003,0.37734285,-0.37668458
1356423450718,0.48208255,0.17071116,-0.8593336,-0.24357897,-0.9160499,-0.31862494,-0.8415852,0.36291912,-0.40003002
1356423450758,0.48118824,0.18143725,-0.8576354,-0.23456496,-0.9160225,-0.3253953,-0.84465206,0.3577476,-0.39822042
1356423450798,0.45572025,0.17781915,-0.87218076,-0.24781422,-0.9157582,-0.31618822,-0.85493106,0.36023217,-0.37326345
1356423450838,0.40944386,0.164013,-0.8974717,-0.27641693,-0.9151705,-0.29335415,-0.8694535,0.36818844,-0.32937497
1356423450878,0.34669012,0.14479794,-0.92673594,-0.31217778,-0.9138745,-0.2595735,-0.88450605,0.37929794,-0.27162856
1356423450918,0.2727911,0.124551184,-0.953977,-0.34757635,-0.911852,-0.21844131,-0.89709294,0.39116865,-0.20545405
1356423450958,0.19490105,0.10734376,-0.97493124,-0.37720203,-0.90934473,-0.17552987,-0.9053906,0.401957,-0.13674197
1356423450998,0.12174833,0.09713192,-0.9877969,-0.39882112,-0.9065404,-0.13829747,-0.9089109,0.41079172,-0.07163152
1356423451038,0.060683668,0.0964755,-0.9934837,-0.41357803,-0.90343004,-0.11299257,-0.9084441,0.4177398,-0.014923304
1356423451078,0.01588881,0.10626812,-0.9942105,-0.42410022,-0.8997447,-0.102948636,-0.90547585,0.42328063,0.030772505
1356423451118,-0.011467278,0.12603518,-0.9919595,-0.432305,-0.89514726,-0.10873699,-0.90165454,0.42758214,0.06475055
1356423451158,-0.02261275,0.15393788,-0.9878218,-0.43834645,-0.88956,-0.12859078,-0.89852166,0.43010038,0.087593466
1356423451207,-0.020326495,0.18718599,-0.9821142,-0.4409691,-0.88328606,-0.15922329,-0.89729214,0.4298456,0.100497305
1356423451239,-0.008497238,0.22244325,-0.9749086,-0.43882748,-0.8768785,-0.1962511,-0.8985312,0.42614907,0.10506526
1356423451279,0.008476317,0.25625932,-0.9665709,-0.4316175,-0.87098837,-0.23470333,-0.90201694,0.41917834,0.103223175
1356423451319,0.026405394,0.28589174,-0.9578981,-0.42134526,-0.8657727,-0.270011,-0.9065159,0.41073555,0.09759799
1356423451359,0.042609215,0.30959257,-0.94991416,-0.41185352,-0.8607924,-0.29902038,-0.91025335,0.40396652,0.090829104
1356423451399,0.055972874,0.32638317,-0.94357884,-0.4066257,-0.85568166,-0.32010055,-0.9118786,0.40160036,0.0848209
1356423451439,0.065962374,0.33540353,-0.9397624,-0.406917,-0.8508988,-0.33224958,-0.9110804,0.40432125,0.080354095
1356423451478,0.07242441,0.33585733,-0.93912435,-0.41170162,-0.84756607,-0.33486357,-0.9084363,0.41089132,0.0768885
1356423451518,0.07573944,0.32714775,-0.94193304,-0.41873255,-0.8468809,-0.32780433,-0.9049456,0.41924572,0.07284516
1356423451558,0.077059984,0.30910325,-0.94790137,-0.42573583,-0.8494938,-0.31162366,-0.9015602,0.4275693,0.066134304
1356423451598,0.07869786,0.2823467,-0.956079,-0.43119088,-0.8550595,-0.28800654,-0.89882207,0.43491805,0.05445391
1356423451638,0.08355087,0.24828294,-0.96507764,-0.43451282,-0.86247116,-0.25950325,-0.8967819,0.4410203,0.035822004
1356423451678,0.0944922,0.20939921,-0.9732539,-0.43573916,-0.8703078,-0.22955543,-0.8950992,0.44577605,0.009006143
1356423451718,0.11453515,0.16971686,-0.97881454,-0.43476346,-0.8773663,-0.20300022,-0.89323145,0.44880345,-0.026702583
1356423451758,0.1471008,0.1351434,-0.9798457,-0.43040162,-0.88317615,-0.18642512,-0.89057046,0.44915047,-0.071749985
1356423451799,0.19531524,0.11311023,-0.9741961,-0.4195555,-0.888208,-0.18724255,-0.8864678,0.44530064,-0.12602454
1356423451838,0.25933105,0.11036888,-0.9594614,-0.39704397,-0.89343077,-0.2100895,-0.88039964,0.43543106,-0.18787304
1356423451878,0.33254868,0.1288766,-0.93423885,-0.35830456,-0.89907295,-0.25156647,-0.87236995,0.41840017,-0.25280845
1356423451918,0.40207225,0.16309041,-0.90096587,-0.3052366,-0.9038437,-0.29982868,-0.8632315,0.39556053,-0.3136293
1356423451958,0.4556895,0.2027014,-0.8667521,-0.248666,-0.9059718,-0.34260803,-0.85470015,0.3716547,-0.3624369
1356423451998,0.4880473,0.23891966,-0.8394803,-0.2025329,-0.90455294,-0.37518585,-0.84899366,0.35313082,-0.39307553
1356423452038,0.4994234,0.26700506,-0.8241872,-0.1761924,-0.9001403,-0.39837626,-0.8482526,0.34417394,-0.4025069
1356423452078,0.4910087,0.28478065,-0.82329243,-0.17313549,-0.89430624,-0.41260204,-0.85377663,0.34513232,-0.3898065
1356423452118,0.4641788,0.29251388,-0.83604646,-0.19169204,-0.88834864,-0.41724196,-0.8647498,0.3539383,-0.35628003
1356423452158,0.42067856,0.29199976,-0.8589329,-0.2270537,-0.88276523,-0.4113055,-0.8783372,0.3680513,-0.30506077
1356423452206,0.36273634,0.28579873,-0.88698447,-0.27256703,-0.87764895,-0.3942582,-0.8911395,0.3847745,-0.24045587
1356423452239,0.29462618,0.27756137,-0.9144151,-0.32018983,-0.8729039,-0.36812672,-0.9003743,0.40124622,-0.16830802
1356423452279,0.22286248,0.2714443,-0.9362961,-0.36312243,-0.8682185,-0.33814016,-0.90469575,0.41534886,-0.09492582
1356423452319,0.15589309,0.27220443,-0.94952726,-0.39748636,-0.86272717,-0.3125803,-0.90426874,0.42615324,-0.026295662
1356423452359,0.101854086,0.28380752,-0.95345634,-0.42302233,-0.8551125,-0.29972416,-0.9003765,0.43386143,0.032960266
1356423452399,0.06604117,0.3077458,-0.94917387,-0.4416998,-0.8439572,-0.30436432,-0.89472896,0.4393505,0.08019528
1356423452438,0.050285578,0.3428819,-0.9380317,-0.45490804,-0.82827127,-0.3271473,-0.8891176,0.44316894,0.11432961
1356423452478,0.05283451,0.38549063,-0.92119795,-0.46217182,-0.80830157,-0.3647547,-0.8852151,0.44502333,0.13545656
1356423452518,0.0689522,0.43052045,-0.89994323,-0.4620662,-0.78571355,-0.41127735,-0.8841609,0.4441918,0.14475226
1356423452558,0.09217656,0.47309056,-0.87617844,-0.45401558,-0.76316625,-0.45983365,-0.8862129,0.44018456,0.14444453
1356423452598,0.11668652,0.510096,-0.85216564,-0.4396111,-0.74286705,-0.5048669,-0.8905764,0.43353266,0.13756132
1356423452656,0.13956463,0.5406466,-0.8295921,-0.4226418,-0.7251219,-0.54366547,-0.89548624,0.4264968,0.12729844
1356423452678,0.16072315,0.565067,-0.80923873,-0.40749836,-0.7087661,-0.57584333,-0.8989511,0.4223148,0.1163488
1356423452718,0.18068099,0.58364135,-0.7916547,-0.3972543,-0.6930209,-0.6015906,-0.8997463,0.42318422,0.10663828
1356423452756,0.1991728,0.59623396,-0.7777115,-0.3927809,-0.6785051,-0.62076885,-0.89780474,0.4291105,0.09904957
1356423452799,0.21601748,0.60270303,-0.76817024,-0.3930912,-0.666486,-0.6334634,-0.893765,0.4388002,0.09294453
1356423452838,0.23077178,0.60268444,-0.7638821,-0.39609593,-0.6588894,-0.63950986,-0.8887364,0.45015138,0.08666775
1356423452878,0.24349642,0.59618723,-0.76502955,-0.39985794,-0.65691376,-0.6392009,-0.88364196,0.4615462,0.07843411
1356423452918,0.25426298,0.5828535,-0.771772,-0.40296632,-0.66158366,-0.6323963,-0.8791863,0.4717931,0.066654146
1356423452958,0.2647503,0.56300855,-0.7828976,-0.40385193,-0.6725067,-0.62019217,-0.87567735,0.48037076,0.049325764
1356423452998,0.27819812,0.5379103,-0.79577523,-0.40051973,-0.6880549,-0.6051151,-0.8730348,0.4870656,0.024028093
1356423453038,0.29897445,0.51079255,-0.80604297,-0.38984108,-0.70559835,-0.5917388,-0.87099844,0.49114344,-0.0118279755
1356423453078,0.3313123,0.4873659,-0.80790263,-0.36684668,-0.72235364,-0.58619857,-0.8692846,0.49059117,-0.060536087
1356423453118,0.3768564,0.4751196,-0.7951356,-0.3249095,-0.736077,-0.5938218,-0.86741745,0.4821327,-0.123024434
1356423453158,0.43023825,0.47893277,-0.76519173,-0.26008794,-0.7459448,-0.6131237,-0.86443585,0.46280643,-0.19636935
1356423453207,0.4796874,0.49647993,-0.72346926,-0.1778092,-0.752414,-0.6342374,-0.85923445,0.43287516,-0.27264482
1356423453240,0.5151501,0.51976526,-0.6815163,-0.094528824,-0.7558372,-0.6479,-0.85187125,0.3981887,-0.34023684
1356423453279,0.53451025,0.54166025,-0.6487704,-0.02804023,-0.7558404,-0.6541552,-0.8446967,0.36784428,-0.38881615
1356423453319,0.54045784,0.5580243,-0.6296936,0.010877341,-0.75298524,-0.6579474,-0.8413007,0.34874344,-0.41302663
1356423453359,0.5357838,0.56614614,-0.6264298,0.01878795,-0.7497131,-0.6614962,-0.84414613,0.34264964,-0.41232088
1356423453399,0.5215272,0.56282246,-0.64128023,-0.004197985,-0.74988544,-0.6615544,-0.85322434,0.34771067,-0.3887229
1356423453439,0.49668124,0.544011,-0.67628384,-0.055713564,-0.7575984,-0.65033895,-0.866143,0.36068934,-0.3459761
1356423453478,0.4562468,0.5011662,-0.7353035,-0.13342728,-0.778449,-0.61336315,-0.87979317,0.3779545,-0.28829563
1356423453518,0.38865727,0.41776288,-0.8212306,-0.23284155,-0.8178405,-0.52623343,-0.89147645,0.3957411,-0.2205871
1356423453558,0.27675813,0.27225864,-0.921564,-0.3385315,-0.86991674,-0.358666,-0.89933383,0.4112422,-0.14858842
1356423453598,0.11775112,0.0673359,-0.9907575,-0.41407198,-0.9034977,-0.11061764,-0.9025957,0.4232703,-0.07850596
1356423453638,-0.048198104,-0.1362394,-0.9895028,-0.42954415,-0.89154327,0.14367472,-0.9017587,0.43196,-0.015550144
1356423453678,-0.1698178,-0.26882675,-0.9481002,-0.40532246,-0.8578789,0.315844,-0.8982625,0.43792224,0.036721602
1356423453718,-0.23304093,-0.3119795,-0.92106503,-0.3828877,-0.841203,0.38180432,-0.89391774,0.44164047,0.07658163
1356423453758,-0.24274671,-0.26928407,-0.9319657,-0.38504046,-0.85504,0.34734753,-0.89040315,0.443162,0.103872955
1356423453798,-0.20048583,-0.14100564,-0.96949625,-0.41174865,-0.8858186,0.2139825,-0.8889705,0.44208923,0.11953518
1356423453838,-0.11251593,0.054995984,-0.9921268,-0.4412413,-0.89738846,2.9623508E-4,-0.89030683,0.43780065,0.12523699
1356423453878,-0.009180605,0.2581639,-0.9660574,-0.44741723,-0.8650574,-0.22692132,-0.89427817,0.43014747,0.12344885
1356423453918,0.075675845,0.41428882,-0.90699387,-0.4297465,-0.80723804,-0.40457952,-0.89977276,0.42039436,0.11695081
1356423453958,0.13546997,0.51981413,-0.8434698,-0.40331322,-0.7486607,-0.5261614,-0.9049787,0.41146153,0.108226806
1356423453998,0.17874193,0.5914353,-0.7862924,-0.37839997,-0.6963729,-0.6098183,-0.9082207,0.40653306,0.09932798
1356423454038,0.21311706,0.64149183,-0.7369324,-0.3590359,-0.6500661,-0.66970694,-0.90866625,0.4073112,0.0917784
1356423454078,0.24281049,0.67652535,-0.69523853,-0.3458581,-0.60921645,-0.71360886,-0.90632516,0.4137256,0.08605757
1356423454118,0.2697568,0.6998898,-0.66135126,-0.3375479,-0.57450134,-0.7456604,-0.9018274,0.4243847,0.081270754
1356423454158,0.29376233,0.7128503,-0.6368266,-0.33242756,-0.54844725,-0.76726615,-0.8962118,0.43709254,0.075858
1356423454208,0.3137685,0.7158295,-0.62380886,-0.32943365,-0.53410363,-0.7785928,-0.8905183,0.44980147,0.06823346
1356423454240,0.329494,0.7089169,-0.62359476,-0.32784057,-0.53347766,-0.7796936,-0.88541186,0.46134403,0.056634072
1356423454279,0.34288496,0.6928166,-0.6343776,-0.32606372,-0.54555106,-0.77204686,-0.8809724,0.4715708,0.038841184
1356423454319,0.35729402,0.668942,-0.65181094,-0.32154152,-0.567119,-0.75827897,-0.87689906,0.48051283,0.012464438
1356423454359,0.3773173,0.64147675,-0.66793656,-0.30968976,-0.59232444,-0.7438037,-0.8727679,0.4875031,-0.024835436
1356423454399,0.40901548,0.6217451,-0.6679366,-0.28103608,-0.6105591,-0.7404298,-0.8681734,0.49056154,-0.07499534
1356423454431,0.44312495,0.60615164,-0.66046995,-0.24410874,-0.62732416,-0.7395102,-0.86258405,0.48892188,-0.13001609
1356423454469,0.4903488,0.632875,-0.5991888,-0.16199888,-0.6093478,-0.7761775,-0.8563378,0.47766563,-0.1962679
1356423454509,0.52209085,0.6503557,-0.5517776,-0.08234361,-0.6054921,-0.79157996,-0.84890556,0.458712,-0.26256925
1356423454549,0.5391084,0.6415862,-0.5456458,-0.036073476,-0.62966955,-0.7760251,-0.8414635,0.43804497,-0.3163159
1356423454589,0.5460571,0.60067225,-0.58396447,-0.036967844,-0.6791085,-0.7331065,-0.83693194,0.42190588,-0.34862643
1356423454629,0.5363107,0.506097,-0.67545295,-0.09843813,-0.75731194,-0.6455916,-0.83826053,0.41272798,-0.35633525
1356423454668,0.48172146,0.3154304,-0.8175867,-0.22744392,-0.8559979,-0.46425945,-0.8462941,0.4095989,-0.34060985
1356423454708,0.34196234,0.017375201,-0.939553,-0.38065892,-0.9115638,-0.15540329,-0.8591627,0.4107913,-0.30510646
1356423454748,0.14524561,-0.2771926,-0.9497726,-0.4646119,-0.86663514,0.18187723,-0.8735213,0.4148588,-0.25466192
1356423454788,-0.024450779,-0.462333,-0.88636917,-0.462333,-0.7808907,0.42006874,-0.88636917,0.42006874,-0.19465838
1356423454828,-0.14077371,-0.5483745,-0.8242985,-0.42339072,-0.7192698,0.55080956,-0.894943,0.42653987,-0.1309224
1356423454868,-0.21610469,-0.5757038,-0.7885834,-0.3808045,-0.6940083,0.6110158,-0.8990476,0.43233955,-0.06925213
1356423454908,-0.26322764,-0.56678635,-0.7806821,-0.34990785,-0.69802696,0.62475824,-0.89904153,0.4376204,-0.014582992
1356423454948,-0.28920257,-0.5322597,-0.7956515,-0.33579704,-0.72194535,0.60500836,-0.89643854,0.4421474,0.030057281
1356423454988,-0.29672945,-0.476824,-0.82739985,-0.33816534,-0.75781417,0.5579982,-0.89308226,0.44537246,0.06362042
1356423455028,-0.28642237,-0.40316558,-0.86914885,-0.3533513,-0.79875785,0.48695856,-0.89056444,0.44659072,0.0863231
1356423455068,-0.25874633,-0.3144695,-0.9133232,-0.37579098,-0.83826405,0.39508796,-0.8898491,0.4454462,0.09872295
1356423455108,-0.2146573,-0.21456388,-0.9528298,-0.39956722,-0.87090456,0.2861316,-0.8912173,0.44213977,0.101213336
1356423455148,-0.15795386,-0.11012384,-0.9812866,-0.41855493,-0.8926033,0.1675446,-0.89435023,0.43718666,0.09489725
1356423455209,-0.0974409,-0.01266633,-0.99516076,-0.42787063,-0.90226245,0.053378746,-0.89857227,0.4310013,0.08249766
1356423455231,-0.044985116,0.064667985,-0.9968924,-0.42737186,-0.90322113,-0.039306253,-0.90295607,0.42427558,0.06826872
1356423455269,-0.00882411,0.1141208,-0.9934277,-0.42218614,-0.9010039,-0.09975347,-0.9064662,0.41853115,0.056130826
1356423455309,0.009472907,0.13533746,-0.9907543,-0.418334,-0.89939094,-0.126857,-0.90824383,0.41566795,0.04809636
1356423455349,0.012244642,0.13132626,-0.99126357,-0.41897172,-0.89944595,-0.12433727,-0.9079167,0.41683388,0.044008583
1356423455389,0.0031334758,0.10592063,-0.9943696,-0.4240318,-0.90041095,-0.097248346,-0.9056419,0.42194906,0.042092294
1356423455428,-0.013913095,0.06313835,-0.9979078,-0.43196756,-0.9004489,-0.050949454,-0.90178186,0.43035492,0.039801687
1356423455469,-0.034850895,0.0071867406,-0.9993667,-0.44134852,-0.8972913,0.008938432,-0.8966587,0.44138053,0.034443203
1356423455508,-0.05535668,-0.056825027,-0.9968483,-0.45159364,-0.88900185,0.07575506,-0.8905048,0.45436394,0.023550421
1356423455548,-0.07009137,-0.1222745,-0.99001825,-0.46301293,-0.8750871,0.14086008,-0.8835758,0.46826434,0.004721433
1356423455588,-0.0715279,-0.18066752,-0.98093987,-0.47640556,-0.85784113,0.19273385,-0.8763113,0.48111108,-0.024711438
1356423455647,-0.049414456,-0.2216708,-0.9738687,-0.49174744,-0.8432905,0.21690017,-0.8693347,0.48961544,-0.06733537
1356423455668,0.0066387057,-0.23481317,-0.9720178,-0.5048982,-0.8398245,0.1994305,-0.8631534,0.48944607,-0.12413204
1356423455708,0.099295616,-0.21368057,-0.97184414,-0.50477165,-0.8524941,0.13586521,-0.85752314,0.47706854,-0.19250882
1356423455746,0.21135098,-0.16460912,-0.96344936,-0.48034358,-0.8759615,0.044288963,-0.8512349,0.4534262,-0.26420426
1356423455789,0.312136,-0.1073475,-0.9439532,-0.43652707,-0.8987035,-0.042144284,-0.84381,0.42521584,-0.3273778
1356423455828,0.3785997,-0.06259467,-0.9234415,-0.3946731,-0.9133747,-0.09989883,-0.83719504,0.4022792,-0.37050784
1356423455868,0.4042951,-0.04091762,-0.91371286,-0.37238067,-0.9198158,-0.12357822,-0.83539104,0.39021108,-0.38711393
1356423455908,0.39182037,-0.04235533,-0.91906625,-0.37316734,-0.9203985,-0.11667362,-0.84096545,0.3886806,-0.3764365
1356423455948,0.3467083,-0.061811432,-0.93593407,-0.39080715,-0.9166101,-0.08423574,-0.85267997,0.39497495,-0.34195268
1356423455988,0.276901,-0.09138709,-0.95654285,-0.4150011,-0.9092124,-0.033269778,-0.86666024,0.40617877,-0.28968757
1356423456028,0.19190484,-0.12337853,-0.9736273,-0.43608594,-0.8994685,0.028027251,-0.8792051,0.41920662,-0.22641599
1356423456068,0.10176146,-0.1517921,-0.98316,-0.44828743,-0.8892562,0.09089433,-0.8880782,0.43148875,-0.15853849
1356423456108,0.017035842,-0.17178383,-0.9849874,-0.45087448,-0.88060224,0.14578073,-0.8924248,0.44162214,-0.0924548
1356423456148,-0.05366075,-0.18053134,-0.98210436,-0.4473279,-0.8749683,0.18527885,-0.8927588,0.44926488,-0.03380526
1356423456210,-0.10567528,-0.17752624,-0.978426,-0.4422837,-0.8728636,0.20614193,-0.89062786,0.4545259,0.013723023
1356423456229,-0.13817412,-0.16392009,-0.9767487,-0.43868005,-0.87406266,0.20874423,-0.887957,0.45732325,0.048864424
1356423456269,-0.1529882,-0.14198141,-0.97797537,-0.43681687,-0.87798303,0.19579746,-0.8864455,0.45715088,0.07230124
1356423456309,-0.15312302,-0.11419971,-0.98158634,-0.43539804,-0.8838957,0.17075425,-0.88712,0.45352715,0.0856224
1356423456349,-0.14204311,-0.08323133,-0.986355,-0.4328546,-0.8909137,0.13751227,-0.8902026,0.446481,0.0905211
1356423456390,-0.12375587,-0.05181153,-0.99095917,-0.42831826,-0.8980282,0.10044317,-0.89511335,0.4368763,0.08894444
1356423456429,-0.103322506,-0.023034155,-0.99438125,-0.4226619,-0.90396386,0.06485693,-0.9003785,0.42698818,0.08366409
1356423456469,-0.084854424,5.1909685E-4,-0.99639326,-0.4184932,-0.9075389,0.035166726,-0.90424734,0.41996783,0.077225864
1356423456509,-0.07076824,0.017187119,-0.99734473,-0.4187026,-0.90801454,0.014062032,-0.9053618,0.41858596,0.07145488
1356423456549,-0.06165433,0.02592291,-0.99776083,-0.42411453,-0.9056046,0.002678603,-0.9035074,0.42333,0.06682873
1356423456588,-0.056631684,0.02607502,-0.99805456,-0.43321186,-0.9012915,0.0010343343,-0.89951116,0.4324277,0.062337667
1356423456628,-0.054330647,0.016991004,-0.99837846,-0.44350016,-0.8962302,0.008882225,-0.8946261,0.4432636,0.056228336
1356423456668,-0.053643048,-0.0018585026,-0.9985584,-0.45313683,-0.89106166,0.02600117,-0.88982546,0.4538784,0.04695717
1356423456709,-0.052993596,-0.030213177,-0.9981376,-0.4616435,-0.8855799,0.051315933,-0.8854811,0.4635032,0.03298247
1356423456748,-0.049205482,-0.066285655,-0.99658674,-0.4697491,-0.87901515,0.08165908,-0.8814276,0.4721638,0.012114733
1356423456788,-0.03759688,-0.10657725,-0.9935934,-0.47858253,-0.87093055,0.11152911,-0.87723726,0.47970957,-0.018261738
1356423456828,-0.0124439,-0.14596123,-0.9892121,-0.48862362,-0.86224055,0.13337286,-0.87240595,0.48501205,-0.060590513
1356423456868,0.0330562,-0.17773901,-0.9835223,-0.49821013,-0.8560118,0.13795085,-0.866426,0.48544067,-0.11684787
