1356423283611,-0.9190734,-0.37870443,0.10902718,0.076886535,0.09902859,0.9921097,-0.38651317,0.92020446,-0.06189722
1356423283663,0.018859446,-0.059324056,-0.9980606,-0.9220823,-0.3869536,0.005576551,-0.38653398,0.92018884,-0.06199938
1356423283702,0.019157052,-0.059639066,-0.99803615,-0.9220443,-0.3870464,0.0054300725,-0.38661012,0.92012954,-0.062404573
1356423283740,0.01982981,-0.060649574,-0.9979621,-0.92194647,-0.3872823,0.0052170753,-0.38680944,0.9199642,-0.063595414
1356423283790,0.021038055,-0.06332326,-0.9977713,-0.9217578,-0.38773173,0.005171925,-0.38719505,0.91959465,-0.06652588
1356423283833,0.019815624,-0.068010956,-0.9974878,-0.9216378,-0.38796574,0.008143574,-0.387545,0.9191611,-0.07036924
1356423283871,0.017434716,-0.07414433,-0.9970951,-0.9216416,-0.3878336,0.012724042,-0.38765037,0.9187425,-0.07509628
1356423283911,0.012660205,-0.081493914,-0.9965935,-0.92185515,-0.38702148,0.019936949,-0.38732782,0.9184624,-0.080025315
1356423283950,0.0061489344,-0.08939731,-0.99597704,-0.9223045,-0.38538206,0.028897166,-0.3864151,0.91841644,-0.084821194
1356423283993,-0.002275288,-0.09749678,-0.9952332,-0.92292,-0.38294733,0.03962487,-0.38498518,0.91861075,-0.089110404
1356423284033,-0.011829317,-0.10529733,-0.99437046,-0.9236381,-0.3798293,0.05120927,-0.38308322,0.9190442,-0.09276357
1356423284072,-0.022224188,-0.11247912,-0.9934056,-0.9242703,-0.37645394,0.06330183,-0.3810915,0.919582,-0.095594734
1356423284114,-0.03182262,-0.11830318,-0.9924674,-0.92488027,-0.372966,0.07411346,-0.37892446,0.9202721,-0.09754753
1356423284153,-0.04034537,-0.12265894,-0.9916284,-0.9254416,-0.36960393,0.08337048,-0.3767359,0.92105794,-0.09860191
1356423284197,-0.047311246,-0.12536797,-0.9909816,-0.9260349,-0.36641127,0.09056488,-0.3744608,0.92196834,-0.09875977
1356423284243,-0.052029133,-0.12655514,-0.99059415,-0.9267016,-0.36356038,0.09512064,-0.37217882,0.9229342,-0.0983631
1356423284281,-0.053242564,-0.12659627,-0.9905244,-0.9273004,-0.36177647,0.09608185,-0.37051204,0.9236293,-0.09813082
1356423284320,-0.051516652,-0.12616235,-0.990671,-0.92766005,-0.36133438,0.09425607,-0.3698551,0.92386174,-0.09842104
1356423284360,-0.04685712,-0.12544239,-0.99099374,-0.92775106,-0.3622542,0.0897218,-0.3702465,0.9235996,-0.09940514
1356423284401,-0.039591134,-0.124646604,-0.9914111,-0.9276357,-0.36418527,0.08283207,-0.37138203,0.92294765,-0.10120812
1356423284441,-0.030399144,-0.12375662,-0.9918468,-0.92745626,-0.36650467,0.07415584,-0.37269378,0.9221488,-0.10363737
1356423284508,-0.020305455,-0.12301439,-0.99219716,-0.92728275,-0.36872965,0.064692765,-0.37381065,0.92136085,-0.10658193
1356423284521,-0.010228574,-0.122241735,-0.9924476,-0.92720294,-0.37047112,0.05518779,-0.37441948,0.9207649,-0.109553486
1356423284561,-0.0013523102,-0.12133083,-0.9926112,-0.92727673,-0.37145644,0.046667904,-0.3743741,0.9204885,-0.112004936
1356423284600,0.00540781,-0.12003061,-0.9927555,-0.9275415,-0.37158668,0.039874673,-0.3736809,0.9206063,-0.11334288
1356423284641,0.009482741,-0.11795142,-0.99297404,-0.92797315,-0.37098032,0.035205334,-0.37252638,0.92111945,-0.11297366
1356423284680,0.010717928,-0.11467132,-0.9933456,-0.92846024,-0.3699901,0.032693624,-0.37127706,0.92193156,-0.11043328
1356423284721,0.009169042,-0.10975492,-0.9939164,-0.9288124,-0.3691489,0.03219545,-0.37043682,0.92286664,-0.105326414
1356423284761,0.0048612356,-0.10275453,-0.9946948,-0.92877585,-0.36911654,0.03359157,-0.37061,0.92368525,-0.097230285
1356423284801,-8.445382E-4,-0.09395507,-0.995576,-0.92817104,-0.37043315,0.035746098,-0.3721529,0.9240951,-0.08689353
1356423284840,-0.007879078,-0.083580315,-0.9964699,-0.92674845,-0.3736869,0.038671285,-0.37559992,0.92378163,-0.074513614
1356423284869,-0.013086081,-0.07304627,-0.9972427,-0.9249246,-0.37805837,0.039829224,-0.37992534,0.92289555,-0.06261498
1356423284899,-0.017643988,-0.062995285,-0.9978578,-0.9226278,-0.38355613,0.04052788,-0.38528752,0.9213665,-0.051353753
1356423284940,-0.022290766,-0.05291742,-0.99835,-0.9193149,-0.3913526,0.04126966,-0.39289078,0.91871804,-0.039924234
1356423284969,-0.024374723,-0.04320684,-0.99876875,-0.9159901,-0.39923906,0.039625645,-0.4004596,0.9158282,-0.029845715
1356423285000,-0.02560401,-0.034537733,-0.99907535,-0.91277045,-0.4067521,0.037453562,-0.4076696,0.9128854,-0.021110535
1356423285039,-0.026381493,-0.026717216,-0.9992949,-0.90948796,-0.4142471,0.035085887,-0.41489232,0.9097723,-0.0133705735
1356423285070,-0.025544167,-0.019619018,-0.9994812,-0.90662026,-0.42077547,0.031430364,-0.42117372,0.9069527,-0.0070386827
1356423285099,-0.024047911,-0.013586223,-0.99961853,-0.90409935,-0.42643362,0.02754584,-0.4266452,0.9044168,-0.0020284653
1356423285140,-0.021736264,-0.00852856,-0.99972737,-0.90169156,-0.43175244,0.023288012,-0.43183336,0.90195185,0.0016945302
1356423285179,-0.018331945,-0.0038789809,-0.9998244,-0.89944863,-0.43664777,0.018185616,-0.4366417,0.8996241,0.0045157075
1356423285211,-0.014552116,5.5876374E-4,-0.9998939,-0.8975667,-0.44069225,0.012816608,-0.4406384,0.89765805,0.006914556
1356423285251,-0.011660397,0.0048692524,-0.9999201,-0.8961803,-0.44361275,0.00829044,-0.44353697,0.8962053,0.009536386
1356423285290,-0.008648038,0.009536535,-0.99991715,-0.89552426,-0.44499898,0.0035010874,-0.44492868,0.8954803,0.012388587
1356423285332,-0.0057023764,0.014528602,-0.99987817,-0.89571595,-0.44462472,-0.0013522804,-0.44459018,0.8955991,0.015548885
1356423285371,-0.0017440915,0.019877732,-0.9998009,-0.8962722,-0.44344515,-0.0072529614,-0.44350103,0.8960811,0.018589258
1356423285412,0.0031519532,0.02524525,-0.99967635,-0.89662296,-0.4425733,-0.014003485,-0.44278362,0.89637685,0.021240532
1356423285450,0.00970906,0.030620992,-0.9994839,-0.8961832,-0.4431244,-0.022281528,-0.44357795,0.895937,0.023139685
1356423285509,0.017848432,0.035877883,-0.99919677,-0.8947701,-0.44538087,-0.03197521,-0.44617033,0.8946221,0.024153084
1356423285530,0.027158022,0.041024864,-0.998789,-0.8929501,-0.44812727,-0.04268685,-0.44933575,0.893028,0.02446282
1356423285571,0.03706205,0.046171248,-0.99824584,-0.89195365,-0.44890523,-0.053878725,-0.45060536,0.89238584,0.024545208
1356423285610,0.046809137,0.051395804,-0.99758077,-0.89289486,-0.44557017,-0.06485298,-0.44782543,0.89377046,0.025034308
1356423285651,0.05585748,0.056604892,-0.99683285,-0.89593685,-0.43779278,-0.075063676,-0.4406552,0.89729226,0.02626042
1356423285692,0.06403279,0.06100592,-0.99608135,-0.9006481,-0.426351,-0.084010124,-0.42980543,0.9024982,0.02764447
1356423285730,0.071406126,0.06314117,-0.9954468,-0.90568537,-0.4140185,-0.091228455,-0.41789368,0.9080759,0.027622595
1356423285769,0.07819027,0.061273605,-0.9950537,-0.91037977,-0.40240777,-0.09631622,-0.40631896,0.9134077,0.024317816
1356423285803,0.08116156,0.055221558,-0.99517006,-0.91434515,-0.39329547,-0.096393704,-0.3967188,0.9177524,0.01857102
1356423285839,0.087116,0.04346901,-0.9952494,-0.9170182,-0.38682944,-0.09716365,-0.38921532,0.92112625,0.0061627924
1356423285870,0.0871734,0.025895506,-0.9958566,-0.9194242,-0.38272804,-0.09043497,-0.38348407,0.9234981,-0.009554774
1356423285909,0.09491038,0.0015433729,-0.9954847,-0.92029274,-0.3811283,-0.088332385,-0.3795437,0.92452085,-0.034752727
1356423285949,0.10573012,-0.03134349,-0.9939007,-0.92007744,-0.38221967,-0.08582321,-0.3771984,0.92353976,-0.069250554
1356423285988,0.124099135,-0.070589274,-0.98975575,-0.91793656,-0.38695854,-0.08749634,-0.37681815,0.9193912,-0.112817705
1356423286028,0.15549183,-0.11352813,-0.98129183,-0.9120505,-0.398081,-0.098465085,-0.37945515,0.9102982,-0.16544169
1356423286068,0.20288149,-0.15613723,-0.9666749,-0.8998233,-0.41909245,-0.121159166,-0.38620868,0.8944175,-0.22552201
1356423286108,0.26223376,-0.19278887,-0.94555056,-0.8796941,-0.45055792,-0.15210497,-0.3967012,0.8716823,-0.28774667
1356423286148,0.320899,-0.2185778,-0.92154634,-0.8545497,-0.4863574,-0.18221244,-0.40837327,0.84597886,-0.34285718
1356423286188,0.364526,-0.23242623,-0.9017199,-0.8316286,-0.51691854,-0.20295084,-0.4189447,0.823877,-0.38172257
1356423286228,0.38366506,-0.23672038,-0.8926167,-0.81801766,-0.5356667,-0.20954299,-0.42854196,0.8105706,-0.39915806
1356423286268,0.3754723,-0.234564,-0.8966607,-0.816775,-0.5409987,-0.20049682,-0.4380629,0.80765104,-0.39471602
1356423286327,0.34172386,-0.22782317,-0.9117682,-0.826646,-0.53439474,-0.17629161,-0.44708082,0.81395257,-0.37094456
1356423286349,0.2870331,-0.21685389,-0.9330522,-0.8433721,-0.5190934,-0.13880071,-0.45424175,0.8267505,-0.33188546
1356423286389,0.21697414,-0.20131567,-0.95519334,-0.8617431,-0.49920166,-0.0905354,-0.45860785,0.84277505,-0.28179625
1356423286426,0.13848662,-0.18099448,-0.9736849,-0.877177,-0.47883415,-0.0357517,-0.45976278,0.85904527,-0.22507632
1356423286513,0.060293555,-0.15634054,-0.9858612,-0.88722295,-0.46095616,0.018838644,-0.457384,0.87354285,-0.16650167
1356423286514,-0.012747467,-0.12818322,-0.9916686,-0.8925214,-0.44568282,0.06908199,-0.45082483,0.88596606,-0.10872495
1356423286545,-0.06580341,-0.09757328,-0.9930505,-0.8947454,-0.43477,0.102008134,-0.44170183,0.89523995,-0.058693886
1356423286587,-0.102127135,-0.06774542,-0.9924619,-0.8966892,-0.42570823,0.12133065,-0.43071878,0.902321,-0.017270207
1356423286629,-0.11486608,-0.038261652,-0.99264395,-0.9000094,-0.41894203,0.12029478,-0.42046288,0.90720654,0.013686299
1356423286670,-0.10398322,-0.010964334,-0.99451864,-0.9048247,-0.41407442,0.09917018,-0.412892,0.910177,0.03313598
1356423286708,-0.07233894,0.013982803,-0.997282,-0.9097253,-0.4108193,0.06022784,-0.40886053,0.91160953,0.042438745
1356423286748,-0.028400004,0.034905463,-0.99898696,-0.9124025,-0.40912825,0.011643231,-0.4083074,0.91180897,0.043467075
1356423286788,0.017971158,0.05225396,-0.9984721,-0.912239,-0.40791368,-0.037766814,-0.40926394,0.91152394,0.040337473
1356423286828,0.05743301,0.06595752,-0.9961682,-0.9107456,-0.4052744,-0.0793418,-0.40895468,0.91181266,0.036794424
1356423286869,0.08516401,0.075712025,-0.99348617,-0.910281,-0.39952588,-0.108478755,-0.40513656,0.9135901,0.03489393
1356423286908,0.099968195,0.08055413,-0.9917245,-0.9121103,-0.39083976,-0.12368944,-0.39756897,0.9169272,0.034402683
1356423286950,0.103162885,0.07937226,-0.9914925,-0.9164562,-0.37985688,-0.12576425,-0.3866075,0.9216337,0.033554107
1356423286988,0.09238982,0.07015252,-0.9932486,-0.9223726,-0.36973608,-0.1119113,-0.3750907,0.9264847,0.030546904
1356423287029,0.07109022,0.052993298,-0.9960612,-0.92857873,-0.36115545,-0.08548838,-0.36426327,0.9309986,0.02353385
1356423287068,0.035262883,0.025814503,-0.9990446,-0.934237,-0.35415608,-0.042126507,-0.3549052,0.93482995,0.0116283
1356423287108,-0.012026131,-0.011443704,-0.9998622,-0.93778694,-0.34687614,0.01524961,-0.34700286,0.9378411,-0.006560147
1356423287149,-0.06524038,-0.05888465,-0.99613065,-0.93789804,-0.33723497,0.08136156,-0.34072107,0.9395771,-0.03322646
1356423287191,-0.11634946,-0.11510405,-0.986516,-0.9342959,-0.3243118,0.14803046,-0.3369777,0.93892115,-0.06980771
1356423287230,-0.13609153,-0.17629614,-0.9748839,-0.93101656,-0.3136205,0.18668231,-0.338655,0.93303895,-0.12145352
1356423287268,-0.12426269,-0.23788747,-0.9633112,-0.929698,-0.31133217,0.19680953,-0.34672824,0.92004454,-0.18247661
1356423287309,-0.06217587,-0.2911106,-0.9546668,-0.9298296,-0.33070576,0.16140175,-0.36269957,0.8977128,-0.25012133
1356423287348,0.011033356,-0.33105475,-0.9435471,-0.9247529,-0.36235493,0.116322964,-0.3804082,0.87126446,-0.3101418
1356423287388,0.060766548,-0.35831693,-0.9316203,-0.91634226,-0.39008877,0.09026471,-0.39575797,0.84819794,-0.35204524
1356423287428,0.064581364,-0.37798506,-0.92355645,-0.9107061,-0.4006901,0.10030821,-0.40797496,0.83461046,-0.3701104
1356423287468,0.019991457,-0.39262536,-0.91948116,-0.90817237,-0.39173728,0.14752918,-0.41811872,0.83209807,-0.36440292
1356423287511,-0.061635435,-0.4004356,-0.91424966,-0.9026176,-0.3686002,0.22229582,-0.42600775,0.8389191,-0.3387214
1356423287550,-0.16464233,-0.39859638,-0.90222716,-0.8872547,-0.33974946,0.31200856,-0.43089664,0.8518751,-0.29771936
1356423287591,-0.26941395,-0.38629034,-0.8821541,-0.8602067,-0.31530648,0.40078202,-0.4329672,0.86681116,-0.24734157
1356423287630,-0.36677927,-0.36583096,-0.85536003,-0.82353586,-0.3000036,0.4814422,-0.43273747,0.88100266,-0.19123983
1356423287671,-0.44728816,-0.34021488,-0.82715607,-0.78404737,-0.29584563,0.54566026,-0.43035224,0.89259684,-0.13441634
1356423287711,-0.51037866,-0.31234926,-0.8012188,-0.7472965,-0.29992408,0.5929532,-0.42551333,0.90137875,-0.08034265
1356423287750,-0.5528202,-0.28413624,-0.78336227,-0.72043484,-0.30945283,0.620655,-0.41876423,0.9074721,-0.033629835
1356423287791,-0.5783427,-0.25710833,-0.7742189,-0.70474434,-0.32057458,0.6329038,-0.4109198,0.91166174,0.0042063594
1356423287830,-0.5839571,-0.2308935,-0.77825606,-0.7041014,-0.33308184,0.6271347,-0.4040242,0.91419077,0.03193295
1356423287871,-0.5701094,-0.20636645,-0.7952284,-0.7176808,-0.34603548,0.6043127,-0.39988703,0.9152445,0.04917282
1356423287910,-0.5344496,-0.18250126,-0.8252618,-0.7446412,-0.3602413,0.5619037,-0.3998415,0.91483307,0.056632876
1356423287950,-0.47923756,-0.15882003,-0.86319613,-0.77921575,-0.3756268,0.50172436,-0.4039235,0.91306114,0.056259394
1356423287990,-0.4125799,-0.13540423,-0.90080154,-0.8133243,-0.39057624,0.43122363,-0.41022122,0.910558,0.05101636
1356423288031,-0.3472718,-0.11320716,-0.9309062,-0.84092534,-0.40173954,0.36256012,-0.41502628,0.90872955,0.044314116
1356423288071,-0.29452246,-0.09425753,-0.9509848,-0.86084723,-0.40594345,0.30684197,-0.4149682,0.9090245,0.038418144
1356423288110,-0.25979096,-0.080693275,-0.9622875,-0.87480557,-0.40232277,0.26991037,-0.40893012,0.91193473,0.0339289
1356423288151,-0.24377578,-0.07444686,-0.96696997,-0.8843879,-0.3921407,0.25314742,-0.3980343,0.9168878,0.02975455
1356423288190,-0.24516755,-0.0770798,-0.96641177,-0.89001906,-0.3773452,0.25588414,-0.38439435,0.9228593,0.023910254
1356423288231,-0.26399243,-0.0898661,-0.9603291,-0.8905149,-0.3597759,0.27846798,-0.37052816,0.9287008,0.01495111
1356423288270,-0.29667115,-0.11224803,-0.94835985,-0.88553464,-0.33943576,0.3171935,-0.3575116,0.93390775,0.0013013184
1356423288311,-0.34198314,-0.14420342,-0.92857575,-0.87371266,-0.31498092,0.37069285,-0.3459388,0.9380791,-0.018274188
1356423288351,-0.3904215,-0.18440765,-0.9019784,-0.85696787,-0.2852186,0.4292511,-0.33641818,0.94055533,-0.04667604
1356423288390,-0.4361869,-0.23177642,-0.86949444,-0.83706576,-0.2501055,0.48658818,-0.33024505,0.94006747,-0.08491933
1356423288432,-0.4534213,-0.28581643,-0.84422636,-0.82789385,-0.21579891,0.517709,-0.3301529,0.93367004,-0.13877785
1356423288471,-0.44538474,-0.34574795,-0.8258879,-0.8297957,-0.1870346,0.5257919,-0.33626106,0.91949797,-0.20359778
1356423288532,-0.37565053,-0.4138501,-0.8292254,-0.8573055,-0.18468064,0.4805417,-0.3520141,0.89141524,-0.2854206
1356423288556,-0.31733108,-0.4736358,-0.8215656,-0.8745265,-0.18888783,0.44668192,-0.36674833,0.86022705,-0.354267
1356423288598,-0.2887717,-0.5157637,-0.806597,-0.87932056,-0.19036019,0.4365299,-0.3786902,0.83531487,-0.39855105
1356423288638,-0.30115652,-0.5389491,-0.786663,-0.870575,-0.1812312,0.4574433,-0.38910657,0.82261115,-0.41461664
1356423288678,-0.3467027,-0.5440844,-0.764048,-0.8487984,-0.16466653,0.5024203,-0.3991722,0.82271326,-0.40472758
1356423288718,-0.40809888,-0.53352034,-0.7408179,-0.81658864,-0.14951819,0.55751884,-0.40821347,0.83246636,-0.37464845
1356423288758,-0.47123945,-0.5110084,-0.71889067,-0.7782953,-0.14254415,0.61150426,-0.41495752,0.8476742,-0.33054292
1356423288798,-0.5277817,-0.48083138,-0.7001768,-0.7390313,-0.14636081,0.6575798,-0.41866344,0.86451125,-0.27810293
1356423288838,-0.57368875,-0.44689026,-0.6864184,-0.7036407,-0.16006523,0.69229245,-0.4192505,0.88015234,-0.22262257
1356423288878,-0.60748583,-0.41216207,-0.67903113,-0.6759542,-0.1807357,0.7144371,-0.41718912,0.8930044,-0.16880828
1356423288918,-0.62917787,-0.37846696,-0.6788947,-0.6582476,-0.20503128,0.7243426,-0.41333443,0.90262115,-0.1201238
1356423288958,-0.63894475,-0.34672898,-0.6866794,-0.65166974,-0.23034829,0.72267985,-0.40874952,0.9092407,-0.07877296
1356423288998,-0.6370387,-0.31732106,-0.70248777,-0.6562388,-0.25484473,0.7102146,-0.40439135,0.9134339,-0.045892417
1356423289038,-0.62283987,-0.29045135,-0.72643554,-0.6717921,-0.27731866,0.68686956,-0.40095627,0.9158234,-0.022397757
1356423289079,-0.5951829,-0.26614112,-0.7582389,-0.6975886,-0.297275,0.6519184,-0.39890778,0.9169495,-0.008724034
1356423289119,-0.55402905,-0.24452074,-0.7957772,-0.73082864,-0.31491077,0.60557467,-0.39867437,0.9170827,-0.0042330623
1356423289158,-0.5031319,-0.22375518,-0.83474064,-0.76626843,-0.3311317,0.5506219,-0.3996136,0.91667086,-0.004853666
1356423289200,-0.45113295,-0.2037307,-0.8688918,-0.7978091,-0.34427553,0.4949494,-0.39997464,0.91649777,-0.007224202
1356423289239,-0.40503305,-0.18386954,-0.8956228,-0.82324976,-0.3528056,0.44473362,-0.39775366,0.91745305,-0.008472621
1356423289279,-0.37141073,-0.16594729,-0.9135182,-0.8417814,-0.35493857,0.40672177,-0.39173722,0.9200435,-0.007863343
1356423289318,-0.35140514,-0.15235996,-0.9237429,-0.8543383,-0.35135716,0.38295463,-0.38291064,0.9237611,-0.006698191
1356423289360,-0.34468263,-0.14521912,-0.9274186,-0.861843,-0.34261042,0.3739583,-0.37204918,0.9281861,-0.0070642233
1356423289399,-0.35202664,-0.14656273,-0.92444396,-0.863567,-0.33008516,0.38117695,-0.3610116,0.9325037,-0.01036793
1356423289445,-0.36590225,-0.15675235,-0.9173572,-0.86287856,-0.3121344,0.39750814,-0.3486491,0.93701696,-0.021047533
1356423289488,-0.4007808,-0.1787546,-0.89856637,-0.8520298,-0.28780645,0.4372787,-0.3367788,0.9408582,-0.036956966
1356423289517,-0.44002783,-0.20411149,-0.8744793,-0.8367809,-0.26016062,0.48178232,-0.3258424,0.94374514,-0.05631858
1356423289560,-0.46211928,-0.23374775,-0.85545766,-0.82863045,-0.22984976,0.510432,-0.31593904,0.9447386,-0.08747244
1356423289598,-0.47332442,-0.2711445,-0.8381196,-0.82477903,-0.19772685,0.529758,-0.30935976,0.942011,-0.13004541
1356423289640,-0.4531657,-0.31856418,-0.83256096,-0.83564234,-0.17339206,0.52118814,-0.31039137,0.9319078,-0.18763036
1356423289679,-0.4035492,-0.37214136,-0.8358581,-0.85737264,-0.16517085,0.48747382,-0.3194686,0.91336155,-0.25240928
1356423289720,-0.32918465,-0.4243206,-0.84355766,-0.88298166,-0.17826712,0.43423998,-0.33463556,0.88779104,-0.3159845
1356423289758,-0.2580124,-0.46366864,-0.84760904,-0.9005547,-0.202312,0.38480002,-0.3499011,0.86260146,-0.36536002
1356423289800,-0.21709484,-0.48471007,-0.8473051,-0.90661573,-0.2216202,0.3590715,-0.36182553,0.84613276,-0.39133316
1356423289839,-0.21760273,-0.4880582,-0.8452504,-0.90274775,-0.22860032,0.36440158,-0.37107366,0.8423426,-0.3908494
1356423289879,-0.2484808,-0.4774087,-0.84281564,-0.89151317,-0.22751766,0.39171416,-0.3787632,0.84871465,-0.3690824
1356423289920,-0.3064338,-0.45400453,-0.836647,-0.87078273,-0.22132313,0.43903702,-0.38449413,0.8630735,-0.32751834
1356423289968,-0.3855393,-0.41730243,-0.82293266,-0.8377519,-0.21546596,0.5017431,-0.38669258,0.88285506,-0.26652533
1356423290009,-0.45088637,-0.37690973,-0.80909854,-0.80486643,-0.22018361,0.5510981,-0.38586456,0.899699,-0.20408416
1356423290050,-0.50680494,-0.33711576,-0.7934114,-0.77225626,-0.23147172,0.59164274,-0.3831044,0.9125644,-0.1430288
1356423290089,-0.5479054,-0.3009864,-0.7805171,-0.7455193,-0.24755806,0.6188022,-0.3794743,0.9209355,-0.08875275
1356423290130,-0.5766127,-0.26951486,-0.77128434,-0.7256725,-0.26479965,0.63504386,-0.37538958,0.9258741,-0.042892635
1356423290168,-0.5919222,-0.24274194,-0.7685729,-0.71530586,-0.2812351,0.63972205,-0.37143707,0.9284305,-0.0071653724
1356423290210,-0.5947002,-0.22096658,-0.77298474,-0.7143615,-0.29583818,0.6341667,-0.36880803,0.92932963,0.018084943
1356423290248,-0.5835651,-0.20322806,-0.78622526,-0.72348714,-0.30959296,0.61702394,-0.36880642,0.9288975,0.03363478
1356423290288,-0.5582475,-0.18990925,-0.8076472,-0.7411938,-0.32326818,0.58832765,-0.37281552,0.9270556,0.039704144
1356423290328,-0.51942325,-0.17903236,-0.8355519,-0.7652489,-0.3376605,0.548069,-0.38025492,0.9240849,0.038384378
1356423290368,-0.47283065,-0.16842255,-0.8649075,-0.7908912,-0.35163796,0.50084126,-0.38848725,0.92086077,0.033061266
1356423290408,-0.4269629,-0.15630654,-0.89065754,-0.81408083,-0.36234987,0.45384446,-0.39366853,0.9188421,0.027463853
1356423290448,-0.38898194,-0.14258045,-0.9101449,-0.83319145,-0.3670572,0.41359526,-0.39304587,0.9192061,0.02398181
1356423290508,-0.36224794,-0.12900716,-0.92311084,-0.848366,-0.36458266,0.3838679,-0.38607192,0.92219126,0.022624016
1356423290521,-0.34493732,-0.118697524,-0.93109024,-0.8595869,-0.35847867,0.36414742,-0.37699938,0.925961,0.021621853
1356423290561,-0.33580208,-0.11219004,-0.93522745,-0.8686583,-0.34705555,0.35353258,-0.36423868,0.93111,0.019087166
1356423290600,-0.33880937,-0.11298281,-0.9340466,-0.87325346,-0.33175325,0.35688674,-0.35019505,0.936576,0.013738513
1356423290642,-0.35103494,-0.12160808,-0.928432,-0.87430805,-0.31238192,0.37148747,-0.33520126,0.9421406,0.0033340454
1356423290680,-0.3750106,-0.13894585,-0.9165485,-0.86990666,-0.28892952,0.39972764,-0.32035843,0.9472137,-0.012518227
1356423290721,-0.4000203,-0.16368768,-0.9017705,-0.8639718,-0.2609853,0.43062663,-0.30583712,0.9513638,-0.037022114
1356423290760,-0.42249864,-0.19689494,-0.8847188,-0.8576154,-0.22896475,0.46051165,-0.29324186,0.95331395,-0.07212281
1356423290801,-0.43198156,-0.239162,-0.8695938,-0.85565484,-0.1960513,0.47897673,-0.28503805,0.95098126,-0.11994952
1356423290840,-0.41702086,-0.29160303,-0.86084914,-0.8635314,-0.16837585,0.47535565,-0.28356135,0.94160354,-0.18159217
1356423290881,-0.3752243,-0.3514257,-0.8577335,-0.88082975,-0.15301967,0.4480223,-0.28869665,0.923626,-0.2521295
1356423290921,-0.3162709,-0.41040248,-0.8553026,-0.90063006,-0.1533702,0.40662402,-0.29805744,0.8989145,-0.3211143
1356423290961,-0.26379663,-0.45789838,-0.84896433,-0.9137348,-0.16335171,0.37202817,-0.30903086,0.87386805,-0.375306
1356423291001,-0.23825806,-0.48794428,-0.83972836,-0.9163369,-0.17355257,0.3608412,-0.3218074,0.85544723,-0.40577102
1356423291040,-0.24212646,-0.5008681,-0.8309669,-0.9101207,-0.1795544,0.37341723,-0.33623654,0.84669435,-0.4123755
1356423291079,-0.27326125,-0.49801353,-0.8229889,-0.8951266,-0.18164158,0.40712988,-0.35224515,0.8479321,-0.39614958
1356423291119,-0.3194651,-0.4819925,-0.81585854,-0.87327063,-0.18450779,0.4509493,-0.36788648,0.8565279,-0.36196613
1356423291159,-0.37059808,-0.4560464,-0.80912215,-0.8468295,-0.19190913,0.49603498,-0.3814929,0.8690181,-0.31507236
1356423291200,-0.41870105,-0.4238847,-0.8031259,-0.81901604,-0.20578611,0.5355977,-0.39230376,0.88202834,-0.26100552
1356423291242,-0.45931256,-0.38889498,-0.7986192,-0.7930433,-0.22547227,0.56590146,-0.40014273,0.8932653,-0.20484835
1356423291280,-0.49007553,-0.3537045,-0.79669255,-0.7719384,-0.2484315,0.58514345,-0.40489143,0.9017621,-0.15128791
1356423291321,-0.51084685,-0.31976968,-0.7979868,-0.75750166,-0.27147,0.59371305,-0.40648097,0.9077728,-0.10354644
1356423291360,-0.5221801,-0.28759366,-0.802881,-0.750487,-0.2922114,0.5927746,-0.40508923,0.91208684,-0.063248396
1356423291401,-0.52336705,-0.25749552,-0.81227034,-0.7514826,-0.3098989,0.58244014,-0.40169746,0.91523695,-0.031312525
1356423291440,-0.51432705,-0.2300995,-0.8261488,-0.75979805,-0.32448685,0.5633961,-0.39771158,0.9174762,-0.007936716
1356423291510,-0.49331743,-0.20558935,-0.8452047,-0.7750427,-0.33723754,0.5343966,-0.39490104,0.9186968,0.007024646
1356423291521,-0.4600926,-0.18431678,-0.8685287,-0.79542685,-0.34904712,0.49544156,-0.3944757,0.9188,0.013983488
1356423291555,-0.41754752,-0.16411006,-0.89371246,-0.8181696,-0.35996884,0.4483536,-0.39528793,0.9184173,0.016034245
1356423291596,-0.37281203,-0.14552107,-0.916425,-0.8395237,-0.36777467,0.39992738,-0.39523575,0.9184582,0.014942348
1356423291637,-0.32924658,-0.12688866,-0.9356794,-0.85895026,-0.3713168,0.35260195,-0.39217466,0.9197951,0.013263762
1356423291678,-0.29139096,-0.10913947,-0.9503578,-0.87569296,-0.36944228,0.31092474,-0.3850365,0.92282224,0.0120794475
1356423291719,-0.25979644,-0.093514055,-0.96112484,-0.89014757,-0.36265498,0.27589604,-0.37435693,0.92721975,0.010975152
1356423291758,-0.23376143,-0.081944734,-0.96883476,-0.9023169,-0.35289937,0.24756041,-0.36218742,0.9320661,0.008554071
1356423291798,-0.2126627,-0.07601324,-0.9741646,-0.91233265,-0.34155017,0.2258155,-0.34989098,0.9367846,0.003285557
1356423291838,-0.19620591,-0.07667601,-0.9775603,-0.9202111,-0.32995385,0.21057567,-0.33869585,0.9408779,-0.0058192313
1356423291878,-0.18304992,-0.08443698,-0.97947085,-0.92635345,-0.31878972,0.20060486,-0.32918373,0.9440569,-0.019864082
1356423291918,-0.17051649,-0.09963027,-0.9803051,-0.93139875,-0.30840105,0.193353,-0.3215909,0.9460247,-0.04020807
1356423291958,-0.15483779,-0.12224901,-0.98034704,-0.9359498,-0.29951322,0.1851748,-0.3162644,0.94622767,-0.068042904
1356423291999,-0.12993479,-0.15262479,-0.97970533,-0.94050366,-0.2938971,0.17052084,-0.3139583,0.94357306,-0.10535663
1356423292038,-0.09256554,-0.18896997,-0.97761035,-0.9444699,-0.29423177,0.14630195,-0.3152907,0.93686604,-0.15124074
1356423292080,-0.034855425,-0.2309727,-0.9723357,-0.9459205,-0.30635512,0.10668138,-0.3225205,0.92347074,-0.20780367
1356423292118,0.03658086,-0.27072477,-0.9619615,-0.941641,-0.331666,0.05753258,-0.33462536,0.90371776,-0.26705822
1356423292159,0.114100724,-0.30302122,-0.9461286,-0.9294542,-0.368888,0.0060557127,-0.3508505,0.87869215,-0.32373467
1356423292198,0.18481886,-0.32111058,-0.9288326,-0.91207397,-0.40802813,-0.040423185,-0.36600953,0.854635,-0.3682879
1356423292238,0.23841584,-0.32363433,-0.91565216,-0.89505416,-0.43910974,-0.07785064,-0.37687662,0.83811903,-0.39436096
1356423292278,0.27135894,-0.3114846,-0.91068196,-0.88266575,-0.4577925,-0.10643005,-0.38375208,0.8327085,-0.39916283
1356423292318,0.2839696,-0.28677124,-0.9149445,-0.87663645,-0.46420357,-0.12658459,-0.38841972,0.8380199,-0.38321382
1356423292358,0.28026742,-0.25207004,-0.9262347,-0.8765614,-0.46050447,-0.1399129,-0.3912674,0.8511147,-0.35001934
1356423292398,0.2655649,-0.21015248,-0.9409098,-0.8808656,-0.44956693,-0.14820692,-0.3918559,0.8681736,-0.3045053
1356423292439,0.24424222,-0.16357881,-0.9558178,-0.88755697,-0.43476287,-0.15239409,-0.39062563,0.88556385,-0.25137296
1356423292501,0.21829504,-0.114201814,-0.9691776,-0.895167,-0.41891795,-0.15226239,-0.38861728,0.9008139,-0.19367743
1356423292515,0.19561249,-0.06599632,-0.9784581,-0.90136755,-0.40517503,-0.15287182,-0.38635784,0.9118539,-0.1387442
1356423292546,0.17783809,-0.023002952,-0.9837909,-0.9061508,-0.39368773,-0.15459806,-0.3837502,0.91895634,-0.09085679
1356423292589,0.16166061,0.014472842,-0.98674035,-0.9105782,-0.38325346,-0.15480405,-0.380412,0.9235299,-0.048778385
1356423292628,0.15114534,0.04660213,-0.98741245,-0.91420066,-0.37337875,-0.15756074,-0.3760215,0.9265077,-0.013830751
1356423292668,0.14690804,0.07296166,-0.9864556,-0.91693985,-0.36400026,-0.16347817,-0.37099773,0.9285368,0.01342687
1356423292708,0.14956445,0.09367108,-0.98430496,-0.9182987,-0.3558916,-0.1734032,-0.36654872,0.92982095,0.032789305
1356423292749,0.15919852,0.10918909,-0.9811899,-0.9176131,-0.35027683,-0.18786278,-0.36420065,0.9302602,0.044429764
1356423292789,0.174492,0.12054354,-0.9772521,-0.9145197,-0.34803277,-0.20622057,-0.36497435,0.9297002,0.049510524
1356423292829,0.19329345,0.1285922,-0.9726776,-0.909236,-0.34905165,-0.22683233,-0.36868355,0.9282387,0.049451187
1356423292868,0.21315014,0.13459584,-0.96770394,-0.9032959,-0.35029763,-0.24768546,-0.37232184,0.9269172,0.046913907
1356423292910,0.23226702,0.13840374,-0.96275455,-0.8985069,-0.34851962,-0.2668696,-0.3724746,0.9270267,0.043407127
1356423292959,0.25046706,0.13938802,-0.9580382,-0.8965501,-0.34002835,-0.28386354,-0.3653274,0.9300277,0.03980249
1356423292999,0.26393622,0.13747248,-0.9546931,-0.89695656,-0.32899553,-0.2953485,-0.35469207,0.93427145,0.03647305
1356423293040,0.27296048,0.13165218,-0.95297444,-0.89947087,-0.3164475,-0.30135232,-0.34124002,0.93943006,0.032039583
1356423293078,0.2749176,0.121013194,-0.9538219,-0.9039935,-0.30531973,-0.2992922,-0.32743886,0.9445294,0.025457323
1356423293119,0.271814,0.10490844,-0.9566145,-0.90966237,-0.29638946,-0.29097688,-0.3140564,0.9492879,0.014868483
1356423293158,0.26029557,0.08272877,-0.9619783,-0.91696894,-0.2908097,-0.27312607,-0.30234793,0.95319766,1.6321242E-4
1356423293199,0.24534583,0.054016978,-0.96792954,-0.92418265,-0.28845942,-0.25035506,-0.29273182,0.95596725,-0.020850778
1356423293237,0.22584265,0.018177837,-0.97399414,-0.9313085,-0.28926015,-0.22134358,-0.2857612,0.9570779,-0.048398077
1356423293278,0.27149996,-0.004760653,-0.96242666,-0.92010903,-0.29458657,-0.25810498,-0.28228924,0.95561296,-0.0843606
1356423293318,0.20730832,-0.07103068,-0.9756936,-0.9363573,-0.30323288,-0.176875,-0.28329888,0.9502654,-0.12937272
1356423293359,0.17596757,-0.13610908,-0.97494084,-0.94069886,-0.31505394,-0.12580323,-0.29003602,0.9392631,-0.18347692
1356423293398,0.1777896,-0.19747639,-0.96405077,-0.9361898,-0.33579823,-0.10386652,-0.30321538,0.9210009,-0.24457681
1356423293438,0.20342961,-0.25086918,-0.9464042,-0.9249263,-0.36628488,-0.10171953,-0.32113525,0.8960469,-0.30654866
1356423293506,0.23682904,-0.29257113,-0.9264525,-0.9101116,-0.400532,-0.1061649,-0.34001306,0.8683181,-0.36113003
1356423293524,0.26087508,-0.32173184,-0.91018283,-0.89741194,-0.4283171,-0.10581297,-0.35580346,0.84441286,-0.40046325
1356423293558,0.26717484,-0.34001622,-0.9016688,-0.89116395,-0.4432056,-0.09693083,-0.36666664,0.82943225,-0.42142352
1356423293600,0.24679604,-0.3492328,-0.9039514,-0.89400053,-0.4420286,-0.073305845,-0.37397158,0.8262246,-0.42130518
1356423293640,0.20708293,-0.3497777,-0.91365874,-0.9016676,-0.4306212,-0.039509565,-0.37962118,0.8319982,-0.4045575
1356423293680,0.14426813,-0.34188363,-0.92860234,-0.9119321,-0.41023418,0.00935778,-0.38414374,0.84547234,-0.3709584
1356423293718,0.072992384,-0.3250946,-0.94286036,-0.9191574,-0.38883418,0.06291109,-0.38706836,0.862045,-0.32719505
1356423293759,-0.006141603,-0.3003614,-0.9538057,-0.9215255,-0.36864746,0.12202394,-0.38826934,0.87970567,-0.27452657
1356423293798,-0.07794398,-0.2691554,-0.95993745,-0.9183465,-0.35537386,0.17420968,-0.3880262,0.89513385,-0.21947864
1356423293839,-0.13967395,-0.23450103,-0.9620294,-0.9115919,-0.34890926,0.21740001,-0.38664144,0.9073432,-0.16503572
1356423293878,-0.1851561,-0.19834074,-0.9624854,-0.904431,-0.3486662,0.24583814,-0.38434583,0.91602004,-0.11482787
1356423293918,-0.21320444,-0.16248381,-0.9634017,-0.8995502,-0.3521436,0.2584652,-0.38125214,0.9217342,-0.071083784
1356423293958,-0.22482216,-0.12787667,-0.96597224,-0.89836633,-0.35671175,0.25630945,-0.37734967,0.92542106,-0.034683347
1356423293999,-0.22168392,-0.09496978,-0.9704829,-0.9010197,-0.3605997,0.24110436,-0.37285346,0.92787313,-0.005630493
1356423294040,-0.2063607,-0.06428102,-0.9763622,-0.90653443,-0.36298096,0.21549976,-0.36825347,0.92957664,0.01663208
1356423294078,-0.17928886,-0.035722673,-0.9831476,-0.9137872,-0.36419582,0.1798732,-0.3644838,0.930637,0.03265333
1356423294119,-0.14438432,-0.010637224,-0.98946446,-0.9208311,-0.36461782,0.1382891,-0.3622474,0.93109643,0.042850077
1356423294159,-0.10254401,0.011249483,-0.9946649,-0.92648214,-0.3650748,0.09138578,-0.36209902,0.9309103,0.047858596
1356423294198,-0.057573378,0.030384898,-0.9978788,-0.92983884,-0.36550224,0.042518467,-0.36343503,0.9303144,0.04929629
1356423294240,-0.01409924,0.046335757,-0.9988264,-0.93104017,-0.36489707,-0.0037852228,-0.36464426,0.9298941,0.048285276
1356423294279,0.025119781,0.059867322,-0.99789023,-0.9312339,-0.36161602,-0.0451366,-0.3635553,0.930403,0.04666674
1356423294319,0.057320297,0.07013565,-0.99588925,-0.93176585,-0.35445136,-0.07859185,-0.35850638,0.9324405,0.04503274
1356423294358,0.08220786,0.07653549,-0.993672,-0.9329883,-0.34463382,-0.10373208,-0.3503922,0.93561196,0.043075144
1356423294400,0.10062051,0.07788363,-0.99187183,-0.93481874,-0.3338583,-0.12104803,-0.34057227,0.93940026,0.039214104
1356423294438,0.11124027,0.07318699,-0.991095,-0.9368689,-0.32495666,-0.12915024,-0.331515,0.9428928,0.03241837
1356423294511,0.116699755,0.062187582,-0.9912183,-0.9387678,-0.31886816,-0.13052988,-0.32418537,0.9457567,0.021167934
1356423294520,0.11626369,0.044107288,-0.9922385,-0.9406102,-0.31593126,-0.12425813,-0.31895983,0.9477563,0.004756421
1356423294558,0.11086494,0.019184649,-0.9936503,-0.94232446,-0.3156767,-0.111233175,-0.31580618,0.94867283,-0.016919315
1356423294599,0.10530174,-0.012123853,-0.9943664,-0.94331396,-0.31770808,-0.09602171,-0.31475416,0.948111,-0.044891745
1356423294638,0.10255772,-0.04900959,-0.993519,-0.94328594,-0.32182288,-0.08149701,-0.31574303,0.9455306,-0.079235494
1356423294679,0.10795277,-0.089805484,-0.99009144,-0.941661,-0.32857978,-0.072868675,-0.31878006,0.9401969,-0.12003735
1356423294718,0.12685144,-0.13259175,-0.98301995,-0.9374099,-0.3400333,-0.075101435,-0.3243016,0.93101925,-0.16742659
1356423294760,0.16144294,-0.17416844,-0.97139156,-0.9289328,-0.35914505,-0.089992404,-0.33319667,0.9168861,-0.21977216
1356423294809,0.22107458,-0.21318045,-0.9516723,-0.9102951,-0.39529073,-0.12291506,-0.34998417,0.893476,-0.28144586
1356423294848,0.2810379,-0.23983872,-0.9292444,-0.8866378,-0.4354436,-0.15576375,-0.36727536,0.86767864,-0.3350262
1356423294890,0.33147115,-0.2536451,-0.90873045,-0.8626567,-0.47150034,-0.18305981,-0.38203448,0.8446014,-0.3750974
1356423294928,0.36748818,-0.2555992,-0.8942156,-0.8436888,-0.49619344,-0.20489353,-0.3913333,0.8297356,-0.39799136
1356423294968,0.38350943,-0.24849594,-0.88947755,-0.83453774,-0.5057601,-0.2185258,-0.3955595,0.8261093,-0.40134296
1356423295008,0.3802957,-0.23344502,-0.8949182,-0.8355377,-0.5016013,-0.22421604,-0.39654994,0.8330063,-0.38580897
1356423295048,0.36048907,-0.21163261,-0.90843785,-0.84509873,-0.486309,-0.22206253,-0.3947858,0.84777075,-0.3541595
1356423295089,0.3277253,-0.18385428,-0.9267112,-0.86064583,-0.46271634,-0.2125614,-0.3897241,0.86723197,-0.3098773
1356423295128,0.2888886,-0.1512512,-0.94533926,-0.87786794,-0.43580827,-0.19854197,-0.381957,0.8872396,-0.25867864
1356423295168,0.24627909,-0.115454346,-0.9622977,-0.89470017,-0.40882412,-0.17992917,-0.37263688,0.9052807,-0.20398188
1356423295208,0.20598209,-0.07809025,-0.9754349,-0.9086569,-0.38523877,-0.16103959,-0.3631997,0.9195069,-0.15030956
1356423295249,0.17198712,-0.04116112,-0.98423886,-0.9190404,-0.3664167,-0.14527065,-0.35466206,0.92954,-0.10084766
1356423295288,0.14972371,-0.0066844523,-0.9887053,-0.92563224,-0.35244715,-0.13778946,-0.34754536,0.9358078,-0.05895704
1356423295329,0.13777965,0.023664713,-0.99018013,-0.92962116,-0.34189403,-0.13752416,-0.34179115,0.9394405,-0.025106847
1356423295368,0.13603836,0.049623072,-0.98946,-0.9315288,-0.33359545,-0.14480388,-0.33726498,0.94140935,8.4352493E-4
1356423295408,0.14155382,0.070898294,-0.9873885,-0.9317945,-0.32723808,-0.15708077,-0.33424783,0.9422785,0.01974076
1356423295448,0.1528182,0.08772454,-0.98435307,-0.9304035,-0.32301807,-0.17322966,-0.3331604,0.9423182,0.03225623
1356423295535,0.16883862,0.10003197,-0.98055446,-0.9272778,-0.32113552,-0.19242597,-0.33413967,0.9417354,0.038537398
1356423295545,0.18975192,0.107486635,-0.97593075,-0.9220414,-0.32206237,-0.21474525,-0.33739287,0.9405968,0.03799516
1356423295568,0.21097988,0.11188468,-0.97106606,-0.9159106,-0.3244,-0.23637328,-0.3414604,0.9392797,0.034034505
1356423295606,0.23092711,0.113452286,-0.966334,-0.9094223,-0.3278818,-0.25582176,-0.34586683,0.93788177,0.02745916
1356423295650,0.2473591,0.11351073,-0.962252,-0.90398884,-0.3304075,-0.2713579,-0.34873727,0.9369879,0.020883113
1356423295690,0.2590617,0.112690836,-0.9592643,-0.9007968,-0.33016437,-0.28205833,-0.34850016,0.93717253,0.0159785
1356423295728,0.26529092,0.11084163,-0.95777595,-0.9000653,-0.3276918,-0.28722906,-0.34569225,0.9382602,0.012831062
1356423295768,0.26728284,0.10728237,-0.9576274,-0.9013407,-0.3236342,-0.28782922,-0.34080002,0.94008046,0.010196134
1356423295808,0.26481426,0.10052332,-0.9590456,-0.90418684,-0.31977046,-0.28318354,-0.335141,0.9421475,0.0062121004
1356423295850,0.25811768,0.08944559,-0.961964,-0.9080873,-0.31741577,-0.27317533,-0.32977685,0.94405866,-7.0625544E-4
1356423295899,0.25277865,0.07059732,-0.9649451,-0.9113395,-0.31754214,-0.26196808,-0.32490495,0.9456125,-0.015929744
1356423295938,0.23574603,0.043037236,-0.97086126,-0.9172468,-0.32019764,-0.23692128,-0.32106394,0.9463726,-0.03600952
1356423295979,0.22559738,0.009365708,-0.9741756,-0.9207399,-0.3247046,-0.21634457,-0.31834552,0.9457691,-0.06462914
1356423296018,0.2225824,-0.030413687,-0.9744394,-0.9218906,-0.33170325,-0.20022622,-0.31713513,0.9428934,-0.101869345
1356423296058,0.23559254,-0.07488206,-0.9689628,-0.9181107,-0.34410346,-0.1966359,-0.31869888,0.93594104,-0.14981827
1356423296098,0.2681606,-0.12075853,-0.95577574,-0.90704215,-0.36593035,-0.20825365,-0.3245989,0.9227743,-0.20766118
1356423296138,0.31960538,-0.16202545,-0.93359524,-0.88618135,-0.39992777,-0.23396629,-0.33546227,0.9021116,-0.27140298
1356423296179,0.3810546,-0.19236445,-0.9043192,-0.8561739,-0.4425818,-0.2666227,-0.3489465,0.87585235,-0.33334526
1356423296219,0.43888772,-0.20841187,-0.87403786,-0.82316643,-0.4832437,-0.29811513,-0.36024252,0.8503176,-0.38364735
1356423296258,0.482366,-0.21145609,-0.85006434,-0.79539204,-0.5122827,-0.32391047,-0.36698037,0.8323778,-0.41529822
1356423296298,0.5052565,-0.20457533,-0.8383704,-0.7793876,-0.5252699,-0.3415356,-0.37050098,0.8259785,-0.4248395
1356423296338,0.505454,-0.19068274,-0.84152025,-0.7781155,-0.5222136,-0.3490403,-0.37289733,0.83122385,-0.41232818
1356423296378,0.4858889,-0.17120299,-0.857089,-0.789873,-0.50583565,-0.34674338,-0.37418264,0.8454702,-0.38100857
1356423296418,0.45187372,-0.14639205,-0.8799883,-0.8102752,-0.48000818,-0.33622342,-0.37318113,0.86496323,-0.33552095
1356423296459,0.4076993,-0.11596945,-0.905722,-0.8350322,-0.44869214,-0.31842828,-0.36946237,0.8861301,-0.27976966
1356423296512,0.36412245,-0.08025855,-0.92788655,-0.8572381,-0.41834784,-0.3002131,-0.36408466,0.904734,-0.22113054
1356423296542,0.32309076,-0.041258395,-0.9454682,-0.87605053,-0.39094386,-0.28230897,-0.3579774,0.9194894,-0.16245477
1356423296578,0.29728743,-9.2843175E-4,-0.95478755,-0.8874891,-0.36905453,-0.2759742,-0.35211247,0.9294073,-0.11053924
1356423296619,0.2839254,0.036946744,-0.9581343,-0.8938768,-0.3513679,-0.27843302,-0.3469448,0.9355082,-0.066736415
1356423296658,0.2852574,0.0712333,-0.9558002,-0.89513886,-0.33663237,-0.29224142,-0.34257054,0.9389379,-0.032263204
1356423296699,0.2967713,0.100073904,-0.94969046,-0.89279294,-0.32384962,-0.313117,-0.33889174,0.940801,-0.00676398
1356423296738,0.3166229,0.12366623,-0.94045556,-0.88705605,-0.31257522,-0.33974725,-0.3359784,0.9418085,0.010730416
1356423296778,0.34158945,0.14186886,-0.9290801,-0.87840843,-0.3033632,-0.3692823,-0.3342384,0.9422547,0.020993143
1356423296818,0.37014362,0.15572774,-0.91582894,-0.8667618,-0.29681203,-0.4007825,-0.334242,0.9421526,0.025115758
1356423296858,0.40010947,0.16631064,-0.9012509,-0.85240614,-0.29367602,-0.43261784,-0.33662468,0.9413263,0.024261624
1356423296900,0.4296057,0.17490488,-0.885916,-0.8359547,-0.29397896,-0.46341783,-0.34149465,0.93967265,0.019917503
1356423296938,0.45750993,0.18273005,-0.8702266,-0.81884015,-0.29497534,-0.49243313,-0.3466777,0.9378696,0.01467254
1356423296979,0.4832788,0.18935868,-0.8547426,-0.8026736,-0.29393673,-0.5189569,-0.3495093,0.9368801,0.009939849
1356423297018,0.50807667,0.19465876,-0.8390268,-0.78782135,-0.2887005,-0.544049,-0.34813145,0.9374219,0.006674379
1356423297058,0.53138936,0.19758111,-0.82376397,-0.77496976,-0.27933997,-0.5669136,-0.34212163,0.939644,0.0046811476
1356423297098,0.5527726,0.19743317,-0.80960643,-0.7639031,-0.26818132,-0.5869674,-0.3330082,0.9429204,0.0025765523
1356423297138,0.5714577,0.19358283,-0.7974721,-0.7545052,-0.25823617,-0.60335386,-0.3227351,0.94648814,-0.00151176
1356423297178,0.58692837,0.18571007,-0.7880525,-0.7467621,-0.25190714,-0.61553967,-0.312828,0.94976544,-0.009170212
