1356423020127,-0.4659778,0.037662357,-0.8839945,-0.88427126,0.014593363,0.46674544,0.030479193,0.99918395,0.026503563
1356423020288,-0.5171192,-0.0026340187,0.85590935,0.8553581,-0.037604988,0.51667047,0.030825526,0.9992893,0.02169931
1356423020330,-0.48983955,-5.505979E-4,0.8718124,0.8712579,-0.035973072,0.48950538,0.031092227,0.9993526,0.018100739
1356423020369,-0.4677472,0.0015396476,0.88386095,0.8833048,-0.034699082,0.46751335,0.03138897,0.9993967,0.014870405
1356423020408,-0.44545394,0.0031009316,0.89529955,0.8947406,-0.033957243,0.44529343,0.031782717,0.9994185,0.012351811
1356423020450,-0.422351,0.0035566688,0.90642536,0.9058548,-0.034033775,0.4222187,0.03235078,0.9994143,0.011152387
1356423020489,-0.39839476,0.0025446415,0.9172104,0.9166162,-0.03499192,0.3982338,0.033108354,0.9993843,0.011608243
1356423020527,-0.37419492,3.1650066E-4,0.92735004,0.9267289,-0.036468446,0.3739567,0.033937365,0.9993348,0.01335299
1356423020570,-0.3525589,-0.0029145777,0.9357851,0.9351437,-0.03824544,0.3521981,0.03476298,0.9992641,0.016209304
1356423020608,-0.33476663,-0.006978452,0.94227517,0.94163156,-0.040165782,0.33424044,0.035514742,0.99916863,0.020017266
1356423020648,-0.3410853,-0.010714918,0.9399713,0.9393368,-0.042345107,0.34037235,0.036156088,0.9990456,0.024508178
1356423020688,-0.32359058,-0.016433597,0.94605446,0.9454837,-0.044438183,0.32262337,0.03673914,0.9988769,0.029917479
1356423020729,-0.31658554,-0.022605985,0.9482945,0.9478277,-0.046919405,0.31531125,0.037365526,0.99864286,0.03628069
1356423020768,-0.31914014,-0.029061943,0.9472618,0.9469396,-0.050007343,0.31749743,0.03814295,0.9983259,0.043479264
1356423020808,-0.32862884,-0.035268545,0.9438004,0.94365114,-0.05358833,0.3265744,0.039058864,0.9979401,0.050891876
1356423020850,-0.34194374,-0.040916055,0.9388292,0.93886757,-0.057427466,0.33945495,0.040025443,0.99751085,0.058051765
1356423020888,-0.35666168,-0.045487106,0.9331256,0.9333404,-0.06101656,0.35376942,0.040844142,0.99709976,0.06421721
1356423020928,-0.3706084,-0.048914284,0.92750037,0.9278668,-0.06399608,0.36737975,0.041386247,0.9967507,0.06910342
1356423020968,-0.38325727,-0.051285803,0.9222168,0.9227076,-0.06615096,0.3797825,0.041528076,0.9964908,0.07267457
1356423021008,-0.3948745,-0.053069204,0.91720104,0.91781247,-0.06751686,0.39123115,0.04116425,0.9963057,0.075368285
1356423021048,-0.406281,-0.05489272,0.91209793,0.9128604,-0.06837529,0.4025056,0.0402703,0.99614835,0.077888906
1356423021088,-0.41801053,-0.05707696,0.9066473,0.907609,-0.06897181,0.4141119,0.03889683,0.9959845,0.080634475
1356423021128,-0.42972898,-0.059313923,0.90100765,0.9021921,-0.0692907,0.4257325,0.03717962,0.9958316,0.08328885
1356423021170,-0.44026244,-0.06073448,0.8958126,0.8971734,-0.069022834,0.43625167,0.035336018,0.9957646,0.08487755
1356423021207,-0.44894993,-0.06045246,0.89150965,0.89291203,-0.068250954,0.4450281,0.033943325,0.99583507,0.08461994
1356423021248,-0.45433104,-0.057614446,0.8889679,0.89019746,-0.067047894,0.4506141,0.033641577,0.9960849,0.081750214
1356423021288,-0.45781964,-0.05215931,0.88751364,0.8883552,-0.066155374,0.45436588,0.03501442,0.99644506,0.07662332
1356423021328,-0.46173084,-0.04485503,0.88588524,0.88619506,-0.06639218,0.45853072,0.03824839,0.99678487,0.0704056
1356423021368,-0.46867102,-0.036830395,0.8826046,0.88231957,-0.068291605,0.46566987,0.043123692,0.9969853,0.06450248
1356423021408,-0.4799425,-0.028844863,0.8768256,0.87591314,-0.07192969,0.47707677,0.049308628,0.99699247,0.05978781
1356423021448,-0.49494708,-0.021087825,0.86866724,0.8670882,-0.07692206,0.49218,0.05644071,0.99681413,0.056357384
1356423021489,-0.51229125,-0.013669103,0.858703,0.8564302,-0.08254361,0.5096213,0.06391439,0.99649376,0.053992927
1356423021528,-0.5304981,-0.0068419576,0.8476585,0.84470564,-0.08804679,0.52793944,0.07102147,0.9960928,0.05248815
1356423021568,-0.54807353,-7.6425076E-4,0.83642983,0.832858,-0.09281993,0.5456483,0.07722035,0.99568266,0.051508665
1356423021608,-0.56375813,0.0045549273,0.8259274,0.82185566,-0.09623021,0.5615096,0.08203676,0.9953487,0.05050701
1356423021648,-0.5769914,0.009074062,0.81669974,0.8123269,-0.097550035,0.574986,0.08488655,0.9951892,0.048914492
1356423021688,-0.58795214,0.012681335,0.8087962,0.804386,-0.09626728,0.5862556,0.08529514,0.9952747,0.04639989
1356423021728,-0.5971051,0.015407085,0.8020151,0.79781634,-0.0925374,0.5957567,0.08339524,0.99559003,0.04296249
1356423021768,-0.60478526,0.017563134,0.7961948,0.7923596,-0.08716613,0.60379493,0.080005825,0.9960389,0.038800597
1356423021827,-0.61140925,0.019437611,0.79107577,0.78763205,-0.08138412,0.61074734,0.07625246,0.9964932,0.03444934
1356423021848,-0.617854,0.020877093,0.7860157,0.7828778,-0.076734364,0.6174255,0.07320446,0.996833,0.031066358
1356423021889,-0.6250963,0.021344036,0.7802558,0.77725947,-0.074637115,0.62473756,0.071570456,0.9969824,0.030065477
1356423021926,-0.6339941,0.0202339,0.7730731,0.7700349,-0.075775206,0.63348585,0.07139766,0.9969196,0.032460272
1356423021968,-0.6447978,0.017016172,0.76416385,0.76096636,-0.07971996,0.64387494,0.07187536,0.9966721,0.038454473
1356423022008,-0.6563773,0.011953741,0.754338,0.75100374,-0.08487022,0.6548209,0.07184839,0.99632025,0.046729565
1356423022048,-0.6663726,0.006038755,0.7455945,0.7422514,-0.08955979,0.66410995,0.07078567,0.9959632,0.055197895
1356423022088,-0.6721336,3.4171343E-4,0.7404298,0.737234,-0.092502415,0.6692753,0.06872022,0.9957124,0.061922073
1356423022128,-0.672434,-0.0053015053,0.74013823,0.7372799,-0.09288484,0.66917175,0.06519997,0.99566275,0.06636757
1356423022172,-0.6676996,-0.012479901,0.74432623,0.74210787,-0.090085864,0.6641991,0.05876413,0.9958558,0.069411755
1356423022210,-0.65676284,-0.022242695,0.7537689,0.75246704,-0.08501601,0.6531198,0.04955533,0.9961312,0.07257235
1356423022249,-0.64256227,-0.035571277,0.7654073,0.76532805,-0.07834029,0.638855,0.037237316,0.9962919,0.07756221
1356423022280,-0.619882,-0.050587624,0.7830627,0.7843032,-0.071474254,0.61624664,0.0247944,0.9961588,0.08398169
1356423022320,-0.5998891,-0.07018703,0.7969986,0.80001557,-0.06556684,0.59638584,0.01039809,0.9953767,0.09548354
1356423022350,-0.56856567,-0.09205285,0.81747127,0.8226303,-0.05935228,0.5654704,-0.0035343468,0.9939837,0.10947114
1356423022389,-0.5447089,-0.12051454,0.82992065,0.8384156,-0.056135654,0.54213285,-0.018746763,0.9911231,0.13161892
1356423022420,-0.5119326,-0.1519584,0.8454782,0.8583874,-0.05256343,0.5103018,-0.033103377,0.9869882,0.15734828
1356423022459,-0.498972,-0.19212654,0.8450529,0.86532724,-0.05725217,0.49792665,-0.04728383,0.9796987,0.19481951
1356423022499,-0.50087434,-0.24009168,0.8315532,0.8634474,-0.072160125,0.49925083,-0.059860945,0.9680645,0.24344975
1356423022528,-0.5097755,-0.2869338,0.81104743,0.8574828,-0.09313136,0.50601375,-0.06965855,0.95341265,0.2935168
1356423022568,-0.5389241,-0.3318089,0.7742504,0.83899164,-0.12939197,0.5285363,-0.07519129,0.9344306,0.3481174
1356423022608,-0.5644897,-0.36700368,0.7393644,0.8218527,-0.16647112,0.5448354,-0.07687378,0.91520256,0.39559412
1356423022648,-0.57138294,-0.38915026,0.72255355,0.8172492,-0.18934113,0.5442919,-0.07500225,0.9015054,0.426219
1356423022688,-0.5517537,-0.39809954,0.7328607,0.83121383,-0.19062918,0.52224916,-0.068202555,0.89731675,0.43608606
1356423022728,-0.5027973,-0.3935252,0.7696317,0.86266553,-0.17199433,0.47563243,-0.054801047,0.9030814,0.4259588
1356423022768,-0.42730206,-0.3746801,0.82281697,0.90342253,-0.14149183,0.40473175,-0.035223067,0.9162941,0.39895415
1356423022808,-0.33279407,-0.34202585,0.8787869,0.9429295,-0.109339714,0.31452942,-0.011490881,0.93330765,0.35889387
1356423022848,-0.23007637,-0.29857087,0.92623985,0.97307,-0.084398985,0.21450311,0.014129311,0.95064837,0.30994853
1356423022888,-0.13108057,-0.24964347,0.9594248,0.9905945,-0.0712955,0.116788,0.039247394,0.96570957,0.25664097
1356423022928,-0.045276284,-0.20081696,0.9785819,0.997084,-0.06932068,0.031906873,0.061428547,0.9771731,0.20337
1356423022968,0.022604704,-0.15583059,0.9875251,0.99663126,-0.07437974,-0.03455019,0.078835875,0.9849794,0.15362436
1356423023008,0.071071684,-0.11648154,0.9906467,0.99334776,-0.08194631,-0.08090085,0.09060338,0.9898065,0.10988262
1356423023048,0.09917474,-0.08373311,0.9915408,0.9903313,-0.0888263,-0.106554896,0.09699702,0.9925214,0.07411417
1356423023088,0.10460788,-0.058677256,0.992781,0.9895336,-0.093633175,-0.10979974,0.099399984,0.9938761,0.048268378
1356423023128,0.08474213,-0.042328328,0.9955035,0.99138415,-0.09656924,-0.08849758,0.09988099,0.99442583,0.033780098
1356423023172,0.03989774,-0.0348472,0.99859595,0.9941787,-0.09871924,-0.04316619,0.10008487,0.99450505,0.03070563
1356423023209,-0.01858753,-0.03248152,0.99929947,0.994812,-0.10058272,0.015234679,0.10001737,0.99439836,0.034182608
1356423023249,-0.07709271,-0.03274232,0.9964861,0.9921914,-0.10080445,0.07344824,0.09804541,0.9943673,0.04025799
1356423023279,-0.12503314,-0.032945544,0.9916054,0.98766196,-0.09911674,0.12124279,0.09429023,0.9945303,0.04493192
1356423023309,-0.15900093,-0.032771677,0.9867344,0.98332036,-0.09466112,0.15530694,0.088315755,0.99496996,0.047276318
1356423023339,-0.17935526,-0.032453895,0.98324883,0.98051953,-0.08725351,0.1759775,0.08008075,0.9956573,0.047471106
1356423023379,-0.1871314,-0.03254217,0.9817958,0.980038,-0.07449162,0.1843273,0.06713715,0.9966906,0.045832276
1356423023409,-0.1765092,-0.03455898,0.98369205,0.9828187,-0.060976148,0.17421031,0.053961247,0.9975407,0.0447281
1356423023448,-0.15969324,-0.039136946,0.9863906,0.9863818,-0.046162844,0.15786022,0.03935644,0.998167,0.045975924
1356423023488,-0.12295288,-0.04689908,0.99130374,0.9920906,-0.03124988,0.12157199,0.025276482,0.9984107,0.050370395
1356423023528,-0.07051098,-0.057642907,0.99584407,0.99743557,-0.01634556,0.06967759,0.012261212,0.9982034,0.058647692
1356423023568,-0.008907616,-0.071929306,0.99737,0.9999603,-4.1413307E-4,0.008900851,-2.2727251E-4,0.9974097,0.07193011
1356423023608,0.050468087,-0.09173387,0.99450386,0.9986413,0.01757735,-0.04905671,-0.01298058,0.9956284,0.092496336
1356423023648,0.092983514,-0.12109071,0.98827684,0.9953193,0.03755775,-0.08904427,-0.026335001,0.99193066,0.124016166
1356423023688,0.101864934,-0.16592154,0.9808637,0.9939989,0.05649364,-0.09367266,-0.039870173,0.9845195,0.17068055
1356423023728,0.06569886,-0.22964758,0.9710539,0.9964623,0.06621069,-0.05175954,-0.052407682,0.9710191,0.23318511
1356423023768,-0.012524843,-0.30629614,0.9518539,0.9979452,0.05599183,0.03114891,-0.062836796,0.9502881,0.30496556
1356423023808,-0.10913193,-0.378408,0.91918314,0.9915195,0.024203539,0.12768424,-0.07056421,0.9253224,0.37255755
1356423023848,-0.19259179,-0.42900956,0.88253,0.97842205,-0.015376449,0.20604327,-0.07482436,0.90316904,0.4227138
1356423023888,-0.24402767,-0.45260108,0.8576729,0.9669297,-0.0459373,0.25087225,-0.07414594,0.89052916,0.44884327
1356423023929,-0.2607147,-0.4517089,0.8532215,0.963081,-0.060261786,0.26238042,-0.06710291,0.89012784,0.45074344
1356423023968,-0.24805027,-0.43053558,0.8678192,0.96725595,-0.060384035,0.24651518,-0.053731143,0.90055144,0.43141636
1356423024008,-0.21374267,-0.3930531,0.8943284,0.9762383,-0.05250728,0.21024224,-0.03567767,0.91801536,0.3949365
1356423024048,-0.16577297,-0.34360048,0.92436904,0.9860525,-0.04366082,0.16060576,-0.014825523,0.93810046,0.34604582
1356423024088,-0.111214876,-0.28706428,0.9514333,0.99376714,-0.039463997,0.10425636,0.007619083,0.957098,0.28966403
1356423024128,-0.057399273,-0.22911555,0.9717054,0.99789196,-0.042686343,0.048881263,0.0302791,0.9724628,0.2310828
1356423024169,-0.00999707,-0.1746212,0.9845849,0.9986279,-0.052358866,8.535385E-4,0.051402718,0.9832426,0.17490503
1356423024209,0.026112914,-0.12721935,0.9915308,0.99726117,-0.06534314,-0.034647703,0.069197625,0.98971987,0.12516463
1356423024249,0.047698736,-0.08880046,0.9949067,0.99544775,-0.07805574,-0.054691583,0.08251482,0.9929863,0.08467308
1356423024289,0.052518606,-0.05983904,0.9968254,0.99447286,-0.08774263,-0.057661742,0.09091455,0.9943441,0.05490023
1356423024329,0.039970994,-0.039727718,0.9984107,0.99472797,-0.09285748,-0.043518424,0.09443876,0.9948865,0.035806626
1356423024369,0.011298776,-0.027185947,0.99956656,0.9955648,-0.093063,-0.013784707,0.09339741,0.995289,0.026013881
1356423024408,-0.029549778,-0.020271838,0.9993577,0.995629,-0.08921528,0.027629822,0.08859789,0.995806,0.022819579
1356423024448,-0.07546228,-0.016466409,0.99701273,0.99382937,-0.08275807,0.073854476,0.081294745,0.99643373,0.02260989
1356423024488,-0.118024945,-0.013437659,0.9929197,0.99034727,-0.07477778,0.116707206,0.072680116,0.99710965,0.022133648
1356423024528,-0.15051967,-0.010239601,0.98855394,0.9865749,-0.06563741,0.14953846,0.06335491,0.997791,0.019981861
1356423024568,-0.16931313,-0.00759688,0.985533,0.9841194,-0.055393755,0.1686433,0.0533112,0.9984357,0.01685512
1356423024608,-0.17270744,-0.0070539117,0.98494786,0.98404956,-0.0445289,0.17223105,0.042643726,0.99898314,0.014631927
1356423024648,-0.15982854,-0.009852976,0.9870956,0.9866258,-0.034014583,0.15941295,0.032004952,0.9993727,0.0151577
1356423024688,-0.13053417,-0.016774356,0.9913019,0.99119395,-0.024653018,0.13010281,0.022256285,0.9995553,0.01984471
1356423024746,-0.08676094,-0.028562546,0.9958197,0.9961357,-0.016180336,0.08632442,0.013647109,0.99946105,0.029855967
1356423024768,-0.03354907,-0.046232283,0.9983672,0.9994207,-0.0072757006,0.03324756,0.0057267845,0.9989042,0.04644957
1356423024808,0.021350205,-0.070949495,0.9972514,0.9997696,0.0036947727,-0.021141171,-0.0021845996,0.997473,0.07101208
1356423024846,0.068766415,-0.10362959,0.9922359,0.9975754,0.017811239,-0.06727627,-0.01070115,0.9944565,0.10460317
1356423024888,0.09767145,-0.14595479,0.98445797,0.99501425,0.03437245,-0.093622714,-0.02017355,0.98869395,0.14858428
1356423024928,0.10096806,-0.19841385,0.97490376,0.99444044,0.0495705,-0.09290278,-0.02989322,0.97886395,0.20231584
1356423024968,0.07464373,-0.25970426,0.96279913,0.9964715,0.056584,-0.061991423,-0.03837961,0.9640291,0.26301146
1356423025008,0.025737643,-0.32220498,0.94631994,0.9986801,0.05037719,-0.01000914,-0.04444793,0.9453286,0.3230763
1356423025048,-0.0291211,-0.37396818,0.9269842,0.9984278,0.033551514,0.044901043,-0.047893256,0.92683434,0.37240326
1356423025088,-0.07184154,-0.40535837,0.9113306,0.99625975,0.014820516,0.085128754,-0.048014045,0.9140377,0.40277746
1356423025128,-0.09237653,-0.4133845,0.90585864,0.99479693,9.36985E-4,0.101873726,-0.042961776,0.9105561,0.41114706
1356423025171,-0.08626473,-0.39840364,0.91314447,0.9957775,-0.0055990815,0.09162822,-0.031392217,0.91719306,0.39720443
1356423025208,-0.06324029,-0.36678466,0.92815393,0.99786985,-0.008318722,0.06470302,-0.016011,0.93026865,0.36652943
1356423025248,-0.025127113,-0.32180256,0.94647324,0.99968344,-0.009230614,0.02340132,0.0012059808,0.9467617,0.32193276
1356423025288,0.019592047,-0.26896527,0.9629506,0.99963,-0.012910068,-0.023944318,0.018871963,0.96306336,0.2686128
1356423025328,0.06387162,-0.21410838,0.9747194,0.9973,-0.021770477,-0.07013336,0.036236256,0.97656727,0.21213982
1356423025368,0.10253996,-0.16211984,0.981429,0.99334896,-0.035262287,-0.10961029,0.052377462,0.98614085,0.15742576
1356423025408,0.13225716,-0.11634499,0.9843637,0.98900706,-0.050765336,-0.13888112,0.066129684,0.9919107,0.108351916
1356423025448,0.15165678,-0.078394175,0.9853196,0.98545957,-0.06527498,-0.15687183,0.0766145,0.9947833,0.06735486
1356423025488,0.15966174,-0.0489254,0.98595864,0.98362756,-0.07667312,-0.16308889,0.083575785,0.9958551,0.03588265
1356423025528,0.15541056,-0.027973652,0.98745394,0.98398125,-0.08399692,-0.15724361,0.087341696,0.99607337,0.014471471
1356423025568,0.13844895,-0.01518926,0.99025315,0.98642075,-0.087085485,-0.13924894,0.088351786,0.99608505,0.0029260814
1356423025608,0.109035105,-0.009990305,0.9939876,0.9902245,-0.08641186,-0.10949072,0.08698624,0.99620926,4.7075748E-4
1356423025648,0.06943041,-0.011222899,0.9975237,0.9940675,-0.08314043,-0.07012519,0.08372158,0.9964746,0.0053838193
1356423025688,0.025493741,-0.01641813,0.99954015,0.9965453,-0.07863867,-0.02670902,0.079041064,0.99676794,0.014356643
1356423025728,-0.014755428,-0.022521555,0.9996375,0.9972201,-0.073357165,0.013067007,0.07303631,0.99705136,0.023541361
1356423025768,-0.044700027,-0.027439803,0.9986236,0.99684966,-0.06678462,0.042785496,0.06551865,0.99739003,0.030338615
1356423025808,-0.06122732,-0.030936778,0.9976443,0.99653,-0.058357596,0.05934927,0.056384087,0.9978162,0.03440249
1356423025848,-0.06405252,-0.034179002,0.997361,0.99688995,-0.048169076,0.062371552,0.04591018,0.99825424,0.037158042
1356423025888,-0.054066956,-0.038687974,0.99778754,0.997928,-0.036995113,0.05264011,0.034876764,0.99856627,0.04060808
1356423025928,-0.03275931,-0.045763403,0.99841505,0.99917257,-0.025593758,0.031611025,0.024106562,0.9986244,0.046563983
1356423025968,-0.00270015,-0.056434482,0.9984027,0.9999044,-0.013690472,0.001930356,0.01355961,0.9983125,0.056466043
1356423026008,0.031826913,-0.0716252,0.9969237,0.999491,1.1211634E-4,-0.031900823,0.0021731257,0.9974316,0.07159233
1356423026048,0.06502944,-0.09238911,0.99359727,0.9978193,0.017305851,-0.06369665,-0.01131022,0.9955727,0.09331295
1356423026088,0.08908728,-0.12066957,0.9886873,0.9956399,0.03834781,-0.08503348,-0.027653128,0.9919519,0.123559654
1356423026128,0.0947181,-0.1596914,0.98261243,0.99442476,0.06112933,-0.08592215,-0.046345413,0.9852725,0.16459116
1356423026171,0.072029054,-0.21344125,0.974297,0.99524915,0.07953471,-0.05615419,-0.06550485,0.973713,0.21815607
1356423026209,0.026432812,-0.27553338,0.960928,0.9962582,0.08638674,-0.002634406,-0.08228558,0.95740205,0.27678582
1356423026249,-0.029387653,-0.33481187,0.9418266,0.9950196,0.07998651,0.05948201,-0.0952487,0.938884,0.33079377
1356423026289,-0.075559855,-0.3769167,0.9231601,0.99181706,0.067135155,0.10858998,-0.1029059,0.92381096,0.3687597
1356423026329,-0.09969574,-0.39476034,0.9133592,0.9896375,0.05599159,0.13222167,-0.103336275,0.91707647,0.38508752
1356423026368,-0.10097748,-0.38890004,0.9157294,0.99027336,0.049268007,0.13012096,-0.09572026,0.9199617,0.38014227
1356423026409,-0.08487356,-0.36336285,0.92777365,0.99308115,0.044992268,0.10846916,-0.08115631,0.9305607,0.3570301
1356423026449,-0.05901718,-0.32338688,0.9444246,0.9963441,0.03945744,0.07577255,-0.061768413,0.94544387,0.31987596
1356423026488,-0.030337274,-0.27441385,0.96113294,0.99876404,0.029552042,0.03996256,-0.039369643,0.96115744,0.27317822
1356423026528,-0.0051511526,-0.2222344,0.97497964,0.99986625,0.01398778,0.008470982,-0.015520304,0.97489285,0.22213268
1356423026568,0.011741638,-0.17201898,0.9850237,0.9998987,-0.005905807,-0.012950361,0.008045018,0.98507595,0.17193216
1356423026608,0.018283188,-0.12684664,0.9917538,0.9993987,-0.026907682,-0.021865666,0.029459387,0.9915573,0.12627846
1356423026648,0.014810741,-0.087749034,0.9960325,0.99878514,-0.045524657,-0.018862277,0.046999186,0.9951018,0.08696815
1356423026688,0.002148211,-0.05512935,0.9984769,0.9982231,-0.05934,-0.005423993,0.059548557,0.99671435,0.054903895
1356423026728,-0.019486964,-0.02962938,0.99937105,0.99754155,-0.06787431,0.017438918,0.06731486,0.9972539,0.03087917
1356423026768,-0.050210834,-0.011987448,0.9986667,0.9961473,-0.07258612,0.049212813,0.071899354,0.99729013,0.01558584
1356423026808,-0.089066565,-0.0023037791,0.996023,0.9931778,-0.07577187,0.088636875,0.0752663,0.9971225,0.009036779
1356423026847,-0.13257349,8.328855E-4,0.9911728,0.98806846,-0.07897663,0.13222468,0.078389615,0.9968761,0.00964725
1356423026888,-0.13766038,-0.0026970208,0.99047583,0.98719716,-0.081716835,0.13698214,0.08056909,0.99665195,0.0139116645
1356423026928,-0.19694418,-0.0016432106,0.9804134,0.977126,-0.082167804,0.19614601,0.08023602,0.9966172,0.017788053
1356423026968,-0.23719877,-4.2137504E-4,0.971461,0.9684485,-0.07879567,0.2364291,0.07644731,0.99689066,0.019098341
1356423027008,-0.26299185,4.015565E-4,0.96479785,0.9623086,-0.071680784,0.2623432,0.06926283,0.9974276,0.018465102
1356423027048,-0.2791971,-8.9356303E-4,0.96023333,0.9584067,-0.06191951,0.27860835,0.059208244,0.99808073,0.01814419
1356423027088,-0.28918284,-0.0057249963,0.9572568,0.95611286,-0.050961733,0.28853256,0.047131658,0.9986842,0.020211041
1356423027128,-0.29489034,-0.01476118,0.95541704,0.95492923,-0.04003626,0.2941212,0.03390971,0.9990892,0.025902152
1356423027171,-0.29866135,-0.029153705,0.95391375,0.9541584,-0.029621124,0.29783273,0.019573033,0.999136,0.03666389
1356423027209,-0.30096036,-0.04831645,0.9524119,0.9536247,-0.020235896,0.30031705,0.0047626793,0.99862707,0.052166045
1356423027249,-0.3092941,-0.07539633,0.9479728,0.95089626,-0.0124153495,0.30926058,-0.011547685,0.9970763,0.075534165
1356423027289,-0.3296013,-0.11359757,0.9372612,0.94365805,-0.00857985,0.33081096,-0.029537737,0.9934898,0.11002517
1356423027329,-0.3698604,-0.16585416,0.91416395,0.9278248,-0.014656842,0.37272826,-0.048419833,0.9860414,0.15930456
1356423027368,-0.4325894,-0.2296701,0.87184745,0.89913124,-0.038514018,0.43598124,-0.06655353,0.97250617,0.22316432
1356423027408,-0.5077496,-0.29284135,0.81020623,0.85753965,-0.08167416,0.5078927,-0.08255899,0.9526664,0.29259312
1356423027448,-0.57784444,-0.3402719,0.7418293,0.81056637,-0.13316065,0.57030714,-0.09527698,0.93085074,0.35275924
1356423027488,-0.63070124,-0.36446726,0.6851129,0.7692317,-0.17705381,0.6139499,-0.10246283,0.9142295,0.3920278
1356423027528,-0.66357,-0.36652702,0.6521753,0.7411578,-0.20347798,0.63975126,-0.10178283,0.90788466,0.40667635
1356423027568,-0.67884624,-0.35109097,0.6449053,0.72835094,-0.21057367,0.6520457,-0.09312728,0.91235626,0.3986646
1356423027608,-0.68065995,-0.3234999,0.65730494,0.7283294,-0.20208216,0.6547511,-0.07898229,0.9243974,0.37316376
1356423027648,-0.6712852,-0.28744704,0.6831912,0.7386305,-0.18276244,0.6488626,-0.061651945,0.9401978,0.33500302
1356423027688,-0.65283304,-0.2459301,0.71646863,0.75629807,-0.15831149,0.6347839,-0.042687237,0.9562718,0.28934747
1356423027746,-0.6276459,-0.20177355,0.7518962,0.77815235,-0.13378692,0.6136611,-0.023226738,0.97025174,0.2409814
1356423027768,-0.59925854,-0.15802777,0.7848035,0.8005425,-0.11265981,0.5885912,-0.0045979917,0.98098683,0.19402015
1356423027809,-0.571763,-0.117379785,0.81197846,0.8203318,-0.096211314,0.56373674,0.011950254,0.98841554,0.15130049
1356423027846,-0.5496461,-0.08224577,0.83133924,0.8350097,-0.08441365,0.5437216,0.025457561,0.9930307,0.11507362
1356423027888,-0.53514427,-0.053706646,0.84305173,0.84399956,-0.07634598,0.5308823,0.035851717,0.9956339,0.0861845
1356423027928,-0.52919054,-0.03189206,0.8479034,0.8473817,-0.07121873,0.5261863,0.043605506,0.9969507,0.06471312
1356423027968,-0.53081936,-0.016343892,0.84732735,0.8460516,-0.068345726,0.5287018,0.049270183,0.99752784,0.050107002
1356423028008,-0.5384591,-0.006259203,0.84262836,0.8409623,-0.06727779,0.5368948,0.053329676,0.99771464,0.041490138
1356423028048,-0.5497526,-4.171431E-4,0.8353274,0.8334527,-0.06723404,0.5484853,0.055933684,0.99773717,0.037309766
1356423028088,-0.5619459,0.0026848018,0.82716954,0.82524455,-0.066441596,0.5608538,0.056464285,0.9977867,0.035121024
1356423028128,-0.57234335,0.004404992,0.82000226,0.8182169,-0.06310058,0.5714362,0.054259777,0.99799746,0.032510996
1356423028172,-0.57862836,0.0054844916,0.81557286,0.81409836,-0.0565933,0.5779629,0.049325854,0.9983822,0.02828163
1356423028209,-0.57865727,0.005641073,0.8155513,0.81440985,-0.04933828,0.5781887,0.04349953,0.9987661,0.023955882
1356423028249,-0.5730769,0.0038150847,0.8194927,0.8186443,-0.043064892,0.57268405,0.03747621,0.99906504,0.021556258
1356423028289,-0.55975986,-0.0011835098,0.828654,0.8280256,-0.039762557,0.5592786,0.032287538,0.99920845,0.023237526
1356423028329,-0.5384467,-0.010348231,0.84259605,0.842185,-0.040161967,0.5376908,0.028276145,0.9991396,0.030340135
1356423028369,-0.51013255,-0.025092304,0.85972965,0.8597484,-0.043280423,0.50888056,0.024440527,0.99874777,0.04365188
1356423028408,-0.47751784,-0.04687485,0.8773707,0.8784214,-0.046806633,0.47558907,0.018773615,0.99780357,0.06352693
1356423028448,-0.44496602,-0.076417506,0.8922811,0.89549917,-0.04831332,0.44243318,0.0092993975,0.99590474,0.08992958
1356423028488,-0.4192301,-0.11411944,0.9006791,0.9078649,-0.04697168,0.4166233,-0.0052384436,0.992356,0.123296976
1356423028528,-0.41041905,-0.16088086,0.8975932,0.9115605,-0.04563898,0.40862533,-0.02477473,0.98591805,0.1653837
1356423028568,-0.4296975,-0.21686718,0.87654364,0.9017558,-0.052678227,0.42902383,-0.046866447,0.9747788,0.21819699
1356423028608,-0.47966766,-0.27701983,0.83257365,0.8749143,-0.078911364,0.47780532,-0.066661984,0.9576184,0.28021985
1356423028648,-0.5463393,-0.32968104,0.76995057,0.83369184,-0.12576252,0.537719,-0.08044487,0.9356785,0.34356135
1356423028688,-0.6079085,-0.36470923,0.70529026,0.78904665,-0.17835063,0.5878744,-0.088614225,0.9138808,0.39619356
1356423028728,-0.6506245,-0.38042408,0.65724057,0.7537083,-0.21772987,0.6200948,-0.092798054,0.8988166,0.42838925
1356423028768,-0.67009187,-0.37999412,0.63763726,0.7365806,-0.23417723,0.63451546,-0.09179205,0.89485496,0.4368166
1356423028808,-0.6664396,-0.36634797,0.6493437,0.7408684,-0.22786772,0.6318151,-0.08349964,0.9021449,0.42327577
1356423028848,-0.64299697,-0.34133512,0.6855985,0.7627782,-0.20507675,0.61328053,-0.06873387,0.9172971,0.3922267
1356423028888,-0.60467273,-0.30641866,0.7351724,0.7948853,-0.17389381,0.5813075,-0.050281495,0.93587846,0.34871656
1356423028929,-0.5581131,-0.26389548,0.7866823,0.8292055,-0.1425733,0.5404545,-0.030463636,0.953956,0.29839557
1356423028968,-0.509564,-0.21686807,0.832654,0.860371,-0.116834044,0.49609625,-0.010305077,0.96918416,0.24612147
1356423029008,-0.46545994,-0.16901585,0.8687812,0.8850206,-0.09915048,0.4548712,0.009259611,0.9806136,0.19573301
1356423029048,-0.4313395,-0.123871624,0.8936453,0.90178853,-0.088730395,0.42297074,0.026899427,0.9883231,0.14997894
1356423029088,-0.41044128,-0.08400962,0.90800905,0.91093636,-0.083232224,0.40406373,0.041630358,0.99298286,0.11068934
1356423029128,-0.40343112,-0.05077058,0.91360044,0.9134409,-0.08079535,0.3988707,0.053563744,0.9954368,0.07897127
1356423029173,-0.4091974,-0.024566859,0.91211516,0.9102322,-0.08058113,0.4061823,0.06352067,0.9964453,0.055335164
1356423029209,-0.42617995,-0.0054015517,0.9046222,0.9017757,-0.08202535,0.4243492,0.071909845,0.9966155,0.039828658
1356423029249,-0.45277137,0.006735891,0.8916012,0.88817847,-0.08445084,0.4516713,0.07833889,0.9964048,0.03225428
1356423029289,-0.4869932,0.01234287,0.87331855,0.8695313,-0.08722615,0.48611408,0.08217624,0.99611205,0.03174603
1356423029329,-0.52494097,0.012925088,0.8510404,0.847054,-0.08990675,0.5238476,0.08328509,0.9958663,0.03624755
1356423029368,-0.5615803,0.0108934045,0.82735044,0.823365,-0.09154165,0.5600804,0.08183825,0.9957416,0.042438865
1356423029408,-0.59288436,0.008419275,0.8052436,0.80151373,-0.090524256,0.5910846,0.07787058,0.99585867,0.046922207
1356423029448,-0.61717457,0.00627625,0.7868012,0.7835842,-0.08577955,0.6153354,0.071353465,0.9962943,0.048023045
1356423029488,-0.63466805,0.003763914,0.7727758,0.7702493,-0.077860534,0.63297224,0.06255114,0.9969572,0.0465163
1356423029528,-0.6460598,-4.027784E-4,0.7632866,0.7615019,-0.06868756,0.6445129,0.052168697,0.9976381,0.04468304
1356423029568,-0.6515503,-0.0070591867,0.7585726,0.7574799,-0.060505748,0.6500487,0.041309178,0.9981429,0.044769764
1356423029608,-0.6513036,-0.016757876,0.7586323,0.75819445,-0.054872334,0.64971554,0.030740052,0.99835277,0.048444152
1356423029648,-0.64693636,-0.030867219,0.76191914,0.76228297,-0.052325666,0.6451254,0.019954652,0.998153,0.057380795
1356423029688,-0.64167637,-0.05156496,0.7652402,0.76693785,-0.053037167,0.639526,0.0076090097,0.99726033,0.07357973
1356423029728,-0.6395076,-0.08059645,0.7645484,0.76875114,-0.057733238,0.6369369,-0.007194996,0.99507344,0.09887946
1356423029768,-0.64443713,-0.11833739,0.7554449,0.76427275,-0.06835359,0.64126045,-0.024247736,0.99061805,0.13449168
1356423029808,-0.66050166,-0.1637426,0.7327523,0.74962914,-0.08876407,0.65587896,-0.042353272,0.98250157,0.18137497
1356423029848,-0.6894238,-0.21329182,0.6922437,0.72193915,-0.124289274,0.68070257,-0.05914983,0.9690504,0.2396717
1356423029888,-0.7265133,-0.25970027,0.6361872,0.68342245,-0.17675138,0.70830274,-0.07149944,0.949376,0.3058973
1356423029928,-0.7625486,-0.29528677,0.57560855,0.6422139,-0.2382729,0.7285515,-0.07797967,0.9252198,0.371332
1356423029968,-0.7907507,-0.31706882,0.5236227,0.60687286,-0.29410654,0.73838115,-0.08011679,0.9016478,0.4249854
1356423030008,-0.8088081,-0.32632887,0.4892227,0.58268785,-0.33238703,0.7416156,-0.0793993,0.8848888,0.45898527
1356423030048,-0.816366,-0.32527006,0.47722715,0.5726528,-0.34868133,0.74195015,-0.074933946,0.8789884,0.47091848
1356423030088,-0.8139026,-0.31541106,0.4879328,0.5772954,-0.34432632,0.7403846,-0.06551741,0.88428235,0.46233338
1356423030128,-0.8023197,-0.29741818,0.51751876,0.594658,-0.32329118,0.7361146,-0.05162458,0.89834595,0.4362449
1356423030174,-0.7827024,-0.27148485,0.56006515,0.62142664,-0.29067022,0.72755736,-0.03472653,0.9175003,0.39621615
1356423030209,-0.75624275,-0.23802796,0.60945845,0.65409327,-0.25213003,0.71315664,-0.016088456,0.93796223,0.34636402
1356423030249,-0.72413915,-0.19802383,0.66061276,0.6896455,-0.21268338,0.6922102,0.0034272075,0.95684505,0.29057848
1356423030289,-0.6902227,-0.15388376,0.70704484,0.7232457,-0.17715788,0.6674808,0.022544116,0.9720776,0.23357421
1356423030329,-0.65976685,-0.10917327,0.7434978,0.7504134,-0.14817339,0.64414626,0.039843082,0.982917,0.179685
1356423030368,-0.638164,-0.067546815,0.76693165,0.7679969,-0.12585694,0.6279656,0.054106593,0.98974615,0.13219309
1356423030408,-0.62923795,-0.031864822,0.77655923,0.77451444,-0.10889435,0.62311274,0.06470749,0.9935425,0.09320015
1356423030448,-0.63371,-0.003696382,0.77356184,0.7702191,-0.095999956,0.63051295,0.07193127,0.99537444,0.06368315
1356423030488,-0.64984035,0.016467303,0.7598923,0.75621045,-0.086625755,0.648569,0.076506436,0.99610484,0.04384023
1356423030528,-0.6745552,0.028787225,0.73766303,0.73401046,-0.08046156,0.67435503,0.078766316,0.99634194,0.033145607
1356423030568,-0.703909,0.03406903,0.7094727,0.7059299,-0.07695222,0.70408916,0.07858312,0.99645257,0.030116975
1356423030608,-0.73343796,0.034139454,0.67889863,0.6755021,-0.074959636,0.733538,0.07593256,0.996602,0.031916916
1356423030648,-0.7592612,0.03141305,0.6500274,0.64688575,-0.07276112,0.7591078,0.07114264,0.99685454,0.03492403
1356423030688,-0.7794438,0.027632833,0.6258626,0.6231268,-0.06891137,0.7790792,0.06465715,0.99724007,0.03649366
1356423030746,-0.79404396,0.023094386,0.60742146,0.60520613,-0.06324369,0.7935525,0.05674219,0.99773085,0.036241412
1356423030768,-0.8040832,0.016963243,0.59427464,0.59262013,-0.056910694,0.80346906,0.047450066,0.9982351,0.03570825
1356423030808,-0.8104326,0.0084118545,0.5857717,0.584659,-0.051632106,0.80963457,0.037055105,0.99863076,0.03692615
1356423030846,-0.81361973,-0.0028392673,0.58139044,0.5808079,-0.0489887,0.81256527,0.026174486,0.99879533,0.041507244
1356423030888,-0.8149134,-0.01752609,0.5793177,0.5793926,-0.050234556,0.81349903,0.014844298,0.9985836,0.051091313
1356423030928,-0.81626517,-0.036996245,0.5764916,0.5776728,-0.05631292,0.81432366,0.002336979,0.9977275,0.06733793
1356423030968,-0.820998,-0.062992096,0.56744546,0.5707941,-0.06878686,0.81820685,-0.012507796,0.9956407,0.09242934
1356423031008,-0.83241063,-0.09599389,0.5457819,0.5533334,-0.090221465,0.8280594,-0.03024745,0.99128467,0.12821782
1356423031048,-0.85310537,-0.13412726,0.5042033,0.51928973,-0.12476385,0.84544194,-0.05049044,0.9830787,0.17608768
1356423031088,-0.8822363,-0.17186606,0.43831652,0.46534443,-0.1769107,0.86727,-0.07151143,0.9691051,0.23605382
1356423031128,-0.91333205,-0.20039812,0.3544927,0.3971043,-0.24552119,0.8843232,-0.09018123,0.94845134,0.30382138
1356423031175,-0.9388475,-0.21372458,0.26997608,0.32839856,-0.32001376,0.8886763,-0.103535905,0.9229913,0.37063104
1356423031210,-0.95610744,-0.21278158,0.20145114,0.2713893,-0.38383073,0.8826221,-0.11048259,0.89855325,0.42473006
1356423031249,-0.9667729,-0.20294209,0.1554498,0.23004468,-0.42545795,0.87525135,-0.111488,0.8819297,0.45800698
1356423031289,-0.973067,-0.18876253,0.13232379,0.20447747,-0.44171947,0.8735405,-0.10644172,0.87707055,0.46842015
1356423031329,-0.97626114,-0.17242384,0.13108854,0.19483471,-0.43467855,0.8792577,-0.0946236,0.8839257,0.45795393
1356423031369,-0.9767551,-0.15435784,0.14873879,0.20019247,-0.4088124,0.8903906,-0.076632515,0.8994699,0.43021077
1356423031409,-0.9743572,-0.13408172,0.18069324,0.21834296,-0.36943567,0.90324056,-0.05435352,0.91953206,0.38923818
1356423031449,-0.9684946,-0.11079805,0.22302945,0.24727425,-0.32154405,0.9140377,-0.029559806,0.94039,0.3388111
1356423031489,-0.95875436,-0.08402562,0.27153268,0.28420746,-0.26977426,0.9200262,-0.004053265,0.95925057,0.2825278
1356423031529,-0.9458855,-0.0544056,0.3199076,0.32389563,-0.21847534,0.92052174,0.019810393,0.9743247,0.22427434
1356423031569,-0.9320944,-0.02380763,0.36143243,0.35999942,-0.17110425,0.917128,0.040007934,0.98496526,0.16805589
1356423031608,-0.9202187,0.0053207576,0.39136827,0.38741592,-0.13000101,0.9126931,0.055734515,0.9914996,0.117568076
1356423031648,-0.9125803,0.030628055,0.4077486,0.40333107,-0.096551776,0.90994596,0.06723875,0.9948566,0.07575804
1356423031687,-0.91007715,0.05036342,0.41136765,0.40756097,-0.071327746,0.9103882,0.07519217,0.9961807,0.04438746
1356423031728,-0.89581287,0.06164831,0.44013476,0.43711513,-0.05673784,0.8976141,0.08030869,0.9964839,0.02387911
1356423031768,-0.91152513,0.07059981,0.40513906,0.4027725,-0.045674324,0.91415983,0.08304396,0.9964585,0.01319766
1356423031808,-0.9221691,0.0730868,0.37981898,0.3777482,-0.04086995,0.9250059,0.083128884,0.99648786,0.010080576
1356423031848,-0.9299471,0.0704107,0.36088878,0.3589021,-0.039519608,0.9325382,0.079922855,0.9967349,0.01148057
1356423031888,-0.9356021,0.064099416,0.3471886,0.34529132,-0.038978755,0.9376857,0.07363808,0.997182,0.014335632
1356423031928,-0.9392571,0.055847183,0.33864015,0.33694053,-0.037751675,0.9407688,0.06532355,0.9977253,0.016641438
1356423031968,-0.94127727,0.04642445,0.3344276,0.3330049,-0.03581482,0.94224465,0.055720657,0.9982796,0.018252194
1356423032008,-0.94227976,0.035680145,0.33292,0.33177868,-0.034355402,0.94273144,0.04507442,0.99877256,0.020534575
1356423032048,-0.94269377,0.023506448,0.33282995,0.33194387,-0.034939647,0.9426518,0.03378737,0.9991129,0.025134623
1356423032088,-0.94280225,0.010006964,0.33320212,0.3326028,-0.038754582,0.94227034,0.022342384,0.9991986,0.033209622
1356423032128,-0.943212,-0.0051832497,0.33215094,0.3320223,-0.046607733,0.94211936,0.010597572,0.9988998,0.045682013
1356423032176,-0.945038,-0.022915602,0.32615635,0.32695273,-0.05941677,0.94317096,-0.002234161,0.99797016,0.063643515
1356423032209,-0.94988006,-0.04367128,0.30954906,0.31215593,-0.07888913,0.94674975,-0.016925722,0.9959263,0.088567555
1356423032249,-0.9595018,-0.066381484,0.27376962,0.2796836,-0.10833758,0.95396024,-0.03366576,0.9918954,0.12251592
1356423032289,-0.9741335,-0.08683936,0.20862134,0.21994449,-0.15253222,0.96351355,-0.05184941,0.9844759,0.16768658
1356423032328,-0.9890179,-0.096883744,0.111610964,0.13024995,-0.21447945,0.96800494,-0.06984568,0.97191155,0.22474319
1356423032368,-0.9959491,-0.08987991,0.0026028939,0.028592825,-0.28912336,0.95686466,-0.08525036,0.9530631,0.29052222
1356423032408,-0.9938126,-0.06956152,-0.086590454,-0.055678327,-0.36256677,0.9302932,-0.09610742,0.92935824,0.3564502
1356423032448,-0.98862094,-0.04577892,-0.14329235,-0.11096737,-0.42118567,0.9001604,-0.10156107,0.9058183,0.41131318
1356423032488,-0.98473895,-0.025275722,-0.17219275,-0.141779,-0.45730603,0.877935,-0.10093522,0.88895005,0.4467435
1356423032528,-0.9842011,-0.011451274,-0.17668365,-0.15075277,-0.4691404,0.8701614,-0.09285389,0.88304937,0.46000218
1356423032568,-0.98774326,-0.006055787,-0.15596944,-0.1358481,-0.45873433,0.8781276,-0.0768663,0.8885528,0.45228916
1356423032608,-0.9940288,-0.009055719,-0.10874155,-0.09430273,-0.43007195,0.8978559,-0.054897416,0.9027492,0.42664993
1356423032648,-0.9994143,-0.020726347,-0.027230233,-0.017090032,-0.38709366,0.9218821,-0.029647898,0.92180747,0.38651276
1356423032689,-0.9915719,-0.04607738,0.121086895,0.12952647,-0.33209658,0.9343098,-0.0028380007,0.9421193,0.33526587
1356423032728,-0.8981636,-0.10092522,0.42792082,0.4390152,-0.25862163,0.86045367,0.023828104,0.96069187,0.27659225
1356423032768,-0.40411258,-0.17776084,0.89727044,0.9134376,-0.13013214,0.38561305,0.04821679,0.97543156,0.21496147
1356423032808,0.2570617,-0.16804808,0.9516718,0.9640003,-0.024693042,-0.2647522,0.06799072,0.9854695,0.15565073
1356423032848,0.51304835,-0.13081029,0.8483337,0.8544642,-0.016220748,-0.5192571,0.08168477,0.9912748,0.10345067
1356423032888,0.5565706,-0.10102981,0.8246346,0.82598734,-0.03939694,-0.5623104,0.08929813,0.99410313,0.061522126
1356423032928,0.41150308,-0.06666848,0.9089668,0.90675795,-0.07067323,-0.41568667,0.0919528,0.9952691,0.031369925
1356423032968,-0.1822775,0.0037308633,0.98324,0.9789988,-0.092169166,0.18184105,0.09130287,0.99573636,0.013147891
1356423033008,-0.8032678,0.06841877,0.59167546,0.5889466,-0.057028055,0.80615747,0.08889842,0.99602544,0.0055137277
1356423033048,-0.94585866,0.07939813,0.31471786,0.31312054,-0.03215033,0.94916904,0.08548053,0.9963244,0.005548477
1356423033088,-0.9767642,0.0771105,0.19996417,0.19857675,-0.025337458,0.9797578,0.080616206,0.9967005,0.009436369
1356423033128,-0.98643696,0.071008086,0.14798677,0.14659245,-0.024490178,0.9888938,0.07384368,0.99717504,0.013748705
1356423033176,-0.9896451,0.06314883,0.12889823,0.12755457,-0.024883151,0.9915194,0.06582068,0.99769384,0.016570568
1356423033210,-0.9893498,0.05473901,0.13487272,0.13363115,-0.02575761,0.9906963,0.057703737,0.99816835,0.01816845
1356423033249,-0.98557895,0.046182714,0.16279142,0.16160738,-0.028332174,0.9864482,0.0501691,0.99853104,0.020460248
1356423033289,-0.97634435,0.037147082,0.21300662,0.21178818,-0.034167886,0.9767182,0.043560214,0.99872553,0.02549231
1356423033329,-0.9567691,0.02653639,0.28963545,0.28834164,-0.04392469,0.9565196,0.038104743,0.9986824,0.034374237
1356423033368,-0.9171836,0.011763096,0.3982913,0.39705378,-0.0570696,0.91601926,0.03350553,0.99830085,0.04767275
1356423033408,-0.84053695,-0.011769593,0.5416263,0.54099435,-0.07116479,0.8380099,0.028681695,0.9973951,0.066183984
1356423033448,-0.7057486,-0.049161643,0.70675457,0.70811677,-0.08010274,0.701537,0.02212429,0.9955735,0.091344595
1356423033488,-0.5129827,-0.10108301,0.85242647,0.8583081,-0.074849784,0.5076463,0.012489557,0.9920583,0.12515706
1356423033528,-0.32578313,-0.16105565,0.9316257,0.9454442,-0.054754913,0.32114956,-7.1182847E-4,0.98542523,0.17010742
1356423033568,-0.23989505,-0.22469893,0.94443667,0.9706712,-0.03974247,0.23710337,-0.01574257,0.97361743,0.22764283
1356423033608,-0.29138726,-0.2901371,0.9115448,0.9561818,-0.059991598,0.28656128,-0.028456986,0.9551029,0.29490462
1356423033648,-0.4143747,-0.3440945,0.8425511,0.9094018,-0.12012613,0.39819348,-0.035803705,0.93121886,0.36269748
1356423033688,-0.51028705,-0.3776076,0.77267045,0.8591254,-0.18321991,0.4778432,-0.038868606,0.907658,0.417907
1356423033746,-0.5444269,-0.39726788,0.7387676,0.8378561,-0.21560007,0.50151145,-0.039956063,0.89201725,0.45023176
1356423033768,-0.5190982,-0.40775347,0.7511818,0.85385346,-0.20795393,0.47716802,-0.03835565,0.8890963,0.4561103
1356423033808,-0.4400574,-0.4048609,0.8015217,0.8974224,-0.16712737,0.4082909,-0.03134483,0.898975,0.43687692
1356423033846,-0.32869935,-0.3808546,0.8642375,0.94425225,-0.11454612,0.3086532,-0.018556893,0.9175123,0.39727408
1356423033888,-0.20914721,-0.33463672,0.9188448,0.977882,-0.06958866,0.19724151,-0.0020630956,0.9397743,0.34178948
1356423033929,-0.11016768,-0.27391222,0.9554241,0.99379754,-0.04500872,0.10168883,0.01514861,0.96070087,0.27717185
1356423033968,-0.038524687,-0.20776933,0.9774189,0.9987666,-0.03866589,0.031146914,0.031321436,0.9774133,0.2090027
1356423034008,0.0036880374,-0.14325276,0.9896792,0.9989723,-0.044181526,-0.010117799,0.045174927,0.98869944,0.14294255
