1356423512578,0.18488032,-0.104212046,0.9772201,0.6912062,-0.6930661,-0.20467883,0.6986081,0.7133017,-0.056102328
1356423512620,0.28658617,-0.20718658,0.93538344,0.65560526,-0.66952586,-0.3491661,0.6986059,0.7133084,-0.056044247
1356423512658,0.28579348,-0.20686392,0.93569726,0.65595484,-0.6695909,-0.34838378,0.6986024,0.713341,-0.055671338
1356423512698,0.28355414,-0.20596418,0.93657666,0.6568985,-0.6698094,-0.34617886,0.69862825,0.7133962,-0.054629683
1356423512738,0.27952045,-0.20434041,0.9381435,0.658502,-0.67028064,-0.3421973,0.6987442,0.7134205,-0.0527986
1356423512778,0.27410245,-0.20212197,0.9402205,0.6605106,-0.6710314,-0.3368122,0.69899464,0.71334666,-0.050427616
1356423512818,0.26817387,-0.19961445,0.94246316,0.6625604,-0.67197436,-0.33085346,0.6993543,0.71316504,-0.047949288
1356423512859,0.26235002,-0.19703071,0.94464356,0.6644444,-0.6730148,-0.3249073,0.69977576,0.71290255,-0.045649532
1356423512899,0.2571293,-0.19452651,0.946596,0.66605014,-0.6740441,-0.31943983,0.70018697,0.7126177,-0.043752044
1356423512938,0.25253457,-0.19204937,0.9483372,0.6675002,-0.6749612,-0.31443748,0.7004783,0.71242154,-0.042258084
1356423512978,0.24795383,-0.18930925,0.9500952,0.66922224,-0.6756406,-0.30927557,0.70047164,0.7125109,-0.0408377
1356423513018,0.24255162,-0.18591668,0.9521574,0.6717762,-0.6759033,-0.3031034,0.69991827,0.71315485,-0.039047092
1356423513058,0.23608857,-0.1818114,0.95457155,0.6754681,-0.6754957,-0.29571706,0.69857365,0.714598,-0.03666904
1356423513098,0.22921938,-0.1773575,0.9570803,0.6801546,-0.67419744,-0.28783226,0.69631034,0.71693933,-0.033908546
1356423513138,0.22334975,-0.17325959,0.95921636,0.6853454,-0.671847,-0.2809331,0.69312096,0.7201408,-0.031314224
1356423513178,0.22012955,-0.17030212,0.9604895,0.6903955,-0.6684071,-0.27674174,0.6891277,0.7240367,-0.029560298
1356423513218,0.22109997,-0.1691804,0.96046495,0.6946817,-0.66390246,-0.27685905,0.68449414,0.72843087,-0.029262334
1356423513258,0.22742438,-0.17033187,0.9587832,0.6974424,-0.6586349,-0.2824433,0.6795972,0.73293054,-0.030992992
1356423513298,0.24036396,-0.17417166,0.954929,0.69768167,-0.65298206,-0.2947114,0.6748818,0.73707443,-0.035437025
1356423513337,0.2605844,-0.18077672,0.9483752,0.69438994,-0.64738053,-0.3141989,0.67075956,0.74041754,-0.04316771
1356423513378,0.28719485,-0.18951274,0.93893766,0.6869798,-0.6423472,-0.33977765,0.66751623,0.7426136,-0.054287404
1356423513420,0.31822664,-0.19925158,0.926839,0.67540365,-0.6384074,-0.3691419,0.66525304,0.74346125,-0.06858298
1356423513458,0.351341,-0.2085645,0.9127214,0.660269,-0.63596797,-0.3994866,0.66378033,0.7429977,-0.08573294
1356423513538,0.39378852,-0.22004358,0.8924749,0.6370859,-0.6345597,-0.43755627,0.66261005,0.7408879,-0.10969564
1356423513548,0.4268083,-0.22197142,0.8766775,0.6170573,-0.63720256,-0.46175012,0.6611165,0.738039,-0.13499427
1356423513585,0.45661616,-0.21946006,0.8621711,0.5975597,-0.64230245,-0.47996873,0.6591086,0.73436016,-0.1621452
1356423513616,0.47494775,-0.20710573,0.8552964,0.58565676,-0.651038,-0.48286197,0.6568339,0.73024434,-0.18791616
1356423513658,0.4947115,-0.19379526,0.84717405,0.572219,-0.6610471,-0.48536795,0.65408397,0.72488624,-0.21613428
1356423513698,0.50468785,-0.1682027,0.8467573,0.5670888,-0.67494994,-0.4720729,0.6509228,0.71843606,-0.24525318
1356423513738,0.5069306,-0.13268852,0.85171306,0.56921214,-0.69047904,-0.44635892,0.6473167,0.7110784,-0.27449703
1356423513778,0.5022882,-0.08860539,0.8601486,0.5779922,-0.7054557,-0.41019174,0.6431419,0.70319366,-0.3031289
1356423513819,0.4922916,-0.03846258,0.86958015,0.59181106,-0.7177925,-0.36678824,0.63828576,0.6951939,-0.33060062
1356423513858,0.47887707,0.014494032,0.8777623,0.6085243,-0.72615314,-0.3199995,0.6327518,0.6873802,-0.35655805
1356423513898,0.4643077,0.06669873,0.88315886,0.6259039,-0.73021686,-0.2739116,0.626628,0.67995185,-0.38079232
1356423513938,0.45118156,0.114628255,0.8850399,0.6419124,-0.7306453,-0.23260696,0.6199869,0.673066,-0.40323496
1356423513978,0.4416271,0.15555385,0.8836111,0.6552261,-0.7286966,-0.19919853,0.61289823,0.66693646,-0.42373508
1356423514018,0.4369298,0.18774386,0.87968445,0.66521835,-0.72572505,-0.17552124,0.605456,0.6618726,-0.44198155
1356423514058,0.4362415,0.21111819,0.87471277,0.67217994,-0.72271514,-0.16080078,0.59822017,0.6581124,-0.45718777
1356423514098,0.4357328,0.22745088,0.87086344,0.6772914,-0.7200928,-0.15080711,0.5928012,0.6555399,-0.46781856
1356423514138,0.4290639,0.24013208,0.8707702,0.68257266,-0.71758485,-0.13844311,0.59160686,0.6537649,-0.47179735
1356423514178,0.41008967,0.25276107,0.8763209,0.6899379,-0.71438056,-0.11681658,0.5965,0.65251225,-0.46734953
1356423514218,0.37529376,0.2676409,0.88742495,0.70004547,-0.7093617,-0.08211231,0.60752857,0.652054,-0.45357978
1356423514258,0.3232866,0.2858603,0.90209186,0.7124257,-0.70096225,-0.033189982,0.6228446,0.6534033,-0.4302659
1356423514298,0.25524062,0.30695152,0.91686046,0.72518945,-0.68796194,0.028437406,0.63949394,0.65763915,-0.39819378
1356423514338,0.1753133,0.32899308,0.9279164,0.73532987,-0.67047065,0.09878805,0.6546413,0.6650058,-0.35946083
1356423514378,0.08972919,0.34943652,0.93265367,0.7403562,-0.6497783,0.17222327,0.6661992,0.67504245,-0.31701154
1356423514418,0.0047837496,0.36613214,0.9305506,0.73970103,-0.62749475,0.24308991,0.6729187,0.68716633,-0.27383012
1356423514458,-0.07364559,0.3774252,0.923107,0.73449945,-0.6055978,0.30620557,0.6746013,0.7005723,-0.23261899
1356423514514,-0.1513089,0.38574034,0.9101153,0.7262865,-0.581177,0.36707112,0.6705323,0.7165456,-0.19222069
1356423514549,-0.20197755,0.37969965,0.902792,0.7198848,-0.56744516,0.39971477,0.6640564,0.73063964,-0.15872878
1356423514589,-0.23457515,0.3675285,0.899943,0.7172449,-0.55944645,0.4154267,0.65615106,0.74292827,-0.13237572
1356423514619,-0.24928868,0.3490624,0.903333,0.7194234,-0.5576799,0.41403252,0.6482939,0.7530926,-0.11210036
1356423514659,-0.2517879,0.32839048,0.9103639,0.72595584,-0.557975,0.40205964,0.63999295,0.76211774,-0.097905576
1356423514688,-0.23955494,0.30193853,0.92273855,0.7366675,-0.5625417,0.3753234,0.6324036,0.76966214,-0.0876686
1356423514728,-0.2197833,0.27482834,0.9360366,0.7488798,-0.56738245,0.34242684,0.62519944,0.7762386,-0.08111215
1356423514768,-0.18925911,0.24377292,0.9511865,0.76250416,-0.5738587,0.29878694,0.6186828,0.7818318,-0.07726991
1356423514808,-0.14992934,0.21029162,0.9660739,0.776162,-0.5802425,0.24676126,0.61244893,0.78682655,-0.07622498
1356423514848,-0.102633774,0.17531374,0.9791483,0.7891911,-0.5848458,0.1874375,0.6055111,0.79197264,-0.07833114
1356423514888,-0.050017536,0.14021382,0.98885715,0.8001796,-0.58686787,0.12368819,0.5976713,0.7974498,-0.08284259
1356423514928,0.0017354488,0.1075539,0.9941978,0.80686134,-0.58746314,0.06214422,0.59073836,0.80207187,-0.08780062
1356423514968,0.04468465,0.08089203,0.99572074,0.80822426,-0.5887612,0.01156038,0.5871769,0.8042491,-0.09168744
1356423515008,0.07342696,0.063506335,0.9952766,0.80566144,-0.59198,-0.021665126,0.5878079,0.80344677,-0.09463191
1356423515049,0.08723861,0.05762601,0.9945193,0.80146337,-0.5969766,-0.035712898,0.59164673,0.80018634,-0.098264545
1356423515088,0.0880546,0.06475696,0.99400854,0.7971977,-0.6029042,-0.031342447,0.59726226,0.7951811,-0.104712546
1356423515128,0.078367114,0.085590154,0.99324363,0.793252,-0.60880923,-0.01012519,0.6038293,0.7886859,-0.115605116
1356423515168,0.06104195,0.11958039,0.99094623,0.78910273,-0.61373365,0.025452554,0.61122066,0.7804047,-0.13182472
1356423515208,0.040368497,0.1645039,0.98555,0.7840251,-0.6166761,0.07081908,0.6194151,0.769837,-0.15386946
1356423515248,0.022846758,0.21650383,0.9760144,0.7780564,-0.6168918,0.11862874,0.6277789,0.75668395,-0.18254614
1356423515288,0.01389271,0.27213448,0.962159,0.7726472,-0.6137062,0.16242269,0.63468367,0.7411529,-0.21878996
1356423515328,0.016893864,0.3285197,0.944346,0.770064,-0.60669696,0.19728208,0.63774294,0.723874,-0.26323065
1356423515368,0.030368447,0.38372615,0.92294747,0.7721453,-0.5953603,0.22212146,0.63472,0.705904,-0.31437254
1356423515408,0.04720062,0.4357031,0.89885205,0.77870744,-0.5796359,0.24007697,0.6256092,0.688611,-0.36664438
1356423515448,0.057138264,0.48178115,0.8744267,0.78757703,-0.56002337,0.2570918,0.6135614,0.6739886,-0.41143855
1356423515513,0.051185668,0.51924723,0.85308987,0.7963727,-0.536675,0.27887344,0.6026363,0.6651032,-0.44098443
1356423515530,0.025815547,0.54581124,0.83751047,0.8031803,-0.51012367,0.30769363,0.59517646,0.6647285,-0.45155394
1356423515570,-0.017626941,0.56000733,0.8283002,0.80564225,-0.4826671,0.34347218,0.59214014,0.6733679,-0.44265762
1356423515610,-0.07218599,0.5612408,0.8244986,0.80168223,-0.4591509,0.382735,0.59337574,0.688614,-0.4167925
1356423515649,-0.1325317,0.5502541,0.8244124,0.7908002,-0.44273722,0.42263317,0.5975537,0.70795774,-0.37646443
1356423515689,-0.19127595,0.5285019,0.82710296,0.77498573,-0.4357965,0.45768836,0.60233766,0.7285378,-0.3262241
1356423515729,-0.24355894,0.49861047,0.8319054,0.7572613,-0.43816316,0.48432255,0.6059986,0.7479309,-0.2708599
1356423515768,-0.28487808,0.46332473,0.8391512,0.7412756,-0.4485513,0.49931175,0.6077458,0.76428527,-0.21566886
1356423515808,-0.31269574,0.42527643,0.8493299,0.7301041,-0.46436077,0.50131536,0.6075931,0.77685845,-0.16529244
1356423515848,-0.32609826,0.38652158,0.8627056,0.7255063,-0.48273373,0.49051884,0.60605323,0.78585577,-0.12300512
1356423515888,-0.3250655,0.34844196,0.8791591,0.72788393,-0.5013235,0.46782446,0.60375273,0.79199934,-0.0906623
1356423515928,-0.3105796,0.31194353,0.897904,0.7364931,-0.51821095,0.4347818,0.6009311,0.7963345,-0.06879851
1356423515968,-0.28477842,0.27764457,0.9175046,0.75004214,-0.53149563,0.3936358,0.5969406,0.8002661,-0.056886643
1356423516008,-0.2510636,0.24573267,0.93625987,0.7667191,-0.5399237,0.34730977,0.5908543,0.8050452,-0.05285266
1356423516048,-0.21403599,0.21648192,0.9525356,0.783481,-0.54433584,0.2997599,0.5833919,0.81045306,-0.053101987
1356423516088,-0.17888677,0.19026864,0.9652965,0.7964013,-0.54809016,0.255621,0.5777062,0.8144907,-0.05348414
1356423516128,-0.15069723,0.16804925,0.9741919,0.8029264,-0.55407983,0.21978363,0.5767145,0.81532514,-0.051432937
1356423516168,-0.13210589,0.15122035,0.97963285,0.80324376,-0.56276137,0.19518968,0.58081615,0.81266963,-0.047122717
1356423516208,-0.12212956,0.1415174,0.98237324,0.7994167,-0.57258767,0.18186924,0.5882324,0.8075372,-0.043201536
1356423516248,-0.117709994,0.14034551,0.98308057,0.7936841,-0.58168304,0.17807406,0.59683317,0.80121654,-0.042920113
1356423516288,-0.11638838,0.14835432,0.98206145,0.7874974,-0.5887494,0.18226874,0.6052285,0.7945849,-0.048305005
1356423516329,-0.11630118,0.16530308,0.97936153,0.7814311,-0.59340835,0.19295591,0.6130575,0.7877445,-0.06015888
1356423516368,-0.11504519,0.19059533,0.97490406,0.7757745,-0.5957382,0.20801437,0.62043417,0.7802368,-0.07932222
1356423516408,-0.10952473,0.22379243,0.9684634,0.7712781,-0.5954692,0.22482577,0.6270044,0.77157855,-0.1073876
1356423516448,-0.09695023,0.26474714,0.9594319,0.76938856,-0.5915793,0.24098775,0.6313809,0.7615397,-0.1463396
1356423516510,-0.07572526,0.31315392,0.9466786,0.7718634,-0.58264023,0.25447455,0.6312627,0.74997675,-0.19759154
1356423516546,-0.04707253,0.3674152,0.9288651,0.7797197,-0.5677157,0.26407582,0.62435675,0.7366851,-0.259757
1356423516568,-0.014865339,0.42363292,0.90571195,0.7923159,-0.54755235,0.26911336,0.60993,0.7216104,-0.32751158
1356423516608,0.013076425,0.47571522,0.8795022,0.8068479,-0.5245556,0.27173144,0.59061456,0.70607114,-0.39068907
1356423516646,0.02834171,0.5170708,0.85547334,0.8199861,-0.5014776,0.2759403,0.5716813,0.6936556,-0.43820363
1356423516688,0.026252896,0.54313564,0.8392345,0.8297261,-0.48007944,0.28474236,0.55755293,0.68885946,-0.46325728
1356423516728,0.007940501,0.5521828,0.8336853,0.8350047,-0.46237198,0.29829416,0.55018556,0.69376254,-0.4647467
1356423516768,-0.022891581,0.5441938,0.8386472,0.8349721,-0.45093626,0.3154015,0.54981595,0.707467,-0.44406402
1356423516808,-0.06073028,0.51999867,0.8520055,0.8296342,-0.44831228,0.33275104,0.5549946,0.7270609,-0.4041825
1356423516848,-0.09917635,0.48168114,0.8707165,0.8207768,-0.45510924,0.345255,0.56257397,0.74890506,-0.3502166
1356423516897,-0.1439001,0.4267932,0.8928272,0.8084017,-0.46967703,0.35481003,0.5707709,0.77282023,-0.27743378
1356423516935,-0.16992164,0.36174572,0.91666067,0.79990375,-0.49265814,0.3426982,0.57556987,0.7914721,-0.20564845
1356423516979,-0.18318856,0.2955717,0.93759227,0.7958298,-0.51533026,0.3179462,0.5771456,0.80440795,-0.14082223
1356423517018,-0.18210489,0.2316727,0.9555969,0.79675025,-0.5347515,0.28147793,0.57621765,0.81263065,-0.08720443
1356423517058,-0.16677117,0.17265093,0.9707621,0.80248183,-0.5482895,0.23537546,0.5728964,0.81827277,-0.04711038
1356423517098,-0.1367631,0.11981106,0.9833317,0.8125949,-0.55416244,0.18053699,0.56655586,0.8237411,-0.021568924
1356423517138,-0.092561185,0.07384065,0.99296516,0.825459,-0.55199146,0.117994934,0.55682117,0.8305738,-0.009859383
1356423517178,-0.035915017,0.034041464,0.9987749,0.8376575,-0.54402363,0.048663467,0.54501367,0.838379,-0.0089764595
1356423517218,0.029142022,-0.0018332005,0.9995736,0.8445627,-0.5348441,-0.025603652,0.53466296,0.8449487,-0.014038146
1356423517260,0.09713894,-0.036703885,0.99459386,0.8422964,-0.5293146,-0.10179803,0.5301894,0.84763134,-0.020501494
1356423517298,0.1644417,-0.0739052,0.98361427,0.830199,-0.5281253,-0.17847499,0.53266174,0.8459443,-0.025489822
1356423517339,0.22503889,-0.11147025,0.9679524,0.809435,-0.53161216,-0.24940613,0.54237664,0.8396207,-0.02940549
1356423517378,0.28126502,-0.14951944,0.9479103,0.78215843,-0.53657836,-0.3167206,0.555984,0.83049846,-0.03397289
1356423517419,0.3321563,-0.18522823,0.9248582,0.7506348,-0.5418356,-0.3781026,0.5711564,0.81981987,-0.040935345
1356423517458,0.37809825,-0.21730477,0.8999002,0.71735555,-0.5456786,-0.43316966,0.5851861,0.8093291,-0.050435334
1356423517514,0.41825807,-0.24274427,0.87529165,0.6841705,-0.54965353,-0.47936606,0.59747046,0.7993474,-0.063818574
1356423517540,0.4541394,-0.2599071,0.852177,0.65162635,-0.55538696,-0.51665115,0.60756934,0.7899326,-0.0828608
1356423517580,0.48853624,-0.26694155,0.83070725,0.61939454,-0.56446177,-0.54564947,0.614559,0.7811051,-0.1104179
1356423517619,0.5260155,-0.26272178,0.8088788,0.58586115,-0.577502,-0.56855786,0.6165017,0.7729609,-0.14985654
1356423517659,0.5709541,-0.24809076,0.7825998,0.5485768,-0.59391546,-0.5884963,0.6107986,0.7653204,-0.20300168
1356423517699,0.62365127,-0.22723408,0.7479464,0.50579286,-0.6122291,-0.607741,0.596014,0.75732434,-0.2668841
1356423517738,0.6775489,-0.20733303,0.705649,0.45905465,-0.6303948,-0.62599623,0.57462716,0.74807453,-0.33194607
1356423517778,0.72259414,-0.19528526,0.6631149,0.4147148,-0.64499843,-0.6418634,0.5530546,0.73881036,-0.3850844
1356423517818,0.7526883,-0.19392079,0.6291701,0.38079286,-0.65135086,-0.65630704,0.537082,0.73357815,-0.4164205
1356423517858,0.7677625,-0.20208389,0.608032,0.36206532,-0.6460954,-0.67191476,0.5286298,0.73601824,-0.42288023
1356423517898,0.7702967,-0.21716842,0.5995672,0.3591021,-0.62924206,-0.68927497,0.5269617,0.7462521,-0.40671748
1356423517938,0.76260376,-0.23686984,0.60193706,0.37021658,-0.60325,-0.70641994,0.5304481,0.76156557,-0.3723476
1356423517978,0.7468332,-0.2594217,0.6123239,0.39255488,-0.57125604,-0.7208101,0.5367875,0.77869564,-0.32479572
1356423518018,0.72529304,-0.28343564,0.6273868,0.4225405,-0.53619885,-0.7307191,0.5435159,0.79508185,-0.26913825
1356423518058,0.70055985,-0.30788702,0.64375573,0.45599967,-0.5007601,-0.7357334,0.54888994,0.8089777,-0.21041605
1356423518098,0.67570347,-0.3320828,0.65813816,0.4883114,-0.46719044,-0.7370787,0.55224705,0.819423,-0.15352237
1356423518138,0.6547775,-0.35552764,0.6669831,0.5145677,-0.4366843,-0.7379207,0.55361223,0.82638186,-0.102988064
1356423518179,0.6431913,-0.37772858,0.66605264,0.5298036,-0.4084776,-0.7432726,0.5528229,0.8309435,-0.06260729
1356423518218,0.64631975,-0.39814597,0.6509613,0.52956617,-0.38016537,-0.75830996,0.54939103,0.8348378,-0.03486377
1356423518260,0.6663269,-0.41516888,0.6193895,0.511473,-0.3499615,-0.7848072,0.54258996,0.8397391,-0.020841062
1356423518298,0.69692016,-0.42908162,0.57462275,0.4784038,-0.31875673,-0.8182445,0.5342585,0.8451528,-0.016873717
1356423518339,0.7290001,-0.43907988,0.5251359,0.4376852,-0.29084942,-0.85078686,0.5262989,0.8500679,-0.019850492
1356423518378,0.7547464,-0.44802374,0.47920004,0.39790243,-0.26811695,-0.87737507,0.52156645,0.8528705,-0.024090588
1356423518419,0.7699609,-0.45743954,0.44486997,0.36712724,-0.25265425,-0.89520025,0.52189827,0.85259306,-0.026595384
1356423518458,0.7765308,-0.46768236,0.42222407,0.34599626,-0.24352492,-0.9060807,0.5265801,0.8496876,-0.027288258
1356423518530,0.77631027,-0.47754034,0.41145796,0.3341674,-0.24169558,-0.910997,0.53448534,0.8447121,-0.02805236
1356423518539,0.7712794,-0.48497167,0.41222626,0.33061466,-0.24817316,-0.9105515,0.5438952,0.8385777,-0.03107211
1356423518578,0.76202244,-0.48752064,0.42619884,0.3367961,-0.26375663,-0.903881,0.5530734,0.8323197,-0.03679341
1356423518618,0.7478493,-0.48355538,0.45485777,0.35356152,-0.28979963,-0.88938767,0.5618858,0.8259482,-0.045759887
1356423518658,0.7258321,-0.46928424,0.5029314,0.3844092,-0.32959172,-0.8623218,0.57043606,0.8192323,-0.058831096
1356423518698,0.6943499,-0.43964842,0.5697259,0.42813048,-0.38397422,-0.8180882,0.5784311,0.8119564,-0.07838559
1356423518738,0.6563097,-0.3901369,0.6457947,0.47700155,-0.4486166,-0.7557861,0.5845743,0.8040748,-0.108335525
1356423518778,0.6218492,-0.32219237,0.7137897,0.5189051,-0.5131361,-0.68368775,0.58655024,0.7955398,-0.15190598
1356423518819,0.6046984,-0.24669665,0.757285,0.54373825,-0.56689405,-0.61885357,0.5819695,0.78598464,-0.20866153
1356423518858,0.6076348,-0.17621805,0.77442056,0.55238295,-0.60684216,-0.571503,0.5706602,0.77504176,-0.2713986
1356423518898,0.6192684,-0.116918534,0.7764256,0.55483365,-0.6345308,-0.5380803,0.5555774,0.7640031,-0.3280745
1356423518938,0.62503207,-0.06838857,0.77759755,0.5632074,-0.65023595,-0.5098928,0.5404928,0.75664806,-0.36790138
1356423518978,0.61538327,-0.027702004,0.7877411,0.58537674,-0.65320563,-0.48026717,0.5278613,0.7566737,-0.3857557
1356423519018,0.58504474,0.008073628,0.8109608,0.6232322,-0.64432657,-0.4431985,0.5189454,0.76470786,-0.38199162
1356423519058,0.5306745,0.040868044,0.84658986,0.6737823,-0.62630737,-0.39211798,0.5142004,0.77850425,-0.35990152
1356423519098,0.45092583,0.07107696,0.8897269,0.7304461,-0.60225207,-0.32208848,0.51294684,0.7951355,-0.3234889
1356423519138,0.34867355,0.09730345,0.9321795,0.78388447,-0.5754763,-0.23313525,0.5137624,0.8120092,-0.27692804
1356423519178,0.23202413,0.11732599,0.9656083,0.82485497,-0.549864,-0.13139176,0.51553756,0.8269729,-0.22435865
1356423519218,0.11553937,0.1284199,0.98496646,0.84766185,-0.5296665,-0.030375212,0.517803,0.838428,-0.17005396
1356423519259,0.017791688,0.12805638,0.9916073,0.85386837,-0.51792854,0.05156505,0.5201849,0.8457846,-0.11855817
1356423519300,-0.047599137,0.11539194,0.9921789,0.8517481,-0.51419085,0.100663215,0.521785,0.84987795,-0.07380986
1356423519338,-0.06563991,0.086882174,0.9940538,0.8510077,-0.51530373,0.10123268,0.5210349,0.85259235,-0.040112913
1356423519378,-0.03546971,0.04403594,0.99840003,0.8554703,-0.51512104,0.05311209,0.5166357,0.85598546,-0.019400239
1356423519418,0.049278438,-0.016382277,0.99865067,0.85945946,-0.508678,-0.050754577,0.50882316,0.86080086,-0.010986924
1356423519459,0.18046683,-0.09090212,0.97937155,0.847301,-0.49130952,-0.20173225,0.49951246,0.86622846,-0.011643603
1356423519517,0.3282413,-0.16693783,0.9297254,0.8063356,-0.46315843,-0.36784118,0.49201676,0.87041146,-0.017419815
1356423519551,0.43724582,-0.22468188,0.87082386,0.75411916,-0.4359906,-0.491138,0.49002078,0.87145305,-0.021198153
1356423519588,0.481392,-0.253136,0.8391567,0.72355556,-0.4255853,-0.54345614,0.4947011,0.8687919,-0.021715399
1356423519625,0.4680996,-0.25373405,0.8464643,0.72523564,-0.43698597,-0.5320493,0.5048921,0.86293817,-0.02053595
1356423519667,0.40551662,-0.22539619,0.88586277,0.75255966,-0.46777076,-0.46351334,0.5188548,0.8546269,-0.020064771
1356423519708,0.29452825,-0.1613493,0.9419234,0.79279786,-0.50909364,-0.33510506,0.53359604,0.84545267,-0.02202513
1356423519748,0.15351284,-0.067828536,0.98581594,0.82222724,-0.54456383,-0.16550696,0.54806584,0.8359722,-0.02782707
1356423519788,0.004880786,0.044035256,0.9990181,0.8273861,-0.5612521,0.020696908,0.56161237,0.82647264,-0.0391735
1356423519828,-0.12112135,0.15492764,0.9804728,0.81017673,-0.5552794,0.18782553,0.5735358,0.8171059,-0.058262497
1356423519868,-0.20568585,0.25153854,0.9457386,0.7861562,-0.5330507,0.3127545,0.5827965,0.8078275,-0.088107556
1356423519908,-0.25056636,0.33386835,0.908707,0.76967216,-0.500651,0.3961733,0.5872148,0.79867417,-0.13152286
1356423519948,-0.26612973,0.40609336,0.8742214,0.7674147,-0.459552,0.44708684,0.58330923,0.7898735,-0.18934149
1356423519988,-0.26756448,0.47085392,0.84065795,0.77743375,-0.4099176,0.477037,0.5692152,0.78119403,-0.25637835
1356423520028,-0.27185106,0.52679116,0.80534965,0.79060465,-0.35487807,0.49900484,0.54867226,0.7723682,-0.32000947
1356423520068,-0.2932086,0.5698867,0.7676314,0.7961576,-0.29897892,0.52606535,0.5293032,0.76540244,-0.36605644
1356423520109,-0.33687598,0.5962259,0.72871757,0.7875051,-0.24580675,0.565168,0.51609147,0.7642603,-0.3867246
1356423520148,-0.39722097,0.6045426,0.6904662,0.7633467,-0.19999069,0.614252,0.5094283,0.7710589,-0.38203508
1356423520188,-0.46284455,0.5973306,0.6549588,0.72651184,-0.167719,0.66637135,0.507893,0.7842617,-0.35633987
1356423520228,-0.5240926,0.5793533,0.62424076,0.6824344,-0.15283036,0.71479094,0.50951946,0.8006201,-0.31527334
1356423520268,-0.5763972,0.55505115,0.5997371,0.63683814,-0.15477961,0.7553016,0.5120581,0.8172891,-0.2642632
1356423520308,-0.6180672,0.52784026,0.5825612,0.59474635,-0.17062944,0.78559685,0.51407176,0.8320278,-0.20847058
1356423520348,-0.64841866,0.5003109,0.5737964,0.56020236,-0.1967873,0.8046416,0.51548684,0.84318674,-0.15267473
1356423520388,-0.66750914,0.47406378,0.57419086,0.5361508,-0.22910148,0.81243765,0.51669526,0.8501624,-0.10124242
1356423520428,-0.67647135,0.44942546,0.583441,0.52397025,-0.2630071,0.81011266,0.5175344,0.8537237,-0.057568848
1356423520468,-0.67647916,0.42600918,0.60074306,0.5242133,-0.29440826,0.7990771,0.51727784,0.85547644,-0.024158597
1356423520518,-0.66819024,0.4036346,0.6249807,0.5365253,-0.32054192,0.78063655,0.5154244,0.8569317,-0.002377212
1356423520550,-0.6510881,0.38256887,0.6555345,0.5602419,-0.34045327,0.75512964,0.5120679,0.8589137,0.0073338747
1356423520591,-0.6243514,0.3628741,0.6917427,0.59362245,-0.3551911,0.7221162,0.50773805,0.86148816,0.006353736
1356423520630,-0.5880247,0.3445872,0.73176956,0.6334847,-0.36632246,0.68154603,0.5029156,0.8643307,-0.0028841496
1356423520671,-0.54303896,0.32676885,0.77351844,0.67553663,-0.37714076,0.6335732,0.49875736,0.86659503,-0.015942216
1356423520711,-0.49156946,0.3092175,0.81409097,0.71503025,-0.39029586,0.58000076,0.49708274,0.86721027,-0.029242337
1356423520750,-0.43697637,0.2915101,0.85092515,0.7485553,-0.40666866,0.5237229,0.4987151,0.865819,-0.0405069
1356423520791,-0.383007,0.2753957,0.88173854,0.77414984,-0.4250809,0.46903962,0.5039817,0.86224324,-0.050388515
1356423520830,-0.3329749,0.26161513,0.9059168,0.7925049,-0.4429469,0.41920617,0.5109438,0.8575287,-0.059841037
1356423520872,-0.2886762,0.25179136,0.92372465,0.80468893,-0.45897663,0.37658498,0.5187888,0.85202205,-0.0701181
1356423520909,-0.25137055,0.24685276,0.93588275,0.8119041,-0.47259986,0.342726,0.52690095,0.8459983,-0.08162305
1356423520949,-0.220388,0.24744952,0.943503,0.81534016,-0.48420203,0.31744123,0.5353967,0.83923614,-0.09504327
1356423520989,-0.19321066,0.25424826,0.94764304,0.8162463,-0.49428695,0.29903567,0.54443693,0.831287,-0.112027645
1356423521028,-0.16621405,0.26804873,0.94895875,0.81638265,-0.5023514,0.28489006,0.5530752,0.8220662,-0.1353324
1356423521068,-0.13451332,0.2898044,0.9475862,0.8184002,-0.5066648,0.27113044,0.5586834,0.81197536,-0.1690228
1356423521108,-0.09383041,0.31987572,0.9428019,0.8247409,-0.50547075,0.25357786,0.5576722,0.8013606,-0.21638602
1356423521148,-0.04449153,0.35582525,0.9334928,0.8350778,-0.4996305,0.23024824,0.5483297,0.78978336,-0.2749124
1356423521188,0.0061059594,0.39108187,0.92033565,0.8456107,-0.4932809,0.20400155,0.5337653,0.777,-0.33371502
1356423521228,0.047165155,0.41732326,0.9075334,0.8527405,-0.48997444,0.18099397,0.5202011,0.7653538,-0.37897816
1356423521268,0.07138431,0.42847705,0.9007284,0.85614526,-0.48965704,0.16507918,0.5117807,0.7593703,-0.4017924
1356423521308,0.078354955,0.42226398,0.9030801,0.8572233,-0.49099845,0.15520576,0.5089487,0.7619802,-0.4004467
1356423521349,0.072796285,0.39925885,0.91394365,0.85673416,-0.49417436,0.14764196,0.51059496,0.772259,-0.3780327
1356423521388,0.061326146,0.36145622,0.9303701,0.85494643,-0.50004554,0.13791713,0.5150784,0.7869587,-0.33969152
1356423521428,0.049517393,0.31139594,0.9489893,0.85265154,-0.50798935,0.122198105,0.52012837,0.8031062,-0.29066655
1356423521468,0.041692138,0.25198764,0.9668319,0.851018,-0.5159536,0.097776204,0.52347875,0.81871486,-0.2359572
1356423521514,0.041230917,0.18644246,0.9816003,0.8508185,-0.5216282,0.063339025,0.5238395,0.8325522,-0.1801359
1356423521550,0.051213324,0.11795524,0.9916975,0.8519198,-0.5233542,0.01825428,0.5211621,0.8439118,-0.12729117
1356423521591,0.07381195,0.04954472,0.9960407,0.8532398,-0.5201792,-0.037355006,0.51626897,0.8526188,-0.08066894
1356423521630,0.111016214,-0.016366243,0.9936838,0.8528585,-0.51173854,-0.1037114,0.5102036,0.8589853,-0.04285319
1356423521671,0.16385669,-0.077863425,0.9834064,0.84824693,-0.49780154,-0.18075076,0.50361514,0.8637887,-0.015520737
1356423521711,0.23191148,-0.13320544,0.9635732,0.8364558,-0.47834617,-0.2674441,0.49654663,0.8680098,4.8659742E-4
1356423521750,0.3118021,-0.18219706,0.93251467,0.8144326,-0.45423418,-0.36106881,0.4893657,0.87205243,0.0067560896
1356423521792,0.39484817,-0.22236216,0.89143145,0.7818848,-0.42816967,-0.4531302,0.48244286,0.8759143,0.0047995746
1356423521829,0.4731547,-0.25686687,0.8427004,0.7403296,-0.40256205,-0.53838265,0.47753185,0.8786144,-3.079772E-4
1356423521873,0.5367976,-0.28589553,0.793796,0.696216,-0.3813495,-0.60815775,0.4765833,0.87911105,-0.005662445
1356423521910,0.5866231,-0.31246525,0.7471539,0.65295863,-0.3632718,-0.6645892,0.47908092,0.8777239,-0.009076774
1356423521951,0.6196771,-0.3354763,0.70954627,0.6167431,-0.35099322,-0.7045792,0.4854155,0.87421936,-0.010599762
1356423521990,0.6401736,-0.35474095,0.6814225,0.5880918,-0.34442055,-0.73179406,0.4942932,0.86921424,-0.011868685
1356423522029,0.65065277,-0.36845213,0.66399854,0.56804127,-0.3441467,-0.74759096,0.50396436,0.8636007,-0.014624
1356423522069,0.6526271,-0.3747216,0.6585299,0.55766284,-0.3508178,-0.75228924,0.512923,0.85820204,-0.01998493
1356423522109,0.6461627,-0.37181085,0.6665061,0.55807513,-0.3655209,-0.7449474,0.52060145,0.8533177,-0.028687567
1356423522148,0.6307936,-0.35796613,0.6884473,0.5692017,-0.3895244,-0.7240719,0.52736026,0.84860533,-0.041954547
1356423522188,0.6072564,-0.3310544,0.7222483,0.58862287,-0.4231053,-0.68884325,0.5336317,0.84343636,-0.06206721
1356423522228,0.5799042,-0.28937054,0.7615614,0.61086565,-0.46405345,-0.64148074,0.5390309,0.83720905,-0.09234002
1356423522268,0.55787647,-0.23368539,0.79634476,0.62880874,-0.5072137,-0.58935034,0.54163957,0.8295332,-0.1360192
1356423522308,0.55062985,-0.16874424,0.81751585,0.6378529,-0.5466962,-0.5424638,0.5384704,0.82015157,-0.19339323
1356423522348,0.55776095,-0.10187626,0.8237257,0.6399553,-0.5791998,-0.50496024,0.52854514,0.8087947,-0.25785878
1356423522388,0.56708527,-0.03989464,0.82269233,0.6425158,-0.6035253,-0.47215545,0.5153521,0.79634523,-0.31661737
1356423522428,0.56350505,0.013466388,0.8260029,0.6544106,-0.6175133,-0.43637615,0.50419134,0.7864452,-0.3567844
1356423522468,0.53865707,0.056993097,0.84059525,0.6799829,-0.6185014,-0.39380103,0.49746537,0.7837141,-0.3719145
1356423522515,0.49108848,0.09013903,0.86643356,0.71705246,-0.60660744,-0.3433122,0.49463922,0.789875,-0.36253232
1356423522549,0.42435637,0.111931324,0.89855057,0.75843686,-0.5860412,-0.28518277,0.49466676,0.80251294,-0.33358318
1356423522606,0.34438094,0.12138459,0.9309498,0.7967541,-0.56227577,-0.22142473,0.49657294,0.81799257,-0.29035074
1356423522629,0.2607779,0.11799011,0.9581614,0.82650244,-0.54018044,-0.15842596,0.49888736,0.8332367,-0.23838623
1356423522668,0.18337172,0.10265672,0.9776689,0.84622014,-0.5226169,-0.10384163,0.5002862,0.84636474,-0.18270338
1356423522707,0.12102467,0.07721326,0.98964196,0.85737586,-0.5105682,-0.06501442,0.5002597,0.8563634,-0.12799217
1356423522749,0.08178884,0.043973982,0.995679,0.86263233,-0.50348896,-0.048623323,0.49917528,0.86288184,-0.079113126
1356423522789,0.06690973,0.0062297285,0.99773955,0.86477613,-0.4991501,-0.054876417,0.49767992,0.8664932,-0.03878534
1356423522828,0.07964462,-0.034852356,0.9962138,0.86480474,-0.49461114,-0.08644268,0.49575126,0.86841524,-0.009252578
1356423522868,0.11862141,-0.07660264,0.98998034,0.8622262,-0.48651457,-0.14095911,0.49243775,0.8703077,0.008337796
1356423522908,0.18212974,-0.117727906,0.97620124,0.85436463,-0.4724838,-0.21637928,0.48671323,0.873441,0.014529273
1356423522948,0.26245654,-0.15602982,0.95224535,0.83781654,-0.45274305,-0.30510184,0.47872746,0.87788284,0.011898994
1356423522988,0.3471573,-0.18986154,0.9183868,0.8111551,-0.43067622,-0.39565822,0.47064757,0.8823098,0.004494749
1356423523028,0.42256275,-0.21914038,0.879442,0.77732694,-0.41133073,-0.4759934,0.46605095,0.8847511,-0.003469281
1356423523069,0.47977614,-0.24464822,0.8425925,0.74243957,-0.398544,-0.5384665,0.46754503,0.8839174,-0.009575427
1356423523108,0.51865315,-0.26665854,0.81233746,0.71134317,-0.3925254,-0.58302206,0.47433084,0.8802369,-0.01389879
1356423523150,0.54238296,-0.28403336,0.7906617,0.6860123,-0.3935468,-0.6119707,0.4849824,0.87432605,-0.018602695
1356423523198,0.5563522,-0.29428667,0.7770891,0.6660086,-0.4013024,-0.6287996,0.49689507,0.8673821,-0.027268022
1356423523238,0.5603888,-0.29413867,0.7742396,0.65533686,-0.41415867,-0.6316695,0.50645643,0.8613682,-0.039329972
1356423523278,0.55921173,-0.2843629,0.7787297,0.6510566,-0.4308839,-0.6248714,0.51323235,0.85643256,-0.05581898
1356423523318,0.55299735,-0.26352945,0.79040885,0.65297973,-0.45215186,-0.6075987,0.51750505,0.8521214,-0.07795942
1356423523358,0.5441851,-0.23105495,0.806521,0.6586813,-0.47773725,-0.5812968,0.51961666,0.8475734,-0.10778591
1356423523398,0.5377087,-0.18749729,0.8220183,0.66425776,-0.5062415,-0.5499829,0.5192601,0.84176266,-0.14766395
1356423523438,0.5406977,-0.13550788,0.8302311,0.66538715,-0.5349562,-0.5206551,0.51469016,0.8339421,-0.1990844
1356423523478,0.55760086,-0.080275625,0.82621855,0.65972984,-0.56123626,-0.49977034,0.5038232,0.8237534,-0.25998563
1356423523523,0.5840802,-0.02853015,0.81119436,0.6490518,-0.58371353,-0.487863,0.48742396,0.8114583,-0.32241797
1356423523558,0.607913,0.014001787,0.7938802,0.6399776,-0.60044587,-0.4794721,0.46996868,0.79954284,-0.3739797
1356423523598,0.6195209,0.044547826,0.78371507,0.6393939,-0.6078167,-0.47088674,0.45537812,0.7928269,-0.4050388
1356423523638,0.6146091,0.063120484,0.7863024,0.6510919,-0.6033486,-0.46048862,0.4453482,0.7949756,-0.4119208
1356423523678,0.5924696,0.070780605,0.80247736,0.67448235,-0.58828926,-0.44608212,0.44051492,0.8055469,-0.39628375
1356423523718,0.55403256,0.06863597,0.8296608,0.70644546,-0.56601447,-0.42492646,0.4404348,0.82153314,-0.362078
1356423523758,0.50192124,0.057504863,0.86299956,0.7427397,-0.53992707,-0.39600062,0.44318485,0.83974516,-0.313712
1356423523798,0.44051716,0.03822568,0.89693,0.7786398,-0.51355195,-0.36053354,0.4468385,0.85720664,-0.25599247
1356423523838,0.37643752,0.011819303,0.9263666,0.8094205,-0.49064437,-0.32265538,0.45070297,0.8712798,-0.19426371
1356423523879,0.3193586,-0.020628542,0.9474094,0.8314059,-0.47363955,-0.29056826,0.45472455,0.8804772,-0.13411017
1356423523918,0.27926487,-0.057819963,0.95847166,0.843624,-0.46195596,-0.27366987,0.45859537,0.8850161,-0.080229744
1356423523958,0.26448357,-0.0986495,0.9593314,0.84681463,-0.4522422,-0.2799679,0.46146882,0.88642275,-0.036072806
1356423523998,0.28050476,-0.14216092,0.9492667,0.8412144,-0.43986374,-0.31444913,0.46225032,0.88674134,-0.0037960857
1356423524038,0.32879543,-0.18700704,0.9257008,0.82464004,-0.4208815,-0.37792522,0.46028498,0.88763005,0.01582957
1356423524078,0.40464056,-0.23074824,0.8848849,0.792741,-0.39387482,-0.4652142,0.4558813,0.8897291,0.023545891
1356423524118,0.49519324,-0.27000296,0.82576144,0.7429434,-0.3610978,-0.56359863,0.45035398,0.8925843,0.021783736
1356423524158,0.58236945,-0.30217743,0.75467527,0.67975163,-0.32814184,-0.65594256,0.4458516,0.8949926,0.014305826
1356423524198,0.65168214,-0.3274488,0.6841693,0.61446446,-0.30091047,-0.7293053,0.44468388,0.895673,0.005107671
1356423524238,0.6985924,-0.3478055,0.62529993,0.5578728,-0.28246912,-0.7803775,0.44804755,0.8940036,-0.0032995343
1356423524279,0.7263758,-0.36476856,0.5825136,0.5146372,-0.27310085,-0.8127512,0.45555103,0.8901459,-0.010650396
1356423524318,0.7406721,-0.37797993,0.5554601,0.48465395,-0.271993,-0.8313425,0.465312,0.8849582,-0.018268198
1356423524360,0.744829,-0.3861427,0.54417235,0.46735194,-0.28018254,-0.8384986,0.47624773,0.8788581,-0.028223515
1356423524398,0.7390741,-0.3865752,0.5516603,0.4657478,-0.29840952,-0.833085,0.48667073,0.87264615,-0.040500194
1356423524438,0.724362,-0.3777265,0.5767343,0.4782467,-0.32723448,-0.81498337,0.49656808,0.8661642,-0.05638978
1356423524478,0.6964174,-0.35435843,0.6240456,0.5089349,-0.36920547,-0.77760696,0.5059527,0.85913765,-0.07677573
1356423524520,0.65382373,-0.31141952,0.68958855,0.5546031,-0.42272437,-0.7167423,0.5147134,0.851071,-0.10367298
1356423524559,0.5978442,-0.24486628,0.7632974,0.6086304,-0.48102695,-0.6310168,0.52168137,0.84181565,-0.13854611
1356423524599,0.54638046,-0.16182199,0.82175547,0.65315986,-0.5318345,-0.5390123,0.5242619,0.8312435,-0.18488833
1356423524639,0.51628214,-0.07358396,0.8532515,0.6812922,-0.5684073,-0.4612528,0.51893514,0.81945014,-0.24332637
1356423524679,0.5140909,0.0071816742,0.85770565,0.6938124,-0.59142363,-0.4109046,0.5043164,0.8063291,-0.3090282
1356423524718,0.5262085,0.07505569,0.8470367,0.69896674,-0.6054846,-0.38057047,0.4843037,0.79230994,-0.37107256
1356423524758,0.530869,0.13119537,0.837237,0.7078977,-0.6117822,-0.352992,0.46589577,0.7800707,-0.41764915
1356423524798,0.511963,0.1793645,0.8400728,0.729407,-0.607317,-0.31485158,0.4537173,0.7739473,-0.44175354
1356423524838,0.46244547,0.22210777,0.8583777,0.7649367,-0.58948576,-0.25957352,0.44834813,0.7766432,-0.4425034
1356423524878,0.38039452,0.25968617,0.8876165,0.80870956,-0.5590062,-0.1830323,0.44865224,0.7874485,-0.42265362
1356423524918,0.26920578,0.2899247,0.9184073,0.84985566,-0.52012944,-0.084916234,0.45307136,0.8033736,-0.386416
1356423524958,0.13745624,0.30986267,0.9407928,0.8774516,-0.47875834,0.029483765,0.45954826,0.8214474,-0.33769783
1356423524998,-5.850196E-4,0.31726658,0.94833624,0.88486946,-0.44160753,0.14828604,0.4658387,0.8392405,-0.2804811
1356423525038,-0.12924749,0.31227747,0.9411577,0.8729861,-0.41432136,0.25735798,0.47030887,0.85488045,-0.21906385
1356423525078,-0.23483288,0.29693463,0.9255719,0.84969103,-0.39975923,0.34382817,0.47210038,0.86719227,-0.1584261
1356423525118,-0.30951983,0.27398336,0.9105661,0.8259767,-0.39697742,0.40021408,0.4711262,0.8759806,-0.10343152
1356423525158,-0.3507641,0.24530962,0.9037631,0.81121516,-0.40256417,0.42411333,0.4678617,0.88191,-0.057793796
1356423525198,-0.35829765,0.21137968,0.90936315,0.810763,-0.4125054,0.41533434,0.46291044,0.88609135,-0.023579061
1356423525238,-0.330549,0.17126516,0.9281194,0.8257996,-0.42363048,0.37228003,0.45693824,0.8894974,-0.0014001131
1356423525278,-0.264785,0.12345147,0.9563726,0.8524757,-0.43361908,0.29199255,0.45074832,0.8925997,0.00957647
1356423525318,-0.16201276,0.067557454,0.9844734,0.880553,-0.44040316,0.17513251,0.44539672,0.89525473,0.011863023
1356423525360,-0.03396064,0.006874442,0.99939954,0.8960864,-0.44261432,0.033494502,0.44257876,0.89668584,0.008871347
1356423525398,0.09213817,-0.051069677,0.9944357,0.89152944,-0.44057018,-0.1052292,0.4434927,0.8962644,0.0049367696
1356423525439,0.18972689,-0.096937746,0.9770397,0.87311625,-0.4384936,-0.21305197,0.44907853,0.8934911,0.0014439523
1356423525478,0.25171107,-0.12715721,0.95941263,0.8530681,-0.4390347,-0.2819987,0.45707363,0.8894265,-0.0020360649
1356423525527,0.28329086,-0.14123335,0.9485776,0.83829653,-0.44397384,-0.3164587,0.46583813,0.8848392,-0.007378295
1356423525559,0.2846889,-0.13642892,0.9488622,0.83346236,-0.4537835,-0.315311,0.4735955,0.8806065,-0.01547879
1356423525599,0.26037866,-0.113257855,0.9588408,0.8376726,-0.46733195,-0.28267574,0.48011214,0.8767973,-0.026810303
1356423525638,0.2085867,-0.06982574,0.9755081,0.84861684,-0.4828925,-0.21601924,0.4861492,0.8728913,-0.041469693
1356423525678,0.13529855,-0.00780645,0.9907741,0.8595599,-0.49643224,-0.12129161,0.4927991,0.8680403,-0.06045638
1356423525716,0.05635804,0.066824615,0.99617183,0.8639177,-0.5034063,-0.015106589,0.5004697,0.8614619,-0.08610195
1356423525758,-0.0057448745,0.14550427,0.98934096,0.861215,-0.502088,0.07884392,0.50820833,0.85248816,-0.122426
1356423525798,-0.038597643,0.22306547,0.97403896,0.8574399,-0.4931653,0.14691746,0.5131345,0.8408506,-0.17223024
1356423525838,-0.040284753,0.29591173,0.9543654,0.8580683,-0.47913897,0.18478245,0.511953,0.8263547,-0.23461044
1356423525878,-0.026566029,0.36193466,0.9318249,0.8629329,-0.46224624,0.20414522,0.5046197,0.8095257,-0.30004534
1356423525918,-0.01815921,0.41749328,0.9084985,0.86880106,-0.44311017,0.22099343,0.49482822,0.79331756,-0.35467207
1356423525958,-0.031036794,0.4592908,0.8877436,0.87347883,-0.41928202,0.24746162,0.4858718,0.7831057,-0.38816762
1356423525998,-0.06996715,0.4852219,0.87158716,0.87512004,-0.38953108,0.28710693,0.47882092,0.7828315,-0.39737302
1356423526038,-0.12956733,0.49447733,0.85947925,0.8708417,-0.3577612,0.33710805,0.47418064,0.7921485,-0.38425732
1356423526078,-0.19832885,0.48783654,0.8501066,0.858777,-0.3315485,0.3906119,0.4724063,0.8075216,-0.35318714
1356423526118,-0.26628458,0.4676618,0.8428434,0.83991235,-0.3164273,0.44093204,0.47290564,0.825328,-0.30853528
1356423526158,-0.32668793,0.4369978,0.83803815,0.81758046,-0.3141846,0.4825456,0.47417003,0.8428054,-0.25464052
1356423526198,-0.3755237,0.39896643,0.8365451,0.7958437,-0.32377338,0.51166743,0.47498918,0.85790247,-0.19593036
1356423526238,-0.40919518,0.35638177,0.83997107,0.77913284,-0.3426364,0.52493083,0.47488043,0.86924815,-0.13746363
1356423526278,-0.4250685,0.31139112,0.84991324,0.77138007,-0.36665982,0.52012837,0.4735923,0.8766962,-0.0843454
1356423526318,-0.42119896,0.26505148,0.86737484,0.7753757,-0.39089864,0.49597448,0.47051448,0.88144535,-0.040868342
1356423526358,-0.39570218,0.21747887,0.8922571,0.79203665,-0.41096646,0.45142505,0.46486315,0.8853302,-0.009630948
1356423526399,-0.34565514,0.16814724,0.92317337,0.81985784,-0.4244535,0.3842818,0.45646006,0.8896999,0.008857667
1356423526438,-0.26818365,0.11646348,0.95630205,0.8538246,-0.43099642,0.2919341,0.44616243,0.89480627,0.016146839
1356423526478,-0.16370785,0.0622952,0.98454,0.8848791,-0.4319154,0.17446512,0.4361063,0.8997602,0.015584201
1356423526524,-0.041392565,0.007317424,0.9991162,0.9022048,-0.42940015,0.040522456,0.42931712,0.90308475,0.011172116
1356423526560,0.07968509,-0.044864535,0.9958099,0.90023583,-0.42574012,-0.09121823,0.4280487,0.90373254,0.0064635277
1356423526602,0.17976558,-0.08913255,0.9796631,0.88319397,-0.4239275,-0.20063391,0.4331891,0.9012996,0.0025137216
1356423526640,0.25198483,-0.12246978,0.9599504,0.86110497,-0.4242701,-0.28016618,0.44159013,0.8972157,-0.0014502704
1356423526681,0.29835474,-0.14317852,0.9436548,0.84103423,-0.4280172,-0.33085138,0.45127133,0.89235705,-0.007282883
1356423526719,0.32085586,-0.14955553,0.93524575,0.82771695,-0.43568975,-0.3536371,0.46036538,0.8875853,-0.016003937
