1356423228371,0.78716505,-0.10481076,0.60777116,0.5673787,-0.26324257,-0.7802466,0.2417695,0.9590193,-0.14774796
1356423228410,0.76625645,-0.095281154,0.63543093,0.5953157,-0.26682973,-0.7578925,0.24176475,0.95902205,-0.14773762
1356423228452,0.76623136,-0.09531903,0.63545555,0.5953564,-0.26674187,-0.7578914,0.24174406,0.9590428,-0.14763719
1356423228518,0.76605016,-0.095565796,0.635637,0.5956091,-0.26630247,-0.7578475,0.241696,0.95914036,-0.1470812
1356423228541,0.7650107,-0.096669436,0.6367211,0.59698987,-0.2644212,-0.75741976,0.24158186,0.9595502,-0.14457437
1356423228575,0.7636886,-0.09867528,0.6379991,0.5987507,-0.26128238,-0.75711894,0.24140684,0.96020555,-0.14045647
1356423228615,0.76113594,-0.10174015,0.640563,0.60211754,-0.25627905,-0.75615835,0.24109456,0.9612335,-0.13380367
1356423228660,0.7577114,-0.10571724,0.64397,0.60661715,-0.24971792,-0.75475603,0.24060157,0.96253043,-0.12508422
1356423228698,0.7541776,-0.11000809,0.6473904,0.61126924,-0.24260129,-0.75332236,0.2399293,0.96386874,-0.115719885
1356423228738,0.7511102,-0.114025,0.6502552,0.6153796,-0.23571964,-0.7521597,0.23904291,0.96510863,-0.10688278
1356423228778,0.74920404,-0.11718038,0.65189123,0.6181289,-0.22985736,-0.7517196,0.23792875,0.9661441,-0.09977749
1356423228819,0.74898183,-0.11899148,0.65181845,0.61891997,-0.2255893,-0.7523613,0.23656784,0.96692836,-0.09531608
1356423228858,0.75050116,-0.119301185,0.6500118,0.61768764,-0.22307356,-0.75412214,0.2349681,0.96747375,-0.0937261
1356423228901,0.75444406,-0.11759198,0.64574474,0.6137342,-0.2223923,-0.75754344,0.23268968,0.96783984,-0.09561235
1356423228938,0.7602758,-0.1140949,0.6395022,0.6076712,-0.2230397,-0.7622263,0.22960056,0.9681093,-0.100239486
1356423228980,0.7688698,-0.10827246,0.6301716,0.598485,-0.22504728,-0.76887536,0.22506644,0.96831334,-0.10823262
1356423229018,0.77892596,-0.10079822,0.6189621,0.5874711,-0.22807848,-0.77643925,0.21943563,0.968411,-0.11844021
1356423229058,0.7902132,-0.09174989,0.6059249,0.57473725,-0.23220865,-0.78470135,0.21269727,0.9683291,-0.13076228
1356423229098,0.80208135,-0.08118069,0.5916715,0.56091255,-0.23774417,-0.7930037,0.205043,0.9679295,-0.1451549
1356423229138,0.8139852,-0.06894679,0.57677937,0.54656273,-0.2453498,-0.8006702,0.19671634,0.9669798,-0.16202736
1356423229179,0.8251783,-0.054884046,0.5621997,0.53266466,-0.25566357,-0.80678654,0.1880137,0.9652066,-0.18173325
1356423229218,0.83488727,-0.038878143,0.5490462,0.5204377,-0.26897296,-0.8104309,0.17918664,0.96236277,-0.20432845
1356423229296,0.8420801,-0.021002457,0.5389434,0.5116305,-0.28512806,-0.81051606,0.17069073,0.9582593,-0.22935516
1356423229297,0.84572923,-0.0014374852,0.53361034,0.5080387,-0.30369562,-0.8060184,0.16321379,0.952768,-0.25611395
1356423229338,0.8449764,0.01970017,0.5344407,0.51108813,-0.32403204,-0.7961107,0.15749241,0.945841,-0.28386793
1356423229380,0.83883727,0.042272046,0.54273856,0.52212983,-0.34460756,-0.7801448,0.15405348,0.93779457,-0.31114116
1356423229421,0.82800066,0.065988034,0.5568307,0.5393168,-0.36551297,-0.758642,0.15346754,0.92846423,-0.33823344
1356423229460,0.81107676,0.09154028,0.57773256,0.5639968,-0.38430685,-0.73090076,0.15511969,0.9186559,-0.36333078
1356423229499,0.7910035,0.11728449,0.6004647,0.5907989,-0.40143687,-0.6998609,0.1589658,0.90834624,-0.38682953
1356423229538,0.7679728,0.14335208,0.62423384,0.6191235,-0.41575187,-0.6662105,0.16402373,0.8981094,-0.4080388
1356423229580,0.744537,0.16813576,0.6460612,0.64566237,-0.42731088,-0.63287085,0.16966075,0.88833314,-0.42670768
1356423229618,0.72208464,0.1902725,0.6651242,0.6692744,-0.43549943,-0.6020067,0.17511588,0.8798504,-0.44181195
1356423229658,0.70208406,0.20785737,0.6810824,0.6888588,-0.4405804,-0.5756409,0.18042034,0.87331796,-0.45250887
1356423229698,0.6848707,0.21975377,0.69473755,0.7045872,-0.442791,-0.55452037,0.1857656,0.8692781,-0.4580903
1356423229738,0.67046684,0.22545305,0.7068558,0.71682966,-0.44259828,-0.53875965,0.19138816,0.8679157,-0.45835888
1356423229778,0.65835696,0.22498822,0.71829414,0.7263755,-0.44009668,-0.52791435,0.19734436,0.86930734,-0.45316663
1356423229818,0.6465819,0.2187038,0.7308218,0.7351764,-0.4343238,-0.5204599,0.2035867,0.8738029,-0.44161177
1356423229858,0.6325022,0.20704326,0.7463739,0.7455988,-0.42377925,-0.5142894,0.20981762,0.8817847,-0.4224125
1356423229900,0.6127817,0.19040382,0.7669713,0.76039964,-0.4063049,-0.50666434,0.21515334,0.8936793,-0.39375925
1356423229938,0.5894785,0.16960329,0.78977835,0.7777749,-0.3831873,-0.4982306,0.21813145,0.907966,-0.3577938
1356423229980,0.5592787,0.14535096,0.81613743,0.79997134,-0.3527919,-0.48536962,0.21737775,0.9243435,-0.31358564
1356423230018,0.52918094,0.11795816,0.8402698,0.82132375,-0.31987083,-0.4723453,0.21306083,0.94008964,-0.26615137
1356423230059,0.50056744,0.08868152,0.86114335,0.8410211,-0.2856279,-0.4594565,0.20522127,0.9542287,-0.21755905
1356423230098,0.4804805,0.058276057,0.8750671,0.8551219,-0.2526366,-0.45270437,0.19469216,0.96580464,-0.17122008
1356423230138,0.47325033,0.028265476,0.88047445,0.8618146,-0.2219271,-0.45609638,0.18250933,0.9746535,-0.12938668
1356423230179,0.48026305,-1.7800927E-4,0.8771245,0.86048627,-0.19375598,-0.47119224,0.17003196,0.9810498,-0.09290068
1356423230219,0.4995804,-0.02630639,0.865868,0.85156095,-0.16848406,-0.49644443,0.1589446,0.98535323,-0.061769843
1356423230296,0.5260009,-0.04965055,0.8490335,0.83706945,-0.1463843,-0.52714926,0.1504584,0.987981,-0.03543733
1356423230298,0.55678916,-0.07011518,0.8276894,0.8178779,-0.12781411,-0.5610164,0.14512613,0.98931664,-0.013819858
1356423230338,0.58984035,-0.0873881,0.8027775,0.794798,-0.11294216,-0.596272,0.14277446,0.9897512,0.0028380156
1356423230378,0.6245967,-0.101103246,0.7743753,0.7678003,-0.101681724,-0.63256913,0.14269456,0.98966616,0.014117017
1356423230419,0.6606384,-0.11088362,0.74247,0.7367449,-0.094077215,-0.6695942,0.14409652,0.98937064,0.019541927
1356423230459,0.69859076,-0.116555154,0.70596445,0.7005181,-0.08957681,-0.7079904,0.14575794,0.98913646,0.019071437
1356423230500,0.7368528,-0.11883399,0.6655271,0.6600088,-0.08674891,-0.74623257,0.14641157,0.9891173,0.014510296
1356423230540,0.7725173,-0.11858247,0.6238231,0.6180215,-0.08520791,-0.78152996,0.1458304,0.9892815,0.0074619353
1356423230579,0.801907,-0.11863862,0.5855511,0.57942945,-0.0844547,-0.810635,0.14562513,0.98933935,0.0010178983
1356423230620,0.82161164,-0.120692804,0.5571244,0.55055845,-0.08536118,-0.83042085,0.14778264,0.98901296,-0.0036852956
1356423230658,0.8320898,-0.12461783,0.54046,0.53324926,-0.0882676,-0.84134066,0.15255111,0.9882709,-0.006994214
1356423230700,0.83337104,-0.12924477,0.5373905,0.5290841,-0.094708875,-0.84326756,0.15988359,0.9870795,-0.010546267
1356423230738,0.8246413,-0.13169089,0.55011296,0.5400896,-0.10576631,-0.8349351,0.16813676,0.98563224,-0.01609439
1356423230780,0.8047934,-0.12959902,0.57923377,0.56656235,-0.12321152,-0.81475526,0.17695971,0.98388165,-0.025733914
1356423230818,0.7677304,-0.11963667,0.62950546,0.61302024,-0.14886206,-0.77591646,0.18653752,0.9815942,-0.04094625
1356423230860,0.70740634,-0.097616345,0.7000338,0.678718,-0.18261911,-0.7113313,0.1972771,0.9783258,-0.062931955
1356423230898,0.6204346,-0.058820575,0.7820493,0.7558563,-0.22108132,-0.6162827,0.20914662,0.97348,-0.092706576
1356423230938,0.5122802,-0.0010988116,0.8588177,0.82985926,-0.25685906,-0.49533537,0.22113934,0.9664483,-0.13067196
1356423230978,0.40520048,0.07127145,0.9114455,0.8845196,-0.28264654,-0.37112817,0.2311661,0.95657265,-0.17756951
1356423231018,0.32255608,0.1500386,0.9345833,0.9166386,-0.29576504,-0.2688805,0.23607457,0.9434042,-0.23293203
1356423231058,0.2710592,0.22654709,0.93552303,0.9336971,-0.29811326,-0.1983388,0.23395869,0.92725676,-0.29233274
1356423231098,0.24054503,0.29361182,0.92516494,0.9438116,-0.293292,-0.15231362,0.22662237,0.9098197,-0.34766418
1356423231139,0.20992449,0.34657118,0.914232,0.95303583,-0.28130934,-0.1121946,0.21829858,0.8948483,-0.3893485
1356423231178,0.16064075,0.38306338,0.90964663,0.9640973,-0.25833735,-0.0614675,0.21144971,0.88686204,-0.4108099
1356423231220,0.0761469,0.40128464,0.91278267,0.9757399,-0.2184434,0.014634848,0.20526406,0.8895241,-0.40818316
1356423231298,-0.044237852,0.39868143,0.91602194,0.9790417,-0.16515905,0.11916366,0.19879767,0.9020952,-0.3830194
1356423231301,-0.17203137,0.37783584,0.9097501,0.9660455,-0.116015404,0.23086005,0.19277227,0.9185752,-0.3450483
1356423231339,-0.30907708,0.34089756,0.88784015,0.9324517,-0.07503301,0.3534173,0.18709648,0.93710136,-0.29467952
1356423231382,-0.42692208,0.2953245,0.8547052,0.8859802,-0.05262524,0.46072736,0.18104315,0.9539466,-0.2391848
1356423231419,-0.5192785,0.24866396,0.8176284,0.8367271,-0.046736896,0.5456222,0.17388996,0.9674616,-0.18379444
1356423231460,-0.5806804,0.20708558,0.7873537,0.7969607,-0.05298853,0.60170245,0.16632462,0.97688675,-0.13426971
1356423231500,-0.6181018,0.17212382,0.7670225,0.76973486,-0.06552535,0.6349918,0.15955666,0.9828935,-0.091988325
1356423231540,-0.6327558,0.1438671,0.7608695,0.75872314,-0.08122569,0.6463292,0.15478769,0.98625785,-0.057759285
1356423231600,-0.63189274,0.121500164,0.76547325,0.75996566,-0.096811295,0.6427127,0.15219614,0.9878589,-0.031161606
1356423231618,-0.6155045,0.103589624,0.781296,0.773643,-0.109806955,0.6240344,0.15043524,0.9885402,-0.012554705
1356423231658,-0.58592385,0.08999297,0.80535364,0.79665864,-0.118050516,0.5927893,0.14841926,0.9889213,-0.0025250912
1356423231696,-0.54154104,0.08035785,0.8368249,0.8278811,-0.12202054,0.54747045,0.14610338,0.98926926,-4.4763088E-4
1356423231740,-0.48501217,0.07410988,0.8713615,0.8624859,-0.124108315,0.4906274,0.14450356,0.9894973,-0.0037246943
1356423231780,-0.42357248,0.07069695,0.90309936,0.894138,-0.1272493,0.4293308,0.14527112,0.98934805,-0.009313583
1356423231818,-0.37264,0.06916657,0.92539465,0.9159254,-0.1327728,0.3787507,0.14906415,0.9887302,-0.013874888
1356423231859,-0.34175146,0.069894016,0.9371877,0.9266435,-0.14115864,0.34843382,0.1566455,0.98751664,-0.016525686
1356423231898,-0.33864105,0.074617445,0.93795234,0.92604953,-0.15006971,0.34628218,0.16659695,0.98585564,-0.018279672
1356423231940,-0.35908747,0.084745884,0.9294484,0.916211,-0.15771288,0.36835328,0.17780238,0.9838419,-0.021012366
1356423231978,-0.4017431,0.10152963,0.91010666,0.89609003,-0.16125447,0.4135451,0.18874586,0.98167646,-0.026196837
1356423232018,-0.44979298,0.12425667,0.884447,0.8704976,-0.16054034,0.46525332,0.19980034,0.97917664,-0.03595519
1356423232058,-0.49810958,0.1533868,0.8534397,0.8409183,-0.15464514,0.5185955,0.211526,0.9759905,-0.05195552
1356423232099,-0.5400272,0.18835399,0.82030076,0.8112627,-0.143026,0.5669183,0.22410566,0.97163075,-0.07556659
1356423232139,-0.57259196,0.2288661,0.7872476,0.784819,-0.12464285,0.6070612,0.23706049,0.9654452,-0.10824901
1356423232178,-0.5979259,0.2734639,0.7534601,0.7620041,-0.09768826,0.6401615,0.24866527,0.9569088,-0.14997023
1356423232218,-0.6149992,0.32064804,0.72038937,0.7458445,-0.059954822,0.6634164,0.25591403,0.945299,-0.20228142
1356423232288,-0.62426627,0.36997277,0.6880492,0.73923415,-0.0050640106,0.67342937,0.25263488,0.92902875,-0.2703352
1356423232301,-0.64213365,0.40838766,0.6487556,0.72691333,0.055634737,0.68447196,0.24343657,0.9111116,-0.3325873
1356423232340,-0.66223913,0.43219182,0.6120863,0.7138362,0.11559194,0.6907072,0.22776574,0.89434266,-0.38506365
1356423232381,-0.6859563,0.4392287,0.5801225,0.6963472,0.16495556,0.69849133,0.2111031,0.8831012,-0.41900802
1356423232421,-0.7134387,0.42857626,0.55437136,0.6727698,0.19774467,0.71293604,0.19592352,0.8816005,-0.4294119
1356423232460,-0.74051374,0.40470606,0.53651875,0.6467609,0.21225816,0.7325618,0.18259172,0.8894714,-0.41892815
1356423232502,-0.76743305,0.36837497,0.52473456,0.61798334,0.20709705,0.7584243,0.17071354,0.9063171,-0.38658273
1356423232540,-0.78775394,0.32863224,0.5210035,0.5945737,0.1845712,0.7825699,0.16101544,0.9262475,-0.34079283
1356423232582,-0.8031463,0.2863521,0.5224543,0.57571936,0.14736825,0.8042573,0.15330757,0.94672334,-0.2832167
1356423232620,-0.81206787,0.24456535,0.529843,0.5647239,0.10050535,0.8191371,0.1470805,0.96440995,-0.21972907
1356423232661,-0.8143853,0.20535293,0.5427768,0.5626371,0.0502401,0.82517606,0.14218318,0.9773976,-0.15645391
1356423232700,-0.80990976,0.17040735,0.56125534,0.5698427,0.0018106699,0.82175183,0.13901632,0.98537207,-0.09857184
1356423232741,-0.7980987,0.1412186,0.5857438,0.58648825,-0.040731013,0.8089329,0.1380943,0.98914015,-0.050315678
1356423232780,-0.77939945,0.11825572,0.61526597,0.61078185,-0.075363636,0.78820425,0.13957831,0.99011916,-0.01349014
1356423232820,-0.7537208,0.10114309,0.64936507,0.641552,-0.10106093,0.76039314,0.14253396,0.9897256,0.011283159
1356423232861,-0.7213581,0.08930054,0.6867808,0.677111,-0.1173625,0.7264618,0.14547572,0.98906595,0.024193943
1356423232900,-0.6824846,0.08216202,0.7262672,0.71594155,-0.12485206,0.68690586,0.1471135,0.9887676,0.02638638
1356423232941,-0.6375668,0.07885888,0.76634836,0.75620747,-0.12596709,0.64209235,0.14716935,0.9888952,0.020678818
1356423232980,-0.587448,0.07851887,0.80544376,0.7957822,-0.124853134,0.5925727,0.14709032,0.9890635,0.010860801
1356423233021,-0.5332725,0.079969704,0.8421551,0.8326252,-0.12633741,0.5392347,0.14951816,0.9887586,7.8749657E-4
1356423233061,-0.47723138,0.08224094,0.8749209,0.8647407,-0.13329065,0.48420763,0.15644044,0.98765886,-0.007506609
1356423233100,-0.42227548,0.083985984,0.90256846,0.8910146,-0.14461106,0.43032628,0.16666272,0.98591787,-0.013767004
1356423233141,-0.3712762,0.08582604,0.92454743,0.9110908,-0.15836,0.38057292,0.1790744,0.98364425,-0.01940006
1356423233180,-0.32571918,0.08846539,0.94131863,0.9259835,-0.17122787,0.33650488,0.19094908,0.98125166,-0.02614522
1356423233222,-0.28488797,0.09463033,0.9538784,0.9370495,-0.18214065,0.29793116,0.20193326,0.97870827,-0.036783695
1356423233298,-0.25026512,0.10539827,0.9624233,0.9446455,-0.19124949,0.26658663,0.21216074,0.9758662,-0.05170095
1356423233301,-0.21923476,0.12336719,0.96784127,0.9498676,-0.19964433,0.24061123,0.22290751,0.9720714,-0.07341355
1356423233339,-0.19266963,0.15002203,0.9697277,0.95285845,-0.20745456,0.2214123,0.23439115,0.96667266,-0.10297954
1356423233380,-0.16964722,0.186288,0.9677379,0.9543817,-0.2137779,0.20845771,0.24571416,0.95895565,-0.14152312
1356423233419,-0.14619917,0.23400614,0.96118003,0.95589554,-0.21677619,0.19817111,0.25473422,0.9477601,-0.19199288
1356423233458,-0.122478366,0.2904283,0.94902605,0.95823514,-0.21438432,0.18927446,0.25842696,0.9325721,-0.25204122
1356423233500,-0.093762785,0.35228583,0.9311838,0.9625931,-0.20673874,0.17513892,0.2542107,0.91277254,-0.3197235
1356423233548,-0.06344721,0.41033497,0.90972507,0.9679636,-0.19660178,0.15618691,0.24294245,0.8904903,-0.3847155
1356423233589,-0.04065022,0.4486318,0.89279175,0.9719248,-0.18949613,0.13947591,0.23175395,0.87339604,-0.42833328
1356423233629,-0.029634088,0.4619719,0.88639927,0.97462904,-0.18347117,0.128205,0.22185585,0.86770976,-0.4448142
1356423233668,-0.02412036,0.4528777,0.8912463,0.9768457,-0.17889526,0.11734086,0.21258083,0.87344044,-0.43807662
1356423233710,-0.027084649,0.4220379,0.9061736,0.97878224,-0.17298758,0.10982141,0.2031056,0.88992095,-0.40839785
1356423233748,-0.023691326,0.37812617,0.9254508,0.98064613,-0.17117241,0.095042944,0.19434986,0.90979147,-0.36675274
1356423233789,-0.020888984,0.32357597,0.9459716,0.982353,-0.1692583,0.079588264,0.18586639,0.9309405,-0.31433022
1356423233828,-0.009120077,0.2639284,0.96449924,0.9841032,-0.16871217,0.055472314,0.17736343,0.94967264,-0.25819415
1356423233870,0.008036435,0.20234665,0.97928095,0.98560643,-0.16697943,0.026414275,0.16886464,0.9649734,-0.20077604
1356423233909,0.038101435,0.14349097,0.98891795,0.9861221,-0.1654312,-0.013989776,0.16159049,0.97572684,-0.1478028
1356423233948,0.07670152,0.0902307,0.9929629,0.9847094,-0.16308457,-0.06124443,0.15641087,0.98247737,-0.101359814
1356423233989,0.1248157,0.043683797,0.99121785,0.98027325,-0.15973723,-0.11639774,0.15324965,0.9861926,-0.06275979
1356423234028,0.18533695,0.004975468,0.98266244,0.9710051,-0.15458137,-0.18235558,0.15099409,0.98796743,-0.033480793
1356423234068,0.25403085,-0.02447179,0.9668865,0.9556564,-0.1476129,-0.25481644,0.14896071,0.9887425,-0.014111638
1356423234108,0.33006063,-0.045339674,0.94287026,0.9324081,-0.1401253,-0.3331364,0.14722434,0.9890951,-0.0039747357
1356423234148,0.407261,-0.059714496,0.9113576,0.90148115,-0.13380885,-0.411615,0.14652711,0.98920643,-6.636381E-4
1356423234188,0.47811475,-0.070913404,0.87542987,0.8657222,-0.13001266,-0.4833444,0.1480926,0.98897314,-7.696599E-4
1356423234229,0.53708684,-0.081861466,0.83954537,0.82959175,-0.12890193,-0.54328793,0.15269339,0.9882727,-0.001319915
1356423234294,0.58130735,-0.09344393,0.80830073,0.79770154,-0.13047606,-0.5887685,0.16048071,0.98703814,-0.0013063252
1356423234311,0.6111324,-0.104614675,0.7845846,0.77289146,-0.13496074,-0.6200197,0.17075127,0.9853128,-0.0016230792
1356423234351,0.62727356,-0.113266945,0.7705183,0.7570763,-0.14335746,-0.6374042,0.18265635,0.983168,-0.0041726306
1356423234391,0.6293045,-0.11694032,0.76831037,0.7524305,-0.15572205,-0.6399993,0.19448459,0.9808545,-0.010007143
1356423234431,0.6185494,-0.11402395,0.7774285,0.7582022,-0.17305666,-0.62863415,0.20621851,0.9782893,-0.020590894
1356423234471,0.5927752,-0.1022366,0.79885244,0.77516437,-0.19667009,-0.60036755,0.21848989,0.97512484,-0.037330978
1356423234510,0.55025387,-0.079533815,0.83120096,0.80232203,-0.2253873,-0.5527023,0.23130071,0.9710175,-0.060208485
1356423234551,0.49927643,-0.04418826,0.8653152,0.8311689,-0.25763276,-0.4927307,0.24470648,0.9652319,-0.09190205
1356423234590,0.4401204,0.0049464703,0.8979252,0.8603303,-0.28869617,-0.42010286,0.25714952,0.9574081,-0.1313167
1356423234631,0.38936916,0.0653846,0.9187581,0.88155675,-0.31551853,-0.351149,0.2669255,0.9466641,-0.1804934
1356423234688,0.3526584,0.13421291,0.9260772,0.8954745,-0.33563316,-0.29236254,0.27158338,0.9323826,-0.23854807
1356423234709,0.33271796,0.20478562,0.92052245,0.90364194,-0.34838867,-0.24911165,0.26968515,0.9147066,-0.300968
1356423234756,0.3299213,0.27115202,0.90422815,0.9072896,-0.3556295,-0.22439525,0.26072496,0.89442956,-0.36334315
1356423234786,0.31849155,0.32283834,0.8912567,0.9137163,-0.35486344,-0.19797596,0.25236014,0.87740946,-0.4080037
1356423234829,0.29356813,0.3545556,0.88775444,0.9239346,-0.34352338,-0.1683344,0.2452805,0.86964476,-0.42843375
1356423234868,0.25900537,0.36643165,0.8936689,0.9359768,-0.32364833,-0.1385614,0.23846114,0.8723415,-0.42679816
1356423234910,0.20965701,0.3590395,0.90946937,0.95028716,-0.29382044,-0.103072405,0.23021361,0.88586694,-0.40279213
1356423234960,0.14046219,0.3295806,0.93362033,0.9653581,-0.2550207,-0.055211335,0.21989593,0.90903306,-0.35398403
1356423234999,0.08594015,0.2884166,0.95364046,0.9738947,-0.22617278,-0.01936227,0.21010315,0.93040943,-0.30032468
1356423235039,0.03483081,0.24080029,0.9699495,0.97906363,-0.20298362,0.015234709,0.20055234,0.94911164,-0.24282897
1356423235078,-0.0036488175,0.1903713,0.98170537,0.98154926,-0.18699777,0.039910644,0.19117457,0.9637377,-0.18617648
1356423235120,-0.028520465,0.14006558,0.98973143,0.9828342,-0.17661935,0.053316653,0.18227354,0.9742624,-0.13262397
1356423235158,-0.032704532,0.09319356,0.99511075,0.9840338,-0.17128009,0.04838115,0.17495143,0.98080486,-0.086103946
1356423235198,-0.020392776,0.051729053,0.9984529,0.9852567,-0.16863072,0.028859884,0.16986275,0.984321,-0.04752755
1356423235238,0.010231316,0.01634714,0.99981403,0.98595965,-0.16682112,-0.0073619783,0.16666973,0.98585165,-0.017824471
1356423235296,0.058243155,-0.012043804,0.99822974,0.9846804,-0.16392803,-0.05943042,0.16435358,0.98639876,0.0023115873
1356423235323,0.1232242,-0.032459795,0.9918478,0.9790886,-0.15904748,-0.12684411,0.16186827,0.9867372,0.012182534
1356423235361,0.20180926,-0.04640609,0.97832483,0.9664375,-0.1526927,-0.20659995,0.15897053,0.9871836,0.014033765
1356423235400,0.28444272,-0.054210424,0.95715916,0.94588494,-0.1467852,-0.28940585,0.15618566,0.98768187,0.009524852
1356423235441,0.36401677,-0.05984509,0.9294678,0.9183266,-0.14350593,-0.36889324,0.15546063,0.98783827,0.0027187914
1356423235481,0.43133393,-0.06654507,0.8997348,0.88810885,-0.1442047,-0.43642592,0.15878803,0.9873078,-0.0031010807
1356423235520,0.48213452,-0.07584578,0.8728079,0.86004883,-0.14883655,-0.4880201,0.16692,0.9859488,-0.006528154
1356423235561,0.51615936,-0.08677602,0.8520854,0.83754486,-0.15696388,-0.5233364,0.1791597,0.9837847,-0.008339554
1356423235601,0.53487706,-0.09689993,0.8393551,0.82229406,-0.16870344,-0.54348105,0.19426537,0.98089224,-0.010555372
1356423235641,0.5396178,-0.102977365,0.8355886,0.8154254,-0.18305477,-0.54915607,0.20950913,0.9776945,-0.014809266
1356423235681,0.5326643,-0.102718025,0.8400701,0.81608915,-0.20061597,-0.5419886,0.2242035,0.9742701,-0.023033902
1356423235720,0.5111264,-0.0936771,0.85438544,0.8259867,-0.2213588,-0.51840746,0.2376886,0.97068274,-0.035766274
1356423235761,0.48087358,-0.07422501,0.87364256,0.8402399,-0.24568093,-0.48336115,0.25051475,0.96650493,-0.055774704
1356423235800,0.44332546,-0.04160273,0.89539474,0.8570365,-0.27295685,-0.43701604,0.26258522,0.9611263,-0.08535366
1356423235841,0.40620312,0.0051578283,0.91376823,0.87205607,-0.30091777,-0.38596195,0.27297837,0.9536361,-0.12673163
1356423235880,0.37884927,0.06503838,0.9231702,0.88222,-0.32672513,-0.33902606,0.2795732,0.94287896,-0.18115772
1356423235921,0.3675067,0.13364366,0.9203685,0.88700664,-0.34785184,-0.30367476,0.27956766,0.9279755,-0.24638075
1356423235960,0.37133393,0.20276561,0.90608895,0.8877214,-0.36355606,-0.28244957,0.27214313,0.9092376,-0.31500003
1356423236001,0.3802316,0.2626832,0.8868041,0.8875056,-0.37347844,-0.269903,0.26030317,0.88966924,-0.37514114
1356423236041,0.38085184,0.30615342,0.8724804,0.8906152,-0.3750663,-0.2571572,0.24850848,0.8749831,-0.41550955
1356423236080,0.36588642,0.3309416,0.86983037,0.89975643,-0.3646405,-0.23974094,0.23783517,0.87035334,-0.43118384
1356423236121,0.33443654,0.3377178,0.87982893,0.91442573,-0.34213644,-0.21626002,0.2279867,0.8768634,-0.42324072
1356423236161,0.2870525,0.3274972,0.9001925,0.93247116,-0.31068534,-0.18431571,0.21931365,0.8923118,-0.39456472
1356423236200,0.23390186,0.30325824,0.92375565,0.94877726,-0.27875102,-0.14872676,0.21239522,0.91122574,-0.35292485
1356423236241,0.17267615,0.26659045,0.9482154,0.9630953,-0.2474935,-0.10580319,0.20647103,0.93149155,-0.29948825
1356423236295,0.118510276,0.22154364,0.96792233,0.97252226,-0.22262123,-0.06811863,0.20038888,0.9493988,-0.24183899
1356423236321,0.07082307,0.17191687,0.9825623,0.97853434,-0.20309019,-0.034998447,0.19353199,0.9639497,-0.18261003
1356423236360,0.040305495,0.12146884,0.9917766,0.98164934,-0.18996847,-0.016627312,0.18638662,0.974247,-0.1268965
1356423236401,0.034587026,0.07441005,0.99662775,0.98311746,-0.18181843,-0.020543247,0.17967671,0.98051274,-0.07944235
1356423236440,0.059222817,0.03344986,0.99768424,0.98303676,-0.17574567,-0.052461028,0.1735839,0.98386717,-0.043290555
1356423236481,0.11553353,-6.006658E-4,0.9933034,0.9790243,-0.16888237,-0.11397478,0.16781989,0.985636,-0.018923491
1356423236521,0.19854456,-0.02727151,0.9797123,0.96664983,-0.15953887,-0.20033833,0.16176575,0.98681486,-0.0053135455
1356423236560,0.3000856,-0.047441453,0.95273185,0.94119954,-0.1477881,-0.30381235,0.15521577,0.98788047,3.027916E-4
1356423236601,0.40583807,-0.06054026,0.9119377,0.90180486,-0.13556749,-0.4103285,0.14847052,0.98891675,-4.2295456E-4
1356423236640,0.5043781,-0.068663836,0.8607485,0.8514295,-0.12642792,-0.50900275,0.14377269,0.98959655,-0.0053050667
1356423236682,0.58370656,-0.07515809,0.8084787,0.79911983,-0.12323308,-0.5884056,0.14385483,0.9895276,-0.011871621
1356423236720,0.6389847,-0.08302182,0.76472604,0.7545157,-0.12580495,-0.6441111,0.14968163,0.9885749,-0.01774615
1356423236761,0.67241096,-0.092817724,0.7343353,0.72263175,-0.13241671,-0.6784314,0.16020873,0.9868387,-0.021965407
1356423236801,0.6886572,-0.102968186,0.7177387,0.7039379,-0.14238764,-0.6958428,0.17384678,0.9844406,-0.025573075
1356423236841,0.6913711,-0.1106323,0.71397936,0.6974423,-0.15580276,-0.6994996,0.18862721,0.9815732,-0.030557849
1356423236880,0.68207717,-0.113546014,0.7224113,0.7022438,-0.17390642,-0.69036967,0.20402068,0.9781942,-0.038880624
1356423236921,0.65866435,-0.10909918,0.7444855,0.7196578,-0.1975144,-0.6656431,0.21966773,0.97421014,-0.05158162
1356423236961,0.6198279,-0.09444538,0.77903366,0.74844193,-0.22727507,-0.62304157,0.23589829,0.96924,-0.07018459
1356423237001,0.5622866,-0.06596717,0.8243071,0.7875701,-0.2611974,-0.55813015,0.25212505,0.9630288,-0.094914034
1356423237041,0.4958972,-0.022121727,0.8680994,0.8261042,-0.29610184,-0.47945324,0.2676522,0.95490015,-0.12856118
1356423237080,0.43035346,0.03803441,0.9018588,0.8580235,-0.32753378,-0.39562267,0.28034198,0.9440736,-0.17358972
1356423237121,0.38052544,0.10991907,0.9182146,0.87896943,-0.35159287,-0.32217243,0.28742486,0.9296775,-0.2304055
1356423237160,0.3583206,0.18520606,0.9150437,0.88845384,-0.3687423,-0.27327436,0.28680322,0.910894,-0.29667503
1356423237201,0.35648757,0.25512037,0.89879376,0.89153266,-0.38060957,-0.24557248,0.2794389,0.8888476,-0.36313072
1356423237241,0.3598811,0.31252557,0.87909806,0.8935228,-0.3866247,-0.22833842,0.26851943,0.8676688,-0.4183876
1356423237297,0.34949628,0.35468206,0.86720985,0.90075445,-0.38193157,-0.20680815,0.2578637,0.85342187,-0.45296508
1356423237321,0.31091148,0.38178596,0.8703871,0.91745317,-0.35972482,-0.1699346,0.24822119,0.8513739,-0.46211326
1356423237360,0.24568361,0.39441222,0.8854821,0.93933517,-0.322425,-0.11701074,0.23935112,0.86051214,-0.44969982
1356423237401,0.14523774,0.39209348,0.90838796,0.9621697,-0.26987892,-0.03734705,0.23051125,0.8794476,-0.41645706
1356423237440,0.018146634,0.37259865,0.9278152,0.97496283,-0.21229017,0.06618422,0.22162619,0.90338427,-0.36712217
1356423237481,-0.12159482,0.33628345,0.933878,0.9695977,-0.16104826,0.1842382,0.21235567,0.9278884,-0.306477
1356423237520,-0.25365686,0.2875896,0.9235531,0.94592625,-0.12582672,0.29898348,0.20219216,0.9494524,-0.24012172
1356423237560,-0.36007428,0.23435971,0.90300727,0.91313744,-0.10975534,0.3925988,0.1911192,0.96593446,-0.17448252
1356423237601,-0.43035632,0.18435258,0.8836332,0.884561,-0.10891223,0.45353058,0.17984802,0.97680724,-0.11620003
1356423237640,-0.46125686,0.14221752,0.87579465,0.8709252,-0.11599767,0.47752878,0.16950312,0.98301506,-0.07035613
1356423237681,-0.45544875,0.108721346,0.8835984,0.87559474,-0.1247161,0.4666688,0.16093582,0.98621774,-0.038394034
1356423237720,-0.41603345,0.08243078,0.90560555,0.8961254,-0.1320566,0.42369843,0.15451697,0.9878088,-0.018928349
1356423237778,-0.34562212,0.06099376,0.9363893,0.9262756,-0.13754547,0.3508485,0.15019569,0.9886157,-0.00895828
1356423237798,-0.24864489,0.043088675,0.9676358,0.95730245,-0.14116961,0.25227588,0.14747101,0.9890472,-0.0061478615
1356423237838,-0.1308893,0.027440757,0.9910171,0.98064744,-0.1432209,0.13348544,0.14559731,0.98931026,-0.008163601
1356423237876,-0.0050922036,0.013320625,0.9998983,0.9894281,-0.14485705,0.0069686174,0.14493513,0.98936296,-0.012442142
1356423237920,0.10992515,-3.877282E-5,0.9939399,0.98298395,-0.14806318,-0.10871926,0.14717019,0.9889779,-0.016237736
1356423237959,0.19617313,-0.01293087,0.98048395,0.9684344,-0.15426719,-0.19579673,0.15378839,0.9879445,-0.017740339
1356423237998,0.24764788,-0.02444601,0.9685416,0.95493644,-0.16265345,-0.24827453,0.16360593,0.98638034,-0.016936392
1356423238038,0.2668661,-0.032461256,0.96318674,0.94773865,-0.17249167,-0.26839918,0.17485428,0.9844759,-0.015267402
1356423238078,0.25744617,-0.033883214,0.9656985,0.9483599,-0.18278301,-0.2592372,0.18529704,0.98256934,-0.014923334
1356423238118,0.22148246,-0.02623704,0.9748113,0.9557103,-0.19283676,-0.22233284,0.19381282,0.98088,-0.017634928
1356423238159,0.15952057,-0.007437438,0.9871665,0.9665191,-0.20240694,-0.15770897,0.2009823,0.9792732,-0.025099635
1356423238198,0.0727275,0.02387628,0.997066,0.9753243,-0.21065062,-0.06609732,0.20845437,0.9772698,-0.03860724
1356423238239,-0.022113383,0.06692904,0.9975126,0.97566646,-0.21626091,0.03613931,0.2181418,0.9740388,-0.060518175
1356423238295,-0.121029496,0.12027863,0.98533493,0.9655514,-0.21608424,0.14497659,0.23035294,0.9689379,-0.08998263
1356423238321,-0.19826841,0.17987418,0.96350145,0.9488889,-0.21105325,0.23466253,0.24555981,0.96078193,-0.12883544
1356423238361,-0.2510144,0.24474576,0.93653154,0.9318665,-0.20072067,0.30221874,0.26194796,0.94858354,-0.17768663
1356423238401,-0.27808666,0.31235364,0.9083518,0.920329,-0.18415904,0.34507984,0.27506813,0.93194455,-0.23625588
1356423238440,-0.2858817,0.37860054,0.880303,0.9165817,-0.159958,0.36645797,0.2795527,0.91163325,-0.30128926
1356423238481,-0.28753138,0.43656677,0.8524877,0.9176071,-0.12948632,0.3758064,0.2744501,0.89030486,-0.3633654
1356423238521,-0.29368025,0.47976223,0.82678896,0.91880894,-0.09693414,0.38261443,0.26370806,0.87202746,-0.4123422
1356423238560,-0.31143567,0.50424933,0.8054442,0.91569126,-0.06731245,0.39620522,0.25400263,0.8609307,-0.44077325
1356423238598,-0.34423313,0.5087408,0.78910476,0.9057162,-0.04148683,0.4218496,0.24734956,0.85991955,-0.44649363
1356423238639,-0.39076492,0.4933632,0.7771072,0.8880182,-0.020205885,0.45936418,0.2423355,0.86958873,-0.4302197
1356423238679,-0.43993473,0.4636388,0.76908803,0.86604536,-0.0074860454,0.4999093,0.23753485,0.88599265,-0.39823884
1356423238720,-0.49479765,0.42020965,0.76065695,0.8373585,-0.0035327673,0.54664266,0.23239177,0.90742016,-0.3501181
1356423238759,-0.54445845,0.3691709,0.7531786,0.8075441,-0.012088478,0.58968335,0.22679871,0.92928296,-0.29154015
1356423238799,-0.59097904,0.3123476,0.7437626,0.77609164,-0.031366587,0.62983966,0.2200582,0.9494499,-0.22387332
1356423238838,-0.6258586,0.25602537,0.736717,0.7506698,-0.058592796,0.6580742,0.21165001,0.9648927,-0.15551966
1356423238879,-0.6477319,0.20399272,0.7340507,0.73485357,-0.08701235,0.67262113,0.20108128,0.9750979,-0.093544066
1356423238918,-0.6544827,0.15840822,0.73929644,0.73209286,-0.111555755,0.67200845,0.18892446,0.9810515,-0.0429582
1356423238958,-0.64572024,0.11995232,0.7540934,0.74278986,-0.13017476,0.6567479,0.17694238,0.9842083,-0.0050429106
1356423238998,-0.6203886,0.08857489,0.77927685,0.76626676,-0.14335752,0.6263256,0.1671919,0.9856993,0.021065354
1356423239038,-0.57783264,0.063466966,0.81368375,0.80023587,-0.15189213,0.58013034,0.16041133,0.9863572,0.036979795
1356423239079,-0.51817656,0.043514132,0.85416603,0.8409929,-0.15581828,0.51812315,0.1556404,0.9868268,0.04414636
1356423239118,-0.44286436,0.027183741,0.89617634,0.8837085,-0.15558177,0.44142228,0.1514282,0.9874489,0.04487908
1356423239158,-0.35614783,0.014588982,0.9343158,0.92269754,-0.15245551,0.35409966,0.14760756,0.9882027,0.0408355
1356423239199,-0.261406,0.005033016,0.9652158,0.95409817,-0.15007865,0.25917765,0.14616275,0.98866117,0.03442949
1356423239238,-0.16724926,-0.0029655695,0.9859102,0.97457224,-0.15174645,0.16486946,0.1491194,0.988415,0.028269649
1356423239298,-0.084371865,-0.010017931,0.996384,0.98381394,-0.15948248,0.0817039,0.15808725,0.98714995,0.023311555
1356423239321,-0.018933654,-0.016218543,0.9996892,0.9851289,-0.17108148,0.015882373,0.17077076,0.9851234,0.019216597
1356423239361,0.027905464,-0.01973781,0.99941576,0.98215187,-0.18550295,-0.031087011,0.18600813,0.9824455,0.014208972
1356423239400,0.05511242,-0.018363982,0.9983113,0.9781115,-0.199929,-0.057675034,0.20065054,0.97963834,0.0069434345
1356423239442,0.06810212,-0.010094821,0.99762726,0.9745465,-0.21340442,-0.06868589,0.21359143,0.9769118,-0.0046954453
1356423239480,0.06170726,0.0064899623,0.9980732,0.97266686,-0.22466958,-0.058675557,0.22385588,0.9744134,-0.020176291
1356423239521,0.048100233,0.031816453,0.9983357,0.97159827,-0.23333746,-0.039375663,0.23169628,0.9718752,-0.04213646
1356423239560,0.02717936,0.06767297,0.99733734,0.9709958,-0.23887676,-0.010252893,0.23754683,0.96868896,-0.07220271
1356423239601,0.004816234,0.113991916,0.99347,0.97033066,-0.24069351,0.022913396,0.24173373,0.96388406,-0.11176905
1356423239640,-0.012580216,0.17026678,0.98531765,0.9696524,-0.23853964,0.053600818,0.24416381,0.95609,-0.16209865
1356423239679,-0.022044718,0.23449421,0.97186756,0.9696007,-0.23194253,0.077956825,0.24369779,0.94404197,-0.22225267
1356423239721,-0.018331885,0.30365586,0.95260537,0.97112525,-0.22125965,0.08921778,0.2378647,0.9267347,-0.29083174
1356423239761,-0.01056686,0.37017545,0.9289018,0.973914,-0.2067686,0.093477994,0.22667098,0.90565825,-0.35833424
1356423239800,-0.0053941905,0.42570987,0.90484357,0.976987,-0.19070235,0.09554577,0.21323061,0.88453585,-0.41488427
1356423239841,-0.014609098,0.46325994,0.886102,0.9791014,-0.17315388,0.10666835,0.20284718,0.8691421,-0.45104885
1356423239881,-0.044751346,0.4788516,0.8767545,0.9792845,-0.1524632,0.13325459,0.19748199,0.8645554,-0.46210903
1356423239920,-0.0892573,0.4742382,0.87586033,0.97663164,-0.13094205,0.17042577,0.19550931,0.87060463,-0.45146847
1356423239961,-0.15016925,0.44914415,0.880749,0.96901464,-0.10984492,0.22123483,0.19611213,0.8866813,-0.41873193
1356423240016,-0.20872772,0.41113168,0.88735753,0.9576408,-0.09813458,0.2707279,0.1983853,0.90627825,-0.37323302
1356423240038,-0.26726514,0.36267802,0.8927676,0.94230783,-0.09542072,0.32085955,0.20155722,0.9270165,-0.3162517
1356423240077,-0.3180992,0.3081168,0.8965919,0.9259043,-0.10228109,0.36364806,0.20375046,0.9458344,-0.25275117
1356423240118,-0.35846037,0.25165537,0.89898586,0.911034,-0.115897715,0.39570796,0.2037724,0.9608524,-0.18772185
1356423240159,-0.3863787,0.19672078,0.9011173,0.9000332,-0.1331541,0.41498235,0.20162305,0.9713758,-0.12560737
1356423240199,-0.39731067,0.14686799,0.9058554,0.896003,-0.15121788,0.4175066,0.19829988,0.97752905,-0.07151365
1356423240238,-0.3907593,0.10381973,0.91461945,0.89966667,-0.1670894,0.40333745,0.19469759,0.9804604,-0.028111458
1356423240296,-0.36500877,0.06766638,0.9285418,0.91130984,-0.17808807,0.37121278,0.1904808,0.9816852,0.003338635
1356423240331,-0.308488,0.035634607,0.95056057,0.93297446,-0.18349332,0.30965948,0.18545613,0.9823749,0.02335924
1356423240370,-0.2369045,0.010552615,0.9714756,0.9550395,-0.18094039,0.23486182,0.17825758,0.9834374,0.032787442
1356423240412,-0.14940292,-0.007807493,0.98874557,0.9743906,-0.17111766,0.1458826,0.16805279,0.9852197,0.033172995
1356423240450,-0.04816985,-0.019511044,0.99864864,0.9866485,-0.15665847,0.044530272,0.15557793,0.98746014,0.026796728
1356423240489,0.057832778,-0.026781857,0.997967,0.98782223,-0.1430943,-0.061085045,0.14443931,0.9893467,0.018180072
1356423240530,0.15354687,-0.031686366,0.9876332,0.9784853,-0.13451058,-0.15644017,0.13780406,0.99040544,0.010350943
1356423240568,0.2278437,-0.036663085,0.9730072,0.96399844,-0.13220215,-0.23071557,0.13709235,0.9905445,0.0052216947
1356423240610,0.27418903,-0.04179907,0.9607669,0.9509975,-0.13668278,-0.2773474,0.14291319,0.98973256,0.002273947
1356423240648,0.2913594,-0.044374496,0.95558393,0.9443706,-0.14596292,-0.29471856,0.15255782,0.9882944,-6.2173605E-4
1356423240689,0.2831994,-0.04185024,0.9581475,0.9448246,-0.15932462,-0.28622064,0.16463482,0.98633885,-0.005579531
1356423240728,0.24858868,-0.031114697,0.96810925,0.9520863,-0.17597336,-0.25013006,0.17814419,0.98390305,-0.014121115
1356423240768,0.1907005,-0.009846002,0.98159885,0.9624467,-0.19493559,-0.18893498,0.19320878,0.9807666,-0.02769807
1356423240808,0.11710143,0.023880959,0.99283284,0.97056985,-0.21458012,-0.10931423,0.21043164,0.97641444,-0.04830581
1356423240868,0.038855672,0.07114154,0.9967091,0.97250456,-0.23190212,-0.021359712,0.22961935,0.97013414,-0.0781962
1356423240891,-0.027445436,0.13243282,0.99081194,0.96795917,-0.24397546,0.059422374,0.2496033,0.96069634,-0.12149349
1356423240929,-0.079354346,0.2047202,0.9755986,0.96048373,-0.24622166,0.12979218,0.26678455,0.9473461,-0.17709166
1356423240966,-0.105701864,0.28288832,0.95331067,0.95491374,-0.23858798,0.17667893,0.27742893,0.9290048,-0.24491471
1356423241009,-0.11499119,0.36000413,0.9258369,0.953301,-0.22203451,0.20473859,0.27927446,0.9061444,-0.31766027
1356423241048,-0.122286946,0.42523003,0.8967861,0.95380723,-0.1994665,0.22464377,0.27440405,0.8828321,-0.3811953
1356423241089,-0.13792643,0.47094935,0.87131107,0.95415074,-0.17277697,0.2444269,0.2656552,0.86507505,-0.42552608
1356423241128,-0.16882432,0.4942345,0.8527782,0.95191354,-0.14265573,0.27112734,0.2556542,0.85754395,-0.4463848
1356423241170,-0.22045666,0.49335712,0.841426,0.94421905,-0.10841966,0.31095907,0.24464098,0.8630434,-0.44193536
1356423241208,-0.28108335,0.4738918,0.834517,0.93073064,-0.07737172,0.35742685,0.23394969,0.87717736,-0.41931772
1356423241249,-0.35235453,0.4363026,0.827941,0.9087971,-0.05172026,0.41402042,0.22345954,0.89831233,-0.3782866
1356423241297,-0.42084402,0.38728213,0.8203066,0.8817636,-0.037718773,0.47018117,0.21303374,0.92118937,-0.3256175
1356423241330,-0.48459268,0.33023965,0.8100072,0.85109913,-0.035823107,0.5237813,0.2019904,0.94321704,-0.26370704
1356423241369,-0.5367698,0.27086353,0.7990689,0.8219298,-0.04602158,0.56772655,0.1905508,0.96151704,-0.19792777
1356423241411,-0.5732808,0.21473041,0.7907211,0.7994636,-0.06478089,0.5972113,0.17946303,0.97452253,-0.13453156
1356423241451,-0.5928848,0.16531917,0.7881353,0.7872629,-0.08691913,0.6104606,0.16942486,0.9824025,-0.07861668
1356423241490,-0.5942233,0.124741316,0.79456794,0.7879973,-0.10760468,0.60620254,0.1611177,0.9863371,-0.034354568
1356423241531,-0.5802562,0.093340755,0.8090675,0.79961604,-0.12334412,0.58770776,0.15465084,0.9879644,-0.0030655265
1356423241570,-0.5503496,0.06970033,0.83202004,0.8214456,-0.13319975,0.55451345,0.14947459,0.9886353,0.016051352
1356423241612,-0.5072122,0.053171754,0.8601793,0.84957784,-0.136792,0.5094167,0.14475223,0.98917174,0.024209023
1356423241650,-0.451473,0.04225743,0.89128363,0.88112855,-0.13634717,0.45279348,0.1406579,0.98975945,0.024322867
1356423241691,-0.38611686,0.035714924,0.92175823,0.91189015,-0.13598585,0.38725215,0.13917679,0.9900668,0.01993835
1356423241730,-0.31656837,0.0318003,0.9480365,0.93777287,-0.13987231,0.31783295,0.14271122,0.9896587,0.014457703
1356423241772,-0.25116193,0.028464854,0.96752644,0.9559629,-0.14949656,0.25255835,0.15183088,0.9883524,0.010336518
1356423241810,-0.19791728,0.024763018,0.97990584,0.96621835,-0.16342723,0.1992827,0.16507816,0.9862445,0.00841862
1356423241851,-0.16103536,0.02179414,0.986708,0.9703597,-0.1790356,0.16232172,0.18019348,0.9836012,0.0076828897
1356423241889,-0.14113992,0.021813244,0.9897493,0.9705658,-0.1940214,0.1426804,0.19514492,0.98075473,0.0062129796
1356423241930,-0.13746172,0.026905835,0.9901416,0.96829057,-0.20687997,0.14004987,0.20860869,0.9779963,0.0023854375
1356423241971,-0.14812768,0.03865409,0.9882126,0.9640821,-0.21710795,0.15300283,0.22046295,0.975382,-0.005106032
1356423242010,-0.16930121,0.05854398,0.983824,0.95790905,-0.2250405,0.17823306,0.23183477,0.972589,-0.017980099
1356423242051,-0.19569588,0.08816707,0.9766933,0.9497584,-0.23102587,0.21115404,0.2442582,0.9689446,-0.038526595
1356423242090,-0.22145408,0.12901938,0.9665982,0.94031274,-0.2343967,0.24671867,0.25839895,0.9635415,-0.0694105
1356423242131,-0.24148291,0.18192813,0.95319885,0.9312347,-0.2328164,0.28035396,0.2729246,0.9553526,-0.11319661
1356423242171,-0.24935561,0.24755928,0.9362352,0.92573035,-0.22291738,0.30550155,0.28433278,0.9428798,-0.17358744
1356423242210,-0.2492854,0.31984007,0.9140892,0.92442536,-0.20270431,0.3230305,0.28860793,0.9255341,-0.24513704
1356423242252,-0.24060053,0.39149946,0.8881664,0.928299,-0.17445332,0.32837036,0.2835004,0.90349007,-0.321455
1356423242289,-0.2366459,0.44948095,0.86137426,0.93235654,-0.14435169,0.3314723,0.2733313,0.8815495,-0.3849162
1356423242329,-0.24335846,0.48599398,0.8393966,0.93392384,-0.11621919,0.33805245,0.26184538,0.8662004,-0.42559844
1356423242368,-0.26346746,0.4982813,0.8260149,0.9314303,-0.09143272,0.35224652,0.25104263,0.8621808,-0.44002473
1356423242410,-0.2952367,0.4877555,0.8215412,0.92456305,-0.070926785,0.37436944,0.24087003,0.87009424,-0.43002057
