1356422826346,-0.7583103,-0.20069362,0.6202316,0.6184251,0.07946706,0.78181535,-0.20619331,0.9764256,0.06385338
1356422826498,0.4988176,0.16404372,-0.8510409,-0.8422865,-0.13969526,-0.52061355,-0.20428985,0.9765115,0.06848942
1356422826540,0.5150503,0.16890752,-0.84035313,-0.8328142,-0.13339016,-0.5372405,-0.20283887,0.97656393,0.07196599
1356422826578,0.5268165,0.17266917,-0.83225584,-0.8257738,-0.12803403,-0.5492768,-0.20140019,0.9766232,0.0751352
1356422826618,0.53936803,0.17597952,-0.8234764,-0.81800795,-0.12260735,-0.5619879,-0.19986266,0.97672856,0.07782219
1356422826658,0.55489516,0.17869964,-0.81250095,-0.8079437,-0.117028505,-0.57752174,-0.19828868,0.976919,0.07944072
1356422826698,0.5731859,0.18053553,-0.7992902,-0.79544556,-0.11166003,-0.5956496,-0.19678468,0.9772098,0.079604216
1356422826738,0.5925376,0.18139675,-0.7848531,-0.781471,-0.106960535,-0.6147052,-0.19545385,0.9775759,0.07837816
1356422826777,0.6107903,0.1814453,-0.77072227,-0.7675613,-0.10328096,-0.63259995,-0.1943832,0.9779625,0.07618738
1356422826819,0.62623143,0.18098584,-0.7583393,-0.75520945,-0.100756794,-0.64769346,-0.19363114,0.9783109,0.07358512
1356422826858,0.63009536,0.17934534,-0.75552297,-0.7520938,-0.10115364,-0.65124726,-0.19322208,0.978572,0.07114809
1356422826898,0.6414554,0.17959699,-0.74584174,-0.74245894,-0.09938604,-0.66247797,-0.19310537,0.97870696,0.06959169
1356422826938,0.6468282,0.1804837,-0.7409715,-0.7377687,-0.09799793,-0.66790235,-0.19315922,0.9786837,0.069767445
1356422826978,0.64653265,0.18245703,-0.74074626,-0.73797333,-0.096532434,-0.6678899,-0.19336721,0.9784636,0.072237015
1356422827018,0.6411656,0.1857222,-0.7445898,-0.7424749,-0.09516078,-0.66308033,-0.19400448,0.9779835,0.076880254
1356422827058,0.63142383,0.19029805,-0.7517251,-0.75039387,-0.09443128,-0.6542108,-0.19548139,0.97717416,0.083172314
1356422827098,0.6182722,0.19596049,-0.7611432,-0.7606499,-0.09461415,-0.6422304,-0.19786674,0.97603667,0.090560056
1356422827138,0.6025069,0.20250309,-0.77199614,-0.7724286,-0.095464766,-0.6278859,-0.20084724,0.9746174,0.098900974
1356422827178,0.58503723,0.20960012,-0.78345335,-0.78495634,-0.096530765,-0.6119848,-0.20389944,0.9730106,0.10805285
1356422827218,0.56697583,0.21680063,-0.7946923,-0.7974147,-0.09746677,-0.59550816,-0.20656261,0.9713381,0.11761874
1356422827258,0.5500802,0.22335398,-0.8046893,-0.80868566,-0.09801501,-0.5800177,-0.2084209,0.9697969,0.12670705
1356422827298,0.53697467,0.22814023,-0.81216395,-0.81727576,-0.09793231,-0.56786406,-0.20908976,0.9686905,0.13386631
1356422827338,0.5304927,0.22991672,-0.8159141,-0.82168925,-0.097086966,-0.5616058,-0.20833713,0.96835554,0.13741612
1356422827387,0.5325688,0.22768,-0.81518847,-0.82094324,-0.09542367,-0.56298006,-0.2059676,0.9690491,0.1360927
1356422827419,0.54329383,0.2209591,-0.8099437,-0.81495094,-0.09298962,-0.5720208,-0.2017096,0.9708398,0.12955016
1356422827460,0.5603012,0.21013263,-0.8011909,-0.80487776,-0.090221375,-0.58654237,-0.1955362,0.9735011,0.11857993
1356422827489,0.5755511,0.1981709,-0.793391,-0.79563624,-0.08847469,-0.5992788,-0.18895468,0.97616625,0.10675026
1356422827519,0.59008265,0.18562567,-0.78571343,-0.78654855,-0.087278426,-0.6113295,-0.18205431,0.9787367,0.09450215
1356422827549,0.60243297,0.17291677,-0.7792139,-0.7787402,-0.08675596,-0.6213188,-0.17503789,0.9811082,0.08239261
1356422827580,0.6116245,0.16046146,-0.7747048,-0.77307916,-0.08686671,-0.62833333,-0.16811934,0.98321223,0.07091961
1356422827620,0.61867666,0.14780253,-0.77161753,-0.7690107,-0.087111026,-0.63327265,-0.16081569,0.9851731,0.059768148
1356422827650,0.6174895,0.13610244,-0.7747146,-0.7713138,-0.08832699,-0.6302962,-0.1542131,0.98674935,0.050436735
1356422827689,0.6130098,0.12572092,-0.78000844,-0.7761349,-0.08881515,-0.62428063,-0.14776176,0.988082,0.043131873
1356422827729,0.60148406,0.11660734,-0.7903288,-0.7862394,-0.08891764,-0.61149096,-0.1415785,0.98918974,0.038198754
1356422827759,0.5844166,0.10880035,-0.80412674,-0.799956,-0.08898008,-0.59342474,-0.13611606,0.99007326,0.035034046
1356422827790,0.5657793,0.10249373,-0.81816185,-0.814039,-0.08854669,-0.5740209,-0.13127905,0.9907848,0.033336
1356422827828,0.54585814,0.09745914,-0.8321903,-0.82820916,-0.08768922,-0.5535162,-0.12691933,0.99136895,0.032850653
1356422827869,0.52405846,0.09285709,-0.8466052,-0.84267306,-0.0876694,-0.53124017,-0.12355077,0.9918123,0.032304272
1356422827908,0.5025485,0.08839297,-0.8600184,-0.8559643,-0.0889647,-0.50932336,-0.12153196,0.99210477,0.030952185
1356422827948,0.48193356,0.08421546,-0.87215126,-0.86784005,-0.09135541,-0.48837265,-0.12080422,0.9922509,0.029058293
1356422827988,0.4614087,0.08081448,-0.88349926,-0.8788995,-0.09416619,-0.46761993,-0.12098619,0.99227107,0.027578697
1356422828028,0.43983716,0.07852623,-0.8946378,-0.8898195,-0.09667581,-0.44595397,-0.121508956,0.99221337,0.027352586
1356422828068,0.4170929,0.07718843,-0.9055803,-0.9006162,-0.09882668,-0.4232303,-0.12216392,0.99210656,0.0282972
1356422828108,0.39412865,0.07634053,-0.91587925,-0.9106952,-0.10166839,-0.4003721,-0.12368062,0.9918849,0.029452547
1356422828148,0.37302566,0.07540685,-0.9247517,-0.9190901,-0.10637963,-0.37941635,-0.12698537,0.9914621,0.029623374
1356422828188,0.35695004,0.07405475,-0.93118334,-0.9247273,-0.11302,-0.36346343,-0.1321586,0.9908291,0.028137982
1356422828228,0.34851238,0.07275155,-0.9344765,-0.92701447,-0.12056872,-0.35511607,-0.13850388,0.9900356,0.025422037
1356422828268,0.3486165,0.07299876,-0.9344183,-0.9259203,-0.12782636,-0.35543203,-0.14538941,0.9891064,0.023028672
1356422828308,0.35699683,0.07677153,-0.93094546,-0.9216012,-0.13357675,-0.3644291,-0.15233046,0.98806036,0.023066238
1356422828348,0.37290692,0.08582762,-0.9238907,-0.91418445,-0.13639158,-0.38165972,-0.15876785,0.98693,0.02760093
1356422828388,0.39414036,0.10176897,-0.91339827,-0.90420556,-0.13496715,-0.4052114,-0.16451666,0.98560995,0.038824037
1356422828427,0.42353734,0.12451151,-0.89728093,-0.8897749,-0.12875655,-0.43786135,-0.17004952,0.98382866,0.056253925
1356422828487,0.45224658,0.15381768,-0.8785289,-0.87421477,-0.11869565,-0.4708076,-0.17669612,0.9809441,0.08079001
1356422828515,0.4747254,0.19234616,-0.858859,-0.8602125,-0.10504529,-0.49899897,-0.1861996,0.9756887,0.1155909
1356422828549,0.5059822,0.23485923,-0.8299537,-0.8398738,-0.085003674,-0.5360842,-0.19645345,0.96830547,0.15424179
1356422828586,0.5257062,0.28150168,-0.8027389,-0.82510316,-0.060860515,-0.5616945,-0.20697305,0.9576287,0.20027316
1356422828629,0.539891,0.3316002,-0.773666,-0.81366277,-0.029796332,-0.5805731,-0.21557051,0.9429494,0.25372392
1356422828668,0.55067825,0.38144308,-0.74246526,-0.80520207,0.008305579,-0.59294236,-0.22000718,0.92435503,0.31171244
1356422828708,0.5582028,0.42737025,-0.71117103,-0.80011564,0.050407827,-0.59772396,-0.2196009,0.90267026,0.37008345
1356422828748,0.56559193,0.46460167,-0.68135977,-0.79581404,0.090782255,-0.5986975,-0.21630049,0.88085407,0.42108223
1356422828788,0.57638896,0.48833102,-0.6552166,-0.7889196,0.12350768,-0.6019567,-0.21302977,0.8638743,0.4564423
1356422828829,0.59337765,0.49522686,-0.6345497,-0.7767863,0.14569539,-0.6126792,-0.21096428,0.8564597,0.47113788
1356422828868,0.6172036,0.48428547,-0.62010264,-0.75858796,0.15710399,-0.63234687,-0.20881586,0.86068916,0.4643383
1356422828908,0.6462085,0.45678437,-0.61136127,-0.73520064,0.15775797,-0.65923625,-0.20468168,0.87547725,0.43777272
1356422828948,0.6764945,0.41641712,-0.6074143,-0.7093824,0.14691159,-0.689343,-0.197818,0.8972256,0.39478382
1356422828988,0.7040641,0.36776316,-0.60748994,-0.684731,0.12480408,-0.7180302,-0.18824784,0.9215065,0.3396889
1356422829028,0.72573954,0.31533754,-0.6114445,-0.6650639,0.09414655,-0.74082804,-0.17604557,0.9442979,0.27804554
1356422829068,0.73962206,0.26296043,-0.6195249,-0.653318,0.059410572,-0.75474906,-0.16166276,0.96297586,0.21573812
1356422829108,0.7449435,0.21345644,-0.6320566,-0.6508875,0.024777964,-0.7587697,-0.14630324,0.97663826,0.15739432
1356422829148,0.7417041,0.16865045,-0.64917797,-0.65768296,-0.0070836246,-0.7532615,-0.13163644,0.9856505,0.10566458
1356422829188,0.7303618,0.12956381,-0.67066,-0.6725806,-0.03491971,-0.73919946,-0.11919275,0.990956,0.061638087
1356422829228,0.7115437,0.09670895,-0.6959548,-0.69399726,-0.058162898,-0.7176245,-0.109879434,0.9936119,0.025730282
1356422829268,0.68589187,0.07037595,-0.7242924,-0.72025883,-0.076351434,-0.6894909,-0.10382435,0.9945942,-0.0016799346
1356422829308,0.6540043,0.050806046,-0.75478286,-0.7497741,-0.08912854,-0.6556637,-0.10058439,0.99472356,-0.020197392
1356422829348,0.6163642,0.03823909,-0.7865323,-0.7811421,-0.09659268,-0.6168363,-0.09956044,0.9945892,-0.029666126
1356422829392,0.5729523,0.033196777,-0.8189161,-0.8134217,-0.09931074,-0.57313395,-0.10035339,0.99450254,-0.029897317
1356422829429,0.52500236,0.03361219,-0.8504368,-0.8449374,-0.09945145,-0.5255381,-0.102241635,0.99447453,-0.023812056
1356422829469,0.47521245,0.03848034,-0.8790292,-0.8735232,-0.0991568,-0.47657657,-0.10550058,0.99432755,-0.013507053
1356422829500,0.4270678,0.043811142,-0.9031576,-0.89754903,-0.100560755,-0.4292938,-0.10963011,0.9939658,-0.0036235899
1356422829539,0.38315505,0.049577057,-0.9223526,-0.91637033,-0.105008304,-0.38631424,-0.11600703,0.99323475,0.005196482
1356422829569,0.34429213,0.05383247,-0.93731797,-0.9308347,-0.11070475,-0.34826884,-0.12251377,0.9923943,0.011994332
1356422829600,0.3123236,0.05703008,-0.94826245,-0.94117707,-0.11696693,-0.31702456,-0.12899521,0.99149704,0.017143846
1356422829638,0.28612334,0.0606803,-0.95626944,-0.94838405,-0.12449843,-0.29166397,-0.1367523,0.9903625,0.021926284
1356422829678,0.26587856,0.06674242,-0.9616933,-0.95296645,-0.13234925,-0.27265102,-0.14547679,0.98895353,0.028414488
1356422829718,0.2514911,0.0769698,-0.96479416,-0.95543724,-0.1394535,-0.26017743,-0.15456975,0.9872326,0.03846851
1356422829758,0.2428799,0.09276304,-0.9656109,-0.95613253,-0.14515719,-0.2544406,-0.163768,0.9850505,0.05343795
1356422829797,0.23927519,0.11535144,-0.9640754,-0.9553366,-0.14938828,-0.2549805,-0.17343396,0.982027,0.074454606
1356422829838,0.21401024,0.14159438,-0.9665147,-0.9593682,-0.15578717,-0.23525065,-0.18388072,0.97758955,0.102501094
1356422829878,0.24180388,0.18407565,-0.9527051,-0.95058006,-0.15212566,-0.27065727,-0.19475228,0.9710684,0.13819404
1356422829918,0.25785488,0.23264548,-0.9377563,-0.94416285,-0.1453625,-0.295679,-0.20510304,0.961637,0.18217283
1356422829958,0.2650748,0.28745648,-0.9203825,-0.94033253,-0.13411862,-0.3127088,-0.2133306,0.9483569,0.23475328
1356422829998,0.26480561,0.3463914,-0.89993954,-0.93947124,-0.11774802,-0.32175967,-0.21742085,0.930671,0.29424435
1356422830038,0.25868702,0.40390548,-0.87746304,-0.9413204,-0.09845787,-0.32283413,-0.21678764,0.9094869,0.35473472
1356422830078,0.24955326,0.45179194,-0.85650873,-0.9444682,-0.08171016,-0.31828177,-0.21378258,0.8883735,0.4063121
1356422830118,0.24056304,0.48236722,-0.8422893,-0.94736415,-0.07218754,-0.31191388,-0.21125981,0.87298965,0.4396117
1356422830158,0.23344195,0.49137342,-0.83908105,-0.9496616,-0.07019329,-0.30531257,-0.20892033,0.86811584,0.4502524
1356422830198,0.22782809,0.47837985,-0.84808433,-0.95205235,-0.07320136,-0.29704863,-0.20418298,0.87509674,0.4387653
1356422830238,0.2209984,0.44628352,-0.8671739,-0.9554375,-0.0793494,-0.2843287,-0.19570097,0.8913667,0.40885997
1356422830278,0.20946306,0.39993882,-0.8922859,-0.96029234,-0.08785015,-0.26480356,-0.18429273,0.9123219,0.36565688
1356422830318,0.19037539,0.3447136,-0.9192006,-0.9666225,-0.09771222,-0.2368404,-0.17145926,0.93360853,0.31460595
1356422830388,0.1668688,0.27845797,-0.94584143,-0.97340524,-0.10618746,-0.2029936,-0.15696168,0.9545603,0.2533331
1356422830409,0.11925709,0.21546015,-0.9692031,-0.98231065,-0.11633998,-0.14673305,-0.14437225,0.9695575,0.1977745
1356422830439,0.06511438,0.16120437,-0.98477066,-0.9887818,-0.122520685,-0.08543593,-0.13442743,0.9792864,0.15141809
1356422830479,0.012756586,0.115789235,-0.99319196,-0.9917185,-0.12548178,-0.027366728,-0.1277962,0.9853158,0.11322954
1356422830519,-0.04685521,0.07782471,-0.99586546,-0.99120414,-0.12715197,0.036699295,-0.12377015,0.98882544,0.083097905
1356422830559,-0.1108225,0.04725638,-0.9927161,-0.98640394,-0.12719297,0.104063064,-0.12134889,0.9907516,0.060709804
1356422830599,-0.17695063,0.024099201,-0.9839247,-0.9769261,-0.1257804,0.17261127,-0.11959869,0.9917654,0.04580009
1356422830639,-0.24336004,0.008192003,-0.9699014,-0.9627547,-0.123497486,0.24052376,-0.11780995,0.99231106,0.037941217
1356422830679,-0.30820256,-0.0014889836,-0.9513196,-0.9442363,-0.12133449,0.30609766,-0.11588368,0.9926106,0.035989642
1356422830718,-0.36923158,-0.0075235963,-0.929307,-0.92222506,-0.12051153,0.36739346,-0.114756346,0.9926834,0.037558198
1356422830758,-0.42426342,-0.013491571,-0.90543824,-0.89809376,-0.121684074,0.42263523,-0.115879476,0.9924772,0.039509475
1356422830798,-0.47230577,-0.022013694,-0.88115984,-0.873232,-0.124380946,0.47116378,-0.11997157,0.9919903,0.039522767
1356422830838,-0.51359224,-0.033235878,-0.8573903,-0.8486335,-0.1278348,0.5133022,-0.12666443,0.99123836,0.037449956
1356422830878,-0.5488042,-0.045258313,-0.8347248,-0.824968,-0.13200784,0.5495468,-0.1350618,0.9902149,0.035109818
1356422830918,-0.5780366,-0.055622905,-0.8141129,-0.8031666,-0.13753581,0.57966137,-0.14421213,0.9889338,0.03482622
1356422830958,-0.6004889,-0.062503666,-0.7971866,-0.7847692,-0.14526314,0.60252476,-0.15346178,0.98741686,0.038177907
1356422830998,-0.6147586,-0.06494266,-0.7860371,-0.77169716,-0.15638375,0.61646384,-0.16295823,0.98555905,0.046022177
1356422831038,-0.6193395,-0.06227249,-0.78264976,-0.76571316,-0.172378,0.6196525,-0.17349893,0.9830605,0.05907762
1356422831078,-0.61363816,-0.05320567,-0.7877927,-0.76743776,-0.1944722,0.6109172,-0.18570802,0.97946405,0.07850349
1356422831118,-0.59888303,-0.035470217,-0.8000506,-0.7756306,-0.22297919,0.5904891,-0.19933942,0.97417766,0.10602665
1356422831158,-0.5793727,-0.0063428283,-0.815038,-0.78665686,-0.25734204,0.56120056,-0.21330315,0.9662996,0.14410734
1356422831198,-0.562171,0.035472184,-0.8262599,-0.79565394,-0.29574156,0.52865076,-0.22560698,0.95460916,0.1944809
1356422831238,-0.5542412,0.086973876,-0.8277997,-0.79880476,-0.33509737,0.4996206,-0.23393953,0.93816066,0.25519988
1356422831279,-0.55638885,0.13979286,-0.8190783,-0.79626095,-0.3714381,0.47749573,-0.23748645,0.91787344,0.3179757
1356422831318,-0.5622303,0.18398291,-0.8062551,-0.79212,-0.39989257,0.46112013,-0.23757723,0.89790654,0.37056834
1356422831391,-0.5623305,0.21283606,-0.7990527,-0.7931446,-0.41214764,0.4483928,-0.23389351,0.88590926,0.40057287
1356422831409,-0.55504096,0.22619522,-0.8004782,-0.8003483,-0.40743113,0.43982103,-0.22665432,0.88478005,0.4071759
1356422831468,-0.5378447,0.22628674,-0.8121067,-0.81535935,-0.384462,0.43287182,-0.21427107,0.8949766,0.39128596
1356422831488,-0.5100728,0.21469948,-0.83290446,-0.83725345,-0.34578586,0.42360228,-0.1970594,0.91342014,0.3561338
1356422831528,-0.47187686,0.1927512,-0.86033666,-0.863803,-0.2964959,0.4073506,-0.17656896,0.93538076,0.30640864
1356422831566,-0.42588246,0.16213295,-0.89013314,-0.8914827,-0.24323475,0.38222426,-0.15454018,0.95632094,0.24812818
1356422831608,-0.37728292,0.12509945,-0.9176098,-0.91657495,-0.19216895,0.35065866,-0.13246885,0.97335565,0.18716508
1356422831648,-0.33703655,0.08533883,-0.93761593,-0.9347726,-0.1490969,0.3224442,-0.11227864,0.9851332,0.13002348
1356422831688,-0.31510878,0.046934456,-0.94789433,-0.94422317,-0.11616629,0.30813637,-0.09565112,0.99212027,0.08092159
1356422831728,-0.31982404,0.0131545365,-0.94738567,-0.943761,-0.09289408,0.31731057,-0.08383238,0.99558914,0.04212445
1356422831768,-0.3530091,-0.01399672,-0.93551517,-0.932444,-0.07705289,0.35300305,-0.077025026,0.9969288,0.014149129
1356422831808,-0.4106468,-0.033699512,-0.91117156,-0.90875345,-0.066422164,0.41201362,-0.07440665,0.9972223,-0.0033485293
1356422831848,-0.4848696,-0.04594341,-0.87337893,-0.87139,-0.05992341,0.48691761,-0.074706495,0.9971452,-0.010979533
1356422831888,-0.5659085,-0.051512837,-0.82285726,-0.8209011,-0.057533026,0.5681649,-0.07660928,0.99701375,-0.009728491
1356422831928,-0.64371806,-0.05238667,-0.7634676,-0.761165,-0.05927503,0.64584386,-0.07908815,0.9968662,-0.0017185807
1356422831968,-0.71013,-0.05162072,-0.7021758,-0.69927776,-0.064460516,0.7119379,-0.08201331,0.9965843,0.009678006
1356422832008,-0.7612175,-0.052185655,-0.64639366,-0.64276135,-0.07155782,0.7627171,-0.086057395,0.9960704,0.020928085
1356422832048,-0.7972314,-0.055627316,-0.6011056,-0.5966383,-0.07897389,0.798615,-0.091896445,0.9953234,0.02977103
1356422832088,-0.82041514,-0.061774075,-0.56842154,-0.56299645,-0.086194694,0.8219523,-0.09977025,0.99436134,0.035936773
1356422832128,-0.8331523,-0.06909059,-0.54871106,-0.5421398,-0.09401435,0.83501244,-0.10927816,0.9931706,0.04087144
1356422832168,-0.83728766,-0.07500833,-0.54159313,-0.533643,-0.10358155,0.8393426,-0.11905676,0.9917886,0.04669988
1356422832208,-0.83356637,-0.07685259,-0.5470474,-0.5374732,-0.115965724,0.83526915,-0.12763134,0.99027556,0.055358827
1356422832248,-0.8207204,-0.07238433,-0.56672615,-0.5553098,-0.13218784,0.82107085,-0.13434698,0.98857814,0.06829363
1356422832288,-0.79545,-0.059679538,-0.6030735,-0.58970165,-0.15314633,0.7929679,-0.13968247,0.98639977,0.086627185
1356422832328,-0.75288963,-0.03641194,-0.6571387,-0.64205927,-0.17877716,0.74551904,-0.14462721,0.9832156,0.111220896
1356422832392,-0.6892135,1.8069148E-4,-0.72455835,-0.7088686,-0.20714498,0.67423755,-0.1499668,0.9783103,0.14289522
1356422832409,-0.60742337,0.05162263,-0.7926991,-0.77894175,-0.23447168,0.5816121,-0.15584114,0.9707513,0.18263465
1356422832449,-0.5251678,0.11531341,-0.8431498,-0.83558476,-0.2575916,0.48522633,-0.16123521,0.9593484,0.23163295
1356422832489,-0.46664375,0.18434131,-0.86502135,-0.8691484,-0.27669275,0.40990517,-0.16378269,0.94311154,0.28933686
1356422832530,-0.43980235,0.25027862,-0.8625163,-0.88339794,-0.29358816,0.36525884,-0.16180813,0.9225869,0.35021645
1356422832569,-0.42963445,0.3063253,-0.8494581,-0.8892697,-0.30696553,0.3390745,-0.15688726,0.9010755,0.40428874
1356422832609,-0.40959668,0.34984386,-0.84251994,-0.89944315,-0.3091746,0.30889013,-0.15242243,0.8843192,0.44130152
1356422832649,-0.35972607,0.38131425,-0.8515848,-0.921013,-0.2912879,0.2586239,-0.14943936,0.87735444,0.45597926
1356422832688,-0.27108943,0.40065852,-0.8752046,-0.9514029,-0.24953496,0.18045723,-0.14609247,0.8815923,0.44883406
1356422832728,-0.13987589,0.4051227,-0.903499,-0.9801077,-0.18639588,0.068157494,-0.14079633,0.8950599,0.4231362
1356422832768,0.029474854,0.39005458,-0.9203199,-0.99061394,-0.11154699,-0.07900253,-0.1334742,0.9140103,0.3831056
1356422832808,0.21828347,0.35307485,-0.9097749,-0.9679281,-0.040477216,-0.24794507,-0.12436828,0.9347191,0.33291554
1356422832848,0.39670336,0.29899922,-0.8678858,-0.91086996,0.011045516,-0.4125457,-0.11376464,0.9541894,0.27673122
1356422832888,0.5389264,0.23937231,-0.80762565,-0.8360742,0.035161853,-0.5474885,-0.10265601,0.97029096,0.21908268
1356422832928,0.6369659,0.18508142,-0.7483444,-0.7653302,0.035425022,-0.64266235,-0.092434734,0.9820846,0.16421291
1356422832968,0.69663006,0.14133549,-0.70337105,-0.71248,0.021315828,-0.7013685,-0.084135324,0.9897322,0.115547955
1356422833008,0.7273307,0.1085971,-0.67764056,-0.68182385,0.0019149184,-0.7315138,-0.07814267,0.99408394,0.07543688
1356422833048,0.7364483,0.08534974,-0.6710882,-0.6723988,-0.016634673,-0.74000204,-0.07432234,0.9962121,0.045138516
1356422833088,0.727929,0.06993994,-0.6820761,-0.6818236,-0.031146437,-0.7308532,-0.07236007,0.9970648,0.025014311
1356422833128,0.70234555,0.061309874,-0.7091909,-0.7081647,-0.040875718,-0.7048629,-0.072203815,0.9972814,0.014708638
1356422833168,0.65836287,0.058604985,-0.7504157,-0.7490374,-0.047229916,-0.6608421,-0.07417074,0.99716336,0.012802914
1356422833208,0.5961709,0.060322255,-0.80058825,-0.7990004,-0.05305192,-0.5989858,-0.07860491,0.9967681,0.016569465
1356422833248,0.5217122,0.06396437,-0.8507203,-0.84883106,-0.060964048,-0.5251374,-0.08545339,0.9960884,0.022489235
1356422833288,0.4477085,0.06726995,-0.89164555,-0.8891821,-0.07178432,-0.45188728,-0.09440467,0.99514914,0.02767685
1356422833328,0.3887727,0.06981474,-0.9186847,-0.9153066,-0.08460012,-0.3937722,-0.10521194,0.9939661,0.0310117
1356422833393,0.35539326,0.07321873,-0.9318447,-0.92731667,-0.09757981,-0.36133355,-0.117385656,0.99253064,0.033217758
1356422833410,0.35214123,0.079927295,-0.93252784,-0.9269092,-0.108345,-0.35930577,-0.12975305,0.99089503,0.0359326
1356422833449,0.37757078,0.091745466,-0.9214245,-0.9151453,-0.114810735,-0.3864294,-0.1412425,0.9891417,0.040611222
1356422833479,0.43019542,0.10799998,-0.89625216,-0.8900241,-0.11528191,-0.44109768,-0.1509602,0.9874442,0.04652886
1356422833509,0.48282608,0.12614927,-0.8665825,-0.86108696,-0.11173257,-0.49602917,-0.15939924,0.9856988,0.054678127
1356422833548,0.5310991,0.14828971,-0.83423257,-0.83065057,-0.103155136,-0.54715514,-0.16719285,0.98354936,0.06839134
1356422833588,0.57955563,0.17670554,-0.795544,-0.7961017,-0.08588198,-0.59903795,-0.17417619,0.9805098,0.09090218
1356422833628,0.6196646,0.21182755,-0.75574124,-0.7640333,-0.057578206,-0.6426023,-0.17963514,0.9756094,0.12616417
1356422833668,0.64676774,0.2538697,-0.7191951,-0.74050134,-0.016763806,-0.6718458,-0.18261775,0.9670931,0.17714858
1356422833708,0.6624348,0.30112457,-0.685933,-0.7264856,0.034854054,-0.6862973,-0.18275341,0.9529476,0.24185121
1356422833749,0.67214274,0.34807938,-0.6535019,-0.7179504,0.09059912,-0.69017315,-0.18102837,0.93307686,0.31079933
1356422833788,0.6833667,0.38576192,-0.6198368,-0.70781034,0.1419971,-0.69198364,-0.17892584,0.91160554,0.37008232
1356422833828,0.70175564,0.4058076,-0.58554184,-0.69020855,0.18364999,-0.6999178,-0.1764972,0.8953172,0.40896928
1356422833868,0.7280657,0.40468317,-0.5533099,-0.66351193,0.21319242,-0.71714777,-0.17225614,0.88925844,0.4237302
1356422833908,0.75840676,0.3847707,-0.52608997,-0.6304732,0.2283785,-0.74185365,-0.16529588,0.89431244,0.41579142
1356422833948,0.7872195,0.35240433,-0.5060599,-0.5965198,0.22708488,-0.7698029,-0.15636334,0.90787864,0.38898182
1356422833988,0.810728,0.31393194,-0.4941324,-0.56679076,0.20966168,-0.79673725,-0.14652063,0.92600685,0.3479123
1356422834028,0.82751644,0.2736665,-0.49022767,-0.54471,0.1797658,-0.8191307,-0.13604257,0.944876,0.29782808
1356422834068,0.83763707,0.23396282,-0.4935844,-0.5317736,0.14279157,-0.83476186,-0.12482357,0.9617026,0.24402279
1356422834108,0.8414285,0.19644828,-0.5033946,-0.5283867,0.10402762,-0.84260654,-0.11316162,0.97498024,0.19133246
1356422834148,0.83913606,0.16260849,-0.5190464,-0.5342908,0.067643665,-0.8425899,-0.10190204,0.98436934,0.14364246
1356422834188,0.8308282,0.1337814,-0.54021025,-0.5488663,0.03644549,-0.8351154,-0.09203467,0.99034053,0.10370803
1356422834228,0.8164416,0.1108281,-0.56669235,-0.571257,0.011931062,-0.8206845,-0.08419368,0.9937679,0.07305235
1356422834268,0.7957493,0.094269514,-0.5982443,-0.600476,-0.005738646,-0.79962224,-0.078813106,0.9955302,0.05204007
1356422834308,0.76810175,0.08464548,-0.6347084,-0.63574266,-0.017598912,-0.7717004,-0.07649115,0.99625564,0.040295005
1356422834348,0.732952,0.08173615,-0.6753522,-0.67586744,-0.02540119,-0.7365853,-0.07736042,0.9963302,0.036624946
1356422834393,0.6908384,0.083652586,-0.7181536,-0.718505,-0.031266928,-0.69481856,-0.08057785,0.9960043,0.038504414
1356422834448,0.64385456,0.08737257,-0.7601429,-0.76040554,-0.037370667,-0.6483725,-0.08505705,0.9954745,0.042377308
1356422834478,0.5944364,0.09133533,-0.7989388,-0.7989155,-0.04601951,-0.59968007,-0.09153879,0.9947562,0.045613572
1356422834518,0.5425073,0.093357,-0.83484745,-0.8342531,-0.05668664,-0.54846,-0.09852728,0.9940176,0.047130436
1356422834556,0.49534833,0.094730705,-0.86351377,-0.8621607,-0.068075895,-0.50204027,-0.10634315,0.9931725,0.047951847
1356422834598,0.45440918,0.0969705,-0.88549936,-0.8833765,-0.07895309,-0.46196592,-0.11470997,0.9921508,0.049784407
1356422834638,0.42069897,0.10129413,-0.9015275,-0.8988428,-0.08803716,-0.42933786,-0.12285733,0.99095356,0.05401036
1356422834678,0.39446276,0.108907044,-0.91243535,-0.9095724,-0.09493297,-0.40455613,-0.13067919,0.9895084,0.061611325
1356422834718,0.37549266,0.121119946,-0.9188771,-0.9163629,-0.10003063,-0.38765058,-0.13886806,0.9875848,0.07342905
1356422834758,0.36237046,0.1397771,-0.92149335,-0.9201714,-0.10358837,-0.37756342,-0.14823073,0.9847496,0.091081515
1356422834798,0.35252747,0.16741005,-0.9207053,-0.9222007,-0.104983,-0.3721889,-0.15896654,0.98028183,0.1173763
1356422834838,0.34183082,0.2071642,-0.91664314,-0.92418635,-0.10274187,-0.36786377,-0.17038584,0.9728962,0.15633799
1356422834878,0.32649663,0.26052067,-0.9085862,-0.9277948,-0.095280856,-0.36071914,-0.18054563,0.96075517,0.21060082
1356422834918,0.30583447,0.3233338,-0.8955002,-0.9334714,-0.083242,-0.34885836,-0.18734083,0.9426167,0.27636445
1356422834958,0.28361356,0.384751,-0.8783678,-0.9398247,-0.07044768,-0.33431536,-0.19050714,0.9203281,0.34161854
1356422834999,0.2656803,0.43235612,-0.86167395,-0.94499755,-0.060072064,-0.32151338,-0.19077083,0.89969957,0.39261556
1356422835038,0.25579,0.4585192,-0.8510767,-0.9483415,-0.051890492,-0.3129789,-0.1876696,0.8871683,0.4215597
1356422835078,0.25351965,0.4620952,-0.84982103,-0.95030385,-0.045129895,-0.30803543,-0.18069404,0.8856812,0.42768955
1356422835118,0.25541526,0.44602776,-0.85780096,-0.9515976,-0.0409047,-0.30461287,-0.1709539,0.894084,0.4139912
1356422835158,0.25743777,0.4144835,-0.8728856,-0.95300156,-0.04041618,-0.30025747,-0.15973043,0.90915895,0.38459873
1356422835198,0.25717878,0.3709015,-0.8923515,-0.95511425,-0.042929888,-0.29311082,-0.1470238,0.9276794,0.3432126
1356422835238,0.25203335,0.31913227,-0.9135829,-0.95855314,-0.047295928,-0.2809608,-0.13287243,0.94652927,0.2939851
1356422835278,0.23984814,0.26345664,-0.9343787,-0.9635833,-0.052617192,-0.26218063,-0.118237555,0.9632352,0.24124226
1356422835318,0.21890146,0.20796075,-0.95332813,-0.97015274,-0.058085203,-0.23543555,-0.10433555,0.97641104,0.18903872
1356422835358,0.18735951,0.1564883,-0.96974635,-0.97797084,-0.06277567,-0.19907874,-0.09202993,0.9856829,0.14127934
1356422835397,0.14312583,0.11255157,-0.9832839,-0.9863212,-0.06585878,-0.15110645,-0.081765145,0.9914609,0.101585865
1356422835438,0.0832715,0.07884073,-0.9934032,-0.99380577,-0.067047596,-0.088626444,-0.07359266,0.9946299,0.072769195
1356422835478,0.008865535,0.05619359,-0.99838054,-0.99771094,-0.066438556,-0.012599081,-0.06703901,0.9962069,0.05547601
1356422835518,-0.077614665,0.043401748,-0.9960383,-0.9950702,-0.065237164,0.07469654,-0.061736792,0.9969255,0.048251122
1356422835558,-0.1698131,0.036924183,-0.98478425,-0.98374254,-0.06560171,0.16717374,-0.05843076,0.99716246,0.047463953
1356422835598,-0.25731474,0.03195378,-0.9657992,-0.964548,-0.069122136,0.25469443,-0.05861965,0.9970963,0.04860711
1356422835638,-0.3307647,0.024566859,-0.94339335,-0.94159627,-0.075511456,0.32816827,-0.06317493,0.99684227,0.048108637
1356422835678,-0.3849616,0.013519794,-0.9228335,-0.92010653,-0.08380991,0.38259622,-0.07217002,0.99639,0.044703305
1356422835718,-0.41845757,1.01685524E-4,-0.9082363,-0.90422595,-0.09391695,0.41659933,-0.0852564,0.99558,0.039392233
1356422835758,-0.43183774,-0.012816757,-0.90186024,-0.8962506,-0.10614425,0.43066016,-0.10124695,0.9942682,0.034350038
1356422835798,-0.42641807,-0.021656781,-0.90426695,-0.8967879,-0.12036699,0.4257739,-0.11806476,0.9924933,0.031905115
1356422835838,-0.40370977,-0.023076952,-0.914596,-0.90500915,-0.13643146,0.40292045,-0.13407785,0.99038064,0.034193873
1356422835878,-0.36504692,-0.014274508,-0.9308796,-0.91904473,-0.15412712,0.3627693,-0.1486522,0.9879479,0.043144763
1356422835918,-0.31326532,0.0067381263,-0.9496417,-0.93577313,-0.17260772,0.30746567,-0.16184375,0.9849676,0.06037742
1356422835958,-0.25336623,0.04102692,-0.9665,-0.95164526,-0.18998343,0.24140748,-0.17371482,0.9809296,0.08717853
1356422835998,-0.19319516,0.08875072,-0.97713816,-0.9637916,-0.20372432,0.17205265,-0.18379703,0.9749973,0.12489572
1356422836038,-0.14231253,0.14852199,-0.97861564,-0.97128737,-0.21138543,0.1091654,-0.19065157,0.96605253,0.17434028
1356422836078,-0.10713136,0.21566772,-0.9705721,-0.9754131,-0.2118944,0.060581326,-0.1925933,0.9531989,0.2330656
1356422836118,-0.08481324,0.28125182,-0.95587873,-0.9781779,-0.20611757,0.0261451,-0.18967012,0.93723685,0.2925958
1356422836158,-0.065604806,0.33480752,-0.94,-0.9807844,-0.19509196,-0.0010362864,-0.1837334,0.92186934,0.34117293
1356422836198,-0.040540516,0.36901158,-0.9285402,-0.98356456,-0.17838073,-0.027947426,-0.17594662,0.9121462,0.3701784
1356422836239,-0.0064129233,0.38153186,-0.92433345,-0.9860898,-0.15594113,-0.057525545,-0.16608945,0.9111068,0.37722474
1356422836278,0.034140944,0.374013,-0.92679477,-0.98742515,-0.13060051,-0.08907893,-0.15435657,0.9181818,0.36485106
1356422836318,0.075651765,0.35032636,-0.9335675,-0.9870004,-0.106832206,-0.12007111,-0.14179912,0.9305151,0.33769017
1356422836358,0.11267471,0.31515917,-0.9423264,-0.9852145,-0.08774668,-0.14714965,-0.12906155,0.9449737,0.3006125
1356422836397,0.14137411,0.27294937,-0.95158386,-0.98313594,-0.07392818,-0.16726696,-0.11600432,0.9591836,0.2578949
1356422836438,0.15776944,0.22820598,-0.960745,-0.9821226,-0.06490904,-0.17669791,-0.10268453,0.9714468,0.21388552
1356422836478,0.15974844,0.1846245,-0.9697392,-0.9830803,-0.059439063,-0.1732625,-0.089628935,0.9810101,0.17200544
1356422836518,0.14700305,0.1444928,-0.9785254,-0.9860981,-0.056066334,-0.15641966,-0.077463835,0.98791623,0.13424212
1356422836558,0.11830813,0.10960513,-0.9869093,-0.99072844,-0.05381751,-0.124742806,-0.066785455,0.9925172,0.10222188
1356422836598,0.07329786,0.08146387,-0.9939774,-0.9956302,-0.051846504,-0.077668935,-0.057861477,0.9953269,0.07730761
1356422836638,0.012350202,0.06108436,-0.9980562,-0.9986311,-0.049981356,-0.015416324,-0.050825953,0.99688035,0.06038347
1356422836678,-0.062526464,0.048611283,-0.9968587,-0.99698424,-0.0490427,0.060142845,-0.045965075,0.99761295,0.051531196
1356422836718,-0.14669496,0.042817473,-0.98825467,-0.9882184,-0.050423563,0.14450493,-0.04364398,0.99780965,0.049709916
1356422836758,-0.23255968,0.040705353,-0.97173,-0.9715785,-0.055102825,0.23021519,-0.044174075,0.9976506,0.052363157
1356422836798,-0.3114316,0.03837359,-0.9494935,-0.9490739,-0.0626477,0.308762,-0.047635227,0.9972977,0.05592984
1356422836838,-0.3770061,0.03310144,-0.925619,-0.9246424,-0.071582615,0.37404847,-0.053876758,0.9968852,0.05759418
1356422836878,-0.42698234,0.024563193,-0.90392625,-0.9020759,-0.08100551,0.423907,-0.06281048,0.99641085,0.056745768
1356422836918,-0.46169865,0.014515609,-0.88691807,-0.8839303,-0.09113574,0.45865178,-0.07417232,0.99573267,0.054908037
1356422836958,-0.4821456,0.00566712,-0.87607276,-0.8717687,-0.102313936,0.47911498,-0.08691922,0.99473596,0.054270625
1356422836998,-0.48860568,5.349815E-4,-0.8725046,-0.8667921,-0.11454308,0.4853364,-0.09967971,0.9934181,0.05643004
1356422837038,-0.4804417,0.0010185838,-0.8770261,-0.86986744,-0.1280663,0.47637135,-0.11183226,0.9917651,0.062414408
1356422837078,-0.4567675,0.008754402,-0.889543,-0.8809413,-0.14351755,0.4509382,-0.12371737,0.989609,0.07326627
1356422837118,-0.41863185,0.025772601,-0.9077903,-0.8979138,-0.16144955,0.4094936,-0.13600859,0.9865445,0.090729415
1356422837158,-0.37101626,0.054875076,-0.9270036,-0.9166203,-0.18164325,0.35610795,-0.14884248,0.98183215,0.11769223
1356422837198,-0.32474792,0.09896535,-0.9406086,-0.9319454,-0.20308626,0.30038932,-0.16129658,0.9741467,0.15818217
1356422837238,-0.2919157,0.15813443,-0.9432808,-0.940974,-0.22414786,0.253625,-0.17132756,0.9616399,0.21423268
1356422837278,-0.2779845,0.22614503,-0.9335861,-0.9441042,-0.24358463,0.22211215,-0.1771777,0.9431462,0.28121725
1356422837318,-0.27594507,0.29092997,-0.9160864,-0.94431704,-0.25977194,0.20195058,-0.17922002,0.9208032,0.34641278
1356422837358,-0.27314174,0.34117478,-0.89944065,-0.94521564,-0.26894766,0.18502575,-0.1787763,0.9007036,0.39594454
1356422837402,-0.25986022,0.3711977,-0.891451,-0.9496573,-0.2655347,0.16625959,-0.17499599,0.88977724,0.4215125
1356422837458,-0.23869276,0.38226268,-0.89269316,-0.9565699,-0.2509541,0.14831072,-0.16733131,0.8893241,0.42556185
1356422837478,-0.20538294,0.3754031,-0.9038199,-0.9663045,-0.22419381,0.12646261,-0.1551564,0.8993385,0.4087993
1356422837518,-0.16571611,0.35253847,-0.9210075,-0.9761404,-0.19151765,0.10232797,-0.14031461,0.91599,0.3758646
1356422837556,-0.12397772,0.31664166,-0.9404081,-0.98447835,-0.15789592,0.07662308,-0.124224514,0.9353111,0.33130246
1356422837598,-0.08299196,0.2704712,-0.95914423,-0.99073374,-0.12622857,0.0501298,-0.10751268,0.954417,0.27844083
1356422837638,-0.049021125,0.21799937,-0.974717,-0.99461234,-0.0999012,0.0276784,-0.091341525,0.97082233,0.22172213
1356422837678,-0.026025414,0.16334131,-0.9862263,-0.9966855,-0.080305815,0.013000965,-0.07707608,0.9832958,0.1648899
1356422837718,-0.02145344,0.111156225,-0.9935714,-0.9975842,-0.0680573,0.013926119,-0.06607178,0.99146986,0.11234778
1356422837758,-0.041460812,0.065665305,-0.99698,-0.9974043,-0.06151384,0.03742689,-0.058870375,0.99594384,0.06804523
1356422837798,-0.08991057,0.029699951,-0.9955069,-0.99443066,-0.05786431,0.08808711,-0.054988146,0.9978826,0.03473717
1356422837838,-0.16666257,0.004445404,-0.98600394,-0.9845532,-0.05516219,0.16616866,-0.053651392,0.99846745,0.0135701895
1356422837878,-0.26547122,-0.010885209,-0.9640573,-0.96257603,-0.053551912,0.265668,-0.054518968,0.9985057,0.0037386417
1356422837918,-0.37270492,-0.01931104,-0.9277489,-0.9261446,-0.05459243,0.37319675,-0.05785486,0.998322,0.0024620295
1356422837958,-0.472497,-0.025237799,-0.88097084,-0.8790053,-0.05909425,0.47313577,-0.06400123,0.9979333,0.005737722
1356422837998,-0.55467606,-0.03200686,-0.83145046,-0.82889783,-0.06586677,0.5555087,-0.07254508,0.9973149,0.010004342
1356422838038,-0.6172933,-0.04032749,-0.78569895,-0.7824142,-0.07303423,0.61846113,-0.08232385,0.99651384,0.013530612
1356422838078,-0.6624336,-0.048939258,-0.7475203,-0.7434015,-0.08012211,0.6640291,-0.09239003,0.99558294,0.016694069
1356422838118,-0.69245774,-0.056010246,-0.7192811,-0.7141735,-0.08810711,0.6944015,-0.102267325,0.9945351,0.021009386
1356422838158,-0.70852566,-0.059794813,-0.7031472,-0.6968224,-0.0981372,0.7104981,-0.11148903,0.9933748,0.027866423
1356422838198,-0.709895,-0.05880207,-0.7018485,-0.69407743,-0.110820055,0.71131957,-0.11960593,0.9920994,0.037857413
1356422838238,-0.69444185,-0.05152905,-0.71770144,-0.7082941,-0.12677121,0.69444114,-0.12676775,0.99059266,0.051537454
1356422838278,-0.65793496,-0.035692632,-0.7522285,-0.741129,-0.14652061,0.6551791,-0.133602,0.9885635,0.06994814
1356422838318,-0.5976613,-0.007852763,-0.80171025,-0.7893108,-0.16968864,0.59007984,-0.14067486,0.9854664,0.09521806
1356422838358,-0.5177606,0.035752505,-0.8547782,-0.84264326,-0.19404429,0.50229394,-0.14790654,0.9803411,0.13059509
1356422838401,-0.43601567,0.09662855,-0.8947365,-0.8866313,-0.21647,0.40868783,-0.15419269,0.9714956,0.18005818
1356422838439,-0.36498684,0.16939676,-0.91547215,-0.9174725,-0.23253459,0.32275668,-0.158205,0.95772254,0.24028897
1356422838479,-0.31680524,0.24322864,-0.9167739,-0.93483496,-0.24349475,0.25844514,-0.16036835,0.93890905,0.30451903
1356422838518,-0.2722608,0.30810124,-0.9115633,-0.9483995,-0.24593198,0.20013976,-0.16251922,0.91901636,0.35916063
1356422838558,-0.21248335,0.35707757,-0.90958595,-0.9632195,-0.23323655,0.13345039,-0.16449645,0.9044869,0.39350286
1356422838598,-0.12834728,0.38694155,-0.91312826,-0.9780842,-0.20159912,0.05204892,-0.16394591,0.89979666,0.4043361
1356422838638,-0.020359457,0.3960535,-0.9180018,-0.9869836,-0.15446877,-0.044753134,-0.15952721,0.9051415,0.39404315
1356422838678,0.103824496,0.38406432,-0.9174503,-0.982903,-0.10140681,-0.15368268,-0.15205976,0.9177207,0.3669695
1356422838718,0.2312684,0.35330507,-0.90647143,-0.96233654,-0.053789794,-0.26648635,-0.14290982,0.9339605,0.32755846
1356422838758,0.34734356,0.30950934,-0.88518715,-0.9282741,-0.020284057,-0.37134305,-0.13288936,0.95068,0.28026402
1356422838798,0.4410984,0.26019877,-0.8589114,-0.88905686,-0.003960669,-0.45777965,-0.12251556,0.96554697,0.22958449
1356422838838,0.50774556,0.21193507,-0.83503175,-0.8541479,-0.002579093,-0.52002376,-0.11236492,0.9772803,0.17971437
1356422838878,0.54767036,0.16857672,-0.81953585,-0.83033365,-0.011040837,-0.5571573,-0.10297206,0.9856267,0.13392818
1356422838918,0.5629746,0.13162175,-0.8159261,-0.8210242,-0.024122894,-0.57038355,-0.09475738,0.9910065,0.094484046
1356422838958,0.55461013,0.101403326,-0.82590854,-0.827441,-0.03779438,-0.5602794,-0.08802894,0.9941272,0.06294416
1356422838998,0.52112144,0.07783955,-0.8499256,-0.849442,-0.04948306,-0.5253568,-0.08295041,0.99573714,0.040333465
1356422839038,0.45889494,0.06070763,-0.88641405,-0.8849151,-0.05818346,-0.46210364,-0.0796279,0.9964583,0.027021036
1356422839078,0.36417302,0.049434036,-0.9300184,-0.9280578,-0.06439087,-0.36682788,-0.07801843,0.9966997,0.022428185
1356422839118,0.23936757,0.04255244,-0.9699961,-0.9678068,-0.06959626,-0.24188045,-0.07780075,0.99666727,0.024523467
1356422839158,0.099573374,0.037572652,-0.9943205,-0.9919014,-0.075435996,-0.10218167,-0.07884678,0.99644256,0.029756933
1356422839198,-0.030290544,0.032091558,-0.9990259,-0.9962123,-0.0824725,0.027556002,-0.08150786,0.9960765,0.034468144
1356422839238,-0.12965053,0.02533558,-0.991236,-0.98781157,-0.09013909,0.1268987,-0.08613405,0.99560684,0.03671336
1356422839278,-0.19090194,0.018617123,-0.9814325,-0.97721434,-0.098107815,0.18822044,-0.09278208,0.9950016,0.03692192
1356422839318,-0.21495038,0.014483303,-0.97651756,-0.9713564,-0.106891215,0.21222895,-0.10130736,0.99416524,0.037044764
1356422839358,-0.20439595,0.015705615,-0.9787623,-0.9725684,-0.1166932,0.2012299,-0.11105448,0.9930438,0.039126396
1356422839400,-0.16175789,0.024708748,-0.9865211,-0.9793534,-0.1268484,0.15740556,-0.12124932,0.9916144,0.044717282
1356422839439,-0.08594191,0.043066174,-0.99536896,-0.987625,-0.13523751,0.07942197,-0.13119078,0.98987687,0.054155767
1356422839479,0.008077502,0.07063228,-0.99746966,-0.9899284,-0.14042443,-0.017960072,-0.14133772,0.98756874,0.06878668
1356422839519,0.110268,0.107542425,-0.9880667,-0.98221076,-0.14024097,-0.124878526,-0.15199712,0.9842597,0.0901652
1356422839558,0.2018506,0.15312055,-0.9673729,-0.96576846,-0.13319576,-0.2225987,-0.16293442,0.97919,0.120993346
1356422839598,0.26976788,0.2070733,-0.94039667,-0.9472647,-0.11834699,-0.2977978,-0.17295912,0.97114086,0.16422705
1356422839638,0.3097102,0.26841447,-0.91215855,-0.93362033,-0.09585267,-0.3452031,-0.18009037,0.95852274,0.22091068
1356422839678,0.3273257,0.33303088,-0.8842784,-0.92704874,-0.06792104,-0.3687376,-0.18286204,0.9404665,0.28650355
1356422839718,0.33592284,0.39233965,-0.8562858,-0.924195,-0.038091123,-0.3800166,-0.18171248,0.9190314,0.34980267
1356422839758,0.35087335,0.43615595,-0.828647,-0.9193487,-0.0077667236,-0.39336708,-0.17800525,0.8998376,0.39825428
1356422839798,0.3819394,0.45747817,-0.80301684,-0.9080738,0.024220288,-0.41810942,-0.17182666,0.888891,0.42467457
1356422839838,0.4299731,0.4542716,-0.780231,-0.8881332,0.057463378,-0.4559796,-0.16230378,0.88900805,0.42816138
1356422839878,0.48776126,0.42935875,-0.760092,-0.8600519,0.087072015,-0.5027218,-0.14966527,0.89892685,0.41174117
1356422839919,0.5454288,0.3887413,-0.7425548,-0.8271784,0.10673541,-0.5517094,-0.13521543,0.9151435,0.37977505
1356422839958,0.5950681,0.33923945,-0.7285675,-0.7946665,0.11301309,-0.59643376,-0.11999616,0.9338869,0.3368327
1356422839998,0.63244814,0.28662205,-0.71962297,-0.76751435,0.106485546,-0.63212544,-0.10455164,0.9521075,0.28733313
1356422840038,0.6561147,0.23504823,-0.71712327,-0.7493175,0.09002474,-0.65606314,-0.08964765,0.9678057,0.23519233
1356422840078,0.66517776,0.1877226,-0.72270244,-0.74274886,0.06709814,-0.66619974,-0.07656872,0.9799276,0.1840629
1356422840118,0.65947425,0.14656031,-0.7373017,-0.748783,0.041349486,-0.6615242,-0.06646609,0.98833716,0.13701075
