1356423668197,-0.5321556,0.6454199,-0.5479448,-0.33504134,0.4338255,0.8363867,0.77753305,0.628672,-0.0146202445
1356423668358,0.1000973,-0.114008784,0.98842424,0.6201662,-0.769686,-0.15158261,0.7780581,0.6281603,-0.006339051
1356423668400,0.10104692,-0.12525332,0.9869656,0.6195426,-0.7682891,-0.16093127,0.7784321,0.6277288,-3.349036E-5
1356423668438,0.10021144,-0.13425292,0.98586714,0.619178,-0.76719725,-0.16741323,0.7788302,0.6272039,0.006244451
1356423668478,0.098985374,-0.14356028,0.9846788,0.61870474,-0.76613665,-0.17389375,0.77936274,0.6264384,0.012985144
1356423668521,0.09856105,-0.15398,0.98314583,0.6178745,-0.7649815,-0.1817535,0.78007483,0.6253746,0.019742962
1356423668558,0.09989953,-0.16523737,0.98118126,0.6165695,-0.7636841,-0.19138578,0.7809366,0.6240858,0.025588695
1356423668598,0.10363507,-0.17654437,0.9788217,0.6147984,-0.76222557,-0.20257144,0.78184575,0.6227715,0.029545847
1356423668637,0.10955453,-0.18677323,0.9762754,0.61260164,-0.7607879,-0.21429208,0.78276247,0.6215446,0.031069785
1356423668679,0.110165596,-0.18659343,0.97624093,0.61133677,-0.76172376,-0.21457914,0.783665,0.6204512,0.030155689
1356423668717,0.12344372,-0.19955412,0.9720801,0.60766685,-0.7592359,-0.2330274,0.7845397,0.6194666,0.027539551
1356423668758,0.13477612,-0.20781533,0.9688386,0.6040203,-0.75786173,-0.24658678,0.78549016,0.61843216,0.023383021
1356423668799,0.14452708,-0.21214269,0.9664923,0.60044175,-0.75755996,-0.25607127,0.7864996,0.61733156,0.017891467
1356423668838,0.15358728,-0.21341959,0.9648124,0.59713566,-0.75790083,-0.26270735,0.78729904,0.6164725,0.011036579
1356423668878,0.16238678,-0.21254893,0.9635629,0.5944914,-0.75831646,-0.2674625,0.7875344,0.61626226,0.0032179058
1356423668919,0.17140257,-0.210363,0.9624804,0.59257364,-0.75845474,-0.27129847,0.78706896,0.6168418,-0.005345527
1356423668958,0.18041736,-0.20749342,0.96145517,0.5911661,-0.7583661,-0.27459687,0.7861121,0.6179217,-0.014159288
1356423669003,0.18864566,-0.20452084,0.9605124,0.5899908,-0.7582848,-0.27733558,0.7850629,0.6190116,-0.022381723
1356423669038,0.19548744,-0.20180307,0.9597188,0.58890337,-0.7583652,-0.27941898,0.78420496,0.6198045,-0.029408336
1356423669078,0.20066261,-0.19947568,0.9591371,0.58785605,-0.7586782,-0.28077173,0.78368354,0.6201749,-0.034975406
1356423669118,0.20402497,-0.19761108,0.95881367,0.5868043,-0.75927705,-0.28135216,0.78360355,0.62003887,-0.03895244
1356423669158,0.20522785,-0.1963647,0.958813,0.58578163,-0.76017225,-0.28106594,0.78405446,0.6193376,-0.040981676
1356423669198,0.20402563,-0.19592518,0.9591595,0.5851583,-0.76106995,-0.27993268,0.7848333,0.6183736,-0.040630523
1356423669240,0.20037776,-0.19650799,0.95980895,0.5859423,-0.7611185,-0.27815503,0.7851881,0.61812884,-0.037368864
1356423669275,0.19569457,-0.19787589,0.96049404,0.58866954,-0.7596395,-0.2764346,0.78432894,0.61951035,-0.03217387
1356423669318,0.19016534,-0.1998452,0.96119666,0.5942965,-0.7558666,-0.2747314,0.78144014,0.62348026,-0.02497232
1356423669358,0.18434083,-0.20191965,0.96189755,0.6023338,-0.7501456,-0.27290207,0.77666754,0.6296904,-0.016659439
1356423669398,0.17842072,-0.20342381,0.9626966,0.61192614,-0.74323434,-0.27046096,0.7705274,0.637355,-0.008128051
1356423669438,0.17245454,-0.20376278,0.9637117,0.62205195,-0.73606503,-0.26694536,0.7637479,0.64551467,-1.8676743E-4
1356423669478,0.16642898,-0.20272796,0.96498847,0.6318785,-0.72936773,-0.26220638,0.75698805,0.6533942,0.0067115463
1356423669518,0.16032761,-0.20062736,0.9664594,0.6408286,-0.7235608,-0.25651222,0.7507554,0.6604608,0.012560934
1356423669558,0.154244,-0.19814324,0.9679607,0.64843565,-0.71888024,-0.25048387,0.7454796,0.6662959,0.017600294
1356423669598,0.14861637,-0.1960552,0.96926546,0.65432703,-0.71541166,-0.24503495,0.74146426,0.67063284,0.021962374
1356423669638,0.14435846,-0.19502534,0.9701164,0.6583476,-0.7129887,-0.24129982,0.7387415,0.67350745,0.025468495
1356423669678,0.14243901,-0.19549945,0.97030467,0.66066813,-0.7111856,-0.24027641,0.7370406,0.6752741,0.027859688
1356423669718,0.14378434,-0.19783734,0.9696321,0.6617775,-0.7092774,-0.24284962,0.7357829,0.67659867,0.028941363
1356423669758,0.14899385,-0.20215951,0.96795267,0.66229475,-0.7064825,-0.2494957,0.7342796,0.67824334,0.028627634
1356423669798,0.1582843,-0.20846981,0.96513546,0.66273546,-0.7021384,-0.26035237,0.7319343,0.6808392,0.027022839
1356423669838,0.17130965,-0.21677572,0.96107304,0.6633276,-0.6958895,-0.27519903,0.728457,0.6846504,0.024580661
1356423669878,0.18708801,-0.22725049,0.9556963,0.6636764,-0.68802434,-0.29352397,0.7242457,0.6891878,0.022099644
1356423669918,0.20414108,-0.2401683,0.94902354,0.6626675,-0.6796572,-0.31454414,0.7205542,0.69309837,0.02040571
1356423669958,0.22088838,-0.2558328,0.9411471,0.658969,-0.672251,-0.3373993,0.719005,0.69471437,0.020093534
1356423669998,0.23602551,-0.2743389,0.93221784,0.65182173,-0.6667969,-0.36126202,0.72070825,0.6929069,0.021439012
1356423670037,0.24938321,-0.2954648,0.9222303,0.6412005,-0.66328615,-0.3858932,0.72572035,0.68756974,0.024039686
1356423670078,0.26198435,-0.3183014,0.91107,0.62735593,-0.661191,-0.4114014,0.73334086,0.67934585,0.026466578
1356423670118,0.27556312,-0.34146392,0.8985918,0.6103907,-0.6599967,-0.43798107,0.74262244,0.66918355,0.026555717
1356423670155,0.29168445,-0.36346287,0.8847683,0.59052616,-0.6592368,-0.46549523,0.75246197,0.65825653,0.022345155
1356423670198,0.311323,-0.3826775,0.86984813,0.567857,-0.6590307,-0.49317017,0.76198184,0.6474846,0.01213476
1356423670238,0.3353986,-0.39785722,0.8539423,0.5422754,-0.6596856,-0.5203386,0.7703539,0.63759273,-0.005509436
1356423670277,0.36208886,-0.40867504,0.8377806,0.5152874,-0.66120064,-0.54524535,0.7767693,0.62912506,-0.028828293
1356423670318,0.39141083,-0.41384503,0.82190627,0.48672768,-0.6648951,-0.56657803,0.7809569,0.62180924,-0.058817327
1356423670358,0.42230457,-0.41310892,0.8068456,0.45721343,-0.67150897,-0.58312225,0.782697,0.6151558,-0.09470236
1356423670398,0.4540105,-0.40655687,0.79283416,0.4275752,-0.68126094,-0.594191,0.7816994,0.6087652,-0.13546598
1356423670438,0.48667938,-0.39453924,0.7794113,0.3984735,-0.69371974,-0.5999765,0.7774073,0.60257095,-0.18040568
1356423670478,0.52120113,-0.37785384,0.7652293,0.37015072,-0.7078377,-0.60162634,0.768985,0.5968185,-0.22906294
1356423670518,0.55831707,-0.3581037,0.74836075,0.34240723,-0.7221684,-0.60102427,0.7556715,0.5918062,-0.28058165
1356423670558,0.5971334,-0.337688,0.7275978,0.31522676,-0.7353029,-0.599968,0.7376068,0.58761925,-0.33262563
1356423670598,0.6345861,-0.31959277,0.70367676,0.28916,-0.74618155,-0.59966624,0.71671957,0.584015,-0.38110298
1356423670638,0.666168,-0.3065436,0.67989063,0.26608336,-0.75394094,-0.60064363,0.69672084,0.58103716,-0.42068517
1356423670678,0.68792474,-0.30023897,0.6607693,0.24890733,-0.7576136,-0.6033794,0.68176585,0.57954997,-0.44644946
1356423670718,0.6980374,-0.3009786,0.6497351,0.24043994,-0.7561723,-0.6085985,0.67448676,0.5810468,-0.45546925
1356423670758,0.6966892,-0.30804121,0.6478694,0.24247555,-0.74884295,-0.61679804,0.67515165,0.58680904,-0.44701833
1356423670798,0.68492293,-0.3203059,0.6544347,0.25563052,-0.7354563,-0.62750065,0.6823003,0.5970831,-0.4218509
1356423670838,0.66415733,-0.3366662,0.667496,0.27920148,-0.71655476,-0.639215,0.6934995,0.6109052,-0.3819074
1356423670878,0.63605225,-0.35619932,0.6845141,0.3114475,-0.6931138,-0.6500721,0.70600146,0.62667,-0.32991922
1356423670918,0.60296667,-0.37822673,0.7024071,0.34914425,-0.66655505,-0.6586369,0.7173071,0.6423775,-0.26985478
1356423670958,0.56733286,-0.40213248,0.7186257,0.38867906,-0.6385777,-0.664189,0.72599036,0.656131,-0.20598564
1356423670998,0.5326711,-0.42760327,0.730354,0.42532733,-0.61082304,-0.66782624,0.73168176,0.6663713,-0.14349645
1356423671056,0.50240767,-0.45401293,0.7358388,0.45562255,-0.5842787,-0.671585,0.73484325,0.67267424,-0.086687565
1356423671078,0.48008525,-0.48110926,0.73352027,0.4768572,-0.5587178,-0.6785585,0.73629165,0.6755504,-0.038811743
1356423671119,0.46834326,-0.50837183,0.7226429,0.48784202,-0.5331282,-0.69121957,0.73665786,0.6762636,-0.0016818643
1356423671155,0.4682073,-0.5350785,0.7031877,0.48847866,-0.5064095,-0.71058995,0.7363223,0.67619556,0.02426976
1356423671198,0.47920483,-0.56023234,0.67564976,0.4791656,-0.47796988,-0.7361694,0.735366,0.676524,0.03939849
1356423671238,0.50050926,-0.5829579,0.64003944,0.45997316,-0.44725475,-0.7670645,0.73342705,0.6783239,0.044289827
1356423671278,0.52829397,-0.602766,0.5979788,0.43304184,-0.4145125,-0.8004087,0.73032886,0.68180096,0.04203844
1356423671318,0.55834484,-0.61821806,0.55322456,0.4011316,-0.38253644,-0.8323215,0.72618484,0.68663824,0.03439963
1356423671358,0.5856273,-0.63061213,0.5092828,0.36722764,-0.35370892,-0.86025214,0.72262335,0.69080985,0.024436625
1356423671398,0.60576713,-0.6415271,0.47062626,0.33546042,-0.3304266,-0.88220435,0.72146547,0.6922869,0.015045375
1356423671438,0.61779815,-0.6520359,0.43951643,0.30844212,-0.31320322,-0.8982023,0.723318,0.6904731,0.007618934
1356423671478,0.6232913,-0.6621463,0.41601712,0.28639555,-0.30174536,-0.90935546,0.7276575,0.6859389,0.0015604794
1356423671518,0.6246385,-0.67099553,0.39948934,0.26818687,-0.29612964,-0.91672415,0.7334184,0.67975897,-0.005021807
1356423671558,0.623956,-0.677359,0.38969684,0.25274765,-0.29695207,-0.92083544,0.7394575,0.6730558,-0.014084075
1356423671598,0.6226884,-0.6799495,0.38720518,0.23986629,-0.30515006,-0.92160064,0.7447975,0.6667475,-0.026916478
1356423671638,0.6213838,-0.6775368,0.39347953,0.2300138,-0.32232797,-0.91825837,0.7489832,0.66109663,-0.04444659
1356423671678,0.62004507,-0.66865754,0.4104159,0.22391225,-0.35054004,-0.9093871,0.7519357,0.65575814,-0.06763002
1356423671718,0.61892533,-0.65123683,0.43911505,0.22222851,-0.39102748,-0.89314723,0.75335646,0.65037537,-0.09729338
1356423671758,0.6196747,-0.6231675,0.47714305,0.22391742,-0.44229892,-0.8684656,0.75223947,0.64500684,-0.13454336
1356423671798,0.62526774,-0.5837629,0.5179393,0.22618106,-0.49963665,-0.836185,0.7469152,0.6399876,-0.18037057
1356423671838,0.6395483,-0.536236,0.55084383,0.22392881,-0.5555235,-0.80078053,0.735414,0.6354877,-0.23520547
1356423671878,0.66385484,-0.4870507,0.5675195,0.2136641,-0.6037067,-0.7680403,0.7166899,0.6311258,-0.2967084
1356423671918,0.69419587,-0.4426268,0.5676034,0.19656166,-0.64202225,-0.7410607,0.69242734,0.62601036,-0.35868573
1356423671958,0.7214128,-0.40465802,0.5619747,0.18170106,-0.67247033,-0.7174736,0.66824275,0.61970603,-0.4116019
1356423671998,0.7369187,-0.3705086,0.56539744,0.18134435,-0.6973946,-0.693365,0.65120286,0.6134852,-0.44673347
1356423672038,0.7364594,-0.33673233,0.5867188,0.20315659,-0.7171835,-0.6666148,0.6452558,0.6101304,-0.4597671
1356423672078,0.7186346,-0.30131915,0.62671447,0.2478442,-0.7310753,-0.6356904,0.64972115,0.6121567,-0.45069578
1356423672118,0.6818134,-0.26304618,0.6825959,0.31223688,-0.73919743,-0.5967372,0.6615426,0.61999506,-0.421862
1356423672157,0.6235273,-0.22097093,0.7499237,0.39060652,-0.7428701,-0.543664,0.6772299,0.6319144,-0.37688708
1356423672197,0.54222214,-0.17501153,0.8218066,0.4744445,-0.74345267,-0.4713604,0.6934678,0.6454837,-0.3200832
1356423672241,0.43988937,-0.1268387,0.88904965,0.5529997,-0.7417646,-0.37944242,0.70759356,0.6585568,-0.2561526
1356423672279,0.3258763,-0.08142388,0.9418996,0.614967,-0.7384493,-0.2766012,0.718067,0.66937494,-0.19057012
1356423672319,0.21411353,-0.04468134,0.9757863,0.65488935,-0.734623,-0.1773386,0.72475874,0.67700267,-0.1280314
1356423672359,0.12034428,-0.023217887,0.9924607,0.6744677,-0.7316502,-0.09890136,0.7284303,0.6812849,-0.07239026
1356423672399,0.054712176,-0.0206877,0.9982878,0.68112236,-0.73028743,-0.052463472,0.73012245,0.6828266,-0.025864698
1356423672439,0.021229446,-0.03828612,0.9990413,0.6825603,-0.7295945,-0.042464405,0.73052084,0.68280745,0.010643691
1356423672479,0.020076692,-0.07551208,0.99694276,0.68328965,-0.7268971,-0.06881812,0.7298714,0.68258226,0.037002884
1356423672519,0.050056994,-0.13092932,0.99012715,0.6834099,-0.7184472,-0.1295543,0.7283166,0.6831479,0.053515144
1356423672559,0.10872519,-0.20159723,0.9734153,0.6791259,-0.7000157,-0.22083001,0.7259248,0.6850813,0.060800612
1356423672599,0.19108915,-0.2821945,0.94013363,0.66446435,-0.6677775,-0.3355003,0.7224764,0.68879575,0.05990311
1356423672639,0.28617084,-0.36359233,0.88651395,0.63446116,-0.62141734,-0.45967337,0.7180288,0.6940037,0.052853644
1356423672678,0.37599802,-0.43404925,0.81867373,0.5908748,-0.5682656,-0.5726615,0.71378744,0.6990533,0.042801946
1356423672718,0.44407135,-0.48565724,0.7529527,0.54438347,-0.5212182,-0.65725046,0.7116511,0.70176107,0.032925755
1356423672758,0.48486727,-0.51799667,0.7046865,0.50685465,-0.49020386,-0.7090829,0.7127427,0.7009848,0.02486521
1356423672797,0.50230354,-0.5340882,0.68003005,0.48376876,-0.4782653,-0.7329597,0.7167,0.6971455,0.018140882
1356423672837,0.50276077,-0.53561294,0.67849123,0.4750744,-0.48453322,-0.7345283,0.7221744,0.69162583,0.010851741
1356423672878,0.4906,-0.5213152,0.6982421,0.47940874,-0.5076515,-0.71586114,0.72765297,0.68594486,8.6924434E-4
1356423672918,0.4667999,-0.48721278,0.73805255,0.4961757,-0.546544,-0.6746105,0.73205703,0.6811118,-0.0133835375
1356423672958,0.42942214,-0.42728794,0.7956266,0.5248563,-0.598857,-0.60489345,0.7349302,0.6773443,-0.03289765
1356423672998,0.37607163,-0.33586305,0.8635775,0.5626763,-0.6576985,-0.5008273,0.73618305,0.67426157,-0.058359563
1356423673038,0.3094827,-0.2141321,0.9264815,0.60253334,-0.7095966,-0.36527556,0.7356453,0.6712825,-0.090586126
1356423673078,0.24166536,-0.07564357,0.96740675,0.6361896,-0.7404399,-0.2168214,0.73270774,0.6678524,-0.13081503
1356423673118,0.18937784,0.059112668,0.9801233,0.6611034,-0.7457162,-0.08276209,0.7260015,0.6636362,-0.18030173
1356423673158,0.16300142,0.17570445,0.9708546,0.68145025,-0.7316431,0.018000215,0.7134817,0.6586549,-0.23899269
1356423673198,0.15926707,0.27159113,0.949143,0.7020356,-0.70710707,0.0845319,0.6941038,0.652869,-0.3032855
1356423673240,0.16487682,0.35073817,0.92184514,0.7237574,-0.67798316,0.1285072,0.67006785,0.6460044,-0.36563304
1356423673280,0.156874,0.42099163,0.89339614,0.74517167,-0.6441272,0.17268279,0.64815867,0.6386441,-0.41475788
1356423673319,0.12349719,0.48370516,0.86647433,0.76304317,-0.6045269,0.22871897,0.6344395,0.6329112,-0.44374532
1356423673359,0.06123531,0.5384444,0.8404332,0.7729937,-0.5582732,0.30135006,0.63145155,0.63119626,-0.45040014
1356423673399,-0.022488058,0.58161885,0.8131505,0.7695121,-0.50917476,0.38547656,0.63823617,0.63439775,-0.4361124
1356423673439,-0.11543727,0.6104633,0.7835871,0.74928945,-0.46436566,0.4721545,0.652104,0.6416378,-0.40380865
1356423673479,-0.20608169,0.62494105,0.7529801,0.71365875,-0.4304865,0.5526052,0.66949344,0.6512527,-0.3572793
1356423673518,-0.28771067,0.6273684,0.7236239,0.66736346,-0.41059476,0.6213196,0.6869124,0.6616804,-0.30055028
1356423673558,-0.35697025,0.62081105,0.69797266,0.61644393,-0.40483665,0.6753548,0.70183265,0.6713427,-0.23818058
1356423673598,-0.4124471,0.60830426,0.6781248,0.5666894,-0.41150856,0.7138093,0.71326745,0.6786948,-0.17499399
1356423673638,-0.4542715,0.5923566,0.6653955,0.52281326,-0.42749935,0.73750305,0.72132087,0.6829041,-0.11549115
1356423673678,-0.48371023,0.57464874,0.6601539,0.48829564,-0.4487818,0.74843985,0.72635514,0.6843783,-0.06351817
1356423673718,-0.50280803,0.55596715,0.6618796,0.46537966,-0.47115105,0.749292,0.728427,0.68477535,-0.021837234
1356423673758,-0.5135575,0.53643715,0.66969687,0.45524645,-0.49123287,0.7425907,0.7273304,0.68624014,0.008065164
1356423673798,-0.5170195,0.51594466,0.6830022,0.4579929,-0.5073572,0.729953,0.7231414,0.69021004,0.026014477
1356423673837,-0.5131192,0.49431363,0.7016856,0.47263703,-0.5196804,0.71172076,0.71646553,0.6968402,0.033027083
1356423673878,-0.50140595,0.47130382,0.72557896,0.4969533,-0.5296073,0.68742526,0.7082581,0.705258,0.031332284
1356423673918,-0.48186177,0.4467314,0.75381714,0.5271274,-0.5394204,0.6566295,0.69996136,0.71376234,0.024441719
1356423673958,-0.45549536,0.4207322,0.7845435,0.55809385,-0.5516438,0.6198553,0.6935816,0.72019005,0.016463071
1356423673997,-0.42467988,0.39410892,0.81506145,0.5851031,-0.5675281,0.57928073,0.69087005,0.72290385,0.010423422
1356423674038,-0.3923518,0.3684793,0.8427829,0.60546273,-0.5862985,0.53820896,0.6924413,0.7214409,0.006934792
1356423674078,-0.36069375,0.34587798,0.86618036,0.61910415,-0.6058033,0.49971235,0.69757444,0.716499,0.0043750107
1356423674118,-0.33081126,0.328239,0.8847728,0.6276845,-0.6235664,0.46602243,0.7046814,0.70952374,2.5236607E-4
1356423674155,-0.30339158,0.31698292,0.8985963,0.6332621,-0.63757956,0.4387156,0.711992,0.7021496,-0.007297009
1356423674198,-0.27830064,0.3128143,0.9081277,0.63746643,-0.647075,0.41824692,0.7184604,0.6952993,-0.019327223
1356423674241,-0.2544443,0.31612223,0.9139611,0.6413041,-0.65223175,0.4041322,0.7238696,0.6889561,-0.0367738
1356423674279,-0.23227501,0.32725367,0.915944,0.6447748,-0.6532473,0.3969049,0.72822654,0.68276864,-0.059271872
1356423674319,-0.20763457,0.34533107,0.9152236,0.649793,-0.6506736,0.39292836,0.73120224,0.67629147,-0.089291334
1356423674359,-0.17915016,0.37116057,0.9111229,0.65783983,-0.6434323,0.39146066,0.7315408,0.6695032,-0.12889314
1356423674399,-0.14528382,0.40428144,0.90302217,0.6711505,-0.6303321,0.39017743,0.7269454,0.6627503,-0.17975667
1356423674439,-0.106618464,0.44287127,0.8902233,0.69116956,-0.6106234,0.3865536,0.7147847,0.656509,-0.2409954
1356423674479,-0.06714338,0.48316306,0.87295204,0.7160451,-0.5859545,0.37939,0.69481736,0.65054655,-0.30662358
1356423674520,-0.033482492,0.51984596,0.85360354,0.73992074,-0.56125265,0.37082708,0.6718603,0.6440152,-0.36585268
1356423674559,-0.012112975,0.5477758,0.8365374,0.7567732,-0.54178995,0.3657293,0.6535652,0.6374992,-0.40797934
1356423674599,-0.0068393946,0.56351686,0.82607627,0.7640786,-0.52997094,0.3678515,0.6450869,0.6337031,-0.42694646
1356423674639,-0.017658174,0.5657928,0.8243584,0.76223063,-0.52596176,0.37731767,0.6470646,0.63501394,-0.4219771
1356423674679,-0.041091144,0.55500084,0.8308343,0.7524002,-0.52994573,0.39121795,0.6574233,0.64119554,-0.39580673
1356423674719,-0.07225102,0.5325818,0.84328914,0.7362244,-0.5419229,0.40533096,0.67286956,0.6501356,-0.35294527
1356423674759,-0.10696334,0.5003416,0.85919565,0.7163674,-0.56046814,0.41556373,0.6894756,0.65994984,-0.29847887
1356423674799,-0.14149112,0.4602707,0.8764308,0.69630414,-0.5830374,0.41860223,0.70366234,0.66949093,-0.23799378
1356423674829,-0.16705626,0.4160382,0.89387053,0.68067956,-0.6072172,0.4098326,0.71327955,0.67690444,-0.18174925
1356423674859,-0.18847412,0.37236708,0.9087466,0.66908056,-0.6286673,0.3963694,0.7188941,0.68273,-0.13065603
1356423674898,-0.20782626,0.32805675,0.92151344,0.66124,-0.647105,0.37949544,0.72081196,0.68821067,-0.08243883
1356423674937,-0.21567994,0.2784389,0.93592405,0.65979445,-0.6650171,0.3498906,0.7198287,0.69298196,-0.040281594
1356423674978,-0.21092516,0.22533435,0.95117563,0.66473585,-0.68036807,0.30858642,0.71668464,0.69736916,-0.006281078
1356423675018,-0.19250578,0.1697737,0.966498,0.6754783,-0.6915111,0.2560107,0.71180797,0.702132,0.018441424
1356423675058,-0.15975559,0.112620085,0.9807114,0.69044304,-0.697291,0.19254503,0.7055257,0.7078855,0.033638373
1356423675098,-0.11266422,0.054482132,0.99213827,0.7068441,-0.6973625,0.11856195,0.6983396,0.7146448,0.04005748
1356423675138,-0.0530349,-0.004020691,0.99858457,0.7206993,-0.6923389,0.035488725,0.6912162,0.7215614,0.039615795
1356423675178,0.014602065,-0.062124968,0.9979616,0.72753394,-0.684004,-0.053225756,0.68591636,0.7268281,0.035210088
1356423675241,0.08323866,-0.11872646,0.9894319,0.7244421,-0.6745745,-0.141891,0.68429166,0.72859687,0.029859722
1356423675259,0.14603418,-0.17251518,0.97412145,0.7117753,-0.6655403,-0.22457087,0.6870589,0.7261506,0.025600411
1356423675299,0.19921476,-0.22184438,0.95451486,0.69234395,-0.6574724,-0.29730463,0.69352245,0.72008,0.022614393
1356423675339,0.24266487,-0.26475406,0.93328404,0.6692516,-0.6507631,-0.35862184,0.7022934,0.71162677,0.01926973
1356423675379,0.27864498,-0.29943997,0.91252,0.64492357,-0.6457093,-0.4088194,0.71163946,0.70242107,0.013192207
1356423675419,0.30918097,-0.324283,0.8940065,0.62108403,-0.64304656,-0.44804648,0.7201817,0.69378066,0.0025892835
1356423675459,0.33525765,-0.33824667,0.87931305,0.59892976,-0.6439344,-0.47605848,0.72724515,0.686249,-0.013297977
1356423675499,0.35747963,-0.34083444,0.8695057,0.5789882,-0.64963865,-0.4926888,0.7327898,0.67955977,-0.034893453
1356423675538,0.37737972,-0.33195847,0.86451614,0.56102955,-0.66077113,-0.4986255,0.7367703,0.67319024,-0.06312314
1356423675578,0.39867985,-0.31210977,0.8623467,0.5439681,-0.6765582,-0.49635434,0.73834485,0.6669756,-0.09995237
1356423675618,0.42636442,-0.2828184,0.85920143,0.52644336,-0.6948392,-0.489955,0.7355751,0.66122025,-0.14736682
1356423675658,0.46545386,-0.2476272,0.84972554,0.5064733,-0.7128149,-0.48515943,0.72583574,0.65618265,-0.20636591
1356423675698,0.514392,-0.21094258,0.8312064,0.4836995,-0.7290038,-0.48434317,0.70812124,0.65119636,-0.2729609
1356423675738,0.56334734,-0.1773788,0.80695516,0.46069387,-0.74332213,-0.4850087,0.68585783,0.64498764,-0.3370312
1356423675778,0.59955573,-0.1497274,0.78620267,0.44373256,-0.755345,-0.48223987,0.6660588,0.6379934,-0.3864325
1356423675818,0.6158062,-0.12849325,0.77734953,0.43921918,-0.7631068,-0.4740828,0.65411717,0.6333699,-0.41348922
1356423675857,0.6117153,-0.11304574,0.78295916,0.44962287,-0.7646471,-0.46168607,0.6508791,0.6344568,-0.4169184
1356423675898,0.5895639,-0.10270502,0.80116546,0.47334337,-0.75978595,-0.4457256,0.6544925,0.64201003,-0.39932764
1356423675937,0.55237603,-0.09727277,0.8279002,0.5060331,-0.7501068,-0.42575848,0.66242826,0.65412366,-0.3651178
1356423675978,0.50363946,-0.09692344,0.8584598,0.54271734,-0.7376375,-0.4016825,0.6721645,0.6682042,-0.31890133
1356423676017,0.44791293,-0.10213052,0.88822484,0.5787951,-0.7240678,-0.3751294,0.68144715,0.6821255,-0.2652067
1356423676058,0.390369,-0.113234535,0.91366845,0.61086917,-0.710627,-0.34906745,0.688804,0.694397,-0.20823526
1356423676098,0.3371172,-0.13053447,0.9323695,0.6365579,-0.6980559,-0.3278904,0.693647,0.7040446,-0.15223393
1356423676138,0.2940433,-0.15390775,0.9433191,0.6549667,-0.68634754,-0.31614196,0.6961014,0.71080196,-0.101011455
1356423676177,0.26609623,-0.18291716,0.94643235,0.66634464,-0.67456526,-0.31772098,0.6965469,0.71519446,-0.05761343
1356423676242,0.25629324,-0.21660048,0.94201803,0.67158943,-0.6610137,-0.33470672,0.69518447,0.7184325,-0.023946796
1356423676259,0.26545095,-0.25363672,0.9301635,0.67130715,-0.64385647,-0.36714488,0.69201326,0.7218844,-6.441176E-4
1356423676299,0.29155016,-0.2918545,0.9109442,0.66555375,-0.6221119,-0.4123287,0.68704927,0.7264968,0.012868043
1356423676339,0.33026272,-0.32896978,0.88470644,0.6539376,-0.5961575,-0.46579182,0.6806558,0.73237646,0.018237023
1356423676379,0.3744681,-0.36266628,0.8533738,0.636837,-0.56834346,-0.52098405,0.67395276,0.73855186,0.018132836
1356423676419,0.4154423,-0.39142957,0.82109106,0.6164599,-0.5426047,-0.5705762,0.6688683,0.74321127,0.01587978
1356423676459,0.44648534,-0.41497117,0.7927483,0.59638494,-0.5224716,-0.60938364,0.6670651,0.74486405,0.014206648
1356423676498,0.46564537,-0.43364838,0.7714424,0.5794291,-0.50949204,-0.6361445,0.6689068,0.743214,0.014025867
1356423676538,0.4750743,-0.44748643,0.75766766,0.56634235,-0.5035067,-0.65248543,0.6734692,0.73907834,0.01422745
1356423676578,0.47821993,-0.4558162,0.75069124,0.5565801,-0.50390255,-0.66053075,0.6793558,0.7336988,0.012721956
1356423676618,0.47747374,-0.45753944,0.75011766,0.54979634,-0.5103552,-0.66125757,0.68537784,0.72814506,0.007872373
1356423676658,0.47344774,-0.45144263,0.75633776,0.54626113,-0.52311254,-0.65418047,0.6909747,0.72287816,-0.0010609033
1356423676698,0.46593457,-0.43619192,0.7698322,0.5462017,-0.5426959,-0.63807905,0.6961097,0.7177868,-0.014612019
1356423676737,0.45536983,-0.4104597,0.7900387,0.54904515,-0.56907976,-0.6121255,0.70084786,0.71251047,-0.033780843
1356423676778,0.47733378,-0.40996075,0.77722883,0.5245742,-0.5766548,-0.62633145,0.70496404,0.7066834,-0.060201973
1356423676817,0.4362536,-0.32629105,0.83858037,0.5558545,-0.63514054,-0.5363043,0.7076076,0.7000933,-0.095712006
1356423676857,0.41883254,-0.24840823,0.87342584,0.5699818,-0.6768522,-0.46582383,0.70689464,0.692939,-0.14189959
1356423676898,0.4251253,-0.17750129,0.8875594,0.57374513,-0.70556915,-0.41591918,0.7000607,0.68605065,-0.19811481
1356423676937,0.45020163,-0.11552329,0.8854224,0.57215506,-0.72396445,-0.38537526,0.6855342,0.68009543,-0.25983274
1356423676978,0.48317987,-0.06435156,0.873153,0.5685313,-0.7353598,-0.36880642,0.6658149,0.6746146,-0.31872517
1356423677018,0.50988185,-0.02473241,0.8598888,0.56646913,-0.7426183,-0.35725445,0.6474049,0.66925806,-0.36463746
1356423677064,0.51998365,0.0035620332,0.8541688,0.57001054,-0.7462099,-0.34388775,0.6361643,0.6657012,-0.39004737
1356423677105,0.50000197,0.022724718,0.8657261,0.5872481,-0.7436165,-0.319647,0.6365043,0.6682201,-0.38515475
1356423677135,0.48071006,0.02470836,0.8765315,0.599157,-0.73911893,-0.30775666,0.64025676,0.67312163,-0.3701061
1356423677178,0.43888876,0.024334222,0.89821184,0.62142515,-0.7302425,-0.2838603,0.64900494,0.6827545,-0.3356171
1356423677242,0.38673532,0.014615357,0.9220749,0.6445485,-0.71938235,-0.258933,0.65954006,0.6944605,-0.28763086
1356423677259,0.32903558,-0.002565056,0.94431406,0.66615236,-0.7081439,-0.23403682,0.6693105,0.7060635,-0.23129582
1356423677299,0.27245826,-0.026262641,0.96180916,0.6839674,-0.69778395,-0.21280545,0.67672384,0.7158267,-0.17215422
1356423677339,0.22393042,-0.055779368,0.97300756,0.69683146,-0.6888268,-0.19985875,0.6813817,0.7227768,-0.115380466
1356423677379,0.18928915,-0.0906966,0.9777237,0.7047174,-0.68083537,-0.19959092,0.68377113,0.7267993,-0.06495923
1356423677419,0.172629,-0.13078403,0.97626567,0.70808977,-0.67249924,-0.21529901,0.6846956,0.72845066,-0.023486055
1356423677459,0.17634094,-0.17570883,0.9685197,0.7072733,-0.6617042,-0.24882147,0.68459356,0.72888553,0.0075886026
1356423677499,0.20133919,-0.22477718,0.95338225,0.70184475,-0.6458485,-0.30048895,0.68328357,0.72962654,0.02772408
1356423677539,0.24647528,-0.27626592,0.9289386,0.69022447,-0.6228156,-0.3683623,0.6803235,0.7319684,0.037176903
1356423677579,0.30785495,-0.3277231,0.8932093,0.66982585,-0.5920671,-0.44809568,0.6756912,0.7362431,0.03724664
1356423677619,0.37650436,-0.37585697,0.8467443,0.639261,-0.5561253,-0.5311026,0.6705146,0.7412531,0.030887159
1356423677659,0.44080812,-0.41764525,0.7945191,0.6009599,-0.5201715,-0.6068515,0.6667349,0.7449792,0.021692216
1356423677699,0.4920743,-0.45252556,0.74369586,0.56040865,-0.48907363,-0.6683929,0.6661869,0.7456726,0.012938678
1356423677738,0.5273537,-0.48125714,0.7002069,0.5229141,-0.46571153,-0.7139143,0.6696707,0.74263334,0.0060614347
1356423677778,0.54864115,-0.5045538,0.6666471,0.4910427,-0.45088315,-0.7453734,0.6766609,0.7362947,3.8439035E-4
1356423677818,0.5599102,-0.5221571,0.6433137,0.46518314,-0.44440103,-0.7655797,0.6856422,0.7279146,-0.005925983
1356423677857,0.56475925,-0.5330526,0.6300015,0.4450629,-0.4461362,-0.77645445,0.69495755,0.7189001,-0.014717609
1356423677898,0.56527877,-0.53588593,0.6271253,0.43059093,-0.45676163,-0.7784346,0.7035989,0.710067,-0.027450055
1356423677938,0.5622194,-0.5290503,0.6356219,0.4220131,-0.47745168,-0.77067816,0.7112062,0.70153093,-0.045166403
1356423677978,0.55654395,-0.51085836,0.6551966,0.41899213,-0.5084053,-0.75230956,0.7174291,0.6932156,-0.06890422
1356423678018,0.55094486,-0.48011428,0.6826053,0.4196716,-0.5476015,-0.7238842,0.72134286,0.68529034,-0.100207925
1356423678057,0.550285,-0.4375194,0.71117026,0.42054686,-0.590577,-0.68873733,0.7213368,0.6780823,-0.14098829
1356423678098,0.5611137,-0.38735113,0.73151255,0.41673788,-0.6313717,-0.65398735,0.71517897,0.6718102,-0.19284743
1356423678138,0.5876747,-0.33679304,0.735669,0.40432945,-0.6653271,-0.62758076,0.70082533,0.66626596,-0.25482053
1356423678178,0.6271913,-0.29318744,0.7215762,0.38247067,-0.69111365,-0.6132521,0.67848897,0.6606081,-0.32132488
1356423678242,0.6680302,-0.2595219,0.69741243,0.3570959,-0.71044594,-0.60642326,0.6528539,0.65415215,-0.38192514
1356423678260,0.6969378,-0.23372123,0.6779765,0.33981803,-0.7248893,-0.5992155,0.6315073,0.64800453,-0.42578006
1356423678299,0.70725286,-0.21197584,0.6744328,0.34034792,-0.73406744,-0.58762944,0.61964244,0.64514434,-0.44702572
1356423678339,0.6975291,-0.19103801,0.6906212,0.36257136,-0.7372228,-0.5701268,0.61805755,0.6480795,-0.44496948
1356423678379,0.6672051,-0.16853112,0.72555816,0.40529102,-0.7351215,-0.54344785,0.62496126,0.6566534,-0.4221726
1356423678419,0.6155892,-0.14318427,0.7749504,0.46325144,-0.7297707,-0.5028248,0.6375327,0.66853046,-0.38290867
1356423678459,0.5434022,-0.1153235,0.8315134,0.52820754,-0.7228923,-0.44544756,0.6524652,0.6812688,-0.33190653
1356423678498,0.45515984,-0.08737585,0.8861123,0.5902872,-0.71545017,-0.37375408,0.6666263,0.6931786,-0.27406734
1356423678538,0.3608737,-0.0638957,0.9304233,0.6405949,-0.70807993,-0.2970875,0.67779666,0.70323545,-0.21459615
1356423678578,0.27359617,-0.04989496,0.9605496,0.6752676,-0.7012002,-0.2287617,0.68495166,0.71121645,-0.15815324
1356423678618,0.20533872,-0.04947591,0.97743964,0.69599736,-0.69475794,-0.18138102,0.6880579,0.7175399,-0.10822559
1356423678658,0.16384184,-0.06491369,0.9843486,0.7070988,-0.6880552,-0.16306886,0.6878715,0.7227491,-0.066831894
1356423678698,0.1514855,-0.09615469,0.9837715,0.71211374,-0.6796244,-0.17608151,0.6855262,0.727231,-0.034480184
1356423678738,0.16739863,-0.1417675,0.9756432,0.71184397,-0.6672888,-0.21909809,0.68209666,0.73118246,-0.010786951
1356423678778,0.20814824,-0.19850624,0.9577419,0.7045367,-0.64878404,-0.28758875,0.6784559,0.73462546,0.0048116744
1356423678817,0.26837367,-0.26161754,0.9271095,0.6869474,-0.6227309,-0.3745792,0.6753361,0.73740256,0.012592882
1356423678857,0.34009117,-0.32489973,0.8824841,0.6567749,-0.5895684,-0.4701659,0.67304146,0.7394926,0.012878954
1356423678898,0.4125613,-0.38171425,0.8270958,0.6156809,-0.5523364,-0.5620157,0.6713645,0.741093,0.0071415305
1356423678938,0.47463387,-0.4270926,0.76961976,0.5704921,-0.5165808,-0.63850063,0.67026967,0.74211603,-0.0015338068
1356423678978,0.5191364,-0.45958102,0.72061265,0.5302182,-0.48810408,-0.6932697,0.6703477,0.74198353,-0.009714365
1356423679018,0.5446086,-0.48046312,0.6874275,0.50138,-0.47054303,-0.7260903,0.67232394,0.7400975,-0.0153671205
1356423679058,0.5534431,-0.49128988,0.6725586,0.48609784,-0.4651787,-0.7398092,0.67632073,0.7363716,-0.018634975
1356423679098,0.5491469,-0.49215028,0.67544496,0.48353973,-0.47208872,-0.7371036,0.6816356,0.7313826,-0.021271855
1356423679138,0.5340906,-0.48121074,0.69511396,0.49248537,-0.49120742,-0.71845204,0.687172,0.726052,-0.025359988
1356423679178,0.50780815,-0.45456222,0.7317814,0.5129486,-0.52291083,-0.6807702,0.6921088,0.7210669,-0.032371342
1356423679244,0.4671048,-0.40650705,0.78521657,0.54497427,-0.5669589,-0.61770594,0.6962874,0.7164563,-0.043293327
1356423679259,0.40870064,-0.33107024,0.85050356,0.58579427,-0.61944264,-0.52262396,0.69986343,0.71181685,-0.059227556
1356423679299,0.3360266,-0.22803962,0.91382927,0.6272399,-0.6696068,-0.39773968,0.70260674,0.70684135,-0.081970155
1356423679339,0.26269817,-0.10777888,0.9588396,0.66027796,-0.70454514,-0.26009446,0.7035784,0.70142704,-0.11391869
1356423679379,0.20767218,0.01188162,0.9781263,0.682114,-0.7184693,-0.13609648,0.7011367,0.69545716,-0.15731072
1356423679419,0.18423325,0.11618847,0.975991,0.6970155,-0.715554,-0.04638806,0.69298446,0.68882704,-0.21281402
1356423679459,0.19055319,0.20092013,0.9608957,0.7103871,-0.7037831,0.006283343,0.6775246,0.6814106,-0.2768392
1356423679500,0.21127963,0.26925582,0.9396075,0.7238037,-0.6891316,0.03472486,0.6568631,0.67275476,-0.34048784
1356423679539,0.22337675,0.32767445,0.9180045,0.73724574,-0.67288446,0.060787797,0.6376296,0.66321635,-0.39188337
1356423679579,0.20849895,0.38089776,0.9008025,0.7513485,-0.6520078,0.10179031,0.626102,0.65559345,-0.4221299
1356423679619,0.16112119,0.42910218,0.8887695,0.76475024,-0.6235243,0.16240223,0.62385654,0.6535203,-0.42861897
1356423679659,0.08602381,0.46924555,0.87886775,0.77245486,-0.5885344,0.23862255,0.62921655,0.65835845,-0.413099
1356423679698,-0.0043560863,0.49733073,0.8675501,0.76875013,-0.55317307,0.32097137,0.6395343,0.66832745,-0.37991336
1356423679738,-0.09648144,0.5117632,0.8536919,0.7518978,-0.5245194,0.39941096,0.6521818,0.6804248,-0.3341872
1356423679778,-0.18019539,0.51377004,0.8387908,0.7250467,-0.5068857,0.466234,0.66470814,0.6921757,-0.2811688
1356423679818,-0.25022537,0.50602186,0.8254267,0.6938814,-0.50084096,0.51738477,0.6752155,0.702211,-0.22579598
1356423679857,-0.3051437,0.49113268,0.8158897,0.6639256,-0.5044889,0.5519908,0.682708,0.7101266,-0.17213401
1356423679898,-0.34509563,0.47083604,0.8119252,0.63945556,-0.5152782,0.5706005,0.6870266,0.71610177,-0.12325844
1356423679938,-0.37014395,0.445823,0.81500626,0.62366956,-0.5309579,0.5736898,0.68849814,0.72064245,-0.0815154
1356423679977,-0.3803416,0.41600734,0.8260013,0.6185468,-0.54955536,0.5615949,0.68756104,0.72451836,-0.04830125
1356423680036,-0.37580132,0.38077223,0.8448585,0.62455595,-0.56945825,0.53445977,0.68461907,0.7285121,-0.023810416
1356423680058,-0.3562613,0.3392083,0.870641,0.6407755,-0.5894714,0.49186414,0.6800623,0.7331175,-0.007350564
1356423680098,-0.32118613,0.290582,0.90133315,0.6649527,-0.608477,0.43312067,0.67429763,0.7384563,0.0022111535
1356423680135,-0.270298,0.23459922,0.93375707,0.6930291,-0.6258244,0.3578471,0.6683186,0.7438462,0.0065749586
1356423680178,-0.20617747,0.17285874,0.96312547,0.7188504,-0.6410361,0.2689364,0.6638862,0.74779177,0.007907689
1356423680244,-0.13631308,0.10938159,0.98460877,0.7364255,-0.6536091,0.174564,0.6626433,0.74888635,0.008544132
1356423680259,-0.07193017,0.05104384,0.99610275,0.7433089,-0.6631801,0.08765921,0.6650699,0.74671733,0.009761214
1356423680299,-0.020379424,0.0036335886,0.9997858,0.7415956,-0.6706176,0.017553747,0.6705376,0.74179447,0.010972038
1356423680339,0.01709503,-0.029387116,0.9994219,0.73496145,-0.67733014,-0.03248772,0.67789334,0.7350919,0.010019481
1356423680379,0.042179585,-0.046181947,0.9980421,0.72653854,-0.6842893,-0.06236902,0.6858299,0.7277467,0.0046899766
1356423680419,0.056750238,-0.04594633,0.9973306,0.7184061,-0.6918093,-0.07275003,0.6933052,0.720617,-0.006252229
1356423680459,0.06204754,-0.028525501,0.9976655,0.7116035,-0.6996364,-0.06426075,0.69983613,0.71392953,-0.023111954
1356423680499,0.060726047,0.004568666,0.99814403,0.706095,-0.7070021,-0.039722025,0.7055085,0.7071966,-0.046159297
1356423680539,0.05718887,0.05029285,0.9970958,0.701555,-0.7126024,-0.0042948127,0.7103169,0.6997632,-0.07603611
1356423680579,0.05786985,0.104011595,0.9928911,0.6983135,-0.71497464,0.03419748,0.7134489,0.69137025,-0.11400813
1356423680619,0.06911725,0.16086558,0.9845532,0.69778013,-0.71312153,0.0675312,0.71296954,0.6823342,-0.16153781
1356423680659,0.09468901,0.216581,0.9716618,0.70174694,-0.70682466,0.08916378,0.7061057,0.67341787,-0.21891357
1356423680699,0.13336295,0.26773918,0.95421696,0.7106971,-0.69688845,0.09620839,0.69074154,0.6653286,-0.2832206
1356423680740,0.17838782,0.31162897,0.9333087,0.7225019,-0.68538666,0.09075329,0.66795874,0.658128,-0.34741718
1356423680779,0.2190085,0.34651294,0.91212064,0.73371696,-0.6747114,0.08014944,0.64319104,0.651685,-0.40200996
1356423680819,0.24470493,0.37192166,0.8954294,0.7425536,-0.6657318,0.07358882,0.6234851,0.6468967,-0.43907964
1356423680859,0.24908212,0.3883377,0.88721585,0.74956906,-0.6573963,0.07730645,0.6132734,0.6457739,-0.4548316
1356423680899,0.23023105,0.3965215,0.88868684,0.7557462,-0.6481677,0.093414456,0.613059,0.6501148,-0.44889793
1356423680939,0.19072866,0.3966682,0.89792925,0.7603959,-0.6381993,0.12041485,0.6208226,0.65981513,-0.4233477
1356423680979,0.1359021,0.38882422,0.9112334,0.7615509,-0.62930995,0.15494883,0.6336962,0.67289275,-0.38163397
1356423681019,0.072318375,0.37321132,0.9249234,0.75775486,-0.6235439,0.19235544,0.64851964,0.6869544,-0.3278964
1356423681059,0.007066965,0.35040176,0.93657285,0.7493268,-0.6220502,0.22707474,0.6621627,0.7001944,-0.26696151
1356423681097,-0.053545,0.32149905,0.9453948,0.73838836,-0.62461835,0.25423363,0.67224675,0.7116815,-0.20394596
1356423681138,-0.10360515,0.28752097,0.9521542,0.7281902,-0.6301559,0.26952285,0.6774991,0.72127336,-0.14408258
1356423681178,-0.1383524,0.24915884,0.95852935,0.72186726,-0.63725495,0.2698402,0.67806065,0.729264,-0.09169388
1356423681244,-0.1553294,0.20681638,0.9659709,0.7208776,-0.6448479,0.2539814,0.67543185,0.7357975,-0.0489254
1356423681259,-0.15390444,0.1605443,0.97495586,0.72472525,-0.65235466,0.22182569,0.67162985,0.74071515,-0.015950173
1356423681299,-0.13506824,0.11073583,0.9846289,0.7317532,-0.65885866,0.17447779,0.6680523,0.7440717,0.007959649
1356423681339,-0.09973562,0.05773142,0.99333775,0.73996055,-0.66311896,0.11283496,0.66521525,0.74628437,0.023417577
1356423681379,-0.049096406,0.0023815036,0.9987912,0.74699247,-0.66372836,0.038301587,0.6630173,0.74797,0.030807659
1356423681419,0.014251828,-0.053846955,0.99844754,0.7501888,-0.6596021,-0.04628101,0.6610701,0.74968374,0.030994803
1356423681459,0.08479422,-0.10864422,0.99045765,0.7470894,-0.6507987,-0.13534585,0.65929306,0.75143695,0.025983013
1356423681498,0.15439677,-0.15911016,0.9751131,0.73682535,-0.63896745,-0.2209279,0.6582174,0.7525986,0.01858183
1356423681538,0.215276,-0.20256454,0.95531344,0.7211749,-0.6266225,-0.29538274,0.658455,0.7525369,0.011187702
1356423681578,0.26333028,-0.23711091,0.9351126,0.70345527,-0.61612254,-0.35432145,0.66015744,0.7511134,0.004553199
1356423681618,0.29852366,-0.26142603,0.91789985,0.68660486,-0.60919577,-0.3968052,0.6629158,0.74869025,-0.0023630261
1356423681658,0.32272118,-0.274337,0.90586436,0.6724206,-0.60710126,-0.42341298,0.6661092,0.7457662,-0.0114545785
1356423681698,0.33668458,-0.27429545,0.9007805,0.6624966,-0.6107996,-0.43361506,0.66913503,0.74275553,-0.023927007
1356423681737,0.3397143,-0.25971478,0.9039593,0.65824354,-0.6208497,-0.4257477,0.67179585,0.73965794,-0.039955974
1356423681778,0.3311687,-0.22929427,0.9152877,0.65998495,-0.63696545,-0.39836538,0.6743495,0.7360022,-0.059612274
1356423681818,0.3120157,-0.18241549,0.9324006,0.66652733,-0.6573329,-0.35164577,0.6770432,0.7311894,-0.08351329
1356423681858,0.28704852,-0.120859265,0.9502611,0.6751156,-0.6782368,-0.29019612,0.67957497,0.7248364,-0.1130929
1356423681898,0.26408768,-0.048979104,0.9632542,0.68316925,-0.69548625,-0.22266279,0.68083584,0.71686816,-0.15020832
1356423681938,0.25158995,0.027044088,0.967456,0.68983746,-0.7061405,-0.15965506,0.6788422,0.70755506,-0.19631389
1356423681978,0.25418413,0.10116577,0.9618502,0.6963598,-0.70930254,-0.109420836,0.67117316,0.69760686,-0.25074124
1356423682018,0.26895213,0.16895095,0.94821954,0.70427203,-0.70606774,-0.073954046,0.6570127,0.6876946,-0.30888587
1356423682058,0.28505903,0.22815101,0.930961,0.7137067,-0.6988479,-0.047269106,0.6398157,0.6779076,-0.36204582
1356423682097,0.2891441,0.2781714,0.9159784,0.72423863,-0.68927944,-0.019292533,0.62599844,0.6689653,-0.40076357
1356423682138,0.270867,0.319538,0.90803444,0.73623025,-0.67648,0.018436074,0.6201582,0.6635287,-0.41848963
1356423682178,0.22599316,0.35270292,0.9080351,0.7489591,-0.65895575,0.06955236,0.62288624,0.66436285,-0.41307956
1356423682243,0.15610152,0.37743276,0.9127852,0.7584687,-0.6377827,0.13400957,0.63273823,0.67139983,-0.38582975
1356423682259,0.06874454,0.39292386,0.91699785,0.75878036,-0.6173607,0.20764905,0.6477087,0.6815252,-0.34058306
1356423682299,-0.02608943,0.39906925,0.9165495,0.7460652,-0.6024793,0.2835585,0.6653616,0.6912036,-0.28201336
1356423682339,-0.11755067,0.3966492,0.91041267,0.7213894,-0.5959375,0.35278285,0.6824801,0.69823194,-0.21608573
1356423682379,-0.19717538,0.38729042,0.9006264,0.69040936,-0.5973643,0.4080329,0.6960293,0.702255,-0.1496034
1356423682419,-0.2601995,0.3726678,0.8907384,0.6605364,-0.6041687,0.44572616,0.7042641,0.70434284,-0.08895621
