1356422570471,-0.1064595,0.050038964,0.99305713,0.71625376,-0.6888752,0.11149672,0.68967164,0.72315073,0.037496716
1356422570507,-0.62190294,0.61804193,-0.48089576,-0.370925,0.3083511,0.87597615,0.68967474,0.7231485,0.037482798
1356422570548,-0.6218946,0.6180136,-0.48094296,-0.37090668,0.30843776,0.8759534,0.68969214,0.72313565,0.037409604
1356422570588,-0.62184364,0.61789864,-0.48115665,-0.37094307,0.3087064,0.8758434,0.68971854,0.7231194,0.03723818
1356422570630,-0.62160724,0.61747926,-0.4819998,-0.37138104,0.30946046,0.87539154,0.689696,0.7231553,0.036957264
1356422570668,-0.6209268,0.6163138,-0.48436254,-0.37286234,0.31130862,0.8741056,0.6895096,0.7233561,0.036500394
1356422570707,-0.61957616,0.61393166,-0.48909438,-0.3759455,0.31488627,0.87149954,0.6890503,0.7238332,0.035708785
1356422570749,-0.6175134,0.6101359,-0.49639833,-0.38073817,0.3203714,0.8674103,0.68827,0.72463524,0.034468412
1356422570788,-0.61490095,0.6051228,-0.50569093,-0.38685477,0.32732838,0.86209023,0.68719745,0.725729,0.032820046
1356422570828,-0.61201227,0.5992424,-0.5160905,-0.39364272,0.33517295,0.8559816,0.68592,0.7270266,0.030757487
1356422570870,-0.60911185,0.5927958,-0.5268548,-0.40039748,0.34357834,0.8494915,0.6845909,0.72838664,0.028076231
1356422570908,-0.60636437,0.5859843,-0.5375358,-0.40661588,0.35243678,0.84288305,0.68336356,0.72966486,0.02456534
1356422570948,-0.6039552,0.57938826,-0.5473091,-0.41179705,0.3610968,0.8366793,0.6823937,0.7306971,0.020504117
1356422570988,-0.60218066,0.57421535,-0.5546667,-0.41520324,0.36815882,0.83190465,0.6818978,0.73125637,0.01671797
1356422571029,-0.60148126,0.57227546,-0.5574236,-0.4156244,0.37172693,0.83010566,0.6822585,0.73097193,0.014264822
1356422571075,-0.60205185,0.57483816,-0.5541614,-0.41235498,0.37047803,0.8322917,0.68373764,0.7295939,0.013990283
1356422571098,-0.6031383,0.58039635,-0.54714197,-0.4070648,0.36592954,0.83689535,0.6859464,0.7274859,0.0155527
1356422571138,-0.6063498,0.59364367,-0.5290814,-0.3954791,0.3521024,0.8483043,0.68988127,0.7236098,0.021276474
1356422571178,-0.6098051,0.6119528,-0.5036382,-0.3808297,0.331047,0.86335194,0.6950585,0.71827686,0.031175673
1356422571218,-0.6123631,0.63264346,-0.47410306,-0.36589164,0.3048057,0.87932754,0.7008101,0.711938,0.044827163
1356422571258,-0.61320174,0.6533896,-0.44392085,-0.35331595,0.27576613,0.89393556,0.7065065,0.7050072,0.061752677
1356422571298,-0.6118246,0.6725871,-0.41628987,-0.3454303,0.24626034,0.90555716,0.71158177,0.6978413,0.08166385
1356422571338,-0.6078683,0.6892185,-0.39430174,-0.3444109,0.21857893,0.91301936,0.7154559,0.6907974,0.10450721
1356422571378,-0.6007757,0.70237577,-0.38175505,-0.35263562,0.19572812,0.9150621,0.7174377,0.6843675,0.13009399
1356422571419,-0.58983064,0.7117551,-0.38145065,-0.3724236,0.17937118,0.91056395,0.71651983,0.6791396,0.15927571
1356422571472,-0.57245654,0.715881,-0.39975992,-0.40531528,0.17674792,0.89692795,0.71275043,0.6754811,0.18897694
1356422571507,-0.55025387,0.7170642,-0.42783135,-0.4496227,0.17730093,0.87544495,0.7036051,0.6740796,0.2248478
1356422571545,-0.5148262,0.7129832,-0.47603455,-0.5058984,0.1956225,0.8401182,0.6921133,0.67334,0.2599855
1356422571587,-0.4758684,0.70868695,-0.52087635,-0.5592208,0.21330017,0.8011087,0.6788383,0.67250717,0.2948097
1356422571628,-0.43610185,0.7060804,-0.55791193,-0.60680467,0.22709066,0.7617204,0.66453236,0.6707312,0.32941818
1356422571668,-0.39901912,0.7070196,-0.58387226,-0.6467845,0.23433954,0.7257787,0.64996415,0.6672392,0.36378342
1356422571709,-0.3672554,0.71237487,-0.5980347,-0.6787247,0.23437238,0.6959902,0.63596874,0.6615071,0.3974319
1356422571748,-0.34210515,0.7215036,-0.6019937,-0.7032192,0.22834438,0.67330635,0.6232549,0.6536752,0.42925745
1356422571789,-0.323133,0.7318753,-0.599953,-0.72158635,0.2196269,0.6565646,0.61228925,0.64507556,0.4571426
1356422571828,-0.30852747,0.7397655,-0.5979612,-0.73520684,0.21341681,0.6433693,0.60355747,0.6381223,0.4780358
1356422571868,-0.29608083,0.74177635,-0.6017508,-0.7449944,0.21492499,0.6314987,0.59776205,0.6352756,0.48898405
1356422571908,-0.28388333,0.73558533,-0.615081,-0.7511338,0.2281161,0.6194846,0.5959937,0.6378694,0.48776454
1356422571948,-0.27089244,0.72023916,-0.6386492,-0.7531247,0.25462604,0.60660434,0.59951687,0.64530706,0.47345358
1356422571988,-0.25641304,0.6952029,-0.67152464,-0.7505035,0.29460806,0.5915662,0.6090951,0.6556668,0.44621086
1356422572028,-0.24005204,0.65968585,-0.71217245,-0.74368393,0.346559,0.57169145,0.6239465,0.66686684,0.4074056
1356422572068,-0.22286963,0.6142169,-0.7570117,-0.73390305,0.4054098,0.54500383,0.6416505,0.677038,0.36042213
1356422572108,-0.20559579,0.55927587,-0.8030821,-0.72232544,0.46694422,0.51010686,0.660285,0.68496245,0.30797738
1356422572148,-0.19189507,0.49924228,-0.84494585,-0.70959157,0.5241777,0.47086897,0.6779794,0.6899239,0.253671
1356422572188,-0.18563011,0.44070506,-0.8782486,-0.69622755,0.57172453,0.43404874,0.6934037,0.6920333,0.20070171
1356422572228,-0.19153789,0.39269194,-0.8995034,-0.6819887,0.60583186,0.40970612,0.7058361,0.6919254,0.15177172
1356422572268,-0.2128138,0.3630426,-0.90714407,-0.6657679,0.6256575,0.4065781,0.7151667,0.69047284,0.10855353
1356422572308,-0.24908921,0.35457036,-0.90124047,-0.64609194,0.6323929,0.42736912,0.7214705,0.6887373,0.07156283
1356422572348,-0.29638916,0.36433715,-0.882843,-0.6220015,0.62782896,0.46791548,0.7247534,0.6878148,0.040536582
1356422572420,-0.34757513,0.38387477,-0.8554718,-0.5947644,0.6150597,0.5176456,0.7248773,0.68872476,0.014535546
1356422572430,-0.40027723,0.41077423,-0.81917197,-0.563568,0.59453833,0.5735114,0.7226128,0.6912226,-0.0064809322
1356422572467,-0.44519964,0.43378124,-0.78334606,-0.5348376,0.57280827,0.6211597,0.71815455,0.695503,-0.023011506
1356422572508,-0.48500103,0.45602047,-0.74620324,-0.50708467,0.54853946,0.6648079,0.712488,0.7008208,-0.034801245
1356422572548,-0.52112985,0.4806482,-0.7052666,-0.4778073,0.52041054,0.7077239,0.7071943,0.7057976,-0.0415442
1356422572588,-0.5536823,0.50852317,-0.65942407,-0.44556016,0.48808068,0.75050205,0.7034998,0.7093528,-0.04366404
1356422572628,-0.58163977,0.5363254,-0.6115965,-0.41242415,0.45362532,0.7900193,0.7011431,0.7117437,-0.042652965
1356422572668,-0.6038465,0.5582977,-0.56892276,-0.38380194,0.421911,0.82139343,0.69861686,0.7143492,-0.040493786
1356422572708,-0.62025553,0.57087386,-0.5379462,-0.3640744,0.39793926,0.8420773,0.6947899,0.71815556,-0.038983464
1356422572748,-0.631189,0.57386565,-0.5218033,-0.3549682,0.384439,0.8521762,0.6896362,0.7231078,-0.03894961
1356422572788,-0.63617676,0.5689074,-0.52117515,-0.3571323,0.3816405,0.85252976,0.68391204,0.7284881,-0.03961563
1356422572828,-0.6335961,0.5574022,-0.5365247,-0.3717745,0.38880962,0.84297734,0.6784834,0.7335734,-0.039120317
1356422572868,-0.6203536,0.53935605,-0.56943536,-0.40105724,0.40578836,0.82127273,0.67402864,0.73785555,-0.035419643
1356422572908,-0.5916271,0.5130769,-0.6218758,-0.44717336,0.4329899,0.7826595,0.6708304,0.74112886,-0.026734293
1356422572949,-0.54055405,0.4753123,-0.6941754,-0.5106434,0.47037876,0.7197132,0.668614,0.74352,-0.011550069
1356422572988,-0.4605482,0.42415333,-0.7797367,-0.5862248,0.51426566,0.62599623,0.6665103,0.74540234,0.011804998
1356422573028,-0.35118005,0.3637198,-0.8627748,-0.6608014,0.55654097,0.5035906,0.6633354,0.7469739,0.044900537
1356422573068,-0.22535834,0.30784917,-0.92436063,-0.7182809,0.5885122,0.3711145,0.6582447,0.74758434,0.08849609
1356422573108,-0.10370979,0.27288187,-0.9564412,-0.75178623,0.60809934,0.255015,0.65120023,0.74548686,0.14208299
1356422573148,-4.979968E-4,0.26622453,-0.96391094,-0.7658098,0.61975795,0.17156783,0.643067,0.73825777,0.2035687
1356422573188,0.079370916,0.28591442,-0.95496243,-0.76828396,0.62795365,0.12415317,0.6351693,0.7238281,0.26950473
1356422573228,0.13733682,0.32360935,-0.9361707,-0.765731,0.6342151,0.10689813,0.6283269,0.7021739,0.33489877
1356422573268,0.17811817,0.3668918,-0.91305226,-0.7622188,0.6382824,0.10778743,0.62233156,0.6767466,0.39334148
1356422573308,0.20929122,0.40007055,-0.8922672,-0.75863147,0.64216906,0.10998726,0.616989,0.6538826,0.43790644
1356422573348,0.23890942,0.4088693,-0.8807656,-0.7526164,0.6511091,0.098109394,0.6135884,0.63943946,0.46327788
1356422573421,0.27636087,0.3767841,-0.88411444,-0.737893,0.6725917,0.055984944,0.61574227,0.63690984,0.46390438
1356422573429,0.30701876,0.32630414,-0.89401627,-0.71939844,0.6945676,0.00645566,0.6230613,0.64117193,0.44798794
1356422573469,0.3435012,0.23950231,-0.9081,-0.69031405,0.7199951,-0.07122916,0.636768,0.6513415,0.41265097
1356422573514,0.37966305,0.118504405,-0.91750354,-0.65294975,0.73690385,-0.17501248,0.6553721,0.6655295,0.35715258
1356422573548,0.39084923,0.020533323,-0.92022574,-0.6295686,0.73528695,-0.25099117,0.67147624,0.6774449,0.30031347
1356422573588,0.39557487,-0.07353482,-0.91548526,-0.6112423,0.72289926,-0.32217932,0.685495,0.68702936,0.24101317
1356422573628,0.38690308,-0.1468087,-0.91035885,-0.6041715,0.70546246,-0.37053943,0.69662243,0.6933757,0.18424797
1356422573668,0.36770523,-0.19840124,-0.90853167,-0.60654867,0.68938965,-0.39603114,0.7049054,0.6966914,0.13315219
1356422573708,0.33984026,-0.22929253,-0.91210395,-0.61606723,0.67850846,-0.40010944,0.71061236,0.69789064,0.08932489
1356422573748,0.3042307,-0.24071448,-0.9216833,-0.6305715,0.674335,-0.384255,0.71401906,0.6980894,0.053365707
1356422573789,0.26061505,-0.23283786,-0.93694526,-0.6481867,0.6770316,-0.34854308,0.7154955,0.698151,0.025522232
1356422573828,0.20706561,-0.2036489,-0.9568966,-0.6672169,0.6859377,-0.29036388,0.71550375,0.69858193,0.0061561465
1356422573868,0.14103982,-0.14966923,-0.97862506,-0.68541944,0.6985153,-0.2056127,0.71435845,0.6997682,-0.0040677786
1356422573908,0.0600155,-0.06827319,-0.99585986,-0.6992371,0.7091059,-0.090753675,0.7123661,0.70178884,-0.0051817894
1356422573948,-0.03201522,0.033237845,-0.9989345,-0.703616,0.7090805,0.04614392,0.7098588,0.7043437,6.852746E-4
1356422573988,-0.12272555,0.13559839,-0.98313355,-0.69652295,0.6938974,0.18265322,0.7069614,0.7071912,0.00928843
1356422574028,-0.19788963,0.21778706,-0.9557241,-0.6825768,0.66914964,0.2938159,0.7035117,0.71049815,0.01623863
1356422574068,-0.2492632,0.2690307,-0.93031734,-0.67013794,0.64558554,0.36624384,0.69913024,0.71473205,0.01936698
1356422574109,-0.2745164,0.28888947,-0.91716075,-0.66624165,0.63061905,0.3980474,0.6933707,0.7203211,0.01935488
1356422574148,-0.27286357,0.28090405,-0.9201296,-0.67426723,0.6263737,0.39117733,0.6862282,0.7271513,0.018489838
1356422574189,-0.2428484,0.24863742,-0.9376588,-0.69344443,0.63142914,0.34703323,0.67835057,0.73449075,0.019074738
1356422574228,-0.18310547,0.19543755,-0.9634711,-0.7190113,0.641739,0.26682153,0.67044395,0.74160314,0.023015857
1356422574268,-0.09588212,0.12742475,-0.9872028,-0.7427597,0.651088,0.1561808,0.6626572,0.74822944,0.032218277
1356422574308,0.00934048,0.056586802,-0.99835396,-0.7557778,0.65414035,0.030005783,0.65476155,0.7542535,0.04887706
1356422574348,0.118315294,-0.002077639,-0.9929738,-0.75345224,0.65115553,-0.091138065,0.64676976,0.7589414,0.07547629
1356422574419,0.21085286,-0.016724735,-0.97737473,-0.73979723,0.6508066,-0.17073587,0.6389374,0.7590593,0.124851525
1356422574440,0.3130825,-0.02705887,-0.9493404,-0.70894265,0.65848947,-0.25257063,0.631965,0.7521033,0.18697834
1356422574479,0.39345866,-0.009874105,-0.91928935,-0.6737857,0.6772003,-0.29565626,0.6254624,0.7357325,0.25979728
1356422574519,0.45897132,0.016300559,-0.88830155,-0.6379428,0.7019319,-0.31673425,0.6183643,0.71205753,0.3325654
1356422574558,0.51388645,0.030052632,-0.85733163,-0.6012107,0.7255095,-0.33493525,0.61193657,0.6875556,0.3908975
1356422574599,0.559579,0.016103804,-0.8286205,-0.5611707,0.74310786,-0.3645245,0.6098842,0.66897786,0.4248646
1356422574636,0.59447557,-0.027004361,-0.80366004,-0.5183548,0.7511951,-0.40867376,0.61474144,0.65952766,0.43256932
1356422574678,0.616328,-0.09146404,-0.78215986,-0.4773993,0.746511,-0.46347737,0.6262824,0.65905666,0.41643074
1356422574718,0.623917,-0.16191301,-0.76453376,-0.44654563,0.72900003,-0.51880246,0.641346,0.66508883,0.38253397
1356422574758,0.6191909,-0.22854611,-0.75124526,-0.43030134,0.7015166,-0.56808025,0.65684354,0.67501193,0.336029
1356422574798,0.60486126,-0.28458765,-0.7437424,-0.4299325,0.6694437,-0.60580784,0.6702991,0.68618876,0.2825671
1356422574878,0.5592617,-0.34359848,-0.7544312,-0.46789217,0.62041676,-0.6294124,0.6843268,0.70499873,0.18620828
1356422574918,0.5270388,-0.38986516,-0.75513923,-0.49595493,0.580462,-0.6458271,0.6901151,0.714891,0.112570465
1356422574958,0.4938848,-0.41041476,-0.76657516,-0.5269386,0.56001014,-0.63931555,0.6916744,0.7196863,0.0603171
1356422574998,0.45996064,-0.41280106,-0.78614986,-0.5568174,0.5555586,-0.6175022,0.6916579,0.7217686,0.025680304
1356422575038,0.4251403,-0.4018315,-0.81104076,-0.5838539,0.56296015,-0.58497053,0.69164324,0.7222238,0.004726112
1356422575078,0.38947922,-0.3799706,-0.83900434,-0.60718745,0.5790325,-0.5440999,0.69255275,0.7213485,-0.00519228
1356422575118,0.3531229,-0.34816116,-0.8683824,-0.62644917,0.6014003,-0.49586195,0.6948853,0.7190977,-0.0057370663
1356422575158,0.3163515,-0.30773392,-0.89734143,-0.6419493,0.62699556,-0.4413364,0.69844323,0.7156651,8.0144405E-4
1356422575198,0.28000063,-0.2619471,-0.923571,-0.6547285,0.65148526,-0.38327217,0.7020899,0.71200466,0.010912061
1356422575238,0.24580383,-0.21611057,-0.9449215,-0.6660856,0.6705538,-0.32663047,0.7042091,0.7096857,0.020876527
1356422575278,0.21633679,-0.17597625,-0.96032846,-0.6770439,0.6816483,-0.27742946,0.7034273,0.71020275,0.028321981
1356422575318,0.19431722,-0.14547068,-0.97009236,-0.68818253,0.68451923,-0.24049589,0.699032,0.71433306,0.032903492
1356422575358,0.1818977,-0.1256791,-0.97525287,-0.6993613,0.6806627,-0.21815604,0.6912359,0.72173613,0.03591585
1356422575422,0.18032312,-0.11546829,-0.9768063,-0.7096667,0.67236006,-0.21048757,0.6810702,0.7311628,0.039298058
1356422575439,0.19010115,-0.11266798,-0.9752781,-0.71760255,0.66199595,-0.21635142,0.670006,0.74099076,0.044995368
1356422575480,0.21043548,-0.11348489,-0.97099847,-0.7222166,0.6513666,-0.23264739,0.6588779,0.7502285,0.055109978
1356422575519,0.24040598,-0.114215374,-0.9639293,-0.7228996,0.64165056,-0.25632143,0.6477816,0.7584454,0.07169038
1356422575549,0.27894452,-0.11788267,-0.9530444,-0.7184429,0.63290644,-0.28856415,0.63720465,0.7652014,0.09185386
1356422575579,0.3178418,-0.115725875,-0.9410548,-0.711328,0.62712634,-0.31737214,0.6268884,0.7702728,0.11700791
1356422575609,0.35799354,-0.10812864,-0.9274421,-0.700928,0.62510026,-0.34343806,0.6168798,0.7730187,0.14799148
1356422575650,0.39986962,-0.08583036,-0.9125445,-0.68638134,0.63177866,-0.36018938,0.6074413,0.77038234,0.19371676
1356422575689,0.44828618,-0.05900058,-0.89194083,-0.6627375,0.6476536,-0.37593076,0.59984887,0.75964713,0.25123224
1356422575730,0.49736047,-0.03187439,-0.86695826,-0.63138175,0.6720478,-0.3869223,0.5949702,0.7398215,0.31412512
1356422575769,0.54143786,-0.011845797,-0.84065735,-0.5961505,0.699651,-0.39381844,0.59283185,0.7143865,0.37175566
1356422575809,0.5760547,-0.005616218,-0.8173918,-0.5619582,0.7234601,-0.40100932,0.5936025,0.6903434,0.4135965
1356422575849,0.5986572,-0.016156316,-0.80084234,-0.5325753,0.7387666,-0.41302234,0.5983085,0.6737676,0.43366352
1356422575888,0.6082071,-0.042597353,-0.79263455,-0.51008886,0.74411654,-0.43139315,0.6081887,0.66669047,0.43084854
1356422575928,0.6046181,-0.08136794,-0.79234856,-0.49605545,0.73983645,-0.45450073,0.6231901,0.66784817,0.40695545
1356422575968,0.58857954,-0.12732895,-0.7983492,-0.49201268,0.7271596,-0.47870922,0.64148086,0.6745564,0.36534384
1356422576008,0.5615835,-0.17506161,-0.8086887,-0.49875733,0.70821834,-0.49966782,0.6602008,0.68394464,0.3104105
1356422576048,0.52594185,-0.21967463,-0.82166183,-0.51555765,0.6860082,-0.513413,0.6764506,0.69363946,0.24754545
1356422576088,0.4845499,-0.25735137,-0.8360512,-0.5400188,0.6638862,-0.51733446,0.6881795,0.70215774,0.18271142
1356422576128,0.4402886,-0.2858913,-0.851124,-0.56885374,0.644594,-0.5107876,0.6946592,0.709059,0.12117708
1356422576168,0.39552957,-0.30439776,-0.8665439,-0.5989566,0.629768,-0.49461424,0.6962811,0.7146567,0.06677085
1356422576208,0.3520019,-0.31287503,-0.88215864,-0.62788016,0.6200371,-0.47044724,0.69416225,0.7194882,0.02180624
1356422576248,0.31077093,-0.3117823,-0.8978938,-0.65390456,0.615452,-0.44003153,0.68980455,0.7238858,-0.01261127
1356422576288,0.27228317,-0.30163914,-0.9137153,-0.67593855,0.61586785,-0.40473935,0.6848131,0.7278191,-0.036199093
1356422576328,0.23664257,-0.2827698,-0.92953837,-0.69335914,0.62105143,-0.3654426,0.6806272,0.73098314,-0.049093843
1356422576368,0.2036657,-0.25517732,-0.9452009,-0.70602244,0.6305662,-0.32236397,0.6782718,0.7329875,-0.051736236
1356422576422,0.17417812,-0.21522194,-0.9609066,-0.71361035,0.6448294,-0.2737797,0.6785443,0.73339933,-0.04126942
1356422576459,0.1409865,-0.16628996,-0.97594595,-0.7201135,0.65926117,-0.21635911,0.6793816,0.73329556,-0.026800752
1356422576499,0.10918071,-0.11660552,-0.98715895,-0.7256606,0.66935223,-0.15932423,0.6793352,0.73373747,-0.011535704
1356422576539,0.077604085,-0.06938803,-0.9945667,-0.73169523,0.6736373,-0.10409045,0.67719984,0.7357976,0.0015060902
1356422576579,0.046211258,-0.026931286,-0.99856853,-0.73868614,0.67201674,-0.05230874,0.67246354,0.740046,0.01116097
1356422576609,0.015876696,0.01044637,-0.9998194,-0.74509734,0.666938,-0.0048635304,0.66676676,0.74503994,0.018372297
1356422576649,-0.010625184,0.042202532,-0.99905264,-0.7519314,0.6582684,0.035803884,0.65915585,0.75159943,0.024739146
1356422576688,-0.033958867,0.07184389,-0.9968376,-0.7580292,0.6481742,0.072538584,0.65133584,0.7580954,0.03244853
1356422576729,-0.0522338,0.10104522,-0.99350965,-0.7630272,0.63778377,0.1049822,0.6442523,0.76355857,0.043786407
1356422576768,-0.06376611,0.1312469,-0.9892968,-0.7676873,0.62694365,0.13265666,0.6376442,0.7679297,0.060778797
1356422576808,-0.067352116,0.16368261,-0.98421115,-0.7731627,0.6149303,0.15517762,0.63062114,0.771407,0.08513647
1356422576848,-0.062346905,0.2000424,-0.97780156,-0.78019583,0.60121024,0.17274496,0.62242067,0.77364683,0.11858863
1356422576888,-0.048734605,0.24328354,-0.9687301,-0.7887256,0.5856878,0.1867666,0.6128106,0.77316415,0.16334069
1356422576928,-0.027857542,0.29587084,-0.95482165,-0.79782623,0.56890076,0.19956255,0.6022435,0.7673411,0.22020537
1356422576968,-0.0035066605,0.3565981,-0.9342513,-0.8063041,0.55159956,0.21356866,0.59149086,0.75403965,0.28559226
1356422577008,0.017994702,0.41788948,-0.9083197,-0.8132647,0.53458154,0.22983262,0.58161557,0.7345686,0.34947437
1356422577048,0.029990554,0.4688983,-0.8827429,-0.8179084,0.5191631,0.24798287,0.57456625,0.7145657,0.39908582
1356422577088,0.028478116,0.50192934,-0.8644397,-0.8191392,0.50734687,0.26760074,0.57288754,0.7004757,0.4255982
1356422577128,0.012880594,0.51505095,-0.85706276,-0.81572753,0.5011281,0.28889304,0.5782929,0.6954086,0.42659605
1356422577168,-0.015188634,0.5101509,-0.8599507,-0.8069501,0.50159883,0.3118174,0.59042424,0.6986735,0.4040478
1356422577208,-0.053134203,0.49091995,-0.8695828,-0.79309416,0.5083906,0.33547068,0.60677695,0.70748603,0.36233288
1356422577248,-0.097963214,0.46185103,-0.881531,-0.7752162,0.5200392,0.35860717,0.6240537,0.7185074,0.3070897
1356422577288,-0.14675984,0.42862433,-0.8914834,-0.75469285,0.5340916,0.38103145,0.6394532,0.7287163,0.2450965
1356422577328,-0.19707096,0.39753485,-0.89617467,-0.7326211,0.54771835,0.40406796,0.65148246,0.7361865,0.18330306
1356422577368,-0.2473596,0.373898,-0.8938754,-0.7093402,0.5585631,0.42993438,0.66003746,0.7404103,0.12705505
1356422577423,-0.2971794,0.35747492,-0.8853791,-0.684168,0.5670918,0.45860773,0.66603196,0.74203676,0.07604486
1356422577459,-0.35242942,0.3594819,-0.8640407,-0.653878,0.56593084,0.5021612,0.66950506,0.74195355,0.035606623
1356422577499,-0.40211362,0.37098503,-0.83706313,-0.6224131,0.55974156,0.5470752,0.67149574,0.74098545,0.005826235
1356422577558,-0.44714576,0.39280018,-0.8035974,-0.588997,0.5468312,0.595028,0.6731592,0.73938066,-0.013155103
1356422577588,-0.48670718,0.42668325,-0.76227117,-0.553964,0.5239551,0.6469891,0.67545533,0.7371651,-0.018645525
1356422577628,-0.5251261,0.46760458,-0.71104753,-0.5154917,0.49002224,0.70295554,0.6771343,0.73567945,-0.016277134
1356422577666,-0.555707,0.50325274,-0.66176003,-0.48238966,0.45310938,0.74966127,0.67711884,0.7358182,-0.00903213
1356422577708,-0.58049846,0.53029245,-0.61790895,-0.45566893,0.41734612,0.7862494,0.674824,0.73797846,-6.3097477E-4
1356422577748,-0.6009711,0.5478205,-0.58200216,-0.4352158,0.38646048,0.8131639,0.6703887,0.7419845,0.0061685443
1356422577788,-0.61738175,0.55645406,-0.55605644,-0.4218667,0.36241996,0.83107185,0.66397923,0.7476702,0.010997951
1356422577828,-0.6288974,0.55791813,-0.5414936,-0.4168674,0.345923,0.8405705,0.65628463,0.7543637,0.015027821
1356422577868,-0.6340049,0.5536015,-0.53996605,-0.4220344,0.3374009,0.84145576,0.64801615,0.7613712,0.019725025
1356422577908,-0.6302795,0.54389304,-0.55401105,-0.440081,0.33758497,0.8320848,0.6395909,0.7682557,0.026584089
1356422577948,-0.6143789,0.52850175,-0.5858535,-0.47399577,0.3463725,0.8095394,0.6307666,0.77505606,0.037703633
1356422577989,-0.58178216,0.50791115,-0.63526034,-0.52514154,0.36185753,0.77025026,0.62109244,0.7817195,0.056203067
1356422578028,-0.52844465,0.485964,-0.69612145,-0.5899915,0.3793825,0.71272635,0.61045563,0.7873423,0.086232066
1356422578068,-0.45547706,0.472102,-0.7547584,-0.6583381,0.3920871,0.6425407,0.59927577,0.7895489,0.13221604
1356422578108,-0.37312686,0.4781715,-0.7950651,-0.71767837,0.39433116,0.5739693,0.5879747,0.78476435,0.19603771
1356422578148,-0.2958868,0.5075496,-0.8092246,-0.7617387,0.38579482,0.5204963,0.5763724,0.77042574,0.27246857
1356422578188,-0.23184699,0.54796505,-0.80372965,-0.79204535,0.37332672,0.48300236,0.5647222,0.748573,0.34745848
1356422578228,-0.18028921,0.5811565,-0.79356974,-0.81182516,0.36761373,0.4536519,0.5553699,0.72602844,0.40552068
1356422578268,-0.1361273,0.594736,-0.7923121,-0.82262516,0.3777957,0.42492145,0.55204827,0.7096192,0.43781644
1356422578308,-0.09480417,0.5841982,-0.80605507,-0.8247928,0.40729994,0.39220354,0.55743074,0.70201087,0.44322866
1356422578348,-0.053832114,0.5488566,-0.8341814,-0.8190259,0.45362133,0.35131797,0.57122576,0.7021283,0.4251083
1356422578388,-0.012938887,0.4897592,-0.87176174,-0.8069757,0.50969696,0.29832715,0.59044284,0.70735055,0.3886289
1356422578427,0.02736047,0.40808153,-0.91253537,-0.7905843,0.56748784,0.23007385,0.6117416,0.71514124,0.3381496
1356422578468,0.060383976,0.31497818,-0.9471761,-0.7730618,0.61504036,0.15524438,0.6314502,0.7228514,0.2806362
1356422578509,0.08372313,0.21950424,-0.97201246,-0.7572956,0.6480159,0.081109166,0.6476833,0.7293101,0.22048354
1356422578548,0.089044034,0.1401946,-0.9861119,-0.74674046,0.6645652,0.02705136,0.65912807,0.73396087,0.16386455
1356422578588,0.07573958,0.08532542,-0.99347025,-0.7422291,0.6701455,9.7066164E-4,0.6658525,0.737309,0.11408752
1356422578628,0.039703548,0.06330705,-0.9972041,-0.74226224,0.6699838,0.012980491,0.6689324,0.73967147,0.07359111
1356422578668,-0.019922897,0.07663247,-0.9968603,-0.7420504,0.66707605,0.06611103,0.67004794,0.7410378,0.04357505
1356422578708,-0.10263221,0.1254695,-0.98677456,-0.73451245,0.65940493,0.1602391,0.6707891,0.7412439,0.024482727
1356422578748,-0.2029795,0.20455307,-0.957579,-0.7120469,0.64046204,0.28774583,0.6721523,0.7402476,0.01565069
1356422578788,-0.307426,0.29842734,-0.9035653,-0.67171586,0.6045177,0.42820102,0.674008,0.73857933,0.014613986
1356422578828,-0.39838213,0.38454896,-0.83271474,-0.62077135,0.5553042,0.5534259,0.6752294,0.7374004,0.017493725
1356422578868,-0.46532297,0.44680992,-0.7640913,-0.57297564,0.50592345,0.6447794,0.6746655,0.7378363,0.020593345
1356422578908,-0.50767565,0.4819637,-0.7141263,-0.53952307,0.46838653,0.6996634,0.67169946,0.7404897,0.02224207
1356422578948,-0.52828956,0.49359304,-0.69085175,-0.5263997,0.4480126,0.7226259,0.6661933,0.7454198,0.023146868
1356422578988,-0.5277101,0.48559493,-0.6969359,-0.53629214,0.44580674,0.71669173,0.6587206,0.7519667,0.025164008
1356422579028,-0.50180465,0.45886648,-0.73323506,-0.5704546,0.46165085,0.6793086,0.65021044,0.7591575,0.030103981
1356422579068,-0.44081637,0.4099947,-0.79848945,-0.6282291,0.4944516,0.6007045,0.64110005,0.7664346,0.03960818
1356422579108,-0.33195776,0.33406317,-0.8821597,-0.70114994,0.5382208,0.4676613,0.6310252,0.7737701,0.05556178
1356422579148,-0.17372355,0.23631328,-0.95602095,-0.76573545,0.5780238,0.28202415,0.619249,0.7810534,0.08053708
1356422579188,0.0072529614,0.1427252,-0.9897358,-0.7958523,0.6000885,0.080703795,0.6054475,0.7870981,0.117940605
1356422579229,0.1707375,0.08576578,-0.9815768,-0.7890173,0.60859215,-0.084067255,0.5901698,0.78883445,0.1715802
1356422579268,0.29935497,0.07442546,-0.9512347,-0.76181364,0.61889935,-0.19132066,0.57447946,0.78193635,0.24196893
1356422579308,0.40062487,0.08883631,-0.9119253,-0.7257021,0.6383563,-0.25662747,0.5593355,0.76459754,0.3202101
1356422579348,0.48918033,0.09366131,-0.8671391,-0.67949533,0.6642321,-0.31157967,0.5467986,0.74163556,0.38857168
1356422579388,0.5727685,0.059796453,-0.81753325,-0.6157256,0.6897641,-0.38092983,0.54112685,0.7215607,0.43189335
1356422579427,0.6471858,-0.020739973,-0.76205015,-0.53151137,0.7043183,-0.47056496,0.5464854,0.70958126,0.44480127
1356422579468,0.70066315,-0.12893851,-0.70174503,-0.43952733,0.6967582,-0.56687194,0.5620382,0.7056224,0.4315208
1356422579508,0.7282351,-0.23994318,-0.64195085,-0.35881022,0.6645736,-0.65543664,0.58389115,0.70765054,0.3978718
1356422579548,0.734332,-0.33528787,-0.59020215,-0.30356288,0.6154836,-0.7273441,0.6071294,0.7132755,0.35018834
1356422579588,0.72738916,-0.40807244,-0.55170816,-0.27703682,0.5609205,-0.7801402,0.62781817,0.72030896,0.29495636
1356422579628,0.7143322,-0.45980322,-0.5275514,-0.27456355,0.509264,-0.8156378,0.64369583,0.7274828,0.23753849
1356422579668,0.6991273,-0.49393943,-0.5169574,-0.2895541,0.46548623,-0.83634984,0.6537427,0.7344022,0.18241194
1356422579708,0.6834719,-0.5140708,-0.51826376,-0.31576723,0.43190563,-0.8448364,0.6581468,0.7410727,0.13286862
1356422579748,0.66753197,-0.523321,-0.5296567,-0.34794557,0.40965712,-0.8432764,0.65828186,0.7472056,0.09137201
1356422579788,0.6506601,-0.52418053,-0.5494327,-0.38194934,0.39944202,-0.8334031,0.65632015,0.75211763,0.059690595
1356422579828,0.6319882,-0.51826733,-0.5761857,-0.4152262,0.40131515,-0.816415,0.65435326,0.755212,0.038428277
1356422579868,0.61104494,-0.506162,-0.60862476,-0.44706902,0.41383576,-0.7930128,0.6532636,0.75666374,0.026582897
1356422579908,0.5874613,-0.4876792,-0.6458005,-0.47881046,0.43388492,-0.76320666,0.6524031,0.7575703,0.021384686
1356422579948,0.5613516,-0.46367854,-0.6854828,-0.5114241,0.45684245,-0.7278327,0.65063804,0.7591424,0.019312829
1356422579988,0.53374374,-0.43656594,-0.7242429,-0.5441217,0.47830358,-0.68931663,0.6473402,0.7619947,0.017746568
1356422580050,0.50661093,-0.40525365,-0.7609959,-0.5784772,0.49471337,-0.6485543,0.63930386,0.76878357,0.016197205
1356422580088,0.48126134,-0.3751537,-0.792242,-0.60787475,0.5083414,-0.6099814,0.6315662,0.77514434,0.016598582
1356422580128,0.46328616,-0.34842658,-0.8148404,-0.62943125,0.5178864,-0.5793185,0.6238447,0.7812762,0.020619035
1356422580168,0.45507535,-0.32516095,-0.82896125,-0.6429095,0.5241302,-0.5585291,0.61609554,0.7871199,0.029469669
1356422580208,0.45703137,-0.3029669,-0.8362616,-0.6495097,0.5286592,-0.5464948,0.60766727,0.7929253,0.0448339
1356422580248,0.46878046,-0.27830654,-0.838326,-0.65037256,0.53345734,-0.54077613,0.59771276,0.7987294,0.06907138
1356422580288,0.48985204,-0.24765489,-0.83589,-0.64554465,0.54136467,-0.53869885,0.5859327,0.803487,0.10531628
1356422580328,0.51966083,-0.20832002,-0.82858646,-0.63363,0.55659056,-0.53732675,0.5731193,0.8042448,0.15724048
1356422580368,0.5566842,-0.16079804,-0.8150134,-0.61283934,0.5828505,-0.53358537,0.5608305,0.79651076,0.22592029
1356422580422,0.59836483,-0.10286012,-0.7945938,-0.58219457,0.6255243,-0.51939285,0.5504625,0.7733946,0.31440714
1356422580459,0.63780487,-0.06467907,-0.76747733,-0.54768336,0.66252613,-0.51098144,0.54152364,0.7462411,0.38713875
1356422580499,0.6661509,-0.051578715,-0.7440313,-0.5171979,0.686818,-0.5106734,0.537354,0.7249969,0.43084806
1356422580540,0.6798919,-0.06146273,-0.7307321,-0.49500403,0.69673246,-0.5191674,0.5410342,0.71469307,0.4432784
1356422580598,0.6784623,-0.087107405,-0.72945255,-0.48342323,0.6947287,-0.5325917,0.5531643,0.7139778,0.42923748
1356422580618,0.6630126,-0.120083034,-0.7389143,-0.4837916,0.6845089,-0.5453377,0.5712792,0.71904624,0.39574286
1356422580658,0.63545257,-0.1537247,-0.75668275,-0.4960597,0.6697113,-0.5526406,0.5917134,0.7265367,0.34931317
1356422580696,0.59772766,-0.18340376,-0.78043866,-0.5187398,0.6537491,-0.5509274,0.61125326,0.7341492,0.2956251
1356422580738,0.55159605,-0.20725714,-0.8079519,-0.5492291,0.6387644,-0.5388205,0.6277653,0.7409619,0.23850822
1356422580778,0.49861437,-0.22253242,-0.83777267,-0.5851027,0.6266907,-0.5146977,0.63956124,0.74681866,0.18227264
1356422580818,0.4405663,-0.22824398,-0.86822,-0.6231276,0.6184508,-0.47878033,0.6462301,0.7519463,0.13024348
1356422580858,0.3780513,-0.22270925,-0.89859766,-0.6602496,0.6155372,-0.43033051,0.64895886,0.75598574,0.085660994
1356422580898,0.311699,-0.20485307,-0.9278356,-0.6930618,0.618984,-0.36949155,0.6500069,0.7582176,0.05096084
1356422580938,0.24187854,-0.17332938,-0.95469975,-0.71902907,0.62865037,-0.29630387,0.6515305,0.7581264,0.02742821
1356422580978,0.16869858,-0.12712383,-0.9774355,-0.73712724,0.64205694,-0.21072805,0.65435785,0.7560439,0.014607668
1356422581018,0.09267044,-0.06725511,-0.99342287,-0.74787414,0.653972,-0.114038825,0.6573405,0.7535233,0.010305524
1356422581058,0.015182868,0.0017425418,-0.9998832,-0.7525265,0.65848166,-0.010279238,0.6583868,0.7525947,0.011308968
1356422581098,-0.06098874,0.07219264,-0.99552435,-0.75196266,0.6525571,0.093389034,0.65637845,0.7542927,0.014487505
1356422581138,-0.1319373,0.1369139,-0.9817571,-0.74690646,0.6374227,0.18926972,0.65170795,0.7582525,0.018162072
1356422581178,-0.19347274,0.19220135,-0.9620951,-0.73891544,0.6165613,0.2717651,0.6454242,0.763486,0.022732735
1356422581218,-0.2420252,0.23717117,-0.94083655,-0.7304863,0.5936646,0.33756793,0.63860273,0.7689682,0.029568553
1356422581258,-0.2749029,0.27180836,-0.9222519,-0.72465575,0.57184255,0.3845387,0.6319037,0.774026,0.03976631
1356422581298,-0.29042625,0.29663175,-0.90975934,-0.7243995,0.5530388,0.41157424,0.6252182,0.77856123,0.054262936
1356422581338,-0.28781295,0.31350157,-0.9049201,-0.73183537,0.5374785,0.4189675,0.61772203,0.7828369,0.07473832
1356422581378,-0.26732087,0.32659328,-0.906574,-0.7472216,0.52378994,0.40902805,0.60844016,0.7867534,0.104017556
1356422581425,-0.23108864,0.34326312,-0.91036713,-0.76837015,0.50959694,0.38719267,0.5968293,0.7889748,0.14599109
1356422581459,-0.1836454,0.37172627,-0.9099966,-0.7912376,0.49341038,0.36123297,0.5832815,0.7863623,0.2035113
1356422581499,-0.13249168,0.41676605,-0.8993064,-0.8117963,0.4749575,0.33970892,0.5687115,0.7750622,0.27540123
1356422581539,-0.08455664,0.4713791,-0.8778678,-0.8280882,0.4567601,0.32502335,0.5541842,0.7544349,0.3517214
1356422581579,-0.044090986,0.52012706,-0.8529499,-0.83943594,0.44362664,0.31391504,0.54166704,0.7298378,0.41705346
1356422581619,-0.0115609765,0.55006135,-0.83504415,-0.8449899,0.44114792,0.30229223,0.53465724,0.7090987,0.45969626
1356422581658,0.014499426,0.5564017,-0.8307868,-0.8436526,0.45277935,0.28851533,0.5366936,0.6967122,0.4759749
1356422581698,0.03551978,0.53947955,-0.8412491,-0.835164,0.47832894,0.27148187,0.5488527,0.692938,0.46754414
1356422581738,0.052094787,0.50118786,-0.863769,-0.8208886,0.51405966,0.2487661,0.5687074,0.6960987,0.43819922
1356422581779,0.06381267,0.4446289,-0.89343894,-0.80353385,0.5538167,0.21822117,0.5918288,0.7039831,0.3926149
1356422581818,0.06937376,0.37528735,-0.9243088,-0.7862597,0.5908296,0.18087581,0.61398935,0.7141987,0.33606136
1356422581858,0.067088395,0.30145454,-0.95111734,-0.7718866,0.6197064,0.14196852,0.63221055,0.72463036,0.27426386
1356422581898,0.055664808,0.23255876,-0.9709881,-0.76225233,0.6380173,0.10911137,0.644882,0.7340643,0.21278352
1356422581938,0.03451051,0.17689052,-0.9836253,-0.7578418,0.64625245,0.08963013,0.6515249,0.7423392,0.15635759
1356422581978,0.0036275834,0.14022622,-0.99011284,-0.75771034,0.6465227,0.08878863,0.6525809,0.7498967,0.108596206
1356422582018,-0.036597624,0.12581635,-0.99137825,-0.7595454,0.6411862,0.10941258,0.6494239,0.75700104,0.07209736
1356422582058,-0.085259825,0.13442212,-0.9872494,-0.75992024,0.63206935,0.15168893,0.6444005,0.7631638,0.048260033
1356422582098,-0.1401827,0.16320992,-0.97658145,-0.75542706,0.6199719,0.21204922,0.6400616,0.76746166,0.036383808
1356422582138,-0.19752577,0.20511514,-0.95859855,-0.74475384,0.60445535,0.28279936,0.63743645,0.76978016,0.033364773
1356422582178,-0.2524646,0.25038415,-0.9346492,-0.72967446,0.58512205,0.3538464,0.63548136,0.77132344,0.034976363
1356422582218,-0.3007885,0.29030502,-0.9084323,-0.7134707,0.5635805,0.41633707,0.6328395,0.77336925,0.037605643
1356422582258,-0.33984643,0.3203263,-0.8842486,-0.6990938,0.54288024,0.46534806,0.6291044,0.77631956,0.03944218
1356422582298,-0.3682063,0.33997548,-0.86535597,-0.68879724,0.5254111,0.49950123,0.62448585,0.7799742,0.040714443
1356422582338,-0.38481602,0.35081416,-0.85372496,-0.6841058,0.5125179,0.51896507,0.6196096,0.78374416,0.042768896
1356422582378,-0.38849115,0.35446638,-0.85054576,-0.68597656,0.5050432,0.52380097,0.6152322,0.78694654,0.046950877
1356422582425,-0.3778733,0.3518932,-0.8563779,-0.6951921,0.50305647,0.513461,0.61148983,0.7893703,0.054541767
1356422582459,-0.35151425,0.34376627,-0.8707826,-0.7121374,0.505592,0.48706985,0.6076989,0.7913289,0.06708604
1356422582499,-0.30945083,0.3329407,-0.8907248,-0.7354399,0.50999475,0.4461317,0.60280037,0.7931304,0.08703959
1356422582539,-0.2531436,0.32479632,-0.91127694,-0.7620673,0.5133247,0.39465326,0.5959629,0.7943583,0.11757183
1356422582579,-0.18779,0.328482,-0.9256535,-0.78744626,0.5129479,0.34177876,0.5870802,0.7930851,0.16233546
1356422582618,-0.12104145,0.35211033,-0.92809874,-0.8078658,0.5083468,0.29822195,0.576803,0.7858765,0.22292686
1356422582658,-0.05967191,0.3937396,-0.9172831,-0.8223276,0.50153434,0.26877612,0.5658768,0.7703456,0.2938555
1356422582698,-0.00712049,0.438798,-0.89855754,-0.83161503,0.49640203,0.24900097,0.5553069,0.74902695,0.3613764
1356422582738,0.036095053,0.4701764,-0.88183415,-0.8358726,0.4978461,0.23122787,0.5477356,0.72875476,0.4109773
1356422582778,0.07044724,0.478545,-0.87523246,-0.83420235,0.5093504,0.21134937,0.5469402,0.715232,0.4350857
1356422582818,0.09603086,0.46271858,-0.8812886,-0.8264049,0.53057706,0.18852791,0.5548269,0.71019673,0.43334472
1356422582858,0.1120944,0.42617893,-0.89766717,-0.81409395,0.55739653,0.16297278,0.5698122,0.71251714,0.40943074
1356422582898,0.11750513,0.37444574,-0.91977334,-0.7999483,0.5845099,0.13576084,0.58845174,0.7198185,0.3682201
1356422582938,0.11138314,0.3138398,-0.94292015,-0.7865461,0.60776794,0.109377,0.60740346,0.7294674,0.31454462
1356422582978,0.09293991,0.25230056,-0.96317524,-0.7759895,0.62447757,0.08870211,0.6238609,0.73916996,0.2538215
1356422583018,0.061966717,0.19826409,-0.97818786,-0.7692957,0.6338963,0.07974762,0.63588077,0.747574,0.19180417
1356422583058,0.01843983,0.15966484,-0.9869991,-0.76585746,0.6368611,0.088715404,0.64274603,0.7542646,0.13402408
1356422583098,-0.037701502,0.14308712,-0.98899186,-0.76299655,0.63498515,0.120955735,0.6453023,0.7591574,0.08523506
1356422583138,-0.10645744,0.15324682,-0.98243684,-0.7560297,0.62927675,0.1800825,0.64582175,0.7619226,0.04886794
1356422583178,-0.18661469,0.19152516,-0.96358335,-0.73943615,0.61839676,0.26611942,0.64684546,0.76217026,0.026218712
1356422583218,-0.27389884,0.25326407,-0.92781293,-0.70937485,0.59822565,0.37271088,0.6494359,0.7602522,0.01580578
1356422583258,-0.35994166,0.32574874,-0.87425953,-0.66696453,0.56540006,0.48526397,0.6523805,0.75776684,0.013751864
1356422583298,-0.4356911,0.39237255,-0.81007224,-0.6190911,0.5226606,0.5861331,0.65337545,0.7568815,0.015195727
1356422583338,-0.49629092,0.44171476,-0.74738437,-0.5743933,0.47845614,0.6641928,0.65097445,0.75892544,0.016264558
1356422583378,-0.54159355,0.4717618,-0.69578546,-0.5387996,0.44051772,0.7180803,0.6452686,0.76379645,0.015603483
1356422583426,-0.5729385,0.48605618,-0.6599173,-0.5153663,0.41241986,0.75120395,0.6372903,0.77049285,0.014205813
1356422583459,-0.59083873,0.48891848,-0.6417697,-0.505899,0.39512962,0.76677173,0.6284711,0.77770907,0.013885498
1356422583499,-0.5943952,0.48283625,-0.643089,-0.5123818,0.38896114,0.76562005,0.61980575,0.78458804,0.016199827
1356422583538,-0.5807997,0.4679482,-0.6661053,-0.53758395,0.39397573,0.745511,0.61128986,0.79108006,0.022740483
1356422583596,-0.54514414,0.44348973,-0.71143144,-0.5833717,0.40877783,0.70183915,0.6020759,0.7976325,0.035876572
1356422583618,-0.48207515,0.41141096,-0.7735274,-0.64647335,0.42886358,0.6309899,0.59133387,0.8042494,0.059221745
1356422583659,-0.39252406,0.38183787,-0.8367344,-0.7146437,0.4460622,0.5388069,0.57897246,0.8094617,0.09778792
1356422583696,-0.28934255,0.37095904,-0.882423,-0.7721585,0.45437536,0.44420075,0.5657316,0.8098966,0.15496898
1356422583738,-0.1936976,0.39086473,-0.89983666,-0.8110142,0.45230535,0.37104705,0.5520301,0.80165124,0.22938639
1356422583778,-0.112176836,0.42797714,-0.8968009,-0.83533686,0.44816852,0.31836647,0.5381715,0.7848442,0.307231
1356422583818,-0.040875673,0.45776945,-0.8881308,-0.8489705,0.45278895,0.27245444,0.52685714,0.76513356,0.3701247
1356422583858,0.03096354,0.45804793,-0.88838804,-0.8515958,0.47741467,0.2164712,0.5232836,0.74984485,0.40485412
1356422583898,0.10955089,0.41826385,-0.90169513,-0.8404587,0.52330846,0.1406329,0.53068626,0.7424309,0.40886235
1356422583938,0.19410676,0.33693483,-0.9213021,-0.8140826,0.5793451,0.040358752,0.54735017,0.742182,0.38674754
1356422583978,0.2766251,0.22231561,-0.93490875,-0.77468944,0.6272531,-0.080061704,0.56862545,0.74641097,0.34573948
1356422584018,0.3456362,0.09288266,-0.9337604,-0.72960913,0.65235937,-0.20517734,0.5900899,0.7521968,0.29324704
1356422584058,0.39318073,-0.029886335,-0.91897535,-0.6891649,0.6520402,-0.31606233,0.60865486,0.7575952,0.23577303
1356422584098,0.41733378,-0.12966463,-0.89945513,-0.6621531,0.63450205,-0.39869833,0.6224032,0.7619673,0.17894131
1356422584138,0.42038307,-0.1992988,-0.88518816,-0.65225774,0.6117978,-0.44750792,0.6307439,0.7654956,0.12719524
1356422584178,0.40524644,-0.23864958,-0.88250875,-0.65817976,0.59380454,-0.46281266,0.63448775,0.7684026,0.08356285
1356422584220,0.37321252,-0.24999507,-0.8934288,-0.67607135,0.58618975,-0.44644058,0.63532674,0.7706387,0.04975885
1356422584258,0.32100576,-0.23268022,-0.91804975,-0.7023801,0.5917611,-0.39557683,0.63530904,0.7718023,0.026528776
1356422584299,0.25042492,-0.18872118,-0.949564,-0.7303595,0.6069988,-0.313253,0.6355016,0.7719694,0.014173329
1356422584338,0.15675595,-0.1156221,-0.98084617,-0.7555163,0.625595,-0.19448957,0.6360997,0.77153265,0.010711372
1356422584378,0.045979053,-0.021856308,-0.99870324,-0.76986784,0.6362909,-0.04936874,0.6365448,0.77113944,0.012429595
1356422584425,-0.06556578,0.07376206,-0.99511826,-0.7691578,0.6315785,0.09749287,0.6356865,0.77179515,0.015324712
1356422584459,-0.15875772,0.1509178,-0.97571504,-0.75816774,0.6143992,0.21839234,0.63243794,0.7744272,0.016880333
1356422584498,-0.22241235,0.19972211,-0.9542767,-0.7469967,0.59407985,0.2984377,0.6265211,0.7792177,0.017061114
1356422584538,-0.25438476,0.22148627,-0.9413991,-0.7433282,0.5779324,0.33683425,0.6186693,0.785454,0.017619789
1356422584578,-0.2553842,0.22089726,-0.94126683,-0.7501957,0.568865,0.33704454,0.609906,0.79221016,0.020437062
1356422584618,-0.22523293,0.20122945,-0.95329785,-0.76691103,0.5668638,0.3008538,0.6009307,0.7988568,0.0266487
1356422584658,-0.1643269,0.16557059,-0.9724109,-0.78916645,0.56936437,0.23030517,0.59178793,0.80523944,0.03710085
