1356423374001,-0.34085947,-0.3391564,-0.8768054,-0.6920682,-0.54071313,0.47819543,-0.6362833,0.7698066,-0.050412178
1356423374039,-0.098644495,-0.016373336,0.994988,0.76511973,0.638071,0.086355,-0.6362869,0.7698034,-0.05041462
1356423374078,-0.09863889,-0.016323477,0.9949893,0.76510024,0.6380995,0.08631721,-0.6363112,0.7697809,-0.050452292
1356423374118,-0.09865528,-0.016137391,0.99499077,0.76504374,0.6381822,0.08620602,-0.63637656,0.7697162,-0.050614238
1356423374160,-0.09885609,-0.015898407,0.99497473,0.76493526,0.6383131,0.08619988,-0.6364758,0.7696126,-0.050939858
1356423374198,-0.09954183,-0.01607421,0.9949035,0.76476777,0.6384282,0.08683112,-0.6365703,0.7695135,-0.051257312
1356423374238,-0.100955114,-0.01730904,0.9947404,0.76453173,0.63845384,0.08870092,-0.6366312,0.76946545,-0.051221848
1356423374280,-0.103086784,-0.019984424,0.99447167,0.76420873,0.6383671,0.09204608,-0.6366775,0.7694726,-0.050534964
1356423374318,-0.10567589,-0.024048686,0.9941098,0.7637949,0.6381847,0.09663138,-0.63674957,0.76950765,-0.049072504
1356423374358,-0.108290866,-0.029252797,0.9936888,0.7633381,0.6379011,0.10196644,-0.636858,0.7695625,-0.046749115
1356423374397,-0.110487625,-0.035209864,0.9932536,0.7629373,0.63747764,0.107465655,-0.63696086,0.76966393,-0.04357046
1356423374440,-0.11190453,-0.0412426,0.9928627,0.7627063,0.63689935,0.11242002,-0.6369902,0.769843,-0.039815962
1356423374478,-0.11234237,-0.046432048,0.9925841,0.76269937,0.6362496,0.11608672,-0.6369214,0.77008474,-0.03606409
1356423374518,-0.11183111,-0.050123364,0.9924623,0.762849,0.63570625,0.1180639,-0.63683224,0.77030206,-0.032855153
1356423374559,-0.11056708,-0.05199915,0.99250746,0.7629826,0.63550323,0.11829269,-0.6368929,0.7703452,-0.03059131
1356423374598,-0.10885961,-0.051804572,0.99270636,0.7628813,0.6358932,0.116841346,-0.6373082,0.77003646,-0.029702365
1356423374638,-0.10705249,-0.049372345,0.99302673,0.7623453,0.63707596,0.11385888,-0.638255,0.76921815,-0.030561805
1356423374678,-0.10560872,-0.04528895,0.99337596,0.76124287,0.639058,0.11006519,-0.63980955,0.7678242,-0.03301418
1356423374718,-0.10504751,-0.041060835,0.99361914,0.75956726,0.64159775,0.1068168,-0.64188975,0.7659415,-0.036209762
1356423374758,-0.10575923,-0.038427263,0.993649,0.75746226,0.6442925,0.105537295,-0.6442561,0.76381314,-0.039032698
1356423374798,-0.107847214,-0.038494974,0.993422,0.7551527,0.64675075,0.107041866,-0.646617,0.76172936,-0.040680707
1356423374838,-0.11111902,-0.04157409,0.9929371,0.7528074,0.64874417,0.11140907,-0.6487938,0.7598701,-0.0407905
1356423374878,-0.11522615,-0.047368765,0.99220926,0.75053036,0.6501792,0.118199766,-0.6507128,0.75830287,-0.039365947
1356423374926,-0.11972362,-0.05485168,0.99129087,0.7484218,0.6510635,0.12641668,-0.6523275,0.7570387,-0.036895514
1356423374968,-0.12426938,-0.062279046,0.9902921,0.7465168,0.6515981,0.13465738,-0.65365875,0.7560035,-0.034481287
1356423374999,-0.129326,-0.068288535,0.9892479,0.74470556,0.65203166,0.14236683,-0.65474296,0.7551102,-0.033469796
1356423375037,-0.13388763,-0.06976971,0.98853743,0.74289036,0.65313756,0.14671478,-0.65588725,0.7540182,-0.0356158
1356423375078,-0.13952081,-0.067469865,0.9879179,0.7404369,0.6553283,0.14932546,-0.6574855,0.7523248,-0.04147476
1356423375118,-0.14698833,-0.061728448,0.9872102,0.7368299,0.6590191,0.1509158,-0.6599062,0.7495888,-0.051384747
1356423375158,-0.1571917,-0.053462744,0.98611987,0.7316678,0.6643497,0.15264887,-0.6632894,0.74550736,-0.06531328
1356423375199,-0.17083101,-0.043950558,0.9843196,0.7247664,0.67115927,0.15575269,-0.66748065,0.7400092,-0.082800925
1356423375239,-0.18832724,-0.034859896,0.98148745,0.716248,0.6788901,0.16154566,-0.6719536,0.7334119,-0.10288519
1356423375278,-0.20951115,-0.027097046,0.9774308,0.7065528,0.6868163,0.17048919,-0.67593515,0.7263258,-0.1247502
1356423375319,-0.234007,-0.02088952,0.97201043,0.69619095,0.6942642,0.18252519,-0.67864484,0.7194171,-0.14791954
1356423375358,-0.2613997,-0.01678127,0.9650848,0.68536115,0.70081884,0.19782075,-0.67966926,0.7131419,-0.17169261
1356423375398,-0.29056343,-0.014045,0.95675266,0.6741157,0.7066115,0.21510027,-0.6790736,0.70746225,-0.19584751
1356423375438,-0.32082808,-0.012444407,0.94705564,0.66204345,0.7121192,0.23363362,-0.677324,0.7019482,-0.22022915
1356423375478,-0.351349,-0.0117177665,0.9361712,0.6486906,0.71796453,0.2524429,-0.6750958,0.695981,-0.2446549
1356423375518,-0.38117582,-0.011614174,0.92442954,0.6338109,0.7246667,0.27044767,-0.6730443,0.6890016,-0.2688642
1356423375558,-0.40944782,-0.012270451,0.912251,0.6173928,0.7324488,0.2869579,-0.67169833,0.6807115,-0.2923239
1356423375598,-0.43533823,-0.014101058,0.9001565,0.5996928,0.741204,0.30163753,-0.671453,0.67113173,-0.3142181
1356423375638,-0.45814008,-0.01745841,0.8887086,0.5812793,0.7505111,0.31440014,-0.6724746,0.6606272,-0.333691
1356423375678,-0.47735155,-0.021935105,0.87843853,0.5632621,0.7596563,0.32505083,-0.6744414,0.6499547,-0.3502679
1356423375718,-0.4927327,-0.02670914,0.8697707,0.5473966,0.767476,0.33367276,-0.6764403,0.64052105,-0.36354005
1356423375758,-0.5041886,-0.031659186,0.863013,0.5357721,0.7722925,0.34133935,-0.677305,0.63447773,-0.37241894
1356423375798,-0.5116676,-0.03773953,0.8583543,0.5300113,0.77243495,0.3499033,-0.676228,0.6339716,-0.37522757
1356423375838,-0.51508373,-0.04710591,0.8558445,0.53043956,0.76680535,0.36144635,-0.6732924,0.6401489,-0.36998212
1356423375878,-0.51424,-0.06255233,0.8553622,0.53570056,0.7554244,0.37730473,-0.66976273,0.6522432,-0.35496008
1356423375927,-0.5088802,-0.08677068,0.85645294,0.5440211,0.73863155,0.39807576,-0.66714454,0.66850144,-0.3286699
1356423375960,-0.4989016,-0.11888094,0.8584664,0.5544483,0.717533,0.42158455,-0.6660963,0.6863044,-0.29206502
1356423376000,-0.48443645,-0.15627299,0.8607555,0.56689596,0.69330543,0.4449231,-0.66629595,0.7034958,-0.2472719
1356423376029,-0.46690497,-0.18930759,0.86380696,0.5813494,0.67035794,0.46114326,-0.66635776,0.71748364,-0.20293963
1356423376070,-0.4468866,-0.22606416,0.86555606,0.5963079,0.645973,0.47658762,-0.6668653,0.72911847,-0.15387285
1356423376110,-0.42241704,-0.2590158,0.86860496,0.61370426,0.62349355,0.4843788,-0.66703135,0.7376765,-0.10441518
1356423376150,-0.3947896,-0.28532192,0.87334573,0.6321609,0.6054294,0.4835575,-0.6667187,0.7429985,-0.05864793
1356423376189,-0.36513266,-0.30362248,0.88005203,0.6501017,0.5934918,0.4744842,-0.6663677,0.745373,-0.019317687
1356423376219,-0.3343347,-0.31297156,0.88897085,0.6668222,0.58801675,0.4578039,-0.6660093,0.74584526,0.012102008
1356423376260,-0.30552816,-0.31637537,0.89808637,0.6801539,0.58755606,0.43837038,-0.6663657,0.7447715,0.03566903
1356423376300,-0.27580982,-0.3110327,0.9094986,0.6922541,0.5921776,0.41244382,-0.6668683,0.7433601,0.051985204
1356423376339,-0.2459242,-0.29815543,0.92229325,0.7033409,0.5998367,0.38145465,-0.66695815,0.74249536,0.062190473
1356423376379,-0.21651033,-0.27940866,0.9354433,0.7132778,0.6089649,0.34698206,-0.666602,0.7423561,0.067448795
1356423376420,-0.18784392,-0.25634682,0.9481566,0.7214963,0.6189998,0.31029406,-0.6664516,0.74237835,0.06867796
1356423376460,-0.16007313,-0.23063308,0.9597838,0.7269918,0.6301819,0.27267873,-0.6677271,0.74140346,0.066793144
1356423376500,-0.13310161,-0.20401719,0.96987677,0.7291359,0.6426649,0.23525032,-0.6713009,0.73848414,0.06321657
1356423376530,-0.10682762,-0.17790586,0.9782318,0.72953975,0.654442,0.19868913,-0.675544,0.7348844,0.05987686
1356423376570,-0.08279903,-0.15405396,0.9845872,0.7289368,0.66433805,0.16524598,-0.67955554,0.7313839,0.057289004
1356423376599,-0.058925554,-0.13043904,0.9897037,0.7296026,0.67103493,0.13187927,-0.681328,0.72986144,0.055627525
1356423376630,-0.03704688,-0.10891819,0.9933602,0.7324362,0.6732818,0.10113859,-0.67982715,0.7313198,0.054832637
1356423376669,-0.016953751,-0.08926806,0.9958633,0.74006104,0.66861695,0.07253298,-0.67232597,0.7382294,0.05472827
1356423376700,0.0026920289,-0.07010165,0.99753624,0.74867356,0.66144615,0.04446256,-0.6629334,0.7467093,0.05426383
1356423376730,0.020128295,-0.05212426,0.99843776,0.757711,0.65232,0.018779606,-0.65227973,0.7561493,0.05262524
1356423376769,0.03511952,-0.03275907,0.99884605,0.7679097,0.64053005,-0.005992353,-0.63959455,0.767234,0.047651112
1356423376810,0.047934428,-0.010946691,0.9987905,0.77721596,0.62849855,-0.030412257,-0.6274055,0.77773374,0.038634658
1356423376857,0.058085814,0.010907143,0.998252,0.7843988,0.6180398,-0.052395046,-0.6175309,0.7860711,0.02734381
1356423376878,0.06472726,0.03862372,0.9971552,0.7889674,0.60986066,-0.07483563,-0.61101615,0.79156685,0.0090017915
1356423376918,0.06666978,0.07241687,0.99514365,0.790908,0.6042055,-0.09695521,-0.60829246,0.79353106,-0.016992867
1356423376945,0.06392382,0.10665545,0.99223906,0.7913786,0.6003141,-0.11551118,-0.60797495,0.7926207,-0.04603046
1356423376988,0.05622506,0.1507912,0.9869654,0.7887399,0.5993789,-0.13650736,-0.6121503,0.78613424,-0.08523494
1356423377028,0.04164532,0.20134258,0.9786352,0.78364223,0.6010443,-0.15700519,-0.6198149,0.7734384,-0.13274986
1356423377068,0.021020688,0.2580109,0.96591336,0.7759594,0.6050021,-0.17849258,-0.63043267,0.75326145,-0.18748844
1356423377108,-0.0039452314,0.318919,0.9477738,0.765655,0.6106183,-0.20228145,-0.6432394,0.7248696,-0.24659091
1356423377148,-0.030139089,0.38063738,0.9242331,0.7534356,0.61626774,-0.22923508,-0.65683043,0.6894412,-0.30535954
1356423377188,-0.0534685,0.43804383,0.897362,0.7414658,0.6193437,-0.2581507,-0.66885686,0.65156037,-0.35790992
1356423377228,-0.069678426,0.48513827,0.8716569,0.73255897,0.6179868,-0.28539383,-0.67712796,0.6186543,-0.39845276
1356423377268,-0.075544,0.51708907,0.85259134,0.7282005,0.6127174,-0.30708534,-0.68118805,0.597659,-0.42283165
1356423377308,-0.06965643,0.531921,0.8439242,0.7275319,0.60589856,-0.32184517,-0.6825287,0.5915632,-0.4291942
1356423377348,-0.052208483,0.5297478,0.8465469,0.7282961,0.60019946,-0.3306741,-0.6832708,0.5992728,-0.41714877
1356423377388,-0.024359018,0.51188725,0.85870725,0.72873276,0.5971099,-0.3352735,-0.68436486,0.61760116,-0.38757408
1356423377428,0.012136906,0.48037842,0.8769773,0.7284831,0.59653175,-0.3368416,-0.6849563,0.64295137,-0.34270746
1356423377468,0.05524963,0.4378698,0.8973391,0.72786844,0.5975352,-0.33639127,-0.6834873,0.67173034,-0.28569806
1356423377508,0.10281092,0.38806826,0.91587824,0.72695106,0.59916437,-0.33547598,-0.6789492,0.7002893,-0.22050601
1356423377548,0.1526277,0.336464,0.92924523,0.72518617,0.600669,-0.33660322,-0.6714237,0.7252508,-0.15232027
1356423377588,0.2028619,0.2899773,0.93528616,0.7213564,0.60166067,-0.34300053,-0.66218734,0.7442564,-0.08712298
1356423377628,0.25245124,0.25496662,0.93341327,0.7138424,0.60215354,-0.35754734,-0.6532208,0.75657326,-0.029991567
1356423377668,0.3011161,0.23532435,0.924095,0.7012187,0.60208726,-0.38181576,-0.64623636,0.76296353,0.016284347
1356423377708,0.34878322,0.23169143,0.90811306,0.6827902,0.60092294,-0.41555887,-0.6419874,0.7649906,0.051395237
1356423377748,0.39510968,0.24228492,0.88610744,0.6586573,0.5976782,-0.45711195,-0.64035845,0.7642505,0.07656568
1356423377788,0.4392937,0.26455867,0.85850435,0.6293361,0.5913247,-0.50425303,-0.64105934,0.76180303,0.09326887
1356423377828,0.4805807,0.2962551,0.8253939,0.5952758,0.58094525,-0.555112,-0.64396346,0.75811315,0.10283756
1356423377868,0.51766557,0.3351314,0.7872162,0.55712706,0.5662543,-0.6074254,-0.6493318,0.7530226,0.10641956
1356423377922,0.5495008,0.38296247,0.74255544,0.51381546,0.5459263,-0.66178405,-0.658819,0.7451874,0.10321492
1356423377959,0.58004904,0.43227512,0.6904211,0.46739477,0.5175512,-0.71671677,-0.66714704,0.73843014,0.098161966
1356423377999,0.6032648,0.4719446,0.6429152,0.42894766,0.48760137,-0.76042676,-0.6723656,0.73451567,0.09171322
1356423378039,0.62216204,0.5003015,0.6021735,0.4000468,0.4580044,-0.793848,-0.6729614,0.7347997,0.084808946
1356423378069,0.63765186,0.5191113,0.5691429,0.37902224,0.43178666,-0.8184757,-0.67062825,0.73762035,0.078574866
1356423378109,0.65063846,0.52702886,0.5467268,0.36932808,0.40945932,-0.8342301,-0.6635257,0.7447038,0.071763456
1356423378149,0.66051865,0.5273807,0.53440124,0.36968246,0.39106488,-0.84285414,-0.6534906,0.7542796,0.06334221
1356423378189,0.6658065,0.5228421,0.53229487,0.3797174,0.37667447,-0.84494436,-0.6422744,0.7646911,0.05226007
1356423378229,0.66475564,0.515278,0.5409146,0.39944878,0.3666995,-0.84022146,-0.63130075,0.7746096,0.037938356
1356423378269,0.65562916,0.5062639,0.5602207,0.4286101,0.3612979,-0.8281046,-0.62164605,0.78304577,0.019887626
1356423378309,0.6369022,0.4975901,0.5888631,0.46608087,0.35991052,-0.8082283,-0.61410445,0.78922015,-0.002689451
1356423378349,0.60766876,0.49173355,0.623648,0.50939286,0.36113554,-0.78108907,-0.60930914,0.79232526,-0.031034768
1356423378388,0.56778777,0.49123728,0.66053236,0.5551429,0.36397958,-0.7478872,-0.6078104,0.791331,-0.066043735
1356423378428,0.51871365,0.49904805,0.69418097,0.5989211,0.36731744,-0.7115977,-0.6101062,0.78487504,-0.10835788
1356423378468,0.4629315,0.51721865,0.7198467,0.6368733,0.37075877,-0.67596626,-0.6165118,0.7713772,-0.15776682
1356423378516,0.4039654,0.5504397,0.7306354,0.6647507,0.372051,-0.64783067,-0.62842536,0.7473915,-0.21560949
1356423378548,0.34245926,0.5850187,0.7351699,0.6861823,0.37876105,-0.6210426,-0.64177525,0.71714234,-0.27171928
1356423378588,0.28804666,0.62334305,0.72696114,0.6973366,0.3837481,-0.60535854,-0.65631604,0.6813081,-0.32414258
1356423378628,0.24034274,0.65368056,0.7175911,0.7038833,0.39169204,-0.5925585,-0.6684187,0.64751756,-0.36597455
1356423378668,0.20059767,0.66646343,0.7180439,0.7089959,0.40704885,-0.5758785,-0.67608094,0.62461007,-0.39086676
1356423378708,0.16887766,0.6566992,0.73500097,0.71340895,0.4331035,-0.5508802,-0.680094,0.61738765,-0.39535356
1356423378748,0.14469457,0.6242839,0.76768035,0.7166407,0.4688452,-0.5163432,-0.68226796,0.6248631,-0.3795479
1356423378788,0.12768516,0.57216173,0.8101404,0.71902424,0.50922406,-0.47296396,-0.6831548,0.64290106,-0.34637785
1356423378828,0.11792529,0.5059229,0.85447973,0.7217895,0.54729676,-0.42365804,-0.68199235,0.66671455,-0.30062973
1356423378868,0.11566779,0.43290973,0.89398557,0.7256764,0.57773244,-0.37365633,-0.67824394,0.6919642,-0.24732727
1356423378923,0.11992371,0.34866452,0.9295437,0.7311114,0.60240823,-0.3202819,-0.6716357,0.71800935,-0.18266958
1356423378959,0.13768291,0.28260323,0.94930446,0.73480296,0.61352915,-0.28921717,-0.66415966,0.737372,-0.12318522
1356423378999,0.16055247,0.23180449,0.9594215,0.73621786,0.61931103,-0.27283174,-0.65742385,0.75014704,-0.07122666
1356423379038,0.18900645,0.19861034,0.96168107,0.7340789,0.6218978,-0.27271098,-0.65223056,0.7574939,-0.02825296
1356423379079,0.22257748,0.18298697,0.9575881,0.72772443,0.6224315,-0.28809038,-0.6487498,0.76098275,0.005375147
1356423379118,0.2605509,0.1837489,0.947813,0.7167302,0.62092876,-0.31740397,-0.64684695,0.76202613,0.030085146
1356423379158,0.30182332,0.19877025,0.9324125,0.7007947,0.6168283,-0.35834277,-0.64636636,0.76158595,0.046876013
1356423379198,0.34494644,0.22538845,0.91115963,0.67977697,0.6093962,-0.4080925,-0.6472366,0.76015544,0.056995213
1356423379238,0.3883068,0.26099938,0.883797,0.653733,0.5979293,-0.46380344,-0.64950055,0.7578653,0.0615561
1356423379278,0.43038297,0.3030376,0.850258,0.6229714,0.58193535,-0.5227407,-0.6532053,0.75466514,0.061671317
1356423379318,0.46970877,0.34790573,0.81137866,0.58876914,0.5613817,-0.58155096,-0.657818,0.7508743,0.058849752
1356423379358,0.5051973,0.39045048,0.76962596,0.5542025,0.5368321,-0.6361375,-0.6615401,0.7479036,0.054817468
1356423379398,0.53650373,0.42532903,0.7288752,0.5233658,0.5098443,-0.6827496,-0.6620061,0.747766,0.05093068
1356423379438,0.5635847,0.4495291,0.6930339,0.4992965,0.4829904,-0.71932137,-0.6580847,0.7514279,0.047757655
1356423379478,0.5862666,0.46368513,0.6642948,0.48276296,0.45853013,-0.74611664,-0.65056235,0.7581202,0.0449709
1356423379518,0.60379946,0.47049257,0.64347726,0.47358438,0.43760166,-0.7643446,-0.64120525,0.76625156,0.041405678
1356423379558,0.61514676,0.47257856,0.63108164,0.4717928,0.42066374,-0.77488935,-0.6316692,0.77441037,0.03581077
1356423379598,0.61933756,0.47167534,0.6276491,0.47769636,0.40804452,-0.77801406,-0.6230789,0.78167903,0.027399689
1356423379638,0.6154165,0.46894127,0.63352704,0.49160445,0.39990523,-0.77356374,-0.61610675,0.7875086,0.015574664
1356423379678,0.6025649,0.46567622,0.64812136,0.5133622,0.3956273,-0.7615368,-0.61104405,0.79159635,-6.6947937E-4
1356423379717,0.58028674,0.46368957,0.6695217,0.5416919,0.39412457,-0.7424525,-0.6081424,0.79350984,-0.022471577
1356423379758,0.57960576,0.4864793,0.65375453,0.5427957,0.36790025,-0.75499815,-0.60780746,0.79245645,-0.05082181
1356423379798,0.511024,0.47513393,0.7163116,0.60501593,0.3931303,-0.6923903,-0.6105819,0.78720796,-0.08656457
1356423379838,0.44970632,0.48367935,0.7508785,0.64572173,0.40476984,-0.6474603,-0.6170961,0.7760256,-0.13029474
1356423379878,0.3967889,0.5111471,0.76242185,0.66981465,0.4066912,-0.62124914,-0.62762,0.7571861,-0.18100327
1356423379941,0.35286647,0.55320823,0.7546165,0.68140066,0.40077072,-0.6124345,-0.641232,0.73030376,-0.23553789
1356423379958,0.31802732,0.6011445,0.73313296,0.68519443,0.38871276,-0.61596346,-0.65526116,0.6982318,-0.2882796
1356423379998,0.29201007,0.64421284,0.7069087,0.68575954,0.37418693,-0.6242739,-0.6666813,0.6670637,-0.33250874
1356423380036,0.27411494,0.6731232,0.6868524,0.6862902,0.36340633,-0.630033,-0.67369634,0.6440816,-0.36234277
1356423380079,0.2632623,0.68324083,0.6810836,0.687463,0.3624365,-0.62931263,-0.67682165,0.6338941,-0.37428695
1356423380118,0.2584272,0.6747959,0.6912784,0.68797976,0.37378585,-0.6220676,-0.6781587,0.6363447,-0.3676495
1356423380159,0.25791445,0.64816284,0.716495,0.6871816,0.39823017,-0.60761356,-0.67916244,0.64907444,-0.34269625
1356423380198,0.26066595,0.6052746,0.7521276,0.6856629,0.43237966,-0.58558875,-0.6796467,0.6683491,-0.30230772
1356423380238,0.26572868,0.54877865,0.7926098,0.68456936,0.4714776,-0.5559439,-0.67878795,0.69032663,-0.25039196
1356423380278,0.2728611,0.48324937,0.8318755,0.6843104,0.51028556,-0.52089155,-0.6762145,0.71139205,-0.19145548
1356423380318,0.28252017,0.415218,0.86474067,0.6844777,0.5443143,-0.4849869,-0.67206603,0.72891426,-0.13042766
1356423380358,0.29584292,0.35263842,0.8877629,0.6840227,0.5705105,-0.4545664,-0.6667757,0.74173033,-0.07243121
1356423380398,0.31419638,0.30287933,0.899747,0.6814642,0.5878959,-0.4358726,-0.6609744,0.75009495,-0.021686673
1356423380438,0.33867452,0.27087653,0.9010691,0.6751906,0.5970055,-0.4332461,-0.65529937,0.7551228,0.019297242
1356423380478,0.36970258,0.25860387,0.8924372,0.66369146,0.59868866,-0.44842565,-0.65025663,0.75808704,0.04970354
1356423380518,0.40672094,0.2653504,0.87416667,0.6456939,0.59342206,-0.48055145,-0.64626426,0.7598944,0.07002205
1356423380558,0.44814527,0.2884481,0.8461463,0.62038106,0.5811467,-0.52668375,-0.6436561,0.760964,0.0814904
1356423380598,0.49157876,0.32413882,0.80826014,0.587643,0.56149566,-0.5825791,-0.64267105,0.7613519,0.08554143
1356423380638,0.53445655,0.36803618,0.7608584,0.5478952,0.5345876,-0.6434492,-0.643558,0.76076627,0.0840686
1356423380678,0.5741418,0.41497135,0.7058045,0.5026384,0.50183886,-0.7039264,-0.64630944,0.758918,0.079546094
1356423380718,0.60873926,0.45909905,0.647043,0.455261,0.46578655,-0.75880194,-0.64974916,0.75648594,0.07453269
1356423380758,0.6376109,0.49485606,0.59039795,0.41086608,0.42984274,-0.80400515,-0.65164506,0.75521696,0.07075286
1356423380798,0.6613097,0.5191334,0.5414517,0.3740502,0.39745495,-0.83792365,-0.6501968,0.75665724,0.06865889
1356423380838,0.68055636,0.53253144,0.50324273,0.34701398,0.37065446,-0.8615083,-0.64530945,0.7609373,0.06745538
1356423380878,0.69540536,0.5381114,0.4762851,0.33013546,0.3494741,-0.8768571,-0.6382961,0.7670098,0.06537649
1356423380925,0.7052417,0.5393101,0.46019423,0.32332987,0.33300728,-0.8857561,-0.6309452,0.77346665,0.060475558
1356423380959,0.7091147,0.5386261,0.4550148,0.32666877,0.32092103,-0.8889867,-0.62485516,0.7790326,0.051617503
1356423380999,0.7060231,0.53750855,0.46110293,0.34049076,0.31327003,-0.88652575,-0.6209649,0.7829089,0.03815919
1356423381039,0.6945962,0.5365444,0.47922474,0.36559153,0.31044906,-0.8774761,-0.61957973,0.78469205,0.019480646
1356423381068,0.6732149,0.53230023,0.5132623,0.4035433,0.3171634,-0.8582309,-0.6196245,0.7848974,-0.0012870729
1356423381108,0.6466297,0.53529614,0.54344094,0.44131154,0.3185693,-0.8389027,-0.622185,0.78228617,-0.030235976
1356423381148,0.6071363,0.5402733,0.5826579,0.48849404,0.32455447,-0.8099616,-0.6267049,0.776382,-0.066871494
1356423381188,0.55733544,0.54994625,0.622042,0.5376341,0.33187532,-0.7751183,-0.63271385,0.76643187,-0.110703975
1356423381228,0.50223655,0.5675218,0.6524396,0.5815481,0.3367161,-0.7405566,-0.639969,0.7513596,-0.16093013
1356423381268,0.44817314,0.5951524,0.6670341,0.6151321,0.33611098,-0.71319133,-0.648655,0.72994727,-0.21546143
1356423381308,0.4005198,0.6316867,0.6637438,0.6368952,0.32885724,-0.6972929,-0.6587476,0.7020148,-0.27060437
1356423381348,0.361162,0.67049044,0.6480776,0.650044,0.3172661,-0.6904962,-0.6685842,0.67066,-0.32126385
1356423381389,0.32860067,0.70188457,0.6319648,0.66034585,0.30765334,-0.6850494,-0.6752517,0.64242303,-0.36239147
1356423381428,0.29928917,0.7172843,0.62922907,0.672704,0.30905694,-0.6722746,-0.6766796,0.6244894,-0.39002264
1356423381468,0.27011898,0.71249384,0.6476019,0.68812186,0.32759002,-0.6474357,-0.67344195,0.62051374,-0.4017943
1356423381508,0.23919266,0.68633586,0.68682605,0.70479316,0.36382425,-0.60901445,-0.66787237,0.6297421,-0.39670068
1356423381548,0.20558703,0.6386226,0.74154925,0.72086173,0.41366065,-0.5560965,-0.6618855,0.64888066,-0.3753153
1356423381588,0.16934204,0.5702864,0.8038014,0.7355856,0.46966356,-0.48819065,-0.6559247,0.6739359,-0.33996063
1356423381628,0.1320715,0.48555043,0.86417466,0.74861157,0.5225816,-0.4080309,-0.6497213,0.70082045,-0.29447055
1356423381668,0.09626937,0.39144424,0.91515225,0.75963545,0.56522393,-0.32167685,-0.6431845,0.7261497,-0.24294114
1356423381708,0.06518823,0.29713565,0.95260745,0.7684668,0.59403163,-0.23787653,-0.6365606,0.7475539,-0.18961501
1356423381748,0.041802466,0.21131623,0.9765234,0.77515656,0.6098036,-0.16514182,-0.6303847,0.7638619,-0.13831186
1356423381788,0.028283343,0.14026743,0.9897096,0.7797184,0.61645454,-0.1096499,-0.62549126,0.77479607,-0.09193367
1356423381828,0.026341334,0.08808419,0.9957646,0.7820796,0.6185992,-0.075409204,-0.62262154,0.7807536,-0.052594066
1356423381868,0.035984993,0.055342913,0.9978187,0.78209716,0.62000495,-0.06259316,-0.6221167,0.7826436,-0.02097267
1356423381926,0.057265654,0.041489422,0.99749655,0.7795414,0.62235475,-0.070638925,-0.6237275,0.7816349,0.003296852
1356423381950,0.089135036,0.044384092,0.99503016,0.77390194,0.62579554,-0.09724042,-0.6270013,0.77872336,0.021431386
1356423381989,0.12994781,0.061376333,0.9896194,0.7644293,0.6294528,-0.13941666,-0.6314757,0.7746109,0.034878135
1356423382029,0.17788959,0.09021112,0.9799067,0.7503207,0.6318507,-0.19437987,-0.6366899,0.7698224,0.044712424
1356423382069,0.2312155,0.12927663,0.96427536,0.73070616,0.63130677,-0.25984678,-0.64234567,0.76468253,0.05150467
1356423382109,0.28761807,0.17651251,0.941339,0.70492625,0.6263407,-0.33283067,-0.64834774,0.75930274,0.0557186
1356423382148,0.34366867,0.22778945,0.91104543,0.67397714,0.6157373,-0.40819395,-0.6539469,0.75430727,0.058084786
1356423382188,0.3944312,0.27577466,0.87656856,0.6422088,0.5995548,-0.47760007,-0.6572609,0.75132036,0.059378207
1356423382228,0.43515,0.31224948,0.84447896,0.6163349,0.58042276,-0.5322036,-0.6563351,0.75207025,0.0601207
1356423382268,0.46290222,0.33226058,0.8217813,0.602128,0.56249857,-0.56660146,-0.6505102,0.7570986,0.06031847
1356423382308,0.47681955,0.33621466,0.81215936,0.60187316,0.54850113,-0.5804267,-0.64061826,0.76557577,0.059177518
1356423382348,0.47676417,0.32788885,0.8155886,0.61466587,0.53892446,-0.5759742,-0.62839615,0.77591836,0.05539775
1356423382388,0.46236613,0.31132856,0.83023614,0.6380601,0.5333588,-0.55534464,-0.6157084,0.78651315,0.04796076
1356423382428,0.43268242,0.28911394,0.85393155,0.6692139,0.5316854,-0.51909864,-0.60410166,0.7960677,0.03657186
1356423382468,0.38772807,0.26359612,0.8832803,0.70441306,0.53332126,-0.46837017,-0.5945327,0.8037944,0.021103084
1356423382508,0.32930958,0.23782504,0.91378033,0.7390945,0.5373408,-0.40620703,-0.58761764,0.8091379,0.0011762977
1356423382548,0.26168692,0.2159104,0.94069266,0.76850307,0.54302245,-0.33842233,-0.58388615,0.8114859,-0.023825943
1356423382588,0.19069543,0.20208016,0.96062416,0.7891505,0.55046415,-0.2724533,-0.5838465,0.8100326,-0.05450064
1356423382629,0.12160164,0.19896853,0.9724323,0.79981935,0.560527,-0.21470556,-0.58779424,0.80387866,-0.09097791
1356423382668,0.05833786,0.20771095,0.97644913,0.8010855,0.57391703,-0.16994485,-0.59570014,0.79213345,-0.13291317
1356423382708,0.0028735325,0.22772625,0.9737209,0.7944683,0.59082466,-0.140522,-0.60729885,0.7739942,-0.17922348
1356423382748,-0.044270754,0.2568377,0.96544003,0.78166664,0.61070746,-0.12662381,-0.62212324,0.74904656,-0.22779793
1356423382788,-0.083539076,0.2912702,0.9529863,0.7646875,0.63194025,-0.12611309,-0.6389634,0.7182013,-0.2755224
1356423382828,-0.11580485,0.32592046,0.9382777,0.7463198,0.65189165,-0.13432842,-0.6554358,0.6846993,-0.3187331
1356423382868,-0.14211822,0.35495317,0.92401874,0.72973037,0.6682949,-0.14448345,-0.6688019,0.65375084,-0.353997
1356423382944,-0.16392958,0.37212488,0.91359186,0.7173736,0.6806716,-0.1485303,-0.67712784,0.63103825,-0.3785348
1356423382950,-0.18284291,0.37190312,0.91008604,0.70967895,0.6905535,-0.13961233,-0.68038535,0.6203418,-0.39019465
1356423382988,-0.19935262,0.35272598,0.9142444,0.7048036,0.69980305,-0.11630839,-0.68081605,0.62117636,-0.3881101
1356423383026,-0.21478188,0.3119784,0.9254935,0.70056754,0.7094657,-0.07657397,-0.68049526,0.631924,-0.3709423
1356423383068,-0.2282399,0.25257802,0.94027185,0.69682926,0.71685475,-0.023416162,-0.67995274,0.6498643,-0.33961862
1356423383108,-0.23781234,0.18277538,0.95395935,0.69510007,0.71802557,0.035710096,-0.6784402,0.6715895,-0.2978025
1356423383148,-0.24258946,0.10969707,0.9639071,0.6963774,0.71145445,0.09429267,-0.6754323,0.69411755,-0.2489819
1356423383188,-0.24181393,0.040182978,0.9694903,0.7008656,0.6982181,0.14587313,-0.671054,0.71475655,-0.1970017
1356423383228,-0.23537296,-0.020841599,0.9716816,0.7080614,0.68117994,0.18612617,-0.6657692,0.73181933,-0.14557421
1356423383268,-0.22349589,-0.07043496,0.9721566,0.7170663,0.6636821,0.21293667,-0.66020113,0.74469113,-0.09782368
1356423383308,-0.2066657,-0.10755101,0.97248244,0.72687876,0.64844966,0.2261864,-0.6549325,0.75362176,-0.055835783
1356423383348,-0.18531132,-0.13197443,0.9737775,0.7367506,0.637083,0.22654757,-0.6502755,0.759413,-0.0208264
1356423383388,-0.15976796,-0.14391631,0.97660756,0.74609995,0.63019204,0.21492538,-0.6463816,0.762985,0.0066913962
1356423383428,-0.13030922,-0.14405715,0.9809521,0.75425524,0.6277636,0.19238478,-0.6435204,0.7649578,0.026852489
1356423383468,-0.097058296,-0.13322175,0.9863223,0.76049745,0.6293598,0.1598433,-0.6420462,0.76560974,0.040230215
1356423383512,-0.05988227,-0.111709595,0.9919351,0.764127,0.6342632,0.117559016,-0.6422804,0.76500404,0.047379196
1356423383548,-0.018240869,-0.08024502,0.9966082,0.76469755,0.6410403,0.0656116,-0.644131,0.7633007,0.04967004
1356423383588,0.026271582,-0.04091692,0.99881715,0.76157546,0.6480435,0.0065158308,-0.6475436,0.7605034,0.04818642
1356423383628,0.07329722,0.0040108263,0.9973021,0.7554213,0.6526544,-0.058144867,-0.6511269,0.75764513,0.04480785
1356423383668,0.12024149,0.04942313,0.9915137,0.74825776,0.65186167,-0.12323451,-0.6524204,0.7567257,0.041399598
1356423383708,0.16313863,0.08880183,0.9825986,0.74268425,0.64455944,-0.18155786,-0.64946586,0.7593796,0.039200842
1356423383748,0.198116,0.117247194,0.97314084,0.74071574,0.6323131,-0.2269811,-0.6419426,0.76578933,0.038424492
1356423383788,0.22247279,0.13376468,0.96571887,0.74327743,0.6177345,-0.2567933,-0.6309078,0.77492654,0.038004816
1356423383828,0.23477712,0.14060831,0.9618259,0.75009584,0.60313416,-0.27126637,-0.61825234,0.78514874,0.036132395
1356423383869,0.23461041,0.14107296,0.9617984,0.7602551,0.58994853,-0.2719795,-0.6057805,0.7950215,0.03115666
1356423383925,0.2219629,0.1380584,0.9652318,0.7724534,0.5791964,-0.2604752,-0.59501946,0.80341244,0.02191645
1356423383950,0.19781986,0.13448745,0.97096884,0.7850742,0.571397,-0.23909006,-0.5869633,0.80957925,0.0074510574
1356423383989,0.16415563,0.13337499,0.97737604,0.79639846,0.56673396,-0.2110973,-0.5820673,0.81303364,-0.01318711
1356423384029,0.12369479,0.1378538,0.98269826,0.80484796,0.5653305,-0.1806134,-0.5804475,0.81326365,-0.041022897
1356423384069,0.07913178,0.15059459,0.98542345,0.8093014,0.567464,-0.15170982,-0.582039,0.80950963,-0.07697195
1356423384109,0.033018947,0.17334253,0.98430794,0.80914444,0.57346916,-0.1281344,-0.5866814,0.80067813,-0.121323824
1356423384148,-0.01209034,0.20681438,0.97830546,0.80408823,0.5835879,-0.11343354,-0.59438694,0.78527254,-0.17335284
1356423384188,-0.05454746,0.24823529,0.96716285,0.7944153,0.59759164,-0.108575314,-0.6049206,0.76240635,-0.22979897
1356423384228,-0.092520535,0.29260138,0.9517481,0.7813188,0.61385995,-0.112769574,-0.61723655,0.73318505,-0.28540957
1356423384268,-0.12438679,0.3335228,0.9345001,0.7670826,0.62971663,-0.122643024,-0.6293745,0.7015836,-0.33416796
1356423384308,-0.14894775,0.36504108,0.9189993,0.7543126,0.64288044,-0.13310632,-0.63939595,0.6733868,-0.37111068
1356423384348,-0.16566816,0.3834405,0.9085854,0.74490356,0.65242255,-0.13951185,-0.6462761,0.65369594,-0.3937118
1356423384388,-0.1747461,0.38703185,0.9053564,0.73947626,0.65870506,-0.13886166,-0.65010667,0.64522403,-0.401307
1356423384428,-0.17704058,0.37464815,0.9101073,0.73724645,0.6630876,-0.12954736,-0.6520155,0.64803827,-0.39360142
1356423384468,-0.17355043,0.3461336,0.92199343,0.7369108,0.6667165,-0.11158627,-0.65333205,0.66006106,-0.37077856
1356423384508,-0.16512263,0.30329126,0.9384823,0.73774785,0.6695038,-0.086560786,-0.6545706,0.6780701,-0.33430266
1356423384548,-0.15232468,0.24990216,0.9562145,0.7396964,0.67048866,-0.057395637,-0.65547425,0.6985656,-0.28698367
1356423384588,-0.13558012,0.19104701,0.9721723,0.74279,0.66894424,-0.027867764,-0.6556532,0.7183416,-0.23260337
1356423384628,-0.11536485,0.13223529,0.984482,0.74681324,0.6650314,-0.0018127859,-0.65495116,0.73501503,-0.17547631
1356423384668,-0.09216744,0.07866007,0.99263173,0.7512477,0.65978914,0.01747021,-0.6535534,0.74732244,-0.11990428
1356423384708,-0.06632157,0.03459099,0.9971986,0.75535476,0.6547378,0.027525395,-0.65195143,0.75506425,-0.06955171
1356423384748,-0.038075894,0.0025942028,0.99927145,0.7583765,0.6512488,0.027206272,-0.6507037,0.7588599,-0.026764214
1356423384788,-0.0076054484,-0.016388416,0.99983674,0.7598482,0.64989287,0.016432405,-0.65005606,0.75984913,0.0075100064
1356423384828,0.024987578,-0.02247557,0.999435,0.75979865,0.65014374,-0.004375607,-0.64967805,0.7594787,0.033322453
1356423384868,0.05934362,-0.016853482,0.9980953,0.75851524,0.6507619,-0.034110367,-0.6489475,0.7590948,0.05140221
1356423384927,0.094867274,-0.0014891028,0.99548876,0.75604665,0.6506471,-0.07107583,-0.647606,0.7593788,0.06285095
1356423384950,0.13085929,0.021342695,0.9911712,0.7519444,0.6494243,-0.113259345,-0.646108,0.7601267,0.06893468
1356423384989,0.16666454,0.049693644,0.9847607,0.74545455,0.6473564,-0.15883088,-0.645384,0.76056576,0.070846975
1356423385029,0.20202708,0.08232552,0.97591364,0.7357308,0.64495724,-0.2067129,-0.6464404,0.7597714,0.06972939
1356423385069,0.23687416,0.11815098,0.96432924,0.7224624,0.64221215,-0.25614765,-0.6495681,0.7573664,0.06676382
1356423385110,0.2708876,0.1552557,0.9500082,0.7069223,0.6377669,-0.30580103,-0.65336114,0.7544197,0.06300944
1356423385149,0.3031166,0.19025329,0.93376875,0.69210887,0.62961125,-0.35295174,-0.6550615,0.7532551,0.05916959
1356423385189,0.33199334,0.21905476,0.9174941,0.681177,0.61716574,-0.39383286,-0.6525169,0.7557258,0.055679858
1356423385229,0.3557471,0.23912455,0.90347296,0.67575043,0.60198677,-0.42540956,-0.64560467,0.7618605,0.05256653
1356423385268,0.37282485,0.25104463,0.89329624,0.67573833,0.58630353,-0.4467951,-0.63590825,0.77021086,0.04894805
1356423385308,0.38183692,0.2572736,0.8876998,0.68040633,0.57177866,-0.45838457,-0.6254981,0.77902466,0.043275595
1356423385348,0.3814683,0.26001114,0.88706034,0.68916655,0.55955285,-0.46038032,-0.61606115,0.78695285,0.03426069
1356423385388,0.37067223,0.26068586,0.89142865,0.701532,0.55040413,-0.45266783,-0.60865015,0.7931571,0.021140039
1356423385428,0.34905168,0.26070356,0.9001092,0.71669066,0.5445746,-0.43565226,-0.60375273,0.79716504,0.0032408834
1356423385468,0.31703433,0.2617786,0.9115707,0.7332665,0.5419292,-0.41064954,-0.60150605,0.79861426,-0.02014333
1356423385508,0.27606687,0.26595062,0.92361116,0.7493232,0.54224634,-0.38011026,-0.60191524,0.797019,-0.049586654
1356423385548,0.22849524,0.27527118,0.93381774,0.76282597,0.54534495,-0.34741235,-0.60488546,0.79172254,-0.08537531
1356423385588,0.17732841,0.2916175,0.93995416,0.7722125,0.5508715,-0.31658876,-0.6101167,0.78198457,-0.12750548
1356423385628,0.12552434,0.31556118,0.9405662,0.7767823,0.55848515,-0.2910388,-0.6171328,0.7671476,-0.17501885
1356423385668,0.07591611,0.34610534,0.93511915,0.7763772,0.5679591,-0.2732414,-0.62567973,0.7467487,-0.22559112
1356423385708,0.030675735,0.3801316,0.9244236,0.7714504,0.57906616,-0.2637169,-0.63554955,0.7212366,-0.2754894
1356423385748,-0.008569147,0.41305417,0.91066617,0.7634923,0.5908177,-0.26079506,-0.6457601,0.69305176,-0.32042646
1356423385788,-0.040929407,0.43934897,0.8973835,0.75517035,0.60170054,-0.26014274,-0.6542496,0.6670299,-0.35641056
1356423385828,-0.06638107,0.45346203,0.8888001,0.7491857,0.6109855,-0.25576836,-0.65902525,0.6488981,-0.38028514
1356423385868,-0.08552539,0.45149937,0.88816315,0.7462863,0.6196334,-0.24312831,-0.6601078,0.64203024,-0.3899421
1356423385947,-0.099220216,0.43141046,0.8966829,0.7451887,0.6293942,-0.22035602,-0.6594309,0.6463343,-0.38393086
1356423385961,-0.10824239,0.39331406,0.91301024,0.7445938,0.64058983,-0.18768287,-0.6586834,0.6595065,-0.3621981
1356423385978,-0.11122984,0.3519677,0.9293797,0.744876,0.6485931,-0.15648219,-0.657866,0.67486715,-0.33431518
1356423386015,-0.11392778,0.29213426,0.9495673,0.7456634,0.65674275,-0.11258319,-0.65651083,0.6952313,-0.2926551
1356423386057,-0.11195591,0.22457638,0.96800375,0.7481047,0.6602253,-0.06664875,-0.65406823,0.7167064,-0.24192274
1356423386098,-0.105523095,0.15668902,0.9819946,0.7519349,0.6587887,-0.024316281,-0.65073705,0.73583007,-0.1873374
1356423386138,-0.09503427,0.09493467,0.9909369,0.7565311,0.65388274,0.009910017,-0.6470157,0.7506163,-0.13396227
1356423386177,-0.08105484,0.043364048,0.99576586,0.76119787,0.64764047,0.03375736,-0.64343446,0.7607111,-0.08550304
1356423386218,-0.063721284,0.0045942664,0.9979572,0.76536924,0.64195156,0.0459148,-0.64042926,0.7667315,-0.04442227
1356423386258,-0.043265358,-0.020571232,0.9988519,0.7686368,0.63799804,0.04643303,-0.63822067,0.76976323,-0.011791408
1356423386298,-0.01994516,-0.032502174,0.99927264,0.7707872,0.6360706,0.036073387,-0.63678044,0.770946,0.012365699
1356423386339,0.005919233,-0.032502383,0.99945414,0.7716862,0.6357994,0.01610601,-0.63597584,0.77116966,0.028845072
1356423386378,0.03379248,-0.022650093,0.99917215,0.77117395,0.6365179,-0.01165235,-0.635727,0.7709293,0.03897667
1356423386418,0.06300974,-0.005158037,0.9979996,0.7690426,0.63759315,-0.045259,-0.63608426,0.770356,0.044141293
1356423386458,0.09292446,0.017956525,0.9955113,0.76491594,0.6387704,-0.08292171,-0.63739204,0.7691879,0.04562217
1356423386498,0.12294419,0.044905096,0.99139714,0.7583703,0.6401061,-0.12303975,-0.64012444,0.76697314,0.044642627
1356423386538,0.15253854,0.073948234,0.98552704,0.7498199,0.64095634,-0.1641497,-0.6438184,0.7640069,0.042322695
1356423386578,0.18082091,0.102651864,0.97814435,0.7411785,0.6395196,-0.20412984,-0.64649683,0.76189053,0.039555132
1356423386618,0.20632255,0.12758091,0.9701309,0.73499084,0.63428605,-0.23972842,-0.6459253,0.76249874,0.03709674
1356423386658,0.22707883,0.14549682,0.9629465,0.7329912,0.6254935,-0.2673608,-0.64121693,0.76654327,0.03538841
1356423386698,0.24122488,0.15541908,0.9579433,0.73537874,0.6148424,-0.28493324,-0.63326824,0.7731842,0.034023404
1356423386738,0.24722278,0.15885401,0.95584846,0.7414203,0.6041017,-0.29215926,-0.62384033,0.7809139,0.031570137
1356423386778,0.24390006,0.15825602,0.95680076,0.7501087,0.5945558,-0.289552,-0.6146948,0.7883264,0.026302993
1356423386818,0.23047054,0.1556792,0.9605453,0.7603533,0.5871948,-0.27760595,-0.60724473,0.7943339,0.016959906
1356423386858,0.20692211,0.1529707,0.9663246,0.77092004,0.5826426,-0.2573128,-0.6023832,0.79820275,0.0026334524
1356423386929,0.17563674,0.15833795,0.97163826,0.7796486,0.5802523,-0.23548982,-0.60108227,0.798897,-0.021534324
1356423386941,0.12779501,0.15602285,0.97945154,0.7886301,0.5828769,-0.19574746,-0.6014408,0.7974405,-0.048555553
1356423386979,0.08250404,0.16499797,0.982837,0.79271054,0.5868264,-0.1650599,-0.6039893,0.7927234,-0.082380116
1356423387019,0.035708845,0.18293345,0.9824766,0.7926595,0.5935318,-0.1393232,-0.6086179,0.78374445,-0.123809576
1356423387059,-0.01279676,0.20754212,0.9781423,0.7884556,0.6037099,-0.11777994,-0.61495847,0.7697146,-0.1713633
1356423387099,-0.06117499,0.23706627,0.9695655,0.77980494,0.6176856,-0.101826966,-0.6230264,0.7498427,-0.22265238
1356423387139,-0.107499115,0.26875186,0.95719194,0.7663909,0.63569236,-0.09241322,-0.6333158,0.7236489,-0.27430534
1356423387179,-0.14982265,0.29890597,0.94244814,0.74861825,0.65695316,-0.08934951,-0.6458514,0.69214725,-0.3221929
1356423387219,-0.18625289,0.3236513,0.92766356,0.7285292,0.678994,-0.09062186,-0.6592078,0.6589514,-0.36225402
1356423387259,-0.21541256,0.3387205,0.9158962,0.7097526,0.6984974,-0.09139219,-0.6707076,0.63037276,-0.3908729
1356423387298,-0.2365824,0.34054124,0.9099782,0.69593275,0.7129537,-0.0858753,-0.67801636,0.61296713,-0.4056661
1356423387338,-0.24964777,0.32757246,0.9112477,0.68865645,0.7216285,-0.07074264,-0.6807557,0.6098758,-0.40573788
1356423387378,-0.25489795,0.29977375,0.9193274,0.68702465,0.72517806,-0.045977324,-0.6804589,0.61988103,-0.3907984
1356423387418,-0.25276774,0.25858647,0.93233126,0.6896452,0.72401524,-0.013836741,-0.6786,0.63948023,-0.36134058
1356423387458,-0.24380565,0.20768219,0.9473262,0.6962075,0.71750706,0.021878272,-0.67516947,0.66486967,-0.3195222
1356423387498,-0.22876601,0.1520268,0.96153736,0.70666385,0.7052806,0.056616753,-0.66954637,0.6924356,-0.26877606
1356423387538,-0.20857465,0.09564692,0.97331816,0.7200759,0.68846357,0.08665219,-0.66180605,0.71893644,-0.2124691
1356423387579,-0.18407603,0.04221925,0.9820049,0.73481166,0.66946244,0.10895771,-0.6528152,0.74164516,-0.15425521
1356423387618,-0.1560496,-0.004798144,0.98773754,0.74918103,0.6511219,0.12152377,-0.6437206,0.758958,-0.098012626
1356423387658,-0.12504971,-0.042071372,0.991258,0.7618505,0.63594824,0.12310055,-0.6355678,0.7705841,-0.047473013
1356423387698,-0.09160228,-0.06770763,0.9934912,0.7720009,0.6253514,0.11379877,-0.62898624,0.7774004,-0.005013287
1356423387738,-0.05606039,-0.0811654,0.99512273,0.7792226,0.6195921,0.094433576,-0.62423486,0.7807162,0.028511345
1356423387778,-0.018854514,-0.08325398,0.99635,0.7831016,0.6183296,0.06648606,-0.62160784,0.7814969,0.053538024
1356423387818,0.019566253,-0.075348556,0.9969653,0.78325593,0.6208981,0.031554133,-0.6213914,0.7802615,0.07116586
1356423387858,0.058578566,-0.05865127,0.99655837,0.77971685,0.62606776,-0.008985966,-0.6233861,0.77755976,0.08240551
1356423387928,0.09770961,-0.031826317,0.9947059,0.7720706,0.63310146,-0.055583715,-0.6279807,0.77341425,0.08643228
1356423387949,0.14111353,0.00569731,0.989977,0.7609981,0.6389866,-0.11215168,-0.63322103,0.76919675,0.08583403
1356423387989,0.18186946,0.047507048,0.9821744,0.74735844,0.6424466,-0.16946322,-0.63904536,0.7648565,0.08133662
1356423388029,0.22001824,0.09160581,0.97118497,0.7324635,0.64202595,-0.22649506,-0.64427423,0.76119053,0.0741595
