1356423730425,0.09109014,-0.26246578,0.96063226,0.30115575,-0.9122148,-0.27779362,0.9492143,0.3146042,-0.004050702
1356423730569,0.059604973,-0.20278214,-0.9774081,-0.30871493,0.9274025,-0.21123376,0.9492852,0.31433108,-0.0073240995
1356423730607,0.05345151,-0.19240248,-0.9798593,-0.30968386,0.929687,-0.1994441,0.949336,0.3141072,-0.009890795
1356423730648,0.052592635,-0.1981713,-0.97875535,-0.30964762,0.9285674,-0.20464826,0.9493958,0.31383228,-0.012527466
1356423730689,0.046121836,-0.187781,-0.98112744,-0.31037584,0.9308671,-0.19275197,0.9494944,0.31340834,-0.015349388
1356423730728,0.03983745,-0.17783564,-0.98325354,-0.31073084,0.9330386,-0.18134311,0.94966274,0.31275144,-0.018089116
1356423730768,0.03312862,-0.16507109,-0.98572516,-0.3107382,0.9356857,-0.16713482,0.94991803,0.31183943,-0.020295918
1356423730809,0.026054174,-0.1481834,-0.98861665,-0.31041235,0.93886685,-0.14890707,0.95024484,0.31075847,-0.021536529
1356423730848,0.018962383,-0.12784472,-0.991613,-0.3098863,0.9421994,-0.12739992,0.9505846,0.30970308,-0.021750987
1356423730888,0.012135387,-0.106949784,-0.99419034,-0.309368,0.94507843,-0.10544282,0.9508649,0.3088503,-0.021617949
1356423730928,0.0056837806,-0.09000996,-0.9959246,-0.30905324,0.94702446,-0.08735422,0.95102775,0.30829024,-0.022435188
1356423730969,-4.2641163E-4,-0.08171237,-0.9966558,-0.30926874,0.94780535,-0.077574976,0.9509746,0.30820143,-0.025675237
1356423731008,-0.0060291896,-0.08374991,-0.99646854,-0.31032667,0.947445,-0.07775201,0.9506109,0.308762,-0.03170216
1356423731048,-0.011201083,-0.096625924,-0.99525774,-0.31248626,0.94580865,-0.08830823,0.9498563,0.3100152,-0.040788352
1356423731089,-0.01585719,-0.118092746,-0.992876,-0.3155317,0.94285136,-0.10710349,0.9487826,0.3115855,-0.052212954
1356423731128,-0.019783795,-0.14299053,-0.9895263,-0.3188583,0.9389406,-0.12930569,0.94759583,0.3129605,-0.064169526
1356423731168,-0.023037702,-0.1672819,-0.98563987,-0.321967,0.93461597,-0.15109673,0.94647056,0.31386262,-0.07539064
1356423731210,-0.025489569,-0.18722874,-0.98198557,-0.32430094,0.93072826,-0.16903791,0.9456105,0.31415015,-0.08444232
1356423731248,-0.026884407,-0.19974157,-0.97947973,-0.325416,0.92821157,-0.18035471,0.9451887,0.31388962,-0.08995348
1356423731285,-0.026977748,-0.20352697,-0.97869754,-0.32531023,0.92754817,-0.18392295,0.9452224,0.3134185,-0.0912326
1356423731328,-0.025576472,-0.19861215,-0.9797444,-0.32429647,0.92871064,-0.17980082,0.9456096,0.313129,-0.08816236
1356423731368,-0.022559702,-0.18665303,-0.9821669,-0.32294238,0.9311106,-0.16953243,0.9461497,0.31335866,-0.08128375
1356423731408,-0.017811447,-0.1689955,-0.985456,-0.32185134,0.93412006,-0.15437469,0.9466227,0.31442067,-0.071029425
1356423731463,-0.010613562,-0.14045414,-0.9900303,-0.32210258,0.9377933,-0.12959026,0.94664526,0.3175159,-0.05519396
1356423731499,-0.0014907429,-0.11471203,-0.9933976,-0.32430333,0.939764,-0.10803203,0.94595194,0.3220011,-0.03860241
1356423731529,0.007221996,-0.0917387,-0.995757,-0.3278906,0.9405115,-0.0890271,0.9446882,0.3271423,-0.023287892
1356423731559,0.014772832,-0.06916031,-0.9974962,-0.33299097,0.94031864,-0.07012753,0.9428143,0.33319318,-0.009138584
1356423731589,0.020869762,-0.04662022,-0.99869466,-0.33952558,0.9392165,-0.0509388,0.9403653,0.34014547,0.0037724376
1356423731618,0.025223253,-0.023958176,-0.9993947,-0.34726238,0.93724775,-0.03123276,0.9374288,0.34784,0.015320659
1356423731648,0.027641412,-0.0012365729,-0.9996172,-0.35584968,0.9344785,-0.010995954,0.93413436,0.35601738,0.025390267
1356423731679,0.028093755,0.021169037,-0.9993811,-0.36482802,0.9310268,0.009465426,0.930651,0.3643363,0.0338791
1356423731720,0.026763227,0.042645037,-0.99873173,-0.37490335,0.9265938,0.029518455,0.92667747,0.37363788,0.040786386
1356423731758,0.022739235,0.06440596,-0.9976647,-0.38490403,0.9215619,0.050720125,0.92267644,0.38285184,0.04574573
1356423731789,0.017062128,0.08503915,-0.9962315,-0.3934942,0.91654265,0.071497604,0.9191688,0.39079142,0.049100578
1356423731818,0.011318557,0.10149418,-0.9947717,-0.40056092,0.91198707,0.08849026,0.91620016,0.3974651,0.05097699
1356423731859,0.005651921,0.11304627,-0.9935736,-0.4061675,0.9081974,0.101021916,0.9137811,0.40298638,0.051048756
1356423731898,-3.734976E-5,0.12185021,-0.9925485,-0.41021717,0.90519035,0.1111411,0.91198796,0.40716457,0.049951255
1356423731938,-0.005038224,0.12796575,-0.9917658,-0.41284084,0.9030464,0.1186157,0.9107893,0.41003907,0.048279762
1356423731981,-0.008810498,0.13102804,-0.99133945,-0.41443765,0.90174526,0.12286943,0.910035,0.41193098,0.046358168
1356423732018,-0.010989308,0.13063446,-0.9913696,-0.41564116,0.9011255,0.12335022,0.9094622,0.4134096,0.044394314
1356423732059,-0.011483759,0.126802,-0.99186164,-0.41711107,0.90089834,0.12000233,0.908783,0.4150945,0.042544782
1356423732098,-0.010188609,0.12014088,-0.9927045,-0.41917852,0.9008039,0.11332098,0.90784657,0.41727504,0.041182518
1356423732138,-0.007131994,0.111935884,-0.99368984,-0.42126784,0.900895,0.10450643,0.9069082,0.41935492,0.04072982
1356423732177,-0.0024884343,0.10340406,-0.9946363,-0.4219669,0.9016421,0.094791934,0.90660787,0.41993946,0.041389406
1356423732218,0.0034082532,0.09552784,-0.9954209,-0.4199487,0.903533,0.085271746,0.90754145,0.41773507,0.04319626
1356423732258,0.009866029,0.08964643,-0.9959247,-0.41486046,0.906579,0.07749435,0.9098315,0.41240525,0.046135128
1356423732297,0.01567537,0.08702892,-0.9960825,-0.40722248,0.9103962,0.073133945,0.9131945,0.40448076,0.04971093
1356423732338,0.019063562,0.0880501,-0.9959335,-0.3978083,0.9145405,0.073239595,0.91727036,0.39479446,0.052461445
1356423732378,0.017924216,0.092423216,-0.9955585,-0.38726836,0.9186353,0.07830955,0.92179286,0.38414466,0.052258432
1356423732418,0.010217074,0.10008022,-0.9949269,-0.37620565,0.9222607,0.08890736,0.92647994,0.37338874,0.047073543
1356423732463,-0.0055710077,0.11151187,-0.99374735,-0.3651011,0.9249323,0.10583666,0.9309511,0.36340794,0.03556031
1356423732499,-0.030178543,0.1277307,-0.99134964,-0.3540513,0.92613184,0.13010567,0.93473893,0.35491502,0.017273903
1356423732539,-0.06346747,0.1494016,-0.9867375,-0.34253395,0.9254073,0.16214758,0.9373592,0.34828222,-0.007558167
1356423732579,-0.10448267,0.17639324,-0.9787588,-0.3294758,0.9224307,0.2014133,0.9383651,0.3435215,-0.038260758
1356423732609,-0.15008295,0.21758562,-0.9644334,-0.3128795,0.91489404,0.25509864,0.9378602,0.34003735,-0.06923193
1356423732639,-0.19383276,0.25330567,-0.94776845,-0.2944864,0.9065139,0.3025066,0.93579197,0.33774063,-0.101117015
1356423732679,-0.23776487,0.27147627,-0.93261385,-0.2766487,0.901454,0.33293596,0.9310926,0.33716682,-0.13923049
1356423732709,-0.28256422,0.29679078,-0.9121802,-0.25522614,0.8933938,0.36973923,0.9246713,0.3372873,-0.17669237
1356423732739,-0.32317826,0.31119084,-0.8937092,-0.23568636,0.88816214,0.39448696,0.9165194,0.3381247,-0.21369123
1356423732778,-0.3619124,0.3025,-0.8817671,-0.22323257,0.8902434,0.39703143,0.9050893,0.34052974,-0.25466228
1356423732818,-0.39844847,0.2789246,-0.8737505,-0.21777374,0.89662504,0.38553616,0.89096206,0.34389618,-0.29651642
1356423732858,-0.43026042,0.24247442,-0.86952984,-0.2205127,0.9058356,0.36171255,0.87535715,0.34737298,-0.33627653
1356423732898,-0.45507553,0.199032,-0.86792415,-0.2299933,0.91535383,0.33050013,0.8602379,0.35001928,-0.37077916
1356423732938,-0.47122973,0.15789393,-0.8677626,-0.24203429,0.9229297,0.29936615,0.848152,0.35109857,-0.3966962
1356423732977,-0.4780131,0.12967807,-0.8687273,-0.25089908,0.927674,0.27653328,0.841756,0.35014942,-0.41090417
1356423733018,-0.4754352,0.12270951,-0.8711508,-0.25228617,0.9296175,0.2686316,0.8428007,0.34749624,-0.41101497
1356423733057,-0.46359682,0.14046437,-0.8748415,-0.24583036,0.92820126,0.27930245,0.8512611,0.34454635,-0.39578074
1356423733098,-0.44254652,0.18087298,-0.8783151,-0.23495987,0.92184186,0.308223,0.8654169,0.34277183,-0.36546004
1356423733138,-0.4129206,0.23709688,-0.8793643,-0.22489965,0.9090766,0.35071346,0.8825626,0.34258553,-0.32205343
1356423733177,-0.3767443,0.29947644,-0.8765714,-0.22056009,0.8900801,0.39888677,0.89967597,0.34361503,-0.26928008
1356423733218,-0.3374027,0.35860464,-0.8703804,-0.22467217,0.86720264,0.44438946,0.9141563,0.3454885,-0.21202803
1356423733258,-0.2986228,0.40763506,-0.8629358,-0.23700503,0.84419304,0.480798,0.9244745,0.34809732,-0.15548372
1356423733297,-0.2633497,0.44286937,-0.85703766,-0.25497937,0.8248503,0.5045865,0.9303937,0.35140967,-0.10430151
1356423733338,-0.23299052,0.4640663,-0.8546098,-0.275328,0.8113607,0.51564354,0.9326896,0.3554381,-0.061268926
1356423733377,-0.20756216,0.47257522,-0.856499,-0.2954599,0.8043887,0.5154244,0.9325349,0.3600437,-0.027333617
1356423733418,-0.18627034,0.47070667,-0.8624028,-0.31381437,0.8032825,0.506219,0.93103373,0.36492798,-0.0019131899
1356423733463,-0.16800645,0.46101242,-0.8713446,-0.3297814,0.8066957,0.490394,0.9289877,0.36974257,0.016503274
1356423733499,-0.15173997,0.4460108,-0.882071,-0.34333178,0.8130548,0.4701757,0.9268755,0.3741875,0.029756784
1356423733538,-0.1367649,0.42795023,-0.8933946,-0.35464308,0.8209397,0.44753355,0.92494524,0.37804312,0.03949386
1356423733578,-0.12271227,0.40829238,-0.9045657,-0.3639675,0.829433,0.42375526,0.92329264,0.38123247,0.04682356
1356423733618,-0.10958883,0.3870058,-0.9155417,-0.37184167,0.83824754,0.3988419,0.9218047,0.38414523,0.052042365
1356423733657,-0.09778674,0.36265182,-0.9267801,-0.37930775,0.8473716,0.3716007,0.92008877,0.38787252,0.05469495
1356423733698,-0.08744399,0.33349606,-0.9386873,-0.38727573,0.8567921,0.3404773,0.9178077,0.3933035,0.05423361
1356423733737,-0.07837385,0.3002556,-0.9506336,-0.39519978,0.8660832,0.30613235,0.9152457,0.3996829,0.05078268
1356423733778,-0.070254706,0.2663948,-0.96130025,-0.40135932,0.8746864,0.27172494,0.9132223,0.40491676,0.045469224
1356423733817,-0.063266136,0.23629633,-0.9696192,-0.4043769,0.8821678,0.24136937,0.9124016,0.4073621,0.039741397
1356423733857,-0.058403194,0.21316768,-0.9752685,-0.4038123,0.8883994,0.21836239,0.9129758,0.40657842,0.03419435
1356423733898,-0.057366163,0.19824773,-0.97847176,-0.39971936,0.8935405,0.20447472,0.9148407,0.40284404,0.0279845
1356423733938,-0.06212098,0.1915242,-0.9795201,-0.3924392,0.8976788,0.20041028,0.9176779,0.39685175,0.019396901
1356423733977,-0.07429412,0.1930328,-0.9783755,-0.38258457,0.9004977,0.20671958,0.92092854,0.38966942,0.0069497228
1356423734018,-0.09471822,0.20334221,-0.97451544,-0.37063456,0.9013382,0.22409695,0.92393637,0.38241518,-0.010007501
1356423734057,-0.12324375,0.222886,-0.9670226,-0.35645595,0.89947665,0.2527466,0.926148,0.3758504,-0.031405866
1356423734117,-0.15872669,0.25045297,-0.9550283,-0.339393,0.8945044,0.29098827,0.927156,0.37031752,-0.056979775
1356423734138,-0.19930324,0.2821885,-0.93842834,-0.31893674,0.88682127,0.33440584,0.9265837,0.36594748,-0.0867461
1356423734178,-0.24283746,0.3120966,-0.918491,-0.2954288,0.87806284,0.37646708,0.9239869,0.36276904,-0.12102425
1356423734215,-0.28725713,0.33325335,-0.898012,-0.27054706,0.87112224,0.40981746,0.9188512,0.36067754,-0.16007537
1356423734258,-0.33119547,0.33802095,-0.8809379,-0.24772498,0.8697287,0.42685404,0.91046256,0.35960242,-0.204314
1356423734298,-0.373401,0.32232362,-0.86987305,-0.23153879,0.8756376,0.42384973,0.8983103,0.35967526,-0.25233352
1356423734338,-0.41212237,0.28467464,-0.8655145,-0.22669315,0.88802767,0.40002134,0.8824768,0.361064,-0.30144227
1356423734378,-0.44392693,0.23073758,-0.86584586,-0.23440976,0.90272474,0.36074936,0.8648589,0.36310905,-0.34665668
1356423734418,-0.46459213,0.17355698,-0.8683502,-0.2500626,0.91498095,0.3166677,0.8494838,0.36426327,-0.3816929
1356423734461,-0.47125834,0.12886822,-0.87253,-0.26538426,0.9227063,0.2796145,0.8411224,0.36332637,-0.40063345
1356423734498,-0.46408528,0.101809986,-0.8799202,-0.27668536,0.92700684,0.2531868,0.841469,0.3609613,-0.4020409
1356423734537,-0.44448397,0.10164412,-0.8900014,-0.27999985,0.9279938,0.24582043,0.85090196,0.3584635,-0.384018
1356423734578,-0.41349334,0.12402405,-0.90202063,-0.27869344,0.92589074,0.25506136,0.8668063,0.35685346,-0.34828496
1356423734617,-0.37339705,0.16324124,-0.91319597,-0.27656808,0.9200411,0.2775509,0.88548553,0.35619757,-0.2983933
1356423734658,-0.3271405,0.21270478,-0.9207257,-0.27732712,0.9098242,0.30872265,0.90336525,0.35633788,-0.23865151
1356423734698,-0.27827948,0.2649523,-0.92323387,-0.28347003,0.8957324,0.34250286,0.91771746,0.35702065,-0.17415792
1356423734738,-0.23025608,0.313926,-0.921104,-0.29504713,0.8794618,0.37348908,0.92732376,0.35776722,-0.10987848
1356423734777,-0.18572247,0.35508502,-0.9161996,-0.3103581,0.8634907,0.3975696,0.93230087,0.35818762,-0.05016613
1356423734818,-0.14623497,0.38579157,-0.91092265,-0.3269877,0.8502132,0.41257304,0.9336457,0.35819316,0.0018182397
1356423734858,-0.112415984,0.40477842,-0.9074785,-0.3428074,0.8413986,0.4177697,0.9326553,0.3580543,0.044174373
1356423734898,-0.084394515,0.41114044,-0.90765685,-0.35645694,0.8381693,0.41280833,0.93049234,0.3583794,0.07581699
1356423734938,-0.062108725,0.40363613,-0.9128091,-0.36742857,0.84109783,0.3969264,0.9279756,0.36004472,0.096067905
1356423734978,-0.04536891,0.38073012,-0.92357254,-0.37597308,0.85003954,0.36888617,0.9255192,0.3639744,0.10457891
1356423735018,-0.033739865,0.34163284,-0.93922764,-0.38312197,0.8635505,0.32786906,0.92308134,0.37090105,0.10175097
1356423735058,-0.026304789,0.28882307,-0.95702094,-0.39031637,0.8783936,0.2758221,0.92030483,0.38079643,0.08962643
1356423735098,-0.021686994,0.23050848,-0.97282857,-0.39788446,0.890688,0.21991548,0.91717917,0.3918427,0.07239938
1356423735138,-0.018776149,0.17844059,-0.98377156,-0.4041146,0.8986373,0.17071149,0.9145156,0.40076175,0.055237472
1356423735178,-0.017654896,0.1416004,-0.9897664,-0.4065883,0.9033583,0.13649096,0.9134409,0.4048372,0.041624367
1356423735218,-0.019705892,0.12320934,-0.99218506,-0.40406018,0.90674424,0.12062441,0.9145201,0.40327948,0.031915784
1356423735257,-0.026973374,0.12229559,-0.9921271,-0.39681593,0.90963125,0.122915044,0.91750175,0.3970073,0.023993015
1356423735298,-0.041535974,0.1366972,-0.98974174,-0.38613674,0.91143286,0.14208642,0.921506,0.38807735,0.014926553
1356423735338,-0.0648697,0.16477993,-0.9841949,-0.3732352,0.91068155,0.17707236,0.92546606,0.3788228,0.0024260283
1356423735378,-0.097337574,0.2049719,-0.9739157,-0.35803545,0.9058372,0.2264277,0.92862046,0.37073633,-0.014784813
1356423735417,-0.13818327,0.25415647,-0.9572407,-0.33907658,0.89596474,0.2868348,0.93055487,0.36421368,-0.03762883
1356423735463,-0.1857903,0.30659243,-0.93353254,-0.3146949,0.88146317,0.35212186,0.93083245,0.35919878,-0.06728423
1356423735499,-0.23786399,0.35490108,-0.90413815,-0.28454357,0.86455476,0.41422218,0.9286849,0.35579526,-0.10466164
1356423735539,-0.29215366,0.38890886,-0.8737255,-0.25099534,0.8503801,0.46244457,0.92284757,0.35440585,-0.15082741
1356423735579,-0.34735283,0.40156612,-0.84740233,-0.21879527,0.8440217,0.48964897,0.91185236,0.35548857,-0.20531255
1356423735619,-0.40171552,0.39050773,-0.82832867,-0.19379011,0.84778637,0.49366352,0.8950252,0.35883418,-0.2648924
1356423735658,-0.45243472,0.35867736,-0.8164884,-0.18037352,0.8598267,0.4776646,0.873366,0.36338496,-0.32431954
1356423735698,-0.49528813,0.31585103,-0.8092761,-0.17837971,0.874738,0.4505709,0.8502178,0.3675209,-0.37690592
1356423735738,-0.5259444,0.27621174,-0.80441874,-0.18254231,0.88709855,0.423951,0.8306989,0.36981514,-0.4161442
1356423735777,-0.54193014,0.25241637,-0.8016219,-0.18617493,0.894076,0.4073906,0.8195429,0.37001914,-0.43753308
1356423735818,-0.5427505,0.2511288,-0.8014714,-0.18577227,0.89472324,0.40615147,0.8190914,0.36933005,-0.4389587
1356423735858,-0.5290611,0.272,-0.8038099,-0.18236314,0.8886615,0.42074278,0.8287569,0.36918393,-0.4205534
1356423735898,-0.5023294,0.3101533,-0.8071369,-0.17950827,0.8757127,0.44822317,0.84583795,0.37004346,-0.3842212
1356423735937,-0.46529543,0.35762224,-0.8096953,-0.18163076,0.85670936,0.48276216,0.8663201,0.3716926,-0.33366776
1356423735978,-0.42192763,0.40636924,-0.81045735,-0.19183633,0.83366746,0.5178778,0.8861015,0.37398213,-0.27379096
1356423736018,-0.37686962,0.44934902,-0.8099721,-0.21050319,0.81001854,0.54731923,0.9020298,0.37676966,-0.21068197
1356423736058,-0.3337916,0.4832924,-0.80932796,-0.23501205,0.7887934,0.56795627,0.9128815,0.37978083,-0.1497131
1356423736098,-0.2947067,0.50758123,-0.8096353,-0.26169753,0.7720027,0.5792462,0.9190551,0.38258734,-0.09468162
1356423736138,-0.26022404,0.5231966,-0.8115101,-0.28740442,0.7603973,0.58240414,0.921782,0.3847872,-0.047504604
1356423736178,-0.23019543,0.5310933,-0.8154447,-0.31021965,0.7541832,0.5787673,0.922374,0.38619655,-0.008853912
1356423736218,-0.20423718,0.5315472,-0.822037,-0.32955393,0.7533876,0.5690355,0.92178166,0.38712367,0.021303713
1356423736257,-0.18199144,0.5239794,-0.8320605,-0.3457617,0.75805074,0.552999,0.92050415,0.38833576,0.043213308
1356423736298,-0.16309589,0.5070964,-0.84631723,-0.35950488,0.7682826,0.5296207,0.91877955,0.39063418,0.05699992
1356423736338,-0.1470149,0.47953394,-0.86512065,-0.3715413,0.7838059,0.49759954,0.9167026,0.39458257,0.06293547
1356423736378,-0.13296978,0.44116682,-0.8875195,-0.3826813,0.80317706,0.456576,0.91426146,0.40034795,0.06202805
1356423736417,-0.11999188,0.39486477,-0.91086966,-0.39325634,0.82354194,0.4088129,0.91156524,0.4072596,0.05646473
1356423736463,-0.107503995,0.34675652,-0.9317741,-0.4025662,0.8417565,0.35970315,0.90905637,0.41377023,0.04910022
1356423736499,-0.09589802,0.30377427,-0.9479054,-0.40940556,0.8559786,0.31573346,0.90729856,0.41835597,0.042280197
1356423736539,-0.08675653,0.27084696,-0.95870507,-0.4126789,0.8661139,0.2820334,0.90673566,0.42010555,0.036631763
1356423736579,-0.082355626,0.2498922,-0.96476495,-0.41190937,0.87296367,0.26127595,0.9074956,0.41891325,0.031039476
1356423736619,-0.08490323,0.24063066,-0.9668963,-0.40737823,0.87720346,0.25408077,0.9093044,0.41546476,0.023550272
1356423736659,-0.09583681,0.24165644,-0.9656177,-0.39979833,0.8790516,0.259672,0.9115792,0.41093844,0.012368321
1356423736699,-0.11556014,0.25114965,-0.9610254,-0.38960463,0.8785167,0.27643588,0.9137036,0.4063649,-0.003672421
1356423736739,-0.14320946,0.26605183,-0.95326144,-0.37648755,0.87613064,0.30108503,0.91528577,0.40200934,-0.025304973
1356423736779,-0.17702034,0.28219518,-0.94288373,-0.3598059,0.8731446,0.32887423,0.9160805,0.39747256,-0.053028822
1356423736818,-0.21476601,0.29529953,-0.930953,-0.3395242,0.8711702,0.3546628,0.9157504,0.39225063,-0.0868364
1356423736858,-0.25433373,0.30009043,-0.91938025,-0.3170358,0.8722393,0.37240693,0.91367537,0.3861921,-0.12670046
1356423736897,-0.29441527,0.29125726,-0.9102137,-0.29553616,0.877995,0.37654102,0.9088334,0.37986046,-0.17241812
1356423736937,-0.33428666,0.26405394,-0.9047253,-0.27984917,0.8888452,0.36282054,0.8999649,0.3744727,-0.22323376
1356423736978,-0.3727466,0.21690464,-0.9022263,-0.2750199,0.9027884,0.33066168,0.88624156,0.37138322,-0.2768582
1356423737018,-0.40699548,0.15453096,-0.90026385,-0.28301632,0.91575044,0.2851366,0.86847943,0.37083867,-0.3289715
1356423737058,-0.43287402,0.08854878,-0.89709485,-0.3002339,0.92418563,0.2360943,0.849988,0.3715374,-0.3734706
1356423737098,-0.44681644,0.03287965,-0.8940212,-0.31886938,0.92783856,0.19348879,0.83586925,0.37153,-0.4040892
1356423737138,-0.4472686,-0.0031775832,-0.89439404,-0.33225012,0.92902607,0.16285105,0.83039784,0.37000072,-0.4165799
1356423737178,-0.4342608,-0.0175969,-0.9006153,-0.33878797,0.92959195,0.14519453,0.83464974,0.3681699,-0.409647
1356423737215,-0.40891147,-0.014369607,-0.9124609,-0.34136906,0.929693,0.13834059,0.8463206,0.368055,-0.38506746
1356423737258,-0.37279412,0.002087742,-0.9279117,-0.34317714,0.9287841,0.1399632,0.86212176,0.37061554,-0.34552872
1356423737298,-0.32859695,0.0245381,-0.9441514,-0.34702742,0.9266001,0.14485936,0.87840533,0.37524676,-0.29596257
1356423737338,-0.2793276,0.048840806,-0.9589529,-0.35356855,0.92330116,0.15001383,0.89272916,0.3809586,-0.24063498
1356423737378,-0.22789463,0.07055342,-0.97112626,-0.36264747,0.91946316,0.15190268,0.903632,0.38679427,-0.18395466
1356423737417,-0.17685482,0.086529404,-0.98042595,-0.37328333,0.9158098,0.14816156,0.91070414,0.39217976,-0.12966543
1356423737464,-0.12793565,0.09531745,-0.98719144,-0.3841671,0.91290236,0.13793088,0.9143566,0.3968928,-0.08017492
1356423737499,-0.0822871,0.09578936,-0.9919946,-0.39400297,0.9111539,0.12066616,0.91541827,0.4007781,-0.037234902
1356423737539,-0.04084018,0.087709785,-0.9953085,-0.4019517,0.910537,0.09673259,0.9147496,0.40401652,-0.0019314289
1356423737579,-0.004205052,0.07047781,-0.9975045,-0.40799198,0.9105927,0.06605704,0.9129758,0.4072516,0.024925292
1356423737619,0.027274702,0.04366426,-0.99867386,-0.41257972,0.91047436,0.02854006,0.9105131,0.41125417,0.04284793
1356423737659,0.053360224,0.0074748695,-0.9985474,-0.41650558,0.9090018,-0.015452623,0.9075659,0.4167251,0.05161786
1356423737699,0.074537694,-0.036923483,-0.99653435,-0.4204508,0.9049855,-0.06497984,0.90424836,0.42383713,0.051931024
1356423737739,0.09195235,-0.085722834,-0.99206674,-0.4240109,0.8980806,-0.11690223,0.900977,0.43139654,0.046233237
1356423737779,0.10686594,-0.13351987,-0.9852675,-0.4254886,0.8894797,-0.16668922,0.8986318,0.43703353,0.03824389
1356423737818,0.119653106,-0.17586167,-0.9771162,-0.4233247,0.8811995,-0.21043698,0.8980421,0.4388168,0.030991673
1356423737858,0.12931797,-0.21063498,-0.9689736,-0.41747126,0.8747927,-0.24587718,0.8994413,0.43631497,0.02519238
1356423737898,0.13395733,-0.23760708,-0.9620801,-0.40945637,0.870815,-0.27207863,0.9024416,0.43037677,0.01936233
1356423737938,0.13180825,-0.25717768,-0.95733297,-0.40154263,0.8691244,-0.28876692,0.9063058,0.42247182,0.011289954
1356423737978,0.12199119,-0.2696734,-0.95519334,-0.3956558,0.86939704,-0.2959817,0.91026074,0.41403496,-6.39081E-4
1356423738017,0.104370564,-0.27575597,-0.9555446,-0.39254037,0.87136495,-0.2943387,0.9137937,0.40581012,-0.017300487
1356423738058,0.079051554,-0.27747858,-0.95747405,-0.3916937,0.8745837,-0.28579602,0.9166935,0.39762917,-0.03954941
1356423738098,0.04637271,-0.2783872,-0.95934874,-0.3923422,0.8781288,-0.2737834,0.9186496,0.3890891,-0.06850183
1356423738138,0.007211894,-0.28381008,-0.9588534,-0.39470327,0.8802136,-0.26350224,0.9187804,0.38036293,-0.10567272
1356423738178,-0.03667605,-0.29974347,-0.9533146,-0.40068334,0.8783289,-0.26075116,0.9154822,0.37241396,-0.15231586
1356423738218,-0.08221087,-0.33096626,-0.94005466,-0.413537,0.86954045,-0.26997507,0.9067682,0.36655247,-0.20835245
1356423738258,-0.124773026,-0.377227,-0.9176772,-0.43559211,0.85183144,-0.2909342,0.8914545,0.36343223,-0.2706027
1356423738297,-0.1592375,-0.4312642,-0.8880623,-0.46473315,0.82638437,-0.31798112,0.87101465,0.36207741,-0.33201414
1356423738338,-0.18226725,-0.4817311,-0.8571544,-0.49378785,0.7986996,-0.34387857,0.8502659,0.36057466,-0.38344973
1356423738378,-0.19357598,-0.5189033,-0.832627,-0.51503044,0.7760814,-0.3639249,0.8350281,0.35838112,-0.41748172
1356423738417,-0.19485724,-0.537412,-0.8204993,-0.52452403,0.76396227,-0.3758141,0.82879746,0.35714146,-0.43074906
1356423738464,-0.18808937,-0.535743,-0.82316583,-0.5221729,0.76440305,-0.3781844,0.8318401,0.35870245,-0.4235266
1356423738499,-0.17475748,-0.51525444,-0.8390308,-0.5100619,0.77626526,-0.37047142,0.8421975,0.36321503,-0.3984698
1356423738538,-0.155689,-0.47811896,-0.86438596,-0.49105036,0.7967352,-0.35225356,0.85710585,0.36961502,-0.35882336
1356423738578,-0.13145697,-0.42799833,-0.8941681,-0.46887025,0.8215708,-0.32431787,0.87342995,0.376615,-0.3086769
1356423738618,-0.102932096,-0.3700682,-0.92328465,-0.447407,0.84624285,-0.28930953,0.8883873,0.3833048,-0.25267667
1356423738657,-0.07148492,-0.3108042,-0.94778186,-0.4296028,0.8671543,-0.251962,0.900184,0.3891583,-0.1955108
1356423738698,-0.038749456,-0.2562311,-0.96583855,-0.41664764,0.88267714,-0.21745296,0.90824187,0.3939882,-0.14096135
1356423738738,-0.006296604,-0.21113975,-0.97743565,-0.40813178,0.89288026,-0.19024542,0.91290134,0.3977246,-0.09179497
1356423738777,0.024588704,-0.17783532,-0.98375297,-0.4027994,0.89887476,-0.17255953,0.9149579,0.40049812,-0.04952979
1356423738818,0.053050548,-0.15731654,-0.9861223,-0.3996075,0.9016524,-0.16533875,0.91515,0.40283316,-0.015031695
1356423738858,0.07856202,-0.15035269,-0.985506,-0.39809045,0.9015911,-0.16928506,0.9139759,0.40561992,0.010976851
1356423738898,0.10082692,-0.15728395,-0.98239285,-0.39820343,0.8985052,-0.1847225,0.91173893,0.40981722,0.027962506
1356423738937,0.11978367,-0.17686336,-0.97691923,-0.3999684,0.89202046,-0.21053472,0.90866774,0.41595545,0.036109746
1356423738978,0.13557938,-0.20497479,-0.96933144,-0.40280378,0.88245535,-0.24294367,0.9051891,0.4233885,0.037078142
1356423739018,0.14841059,-0.2352212,-0.9605442,-0.40510702,0.8716043,-0.27603307,0.90214336,0.43008944,0.034065545
1356423739058,0.15807787,-0.261693,-0.9521178,-0.40498704,0.8622255,-0.30422482,0.9005537,0.43368658,0.030316472
1356423739098,0.16364464,-0.28127012,-0.9455726,-0.40149102,0.8565364,-0.32426906,0.9011245,0.4327038,0.027240157
1356423739138,0.1635592,-0.2934425,-0.94188106,-0.3953126,0.8552416,-0.33509672,0.9038675,0.4271456,0.023881137
1356423739178,0.15622044,-0.2985255,-0.94152945,-0.388494,0.8578318,-0.33644766,0.9081121,0.41833854,0.018035471
1356423739218,0.14051795,-0.2960948,-0.94476587,-0.38323972,0.8635808,-0.32765138,0.9128975,0.4081127,0.007873297
1356423739258,0.11597535,-0.28498608,-0.95148975,-0.3806098,0.8720794,-0.3075933,0.9174344,0.39781958,-0.0073288083
1356423739297,0.08258411,-0.26466697,-0.9607972,-0.3800605,0.8828654,-0.27586707,0.9212675,0.3879433,-0.027678788
1356423739338,0.04073459,-0.23710449,-0.97062975,-0.380149,0.8947019,-0.23451069,0.92402786,0.3785366,-0.05368972
1356423739378,-0.008603393,-0.20694694,-0.9783143,-0.37977377,0.9057225,-0.18825151,0.9250393,0.36991853,-0.08638531
1356423739417,-0.06336075,-0.18306474,-0.9810569,-0.37945557,0.91362184,-0.1459746,0.9230379,0.36301848,-0.12735271
1356423739464,-0.12054691,-0.17613064,-0.97695774,-0.3824613,0.91640294,-0.118021585,0.9160741,0.35942143,-0.17783266
1356423739499,-0.17584166,-0.19201767,-0.9655097,-0.39283216,0.9130038,-0.110031635,0.9026421,0.3599351,-0.23597479
1356423739539,-0.2238847,-0.2272372,-0.9477547,-0.4110432,0.9037384,-0.119584434,0.88369626,0.36279497,-0.2957375
1356423739569,-0.2597714,-0.26504236,-0.9285857,-0.43006307,0.89272416,-0.13449666,0.86461824,0.364412,-0.34588915
1356423739607,-0.2840963,-0.29350463,-0.9127674,-0.44418815,0.88395935,-0.14598891,0.8496977,0.36396554,-0.38150084
1356423739647,-0.294194,-0.3073669,-0.9049727,-0.45074326,0.87958056,-0.15221241,0.8427814,0.36313036,-0.3973109
1356423739688,-0.29124415,-0.30243313,-0.9075853,-0.44887638,0.88099456,-0.14952788,0.84479994,0.36384448,-0.3923396
1356423739728,-0.27611747,-0.28097087,-0.91913795,-0.44002914,0.8871593,-0.13900656,0.8544785,0.36606532,-0.36859554
1356423739768,-0.24968445,-0.24851018,-0.9358955,-0.42672515,0.89583623,-0.124028616,0.8692315,0.36840212,-0.32972193
1356423739807,-0.2134555,-0.21127254,-0.9538347,-0.41193527,0.9047642,-0.108217925,0.88585895,0.36981848,-0.2801575
1356423739848,-0.16984874,-0.1756596,-0.96968806,-0.39859992,0.9121477,-0.09541808,0.9012599,0.37031096,-0.22494507
1356423739888,-0.1220476,-0.14738965,-0.9815196,-0.38863194,0.9170473,-0.08938357,0.91327417,0.37054083,-0.16920376
1356423739927,-0.07341915,-0.13089466,-0.988674,-0.3823998,0.9192735,-0.09330939,0.9210755,0.37121803,-0.11754638
1356423739968,-0.026797444,-0.1280973,-0.9913996,-0.37903214,0.9190011,-0.108497605,0.9249955,0.37286484,-0.07317984
1356423740007,0.016075134,-0.13767102,-0.9903476,-0.37734917,0.9163957,-0.13351583,0.9259316,0.37585312,-0.03721887
1356423740048,0.05439949,-0.15556175,-0.98632705,-0.37685668,0.91153824,-0.16455115,0.9246727,0.38065547,-0.009037256
1356423740088,0.08791122,-0.1780693,-0.98008317,-0.37796235,0.904354,-0.19821258,0.9216377,0.38785964,0.012199342
1356423740128,0.11637795,-0.20325682,-0.9721846,-0.3812079,0.89472526,-0.23269573,0.91713506,0.39768508,0.026643217
1356423740175,0.13926575,-0.23204261,-0.9626844,-0.3885957,0.8813715,-0.26865903,0.910823,0.41151002,0.032574117
1356423740205,0.1593594,-0.26343828,-0.9514225,-0.3938818,0.8667425,-0.30596492,0.9052412,0.4235064,0.03435999
1356423740248,0.17372286,-0.2939391,-0.9399043,-0.39866018,0.85172635,-0.34004742,0.9004945,0.43377644,0.03078252
1356423740288,0.18465987,-0.32289118,-0.92824674,-0.4007343,0.83767164,-0.3711042,0.89739215,0.44050834,0.025290787
1356423740328,0.19271708,-0.3480715,-0.91744554,-0.3983344,0.8267185,-0.39732382,0.8967663,0.44202122,0.02067393
1356423740368,0.19743663,-0.3687713,-0.90830976,-0.3907563,0.8201548,-0.41791826,0.8990708,0.43744016,0.017828882
1356423740408,0.19746819,-0.38540956,-0.90136886,-0.37923488,0.817852,-0.43278047,0.90398407,0.4272909,0.015339017
1356423740464,0.19145855,-0.3984491,-0.89698493,-0.36688372,0.8185899,-0.44193545,0.9103515,0.4137015,0.010541558
1356423740489,0.17885813,-0.40750015,-0.8955186,-0.3571478,0.82121897,-0.44502228,0.9167635,0.39942837,0.0013439059
1356423740529,0.1598621,-0.41240358,-0.89686525,-0.35162592,0.82516557,-0.44210973,0.92239,0.38603768,-0.013099074
1356423740569,0.1346842,-0.41461852,-0.8999731,-0.35009977,0.8297575,-0.43466377,0.9269791,0.37362272,-0.03340262
1356423740609,0.10348466,-0.41714516,-0.902929,-0.35228637,0.83358175,-0.4254829,0.9301533,0.36212054,-0.060691655
1356423740649,0.06689718,-0.42448384,-0.9029608,-0.35907072,0.83411145,-0.41871986,0.93090975,0.35223797,-0.09662002
1356423740689,0.026426584,-0.44148114,-0.8968813,-0.37259766,0.82819337,-0.41864875,0.92761666,0.3452393,-0.14260852
1356423740729,-0.015265763,-0.47178924,-0.8815792,-0.39554596,0.8126094,-0.4280297,0.9183193,0.34217092,-0.19901943
1356423740769,-0.054359853,-0.51425,-0.8559158,-0.42898086,0.786074,-0.44504282,0.9016764,0.34297904,-0.26333427
1356423740808,-0.08701563,-0.56161153,-0.82281274,-0.46962833,0.7515356,-0.4632963,0.8785656,0.34610218,-0.32914406
1356423740848,-0.111181974,-0.60353553,-0.7895463,-0.50945115,0.7167548,-0.4761534,0.85328656,0.34929565,-0.3871621
1356423740888,-0.12713459,-0.6318778,-0.76457006,-0.5394585,0.69090044,-0.48129123,0.832359,0.351265,-0.42870915
1356423740927,-0.13618657,-0.64270544,-0.75391185,-0.5540496,0.68027586,-0.47984773,0.8212688,0.35235572,-0.44873512
1356423740968,-0.13909465,-0.6346298,-0.7601958,-0.55195373,0.68704236,-0.4725673,0.822192,0.35386136,-0.4458502
1356423741008,-0.13542917,-0.6075433,-0.7826558,-0.53522354,0.7096182,-0.4582332,0.8337833,0.35683766,-0.42127448
1356423741048,-0.123875916,-0.5622196,-0.81765753,-0.5078721,0.7438211,-0.4345067,0.85247916,0.36144054,-0.3776772
1356423741088,-0.10307747,-0.5015184,-0.8589845,-0.47544745,0.7833833,-0.4003253,0.87368464,0.36713743,-0.3191948
1356423741128,-0.07279965,-0.4317764,-0.8990381,-0.44428885,0.8210868,-0.35836285,0.89292085,0.37334388,-0.25160825
1356423741168,-0.034725398,-0.3626566,-0.9312756,-0.41951,0.8510567,-0.3157751,0.90708625,0.37971407,-0.18169135
1356423741208,0.00790143,-0.30408275,-0.95261294,-0.40277648,0.87097913,-0.28136533,0.9152643,0.38591325,-0.1155954
1356423741248,0.051552653,-0.2624967,-0.96355474,-0.39233148,0.88194233,-0.26125416,0.9183781,0.39150122,-0.057519257
1356423741287,0.093408674,-0.23992819,-0.9662863,-0.38514322,0.8862655,-0.25728998,0.9181174,0.39619175,-0.009621799
1356423741328,0.13153955,-0.23554812,-0.9629197,-0.37894678,0.8856385,-0.26840967,0.9160222,0.40020186,0.027236283
1356423741368,0.16475621,-0.24732143,-0.9548233,-0.37320334,0.8804489,-0.29245353,0.91300315,0.40452677,0.052758276
1356423741408,0.19247803,-0.27214557,-0.9428091,-0.3690495,0.8701652,-0.3265195,0.9092605,0.41079104,0.06705248
1356423741465,0.21473613,-0.30594143,-0.92751724,-0.36798468,0.85434127,-0.36699906,0.9046964,0.4201201,0.07087618
1356423741489,0.23202905,-0.3441123,-0.9098073,-0.3698413,0.8338773,-0.40971464,0.89965546,0.43155003,0.06621683
1356423741529,0.24487334,-0.38260064,-0.8908725,-0.372292,0.81130385,-0.45076007,0.89522934,0.44204384,0.056227505
1356423741569,0.25360987,-0.4188023,-0.87194425,-0.37224475,0.78974104,-0.48758888,0.8928135,0.44823402,0.04438919
1356423741609,0.25830168,-0.45124215,-0.85420185,-0.3682648,0.77145106,-0.5188875,0.8931189,0.44860202,0.033090472
1356423741648,0.25875175,-0.47930107,-0.8386406,-0.36125848,0.75718486,-0.544209,0.8958459,0.44378108,0.022771358
1356423741689,0.25461933,-0.5027452,-0.8260849,-0.35381606,0.74657863,-0.56341326,0.8999906,0.435738,0.012214005
1356423741728,0.2456012,-0.52154064,-0.817114,-0.3488179,0.73891926,-0.57647586,0.9044368,0.42660716,-4.4327974E-4
1356423741768,0.23165402,-0.5353897,-0.8122157,-0.34853542,0.733821,-0.5831208,0.9082178,0.41816822,-0.016609669
1356423741807,0.21284741,-0.5447169,-0.8111594,-0.3539107,0.73083,-0.5836392,0.91073775,0.41130406,-0.037225842
1356423741848,0.18912631,-0.55137914,-0.8125345,-0.36462924,0.72887045,-0.57947683,0.9117438,0.40586817,-0.063200355
1356423741888,0.16060585,-0.55868244,-0.81368273,-0.3797456,0.72595155,-0.5734,0.91104275,0.40108383,-0.09556514
1356423741927,0.12816086,-0.5710514,-0.81084836,-0.39849955,0.7190338,-0.5693756,0.9081701,0.39609435,-0.13541174
1356423741968,0.09389591,-0.5928663,-0.79980814,-0.42081383,0.70443135,-0.5715699,0.9022745,0.3902384,-0.18334311
1356423742008,0.061323583,-0.62625515,-0.77720267,-0.4471992,0.6788997,-0.5823299,0.89232975,0.38327497,-0.23842824
1356423742048,0.034630775,-0.66900355,-0.7424521,-0.47780582,0.6414108,-0.6002447,0.87778264,0.37553483,-0.29744124
1356423742088,0.017013907,-0.7143596,-0.6995719,-0.510325,0.59547114,-0.62046957,0.8598133,0.36756563,-0.35442424
1356423742128,0.009197831,-0.75400984,-0.6567987,-0.5387925,0.54958934,-0.638478,0.8423883,0.35975087,-0.40119988
1356423742168,0.009392947,-0.7824797,-0.62260526,-0.5564105,0.5132501,-0.6534383,0.8308545,0.35256183,-0.43055898
1356423742208,0.014937637,-0.7979362,-0.60255677,-0.5595455,0.49275833,-0.6664068,0.82866496,0.34711248,-0.43912095
1356423742248,0.023812354,-0.7998962,-0.59966576,-0.54848295,0.49104548,-0.67678714,0.8358226,0.34502232,-0.42703646
1356423742287,0.03511399,-0.78818285,-0.61443853,-0.52610373,0.5081515,-0.6819069,0.8496952,0.34720284,-0.3968227
1356423742328,0.048828423,-0.7627858,-0.6448052,-0.496446,0.5416492,-0.67834914,0.86669326,0.3532337,-0.35223407
1356423742368,0.065372825,-0.7242214,-0.6864618,-0.4641605,0.5869088,-0.6633951,0.88333535,0.36199647,-0.29778707
1356423742408,0.085005224,-0.67450476,-0.7333604,-0.43384933,0.6375311,-0.63665444,0.89696646,0.37228686,-0.23843992
1356423742460,0.10745889,-0.6183786,-0.7784989,-0.4089499,0.6862311,-0.6015371,0.9062078,0.38300756,-0.17914426
1356423742489,0.131942,-0.56385916,-0.8152632,-0.39077058,0.726262,-0.5655456,0.9109828,0.3932001,-0.124515116
1356423742529,0.1573757,-0.5188972,-0.84022534,-0.37818632,0.7542976,-0.53666586,0.91225433,0.40221983,-0.077531695
1356423742569,0.18290803,-0.48900467,-0.85288864,-0.3686872,0.7700933,-0.5206015,0.91138047,0.40967137,-0.03943354
1356423742609,0.20784879,-0.47582808,-0.85462654,-0.36010793,0.7751217,-0.5191422,0.909462,0.4156609,-0.010241389
1356423742649,0.23163405,-0.4780351,-0.8472473,-0.35177517,0.7708374,-0.5310969,0.9069728,0.42106068,0.010391295
1356423742689,0.2537202,-0.49179697,-0.8329236,-0.3446058,0.7586422,-0.55290943,0.9038102,0.4273146,0.023006737
1356423742728,0.27366906,-0.5121488,-0.8141308,-0.33934534,0.7405997,-0.57996285,0.8999723,0.43498936,0.028883934
1356423742768,0.29103112,-0.5351717,-0.79302716,-0.3343483,0.719747,-0.60842043,0.8963883,0.44221655,0.030535042
1356423742808,0.30524448,-0.55881083,-0.7710747,-0.32641008,0.69926864,-0.6359873,0.89458495,0.44581816,0.03104639
1356423742848,0.31570077,-0.58173805,-0.74960923,-0.3141951,0.6813517,-0.661091,0.89532936,0.44423053,0.032324016
1356423742888,0.32171458,-0.6031424,-0.72987604,-0.29918277,0.6666072,-0.68273306,0.8983259,0.43801153,0.03400743
1356423742927,0.32259512,-0.6224569,-0.71307766,-0.2847479,0.6546376,-0.700263,0.902691,0.42894885,0.0339396
1356423742968,0.31788442,-0.6385722,-0.70083886,-0.2747971,0.64540124,-0.71270174,0.9074338,0.4191453,0.0296852
1356423743008,0.3073351,-0.6496892,-0.695305,-0.2726166,0.6399311,-0.71844864,0.9117156,0.41035616,0.019557238
1356423743048,0.29039785,-0.6545782,-0.6979946,-0.27991185,0.63941526,-0.7160988,0.9150511,0.40333053,0.002460599
1356423743088,0.2659849,-0.65346634,-0.7086846,-0.29675543,0.6439584,-0.7051623,0.9171632,0.3978685,-0.022636473
1356423743128,0.2330375,-0.64828616,-0.72485757,-0.3221193,0.6518419,-0.686543,0.9175689,0.39348087,-0.0569219
1356423743168,0.19188762,-0.6438032,-0.74074066,-0.35397547,0.6585624,-0.66407603,0.9153582,0.38963205,-0.10152054
1356423743205,0.14630944,-0.6477639,-0.74766004,-0.3896261,0.65696716,-0.6454345,0.9092772,0.385741,-0.1562652
1356423743248,0.10475287,-0.6691553,-0.7357024,-0.42768732,0.63755727,-0.6407841,0.89783657,0.3817746,-0.21940333
1356423743288,0.07466698,-0.70478535,-0.7054803,-0.46742094,0.60018915,-0.6490691,0.880876,0.37822032,-0.28461713
1356423743327,0.05802536,-0.7433938,-0.66633236,-0.50513685,0.5538451,-0.6618855,0.8610865,0.37499523,-0.34337848
1356423743368,0.049559176,-0.7721498,-0.6335049,-0.53383493,0.5156019,-0.6702051,0.8441351,0.3714019,-0.38664776
1356423743408,0.041604936,-0.78361523,-0.61985177,-0.5484412,0.50065756,-0.6697419,0.8351534,0.36781687,-0.40893704
1356423743465,0.02680093,-0.7719678,-0.6350964,-0.5482629,0.5198923,-0.65507233,0.8358765,0.36575627,-0.40930772
1356423743490,1.0239892E-4,-0.72932625,-0.68416613,-0.53517914,0.57790154,-0.61612755,0.84473866,0.3662145,-0.390261
1356423743529,-0.039526284,-0.64467114,-0.76343757,-0.5112218,0.6695139,-0.5388909,0.8585394,0.3689856,-0.35603333
1356423743569,-0.08828604,-0.506762,-0.8575533,-0.47772688,0.7769836,-0.40996766,0.8740609,0.37348187,-0.31069064
1356423743609,-0.13279909,-0.32721934,-0.9355704,-0.43931815,0.8655735,-0.24037889,0.88846165,0.379091,-0.2587008
1356423743649,-0.15789723,-0.14931898,-0.97610056,-0.40648985,0.9106895,-0.073557585,0.89990807,0.38516048,-0.20449197
1356423743689,-0.15918118,-0.014157072,-0.9871479,-0.38817734,0.9202599,0.049397215,0.9077333,0.39105153,-0.1519835
1356423743729,-0.14204657,0.06757258,-0.98755085,-0.38434982,0.9156236,0.11793484,0.912194,0.39631724,-0.10408968
1356423743768,-0.11291932,0.1029277,-0.98825866,-0.38959515,0.9103856,0.13933267,0.91403764,0.40075415,-0.06270003
1356423743808,-0.07610343,0.10152255,-0.9919181,-0.39817345,0.9089477,0.1235798,0.91414785,0.4043603,-0.02875042
1356423743848,-0.033471048,0.068316236,-0.997102,-0.40594482,0.9107299,0.07602535,0.9132844,0.4073131,-0.0027504563
1356423743888,0.014629126,0.0033118576,-0.99988747,-0.4102456,0.9119702,-0.0029815584,0.9118577,0.4102431,0.0146999955
1356423743928,0.06684139,-0.091407895,-0.99356776,-0.4097002,0.90545845,-0.11086409,0.90976816,0.4144752,0.023072302
1356423743968,0.118686795,-0.20258678,-0.97204524,-0.40485054,0.88402075,-0.2336736,0.9066474,0.421267,0.022904217
1356423744008,0.16352993,-0.30674064,-0.9376397,-0.39847028,0.8489199,-0.34721237,0.90248513,0.43040115,0.016596794
1356423744047,0.19731253,-0.38627636,-0.90103185,-0.39279932,0.81094736,-0.43367398,0.8982074,0.439494,0.0082809925
1356423744088,0.2196303,-0.43838045,-0.87154186,-0.38765976,0.78058136,-0.49031895,0.89525557,0.44555062,0.0014968514
1356423744128,0.23137432,-0.4682671,-0.85275537,-0.38234195,0.7622425,-0.5223036,0.894584,0.4468918,-0.002674818
1356423744168,0.23303765,-0.4814191,-0.84494334,-0.37754786,0.755922,-0.53482664,0.896187,0.4436413,-0.0056004524
1356423744208,0.22442529,-0.480901,-0.84756565,-0.37485582,0.7602262,-0.5306027,0.89950895,0.43679556,-0.009654522
1356423744248,0.20486641,-0.4672557,-0.86005926,-0.3755247,0.77393097,-0.5099138,0.9038867,0.4274377,-0.016913593
1356423744288,0.17352265,-0.43933558,-0.8814047,-0.37976092,0.7959154,-0.4714873,0.90866476,0.41653678,-0.028733134
1356423744327,0.12971693,-0.39594564,-0.9090658,-0.38643178,0.82413375,-0.41409427,0.9131506,0.40500695,-0.04610187
