1356678202565,0.45966816,-0.6182551,-0.63754666,0.60393673,-0.30872035,0.7348143,-0.6511264,-0.7228086,0.2314781
1356678202603,0.21099447,0.12044644,0.9700381,-0.72904396,0.68044543,0.074086785,-0.65113455,-0.7228324,0.23138094
1356678202642,0.20935622,0.12097576,0.97032714,-0.7294723,0.6801474,0.07259223,-0.6511836,-0.7230245,0.23064154
1356678202684,0.20398808,0.1225999,0.97126627,-0.7309139,0.67909473,0.0677886,-0.65127087,-0.72374004,0.2281372
1356678202723,0.19262715,0.1257967,0.9731751,-0.7340213,0.6766604,0.05782181,-0.6512353,-0.72546935,0.22268063
1356678202762,0.1759035,0.13003695,0.9757809,-0.73861116,0.67272687,0.043498456,-0.65077764,-0.7283742,0.21438175
1356678202804,0.15539502,0.1347382,0.9786204,-0.7441902,0.6674508,0.026274025,-0.6496408,-0.7323626,0.20398939
1356678202843,0.1342334,0.13892534,0.98116314,-0.74987304,0.6615216,0.008923948,-0.64782083,-0.7369457,0.19297469
1356678202883,0.116578266,0.141503,0.9830495,-0.7547343,0.6560121,-0.0049256086,-0.64558935,-0.7413669,0.18327391
1356678202924,0.10491194,0.14213642,0.98427165,-0.7586117,0.6514091,-0.013209283,-0.643041,-0.7452942,0.17616695
1356678202963,0.1005487,0.14072618,0.98492956,-0.76162887,0.64784425,-0.014811009,-0.6401653,-0.7486615,0.17232096
1356678203003,0.10227761,0.13794056,0.98514545,-0.7640034,0.64511824,-0.011011124,-0.6370542,-0.7515283,0.17136818
1356678203043,0.10806993,0.1346747,0.984979,-0.7659476,0.6428914,-0.0038633347,-0.6337548,-0.75402474,0.17263103
1356678203084,0.11449438,0.13227922,0.9845777,-0.7677169,0.6407813,0.003186375,-0.6304775,-0.7562418,0.17491883
1356678203142,0.117905855,0.1321351,0.9841943,-0.769754,0.63830733,0.0065187514,-0.6273571,-0.7583561,0.17697167
1356678203164,0.114133775,0.13572896,0.98414993,-0.77273744,0.6347224,0.0020781755,-0.62438,-0.7607267,0.17732608
1356678203204,0.098082885,0.1445652,0.984622,-0.777514,0.6286901,-0.014854342,-0.62116957,-0.76410055,0.17406523
1356678203240,0.08004318,0.14959398,0.98550224,-0.7825093,0.6218745,-0.03084132,-0.6174724,-0.76869607,0.16683549
1356678203283,0.022656173,0.17853814,0.9836721,-0.7896258,0.6066638,-0.091923654,-0.6131702,-0.7746503,0.15472299
1356678203322,-0.040675044,0.20598245,0.97770995,-0.79150486,0.59056073,-0.1573469,-0.6098078,-0.7802623,0.13901502
1356678203362,-0.10360563,0.2307392,0.96748394,-0.78557897,0.5776103,-0.22188252,-0.6100257,-0.7830234,0.121420205
1356678203403,-0.15467244,0.24979734,0.95586497,-0.7725538,0.57249,-0.27461958,-0.6158224,-0.78093314,0.10443348
1356678203442,-0.1840966,0.26008746,0.9478729,-0.756958,0.57764494,-0.30551735,-0.6269952,-0.7737447,0.09053284
1356678203503,-0.1884948,0.25943986,0.94718564,-0.7434585,0.5924731,-0.310234,-0.64166903,-0.7626707,0.08120471
1356678203524,-0.17016488,0.24632369,0.9541323,-0.73371375,0.614678,-0.2895428,-0.65780544,-0.74933004,0.0761345
1356678203564,-0.13456449,0.2200562,0.9661614,-0.7260561,0.6416404,-0.24726544,-0.6743405,-0.7347604,0.073431134
1356678203604,-0.088219896,0.18056536,0.9795985,-0.7177914,0.6703395,-0.18820322,-0.6906465,-0.7197507,0.07047099
1356678203644,-0.03873153,0.12924108,0.99085647,-0.7068496,0.6973525,-0.11858824,-0.7063027,-0.70497954,0.064344466
1356678203684,0.0053801388,0.068531185,0.99763453,-0.69312143,0.71937203,-0.045678407,-0.72080076,-0.69123614,0.05137074
1356678203724,0.03435783,0.0015305877,0.9994084,-0.6794172,0.73341525,0.022233844,-0.7329473,-0.6797792,0.026238501
1356678203764,0.038203537,-0.069313884,0.9968631,-0.6715148,0.73698175,0.07697883,-0.7400056,-0.6723492,-0.01839
1356678203805,0.011781156,-0.1436539,0.98955786,-0.675421,0.72859687,0.11381146,-0.7373382,-0.66970897,-0.08844316
1356678203844,-0.0406243,-0.22091074,0.9744476,-0.69286793,0.70891154,0.13182741,-0.7199192,-0.6698081,-0.18186098
1356678203884,-0.10359002,-0.29785937,0.9489726,-0.7195397,0.68115306,0.1352523,-0.68668175,-0.66881263,-0.2848823
1356678203924,-0.15238672,-0.36929902,0.9167315,-0.74781036,0.64954776,0.13735867,-0.6461873,-0.6646097,-0.37514806
1356678203954,-0.17189074,-0.4303784,0.88613087,-0.7723588,0.6172315,0.14995727,-0.61148626,-0.6586348,-0.4385029
1356678203994,-0.15460232,-0.47683287,0.86529106,-0.7922137,0.5831517,0.17980985,-0.5903352,-0.65769637,-0.4679101
1356678204034,-0.10306811,-0.50756264,0.855428,-0.8055663,0.54707205,0.22754121,-0.58347225,-0.66565174,-0.4652611
1356678204074,-0.028304424,-0.52018815,0.8535826,-0.8083555,0.5142323,0.28657746,-0.5880139,-0.68188673,-0.43505198
1356678204114,0.055902664,-0.513929,0.85600924,-0.79796946,0.49230373,0.3476805,-0.6000997,-0.7025055,-0.38257855
1356678204144,0.12623614,-0.4944086,0.8600143,-0.78035545,0.4857633,0.39380127,-0.61246216,-0.72082883,-0.3244936
1356678204184,0.19744825,-0.4617914,0.86473286,-0.75470567,0.4913591,0.4347247,-0.6256465,-0.73845446,-0.25149858
1356678204224,0.256562,-0.41644907,0.87220764,-0.7283926,0.5098591,0.45769858,-0.6353111,-0.75273764,-0.17252791
1356678204265,0.30083513,-0.36253774,0.8820798,-0.70740306,0.5354817,0.46134615,-0.63959295,-0.76277506,-0.095368624
1356678204304,0.32765457,-0.3041348,0.89450794,-0.69606024,0.5624901,0.44621193,-0.6388604,-0.7688348,-0.027393699
1356678204344,0.33870023,-0.24512339,0.90840334,-0.69520515,0.5853737,0.41716594,-0.6340125,-0.7728209,0.027855158
1356678204384,0.33339196,-0.18795288,0.9238633,-0.70534426,0.6004884,0.37670034,-0.62557113,-0.77723056,0.067626536
1356678204424,0.3117507,-0.13522533,0.94049215,-0.7251227,0.6057778,0.3274604,-0.6140102,-0.7840582,0.09079671
1356678204464,0.27393377,-0.08878845,0.9576413,-0.7508893,0.60242486,0.27064654,-0.6009372,-0.79322183,0.09835422
1356678204504,0.22023883,-0.04991305,0.9741682,-0.77698463,0.59481335,0.20613605,-0.5897372,-0.8023128,0.09221929
1356678204542,0.15604404,-0.0151896775,0.9876333,-0.79621255,0.5897927,0.13487089,-0.5845476,-0.8074118,0.079939425
1356678204583,0.08981086,0.014422536,0.9958544,-0.80381185,0.59143883,0.06392595,-0.5880649,-0.8062209,0.06471068
1356678204622,0.027602315,0.04234779,0.9987216,-0.79999787,0.5999936,-0.0033308864,-0.5993676,-0.7988832,0.050439358
1356678204663,-0.02577804,0.06999001,0.99721456,-0.78740275,0.6131709,-0.063390106,-0.6158997,-0.78684354,0.03930396
1356678204702,-0.068876445,0.09723559,0.9928752,-0.7690282,0.6287982,-0.114928365,-0.6354933,-0.7714649,0.031467557
1356678204742,-0.10234071,0.12281653,0.9871385,-0.7471801,0.64561945,-0.15778908,-0.656695,-0.7537185,0.02569288
1356678204782,-0.12770881,0.14448407,0.9812313,-0.7233381,0.6633165,-0.19181547,-0.6785812,-0.73425853,0.01979947
1356678204822,-0.14799386,0.15887058,0.97614443,-0.6985149,0.6819354,-0.2168894,-0.70012486,-0.71394974,0.010051191
1356678204863,-0.16910544,0.16123775,0.97231984,-0.6738163,0.701053,-0.23344396,-0.71928775,-0.6946416,-0.009907305
1356678204902,-0.20060684,0.14585835,0.968753,-0.6510014,0.7191038,-0.24307805,-0.7320889,-0.6794226,-0.049303174
1356678204942,-0.25091445,0.10900664,0.9618521,-0.63271683,0.73353475,-0.24818572,-0.7326058,-0.6708534,-0.11508411
1356678204983,-0.32083678,0.053355098,0.94563043,-0.620952,0.7420502,-0.25254726,-0.7151799,-0.6682176,-0.20494604
1356678205022,-0.39720207,-0.00899294,0.91768706,-0.61550117,0.7443243,-0.25911307,-0.68072665,-0.66775775,-0.30118233
1356678205062,-0.46034914,-0.061906815,0.8855767,-0.61493194,0.74171185,-0.26781014,-0.64026344,-0.6678556,-0.37951487
1356678205102,-0.4970783,-0.095134825,0.86247456,-0.6198689,0.7344757,-0.27623904,-0.6071867,-0.67193365,-0.42406303
1356678205143,-0.5041086,-0.10689774,0.85699904,-0.63263845,0.7212119,-0.2821737,-0.5879141,-0.6844167,-0.43119675
1356678205183,-0.48327538,-0.0996052,0.86978376,-0.65371525,0.70189476,-0.28284287,-0.582324,-0.70528185,-0.4043219
1356678205222,-0.43867886,-0.07665664,0.89536834,-0.68019325,0.67946017,-0.27508372,-0.58728015,-0.7296969,-0.35020614
1356678205263,-0.37604976,-0.041514546,0.9256691,-0.70788395,0.6574882,-0.25808823,-0.59790206,-0.7523203,-0.27663577
1356678205302,-0.3039435,0.001814425,0.9526884,-0.733117,0.63817245,-0.23510736,-0.6084061,-0.7698913,-0.19263822
1356678205342,-0.23311579,0.04910487,0.97120845,-0.75369626,0.6219708,-0.2123543,-0.61449087,-0.78149927,-0.107981086
1356678205383,-0.1734395,0.097171366,0.980039,-0.76920676,0.6080633,-0.1964179,-0.61501193,-0.7879193,-0.030717313
1356678205422,-0.1320126,0.14442506,0.98067015,-0.7804005,0.5948591,-0.19265941,-0.6111854,-0.79074895,0.034180522
1356678205462,-0.113934845,0.19036853,0.9750788,-0.7881548,0.5802032,-0.20536876,-0.60483956,-0.79191166,0.083934546
1356678205505,-0.12387419,0.23455676,0.9641774,-0.79261374,0.5612034,-0.23835701,-0.59700793,-0.79374665,0.11639434
1356678205542,-0.16415572,0.2790658,0.94613695,-0.7915316,0.5351207,-0.29516694,-0.58866847,-0.79735065,0.13304627
1356678205583,-0.22958162,0.31874293,0.919617,-0.78205544,0.5020405,-0.36924875,-0.57938045,-0.80396414,0.13401526
1356678205623,-0.31510347,0.3546766,0.8802922,-0.7584604,0.46343875,-0.4582165,-0.5704802,-0.8120523,0.12297696
1356678205662,-0.40526706,0.38644084,0.828506,-0.7185955,0.4255755,-0.55000544,-0.56513643,-0.8182597,0.10522288
1356678205702,-0.48361772,0.41450167,0.77091,-0.66759026,0.39493465,-0.63114965,-0.5660716,-0.81988716,0.08571988
1356678205743,-0.54108375,0.4401411,0.71659195,-0.6153141,0.37363905,-0.69410545,-0.5732511,-0.81649834,0.068655014
1356678205782,-0.57639545,0.46323073,0.6731906,-0.5707663,0.36133295,-0.7373359,-0.5848026,-0.80923164,0.05612588
1356678205823,-0.5917625,0.48236513,0.6458646,-0.539521,0.35830545,-0.761928,-0.5989443,-0.7993379,0.048214376
1356678205863,-0.5888036,0.49530363,0.63873684,-0.5245334,0.3670907,-0.7681856,-0.6149595,-0.7873492,0.043658912
1356678205905,-0.5674268,0.49862838,0.6552835,-0.5268557,0.3917318,-0.7543005,-0.632811,-0.7732502,0.040426075
1356678205943,-0.5271728,0.48694524,0.69640017,-0.54438967,0.43573487,-0.7167811,-0.65247893,-0.7569805,0.035380363
1356678205984,-0.47251055,0.45339307,0.75575703,-0.5689017,0.49802694,-0.6544617,-0.6731158,-0.7391915,0.022612989
1356678206023,-0.42070046,0.39421117,0.8170733,-0.5870253,0.56839204,-0.5764823,-0.6916737,-0.72216904,-0.007710874
1356678206060,-0.3988664,0.3160581,0.860821,-0.5894771,0.6307044,-0.5047064,-0.70244014,-0.70874476,-0.06525779
1356678206103,-0.42567185,0.2336187,0.8742001,-0.57570314,0.67543006,-0.46082553,-0.69811845,-0.6994401,-0.15301657
1356678206143,-0.4837966,0.15650292,0.86107355,-0.5555528,0.70531464,-0.4403321,-0.6762411,-0.691403,-0.2542832
1356678206182,-0.5418672,0.08965698,0.8356684,-0.54090476,0.72381127,-0.42839152,-0.6432745,-0.68414825,-0.3437137
1356678206224,-0.57166445,0.030848593,0.8199074,-0.5466701,0.7308586,-0.40865323,-0.61184275,-0.68183136,-0.4009419
1356678206262,-0.56052744,-0.024029046,0.82778716,-0.5808382,0.7238945,-0.37229526,-0.5902847,-0.6894921,-0.4197197
1356678206302,-0.5028346,-0.078249484,0.8608336,-0.64083564,0.70207804,-0.3105096,-0.5800751,-0.70778775,-0.40317416
1356678206343,-0.39757138,-0.1308626,0.9081916,-0.7121528,0.6681367,-0.21548033,-0.57859784,-0.73244,-0.35882622
1356678206382,-0.2548958,-0.1755948,0.9508915,-0.77254564,0.6283978,-0.09104636,-0.58155084,-0.7578144,-0.29583097
1356678206422,-0.09913528,-0.20476088,0.9737788,-0.8052552,0.5914118,0.042380035,-0.58458203,-0.7799391,-0.22351456
1356678206462,0.041490734,-0.21514073,0.97570133,-0.810107,0.5643422,0.15888563,-0.58481216,-0.7970147,-0.15087199
1356678206504,0.15114808,-0.2093645,0.96608526,-0.7991636,0.54932916,0.24407998,-0.5818005,-0.80895245,-0.08428645
1356678206544,0.22591308,-0.19186717,0.95506555,-0.784907,0.5448196,0.29511455,-0.5769612,-0.8163079,-0.027516007
1356678206584,0.26783794,-0.16650972,0.9489665,-0.77514243,0.5477247,0.3148837,-0.57220364,-0.819922,0.017632663
1356678206624,0.27803448,-0.13497654,0.95104057,-0.77392983,0.55497277,0.30502114,-0.5689723,-0.820845,0.0498392
1356678206664,0.25648403,-0.097364515,0.961632,-0.78230834,0.5633815,0.26569724,-0.5676352,-0.8204398,0.068329275
1356678206704,0.20369521,-0.052574933,0.9776217,-0.79785836,0.56978893,0.19688246,-0.56738913,-0.8201076,0.07411593
1356678206745,0.12242998,-3.5390258E-4,0.9924771,-0.81394076,0.5721696,0.10061014,-0.56790084,-0.82013524,0.06976265
1356678206785,0.020116448,0.057876796,0.9981209,-0.8207842,0.5709981,-0.016567469,-0.570884,-0.8189087,0.058990836
1356678206824,-0.08537695,0.11652678,0.9895111,-0.81111836,0.5686233,-0.1369471,-0.57861704,-0.8143028,0.045969725
1356678206864,-0.17336479,0.16706342,0.9705845,-0.78671986,0.5693655,-0.23852608,-0.59246635,-0.8049302,0.0327242
1356678206904,-0.23100448,0.20301974,0.9515356,-0.75751466,0.57621115,-0.30684248,-0.61058044,-0.79168415,0.02068311
1356678206944,-0.25607276,0.22107142,0.94103885,-0.7323299,0.59106535,-0.33813417,-0.63096726,-0.7757379,0.010541499
1356678206984,-0.25123504,0.219565,0.94269407,-0.7152175,0.61412024,-0.33364692,-0.6521847,-0.7580551,0.0027481914
1356678207024,-0.22170198,0.19840968,0.9547156,-0.70493627,0.6438595,-0.29750603,-0.67373085,-0.7389713,-0.0028787851
1356678207064,-0.17561856,0.15925491,0.9714917,-0.6967619,0.677039,-0.23694088,-0.69547176,-0.7185096,-0.007937908
1356678207103,-0.12690674,0.10636589,0.98619515,-0.68585396,0.7088544,-0.16471124,-0.71658844,-0.6972888,-0.017006934
1356678207142,-0.097397596,0.047593653,0.99410695,-0.67106706,0.73449683,-0.10091239,-0.7349712,-0.67694104,-0.039599717
1356678207182,-0.10669434,-0.011512339,0.9942252,-0.65729475,0.7510922,-0.06183988,-0.7460429,-0.66009694,-0.0877043
1356678207222,-0.16173923,-0.06784749,0.98449844,-0.6489984,0.7588478,-0.054324716,-0.7433986,-0.6477243,-0.16676837
1356678207262,-0.24564081,-0.119983554,0.96190673,-0.6449501,0.761033,-0.06977242,-0.72367126,-0.6375208,-0.2643242
1356678207302,-0.32437688,-0.1661627,0.9312194,-0.6435424,0.7602759,-0.08850843,-0.6932768,-0.6279893,-0.35354865
1356678207342,-0.36888313,-0.20538439,0.9065002,-0.6491885,0.7549038,-0.09313759,-0.6651914,-0.62284636,-0.41180444
1356678207382,-0.36763352,-0.23741315,0.89915556,-0.666699,0.7413553,-0.07684252,-0.6483503,-0.62771595,-0.43083018
1356678207422,-0.3224543,-0.2609257,0.90991265,-0.69357103,0.71930337,-0.039520532,-0.6441913,-0.64383256,-0.41291296
1356678207463,-0.24321938,-0.27298963,0.93076366,-0.72065085,0.69313633,0.014979929,-0.6492354,-0.66711223,-0.36531436
1356678207507,-0.13753438,-0.27119476,0.9526478,-0.7397627,0.66769475,0.083275765,-0.65866184,-0.69328,-0.29245073
1356678207544,-0.04059884,-0.25264555,0.96670675,-0.74573135,0.6515914,0.13897267,-0.66500854,-0.71526146,-0.21485955
1356678207584,0.04766714,-0.22501433,0.97318876,-0.7442761,0.6417833,0.18484381,-0.6661688,-0.7331321,-0.13688082
1356678207624,0.11471811,-0.18773949,0.9754966,-0.74092126,0.6379453,0.20990801,-0.6617215,-0.74684644,-0.0659163
1356678207664,0.15522295,-0.14312854,0.9774559,-0.7411454,0.6373184,0.21101841,-0.65315336,-0.7571919,-0.007152617
1356678207704,0.16693652,-0.09285295,0.9815857,-0.7480119,0.63666713,0.18743843,-0.6423475,-0.7655281,0.036827922
1356678207744,0.14521053,-0.035779834,0.9887537,-0.762015,0.63336706,0.1348308,-0.6310682,-0.77302396,0.0647068
1356678207784,0.0866005,0.029613495,0.9958029,-0.779265,0.6247611,0.049189806,-0.62068224,-0.7802542,0.0771814
1356678207823,-0.008062363,0.102778375,0.9946716,-0.7905492,0.6084671,-0.06928009,-0.61234546,-0.78689545,0.07634568
1356678207862,-0.12698543,0.18039277,0.9753631,-0.7837509,0.5844476,-0.21013209,-0.6079549,-0.7911254,0.067166686
1356678207902,-0.2448487,0.25284564,0.9360118,-0.7540693,0.5571711,-0.347764,-0.60944927,-0.79096735,0.054240525
1356678207942,-0.3374588,0.3120676,0.8881078,-0.71087635,0.5339707,-0.45774448,-0.6170708,-0.78580475,0.04164833
1356678207982,-0.39386532,0.35406014,0.8482403,-0.6699265,0.521274,-0.52865106,-0.6293399,-0.77647597,0.031882465
1356678208030,-0.41403306,0.37758833,0.82825345,-0.6424379,0.52339923,-0.5597561,-0.6448646,-0.76385885,0.025872469
1356678208062,-0.4019319,0.3803692,0.8329286,-0.63309443,0.5417503,-0.5528997,-0.66154534,-0.74955046,0.023062885
1356678208102,-0.36190143,0.36160392,0.85922635,-0.6381791,0.57575953,-0.511105,-0.6795254,-0.7333099,0.022399843
1356678208142,-0.29598984,0.31615153,0.9013534,-0.6513778,0.623381,-0.43255404,-0.6986392,-0.71515334,0.021419704
1356678208182,-0.21823183,0.24522467,0.94458437,-0.66060925,0.67531395,-0.3279428,-0.7183106,-0.69556874,0.014622748
1356678208222,-0.15711896,0.1584936,0.9747786,-0.6581844,0.71907,-0.22300576,-0.7362791,-0.6766225,-0.008661509
1356678208262,-0.14289515,0.06938499,0.9873028,-0.64879674,0.74674976,-0.14638177,-0.74742484,-0.661476,-0.06169015
1356678208302,-0.18647079,-0.013719618,0.9823647,-0.6415822,0.7589534,-0.11118457,-0.74404365,-0.6510004,-0.15032494
1356678208342,-0.26576677,-0.08967662,0.9598574,-0.6394795,0.7614771,-0.105917454,-0.72141117,-0.6419585,-0.2597217
1356678208382,-0.33782107,-0.15954587,0.9275894,-0.64390004,0.7579908,-0.10412869,-0.6864909,-0.63245165,-0.35879683
1356678208422,-0.36721277,-0.22527863,0.9024435,-0.66103655,0.74576974,-0.08281413,-0.65435886,-0.6269586,-0.4227736
1356678208462,-0.3401969,-0.28780317,0.8952293,-0.6934507,0.7197879,-0.032117516,-0.63513166,-0.63172364,-0.44444692
1356678208509,-0.25849503,-0.34398803,0.90269184,-0.7320454,0.6794699,0.04929632,-0.63030934,-0.6480686,-0.42745447
1356678208544,-0.1371764,-0.38642856,0.9120612,-0.75917745,0.63245624,0.15378132,-0.6362643,-0.67132115,-0.38012594
1356678208584,-9.987056E-4,-0.4087972,0.91262466,-0.76204413,0.5912584,0.26401183,-0.6475243,-0.6951966,-0.31211197
1356678208624,0.12644058,-0.41080981,0.9029109,-0.74173206,0.5652291,0.3610397,-0.6586701,-0.715368,-0.23324287
1356678208664,0.23139599,-0.3969779,0.8881804,-0.70932317,0.5559802,0.43329751,-0.66582024,-0.73027027,-0.15293401
1356678208704,0.3102551,-0.37265474,0.8745685,-0.67681736,0.559441,0.47848094,-0.6675777,-0.7403743,-0.07864982
1356678208744,0.36520442,-0.3418077,0.865906,-0.6520264,0.5699747,0.4999904,-0.66444504,-0.7471923,-0.014710367
1356678208802,0.39862442,-0.30641365,0.8644126,-0.639445,0.58278877,0.50146514,-0.6574257,-0.75264066,0.03637916
1356678208823,0.41046903,-0.26662594,0.8720239,-0.6421849,0.59440607,0.4840246,-0.6473898,-0.7586777,0.07276213
1356678208863,0.39919347,-0.22160786,0.8896823,-0.66145223,0.60235155,0.44682616,-0.63492167,-0.76685244,0.09387177
1356678208900,0.36157927,-0.16975817,0.91675663,-0.6952318,0.60607004,0.38643488,-0.62121916,-0.77708507,0.10112107
1356678208943,0.2936358,-0.1098105,0.9495892,-0.7368257,0.6068538,0.2980208,-0.6089876,-0.7871913,0.09728277
1356678208982,0.19687098,-0.042107493,0.9795248,-0.7739006,0.60670465,0.18162417,-0.60192996,-0.7938113,0.08685553
1356678209022,0.08707243,0.026943803,0.99583757,-0.79362714,0.60609215,0.05299321,-0.6021415,-0.79493797,0.07415724
1356678209062,-0.009675428,0.08671841,0.9961858,-0.79315305,0.6060141,-0.06045732,-0.60894537,-0.79071283,0.06291759
1356678209102,-0.07282561,0.12751284,0.9891597,-0.78092396,0.6096226,-0.13608113,-0.6203662,-0.78236866,0.055181682
1356678209142,-0.09585887,0.14423093,0.98489004,-0.76665103,0.620376,-0.16546798,-0.6348677,-0.7709286,0.051106274
1356678209183,-0.08210565,0.1352148,0.9874085,-0.7540624,0.6393842,-0.15025896,-0.65165067,-0.7569048,0.04946333
1356678209222,-0.040705636,0.10097739,0.9940557,-0.7410667,0.66426706,-0.09782305,-0.67019635,-0.7406435,0.04779154
1356678209262,0.011901483,0.045696408,0.99888444,-0.723485,0.68995875,-0.022943735,-0.6902374,-0.72240484,0.041272223
1356678209302,0.053315476,-0.024247408,0.99828327,-0.7017173,0.71035016,0.054730415,-0.7104577,-0.70343065,0.02085787
1356678209342,0.060877375,-0.10191995,0.99292815,-0.68413407,0.7200952,0.11585972,-0.7268112,-0.68634915,-0.025889397
1356678209382,0.025940306,-0.18342291,0.98269176,-0.681009,0.7163908,0.15169358,-0.73181546,-0.6731569,-0.10632926
1356678209422,-0.03654462,-0.2655682,0.96339923,-0.6938469,0.700541,0.16678971,-0.7191947,-0.66235626,-0.20986468
1356678209462,-0.09219059,-0.3435871,0.93458486,-0.71506876,0.67601484,0.17799065,-0.69294846,-0.65188336,-0.30801058
1356678209508,-0.10809678,-0.41320628,0.90419894,-0.7380051,0.6427438,0.20549665,-0.6660808,-0.64508986,-0.3744269
1356678209544,-0.070360124,-0.47127384,0.87917596,-0.7580274,0.5981688,0.259978,-0.64841646,-0.6481474,-0.39932573
1356678209584,0.015265105,-0.513294,0.8580771,-0.7667078,0.54484594,0.33956158,-0.64181477,-0.66307783,-0.38522935
1356678209624,0.12596005,-0.5351215,0.83533174,-0.7553932,0.49408388,0.430421,-0.64305145,-0.68521976,-0.34199232
1356678209664,0.24044809,-0.53638685,0.8089956,-0.7230209,0.45710787,0.5179703,-0.6476308,-0.70946574,-0.2779082
1356678209704,0.34199905,-0.5210938,0.78198326,-0.6781691,0.4391721,0.58924913,-0.6504793,-0.73183954,-0.20319325
1356678209744,0.423769,-0.49499336,0.7585522,-0.6321778,0.4381191,0.6390641,-0.64866865,-0.75035536,-0.12726253
1356678209784,0.4852761,-0.46290016,0.7417753,-0.5933163,0.44881815,0.66823506,-0.6422483,-0.7643858,-0.056845486
1356678209823,0.52641296,-0.42832667,0.734456,-0.5675156,0.46621576,0.6786523,-0.63309985,-0.77406657,0.002339989
1356678209862,0.54923534,-0.3936506,0.73714304,-0.55732524,0.48472902,0.6741116,-0.622679,-0.7810743,0.04683888
1356678209902,0.55523276,-0.35971516,0.749881,-0.56402683,0.4997595,0.65735394,-0.61122036,-0.78793746,0.07459384
1356678209943,0.54464567,-0.32648915,0.77250624,-0.5871883,0.5092243,0.62920624,-0.59880793,-0.79630107,0.0856362
1356678209983,0.5164163,-0.29375792,0.8043759,-0.62325877,0.5152234,0.588297,-0.5872501,-0.8051405,0.08298254
1356678210022,0.46957415,-0.2608488,0.84347975,-0.6654711,0.523267,0.53229684,-0.58021414,-0.8112642,0.072125316
1356678210062,0.40750843,-0.22663602,0.8846315,-0.70500326,0.5376445,0.4625026,-0.58043706,-0.8121419,0.059315503
1356678210102,0.3400907,-0.19144341,0.9206996,-0.7342446,0.5576579,0.38717264,-0.5875571,-0.80769247,0.049088
1356678210142,0.27953073,-0.15826797,0.94700253,-0.75011027,0.5796766,0.31829178,-0.59933066,-0.7993287,0.043318987
1356678210183,0.23454425,-0.1317507,0.96313596,-0.75372976,0.60104775,0.26576877,-0.6139059,-0.7882787,0.04166788
1356678210222,0.2083683,-0.11611974,0.9711327,-0.74765664,0.62122893,0.23469996,-0.630549,-0.7749779,0.04262674
1356678210263,0.1992814,-0.11402717,0.97328556,-0.7340461,0.6406199,0.2253499,-0.6492021,-0.75934446,0.04396242
1356678210302,0.2008011,-0.12624237,0.9714637,-0.7155117,0.658437,0.23346025,-0.6691203,-0.7419727,0.041886985
1356678210342,0.19915846,-0.15014231,0.96839726,-0.6972872,0.672637,0.2476896,-0.6885685,-0.72458047,0.02926904
1356678210382,0.1792992,-0.18249783,0.9667194,-0.68827486,0.67885137,0.25580955,-0.70294344,-0.71123505,-0.00389117
1356678210422,0.12870625,-0.21812695,0.96739614,-0.69749165,0.6735318,0.24466391,-0.7049397,-0.70624053,-0.06545395
1356678210462,0.043674737,-0.2503204,0.9671774,-0.7244419,0.658707,0.20319706,-0.68795097,-0.7095384,-0.1525737
1356678210508,-0.06439754,-0.27187815,0.96017456,-0.7540668,0.6434728,0.13162827,-0.653633,-0.71555924,-0.24645239
1356678210544,-0.16682413,-0.27910307,0.9456591,-0.7703346,0.6355421,0.05167967,-0.6154302,-0.7198525,-0.32102656
1356678210585,-0.2316486,-0.27520084,0.93306136,-0.7750344,0.6318902,-0.006043434,-0.5879291,-0.7245546,-0.3596666
1356678210624,-0.24557318,-0.26543912,0.9323282,-0.7796502,0.6256225,-0.02723986,-0.57605505,-0.7335793,-0.3605858
1356678210664,-0.21032824,-0.25315386,0.9442855,-0.788876,0.61445427,-0.010983348,-0.5774398,-0.7472343,-0.3289441
1356678210704,-0.14099765,-0.23676375,0.9612817,-0.7972665,0.60280347,0.031530082,-0.58692914,-0.76195204,-0.2737577
1356678210743,-0.056579053,-0.21404648,0.9751835,-0.798723,0.59574705,0.084421605,-0.5990329,-0.774125,-0.20467067
1356678210782,0.023264378,-0.18301189,0.9828354,-0.7928035,0.5955261,0.12965798,-0.6090331,-0.7822118,-0.13123792
1356678210822,0.0844716,-0.14257035,0.98617357,-0.7846308,0.60052526,0.1540258,-0.6141817,-0.78679293,-0.061137795
1356678210863,0.11655189,-0.09051275,0.9890516,-0.78078604,0.6071213,0.14756995,-0.6138313,-0.78943723,9.006262E-5
1356678210902,0.10879655,-0.022526085,0.99380875,-0.7858325,0.6103235,0.09986228,-0.60879433,-0.7918319,0.04869938
1356678210942,0.044435486,0.06939751,0.99659896,-0.79850745,0.6019518,-0.0063133836,-0.60034263,-0.7955112,0.08216244
1356678210982,-0.09853709,0.19372869,0.976094,-0.80163586,0.56573015,-0.19320786,-0.5896357,-0.80151016,0.09955448
1356678211022,-0.32104266,0.34096834,0.88355654,-0.7498535,0.4783488,-0.45705816,-0.57849056,-0.8092731,0.102105916
1356678211062,-0.5481357,0.46269166,0.6967522,-0.6116643,0.34641534,-0.71124065,-0.5704508,-0.8160348,0.0931294
1356678211102,-0.69029987,0.527003,0.4957356,-0.44646382,0.22890097,-0.8650285,-0.56934696,-0.8184571,0.07727748
1356678211142,-0.7518418,0.55729485,0.35235846,-0.32029226,0.15841925,-0.93397874,-0.57632184,-0.81506187,0.05939102
1356678211183,-0.77114224,0.57768583,0.26761666,-0.24099165,0.12421024,-0.962546,-0.5892899,-0.8067533,0.043433666
1356678211222,-0.7709624,0.5958641,0.22486168,-0.19767253,0.11175299,-0.9738772,-0.60542744,-0.79527175,0.03162867
1356678211262,-0.7604208,0.6126198,0.21553917,-0.18337055,0.11584562,-0.97619414,-0.62300515,-0.7818419,0.024245083
1356678211302,-0.7415272,0.6264496,0.2402052,-0.19664706,0.13936418,-0.9705193,-0.6414573,-0.76690197,0.019847095
1356678211342,-0.7119621,0.6327458,0.304537,-0.23829724,0.19024295,-0.9523771,-0.66054857,-0.7506267,0.015335739
1356678211382,-0.66753083,0.6209692,0.41085255,-0.30459154,0.27577055,-0.9116878,-0.6794311,-0.7337219,0.0050566792
1356678211422,-0.6122059,0.5778046,0.5397645,-0.37574425,0.38804704,-0.84156746,-0.69571555,-0.718026,-0.020457983
1356678211462,-0.5731066,0.5056773,0.64485604,-0.41868618,0.49576598,-0.7608666,-0.70445067,-0.70605,-0.07240665
1356678211508,-0.5833185,0.4297829,0.6892215,-0.4143128,0.5724119,-0.70759416,-0.69863045,-0.69830596,-0.1558339
1356678211544,-0.63554114,0.36638758,0.6795937,-0.37521926,0.62271005,-0.6866169,-0.6747577,-0.6913699,-0.25828218
1356678211584,-0.6917536,0.31221318,0.65115273,-0.33432424,0.6607871,-0.6720028,-0.6400814,-0.6825565,-0.35272145
1356678211624,-0.72252667,0.25769943,0.64151865,-0.3264178,0.6908269,-0.64514303,-0.6094313,-0.67553616,-0.4150232
1356678211663,-0.7181855,0.19714628,0.6673403,-0.36584318,0.7088101,-0.6031144,-0.5919193,-0.6772899,-0.4369325
1356678211703,-0.67179775,0.12634964,0.72987914,-0.45065242,0.7122952,-0.5380966,-0.58787775,-0.6904139,-0.42157853
1356678211740,-0.57361645,0.044560343,0.8179111,-0.5649599,0.70148903,-0.4344346,-0.5931142,-0.71128577,-0.37721086
1356678211783,-0.41679454,-0.04306969,0.90797985,-0.68050885,0.6770232,-0.28026304,-0.60265255,-0.7347003,-0.31148887
1356678211822,-0.22245419,-0.120144874,0.9675119,-0.7595695,0.64349,-0.094735175,-0.61120236,-0.7559668,-0.23440546
1356678211862,-0.031118676,-0.17215964,0.9845774,-0.7875564,0.6107751,0.08190632,-0.61545634,-0.7728614,-0.15459198
1356678211902,0.12179047,-0.19457534,0.97329724,-0.7793578,0.5884765,0.2151669,-0.6146287,-0.78475213,-0.07997298
1356678211942,0.22513288,-0.19237953,0.95514673,-0.7599478,0.5788238,0.2957065,-0.6097495,-0.79243493,-0.015886128
1356678211982,0.27929452,-0.17050189,0.9449464,-0.7479775,0.578456,0.32545108,-0.6020999,-0.79769534,0.034028053
1356678212022,0.28473374,-0.13019678,0.9497239,-0.75370455,0.5817766,0.30572098,-0.5923311,-0.8028603,0.06752151
1356678212062,0.23535675,-0.06789121,0.96953493,-0.7792481,0.5829905,0.22998783,-0.58084387,-0.8096374,0.08430666
1356678212102,0.117573604,0.023322135,0.99279034,-0.81362796,0.5754542,0.08283758,-0.56937337,-0.8175014,0.08663374
1356678212143,-0.0712381,0.14284167,0.9871785,-0.8242928,0.5488604,-0.13890207,-0.56166416,-0.8236192,0.07864356
1356678212182,-0.27996114,0.26369435,0.92308563,-0.77890235,0.49968824,-0.37897605,-0.5611889,-0.82509214,0.06549883
1356678212222,-0.43304306,0.3520847,0.8297651,-0.69964176,0.4491101,-0.55569917,-0.56830907,-0.8211799,0.051849127
1356678212262,-0.5118995,0.40376198,0.7582447,-0.63310695,0.419275,-0.6506797,-0.58063275,-0.81313264,0.040997922
1356678212302,-0.53432256,0.42777652,0.729045,-0.59969777,0.41598487,-0.6836075,-0.5957028,-0.8024736,0.03426653
1356678212342,-0.5138977,0.4277835,0.7435795,-0.6006868,0.4393828,-0.6679208,-0.61244154,-0.7899014,0.031166017
1356678212382,-0.4539445,0.4001338,0.7961328,-0.62939304,0.48846513,-0.6043726,-0.630713,-0.775432,0.030105352
1356678212423,-0.35700393,0.33851135,0.87060803,-0.67044055,0.55612504,-0.49115622,-0.65042883,-0.7590356,0.028412938
1356678212462,-0.2423031,0.24567595,0.93858004,-0.7009394,0.62454164,-0.3444295,-0.67080045,-0.7413441,0.020875573
1356678212508,-0.15141095,0.14137307,0.9783089,-0.70879364,0.67431706,-0.20714253,-0.68897474,-0.7247828,-0.0018946528
1356678212544,-0.122652486,0.04885325,0.9912466,-0.7044635,0.6992408,-0.12162903,-0.699062,-0.7132151,-0.05134827
1356678212584,-0.16498792,-0.023169756,0.9860234,-0.7014512,0.70555454,-0.10079217,-0.69335806,-0.70827675,-0.13266045
1356678212624,-0.25008944,-0.08027643,0.96488917,-0.69984716,0.7036487,-0.12285137,-0.669081,-0.7059987,-0.23215634
1356678212664,-0.3315723,-0.13071424,0.9343306,-0.69865346,0.6995447,-0.15006858,-0.63398993,-0.7025319,-0.3232736
1356678212704,-0.36587435,-0.18400973,0.9122918,-0.70940465,0.68963915,-0.14540595,-0.6023961,-0.7003844,-0.38285863
1356678212744,-0.3341902,-0.24412905,0.91033936,-0.74063295,0.66537905,-0.09345299,-0.5829061,-0.70545846,-0.40317315
1356678212783,-0.23550716,-0.30722803,0.9220343,-0.7825797,0.6225047,0.0075351894,-0.5762858,-0.7197908,-0.38703477
1356678212822,-0.08971253,-0.36109215,0.9282048,-0.8102965,0.5683584,0.14278743,-0.5791124,-0.7393112,-0.3435806
1356678212862,0.07103729,-0.39472607,0.9160486,-0.806149,0.5181272,0.28577626,-0.58743304,-0.7587724,-0.28140163
1356678212902,0.21233234,-0.40569192,0.88900447,-0.7735395,0.48612502,0.40659457,-0.59711945,-0.7740132,-0.21059865
1356678212942,0.31893748,-0.3998476,0.8593025,-0.72931755,0.47548604,0.49194396,-0.605289,-0.7836038,-0.1399656
1356678212982,0.3920558,-0.38371775,0.83609384,-0.6882322,0.48073536,0.5433506,-0.61043316,-0.7884505,-0.07561183
1356678213030,0.44039762,-0.36093342,0.8220566,-0.6573696,0.4939947,0.56906456,-0.611486,-0.7910097,-0.019712567
1356678213073,0.46573496,-0.33105218,0.8206676,-0.6441494,0.5090531,0.57090837,-0.60676396,-0.7945246,0.023836732
1356678213112,0.46787518,-0.2941283,0.8334155,-0.65156233,0.522331,0.5501244,-0.5971259,-0.8004117,0.05274278
1356678213152,0.45019525,-0.25385702,0.8560846,-0.6757539,0.52983433,0.5124766,-0.5836787,-0.80921704,0.06698406
1356678213192,0.40655753,-0.20849788,0.8895165,-0.7134233,0.5357586,0.45165223,-0.5707346,-0.8182244,0.069069445
1356678213232,0.3328976,-0.15674889,0.92984354,-0.75577235,0.54534006,0.36250857,-0.5639037,-0.8234283,0.06307596
1356678213272,0.23592785,-0.099971056,0.9666147,-0.78959125,0.5601078,0.25064918,-0.5664661,-0.8223655,0.05320877
1356678213312,0.1360969,-0.04470983,0.98968613,-0.8047322,0.5776703,0.13675961,-0.57782674,-0.8150449,0.042639732
1356678213352,0.05558759,4.6104193E-5,0.99845386,-0.80169725,0.59606355,0.04460594,-0.59513986,-0.80293727,0.0331707
1356678213392,0.0055099726,0.02790007,0.9995955,-0.78813696,0.6153661,-0.01283139,-0.6154752,-0.7877475,0.025379777
1356678213432,-0.0145282,0.036685526,0.99922127,-0.77052426,0.6364725,-0.034570575,-0.6372451,-0.77042645,0.019020319
1356678213511,-0.011293784,0.026938528,0.9995733,-0.74906385,0.66197544,-0.026303679,-0.6624015,-0.7490413,0.012702525
1356678213512,0.014748663,-0.0065265,0.99986994,-0.7275773,0.68585706,0.015208989,-0.6858671,-0.727707,0.0053669214
1356678213540,0.03554094,-0.043977797,0.99840015,-0.70602,0.70595616,0.056228966,-0.70729953,-0.7068889,-0.005958855
1356678213583,0.03139937,-0.08506405,0.9958806,-0.68813646,0.72078806,0.08326322,-0.72490156,-0.6879162,-0.035903394
1356678213622,0.0021227896,-0.14069465,0.9900508,-0.68076944,0.72500694,0.10448933,-0.7324947,-0.6742181,-0.09424156
1356678213663,-0.054072313,-0.20705423,0.97683406,-0.6891235,0.71569127,0.113555044,-0.7226237,-0.6670191,-0.18138504
1356678213702,-0.11397642,-0.2773738,0.9539776,-0.70954776,0.6948335,0.117253184,-0.69537854,-0.66352856,-0.2760046
1356678213742,-0.14759791,-0.34134164,0.9282783,-0.73446393,0.6664155,0.12826967,-0.66240287,-0.6628546,-0.34906465
1356678213782,-0.13811824,-0.3908546,0.9100307,-0.7582183,0.63287985,0.15674222,-0.6372036,-0.668353,-0.38376534
1356678213822,-0.08734581,-0.42121083,0.90274704,-0.7754181,0.59764606,0.20382842,-0.6253779,-0.6822028,-0.37881637
1356678213862,-0.009376381,-0.43050545,0.90253925,-0.78013355,0.5677759,0.2627207,-0.62554276,-0.7016378,-0.34117538
1356678213902,0.07844651,-0.4196427,0.9042932,-0.7700592,0.5505743,0.32229918,-0.633131,-0.72164255,-0.27995908
1356678213942,0.16176769,-0.39190495,0.90567195,-0.7489922,0.54879636,0.37125885,-0.6425277,-0.7383989,-0.20475626
1356678213982,0.23178267,-0.3515166,0.90703523,-0.7245989,0.55972135,0.40208012,-0.64902484,-0.75043195,-0.12497485
1356678214022,0.28418955,-0.30249298,0.9097991,-0.7046063,0.577636,0.41214877,-0.6502048,-0.75817853,-0.048980355
1356678214062,0.3167468,-0.2483327,0.9154247,-0.6946003,0.59649247,0.40215325,-0.6459117,-0.763235,0.01644516
1356678214102,0.32801113,-0.19203183,0.92495,-0.6973245,0.61131656,0.37420663,-0.6372969,-0.76773417,0.06661016
1356678214142,0.31649092,-0.13600084,0.9387956,-0.7128018,0.6189015,0.32996148,-0.625897,-0.77360505,0.09893507
1356678214182,0.28080672,-0.08198506,0.9562563,-0.73829174,0.6181693,0.26979995,-0.6132479,-0.7817577,0.113057196
1356678214222,0.22099979,-0.031047225,0.97477955,-0.76804566,0.6104388,0.19357234,-0.6010532,-0.7914546,0.111061156
1356678214262,0.14054771,0.016658425,0.9899337,-0.7936811,0.5996206,0.10259399,-0.59187555,-0.80011106,0.09749681
1356678214302,0.04823175,0.0619151,0.99691534,-0.80691993,0.59065604,0.0023558736,-0.58868825,-0.8045445,0.07844889
1356678214342,-0.04375577,0.105966896,0.9934064,-0.8040755,0.5864,-0.09796786,-0.5929148,-0.8030604,0.059547007
1356678214382,-0.12563616,0.14961308,0.98073006,-0.78742,0.58630216,-0.19031426,-0.6034777,-0.79615676,0.04414755
1356678214422,-0.19330671,0.19254395,0.96206003,-0.76195204,0.58828294,-0.27083623,-0.61811143,-0.785398,0.032990158
1356678214462,-0.24655363,0.23375121,0.9405167,-0.7321688,0.590888,-0.33879218,-0.6349331,-0.7721474,0.025459766
1356678214539,-0.28619152,0.27192527,0.918777,-0.701197,0.59405446,-0.3942361,-0.6530063,-0.75707066,0.020659864
1356678214562,-0.3124377,0.30568272,0.89941126,-0.6698259,0.600473,-0.43676698,-0.6735843,-0.7389115,0.017143846
1356678214580,-0.32871005,0.33147135,0.88435084,-0.6412841,0.60908437,-0.46665937,-0.69332844,-0.7205158,0.012355149
1356678214621,-0.34317386,0.34625918,0.8731187,-0.6115924,0.6231334,-0.48750323,-0.71287197,-0.70129114,-0.0020736456
1356678214663,-0.3680721,0.34248984,0.86442107,-0.5776664,0.6442583,-0.50123125,-0.7285771,-0.68383616,-0.03928864
1356678214702,-0.41821364,0.31728297,0.85113394,-0.5356869,0.67057765,-0.5131912,-0.7335782,-0.6705648,-0.11048043
1356678214742,-0.49358287,0.27564508,0.82486105,-0.4862039,0.6989322,-0.5244994,-0.7210976,-0.65993464,-0.21096122
1356678214783,-0.5711138,0.2319681,0.78741336,-0.43871844,0.72449243,-0.531636,-0.6937976,-0.6490774,-0.31199896
1356678214822,-0.6268529,0.20051122,0.7528948,-0.40601385,0.740679,-0.5353011,-0.66498727,-0.64124084,-0.38288647
1356678214862,-0.6525207,0.1863578,0.7344981,-0.39544648,0.7430917,-0.53984886,-0.64640445,-0.6427173,-0.4111882
1356678214903,-0.65066737,0.18749164,0.7358524,-0.40689164,0.7320994,-0.5463237,-0.64114827,-0.65488726,-0.4000644
1356678214942,-0.62732697,0.19986722,0.7526712,-0.4351978,0.7115259,-0.5516645,-0.6458047,-0.6736349,-0.35937762
1356678214982,-0.58858097,0.22017083,0.7778801,-0.47409162,0.6853819,-0.5527104,-0.6548356,-0.6941012,-0.2990216
1356678215022,-0.5419614,0.24637857,0.80347717,-0.51642776,0.65661794,-0.54968643,-0.66300845,-0.71284676,-0.22862482
1356678215062,-0.49565604,0.27762967,0.8229501,-0.5558309,0.62668145,-0.546189,-0.6673658,-0.7281429,-0.15630329
1356678215103,-0.4579671,0.3140496,0.83164835,-0.5871817,0.59553236,-0.5482325,-0.66744566,-0.73940116,-0.08833003
1356678215142,-0.43662098,0.3559453,0.82623553,-0.6069311,0.5613779,-0.56257397,-0.664076,-0.7470996,-0.029075205
1356678215182,-0.4390522,0.40312898,0.80294466,-0.6117523,0.5203924,-0.5957775,-0.65802157,-0.7527807,0.018135667
1356678215222,-0.47019506,0.45341825,0.75718457,-0.5975503,0.467825,-0.6512092,-0.6495001,-0.7586512,0.05097121
1356678215262,-0.528266,0.50179243,0.6849375,-0.55930567,0.4012878,-0.7253587,-0.6388365,-0.7662718,0.06866866
1356678215302,-0.60015565,0.5414266,0.58878714,-0.49571222,0.32593912,-0.80500495,-0.6277599,-0.77499735,0.07277763
1356678215342,-0.6657339,0.5688549,0.48291034,-0.4158218,0.25454772,-0.8730966,-0.61958903,-0.78205466,0.06708127
1356678215382,-0.7112512,0.5873747,0.38615105,-0.33628148,0.19807929,-0.920695,-0.61728144,-0.78470093,0.056639075
1356678215422,-0.7352699,0.6026263,0.31019318,-0.27026692,0.15901846,-0.94956255,-0.62155783,-0.7820196,0.045948446
1356678215462,-0.7427945,0.61786616,0.2578716,-0.22309856,0.13472712,-0.96544063,-0.6312554,-0.77465475,0.03777051
1356678215521,-0.73876107,0.6337484,0.2293355,-0.19600615,0.12354028,-0.9727894,-0.644836,-0.76361024,0.03295195
1356678215544,-0.7259643,0.6494951,0.22612336,-0.18967856,0.12695211,-0.9736042,-0.66105807,-0.7496927,0.031032622
1356678215584,-0.7044459,0.66317105,0.25290313,-0.20581613,0.15014517,-0.9670037,-0.6792611,-0.73325336,0.0307222
1356678215624,-0.6713957,0.6697316,0.31731284,-0.24624024,0.20224184,-0.9478735,-0.69899476,-0.7145333,0.029130578
1356678215664,-0.6228164,0.6576188,0.42383632,-0.3071922,0.2926765,-0.9055239,-0.7195364,-0.6941743,0.01973164
1356678215705,-0.5635178,0.6102535,0.556811,-0.37016228,0.41604263,-0.83059525,-0.73853076,-0.6741656,-0.008554637
1356678215744,-0.5219834,0.5277661,0.67007184,-0.4045985,0.5383785,-0.73922163,-0.75088835,-0.6569715,-0.06749129
1356678215784,-0.5304669,0.43766478,0.7259852,-0.39685187,0.6285535,-0.66890144,-0.7490751,-0.6429386,-0.15973878
1356678215824,-0.5767887,0.35886738,0.7338454,-0.36703315,0.68870735,-0.625275,-0.7297955,-0.62999713,-0.26552242
1356678215863,-0.6214729,0.2892062,0.7281011,-0.34932923,0.72956944,-0.5879605,-0.70124215,-0.6197485,-0.3523795
1356678215902,-0.63626695,0.2189644,0.7397425,-0.36994898,0.7548331,-0.5416316,-0.67698014,-0.61828923,-0.3992697
1356678215942,-0.6070177,0.13938332,0.7823693,-0.43609488,0.7645944,-0.47456998,-0.66434234,-0.62925965,-0.40333796
1356678215982,-0.5222596,0.04444273,0.8516277,-0.53665096,0.758986,-0.36870858,-0.6627599,-0.64958835,-0.3725375
1356678216022,-0.37646842,-0.06275499,0.92430156,-0.64237845,0.7365883,-0.21163067,-0.66754884,-0.67342365,-0.31761473
1356678216062,-0.18777204,-0.165245,0.9682126,-0.7150908,0.69876164,-0.019424707,-0.67333996,-0.6960074,-0.24937302
1356678216102,0.002690345,-0.24289283,0.9700494,-0.7365866,0.6556046,0.16620111,-0.67633784,-0.7149725,-0.1771478
1356678216143,0.16118076,-0.28855133,0.9438003,-0.7200333,0.61963844,0.3124104,-0.6749614,-0.7299221,-0.10789275
1356678216182,0.27648225,-0.3066696,0.9107752,-0.6896861,0.5966659,0.41027173,-0.6692463,-0.7415818,-0.046538234
1356678216222,0.3503995,-0.3038708,0.88593614,-0.6644785,0.5859716,0.4637949,-0.6600671,-0.75119895,0.0034085512
1356678216263,0.38459426,-0.28292412,0.8786587,-0.65674067,0.58503765,0.47583878,-0.64867467,-0.7600558,0.039194345
1356678216302,0.37331793,-0.23969233,0.8962038,-0.6745972,0.5930113,0.43960923,-0.6368299,-0.76869065,0.059686005
1356678216342,0.30196404,-0.16389266,0.9391256,-0.71903086,0.60766894,0.33724344,-0.6259492,-0.7770957,0.065650284
1356678216382,0.14511299,-0.03746733,0.98870546,-0.7725922,0.61997014,0.13688788,-0.61809665,-0.7837304,0.061018765
1356678216422,-0.08486989,0.13085085,0.9877628,-0.78350616,0.60367525,-0.1472899,-0.615561,-0.7864187,0.051288545
