1356677815129,0.8270864,0.29579931,-0.47794443,0.3996784,0.28836626,0.8701162,0.39520282,-0.91068536,0.12027921
1356677815173,-0.4780475,-0.09215757,0.87348586,-0.7844068,-0.40265548,-0.47177804,0.39519173,-0.91070056,0.12019941
1356677815214,-0.4779507,-0.09241408,0.8735117,-0.78449047,-0.40244442,-0.4718189,0.39514267,-0.9107678,0.119850695
1356677815254,-0.47761554,-0.09303561,0.8736291,-0.7847624,-0.40189928,-0.47183144,0.395008,-0.9109453,0.11894253
1356677815293,-0.47689325,-0.09385955,0.87393546,-0.78531486,-0.40107942,-0.47160977,0.39478266,-0.91122204,0.11756286
1356677815334,-0.4758765,-0.094846666,0.874383,-0.78608996,-0.4000234,-0.47121534,0.39446685,-0.911584,0.11580369
1356677815373,-0.4747061,-0.09603548,0.87488925,-0.78696483,-0.3988176,-0.47077692,0.3941325,-0.9119878,0.11374459
1356677815412,-0.47361445,-0.09755573,0.8753126,-0.78771687,-0.39761817,-0.4705336,0.3939435,-0.91235006,0.111471415
1356677815453,-0.4727918,-0.09955129,0.87553275,-0.78811586,-0.39664555,-0.47068638,0.3941336,-0.9125579,0.109072804
1356677815494,-0.4723239,-0.101928115,0.87551177,-0.7880206,-0.39616954,-0.47124642,0.39488435,-0.9125022,0.10679889
1356677815533,-0.4721346,-0.104420215,0.87532014,-0.7874532,-0.39637077,-0.47202504,0.3962403,-0.912133,0.10491434
1356677815572,-0.4720624,-0.106720805,0.8750816,-0.7866398,-0.39708632,-0.47277927,0.3979383,-0.9115553,0.1034987
1356677815614,-0.471911,-0.10888684,0.8748964,-0.7858043,-0.39801115,-0.47339076,0.39976454,-0.91089565,0.10226211
1356677815653,-0.4715873,-0.111205876,0.8747792,-0.78512084,-0.3987071,-0.47393858,0.40148547,-0.91031086,0.10071522
1356677815693,-0.47117907,-0.11386639,0.874657,-0.78464,-0.3988539,-0.47461116,0.40290254,-0.9099177,0.09858742
1356677815735,-0.47086662,-0.11721617,0.8743827,-0.7842908,-0.3982042,-0.47573256,0.40394634,-0.9097768,0.09556943
1356677815773,-0.4710412,-0.12110588,0.87375826,-0.7838131,-0.39694345,-0.4775697,0.4046691,-0.9098183,0.09205234
1356677815812,-0.47175956,-0.12571248,0.87271947,-0.78310585,-0.3951211,-0.4802338,0.40520126,-0.9099866,0.08795595
1356677815854,-0.47320926,-0.1313828,0.8710979,-0.7819582,-0.39276248,-0.48402375,0.4057269,-0.91020674,0.08312291
1356677815892,-0.475299,-0.13843924,0.86886436,-0.7803525,-0.3897962,-0.48898757,0.4063751,-0.9104358,0.07723838
1356677815933,-0.477448,-0.14775851,0.86614716,-0.7785647,-0.3857848,-0.49498188,0.40728414,-0.9106797,0.069152534
1356677815973,-0.47916037,-0.16038531,0.8629495,-0.77678263,-0.38027847,-0.50199294,0.40867344,-0.91085935,0.057629883
1356677816034,-0.47970146,-0.17756292,0.8592776,-0.77521455,-0.37296522,-0.5098426,0.41100976,-0.9106967,0.041262567
1356677816102,-0.47824132,-0.2006666,0.8549959,-0.77404577,-0.3636152,-0.518302,0.41489547,-0.9096795,0.018570721
1356677816103,-0.4741947,-0.22885782,0.850155,-0.77362746,-0.35264796,-0.52644086,0.4202855,-0.90733874,-0.009826899
1356677816130,-0.4668265,-0.26096177,0.8449686,-0.77452195,-0.34051502,-0.5330716,0.42683583,-0.9032987,-0.043159187
1356677816160,-0.45634103,-0.29040265,0.8410821,-0.7773869,-0.3297779,-0.5356456,0.4329232,-0.89828324,-0.07526404
1356677816202,-0.44251978,-0.3225441,0.8367446,-0.78169644,-0.31851757,-0.53618765,0.439462,-0.89135396,-0.11118126
1356677816244,-0.42176068,-0.35302576,0.8351591,-0.78966737,-0.30963486,-0.52967125,0.44558197,-0.88289243,-0.14818114
1356677816285,-0.39449763,-0.38215637,0.8356603,-0.80055463,-0.3035015,-0.51671946,0.45109183,-0.87283635,-0.18620646
1356677816323,-0.3603444,-0.4078833,0.8389178,-0.81384623,-0.30202675,-0.49642128,0.45585757,-0.86163276,-0.22312057
1356677816363,-0.32207906,-0.43274722,0.84201837,-0.82718706,-0.30395746,-0.4726219,0.46046352,-0.8487283,-0.2600646
1356677816402,-0.27988583,-0.4569095,0.8443326,-0.83975995,-0.30970466,-0.4459664,0.46526006,-0.83385646,-0.2970124
1356677816442,-0.23611301,-0.480543,0.84458816,-0.8503357,-0.31848186,-0.4189255,0.47029766,-0.8170972,-0.33342516
1356677816482,-0.19355202,-0.50327253,0.8421724,-0.85817003,-0.32917452,-0.39393955,0.47548065,-0.79897493,-0.368181
1356677816522,-0.1548801,-0.5245467,0.8371756,-0.8630609,-0.34053946,-0.37303978,0.4807681,-0.78031,-0.39997298
1356677816562,-0.12224007,-0.54329777,0.8305931,-0.86547565,-0.35127908,-0.3571483,0.4858079,-0.7625159,-0.4272706
1356677816602,-0.09723258,-0.55738026,0.8245442,-0.86657757,-0.3600359,-0.34556842,0.48947847,-0.748132,-0.44800603
1356677816643,-0.08082703,-0.56359994,0.822084,-0.86769617,-0.36608002,-0.33628678,0.49047977,-0.7405002,-0.45944434
1356677816682,-0.073370606,-0.559052,0.8258799,-0.8692453,-0.37011555,-0.32776067,0.48890632,-0.74194014,-0.4587977
1356677816722,-0.07471448,-0.5423006,0.8368558,-0.87037134,-0.37411588,-0.3201419,0.48669428,-0.75229466,-0.44405103
1356677816763,-0.084427595,-0.51353097,0.8539075,-0.86983025,-0.3800583,-0.3145649,0.48607343,-0.7693125,-0.4145974
1356677816802,-0.10173148,-0.47405213,0.87460005,-0.8670067,-0.38884288,-0.31160948,0.4878012,-0.7899846,-0.37144876
1356677816842,-0.1253398,-0.4260346,0.8959824,-0.86213446,-0.40011495,-0.3108572,0.49093187,-0.8114201,-0.3171488
1356677816883,-0.15352505,-0.37314126,0.9149839,-0.8558494,-0.41262084,-0.31187457,0.49391478,-0.83096904,-0.25600505
1356677816922,-0.18437523,-0.3198211,0.9293655,-0.8485619,-0.4253235,-0.3147106,0.49593198,-0.84664893,-0.1929689
1356677816962,-0.21658212,-0.27103412,0.9378874,-0.8401884,-0.43748885,-0.32044807,0.49716765,-0.8574054,-0.13296747
1356677817002,-0.24951887,-0.23091543,0.9404352,-0.8303323,-0.44869936,-0.3304802,0.49828565,-0.8633348,-0.07977757
1356677817075,-0.28321546,-0.20207652,0.9375255,-0.81847215,-0.4586047,-0.34609964,0.49989226,-0.8653593,-0.035509974
1356677817084,-0.3180619,-0.18548125,0.929749,-0.8040773,-0.46679044,-0.36819318,0.50229096,-0.8646984,-6.7296624E-4
1356677817121,-0.35433638,-0.18040937,0.9175501,-0.7868109,-0.47273678,-0.39679784,0.5053457,-0.8625383,0.025559813
1356677817163,-0.39203328,-0.18496597,0.90116453,-0.76663256,-0.4757858,-0.43116394,0.5085119,-0.8598927,0.044722944
1356677817202,-0.43126267,-0.19736156,0.8803754,-0.7434931,-0.47503442,-0.47070187,0.5111071,-0.85754925,0.058127612
1356677817242,-0.4718367,-0.21663475,0.85465753,-0.7171533,-0.46958947,-0.51495326,0.512895,-0.8558943,0.06620923
1356677817282,-0.5134729,-0.2425048,0.82312644,-0.68692815,-0.45871753,-0.56365603,0.51427174,-0.8548507,0.0689556
1356677817322,-0.55513394,-0.2737226,0.7854312,-0.652725,-0.44192302,-0.6153487,0.51553494,-0.85427153,0.06666088
1356677817362,-0.5953144,-0.30675137,0.74263346,-0.61611235,-0.41900313,-0.66696477,0.51575804,-0.85459936,0.06044531
1356677817402,-0.63253546,-0.3359258,0.6978916,-0.5805033,-0.39089453,-0.71429497,0.5127522,-0.85694534,0.052248597
1356677817442,-0.66594845,-0.35612807,0.6555039,-0.54956716,-0.3599993,-0.7539074,0.5044686,-0.8623069,0.044024765
1356677817482,-0.69501245,-0.36541915,0.6192145,-0.5257439,-0.3291881,-0.7843651,0.4904601,-0.8706917,0.03667295
1356677817523,-0.718923,-0.36499557,0.591547,-0.5102331,-0.30081886,-0.805711,0.47202945,-0.88107103,0.030032814
1356677817563,-0.73638326,-0.35739034,0.5744665,-0.5040728,-0.27653944,-0.818191,0.45127624,-0.8920751,0.023488343
1356677817604,-0.74556756,-0.3454251,0.5699215,-0.5085759,-0.2577461,-0.8215336,0.43067336,-0.90235716,0.016492248
1356677817644,-0.7448797,-0.33095938,0.5793273,-0.5255337,-0.2439152,-0.8150581,0.41105786,-0.9115763,0.007757187
1356677817683,-0.730612,-0.31563896,0.60545695,-0.5574666,-0.23626292,-0.795871,0.39425495,-0.918995,-0.0033416152
1356677817724,-0.7040098,-0.30523226,0.6412516,-0.59854865,-0.23096925,-0.7670676,0.38224322,-0.9238433,-0.020091712
1356677817763,-0.662063,-0.30261013,0.6856381,-0.6476222,-0.22941065,-0.7266059,0.37717098,-0.9250934,-0.044092774
1356677817804,-0.61506563,-0.3197722,0.72072184,-0.6892823,-0.22578478,-0.688412,0.38286304,-0.92019945,-0.08154088
1356677817843,-0.5675641,-0.3583922,0.74123275,-0.72033894,-0.2198419,-0.6578611,0.39872634,-0.90731716,-0.13338947
1356677817884,-0.53148645,-0.4203837,0.7353908,-0.7338991,-0.20498842,-0.64758927,0.42298254,-0.8838876,-0.19957066
1356677817923,-0.5051049,-0.4910803,0.70972466,-0.736889,-0.18270427,-0.65085614,0.4492924,-0.8517389,-0.26958686
1356677817963,-0.48169154,-0.55086946,0.68155414,-0.7389455,-0.16276592,-0.6538094,0.4710974,-0.81856585,-0.32865953
1356677818004,-0.45312935,-0.585889,0.67186904,-0.7478354,-0.16038132,-0.64422053,0.48519698,-0.7943626,-0.365475
1356677818075,-0.41426992,-0.5923484,0.6910165,-0.76522,-0.18437278,-0.6168023,0.49276647,-0.7843023,-0.37689674
1356677818084,-0.36163467,-0.5680357,0.7392941,-0.78920734,-0.23565388,-0.5671147,0.49635893,-0.78854465,-0.36307734
1356677818121,-0.29375964,-0.5123746,0.80695575,-0.8160772,-0.30513638,-0.4908257,0.49771816,-0.802723,-0.3285005
1356677818163,-0.21316189,-0.42740244,0.8785723,-0.84094733,-0.3775069,-0.38768044,0.49736267,-0.8214717,-0.27895284
1356677818203,-0.12727505,-0.32154432,0.9383018,-0.859126,-0.43702215,-0.26629734,0.4956851,-0.84001243,-0.22062501
1356677818243,-0.046969116,-0.20949852,0.9766802,-0.86841416,-0.47460085,-0.14356476,0.49360985,-0.8549061,-0.15963995
1356677818282,0.017225087,-0.10747445,0.9940587,-0.8703223,-0.49101412,-0.03800589,0.49218145,-0.8644967,-0.1019952
1356677818322,0.06102842,-0.023968518,0.9978483,-0.8684477,-0.49406207,0.04124686,0.49201027,-0.8690963,-0.050967276
1356677818363,0.08158511,0.035971135,0.9960171,-0.8662666,-0.49164248,0.08871275,0.49287537,-0.8700539,-0.008950159
1356677818402,0.07682288,0.06893811,0.9946586,-0.86585355,-0.49002987,0.10083765,0.49436402,-0.86897534,0.022044823
1356677818442,0.043554783,0.071199805,0.9965106,-0.8669199,-0.4930551,0.073119044,0.49654078,-0.8670796,0.040249705
1356677818482,-0.020956278,0.040203243,0.99897176,-0.86578214,-0.50041735,0.0019769073,0.49998218,-0.86485046,0.04529406
1356677818522,-0.114699125,-0.021787703,0.9931613,-0.8556878,-0.5056847,-0.109916,0.50462127,-0.8624433,0.03935808
1356677818562,-0.22546732,-0.10257408,0.96883595,-0.83113396,-0.49859524,-0.24620935,0.50831175,-0.8607446,0.027164131
1356677818603,-0.33115613,-0.18016928,0.9262153,-0.79562074,-0.47439593,-0.3767442,0.50727046,-0.8616772,0.013752639
1356677818642,-0.41239434,-0.23480463,0.8802259,-0.7622689,-0.4401707,-0.47454807,0.49887574,-0.8666698,0.0025396347
1356677818682,-0.46186304,-0.26025754,0.8479083,-0.7439367,-0.406865,-0.53011227,0.4829499,-0.8756294,-0.005699277
1356677818722,-0.4808097,-0.2612483,0.83700144,-0.74528855,-0.38111383,-0.54708064,0.4619167,-0.8868493,-0.011462152
1356677818763,-0.4711129,-0.2445927,0.8474827,-0.7652658,-0.36446494,-0.5305973,0.43865797,-0.8985208,-0.0154742
1356677818802,-0.43308157,-0.2156195,0.8751849,-0.79990727,-0.35558182,-0.48343557,0.41543797,-0.9094338,-0.018479705
1356677818842,-0.3690712,-0.17950624,0.9119013,-0.8420437,-0.35071057,-0.4098347,0.3933813,-0.9191189,-0.021714926
1356677818882,-0.2854464,-0.14340344,0.9476053,-0.8824835,-0.34633154,-0.31824103,0.3738225,-0.92708683,-0.02769202
1356677818922,-0.19550264,-0.1178655,0.97359467,-0.9126106,-0.34160155,-0.22461173,0.35905537,-0.9324249,-0.04078132
1356677818981,-0.1140604,-0.113782406,0.98693657,-0.92894244,-0.3399821,-0.14655402,0.352216,-0.9335233,-0.06691879
1356677819003,-0.0505895,-0.13786533,0.98915815,-0.93323743,-0.34620142,-0.09598181,0.35568047,-0.92797506,-0.11114699
1356677819075,-0.016903043,-0.2052533,0.97856295,-0.9277081,-0.36181402,-0.09191501,0.37292364,-0.90937436,-0.18429938
1356677819080,0.025351465,-0.26593292,0.9636581,-0.92060924,-0.38195217,-0.08118537,0.3896612,-0.8850944,-0.25450334
1356677819120,0.055894136,-0.3265499,0.9435258,-0.91231394,-0.400653,-0.084619015,0.4056588,-0.85606205,-0.3203102
1356677819163,0.087464035,-0.3680254,0.9256929,-0.90424573,-0.41921544,-0.08122879,0.41795895,-0.8299493,-0.36945173
1356677819202,0.12526807,-0.37849423,0.91708773,-0.8957399,-0.44058117,-0.05948162,0.4265651,-0.814021,-0.39422312
1356677819242,0.16932744,-0.35425183,0.9196923,-0.8849319,-0.46543324,-0.016350359,0.43384755,-0.81109655,-0.39229935
1356677819282,0.21527958,-0.29879788,0.9297175,-0.87085414,-0.48953962,0.044318497,0.44189125,-0.81918913,-0.36559728
1356677819322,0.25666144,-0.22086,0.94092816,-0.8548806,-0.5060539,0.11440602,0.45089263,-0.83374476,-0.31869343
1356677819362,0.28750983,-0.13235635,0.9485884,-0.84015226,-0.51039004,0.18342909,0.459872,-0.8496963,-0.2579416
1356677819402,0.30433917,-0.04506257,0.95149726,-0.82957387,-0.5034743,0.24149731,0.4681719,-0.86283433,-0.19060972
1356677819442,0.3063144,0.032230347,0.9513846,-0.82441044,-0.49070507,0.2820567,0.47594005,-0.87072945,-0.12373899
1356677819482,0.2939638,0.094239086,0.95115936,-0.824502,-0.47839397,0.30221763,0.48350966,-0.87307394,-0.06293015
1356677819522,0.2679217,0.13828886,0.95346427,-0.8290587,-0.47105128,0.30128446,0.4907949,-0.87119853,-0.011555254
1356677819562,0.22802925,0.16277114,0.9599522,-0.83702826,-0.47087723,0.27867237,0.49737948,-0.86705256,0.028870285
1356677819602,0.17303914,0.16598508,0.97082776,-0.8467964,-0.47831154,0.23271018,0.50298446,-0.8623614,0.05778888
1356677819642,0.10084188,0.14570451,0.9841753,-0.8555536,-0.4921968,0.16053128,0.5077981,-0.85820305,0.075023994
1356677819682,0.009548962,0.09993437,0.99494827,-0.85866725,-0.50908285,0.059374273,0.5124445,-0.8548964,0.08094908
1356677819722,-0.10001445,0.029348373,0.994553,-0.8500153,-0.5220763,-0.070073456,0.5171761,-0.8523936,0.07716182
1356677819762,-0.2209475,-0.05860752,0.9735232,-0.8246972,-0.5216323,-0.21857351,0.52063113,-0.8511551,0.06691989
1356677819802,-0.3394959,-0.14782068,0.9289196,-0.7838006,-0.5015051,-0.36626408,0.5199992,-0.85243285,0.054396898
1356677819842,-0.44150013,-0.2208198,0.86966443,-0.73619175,-0.46493155,-0.49179298,0.51293206,-0.8573665,0.042701572
1356677819882,-0.5202553,-0.26936477,0.81041783,-0.6927797,-0.42179513,-0.58493173,0.4993903,-0.86575484,0.032830715
1356677819922,-0.5755022,-0.29524213,0.7626462,-0.6610157,-0.3811466,-0.6463633,0.4815137,-0.87610465,0.024191022
1356677819962,-0.6087737,-0.30419338,0.732708,-0.64480513,-0.3483398,-0.6803571,0.46219146,-0.88663733,0.015914679
1356677820002,-0.62036586,-0.30107158,0.72422516,-0.6468292,-0.3258356,-0.68952394,0.44357434,-0.8962071,0.0073953867
1356677820078,-0.60917926,-0.29008603,0.7380724,-0.67037195,-0.30885625,-0.67469203,0.42367697,-0.9057914,-0.006316781
1356677820100,-0.53843015,-0.26019642,0.8014928,-0.73734236,-0.3149802,-0.5975899,0.40794516,-0.91273504,-0.022258997
1356677820143,-0.45384026,-0.23923016,0.85836935,-0.79697967,-0.3218829,-0.5110918,0.398563,-0.916057,-0.044578135
1356677820182,-0.36257732,-0.23418605,0.90205026,-0.84275854,-0.3308254,-0.42463243,0.3978641,-0.91417265,-0.077412546
1356677820222,-0.2815023,-0.25431448,0.9252463,-0.8688013,-0.3417942,-0.35827518,0.40735835,-0.9047104,-0.12473297
1356677820263,-0.22039825,-0.30108005,0.92777985,-0.87789804,-0.35331714,-0.3232059,0.42511135,-0.8857301,-0.18644708
1356677820302,-0.17776918,-0.36379576,0.91435814,-0.87743425,-0.36208183,-0.31465194,0.4455415,-0.8582245,-0.25483984
1356677820342,-0.14778155,-0.42794132,0.89164275,-0.8733529,-0.36661094,-0.32070407,0.46412855,-0.82611287,-0.31956542
1356677820382,-0.117292225,-0.47448808,0.8724125,-0.8704563,-0.37376982,-0.32031533,0.47806734,-0.7969674,-0.3691808
1356677820422,-0.0749836,-0.48912406,0.8689852,-0.87031996,-0.39326525,-0.2964552,0.486745,-0.77852434,-0.39620602
1356677820462,-0.015294015,-0.465038,0.8851586,-0.8706258,-0.4291479,-0.2405054,0.4917081,-0.7743202,-0.3983107
1356677820502,0.06006342,-0.40194702,0.9136908,-0.8666439,-0.4751867,-0.15207148,0.4952985,-0.7827107,-0.37688628
1356677820542,0.14271086,-0.306434,0.94113326,-0.8549088,-0.5173248,-0.038805515,0.49876297,-0.7990452,-0.33580095
1356677820582,0.2203632,-0.19304127,0.956125,-0.83628947,-0.5419187,0.0833309,0.50205576,-0.8179604,-0.28085732
1356677820622,0.28289223,-0.07918763,0.95587724,-0.8154059,-0.5446268,0.1962012,0.50505966,-0.83493173,-0.21864074
1356677820662,0.32612294,0.022112757,0.9450687,-0.7969953,-0.5311951,0.2874549,0.5083723,-0.84696096,-0.15561117
1356677820702,0.35083598,0.104964405,0.9305357,-0.7835125,-0.5113142,0.3530807,0.51285696,-0.8529597,-0.09714651
1356677820742,0.35968906,0.1683523,0.9177588,-0.77556545,-0.49291277,0.39437962,0.51876974,-0.853636,-0.04672712
1356677820782,0.35481125,0.21277192,0.9104049,-0.7732848,-0.48052394,0.4136755,0.5254898,-0.850779,-0.005962044
1356677820822,0.3369035,0.2383683,0.91086584,-0.7767838,-0.47633272,0.41196388,0.5320743,-0.84633785,0.02468241
1356677820862,0.3049528,0.24414194,0.92054254,-0.78586197,-0.48150474,0.38803887,0.53798217,-0.8417529,0.04502561
1356677820902,0.25651306,0.2282266,0.9392091,-0.79935485,-0.49617344,0.33888617,0.5433533,-0.8376901,0.055158995
1356677820943,0.18850964,0.18872395,0.96376723,-0.81469214,-0.5179506,0.2607756,0.54839844,-0.83433235,0.056113236
1356677820982,0.09955108,0.12584579,0.98704225,-0.8277331,-0.5400471,0.15233833,0.5522205,-0.832173,0.05040449
1356677821023,-0.005188465,0.046574563,0.9989013,-0.8334546,-0.5521726,0.021416366,0.5525635,-0.83242786,0.04168278
1356677821082,-0.11137885,-0.033250064,0.9932216,-0.8296597,-0.54705185,-0.111350834,0.5470461,-0.8364381,0.033343762
1356677821105,-0.20183432,-0.096734375,0.9746309,-0.8203193,-0.52698314,-0.22218254,0.5351067,-0.8443526,0.027010202
1356677821144,-0.26545167,-0.13607526,0.95447314,-0.8129776,-0.50058126,-0.29746565,0.51826906,-0.854928,0.02225396
1356677821185,-0.29847622,-0.1525982,0.9421389,-0.8133504,-0.47582304,-0.33474416,0.49937272,-0.8662022,0.01790604
1356677821226,-0.3001262,-0.15062574,0.9419322,-0.82402885,-0.4564851,-0.335556,0.48052132,-0.8768884,0.012883127
1356677821265,-0.26739025,-0.1326501,0.9544141,-0.8447298,-0.44427848,-0.29840934,0.4636097,-0.88601387,0.006742269
1356677821306,-0.20795274,-0.10692614,0.9722769,-0.86900276,-0.43607515,-0.23382166,0.4489875,-0.89353526,-0.0022360682
1356677821345,-0.121260464,-0.076684624,0.9896542,-0.890942,-0.43115538,-0.14257407,0.43762794,-0.89901304,-0.01603946
1356677821386,-0.14775872,-0.11470443,0.9823494,-0.88989073,-0.4180069,-0.18266037,0.4315807,-0.90117323,-0.040310264
1356677821424,0.0412212,-0.070272684,0.9966757,-0.90043056,-0.4349501,0.006573558,0.4330423,-0.8977083,-0.08120483
1356677821465,0.1595875,-0.078344226,0.9840702,-0.8824773,-0.4581064,0.106641114,0.44245413,-0.88543814,-0.14224505
1356677821506,0.22700131,-0.12608057,0.9656988,-0.8599335,-0.4914012,0.13798285,0.4571486,-0.861759,-0.21996963
1356677821545,0.26948434,-0.1834138,0.94537693,-0.84007233,-0.52471566,0.13766599,0.47080427,-0.83128387,-0.29548353
1356677821586,0.30318573,-0.22672182,0.92556775,-0.82255954,-0.55264926,0.13406977,0.48111773,-0.80198264,-0.35404754
1356677821625,0.34242153,-0.23460326,0.90978503,-0.8026277,-0.5764029,0.15345493,0.48840168,-0.7827649,-0.38567185
1356677821666,0.3918399,-0.19841456,0.8983836,-0.7752797,-0.5969771,0.20629999,0.4953816,-0.77733517,-0.38774627
1356677821704,0.44605988,-0.12487739,0.8862484,-0.7398649,-0.6086443,0.2866218,0.50361747,-0.78355455,-0.3638842
1356677821746,0.49574664,-0.029137284,0.86797833,-0.70107126,-0.60330224,0.38016522,0.5125762,-0.79698026,-0.31951237
1356677821784,0.5332229,0.07050225,0.8430319,-0.666733,-0.5783527,0.47008008,0.52071154,-0.81273466,-0.26138473
1356677821825,0.55588585,0.1599707,0.81572074,-0.642751,-0.5395598,0.54382575,0.52712625,-0.8266103,-0.19711232
1356677821885,0.56573486,0.23518455,0.79033685,-0.62991136,-0.49525547,0.59827566,0.5321238,-0.8363075,-0.13203788
1356677821903,0.5644975,0.29337704,0.7715391,-0.6277987,-0.4542707,0.63206565,0.5359211,-0.84117067,-0.07225293
1356677821943,0.55516386,0.33697027,0.76042366,-0.633748,-0.42072356,0.64911884,0.53866184,-0.84228426,-0.020016314
1356677821980,0.53776973,0.36568844,0.759655,-0.6474805,-0.3979488,0.64992756,0.5399748,-0.84137315,0.022771329
1356677822024,0.51325595,0.38053623,0.7692597,-0.66720665,-0.3868569,0.6365351,0.53981817,-0.83996063,0.055339694
1356677822081,0.48001543,0.38092297,0.7902424,-0.6923426,-0.3887103,0.6079196,0.5387458,-0.8389292,0.07714218
1356677822105,0.43685758,0.36634678,0.82155067,-0.72121316,-0.4031815,0.5632905,0.53759366,-0.83859086,0.08808127
1356677822145,0.381585,0.3349924,0.86149466,-0.7527305,-0.42830133,0.49995482,0.5364604,-0.83924854,0.0887256
1356677822185,0.31324744,0.28740603,0.9051375,-0.7852629,-0.45761997,0.41706848,0.534077,-0.8414165,0.082341015
1356677822226,0.23550886,0.22616932,0.9451894,-0.8160578,-0.48215735,0.3187065,0.5278117,-0.8463874,0.07101494
1356677822265,0.15722334,0.16208184,0.97417164,-0.8412652,-0.49468625,0.21807879,0.5172559,-0.8538237,0.058577567
1356677822306,0.090321064,0.10504514,0.9903574,-0.8601215,-0.4930498,0.13074026,0.50202906,-0.86363626,0.045818746
1356677822344,0.04534489,0.06307429,0.99697816,-0.8738577,-0.4810897,0.07018149,0.48406255,-0.8743994,0.033302978
1356677822385,0.027220666,0.038344324,0.9988938,-0.88458866,-0.4644829,0.0419358,0.46557707,-0.8847516,0.021275356
1356677822424,0.03597045,0.028812885,0.9989374,-0.89326566,-0.4472646,0.04506606,0.44808775,-0.8939375,0.009649217
1356677822465,0.06873107,0.030598432,0.99716586,-0.89900994,-0.4314224,0.075203866,0.4325009,-0.9016309,-0.0021437705
1356677822504,0.11819506,0.03685394,0.99230623,-0.90000606,-0.4182409,0.12273437,0.41954634,-0.9075882,-0.016265258
1356677822544,0.17627048,0.038983136,0.98356956,-0.89448774,-0.4107424,0.17658526,0.41087753,-0.9109177,-0.037531838
1356677822585,0.23436433,0.026860178,0.9717777,-0.8818165,-0.41492444,0.22413698,0.40923464,-0.90945935,-0.073557734
1356677822624,0.287624,-0.0059912503,0.95772463,-0.86253417,-0.43628126,0.25630715,0.4163018,-0.8997904,-0.13065259
1356677822665,0.33513945,-0.057210565,0.94043,-0.8383681,-0.47356212,0.26995897,0.4299075,-0.8789004,-0.20667286
1356677822704,0.37838972,-0.113748014,0.91863084,-0.8116149,-0.51796514,0.27017298,0.44508708,-0.84780514,-0.28831226
1356677822746,0.4198665,-0.15587625,0.89409995,-0.78372943,-0.55907106,0.27056915,0.45769012,-0.8143354,-0.35690004
1356677822785,0.46063757,-0.16834968,0.87147653,-0.75487363,-0.5907693,0.28488123,0.46688196,-0.7890817,-0.39921328
1356677822825,0.49892014,-0.14756843,0.8539919,-0.7252681,-0.61050874,0.318222,0.47441,-0.7781405,-0.4116218
1356677822866,0.53158355,-0.0958347,0.8415668,-0.6960479,-0.6155802,0.36956504,0.4826347,-0.7822255,-0.3939379
1356677822905,0.5530819,-0.029964507,0.83258784,-0.6728619,-0.6053678,0.4251902,0.49128127,-0.79538167,-0.35497993
1356677822946,0.56340253,0.043248028,0.8250499,-0.65832853,-0.57987237,0.47994953,0.49918047,-0.81355864,-0.2982301
1356677822984,0.5621081,0.11380139,0.819197,-0.65498316,-0.5435419,0.5249374,0.5050065,-0.8316318,-0.2309913
1356677823029,0.55151343,0.18329982,0.8137777,-0.66067487,-0.49959114,0.5602833,0.5092559,-0.8466463,-0.15442964
1356677823067,0.5295899,0.23507264,0.81503093,-0.6764442,-0.4627097,0.5729947,0.51181805,-0.8547752,-0.08603284
1356677823103,0.5051368,0.2781385,0.8169919,-0.69272923,-0.43394202,0.5760387,0.5147457,-0.8569325,-0.026525404
1356677823142,0.47385252,0.3075937,0.8251363,-0.712077,-0.41742897,0.5645346,0.5180831,-0.8550667,0.021230608
1356677823182,0.43417525,0.321056,0.84167385,-0.7346072,-0.4145912,0.5370908,0.52138674,-0.8514912,0.05584478
1356677823222,0.38186806,0.31512445,0.86883444,-0.7610161,-0.42622185,0.48906982,0.52443415,-0.84795713,0.07705435
1356677823262,0.30910367,0.2845851,0.9074504,-0.79149866,-0.4520085,0.41136128,0.5272426,-0.8453991,0.085531265
1356677823302,0.20352376,0.22124746,0.95374405,-0.82380307,-0.48771483,0.28893408,0.529081,-0.8445021,0.083002746
1356677823343,0.051625967,0.117916524,0.9916806,-0.8477133,-0.5197692,0.10593471,0.52793646,-0.8461298,0.073125824
1356677823384,-0.14331204,-0.017871618,0.98951626,-0.8412296,-0.5244912,-0.1313084,0.5213392,-0.85122836,0.0601317
1356677823433,-0.34599435,-0.15313894,0.92565453,-0.7901806,-0.48437685,-0.37549108,0.50586796,-0.86135215,0.04658428
1356677823473,-0.5208259,-0.25781736,0.8138001,-0.70080936,-0.41521364,-0.5800552,0.48744917,-0.87242645,0.035573244
1356677823513,-0.63806444,-0.3171426,0.7016368,-0.6112254,-0.34555376,-0.7120365,0.4682704,-0.8831835,0.026639998
1356677823553,-0.7086796,-0.34346774,0.6162817,-0.5438198,-0.29056716,-0.7872933,0.44948107,-0.8930849,0.019134581
1356677823592,-0.7457577,-0.34926328,0.5673276,-0.5072839,-0.2543218,-0.82339746,0.4318663,-0.9018511,0.012486815
1356677823633,-0.7559783,-0.34223786,0.55800545,-0.5056826,-0.23597366,-0.8298202,0.41567048,-0.9094997,0.0053272247
1356677823673,-0.74094653,-0.3287768,0.5855801,-0.5381082,-0.2310335,-0.8105943,0.4017932,-0.9157125,-0.0057340264
1356677823713,-0.70502484,-0.31966153,0.6330533,-0.59045565,-0.22985047,-0.7736478,0.392813,-0.9192308,-0.026695669
1356677823754,-0.6720121,-0.33670846,0.65956587,-0.62749314,-0.21406919,-0.7486165,0.39325827,-0.91695243,-0.06742519
1356677823792,-0.65952164,-0.38580984,0.64512163,-0.6339143,-0.17574954,-0.7531698,0.40396017,-0.90568364,-0.12865978
1356677823832,-0.67677313,-0.4593928,0.57527065,-0.60222447,-0.103989065,-0.7915251,0.42344275,-0.882125,-0.20628059
1356677823873,-0.69380504,-0.52499014,0.4929705,-0.56672674,-0.024354577,-0.82354575,0.44435945,-0.8507598,-0.28062862
1356677823912,-0.69505477,-0.5676502,0.4412166,-0.55163133,0.027482271,-0.83363515,0.46108758,-0.82281095,-0.33223534
1356677823952,-0.68012863,-0.5892352,0.43615025,-0.5598775,0.033432603,-0.82790065,0.4732465,-0.8072696,-0.35263807
1356677823992,-0.6503525,-0.59221786,0.47573066,-0.5864008,-0.0067059994,-0.80999327,0.48288274,-0.80575,-0.34291577
1356677824032,-0.6042621,-0.57421863,0.552395,-0.62748945,-0.08430874,-0.77404714,0.49104407,-0.8143494,-0.30937147
1356677824076,-0.5361712,-0.52694184,0.65943366,-0.68185097,-0.19015056,-0.7063441,0.49759394,-0.82835686,-0.25734252
1356677824114,-0.45453173,-0.45276305,0.7670766,-0.73571146,-0.2946335,-0.6098522,0.502125,-0.8415443,-0.19918269
1356677824154,-0.3654858,-0.35696107,0.8596505,-0.78164023,-0.3837819,-0.49168074,0.50542915,-0.85163975,-0.13874829
1356677824194,-0.29227513,-0.26078728,0.9200898,-0.8100462,-0.44388592,-0.3831324,0.508331,-0.85729533,-0.0815129
1356677824234,-0.25385845,-0.1854555,0.94929564,-0.8210128,-0.47755945,-0.31284985,0.5113647,-0.8588034,-0.031028867
1356677824273,-0.26501542,-0.14727792,0.9529302,-0.8154216,-0.49323058,-0.3030036,0.5146401,-0.8573405,0.010620147
1356677824312,-0.3348812,-0.15709707,0.9290722,-0.78699136,-0.4955923,-0.36746842,0.5181692,-0.85423,0.042330444
1356677824352,-0.4628566,-0.2202745,0.8586284,-0.7162685,-0.47771746,-0.5086701,0.52222884,-0.8504499,0.063339114
1356677824392,-0.62179196,-0.32539564,0.712385,-0.5792008,-0.4212017,-0.6979366,0.5271633,-0.84658533,0.07343042
1356677824432,-0.748686,-0.42874706,0.5056138,-0.3947749,-0.32436645,-0.8596158,0.5325619,-0.8431859,0.07358998
1356677824474,-0.8121839,-0.49302983,0.3118956,-0.22962068,-0.2213158,-0.9477836,0.536313,-0.8413923,0.06653929
1356677824514,-0.835704,-0.51866364,0.18051821,-0.12307371,-0.1434663,-0.98197263,0.5352118,-0.8428555,0.056061506
1356677824553,-0.8465534,-0.5212788,0.10777657,-0.0674019,-0.09586924,-0.9931093,0.52801925,-0.8479844,0.04602325
1356677824595,-0.8563432,-0.5095085,0.0841278,-0.05310838,-0.07515442,-0.9957567,0.5136691,-0.8571773,0.03729874
1356677824632,-0.8656597,-0.49232066,0.09084864,-0.06400223,-0.07114768,-0.99541026,0.49652475,-0.8675012,0.0300802
1356677824673,-0.872819,-0.47094753,0.1280441,-0.10124549,-0.081929326,-0.9914822,0.47742668,-0.8783484,0.023828208
1356677824713,-0.8716935,-0.4452579,0.20468493,-0.17371257,-0.10980588,-0.9786556,0.45822972,-0.888644,0.018370092
1356677824754,-0.84939176,-0.410818,0.33130366,-0.2923455,-0.15639198,-0.94343823,0.43939465,-0.8982038,0.012737334
1356677824812,-0.7769511,-0.3596072,0.5167492,-0.46670058,-0.22190368,-0.8561246,0.42253712,-0.9063341,0.004579425
1356677824833,-0.6382468,-0.2963688,0.7104974,-0.6515337,-0.28364736,-0.7035965,0.41005477,-0.9119812,-0.012057245
1356677824873,-0.4698823,-0.2512161,0.8462275,-0.78387636,-0.32205266,-0.53086716,0.40589222,-0.91278285,-0.045595527
1356677824910,-0.34110367,-0.25608462,0.90447164,-0.84471256,-0.33865947,-0.41445202,0.41244268,-0.9053896,-0.10079986
1356677824954,-0.27977592,-0.31498516,0.9069232,-0.8590987,-0.33955282,-0.38295338,0.42857298,-0.8862777,-0.17560458
1356677824992,-0.24440867,-0.38625258,0.88942313,-0.86078006,-0.33589154,-0.38240638,0.44645512,-0.8590611,-0.25038373
1356677825033,-0.20421833,-0.43642205,0.87625957,-0.8633767,-0.34158975,-0.3713451,0.46138445,-0.8323775,-0.3070377
1356677825079,-0.13596588,-0.44263625,0.8863331,-0.8705628,-0.37366045,-0.32015342,0.4728992,-0.81513864,-0.33453757
1356677825114,-0.03675419,-0.39774305,0.9167604,-0.87485844,-0.43057138,-0.22188076,0.48298234,-0.81019056,-0.33214352
1356677825153,0.08169216,-0.30556446,0.9486605,-0.86653584,-0.49201953,-0.0838598,0.49238405,-0.81519765,-0.30497676
1356677825194,0.19810522,-0.1828174,0.96298087,-0.84293336,-0.5331525,0.07219249,0.5002177,-0.8260304,-0.25972313
1356677825234,0.29268473,-0.054347962,0.9546633,-0.8115665,-0.5420851,0.21795315,0.5056634,-0.8385642,-0.20276701
1356677825273,0.35241717,0.05326587,0.9343258,-0.78518707,-0.5263953,0.32617345,0.50919867,-0.84856975,-0.14368705
1356677825315,0.3873757,0.14124092,0.91103846,-0.7662568,-0.50015557,0.40335476,0.5126311,-0.85433924,-0.08552134
1356677825354,0.39653915,0.20316282,0.895255,-0.7588694,-0.4762364,0.444203,0.5165985,-0.8555255,-0.03467238
1356677825394,0.3905539,0.24673823,0.8868979,-0.7581947,-0.46019852,0.46190715,0.5221193,-0.8528409,0.0073432624
1356677825433,0.36435425,0.26769876,0.8919548,-0.7668512,-0.45718807,0.45046473,0.5283799,-0.84812534,0.03870669
1356677825474,0.31652123,0.26387432,0.9111448,-0.7830341,-0.4694776,0.40798128,0.53541774,-0.842592,0.058022857
1356677825513,0.2337507,0.22609794,0.9456428,-0.80685484,-0.49759108,0.3184154,0.5425365,-0.8374263,0.06611601
1356677825552,0.104736984,0.14423335,0.9839852,-0.8292993,-0.53343487,0.16646329,0.54890156,-0.83345306,0.06374222
1356677825595,-0.07910335,0.011447638,0.99680066,-0.83013046,-0.5543841,-0.05951017,0.55192924,-0.8321821,0.053356767
1356677825632,-0.2766288,-0.13548666,0.95137787,-0.78832674,-0.5341708,-0.3052908,0.54956114,-0.8344488,0.04095927
1356677825673,-0.4228139,-0.24133159,0.8734915,-0.72801054,-0.48354435,-0.48598924,0.5396565,-0.84139407,0.028757364
1356677825713,-0.50176233,-0.29139435,0.81444705,-0.6882713,-0.43581522,-0.57995504,0.523944,-0.85156006,0.018117249
1356677825754,-0.5262614,-0.29909372,0.79598475,-0.6848423,-0.40578163,-0.6052539,0.5040237,-0.86364585,0.008715212
1356677825793,-0.5034936,-0.27756417,0.8182006,-0.7161366,-0.39572823,-0.5749326,0.48336577,-0.8754183,4.7284365E-4
1356677825833,-0.43894893,-0.2360298,0.86695665,-0.7701376,-0.39818436,-0.49833453,0.46283036,-0.8864193,-0.006992817
1356677825872,-0.3286541,-0.17749572,0.9276216,-0.83406794,-0.406231,-0.37323853,0.44307688,-0.89636576,-0.014534026
1356677825913,-0.1883179,-0.115065545,0.9753442,-0.8854873,-0.4096591,-0.21929777,0.4247923,-0.90495265,-0.024742901
1356677825953,-0.050053358,-0.070036024,0.99628794,-0.91066897,-0.40639693,-0.074320346,0.41009346,-0.9110085,-0.043438137
1356677825992,0.06572628,-0.0541102,0.9963695,-0.9130471,-0.40606344,0.03817761,0.40252343,-0.91224146,-0.07609415
1356677826034,0.14151174,-0.07946783,0.9867417,-0.90245485,-0.4200437,0.09559539,0.40687793,-0.9040177,-0.13115722
1356677826084,0.19959646,-0.12466326,0.9719158,-0.88524806,-0.44819975,0.12430942,0.42011565,-0.88519824,-0.19981697
1356677826114,0.24258208,-0.17913815,0.9534481,-0.8653209,-0.4842878,0.12917,0.43860406,-0.856373,-0.2724915
1356677826154,0.28817424,-0.21543074,0.9330301,-0.84222853,-0.5206485,0.13991502,0.45563877,-0.82614446,-0.3314794
1356677826195,0.344352,-0.21349064,0.9142448,-0.8139218,-0.5532352,0.177376,0.46792424,-0.80520344,-0.36427227
1356677826234,0.4078287,-0.16944051,0.89719886,-0.779015,-0.5771074,0.2451177,0.47624725,-0.7988974,-0.36735764
1356677826276,0.4676776,-0.09487671,0.8787924,-0.74080116,-0.58442867,0.3311447,0.48217356,-0.80587935,-0.34360898
1356677826314,0.51387656,-0.007861763,0.85782814,-0.7068958,-0.5704198,0.4182338,0.48603404,-0.8213157,-0.2986828
1356677826356,0.54227483,0.07557857,0.836795,-0.6841242,-0.53845906,0.49197155,0.48776233,-0.8392555,-0.24028766
1356677826395,0.5550579,0.15075165,0.8180371,-0.67346704,-0.49576363,0.54832524,0.48821396,-0.8552733,-0.17365125
1356677826435,0.5541445,0.21246389,0.8048496,-0.6738943,-0.4530914,0.5835878,0.48866177,-0.8657755,-0.107899934
1356677826475,0.5437187,0.26302987,0.7969851,-0.6812241,-0.41634876,0.60215235,0.49020785,-0.870327,-0.0471943
1356677826514,0.52463543,0.30138043,0.7961956,-0.6942408,-0.38984525,0.60502094,0.49273455,-0.87016696,0.0047039688
1356677826556,0.49774018,0.32689384,0.8033649,-0.7116513,-0.3755487,0.5937302,0.4957894,-0.867239,0.04570877
1356677826594,0.4629748,0.33862758,0.81913716,-0.73239744,-0.37437576,0.568715,0.49924773,-0.86323464,0.07468349
1356677826635,0.4196207,0.33531272,0.843495,-0.75523996,-0.3865068,0.5293629,0.5035187,-0.8591728,0.09105533
1356677826674,0.3663435,0.31527463,0.8754395,-0.7790246,-0.4105811,0.47386068,0.5088352,-0.8555847,0.09519292
1356677826715,0.30167794,0.27732328,0.91218543,-0.8030553,-0.44179362,0.39990085,0.51389945,-0.85317653,0.08942655
1356677826757,0.22578096,0.22175872,0.9486021,-0.8265109,-0.4718234,0.30702165,0.5156574,-0.8533497,0.07675728
1356677826794,0.14242148,0.15796936,0.97711915,-0.84669745,-0.49185693,0.20292947,0.5126594,-0.8562257,0.06370117
1356677826835,0.06395912,0.09679508,0.9932472,-0.8616678,-0.496724,0.10389352,0.50342613,-0.86249405,0.05163516
1356677826874,-0.0020440817,0.046196103,0.9989303,-0.8719098,-0.48922282,0.020840228,0.48966223,-0.8709345,0.041278884
1356677826915,-0.049138606,0.0105856955,0.9987359,-0.87937963,-0.4745835,-0.038236022,0.4735788,-0.88014686,0.032629192
1356677826956,-0.07447517,-0.009650916,0.9971762,-0.8866737,-0.45696723,-0.070644796,0.45635864,-0.8894312,0.025475502
1356677826995,-0.07671648,-0.016040742,0.9969238,-0.89486146,-0.43983632,-0.075939596,0.43970153,-0.8979346,0.019388556
1356677827034,-0.062368512,-0.015507728,0.9979327,-0.903762,-0.42336434,-0.0630621,0.42346716,-0.9058267,0.012389362
1356677827085,-0.033389926,-0.015040219,0.9993292,-0.9120405,-0.40846193,-0.036620855,0.4087387,-0.9126515,-7.879734E-5
1356677827115,0.0027981997,-0.028540552,0.9995887,-0.9171479,-0.39844984,-0.008809209,0.39853737,-0.916746,-0.02729091
1356677827155,0.044041693,-0.062495172,0.9970731,-0.9171189,-0.3983106,0.015544534,0.3961733,-0.9151192,-0.07485783
1356677827196,0.08437109,-0.12506476,0.98855466,-0.91049683,-0.41272956,0.025493443,0.4048174,-0.90222675,-0.1486935
1356677827234,0.12954068,-0.19059116,0.9730849,-0.8990337,-0.4365433,0.034180045,0.4182793,-0.8792639,-0.22789797
1356677827275,0.17510903,-0.24161443,0.9544419,-0.8843329,-0.46472126,0.044603378,0.43277264,-0.8518548,-0.29504448
1356677827315,0.2202512,-0.26095167,0.9398902,-0.86804247,-0.4919725,0.066823065,0.44496256,-0.8305825,-0.3348747
1356677827354,0.25966728,-0.2460837,0.93381786,-0.85108554,-0.51524365,0.10088265,0.45631817,-0.8209548,-0.34323022
1356677827395,0.28807354,-0.20505252,0.9353968,-0.8353869,-0.53132313,0.14079985,0.46812657,-0.8219788,-0.32435828
1356677827436,0.30109453,-0.14765659,0.94209325,-0.8238338,-0.5378248,0.17900401,0.48025,-0.8300254,-0.2835806
1356677827475,0.2957034,-0.09027457,0.95100474,-0.81943417,-0.5356623,0.2039451,0.49100634,-0.839593,-0.23237124
1356677827516,0.27370876,-0.035768658,0.96114725,-0.82146263,-0.5284792,0.2142632,0.50028247,-0.84819233,-0.17403202
1356677827554,0.23395038,0.005000055,0.97223574,-0.8292054,-0.521084,0.20221269,0.50762755,-0.8534908,-0.117761776
1356677827595,0.18270737,0.034070045,0.98257685,-0.83844984,-0.51651675,0.17381719,0.5134393,-0.85559916,-0.06580545
1356677827634,0.11967689,0.048147827,0.99164474,-0.8471236,-0.5159264,0.12728533,0.5177442,-0.85527873,-0.02095735
1356677827674,0.047412038,0.04599932,0.99781567,-0.852245,-0.5191603,0.06442845,0.52098995,-0.85343814,0.014588252
1356677827733,-0.031951785,0.026141882,0.9991475,-0.85097504,-0.52503324,-0.013476282,0.5242333,-0.8506801,0.03902185
1356677827754,-0.11710602,-0.012041897,0.9930464,-0.8410058,-0.530618,-0.10561088,0.52820003,-0.8475255,0.05201125
1356677827803,-0.20372087,-0.06887096,0.97660357,-0.82181466,-0.53011,-0.20881554,0.5320887,-0.8451272,0.051395357
1356677827843,-0.30329877,-0.13995323,0.94256186,-0.7909509,-0.51466566,-0.3309317,0.5314193,-0.84589136,0.045401454
1356677827883,-0.3964805,-0.20418522,0.8950485,-0.75340474,-0.4847309,-0.44431686,0.5245805,-0.85049665,0.03835213
1356677827923,-0.47828257,-0.2534082,0.8408508,-0.71470463,-0.4440788,-0.54036224,0.5103362,-0.85940576,0.03128314
1356677827963,-0.55100596,-0.28902084,0.7828533,-0.67439973,-0.39830536,-0.62172157,0.4915052,-0.8705284,0.02455312
1356677828004,-0.6131159,-0.3118947,0.72581714,-0.6348815,-0.3522181,-0.68765384,0.47012156,-0.8824194,0.017934382
1356677828044,-0.66416705,-0.3249148,0.67328477,-0.59788114,-0.30981106,-0.7392937,0.44879857,-0.89355886,0.011505902
1356677828085,-0.7026347,-0.3295368,0.6306425,-0.5684344,-0.27315474,-0.77605975,0.42800325,-0.90376544,0.004607916
1356677828123,-0.7280664,-0.32886177,0.6014726,-0.55047804,-0.24241251,-0.7988805,0.40852574,-0.9127355,-0.0045387745
1356677828166,-0.74021566,-0.32824478,0.58680165,-0.5462949,-0.21517366,-0.80948263,0.3919727,-0.9197585,-0.020043552
1356677828203,-0.7398566,-0.33720478,0.5821556,-0.554109,-0.18531716,-0.81155455,0.3815435,-0.92301166,-0.049740076
1356677828245,-0.72907233,-0.36499786,0.5789907,-0.5688525,-0.14727134,-0.8091465,0.38060546,-0.9192866,-0.10025853
1356677828284,-0.7124904,-0.41736102,0.5640632,-0.58263785,-0.09606677,-0.8070343,0.39101237,-0.9036487,-0.17472374
1356677828335,-0.6928639,-0.48873258,0.53016996,-0.591941,-0.034342885,-0.8052493,0.41175914,-0.87175745,-0.26550585
1356677828374,-0.67049766,-0.54199517,0.50663024,-0.6051966,0.004563451,-0.79606295,0.42915028,-0.8403692,-0.3310734
1356677828414,-0.6525888,-0.571012,0.49806944,-0.6138048,0.012977779,-0.7893511,0.44426516,-0.82083905,-0.35895908
1356677828453,-0.63640565,-0.5788933,0.50977474,-0.6207304,-0.00797832,-0.78398347,0.45790997,-0.81536424,-0.3542592
1356677828495,-0.619492,-0.5652618,0.5447099,-0.6281385,-0.05923438,-0.7758436,0.47082034,-0.82278216,-0.31836742
1356677828533,-0.59981686,-0.53606457,0.5940155,-0.63929576,-0.12536389,-0.758673,0.48116586,-0.8348165,-0.2675085
1356677828572,-0.57586765,-0.4913203,0.65343773,-0.65531737,-0.20047784,-0.7282636,0.48881045,-0.8475925,-0.20652199
1356677828612,-0.54957813,-0.43591493,0.7127004,-0.6732184,-0.27408224,-0.686772,0.49471277,-0.85723805,-0.14283633
1356677828652,-0.5263698,-0.3782581,0.7614826,-0.68746495,-0.33766985,-0.64293945,0.50032675,-0.8619164,-0.08229995
1356677828692,-0.5141453,-0.3285948,0.79226255,-0.69223785,-0.38641405,-0.60950065,0.50642014,-0.86180604,-0.028792799
1356677828732,-0.5210167,-0.29720086,0.8001332,-0.68223006,-0.4183377,-0.59962964,0.51293635,-0.858292,0.015201569
1356677828772,-0.5527253,-0.29313654,0.7801062,-0.6513599,-0.4319514,-0.6238175,0.51983166,-0.85292965,0.047813058
1356677828812,-0.6093801,-0.32175338,0.724659,-0.5918677,-0.4235599,-0.6857767,0.5275875,-0.8468009,0.067673564
1356677828853,-0.6796664,-0.37821844,0.6284938,-0.49999234,-0.3880502,-0.77422523,0.53671336,-0.84045696,0.07463837
1356677828894,-0.74314487,-0.4436914,0.5008728,-0.38669965,-0.32610607,-0.86262286,0.546076,-0.8347411,0.070768714
1356677828934,-0.785754,-0.49559057,0.37010878,-0.2782089,-0.25124776,-0.92707837,0.5524403,-0.83142316,0.059541285
1356677828973,-0.8107632,-0.5239886,0.26095772,-0.19238953,-0.18250859,-0.9641976,0.55285555,-0.8319414,0.0471614
