1356677939446,0.5742754,0.053064942,-0.81694055,0.8023696,0.16161117,0.5745302,0.16251418,-0.98542684,0.050231606
1356677939603,0.21961272,0.077421874,0.9725102,-0.9615054,-0.15158105,0.22919503,0.1651589,-0.98540807,0.041152477
1356677939645,0.20149973,0.06819525,0.9771117,-0.9651172,-0.15643594,0.20994431,0.16717258,-0.985331,0.034294635
1356677939682,0.18742669,0.059891433,0.98045105,-0.96759605,-0.1606766,0.19478428,0.16920143,-0.98518836,0.027835578
1356677939722,0.1731767,0.051828593,0.9835261,-0.9698539,-0.16485918,0.1794568,0.17144433,-0.98495436,0.021716416
1356677939763,0.15735668,0.044365197,0.9865447,-0.97212636,-0.16886413,0.16265073,0.17380807,-0.98464036,0.01655668
1356677939803,0.14013511,0.037874043,0.9894078,-0.9743671,-0.17233455,0.14460173,0.17598578,-0.98431015,0.012753069
1356677939843,0.122312725,0.03223163,0.9919681,-0.97648364,-0.17487746,0.1260857,0.17753679,-0.9840625,0.010083914
1356677939882,0.10561305,0.027330488,0.99403167,-0.97831523,-0.17625004,0.108789176,0.17817143,-0.9839659,0.008123547
1356677939923,0.09101719,0.023274332,0.99557734,-0.979833,-0.17648524,0.09370366,0.17788556,-0.9840281,0.006741762
1356677939962,0.07948816,0.020537168,0.99662423,-0.98102534,-0.17574787,0.08186561,0.17683592,-0.9842209,0.0061775744
1356677940012,0.07149881,0.01942885,0.99725133,-0.98193705,-0.17422318,0.07379511,0.17517811,-0.9845145,0.006621212
1356677940064,0.06708747,0.020821571,0.99752986,-0.9827628,-0.17124104,0.06966874,0.17226866,-0.9850091,0.008974522
1356677940102,0.06705296,0.023257613,0.99747825,-0.98319197,-0.16861242,0.07002398,0.16981587,-0.98540795,0.011560738
1356677940146,0.06829727,0.026740998,0.9973066,-0.9833919,-0.1666829,0.07181364,0.16815436,-0.98564786,0.014912903
1356677940183,0.07033521,0.032028794,0.9970091,-0.9833225,-0.16582334,0.07469669,0.16771978,-0.9856353,0.01983136
1356677940222,0.07270634,0.03972414,0.99656194,-0.9828856,-0.1667229,0.07835436,0.16926223,-0.98520327,0.026922494
1356677940263,0.074953735,0.050000936,0.9959327,-0.98191917,-0.17040008,0.082454026,0.1738298,-0.9841055,0.03632474
1356677940302,0.07652885,0.061968505,0.99513984,-0.9803558,-0.1772908,0.08643198,0.18178523,-0.9822056,0.047183305
1356677940342,0.07702196,0.07447088,0.99424434,-0.9781915,-0.18728626,0.0898065,0.19289628,-0.9794784,0.05842161
1356677940382,0.07616639,0.08629084,0.99335426,-0.9755331,-0.19961327,0.09213996,0.2062375,-0.9760679,0.06897572
1356677940422,0.07407385,0.09682286,0.9925414,-0.9725487,-0.21314383,0.09337407,0.22059482,-0.9722114,0.07837659
1356677940489,0.0713343,0.10635257,0.99176645,-0.96937597,-0.22685844,0.09405118,0.2349931,-0.9681036,0.08691275
1356677940505,0.0688678,0.11560714,0.9909048,-0.9661405,-0.23983979,0.09512839,0.24865595,-0.9639045,0.095175505
1356677940544,0.0678069,0.12500319,0.9898366,-0.9630269,-0.25107408,0.09767762,0.26073232,-0.9598625,0.10335687
1356677940574,0.06898785,0.13412341,0.9885603,-0.96020174,-0.25990957,0.10227215,0.27065334,-0.95627296,0.11085492
1356677940604,0.071815014,0.14289224,0.98712945,-0.9577106,-0.26658797,0.108264804,0.27862707,-0.95315933,0.11770439
1356677940644,0.076473415,0.15158415,0.9854816,-0.95546067,-0.27141112,0.115891576,0.28503802,-0.9504516,0.12407699
1356677940674,0.08411765,0.15972689,0.98357075,-0.95325243,-0.274598,0.1261181,0.29023105,-0.9482,0.1291615
1356677940714,0.091653466,0.16608346,0.9818431,-0.95118797,-0.2771868,0.13567927,0.2946881,-0.94635284,0.13257152
1356677940744,0.09876269,0.1709136,0.9803237,-0.94932246,-0.27921182,0.14431843,0.29838383,-0.94489646,0.13467634
1356677940785,0.10375732,0.1733562,0.9793784,-0.94783556,-0.28116345,0.15018332,0.3014006,-0.9438722,0.13514036
1356677940824,0.10469872,0.17327356,0.97929275,-0.94705224,-0.28316724,0.15135473,0.30352947,-0.94328815,0.13445194
1356677940854,0.1007061,0.17111722,0.98009044,-0.94706905,-0.28533,0.1471298,0.3048256,-0.9430301,0.13332528
1356677940894,0.09380633,0.166634,0.98154646,-0.9477956,-0.2868535,0.13927895,0.30476862,-0.94337064,0.13102628
1356677940924,0.08031672,0.15917411,0.98397803,-0.9492705,-0.28888738,0.12421584,0.3040308,-0.9440379,0.12789685
1356677940954,0.06452751,0.1495265,0.9866499,-0.9508318,-0.2909041,0.106271416,0.30291095,-0.9449955,0.12340328
1356677941012,0.046102047,0.13551456,0.9897022,-0.9522807,-0.2932887,0.08451736,0.30172184,-0.9463707,0.115526706
1356677941033,0.020850837,0.116642654,0.992955,-0.95354515,-0.29621994,0.0548203,0.3005275,-0.9479705,0.10504767
1356677941073,-0.009422302,0.09483716,0.9954482,-0.95449436,-0.29760247,0.019318134,0.2980799,-0.94996774,0.093325675
1356677941110,-0.043245196,0.072867244,0.99640363,-0.95519733,-0.2953024,-0.019861251,0.2927931,-0.9526211,0.08237299
1356677941153,-0.078923464,0.053354412,0.9954519,-0.9557016,-0.28808832,-0.060330868,0.28355908,-0.95611644,0.07372773
1356677941192,-0.11532909,0.03722486,0.99262965,-0.95569444,-0.27661353,-0.10066435,0.27082744,-0.96026003,0.06747711
1356677941232,-0.15057856,0.023945212,0.9883081,-0.95498323,-0.26199883,-0.13915339,0.25560346,-0.96477115,0.062318653
1356677941272,-0.18326765,0.01225239,0.9829866,-0.95343864,-0.24583828,-0.17469454,0.23951536,-0.9692334,0.05673617
1356677941313,-0.21169662,0.0011200905,0.9773348,-0.9512877,-0.22956836,-0.20579156,0.22413462,-0.9732919,0.04966435
1356677941352,-0.23416841,-0.010341823,0.972141,-0.94912153,-0.21413255,-0.23090145,0.21055499,-0.9767498,0.04032746
1356677941392,-0.24928421,-0.02345696,0.9681463,-0.94770443,-0.19981009,-0.24886188,0.19928291,-0.9795538,0.027579188
1356677941432,-0.2562598,-0.040670782,0.965752,-0.9476001,-0.18659294,-0.25930122,0.19074848,-0.98159516,0.0092766285
1356677941491,-0.2554531,-0.066405356,0.9645383,-0.94877785,-0.17462271,-0.26330125,0.18591493,-0.9823936,-0.01839596
1356677941514,-0.24841988,-0.105962515,0.96283925,-0.95058525,-0.16441703,-0.26335272,0.18621275,-0.98068285,-0.059881926
1356677941555,-0.23844749,-0.16485274,0.9570613,-0.951795,-0.15612614,-0.26402798,0.1929481,-0.97388303,-0.11967808
1356677941594,-0.22842723,-0.24264196,0.9428392,-0.9516164,-0.14881277,-0.26885107,0.20554107,-0.95863426,-0.19690913
1356677941634,-0.22005594,-0.32898673,0.9183371,-0.9501294,-0.14096981,-0.27817544,0.22097385,-0.93375325,-0.2815587
1356677941664,-0.21206734,-0.40198767,0.89074874,-0.94889355,-0.13329515,-0.28606537,0.23372722,-0.90589094,-0.353176
1356677941704,-0.20522758,-0.45527348,0.86637616,-0.9480294,-0.12744829,-0.29154262,0.24314976,-0.8811827,-0.40545678
1356677941734,-0.19662678,-0.48604238,0.85152847,-0.94817376,-0.1268366,-0.29134002,0.24960858,-0.8646822,-0.43591315
1356677941774,-0.1842432,-0.48601377,0.8543097,-0.94900286,-0.13827175,-0.2833274,0.25582793,-0.8629435,-0.4357528
1356677941814,-0.16778496,-0.4591299,0.8723806,-0.9499229,-0.16133997,-0.26761124,0.26361814,-0.8735955,-0.40906757
1356677941844,-0.15238348,-0.4217897,0.89379686,-0.9503841,-0.18562338,-0.24962807,0.27120012,-0.88748944,-0.3725763
1356677941874,-0.1375876,-0.3749993,0.91675794,-0.9506155,-0.20997739,-0.22856003,0.27820823,-0.9029314,-0.32758993
1356677941904,-0.12513262,-0.32169765,0.9385375,-0.950548,-0.23215419,-0.20630816,0.28425422,-0.91794074,-0.276739
1356677941934,-0.11648333,-0.2654398,0.9570649,-0.9501838,-0.2507162,-0.18518138,0.2891062,-0.93095815,-0.22301233
1356677941974,-0.11046451,-0.20235375,0.97306246,-0.94977224,-0.26693738,-0.16333169,0.2927975,-0.94223005,-0.16270286
1356677942014,-0.11673576,-0.14358798,0.9827285,-0.94844127,-0.27746677,-0.15320396,0.29467273,-0.9499446,-0.103794515
1356677942054,-0.13486022,-0.09461272,0.98633724,-0.9461335,-0.28341442,-0.15654927,0.29435378,-0.95431894,-0.051294953
1356677942084,-0.16444278,-0.058639646,0.984642,-0.9420465,-0.28659034,-0.1743967,0.2924155,-0.9562569,-0.008113593
1356677942114,-0.19697326,-0.032700688,0.9798634,-0.9368392,-0.28835583,-0.19794768,0.28902233,-0.9569648,0.026163071
1356677942154,-0.23438436,-0.018173277,0.97197413,-0.9297807,-0.2877437,-0.2295897,0.28385174,-0.957535,0.050545394
1356677942194,-0.28615516,-0.019339353,0.95798814,-0.9166944,-0.28548944,-0.27958384,0.27890244,-0.95818675,0.063965976
1356677942233,-0.34967256,-0.035978407,0.93618095,-0.89535415,-0.28134197,-0.34523565,0.275808,-0.95893294,0.06616408
1356677942272,-0.4204542,-0.06434631,0.9050292,-0.86490506,-0.27296853,-0.42122126,0.2741486,-0.95986855,0.059117377
1356677942314,-0.4909864,-0.096396685,0.8658174,-0.82794607,-0.2575258,-0.49818236,0.27099347,-0.961451,0.046630442
1356677942353,-0.55328655,-0.12296745,0.82386476,-0.7903681,-0.23482555,-0.5658403,0.26304442,-0.9642282,0.03273624
1356677942392,-0.60202533,-0.13872817,0.7863333,-0.75866497,-0.20769995,-0.6174854,0.24898401,-0.96830535,0.019792438
1356677942432,-0.6352045,-0.14335024,0.7589241,-0.7372262,-0.18039608,-0.65111804,0.23024487,-0.97309196,0.008906901
1356677942490,-0.65194476,-0.13916922,0.7453859,-0.7287771,-0.15647519,-0.666633,0.20940915,-0.977828,5.8972836E-4
1356677942514,-0.6509354,-0.12925261,0.74804866,-0.73525673,-0.13784933,-0.6636227,0.18889299,-0.98198336,-0.005302787
1356677942554,-0.63013804,-0.1163657,0.76771414,-0.75763416,-0.12438333,-0.64071774,0.17004839,-0.9853871,-0.009783983
1356677942584,-0.5864687,-0.10295737,0.80340177,-0.79517835,-0.11552125,-0.59527,0.15409738,-0.9879548,-0.014119923
1356677942614,-0.5309641,-0.09275323,0.8423028,-0.8355598,-0.108236015,-0.5386323,0.14112738,-0.9897888,-0.020031452
1356677942644,-0.464518,-0.08843893,0.88113654,-0.8757499,-0.10184419,-0.47190025,0.13147298,-0.9908614,-0.03014189
1356677942674,-0.39365166,-0.09443617,0.91439605,-0.9106115,-0.0960629,-0.4019435,0.12579751,-0.9908853,-0.04817933
1356677942714,-0.33995527,-0.12645799,0.9319006,-0.9317711,-0.088956356,-0.3519793,0.12740907,-0.98797536,-0.08758873
1356677942744,-0.2822793,-0.17134172,0.94390696,-0.9500744,-0.08643246,-0.29981333,0.13295478,-0.98141295,-0.13838929
1356677942773,-0.24833012,-0.22937787,0.9411259,-0.9582448,-0.08402312,-0.27332592,0.14177126,-0.96970403,-0.19893467
1356677942812,-0.2437067,-0.3018742,0.92167187,-0.95754147,-0.076024175,-0.27809137,0.1540179,-0.9503117,-0.2705294
1356677942852,-0.23373371,-0.36309096,0.90196097,-0.9582604,-0.07105398,-0.27692643,0.16463736,-0.92904055,-0.3313281
1356677942893,-0.20252213,-0.39660594,0.89537054,-0.9640169,-0.08004281,-0.25350425,0.17220932,-0.9144926,-0.3661244
1356677942932,-0.14204359,-0.39615023,0.907132,-0.9735149,-0.109944284,-0.20045161,0.17914295,-0.9115795,-0.3700413
1356677942973,-0.051744938,-0.36025158,0.93141896,-0.980917,-0.15669596,-0.11510116,0.18741494,-0.91960055,-0.34526873
1356677943012,0.060931385,-0.29119784,0.95472044,-0.97862035,-0.20567471,-2.758503E-4,0.19644219,-0.9342921,-0.2975042
1356677943053,0.17777392,-0.2003524,0.9634601,-0.9625071,-0.23923752,0.12784842,0.2048811,-0.9500654,-0.23537078
1356677943093,0.28088108,-0.10343149,0.9541529,-0.9358673,-0.24989,0.24840975,0.21273988,-0.9627341,-0.16698751
1356677943133,0.35744816,-0.01628536,0.93379104,-0.90745956,-0.24242854,0.34314072,0.22078946,-0.9700326,-0.10143393
1356677943175,0.40722978,0.05483097,0.9116784,-0.88393605,-0.22752362,0.40852165,0.22982806,-0.9722276,-0.044187278
1356677943212,0.4328146,0.10862592,0.8949145,-0.86911166,-0.21335691,0.44623291,0.23940858,-0.97091675,0.0020640194
1356677943252,0.43807957,0.14665055,0.88689345,-0.86410916,-0.20326075,0.46043512,0.24779361,-0.9680799,0.037677675
1356677943292,0.42528096,0.17064384,0.8888289,-0.8691281,-0.19697425,0.4536712,0.25249258,-0.96544385,0.064541936
1356677943332,0.3946377,0.18157879,0.9007164,-0.8837347,-0.19335562,0.42617664,0.25154325,-0.96417975,0.084162086
1356677943372,0.34430173,0.1795286,0.92153454,-0.9063035,-0.19268176,0.3761484,0.2450923,-0.9646985,0.09636675
1356677943412,0.27106774,0.16401601,0.94848347,-0.9331933,-0.19676334,0.30072314,0.2359502,-0.9666348,0.09972246
1356677943485,0.165658,0.12978578,0.9776058,-0.9597416,-0.20679456,0.1900847,0.22683379,-0.969738,0.09030357
1356677943492,0.036021292,0.08739093,0.99552256,-0.97490525,-0.21591425,0.05422908,0.21968669,-0.9724936,0.07742041
1356677943533,-0.09770805,0.039686948,0.9944235,-0.9722873,-0.21705055,-0.08687067,0.21239257,-0.97535324,0.059794694
1356677943572,-0.21724135,-0.0035065413,0.9761117,-0.9547785,-0.20719028,-0.21323779,0.20298856,-0.9782945,0.041662246
1356677943612,-0.30409515,-0.03413394,0.9520299,-0.9332396,-0.18999094,-0.30490515,0.19128472,-0.98119223,0.025920212
1356677943652,-0.35124177,-0.050454378,0.93492436,-0.9190367,-0.17220467,-0.35456613,0.17888781,-0.9837682,0.014116049
1356677943692,-0.3592202,-0.054938912,0.93163437,-0.9181537,-0.15803927,-0.363342,0.16719645,-0.9859033,0.0063285828
1356677943733,-0.3297782,-0.05062872,0.9426999,-0.93099874,-0.1480785,-0.33363762,0.15648523,-0.9876789,0.0016978383
1356677943773,-0.26540542,-0.040085167,0.96330327,-0.9529909,-0.14057851,-0.26841396,0.14617914,-0.98925775,-8.904934E-4
1356677943810,-0.17272091,-0.02714163,0.9845967,-0.97556645,-0.13309073,-0.17480558,0.13578519,-0.99073213,-0.0034909248
1356677943853,-0.07047814,-0.019937485,0.99731404,-0.9895878,-0.12438482,-0.07241878,0.12549454,-0.9920337,-0.01096347
1356677943892,0.017969131,-0.029753327,0.99939567,-0.9929838,-0.11737448,0.014359444,0.116876304,-0.9926418,-0.031653672
1356677943932,0.07208583,-0.06764585,0.9951019,-0.99102217,-0.11749151,0.063803375,0.1126,-0.9907673,-0.075508
1356677943972,0.0879682,-0.13632488,0.98675084,-0.9894682,-0.12627372,0.07076511,0.11495364,-0.98258364,-0.14599726
1356677944012,0.07597017,-0.2249907,0.9713948,-0.9894296,-0.13769495,0.04548824,0.123521715,-0.96458244,-0.23307312
1356677944053,0.057172835,-0.3101267,0.9489745,-0.98931146,-0.14531398,0.012114078,0.13414237,-0.93952394,-0.3151198
1356677944092,0.05168447,-0.36920333,0.9279103,-0.98842156,-0.1516408,-0.005280912,0.1426588,-0.91689366,-0.37276602
1356677944132,0.069402814,-0.3912422,0.91766703,-0.9863619,-0.16453058,0.0044514835,0.14924267,-0.9054607,-0.39732534
1356677944172,0.10925329,-0.37548047,0.92036855,-0.98160416,-0.18660593,0.040393203,0.1565794,-0.9078506,-0.38896048
1356677944212,0.16343033,-0.32663622,0.9309132,-0.9725888,-0.21155542,0.09651691,0.16541377,-0.92116946,-0.3522573
1356677944252,0.21986261,-0.25471824,0.9416895,-0.9598715,-0.22875175,0.16223252,0.17408958,-0.9395697,-0.29479071
1356677944292,0.2681516,-0.17192504,0.9479116,-0.94620585,-0.23194554,0.22560051,0.18107748,-0.95741475,-0.22487307
1356677944333,0.3008325,-0.09061319,0.94936246,-0.935327,-0.22237432,0.27516016,0.18618065,-0.9707414,-0.15165043
1356677944372,0.31553218,-0.018872142,0.9487272,-0.92968196,-0.2064229,0.3050918,0.1900813,-0.97828084,-0.08267817
1356677944412,0.31157243,0.039055526,0.94941944,-0.9303768,-0.19059777,0.31316364,0.19318801,-0.980891,-0.02304864
1356677944491,0.29019085,0.08328998,0.9533373,-0.9368278,-0.17858443,0.30076775,0.19530213,-0.98039293,0.026204824
1356677944492,0.23756886,0.10974291,0.96515155,-0.95134676,-0.17441827,0.2540031,0.19621515,-0.978537,0.06296724
1356677944531,0.17144561,0.120295346,0.97782177,-0.96545655,-0.17715818,0.19107214,0.19621426,-0.97680295,0.08576694
1356677944573,0.077213705,0.112874,0.9906046,-0.9774492,-0.18729866,0.09752998,0.19654757,-0.97579634,0.09586662
1356677944612,-0.04379767,0.087953,0.9951613,-0.9793775,-0.2004376,-0.025388181,0.19723475,-0.9757505,0.09491789
1356677944652,-0.18387741,0.049580723,0.98169804,-0.9632549,-0.20801002,-0.16991737,0.1957784,-0.97686934,0.08600721
1356677944695,-0.32267487,0.008090526,0.94647527,-0.92764974,-0.20132822,-0.31453595,0.18800747,-0.9794904,0.07246882
1356677944733,-0.4365726,-0.023169696,0.8993707,-0.88265574,-0.18246025,-0.43315944,0.1741356,-0.9829402,0.059206247
1356677944773,-0.51197326,-0.038251847,0.8581494,-0.84514666,-0.1562711,-0.5111816,0.15365756,-0.9869733,0.047678113
1356677944813,-0.5498706,-0.039544523,0.83431315,-0.8249951,-0.13032907,-0.5499067,0.13048112,-0.9906818,0.03904015
1356677944854,-0.55326355,-0.031545937,0.8324089,-0.8261603,-0.10707176,-0.55316806,0.106577665,-0.9937508,0.03317678
1356677944892,-0.52040243,-0.019464731,0.8536992,-0.8497183,-0.08726293,-0.51996535,0.08461729,-0.9959951,0.028872311
1356677944933,-0.456092,-0.008426905,0.88989276,-0.8875512,-0.06879789,-0.4555434,0.06506151,-0.9975951,0.02389878
1356677944973,-0.36196035,-0.0050575733,0.9321797,-0.9309274,-0.050138414,-0.3617461,0.048567563,-0.99872947,0.013439894
1356677945024,-0.27375317,-0.031582505,0.9612813,-0.9610635,-0.030121803,-0.27468076,0.037630618,-0.99904716,-0.022106886
1356677945063,-0.16941059,-0.08574936,0.98180807,-0.9849918,-0.01865995,-0.17158964,0.033034176,-0.996142,-0.08130121
1356677945102,-0.11936635,-0.17278132,0.9777005,-0.99217033,-0.015678048,-0.12390366,0.036736727,-0.9848354,-0.16955703
1356677945142,-0.09625757,-0.27170953,0.9575534,-0.9943088,-0.017877877,-0.10502529,0.04565537,-0.9622133,-0.26844233
1356677945182,-0.065611064,-0.3526556,0.93345016,-0.9963656,-0.027771473,-0.08052534,0.05432105,-0.93534094,-0.34955174
1356677945222,-0.0061405897,-0.3967148,0.91792136,-0.9981228,-0.053504527,-0.02980116,0.060935557,-0.91638124,-0.3956415
1356677945262,0.08673173,-0.3977854,0.91336983,-0.99392617,-0.096889436,0.052184492,0.06773764,-0.9123483,-0.4037727
1356677945302,0.20374846,-0.35751477,0.9114109,-0.97603536,-0.14685363,0.1605899,0.07643071,-0.92228913,-0.37886828
1356677945342,0.32626313,-0.2845882,0.90142214,-0.941309,-0.18511856,0.28225607,0.08654323,-0.94060653,-0.32828277
1356677945382,0.4337004,-0.19503152,0.87969697,-0.8958031,-0.19860277,0.39761013,0.09716368,-0.96047896,-0.26084396
1356677945422,0.51435775,-0.10503271,0.8511194,-0.8507365,-0.18758744,0.49097705,0.10809061,-0.97661614,-0.18584226
1356677945488,0.5666633,-0.02508685,0.82356745,-0.81528723,-0.16162695,0.5560427,0.11916137,-0.98653305,-0.11204104
1356677945505,0.59444857,0.04081452,0.8030971,-0.7935916,-0.13140845,0.59409094,0.12978134,-0.9904877,-0.04572548
1356677945544,0.60118586,0.09148693,0.79385495,-0.7869453,-0.104893565,0.6080415,0.1388981,-0.99026644,0.008934677
1356677945585,0.5912185,0.12814903,0.79626536,-0.79319626,-0.086271584,0.60282403,0.14594641,-0.98799545,0.050641984
1356677945624,0.5643902,0.15121308,0.8115407,-0.8116306,-0.07785621,0.5789596,0.15072969,-0.9854305,0.07878785
1356677945664,0.51865655,0.16067004,0.8397503,-0.8410207,-0.08090031,0.53491986,0.15388167,-0.98368704,0.09316735
1356677945704,0.45112708,0.15665519,0.8786031,-0.878582,-0.09498122,0.46805143,0.15677354,-0.9830756,0.094785884
1356677945744,0.35957322,0.1387237,0.9227474,-0.9193574,-0.116526216,0.3757705,0.15965256,-0.9834518,0.08563702
1356677945784,0.24515635,0.10818604,0.9634283,-0.9561784,-0.1370917,0.25870594,0.16006643,-0.98463273,0.06983626
1356677945824,0.12040442,0.07145402,0.9901501,-0.98059785,-0.146864,0.1298413,0.15469506,-0.9865725,0.052384615
1356677945863,0.0077287555,0.03886625,0.99921453,-0.9897592,-0.14213693,0.013184339,0.14253768,-0.98908377,0.03736967
1356677945902,-0.07322514,0.01784575,0.9971557,-0.9893055,-0.12776458,-0.07036209,0.12614554,-0.9916439,0.02701047
1356677945942,-0.11415291,0.009216249,0.99342036,-0.98750365,-0.110416114,-0.11244866,0.10865331,-0.9938426,0.021705478
1356677945982,-0.11354393,0.009991378,0.99348277,-0.98924136,-0.093979,-0.11211404,0.09224635,-0.99552405,0.020554602
1356677946022,-0.07306808,0.016186953,0.99719554,-0.9943172,-0.07880324,-0.071577966,0.07742363,-0.99675876,0.021853
1356677946062,0.0019155741,0.023174107,0.99972963,-0.99797374,-0.06353754,0.0033850372,0.06359872,-0.99771035,0.023005396
1356677946103,0.097157925,0.023614436,0.9949888,-0.99399936,-0.04817912,0.09820476,0.0502567,-0.9985596,0.018791705
1356677946142,0.18916696,0.006423503,0.981924,-0.98120415,-0.037599564,0.18927425,0.038135707,-0.9992723,-8.098781E-4
1356677946182,0.25640303,-0.039118707,0.965778,-0.96612686,-0.040623188,0.25485015,0.029263586,-0.99840844,-0.04820952
1356677946222,0.29389304,-0.113939345,0.949023,-0.95550615,-0.061195374,0.28855363,0.025198251,-0.9916012,-0.1268546
1356677946263,0.31500784,-0.2020159,0.92734003,-0.94875836,-0.092819184,0.30206323,0.025053442,-0.9749739,-0.22090301
1356677946302,0.34369993,-0.27459526,0.8980355,-0.9387015,-0.12759197,0.32024956,0.026643157,-0.95305705,-0.3016163
1356677946342,0.39340925,-0.31107906,0.8651352,-0.9188621,-0.16411471,0.35882974,0.030357003,-0.9361069,-0.35040304
1356677946382,0.46507818,-0.30434102,0.8313115,-0.8844468,-0.2002153,0.42150643,0.03815955,-0.9312843,-0.3622892
1356677946422,0.54657483,-0.25992087,0.79605097,-0.8359065,-0.22628915,0.50005364,0.05016333,-0.93874085,-0.34095347
1356677946488,0.62162733,-0.1920597,0.75940275,-0.7806784,-0.23135215,0.580532,0.06419271,-0.95372385,-0.29375166
1356677946505,0.68022674,-0.11558822,0.7238307,-0.7288246,-0.2119271,0.6510773,0.078142494,-0.97042584,-0.22840202
1356677946562,0.7183502,-0.044571668,0.6942524,-0.6897671,-0.17548665,0.70244277,0.090523034,-0.98347235,-0.15680493
1356677946583,0.7403693,0.017022371,0.6719848,-0.6645853,-0.13151124,0.73554814,0.10089436,-0.9911685,-0.08605406
1356677946623,0.7492929,0.06686193,0.65885484,-0.6532236,-0.08898009,0.75191855,0.10889968,-0.9937867,-0.022996366
1356677946660,0.7480979,0.10480592,0.6552597,-0.65358806,-0.054411188,0.75489223,0.11477053,-0.99300325,0.027794957
1356677946703,0.73860425,0.13163811,0.66116196,-0.66348195,-0.031753525,0.7475181,0.11939609,-0.9907891,0.063886225
1356677946742,0.72102344,0.14816147,0.676885,-0.6817672,-0.022796005,0.7312138,0.123768,-0.9887004,0.0845752
1356677946782,0.6948043,0.15456471,0.70239353,-0.70765865,-0.027326837,0.7060259,0.1283209,-0.9876047,0.090392254
1356677946823,0.658132,0.15076864,0.7376524,-0.74126637,-0.04183097,0.66990614,0.1318576,-0.98768353,0.08422945
1356677946862,0.609649,0.13712975,0.7807199,-0.78170717,-0.05924201,0.6208255,0.13138506,-0.9887799,0.07107848
1356677946902,0.55078995,0.115900874,0.82655764,-0.82534397,-0.07179046,0.5600478,0.12424895,-0.990663,0.056116596
1356677946942,0.48876563,0.09226349,0.86752266,-0.8653437,-0.0750812,0.495523,0.110853314,-0.9928999,0.043142542
1356677946982,0.43561992,0.072157204,0.89723384,-0.89517987,-0.06967196,0.44022584,0.09427756,-0.99495685,0.034243196
1356677947022,0.4024262,0.05873531,0.91356623,-0.91215074,-0.05895278,0.40559292,0.07767987,-0.99653137,0.029851288
1356677947062,0.39443287,0.05121258,0.9174966,-0.9167975,-0.045967013,0.3966982,0.062490463,-0.9976294,0.028820634
1356677947102,0.41087633,0.046540886,0.9105024,-0.9103912,-0.03236586,0.41248056,0.048666418,-0.99839187,0.029072046
1356677947142,0.44658312,0.04052779,0.8938238,-0.8940314,-0.01959756,0.44757542,0.035656035,-0.9989861,0.027481198
1356677947182,0.49266446,0.02746439,0.86978585,-0.8699071,-0.011231482,0.49308774,0.023311377,-0.99955964,0.018358156
1356677947222,0.5391607,6.581843E-4,0.84220254,-0.8421067,-0.014690727,0.53911084,0.01272741,-0.9998918,-0.007366404
1356677947262,0.5785918,-0.044630617,0.8143953,-0.81559384,-0.039234787,0.5772931,0.006187707,-0.9982328,-0.059101358
1356677947302,0.60842097,-0.10672766,0.7864052,-0.7935935,-0.08901554,0.6019016,0.005762756,-0.9902956,-0.13885729
1356677947342,0.6315549,-0.17450121,0.7554388,-0.77524996,-0.1562314,0.61202884,0.011223435,-0.9721837,-0.2339508
1356677947382,0.6557418,-0.22986773,0.7191409,-0.7547364,-0.22403851,0.61658716,0.019381762,-0.9470837,-0.32040098
1356677947422,0.6895015,-0.25656122,0.6773212,-0.72377336,-0.27918637,0.6310366,0.027199328,-0.9253277,-0.3781916
1356677947489,0.73663145,-0.24684435,0.6296363,-0.6753963,-0.31647298,0.66609657,0.034840733,-0.9159218,-0.39984173
1356677947505,0.7936353,-0.20238364,0.5737455,-0.6068061,-0.33140206,0.7224673,0.043924898,-0.92152786,-0.38581997
1356677947544,0.84767026,-0.13972205,0.5117938,-0.5277831,-0.3200196,0.7867861,0.053852692,-0.9370513,-0.34501404
1356677947584,0.8924127,-0.07274753,0.4453171,-0.4467386,-0.28119868,0.84932446,0.063436314,-0.9568883,-0.2834444
1356677947624,0.9251318,-0.01377967,0.37939593,-0.37276182,-0.22241801,0.9008767,0.0719707,-0.97485405,-0.21090251
1356677947664,0.94864655,0.033138394,0.3145975,-0.30612856,-0.15444821,0.939378,0.07971852,-0.987445,-0.13637215
1356677947703,0.9661983,0.06757503,0.248786,-0.24271041,-0.08687857,0.96620077,0.086905204,-0.99392444,-0.067540765
1356677947742,0.98006105,0.0901565,0.17706501,-0.17544815,-0.025617452,0.98415524,0.093263954,-0.995598,-0.009288877
1356677947783,0.9906591,0.101586446,0.09096477,-0.094169185,0.027196735,0.99518466,0.09862333,-0.99445486,0.036509007
1356677947822,0.9944637,0.10154353,-0.027037293,0.019854642,0.07109085,0.9972723,0.10318865,-0.9922878,0.06868115
1356677947862,0.9717769,0.086419776,-0.21950233,0.20992942,0.107637316,0.97177356,0.1076071,-0.9904271,0.0864574
1356677947902,0.813634,0.03974238,-0.5800175,0.57037306,0.13862437,0.80960345,0.11258012,-0.98954725,0.09012151
1356677947942,0.20620218,-0.05647412,-0.97687835,0.97140646,0.1318855,0.19742274,0.11768681,-0.9896549,0.082054436
1356677947982,-0.39580894,-0.109503925,-0.9117807,0.9104294,0.08318937,-0.4052132,0.1202229,-0.990499,0.06676853
1356677948027,-0.6476364,-0.11192414,-0.75368434,0.7531662,0.055722296,-0.655466,0.115359545,-0.9921532,0.048209608
1356677948063,-0.7527958,-0.10079676,-0.6504911,0.6498674,0.043439984,-0.7588052,0.10474244,-0.9939583,0.03280294
1356677948102,-0.8086246,-0.083509356,-0.5823679,0.58182454,0.033230305,-0.81263524,0.08721493,-0.9959528,0.021716952
1356677948142,-0.842171,-0.06424625,-0.5353696,0.5351283,0.022361279,-0.84447485,0.06622589,-0.9976836,0.015547931
1356677948182,-0.86507034,-0.04555686,-0.49957752,0.49965167,0.010562599,-0.86616194,0.044736445,-0.9989059,0.013625205
1356677948222,-0.8849651,-0.028118297,-0.46480763,0.4650271,-0.0014480352,-0.88529533,0.024219945,-0.99960357,0.01435715
1356677948262,-0.90837026,-0.011114359,-0.4180192,0.41813502,-0.011793315,-0.9083083,0.005165428,-0.9998687,0.015359938
1356677948302,-0.94126976,0.0074118823,-0.3375739,0.33743173,-0.015725315,-0.9412186,-0.012284651,-0.99984884,0.012300789
1356677948343,-0.98191595,0.02725242,-0.18734527,0.18736626,-0.0018043518,-0.9822884,-0.027107783,-0.99962693,-0.003334403
1356677948382,-0.9982689,0.034797825,0.04741509,-0.045846842,0.044560432,-0.9979541,-0.036839474,-0.9984004,-0.042887866
1356677948422,-0.96411574,0.0070198625,0.26538923,-0.26266134,0.120112956,-0.9573828,-0.038597368,-0.9927354,-0.113958895
1356677948486,-0.92554843,-0.049648464,0.37536007,-0.37728477,0.20440608,-0.9032576,-0.031880543,-0.9776263,-0.20791942
1356677948506,-0.9014975,-0.11189821,0.4180684,-0.43230072,0.27848536,-0.85764915,-0.020456538,-0.9538998,-0.29942757
1356677948544,-0.8774455,-0.167482,0.44948775,-0.47959155,0.32393646,-0.8155104,-0.009022161,-0.93113637,-0.3645596
1356677948584,-0.8421043,-0.21325609,0.49536064,-0.53931284,0.33057094,-0.77450925,0.0014169812,-0.9193719,-0.39338696
1356677948624,-0.7871448,-0.24778299,0.5648068,-0.61664367,0.2977577,-0.7287598,0.01239872,-0.92192405,-0.38717228
1356677948662,-0.69764096,-0.26736993,0.6646882,-0.71603763,0.22882324,-0.6594922,0.024232298,-0.93603057,-0.3510834
1356677948702,-0.55133617,-0.26321688,0.79167247,-0.833521,0.13323408,-0.5361823,0.035654485,-0.95549226,-0.29285353
1356677948742,-0.33578068,-0.22360131,0.9150157,-0.9408238,0.032334685,-0.33734983,0.04584515,-0.97414416,-0.22122687
1356677948782,-0.08643898,-0.15005893,0.9848912,-0.99475354,-0.041294724,-0.09359622,0.054715723,-0.9878143,-0.14570218
1356677948822,0.12689391,-0.065986544,0.989719,-0.98996854,-0.07092318,0.12219733,0.06213063,-0.9952968,-0.07432434
1356677948862,0.2653229,0.005916357,0.9641416,-0.9617768,-0.06863758,0.2650934,0.06774464,-0.9976242,-0.012520999
1356677948902,0.32798228,0.05794719,0.94290495,-0.94195986,-0.055682927,0.33107555,0.07168862,-0.9967655,0.036320925
1356677948942,0.31870037,0.09036428,0.9435382,-0.94487315,-0.04861605,0.32380727,0.075131774,-0.9947214,0.06988886
1356677948982,0.22642139,0.10348222,0.9685168,-0.9707614,-0.05741009,0.23308018,0.079722285,-0.9929731,0.08745766
1356677949022,0.021440506,0.09291154,0.9954435,-0.9960943,-0.08331764,0.02923116,0.08565384,-0.99218225,0.09076223
1356677949062,-0.29481733,0.053983867,0.9540276,-0.9513076,-0.11059886,-0.28771845,0.08998221,-0.992398,0.083961666
1356677949102,-0.58738846,0.0066092014,0.80927813,-0.8044907,-0.11367977,-0.58298516,0.088145465,-0.99349546,0.07209116
1356677949143,-0.74647886,-0.018446177,0.6651535,-0.66090286,-0.09558582,-0.7443593,0.07730979,-0.9952503,0.059161603
1356677949182,-0.81072104,-0.020435393,0.58507574,-0.58236146,-0.074080646,-0.8095475,0.059886217,-0.99704283,0.04815799
1356677949222,-0.82547677,-0.009262592,0.5643601,-0.5631014,-0.05520463,-0.82454187,0.03879267,-0.9984321,0.04035437
1356677949262,-0.807085,0.007409781,0.5903889,-0.59018326,-0.039346337,-0.80630994,0.017255038,-0.9991982,0.03612894
1356677949303,-0.7526573,0.025123477,0.6579329,-0.65840554,-0.02416271,-0.75227535,-0.0030023456,-0.9993923,0.034727752
1356677949342,-0.6477989,0.040037006,0.7607586,-0.7615094,-0.0059183836,-0.6481267,-0.021446586,-0.9991807,0.0343225
1356677949401,-0.48182,0.04572323,0.87507653,-0.87545574,0.017927885,-0.4829656,-0.037771016,-0.99879324,0.031390667
1356677949423,-0.28346622,0.032812297,0.95842075,-0.95762336,0.043500602,-0.28471965,-0.051034212,-0.9985145,0.019090831
1356677949485,-0.1267932,-0.00659135,0.99190724,-0.99017453,0.060293555,-0.12617105,-0.058973998,-0.998159,-0.0141714215
1356677949500,-0.04692945,-0.071855396,0.9963104,-0.9971211,0.062839,-0.042435586,-0.059557974,-0.9954336,-0.07459754
1356677949543,-0.056660652,-0.16077131,0.98536396,-0.9970935,0.05946207,-0.04763332,-0.05093369,-0.985199,-0.16367316
1356677949582,-0.09635869,-0.25494137,0.96214336,-0.994686,0.059877843,-0.08375189,-0.036259234,-0.96510077,-0.25935638
1356677949622,-0.11425999,-0.33162242,0.9364674,-0.9932435,0.057391316,-0.100863874,-0.020296335,-0.9416649,-0.33593935
1356677949662,-0.07665709,-0.37666863,0.9231708,-0.9970421,0.03410229,-0.06887683,-0.0055384934,-0.9257201,-0.3781687
1356677949702,0.022039682,-0.38400987,0.9230659,-0.9997208,-0.016330332,0.017076254,0.00851658,-0.9231845,-0.38426256
1356677949742,0.1673336,-0.35087678,0.9213495,-0.985656,-0.080341876,0.14841625,0.021947116,-0.93296874,-0.35928768
1356677949782,0.3255577,-0.2839099,0.901891,-0.9449309,-0.13141973,0.29972383,0.03343168,-0.94980204,-0.31105998
1356677949822,0.4607576,-0.20174703,0.8642919,-0.88652897,-0.15076362,0.43742034,0.042055517,-0.9677646,-0.24832007
1356677949862,0.5565353,-0.123239785,0.8216328,-0.82942176,-0.13984668,0.540835,0.048250258,-0.98247385,-0.18004735
1356677949902,0.6159046,-0.057228357,0.7857394,-0.7860229,-0.11197974,0.6079709,0.05319369,-0.9920612,-0.11395164
1356677949942,0.64807713,-0.004451543,0.7615617,-0.7593818,-0.07960935,0.64575666,0.057752848,-0.9968162,-0.05497341
1356677949982,0.65994155,0.036699146,0.7504201,-0.7487477,-0.050405443,0.6609359,0.06208104,-0.9980544,-0.00578624
1356677950022,0.6546009,0.06755704,0.75294995,-0.75306284,-0.0290609,0.6573065,0.06628713,-0.9972921,0.031851426
1356677950062,0.63172024,0.08877599,0.7700963,-0.7719286,-0.019080058,0.6354228,0.07110378,-0.9958688,0.056475475
1356677950102,0.5877524,0.100244045,0.8028065,-0.8053581,-0.022077858,0.5923773,0.077106565,-0.99471784,0.06775606
1356677950142,0.5159129,0.10090464,0.85067755,-0.8526455,-0.035314053,0.5212953,0.0826419,-0.99426925,0.06781688
1356677950182,0.41040477,0.09025428,0.9074261,-0.9080715,-0.050679952,0.4157374,0.08351043,-0.9946284,0.06115806
1356677950222,0.27896017,0.0716562,0.9576255,-0.9572871,-0.058215797,0.28321773,0.07604325,-0.995729,0.052355677
1356677950262,0.15048647,0.053107202,0.98718464,-0.9867706,-0.05285126,0.15326658,0.060313493,-0.9971893,0.044451177
1356677950302,0.05700344,0.041205257,0.9975233,-0.9975823,-0.037428856,0.05855292,0.039748818,-0.9984494,0.03897208
1356677950342,0.011991799,0.036471516,0.9992628,-0.9997637,-0.017687261,0.012643397,0.01813528,-0.99917823,0.03625071
1356677950382,0.012110293,0.03546083,0.9992977,-0.9999236,0.0029048324,0.012014806,-0.0024767518,-0.9993668,0.035493284
1356677950422,0.04676065,0.033937305,0.9983295,-0.99867296,0.023180276,0.04598877,-0.021580845,-0.99915516,0.034976155
1356677950489,0.101459414,0.02743429,0.9944613,-0.99406534,0.042227894,0.10025406,-0.03924358,-0.99873126,0.03155592
1356677950505,0.15852201,0.0099436045,0.9873054,-0.9858118,0.057486653,0.15770325,-0.055188775,-0.99829674,0.018915415
1356677950545,0.20456737,-0.024822116,0.97853774,-0.9764918,0.06421238,0.20576853,-0.067941844,-0.99762756,-0.011102825
1356677950584,0.22579584,-0.08392027,0.9705533,-0.9713086,0.05697325,0.23089784,-0.07467258,-0.99484247,-0.06864816
1356677950624,0.22468084,-0.16750231,0.9599279,-0.9717287,0.03482014,0.23351887,-0.07253981,-0.9852567,-0.15494338
1356677950664,0.21401653,-0.2617731,0.9411014,-0.9748763,0.0036652982,0.22271681,-0.06175071,-0.96512246,-0.25441194
1356677950702,0.21217477,-0.34321892,0.91497684,-0.9761276,-0.02993977,0.21512431,-0.04644054,-0.9387781,-0.34137797
1356677950742,0.23379572,-0.39188462,0.8898123,-0.97179335,-0.06506364,0.22668111,-0.030938387,-0.9177108,-0.39604247
1356677950782,0.28063446,-0.40053117,0.87224936,-0.9596827,-0.10202287,0.26191667,-0.015916377,-0.9105855,-0.413014
1356677950822,0.34399164,-0.37181288,0.862221,-0.93897265,-0.13568814,0.31610015,-5.3697824E-4,-0.9183377,-0.3957977
1356677950862,0.41007894,-0.31478956,0.85600394,-0.91192997,-0.15674551,0.37922886,0.014797509,-0.93612945,-0.35134408
1356677950902,0.46637535,-0.2417059,0.8509244,-0.88411474,-0.15878911,0.4394622,0.028896898,-0.9572692,-0.2877511
1356677950942,0.5054477,-0.16445002,0.8470412,-0.86188674,-0.14276911,0.4865883,0.040911853,-0.9759986,-0.21389964
1356677950982,0.5251276,-0.09180984,0.8460567,-0.8495308,-0.11540891,0.51476026,0.050382406,-0.9890661,-0.13859968
1356677951022,0.5266211,-0.028611362,0.84961855,-0.84819376,-0.08458014,0.52288973,0.056900203,-0.9960059,-0.0688097
1356677951062,0.51195407,0.02295041,0.85870624,-0.8568895,-0.056598544,0.5123837,0.06036088,-0.9981333,-0.009309903
1356677951102,0.482579,0.061775446,0.8736712,-0.8736762,-0.036322773,0.48515,0.061704576,-0.9974289,0.03644316
1356677951142,0.43894988,0.087010294,0.89428866,-0.8962996,-0.027392983,0.4426022,0.0630081,-0.9958308,0.065963104
1356677951182,0.38065803,0.09810731,0.9194968,-0.9223485,-0.03082341,0.38512734,0.06612584,-0.9946984,0.078755915
1356677951222,0.30785602,0.095360994,0.94664186,-0.9488263,-0.042828023,0.3128807,0.070379436,-0.99452096,0.07729617
1356677951262,0.22307616,0.08120045,0.97141314,-0.97213876,-0.0550676,0.2278459,0.07199457,-0.99517536,0.06665385
1356677951302,0.13314393,0.060875386,0.9892253,-0.98882926,-0.059316665,0.13674083,0.06700176,-0.9963813,0.05229777
1356677951342,0.047724247,0.04089266,0.99802315,-0.9973709,-0.052597284,0.04984817,0.054531813,-0.9977782,0.038275003
1356677951382,-0.024665236,0.026160747,0.99935335,-0.9990107,-0.03764665,-0.023671329,0.0370031,-0.9989485,0.027063489
1356677951422,-0.07949805,0.018415242,0.996665,-0.996681,-0.019050062,-0.07914731,0.01752904,-0.9996489,0.019868553
1356677951488,-0.11615884,0.016700715,0.9930902,-0.99322855,8.8870525E-5,-0.116176516,-0.0020284057,-0.9998605,0.016577303
1356677951505,-0.13620222,0.018668652,0.99050504,-0.9904556,0.018757224,-0.13654897,-0.021128237,-0.99964964,0.015935779
1356677951544,-0.14225698,0.020833462,0.9896105,-0.98904824,0.03672725,-0.14294931,-0.039323866,-0.9991081,0.015380561
1356677951584,-0.13924688,0.017830223,0.99009717,-0.9886755,0.053993523,-0.1400193,-0.05595538,-0.9983821,0.010109901
1356677951624,-0.13393539,4.1258335E-4,0.9909899,-0.98861176,0.06918317,-0.1336428,-0.06861496,-0.9976039,-0.008858204
1356677951662,-0.13321358,-0.04120341,0.99023044,-0.98838735,0.07922357,-0.12966916,-0.073106736,-0.99600494,-0.05127859
1356677951702,-0.14236128,-0.11175451,0.9834857,-0.9876313,0.081997514,-0.13364393,-0.06570813,-0.9903471,-0.12204552
1356677951742,-0.15805084,-0.19996983,0.96697056,-0.98624104,0.08003074,-0.14465019,-0.048461676,-0.97652805,-0.20986736
1356677951783,-0.17186743,-0.28141475,0.94406956,-0.9846879,0.07745874,-0.15617251,-0.029177189,-0.9564549,-0.29041833
1356677951822,-0.1770513,-0.33460948,0.92557514,-0.9841027,0.07351905,-0.1616686,-0.01395154,-0.93948466,-0.3423068
1356677951862,-0.17243284,-0.35165533,0.92011166,-0.98501694,0.06432897,-0.16001058,-0.002921313,-0.9339167,-0.35747898
1356677951902,-0.16075754,-0.3347633,0.9284884,-0.98697925,0.04938656,-0.1530784,0.005390197,-0.94100714,-0.33834368
1356677951942,-0.14724004,-0.29179165,0.945081,-0.9890413,0.0329538,-0.14391446,0.010848969,-0.95591414,-0.29344612
1356677951982,-0.13630903,-0.23118275,0.96331424,-0.9905779,0.018812358,-0.13565215,0.013238251,-0.9727284,-0.23156875
1356677952022,-0.13311863,-0.16264054,0.97766423,-0.99100554,0.008219123,-0.13356787,0.013687998,-0.9866511,-0.16227186
1356677952062,-0.1418218,-0.095219165,0.9853019,-0.98979306,-4.504323E-4,-0.14251173,0.014013648,-0.9954562,-0.094183326
1356677952102,-0.16586995,-0.035939008,0.9854926,-0.9860233,-0.009827673,-0.16631764,0.015662342,-0.99930567,-0.033806622
1356677952142,-0.20742333,0.011120975,0.97818804,-0.978061,-0.022075593,-0.20714542,0.019290417,-0.99969435,0.015456021
1356677952183,-0.26756608,0.04404652,0.96253216,-0.96321523,-0.038139105,-0.2660107,0.02499327,-0.9983012,0.05263102
1356677952223,-0.3463763,0.061352074,0.9360873,-0.9375293,-0.05730921,-0.34315374,0.03259319,-0.9964696,0.07736987
1356677952263,-0.4425394,0.061760366,0.89461976,-0.8957921,-0.076521456,-0.43783665,0.041416705,-0.9951533,0.08918822
1356677952303,-0.54906785,0.046423346,0.8344875,-0.83425486,-0.09068996,-0.54386955,0.05043137,-0.9947966,0.088523805
1356677952340,-0.6540173,0.021000803,0.75618804,-0.75425404,-0.09472424,-0.64971393,0.0579848,-0.995282,0.077791154
1356677952384,-0.74521136,-0.005368918,0.6668067,-0.6639848,-0.086274266,-0.7427523,0.061516017,-0.99625695,0.060727715
1356677952423,-0.8164742,-0.023444116,0.57690567,-0.57432866,-0.06964165,-0.81565714,0.05929905,-0.9972966,0.043396056
1356677952493,-0.86632407,-0.029070914,0.4986356,-0.49695522,-0.050127864,-0.86632717,0.05018045,-0.9983196,0.028980017
1356677952508,-0.90047365,-0.025084376,0.43418658,-0.43333519,-0.03314799,-0.90062296,0.036983967,-0.9991356,0.018978953
1356677952546,-0.9218693,-0.0148355365,0.3872167,-0.3869006,-0.020354748,-0.9218967,0.021558553,-0.99968266,0.013024688
1356677952584,-0.9333396,-0.0021316558,0.35898829,-0.35894084,-0.011767447,-0.93328613,0.006213829,-0.99992853,0.010217965
1356677952625,-0.9357328,0.010845751,0.35254294,-0.35262042,-0.0062735677,-0.9357454,-0.007937163,-0.9999215,0.009694815
1356677952665,-0.92766917,0.02317682,0.37268317,-0.37281668,-0.0015730858,-0.92790365,-0.020919591,-0.9997301,0.010100007
1356677952704,-0.9045578,0.032695055,0.42509556,-0.42510894,0.00688684,-0.905116,-0.03252037,-0.9994417,0.007669449
1356677952744,-0.8633885,0.032620683,0.50348413,-0.5028585,0.0257622,-0.8639847,-0.041154653,-0.99913573,-0.005839169
1356677952784,-0.8101289,0.010025501,0.586166,-0.58466846,0.059617102,-0.8090788,-0.043056935,-0.998171,-0.042435944
1356677952824,-0.7662812,-0.04385054,0.6410072,-0.64157635,0.105850935,-0.75972056,-0.034537047,-0.99341464,-0.109245
1356677952864,-0.74603397,-0.11954582,0.6550895,-0.66570735,0.15803707,-0.729286,-0.016345352,-0.98016995,-0.1974836
1356677952903,-0.73606795,-0.19494186,0.6482296,-0.67688876,0.20482844,-0.70701265,0.0050504804,-0.9591887,-0.28272164
1356677952944,-0.71654963,-0.2548085,0.6493298,-0.6971314,0.22989881,-0.6790834,0.023756087,-0.9392652,-0.34236896
1356677952982,-0.6765442,-0.29541957,0.67454827,-0.7353538,0.22216243,-0.6402333,0.03927812,-0.92917764,-0.36754066
1356677953032,-0.6079242,-0.3155672,0.7285913,-0.7921528,0.17858285,-0.58361113,0.054054648,-0.9319471,-0.35854226
1356677953074,-0.48583728,-0.30580357,0.81880784,-0.87117636,0.09352863,-0.4819795,0.070809096,-0.9474896,-0.31184858
