1356677877363,0.38635603,-0.21991214,0.8957498,-0.8211696,0.36022618,0.44262576,-0.42001128,-0.90657365,-0.04140961
1356677877405,0.2499826,-0.07179415,-0.965585,0.8724064,-0.41589642,0.2567825,-0.4200188,-0.90657365,-0.041333213
1356677877442,0.25031966,-0.07244885,-0.96544874,0.87228644,-0.41578722,0.25736606,-0.4200671,-0.9065716,-0.040883586
1356677877483,0.25131392,-0.074261755,-0.9650526,0.87192786,-0.41550225,0.25903618,-0.420218,-0.90655565,-0.039670646
1356677877523,0.25313628,-0.0774315,-0.96432686,0.8712521,-0.41504192,0.26203027,-0.42052552,-0.9065013,-0.037599787
1356677877564,0.2556516,-0.08169764,-0.96331084,0.87028867,-0.414464,0.26611498,-0.4209986,-0.90639126,-0.034857854
1356677877602,0.2585898,-0.08654159,-0.96210283,0.8691569,-0.41378534,0.27082837,-0.421542,-0.9062518,-0.031782463
1356677877642,0.2620172,-0.09208611,-0.96065974,0.86787045,-0.4128762,0.27628633,-0.42207566,-0.90611994,-0.02826187
1356677877684,0.26607585,-0.09839529,-0.9589171,0.8664348,-0.41158372,0.28264722,-0.4224859,-0.9060447,-0.024259359
1356677877722,0.27069205,-0.10527682,-0.95689213,0.8649297,-0.40979767,0.2897628,-0.42263755,-0.9060809,-0.019871905
1356677877763,0.27554268,-0.11229423,-0.9547074,0.8635144,-0.4074843,0.29715204,-0.42239675,-0.9062817,-0.015311629
1356677877803,0.28010303,-0.11887404,-0.9525814,0.8623959,-0.40472507,0.30409053,-0.42168203,-0.9066789,-0.010848239
1356677877843,0.28383482,-0.12451103,-0.9507548,0.86177146,-0.4016586,0.30987138,-0.42046124,-0.90728575,-0.0067046285
1356677877883,0.28640217,-0.12892401,-0.9493958,0.8617526,-0.39842677,0.31406784,-0.41875553,-0.90809405,-0.0030097067
1356677877922,0.28781027,-0.13213524,-0.94852805,0.8623947,-0.39494443,0.31669292,-0.41646215,-0.909153,2.836585E-4
1356677877963,0.28809023,-0.1340617,-0.9481727,0.86371934,-0.3911904,0.31774035,-0.41351292,-0.910493,0.0030935705
1356677878002,0.28725004,-0.13438445,-0.9483819,0.86570686,-0.38730568,0.31708983,-0.40992558,-0.91210485,0.005083978
1356677878042,0.28531337,-0.13276199,-0.94919467,0.8682517,-0.38359302,0.3146356,-0.40587604,-0.91390955,0.0058265626
1356677878083,0.28248346,-0.1292333,-0.9505272,0.8710844,-0.38044697,0.31059954,-0.40176502,-0.91572857,0.005103141
1356677878122,0.27905506,-0.12403041,-0.9522314,0.8738049,-0.37844062,0.3053646,-0.3982376,-0.91727805,0.0027726442
1356677878163,0.27500284,-0.11670965,-0.9543334,0.876054,-0.37853014,0.29873776,-0.39610958,-0.9182013,-0.0018528551
1356677878203,0.2697568,-0.10568017,-0.9571117,0.87769336,-0.3818671,0.28953722,-0.39608786,-0.9181553,-0.010256454
1356677878254,0.2623132,-0.08842933,-0.9609225,0.8788733,-0.38929296,0.27574024,-0.39846388,-0.9168594,-0.02439849
1356677878284,0.2525732,-0.063993216,-0.96545935,0.8797925,-0.4000997,0.2566816,-0.40270582,-0.91423476,-0.0447537
1356677878324,0.2417258,-0.03364992,-0.96976095,0.880425,-0.41255563,0.233773,-0.40794677,-0.91031075,-0.07009916
1356677878364,0.23243493,-9.262264E-4,-0.97261155,0.88039255,-0.42481983,0.21080095,-0.4133799,-0.90527743,-0.097927526
1356677878404,0.22790796,0.029971838,-0.9732213,0.87917954,-0.4358921,0.19246134,-0.41845107,-0.89949965,-0.12569387
1356677878434,0.23157352,0.053655982,-0.9713366,0.8762098,-0.4452989,0.18429655,-0.42264655,-0.8937728,-0.15013331
1356677878474,0.23782766,0.07524383,-0.9683885,0.8726673,-0.4543169,0.17901888,-0.42648524,-0.8876567,-0.17371194
1356677878504,0.25290322,0.08997032,-0.96329916,0.86682713,-0.4632951,0.18430471,-0.42970988,-0.8816252,-0.19515751
1356677878545,0.26694497,0.10729149,-0.9577207,0.8612336,-0.47250804,0.1871171,-0.43245465,-0.87477124,-0.21853667
1356677878584,0.28282624,0.12750837,-0.9506581,0.8552979,-0.4821257,0.18979019,-0.43413684,-0.86677355,-0.24541545
1356677878614,0.29913914,0.14832485,-0.942611,0.84951836,-0.49126577,0.19229275,-0.43455073,-0.85828763,-0.2729615
1356677878654,0.30580544,0.18270701,-0.93439883,0.8481737,-0.49813157,0.18018427,-0.4325326,-0.84763384,-0.3072986
1356677878684,0.30901426,0.22023675,-0.92520595,0.8488363,-0.50261885,0.16386345,-0.4289372,-0.83598447,-0.3422613
1356677878714,0.30522445,0.26345003,-0.9151132,0.85280335,-0.50323737,0.13956586,-0.42375055,-0.82301044,-0.3782714
1356677878762,0.2942115,0.31229848,-0.9032769,0.8599258,-0.49895215,0.10758391,-0.41709372,-0.8084036,-0.415351
1356677878783,0.27013198,0.37586284,-0.8864287,0.87228215,-0.48530266,0.060043246,-0.40761817,-0.7894355,-0.45895422
1356677878820,0.23807344,0.44330737,-0.8641757,0.8866217,-0.4624417,0.0070323944,-0.39651334,-0.7678712,-0.50314105
1356677878850,0.20728129,0.4994654,-0.8411711,0.8987178,-0.43688244,-0.037947387,-0.3864463,-0.7481097,-0.539436
1356677878893,0.18482074,0.5370293,-0.82306796,0.9066883,-0.4162816,-0.06801459,-0.3791539,-0.7336955,-0.56385565
1356677878933,0.17905706,0.5472797,-0.81757176,0.90949297,-0.40897518,-0.07457775,-0.37518147,-0.73022205,-0.570977
1356677878974,0.19766673,0.5224298,-0.82945454,0.90646946,-0.4195105,-0.04820755,-0.37314996,-0.7423463,-0.55648994
1356677879013,0.23544607,0.46749985,-0.8520616,0.89826035,-0.43940595,0.0071235,-0.37107074,-0.7670504,-0.52339303
1356677879054,0.2914812,0.37990925,-0.8778995,0.88326705,-0.45924276,0.09452695,-0.36725733,-0.8029726,-0.469422
1356677879093,0.34967068,0.27780396,-0.8947376,0.8647359,-0.4631898,0.19413155,-0.3605028,-0.8415938,-0.40219092
1356677879134,0.40249062,0.17318285,-0.89889324,0.8460772,-0.44527876,0.29305318,-0.3495063,-0.87848425,-0.32574666
1356677879173,0.44261956,0.080611944,-0.89307874,0.83220154,-0.407847,0.37563467,-0.3339588,-0.90948474,-0.24760646
1356677879213,0.4686009,0.0073075294,-0.88337976,0.8254754,-0.35978463,0.4349085,-0.31464833,-0.93300676,-0.1746276
1356677879261,0.48329982,-0.04879707,-0.87409395,0.82590604,-0.30572167,0.47372323,-0.29034573,-0.95086974,-0.10745348
1356677879302,0.48369503,-0.085273325,-0.8710726,0.8334519,-0.25896263,0.48815578,-0.26720196,-0.9621157,-0.05418767
1356677879344,0.47733375,-0.10852909,-0.87199426,0.8433082,-0.22230181,0.4892987,-0.24694899,-0.9689187,-0.014588684
1356677879383,0.4652772,-0.12166914,-0.8767632,0.85454965,-0.19650948,0.4807588,-0.23078582,-0.97292376,0.012540951
1356677879422,0.44835234,-0.12602484,-0.8849282,0.8666482,-0.18111753,0.4648841,-0.21886304,-0.9753533,0.02801478
1356677879463,0.42723578,-0.12287277,-0.8957522,0.87914735,-0.17487556,0.44330412,-0.21111515,-0.9768935,0.033310145
1356677879502,0.4044478,-0.11521354,-0.9072749,0.8904835,-0.17652327,0.4193789,-0.20847327,-0.97753024,0.031201333
1356677879542,0.38409838,-0.10711101,-0.9170581,0.89848864,-0.18531558,0.39796534,-0.21257159,-0.97682416,0.025058582
1356677879582,0.37062642,-0.102015406,-0.92316246,0.9013128,-0.20043984,0.38400427,-0.22421286,-0.97438025,0.01765944
1356677879622,0.36770624,-0.1020768,-0.92432266,0.8977332,-0.22036368,0.3814643,-0.24262577,-0.97006196,0.010608643
1356677879662,0.37766558,-0.10843712,-0.9195707,0.88695085,-0.24279314,0.39289933,-0.26587024,-0.9639985,0.0044837147
1356677879702,0.40102884,-0.12149426,-0.907973,0.86838055,-0.26519975,0.4190278,-0.29170364,-0.9565084,-8.495301E-4
1356677879743,0.4361125,-0.14071953,-0.8888216,0.8417234,-0.28555676,0.45821285,-0.31828853,-0.9479743,-0.006087944
1356677879782,0.47883797,-0.16417345,-0.86241597,0.8074398,-0.30325276,0.50604224,-0.34460872,-0.9386612,-0.012648761
1356677879822,0.5232539,-0.18756515,-0.8312789,0.7676227,-0.31988716,0.5553626,-0.3700821,-0.92870426,-0.02340296
1356677879862,0.56246024,-0.20281592,-0.8015635,0.7271216,-0.34018028,0.59629834,-0.39361486,-0.91822827,-0.043866068
1356677879902,0.5900332,-0.19676471,-0.7830355,0.69400597,-0.3719919,0.6164234,-0.41257322,-0.9071415,-0.08293167
1356677879942,0.60120773,-0.15373272,-0.7841655,0.678269,-0.42066488,0.6024883,-0.4224931,-0.8940958,-0.14863482
1356677879982,0.5916888,-0.06410435,-0.8036137,0.68851066,-0.47835225,0.54509836,-0.41935354,-0.8758252,-0.23889914
1356677880042,0.5437491,0.09620902,-0.833715,0.73959696,-0.5244452,0.42184538,-0.39665252,-0.8459912,-0.35632247
1356677880082,0.49886054,0.21025428,-0.84079206,0.77980137,-0.5322498,0.32957536,-0.37821683,-0.82006294,-0.429475
1356677880122,0.4804709,0.2532489,-0.8396503,0.7947761,-0.53050125,0.29478693,-0.37078103,-0.8089706,-0.45616663
1356677880162,0.4858579,0.23727354,-0.8412154,0.790552,-0.5297906,0.3071635,-0.37278616,-0.8142624,-0.44498003
1356677880202,0.5025233,0.1836004,-0.84484386,0.7769506,-0.524539,0.3481474,-0.3792336,-0.83135414,-0.40624154
1356677880257,0.5186134,0.1128687,-0.84752625,0.76341057,-0.50750333,0.39955544,-0.38502508,-0.8542254,-0.3493632
1356677880285,0.52588344,0.043543458,-0.84944135,0.75777733,-0.47755155,0.4446549,-0.38629025,-0.877524,-0.28413266
1356677880325,0.52183884,-0.013713747,-0.8529339,0.7630056,-0.43960583,0.47388738,-0.38145342,-0.89808613,-0.21893974
1356677880364,0.5082102,-0.057374895,-0.8593198,0.7774032,-0.39883107,0.48639295,-0.37063015,-0.9152278,-0.15808661
1356677880405,0.48680905,-0.08904281,-0.86895823,0.7979624,-0.35935536,0.48385912,-0.35534897,-0.928943,-0.10388464
1356677880446,0.45976788,-0.1108014,-0.8810996,0.8215733,-0.3235526,0.46939427,-0.33709165,-0.9397003,-0.05772762
1356677880485,0.42726928,-0.122413754,-0.89579904,0.84610903,-0.2950617,0.4438898,-0.3186542,-0.9476041,-0.022495449
1356677880526,0.39078847,-0.12255499,-0.9122854,0.86990047,-0.27484253,0.40955424,-0.30092782,-0.95364654,-7.946044E-4
1356677880565,0.34982836,-0.11297524,-0.92997676,0.8921058,-0.2628345,0.36751208,-0.28594977,-0.9582038,0.008838937
1356677880606,0.30739948,-0.096235424,-0.94670177,0.9109539,-0.25783333,0.32200152,-0.27507925,-0.9613847,0.008408248
1356677880645,0.26586145,-0.07762918,-0.9608805,0.92534554,-0.25891292,0.27694693,-0.27028358,-0.96277606,0.0029988885
1356677880683,0.22891521,-0.061733395,-0.9714868,0.9345163,-0.265472,0.23707318,-0.27253792,-0.9621401,-0.0030796826
1356677880726,0.19916922,-0.050925285,-0.97864103,0.93820226,-0.27852112,0.20543262,-0.28303394,-0.959079,-0.007694602
1356677880764,0.17719746,-0.045051813,-0.9831436,0.9380224,-0.2945916,0.18256438,-0.2978508,-0.95456064,-0.00994128
1356677880804,0.16332155,-0.044711173,-0.9855592,0.93432677,-0.3137676,0.16906607,-0.3167957,-0.9484465,-0.009470195
1356677880842,0.15727597,-0.049438328,-0.98631644,0.92775905,-0.33485734,0.16472304,-0.33841893,-0.940971,-0.006798178
1356677880883,0.15782303,-0.05759877,-0.98578614,0.91880095,-0.3571989,0.16796964,-0.36179656,-0.9322507,-0.0034524351
1356677880924,0.16240579,-0.06446454,-0.9846159,0.9081075,-0.38055223,0.17470163,-0.38595986,-0.92250973,-0.003263101
1356677880963,0.16609067,-0.058869332,-0.9843517,0.89719164,-0.40522236,0.17561841,-0.40921992,-0.91232073,-0.014486536
1356677881004,0.1619888,-0.024479687,-0.9864889,0.88906807,-0.4301324,0.15666527,-0.42815596,-0.9024338,-0.047912434
1356677881044,0.14005661,0.05912891,-0.98837644,0.8882582,-0.4485414,0.09903586,-0.4374718,-0.89180404,-0.115342975
1356677881084,0.099862635,0.17496675,-0.97949684,0.8947689,-0.44638163,0.011487544,-0.43521953,-0.8775705,-0.20113158
1356677881126,0.047215223,0.29410997,-0.9546046,0.90558505,-0.41589576,-0.083345175,-0.4215287,-0.8605405,-0.2859781
1356677881165,-0.0053279996,0.37790513,-0.92582905,0.9148402,-0.3720008,-0.1571081,-0.40378106,-0.84782267,-0.3437408
1356677881206,-0.044992685,0.41023827,-0.91086787,0.9215381,-0.33496517,-0.19638199,-0.3856724,-0.8482352,-0.36297923
1356677881258,-0.07623714,0.4056273,-0.91085356,0.92607623,-0.30977267,-0.21546131,-0.36955458,-0.8599461,-0.35202563
1356677881285,-0.09403324,0.36870685,-0.92477727,0.93030965,-0.29823112,-0.21349993,-0.35451624,-0.8804053,-0.31496787
1356677881324,-0.10365033,0.31264982,-0.94419634,0.93482184,-0.29355967,-0.19982708,-0.33965385,-0.9033675,-0.26184428
1356677881365,-0.107738614,0.24766615,-0.9628364,0.9398092,-0.29051417,-0.17988962,-0.32427016,-0.92426354,-0.20145935
1356677881406,-0.10944897,0.18195808,-0.97719604,0.94489276,-0.2861163,-0.15910703,-0.30854255,-0.9407596,-0.1406157
1356677881444,-0.11211085,0.12166035,-0.98621994,0.9493376,-0.28010648,-0.14247221,-0.29357988,-0.9522285,-0.08409375
1356677881485,-0.118222415,0.070614696,-0.99047315,0.9525198,-0.27378947,-0.13321182,-0.28058782,-0.9591938,-0.03489387
1356677881525,-0.13007724,0.031752765,-0.9909953,0.95399916,-0.26828772,-0.13381743,-0.270121,-0.9628153,0.004606098
1356677881565,-0.14973962,0.007436782,-0.9886975,0.9534395,-0.2636763,-0.14638308,-0.2617847,-0.96458256,0.032392263
1356677881604,-0.17666179,-0.0019796789,-0.9842697,0.95074713,-0.25910985,-0.17012379,-0.25469714,-0.9658458,0.047656953
1356677881645,-0.20861107,0.0010756552,-0.9779981,0.94583595,-0.25412208,-0.2020303,-0.24874824,-0.96717155,0.051995248
1356677881704,-0.2411648,0.012373507,-0.97040534,0.93891263,-0.24999726,-0.23652592,-0.24552536,-0.96816754,0.048672915
1356677881726,-0.26865798,0.025974005,-0.9628854,0.9310355,-0.2493037,-0.2664965,-0.24697292,-0.96807694,0.042794764
1356677881764,-0.2875824,0.039061308,-0.956959,0.9232084,-0.25463343,-0.28783342,-0.25491688,-0.9662484,0.037166327
1356677881800,-0.29393595,0.048744112,-0.9545814,0.9175017,-0.2655707,-0.29607925,-0.26794097,-0.9628583,0.03333795
1356677881844,-0.2864619,0.053664356,-0.95658755,0.9146291,-0.28198957,-0.28971642,-0.28529513,-0.9579155,0.03169626
1356677881882,-0.26108027,0.051204443,-0.96395814,0.91584235,-0.30245072,-0.26411435,-0.30507365,-0.95178866,0.03206867
1356677881922,-0.21653831,0.03988722,-0.975459,0.92002964,-0.32590348,-0.21756014,-0.32658327,-0.94456124,0.03387314
1356677881962,-0.15178639,0.019482106,-0.9882213,0.92460334,-0.35061276,-0.14892706,-0.34938446,-0.9363178,0.035205096
1356677882002,-0.07091808,-0.0052836537,-0.9974682,0.9253261,-0.37376463,-0.0638091,-0.37248117,-0.92750853,0.031395763
1356677882043,0.01241982,-0.019690722,-0.9997289,0.9192083,-0.39330465,0.019166023,-0.39357546,-0.9191972,0.013215154
1356677882084,0.07970148,-0.004415542,-0.99680895,0.90925825,-0.4095081,0.07451519,-0.4085304,-0.9122957,-0.028623492
1356677882124,0.10581666,0.06465408,-0.99228156,0.90500593,-0.41973943,0.06916067,-0.41202816,-0.905339,-0.102927804
1356677882163,0.095071375,0.16994768,-0.9808564,0.90993875,-0.41441864,0.016393512,-0.40369907,-0.8940778,-0.19404137
1356677882204,0.062514365,0.2777169,-0.95862675,0.9199208,-0.38856316,-0.052577645,-0.38708875,-0.8785738,-0.27976832
1356677882260,0.035044104,0.34954306,-0.93626475,0.9286308,-0.35762027,-0.09875479,-0.3693463,-0.8659835,-0.33712894
1356677882285,0.027252644,0.37413204,-0.9269749,0.9350594,-0.3374162,-0.108692676,-0.35344175,-0.8638145,-0.3590312
1356677882324,0.03812781,0.35781178,-0.933015,0.9397745,-0.3302106,-0.08823192,-0.33966184,-0.87345964,-0.34885257
1356677882365,0.058538377,0.31298003,-0.947954,0.94301724,-0.3289107,-0.05036083,-0.32755417,-0.89098895,-0.3143995
1356677882405,0.07895109,0.25121334,-0.9647064,0.9453627,-0.3259342,-0.0075065494,-0.31631657,-0.9114048,-0.26322055
1356677882445,0.087492526,0.18677577,-0.9784987,0.9482342,-0.31663692,0.024346769,-0.3052815,-0.9299762,-0.20481053
1356677882484,0.08264303,0.12572387,-0.98861706,0.9521897,-0.30273062,0.04109922,-0.29411745,-0.94474745,-0.14473161
1356677882525,0.06240189,0.072788835,-0.99539334,0.95702255,-0.2873819,0.038981378,-0.2832206,-0.9550463,-0.087593704
1356677882564,0.029404879,0.029306471,-0.9991378,0.9614954,-0.27407324,0.02025801,-0.27324325,-0.96126217,-0.03623712
1356677882604,-0.013559282,-0.0035173893,-0.9999019,0.96423465,-0.26477182,-0.012144148,-0.26470312,-0.9643047,0.0069817007
1356677882645,-0.064391434,-0.023628145,-0.9976449,0.9641113,-0.25950783,-0.056080878,-0.25757155,-0.9654519,0.039490223
1356677882684,-0.12067062,-0.029364377,-0.9922582,0.9603962,-0.25634444,-0.10920969,-0.25115296,-0.96613944,0.059134632
1356677882725,-0.17834651,-0.022248149,-0.98371625,0.952926,-0.25304013,-0.16704139,-0.24520329,-0.9671999,0.06632966
1356677882764,-0.2317009,-0.006579995,-0.97276485,0.94245017,-0.24930006,-0.22279394,-0.24104431,-0.96840394,0.06396434
1356677882805,-0.275936,0.012027621,-0.96110076,0.93046457,-0.24740255,-0.27023634,-0.24102908,-0.9688381,0.057076007
1356677882845,-0.30863833,0.029718488,-0.95071507,0.91854477,-0.25025755,-0.30601746,-0.24701807,-0.9677231,0.04994136
1356677882885,-0.32858038,0.043812573,-0.9434593,0.9085579,-0.25819713,-0.3284155,-0.2579873,-0.96509826,0.045032322
1356677882926,-0.3370278,0.05439505,-0.9399221,0.90075755,-0.27185702,-0.33871746,-0.27394894,-0.9607991,0.04262662
1356677882965,-0.33253896,0.060424417,-0.9411518,0.8967148,-0.2888283,-0.33538148,-0.29209656,-0.9554721,0.041863263
1356677883005,-0.31721187,0.062283397,-0.9463073,0.89551646,-0.30874813,-0.3205073,-0.31213287,-0.9491024,0.042162746
1356677883042,-0.28976244,0.05955726,-0.9552438,0.8971716,-0.33071297,-0.29276615,-0.33334783,-0.94185024,0.042395085
1356677883084,-0.25243282,0.05535376,-0.96602976,0.9000059,-0.3532006,-0.25541866,-0.35534072,-0.9339086,0.039340794
1356677883123,-0.2124682,0.0599913,-0.97532475,0.9013161,-0.37353355,-0.21932155,-0.37747386,-0.92567474,0.025292873
1356677883163,-0.18307072,0.09006649,-0.9789654,0.89898294,-0.38768905,-0.20378172,-0.39788797,-0.9173796,-0.009993792
1356677883203,-0.18562263,0.16796526,-0.9681591,0.89138675,-0.38582623,-0.23783997,-0.41348997,-0.90715265,-0.07810396
1356677883260,-0.2245282,0.28683746,-0.9312956,0.8790324,-0.35286254,-0.32060897,-0.420582,-0.89062464,-0.17291182
1356677883285,-0.28646934,0.41289514,-0.86455363,0.862125,-0.28254718,-0.420604,-0.41794246,-0.8658434,-0.27502614
1356677883324,-0.345208,0.5055144,-0.7907506,0.84434533,-0.2005856,-0.49683636,-0.40977117,-0.8391785,-0.3575849
1356677883365,-0.3868807,0.5537803,-0.7373267,0.83052087,-0.13819247,-0.539572,-0.4006974,-0.82111514,-0.40646207
1356677883404,-0.40877336,0.5644278,-0.71716505,0.8242503,-0.10903978,-0.55562747,-0.39181107,-0.8182491,-0.42065722
1356677883447,-0.4122917,0.54603195,-0.7292905,0.82680595,-0.111944735,-0.55123526,-0.3826323,-0.8302514,-0.4053086
1356677883486,-0.40022153,0.50492245,-0.76477194,0.8370405,-0.13832515,-0.529367,-0.37307647,-0.8520091,-0.36727977
1356677883526,-0.37641436,0.44597507,-0.8120459,0.8523586,-0.17676258,-0.4921787,-0.36303872,-0.87741745,-0.31359464
1356677883565,-0.34483153,0.37292957,-0.86140287,0.8703066,-0.2167685,-0.44224197,-0.3516501,-0.9021835,-0.24981445
1356677883605,-0.3174072,0.29696104,-0.9005925,0.8858303,-0.24611682,-0.39335886,-0.33846325,-0.9226271,-0.18493783
1356677883645,-0.29756147,0.22377953,-0.9281056,0.898427,-0.2631958,-0.3515065,-0.32293347,-0.93842995,-0.12273264
1356677883684,-0.29348373,0.16165298,-0.9421972,0.9057937,-0.26807326,-0.32813787,-0.30562234,-0.94973946,-0.06774908
1356677883725,-0.3076049,0.11562759,-0.94446254,0.9070386,-0.26428515,-0.32777178,-0.2875069,-0.9574882,-0.023583233
1356677883765,-0.3387226,0.08765927,-0.9367939,0.90147257,-0.2549191,-0.34980488,-0.2694703,-0.96298087,0.0073243976
1356677883805,-0.38216066,0.07617906,-0.9209506,0.8887999,-0.242504,-0.38887867,-0.2529586,-0.96715486,0.024967551
1356677883844,-0.42995572,0.077243,-0.8995397,0.8703464,-0.22947085,-0.43570665,-0.24007344,-0.9702457,0.03143418
1356677883885,-0.47603208,0.08650014,-0.8751635,0.8477839,-0.21941203,-0.48282582,-0.23378593,-0.97179013,0.031113744
1356677883925,-0.5159049,0.100767106,-0.8506986,0.82340896,-0.21560228,-0.52489376,-0.23630461,-0.97126806,0.028257728
1356677883965,-0.54642886,0.11645311,-0.8293698,0.80052114,-0.21840888,-0.55808914,-0.24613297,-0.968884,0.026121736
1356677884006,-0.5669049,0.13246253,-0.81306374,0.7807499,-0.22843462,-0.5815903,-0.2627708,-0.9645058,0.026080549
1356677884044,-0.5757513,0.14620027,-0.80444765,0.7673919,-0.24292225,-0.59337884,-0.28217033,-0.95896524,0.027669847
1356677884085,-0.57535577,0.1586453,-0.80236995,0.7591357,-0.26156038,-0.59606975,-0.3044318,-0.9520598,0.030056894
1356677884124,-0.56511396,0.17016467,-0.8072734,0.7565365,-0.28342712,-0.5893401,-0.32908797,-0.943776,0.031432807
1356677884165,-0.54688233,0.18319517,-0.8169206,0.75778943,-0.30650246,-0.5760308,-0.35591418,-0.9340748,0.028797328
1356677884205,-0.5255614,0.20509857,-0.8256632,0.7587931,-0.3258795,-0.56394637,-0.3847313,-0.922896,0.015642285
1356677884260,-0.5093013,0.24563104,-0.82478946,0.7548817,-0.33269608,-0.5652141,-0.41323835,-0.9104827,-0.015979886
1356677884286,-0.51786083,0.32282406,-0.79221505,0.73486084,-0.30621952,-0.6051522,-0.43794936,-0.89555246,-0.07865167
1356677884325,-0.5537389,0.4233926,-0.717016,0.69829375,-0.23296118,-0.67684186,-0.45360672,-0.8754815,-0.16665274
1356677884366,-0.60635066,0.5167842,-0.6043782,0.6508914,-0.114068925,-0.75055224,-0.4568143,-0.84848243,-0.26720458
1356677884404,-0.6547352,0.57249075,-0.49353433,0.60661083,0.008440852,-0.7949542,-0.45093805,-0.81986773,-0.3528056
1356677884445,-0.69200593,0.59186816,-0.41330364,0.5705745,0.097703636,-0.81541324,-0.44223586,-0.80009127,-0.40531635
1356677884484,-0.71822006,0.5878053,-0.37235045,0.54395795,0.1406179,-0.8272463,-0.43390054,-0.79668784,-0.42073596
1356677884531,-0.73366934,0.5703465,-0.36937013,0.5294155,0.13902473,-0.8368939,-0.42596784,-0.8095536,-0.4039485
1356677884584,-0.7344504,0.54338443,-0.40659076,0.5353197,0.09559643,-0.83922243,-0.41715175,-0.83402324,-0.36109525
1356677884603,-0.71558225,0.5069175,-0.48060045,0.56825256,0.022316933,-0.82255155,-0.4062402,-0.8617057,-0.30402672
1356677884644,-0.65501356,0.45000857,-0.6070005,0.64659697,-0.08185625,-0.75842726,-0.39098552,-0.8892648,-0.23735726
1356677884680,-0.537602,0.36161315,-0.76172173,0.7570907,-0.19069082,-0.62486047,-0.37121108,-0.9126187,-0.17125821
1356677884724,-0.37193716,0.24518073,-0.89529276,0.86084497,-0.26973677,-0.43149513,-0.34728765,-0.93119735,-0.11073744
1356677884765,-0.2260409,0.13727668,-0.9643966,0.9197384,-0.29607832,-0.25771874,-0.3209157,-0.9452475,-0.059332877
1356677884802,-0.16127676,0.070301294,-0.98440206,0.94157875,-0.2878676,-0.174819,-0.2956675,-0.95508635,-0.01976785
1356677884843,-0.17188305,0.04193306,-0.9842245,0.9467702,-0.26901072,-0.17680335,-0.27218086,-0.9622239,0.0065374374
1356677884883,-0.24774057,0.04457262,-0.9678005,0.9355403,-0.24859113,-0.25093147,-0.2517713,-0.96758235,0.019886643
1356677884924,-0.35877645,0.06649059,-0.9310523,0.90303874,-0.22770202,-0.3642428,-0.23622122,-0.9714581,0.021650553
1356677884963,-0.47278976,0.0953601,-0.87600017,0.85111254,-0.20803702,-0.48200417,-0.2282044,-0.9734614,0.017195582
1356677885003,-0.56942725,0.12589899,-0.81234366,0.7892668,-0.19252366,-0.5830889,-0.22980565,-0.97318244,0.010260284
1356677885052,-0.6489926,0.16153231,-0.7434487,0.72029674,-0.184115,-0.6687857,-0.24491054,-0.9695406,0.0031380653
1356677885095,-0.6914973,0.19056968,-0.6967889,0.6724071,-0.18272012,-0.7172741,-0.26400802,-0.96451885,-0.0017899871
1356677885134,-0.70826703,0.21423715,-0.6726517,0.645712,-0.18851918,-0.7399436,-0.28533113,-0.95841694,-0.004813552
1356677885173,-0.69680667,0.22939438,-0.6795871,0.64845246,-0.20346206,-0.7335616,-0.3065451,-0.95183057,-0.0069776177
1356677885212,-0.6580146,0.23576675,-0.71514386,0.67790914,-0.22796154,-0.6989082,-0.32780463,-0.9446944,-0.009826362
1356677885255,-0.57926923,0.22960228,-0.7821317,0.7363613,-0.2641216,-0.62290585,-0.34959844,-0.93676174,-0.01607275
1356677885294,-0.43886966,0.20376101,-0.8751428,0.8182794,-0.31175107,-0.48293912,-0.37123087,-0.9280586,-0.029915333
1356677885334,-0.25207484,0.16909865,-0.952819,0.8853456,-0.3571946,-0.29761624,-0.39066827,-0.91859555,-0.059670985
1356677885374,-0.09788549,0.16646129,-0.9811774,0.9098237,-0.3845545,-0.15600851,-0.40328556,-0.9079695,-0.113808185
1356677885414,-0.07717991,0.2447303,-0.96651447,0.91158456,-0.37529862,-0.16782263,-0.40380284,-0.89401233,-0.19412684
1356677885454,-0.164558,0.37379315,-0.9127976,0.9056312,-0.3094275,-0.2899774,-0.3908362,-0.87437594,-0.28759998
1356677885495,-0.23911792,0.4718749,-0.8486205,0.89735466,-0.22646189,-0.37877387,-0.37091404,-0.8520852,-0.36928803
1356677885537,-0.2394923,0.514951,-0.82308507,0.90489495,-0.18884832,-0.3814466,-0.3518645,-0.836159,-0.4207489
1356677885574,-0.16963544,0.51323855,-0.84131444,0.92586136,-0.20948556,-0.31447816,-0.33764553,-0.8322872,-0.4396516
1356677885615,-0.020581365,0.4577791,-0.8888277,0.9445767,-0.28244013,-0.16733935,-0.32764503,-0.84301007,-0.42659456
1356677885654,0.16595799,0.35306668,-0.9207616,0.9325758,-0.35971242,0.03015539,-0.32056248,-0.86368454,-0.3889586
1356677885695,0.33105278,0.22811493,-0.91562426,0.8895205,-0.3992548,0.22214603,-0.31489256,-0.8880086,-0.33508733
1356677885735,0.4442017,0.11458534,-0.8885691,0.841007,-0.3952316,0.36945802,-0.30885613,-0.9114067,-0.27192962
1356677885775,0.5013696,0.031112254,-0.86467373,0.81110954,-0.36480585,0.45718482,-0.30121398,-0.9305637,-0.208138
1356677885814,0.5212628,-0.027219474,-0.852962,0.8021261,-0.32558763,0.500586,-0.29133964,-0.9451199,-0.14788325
1356677885855,0.5121859,-0.06475097,-0.8564303,0.81217766,-0.287804,0.50748026,-0.27934393,-0.95549786,-0.094819844
1356677885896,0.48022327,-0.085503876,-0.8729689,0.8361007,-0.25626174,0.48504177,-0.26518145,-0.96281826,-0.05157301
1356677885936,0.4259298,-0.09092456,-0.90017575,0.8694923,-0.23392972,0.43504024,-0.2501337,-0.96799254,-0.020579427
1356677885974,0.35552067,-0.08346999,-0.93093383,0.90457577,-0.21997237,0.36517787,-0.23526108,-0.9719285,-0.0026998222
1356677886014,0.27400148,-0.06695032,-0.9593961,0.93543816,-0.2131061,0.2820305,-0.22333518,-0.9747325,0.0042365193
1356677886054,0.19213837,-0.047437638,-0.9802207,0.9568447,-0.21284008,0.19785678,-0.21801606,-0.97593486,0.00449571
1356677886094,0.12006414,-0.02980256,-0.99231875,0.96760416,-0.22010088,0.12368423,-0.22209635,-0.9750218,0.0024108887
1356677886135,0.064544916,-0.016627014,-0.99777627,0.9697544,-0.23480827,0.066645116,-0.23539421,-0.9718995,9.6842647E-4
1356677886176,0.029554605,-0.009111255,-0.9995216,0.96617293,-0.25603712,0.030902445,-0.25619623,-0.966624,0.0012359619
1356677886214,0.017271101,-0.008197635,-0.99981725,0.95944405,-0.2812661,0.018879801,-0.28136945,-0.95959485,0.0030074418
1356677886254,0.02834791,-0.015169889,-0.9994829,0.9508085,-0.30815864,0.031644523,-0.30847937,-0.95121396,0.0056880414
1356677886293,0.061743557,-0.030890435,-0.9976139,0.93983376,-0.33468795,0.06853086,-0.33600628,-0.9418226,0.008367002
1356677886335,0.11199093,-0.053121924,-0.99228835,0.9250822,-0.3590805,0.12362927,-0.3628788,-0.93179363,0.008928359
1356677886374,0.16539901,-0.071442425,-0.9836357,0.90639365,-0.38208926,0.18016228,-0.38870782,-0.9213598,0.0015577525
1356677886414,0.20965391,-0.0718776,-0.9751302,0.8872212,-0.40517366,0.22061902,-0.41095462,-0.9114098,-0.021174878
1356677886454,0.22055364,-0.025323302,-0.97504604,0.8777355,-0.4308055,0.20973071,-0.4253663,-0.90208936,-0.07278854
1356677886493,0.19561481,0.07073897,-0.97812617,0.88209957,-0.44852227,0.14397302,-0.42852685,-0.89096797,-0.15013641
1356677886534,0.1352861,0.2052255,-0.96931946,0.89802206,-0.43875277,0.032441944,-0.4186337,-0.8748591,-0.24365413
1356677886582,0.06730789,0.3279376,-0.94229865,0.91390634,-0.3991887,-0.07364532,-0.40030602,-0.8562157,-0.3265728
1356677886624,0.021997511,0.3960442,-0.917968,0.9231754,-0.36048645,-0.13340443,-0.38374907,-0.84451085,-0.37354803
1356677886664,0.009917825,0.40806538,-0.9128989,0.92873245,-0.3421292,-0.14284173,-0.3706181,-0.8464221,-0.38237673
1356677886703,0.019918144,0.3819307,-0.92397636,0.9327556,-0.33982408,-0.12036073,-0.35995883,-0.8594467,-0.36301666
1356677886745,0.049402386,0.32305837,-0.94508874,0.9355054,-0.34640726,-0.06951049,-0.3498415,-0.88070166,-0.31933618
1356677886783,0.08004564,0.2538906,-0.963915,0.9373386,-0.34814388,-0.013860762,-0.3391002,-0.9024053,-0.26584885
1356677886824,0.109368145,0.18091697,-0.9773984,0.9388992,-0.34164172,0.041822106,-0.3263538,-0.92225266,-0.20722756
1356677886862,0.13043791,0.11355764,-0.9849317,0.9412635,-0.3262626,0.08703837,-0.3114625,-0.9384334,-0.14944464
1356677886904,0.14160383,0.05615607,-0.9883293,0.94494903,-0.30518192,0.11804828,-0.2949911,-0.95063686,-0.09627956
1356677886943,0.14279461,0.011096388,-0.9896901,0.94998467,-0.28213352,0.13390255,-0.27773887,-0.959311,-0.050828606
1356677886984,0.13415307,-0.019333094,-0.990772,0.955953,-0.26087493,0.13452896,-0.26106846,-0.96517897,-0.016515613
1356677887024,0.11735809,-0.034168005,-0.99250174,0.962218,-0.24334103,0.122154534,-0.24569014,-0.96933883,0.004319042
1356677887062,0.09560633,-0.037151933,-0.9947257,0.9677806,-0.23037785,0.10162094,-0.23293814,-0.97239184,0.013929307
1356677887104,0.073044896,-0.031995773,-0.9968152,0.9717394,-0.22267246,0.07835472,-0.22447035,-0.9743681,0.014826447
1356677887142,0.053744495,-0.025394857,-0.9982317,0.9734432,-0.22144777,0.05804342,-0.2225303,-0.9748414,0.0128189325
1356677887183,0.040144145,-0.020792276,-0.99897754,0.9725281,-0.22862005,0.043839604,-0.22929785,-0.97329366,0.01104334
1356677887254,0.033727884,-0.02053219,-0.99922013,0.9683603,-0.24668372,0.03775513,-0.24726656,-0.9688785,0.011562467
1356677887264,0.03549838,-0.023241967,-0.9990994,0.96345997,-0.26478904,0.040391833,-0.26548943,-0.9640262,0.012993157
1356677887303,0.041437745,-0.028360099,-0.99873847,0.95728505,-0.28516454,0.047815323,-0.2861609,-0.95805883,0.015332192
1356677887342,0.053903878,-0.035737574,-0.99790645,0.94996536,-0.30608433,0.062275887,-0.30766907,-0.9513334,0.017450303
1356677887382,0.07125187,-0.04373941,-0.99649894,0.94147754,-0.32703167,0.08167216,-0.32945895,-0.9440006,0.017877996
1356677887422,0.09137946,-0.049010128,-0.99460936,0.9318259,-0.34805256,0.102761805,-0.3512127,-0.93619305,0.01386404
1356677887462,0.11043173,-0.04428965,-0.99289644,0.9215163,-0.36966336,0.118982136,-0.3723071,-0.9281096,-8.970499E-6
1356677887509,0.12216622,-0.016845644,-0.9923667,0.91228104,-0.39190805,0.11895993,-0.39092037,-0.91985023,-0.032510012
1356677887550,0.1097855,0.070085526,-0.9914813,0.9089901,-0.41061747,0.07162574,-0.40209964,-0.9091102,-0.10878685
1356677887580,0.0828948,0.17687783,-0.9807358,0.91033185,-0.41387278,0.0023011565,-0.40549275,-0.8929858,-0.19532546
1356677887623,0.03390169,0.30635822,-0.9513124,0.917578,-0.38679683,-0.09186354,-0.3961078,-0.869789,-0.29422057
1356677887662,-0.021303624,0.41488972,-0.90962225,0.9249197,-0.33723894,-0.17548066,-0.37956518,-0.8450659,-0.37655526
1356677887702,-0.06498113,0.47666353,-0.87668085,0.9294476,-0.29083815,-0.22702503,-0.3631868,-0.82958126,-0.42413473
1356677887742,-0.08999136,0.49175334,-0.86607164,0.932124,-0.264694,-0.24714735,-0.3507796,-0.8295274,-0.43455493
1356677887782,-0.096787244,0.47014746,-0.87726486,0.93443143,-0.2605935,-0.24275273,-0.3427391,-0.84323925,-0.41409844
1356677887822,-0.08912003,0.42231998,-0.90205514,0.9370115,-0.27154887,-0.21970603,-0.33773828,-0.8648162,-0.37151825
1356677887863,-0.072061,0.35779077,-0.93101716,0.94004065,-0.2876233,-0.18329337,-0.3333629,-0.88840234,-0.31561142
1356677887904,-0.050707757,0.2846674,-0.9572843,0.9436778,-0.30014086,-0.13923988,-0.32695717,-0.9104284,-0.2534148
1356677887943,-0.033222377,0.2148295,-0.9760864,0.9476605,-0.30352432,-0.09905836,-0.3175466,-0.9282894,-0.19350162
1356677887984,-0.020801306,0.15181333,-0.98819023,0.95215183,-0.29843807,-0.06589103,-0.30491668,-0.9422778,-0.13834143
1356677888028,-0.016598225,0.09920773,-0.99492824,0.9567896,-0.2873382,-0.04461345,-0.2903069,-0.9526776,-0.09015161
1356677888072,-0.02192837,0.05966881,-0.9979773,0.9610678,-0.27375817,-0.03748533,-0.27544123,-0.9599458,-0.051342636
1356677888114,-0.03743589,0.035692304,-0.9986614,0.9642545,-0.2610461,-0.04547596,-0.26231983,-0.96466625,-0.024643958
1356677888152,-0.05907762,0.025824249,-0.99791926,0.9660374,-0.25043494,-0.06367099,-0.25155813,-0.96778893,-0.010152042
1356677888194,-0.08407909,0.02808407,-0.99606323,0.9662112,-0.24212366,-0.08838591,-0.24365267,-0.96983886,-0.006777644
1356677888261,-0.10738844,0.035333365,-0.9935891,0.9648777,-0.23728538,-0.11272347,-0.2397471,-0.9707972,-0.008610666
1356677888278,-0.1250205,0.042879492,-0.99122715,0.9622023,-0.23838884,-0.13167211,-0.24194348,-0.9702227,-0.011455327
1356677888324,-0.13308996,0.047077477,-0.9899852,0.95853883,-0.24783343,-0.1406478,-0.2519728,-0.96765816,-0.012141466
1356677888365,-0.12765545,0.046554595,-0.9907254,0.9554992,-0.26206833,-0.13543126,-0.2659427,-0.9639257,-0.011028439
1356677888404,-0.110862374,0.04191056,-0.99295163,0.9526861,-0.28003788,-0.11818659,-0.28301737,-0.95907366,-0.008881927
1356677888445,-0.080794215,0.032333255,-0.99620616,0.949804,-0.3005669,-0.08678624,-0.3022327,-0.9532125,-0.0064261854
1356677888484,-0.037181675,0.017514676,-0.999155,0.9455472,-0.32291168,-0.04084727,-0.3233543,-0.946267,-0.00455451
1356677888524,0.017678916,-5.415678E-4,-0.99984354,0.9379466,-0.3463738,0.016772091,-0.34632868,-0.9380964,-0.0056155324
1356677888564,0.07601005,-0.01407212,-0.9970078,0.9255559,-0.37094605,0.07579833,-0.37090272,-0.9285478,-0.015171111
1356677888604,0.12667441,-0.008663416,-0.9919065,0.9100054,-0.3969465,0.119682014,-0.3947706,-0.91780096,-0.042399257
1356677888644,0.15699017,0.0323326,-0.9870708,0.89704233,-0.42275238,0.12882379,-0.41312125,-0.9056684,-0.09537172
1356677888684,0.15727663,0.11809111,-0.9804685,0.8934758,-0.43993235,0.09033516,-0.42067206,-0.89023256,-0.17470261
1356677888724,0.1319474,0.22937393,-0.96435344,0.8996383,-0.43620747,0.01933971,-0.41622213,-0.8701211,-0.26391
1356677888764,0.09915063,0.3261435,-0.94010615,0.90911686,-0.4138036,-0.04767537,-0.40456834,-0.84993935,-0.33753145
1356677888802,0.077391684,0.37989697,-0.9217856,0.91690385,-0.3902039,-0.083833545,-0.3915325,-0.8387009,-0.37852752
1356677888842,0.07396075,0.38629082,-0.919407,0.92216134,-0.3774815,-0.08441734,-0.37966874,-0.841598,-0.38414124
1356677888882,0.08612272,0.3543004,-0.93115747,0.9253588,-0.37478068,-0.057015598,-0.36918044,-0.8567443,-0.3601321
1356677888922,0.10673955,0.2966945,-0.94898844,0.9271405,-0.37449524,-0.012801081,-0.35918963,-0.87847924,-0.31505096
1356677888964,0.12953311,0.2243863,-0.965853,0.9285803,-0.3690992,0.038785458,-0.34779266,-0.90189606,-0.25617123
1356677889005,0.14371061,0.15528473,-0.97736067,0.93150675,-0.35467732,0.080616534,-0.33412915,-0.92200357,-0.19561967
1356677889045,0.1514771,0.09181744,-0.9841871,0.93626386,-0.33260286,0.11307177,-0.31696156,-0.9385866,-0.13634706
1356677889084,0.14727366,0.041958272,-0.98820543,0.94286364,-0.30784047,0.12744573,-0.29886222,-0.9505124,-0.08489773
1356677889124,0.13669783,0.0037370324,-0.99060583,0.9500789,-0.28362113,0.1300354,-0.28047076,-0.9589292,-0.042320877
1356677889163,0.118349075,-0.021422893,-0.99274087,0.9573349,-0.26297718,0.11980313,-0.26363477,-0.96456414,-0.0106141865
1356677889205,0.09411812,-0.032741547,-0.99502254,0.9640028,-0.24665397,0.099300265,-0.24867746,-0.96855044,0.008348286
1356677889262,0.06561017,-0.03270787,-0.9973091,0.9694498,-0.23464578,0.07147288,-0.23635206,-0.97153056,0.016313493
1356677889285,0.036325336,-0.023833394,-0.99905574,0.97308946,-0.2267884,0.040791452,-0.22754642,-0.9736524,0.014953852
1356677889324,0.010238528,-0.011625707,-0.99987996,0.974404,-0.22445142,0.012587398,-0.22457084,-0.9744159,0.009030104
1356677889365,-0.008586943,-0.0011728704,-0.99996245,0.9732859,-0.22945416,-0.008088708,-0.22943601,-0.9733188,0.0031117797
1356677889404,-0.017468214,0.0044624805,-0.99983746,0.9700198,-0.2423563,-0.018029004,-0.24239737,-0.97017705,-9.5158815E-5
1356677889445,-0.015049875,0.0042390823,-0.9998778,0.9650484,-0.26160496,-0.015634745,-0.26163927,-0.96516573,-1.5380979E-4
1356677889484,-0.0012723207,-0.0016863644,-0.99999774,0.9584881,-0.28513157,-7.3865056E-4,-0.28512967,-0.9584869,0.0019791424
1356677889524,0.023407638,-0.012963027,-0.999642,0.9500468,-0.31099963,0.0262793,-0.31122887,-0.9503217,0.0050356686
1356677889564,0.057719827,-0.029083252,-0.9979091,0.9392222,-0.33726233,0.064154595,-0.33842295,-0.94096136,0.007848918
1356677889604,0.09812838,-0.04785964,-0.9940222,0.92543113,-0.3629498,0.10883224,-0.3659889,-0.9305787,0.008675218
1356677889644,0.13931036,-0.063088655,-0.988237,0.9088338,-0.38812917,0.15289503,-0.39320955,-0.9194431,0.0032666624
1356677889685,0.17368138,-0.06319228,-0.98277235,0.8914051,-0.41410345,0.18416128,-0.41860697,-0.9080336,-0.015592173
1356677889724,0.19181424,-0.031615943,-0.98092186,0.87732923,-0.4424535,0.18581784,-0.43988717,-0.8962339,-0.05713126
1356677889765,0.18734127,0.042847127,-0.98135996,0.8712411,-0.46868402,0.14585641,-0.45369828,-0.8823261,-0.125134
1356677889806,0.15927112,0.15513021,-0.97497046,0.87511545,-0.47929585,0.06669676,-0.4569526,-0.86383456,-0.21209481
1356677889845,0.120524526,0.26723027,-0.9560658,0.8839741,-0.46714407,-0.019135237,-0.45173404,-0.84283113,-0.29252693
1356677889886,0.08601159,0.34721926,-0.9338313,0.8928815,-0.44269508,-0.08236399,-0.4420008,-0.8267163,-0.34810257
1356677889924,0.063702315,0.38164285,-0.9221121,0.9002323,-0.42077008,-0.11195713,-0.43072483,-0.82298315,-0.37037125
1356677889965,0.053964585,0.37387565,-0.92590755,0.906809,-0.40657714,-0.11132184,-0.41807336,-0.8336139,-0.36097458
1356677890004,0.05199784,0.33432668,-0.94102174,0.91345376,-0.39675522,-0.09048492,-0.40360683,-0.8548748,-0.32602236
1356677890045,0.05096048,0.27603784,-0.9597949,0.92051244,-0.38575178,-0.062067807,-0.38737562,-0.8803401,-0.2737544
1356677890084,0.045741677,0.21024787,-0.9765774,0.92821527,-0.3702743,-0.03624013,-0.36922094,-0.9048164,-0.21209225
1356677890125,0.03280449,0.14649898,-0.98866665,0.9365453,-0.3499301,-0.020777017,-0.34900808,-0.9252496,-0.14868218
1356677890165,0.0117045045,0.08997935,-0.9958749,0.9449732,-0.3266297,-0.018405378,-0.32693842,-0.94085956,-0.088851094
1356677890205,-0.01791519,0.04547611,-0.9988048,0.95216227,-0.30402464,-0.030921012,-0.30506742,-0.95157814,-0.037853986
1356677890263,-0.051649213,0.01312089,-0.998579,0.9572146,-0.28443784,-0.053247154,-0.28473234,-0.95860463,0.0021315217
1356677890285,-0.08818501,-0.0059297383,-0.9960865,0.95953,-0.2689895,-0.08334732,-0.26744258,-0.9631249,0.02941057
1356677890325,-0.12481487,-0.011591256,-0.9921124,0.9591912,-0.25711137,-0.117669255,-0.25371948,-0.9663123,0.043209583
1356677890365,-0.15968251,-0.00485602,-0.9871564,0.95666885,-0.24741054,-0.15353379,-0.24348733,-0.96889853,0.044152766
1356677890403,-0.19043612,0.009029001,-0.9816581,0.9526417,-0.23979169,-0.18701258,-0.23708197,-0.9707824,0.03706354
1356677890444,-0.21578962,0.0260652,-0.976092,0.9474461,-0.23620254,-0.21576422,-0.23617938,-0.9713542,0.026274681
1356677890480,-0.23552841,0.041291058,-0.97098994,0.9414648,-0.23824936,-0.23849812,-0.24118558,-0.97032595,0.017240405
1356677890525,-0.25032753,0.052928716,-0.96671337,0.934659,-0.2471866,-0.25556093,-0.2524851,-0.96752125,0.012407303
1356677890574,-0.2611981,0.060550988,-0.96338415,0.9260362,-0.26598072,-0.2677896,-0.2724565,-0.96207476,0.01340121
1356677890612,-0.26857388,0.06550181,-0.9610294,0.9178791,-0.28521407,-0.27595448,-0.29217467,-0.956223,0.0164783
1356677890654,-0.27221847,0.068234324,-0.9598131,0.91016126,-0.30543488,-0.27985013,-0.31225574,-0.9497651,0.021040738
1356677890693,-0.27148074,0.06944555,-0.9599352,0.9033667,-0.32567418,-0.27904302,-0.3320044,-0.94292825,0.02567944
1356677890733,-0.26728177,0.07194275,-0.9609291,0.8971331,-0.34541088,-0.2753971,-0.35172814,-0.9356899,0.027779758
1356677890772,-0.2609594,0.08136842,-0.9619144,0.8915241,-0.3618608,-0.27247295,-0.37024987,-0.9286742,0.02188912
1356677890812,-0.25777233,0.10902035,-0.96003544,0.88590074,-0.36993158,-0.27987587,-0.3856596,-0.9226403,-0.0012230575
1356677890852,-0.26440156,0.16483197,-0.9502222,0.8797325,-0.36250472,-0.3076702,-0.39517397,-0.91728985,-0.049161196
1356677890892,-0.2860443,0.24773428,-0.9256383,0.87227607,-0.33252907,-0.35855094,-0.39662704,-0.90997374,-0.1209746
1356677890932,-0.32043403,0.33837655,-0.8847731,0.8629788,-0.2808869,-0.4199645,-0.39062732,-0.8981113,-0.20200604
1356677890973,-0.35850734,0.41053817,-0.8384098,0.8522862,-0.22250319,-0.47339255,-0.38089454,-0.8842798,-0.270127
