1356678562144,0.77940845,0.28699625,-0.5569161,-0.50280106,-0.24379592,-0.82930964,-0.3737827,0.92638904,-0.045714557
1356678562183,0.39092818,0.11266607,-0.9134996,-0.84110886,-0.35931316,-0.40426463,-0.3737794,0.92639107,-0.04570119
1356678562223,0.3907206,0.11270243,-0.9135839,-0.84121466,-0.35926247,-0.40408945,-0.3737583,0.92640626,-0.045564294
1356678562263,0.38982365,0.112826675,-0.91395175,-0.8416543,-0.35910013,-0.40331763,-0.37370518,0.9264541,-0.045024663
1356678562304,0.38755643,0.11308923,-0.914883,-0.84272516,-0.3588028,-0.4013413,-0.37364998,0.9265373,-0.043753162
1356678562343,0.38354844,0.11346194,-0.9165244,-0.8445345,-0.35849035,-0.3978016,-0.37370053,0.9266126,-0.04167588
1356678562383,0.37802953,0.113843024,-0.91876733,-0.8468977,-0.35836172,-0.39286262,-0.37397575,0.92661566,-0.039057896
1356678562424,0.37117714,0.114270866,-0.921504,-0.84966266,-0.35852164,-0.3866982,-0.3745675,0.9265011,-0.03598331
1356678562462,0.36316627,0.1147691,-0.92462873,-0.8527097,-0.35900062,-0.3794794,-0.37549484,0.92625403,-0.032512173
1356678562503,0.3543016,0.11533019,-0.92799205,-0.8558825,-0.35980847,-0.37148735,-0.37674314,0.9258708,-0.028771594
1356678562542,0.34499788,0.115849376,-0.9314266,-0.8590103,-0.36094642,-0.3630691,-0.37825638,0.92536306,-0.025009975
1356678562584,0.33563352,0.11616665,-0.9348023,-0.86197484,-0.3623764,-0.35451743,-0.37993345,0.92476404,-0.021492884
1356678562622,0.32645273,0.11614174,-0.9380511,-0.8647406,-0.3640082,-0.3460083,-0.38164428,0.92412615,-0.018399
1356678562662,0.31783384,0.11564192,-0.9410678,-0.86725795,-0.36568576,-0.33784235,-0.38320386,0.9235263,-0.015935898
1356678562704,0.3105505,0.11448982,-0.9436368,-0.8693737,-0.3672197,-0.3306647,-0.38437974,0.9230611,-0.014505804
1356678562752,0.30551434,0.11243647,-0.94552577,-0.8709098,-0.368442,-0.32521775,-0.38493773,0.9228264,-0.014642283
1356678562782,0.30219203,0.10933098,-0.9469565,-0.87212837,-0.36930066,-0.3209505,-0.38480148,0.92285633,-0.01624909
1356678562825,0.30066562,0.1051597,-0.94791436,-0.87312126,-0.36955822,-0.3179403,-0.3837441,0.92323786,-0.019296288
1356678562862,0.3000378,0.099624455,-0.9487109,-0.874346,-0.3689553,-0.3152634,-0.38143983,0.92409253,-0.02359429
1356678562905,0.30094916,0.09244704,-0.94914865,-0.8759131,-0.36677545,-0.3134521,-0.3771021,0.92570484,-0.029405236
1356678562943,0.30464756,0.08333287,-0.94881266,-0.8778566,-0.36192542,-0.31365216,-0.36953694,0.9284749,-0.037105396
1356678562985,0.31146362,0.0723359,-0.9475009,-0.88031644,-0.35349098,-0.3163655,-0.3578176,0.932637,-0.046421126
1356678563025,0.32140464,0.059773564,-0.94505346,-0.88341486,-0.3404556,-0.32197532,-0.34099433,0.93835866,-0.056619138
1356678563088,0.32981503,0.046685398,-0.9428905,-0.8875516,-0.32498884,-0.32654917,-0.321674,0.9445648,-0.06575048
1356678563106,0.33674708,0.033946753,-0.94098294,-0.8924891,-0.30700806,-0.33046824,-0.3001077,0.95110124,-0.07308693
1356678563145,0.33873206,0.02178803,-0.94063056,-0.89859915,-0.28884286,-0.33028662,-0.27889073,0.9571285,-0.0782616
1356678563186,0.3351986,0.010518312,-0.9420887,-0.90596145,-0.27086732,-0.32536855,-0.25860342,0.9625592,-0.08126517
1356678563224,0.32339108,-2.6491284E-4,-0.94626534,-0.91511,-0.25457746,-0.3126723,-0.24081504,0.96705234,-0.08257046
1356678563265,0.30377835,-0.010289878,-0.95268714,-0.9255872,-0.24022335,-0.29254246,-0.22584751,0.9706631,-0.08249879
1356678563304,0.27573127,-0.02006331,-0.9610254,-0.937137,-0.22807264,-0.26411593,-0.21388453,0.9734374,-0.08168885
1356678563346,0.24138206,-0.029919207,-0.9699688,-0.94855225,-0.2183156,-0.22931835,-0.20489833,0.9754194,-0.0810774
1356678563387,0.20391256,-0.040123314,-0.9781665,-0.95857203,-0.21117646,-0.19116557,-0.19889551,0.97662413,-0.081522614
1356678563425,0.16444772,-0.050572634,-0.98508847,-0.96680546,-0.20626342,-0.15080643,-0.19556105,0.9771887,-0.08281344
1356678563466,0.12482101,-0.06018257,-0.9903524,-0.9729309,-0.20308346,-0.11028412,-0.194487,0.9773102,-0.08390257
1356678563506,0.08245152,-0.06832665,-0.9942501,-0.97748464,-0.1999802,-0.06731817,-0.19423074,0.9774146,-0.0832769
1356678563546,0.03732425,-0.07383025,-0.99657214,-0.98036945,-0.19591522,-0.022203207,-0.19360438,0.97783756,-0.07969326
1356678563587,-0.011845529,-0.076260924,-0.99701756,-0.9811567,-0.19141549,0.026298285,-0.19285017,0.978542,-0.072556525
1356678563626,-0.06435847,-0.07554117,-0.99506354,-0.97878957,-0.18956298,0.07769683,-0.19449654,0.97895837,-0.06173891
1356678563666,-0.115834,-0.072624624,-0.99060994,-0.97255355,-0.19432789,0.12796938,-0.20179695,0.9782444,-0.048121482
1356678563707,-0.15889037,-0.06936708,-0.98485637,-0.96342194,-0.20714855,0.17002249,-0.21580556,0.9758471,-0.033915848
1356678563749,-0.18808186,-0.06694618,-0.9798691,-0.9536514,-0.22615594,0.19850075,-0.23489204,0.9717879,-0.021307498
1356678563787,-0.20166904,-0.06494534,-0.9772982,-0.9459715,-0.24574536,0.21153542,-0.25390476,0.9671563,-0.011877179
1356678563831,-0.20099854,-0.062515765,-0.9775947,-0.9414172,-0.2635519,0.21041408,-0.27080113,0.9626174,-0.005879849
1356678563866,-0.18602651,-0.057337284,-0.9808703,-0.9405382,-0.2783864,0.19465056,-0.2842217,0.9587562,-0.0021406412
1356678563908,-0.16273075,-0.04925832,-0.98544014,-0.94157135,-0.29075164,0.17002001,-0.29489323,0.9555298,9.340048E-4
1356678563947,-0.13001275,-0.03562078,-0.99087214,-0.9439459,-0.30137134,0.13468954,-0.30341825,0.95284116,0.005558133
1356678563986,-0.09585887,-0.015467674,-0.9952748,-0.94593227,-0.3098567,0.09592205,-0.30987623,0.9506574,0.015071154
1356678564028,-0.063153625,0.014380753,-0.99790025,-0.9475071,-0.31489414,0.05542645,-0.31343582,0.9490179,0.033512533
1356678564095,-0.038932323,0.057489425,-0.9975867,-0.9491049,-0.31439108,0.018922389,-0.3125446,0.94755113,0.066803515
1356678564101,-0.026771843,0.117257476,-0.99274063,-0.9516727,-0.30693167,-0.010588855,-0.30594516,0.94448066,0.11980784
1356678564163,-0.024699688,0.19262949,-0.98096067,-0.95564663,-0.2926159,-0.03339815,-0.2934782,0.9366268,0.1913133
1356678564183,-0.025535583,0.2760122,-0.96081483,-0.9607177,-0.2724706,-0.052739322,-0.27635047,0.92172503,0.2721275
1356678564223,-0.016195536,0.35271913,-0.9355891,-0.9657199,-0.24797475,-0.07676989,-0.25908065,0.90227365,0.34464395
1356678564260,0.012559056,0.40831926,-0.9127528,-0.968799,-0.22100013,-0.11219448,-0.24752969,0.885683,0.39280373
1356678564303,0.061840832,0.4346577,-0.89847004,-0.96793246,-0.19348174,-0.1602236,-0.24347997,0.87956667,0.40875423
1356678564342,0.12417048,0.4310881,-0.8937252,-0.96191823,-0.16873884,-0.21503615,-0.24350566,0.88639176,0.39371914
1356678564382,0.18894476,0.40073067,-0.89650136,-0.95124155,-0.15196967,-0.26841122,-0.24380165,0.9035043,0.35247785
1356678564423,0.24473304,0.35066998,-0.90395594,-0.9389199,-0.1469248,-0.31119525,-0.24194041,0.92490196,0.2932937
1356678564462,0.28372753,0.28879595,-0.91438264,-0.92942166,-0.15181696,-0.33634347,-0.23595351,0.9452769,0.2253386
1356678564503,0.30210918,0.22242206,-0.926962,-0.92645484,-0.16052336,-0.34046108,-0.22452512,0.9616448,0.15756837
1356678564543,0.29964623,0.15730894,-0.94099206,-0.9310632,-0.16698977,-0.3244008,-0.20816714,0.9733286,0.096426666
1356678564582,0.27769008,0.09786111,-0.9556732,-0.9417884,-0.16853437,-0.29091346,-0.18953297,0.9808258,0.04536417
1356678564623,0.23902458,0.04670742,-0.9698895,-0.9556998,-0.16537756,-0.24349174,-0.17177084,0.98512363,0.0051089823
1356678564662,0.18661186,0.0051940978,-0.98242,-0.96977794,-0.15901819,-0.18505126,-0.15718383,0.98726207,-0.02463758
1356678564703,0.12342438,-0.02569896,-0.9920212,-0.98141426,-0.15118745,-0.11818808,-0.14694384,0.98817104,-0.043881565
1356678564742,0.052125514,-0.045190483,-0.9976176,-0.98862123,-0.14348918,-0.045155674,-0.14110672,0.9886197,-0.052155733
1356678564782,-0.024984956,-0.053321123,-0.9982648,-0.9900147,-0.13725811,0.032110035,-0.1387321,0.9890991,-0.04935929
1356678564823,-0.105165064,-0.051584333,-0.993116,-0.98462915,-0.13463563,0.11125955,-0.13944802,0.98955154,-0.036632538
1356678564862,-0.18458712,-0.044851154,-0.9817923,-0.97217584,-0.13826436,0.18909547,-0.14422804,0.9893793,-0.018081367
1356678564902,-0.25832653,-0.039533347,-0.9652484,-0.95370305,-0.14884728,0.2613329,-0.15400594,0.98806965,7.480979E-4
1356678564943,-0.32339984,-0.04067129,-0.94538796,-0.93125945,-0.16352206,0.32560155,-0.1678344,0.98570096,0.015007496
1356678564982,-0.37903363,-0.049746662,-0.9240447,-0.9070128,-0.17800534,0.3816304,-0.18346977,0.98277116,0.022349179
1356678565023,-0.42539507,-0.06574458,-0.9026166,-0.882786,-0.18951392,0.42985278,-0.19931889,0.9796745,0.022579849
1356678565083,-0.46238112,-0.08684996,-0.8824177,-0.86018574,-0.1975295,0.47017306,-0.21513799,0.97644216,0.016626775
1356678565095,-0.49046814,-0.10853249,-0.8646743,-0.8405996,-0.20278502,0.50226545,-0.22985515,0.97319007,0.008227229
1356678565134,-0.507545,-0.13162312,-0.85151243,-0.82592034,-0.20722347,0.5243225,-0.24546635,0.9693986,-0.0035349727
1356678565164,-0.5134864,-0.15122706,-0.84466684,-0.8176218,-0.21252608,0.53509545,-0.26043463,0.96538234,-0.014517307
1356678565194,-0.5123889,-0.16507128,-0.8427391,-0.8137033,-0.22035128,0.5378962,-0.27448988,0.9613516,-0.021413445
1356678565234,-0.5105048,-0.16425651,-0.8440407,-0.8105626,-0.23570544,0.5361261,-0.28700715,0.95784277,-0.012811422
1356678565274,-0.5105501,-0.13823646,-0.8486632,-0.80749166,-0.2620651,0.52846867,-0.29545864,0.9550982,0.02217257
1356678565314,-0.5207671,-0.08473864,-0.8494828,-0.8001318,-0.2984798,0.52028733,-0.29764187,0.9506467,0.08763635
1356678565354,-0.54037136,-0.014217019,-0.84130657,-0.7885463,-0.34030998,0.5122342,-0.29358745,0.9402058,0.17268294
1356678565394,-0.55753386,0.05266279,-0.82848215,-0.7792015,-0.37744868,0.50037736,-0.28635824,0.9245319,0.25147536
1356678565434,-0.56192017,0.10113427,-0.8209857,-0.7790246,-0.39843464,0.48411834,-0.27814814,0.9116039,0.3026745
1356678565464,-0.5541576,0.13241658,-0.82181215,-0.7875608,-0.40309823,0.46611136,-0.2695501,0.9055262,0.327666
1356678565504,-0.52822495,0.1411551,-0.8372895,-0.80888486,-0.3835439,0.44564506,-0.25823218,0.91267157,0.31677562
1356678565542,-0.48418546,0.13175729,-0.8649882,-0.83986294,-0.3471955,0.4172356,-0.24534622,0.9284909,0.2787651
1356678565583,-0.42829055,0.10846469,-0.89710796,-0.8734323,-0.30423898,0.38020352,-0.23169652,0.94640064,0.22503924
1356678565624,-0.3713864,0.075969756,-0.9253652,-0.9028333,-0.26217115,0.34082,-0.21671203,0.9620264,0.16595483
1356678565662,-0.32732213,0.03941664,-0.94409025,-0.9234947,-0.22486681,0.3107932,-0.20004416,0.9735919,0.11000496
1356678565702,-0.30713737,0.0028328598,-0.951661,-0.9339366,-0.1930188,0.30084246,-0.1828362,0.981191,0.061928988
1356678565743,-0.31650162,-0.03125766,-0.94807684,-0.9337684,-0.16573358,0.31718916,-0.16704276,0.98567504,0.023267508
1356678565784,-0.3579471,-0.060605586,-0.93177295,-0.92096114,-0.14162505,0.36300546,-0.15396258,0.9880634,-0.005121112
1356678565823,-0.43100846,-0.0821141,-0.8986039,-0.89087236,-0.11959225,0.43822834,-0.14345077,0.9894215,-0.021607935
1356678565862,-0.53044343,-0.09307128,-0.84259576,-0.8369557,-0.10039866,0.5379826,-0.1346662,0.9905846,-0.024640799
1356678565902,-0.64035785,-0.093813926,-0.7623259,-0.7573497,-0.08817494,0.647029,-0.12791836,0.99167746,-0.014586449
1356678565942,-0.73818713,-0.090535015,-0.6684932,-0.6628028,-0.08714527,0.7437057,-0.12558746,0.9920731,0.004322648
1356678565982,-0.80926645,-0.09152797,-0.5802676,-0.5728866,-0.09555781,0.81404525,-0.129957,0.99120706,0.024896622
1356678566022,-0.8540582,-0.1004215,-0.5103923,-0.50080675,-0.10653037,0.8589784,-0.14063215,0.9892254,0.040691257
1356678566079,-0.87960315,-0.11544207,-0.46148825,-0.4497498,-0.11427045,0.88581455,-0.15499474,0.9867195,0.048592567
1356678566104,-0.8914911,-0.1331661,-0.43302488,-0.41974446,-0.11686152,0.90008783,-0.1704651,0.98418,0.048285127
1356678566144,-0.89166194,-0.15116496,-0.42671767,-0.41275525,-0.11568034,0.90346617,-0.18593529,0.98171645,0.040753663
1356678566184,-0.8783409,-0.16808428,-0.4475096,-0.43356383,-0.11418939,0.89385855,-0.20134443,0.9791366,0.02742201
1356678566224,-0.8447987,-0.18258587,-0.5029688,-0.4891216,-0.11764002,0.86424583,-0.21696834,0.9761266,0.01007545
1356678566263,-0.77764726,-0.19039541,-0.59917796,-0.58404803,-0.13398224,0.80058515,-0.23270696,0.97252166,-0.007009089
1356678566302,-0.6642882,-0.18150774,-0.7251042,-0.7051631,-0.16957742,0.6884682,-0.24792364,0.9686581,-0.015344262
1356678566342,-0.52078944,-0.14288756,-0.84164226,-0.8127284,-0.21872139,0.5400311,-0.26124886,0.96526897,-0.0022210479
1356678566382,-0.3999377,-0.07246426,-0.9136733,-0.87568724,-0.26410002,0.40425628,-0.27059522,0.9617693,0.042167544
1356678566422,-0.336034,0.016727388,-0.9417013,-0.9009673,-0.29708916,0.3162214,-0.27447972,0.9547032,0.114902884
1356678566462,-0.30533463,0.10815999,-0.94608253,-0.9119644,-0.31912273,0.2578401,-0.27402848,0.9415211,0.19607726
1356678566502,-0.2630179,0.18850541,-0.9461963,-0.9257674,-0.32541555,0.19250846,-0.27161804,0.9265908,0.2601022
1356678566542,-0.18000966,0.24966747,-0.951453,-0.9466663,-0.30675572,0.09860933,-0.26724413,0.91845906,0.29157078
1356678566582,-0.049480975,0.2859366,-0.9569701,-0.9644376,-0.26275396,-0.028642088,-0.25963756,0.9215207,0.28876942
1356678566622,0.11419505,0.2928424,-0.94931704,-0.961733,-0.20697129,-0.1795345,-0.24905664,0.9334914,0.25800106
1356678566662,0.27978778,0.27183968,-0.92077255,-0.93051654,-0.15931642,-0.32978365,-0.23634246,0.9490634,0.20837654
1356678566702,0.41752717,0.2323775,-0.8784485,-0.8812815,-0.13198373,-0.4537876,-0.22139093,0.9636291,0.14968319
1356678566742,0.5151307,0.1857346,-0.83674544,-0.8325113,-0.123786986,-0.5400013,-0.20387524,0.9747714,0.09085977
1356678566782,0.5741905,0.13941184,-0.80676484,-0.7976482,-0.12687638,-0.5896267,-0.18456033,0.98207265,0.038350403
1356678566822,0.5997994,0.09695381,-0.79425484,-0.7829046,-0.13386682,-0.607569,-0.16523051,0.9862453,-0.004387647
1356678566862,0.5944523,0.05989322,-0.8018973,-0.7905061,-0.13926733,-0.59640974,-0.14739901,0.9884419,-0.03544183
1356678566902,0.55521137,0.029265672,-0.8311942,-0.8212627,-0.13860792,-0.5534577,-0.13140744,0.98991483,-0.052921876
1356678566961,0.47252527,0.0064771473,-0.8812933,-0.8735819,-0.12875387,-0.4693369,-0.116509885,0.99165547,-0.055181146
1356678566983,0.32935596,-0.006320238,-0.9441847,-0.93863183,-0.11068785,-0.326678,-0.102445066,0.9938351,-0.04238811
1356678567023,0.11419061,-0.0077410936,-0.9934287,-0.9892479,-0.09285793,-0.112986445,-0.091373116,0.9956492,-0.018261313
1356678567060,-0.13905287,-0.0025441647,-0.9902817,-0.98645777,-0.08747661,0.13874069,-0.08697948,0.99616337,0.009654164
1356678567090,-0.35451728,-6.9633126E-4,-0.9350491,-0.9308828,-0.09403449,0.3530078,-0.088172734,0.99556863,0.032688737
1356678567133,-0.49208742,-0.006383717,-0.8705224,-0.86489385,-0.11017716,0.48971373,-0.099037915,0.9938914,0.048695624
1356678567172,-0.5696347,-0.020022213,-0.8216541,-0.8137368,-0.12679255,0.56723547,-0.11553696,0.9917271,0.05593264
1356678567212,-0.60306984,-0.03858784,-0.7967545,-0.7861742,-0.14034444,0.6018585,-0.13504449,0.98935056,0.054300785
1356678567252,-0.6025873,-0.059053957,-0.79586506,-0.78267914,-0.15107256,0.6038133,-0.15589097,0.98675716,0.04481411
1356678567292,-0.57122123,-0.0789268,-0.8169925,-0.8014184,-0.1613757,0.57592213,-0.17729849,0.98373187,0.028927863
1356678567332,-0.50922614,-0.09497726,-0.8553759,-0.83733433,-0.17501771,0.5179188,-0.1988965,0.97997355,0.009595931
1356678567373,-0.42315286,-0.101059705,-0.9004047,-0.8788506,-0.19592154,0.43501315,-0.22037101,0.9753982,-0.0059116483
1356678567412,-0.33518004,-0.08785018,-0.93804944,-0.9108007,-0.22450298,0.34646875,-0.24103224,0.9705054,-0.0047650933
1356678567452,-0.27664012,-0.04815781,-0.95976615,-0.9252401,-0.256473,0.2795574,-0.25961697,0.9653509,0.026393145
1356678567492,-0.25992328,0.015963465,-0.96549726,-0.9259099,-0.28793782,0.24450517,-0.27410004,0.9575161,0.0896225
1356678567532,-0.2671641,0.091073066,-0.95933783,-0.9213958,-0.31570584,0.22662675,-0.28222895,0.94447637,0.16825956
1356678567572,-0.26838022,0.15982065,-0.94996285,-0.9210371,-0.3315065,0.20443603,-0.28224578,0.92981756,0.23617056
1356678567612,-0.24227953,0.21045336,-0.9471061,-0.93079174,-0.32583606,0.16570312,-0.27372858,0.92170507,0.27483165
1356678567652,-0.18053156,0.23814568,-0.9543034,-0.9488511,-0.29767638,0.10521519,-0.25901708,0.9244865,0.27970484
1356678567692,-0.085178256,0.24190602,-0.9665538,-0.96647847,-0.25587672,0.021131605,-0.2422067,0.9359534,0.25559202
1356678567732,0.030929029,0.22378919,-0.9741467,-0.9737302,-0.21322632,-0.07989997,-0.2255944,0.95102733,0.21131542
1356678567772,0.14691788,0.18960321,-0.97080684,-0.9668819,-0.17954695,-0.18139032,-0.20869759,0.965305,0.15694517
1356678567812,0.2430104,0.14742154,-0.9587559,-0.9511338,-0.1578936,-0.26535672,-0.19050068,0.9763896,0.1018478
1356678567852,0.3076557,0.10416952,-0.94577837,-0.9359671,-0.14572614,-0.32051462,-0.17121246,0.9838255,0.052665755
1356678567892,0.33593085,0.06391224,-0.93971574,-0.92950773,-0.13872579,-0.3417167,-0.15220276,0.9882663,0.012804687
1356678567932,0.32467994,0.0285092,-0.94539416,-0.93616545,-0.13279358,-0.325515,-0.13482249,0.9907335,-0.016426057
1356678567972,0.2672976,-9.874105E-4,-0.9636135,-0.9561485,-0.12450901,-0.26509935,-0.11971673,0.9922181,-0.034225106
1356678568012,0.15288591,-0.023280084,-0.9879696,-0.9824291,-0.11186999,-0.14939246,-0.107046306,0.99345005,-0.03997439
1356678568081,-0.02576989,-0.036405087,-0.99900484,-0.9948988,-0.09656507,0.02918294,-0.09753135,0.99466074,-0.033730894
1356678568095,-0.24607354,-0.04031983,-0.96841216,-0.96475196,-0.08596891,0.24872279,-0.093281835,0.9954816,-0.017743945
1356678568134,-0.44281316,-0.041495293,-0.8956531,-0.89146817,-0.08649135,0.44475126,-0.09592134,0.99538803,0.0013077259
1356678568172,-0.5715546,-0.04629466,-0.8192571,-0.81364214,-0.09743446,0.5731431,-0.106357336,0.9941647,0.018021822
1356678568212,-0.63741255,-0.05683455,-0.76842374,-0.76065385,-0.112688005,0.6393021,-0.12292659,0.9920036,0.028597414
1356678568253,-0.65723455,-0.07098517,-0.75033593,-0.7399852,-0.12818795,0.6602953,-0.14305517,0.98920625,0.031721532
1356678568292,-0.64097285,-0.08552387,-0.762784,-0.7497469,-0.14311355,0.64606357,-0.16441855,0.9860041,0.0276106
1356678568332,-0.59018224,-0.0971379,-0.8014045,-0.78566027,-0.15904373,0.59786534,-0.1855337,0.98248124,0.017547369
1356678568372,-0.5024806,-0.102092534,-0.8585397,-0.8398037,-0.17842507,0.5127322,-0.20553115,0.97864276,0.0039174557
1356678568412,-0.38170338,-0.095053196,-0.91938424,-0.89686304,-0.2024054,0.3932795,-0.2234708,0.97467786,-0.007990897
1356678568452,-0.25138664,-0.06912038,-0.9654155,-0.9381988,-0.22774488,0.2606054,-0.23788154,0.9712644,-0.0075966716
1356678568492,-0.14961451,-0.019051224,-0.9885609,-0.9574126,-0.24690765,0.14965871,-0.24693444,0.9688518,0.018701077
1356678568532,-0.0974645,0.05494404,-0.99372125,-0.96345997,-0.25551075,0.080368996,-0.24949065,0.9652437,0.07783958
1356678568572,-0.07972789,0.14346611,-0.9864385,-0.96577775,-0.25614136,0.04080516,-0.2468135,0.9559337,0.15897793
1356678568612,-0.058679342,0.22839493,-0.97179854,-0.96853846,-0.24886376,-6.1392784E-6,-0.24184689,0.9412239,0.23581249
1356678568652,-0.0034497976,0.2923887,-0.95629334,-0.97183216,-0.22633249,-0.06569579,-0.23564896,0.92912996,0.2849335
1356678568692,0.094266176,0.32555485,-0.94081235,-0.96924007,-0.18579888,-0.16140762,-0.22734892,0.9270884,0.29802632
1356678568732,0.22147316,0.3254482,-0.9192568,-0.9506998,-0.13777679,-0.27782622,-0.21707034,0.9354683,0.27888966
1356678568772,0.35242262,0.2976667,-0.8872389,-0.912941,-0.09909442,-0.39587775,-0.20576006,0.94951296,0.23682897
1356678568812,0.4637659,0.25397548,-0.8487742,-0.8645917,-0.079389125,-0.49616385,-0.1933969,0.96394706,0.18276711
1356678568852,0.5453494,0.20570832,-0.812575,-0.8187701,-0.076830685,-0.56895745,-0.17946994,0.97559273,0.12652826
1356678568892,0.5971676,0.15996116,-0.7860046,-0.7850348,-0.08459869,-0.6136476,-0.16465479,0.9834914,0.07505551
1356678568932,0.6228377,0.11990607,-0.7731078,-0.76770735,-0.096627235,-0.63347346,-0.15066057,0.98807174,0.03186968
1356678568972,0.6249741,0.08657792,-0.77582973,-0.7682253,-0.10836525,-0.63094133,-0.13869852,0.990334,-0.0012141466
1356678569012,0.60333055,0.060239017,-0.79521286,-0.78705335,-0.11582488,-0.6059139,-0.12860507,0.99144137,-0.022469401
1356678569081,0.5533745,0.041279465,-0.83190906,-0.8243449,-0.115909636,-0.5540943,-0.119299024,0.9924016,-0.030112922
1356678569095,0.46423426,0.030905217,-0.8851731,-0.87884593,-0.10812971,-0.46469116,-0.11007491,0.9936563,-0.023036614
1356678569134,0.32317907,0.028485566,-0.945909,-0.9407736,-0.09856194,-0.32439268,-0.10247108,0.9947232,-0.0050547123
1356678569174,0.13488948,0.031407982,-0.99036276,-0.98588717,-0.09576297,-0.13731688,-0.09915295,0.9949085,0.018047333
1356678569212,-0.061790228,0.032904774,-0.99754655,-0.99289584,-0.10385066,0.05807659,-0.10168493,0.99404836,0.03908798
1356678569252,-0.21470362,0.028623015,-0.9762597,-0.9705515,-0.11804682,0.20998722,-0.109233856,0.9925954,0.053125143
1356678569292,-0.3003664,0.019878983,-0.95361674,-0.9462171,-0.13222432,0.29527935,-0.120221496,0.99102044,0.058525562
1356678569332,-0.31966674,0.0100850165,-0.9474763,-0.93806446,-0.144355,0.3149548,-0.13359672,0.98947453,0.055605948
1356678569372,-0.27841997,0.0021283627,-0.960457,-0.948852,-0.15560728,0.27471107,-0.14886945,0.98781663,0.045343697
1356678569412,-0.18311721,-0.0014593899,-0.98309,-0.9690646,-0.16805267,0.18075427,-0.16547471,0.9857769,0.029359132
1356678569452,-0.049987793,0.0018101633,-0.99874824,-0.9819169,-0.18291122,0.04881382,-0.18259388,0.98312783,0.010920733
1356678569493,0.08928877,0.015921563,-0.99587846,-0.97600174,-0.19798774,-0.09067196,-0.1986154,0.9800752,-0.0021385849
1356678569532,0.1999377,0.046336383,-0.9787124,-0.95678425,-0.206038,-0.2052128,-0.21116072,0.9774463,0.0031391084
1356678569572,0.26589543,0.09776986,-0.9590311,-0.9390874,-0.19844478,-0.28059664,-0.21774864,0.9752234,0.039048895
1356678569612,0.29391575,0.1692783,-0.94072235,-0.93092895,-0.17249525,-0.3218956,-0.21676007,0.97035575,0.10688697
1356678569652,0.30571282,0.24918273,-0.9189384,-0.9288306,-0.13412797,-0.3453744,-0.20931664,0.95912343,0.19044386
1356678569692,0.32698292,0.31771243,-0.89002305,-0.92375124,-0.091276646,-0.37195736,-0.19941384,0.9437836,0.2636413
1356678569732,0.37364915,0.35817945,-0.8556248,-0.9079335,-0.04757008,-0.41640595,-0.18985021,0.93244016,0.3074286
1356678569791,0.44465673,0.36447176,-0.81819355,-0.87729657,-0.007005334,-0.4798975,-0.18064079,0.9311881,0.31663486
1356678569823,0.5393139,0.3291927,-0.7750953,-0.82463056,0.019919068,-0.56532085,-0.17066032,0.9440527,0.28220496
1356678569863,0.61595905,0.28281704,-0.7352612,-0.770905,0.024259478,-0.63648796,-0.16217262,0.9588671,0.23296791
1356678569901,0.67274374,0.23434138,-0.7017834,-0.72351205,0.009983614,-0.6902395,-0.15474537,0.97210306,0.17626524
1356678569943,0.71065605,0.18864542,-0.67777646,-0.6879429,-0.015397996,-0.72560143,-0.14731777,0.98192453,0.118834585
1356678569982,0.7322295,0.14807597,-0.6647658,-0.6666118,-0.044147536,-0.74409664,-0.1395306,0.98799014,0.066383034
1356678570022,0.7404274,0.112986505,-0.66257185,-0.65914494,-0.070817545,-0.7486741,-0.13151175,0.9910696,0.022039212
1356678570082,0.7361723,0.08344737,-0.6716301,-0.66546285,-0.09158374,-0.7407913,-0.123327434,0.9922949,-0.011890322
1356678570104,0.7184963,0.059934765,-0.6929437,-0.68598795,-0.103404656,-0.72022784,-0.11482027,0.99283195,-0.03318134
1356678570144,0.6835344,0.04348302,-0.72862196,-0.7222296,-0.10421531,-0.683757,-0.105665356,0.99360377,-0.039830044
1356678570184,0.6225473,0.03550309,-0.78177637,-0.7766557,-0.09468037,-0.6227693,-0.09612912,0.9948744,-0.03136933
1356678570224,0.5201749,0.036992103,-0.85325825,-0.8494749,-0.0809719,-0.5213789,-0.08837685,0.9960296,-0.010695696
1356678570264,0.36040437,0.04476562,-0.9317214,-0.9288471,-0.07459074,-0.3628763,-0.085742176,0.9962089,0.0146975815
1356678570304,0.14849332,0.049931854,-0.98765194,-0.9848416,-0.08306953,-0.15227044,-0.089647025,0.99529195,0.036839753
1356678570344,-0.075496376,0.043599695,-0.9961924,-0.99220884,-0.10257846,0.07070497,-0.09910518,0.99376893,0.05100432
1356678570384,-0.2649119,0.023959398,-0.96397483,-0.95772135,-0.12287021,0.26013947,-0.11221111,0.9921334,0.055496335
1356678570424,-0.4002508,-0.0042256117,-0.91639584,-0.90753895,-0.1369415,0.39701387,-0.12717026,0.99057007,0.050976098
1356678570464,-0.48026514,-0.03552276,-0.8764038,-0.8653286,-0.14411968,0.4800375,-0.14335927,0.98892254,0.038476765
1356678570504,-0.5096759,-0.06548539,-0.8578706,-0.8452958,-0.14769548,0.51347935,-0.16032907,0.98686254,0.019922376
1356678570544,-0.4936102,-0.089454085,-0.86507046,-0.8513706,-0.15334713,0.5016501,-0.17753074,0.9841151,-4.6485662E-4
1356678570584,-0.45191556,-0.101184696,-0.88630354,-0.8707671,-0.16574937,0.46291652,-0.19374433,0.98096323,-0.013203621
1356678570624,-0.44188386,-0.09687272,-0.8918264,-0.87291765,-0.18271226,0.45236164,-0.20676911,0.9783823,-0.0038243532
1356678570664,-0.53149956,-0.082349,-0.8430462,-0.8195931,-0.20138997,0.53638536,-0.21395186,0.9760434,0.039546013
1356678570704,-0.6953176,-0.06911418,-0.7153716,-0.68612945,-0.23242658,0.68935066,-0.21391532,0.9701552,0.11418909
1356678570745,-0.824979,-0.06314187,-0.561625,-0.52536744,-0.2806201,0.80326915,-0.2083232,0.9577397,0.19833308
1356678570784,-0.8895207,-0.062022105,-0.45266563,-0.4106626,-0.32574552,0.8516139,-0.20027268,0.943421,0.26428723
1356678570824,-0.91632414,-0.062005028,-0.39560762,-0.35192513,-0.34664285,0.86947536,-0.19104639,0.9359455,0.29581606
1356678570864,-0.92548037,-0.06198068,-0.37369052,-0.3327796,-0.33823115,0.8802599,-0.18095288,0.9390198,0.2924003
1356678570902,-0.9246333,-0.06294215,-0.3756214,-0.3405506,-0.30494326,0.88940144,-0.17052403,0.9502883,0.2605257
1356678570942,-0.9177886,-0.06697057,-0.39138088,-0.36337847,-0.2556739,0.89587224,-0.16006294,0.9644407,0.21031892
1356678570982,-0.91054785,-0.075836375,-0.40638843,-0.38553387,-0.19905347,0.9009669,-0.14921907,0.97704995,0.15201014
1356678571022,-0.9115664,-0.08928828,-0.40134072,-0.38728935,-0.14124405,0.9110747,-0.13803528,0.98594004,0.094172955
1356678571081,-0.9282075,-0.10363807,-0.35733733,-0.34966856,-0.085182905,0.93299294,-0.12713262,0.9909607,0.04282844
1356678571104,-0.95786816,-0.11191113,-0.26450822,-0.2624539,-0.032976627,0.9643809,-0.11664754,0.9931709,0.0022156835
1356678571144,-0.9847399,-0.108059354,-0.13642012,-0.13823824,0.00948143,0.99035364,-0.105723515,0.9940992,-0.024274707
1356678571184,-0.9955575,-0.09374928,-0.008738641,-0.01191248,0.0333485,0.9993728,-0.09339905,0.99503714,-0.034317136
1356678571224,-0.9930535,-0.07767064,0.088385336,0.08588792,0.03493315,0.9956922,-0.08042363,0.9963669,-0.028019547
1356678571262,-0.98670596,-0.06800091,0.14760497,0.14659117,0.019692361,0.98900115,-0.07015966,0.9974909,-0.009462237
1356678571302,-0.9818641,-0.068119735,0.17692506,0.17746428,-0.0018988252,0.9841254,-0.06670241,0.9976753,0.0139532685
1356678571342,-0.9791549,-0.07695882,0.1879715,0.19003041,-0.020300686,0.98156834,-0.071724385,0.9968276,0.03450191
1356678571382,-0.9777378,-0.09143241,0.1888619,0.19233073,-0.03066355,0.980851,-0.08389038,0.9953391,0.047566235
1356678571422,-0.9771904,-0.1086452,0.1824697,0.18690982,-0.0321064,0.98185223,-0.100815095,0.9935619,0.051680923
1356678571462,-0.97771335,-0.12673016,0.1673804,0.17194332,-0.025886953,0.98476666,-0.12046668,0.9915994,0.047100365
1356678571502,-0.9796868,-0.14499392,0.13852973,0.14209573,-0.014482856,0.989747,-0.14150096,0.98932654,0.034791768
1356678571542,-0.9827402,-0.16370995,0.08614315,0.08765645,-0.002028823,0.99614865,-0.1629047,0.9865064,0.01634413
1356678571582,-0.98290664,-0.18388599,-0.008964233,-0.0095815435,0.0024687648,0.999951,-0.18385488,0.9829445,-0.0041884184
1356678571622,-0.9629593,-0.20256197,-0.17798328,-0.17768902,-0.019787908,0.9838877,-0.20282018,0.9790695,-0.01693809
1356678571662,-0.88201386,-0.19921745,-0.42704102,-0.4181986,-0.08672106,0.9042065,-0.21716717,0.9761106,-0.0068232417
1356678571702,-0.74287945,-0.14563987,-0.6533906,-0.6309196,-0.17393363,0.7561003,-0.22376491,0.9739282,0.037324607
1356678571742,-0.63657975,-0.057771593,-0.769044,-0.7388344,-0.24021614,0.629619,-0.22111088,0.9689988,0.11023307
1356678571782,-0.5748527,0.03379342,-0.8175588,-0.79054177,-0.28077626,0.5442503,-0.21115905,0.95917815,0.18812013
1356678571822,-0.50402254,0.11558929,-0.8559207,-0.8407929,-0.29234338,0.4556343,-0.19755635,0.949302,0.24453431
1356678571862,-0.3842852,0.18086416,-0.9053249,-0.90493613,-0.26795977,0.33058763,-0.18279916,0.9463011,0.26664346
1356678571902,-0.20247877,0.22066441,-0.9541014,-0.96467066,-0.2126435,0.15554166,-0.16856104,0.9518875,0.25592434
1356678571942,0.0166381,0.22620568,-0.97393745,-0.98764324,-0.14809531,-0.051268667,-0.15583283,0.9627558,0.22094652
1356678571983,0.21912342,0.20096114,-0.95477724,-0.96500933,-0.099805,-0.24247864,-0.14402035,0.9745017,0.17205983
1356678572022,0.36810875,0.1599344,-0.9159241,-0.92038465,-0.07702875,-0.38335183,-0.13186362,0.9841176,0.11884621
1356678572081,0.4592774,0.11624393,-0.8806541,-0.8802589,-0.073477566,-0.46877015,-0.11919996,0.99049914,0.068578154
1356678572104,0.50036883,0.07616162,-0.8624561,-0.8591777,-0.07940361,-0.50547886,-0.106980145,0.9939289,0.025705218
1356678572144,0.49623248,0.04136744,-0.8672036,-0.86287844,-0.08681843,-0.49789903,-0.09588602,0.9953649,-0.007387072
1356678572184,0.43861014,0.011921436,-0.89859843,-0.8945768,-0.08962178,-0.43783614,-0.08575359,0.99590456,-0.028644413
1356678572224,0.29705694,-0.011869699,-0.95478594,-0.9518392,-0.0831525,-0.29510635,-0.075890034,0.9964661,-0.03599906
1356678572263,0.013786733,-0.027409941,-0.9995292,-0.99773514,-0.06619567,-0.011946678,-0.065837085,0.9974301,-0.02826047
1356678572302,-0.3977303,-0.030342698,-0.9170004,-0.91575074,-0.048599422,0.3987964,-0.056666285,0.9983573,-0.008456826
1356678572342,-0.7192288,-0.024741799,-0.69433266,-0.6929257,-0.04729104,0.7194565,-0.05063635,0.9985747,0.01686877
1356678572382,-0.866316,-0.02334544,-0.49895036,-0.49702522,-0.058947325,0.86573154,-0.0496227,0.99798805,0.039463818
1356678572422,-0.92200476,-0.02909495,-0.38608357,-0.38339043,-0.07053673,0.9208889,-0.054026306,0.99708474,0.053880513
1356678572462,-0.9398428,-0.039829627,-0.33927712,-0.3356831,-0.07647854,0.9388652,-0.063342065,0.9962753,0.05850774
1356678572502,-0.9365611,-0.053504273,-0.3463965,-0.34197474,-0.07721019,0.9365318,-0.0768538,0.99557817,0.05401492
1356678572542,-0.91000456,-0.06857592,-0.4088877,-0.40385023,-0.07649052,0.91162175,-0.093791336,0.9947093,0.041912258
1356678572582,-0.83952856,-0.082801506,-0.5369688,-0.5313508,-0.08114034,0.84325707,-0.113392815,0.9932573,0.024123013
1356678572641,-0.6815774,-0.08938259,-0.7262666,-0.7192445,-0.10084784,0.68739885,-0.13468388,0.99087864,0.004447639
1356678572663,-0.41847265,-0.07390678,-0.9052174,-0.8947558,-0.13749349,0.42486203,-0.15586165,0.9877416,-0.008591294
1356678572703,-0.15605193,-0.029128194,-0.9873193,-0.97232926,-0.17139918,0.15873936,-0.17384952,0.984771,-0.0015750229
1356678572740,0.0021127462,0.037149996,-0.9993075,-0.9827306,-0.18482554,-0.008948773,-0.18502995,0.982069,0.03611791
1356678572783,0.06562692,0.11762178,-0.9908875,-0.9801469,-0.17859507,-0.08611536,-0.18709669,0.97686684,0.10356599
1356678572822,0.09313083,0.20171067,-0.97500736,-0.9788927,-0.16037732,-0.12668094,-0.18192202,0.9662255,0.18251711
1356678572862,0.12834346,0.2737977,-0.9531857,-0.9763852,-0.1335355,-0.16982463,-0.17378166,0.9524722,0.25019348
1356678572902,0.19722003,0.3192312,-0.92692804,-0.96629256,-0.09629494,-0.23875916,-0.16547784,0.9427718,0.28947946
1356678572942,0.29806828,0.33018064,-0.89562047,-0.9414822,-0.052998662,-0.33286992,-0.1573739,0.9424287,0.29506195
1356678572982,0.408755,0.30913442,-0.85869396,-0.9002189,-0.018158734,-0.43505886,-0.1500844,0.950845,0.27086613
1356678573026,0.50659704,0.26607886,-0.8200984,-0.8500471,-0.0048906505,-0.5266839,-0.14415032,0.96393883,0.22370198
1356678573082,0.5851479,0.20736071,-0.7839664,-0.7991657,-0.016593218,-0.6008815,-0.13760781,0.9781237,0.15600616
1356678573114,0.6227552,0.15275648,-0.76736,-0.77167225,-0.042061627,-0.63462794,-0.12921998,0.98736835,0.09168387
1356678573154,0.63695323,0.103786916,-0.76388407,-0.76170874,-0.06784658,-0.6443575,-0.11870277,0.9922828,0.035840303
1356678573194,0.6299918,0.061079413,-0.7741961,-0.7691711,-0.08850098,-0.6328849,-0.10717338,0.9942016,-0.00877434
1356678573235,0.6017729,0.025545776,-0.7982586,-0.79294485,-0.100321695,-0.6009776,-0.09543508,0.99462706,-0.040114492
1356678573274,0.5487498,-9.3120337E-4,-0.8359861,-0.83181995,-0.100324795,-0.5459034,-0.083361804,0.9949543,-0.05582778
1356678573314,0.46370822,-0.015893757,-0.88584536,-0.883152,-0.08822572,-0.46071535,-0.070831895,0.99597365,-0.054947555
1356678573354,0.33914015,-0.016485482,-0.94059145,-0.93889606,-0.06843254,-0.33732954,-0.058805943,0.9975196,-0.038686454
1356678573394,0.17564455,-0.0040753186,-0.9844452,-0.9831755,-0.051665038,-0.1752041,-0.050147444,0.9986561,-0.013081431
1356678573432,-0.0017075539,0.012987584,-0.99991417,-0.99886596,-0.047597706,0.0010874867,-0.047579497,0.99878216,0.013054103
1356678573472,-0.15457398,0.024172992,-0.98768544,-0.9866173,-0.056287587,0.15302923,-0.05189526,0.998122,0.032550097
1356678573512,-0.26019287,0.024809211,-0.96523786,-0.96354306,-0.0711993,0.25790596,-0.062325805,0.9971535,0.04243028
1356678573552,-0.3164248,0.016011745,-0.9484825,-0.9454491,-0.08697659,0.3139445,-0.07746902,0.9960817,0.04265988
1356678573592,-0.32937735,7.673204E-4,-0.94419813,-0.93932307,-0.10175717,0.32759395,-0.09582749,0.99480903,0.034237206
1356678573632,-0.30567127,-0.018243223,-0.95196223,-0.945019,-0.11621338,0.30566892,-0.11620709,0.99305665,0.01828289
1356678573672,-0.25264394,-0.037974685,-0.9668138,-0.95771563,-0.13235694,0.25546518,-0.13766572,0.99047446,-0.002929747
1356678573712,-0.1831879,-0.052340746,-0.9816836,-0.9701477,-0.15180176,0.18912888,-0.1589204,0.9870242,-0.02297008
1356678573752,-0.11709696,-0.05065769,-0.9918277,-0.97712916,-0.1726222,0.12417832,-0.17750207,0.98368466,-0.02928561
1356678573792,-0.071897686,-0.02173987,-0.9971751,-0.9791571,-0.18886238,0.07471597,-0.18995321,0.9817629,-0.0077079237
1356678573832,-0.051090658,0.037652075,-0.997984,-0.97971565,-0.19577533,0.042769164,-0.19377035,0.97992563,0.046890646
1356678573872,-0.043326616,0.11659974,-0.99223346,-0.9808938,-0.19350362,0.020092398,-0.18965799,0.97414625,0.122755796
1356678573912,-0.031464577,0.19228712,-0.9808342,-0.98299253,-0.1835916,-0.004458308,-0.1809302,0.9640123,0.19479346
1356678573952,-0.005543232,0.2436449,-0.96984863,-0.9854087,-0.16632116,-0.036150992,-0.17011437,0.95549697,0.24101177
1356678573992,0.032660604,0.26191542,-0.964538,-0.98680997,-0.14464378,-0.072692096,-0.15855357,0.95418996,0.25373664
1356678574032,0.07376605,0.24969348,-0.9655112,-0.9862796,-0.12510687,-0.10770702,-0.1476858,0.96020913,0.23703894
1356678574081,0.10693896,0.2152685,-0.9706821,-0.9846269,-0.11268169,-0.13346472,-0.13810879,0.9700322,0.199909
1356678574114,0.123867214,0.16806775,-0.9779622,-0.98389286,-0.107207954,-0.1430426,-0.12888616,0.9799284,0.15208116
1356678574154,0.11980218,0.11633366,-0.98595834,-0.9856419,-0.10508573,-0.13216281,-0.11898515,0.98763525,0.10207385
1356678574194,0.092838585,0.066278696,-0.9934727,-0.9897628,-0.1024856,-0.09932917,-0.10840008,0.99252397,0.056085616
1356678574234,0.042519152,0.022432089,-0.9988438,-0.99430835,-0.096802175,-0.044500083,-0.09768847,0.9950508,0.018188447
1356678574264,-0.029440045,-0.012861073,-0.9994838,-0.9956946,-0.08754927,0.030454963,-0.08789572,0.9960772,-0.010228306
1356678574304,-0.11017871,-0.03398022,-0.9933308,-0.99088585,-0.074171305,0.11244479,-0.07749754,0.99666643,-0.02549839
1356678574343,-0.21400946,-0.039993137,-0.9760126,-0.974599,-0.058772206,0.21610776,-0.06600526,0.99747,-0.026399434
1356678574382,-0.3321098,-0.03064391,-0.9427428,-0.9417143,-0.046066403,0.33324483,-0.053640693,0.9984683,-0.013558745
1356678574422,-0.45173675,-0.010927707,-0.89208436,-0.89114153,-0.04203385,0.4517742,-0.042434573,0.99905634,0.009250045
1356678574462,-0.56051373,0.0076517463,-0.8281098,-0.82736504,-0.048566937,0.5595609,-0.03593713,0.9987906,0.033553243
1356678574502,-0.6503904,0.015350819,-0.7594451,-0.7587196,-0.061256647,0.64853084,-0.036565572,0.9980041,0.051487565
1356678574542,-0.7206705,0.009070128,-0.69321835,-0.69184184,-0.07372916,0.7182749,-0.04459557,0.997237,0.05940956
1356678574582,-0.77351606,-0.009282023,-0.63370866,-0.63102794,-0.08174425,0.7714413,-0.058962584,0.9966101,0.057373345
1356678574622,-0.8108102,-0.03605321,-0.58419776,-0.5800729,-0.08371258,0.8102516,-0.078116894,0.99583757,0.046961546
1356678574662,-0.83352554,-0.0676132,-0.548328,-0.54327977,-0.080069244,0.83572483,-0.10041028,0.9944935,0.030006945
1356678574702,-0.84202117,-0.10072072,-0.52995825,-0.52493113,-0.0733642,0.847977,-0.12428881,0.99220616,0.008902788
1356678574742,-0.83676845,-0.13125576,-0.53159237,-0.5271319,-0.069588065,0.8469294,-0.14815685,0.9889031,-0.010959923
1356678574782,-0.8202504,-0.15177475,-0.5515013,-0.546211,-0.07843393,0.8339674,-0.1698316,0.9852982,-0.018565595
1356678574822,-0.799826,-0.1512763,-0.58085614,-0.57062227,-0.10855597,0.81400603,-0.18619518,0.98251265,5.041957E-4
1356678574862,-0.78652626,-0.121874586,-0.6054115,-0.58630824,-0.16052794,0.79402363,-0.19395676,0.9794781,0.05480331
1356678574902,-0.7853242,-0.0690338,-0.61522365,-0.58858126,-0.22483546,0.7765443,-0.19193193,0.9719482,0.1359368
1356678574942,-0.78888625,-0.010700911,-0.61444616,-0.5867921,-0.28393066,0.75832605,-0.18257485,0.9587852,0.21770972
1356678574982,-0.786754,0.03753522,-0.6161244,-0.5935888,-0.31981093,0.73849404,-0.16932377,0.94673765,0.27389294
1356678575022,-0.7723316,0.069776416,-0.63137555,-0.61617744,-0.3238377,0.7179516,-0.15436715,0.9435361,0.29310483
1356678575081,-0.74134177,0.08553475,-0.66565454,-0.65643096,-0.29884505,0.6926687,-0.13968036,0.95046055,0.27769405
1356678575104,-0.69022095,0.08563593,-0.71851337,-0.7123754,-0.25462765,0.65397704,-0.12694946,0.9632399,0.23675436
1356678575144,-0.61887825,0.07156843,-0.78221965,-0.7768652,-0.20291126,0.59607667,-0.11606088,0.9765782,0.18117642
1356678575184,-0.5361305,0.04640451,-0.8428587,-0.8374841,-0.15433472,0.5242148,-0.1057564,0.9869283,0.12160659
1356678575224,-0.4602958,0.014763802,-0.8876429,-0.88261175,-0.115193665,0.45577082,-0.09552187,0.9932333,0.06605381
1356678575264,-0.41525954,-0.01799792,-0.9095249,-0.90561247,-0.08652836,0.41518548,-0.08617219,0.99608684,0.019632578
1356678575304,-0.4184537,-0.047132194,-0.90701437,-0.90485746,-0.064450026,0.42080772,-0.07829073,0.9968072,-0.015678525
1356678575334,-0.4777782,-0.07016146,-0.87567425,-0.8755465,-0.043368936,0.48118338,-0.07173762,0.9965924,-0.0407089
1356678575373,-0.57934505,-0.07967752,-0.8111786,-0.8124762,-0.023069263,0.5825378,-0.065128446,0.99655366,-0.051371038
1356678575412,-0.7248069,-0.07464808,-0.68489605,-0.6865583,-0.004537523,0.72706056,-0.05738139,0.99719965,-0.047961414
1356678575471,-0.8547535,-0.05840181,-0.51573795,-0.51672983,0.0022237897,0.8561456,-0.048853576,0.99829066,-0.032078683
1356678575493,-0.93429357,-0.042752728,-0.3539319,-0.35400134,-0.00618881,0.9352245,-0.042173803,0.99906653,-0.009352326
1356678575533,-0.9719804,-0.036002696,-0.23228833,-0.23163006,-0.021545112,0.97256535,-0.04001966,0.99911946,0.012602091
1356678575570,-0.98781705,-0.038670443,-0.15073842,-0.14945593,-0.03416705,0.9881779,-0.043363564,0.9986677,0.027971268
1356678575613,-0.993792,-0.048319463,-0.10021355,-0.09834635,-0.03959024,0.99436444,-0.052014627,0.99804705,0.03459233
1356678575652,-0.9953396,-0.06216767,-0.073718205,-0.07147804,-0.037522376,0.99673617,-0.06473085,0.9973601,0.03290391
