1356678078081,0.29538748,0.53179616,-0.79368705,0.2434174,0.76144755,0.6007876,0.9238475,-0.37066236,0.09547365
1356678078122,-0.13217437,-0.07496415,0.98838764,-0.35920483,-0.9257371,-0.11824791,0.92385155,-0.370663,0.0954313
1356678078162,-0.1319288,-0.07518983,0.98840344,-0.35922587,-0.9257135,-0.11836918,0.92387855,-0.3706764,0.095118195
1356678078204,-0.13106865,-0.07602553,0.98845387,-0.35932434,-0.9256151,-0.11883867,0.9239626,-0.3707516,0.09400135
1356678078243,-0.12894374,-0.0781181,0.9885702,-0.35963047,-0.92534244,-0.120030016,0.9241426,-0.37099707,0.09122354
1356678078283,-0.12518191,-0.08180976,0.98875517,-0.36026245,-0.9248217,-0.12213112,0.9244136,-0.37149996,0.0862979
1356678078324,-0.119270205,-0.08736737,0.9890104,-0.36141282,-0.92396116,-0.1252058,0.9247461,-0.37237436,0.07862535
1356678078363,-0.111362875,-0.09439097,0.9892869,-0.3632847,-0.9227136,-0.12893355,0.92499864,-0.37375122,0.06846523
1356678078403,-0.102662265,-0.101453215,0.989529,-0.36598107,-0.921154,-0.13241294,0.9249424,-0.3757427,0.057437744
1356678078444,-0.09396696,-0.107518226,0.98975253,-0.36984023,-0.9192394,-0.13497084,0.9243313,-0.3787331,0.046613567
1356678078484,-0.085719526,-0.11180793,0.9900258,-0.3750425,-0.91697264,-0.1360301,0.9230359,-0.38296223,0.03666979
1356678078523,-0.07823217,-0.11382623,0.99041575,-0.38090426,-0.91467506,-0.13520887,0.9212989,-0.38783124,0.028200187
1356678078562,-0.07205069,-0.11344585,0.99092823,-0.38630965,-0.91278976,-0.13258886,0.9195507,-0.39235824,0.021941848
1356678078604,-0.067958474,-0.110234395,0.9915796,-0.38979197,-0.9119504,-0.12809658,0.918392,-0.39521497,0.019006215
1356678078643,-0.06680131,-0.10406645,0.9923245,-0.39015007,-0.9126365,-0.121973604,0.9183248,-0.39530346,0.020363778
1356678078687,-0.069022596,-0.09517951,0.9930643,-0.3866679,-0.9150734,-0.11457977,0.91963243,-0.39189467,0.026357941
1356678078723,-0.07459521,-0.08424565,0.99364895,-0.37903234,-0.91924703,-0.106392264,0.9223719,-0.38456145,0.0366396
1356678078762,-0.082947195,-0.07238421,0.99392164,-0.36752096,-0.9248349,-0.098024085,0.9263089,-0.37341785,0.050109748
1356678078802,-0.09305334,-0.061100394,0.99378455,-0.35313255,-0.93120354,-0.0903184,0.9309342,-0.3593421,0.06507501
1356678078843,-0.10370737,-0.05198519,0.9932484,-0.33728927,-0.9376199,-0.08429082,0.93567127,-0.34375358,0.07970399
1356678078882,-0.11387253,-0.04632148,0.9924149,-0.32128826,-0.94351906,-0.08090478,0.94011,-0.32806408,0.092558414
1356678078922,-0.122837186,-0.044882223,0.9914114,-0.30596846,-0.9486021,-0.08085409,0.94408387,-0.31327254,0.10279107
1356678078962,-0.13015425,-0.047992505,0.99033153,-0.29178336,-0.95274293,-0.084518515,0.9475876,-0.2999627,0.11000013
1356678079027,-0.13560271,-0.055594973,0.98920226,-0.27896532,-0.9558875,-0.091964014,0.9506788,-0.28842372,0.11411193
1356678079043,-0.13937658,-0.06718404,0.9879577,-0.26760554,-0.958018,-0.102900654,0.95339465,-0.2787249,0.115546584
1356678079074,-0.14246178,-0.08118545,0.9864652,-0.25773352,-0.95920783,-0.11616312,0.9556558,-0.27079397,0.11572617
1356678079114,-0.14396077,-0.095490225,0.98496556,-0.24921536,-0.95975477,-0.12947094,0.95768845,-0.26410726,0.11436927
1356678079154,-0.14462978,-0.11139428,0.98319554,-0.24153548,-0.95961016,-0.14425242,0.95955336,-0.25833982,0.11188266
1356678079194,-0.14399743,-0.12814578,0.9812458,-0.23430339,-0.95896983,-0.15962058,0.9614399,-0.25289416,0.108064204
1356678079234,-0.14125139,-0.14583334,0.9791734,-0.22673032,-0.9580349,-0.17539223,0.96366036,-0.2467827,0.10225898
1356678079265,-0.13717616,-0.1639677,0.97688144,-0.21915454,-0.95674044,-0.19136128,0.96599895,-0.24033818,0.09530765
1356678079304,-0.12835872,-0.18387155,0.9745334,-0.21093066,-0.9551168,-0.20799045,0.96903676,-0.23225637,0.08381349
1356678079344,-0.11588246,-0.20694666,0.971465,-0.20480584,-0.95205826,-0.2272431,0.9719186,-0.22529522,0.067943096
1356678079384,-0.10208273,-0.23199776,0.9673449,-0.20398116,-0.9468801,-0.2486156,0.97363794,-0.2226995,0.049336936
1356678079424,-0.09033269,-0.25673088,0.96225214,-0.21083467,-0.93937325,-0.27041915,0.97333896,-0.22730383,0.0307284
1356678079464,-0.0828675,-0.2800221,0.9564102,-0.2250165,-0.92966926,-0.2916892,0.97082466,-0.23937967,0.014029771
1356678079504,-0.080147505,-0.3017144,0.95002353,-0.24434884,-0.9180623,-0.31217816,0.9663695,-0.25715747,-1.4317036E-4
1356678079544,-0.0814265,-0.32204744,0.9432153,-0.2662762,-0.9049297,-0.33196262,0.9604513,-0.27818635,-0.012068309
1356678079584,-0.08529806,-0.34119436,0.9361146,-0.28856787,-0.890811,-0.3509762,0.9536523,-0.3000702,-0.022473268
1356678079614,-0.089989126,-0.358773,0.92907697,-0.30828446,-0.8770111,-0.3685272,0.94702834,-0.3195834,-0.03168273
1356678079654,-0.09309226,-0.37407625,0.9227139,-0.32688445,-0.86388636,-0.38320628,0.9404682,-0.3372943,-0.04185863
1356678079695,-0.09099847,-0.38762343,0.9173153,-0.34360337,-0.85234874,-0.3942567,0.93469566,-0.3510694,-0.055626273
1356678079734,-0.07749826,-0.40142614,0.9126068,-0.35752285,-0.84329027,-0.4012967,0.9306833,-0.35737756,-0.078165546
1356678079774,-0.045243442,-0.41897592,0.9068695,-0.36761478,-0.8371152,-0.40508947,0.92887694,-0.35170624,-0.11614776
1356678079814,0.010365963,-0.44366756,0.8961315,-0.3733584,-0.8330844,-0.40813464,0.92762923,-0.33034754,-0.17428273
1356678079854,0.08464807,-0.4742816,0.8762943,-0.37574744,-0.8297168,-0.41277584,0.92284805,-0.29432467,-0.24844404
1356678079894,0.1617961,-0.5038932,0.84847724,-0.37733722,-0.82605726,-0.41862398,0.9118326,-0.25243032,-0.3237905
1356678079934,0.22291148,-0.524195,0.8219064,-0.37973344,-0.8232154,-0.42204136,0.89783794,-0.21802747,-0.38255852
1356678079964,0.26181763,-0.53367794,0.8041389,-0.38145065,-0.82258403,-0.42172372,0.8865365,-0.1963246,-0.41893882
1356678080024,0.27010268,-0.5279725,0.80516434,-0.3790966,-0.82701534,-0.41512814,0.8850595,-0.19310781,-0.42353165
1356678080044,0.2521661,-0.50879055,0.8231309,-0.37169608,-0.83629346,-0.40305743,0.8934508,-0.20431706,-0.40000027
1356678080084,0.21264714,-0.47829863,0.8520632,-0.36148873,-0.8486473,-0.38616538,0.9078034,-0.22589427,-0.35336196
1356678080124,0.15695965,-0.44009638,0.884126,-0.35130757,-0.8615496,-0.36649042,0.9230096,-0.25307596,-0.28983772
1356678080163,0.09187698,-0.39994174,0.9119239,-0.3418271,-0.8728151,-0.3483505,0.9352608,-0.2797149,-0.21690254
1356678080203,0.025130928,-0.36588714,0.9303199,-0.33136126,-0.8810524,-0.33755952,0.94316924,-0.29978877,-0.14338249
1356678080240,-0.03708422,-0.34553507,0.93767273,-0.317256,-0.8857051,-0.3389321,0.94761455,-0.31005138,-0.07677735
1356678080283,-0.09161359,-0.34391147,0.93452233,-0.29726708,-0.88623196,-0.35528207,0.9503891,-0.31035137,-0.021042727
1356678080323,-0.13727945,-0.36420357,0.9211461,-0.27063543,-0.8807757,-0.38857502,0.9528435,-0.30263817,0.022346072
1356678080363,-0.17227793,-0.40718973,0.89694864,-0.23694898,-0.86669654,-0.4389672,0.9561252,-0.28815547,0.05282955
1356678080402,-0.19419146,-0.4737939,0.85895807,-0.19706473,-0.8389345,-0.5073011,0.9609657,-0.2677839,0.06954591
1356678080442,-0.20076787,-0.5603299,0.80356866,-0.15509471,-0.7917448,-0.59083486,0.9672838,-0.24324992,0.0720527
1356678080483,-0.19362694,-0.6552261,0.7301968,-0.119122505,-0.72307366,-0.6804222,0.97381645,-0.21873094,0.061954364
1356678080523,-0.18072224,-0.74145234,0.64621043,-0.09676713,-0.6404369,-0.76189023,0.97876227,-0.20022243,0.04399298
1356678080562,-0.17183739,-0.8069763,0.5650321,-0.08951208,-0.5584009,-0.8247279,0.98105025,-0.19229624,0.023719907
1356678080603,-0.17259753,-0.84998566,0.4977293,-0.09299171,-0.4889946,-0.8673159,0.98059297,-0.19598126,0.005357623
1356678080643,-0.18309969,-0.87401056,0.45008874,-0.102035016,-0.43846083,-0.89293945,0.9777849,-0.20942175,-0.008897573
1356678080682,-0.20068651,-0.8825849,0.42516908,-0.11404282,-0.41000062,-0.9049275,0.9729949,-0.23009428,-0.018370897
1356678080723,-0.22163045,-0.8772159,0.42587808,-0.12940508,-0.40641844,-0.9044769,0.96650624,-0.25557044,-0.023441434
1356678080762,-0.24170405,-0.85656834,0.4559273,-0.1511463,-0.43088925,-0.8896568,0.95850605,-0.28394544,-0.025319397
1356678080803,-0.25469732,-0.81663924,0.5179089,-0.1843037,-0.48476082,-0.85500824,0.9492952,-0.31322083,-0.027042419
1356678080843,-0.25018752,-0.7551603,0.6059201,-0.23287195,-0.5605165,-0.7947276,0.9397749,-0.33993274,-0.035621434
1356678080882,-0.21563941,-0.68289095,0.6979682,-0.29267073,-0.6367237,-0.71339107,0.9315812,-0.35811007,-0.062559456
1356678080923,-0.14731663,-0.6277578,0.7643416,-0.35004318,-0.68967056,-0.63389623,0.9250771,-0.36093596,-0.118142426
1356678080964,-0.056972146,-0.6109295,0.78963244,-0.395306,-0.71247345,-0.579754,0.91678095,-0.34517628,-0.20091292
1356678081058,0.03567791,-0.6161543,0.78681695,-0.4277408,-0.7209715,-0.5451952,0.90319705,-0.3171023,-0.28927714
1356678081059,0.11590099,-0.6119795,0.78233504,-0.44187835,-0.7371756,-0.5111904,0.8895563,-0.28644943,-0.35585985
1356678081080,0.18371373,-0.572643,0.79895514,-0.43507227,-0.7762106,-0.45629945,0.88145417,-0.26377472,-0.39174163
1356678081120,0.22965646,-0.48263305,0.84517646,-0.39874148,-0.8388206,-0.37065512,0.8878418,-0.25188357,-0.3850864
1356678081163,0.2539087,-0.3329668,0.90810984,-0.34119284,-0.9093574,-0.23802625,0.9050513,-0.24940364,-0.34449965
1356678081203,0.2535916,-0.14679682,0.95610774,-0.28303376,-0.95642054,-0.07177486,0.9249774,-0.25240925,-0.28408867
1356678081243,0.2314704,0.03746698,0.97212017,-0.24146771,-0.96577525,0.09471805,0.9423984,-0.25666007,-0.21450132
1356678081282,0.19734311,0.18442479,0.96283084,-0.22186932,-0.94825935,0.22710836,0.9548978,-0.25844088,-0.14621425
1356678081323,0.1599524,0.2858988,0.94481593,-0.21734506,-0.92345023,0.31622902,0.9629,-0.25593266,-0.08556938
1356678081363,0.123440266,0.34632558,0.9299576,-0.21872085,-0.90458393,0.36590862,0.9679482,-0.24856895,-0.035913467
1356678081402,0.089276135,0.3702587,0.9246287,-0.21878739,-0.8983712,0.38086882,0.97167987,-0.2362996,8.048713E-4
1356678081442,0.057887673,0.3560806,0.9326605,-0.21279828,-0.9083558,0.36000913,0.9753799,-0.21930863,0.023190796
1356678081482,0.029123127,0.29314747,0.9556235,-0.19867665,-0.93525666,0.2929545,0.97963226,-0.19839182,0.031004071
1356678081523,0.0021021962,0.16045909,0.9870403,-0.17892791,-0.9710533,0.15824123,0.98386,-0.17694171,0.026669264
1356678081562,-0.023962557,-0.05291128,0.9983117,-0.16006163,-0.98551303,-0.056074917,0.9868161,-0.16113509,0.015146346
1356678081603,-0.04842025,-0.2930137,0.9548813,-0.14936723,-0.94312847,-0.2969814,0.98759544,-0.1570079,0.0018999279
1356678081643,-0.06982547,-0.464383,0.8828775,-0.15154208,-0.8698279,-0.46950427,0.9859814,-0.16657647,-0.009637356
1356678081682,-0.087854385,-0.54039,0.83681554,-0.1672182,-0.8201424,-0.5471787,0.9819978,-0.18800282,-0.01830995
1356678081724,-0.10120541,-0.544319,0.832751,-0.19439451,-0.81009424,-0.5531347,0.9756885,-0.21786247,-0.023826659
1356678081762,-0.10658944,-0.49945205,0.8597595,-0.22958279,-0.8289574,-0.51002115,0.96743506,-0.2517488,-0.026307553
1356678081802,-0.102111995,-0.42234588,0.9006648,-0.2702325,-0.85957325,-0.43371436,0.9573649,-0.28767636,-0.026358783
1356678081842,-0.08574265,-0.3275771,0.9409259,-0.31248605,-0.8879088,-0.3375951,0.94604474,-0.32297248,-0.026231676
1356678081882,-0.05736512,-0.23647667,0.9699423,-0.35059345,-0.904894,-0.24135266,0.9347692,-0.3539006,-0.030997813
1356678081922,-0.017075002,-0.17136768,0.9850592,-0.37816045,-0.9109127,-0.16502367,0.9255826,-0.37532818,-0.049250633
1356678081962,0.036260486,-0.14705199,0.98846394,-0.39053178,-0.9125455,-0.12143159,0.9198751,-0.3816234,-0.09051781
1356678082022,0.10315585,-0.1656563,0.9807736,-0.38830438,-0.9144998,-0.113621294,0.91573936,-0.36911798,-0.15866107
1356678082044,0.17784804,-0.20901747,0.96160376,-0.37881005,-0.91642076,-0.12913565,0.9082252,-0.34129864,-0.24216154
1356678082084,0.24723047,-0.24813423,0.93664646,-0.3683999,-0.9181332,-0.14598957,0.89619124,-0.30896735,-0.31840312
1356678082124,0.2982092,-0.25760448,0.91908175,-0.35503125,-0.92374164,-0.14371562,0.88601583,-0.28344542,-0.3669259
1356678082164,0.32417107,-0.22988197,0.91764224,-0.3338262,-0.9354195,-0.11640624,0.8851402,-0.26859754,-0.37997657
1356678082204,0.3243578,-0.17229232,0.9301115,-0.30656314,-0.9493499,-0.06894825,0.89488053,-0.262774,-0.36074752
1356678082244,0.3010357,-0.09685108,0.94868195,-0.2804032,-0.95984,-0.009012669,0.91145575,-0.2633003,-0.31610346
1356678082284,0.26055175,-0.021352813,0.9652238,-0.26271266,-0.96359843,0.049599603,0.929029,-0.26649976,-0.2566769
1356678082322,0.20953286,0.04429245,0.9767979,-0.25402665,-0.9622071,0.098122075,0.9442279,-0.2686925,-0.19036254
1356678082362,0.15413195,0.08970937,0.98396933,-0.25163206,-0.9594684,0.12689203,0.9554709,-0.26715633,-0.12531099
1356678082403,0.098566115,0.11039633,0.98898804,-0.25089777,-0.9589645,0.13205034,0.9629823,-0.26115057,-0.066823214
1356678082442,0.04495561,0.10295121,0.99367005,-0.24766673,-0.96247447,0.11092406,0.96780175,-0.25108564,-0.017771035
1356678082482,-0.005357027,0.06145236,0.99809563,-0.23813745,-0.9694734,0.058411956,0.9712167,-0.23737103,0.019827545
1356678082522,-0.05044645,-0.02326765,0.9984557,-0.21840605,-0.9752737,-0.0337623,0.97455317,-0.21977195,0.04411736
1356678082562,-0.08701122,-0.1628093,0.9828135,-0.18662502,-0.96642524,-0.17661692,0.9785706,-0.19878523,0.053705484
1356678082602,-0.11054993,-0.35411435,0.9286451,-0.14735924,-0.9182048,-0.36767548,0.98288554,-0.17749093,0.049325444
1356678082642,-0.1199857,-0.5540092,0.8238187,-0.113068774,-0.8167883,-0.5657493,0.98631585,-0.16102998,0.03536178
1356678082682,-0.12220037,-0.7054559,0.6981398,-0.094504446,-0.69194514,-0.71573806,0.987996,-0.15344074,0.01788716
1356678082722,-0.12627298,-0.79307735,0.59588873,-0.09178433,-0.5887796,-0.8030655,0.9877403,-0.15609872,0.0015548468
1356678082763,-0.13598973,-0.8322325,0.53749025,-0.099870235,-0.5282507,-0.8431945,0.98566353,-0.16834506,-0.01127854
1356678082802,-0.14979655,-0.8382695,0.52427596,-0.11517078,-0.51185524,-0.8513166,0.9819861,-0.18790555,-0.019869983
1356678082842,-0.16416502,-0.81687427,0.55296147,-0.13762352,-0.53611755,-0.83284926,0.9767854,-0.21282521,-0.024409413
1356678082882,-0.17364395,-0.7649441,0.62024856,-0.16921803,-0.5972734,-0.7839832,0.9701613,-0.24109119,-0.025729358
1356678082922,-0.17076981,-0.67628324,0.71657425,-0.21156867,-0.685126,-0.69702303,0.9623286,-0.27063516,-0.026081502
1356678082981,-0.14681214,-0.5550085,0.8187868,-0.26132697,-0.776584,-0.57325876,0.9540202,-0.2981324,-0.031026766
1356678083048,-0.09640032,-0.430279,0.89753383,-0.30680385,-0.8449818,-0.43803793,0.94687825,-0.3175938,-0.050554782
1356678083049,-0.02088219,-0.34616217,0.93794227,-0.33441725,-0.88169044,-0.33284697,0.94219375,-0.32061467,-0.097350985
1356678083100,0.08581728,-0.36616814,0.9265831,-0.34119892,-0.88457876,-0.317968,0.9360655,-0.288862,-0.20084831
1356678083143,0.19981903,-0.34479776,0.91716236,-0.33317044,-0.9041752,-0.26732868,0.92144984,-0.25215405,-0.29554784
1356678083182,0.28597087,-0.30877686,0.90712595,-0.31350827,-0.9247093,-0.21592876,0.9055016,-0.22264215,-0.36124402
1356678083222,0.33939147,-0.23952043,0.9096391,-0.2803855,-0.9488375,-0.1452285,0.89788496,-0.20576033,-0.38918543
1356678083262,0.36022007,-0.13760187,0.92266315,-0.23777227,-0.9699375,-0.05182267,0.9020565,-0.20071614,-0.38210887
1356678083302,0.35171735,-0.018067852,0.93593186,-0.19812632,-0.9786004,0.055563077,0.9148994,-0.20497523,-0.34777045
1356678083343,0.32108796,0.09869732,0.94189245,-0.17341055,-0.9716128,0.16092667,0.9310377,-0.2150057,-0.294858
1356678083382,0.27781504,0.19673802,0.9402728,-0.16692199,-0.9540275,0.2489351,0.9460211,-0.22611013,-0.23220327
1356678083422,0.22969681,0.26969093,0.9351504,-0.17387232,-0.9340131,0.31207043,0.95760524,-0.23427832,-0.16764805
1356678083462,0.18145943,0.31721243,0.9308323,-0.1872895,-0.91807383,0.34937534,0.96539897,-0.23773256,-0.10718259
1356678083502,0.13521576,0.34158248,0.9300742,-0.20162053,-0.90956914,0.3633636,0.9700855,-0.23665455,-0.054118037
1356678083542,0.0919019,0.3446138,0.9342352,-0.21267301,-0.9097648,0.35650826,0.972792,-0.23145042,-0.010319054
1356678083582,0.052657306,0.32523003,0.94416773,-0.21632187,-0.9193145,0.32873356,0.9749011,-0.22155435,0.021945685
1356678083622,0.019339383,0.27899203,0.9600986,-0.2087129,-0.93799543,0.27677324,0.9777857,-0.20573759,0.04008904
1356678083662,-0.0056834817,0.19833764,0.9801173,-0.18913713,-0.96265507,0.19370718,0.9819343,-0.18427564,0.042984188
1356678083702,-0.020853698,0.07724064,0.9967944,-0.163088,-0.98391974,0.07283107,0.9863911,-0.16104642,0.033115327
1356678083742,-0.027396321,-0.07619925,0.99671614,-0.14045092,-0.98690605,-0.07930979,0.98970854,-0.1421625,0.016335338
1356678083782,-0.029837608,-0.23179738,0.9723064,-0.12898542,-0.96371347,-0.23370709,0.99119747,-0.13238661,-0.0011435188
1356678083822,-0.032999873,-0.3539531,0.9346808,-0.1300615,-0.92571706,-0.35515058,0.99095666,-0.13328594,-0.015487131
1356678083862,-0.038748443,-0.4242396,0.9047206,-0.14090678,-0.8940338,-0.4252633,0.9892643,-0.14395957,-0.025135815
1356678083902,-0.045499563,-0.44097313,0.8963663,-0.15877637,-0.8826969,-0.4423079,0.9862656,-0.16244662,-0.02985385
1356678083942,-0.04958719,-0.40799725,0.9116355,-0.18267268,-0.89365715,-0.40988734,0.9819225,-0.18685606,-0.030216008
1356678083982,-0.04630333,-0.3313004,0.94238853,-0.21219543,-0.9186078,-0.3333662,0.97612965,-0.21540649,-0.027765892
1356678084025,-0.030692995,-0.22511524,0.9738485,-0.24547032,-0.94277155,-0.22566801,0.968918,-0.24597737,-0.02632257
1356678084064,0.002336979,-0.11192403,0.993714,-0.27484646,-0.95551854,-0.10697562,0.96148527,-0.27286878,-0.032994952
1356678084104,0.053590953,-0.029484838,0.9981276,-0.2900003,-0.9569423,-0.012697652,0.9555249,-0.28877681,-0.059834063
1356678084144,0.12418687,0.015066445,0.99214447,-0.28312626,-0.9577793,0.049983546,0.95100844,-0.28710943,-0.114677906
1356678084184,0.20942032,0.023666464,0.97753924,-0.2553514,-0.963694,0.07803574,0.9438955,-0.2659583,-0.19577384
1356678084225,0.29556352,0.022856757,0.95504963,-0.21811609,-0.9716937,0.09075646,0.93009007,-0.23513599,-0.28221178
1356678084265,0.36509484,0.04012207,0.9301053,-0.17957667,-0.9772733,0.112646095,0.9134867,-0.20815173,-0.34959245
1356678084304,0.4057756,0.09384095,0.90914243,-0.13881388,-0.9768477,0.16278592,0.9033697,-0.19225615,-0.38335454
1356678084344,0.41367853,0.17975056,0.892502,-0.09835741,-0.9657543,0.2400927,0.90509444,-0.18710539,-0.381832
1356678084384,0.3927403,0.280899,0.8757002,-0.06808533,-0.9407167,0.33228981,0.91712564,-0.19012594,-0.35033226
1356678084424,0.35289085,0.37677968,0.8564492,-0.0572993,-0.90491754,0.42171204,0.9339084,-0.19789225,-0.2977479
1356678084464,0.30476028,0.45486945,0.8367885,-0.06639196,-0.8663003,0.49509186,0.9501123,-0.20644034,-0.23381424
1356678084504,0.25593352,0.5116075,0.8202169,-0.08855492,-0.83250046,0.5469013,0.9626298,-0.2126046,-0.16775942
1356678084543,0.21074289,0.54788923,0.8095708,-0.115193754,-0.80848116,0.57713836,0.97073054,-0.2148853,-0.107268244
1356678084582,0.17061657,0.56680876,0.8059888,-0.1394741,-0.79585373,0.5892061,0.9754163,-0.2129429,-0.056730688
1356678084622,0.13567948,0.5712084,0.80951345,-0.15676677,-0.79439837,0.58681804,0.9782716,-0.20652397,-0.018237054
1356678084662,0.1062991,0.5620794,0.820224,-0.16380592,-0.8037282,0.57200414,0.98074883,-0.19516106,0.0066362917
1356678084702,0.08346027,0.5392671,0.8379888,-0.15839429,-0.82305294,0.5454309,0.9838422,-0.17825446,0.016724706
1356678084742,0.06855357,0.50132614,0.8625384,-0.14140798,-0.85096055,0.5058358,0.9875749,-0.15664665,0.012555178
1356678084782,0.062469542,0.44631052,0.89269507,-0.1191746,-0.88470685,0.4506564,0.9909061,-0.13453889,-0.0020783544
1356678084822,0.06401813,0.374658,0.9249503,-0.1014083,-0.9196115,0.37951422,0.992783,-0.118093446,-0.020878375
1356678084862,0.069601834,0.29228944,0.95379376,-0.09527779,-0.9497939,0.29801643,0.99301445,-0.111617856,-0.0382587
1356678084902,0.07487756,0.21056983,0.974707,-0.10217347,-0.9706866,0.21755031,0.99194455,-0.11587882,-0.051167995
1356678084942,0.07702726,0.1421954,0.98683697,-0.11933112,-0.981348,0.15071884,0.989862,-0.12936983,-0.05862221
1356678084982,0.07574624,0.09622659,0.9924732,-0.14293234,-0.98400587,0.106314324,0.9868297,-0.14990942,-0.060780853
1356678085027,0.07259631,0.07640618,0.9944304,-0.17126438,-0.9812961,0.08789982,0.9825468,-0.1766917,-0.058152825
1356678085064,0.071205795,0.08161802,0.99411684,-0.20072007,-0.9750866,0.09443262,0.9770574,-0.20626333,-0.053049445
1356678085104,0.07455158,0.10249904,0.99193543,-0.23045844,-0.9660057,0.11714038,0.97022206,-0.23733291,-0.048395485
1356678085144,0.087833405,0.13077216,0.987514,-0.25433034,-0.9555456,0.14915988,0.9631207,-0.264256,-0.05066949
1356678085184,0.11549437,0.15111482,0.98174614,-0.26271906,-0.9485161,0.17690666,0.95793515,-0.27835512,-0.069847524
1356678085224,0.1591757,0.15314817,0.9752993,-0.24759355,-0.95013016,0.18960497,0.955699,-0.27165833,-0.11331913
1356678085263,0.21663219,0.12836047,0.9677779,-0.21017225,-0.96194136,0.17463233,0.95336145,-0.24123104,-0.18140966
1356678085302,0.2780437,0.0824379,0.95702434,-0.16782156,-0.976818,0.13290001,0.9457947,-0.19756134,-0.25776324
1356678085342,0.3288067,0.032939292,0.9438227,-0.13773683,-0.9870327,0.082431756,0.93429905,-0.15710324,-0.320006
1356678085382,0.35593873,0.00637231,0.9344876,-0.12068566,-0.99128944,0.052727833,0.92668366,-0.13154712,-0.35206926
1356678085422,0.35530168,0.019621838,0.9345457,-0.1081495,-0.9922026,0.061949387,0.92847425,-0.12308137,-0.35040915
1356678085463,0.33005673,0.07103369,0.9412846,-0.09890123,-0.98907423,0.10931932,0.9387657,-0.12917578,-0.31942528
1356678085502,0.28742868,0.14328995,0.9470231,-0.09923535,-0.9789699,0.17824236,0.9526474,-0.14521012,-0.2671646
1356678085542,0.2358563,0.21619941,0.9474332,-0.112788394,-0.96225935,0.24766049,0.9652205,-0.16527176,-0.20257014
1356678085582,0.18218672,0.27500147,0.94402444,-0.13647437,-0.9437274,0.30125302,0.9737468,-0.18371946,-0.13440394
1356678085622,0.13028884,0.31005114,0.94175005,-0.16315138,-0.9301937,0.32881808,0.97796035,-0.19648916,-0.070608586
1356678085662,0.08080441,0.3149672,0.94565654,-0.18545309,-0.92744094,0.32474673,0.9793252,-0.20161587,-0.01652968
1356678085702,0.031603515,0.2758853,0.9606709,-0.19802076,-0.9403706,0.27656984,0.9796882,-0.19897334,0.024912
1356678085742,-0.02271247,0.15523912,0.98761576,-0.19522052,-0.9695422,0.14790867,0.98049635,-0.18944351,0.0523265
1356678085782,-0.09114504,-0.14813906,0.98475754,-0.16167724,-0.9735527,-0.16141765,0.9826256,-0.1739253,0.06478378
1356678085841,-0.15140086,-0.6897976,0.7079951,-0.06576294,-0.7076357,-0.7035104,0.9862824,-0.15307191,0.061773553
1356678085863,-0.13550109,-0.972124,0.19134912,0.018890887,-0.19563013,-0.9804958,0.9905971,-0.1292435,0.044872373
1356678085903,-0.105362535,-0.9897125,-0.09678754,0.029592723,0.09416568,-0.9951166,0.9939934,-0.10771218,0.019366741
1356678085940,-0.09313452,-0.97008336,-0.22419676,0.014178723,0.22386044,-0.97451806,0.99555254,-0.09394014,-0.007094562
1356678085983,-0.09496662,-0.9536981,-0.28537902,-0.002276659,0.286882,-0.9579631,0.9954778,-0.09032485,-0.029415429
1356678086023,-0.10609785,-0.94238544,-0.31725857,-0.01247403,0.32029572,-0.94723547,0.9942775,-0.09654209,-0.04573804
1356678086061,-0.12136099,-0.93379754,-0.33659118,-0.016165793,0.34091207,-0.9399562,0.99247676,-0.10863271,-0.056469023
1356678086103,-0.13912112,-0.9287514,-0.3436075,-0.015096128,0.34893054,-0.937027,0.9901603,-0.12517309,-0.062564135
1356678086142,-0.15813303,-0.927993,-0.33737656,-0.011952281,0.34344953,-0.93909514,0.98734546,-0.14446953,-0.06540233
1356678086182,-0.1778326,-0.9334594,-0.31149513,-0.011201054,0.31844014,-0.9478768,0.98399705,-0.16507432,-0.06708473
1356678086222,-0.19668892,-0.94660896,-0.25543085,-0.020663619,0.2644641,-0.96417415,0.9802482,-0.18436423,-0.07157755
1356678086262,-0.20927492,-0.96487576,-0.15880415,-0.05122894,0.1729953,-0.9835894,0.976514,-0.19770524,-0.08563316
1356678086302,-0.20410061,-0.9784698,-0.030655354,-0.10903746,0.05384171,-0.9925784,0.97285855,-0.19924328,-0.117679
1356678086342,-0.17315042,-0.98162067,0.08024809,-0.18458411,-0.04769206,-0.98165894,0.9674438,-0.18478718,-0.1729337
1356678086382,-0.12580597,-0.98314524,0.13265836,-0.26330623,-0.09583396,-0.95994043,0.95647407,-0.15569603,-0.2468118
1356678086423,-0.07637292,-0.98621833,0.14676726,-0.33685303,-0.11302179,-0.93474925,0.93845475,-0.12082848,-0.32357883
1356678086462,-0.029467314,-0.9854293,0.16751355,-0.39380482,-0.14258686,-0.9080676,0.9187216,-0.09272599,-0.38386518
1356678086502,0.016372293,-0.975526,0.21927407,-0.42290875,-0.20547733,-0.8825686,0.90602446,-0.07828322,-0.41592258
1356678086542,0.06363365,-0.94796073,0.31196338,-0.4189948,-0.30908892,-0.85376066,0.90575606,-0.07638317,-0.4168591
1356678086582,0.112820804,-0.88388807,0.4538869,-0.38194257,-0.460285,-0.8014097,0.9172739,-0.08294302,-0.38952422
1356678086622,0.15926176,-0.74655056,0.645986,-0.31482682,-0.6585804,-0.6834881,0.93569213,-0.09452021,-0.33992082
1356678086662,0.18687737,-0.5019108,0.8444894,-0.2295365,-0.85814744,-0.45923403,0.95519096,-0.10802069,-0.2755752
1356678086703,0.17896181,-0.19638139,0.96405756,-0.15644372,-0.97308964,-0.16917998,0.9713383,-0.12054399,-0.20486853
1356678086742,0.1442641,0.061056994,0.98765373,-0.12042739,-0.9895923,0.07876736,0.9821838,-0.13030386,-0.13540971
1356678086782,0.10267919,0.22401369,0.9691619,-0.116274096,-0.9649294,0.23535419,0.9878954,-0.13685441,-0.07303119
1356678086822,0.0636915,0.3054167,0.95008636,-0.12708443,-0.94178647,0.31126803,0.9898449,-0.14056632,-0.02117008
1356678086862,0.028765023,0.32071108,0.9467402,-0.13999644,-0.9365044,0.32149723,0.9897341,-0.1417881,0.017959833
1356678086902,-0.0029902458,0.26983964,0.96290064,-0.14606543,-0.95269555,0.2665262,0.98927045,-0.13984951,0.04226297
1356678086942,-0.032413602,0.13018404,0.9909598,-0.13858409,-0.982489,0.124538235,0.98982006,-0.13329457,0.04988745
1356678086982,-0.057326257,-0.13254285,0.98951817,-0.11518423,-0.98365134,-0.13843001,0.9916886,-0.121912554,0.04112208
1356678087025,-0.06911874,-0.48074096,0.87413424,-0.08518195,-0.8701857,-0.4853049,0.9939651,-0.10800417,0.019195735
1356678087064,-0.06726402,-0.7427107,0.66622543,-0.06929937,-0.6626473,-0.74571854,0.9953257,-0.09632903,-0.006897062
1356678087104,-0.06301677,-0.86777884,0.4929388,-0.07178569,-0.48869985,-0.8694936,0.99542737,-0.09017864,-0.031497747
1356678087144,-0.0639717,-0.91669697,0.394429,-0.082494795,-0.38902825,-0.9175247,0.99453616,-0.09123397,-0.05073592
1356678087184,-0.07039863,-0.9307638,0.35877964,-0.09473437,-0.35180795,-0.9312661,0.9930103,-0.09954864,-0.06340855
1356678087224,-0.08012056,-0.9240694,0.3737331,-0.1072689,-0.3647679,-0.92489886,0.99099654,-0.11419335,-0.069898486
1356678087264,-0.08961028,-0.8961899,0.43452692,-0.12214482,-0.42310023,-0.89781225,0.98845875,-0.13352835,-0.071550876
1356678087303,-0.094050765,-0.8374481,0.53836346,-0.14294624,-0.5237979,-0.83976316,0.98525167,-0.15593737,-0.07044652
1356678087342,-0.08592123,-0.73675466,0.67067885,-0.1719647,-0.6520981,-0.738374,0.9813489,-0.1787751,-0.07066667
1356678087382,-0.05783105,-0.6067818,0.7927619,-0.20522158,-0.7699062,-0.60425866,0.9770055,-0.19763677,-0.08000024
1356678087423,-0.008319259,-0.49643245,0.8680355,-0.2330909,-0.8431902,-0.4844573,0.9724193,-0.20636149,-0.10869917
1356678087462,0.05689013,-0.44796205,0.8922407,-0.25154406,-0.8712888,-0.42140415,0.9661724,-0.2004641,-0.16224992
1356678087502,0.12869394,-0.44712132,0.8851669,-0.26543033,-0.87555337,-0.40367448,0.9555023,-0.18299967,-0.23135796
1356678087542,0.1961202,-0.4429791,0.8748179,-0.2734918,-0.88145185,-0.38502583,0.9416682,-0.16374418,-0.29402167
1356678087582,0.25057054,-0.39264396,0.8848984,-0.26249287,-0.90737236,-0.32828775,0.93183255,-0.15002027,-0.33042702
1356678087623,0.28508586,-0.27881387,0.9170544,-0.22385408,-0.9496669,-0.21913932,0.9319954,-0.14281286,-0.33315024
1356678087662,0.29188377,-0.10969971,0.950142,-0.16696735,-0.9839912,-0.06231541,0.94176733,-0.14045385,-0.30552733
1356678087702,0.2687543,0.07885442,0.95997554,-0.11454738,-0.98695415,0.113139115,0.9563734,-0.1403693,-0.2562156
1356678087742,0.22528446,0.2434698,0.9433819,-0.083663076,-0.9598625,0.2677023,0.9706943,-0.1392354,-0.19587266
1356678087782,0.17490363,0.36364448,0.9149707,-0.0745814,-0.92173207,0.3805885,0.98175675,-0.13480613,-0.13409317
1356678087823,0.12627071,0.44000122,0.8890752,-0.07867375,-0.88898396,0.45112967,0.98887116,-0.12691133,-0.07763609
1356678087862,0.08279979,0.47973704,0.8734968,-0.08742535,-0.8696306,0.48590082,0.99272406,-0.11659826,-0.030064106
1356678087902,0.045357823,0.48796374,0.8716846,-0.09471035,-0.86655164,0.49001858,0.994471,-0.10478374,0.006910328
1356678087943,0.014379144,0.4645955,0.8854062,-0.09559043,-0.8808032,0.4637326,0.9953168,-0.09130441,0.03174579
1356678087982,-0.008959293,0.4020174,0.9155882,-0.08604878,-0.9125385,0.39983633,0.9962507,-0.07520297,0.042768806
1356678088031,-0.01971817,0.27604827,0.9609415,-0.06222395,-0.959604,0.27438724,0.9978674,-0.054383166,0.03609845
1356678088062,-0.0204463,0.0721699,0.9971827,-0.037494376,-0.996745,0.07136943,0.9990876,-0.03592951,0.023085713
1356678088102,-0.0079469085,-0.17021216,0.9853754,-0.021065459,-0.9851594,-0.17034474,0.99974656,-0.022111095,0.0042433143
1356678088142,0.0069401264,-0.3794156,0.9252003,-0.020720571,-0.92507845,-0.37921023,0.99976116,-0.016538918,-0.014281809
1356678088182,0.014470637,-0.50220394,0.86462814,-0.0321732,-0.86450475,-0.5015938,0.99937755,-0.020559475,-0.02866745
1356678088222,0.013411522,-0.54506403,0.8382871,-0.048260868,-0.8377383,-0.54393506,0.9987447,-0.03316149,-0.037540562
1356678088262,0.0070396066,-0.52884465,0.8486895,-0.06586808,-0.8471126,-0.5273156,0.9978035,-0.05218944,-0.040797375
1356678088302,-9.858012E-4,-0.46768546,0.88389444,-0.085254624,-0.88063747,-0.4660572,0.99635875,-0.07581553,-0.039004207
1356678088342,-0.0072160363,-0.37334704,0.9276637,-0.1079084,-0.9219799,-0.37189895,0.99413466,-0.10278635,-0.03363424
1356678088382,-0.0075243115,-0.26377374,0.9645552,-0.13384299,-0.95563763,-0.26237917,0.990974,-0.13107318,-0.028113753
1356678088422,0.0035258532,-0.16273417,0.98666364,-0.15817,-0.9743401,-0.16013637,0.9874056,-0.15549597,-0.029175043
1356678088462,0.03155887,-0.08991516,0.9954493,-0.1711064,-0.98172903,-0.08325124,0.98474705,-0.16770044,-0.046367317
1356678088502,0.080283046,-0.0518991,0.9954201,-0.16361752,-0.98578393,-0.038200546,0.9832517,-0.15980132,-0.08763334
1356678088542,0.14779264,-0.0420584,0.9881237,-0.13643396,-0.9904104,-0.021749444,0.9795627,-0.13159922,-0.15211356
1356678088582,0.22225201,-0.042697214,0.9740539,-0.101575114,-0.99461824,-0.020422027,0.9696837,-0.09440079,-0.22539288
1356678088622,0.28402126,-0.03205406,0.958282,-0.07118012,-0.99738806,-0.012265356,0.9561722,-0.06472701,-0.28556103
1356678088662,0.31737423,0.0024123732,0.94829726,-0.0480896,-0.99866915,0.018635046,0.94708025,-0.05151752,-0.31683585
1356678088703,0.31794643,0.05849297,0.9463026,-0.03215613,-0.99685556,0.072421834,0.94756323,-0.053455696,-0.31506577
1356678088743,0.2904793,0.12477145,0.9487117,-0.027152516,-0.9899882,0.13851365,0.95649594,-0.06599525,-0.28418323
1356678088780,0.2448594,0.18766236,0.9512238,-0.036815055,-0.97858244,0.20253655,0.9688594,-0.08461233,-0.23270631
1356678088823,0.19022423,0.23841658,0.9523509,-0.05914563,-0.9655185,0.25352687,0.9799574,-0.104554355,-0.16956371
1356678088862,0.13421345,0.2720756,0.9528702,-0.08663692,-0.9546664,0.28479144,0.9871579,-0.12077659,-0.104557276
1356678088902,0.08107865,0.28810424,0.95416045,-0.111029625,-0.9487432,0.29590315,0.99050426,-0.1299315,-0.04493472
1356678088942,0.033468425,0.28663814,0.95745414,-0.1262007,-0.94911075,0.28855175,0.99144,-0.13048874,0.0044087474
1356678088982,-0.006427169,0.26798314,0.96340215,-0.12829292,-0.95568126,0.2649796,0.99171543,-0.1218946,0.040522724
1356678089026,-0.035587132,0.2311229,0.9722736,-0.11417259,-0.9674602,0.22579974,0.99282336,-0.102971435,0.060816914
1356678089064,-0.05182135,0.17312859,0.983535,-0.08689846,-0.98190445,0.16826297,0.99486846,-0.07674807,0.06592816
1356678089104,-0.051045418,0.09586968,0.9940842,-0.04959274,-0.99439716,0.09335331,0.99746424,-0.044534095,0.05551386
1356678089144,-0.03440523,-9.3064876E-4,0.9994076,-0.013094759,-0.9999134,-0.0013819146,0.99932224,-0.013134547,0.034390002
1356678089185,-0.008657932,-0.107326984,0.9941861,0.010623846,-0.99417716,-0.107233495,0.9999061,0.009633664,0.009747684
1356678089224,0.015725434,-0.20866245,0.9778613,0.015865736,-0.97780704,-0.208906,0.9997505,0.018799625,-0.012065857
1356678089264,0.030530632,-0.2933994,0.95550233,0.0048125535,-0.95589375,-0.29367334,0.99952227,0.013564438,-0.027772037
1356678089304,0.032917082,-0.35760987,0.9332908,-0.01630418,-0.93386465,-0.3572547,0.9993251,-0.0034567416,-0.03657064
1356678089342,0.024163604,-0.4025855,0.9150634,-0.041907266,-0.914934,-0.40142196,0.99882925,-0.028647989,-0.038979355
1356678089382,0.0068295,-0.43142954,0.9021207,-0.0690507,-0.90019184,-0.42998433,0.9975897,-0.059355497,-0.035938315
1356678089422,-0.015443087,-0.44775948,0.8940206,-0.096399635,-0.8892953,-0.44705805,0.99522287,-0.093087226,-0.02943033
1356678089462,-0.036593974,-0.4560421,0.88920546,-0.123414144,-0.8809276,-0.45687565,0.99168026,-0.12645945,-0.024045356
1356678089502,-0.046166778,-0.46310538,0.8851,-0.14898716,-0.8729423,-0.46451536,0.9877608,-0.15331373,-0.028695822
1356678089542,-0.031122983,-0.47750092,0.8780799,-0.17142327,-0.86293864,-0.47534305,0.9847058,-0.1653174,-0.054997593
1356678089582,0.016384065,-0.5047686,0.8630992,-0.19046658,-0.8489841,-0.49289805,0.981557,-0.15631586,-0.11005142
1356678089622,0.0889492,-0.54195917,0.83568436,-0.20876022,-0.83051884,-0.516389,0.9739134,-0.12852529,-0.1870135
1356678089662,0.16200006,-0.5786701,0.79931027,-0.22747512,-0.81009364,-0.5403733,0.9602141,-0.09428269,-0.2628683
1356678089702,0.21102661,-0.60702956,0.76614803,-0.2413862,-0.79188645,-0.56093544,0.9472067,-0.066565275,-0.31363767
1356678089742,0.2264629,-0.62596107,0.7462488,-0.24352595,-0.77820843,-0.5788667,0.94308513,-0.050639123,-0.32867312
1356678089782,0.2106232,-0.637263,0.7413055,-0.23154467,-0.7692593,-0.59550595,0.94974995,-0.04621795,-0.3095787
1356678089822,0.17072064,-0.6431552,0.7464623,-0.20779124,-0.7640466,-0.61078274,0.9631601,-0.050835103,-0.26408052
1356678089862,0.11587298,-0.64665127,0.7539334,-0.17597923,-0.7604035,-0.62515426,0.9775504,-0.060238123,-0.20190741
1356678089902,0.055908322,-0.6524815,0.75573945,-0.1395424,-0.7546007,-0.6411752,0.9886365,-0.069610655,-0.13323729
1356678089942,-4.5758486E-4,-0.6662699,0.74571055,-0.10140434,-0.74183583,-0.66287017,0.9948452,-0.075921595,-0.067223266
1356678089982,-0.046928763,-0.69261575,0.71977866,-0.06347346,-0.71704865,-0.6941272,0.9968796,-0.078261346,-0.010312572
1356678090025,-0.07888162,-0.7339778,0.6745772,-0.026359528,-0.67491347,-0.737426,0.9965355,-0.07595086,0.033890918
1356678090064,-0.09307706,-0.7901522,0.6058021,0.008636743,-0.60906136,-0.7930762,0.9956215,-0.06858498,0.06351389
1356678090104,-0.08640146,-0.8529916,0.5147232,0.03792551,-0.5190969,-0.8538735,0.99553823,-0.05425483,0.077200934
1356678090144,-0.06033045,-0.913638,0.4020271,0.055490762,-0.4052077,-0.91253895,0.9966347,-0.032745123,0.07514489
1356678090182,-0.023348391,-0.9597897,0.27974743,0.055190384,-0.28063452,-0.9582267,0.99820286,-0.0069336593,0.059523493
1356678090222,0.010590136,-0.9861418,0.16556609,0.038152575,-0.16505629,-0.98554593,0.99921584,0.016753852,0.035875916
1356678090263,0.031000257,-0.99691397,0.072122425,0.013170421,-0.07174343,-0.99733627,0.9994327,0.031867623,0.010905683
1356678090302,0.035291463,-0.99937546,0.0017938912,-0.00979057,-0.002140671,-0.99994975,0.9993291,0.03527206,-0.009860009
1356678090342,0.025717914,-0.9985688,-0.046892673,-0.02527368,0.046243727,-0.9986104,0.9993497,0.02686727,-0.02404821
1356678090382,0.0063664913,-0.9970524,-0.07645935,-0.031792462,0.07622045,-0.996584,0.9994742,0.008775532,-0.031213462
1356678090423,-0.018991828,-0.9960245,-0.087031245,-0.030525416,0.08758402,-0.99568933,0.9993535,-0.016253293,-0.032067418
1356678090462,-0.047899425,-0.9959898,-0.075564265,-0.02445218,0.076797664,-0.99674684,0.9985528,-0.045895875,-0.02803266
1356678090502,-0.07855308,-0.99626863,-0.035753608,-0.019222409,0.037371457,-0.99911654,0.9967246,-0.07779643,-0.022086322
1356678090542,-0.10714203,-0.99345595,0.03957203,-0.024940193,-0.037103117,-0.99900013,0.99393094,-0.108021796,-0.020801663
1356678090582,-0.12292856,-0.98128176,0.14823824,-0.05371687,-0.14257294,-0.98832554,0.99096066,-0.12945634,-0.0351851
1356678090622,-0.10978544,-0.9587628,0.26214677,-0.10803014,-0.25066882,-0.96202624,0.9880671,-0.13393626,-0.0760555
1356678090662,-0.06273407,-0.93848795,0.33956572,-0.1758632,-0.3245172,-0.92938733,0.98241365,-0.11802134,-0.1446873
1356678090702,0.0019757748,-0.92788756,0.3728549,-0.24211314,-0.36220622,-0.90010434,0.970246,-0.08849466,-0.22536942
1356678090742,0.06429535,-0.9173403,0.39287767,-0.29191813,-0.3937605,-0.87162864,0.9542798,-0.05864644,-0.29310524
1356678090782,0.11560202,-0.89417946,0.43252653,-0.31145203,-0.44611698,-0.8390335,0.943204,-0.037717342,-0.33006603
1356678090822,0.15477532,-0.84561956,0.51085436,-0.29457673,-0.5330654,-0.7931367,0.9430107,-0.027727753,-0.33160517
1356678090862,0.17949867,-0.7502432,0.6363296,-0.24394998,-0.66057783,-0.7100178,0.95303124,-0.02778536,-0.30159467
1356678090902,0.18190044,-0.5805347,0.7936572,-0.17231925,-0.81345195,-0.5555196,0.9681003,-0.035713136,-0.24800457
1356678090942,0.1541633,-0.34063268,0.92747134,-0.105405316,-0.93900615,-0.3273487,0.9824069,-0.047295243,-0.18066478
1356678090982,0.10409874,-0.097509004,0.9897754,-0.06774961,-0.99356586,-0.090756916,0.99225676,-0.057609223,-0.11003515
1356678091025,0.04978025,0.08485223,0.99514925,-0.05956386,-0.9943589,0.0877644,0.99698246,-0.06364386,-0.044445306
1356678091064,0.0024542212,0.18601273,0.9825443,-0.06571032,-0.98039377,0.18576972,0.99783576,-0.065019235,0.009816796
1356678091104,-0.036070943,0.21863988,0.97513866,-0.071009904,-0.973868,0.21572828,0.9968232,-0.061462976,0.050653934
1356678091144,-0.066690266,0.17326134,0.98261535,-0.06474048,-0.98348397,0.16902056,0.99567115,-0.052342962,0.07680583
1356678091182,-0.08727795,0.00667468,0.9961616,-0.03701771,-0.9993085,0.0034524836,0.9954959,-0.036574297,0.08746481
1356678091222,-0.08153778,-0.3835467,0.919915,0.019067928,-0.9234198,-0.38331783,0.9964879,-0.013714001,0.08260691
1356678091262,-0.021539629,-0.85677034,0.515248,0.06243205,-0.5155144,-0.8546034,0.99781674,0.0137601495,0.064594
1356678091302,0.03621173,-0.9951829,0.09110299,0.042464226,-0.08954811,-0.9950769,0.9984416,0.03990212,0.03901699
1356678091343,0.058784574,-0.9923618,-0.10845479,0.006620705,0.10902789,-0.99401665,0.9982487,0.05771479,0.012979329
1356678091382,0.06041479,-0.9811527,-0.18354654,-0.019651473,0.18267769,-0.98297644,0.9979799,0.06299329,-0.008244693
1356678091422,0.049610168,-0.9800041,-0.19269332,-0.03282568,0.19122687,-0.9809968,0.998229,0.054992616,-0.022682428
1356678091462,0.030917645,-0.9878454,-0.152334,-0.03529218,0.1512329,-0.98786795,0.99889874,0.035918713,-0.030187428
1356678091502,0.007255167,-0.9985646,-0.05306828,-0.031915814,0.052811354,-0.99809444,0.9994643,0.008935124,-0.03148687
1356678091543,-0.019026995,-0.9895158,0.14316571,-0.03093478,-0.14254045,-0.98930544,0.9993403,-0.023252308,-0.027898312
1356678091583,-0.040049493,-0.8737929,0.4846464,-0.04755351,-0.4828192,-0.87442803,0.9980655,-0.058067024,-0.022215307
1356678091620,-0.031522036,-0.53432375,0.84469193,-0.087930664,-0.8403527,-0.53486025,0.9956277,-0.09113419,-0.020493805
1356678091664,0.012150884,-0.17433913,0.9846107,-0.11928265,-0.97790474,-0.17167969,0.99278593,-0.1153609,-0.032678038
1356678091702,0.07174152,0.024666727,0.99711823,-0.12086952,-0.99211174,0.033239294,0.9900726,-0.122905836,-0.06819415
