1356678382525,-0.37389088,0.028903812,-0.9270222,-0.91936135,0.12035054,0.37455353,0.12239364,0.9923105,-0.018424928
1356678382562,0.18107355,-0.0040174127,0.9834613,0.97582114,-0.123737454,-0.18017232,0.12241489,0.9923068,-0.018485278
1356678382603,0.18178564,-0.0037639737,0.983331,0.97567004,-0.12394971,-0.18084386,0.122564256,0.99228144,-0.018859893
1356678382644,0.1838322,-0.003054738,0.9829529,0.9752244,-0.12462339,-0.1827741,0.123057306,0.9921994,-0.01993069
1356678382682,0.18762693,-0.0017877817,0.98223877,0.97437847,-0.12593141,-0.18635473,0.12402782,0.9920374,-0.02188623
1356678382723,0.19346371,1.0988116E-4,0.9811074,0.9730643,-0.1278055,-0.19186342,0.12536985,0.99179924,-0.024832636
1356678382765,0.20153722,0.0027252436,0.97947705,0.9712385,-0.13001308,-0.19948027,0.12680122,0.9915085,-0.028849304
1356678382803,0.21133956,0.005977094,0.97739446,0.9689708,-0.1324257,-0.20870829,0.12818459,0.99117494,-0.03377846
1356678382843,0.22208446,0.009762287,0.97497857,0.9663779,-0.13510102,-0.21877262,0.12958488,0.9907837,-0.03943789
1356678382882,0.2337547,0.014275759,0.97219074,0.96343565,-0.13807756,-0.22962204,0.13095975,0.99031854,-0.046030045
1356678382924,0.24667838,0.019807309,0.96889496,0.96005,-0.14129135,-0.24153802,0.1321123,0.9897698,-0.053869486
1356678382962,0.2605477,0.02632007,0.96510214,0.9562347,-0.1449017,-0.25420204,0.13315433,0.9890959,-0.06292197
1356678383003,0.27391404,0.033269733,0.96117854,0.9522586,-0.14947248,-0.2661983,0.1348134,0.988206,-0.07262403
1356678383043,0.28487855,0.03984341,0.9577352,0.9485626,-0.15566915,-0.27567413,0.13810596,0.9870055,-0.0821408
1356678383082,0.2920003,0.045315564,0.9553441,0.9455753,-0.16366124,-0.28125137,0.14360774,0.98547524,-0.09063843
1356678383122,0.30095515,0.04828739,0.95241505,0.94158024,-0.17336312,-0.28874192,0.15117103,0.98367345,-0.09764102
1356678383163,0.29679957,0.051674247,0.9535407,0.941389,-0.18345281,-0.2830755,0.16030204,0.98166937,-0.10309425
1356678383202,0.29262975,0.05356443,0.95472443,0.94099736,-0.19360897,-0.2775599,0.16997588,0.97961545,-0.10705972
1356678383242,0.28831097,0.054044604,0.95601046,0.94052637,-0.20333871,-0.27214637,0.17968583,0.97761583,-0.10945517
1356678383282,0.2838646,0.05342841,0.9573747,0.9400988,-0.21207264,-0.266907,0.18877259,0.9757923,-0.11042786
1356678383322,0.2802698,0.05248478,0.95848536,0.9395572,-0.2195791,-0.2627113,0.19667503,0.9741819,-0.11085385
1356678383363,0.27902594,0.05209425,0.95886946,0.9385662,-0.22595325,-0.260842,0.20307133,0.9727442,-0.11194071
1356678383402,0.28014317,0.05255717,0.9585184,0.937113,-0.2315112,-0.26119292,0.20818019,0.97141147,-0.114108294
1356678383463,0.28114608,0.05328992,0.95818424,0.93572295,-0.23685798,-0.26138258,0.21302459,0.9700817,-0.11645627
1356678383484,0.27804866,0.05316335,0.95909464,0.93525475,-0.24268684,-0.25768498,0.21906027,0.9686469,-0.11720002
1356678383524,0.26698905,0.051037848,0.96234715,0.93654144,-0.24913949,-0.24661657,0.22717187,0.96712184,-0.11431658
1356678383554,0.25025496,0.04757449,0.96701044,0.93910694,-0.2548528,-0.2304956,0.23547965,0.96580887,-0.10845566
1356678383584,0.2270593,0.042208314,0.97296584,0.94300926,-0.25908273,-0.20882908,0.24326435,0.96493244,-0.09862995
1356678383624,0.19139367,0.033053845,0.98095655,0.9494213,-0.25971246,-0.17648968,0.24893305,0.9651201,-0.08108929
1356678383664,0.15197533,0.022412062,0.9881301,0.9563594,-0.25576228,-0.14128795,0.24955988,0.9664799,-0.06030354
1356678383704,0.11850464,0.011775076,0.99288374,0.96251094,-0.2470628,-0.11194947,0.24398643,0.968928,-0.040611744
1356678383735,0.09847313,0.0014863312,0.99513865,0.9668262,-0.23698461,-0.09531754,0.23569086,0.97151226,-0.024773657
1356678383774,0.09140229,-0.007897168,0.99578273,0.97071886,-0.22236979,-0.090865254,0.22214958,0.9749304,-0.012659162
1356678383814,0.10801184,-0.018656164,0.99397457,0.9726958,-0.20460665,-0.10953987,0.20541742,0.9786664,-0.0039531887
1356678383854,0.15044022,-0.03104487,0.9881315,0.9707413,-0.18458301,-0.15359172,0.18716052,0.9823264,0.002367884
1356678383894,0.22025657,-0.04532036,0.97438854,0.96069694,-0.16295046,-0.22474068,0.16896242,0.9855928,0.007648289
1356678383934,0.31469962,-0.06164545,0.9471874,0.9368718,-0.14007893,-0.32038903,0.15243149,0.9882195,0.01367107
1356678383974,0.42147207,-0.08119914,0.9031987,0.8959874,-0.116348445,-0.42856684,0.13988507,0.98988366,0.023715809
1356678384014,0.51539797,-0.10747728,0.85018444,0.84628284,-0.092220604,-0.52469087,0.13479695,0.9899211,0.043425903
1356678384054,0.57034695,-0.14616194,0.80829513,0.8092632,-0.06857377,-0.58343005,0.14070311,0.98688114,0.079172656
1356678384094,0.5705868,-0.20183897,0.79604757,0.8057556,-0.04973632,-0.59015596,0.15870902,0.978155,0.13425404
1356678384134,0.51265395,-0.27284378,0.8140898,0.8382192,-0.04629481,-0.5433647,0.18594193,0.96094376,0.20496976
1356678384174,0.41518995,-0.34556183,0.84154874,0.8839327,-0.065512985,-0.46300203,0.21512824,0.93610626,0.27825314
1356678384214,0.3246991,-0.40136057,0.8564346,0.91541845,-0.09436566,-0.39128524,0.2378645,0.91104597,0.33677244
1356678384254,0.2879287,-0.43151248,0.8549235,0.92433393,-0.10820627,-0.3659213,0.2504076,0.895594,0.36770585
1356678384294,0.3207023,-0.4361165,0.8408046,0.91231954,-0.096385,-0.39797366,0.25460383,0.8947135,0.36696672
1356678384334,0.40658328,-0.41642502,0.8131914,0.87786424,-0.068483084,-0.47398806,0.2530702,0.90658724,0.33772045
1356678384374,0.51302207,-0.3761746,0.77155745,0.82212174,-0.04313776,-0.5676751,0.2468282,0.925544,0.2871307
1356678384404,0.5936227,-0.33189607,0.7331147,0.7684846,-0.036577553,-0.63882196,0.23883802,0.94260657,0.23334375
1356678384461,0.65695417,-0.28804165,0.6967376,0.7179479,-0.043078154,-0.6947625,0.23013474,0.9566484,0.17849857
1356678384475,0.71104217,-0.2427705,0.65991026,0.6673513,-0.062640205,-0.7421041,0.22149788,0.96805924,0.117473364
1356678384514,0.73994404,-0.20312884,0.6412655,0.6374029,-0.09288995,-0.7649112,0.21494262,0.974736,0.060741544
1356678384571,0.7502764,-0.170191,0.638843,0.6266134,-0.12506115,-0.7692305,0.21081053,0.977443,0.0128135085
1356678384593,0.7456265,-0.14240581,0.6509698,0.6330136,-0.15381044,-0.7587068,0.20817025,0.97778463,-0.024540305
1356678384633,0.7298461,-0.11824939,0.6733066,0.65176415,-0.17675492,-0.7375373,0.20622356,0.9771258,-0.0519332
1356678384670,0.703874,-0.097292036,0.70363027,0.680143,-0.19337015,-0.70711625,0.20485787,0.97629,-0.06993571
1356678384713,0.6665799,-0.08058819,0.74106467,0.7167244,-0.20395298,-0.6668652,0.20488381,0.97565806,-0.07819143
1356678384753,0.61542857,-0.06962708,0.78511125,0.7603357,-0.21003357,-0.6146344,0.20769495,0.97521174,-0.07632069
1356678384792,0.54940486,-0.06561875,0.8329756,0.80777824,-0.21320245,-0.5495807,0.21365532,0.9748019,-0.064129025
1356678384833,0.47347403,-0.06755477,0.87821335,0.8528349,-0.2141189,-0.47626233,0.22021586,0.9744688,-0.043766677
1356678384872,0.3997706,-0.072760195,0.9137229,0.8889867,-0.21212485,-0.40583968,0.22335228,0.9745302,-0.020118475
1356678384913,0.34170604,-0.078621864,0.9365125,0.9135897,-0.20594078,-0.3506313,0.22043335,0.975401,0.0014569163
1356678384954,0.308275,-0.08380365,0.9475988,0.9275334,-0.1947771,-0.31897298,0.2113016,0.97726095,0.017685756
1356678384992,0.30402645,-0.087768555,0.948612,0.93198395,-0.17894408,-0.31525373,0.19741789,0.9799366,0.027395174
1356678385033,0.33056977,-0.08994597,0.9394857,0.9263814,-0.15934333,-0.3412144,0.18039161,0.9831172,0.030650154
1356678385073,0.38709727,-0.089458466,0.91768885,0.90782243,-0.13712314,-0.39630258,0.16128895,0.9865062,0.028132394
1356678385113,0.46818584,-0.08580041,0.8794545,0.87229383,-0.11403537,-0.47549918,0.1410869,0.9897648,0.021453425
1356678385153,0.559084,-0.080733895,0.825171,0.8201271,-0.09226394,-0.5646936,0.12172344,0.99245626,0.014628798
1356678385193,0.6368218,-0.08183223,0.76665604,0.76339406,-0.072502926,-0.6418512,0.10810888,0.99400544,0.01629877
1356678385233,0.6782659,-0.1010775,0.7278316,0.7269576,-0.052175358,-0.6846974,0.107182294,0.99350953,0.03809026
1356678385272,0.67182976,-0.14764625,0.7258411,0.7303825,-0.030981615,-0.68233526,0.12323201,0.98855484,0.087023884
1356678385313,0.61970156,-0.21672434,0.7543213,0.7700402,-0.017855942,-0.6377455,0.15168405,0.97606957,0.15582108
1356678385353,0.54254544,-0.28752777,0.7892859,0.8202586,-0.021302432,-0.57159597,0.18116343,0.9575353,0.22428963
1356678385392,0.47861034,-0.33598974,0.8111985,0.85440195,-0.034658134,-0.5184555,0.20231041,0.9412277,0.27048254
1356678385462,0.45684198,-0.35200238,0.81693923,0.863657,-0.044443578,-0.5021169,0.21305403,0.93494344,0.2837056
1356678385475,0.4827828,-0.33708897,0.80826473,0.8491361,-0.045577794,-0.526204,0.2142165,0.9403689,0.26423025
1356678385514,0.5346627,-0.30192286,0.7892897,0.81905526,-0.044799596,-0.57196283,0.2080485,0.9522792,0.22333881
1356678385544,0.5832994,-0.26240575,0.76870346,0.78745234,-0.04940793,-0.6143921,0.19920006,0.9636919,0.1778124
1356678385574,0.6289017,-0.22194555,0.74513274,0.75411797,-0.05906269,-0.65407777,0.18917918,0.9732686,0.13022849
1356678385614,0.67389977,-0.17889634,0.7168369,0.71697223,-0.07586835,-0.69296086,0.17835343,0.9809383,0.07713603
1356678385654,0.70274645,-0.13964677,0.69760036,0.69113976,-0.09856285,-0.7159687,0.16874018,0.98528385,0.02725073
1356678385692,0.7143923,-0.10685018,0.69153935,0.68095326,-0.12133889,-0.7222046,0.16107833,0.9868434,-0.013923578
1356678385732,0.70968086,-0.08067125,0.6998895,0.68708086,-0.1404352,-0.71288,0.15579802,0.9867979,-0.04423651
1356678385773,0.68869424,-0.06122604,0.7224622,0.7085397,-0.1546108,-0.6885252,0.15385616,0.9860765,-0.06309848
1356678385812,0.64935553,-0.049524844,0.75887066,0.74413943,-0.16439968,-0.6474792,0.15682441,0.98514974,-0.06990045
1356678385852,0.5893195,-0.046657473,0.8065517,0.7906858,-0.1716795,-0.58765817,0.165887,0.9840474,-0.064282715
1356678385893,0.5104569,-0.05208814,0.8583243,0.8408571,-0.17868355,-0.5109125,0.1799809,0.98252684,-0.04741156
1356678385932,0.42342472,-0.06245953,0.9037756,0.8847175,-0.18611723,-0.42735842,0.19490084,0.9805403,-0.023547575
1356678385972,0.34515953,-0.073251754,0.93568105,0.9157541,-0.19207817,-0.35284594,0.20557052,0.978642,7.830113E-4
1356678386012,0.2895887,-0.08166435,0.95366096,0.9340631,-0.1934073,-0.30019954,0.20896062,0.97771394,0.020271093
1356678386053,0.26347724,-0.08709574,0.96072584,0.94271636,-0.18799236,-0.2755809,0.204611,0.9783013,0.032574832
1356678386092,0.26894018,-0.08973667,0.95896745,0.9435115,-0.175522,-0.28103027,0.19353867,0.9803771,0.03746271
1356678386132,0.30649596,-0.089420766,0.9476625,0.93524873,-0.15695798,-0.31729147,0.17711568,0.98354864,0.035523683
1356678386173,0.37547368,-0.08534229,0.9228956,0.9135357,-0.13399076,-0.38405618,0.15643567,0.987301,0.027653173
1356678386212,0.4708913,-0.07674381,0.8788468,0.87217975,-0.10915822,-0.47685108,0.13252872,0.9910574,0.015532747
1356678386252,0.57696176,-0.06579858,0.81411654,0.80957854,-0.085918695,-0.58068985,0.10815638,0.9941271,0.003697306
1356678386292,0.6662075,-0.0615367,0.7432233,0.74030864,-0.065778986,-0.6690412,0.09005907,0.9959349,0.0017337054
1356678386332,0.7137477,-0.07779196,0.69606936,0.69493127,-0.045325637,-0.7176462,0.08737692,0.9959387,0.021709025
1356678386372,0.7080072,-0.124352396,0.69517064,0.6982946,-0.023651749,-0.71541965,0.105406165,0.99195623,0.07008901
1356678386412,0.64993966,-0.19662586,0.7341095,0.7471404,-0.011535674,-0.6645663,0.1391393,0.9804108,0.13940957
1356678386458,0.5596024,-0.27248713,0.78268516,0.8100524,-0.019696444,-0.58602655,0.17510083,0.9619578,0.2097067
1356678386494,0.4798144,-0.32578057,0.8146442,0.8539601,-0.039646804,-0.51882595,0.2013214,0.94461375,0.2591805
1356678386534,0.44604537,-0.34597176,0.82543755,0.86884946,-0.053971916,-0.49212572,0.21481204,0.9366913,0.27652344
1356678386573,0.46438324,-0.33604947,0.81940156,0.85850453,-0.056438923,-0.5096907,0.21752745,0.94015175,0.26229072
1356678386613,0.51916754,-0.30351096,0.7989657,0.82804245,-0.05291453,-0.5581628,0.21168545,0.9513575,0.22384849
1356678386651,0.5862407,-0.25805575,0.76793826,0.7850173,-0.053269506,-0.6171793,0.20017433,0.9646604,0.17134944
1356678386693,0.64767814,-0.20871496,0.73276937,0.7387389,-0.06337455,-0.6710055,0.18648785,0.9759209,0.1131396
1356678386732,0.69175434,-0.16322306,0.7034446,0.7008709,-0.08288726,-0.70845604,0.1739429,0.98310125,0.05706063
1356678386772,0.71636635,-0.12487531,0.6864586,0.6781324,-0.10689919,-0.7271237,0.16418168,0.98639673,0.008103013
1356678386812,0.72242904,-0.094043076,0.68501985,0.6732079,-0.13037024,-0.7278699,0.15775737,0.98699516,-0.030872703
1356678386852,0.7110595,-0.070411265,0.6995975,0.6857895,-0.15016873,-0.7121391,0.15520027,0.9861499,-0.058491595
1356678386892,0.6816107,-0.0542908,0.7296981,0.71456254,-0.16527084,-0.67976904,0.15750301,0.9847528,-0.073856205
1356678386932,0.63251895,-0.046484947,0.7731488,0.7566489,-0.17625166,-0.6296173,0.16553643,0.983247,-0.076309755
1356678386972,0.5639964,-0.047130138,0.8244312,0.80631065,-0.18406844,-0.5621227,0.17824468,0.9817829,-0.065812394
1356678387012,0.48192337,-0.054481238,0.8745179,0.85502684,-0.1889107,-0.48295122,0.19151756,0.9804818,-0.044457555
1356678387052,0.3984991,-0.065108865,0.91485476,0.89508533,-0.18996093,-0.40340704,0.200052,0.9796304,-0.01742129
1356678387092,0.32686943,-0.07575166,0.9420287,0.9235526,-0.18588537,-0.33540624,0.20051688,0.9796471,0.009200349
1356678387132,0.2758341,-0.08453748,0.95748055,0.941687,-0.17595467,-0.2868196,0.1927202,0.98076165,0.03107357
1356678387172,0.24976921,-0.0904533,0.9640714,0.9517125,-0.1605944,-0.26163498,0.17849019,0.9828671,0.045973957
1356678387212,0.25015423,-0.092619,0.96376586,0.95488554,-0.1409485,-0.26139456,0.16005144,0.98567504,0.053181678
1356678387252,0.27600476,-0.090111345,0.9569228,0.9510361,-0.118490845,-0.2854649,0.13911015,0.98885787,0.052995116
1356678387292,0.32307586,-0.082426965,0.94277656,0.9391205,-0.0951719,-0.33014387,0.11693859,0.99204236,0.04666111
1356678387332,0.38097194,-0.07140225,0.9218254,0.91965276,-0.07359782,-0.38577476,0.095389515,0.9947287,0.037626565
1356678387372,0.43011838,-0.06489298,0.9004371,0.8993064,-0.056518972,-0.4336515,0.07903269,0.9962904,0.03404881
1356678387412,0.44550776,-0.07665393,0.8919905,0.8921076,-0.045766354,-0.44949922,0.075279,0.99600685,0.047994256
1356678387477,0.40754628,-0.117708236,0.9055665,0.90875316,-0.04529786,-0.4148683,0.089853704,0.99201447,0.08850682
1356678387493,0.3146383,-0.18315637,0.9313734,0.9416026,-0.0637652,-0.3306334,0.1199469,0.98101354,0.15239757
1356678387533,0.19262612,-0.24934712,0.9490633,0.9692583,-0.10253334,-0.22366354,0.15308043,0.96297085,0.22193111
1356678387570,0.08178383,-0.29176304,0.9529878,0.9809215,-0.14564103,-0.12876996,0.17636442,0.94533753,0.27428555
1356678387613,0.00785774,-0.30155572,0.95341617,0.9825741,-0.1747368,-0.06336546,0.18570513,0.93729997,0.2949278
1356678387652,-0.027665019,-0.28258562,0.9588431,0.9825518,-0.18417287,-0.025929451,0.18392017,0.94139564,0.28275013
1356678387692,-0.03253454,-0.24231943,0.96965086,0.9841417,-0.1770286,-0.011219323,0.17437461,0.95390886,0.24423623
1356678387732,-0.018422723,-0.18888044,0.98182726,0.9868082,-0.16140771,-0.012534797,0.16084206,0.96864426,0.18936238
1356678387773,0.0043482184,-0.13009205,0.99149233,0.98895085,-0.14636248,-0.023541093,0.14817983,0.9806396,0.12801829
1356678387812,0.025930941,-0.07337734,0.9969671,0.9897182,-0.13844424,-0.035931975,0.14066097,0.98764825,0.06903291
1356678387853,0.038465977,-0.02452758,0.99895895,0.98943484,-0.13890934,-0.041509926,0.13978282,0.9900014,0.01892507
1356678387893,0.03852886,0.01375863,0.9991628,0.9887924,-0.14485842,-0.036134332,0.1442399,0.98935676,-0.019185662
1356678387932,0.026423812,0.041172266,0.99880266,0.9880489,-0.15285885,-0.019838244,0.15185905,0.98739004,-0.04471934
1356678387972,0.0034701824,0.05796671,0.9983125,0.9868907,-0.16128111,0.0059342384,0.16135287,0.9852047,-0.057766467
1356678388012,-0.028830647,0.064290196,0.9975147,0.9845458,-0.17062569,0.039452672,0.1727381,0.9832363,-0.058377355
1356678388052,-0.06809926,0.060617507,0.9958353,0.98014015,-0.18226993,0.07812095,0.18624637,0.9813782,-0.047001213
1356678388092,-0.10980505,0.048874944,0.99275076,0.9735799,-0.19589782,0.11732906,0.20021215,0.9794056,-0.026073068
1356678388132,-0.14752334,0.032792985,0.9885148,0.96632284,-0.2082848,0.15112114,0.21084833,0.9775183,-9.6175075E-4
1356678388172,-0.17569625,0.016259402,0.98431015,0.96069074,-0.2154864,0.1750398,0.21495149,0.9763715,0.022239894
1356678388212,-0.19115031,0.001767695,0.9815593,0.95843244,-0.2154656,0.18703455,0.21182287,0.97650987,0.03949207
1356678388252,-0.19224465,-0.0095510185,0.9813006,0.96021736,-0.20821655,0.18608764,0.20254567,0.97803617,0.04919958
1356678388292,-0.17765206,-0.017282814,0.98394156,0.9658967,-0.19444782,0.17097855,0.18837032,0.9807606,0.051237494
1356678388332,-0.14549309,-0.021414608,0.98912746,0.97461116,-0.17508298,0.13956726,0.17019063,0.98432076,0.04634431
1356678388372,-0.093144655,-0.021936595,0.9954109,0.98453885,-0.15098947,0.088799834,0.14834857,0.988292,0.03566128
1356678388412,-0.018530726,-0.019822925,0.99963164,0.9921404,-0.12411058,0.015930802,0.12374911,0.9920703,0.021967053
1356678388461,0.07302141,-0.01989013,0.997132,0.99228257,-0.09901506,-0.07464135,0.10021573,0.9948871,0.012506425
1356678388494,0.15935034,-0.033022016,0.9866697,0.98349905,-0.08140677,-0.1615628,0.0856567,0.9961338,0.019504875
1356678388534,0.20237553,-0.07154173,0.97669137,0.97529656,-0.07545388,-0.20761344,0.08854821,0.99457955,0.054504395
1356678388574,0.17816395,-0.13485518,0.9747163,0.977808,-0.08669585,-0.19072375,0.11022392,0.9870653,0.116416335
1356678388614,0.0995419,-0.2044698,0.9737985,0.98481715,-0.11963463,-0.12578806,0.14221993,0.9715346,0.18945682
1356678388654,0.016346097,-0.2565719,0.96638703,0.98513424,-0.1611706,-0.059453428,0.17100716,0.95299274,0.25012314
1356678388695,-0.026818097,-0.28247848,0.95889866,0.9815407,-0.18915266,-0.028270453,0.18936405,0.9404398,0.28233683
1356678388734,-0.01442039,-0.28582835,0.9581723,0.98014987,-0.19354224,-0.04298365,0.19773278,0.93853265,0.28294554
1356678388774,0.04637742,-0.27151462,0.9613162,0.9789984,-0.17889988,-0.09775904,0.19852242,0.94566095,0.25751555
1356678388814,0.13667518,-0.2425488,0.9604634,0.9714644,-0.15690982,-0.17786554,0.19384727,0.9573659,0.21418186
1356678388854,0.22956145,-0.20311359,0.9518647,0.95523655,-0.1404953,-0.2603542,0.186614,0.9690232,0.16176917
1356678388894,0.30181822,-0.15926066,0.9399691,0.9362606,-0.13641343,-0.32374024,0.1797834,0.97776663,0.107937366
1356678388932,0.34206787,-0.11614469,0.93246984,0.9232398,-0.14324442,-0.35652387,0.17497948,0.98284864,0.058230117
1356678388972,0.34923297,-0.07629913,0.93392444,0.92105305,-0.15534729,-0.3571113,0.17232993,0.98490894,0.016023144
1356678389012,0.32701594,-0.04102716,0.9441278,0.929255,-0.16775781,-0.32915443,0.17188904,0.9849742,-0.016734838
1356678389052,0.27858117,-0.012231886,0.9603347,0.94435227,-0.17860934,-0.2762198,0.17490345,0.983844,-0.03820598
1356678389092,0.20743617,0.007850617,0.97821707,0.960966,-0.18876997,-0.20226303,0.18307012,0.98199,-0.04670188
1356678389132,0.120845616,0.017933995,0.9925093,0.9731041,-0.19968009,-0.11487481,0.19612414,0.979697,-0.041582167
1356678389172,0.03064096,0.018821001,0.9993533,0.9771751,-0.21083969,-0.025990158,0.21021417,0.9773395,-0.02485174
1356678389212,-0.05001998,0.013399839,0.9986583,0.9742723,-0.21935427,0.05174181,0.21975324,0.9755533,-0.0020830631
1356678389252,-0.11221045,0.0049465895,0.99367213,0.96875024,-0.22206384,0.11050165,0.22120523,0.9750196,0.020125866
1356678389292,-0.15272272,-0.004056394,0.98826075,0.9647322,-0.21755522,0.14819372,0.2144002,0.9760395,0.037139
1356678389333,-0.1717807,-0.01186648,0.9850637,0.96444654,-0.20587504,0.16570535,0.20083365,0.9785063,0.04680991
1356678389372,-0.17088819,-0.017329693,0.985138,0.96825343,-0.18808347,0.16465074,0.18243486,0.9820002,0.04892078
1356678389412,-0.15188587,-0.019435108,0.98820686,0.9753391,-0.16493362,0.14666441,0.1601381,0.9861132,0.044006974
1356678389462,-0.115674436,-0.017819583,0.99312735,0.98409694,-0.13775146,0.11215097,0.13480625,0.99030656,0.03347045
1356678389494,-0.065755606,-0.014275044,0.9977336,0.99189925,-0.10984224,0.06379956,0.1086826,0.9938465,0.021382183
1356678389534,-0.015219867,-0.015996188,0.9997562,0.9960121,-0.088151515,0.013752431,0.087910056,0.9959786,0.017274052
1356678389574,0.009541869,-0.035089135,0.9993386,0.99658024,-0.081697464,-0.012384057,0.08207798,0.9960393,0.034189552
1356678389614,-0.020213008,-0.07883969,0.9966824,0.9949914,-0.09919715,0.012331992,0.09789577,0.99193966,0.08044991
1356678389652,-0.102050066,-0.13480139,0.9856036,0.98621905,-0.14340782,0.08249986,0.13022211,0.98044014,0.14757845
1356678389692,-0.19760388,-0.17874908,0.9638472,0.9663451,-0.2007274,0.16089028,0.16471153,0.9632016,0.21239784
1356678389732,-0.26924276,-0.19808549,0.94248104,0.94408387,-0.2476579,0.21764928,0.19029966,0.9483816,0.2536894
1356678389772,-0.3031445,-0.19529018,0.93271923,0.93080366,-0.27044225,0.24589747,0.20422527,0.94272095,0.2637598
1356678389812,-0.3017577,-0.1773183,0.93674994,0.9305062,-0.26873422,0.24887744,0.20760629,0.9467524,0.24608839
1356678389852,-0.2720949,-0.14952275,0.9505826,0.940683,-0.24940139,0.23003143,0.20268169,0.9567873,0.20851433
1356678389892,-0.22252178,-0.1151461,0.968104,0.9556158,-0.22242677,0.19319591,0.1930865,0.9681258,0.15953031
1356678389933,-0.16464448,-0.076857984,0.983354,0.9692072,-0.19768596,0.14682496,0.1831106,0.9772477,0.10703921
1356678389972,-0.113377094,-0.037926257,0.99282795,0.97787815,-0.1810556,0.104753494,0.17578417,0.98274136,0.057614774
1356678390012,-0.08052546,-0.0015990734,0.9967513,0.9818209,-0.1725691,0.079042405,0.17188206,0.9849961,0.015466183
1356678390052,-0.070301294,0.029775202,0.9970814,0.98276967,-0.16922337,0.07434565,0.17094317,0.98512787,-0.017365545
1356678390092,-0.081493795,0.054418802,0.9951871,0.9815291,-0.16902447,0.08961791,0.1730879,0.9841084,-0.039639175
1356678390132,-0.11072433,0.07072806,0.9913312,0.97748506,-0.1725223,0.121486664,0.17961928,0.982463,-0.05003321
1356678390172,-0.15281516,0.077685356,0.98519665,0.96951437,-0.18143648,0.16468942,0.19154459,0.9803294,-0.04759085
1356678390212,-0.20037156,0.07592803,0.9767734,0.95762247,-0.19537646,0.21163028,0.20690715,0.9777848,-0.03356254
1356678390252,-0.24524498,0.06799573,0.9670737,0.9440498,-0.21014649,0.25418183,0.2205104,0.97530246,-0.0126540065
1356678390292,-0.28181922,0.056943923,0.9577762,0.9322156,-0.2199744,0.2873766,0.22705054,0.97384214,0.008908987
1356678390332,-0.3079611,0.04507959,0.95033026,0.92460924,-0.22118819,0.3101183,0.22418198,0.97418857,0.026436448
1356678390373,-0.32386273,0.033779353,0.94550085,0.92190015,-0.21333575,0.32340053,0.2126334,0.9763948,0.037950337
1356678390420,-0.33055604,0.023935407,0.94348276,0.92455494,-0.19256729,0.32880986,0.18955413,0.9809917,0.04152471
1356678390451,-0.32669556,0.015655011,0.94500005,0.93025804,-0.17134869,0.32443765,0.16700351,0.9850862,0.041415572
1356678390493,-0.31750435,0.011468142,0.9481875,0.9378269,-0.14410138,0.31577793,0.1402565,0.9894966,0.034997642
1356678390532,-0.30162877,0.009738475,0.95337576,0.9469377,-0.11339456,0.3007502,0.11103648,0.9935023,0.02498138
1356678390572,-0.28477126,0.006755948,0.95857173,0.9549827,-0.084737,0.28430223,0.08314723,0.99638045,0.017678857
1356678390612,-0.28185588,-0.0055374205,0.9594407,0.9572716,-0.06907332,0.28082007,0.064716786,0.9975962,0.024769604
1356678390652,-0.3163764,-0.03424403,0.94801545,0.9464365,-0.07937163,0.3129824,0.06452772,0.9962567,0.057521105
1356678390692,-0.39802796,-0.07318246,0.9144496,0.9134637,-0.123546004,0.38771167,0.08460292,0.98963666,0.116024315
1356678390732,-0.5000731,-0.10212457,0.85994047,0.85816956,-0.19153768,0.47629666,0.11606938,0.9761578,0.18342298
1356678390772,-0.5852403,-0.108441085,0.80357605,0.7975378,-0.25588554,0.5463114,0.14638084,0.9606056,0.23624027
1356678390812,-0.63751215,-0.0954825,0.76450074,0.7517129,-0.29454213,0.59006155,0.1688371,0.95085645,0.25954962
1356678390852,-0.6581407,-0.07217798,0.7494272,0.7304003,-0.30270737,0.6122774,0.18266416,0.9503466,0.25194287
1356678390892,-0.6527832,-0.045524657,0.7561756,0.7336794,-0.28657025,0.6161103,0.18864924,0.956977,0.22046876
1356678390932,-0.6249793,-0.019172192,0.7804058,0.7575726,-0.25612897,0.6004013,0.1883735,0.9664525,0.17459965
1356678390972,-0.57471174,0.005757779,0.8183358,0.7972044,-0.22194207,0.5614329,0.18485573,0.9750429,0.122962534
1356678391012,-0.5045949,0.029324293,0.86285806,0.844122,-0.19302797,0.50019825,0.18122372,0.980755,0.07264769
1356678391052,-0.42908478,0.05172625,0.9017819,0.8853575,-0.17372131,0.43123433,0.17896485,0.9834354,0.028744936
1356678391092,-0.37157422,0.072909385,0.9255359,0.9111254,-0.16279608,0.37861317,0.17827806,0.98396224,-0.0059387684
1356678391132,-0.3497715,0.09215748,0.93229127,0.91944635,-0.15707636,0.36047947,0.17966178,0.9832772,-0.029793024
1356678391172,-0.36671132,0.10769588,0.9240803,0.91186327,-0.1553399,0.37996703,0.18446738,0.9819731,-0.041239023
1356678391212,-0.41135716,0.11747345,0.9038724,0.8906442,-0.15898699,0.42600006,0.19374764,0.98026687,-0.03922659
1356678391252,-0.4665379,0.12069371,0.87622803,0.86014366,-0.16897452,0.4812489,0.20614392,0.9782028,-0.024980962
1356678391292,-0.5184114,0.11831549,0.8469068,0.82705355,-0.18233103,0.53173095,0.21732938,0.97609264,-0.0033307672
1356678391332,-0.5603773,0.112146676,0.8206098,0.7977784,-0.1931374,0.5711808,0.22254646,0.9747416,0.018761575
1356678391372,-0.59167093,0.10370752,0.7994814,0.77574456,-0.19667453,0.5996163,0.21942225,0.9749687,0.03591597
1356678391412,-0.61394143,0.093981326,0.7837369,0.7613706,-0.19151062,0.6193856,0.20830458,0.9769807,0.04602164
1356678391462,-0.62881094,0.08376175,0.7730335,0.753779,-0.17832029,0.6324706,0.19082442,0.9804008,0.04899198
1356678391494,-0.6372526,0.073717654,0.7671212,0.7519788,-0.1583345,0.6398891,0.16863284,0.98462987,0.045464933
1356678391534,-0.6396934,0.06419283,0.7659449,0.75527227,-0.1324777,0.64188266,0.14267492,0.9891051,0.036262095
1356678391574,-0.6358845,0.05498135,0.7698233,0.7633568,-0.1021961,0.63784194,0.11374235,0.9932437,0.023014545
1356678391602,-0.62300813,0.04563415,0.78088313,0.77744293,-0.073984325,0.624587,0.08627558,0.9962148,0.010614812
1356678391643,-0.60973376,0.03426057,0.7918654,0.7900121,-0.05449432,0.6106645,0.06407398,0.9979261,0.0061608553
1356678391682,-0.6032755,0.017968655,0.7973304,0.79549706,-0.057830036,0.60319155,0.056948215,0.9981647,0.020593405
1356678391722,-0.6407903,-4.917383E-4,0.7677158,0.76436824,-0.093695164,0.6379361,0.071617514,0.9956008,0.06041473
1356678391762,-0.72091305,-0.008051485,0.6929786,0.6851692,-0.1584152,0.71094835,0.10405421,0.98733974,0.11972034
1356678391802,-0.77360857,-0.005015582,0.6336439,0.6178262,-0.22814023,0.75249106,0.1407855,0.97361535,0.17958999
1356678391842,-0.7772483,-0.0062054694,0.62916327,0.60578763,-0.27758384,0.745633,0.17001855,0.9606813,0.21951085
1356678391882,-0.7166781,-0.026901096,0.6968851,0.671687,-0.29548126,0.67935807,0.18764102,0.9549697,0.22983408
1356678391922,-0.4993279,-0.09075427,0.8616468,0.84447294,-0.27336556,0.4605829,0.19374475,0.95761937,0.21313864
1356678391962,0.15022606,-0.20720133,0.9666953,0.97023153,-0.15697074,-0.18442068,0.18995503,0.965623,0.17745212
1356678392002,0.74716425,-0.2220812,0.62643874,0.6398396,-0.014723957,-0.76836747,0.1798636,0.974917,0.13109511
1356678392042,0.89127976,-0.18696286,0.41311654,0.42107564,0.0031621456,-0.90702003,0.1682727,0.98236185,0.08154386
1356678392082,0.91069263,-0.16052729,0.38061783,0.3812179,-0.028273292,-0.92405283,0.15909699,0.9866264,0.035447598
1356678392122,0.88592386,-0.13699552,0.44313782,0.43747452,-0.070670485,-0.8964495,0.15412636,0.98804754,-0.0026766062
1356678392162,0.82257336,-0.11014208,0.55789053,0.5475689,-0.11129166,-0.8293265,0.1534323,0.9876654,-0.031235188
1356678392202,0.71558636,-0.07825455,0.694127,0.6807698,-0.1444888,-0.71810555,0.1564886,0.9864073,-0.05012089
1356678392243,0.56514823,-0.04437682,0.8237949,0.8086871,-0.16772881,-0.5638191,0.16319472,0.9848338,-0.058904678
1356678392282,0.38557893,-0.014674664,0.9225581,0.90615326,-0.18234599,-0.3816231,0.17382497,0.9831249,-0.057011276
1356678392322,0.20804825,0.0050240755,0.97810566,0.9599771,-0.19275078,-0.20320216,0.18750978,0.9812349,-0.044924468
1356678392362,0.06458908,0.013558507,0.9978198,0.97759354,-0.20160794,-0.060540378,0.20034751,0.97937244,-0.02627638
1356678392402,-0.030908585,0.013285726,0.99943393,0.9777461,-0.20718086,0.032991976,0.20750195,0.97821236,-0.0065864027
1356678392463,-0.08089417,0.0070332885,0.9966979,0.9751495,-0.20636576,0.08060151,0.20625117,0.97844964,0.009835243
1356678392484,-0.09102118,-0.0030157864,0.99584436,0.97621644,-0.19785494,0.08862805,0.19676545,0.98022664,0.020953089
1356678392524,-0.06402516,-0.014583498,0.9978417,0.98146725,-0.18189001,0.060316235,0.18061781,0.9832108,0.025958747
1356678392564,0.0010453463,-0.025012165,0.99968654,0.98717177,-0.15958256,-0.00502494,0.15965825,0.98686767,0.02452451
1356678392604,0.10477972,-0.03102988,0.9940113,0.98530453,-0.13233471,-0.10799301,0.13489321,0.9907193,0.016707867
1356678392644,0.2413441,-0.030190676,0.96996987,0.9644705,-0.10322744,-0.24318877,0.10746953,0.9941995,0.0042046905
1356678392682,0.38614032,-0.024813384,0.92210627,0.918867,-0.07755235,-0.38687074,0.08111107,0.9966794,-0.0071458817
1356678392722,0.4983173,-0.026077718,0.8666025,0.86465776,-0.05839324,-0.49895623,0.06361532,0.99795306,-0.0065501183
1356678392762,0.5473252,-0.049085468,0.8354794,0.8344964,-0.043910623,-0.54926103,0.06364715,0.9978289,0.01692827
1356678392802,0.52905214,-0.09973061,0.84270847,0.84447706,-0.035771787,-0.5343958,0.08344081,0.9943713,0.065295056
1356678392842,0.4645147,-0.16508743,0.8700415,0.8781439,-0.04105839,-0.47663128,0.114408374,0.9854239,0.1258983
1356678392882,0.3949886,-0.22018883,0.8919086,0.9074875,-0.057608843,-0.41610995,0.1430046,0.97375464,0.17706378
1356678392922,0.35770646,-0.2480877,0.90027696,0.9198434,-0.0726482,-0.3855003,0.16104132,0.96600974,0.20221503
1356678392962,0.36257777,-0.24743176,0.89850706,0.91674864,-0.07875034,-0.39162523,0.16765827,0.96569973,0.19827957
1356678393002,0.39726624,-0.22530347,0.8896167,0.90271527,-0.07854584,-0.423008,0.16518083,0.9711174,0.17218126
1356678393042,0.44312495,-0.19072434,0.8759363,0.8825538,-0.07862216,-0.46359164,0.15728623,0.97849005,0.13348506
1356678393082,0.48465592,-0.1520561,0.861387,0.86202097,-0.084067166,-0.49985257,0.14841998,0.9847902,0.0903319
1356678393122,0.5123945,-0.115747154,0.8509139,0.8469176,-0.09581065,-0.52302086,0.14206481,0.988647,0.048935473
1356678393162,0.5235166,-0.08513987,0.8477509,0.8405336,-0.111189544,-0.5302265,0.13940445,0.9901455,0.013353348
1356678393202,0.51888394,-0.061345786,0.8526406,0.8432529,-0.126968,-0.522306,0.14029941,0.99000794,-0.014151603
1356678393243,0.4994841,-0.045323312,0.8651367,0.8540707,-0.14159694,-0.5005132,0.14518565,0.98888624,-0.032016113
1356678393290,0.46058476,-0.041807055,0.88663054,0.87340134,-0.15670192,-0.46110132,0.15821406,0.9867606,-0.035660133
1356678393320,0.41216895,-0.041950345,0.9101411,0.8946842,-0.17017767,-0.41301292,0.17221177,0.98452,-0.032609627
1356678393363,0.35819003,-0.05182728,0.93220913,0.91451526,-0.18162468,-0.36148903,0.1880472,0.9820012,-0.017659292
1356678393402,0.3038462,-0.06555259,0.9504633,0.93170124,-0.18795994,-0.31081173,0.19902351,0.97998667,0.0039645135
1356678393464,0.25725803,-0.078434914,0.96315426,0.94541967,-0.18585381,-0.2676562,0.19999951,0.97944176,0.026341528
1356678393484,0.22303104,-0.08768439,0.97085965,0.95602226,-0.17492396,-0.23542097,0.19046935,0.98066974,0.044814765
1356678393524,0.20285058,-0.09240791,0.9748397,0.9638518,-0.156784,-0.21542618,0.17274639,0.9833003,0.05726379
1356678393564,0.19722065,-0.09231892,0.9760027,0.96885884,-0.13368872,-0.20842254,0.14972186,0.986714,0.06307781
1356678393604,0.20628586,-0.08709654,0.9746077,0.97068477,-0.1073536,-0.21504924,0.12335774,0.9903985,0.062397778
1356678393644,0.22961062,-0.07678035,0.9702494,0.9686116,-0.07952309,-0.23551613,0.095240146,0.99387175,0.05611092
1356678393683,0.2652775,-0.062007695,0.96217614,0.9618877,-0.051634252,-0.26852557,0.06633192,0.99673915,0.045947015
1356678393724,0.3063966,-0.048171163,0.9506843,0.9510512,-0.026773095,-0.30787137,0.040283263,0.9984802,0.037610054
1356678393764,0.33659932,-0.047667086,0.9404407,0.9413142,-0.009554297,-0.33739626,0.025067985,0.99881756,0.041653782
1356678393804,0.3345277,-0.07394412,0.9394804,0.94192517,-0.004936129,-0.33578673,0.029466838,0.9972502,0.06799853
1356678393844,0.2876075,-0.12776196,0.9491885,0.9561467,-0.018988729,-0.29227176,0.055365115,0.99162304,0.11669788
1356678393884,0.20763314,-0.18982378,0.95961213,0.9737464,-0.05346632,-0.22126773,0.09330878,0.98036134,0.1737388
1356678393924,0.12622839,-0.23586997,0.96355164,0.9834881,-0.0972231,-0.15263963,0.12968254,0.96690905,0.21970296
1356678393962,0.07274544,-0.25401288,0.9644613,0.98508245,-0.1329096,-0.10930559,0.15595117,0.95802534,0.24055499
1356678394002,0.05771935,-0.24595028,0.9675623,0.98376113,-0.15097296,-0.09706238,0.16994831,0.95745265,0.2332423
1356678394042,0.07605779,-0.21905646,0.9727433,0.98203576,-0.15250099,-0.11112678,0.17268732,0.9637208,0.20352244
1356678394082,0.117378056,-0.18033367,0.9765767,0.978954,-0.14430314,-0.14431068,0.16694722,0.9729626,0.1596004
1356678394122,0.1693759,-0.13601565,0.9761207,0.9729252,-0.13495523,-0.18762657,0.1572527,0.9814718,0.10947487
1356678394162,0.21965653,-0.09193814,0.9712355,0.9643191,-0.1303466,-0.23043102,0.1477826,0.9871966,0.06002617
1356678394202,0.25818545,-0.05285445,0.9646485,0.9557873,-0.13149822,-0.2630188,0.14075127,0.9899064,0.016566694
1356678394243,0.28034517,-0.02125287,0.959664,0.9500997,-0.13634768,-0.28057083,0.13681087,0.9904331,-0.018032074
1356678394282,0.28492898,0.0017156005,0.9585471,0.9488014,-0.1427514,-0.28177658,0.13635048,0.9897572,-0.042301804
1356678394322,0.27204543,0.014950514,0.9621682,0.9520033,-0.1499511,-0.26684138,0.1402888,0.98858035,-0.05502644
1356678394363,0.24247736,0.017525911,0.9699987,0.95852107,-0.15871757,-0.23674047,0.14980674,0.98716843,-0.05528438
1356678394402,0.20050177,0.010103047,0.97964126,0.9657059,-0.17040667,-0.19589227,0.1649583,0.98532206,-0.043923438
1356678394463,0.15449214,-0.0043511093,0.9879845,0.9708574,-0.18477231,-0.1526277,0.18321627,0.98277175,-0.024321586
1356678394484,0.11626238,-0.02024886,0.9930121,0.9731567,-0.19761038,-0.11796728,0.19861817,0.98007154,-0.0032693446
1356678394524,0.09374815,-0.03352219,0.9950314,0.97417074,-0.20313585,-0.098626256,0.20543271,0.97857654,0.013612777
1356678394564,0.08966011,-0.043158114,0.99503696,0.9754136,-0.19813824,-0.09648585,0.20131901,0.9792235,0.024331868
1356678394604,0.10395628,-0.049554765,0.9933466,0.97674376,-0.18322313,-0.11135912,0.18752244,0.98182154,0.029355109
1356678394634,0.13448995,-0.05425048,0.98942876,0.97610986,-0.16470474,-0.14171034,0.17065144,0.9848499,0.030803293
1356678394674,0.17906964,-0.052921653,0.98241204,0.9728955,-0.13897943,-0.1848217,0.14631611,0.98888016,0.026600212
1356678394712,0.24817011,-0.046971172,0.96757704,0.9615419,-0.10939404,-0.25193277,0.11768073,0.9928881,0.018016398
1356678394752,0.33595377,-0.036596805,0.94116724,0.93781126,-0.07976431,-0.33785748,0.08743605,0.9961418,0.007523775
1356678394792,0.42839453,-0.027742058,0.9031658,0.9015007,-0.054838568,-0.42928922,0.061437666,0.9981098,0.0015169382
1356678394832,0.50080514,-0.033061028,0.8649284,0.8641668,-0.037576884,-0.5018005,0.04909134,0.9987467,0.009751543
1356678394872,0.53121877,-0.064450115,0.84477973,0.8452312,-0.028216004,-0.53365535,0.05823049,0.99752194,0.039486423
1356678394913,0.514053,-0.121102095,0.8491665,0.8532767,-0.028870821,-0.5206585,0.08756897,0.99222016,0.08849248
1356678394952,0.465224,-0.18537542,0.8655648,0.87632966,-0.041576594,-0.47991413,0.12495157,0.98178774,0.14310758
1356678394992,0.41521007,-0.23454398,0.87897086,0.89620286,-0.060514867,-0.43949798,0.15627229,0.9702202,0.18507256
1356678395032,0.3895852,-0.25619742,0.88463914,0.9042921,-0.075669944,-0.42015472,0.17458308,0.9636582,0.20219733
1356678395072,0.3954679,-0.25066116,0.8836142,0.90074444,-0.08229968,-0.4264812,0.17962345,0.9645702,0.1932348
1356678395112,0.42532945,-0.224592,0.8767288,0.8881817,-0.08251333,-0.45202312,0.1738626,0.9709531,0.16438317
1356678395152,0.46741366,-0.18575668,0.86430264,0.8692286,-0.08163911,-0.48762363,0.16114023,0.9791984,0.12330575
1356678395192,0.5108205,-0.14143655,0.84797287,0.8472141,-0.08459431,-0.5244731,0.14591339,0.9863262,0.076614544
1356678395232,0.5467881,-0.09801182,0.8315146,0.8268305,-0.09313795,-0.5546861,0.13181135,0.99081737,0.030112416
1356678395272,0.5697628,-0.05999899,0.819616,0.8128627,-0.105615765,-0.5727997,0.120931804,0.9925953,-0.011404961
1356678395312,0.5770915,-0.029854208,0.8161336,0.8086244,-0.11912292,-0.57613915,0.11442047,0.9924305,-0.04460396
1356678395352,0.56769276,-0.008927643,0.8231921,0.8154048,-0.13153787,-0.56374896,0.113313854,0.991271,-0.06739348
1356678395392,0.5410427,0.0017664135,0.8409933,0.83256936,-0.14232439,-0.5353243,0.11874825,0.9898185,-0.07847422
1356678395465,0.49043465,-0.003171444,0.87147224,0.8609343,-0.15331894,-0.48506218,0.13515154,0.98817164,-0.072462514
1356678395484,0.42648596,-0.015248746,0.90436566,0.89118123,-0.16383189,-0.42303085,0.1546146,0.98637044,-0.056282625
1356678395524,0.36124074,-0.033525974,0.93186975,0.9162097,-0.17306733,-0.36139655,0.17339233,0.98433924,-0.031802192
1356678395564,0.30416596,-0.053453058,0.95111823,0.93418694,-0.17871779,-0.30879533,0.18648782,0.98244727,-0.0044246614
1356678395604,0.2637476,-0.07079765,0.96199,0.9456055,-0.17792049,-0.27234948,0.19043955,0.98149467,0.020020634
1356678395642,0.24463412,-0.083506376,0.96601284,0.9517665,-0.16960117,-0.25568745,0.18518841,0.9819685,0.037988365
1356678395682,0.24818039,-0.0908781,0.96444166,0.9532777,-0.15411144,-0.25982928,0.17224422,0.98386526,0.048384607
1356678395722,0.27512026,-0.09267658,0.9569326,0.94903296,-0.13301867,-0.28573167,0.1537705,0.9867711,0.05135697
1356678395762,0.3246214,-0.088398665,0.9417041,0.93669295,-0.10811421,-0.3330428,0.13125211,0.99020046,0.047706217
1356678395802,0.39307907,-0.07808435,0.91618323,0.9133817,-0.081637114,-0.39883488,0.10593727,0.99359864,0.039230958
1356678395842,0.46999383,-0.06522378,0.8802566,0.87895095,-0.05686325,-0.47351012,0.08093834,0.9962492,0.03060311
1356678395882,0.5359602,-0.06007597,0.84210306,0.8418621,-0.03683257,-0.53843445,0.06336379,0.99751407,0.030834898
1356678395922,0.5695956,-0.077088684,0.818302,0.8195406,-0.022512764,-0.57257867,0.06256157,0.99677,0.050354138
1356678395962,0.5590548,-0.12364718,0.81985915,0.824962,-0.016079605,-0.56495935,0.08303866,0.9921959,0.09301485
1356678396002,0.51056606,-0.18865371,0.83888733,0.85173154,-0.022693217,-0.5234867,0.11779478,0.9817814,0.14909592
1356678396042,0.44969335,-0.24645665,0.8585074,0.8801613,-0.041253537,-0.4728787,0.15196061,0.9682754,0.1983702
1356678396082,0.40449753,-0.27678648,0.87164843,0.89769197,-0.061932117,-0.4362495,0.17473102,0.9589336,0.22341761
1356678396123,0.38536072,-0.2753137,0.880738,0.9042859,-0.07738775,-0.41985485,0.18375012,0.95823455,0.21914008
1356678396170,0.40015888,-0.23726317,0.8852,0.89921165,-0.0847891,-0.42921922,0.17689326,0.96773803,0.17942075
1356678396200,0.39411476,-0.19502461,0.89813083,0.90373313,-0.095494956,-0.4173094,0.16715258,0.97613835,0.13861421
1356678396243,0.39488262,-0.14675447,0.90693486,0.905761,-0.10310435,-0.41105527,0.15383315,0.98378485,0.09221037
1356678396282,0.38565132,-0.09881672,0.91733766,0.9117818,-0.111300796,-0.39530507,0.14116314,0.9888617,0.04717596
1356678396322,0.365398,-0.05593586,0.9291693,0.9215208,-0.11924124,-0.3695686,0.13146737,0.9912884,0.0079755485
1356678396362,0.33398157,-0.02080816,0.94234985,0.9341931,-0.1257602,-0.33386758,0.12545735,0.9918424,-0.022562683
