1356678789964,0.6451823,-0.022226602,-0.76370525,-0.76127887,-0.10343146,-0.6401222,-0.06476346,0.9943882,-0.08365278
1356678790004,0.19289565,-0.06980926,-0.9787328,-0.9790792,-0.079536736,-0.18729097,-0.06477055,0.9943846,-0.08369115
1356678790042,0.19308743,-0.06996822,-0.9786836,-0.9790387,-0.07962391,-0.18746492,-0.06481001,0.9943663,-0.083875984
1356678790083,0.19333202,-0.07029241,-0.9786121,-0.9789849,-0.079793036,-0.1876742,-0.06489438,0.9943299,-0.08424175
1356678790124,0.19317222,-0.070668876,-0.9786166,-0.9790122,-0.079916775,-0.18747926,-0.06495896,0.99429333,-0.08462337
1356678790162,0.19209805,-0.07095337,-0.9788074,-0.97922957,-0.07978311,-0.18639737,-0.06486684,0.99428374,-0.08480582
1356678790221,0.18999773,-0.07115254,-0.97920287,-0.97966385,-0.07925886,-0.18432799,-0.06449509,0.9943116,-0.0847646
1356678790243,0.18714502,-0.0714829,-0.979728,-0.98025966,-0.07834372,-0.18153048,-0.063779205,0.9943603,-0.084733486
1356678790283,0.18395284,-0.072273135,-0.98027444,-0.9809339,-0.077103525,-0.17839187,-0.06268969,0.9944001,-0.08507854
1356678790320,0.18075967,-0.07378441,-0.9807557,-0.981623,-0.07555705,-0.17523512,-0.06117344,0.9944078,-0.086086124
1356678790363,0.17795488,-0.07626107,-0.98107916,-0.98227,-0.0735161,-0.17245638,-0.058973372,0.99437404,-0.087991536
1356678790402,0.17566445,-0.07980913,-0.98120964,-0.9828804,-0.07047978,-0.17023084,-0.0555695,0.99431527,-0.09082359
1356678790442,0.17422861,-0.08442271,-0.9810796,-0.98344207,-0.06536651,-0.16902328,-0.04986033,0.9942837,-0.09441358
1356678790482,0.17326164,-0.08959484,-0.98079216,-0.98403454,-0.05690205,-0.1686365,-0.040700078,0.99435157,-0.098023415
1356678790523,0.17166606,-0.09428665,-0.9806329,-0.98476493,-0.04444024,-0.16811654,-0.027728438,0.99455273,-0.10047904
1356678790562,0.16791165,-0.09730297,-0.98098814,-0.9857307,-0.028541028,-0.16589245,-0.011856616,0.9948454,-0.100706846
1356678790602,0.1607452,-0.09785402,-0.98213315,-0.98698235,-0.010711491,-0.16047171,0.0051826835,0.9951432,-0.09830198
1356678790642,0.1498923,-0.09602398,-0.98402834,-0.9884655,0.007231444,-0.1512739,0.02164188,0.9953528,-0.09383249
1356678790682,0.13636208,-0.092909515,-0.9862926,-0.9899971,0.023608744,-0.13909817,0.03620863,0.9953946,-0.08876079
1356678790722,0.12197116,-0.090166986,-0.9884294,-0.99136955,0.03714928,-0.1257227,0.04805541,0.9952335,-0.08485764
1356678790762,0.10814133,-0.0890286,-0.9901411,-0.9925107,0.04725197,-0.112648815,0.056815088,0.9949076,-0.08325195
1356678790803,0.09496719,-0.08954573,-0.9914448,-0.9935101,0.054104745,-0.10005164,0.06260109,0.9945121,-0.08382642
1356678790845,0.08145493,-0.09074074,-0.99253774,-0.99449116,0.058517933,-0.08696514,0.06597254,0.9941538,-0.08547431
1356678790890,0.066028446,-0.09101319,-0.99365836,-0.9955119,0.06165263,-0.07179865,0.06779629,0.9939394,-0.086533904
1356678790920,0.045954764,-0.08950549,-0.9949256,-0.9965145,0.065306425,-0.051903307,0.06962073,0.993843,-0.08619243
1356678790963,0.02283585,-0.08383155,-0.9962182,-0.99706626,0.070908666,-0.028822184,0.0730567,0.9939538,-0.08196628
1356678791002,-0.0063949227,-0.07311779,-0.9973028,-0.99694103,0.078154385,6.6268444E-4,0.077895135,0.9942563,-0.07339394
1356678791042,-0.041944742,-0.056991428,-0.9974932,-0.99573207,0.084531486,0.03704101,0.082208574,0.99478966,-0.060293853
1356678791083,-0.08133644,-0.0372639,-0.99598986,-0.9932282,0.08620727,0.07788551,0.082959235,0.9955801,-0.044023335
1356678791122,-0.11858326,-0.01809144,-0.9927793,-0.9898591,0.0809077,0.116760075,0.07821113,0.9965574,-0.027502239
1356678791163,-0.14735454,-0.00343889,-0.9890778,-0.98671895,0.069619834,0.14676106,0.068354756,0.99756765,-0.013651967
1356678791202,-0.16384304,0.0050554276,-0.98647344,-0.9849152,0.05557859,0.16386908,0.05565524,0.9984415,-0.0041270256
1356678791242,-0.1671046,0.008103013,-0.9859059,-0.9850336,0.041477382,0.16729766,0.042248458,0.9991066,0.0010506511
1356678791282,-0.15815121,0.007701993,-0.98738486,-0.98699045,0.028083384,0.15830714,0.028948367,0.9995759,0.0031603575
1356678791322,-0.13917315,0.0063747466,-0.9902475,-0.9901428,0.015005231,0.13925505,0.015746564,0.9998671,0.004223585
1356678791363,-0.11314374,0.0067737103,-0.9935555,-0.993575,0.0019133687,0.11315906,0.0026675463,0.9999752,0.006513715
1356678791402,-0.083331585,0.012017667,-0.9964494,-0.9964755,-0.010647595,0.0832054,-0.009609878,0.9998711,0.012862623
1356678791442,-0.053519845,0.026450098,-0.9982164,-0.998377,-0.020902514,0.05297461,-0.019464016,0.9994316,0.027525902
1356678791482,-0.02751553,0.055935055,-0.9980552,-0.99931896,-0.026100576,0.026087523,-0.024590522,0.99809325,0.056615055
1356678791523,-0.007109463,0.10574657,-0.9943677,-0.9997068,-0.023766816,0.0046201944,-0.023144394,0.99410903,0.10588455
1356678791562,0.009145737,0.17650768,-0.98425674,-0.99984837,-0.012969494,-0.011616439,-0.014815688,0.9842138,0.1763623
1356678791602,0.026257277,0.25931165,-0.9654367,-0.99965346,0.0050024986,-0.025844216,-0.0018721521,0.96578074,0.25935313
1356678791642,0.0501284,0.3360359,-0.9405142,-0.9986903,0.026517868,-0.043754548,0.010237336,0.94147575,0.3369251
1356678791682,0.08352435,0.38848516,-0.9176617,-0.9963671,0.047919035,-0.07040182,0.016623437,0.9202082,0.39107618
1356678791722,0.12433839,0.40718144,-0.9048443,-0.992075,0.06763393,-0.10588974,0.018081784,0.9108396,0.4123641
1356678791762,0.1666485,0.39211202,-0.90469694,-0.98583853,0.08368772,-0.14532334,0.018729031,0.91610295,0.40050548
1356678791802,0.2030049,0.349351,-0.91473657,-0.97896475,0.09189689,-0.18216223,0.020422935,0.9324747,0.36065778
1356678791842,0.22654438,0.28839746,-0.9303249,-0.97373736,0.08927554,-0.20944065,0.022653073,0.95333976,0.30104834
1356678791902,0.2331127,0.21865457,-0.94754875,-0.9721131,0.07803464,-0.22114882,0.025586426,0.9726771,0.23074785
1356678791924,0.22117364,0.14919186,-0.96375513,-0.97475755,0.06472021,-0.21367973,0.030495167,0.98668796,0.15974027
1356678791964,0.19234401,0.086514145,-0.9775065,-0.98058736,0.05562675,-0.188027,0.038108468,0.9946964,0.095534176
1356678792004,0.14917901,0.034849107,-0.9881959,-0.9876699,0.053233296,-0.14722228,0.047474384,0.9979738,0.042360693
1356678792044,0.09499499,-0.0042569637,-0.9954686,-0.99384815,0.05678901,-0.09508321,0.056936383,0.9983771,0.0011639595
1356678792074,0.03311339,-0.03171608,-0.9989482,-0.9973327,0.063999504,-0.035091788,0.06504512,0.9974458,-0.029512227
1356678792104,-0.026831567,-0.048350573,-0.99846995,-0.99703753,0.073320866,0.023242533,0.072084874,0.99613565,-0.050174654
1356678792144,-0.08639258,-0.050442487,-0.9949833,-0.9930998,0.083859086,0.081977695,0.079303265,0.99520004,-0.05733925
1356678792184,-0.15307707,-0.03729582,-0.9875102,-0.9843321,0.094243884,0.14902505,0.0875088,0.9948503,-0.051137984
1356678792214,-0.2230283,-0.016347378,-0.9746749,-0.970127,0.1016317,0.22028306,0.09545678,0.9946878,-0.03852576
1356678792254,-0.28879946,0.0144943595,-0.9572799,-0.95188403,0.102729976,0.28872702,0.10252622,0.99460363,-0.015871406
1356678792282,-0.35441488,0.04349059,-0.9340763,-0.92903495,0.0971005,0.3570231,0.106226325,0.99432385,0.0059904456
1356678792324,-0.4120292,0.06585017,-0.90878797,-0.90531635,0.0832932,0.41649067,0.10312185,0.994347,0.025296032
1356678792365,-0.46664184,0.07777247,-0.8810203,-0.8794166,0.065283775,0.47155532,0.09419033,0.9948313,0.03793031
1356678792404,-0.51644087,0.07887289,-0.85268277,-0.85242665,0.047528088,0.5206821,0.08159411,0.995751,0.042687833
1356678792444,-0.5595864,0.07049894,-0.8257681,-0.82609147,0.032624543,0.5625909,0.06660232,0.9969782,0.03998238
1356678792483,-0.5943044,0.054388374,-0.80239904,-0.8027061,0.021479905,0.5959878,0.04965028,0.99828875,0.030892253
1356678792524,-0.6184806,0.032772124,-0.7851163,-0.7851778,0.013978124,0.6191126,0.031264096,0.9993651,0.017086804
1356678792562,-0.630135,0.008465767,-0.7764394,-0.77639556,0.008361161,0.6301905,0.011826962,0.9999292,0.0013041496
1356678792602,-0.6288385,-0.011334866,-0.7774533,-0.7775028,-6.1392784E-5,0.6288794,-0.0071760416,0.99993575,-0.008774221
1356678792644,-0.61827844,-0.014164656,-0.78583145,-0.7856189,-0.018274307,0.6184407,-0.023120582,0.9997327,1.706481E-4
1356678792682,-0.60529935,0.011859655,-0.7959095,-0.7952854,-0.051306963,0.6040602,-0.033671737,0.9986125,0.040487885
1356678792723,-0.5945297,0.065500736,-0.80140126,-0.8031177,-0.09695828,0.5878784,-0.039196044,0.99313074,0.11024946
1356678792763,-0.5837403,0.1288274,-0.80165493,-0.81086177,-0.14337045,0.5674046,-0.04183641,0.9812484,0.18815243
1356678792802,-0.5674879,0.18142632,-0.8031451,-0.8223238,-0.1743139,0.5416626,-0.041727483,0.9678322,0.24811214
1356678792842,-0.54222107,0.21308482,-0.81276774,-0.8394191,-0.18001723,0.5128055,-0.037041098,0.9603066,0.2764765
1356678792903,-0.50670946,0.22200254,-0.833043,-0.86167824,-0.16124022,0.4811573,-0.027501822,0.9616219,0.27299654
1356678792924,-0.4623397,0.21085897,-0.86126673,-0.8865751,-0.12641919,0.44497505,-0.0150536895,0.9693073,0.24539095
1356678792963,-0.4133556,0.18398595,-0.89178824,-0.9105692,-0.084539294,0.4046194,-9.468496E-4,0.9792866,0.20247674
1356678793029,-0.36761308,0.1476951,-0.9181758,-0.9298645,-0.04289311,0.36539322,0.014583409,0.9881024,0.15310448
1356678793044,-0.33394462,0.10830325,-0.93635005,-0.9420776,-0.0055122375,0.33534977,0.03115809,0.9941026,0.10387081
1356678793084,-0.32038134,0.07110506,-0.9446162,-0.9461065,0.025782645,0.3228276,0.04730931,0.9971355,0.05901277
1356678793120,-0.3332193,0.04052016,-0.94197834,-0.94086325,0.05052471,0.3349981,0.06116745,0.9979005,0.021288037
1356678793163,-0.37564594,0.020482332,-0.9265369,-0.92397046,0.06927943,0.3761369,0.07189411,0.99738705,-0.0070994496
1356678793203,-0.45056546,0.014897138,-0.89261913,-0.8891629,0.08197129,0.45018888,0.07987571,0.9965234,-0.023687482
1356678793242,-0.55191964,0.025631517,-0.83350325,-0.8294207,0.0865556,0.55187804,0.08628982,0.99591726,-0.026512444
1356678793282,-0.6640577,0.049006402,-0.7460736,-0.7420381,0.0791713,0.66566616,0.09168953,0.9956557,-0.016209662
1356678793322,-0.76368916,0.074300826,-0.6412941,-0.63857895,0.058998525,0.76729137,0.09484577,0.99548906,0.0023904443
1356678793362,-0.8365601,0.09056927,-0.54033715,-0.53976583,0.03281206,0.84117544,0.093914196,0.9953494,0.021437049
1356678793403,-0.8835004,0.09420091,-0.4588608,-0.46004146,0.0100669265,0.88784033,0.08825469,0.9955023,0.034442186
1356678793442,-0.9113391,0.08751066,-0.4022473,-0.40410334,-0.003855884,0.9147052,0.07849543,0.99615616,0.038877368
1356678793482,-0.92517334,0.0738381,-0.37229317,-0.37385803,-0.008126199,0.92745036,0.06545584,0.99723715,0.03512311
1356678793522,-0.92646307,0.055221573,-0.37231266,-0.3730995,-0.004313469,0.9277813,0.049627557,0.99846476,0.024599493
1356678793562,-0.91188794,0.031955227,-0.40919346,-0.4092586,0.0047749877,0.91240597,0.031110033,0.99947786,0.008723736
1356678793603,-0.8703947,0.0036816895,-0.4923408,-0.49224925,0.01417166,0.87033886,0.010181621,0.9998928,-0.010522664
1356678793642,-0.78133273,-0.026387632,-0.6235566,-0.624008,0.01455003,0.7812825,-0.011543423,0.9995459,-0.027834475
1356678793682,-0.6318379,-0.04370922,-0.77386713,-0.77452517,-0.0028595924,0.63253665,-0.029860616,0.99904025,-0.032047093
1356678793722,-0.45986265,-0.026266754,-0.8876015,-0.8871409,-0.030113876,0.46051514,-0.038825363,0.9992013,-0.009454131
1356678793762,-0.32913244,0.032319188,-0.9437306,-0.9436474,-0.047945857,0.3274614,-0.03466466,0.998327,0.046278358
1356678793802,-0.25163406,0.11559847,-0.960894,-0.96760833,-0.05093497,0.24726474,-0.020359665,0.99198925,0.12467098
1356678793842,-0.19023973,0.19595861,-0.96198195,-0.98172915,-0.042076826,0.18557367,-0.004112363,0.979709,0.20038289
1356678793899,-0.10479456,0.24865952,-0.9629053,-0.9944583,-0.01800567,0.103578776,0.008418083,0.9684236,0.2491684
1356678793924,0.017804682,0.2613339,-0.9650842,-0.99970007,0.02088505,-0.012787908,0.016813874,0.96502244,0.26162747
1356678793964,0.1603005,0.23547286,-0.95856994,-0.9868304,0.059552073,-0.15039748,0.021670341,0.9700547,0.24191794
1356678794004,0.29181695,0.1844821,-0.93851435,-0.95619166,0.08011532,-0.2815653,0.023245573,0.97956514,0.19977927
1356678794044,0.39123854,0.12507924,-0.9117497,-0.91999495,0.07821289,-0.38404688,0.023274273,0.9890591,0.14567214
1356678794084,0.45378548,0.0686169,-0.8884653,-0.89076924,0.06253976,-0.45013222,0.024677724,0.9956809,0.08950147
1356678794124,0.4846961,0.019102693,-0.87447405,-0.87418914,0.044160962,-0.48357347,0.029380113,0.9988419,0.038103968
1356678794164,0.48878467,-0.022307128,-0.8721192,-0.87159145,0.030660406,-0.4892732,0.037653804,0.9992809,-0.004456371
1356678794204,0.4670174,-0.05447504,-0.8825686,-0.8828969,0.026429728,-0.46882254,0.04886523,0.9981653,-0.035752743
1356678794244,0.41680187,-0.07524988,-0.9058773,-0.90684175,0.034168363,-0.42008394,0.0625636,0.9965791,-0.05399829
1356678794284,0.33013678,-0.08068153,-0.9404787,-0.9407023,0.054241598,-0.33486858,0.078030795,0.995263,-0.057990134
1356678794324,0.19603205,-0.0650678,-0.97843635,-0.97606456,0.08288199,-0.20106867,0.09417787,0.9944329,-0.047262847
1356678794363,0.008429587,-0.025667757,-0.999635,-0.994061,0.10825014,-0.011162162,0.10849714,0.9937923,-0.02460283
1356678794402,-0.20825839,0.027893126,-0.97767603,-0.97096217,0.11442673,0.21009284,0.117732435,0.99304,0.003252864
1356678794442,-0.402142,0.07451862,-0.91253984,-0.9076834,0.09814936,0.40801674,0.11997011,0.9923778,0.028169274
1356678794482,-0.54120266,0.10050407,-0.8348645,-0.8328966,0.072517574,0.54865694,0.1156846,0.9922904,0.04446274
1356678794522,-0.6273849,0.106307864,-0.7714187,-0.77139056,0.050655007,0.63434273,0.10651183,0.9930422,0.05022466
1356678794562,-0.6730701,0.097467065,-0.7331282,-0.73358923,0.037918746,0.6785345,0.09393412,0.99451613,0.045978725
1356678794604,-0.6861157,0.07814264,-0.7232834,-0.72322565,0.03425479,0.6897617,0.07867572,0.99635345,0.033012092
1356678794643,-0.66708344,0.04986781,-0.74331206,-0.7425136,0.03666532,0.66882676,0.060606718,0.9980826,0.012568772
1356678794685,-0.6130226,0.015577495,-0.78991187,-0.7890445,0.03873998,0.61311346,0.040151954,0.9991279,-0.011457205
1356678794725,-0.5290787,-0.016165823,-0.8484187,-0.84837615,0.031595767,0.52845013,0.018263608,0.99937,-0.03043133
1356678794764,-0.43138152,-0.027045906,-0.9017641,-0.9021695,0.013353646,0.43117496,3.8033724E-4,0.999545,-0.030160546
1356678794804,-0.37084436,0.004917562,-0.92868197,-0.92866635,-0.009816229,0.3707862,-0.007292807,0.9999397,0.008207142
1356678794844,-0.34060055,0.06990969,-0.93760544,-0.94019413,-0.030771732,0.3392465,-0.005135119,0.99707866,0.076209486
1356678794906,-0.33144838,0.14795774,-0.93179953,-0.9434671,-0.048386037,0.32791555,0.0034315884,0.9878093,0.15563071
1356678794925,-0.3067642,0.2093302,-0.92848086,-0.95169735,-0.054178953,0.30221984,0.012959659,0.9763429,0.21583909
1356678794966,-0.25423312,0.23999694,-0.93689215,-0.9668784,-0.040416002,0.25201708,0.022617847,0.9699319,0.24232304
1356678795004,-0.17237622,0.23770195,-0.9559207,-0.9845007,-0.009727001,0.17511109,0.032326043,0.9712895,0.23569435
1356678795045,-0.07117134,0.2067698,-0.97579765,-0.9966135,0.025651574,0.07812509,0.041184694,0.97805333,0.20424384
1356678795085,0.03376299,0.15547016,-0.98726344,-0.9982265,0.053706765,-0.025680393,0.049030185,0.9863795,0.15700772
1356678795124,0.12269312,0.09692651,-0.9877002,-0.99082917,0.06872547,-0.11633757,0.056604028,0.992916,0.10446972
1356678795164,0.18570769,0.040914327,-0.9817529,-0.9804795,0.07339972,-0.18240789,0.06459734,0.99646306,0.05374649
1356678795204,0.2171695,-0.0061658025,-0.9761144,-0.973406,0.07333866,-0.21703017,0.07292509,0.997288,0.009925067
1356678795244,0.21458003,-0.040843815,-0.975852,-0.97330344,0.074388415,-0.2171331,0.081460685,0.99639255,-0.023791134
1356678795284,0.17348841,-0.060215324,-0.98299336,-0.98064375,0.081435174,-0.1780622,0.0907723,0.994858,-0.044921726
1356678795324,0.08610812,-0.060552508,-0.994444,-0.9910611,0.096883744,-0.09171459,0.10189903,0.9934521,-0.051668823
1356678795362,-0.05522147,-0.037673175,-0.9977633,-0.9918569,0.11692676,0.05047965,0.11476353,0.9924258,-0.043823242
1356678795402,-0.24098516,0.007019192,-0.97050345,-0.9622365,0.12871122,0.23986334,0.12659827,0.9916573,-0.024263382
1356678795442,-0.42682242,0.05783221,-0.9024844,-0.894508,0.11972427,0.43072206,0.13295889,0.99112135,6.303787E-4
1356678795482,-0.5646034,0.094151616,-0.8199748,-0.8149137,0.09398937,0.5719106,0.13091525,0.9911113,0.023658693
1356678795522,-0.6435335,0.108881235,-0.7576343,-0.7558576,0.06555742,0.6514458,0.12059882,0.9918907,0.04011023
1356678795562,-0.675001,0.106140256,-0.73014224,-0.73042876,0.043560386,0.6815983,0.104150236,0.9933965,0.04812467
1356678795602,-0.6682762,0.09150007,-0.73826456,-0.73919654,0.029900849,0.6728257,0.08363831,0.9953561,0.04765457
1356678795642,-0.6249737,0.06880033,-0.77760816,-0.77829665,0.022305131,0.62750053,0.060516924,0.9973811,0.03960687
1356678795683,-0.54234046,0.041092336,-0.8391534,-0.8393911,0.016189635,0.5432868,0.035910577,0.9990243,0.025712132
1356678795722,-0.4226637,0.014417499,-0.906172,-0.90621626,0.0057397485,0.4227756,0.01129657,0.9998796,0.0106393695
1356678795763,-0.28708655,0.0014095306,-0.9579036,-0.9578412,-0.011930764,0.28705028,-0.011023939,0.9999279,0.0047752857
1356678795804,-0.17097741,0.01833877,-0.9851043,-0.98487985,-0.0314942,0.1703521,-0.027900934,0.99933577,0.023446202
1356678795863,-0.085041225,0.06691536,-0.99412787,-0.99566007,-0.043559253,0.08224034,-0.0378004,0.99680734,0.07032931
1356678795957,-0.043497205,0.14922428,-0.9878462,-0.9983196,-0.044384718,0.03725362,-0.03828615,0.9878067,0.15090418
1356678795958,0.026114464,0.21975526,-0.9752054,-0.9991945,-0.023992479,-0.03216338,-0.030465752,0.9752599,0.21895179
1356678795980,0.12630522,0.2546595,-0.9587468,-0.99180245,0.013556778,-0.12705901,-0.01935932,0.96693575,0.2542843
1356678796022,0.24475119,0.23933381,-0.939583,-0.96958417,0.058567017,-0.23764777,-0.0018485785,0.9691694,0.24638864
1356678796062,0.36083543,0.18669352,-0.9137523,-0.9324455,0.091674745,-0.34948674,0.01852113,0.97813153,0.20716104
1356678796105,0.46218356,0.11080021,-0.879835,-0.8859109,0.10171446,-0.45256615,0.03934756,0.9886241,0.14516985
1356678796144,0.5320493,0.036752164,-0.8459153,-0.84473956,0.09121722,-0.5273466,0.05778089,0.9951526,0.07957809
1356678796184,0.5767145,-0.028568983,-0.81644607,-0.8136106,0.07012682,-0.57716554,0.07374382,0.9971289,0.017199114
1356678796222,0.59504867,-0.07838473,-0.79985803,-0.7990254,0.049367994,-0.59926724,0.08646077,0.9957001,-0.03325501
1356678796263,0.5929094,-0.11254051,-0.7973663,-0.79950225,0.03602332,-0.5995819,0.096201,0.9929939,-0.06861782
1356678796303,0.5681554,-0.13129067,-0.81238055,-0.81630147,0.035048544,-0.5765618,0.104169905,0.9907241,-0.08725971
1356678796342,0.51601374,-0.13425931,-0.84599304,-0.84920216,0.049167648,-0.52577406,0.11218557,0.98972577,-0.08864212
1356678796382,0.42592657,-0.11897358,-0.8969012,-0.89662147,0.07714106,-0.43602645,0.12106353,0.9898962,-0.07381785
1356678796422,0.28482664,-0.08245346,-0.95502627,-0.94985354,0.109843016,-0.29276735,0.12904263,0.99052304,-0.047032475
1356678796462,0.09550214,-0.02891457,-0.9950092,-0.98655975,0.13038969,-0.098480195,0.13258645,0.99104106,-0.016073465
1356678796502,-0.10163188,0.024225026,-0.9945271,-0.9863957,0.12738734,0.10390383,0.12920725,0.9915572,0.010948837
1356678796542,-0.25370735,0.05889073,-0.96548665,-0.95994043,0.10740709,0.25880134,0.11894107,0.99246943,0.029281676
1356678796582,-0.33815747,0.07081029,-0.9384218,-0.935375,0.08443338,0.34343067,0.10355252,0.99390996,0.037682414
1356678796622,-0.35696262,0.06453887,-0.9318865,-0.93028355,0.0657447,0.36090186,0.084558785,0.9957472,0.036571026
1356678796662,-0.31647056,0.045817077,-0.9474952,-0.94650894,0.051069617,0.31861064,0.062986016,0.9976436,0.027204216
1356678796702,-0.22422314,0.019808501,-0.9743365,-0.9737382,0.03594029,0.22481611,0.03947118,0.99915767,0.011229634
1356678796742,-0.09612721,-0.006317824,-0.99534905,-0.9952555,0.015717328,0.096018374,0.015037566,0.99985653,-0.0077986717
1356678796785,0.037018776,-0.02030766,-0.9991082,-0.9992826,-0.008749962,-0.036847383,-0.007993907,0.9997555,-0.020616978
1356678796822,0.15220743,-0.01091519,-0.9882883,-0.98803246,-0.02696687,-0.15187022,-0.02499333,0.9995767,-0.014889121
1356678796863,0.22141251,0.03247562,-0.9746394,-0.97469676,-0.024099201,-0.22222856,-0.030705005,0.999182,0.026318014
1356678796904,0.2656442,0.101747036,-0.958687,-0.9637383,0.0018979907,-0.26684248,-0.025330842,0.99480855,0.098561704
1356678796944,0.3028289,0.1762951,-0.93659747,-0.95296484,0.043269455,-0.29997635,-0.012358278,0.9833859,0.18110624
1356678796982,0.3540471,0.22703609,-0.9072515,-0.935222,0.08929214,-0.34261736,0.0032239258,0.96978426,0.24394278
1356678797022,0.42179573,0.23830926,-0.8748126,-0.90645826,0.1326881,-0.40090808,0.020537168,0.9620824,0.27198464
1356678797062,0.49721214,0.21177539,-0.84138644,-0.86678565,0.16398898,-0.4709459,0.038243324,0.9634618,0.26510125
1356678797102,0.56588745,0.1619507,-0.80842036,-0.822741,0.17461805,-0.5409306,0.053560734,0.97122633,0.23205762
1356678797142,0.61935955,0.10417387,-0.77816546,-0.7824229,0.1637953,-0.60082066,0.06487,0.9809785,0.18295623
1356678797182,0.65603447,0.04868394,-0.75315917,-0.75119036,0.13866645,-0.64535624,0.073019415,0.98914176,0.12754087
1356678797222,0.6780363,7.2687864E-5,-0.73502845,-0.73069024,0.108553275,-0.67402375,0.07974076,0.9940907,0.07365616
1356678797262,0.6876052,-0.03971526,-0.7249978,-0.7209991,0.08062543,-0.6882295,0.08578652,0.995953,0.026803777
1356678797302,0.6856892,-0.069722265,-0.7245475,-0.7221676,0.05945471,-0.68915826,0.091127455,0.99579316,-0.0095837265
1356678797343,0.6714213,-0.08957854,-0.735642,-0.73480546,0.048387118,-0.67654985,0.09619999,0.9948037,-0.033334672
1356678797382,0.6411051,-0.09890425,-0.7610534,-0.760602,0.05032523,-0.6472651,0.10231751,0.99382365,-0.042963043
1356678797422,0.5856056,-0.09597972,-0.80489373,-0.80300915,0.06684753,-0.59220576,0.11064485,0.99313605,-0.037926257
1356678797462,0.4840668,-0.07629347,-0.87169874,-0.8667464,0.09495148,-0.48962718,0.12012443,0.992554,-0.020164222
1356678797502,0.29688367,-0.033645064,-0.9543208,-0.9464221,0.12261346,-0.29874927,0.12706411,0.99188405,0.0045594573
1356678797542,-0.013186753,0.030430853,-0.99944997,-0.9916912,0.1275177,0.016966939,0.12796393,0.99136937,0.028496444
1356678797582,-0.3847006,0.089417964,-0.9187001,-0.91493,0.09471893,0.39234102,0.12210059,0.9914801,0.045372784
1356678797622,-0.66977847,0.113711596,-0.7338028,-0.73423445,0.046157658,0.67732507,0.11089036,0.992441,0.05257553
1356678797662,-0.8298793,0.10755792,-0.54747766,-0.54966104,0.010834396,0.8353175,0.09577663,0.9941398,0.050129116
1356678797702,-0.9095626,0.0867164,-0.40641874,-0.40828383,-0.0041769743,0.9128455,0.07746108,0.9962243,0.03920412
1356678797742,-0.9459928,0.059951425,-0.31859607,-0.31929693,-0.0022416115,0.94765204,0.056098923,0.9981988,0.021262884
1356678797782,-0.95711154,0.03027822,-0.28813308,-0.2879514,0.010293484,0.9575897,0.031960025,0.99948853,-0.0011333823
1356678797822,-0.947413,-5.6767464E-4,-0.3200127,-0.3199448,0.022350669,0.94717246,0.0066148043,0.99974996,-0.02135688
1356678797862,-0.9167477,-0.025590166,-0.39864618,-0.39913875,0.018252075,0.9167088,-0.016182601,0.9995059,-0.026946604
1356678797905,-0.8881244,-0.029309452,-0.45866752,-0.45852047,-0.011951923,0.88860345,-0.031526446,0.99949884,-0.0028241277
1356678797944,-0.88797873,-0.0085602105,-0.459805,-0.4583749,-0.064475894,0.88641715,-0.03723423,0.9978826,0.05332941
1356678797984,-0.90906286,0.024357304,-0.41594642,-0.41525608,-0.13481629,0.89965934,-0.034163058,0.9905712,0.132671
1356678798025,-0.923704,0.056527123,-0.37891364,-0.38219064,-0.20432842,0.9012104,-0.02647999,0.97726893,0.21034312
1356678798062,-0.9247518,0.08342086,-0.37131542,-0.38014454,-0.24864769,0.8908785,-0.018008858,0.96499497,0.2616493
1356678798102,-0.9152893,0.10347149,-0.3892802,-0.4026961,-0.25669318,0.8786037,-0.009015158,0.9609382,0.27661616
1356678798142,-0.8950677,0.11540444,-0.43073848,-0.44593024,-0.23125994,0.86467624,1.7493963E-4,0.9660231,0.25845563
1356678798182,-0.8627543,0.11680719,-0.49194628,-0.5055468,-0.18234545,0.8433105,0.008800581,0.9762716,0.21637082
1356678798222,-0.81981856,0.105942756,-0.5627375,-0.57236683,-0.122204125,0.8108405,0.017133772,0.9868344,0.16082346
1356678798263,-0.77624947,0.08417514,-0.6247811,-0.6298733,-0.062067747,0.77421397,0.02639085,0.9945161,0.10119969
1356678798302,-0.7544047,0.05827561,-0.65381753,-0.6553632,-0.010654688,0.7552386,0.037045747,0.99824363,0.04622966
1356678798342,-0.77397937,0.038617402,-0.6320323,-0.6313019,0.03038752,0.7749417,0.04913214,0.99879193,8.599162E-4
1356678798382,-0.8405118,0.03549975,-0.5406289,-0.53818417,0.06027764,0.84066904,0.06243138,0.99755013,-0.031558692
1356678798422,-0.9235477,0.052898258,-0.37981758,-0.3756385,0.07452327,0.92376506,0.07717082,0.9958153,-0.048955202
1356678798462,-0.9782665,0.08259807,-0.19019037,-0.18494925,0.06711131,0.98045397,0.09374753,0.99432075,-0.050376356
1356678798502,-0.9935006,0.110166684,-0.028631434,-0.024397925,0.039586484,0.9989182,0.11118093,0.99312437,-0.0366413
1356678798542,-0.9888241,0.12625062,0.07929527,0.08016046,0.001779139,0.99678046,0.12570307,0.9919968,-0.011879623
1356678798583,-0.981633,0.12909634,0.14046712,0.13709454,-0.034694493,0.98995024,0.13267238,0.99102503,0.016358733
1356678798622,-0.9775905,0.121893816,0.17163521,0.16512212,-0.0617373,0.98433894,0.13058114,0.99062115,0.04022652
1356678798662,-0.9764451,0.10927664,0.18604705,0.17839779,-0.07612127,0.98100954,0.12136358,0.9910924,0.05483359
1356678798721,-0.9772863,0.09508263,0.18939641,0.18237028,-0.07789934,0.9801392,0.107948065,0.9924168,0.05878967
1356678798743,-0.9802115,0.081102654,0.18057592,0.17527287,-0.06839031,0.9821416,0.09200396,0.99435663,0.052821934
1356678798783,-0.98603076,0.06717515,0.15241668,0.14931172,-0.049072564,0.9875718,0.07381976,0.9965337,0.03835702
1356678798820,-0.99477816,0.051246613,0.088261805,0.08724183,-0.021814585,0.99594826,0.052964367,0.9984477,0.017229795
1356678798863,-0.99836093,0.028471196,-0.049647763,-0.0494235,0.008527815,0.99874157,0.02885875,0.99955827,-0.007106662
1356678798905,-0.943589,-0.005668476,-0.33107072,-0.33110702,0.02475816,0.9432684,0.0028498322,0.9996774,-0.025238454
1356678798944,-0.6943067,-0.030842602,-0.7190181,-0.7194032,0.0020731091,0.6945896,-0.01993236,0.9995221,-0.023627639
1356678798984,-0.39376867,-0.0026125014,-0.9192059,-0.918576,-0.036002874,0.39360118,-0.034122318,0.9993483,0.011777043
1356678799024,-0.24928957,0.066149086,-0.9661672,-0.9676833,-0.056157768,0.2458359,-0.037995964,0.9962282,0.07801092
1356678799064,-0.19083935,0.14339575,-0.97109115,-0.9809841,-0.06349778,0.1834071,-0.035362333,0.9876263,0.15278682
1356678799104,-0.13439035,0.20496497,-0.9694992,-0.9904566,-0.057975054,0.12503871,-0.030578196,0.9770508,0.21080017
1356678799144,-0.046939492,0.23690704,-0.9703977,-0.9986036,-0.034703553,0.03983158,-0.024239868,0.9709123,0.23820522
1356678799184,0.06998652,0.23473719,-0.9695361,-0.99742544,0.0012341142,-0.0717009,-0.015634298,0.97205806,0.23421916
1356678799224,0.1963467,0.20248893,-0.95939887,-0.98052084,0.035381675,-0.19320184,-0.005176127,0.97864515,0.20549172
1356678799264,0.30885655,0.15121299,-0.93901134,-0.95108634,0.055859387,-0.30383298,0.006509125,0.98692167,0.16106915
1356678799304,0.39250955,0.09381637,-0.91495067,-0.9195428,0.06103483,-0.3882212,0.019422352,0.9937169,0.1102249
1356678799344,0.44321206,0.039612055,-0.8955411,-0.89578485,0.05707541,-0.44080812,0.033652037,0.9975837,0.060780436
1356678799384,0.46185005,-0.0065695643,-0.8869337,-0.88561547,0.051584005,-0.46154565,0.04878375,0.99864703,0.018005937
1356678799424,0.44769144,-0.042171896,-0.893193,-0.8918801,0.050662294,-0.44942534,0.064204305,0.997825,-0.014931172
1356678799462,0.39270303,-0.06421697,-0.9174206,-0.91619337,0.059282154,-0.39632738,0.07983765,0.9961736,-0.035554886
1356678799502,0.27512604,-0.06693983,-0.95907485,-0.95657444,0.08084756,-0.28005153,0.09628543,0.994476,-0.04178965
1356678799542,0.054816037,-0.03950137,-0.9977149,-0.9919955,0.111682445,-0.058923542,0.11375478,0.9929586,-0.033063173
1356678799582,-0.28286034,0.025004387,-0.9588351,-0.95031863,0.1281209,0.28368902,0.12994027,0.9914433,-0.012478173
1356678799622,-0.6058839,0.09628907,-0.7897045,-0.7831116,0.10268164,0.61334556,0.14014661,0.99004287,0.013191879
1356678799662,-0.784059,0.13365296,-0.6061257,-0.60452473,0.056958318,0.79454744,0.14071754,0.98939,0.03613776
1356678799702,-0.85629696,0.1396502,-0.49724582,-0.49941,0.021620631,0.866096,0.13170126,0.98996484,0.05122894
1356678799742,-0.8773912,0.12862632,-0.4622122,-0.465632,0.0039066076,0.88496995,0.115636095,0.9916855,0.05646479
1356678799782,-0.8654848,0.10824345,-0.48910066,-0.4918428,0.001560986,0.8706826,0.09500918,0.9941232,0.05188775
1356678799823,-0.8138721,0.080608726,-0.5754253,-0.57664454,0.0095822215,0.81693894,0.07136625,0.99669975,0.03868395
1356678799862,-0.6954212,0.045064002,-0.717188,-0.7171527,0.019839883,0.69663364,0.04562202,0.9987871,0.018520713
1356678799905,-0.4783913,0.003698349,-0.878139,-0.8779563,0.018814743,0.47837096,0.018291146,0.9998161,-0.005753815
1356678799945,-0.19745338,-0.025866479,-0.97997093,-0.9802829,-0.002523601,0.19758281,-0.007583827,0.99966216,-0.024858177
1356678799987,0.019141585,-0.021376997,-0.99958825,-0.9994335,-0.0280886,-0.01853785,-0.027680784,0.9993768,-0.021902531
1356678800025,0.15141702,0.01762122,-0.98831296,-0.9877363,-0.035818517,-0.15196738,-0.038077712,0.99920297,0.011981547
1356678800066,0.20292008,0.08774036,-0.97525644,-0.9785332,-0.018449903,-0.20526174,-0.036003113,0.9959725,0.08211303
1356678800104,0.22592506,0.16920495,-0.959337,-0.9738121,0.013498634,-0.22695312,-0.02545181,0.9854884,0.16782352
1356678800145,0.25723672,0.23399636,-0.93759,-0.9662651,0.049544096,-0.25273922,-0.012688011,0.9709743,0.23884705
1356678800185,0.31251538,0.261654,-0.91316557,-0.9499121,0.0849517,-0.30074966,-0.0011173487,0.9614159,0.27509695
1356678800225,0.38181528,0.25134355,-0.8894063,-0.924202,0.11240116,-0.36498863,0.008232802,0.9613493,0.27520865
1356678800264,0.44932538,0.21237674,-0.8677573,-0.8932419,0.123131216,-0.43238586,0.015019268,0.96939915,0.24502982
1356678800305,0.5006087,0.15950167,-0.85085255,-0.86544716,0.11469504,-0.4876947,0.019800425,0.98051214,0.19545764
1356678800346,0.5320099,0.10176161,-0.84060097,-0.84638214,0.0926922,-0.5244477,0.02454853,0.990481,0.13544239
1356678800384,0.54014766,0.048274428,-0.84018457,-0.8410045,0.06756458,-0.53679276,0.030853331,0.9965464,0.077093855
1356678800424,0.5303604,6.797612E-4,-0.847772,-0.8468493,0.04707347,-0.5297454,0.039547443,0.9988912,0.025541589
1356678800464,0.501646,-0.03847918,-0.8642168,-0.86361754,0.03564988,-0.50288546,0.050159812,0.99862325,-0.01534766
1356678800504,0.453346,-0.0664981,-0.88885057,-0.8891475,0.036076292,-0.45619646,0.062402636,0.9971342,-0.042771578
1356678800543,0.38267297,-0.079850376,-0.92042667,-0.9206899,0.049809217,-0.38710347,0.07675606,0.9955616,-0.05445677
1356678800583,0.285069,-0.07502824,-0.95556605,-0.9539698,0.074677885,-0.2904563,0.093152165,0.9943812,-0.050286382
1356678800622,0.1593956,-0.050665557,-0.9859138,-0.9811396,0.102493495,-0.16389084,0.10935336,0.99344254,-0.03337294
1356678800662,0.01436767,-0.01167056,-0.9998287,-0.9925457,0.120860845,-0.015673786,0.12102306,0.9926009,-0.009847105
1356678800702,-0.1276443,0.028684825,-0.9914051,-0.9839506,0.12200552,0.13021457,0.12469205,0.9921149,0.012651145
1356678800742,-0.2424674,0.057673365,-0.9684438,-0.96268964,0.10933334,0.24753779,0.12015957,0.9923306,0.029011786
1356678800782,-0.31892532,0.07038629,-0.9451627,-0.9414499,0.09153706,0.3244892,0.10935706,0.99331105,0.037071586
1356678800822,-0.35708243,0.06802189,-0.9315928,-0.92930794,0.07474017,0.36166385,0.09422848,0.99488044,0.036524832
1356678800862,-0.36134583,0.053802818,-0.9308783,-0.92933226,0.060554326,0.36424556,0.07596609,0.9967139,0.028119683
1356678800906,-0.336219,0.030150056,-0.94130117,-0.9401978,0.047236443,0.33733788,0.05463451,0.9984287,0.012465179
1356678800944,-0.2888466,0.0042743087,-0.95736575,-0.9568172,0.032851875,0.28882778,0.032685727,0.99945104,-0.005399406
1356678800984,-0.23544359,-0.014698625,-0.97177684,-0.9718154,0.015780926,0.23521426,0.011878192,0.9997674,-0.017999887
1356678801024,-0.18777674,-0.011651397,-0.98214257,-0.98220503,-0.001447916,0.18780586,-0.003610313,0.999931,-0.011172116
1356678801063,-0.1565488,0.02641663,-0.98731697,-0.98761773,-0.014494896,0.1562087,-0.010184497,0.999546,0.028358638
1356678801102,-0.13954765,0.09747663,-0.9854059,-0.990178,-0.022384107,0.13800919,-0.008604735,0.99498606,0.09964287
1356678801142,-0.1250698,0.17941728,-0.97579044,-0.99214077,-0.026375115,0.12231588,-0.0037909746,0.9834194,0.18130589
1356678801182,-0.10406405,0.24387974,-0.9642061,-0.9945702,-0.02464372,0.101107866,8.9654326E-4,0.9694923,0.24512008
1356678801222,-0.07697451,0.27478215,-0.95842046,-0.9970139,-0.015250802,0.075701624,0.0061848164,0.9613856,0.2751355
1356678801262,-0.050458968,0.2707451,-0.9613278,-0.9986443,-0.0013487339,0.052037776,0.012792438,0.96265024,0.270446
1356678801302,-0.03250289,0.23860052,-0.9705738,-0.99927855,0.011333525,0.036250323,0.019649386,0.9710517,0.23805994
1356678801342,-0.029874802,0.1884864,-0.9816212,-0.9992114,0.020062506,0.03426251,0.026151717,0.9818708,0.18773848
1356678801382,-0.046515107,0.13052458,-0.99035335,-0.9983726,0.026669562,0.050406754,0.03299156,0.9910863,0.12907165
1356678801422,-0.08413613,0.07394984,-0.99370646,-0.99562407,0.034461975,0.0868631,0.040668607,0.9966664,0.07072675
1356678801462,-0.14239645,0.026227862,-0.98946214,-0.98860276,0.04558319,0.14348108,0.048866034,0.99861616,0.019438088
1356678801502,-0.21975112,-0.0069508553,-0.9755312,-0.9738613,0.060479403,0.21894401,0.057477713,0.9981453,-0.020059586
1356678801561,-0.31383932,-0.021192431,-0.9492396,-0.9470635,0.07821208,0.31137374,0.067643285,0.9967115,-0.04461664
1356678801583,-0.42071867,-0.013354182,-0.9070928,-0.9035378,0.09581286,0.41765928,0.08133364,0.9953097,-0.05237621
1356678801623,-0.5336815,0.016084194,-0.8455326,-0.83987606,0.10691124,0.5321449,0.09895605,0.9941385,-0.04354781
1356678801660,-0.64150053,0.058324903,-0.7649021,-0.7581414,0.10392684,0.6437552,0.11704078,0.9928733,-0.022450566
1356678801703,-0.7329094,0.09833315,-0.67318225,-0.6678221,0.08485317,0.73946834,0.12983587,0.99152935,0.0034794211
1356678801742,-0.8042562,0.12348069,-0.5813129,-0.57915187,0.056469977,0.8132615,0.13324882,0.990739,0.026097715
1356678801782,-0.85724705,0.13024518,-0.49816036,-0.49902758,0.028250396,0.8661255,0.12688191,0.9910793,0.0407784
1356678801822,-0.89591086,0.12163459,-0.42725727,-0.4296453,0.0072033405,0.902969,0.11290994,0.9925488,0.04580617
1356678801862,-0.92292535,0.102279454,-0.3711437,-0.37341192,-0.0032874942,0.92765975,0.093660384,0.99475026,0.041226566
1356678801905,-0.9398012,0.07519734,-0.33334523,-0.33444417,-0.0021559,0.94241315,0.07014829,0.99716634,0.027175426
1356678801944,-0.9471922,0.044609547,-0.31754807,-0.3175213,0.00787276,0.9482184,0.044799566,0.9989734,0.0067074895
1356678801984,-0.9447787,0.011290163,-0.32751435,-0.32721874,0.022140265,0.94468915,0.017916948,0.9996911,-0.017223239
1356678802024,-0.9301654,-0.020132855,-0.36658815,-0.3670504,0.028864741,0.9297531,-0.008137137,0.9993805,-0.034238696
1356678802064,-0.9029297,-0.038656026,-0.4280463,-0.42878604,0.01304841,0.9033118,-0.02933313,0.9991674,-0.02835697
1356678802104,-0.8689131,-0.030675665,-0.49401322,-0.49316484,-0.031383634,0.8693696,-0.042172402,0.99903655,0.012141407
1356678802144,-0.83719635,0.0057515204,-0.54687214,-0.5449244,-0.093738735,0.8332288,-0.04647079,0.9955802,0.08161193
1356678802182,-0.8084407,0.055458188,-0.58595896,-0.5868835,-0.15143532,0.7953836,-0.04462436,0.9869101,0.15497404
1356678802222,-0.7757476,0.10086095,-0.62293065,-0.6298938,-0.18331802,0.7547372,-0.038070917,0.97786576,0.20574027
1356678802262,-0.7315727,0.13214698,-0.6688336,-0.6812197,-0.18085945,0.7093867,-0.02722156,0.97459066,0.22233301
1356678802303,-0.66971314,0.14528221,-0.7282702,-0.7424929,-0.14913374,0.6530417,-0.013734311,0.978086,0.20774776
1356678802342,-0.5866828,0.1388123,-0.797831,-0.80981666,-0.100167096,0.57806873,3.2663345E-4,0.98523986,0.17117888
1356678802382,-0.48730737,0.11450547,-0.8656906,-0.8731142,-0.047708273,0.48517576,0.014254719,0.99227643,0.123224914
1356678802422,-0.3887822,0.07860443,-0.91797054,-0.9208938,-0.0025070906,0.3898056,0.028339058,0.9969028,0.07336098
1356678802462,-0.31611526,0.04050654,-0.9478556,-0.9477663,0.031319737,0.31742403,0.042544276,0.9986882,0.028490186
1356678802502,-0.29371035,0.009643018,-0.95584583,-0.95422614,0.056095183,0.29377854,0.05645129,0.9983789,-0.0072740912
1356678802542,-0.34306335,-0.005459428,-0.93929636,-0.9366907,0.076646745,0.34166616,0.07012871,0.9970433,-0.03140849
1356678802582,-0.47902805,0.003644377,-0.877792,-0.8737136,0.09439361,0.47719428,0.08459699,0.9955282,-0.042033017
1356678802622,-0.6804014,0.04106024,-0.7316884,-0.7258376,0.09993166,0.68056846,0.10106316,0.9941467,-0.038190603
1356678802662,-0.85894555,0.09183845,-0.503764,-0.49811873,0.07819641,0.8635757,0.118701994,0.9926988,-0.021419942
1356678802702,-0.9501762,0.1290438,-0.2837482,-0.28158867,0.03507054,0.95889413,0.13369055,0.99101853,0.003014028
1356678802742,-0.9807808,0.14410865,-0.1315359,-0.13409379,-0.008140147,0.99093515,0.14173163,0.98952836,0.027307749
1356678802782,-0.98891914,0.14298186,-0.039937537,-0.045948353,-0.03898567,0.9981827,0.14116503,0.9889571,0.045123518
1356678802822,-0.9911342,0.13235441,0.011630092,0.004417263,-0.054660022,0.9984953,0.13279094,0.9896942,0.053590775
1356678802862,-0.992601,0.11642573,0.03446986,0.028069906,-0.056169868,0.99802655,0.118132144,0.99160975,0.05248624
1356678802905,-0.9949345,0.09650326,0.028149657,0.023926716,-0.044641018,0.99871653,0.09763604,0.99433106,0.042105973
1356678802944,-0.99714833,0.07389051,-0.015342481,-0.0171695,-0.024154603,0.9995608,0.07348746,0.9969738,0.025354385
1356678802984,-0.9917595,0.04512776,-0.11990304,-0.11993095,0.0020982027,0.99278,0.045053527,0.99897903,0.003331244
1356678803029,-0.9407875,0.006616622,-0.3389324,-0.3387304,0.021294594,0.9406425,0.013441324,0.9997513,-0.017792523
1356678803062,-0.73174214,-0.029316694,-0.6809509,-0.6813935,0.007992804,0.7318737,-0.016013414,0.99953824,-0.025824845
1356678803102,-0.40103477,-0.019520462,-0.9158548,-0.915304,-0.032146335,0.40147877,-0.037278414,0.9992925,-0.0049753785
1356678803142,-0.18028921,0.04131815,-0.9827454,-0.98253787,-0.05427903,0.17796904,-0.045989126,0.9976706,0.050382614
1356678803182,-0.08167261,0.12436992,-0.9888689,-0.995712,-0.053429782,0.07551789,-0.043442905,0.9907963,0.12820032
1356678803222,-0.008044422,0.20160896,-0.97943294,-0.9993461,-0.036147773,7.672608E-4,-0.03524968,0.97879875,0.20176795
1356678803262,0.10600072,0.24861372,-0.96278507,-0.99404335,0.0018287897,-0.10896996,-0.025330722,0.968601,0.2473267
1356678803302,0.26919138,0.2509893,-0.9298066,-0.9629754,0.055471897,-0.26382026,-0.014637977,0.9663991,0.2566291
1356678803342,0.44281387,0.21185431,-0.87122536,-0.89660454,0.10027814,-0.4313288,-0.004014015,0.97214305,0.23435412
1356678803382,0.58353066,0.15102133,-0.79792506,-0.8120688,0.11577484,-0.5719618,0.0060011744,0.9817274,0.19019791
1356678803422,0.67822176,0.0880205,-0.72956675,-0.73467416,0.10338138,-0.67049694,0.016406119,0.99073946,0.13478188
1356678803462,0.7351137,0.03189841,-0.677193,-0.6773418,0.07664293,-0.73166513,0.028563082,0.9965482,0.07794739
1356678803502,0.76524436,-0.015077919,-0.6435633,-0.6423235,0.0483976,-0.764904,0.042680115,0.9987143,0.027351066
1356678803543,0.7762252,-0.052895814,-0.62823284,-0.6277871,0.02673874,-0.77792567,0.05794716,0.99824196,-0.012452021
1356678803582,0.77196133,-0.08175257,-0.6303905,-0.63140297,0.016091175,-0.77528787,0.07352546,0.99652267,-0.039197028
