1356678617344,-0.34815294,0.39854652,0.8484989,0.46076477,-0.7154942,0.5251324,0.8163857,0.5737847,0.06546509
1356678617384,0.024226487,-0.14729196,0.98879635,0.5770201,-0.8056381,-0.13414612,0.8163706,0.5738052,0.06547257
1356678617422,0.024202943,-0.14731294,0.98879373,0.57717943,-0.8055253,-0.13413687,0.81625855,0.5739579,0.06553003
1356678617463,0.024106205,-0.14748333,0.9887707,0.5776521,-0.80517894,-0.13418226,0.815927,0.5744001,0.065784246
1356678617504,0.02349317,-0.14795603,0.9887149,0.57846034,-0.80460393,-0.13414977,0.81537217,0.5750839,0.06668401
1356678617542,0.020992696,-0.14860992,0.98867303,0.5792223,-0.80421627,-0.13318248,0.81489927,0.5754574,0.06919557
1356678617583,0.014614284,-0.14903824,0.9887234,0.5791838,-0.8047851,-0.12987259,0.81506586,0.5745506,0.0745593
1356678617624,0.0031780005,-0.1491079,0.9888159,0.57765853,-0.80687743,-0.12352918,0.8162724,0.5715905,0.08356914
1356678617662,-0.012643158,-0.14946467,0.98868626,0.57472265,-0.81020874,-0.11513388,0.8182506,0.5667647,0.09614423
1356678617703,-0.03158009,-0.15108687,0.98801595,0.5712893,-0.8138498,-0.106193274,0.820141,0.5610893,0.112015754
1356678617742,-0.051805615,-0.15535471,0.9864994,0.5686039,-0.81666297,-0.098748714,0.82097864,0.55581164,0.13064295
1356678617784,-0.07147497,-0.16349246,0.98395205,0.5676637,-0.81780165,-0.09464963,0.82015204,0.5517888,0.15126097
1356678617822,-0.08983165,-0.17593594,0.98029435,0.5690668,-0.8168486,-0.09445411,0.8173698,0.54936796,0.17349803
1356678617863,-0.10775393,-0.19211276,0.9754393,0.5728734,-0.8138827,-0.09701057,0.81253016,0.54835,0.1977553
1356678617904,-0.12773138,-0.21030731,0.9692552,0.57837427,-0.80968523,-0.09946421,0.8057096,0.54788756,0.2250585
1356678617942,-0.15283453,-0.22812565,0.9615614,0.583822,-0.80589664,-0.09839986,0.79736656,0.5463418,0.2563536
1356678617982,-0.18700612,-0.24212533,0.95205253,0.5860546,-0.8052927,-0.089686185,0.7883963,0.5411829,0.29249334
1356678618027,-0.23854542,-0.24617712,0.93941087,0.57861125,-0.8129203,-0.06610237,0.7799391,0.5277853,0.33635932
1356678618062,-0.29601908,-0.24368036,0.92357606,0.5613379,-0.82670444,-0.03820473,0.7728341,0.5071289,0.38150725
1356678618102,-0.36361176,-0.22772115,0.9032882,0.527666,-0.8494501,-0.0017405301,0.76769465,0.47600156,0.42903084
1356678618142,-0.42808294,-0.20448023,0.88030267,0.4830281,-0.87503314,0.031635836,0.76382506,0.43875372,0.4733565
1356678618182,-0.474895,-0.18382101,0.86063033,0.44155252,-0.8957077,0.052335113,0.76125294,0.4048672,0.50653374
1356678618223,-0.49312532,-0.1769079,0.851781,0.4193166,-0.90619993,0.05454652,0.7622342,0.3840642,0.5210506
1356678618264,-0.4744026,-0.19398113,0.8586696,0.42644185,-0.9039702,0.03138803,0.77012306,0.38106322,0.5115675
1356678618290,-0.43485916,-0.22349043,0.8723242,0.44754726,-0.89424014,-0.006000161,0.7814083,0.38779706,0.48889104
1356678618321,-0.36667687,-0.27222776,0.88962924,0.48229152,-0.873332,-0.06845559,0.79557717,0.40395957,0.45152372
1356678618363,-0.24126214,-0.3550912,0.9031627,0.5298926,-0.8278766,-0.18394099,0.8130231,0.43420124,0.38789535
1356678618402,-0.079799056,-0.44462016,0.89215755,0.5557799,-0.7628289,-0.33045557,0.8274907,0.4694732,0.30798393
1356678618443,0.08184284,-0.5158027,0.8527891,0.54270726,-0.69461006,-0.47221345,0.8359249,0.5014621,0.22308111
1356678618483,0.21161896,-0.5566339,0.8033531,0.5014346,-0.64370674,-0.57810456,0.8389164,0.5251669,0.14289498
1356678618522,0.2988363,-0.56975895,0.7655531,0.45483643,-0.6201961,-0.63912475,0.83894014,0.53919506,0.07381007
1356678618563,0.34896648,-0.5622719,0.74971515,0.41869396,-0.6221761,-0.66150767,0.838402,0.54474515,0.018301189
1356678618603,0.37127835,-0.53926885,0.7558713,0.3981255,-0.64297336,-0.65427923,0.8388375,0.5438514,-0.02402541
1356678618642,0.37235123,-0.50314593,0.779871,0.39220142,-0.67627245,-0.62356526,0.84114957,0.5380518,-0.05447635
1356678618683,0.35541773,-0.45511758,0.8164228,0.39748603,-0.7169478,-0.5727047,0.8459805,0.52806604,-0.07391307
1356678618722,0.32186824,-0.39665192,0.8596907,0.40960723,-0.7602988,-0.5041505,0.853594,0.5144056,-0.082244545
1356678618763,0.27419674,-0.3310677,0.90288997,0.42416486,-0.80097866,-0.42251307,0.8630761,0.4988259,-0.07919845
1356678618802,0.21850139,-0.26504982,0.9391516,0.43779325,-0.83349246,-0.33708665,0.87212056,0.48480812,-0.06608224
1356678618842,0.1644898,-0.20796241,0.9642068,0.44951433,-0.8543095,-0.26094484,0.87799776,0.4763475,-0.047043115
1356678618883,0.12167227,-0.16858672,0.9781484,0.4607213,-0.86328393,-0.2060988,0.87916535,0.47573036,-0.027366221
1356678618922,0.09660101,-0.1528292,0.9835199,0.4731805,-0.8622831,-0.18046585,0.87565315,0.48281565,-0.010981562
1356678618963,0.093417466,-0.16436078,0.98196673,0.4871151,-0.8526299,-0.18905321,0.86832714,0.49599168,4.1213818E-4
1356678619002,0.11477363,-0.20503129,0.9720027,0.50084,-0.83306575,-0.23486333,0.8578965,0.5137739,0.0070738792
1356678619043,0.16270697,-0.27520472,0.94751716,0.5098283,-0.7987308,-0.31953734,0.84474933,0.535062,0.010348141
1356678619083,0.2366929,-0.37051344,0.8981627,0.5066547,-0.74171776,-0.43949497,0.82902205,0.5590837,0.012163013
1356678619122,0.32769263,-0.4772506,0.81538296,0.48400596,-0.65638435,-0.5787036,0.81139123,0.5842871,0.015899807
1356678619163,0.4117663,-0.57221276,0.7092398,0.44638675,-0.5518646,-0.7044035,0.794473,0.60664487,0.028188944
1356678619203,0.45844948,-0.6392666,0.6173833,0.41988215,-0.4564646,-0.7844354,0.7832771,0.61885226,0.059150755
1356678619261,0.44558907,-0.6810862,0.58100945,0.43586612,-0.40183532,-0.80532545,0.78196615,0.6120866,0.11780897
1356678619284,0.3639574,-0.7038466,0.6100288,0.496593,-0.40745926,-0.76640224,0.78799146,0.5818738,0.2012274
1356678619324,0.22918808,-0.7039574,0.67224765,0.5636429,-0.4670838,-0.68127775,0.7935865,0.53504837,0.28973055
1356678619364,0.10033363,-0.6884606,0.7183003,0.59750783,-0.5355701,-0.5967824,0.79556125,0.48906738,0.35762477
1356678619404,0.034469485,-0.68194294,0.7305926,0.6012006,-0.56981695,-0.56023794,0.7983544,0.45854384,0.3903432
1356678619444,0.04251051,-0.69564766,0.7171243,0.5902459,-0.5616363,-0.57980555,0.8061034,0.44792753,0.3867277
1356678619493,0.07760054,-0.71028185,0.69962704,0.5733675,-0.5422889,-0.6141437,0.81561506,0.44880128,0.36517054
1356678619513,0.16192514,-0.73361355,0.6599934,0.53725916,-0.49546438,-0.68254495,0.82772744,0.46510872,0.3139125
1356678619550,0.25265962,-0.7440829,0.6184687,0.48337066,-0.4566549,-0.7468727,0.8381621,0.48765427,0.24428973
1356678619580,0.3199913,-0.73907614,0.59276646,0.4302572,-0.44406146,-0.78593147,0.8440879,0.50653327,0.175897
1356678619623,0.37696517,-0.7284726,0.5720358,0.37492836,-0.44472414,-0.8134182,0.846951,0.5211027,0.10547954
1356678619662,0.41706687,-0.7098323,0.56762075,0.33005884,-0.46360534,-0.82227194,0.84682727,0.5302906,0.040932033
1356678619703,0.4435345,-0.68609446,0.5766728,0.29904336,-0.49326438,-0.81686187,0.84489655,0.53475666,-0.01360777
1356678619743,0.4560023,-0.65793854,0.5993153,0.2841124,-0.530551,-0.7986211,0.84341097,0.53444594,-0.055004
1356678619783,0.45118403,-0.62456024,0.6374618,0.28645495,-0.57514846,-0.76625574,0.84520805,0.5283264,-0.08058944
1356678619823,0.42553276,-0.5836029,0.6916137,0.3047438,-0.62720835,-0.7167572,0.8520875,0.51576865,-0.089048326
1356678619863,0.37895727,-0.5328371,0.7566215,0.33354816,-0.68400353,-0.6487563,0.8632132,0.49822062,-0.08148128
1356678619903,0.31907612,-0.47407255,0.8206373,0.36429867,-0.73801994,-0.5679903,0.8749153,0.48018923,-0.06278053
1356678619943,0.25860626,-0.4150498,0.8722709,0.3910042,-0.78073144,-0.48741576,0.8833111,0.46711037,-0.03961581
1356678619983,0.21033281,-0.36611068,0.90648943,0.41263694,-0.80734444,-0.42181247,0.8862793,0.462772,-0.018740237
1356678620023,0.18147963,-0.33514798,0.92452204,0.43174046,-0.81752956,-0.38111097,0.8835527,0.46831745,-0.0036680102
1356678620062,0.17500204,-0.32636288,0.92890334,0.44999388,-0.81264293,-0.37029293,0.8757167,0.48280284,0.0046471953
1356678620103,0.19190258,-0.34095442,0.9202844,0.46652997,-0.7932968,-0.39119032,0.8634368,0.5044107,0.006829798
1356678620143,0.23295522,-0.3778447,0.8960833,0.4779811,-0.75796807,-0.44386762,0.84691554,0.5317122,0.0040299892
1356678620182,0.2967497,-0.4331945,0.85104764,0.47849837,-0.70379245,-0.5250861,0.8264253,0.56304413,-0.0015673339
1356678620223,0.3722704,-0.49719444,0.7837171,0.4638231,-0.63174474,-0.62110114,0.8039172,0.5947237,-0.00456959
1356678620265,0.43382823,-0.55597574,0.7090022,0.44220555,-0.5542271,-0.7051855,0.7850142,0.6194541,0.005416155
1356678620290,0.47183067,-0.60494137,0.6414217,0.4242395,-0.48197204,-0.7666314,0.7729144,0.63383657,0.029230833
1356678620320,0.46760786,-0.6393101,0.6104305,0.43280426,-0.43654484,-0.7887388,0.77072906,0.63301736,0.07256442
1356678620363,0.3846323,-0.6578817,0.647495,0.48973578,-0.44915235,-0.7472757,0.78244287,0.60452783,0.14942971
1356678620402,0.25761974,-0.65989923,0.7058081,0.54928875,-0.5009333,-0.66884065,0.79493016,0.559999,0.2334249
1356678620443,0.14436263,-0.65160674,0.7446933,0.5783288,-0.5551026,-0.5978269,0.80292916,0.5169814,0.29670686
1356678620482,0.09383017,-0.6530344,0.7514932,0.5791052,-0.57819176,-0.57474464,0.8098352,0.48912197,0.3239238
1356678620522,0.11116713,-0.67105216,0.7330286,0.56352943,-0.5649875,-0.60268044,0.818582,0.4800814,0.31534958
1356678620563,0.17418861,-0.69554484,0.6970478,0.5331427,-0.52852833,-0.66061825,0.8278992,0.48669806,0.27876112
1356678620602,0.25337762,-0.71346897,0.6532701,0.48775345,-0.4889598,-0.72319776,0.8354019,0.5018769,0.22410545
1356678620642,0.32566154,-0.7193011,0.61363715,0.4336094,-0.46311855,-0.77298385,0.8401949,0.5178099,0.16107583
1356678620683,0.3805189,-0.71447915,0.58713275,0.38084584,-0.45748258,-0.8035335,0.8427109,0.5293668,0.09802568
1356678620722,0.4174798,-0.7022593,0.5766649,0.3371997,-0.4695748,-0.8159631,0.8438051,0.5350993,0.04076365
1356678620762,0.43917876,-0.68471634,0.58162314,0.3063737,-0.49444407,-0.813425,0.84454554,0.535433,-0.0073702335
1356678620802,0.44652492,-0.6623338,0.6016057,0.28991884,-0.52898836,-0.7975703,0.8465002,0.53055185,-0.044183433
1356678620843,0.43774623,-0.63395894,0.6375534,0.2884754,-0.5725802,-0.76742023,0.8515634,0.5198538,-0.06776327
1356678620883,0.41005832,-0.59715235,0.6893919,0.30066752,-0.62510496,-0.72030747,0.8610756,0.50264585,-0.07678518
1356678620923,0.3633954,-0.5497503,0.75214255,0.3219424,-0.6834971,-0.65512204,0.87424076,0.48021486,-0.07139176
1356678620963,0.30443114,-0.49369746,0.8146069,0.3455794,-0.7396874,-0.5774404,0.88763535,0.4573022,-0.054572195
1356678621003,0.2460593,-0.43742526,0.8649359,0.36657244,-0.78409207,-0.50082356,0.8972622,0.44029397,-0.032585114
1356678621042,0.2003197,-0.39213437,0.8978322,0.384494,-0.81142193,-0.44018042,0.9011306,0.43338788,-0.011770487
1356678621082,0.17453146,-0.3669806,0.91370887,0.4009605,-0.8210416,-0.40635103,0.899316,0.4372822,0.0038472414
1356678621122,0.1722036,-0.36730516,0.9140202,0.4167077,-0.8136063,-0.40546197,0.89258087,0.45070124,0.012952954
1356678621162,0.19510883,-0.3951301,0.89766634,0.4296865,-0.788308,-0.4403862,0.88164735,0.47163835,0.01597616
1356678621202,0.24392295,-0.44838235,0.8599157,0.43503007,-0.74189115,-0.5102415,0.8667471,0.49854875,0.014095515
1356678621261,0.31526166,-0.51886886,0.7945975,0.42591864,-0.6708715,-0.6070623,0.8480586,0.5298174,0.009495914
1356678621284,0.39476657,-0.5899093,0.70439076,0.40016216,-0.5797313,-0.70977587,0.8270608,0.56206626,0.007200896
1356678621324,0.45653737,-0.6445171,0.6133281,0.37197667,-0.48794776,-0.7896458,0.8082123,0.58864653,0.01697892
1356678621364,0.47600734,-0.6799414,0.5577604,0.36920238,-0.42112285,-0.8284595,0.7981896,0.6002792,0.050578415
1356678621404,0.43845505,-0.70307213,0.5598631,0.40978152,-0.3980301,-0.82076246,0.7998977,0.589289,0.11358765
1356678621444,0.3430093,-0.7143598,0.60994637,0.4792152,-0.4254014,-0.767715,0.80789685,0.5556289,0.19641554
1356678621484,0.22166508,-0.7093703,0.6690727,0.5371483,-0.4838289,-0.6909278,0.8138403,0.5125459,0.27378914
1356678621524,0.12556118,-0.69544065,0.70752865,0.5626687,-0.53745645,-0.6281278,0.8170914,0.47697267,0.32381895
1356678621563,0.08623958,-0.68572056,0.7227379,0.5635483,-0.5646526,-0.6029767,0.8215693,0.45929816,0.3377412
1356678621602,0.10192114,-0.6829232,0.7233449,0.550519,-0.566918,-0.6128072,0.82857764,0.46067315,0.31818134
1356678621642,0.1542933,-0.68048817,0.7163306,0.5267094,-0.5567513,-0.64234364,0.83592516,0.4764074,0.27251643
1356678621682,0.22095066,-0.67104715,0.70772636,0.49375123,-0.54882973,-0.6745337,0.84106517,0.4984795,0.21006599
1356678621722,0.28423524,-0.6517719,0.70313853,0.45663106,-0.55283594,-0.697037,0.8430293,0.51919734,0.14048383
1356678621762,0.33412534,-0.62346745,0.7068582,0.42284203,-0.5710993,-0.70359796,0.84235674,0.53397924,0.07280952
1356678621802,0.3678649,-0.5884388,0.7200106,0.3975977,-0.6004187,-0.6938397,0.84058994,0.54151386,0.013088911
1356678621842,0.38454002,-0.54826224,0.74265563,0.3831894,-0.6371201,-0.6687629,0.83981836,0.5417439,-0.034909904
1356678621883,0.38281035,-0.5038701,0.7743198,0.37936708,-0.678495,-0.62906694,0.8423402,0.53456473,-0.06858319
1356678621922,0.36070055,-0.45558602,0.81384057,0.38382876,-0.722758,-0.5747142,0.85004157,0.51967514,-0.08583221
1356678621962,0.31829518,-0.40393457,0.8576276,0.39207777,-0.7675849,-0.5070389,0.8631125,0.49764472,-0.08594483
1356678622002,0.26126635,-0.35120383,0.89910835,0.39884964,-0.8089466,-0.43188468,0.87901014,0.47144595,-0.071273
1356678622042,0.2008192,-0.30166805,0.93202364,0.4019038,-0.8422804,-0.35921738,0.8933896,0.44672158,-0.04790455
1356678622082,0.14833951,-0.2596083,0.9542531,0.4037514,-0.8649483,-0.2980761,0.90276253,0.42949748,-0.02348879
1356678622122,0.11016142,-0.22729391,0.96757525,0.40878916,-0.8769874,-0.25255573,0.90595573,0.42335618,-0.0036948314
1356678622162,0.08754808,-0.20494321,0.97485054,0.4199576,-0.87980175,-0.22267604,0.90331113,0.42889076,0.009042441
1356678622202,0.079337835,-0.19185154,0.97821194,0.4377203,-0.87493515,-0.20709772,0.89560395,0.44461393,0.014561862
1356678622264,0.084192336,-0.1872143,0.97870445,0.4611687,-0.8633493,-0.20481995,0.8833091,0.46859214,0.013650028
1356678622284,0.10055143,-0.19031064,0.97656095,0.48829526,-0.8457548,-0.21509658,0.86686623,0.49847835,0.007885933
1356678622342,0.1258722,-0.19993305,0.9716908,0.5174911,-0.82242686,-0.23625626,0.84638,0.5325794,-5.710125E-5
1356678622363,0.1516006,-0.21448752,0.9648898,0.5458628,-0.7956498,-0.26263112,0.8240455,0.5665125,-0.003540216
1356678622403,0.15874046,-0.23017368,0.9601153,0.5707915,-0.7720728,-0.27946487,0.80560446,0.59238803,0.008822026
1356678622440,0.12264907,-0.2398939,0.9630204,0.5905874,-0.76219267,-0.26508307,0.7975988,0.6012598,0.048196014
1356678622483,0.028237522,-0.23316549,0.97202706,0.59819496,-0.77513033,-0.20331246,0.800853,0.5872027,0.11759055
1356678622522,-0.10170305,-0.20445761,0.9735778,0.5809138,-0.80667144,-0.10872212,0.8075864,0.5545074,0.20081311
1356678622562,-0.2195822,-0.1622159,0.96201336,0.5407205,-0.84100133,-0.018389776,0.8120376,0.5161423,0.27238232
1356678622603,-0.29026723,-0.12328519,0.9489709,0.50007516,-0.8650307,0.04058075,0.8158859,0.486336,0.31274185
1356678622642,-0.3084811,-0.09884918,0.9460804,0.47787517,-0.87607247,0.06428249,0.82248074,0.4719383,0.31748945
1356678622683,-0.28321493,-0.091694936,0.95466286,0.4779564,-0.87649244,0.05760619,0.8314727,0.47260222,0.292062
1356678622722,-0.22523183,-0.09998587,0.9691612,0.49307385,-0.8696318,0.02487205,0.8403266,0.48347002,0.2451692
1356678622762,-0.14574647,-0.11920437,0.9821142,0.5111232,-0.85903764,-0.028414845,0.8470602,0.49784,0.18612981
1356678622803,-0.058698893,-0.14232032,0.98807865,0.52161777,-0.8482912,-0.09119791,0.8511577,0.5100462,0.1240305
1356678622842,0.021720707,-0.16178527,0.9865869,0.5209806,-0.8404126,-0.14928485,0.8532921,0.5172352,0.06603259
1356678622882,0.08550221,-0.17207049,0.981367,0.511975,-0.8373977,-0.19143344,0.8547344,0.51880336,0.016496388
1356678622922,0.12757647,-0.1702951,0.9770997,0.4992273,-0.84023076,-0.21162304,0.8570276,0.5147929,-0.022177665
1356678622962,0.14594525,-0.15554759,0.9769877,0.4858816,-0.8489755,-0.20774901,0.86175346,0.5050203,-0.048326224
1356678623002,0.14085984,-0.12881276,0.9816138,0.47229478,-0.8626616,-0.18097667,0.8701127,0.48910344,-0.060676783
1356678623042,0.11563802,-0.09339559,0.9888908,0.45723456,-0.87881356,-0.13646704,0.88179606,0.46793586,-0.05892056
1356678623082,0.077807724,-0.055420175,0.99542683,0.4406309,-0.8937308,-0.08420026,0.89431006,0.44516724,-0.045119315
1356678623122,0.03815335,-0.022674784,0.99901456,0.42560387,-0.90416193,-0.03677611,0.9041049,0.42658764,-0.024846282
1356678623162,0.005491674,-0.0012999028,0.9999841,0.41684735,-0.90896994,-0.003470838,0.9089599,0.41685978,-0.0044499636
1356678623202,-0.015494466,0.0055318773,0.9998647,0.41759935,-0.9085586,0.011498034,0.90849924,0.417721,0.0117674135
1356678623263,-0.02316922,-0.0030804127,0.99972683,0.42872578,-0.9034063,0.0071523488,0.9031375,0.4287744,0.02225187
1356678623284,-0.016899407,-0.02723232,0.9994863,0.449005,-0.8933723,-0.016749308,0.89336944,0.44849128,0.027324859
1356678623324,0.0040083528,-0.06650035,0.9977783,0.47624254,-0.87723833,-0.060379714,0.87930477,0.47542652,0.028154131
1356678623364,0.040169954,-0.1203652,0.99191654,0.5067839,-0.85310197,-0.12404394,0.8611367,0.5076702,0.02673018
1356678623404,0.08791572,-0.18532807,0.97873616,0.535585,-0.819642,-0.20331225,0.8398926,0.54207075,0.027199414
1356678623444,0.13129997,-0.25126255,0.9589721,0.5585422,-0.78044355,-0.28096002,0.81901824,0.5725164,0.0378685
1356678623484,0.14040643,-0.30116865,0.94317734,0.57767224,-0.74874455,-0.32507914,0.80410254,0.5904905,0.06884822
1356678623524,0.08303398,-0.3160828,0.945091,0.5960175,-0.74430156,-0.3012944,0.7986667,0.5883084,0.12658861
1356678623564,-0.03971517,-0.28864408,0.95661235,0.59903175,-0.7731274,-0.20841043,0.7997397,0.56476414,0.20361191
1356678623604,-0.17687213,-0.2349213,0.9557867,0.5710399,-0.81543577,-0.09475146,0.8016418,0.5290335,0.27837732
1356678623644,-0.27146453,-0.18594061,0.94431627,0.5295604,-0.8481437,-0.014769942,0.8036622,0.49606296,0.32870764
1356678623682,-0.30627775,-0.15901528,0.93856704,0.501466,-0.8650086,0.01708807,0.8091513,0.47589314,0.34467363
1356678623722,-0.29066443,-0.1526506,0.9445697,0.49455214,-0.8690687,0.01173538,0.81910455,0.47055003,0.3281011
1356678623762,-0.23933345,-0.15792467,0.958008,0.50197893,-0.86471003,-0.017138392,0.83110565,0.47679803,0.2862289
1356678623802,-0.16735405,-0.16513777,0.9719682,0.51255435,-0.8567402,-0.057308584,0.842188,0.4885957,0.22802103
1356678623842,-0.09085786,-0.16589877,0.9819483,0.5177438,-0.8501632,-0.095727995,0.85069746,0.4997,0.16313708
1356678623882,-0.02320671,-0.15563166,0.9875426,0.515712,-0.84809786,-0.12153697,0.8564477,0.5064671,0.099942625
1356678623922,0.029209673,-0.13437124,0.99050045,0.5093627,-0.8506124,-0.13041504,0.86005604,0.5083334,0.04359764
1356678623962,0.06488514,-0.10435562,0.99242115,0.5018267,-0.8562009,-0.12284145,0.86253107,0.5059941,-0.0031862855
1356678624002,0.083393455,-0.06806174,0.9941897,0.49405017,-0.8635979,-0.100562826,0.8654247,0.4995659,-0.038392454
1356678624042,0.08400738,-0.027460694,0.99608666,0.48478746,-0.87221843,-0.06493154,0.87058824,0.48834506,-0.059960183
1356678624082,0.06745726,0.014913991,0.9976107,0.4714229,-0.8817091,-0.018695772,0.8793236,0.47155768,-0.06650847
1356678624122,0.03809923,0.055181563,0.9977492,0.45255923,-0.8911599,0.03200546,0.89092016,0.45032123,-0.05892548
1356678624162,0.0034379363,0.088682905,0.996054,0.430822,-0.8990114,0.07855578,0.90243036,0.4288519,-0.041297346
1356678624202,-0.028811634,0.11175512,0.9933181,0.412378,-0.9038954,0.11365566,0.91055715,0.41289714,-0.020042717
1356678624264,-0.053670406,0.12281121,0.9909777,0.40302444,-0.90532255,0.13402344,0.9136141,0.40658134,-9.0682507E-4
1356678624284,-0.06891334,0.12177491,0.9901625,0.405209,-0.90354544,0.13932408,0.911623,0.41082406,0.012922101
1356678624324,-0.07446879,0.109906524,0.9911483,0.41901192,-0.8984647,0.13111103,0.9049217,0.42506665,0.020855486
1356678624364,-0.07034969,0.08801809,0.99363154,0.44287446,-0.8897885,0.11017521,0.8938194,0.44780487,0.023615383
1356678624404,-0.056406975,0.05696751,0.99678123,0.47462404,-0.87681675,0.07696991,0.87837934,0.47743797,0.022420436
1356678624444,-0.032943487,0.017634466,0.9993016,0.5115808,-0.8586384,0.032017246,0.8586034,0.5122783,0.019265085
1356678624484,-0.004008949,-0.027997106,0.99959993,0.548735,-0.8357272,-0.021206588,0.83598673,0.54843056,0.018713444
1356678624524,0.016122103,-0.07324535,0.9971836,0.5796078,-0.8119681,-0.06901175,0.81473607,0.579088,0.02936294
1356678624564,0.0021286607,-0.105504766,0.99441653,0.5980255,-0.79686856,-0.08582568,0.8014743,0.59486914,0.061398238
1356678624604,-0.068449914,-0.10862225,0.9917236,0.5961742,-0.80149925,-0.04663855,0.7999318,0.5880476,0.119620405
1356678624643,-0.18722522,-0.0752894,0.9794276,0.56105864,-0.82662135,0.0437077,0.80632496,0.55769944,0.19700608
1356678624682,-0.30756056,-0.01965703,0.9513255,0.49511302,-0.8570865,0.14235868,0.8125698,0.5147975,0.27333838
1356678624722,-0.38971627,0.03489557,0.92027354,0.42673767,-0.8786835,0.21403287,0.8160981,0.4761275,0.3275461
1356678624763,-0.42519128,0.075424016,0.9019554,0.38255396,-0.88815874,0.25461033,0.82028335,0.45330474,0.34878367
1356678624802,-0.42223638,0.10061297,0.90088475,0.37022108,-0.8880167,0.27269503,0.8274374,0.44866833,0.337704
1356678624842,-0.39084142,0.113893956,0.91338444,0.38476247,-0.8812447,0.27452794,0.83618224,0.45873293,0.30060482
1356678624882,-0.3390059,0.11947225,0.9331674,0.41569412,-0.870799,0.2625028,0.84396297,0.4769022,0.24554193
1356678624922,-0.2740646,0.12143655,0.9540135,0.45130533,-0.859745,0.239086,0.84924215,0.49607638,0.18082064
1356678624962,-0.20536518,0.1246552,0.97071433,0.4820332,-0.8503231,0.21117443,0.8517448,0.51128435,0.11453882
1356678625002,-0.1420753,0.13311674,0.9808642,0.5037451,-0.84327835,0.18741041,0.852089,0.52073187,0.052752078
1356678625042,-0.09145427,0.14944616,0.98453134,0.5162407,-0.83833027,0.17520793,0.8515466,0.5242787,-4.812628E-4
1356678625082,-0.05804354,0.1744525,0.9829533,0.520329,-0.8350118,0.17892167,0.85199094,0.5218444,-0.04230559
1356678625122,-0.043773293,0.20718686,0.9773216,0.5161137,-0.83291686,0.19969009,0.8554008,0.51315016,-0.070472464
1356678625162,-0.047609687,0.24478589,0.9684076,0.502785,-0.831858,0.23498838,0.8630994,0.49808854,-0.08347018
1356678625203,-0.065772235,0.28299123,0.9568647,0.47985083,-0.83181,0.2789901,0.87488127,0.4775021,-0.081083626
1356678625258,-0.09908068,0.31931672,0.9424542,0.44429162,-0.8332721,0.32903284,0.89038646,0.4513253,-0.059308633
1356678625280,-0.12705022,0.3460452,0.92957574,0.41346705,-0.8333905,0.36674988,0.9016115,0.43094456,-0.03719589
1356678625310,-0.15087491,0.36368385,0.91922295,0.3901318,-0.83248615,0.39340058,0.90831375,0.41797236,-0.016283423
1356678625351,-0.17519343,0.37459528,0.91048646,0.3776108,-0.82849824,0.4135223,0.90924,0.4162559,0.0036962181
1356678625393,-0.19553506,0.37626442,0.90564406,0.37696156,-0.82368726,0.42360285,0.90535414,0.4242222,0.019222453
1356678625432,-0.21085823,0.37081656,0.9044522,0.38719782,-0.81789094,0.42559615,0.89756143,0.4399424,0.028879732
1356678625472,-0.22083873,0.35916236,0.9067705,0.40730533,-0.8108076,0.42034927,0.88619,0.4621618,0.03276892
1356678625512,-0.22568971,0.34213197,0.9121457,0.4356563,-0.802019,0.4086184,0.87135965,0.48960304,0.03195554
1356678625552,-0.22650617,0.32001936,0.9199361,0.46935833,-0.79172826,0.39098468,0.85346216,0.52034014,0.029127643
1356678625592,-0.22775465,0.2942635,0.92819,0.5014277,-0.781688,0.3708559,0.8346844,0.5498844,0.030481264
1356678625632,-0.24120373,0.27123886,0.9317994,0.5187223,-0.77545154,0.3600028,0.8202121,0.5701792,0.046344206
1356678625673,-0.28553456,0.2672665,0.92034703,0.5033137,-0.77541184,0.381329,0.81556445,0.5721059,0.08688791
1356678625713,-0.3662972,0.3005242,0.88063127,0.43904063,-0.7786169,0.44832903,0.82040817,0.5508546,0.15326291
1356678625752,-0.45280927,0.3651063,0.81342566,0.33240172,-0.7774148,0.5339807,0.8273288,0.51217544,0.2306586
1356678625792,-0.51022893,0.43408,0.74245614,0.22135668,-0.76791716,0.60108614,0.8310643,0.4710391,0.29572695
1356678625832,-0.5330685,0.48832786,0.6909227,0.14295393,-0.75289816,0.6424241,0.8339079,0.4412261,0.33153772
1356678625872,-0.53146577,0.5214667,0.66754514,0.11163384,-0.7380643,0.6654314,0.8396916,0.42817461,0.33404258
1356678625912,-0.5139729,0.53075993,0.6738885,0.12710775,-0.72979987,0.67174083,0.8483369,0.43091303,0.30763364
1356678625952,-0.4796518,0.50512826,0.71748143,0.18815184,-0.7394532,0.64638054,0.85704905,0.44503304,0.25963926
1356678625992,-0.40391737,0.3987656,0.8233083,0.3029168,-0.79091626,0.5316885,0.86318713,0.46415222,0.19867216
1356678626032,-0.18469882,0.059633195,0.98098433,0.46518326,-0.8739593,0.1407115,0.8657315,0.48232675,0.13367888
1356678626072,0.20326239,-0.4784488,0.8542664,0.4584198,-0.72444296,-0.5148141,0.86517954,0.49625498,0.07207844
1356678626112,0.38209146,-0.67650723,0.6295586,0.33067632,-0.53605396,-0.77672344,0.86293644,0.5049595,0.018883254
1356678626152,0.40676856,-0.6611825,0.63037837,0.3050174,-0.55214745,-0.77594936,0.86110604,0.5079082,-0.022924006
1356678626192,0.3344742,-0.48999086,0.80500674,0.38047972,-0.711281,-0.59102833,0.8621845,0.50397253,-0.051473558
1356678626265,0.13630837,-0.118254125,0.9835832,0.4722376,-0.8650318,-0.16944525,0.8708683,0.48758176,-0.06206703
1356678626284,-0.050181627,0.21965867,0.97428536,0.4673273,-0.8569685,0.21727908,0.8826591,0.46621352,-0.05964841
1356678626324,-0.14748436,0.39161056,0.90823424,0.42001814,-0.8065649,0.415978,0.8954513,0.44282514,-0.04552777
1356678626364,-0.20229506,0.48280132,0.8520444,0.37249196,-0.76670814,0.5228847,0.90571874,0.42315668,-0.024738327
1356678626404,-0.2386033,0.534376,0.8108704,0.33601603,-0.7379811,0.5852155,0.9111321,0.41209978,-0.003474176
1356678626444,-0.26632625,0.5630997,0.7822973,0.31410366,-0.7166055,0.6227483,0.91126794,0.41157666,0.013979167
1356678626482,-0.2893945,0.5761211,0.76441836,0.30693254,-0.7005706,0.6441997,0.90666604,0.4210527,0.025910974
1356678626522,-0.30938244,0.57668537,0.75611943,0.3133549,-0.6888953,0.65362996,0.8978259,0.4391553,0.032424867
1356678626562,-0.32631648,0.5655307,0.757425,0.33216578,-0.6815813,0.6520068,0.88497657,0.4643512,0.034561187
1356678626602,-0.33895236,0.5413629,0.76943994,0.36235595,-0.6796363,0.6378032,0.8682221,0.49499595,0.034198165
1356678626642,-0.34424567,0.499894,0.7947333,0.4017268,-0.6866445,0.6059167,0.84859324,0.52784985,0.035553515
1356678626682,-0.33807194,0.43374416,0.83520854,0.44410464,-0.7089124,0.54791814,0.829746,0.55615574,0.047035575
1356678626722,-0.3239559,0.34202215,0.8820847,0.47583452,-0.746949,0.46437997,0.8177005,0.570165,0.07923253
1356678626762,-0.33223337,0.260292,0.9065699,0.47346538,-0.7852694,0.3989768,0.8157521,0.5617829,0.13765351
1356678626802,-0.38322777,0.22887777,0.8948472,0.42559797,-0.8160802,0.39099813,0.8197579,0.5306865,0.2153346
1356678626842,-0.4388371,0.21749729,0.8718469,0.36202008,-0.84523964,0.39307952,0.8224132,0.48812395,0.29218405
1356678626882,-0.463459,0.18029472,0.86758256,0.329303,-0.8739199,0.35752404,0.82265747,0.45139527,0.34565455
1356678626922,-0.44187784,0.09273131,0.89226955,0.35198647,-0.8969571,0.2675324,0.8251361,0.43228346,0.36370522
1356678626962,-0.3595742,-0.054166004,0.9315431,0.4224524,-0.8995926,0.1107578,0.8320099,0.43335822,0.34635276
1356678627002,-0.20974982,-0.24128442,0.9475161,0.49965084,-0.8594366,-0.10824825,0.8404486,0.45072222,0.3008247
1356678627042,-0.022088766,-0.4130703,0.9104312,0.53167707,-0.77605456,-0.339203,0.846659,0.47656286,0.23676214
1356678627082,0.14355308,-0.51894647,0.8426667,0.5083236,-0.6919129,-0.51270235,0.849117,0.5019473,0.16446653
1356678627122,0.25587195,-0.5582495,0.78923196,0.4631555,-0.6458179,-0.6069648,0.84853786,0.52084243,0.09330961
1356678627162,0.32014638,-0.5536091,0.76878035,0.42515516,-0.6412265,-0.6388049,0.84661055,0.53136206,0.030083418
1356678627202,0.34837818,-0.52135515,0.77898747,0.4046168,-0.66599596,-0.6266855,0.8455282,0.533515,-0.021069407
1356678627264,0.3467114,-0.4689967,0.8123013,0.40121818,-0.7086368,-0.5803945,0.8478297,0.5271394,-0.057522476
1356678627285,0.31825393,-0.4010977,0.85897326,0.40853947,-0.7596026,-0.50606257,0.85545886,0.51198095,-0.07788226
1356678627324,0.2675014,-0.32372686,0.90754825,0.4168093,-0.81031454,-0.41189837,0.86874217,0.48845798,-0.08182791
1356678627364,0.20403522,-0.24610716,0.94752353,0.41835952,-0.853131,-0.3116774,0.88506776,0.45999867,-0.07110751
1356678627404,0.1404733,-0.17892522,0.9737828,0.41279054,-0.88339144,-0.22186369,0.89992845,0.43313426,-0.050234288
1356678627444,0.08745754,-0.13007759,0.98763907,0.40609223,-0.90066266,-0.15458265,0.90963745,0.414592,-0.02594623
1356678627482,0.05068022,-0.10302934,0.9933863,0.40454766,-0.90729046,-0.11473894,0.9131115,0.40768713,-0.0043013394
1356678627522,0.031878114,-0.098024845,0.9946733,0.4112131,-0.90576464,-0.10244182,0.9109817,0.41228834,0.011434974
1356678627562,0.031245172,-0.11407575,0.99298054,0.4260119,-0.8971884,-0.116475865,0.90417784,0.42666084,0.020564882
1356678627602,0.0486418,-0.1494726,0.98756874,0.44691545,-0.88098365,-0.15535292,0.89325285,0.44891635,0.023948938
1356678627642,0.08382827,-0.20175192,0.9758426,0.4705191,-0.8552312,-0.21723515,0.8783988,0.47736305,0.023235679
1356678627682,0.13443154,-0.26654363,0.95440173,0.4921474,-0.8179998,-0.29777056,0.8600693,0.50973606,0.02121377
1356678627722,0.19073302,-0.33561695,0.9224869,0.50759614,-0.77063257,-0.38532004,0.8402184,0.5417441,0.0233728
1356678627762,0.23141378,-0.39765173,0.8878743,0.5179682,-0.7221767,-0.45844305,0.8235027,0.5659807,0.038849264
1356678627802,0.2291857,-0.44242993,0.8670234,0.53164303,-0.6892409,-0.4922425,0.81537086,0.5737619,0.07725066
1356678627842,0.1671322,-0.46395814,0.869948,0.55191314,-0.6871284,-0.47248945,0.81698143,0.55910397,0.14122337
1356678627882,0.05595565,-0.46040016,0.88594615,0.5653308,-0.7167822,-0.40819645,0.8229642,0.52369356,0.22017038
1356678627922,-0.0614357,-0.43998083,0.89590317,0.55873257,-0.75894135,-0.33440393,0.8270692,0.48002595,0.29245767
1356678627962,-0.13917297,-0.4209389,0.89634883,0.54129285,-0.79030323,-0.28709364,0.82923627,0.44523156,0.33784014
1356678628002,-0.15906805,-0.41619325,0.89525443,0.5293026,-0.80141383,-0.27852184,0.83338827,0.42955655,0.34777164
1356678628056,-0.100189984,-0.43649793,0.8941095,0.52942353,-0.78424174,-0.32353643,0.8424208,0.44094744,0.30966532
1356678628090,-0.024050951,-0.447695,0.89386284,0.52686715,-0.7655483,-0.36925182,0.84960735,0.46206614,0.2542879
1356678628120,0.04807812,-0.44905654,0.8922089,0.51958114,-0.751634,-0.40630245,0.85306734,0.48310918,0.19718423
1356678628163,0.12895119,-0.44915557,0.88409895,0.50515574,-0.73744136,-0.44832802,0.8533401,0.50442004,0.13179952
1356678628202,0.199184,-0.43823022,0.8765158,0.48602504,-0.73250276,-0.4766751,0.85094374,0.52095467,0.06708813
1356678628265,0.25333917,-0.41878527,0.8720311,0.46658033,-0.7367615,-0.48937243,0.8474208,0.53084975,0.008746356
1356678628284,0.2890023,-0.393281,0.8728159,0.45058802,-0.74853766,-0.48647898,0.84465855,0.533874,-0.03912139
1356678628324,0.3059278,-0.36456686,0.87948805,0.43880433,-0.7658146,-0.4700838,0.84490174,0.5297349,-0.07431045
1356678628364,0.30363995,-0.33413896,0.89227456,0.4302574,-0.78747886,-0.4413112,0.85010666,0.5179075,-0.095344275
1356678628404,0.28281838,-0.3032236,0.9099831,0.4228779,-0.81211865,-0.40204176,0.86092275,0.49851653,-0.10145551
1356678628444,0.24666846,-0.27320343,0.9297927,0.41506952,-0.83719873,-0.35611174,0.8757122,0.47377017,-0.09311211
1356678628482,0.20242298,-0.24616471,0.94785434,0.40697888,-0.8592051,-0.31005594,0.89072615,0.44851914,-0.07373902
1356678628523,0.15949732,-0.22458819,0.961312,0.40062734,-0.87526065,-0.27095488,0.9022518,0.42834446,-0.049625546
1356678628564,0.1259855,-0.21046746,0.96944886,0.39882624,-0.884037,-0.24375434,0.9083311,0.4173512,-0.027435899
1356678628604,0.105917394,-0.20473903,0.9730691,0.40349,-0.88554186,-0.23024221,0.9088329,0.4170103,-0.011184126
1356678628644,0.10011506,-0.20760879,0.97307533,0.41467997,-0.8802956,-0.23047835,0.9044432,0.4265892,-0.0020396402
1356678628684,0.10816693,-0.21902725,0.96970457,0.4311535,-0.86858153,-0.24428016,0.89577144,0.44451457,4.8256014E-4
1356678628724,0.12912017,-0.23894247,0.9624108,0.45067295,-0.8503722,-0.27158985,0.88330173,0.46880022,-0.0021153092
1356678628764,0.16157186,-0.2666229,0.95016146,0.47142255,-0.82500017,-0.3116655,0.86698055,0.4982839,-0.007604718
1356678628804,0.20029867,-0.30089724,0.9323847,0.49095273,-0.7927351,-0.3612983,0.8478478,0.5301244,-0.011057467
1356678628844,0.23090076,-0.33809158,0.912348,0.50791216,-0.7579016,-0.4094024,0.82988554,0.55792403,-0.0032791793
1356678628883,0.23044229,-0.37182575,0.89924526,0.524327,-0.731044,-0.43664187,0.81974244,0.5721193,0.026494771
1356678628922,0.17809445,-0.3926528,0.9022783,0.5422453,-0.72599465,-0.42296785,0.8211287,0.56458443,0.08361852
1356678628962,0.07093233,-0.39001,0.91807455,0.55310106,-0.75055885,-0.3615809,0.83008915,0.53343576,0.162476
1356678629002,-0.056970477,-0.36290878,0.9300815,0.5430574,-0.79298717,-0.2761519,0.8377607,0.48935515,0.24225721
1356678629042,-0.15656817,-0.3273488,0.9318418,0.51701486,-0.8310482,-0.20507187,0.8415355,0.44966835,0.29935995
1356678629082,-0.20090175,-0.30374599,0.93133074,0.49434525,-0.8522188,-0.17130673,0.8457312,0.42598307,0.32136756
1356678629122,-0.1892392,-0.30205804,0.93431765,0.4863258,-0.8554431,-0.17805675,0.8530391,0.42068747,0.30878204
1356678629162,-0.13183224,-0.32135174,0.9377384,0.49025443,-0.8433362,-0.22007868,0.8615514,0.43071696,0.268723
1356678629202,-0.042752028,-0.35402533,0.9342581,0.49464414,-0.8199619,-0.2880791,0.8680434,0.44980934,0.21017161
1356678629265,0.058860898,-0.3885515,0.9195451,0.488138,-0.792302,-0.36603144,0.87077945,0.47040984,0.14303103
1356678629284,0.15206921,-0.41422063,0.897383,0.4688534,-0.76905245,-0.4344361,0.870087,0.4868054,0.0772596
1356678629324,0.22385705,-0.42635608,0.876418,0.4435928,-0.75612724,-0.4811412,0.8678211,0.4964795,0.019864172
1356678629364,0.26952553,-0.42466968,0.8642984,0.42023385,-0.75567913,-0.50234705,0.86646384,0.49860278,-0.025214225
1356678629404,0.28904837,-0.41069666,0.86474234,0.4029875,-0.76716596,-0.49905658,0.8683618,0.49273187,-0.056242466
1356678629444,0.28367573,-0.38602388,0.877789,0.3922062,-0.78861696,-0.4735584,0.8750442,0.47861132,-0.07231054
1356678629483,0.25571877,-0.35244587,0.9002165,0.38594285,-0.8165384,-0.42931712,0.8863724,0.45721656,-0.07278025
1356678629522,0.21264231,-0.31414518,0.9252546,0.38180998,-0.84491646,-0.37461627,0.8994467,0.4329307,-0.05972123
1356678629562,0.16462046,-0.2774212,0.94653976,0.37898943,-0.86817735,-0.3203671,0.9106411,0.41146755,-0.037780046
1356678629602,0.12296736,-0.24934092,0.96057695,0.3787603,-0.88286364,-0.27765518,0.9172893,0.39797097,-0.014122963
1356678629642,0.09538317,-0.23521575,0.96725166,0.38314012,-0.888149,-0.25376207,0.9187523,0.3947975,0.005406022
1356678629682,0.08536655,-0.23767783,0.96758556,0.39324158,-0.8842546,-0.2519027,0.91546357,0.40199894,0.017978996
1356678629722,0.09387791,-0.2571774,0.96179354,0.40851754,-0.8710354,-0.27278352,0.90790987,0.4185179,0.023290455
1356678629762,0.12093437,-0.292578,0.94856364,0.42686167,-0.8473868,-0.31579217,0.89619416,0.4430956,0.02241221
1356678629802,0.16562992,-0.3411846,0.92528903,0.44482145,-0.8115386,-0.3788656,0.8801708,0.4743399,0.01735109
1356678629842,0.22312462,-0.3975248,0.8900502,0.45853743,-0.7629403,-0.4557031,0.8602085,0.5097999,0.012049317
1356678629882,0.27897823,-0.45289806,0.8467908,0.46712938,-0.7064379,-0.53172904,0.83902407,0.5439016,0.014481127
1356678629922,0.30810148,-0.4982227,0.81046134,0.47771525,-0.65569115,-0.5846855,0.82271594,0.5673122,0.035989225
1356678629962,0.28560394,-0.52747816,0.8001232,0.5014537,-0.6292309,-0.59381187,0.8166851,0.57081974,0.08479503
1356678630002,0.20278555,-0.53606796,0.81945664,0.53606796,-0.6395338,-0.55102414,0.81945664,0.55102414,0.15768063
1356678630042,0.081986845,-0.52160454,0.84923893,0.56099176,-0.6801429,-0.47190443,0.8237514,0.515106,0.23685318
1356678630082,-0.028340638,-0.49439335,0.8687762,0.5630802,-0.726009,-0.39478055,0.8259162,0.47800234,0.2989586
1356678630122,-0.089699864,-0.4732926,0.8763265,0.5526223,-0.7556572,-0.35155484,0.8285907,0.45274314,0.32933438
1356678630162,-0.09317583,-0.46931547,0.87810093,0.5429844,-0.76319563,-0.35028604,0.8345575,0.44415691,0.32594243
1356678630202,-0.04810053,-0.48130807,0.8752308,0.53605425,-0.75180477,-0.38397327,0.84281206,0.45070186,0.29416943
1356678630265,0.030069351,-0.50166404,0.8645398,0.52489233,-0.72815037,-0.44077787,0.8506374,0.4670442,0.24142456
1356678630284,0.119167626,-0.5199998,0.84581286,0.5028034,-0.70296574,-0.503019,0.8561471,0.48522112,0.17768684
1356678630324,0.20247906,-0.5309218,0.8228756,0.46992123,-0.6845394,-0.557297,0.85917187,0.4995277,0.110886544
1356678630364,0.26948833,-0.53275716,0.80221313,0.4327623,-0.6771802,-0.59509987,0.86028653,0.50754005,0.048065037
1356678630404,0.31728548,-0.52685815,0.7885115,0.3983812,-0.6804992,-0.6149905,0.86059415,0.50925577,-0.0060221558
1356678630444,0.34568453,-0.5148605,0.78448766,0.37130114,-0.6927405,-0.6182605,0.86176425,0.5050043,-0.0483014
1356678630484,0.35408604,-0.49753407,0.79188573,0.35367313,-0.7126218,-0.6058758,0.8657589,0.49460083,-0.076364994
1356678630524,0.34218925,-0.47501644,0.8107194,0.34559157,-0.738705,-0.5786894,0.8737694,0.47819906,-0.08861521
1356678630562,0.3105983,-0.44760543,0.8385572,0.34489608,-0.76899964,-0.5382252,0.88576263,0.4563869,-0.084472656
1356678630602,0.2652952,-0.41741973,0.86912555,0.34782964,-0.7992894,-0.490052,0.8992402,0.4323161,-0.06685671
1356678630642,0.21756399,-0.38949,0.89496565,0.35153335,-0.8241262,-0.44411752,0.9105439,0.41123423,-0.042381465
1356678630682,0.17914993,-0.3699071,0.9116326,0.35593322,-0.8394858,-0.41057897,0.9171787,0.39803553,-0.018731594
1356678630722,0.15711367,-0.36272907,0.91855484,0.36272907,-0.8439026,-0.39529234,0.91855484,0.39529234,-0.0010162592
1356678630762,0.15343666,-0.36929736,0.9165569,0.3724847,-0.83750445,-0.39980164,0.9152662,0.40274766,0.009053767
1356678630802,0.1670233,-0.387588,0.90657526,0.3846759,-0.82100326,-0.42187434,0.9078148,0.41920048,0.011969149
1356678630842,0.19534159,-0.41385785,0.88913625,0.39753434,-0.79537004,-0.4575509,0.89655346,0.4428409,0.0091539025
1356678630883,0.23458779,-0.44289303,0.8653406,0.40979856,-0.7621593,-0.50117695,0.8814951,0.47218534,0.002703637
1356678630923,0.27754682,-0.4686709,0.838639,0.42193812,-0.7247725,-0.54467696,0.8630967,0.5050271,-0.0034081936
1356678630960,0.31012285,-0.48584518,0.81717706,0.43709978,-0.69045293,-0.57638407,0.8442557,0.5359378,-0.0017624199
1356678631003,0.31155384,-0.49157748,0.8131948,0.46122435,-0.66998625,-0.58171344,0.8307865,0.5563003,0.017990708
1356678631043,0.2631343,-0.4843615,0.8343587,0.49573103,-0.67404926,-0.547639,0.827654,0.55772007,0.06274751
1356678631082,0.15826136,-0.46055222,0.87341,0.5286819,-0.70755535,-0.46889332,0.83393574,0.5359638,0.13150692
1356678631122,0.018541753,-0.4162839,0.9090456,0.53904784,-0.76158214,-0.35975012,0.84207106,0.49668947,0.21027583
1356678631162,-0.11260235,-0.35696676,0.92730546,0.52115375,-0.81579393,-0.25075686,0.8460021,0.45503289,0.2778949
1356678631202,-0.20244402,-0.2942515,0.9340409,0.4913742,-0.8555548,-0.1630255,0.8470937,0.42596006,0.31778958
1356678631262,-0.2435835,-0.2357023,0.9408036,0.46741304,-0.8784705,-0.09906788,0.84981877,0.41561258,0.3241514
1356678631284,-0.24419439,-0.18262036,0.9523755,0.45697558,-0.88789386,-0.053084776,0.85530263,0.42224932,0.30027166
1356678631324,-0.2149437,-0.13477099,0.9672829,0.46029395,-0.8875094,-0.021372482,0.8613529,0.4406405,0.25279868
1356678631364,-0.16690964,-0.09140976,0.9817257,0.4722219,-0.88147783,-0.0017899871,0.8655331,0.4632936,0.1902929
