1356678140244,-0.03544545,0.057959467,0.9976896,-0.9993323,0.0068088174,-0.03589928,-0.00887385,-0.9982958,0.057679355
1356678140393,0.5285244,-0.052353323,-0.8473022,0.8488922,0.024804026,0.5279836,-0.0066251755,-0.9983205,0.05755186
1356678140434,0.50432783,-0.051995605,-0.86194533,0.86349857,0.024748325,0.50374365,-0.0048608184,-0.9983406,0.05737944
1356678140473,0.4838672,-0.051232755,-0.87364054,0.8751361,0.024837404,0.483239,-0.003058672,-0.99837786,0.056853637
1356678140512,0.4607206,-0.04994291,-0.886139,0.8875444,0.024535894,0.46006843,-0.0012349486,-0.99845064,0.055630744
1356678140554,0.4329896,-0.048033893,-0.90011823,0.90139884,0.02344358,0.43235457,3.3429265E-4,-0.99857056,0.053448528
1356678140593,0.40078968,-0.045603663,-0.9150343,0.9161693,0.02126652,0.40022686,0.0012077391,-0.99873316,0.050304085
1356678140632,0.36615232,-0.04293567,-0.9295639,0.9305544,0.017948955,0.36571342,9.824932E-4,-0.99891657,0.046526045
1356678140673,0.33193848,-0.040103823,-0.94244814,0.9433007,0.01332888,0.33167157,-7.3957443E-4,-0.9991065,0.04225436
1356678140714,0.29983032,-0.03711489,-0.9532703,0.953984,0.007422626,0.29976586,-0.0040499866,-0.99928355,0.037632525
1356678140754,0.27129635,-0.033884883,-0.9618992,0.9624553,3.7321448E-4,0.2714401,-0.008838654,-0.9994257,0.03271392
1356678140793,0.24756777,-0.03039357,-0.96839374,0.9687635,-0.007094085,0.24788487,-0.014403999,-0.9995128,0.027687937
1356678140834,0.22927809,-0.026448905,-0.9730015,0.97314817,-0.014671028,0.22971141,-0.020350546,-0.9995425,0.022374958
1356678140874,0.21717155,-0.022009552,-0.9758853,0.97579026,-0.021612823,0.2176378,-0.025881797,-0.9995241,0.016783059
1356678140913,0.21220604,-0.017497927,-0.9770683,0.976774,-0.026573688,0.212618,-0.029684663,-0.9994937,0.011452377
1356678140954,0.21313128,-0.013204366,-0.9769343,0.9765583,-0.02797684,0.21342734,-0.030149668,-0.9995214,0.00693205
1356678140993,0.22083831,-0.010030568,-0.9752588,0.97494483,-0.025106192,0.2210254,-0.026702046,-0.99963444,0.0042348206
1356678141032,0.23340356,-0.008667111,-0.9723413,0.9722066,-0.01680088,0.23352098,-0.018360108,-0.9998213,0.0045048
1356678141072,0.24975279,-0.009359866,-0.96826434,0.96829784,-0.0025250614,0.24978581,-0.0047828853,-0.99995303,0.0084325075
1356678141113,0.2677462,-0.011846095,-0.9634166,0.96338296,0.018154979,0.2675136,0.014321774,-0.9997649,0.01627326
1356678141152,0.28552714,-0.015725106,-0.9582416,0.9575901,0.045027405,0.2845941,0.03867185,-0.998862,0.027914762
1356678141193,0.30181527,-0.02062565,-0.95314324,0.95102394,0.0765546,0.2994875,0.06679034,-0.99685204,0.042720824
1356678141233,0.31556752,-0.02606818,-0.948545,0.9440218,0.10988662,0.3110428,0.09612408,-0.99360216,0.05928561
1356678141284,0.3258486,-0.031474203,-0.9448979,0.937245,0.1419181,0.31848234,0.12407413,-0.9893779,0.07574287
1356678141314,0.33208108,-0.036336422,-0.9425507,0.93146783,0.17008424,0.32161936,0.1486265,-0.98475933,0.09032798
1356678141354,0.334537,-0.040335804,-0.941519,0.92718756,0.19277647,0.32118604,0.16854748,-0.9804133,0.10188967
1356678141394,0.33442563,-0.04331103,-0.9414264,0.92444193,0.20927578,0.3187643,0.18321171,-0.976897,0.11002573
1356678141434,0.3335576,-0.04519874,-0.9416456,0.92287606,0.21956784,0.3163697,0.19245562,-0.9745497,0.11495131
1356678141464,0.33386454,-0.04605332,-0.9414954,0.92161286,0.22564325,0.31577665,0.19789949,-0.97312087,0.117777586
1356678141504,0.33382204,-0.04546222,-0.9415391,0.92148185,0.22615781,0.3157907,0.19857985,-0.9730292,0.11738911
1356678141537,0.33480847,-0.04309264,-0.94130033,0.9214263,0.22400212,0.3174847,0.19717199,-0.97363544,0.11470449
1356678141575,0.33255997,-0.03837791,-0.9423009,0.92290616,0.218815,0.31680328,0.19403136,-0.9750114,0.10818827
1356678141616,0.32702935,-0.031141877,-0.9445009,0.92572117,0.2114808,0.31355405,0.1899791,-0.9768859,0.09798914
1356678141655,0.31959304,-0.022470325,-0.9472884,0.9293915,0.20223734,0.30875775,0.18463919,-0.97907865,0.08551741
1356678141695,0.3131706,-0.01403895,-0.9495931,0.93323886,0.18989164,0.30496967,0.17603832,-0.9817047,0.072570175
1356678141735,0.31176698,-0.007524103,-0.9501288,0.93635035,0.1722917,0.30588138,0.16139781,-0.9850172,0.06076005
1356678141774,0.3186337,-0.0035606325,-0.94787127,0.9373878,0.1495448,0.314548,0.14062923,-0.98874855,0.05098769
1356678141814,0.33478278,-0.0016263723,-0.942294,0.935197,0.123086035,0.3320489,0.11544323,-0.9923947,0.042728037
1356678141855,0.36086658,-3.4180284E-4,-0.9326174,0.9282572,0.09671685,0.35914406,0.09007707,-0.99531186,0.035219163
1356678141913,0.396794,0.0013510883,-0.9179067,0.9153918,0.07340601,0.3958149,0.067914605,-0.9973012,0.027890325
1356678141939,0.44268593,0.0041678846,-0.896667,0.89523196,0.0546892,0.4422316,0.050881177,-0.9984947,0.020478904
1356678141975,0.49176753,0.009266406,-0.87067723,0.8698385,0.039923623,0.49171868,0.03931707,-0.9991598,0.011572868
1356678142010,0.54278886,0.017914146,-0.8396781,0.8392348,0.027282566,0.5430844,0.032637477,-0.99946725,-2.2549927E-4
1356678142053,0.5819575,0.034714013,-0.81247795,0.81259775,0.014227256,0.5826512,0.031785488,-0.999296,-0.019928873
1356678142092,0.6034414,0.06524488,-0.79473364,0.79650736,-0.0019800514,0.60462564,0.037875116,-0.9978673,-0.053162873
1356678142132,0.59692645,0.11622566,-0.7938328,0.80059344,-0.021865442,0.5988088,0.052239448,-0.9929821,-0.10610157
1356678142172,0.5560704,0.18972313,-0.80919147,0.82782805,-0.039662495,0.5595781,0.074070394,-0.98103625,-0.1791133
1356678142212,0.48094514,0.2784693,-0.8313523,0.87099767,-0.043305606,0.48937476,0.10027361,-0.95946836,-0.26337373
1356678142284,0.37683317,0.3703368,-0.84902734,0.91736543,-0.022343189,0.39741853,0.12820876,-0.9286288,-0.34815386
1356678142294,0.28860945,0.43366787,-0.8536023,0.94586754,0.009094596,0.32442558,0.14845613,-0.90102696,-0.40756756
1356678142333,0.24714954,0.4615566,-0.8519874,0.9556739,0.029089943,0.29298672,0.16001421,-0.88663363,-0.43390805
1356678142372,0.25388384,0.4572688,-0.85231936,0.9528525,0.03315407,0.30161718,0.16617799,-0.8887104,-0.4272924
1356678142412,0.30411696,0.42444906,-0.85285157,0.93727076,0.026821733,0.34756854,0.17040008,-0.90505445,-0.3896668
1356678142453,0.381171,0.36934635,-0.84752107,0.9081439,0.022115156,0.41807365,0.17315707,-0.92902863,-0.32698998
1356678142492,0.4649789,0.30125314,-0.8324909,0.8682011,0.02887103,0.495372,0.17326725,-0.95310706,-0.24812385
1356678142532,0.5390922,0.23079735,-0.81000745,0.82481736,0.049969852,0.5631867,0.17045793,-0.9717178,-0.1634273
1356678142573,0.59444904,0.16659972,-0.786686,0.7868892,0.08099714,0.61175555,0.16563761,-0.9826922,-0.08294687
1356678142615,0.6300802,0.11219525,-0.7683822,0.75992125,0.11446994,0.63985646,0.15974554,-0.9870708,-0.013134316
1356678142654,0.64618695,0.06883901,-0.7600682,0.7475088,0.14369307,0.6485235,0.15386024,-0.9872251,0.04139483
1356678142694,0.64812434,0.035793066,-0.7606929,0.7468924,0.16506031,0.6441326,0.14861566,-0.98563373,0.080246046
1356678142734,0.63632804,0.0118614435,-0.7713274,0.7576793,0.17826049,0.6278099,0.14494392,-0.9839119,0.104444966
1356678142774,0.61193913,-0.0021595657,-0.7909019,0.77771187,0.18353152,0.6012325,0.14385703,-0.9830115,0.11398964
1356678142814,0.575389,-0.0072662234,-0.81784767,0.8047728,0.18333344,0.5645615,0.14583665,-0.983024,0.111335665
1356678142855,0.52895147,-0.0043033957,-0.84864116,0.83520335,0.17995982,0.5196632,0.15048501,-0.9836645,0.09878421
1356678142892,0.4785924,0.0027594268,-0.8780328,0.8643427,0.17444535,0.4716785,0.1544703,-0.984663,0.081103146
1356678142932,0.43301392,0.0096654,-0.9013355,0.88830256,0.16518418,0.42852408,0.15302825,-0.9862154,0.06294125
1356678142973,0.39919496,0.014010429,-0.916759,0.9056765,0.14971022,0.39665714,0.14280549,-0.98863065,0.047074646
1356678143014,0.38080865,0.0158391,-0.92451817,0.91622573,0.12822634,0.37958986,0.12455994,-0.99161845,0.034317523
1356678143054,0.3803774,0.015414447,-0.9247028,0.91935885,0.1023078,0.3798846,0.10045999,-0.9946333,0.024744183
1356678143092,0.40046892,0.0134242475,-0.91621196,0.9131565,0.07704106,0.4002622,0.075959176,-0.9969375,0.018594116
1356678143132,0.4389108,0.008905858,-0.8984865,0.8969896,0.054197937,0.4387168,0.052603334,-0.9984906,0.015799582
1356678143173,0.49462974,0.002530694,-0.8691001,0.86853606,0.034700677,0.49440977,0.03140959,-0.99939454,0.014965981
1356678143212,0.55858004,-0.003098309,-0.8294449,0.8293505,0.01762949,0.5584506,0.012892455,-0.9998398,0.012417063
1356678143288,0.60962874,0.0050109327,-0.79267126,0.79268706,-0.004220113,0.60961425,-2.9045343E-4,-0.99997854,-0.0065447837
1356678143300,0.64881873,0.031057954,-0.760309,0.7609267,-0.033020586,0.6479971,-0.0049803555,-0.998972,-0.045057207
1356678143330,0.65922457,0.07506102,-0.74819034,0.75194556,-0.067038596,0.6558077,-9.3203783E-4,-0.99492294,-0.10063529
1356678143373,0.61827016,0.15786368,-0.7699488,0.7857285,-0.10007967,0.61042184,0.019307256,-0.9823763,-0.1859143
1356678143412,0.5457259,0.25322726,-0.79878604,0.8366687,-0.1116838,0.53620154,0.046569377,-0.9609384,-0.27281606
1356678143453,0.4780714,0.32695225,-0.8151994,0.8753729,-0.101381734,0.47269875,0.07190359,-0.9395872,-0.33467284
1356678143492,0.44677138,0.3607333,-0.81869817,0.889912,-0.085153684,0.4481132,0.091934174,-0.9287735,-0.35906515
1356678143532,0.45774117,0.35593948,-0.81472695,0.88261914,-0.071602315,0.46460348,0.107034355,-0.9317618,-0.34693432
1356678143572,0.4977541,0.32243848,-0.80515486,0.8593528,-0.05782284,0.5081036,0.117275834,-0.9448228,-0.30586997
1356678143612,0.54926074,0.27157375,-0.79029125,0.82663214,-0.038006395,0.5614577,0.12244105,-0.9616669,-0.24536702
1356678143653,0.5979429,0.21416396,-0.77239764,0.7920057,-0.009685397,0.61043686,0.1232526,-0.9767497,-0.17541042
1356678143692,0.6356134,0.1586386,-0.7555325,0.7624484,0.02453757,0.6465837,0.12111208,-0.9870318,-0.105357334
1356678143732,0.66051626,0.10907027,-0.7428472,0.7416297,0.059481114,0.6681671,0.11706254,-0.9922528,-0.04160151
1356678143773,0.67323905,0.066821724,-0.73639935,0.7309234,0.090444565,0.67643976,0.11180419,-0.99365723,0.012049273
1356678143812,0.6746826,0.03243977,-0.73739475,0.73041517,0.1145177,0.6733345,0.1062876,-0.99289143,0.053568587
1356678143853,0.6645219,0.0070426166,-0.74723566,0.7402582,0.13044782,0.6595463,0.10212028,-0.9914302,0.08147204
1356678143893,0.64163387,-0.007997304,-0.7669693,0.76032174,0.13840576,0.6346294,0.101077616,-0.9903433,0.09488638
1356678143932,0.6060231,-0.012867749,-0.795343,0.78868324,0.13983433,0.5986862,0.103512526,-0.9900913,0.094891384
1356678143972,0.561453,-0.010614514,-0.8274405,0.8206014,0.13606651,0.5550669,0.106695145,-0.99064285,0.08510524
1356678144012,0.5154292,-0.0059761107,-0.85691136,0.8503941,0.12685627,0.51062447,0.10565305,-0.9919031,0.07046747
1356678144053,0.4758294,-0.0024071038,-0.8795343,0.87420356,0.111258954,0.47264096,0.09671837,-0.9937885,0.05504459
1356678144092,0.44840887,-0.001113236,-0.8938279,0.8902351,0.090135366,0.4464942,0.08006844,-0.9959289,0.04140851
1356678144132,0.4371521,-0.0024329722,-0.89938426,0.89745915,0.06662905,0.43603614,0.058864236,-0.99777484,0.03131053
1356678144172,0.44427106,-0.006770611,-0.8958669,0.8951517,0.04401204,0.4435838,0.03642562,-0.9990081,0.025613993
1356678144212,0.46905753,-0.014173269,-0.8830539,0.8830438,0.024268419,0.46866265,0.014787853,-0.99960506,0.0238989
1356678144282,0.5077058,-0.024180233,-0.86119115,0.8615101,0.0073621273,0.50768715,-0.0059357285,-0.9996806,0.024569258
1356678144296,0.55386835,-0.032645285,-0.831964,0.8322646,-0.00683327,0.55433655,-0.023781508,-0.99944365,0.02338478
1356678144334,0.5875896,-0.031483024,-0.8085464,0.80830884,-0.022957057,0.5883109,-0.037083656,-0.9992406,0.0119586885
1356678144374,0.5982451,-0.008079231,-0.8012724,0.800201,-0.046641707,0.5979154,-0.042203397,-0.99887896,-0.021438166
1356678144414,0.5722755,0.0498161,-0.81854695,0.8192965,-0.077834144,0.5680626,-0.035412252,-0.9957209,-0.08535671
1356678144455,0.50210285,0.1422444,-0.85302943,0.8646433,-0.101813436,0.49196124,-0.016871154,-0.98458135,-0.17411149
1356678144494,0.40223348,0.24335882,-0.88260114,0.91551304,-0.09992309,0.3896809,0.006640047,-0.96477556,-0.26299056
1356678144534,0.30625746,0.3197775,-0.89663184,0.95152855,-0.074851006,0.2983131,0.02827999,-0.94453144,-0.3272011
1356678144574,0.24097116,0.35464597,-0.90341526,0.9694506,-0.044020817,0.24130413,0.045808434,-0.9339638,-0.35441947
1356678144612,0.21094051,0.34991193,-0.9127244,0.97566533,-0.018204004,0.218508,0.05984333,-0.9366057,-0.34523696
1356678144652,0.20644617,0.31454918,-0.92651975,0.975952,0.0015298724,0.21798003,0.06998289,-0.94923997,-0.30666906
1356678144692,0.2146298,0.2585202,-0.94186056,0.9737864,0.017732412,0.22677216,0.07532665,-0.9658431,-0.24793756
1356678144732,0.22438383,0.191666,-0.9554664,0.9715067,0.032803535,0.23473117,0.07633269,-0.98091185,-0.17884424
1356678144791,0.22817805,0.12278041,-0.96584654,0.9707625,0.047248513,0.23534572,0.07453057,-0.99130845,-0.108409494
1356678144813,0.22209048,0.058469236,-0.97327137,0.9724099,0.059791744,0.22548586,0.071377546,-0.996497,-0.043576896
1356678144853,0.20500356,0.0028884113,-0.97875696,0.9763973,0.068855405,0.20471254,0.067984045,-0.9976225,0.011295378
1356678144890,0.17688176,-0.04113245,-0.9833722,0.98204565,0.07393566,0.17355055,0.0655677,-0.99641436,0.053471863
1356678144933,0.13835439,-0.07141042,-0.987805,0.98820376,0.07608101,0.13291025,0.065662056,-0.9945413,0.081094116
1356678144972,0.09097135,-0.08744192,-0.9920072,0.99344754,0.077171504,0.084301084,0.06918329,-0.993176,0.093889266
1356678145012,0.038775355,-0.090592235,-0.9951329,0.9964086,0.078526646,0.031676352,0.075274825,-0.9927873,0.09331179
1356678145052,-0.012539685,-0.08471194,-0.99632657,0.9966811,0.07909167,-0.0192689,0.0804334,-0.99326146,0.08343905
1356678145093,-0.057196975,-0.07402465,-0.99561477,0.99511576,0.07613814,-0.062829256,0.080455154,-0.99434566,0.06930828
1356678145132,-0.09111166,-0.061599374,-0.9939337,0.9931483,0.06772202,-0.09523681,0.073177695,-0.99580085,0.05500704
1356678145172,-0.111694336,-0.04921627,-0.9925231,0.99197567,0.05401206,-0.11431104,0.059234142,-0.9973267,0.042788506
1356678145212,-0.116584,-0.03856364,-0.9924319,0.992327,0.036904156,-0.11800569,0.041175574,-0.99857444,0.03396535
1356678145284,-0.103818476,-0.031545997,-0.9940958,0.9944167,0.015699208,-0.10435024,0.018898338,-0.99937904,0.029739976
1356678145294,-0.06547493,-0.02800697,-0.99746114,0.9978538,-0.0027868748,-0.065422416,-9.4747543E-4,-0.99960387,0.02812928
1356678145333,-0.019349277,-0.028342247,-0.999411,0.9996208,-0.020136774,-0.018782288,-0.019592553,-0.9993955,0.028721124
1356678145372,0.040242553,-0.028242975,-0.9987907,0.99852574,-0.0353055,0.04123023,-0.0364272,-0.9989774,0.026780516
1356678145412,0.099419564,-0.017703474,-0.9948882,0.99381775,-0.047890395,0.10016483,-0.049418807,-0.9986958,0.012832671
1356678145452,0.13539389,0.01799041,-0.9906285,0.98928267,-0.057619184,0.13416356,-0.054665536,-0.9981765,-0.025598884
1356678145492,0.123245776,0.08885735,-0.98839,0.9911985,-0.05953169,0.11824402,-0.048333585,-0.99426377,-0.095412344
1356678145532,0.057058036,0.18454427,-0.9811666,0.997899,-0.040754735,0.050365686,-0.030692458,-0.9819789,-0.18648195
1356678145572,-0.032777578,0.27210814,-0.9617083,0.99943155,0.0013249815,-0.033688366,-0.007892638,-0.9622658,-0.27199686
1356678145612,-0.10053289,0.32445678,-0.94054294,0.9948431,0.0455392,-0.09062743,0.01342687,-0.9448037,-0.32736176
1356678145652,-0.119387925,0.33769932,-0.9336518,0.99237,0.069755614,-0.101665914,0.030794948,-0.9386657,-0.34345067
1356678145692,-0.085291445,0.31924963,-0.9438247,0.99538267,0.06916368,-0.06655592,0.044030428,-0.9451434,-0.32367462
1356678145732,-0.0075528324,0.2770453,-0.96082723,0.9985747,0.052859098,0.0073919,0.05283639,-0.95940185,-0.27704966
1356678145772,0.09577969,0.21889982,-0.97103506,0.9937452,0.035241812,0.10596433,0.057416618,-0.97511077,-0.21415526
1356678145812,0.20130631,0.15423757,-0.967309,0.9777437,0.027944952,0.20793381,0.059102684,-0.9876386,-0.1451793
1356678145852,0.28766674,0.092710584,-0.95323277,0.9558747,0.034139097,0.29178435,0.059594035,-0.9951077,-0.07879904
1356678145892,0.34424317,0.040067106,-0.93802524,0.9369633,0.0491547,0.34595314,0.059969723,-0.9979873,-0.020620286
1356678145932,0.3704556,-0.0024570227,-0.92884696,0.92687714,0.06612322,0.36949503,0.060510486,-0.99780846,0.026773065
1356678145972,0.36953136,-0.03525737,-0.9285492,0.9271889,0.07999745,0.36595252,0.061379045,-0.99617136,0.062251776
1356678146012,0.3444348,-0.058101863,-0.93701065,0.9366734,0.08857185,0.33881876,0.06330681,-0.9943738,0.084929675
1356678146052,0.29834956,-0.07048753,-0.9518503,0.9520849,0.09223974,0.29159248,0.06724477,-0.9932388,0.094629824
1356678146092,0.23718062,-0.07301095,-0.96871805,0.96872234,0.0926598,0.230198,0.07295418,-0.9930173,0.092704505
1356678146132,0.17031148,-0.06847316,-0.9830084,0.9823305,0.09035155,0.16390043,0.077593565,-0.9935532,0.0826512
1356678146172,0.10775185,-0.060459226,-0.9923378,0.9912058,0.08365542,0.10253218,0.076815486,-0.99465907,0.06894153
1356678146212,0.05609244,-0.051374316,-0.997103,0.9961237,0.070655584,0.052396894,0.06775904,-0.99617696,0.05513838
1356678146284,0.017653286,-0.04162565,-0.99897736,0.99872077,0.048085988,0.015645176,0.047385633,-0.9979756,0.04242122
1356678146293,-0.0016265512,-0.033216417,-0.9994468,0.9996211,0.027406573,-0.0025377274,0.027475655,-0.9990723,0.033159316
1356678146333,-0.00689137,-0.027946293,-0.9995857,0.9999525,0.006705463,-0.0070813596,0.0069006085,-0.99958694,0.027898729
1356678146372,0.006876409,-0.0263021,-0.9996304,0.9998956,-0.012521923,0.0072077513,-0.012706935,-0.9995756,0.026213318
1356678146412,0.03676653,-0.02788499,-0.99893475,0.998847,-0.029853702,0.037596643,-0.030870289,-0.99916524,0.026755214
1356678146452,0.077608556,-0.029591203,-0.9965447,0.9958757,-0.04481533,0.078887224,-0.046994835,-0.998557,0.025991082
1356678146492,0.11710259,-0.023184419,-0.99284923,0.9913609,-0.056745797,0.11825219,-0.059081584,-0.9981195,0.016338944
1356678146533,0.13398728,0.0055014193,-0.99096787,0.9889934,-0.06407812,0.13336459,-0.06276563,-0.9979298,-0.014026552
1356678146572,0.10413945,0.06868383,-0.9921882,0.993145,-0.060427368,0.10005677,-0.053083062,-0.9958067,-0.074505866
1356678146612,0.018248022,0.16078103,-0.9868214,0.999418,-0.03138429,0.0133675635,-0.028821439,-0.98649096,-0.16126013
1356678146652,-0.09896675,0.25138894,-0.96281314,0.9950845,0.028425127,-0.09486219,0.0035207272,-0.9674686,-0.25296634
1356678146692,-0.20625591,0.31156754,-0.9275689,0.9779109,0.098469555,-0.18437442,0.033892155,-0.94510806,-0.32499522
1356678146732,-0.27922475,0.33545613,-0.8997237,0.9585352,0.15295213,-0.24044943,0.056954443,-0.92955625,-0.36425453
1356678146772,-0.31313577,0.33056498,-0.89032173,0.9469255,0.18038824,-0.26606804,0.07265082,-0.9263838,-0.36950642
1356678146812,-0.3117629,0.30531448,-0.8997705,0.9466546,0.1810756,-0.26656446,0.081540495,-0.9348768,-0.34547997
1356678146852,-0.2815808,0.2656317,-0.9220369,0.9558914,0.16134518,-0.24543726,0.08357024,-0.9504775,-0.29934675
1356678146892,-0.22977951,0.21545485,-0.94909465,0.96998346,0.13044086,-0.20522523,0.07958397,-0.9677626,-0.23896033
1356678146932,-0.16585654,0.15855685,-0.97331977,0.9835379,0.098385334,-0.15157044,0.07172784,-0.9824358,-0.17226452
1356678146972,-0.102220416,0.09965891,-0.9897571,0.992801,0.0726611,-0.09521854,0.06242746,-0.9923651,-0.10636884
1356678147012,-0.051104516,0.04371947,-0.9977359,0.99726146,0.055711836,-0.04863903,0.053459227,-0.9974892,-0.04644686
1356678147052,-0.02229926,-0.004729569,-0.99974024,0.99868673,0.04603252,-0.022493452,0.04612696,-0.9989288,0.0036968589
1356678147092,-0.02098757,-0.04205951,-0.99889463,0.9989114,0.04074967,-0.022703737,0.041659534,-0.99828374,0.041158497
1356678147132,-0.046384692,-0.06626856,-0.9967232,0.99808013,0.0379225,-0.04896921,0.0410434,-0.997081,0.064382315
1356678147172,-0.09116846,-0.07770142,-0.9927995,0.9948621,0.03696227,-0.09425071,0.04401958,-0.9962913,0.07393235
1356678147212,-0.14443815,-0.07885352,-0.986367,0.9883591,0.0366475,-0.1476596,0.04779145,-0.9962124,0.07264227
1356678147284,-0.19959337,-0.07043746,-0.9773439,0.97878826,0.032715023,-0.20224604,0.046219558,-0.9969796,0.062413573
1356678147294,-0.24336994,-0.060596347,-0.9680388,0.9691242,0.025571346,-0.24524349,0.039614916,-0.99783474,0.052502036
1356678147336,-0.27690184,-0.04785496,-0.9597058,0.96061474,0.010472298,-0.27768627,0.023339003,-0.99879944,0.043070436
1356678147374,-0.29686713,-0.03453213,-0.9542942,0.95491713,-0.008851171,-0.29674062,0.0018004477,-0.9993644,0.035602927
1356678147412,-0.3029648,-0.023021072,-0.9527236,0.95276546,-0.029578865,-0.3022634,-0.021222085,-0.9992974,0.030895054
1356678147452,-0.29445714,-0.01502946,-0.9555465,0.95470595,-0.049404025,-0.293421,-0.042797834,-0.9986658,0.028896034
1356678147492,-0.27226973,-0.010622352,-0.9621623,0.96024644,-0.06702626,-0.2709876,-0.061611593,-0.9976946,0.028449297
1356678147532,-0.23938525,-0.007394731,-0.9708965,0.96787,-0.081076026,-0.23802155,-0.0769563,-0.99668044,0.026565552
1356678147572,-0.20431519,0.0015108287,-0.978904,0.97499835,-0.08893937,-0.20363724,-0.08737072,-0.99603593,0.01669854
1356678147631,-0.18638158,0.028523415,-0.98206335,0.97836876,-0.08593166,-0.18817621,-0.08975774,-0.9958927,-0.011890411
1356678147653,-0.21207952,0.084807545,-0.97356564,0.9739356,-0.063667476,-0.2177062,-0.080447614,-0.99436116,-0.06909448
1356678147693,-0.29326612,0.16410774,-0.9418405,0.95423394,-0.010127008,-0.29888967,-0.058588147,-0.9863905,-0.15362728
1356678147730,-0.40372014,0.23701072,-0.88364923,0.9143977,0.07309055,-0.39816415,-0.029782742,-0.9687537,-0.24623013
1356678147773,-0.502961,0.27925923,-0.81795144,0.8643055,0.15973163,-0.4769297,-0.0025343,-0.94683695,-0.3217041
1356678147812,-0.5704725,0.28907654,-0.7687625,0.82110965,0.22174999,-0.52593327,0.0184381,-0.9312688,-0.36386585
1356678147852,-0.6034508,0.27574536,-0.7482056,0.7966914,0.24804434,-0.5511413,0.033613503,-0.9286757,-0.36936653
1356678147892,-0.60559696,0.24775398,-0.7562211,0.7945558,0.24076772,-0.5574155,0.043971717,-0.938429,-0.34266263
1356678147932,-0.5805207,0.2101762,-0.78665227,0.8127432,0.20823038,-0.5441402,0.04943955,-0.95523095,-0.29170138
1356678147973,-0.52995104,0.1650942,-0.8318027,0.8465243,0.16137856,-0.5073003,0.05048284,-0.97298557,-0.22527897
1356678148012,-0.4598137,0.11445472,-0.88060856,0.8866626,0.11388862,-0.44817257,0.048995823,-0.98687863,-0.15385032
1356678148052,-0.38032925,0.061050683,-0.922834,0.9236561,0.0757826,-0.37565467,0.047000766,-0.9952537,-0.08521217
1356678148093,-0.3104955,0.009717017,-0.95052516,0.94947267,0.05131042,-0.30962712,0.045763195,-0.9986355,-0.02515769
1356678148132,-0.268032,-0.034628123,-0.9627875,0.9623288,0.03771043,-0.26926064,0.04563108,-0.9986886,0.023216069
1356678148172,-0.26136035,-0.06873116,-0.96279114,0.96411264,0.029633522,-0.26383448,0.046664536,-0.997195,0.058519542
1356678148212,-0.2884583,-0.09103945,-0.9531545,0.9562378,0.023553193,-0.29164106,0.04900068,-0.9955687,0.08026123
1356678148284,-0.34396172,-0.099416316,-0.9337059,0.9374662,0.02015102,-0.34749252,0.053361595,-0.9948419,0.086268306
1356678148293,-0.4048065,-0.10137501,-0.90876555,0.9126042,0.017506719,-0.4084693,0.05731812,-0.99469423,0.08542836
1356678148331,-0.4604169,-0.09549841,-0.882551,0.88575923,0.01633048,-0.46385768,0.058710158,-0.99529564,0.07706976
1356678148373,-0.5084082,-0.083803475,-0.85702866,0.8594371,0.012740612,-0.51108277,0.05374956,-0.99640083,0.06554639
1356678148412,-0.547091,-0.067664325,-0.8343338,0.83608633,0.00421077,-0.5485817,0.040632576,-0.99769926,0.05426961
1356678148452,-0.5760256,-0.048273206,-0.816005,0.81717306,-0.008900106,-0.5763237,0.020558417,-0.9987945,0.04457432
1356678148492,-0.5935976,-0.02785331,-0.8042798,0.8047562,-0.024308383,-0.59310746,-0.0030308068,-0.99931633,0.03684461
1356678148532,-0.5979287,-0.008922398,-0.80149966,0.8011022,-0.040045917,-0.59718645,-0.026768446,-0.999158,0.031092405
1356678148572,-0.5868351,0.0067254603,-0.8096787,0.80824995,-0.055089176,-0.5862571,-0.048547328,-0.99845886,0.026892304
1356678148612,-0.5566367,0.018315464,-0.8305541,0.82802105,-0.06882632,-0.5564568,-0.06735575,-0.9974605,0.023145676
1356678148652,-0.50206035,0.02701348,-0.86441064,0.8609086,-0.07949531,-0.5025106,-0.082291126,-0.9964692,0.016655266
1356678148692,-0.42510164,0.03931722,-0.9042914,0.90051544,-0.08255273,-0.4269158,-0.09143683,-0.99581087,-3.1250715E-4
1356678148732,-0.35959268,0.06975588,-0.93049836,0.9286134,-0.07102096,-0.3641884,-0.091489196,-0.99503267,-0.03923762
1356678148776,-0.39606756,0.13388318,-0.9084084,0.9149007,-0.02652049,-0.40280688,-0.07802048,-0.9906422,-0.11198586
1356678148823,-0.5453993,0.2047545,-0.81278235,0.8365487,0.072571635,-0.5430651,-0.052210093,-0.9761193,-0.21086764
1356678148864,-0.6680862,0.23702455,-0.7053228,0.74358606,0.17800319,-0.64451116,-0.027215242,-0.9550572,-0.2951696
1356678148903,-0.7320092,0.24193646,-0.6368904,0.68123376,0.2474072,-0.6889922,-0.00912109,-0.93821985,-0.3459196
1356678148949,-0.7276137,0.24465385,-0.6408766,0.68598425,0.26217878,-0.6787399,0.001967907,-0.9334917,-0.35859358
1356678148985,-0.5989865,0.26666647,-0.7550523,0.80072314,0.20839679,-0.56161654,0.0075861514,-0.94098866,-0.33835292
1356678149028,-0.08380538,0.29365352,-0.9522312,0.99644125,0.033358872,-0.07740888,0.009033978,-0.95532966,-0.29540408
1356678149066,0.6781008,0.1790511,-0.71282536,0.7349289,-0.15507334,0.6601755,0.007664919,-0.97154146,-0.23674518
1356678149108,0.89023226,0.08275324,-0.44792673,0.45547217,-0.14958754,0.87759256,0.005619347,-0.98527944,-0.17085946
1356678149146,0.9299548,0.04285103,-0.3651682,0.36764252,-0.09541738,0.92505926,0.004796356,-0.99451464,-0.10448772
1356678149188,0.92770725,0.021983072,-0.3726607,0.37326086,-0.038669467,0.92692024,0.005965948,-0.99901026,-0.044079363
1356678149228,0.9046445,0.004925266,-0.42613858,0.42606884,0.011010081,0.90462375,0.009147346,-0.9999273,0.007861704
1356678149295,0.8564161,-0.013682425,-0.5161049,0.51611197,0.048656642,0.85513794,0.0134115815,-0.99872184,0.04873199
1356678149308,0.777671,-0.033263713,-0.627791,0.6283798,0.07154706,0.7746095,0.019150257,-0.9968825,0.07654229
1356678149344,0.6498871,-0.0518142,-0.7582625,0.7595696,0.079028726,0.6456071,0.026472926,-0.9955249,0.09071624
1356678149386,0.47513452,-0.06306851,-0.87765,0.8791766,0.074830145,0.47058362,0.035995662,-0.99519986,0.09100276
1356678149422,0.28012043,-0.06526306,-0.9577439,0.9588795,0.06645352,0.27592424,0.045637846,-0.9956529,0.0811944
1356678149462,0.11123839,-0.06060782,-0.99194396,0.9924822,0.058039576,0.10775247,0.051041394,-0.99647284,0.0666084
1356678149503,-0.006741047,-0.05235669,-0.9986056,0.9988291,0.04748583,-0.009232283,0.04790294,-0.99749875,0.05197537
1356678149544,-0.070103824,-0.0422391,-0.9966451,0.9968722,0.033580244,-0.07154292,0.036489516,-0.9985431,0.03975284
1356678149584,-0.08528727,-0.03159535,-0.9958552,0.99619603,0.015224695,-0.085799515,0.017872423,-0.9993847,0.0301767
1356678149623,-0.045439363,-0.023456275,-0.9986917,0.99896425,-0.0034529567,-0.045370698,-0.0023842752,-0.9997189,0.023588955
1356678149664,0.03812492,-0.02093026,-0.9990537,0.99900293,-0.022441268,0.038593113,-0.023227781,-0.99952906,0.020053834
1356678149703,0.16839209,-0.025368303,-0.98539364,0.9847919,-0.03904137,0.1692943,-0.042765886,-0.9989155,0.018408269
1356678149744,0.31272948,-0.033891767,-0.94923735,0.9478953,-0.052817583,0.3141732,-0.06078431,-0.9980289,0.015608221
1356678149783,0.44458863,-0.038366407,-0.89491284,0.892558,-0.06509575,0.44620946,-0.075374484,-0.99714124,0.0053034276
1356678149823,0.5237447,-0.023212045,-0.8515589,0.84783447,-0.083045155,0.52371764,-0.08287442,-0.9962754,-0.0238145
1356678149863,0.53723866,0.02563712,-0.8430406,0.8396965,-0.11020483,0.53175634,-0.079274416,-0.99357826,-0.0807337
1356678149902,0.482944,0.111549556,-0.8685169,0.8732756,-0.13436668,0.46833238,-0.064457566,-0.98463297,-0.16230506
1356678149943,0.38126683,0.21302524,-0.89958644,0.9233527,-0.13547051,0.35925964,-0.045336097,-0.9676094,-0.24834785
1356678149982,0.281492,0.29188538,-0.91409254,0.95906055,-0.116422236,0.2581642,-0.031066269,-0.9493413,-0.31270772
1356678150022,0.22534436,0.3272012,-0.9176923,0.97397393,-0.099231124,0.2037839,-0.024385303,-0.93973005,-0.34104663
1356678150062,0.22153339,0.31966162,-0.9212705,0.97489154,-0.09446618,0.20164958,-0.022569269,-0.942811,-0.33256286
1356678150102,0.25539806,0.27907217,-0.9256838,0.9665656,-0.09634027,0.23763308,-0.022863865,-0.95542514,-0.29434666
1356678150142,0.3050993,0.21819443,-0.9269874,0.9520264,-0.094073296,0.29119748,-0.023667067,-0.9713606,-0.23642853
1356678150182,0.351081,0.1508668,-0.9241111,0.9360587,-0.08095777,0.3424032,-0.023156703,-0.98523355,-0.16964296
1356678150222,0.38223138,0.088073164,-0.91985995,0.9238615,-0.057398707,0.37839845,-0.019472063,-0.9944589,-0.10330695
1356678150286,0.39533007,0.03571579,-0.9178445,0.91846085,-0.028417826,0.39448968,-0.011993647,-0.9989579,-0.044037938
1356678150302,0.39221257,-0.004791081,-0.91986215,0.91987145,-5.646944E-4,0.39221942,-0.00239864,-0.9999883,0.004185736
1356678150343,0.37804586,-0.03451729,-0.9251431,0.92575693,0.022127092,0.3774711,0.0074414313,-0.9991591,0.04031968
1356678150382,0.35491425,-0.053928763,-0.93334216,0.934754,0.03804642,0.3532528,0.016459882,-0.9978198,0.063913316
1356678150422,0.3239784,-0.06276432,-0.9439802,0.9457301,0.04801187,0.32138672,0.025150597,-0.9968729,0.074912935
1356678150481,0.28711653,-0.061619878,-0.95591164,0.95729554,0.053777397,0.28406566,0.033902377,-0.9966499,0.07442877
1356678150503,0.24880478,-0.053433537,-0.96707857,0.9677098,0.055383593,0.24590701,0.040420562,-0.99703425,0.06548792
1356678150543,0.21520767,-0.042639613,-0.975637,0.9757438,0.050435394,0.21302703,0.040123284,-0.9978168,0.05245936
1356678150580,0.19139063,-0.03268844,-0.9809695,0.98104805,0.037163436,0.1901676,0.03023988,-0.99877447,0.03918165
1356678150623,0.18001735,-0.025028586,-0.98334503,0.98359096,0.01671809,0.17963687,0.0119436085,-0.999547,0.027627409
1356678150662,0.18285292,-0.020513296,-0.98292625,0.9830886,-0.006437123,0.18301749,-0.0100815,-0.99976885,0.018989325
1356678150702,0.20016581,-0.02005583,-0.97955674,0.9792335,-0.028740585,0.20068818,-0.032177985,-0.99938565,0.013886452
1356678150743,0.23109749,-0.023878247,-0.97263753,0.9715159,-0.048226446,0.23201495,-0.05244696,-0.99855095,0.012053102
1356678150782,0.27209938,-0.030852169,-0.96177435,0.95968616,-0.06448132,0.27357706,-0.07045695,-0.99744177,0.012063116
1356678150822,0.31666097,-0.03703475,-0.9478155,0.94464535,-0.078130096,0.31865466,-0.08585423,-0.99625504,0.010243952
1356678150862,0.35409105,-0.03335777,-0.93461585,0.9301505,-0.091260195,0.3556565,-0.09715715,-0.9952682,-0.0012866557
1356678150902,0.37006807,-0.005622059,-0.9289876,0.92346895,-0.10677552,0.3685158,-0.10126498,-0.99426717,-0.03432238
1356678150942,0.3502395,0.058627814,-0.93482363,0.9318552,-0.12277284,0.34142756,-0.09475377,-0.99070156,-0.09763256
1356678150982,0.2897629,0.1549117,-0.94447863,0.9539396,-0.12685311,0.27185935,-0.07769588,-0.97975034,-0.18453377
1356678151022,0.20486543,0.2540591,-0.9452429,0.9771806,-0.108448595,0.18263888,-0.05610922,-0.9610894,-0.270479
1356678151062,0.12547252,0.32379234,-0.9377714,0.99141896,-0.07586679,0.106455326,-0.036676228,-0.9430815,-0.3305331
1356678151102,0.07280499,0.3513056,-0.9334259,0.99712276,-0.045449734,0.060667664,-0.021111041,-0.93515706,-0.35360378
1356678151142,0.051818818,0.34015775,-0.9389396,0.9986234,-0.02530232,0.04594618,-0.008128434,-0.9400279,-0.34100068
1356678151182,0.05666402,0.29997176,-0.9522637,0.99838954,-0.014395982,0.054873884,0.0027517974,-0.9538395,-0.30030435
1356678151222,0.07757047,0.24164543,-0.96725917,0.99692357,-0.007869095,0.07798353,0.011232942,-0.97033274,-0.24151242
1356678151284,0.10539487,0.17508093,-0.9788966,0.99427664,-0.0012396276,0.10682911,0.017490238,-0.9845533,-0.17420948
1356678151304,0.13145244,0.1092917,-0.98527944,0.9910799,0.0074988008,0.13305819,0.021930575,-0.9939815,-0.10733107
1356678151344,0.15084946,0.049803376,-0.98730135,0.98825526,0.017066061,0.1518561,0.024412245,-0.99861324,-0.046644002
1356678151384,0.16045633,-2.4122E-4,-0.9870429,0.98673874,0.024863273,0.16040081,0.024502397,-0.99969083,0.004227519
1356678151424,0.15939322,-0.039312452,-0.9864321,0.98696005,0.0290595,0.15832037,0.022441238,-0.9988043,0.0434317
1356678151464,0.14638597,-0.06582889,-0.9870348,0.98902726,0.029814422,0.14469302,0.019902915,-0.9973854,0.06947097
1356678151505,0.12140858,-0.07872215,-0.9894761,0.99241626,0.028946996,0.119466335,0.019237757,-0.9964763,0.0816395
1356678151544,0.08710605,-0.07891852,-0.9930682,0.9959639,0.028561115,0.08509037,0.02164796,-0.9964719,0.08108777
1356678151584,0.049408108,-0.07017279,-0.9963105,0.9984598,0.028674513,0.047495037,0.025235862,-0.99712265,0.07148144
1356678151624,0.015509725,-0.057627052,-0.9982177,0.9995642,0.025972605,0.014031261,0.025117755,-0.99800026,0.058004737
1356678151664,-0.0093204975,-0.044911474,-0.9989475,0.99981534,0.01636684,-0.010064423,0.016801625,-0.99885684,0.0447506
1356678151702,-0.022317648,-0.033362567,-0.9991941,0.9997509,-9.11057E-4,-0.022299707,-1.6641617E-4,-0.9994429,0.033374608
1356678151742,-0.021398067,-0.023845375,-0.99948657,0.9995232,-0.022769094,-0.020855635,-0.02226004,-0.9994563,0.024321169
1356678151782,-0.004436314,-0.017732173,-0.999833,0.99896884,-0.045257747,-0.0036298633,-0.045185804,-0.998818,0.017914623
1356678151822,0.029954731,-0.016144216,-0.9994209,0.99734575,-0.06590241,0.030957073,-0.06636405,-0.99769545,0.014127225
1356678151862,0.08159375,-0.019106984,-0.9964825,0.9930396,-0.08365011,0.08291581,-0.084940165,-0.996312,0.012148619
1356678151902,0.14718217,-0.024268866,-0.9888116,0.9839865,-0.098021924,0.14886978,-0.100538135,-0.9948883,0.009453177
1356678151942,0.21769655,-0.02462688,-0.97570586,0.96959305,-0.109046936,0.21908504,-0.11179307,-0.99373156,1.3884902E-4
1356678151982,0.27662495,-0.007568389,-0.9609482,0.9540235,-0.11792281,0.27556032,-0.115403205,-0.992994,-0.025400013
1356678152022,0.30429676,0.04026127,-0.9517261,0.9465279,-0.12519923,0.2973384,-0.10718417,-0.9913144,-0.07620612
1356678152062,0.2873677,0.12192398,-0.9500286,0.9539836,-0.12512296,0.27250606,-0.08564538,-0.9846211,-0.15226978
1356678152102,0.23311302,0.21822315,-0.94764817,0.97083527,-0.10835382,0.21386534,-0.056010872,-0.969865,-0.23711747
1356678152142,0.17128918,0.29690257,-0.9394194,0.9848381,-0.078172535,0.15486425,-0.027457207,-0.95170265,-0.30579108
1356678152182,0.13297576,0.33790714,-0.9317383,0.9911043,-0.050510943,0.123129904,-0.0054564476,-0.9398231,-0.34161794
1356678152222,0.13202995,0.33953148,-0.93128216,0.99120134,-0.03633201,0.12727872,0.009379774,-0.93989277,-0.34134096
1356678152284,0.16634816,0.30817056,-0.9366746,0.9859123,-0.035149455,0.1635282,0.017471045,-0.95068157,-0.30967623
1356678152304,0.2229296,0.25349766,-0.94129765,0.97464496,-0.03891647,0.2203469,0.019225419,-0.96655285,-0.25574586
1356678152344,0.28768885,0.18502888,-0.9396806,0.957592,-0.039289236,0.2854363,0.015894681,-0.9819474,-0.1884853
1356678152384,0.3452629,0.11425924,-0.93152463,0.9384521,-0.031401664,0.34397876,0.01005128,-0.9929545,-0.118068635
1356678152424,0.38761848,0.049478173,-0.9204911,0.921811,-0.016407311,0.38729236,0.004059732,-0.9986404,-0.05196932
1356678152464,0.41136658,-0.0042774975,-0.9114599,0.9114698,0.0014590025,0.4113643,-4.298091E-4,-0.99998975,0.0044989884
1356678152504,0.4169296,-0.044867396,-0.9078307,0.9089357,0.017983854,0.41654822,-0.0023631155,-0.99883103,0.048279583
1356678152544,0.4060304,-0.071547,-0.91105455,0.9138591,0.030749828,0.40486547,-9.52065E-4,-0.99696314,0.07786921
1356678152582,0.38111216,-0.08441362,-0.92066705,0.9245188,0.03941703,0.3790925,0.0042893887,-0.9956508,0.09306425
1356678152622,0.3458036,-0.08496714,-0.93445194,0.9382224,0.044677347,0.34313646,0.012593538,-0.9953816,0.09516764
1356678152662,0.30582514,-0.0767847,-0.94898635,0.95186543,0.046192795,0.30301535,0.020569384,-0.99597704,0.08721563
1356678152702,0.2680327,-0.06471595,-0.96123374,0.9631381,0.04169163,0.26575682,0.02287671,-0.9970324,0.0735051
1356678152742,0.23818481,-0.052693993,-0.96978927,0.9710922,0.029110014,0.23692313,0.015746146,-0.99818635,0.058104247
1356678152782,0.21997309,-0.042580664,-0.9745762,0.9755059,0.009290576,0.21977696,-3.0386448E-4,-0.9990498,0.043581367
1356678152822,0.2161595,-0.03534454,-0.9757181,0.97612494,-0.014013261,0.21675718,-0.021334171,-0.9992769,0.03147161
1356678152862,0.22893485,-0.031861037,-0.9729202,0.97249067,-0.03668192,0.23003504,-0.043017775,-0.9988189,0.022586823
1356678152902,0.2589005,-0.032475322,-0.9653579,0.9638624,-0.056259364,0.26039198,-0.06276679,-0.99788785,0.01673621
1356678152942,0.30419454,-0.036438912,-0.95191276,0.94927204,-0.071983606,0.30610615,-0.07967627,-0.9967399,0.012693405
1356678152982,0.3592579,-0.04086119,-0.93234336,0.92854875,-0.0843772,0.36149368,-0.09343958,-0.9955957,0.007628441
1356678153027,0.4134101,-0.038081437,-0.9097483,0.90471756,-0.09567663,0.415129,-0.10285035,-0.9946838,-0.005100742
1356678153062,0.45477352,-0.018158227,-0.890422,0.8843155,-0.109424084,0.45388612,-0.10567537,-0.99382925,-0.033705562
1356678153102,0.4651533,0.0335145,-0.8845955,0.87979764,-0.1280398,0.45777947,-0.09792113,-0.99120265,-0.08904414
1356678153142,0.43575248,0.120277435,-0.89199394,0.89665794,-0.1441777,0.41858983,-0.07825869,-0.9822149,-0.17067352
1356678153182,0.3710687,0.22515234,-0.90089655,0.92721283,-0.14294824,0.34618244,-0.050837725,-0.96378016,-0.26180777
1356678153222,0.29641908,0.31543645,-0.90146303,0.9547564,-0.12158936,0.27139696,-0.02399981,-0.9411248,-0.33720636
1356678153284,0.24189441,0.367944,-0.8978331,0.970297,-0.09486754,0.2225397,-0.0032930672,-0.9249959,-0.37996292
1356678153322,0.22206685,0.37909156,-0.8983184,0.97496814,-0.075832695,0.2090134,0.011113316,-0.92224675,-0.38644212
1356678153343,0.2353157,0.3552018,-0.9046868,0.97169983,-0.06621592,0.22674826,0.020636708,-0.9324415,-0.36073118
1356678153383,0.27067363,0.305464,-0.9129225,0.96232617,-0.060470164,0.26508802,0.025770277,-0.95028156,-0.3103237
1356678153420,0.31387132,0.24064705,-0.91846275,0.9490833,-0.052075163,0.31069127,0.026937842,-0.9692148,-0.24473897
1356678153463,0.3541363,0.17020237,-0.9195752,0.93485546,-0.037982047,0.35299084,0.025152504,-0.98467684,-0.17256546
1356678153502,0.3826677,0.10326794,-0.9180965,0.9236258,-0.019174725,0.38281545,0.02192825,-0.9944687,-0.10271844
1356678153542,0.39694905,0.044808626,-0.91674626,0.9176554,6.902814E-4,0.39737648,0.018438727,-0.99899536,-0.040844887
1356678153582,0.39705706,-0.0030079782,-0.91778904,0.91766334,0.018173218,0.3969431,0.015485227,-0.99983037,0.009976119
1356678153622,0.3844569,-0.0392299,-0.92230904,0.9230399,0.03126821,0.38343158,0.013797015,-0.9987409,0.04823202
1356678153662,0.36081427,-0.06285757,-0.9305171,0.93252856,0.039582014,0.35892045,0.0142709315,-0.9972373,0.07289821
1356678153702,0.3281564,-0.07331404,-0.941774,0.944458,0.044117033,0.32565728,0.017672986,-0.99633265,0.0837194
1356678153742,0.28987962,-0.07208866,-0.9543443,0.95677716,0.04620272,0.28712857,0.023394555,-0.9963275,0.08236599
1356678153782,0.2508237,-0.063358456,-0.96595716,0.9676274,0.04528752,0.24828687,0.02801472,-0.9969628,0.072666556
1356678153822,0.21555558,-0.052348465,-0.9750874,0.9761373,0.038447767,0.2137236,0.026301831,-0.9978885,0.05938694
1356678153862,0.18644497,-0.042586625,-0.981542,0.98234993,0.023400098,0.18558323,0.015064865,-0.99881876,0.046197742
1356678153902,0.16376495,-0.035167813,-0.9858723,0.9864898,0.001422584,0.16381675,-0.0043585896,-0.9993804,0.03492564
1356678153943,0.14724496,-0.030299246,-0.9886358,0.98871845,-0.023252696,0.14796987,-0.02747187,-0.9992703,0.026533633
1356678153982,0.13674599,-0.028235942,-0.9902037,0.98933697,-0.046691537,0.13795769,-0.050129473,-0.99851024,0.02154997
