1356677745704,-0.95302314,0.10573024,-0.28384486,0.28211403,-0.03129828,-0.95887023,-0.11026544,-0.99390215,5.9604645E-8
1356677745753,0.8446778,-0.093677044,-0.52701426,0.5237949,-0.0581628,0.8498565,-0.110264674,-0.9939023,-6.126985E-5
1356677745796,0.8445526,-0.09345238,-0.52725476,0.52399576,-0.058533967,0.84970707,-0.11026949,-0.99390155,-4.6634674E-4
1356677745832,0.8443181,-0.09282884,-0.52774024,0.5243627,-0.059635043,0.8494041,-0.11032106,-0.9938946,-0.0016749464
1356677745868,0.8442329,-0.09179929,-0.52805644,0.5244694,-0.061564,0.84920067,-0.1104653,-0.9938726,-0.0038284399
1356677745909,0.8445964,-0.090485334,-0.52770185,0.5238433,-0.064049274,0.84940326,-0.11065745,-0.99383605,-0.0066956617
1356677745954,0.8454628,-0.0888595,-0.52658963,0.52243763,-0.06675196,0.8500607,-0.11068684,-0.99380493,-0.010012746
1356677745993,0.8465116,-0.08662808,-0.5252749,0.52083796,-0.06949386,0.85082215,-0.110208526,-0.99381393,-0.013708148
1356677746035,0.8469636,-0.08307801,-0.5251197,0.5204291,-0.07230836,0.8508378,-0.108656466,-0.9939163,-0.018006328
1356677746073,0.8457524,-0.07700497,-0.52798957,0.5231227,-0.0752385,0.8489297,-0.10509698,-0.9941878,-0.023350094
1356677746119,0.8418324,-0.06719597,-0.53553987,0.53065187,-0.07826376,0.84396887,-0.09862468,-0.9946655,-0.030227304
1356677746153,0.83325404,-0.051227048,-0.550512,0.54590106,-0.08159256,0.8338673,-0.08763425,-0.99534833,-0.040022433
1356677746193,0.81834614,-0.027216703,-0.5740809,0.57032263,-0.0849499,0.81701636,-0.07100457,-0.9960135,-0.05399614
1356677746235,0.7947996,0.0069638193,-0.60683197,0.6050222,-0.08710543,0.7914296,-0.04734701,-0.99617475,-0.073444635
1356677746272,0.7671694,0.04564652,-0.6398183,0.64112127,-0.0862306,0.76257974,-0.020362794,-0.99522895,-0.09541843
1356677746315,0.73548204,0.08835411,-0.67175865,0.67747366,-0.08159088,0.73100775,0.009778112,-0.9927419,-0.11986621
1356677746348,0.7077307,0.12895095,-0.6946142,0.70539516,-0.07445752,0.7048927,0.03917733,-0.9888517,-0.14365725
1356677746382,0.6853935,0.16611916,-0.70897114,0.72511375,-0.066550374,0.6854058,0.066676766,-0.98385745,-0.16606848
1356677746432,0.669554,0.1996974,-0.7154149,0.7370839,-0.059755385,0.67315423,0.09167731,-0.9780339,-0.18720323
1356677746474,0.66000277,0.23000795,-0.7151872,0.74257827,-0.055397145,0.6674644,0.11390278,-0.9716108,-0.20736118
1356677746513,0.6529126,0.25888216,-0.7118183,0.74543643,-0.053023607,0.6644646,0.1342749,-0.9644525,-0.22759998
1356677746550,0.6462424,0.28700572,-0.70710576,0.7475379,-0.05171805,0.66220266,0.1534858,-0.9565317,-0.24797004
1356677746591,0.63598096,0.31568348,-0.7041818,0.7521558,-0.04948482,0.6571246,0.17259702,-0.94757324,-0.26891458
1356677746666,0.6206524,0.3449514,-0.70413005,0.7602438,-0.04497814,0.648079,0.19188529,-0.93754226,-0.29016295
1356677746671,0.5986861,0.37484786,-0.7078588,0.77255917,-0.036894977,0.6338699,0.2114883,-0.9263519,-0.31168064
1356677746706,0.57033324,0.40446925,-0.7149298,0.7883073,-0.024909794,0.61477727,0.23084977,-0.9142123,-0.33305296
1356677746751,0.537162,0.43257648,-0.72410953,0.8059071,-0.009844724,0.5919602,0.24893935,-0.9015435,-0.3539046
1356677746791,0.50418043,0.4564162,-0.7331346,0.8224878,0.005030185,0.56876063,0.26327935,-0.88975227,-0.37286058
1356677746834,0.4791199,0.47248888,-0.73972857,0.83497465,0.014537867,0.5500964,0.2706685,-0.88121676,-0.3875509
1356677746874,0.47153112,0.47652775,-0.74201053,0.8400975,0.013101667,0.54227716,0.26813167,-0.87906176,-0.39415193
1356677746910,0.48276937,0.46794057,-0.74024683,0.8369684,0.0022117458,0.5472467,0.25771618,-0.8837571,-0.39058372
1356677746950,0.5227573,0.43998718,-0.7301617,0.8186567,-0.020226322,0.5739269,0.23775204,-0.89777625,-0.3707719
1356677746993,0.5804818,0.39519823,-0.7119404,0.7863033,-0.04486394,0.6162097,0.21158454,-0.9174996,-0.33678836
1356677747036,0.6570353,0.3279395,-0.67879325,0.73275363,-0.066244364,0.67726195,0.17713475,-0.9423733,-0.2838238
1356677747075,0.7256621,0.25418365,-0.6393788,0.6734927,-0.07225779,0.7356537,0.14079103,-0.9644529,-0.22362557
1356677747109,0.7840558,0.17826283,-0.5945409,0.61192596,-0.06160128,0.78851247,0.103938,-0.9820528,-0.1573825
1356677747152,0.82551825,0.10999824,-0.55355215,0.5598965,-0.036295976,0.82776713,0.07096121,-0.99326885,-0.091550626
1356677747192,0.8501652,0.055735216,-0.52355784,0.52453554,-0.0034881495,0.8513814,0.04562567,-0.99843955,-0.032200597
1356677747231,0.8615933,0.016445994,-0.50733274,0.50675786,0.029654197,0.8615782,0.02921407,-0.99942493,0.017215729
1356677747268,0.8637106,-0.010512054,-0.5038785,0.5035706,0.05868662,0.86195856,0.020509958,-0.9982211,0.055981815
1356677747313,0.85954165,-0.028910384,-0.51024735,0.5107816,0.0818814,0.8558023,0.017038167,-0.9962226,0.08514738
1356677747349,0.8511095,-0.041842178,-0.52331805,0.5247295,0.09909088,0.845482,0.016479224,-0.9941982,0.10629302
1356677747389,0.83953005,-0.05110894,-0.54090405,0.54303813,0.11061257,0.83239084,0.017288208,-0.99254864,0.120616674
1356677747437,0.8251469,-0.056994587,-0.5620357,0.56459737,0.116720825,0.81707156,0.019032568,-0.99152803,0.12849084
1356677747473,0.8074405,-0.058761686,-0.5870153,0.5895288,0.11792168,0.7990935,0.022265762,-0.9912828,0.12985644
1356677747520,0.78530633,-0.055203736,-0.6166413,0.61847395,0.114996165,0.7773454,0.027999014,-0.9918308,0.12444928
1356677747555,0.7590661,-0.047227442,-0.64929825,0.650049,0.109257996,0.7519967,0.0354262,-0.9928909,0.11363417
1356677747594,0.7299697,-0.035476595,-0.6825582,0.682163,0.09977132,0.7243613,0.04240185,-0.99437773,0.09703088
1356677747668,0.7030209,-0.024382293,-0.7107511,0.7097314,0.08757307,0.69900805,0.045199215,-0.9958597,0.07887058
1356677747671,0.6822587,-0.0153847635,-0.7309489,0.7299582,0.070451915,0.6798511,0.04103741,-0.9973965,0.059296653
1356677747704,0.67087734,-0.008226842,-0.74152267,0.740862,0.051065996,0.66971314,0.032356977,-0.9986614,0.04035397
1356677747756,0.66961735,-0.0023278892,-0.7427026,0.7424245,0.029640958,0.6692737,0.020456403,-0.9995579,0.02157639
1356677747788,0.682515,0.0025596023,-0.73086715,0.7308113,0.010454088,0.6824995,0.009387463,-0.99994206,0.005264476
1356677747830,0.7038684,0.006288737,-0.7103026,0.71033037,-0.0065627247,0.7038379,-2.3522973E-4,-0.99995875,-0.009086385
1356677747872,0.73431444,0.009391278,-0.67874455,0.67876554,-0.02153331,0.73403925,-0.00772205,-0.999724,-0.022186697
1356677747909,0.76752824,0.014384359,-0.64085364,0.6409104,-0.035291113,0.7668041,-0.0115864575,-0.99927354,-0.036306
1356677747948,0.7955277,0.027270675,-0.6053032,0.60586184,-0.049309008,0.7940403,-0.008192897,-0.9984112,-0.055748947
1356677747991,0.80939925,0.057752907,-0.58441204,0.58719605,-0.06505066,0.8068266,0.008580208,-0.99620926,-0.08656424
1356677748041,0.8004337,0.11590828,-0.5881081,0.5977401,-0.08091283,0.79759634,0.04486257,-0.98995876,-0.1340484
1356677748071,0.7633081,0.20015216,-0.6142473,0.63844436,-0.08838785,0.76457596,0.098739535,-0.97576976,-0.19525318
1356677748114,0.70057416,0.29397765,-0.65020996,0.6955254,-0.07764596,0.7142937,0.15950018,-0.9526533,-0.25886565
1356677748150,0.6303449,0.3712205,-0.6818068,0.74707043,-0.051276326,0.6627643,0.2110711,-0.92712784,-0.30964962
1356677748191,0.57479286,0.41544145,-0.70499754,0.7813682,-0.022744864,0.6236557,0.24305734,-0.9093355,-0.33768633
1356677748230,0.5464481,0.42442545,-0.7219817,0.7978207,-0.001626078,0.6028927,0.254709,-0.9054615,-0.33950397
1356677748274,0.544428,0.4034128,-0.73542935,0.80070984,0.01128754,0.598946,0.24992366,-0.91494846,-0.31687137
1356677748312,0.56668127,0.35533327,-0.74337786,0.79118985,0.017157614,0.6113299,0.22998047,-0.93458223,-0.27141318
1356677748350,0.5924758,0.29496294,-0.7496461,0.77995104,0.0228628,0.62542284,0.20161557,-0.9552351,-0.21651101
1356677748389,0.62160575,0.22585395,-0.7500642,0.7653909,0.02863025,0.6429285,0.16668248,-0.97374034,-0.15506983
1356677748432,0.64378697,0.15635544,-0.7490603,0.7539304,0.037811577,0.65586525,0.13087124,-0.9869768,-0.09353852
1356677748466,0.65367794,0.09386179,-0.7509295,0.75019157,0.05020936,0.6593114,0.0995878,-0.99431825,-0.03759356
1356677748509,0.64979607,0.042493403,-0.75891984,0.7562932,0.06376882,0.65111756,0.0760636,-0.9970596,0.009299263
1356677748549,0.6331746,0.0031829476,-0.77400243,0.7715947,0.07632561,0.63151884,0.061086297,-0.9970778,0.045871496
1356677748591,0.6054896,-0.024723083,-0.79546905,0.794026,0.086456925,0.6017041,0.053897828,-0.9959488,0.07197954
1356677748665,0.5687922,-0.041992843,-0.8214085,0.8207342,0.09403734,0.5635178,0.05357936,-0.99468267,0.08795267
1356677748668,0.52476907,-0.049509436,-0.8498037,0.8491957,0.09967072,0.51858693,0.059025615,-0.99378806,0.09434731
1356677748704,0.47640154,-0.049319714,-0.87784344,0.8766171,0.10352817,0.46991953,0.06770527,-0.99340296,0.09255549
1356677748745,0.42779016,-0.0432097,-0.90284467,0.9006586,0.10460824,0.42174783,0.07622141,-0.9935744,0.08366758
1356677748785,0.3830365,-0.03406343,-0.923105,0.9202404,0.10089201,0.37812483,0.08025375,-0.9943141,0.06999186
1356677748825,0.34567887,-0.023877114,-0.938049,0.9351921,0.09074974,0.34231615,0.076954186,-0.99558747,0.05369994
1356677748865,0.31793827,-0.013549,-0.9480146,0.94578826,0.07448602,0.31612706,0.06633058,-0.99713004,0.03649646
1356677748905,0.30148998,-0.0036361814,-0.95346236,0.95213646,0.0540047,0.30086473,0.050397396,-0.9985341,0.019744039
1356677748949,0.29777437,0.0049909353,-0.9546232,0.95410836,0.031696737,0.2977795,0.03174469,-0.9994851,0.0046765804
1356677748987,0.30751425,0.011569977,-0.95147306,0.9514604,0.009468675,0.3076253,0.012568355,-0.9998882,-0.008096606
1356677749029,0.3305075,0.016074747,-0.94366646,0.943789,-0.011146039,0.33036062,-0.005207628,-0.99980867,-0.018855035
1356677749068,0.36343253,0.020561457,-0.93139356,0.93141323,-0.029107034,0.3627976,-0.01965046,-0.99936473,-0.029729635
1356677749107,0.40151802,0.03013122,-0.9153553,0.9154513,-0.042734414,0.40015337,-0.027060032,-0.99863195,-0.044742316
1356677749149,0.42490563,0.059665978,-0.9032692,0.90506893,-0.047267824,0.42262992,-0.017478913,-0.9970987,-0.07408622
1356677749184,0.42730778,0.11097738,-0.8972692,0.90404344,-0.040760145,0.42549244,0.010647178,-0.9929867,-0.11774549
1356677749227,0.38955194,0.18668681,-0.9018854,0.9189761,-0.013833582,0.39407045,0.061091423,-0.98232204,-0.17694959
1356677749267,0.32447177,0.26451457,-0.9081576,0.93824756,0.031839952,0.3444963,0.12003997,-0.9638559,-0.23784897
1356677749306,0.26277167,0.3186924,-0.9107064,0.9502632,0.07806903,0.30150467,0.16718516,-0.9446377,-0.2823273
1356677749347,0.2306902,0.3404258,-0.91153294,0.95353633,0.10747196,0.2814574,0.19377953,-0.9341092,-0.2998156
1356677749387,0.233788,0.3345422,-0.91292095,0.95117,0.115934655,0.28606772,0.20154095,-0.93522227,-0.29110247
1356677749427,0.2759807,0.30430117,-0.9117211,0.9417056,0.104290664,0.31986573,0.1924195,-0.9468497,-0.2577799
1356677749467,0.34557348,0.25562614,-0.9029032,0.9228069,0.08205639,0.37642285,0.1703125,-0.9632871,-0.20753708
1356677749508,0.42754394,0.1948092,-0.8827545,0.8930795,0.060265526,0.44584423,0.14005417,-0.978988,-0.14821392
1356677749547,0.5046029,0.13016444,-0.85348296,0.85659647,0.0479403,0.51375514,0.10778889,-0.9903328,-0.0873076
1356677749585,0.5627663,0.07064861,-0.82359135,0.8228117,0.04760185,0.5663169,0.07921395,-0.9963648,-0.03134179
1356677749654,0.5973267,0.021528035,-0.80170906,0.7999462,0.05546838,0.5975027,0.057332605,-0.9982283,0.015911445
1356677749666,0.6100788,-0.0161829,-0.7921754,0.79119986,0.06607537,0.6079776,0.04250446,-0.9976834,0.053115085
1356677749705,0.60501444,-0.043661386,-0.7950164,0.7955109,0.07511498,0.60126543,0.033465534,-0.99621856,0.08017875
1356677749744,0.58675563,-0.06132236,-0.80743873,0.80921507,0.081113026,0.5818862,0.029811114,-0.99481666,0.09721653
1356677749785,0.5570979,-0.06946984,-0.82753605,0.8298501,0.08434169,0.55157536,0.03147793,-0.9940123,0.10463612
1356677749825,0.51910555,-0.06922597,-0.85190207,0.8538962,0.085491076,0.5133736,0.03729117,-0.99393106,0.10349071
1356677749868,0.47742632,-0.06276682,-0.87642705,0.8775753,0.08387658,0.4720448,0.043882906,-0.9944973,0.09512752
1356677749907,0.43785828,-0.053047717,-0.8974776,0.89783627,0.07752627,0.43345085,0.046584517,-0.99557805,0.081573725
1356677749964,0.40534487,-0.042176604,-0.91319036,0.91317725,0.065078765,0.4023333,0.042460233,-0.9969884,0.06489408
1356677749983,0.382985,-0.03103292,-0.92323315,0.92321694,0.04695177,0.38140002,0.031511456,-0.998415,0.046631932
1356677750023,0.37326893,-0.020281494,-0.92750144,0.9275818,0.025615185,0.37274113,0.016198367,-0.9994662,0.028374076
1356677750060,0.37807345,-0.010903001,-0.9257114,0.9257755,0.00412482,0.37805104,-3.0353665E-4,-0.99993205,0.0116532445
1356677750103,0.3973736,-0.003679663,-0.9176495,0.91752017,-0.015670508,0.39738044,-0.015842319,-0.9998704,-0.0028508604
1356677750143,0.4303576,0.0011144578,-0.9026578,0.9021925,-0.032660693,0.4300954,-0.02900213,-0.9994658,-0.015061259
1356677750187,0.47220612,0.004634708,-0.88147604,0.88062954,-0.04660821,0.47150758,-0.038898677,-0.99890256,-0.026090175
1356677750224,0.51566666,0.011004657,-0.85671866,0.85569084,-0.05723262,0.51431286,-0.043372422,-0.9983002,-0.038929537
1356677750264,0.5448929,0.031128556,-0.83792764,0.83772993,-0.063186035,0.542417,-0.03606063,-0.9975162,-0.060506955
1356677750303,0.5470726,0.07338852,-0.83386195,0.83699405,-0.062656,0.5436131,-0.012351483,-0.9953333,-0.095703125
1356677750344,0.5040266,0.14461935,-0.85149425,0.8630947,-0.047797367,0.5027753,0.032011867,-0.9883323,-0.14891139
1356677750384,0.41460186,0.23242915,-0.8798193,0.9054116,-0.008362994,0.42445257,0.09129724,-0.97257745,-0.21391135
1356677750424,0.30777478,0.30632845,-0.9007983,0.93984616,0.049588934,0.33797964,0.14820242,-0.9506334,-0.2726394
1356677750465,0.21702051,0.34990272,-0.9113014,0.95740104,0.10587633,0.2686511,0.19048703,-0.9307836,-0.31201994
1356677750504,0.15776776,0.36225218,-0.91863084,0.9642702,0.14397697,0.22238168,0.21281993,-0.92089295,-0.32659405
1356677750544,0.14359802,0.34696168,-0.92682105,0.96586853,0.1548813,0.20762873,0.21558648,-0.92500234,-0.31287873
1356677750583,0.16380562,0.31135172,-0.9360703,0.9650523,0.1461788,0.21749854,0.20455214,-0.9389844,-0.2765258
1356677750664,0.22221005,0.25497288,-0.94106936,0.9581494,0.12155855,0.25917807,0.18047836,-0.95927703,-0.21729052
1356677750666,0.28229153,0.19246852,-0.9398231,0.94712853,0.099827394,0.30492973,0.15250951,-0.97621226,-0.15411198
1356677750704,0.34074593,0.12946755,-0.9311984,0.93196493,0.08394189,0.35269716,0.123829424,-0.98802435,-0.092056364
1356677750743,0.38772595,0.07085985,-0.919047,0.9165472,0.0763973,0.39256164,0.098029494,-0.9945563,-0.03532517
1356677750783,0.41388452,0.021646708,-0.91007197,0.9069462,0.0763042,0.4142779,0.07841009,-0.99684954,0.0119487345
1356677750822,0.418081,-0.016315818,-0.9082632,0.9060097,0.08012092,0.41560435,0.06598994,-0.99665153,0.048279345
1356677750862,0.40403506,-0.04388523,-0.9136902,0.91278327,0.08469799,0.39956594,0.05985269,-0.99543977,0.07427865
1356677750902,0.3768705,-0.062556535,-0.92415106,0.9244096,0.08853465,0.37098297,0.05861196,-0.99410677,0.091193974
1356677750942,0.34084877,-0.073156536,-0.9372674,0.9380943,0.091848224,0.3339805,0.061653465,-0.9930821,0.0999341
1356677750982,0.29923633,-0.07598576,-0.9511486,0.9516897,0.09572372,0.29175928,0.068877846,-0.9925034,0.10095891
1356677751022,0.25531003,-0.07169202,-0.9641975,0.9636347,0.10024539,0.24770728,0.078897685,-0.99237645,0.09467858
1356677751062,0.21302584,-0.061935097,-0.97508156,0.9730977,0.103084534,0.20604467,0.0877544,-0.9927424,0.0822286
1356677751102,0.17633343,-0.04889351,-0.98311543,0.98015994,0.10056442,0.17080194,0.090515345,-0.99372846,0.065656334
1356677751142,0.1480763,-0.034181595,-0.9883851,0.98534775,0.09062773,0.14448705,0.0846363,-0.99529815,0.047100574
1356677751183,0.13018382,-0.018806875,-0.99131143,0.98892015,0.07439989,0.12845829,0.07133755,-0.9970511,0.028284162
1356677751223,0.12482506,-0.004099071,-0.99217033,0.99069965,0.055098355,0.12441242,0.05415702,-0.9984726,0.010938615
1356677751263,0.13363296,0.008528352,-0.9909942,0.99037844,0.03513038,0.13385224,0.03595555,-0.9993464,-0.0037516952
1356677751303,0.15769157,0.01814127,-0.98732173,0.9873121,0.015996963,0.15798402,0.018660188,-0.99970746,-0.015388519
1356677751344,0.19467384,0.024908543,-0.9805517,0.9808638,-0.0020097494,0.19468471,0.0028786361,-0.9996877,-0.02482313
1356677751383,0.24200928,0.031209588,-0.96977186,0.970227,-0.017614722,0.24155599,-0.009543419,-0.99935764,-0.034543276
1356677751423,0.28530672,0.044420034,-0.9574064,0.95833504,-0.027743608,0.28429627,-0.01393351,-0.99862766,-0.050484687
1356677751463,0.3049124,0.07642791,-0.94930875,0.9523761,-0.027422845,0.30368978,-0.0028223991,-0.99669784,-0.0811497
1356677751503,0.2767287,0.1355361,-0.95134175,0.9604986,-0.0087349415,0.27814773,0.029389143,-0.99073386,-0.13259941
1356677751543,0.19319916,0.21248832,-0.9578742,0.97792256,0.037534773,0.20556936,0.079634696,-0.97644246,-0.20054549
1356677751584,0.08366725,0.27834663,-0.95682955,0.9877814,0.10352698,0.116490215,0.13148233,-0.9548849,-0.2662838
1356677751665,-0.014961332,0.3159267,-0.9486656,0.98522913,0.16652372,0.039918125,0.17058656,-0.93405575,-0.31375158
1356677751665,-0.091355026,0.32488975,-0.94132936,0.9771751,0.21130306,-0.021904796,0.19178915,-0.9218447,-0.3367778
1356677751690,-0.13618219,0.3167324,-0.9386879,0.97037303,0.23352587,-0.061982572,0.19957602,-0.9193184,-0.33915067
1356677751731,-0.12513492,0.28961292,-0.94892865,0.9737536,0.21913025,-0.061530054,0.19011909,-0.9317222,-0.30943245
1356677751773,-0.079848915,0.24793017,-0.96548164,0.98238456,0.18373945,-0.034063637,0.16895166,-0.95119417,-0.2582342
1356677751812,-0.008820683,0.19547379,-0.98066926,0.9899956,0.1398181,0.018964946,0.1408225,-0.97069097,-0.19475144
1356677751852,0.075333446,0.135838,-0.98786277,0.9909202,0.10044244,0.08937818,0.111364305,-0.9856264,-0.12703794
1356677751893,0.15232655,0.075200975,-0.98546517,0.98459655,0.07504228,0.1579189,0.08582726,-0.9943408,-0.06261176
1356677751933,0.20152694,0.021037608,-0.979257,0.9771824,0.06416494,0.20247847,0.06709361,-0.99771756,-0.0076266527
1356677751972,0.21540642,-0.022388518,-0.9762678,0.97494406,0.061785758,0.2136974,0.055535078,-0.99783826,0.03513664
1356677752012,0.19684637,-0.054026455,-0.97894466,0.9791349,0.062221766,0.19345075,0.05046022,-0.996599,0.06514731
1356677752052,0.15339074,-0.07377571,-0.9854077,0.9868298,0.06326935,0.14887518,0.051362723,-0.9952658,0.08250904
1356677752092,0.0946902,-0.08228052,-0.99210066,0.9938247,0.065722466,0.08940402,0.057847083,-0.99443984,0.08799562
1356677752132,0.03145066,-0.08158031,-0.9961704,0.99717915,0.070518166,0.025707453,0.06815085,-0.9941689,0.083568096
1356677752172,-0.02746433,-0.074465364,-0.99684525,0.99657214,0.07580876,-0.033119828,0.0780358,-0.9943379,0.07212812
1356677752213,-0.07693267,-0.0632917,-0.9950254,0.9936247,0.0776211,-0.08176169,0.08240977,-0.9949719,0.056916595
1356677752252,-0.115223706,-0.04931134,-0.9921149,0.99023074,0.07325548,-0.11864591,0.078528434,-0.9960934,0.040388823
1356677752292,-0.14190829,-0.033388734,-0.9893166,0.9876133,0.06281817,-0.14378405,0.06694782,-0.9974663,0.024060726
1356677752333,-0.15605009,-0.017048657,-0.98760194,0.98647743,0.048029304,-0.15670148,0.050105393,-0.9987004,0.00932312
1356677752372,-0.15645856,-0.0021152794,-0.9876822,0.9872117,0.030602157,-0.15644956,0.030556172,-0.99952936,-0.0026997328
1356677752412,-0.14198923,0.010105193,-0.98981667,0.9898156,0.011762023,-0.14186901,0.0102086365,-0.9998798,-0.011672378
1356677752453,-0.1111542,0.01914069,-0.99361885,0.9937583,-0.0073565245,-0.111311525,-0.009440154,-0.9997897,-0.018203497
1356677752494,-0.063455045,0.026317298,-0.9976376,0.9976426,-0.024498522,-0.06410164,-0.026127607,-0.99935335,-0.02470076
1356677752532,-0.0012595654,0.03598988,-0.9993514,0.999385,-0.034974515,-0.0025191903,-0.035042554,-0.9987399,-0.03592366
1356677752575,0.04491213,0.060768515,-0.997141,0.99866736,-0.028136462,0.043266118,-0.025426775,-0.9977552,-0.06195119
1356677752614,0.05091709,0.10463029,-0.99320686,0.9986865,3.6537647E-4,0.05123651,0.0057237744,-0.9945111,-0.10447425
1356677752672,-0.02422899,0.16331819,-0.9862759,0.9978107,0.06467897,-0.013802052,0.061537236,-0.98445106,-0.16452777
1356677752694,-0.13573095,0.20825696,-0.9686104,0.98309696,0.14955887,-0.10560498,0.12287131,-0.9665718,-0.22503656
1356677752734,-0.23187053,0.22773054,-0.945714,0.9575641,0.22453481,-0.1807073,0.17119315,-0.94748235,-0.27012962
1356677752774,-0.28203797,0.22878703,-0.9317248,0.93884635,0.2657746,-0.21893218,0.19753996,-0.93649364,-0.2897544
1356677752814,-0.26593047,0.22391224,-0.93762696,0.9423622,0.26526976,-0.20392516,0.20306277,-0.9378141,-0.28154975
1356677752873,-0.14177507,0.2239216,-0.9642401,0.9711841,0.21997845,-0.09171134,0.19157588,-0.949457,-0.24865657
1356677752893,0.1765096,0.22915256,-0.9572531,0.9698076,0.12577717,0.2089338,0.1682783,-0.9652301,-0.20003301
1356677752933,0.7008425,0.19761938,-0.685395,0.69997054,-0.0055362657,0.71415025,0.13733539,-0.9802632,-0.14220779
1356677752970,0.9631025,0.121417634,-0.24019025,0.24804291,-0.05411023,0.9672367,0.10444285,-0.9911255,-0.08223048
1356677753013,0.9972147,0.074522376,-0.0030604526,0.0049795993,-0.025580525,0.9996604,0.07441878,-0.99689126,-0.025880367
1356677753053,0.99572337,0.05214427,0.07626277,-0.077293724,0.01804617,0.996845,0.05060351,-0.9984765,0.021999419
1356677753092,0.9969929,0.038696967,0.067139186,-0.06926365,0.056458414,0.9959996,0.034751587,-0.9976548,0.05896893
1356677753133,0.99949324,0.026662495,-0.017387137,0.015081506,0.08436209,0.9963211,0.028031219,-0.9960785,0.08391723
1356677753173,0.98152554,0.011767544,-0.19096893,0.18885565,0.10045117,0.9768536,0.03067822,-0.99487233,0.09637302
1356677753213,0.89006805,-0.008302629,-0.45575202,0.45404896,0.10438937,0.88484025,0.040229157,-0.9945018,0.09668344
1356677753252,0.6774306,-0.029268056,-0.7350042,0.73381245,0.09624773,0.6724996,0.051059723,-0.994927,0.08667843
1356677753292,0.40202296,-0.04040903,-0.9147375,0.913838,0.080173135,0.39808592,0.057251096,-0.99596155,0.06915876
1356677753333,0.16713661,-0.03734985,-0.98522604,0.9843414,0.06309295,0.16459465,0.056013227,-0.9973085,0.047310174
1356677753372,0.009984463,-0.023272753,-0.99967927,0.99877894,0.048603803,0.008843988,0.04838234,-0.99854696,0.023729622
1356677753413,-0.07125938,-0.0034331083,-0.99745196,0.99676883,0.036917567,-0.07133764,0.037068427,-0.99931246,7.9131126E-4
1356677753464,-0.09265542,0.01996407,-0.99549806,0.99545956,0.023744643,-0.09217569,0.021797538,-0.99951863,-0.022073448
1356677753513,0.0022249818,0.041832536,-0.9991222,0.9999758,0.0064920187,0.002498716,0.006590903,-0.99910355,-0.04181713
1356677753554,0.2123062,0.056013614,-0.9755965,0.977185,-0.018264353,0.21160325,-0.0059660077,-0.9982629,-0.05861327
1356677753593,0.46569768,0.061156303,-0.8828281,0.88484585,-0.04702857,0.4635041,-0.013172001,-0.99701965,-0.076014966
1356677753668,0.66885376,0.0689362,-0.74019086,0.7433405,-0.0739779,0.66481006,-0.008928269,-0.9948745,-0.10072346
1356677753675,0.75354964,0.103883445,-0.64913106,0.6572155,-0.09622962,0.7475344,0.01519081,-0.98992324,-0.1407876
1356677753714,0.7360792,0.17659073,-0.6534548,0.6741711,-0.104733646,0.73111165,0.060668856,-0.97869647,-0.19614464
1356677753754,0.6357903,0.27464515,-0.7213465,0.7622598,-0.07646119,0.6427392,0.12137017,-0.95850074,-0.25796422
1356677753792,0.52993727,0.35397595,-0.7706281,0.82932836,-0.026496202,0.558133,0.17714694,-0.9348792,-0.30760363
1356677753832,0.4806628,0.397661,-0.78155553,0.8499718,0.007919401,0.5267688,0.2156649,-0.91749823,-0.33419406
1356677753873,0.5097642,0.40628803,-0.75833404,0.82824624,0.0066531897,0.56032485,0.23269859,-0.9137208,-0.33311495
1356677753912,0.6004464,0.38139808,-0.702851,0.76579905,-0.021177743,0.64273113,0.2302516,-0.9241683,-0.3047904
1356677753952,0.7103109,0.32787487,-0.62286156,0.6712333,-0.049120843,0.73961675,0.21190627,-0.9434433,-0.25497162
1356677753993,0.80219334,0.25868353,-0.53811586,0.56862545,-0.05616182,0.8206771,0.18207407,-0.9643281,-0.19214667
1356677754032,0.8629444,0.18812391,-0.4689737,0.48361275,-0.038506925,0.8744346,0.14644332,-0.9813901,-0.12420845
1356677754072,0.8953036,0.12533578,-0.42746043,0.4314058,-0.004850449,0.90214497,0.11099769,-0.99210256,-0.058413208
1356677754113,0.9067621,0.07304162,-0.41526783,0.41398332,0.032643408,0.9096991,0.08000167,-0.9967946,-6.382093E-4
1356677754152,0.9027576,0.030831605,-0.4290433,0.4265284,0.06499058,0.90213615,0.055698067,-0.9974094,0.045520183
1356677754192,0.88588417,-0.0019755065,-0.4639023,0.4622638,0.08783865,0.88238114,0.0390054,-0.9961327,0.07872808
1356677754232,0.85647345,-0.025104716,-0.51558024,0.5152987,0.10028842,0.8511225,0.030339539,-0.99464166,0.09883079
1356677754272,0.81405824,-0.03745994,-0.5795739,0.5800111,0.10387486,0.8079586,0.029937088,-0.9938847,0.10628737
1356677754312,0.7590818,-0.038506985,-0.6498554,0.6499352,0.10177084,0.75314474,0.037134975,-0.9940623,0.102279454
1356677754352,0.6960262,-0.030107915,-0.71738493,0.7163502,0.09714466,0.6909453,0.048887223,-0.9948148,0.08918303
1356677754393,0.63427055,-0.016627222,-0.7729324,0.7707883,0.091042444,0.6305527,0.059885383,-0.9957083,0.07056159
1356677754432,0.58412796,-0.0025317967,-0.81165767,0.8090316,0.0822525,0.5819815,0.06528738,-0.9966083,0.05009429
1356677754472,0.552035,0.009968013,-0.8337614,0.83141255,0.06936447,0.5513091,0.06332886,-0.99754155,0.030004084
1356677754512,0.54025316,0.020339608,-0.84125674,0.83968866,0.05257474,0.5405173,0.05522278,-0.9984099,0.0113247335
1356677754553,0.5483197,0.028315037,-0.8357893,0.83514524,0.033248723,0.54902357,0.043334514,-0.9990459,-0.0054162294
1356677754593,0.57387143,0.03353995,-0.8182583,0.8183959,0.013107061,0.5745052,0.029993802,-0.9993514,-0.019927189
1356677754672,0.61201644,0.03596306,-0.7900269,0.7906654,-0.00653325,0.6122136,0.016855597,-0.9993317,-0.032433182
1356677754673,0.656184,0.03691092,-0.75369763,0.7545798,-0.02461499,0.6557466,0.005651951,-0.99901533,-0.044004202
1356677754713,0.6986128,0.040193886,-0.71437,0.7154995,-0.040213317,0.6974548,-6.9382787E-4,-0.99838233,-0.056852236
1356677754754,0.7279669,0.054493636,-0.6834432,0.6856035,-0.052836113,0.72605515,0.003454864,-0.99711525,-0.07582396
1356677754794,0.7392881,0.08541709,-0.66794986,0.6730555,-0.062505245,0.73694587,0.021197379,-0.9943826,-0.1036998
1356677754834,0.7212094,0.14237699,-0.6779275,0.69029653,-0.0659748,0.7205122,0.05785823,-0.98761123,-0.145864
1356677754873,0.6772255,0.21336687,-0.70415914,0.7284155,-0.05939737,0.68255603,0.103809625,-0.9751648,-0.19564514
1356677754912,0.6155063,0.2833852,-0.73542154,0.77406037,-0.041822523,0.63172895,0.14826539,-0.9580938,-0.24509925
1356677754952,0.5554463,0.33339584,-0.7617917,0.81208515,-0.020416439,0.5831817,0.17887726,-0.94256586,-0.28208604
1356677754992,0.5155966,0.353904,-0.78032815,0.83528817,-0.004671544,0.5497924,0.19092837,-0.9352701,-0.29802048
1356677755032,0.5042764,0.34458217,-0.7918134,0.84312034,0.0017694309,0.5377219,0.18669042,-0.93875444,-0.28963196
1356677755073,0.5187871,0.3100182,-0.7967112,0.83764744,0.0019652024,0.54620785,0.17090008,-0.9507286,-0.2586664
1356677755115,0.5538559,0.25384575,-0.79297286,0.8195717,0.0016876459,0.5729742,0.14678532,-0.9672432,-0.20711005
1356677755154,0.5881846,0.19156402,-0.78571117,0.7995255,0.008397654,0.6005735,0.121646345,-0.9814442,-0.14822093
1356677755193,0.62121636,0.12707427,-0.7732673,0.777439,0.023943678,0.6285024,0.09838134,-0.99160415,-0.08391829
1356677755233,0.64397943,0.06878337,-0.7619444,0.7608372,0.046705708,0.64725983,0.08010781,-0.9965377,-0.022255406
1356677755273,0.65652245,0.019865155,-0.75404483,0.75128603,0.07214886,0.6560212,0.06743544,-0.997196,0.032442942
1356677755313,0.65957457,-0.01867488,-0.75140715,0.7492604,0.09580599,0.65530914,0.05975151,-0.9952249,0.077183515
1356677755353,0.6548648,-0.046930343,-0.75428754,0.7536324,0.115145594,0.64713186,0.056482792,-0.9922394,0.11077301
1356677755393,0.6435732,-0.06494075,-0.76262456,0.7632386,0.12901314,0.6331054,0.057274282,-0.98951423,0.13259467
1356677755445,0.6239724,-0.069803804,-0.77832246,0.77887166,0.13633811,0.6121852,0.06338215,-0.9882,0.13943945
1356677755485,0.5984373,-0.065529585,-0.7984852,0.7979056,0.13862087,0.58662665,0.0722453,-0.98817515,0.13524233
1356677755534,0.5667993,-0.04911843,-0.8223903,0.8194941,0.13619637,0.5566685,0.08466384,-0.9894633,0.117448315
1356677755575,0.5356146,-0.02898106,-0.84396505,0.8390137,0.13161235,0.5279528,0.095775574,-0.9908775,0.094809026
1356677755615,0.50779474,-0.0076391697,-0.86144423,0.85533655,0.12366076,0.5030978,0.102683604,-0.99229515,0.06932834
1356677755661,0.48564368,0.012424767,-0.8740685,0.8680024,0.11158775,0.48385945,0.103547186,-0.9936769,0.043407172
1356677755694,0.47010738,0.030799478,-0.8820716,0.8771335,0.09484734,0.47078732,0.098162144,-0.99501526,0.017573178
1356677755735,0.46350813,0.046910733,-0.88485,0.88147235,0.07743293,0.46584395,0.09036964,-0.99589336,-0.0054597557
1356677755799,0.46387836,0.061523736,-0.88376,0.882196,0.059034497,0.46716723,0.08091423,-0.9963583,-0.026891172
1356677755815,0.4762634,0.07411438,-0.8761736,0.8762844,0.042484537,0.47991735,0.07279259,-0.9963444,-0.04471147
1356677755859,0.49293673,0.08528602,-0.8658751,0.8675302,0.027733818,0.49661067,0.066367954,-0.9959705,-0.06031719
1356677755890,0.5188231,0.09580332,-0.8494965,0.8526173,0.014287934,0.5223404,0.062179476,-0.9952977,-0.074270636
1356677755931,0.5396665,0.11095169,-0.8345357,0.8394406,0.0044734925,0.54343307,0.064028114,-0.9938158,-0.09072316
1356677755971,0.5490963,0.13782561,-0.82431626,0.8321873,9.241551E-4,0.5544939,0.07718524,-0.9904561,-0.11418924
1356677756013,0.5302315,0.18576801,-0.8272514,0.84074247,0.010896668,0.54132557,0.10957521,-0.9825332,-0.15040529
1356677756053,0.47550476,0.25137132,-0.84303486,0.86493975,0.041297078,0.5001737,0.16054419,-0.9670093,-0.19778407
1356677756097,0.39316624,0.31757474,-0.86288273,0.89279044,0.092562184,0.44085988,0.21987629,-0.9437046,-0.24713537
1356677756134,0.31006372,0.36365086,-0.8784182,0.91134876,0.14943689,0.38355196,0.27074707,-0.9194709,-0.28507775
1356677756176,0.25062698,0.38310635,-0.8890532,0.91916883,0.19405812,0.34273916,0.30383357,-0.9030897,-0.30350316
1356677756214,0.22708239,0.37880287,-0.89718556,0.9205893,0.21706237,0.3246524,0.31772447,-0.89966226,-0.29943085
1356677756255,0.24149358,0.35643408,-0.9025717,0.9176409,0.21863282,0.33186576,0.31562006,-0.90838015,-0.27428007
1356677756296,0.29238135,0.31945145,-0.9013678,0.90793836,0.2032221,0.36653605,0.3002683,-0.92555475,-0.23062384
1356677756335,0.3642764,0.27434066,-0.88996625,0.88913536,0.18180901,0.4199807,0.27702165,-0.9442895,-0.17769724
1356677756376,0.45061418,0.22213957,-0.86463916,0.85764813,0.16108432,0.48835582,0.24776295,-0.9616162,-0.11793074
1356677756415,0.5321393,0.17014918,-0.8293835,0.81804204,0.14919715,0.5554706,0.21825454,-0.9740583,-0.05979553
1356677756456,0.60166067,0.1215913,-0.7894429,0.7755971,0.14731398,0.61379784,0.19092849,-0.9815876,-0.0056728125
1356677756494,0.65341806,0.07984564,-0.75277454,0.7381269,0.15344796,0.6569798,0.16796869,-0.9849256,0.04132946
1356677756535,0.6866721,0.04658413,-0.72547317,0.7112181,0.16355011,0.6836813,0.15049991,-0.9854346,0.07917382
1356677756575,0.7026957,0.022422224,-0.71113706,0.6977408,0.17383051,0.6949394,0.1391994,-0.9845203,0.10650505
1356677756614,0.70338,0.00716421,-0.71077794,0.6980195,0.18190852,0.69258785,0.13425839,-0.98328936,0.12295006
1356677756668,0.6907806,9.312928E-4,-0.7230638,0.71019757,0.1869377,0.67872953,0.13579994,-0.98237133,0.12847155
1356677756695,0.6677276,0.0026237369,-0.74440104,0.73072803,0.1885031,0.6561272,0.14204335,-0.982069,0.123951495
1356677756735,0.6401527,0.009414345,-0.76819,0.75374186,0.18569744,0.63038844,0.14858559,-0.9825619,0.111778736
1356677756783,0.6141084,0.019150317,-0.7889893,0.7747256,0.17609845,0.60728043,0.15056938,-0.98418623,0.0933073
1356677756815,0.59648633,0.029717982,-0.8020729,0.78913707,0.1607061,0.5928206,0.14651546,-0.9865548,0.072407424
1356677756855,0.58914566,0.04099804,-0.8069861,0.79647547,0.13880292,0.58852404,0.13614035,-0.989471,0.0491212
1356677756898,0.59585714,0.052837282,-0.80135036,0.79369366,0.113453075,0.5976443,0.122493535,-0.9921373,0.025665209
1356677756936,0.6158816,0.06419924,-0.7852186,0.7804942,0.0860551,0.6192119,0.10732499,-0.9942198,0.0028926134
1356677756975,0.6498239,0.073921055,-0.75648177,0.75439537,0.058821157,0.65377957,0.092825204,-0.9955279,-0.017542303
1356677757015,0.69083565,0.081350684,-0.7184206,0.7185772,0.032630794,0.6946812,0.07995543,-0.99615127,-0.035914227
1356677757054,0.7333727,0.088620454,-0.6740259,0.67610514,0.008525096,0.73675585,0.07103771,-0.996029,-0.05366464
1356677757095,0.7678449,0.10179645,-0.63249636,0.6367116,-0.012152493,0.7710063,0.07079932,-0.994731,-0.074146226
1356677757134,0.78353524,0.13087761,-0.60740715,0.6153288,-0.027709395,0.7877833,0.0862723,-0.9910112,-0.10224405
1356677757176,0.7725813,0.1825346,-0.60811114,0.62316465,-0.034582112,0.7813257,0.12158921,-0.98259103,-0.14046662
1356677757222,0.7282807,0.25642586,-0.6354943,0.6621636,-0.02449825,0.7489588,0.17648393,-0.9662534,-0.18763748
1356677757258,0.6626831,0.3312519,-0.671657,0.71079826,0.004221257,0.7033832,0.23583226,-0.9435328,-0.23265594
1356677757300,0.5949413,0.38979182,-0.70292753,0.75028956,0.04434889,0.65962005,0.2882886,-0.9198345,-0.2660718
1356677757335,0.54625416,0.42134246,-0.7239316,0.77283156,0.0797666,0.62957823,0.3230136,-0.90338695,-0.28205392
1356677757376,0.5341996,0.423806,-0.7314501,0.7753667,0.09909296,0.6236882,0.3368044,-0.9003161,-0.2756697
1356677757415,0.54947966,0.4045183,-0.73105204,0.7658419,0.10592991,0.6342437,0.33400345,-0.9083743,-0.25159073
1356677757460,0.5888392,0.36621004,-0.72052664,0.7436107,0.103868306,0.6604956,0.31671995,-0.924717,-0.21115598
1356677757495,0.63959575,0.3145901,-0.7013917,0.71218276,0.10092175,0.69470173,0.28933197,-0.94384736,-0.15949655
1356677757536,0.690742,0.25652868,-0.6760684,0.67597985,0.10290864,0.7296993,0.25676212,-0.9610426,-0.1023249
1356677757574,0.7351295,0.19832931,-0.64826703,0.64001733,0.112252295,0.7601166,0.22352284,-0.9736862,-0.044414237
1356677757617,0.7680466,0.14565998,-0.6236085,0.61035836,0.1282264,0.7816782,0.19382232,-0.98098993,0.009579062
1356677757660,0.7885607,0.101655856,-0.6064966,0.5909267,0.14774519,0.7930807,0.17022824,-0.9837873,0.056434885
1356677757694,0.79769635,0.066993326,-0.5993266,0.5832678,0.16680607,0.7949682,0.15322895,-0.9837112,0.09398551
1356677757735,0.79801214,0.040882975,-0.60125303,0.58564866,0.18264079,0.7897202,0.14209944,-0.98232937,0.12180652
1356677757775,0.79131687,0.021303475,-0.611035,0.5963269,0.19369644,0.77902246,0.13495117,-0.9808302,0.14057143
1356677757816,0.77933884,0.008633316,-0.6265433,0.6126551,0.19929788,0.76480985,0.1314716,-0.97990096,0.15003131
1356677757855,0.7623768,0.0021451116,-0.64712983,0.63363576,0.20069957,0.7471448,0.13148141,-0.9796505,0.15164948
1356677757896,0.74118555,0.0023833811,-0.671296,0.6575793,0.19857025,0.72674584,0.13503161,-0.9800838,0.14561011
1356677757934,0.7185107,0.0074750483,-0.69547576,0.681347,0.19324338,0.705991,0.13967341,-0.9811224,0.13375431
1356677757976,0.6988981,0.014830142,-0.7150675,0.7010484,0.1838423,0.68900883,0.14167774,-0.9828439,0.118090406
1356677758014,0.6867612,0.022313505,-0.72654057,0.7136189,0.16937983,0.679749,0.13822895,-0.9852983,0.10040015
1356677758052,0.68440616,0.029245198,-0.7285142,0.7175914,0.14982086,0.6801591,0.12903804,-0.98828053,0.08155221
1356677758106,0.6920724,0.03574875,-0.7209424,0.71306026,0.121340126,0.6905227,0.11216462,-0.9919671,0.05848512
1356677758146,0.7151757,0.042809933,-0.69763243,0.69230235,0.09389186,0.7154732,0.096131355,-0.99466157,0.03751175
1356677758187,0.7415629,0.048765063,-0.6691087,0.6658788,0.0680939,0.742946,0.08179206,-0.9964864,0.018024266
1356677758225,0.77116036,0.054046214,-0.63434273,0.63274544,0.04499042,0.77305174,0.07031983,-0.9975244,4.9734116E-4
1356677758266,0.79848367,0.060217023,-0.59899724,0.59870875,0.02472812,0.800585,0.063020974,-0.99787897,-0.016307466
1356677758304,0.8196952,0.07155642,-0.5683129,0.56933486,0.0071875453,0.8220743,0.062909454,-0.99741066,-0.034847967
1356677758345,0.8286808,0.095599934,-0.55149674,0.5546208,-0.0075344183,0.83206904,0.07539053,-0.99539125,-0.059265345
1356677758384,0.81843156,0.14100052,-0.55703557,0.56465745,-0.017761286,0.8251343,0.10645069,-0.98985016,-0.09415339
1356677758423,0.78271025,0.20982113,-0.585952,0.6022929,-0.018061455,0.79807085,0.15686898,-0.977573,-0.14051068
1356677758474,0.70887417,0.3045114,-0.63621557,0.66711044,0.0034546852,0.7449509,0.22904396,-0.9525025,-0.20069379
1356677758524,0.62320405,0.38048232,-0.68326414,0.7265817,0.041503306,0.68582535,0.2893021,-0.9238564,-0.25058642
1356677758565,0.55392563,0.41994506,-0.7188967,0.7671316,0.07810521,0.63671696,0.32353574,-0.9041823,-0.2788887
1356677758610,0.51654863,0.42476535,-0.7434728,0.7891997,0.10066378,0.60583043,0.33217657,-0.89968944,-0.28322697
1356677758683,0.5006059,0.40577376,-0.76468384,0.8027041,0.11315954,0.5855434,0.32412943,-0.9069414,-0.26906794
1356677758707,0.50761503,0.36484027,-0.7805245,0.8071308,0.11558646,0.5789469,0.3014412,-0.9238675,-0.23580039
1356677758730,0.5297444,0.3048474,-0.79147893,0.80497503,0.11325496,0.58239895,0.2671817,-0.94564337,-0.18539837
1356677758771,0.54627734,0.24169886,-0.80197424,0.80478597,0.11392951,0.5825286,0.23216504,-0.96363986,-0.13227874
1356677758813,0.5587907,0.18132615,-0.80924284,0.8047615,0.11709687,0.5819341,0.20027971,-0.97642684,-0.08049166
1356677758856,0.56398404,0.12771422,-0.8158499,0.8071777,0.12329249,0.57728946,0.17431623,-0.98411787,-0.033553064
1356677758895,0.56105787,0.08252928,-0.8236522,0.8131031,0.1315731,0.5670554,0.15516913,-0.98786503,0.0067153275
1356677758938,0.54989105,0.04577166,-0.8339813,0.82307607,0.14006712,0.55038804,0.14200556,-0.98908347,0.039348066
1356677758974,0.53175765,0.016922206,-0.8467275,0.8363005,0.14716844,0.52815056,0.1335491,-0.9889667,0.06410587
1356677759015,0.5070688,-0.00404945,-0.86189604,0.8521631,0.15228422,0.5006272,0.12922585,-0.9883284,0.0806694
1356677759054,0.47588855,-0.016011268,-0.87935984,0.8698536,0.15628763,0.46789834,0.12994137,-0.98758173,0.08830297
1356677759103,0.4370392,-0.01627031,-0.8992952,0.8888805,0.160587,0.4290724,0.13743398,-0.9868876,0.08464518
1356677759147,0.39567506,-0.010955423,-0.9183252,0.90674555,0.16339046,0.3887365,0.14578676,-0.9865006,0.07458335
1356677759189,0.35949448,-0.0012166202,-0.9331464,0.9209522,0.16160384,0.35458595,0.15036863,-0.986855,0.05921614
1356677759226,0.33153462,0.01065433,-0.94338286,0.9316933,0.15362358,0.3291615,0.14843282,-0.9880719,0.041005015
1356677759264,0.31226164,0.024581969,-0.94967806,0.93961567,0.13938439,0.31256098,0.14005366,-0.9899332,0.02042681
1356677759306,0.3020701,0.04009241,-0.9524423,0.94463915,0.12167302,0.30471712,0.1281034,-0.9917602,-0.0011190772
1356677759345,0.3006602,0.055927277,-0.95209,0.9467443,0.103113174,0.30502903,0.11523244,-0.993096,-0.021946847
1356677759385,0.30751055,0.07058224,-0.9489233,0.9459543,0.085264325,0.31289053,0.10299379,-0.99385524,-0.040547878
1356677759426,0.32080775,0.08355692,-0.9434514,0.9426681,0.06856048,0.32661346,0.09197426,-0.9941417,-0.056771666
1356677759466,0.33890072,0.095985115,-0.93591297,0.9370689,0.054330975,0.3448913,0.08395347,-0.99389887,-0.07153189
1356677759506,0.3540305,0.1133081,-0.9283446,0.9314501,0.046482027,0.36088812,0.08404291,-0.99247205,-0.089084774
1356677759545,0.35946995,0.14135996,-0.9223876,0.92805755,0.0490371,0.36919478,0.0974206,-0.98874307,-0.11356279
1356677759586,0.34065878,0.18724856,-0.921352,0.9309236,0.07004674,0.35843357,0.13165388,-0.9798119,-0.15045208
1356677759624,0.29441923,0.24550155,-0.9236051,0.93776906,0.111996055,0.32870376,0.18413737,-0.96290493,-0.19724995
