1356678312846,0.8541055,0.0046269,0.5200794,-0.51686907,0.11883739,0.847776,-0.05788231,-0.99290293,0.103891164
1356678313003,0.44444776,0.062731296,0.8936056,-0.89403844,0.09367579,0.43808696,-0.056227446,-0.99362445,0.09771818
1356678313045,0.42220587,0.06124881,0.9044285,-0.904832,0.08897203,0.416369,-0.054966718,-0.9941492,0.09298441
1356678313082,0.40296492,0.059120953,0.91330385,-0.9136396,0.08452013,0.3976418,-0.05368361,-0.99466634,0.08807388
1356678313123,0.3820262,0.05639112,0.92242944,-0.9226763,0.07964778,0.37725934,-0.0521954,-0.99522674,0.08245829
1356678313164,0.35825646,0.053505152,0.9320888,-0.93225896,0.07445347,0.354048,-0.0504539,-0.9957881,0.07655409
1356678313202,0.33309782,0.051318735,0.9414947,-0.9416394,0.06956267,0.32935733,-0.04859072,-0.99625677,0.07149491
1356678313242,0.30944267,0.050622135,0.94956964,-0.94976103,0.06569883,0.30600256,-0.046895027,-0.99655455,0.068409026
1356678313283,0.28983963,0.05177793,0.9556736,-0.95597875,0.06344557,0.2864947,-0.045799136,-0.99664116,0.067887634
1356678313324,0.27551976,0.054364502,0.9597569,-0.9602085,0.06302813,0.27207923,-0.045700252,-0.99652994,0.06956673
1356678313362,0.26664308,0.057590514,0.9620731,-0.96265805,0.06439313,0.26295054,-0.04680738,-0.99626136,0.07260999
1356678313402,0.26269144,0.060724407,0.9629672,-0.9636353,0.06718755,0.2586369,-0.048993886,-0.9958908,0.076165706
1356678313444,0.26314685,0.06342867,0.9626684,-0.96335566,0.07101479,0.25865564,-0.051957488,-0.99545646,0.079791725
1356678313482,0.267224,0.0655455,0.96140265,-0.96203965,0.07552189,0.26225215,-0.055417508,-0.99498755,0.08323857
1356678313523,0.2735337,0.06688249,0.9595343,-0.960037,0.08041346,0.26807195,-0.05923012,-0.9945151,0.08620548
1356678313562,0.2804566,0.067220956,0.95751,-0.9577824,0.08530223,0.27454787,-0.06322238,-0.994085,0.088306606
1356678313602,0.2863641,0.06641412,0.95581627,-0.95576525,0.089711994,0.28011525,-0.0671446,-0.99375093,0.08916658
1356678313643,0.28995627,0.06447545,0.9548656,-0.9544213,0.09323764,0.2835256,-0.070748955,-0.993554,0.08857161
1356678313682,0.29048842,0.061652184,0.95489025,-0.9540249,0.09567171,0.28404823,-0.07384381,-0.9935019,0.086609274
1356678313722,0.28781596,0.05840057,0.9559034,-0.9546457,0.09696308,0.2815133,-0.07624674,-0.99357307,0.08365941
1356678313763,0.28231922,0.05531296,0.9577246,-0.9561634,0.09715268,0.27624804,-0.077765435,-0.9937313,0.080316246
1356678313802,0.27497348,0.053118706,0.9599832,-0.95827127,0.096289426,0.26915509,-0.07813904,-0.9939349,0.0773792
1356678313842,0.26738286,0.052678257,0.9621494,-0.9605193,0.094227016,0.26177087,-0.07687089,-0.9941561,0.07579318
1356678313888,0.26146552,0.054807693,0.9636556,-0.9624438,0.09037575,0.25599667,-0.07306054,-0.9943985,0.07637942
1356678313924,0.25837666,0.059782386,0.96419275,-0.9638113,0.08377552,0.25308013,-0.06564605,-0.9946898,0.07926455
1356678313964,0.2583101,0.06710404,0.96372867,-0.96457225,0.07329509,0.25343266,-0.053630233,-0.9950502,0.08365956
1356678314004,0.2605024,0.0756425,0.96250546,-0.9647745,0.058316708,0.25653347,-0.036725372,-0.9954282,0.088169545
1356678314044,0.26412746,0.0841867,0.9608066,-0.964358,0.039402217,0.26165134,-0.015830368,-0.99567074,0.091593266
1356678314074,0.26790935,0.09148842,0.9590905,-0.9634333,0.020729601,0.26714513,0.0045591295,-0.9955903,0.093696624
1356678314104,0.2713302,0.09732711,0.9575528,-0.96218634,0.0025902689,0.27237988,0.024029613,-0.99524903,0.09434962
1356678314145,0.2730387,0.101123154,0.9566734,-0.96100277,-0.016666174,0.27603593,0.043857723,-0.9947343,0.092629164
1356678314184,0.27223605,0.10274029,0.95672977,-0.960217,-0.0352816,0.27701706,0.062215775,-0.9940823,0.08904803
1356678314224,0.2683808,0.10269973,0.9578228,-0.96015227,-0.051959366,0.27460474,0.0779697,-0.9933544,0.08466247
1356678314264,0.26184872,0.101989836,0.9597049,-0.9608667,-0.06558481,0.2691356,0.09039107,-0.9926212,0.08082527
1356678314304,0.2527014,0.10114902,0.96224266,-0.96245426,-0.07559967,0.2607039,0.09911519,-0.99199474,0.07824719
1356678314344,0.2397084,0.099597216,0.9657226,-0.9652065,-0.082601696,0.24809918,0.104480326,-0.99159324,0.076331615
1356678314384,0.22139445,0.09634605,0.9704133,-0.9692286,-0.088071615,0.2298683,0.10761273,-0.9914439,0.07388276
1356678314424,0.19780943,0.091124326,0.97599584,-0.9740999,-0.0930002,0.20610821,0.109549224,-0.9914875,0.07036781
1356678314454,0.17187634,0.08525658,0.9814223,-0.9788959,-0.097017616,0.17986181,0.11054969,-0.99162436,0.066782355
1356678314494,0.14697355,0.07907936,0.9859743,-0.983142,-0.09793216,0.15440598,0.10876882,-0.99204636,0.063352704
1356678314534,0.12505484,0.07441765,0.98935497,-0.98685426,-0.093560755,0.13177624,0.102371335,-0.9928285,0.061739177
1356678314574,0.111282825,0.07290918,0.9911107,-0.98967105,-0.082562804,0.11719477,0.09037343,-0.9939153,0.062968254
1356678314614,0.10868347,0.074498385,0.991281,-0.99134254,-0.06578225,0.11363399,0.07367426,-0.9950491,0.066703945
1356678314654,0.118287,0.07788241,0.9899205,-0.99145794,-0.04590437,0.1220822,0.05494973,-0.99590516,0.07178721
1356678314684,0.13945714,0.08117288,0.98689544,-0.9894857,-0.027163059,0.14205736,0.038338274,-0.99632984,0.07653135
1356678314714,0.16490355,0.08337161,0.9827797,-0.9860177,-0.010305554,0.16632107,0.023994625,-0.9964652,0.0805065
1356678314754,0.19376898,0.08294833,0.9775343,-0.98098445,0.0051093698,0.19401938,0.011098921,-0.99654084,0.08236101
1356678314784,0.23458731,0.079316735,0.9688538,-0.972095,0.019072711,0.2338107,6.6399574E-5,-0.996667,0.0815776
1356678314824,0.26951665,0.06806156,0.96058756,-0.9629438,0.029408276,0.26809403,-0.010002315,-0.9972476,0.07346544
1356678314892,0.31104475,0.05077994,0.9490377,-0.95020163,0.036769867,0.30945876,-0.019181639,-0.9980327,0.05968827
1356678314893,0.3374348,0.01734078,0.94118917,-0.94092685,0.03614828,0.33667478,-0.028184146,-0.99919593,0.028514117
1356678314920,0.36533788,-0.027141511,0.93047917,-0.9301617,0.028478414,0.36604393,-0.036433548,-0.99922585,-0.014841765
1356678314951,0.38050124,-0.08640075,0.9207354,-0.92375684,0.011319667,0.38281214,-0.04349768,-0.99619615,-0.07550612
1356678314993,0.37427688,-0.17384821,0.9108752,-0.9260461,-0.018661603,0.37694892,-0.04853356,-0.98459566,-0.16797614
1356678315033,0.3678677,-0.26922542,0.8900511,-0.9284393,-0.053116605,0.36766714,-0.051708847,-0.96161133,-0.2694994
1356678315072,0.37556803,-0.34518486,0.860114,-0.9252587,-0.08623637,0.36940464,-0.05333981,-0.9345645,-0.3517729
1356678315113,0.4051774,-0.3833267,0.82999516,-0.9127769,-0.11830573,0.3909503,-0.051668495,-0.91600454,-0.39782655
1356678315152,0.45275128,-0.37959793,0.8067972,-0.8905444,-0.14773571,0.4302382,-0.044124722,-0.9132796,-0.40493634
1356678315192,0.5060971,-0.34083992,0.7922714,-0.8619253,-0.16703872,0.47873044,-0.030830443,-0.9251628,-0.37831634
1356678315233,0.5522152,-0.2789164,0.7856615,-0.8335813,-0.16870739,0.52600384,-0.014164209,-0.9453801,-0.32566229
1356678315273,0.58216995,-0.20683897,0.7863178,-0.81305957,-0.15226386,0.56191623,0.0035016239,-0.966454,-0.25681582
1356678315313,0.5926108,-0.13508835,0.79408026,-0.80521774,-0.12493193,0.57966906,0.020899504,-0.9829257,-0.18281153
1356678315353,0.5845538,-0.069349736,0.8083857,-0.8104892,-0.09592651,0.5778454,0.03747222,-0.9929696,-0.1122814
1356678315392,0.5604322,-0.012301028,0.8281089,-0.8265327,-0.07172702,0.5583,0.05253014,-0.9973484,-0.050365344
1356678315452,0.5229755,0.03431639,0.8516566,-0.8498231,-0.055853724,0.5241002,0.06555343,-0.997849,-4.7251582E-5
1356678315473,0.47481787,0.06869626,0.87739885,-0.87671,-0.050293863,0.47838277,0.07699087,-0.99636906,0.03634624
1356678315512,0.41789073,0.08935544,0.9040923,-0.9042525,-0.05517596,0.42341807,0.087718844,-0.99447036,0.057742357
1356678315551,0.3543696,0.09635922,0.9301275,-0.9300051,-0.067429036,0.36130852,0.09753299,-0.99306005,0.06571978
1356678315593,0.2861326,0.09233132,0.9537312,-0.9525528,-0.080400676,0.29356268,0.103785634,-0.99247706,0.06494519
1356678315633,0.21613476,0.081855744,0.97292626,-0.97096574,-0.08661732,0.2229867,0.10252491,-0.9928732,0.060758054
1356678315673,0.14753225,0.070099145,0.98657,-0.9848757,-0.08121535,0.15304956,0.090853184,-0.9942285,0.057057023
1356678315713,0.083115995,0.061621815,0.99463284,-0.9940654,-0.065166414,0.08710593,0.07018423,-0.99596995,0.055839688
1356678315753,0.02609545,0.059137255,0.9979087,-0.9987118,-0.041914046,0.028600335,0.04351774,-0.9973695,0.057967335
1356678315792,-0.021761298,0.06310788,0.9977694,-0.9996581,-0.01584673,-0.020800233,0.014498651,-0.99788094,0.063431114
1356678315833,-0.058992624,0.0718669,0.9956682,-0.99815357,0.010213673,-0.059877098,-0.014472604,-0.99736196,0.07113165
1356678315889,-0.08417237,0.08299336,0.992989,-0.9954215,0.038288355,-0.087578654,-0.045288384,-0.9958143,0.079390526
1356678315924,-0.09418446,0.0890826,0.9915612,-0.9928664,0.064741194,-0.100124836,-0.073114246,-0.99391794,0.08234942
1356678315964,-0.095207036,0.08127126,0.99213445,-0.990721,0.08937436,-0.102392554,-0.096993,-0.99267685,0.07200801
1356678316004,-0.091973245,0.04741198,0.9946321,-0.989073,0.11122894,-0.096761286,-0.1152195,-0.9926632,0.03666383
1356678316044,-0.09215474,-0.022101253,0.9954994,-0.98779786,0.1280849,-0.08859819,-0.12555027,-0.9915169,-0.03363514
1356678316084,-0.101169735,-0.12306127,0.9872287,-0.98681533,0.13842264,-0.08387259,-0.1263333,-0.98269784,-0.13544291
1356678316124,-0.11539173,-0.2297326,0.966389,-0.9862174,0.1426323,-0.08385241,-0.11857468,-0.96274555,-0.24302489
1356678316164,-0.1255036,-0.31225634,0.94167125,-0.9864832,0.14007562,-0.08502722,-0.105354875,-0.9396142,-0.32561564
1356678316194,-0.12758982,-0.3630783,0.9229816,-0.98760587,0.1322726,-0.08449045,-0.09140852,-0.92232215,-0.3754549
1356678316224,-0.12023187,-0.38426954,0.91535854,-0.98978025,0.11761695,-0.0806312,-0.07667762,-0.91569823,-0.39448375
1356678316254,-0.102586895,-0.38067466,0.9190009,-0.9928214,0.09629884,-0.0709379,-0.06149441,-0.9196811,-0.3878209
1356678316284,-0.07531351,-0.3565414,0.931239,-0.99607885,0.070374966,-0.053613067,-0.046420634,-0.93162525,-0.36044353
1356678316324,-0.029943526,-0.30192822,0.95286036,-0.9991135,0.037262797,-0.019589692,-0.02959159,-0.95260215,-0.3027764
1356678316364,0.01937744,-0.22883731,0.97327185,-0.9997445,0.0069007576,0.021527022,-0.011642486,-0.9734402,-0.22864509
1356678316404,0.062588245,-0.14969027,0.98674995,-0.9980159,-0.01617536,0.06084898,0.006852567,-0.9886006,-0.15040565
1356678316444,0.090809226,-0.07497251,0.9930422,-0.9955635,-0.031502068,0.08866137,0.024635732,-0.9966878,-0.07750052
1356678316474,0.096859396,-0.013237417,0.99521005,-0.9945094,-0.041085362,0.09624475,0.03961447,-0.99906796,-0.017144263
1356678316515,0.09042373,0.035722136,0.9952625,-0.9945351,-0.049129933,0.092120975,0.05218801,-0.9981533,0.031084418
1356678316554,0.05549562,0.0692327,0.9960557,-0.99651897,-0.058315516,0.059574783,0.062210083,-0.9958946,0.06575552
1356678316594,-0.007884324,0.0852623,0.9963273,-0.997532,-0.070186794,-0.0018875301,0.06976807,-0.9938834,0.08560526
1356678316634,-0.098023176,0.08324972,0.9916959,-0.9923537,-0.08327991,-0.09109712,0.07500455,-0.9930427,0.0907765
1356678316674,-0.2070567,0.06655154,0.97606266,-0.97523,-0.09338707,-0.20051259,0.07780716,-0.99340314,0.08423948
1356678316714,-0.32039046,0.043368578,0.9462923,-0.94415665,-0.09574467,-0.31527948,0.07692924,-0.9944607,0.07162243
1356678316754,-0.42202407,0.023523808,0.9062794,-0.90384674,-0.08854991,-0.4185928,0.07040411,-0.99579394,0.058632135
1356678316794,-0.50218105,0.013357371,0.86465937,-0.8628081,-0.07492536,-0.49994838,0.0581069,-0.99709964,0.049150884
1356678316832,-0.55764353,0.013907582,0.82996404,-0.8290256,-0.059724748,-0.55601215,0.04183659,-0.99811804,0.044834793
1356678316888,-0.58827555,0.022978604,0.80833405,-0.808302,-0.04647404,-0.5869311,0.02407968,-0.9986552,0.04591316
1356678316914,-0.592578,0.03758928,0.8046356,-0.8054874,-0.035636246,-0.5915405,0.006438613,-0.99865764,0.05139494
1356678316954,-0.5658819,0.055316538,0.82262856,-0.82441413,-0.02476412,-0.565445,-0.010906756,-0.99816173,0.05961728
1356678316994,-0.50000244,0.073272794,0.8629187,-0.8655497,-0.009309471,-0.5007365,-0.028657079,-0.99726844,0.068076015
1356678317034,-0.3901685,0.08506268,0.91680574,-0.9195005,0.01572287,-0.39277413,-0.047825187,-0.9962516,0.07208067
1356678317074,-0.25183147,0.07777986,0.9646404,-0.96531916,0.050718844,-0.25609824,-0.068844676,-0.9956795,0.06230986
1356678317112,-0.12606597,0.037261486,0.99132186,-0.9879079,0.08619851,-0.12887174,-0.09025246,-0.995581,0.025944173
1356678317152,-0.050543636,-0.03911516,0.99795556,-0.9928167,0.11046824,-0.045953453,-0.1084449,-0.99310964,-0.04441768
1356678317192,-0.023206979,-0.13638881,0.9903835,-0.9925878,0.12135318,-0.006546706,-0.11929333,-0.9831945,-0.13819414
1356678317232,-0.008681804,-0.22820011,0.97357553,-0.99261475,0.11977664,0.019223243,-0.12099832,-0.9662185,-0.22755462
1356678317272,0.030106127,-0.29254904,0.95577645,-0.9930066,0.10045326,0.062026143,-0.114156574,-0.9509597,-0.28747886
1356678317312,0.11136255,-0.31946418,0.94103193,-0.9887601,0.059437007,0.13718864,-0.09975898,-0.9457325,-0.3092544
1356678317352,0.23138054,-0.3071705,0.9230977,-0.9696007,0.0048332363,0.24464515,-0.079609305,-0.9516423,-0.29671437
1356678317392,0.3681519,-0.26075566,0.892452,-0.92804873,-0.044752836,0.36976027,-0.056477338,-0.9643669,-0.25846982
1356678317432,0.493357,-0.19323826,0.84809065,-0.8692118,-0.07286458,0.48904142,-0.032705754,-0.97844243,-0.20391321
1356678317472,0.5887698,-0.12040439,0.7992827,-0.8082416,-0.07573511,0.5839603,-0.0097776055,-0.9898318,-0.14190638
1356678317512,0.65111595,-0.053364754,0.75709987,-0.75889826,-0.060257927,0.64841527,0.011018783,-0.9967553,-0.0797333
1356678317552,0.68489623,0.0030085146,0.7286344,-0.72808266,-0.036301926,0.68452746,0.028510273,-0.9993363,-0.022672594
1356678317592,0.6956892,0.047859192,0.7167468,-0.7170936,-0.012550443,0.6968639,0.042346805,-0.99877524,0.025588289
1356678317632,0.68681955,0.08171755,0.7222196,-0.72487116,0.004145846,0.688872,0.05329874,-0.9966469,0.062082157
1356678317672,0.65867805,0.104982734,0.745065,-0.7498049,0.00902006,0.6615975,0.062735796,-0.99443316,0.08465786
1356678317712,0.60853493,0.11723718,0.78481895,-0.7902945,3.5749376E-4,0.6127273,0.07155377,-0.993104,0.0928694
1356678317753,0.5312029,0.1174593,0.83906305,-0.8435733,-0.018770427,0.536686,0.07878834,-0.9929003,0.08911462
1356678317792,0.42303857,0.10548878,0.89995027,-0.90245605,-0.040075332,0.42891392,0.081311375,-0.99361265,0.078245535
1356678317832,0.29088825,0.08528522,0.9529482,-0.95374465,-0.05312717,0.295886,0.07586217,-0.9949391,0.06588632
1356678317888,0.1550731,0.06381112,0.9858401,-0.9862886,-0.04702723,0.15818763,0.056455404,-0.99685335,0.05564347
1356678317932,0.04532522,0.05288154,0.99757165,-0.99857193,-0.025871873,0.04674217,0.028280795,-0.9982656,0.0516333
1356678317972,-0.016248167,0.053040564,0.9984602,-0.9998675,-0.0018545389,-0.016172588,9.939075E-4,-0.99859065,0.05306369
1356678318012,-0.032432735,0.060437143,0.99764496,-0.9991744,0.022473037,-0.033843845,-0.024465501,-0.99791896,0.059658438
1356678318052,-0.008764803,0.07035819,0.99748325,-0.9988141,0.04715818,-0.012102842,-0.04789102,-0.99640644,0.06986144
1356678318092,0.044000715,0.07720977,0.99604356,-0.9965835,0.07314643,0.038354546,-0.069895744,-0.99432814,0.0801644
1356678318132,0.108291954,0.07275513,0.9914533,-0.98992467,0.09941134,0.10082999,-0.09122583,-0.9923831,0.082787484
1356678318172,0.16106924,0.04669082,0.9858381,-0.9805809,0.1208069,0.15448877,-0.111882865,-0.9915774,0.06524241
1356678318212,0.18446222,-0.008511633,0.98280275,-0.97414124,0.13116035,0.18397242,-0.13047066,-0.9913246,0.015902579
1356678318273,0.17699051,-0.089569926,0.9801283,-0.9735637,0.13016278,0.1877001,-0.14438853,-0.9874385,-0.06416446
1356678318293,0.15395877,-0.17922682,0.97168636,-0.97647744,0.122647256,0.17734003,-0.15095875,-0.97613287,-0.15612829
1356678318333,0.140477,-0.25370017,0.95702785,-0.9789089,0.10922992,0.17264467,-0.148336,-0.96109575,-0.23300499
1356678318370,0.15466368,-0.297241,0.94219255,-0.9786012,0.084913254,0.18742847,-0.13571605,-0.95101917,-0.2777474
1356678318413,0.20138037,-0.3052666,0.93073,-0.97287285,0.048117936,0.22628084,-0.113860846,-0.9510505,-0.28729564
1356678318452,0.2729994,-0.28091255,0.9200866,-0.9581543,0.0061928034,0.2861852,-0.08609089,-0.9597134,-0.2674669
1356678318492,0.35641325,-0.23087755,0.90535355,-0.9326513,-0.029880688,0.3595396,-0.05595699,-0.9725238,-0.22597808
1356678318532,0.43446133,-0.16658956,0.88515043,-0.9002934,-0.051144868,0.4322683,-0.026740491,-0.984699,-0.17219996
1356678318572,0.49455872,-0.10005754,0.8633656,-0.8691437,-0.055887192,0.49139166,-9.163618E-4,-0.9934108,-0.11460385
1356678318613,0.5314348,-0.039603144,0.8461729,-0.846866,-0.048277676,0.5296105,0.019877046,-0.99804854,-0.059194982
1356678318653,0.5441237,0.010665208,0.8389372,-0.83827007,-0.034933805,0.5441351,0.035110593,-0.99933267,-0.010067984
1356678318692,0.5325736,0.049313694,0.8449459,-0.8451588,-0.022704542,0.53403294,0.045519203,-0.99852526,0.029586032
1356678318732,0.49544105,0.07600638,0.86530983,-0.8670485,-0.017030865,0.4979325,0.05258301,-0.9969619,0.057463437
1356678318772,0.43008333,0.09061864,0.89822966,-0.9009806,-0.019863367,0.4334044,0.05711639,-0.99568754,0.07310276
1356678318812,0.33462435,0.09336966,0.93771464,-0.94057685,-0.027950466,0.33842883,0.05780852,-0.99523914,0.07846844
1356678318853,0.21535727,0.086978465,0.9726541,-0.9751488,-0.033903986,0.21894148,0.052020073,-0.9956331,0.07751551
1356678318892,0.09215659,0.07742578,0.9927298,-0.9950358,-0.030448318,0.09474546,0.037562698,-0.9965331,0.07423538
1356678318931,-0.008587599,0.071932465,0.99737257,-0.99980855,-0.018158197,-0.0072989464,0.017585456,-0.99724424,0.07207465
1356678318972,-0.06939632,0.07306406,0.99491,-0.99757195,7.8600645E-4,-0.06963974,-0.0058701932,-0.997327,0.07283208
1356678319013,-0.08460224,0.07935336,0.99325,-0.99597025,0.023040712,-0.08667466,-0.029763192,-0.99658024,0.07708424
1356678319052,-0.056156993,0.08704582,0.9946202,-0.99705374,0.04724437,-0.060429096,-0.052250296,-0.99508333,0.08413631
1356678319092,0.010003746,0.09166476,0.99573964,-0.9972999,0.07336211,0.0032658577,-0.07275015,-0.99308383,0.092151225
1356678319132,0.10196847,0.08832693,0.9908587,-0.99057245,0.10061169,0.09297034,-0.091480166,-0.9909973,0.097753465
1356678319172,0.19891417,0.07105872,0.9774374,-0.97396326,0.1250189,0.18911844,-0.10875964,-0.98960644,0.0940766
1356678319212,0.27611005,0.0325132,0.96057594,-0.95307094,0.1383838,0.2692689,-0.12417337,-0.9898449,0.06919652
1356678319252,0.31703112,-0.03333214,0.94782925,-0.9386096,0.13231036,0.3186002,-0.13602722,-0.9906478,0.010660619
1356678319292,0.3220759,-0.12455812,0.9384841,-0.9360062,0.10677642,0.33539718,-0.14198443,-0.98645025,-0.0821971
1356678319332,0.31121585,-0.22409496,0.92354,-0.93977344,0.07193801,0.3341418,-0.14131713,-0.9719086,-0.18821028
1356678319372,0.31466794,-0.30545524,0.8987109,-0.9395342,0.034558192,0.3407072,-0.13512868,-0.9515792,-0.27611127
1356678319412,0.3542952,-0.34897617,0.86757743,-0.92691386,-0.008314595,0.37518212,-0.123716086,-0.9370947,-0.32641667
1356678319452,0.43119454,-0.34858277,0.8322027,-0.8959235,-0.05630727,0.44062522,-0.10673529,-0.93558514,-0.33658287
1356678319492,0.52845114,-0.3093464,0.7905974,-0.8446536,-0.09786071,0.5262923,-0.08543819,-0.9459007,-0.31300515
1356678319532,0.622363,-0.24522206,0.7433239,-0.7802434,-0.11874368,0.614101,-0.062326133,-0.9621673,-0.2652346
1356678319572,0.69639,-0.17312133,0.69646966,-0.7165758,-0.11432273,0.6880766,-0.03949842,-0.978243,-0.20366776
1356678319612,0.7457117,-0.105838835,0.65780866,-0.66601944,-0.091406345,0.7403128,-0.018225968,-0.99017334,-0.1386535
1356678319652,0.77320623,-0.048948646,0.6322627,-0.63415396,-0.06114331,0.7707855,9.2971325E-4,-0.99692804,-0.078317374
1356678319692,0.7836034,-0.002872169,0.6212547,-0.6210074,-0.032209724,0.7831427,0.017761141,-0.999477,-0.027023293
1356678319732,0.78029525,0.033768922,0.62449896,-0.62458766,-0.0091558695,0.7809011,0.03208801,-0.99938774,0.01394736
1356678319772,0.76467085,0.062161893,0.6414159,-0.6429336,0.0060028434,0.76589835,0.043759406,-0.99804795,0.044556193
1356678319812,0.7362136,0.08267683,0.67168003,-0.6746775,0.012065157,0.738014,0.05291277,-0.99650335,0.064662755
1356678319852,0.69280326,0.09522766,0.71481144,-0.7186261,0.008692801,0.6953425,0.06000206,-0.99541765,0.07445544
1356678319892,0.63153,0.09917861,0.76898205,-0.7726592,-0.00207676,0.6348176,0.06455734,-0.9950675,0.07531974
1356678319931,0.5509057,0.09560576,0.8290733,-0.8320637,-0.013974518,0.5545043,0.06459963,-0.9953213,0.07185142
1356678319972,0.4577218,0.08652854,0.88487494,-0.8872424,-0.019770652,0.4608797,0.057373792,-0.9960532,0.067722306
1356678320012,0.3655569,0.07671893,0.92762184,-0.9298221,-0.015314698,0.36769056,0.042415112,-0.9969351,0.06573659
1356678320052,0.29275382,0.07037765,0.95359445,-0.95593995,-0.0011666417,0.2935601,0.021772534,-0.9975198,0.06693524
1356678320092,0.25266704,0.06846601,0.9651278,-0.9675525,0.019165665,0.25194225,-0.001247853,-0.9974693,0.07108697
1356678320132,0.24950564,0.06877294,0.9659282,-0.96807444,0.042498052,0.24703425,-0.024060845,-0.9967268,0.0771808
1356678320172,0.2800013,0.06763822,0.9576138,-0.95892507,0.066888124,0.27566025,-0.045407772,-0.99546516,0.08358875
1356678320212,0.33507153,0.061127216,0.9402078,-0.9399359,0.09071401,0.32907695,-0.06517452,-0.9939993,0.087851316
1356678320253,0.4013923,0.044855118,0.9148072,-0.9120623,0.11098668,0.39474607,-0.08382508,-0.9928092,0.08545986
1356678320292,0.46378022,0.013522357,0.8858471,-0.8800961,0.12178753,0.45891023,-0.10167953,-0.99246407,0.068383634
1356678320332,0.51021165,-0.0384216,0.8591902,-0.8518826,0.11476456,0.5110042,-0.11823818,-0.99264944,0.025823534
1356678320372,0.5352063,-0.11343405,0.83707047,-0.8343959,0.08347291,0.544808,-0.13167247,-0.99003285,-0.049973667
1356678320412,0.5425356,-0.20443061,0.8147781,-0.8284615,0.030222833,0.55922997,-0.13894865,-0.9784144,-0.15296593
1356678320452,0.54635817,-0.29164055,0.78513604,-0.8260186,-0.032595694,0.56269974,-0.13851404,-0.9559725,-0.25870943
1356678320492,0.56446636,-0.35226035,0.74651885,-0.8148161,-0.09304175,0.57220435,-0.1321075,-0.9312657,-0.33954638
1356678320532,0.6064163,-0.3730594,0.7022009,-0.7858491,-0.1465269,0.60080874,-0.12124604,-0.91616404,-0.38202468
1356678320572,0.6680999,-0.3528747,0.65507406,-0.73656386,-0.1888982,0.6494545,-0.10543376,-0.91640437,-0.3861176
1356678320612,0.73506224,-0.30094367,0.60754955,-0.6726497,-0.21134835,0.7091363,-0.08500549,-0.9299273,-0.35778385
1356678320652,0.7923538,-0.23305613,0.563791,-0.6068801,-0.20685524,0.7674031,-0.062224925,-0.9502083,-0.3053397
1356678320692,0.8331699,-0.16339116,0.5283287,-0.5516094,-0.17741555,0.8150158,-0.03943266,-0.9704777,-0.23794541
1356678320732,0.85794586,-0.10006966,0.5038999,-0.5134234,-0.13257077,0.8478334,-0.018040016,-0.986109,-0.16511664
1356678320772,0.8698977,-0.04592654,0.49108928,-0.49323073,-0.08336672,0.86589456,0.0011729449,-0.99546003,-0.09517291
1356678320812,0.87220836,-9.898841E-4,0.48913354,-0.4888138,-0.03797227,0.8715614,0.01771076,-0.9992783,-0.03360361
1356678320852,0.86697996,0.035388634,0.4970848,-0.49735314,-0.0013909712,0.86754704,0.031392753,-0.9993726,0.016394705
1356678320895,0.8552209,0.06355205,0.5143523,-0.51651394,0.023034506,0.8559689,0.042550728,-0.9977127,0.052525107
1356678320934,0.8365223,0.0837307,0.54149765,-0.54548407,0.033929758,0.8374342,0.051746026,-0.99591064,0.074056745
1356678320974,0.81130934,0.09564842,0.57673955,-0.58155745,0.031244226,0.8129051,0.05973333,-0.99492466,0.080973804
1356678321014,0.7774242,0.099556655,0.62104756,-0.6255528,0.019498944,0.7799381,0.06553829,-0.99484086,0.077436924
1356678321054,0.7329073,0.09561768,0.67357564,-0.67710674,0.006280184,0.73585796,0.06613088,-0.9953983,0.06934619
1356678321094,0.67624754,0.08492839,0.7317625,-0.73435366,-0.001069352,0.6787662,0.058429062,-0.99638647,0.06164433
1356678321133,0.60947627,0.071017146,0.7896172,-0.7916746,0.0013655275,0.6109416,0.042309016,-0.99747425,0.0570547
1356678321173,0.5406529,0.058769494,0.8391905,-0.8409914,0.013226032,0.5408869,0.020688444,-0.99818397,0.056575313
1356678321210,0.48183173,0.05168262,0.87473834,-0.87626016,0.031277,0.4808221,-0.0025090277,-0.9981737,0.06035769
1356678321253,0.44380412,0.049945027,0.8947309,-0.89577603,0.052540153,0.44138968,-0.024964064,-0.99736905,0.06805709
1356678321292,0.43293715,0.05069533,0.8999974,-0.9002578,0.0750882,0.42883274,-0.04583931,-0.9958873,0.07814738
1356678321332,0.4471059,0.04895413,0.89314044,-0.8920528,0.09792635,0.44119403,-0.06586376,-0.9939889,0.0874531
1356678321372,0.47408283,0.037436664,0.8796841,-0.8762767,0.11757253,0.46724296,-0.0859347,-0.99235845,0.08854398
1356678321412,0.48994082,0.008166134,0.87171745,-0.86531055,0.12592517,0.4851602,-0.10580924,-0.99200606,0.06876212
1356678321453,0.4664442,-0.04457754,0.8834267,-0.87595075,0.11565004,0.46833265,-0.123045504,-0.9922893,0.014896542
1356678321492,0.3782286,-0.12048206,0.9178383,-0.91604805,0.09418023,0.3898537,-0.13341254,-0.98823786,-0.074745685
1356678321532,0.21707314,-0.20641342,0.95408213,-0.9669329,0.08856732,0.23915827,-0.13386595,-0.9744482,-0.18036234
1356678321572,0.022984177,-0.2748843,0.9612025,-0.9918301,0.11440346,0.056433618,-0.12547764,-0.95464677,-0.2700091
1356678321612,-0.1305984,-0.30784133,0.94243187,-0.98514926,0.14716747,-0.08844635,-0.1114679,-0.93998694,-0.3224895
1356678321652,-0.20328927,-0.31046692,0.92859244,-0.97457945,0.15537983,-0.1614069,-0.094173074,-0.93779933,-0.3341617
1356678321692,-0.19531736,-0.29198146,0.93626815,-0.9778502,0.13121083,-0.16307294,-0.075234234,-0.9473809,-0.31114185
1356678321732,-0.12290105,-0.2544632,0.9592413,-0.99084437,0.085889846,-0.104165584,-0.05588278,-0.9632609,-0.26268935
1356678321772,-0.018576533,-0.1987876,0.9798665,-0.99914944,0.03977701,-0.010872453,-0.03681484,-0.97923505,-0.19935739
1356678321812,0.07599467,-0.13192406,0.98834246,-0.9969382,0.008250415,0.07775685,-0.018412173,-0.9912255,-0.13089311
1356678321852,0.12323204,-0.06491819,0.99025226,-0.99237716,-0.0068548024,0.12304708,-0.0011999905,-0.997867,-0.0652681
1356678321897,0.09899151,-0.0063536167,0.99506795,-0.99498403,-0.015106201,0.0988867,0.014403433,-0.99986565,-0.007817119
1356678321934,-0.024302423,0.037083358,0.9990166,-0.99930525,-0.029144347,-0.023227602,0.02825433,-0.99888706,0.03776589
1356678321974,-0.26910233,0.055721134,0.9614984,-0.96225977,-0.057533145,-0.26598123,0.040497214,-0.9967874,0.0691005
1356678322014,-0.58434933,0.039691567,0.81053096,-0.80989116,-0.091430485,-0.5794107,0.051109493,-0.99502015,0.0855732
1356678322053,-0.81523484,0.0030379891,0.5791227,-0.5760701,-0.10692537,-0.8103767,0.059460998,-0.9942625,0.08891934
1356678322092,-0.92179346,-0.026247323,0.38679194,-0.3824655,-0.10154158,-0.91837335,0.0633803,-0.994485,0.0835616
1356678322132,-0.96201605,-0.037492603,0.27040583,-0.26636606,-0.08800435,-0.959846,0.059784025,-0.99541426,0.074674904
1356678322172,-0.97720855,-0.032647632,0.2097564,-0.20687646,-0.0751003,-0.9754805,0.047599904,-0.99664146,0.066634595
1356678322212,-0.9829901,-0.017242938,0.18284772,-0.18135071,-0.06621814,-0.98118657,0.029026374,-0.99765617,0.06196469
1356678322252,-0.984047,0.0033879578,0.17787711,-0.17774084,-0.06223041,-0.9821078,0.0077420175,-0.9980561,0.0618397
1356678322292,-0.9807779,0.026042022,0.1933811,-0.19466445,-0.062409103,-0.9788824,-0.013423331,-0.99771076,0.06627905
1356678322332,-0.9703705,0.050026387,0.23638612,-0.23931292,-0.06406784,-0.9688264,-0.033322133,-0.99669087,0.07414156
1356678322372,-0.94363195,0.076277405,0.32208806,-0.32687378,-0.061635554,-0.94305605,-0.05208181,-0.99517983,0.08309424
1356678322412,-0.87591976,0.104173794,0.47107583,-0.4772703,-0.04431188,-0.87763864,-0.07055271,-0.99357146,0.08853263
1356678322452,-0.72473186,0.12091881,0.6783378,-0.68321365,0.0015457273,-0.73021674,-0.089345425,-0.9926611,0.08149326
1356678322493,-0.50719464,0.096776426,0.8563807,-0.8550911,0.06752586,-0.5140617,-0.10757691,-0.9930129,0.048503876
1356678322532,-0.35130972,0.024408609,0.9359411,-0.92825866,0.12132698,-0.3515902,-0.12213674,-0.99231243,-0.019965887
1356678322572,-0.31682938,-0.07374972,0.94561106,-0.939653,0.16012508,-0.30234465,-0.12911826,-0.9843378,-0.120031476
1356678322612,-0.33667922,-0.17228681,0.92572373,-0.9329578,0.19407517,-0.30319077,-0.12742418,-0.9657392,-0.22607738
1356678322652,-0.3372804,-0.25331002,0.90668404,-0.93380636,0.21213865,-0.28810227,-0.11936352,-0.9438386,-0.3080927
1356678322692,-0.28316748,-0.3105014,0.9074167,-0.9531072,0.19645077,-0.23020375,-0.106784105,-0.93005157,-0.3515696
1356678322732,-0.16293082,-0.33976233,0.9262911,-0.9824985,0.14177653,-0.120814055,-0.0902783,-0.9297639,-0.35691577
1356678322773,0.019382596,-0.33278117,0.9428049,-0.9972756,0.060693026,0.041925192,-0.07117361,-0.9410489,-0.33069813
1356678322812,0.23169133,-0.28507727,0.93008065,-0.9714373,-0.017411977,0.23665676,-0.051270932,-0.95834637,-0.2809689
1356678322852,0.42144287,-0.20950061,0.88232386,-0.9062956,-0.06313382,0.41790235,-0.031846344,-0.9757682,-0.2164768
1356678322895,0.5588032,-0.1276404,0.81941867,-0.82919014,-0.069887355,0.55458057,-0.013519883,-0.9893552,-0.14489144
1356678322934,0.6371824,-0.05771169,0.7685492,-0.7707088,-0.05099623,0.6351435,0.0025378764,-0.99703,-0.07697283
1356678322974,0.67685723,-0.0015451014,0.73611265,-0.7359389,-0.023248717,0.6766487,0.01606822,-0.9997285,-0.016873166
1356678323014,0.68579245,0.041940838,0.7265878,-0.72729266,0.0023236722,0.68632364,0.0270966,-0.9991175,0.032096803
1356678323052,0.66817534,0.07469323,0.740245,-0.7431247,0.018649906,0.66889286,0.036156327,-0.99703205,0.06796782
1356678323093,0.62070906,0.09771976,0.7779274,-0.7828033,0.021512538,0.6218972,0.044036478,-0.9949814,0.089848384
1356678323132,0.5314613,0.110459656,0.8398497,-0.8455485,0.009533942,0.53381354,0.05095777,-0.9938349,0.09846589
1356678323172,0.381044,0.110627025,0.91791457,-0.92290723,-0.013768941,0.38477594,0.055205345,-0.9937666,0.096851915
1356678323212,0.16359994,0.097408,0.981706,-0.98507446,-0.037846178,0.16791648,0.05351028,-0.99452466,0.08976251
1356678323252,-0.07319254,0.078386694,0.9942326,-0.9963547,-0.0495494,-0.06944218,0.04382032,-0.99569094,0.081727654
1356678323293,-0.25517273,0.06631258,0.9646188,-0.9665115,-0.045608997,-0.25253797,0.02724889,-0.99675596,0.075730085
1356678323332,-0.35414344,0.06611717,0.93285096,-0.93516576,-0.032377303,-0.35272744,0.006881833,-0.99728644,0.073296785
1356678323372,-0.37789702,0.07450393,0.9228451,-0.92573667,-0.014970064,-0.37787253,-0.014337927,-0.9971084,0.074628115
1356678323412,-0.33537745,0.08575097,0.93817306,-0.94143903,0.0063340664,-0.33712393,-0.034851164,-0.99629647,0.07860494
1356678323452,-0.2306574,0.093417406,0.9685403,-0.9715153,0.033500254,-0.234597,-0.05436179,-0.9950633,0.08302939
1356678323493,-0.0779506,0.089372426,0.9929433,-0.99426365,0.06619573,-0.08401239,-0.07323697,-0.9937961,0.0836997
1356678323532,0.08089709,0.06479573,0.99461406,-0.99247706,0.09724015,0.074388415,-0.091896355,-0.9931495,0.0721747
1356678323572,0.19590569,0.013775289,0.9805259,-0.9744322,0.114910066,0.19307375,-0.11001259,-0.9932803,0.035934657
1356678323612,0.24530208,-0.0650875,0.9672593,-0.96124977,0.11314237,0.25139147,-0.12580046,-0.99144465,-0.034811288
1356678323652,0.24601501,-0.1642581,0.95524657,-0.95964694,0.09722346,0.26386622,-0.13621461,-0.9816145,-0.13371137
1356678323693,0.24043855,-0.2620984,0.93460894,-0.9606482,0.0737122,0.2678091,-0.13908446,-0.9622219,-0.23406112
1356678323732,0.27128565,-0.33286414,0.90310884,-0.9531002,0.037901804,0.30027235,-0.13417932,-0.9422128,-0.30697066
1356678323772,0.35506594,-0.36054403,0.86251736,-0.9268536,-0.015416846,0.37510633,-0.12194502,-0.9326148,-0.33964548
1356678323812,0.4753018,-0.34186393,0.81068933,-0.8736846,-0.07474233,0.48071697,-0.10374695,-0.93677247,-0.33420637
1356678323852,0.5974481,-0.2870938,0.74875426,-0.7976669,-0.1168648,0.5916673,-0.08236098,-0.950747,-0.29882586
1356678323897,0.69695914,-0.21282575,0.6848016,-0.7145935,-0.12617388,0.6880671,-0.060034305,-0.9689094,-0.24002191
1356678323952,0.75751364,-0.1441671,0.6367016,-0.65158796,-0.10709543,0.7509752,-0.040078074,-0.983741,-0.17506379
1356678323973,0.7924701,-0.083824605,0.604123,-0.6094847,-0.0718185,0.78953826,-0.022795498,-0.9938891,-0.10800383
1356678324014,0.80680734,-0.03333068,0.5898737,-0.59075505,-0.031332195,0.8062424,-0.008390576,-0.99895316,-0.04496932
1356678324050,0.8057518,0.008458048,0.59219295,-0.5922433,0.005678177,0.80573916,0.0034524202,-0.999948,0.009584434
1356678324093,0.79197055,0.042588413,0.6090721,-0.6104143,0.033494927,0.79137367,0.013302535,-0.99853104,0.052523583
1356678324132,0.7650545,0.06889412,0.64026964,-0.6435995,0.0482821,0.7638381,0.021710396,-0.996455,0.08127866
1356678324172,0.7234562,0.0864996,0.68492985,-0.6897527,0.048608974,0.72241145,0.029194593,-0.9950653,0.094829805
1356678324213,0.66397136,0.09461951,0.7417474,-0.7469261,0.037147537,0.66386855,0.035260826,-0.99482024,0.09533867
1356678324252,0.5845715,0.09363541,0.805921,-0.8104677,0.02128242,0.5853967,0.03766185,-0.99537915,0.08832954
1356678324292,0.4885771,0.08572188,0.8682996,-0.87186456,0.009376198,0.48965743,0.033832967,-0.99627507,0.07931884
1356678324332,0.38694412,0.07569891,0.91899073,-0.92180675,0.0064865947,0.38759547,0.023379415,-0.9971096,0.072289705
1356678324372,0.2964405,0.06859735,0.9525846,-0.9550154,0.012640029,0.29628667,0.008283794,-0.9975643,0.06925854
1356678324412,0.2310552,0.06698182,0.9706322,-0.9729018,0.024816453,0.22988293,-0.008689672,-0.99744546,0.07090071
1356678324452,0.19699836,0.070344,0.97787696,-0.9800701,0.04015106,0.19455189,-0.025577247,-0.9967144,0.076851755
1356678324492,0.19338536,0.07617605,0.97816116,-0.9802314,0.057490826,0.1893174,-0.04181379,-0.99543554,0.08578813
1356678324532,0.21400246,0.08035517,0.9735225,-0.97510886,0.07676253,0.20801517,-0.05801493,-0.9938061,0.09478235
1356678324572,0.24784544,0.07584852,0.9658259,-0.96587485,0.09675196,0.24025986,-0.075222254,-0.99241424,0.0972397
1356678324612,0.2807013,0.052003056,0.95838535,-0.95519435,0.112788945,0.27364662,-0.0938648,-0.99225724,0.08133301
1356678324652,0.30117,-0.001858294,0.95356864,-0.94690496,0.117447674,0.2992942,-0.11255056,-0.9930773,0.033612072
1356678324692,0.30668214,-0.087521285,0.94777954,-0.9431834,0.105831355,0.31496778,-0.12787119,-0.990525,-0.05009204
1356678324732,0.30639952,-0.18867901,0.9330164,-0.942083,0.080320954,0.32561982,-0.13637844,-0.97874856,-0.15314096
1356678324772,0.31628507,-0.27562064,0.90774286,-0.9387856,0.046793163,0.34130928,-0.13654807,-0.9601269,-0.2439487
1356678324812,0.34682494,-0.3251268,0.8797755,-0.92918384,0.008694217,0.36951563,-0.12778834,-0.94563043,-0.29908717
1356678324852,0.3959942,-0.33085418,0.8565769,-0.91159916,-0.029551372,0.41001666,-0.11034271,-0.94321907,-0.31330857
1356678324896,0.45338088,-0.29729977,0.84027296,-0.8871641,-0.059623837,0.45758593,-0.085939884,-0.9529207,-0.29078597
1356678324934,0.50122064,-0.24221793,0.8307276,-0.8632525,-0.073649585,0.4993703,-0.059773684,-0.96742237,-0.24600992
1356678324974,0.53329366,-0.17611325,0.8273947,-0.845248,-0.07166229,0.5295474,-0.033967316,-0.98175794,-0.18707639
1356678325014,0.5440589,-0.11002669,0.83180165,-0.83898294,-0.059087887,0.54094017,-0.010368496,-0.9921708,-0.124457836
1356678325054,0.5338714,-0.05013314,0.8440782,-0.8455063,-0.04347281,0.5321927,0.010013998,-0.99779594,-0.065596744
1356678325085,0.5037885,-8.702278E-4,0.86382663,-0.86342466,-0.031027466,0.5035228,0.026364118,-0.9995182,-0.01638268
1356678325124,0.46551514,0.039440542,0.88416064,-0.88418496,-0.023174345,0.46656165,0.038891286,-0.9989531,0.024084717
1356678325164,0.40794474,0.06942889,0.91036296,-0.91173303,-0.021668851,0.4102113,0.048207015,-0.9973515,0.054460883
1356678325204,0.33399543,0.0876641,0.9384892,-0.9409355,-0.027683705,0.33745196,0.05556336,-0.9957653,0.0732401
1356678325243,0.24410641,0.09317604,0.9652618,-0.96775424,-0.040397108,0.24863622,0.06216064,-0.9948298,0.080310255
1356678325284,0.14261287,0.08644,0.98599684,-0.9874772,-0.05546695,0.14768967,0.06745651,-0.99471176,0.077447206
1356678325324,0.033557773,0.071783274,0.9968556,-0.9971117,-0.0655908,0.038289517,0.068133146,-0.9952612,0.06937486
1356678325362,-0.07582271,0.05664292,0.9955112,-0.99525654,-0.06533021,-0.072086155,0.060953856,-0.99625474,0.061327755
1356678325402,-0.1775688,0.0475052,0.9829612,-0.983059,-0.05467826,-0.17494392,0.045435816,-0.99737334,0.056409538
1356678325442,-0.26743543,0.047366798,0.96241087,-0.9632589,-0.038755,-0.2657637,0.02470982,-0.9981255,0.055990875
1356678325482,-0.34264398,0.055723906,0.93781126,-0.93946135,-0.023224533,-0.34186688,0.002730012,-0.9981761,0.06030816
1356678325522,-0.40103257,0.07007027,0.91338,-0.9158843,-0.010930836,-0.40129352,-0.018134743,-0.9974822,0.068559825
1356678325562,-0.44055766,0.08729902,0.8934696,-0.8969475,-0.0014102459,-0.4421348,-0.03733796,-0.9961812,0.07892388
1356678325603,-0.4598897,0.10360092,0.88191175,-0.88624364,0.008457243,-0.46314216,-0.055440485,-0.994583,0.08792627
1356678325642,-0.46051902,0.112262756,0.8805222,-0.8846328,0.023673117,-0.46568713,-0.07312399,-0.9933965,0.088409424
1356678325682,-0.45066208,0.101864934,0.8868637,-0.8881023,0.049480855,-0.45697483,-0.090432465,-0.9935669,0.06816733
1356678325722,-0.44398808,0.060205728,0.8940077,-0.889742,0.08839697,-0.44782257,-0.10598898,-0.9942641,0.014320433
1356678325762,-0.452246,-0.014233023,0.89177966,-0.88415396,0.13858932,-0.44616684,-0.11724082,-0.9902476,-0.07526064
1356678325802,-0.47420073,-0.10427824,0.87421954,-0.8718885,0.19349456,-0.44985595,-0.12224656,-0.975544,-0.18267429
1356678325842,-0.49622113,-0.18356869,0.8485677,-0.85969985,0.24029583,-0.4507483,-0.121164024,-0.95318437,-0.27705383
1356678325893,-0.50559366,-0.23614296,0.8298261,-0.85513735,0.26482552,-0.44565403,-0.11452106,-0.9349352,-0.33582872
1356678325924,-0.49637073,-0.2600399,0.8282483,-0.8620324,0.26034898,-0.4348775,-0.10254812,-0.92983747,-0.35339248
1356678325964,-0.4665095,-0.2585177,0.84589446,-0.88023424,0.22967306,-0.41525644,-0.08692804,-0.9383064,-0.33470076
1356678326005,-0.41568115,-0.23466936,0.8787147,-0.9067956,0.18152586,-0.3804867,-0.07022086,-0.9549757,-0.28825396
1356678326044,-0.3490148,-0.19285813,0.91705745,-0.9355618,0.12806675,-0.32912466,-0.053970218,-0.9728333,-0.22512794
1356678326084,-0.27647936,-0.1390689,0.95090425,-0.96025366,0.07948148,-0.26757365,-0.038368136,-0.9870879,-0.15551639
1356678326124,-0.21095043,-0.08039704,0.97418493,-0.9772136,0.04133129,-0.20819533,-0.023526013,-0.99590564,-0.08728391
1356678326164,-0.16711533,-0.02449584,0.985633,-0.9858887,0.0140811205,-0.1668087,-0.009792715,-0.99960077,-0.026503325
1356678326204,-0.15743989,0.021998614,0.98728347,-0.98752403,-0.006525874,-0.1573329,0.0029818416,-0.99973667,0.02275163
1356678326244,-0.19368863,0.053461313,0.9796053,-0.98094356,-0.026136518,-0.19252685,0.015310705,-0.99822783,0.057504892
1356678326284,-0.2818178,0.065595865,0.95722306,-0.95906925,-0.048020184,-0.2790706,0.027660161,-0.99669015,0.07644385
1356678326324,-0.41545558,0.05697438,0.9078274,-0.9087523,-0.06941533,-0.41152245,0.039570898,-0.9959596,0.08061457
1356678326362,-0.5655417,0.033935577,0.82402134,-0.8232931,-0.08197564,-0.5616659,0.048489183,-0.99605644,0.074299455
1356678326402,-0.69231844,0.010612875,0.7215141,-0.7198026,-0.08053225,-0.6894917,0.050787628,-0.9966956,0.06339306
1356678326443,-0.7779009,-0.0013496578,0.62838566,-0.626811,-0.06911504,-0.7760999,0.044478327,-0.9976078,0.052918613
1356678326482,-0.8281973,8.323789E-5,0.5604366,-0.55958426,-0.055255353,-0.82692945,0.030898303,-0.9984722,0.04580891
1356678326522,-0.853943,0.011146337,0.5202471,-0.5201957,-0.04390192,-0.85291797,0.013332933,-0.99897367,0.043287992
