1356678914393,-0.03923911,-0.04320833,-0.9982952,-0.76903915,-0.63658476,0.057780683,-0.6379962,0.76999533,-0.008249834
1356678914433,0.14711648,0.111389846,-0.98282707,-0.75586534,-0.62823904,-0.18434545,-0.6379845,0.7700052,-0.0082286
1356678914472,0.14695549,0.11133829,-0.982857,-0.7559588,-0.6281724,-0.18418947,-0.63791096,0.770067,-0.008146189
1356678914513,0.14675665,0.11125606,-0.98289603,-0.7561757,-0.6279709,-0.18398625,-0.63769966,0.7702433,-0.008029781
1356678914554,0.14664584,0.11110571,-0.9829296,-0.7565025,-0.62762904,-0.1838088,-0.6373373,0.7705435,-0.007987432
1356678914592,0.14661002,0.11075446,-0.9829745,-0.75683904,-0.6272958,-0.1835612,-0.6369461,0.7708654,-0.0081445575
1356678914632,0.14666653,0.11009571,-0.98304015,-0.75700605,-0.62720376,-0.18318668,-0.63673455,0.7710346,-0.008646689
1356678914673,0.14695817,0.10912788,-0.98310447,-0.7568419,-0.62751687,-0.18279204,-0.6368624,0.7709174,-0.009626202
1356678914712,0.1475873,0.107877195,-0.9831482,-0.75633156,-0.62822515,-0.18247104,-0.6373229,0.77051646,-0.0111270845
1356678914753,0.14884943,0.10649043,-0.9831092,-0.75554943,-0.6291444,-0.18254429,-0.6379568,0.7699592,-0.0131889805
1356678914793,0.15125299,0.105208844,-0.98288023,-0.7546059,-0.6299811,-0.1835585,-0.63850796,0.769451,-0.0158953
1356678914834,0.15558541,0.10437438,-0.9822928,-0.7535533,-0.63042384,-0.18634161,-0.63871014,0.769202,-0.019433074
1356678914872,0.1630835,0.1044406,-0.98106885,-0.7522646,-0.6302224,-0.19214019,-0.6383587,0.76935816,-0.024211913
1356678914917,0.17464948,0.10562244,-0.9789491,-0.7505301,-0.62927276,-0.2017929,-0.6373399,0.7699738,-0.030629337
1356678914963,0.19020748,0.107648194,-0.9758243,-0.7482278,-0.62761134,-0.2150794,-0.6355913,0.77104855,-0.038830966
1356678915005,0.20511597,0.10860795,-0.97269297,-0.74612284,-0.6258378,-0.22721726,-0.6334257,0.77235436,-0.047334403
1356678915042,0.21898472,0.10862765,-0.96966267,-0.7443621,-0.62392396,-0.23799959,-0.6308491,0.7738985,-0.05577144
1356678915084,0.23397851,0.108519375,-0.9661665,-0.7427056,-0.6213396,-0.2496511,-0.62740946,0.77599025,-0.064782225
1356678915123,0.25020504,0.10798365,-0.96215224,-0.74141663,-0.6177283,-0.26213187,-0.6226547,0.7789424,-0.074497856
1356678915164,0.26691633,0.10671657,-0.957793,-0.74108243,-0.61261135,-0.27478048,-0.6160784,0.78314686,-0.08443024
1356678915205,0.28457087,0.1049149,-0.9528968,-0.7425007,-0.6046246,-0.2883085,-0.6063927,0.7895708,-0.09415919
1356678915244,0.29980093,0.101307094,-0.9486075,-0.7464816,-0.5942513,-0.29938385,-0.59404093,0.7978736,-0.10253325
1356678915285,0.31363428,0.096787095,-0.94459814,-0.7532261,-0.58036476,-0.30955952,-0.57817286,0.8085845,-0.10911969
1356678915325,0.32303286,0.09019807,-0.94207966,-0.7623806,-0.56500345,-0.31551066,-0.56073666,0.8201436,-0.113749444
1356678915364,0.32831818,0.08218196,-0.9409852,-0.7730799,-0.5490213,-0.31768385,-0.5427289,0.83175814,-0.116720416
1356678915403,0.3277387,0.07196805,-0.94202334,-0.78476393,-0.5344521,-0.31385738,-0.5260541,0.8421292,-0.11868268
1356678915444,0.32068408,0.05941835,-0.9453206,-0.79708993,-0.5222101,-0.30322292,-0.5116731,0.85074437,-0.120102644
1356678915485,0.30466235,0.043271482,-0.95147693,-0.8105746,-0.5127917,-0.28286633,-0.5001496,0.85742176,-0.12115352
1356678915524,0.27674627,0.022108257,-0.9606887,-0.8257009,-0.50593114,-0.2495032,-0.4915583,0.86229056,-0.12175979
1356678915564,0.23825628,-0.0025916398,-0.9711989,-0.8411046,-0.50051546,-0.20500568,-0.4855688,0.8657237,-0.1214308
1356678915605,0.18563461,-0.03226307,-0.98208904,-0.8565767,-0.49503845,-0.14564753,-0.48147285,0.8682718,-0.11953205
1356678915645,0.11863023,-0.064882606,-0.99081635,-0.8698858,-0.48794067,-0.07219899,-0.4787751,0.87046206,-0.11432499
1356678915683,0.03607613,-0.10036954,-0.99429595,-0.8782339,-0.47795075,0.01638186,-0.47686875,0.8726334,-0.10539055
1356678915725,-0.059741735,-0.13586965,-0.98892385,-0.877751,-0.46464616,0.116864085,-0.47537798,0.8750105,-0.09150094
1356678915763,-0.16307563,-0.16931856,-0.97197616,-0.8649032,-0.44947773,0.2234104,-0.47470915,0.8770981,-0.0731453
1356678915806,-0.26055038,-0.19732586,-0.9450799,-0.8396404,-0.43688542,0.32270008,-0.4765687,0.8776068,-0.051852137
1356678915843,-0.33667898,-0.21738994,-0.91618174,-0.8082181,-0.43252403,0.39963293,-0.48314673,0.87502265,-0.030076832
1356678915884,-0.3816191,-0.22875991,-0.8955645,-0.7808907,-0.4386027,0.4447893,-0.49454695,0.86907804,-0.011257291
1356678915927,-0.3960088,-0.23179397,-0.88850915,-0.7638508,-0.45385867,0.45885104,-0.5096165,0.8603975,0.0026759803
1356678915966,-0.38554043,-0.22572145,-0.8946555,-0.758713,-0.47423327,0.4466067,-0.5250841,0.85097164,0.011578262
1356678916008,-0.35468096,-0.2102884,-0.91103256,-0.7631336,-0.49786222,0.41201997,-0.5402117,0.8413751,0.016104072
1356678916046,-0.30375522,-0.18171987,-0.93525964,-0.77521086,-0.5235345,0.3534965,-0.553878,0.8323999,0.018155098
1356678916089,-0.24056494,-0.14304712,-0.9600344,-0.7878978,-0.54886866,0.27921358,-0.56687355,0.823578,0.019332051
1356678916127,-0.16425687,-0.09013876,-0.9822905,-0.7988968,-0.57196134,0.18607548,-0.5786048,0.815313,0.021937013
1356678916166,-0.0937711,-0.03213501,-0.99507505,-0.802721,-0.58879423,0.09465915,-0.58893627,0.80764395,0.029416412
1356678916207,-0.034496784,0.031118572,-0.9989202,-0.80174,-0.5976041,0.009070665,-0.5966766,0.80118716,0.045564473
1356678916247,0.0036717057,0.09632799,-0.99534285,-0.8000438,-0.59686136,-0.06071472,-0.5999303,0.79654086,0.07487516
1356678916308,0.017784834,0.16250363,-0.98654765,-0.8020899,-0.58677566,-0.11111298,-0.59693843,0.7932761,0.11990681
1356678916380,0.0067217946,0.22886267,-0.9734356,-0.8102292,-0.56928533,-0.13943851,-0.58607477,0.7896431,0.1816045
1356678916382,-0.017251372,0.29496598,-0.955352,-0.8228595,-0.5469736,-0.1540198,-0.567983,0.7834635,0.2521516
1356678916400,-0.034498632,0.35684332,-0.93352705,-0.8359493,-0.52222526,-0.16872945,-0.5477213,0.77456033,0.31631893
1356678916445,-0.031032681,0.40918362,-0.9119241,-0.8461181,-0.49644905,-0.1939651,-0.53209126,0.76557624,0.36162382
1356678916485,2.8252602E-4,0.44915318,-0.89345473,-0.85136056,-0.46858132,-0.23583212,-0.5245809,0.7607187,0.3822589
1356678916529,0.06129098,0.4705141,-0.8802613,-0.84818006,-0.44034392,-0.29442826,-0.52615035,0.76466584,0.37209147
1356678916568,0.13269216,0.47460586,-0.8701391,-0.8365597,-0.417197,-0.35512602,-0.53156435,0.77504575,0.34167737
1356678916610,0.21273804,0.45904452,-0.86256635,-0.8153896,-0.40302402,-0.41558585,-0.5384073,0.7917385,0.28856152
1356678916647,0.27807808,0.431099,-0.8583858,-0.7926926,-0.40171427,-0.45854563,-0.54250443,0.8079476,0.23002106
1356678916686,0.33051664,0.3944806,-0.8574053,-0.77261984,-0.40866268,-0.48585337,-0.54204917,0.823031,0.16971368
1356678916728,0.36552638,0.35246116,-0.861488,-0.76052934,-0.42051423,-0.49473524,-0.5366429,0.8360257,0.114347994
1356678916765,0.38291746,0.30834672,-0.8708022,-0.7584723,-0.43317485,-0.4869078,-0.5273461,0.8469249,0.06800228
1356678916806,0.38348746,0.26444146,-0.88487744,-0.7662916,-0.44369,-0.46468955,-0.51549447,0.8562768,0.032489717
1356678916849,0.36720246,0.2228407,-0.9030528,-0.7831912,-0.4496715,-0.42942655,-0.50177085,0.86494946,0.009406388
1356678916890,0.33222926,0.1854324,-0.9247911,-0.8077291,-0.4503467,-0.38047522,-0.48702908,0.8733857,1.6081333E-4
1356678916926,0.27960074,0.15339565,-0.94778335,-0.8355735,-0.44734758,-0.31890005,-0.47290638,0.8811073,0.0030945837
1356678916969,0.21098489,0.12972417,-0.96884316,-0.8620583,-0.44255322,-0.24698645,-0.46080476,0.8873096,0.018457755
1356678917007,0.13108182,0.1081759,-0.98545194,-0.88141525,-0.44228876,-0.16579446,-0.45378926,0.89032495,0.03737189
1356678917049,0.05174339,0.088335484,-0.99474597,-0.88882494,-0.4500662,-0.086200565,-0.4553161,0.88861537,0.055226833
1356678917087,-0.02048558,0.06445286,-0.99771047,-0.8859675,-0.46359825,-0.011757582,-0.46329466,0.8836981,0.06660025
1356678917127,-0.0772925,0.03742996,-0.9963057,-0.8753736,-0.48087078,0.04984492,-0.47722855,0.87599224,0.06993282
1356678917167,-0.120014966,0.00704509,-0.9927471,-0.86066407,-0.49915552,0.100504905,-0.4948271,0.8664838,0.06596953
1356678917206,-0.15097356,-0.025280327,-0.9882145,-0.8444369,-0.5164302,0.14221928,-0.51393914,0.8559561,0.056619614
1356678917245,-0.17164344,-0.058021694,-0.9834491,-0.8280157,-0.5323911,0.17592537,-0.533787,0.8445077,0.043338507
1356678917287,-0.18421394,-0.08905205,-0.9788437,-0.812166,-0.547112,0.20262039,-0.5535809,0.832309,0.028460562
1356678917361,-0.19230145,-0.114427924,-0.9746417,-0.79720503,-0.5609526,0.22315106,-0.5722625,0.81990147,0.016649455
1356678917362,-0.20338374,-0.12692627,-0.9708372,-0.7832087,-0.5739416,0.23911339,-0.58755356,0.80899996,0.017320573
1356678917407,-0.23039842,-0.11501446,-0.96627545,-0.76985824,-0.5858001,0.25329176,-0.59517646,0.8022531,0.04642254
1356678917447,-0.27231675,-0.07860854,-0.9589913,-0.7579634,-0.59643185,0.2641221,-0.5927352,0.7988051,0.10283604
1356678917488,-0.33454204,-0.016224414,-0.9422411,-0.7467568,-0.60532767,0.2755586,-0.5748354,0.79581094,0.19039193
1356678917527,-0.39199674,0.04790762,-0.9187184,-0.73793495,-0.61271036,0.28291002,-0.54935473,0.78885424,0.27553317
1356678917567,-0.43257886,0.0955759,-0.89651585,-0.7331523,-0.61603373,0.28807995,-0.5247506,0.7818999,0.336555
1356678917607,-0.45082802,0.11669719,-0.88494956,-0.73423755,-0.61226106,0.29331136,-0.5075916,0.78199625,0.361708
1356678917646,-0.4492516,0.11112052,-0.8864678,-0.7410551,-0.600559,0.30027688,-0.49900937,0.79182136,0.3521486
1356678917687,-0.43309212,0.083614945,-0.89746296,-0.7518793,-0.58264244,0.30855352,-0.49710035,0.80841595,0.3152062
1356678917725,-0.40795892,0.040340364,-0.91210854,-0.76486313,-0.560626,0.31730536,-0.4985516,0.82708585,0.25956738
1356678917766,-0.38001168,-0.012230307,-0.9249008,-0.77852297,-0.53572667,0.32695392,-0.49949282,0.8443029,0.19406083
1356678917806,-0.35625488,-0.06783676,-0.9319231,-0.7912546,-0.5085816,0.339501,-0.49698955,0.8583373,0.12750852
1356678917847,-0.34223962,-0.12204707,-0.93165255,-0.801685,-0.4792241,0.3572751,-0.49007472,0.86916554,0.06616616
1356678917886,-0.3445146,-0.1721445,-0.92286295,-0.806584,-0.4487158,0.3848068,-0.48034555,0.87693805,0.015740156
1356678917928,-0.36404324,-0.21511272,-0.9062003,-0.80472994,-0.41720426,0.42231548,-0.46891606,0.8829876,-0.02122727
1356678917967,-0.4049641,-0.2519546,-0.8789329,-0.7915251,-0.38460225,0.47494128,-0.45770317,0.8880316,-0.043678343
1356678918009,-0.46422642,-0.27774125,-0.8410431,-0.7649742,-0.35289383,0.53877676,-0.4464395,0.8934907,-0.048642218
1356678918048,-0.53696585,-0.2969864,-0.7895991,-0.72199947,-0.32232457,0.61222845,-0.43633074,0.89883584,-0.04134673
1356678918086,-0.6099265,-0.30795538,-0.7301734,-0.66668826,-0.29868877,0.6828702,-0.42838818,0.9032987,-0.023132026
1356678918127,-0.67419374,-0.3171487,-0.6669928,-0.6040141,-0.28292596,0.74506366,-0.42500553,0.90519035,-8.1539154E-4
1356678918166,-0.7225606,-0.32928103,-0.6078489,-0.5432227,-0.27338183,0.79383343,-0.42756906,0.90379006,0.018661916
1356678918205,-0.75362897,-0.34582293,-0.55897206,-0.49163663,-0.2678774,0.82857406,-0.43627593,0.8992486,0.031861007
1356678918246,-0.7696832,-0.36596176,-0.523125,-0.45301154,-0.2643057,0.8514241,-0.44985363,0.8923085,0.03764683
1356678918286,-0.77286166,-0.3871547,-0.50278836,-0.43023086,-0.26273406,0.863639,-0.46646148,0.88378847,0.036491096
1356678918354,-0.7633572,-0.4069585,-0.5016677,-0.4265971,-0.26558173,0.86456996,-0.4850779,0.8739857,0.029126465
1356678918364,-0.7384969,-0.42273033,-0.5252822,-0.44626427,-0.27755368,0.8507714,-0.5054409,0.8627068,0.01632309
1356678918403,-0.69542664,-0.42684433,-0.578088,-0.49061963,-0.30575877,0.8159681,-0.5250469,0.85106725,0.0032145977
1356678918449,-0.6395765,-0.4136091,-0.64797336,-0.5446668,-0.35101014,0.7616626,-0.54247576,0.8400711,-7.812977E-4
1356678918486,-0.5764961,-0.3702221,-0.7284146,-0.60043883,-0.41268003,0.6849587,-0.554189,0.8322444,0.015612721
1356678918525,-0.5469729,-0.30192506,-0.78080845,-0.6265775,-0.47089183,0.6210165,-0.55517673,0.8289162,0.0683856
1356678918564,-0.5577768,-0.21950378,-0.80043936,-0.627397,-0.51986206,0.5797556,-0.54337656,0.8255674,0.15225098
1356678918605,-0.58465356,-0.13807017,-0.799448,-0.62029004,-0.55905145,0.55018353,-0.5228964,0.81755626,0.24120772
1356678918644,-0.5950165,-0.06542817,-0.801046,-0.6273862,-0.58513325,0.51381487,-0.5023365,0.8082935,0.3071151
1356678918685,-0.57001036,-0.0015795529,-0.82163596,-0.66113603,-0.59285766,0.45980322,-0.48783946,0.8053057,0.3368907
1356678918724,-0.5014013,0.055021524,-0.8634636,-0.71943474,-0.58089864,0.3807498,-0.48063534,0.8121141,0.33084774
1356678918765,-0.38945764,0.10371637,-0.91518617,-0.7867474,-0.5541142,0.2720037,-0.4789064,0.82595426,0.29740256
1356678918808,-0.23900658,0.14056721,-0.9607896,-0.8442689,-0.51886886,0.13410833,-0.4796726,0.8432176,0.24268961
1356678918846,-0.09046495,0.15892068,-0.98313797,-0.8731706,-0.4874122,0.0015577078,-0.47894594,0.8585881,0.1828586
1356678918888,0.046036005,0.1611217,-0.98586035,-0.87909853,-0.46216244,-0.11658308,-0.47441164,0.8720354,0.12036571
1356678918927,0.14034659,0.14626756,-0.97923875,-0.87325144,-0.44782752,-0.19204763,-0.46662045,0.88207495,0.06487739
1356678918966,0.19787598,0.12217021,-0.972584,-0.86754143,-0.4400558,-0.2317819,-0.45630804,0.88962096,0.018911198
1356678919007,0.21060622,0.08869663,-0.9735389,-0.8703519,-0.43644267,-0.2280469,-0.4451209,0.8953495,-0.014720276
1356678919046,0.17225772,0.046172023,-0.9839692,-0.88405627,-0.4333409,-0.17510077,-0.43447885,0.9000466,-0.033827707
1356678919089,0.07308769,-0.006615877,-0.9973036,-0.9021995,-0.42665058,-0.063287675,-0.4250814,0.90439236,-0.037151754
1356678919126,-0.0920822,-0.070225775,-0.99327195,-0.90416795,-0.41197437,0.112948924,-0.4171345,0.9084853,-0.025560409
1356678919166,-0.29686826,-0.13802698,-0.9448904,-0.86174524,-0.38759273,0.32736394,-0.4114177,0.9114387,-0.0038801432
1356678919228,-0.4792723,-0.19661477,-0.8553601,-0.7762481,-0.35982364,0.5176543,-0.40955716,0.91206896,0.019831538
1356678919253,-0.59698594,-0.23932926,-0.76572144,-0.6864064,-0.34169036,0.6419455,-0.41527593,0.9088285,0.039707124
1356678919290,-0.657,-0.2692891,-0.7041552,-0.62269723,-0.3326735,0.7082208,-0.4249698,0.90377647,0.05088079
1356678919327,-0.6776097,-0.28697413,-0.6771197,-0.5921848,-0.33303714,0.7337598,-0.4360761,0.8981827,0.05572748
1356678919366,-0.6643127,-0.29689616,-0.6859601,-0.59545755,-0.34450364,0.72577375,-0.45179525,0.89060086,0.052069068
1356678919407,-0.6148216,-0.29111198,-0.73297226,-0.63399255,-0.370355,0.67888933,-0.46909273,0.8820947,0.043139398
1356678919445,-0.5315136,-0.27044713,-0.8027152,-0.69213593,-0.40763772,0.5956336,-0.48830438,0.87217534,0.029478788
1356678919489,-0.41576195,-0.22896597,-0.88017994,-0.7539669,-0.45444077,0.47436005,-0.50860196,0.8608474,0.01630634
1356678919526,-0.2956363,-0.16756558,-0.94048977,-0.796768,-0.4998855,0.33952218,-0.5270294,0.8497272,0.014273316
1356678919566,-0.22467917,-0.100106835,-0.969277,-0.8108848,-0.5323924,0.24294913,-0.5403565,0.8405576,0.038442314
1356678919606,-0.21460623,-0.029679805,-0.97624964,-0.8105904,-0.552202,0.19497776,-0.5448738,0.833182,0.09444776
1356678919648,-0.24924952,0.04097271,-0.9675721,-0.80501777,-0.5641626,0.18348503,-0.5383502,0.82464635,0.17360112
1356678919686,-0.2776159,0.10859257,-0.954535,-0.80403155,-0.57006633,0.16899014,-0.5257971,0.8143906,0.24557135
1356678919728,-0.27577192,0.1651023,-0.94693774,-0.8134865,-0.5648712,0.13842008,-0.51204437,0.8084935,0.29008418
1356678919766,-0.24076307,0.20652956,-0.9483558,-0.8311358,-0.54848015,0.09155789,-0.5012449,0.81025624,0.30370784
1356678919809,-0.16557151,0.22962648,-0.9590922,-0.85308915,-0.52128136,0.022466272,-0.494798,0.82191086,0.2822011
1356678919847,-0.08598316,0.2320421,-0.968898,-0.866755,-0.49695432,-0.0420973,-0.49126643,0.83617747,0.24385335
1356678919885,-0.00536263,0.21874252,-0.97576785,-0.87230027,-0.47813016,-0.10239074,-0.4889412,0.8506135,0.19337316
1356678919925,0.060119092,0.19115713,-0.97971666,-0.8719387,-0.46772432,-0.14476535,-0.48591018,0.8629559,0.13855809
1356678919966,0.09900516,0.15270928,-0.9832995,-0.8709142,-0.46470785,-0.15985993,-0.481359,0.87219644,0.08698815
1356678920006,0.10363978,0.106188565,-0.9889301,-0.8737513,-0.46532428,-0.14153427,-0.47520256,0.8787475,0.04455632
1356678920046,0.06333721,0.05150366,-0.99666226,-0.8816976,-0.46497297,-0.08005929,-0.4675444,0.8838255,0.015960589
1356678920087,-0.030245125,-0.010662615,-0.9994856,-0.8886853,-0.45741552,0.031771988,-0.45751902,0.8891891,0.0043588877
1356678920136,-0.19311833,-0.08232245,-0.97771585,-0.87488794,-0.4366356,0.20957193,-0.44415805,0.895864,0.012299418
1356678920177,-0.39494926,-0.16216367,-0.9042777,-0.8103708,-0.40220666,0.4260623,-0.43279827,0.90107316,0.027438432
1356678920215,-0.5596077,-0.22586215,-0.7973867,-0.71047133,-0.36463058,0.60189295,-0.42669636,0.9033443,0.043581426
1356678920256,-0.6641618,-0.27196395,-0.69636536,-0.6131811,-0.33468878,0.71553636,-0.4276658,0.90223,0.05552435
1356678920296,-0.7178352,-0.30530468,-0.625701,-0.5434706,-0.31599212,0.7776816,-0.4351464,0.8982973,0.06090617
1356678920358,-0.73511255,-0.32945937,-0.59250814,-0.5089878,-0.30909747,0.8033618,-0.44781786,0.89214075,0.059530675
1356678920375,-0.7230784,-0.34490067,-0.5984991,-0.5111712,-0.31559193,0.799441,-0.46460918,0.883994,0.051894367
1356678920416,-0.6817869,-0.3479027,-0.6435296,-0.5488531,-0.33833194,0.7643898,-0.48365992,0.8743542,0.0397228
1356678920457,-0.6047781,-0.33361226,-0.7231502,-0.6159084,-0.3797201,0.6902677,-0.50487643,0.86285305,0.024171889
1356678920495,-0.48605996,-0.29033822,-0.8242873,-0.697699,-0.43907094,0.56606793,-0.5262717,0.8502474,0.010846078
1356678920538,-0.35493737,-0.21819115,-0.90907216,-0.7590872,-0.5003419,0.41646695,-0.5457163,0.83788466,0.011963874
1356678920577,-0.38434964,-0.21961933,-0.8966843,-0.7346125,-0.515501,0.44113857,-0.55912423,0.8282669,0.036797464
1356678920619,-0.23149037,-0.035974473,-0.9721718,-0.79578173,-0.5678211,0.21050078,-0.55959237,0.82236546,0.10281736
1356678920657,-0.1665889,0.11211553,-0.97963166,-0.8194394,-0.5683289,0.07430449,-0.54842234,0.81512713,0.18654923
1356678920695,-0.14514971,0.22632846,-0.96317554,-0.8364661,-0.54801196,-0.0027180016,-0.5284468,0.8052691,0.2688598
1356678920737,-0.109363675,0.31438577,-0.94297457,-0.85431445,-0.5146737,-0.07251006,-0.5081204,0.7976669,0.32487097
1356678920775,-0.03720504,0.377522,-0.92525285,-0.8691623,-0.46912307,-0.15646216,-0.49312538,0.7983737,0.34558165
1356678920816,0.068293214,0.4141459,-0.90764487,-0.87205774,-0.41713864,-0.25595024,-0.4846145,0.80899847,0.33267146
1356678920855,0.18484968,0.42476648,-0.88623023,-0.8569152,-0.37185228,-0.3569624,-0.48117247,0.82540846,0.29525214
1356678920897,0.29208314,0.41420227,-0.8620463,-0.82719046,-0.3430094,-0.44508472,-0.48004514,0.84307826,0.24243695
1356678920936,0.3738793,0.39048064,-0.84127235,-0.7948687,-0.33248395,-0.5075806,-0.47790995,0.8584749,0.18607202
1356678920977,0.43461716,0.35880655,-0.82605433,-0.7666475,-0.33392256,-0.5484044,-0.47260925,0.8716385,0.12994966
1356678921026,0.47230798,0.32079947,-0.8209828,-0.74999547,-0.34306324,-0.5655214,-0.463068,0.88283366,0.07856664
1356678921067,0.47752503,0.2786296,-0.8332679,-0.7536532,-0.35760412,-0.5514762,-0.45163766,0.89133877,0.03922522
1356678921106,0.45668197,0.23676977,-0.85754395,-0.7738024,-0.3698861,-0.514212,-0.4389435,0.8984009,0.014292747
1356678921145,0.40131053,0.19318366,-0.89533794,-0.8110604,-0.37925074,-0.44536504,-0.42559472,0.9049028,0.004486263
1356678921186,0.29963905,0.14434975,-0.9430692,-0.8599581,-0.38719183,-0.3324974,-0.4131446,0.9106293,0.008116946
1356678921226,0.1441217,0.08653155,-0.9857694,-0.9029856,-0.39598262,-0.1667782,-0.40477908,0.9141718,0.021066993
1356678921267,-0.047085643,0.019878238,-0.99869305,-0.91349506,-0.4053414,0.03500077,-0.40411586,0.91394925,0.03724444
1356678921307,-0.22289318,-0.047272593,-0.973696,-0.8838868,-0.41148692,0.22231203,-0.41117248,0.91018885,0.04993406
1356678921361,-0.3413539,-0.102743596,-0.9343026,-0.8381505,-0.41662025,0.35203898,-0.42541903,0.90325606,0.05610025
1356678921385,-0.39911485,-0.14146656,-0.9059218,-0.8025807,-0.42385513,0.4197749,-0.44336376,0.89461386,0.055628598
1356678921428,-0.40280885,-0.16216046,-0.90080464,-0.78880805,-0.43769008,0.43151963,-0.4642487,0.8843819,0.048391968
1356678921467,-0.35886276,-0.16075405,-0.91944313,-0.7971227,-0.45970368,0.39149442,-0.48560572,0.87340176,0.03682986
1356678921505,-0.27554673,-0.13825384,-0.9512938,-0.8163184,-0.48894006,0.3075093,-0.50764,0.86129177,0.02186668
1356678921544,-0.16051394,-0.09057033,-0.9828694,-0.8330847,-0.5216039,0.18411762,-0.5293441,0.8483669,0.008271933
1356678921586,-0.045288026,-0.021769285,-0.99873674,-0.834916,-0.5481191,0.049806774,-0.548511,0.8361169,0.006647721
1356678921625,0.033522308,0.060964137,-0.99757695,-0.82697237,-0.55882037,-0.061940104,-0.56124234,0.82704496,0.03168264
1356678921666,0.062182486,0.15242314,-0.98635715,-0.8241466,-0.54958606,-0.1368846,-0.5629526,0.8214148,0.09144443
1356678921707,0.054609716,0.24766049,-0.9673066,-0.8324455,-0.523685,-0.18107566,-0.55140924,0.81511855,0.17756563
1356678921746,0.051592946,0.33809903,-0.9396953,-0.84492457,-0.48684323,-0.2215541,-0.5323915,0.8054022,0.26055047
1356678921788,0.08107668,0.41168553,-0.9077122,-0.8542209,-0.44053882,-0.27610168,-0.51354957,0.79777217,0.31595302
1356678921827,0.1483556,0.46246725,-0.87413657,-0.85337156,-0.3868116,-0.34947646,-0.49974754,0.7978101,0.3372707
1356678921868,0.24819386,0.48422778,-0.83900136,-0.8346038,-0.33278984,-0.43896186,-0.49176866,0.80918133,0.32154194
1356678921906,0.34620547,0.4829376,-0.8043091,-0.80166686,-0.2930364,-0.52101827,-0.48731112,0.8251673,0.2857042
1356678921945,0.43333435,0.46467632,-0.77220297,-0.7602865,-0.27159935,-0.59008336,-0.4839275,0.8427988,0.23559374
1356678921987,0.50210404,0.43610176,-0.7467977,-0.7201754,-0.267235,-0.64026004,-0.47878897,0.85930246,0.17988995
1356678922025,0.55119854,0.40269518,-0.7307645,-0.6890091,-0.27427995,-0.67084813,-0.4705813,0.87327385,0.12627786
1356678922066,0.58272487,0.3676831,-0.724735,-0.6702823,-0.28680128,-0.6844462,-0.45951426,0.8846209,0.07932529
1356678922114,0.5997987,0.33156708,-0.72822034,-0.6655122,-0.29854396,-0.68407965,-0.44422412,0.89494956,0.041595697
1356678922150,0.58987623,0.2946399,-0.75182,-0.68440753,-0.31166786,-0.65912783,-0.42852348,0.9033551,0.017808292
1356678922194,0.55864704,0.26212615,-0.78689486,-0.71987057,-0.3179812,-0.61698806,-0.41194648,0.9111409,0.011057649
1356678922237,0.4974408,0.23058787,-0.8362906,-0.7711923,-0.32391837,-0.5480322,-0.3972595,0.91755444,0.016697414
1356678922278,0.40237808,0.20017987,-0.8933196,-0.82949203,-0.33314663,-0.44828153,-0.3873433,0.92138016,0.031996667
1356678922317,0.2768942,0.16449156,-0.9467165,-0.88074696,-0.35049146,-0.31849727,-0.38420624,0.9220077,0.047826454
1356678922357,0.14176261,0.12498751,-0.9819783,-0.90983593,-0.37437677,-0.178999,-0.39000258,0.9188145,0.06064549
1356678922393,0.020721436,0.08304033,-0.99633074,-0.915604,-0.39866936,-0.052270055,-0.40154704,0.91332746,0.06777105
1356678922436,-0.06575,0.044762522,-0.99683166,-0.9061403,-0.42099875,0.040863186,-0.4178357,0.90595615,0.068241745
1356678922474,-0.111325264,0.014820993,-0.99367356,-0.89238,-0.44151556,0.0933916,-0.43733814,0.8971312,0.06237778
1356678922515,-0.11736286,-0.00368312,-0.9930823,-0.8806354,-0.46183383,0.10578665,-0.45902863,0.88695884,0.050958663
1356678922558,-0.0893625,-0.008436799,-0.99596345,-0.87145704,-0.4835199,0.0822871,-0.48226237,0.8752928,0.035856217
1356678922595,-0.041804254,0.0029878318,-0.9991213,-0.8622621,-0.50528127,0.03456691,-0.50473404,0.8629495,0.023699194
1356678922636,-0.004427254,0.02877307,-0.99957615,-0.85223764,-0.5230332,-0.011280984,-0.5231361,0.85182655,0.026837096
1356678922677,-0.0046648383,0.06613332,-0.9977998,-0.8464005,-0.53162736,-0.03127873,-0.5325263,0.8443924,0.058455333
1356678922717,-0.06635469,0.10639897,-0.99210703,-0.84688735,-0.53177226,-3.8817525E-4,-0.52761626,0.84017706,0.12539348
1356678922755,-0.1627264,0.13981795,-0.97671443,-0.8435141,-0.53325665,0.06419805,-0.5118634,0.8343191,0.20471334
1356678922796,-0.2638783,0.15684775,-0.9517179,-0.82960176,-0.54026395,0.14098158,-0.4920662,0.82674885,0.27268505
1356678922837,-0.3331707,0.1568855,-0.9297226,-0.81352675,-0.5462917,0.19934765,-0.47662503,0.8227711,0.30963904
1356678922876,-0.35202944,0.14782953,-0.9242411,-0.8106164,-0.5418285,0.22208762,-0.4679491,0.8273864,0.31057265
1356678922917,-0.3245408,0.13297457,-0.93647814,-0.8236637,-0.526488,0.21068609,-0.46502852,0.8397192,0.280393
1356678922956,-0.27462184,0.10899192,-0.9553552,-0.84144914,-0.50807333,0.18391523,-0.4653452,0.8543899,0.23123923
1356678922996,-0.21891862,0.07540697,-0.97282505,-0.857183,-0.49119025,0.15482137,-0.46616745,0.86778224,0.17216814
1356678923037,-0.19311416,0.022724539,-0.98091316,-0.86417353,-0.47738904,0.15907189,-0.4646623,0.8783982,0.111828476
1356678923079,-0.24200666,-0.06301239,-0.9682263,-0.85479033,-0.45831287,0.24348062,-0.4590929,0.8865544,0.057052404
1356678923116,-0.42050833,-0.1984317,-0.88532346,-0.7880243,-0.40372634,0.46478248,-0.44965595,0.89310133,0.01340121
1356678923157,-0.6909501,-0.3456409,-0.6349176,-0.5765902,-0.26626807,0.77242804,-0.436041,0.8997965,-0.015315175
1356678923197,-0.8678917,-0.41174647,-0.27790082,-0.2638434,-0.09191632,0.96017605,-0.42089272,0.9066511,-0.028863132
1356678923236,-0.91367257,-0.40507376,-0.033432618,-0.04072927,0.009405196,0.999126,-0.4044053,0.91423565,-0.025091708
1356678923277,-0.91683173,-0.38726127,0.09720263,0.08587922,0.046483576,0.9952206,-0.3899287,0.9207975,-0.009359896
1356678923315,-0.91202736,-0.3784799,0.15798423,0.15098096,0.048318982,0.98735505,-0.38132766,0.92434746,0.013074994
1356678923356,-0.9061413,-0.38132524,0.18302788,0.18217719,0.038674414,0.98250484,-0.3817324,0.92363167,0.034424245
1356678923393,-0.89967036,-0.39293897,0.19024208,0.19414999,0.030189693,0.98050714,-0.39102283,0.9190688,0.049128354
1356678923434,-0.892703,-0.40916973,0.18884312,0.1949202,0.027234852,0.980441,-0.40630984,0.9120518,0.05544269
1356678923475,-0.88583034,-0.4274081,0.18062969,0.18615651,0.029224217,0.98208547,-0.42503005,0.9035864,0.053676963
1356678923514,-0.87980014,-0.44633108,0.16352402,0.16623996,0.033379436,0.9855202,-0.44532663,0.8942451,0.04483086
1356678923556,-0.8750576,-0.46572465,0.13181314,0.13055883,0.03512031,0.9908183,-0.46607783,0.88423246,0.030072272
1356678923596,-0.8707434,-0.48601,0.074833676,0.071050555,0.026238024,0.99712753,-0.4865774,0.87355924,0.011684716
1356678923638,-0.86223274,-0.50583434,-0.026199013,-0.024303317,-0.010348737,0.9996511,-0.505929,0.8625686,-0.0033704042
1356678923676,-0.8362454,-0.51217866,-0.19587383,-0.16884594,-0.09934384,0.9806232,-0.52171314,0.8531142,-0.0034034848
1356678923719,-0.7883311,-0.47894984,-0.38618797,-0.31186146,-0.23001069,0.92186636,-0.5303551,0.84717304,0.03195858
1356678923757,-0.7338022,-0.39953482,-0.5494599,-0.42439842,-0.36196297,0.82998115,-0.5304906,0.8422319,0.09604734
1356678923796,-0.71569693,-0.31071264,-0.6254882,-0.46606982,-0.45452118,0.7590714,-0.5201507,0.83478624,0.1804856
1356678923834,-0.7083879,-0.22450884,-0.6691655,-0.49453795,-0.5185702,0.6975079,-0.50360596,0.82503384,0.25632066
1356678923875,-0.6798971,-0.13910967,-0.71999186,-0.54813856,-0.5558039,0.62500083,-0.48711795,0.81959164,0.3016382
1356678923914,-0.6062144,-0.04971844,-0.7937457,-0.63839036,-0.56479263,0.5229408,-0.47430152,0.82373387,0.31064567
1356678923955,-0.46881735,0.043875962,-0.8822048,-0.7505063,-0.5464562,0.37165302,-0.46577966,0.8363375,0.28911737
1356678923994,-0.26645172,0.13122308,-0.9548738,-0.84689,-0.504886,0.16693568,-0.46019658,0.85315335,0.2456592
1356678924035,-0.040203273,0.19321337,-0.98033273,-0.88958097,-0.45369965,-0.052937895,-0.45500493,0.869957,0.19011913
1356678924075,0.15803021,0.22167361,-0.9622303,-0.8800684,-0.41028303,-0.23905534,-0.44777903,0.88460654,0.1302508
1356678924115,0.29328948,0.22129127,-0.9300599,-0.84985363,-0.38522422,-0.3596542,-0.4378699,0.8958976,0.07508296
1356678924155,0.37333077,0.20418987,-0.9049479,-0.82443404,-0.37424368,-0.42455864,-0.42536163,0.9045707,0.028624438
1356678924195,0.3941444,0.17288718,-0.9026407,-0.82145107,-0.37417665,-0.43036032,-0.41215083,0.9110993,-0.005461313
1356678924236,0.35013616,0.12792453,-0.92792237,-0.8472657,-0.37917662,-0.37197542,-0.39943132,0.91643894,-0.024377346
1356678924274,0.20161217,0.056806147,-0.97781676,-0.8993199,-0.3847739,-0.20778054,-0.38804156,0.92126113,-0.026488215
1356678924315,-0.10174972,-0.054463297,-0.9933181,-0.92007613,-0.3745461,0.114783466,-0.37829486,0.9256074,-0.012000442
1356678924357,-0.48011905,-0.17929849,-0.8586837,-0.7947595,-0.32539737,0.51232195,-0.37127197,0.9284226,0.013730347
1356678924394,-0.723214,-0.25795895,-0.6406394,-0.5839444,-0.2668774,0.7666717,-0.368742,0.92856544,0.042375743
1356678924434,-0.8252239,-0.297365,-0.480187,-0.4250639,-0.2328633,0.87469727,-0.37192225,0.9259313,0.06576526
1356678924473,-0.8617324,-0.3221976,-0.3919257,-0.33546552,-0.21769208,0.9165549,-0.38063097,0.9213028,0.07950628
1356678924512,-0.8696506,-0.34186047,-0.35614485,-0.2975855,-0.2125929,0.9307239,-0.39389163,0.9153882,0.0831489
1356678924552,-0.86029905,-0.357856,-0.3630766,-0.30189165,-0.21627313,0.9284865,-0.4107882,0.90838593,0.07802582
1356678924592,-0.83198583,-0.3677603,-0.41539383,-0.3497554,-0.23352754,0.9072685,-0.43066323,0.90012074,0.06566548
1356678924641,-0.7655551,-0.36418203,-0.5303744,-0.4550055,-0.2763511,0.84652245,-0.45485774,0.8893827,0.04585713
1356678924675,-0.6260266,-0.31988737,-0.7111699,-0.61565566,-0.35698056,0.702519,-0.4786008,0.87763137,0.026538908
1356678924717,-0.42564565,-0.22998276,-0.8751763,-0.7533858,-0.4456606,0.48352498,-0.50123405,0.86515576,0.016427815
1356678924756,-0.2219305,-0.10281864,-0.96962637,-0.8258126,-0.50891536,0.24297917,-0.51844054,0.8546541,0.028034866
1356678924798,-0.12737834,0.011011183,-0.99179304,-0.8419344,-0.5298032,0.10224965,-0.5243293,0.84804904,0.07675615
1356678924837,-0.093224704,0.115407825,-0.98893386,-0.84978974,-0.52679247,0.018631607,-0.5188126,0.8421228,0.14718245
1356678924879,-0.09404576,0.20407867,-0.9744266,-0.859493,-0.5105846,-0.023981005,-0.50242126,0.83525765,0.22342251
1356678924936,-0.052497268,0.2877425,-0.95626783,-0.8732643,-0.47773397,-0.09581038,-0.48441038,0.83004487,0.27635503
1356678924953,0.04631293,0.35520273,-0.9336413,-0.8817759,-0.42464632,-0.20529631,-0.4693892,0.83277035,0.29354268
1356678924993,0.1872037,0.39728338,-0.898399,-0.8683552,-0.36065012,-0.3404274,-0.4592538,0.8438587,0.27746797
1356678925030,0.3289057,0.4095936,-0.8509137,-0.82843983,-0.30739307,-0.46818477,-0.45333046,0.85891944,0.23822033
1356678925073,0.44589734,0.3986377,-0.8014135,-0.7740199,-0.27792746,-0.5689021,-0.44952065,0.8739819,0.1846264
1356678925118,0.5300909,0.37415242,-0.7609294,-0.72171974,-0.27198234,-0.63651097,-0.44511145,0.88658655,0.12585783
1356678925156,0.5799955,0.3447032,-0.73809546,-0.6862433,-0.28147373,-0.67070305,-0.43894798,0.8955178,0.073296756
1356678925198,0.609267,0.31405193,-0.7281244,-0.66605955,-0.2955935,-0.6848278,-0.43030035,0.90221715,0.02908194
1356678925237,0.6139271,0.28206164,-0.737248,-0.6678073,-0.31237748,-0.6756135,-0.4208644,0.9071171,-0.0034141839
1356678925276,0.5973454,0.25147232,-0.76153797,-0.68859816,-0.32593936,-0.6477624,-0.4111095,0.91133153,-0.021535013
1356678925317,0.55095553,0.2196207,-0.80511785,-0.73132294,-0.33768085,-0.59256935,-0.40201342,0.91528046,-0.02543348
1356678925366,0.46837398,0.18688759,-0.8635385,-0.79098964,-0.34676656,-0.5040717,-0.393651,0.91914415,-0.014590293
1356678925397,0.34013438,0.14965984,-0.92839134,-0.85705185,-0.3569587,-0.3715407,-0.3870021,0.92205334,0.006852329
1356678925436,0.17414403,0.10604513,-0.97899354,-0.90670574,-0.37055767,-0.20142442,-0.38413367,0.92273587,0.031621307
1356678925476,0.0040318966,0.058644414,-0.99827075,-0.92218614,-0.38584483,-0.026391447,-0.38672528,0.92069787,0.0525254
1356678925517,-0.13199699,0.014129609,-0.99114937,-0.90928483,-0.3998565,0.11539441,-0.39468712,0.9164688,0.065627754
1356678925558,-0.21650642,-0.02190736,-0.9760353,-0.8871945,-0.41282296,0.20606554,-0.40744418,0.91054773,0.06994277
1356678925597,-0.25270915,-0.046669602,-0.9664161,-0.87017775,-0.4257182,0.24810222,-0.42299977,0.9036515,0.06697202
1356678925637,-0.24750996,-0.060058445,-0.96702206,-0.86260605,-0.44082403,0.24816278,-0.44119087,0.89558196,0.05730164
1356678925676,-0.20835346,-0.061100394,-0.97614324,-0.86264145,-0.45885205,0.21284828,-0.46091047,0.8864093,0.042895734
1356678925719,-0.14583176,-0.051424652,-0.98797196,-0.86373925,-0.48031217,0.1524947,-0.482377,0.8755888,0.025627285
1356678925757,-0.07472813,-0.027526379,-0.99682397,-0.86162627,-0.5014453,0.0784398,-0.50201184,0.86475134,0.013754606
1356678925795,-0.02708143,0.0075789094,-0.99960446,-0.8559137,-0.51675946,0.01927051,-0.51640904,0.8560971,0.020481497
1356678925834,-0.012652874,0.06011197,-0.9981114,-0.85313356,-0.52128655,-0.020579875,-0.52153915,0.851262,0.057879284
1356678925877,-0.027350187,0.12956107,-0.9911942,-0.85650235,-0.51429904,-0.04359147,-0.515418,0.84776795,0.12503552
1356678925915,-0.050563216,0.20686764,-0.9770615,-0.86439484,-0.499107,-0.060940385,-0.5002649,0.84148556,0.20405175
1356678925955,-0.05414796,0.27606413,-0.9596127,-0.87378705,-0.47823006,-0.088273495,-0.4832848,0.83371735,0.26711637
1356678925994,-0.028074026,0.32396555,-0.94565225,-0.88235474,-0.4525987,-0.1288583,-0.46974662,0.83078325,0.29855883
1356678926035,0.023153543,0.34592572,-0.93797624,-0.88689697,-0.42589468,-0.17896268,-0.46138683,0.8360318,0.29693943
1356678926075,0.087365985,0.34243536,-0.9354706,-0.88497114,-0.40447372,-0.23071012,-0.45737648,0.8480207,0.26770812
1356678926115,0.146141,0.32066816,-0.9358498,-0.8783099,-0.39324516,-0.27190077,-0.4552083,0.86170197,0.22417673
1356678926156,0.19386905,0.28561077,-0.9385314,-0.87040496,-0.39125103,-0.29886067,-0.45255923,0.8748423,0.17274562
1356678926195,0.22130454,0.24345252,-0.9443279,-0.86622036,-0.39575326,-0.30502713,-0.44798046,0.88549995,0.123301536
1356678926235,0.23039466,0.19829234,-0.9526796,-0.86738527,-0.40192604,-0.29342473,-0.44109064,0.8939438,0.07939428
1356678926278,0.21904606,0.15196967,-0.9638071,-0.8747623,-0.40697986,-0.26297992,-0.43221498,0.9007068,0.043789983
1356678926315,0.18554395,0.10688102,-0.9768059,-0.8874616,-0.40856403,-0.21327767,-0.4218831,0.90645015,0.019046202
1356678926368,0.12947816,0.066370994,-0.9893585,-0.90285003,-0.4046588,-0.14530325,-0.40999657,0.91205597,0.007528633
1356678926396,0.049203873,0.03218186,-0.99827015,-0.9166435,-0.39548558,-0.057930112,-0.3966657,0.91790825,0.010039836
1356678926436,-0.052548766,0.0051632524,-0.998605,-0.9220902,-0.38416672,0.04653606,-0.38339055,0.92324924,0.024948478
1356678926476,-0.16582143,-0.01801014,-0.98599136,-0.912484,-0.3763854,0.16033414,-0.37400034,0.9262881,0.045978755
1356678926517,-0.2747439,-0.041533798,-0.96062005,-0.8865987,-0.3756885,0.26981673,-0.37210035,0.92581487,0.06639424
1356678926556,-0.3686412,-0.06997585,-0.92693424,-0.84908235,-0.38053304,0.36640665,-0.3783687,0.92211604,0.08086491
1356678926597,-0.44259524,-0.10483712,-0.890572,-0.80635774,-0.38794833,0.44641143,-0.3922965,0.9156993,0.08716792
1356678926646,-0.49795341,-0.14732221,-0.85459846,-0.7625421,-0.39494097,0.5123974,-0.4130035,0.90681744,0.08432281
1356678926687,-0.54151404,-0.1926778,-0.81831396,-0.71969485,-0.3968476,0.56969404,-0.43451333,0.89743364,0.076229334
1356678926726,-0.56755185,-0.23631069,-0.7886965,-0.68476975,-0.39638436,0.61153084,-0.4571382,0.88715094,0.06315029
1356678926767,-0.5789932,-0.27533928,-0.7674341,-0.65895987,-0.39627147,0.63932836,-0.4801444,0.8758751,0.04800093
1356678926807,-0.5819861,-0.30383444,-0.7543056,-0.6400158,-0.4010929,0.6553658,-0.5016693,0.8641813,0.038971603
1356678926847,-0.5885438,-0.31308338,-0.74538255,-0.62074363,-0.41569656,0.6647358,-0.5179707,0.8539176,0.05031103
1356678926889,-0.61486036,-0.29500723,-0.73138064,-0.5897913,-0.44364738,0.67477655,-0.523539,0.8462552,0.09878844
1356678926926,-0.6538323,-0.25872505,-0.71103066,-0.55182,-0.47989702,0.68205094,-0.5176851,0.838308,0.1710025
1356678926968,-0.7000896,-0.21540034,-0.68079174,-0.51000255,-0.51646507,0.68786716,-0.49977198,0.8287741,0.25171712
1356678927007,-0.7330612,-0.18052343,-0.65576863,-0.48269853,-0.54117745,0.68857026,-0.47919026,0.8213028,0.30957788
1356678927045,-0.747829,-0.16056168,-0.6441828,-0.47701412,-0.54491526,0.68958306,-0.4617457,0.82297456,0.33091342
1356678927087,-0.7440992,-0.15447287,-0.64996505,-0.49365336,-0.528394,0.6907288,-0.45013642,0.83482814,0.3169214
1356678927125,-0.7244253,-0.15935925,-0.67068076,-0.527405,-0.4983778,0.6880869,-0.44390538,0.85218793,0.27699062
1356678927166,-0.69204354,-0.17246757,-0.7009499,-0.57146484,-0.46236998,0.6779691,-0.44102585,0.8697523,0.22142094
1356678927205,-0.6528953,-0.19140893,-0.73286456,-0.6172583,-0.42631364,0.661248,-0.43899888,0.8840924,0.16018933
1356678927246,-0.61601335,-0.21445824,-0.7579811,-0.65608937,-0.39286828,0.6443612,-0.43597525,0.8942384,0.101308286
1356678927285,-0.5929903,-0.24065186,-0.7684069,-0.68004954,-0.3613056,0.63795835,-0.43115562,0.90085787,0.050595522
1356678927328,-0.5946627,-0.2691095,-0.75759906,-0.6828196,-0.3284003,0.6526183,-0.4244215,0.9053912,0.011534214
1356678927366,-0.6288238,-0.2988921,-0.71780497,-0.65667295,-0.29019803,0.6961075,-0.41636664,0.9090922,-0.013790965
1356678927405,-0.69191486,-0.32465035,-0.6448689,-0.5964698,-0.24621516,0.7639384,-0.40678933,0.9132252,-0.023284197
1356678927447,-0.7692359,-0.3432182,-0.5389595,-0.5011159,-0.19927377,0.842124,-0.39643276,0.91787314,-0.01870358
1356678927489,-0.83798796,-0.35075086,-0.41803086,-0.38537192,-0.16198331,0.90843254,-0.3863476,0.92235297,5.7065487E-4
1356678927527,-0.88333076,-0.3553384,-0.30571446,-0.27417827,-0.13732314,0.9518238,-0.38020125,0.92459553,0.023875773
1356678927565,-0.9048424,-0.36225247,-0.22368173,-0.18970633,-0.12729257,0.97355443,-0.38114548,0.92334706,0.046458066
1356678927605,-0.91149837,-0.37502164,-0.16890708,-0.13140202,-0.12362671,0.98359036,-0.38974908,0.91873574,0.063406885
1356678927647,-0.9099276,-0.39200503,-0.13551296,-0.095008865,-0.12103903,0.98809046,-0.4037388,0.9119658,0.072892785
1356678927686,-0.90328395,-0.4114372,-0.121644855,-0.07919867,-0.11875522,0.9897599,-0.42167002,0.9036684,0.07468438
1356678927725,-0.8930986,-0.43140757,-0.12752415,-0.08409023,-0.118383765,0.98940086,-0.44193184,0.894356,0.06945121
1356678927787,-0.8789093,-0.45027077,-0.15740035,-0.11297023,-0.124097764,0.9858182,-0.46341813,0.88422626,0.05820334
1356678927816,-0.8549904,-0.4673508,-0.22488818,-0.17676035,-0.1450752,0.9735035,-0.48759332,0.87208736,0.041428745
1356678927851,-0.8113872,-0.466793,-0.35178846,-0.28791922,-0.20458806,0.935546,-0.508678,0.86037666,0.03160143
1356678927890,-0.74515694,-0.4338499,-0.5064734,-0.41321257,-0.2957359,0.86127555,-0.5234467,0.8510667,0.041097403
1356678927936,-0.68151265,-0.3631194,-0.635362,-0.5070442,-0.3917346,0.76775664,-0.5276805,0.8453924,0.08285445
1356678927974,-0.6432533,-0.27131346,-0.71597075,-0.561381,-0.46875548,0.6819968,-0.52065015,0.8406291,0.14921832
1356678928016,-0.6352018,-0.18255056,-0.75046253,-0.585578,-0.51973975,0.62206835,-0.5036042,0.83459324,0.22324204
1356678928056,-0.61602753,-0.096530974,-0.7817876,-0.6221288,-0.549147,0.5580264,-0.4831831,0.8301322,0.2782349
1356678928097,-0.54746693,-0.0055299997,-0.83680904,-0.6951763,-0.5536603,0.4584651,-0.4658432,0.83272433,0.29926628
1356678928137,-0.38986224,0.09831065,-0.9156105,-0.8007133,-0.52727354,0.28432533,-0.45482498,0.84398913,0.28428262
1356678928177,-0.14816958,0.20053482,-0.96841705,-0.8808389,-0.47196501,0.03703785,-0.4496316,0.8585073,0.24656977
