1356678500003,-0.4502591,0.42987058,0.78260976,0.54018164,-0.56675375,0.62208843,0.7109645,0.70285237,0.022977829
1356678500045,0.09015113,-0.1233812,0.988256,0.69743305,-0.7005435,-0.15108263,0.71095705,0.7028626,0.022895299
1356678500082,0.09106004,-0.123624176,0.98814225,0.6973357,-0.70046467,-0.1518949,0.71093667,0.7028984,0.022423238
1356678500123,0.093535006,-0.124326766,0.9878229,0.69700736,-0.7003015,-0.15413776,0.7109374,0.7029371,0.021153979
1356678500163,0.097702265,-0.1256046,0.9872577,0.6963383,-0.7001101,-0.15798396,0.7110325,0.7029007,0.019060947
1356678500203,0.10289681,-0.1273692,0.9865036,0.6954311,-0.6998851,-0.16289997,0.7111876,0.7028071,0.016560614
1356678500243,0.10836655,-0.12952062,0.9856374,0.6946198,-0.6994179,-0.1682795,0.71116805,0.7028792,0.014174074
1356678500282,0.11367899,-0.13204998,0.98470294,0.6942814,-0.69840115,-0.17380777,0.71066904,0.7034192,0.012286298
1356678500324,0.11837453,-0.13498932,0.9837506,0.69471556,-0.6966086,-0.17918295,0.70947695,0.7046376,0.011318564
1356678500362,0.1221087,-0.13839546,0.9828206,0.69597054,-0.69404256,-0.18420088,0.70761186,0.70650667,0.011570543
1356678500403,0.12540233,-0.14245147,0.9818258,0.6976504,-0.69096166,-0.1893569,0.70537806,0.70871687,0.01273305
1356678500443,0.12980473,-0.14745125,0.98051465,0.6989409,-0.6878084,-0.19596243,0.7033011,0.71075857,0.013778925
1356678500482,0.13711941,-0.15359661,0.9785736,0.6987685,-0.6852065,-0.20546243,0.7020833,0.71196926,0.013373315
1356678500523,0.14839906,-0.16077599,0.9757709,0.6959368,-0.6840384,-0.21854857,0.7026021,0.7115073,0.010379255
1356678500562,0.16330439,-0.1684418,0.97209,0.6894343,-0.68531525,-0.23457024,0.70569956,0.7084986,0.0042146146
1356678500602,0.18031693,-0.17574292,0.9677811,0.67893237,-0.68969315,-0.2517426,0.71171397,0.70245135,-0.005045831
1356678500643,0.1978426,-0.18191731,0.9632052,0.6648013,-0.6972033,-0.26822877,0.7203454,0.69340724,-0.016997576
1356678500682,0.21427935,-0.18641004,0.95882,0.64821243,-0.70717674,-0.2823506,0.7306881,0.6820209,-0.030700114
1356678500723,0.22789901,-0.18888304,0.95518863,0.63094735,-0.71852463,-0.2926222,0.7415979,0.66936207,-0.044575807
1356678500762,0.23741895,-0.18928398,0.9527874,0.61486316,-0.7300617,-0.29825032,0.75204766,0.65664417,-0.056946754
1356678500802,0.24278647,-0.18793608,0.951701,0.60105556,-0.7409087,-0.29964414,0.7614375,0.6447747,-0.066922575
1356678500842,0.2448166,-0.18529312,0.95169914,0.5898413,-0.7505749,-0.29786652,0.7695141,0.6342742,-0.07445964
1356678500893,0.24455917,-0.18168499,0.9524607,0.58114797,-0.75884646,-0.2939713,0.77618164,0.62541395,-0.079997
1356678500924,0.24279845,-0.17711604,0.9537708,0.5747736,-0.7657617,-0.28852087,0.78146285,0.6182547,-0.08412412
1356678500962,0.239303,-0.17104256,0.9557607,0.570536,-0.77171993,-0.28095728,0.78563523,0.6125298,-0.08708894
1356678501004,0.2324835,-0.16236824,0.9589515,0.56814176,-0.77758604,-0.2693972,0.7894088,0.6074508,-0.08852774
1356678501044,0.21997571,-0.14977464,0.96393883,0.5669104,-0.784523,-0.25126922,0.79386604,0.60174006,-0.0876672
1356678501084,0.1993537,-0.13235763,0.9709478,0.5662421,-0.7931114,-0.22437541,0.79976755,0.5945215,-0.08316323
1356678501124,0.1690529,-0.11012253,0.9794356,0.5666436,-0.8022282,-0.18800232,0.8064342,0.5867733,-0.07321876
1356678501164,0.13034344,-0.08477524,0.9878379,0.5694237,-0.80922973,-0.14458166,0.8116448,0.58134353,-0.057204723
1356678501205,0.0884043,-0.059883475,0.994283,0.5755786,-0.8116021,-0.100057214,0.8129539,0.5811335,-0.037281513
1356678501244,0.049942493,-0.039852113,0.9979567,0.58526206,-0.80850273,-0.06157583,0.80930465,0.58714145,-0.017054714
1356678501284,0.020794213,-0.028773308,0.9993696,0.59787405,-0.8008037,-0.035496473,0.8013203,0.5982353,5.507469E-4
1356678501314,0.005361378,-0.030081838,0.99953306,0.61019444,-0.791788,-0.02710262,0.7922336,0.61005485,0.014110647
1356678501354,0.0016920567,-0.040283114,0.9991869,0.62523806,-0.7797572,-0.03249541,0.7804322,0.6247847,0.023867197
1356678501384,0.017350078,-0.069509655,0.99743044,0.6394683,-0.76610607,-0.06451237,0.7686217,0.63894445,0.031157173
1356678501424,0.045301855,-0.1086885,0.99304307,0.65384007,-0.7483374,-0.11173314,0.75527537,0.654353,0.03716389
1356678501454,0.09716946,-0.17118105,0.98043615,0.66275716,-0.72378683,-0.19205572,0.7425031,0.6684531,0.043121547
1356678501494,0.15471035,-0.2401081,0.9583386,0.66551983,-0.6915811,-0.28071192,0.7301699,0.68122244,0.05280185
1356678501534,0.21794474,-0.32205653,0.92129236,0.6579369,-0.6487444,-0.38242608,0.7208461,0.68950003,0.07050246
1356678501574,0.25921482,-0.40036622,0.87892807,0.646096,-0.60454285,-0.4659269,0.7178911,0.68864703,0.10196859
1356678501614,0.24810195,-0.45871967,0.8532418,0.6445311,-0.5793783,-0.49889916,0.72320473,0.67371875,0.15191421
1356678501654,0.169447,-0.48647115,0.85710764,0.6569467,-0.5925332,-0.46618178,0.7346487,0.6420672,0.21918264
1356678501694,0.039741516,-0.4802041,0.87625605,0.6642221,-0.64244455,-0.3821962,0.74647814,0.5972177,0.2934305
1356678501734,-0.08923781,-0.4542904,0.88637286,0.65119934,-0.6999815,-0.29319862,0.7536419,0.551041,0.35829836
1356678501774,-0.16667157,-0.4384923,0.88314503,0.6326833,-0.73453325,-0.24530159,0.75626224,0.51786625,0.3998525
1356678501814,-0.17225581,-0.45432734,0.87402207,0.6284332,-0.7339496,-0.25766182,0.75855094,0.5048808,0.41194153
1356678501854,-0.10754633,-0.5029061,0.85762423,0.6370778,-0.69710994,-0.32889163,0.76325995,0.51100224,0.39536187
1356678501893,0.020916402,-0.5714427,0.82037544,0.6383867,-0.62386537,-0.45083758,0.7694316,0.5331466,0.35175234
1356678501932,0.16222477,-0.6243275,0.7641324,0.61265785,-0.5433194,-0.573981,0.7735201,0.56126565,0.29435936
1356678501973,0.29662126,-0.655249,0.69474053,0.5590489,-0.47066426,-0.68259746,0.774261,0.59086686,0.22670731
1356678502012,0.40059048,-0.6624756,0.6329718,0.49377728,-0.42583865,-0.7581856,0.77182335,0.6162691,0.15652847
1356678502053,0.47078055,-0.65423024,0.5919024,0.43489182,-0.4116416,-0.8008871,0.7676163,0.63445556,0.090726554
1356678502093,0.51293963,-0.6374288,0.5749586,0.39258617,-0.4214431,-0.8174728,0.7633931,0.645035,0.03407091
1356678502132,0.53357756,-0.61528647,0.58027375,0.3698582,-0.4472643,-0.8143462,0.76059186,0.6491358,-0.011081487
1356678502173,0.5371709,-0.5888471,0.6039093,0.3651839,-0.48303375,-0.7958135,0.7603211,0.6480258,-0.04443419
1356678502213,0.5248178,-0.5573658,0.6433581,0.37661994,-0.52576125,-0.7627139,0.76336336,0.6425873,-0.06601381
1356678502252,0.49535632,-0.5195694,0.69618225,0.40158847,-0.57367194,-0.7138818,0.7702913,0.63320464,-0.075518936
1356678502293,0.44819707,-0.47468412,0.7574921,0.43564236,-0.6239543,-0.64876556,0.7805992,0.62077045,-0.07286197
1356678502332,0.38752866,-0.42461112,0.81824625,0.47224686,-0.6708536,-0.5717852,0.7917098,0.6079974,-0.059453726
1356678502373,0.32413983,-0.37535203,0.86835724,0.50529474,-0.70731175,-0.49435538,0.7997566,0.5990166,-0.039604515
1356678502413,0.27054656,-0.33503667,0.90252703,0.53236854,-0.72903705,-0.4302194,0.8021149,0.5968714,-0.01887548
1356678502453,0.23590189,-0.31037542,0.92087865,0.55397034,-0.73562,-0.3898462,0.7984154,0.60210484,-0.0015953472
1356678502493,0.22534573,-0.305234,0.9252305,0.57089937,-0.72816813,-0.37926912,0.78948915,0.6136802,0.010168314
1356678502532,0.24148238,-0.32099837,0.9157764,0.5822644,-0.70701915,-0.4013628,0.7763082,0.630146,0.016173214
1356678502591,0.28498393,-0.35644707,0.88979185,0.58485484,-0.67080086,-0.45603836,0.7594267,0.65036273,0.017302364
1356678502613,0.3537004,-0.40716523,0.8420881,0.57333,-0.61695766,-0.53912497,0.73904574,0.67348313,0.015221953
1356678502653,0.43789947,-0.46416855,0.7699296,0.54339063,-0.5456145,-0.6379902,0.7162197,0.6977481,0.013300538
1356678502690,0.5159658,-0.5155319,0.6841098,0.5012728,-0.4658939,-0.7291561,0.69462574,0.71914524,0.018036753
1356678502733,0.56018186,-0.5560679,0.61399096,0.4704321,-0.39652985,-0.788326,0.68182844,0.73044693,0.03946331
1356678502773,0.55117744,-0.59085137,0.5891503,0.47689408,-0.35631448,-0.8034999,0.68467176,0.72383326,0.08538103
1356678502812,0.47929722,-0.6230057,0.6181731,0.52607733,-0.35984856,-0.7705529,0.7025075,0.6945307,0.15527475
1356678502853,0.36294252,-0.6451455,0.6723541,0.5859024,-0.40306836,-0.70303226,0.72456276,0.6490942,0.23170161
1356678502897,0.24893206,-0.6523992,0.71582687,0.62170243,-0.45908576,-0.6346072,0.7426431,0.6030054,0.29131702
1356678502934,0.18280226,-0.6528505,0.7350983,0.6296537,-0.49649185,-0.5975216,0.75506264,0.5720857,0.3203099
1356678502974,0.18281686,-0.65719444,0.7312137,0.6185939,-0.50118303,-0.6051092,0.7641463,0.56294847,0.31491175
1356678503014,0.23311311,-0.662897,0.7114955,0.5942944,-0.48201096,-0.6438009,0.76972234,0.5729162,0.2815929
1356678503053,0.30989772,-0.6639416,0.68054754,0.55677164,-0.45348704,-0.6959562,0.7706937,0.59458476,0.22912925
1356678503092,0.38944232,-0.65668166,0.64583576,0.5094731,-0.43056917,-0.7450149,0.7673147,0.61917627,0.1668798
1356678503133,0.45643908,-0.6420261,0.6160081,0.46071094,-0.42175663,-0.7809398,0.76118916,0.64025307,0.10328215
1356678503173,0.5058125,-0.62272334,0.59696686,0.41894415,-0.4276031,-0.8010254,0.75408196,0.6552645,0.044599175
1356678503212,0.53807616,-0.60078883,0.591208,0.38941976,-0.444869,-0.806501,0.7475469,0.664187,-0.005414336
1356678503253,0.55394375,-0.577032,0.6001503,0.37489325,-0.47075567,-0.7986515,0.74337167,0.6674003,-0.044446737
1356678503293,0.5523921,-0.5512623,0.6252782,0.37676734,-0.50400305,-0.777192,0.74357873,0.6648991,-0.070709646
1356678503332,0.53122294,-0.5222489,0.66712683,0.39465234,-0.5442406,-0.74030507,0.7497011,0.65655017,-0.08300635
1356678503373,0.48950052,-0.4882449,0.7225,0.4249382,-0.58995324,-0.6865732,0.761457,0.6430958,-0.08130854
1356678503412,0.43114227,-0.44890016,0.7826908,0.4606563,-0.63637054,-0.61873126,0.77583,0.62731266,-0.06757754
1356678503453,0.366872,-0.4074785,0.8362811,0.4944232,-0.6760772,-0.5463198,0.7880042,0.6139062,-0.046566963
1356678503492,0.30985904,-0.37066248,0.8755551,0.5226609,-0.702852,-0.4825191,0.7942373,0.6071313,-0.024054289
1356678503533,0.27004635,-0.34544608,0.89874464,0.54554915,-0.7142392,-0.4384501,0.7933795,0.60871124,-0.004419863
1356678503573,0.2534029,-0.3369317,0.9067877,0.5640241,-0.7101005,-0.42146653,0.7859159,0.6182509,0.0100961635
1356678503612,0.26351386,-0.3481786,0.8996289,0.5769218,-0.69054383,-0.43624595,0.7731247,0.63397235,0.01890394
1356678503652,0.30248272,-0.3792146,0.87447155,0.5809248,-0.65401196,-0.4845562,0.75566566,0.6545721,0.022467852
1356678503692,0.37049156,-0.42742535,0.82464755,0.5691193,-0.59718585,-0.5652188,0.7340567,0.67873156,0.02200371
1356678503732,0.4591871,-0.48421568,0.74477005,0.5344781,-0.5190702,-0.6670077,0.7095635,0.70434463,0.02045235
1356678503772,0.54516816,-0.5367845,0.6439364,0.48115686,-0.42865697,-0.7646839,0.68649817,0.72671574,0.024587333
1356678503812,0.5983726,-0.5786976,0.5541294,0.43516526,-0.34597448,-0.8312238,0.67274183,0.7385194,0.044807434
1356678503852,0.60143167,-0.61585855,0.50891864,0.4278828,-0.28964096,-0.85616845,0.6746824,0.7326843,0.08931601
1356678503896,0.55368733,-0.6539338,0.5155588,0.46584123,-0.26994267,-0.8426878,0.6902334,0.70675415,0.15516552
1356678503934,0.47487885,-0.68788815,0.54890805,0.520785,-0.28313273,-0.8053688,0.7094175,0.66831565,0.22378802
1356678503974,0.40343255,-0.71128243,0.5756036,0.5579254,-0.30737454,-0.7708698,0.725232,0.63213784,0.27283764
1356678504014,0.3718816,-0.72519433,0.5794803,0.56392884,-0.3193639,-0.7615714,0.73735225,0.61,0.2901924
1356678504054,0.38455772,-0.7317134,0.5627706,0.54249513,-0.3141191,-0.77912015,0.7468697,0.604917,0.27615407
1356678504092,0.42540002,-0.7298611,0.5351052,0.5020694,-0.30161506,-0.8105273,0.7529682,0.6134584,0.23813388
1356678504132,0.47615784,-0.7192077,0.50597817,0.45133585,-0.2939425,-0.8425518,0.75469834,0.6295537,0.18464124
1356678504172,0.52244717,-0.7015969,0.4845727,0.40074676,-0.2995823,-0.86582476,0.75262934,0.6465387,0.12464678
1356678504212,0.5577555,-0.67993176,0.47602677,0.35888943,-0.3195723,-0.8769674,0.7484031,0.6599744,0.06577718
1356678504252,0.5811144,-0.65609014,0.48150992,0.33058435,-0.35034657,-0.8763397,0.7436532,0.6684332,0.0133017
1356678504292,0.59344983,-0.6306639,0.50008035,0.31729472,-0.3876887,-0.86546034,0.73969007,0.67228013,-0.029967489
1356678504332,0.59460723,-0.6034064,0.5313596,0.31947082,-0.42915776,-0.8448444,0.73782164,0.6721044,-0.06240955
1356678504372,0.58264166,-0.5735857,0.57578486,0.33703074,-0.47414988,-0.8133832,0.7395533,0.66796815,-0.08294347
1356678504412,0.55418473,-0.5397291,0.6336969,0.36886638,-0.5232285,-0.7682249,0.74620163,0.659488,-0.090877354
1356678504452,0.5068033,-0.5000073,0.70224154,0.41126287,-0.5756947,-0.7067097,0.75763667,0.64696866,-0.086129546
1356678504492,0.4434579,-0.45430106,0.772629,0.45702153,-0.6269306,-0.63094324,0.7710229,0.6329048,-0.07039195
1356678504532,0.37482572,-0.40665773,0.83314776,0.49843583,-0.66934264,-0.5509466,0.781708,0.6217797,-0.04819405
1356678504572,0.31461424,-0.36449984,0.87644607,0.5320838,-0.6969113,-0.48083416,0.7860691,0.6176201,-0.025313735
1356678504612,0.27278405,-0.33474606,0.90196115,0.559017,-0.7078627,-0.431776,0.78299993,0.62199324,-0.005964905
1356678504652,0.25445974,-0.32151353,0.9120742,0.5808906,-0.7032117,-0.4099506,0.77318585,0.6341312,0.007825077
1356678504692,0.26160604,-0.32594877,0.90847105,0.5976291,-0.68440294,-0.41765082,0.757893,0.65218866,0.015752494
1356678504732,0.29417622,-0.34643924,0.8907527,0.6072637,-0.65193325,-0.45410785,0.738032,0.6745094,0.018596679
1356678504772,0.34851515,-0.37850744,0.85747844,0.6065301,-0.6064018,-0.5141966,0.7146037,0.69929177,0.018235922
1356678504812,0.41184694,-0.41430202,0.81162554,0.59491545,-0.55242294,-0.58387035,0.69025916,0.72331375,0.018960953
1356678504852,0.4596035,-0.4460734,0.76797336,0.58169997,-0.50222445,-0.6398403,0.6711108,0.74080294,0.02865681
1356678504896,0.4605124,-0.471474,0.7520909,0.5868129,-0.47402394,-0.65646935,0.66601723,0.7436489,0.058373094
1356678504935,0.40442348,-0.49140796,0.77133644,0.6156668,-0.47738808,-0.62694097,0.67631066,0.7284359,0.109476626
1356678504974,0.29000205,-0.5017969,0.81492245,0.6547201,-0.5170449,-0.55136746,0.69802606,0.69344383,0.1785925
1356678505014,0.15789825,-0.49687722,0.8533353,0.67639804,-0.5751724,-0.46006784,0.71941215,0.6498382,0.24526805
1356678505054,0.05539155,-0.48000777,0.8755138,0.675864,-0.6274068,-0.3867412,0.73494196,0.61315036,0.28966683
1356678505094,0.002741456,-0.45705292,0.8894353,0.66653836,-0.6622132,-0.34234506,0.74546564,0.59378123,0.30282795
1356678505132,-0.004966557,-0.4298894,0.9028679,0.65890783,-0.6805674,-0.3204192,0.7522073,0.5933153,0.2866376
1356678505172,0.018652678,-0.39757526,0.91738,0.6558422,-0.6876925,-0.311368,0.7546675,0.6074643,0.24791932
1356678505212,0.058844745,-0.35921246,0.9313988,0.6559977,-0.6893662,-0.30731302,0.75246555,0.6290792,0.19507691
1356678505252,0.10278243,-0.31558695,0.94331366,0.6573018,-0.6902355,-0.3025382,0.74658567,0.65113735,0.13649175
1356678505292,0.14133394,-0.2688253,0.95276314,0.6587812,-0.69284457,-0.2932127,0.7389398,0.6691033,0.07917467
1356678505332,0.1689865,-0.22112301,0.96049374,0.6605097,-0.69790095,-0.27687758,0.7315535,0.68120396,0.02811804
1356678505372,0.18359101,-0.17435575,0.96741635,0.66246724,-0.7051427,-0.25280604,0.72624475,0.6872946,-0.0139528215
1356678505412,0.18454033,-0.12988791,0.97420424,0.66384184,-0.7144715,-0.22100785,0.7247475,0.6875024,-0.04562378
1356678505453,0.17184317,-0.088784665,0.9811152,0.6630349,-0.72616607,-0.18184452,0.72859764,0.6817624,-0.06591931
1356678505493,0.14621788,-0.052016944,0.98788387,0.65819657,-0.74038565,-0.13640541,0.73851043,0.6701667,-0.074020304
1356678505530,0.11030662,-0.020547897,0.9936852,0.6488396,-0.7558595,-0.0876562,0.75288755,0.6544113,-0.07004401
1356678505573,0.06846714,0.0045217574,0.9976431,0.6367916,-0.7699867,-0.040212363,0.7679901,0.6380439,-0.055598207
1356678505612,0.027779043,0.022616088,0.9993582,0.6263339,-0.77955484,2.3168325E-4,0.77905977,0.6259255,-0.03582052
1356678505652,-0.0063087344,0.033308923,0.9994252,0.62146616,-0.7828658,0.030014336,0.78341556,0.6212983,-0.015761472
1356678505692,-0.030023098,0.036317945,0.99888915,0.624022,-0.77998495,0.04711494,0.7808297,0.62474334,7.544756E-4
1356678505732,-0.041327894,0.03146991,0.99865,0.63393724,-0.7717306,0.0505538,0.77227956,0.63517064,0.011943936
1356678505772,-0.038852632,0.018510073,0.9990735,0.65023804,-0.7587112,0.039343685,0.7587365,0.6511642,0.017441928
1356678505813,-0.021152914,-0.0031330287,0.9997713,0.671371,-0.7410262,0.011882514,0.7408195,0.67146873,0.017778277
1356678505852,0.012966633,-0.034317076,0.99932694,0.69481665,-0.7183977,-0.033685416,0.7190701,0.6947857,0.014528826
1356678505895,0.061189234,-0.07587817,0.9952378,0.7162669,-0.69109017,-0.0967271,0.6951386,0.71877456,0.0120617375
1356678505934,0.11293858,-0.12828505,0.98528564,0.72895736,-0.6631408,-0.16989836,0.6751785,0.73741925,0.01862017
1356678505974,0.135705,-0.182906,0.9737195,0.7319566,-0.6438416,-0.22295204,0.6677003,0.74297607,0.046506666
1356678506014,0.1010384,-0.22957616,0.968032,0.7289533,-0.6450984,-0.22907452,0.67706597,0.72879547,0.10217059
1356678506054,0.006727159,-0.25521645,0.9668606,0.716396,-0.673342,-0.1827226,0.6976616,0.69388413,0.17830628
1356678506094,-0.10595834,-0.25781775,0.960366,0.68789256,-0.7164132,-0.1164307,0.7180368,0.6482918,0.2532608
1356678506134,-0.18585819,-0.25189698,0.9497393,0.6551468,-0.7521318,-0.07127786,0.7322838,0.60897106,0.3048193
1356678506175,-0.20876431,-0.2552658,0.944064,0.63704157,-0.76793224,-0.066770166,0.7420213,0.58746874,0.3229317
1356678506214,-0.17331898,-0.2770214,0.94510293,0.63919175,-0.7617009,-0.10604495,0.7492626,0.5857224,0.3090871
1356678506254,-0.08832502,-0.3156615,0.94475216,0.65172046,-0.7355898,-0.18484655,0.75329894,0.59938765,0.27069396
1356678506294,0.030064046,-0.36132097,0.93195677,0.6573169,-0.6952649,-0.29075968,0.7530143,0.62133235,0.21659994
1356678506334,0.15598059,-0.399536,0.9033498,0.64400315,-0.6523025,-0.39970154,0.74895257,0.64410585,0.15555596
1356678506374,0.26297385,-0.41953436,0.86881274,0.6156448,-0.62037796,-0.48591402,0.74285,0.66266274,0.09514105
1356678506414,0.3374772,-0.41906294,0.84290886,0.5862464,-0.6070227,-0.5365058,0.73649454,0.6752107,0.040817827
1356678506454,0.3780746,-0.40082145,0.83450687,0.56722736,-0.61210406,-0.5509825,0.7316506,0.6816677,-0.004064113
1356678506494,0.38714916,-0.3681771,0.84531724,0.562672,-0.6319553,-0.53294724,0.73042166,0.68196636,-0.037498027
1356678506533,0.3672315,-0.32386294,0.8719253,0.5706332,-0.6618333,-0.48616293,0.7345193,0.6760839,-0.058239073
1356678506572,0.32193565,-0.27152234,0.9069912,0.5848884,-0.69628227,-0.41604882,0.7444884,0.6644296,-0.06534782
1356678506612,0.25817966,-0.21533234,0.9417936,0.59890133,-0.7292536,-0.33091754,0.7580636,0.6494776,-0.05931562
1356678506652,0.18744904,-0.16112615,0.9689691,0.6089319,-0.7549749,-0.24334098,0.770756,0.6356503,-0.04340446
1356678506692,0.121311545,-0.11430162,0.9860115,0.61587995,-0.770352,-0.16507497,0.7784443,0.62729025,-0.023056537
1356678506732,0.06717467,-0.07820347,0.9946717,0.62287366,-0.77550733,-0.103037715,0.77943313,0.62647635,-0.003383547
1356678506772,0.028425157,-0.05413139,0.9981291,0.63248795,-0.7722511,-0.059893698,0.77404845,0.63300717,0.012286037
1356678506812,0.0063260198,-0.042142898,0.99909157,0.64592254,-0.7625416,-0.036254793,0.7633768,0.64556503,0.02239719
1356678506852,0.0010991096,-0.04159248,0.99913406,0.6634204,-0.7475688,-0.03184998,0.7482461,0.6628809,0.026771575
1356678506896,0.013165295,-0.051654547,0.99857825,0.6849328,-0.7271118,-0.046642274,0.7284873,0.68457305,0.02580721
1356678506934,0.04074329,-0.071988106,0.996573,0.70712763,-0.70258415,-0.0796614,0.70591104,0.7079499,0.022279225
1356678506972,0.07410884,-0.09855673,0.9923681,0.72695184,-0.67586994,-0.12141168,0.68267775,0.7304015,0.021558054
1356678507012,0.09327918,-0.1283364,0.98733413,0.7402352,-0.6542436,-0.1549747,0.665846,0.7453154,0.033971854
1356678507052,0.06773138,-0.15328997,0.9858573,0.7447781,-0.6497251,-0.15219367,0.663866,0.7445532,0.07016027
1356678507092,-0.017639875,-0.16346407,0.9863916,0.7341444,-0.6718533,-0.098210126,0.6787643,0.7224214,0.1318576
1356678507132,-0.13679385,-0.15416843,0.9785293,0.699302,-0.7146724,-0.014838308,0.7016154,0.68225765,0.20557302
1356678507172,-0.2410664,-0.13227382,0.9614523,0.6504655,-0.7572476,0.058912277,0.720265,0.63959336,0.26858652
1356678507212,-0.3026945,-0.10920909,0.9468101,0.6120511,-0.78378063,0.1052677,0.73059523,0.6113602,0.30408764
1356678507252,-0.31927526,-0.0921773,0.94316846,0.59805214,-0.79163665,0.12508082,0.735117,0.6039991,0.30787677
1356678507292,-0.29773468,-0.08329123,0.95100826,0.6080149,-0.7845518,0.12164019,0.73598367,0.61444366,0.2842306
1356678507332,-0.24614549,-0.08156285,0.96579486,0.6332849,-0.76787215,0.096553,0.7337319,0.63538945,0.24066085
1356678507372,-0.17395306,-0.083785444,0.98118305,0.66182077,-0.7477519,0.05348137,0.7292006,0.65867054,0.18552476
1356678507413,-0.09506571,-0.084643126,0.99186593,0.6832885,-0.73014146,0.0031817555,0.72393316,0.6780331,0.12724715
1356678507452,-0.024792254,-0.07889441,0.99657464,0.6942537,-0.7186389,-0.03962019,0.71930313,0.6908934,0.07258948
1356678507492,0.026042283,-0.06375682,0.9976256,0.6972446,-0.71398574,-0.06383085,0.7163601,0.6972514,0.025860287
1356678507532,0.052916467,-0.03949848,0.99781746,0.6956215,-0.71544266,-0.06521106,0.71645695,0.69755405,-0.010382704
1356678507572,0.05602932,-0.008659869,0.9983915,0.6903534,-0.7220711,-0.0450055,0.7212994,0.69176465,-0.034478813
1356678507612,0.03897643,0.024774045,0.99893296,0.6802757,-0.7329086,-0.008366555,0.7319193,0.67987585,-0.045419335
1356678507652,0.0075730085,0.056481868,0.99837494,0.6647315,-0.74615717,0.03717071,0.7470441,0.6633697,-0.043195963
1356678507692,-0.030623496,0.0828321,0.9960929,0.64628786,-0.75857186,0.08294982,0.76247895,0.64630294,-0.03030321
1356678507732,-0.06819296,0.10174078,0.99247086,0.6302495,-0.766762,0.12190741,0.77339196,0.63381755,-0.011834249
1356678507772,-0.100198984,0.11286086,0.98854566,0.6213526,-0.7688896,0.15076336,0.7770978,0.62934184,0.006915629
1356678507812,-0.12446165,0.116951555,0.9853078,0.62156963,-0.76484567,0.16929887,0.7734083,0.6335087,0.02250047
1356678507852,-0.14042574,0.11517596,0.98336923,0.63069695,-0.755217,0.17851785,0.76321816,0.64527655,0.033410773
1356678507896,-0.14825642,0.10865858,0.9829615,0.6485654,-0.7396701,0.17958538,0.7465808,0.6641395,0.039188713
1356678507934,-0.14770788,0.0977228,0.9841913,0.6716814,-0.7205139,0.17234781,0.72596586,0.6865202,0.040786996
1356678507974,-0.14069861,0.08414027,0.9864707,0.6991968,-0.6969846,0.159174,0.70094776,0.7121327,0.039234146
1356678508014,-0.13104063,0.0673261,0.9890883,0.7264774,-0.6723559,0.14201477,0.6745806,0.73715997,0.039195
1356678508043,-0.124818444,0.048453152,0.9909958,0.7475603,-0.65212506,0.12604168,0.65236026,0.7565615,0.045175523
1356678508082,-0.15024173,0.033682346,0.9880754,0.7502002,-0.6470461,0.1361287,0.6439154,0.7617066,0.07194482
1356678508122,-0.21692568,0.02949047,0.9757425,0.7263984,-0.6628677,0.1815261,0.6521415,0.7481555,0.1223712
1356678508162,-0.3106848,0.043064833,0.949537,0.67264205,-0.6958643,0.25164574,0.671586,0.716881,0.18722723
1356678508202,-0.39586604,0.07138556,0.9155295,0.60334694,-0.7313735,0.31790787,0.6922879,0.6782308,0.24645558
1356678508243,-0.44759881,0.10399045,0.8881674,0.54556036,-0.7552034,0.36336178,0.70853317,0.6471892,0.281295
1356678508289,-0.4630046,0.13248537,0.87639856,0.51700073,-0.7627733,0.38844204,0.7199563,0.6329491,0.2846725
1356678508330,-0.4309389,0.1456321,0.890552,0.5354745,-0.7530854,0.3822688,0.72633237,0.6416024,0.24655157
1356678508360,-0.39810812,0.16229424,0.9028679,0.55705166,-0.7392094,0.37850082,0.728837,0.65362835,0.203879
1356678508403,-0.3419639,0.16402431,0.92528737,0.59531057,-0.72404975,0.3483637,0.7270942,0.66996115,0.14995351
1356678508442,-0.27440643,0.15963763,0.9482706,0.6344227,-0.71100515,0.30328143,0.72264034,0.68482673,0.09382658
1356678508482,-0.2057367,0.15431789,0.96636355,0.6660396,-0.7014087,0.25380576,0.7169825,0.6958535,0.041523576
1356678508522,-0.14861792,0.1548087,0.9767021,0.68676823,-0.69448245,0.2145772,0.7115209,0.702658,-0.0031050742
1356678508562,-0.11205667,0.16530284,0.9798563,0.69720376,-0.68954176,0.1960589,0.7080609,0.70512915,-0.037982002
1356678508602,-0.09964055,0.186301,0.97742707,0.6982585,-0.6867319,0.2020751,0.70887715,0.7026317,-0.061659917
1356678508642,-0.109601796,0.21488805,0.97046924,0.6895505,-0.68676484,0.22994393,0.71589637,0.6943898,-0.072905496
1356678508683,-0.13621211,0.24619591,0.95960087,0.6704193,-0.6902305,0.27224982,0.72937256,0.6804186,-0.071036726
1356678508722,-0.17141831,0.27530807,0.9459499,0.64320207,-0.69602406,0.3191264,0.74626195,0.663141,-0.05776751
1356678508762,-0.20766193,0.29885572,0.93143,0.6141001,-0.70134026,0.36194322,0.7614181,0.647153,-0.037885666
1356678508803,-0.2403695,0.31568462,0.91791373,0.5901332,-0.7032823,0.3964048,0.77069145,0.636975,-0.017248362
1356678508843,-0.26760942,0.3259926,0.906705,0.575731,-0.7004626,0.42176527,0.7726053,0.63488656,-2.335906E-4
1356678508896,-0.2921852,0.33108616,0.8972234,0.5754282,-0.6884806,0.4414486,0.7638784,0.6452724,0.010647535
1356678508934,-0.3062443,0.32758844,0.89381224,0.5845977,-0.6763057,0.44816983,0.7513055,0.65977,0.015607327
1356678508974,-0.3143608,0.32019675,0.8936729,0.60224265,-0.66043425,0.4484755,0.73381263,0.6791911,0.014778554
1356678509014,-0.31556785,0.30698556,0.8978735,0.6279887,-0.6417959,0.4401456,0.7113699,0.7027502,0.0097467005
1356678509054,-0.31053,0.2867862,0.9062697,0.65916884,-0.6219631,0.42268005,0.6848851,0.7286396,0.0040976703
1356678509094,-0.30547297,0.26074967,0.91580343,0.6872456,-0.605328,0.40158617,0.6590749,0.75205564,0.005712241
1356678509135,-0.3281591,0.24472758,0.91237056,0.69139385,-0.59589297,0.40851682,0.64365053,0.76486593,0.026344597
1356678509174,-0.43119133,0.28487584,0.8561073,0.6294234,-0.58485645,0.51163375,0.646452,0.75946605,0.072877586
1356678509214,-0.5827954,0.39239118,0.71160287,0.46498045,-0.55714035,0.6880318,0.6664403,0.73186314,0.1422446
1356678509254,-0.65662724,0.4757718,0.5852195,0.30124137,-0.5459122,0.7818143,0.6914437,0.68965286,0.21513867
1356678509294,-0.67325985,0.51919365,0.526459,0.20283253,-0.55500627,0.8067385,0.71104157,0.6499276,0.2683541
1356678509334,-0.67033803,0.5386903,0.51035255,0.16395687,-0.5632371,0.80986553,0.7237162,0.62655944,0.2892373
1356678509374,-0.65743744,0.53558475,0.5300237,0.18136197,-0.5702545,0.8011977,0.7313576,0.6228635,0.2777719
1356678509412,-0.6234555,0.49009565,0.6091876,0.2682108,-0.5978117,0.7554363,0.73441553,0.63437164,0.24126008
1356678509452,-0.47192246,0.2879331,0.83329695,0.49011636,-0.69998026,0.51943594,0.7328542,0.6535459,0.1892156
1356678509492,0.13461018,-0.32751715,0.93520725,0.6723948,-0.66306096,-0.32899126,0.7278497,0.67311406,0.13096613
1356678509532,0.47825718,-0.5733201,0.66526246,0.50060266,-0.44442636,-0.7428878,0.72157264,0.68832356,0.07445544
1356678509572,0.52758175,-0.56490177,0.6344632,0.4566848,-0.44115692,-0.7725411,0.7163075,0.69732827,0.025235653
1356678509612,0.48723257,-0.48356804,0.7271633,0.5024151,-0.5258529,-0.68633646,0.7142713,0.69974333,-0.013260752
1356678509652,0.38809103,-0.35284716,0.8514013,0.578321,-0.6260534,-0.5230698,0.7175864,0.69538194,-0.038906813
1356678509692,0.25489408,-0.20145693,0.94575053,0.6367954,-0.70105404,-0.32095945,0.7276817,0.6840602,-0.050407678
1356678509732,0.12429845,-0.06780535,0.9899254,0.65682214,-0.7421682,-0.13330796,0.7437302,0.66677487,-0.047714323
1356678509772,0.019567609,0.028063565,0.9994146,0.64769614,-0.761849,0.008711427,0.7616475,0.64714646,-0.03308423
1356678509812,-0.055370748,0.08659196,0.9947039,0.62877554,-0.77085376,0.1021063,0.77561283,0.6310992,-0.011764094
1356678509852,-0.1042074,0.11477116,0.98791116,0.6148398,-0.77333105,0.15469706,0.78173715,0.62352765,0.010020956
1356678509895,-0.13103402,0.11891401,0.9842203,0.61302876,-0.7705018,0.17470789,0.7791187,0.626248,0.028064176
1356678509935,-0.1353656,0.10119787,0.98561406,0.6236528,-0.7642773,0.16412549,0.7698916,0.636898,0.040344566
1356678509974,-0.11840147,0.065888554,0.9907774,0.64531076,-0.7532542,0.12720978,0.75468886,0.6544211,0.04666774
1356678510014,-0.074572384,0.010827988,0.99715686,0.6747705,-0.73570937,0.058451682,0.73425055,0.6772108,0.047557205
1356678510054,0.0018343925,-0.06476608,0.9978988,0.70455694,-0.7080727,-0.047250807,0.70964515,0.70316315,0.044332467
1356678510094,0.109393716,-0.15584871,0.9817047,0.72303295,-0.66525215,-0.18618017,0.6820971,0.7301718,0.039909296
1356678510132,0.22695923,-0.24960622,0.94137466,0.71964777,-0.6082939,-0.33479193,0.6561986,0.7534423,0.041570663
1356678510172,0.30553275,-0.3255718,0.89479196,0.7048106,-0.55452645,-0.4424278,0.6402279,0.7658351,0.060040507
1356678510212,0.3015651,-0.3727078,0.8775804,0.70580626,-0.5315497,-0.46828675,0.6410117,0.7606207,0.10276264
1356678510252,0.21322292,-0.3911023,0.8953072,0.72346115,-0.5526655,-0.41372085,0.6566125,0.73593473,0.16510636
1356678510292,0.08814877,-0.38643336,0.91809535,0.7303332,-0.60169655,-0.32337993,0.6773796,0.69902104,0.22918633
1356678510332,-0.00868541,-0.37356865,0.9275619,0.71869075,-0.64729184,-0.25396237,0.69527566,0.6644243,0.27410233
1356678510372,-0.046009183,-0.36629626,0.9293601,0.7040678,-0.67187023,-0.22995391,0.70864064,0.6437526,0.28880966
1356678510412,-0.026656687,-0.36763158,0.9295894,0.69589067,-0.67442137,-0.2467632,0.7176529,0.6403147,0.2738092
1356678510452,0.03387648,-0.37345356,0.92703015,0.6915267,-0.66091406,-0.29151934,0.7215561,0.6509417,0.23586363
1356678510492,0.11674529,-0.37789428,0.91845876,0.6838894,-0.64001155,-0.35025802,0.7201846,0.66901517,0.18371946
1356678510532,0.2030775,-0.37661418,0.90383697,0.6688231,-0.62082654,-0.40896207,0.7151469,0.6875581,0.12581241
1356678510572,0.27774876,-0.36806196,0.88734776,0.6482069,-0.60991734,-0.45588225,0.7090017,0.70180565,0.069176555
1356678510612,0.33251482,-0.35308385,0.8745088,0.6274136,-0.6094865,-0.48464254,0.7041208,0.70982957,0.018866302
1356678510652,0.36506122,-0.33360586,0.8691591,0.610922,-0.6186252,-0.49404177,0.7024989,0.7113438,-0.022028951
1356678510692,0.37563527,-0.31155068,0.8728312,0.600667,-0.6353649,-0.48529434,0.7057601,0.70657456,-0.05152726
1356678510732,0.3653515,-0.28858048,0.8850083,0.59626216,-0.65753883,-0.46055853,0.71483546,0.69596267,-0.06816319
1356678510772,0.33613497,-0.26620904,0.903408,0.59547067,-0.68309206,-0.42284745,0.72967666,0.6800868,-0.07109144
1356678510812,0.29258364,-0.24602394,0.9240493,0.5955369,-0.7091691,-0.37737912,0.7481515,0.6607204,-0.060974956
1356678510852,0.2434476,-0.22991666,0.9422694,0.5955193,-0.7313824,-0.33231977,0.7655651,0.64204204,-0.041133497
1356678510896,0.19830877,-0.21975832,0.9551858,0.5976799,-0.7452712,-0.2955495,0.776822,0.62950546,-0.016448677
1356678510934,0.16752452,-0.2175429,0.96156675,0.6029048,-0.7490985,-0.27451283,0.7800265,0.6257208,0.0056653023
1356678510974,0.15338123,-0.2226832,0.96274936,0.61318463,-0.7425658,-0.26944488,0.7749057,0.6316709,0.022650298
1356678511014,0.15777045,-0.23595318,0.9588715,0.6268158,-0.7263919,-0.28188086,0.7630272,0.6455083,0.03329596
1356678511054,0.18014199,-0.2564177,0.9496309,0.64093786,-0.70173824,-0.31106603,0.7461552,0.66469043,0.037935313
1356678511094,0.21900815,-0.28179353,0.93414545,0.653109,-0.66894346,-0.35491276,0.72490275,0.6878276,0.037537932
1356678511133,0.27152604,-0.30961174,0.9112706,0.6607584,-0.62846166,-0.41040745,0.69976556,0.71356606,0.033934858
1356678511174,0.3293867,-0.33703238,0.8819941,0.66253006,-0.58304703,-0.4702235,0.6727246,0.73923296,0.031246157
1356678511210,0.37477952,-0.36293232,0.85312396,0.66126573,-0.5403275,-0.5203595,0.6498216,0.7591617,0.037490964
1356678511253,0.38163865,-0.38900155,0.83846873,0.66649836,-0.5126942,-0.5412251,0.6404155,0.7653904,0.06360498
1356678511292,0.33098745,-0.4157061,0.8471338,0.68445545,-0.5122297,-0.5187884,0.6495907,0.75153786,0.11499074
1356678511332,0.22451973,-0.43616927,0.8714053,0.705142,-0.54448426,-0.4542153,0.67258126,0.71644485,0.18531385
1356678511372,0.09950203,-0.44073132,0.8921072,0.70984674,-0.5968395,-0.37403244,0.6972926,0.6704764,0.25346494
1356678511412,0.0018561482,-0.43013513,0.90276253,0.6971216,-0.64668167,-0.30955476,0.7169504,0.6299099,0.29865626
1356678511452,-0.04658425,-0.41259313,0.9097235,0.68003416,-0.6801904,-0.2736689,0.7316991,0.6058944,0.31226355
1356678511493,-0.047389507,-0.39412215,0.9178354,0.6683705,-0.6953702,-0.26408553,0.7423174,0.6009393,0.2963729
1356678511532,-0.011918008,-0.37626904,0.9264338,0.6635328,-0.6960952,-0.27418163,0.74805224,0.6114515,0.257963
1356678511573,0.046016216,-0.35821986,0.93250257,0.6617327,-0.6883659,-0.29708952,0.74832636,0.6307384,0.20536986
1356678511612,0.11255342,-0.33866757,0.9341499,0.6588914,-0.6782695,-0.3252887,0.74377006,0.65211564,0.14680356
1356678511652,0.17560166,-0.31669065,0.93213254,0.6539848,-0.6702024,-0.3509025,0.735845,0.6712195,0.089422286
1356678511692,0.22715604,-0.29205638,0.92903346,0.64882374,-0.6660257,-0.3680182,0.72624224,0.6863765,0.038201388
1356678511732,0.26265723,-0.2650277,0.9277777,0.6457378,-0.66618985,-0.37311357,0.71696156,0.6971021,-0.003841158
1356678511773,0.27898556,-0.23632182,0.93076265,0.6459598,-0.6710056,-0.36398834,0.7105653,0.7027827,-0.034546528
1356678511812,0.2737772,-0.20698187,0.93925744,0.6491009,-0.6808687,-0.339243,0.7097282,0.7025499,-0.05205417
1356678511852,0.24682814,-0.17855333,0.9524677,0.65282035,-0.6957467,-0.29960322,0.7161714,0.69574076,-0.055166606
1356678511896,0.20134181,-0.15272734,0.9675411,0.65395606,-0.7144301,-0.24885942,0.72924817,0.68283516,-0.043967634
1356678511934,0.15110302,-0.1312441,0.9797667,0.65194976,-0.73179907,-0.19857371,0.74305403,0.6687638,-0.025012434
1356678511974,0.10558486,-0.11612949,0.98760605,0.64954245,-0.7439557,-0.15692192,0.7529584,0.6580607,-0.0031194165
1356678512014,0.07242119,-0.10868734,0.99143445,0.6504362,-0.7484298,-0.12956,0.75610054,0.65424776,0.016491897
1356678512054,0.05532968,-0.110013306,0.99238884,0.6563258,-0.7450048,-0.11918184,0.75244606,0.6579248,0.030983686
1356678512094,0.055686116,-0.1206789,0.9911285,0.66736245,-0.7338507,-0.12684849,0.7426483,0.66850567,0.039671272
1356678512134,0.075170696,-0.14149994,0.9870801,0.68213606,-0.71473694,-0.15440676,0.7273512,0.68492985,0.04279498
1356678512174,0.11601621,-0.17271477,0.9781155,0.69787633,-0.68654925,-0.20400676,0.7067594,0.70627177,0.0408827
1356678512212,0.17958337,-0.21391363,0.9602035,0.7097225,-0.64772296,-0.27703616,0.68120766,0.73122907,0.035499007
1356678512252,0.2596963,-0.26326552,0.929112,0.71101344,-0.5989244,-0.36844182,0.6534659,0.75629413,0.031646904
1356678512292,0.33397722,-0.3168468,0.8877316,0.70025903,-0.5470282,-0.4586912,0.63094896,0.7748344,0.039179806
1356678512332,0.36979365,-0.37009287,0.8522229,0.68956864,-0.50541526,-0.5187007,0.6226939,0.77947843,0.068305075
1356678512372,0.34736234,-0.41792822,0.83944947,0.69367623,-0.4878484,-0.5299218,0.6309934,0.76638097,0.12044674
1356678512412,0.28038275,-0.45401788,0.84572655,0.70798755,-0.49714082,-0.50160223,0.6481815,0.7394044,0.18204921
1356678512453,0.20953852,-0.47556186,0.8543621,0.71679795,-0.5195803,-0.4650129,0.6650521,0.70984304,0.23200968
1356678512492,0.17294562,-0.48760438,0.8557638,0.7141485,-0.5362753,-0.4498894,0.6782931,0.68894887,0.25547558
1356678512532,0.18388218,-0.49602807,0.84861267,0.70198166,-0.5380503,-0.46660855,0.6880473,0.6815115,0.24926478
1356678512572,0.23378599,-0.5014446,0.8330051,0.68092716,-0.5271178,-0.5084142,0.6940334,0.68607587,0.21821454
1356678512612,0.3034228,-0.5010009,0.810514,0.6509267,-0.51221555,-0.5602944,0.69586575,0.6975912,0.17069688
1356678512652,0.37359732,-0.49280614,0.78585434,0.6151884,-0.5024354,-0.6075375,0.69423926,0.7104229,0.11546016
1356678512692,0.4312852,-0.47739565,0.76556283,0.58051217,-0.5027229,-0.6405275,0.690651,0.72066855,0.06031695
1356678512732,0.4714067,-0.45667747,0.7544676,0.5533412,-0.5129844,-0.6562471,0.6867235,0.72683734,0.010874271
1356678512772,0.493084,-0.43252325,0.75484556,0.53723437,-0.53107554,-0.6552389,0.68428606,0.7286168,-0.029498488
1356678512812,0.49578565,-0.4064339,0.7674687,0.5330411,-0.5552607,-0.63839865,0.68561196,0.7256012,-0.058644325
1356678512852,0.47873533,-0.3794196,0.79174066,0.5393963,-0.5844218,-0.6062201,0.6927223,0.717281,-0.07512587
1356678512895,0.44149828,-0.35236725,0.8251768,0.5526316,-0.61773705,-0.55946344,0.70687884,0.7030209,-0.078000575
1356678512934,0.39079255,-0.32597375,0.86082655,0.5671519,-0.651316,-0.5041093,0.7249965,0.6852216,-0.069652796
1356678512974,0.33375114,-0.30264384,0.892758,0.5798459,-0.68078727,-0.44755724,0.7432287,0.66703486,-0.05172673
1356678513013,0.28103292,-0.28448677,0.91656303,0.59106404,-0.7011173,-0.3988455,0.75608444,0.6538362,-0.028887123
1356678513052,0.24170566,-0.27387288,0.9308985,0.60263586,-0.70953757,-0.36522093,0.7605316,0.64926887,-0.006453572
1356678513092,0.2204125,-0.27224535,0.93664336,0.6157685,-0.7058861,-0.35007703,0.75647044,0.65391684,0.012053996
1356678513132,0.21956295,-0.28045356,0.9344185,0.62928605,-0.6911933,-0.35531777,0.745514,0.6660312,0.024725173
1356678513172,0.2401877,-0.2983852,0.9237294,0.6406554,-0.66618854,-0.38177663,0.72929454,0.68349034,0.0311518
1356678513212,0.28254056,-0.32512385,0.90247726,0.6462205,-0.6307779,-0.4295559,0.7089217,0.70456624,0.031881392
1356678513252,0.3448084,-0.35848153,0.86752415,0.64158475,-0.5846149,-0.4965827,0.6851833,0.72781616,0.028416216
1356678513292,0.41828305,-0.39492738,0.81796795,0.6238512,-0.52962106,-0.574727,0.6601885,0.75068885,0.024844438
1356678513332,0.48261768,-0.43125933,0.76229626,0.5982004,-0.47341537,-0.64655554,0.63971597,0.76804495,0.029500902
1356678513372,0.51164377,-0.46776658,0.7207046,0.581646,-0.42880985,-0.69123816,0.6323833,0.7728627,0.052676648
1356678513412,0.48737222,-0.5062056,0.7114943,0.59065336,-0.40900362,-0.6955894,0.64311504,0.75925744,0.09965506
1356678513452,0.41018218,-0.5425802,0.73304653,0.62176555,-0.42165506,-0.66001105,0.66720176,0.7265079,0.1644023
1356678513492,0.3068834,-0.56754804,0.7640103,0.6522658,-0.45916396,-0.60309017,0.69308865,0.6834161,0.22928238
1356678513532,0.22192276,-0.57812184,0.78519124,0.6655435,-0.49870187,-0.55529106,0.7126023,0.6458107,0.27409202
1356678513572,0.18519199,-0.57960576,0.7935749,0.6631927,-0.52220464,-0.5361696,0.7251755,0.6255874,0.28768215
1356678513612,0.19761306,-0.57528764,0.7937211,0.65175635,-0.52770007,-0.54474413,0.73223126,0.6249614,0.27066702
1356678513652,0.243483,-0.5636184,0.78933537,0.63451004,-0.5229544,-0.56913596,0.7335619,0.63941616,0.23029101
1356678513693,0.30299586,-0.542303,0.783646,0.6137151,-0.5180527,-0.59579796,0.7290729,0.6614596,0.17585173
1356678513732,0.35958987,-0.5115121,0.78041685,0.5931141,-0.5203689,-0.6143548,0.72035456,0.68379205,0.116265684
1356678513772,0.40249145,-0.4736359,0.7833707,0.5776253,-0.53247654,-0.6187227,0.7101758,0.70152533,0.059266806
1356678513812,0.4282906,-0.43182802,0.7937831,0.5701361,-0.552385,-0.60812473,0.7010792,0.71301854,0.009619445
1356678513852,0.43813342,-0.3888509,0.810453,0.5703685,-0.57659763,-0.58499134,0.6947797,0.7185612,-0.03083837
1356678513894,0.43378717,-0.34705314,0.8314943,0.57632726,-0.6024879,-0.55213696,0.6925861,0.71872276,-0.061335355
1356678513952,0.41622669,-0.30860785,0.85528743,0.585714,-0.6284822,-0.5118097,0.6954814,0.7139827,-0.080835134
1356678513973,0.38585216,-0.27569175,0.8804046,0.59621733,-0.6537264,-0.46601158,0.7040192,0.704724,-0.087869555
1356678514013,0.34372598,-0.24983628,0.9052261,0.60575956,-0.6776009,-0.41702795,0.7175708,0.6916927,-0.08156833
1356678514050,0.29435897,-0.23152277,0.9272271,0.61293614,-0.69865805,-0.3690342,0.7332545,0.6769595,-0.063747585
1356678514093,0.24498856,-0.22000585,0.94423413,0.6182856,-0.71472204,-0.3269485,0.74679554,0.663905,-0.03907228
