1356678679614,0.44378012,0.38354966,-0.8099067,-0.56354916,-0.58325243,-0.5850034,-0.6967579,0.7160351,-0.04268676
1356678679653,0.30980372,0.24676293,-0.91822094,-0.6469677,-0.65297884,-0.39376575,-0.6967456,0.7160494,-0.042647656
1356678679692,0.3094887,0.24668622,-0.9183478,-0.6471979,-0.65291387,-0.39349508,-0.6966718,0.716135,-0.04241466
1356678679734,0.3085026,0.24633436,-0.9187739,-0.64788014,-0.65279675,-0.39256555,-0.696475,0.7163629,-0.04179436
1356678679772,0.3063587,0.24537635,-0.9197471,-0.64921474,-0.65277094,-0.39039767,-0.69617856,0.7167151,-0.04068011
1356678679812,0.30266708,0.2434919,-0.9214686,-0.65119773,-0.653128,-0.3864782,-0.6959412,0.71703243,-0.03911904
1356678679854,0.29716438,0.24060468,-0.92401445,-0.65373576,-0.65406936,-0.38055593,-0.6959331,0.71714896,-0.037074212
1356678679893,0.2895701,0.23668326,-0.927432,-0.6568264,-0.655662,-0.37240624,-0.6962243,0.71699953,-0.03440028
1356678679933,0.27980554,0.23185878,-0.93163854,-0.66049117,-0.65776664,-0.36206967,-0.69674975,0.71664816,-0.030906048
1356678679974,0.26789922,0.22652605,-0.9364379,-0.66468894,-0.660148,-0.3498474,-0.6974371,0.71616375,-0.0262838
1356678680013,0.25452036,0.22116528,-0.94143784,-0.66911834,-0.66258013,-0.33655328,-0.6982119,0.71559304,-0.020654354
1356678680053,0.24128282,0.21652262,-0.9459918,-0.67311656,-0.6648533,-0.3238582,-0.69906837,0.71490425,-0.014672697
1356678680092,0.22928894,0.21321554,-0.9497188,-0.6762072,-0.66692275,-0.31298226,-0.7001217,0.71397,-0.008740123
1356678680134,0.21953106,0.21169788,-0.9523603,-0.6781901,-0.6686244,-0.30495828,-0.7013304,0.7128292,-0.0032124259
1356678680172,0.21280628,0.21208659,-0.9537992,-0.6792581,-0.66958475,-0.300441,-0.7023688,0.71181154,0.0015696622
1356678680216,0.2099027,0.21422979,-0.9539635,-0.679716,-0.6693719,-0.299879,-0.70279944,0.7113697,0.0051124357
1356678680253,0.21157843,0.21772565,-0.9528012,-0.67971003,-0.6677346,-0.30352077,-0.7023026,0.71184695,0.006712023
1356678680292,0.21840006,0.22197618,-0.95027786,-0.6792466,-0.6645929,-0.31135237,-0.70066077,0.71347237,0.005629424
1356678680333,0.23043936,0.2262146,-0.9464273,-0.6784694,-0.65985304,-0.32291386,-0.6975507,0.716534,0.0014235042
1356678680372,0.24716759,0.22958654,-0.941381,-0.6778799,-0.65323114,-0.33729488,-0.6923778,0.72151166,-0.0058254264
1356678680412,0.2682404,0.2314186,-0.9351431,-0.67820203,-0.64403766,-0.35391748,-0.68417037,0.7291509,-0.01580837
1356678680453,0.2928053,0.23117551,-0.9278054,-0.68002594,-0.63179094,-0.37202823,-0.6721828,0.73986363,-0.027786434
1356678680492,0.31910348,0.22856614,-0.91974485,-0.68352056,-0.61674684,-0.39041403,-0.6564851,0.753247,-0.04057643
1356678680549,0.3491323,0.22391589,-0.9099277,-0.6889536,-0.59685826,-0.41122168,-0.6351769,0.77046865,-0.054114845
1356678680584,0.37037218,0.2146234,-0.9037484,-0.6963164,-0.5798001,-0.42305458,-0.6147909,0.7859825,-0.065296024
1356678680624,0.3846951,0.20368785,-0.90028936,-0.70442086,-0.5655068,-0.42894447,-0.59649056,0.7991954,-0.074065745
1356678680654,0.39093524,0.19062045,-0.9004629,-0.7137042,-0.55498403,-0.42733955,-0.5812022,0.80972624,-0.080916196
1356678680694,0.39182228,0.17709112,-0.9028367,-0.7234145,-0.5470095,-0.42125058,-0.56846,0.81818044,-0.086220235
1356678680724,0.38276315,0.15945917,-0.90998083,-0.73619145,-0.54242843,-0.40471417,-0.55813485,0.82482976,-0.09022912
1356678680764,0.3669439,0.14084104,-0.9195194,-0.75038385,-0.5393969,-0.38206702,-0.5497966,0.83018965,-0.09224358
1356678680795,0.338273,0.116778195,-0.9337742,-0.7685314,-0.5383536,-0.34573817,-0.5430754,0.83458865,-0.09236276
1356678680834,0.29952985,0.091879636,-0.9496526,-0.78847075,-0.5366081,-0.30060878,-0.5372111,0.8388146,-0.088285744
1356678680883,0.24732679,0.062015295,-0.96694547,-0.80983174,-0.5346804,-0.24143192,-0.53197926,0.8427757,-0.08201882
1356678680903,0.1838392,0.032697797,-0.98241234,-0.8297905,-0.53060323,-0.17293918,-0.5269259,0.8469894,-0.07041331
1356678680940,0.10594255,0.001334101,-0.9943714,-0.84509885,-0.52685225,-0.0907456,-0.5240078,0.8499559,-0.054688647
1356678680970,0.028621614,-0.028320462,-0.999189,-0.85113084,-0.5248676,-0.00950399,-0.5241728,0.85071266,-0.039127007
1356678681013,-0.040852904,-0.052481562,-0.9977859,-0.8463274,-0.52898663,0.062475264,-0.5310942,0.84700584,-0.022805989
1356678681053,-0.093508184,-0.070563436,-0.9931148,-0.83439696,-0.53863835,0.116835535,-0.543174,0.8395771,-0.008510888
1356678681092,-0.12508643,-0.081225544,-0.98881537,-0.82017577,-0.5523347,0.14912447,-0.5582698,0.82965577,0.002470404
1356678681132,-0.13612038,-0.08377352,-0.987144,-0.80688274,-0.5687617,0.15953133,-0.5748142,0.8182249,0.009824693
1356678681172,-0.12963903,-0.0781216,-0.98847896,-0.79509914,-0.5874565,0.15070525,-0.59246176,0.80547607,0.014042914
1356678681212,-0.1102435,-0.06456113,-0.99180555,-0.7837659,-0.607996,0.1266962,-0.6111934,0.7913108,0.016426757
1356678681253,-0.083536446,-0.0435313,-0.9955535,-0.771648,-0.6293221,0.09226623,-0.63054025,0.77592444,0.018980488
1356678681292,-0.056033254,-0.015302777,-0.9983116,-0.75846374,-0.64959484,0.0525285,-0.64930195,0.76012653,0.024792358
1356678681332,-0.035462976,0.020494044,-0.9991609,-0.74577683,-0.6660728,0.012807637,-0.6652514,0.74560523,0.03890486
1356678681373,-0.030479312,0.065125346,-0.9974115,-0.7370088,-0.6755383,-0.021587044,-0.6751956,0.73444307,0.0685879
1356678681412,-0.04720652,0.12064329,-0.99157286,-0.7358359,-0.675516,-0.047157675,-0.67551255,0.72740877,0.12066235
1356678681453,-0.0838362,0.18726999,-0.97872436,-0.7434757,-0.66572285,-0.063694865,-0.6634873,0.7223178,0.19504234
1356678681492,-0.12609696,0.2597152,-0.95741713,-0.75753796,-0.6483401,-0.076101154,-0.6404965,0.7156837,0.27849782
1356678681551,-0.15341938,0.327523,-0.9323042,-0.7741591,-0.6261832,-0.09258613,-0.6141173,0.7075473,0.34962362
1356678681575,-0.15202504,0.38046736,-0.9122132,-0.7905087,-0.60080945,-0.11884418,-0.5932827,0.7030451,0.39210087
1356678681616,-0.12050766,0.41190964,-0.9032211,-0.80447704,-0.57360405,-0.15425608,-0.5816309,0.70803154,0.40049562
1356678681657,-0.064428985,0.41789243,-0.90620905,-0.8135109,-0.5479391,-0.19484013,-0.5779696,0.7246576,0.3752632
1356678681695,-0.0027461052,0.40198392,-0.9156426,-0.81617314,-0.5299641,-0.2302162,-0.57780087,0.7466907,0.32954383
1356678681735,0.058489442,0.3662222,-0.9286874,-0.8140773,-0.5209435,-0.25670213,-0.5778037,0.77103776,0.26766348
1356678681775,0.10702008,0.31596535,-0.9427156,-0.8114287,-0.52017516,-0.26646054,-0.5745695,0.7934631,0.2007142
1356678681816,0.13881707,0.25671646,-0.95646566,-0.8124008,-0.5228028,-0.25822908,-0.56633455,0.8128801,0.13598263
1356678681855,0.14843655,0.1939986,-0.96970665,-0.8189647,-0.52551705,-0.23049629,-0.5543134,0.8283696,0.08087212
1356678681896,0.13907522,0.13294148,-0.9813179,-0.8300843,-0.5247301,-0.18872845,-0.5400168,0.840824,0.037375644
1356678681935,0.10990262,0.07573247,-0.991053,-0.84376633,-0.51989436,-0.13329762,-0.5253378,0.8508669,0.006762728
1356678681977,0.061763823,0.025276273,-0.9977708,-0.85696995,-0.5111235,-0.0659962,-0.5116521,0.8591356,-0.009907976
1356678682018,-0.004229486,-0.015190601,-0.99987566,-0.86639255,-0.49923676,0.011249512,-0.49934563,0.8663324,-0.011049509
1356678682055,-0.08561909,-0.047654063,-0.99518764,-0.8680023,-0.48679626,0.09798694,-0.4891231,0.8722147,3.1521916E-4
1356678682094,-0.17450964,-0.07238591,-0.9819912,-0.85838276,-0.47742462,0.18773583,-0.48241615,0.87568605,0.021180391
1356678682134,-0.2625903,-0.095668554,-0.960153,-0.8360081,-0.47431087,0.27589795,-0.48180577,0.87514377,0.04456973
1356678682174,-0.3403526,-0.122698545,-0.93225807,-0.8032266,-0.47751898,0.3560936,-0.48886305,0.87001187,0.06397009
1356678682204,-0.4049887,-0.15387982,-0.9012797,-0.7659274,-0.4812433,0.4263333,-0.49933895,0.862975,0.077037364
1356678682244,-0.44986737,-0.18892556,-0.8728839,-0.7283559,-0.48799193,0.48100054,-0.51683366,0.85215664,0.081926614
1356678682284,-0.4815489,-0.22839536,-0.846136,-0.69181013,-0.49365908,0.5269719,-0.53806067,0.8391282,0.079714864
1356678682324,-0.49997056,-0.2690249,-0.823198,-0.6596179,-0.49764514,0.5632527,-0.5611895,0.82460594,0.07135424
1356678682364,-0.50485075,-0.30754507,-0.8065616,-0.634674,-0.5010671,0.5883201,-0.58507645,0.8089176,0.057773292
1356678682392,-0.49882543,-0.33842152,-0.7978998,-0.61857146,-0.50582683,0.6012558,-0.60707706,0.7934797,0.042981416
1356678682433,-0.4841445,-0.361879,-0.79664785,-0.6087569,-0.5146816,0.6037532,-0.6285055,0.77726865,0.028883874
1356678682472,-0.46690714,-0.3673069,-0.804415,-0.6026763,-0.53351086,0.5934202,-0.64713144,0.7618739,0.02773282
1356678682515,-0.46422052,-0.3478148,-0.8145699,-0.59129363,-0.5630269,0.5773841,-0.6594475,0.7496836,0.05570796
1356678682553,-0.4916255,-0.3017136,-0.81686795,-0.56732875,-0.6006849,0.5633078,-0.660638,0.74036914,0.124141276
1356678682592,-0.5329195,-0.24226493,-0.8107431,-0.5403903,-0.6398543,0.5464108,-0.65113366,0.72931075,0.21007323
1356678682633,-0.5727266,-0.18549977,-0.79848224,-0.51839626,-0.67260045,0.5280851,-0.63501924,0.7163787,0.28905383
1356678682672,-0.5928131,-0.13978106,-0.7931165,-0.51419175,-0.6922635,0.5063378,-0.6198221,0.7079777,0.33850867
1356678682712,-0.58736247,-0.106682494,-0.8022618,-0.5320442,-0.696074,0.48208913,-0.6098641,0.7099998,0.35208803
1356678682752,-0.5567906,-0.08413799,-0.8263807,-0.5687706,-0.6864339,0.45310992,-0.60537946,0.72230834,0.3343447
1356678682793,-0.5049695,-0.07002318,-0.86029214,-0.6165367,-0.6682733,0.4162851,-0.6040599,0.7406129,0.2942858
1356678682832,-0.43892598,-0.06348255,-0.89627784,-0.6664486,-0.6460372,0.37213203,-0.6026527,0.7606615,0.24125469
1356678682872,-0.3702885,-0.0649817,-0.92664117,-0.7104674,-0.6228372,0.32758194,-0.59843343,0.7796481,0.18446207
1356678682913,-0.3113891,-0.07571599,-0.9472613,-0.7446928,-0.59977937,0.2927409,-0.590313,0.79657495,0.13037959
1356678682952,-0.274289,-0.09744033,-0.95669794,-0.76793206,-0.5766245,0.27889872,-0.57883143,0.81117785,0.08333421
1356678682993,-0.2695167,-0.13142034,-0.95398605,-0.77965426,-0.55169344,0.29626593,-0.56524324,0.82362795,0.0462282
1356678683033,-0.30588818,-0.17772841,-0.9353315,-0.7766765,-0.5216146,0.35311747,-0.5506416,0.83446443,0.0215182
1356678683072,-0.38707286,-0.2341612,-0.8918202,-0.75034493,-0.48212534,0.45225847,-0.53587043,0.8442297,0.010915965
1356678683112,-0.5019951,-0.2927096,-0.81383175,-0.689933,-0.43189746,0.58091056,-0.52153,0.85310364,0.014860332
1356678683152,-0.6219967,-0.34350526,-0.70365065,-0.59466743,-0.3773896,0.70989275,-0.50940233,0.85998905,0.030463696
1356678683193,-0.7153779,-0.38179034,-0.58520985,-0.48559725,-0.33056855,0.8092711,-0.5024239,0.863111,0.051085114
1356678683233,-0.77197224,-0.4110653,-0.48485503,-0.38905188,-0.297664,0.8717998,-0.5026905,0.8616389,0.069862485
1356678683272,-0.79946375,-0.43637812,-0.41283387,-0.3173595,-0.27668798,0.9070428,-0.5100398,0.85616463,0.08271325
1356678683312,-0.8075687,-0.45969045,-0.36948287,-0.27251828,-0.26474065,0.9250115,-0.52303606,0.8477011,0.08852208
1356678683352,-0.8022875,-0.48043114,-0.35428897,-0.25459325,-0.26143223,0.93104,-0.5399232,0.83716136,0.087429285
1356678683392,-0.7850908,-0.4965547,-0.37022403,-0.2658194,-0.26976538,0.92550886,-0.5594394,0.82502127,0.07979643
1356678683432,-0.75249034,-0.50359595,-0.42443985,-0.31086573,-0.29656082,0.90300274,-0.5806208,0.81144476,0.06660855
1356678683472,-0.6947403,-0.4916395,-0.5250014,-0.39288414,-0.35200882,0.84954804,-0.6024765,0.79648,0.051397324
1356678683512,-0.6007121,-0.44260475,-0.6657672,-0.50066775,-0.44096744,0.7449023,-0.623279,0.78080004,0.043296635
1356678683555,-0.48457062,-0.34551132,-0.80362517,-0.5958881,-0.54218215,0.59241545,-0.64039737,0.7659377,0.056839406
1356678683584,-0.512452,-0.3510747,-0.78367054,-0.55832136,-0.5571606,0.6146945,-0.652434,0.7525414,0.08950555
1356678683624,-0.39918387,-0.15690833,-0.90334487,-0.643526,-0.65384704,0.39794248,-0.6530899,0.74017817,0.16003066
1356678683664,-0.35390562,-2.4360418E-4,-0.9352811,-0.67895365,-0.68769604,0.2570917,-0.6432517,0.7259987,0.24321412
1356678683722,-0.3221563,0.12278545,-0.93869007,-0.70696735,-0.6906559,0.15228826,-0.62961304,0.71268386,0.30930442
1356678683743,-0.25726223,0.22735476,-0.93921554,-0.7414926,-0.66970783,0.040988237,-0.61968124,0.70696616,0.34087247
1356678683783,-0.14731497,0.3159557,-0.93726754,-0.77364653,-0.6272163,-0.089838654,-0.61625445,0.71187913,0.33683622
1356678683820,-0.010219276,0.38135165,-0.92437357,-0.78621095,-0.5742701,-0.22822414,-0.6178737,0.7244203,0.30569142
1356678683863,0.12626696,0.41856366,-0.89936703,-0.7733138,-0.52631855,-0.3535173,-0.62132305,0.74013054,0.25722444
1356678683902,0.23912549,0.42980707,-0.8706807,-0.74487233,-0.4940254,-0.4484463,-0.6228838,0.75578094,0.20201734
1356678683942,0.32302213,0.42183203,-0.8471803,-0.71501595,-0.47767073,-0.51047313,-0.6200072,0.77064157,0.14731842
1356678683982,0.37804568,0.39972425,-0.8350461,-0.6945598,-0.47390503,-0.5412954,-0.6121015,0.78462386,0.09847465
1356678684022,0.40551108,0.3666331,-0.83734155,-0.6894194,-0.47882688,-0.5435308,-0.60021806,0.7976873,0.058594316
1356678684062,0.4034778,0.32331192,-0.8559644,-0.70271933,-0.4896317,-0.51618433,-0.5859959,0.80977166,0.029642042
1356678684102,0.36532784,0.26833612,-0.8913649,-0.73539513,-0.5038858,-0.4530928,-0.5707273,0.82103276,0.013249546
1356678684142,0.27803928,0.19780296,-0.93998307,-0.7838427,-0.5189169,-0.34105116,-0.555234,0.83162445,0.010767095
1356678684183,0.12575352,0.10640639,-0.9863385,-0.8316981,-0.53067464,-0.1632869,-0.5407996,0.8408698,0.021763846
1356678684223,-0.085757256,-0.004034728,-0.99630785,-0.8436996,-0.5315823,0.074774265,-0.5299214,0.84699696,0.04218301
1356678684263,-0.30207765,-0.114388436,-0.9463955,-0.79548156,-0.51683205,0.31637594,-0.5253173,0.84841025,0.06512946
1356678684303,-0.46333158,-0.20365873,-0.8624656,-0.71200955,-0.49387813,0.49912605,-0.52760434,0.84534454,0.08382237
1356678684342,-0.5585021,-0.2676385,-0.78514016,-0.6330953,-0.47404683,0.6119395,-0.53597176,0.83883804,0.09531543
1356678684382,-0.6053464,-0.3126362,-0.7319935,-0.57662976,-0.46168625,0.67405045,-0.5486838,0.8301232,0.09920472
1356678684422,-0.618751,-0.34319603,-0.70665663,-0.54648876,-0.45816803,0.70102215,-0.56435555,0.81993806,0.09593922
1356678684463,-0.60567874,-0.36027712,-0.70947415,-0.542636,-0.46511507,0.6994384,-0.58197886,0.8086212,0.086211026
1356678684502,-0.5669975,-0.36165413,-0.74008113,-0.5633632,-0.4852178,0.6687194,-0.60094565,0.7960967,0.071374655
1356678684554,-0.50322014,-0.34231323,-0.7934679,-0.6015299,-0.5204699,0.60603046,-0.6204283,0.7822614,0.05599922
1356678684584,-0.42624772,-0.29795676,-0.85412794,-0.64077836,-0.56702304,0.51757896,-0.6385264,0.7679236,0.050767988
1356678684624,-0.36687315,-0.23328206,-0.9005463,-0.663404,-0.6130243,0.4290647,-0.6521498,0.7548383,0.07014182
1356678684664,-0.35360074,-0.16119799,-0.9214021,-0.66528285,-0.64910173,0.36887085,-0.657545,0.74342597,0.1222806
1356678684704,-0.38072687,-0.09169656,-0.9201298,-0.6549337,-0.6757156,0.3383345,-0.65277016,0.731437,0.19720793
1356678684744,-0.41269642,-0.027028084,-0.9104675,-0.64718217,-0.6946753,0.31397665,-0.6409656,0.71881545,0.269198
1356678684783,-0.41568333,0.035075366,-0.9088328,-0.6571947,-0.702355,0.27348217,-0.6287309,0.71096206,0.3150087
1356678684822,-0.37344432,0.09690791,-0.9225769,-0.68923455,-0.69462836,0.206027,-0.6208825,0.71281147,0.3261973
1356678684862,-0.28418773,0.15735543,-0.94576776,-0.73265064,-0.6719242,0.10835582,-0.61843383,0.7237107,0.30623913
1356678684902,-0.15988046,0.21037444,-0.96445876,-0.7687886,-0.6393898,-0.012024343,-0.6191948,0.7395425,0.26395953
1356678684942,-0.024319887,0.24822235,-0.96839774,-0.7848257,-0.60476536,-0.1353054,-0.6192392,0.7567328,0.20951909
1356678684982,0.09760231,0.26675794,-0.95880866,-0.7823255,-0.5749436,-0.23959684,-0.61517525,0.77348566,0.1525757
1356678685022,0.19078994,0.2667452,-0.94469374,-0.7723359,-0.5532069,-0.312185,-0.60588497,0.7891826,0.10047054
1356678685062,0.24894315,0.25069463,-0.9355103,-0.76617825,-0.53988594,-0.34855986,-0.592451,0.8035393,0.05767587
1356678685102,0.2685997,0.22025076,-0.93773335,-0.77151096,-0.5336864,-0.34633774,-0.5767366,0.81649774,0.0265778
1356678685142,0.24316949,0.17454168,-0.9541508,-0.79178786,-0.5324958,-0.2991994,-0.56030405,0.82824117,0.008713253
1356678685182,0.16066349,0.10991013,-0.9808705,-0.8232487,-0.5332839,-0.19460195,-0.54447114,0.8387658,0.0048041046
1356678685222,0.011072755,0.02311173,-0.9996716,-0.8471192,-0.53096133,-0.02165842,-0.53128755,0.84708077,0.013699219
1356678685262,-0.18481886,-0.07771465,-0.9796951,-0.8315575,-0.5189347,0.19803745,-0.5237882,0.85127383,0.03128472
1356678685302,-0.36314315,-0.16883308,-0.91630924,-0.77013326,-0.4991417,0.3971806,-0.52442527,0.8499136,0.051235825
1356678685342,-0.47757375,-0.23380499,-0.8469112,-0.6981876,-0.48416364,0.52737045,-0.53334546,0.8431612,0.067984104
1356678685382,-0.53004,-0.2735296,-0.8026451,-0.64662427,-0.48196757,0.5912565,-0.54857504,0.83239937,0.07859126
1356678685422,-0.5371388,-0.29272652,-0.7910708,-0.6239549,-0.4931947,0.6061676,-0.56759334,0.81918865,0.08226588
1356678685462,-0.50938654,-0.29267028,-0.8092401,-0.627882,-0.51666343,0.58208525,-0.5884638,0.8046136,0.07941899
1356678685502,-0.4504009,-0.27138475,-0.8505817,-0.652007,-0.55085385,0.52100563,-0.6099393,0.7892467,0.071160376
1356678685553,-0.3626908,-0.22602454,-0.9040842,-0.685719,-0.59222835,0.4231488,-0.6310663,0.7734199,0.059806526
1356678685584,-0.25856322,-0.15710977,-0.9531325,-0.7142998,-0.63315755,0.29813996,-0.65032375,0.7579104,0.051487774
1356678685624,-0.16784686,-0.07336816,-0.9830791,-0.7275604,-0.66367626,0.1737515,-0.66519415,0.744413,0.05801627
1356678685664,-0.123737514,0.013472021,-0.99222356,-0.7300884,-0.67843485,0.08183581,-0.6720565,0.73453707,0.09378357
1356678685705,-0.13522285,0.09791419,-0.98596525,-0.73255837,-0.67990625,0.032948643,-0.66713786,0.7267326,0.16366677
1356678685744,-0.17759138,0.17928347,-0.96763563,-0.7385844,-0.6740767,0.01066044,-0.6503494,0.7165737,0.25212628
1356678685784,-0.20737189,0.25733286,-0.9438096,-0.7492648,-0.66207993,-0.015891433,-0.6289668,0.7038679,0.33010715
1356678685824,-0.19348663,0.33031246,-0.9238272,-0.7666607,-0.6384717,-0.06771463,-0.61220443,0.69516015,0.3767733
1356678685864,-0.12961411,0.3940755,-0.9098927,-0.7863405,-0.5998569,-0.14778453,-0.6040437,0.6963305,0.3876275
1356678685904,-0.027136087,0.4424747,-0.8963704,-0.7968229,-0.55102533,-0.24787977,-0.60360324,0.7075219,0.3675266
1356678685942,0.09256351,0.4705425,-0.87750876,-0.7887742,-0.50319517,-0.3530294,-0.60767365,0.72483397,0.32457435
1356678685982,0.2074033,0.47809324,-0.85346985,-0.7630255,-0.46690965,-0.44697583,-0.6121894,0.74392354,0.26795876
1356678686022,0.30365998,0.46926856,-0.829203,-0.7288376,-0.44613367,-0.5193846,-0.6136663,0.76207066,0.20654765
1356678686062,0.37640256,0.44915497,-0.8102967,-0.6969205,-0.43900192,-0.5670793,-0.6104284,0.7781626,0.14778394
1356678686102,0.42546248,0.42161524,-0.8007636,-0.6749339,-0.44162345,-0.5911286,-0.60286474,0.7919655,0.09666821
1356678686142,0.45120996,0.38895825,-0.8031942,-0.667449,-0.45034945,-0.5930406,-0.5923862,0.8036771,0.05640766
1356678686182,0.45190835,0.35199413,-0.81968224,-0.6775,-0.46232635,-0.57205594,-0.5803211,0.8138516,0.029546916
1356678686222,0.42327648,0.30996212,-0.85132873,-0.7062446,-0.4756968,-0.52433884,-0.5674995,0.82318664,0.01755777
1356678686262,0.3577749,0.26021284,-0.8968201,-0.7508969,-0.49074733,-0.44195127,-0.5551135,0.83153856,0.019815892
1356678686302,0.24811065,0.19892362,-0.9480878,-0.8002958,-0.50938576,-0.31631118,-0.5458642,0.83723086,0.03281372
1356678686342,0.1018554,0.12544423,-0.98685825,-0.8335211,-0.53073734,-0.15349373,-0.5430175,0.8382014,0.050502002
1356678686382,-0.046996713,0.0490731,-0.99768895,-0.8352649,-0.54971004,0.012307167,-0.54783565,0.8339129,0.06682359
1356678686422,-0.15996283,-0.014869422,-0.987011,-0.8136256,-0.5641912,0.14036223,-0.5589501,0.82551014,0.078151554
1356678686462,-0.22084826,-0.05616367,-0.9736897,-0.7885108,-0.57727396,0.21214464,-0.5740006,0.8146167,0.08320436
1356678686502,-0.23130977,-0.07135862,-0.9702596,-0.7726587,-0.59254885,0.22778127,-0.5911804,0.80236757,0.081926495
1356678686570,-0.1976918,-0.059928745,-0.9784306,-0.7678058,-0.6110598,0.19256237,-0.6094197,0.7893127,0.074787885
1356678686583,-0.12752384,-0.022847563,-0.9915723,-0.76762784,-0.6308093,0.113257796,-0.62808067,0.7756015,0.062904745
1356678686623,-0.035032988,0.035717934,-0.99874765,-0.76208365,-0.6474686,0.0035763085,-0.6465301,0.76125455,0.04990287
1356678686660,0.05410844,0.107694715,-0.9927106,-0.7463033,-0.6561395,-0.11185947,-0.66340315,0.7469157,0.044870168
1356678686703,0.11117482,0.18534869,-0.9763638,-0.72846407,-0.65308625,-0.20692652,-0.6760032,0.7342509,0.062413044
1356678686742,0.12697333,0.26728144,-0.9552164,-0.7216016,-0.6358489,-0.27383822,-0.6805651,0.7240559,0.112134844
1356678686782,0.11193627,0.35166022,-0.9294113,-0.73021233,-0.6052522,-0.31695372,-0.6739882,0.7141462,0.18903697
1356678686822,0.09940928,0.4339254,-0.8954477,-0.74597085,-0.5630538,-0.35566545,-0.65851754,0.70333433,0.26772296
1356678686862,0.119623244,0.50475985,-0.8549314,-0.7578841,-0.5098254,-0.4070501,-0.6413283,0.69663155,0.3215625
1356678686902,0.18017894,0.55561954,-0.8116788,-0.75667745,-0.44893885,-0.4752823,-0.62847024,0.6998149,0.33953542
1356678686943,0.2666852,0.5826355,-0.7677336,-0.73642504,-0.39068884,-0.5523046,-0.62173724,0.71266973,0.32487643
1356678686982,0.35784173,0.5885592,-0.72494644,-0.6986006,-0.34640217,-0.6260692,-0.6196018,0.73048174,0.2872107
1356678687023,0.43967474,0.58015,-0.68564713,-0.65088713,-0.32022065,-0.6883346,-0.61889577,0.7489222,0.23681933
1356678687063,0.5073539,0.5639334,-0.6515913,-0.6020714,-0.30899987,-0.7362262,-0.6165241,0.7658317,0.18275589
1356678687103,0.56132954,0.5443078,-0.6234085,-0.558244,-0.30706888,-0.77076083,-0.61096054,0.78066486,0.13148975
1356678687142,0.60309374,0.52389556,-0.60150766,-0.5229625,-0.30971572,-0.79409474,-0.602319,0.7934795,0.08719009
1356678687182,0.63370067,0.50429904,-0.58660537,-0.49853706,-0.313596,-0.8081573,-0.5915101,0.8045744,0.052685797
1356678687222,0.6534749,0.48605663,-0.58027536,-0.48749912,-0.3162018,-0.81385577,-0.5790641,0.814718,0.030322194
1356678687262,0.66145426,0.4690656,-0.5851972,-0.49280483,-0.3163526,-0.8105951,-0.5653509,0.8245596,0.021905005
1356678687302,0.65272653,0.4514408,-0.60839903,-0.51964706,-0.3175866,-0.7931619,-0.5512849,0.8338706,0.027292639
1356678687342,0.61007357,0.42574742,-0.6682436,-0.57989985,-0.33478984,-0.7427194,-0.53993195,0.8406278,0.04264441
1356678687382,0.46636432,0.3548755,-0.8102886,-0.7045575,-0.40486288,-0.5828249,-0.53488606,0.84270364,0.06121656
1356678687422,-0.095074356,0.030236602,-0.99501085,-0.83779967,-0.54226387,0.063574165,-0.53763616,0.8396641,0.07688756
1356678687462,-0.7656076,-0.45603585,-0.45373598,-0.3382821,-0.31453258,0.8869242,-0.54718393,0.8325266,0.086539686
1356678687502,-0.82746035,-0.5574337,-0.06765418,-0.005809754,-0.111977816,0.99369377,-0.5614942,0.82263523,0.08941859
1356678687553,-0.8048068,-0.5851836,0.09922755,0.13055071,-0.011443138,0.99137557,-0.57900125,0.8108201,0.08560562
1356678687584,-0.7757124,-0.6005567,0.19391231,0.20000096,0.057486594,0.9781078,-0.5985565,0.797513,0.075518906
1356678687624,-0.74899626,-0.61205125,0.2537673,0.23576738,0.11173749,0.9653644,-0.6192078,0.7828844,0.06061077
1356678687664,-0.728483,-0.6244679,0.28169546,0.24452819,0.14708275,0.95842195,-0.6399363,0.7670766,0.04555273
1356678687704,-0.7182949,-0.64424264,0.26268566,0.22416331,0.1431284,0.9639839,-0.65863734,0.7513093,0.0416072
1356678687744,-0.7191545,-0.6709919,0.18051781,0.17651263,0.07485777,0.9814477,-0.6720566,0.73767626,0.06460434
1356678687784,-0.7242071,-0.6860691,0.069521815,0.13375568,-0.04085344,0.9901719,-0.67648613,0.72638845,0.12135196
1356678687824,-0.73169845,-0.6814658,-0.014888942,0.12673521,-0.15747452,0.9793568,-0.6697429,0.71470696,0.20158964
1356678687864,-0.743246,-0.6652384,-0.07101613,0.13468176,-0.252756,0.9581103,-0.6553215,0.702547,0.27745527
1356678687904,-0.7570299,-0.6436159,-0.112535834,0.13095784,-0.3182062,0.93893284,-0.6401217,0.69606274,0.32517815
1356678687944,-0.7704239,-0.6198133,-0.14925961,0.10459915,-0.3538379,0.9294394,-0.62889266,0.70044994,0.3374372
1356678687984,-0.7806415,-0.5955582,-0.18949716,0.054551125,-0.36697888,0.9286283,-0.6225937,0.7145885,0.3189674
1356678688030,-0.78455096,-0.5717565,-0.23994677,-0.02221039,-0.36080956,0.9323751,-0.6196665,0.736825,0.27037448
1356678688062,-0.781047,-0.55024815,-0.2952838,-0.10227668,-0.35375208,0.9297306,-0.61603975,0.7563639,0.22001952
1356678688102,-0.7727336,-0.5348215,-0.3418314,-0.17578956,-0.33715612,0.92489123,-0.6099022,0.7747849,0.16651583
1356678688142,-0.76855993,-0.53138185,-0.3562989,-0.22039486,-0.3029214,0.92718107,-0.6006177,0.7911207,0.11569941
1356678688182,-0.77856016,-0.54082465,-0.31835967,-0.21746792,-0.24336034,0.9452426,-0.5886866,0.8051612,0.071858585
1356678688223,-0.80235296,-0.5540818,-0.22186272,-0.15986957,-0.15862507,0.9743099,-0.57504034,0.8172096,0.038692474
1356678688262,-0.8255584,-0.5566464,-0.0927255,-0.065969706,-0.06799036,0.99550253,-0.56044734,0.8279626,0.019408286
1356678688302,-0.8374884,-0.54587305,0.025218248,0.029664248,6.662011E-4,0.99955976,-0.54564947,0.83786774,0.015634954
1356678688342,-0.8400425,-0.5320333,0.10615578,0.103409335,0.03505951,0.9940208,-0.53257394,0.8459972,0.025565803
1356678688382,-0.8380552,-0.5247978,0.14916673,0.14961867,0.0418576,0.9878574,-0.5246692,0.85019714,0.04344064
1356678688422,-0.8336674,-0.5272181,0.16443771,0.17244047,0.03436494,0.9844203,-0.5246551,0.8490348,0.0622648
1356678688462,-0.8274357,-0.53769696,0.16196406,0.17800565,0.0224064,0.98377436,-0.5326015,0.8428405,0.077173114
1356678688502,-0.81997967,-0.55300415,0.14771482,0.17043987,0.010466516,0.98531246,-0.54642797,0.8331127,0.08567172
1356678688553,-0.8121406,-0.57061493,0.12176286,0.14941218,-0.0016610026,0.9887736,-0.5640067,0.8212161,0.08660585
1356678688584,-0.8043791,-0.5888677,0.07879841,0.11060913,-0.018119156,0.9936989,-0.5837294,0.8080264,0.079708755
1356678688624,-0.7952252,-0.60628563,0.0058891475,0.044333458,-0.04845673,0.99784094,-0.60469127,0.7937693,0.06541276
1356678688664,-0.7768474,-0.6174724,-0.12343454,-0.06727964,-0.11350995,0.9912563,-0.62608445,0.7783595,0.046636462
1356678688704,-0.72223556,-0.597908,-0.3476805,-0.24574852,-0.24804652,0.9370596,-0.6465164,0.7622197,0.032212973
1356678688744,-0.5892114,-0.49108475,-0.6416118,-0.46080786,-0.44804347,0.7661027,-0.6636913,0.7470561,0.03769654
1356678688782,-0.43483812,-0.31206107,-0.8447094,-0.5964649,-0.60294896,0.5297947,-0.6746448,0.7342143,0.07605159
1356678688822,-0.37380552,-0.16539739,-0.9126407,-0.6347375,-0.6718508,0.38173917,-0.67629707,0.72198355,0.14615759
1356678688862,-0.3726089,-0.057834446,-0.92618454,-0.6434715,-0.7030456,0.30277273,-0.66866064,0.7087891,0.22474624
1356678688902,-0.35959107,0.04087743,-0.93221426,-0.6631398,-0.71403843,0.22448814,-0.6564603,0.69891226,0.28386915
1356678688942,-0.29693526,0.14404729,-0.94397026,-0.70397913,-0.7009329,0.11448318,-0.64516884,0.6985295,0.309538
1356678688982,-0.17801952,0.24666381,-0.9526101,-0.7497439,-0.6609994,-0.031046897,-0.63733286,0.7086866,0.30260548
1356678689022,-0.022753596,0.33247653,-0.942837,-0.7741952,-0.6025489,-0.19379559,-0.63253784,0.72553027,0.27111182
1356678689062,0.13205785,0.38749945,-0.9123622,-0.7664132,-0.5437996,-0.34189588,-0.6286267,0.7443965,0.22517169
1356678689102,0.25824958,0.4109775,-0.8743023,-0.738207,-0.4998368,-0.45300505,-0.6231834,0.76240444,0.17430386
1356678689142,0.34744477,0.41052943,-0.8430585,-0.7080868,-0.47454172,-0.5228989,-0.61473185,0.77863705,0.12581342
1356678689182,0.4017182,0.39323932,-0.827034,-0.68914527,-0.46492857,-0.5558059,-0.60307646,0.793224,0.084228754
1356678689222,0.4218176,0.36197037,-0.83129257,-0.6893771,-0.467489,-0.55336535,-0.58892196,0.8064934,0.052338988
1356678689262,0.39965343,0.31386882,-0.8612569,-0.7152843,-0.48081,-0.5071391,-0.5732761,0.81872344,0.032348093
1356678689302,0.31045032,0.23690683,-0.9205953,-0.77030927,-0.50476176,-0.38966554,-0.55699575,0.8301149,0.025788039
1356678689342,0.103957415,0.10511437,-0.9890115,-0.83433926,-0.5320441,-0.14424631,-0.54136014,0.84016657,0.03239116
1356678689401,-0.23398107,-0.090652674,-0.96800566,-0.81559646,-0.52363914,0.24617979,-0.52920246,0.84710336,0.048585624
1356678689423,-0.53001904,-0.26268187,-0.8062742,-0.6666523,-0.45854765,0.58762974,-0.5240748,0.8489595,0.06792158
1356678689464,-0.6692764,-0.3524411,-0.65410566,-0.52311826,-0.4016645,0.75167334,-0.52765167,0.8452519,0.084456265
1356678689500,-0.7119599,-0.3919918,-0.5826283,-0.45049667,-0.38149267,0.80716556,-0.5386706,0.8371416,0.09501636
1356678689553,-0.69714403,-0.40371808,-0.59245425,-0.44889066,-0.39853907,0.79978985,-0.5590058,0.82351583,0.096613884
1356678689594,-0.6420491,-0.38500065,-0.66298383,-0.50122064,-0.44357336,0.7429809,-0.58013004,0.80933136,0.091825604
1356678689634,-0.548046,-0.33741197,-0.7653749,-0.5809159,-0.5048173,0.63851076,-0.6018157,0.7945518,0.08065516
1356678689674,-0.40367866,-0.25030184,-0.8799958,-0.66915536,-0.5751595,0.47055584,-0.6239189,0.7788072,0.06468871
1356678689714,-0.22860694,-0.13030142,-0.96475923,-0.7287844,-0.63414073,0.25833866,-0.645455,0.76215947,0.050007343
1356678689754,-0.083658576,-0.0085397065,-0.9964579,-0.74307585,-0.66573405,0.068091005,-0.6639574,0.74614024,0.049348727
1356678689794,-0.011904061,0.0932481,-0.99557173,-0.7372924,-0.67339146,-0.054255903,-0.6754688,0.7333817,0.07676725
1356678689834,-0.009742498,0.17661417,-0.98423195,-0.73730016,-0.6661757,-0.11224276,-0.675495,0.7245808,0.13670787
1356678689874,-0.03755486,0.2522927,-0.96692187,-0.74765956,-0.64908737,-0.14032337,-0.66301936,0.71765864,0.21300548
1356678689914,-0.048532426,0.32369697,-0.9449153,-0.7634679,-0.62200296,-0.17386481,-0.6440196,0.7129744,0.2773196
1356678689954,-0.015045941,0.3858645,-0.9224327,-0.77894986,-0.5829326,-0.231142,-0.6269056,0.7150511,0.30933994
1356678689994,0.06001842,0.43012297,-0.90077305,-0.7852111,-0.5368212,-0.3086529,-0.61631274,0.72582185,0.3055181
1356678690034,0.15507698,0.4506349,-0.87913555,-0.7751911,-0.49613857,-0.39105645,-0.6123968,0.74214196,0.27238855
1356678690074,0.24617463,0.4485516,-0.85918534,-0.75128406,-0.4717514,-0.46154407,-0.6123482,0.7591127,0.22085643
1356678690112,0.3210429,0.42936677,-0.84414196,-0.72257346,-0.46514285,-0.51139975,-0.6122246,0.7741358,0.16091824
1356678690152,0.3746943,0.39855102,-0.83711493,-0.6993574,-0.47126937,-0.53740543,-0.60869,0.7868052,0.10214761
1356678690192,0.40633768,0.36016113,-0.8397462,-0.68870145,-0.48325425,-0.54051423,-0.6004831,0.79796576,0.051679105
1356678690232,0.41518807,0.31675458,-0.85281026,-0.694054,-0.4957528,-0.5220328,-0.5881394,0.80863816,0.014014129
1356678690272,0.39873767,0.2699309,-0.8764391,-0.7161165,-0.50536126,-0.48144278,-0.57287467,0.8196019,-0.008204609
1356678690312,0.35211986,0.22034377,-0.9096484,-0.75292027,-0.5106514,-0.41514617,-0.5559881,0.83107394,-0.013909243
1356678690352,0.26969117,0.16804916,-0.94816995,-0.7978735,-0.51228976,-0.31773767,-0.5391332,0.84221065,-0.0040781125
1356678690392,0.1504758,0.11270568,-0.9821682,-0.8375356,-0.51330566,-0.18721974,-0.5252533,0.850773,0.017154977
1356678690432,0.008663416,0.05521357,-0.998437,-0.855384,-0.51674205,-0.035997957,-0.517922,0.8543589,0.042752072
1356678690472,-0.12673628,-7.1933866E-4,-0.99193615,-0.8452997,-0.5231845,0.10838047,-0.5190436,0.8522191,0.065698445
1356678690512,-0.23115289,-0.050277144,-0.97161746,-0.8172741,-0.53178996,0.22195163,-0.5278555,0.8453826,0.081834525
1356678690556,-0.29612023,-0.09054455,-0.95084935,-0.78590417,-0.5426651,0.2964271,-0.5428327,0.8350545,0.08953482
1356678690594,-0.32675177,-0.12013009,-0.93744445,-0.7610569,-0.55467194,0.33635005,-0.56037986,0.8233515,0.089814186
1356678690634,-0.32877928,-0.13986087,-0.9339931,-0.74525756,-0.56903344,0.34755152,-0.5800822,0.8103332,0.08285406
1356678690674,-0.30763304,-0.14950934,-0.9396856,-0.7376455,-0.58634573,0.33478037,-0.60103333,0.79614437,0.07009438
1356678690715,-0.271132,-0.14921743,-0.9509057,-0.7342792,-0.6066899,0.30456778,-0.62235165,0.7808083,0.05492574
1356678690754,-0.23288453,-0.13769129,-0.96270764,-0.7301271,-0.6291545,0.26660675,-0.6424012,0.7649874,0.045988142
1356678690794,-0.21168774,-0.11166233,-0.97093767,-0.7225716,-0.65105665,0.23241249,-0.6580871,0.7507708,0.057136595
1356678690834,-0.22470635,-0.06817004,-0.97203904,-0.7120992,-0.6694439,0.21156475,-0.66514796,0.7397281,0.101884484
1356678690872,-0.26957166,-0.008427143,-0.96294343,-0.7015091,-0.68332535,0.20236441,-0.659709,0.73006535,0.1782935
1356678690912,-0.3237754,0.0564439,-0.94444877,-0.69431794,-0.69227904,0.19665247,-0.6427223,0.71941906,0.26333302
1356678690952,-0.36164874,0.11037108,-0.92575824,-0.69435215,-0.69452345,0.18844691,-0.62216175,0.71095383,0.32781
1356678690992,-0.37232232,0.14235586,-0.91712093,-0.70257765,-0.68890977,0.17829165,-0.6064327,0.7107307,0.35651255
1356678691032,-0.35904902,0.14908773,-0.92133415,-0.71588147,-0.6773672,0.1693733,-0.5988301,0.72037935,0.34993726
1356678691072,-0.33161962,0.13221222,-0.934103,-0.72954255,-0.6637202,0.16505533,-0.5981606,0.73620343,0.316557
1356678691112,-0.3007779,0.09574664,-0.9488758,-0.74047834,-0.6504632,0.16908416,-0.6010195,0.75347877,0.26654327
1356678691152,-0.2765184,0.044591844,-0.9599736,-0.74788946,-0.63728356,0.18582544,-0.60348904,0.76933825,0.20957036
1356678691192,-0.26684672,-0.016487569,-0.9635979,-0.7520639,-0.62167585,0.21890429,-0.6026548,0.7831011,0.15349251
1356678691232,-0.2773553,-0.083577245,-0.95712537,-0.75244,-0.6005606,0.27048326,-0.597418,0.7951993,0.10368174
1356678691272,-0.31138664,-0.15337908,-0.93782365,-0.7464431,-0.5712752,0.3412732,-0.5880996,0.8062999,0.06339872
1356678691312,-0.370207,-0.22225678,-0.9019694,-0.72916937,-0.53205186,0.4303869,-0.57555085,0.81702065,0.034906477
1356678691352,-0.45181215,-0.28548783,-0.8451996,-0.69369966,-0.48327583,0.53406477,-0.5609336,0.8276117,0.020307124
1356678691392,-0.54787904,-0.3379747,-0.7652462,-0.6339741,-0.42908275,0.643401,-0.5458072,0.8376522,0.020818174
1356678691432,-0.64257514,-0.37732112,-0.66687775,-0.551131,-0.3770393,0.74437624,-0.532308,0.8458547,0.03432274
1356678691472,-0.719511,-0.4066765,-0.5629548,-0.45657733,-0.3338039,0.82468903,-0.52329814,0.8504052,0.054496348
1356678691512,-0.7715839,-0.43254083,-0.4664405,-0.36470467,-0.29998493,0.8814758,-0.5211994,0.8502456,0.0737139
1356678691556,-0.80087805,-0.4595931,-0.38388622,-0.28453526,-0.2720129,0.91926533,-0.52690995,0.84544855,0.08707863
1356678691594,-0.8149017,-0.48745388,-0.31356663,-0.21723105,-0.24470574,0.9449496,-0.5373509,0.8381574,0.09352094
1356678691634,-0.81688184,-0.5149718,-0.25982326,-0.1675635,-0.21915895,0.96119297,-0.55192983,0.82871795,0.09273648
1356678691674,-0.8110445,-0.5411657,-0.2221402,-0.13548422,-0.19564182,0.97127146,-0.56907874,0.817841,0.085354924
1356678691714,-0.7994774,-0.56510156,-0.20370631,-0.12344329,-0.17732173,0.9763805,-0.58787566,0.8057403,0.07200658
1356678691754,-0.78273374,-0.5859425,-0.20976004,-0.13414557,-0.17027658,0.9762227,-0.60772765,0.7922608,0.054679632
1356678691794,-0.7606351,-0.60074174,-0.24605636,-0.16734836,-0.18476695,0.96842945,-0.62723905,0.77779853,0.040007114
1356678691832,-0.7345703,-0.60235447,-0.3123709,-0.21426296,-0.23089123,0.94909465,-0.6438151,0.7641063,0.040543497
1356678691872,-0.71217483,-0.5808185,-0.39428037,-0.25639153,-0.30764544,0.9163066,-0.65350634,0.75366056,0.07018036
1356678691912,-0.70537627,-0.53484404,-0.4651732,-0.27679658,-0.3963127,0.87539697,-0.6525549,0.74624264,0.13150656
1356678691953,-0.7141912,-0.47547108,-0.5136712,-0.2811277,-0.47722143,0.83260244,-0.6410133,0.7390446,0.20715934
1356678691992,-0.72228265,-0.41217968,-0.55535185,-0.29605058,-0.541438,0.786892,-0.62502944,0.7327706,0.26904523
1356678692032,-0.7112379,-0.34534037,-0.61227506,-0.34534037,-0.58699596,0.7322403,-0.61227506,0.7322403,0.29823366
1356678692072,-0.66386414,-0.26907095,-0.6977716,-0.43751046,-0.6169721,0.65416366,-0.606522,0.73955816,0.29186425
1356678692112,-0.56192243,-0.17664525,-0.8081086,-0.5620574,-0.63523537,0.5296862,-0.60690576,0.75184596,0.25766832
1356678692152,-0.3998139,-0.071348876,-0.9138152,-0.6843467,-0.6399992,0.34938627,-0.6097693,0.76505584,0.20705312
1356678692192,-0.20837522,0.026210457,-0.9776976,-0.7637274,-0.6288316,0.14591423,-0.6109828,0.7770995,0.15105067
1356678692251,-0.040575445,0.092885554,-0.9948497,-0.7929342,-0.6088144,-0.024502605,-0.60795474,0.7878561,0.09835504
1356678692273,0.07088679,0.120610654,-0.99016577,-0.7967478,-0.5903928,-0.12895477,-0.60014004,0.79805356,0.05424519
1356678692313,0.11317569,0.108655065,-0.98761594,-0.8006816,-0.5785821,-0.15540814,-0.58830285,0.8083544,0.02151668
1356678692350,0.06652832,0.048725307,-0.9965941,-0.81634134,-0.57165515,-0.0824447,-0.57372534,0.8190459,0.0017452389
1356678692393,-0.11952901,-0.08481592,-0.9892012,-0.8216273,-0.5508742,0.14651337,-0.55735207,0.8302673,-0.0038416088
1356678692432,-0.47046506,-0.29802763,-0.83056736,-0.6974771,-0.4509837,0.5569016,-0.5405444,0.8413044,0.004304707
1356678692472,-0.75294876,-0.45223793,-0.47806796,-0.39591965,-0.26897526,0.878009,-0.5256574,0.8503724,0.023474693
1356678692512,-0.8428616,-0.49764785,-0.2047703,-0.1516423,-0.14545465,0.97767454,-0.5163225,0.85509616,0.047133744
1356678692556,-0.8566854,-0.51153,-0.0665371,-0.021655262,-0.09321058,0.9954109,-0.5153845,0.8541949,0.06877482
1356678692594,-0.85214704,-0.5233012,0.0011298954,0.044829175,-0.070848525,0.9964792,-0.52137876,0.84919745,0.0838325
1356678692634,-0.8428923,-0.53741485,0.026795328,0.071449295,-0.06242782,0.9954887,-0.5333176,0.8410042,0.09101778
1356678692674,-0.8328208,-0.5530523,0.023293734,0.06931196,-0.062439382,0.9956391,-0.54918605,0.8308035,0.090334
1356678692714,-0.8224967,-0.56861925,-0.013091147,0.036009043,-0.075029194,0.996531,-0.56762886,0.819172,0.0821867
1356678692754,-0.8076165,-0.5803557,-0.104608834,-0.045309424,-0.11579853,0.99223876,-0.58796495,0.8060881,0.06722516
1356678692794,-0.7620479,-0.5682674,-0.31041116,-0.2183364,-0.2258063,0.94938964,-0.6096,0.79125446,0.048001826
1356678692834,-0.56967056,-0.43401298,-0.6979313,-0.52694136,-0.45881194,0.71541905,-0.6307204,0.7753221,0.032672346
1356678692874,-0.17401183,-0.10158473,-0.9794899,-0.7419282,-0.6405039,0.19823554,-0.6475048,0.7612065,0.03608665
1356678692914,0.058346152,0.14560759,-0.9876205,-0.75334483,-0.6427111,-0.13926244,-0.6550323,0.7521442,0.072192974
1356678692954,0.10842162,0.27442992,-0.95547533,-0.7523211,-0.6056154,-0.25931272,-0.64981365,0.7469393,0.14079756
1356678692994,0.10741657,0.3654223,-0.9246233,-0.7653088,-0.56325907,-0.31151524,-0.63463706,0.7410842,0.21915755
1356678693035,0.13314337,0.44757038,-0.8842814,-0.77512413,-0.50898296,-0.37432468,-0.6176208,0.7352667,0.2791549
1356678693073,0.20922607,0.51814944,-0.82930434,-0.76751226,-0.43848795,-0.4676038,-0.60592854,0.73433614,0.3059429
1356678693112,0.31463397,0.56333137,-0.76397854,-0.7340522,-0.365883,-0.57209873,-0.6018079,0.7408018,0.29839543
1356678693152,0.41713262,0.5802226,-0.6995299,-0.6793196,-0.3122663,-0.6640894,-0.6037593,0.7522177,0.2639002
1356678693193,0.49918848,0.5766552,-0.6467454,-0.6174101,-0.2869804,-0.7324254,-0.60796016,0.76492554,0.21277544
1356678693232,0.56005913,0.5612974,-0.6093266,-0.56052005,-0.28486115,-0.77760625,-0.61004186,0.77704525,0.15507936
1356678693272,0.6044493,0.5389674,-0.58664745,-0.5161084,-0.2960304,-0.8037401,-0.6068552,0.7885937,0.09923026
1356678693312,0.6360073,0.5119863,-0.5773775,-0.48820028,-0.31248614,-0.81486994,-0.5976246,0.8001391,0.051208347
1356678693352,0.6560911,0.48163745,-0.5810076,-0.4789388,-0.32924515,-0.81376606,-0.5832342,0.81217176,0.01466006
1356678693392,0.6636771,0.44901612,-0.5982619,-0.48989412,-0.34348944,-0.80126077,-0.5652756,0.8248634,-0.007995725
