1356943300181,-0.8735499,0.3113939,-0.37409163,0.35076115,-0.13011873,-0.92738116,-0.33745712,-0.94133043,0.004440248
1356943300201,-0.14846659,0.048575968,-0.9877236,0.9295577,-0.33397603,-0.15614846,-0.3374611,-0.941329,0.004430175
1356943300231,-0.14858949,0.048671216,-0.9877005,0.92953503,-0.3339702,-0.15629625,-0.33746964,-0.94132626,0.0043828487
1356943300276,-0.14918137,0.049141794,-0.98758805,0.9294362,-0.33390957,-0.15701231,-0.33748093,-0.9413233,0.004138887
1356943300316,-0.1510824,0.05036354,-0.98723745,0.92913985,-0.33369142,-0.15921456,-0.33745125,-0.9413361,0.003620088
1356943300355,-0.15523762,0.052458614,-0.98648334,0.92850506,-0.33322185,-0.16383377,-0.33731225,-0.941388,0.0030204952
1356943300393,-0.16217762,0.055461824,-0.9852018,0.92745715,-0.33234286,-0.1713813,-0.33692986,-0.9415266,0.0024600625
1356943300435,-0.16295922,0.05622983,-0.9850292,0.9275867,-0.3314647,-0.17237768,-0.33619526,-0.94179046,0.0018572211
1356943300475,-0.18857998,0.06591952,-0.979843,0.92311305,-0.3285663,-0.19976622,-0.3351119,-0.9421777,0.0011098087
1356943300514,-0.21094453,0.07439959,-0.97466254,0.9187265,-0.32543623,-0.22368014,-0.33383226,-0.94263244,2.9614568E-4
1356943300557,-0.23199779,0.08237168,-0.96922237,0.91408944,-0.32223082,-0.24618647,-0.33259207,-0.94307065,-5.3828955E-4
1356943300595,-0.25231332,0.09031159,-0.96342194,0.9090541,-0.31906897,-0.26798445,-0.3316001,-0.9434187,-0.0015927851
1356943300636,-0.25397998,0.0920673,-0.96281767,0.90881926,-0.3179211,-0.27013633,-0.3309708,-0.9436364,-0.0029269457
1356943300677,-0.28367096,0.10379425,-0.9532877,0.90007687,-0.31406695,-0.3020326,-0.33074543,-0.9437101,-0.004331082
1356943300716,-0.30470014,0.11230594,-0.945804,0.8931261,-0.31128883,-0.32469228,-0.33088312,-0.9436561,-0.0054536164
1356943300756,-0.31868106,0.11803943,-0.94048345,0.8880957,-0.30956954,-0.33978346,-0.33125284,-0.94352186,-0.0061763525
1356943300797,-0.32730144,0.12167093,-0.93705386,0.8847877,-0.3086496,-0.34912184,-0.3316993,-0.9433619,-0.0066314936
1356943300836,-0.33213162,0.124010056,-0.9350455,0.8828342,-0.30816334,-0.35445604,-0.33210286,-0.9432162,-0.0071294904
1356943300876,-0.33451092,0.12577754,-0.9339607,0.8818409,-0.30773818,-0.35728687,-0.33235398,-0.943121,-0.007974029
1356943300917,-0.33534688,0.12735292,-0.9334472,0.8815297,-0.30710757,-0.3585948,-0.33233684,-0.9431151,-0.009277761
1356943300956,-0.33533603,0.12896857,-0.93322927,0.8816583,-0.30613315,-0.35911152,-0.3320065,-0.9432124,-0.011048734
1356943300996,-0.33510733,0.13089764,-0.93304276,0.8819686,-0.30475843,-0.35951865,-0.33141276,-0.9433918,-0.013320804
1356943301036,-0.33479,0.13307956,-0.9328481,0.88237774,-0.30309987,-0.35991675,-0.33064368,-0.94362086,-0.015951633
1356943301076,-0.33381218,0.13489193,-0.93293816,0.8830628,-0.30152076,-0.35956275,-0.32980233,-0.94386935,-0.018466711
1356943301117,-0.33141983,0.13561639,-0.9336857,0.8842579,-0.3004508,-0.3575151,-0.32901162,-0.9441067,-0.020344496
1356943301156,-0.32721257,0.13489714,-0.9352725,0.8860636,-0.30013436,-0.3532857,-0.32836467,-0.9443104,-0.021319687
1356943301222,-0.32116884,0.13267896,-0.93768156,0.8884511,-0.3005938,-0.34683982,-0.32787964,-0.9444785,-0.02133739
1356943301237,-0.31345218,0.1290687,-0.94079167,0.89132774,-0.3017326,-0.33836704,-0.3275401,-0.94461566,-0.020463824
1356943301276,-0.30423486,0.12428838,-0.9444541,0.89458793,-0.30341774,-0.3281008,-0.32734323,-0.94471693,-0.018876612
1356943301316,-0.2934053,0.11848897,-0.94861674,0.89821,-0.3055715,-0.31598258,-0.32731065,-0.94476795,-0.016771734
1356943301356,-0.29009163,0.11496097,-0.95006883,0.8992211,-0.30698103,-0.31171146,-0.3274878,-0.94474685,-0.014322698
1356943301396,-0.2653588,0.10396063,-0.9585285,0.90665793,-0.3112623,-0.28475803,-0.32795742,-0.94462055,-0.011660516
1356943301435,-0.24141127,0.093126416,-0.96594405,0.9130086,-0.3155024,-0.258599,-0.32884014,-0.9443439,-0.008859307
1356943301476,-0.21546227,0.08144203,-0.9731101,0.9189644,-0.32012814,-0.23026595,-0.3302733,-0.9438671,-0.005866766
1356943301516,-0.18664855,0.06834081,-0.98004687,0.9244925,-0.32528704,-0.1987513,-0.33237937,-0.94314253,-0.0024662018
1356943301556,-0.15542978,0.05359429,-0.98639196,0.9292462,-0.3308674,-0.16440237,-0.33517605,-0.94215405,0.0016244054
1356943301615,-0.12320626,0.03718567,-0.9916841,0.932814,-0.33666223,-0.12851632,-0.3386416,-0.9408909,0.0067916512
1356943301635,-0.09150612,0.019189358,-0.99561965,0.93500894,-0.34233868,-0.09253359,-0.3426148,-0.93938065,0.013383895
1356943301676,-0.06171143,-3.0204654E-4,-0.99809396,0.9359002,-0.34749746,-0.057760864,-0.3468177,-0.93768084,0.021727234
1356943301711,-0.034762383,-0.021211207,-0.99917054,0.9357557,-0.35175526,-0.025088757,-0.35093132,-0.9358517,0.03207636
1356943301741,-0.014063239,-0.040699065,-0.9990725,0.93493074,-0.35482794,0.0012942553,-0.3545515,-0.9340454,0.04304084
1356943301776,0.004742801,-0.06105706,-0.99812293,0.93377507,-0.3568949,0.026268989,-0.35782894,-0.932147,0.05532089
1356943301801,0.02210182,-0.08295575,-0.9963082,0.9323095,-0.35811853,0.050500184,-0.36098567,-0.9299836,0.069425285
1356943301843,0.046434462,-0.1142911,-0.9923615,0.92982197,-0.35811728,0.08475277,-0.36506838,-0.92665493,0.08964145
1356943301885,0.06866211,-0.15068173,-0.98619497,0.9262917,-0.3574857,0.119112045,-0.37049863,-0.9216827,0.11502947
1356943301924,0.0902009,-0.19267225,-0.9771086,0.921553,-0.35586435,0.1552439,-0.37762928,-0.91446054,0.14545842
1356943301965,0.11020672,-0.23952943,-0.964614,0.91577,-0.3527304,0.192215,-0.38628978,-0.9045479,0.18048058
1356943302005,0.12686515,-0.28941056,-0.9487606,0.90949273,-0.34780872,0.22771022,-0.395889,-0.8917794,0.21909204
1356943302045,0.13896781,-0.3403759,-0.9299636,0.90336215,-0.341182,0.2598687,-0.4057398,-0.87620723,0.2600693
1356943302084,0.14625472,-0.3906974,-0.90882623,0.89788353,-0.3331914,0.2877302,-0.41522852,-0.85810196,0.30206996
1356943302123,0.150226,-0.43963397,-0.8855247,0.8931327,-0.3237511,0.31224838,-0.42396468,-0.83779895,0.34401572
1356943302165,0.15224707,-0.4863495,-0.8603982,0.8890873,-0.31283206,0.33415538,-0.4316765,-0.8158433,0.38477942
1356943302224,0.1538465,-0.53018963,-0.83380467,0.8856213,-0.3002286,0.35431296,-0.43818504,-0.79294497,0.42335808
1356943302246,0.15567851,-0.5701144,-0.8066808,0.8827727,-0.28615177,0.3725984,-0.44325686,-0.77012134,0.45873368
1356943302286,0.15695482,-0.60425717,-0.78117764,0.88094276,-0.27189428,0.3873156,-0.44643593,-0.74896383,0.48964083
1356943302326,0.15413159,-0.6291944,-0.7618122,0.8811712,-0.2612577,0.39405805,-0.44696844,-0.7320238,0.5141599
1356943302366,0.14287323,-0.64168435,-0.753544,0.8845349,-0.2588045,0.38809562,-0.44405544,-0.7219844,0.5306159
1356943302406,0.12137264,-0.6409084,-0.75796115,0.8910368,-0.26614308,0.36772445,-0.4374038,-0.720003,0.5387705
1356943302446,0.08918238,-0.6268904,-0.77398646,0.8995539,-0.28292185,0.3328034,-0.42760897,-0.7259227,0.53869003
1356943302486,0.045241237,-0.59837264,-0.7999397,0.9080848,-0.30909306,0.28256595,-0.41633552,-0.73919666,0.5293893
1356943302526,-0.011074424,-0.5532195,-0.83296204,0.9138333,-0.34377223,0.21616998,-0.40593863,-0.7587944,0.5093574
1356943302567,-0.077849925,-0.49024624,-0.86810017,0.9137067,-0.3834356,0.13459948,-0.39884746,-0.78271043,0.47779176
1356943302606,-0.15030903,-0.41044143,-0.8994137,0.905601,-0.42211646,0.041286975,-0.3966032,-0.8083042,0.43514407
1356943302646,-0.22117043,-0.31836045,-0.9218081,0.8898618,-0.45263243,-0.057182044,-0.39903572,-0.8329289,0.3834057
1356943302686,-0.28202212,-0.22260547,-0.93322575,0.86998475,-0.46940732,-0.15094131,-0.40446267,-0.854461,0.3260466
1356943302727,-0.32579768,-0.13362294,-0.93594915,0.8515853,-0.47149527,-0.22911704,-0.41068035,-0.87168634,0.2674034
1356943302766,-0.34843618,-0.060224175,-0.9353957,0.8400133,-0.46284807,-0.2831063,-0.4158963,-0.8843894,0.21186215
1356943302806,-0.34930283,-0.0066821873,-0.936986,0.837957,-0.44970757,-0.3091783,-0.41930372,-0.89315087,0.16268352
1356943302846,-0.32847124,0.026055604,-0.94415456,0.84549344,-0.43745905,-0.30621952,-0.4210077,-0.89886075,0.121662855
1356943302886,-0.28636706,0.03954652,-0.9573035,0.8604212,-0.42894334,-0.27510554,-0.4215084,-0.9024654,0.08880851
1356943302926,-0.22304147,0.03606698,-0.9741414,0.8792436,-0.42406988,-0.21701443,-0.42093116,-0.9049109,0.06287357
1356943302966,-0.13776767,0.017326951,-0.990313,0.897545,-0.42063087,-0.13222182,-0.41884726,-0.90706635,0.042397648
1356943303006,-0.030823767,-0.01486522,-0.99941427,0.9093153,-0.4155329,-0.021864325,-0.4149645,-0.9094566,0.026325494
1356943303046,0.094998,-0.057947874,-0.9937893,0.9072396,-0.40586942,0.11039081,-0.40974566,-0.9120921,0.014015883
1356943303086,0.23296165,-0.108136,-0.96645516,0.88464546,-0.3891824,0.256787,-0.4038952,-0.91479164,0.0049974173
1356943303126,0.3712732,-0.15942043,-0.9147357,0.8392865,-0.36378726,0.40405083,-0.39718315,-0.91773856,-0.0012650639
1356943303166,0.49498555,-0.20354399,-0.84472436,0.7773411,-0.3306503,0.5351739,-0.3882398,-0.9215423,-0.00544402
1356943303223,0.5926245,-0.23364525,-0.7708477,0.71249837,-0.29430467,0.63697004,-0.37568906,-0.9267118,-0.007940296
1356943303246,0.66254985,-0.24922366,-0.70633936,0.6569526,-0.2596094,0.70782506,-0.35977912,-0.9330008,-0.008276042
1356943303286,0.70977044,-0.25538003,-0.6565113,0.6153864,-0.22876582,0.7542982,-0.34282,-0.9393867,-0.005213823
1356943303326,0.7399969,-0.2586472,-0.6208914,0.587153,-0.20189963,0.7838927,-0.32810944,-0.9446365,0.0024603885
1356943303366,0.75653094,-0.26373994,-0.59841645,0.571247,-0.17892255,0.80103916,-0.3183362,-0.94785446,0.0153001845
1356943303406,0.76091146,-0.27335748,-0.58846366,0.5674883,-0.1593547,0.8078139,-0.31459638,-0.94862103,0.033872336
1356943303446,0.7538015,-0.28918785,-0.59004545,0.57577205,-0.14203344,0.8051789,-0.31665412,-0.94667673,0.05944124
1356943303486,0.73786604,-0.31432927,-0.5972861,0.59202117,-0.12357071,0.79639256,-0.32413658,-0.9412371,0.09491095
1356943303526,0.71806955,-0.35303652,-0.5997844,0.60886824,-0.098793715,0.7870955,-0.33712837,-0.930379,0.14401197
1356943303566,0.6995859,-0.40705177,-0.587272,0.6199327,-0.06295103,0.7821257,-0.35533506,-0.9112332,0.20830506
1356943303606,0.6839504,-0.4710878,-0.557035,0.6248121,-0.015895933,0.7806133,-0.37659198,-0.8819431,0.28346935
1356943303646,0.66801167,-0.5331763,-0.519118,0.629689,0.03326094,0.77613497,-0.39655042,-0.84535015,0.3579539
1356943303686,0.6475104,-0.5818271,-0.49214584,0.6419819,0.0685108,0.7636527,-0.41059655,-0.8104218,0.41788393
1356943303726,0.6202011,-0.61229587,-0.49035126,0.6646081,0.078083485,0.74310094,-0.4167093,-0.7867635,0.45536426
1356943303766,0.5846232,-0.6246348,-0.51773256,0.69640607,0.058982283,0.7152201,-0.41621426,-0.7786864,0.46948183
1356943303807,0.53864384,-0.6187671,-0.5718305,0.73496586,0.013249308,0.6779746,-0.41193202,-0.78546274,0.46190935
1356943303846,0.48029953,-0.5932892,-0.6460033,0.7773463,-0.053208232,0.62681866,-0.40625742,-0.803229,0.43563527
1356943303886,0.40901774,-0.54585266,-0.7312656,0.8200091,-0.13173068,0.5569847,-0.40036172,-0.82746106,0.393724
1356943303927,0.32839048,-0.47659373,-0.81548643,0.8581306,-0.21022063,0.46842194,-0.3946791,-0.8536191,0.33994526
1356943303966,0.24821836,-0.39224482,-0.88573796,0.88717353,-0.27511358,0.37045336,-0.3889869,-0.8777566,0.2797009
1356943304006,0.17944157,-0.30382916,-0.9356755,0.9062438,-0.31902504,0.27738985,-0.3827831,-0.89772534,0.21809696
1356943304046,0.13276607,-0.22447759,-0.9653927,0.9169274,-0.3419984,0.2056239,-0.37632075,-0.9124949,0.16042387
1356943304086,0.11427057,-0.16372174,-0.979866,0.9215391,-0.35096055,0.16610911,-0.37109005,-0.9219663,0.11077158
1356943304126,0.12597859,-0.12585372,-0.9840174,0.9209116,-0.3539726,0.16317177,-0.36885104,-0.9267492,0.07130723
1356943304166,0.1678257,-0.11170739,-0.97946715,0.9136637,-0.3554893,0.19709402,-0.37020692,-0.9279811,0.042402714
1356943304222,0.23834789,-0.12026882,-0.96370417,0.8962103,-0.35506213,0.26596618,-0.37416226,-0.9270741,0.02315782
1356943304246,0.33204424,-0.14743045,-0.931671,0.86402667,-0.34871668,0.363118,-0.3784239,-0.9255598,0.011594459
1356943304286,0.43503606,-0.18329051,-0.8815601,0.81636894,-0.33273685,0.4720466,-0.37984917,-0.9250356,0.00488016
1356943304326,0.52741075,-0.2135064,-0.822346,0.76228845,-0.30849513,0.5689878,-0.37517226,-0.92695516,4.979968E-5
1356943304366,0.5937588,-0.22703442,-0.77194935,0.71832967,-0.28272104,0.635666,-0.36256438,-0.9319465,-0.004782565
1356943304406,0.6295616,-0.22238001,-0.7444456,0.69708633,-0.26146114,0.6676142,-0.34310764,-0.93924713,-0.009587828
1356943304446,0.63725615,-0.20566845,-0.74270123,0.700742,-0.24644026,0.6694982,-0.3207261,-0.94708383,-0.012925059
1356943304486,0.6199561,-0.18461078,-0.76260954,0.72492725,-0.23712325,0.6467249,-0.30022484,-0.9537775,-0.01317662
1356943304526,0.5791862,-0.16463885,-0.79839677,0.7636962,-0.23300311,0.60206115,-0.28515154,-0.95843816,-0.009218127
1356943304566,0.51607025,-0.148622,-0.8435538,0.8104987,-0.23382649,0.53704464,-0.27706194,-0.960852,-2.1292269E-4
1356943304606,0.43531963,-0.13936707,-0.88942325,0.85686886,-0.2389284,0.45682487,-0.2761748,-0.9609839,0.015409067
1356943304646,0.34650233,-0.14147237,-0.92731965,0.89458466,-0.24759236,0.37204343,-0.28223112,-0.9584798,0.040767714
1356943304686,0.26367748,-0.16209394,-0.95089424,0.9183555,-0.2594155,0.29887596,-0.29512262,-0.9520658,0.08045781
1356943304726,0.1978615,-0.20769987,-0.9579727,0.92832196,-0.2741053,0.25116673,-0.31475264,-0.93900335,0.13857742
1356943304766,0.14836735,-0.27619338,-0.94958115,0.9288962,-0.29054463,0.22964266,-0.3393215,-0.91613376,0.21344762
1356943304806,0.10678536,-0.35450888,-0.92893505,0.925032,-0.30714774,0.22355324,-0.36457193,-0.88316685,0.29513317
1356943304846,0.060900986,-0.42116037,-0.9049392,0.92092407,-0.32594854,0.21367374,-0.38495454,-0.8463932,0.3680061
1356943304886,0.0020589828,-0.45786187,-0.8890209,0.9178369,-0.35203505,0.18343014,-0.39695215,-0.816354,0.41951776
1356943304926,-0.07037258,-0.45820653,-0.8860556,0.9133074,-0.38680196,0.1274902,-0.4011449,-0.80026925,0.44570374
1356943304966,-0.15111578,-0.42455876,-0.89270025,0.903661,-0.42539626,0.04934275,-0.40070027,-0.799242,0.44794136
1356943305007,-0.23232484,-0.36320367,-0.9022794,0.88723195,-0.45926052,-0.04357949,-0.3985531,-0.8106557,0.4289436
1356943305046,-0.3051542,-0.2839328,-0.90899014,0.86604834,-0.47969508,-0.14090046,-0.39603186,-0.8302257,0.39228046
1356943305086,-0.36218637,-0.19901279,-0.91061234,0.84519124,-0.4820547,-0.23081356,-0.39303017,-0.8532391,0.34279758
1356943305126,-0.40008223,-0.11913213,-0.9087033,0.83001435,-0.4675166,-0.30414525,-0.3886005,-0.87591994,0.28592652
1356943305166,-0.41932285,-0.051134348,-0.9063959,0.8235964,-0.4414431,-0.3561136,-0.3819126,-0.89583105,0.22722128
1356943305224,-0.42269796,0.0025461912,-0.9062669,0.82576275,-0.41095614,-0.3863041,-0.3734196,-0.9116515,0.17160779
1356943305246,-0.41356653,0.042578697,-0.90947783,0.8340598,-0.38285744,-0.3971958,-0.36511242,-0.9228257,0.122823805
1356943305286,-0.39501065,0.07097554,-0.9159306,0.8455101,-0.36182362,-0.39267832,-0.3592759,-0.9295408,0.08291364
1356943305326,-0.369187,0.089330226,-0.9250519,0.8580754,-0.3495316,-0.37621024,-0.35694185,-0.9326563,0.052390516
1356943305366,-0.3376081,0.0986304,-0.93610513,0.87081003,-0.34484047,-0.35039255,-0.3573663,-0.9334651,0.030532539
1356943305406,-0.30135787,0.09979358,-0.9482745,0.8835696,-0.34463817,-0.31706357,-0.35845253,-0.9334161,0.015684903
1356943305446,-0.26183337,0.09435651,-0.9604895,0.8964932,-0.34477884,-0.2782581,-0.35741195,-0.93392956,0.005684614
1356943305486,-0.22110301,0.08461234,-0.9715731,0.90974855,-0.34104884,-0.23673472,-0.35138452,-0.93622994,-0.0015691221
1356943305526,-0.18230152,0.073306054,-0.9805062,0.92309594,-0.3306672,-0.19634935,-0.33861485,-0.94089603,-0.00738734
1356943305565,-0.14913553,0.06261513,-0.98683226,0.9357171,-0.31370497,-0.16131547,-0.31967497,-0.94745374,-0.011805475
1356943305605,-0.12484467,0.053289205,-0.99074423,0.94640076,-0.29341143,-0.13503864,-0.29789174,-0.95449996,-0.013802141
1356943305644,-0.11140394,0.04479134,-0.9927653,0.9542035,-0.27427548,-0.119451374,-0.27764156,-0.9606074,-0.0121846795
1356943305686,-0.10942501,0.036134332,-0.993338,0.95873463,-0.25997436,-0.115070105,-0.26240048,-0.9649391,-0.006195456
1356943305726,-0.11833972,0.026311934,-0.9926245,0.95992786,-0.25271267,-0.12114033,-0.25403616,-0.9671836,0.004648328
1356943305766,-0.13565814,0.013340086,-0.9906659,0.9578519,-0.2537862,-0.13458216,-0.25321272,-0.96716833,0.021650344
1356943305806,-0.15731841,-0.006542355,-0.98752624,0.9526801,-0.26437837,-0.15001571,-0.2600991,-0.96439683,0.047824413
1356943305846,-0.17820722,-0.03912419,-0.98321486,0.9448935,-0.28567505,-0.15989393,-0.27462426,-0.9575276,0.08787757
1356943305886,-0.19406712,-0.09024218,-0.9768287,0.9353242,-0.31729102,-0.1565091,-0.29581532,-0.94402474,0.14598146
1356943305926,-0.20378834,-0.16091546,-0.96570003,0.9249934,-0.3547805,-0.13608077,-0.32071403,-0.92099786,0.22114587
1356943305966,-0.20997137,-0.24269599,-0.9471065,0.91499907,-0.390117,-0.10288578,-0.3445123,-0.88820463,0.30397996
1356943306006,-0.21803111,-0.3174411,-0.9228724,0.90625954,-0.4167583,-0.070753664,-0.3621547,-0.8517884,0.37855035
1356943306046,-0.23188907,-0.3678751,-0.90049726,0.89915216,-0.4342755,-0.054130554,-0.37115067,-0.82223636,0.4314795
1356943306086,-0.25013244,-0.38820985,-0.88697624,0.89352286,-0.44537938,-0.057045907,-0.37289512,-0.8068025,0.45827818
1356943306126,-0.2674272,-0.38178322,-0.884717,0.88935935,-0.4511572,-0.07414195,-0.37084028,-0.806659,0.46019423
1356943306166,-0.2775395,-0.35481548,-0.8927921,0.8874965,-0.4505229,-0.09684542,-0.36786103,-0.8192283,0.43993545
1356943306224,-0.27468938,-0.31458804,-0.9086144,0.88942266,-0.44217533,-0.115793794,-0.36533955,-0.8399496,0.40126264
1356943306247,-0.2548471,-0.2683625,-0.92899656,0.8960725,-0.42665142,-0.12256694,-0.36346534,-0.86368406,0.3492031
1356943306286,-0.2166087,-0.22226128,-0.9506211,0.90692186,-0.40622878,-0.11167255,-0.36134923,-0.88632834,0.28956634
1356943306326,-0.16148704,-0.18054736,-0.9702188,0.9198054,-0.3837793,-0.08167881,-0.35760304,-0.9056026,0.22804385
1356943306366,-0.0929656,-0.14630306,-0.98486185,0.93143046,-0.36231846,-0.034098864,-0.3518448,-0.92050034,0.16995424
1356943306406,-0.016042829,-0.12146407,-0.9924662,0.9382877,-0.3447979,0.027031451,-0.34548354,-0.9307852,0.11949974
1356943306446,0.064061046,-0.10716584,-0.9921752,0.9379711,-0.33300495,0.09652951,-0.34074393,-0.9368155,0.07918584
1356943306486,0.14301896,-0.103661865,-0.9842763,0.9298248,-0.32663852,0.16950783,-0.33907405,-0.9394474,0.049671933
1356943306526,0.21797842,-0.1097621,-0.9697616,0.91475546,-0.3233505,0.24221268,-0.34015867,-0.93989193,0.029922023
1356943306566,0.2873686,-0.122140825,-0.95000046,0.8948254,-0.31952113,0.3117591,-0.34162372,-0.9396744,0.017474383
1356943306606,0.35025814,-0.13548514,-0.9268026,0.8729106,-0.31156608,0.37543774,-0.3396265,-0.940516,0.009137884
1356943306646,0.40616748,-0.14441288,-0.90231526,0.8518597,-0.2975109,0.43107116,-0.33070084,-0.9437331,0.0021802336
1356943306686,0.45457357,-0.14621013,-0.87862706,0.8335612,-0.27781415,0.47748825,-0.3139087,-0.94944286,-0.004411876
1356943306726,0.49505153,-0.14223337,-0.8571427,0.81842715,-0.2548845,0.5149863,-0.29172063,-0.95645356,-0.009773299
1356943306766,0.5272321,-0.13660002,-0.83866966,0.8060377,-0.23198915,0.5445037,-0.26894143,-0.9630792,-0.012207344
1356943306851,0.5508779,-0.13449132,-0.823678,0.7965069,-0.20998931,0.5669931,-0.24921927,-0.9684093,-0.008555174
1356943306852,0.56347245,-0.13456607,-0.81510174,0.7917279,-0.19381666,0.5793118,-0.23593596,-0.971765,-0.002670683
1356943306883,0.57019895,-0.14353603,-0.80886996,0.7881596,-0.1821028,0.58791417,-0.23168433,-0.9727467,0.00929445
1356943306925,0.5667274,-0.16140586,-0.8079407,0.789552,-0.17381868,0.5885532,-0.23543108,-0.97146034,0.028930493
1356943306965,0.55430585,-0.19150472,-0.80998206,0.7949698,-0.16641366,0.5833776,-0.2465117,-0.96728086,0.059996426
1356943307005,0.5342556,-0.23879641,-0.8108928,0.802653,-0.1576182,0.57524306,-0.2651775,-0.9581924,0.10746228
1356943307045,0.5073919,-0.305661,-0.8056828,0.8109937,-0.14665672,0.5663754,-0.29127768,-0.9407779,0.1734767
1356943307085,0.47418937,-0.38605052,-0.79127073,0.8194645,-0.13507345,0.55698574,-0.3219043,-0.91253495,0.25230432
1356943307126,0.43598896,-0.4639355,-0.7711534,0.8288113,-0.12691939,0.54494345,-0.35069293,-0.87672997,0.32917947
1356943307166,0.39560544,-0.5220184,-0.75564086,0.8400156,-0.12697327,0.5274955,-0.3713086,-0.84343016,0.38827232
1356943307225,0.35570693,-0.55263793,-0.75370014,0.85300577,-0.13756895,0.5034441,-0.3819081,-0.82198906,0.42246914
1356943307246,0.31720114,-0.556668,-0.76779175,0.86679274,-0.15830237,0.47287497,-0.38477755,-0.8155128,0.43230206
1356943307286,0.28014147,-0.5372051,-0.7955699,0.88021004,-0.18697542,0.43619993,-0.38308087,-0.8224664,0.42047378
1356943307326,0.24471283,-0.49766564,-0.8321326,0.89244246,-0.21988255,0.3939518,-0.37902775,-0.8390355,0.3903299
1356943307366,0.21205753,-0.44242227,-0.87137485,0.9029987,-0.25222534,0.34781563,-0.37366417,-0.86060727,0.34602046
1356943307406,0.18437397,-0.37751642,-0.9074621,0.9117478,-0.27910596,0.30135658,-0.36704516,-0.882939,0.29273993
1356943307446,0.16427577,-0.31001434,-0.9364319,0.91884863,-0.29720855,0.25958478,-0.35879055,-0.9030826,0.2360321
1356943307486,0.15404683,-0.24702305,-0.95668656,0.9242616,-0.30626684,0.22790593,-0.34929937,-0.91933686,0.18113445
1356943307526,0.1549496,-0.19399586,-0.9686879,0.9275187,-0.3090347,0.21025354,-0.34014657,-0.9310548,0.13205001
1356943307566,0.16700935,-0.15378591,-0.9738879,0.9279958,-0.30915564,0.20795792,-0.33306396,-0.93849486,0.09108083
1356943307606,0.18943876,-0.127128,-0.97362804,0.9251697,-0.309034,0.22036123,-0.32889822,-0.9425161,0.05907193
1356943307646,0.22096938,-0.11324647,-0.9686835,0.91870725,-0.30919355,0.24571624,-0.32733712,-0.94423234,0.03571798
1356943307686,0.2595049,-0.10969737,-0.9594914,0.90872085,-0.30860066,0.2810554,-0.32693067,-0.944845,0.019600883
1356943307726,0.30201304,-0.11225051,-0.9466721,0.8961802,-0.30515593,0.32208833,-0.32503715,-0.9456636,0.008435637
1356943307766,0.34437698,-0.115707636,-0.9316739,0.8831078,-0.29687858,0.36329573,-0.3186301,-0.94787914,-5.583465E-5
1356943307806,0.3818463,-0.11587262,-0.9169334,0.8721073,-0.28327793,0.39897677,-0.30597743,-0.9520122,-0.0071152896
1356943307846,0.41022798,-0.11156356,-0.9051334,0.8653098,-0.26582345,0.42494342,-0.28801388,-0.95754445,-0.012511179
1356943307886,0.42663828,-0.1048412,-0.8983252,0.8637363,-0.24732926,0.43907627,-0.2682153,-0.96324277,-0.014965028
1356943307926,0.42941147,-0.09907326,-0.8976582,0.8675777,-0.23080808,0.44049582,-0.25082818,-0.9679421,-0.013157845
1356943307966,0.41746712,-0.0966697,-0.90353537,0.87674034,-0.21850461,0.42846465,-0.23884627,-0.97103584,-0.006464213
1356943308006,0.39014062,-0.09862214,-0.9154584,0.89072037,-0.21144703,0.4023772,-0.23325425,-0.9724011,0.005350679
1356943308046,0.3479225,-0.10603413,-0.9315077,0.9079349,-0.20953989,0.36297002,-0.23367521,-0.97203386,0.023368433
1356943308086,0.29348832,-0.12219882,-0.94812024,0.92540884,-0.21242625,0.31383666,-0.2397561,-0.96950626,0.050739303
1356943308126,0.23156136,-0.15286797,-0.9607345,0.93955415,-0.22090769,0.26160628,-0.2522248,-0.96323997,0.09247403
1356943308166,0.16670793,-0.20283443,-0.9649179,0.9476405,-0.2373687,0.21362,-0.27237082,-0.9500075,0.15264294
1356943308226,0.10093576,-0.27046826,-0.957423,0.9486544,-0.2638036,0.17453483,-0.29977784,-0.92588043,0.2299538
1356943308246,0.032759786,-0.3434675,-0.93859303,0.94345844,-0.29931748,0.14246145,-0.32986823,-0.8901905,0.31424177
1356943308284,-0.04058999,-0.4029689,-0.9143132,0.93385625,-0.3407262,0.10871205,-0.355338,-0.84942436,0.39014506
1356943308324,-0.12307173,-0.43137246,-0.89373994,0.92058593,-0.3859768,0.05952698,-0.3706412,-0.81543833,0.44461828
1356943308364,-0.21589482,-0.42099667,-0.88099444,0.90120924,-0.43316263,-0.013855249,-0.37578085,-0.79695165,0.4729237
1356943308404,-0.3156247,-0.3734584,-0.87230146,0.87195635,-0.4767431,-0.11139184,-0.3742635,-0.79576683,0.4761113
1356943308444,-0.4141987,-0.29706755,-0.8603432,0.8320116,-0.5068359,-0.22555366,-0.3690481,-0.8092395,0.4570942
1356943308486,-0.50178254,-0.2054401,-0.8402431,0.78589106,-0.5140968,-0.3436271,-0.36137152,-0.8327657,0.4194184
1356943308526,-0.5717705,-0.1131981,-0.8125668,0.7411174,-0.49607635,-0.45238632,-0.35188586,-0.8608685,0.36753482
1356943308566,-0.62301946,-0.030649126,-0.7816056,0.703883,-0.45779324,-0.54311514,-0.34116778,-0.88853025,0.3067875
1356943308606,-0.65823764,0.037587762,-0.7518714,0.67673653,-0.4079668,-0.6128548,-0.32977432,-0.9122228,0.24310195
1356943308646,-0.68143916,0.091199964,-0.7261702,0.6587614,-0.35585254,-0.6628743,-0.31886363,-0.9300814,0.18241292
1356943308686,-0.6963748,0.13266283,-0.70531034,0.64709026,-0.30896193,-0.6970055,-0.31038082,-0.9417765,0.12930852
1356943308726,-0.7060262,0.16523705,-0.68863904,0.6386456,-0.27165782,-0.7199541,-0.3060373,-0.9481028,0.08626962
1356943308766,-0.7127981,0.19124813,-0.6747911,0.63107353,-0.2449376,-0.7360379,-0.3060476,-0.9504892,0.053899348
1356943308806,-0.71882147,0.21159157,-0.662212,0.622785,-0.22729415,-0.7486496,-0.30892485,-0.95056105,0.031607866
1356943308846,-0.72604954,0.226553,-0.6492502,0.61272573,-0.21541178,-0.76037157,-0.31212062,-0.94987977,0.0175848
1356943308886,-0.73608875,0.23613593,-0.63436043,0.6004449,-0.20484138,-0.77298504,-0.3124728,-0.9498841,0.008994818
1356943308926,-0.7500014,0.23992263,-0.6163888,0.5858965,-0.19149333,-0.7874361,-0.30695808,-0.9517182,0.0030504465
1356943308966,-0.7681264,0.23764938,-0.5945625,0.56869406,-0.17347974,-0.80404717,-0.29422587,-0.9557341,-0.0018954277
1356943309006,-0.79015005,0.230245,-0.56802297,0.547351,-0.1519618,-0.8229912,-0.27580738,-0.96119446,-0.00595212
1356943309046,-0.81534,0.21994917,-0.5355773,0.5195391,-0.13033158,-0.8444482,-0.2555383,-0.96676576,-0.008007646
1356943309086,-0.84283274,0.20958467,-0.49568853,0.48285788,-0.112244785,-0.8684753,-0.23765758,-0.9713266,-0.006595969
1356943309126,-0.8714347,0.2014615,-0.44723022,0.43589538,-0.100052536,-0.89441866,-0.22493744,-0.97437304,-6.2686205E-4
1356943309166,-0.89959395,0.19705108,-0.38974556,0.37819996,-0.09477091,-0.92086005,-0.218393,-0.97580194,0.010730624
1356943309226,-0.92538124,0.19707653,-0.32377505,0.31013617,-0.097405314,-0.9456891,-0.21791053,-0.9755373,0.029016554
1356943309246,-0.9467078,0.20245497,-0.2505122,0.23216386,-0.110185325,-0.9664156,-0.2232584,-0.97307307,0.05731058
1356943309286,-0.9612911,0.21620178,-0.17081042,0.14342186,-0.13669658,-0.9801756,-0.23526491,-0.966732,0.10039711
1356943309326,-0.96606153,0.2443803,-0.083685525,0.04020407,-0.17777276,-0.98324996,-0.25516394,-0.9532445,0.16191441
1356943309366,-0.95597315,0.29313537,0.013674527,-0.08277527,-0.22465432,-0.97091645,-0.2815379,-0.9293019,0.23902786
1356943309406,-0.9231819,0.36309764,0.12607615,-0.22912201,-0.2565059,-0.938993,-0.30860686,-0.89574814,0.31999534
1356943309446,-0.855732,0.44579467,0.2626595,-0.39938203,-0.24634129,-0.8830686,-0.3289634,-0.86057144,0.38884437
1356943309486,-0.7234692,0.52683526,0.44613558,-0.60133916,-0.16349137,-0.7820881,-0.3390923,-0.8340954,0.43508762
1356943309526,-0.40152055,0.56621754,0.7198465,-0.85001814,0.062215686,-0.5230662,-0.34095502,-0.8219045,0.45631438
1356943309566,0.38914937,0.31671557,0.8650168,-0.85664237,0.46970415,0.21340531,-0.33871317,-0.82405657,0.45409706
1356943309606,0.8807609,-0.11621548,0.45907965,-0.3342185,0.5342447,0.7764538,-0.33549687,-0.8373031,0.43170053
1356943309646,0.94280785,-0.29358798,0.15785892,-0.019715399,0.42362946,0.905621,-0.33275312,-0.8569388,0.39361298
1356943309686,0.9343145,-0.35628933,-0.010687798,0.13222249,0.31857678,0.93862987,-0.33101895,-0.87838864,0.3447604
1356943309726,0.91975135,-0.3752961,-0.11493612,0.21211663,0.22888052,0.9500633,-0.33024842,-0.8982019,0.2901197
1356943309766,0.9091739,-0.37475413,-0.18155485,0.25400174,0.15359265,0.9549306,-0.3299787,-0.91431326,0.23483062
1356943309806,0.9040396,-0.36586818,-0.22102678,0.2717302,0.092751466,0.9578934,-0.3299622,-0.92603326,0.18326846
1356943309846,0.903919,-0.35542563,-0.23791425,0.27140376,0.046740808,0.96133,-0.33056098,-0.93353516,0.13871375
1356943309886,0.9076704,-0.3477652,-0.23493369,0.2559927,0.015181512,0.9665595,-0.3325691,-0.93745875,0.10280517
1356943309926,0.9136769,-0.3448572,-0.21509975,0.2280263,-0.003159143,0.9736498,-0.33644968,-0.93864983,0.07575008
1356943309983,0.92015135,-0.34615403,-0.18302697,0.1912961,-0.010444395,0.98147684,-0.34165376,-0.9381196,0.056607485
1356943310005,0.9259176,-0.3488842,-0.14476311,0.15077367,-0.010022938,0.98851746,-0.3463291,-0.93711215,0.043322146
1356943310045,0.93101466,-0.34892052,-0.10708065,0.11190696,-0.006359186,0.9936983,-0.3474027,-0.93713075,0.033126146
1356943310081,0.9365305,-0.34234136,-0.07558416,0.079108074,-0.0036794841,0.99685925,-0.34154427,-0.93956846,0.023636013
1356943310111,0.94224554,-0.33107507,-0.050622597,0.052667156,-0.002799213,0.99860823,-0.33075595,-0.9436003,0.014799237
1356943310142,0.94856447,-0.31448585,-0.03638789,0.036535904,-0.005425986,0.9993176,-0.3144687,-0.9492466,0.0063431263
1356943310171,0.9553984,-0.29367596,-0.031118646,0.029363677,-0.010384025,0.9995148,-0.29385662,-0.9558486,-0.0012974739
1356943310213,0.96311295,-0.2665937,-0.03662443,0.033273123,-0.017078487,0.99930036,-0.26703268,-0.9636576,-0.007578104
1356943310245,0.9689604,-0.24195217,-0.050743327,0.04642342,-0.023525804,0.99864477,-0.24281804,-0.97000295,-0.01156333
1356943310286,0.97277117,-0.2205604,-0.07119948,0.06684619,-0.027148455,0.9973939,-0.22191855,-0.97499543,-0.011665612
1356943310326,0.97314715,-0.20472465,-0.10522564,0.10152988,-0.028503627,0.9944241,-0.20658244,-0.9784045,-0.006952554
1356943310366,0.96870375,-0.19635199,-0.15185136,0.14975195,-0.025584012,0.98839253,-0.19795781,-0.98019964,0.0046207607
1356943310406,0.9579683,-0.19847208,-0.20713665,0.20838296,-0.014822695,0.97793496,-0.19716312,-0.9799944,0.027158529
1356943310446,0.9404642,-0.21626431,-0.26221526,0.27039984,0.008620139,0.9627095,-0.20593938,-0.9762967,0.066584766
1356943310486,0.91802996,-0.25469014,-0.30389786,0.32604465,0.048723556,0.94409794,-0.22564542,-0.9657945,0.12777004
1356943310526,0.8939015,-0.3120811,-0.32178476,0.36905193,0.10490099,0.9234698,-0.25444195,-0.9442463,0.2089453
1356943310565,0.87019527,-0.37691295,-0.31732774,0.40137005,0.16873829,0.9002385,-0.28576624,-0.9107491,0.29811683
1356943310605,0.84743786,-0.43389437,-0.3059163,0.43035033,0.22400382,0.87442607,-0.3108821,-0.872673,0.3765559
1356943310645,0.8256958,-0.47468403,-0.30479735,0.46096858,0.2563076,0.8495965,-0.32516807,-0.84201026,0.4304466
1356943310684,0.8040771,-0.49947017,-0.32247415,0.49420142,0.26000768,0.8295547,-0.33049205,-0.8263931,0.45590508
1356943310726,0.7805633,-0.5110822,-0.3598833,0.5299369,0.23574317,0.81461173,-0.33149344,-0.8265714,0.4548537
1356943310766,0.75253445,-0.51091385,-0.4155225,0.56908727,0.18698782,0.8007343,-0.3314086,-0.8390486,0.43146932
1356943310806,0.7172974,-0.49839178,-0.486919,0.6130292,0.11925715,0.78100765,-0.3311792,-0.8587103,0.39107156
1356943310846,0.67301166,-0.47215688,-0.56931823,0.6616547,0.04032412,0.7487236,-0.33055776,-0.88059175,0.3395434
1356943310886,0.62024784,-0.4319253,-0.65477717,0.71204555,-0.040154368,0.7009841,-0.32906497,-0.90101504,0.2826448
1356943310926,0.5641813,-0.38097876,-0.7324988,0.75829154,-0.11188933,0.64224184,-0.32663935,-0.9177886,0.22576714
1356943310966,0.5151463,-0.32703134,-0.7922592,0.7934855,-0.1675002,0.5850849,-0.32404467,-0.9300506,0.17320752
1356943311006,0.48557547,-0.2797182,-0.8282356,0.81252587,-0.20512608,0.545642,-0.3225187,-0.9379132,0.12767404
1356943311046,0.48584723,-0.24712452,-0.8383805,0.81218696,-0.22678167,0.53751504,-0.32296246,-0.9420719,0.09053009
1356943311086,0.52161443,-0.23398921,-0.8204678,0.7886777,-0.23456818,0.5683003,-0.3254318,-0.94351834,0.06218794
1356943311126,0.59061444,-0.24026783,-0.7703544,0.73685956,-0.22858512,0.63622856,-0.32895684,-0.94340885,0.042037964
1356943311166,0.67881924,-0.2591468,-0.687057,0.65526974,-0.2084918,0.7260528,-0.33140004,-0.9430663,0.028282821
1356943311228,0.7637617,-0.27813637,-0.58250177,0.554957,-0.17796285,0.8126205,-0.32968298,-0.9439118,0.0184325
1356943311246,0.8289094,-0.2862975,-0.48056513,0.458072,-0.14567402,0.8768974,-0.3210594,-0.947002,0.010394305
1356943311286,0.87151814,-0.28007704,-0.4025084,0.38435793,-0.11955728,0.9154098,-0.30450806,-0.95250356,0.003453493
1356943311326,0.8975338,-0.2634195,-0.3536146,0.33882803,-0.10119944,0.9353899,-0.28218552,-0.9593586,-0.0015760064
1356943311366,0.91241443,-0.24312942,-0.32922342,0.31722307,-0.08813849,0.9442464,-0.25859132,-0.96598125,-0.0032925606
1356943311406,0.9189459,-0.22540429,-0.32362217,0.31411603,-0.07786521,0.94618607,-0.23847334,-0.9711487,-7.508097E-4
1356943311446,0.9175699,-0.21383834,-0.33516964,0.32797062,-0.06939504,0.9421357,-0.22472383,-0.9744011,0.006457895
1356943311486,0.90682995,-0.2099674,-0.36547655,0.36056367,-0.06264316,0.9306286,-0.21829629,-0.9756995,0.018899918
1356943311526,0.88408625,-0.21511662,-0.41486907,0.4127205,-0.0570162,0.90907145,-0.21921062,-0.97492254,0.038375795
1356943311566,0.8491552,-0.23289251,-0.47402158,0.47643524,-0.0495293,0.87781334,-0.22791412,-0.9712404,0.06890014
1356943311606,0.8113806,-0.26955974,-0.5186512,0.53040224,-0.03333704,0.84709036,-0.24563175,-0.9624065,0.11592606
1356943311646,0.7886759,-0.32765877,-0.5202212,0.55117923,0.0019448847,0.83438456,-0.27238166,-0.94479406,0.1821326
1356943311686,0.7888872,-0.39649612,-0.46951872,0.5338878,0.06382348,0.8431431,-0.30433667,-0.9158151,0.26203397
1356943311726,0.7976605,-0.45550376,-0.39528972,0.5024872,0.13946928,0.8532613,-0.333533,-0.87924093,0.34013397
1356943311766,0.7987369,-0.49489623,-0.3421946,0.48739803,0.19872081,0.8502665,-0.35279253,-0.8459242,0.3999371
1356943311806,0.7852414,-0.5196007,-0.33676553,0.5034469,0.21914475,0.83577317,-0.36046797,-0.8258273,0.4336729
1356943311846,0.7490836,-0.5361212,-0.389163,0.5565799,0.19071102,0.8086088,-0.35929462,-0.8223158,0.44125277
1356943311886,0.66475356,-0.5431902,-0.5128812,0.65857524,0.101991504,0.7455712,-0.3526774,-0.83339196,0.42553082
1356943311926,0.46378914,-0.51590884,-0.7202345,0.81679213,-0.0658817,0.57315814,-0.34314764,-0.8541064,0.39083505
1356943311966,0.052926242,-0.3804015,-0.92330575,0.94159067,-0.28892004,0.17300934,-0.33257458,-0.8785328,0.34289104
1356943312006,-0.42055094,-0.13566777,-0.8970681,0.848155,-0.40985584,-0.33563578,-0.3221336,-0.9020047,0.28743252
1356943312046,-0.699509,0.05972019,-0.712124,0.6426891,-0.38314945,-0.6634359,-0.31247044,-0.9217537,0.22963506
1356943312086,-0.8332241,0.17331105,-0.52507234,0.46165836,-0.30458164,-0.8331277,-0.30431762,-0.9365861,0.17377418
1356943312126,-0.90708184,0.24144919,-0.34482586,0.29650164,-0.21501094,-0.93051445,-0.29881328,-0.9462942,0.12344235
1356943312166,-0.95018524,0.285803,-0.12435698,0.095025264,-0.114355385,-0.98888475,-0.2968471,-0.95144075,0.08150029
1356943312227,-0.927058,0.30158466,0.22273292,-0.22727494,0.020423412,-0.9736164,-0.29817674,-0.95322055,0.049609065
1356943312246,-0.63992757,0.22362086,0.73517776,-0.706884,0.20387167,-0.6773118,-0.30134296,-0.95311594,0.027610898
1356943312286,-0.0728623,0.037297517,0.99664444,-0.94983196,0.3021576,-0.080747604,-0.3041554,-0.9525281,0.013410449
1356943312326,0.29584154,-0.090544075,0.95093614,-0.9056088,0.29011545,0.3093635,-0.3038923,-0.9526987,0.003830701
1356943312366,0.47967052,-0.15330762,0.8639519,-0.82528454,0.25560457,0.503559,-0.29802942,-0.9545486,-0.0039164126
1356943312406,0.58707136,-0.18404219,0.78833723,-0.75749695,0.21862406,0.6151438,-0.2855619,-0.9582964,-0.011063457
1356943312447,0.6624955,-0.19717407,0.72264934,-0.6994514,0.18243006,0.6910044,-0.26808113,-0.9632454,-0.017054588
1356943312486,0.7208998,-0.19970357,0.66364294,-0.64657944,0.15089965,0.7477729,-0.24947639,-0.96816725,-0.020340681
1356943312526,0.76753914,-0.196964,0.60999084,-0.59678984,0.12771738,0.792168,-0.23393498,-0.97205627,-0.019518003
1356943312566,0.8060955,-0.19333823,0.55931246,-0.5477017,0.114212155,0.8288417,-0.22412705,-0.9744619,-0.013825789
1356943312606,0.84094596,-0.19185103,0.50596744,-0.49399447,0.10945317,0.86254823,-0.22086053,-0.9753016,-0.0027291477
1356943312646,0.87667143,-0.1946671,0.43994522,-0.42579848,0.11168286,0.8978989,-0.22392571,-0.9744904,0.0150202215
1356943312686,0.91506946,-0.20451978,0.34759098,-0.3289775,0.12001088,0.9366809,-0.23328447,-0.97147775,0.0425359
1356943312726,0.9483853,-0.22611271,0.22234751,-0.19529422,0.13597608,0.9712726,-0.24985103,-0.96456385,0.0847992
1356943312766,0.9604188,-0.26383758,0.08936144,-0.046444908,0.16463798,0.98525995,-0.27466092,-0.9504126,0.1458675
1356943312806,0.949027,-0.31515747,-0.0048495233,0.074956216,0.21071625,0.9746693,-0.30615243,-0.92535096,0.22359842
1356943312846,0.9271568,-0.37062684,-0.054918036,0.16207942,0.26459408,0.950642,-0.33780247,-0.89029527,0.3053912
1356943312886,0.9009892,-0.42310587,-0.09591615,0.24028227,0.30258274,0.9223385,-0.3612242,-0.854064,0.3742886
1356943312926,0.86703765,-0.47146726,-0.1611346,0.33125222,0.30388522,0.8932669,-0.37217963,-0.8278723,0.4196545
1356943312966,0.8140119,-0.51488316,-0.26884943,0.4458989,0.257304,0.85730326,-0.37223494,-0.8177347,0.43903434
1356943313006,0.71868426,-0.54572403,-0.43090394,0.59158814,0.15423375,0.7913504,-0.36539903,-0.82364875,0.43368924
1356943313046,0.5419941,-0.54019374,-0.6437648,0.76161987,-0.008051455,0.64797395,-0.35521472,-0.84150213,0.40705845
1356943313086,0.26242685,-0.461264,-0.8475657,0.90158117,-0.19585115,0.38573784,-0.34392375,-0.86537725,0.3644704
1356943313126,-0.046547055,-0.3150547,-0.9479314,0.9419139,-0.3298223,0.06336829,-0.33261335,-0.8899201,0.3121066
1356943313166,-0.27869153,-0.16732097,-0.94569266,0.90490663,-0.37557298,-0.2002221,-0.32167527,-0.91156375,0.2560789
1356943313228,-0.41614342,-0.05750966,-0.9074786,0.8542287,-0.3667624,-0.36848176,-0.31163776,-0.92853546,0.20175216
1356943313246,-0.487823,0.015301824,-0.87280846,0.8183689,-0.3399608,-0.46335626,-0.30381086,-0.9403151,0.15331814
1356943313286,-0.5193556,0.06266716,-0.8522573,0.8002312,-0.3142537,-0.5107589,-0.29983288,-0.94726837,0.11306125
1356943313326,-0.5233671,0.092686,-0.8470515,0.79738986,-0.2972051,-0.5252034,-0.300427,-0.95030445,0.08164042
1356943313366,-0.5025352,0.10828787,-0.8577483,0.80906695,-0.2908066,-0.5107272,-0.30474442,-0.9506342,0.058528364
1356943313406,-0.4521343,0.108614,-0.8853121,0.83603835,-0.29428285,-0.46307385,-0.31082845,-0.94952655,0.042249918
1356943313446,-0.35956758,0.08974773,-0.92879295,0.87808216,-0.3042431,-0.36933425,-0.31572577,-0.9483572,0.030590117
1356943313486,-0.21128517,0.048514217,-0.9762197,0.9250126,-0.31273973,-0.21574429,-0.31576937,-0.9485991,0.021201044
1356943313526,-0.022334456,-0.0058780015,-0.9997333,0.9511491,-0.3081193,-0.019437462,-0.30792287,-0.9513296,0.01247254
1356943313566,0.14525807,-0.04867369,-0.98819584,0.9454802,-0.28743064,0.15313661,-0.29149145,-0.95656395,0.004268378
1356943313606,0.24489832,-0.06635511,-0.96727544,0.9314146,-0.26094645,0.2537199,-0.2692427,-0.96307003,-0.0021012276
1356943313646,0.27889854,-0.06578168,-0.9580649,0.9282876,-0.23705709,0.28650683,-0.24596295,-0.9692661,-0.00505057
1356943313686,0.26450107,-0.057741553,-0.9626553,0.93754375,-0.21847269,0.27070576,-0.22594479,-0.9741333,-0.0036510825
1356943313726,0.21547106,-0.049200624,-0.9752699,0.95335126,-0.20561972,0.22100154,-0.21140823,-0.97739434,0.0026004612
1356943313766,0.14449608,-0.044931144,-0.98848474,0.96848583,-0.19838792,0.1505903,-0.20286962,-0.9790932,0.014848888
1356943313806,0.066185474,-0.04999417,-0.9965541,0.9774789,-0.19732511,0.07481784,-0.20038563,-0.9790625,0.035808235
