1356942156548,-0.42232716,0.15019003,0.8939142,0.8581091,-0.25148618,0.44766432,0.2920418,0.95613676,-0.022669911
1356942156549,0.4568839,-0.11864185,0.8815788,0.8402217,-0.267811,-0.471492,0.2920352,0.9561388,-0.02267307
1356942156581,0.4569262,-0.11862552,0.88155913,0.8402114,-0.2677795,-0.47152826,0.29199877,0.9561496,-0.022684947
1356942156611,0.4571185,-0.11864954,0.88145614,0.8401306,-0.2676943,-0.4717207,0.29193017,0.95617056,-0.022686914
1356942156643,0.4575215,-0.11878058,0.8812294,0.8399533,-0.2674979,-0.47214746,0.29180896,0.9562092,-0.02261588
1356942156686,0.45828572,-0.11926815,0.8807663,0.83962476,-0.2669696,-0.4730301,0.2915553,0.9562961,-0.022207811
1356942156724,0.4602852,-0.12058735,0.8795432,0.8386642,-0.26587576,-0.47534442,0.2911698,0.9564353,-0.021246344
1356942156764,0.46380183,-0.12285197,0.8773797,0.8368919,-0.2641892,-0.47939122,0.29068846,0.9566145,-0.019717604
1356942156804,0.46909145,-0.12582326,0.8741405,0.8341176,-0.2620941,-0.48533952,0.2901741,0.95680463,-0.017994732
1356942156844,0.47608024,-0.12904006,0.8698829,0.83031774,-0.25989187,-0.4929793,0.2896896,0.9569769,-0.016585082
1356942156884,0.48419005,-0.13210925,0.86493194,0.8257654,-0.2578109,-0.50164247,0.28926042,0.95712113,-0.015738264
1356942156924,0.4926169,-0.13479227,0.85974395,0.8209189,-0.25590885,-0.51049274,0.28882656,0.95725745,-0.015411511
1356942156966,0.50060606,-0.13694093,0.85477525,0.81627595,-0.25411072,-0.518769,0.28824824,0.95743144,-0.015427783
1356942157003,0.5076155,-0.13856232,0.85036874,0.8122352,-0.2522729,-0.52595854,0.287403,0.95768416,-0.015512466
1356942157046,0.51333964,-0.13985759,0.8467126,0.8090272,-0.25026387,-0.53182983,0.28628203,0.95802283,-0.015321776
1356942157085,0.517734,-0.14105174,0.84383404,0.8066695,-0.24810398,-0.53640366,0.28501925,0.95840955,-0.014669746
1356942157123,0.5209078,-0.14226425,0.84167445,0.80503756,-0.24599952,-0.5398135,0.28384772,0.95877266,-0.013614982
1356942157164,0.52287364,-0.14360225,0.84022707,0.80405086,-0.24419871,-0.54209685,0.28302878,0.9590335,-0.012221523
1356942157206,0.52345276,-0.14521974,0.8395883,0.8037626,-0.24286267,-0.5431237,0.28277698,0.9591292,-0.010404922
1356942157244,0.5224215,-0.14731202,0.83986604,0.804268,-0.24205703,-0.5427351,0.2832469,0.9590138,-0.007977426
1356942157285,0.51996106,-0.14974973,0.84096104,0.8054732,-0.24177325,-0.54107165,0.28434724,0.9587078,-0.0050932765
1356942157326,0.5166924,-0.15229714,0.8425168,0.80699486,-0.24207145,-0.53866565,0.2859865,0.9582312,-0.0021734834
1356942157366,0.51353,-0.15424451,0.8440946,0.8083017,-0.2431955,-0.53619444,0.28798503,0.9576349,-2.1211058E-4
1356942157406,0.511338,-0.15486458,0.8453108,0.8089051,-0.24540359,-0.53427476,0.2901826,0.9569712,-2.1341443E-4
1356942157446,0.5105259,-0.15378386,0.84599876,0.8086174,-0.24871403,-0.53317845,0.292406,0.9562907,-0.0026226342
1356942157486,0.5111091,-0.15098685,0.84615034,0.8075348,-0.25280622,-0.5328945,0.29437214,0.9556631,-0.00728444
1356942157526,0.5130661,-0.14649999,0.8457546,0.80578554,-0.2573045,-0.5333892,0.295758,0.95516074,-0.01396665
1356942157590,0.5165577,-0.14008492,0.8447156,0.80332,-0.26219472,-0.5347251,0.29638687,0.9547933,-0.02290567
1356942157606,0.5215957,-0.13141,0.84301203,0.8001059,-0.26775196,-0.53678614,0.2962572,0.9544843,-0.034516364
1356942157646,0.5280276,-0.119956285,0.8407124,0.7962431,-0.27427322,-0.5392321,0.29526913,0.95414084,-0.049309492
1356942157686,0.5351174,-0.105398715,0.83817697,0.79227775,-0.28170517,-0.5412377,0.29316452,0.9536946,-0.06724027
1356942157745,0.54167026,-0.08771619,0.8360019,0.789088,-0.28971136,-0.5416709,0.28971255,0.95308614,-0.08771223
1356942157765,0.5460621,-0.06731343,0.835036,0.78779876,-0.2977639,-0.53917503,0.28493732,0.95226336,-0.109568134
1356942157803,0.5472459,-0.04444641,0.83579093,0.78914416,-0.3053295,-0.5329404,0.27887887,0.95120895,-0.13201572
1356942157841,0.54439235,-0.019334316,0.83860785,0.7936298,-0.31187502,-0.52238464,0.27164072,0.9499264,-0.15443811
1356942157871,0.5361719,0.006190777,0.84408605,0.80166185,-0.31684503,-0.5068998,0.26430643,0.94845706,-0.17484629
1356942157913,0.5280333,0.033092886,0.8485786,0.80983746,-0.32040387,-0.49143124,0.25562498,0.94670284,-0.19598378
1356942157955,0.5149021,0.06242609,0.854973,0.82109237,-0.32251197,-0.4709494,0.2463395,0.9445046,-0.21731968
1356942157995,0.4972771,0.09312481,0.8625794,0.83452755,-0.32320032,-0.44621226,0.2372325,0.9417374,-0.23843534
1356942158034,0.4762658,0.124486774,0.8704447,0.84905016,-0.3225338,-0.41843253,0.2286585,0.9383363,-0.25930732
1356942158075,0.45319003,0.15621135,0.8776199,0.8637508,-0.3203168,-0.38901368,0.22034806,0.93434215,-0.28009206
1356942158114,0.4301237,0.18822777,0.88292915,0.8776686,-0.31621265,-0.360149,0.21140331,0.9298278,-0.30121216
1356942158155,0.40903005,0.22042465,0.8854984,0.89013577,-0.30999812,-0.33400518,0.20087984,0.9248319,-0.32300645
1356942158196,0.3912036,0.25237212,0.8850243,0.90079343,-0.301972,-0.31206414,0.18849626,0.9193047,-0.34546775
1356942158236,0.37681085,0.28335965,0.8818849,0.9096283,-0.29296213,-0.29453298,0.17490011,0.9131706,-0.3681432
1356942158276,0.3648188,0.3123667,0.87711704,0.9169644,-0.28394324,-0.28027216,0.16150379,0.9065337,-0.39001697
1356942158316,0.35314822,0.33795685,0.8723941,0.9234244,-0.27566183,-0.26701683,0.15024564,0.89988655,-0.40942705
1356942158356,0.3388059,0.3582257,0.86999136,0.92984676,-0.26853323,-0.2515451,0.14351171,0.89418364,-0.4240756
1356942158395,0.31862763,0.37128514,0.8721374,0.9369766,-0.26252565,-0.23055395,0.14335713,0.8906332,-0.4315335
1356942158434,0.289999,0.3756733,0.8802103,0.9451587,-0.2568218,-0.2017858,0.15025166,0.8904561,-0.42954892
1356942158476,0.25141937,0.37068108,0.8940827,0.9541664,-0.24986655,-0.16472206,0.16234201,0.8945179,-0.41651273
1356942158516,0.20272595,0.35554695,0.9124081,0.9631518,-0.24057865,-0.12025198,0.17675063,0.9031657,-0.3912173
1356942158593,0.14634457,0.33090657,0.93224674,0.9708318,-0.22896782,-0.07112816,0.18991774,0.91546404,-0.35476285
1356942158595,0.08620089,0.2972559,0.95089877,0.97622633,-0.21572864,-0.021059006,0.19887617,0.9301076,-0.30878502
1356942158621,0.03251484,0.26212934,0.9644848,0.9785162,-0.20491573,0.022704512,0.20358968,0.9430258,-0.2631606
1356942158653,-0.01407963,0.22570133,0.97409475,0.97888327,-0.19557965,0.05946535,0.20393452,0.95436233,-0.21818155
1356942158695,-0.055262566,0.18532944,0.9811213,0.97847307,-0.18562967,0.09017804,0.19883785,0.9649843,-0.17108148
1356942158735,-0.08505422,0.14430463,0.9858712,0.9780426,-0.17684585,0.11026427,0.19025889,0.9736024,-0.12609458
1356942158774,-0.10186648,0.10616791,0.98911655,0.97837806,-0.16921479,0.118923396,0.179999,0.9798442,-0.08663505
1356942158815,-0.10561293,0.07321307,0.9917085,0.97983897,-0.16242129,0.11633968,0.16959214,0.98400164,-0.05458322
1356942158856,-0.09761715,0.04640764,0.99414146,0.9822522,-0.15626168,0.10374415,0.16016078,0.98662484,-0.030330151
1356942158896,-0.07967073,0.025862545,0.9964857,0.98510706,-0.15076143,0.08267379,0.15236977,0.9882318,-0.01346612
1356942158937,-0.053770542,0.011089146,0.9984917,0.9877644,-0.14600259,0.05481437,0.14639026,0.98922205,-0.0031028092
1356942158976,-0.02185142,0.0012852252,0.9997605,0.98962986,-0.14197522,0.021812499,0.14196923,0.9898694,0.001830399
1356942159016,0.014637172,-0.004454702,0.99988294,0.9902322,-0.13860577,-0.015113473,0.13865688,0.9903376,0.0023824275
1356942159056,0.054285526,-0.0069335997,0.9985014,0.9891832,-0.13609552,-0.054724008,0.136271,0.9906715,-5.2940845E-4
1356942159096,0.09517187,-0.0071842372,0.9954349,0.9862118,-0.13531673,-0.09526667,0.13538346,0.9907763,-0.0057931542
1356942159136,0.13399377,-0.006788075,0.9909589,0.98144245,-0.13750884,-0.13364893,0.13717282,0.99047726,-0.011763215
1356942159176,0.16617972,-0.0077098906,0.9860654,0.9757452,-0.14321679,-0.16556028,0.14249754,0.98966134,-0.016276866
1356942159216,0.1870113,-0.010838062,0.9822979,0.9706671,-0.15176821,-0.18647149,0.15110263,0.9883567,-0.017862171
1356942159256,0.19301927,-0.0151026845,0.98107874,0.96773857,-0.16209716,-0.19289002,0.16194323,0.98665917,-0.016672432
1356942159296,0.1821262,-0.01820758,0.9831066,0.96776056,-0.17359123,-0.18249825,0.17398146,0.98464954,-0.013994962
1356942159336,0.1535834,-0.01798582,0.987972,0.9703571,-0.18606305,-0.15423235,0.18659914,0.9823731,-0.011123508
1356942159376,0.10811734,-0.012739062,0.9940565,0.9739695,-0.19903469,-0.108483225,0.19923371,0.97990966,-0.009111643
1356942159416,0.049025953,-9.895861E-4,0.99879706,0.9762063,-0.21143603,-0.04812655,0.2112293,0.97739136,-0.009399861
1356942159456,-0.018325329,0.019341797,0.999645,0.97500205,-0.22108895,0.022151321,0.22143888,0.9750619,-0.014806777
1356942159496,-0.08719897,0.05121544,0.9948735,0.96981287,-0.22393113,0.09653026,0.2277269,0.97325844,-0.030142874
1356942159536,-0.15261823,0.09728941,0.9834849,0.9618554,-0.21398139,0.17042941,0.22702843,0.97198087,-0.060920924
1356942159590,-0.21351987,0.15690723,0.96425587,0.9526136,-0.18544418,0.24111798,0.21664876,0.97004676,-0.10987592
1356942159616,-0.27318782,0.22303024,0.9357488,0.9415723,-0.13721657,0.30759266,0.19700274,0.9651058,-0.17251319
1356942159656,-0.33524448,0.28447855,0.8981554,0.9260756,-0.07574588,0.3696574,0.17319113,0.9556854,-0.23805523
1356942159696,-0.40248173,0.33093536,0.85351634,0.9024159,-0.013212204,0.43066344,0.15379858,0.94356084,-0.2933237
1356942159736,-0.4749552,0.35706574,0.80431443,0.867984,0.03949541,0.49501914,0.14498758,0.93324393,-0.32868594
1356942159776,-0.5502176,0.36269343,0.7521396,0.82200134,0.07681948,0.5642805,0.14688188,0.9287369,-0.34040195
1356942159816,-0.6245172,0.3512789,0.6975539,0.7653252,0.09714818,0.63627005,0.1557422,0.9312172,-0.3295133
1356942159856,-0.69385904,0.32830206,0.6409192,0.70044756,0.10112828,0.7065028,0.16713132,0.93914366,-0.30012715
1356942159896,-0.75534415,0.29930645,0.5829844,0.6308476,0.09121859,0.7705261,0.17744444,0.9497867,-0.2577182
1356942159936,-0.8075593,0.26910847,0.5248128,0.5600962,0.07115412,0.82536614,0.18477051,0.9604778,-0.20818776
1356942159976,-0.8503549,0.24162206,0.46745634,0.4911637,0.04568237,0.86986864,0.1888249,0.96929455,-0.15752226
1356942160016,-0.8845708,0.21896514,0.41181177,0.42603824,0.0200212,0.9044837,0.18980539,0.9755273,-0.11099774
1356942160056,-0.9116069,0.20101705,0.3585596,0.36577567,-0.0013358593,0.9307021,0.18756598,0.97958684,-0.072309375
1356942160096,-0.9329908,0.18606205,0.3080732,0.31068325,-0.015710354,0.95038366,0.18167028,0.98241234,-0.043148756
1356942160136,-0.95014036,0.17208773,0.2600369,0.26014134,-0.022348523,0.9653119,0.17192976,0.9848281,-0.023532987
1356942160177,-0.9641084,0.15798956,0.21338777,0.21263814,-0.021834075,0.9768871,0.15899707,0.9871994,-0.012544274
1356942160216,-0.9754475,0.1444328,0.16625684,0.16577093,-0.015477955,0.98604286,0.14499024,0.9893936,-0.008844852
1356942160256,-0.98415846,0.13376167,0.116361275,0.116735786,-0.0050664544,0.99315006,0.13343495,0.9910006,-0.010628581
1356942160298,-0.98980874,0.12843412,0.061508365,0.06295192,0.007206738,0.99799055,0.12773275,0.9916919,-0.015218496
1356942160336,-0.991592,0.12940359,-3.0574203E-4,0.0022004843,0.019224107,0.9998128,0.12938525,0.99140567,-0.01934719
1356942160376,-0.98816353,0.135951,-0.07106535,-0.06757194,0.03014636,0.9972589,0.13772069,0.9902568,-0.02060312
1356942160416,-0.9773077,0.14634612,-0.15314195,-0.14863122,0.041341245,0.9880281,0.15092516,0.98836917,-0.018651426
1356942160456,-0.9555752,0.1582419,-0.24866745,-0.24280295,0.055686712,0.968476,0.16710094,0.9858288,-0.01479125
1356942160496,-0.91795236,0.16851917,-0.35911655,-0.35113665,0.07602948,0.93323225,0.18457097,0.9827618,-0.01061821
1356942160540,-0.8574482,0.17412534,-0.48421365,-0.47278008,0.10487944,0.8749167,0.20312922,0.9791224,-0.0076056123
1356942160577,-0.7608464,0.16707017,-0.62705684,-0.6104632,0.14347988,0.7789404,0.22010778,0.97544914,-0.007175982
1356942160614,-0.6311833,0.14192513,-0.76253843,-0.7392765,0.18738538,0.64680517,0.23468646,0.9719794,-0.0133526325
1356942160654,-0.46339017,0.087574065,-0.8818165,-0.85184884,0.23017782,0.47050154,0.24417832,0.96920013,-0.032062292
1356942160696,-0.2608563,-0.0036431253,-0.9653708,-0.9337845,0.25468537,0.2513601,0.24495006,0.9670172,-0.069838166
1356942160737,-0.030141324,-0.12496963,-0.9917026,-0.97165704,0.23639485,-2.5728345E-4,0.23446554,0.96358705,-0.12855285
1356942160777,0.21741848,-0.24669963,-0.9443879,-0.952218,0.1590135,-0.26075983,0.2144998,0.9559572,-0.20033938
1356942160817,0.4573378,-0.32974458,-0.82589984,-0.86831367,0.034959495,-0.4947819,0.19202468,0.9434226,-0.2703334
1356942160857,0.65999323,-0.3554945,-0.6618404,-0.7304665,-0.09776631,-0.6759145,0.17557824,0.92955124,-0.32420188
1356942160897,0.80864173,-0.33474627,-0.48378044,-0.56352603,-0.20461273,-0.80035746,0.168929,0.9198253,-0.3540966
1356942160936,0.9023626,-0.29136196,-0.31756887,-0.39594486,-0.26944917,-0.87785244,0.17020413,0.917881,-0.35850412
1356942160976,0.9544243,-0.24384323,-0.17208904,-0.24202615,-0.29496652,-0.92434734,0.17463532,0.92386967,-0.34053966
1356942161016,0.9780784,-0.20217633,-0.049871877,-0.10839772,-0.28983286,-0.9509189,0.1777988,0.9354793,-0.30539474
1356942161056,0.98418057,-0.17002375,0.04980491,0.0031879544,-0.26407573,-0.9644967,0.17713961,0.9493976,-0.25935617
1356942161096,0.9806361,-0.14803194,0.12821601,0.09250958,-0.22690332,-0.9695137,0.17261164,0.96260136,-0.20881522
1356942161136,0.97309893,-0.13519247,0.1865515,0.15999694,-0.18606418,-0.96942306,0.16576926,0.9731922,-0.15942848
1356942161176,0.9657466,-0.12885153,0.22523479,0.20601702,-0.1470038,-0.96744335,0.15776695,0.9807074,-0.115422815
1356942161216,0.96163493,-0.12525019,0.24407098,0.23064473,-0.11257166,-0.96650434,0.14853033,0.985718,-0.07936454
1356942161256,0.9622873,-0.12104325,0.24362198,0.23463483,-0.08386862,-0.96845883,0.13765767,0.9890979,-0.052304745
1356942161296,0.9672609,-0.11460938,0.2264311,0.22058421,-0.06152481,-0.97342557,0.12549484,0.99150366,-0.034229517
1356942161336,0.9746567,-0.10622655,0.1968765,0.19294389,-0.0462102,-0.98012114,0.113212585,0.99326766,-0.024543315
1356942161376,0.98226863,-0.09724154,0.16028874,0.15726331,-0.03806764,-0.9868228,0.10206197,0.9945325,-0.02210012
1356942161416,0.9885275,-0.089584984,0.1216055,0.11882941,-0.035715997,-0.99227214,0.09323594,0.99533856,-0.024660915
1356942161456,0.99271536,-0.085437655,0.084950715,0.08211517,-0.03617865,-0.9959659,0.0881664,0.99568635,-0.028899372
1356942161496,0.9948288,-0.08644787,0.053312898,0.050359838,-0.03598985,-0.9980824,0.08820082,0.99560606,-0.03145024
1356942161536,0.99525607,-0.09304349,0.028430078,0.02547368,-0.032809436,-0.99913687,0.09389597,0.9951213,-0.03028363
1356942161589,0.9944502,-0.104569644,0.0115769915,0.008861825,-0.02639255,-0.99961245,0.10483466,0.9941673,-0.025319397
1356942161616,0.99281037,-0.11963005,0.0040278956,0.0018383525,-0.018407345,-0.99982893,0.11968372,0.9926479,-0.018055081
1356942161656,0.9905921,-0.13664448,0.0074442327,0.005949661,-0.011342853,-0.9999179,0.1367177,0.9905552,-0.010423154
1356942161696,0.9877476,-0.15421596,0.023916148,0.023013659,-0.007634909,-0.99970603,0.1543532,0.98800766,-0.0039922893
1356942161736,0.9836572,-0.17107819,0.056132015,0.055294573,-0.009660034,-0.99842346,0.17135069,0.9852102,-4.246831E-5
1356942161776,0.9768475,-0.18552563,0.106532365,0.10454175,-0.020507842,-0.994309,0.18665457,0.9824254,-6.378592E-4
1356942161816,0.96543324,-0.19337411,0.17477159,0.1693073,-0.04456335,-0.9845553,0.19817592,0.9801125,-0.010283291
1356942161858,0.94932973,-0.18647814,0.25298017,0.24096942,-0.08486581,-0.9668151,0.20175926,0.9787868,-0.035630107
1356942161898,0.9333114,-0.15565163,0.3235775,0.30356923,-0.13924134,-0.94258034,0.19176951,0.97794914,-0.082704484
1356942161953,0.9260618,-0.09577512,0.36501598,0.34061283,-0.20426565,-0.91774637,0.16245747,0.974219,-0.1565404
1356942161987,0.91472566,-0.028241962,0.40308726,0.38235867,-0.2621319,-0.8860523,0.13068587,0.96461874,-0.22898021
1356942162027,0.8981179,0.030404657,0.4387024,0.4263295,-0.30481923,-0.85166216,0.10783045,0.9519248,-0.286726
1356942162066,0.86846757,0.074705735,0.49008483,0.4855668,-0.32748833,-0.8105408,0.099944994,0.9418973,-0.32068762
1356942162106,0.81901336,0.10551448,0.56398916,0.56412786,-0.32756567,-0.7579317,0.10477069,0.93891823,-0.32780433
1356942162146,0.7445693,0.12466884,0.65580046,0.65745324,-0.30713016,-0.68805987,0.1156365,0.94346637,-0.3106436
1356942162186,0.64352536,0.13209069,0.75394106,0.75484675,-0.27271044,-0.5965194,0.12681296,0.95298535,-0.2752043
1356942162243,0.5210717,0.12676501,0.8440468,0.84264123,-0.23374051,-0.48509914,0.13579434,0.96400005,-0.22861297
1356942162265,0.39132798,0.10932782,0.9137341,0.9091395,-0.19976348,-0.36545867,0.14257589,0.97372586,-0.1775673
1356942162305,0.2740775,0.083529204,0.95807326,0.9503113,-0.1764346,-0.2564747,0.14761412,0.98076177,-0.12773553
1356942162351,0.18202087,0.052978247,0.9818665,0.97177744,-0.16207626,-0.1714055,0.15005651,0.9853551,-0.080984324
1356942162382,0.14179236,0.022830814,0.9896331,0.97844744,-0.15484238,-0.13661751,0.15011808,0.9876753,-0.04429418
1356942162425,0.1326977,-5.144477E-4,0.99115646,0.9804396,-0.14658868,-0.13133901,0.14535987,0.98919743,-0.018947601
1356942162464,0.16993919,-0.019572943,0.9852602,0.9759464,-0.13520828,-0.17101878,0.13656265,0.9906239,-0.0038750768
1356942162505,0.25231808,-0.034002036,0.96704674,0.9594941,-0.120645225,-0.25458944,0.12532613,0.99211323,0.002183795
1356942162544,0.3762191,-0.044245392,0.9254737,0.9194591,-0.10534489,-0.37881038,0.114254594,0.9934509,0.0010490716
1356942162588,0.5235934,-0.051429152,0.8504146,0.8453144,-0.09314817,-0.52608645,0.10627079,0.99432313,-0.005297944
1356942162626,0.66339946,-0.059597492,0.74588823,0.7410731,-0.08554757,-0.6659521,0.10349801,0.99455,-0.012586102
1356942162667,0.76486534,-0.07108474,0.64025617,0.6351312,-0.082880795,-0.76794475,0.107654095,0.994021,-0.018244505
1356942162706,0.8284687,-0.087254465,0.55319655,0.54740685,-0.082420915,-0.8327981,0.118260264,0.9927707,-0.020519461
1356942162746,0.8627119,-0.10680604,0.49428812,0.48765105,-0.08307013,-0.8690776,0.13388327,0.99080366,-0.019581523
1356942162786,0.8760917,-0.12722509,0.465056,0.45740247,-0.08570525,-0.88512003,0.15246725,0.98816407,-0.016892584
1356942162826,0.87258494,-0.14573875,0.46621427,0.45719,-0.09234493,-0.88456184,0.17196748,0.9850039,-0.0139485
1356942162866,0.85073584,-0.15913248,0.5009245,0.48978716,-0.10572606,-0.8654077,0.19067527,0.9815798,-0.012003899
1356942162906,0.8030678,-0.16253749,0.573292,0.5587115,-0.12911627,-0.81924987,0.20718013,0.9782181,-0.01287755
1356942162946,0.7198425,-0.14795345,0.6781862,0.65847385,-0.16359188,-0.7346086,0.21963367,0.97537035,-0.020336896
1356942162986,0.6067042,-0.10748407,0.78762764,0.7623844,-0.201922,-0.614815,0.22512215,0.9734858,-0.04056274
1356942163025,0.5092785,-0.04497516,0.8594258,0.8318856,-0.23009056,-0.5049997,0.22045818,0.9721294,-0.079765946
1356942163066,0.70497364,-0.04766801,0.7076298,0.67906284,-0.24254692,-0.6928525,0.20466033,0.9689678,-0.1386196
1356942163109,0.6220513,0.053792566,0.78112644,0.7617506,-0.27229697,-0.5878694,0.18107533,0.9607084,-0.21035922
1356942163147,0.6034061,0.12809834,0.7870781,0.78129506,-0.29253787,-0.5513615,0.15962166,0.9476351,-0.27660173
1356942163186,0.61092526,0.17239487,0.7726903,0.77785826,-0.31234175,-0.5453248,0.14733225,0.93419623,-0.32491624
1356942163226,0.5896532,0.20134434,0.782157,0.79455316,-0.31834918,-0.51704836,0.14489424,0.9263445,-0.3476944
1356942163266,0.4879077,0.23411515,0.84091383,0.8602073,-0.29261416,-0.41763657,0.14828825,0.9271284,-0.34415624
1356942163306,0.24327698,0.27693146,0.9295834,0.9578628,-0.21946159,-0.18529823,0.15269297,0.93549216,-0.31865233
1356942163349,-0.20991439,0.30406755,0.9292357,0.9654041,-0.08591533,0.24619827,0.15469646,0.9487684,-0.27551323
1356942163387,-0.6069185,0.27307504,0.74637794,0.77979046,0.023167074,0.6256119,0.15354759,0.9617138,-0.22700179
1356942163428,-0.83278906,0.22009055,0.50795907,0.53300494,0.070886195,0.8431375,0.14955932,0.9729004,-0.17634255
1356942163467,-0.9294981,0.1789892,0.32248443,0.33947298,0.07335234,0.93775135,0.14419238,0.9811128,-0.12894285
1356942163508,-0.97456735,0.15115039,0.16544531,0.17655225,0.06319296,0.9822607,0.1380141,0.98648894,-0.0882718
1356942163546,-0.99101853,0.12853369,-0.036894966,-0.02930684,0.060435712,0.99774176,0.13047321,0.9898619,-0.05612594
1356942163590,-0.8872203,0.09300175,-0.45187485,-0.44518867,0.0843575,0.89145434,0.12102586,0.99208593,-0.03344041
1356942163626,-0.13700318,-0.0054526925,-0.9905556,-0.9844356,0.1118713,0.1355409,0.11007565,0.9937077,-0.020694554
1356942163666,0.5004331,-0.0648607,-0.8633423,-0.8601286,0.07645826,-0.5043144,0.098719865,0.9949609,-0.017526329
1356942163706,0.6940727,-0.07721305,-0.7157521,-0.7144458,0.04832954,-0.69801956,0.08848819,0.9958425,-0.021620333
1356942163746,0.76815677,-0.08100715,-0.6351165,-0.63508356,0.02950269,-0.7718798,0.08126545,0.99627674,-0.02878362
1356942163786,0.8043525,-0.08395368,-0.58819103,-0.5889232,0.018396229,-0.8079796,0.078653365,0.99629986,-0.03464523
1356942163827,0.8252645,-0.08768183,-0.5578981,-0.55886376,0.01541784,-0.8291161,0.08130002,0.99602914,-0.036278404
1356942163867,0.8393951,-0.092501804,-0.53559244,-0.53626025,0.01959109,-0.8438252,0.08854823,0.99551976,-0.03316039
1356942163906,0.85136205,-0.09889248,-0.5151727,-0.51501465,0.029101495,-0.8566872,0.09971221,0.9946724,-0.026155174
1356942163948,0.8639194,-0.10699141,-0.4921344,-0.49073577,0.04086992,-0.8703494,0.1132334,0.99341965,-0.0171962
1356942163988,0.879322,-0.11701642,-0.46162757,-0.45875674,0.052013308,-0.88703835,0.12780884,0.99176705,-0.007945627
1356942164027,0.90017295,-0.12918131,-0.41593373,-0.41179067,0.05856204,-0.9093948,0.14183475,0.9898903,-4.7969818E-4
1356942164069,0.92915237,-0.14501163,-0.34006983,-0.3357199,0.05424571,-0.9403986,0.15481608,0.98794174,0.0017192364
1356942164118,0.9664519,-0.16291529,-0.19856828,-0.19761464,0.022204787,-0.9800283,0.16407076,0.9863901,-0.010734588
1356942164157,0.98488027,-0.16412379,0.055445794,0.04814863,-0.048113436,-0.99768066,0.16641083,0.9852656,-0.039483637
1356942164197,0.9388255,-0.121087246,0.3224042,0.30614427,-0.13535497,-0.94231343,0.15774114,0.9833702,-0.09000453
1356942164237,0.8725014,-0.04521431,0.48651528,0.46849352,-0.20536318,-0.859267,0.13876349,0.97764087,-0.15799704
1356942164276,0.8255855,0.035048604,0.56318754,0.55209905,-0.2564072,-0.7933738,0.11659868,0.9659332,-0.23103637
1356942164317,0.7699028,0.11137316,0.6283675,0.63003814,-0.2892599,-0.7206808,0.101497054,0.9507496,-0.29287136
1356942164358,0.6645919,0.18497783,0.723948,0.7405007,-0.2925614,-0.6050343,0.09988132,0.9381849,-0.33141017
1356942164396,0.48862296,0.25128224,0.8355267,0.8656862,-0.25903195,-0.42835733,0.10878953,0.9326091,-0.3441005
1356942164436,0.24485019,0.29414952,0.9238638,0.96155405,-0.19587609,-0.19247404,0.12434667,0.93547237,-0.33080098
1356942164476,-0.015000135,0.30234307,0.9530812,0.9899997,-0.12922779,0.056575716,0.14026982,0.9443987,-0.29738116
1356942164516,-0.23276132,0.28148893,0.9309061,0.96060646,-0.08290845,0.26525745,0.15184695,0.955976,-0.2511022
1356942164590,-0.38803488,0.2463902,0.88809955,0.90807855,-0.06251389,0.41410783,0.15755066,0.9671525,-0.19948411
1356942164592,-0.47855526,0.21191841,0.8521007,0.8634121,-0.06293112,0.500559,0.15970129,0.97525907,-0.15285695
1356942164621,-0.5397676,0.17892703,0.8225789,0.8269365,-0.07019746,0.5578963,0.15756568,0.9813549,-0.110070944
1356942164665,-0.5693337,0.1484487,0.8085927,0.80797964,-0.080513835,0.5836835,0.15174994,0.98563707,-0.07410431
1356942164704,-0.5739617,0.12095845,0.80989945,0.80633736,-0.0889734,0.58472544,0.14278698,0.9886622,-0.046465933
1356942164744,-0.55677706,0.09648046,0.8250399,0.82021844,-0.09314746,0.56441593,0.13130546,0.9909668,-0.027272701
1356942164784,-0.5140597,0.07501215,0.8544681,0.8495071,-0.09328538,0.51926446,0.11866051,0.99280965,-0.015769124
1356942164824,-0.43780804,0.056575865,0.89728653,0.8927392,-0.09085727,0.44131804,0.10649297,0.99425554,-0.010729432
1356942164864,-0.31626362,0.04086268,0.94779086,0.94372165,-0.08837259,0.31871584,0.0967823,0.99524903,-0.010613978
1356942164904,-0.14499325,0.026614368,0.9890746,0.98516625,-0.088847995,0.14681107,0.09178457,0.9956896,-0.013337195
1356942164946,0.049271524,0.011855036,0.99871504,0.9944496,-0.09365302,-0.047949433,0.09296426,0.9955343,-0.016403645
1356942164986,0.2128762,-0.0037654936,0.9770719,0.9719584,-0.101429105,-0.21215299,0.09990242,0.9948356,-0.017931908
1356942165026,0.31155813,-0.017788768,0.9500605,0.94375694,-0.110684454,-0.31156334,0.110699266,0.99369633,-0.01769635
1356942165066,0.34377035,-0.026897013,0.9386685,0.9309336,-0.12140837,-0.3444165,0.12322596,0.99223816,-0.016697288
1356942165106,0.31869656,-0.028438091,0.94743013,0.93805826,-0.13388908,-0.31956288,0.13593832,0.9905882,-0.015993416
1356942165146,0.24627447,-0.020884305,0.96897507,0.95781565,-0.14754152,-0.24661818,0.14811456,0.98883533,-0.016332358
1356942165187,0.1410833,-0.003933102,0.9899899,0.977062,-0.1605733,-0.1398789,0.1595161,0.9870161,-0.018811315
1356942165226,0.025426567,0.02204749,0.9994335,0.9852258,-0.16992861,-0.021316469,0.1693623,0.98520976,-0.026042491
1356942165266,-0.07565367,0.057350546,0.9954835,0.9816065,-0.17121565,0.08446288,0.17528632,0.98356295,-0.04334259
1356942165306,-0.14674652,0.103799075,0.98371303,0.9738096,-0.15943903,0.1620928,0.17366734,0.9817357,-0.07768339
1356942165347,-0.18868941,0.16216937,0.9685543,0.9685434,-0.13220274,0.21082261,0.16223449,0.9778669,-0.13212281
1356942165388,-0.21555436,0.22729155,0.9496709,0.96589243,-0.09327555,0.24156058,0.14348575,0.9693494,-0.19943321
1356942165427,-0.24384665,0.28824753,0.9259871,0.96179014,-0.050690472,0.26905414,0.12449291,0.95621324,-0.26487297
1356942165467,-0.28692904,0.33288053,0.8982552,0.9513221,-0.01111272,0.30799833,0.112508655,0.94290364,-0.313488
1356942165506,-0.3451313,0.3550108,0.86882204,0.9321342,0.02156344,0.36147043,0.10959107,0.93461347,-0.3383599
1356942165546,-0.4133541,0.35453567,0.83871496,0.903545,0.04550332,0.42607024,0.11289278,0.9339347,-0.33914793
1356942165586,-0.48290098,0.3355333,0.8088412,0.8676318,0.05842918,0.4937623,0.118413776,0.9402146,-0.3193348
1356942165611,-0.5386728,0.3116051,0.78277326,0.8334849,0.061428487,0.5491171,0.12302306,0.94822407,-0.292808
1356942165643,-0.58330435,0.2843023,0.7608733,0.8023744,0.056027472,0.5941853,0.12629846,0.95709616,-0.26079798
1356942165684,-0.62164617,0.24969754,0.7424333,0.7727443,0.040429533,0.6334285,0.12814933,0.9674795,-0.21808523
1356942165724,-0.64578354,0.2145131,0.7327672,0.75251174,0.016432166,0.65837383,0.12918884,0.9765829,-0.17203522
1356942165764,-0.65655863,0.18177202,0.7320448,0.7430656,-0.010825276,0.669131,0.12955391,0.9832811,-0.12796104
1356942165804,-0.6553529,0.1521498,0.7398399,0.74432373,-0.036460638,0.6668229,0.128432,0.9876847,-0.0893541
1356942165844,-0.6437108,0.1252262,0.7549535,0.7550605,-0.056667447,0.65320164,0.12457928,0.9905085,-0.058075845
1356942165884,-0.62249756,0.10100439,0.7760767,0.7737584,-0.0693903,0.629669,0.11745149,0.9924632,-0.034957767
1356942165926,-0.5916354,0.08048019,0.80217856,0.79897976,-0.07438749,0.5967393,0.107697725,0.9939766,-0.020291805
1356942165965,-0.54997766,0.06509414,0.83263874,0.8295076,-0.073416054,0.553649,0.097168416,0.9951747,-0.0136188865
1356942166008,-0.49647093,0.055692136,0.86626494,0.86352015,-0.07016832,0.49940896,0.088597536,0.9959793,-0.013254702
1356942166045,-0.43160754,0.051339954,0.90059936,0.89805293,-0.06956124,0.43435264,0.08494648,0.99625576,-0.016082823
1356942166088,-0.36025876,0.048776418,0.9315764,0.928748,-0.074821234,0.36308256,0.08741155,0.9960034,-0.018346012
1356942166126,-0.29170436,0.045186818,0.9554405,0.9517081,-0.08623779,0.29464337,0.095709056,0.9952493,-0.01784867
1356942166167,-0.23450774,0.03987184,0.97129625,0.96608174,-0.101579905,0.23741865,0.108130515,0.9940281,-0.014698207
1356942166208,-0.19465244,0.03426981,0.9802735,0.97305346,-0.119188845,0.19738555,0.12360206,0.99228,-0.010145962
1356942166247,-0.17549318,0.030604005,0.98400486,0.9744929,-0.13661414,0.17804563,0.13987789,0.9901515,-0.005848527
1356942166288,-0.17464995,0.030410886,0.98416084,0.97214127,-0.15336794,0.17725605,0.15632921,0.9877011,-0.0027779937
1356942166327,-0.19131899,0.035600662,0.98088205,0.9665084,-0.16732305,0.1945883,0.17105159,0.9852592,-0.0023962855
1356942166368,-0.21417332,0.0483903,0.97559637,0.95965433,-0.17586595,0.21939656,0.18219084,0.98322403,-0.008772194
1356942166406,-0.23506194,0.07303339,0.9692327,0.9538744,-0.17424065,0.24446645,0.18673393,0.98199105,-0.028707385
1356942166446,-0.24464965,0.11347863,0.9629482,0.952513,-0.15755767,0.2605658,0.18128851,0.980968,-0.06954342
1356942166490,-0.23597968,0.17317918,0.95620215,0.95811045,-0.12286925,0.25870365,0.16228995,0.97719604,-0.13693011
1356942166537,-0.21480453,0.24705127,0.94489396,0.96774113,-0.07658887,0.24002334,0.13166642,0.9659709,-0.22263002
1356942166597,-0.20298865,0.31373343,0.9275596,0.973753,-0.03492728,0.22491139,0.102959365,0.94886845,-0.298409
1356942166616,-0.20321032,0.36263445,0.9095063,0.9755068,-0.0049097836,0.2199144,0.08421403,0.9319185,-0.35275465
1356942166654,-0.2188884,0.38895977,0.89487326,0.9726354,0.013758659,0.23192906,0.07789883,0.921152,-0.38132763
1356942166694,-0.24912468,0.39227217,0.8854713,0.96504825,0.023744911,0.26099426,0.08135539,0.9195426,-0.38447702
1356942166734,-0.2892542,0.37508076,0.8807079,0.9530106,0.026320636,0.30179125,0.09001529,0.9266184,-0.36506933
1356942166776,-0.3322327,0.34192315,0.87903917,0.9379103,0.02122277,0.34622794,0.09972772,0.93948823,-0.3277442
1356942166816,-0.37065196,0.2984644,0.87950903,0.92246604,0.008142054,0.38599235,0.10804397,0.95438606,-0.2783411
1356942166856,-0.3977363,0.25081834,0.88255084,0.91032875,-0.012149155,0.4137076,0.11448768,0.967958,-0.22349507
1356942166896,-0.40840048,0.20407182,0.8896987,0.90495604,-0.03700781,0.42389268,0.11943036,0.97825617,-0.16956204
1356942166936,-0.39923185,0.1610848,0.90258825,0.9085933,-0.062309206,0.4130083,0.12276888,0.98497164,-0.12148476
1356942166974,-0.36757737,0.12254986,0.92188305,0.92173815,-0.083774984,0.37865615,0.123634994,0.9889202,-0.08216512
1356942167014,-0.30956256,0.0882206,0.9467778,0.9431554,-0.098162174,0.3175249,0.12095001,0.9912524,-0.052818418
1356942167073,-0.21921003,0.058265626,0.9739363,0.9689588,-0.103945255,0.22430825,0.114305586,0.99287486,-0.03367114
1356942167094,-0.08652419,0.03352073,0.9956857,0.9907243,-0.102220416,0.08953443,0.104780704,0.9941969,-0.024365246
1356942167135,0.09605858,0.014397979,0.99527156,0.9908575,-0.09654555,-0.09423587,0.094732285,0.99522436,-0.023540318
1356942167171,0.3162596,-8.806884E-4,0.9486723,0.9446851,-0.09129891,-0.3150151,0.08689022,0.99582314,-0.028042167
1356942167213,0.53027177,-0.015378654,0.8476882,0.84373164,-0.0885908,-0.5294039,0.08323893,0.9959494,-0.034001738
1356942167255,0.69654214,-0.03200859,0.7168016,0.71252143,-0.086810336,-0.69625944,0.084512055,0.99571055,-0.037660256
1356942167295,0.80336905,-0.050857782,0.5933057,0.5885458,-0.08381012,-0.804108,0.09062022,0.9951831,-0.03739831
1356942167334,0.8640616,-0.070784956,0.49838442,0.4931604,-0.07951012,-0.8662973,0.100947425,0.9943177,-0.0337933
1356942167374,0.89417833,-0.090325624,0.43850473,0.43287858,-0.07559419,-0.89827704,0.11428586,0.99303913,-0.028494656
1356942167414,0.90341127,-0.10802013,0.41494545,0.40888923,-0.0742605,-0.9095576,0.12906459,0.9913713,-0.022919506
1356942167454,0.8954275,-0.12218228,0.42811337,0.42139748,-0.07766015,-0.9035448,0.14364448,0.98946476,-0.018051744
1356942167494,0.86908525,-0.13036613,0.4771745,0.46922445,-0.08809539,-0.87867373,0.15658614,0.98754436,-0.015391439
1356942167534,0.8220197,-0.12810698,0.5548623,0.54466116,-0.1075314,-0.8317337,0.16621606,0.9859135,-0.018618017
1356942167593,0.7603172,-0.1087448,0.6403845,0.62697566,-0.13479993,-0.76728773,0.16976231,0.9848876,-0.03431037
1356942167616,0.7046657,-0.06785756,0.7062872,0.6903927,-0.16411074,-0.7045748,0.16372001,0.9841052,-0.068794854
1356942167657,0.6778236,-0.00836727,0.735177,0.72057927,-0.1910276,-0.6665389,0.14601618,0.9815491,-0.12345374
1356942167697,0.6794905,0.05962473,0.73125756,0.723864,-0.21700831,-0.6549262,0.11963913,0.9743471,-0.1906153
1356942167736,0.68935764,0.12346566,0.7138223,0.7184086,-0.24320573,-0.6517209,0.09314054,0.9620849,-0.2563545
1356942167776,0.6836788,0.17443076,0.70863044,0.7257936,-0.26391023,-0.63527554,0.07620326,0.94864386,-0.30703056
1356942167816,0.6478848,0.21038282,0.73210955,0.75822,-0.2703786,-0.5932939,0.073127866,0.93948627,-0.33469063
1356942167856,0.57548153,0.23201737,0.78421235,0.81372666,-0.25821066,-0.5207458,0.0816699,0.93781406,-0.33739415
1356942167896,0.46593183,0.23914984,0.851889,0.8795552,-0.2300611,-0.4164788,0.09638572,0.94333416,-0.31753826
1356942167936,0.3277871,0.23091018,0.9160983,0.9380913,-0.19448853,-0.28663388,0.111983955,0.95333874,-0.28036568
1356942167976,0.17967224,0.2082406,0.9614332,0.97571146,-0.16222936,-0.14720264,0.12531915,0.96452963,-0.23233083
1356942168016,0.04621327,0.1759671,0.9833107,0.9897094,-0.1415146,-0.021189481,0.13542414,0.97417104,-0.18069619
1356942168056,-0.05431503,0.14057532,0.98857903,0.9883553,-0.13336378,0.07326701,0.14214015,0.9810468,-0.13169467
1356942168096,-0.115300775,0.10663068,0.98759085,0.98271966,-0.13268757,0.12905845,0.14480263,0.98540545,-0.0894891
1356942168136,-0.13777655,0.07585928,0.987554,0.9801718,-0.13291699,0.14695671,0.1424107,0.98821986,-0.056042314
1356942168176,-0.12309247,0.04872459,0.99119836,0.98320085,-0.12965673,0.12847292,0.13477534,0.9903611,-0.0319463
1356942168216,-0.068980336,0.025857776,0.99728274,0.9899899,-0.12161046,0.07162908,0.1231322,0.992241,-0.017210156
1356942168256,0.028867006,0.008058608,0.9995508,0.9935588,-0.10985237,-0.027808338,0.10957888,0.9939153,-0.011177838
1356942168296,0.1688984,-0.004548013,0.98562294,0.9809004,-0.0971061,-0.1685372,0.096476495,0.99526364,-0.011939943
1356942168336,0.3324896,-0.013577789,0.94300914,0.93911517,-0.087132394,-0.33237118,0.08667958,0.9961042,-0.016219467
1356942168376,0.48341426,-0.022273779,0.8751083,0.87145466,-0.082460135,-0.48349482,0.08293074,0.99634546,-0.020451859
1356942168418,0.5911207,-0.03413707,0.8058604,0.8018583,-0.08311127,-0.5917058,0.08717522,0.99595535,-0.021755695
1356942168457,0.6517396,-0.04891154,0.7568641,0.7521566,-0.08653399,-0.6532781,0.097447306,0.99504757,-0.019608468
1356942168497,0.6695361,-0.06524438,0.7399086,0.73416454,-0.09314676,-0.67255205,0.11280027,0.99351245,-0.014465034
1356942168537,0.6503812,-0.07925221,0.7554624,0.7483288,-0.10390262,-0.6551399,0.13041577,0.9914249,-0.008269623
1356942168598,0.5968092,-0.08700904,0.79765165,0.78864896,-0.1195336,-0.6031123,0.14782238,0.98901016,-0.002719149
1356942168618,0.5088631,-0.08524054,0.85661685,0.8451624,-0.13962063,-0.51595205,0.16358149,0.9865293,9.943694E-4
1356942168657,0.3920726,-0.07140204,0.9171591,0.90277576,-0.16179547,-0.39851984,0.17684734,0.9842377,0.0010244995
1356942168696,0.26707643,-0.04372096,0.9626831,0.94557285,-0.18082869,-0.27054214,0.18590906,0.9825424,-0.006953746
1356942168736,0.16068777,-9.082556E-4,0.9870049,0.9691052,-0.18944016,-0.15794802,0.18712187,0.9818919,-0.029560536
1356942168778,0.090832114,0.057243973,0.99421966,0.9801847,-0.18161064,-0.07909337,0.17603323,0.98170304,-0.07260579
1356942168818,0.055350423,0.1284185,0.99017423,0.9869626,-0.15714467,-0.034790367,0.15113288,0.9791906,-0.13544226
1356942168857,0.034117043,0.20334953,0.97851163,0.9923108,-0.12344748,-0.008943915,0.11897606,0.9712928,-0.20599759
1356942168897,0.0104519725,0.2704783,0.9626694,0.99588317,-0.08950508,0.014335394,0.09004119,0.95855635,-0.27030033
1356942168936,-0.035883904,0.31805915,0.94739157,0.99664265,-0.058421135,0.057362527,0.073592365,0.94626915,-0.3148949
1356942168976,-0.107771665,0.34015706,0.93417263,0.99161816,-0.030578166,0.12553316,0.07126626,0.9398714,-0.33401048
1356942169016,-0.19893554,0.33712256,0.9202027,0.9768555,-0.007094711,0.21378234,0.07859945,0.941434,-0.32790858
1356942169056,-0.29549247,0.31379583,0.90233946,0.9510883,0.0075617433,0.30882677,0.09008524,0.9494604,-0.30068207
1356942169096,-0.38371736,0.2775136,0.8807651,0.9178363,0.009601057,0.3968428,0.10167304,0.9606737,-0.25839615
1356942169136,-0.454566,0.23570877,0.8589594,0.883717,-0.0012832284,0.46801993,0.111418605,0.97182286,-0.20771652
1356942169176,-0.50448346,0.19401586,0.8413408,0.855199,-0.021876514,0.51783794,0.1188744,0.98075444,-0.15488583
1356942169216,-0.53355825,0.15562099,0.83132285,0.83667195,-0.04661292,0.5457172,0.123675466,0.98671645,-0.10533303
1356942169256,-0.5436095,0.12144858,0.83050525,0.83001566,-0.06928122,0.5534203,0.124750525,0.9901769,-0.0631423
1356942169296,-0.53635526,0.09129113,0.8390405,0.8352937,-0.08494443,0.5432024,0.12086141,0.9921948,-0.030694544
1356942169336,-0.5117831,0.06524739,0.8566334,0.85178006,-0.09147817,0.5158512,0.11202118,0.9936672,-0.008759439
1356942169376,-0.46734154,0.044397324,0.8829614,0.878379,-0.089889646,0.469436,0.100210816,0.9949617,0.003011465
1356942169416,-0.39794296,0.03003934,0.9169183,0.9131259,-0.08350915,0.39903295,0.08855775,0.9960542,0.0058021545
1356942169456,-0.29813898,0.022116989,0.9542662,0.95117354,-0.07678783,0.29895243,0.07988796,0.9968021,0.001856327
1356942169496,-0.16759712,0.018032819,0.98569065,0.9829378,-0.07381129,0.16847941,0.07579321,0.9971092,-0.0053545833
1356942169537,-0.017955959,0.013448387,0.99974835,0.9968941,-0.07644373,0.018933028,0.07667914,0.9969832,-0.012033939
1356942169598,0.12875476,0.0047664642,0.991665,0.9882363,-0.083837956,-0.12790665,0.082529545,0.99646795,-0.015504926
1356942169618,0.25163275,-0.008591354,0.96778476,0.9633286,-0.09403181,-0.25130892,0.09316161,0.99553216,-0.0153852105
1356942169658,0.34092587,-0.024439573,0.9397725,0.93392134,-0.10552859,-0.3415476,0.1075201,0.99411595,-0.013152808
1356942169697,0.39683896,-0.03976187,0.9170266,0.9095082,-0.11765778,-0.398687,0.123747885,0.99225783,-0.010527417
1356942169737,0.42394271,-0.051919967,0.90419954,0.8948281,-0.13013598,-0.42702135,0.13983983,0.9901358,-0.008710742
1356942169778,0.42837158,-0.0586949,0.90169436,0.8902746,-0.14334431,-0.43227723,0.15462524,0.9879309,-0.009150058
1356942169817,0.41644967,-0.057136655,0.9073616,0.8937765,-0.15708143,-0.42010605,0.16653311,0.9859315,-0.014349133
1356942169859,0.40549865,-0.041927725,0.9131335,0.89760864,-0.17060688,-0.40643808,0.17282793,0.98444664,-0.03154616
1356942169908,0.41356236,-0.0018383563,0.91047394,0.8948873,-0.18343252,-0.40685287,0.16775846,0.9830307,-0.074215665
1356942169947,0.42635745,0.056160003,0.9028096,0.891389,-0.19575179,-0.40878704,0.1537691,0.9790441,-0.13352063
1356942169987,0.45340356,0.12374869,0.8826729,0.8812536,-0.2105504,-0.42315584,0.13348207,0.969719,-0.20451829
1356942170027,0.47829098,0.1871039,0.85803837,0.8706466,-0.2289065,-0.4354037,0.114944816,0.9552978,-0.2723853
1356942170066,0.4883139,0.23396134,0.8407209,0.8663523,-0.24566482,-0.43483618,0.1048007,0.9406971,-0.3226545
1356942170106,0.47836065,0.25921255,0.83903515,0.8720289,-0.25295073,-0.41902453,0.103618115,0.93210775,-0.3470425
1356942170146,0.45020753,0.26370263,0.8530968,0.8863931,-0.24732547,-0.39132774,0.1077984,0.9323578,-0.34509197
1356942170186,0.408958,0.2505686,0.87747866,0.90544224,-0.23122314,-0.35596377,0.11369997,0.94008046,-0.321436
1356942170226,0.3613962,0.22336242,0.9052635,0.92477226,-0.20989639,-0.31739506,0.11911744,0.95186794,-0.2824151
1356942170266,0.31725305,0.18660033,0.9298016,0.940333,-0.18904269,-0.2829078,0.12298146,0.9640764,-0.23544082
1356942170306,0.2846163,0.1443888,0.9477054,0.9504709,-0.17129964,-0.25934827,0.12489459,0.9745811,-0.18599203
1356942170346,0.27329257,0.10078058,0.956637,0.9538449,-0.15706852,-0.25594792,0.12446296,0.982432,-0.13905472
1356942170386,0.2910273,0.059264034,0.9548774,0.949046,-0.1440013,-0.28031275,0.120891064,0.9878013,-0.09815267
