1356942101376,-0.17131793,-0.042918652,-0.98428047,-0.89814174,-0.40384197,0.17393431,-0.4049588,0.91382146,0.030638337
1356942101408,-0.09639156,-0.07599041,0.99243844,0.90923965,0.39894384,0.11885771,-0.4049593,0.9138212,0.030638635
1356942101431,-0.09638482,-0.075996965,0.9924386,0.9092399,0.39894426,0.118854165,-0.40496022,0.9138205,0.030647337
1356942101471,-0.096372634,-0.07608265,0.9924333,0.90924054,0.39893582,0.1188775,-0.40496174,0.91381705,0.030730903
1356942101516,-0.09606904,-0.0761179,0.99246,0.90926635,0.39895535,0.118614316,-0.40497592,0.9138056,0.030884206
1356942101553,-0.09480387,-0.07548109,0.9926303,0.909359,0.39916104,0.11720359,-0.40506607,0.91376865,0.030797362
1356942101595,-0.09171751,-0.07319307,0.99309146,0.9095434,0.39981946,0.113468975,-0.40536246,0.91366684,0.029901862
1356942101634,-0.08619362,-0.06856468,0.9939163,0.9097997,0.40113246,0.10657078,-0.4059991,0.9134504,0.02780503
1356942101674,-0.0783,-0.061661243,0.9950211,0.91004705,0.40309322,0.0965929,-0.40704226,0.91307926,0.024552464
1356942101715,-0.06866273,-0.053197145,0.9962206,0.91019094,0.40550128,0.08438665,-0.4084578,0.9125452,0.020576715
1356942101755,-0.058276385,-0.044313043,0.9973165,0.91015947,0.40807334,0.07131514,-0.41013846,0.9118731,0.016550899
1356942101794,-0.048244953,-0.0362432,0.99817777,0.9099284,0.41056395,0.058886886,-0.41195008,0.9111113,0.013171077
1356942101835,-0.03942609,-0.029712737,0.9987806,0.90953904,0.41281593,0.048184246,-0.4137442,0.9103297,0.010749221
1356942101878,-0.032167375,-0.024521649,0.9991816,0.909071,0.4147697,0.03944558,-0.41539752,0.90959597,0.008949876
1356942101915,-0.026346654,-0.019748986,0.99945784,0.9085576,0.4165183,0.032180667,-0.41692808,0.9089128,0.006969154
1356942101956,-0.021610111,-0.014340311,0.9996636,0.9079671,0.41825703,0.025627822,-0.41848385,0.9082155,0.003981948
1356942101998,-0.017408967,-0.0072502494,0.9998222,0.9072531,0.42016286,0.018843949,-0.42022473,0.9074198,-7.36773E-4
1356942102039,-0.013237774,0.0023516417,0.99990964,0.9064045,0.42226738,0.0110067725,-0.42220333,0.9064683,-0.007721424
1356942102078,-0.009247333,0.013905048,0.99986064,0.90547657,0.42438915,0.0024724007,-0.42429566,0.90537316,-0.016515195
1356942102117,-0.004973531,0.028321296,0.9995865,0.90438724,0.42664516,-0.007588327,-0.42668372,0.90397555,-0.027735353
1356942102158,-9.2840195E-4,0.045514405,0.9989632,0.903039,0.42915076,-0.018713534,-0.4295575,0.90208536,-0.041499674
1356942102198,0.0025616586,0.06606731,0.9978119,0.9012852,0.4321212,-0.030925572,-0.43321884,0.89939225,-0.0584386
1356942102237,0.0039153695,0.088587195,0.9960607,0.8991475,0.4355991,-0.042275578,-0.43762824,0.895771,-0.07794744
1356942102278,0.003400907,0.11445901,0.99342215,0.89644647,0.4398802,-0.053750575,-0.44313896,0.89073265,-0.1011104
1356942102318,-0.0016304702,0.14063755,0.99005973,0.8933978,0.44500375,-0.061741292,-0.44926342,0.8844166,-0.12637085
1356942102358,-0.010158762,0.16782874,0.9857638,0.88998836,0.4509442,-0.067602634,-0.45587012,0.87663156,-0.15394664
1356942102423,-0.023448482,0.19447044,0.98062813,0.88633823,0.4577794,-0.06958938,-0.46244445,0.86753637,-0.18310082
1356942102438,-0.041164055,0.22002432,0.97462547,0.88250935,0.4653837,-0.067788154,-0.4684898,0.8573257,-0.21333057
1356942102477,-0.06310825,0.2433464,0.9678842,0.87852734,0.4736762,-0.061810106,-0.47350502,0.84641206,-0.24367934
1356942102516,-0.08768313,0.2649013,0.96028066,0.87441695,0.48225075,-0.053189903,-0.4771861,0.83502185,-0.27391946
1356942102559,-0.11386901,0.28543252,0.9516103,0.87024254,0.4907378,-0.043062687,-0.4792827,0.82322824,-0.30427533
1356942102597,-0.1420067,0.30276614,0.9424261,0.8657982,0.49949288,-0.030008137,-0.4798206,0.8116893,-0.3330657
1356942102639,-0.16874418,0.31943077,0.93246424,0.8616006,0.50727284,-0.017854303,-0.47871697,0.8003988,-0.36082107
1356942102678,-0.19572994,0.3320434,0.9227335,0.8571482,0.5150579,-0.0035243332,-0.47643143,0.79022944,-0.3854226
1356942102718,-0.22078885,0.34130993,0.9136519,0.853019,0.5217592,0.011224747,-0.47287518,0.7818407,-0.40634245
1356942102757,-0.24516404,0.34501198,0.90601397,0.84916306,0.52733564,0.028969884,-0.46777844,0.77645594,-0.42225516
1356942102798,-0.26960504,0.3412764,0.9004686,0.845644,0.5312222,0.05185771,-0.46065107,0.7754569,-0.4318185
1356942102837,-0.295124,0.3278188,0.8974613,0.8420127,0.5331679,0.082138,-0.45157114,0.7799147,-0.43337822
1356942102878,-0.32209754,0.3030151,0.89690304,0.837307,0.5332823,0.12052801,-0.44178072,0.78980494,-0.4254856
1356942102916,-0.34999293,0.26486468,0.89852756,0.8307953,0.53089756,0.16711393,-0.43276352,0.8049811,-0.40585864
1356942102958,-0.37664205,0.21447134,0.9011897,0.82248497,0.5250188,0.21880066,-0.42621505,0.8236245,-0.37414366
1356942102998,-0.39897877,0.15343484,0.9040319,0.8134965,0.51417124,0.27175596,-0.4231303,0.8438517,-0.32996207
1356942103037,-0.41221505,0.091257066,0.90650475,0.80712366,0.49813712,0.31687653,-0.4226464,0.86228275,-0.27899534
1356942103076,-0.4155032,0.030904531,0.90906656,0.8047336,0.47834444,0.3515544,-0.42398235,0.8776283,-0.22362357
1356942103117,-0.40738446,-0.022806585,0.912972,0.8077335,0.45748407,0.37185338,-0.42615083,0.8889253,-0.16795027
1356942103158,-0.38800967,-0.06573793,0.91930795,0.8160585,0.43909043,0.37582996,-0.42836562,0.8960347,-0.116725385
1356942103197,-0.35935977,-0.096805096,0.9281644,0.8280441,0.42559305,0.3649842,-0.43035263,0.8997218,-0.0727821
1356942103237,-0.32222208,-0.11495763,0.9396582,0.8423352,0.41817,0.34000754,-0.43202335,0.90106523,-0.0379107
1356942103278,-0.27859503,-0.12128398,0.9527198,0.85695994,0.4164623,0.3036097,-0.4335949,0.90102684,-0.012088835
1356942103318,-0.22867042,-0.11675012,0.96647775,0.8708808,0.4191419,0.25668418,-0.4350592,0.900383,0.005830109
1356942103359,-0.17559823,-0.103658974,0.97898936,0.88238966,0.424377,0.20320603,-0.43652472,0.8995327,0.016947746
1356942103422,-0.11845821,-0.08343461,0.9894475,0.8910401,0.43081003,0.14300454,-0.43819544,0.89857745,0.023310542
1356942103438,-0.060797334,-0.058690697,0.9964231,0.89572966,0.4372673,0.08040914,-0.4404225,0.89741445,0.025986314
1356942103478,-0.0022038221,-0.029822886,0.9995528,0.8967514,0.44227445,0.015172988,-0.44252914,0.89638376,0.025768995
1356942103518,0.05604288,0.001958996,0.99842644,0.89485765,0.4434171,-0.05109948,-0.44281948,0.89631325,0.023097336
1356942103559,0.11205484,0.033925533,0.99312276,0.8912519,0.43854326,-0.11554146,-0.4394471,0.8980695,0.018904746
1356942103598,0.1627747,0.061890483,0.98472023,0.88676256,0.42842358,-0.17350906,-0.43261597,0.90145594,0.014854372
1356942103636,0.20432438,0.08287683,0.97538865,0.88302994,0.4144556,-0.22019255,-0.4225042,0.906288,0.011500657
1356942103678,0.23465623,0.09680009,0.9672468,0.88099325,0.39935982,-0.25369817,-0.41083753,0.9116697,0.008432031
1356942103718,0.25219733,0.10495561,0.9619671,0.8814797,0.38522178,-0.2731257,-0.39923677,0.9168361,0.0046356916
1356942103758,0.25616798,0.10901815,0.960465,0.8851101,0.37292638,-0.2783991,-0.3885333,0.92143416,-9.612441E-4
1356942103799,0.2463675,0.110787034,0.9628236,0.89199317,0.36258453,-0.26996413,-0.37901354,0.92534256,-0.009492278
1356942103837,0.22414805,0.113408685,0.9679339,0.901258,0.3537727,-0.25015768,-0.37079868,0.92843056,-0.022913039
1356942103878,0.19171475,0.120872766,0.9739791,0.9112171,0.34673554,-0.22239146,-0.36459425,0.93014205,-0.04366702
1356942103917,0.15528947,0.14106813,0.9777448,0.91908157,0.34223872,-0.19535026,-0.36217988,0.92896307,-0.07650709
1356942103958,0.117029086,0.17621705,0.9773698,0.92360795,0.3424194,-0.17232898,-0.36503765,0.9228741,-0.12268245
1356942103998,0.083174124,0.22974795,0.9696896,0.9235069,0.3478648,-0.16163224,-0.37445557,0.90895873,-0.18324047
1356942104038,0.05208619,0.2906883,0.95539904,0.9202198,0.35765678,-0.15898842,-0.38792107,0.88745815,-0.24886811
1356942104078,0.026765764,0.35201854,0.9356102,0.9145976,0.36914563,-0.16505373,-0.40347838,0.8601246,-0.31207484
1356942104118,0.0030061007,0.39822215,0.91728413,0.9093104,0.38060385,-0.1682122,-0.41610768,0.83460164,-0.3609634
1356942104158,-0.020110123,0.42255542,0.906114,0.90561473,0.39170593,-0.1625683,-0.42362428,0.81732094,-0.3905496
1356942104196,-0.044465236,0.42214608,0.90543664,0.90347266,0.40377492,-0.14388508,-0.4263331,0.81163937,-0.39935136
1356942104236,-0.07058245,0.39715883,0.9150317,0.9018446,0.41739827,-0.11160159,-0.42625618,0.8173393,-0.38763654
1356942104276,-0.09719765,0.35017988,0.9316258,0.8999946,0.43057275,-0.067946285,-0.4249261,0.831854,-0.35701072
1356942104316,-0.1209328,0.28710353,0.9502351,0.8981489,0.43930513,-0.018427461,-0.42273375,0.8512242,-0.31098813
1356942104356,-0.13745493,0.21643391,0.9665726,0.8973131,0.44044226,0.028982222,-0.41944665,0.87130195,-0.2547499
1356942104416,-0.14307344,0.14720371,0.97870374,0.89857185,0.43381804,0.066110045,-0.4148477,0.8888942,-0.194341
1356942104436,-0.13541368,0.087240726,0.98694086,0.9022341,0.4224938,0.086445004,-0.4094349,0.9021574,-0.13592303
1356942104476,-0.113907754,0.04127121,0.9926337,0.9074216,0.4111091,0.08703652,-0.4044886,0.91065145,-0.08427888
1356942104518,-0.07908791,0.011098206,0.9968058,0.91250795,0.40338272,0.067908466,-0.40134057,0.914964,-0.042029858
1356942104558,-0.031547666,-0.0030652285,0.99949753,0.915604,0.4009509,0.030129313,-0.4008418,0.9160944,-0.009842515
1356942104597,0.028625906,-0.0016126931,0.99958897,0.91479146,0.4031179,-0.025547147,-0.40291098,0.91514665,0.013014853
1356942104638,0.09885445,0.014299393,0.9949992,0.9077862,0.4082857,-0.096057266,-0.40761748,0.91274214,0.02738005
1356942104678,0.18016836,0.044136137,0.98264515,0.8923532,0.41294464,-0.182161,-0.413818,0.9096861,0.03501451
1356942104721,0.2666638,0.08528066,0.9600092,0.8671704,0.41346228,-0.27760494,-0.42060196,0.9065187,0.036302567
1356942104758,0.35765558,0.13281134,0.92436117,0.8315083,0.40525097,-0.37995481,-0.42506057,0.9045069,0.03450656
1356942104798,0.43818346,0.17582163,0.8815226,0.7921071,0.38806626,-0.47113788,-0.4249254,0.90470517,0.030774623
1356942104838,0.50537515,0.20848739,0.8373345,0.7541449,0.36487335,-0.54601544,-0.4193584,0.90741414,0.027168214
1356942104878,0.555426,0.22716507,0.7999362,0.72407794,0.34092185,-0.5995694,-0.40891695,0.9122326,0.024871677
1356942104918,0.58701795,0.23218831,0.77556336,0.70678127,0.3201997,-0.6308188,-0.39480397,0.91845566,0.02385658
1356942104958,0.5998752,0.22685094,0.7672603,0.7042851,0.3053158,-0.6409093,-0.37964758,0.92483556,0.023383647
1356942104997,0.59459436,0.21426544,0.77495015,0.71638167,0.29641664,-0.63161266,-0.36504087,0.9307134,0.022751838
1356942105037,0.5696031,0.19664344,0.79804987,0.74252117,0.29323655,-0.60222465,-0.3524409,0.93559796,0.021016568
1356942105079,0.52546465,0.17749888,0.83209443,0.7786731,0.29378638,-0.5543986,-0.3428632,0.93924636,0.016160697
1356942105132,0.46464738,0.16249883,0.8704579,0.8186331,0.29589996,-0.4922227,-0.33755407,0.9412956,0.004462242
1356942105161,0.4011396,0.17167208,0.8997866,0.8500321,0.29630044,-0.43549007,-0.34136868,0.93953973,-0.027068943
1356942105203,0.32384622,0.19839734,0.92507416,0.8775161,0.3025272,-0.37207916,-0.3536796,0.93226385,-0.07612455
1356942105241,0.25844634,0.24647307,0.93405384,0.89122474,0.3122294,-0.3289852,-0.37272507,0.9174769,-0.13896835
1356942105284,0.2094007,0.30966583,0.9275012,0.89449215,0.32251406,-0.30962643,-0.3950129,0.89447844,-0.209459
1356942105326,0.16579312,0.36521408,0.91604114,0.89566076,0.3329512,-0.294848,-0.41267964,0.8693459,-0.2719069
1356942105368,0.12154108,0.3970318,0.9097217,0.8988224,0.34482688,-0.2705784,-0.42112476,0.8505646,-0.31495047
1356942105420,0.074388094,0.40108767,0.91301423,0.90341985,0.3605652,-0.2320028,-0.42225462,0.8420934,-0.3355288
1356942105448,0.024342746,0.37642816,0.926126,0.9079313,0.37940696,-0.17807618,-0.41841152,0.8451936,-0.3325351
1356942105487,-0.024279416,0.32973087,0.9437627,0.9105927,0.39691216,-0.11524671,-0.41259128,0.85658526,-0.3098873
1356942105534,-0.066810146,0.2688362,0.96086603,0.9112032,0.4087863,-0.051015377,-0.40650362,0.8721358,-0.27227545
1356942105564,-0.099157736,0.20190993,0.97437173,0.9108292,0.4127214,0.007166803,-0.40069705,0.88819677,-0.22482997
1356942105608,-0.11818287,0.13720295,0.9834674,0.91100276,0.40905663,0.052407593,-0.3951034,0.90213525,-0.17333573
1356942105647,-0.122541755,0.08095357,0.9891561,0.91268635,0.40069887,0.0802747,-0.38985524,0.9126263,-0.12298757
1356942105688,-0.11133766,0.037923902,0.9930588,0.9159421,0.39160222,0.087736785,-0.38555673,0.9193527,-0.07833618
1356942105728,-0.08601472,0.008892208,0.99625415,0.919672,0.38526973,0.075963974,-0.3831511,0.92276114,-0.041316807
1356942105767,-0.04478562,-0.004891604,0.9989847,0.9226289,0.38325763,0.043239176,-0.38308004,0.9236285,-0.012651324
1356942105808,0.008340001,-0.0051873326,0.9999517,0.9222776,0.38648623,-0.0056872666,-0.3864381,0.92228055,0.008007467
1356942105847,0.07829985,0.010120571,0.9968785,0.91634667,0.39311323,-0.075965464,-0.39265493,0.91943437,0.021506786
1356942105887,0.160802,0.04038486,0.98616004,0.9014791,0.400791,-0.16340703,-0.4018432,0.915279,0.0280419
1356942105926,0.25714102,0.0860669,0.9625336,0.8741619,0.40389493,-0.26964757,-0.41197014,0.91074765,0.028621554
1356942105968,0.36033922,0.14111066,0.9220865,0.83320874,0.39576936,-0.38617316,-0.4194267,0.9074439,0.025036633
1356942106008,0.4577929,0.1936031,0.8677231,0.78325063,0.3739576,-0.4966629,-0.4206471,0.9070135,0.01955542
1356942106047,0.5388731,0.23272514,0.8096016,0.7329229,0.34424087,-0.5867897,-0.4152587,0.9095808,0.014932543
1356942106088,0.5961419,0.2522857,0.76221174,0.6944001,0.31452668,-0.64721054,-0.40301782,0.9151092,0.012315333
1356942106127,0.631304,0.25680053,0.73178464,0.671565,0.29092035,-0.681444,-0.38788623,0.92163926,0.011200964
1356942106168,0.64599085,0.25018424,0.7211822,0.66691947,0.27465233,-0.6926648,-0.3713682,0.9284255,0.010570139
1356942106207,0.63933545,0.23574093,0.73189914,0.68197227,0.26584744,-0.6813508,-0.35519576,0.9347466,0.009196937
1356942106247,0.61090624,0.21628734,0.761586,0.7148957,0.2626236,-0.6480377,-0.34017283,0.9403449,0.005815476
1356942106288,0.5610436,0.19537863,0.80439866,0.76054037,0.26198885,-0.5940877,-0.3268155,0.9450867,-0.0016061366
1356942106327,0.49480745,0.18028876,0.85009503,0.8092922,0.26075438,-0.52635866,-0.31656262,0.9484214,-0.016883105
1356942106367,0.42557234,0.18286142,0.88625616,0.8493,0.25736165,-0.46092784,-0.3123743,0.9488555,-0.045778215
1356942106422,0.36719066,0.21208069,0.90564495,0.8743559,0.25343215,-0.41385245,-0.31728965,0.9438188,-0.09237605
1356942106445,0.32578248,0.2664758,0.9071143,0.88541746,0.25043517,-0.39155856,-0.33151418,0.93073785,-0.15435493
1356942106486,0.29804385,0.3334564,0.8944142,0.8876536,0.2477817,-0.38816926,-0.35105702,0.90962136,-0.22214395
1356942106528,0.27321538,0.39218548,0.87837577,0.88860416,0.24682423,-0.3866013,-0.36842382,0.8861537,-0.2810614
1356942106568,0.24472547,0.42917383,0.86943614,0.89240074,0.2509176,-0.37504822,-0.37911773,0.8676694,-0.32158917
1356942106607,0.20931813,0.44015828,0.8731818,0.8993844,0.26381287,-0.3485836,-0.38378856,0.85829103,-0.34065068
1356942106648,0.16501552,0.42261901,0.8911583,0.90787494,0.28797996,-0.30468136,-0.38539988,0.8593374,-0.33616406
1356942106687,0.11877697,0.38514847,0.9151791,0.9143565,0.31690526,-0.25203824,-0.38709718,0.8667363,-0.31452197
1356942106728,0.07094824,0.32813486,0.9419627,0.91815937,0.34755802,-0.19022796,-0.3898071,0.87836826,-0.27662146
1356942106767,0.034123614,0.26593477,0.9633869,0.91927975,0.3698545,-0.13465649,-0.39212278,0.890217,-0.23184764
1356942106808,0.008713275,0.20290262,0.97916013,0.9195803,0.38302276,-0.08755344,-0.3928054,0.90117925,-0.18324786
1356942106847,0.001299575,0.14756644,0.9890513,0.9201448,0.38711303,-0.05896631,-0.3915761,0.9101471,-0.13527942
1356942106888,0.013736665,0.104893416,0.9943886,0.9208454,0.38624513,-0.053463906,-0.38968578,0.9164126,-0.09128493
1356942106926,0.046735525,0.07759324,0.9958891,0.9199618,0.38511717,-0.07317823,-0.3892122,0.91959995,-0.053384185
1356942106967,0.100693986,0.06717658,0.99264693,0.91455424,0.38658148,-0.1189338,-0.3917285,0.9198054,-0.022510171
1356942107007,0.17668995,0.07540688,0.9813737,0.90056396,0.3899744,-0.19210556,-0.3971967,0.91773295,9.958148E-4
1356942107047,0.27404237,0.10351887,0.95613,0.872525,0.39137113,-0.29245305,-0.40447614,0.9143919,0.016929507
1356942107087,0.3889038,0.15016165,0.9089583,0.824152,0.38423675,-0.4160955,-0.41173682,0.910941,0.025675088
1356942107127,0.5070587,0.20690322,0.8367093,0.754197,0.36340883,-0.54691947,-0.41722697,0.90836394,0.028223813
1356942107167,0.6126692,0.26086113,0.74604815,0.670082,0.32908577,-0.6653515,-0.41907817,0.9075539,0.026822388
1356942107208,0.69310033,0.29977548,0.6555506,0.588835,0.28911883,-0.7547739,-0.41579473,0.9091452,0.02387005
1356942107247,0.7477861,0.32065755,0.5813731,0.5237134,0.2533411,-0.8133527,-0.40809336,0.9126867,0.021512315
1356942107288,0.77974445,0.3244061,0.535499,0.4850372,0.22783872,-0.8442916,-0.39590076,0.9180687,0.020306975
1356942107327,0.7932625,0.31658566,0.52010393,0.4744799,0.21390659,-0.853881,-0.3815801,0.9241307,0.019470543
1356942107368,0.7902355,0.30033463,0.53416,0.49176478,0.20930317,-0.8451979,-0.36564356,0.93058646,0.0177048
1356942107423,0.765999,0.2778622,0.57968795,0.5388657,0.21416563,-0.81471276,-0.35052708,0.9364431,0.014320269
1356942107446,0.7217034,0.25284243,0.64437175,0.6047549,0.22259,-0.7646733,-0.33677256,0.94155425,0.0077362508
1356942107495,0.65389585,0.23035662,0.7206636,0.6828757,0.2303932,-0.69325304,-0.32573146,0.945439,-0.006651789
1356942107538,0.56473136,0.22207284,0.7948346,0.76017797,0.23494127,-0.60574913,-0.32125986,0.94630134,-0.03613615
1356942107577,0.4712621,0.23733988,0.8494597,0.8196254,0.23788583,-0.52117616,-0.32577032,0.9418493,-0.08242321
1356942107616,0.40119585,0.28496635,0.87053776,0.8501935,0.23784986,-0.469679,-0.34089997,0.9285588,-0.14685217
1356942107658,0.3503257,0.35206577,0.867941,0.8634808,0.23760909,-0.44490767,-0.36286744,0.905313,-0.22076148
1356942107698,0.30646634,0.41699642,0.8556824,0.87096375,0.23985392,-0.42882645,-0.38405788,0.8766892,-0.2896816
1356942107737,0.25580233,0.45777,0.8514762,0.8814007,0.25136882,-0.39993298,-0.3971119,0.8527956,-0.3391781
1356942107782,0.19450969,0.46417224,0.8641238,0.89556324,0.27535355,-0.3494952,-0.40016553,0.8418578,-0.36213666
1356942107817,0.12781304,0.44365728,0.8870356,0.9082,0.30703795,-0.28442994,-0.39854303,0.8419596,-0.36368614
1356942107858,0.057006642,0.39359298,0.91751564,0.917027,0.34270906,-0.20399055,-0.39473012,0.8530153,-0.34139866
1356942107897,-0.009713426,0.32302904,0.9463392,0.92037845,0.37285483,-0.11782551,-0.39090818,0.8698457,-0.30093062
1356942107938,-0.06418164,0.24326569,0.967834,0.919745,0.3907476,-0.037222087,-0.38723373,0.8877715,-0.24882126
1356942107976,-0.10019195,0.16614836,0.98099756,0.91837317,0.39479792,0.026930302,-0.38282135,0.9036201,-0.19214177
1356942108018,-0.11534986,0.10018113,0.98826015,0.9188218,0.38879982,0.06783196,-0.37743986,0.91585934,-0.13689661
1356942108056,-0.110070765,0.049436748,0.99269354,0.92160064,0.37909347,0.083308816,-0.37220514,0.92403686,-0.08728802
1356942108097,-0.08560312,0.015190661,0.99621356,0.9255888,0.37125212,0.07387343,-0.36872423,0.9284079,-0.04584068
1356942108136,-0.043067187,-0.0024227202,0.9990692,0.9287789,0.36836734,0.04093048,-0.36812356,0.9296771,-0.013614297
1356942108177,0.017064333,-0.0033654273,0.9998487,0.92856073,0.37089318,-0.014599264,-0.3707879,0.92866945,0.0094540715
1356942108217,0.09376311,0.012512237,0.9955159,0.9215088,0.3774156,-0.09153631,-0.37686855,0.92595947,0.023857534
1356942108257,0.18650253,0.044901818,0.9814278,0.90386975,0.38363904,-0.1893161,-0.38501465,0.9223909,0.030964255
1356942108297,0.28709042,0.0897122,0.9536933,0.87336135,0.38444245,-0.29907197,-0.39347062,0.91877955,0.032018542
1356942108338,0.38799894,0.13994518,0.9109732,0.830572,0.3753487,-0.41141632,-0.39950836,0.916258,0.029400319
1356942108377,0.47894743,0.18512586,0.85810125,0.78074944,0.35702685,-0.5127982,-0.40129736,0.9155655,0.02646017
1356942108417,0.5503434,0.21676162,0.8063104,0.7340188,0.33463532,-0.5909616,-0.39791772,0.91707885,0.025057226
1356942108454,0.6019497,0.23476899,0.7632431,0.6962978,0.31360772,-0.6456155,-0.39092946,0.9200726,0.02530694
1356942108497,0.63447106,0.24060744,0.7345438,0.67253196,0.2965625,-0.6780497,-0.38098195,0.9242071,0.02634412
1356942108545,0.6485763,0.23639521,0.72350955,0.66615653,0.28354883,-0.6898083,-0.3682177,0.9293639,0.026426852
1356942108588,0.64172864,0.22491658,0.73320997,0.6795556,0.2764112,-0.67955947,-0.35551158,0.93434966,0.024537683
1356942108626,0.62145877,0.21204308,0.75420606,0.70438826,0.27020067,-0.6563755,-0.34296682,0.93916416,0.018557936
1356942108672,0.5881009,0.20339274,0.7827954,0.7374024,0.26272985,-0.62226254,-0.33222744,0.94318837,0.004529357
1356942108709,0.54745054,0.21109194,0.80977654,0.7700682,0.2516873,-0.58621526,-0.32755578,0.9445071,-0.02476883
1356942108747,0.50326645,0.24062654,0.82995284,0.7974745,0.24056655,-0.5533192,-0.33280218,0.94033325,-0.070824444
1356942108789,0.46691567,0.30061466,0.83163726,0.81101876,0.22928059,-0.53821844,-0.35247466,0.92577606,-0.13674942
1356942108827,0.4327184,0.37294543,0.8207719,0.8175913,0.22127378,-0.5315848,-0.37986737,0.90108246,-0.20916772
1356942108867,0.40304852,0.44418627,0.80015653,0.8192859,0.21449357,-0.53175473,-0.4078266,0.86987996,-0.2774642
1356942108907,0.37259907,0.49634588,0.7840986,0.82365596,0.21236342,-0.52582574,-0.42750528,0.84174967,-0.3296919
1356942108948,0.33847558,0.5207624,0.78373516,0.83383876,0.21997982,-0.50628227,-0.43605867,0.8248729,-0.35977405
1356942108987,0.29846233,0.5159763,0.80292505,0.8490071,0.24078816,-0.47032738,-0.43601257,0.82206416,-0.3662014
1356942109027,0.25217646,0.4854212,0.8371221,0.8660877,0.27264053,-0.41899803,-0.43162397,0.8306825,-0.35166383
1356942109067,0.20029706,0.43170446,0.8794955,0.88268715,0.3100217,-0.35319948,-0.4251405,0.84706426,-0.31896353
1356942109107,0.14657933,0.3614008,0.920817,0.896785,0.344316,-0.27789044,-0.4174819,0.8665079,-0.27362925
1356942109148,0.0951522,0.28070685,0.9550653,0.9078101,0.36918622,-0.19895315,-0.40844446,0.8859488,-0.21969962
1356942109187,0.055023387,0.20500195,0.9772137,0.91547465,0.38033825,-0.13133529,-0.39859575,0.9018409,-0.16674662
1356942109228,0.026376665,0.13786083,0.9901004,0.921048,0.38162464,-0.07767424,-0.38855493,0.9139787,-0.11691046
1356942109267,0.014266312,0.08593902,0.9961983,0.9246911,0.3779477,-0.04584667,-0.38045087,0.9218297,-0.07407516
1356942109308,0.016462475,0.048672467,0.99867916,0.92624736,0.3754187,-0.033565253,-0.37655652,0.92557645,-0.038902402
1356942109347,0.0369142,0.027833998,0.9989308,0.9256262,0.37579265,-0.044676363,-0.3766344,0.9262857,-0.011891782
1356942109388,0.072130024,0.022092313,0.99715054,0.92207766,0.37964612,-0.07511079,-0.38022372,0.924868,0.0070130825
1356942109426,0.12617895,0.033141226,0.99145377,0.9139559,0.3847055,-0.12917563,-0.3856987,0.9224442,0.018252134
1356942109465,0.1984733,0.059785903,0.9782812,0.8986649,0.3872604,-0.20598751,-0.39116472,0.92002994,0.023133397
1356942109508,0.28257906,0.096975714,0.9543294,0.8742578,0.38337004,-0.29782635,-0.39474317,0.9184895,0.02355063
1356942109547,0.3676917,0.13590819,0.9199629,0.84199166,0.3713084,-0.39138234,-0.39478204,0.9185091,0.022093445
1356942109587,0.44041395,0.16679284,0.8821654,0.808406,0.35374385,-0.47047323,-0.3905322,0.92035073,0.02095741
1356942109627,0.49079517,0.18379006,0.85166967,0.78301203,0.33565953,-0.5236647,-0.38211536,0.92387974,0.020830274
1356942109667,0.51407146,0.18658757,0.837207,0.77337193,0.32132146,-0.54648733,-0.37098032,0.928406,0.02088061
1356942109724,0.5089382,0.17745656,0.84231293,0.7826321,0.31205022,-0.5386201,-0.35842562,0.93334544,0.019931048
1356942109745,0.47302195,0.15864152,0.8666506,0.8102909,0.30790296,-0.49862266,-0.34594658,0.93809843,0.017099082
1356942109786,0.40721828,0.13400194,0.90344715,0.84984744,0.3067537,-0.4285575,-0.3345633,0.94230866,0.0110345185
1356942109821,0.31471777,0.108618855,0.94295,0.8915615,0.30703878,-0.33293435,-0.32568517,0.9454782,-2.0983815E-4
1356942109862,0.2175061,0.096941054,0.971233,0.9214074,0.30789864,-0.23707986,-0.3220241,0.94646764,-0.022352397
1356942109903,0.12497276,0.10607731,0.9864732,0.9368254,0.3147887,-0.15253285,-0.3267109,0.9432156,-0.060035884
1356942109946,0.05292122,0.14530694,0.98797023,0.9377762,0.332776,-0.09917593,-0.34318376,0.9317435,-0.11865449
1356942109985,-0.01126565,0.19854519,0.98002696,0.9302337,0.36159515,-0.06256288,-0.36679456,0.91094935,-0.18876708
1356942110026,-0.06648065,0.25534853,0.9645608,0.9176965,0.39512444,-0.04135081,-0.39168042,0.88242495,-0.26060057
1356942110065,-0.1244169,0.29526234,0.94728065,0.90371776,0.4278773,-0.0146718025,-0.4096519,0.8542489,-0.32006902
1356942110108,-0.18924995,0.30542427,0.9332205,0.88875,0.45737356,0.030542523,-0.41750193,0.8351799,-0.35800374
1356942110145,-0.258892,0.2831114,0.923484,0.8709317,0.48184776,0.0964399,-0.41767544,0.8292591,-0.3713172
1356942110185,-0.32745135,0.2330009,0.91568893,0.84921706,0.49745953,0.17710015,-0.41425365,0.8356103,-0.36076212
1356942110236,-0.39492777,0.14703643,0.9068695,0.822841,0.4956449,0.27797267,-0.40861315,0.8559885,-0.31673157
1356942110277,-0.43711266,0.071172714,0.8965863,0.8040802,0.4775624,0.35410342,-0.4029734,0.87571037,-0.26597708
1356942110317,-0.4606541,0.004845351,0.88756657,0.79379463,0.44963798,0.40953112,-0.39709938,0.8931978,-0.2109738
1356942110357,-0.4663168,-0.048370987,0.88329434,0.79361904,0.41822627,0.44187748,-0.39079094,0.90705407,-0.15663779
1356942110425,-0.45676798,-0.08855891,0.8851669,0.8020358,0.38946015,0.45283484,-0.38483977,0.91677594,-0.106865525
1356942110437,-0.4345283,-0.118077785,0.8928845,0.8161186,0.36771595,0.44579753,-0.38096663,0.9224113,-0.063417494
1356942110475,-0.39902693,-0.13605964,0.9067884,0.8345867,0.35571927,0.4206291,-0.37979275,0.9246359,-0.028388023
1356942110515,-0.3552615,-0.14431682,0.9235593,0.85334945,0.35321665,0.38344836,-0.38155457,0.92434335,-0.002331555
1356942110564,-0.29963923,-0.13854936,0.94393873,0.87258315,0.3602593,0.32986653,-0.38576543,0.922506,0.012948036
1356942110607,-0.2232458,-0.114810824,0.9679772,0.8934461,0.37297046,0.25029424,-0.3897634,0.9207126,0.019313157
1356942110644,-0.13674685,-0.0798561,0.98738205,0.9095647,0.38472894,0.15708521,-0.39241862,0.9195688,0.020023823
1356942110684,-0.04624918,-0.039252877,0.99815834,0.918529,0.39108506,0.0579392,-0.39263913,0.91951704,0.017967522
1356942110724,0.04445529,0.0011011958,0.9990108,0.91995716,0.38983023,-0.041367114,-0.38949016,0.9208861,0.01631701
1356942110767,0.12859756,0.035496444,0.9910614,0.91494894,0.38124144,-0.13237616,-0.38253254,0.9237938,0.01654929
1356942110807,0.20077361,0.0609982,0.97773683,0.90626335,0.36742038,-0.20901927,-0.37199023,0.92805254,0.01848787
1356942110847,0.25855494,0.07794964,0.96284634,0.8965583,0.3517093,-0.26922795,-0.35962826,0.9328581,0.021049798
1356942110888,0.30112082,0.08751997,0.94956124,0.88834023,0.3362599,-0.3126994,-0.3466668,0.9376937,0.023507357
1356942110927,0.3292296,0.09216052,0.9397417,0.8828176,0.3230673,-0.34097,-0.33502382,0.94187784,0.02500236
1356942110968,0.3457234,0.09600589,0.9334121,0.87992835,0.3123079,-0.3580361,-0.3258855,0.9451173,0.023493856
1356942111007,0.35327512,0.105653435,0.9295343,0.87860894,0.30379343,-0.36845064,-0.32131445,0.9468616,0.014494628
1356942111048,0.35613194,0.13096967,0.92521185,0.87631214,0.29694352,-0.37934366,-0.32441813,0.94587076,-0.009019196
1356942111088,0.3564483,0.17879945,0.91704714,0.8713029,0.29073513,-0.39535338,-0.33730677,0.93994886,-0.05215645
1356942111127,0.35431755,0.24830422,0.9015565,0.8633939,0.2834444,-0.41738486,-0.35917953,0.92628515,-0.11395502
1356942111167,0.3487682,0.32919514,0.8774914,0.85425556,0.27345374,-0.44212034,-0.38549715,0.90379953,-0.18584484
1356942111209,0.33966225,0.40308404,0.84979576,0.8473531,0.26097733,-0.46247545,-0.4081939,0.8771626,-0.25291038
1356942111248,0.32957786,0.45609856,0.8266514,0.845083,0.24788582,-0.4736954,-0.42096692,0.85470855,-0.30374342
1356942111286,0.32184207,0.4830106,0.8143208,0.846675,0.23810929,-0.47586274,-0.42374408,0.84261775,-0.33231944
1356942111326,0.3177346,0.48354927,0.81561315,0.85055566,0.23480487,-0.47055486,-0.4190464,0.84323597,-0.33667994
1356942111366,0.31937835,0.46281952,0.8269193,0.8540048,0.23761788,-0.46283206,-0.41069853,0.85401154,-0.31936008
1356942111421,0.32761112,0.42664754,0.84299636,0.8555927,0.24451765,-0.45625883,-0.40078917,0.870737,-0.2849298
1356942111447,0.34268913,0.3803227,0.859022,0.85478127,0.25313398,-0.4530698,-0.38976038,0.88953805,-0.23834646
1356942111488,0.36485612,0.32987705,0.8706671,0.8511379,0.26089478,-0.45551983,-0.37741804,0.90725696,-0.1855818
1356942111527,0.39375377,0.2812844,0.8751212,0.8440928,0.26630694,-0.4653901,-0.36395782,0.9219326,-0.1325708
1356942111568,0.42897528,0.2398969,0.8708787,0.8323791,0.26952183,-0.4842552,-0.35089216,0.9326347,-0.08406693
1356942111605,0.4701607,0.20965841,0.8573169,0.8141625,0.2719669,-0.5130044,-0.3407175,0.9391898,-0.042827815
1356942111648,0.5176561,0.19368523,0.8333776,0.7870325,0.2742404,-0.5526048,-0.33557716,0.9419545,-0.010474354
1356942111686,0.5702142,0.19363987,0.7983479,0.74930316,0.2757751,-0.6020738,-0.33674997,0.94151556,0.01215592
1356942111727,0.62705016,0.20975369,0.75020766,0.6989204,0.27377018,-0.660727,-0.34397444,0.9386444,0.025066465
1356942111767,0.6842352,0.23831287,0.68922365,0.6368227,0.2652753,-0.7239378,-0.35535777,0.934257,0.029747635
1356942111807,0.7365241,0.27167362,0.61945593,0.5678855,0.24917239,-0.78448653,-0.36747563,0.9295733,0.029241964
1356942111848,0.7796842,0.30089444,0.54914033,0.5002854,0.22806615,-0.83528465,-0.37657285,0.92598516,0.027286485
1356942111886,0.81229484,0.31977156,0.48777378,0.44248268,0.20698288,-0.87256354,-0.37998182,0.9246103,0.026637733
1356942111927,0.8352269,0.32667258,0.4423584,0.40046498,0.18995693,-0.8964062,-0.37686035,0.9258517,0.027836233
1356942111967,0.84964925,0.32319224,0.4167048,0.3776524,0.17861715,-0.90855634,-0.36806896,0.9293238,0.02970761
1356942112007,0.8557653,0.3126562,0.4122037,0.37533912,0.17315555,-0.9105699,-0.35607067,0.9339503,0.030828401
1356942112046,0.8527236,0.29774743,0.42919576,0.3938656,0.1732203,-0.9026985,-0.3431216,0.9387977,0.03043656
1356942112087,0.8382716,0.28010124,0.4678076,0.4334696,0.17811874,-0.88339,-0.33076394,0.94330114,0.027896509
1356942112130,0.80993843,0.26230627,0.52459043,0.4914449,0.18467298,-0.8511039,-0.32012755,0.94714904,0.020664677
1356942112174,0.7647899,0.25028765,0.5936771,0.5627601,0.18912417,-0.80469435,-0.31368375,0.94951993,0.003788352
1356942112210,0.7074443,0.25431907,0.65942734,0.632806,0.18760833,-0.75123876,-0.31476837,0.9487491,-0.02821219
1356942112249,0.6473526,0.28249416,0.7079065,0.68895686,0.18036881,-0.70200104,-0.32599542,0.94215924,-0.07786408
1356942112287,0.5919379,0.33617944,0.732525,0.7268196,0.17015558,-0.6654175,-0.3483429,0.9262994,-0.14362028
1356942112333,0.54061776,0.4048224,0.7374627,0.75142556,0.16180003,-0.6396721,-0.3782751,0.8999664,-0.21672192
1356942112375,0.4869716,0.4652265,0.7392043,0.7736833,0.1629714,-0.61225355,-0.40530574,0.8700601,-0.28057557
1356942112439,0.43150225,0.50368905,0.74840033,0.7970159,0.17575583,-0.5778196,-0.4225771,0.84581745,-0.32560915
1356942112451,0.3617069,0.5094453,0.7807903,0.82801235,0.2093342,-0.5201679,-0.4284432,0.83465236,-0.3461094
1356942112495,0.28892976,0.48334706,0.8263747,0.8576398,0.2528867,-0.4477747,-0.42540973,0.8381073,-0.3414712
1356942112534,0.21547097,0.4302983,0.87659323,0.8829007,0.2976783,-0.36314446,-0.41720322,0.85219187,-0.31576967
1356942112576,0.14686179,0.35749835,0.92229414,0.9021482,0.33397597,-0.27310908,-0.40566015,0.8721553,-0.2734682
1356942112615,0.08979988,0.27542454,0.9571192,0.91570693,0.3551041,-0.18810064,-0.3916845,0.8933322,-0.22031987
1356942112658,0.049531296,0.19506365,0.9795391,0.9252661,0.3603204,-0.118540466,-0.37607092,0.91220576,-0.16263866
1356942112697,0.028060675,0.12474334,0.9917922,0.93249035,0.3541625,-0.07092786,-0.36010337,0.9268269,-0.10638386
1356942112738,0.024746329,0.06912997,0.9973006,0.9378996,0.343695,-0.047096312,-0.34602305,0.93653333,-0.056331813
1356942112777,0.037646443,0.029750288,0.9988481,0.9408203,0.33584264,-0.04546228,-0.3368083,0.9414481,-0.015346408
1356942112818,0.06527597,0.006900102,0.9978434,0.9401742,0.33466363,-0.06381759,-0.3343822,0.94231236,0.015358269
1356942112856,0.10446197,-8.371472E-5,0.9945289,0.9348154,0.34129828,-0.09816116,-0.3394228,0.93995506,0.035730958
1356942112896,0.15484682,0.008802801,0.9878993,0.9238105,0.35310867,-0.14794776,-0.3501382,0.9355409,0.046545625
1356942112937,0.21393187,0.03175357,0.9763323,0.90673697,0.36536342,-0.21056506,-0.36340234,0.9303231,0.049370766
1356942112976,0.27764815,0.06404117,0.9585458,0.88443005,0.37253624,-0.2810695,-0.37509307,0.9258052,0.046794057
1356942113017,0.3395564,0.097736746,0.93549395,0.85978615,0.37104893,-0.35084248,-0.38140425,0.9234556,0.041959345
1356942113058,0.39255488,0.124360055,0.9112822,0.8376132,0.36089617,-0.4100708,-0.37987468,0.9242773,0.037505925
1356942113097,0.43179524,0.13970295,0.89108694,0.82173884,0.3463964,-0.45249856,-0.37188467,0.92762744,0.034772962
1356942113138,0.45445275,0.14298227,0.87922055,0.815506,0.33030504,-0.47523534,-0.35836118,0.9329816,0.03350514
1356942113177,0.45900837,0.13722235,0.8777707,0.8195299,0.31609657,-0.47796834,-0.34304827,0.93875074,0.032633156
1356942113220,0.44713277,0.12561882,0.8856028,0.8325508,0.30351317,-0.46339932,-0.32700378,0.94451034,0.031126648
1356942113267,0.41564488,0.11098221,0.90273046,0.8543272,0.29286802,-0.4293639,-0.3120326,0.94969004,0.02691403
1356942113307,0.3640359,0.09744489,0.92627335,0.88148135,0.28511983,-0.37642705,-0.3007798,0.95352566,0.017897964
1356942113346,0.30902147,0.09775528,0.94601774,0.9037032,0.27977413,-0.32410923,-0.29635474,0.9550761,-0.0018855929
1356942113388,0.25349694,0.1192202,0.9599614,0.91893727,0.28029037,-0.27747372,-0.30214837,0.95248306,-0.03850311
1356942113428,0.20003664,0.1657874,0.96566033,0.9262571,0.2893163,-0.24154493,-0.31942633,0.9427675,-0.095687866
1356942113463,0.14441638,0.22477633,0.96364903,0.92858475,0.30567372,-0.21046156,-0.34186897,0.9252239,-0.16457957
1356942113509,0.08773948,0.28268006,0.95519304,0.9280933,0.3251329,-0.1814701,-0.36186266,0.90243036,-0.23382646
1356942113548,0.026292428,0.31913462,0.94734454,0.92743623,0.34586978,-0.142254,-0.37305602,0.88234186,-0.28688323
1356942113588,-0.035291612,0.32728913,0.9442649,0.92625475,0.36548197,-0.09206024,-0.37524208,0.8713809,-0.31605154
1356942113627,-0.094918534,0.30743223,0.9468241,0.9232231,0.38294715,-0.03178978,-0.37235677,0.87111247,-0.32017732
1356942113667,-0.14833067,0.26535764,0.95267165,0.9179106,0.3954314,0.032774776,-0.36801922,0.87932885,-0.30222917
1356942113706,-0.1914317,0.20873311,0.9590539,0.9114388,0.40036756,0.094789594,-0.3641883,0.8922647,-0.26689053
1356942113748,-0.2209917,0.14600778,0.9642844,0.9058486,0.39710233,0.14747208,-0.36138752,0.9060858,-0.22001725
1356942113786,-0.23545632,0.08500329,0.9681605,0.90304697,0.38736925,0.18561023,-0.3592581,0.91799754,-0.16797048
1356942113828,-0.23498523,0.031596214,0.97148526,0.90377927,0.37493497,0.2064141,-0.35772184,0.9265125,-0.11666018
1356942113866,-0.22092733,-0.011218488,0.9752257,0.90725255,0.36456713,0.20972258,-0.35788798,0.9311095,-0.07036477
1356942113907,-0.19477862,-0.042055815,0.9799453,0.9118928,0.36021686,0.19671142,-0.3612657,0.9319202,-0.03181213
1356942113946,-0.1586861,-0.060676575,0.98546284,0.91588926,0.3637148,0.16987741,-0.36873502,0.92953205,-0.0021434426
1356942113995,-0.11255506,-0.06485778,0.99152654,0.9179794,0.37515113,0.12874556,-0.38032252,0.9246919,0.017312884
1356942114038,-0.05182907,-0.05229503,0.9972859,0.9190182,0.3882847,0.06812206,-0.39079338,0.92005455,0.027935624
1356942114079,0.011401147,-0.028902948,0.99951726,0.9172912,0.39821574,0.001051873,-0.39805394,0.9168364,0.03105247
1356942114117,0.075668424,-3.3539534E-4,0.997133,0.9130808,0.40187195,-0.06915483,-0.40069655,0.9156958,0.030715287
1356942114158,0.1344579,0.026377916,0.9905682,0.9078083,0.3974663,-0.13380843,-0.39724714,0.9172376,0.029496372
1356942114196,0.18527298,0.046780556,0.981573,0.90288746,0.3861853,-0.18882617,-0.38790247,0.92123425,0.029312074
1356942114237,0.22546558,0.059135616,0.97245467,0.899529,0.37072825,-0.23110184,-0.3741828,0.92685676,0.03039223
1356942114277,0.25397885,0.06442255,0.9650619,0.898408,0.3538807,-0.2600605,-0.35827053,0.93306917,0.032000482
1356942114317,0.2710582,0.06464666,0.9603896,0.89957875,0.33797282,-0.27664503,-0.34246978,0.938933,0.03345555
1356942114377,0.2778675,0.061782926,0.95863056,0.9028044,0.32418108,-0.282579,-0.32822844,0.9439754,0.03430146
1356942114447,0.27622855,0.058726937,0.9592961,0.9075979,0.31241626,-0.28046784,-0.31617078,0.9481282,0.032997787
1356942114451,0.26761737,0.060017586,0.9616542,0.913181,0.30259588,-0.27301306,-0.30737817,0.95122737,0.026172996
1356942114471,0.2546087,0.07333994,0.96425915,0.918,0.29518324,-0.2648453,-0.30405688,0.95262176,0.007830143
1356942114513,0.23654047,0.10859817,0.9655335,0.920842,0.29199645,-0.25843388,-0.30999777,0.9502339,-0.030932724
1356942114556,0.2096451,0.16327131,0.96404946,0.92226696,0.29446363,-0.25042927,-0.3247654,0.94161224,-0.08884686
1356942114596,0.17308606,0.23196599,0.95720065,0.92225826,0.30291218,-0.24017468,-0.34566012,0.92435706,-0.16150266
1356942114646,0.12746866,0.30578107,0.94353044,0.9214166,0.31555802,-0.22674778,-0.3670738,0.8982879,-0.24152803
1356942114688,0.08187339,0.35333765,0.9319062,0.921872,0.3284891,-0.20554042,-0.37874624,0.8759266,-0.2988376
1356942114726,0.048153535,0.3717909,0.92706674,0.92342734,0.33722156,-0.18320385,-0.38074034,0.8649007,-0.3270834
1356942114766,0.032378227,0.36588177,0.93009794,0.9257406,0.33982274,-0.16590595,-0.37677038,0.8664012,-0.32770878
1356942114806,0.037084043,0.3419494,0.9389863,0.92818457,0.33636868,-0.15915236,-0.3702676,0.87745464,-0.30491823
1356942114846,0.062286794,0.30701873,0.94966304,0.92943764,0.32887936,-0.1672844,-0.36368403,0.89307225,-0.26486987
1356942114886,0.1053326,0.26788232,0.95767635,0.9276935,0.32039452,-0.19165593,-0.35817546,0.9086178,-0.21476471
1356942114926,0.16109028,0.23019964,0.95971763,0.921388,0.3134041,-0.22983018,-0.35368624,0.92129576,-0.1616168
1356942114966,0.22280686,0.19807896,0.954527,0.9098644,0.30928838,-0.27656373,-0.3500056,0.93011045,-0.1113134
1356942115006,0.28356594,0.17342219,0.94314104,0.89363337,0.30898464,-0.3254961,-0.34786433,0.935122,-0.067358315
1356942115046,0.33792695,0.15683377,0.92801327,0.87423,0.31291273,-0.3712244,-0.34860772,0.93674374,-0.031367123
1356942115088,0.38257343,0.14830074,0.91194546,0.8538071,0.320428,-0.41029173,-0.35305944,0.93559223,-0.004033029
1356942115127,0.41652954,0.14734972,0.8971016,0.8344019,0.32980716,-0.44158888,-0.3609385,0.9324781,0.014425546
1356942115166,0.44063458,0.15288988,0.88457096,0.81732154,0.33919242,-0.46576166,-0.37125,0.92820966,0.024499714
1356942115206,0.45747823,0.16268796,0.8742118,0.80314803,0.34636986,-0.48474854,-0.38166332,0.9238834,0.027794182
1356942115245,0.47081015,0.17339167,0.86502784,0.79201674,0.3488659,-0.5010012,-0.3886482,0.9209929,0.026920497
1356942115286,0.4843152,0.18180001,0.8557964,0.78349024,0.34516993,-0.5167211,-0.3893351,0.9207641,0.0247325
1356942115329,0.5005849,0.1858697,0.8454982,0.77657855,0.33517534,-0.5334635,-0.38254485,0.92363954,0.023441285
1356942115367,0.5196359,0.1867573,0.8337266,0.76939285,0.32201502,-0.55167097,-0.37150103,0.9281314,0.023640841
1356942115432,0.53976333,0.18463185,0.82132006,0.7621392,0.30714655,-0.5699165,-0.35749042,0.9335803,0.025071234
1356942115449,0.5586639,0.18047443,0.8095206,0.75538146,0.29231918,-0.5864711,-0.34248137,0.9391371,0.026981175
1356942115488,0.5725489,0.1747531,0.80103004,0.7513095,0.2792878,-0.59793997,-0.3282098,0.9441714,0.028612256
