1356942753531,-0.6761582,0.39462212,-0.6221604,0.537341,-0.31360507,-0.78288984,-0.5040583,-0.86366963,0.0
1356942753553,0.33988822,-0.19833621,-0.91931427,0.79397917,-0.46339607,0.39352417,-0.5040567,-0.8636706,-2.8043985E-5
1356942753583,0.3397649,-0.19814223,-0.91940176,0.79403895,-0.46346694,0.39331985,-0.5040456,-0.863677,-1.3711303E-4
1356942753615,0.3393479,-0.1975202,-0.91968954,0.79425293,-0.46367162,0.39264616,-0.50398946,-0.8637097,-4.650429E-4
1356942753655,0.33795846,-0.19543672,-0.9206458,0.79501635,-0.46426278,0.39039612,-0.5037193,-0.8638661,-0.0015261769
1356942753696,0.3344651,-0.19083408,-0.92288435,0.79690003,-0.46548772,0.38506037,-0.50307393,-0.8642358,-0.0036137402
1356942753734,0.32817936,-0.18329975,-0.9266604,0.8001869,-0.4673816,0.37583968,-0.5019953,-0.8648443,-0.0067109987
1356942753776,0.31917906,-0.17367649,-0.9316444,0.8046397,-0.46970177,0.36322907,-0.5006793,-0.86557317,-0.010172017
1356942753818,0.30840945,-0.16342798,-0.9371099,0.80963194,-0.47206694,0.34878203,-0.49937934,-0.86628175,-0.013273425
1356942753857,0.29679668,-0.15380123,-0.9424739,0.81462896,-0.4742102,0.33392254,-0.49828842,-0.8668736,-0.015453063
1356942753896,0.28511703,-0.14546242,-0.9473907,0.8193023,-0.4759897,0.31965238,-0.49744558,-0.86733764,-0.016535074
1356942753938,0.27441937,-0.1390445,-0.9515044,0.82333744,-0.47722906,0.30719328,-0.49679917,-0.86770904,-0.016480327
1356942753977,0.26523805,-0.13491672,-0.95469695,0.8265993,-0.47792482,0.29718918,-0.49636918,-0.8679777,-0.015241742
1356942754015,0.25795102,-0.1332258,-0.95692855,0.82896173,-0.47822762,0.2900361,-0.49626988,-0.8680723,-0.01292026
1356942754057,0.25309843,-0.13437533,-0.9580629,0.83023715,-0.47820538,0.2864016,-0.49663615,-0.86790717,-0.009469628
1356942754098,0.25041032,-0.13778904,-0.9582844,0.8305795,-0.47798973,0.28576848,-0.4974258,-0.86749065,-0.0052488446
1356942754135,0.2491718,-0.14218709,-0.95796466,0.83036065,-0.4777013,0.28688473,-0.49841222,-0.8669397,-9.6316636E-4
1356942754178,0.25244737,-0.14819068,-0.9561955,0.82884276,-0.47679722,0.2927184,-0.49928948,-0.8664317,0.0024605691
1356942754218,0.24944729,-0.14848122,-0.95693755,0.82941127,-0.47730827,0.29026526,-0.49985313,-0.8661006,0.0040887
1356942754256,0.2460292,-0.14570713,-0.9582479,0.83031124,-0.47836494,0.28591976,-0.5000528,-0.8659886,0.0032905787
1356942754296,0.24180311,-0.13942847,-0.9602556,0.83165205,-0.48004776,0.2791219,-0.49988613,-0.86609113,-1.21086836E-4
1356942754336,0.23668593,-0.13015094,-0.9628294,0.8334249,-0.482157,0.2700511,-0.49938232,-0.8663633,-0.005648762
1356942754376,0.23082685,-0.11905268,-0.96568394,0.8355156,-0.48436683,0.25942713,-0.49863073,-0.8667268,-0.0123345405
1356942754416,0.22462946,-0.10765976,-0.9684787,0.83771706,-0.48635834,0.248366,-0.49776673,-0.86710143,-0.019062012
1356942754456,0.2187208,-0.0975042,-0.97090375,0.8397744,-0.48790336,0.23817885,-0.4969307,-0.86743486,-0.024833068
1356942754496,0.21374023,-0.08970916,-0.9727628,0.84147424,-0.48890716,0.22998041,-0.49622202,-0.8677109,-0.029011205
1356942754535,0.21011275,-0.08474213,-0.97399765,0.84271234,-0.48938125,0.22436997,-0.49566978,-0.8679428,-0.03141199
1356942754575,0.20795697,-0.08241606,-0.9746596,0.8434819,-0.48942882,0.22135386,-0.49526972,-0.86813986,-0.03226362
1356942754601,0.2068556,-0.08145714,-0.97497463,0.84391475,-0.4893241,0.21993124,-0.4949936,-0.8682895,-0.0324765
1356942754633,0.2067523,-0.08151594,-0.97499156,0.84402156,-0.4891643,0.21987686,-0.49485454,-0.868374,-0.032334626
1356942754714,0.21218926,-0.08603445,-0.9734341,0.84218454,-0.48916364,0.22681296,-0.49568227,-0.8679384,-0.031338394
1356942754755,0.21974516,-0.09149879,-0.971257,0.839649,-0.48915207,0.23605046,-0.49669063,-0.86738586,-0.030661955
1356942754795,0.2307446,-0.098781526,-0.9679871,0.8358846,-0.48909432,0.2491658,-0.49805003,-0.8666192,-0.03028588
1356942754834,0.2451052,-0.10794234,-0.9634687,0.8307787,-0.48886347,0.26611897,-0.4997301,-0.8656564,-0.030146778
1356942754915,0.28074288,-0.12973699,-0.9509741,0.8174299,-0.4869287,0.30774793,-0.50298285,-0.8637527,-0.030650869
1356942754952,0.30029005,-0.14177501,-0.9432527,0.8090199,-0.48599213,0.330603,-0.50528467,-0.86238706,-0.031239748
1356942754993,0.30008382,-0.14137849,-0.94337785,0.8082651,-0.48754013,0.33016992,-0.5066135,-0.8615781,-0.032031603
1356942755034,0.33239615,-0.1600186,-0.9294659,0.79524374,-0.48227233,0.3674245,-0.5070504,-0.86128247,-0.03305167
1356942755073,0.3560816,-0.17294243,-0.91831195,0.7851031,-0.47758257,0.39437047,-0.5067731,-0.8613976,-0.034280747
1356942755112,0.37320453,-0.18140918,-0.9098401,0.7776139,-0.47371083,0.41341826,-0.50599897,-0.8617939,-0.035724737
1356942755154,0.37152886,-0.17799139,-0.9111999,0.7791093,-0.47399902,0.41026044,-0.50493073,-0.86234796,-0.03742958
1356942755193,0.38563162,-0.18375376,-0.9041697,0.77301097,-0.47067428,0.42534673,-0.5037285,-0.8629602,-0.039463222
1356942755234,0.39418805,-0.18569934,-0.90007305,0.76947194,-0.46882987,0.43371817,-0.50252235,-0.86354744,-0.0419167
1356942755275,0.39835942,-0.18451971,-0.89847773,0.76801497,-0.4684341,0.43671793,-0.5014606,-0.86401504,-0.04489124
1356942755314,0.39910734,-0.1809218,-0.89887744,0.7680756,-0.4694497,0.4355191,-0.50077266,-0.8642247,-0.048399173
1356942755354,0.39735335,-0.17586648,-0.900656,0.76897883,-0.4717844,0.43138266,-0.5007812,-0.86399674,-0.052227497
1356942755395,0.39412272,-0.1706982,-0.90306675,0.7699311,-0.47524542,0.4258499,-0.50187004,-0.8631362,-0.055879198
1356942755435,0.39057928,-0.16699097,-0.90529656,0.7700534,-0.47961384,0.42069983,-0.5044458,-0.8614433,-0.05873525
1356942755476,0.38780344,-0.1660305,-0.9066655,0.7686157,-0.4846791,0.41751155,-0.50876147,-0.8587898,-0.060346574
1356942755515,0.3865503,-0.16837198,-0.90676886,0.7652645,-0.4901796,0.41724604,-0.51473206,-0.85520464,-0.06063003
1356942755583,0.38767624,-0.174954,-0.9050405,0.7592483,-0.49616814,0.4211404,-0.5227324,-0.85041654,-0.059519075
1356942755601,0.39009374,-0.18234766,-0.9025387,0.7529351,-0.5010463,0.42666298,-0.5300147,-0.8459917,-0.05815906
1356942755631,0.3933161,-0.18938404,-0.8996867,0.74706274,-0.50455815,0.43280298,-0.53591025,-0.8423508,-0.056969076
1356942755675,0.39687896,-0.19563127,-0.8967806,0.7419139,-0.5068708,0.4389143,-0.5404173,-0.8395299,-0.056024827
1356942755714,0.40210712,-0.20205045,-0.8930204,0.73664814,-0.5078388,0.44659734,-0.54374564,-0.8374218,-0.055365473
1356942755755,0.40924513,-0.20919874,-0.88811845,0.7308178,-0.50761044,0.45633006,-0.54628175,-0.8358036,-0.05485096
1356942755795,0.41885722,-0.21813941,-0.8814612,0.72371805,-0.5060968,0.46914622,-0.548444,-0.8344346,-0.054110833
1356942755834,0.43145806,-0.23017111,-0.8722758,0.71453154,-0.50306594,0.48617837,-0.5507165,-0.83303416,-0.052587334
1356942755876,0.44729966,-0.24642733,-0.8597654,0.7024919,-0.4981702,0.50826323,-0.5535594,-0.8313242,-0.049718138
1356942755916,0.46612355,-0.26715946,-0.8434184,0.6873701,-0.49083146,0.53535664,-0.5570019,-0.829283,-0.04515067
1356942755956,0.48695043,-0.29098308,-0.8235339,0.67007935,-0.4803292,0.5659306,-0.5602436,-0.8274132,-0.038914736
1356942755997,0.50806105,-0.3148704,-0.80170476,0.6528522,-0.46636814,0.59689593,-0.56183445,-0.8266543,-0.03137964
1356942756035,0.52737296,-0.33523875,-0.78070015,0.63861257,-0.44966444,0.6244804,-0.56040317,-0.82789904,-0.02305317
1356942756076,0.5429046,-0.34939453,-0.7636609,0.62992597,-0.43194786,0.64545655,-0.5553807,-0.8314712,-0.014413772
1356942756116,0.552987,-0.35641617,-0.7531089,0.6284362,-0.4150562,0.6578727,-0.5470589,-0.83707595,-0.0055359006
1356942756156,0.5563289,-0.35723048,-0.7502564,0.63462156,-0.4001958,0.66113454,-0.5364268,-0.8439371,0.0040656626
1356942756196,0.552019,-0.35395932,-0.7549754,0.6480422,-0.38764185,0.6555724,-0.52470595,-0.8511443,0.015394868
1356942756236,0.5395024,-0.34915596,-0.76617706,0.66753966,-0.37721652,0.64194906,-0.513155,-0.85778666,0.029566228
1356942756276,0.51889,-0.34553486,-0.7818943,0.6911934,-0.3686091,0.6215937,-0.5029957,-0.86297905,0.04756391
1356942756316,0.49105072,-0.34585306,-0.7995341,0.7165768,-0.36154336,0.59649295,-0.49536526,-0.86583596,0.07029423
1356942756356,0.45765284,-0.35284644,-0.81612086,0.7411745,-0.3556244,0.56937814,-0.4911356,-0.8654655,0.09876832
1356942756396,0.42156672,-0.36968908,-0.8280166,0.7623683,-0.34992623,0.5443768,-0.49099487,-0.8607448,0.13432202
1356942756436,0.38691306,-0.40017718,-0.83075655,0.7775479,-0.3427204,0.52722096,-0.49569905,-0.84994173,0.17855394
1356942756476,0.35712653,-0.44591868,-0.82074183,0.78552437,-0.3320433,0.5222055,-0.5053831,-0.8312062,0.23169857
1356942756516,0.33427393,-0.5045684,-0.79603493,0.78685576,-0.31549537,0.5303967,-0.51876676,-0.80366254,0.29156065
1356942756577,0.31743366,-0.56837755,-0.7590671,0.7842191,-0.2926898,0.54711354,-0.5331382,-0.7689471,0.35282293
1356942756597,0.30399704,-0.62734747,-0.7169525,0.7807802,-0.2671427,0.5648159,-0.5458645,-0.73148465,0.40860993
1356942756636,0.29117364,-0.6736329,-0.6792912,0.7788034,-0.24546218,0.5772465,-0.5555926,-0.6971132,0.45315558
1356942756676,0.27684605,-0.7036264,-0.6544205,0.7793273,-0.23400307,0.5812844,-0.56214345,-0.67093396,0.48357245
1356942756716,0.2597214,-0.71687996,-0.64701456,0.78230023,-0.23662776,0.5762062,-0.5661723,-0.65581274,0.49935812
1356942756756,0.2385462,-0.7131895,-0.65913314,0.7870724,-0.25560212,0.56141293,-0.56886965,-0.6527084,0.5003589
1356942756796,0.21181643,-0.69080216,-0.6913222,0.792975,-0.2919863,0.53472877,-0.5712483,-0.6614655,0.4859412
1356942756836,0.17895329,-0.6471174,-0.7410904,0.79945433,-0.34339797,0.49290043,-0.5734533,-0.680674,0.45588848
1356942756876,0.1413697,-0.58055353,-0.8018555,0.806059,-0.40272182,0.43368644,-0.5747029,-0.707653,0.41102773
1356942756916,0.10342026,-0.4939258,-0.8633317,0.81250954,-0.45869547,0.35975915,-0.57370067,-0.7386716,0.35388106
1356942756956,0.072249055,-0.39739546,-0.91479886,0.8188747,-0.49999171,0.2818733,-0.569407,-0.76947075,0.2892931
1356942756996,0.05482769,-0.30542177,-0.9506374,0.82540625,-0.52188194,0.21527585,-0.5618704,-0.79646516,0.22348347
1356942757036,0.056087792,-0.23117256,-0.97129476,0.8316605,-0.52746254,0.17356303,-0.5524446,-0.81752217,0.16267286
1356942757076,0.07814473,-0.18206155,-0.98017704,0.83596385,-0.5237294,0.16392669,-0.54319227,-0.83220255,0.11127019
1356942757116,0.12156397,-0.16017398,-0.9795746,0.8354269,-0.51640546,0.18811479,-0.53598887,-0.841231,0.07103737
1356942757156,0.18641597,-0.16470441,-0.96856683,0.82613957,-0.5072844,0.24526712,-0.53173536,-0.845893,0.041502878
1356942757196,0.27096522,-0.19323668,-0.9429939,0.8032708,-0.49441397,0.33213088,-0.5304092,-0.8474753,0.021252386
1356942757236,0.37273955,-0.24284431,-0.89559585,0.7607651,-0.4726541,0.4447862,-0.53132075,-0.84712744,0.008570552
1356942757282,0.48244542,-0.30633238,-0.8206137,0.6944835,-0.43715322,0.57148033,-0.53379685,-0.8456108,0.0018402003
1356942757321,0.588125,-0.37350413,-0.7173588,0.60526794,-0.38503835,0.6967038,-0.5364324,-0.84394324,-3.8057473E-4
1356942757351,0.6832224,-0.4337471,-0.5874271,0.49468875,-0.31679183,0.809275,-0.5371128,-0.8435084,-0.0018694699
1356942757385,0.74414605,-0.46863556,-0.47605398,0.40072644,-0.25701696,0.87940925,-0.53447634,-0.8451764,-0.0034635067
1356942757411,0.782585,-0.48380095,-0.39178744,0.33017153,-0.2109812,0.92004013,-0.527776,-0.84936666,-0.0053734477
1356942757453,0.8074776,-0.48055798,-0.34211677,0.29007685,-0.18152367,0.93963003,-0.513649,-0.85797036,-0.0071775625
1356942757495,0.8251059,-0.46901196,-0.31500462,0.27037168,-0.16177635,0.9490666,-0.49608395,-0.86824876,-0.0066750357
1356942757535,0.83587086,-0.45585418,-0.30580518,0.26767242,-0.14788787,0.9520927,-0.4792404,-0.87768215,-0.0015955567
1356942757573,0.83891994,-0.4458779,-0.3120997,0.2801503,-0.13786821,0.9500043,-0.46661454,-0.88441235,0.009252429
1356942757615,0.8331654,-0.44133192,-0.33325893,0.30738842,-0.13137852,0.94247127,-0.45972568,-0.88767445,0.026200294
1356942757656,0.8171088,-0.442581,-0.36939847,0.34968483,-0.12891386,0.9279556,-0.45831615,-0.88741374,0.04942721
1356942757696,0.78911394,-0.44993287,-0.41816223,0.40550143,-0.1297576,0.9048379,-0.461376,-0.88358563,0.08005488
1356942757736,0.7486375,-0.4650197,-0.47254476,0.4696225,-0.13115215,0.87307143,-0.4679707,-0.8755317,0.12019831
1356942757776,0.69951713,-0.49140328,-0.5188435,0.531519,-0.12752923,0.83739114,-0.47766444,-0.8615446,0.1719813
1356942757816,0.65043443,-0.532155,-0.54198354,0.58015496,-0.11249614,0.80670005,-0.49026042,-0.8391399,0.23556095
1356942757856,0.6093868,-0.5849717,-0.5352157,0.6112892,-0.08327046,0.7870144,-0.5049488,-0.80676776,0.30684295
1356942757896,0.57855004,-0.64078844,-0.5046484,0.62877,-0.043718934,0.7763613,-0.5195461,-0.7664717,0.37761495
1356942757936,0.5532168,-0.68814504,-0.46947575,0.6418669,-0.0071124732,0.766783,-0.53099704,-0.72553825,0.43776286
1356942757976,0.5257091,-0.7202091,-0.45269057,0.6594871,0.008924723,0.75166285,-0.5373143,-0.6936996,0.47966045
1356942758016,0.48854595,-0.73561436,-0.4692488,0.6862567,-0.008187771,0.72731346,-0.53886425,-0.6773512,0.5008201
1356942758056,0.43463123,-0.7329236,-0.52337235,0.722502,-0.06318158,0.68847585,-0.5376677,-0.67737067,0.5020781
1356942758096,0.3559966,-0.7055438,-0.61275965,0.7657568,-0.1555847,0.62402713,-0.53561455,-0.6913763,0.48488736
1356942758136,0.24690437,-0.6418406,-0.726002,0.80902946,-0.27585226,0.5190152,-0.53339434,-0.71550417,0.45115882
1356942758176,0.11306256,-0.53433853,-0.83767486,0.8399294,-0.39898443,0.36787227,-0.5307876,-0.74518037,0.40369648
1356942758216,-0.022126555,-0.39535546,-0.9182617,0.8493296,-0.49196094,0.19134712,-0.527399,-0.775673,0.34667248
1356942758256,-0.13243157,-0.25351644,-0.958223,0.8419496,-0.53891885,0.026219457,-0.5230515,-0.8033031,0.28481787
1356942758296,-0.20600718,-0.13270834,-0.96950996,0.830189,-0.548189,-0.10136628,-0.51802254,-0.82575864,0.22310387
1356942758336,-0.24506831,-0.041527867,-0.968616,0.82248193,-0.53785247,-0.18503559,-0.5132884,-0.8420155,0.16596654
1356942758376,-0.25649,0.021425009,-0.9663094,0.82081664,-0.52307177,-0.22946903,-0.5103655,-0.8520193,0.11657664
1356942758416,-0.24636227,0.06056544,-0.9672836,0.8238338,-0.5126121,-0.241923,-0.5104934,-0.8564817,0.07639235
1356942758456,-0.2173155,0.07835859,-0.9729511,0.82998997,-0.50974756,-0.22643769,-0.5137028,-0.8567481,0.045739204
1356942758496,-0.16931248,0.07485691,-0.9827155,0.83790255,-0.5140428,-0.18351912,-0.5188955,-0.85449195,0.024311095
1356942758536,-0.101909995,0.049986213,-0.99353707,0.84528136,-0.522241,-0.112977594,-0.524513,-0.85133183,0.010969043
1356942758575,-0.017275453,0.006631434,-0.9998288,0.8487758,-0.5284406,-0.018170416,-0.52847064,-0.84894437,0.0035004616
1356942758613,0.07702571,-0.046187848,-0.99595875,0.845371,-0.5265775,0.0897997,-0.52859706,-0.8488715,-0.0015141517
1356942758655,0.16201252,-0.09229207,-0.9824633,0.836995,-0.51450044,0.18635604,-0.522677,-0.8525089,-0.0061074644
1356942758694,0.22695547,-0.12280586,-0.9661314,0.8293303,-0.49571627,0.2578303,-0.51059014,-0.85975814,-0.010658845
1356942758735,0.26721513,-0.13658217,-0.95390856,0.827242,-0.4751925,0.29977134,-0.4942335,-0.8692167,-0.013992161
1356942758776,0.2844962,-0.13921797,-0.9485148,0.8315205,-0.45656717,0.3164176,-0.47711173,-0.8787291,-0.014129028
1356942758816,0.28257126,-0.13759875,-0.94932604,0.84020925,-0.4419893,0.31415567,-0.46281943,-0.8864039,-0.00928168
1356942758856,0.26470065,-0.13661724,-0.95460427,0.8508521,-0.43280804,0.29787225,-0.45385495,-0.891074,0.0016765445
1356942758896,0.2336644,-0.1392479,-0.96229464,0.8613306,-0.4295388,0.27130437,-0.4511214,-0.89224803,0.019570544
1356942758936,0.19320303,-0.14872518,-0.96982133,0.8696692,-0.43167073,0.23944926,-0.4542556,-0.889686,0.04594159
1356942758976,0.14806968,-0.16983956,-0.9742843,0.8741037,-0.43835288,0.20925906,-0.46262085,-0.88261044,0.08355068
1356942759016,0.10222906,-0.20713025,-0.9729575,0.8734252,-0.44943416,0.18744999,-0.47610685,-0.8689684,0.1349675
1356942759056,0.05715221,-0.2609553,-0.9636576,0.8671814,-0.4653098,0.17743483,-0.49470186,-0.84580684,0.19970213
1356942759096,0.011704624,-0.32394645,-0.946003,0.85601676,-0.4857298,0.1769231,-0.5168155,-0.81186527,0.2716183
1356942759136,-0.036494255,-0.38030165,-0.9241422,0.84199506,-0.5097838,0.17653525,-0.53824943,-0.77168065,0.33881637
1356942759176,-0.08848059,-0.41310108,-0.9063767,0.8275862,-0.5368767,0.16390428,-0.5543215,-0.7356025,0.38937986
1356942759216,-0.1429612,-0.41335976,-0.8992752,0.814132,-0.5657924,0.13064584,-0.5628067,-0.7134514,0.41741562
1356942759256,-0.19635457,-0.38221622,-0.9029705,0.8017049,-0.5927931,0.076588064,-0.56454784,-0.70887744,0.42282218
1356942759296,-0.24456996,-0.32622004,-0.9131079,0.7905843,-0.61231303,0.0070042014,-0.5613928,-0.7201758,0.4076579
1356942759336,-0.28370535,-0.25502706,-0.9243767,0.7821578,-0.6192237,-0.06921804,-0.5547435,-0.74264604,0.37514853
1356942759376,-0.31088853,-0.1793834,-0.9333648,0.77825487,-0.61176366,-0.1416491,-0.54558927,-0.77043283,0.32979637
1356942759416,-0.3249631,-0.10822263,-0.9395142,0.77996695,-0.59248394,-0.20152995,-0.53483695,-0.7982799,0.27694544
1356942759456,-0.32622713,-0.047391683,-0.94410264,0.7870095,-0.56685853,-0.24348992,-0.52363324,-0.8224508,0.22222239
1356942759496,-0.31585467,5.136132E-4,-0.94880754,0.79774606,-0.5412207,-0.26585978,-0.51365083,-0.84088045,0.17053732
1356942759536,-0.29531175,0.035455078,-0.9547429,0.8099731,-0.5206863,-0.26986903,-0.5066898,-0.85301155,0.12504712
1356942759575,-0.2659595,0.058672458,-0.962197,0.8218329,-0.5078963,-0.25813192,-0.5038416,-0.85941774,0.086860895
1356942759613,-0.22685534,0.06843963,-0.97152084,0.8335849,-0.5022195,-0.23002586,-0.50365955,-0.86202765,0.05688092
1356942759655,-0.18111944,0.06564328,-0.9812679,0.84404254,-0.501734,-0.18935496,-0.5047654,-0.86252767,0.03546807
1356942759695,-0.12700826,0.049161762,-0.9906826,0.8534496,-0.5035472,-0.13440269,-0.5054629,-0.86256796,0.021997511
1356942759736,-0.06571615,0.022078842,-0.99759406,0.8611425,-0.5038116,-0.06787783,-0.5040981,-0.86353135,0.014095545
1356942759776,-6.451607E-4,-0.0095078945,-0.9999546,0.8665203,-0.49912423,0.0041867197,-0.49914137,-0.8664782,0.008560821
1356942759816,0.06292564,-0.039165318,-0.9972494,0.86945397,-0.48843342,0.07404426,-0.48998994,-0.87172174,0.0033174753
1356942759856,0.11981654,-0.06324732,-0.9907794,0.87030005,-0.47352338,0.13547459,-0.47772563,-0.8785075,-0.0016917884
1356942759896,0.16632038,-0.08166981,-0.9826838,0.8696858,-0.45753664,0.18522069,-0.46474084,-0.8854321,-0.005070552
1356942759936,0.20048863,-0.096407175,-0.97494096,0.8683489,-0.4432907,0.22240368,-0.4536236,-0.89117837,-0.0051596463
1356942759976,0.22168136,-0.10961357,-0.9689387,0.866976,-0.43266112,0.24729937,-0.44632944,-0.8948683,-8.805692E-4
1356942760016,0.23025084,-0.12310648,-0.9653131,0.86602515,-0.42649806,0.26095954,-0.44382998,-0.89607155,0.008411765
1356942760056,0.2277599,-0.139635,-0.9636532,0.8654449,-0.42451882,0.26606178,-0.4462405,-0.8945869,0.024158046
1356942760096,0.21668977,-0.16402209,-0.9623628,0.8644538,-0.42580998,0.26721781,-0.45361334,-0.8898216,0.04952091
1356942760136,0.19950211,-0.20253626,-0.95873773,0.8616278,-0.42971802,0.27007392,-0.46668664,-0.8799554,0.08878124
1356942760176,0.17664862,-0.25822955,-0.9497962,0.8560912,-0.4358644,0.27772316,-0.48569867,-0.86217153,0.14407319
1356942760216,0.14727902,-0.3278252,-0.9331878,0.8483504,-0.44321495,0.2895893,-0.5085375,-0.83432066,0.21283442
1356942760256,0.11011249,-0.39816225,-0.91068214,0.84097075,-0.45103943,0.29888391,-0.5297579,-0.7987679,0.28517777
1356942760296,0.066729605,-0.45227283,-0.88937974,0.8366465,-0.46032286,0.29685923,-0.54366326,-0.76390576,0.34767538
1356942760336,0.021312535,-0.47886387,-0.8776305,0.8361182,-0.4727416,0.2782477,-0.54813516,-0.739733,0.39031142
1356942760376,-0.02095902,-0.47690874,-0.8787029,0.83799344,-0.48772728,0.24472193,-0.5452775,-0.7312181,0.40986884
1356942760416,-0.055516362,-0.45117307,-0.8907081,0.84079206,-0.5022577,0.20200503,-0.5385041,-0.7376857,0.4072262
1356942760456,-0.078844726,-0.40831882,-0.909428,0.8441755,-0.512576,0.15695104,-0.53023696,-0.7553421,0.38510662
1356942760496,-0.088498294,-0.35620123,-0.9302089,0.8483904,-0.51628333,0.1169841,-0.5219213,-0.7788274,0.34788787
1356942760541,-0.08333838,-0.30084145,-0.95002586,0.8534305,-0.5137541,0.08782393,-0.5145008,-0.80346197,0.2995627
1356942760578,-0.06271404,-0.25183877,-0.965735,0.85885763,-0.5064984,0.07630816,-0.50836056,-0.8246434,0.24805818
1356942760615,-0.030068576,-0.21101484,-0.9770203,0.8634635,-0.49787235,0.080955684,-0.50351423,-0.8411872,0.19717391
1356942760655,0.01366359,-0.18171126,-0.983257,0.8659225,-0.48956162,0.10250676,-0.49999148,-0.852825,0.15065871
1356942760695,0.066022456,-0.1649214,-0.9840945,0.8645785,-0.48290932,0.13893348,-0.49814156,-0.85999966,0.11070472
1356942760734,0.12446982,-0.16019586,-0.9792061,0.8581898,-0.47795087,0.1872788,-0.49801362,-0.86365527,0.077987924
1356942760775,0.1869272,-0.16646573,-0.968167,0.8462584,-0.47322434,0.2447556,-0.4989037,-0.86507094,0.052414566
1356942760816,0.25134242,-0.18181059,-0.95066917,0.828887,-0.46672612,0.3084041,-0.49977326,-0.8655124,0.03339237
1356942760856,0.31573385,-0.2030065,-0.9268768,0.80677307,-0.45672864,0.37485504,-0.4994291,-0.8661336,0.019575447
1356942760896,0.37828887,-0.22550297,-0.89780056,0.7814568,-0.44209927,0.44031054,-0.4962083,-0.86815697,0.008979619
1356942760937,0.43728995,-0.24455333,-0.8654312,0.75516707,-0.42272198,0.5010277,-0.48836482,-0.87263954,-1.7344952E-4
1356942760976,0.49104825,-0.2571087,-0.8323261,0.7300707,-0.39979705,0.55421937,-0.47525615,-0.8798053,-0.008612152
1356942761016,0.5379123,-0.26325577,-0.8008412,0.7075054,-0.37554085,0.59866935,-0.45835182,-0.88863117,-0.015753116
1356942761056,0.57624805,-0.2656911,-0.77288187,0.6882119,-0.35230282,0.63422954,-0.44079757,-0.8973801,-0.020162046
1356942761096,0.60473096,-0.2679031,-0.750019,0.67298806,-0.33170387,0.66110486,-0.42589623,-0.9045444,-0.020296037
1356942761136,0.62250257,-0.27260226,-0.7336066,0.6629901,-0.31439978,0.6794093,-0.41585422,-0.9093079,-0.0149820745
1356942761176,0.6291826,-0.28176177,-0.72438914,0.6593216,-0.30007297,0.68938464,-0.41161186,-0.9113541,-0.0030290522
1356942761216,0.6245949,-0.2974599,-0.7220794,0.6625655,-0.28759414,0.69158983,-0.41338608,-0.91038847,0.017456856
1356942761256,0.6089145,-0.32350767,-0.7242693,0.6718696,-0.2750369,0.6877107,-0.42168045,-0.9053715,0.049880985
1356942761296,0.5826169,-0.36525446,-0.7260487,0.68478674,-0.26054135,0.6805773,-0.4377495,-0.8937044,0.09832555
1356942761336,0.546789,-0.425285,-0.7212174,0.6982815,-0.24365604,0.67307854,-0.46197918,-0.8716446,0.16374022
1356942761376,0.504097,-0.4983959,-0.7053281,0.7102269,-0.2254414,0.6668986,-0.49138975,-0.8371246,0.24032992
1356942761416,0.4589821,-0.5689853,-0.68234235,0.7213809,-0.20963275,0.66004825,-0.5185991,-0.7951791,0.31423748
1356942761456,0.41652733,-0.62009263,-0.6648235,0.7340207,-0.20208037,0.648365,-0.53639406,-0.7580559,0.3709888
1356942761496,0.3788252,-0.64377785,-0.66486204,0.74946296,-0.20806932,0.62850016,-0.54295194,-0.7363811,0.40366578
1356942761536,0.3438818,-0.64006674,-0.6870661,0.76725304,-0.23030514,0.5985669,-0.54135764,-0.7329898,0.41189542
1356942761583,0.30792248,-0.6108292,-0.7294323,0.78626627,-0.26830566,0.5565945,-0.535695,-0.74491596,0.39765704
1356942761616,0.26794708,-0.55883205,-0.78480005,0.80539536,-0.31710696,0.5007809,-0.528718,-0.7662571,0.36511287
1356942761656,0.22363394,-0.48810554,-0.8436473,0.82350564,-0.36838442,0.43142945,-0.52136964,-0.7912306,0.3195744
1356942761696,0.17760801,-0.4052259,-0.89679825,0.8394871,-0.41314965,0.35294285,-0.5135336,-0.81553614,0.26680332
1356942761736,0.13472831,-0.31933045,-0.93801725,0.852491,-0.4451794,0.27399716,-0.50508153,-0.83656645,0.21224803
1356942761776,0.10043037,-0.23995638,-0.96557474,0.86204755,-0.46357697,0.20486659,-0.4967773,-0.8529462,0.16029663
1356942761816,0.07929927,-0.17454645,-0.98145056,0.8680098,-0.47203547,0.1540829,-0.49017406,-0.8641274,0.114075914
1356942761856,0.074174225,-0.12709135,-0.9891138,0.8705056,-0.4756512,0.12639618,-0.486537,-0.87040436,0.075352654
1356942761896,0.08645201,-0.09908825,-0.9913161,0.8696655,-0.4779138,0.12361339,-0.48601225,-0.8728,0.04485707
1356942761936,0.116236985,-0.090355605,-0.98910296,0.86525357,-0.4797535,0.14550847,-0.48767313,-0.8727384,0.02241546
1356942761976,0.16178715,-0.09861067,-0.9818863,0.856725,-0.47976047,0.18934634,-0.48974186,-0.8718405,0.006863177
1356942762016,0.21870828,-0.11865893,-0.96854883,0.8440708,-0.4750213,0.24879572,-0.4896031,-0.8719374,-0.0037345588
1356942762056,0.2790709,-0.14231232,-0.9496666,0.8290442,-0.4633363,0.31305784,-0.48456696,-0.87468094,-0.011320487
1356942762096,0.3331424,-0.16092339,-0.9290424,0.81552577,-0.44534332,0.3695767,-0.47321635,-0.88077974,-0.01712554
1356942762136,0.37234294,-0.16919541,-0.91254234,0.80814284,-0.42437184,0.4084282,-0.45636153,-0.88953996,-0.021277763
1356942762177,0.39132634,-0.1670776,-0.90495783,0.8099505,-0.40429285,0.4248852,-0.4368568,-0.89923984,-0.022885837
1356942762216,0.38767114,-0.1580832,-0.9081414,0.82129174,-0.38810566,0.41815522,-0.41855812,-0.90795577,-0.020624936
1356942762256,0.3609898,-0.14649427,-0.92099166,0.84014726,-0.37756193,0.38935778,-0.4047701,-0.91432285,-0.0132192075
1356942762296,0.3122915,-0.13604525,-0.9401945,0.8627925,-0.37357104,0.3406374,-0.39757156,-0.9175709,7.157624E-4
1356942762336,0.24648404,-0.1319789,-0.9601183,0.88361335,-0.3763296,0.2785741,-0.39808688,-0.91703737,0.023859069
1356942762376,0.17246675,-0.14189649,-0.97474134,0.8968835,-0.38651448,0.2149572,-0.4072533,-0.9113023,0.060603693
1356942762454,0.11287111,-0.19129857,-0.9750205,0.8954147,-0.40576577,0.18326679,-0.43068862,-0.89373326,0.12549229
1356942762455,0.02931124,-0.23827428,-0.9707555,0.88880116,-0.43814874,0.13438132,-0.45735484,-0.8667475,0.19893569
1356942762493,-0.03148073,-0.30721697,-0.95111865,0.87261343,-0.47247893,0.123731196,-0.48739582,-0.8260638,0.28295565
1356942762534,-0.10087049,-0.361072,-0.92706645,0.85350007,-0.51022744,0.10585633,-0.5112364,-0.7805735,0.35964188
1356942762585,-0.19138354,-0.37069875,-0.90882045,0.8305324,-0.55460095,0.051318914,-0.52305657,-0.7449833,0.41401893
1356942762616,-0.30367833,-0.3237741,-0.8960746,0.79563177,-0.6035832,-0.05154878,-0.52416545,-0.7285997,0.44090015
1356942762656,-0.42415297,-0.22748417,-0.876553,0.7420009,-0.6422031,-0.1923795,-0.51916176,-0.7320014,0.44118583
1356942762696,-0.53328973,-0.104087085,-0.83950466,0.67361486,-0.65255934,-0.34700084,-0.5117082,-0.7505547,0.41811764
1356942762736,-0.6178032,0.019052058,-0.78610194,0.6040598,-0.62852454,-0.489968,-0.5034193,-0.77755636,0.37679592
1356942762776,-0.6765431,0.12401709,-0.72588515,0.54570603,-0.5774362,-0.60726637,-0.4944638,-0.8069617,0.32298362
1356942762816,-0.7154361,0.20498274,-0.66793215,0.5033377,-0.51180965,-0.6962056,-0.4845642,-0.834286,0.26299146
1356942762856,-0.7412218,0.26394302,-0.6171908,0.47531456,-0.44286686,-0.760227,-0.4739899,-0.8568565,0.20280653
1356942762896,-0.7588276,0.30616096,-0.57484436,0.45697132,-0.37861443,-0.80487776,-0.46406654,-0.8734509,0.14739639
1356942762936,-0.7712469,0.33729783,-0.5398226,0.44349316,-0.32360506,-0.8358191,-0.45660928,-0.88403046,0.09999013
1356942762976,-0.78033113,0.36185974,-0.51004,0.43116897,-0.27943027,-0.8579114,-0.45296422,-0.8893685,0.062025428
1356942763016,-0.7875069,0.3827792,-0.48302498,0.4173936,-0.24539042,-0.87496644,-0.45344862,-0.89065355,0.03347701
1356942763056,-0.7941375,0.40132982,-0.45637706,0.40063477,-0.21895969,-0.8896901,-0.45698735,-0.8893768,0.013097405
1356942763096,-0.8015936,0.4171366,-0.4283045,0.38061082,-0.19642264,-0.90363353,-0.46106732,-0.8873642,-0.0013155937
1356942763136,-0.81100345,0.4277467,-0.3991319,0.35921198,-0.17441845,-0.9168124,-0.46177942,-0.8869109,-0.012197852
1356942763176,-0.82280016,0.430764,-0.37073216,0.33899084,-0.1515947,-0.9284957,-0.45616356,-0.8896412,-0.021292865
1356942763216,-0.836481,0.42561737,-0.34518018,0.32155266,-0.1288383,-0.93808556,-0.44373795,-0.89568436,-0.029087543
1356942763256,-0.85076857,0.41420138,-0.3234658,0.3067417,-0.108407855,-0.9455989,-0.4267346,-0.90370625,-0.03482282
1356942763296,-0.86417866,0.40003547,-0.30523235,0.2930769,-0.09293324,-0.9515615,-0.4090246,-0.91177577,-0.036930263
1356942763336,-0.8751614,0.3863016,-0.29131374,0.28057346,-0.08531821,-0.9560332,-0.3941715,-0.9184182,-0.033718824
1356942763376,-0.88137746,0.3746556,-0.28776187,0.2745198,-0.08954489,-0.957403,-0.38446403,-0.9228298,-0.02392745
1356942763421,-0.8759632,0.36301994,-0.3176553,0.29591328,-0.115661144,-0.9481866,-0.38095102,-0.92457503,-0.0061074495
1356942763454,-0.806008,0.323604,-0.49561232,0.45037198,-0.20803308,-0.8682668,-0.38407838,-0.9230399,0.021934152
1356942763501,0.55238485,-0.3004971,-0.7775426,0.7325476,-0.27013794,0.62481964,-0.39780024,-0.9147278,0.07090834
1356942763544,0.8692702,-0.44300726,-0.21934873,0.25896057,0.030120306,0.96541804,-0.4210804,-0.89601177,0.14090413
1356942763587,0.8662284,-0.48315912,-0.12730142,0.21872579,0.13761306,0.9660339,-0.4492298,-0.8646501,0.2248837
1356942763626,0.8453747,-0.5250168,-0.09848365,0.24404135,0.215594,0.9454962,-0.47516885,-0.82333267,0.3103835
1356942763666,0.82,-0.5640509,-0.097193554,0.29192573,0.26609164,0.9186809,-0.49232042,-0.7816917,0.38285613
1356942763706,0.7945505,-0.59540117,-0.11910902,0.3464571,0.2834534,0.8942157,-0.4986552,-0.7517657,0.431499
1356942763746,0.7713753,-0.61636484,-0.15834902,0.3968004,0.27131185,0.8768918,-0.49752337,-0.7392456,0.45385712
1356942763786,0.751265,-0.62612015,-0.20874482,0.43811375,0.23654915,0.86723745,-0.49361646,-0.74297917,0.45202297
1356942763826,0.7349842,-0.6240732,-0.26519957,0.4692381,0.18576813,0.8633109,-0.4895036,-0.7589616,0.4293756
1356942763866,0.7235204,-0.61007696,-0.3229927,0.4907066,0.12545475,0.862246,-0.48551545,-0.78234726,0.39013785
1356942763906,0.7179066,-0.58551884,-0.37653393,0.5029428,0.06228012,0.862073,-0.48130935,-0.8082629,0.33919376
1356942763946,0.7190268,-0.5538186,-0.41986364,0.50566614,0.002456218,0.8627258,-0.47676224,-0.8326338,0.28181335
1356942763986,0.72744304,-0.5199391,-0.44776097,0.497862,-0.049109876,0.86586475,-0.47218642,-0.8527905,0.22313333
1356942764026,0.74321723,-0.48965576,-0.45592263,0.47755864,-0.08900735,0.87407976,-0.46857867,-0.8673609,0.16768757
1356942764066,0.76543975,-0.4681251,-0.4415437,0.4423843,-0.11550574,0.88935626,-0.4673308,-0.87608063,0.11867851
1356942764106,0.7918439,-0.45813918,-0.40384617,0.39091933,-0.12782395,0.911506,-0.4692178,-0.8796417,0.07787883
1356942764146,0.81871897,-0.45917857,-0.34475246,0.32436633,-0.1255743,0.9375594,-0.47379926,-0.8794238,0.046132
1356942764186,0.84177756,-0.4678887,-0.26924115,0.24721473,-0.10925779,0.96278113,-0.47989112,-0.8770079,0.02369824
1356942764226,0.8579979,-0.47905517,-0.18532643,0.1666558,-0.08165386,0.98262835,-0.4858658,-0.87397873,0.00977847
1356942764266,0.86723393,-0.4871564,-0.10287836,0.09076208,-0.04848603,0.9946916,-0.48955855,-0.8719678,0.0021666028
1356942764306,0.8720789,-0.48845187,-0.029885769,0.025070757,-0.016395979,0.9995512,-0.48872268,-0.87243676,-0.002052728
1356942764346,0.8756609,-0.48203337,0.02935557,-0.028149024,0.009736922,0.9995563,-0.4821053,-0.87609875,-0.0050425306
1356942764386,0.8797404,-0.4695935,0.07442273,-0.069151014,0.028491318,0.9971993,-0.47039872,-0.8824229,-0.007407911
1356942764426,0.8844361,-0.4543695,0.106401324,-0.09849562,0.041112956,0.9942879,-0.4561485,-0.88986415,-0.008391619
1356942764466,0.88910186,-0.43989867,0.12643977,-0.116285965,0.05008453,0.9919522,-0.44269115,-0.8966497,-0.0066238046
1356942764506,0.8931923,-0.4289543,0.13492857,-0.12196718,0.05770901,0.990855,-0.4328181,-0.9014809,-7.7310205E-4
1356942764546,0.8965744,-0.42301965,0.13118209,-0.114240214,0.06528458,0.9913058,-0.42790604,-0.9037657,0.010206617
1356942764585,0.89909804,-0.42268604,0.11383815,-0.09072466,0.07447812,0.99308705,-0.4282425,-0.90321064,0.028615087
1356942764623,0.90075606,-0.42744496,0.07700203,-0.04626167,0.08185947,0.9955696,-0.43185455,-0.90032756,0.0539611
1356942764665,0.8982866,-0.4384625,0.02884221,0.014163956,0.09449738,0.99542433,-0.43918175,-0.8937678,0.0910961
1356942764704,0.8878869,-0.45929688,-0.026517525,0.088915706,0.11476341,0.98940563,-0.45138764,-0.88083816,0.14273563
1356942764744,0.8671534,-0.49245077,-0.07441266,0.16649611,0.14582258,0.97519994,-0.46938688,-0.85803735,0.20844167
1356942764786,0.83820623,-0.53520334,-0.10472676,0.23712891,0.1847521,0.9537487,-0.491101,-0.8242718,0.28177255
1356942764826,0.8058326,-0.57914186,-0.12340371,0.2997177,0.21918821,0.9285073,-0.5106888,-0.78520775,0.35020807
1356942764866,0.7733779,-0.6164205,-0.14802831,0.35900947,0.23341255,0.90367633,-0.52249295,-0.75202686,0.4018169
1356942764906,0.74016094,-0.64391553,-0.19373836,0.4197427,0.21733847,0.88123775,-0.5253359,-0.7335781,0.43114433
1356942764946,0.70171964,-0.6601952,-0.26782787,0.48507363,0.16738707,0.85830355,-0.521817,-0.7322048,0.43770215
1356942764986,0.6507531,-0.6610632,-0.3735182,0.5581378,0.082951844,0.8255915,-0.5147841,-0.7457308,0.4229455
1356942765026,0.5780419,-0.63769823,-0.50912523,0.64047474,-0.03204611,0.76731026,-0.5056279,-0.76961935,0.38990563
1356942765066,0.47686815,-0.57943374,-0.66094875,0.7264851,-0.16346514,0.66745687,-0.4947891,-0.79845834,0.34299862
1356942765106,0.35185206,-0.48330045,-0.8016363,0.8021357,-0.28573722,0.52434003,-0.48247117,-0.8275112,0.2871354
1356942765146,0.22390062,-0.3642962,-0.90396726,0.8542701,-0.373111,0.36195394,-0.46913862,-0.85327387,0.22766763
1356942765186,0.11883795,-0.24900058,-0.9611848,0.8819375,-0.41824436,0.21738866,-0.4561401,-0.873539,0.16989969
1356942765226,0.052441597,-0.15799966,-0.9860456,0.8936207,-0.43331587,0.11695874,-0.44574866,-0.8872843,0.118468046
1356942765265,0.028886497,-0.09903163,-0.9946649,0.89747876,-0.43555874,0.06942955,-0.4401107,-0.89469624,0.076297045
1356942765305,0.049976707,-0.07376191,-0.9960228,0.8966732,-0.4358967,0.07727265,-0.43986288,-0.89696884,0.044355705
1356942765346,0.12072134,-0.08397594,-0.9891281,0.8880869,-0.43607014,0.14541134,-0.4435403,-0.89598596,0.021934941
1356942765386,0.24743009,-0.13152853,-0.9599368,0.85911036,-0.42831904,0.28012878,-0.4480042,-0.8940039,0.0070185065
1356942765426,0.42126486,-0.20862481,-0.8826164,0.78780544,-0.39797637,0.47008252,-0.44933128,-0.8933592,-0.0032977462
1356942765466,0.59746224,-0.28645366,-0.7489882,0.66763896,-0.33967382,0.6624803,-0.4441815,-0.8958606,-0.011694696
1356942765506,0.7273601,-0.3347739,-0.5990606,0.53381747,-0.2725704,0.800465,-0.431261,-0.9020153,-0.019548684
1356942765564,0.80495155,-0.35040414,-0.47882137,0.42676818,-0.21872899,0.8775116,-0.4122158,-0.9107001,-0.026524901
1356942765630,0.8488735,-0.347755,-0.39809582,0.35536337,-0.18209283,0.91682005,-0.3913192,-0.9197329,-0.030994385
1356942765631,0.87357384,-0.34006223,-0.34817588,0.31225976,-0.15711547,0.9369144,-0.373313,-0.92718524,-0.031064212
1356942765651,0.8839598,-0.33196983,-0.3292585,0.29771242,-0.14337862,0.94382733,-0.3605308,-0.9323297,-0.027909398
1356942765681,0.8878684,-0.32846606,-0.32217962,0.2945264,-0.13221243,0.9464534,-0.35347396,-0.9352165,-0.02064532
1356942765711,0.884482,-0.3297024,-0.33013296,0.30619034,-0.12372193,0.94389635,-0.3520496,-0.93594295,-0.008478135
1356942765742,0.8739015,-0.33688253,-0.35043725,0.3307852,-0.11613087,0.93653333,-0.35619828,-0.9343574,0.00994882
1356942765785,0.8695718,-0.36363152,-0.33409125,0.32608643,-0.085219085,0.941491,-0.37082678,-0.9276366,0.044471204
1356942765825,0.8624656,-0.40528905,-0.30314,0.31611866,-0.03637393,0.9480221,-0.3952494,-0.91346467,0.09674817
1356942765865,0.86151123,-0.45598716,-0.2233251,0.2743466,0.04794763,0.96043473,-0.42723802,-0.88869375,0.16640595
1356942765905,0.85844135,-0.4975187,-0.12471397,0.22786501,0.15208703,0.9617417,-0.45951712,-0.8540168,0.24392492
1356942765944,0.8490142,-0.52488947,-0.060546488,0.21396892,0.23677784,0.9477096,-0.48310676,-0.81757396,0.3133378
1356942765985,0.8352235,-0.54709697,-0.05555728,0.2420566,0.27504718,0.93046093,-0.49377152,-0.7905909,0.3621543
1356942766025,0.81398606,-0.5702857,-0.11045806,0.30634743,0.25988698,0.9157566,-0.49353617,-0.7792517,0.3862499
1356942766066,0.7733554,-0.59228754,-0.22609033,0.4060492,0.18887532,0.8941198,-0.48687315,-0.78327614,0.38656563
1356942766106,0.68880856,-0.5992814,-0.40792724,0.54529995,0.057522207,0.836265,-0.47769317,-0.79846925,0.36640987
1356942766146,0.52468455,-0.5591392,-0.64192635,0.7106429,-0.12749636,0.6919041,-0.46871403,-0.8192118,0.33045292
1356942766186,0.27653962,-0.44066072,-0.8540163,0.84283626,-0.3157227,0.43582797,-0.4616847,-0.84031963,0.2840951
1356942766226,0.021566272,-0.27232638,-0.96196324,0.88901854,-0.4349475,0.14306208,-0.45736307,-0.8582884,0.23272298
1356942766266,-0.15848422,-0.12126127,-0.979887,0.87582266,-0.47547525,-0.082812965,-0.45586994,-0.8713318,0.18155864
1356942766306,-0.25119805,-0.017737985,-0.9677732,0.8529992,-0.47661656,-0.21267119,-0.45748436,-0.87893236,0.1348556
1356942766346,-0.26888835,0.03713703,-0.96245515,0.844779,-0.47089267,-0.25418204,-0.4626526,-0.8814085,0.095244974
1356942766385,-0.19440913,0.032871306,-0.98036957,0.8605373,-0.47400278,-0.18653926,-0.47082973,-0.8799095,0.063863575
1356942766426,0.091388166,-0.09609884,-0.9911676,0.87244326,-0.47213542,0.12621742,-0.48009473,-0.87627226,0.040693223
1356942766466,0.6931698,-0.4043188,-0.5966926,0.5306332,-0.27400076,0.8020923,-0.4877952,-0.87261105,0.024615914
1356942766506,0.8703109,-0.49147236,-0.03184271,0.03428577,-0.0040378273,0.99940395,-0.49130797,-0.8708838,0.013336331
1356942766546,0.86020494,-0.48066795,0.17031084,-0.14664112,0.08671218,0.98538184,-0.48840952,-0.87260485,0.004104547
1356942766604,0.85501456,-0.46650636,0.22654322,-0.20133871,0.10397044,0.9739881,-0.47792545,-0.87838596,-0.0050295442
1356942766626,0.8626643,-0.451806,0.227336,-0.20822704,0.09236109,0.9737099,-0.46092498,-0.88732225,-0.014401607
1356942766666,0.87721777,-0.4356447,0.20174937,-0.19107407,0.06870952,0.9791679,-0.44043136,-0.89749247,-0.02296719
1356942766706,0.8936985,-0.4191855,0.15995775,-0.15720645,0.04135424,0.9866995,-0.42022502,-0.9069583,-0.02894044
1356942766746,0.908781,-0.4044222,0.102760926,-0.10630438,0.013751686,0.99423856,-0.40350527,-0.91446906,-0.03049457
1356942766786,0.91925526,-0.39287192,0.02492842,-0.033179536,-0.014224201,0.99934816,-0.39226127,-0.9194832,-0.02611098
1356942766826,0.91923785,-0.3849729,-0.08244786,0.07051399,-0.045041174,0.9964934,-0.3873365,-0.9218282,-0.014257582
1356942766866,0.89746684,-0.38100553,-0.22223422,0.20770818,-0.07941782,0.97496164,-0.38911512,-0.9211556,0.007863104
1356942766906,0.84405166,-0.38523045,-0.37306076,0.35905603,-0.11074413,0.9267225,-0.39831597,-0.9161514,0.04484552
1356942766946,0.77087593,-0.4088561,-0.48845375,0.48285127,-0.12507214,0.86672467,-0.4154576,-0.9039877,0.10100159
1356942766986,0.70571494,-0.45893937,-0.5397602,0.55639774,-0.112644196,0.82324535,-0.43862057,-0.8812979,0.17585814
1356942767026,0.6553917,-0.52389836,-0.5440517,0.59749043,-0.08100793,0.7977737,-0.46202487,-0.84791994,0.25993234
1356942767066,0.6035926,-0.58266205,-0.54422516,0.63748986,-0.057253778,0.76832855,-0.47883484,-0.8106954,0.33688316
1356942767107,0.5299541,-0.62066877,-0.57785726,0.69480777,-0.072883755,0.715493,-0.48620057,-0.7806781,0.39262035
1356942767146,0.4168474,-0.6273188,-0.65780646,0.7679195,-0.14416802,0.62411153,-0.48635155,-0.7653017,0.4216343
1356942767186,0.25060183,-0.58559865,-0.7708911,0.8389062,-0.26605427,0.47481743,-0.48315123,-0.76569545,0.42458862
1356942767226,0.038248718,-0.479098,-0.8769277,0.87686515,-0.4047585,0.25938052,-0.47921258,-0.77886826,0.40462276
1356942767266,-0.17341179,-0.3232886,-0.9302757,0.8624313,-0.5059501,0.015062392,-0.47554252,-0.79968685,0.36655182
1356942767306,-0.3337369,-0.16520834,-0.9280765,0.8158697,-0.54379296,-0.19658583,-0.47220385,-0.82279736,0.31627223
