1356943030444,-0.3548972,0.09708926,-0.92985046,0.89689386,-0.2453636,-0.36793795,-0.2638742,-0.9645572,5.9604645E-8
1356943030463,0.60708714,-0.16609499,-0.7770827,0.7495444,-0.20503858,0.6293984,-0.26387188,-0.9645577,1.9282103E-5
1356943030483,0.60709685,-0.16614491,-0.7770645,0.7495412,-0.20498097,0.6294209,-0.2638585,-0.96456134,8.9138746E-5
1356943030511,0.60705054,-0.16622332,-0.77708393,0.74959886,-0.20484418,0.6293969,-0.26380152,-0.96457696,2.5004148E-4
1356943030553,0.60667455,-0.16613114,-0.77739716,0.74999475,-0.2045838,0.62900984,-0.26354095,-0.9646481,4.8167259E-4
1356943030596,0.6048516,-0.16516799,-0.77902126,0.7516868,-0.20455131,0.6269975,-0.26290968,-0.9648204,4.3138862E-4
1356943030635,0.6004978,-0.16264957,-0.78290963,0.7555797,-0.20505327,0.6221353,-0.26172826,-0.96514153,-2.392754E-4
1356943030675,0.59275174,-0.15840843,-0.7896532,0.76224446,-0.20624688,0.6135516,-0.2600552,-0.9655926,-0.0015072525
1356943030715,0.58181983,-0.15258852,-0.79887575,0.77133965,-0.20796275,0.6014871,-0.2579164,-0.96616167,-0.003299296
1356943030756,0.5678278,-0.14559296,-0.8101692,0.7824857,-0.21004468,0.5861716,-0.25551426,-0.96679044,-0.0053447783
1356943030794,0.5518091,-0.13839924,-0.8224064,0.7945699,-0.21227911,0.5688552,-0.25330886,-0.9673589,-0.0071696565
1356943030838,0.53582615,-0.1321306,-0.83392555,0.8059343,-0.2144115,0.551813,-0.25171465,-0.967765,-0.008398697
1356943030877,0.5208159,-0.12744433,-0.84410226,0.81587845,-0.21663183,0.5361092,-0.25118348,-0.9678991,-0.008846253
1356943030916,0.5070497,-0.12411758,-0.85293347,0.8243202,-0.21924892,0.5219445,-0.25178725,-0.9677421,-0.008857474
1356943030956,0.49506193,-0.1219174,-0.8602615,0.8310597,-0.22241145,0.50977737,-0.25348276,-0.9673,-0.008786812
1356943030996,0.48482853,-0.12049085,-0.86626977,0.8363317,-0.22594142,0.49949956,-0.2559113,-0.9666605,-0.008772567
1356943031037,0.47653943,-0.11966449,-0.8709711,0.8402251,-0.22954422,0.49125478,-0.25871208,-0.965914,-0.008841768
1356943031076,0.47025236,-0.11931464,-0.87442935,0.8429042,-0.23284939,0.48507068,-0.2614864,-0.96516585,-0.008927122
1356943031118,0.46606192,-0.11967224,-0.87662125,0.84446055,-0.235428,0.481103,-0.26395583,-0.96449584,-0.008665562
1356943031155,0.46396786,-0.121097565,-0.8775358,0.84501386,-0.23680711,0.47945163,-0.2658672,-0.9639801,-0.007541731
1356943031196,0.46660894,-0.12438011,-0.8756744,0.84317285,-0.23642081,0.48287132,-0.26708728,-0.963657,-0.0054421276
1356943031236,0.46577847,-0.1268374,-0.8757641,0.8434874,-0.23558289,0.48273155,-0.26754338,-0.96354187,-0.0027436912
1356943031276,0.4653811,-0.129071,-0.875649,0.84383804,-0.23387706,0.48294815,-0.2671288,-0.96366084,7.303059E-5
1356943031316,0.46476927,-0.13074511,-0.8757255,0.84461635,-0.2313588,0.48280054,-0.2657306,-0.96404296,0.0029010028
1356943031356,0.46384758,-0.13195738,-0.87603235,0.84588134,-0.22792995,0.4822163,-0.26330605,-0.9646943,0.00589557
1356943031396,0.46278486,-0.13289464,-0.8764527,0.84751225,-0.2235541,0.4814008,-0.2599101,-0.96558934,0.00917235
1356943031436,0.462028,-0.13385946,-0.87670505,0.8492072,-0.21822885,0.48085672,-0.25568953,-0.96667355,0.012846604
1356943031488,0.46226156,-0.13529965,-0.8763609,0.8505269,-0.21190858,0.4813509,-0.25083497,-0.96787846,0.017118797
1356943031517,0.4642326,-0.13765669,-0.87495065,0.85099584,-0.20454165,0.48370332,-0.24554881,-0.9691302,0.022190347
1356943031556,0.4686812,-0.14127338,-0.8719976,0.8500965,-0.1962314,0.48870152,-0.24015379,-0.9703273,0.028126016
1356943031595,0.47633457,-0.14655441,-0.8669643,0.84728366,-0.18700105,0.49713266,-0.23498029,-0.97136617,0.035098135
1356943031637,0.48784176,-0.1537976,-0.8592769,0.841956,-0.17699775,0.5096881,-0.2304788,-0.97212046,0.043143883
1356943031676,0.50329965,-0.16305003,-0.84858954,0.83374023,-0.16644281,0.5264733,-0.22708312,-0.97247696,0.052170753
1356943031716,0.52214193,-0.17419875,-0.8348788,0.8226317,-0.15543845,0.54691494,-0.22504413,-0.972365,0.062140495
1356943031756,0.5432328,-0.18707168,-0.81847566,0.8090596,-0.14382693,0.5698565,-0.22432286,-0.9717603,0.07322064
1356943031796,0.5650855,-0.20142472,-0.8000665,0.7938617,-0.13128942,0.5937564,-0.22463748,-0.9706653,0.085713625
1356943031836,0.5862107,-0.21705341,-0.7805414,0.7780871,-0.11755806,0.61705804,-0.2256935,-0.9690552,0.099972636
1356943031876,0.6053908,-0.23388162,-0.76079,0.76275265,-0.10261211,0.6384975,-0.22739911,-0.966835,0.11627344
1356943031916,0.6218845,-0.2521453,-0.74140567,0.74859786,-0.08654761,0.6573513,-0.22991496,-0.96381134,0.13493282
1356943031956,0.63504934,-0.27204305,-0.72298336,0.73634356,-0.06969383,0.67300886,-0.23347485,-0.959758,0.1560581
1356943031996,0.64426094,-0.29360843,-0.70620245,0.7267456,-0.052638292,0.6848869,-0.23826186,-0.95447534,0.17946583
1356943032036,0.64924634,-0.31702787,-0.69135565,0.7202273,-0.035874307,0.69281,-0.24444194,-0.9477375,0.20504084
1356943032076,0.64972776,-0.34238216,-0.67869604,0.71717,-0.019929051,0.6966132,-0.2520337,-0.9393494,0.23259777
1356943032116,0.6459316,-0.36980337,-0.66784567,0.71739656,-0.0050390363,0.69664687,-0.26098764,-0.9290964,0.2620408
1356943032156,0.6383884,-0.39931214,-0.658035,0.72034085,0.008681387,0.69356596,-0.27123666,-0.9167739,0.29318297
1356943032196,0.6279354,-0.43071207,-0.64821625,0.7251189,0.021276206,0.68829495,-0.28266534,-0.90223855,0.32567754
1356943032236,0.6154781,-0.46345788,-0.63749003,0.7308796,0.0329172,0.68171215,-0.29496047,-0.88550735,0.35899174
1356943032276,0.60159665,-0.49644655,-0.62579733,0.7372773,0.043594062,0.6741823,-0.30741435,-0.86697197,0.39224482
1356943032316,0.5863054,-0.52798206,-0.6143948,0.74467546,0.05269867,0.665343,-0.31891137,-0.8476189,0.4240728
1356943032356,0.568681,-0.5558109,-0.60636294,0.7543037,0.058368415,0.65392584,-0.3280667,-0.8292571,0.4524433
1356943032396,0.54731214,-0.57768625,-0.6055808,0.7675534,0.058018178,0.638354,-0.33363357,-0.8141945,0.47515902
1356943032436,0.5205175,-0.59173656,-0.6155562,0.7853513,0.04886973,0.6171185,-0.3350895,-0.80464876,0.4901586
1356943032486,0.48645929,-0.59614027,-0.6387285,0.8077264,0.02816233,0.5888845,-0.33306968,-0.80238616,0.4952181
1356943032516,0.44320458,-0.5888189,-0.67591566,0.833791,-0.0061085224,0.5520464,-0.32918423,-0.80824184,0.4882446
1356943032556,0.38946635,-0.5673215,-0.72557724,0.86175543,-0.053614557,0.5044831,-0.32510555,-0.8217493,0.46801126
1356943032596,0.32526577,-0.52940154,-0.7835408,0.8890972,-0.110970914,0.44406244,-0.32203764,-0.8410822,0.43459445
1356943032636,0.25333005,-0.4746952,-0.8429047,0.91273344,-0.17141968,0.37085438,-0.32053325,-0.8632959,0.38984442
1356943032676,0.17963594,-0.40634367,-0.8958883,0.9300419,-0.2266028,0.28926334,-0.32055107,-0.8851757,0.3372106
1356943032716,0.11199659,-0.33102664,-0.9369515,0.9401852,-0.26997322,0.20776513,-0.3217276,-0.90417695,0.28099024
1356943032775,0.05768299,-0.25705013,-0.96467507,0.9444705,-0.2990573,0.13616255,-0.32349372,-0.9189614,0.22552569
1356943032795,0.021132708,-0.19135183,-0.9812939,0.94540423,-0.31544834,0.081872076,-0.325214,-0.9294497,0.17423864
1356943032835,0.0041968822,-0.13840571,-0.9903667,0.945199,-0.32277966,0.049114585,-0.32646796,-0.93629974,0.12946627
1356943032872,0.0067154765,-0.10000312,-0.9949645,0.94493103,-0.3249331,0.039036542,-0.32720065,-0.94043493,0.092313975
1356943032901,0.026792228,-0.075500906,-0.99678564,0.9444913,-0.32471204,0.049981713,-0.32744202,-0.94279456,0.06261021
1356943032931,0.05496806,-0.060678363,-0.9966427,0.94337344,-0.32388067,0.07174888,-0.32714686,-0.9441502,0.03943923
1356943032961,0.09190112,-0.05477324,-0.99426055,0.94083726,-0.32227242,0.10471693,-0.3261585,-0.9450611,0.021915525
1356943033005,0.13810539,-0.057601392,-0.98874104,0.935991,-0.31879073,0.14930925,-0.32380196,-0.9460732,0.009887755
1356943033044,0.2016877,-0.07035142,-0.97692,0.9255083,-0.3127479,0.21359572,-0.3205564,-0.94722724,0.0020334125
1356943033085,0.2739231,-0.08848056,-0.95767283,0.9081745,-0.30391574,0.28784427,-0.31652045,-0.9485812,-0.002893731
1356943033125,0.34698385,-0.107610375,-0.9316771,0.88483346,-0.29176748,0.36323756,-0.3109212,-0.9504166,-0.0060213357
1356943033165,0.41198674,-0.122814536,-0.90287507,0.85958,-0.27635923,0.42982292,-0.30230638,-0.9531747,-0.008287385
1356943033205,0.46171734,-0.13055238,-0.87736726,0.83833694,-0.25897273,0.47971278,-0.2898418,-0.95702106,-0.010125339
1356943033245,0.49250638,-0.13053602,-0.86046374,0.82600105,-0.24133366,0.50939226,-0.27415287,-0.96162283,-0.011035502
1356943033285,0.50408894,-0.1256918,-0.8544565,0.82442486,-0.22475111,0.51943296,-0.25732845,-0.96627563,-0.009671122
1356943033325,0.49748027,-0.12000626,-0.85913444,0.8330581,-0.2101115,0.51172984,-0.24192476,-0.97028434,-0.0045541525
1356943033366,0.47378024,-0.11681113,-0.8728616,0.85006607,-0.19825217,0.48793817,-0.23004332,-0.9731655,0.005369231
1356943033406,0.43455574,-0.11860484,-0.8928014,0.87260044,-0.19000205,0.44996428,-0.22300199,-0.9745934,0.020928085
1356943033446,0.38334873,-0.12788385,-0.9147073,0.89669245,-0.1857954,0.40177462,-0.22132882,-0.9742309,0.043447986
1356943033486,0.33105195,-0.15115342,-0.9314276,0.91622317,-0.18460625,0.3556062,-0.22569838,-0.97111964,0.07737596
1356943033525,0.2760465,-0.18639135,-0.942898,0.9321382,-0.18727112,0.30991608,-0.23434323,-0.96446246,0.12204695
1356943033565,0.24433541,-0.24336773,-0.93865454,0.9375269,-0.18795478,0.2927735,-0.24767622,-0.9515488,0.18223979
1356943033605,0.23290819,-0.31888068,-0.91873217,0.9358051,-0.18356866,0.30095077,-0.2646178,-0.9298482,0.25565553
1356943033645,0.23485166,-0.40178034,-0.8851086,0.92998266,-0.17204762,0.32485658,-0.28280184,-0.8994288,0.3332431
1356943033685,0.23542547,-0.47438496,-0.84825337,0.9249844,-0.15850925,0.3453677,-0.2982932,-0.8659295,0.4014815
1356943033725,0.22078454,-0.52276266,-0.8233913,0.92563164,-0.15372318,0.3457965,-0.30734384,-0.8385036,0.449946
1356943033765,0.18492174,-0.5423272,-0.819564,0.9328534,-0.16549289,0.31999475,-0.3091739,-0.82370704,0.47530854
1356943033805,0.12844944,-0.5336134,-0.8359171,0.9432201,-0.19462514,0.26917815,-0.30632755,-0.82302964,0.47831535
1356943033845,0.05548799,-0.49784514,-0.8654891,0.9516562,-0.23591197,0.19671324,-0.30211186,-0.8345634,0.46068704
1356943033885,-0.025264263,-0.43843177,-0.8984093,0.954013,-0.27909917,0.109375,-0.29869872,-0.8543309,0.4253208
1356943033925,-0.10144836,-0.36306372,-0.92622507,0.9495183,-0.31315064,0.018749803,-0.29685536,-0.8775655,0.37650436
1356943033964,-0.1621151,-0.28178757,-0.945682,0.94122094,-0.331972,-0.062431693,-0.29634744,-0.9002168,0.31904206
1356943034005,-0.19949728,-0.20489827,-0.9582367,0.934006,-0.33552283,-0.12270826,-0.29636753,-0.9194787,0.2583121
1356943034045,-0.21034914,-0.13986224,-0.96757007,0.9316781,-0.32853186,-0.15505701,-0.296191,-0.93407995,0.199413
1356943034085,-0.19388288,-0.09081605,-0.9768121,0.93539846,-0.31724006,-0.15616849,-0.2957013,-0.9439869,0.1464566
1356943034126,-0.14989483,-0.059395313,-0.9869163,0.9435437,-0.30682218,-0.12484196,-0.29539275,-0.94991183,0.10203311
1356943034166,-0.07799357,-0.04584998,-0.99589896,0.9520533,-0.29983866,-0.06075558,-0.29582337,-0.9528874,0.067037165
1356943034207,0.02304393,-0.050213486,-0.9984726,0.9545715,-0.29568815,0.036900967,-0.2970895,-0.9539639,0.041118592
1356943034246,0.15263522,-0.07171619,-0.98567706,0.9420638,-0.29088074,0.1670456,-0.2986943,-0.9540677,0.023162544
1356943034286,0.30352142,-0.106726706,-0.9468285,0.9045642,-0.27996686,0.32153088,-0.29939654,-0.9540587,0.011565268
1356943034326,0.4573164,-0.14629027,-0.8771892,0.83821154,-0.258614,0.4801252,-0.29709107,-0.9548392,0.0043538064
1356943034366,0.58993673,-0.17806822,-0.7875699,0.7537791,-0.22821799,0.6162252,-0.2894678,-0.9571876,-4.1002035E-4
1356943034406,0.6876651,-0.19408652,-0.6996049,0.6717843,-0.19536808,0.7145189,-0.27535897,-0.9613333,-0.00396353
1356943034446,0.7521061,-0.19494516,-0.62954974,0.60732484,-0.1659226,0.77693385,-0.255916,-0.96667784,-0.0063963532
1356943034484,0.79090226,-0.18616733,-0.5829368,0.5654746,-0.1417772,0.8124885,-0.23390599,-0.972235,-0.0068590045
1356943034525,0.8109034,-0.17446344,-0.55856794,0.5449734,-0.122559056,0.8294476,-0.21316582,-0.97700655,-0.0043056346
1356943034566,0.81565934,-0.16473201,-0.5545838,0.5440898,-0.1073945,0.8321254,-0.19663696,-0.98047423,0.0020316802
1356943034606,0.80659175,-0.16020226,-0.56898594,0.5611181,-0.09520066,0.8222428,-0.18589297,-0.9824826,0.01310432
1356943034646,0.7834705,-0.16315007,-0.5996298,0.594349,-0.0850123,0.7997013,-0.18144725,-0.9829318,0.030363467
1356943034686,0.74785024,-0.17643227,-0.6399935,0.63804966,-0.07521212,0.76631314,-0.18333761,-0.9814351,0.056325138
1356943034726,0.70578927,-0.20425229,-0.67833805,0.6819274,-0.06353603,0.728655,-0.19192836,-0.9768542,0.09444218
1356943034766,0.6674948,-0.25044715,-0.7012324,0.71496654,-0.047524184,0.6975415,-0.20802283,-0.96696305,0.14733922
1356943034806,0.64175797,-0.31444156,-0.69948065,0.7310715,-0.024717063,0.681853,-0.231692,-0.948955,0.21401688
1356943034846,0.6292941,-0.38829267,-0.6732145,0.7321845,0.005782366,0.68108183,-0.2605663,-0.921518,0.28794068
1356943034886,0.62209654,-0.45864367,-0.6345406,0.72745585,0.038933128,0.6850489,-0.28948873,-0.8877669,0.35786325
1356943034926,0.609056,-0.513759,-0.60423696,0.72897863,0.062465698,0.6816804,-0.3124754,-0.8556574,0.41256452
1356943034966,0.5822046,-0.5491845,-0.59952825,0.7447403,0.06438622,0.66424114,-0.32618958,-0.8332171,0.44648582
1356943035006,0.53700376,-0.56515217,-0.6262827,0.7757386,0.039134175,0.6298399,-0.3314463,-0.82405806,0.45942548
1356943035046,0.4698104,-0.56104493,-0.68154746,0.8182714,-0.012911826,0.5746871,-0.33122522,-0.82768476,0.45302084
1356943035086,0.3772766,-0.53302664,-0.75732756,0.86616486,-0.086316526,0.49224767,-0.32775104,-0.841684,0.42912376
1356943035126,0.2608102,-0.47710377,-0.8392557,0.910158,-0.16831332,0.37852764,-0.32185483,-0.8625791,0.3903419
1356943035166,0.13179404,-0.39548126,-0.9089692,0.940284,-0.24043906,0.24094653,-0.31384152,-0.88644445,0.34017617
1356943035206,0.009616256,-0.30011603,-0.9538542,0.9525461,-0.28748018,0.10005438,-0.30424213,-0.90955234,0.28310996
1356943035246,-0.08870119,-0.20719671,-0.9742698,0.95167696,-0.30634797,-0.021493584,-0.29401213,-0.9290966,0.2243577
1356943035286,-0.15570426,-0.12852898,-0.97940624,0.94597805,-0.30486292,-0.11038226,-0.28439727,-0.9436837,0.16905397
1356943035326,-0.19194609,-0.068693936,-0.9789983,0.94158846,-0.29415023,-0.16397163,-0.2767088,-0.95328724,0.12114245
1356943035366,-0.20109683,-0.027367681,-0.979189,0.94102216,-0.28306156,-0.18534711,-0.27209824,-0.95871127,0.08267638
1356943035406,-0.18660569,-0.0023585558,-0.982432,0.9443173,-0.27627903,-0.1787028,-0.27100393,-0.9610745,0.053782523
1356943035446,-0.15087456,0.008723587,-0.9885144,0.9502187,-0.2744859,-0.14745188,-0.27261958,-0.96155155,0.033123583
1356943035486,-0.0955202,0.0079450905,-0.9953958,0.9566361,-0.275701,-0.09400132,-0.27517846,-0.9612106,0.018734485
1356943035525,-0.02108723,-0.0026333332,-0.9997742,0.96084726,-0.27638882,-0.019538194,-0.27627495,-0.9610423,0.008358479
1356943035565,0.0602628,-0.017644286,-0.9980266,0.9599425,-0.2730708,0.0627909,-0.27363983,-0.96183217,4.8148632E-4
1356943035604,0.14100313,-0.032862008,-0.9894636,0.9537443,-0.2635222,0.14466506,-0.26549953,-0.9640935,-0.0058155656
1356943035645,0.20937032,-0.043664485,-0.976861,0.9449531,-0.24785924,0.21361047,-0.25145125,-0.9678115,-0.010633409
1356943035685,0.25729167,-0.048740655,-0.96510386,0.9377433,-0.22854859,0.2615399,-0.23332074,-0.9723116,-0.013097435
1356943035725,0.28236094,-0.05042097,-0.9579822,0.9349941,-0.20894143,0.2865824,-0.21461198,-0.9766274,-0.011853546
1356943035766,0.28524524,-0.05213642,-0.95703554,0.9375972,-0.19199741,0.28991106,-0.1988633,-0.98000956,-0.005883366
1356943035806,0.26773077,-0.056602746,-0.9618296,0.94490886,-0.17970073,0.27359602,-0.18832785,-0.9820914,0.0053730905
1356943035846,0.2327199,-0.06574842,-0.9703188,0.9550246,-0.17307097,0.24077901,-0.18376479,-0.9827124,0.022514284
1356943035886,0.18536949,-0.08169237,-0.97926736,0.9651036,-0.17244393,0.19707394,-0.18496814,-0.9816259,0.046875775
1356943035926,0.133573,-0.10792947,-0.9851444,0.9723159,-0.17804027,0.15133917,-0.19172928,-0.97808635,0.08116013
1356943035966,0.08601332,-0.1491071,-0.985073,0.9750638,-0.1904279,0.11396375,-0.20457819,-0.9703114,0.12900963
1356943036006,0.047667682,-0.2076042,-0.97705084,0.973387,-0.2098555,0.09207919,-0.22415549,-0.9554378,0.19207585
1356943036046,0.018201768,-0.2800799,-0.9598041,0.96818215,-0.23469341,0.08684635,-0.24958366,-0.930846,0.26689655
1356943036086,-0.009257019,-0.3543265,-0.935076,0.96093285,-0.26184154,0.08970615,-0.27662694,-0.89771485,0.34290773
1356943036126,-0.042958975,-0.41418603,-0.9091779,0.9533138,-0.2892586,0.08673054,-0.29891014,-0.863006,0.40727556
1356943036166,-0.08851403,-0.44768092,-0.88980174,0.9461398,-0.3170814,0.06541303,-0.31142366,-0.83608687,0.45163485
1356943036206,-0.14590067,-0.45159912,-0.88021094,0.93821466,-0.345374,0.021681666,-0.31379336,-0.8226634,0.47408718
1356943036246,-0.21174043,-0.42775565,-0.8787441,0.9270101,-0.3726822,-0.041955948,-0.30954543,-0.8234884,0.4754457
1356943036286,-0.28096908,-0.3800559,-0.88125694,0.91070485,-0.3952762,-0.11988884,-0.30277547,-0.83625007,0.45717925
1356943036326,-0.346722,-0.3154304,-0.8833388,0.89010334,-0.40764862,-0.20381033,-0.29580387,-0.85692835,0.42210636
1356943036366,-0.40226507,-0.243022,-0.8826796,0.8686975,-0.4057088,-0.28419197,-0.28904596,-0.88110197,0.37431505
1356943036406,-0.44330502,-0.17153928,-0.8798039,0.85088325,-0.3892293,-0.3528431,-0.28191897,-0.90502757,0.31850716
1356943036446,-0.46865726,-0.10701373,-0.8768742,0.8398473,-0.36174238,-0.40472072,-0.27389193,-0.9261158,0.25940838
1356943036484,-0.4795543,-0.0514642,-0.87600183,0.83644783,-0.32861733,-0.43859512,-0.26529744,-0.94306,0.20063698
1356943036524,-0.47600096,-0.0076588094,-0.8794115,0.8408476,-0.29695427,-0.4525412,-0.25767905,-0.95486104,0.14779037
1356943036565,-0.46266526,0.026856154,-0.8861262,0.84989333,-0.27095103,-0.45195907,-0.25223464,-0.96221846,0.10253471
1356943036605,-0.43926573,0.0520007,-0.8968508,0.8630843,-0.2525695,-0.4373717,-0.24926087,-0.9661803,0.06606418
1356943036646,-0.4064963,0.067833334,-0.9111308,0.8793063,-0.241813,-0.41030088,-0.24815539,-0.9679489,0.038649857
1356943036686,-0.36482835,0.07450551,-0.92808896,0.89762735,-0.2366274,-0.3718501,-0.24731618,-0.9687395,0.019450247
1356943036726,-0.31527567,0.072987616,-0.94618917,0.91708666,-0.23295575,-0.3235484,-0.24403533,-0.96974444,0.0065093637
1356943036766,-0.26005864,0.06555414,-0.963365,0.9364743,-0.22604156,-0.268181,-0.2353409,-0.9719094,-0.0026056767
1356943036806,-0.20341444,0.055451095,-0.9775212,0.95410424,-0.2128967,-0.21061838,-0.21979007,-0.9755,-0.009599805
1356943036846,-0.1505515,0.04532942,-0.9875624,0.96842504,-0.19403112,-0.15654013,-0.19871369,-0.97994745,-0.014686406
1356943036886,-0.10588193,0.03603685,-0.99372554,0.97872305,-0.17285669,-0.11055195,-0.175756,-0.9842875,-0.016967684
1356943036926,-0.07193136,0.02679649,-0.99704957,0.9853023,-0.1533736,-0.07520592,-0.15493634,-0.9878049,-0.01537022
1356943036966,-0.049175262,0.015998393,-0.998662,0.98904884,-0.13852584,-0.050921053,-0.13915515,-0.9902295,-0.00901112
1356943037006,-0.036263645,0.0015974045,-0.999341,0.99085814,-0.12997091,-0.03616357,-0.12994298,-0.9915166,0.0031303763
1356943037046,-0.02998954,-0.019315869,-0.9993636,0.99130857,-0.1287024,-0.027260244,-0.1280939,-0.9914952,0.023007661
1356943037086,-0.026247919,-0.050628185,-0.9983726,0.9905759,-0.13561743,-0.019165665,-0.13442641,-0.9894669,0.0537107
1356943037126,-0.020712733,-0.09694266,-0.9950744,0.9884478,-0.15144974,-0.0058202147,-0.15013957,-0.9836997,0.098959744
1356943037166,-0.011178911,-0.16111982,-0.98687154,0.98440623,-0.17504478,0.017427415,-0.17555457,-0.9712877,0.16056412
1356943037206,5.480647E-4,-0.2401422,-0.9707376,0.9781246,-0.2018032,0.050474524,-0.20801899,-0.94953,0.23477834
1356943037246,0.00909555,-0.32269418,-0.94645965,0.9703728,-0.22568518,0.08627245,-0.24144149,-0.9192033,0.31108087
1356943037286,0.00839901,-0.39223647,-0.91982603,0.9632952,-0.24364477,0.11269203,-0.26831278,-0.8870106,0.37579316
1356943037326,-0.0036280155,-0.43648326,-0.89970505,0.958763,-0.2572031,0.120913416,-0.28418362,-0.8621652,0.41941714
1356943037366,-0.02416259,-0.45235243,-0.8915119,0.95664656,-0.26937234,0.11075136,-0.29024735,-0.85018575,0.43925017
1356943037406,-0.048259914,-0.44252986,-0.8954543,0.9555803,-0.28141934,0.08757594,-0.29075313,-0.851452,0.43645406
1356943037446,-0.070582926,-0.41208017,-0.9084097,0.9547231,-0.29175425,0.058166474,-0.2890016,-0.8631741,0.41401523
1356943037485,-0.0867157,-0.36524087,-0.92686534,0.95430154,-0.29753405,0.027963728,-0.2859876,-0.88208413,0.37435085
1356943037523,-0.08927637,-0.31461704,-0.945011,0.9552851,-0.29557377,0.008156687,-0.2818867,-0.9020268,0.32693672
1356943037565,-0.07994616,-0.26246735,-0.9616233,0.95780456,-0.28741765,-0.001180321,-0.27607772,-0.9211416,0.27437034
1356943037604,-0.05657494,-0.21382561,-0.97523224,0.9616468,-0.27425617,0.0043455064,-0.2683927,-0.9375831,0.22114083
1356943037644,-0.020350397,-0.17176533,-0.98492765,0.9654913,-0.2592078,0.025255442,-0.25963894,-0.95042515,0.17111292
1356943037684,0.026806414,-0.13814506,-0.9900492,0.967466,-0.24566758,0.06047383,-0.25157708,-0.95946,0.12706512
1356943037726,0.0826928,-0.11405143,-0.9900273,0.96571887,-0.23611939,0.107863426,-0.24606666,-0.96500766,0.090616286
1356943037766,0.14526182,-0.10034168,-0.9842919,0.9587712,-0.2313168,0.16507664,-0.24424729,-0.9676901,0.062603176
1356943037806,0.21244425,-0.09719321,-0.97232753,0.94570863,-0.23002017,0.22962093,-0.24597257,-0.96832025,0.04305002
1356943037845,0.2815727,-0.1025773,-0.95404124,0.9266182,-0.22914058,0.29811606,-0.24918953,-0.96797335,0.030530289
1356943037886,0.27938536,-0.0939967,-0.9555671,0.92704016,-0.23279497,0.29394424,-0.25008094,-0.96797276,0.022099152
1356943037926,0.39506963,-0.11363107,-0.9115964,0.88542604,-0.21736112,0.41082212,-0.24482778,-0.9694545,0.014739126
1356943038003,0.47631085,-0.11997259,-0.8710537,0.8481663,-0.19849557,0.4911348,-0.23182306,-0.97273123,0.007211134
1356943038004,0.5328108,-0.11873925,-0.83786255,0.81810796,-0.1808691,0.54588073,-0.21636087,-0.9763132,7.724762E-4
1356943038021,0.5719626,-0.11284751,-0.81248033,0.79571724,-0.16424236,0.58297396,-0.19923079,-0.9799439,-0.004145786
1356943038065,0.59773874,-0.10335073,-0.79500127,0.78147995,-0.14614949,0.606572,-0.17887864,-0.9838491,-0.006592691
1356943038105,0.61082745,-0.094216615,-0.786138,0.77543855,-0.12939802,0.61802197,-0.1599527,-0.98710644,-0.0059806406
1356943038145,0.6135197,-0.0886755,-0.7846848,0.77626824,-0.11462979,0.61989325,-0.14491758,-0.98944265,-0.0014916658
1356943038184,0.60665536,-0.08938673,-0.78992367,0.78343916,-0.101367384,0.61314595,-0.13487956,-0.9908253,0.0085339695
1356943038226,0.59149384,-0.10037887,-0.8000369,0.7956397,-0.08822104,0.5993117,-0.13073835,-0.99103034,0.027683228
1356943038266,0.57016546,-0.12811613,-0.8114786,0.81042516,-0.07414502,0.5811313,-0.13461944,-0.9889837,0.061553612
1356943038306,0.5452673,-0.17912397,-0.8189006,0.8248476,-0.059417963,0.56222403,-0.14936528,-0.9820305,0.115351364
1356943038346,0.51826453,-0.2534874,-0.8167901,0.8371337,-0.04501471,0.545143,-0.17495444,-0.96629083,0.18887329
1356943038386,0.48904753,-0.34002593,-0.8032527,0.8476975,-0.031712353,0.52953124,-0.20552742,-0.9398812,0.2727303
1356943038426,0.45730436,-0.42001528,-0.7838749,0.8586171,-0.02104652,0.51218534,-0.23162347,-0.90727293,0.3510076
1356943038487,0.4233433,-0.47811693,-0.7695353,0.8718594,-0.015876532,0.48949885,-0.24625528,-0.8781526,0.41012955
1356943038506,0.38743567,-0.5094274,-0.7683601,0.88765335,-0.018908083,0.46012396,-0.24892801,-0.86030585,0.44486934
1356943038546,0.34910166,-0.51557064,-0.7825055,0.90483475,-0.03172469,0.4245792,-0.24372533,-0.8562595,0.4554311
1356943038586,0.30730182,-0.49927872,-0.810115,0.92203504,-0.05437535,0.38326842,-0.23540807,-0.8647335,0.44364285
1356943038626,0.26177496,-0.4630267,-0.8468059,0.9380744,-0.084221125,0.33604044,-0.22691458,-0.88233393,0.4123065
1356943038666,0.21399528,-0.4101697,-0.8865477,0.9518564,-0.116367936,0.28359824,-0.21948907,-0.9045548,0.36552042
1356943038706,0.16731673,-0.34565032,-0.9233261,0.9625212,-0.14548516,0.22888222,-0.21344346,-0.92701674,0.3083536
1356943038746,0.12662923,-0.27657115,-0.95261407,0.9697472,-0.16753387,0.17754662,-0.20869938,-0.9462774,0.24698938
1356943038786,0.09651798,-0.21007046,-0.97291046,0.9738611,-0.18199813,0.13590926,-0.20561832,-0.96059734,0.1870133
1356943038826,0.08079517,-0.15229231,-0.98502755,0.97534174,-0.19155377,0.10961631,-0.2053794,-0.96959496,0.1330604
1356943038866,0.081709206,-0.10735771,-0.9908572,0.97445416,-0.20007032,0.102033794,-0.2091952,-0.973882,0.088267535
1356943038906,0.10032356,-0.07766184,-0.9919192,0.9709703,-0.20993775,0.114641726,-0.21714455,-0.9746254,0.054345667
1356943038946,0.13668907,-0.06426531,-0.9885273,0.9640543,-0.2208944,0.14766568,-0.22784987,-0.9731782,0.03176135
1356943038986,0.18909621,-0.066161275,-0.97972715,0.95245016,-0.23039585,0.1993902,-0.238917,-0.9708452,0.01944834
1356943039026,0.25251216,-0.07872504,-0.9643858,0.9354363,-0.23495471,0.26411197,-0.24737924,-0.96881294,0.014313385
1356943039066,0.31813475,-0.09395474,-0.94337845,0.9144134,-0.23228297,0.33150086,-0.2502768,-0.9680997,0.0120161325
1356943039106,0.3758349,-0.1036821,-0.92086816,0.8935023,-0.22300157,0.38977414,-0.24576771,-0.9692885,0.008828461
1356943039146,0.41727075,-0.10341105,-0.9028795,0.8781173,-0.21002713,0.4298822,-0.23408368,-0.97221136,0.0031688213
1356943039186,0.4373763,-0.09335083,-0.89442027,0.8726352,-0.19625106,0.44720605,-0.21727803,-0.97609997,-0.0043743253
1356943039226,0.43356785,-0.07668576,-0.897852,0.8790705,-0.18307486,0.4401349,-0.19812614,-0.9801036,-0.011963248
1356943039266,0.4048192,-0.057557344,-0.9125835,0.8966523,-0.1706717,0.40851656,-0.17926529,-0.98364544,-0.017482236
1356943039306,0.3517282,-0.040114343,-0.9352423,0.9218148,-0.15904456,0.35350004,-0.1629256,-0.98645616,-0.018962473
1356943039346,0.27740523,-0.02839899,-0.96033317,0.94884753,-0.14877293,0.27848697,-0.15078026,-0.9884635,-0.014324129
1356943039386,0.18981189,-0.02738598,-0.9814384,0.97118354,-0.14150596,0.19177711,-0.14413139,-0.98955846,-2.6267767E-4
1356943039426,0.10016686,-0.04305896,-0.99403846,0.98437786,-0.14110607,0.1053057,-0.1447992,-0.98905766,0.028252125
1356943039487,0.018698812,-0.080369204,-0.9965898,0.9876741,-0.15344262,0.030905783,-0.15540326,-0.98488384,0.07650939
1356943039506,-0.052225947,-0.1378389,-0.98907673,0.98284274,-0.18253773,-0.026458174,-0.1768969,-0.9734887,0.1450072
1356943039546,-0.11603165,-0.2061604,-0.97161436,0.97163117,-0.22652352,-0.06796911,-0.206081,-0.95193744,0.22659579
1356943039586,-0.18107003,-0.26856342,-0.9460905,0.9548868,-0.27825075,-0.103767484,-0.23538226,-0.92219853,0.30683056
1356943039626,-0.2568015,-0.3063294,-0.91663253,0.9317696,-0.33031595,-0.15065405,-0.25662866,-0.8927785,0.37025416
1356943039666,-0.34578967,-0.3097636,-0.8857065,0.89962155,-0.377712,-0.21912274,-0.26666576,-0.872571,0.4092789
1356943039706,-0.4435084,-0.27957973,-0.8515489,0.85542893,-0.4155802,-0.30908635,-0.26747254,-0.865522,0.4234739
1356943039746,-0.54083407,-0.22344935,-0.8109062,0.79908645,-0.43747604,-0.41240215,-0.26260102,-0.8710253,0.41515732
1356943039786,-0.62786937,-0.15365282,-0.7630012,0.7353054,-0.43848288,-0.5167773,-0.25515866,-0.8855076,0.3882917
1356943039826,-0.6982738,-0.082428336,-0.71106905,0.67175734,-0.41862625,-0.6111416,-0.2472968,-0.90441006,0.34768763
1356943039866,-0.7510704,-0.018044323,-0.65997547,0.61504185,-0.3825534,-0.68947536,-0.24003477,-0.92375714,0.29842263
1356943039906,-0.7888021,0.035606563,-0.61361504,0.56862456,-0.3367551,-0.7505079,-0.23336099,-0.94091874,0.24538636
1356943039946,-0.8152821,0.077924475,-0.573797,0.53265077,-0.2877888,-0.7959025,-0.22715262,-0.95451844,0.19312245
1356943039986,-0.8342046,0.11075623,-0.54021823,0.5047023,-0.24140507,-0.82885414,-0.2222122,-0.9640834,0.1454823
1356943040026,-0.8485336,0.13729715,-0.511019,0.48113555,-0.20174515,-0.8531164,-0.22022608,-0.9697672,0.105128944
1356943040066,-0.8604301,0.16034949,-0.48368174,0.45852542,-0.17044139,-0.87218356,-0.2222936,-0.9722334,0.07312858
1356943040106,-0.87141556,0.18071426,-0.4560451,0.43470013,-0.146317,-0.88860965,-0.22731161,-0.97259116,0.04894644
1356943040146,-0.88250554,0.19662282,-0.4272277,0.4093081,-0.12629247,-0.9036134,-0.23162666,-0.97231156,0.030974507
1356943040186,-0.89415276,0.20478946,-0.39818618,0.38382334,-0.10740489,-0.917139,-0.23058751,-0.97289544,0.017433345
1356943040226,-0.9062301,0.2025427,-0.37111104,0.36056054,-0.08812606,-0.92856336,-0.22077829,-0.9753001,0.0068335533
1356943040266,-0.91808957,0.1895282,-0.34812447,0.34132686,-0.068482995,-0.93744653,-0.2015132,-0.97948414,-0.0018175244
1356943040306,-0.9289414,0.16823828,-0.32979333,0.3261166,-0.049848557,-0.9440143,-0.17525905,-0.98448515,-0.008558929
1356943040346,-0.9382806,0.14307791,-0.31489402,0.31327522,-0.034301758,-0.9490427,-0.14658846,-0.9891168,-0.012638092
1356943040386,-0.94596946,0.11833145,-0.30189312,0.30126077,-0.023626864,-0.95324904,-0.11993212,-0.992693,-0.013298333
1356943040426,-0.95188105,0.09673928,-0.29079866,0.29033923,-0.019105494,-0.956733,-0.09810951,-0.99512637,-0.009900987
1356943040487,-0.9554096,0.07924547,-0.28445145,0.28356966,-0.022405326,-0.95868987,-0.082345046,-0.9966033,-0.0010653734
1356943040506,-0.9551745,0.065633275,-0.28867626,0.28681132,-0.036459148,-0.95729303,-0.07335517,-0.9971775,0.01600051
1356943040546,-0.9486401,0.054774255,-0.31157953,0.30789217,-0.066461205,-0.94909716,-0.07269405,-0.9962845,0.04618323
1356943040584,-0.92948395,0.042402387,-0.3664171,0.35946983,-0.11861527,-0.9255873,-0.08270979,-0.99203444,0.09500867
1356943040624,-0.87509006,0.011565372,-0.4838218,0.4727127,-0.19384885,-0.8596309,-0.103730276,-0.9809632,0.16416818
1356943040664,-0.6798344,-0.09393141,-0.7273252,0.7215867,-0.26271307,-0.64054227,-0.13091081,-0.9602909,0.2463811
1356943040706,-0.06963408,-0.31829804,-0.94542974,0.9854166,-0.16944891,-0.015530825,-0.1552586,-0.93272364,0.3254556
1356943040746,0.45394817,-0.41945055,-0.7861248,0.87462604,0.04125777,0.48303938,-0.1701774,-0.9068401,0.38559127
1356943040786,0.6210917,-0.43098152,-0.6545991,0.76367736,0.1450372,0.6290955,-0.1761873,-0.8906285,0.41921222
1356943040826,0.67296666,-0.42562282,-0.6049472,0.71789265,0.17882848,0.6727932,-0.1781743,-0.8870545,0.42589706
1356943040866,0.6923022,-0.4107249,-0.59331495,0.6987666,0.17634127,0.6932741,-0.18011908,-0.8945438,0.40908232
1356943040906,0.70318735,-0.38705388,-0.59641993,0.6870384,0.15393856,0.7101275,-0.18304561,-0.90911615,0.37416855
1356943040946,0.7147445,-0.35633105,-0.6018043,0.6741212,0.12181342,0.72850674,-0.18628179,-0.9263852,0.3272758
1356943040986,0.73110807,-0.32165635,-0.6016795,0.65549296,0.08655639,0.7502247,-0.18923528,-0.94289196,0.27412552
1356943041026,0.75427,-0.28734273,-0.5903481,0.6277787,0.05231172,0.776632,-0.19227745,-0.9563982,0.21984482
1356943041085,0.7846407,-0.25828624,-0.5635842,0.58787656,0.02136825,0.8086684,-0.19682509,-0.9658321,0.16860682
1356943041105,0.821143,-0.23873252,-0.51839274,0.532891,-0.004481271,0.84617215,-0.2043318,-0.9710751,0.12353861
1356943041145,0.8599416,-0.23029208,-0.4554844,0.4630013,-0.023558527,0.88604456,-0.21477956,-0.97283643,0.086366564
1356943041181,0.8959686,-0.23075953,-0.3794605,0.38237074,-0.03379351,0.9233908,-0.22590452,-0.97242373,0.05795777
1356943041224,0.92468286,-0.23551339,-0.29915708,0.29956734,-0.034912504,0.95343614,-0.23499133,-0.97124374,0.038269132
1356943041251,0.9452396,-0.24011213,-0.22106169,0.22040647,-0.02993143,0.9749488,-0.2407137,-0.9702837,0.02462989
1356943041292,0.9575676,-0.23941156,-0.16045696,0.15960199,-0.023086306,0.9869115,-0.2399824,-0.9706437,0.016103864
1356943041335,0.9669037,-0.23109387,-0.10813363,0.10739164,-0.015825838,0.99409074,-0.2314396,-0.9728027,0.009515494
1356943041375,0.9742842,-0.2150126,-0.06737905,0.06645234,-0.011544198,0.9977228,-0.2153008,-0.976543,0.0030407608
1356943041415,0.98033524,-0.1935327,-0.03857503,0.037238054,-0.010542661,0.9992508,-0.1937944,-0.9810372,-0.0031285584
1356943041489,0.98559195,-0.16758795,-0.022864677,0.021286115,-0.011209906,0.9997106,-0.16779575,-0.9857934,-0.007481098
1356943041503,0.9890013,-0.14703643,-0.016024023,0.014600389,-0.010756433,0.99983555,-0.14718461,-0.9890726,-0.008491337
1356943041535,0.99099976,-0.13245703,-0.01935494,0.018277947,-0.009342074,0.99978924,-0.13260993,-0.99114466,-0.006836951
1356943041575,0.99175036,-0.12519333,-0.027529173,0.027398009,-0.002769649,0.99962074,-0.12522209,-0.99212843,6.8324804E-4
1356943041615,0.9909944,-0.12497668,-0.04807226,0.04970385,0.009968162,0.99871427,-0.124336794,-0.9921096,0.016090214
1356943041656,0.9879985,-0.13333708,-0.07797536,0.083018035,0.032678813,0.9960121,-0.1302572,-0.9905318,0.043356
1356943041696,0.9818993,-0.15402694,-0.110224456,0.12215154,0.07021892,0.99002445,-0.14475057,-0.9855684,0.087762535
1356943041736,0.97244155,-0.18999897,-0.13512127,0.16049622,0.12515944,0.97906893,-0.1691104,-0.9737738,0.15220436
1356943041776,0.9600886,-0.23856424,-0.14600334,0.19438319,0.19378036,0.9615947,-0.20110953,-0.95159674,0.2324192
1356943041816,0.94557464,-0.29044026,-0.14674142,0.22642814,0.26339144,0.9377395,-0.23370686,-0.919929,0.3148201
1356943041856,0.92987156,-0.33577266,-0.15031867,0.26192394,0.31733176,0.9114255,-0.25833088,-0.88688064,0.38302466
1356943041896,0.9133045,-0.37022406,-0.16973229,0.3046546,0.34443974,0.8880016,-0.270297,-0.86272556,0.42736882
1356943041936,0.89439094,-0.39438072,-0.21101797,0.35596702,0.34193513,0.8696941,-0.27083614,-0.852962,0.44621024
1356943041976,0.86981994,-0.40944406,-0.27526152,0.41673025,0.31107014,0.8541494,-0.2641008,-0.85766596,0.44120273
1356943042016,0.8347975,-0.41446972,-0.36239207,0.4887545,0.25489926,0.8343533,-0.25344068,-0.87363684,0.4153632
1356943042056,0.78340364,-0.40616682,-0.47043303,0.5730921,0.179173,0.79966396,-0.24050811,-0.8960611,0.3731358
1356943042096,0.71088135,-0.38042635,-0.5915433,0.66594785,0.09359664,0.7401035,-0.22618835,-0.9200628,0.3198802
1356943042136,0.6187657,-0.33575252,-0.71021074,0.7566279,0.011554986,0.6537436,-0.21128958,-0.9418794,0.26118952
1356943042176,0.5195624,-0.2773125,-0.8081786,0.8314173,-0.053970456,0.55302113,-0.19697744,-0.95926267,0.20252138
1356943042216,0.43331802,-0.21620512,-0.87492335,0.8820683,-0.09743905,0.46093518,-0.18490818,-0.97147363,0.14848556
1356943042256,0.37686476,-0.16302937,-0.9118084,0.9092973,-0.12245694,0.39772192,-0.17649761,-0.9789922,0.102092475
1356943042296,0.359354,-0.12420151,-0.9248992,0.9171655,-0.13593832,0.3746039,-0.1722556,-0.9829012,0.06506337
1356943042336,0.38407698,-0.10267067,-0.9175749,0.9071343,-0.14319727,0.39572966,-0.17202404,-0.98435426,0.038137317
1356943042376,0.44886237,-0.09862414,-0.88814175,0.87626004,-0.14627147,0.45910016,-0.17518815,-0.984316,0.020764634
1356943042416,0.5433402,-0.108572274,-0.83246225,0.82001877,-0.14380988,0.5539747,-0.17986256,-0.98363143,0.010893598
1356943042489,0.64686817,-0.12423539,-0.75241417,0.7404546,-0.13373162,0.65866745,-0.18245143,-0.9831996,0.005483955
1356943042495,0.7363874,-0.1352706,-0.6628993,0.65240383,-0.117506206,0.7487066,-0.17917275,-0.98381615,0.0017209649
1356943042521,0.8047975,-0.13962945,-0.5768922,0.5680653,-0.100543186,0.81681865,-0.17205454,-0.985086,-0.001598239
1356943042565,0.8442579,-0.13182992,-0.5194703,0.51232356,-0.086022295,0.8544734,-0.15733115,-0.9875328,-0.0050854385
1356943042605,0.865487,-0.11877912,-0.48664546,0.48092705,-0.07477019,0.8735666,-0.14014804,-0.99010146,-0.0075885355
1356943042645,0.87297,-0.10591847,-0.47613505,0.47156227,-0.06630681,0.8793363,-0.12470898,-0.9921616,-0.00793669
1356943042685,0.8668601,-0.096696466,-0.4890842,0.48541513,-0.060011305,0.8722217,-0.11369136,-0.9935031,-0.005083468
1356943042726,0.8441876,-0.09326041,-0.52787274,0.5250159,-0.054906756,0.84931934,-0.10819171,-0.99412656,0.0026116073
1356943042766,0.80211467,-0.098804384,-0.5889395,0.5871843,-0.049105093,0.80796236,-0.10875015,-0.9938945,0.01862847
1356943042806,0.7462228,-0.11934385,-0.65491116,0.6554966,-0.039825976,0.7541473,-0.11608532,-0.99205387,0.048510425
1356943042846,0.7025724,-0.16201383,-0.6929239,0.69949037,-0.021732286,0.71431154,-0.1307871,-0.9865492,0.09805858
1356943042886,0.7013627,-0.22607881,-0.6760019,0.69650006,0.015681818,0.7173853,-0.15158471,-0.9739827,0.16846257
1356943042926,0.7389944,-0.29522496,-0.60558194,0.65083045,0.0805624,0.7549367,-0.17408903,-0.9520252,0.25167656
1356943042966,0.77967364,-0.3485149,-0.52023685,0.59608996,0.15861607,0.7870945,-0.19179624,-0.92378473,0.331415
1356943043006,0.79750013,-0.38137358,-0.4674909,0.56930864,0.21921659,0.79235834,-0.19970278,-0.8980525,0.39194453
1356943043046,0.7869419,-0.40205136,-0.46805674,0.58450806,0.24273099,0.77423,-0.19766831,-0.88285697,0.42601743
1356943043086,0.74280745,-0.41719133,-0.52363014,0.64212996,0.22258098,0.73357135,-0.18948945,-0.8811409,0.43322584
1356943043126,0.64488995,-0.42617017,-0.6344256,0.7428786,0.15448722,0.6513563,-0.17957799,-0.8913544,0.41622
1356943043166,0.4470792,-0.41476,-0.79252404,0.87805176,0.034392208,0.47732836,-0.17071998,-0.9092807,0.37955672
1356943043206,0.11258131,-0.34966782,-0.9300848,0.9799576,-0.11574286,0.1621319,-0.16434297,-0.9296967,0.32962918
1356943043246,-0.26584584,-0.22478434,-0.9374423,0.9504435,-0.22371686,-0.21588892,-0.16119313,-0.9483791,0.2731189
1356943043286,-0.5366252,-0.098134995,-0.8380947,0.8282142,-0.25139153,-0.50086266,-0.1615378,-0.9628976,0.2161799
1356943043326,-0.6888398,-0.005284071,-0.72489434,0.70583576,-0.23279119,-0.6690322,-0.16521382,-0.97251236,0.1640855
1356943043366,-0.7762516,0.059341162,-0.6276241,0.60654914,-0.20107925,-0.76919776,-0.17184733,-0.9777759,0.120094836
1356943043406,-0.8397565,0.108713344,-0.5319684,0.511959,-0.16779894,-0.8424616,-0.18085058,-0.97980857,0.08525354
1356943043446,-0.91231424,0.15511575,-0.37897485,0.3621314,-0.12642694,-0.9235135,-0.19116408,-0.9797731,0.059168756
1356943043489,-0.911,0.20221847,0.35942554,-0.36003625,0.03507018,-0.93227893,-0.20112914,-0.97871226,0.040857077
1356943043526,0.5279412,-0.08793458,0.8447163,-0.8232106,0.19156252,0.5344419,-0.20881191,-0.9775333,0.028745085
1356943043566,0.7222574,-0.14270267,0.67674243,-0.6582645,0.15838829,0.73593557,-0.21220808,-0.97701037,0.020460993
1356943043606,0.7880122,-0.1604015,0.5943973,-0.5790837,0.13470784,0.8040621,-0.20904276,-0.9778166,0.01326552
1356943043646,0.8327413,-0.16493635,0.5285243,-0.5172261,0.108826935,0.8489015,-0.19753237,-0.98028195,0.005315304
1356943043686,0.8723937,-0.15957975,0.46202108,-0.45516866,0.07935113,0.8868624,-0.17818716,-0.98399067,-0.0034102872
1356943043726,0.9086,-0.14648303,0.39113796,-0.3880895,0.050048262,0.92026174,-0.15437847,-0.9879463,-0.011374682
1356943043766,0.9399944,-0.1293479,0.31572086,-0.31511563,0.025662541,0.94870627,-0.13081537,-0.9912672,-0.016636904
1356943043806,0.9658439,-0.11252845,0.23341544,-0.23392013,0.0088840425,0.97221524,-0.11147554,-0.9936088,-0.01774207
1356943043846,0.98557925,-0.09949416,0.13687384,-0.13755241,4.002452E-5,0.9904945,-0.098553896,-0.99503815,-0.013646215
1356943043886,0.9955726,-0.0928072,0.014894571,-0.015102472,-0.0015381874,0.9998847,-0.0927736,-0.99568284,-0.0029329958
1356943043926,0.98590887,-0.09609203,-0.13693075,0.13798222,0.0043523917,0.99042517,-0.094575986,-0.99536294,0.017550051
1356943043966,0.94785655,-0.11615548,-0.29677582,0.30088776,0.019223005,0.9534658,-0.10504536,-0.993045,0.053170413
1356943044006,0.8966248,-0.15991998,-0.41290382,0.42466968,0.046533756,0.9041517,-0.12537792,-0.9860326,0.109636486
1356943044046,0.86260635,-0.2248386,-0.45316434,0.48175287,0.09178174,0.8714875,-0.15435177,-0.9700638,0.18748814
