1356942488693,0.6759289,0.3358788,-0.6559768,-0.6155363,-0.23216873,-0.7531353,-0.40525946,0.91284347,0.049816012
1356942488695,0.32401907,0.19436213,-0.9258698,-0.8548541,-0.3590814,-0.374546,-0.40526032,0.91284376,0.04980217
1356942488734,0.32419413,0.19436851,-0.9258073,-0.85477936,-0.35908824,-0.37471077,-0.40527838,0.9128399,0.049727798
1356942488776,0.32500613,0.19460392,-0.925473,-0.85442245,-0.35905528,-0.37555504,-0.40538046,0.9128026,0.049578786
1356942488816,0.32735318,0.19555598,-0.9244447,-0.8533662,-0.35889286,-0.37810358,-0.40571693,0.9126631,0.049396053
1356942488859,0.33238518,0.1978406,-0.9221601,-0.850997,-0.35860926,-0.38367122,-0.4066009,0.91228205,0.049165323
1356942488905,0.3418941,0.20230249,-0.91770476,-0.84624135,-0.35836685,-0.39426985,-0.40863675,0.9113983,0.048673213
1356942488950,0.35896218,0.21010974,-0.90939546,-0.8378464,-0.35681033,-0.41315848,-0.4112903,0.9102419,0.047958225
1356942488987,0.3778761,0.21895844,-0.89959264,-0.8278715,-0.3551224,-0.43418533,-0.414534,0.9088153,0.04707718
1356942489028,0.3981986,0.22869253,-0.88833416,-0.81663895,-0.35268146,-0.45685518,-0.41777834,0.90736735,0.04632193
1356942489069,0.41724446,0.23815554,-0.8770342,-0.80557853,-0.34977153,-0.47822902,-0.42065454,0.9060583,0.045912802
1356942489109,0.43474093,0.24705312,-0.8660053,-0.7952101,-0.34601298,-0.49791157,-0.42265967,0.9051187,0.046033114
1356942489151,0.4502527,0.2549147,-0.85574,-0.7861126,-0.3413207,-0.51529324,-0.42343765,0.9047202,0.046711117
1356942489189,0.46310818,0.261248,-0.84692407,-0.77889895,-0.33599073,-0.5295533,-0.42290333,0.90490866,0.047885723
1356942489229,0.47332403,0.2659551,-0.83978105,-0.7738246,-0.3299838,-0.5406536,-0.42090368,0.90574753,0.049613304
1356942489266,0.48088735,0.269251,-0.8344167,-0.77060187,-0.32417,-0.5487135,-0.41823453,0.90687245,0.051596075
1356942489310,0.4859746,0.27150226,-0.83073175,-0.76912093,-0.31856632,-0.5540474,-0.41506827,0.90818614,0.05400294
1356942489350,0.48858157,0.27304566,-0.8286942,-0.7692498,-0.31341317,-0.55680054,-0.4117557,0.9095153,0.056912474
1356942489384,0.4891434,0.27413362,-0.82800335,-0.7705124,-0.30904225,-0.5574977,-0.40871686,0.9106831,0.060057342
1356942489431,0.4877369,0.27466226,-0.82865757,-0.7727692,-0.30575415,-0.5561853,-0.4061286,0.9116332,0.06312293
1356942489479,0.48656505,0.274931,-0.82925713,-0.7744865,-0.30347675,-0.55504286,-0.40425873,0.91231287,0.06526921
1356942489518,0.4865173,0.27474433,-0.8293471,-0.7749918,-0.30253208,-0.55485326,-0.40334684,0.91268283,0.065737486
1356942489557,0.48800114,0.27393785,-0.8287418,-0.7738857,-0.30332574,-0.5559627,-0.40367794,0.9126618,0.06397328
1356942489598,0.49046978,0.27248117,-0.8277641,-0.77139974,-0.30616805,-0.5578562,-0.40544027,0.9121486,0.060025744
1356942489637,0.49297285,0.27042362,-0.8269515,-0.7680026,-0.31137884,-0.5596564,-0.40883943,0.91099644,0.054184698
1356942489677,0.49404404,0.26790366,-0.8271324,-0.7649003,-0.31834772,-0.55998397,-0.41333753,0.9093306,0.04764185
1356942489738,0.4934834,0.26495677,-0.82841545,-0.7622927,-0.32685855,-0.5586354,-0.41878885,0.90717226,0.040675282
1356942489758,0.4910632,0.26116788,-0.83105254,-0.7607372,-0.33623514,-0.5551802,-0.4244242,0.90484107,0.03356737
1356942489799,0.4878535,0.2560102,-0.83454037,-0.75978696,-0.34617683,-0.5503503,-0.4297938,0.9025632,0.02562961
1356942489837,0.48293048,0.24873778,-0.8395878,-0.7604753,-0.3562004,-0.5429535,-0.43411458,0.9006946,0.017138928
1356942489877,0.47804677,0.23922274,-0.84512943,-0.761889,-0.3658188,-0.53451073,-0.43703133,0.89941597,0.0073826835
1356942489920,0.47251517,0.22632304,-0.8517672,-0.7646707,-0.37523854,-0.5239033,-0.43818724,0.89887375,-0.0042433143
1356942489957,0.46433187,0.20969552,-0.86047876,-0.7699324,-0.38460523,-0.50919807,-0.43772128,0.89894736,-0.017133027
1356942489998,0.4571032,0.18992949,-0.8688979,-0.7755521,-0.3931315,-0.49392986,-0.4354029,0.8996525,-0.03240151
1356942490037,0.44970575,0.16671976,-0.87747896,-0.7820854,-0.4010066,-0.4770075,-0.4314014,0.9007765,-0.0499459
1356942490078,0.44238615,0.14093679,-0.8856813,-0.7891967,-0.4079122,-0.4591037,-0.42598474,0.9020779,-0.069227874
1356942490115,0.43543446,0.11357948,-0.8930266,-0.79651964,-0.41362804,-0.4409855,-0.41946778,0.9033336,-0.089639604
1356942490154,0.4290962,0.08571729,-0.8991824,-0.8036716,-0.41816357,-0.4233805,-0.41229635,0.90431833,-0.11054383
1356942490196,0.42500076,0.058270276,-0.9033155,-0.8096124,-0.42185327,-0.4081269,-0.40484828,0.9047896,-0.13211161
1356942490236,0.42242694,0.032366544,-0.90581894,-0.81431794,-0.42532152,-0.39495316,-0.39804757,0.9044634,-0.1533106
1356942490276,0.42436492,0.008787215,-0.90544856,-0.8160592,-0.4296016,-0.38663918,-0.39237964,0.90297574,-0.17513697
1356942490316,0.42977837,-0.011821389,-0.90285695,-0.8151541,-0.43513855,-0.38233262,-0.3883482,0.9002859,-0.1966494
1356942490355,0.44044393,-0.029318988,-0.8973013,-0.8102832,-0.44335657,-0.38324425,-0.38658813,0.8958657,-0.21903038
1356942490414,0.4676613,-0.036168247,-0.8831675,-0.7945119,-0.45506343,-0.40207964,-0.38735473,0.8897242,-0.24155165
1356942490434,0.48119855,-0.04976961,-0.87519765,-0.7842512,-0.47051007,-0.40443826,-0.39166057,0.8809899,-0.26544064
1356942490475,0.5065057,-0.055235147,-0.86046565,-0.7638361,-0.49171013,-0.41806167,-0.400008,0.86900526,-0.29124457
1356942490511,0.5277686,-0.06161809,-0.8471502,-0.74266744,-0.51748294,-0.42503703,-0.4121958,0.8534721,-0.318873
1356942490542,0.5489143,-0.064638436,-0.8333756,-0.71973187,-0.5435497,-0.43190238,-0.42506358,0.8368844,-0.34488457
1356942490581,0.569538,-0.06571168,-0.81933415,-0.6943262,-0.5719644,-0.43676978,-0.439929,0.81764215,-0.3713808
1356942490623,0.5888678,-0.06420642,-0.805675,-0.669557,-0.59708446,-0.4417959,-0.4526899,0.7996047,-0.39459366
1356942490665,0.6051971,-0.060499728,-0.7937735,-0.6499967,-0.61322796,-0.44883832,-0.45960945,0.78758574,-0.41044837
1356942490739,0.6163614,-0.05460432,-0.78556794,-0.63934803,-0.6170806,-0.45874345,-0.45970935,0.78500307,-0.41525584
1356942490744,0.61898005,-0.046467483,-0.7840309,-0.6402689,-0.60800916,-0.46944708,-0.45488393,0.792569,-0.40609723
1356942490784,0.6094554,-0.03613612,-0.79199636,-0.65402555,-0.58755517,-0.47647616,-0.44812357,0.8083768,-0.38172263
1356942490829,0.5866896,-0.024208367,-0.8094501,-0.6787171,-0.5599462,-0.47518784,-0.44174498,0.82817525,-0.34494522
1356942490868,0.5467187,-0.011281729,-0.8372403,-0.7144306,-0.5277587,-0.4594124,-0.43667787,0.8493194,-0.29659557
1356942490906,0.49335602,0.001968354,-0.8698253,-0.75435925,-0.4969007,-0.42898935,-0.43306118,0.8678052,-0.2436641
1356942490948,0.4271056,0.015231997,-0.9040735,-0.7947712,-0.47047502,-0.38339537,-0.43118384,0.88228184,-0.18883656
1356942490987,0.3591989,0.028272957,-0.93283266,-0.8279607,-0.45157775,-0.3325034,-0.4306473,0.8917837,-0.13879734
1356942491029,0.29607683,0.040965408,-0.95428526,-0.851915,-0.44048262,-0.28322434,-0.43194842,0.896826,-0.09551768
1356942491068,0.24693143,0.053258747,-0.9675683,-0.86621785,-0.4354589,-0.24503529,-0.4343865,0.8986318,-0.061394826
1356942491108,0.21237296,0.06455389,-0.97505414,-0.87348855,-0.43478817,-0.2190367,-0.43808165,0.898216,-0.03595017
1356942491148,0.19116777,0.074708074,-0.9787102,-0.87622726,-0.43637365,-0.20445997,-0.4423581,0.8966587,-0.017959371
1356942491188,0.18088979,0.08347845,-0.9799542,-0.8762994,-0.43868893,-0.1991263,-0.44651788,0.89475316,-0.006202206
1356942491227,0.17889374,0.090660274,-0.97968245,-0.8747363,-0.44115108,-0.20055452,-0.4503703,0.8928418,3.8468838E-4
1356942491268,0.18217051,0.09609479,-0.9785601,-0.87210554,-0.44386977,-0.20594087,-0.45414308,0.890924,0.0029447824
1356942491307,0.18745202,0.099725425,-0.9771983,-0.8691336,-0.44669002,-0.21230814,-0.4576773,0.8891134,0.002941832
1356942491348,0.19127166,0.10175848,-0.97624815,-0.8670714,-0.4486128,-0.21664202,-0.46000257,0.8879143,0.0024249405
1356942491388,0.1905384,0.102770716,-0.97628546,-0.86737275,-0.44812053,-0.21645465,-0.45973873,0.8880464,0.0037563294
1356942491427,0.18349755,0.1030705,-0.9776017,-0.8707162,-0.4445505,-0.2103048,-0.45626956,0.88980407,0.008171201
1356942491469,0.17022234,0.10320932,-0.97998583,-0.8775849,-0.4364425,-0.19840026,-0.44818428,0.89379287,0.016282722
1356942491508,0.15210134,0.1014179,-0.9831478,-0.88661766,-0.42558575,-0.18106914,-0.4367773,0.899217,0.025186703
1356942491548,0.13162678,0.09754288,-0.9864886,-0.8970979,-0.4116857,-0.16040644,-0.42176983,0.9060906,0.033316687
1356942491588,0.10787749,0.090399146,-0.99004567,-0.90810436,-0.39633858,-0.13513792,-0.40460965,0.9136431,0.039335847
1356942491628,0.08123362,0.07951346,-0.99351835,-0.9185592,-0.38091946,-0.10559052,-0.3868464,0.92118293,0.042094365
1356942491667,0.05398357,0.063544095,-0.9965179,-0.9273431,-0.36689663,-0.07363179,-0.37029794,0.9280889,0.039120793
1356942491740,0.03224349,0.04021144,-0.9986708,-0.93317735,-0.35665214,-0.044489503,-0.35796702,0.9333715,0.02602467
1356942491747,0.031698704,0.0064259768,-0.99947685,-0.93445516,-0.3546477,-0.031916708,-0.35466725,0.934978,-0.0052371323
1356942491786,0.061254144,-0.036373377,-0.99745923,-0.9299075,-0.3651774,-0.043789208,-0.36265677,0.9302271,-0.056192517
1356942491827,0.13260978,-0.08322552,-0.98766804,-0.91421115,-0.39524448,-0.089441925,-0.38292646,0.914798,-0.12849897
1356942491867,0.227296,-0.12359187,-0.9659511,-0.8841016,-0.4420629,-0.15147492,-0.40829012,0.88842857,-0.2097469
1356942491909,0.3227546,-0.15066913,-0.9344133,-0.8425064,-0.49560204,-0.21109599,-0.43129155,0.8553814,-0.28689754
1356942491947,0.39465976,-0.16363508,-0.9041389,-0.8036721,-0.53844416,-0.2533556,-0.44537044,0.82662046,-0.3440112
1356942491988,0.4357012,-0.16736028,-0.8843953,-0.7793385,-0.5617345,-0.27764356,-0.4503289,0.81021285,-0.3751787
1356942492027,0.44467804,-0.16663125,-0.88005424,-0.77473056,-0.56464577,-0.28454843,-0.44950426,0.80833733,-0.38017988
1356942492068,0.4210685,-0.16486892,-0.891919,-0.7897624,-0.5502395,-0.27113077,-0.44606805,0.8185687,-0.36189577
1356942492108,0.36374432,-0.16385552,-0.91697407,-0.8201889,-0.5229849,-0.2318986,-0.44156575,0.8364437,-0.32462525
1356942492148,0.2742289,-0.16377619,-0.94761586,-0.8569846,-0.488705,-0.16353855,-0.4363209,0.8569392,-0.27437073
1356942492187,0.15919054,-0.16340235,-0.9736314,-0.8886647,-0.45330274,-0.069221556,-0.43003884,0.8762512,-0.21737143
1356942492227,0.033258736,-0.16069716,-0.9864433,-0.90576583,-0.42205185,0.038216025,-0.42247143,0.8922156,-0.15959084
1356942492267,-0.08406192,-0.15395802,-0.98449504,-0.90634173,-0.3987667,0.13974896,-0.4140993,0.9040365,-0.10601747
1356942492307,-0.17472315,-0.14266473,-0.9742271,-0.89681405,-0.38537842,0.21727386,-0.40644345,0.9116634,-0.060609132
1356942492348,-0.23078865,-0.12771553,-0.9645856,-0.8863488,-0.3813731,0.26256505,-0.40140063,0.9155563,-0.025183916
1356942492388,-0.2502172,-0.10962883,-0.96196294,-0.88175976,-0.38454217,0.27317932,-0.39986372,0.9165745,-4.4718385E-4
1356942492429,-0.2379688,-0.09088951,-0.96701074,-0.8839129,-0.3924001,0.25440127,-0.4025776,0.9152929,0.013040632
1356942492466,-0.20327026,-0.0714615,-0.97651124,-0.89023256,-0.40172845,0.21470919,-0.4076359,0.91296625,0.018042207
1356942492506,-0.15949869,-0.054282427,-0.98570466,-0.8964551,-0.41019857,0.16764659,-0.4134349,0.91037935,0.016764402
1356942492546,-0.11830592,-0.039739072,-0.99218166,-0.9011633,-0.4153393,0.12408832,-0.41702327,0.9087981,0.013325751
1356942492586,-0.08989638,-0.028706342,-0.99553734,-0.9048861,-0.41521627,0.09368336,-0.41605264,0.9092697,0.0113505125
1356942492627,-0.07969636,-0.021965235,-0.99657714,-0.9086666,-0.40945274,0.08169076,-0.40984562,0.9120668,0.012672812
1356942492667,-0.089381516,-0.020556986,-0.99578524,-0.91247725,-0.39907336,0.09014231,-0.39924443,0.9166885,0.016912013
1356942492742,-0.119553566,-0.02558726,-0.99249804,-0.9150258,-0.3850872,0.120149285,-0.3852725,0.9225255,0.022625476
1356942492745,-0.17188096,-0.039347053,-0.98433167,-0.9126639,-0.36975342,0.1741468,-0.37081212,0.92829645,0.027642906
1356942492784,-0.24171132,-0.060848325,-0.9684385,-0.90225744,-0.35317534,0.24738377,-0.35708153,0.9335763,0.030465633
1356942492826,-0.3297121,-0.09226161,-0.93956244,-0.8784559,-0.33458877,0.34112394,-0.3458397,0.9378369,0.029270232
1356942492867,-0.41861612,-0.13304591,-0.89836484,-0.84223396,-0.31315124,0.4388375,-0.33970958,0.9403378,0.019034326
1356942492907,-0.50047797,-0.18436474,-0.8458909,-0.79575455,-0.28690743,0.5333468,-0.3410227,0.9400499,-0.003118217
1356942492948,-0.53833234,-0.24425623,-0.8065589,-0.7644013,-0.26142275,0.5893631,-0.3548084,0.93380785,-0.045977473
1356942492987,-0.5363399,-0.3113094,-0.78449094,-0.75430244,-0.24018699,0.611014,-0.37863886,0.9194546,-0.10599953
1356942493029,-0.48664498,-0.38072887,-0.78627104,-0.7718382,-0.23419744,0.59111536,-0.4091974,0.8945373,-0.1798901
1356942493067,-0.42657524,-0.4409601,-0.7896758,-0.79298276,-0.23756367,0.5610187,-0.4349851,0.86551595,-0.248335
1356942493108,-0.38390803,-0.48542577,-0.7854785,-0.80616564,-0.23857647,0.5414593,-0.45023498,0.8410964,-0.29974216
1356942493147,-0.38029337,-0.51229906,-0.7700174,-0.80549693,-0.2256633,0.54795146,-0.4544797,0.8286289,-0.32683706
1356942493187,-0.4159128,-0.52151227,-0.74501103,-0.7895943,-0.19934702,0.58034617,-0.45117337,0.82962984,-0.32887214
1356942493227,-0.47722113,-0.51273215,-0.7136986,-0.7585491,-0.16970468,0.62912923,-0.4436928,0.8416092,-0.30794585
1356942493267,-0.53889066,-0.4893391,-0.68567055,-0.7214688,-0.15205902,0.67554486,-0.43483287,0.8587347,-0.2710997
1356942493306,-0.59115493,-0.45613047,-0.6651923,-0.6852141,-0.15102929,0.71251094,-0.42546147,0.87700355,-0.22326535
1356942493347,-0.6275481,-0.41763926,-0.6570852,-0.6584848,-0.16561115,0.73414624,-0.4154289,0.8933927,-0.17108011
1356942493388,-0.64855015,-0.37668443,-0.66143155,-0.6448293,-0.18982881,0.7403785,-0.40444782,0.90668297,-0.1197837
1356942493427,-0.6521314,-0.3357649,-0.67969596,-0.64775777,-0.21902281,0.7296841,-0.39387122,0.9161283,-0.074662685
1356942493468,-0.64016056,-0.2967869,-0.7085986,-0.66424793,-0.24956697,0.70462114,-0.38596514,0.92175585,-0.03737718
1356942493507,-0.6098564,-0.25999165,-0.74865174,-0.69395757,-0.28104073,0.66290194,-0.38275063,0.92380756,-0.009028673
1356942493548,-0.5633131,-0.22678176,-0.79451144,-0.7306453,-0.31226593,0.6071634,-0.38579237,0.9225292,0.010206401
1356942493587,-0.50154305,-0.19619489,-0.8425925,-0.7699954,-0.34278852,0.5381478,-0.3944129,0.91869664,0.020854056
1356942493627,-0.43015575,-0.16775769,-0.8870306,-0.8062049,-0.37073427,0.46107447,-0.40620148,0.9134623,0.024226487
1356942493668,-0.35634857,-0.14103666,-0.9236473,-0.83593154,-0.39349854,0.38259274,-0.4174135,0.9084423,0.022325724
1356942493745,-0.2872426,-0.11494765,-0.9509357,-0.8589815,-0.4083801,0.308831,-0.42384258,0.9055456,0.018566221
1356942493748,-0.22873062,-0.09002879,-0.9693178,-0.8770095,-0.41312557,0.24531904,-0.42253575,0.90621305,0.015538365
1356942493785,-0.18076605,-0.06621307,-0.9812949,-0.8921007,-0.4090441,0.19193575,-0.4141015,0.91010916,0.014872551
1356942493827,-0.1446957,-0.044715464,-0.9884653,-0.90560967,-0.3965093,0.15050393,-0.39866558,0.916941,0.016878456
1356942493875,-0.11959082,-0.02670747,-0.99246395,-0.9183505,-0.37688076,0.12080225,-0.37726688,0.9258766,0.020544678
1356942493918,-0.10531169,-0.015250742,-0.9943223,-0.928305,-0.35703832,0.10379583,-0.3565941,0.93396527,0.023442954
1356942493956,-0.10103834,-0.010669798,-0.99482536,-0.93588984,-0.33819026,0.09867978,-0.3374931,0.94101727,0.024184406
1356942493997,-0.105656564,-0.014450103,-0.99429774,-0.94112504,-0.32144403,0.1046778,-0.32112363,0.94681835,0.020363271
1356942494038,-0.11090577,-0.029408693,-0.9933957,-0.94413424,-0.30901122,0.11455408,-0.3103393,0.9506036,0.00650537
1356942494077,-0.10629135,-0.05768317,-0.9926605,-0.9450906,-0.304417,0.118887216,-0.30904046,0.95079076,-0.02215895
1356942494118,-0.07013625,-0.10121679,-0.9923891,-0.94385004,-0.31523657,0.09885773,-0.32284346,0.94359994,-0.07342389
1356942494157,-0.00408864,-0.15154546,-0.9884418,-0.9373571,-0.3437447,0.05657944,-0.348346,0.92675436,-0.14064676
1356942494198,0.08411646,-0.19834018,-0.9765171,-0.9212917,-0.38887203,-3.7571788E-4,-0.37966564,0.8996887,-0.21543968
1356942494237,0.17057335,-0.2313813,-0.957793,-0.897812,-0.4370162,-0.05431804,-0.40600285,0.8691833,-0.28228024
1356942494278,0.23668054,-0.24812624,-0.93936986,-0.8756554,-0.47338203,-0.09558758,-0.420963,0.845188,-0.32931346
1356942494318,0.27427804,-0.25115603,-0.92827374,-0.86246914,-0.49120164,-0.12193397,-0.42534512,0.83405125,-0.35134014
1356942494358,0.28279462,-0.24410978,-0.92759776,-0.8605646,-0.49167934,-0.13296637,-0.42362225,0.8358599,-0.3491165
1356942494397,0.26364478,-0.22956893,-0.9369042,-0.8688358,-0.47846767,-0.12725177,-0.41906533,0.8475652,-0.3256032
1356942494437,0.22117358,-0.20914572,-0.9525441,-0.8833026,-0.4569468,-0.10476652,-0.41335046,0.8645563,-0.28580356
1356942494476,0.16090131,-0.18390432,-0.96968544,-0.89906764,-0.43263203,-0.0671334,-0.4071709,0.8826146,-0.23495343
1356942494517,0.091590345,-0.15540975,-0.9835949,-0.9115574,-0.41068655,-0.019993126,-0.40084204,0.8984344,-0.17927983
1356942494558,0.021262169,-0.12534383,-0.9918855,-0.91852033,-0.39422423,0.03012833,-0.39480168,0.9104264,-0.12351292
1356942494597,-0.03987372,-0.096693635,-0.9945152,-0.91988385,-0.38508427,0.074322045,-0.39015865,0.9178019,-0.073592156
1356942494638,-0.08789748,-0.07146424,-0.9935628,-0.917187,-0.38333994,0.1087133,-0.3886414,0.9208385,-0.03185153
1356942494677,-0.120387495,-0.051353753,-0.99139786,-0.91289574,-0.38664085,0.13088253,-0.39003623,0.9207995,-3.3390522E-4
1356942494740,-0.13818389,-0.03720796,-0.98970747,-0.90862465,-0.39286327,0.14163268,-0.3940895,0.91884387,0.020479232
1356942494758,-0.1441176,-0.028759658,-0.9891425,-0.9052886,-0.39981627,0.14352497,-0.39960307,0.9161439,0.03158486
1356942494796,-0.14202327,-0.024975032,-0.9895482,-0.9030174,-0.40620178,0.1398561,-0.40544915,0.913442,0.035137206
1356942494837,-0.135755,-0.024504602,-0.99043936,-0.90176624,-0.411003,0.1337696,-0.41035146,0.9113046,0.03369826
1356942494879,-0.12935781,-0.025577098,-0.99126804,-0.90159035,-0.41312253,0.12831464,-0.4127971,0.9103162,0.030380607
1356942494917,-0.12607747,-0.026604801,-0.9916636,-0.9025254,-0.4118541,0.12579408,-0.4117674,0.9108614,0.027914017
1356942494966,-0.12759447,-0.026943624,-0.9914603,-0.9043822,-0.40724432,0.1274552,-0.40720066,0.91292167,0.027594805
1356942494996,-0.13430595,-0.026984155,-0.99057245,-0.9069526,-0.39940125,0.13384855,-0.39924768,0.916379,0.029168665
1356942495035,-0.14629441,-0.02831301,-0.9888358,-0.90942335,-0.38951403,0.14569849,-0.38929057,0.9205852,0.031235188
1356942495077,-0.16310316,-0.0318681,-0.9860941,-0.91143006,-0.37780702,0.16296324,-0.37774667,0.92533565,0.032576054
1356942495117,-0.18615967,-0.039502382,-0.98172504,-0.91164285,-0.36567652,0.18758434,-0.36640388,0.9299033,0.032062232
1356942495156,-0.21041542,-0.052070618,-0.9762244,-0.9106097,-0.3528797,0.21509498,-0.3556899,0.9342187,0.026835322
1356942495205,-0.2283501,-0.07677147,-0.97054744,-0.90906525,-0.34003597,0.24078187,-0.34850618,0.9372735,0.007856935
1356942495248,-0.23563027,-0.11525628,-0.9649841,-0.9070971,-0.33027768,0.2609433,-0.34878808,0.9368205,-0.026725262
1356942495287,-0.20934922,-0.16717485,-0.9634446,-0.9087328,-0.33056307,0.25481936,-0.3610786,0.92885983,-0.08271414
1356942495327,-0.14625889,-0.22574195,-0.9631453,-0.9117942,-0.34689248,0.21976557,-0.3837182,0.91033304,-0.15509409
1356942495366,-0.059146106,-0.27776232,-0.9588274,-0.9105035,-0.37876654,0.16588989,-0.40924963,0.8828274,-0.23050103
1356942495408,0.025689125,-0.31109738,-0.95003074,-0.9034854,-0.4139626,0.11112577,-0.42784816,0.85548425,-0.2917063
1356942495448,0.087705314,-0.3236124,-0.94211614,-0.89624625,-0.4384418,0.06716755,-0.4347993,0.83847713,-0.32849005
1356942495487,0.12117833,-0.31991482,-0.939665,-0.89352643,-0.44747388,0.037116915,-0.43234974,0.8351178,-0.3400765
1356942495529,0.120001405,-0.30428678,-0.9449916,-0.8980815,-0.4389806,0.027307063,-0.42314216,0.8454026,-0.32595265
1356942495605,0.092234194,-0.28135785,-0.9551599,-0.90663695,-0.42034942,0.03627214,-0.41170642,0.8626379,-0.29385996
1356942495606,0.035600483,-0.25241157,-0.96696484,-0.91591585,-0.39531255,0.06946939,-0.39978826,0.8831853,-0.24526104
1356942495643,-0.034874916,-0.22104284,-0.97464037,-0.9207201,-0.37216085,0.117349476,-0.3886622,0.9014635,-0.19053957
1356942495686,-0.11082226,-0.18926859,-0.9756515,-0.91909397,-0.35399574,0.17307034,-0.37813327,0.91589546,-0.134725
1356942495742,-0.18146175,-0.15907386,-0.9704468,-0.91180277,-0.34242707,0.22662604,-0.36835754,0.9259801,-0.082906604
1356942495768,-0.23819917,-0.13217393,-0.96218044,-0.9017801,-0.33776373,0.2696447,-0.36062962,0.9319043,-0.03873682
1356942495807,-0.27602935,-0.10972765,-0.9548652,-0.8924483,-0.33958972,0.29700983,-0.35685265,0.9341513,-0.0041894913
1356942495848,-0.29302037,-0.09214595,-0.9516555,-0.8866211,-0.346327,0.30652973,-0.35782948,0.9335773,0.019782364
1356942495886,-0.2904194,-0.07969624,-0.9535749,-0.88511324,-0.35632122,0.29934886,-0.36363593,0.9309585,0.032942444
1356942495926,-0.27187377,-0.07139674,-0.9596808,-0.8872094,-0.36767864,0.27869686,-0.3727521,0.9272082,0.036618263
1356942495966,-0.2435633,-0.065962136,-0.9676393,-0.89127016,-0.37825233,0.2501253,-0.38251066,0.9233494,0.033338338
1356942496006,-0.21280658,-0.06180972,-0.9751374,-0.89616036,-0.38535434,0.2199972,-0.38937134,0.9206964,0.026614457
1356942496046,-0.1863367,-0.057780802,-0.98078537,-0.9015281,-0.38676363,0.19406414,-0.39054534,0.9203669,0.019977242
1356942496087,-0.16895354,-0.05344504,-0.98417395,-0.90726274,-0.38174444,0.17648065,-0.385135,0.9227214,0.016008437
1356942496128,-0.1626969,-0.049598873,-0.9854286,-0.91266483,-0.37194753,0.16940442,-0.37493,0.9269277,0.015247613
1356942496166,-0.16796237,-0.047499537,-0.98464847,-0.91708565,-0.3588395,0.17374787,-0.36158368,0.93218994,0.016710311
1356942496207,-0.18521357,-0.049007505,-0.9814755,-0.9193696,-0.3440966,0.1906752,-0.34706697,0.9376543,0.018675417
1356942496248,-0.21497792,-0.05539012,-0.9750469,-0.9182431,-0.32853693,0.22111732,-0.33258668,0.94286543,0.019766688
1356942496287,-0.25884676,-0.06810579,-0.9635144,-0.9114976,-0.312873,0.26698792,-0.31964105,0.94735,0.018907905
1356942496328,-0.3097908,-0.087602735,-0.9467605,-0.8990242,-0.2971323,0.32166424,-0.3094918,0.95080924,0.013291836
1356942496367,-0.36285383,-0.11675978,-0.92450213,-0.88063973,-0.28138655,0.3811761,-0.30464852,0.9524646,-7.21097E-4
1356942496408,-0.3954425,-0.15769088,-0.90485287,-0.86483085,-0.26786852,0.424634,-0.3093425,0.95046306,-0.030449271
1356942496447,-0.3939057,-0.21168363,-0.89444304,-0.85964966,-0.25958836,0.44001853,-0.32533172,0.94223344,-0.07972044
1356942496488,-0.35247916,-0.27370083,-0.8949002,-0.86807144,-0.26160002,0.42192107,-0.34958604,0.92555565,-0.1453833
1356942496526,-0.28309774,-0.33274767,-0.8995191,-0.8829472,-0.2758125,0.37991002,-0.37451276,0.90177965,-0.21571672
1356942496568,-0.21149361,-0.37784156,-0.9013913,-0.89514434,-0.2953977,0.33385146,-0.3924119,0.8774828,-0.27574807
1356942496607,-0.16238552,-0.40467203,-0.8999286,-0.9018388,-0.3092203,0.30177766,-0.40039712,0.8605948,-0.31473607
1356942496647,-0.14711416,-0.41501123,-0.8978436,-0.90413755,-0.31168228,0.29221466,-0.40111434,0.85476303,-0.32937437
1356942496687,-0.16964644,-0.4117536,-0.8953653,-0.901524,-0.30215693,0.30976698,-0.3980885,0.8597442,-0.31994587
1356942496742,-0.21987182,-0.39752656,-0.8908586,-0.89244705,-0.28681296,0.34824798,-0.39394766,0.871614,-0.2917093
1356942496768,-0.28955483,-0.37401837,-0.88106084,-0.8743531,-0.2711653,0.40246248,-0.38944146,0.8868933,-0.24850684
1356942496807,-0.35926998,-0.3450099,-0.86711776,-0.8503059,-0.26188552,0.45650378,-0.38458395,0.90132356,-0.19927633
1356942496848,-0.42570484,-0.3127742,-0.8490864,-0.8217809,-0.25913316,0.5074704,-0.3787501,0.91379553,-0.14671761
1356942496887,-0.4765923,-0.2807223,-0.8330995,-0.7964661,-0.26328892,0.5443536,-0.37215805,0.9229702,-0.0981043
1356942496928,-0.51189244,-0.2509509,-0.82157767,-0.7773278,-0.27180856,0.5673461,-0.36568785,0.92905533,-0.05593437
1356942496967,-0.5274508,-0.22431037,-0.8194391,-0.76891744,-0.28417724,0.572721,-0.3613332,0.9321631,-0.022586644
1356942497008,-0.521795,-0.20110205,-0.82902837,-0.7728864,-0.29989272,0.55920565,-0.36107698,0.9325354,0.0010534525
1356942497046,-0.49532676,-0.18061417,-0.8497236,-0.78798,-0.31836128,0.5270045,-0.3657035,0.93060446,0.0153723955
1356942497086,-0.45166558,-0.16143146,-0.8774611,-0.81015897,-0.337718,0.47915435,-0.373685,0.9273006,0.02175051
1356942497126,-0.39772534,-0.14253691,-0.90636516,-0.8344164,-0.3545918,0.42191708,-0.38152838,0.924093,0.022094905
1356942497166,-0.34206045,-0.12342343,-0.93153715,-0.85712206,-0.36533672,0.36314023,-0.38514474,0.9226569,0.019178241
1356942497206,-0.29286063,-0.10450795,-0.9504266,-0.8765422,-0.36775476,0.31053212,-0.38197693,0.92403173,0.016095191
1356942497248,-0.2552495,-0.0868907,-0.962963,-0.89245117,-0.36200756,0.26922402,-0.37199292,0.9281167,0.014856517
1356942497287,-0.23118305,-0.072108746,-0.9702344,-0.9050061,-0.35009205,0.24165994,-0.35709715,0.9339357,0.015676498
1356942497327,-0.2208687,-0.061858565,-0.9733399,-0.9138887,-0.33541924,0.22869495,-0.34062362,0.94003594,0.01755172
1356942497367,-0.2243002,-0.05676183,-0.9728657,-0.91896045,-0.31994277,0.23053914,-0.32434717,0.94573504,0.019601315
1356942497407,-0.24160266,-0.057495803,-0.9686704,-0.9197334,-0.3047011,0.24748263,-0.30938417,0.950711,0.02073577
1356942497448,-0.2687322,-0.06490186,-0.96102595,-0.9164574,-0.2898547,0.27584445,-0.29646066,0.9548676,0.018413454
1356942497487,-0.29886746,-0.08119357,-0.9508343,-0.9099571,-0.27593058,0.3095811,-0.28750023,0.95774215,0.008583963
1356942497528,-0.3091669,-0.1108641,-0.9445237,-0.90665716,-0.26540273,0.32792407,-0.28703418,0.9577424,-0.018462002
1356942497567,-0.2908584,-0.15492055,-0.9441403,-0.9095125,-0.261518,0.32310233,-0.29696488,0.9526845,-0.064837456
1356942497608,-0.22938716,-0.21074164,-0.95024705,-0.9198749,-0.2721622,0.28241438,-0.3181378,0.93889064,-0.13142538
1356942497647,-0.13815242,-0.26592174,-0.95404375,-0.9287752,-0.29972768,0.21803677,-0.34393403,0.91621447,-0.20557338
1356942497687,-0.04540479,-0.30681276,-0.9506862,-0.9298917,-0.3347559,0.1524466,-0.36502036,0.890957,-0.27010313
1356942497743,0.024498343,-0.32794204,-0.94438016,-0.9263438,-0.3626352,0.10189694,-0.3758818,0.87232435,-0.312671
1356942497767,0.061503023,-0.33097714,-0.9416324,-0.9239301,-0.37577555,0.07173565,-0.37758526,0.8655906,-0.32891113
1356942497806,0.06505224,-0.31955126,-0.94533336,-0.9250246,-0.37464914,0.06298804,-0.37429628,0.8703591,-0.3199646
1356942497847,0.040617406,-0.296879,-0.9540509,-0.9284006,-0.36417872,0.073798776,-0.36935428,0.8827439,-0.2904146
1356942497906,-0.0062410235,-0.26517278,-0.9641807,-0.9313564,-0.34948736,0.10214594,-0.3640553,0.89863336,-0.24478921
1356942497925,-0.0597533,-0.22838855,-0.9717346,-0.93146014,-0.33725107,0.13654155,-0.3589031,0.9132909,-0.19258296
1356942497966,-0.115798235,-0.18943557,-0.975041,-0.9279593,-0.32945496,0.17421484,-0.35423464,0.9249722,-0.13763815
1356942498001,-0.16219604,-0.15183395,-0.9750072,-0.92232305,-0.32787764,0.20449093,-0.35073164,0.9324392,-0.086859494
1356942498042,-0.19637698,-0.11805037,-0.9733963,-0.9160527,-0.33195293,0.2250664,-0.34969082,0.93588006,-0.042952508
1356942498082,-0.21389681,-0.08942279,-0.97275466,-0.91143966,-0.34000933,0.23167059,-0.3514623,0.9361608,-0.008776516
1356942498126,-0.2155307,-0.067087084,-0.9741899,-0.9091592,-0.35026538,0.22526404,-0.35633728,0.9342449,0.014500082
1356942498176,-0.19822025,-0.052444726,-0.9787534,-0.9094492,-0.36255264,0.20361137,-0.36552805,0.93048644,0.024169564
1356942498218,-0.17106283,-0.041333646,-0.98439276,-0.9113153,-0.373119,0.17403069,-0.37448895,0.92686236,0.02615878
1356942498254,-0.14274079,-0.03471759,-0.989151,-0.9131113,-0.3810011,0.14514035,-0.38190663,0.9239225,0.022683442
1356942498296,-0.11864519,-0.030492514,-0.9924684,-0.9148953,-0.385067,0.12120238,-0.38586265,0.92238474,0.017788917
1356942498336,-0.103075564,-0.027015358,-0.99430656,-0.9170164,-0.38463962,0.1055139,-0.38530028,0.9226713,0.014873475
1356942498377,-0.097727,-0.023734123,-0.9949302,-0.91959023,-0.38009816,0.09939399,-0.38053018,0.9246416,0.015320182
1356942498417,-0.10233313,-0.021327972,-0.9945215,-0.9222494,-0.37265283,0.102888286,-0.37280563,0.92772573,0.018465042
1356942498457,-0.11637217,-0.02093795,-0.9929849,-0.92428493,-0.3636536,0.11598891,-0.36353108,0.9312989,0.022966504
1356942498497,-0.139799,-0.023911387,-0.9898912,-0.9245908,-0.3546421,0.1391434,-0.35438415,0.9346964,0.02747032
1356942498536,-0.17137438,-0.031014264,-0.9847176,-0.9222931,-0.34639633,0.17142037,-0.34641907,0.93757546,0.030759245
1356942498578,-0.20838988,-0.043863684,-0.97706175,-0.91683745,-0.3390954,0.21076831,-0.34056225,0.93972874,0.030448228
1356942498619,-0.24161637,-0.06550187,-0.96815854,-0.90923285,-0.33326602,0.24945816,-0.33899432,0.94055474,0.020966053
1356942498657,-0.2601599,-0.098790646,-0.96049845,-0.90194666,-0.33024174,0.27826717,-0.34468687,0.93871236,-0.0031882524
1356942498698,-0.24311823,-0.14681005,-0.95882237,-0.8998147,-0.33502132,0.27945316,-0.3622525,0.9307027,-0.050652027
1356942498737,-0.19219053,-0.20299226,-0.96013385,-0.9013385,-0.35044545,0.2545129,-0.3881387,0.9143206,-0.11561245
1356942498778,-0.11142087,-0.25849405,-0.95956564,-0.90238273,-0.37815452,0.20665076,-0.4162821,0.88892066,-0.19112623
1356942498817,-0.032865107,-0.29831162,-0.9539025,-0.89978886,-0.40664726,0.15817058,-0.435086,0.8635092,-0.25505292
1356942498858,0.022592962,-0.31957883,-0.94729024,-0.89763993,-0.42364722,0.12151331,-0.44014996,0.84758025,-0.2964382
1356942498897,0.046218157,-0.32358423,-0.9450699,-0.8996501,-0.42467195,0.10140732,-0.43415847,0.8455454,-0.31074017
1356942498938,0.036759794,-0.31403002,-0.9487011,-0.90597844,-0.41110444,0.10097551,-0.42172462,0.855791,-0.29961652
1356942498977,-6.1678886E-4,-0.2941592,-0.9557562,-0.91359925,-0.38845956,0.12014821,-0.40661535,0.8732523,-0.268504
1356942499017,-0.05655533,-0.26688638,-0.9620671,-0.9186157,-0.3635465,0.15485218,-0.39108405,0.8925277,-0.22460559
1356942499056,-0.1198104,-0.2351748,-0.96454036,-0.9188287,-0.3417127,0.19744897,-0.37603077,0.9099039,-0.17514458
1356942499097,-0.17919242,-0.20216423,-0.9628186,-0.9148658,-0.32567823,0.23865092,-0.36181578,0.92361426,-0.12659407
1356942499138,-0.22759342,-0.17031825,-0.9587455,-0.908978,-0.31595182,0.2719072,-0.3492281,0.93336284,-0.08290699
1356942499177,-0.259413,-0.14182791,-0.9552957,-0.9039016,-0.31267977,0.2918788,-0.34009817,0.9392104,-0.047085315
1356942499218,-0.2743553,-0.11847964,-0.9543017,-0.9006885,-0.3159948,0.2981736,-0.33688188,0.94133407,-0.020018399
1356942499257,-0.27331042,-0.100467205,-0.9566649,-0.8999684,-0.3244499,0.2911859,-0.33964452,0.94055235,-0.0017417669
1356942499298,-0.26008087,-0.08873135,-0.96150124,-0.90046716,-0.337201,0.27468973,-0.34859273,0.93724185,0.007799804
1356942499336,-0.23980474,-0.08212045,-0.96734166,-0.9012189,-0.35165453,0.2532659,-0.36096835,0.932521,0.010319918
1356942499376,-0.21911758,-0.07900429,-0.97249454,-0.9017807,-0.36415696,0.23276839,-0.3725304,0.92798054,0.008548707
1356942499416,-0.20410174,-0.07740411,-0.9758848,-0.9026154,-0.3710401,0.2182076,-0.37898257,0.92538524,0.0058638155
1356942499456,-0.1988892,-0.07573694,-0.9770911,-0.90421695,-0.37030435,0.21275884,-0.3779348,0.9258178,0.005166918
1356942499497,-0.20486873,-0.07352477,-0.97602403,-0.90629363,-0.36237067,0.21752992,-0.36967635,0.9291295,0.0076034367
1356942499537,-0.22123486,-0.07149792,-0.97259605,-0.9077477,-0.34941524,0.23217025,-0.3564396,0.93423605,0.012400776
1356942499577,-0.2464037,-0.07095179,-0.9665667,-0.9071841,-0.3340509,0.25578687,-0.341031,0.9398807,0.017945051
1356942499617,-0.27883577,-0.07292688,-0.95756584,-0.9035045,-0.31801122,0.2873128,-0.32546943,0.9452781,0.0227831
1356942499657,-0.31692713,-0.078442544,-0.9452005,-0.89597845,-0.30211788,0.32549578,-0.3110947,0.95003766,0.025466532
1356942499698,-0.35599214,-0.08871055,-0.93026876,-0.8854905,-0.28609318,0.36613837,-0.2986239,0.95408654,0.023294568
1356942499746,-0.39061213,-0.106493056,-0.91437477,-0.8736289,-0.27020413,0.40467533,-0.29016298,0.95689535,0.012509644
1356942499778,-0.4044112,-0.13818055,-0.90407836,-0.867057,-0.25656867,0.42706516,-0.29097024,0.95659745,-0.016051173
1356942499817,-0.3917516,-0.18499589,-0.90128094,-0.86858547,-0.24872959,0.4285941,-0.3034634,0.9507419,-0.06324452
1356942499858,-0.34122318,-0.24731216,-0.90686464,-0.88028586,-0.2542581,0.40056154,-0.32964137,0.934981,-0.13094664
1356942499897,-0.2622642,-0.3127008,-0.91292703,-0.8945953,-0.2759323,0.35151175,-0.36182407,0.9088892,-0.20737356
1356942499938,-0.17702448,-0.3653432,-0.9138855,-0.9040687,-0.30664194,0.29770887,-0.3890015,0.878917,-0.27601218
1356942499977,-0.1087113,-0.39571503,-0.9119164,-0.9082259,-0.3333869,0.2529405,-0.40411332,0.8557235,-0.3231557
1356942500017,-0.069911,-0.40312302,-0.91247153,-0.91049874,-0.34792632,0.22347108,-0.4075592,0.8464273,-0.34271914
1356942500056,-0.06273812,-0.39097208,-0.91826177,-0.9128644,-0.34942317,0.21114466,-0.40341362,0.85149527,-0.33498234
1356942500097,-0.08212209,-0.36385596,-0.92782795,-0.9149785,-0.34150827,0.21491027,-0.3950573,0.8665916,-0.30487502
1356942500138,-0.12295139,-0.32545713,-0.937529,-0.9152454,-0.3280444,0.23390752,-0.38367802,0.88682836,-0.25753963
1356942500177,-0.17156988,-0.28225082,-0.94387406,-0.91267294,-0.31519616,0.26015288,-0.37093383,0.9060827,-0.20352453
1356942500218,-0.22476488,-0.23741958,-0.94504637,-0.90633106,-0.3052237,0.29223698,-0.35783333,0.92220956,-0.14657718
1356942500257,-0.27141958,-0.19598413,-0.9422959,-0.8978902,-0.30100214,0.32123318,-0.3465897,0.93326735,-0.09427434
1356942500298,-0.3077199,-0.16067562,-0.93781227,-0.8889133,-0.30296063,0.34358123,-0.33932525,0.9393606,-0.049599707
1356942500337,-0.32959765,-0.13322249,-0.93467486,-0.8816576,-0.3106827,0.35518467,-0.33770594,0.94113123,-0.015056372
1356942500377,-0.33590776,-0.114180416,-0.93494856,-0.87754774,-0.32265407,0.35468888,-0.34216347,0.93960476,0.008183241
1356942500417,-0.32775462,-0.10293621,-0.93913853,-0.8768507,-0.3369285,0.34294614,-0.35172403,0.9358864,0.020170093
1356942500458,-0.308657,-0.097607344,-0.9461521,-0.87872624,-0.35151172,0.32292387,-0.36410323,0.9310813,0.022726357
1356942500496,-0.28363627,-0.09581742,-0.95413285,-0.88187265,-0.36473173,0.29878303,-0.3766312,0.9261694,0.0189524
1356942500537,-0.25833815,-0.09490645,-0.9613813,-0.8855215,-0.37452298,0.27492592,-0.38615164,0.92234766,0.012711853
1356942500576,-0.23824579,-0.09240565,-0.9667989,-0.889557,-0.37875175,0.255412,-0.3897783,0.92087364,0.008035958
1356942500616,-0.22709793,-0.08734852,-0.9699468,-0.8940714,-0.37614733,0.24320683,-0.38608664,0.9224334,0.007326454
1356942500658,-0.22633153,-0.080236524,-0.97073996,-0.8987433,-0.36703795,0.23988277,-0.37554574,0.92673904,0.010960221
1356942500697,-0.23458213,-0.07410902,-0.96926737,-0.90208846,-0.3549437,0.245462,-0.36222622,0.93194586,0.01641047
1356942500745,-0.2511177,-0.0703018,-0.9654002,-0.9033654,-0.34120387,0.2598283,-0.34766474,0.9373566,0.02217421
1356942500777,-0.27757806,-0.071356714,-0.9580494,-0.90067405,-0.3276534,0.28535852,-0.3342704,0.94209945,0.026680201
1356942500818,-0.3115195,-0.077313244,-0.9470893,-0.89386016,-0.3143612,0.3196733,-0.3224431,0.94614995,0.028822392
1356942500857,-0.35158318,-0.09019303,-0.93180174,-0.88230294,-0.30080122,0.36202234,-0.312939,0.9494124,0.026179075
1356942500897,-0.38891357,-0.113040835,-0.91431296,-0.86817527,-0.28709334,0.404783,-0.3082501,0.9512094,0.013515115
1356942500937,-0.40791595,-0.15049762,-0.90053046,-0.8577432,-0.27480966,0.43446094,-0.31285977,0.94964737,-0.016989052
1356942500977,-0.39518952,-0.20351693,-0.89577127,-0.8576448,-0.267556,0.43915725,-0.32904494,0.94180393,-0.06880993
1356942501016,-0.34276754,-0.26677132,-0.90074605,-0.87000525,-0.27158087,0.4115029,-0.3544026,0.92470366,-0.13900328
1356942501057,-0.2634514,-0.32617152,-0.9078576,-0.8868257,-0.288485,0.3609939,-0.37964922,0.90021586,-0.21325552
1356942501098,-0.1832596,-0.36859748,-0.9113461,-0.8999126,-0.3102445,0.3064401,-0.39569315,0.87628996,-0.2748503
1356942501137,-0.12651473,-0.38942978,-0.91232586,-0.907454,-0.32603383,0.26500788,-0.40065107,0.8614212,-0.3121416
1356942501178,-0.11083913,-0.39117178,-0.9136188,-0.91117597,-0.3270623,0.2505766,-0.39682877,0.8602412,-0.320175
1356942501217,-0.12627554,-0.3800248,-0.9163164,-0.9121041,-0.3186996,0.25786963,-0.39002645,0.8683386,-0.30637825
1356942501258,-0.1732859,-0.35935354,-0.9169717,-0.90772486,-0.3029558,0.29026437,-0.3821094,0.8826567,-0.27369618
1356942501297,-0.23913097,-0.33185464,-0.91251785,-0.89620405,-0.28623527,0.3389508,-0.3736772,0.89885587,-0.22896177
1356942501338,-0.31103182,-0.3002124,-0.90173817,-0.8777373,-0.27311635,0.39368093,-0.36446738,0.9139365,-0.17855978
1356942501377,-0.37725484,-0.2668646,-0.88682693,-0.85565776,-0.26590216,0.44401106,-0.35430008,0.9263257,-0.12803185
1356942501417,-0.4273404,-0.23428702,-0.8732066,-0.8359945,-0.26533902,0.48032123,-0.34422883,0.93525654,-0.08247256
1356942501457,-0.45630324,-0.20430365,-0.86605275,-0.8237051,-0.2711854,0.49796438,-0.33659682,0.9405948,-0.044543147
1356942501497,-0.46077824,-0.17773587,-0.8695363,-0.8221025,-0.28368658,0.49362886,-0.33441135,0.9423014,-0.015400469
1356942501537,-0.4414056,-0.1547252,-0.88386726,-0.83044165,-0.30267817,0.46770996,-0.33989385,0.9404499,0.0051136017
1356942501577,-0.45039266,-0.15171498,-0.87984604,-0.82111,-0.31659448,0.4749172,-0.35060638,0.93634963,0.018017113
1356942501616,-0.3633927,-0.117245525,-0.92422897,-0.85837626,-0.34347332,0.3810726,-0.362127,0.93181515,0.024174929
1356942501656,-0.29357892,-0.09016526,-0.95167303,-0.8819871,-0.35838568,0.3060366,-0.36865988,0.92920923,0.0256899
1356942501696,-0.23999512,-0.068113655,-0.9683816,-0.8986968,-0.3616088,0.2481597,-0.36707836,0.9298385,0.02557081
1356942501746,-0.20187962,-0.050066054,-0.97812986,-0.9117375,-0.35517836,0.20635667,-0.35774198,0.9334569,0.02605617
1356942501778,-0.17846066,-0.03616312,-0.98328227,-0.92230606,-0.3419965,0.17997172,-0.34278744,0.93900514,0.027679443
1356942501817,-0.1690926,-0.027657181,-0.9852121,-0.93000734,-0.32649446,0.16878325,-0.32633427,0.9447945,0.029486328
1356942501858,-0.17298669,-0.024813741,-0.9846115,-0.9351096,-0.3097626,0.17209622,-0.3092662,0.95049,0.030381233
1356942501897,-0.19276232,-0.029388785,-0.9808053,-0.9363201,-0.29347533,0.19281313,-0.29350865,0.9555148,0.029053658
1356942501938,-0.21979785,-0.04169303,-0.9746541,-0.9344182,-0.27803606,0.22261772,-0.28027055,0.9596654,0.02215296
1356942501977,-0.24546772,-0.06547183,-0.96719134,-0.9301546,-0.26512045,0.25401473,-0.27305305,0.9619899,0.0041796267
1356942502017,-0.2512533,-0.103664786,-0.96235406,-0.9274988,-0.25854242,0.27000338,-0.27679917,0.9604215,-0.031189382
1356942502057,-0.2173289,-0.15617219,-0.963524,-0.9305166,-0.26498002,0.25283304,-0.29480007,0.95152295,-0.08773297
1356942502097,-0.14295083,-0.21394199,-0.9663301,-0.9356467,-0.28912026,0.202422,-0.32269222,0.93307996,-0.15884411
1356942502136,-0.043381393,-0.26352525,-0.96367663,-0.93522537,-0.32854867,0.1319449,-0.3513854,0.9069787,-0.23220259
1356942502177,0.048836052,-0.29519835,-0.9541871,-0.9274359,-0.36804134,0.06639463,-0.37077993,0.88170487,-0.29175124
1356942502216,0.10899648,-0.30937502,-0.9446729,-0.91949093,-0.3924701,0.022440791,-0.37769848,0.8661722,-0.32724532
1356942502256,0.124365,-0.31190163,-0.94193983,-0.91847783,-0.39535484,0.009645313,-0.37540886,0.8639513,-0.33564305
1356942502296,0.09014085,-0.30819634,-0.9470426,-0.9252554,-0.37773964,0.03486079,-0.3684795,0.8731139,-0.31921008
1356942502335,0.008677185,-0.30050814,-0.95373976,-0.9330374,-0.34549516,0.10037118,-0.3596748,0.88900393,-0.28338328
