1356942628107,0.06680691,-0.026372105,0.99741733,-0.99356914,-0.093349695,0.06408095,0.091418624,-0.9952841,-0.032438904
1356942628109,0.4445712,0.06992039,-0.89301044,0.8910663,0.067225456,0.448867,0.09141803,-0.9952849,-0.032417238
1356942628143,0.44461924,0.069814265,-0.89299476,0.8910433,0.06726648,0.44890648,0.0914087,-0.9952895,-0.03229958
1356942628173,0.44452566,0.06957334,-0.8930602,0.8910932,0.06735693,0.448794,0.091377914,-0.9953003,-0.032054484
1356942628207,0.44410473,0.069146335,-0.89330274,0.8913108,0.06750311,0.4483395,0.09130174,-0.9953201,-0.03165242
1356942628244,0.44300637,0.06834391,-0.8939097,0.89187694,0.06773296,0.44717753,0.09110901,-0.9953599,-0.030948222
1356942628284,0.43932545,0.06701326,-0.8958249,0.893726,0.068204045,0.44339815,0.090812415,-0.9954182,-0.0299277
1356942628328,0.43273294,0.06496289,-0.8991785,0.89697766,0.06899507,0.4366585,0.090405434,-0.9954996,-0.028413802
1356942628367,0.42321163,0.062021196,-0.9039056,0.9015668,0.07008511,0.42692542,0.08982873,-0.9956111,-0.026255399
1356942628406,0.41072047,0.058407694,-0.9098886,0.9074,0.07130803,0.41417453,0.08907336,-0.9957428,-0.023711473
1356942628448,0.3968925,0.0543063,-0.9162572,0.91362786,0.07243484,0.40004674,0.088094056,-0.9958936,-0.0208669
1356942628487,0.382186,0.049743295,-0.9227456,0.9199899,0.07342571,0.38500282,0.086904556,-0.9960593,-0.01770103
1356942628526,0.36722425,0.04483697,-0.92905104,0.9261807,0.074347645,0.36967775,0.08564794,-0.9962238,-0.014224857
1356942628566,0.35363892,0.039451778,-0.9345496,0.9315673,0.0752857,0.3556885,0.0843907,-0.9963812,-0.010127991
1356942628608,0.3418133,0.033469707,-0.9391718,0.9360795,0.07632896,0.34340814,0.08317986,-0.9965209,-0.0052400827
1356942628647,0.33237886,0.026681036,-0.9427685,0.9395819,0.07745147,0.3334473,0.08191556,-0.996639,6.7421794E-4
1356942628686,0.32530978,0.0192599,-0.9454113,0.9421786,0.07846287,0.32579586,0.08045447,-0.9967309,0.007378459
1356942628728,0.3205101,0.011626095,-0.9471737,0.94397247,0.07912654,0.3203981,0.078671485,-0.9967967,0.014386207
1356942628766,0.31747502,0.004535526,-0.9482558,0.94516647,0.07927978,0.3168199,0.07661441,-0.996842,0.020882547
1356942628809,0.31602308,-0.0014059842,-0.9487505,0.9458219,0.07899287,0.31493053,0.07450175,-0.9968742,0.026293308
1356942628846,0.3164082,-0.00607121,-0.9486037,0.9458477,0.07845715,0.31498674,0.07251233,-0.996899,0.03056693
1356942628886,0.31898695,-0.009532571,-0.9477112,0.9451091,0.07792407,0.31732738,0.07082462,-0.9969138,0.033866048
1356942628926,0.32386538,-0.012019306,-0.9460268,0.9435375,0.07769337,0.32202604,0.06962946,-0.99690485,0.036502898
1356942628966,0.33074266,-0.013844401,-0.9436195,0.9411843,0.0781039,0.32874325,0.06914914,-0.9968492,0.038862407
1356942628996,0.33878642,-0.015165389,-0.94074106,0.93831104,0.079043806,0.33663705,0.06925452,-0.99675584,0.04100883
1356942629036,0.346432,-0.016374022,-0.93793213,0.9354125,0.08130744,0.34408194,0.070626855,-0.99655455,0.043483973
1356942629075,0.3540382,-0.017832696,-0.9350609,0.93235546,0.085072905,0.3513914,0.07328206,-0.9962151,0.04674548
1356942629146,0.361021,-0.02012539,-0.9323405,0.9293623,0.09045759,0.35791528,0.07713413,-0.995697,0.051360816
1356942629156,0.36700064,-0.0237118,-0.9299184,0.926608,0.09733635,0.36321214,0.081902415,-0.994969,0.057694077
1356942629194,0.37219393,-0.028982162,-0.9277024,0.92405874,0.105371654,0.36744025,0.08710435,-0.99401057,0.065999925
1356942629235,0.37781844,-0.03644824,-0.92516196,0.92129606,0.114103466,0.3717444,0.09201476,-0.9928,0.07669002
1356942629276,0.3858179,-0.04665166,-0.9213947,0.9175951,0.12303311,0.37799752,0.09572783,-0.9913055,0.090275705
1356942629316,0.3981385,-0.0599342,-0.91536534,0.9121339,0.13187733,0.38809827,0.09745562,-0.9894526,0.10717338
1356942629356,0.41580966,-0.07627654,-0.9062473,0.90428853,0.1407071,0.40306792,0.09677082,-0.9871086,0.1274834
1356942629396,0.43856296,-0.09552586,-0.89360917,0.89381665,0.14988437,0.42264235,0.09356484,-0.98407805,0.15111631
1356942629436,0.46485722,-0.11745417,-0.8775604,0.8810089,0.1597932,0.44529697,0.08792615,-0.98013806,0.17775923
1356942629476,0.4923833,-0.14179617,-0.8587506,0.8666913,0.17059606,0.46876764,0.080029994,-0.975085,0.20689216
1356942629516,0.5189651,-0.16838872,-0.8380456,0.851923,0.18219504,0.4909503,0.07001725,-0.96873635,0.23800711
1356942629556,0.5427394,-0.1967822,-0.81652355,0.83788407,0.19418901,0.51013803,0.058173835,-0.96102417,0.2702747
1356942629595,0.56314003,-0.22667202,-0.79466534,0.8251504,0.20628676,0.5259016,0.044721723,-0.9518747,0.30320686
1356942629636,0.59148514,-0.25454488,-0.76508313,0.80575657,0.22193286,0.54909223,0.030028462,-0.9412506,0.33637124
1356942629675,0.59300786,-0.28871757,-0.751654,0.8050582,0.2299102,0.5468296,0.014933616,-0.9293995,0.36877298
1356942629716,0.6186458,-0.31411913,-0.72014344,0.78567004,0.24753654,0.56696415,1.6748905E-4,-0.91654503,0.39993143
1356942629756,0.6132089,-0.3463739,-0.7099296,0.78980875,0.25371134,0.5584199,-0.0133048,-0.9031367,0.42914712
1356942629796,0.6127182,-0.37365925,-0.6963873,0.78991663,0.2620597,0.5543974,-0.024660677,-0.88977724,0.45572838
1356942629836,0.61403215,-0.39563394,-0.6829629,0.78857934,0.2710363,0.55198014,-0.033274263,-0.877504,0.4784137
1356942629876,0.6147002,-0.41140446,-0.672971,0.78781927,0.2785601,0.5493131,-0.03852707,-0.8678425,0.4953434
1356942629916,0.6130103,-0.42009443,-0.66913307,0.78907007,0.28283033,0.54532135,-0.039835334,-0.8622805,0.50486183
1356942629956,0.6078579,-0.4210382,-0.6732278,0.79317826,0.2823369,0.53958714,-0.037109703,-0.86198187,0.505579
1356942629996,0.59827334,-0.41342008,-0.6864058,0.8006911,0.27527195,0.53208935,-0.031028181,-0.86793387,0.49570966
1356942630036,0.58383095,-0.39648736,-0.70847666,0.81154954,0.26028898,0.5231031,-0.022995174,-0.88036776,0.47373393
1356942630076,0.5648499,-0.36972255,-0.7377329,0.82506317,0.2371394,0.5128701,-0.014674038,-0.89837086,0.43899262
1356942630146,0.5431317,-0.33338496,-0.77062476,0.83961296,0.20731464,0.5020664,-0.0076195896,-0.9197147,0.39251345
1356942630156,0.5217519,-0.28887656,-0.80269873,0.8530928,0.17361629,0.4920265,-0.0027733445,-0.94149226,0.33702314
1356942630193,0.5052979,-0.23940253,-0.829072,0.86294496,0.14000097,0.48551595,-1.6286969E-4,-0.9607737,0.27733338
1356942630235,0.4976104,-0.18897161,-0.84656584,0.8674003,0.109348655,0.485448,8.3500147E-4,-0.9758754,0.218327
1356942630275,0.5017402,-0.14158204,-0.85335296,0.8650179,0.08317739,0.4947986,9.251237E-4,-0.98642594,0.16420443
1356942630314,0.51927197,-0.100557804,-0.8486724,0.8546089,0.061732024,0.51558983,5.4368377E-4,-0.9930142,0.11799328
1356942630355,0.549771,-0.06787023,-0.83255357,0.83531535,0.044540003,0.5479638,-1.0848045E-4,-0.9966994,0.08117984
1356942630394,0.59071016,-0.04383102,-0.80569255,0.80688334,0.030956253,0.5898993,-9.146035E-4,-0.99855936,0.05365266
1356942630436,0.638117,-0.027316123,-0.76945466,0.76993763,0.020533398,0.63778865,-0.0016223788,-0.999416,0.034134403
1356942630476,0.68757105,-0.016306013,-0.725934,0.726115,0.013011426,0.68745023,-0.0017641485,-0.9997824,0.02078633
1356942630515,0.73547906,-0.0086019635,-0.67749286,0.6775468,0.007944599,0.73543674,-9.4383955E-4,-0.9999314,0.011671349
1356942630555,0.7794363,-0.0024515092,-0.62647665,0.6264807,0.004624903,0.77942324,9.866059E-4,-0.9999863,0.0051406547
1356942630595,0.81807745,0.0034856498,-0.57509756,0.57509196,0.0025343075,0.81808484,0.0043090284,-0.9999907,6.869435E-5
1356942630634,0.8502214,0.010715514,-0.5263163,0.52633023,0.00170324,0.8502786,0.01000765,-0.99994123,-0.0041917786
1356942630675,0.8751712,0.020896152,-0.48336202,0.48342425,0.002300173,0.87538326,0.01940398,-0.9997791,-0.008088678
1356942630714,0.89274645,0.034946024,-0.44920212,0.44933772,0.0043145753,0.89335155,0.0331572,-0.9993799,-0.011850748
1356942630754,0.90348417,0.05212228,-0.42544052,0.42563403,0.007884026,0.90486103,0.05051759,-0.9986096,-0.015061919
1356942630794,0.9082379,0.07023139,-0.4125185,0.41263056,0.013583245,0.91079724,0.069569916,-0.9974383,-0.016642805
1356942630835,0.90759766,0.08694111,-0.41074046,0.41042846,0.02226463,0.911621,0.08840233,-0.99596465,-0.01547578
1356942630875,0.9017471,0.10038601,-0.42044607,0.41914546,0.03474745,0.90725386,0.105685025,-0.9943416,-0.010742933
1356942630914,0.890757,0.10875708,-0.44127524,0.4382217,0.051843733,0.89737064,0.120472744,-0.99271554,-0.0014795363
1356942630955,0.87497205,0.109883025,-0.47153965,0.4658401,0.074406326,0.881735,0.13197324,-0.99115556,0.013915539
1356942630995,0.8557698,0.101040795,-0.5073941,0.49824,0.10318166,0.8608777,0.13933751,-0.98951715,0.03795719
1356942631034,0.83653766,0.078824505,-0.5422098,0.5294704,0.1382702,0.83698416,0.14094633,-0.98725283,0.073933
1356942631075,0.8227571,0.040200412,-0.5669697,0.5523793,0.17855716,0.8142447,0.13396947,-0.983108,0.12470329
1356942631149,0.81877184,-0.014406174,-0.57393837,0.5623214,0.2217429,0.7966334,0.11579037,-0.9749988,0.18965772
1356942631155,0.8237782,-0.07879931,-0.56140906,0.5602261,0.26479596,0.78487563,0.086811185,-0.9610795,0.26227856
1356942631181,0.82736933,-0.13820723,-0.5443884,0.5587634,0.30082184,0.77284515,0.056951106,-0.9436127,0.3261159
1356942631213,0.8299711,-0.1873008,-0.52542025,0.5570144,0.3284712,0.7627855,0.02971512,-0.9257565,0.37695083
1356942631255,0.8273219,-0.22395897,-0.51515126,0.5616554,0.3445623,0.75221,0.009037495,-0.91165733,0.41085172
1356942631294,0.81387717,-0.24796048,-0.52547073,0.58103585,0.34555948,0.73687583,-0.0011346638,-0.9050438,0.4253169
1356942631335,0.7883719,-0.25948775,-0.5577955,0.6151971,0.3303031,0.71584386,-0.001511097,-0.90750533,0.4200378
1356942631374,0.7495585,-0.25865918,-0.609309,0.66191894,0.29989368,0.6869695,0.00503695,-0.918237,0.39599928
1356942631415,0.69745785,-0.24514705,-0.673391,0.71646667,0.2583384,0.6480253,0.015101284,-0.9344325,0.35581982
1356942631455,0.63525087,-0.21920389,-0.7405443,0.7718856,0.21183449,0.599432,0.025474936,-0.9524052,0.3037684
1356942631495,0.57040864,-0.18297055,-0.800722,0.8206508,0.16749114,0.54633236,0.034151107,-0.9687458,0.24569333
1356942631535,0.51365894,-0.14093086,-0.84634095,0.8570323,0.13097912,0.49833733,0.040621936,-0.981317,0.18806086
1356942631574,0.47577855,-0.09873676,-0.8740056,0.8784251,0.10391554,0.466445,0.0447675,-0.989673,0.13617362
1356942631615,0.46462157,-0.061202765,-0.88339174,0.88431144,0.08394262,0.45928958,0.04604444,-0.9945893,0.09312382
1356942631655,0.48322386,-0.03100887,-0.87494755,0.8743831,0.06748569,0.48052046,0.04414606,-0.9972383,0.0597243
1356942631694,0.52908635,-0.008940071,-0.8485209,0.84763336,0.052486077,0.5279799,0.039815336,-0.9985816,0.035347596
1356942631737,0.59526736,0.005516559,-0.80350876,0.8027779,0.039105773,0.5949944,0.03470418,-0.9992199,0.018849805
1356942631776,0.6706561,0.014134586,-0.7416337,0.741133,0.028606147,0.67074853,0.030696034,-0.9994908,0.008709282
1356942631816,0.74267405,0.020063907,-0.6693524,0.6689937,0.022117317,0.7429389,0.029710501,-0.99955404,0.003003344
1356942631856,0.8016802,0.027041852,-0.59714115,0.5968121,0.019822627,0.8021361,0.03352818,-0.99943775,-2.475083E-4
1356942631896,0.8438545,0.03775297,-0.53524226,0.534842,0.020856507,0.8446945,0.043052986,-0.99906933,-0.0025920197
1356942631936,0.87057066,0.05237107,-0.4892485,0.48868227,0.023996562,0.87213176,0.057414785,-0.99833935,-0.004702121
1356942631976,0.88517827,0.0687249,-0.46014816,0.45930156,0.028592527,0.8878201,0.0741722,-0.9972259,-0.0062559843
1356942632016,0.8904375,0.08393295,-0.44729894,0.44598675,0.03483319,0.8943615,0.090647236,-0.99586236,-0.0064162016
1356942632056,0.8876068,0.09552711,-0.4505871,0.4485073,0.04345346,0.89272225,0.10485874,-0.994478,-0.0042750165
1356942632096,0.8766724,0.10151988,-0.47025445,0.46696532,0.055536237,0.8825299,0.11571053,-0.99328214,0.0012808144
1356942632144,0.85689527,0.099854425,-0.5057268,0.5006729,0.07231635,0.8626106,0.1227078,-0.9923706,0.011973143
1356942632176,0.8279018,0.08799885,-0.55392677,0.546608,0.09473336,0.8320128,0.12569149,-0.99160564,0.030329049
1356942632216,0.7930786,0.062616855,-0.6058923,0.59635997,0.12270821,0.79328275,0.124020785,-0.9904654,0.059975088
1356942632256,0.7618804,0.02043727,-0.64739525,0.6373333,0.15460461,0.7549197,0.11551878,-0.987765,0.10476489
1356942632296,0.7461838,-0.03865069,-0.6646171,0.65864116,0.18825868,0.72852623,0.096961915,-0.98135865,0.1659325
1356942632336,0.749932,-0.10855937,-0.65254647,0.6580714,0.2229489,0.7191911,0.067409575,-0.96876657,0.23863631
1356942632376,0.76294374,-0.17762387,-0.62158394,0.6456641,0.2572105,0.7189996,0.03216639,-0.94989073,0.3109225
1356942632416,0.76851285,-0.23494448,-0.5951379,0.63983196,0.28474545,0.71381724,0.0017553568,-0.929366,0.36915553
1356942632456,0.75534046,-0.2768076,-0.594002,0.6551455,0.2973035,0.6945466,-0.015656918,-0.9137769,0.4059146
1356942632496,0.71783507,-0.3047012,-0.62599516,0.6959548,0.28955394,0.657119,-0.018965632,-0.9073674,0.41991025
1356942632536,0.65108955,-0.3197986,-0.68833935,0.7589108,0.26032802,0.59689504,-0.011692196,-0.91102034,0.41219553
1356942632576,0.55102915,-0.32070598,-0.7703989,0.8344841,0.21371388,0.5079002,0.001758337,-0.9227535,0.38538665
1356942632616,0.42026523,-0.30492827,-0.85463196,0.9072299,0.15950218,0.38922065,0.017631233,-0.93892366,0.34367335
1356942632656,0.27287403,-0.2724837,-0.9226551,0.961473,0.110446185,0.25173673,0.03330961,-0.9558003,0.2921236
1356942632696,0.13116914,-0.22834623,-0.9647034,0.9902283,0.07666248,0.11649361,0.04735571,-0.970557,0.23617065
1356942632736,0.01459074,-0.1803217,-0.9834995,0.9981686,0.060378492,0.0037381947,0.05870819,-0.9817529,0.18087235
1356942632776,-0.067196965,-0.13479167,-0.98859274,0.9955557,0.056465268,-0.07536909,0.065980285,-0.9892638,0.1303983
1356942632816,-0.113061845,-0.09469497,-0.9890651,0.9912518,0.057471275,-0.1188142,0.068093956,-0.99384594,0.08736879
1356942632856,-0.12315196,-0.06081018,-0.990523,0.99022627,0.058312535,-0.126695,0.06546429,-0.9964446,0.053034484
1356942632914,-0.09501225,-0.033258557,-0.9949204,0.9936608,0.05716157,-0.09680274,0.06009075,-0.99781084,0.02761668
1356942632935,-0.022778422,-0.0116460025,-0.9996727,0.998242,0.054462582,-0.02338028,0.054717004,-0.9984479,0.010384977
1356942632976,0.09757233,0.0054322183,-0.9952136,0.993876,0.05158347,0.09772274,0.051867485,-0.9986539,-3.658235E-4
1356942633011,0.25770953,0.02042979,-0.96600646,0.96474767,0.049776584,0.2584265,0.053364098,-0.9985514,-0.006881684
1356942633041,0.4290465,0.03523317,-0.902595,0.9014151,0.04751575,0.43034056,0.05804974,-0.99824893,-0.011373252
1356942633071,0.568431,0.049939632,-0.82121384,0.8200516,0.04609883,0.57042986,0.06634405,-0.99768776,-0.014749065
1356942633139,0.65301895,0.06886405,-0.7542043,0.7525546,0.052789122,0.65641063,0.08501688,-0.9962284,-0.017351657
1356942633156,0.71341,0.085939646,-0.695457,0.6933515,0.057235487,0.71832275,0.1015372,-0.9946549,-0.01875402
1356942633196,0.7481781,0.09915769,-0.6560466,0.65325105,0.06301555,0.7545144,0.116157025,-0.99307436,-0.017628
1356942633236,0.7520486,0.10535857,-0.65063226,0.6466944,0.072727464,0.75927395,0.12731487,-0.9917713,-0.013440222
1356942633276,0.72705114,0.10226673,-0.6789243,0.6733094,0.08730186,0.7341885,0.13435438,-0.9909187,-0.0053842217
1356942633316,0.6706594,0.086866796,-0.73666143,0.72898346,0.106384,0.6762142,0.13710958,-0.99052346,0.008022979
1356942633356,0.5847174,0.055853903,-0.809312,0.79984975,0.1268746,0.58663714,0.13544706,-0.9903449,0.029511064
1356942633396,0.4900455,0.007850915,-0.8716615,0.8621932,0.1428907,0.4860094,0.12836796,-0.98970735,0.06325391
1356942633436,0.4250425,-0.054855287,-0.9035097,0.89801365,0.15085089,0.4132982,0.11362356,-0.9870333,0.11337888
1356942633476,0.4155403,-0.1277419,-0.90055996,0.90515935,0.15551278,0.3956036,0.08951342,-0.9795396,0.18024865
1356942633516,0.45164394,-0.20387673,-0.8685919,0.8902949,0.16654247,0.4238378,0.05824676,-0.9647268,0.25672835
1356942633556,0.48952347,-0.2734155,-0.8280161,0.87154454,0.18376523,0.45457715,0.027872086,-0.9441791,0.32825124
1356942633596,0.48841903,-0.3301198,-0.80775476,0.8725763,0.19280693,0.44881633,0.0075775683,-0.9240382,0.38222528
1356942633636,0.4289605,-0.3729506,-0.82273984,0.90332216,0.17852527,0.3900485,0.0014110506,-0.9105145,0.4134748
1356942633676,0.3099164,-0.39913213,-0.8629284,0.95073843,0.13673231,0.27820992,0.006947696,-0.906641,0.42184585
1356942633716,0.14163685,-0.40221304,-0.90452397,0.9897358,0.075101495,0.12158471,0.019028157,-0.9124606,0.4087218
1356942633756,-0.04878539,-0.37819943,-0.92443776,0.9982631,0.012139618,-0.057647854,0.0330247,-0.9256445,0.3769503
1356942633796,-0.22429854,-0.33264607,-0.9159895,0.9734388,-0.032203197,-0.22667143,0.045903653,-0.9425018,0.33103365
1356942633836,-0.35988688,-0.27768418,-0.8907149,0.9312943,-0.04928404,-0.36091825,0.05632329,-0.95940745,0.27634233
1356942633876,-0.4501264,-0.2236402,-0.86450636,0.89066005,-0.042928517,-0.45263875,0.06411618,-0.9737259,0.21851069
1356942633916,-0.50122947,-0.17531535,-0.8473686,0.8625363,-0.022818387,-0.50548035,0.06928286,-0.98424786,0.16265309
1356942633956,-0.5215039,-0.13353717,-0.8427346,0.85025114,0.0013888478,-0.5263754,0.07146111,-0.99104285,0.1128158
1356942633996,-0.51697326,-0.09778768,-0.85039765,0.85310745,0.0227651,-0.5212384,0.07033008,-0.9949469,0.0716545
1356942634036,-0.48959118,-0.06791234,-0.86930335,0.8694235,0.03784859,-0.49261567,0.06635657,-0.99697304,0.04051429
1356942634076,-0.43844855,-0.044125587,-0.89767253,0.8966836,0.046317756,-0.4402423,0.06100419,-0.99795175,0.019258678
1356942634150,-0.36148632,-0.026332349,-0.9320055,0.93067026,0.050273597,-0.3623888,0.056397825,-0.99838835,0.00633353
1356942634151,-0.26108032,-0.012309521,-0.9652386,0.9638032,0.052654505,-0.2613636,0.054041356,-0.99853694,-0.0018830895
1356942634183,-0.14883465,-0.0025788546,-0.9888588,0.98719007,0.05774039,-0.14873406,0.057480723,-0.9983283,-0.006047964
1356942634225,-0.026932687,0.0067221522,-0.9996146,0.9972984,0.068544775,-0.026409358,0.06834078,-0.99762535,-0.008550048
1356942634265,0.083657146,0.01808244,-0.9963305,0.992794,0.08457512,0.08489519,0.0857999,-0.9962531,-0.010876834
1356942634304,0.1665543,0.031177104,-0.9855393,0.98012835,0.103978366,0.16892919,0.107741565,-0.9940908,-0.013239533
1356942634345,0.21751258,0.043430626,-0.97509086,0.9671975,0.12471029,0.22130644,0.13121536,-0.9912423,-0.014879972
1356942634386,0.24002087,0.051575154,-0.9693967,0.9585017,0.14565033,0.24507242,0.15383255,-0.9879909,-0.014475733
1356942634426,0.241379,0.05256325,-0.96900636,0.9547556,0.16588536,0.24682745,0.17371804,-0.9847431,-0.010143846
1356942634466,0.23103184,0.04365787,-0.9719662,0.9543804,0.1840576,0.23511907,0.18916255,-0.9819454,8.56936E-4
1356942634506,0.21981788,0.022022247,-0.9752923,0.9552638,0.19791675,0.2197727,0.19786656,-0.9799714,0.022468567
1356942634546,0.21926883,-0.015604079,-0.9755397,0.95574105,0.20446625,0.21154833,0.19616398,-0.9787493,0.059746504
1356942634586,0.23802963,-0.07192391,-0.96859115,0.95443577,0.20212272,0.21954203,0.17998391,-0.97671556,0.11675796
1356942634626,0.2762222,-0.14558333,-0.9500036,0.9495358,0.19417343,0.24633014,0.14860395,-0.9701042,0.19187155
1356942634666,0.32357705,-0.22798184,-0.9183257,0.9400517,0.18793416,0.28457612,0.10770661,-0.95535594,0.2751259
1356942634706,0.36081517,-0.3039026,-0.88173443,0.93008316,0.18717206,0.31608838,0.068975985,-0.93413585,0.3501892
1356942634746,0.37367487,-0.36088818,-0.8544746,0.92659336,0.18727589,0.3261174,0.042330623,-0.91361237,0.40437686
1356942634786,0.35841814,-0.39460102,-0.8460653,0.93306994,0.18081364,0.31094515,0.030280828,-0.9008864,0.4329973
1356942634826,0.3167139,-0.40502328,-0.8576995,0.94804424,0.16383937,0.27270624,0.03007254,-0.8995069,0.43587023
1356942634866,0.25286937,-0.39329755,-0.8839537,0.9667671,0.13828254,0.21503344,0.03766328,-0.9089527,0.4151945
1356942634906,0.1748876,-0.36199722,-0.91562676,0.98334193,0.11099708,0.14393827,0.04952669,-0.92554724,0.37537906
1356942634946,0.09424108,-0.3161248,-0.9440253,0.99355984,0.089784324,0.06912005,0.06290805,-0.94445956,0.32255027
1356942634986,0.022757053,-0.26252663,-0.9646564,0.99686575,0.07908732,0.001993686,0.07576877,-0.96167827,0.2635035
1356942635026,-0.030491412,-0.20808423,-0.97763556,0.99579406,0.07821977,-0.047706395,0.08639735,-0.9749783,0.20482403
1356942635066,-0.061018705,-0.15756461,-0.9856217,0.9937761,0.08261114,-0.07472998,0.09319815,-0.98404723,0.15154308
1356942635106,-0.06730217,-0.11331573,-0.9912769,0.9931861,0.08713156,-0.07739198,0.09514123,-0.9897311,0.10667944
1356942635146,-0.04945165,-0.07605368,-0.9958767,0.99452835,0.08811706,-0.056114018,0.092021406,-0.9932025,0.07128
1356942635183,-0.004321873,-0.04567042,-0.9989472,0.9962621,0.085988104,-0.008241504,0.08627397,-0.9952488,0.045128107
1356942635225,0.060759425,-0.02232343,-0.99790287,0.9949762,0.08104795,0.058768153,0.07956615,-0.9964602,0.02713564
1356942635265,0.14494288,-0.0041261613,-0.9894314,0.98663235,0.07588178,0.14421633,0.074484706,-0.9971082,0.015069544
1356942635305,0.23836014,0.011516094,-0.9711086,0.96834695,0.07346079,0.23855346,0.07408565,-0.99723166,0.0063585043
1356942635345,0.3268787,0.02736333,-0.9446701,0.94160306,0.076066345,0.32802075,0.080833346,-0.99672717,-9.009242E-4
1356942635385,0.39791736,0.04455495,-0.9163387,0.91251755,0.08391181,0.40033802,0.09472868,-0.9954766,-0.007267207
1356942635427,0.44544598,0.06151831,-0.89319277,0.8881584,0.095470995,0.44951078,0.11292717,-0.99352944,-0.012110829
1356942635466,0.46918005,0.074916214,-0.87991905,0.87326956,0.10891728,0.4749076,0.13141665,-0.9912237,-0.0143202245
1356942635506,0.47066998,0.081439465,-0.8785427,0.86996293,0.12315798,0.47748995,0.14708608,-0.9890398,-0.01288259
1356942635545,0.4515077,0.07863581,-0.8887954,0.87808824,0.13771538,0.45825276,0.15843591,-0.98734534,-0.006869644
1356942635585,0.41384217,0.06461614,-0.9080525,0.89527464,0.15188071,0.4188263,0.16497856,-0.9862844,0.005005479
1356942635625,0.36461997,0.037318677,-0.9304083,0.91622984,0.16381283,0.3656341,0.16605777,-0.98578537,0.025536954
1356942635665,0.3144018,-0.0056160092,-0.9492734,0.9357245,0.17028248,0.30890697,0.15990978,-0.9853793,0.058792174
1356942635704,0.27580568,-0.06586492,-0.95895416,0.9504304,0.1677027,0.2618357,0.14357346,-0.98363495,0.1088534
1356942635744,0.25277042,-0.14199877,-0.95704937,0.96062994,0.15472674,0.23075911,0.11531365,-0.9776993,0.17551854
1356942635784,0.23618665,-0.22595173,-0.9450723,0.9685331,0.13329461,0.21018118,0.07848218,-0.9649758,0.25032416
1356942635825,0.2072171,-0.3032513,-0.93010736,0.9773444,0.10607278,0.18315715,0.04311642,-0.9469885,0.31836104
1356942635865,0.15028393,-0.36017337,-0.9207007,0.9884381,0.07369143,0.13251281,0.020120144,-0.92997026,0.36708373
1356942635906,0.06359655,-0.39006308,-0.9185893,0.99789083,0.03685993,0.05343491,0.013016164,-0.9200501,0.39158452
1356942635946,-0.044152617,-0.39217755,-0.9188293,0.9988636,-8.100867E-4,-0.04765275,0.017944008,-0.9198892,0.39176768
1356942635986,-0.15868556,-0.37005186,-0.91535807,0.98691094,-0.032468557,-0.15796387,0.028734475,-0.92844355,0.3703605
1356942636026,-0.26500314,-0.33077317,-0.9057387,0.9633917,-0.05125755,-0.2631523,0.040617794,-0.9423173,0.33224747
1356942636066,-0.35161477,-0.28358373,-0.89215875,0.93474305,-0.054222465,-0.35116273,0.051208913,-0.95741326,0.2841434
1356942636106,-0.41389656,-0.23607829,-0.87917954,0.90831757,-0.043014646,-0.4160637,0.06040603,-0.97078156,0.2322377
1356942636145,-0.452717,-0.19226214,-0.87067944,0.8889924,-0.021930099,-0.45739645,0.06884599,-0.9810986,0.1808477
1356942636183,-0.46823668,-0.15557307,-0.86979973,0.88035196,0.0022296906,-0.47431597,0.075730234,-0.98782194,0.13591492
1356942636225,-0.46750855,-0.1250262,-0.8751024,0.88039076,0.023370564,-0.47367272,0.0796732,-0.99187815,0.09914595
1356942636265,-0.45141906,-0.099796,-0.886714,0.8887559,0.03834492,-0.45677412,0.079585224,-0.9942688,0.07138467
1356942636305,-0.42143977,-0.079466015,-0.903368,0.90368664,0.04641509,-0.42567143,0.07575628,-0.9957564,0.05225122
1356942636345,-0.37807828,-0.0639011,-0.9235656,0.9230995,0.049749553,-0.38132966,0.07031435,-0.9967154,0.040177822
1356942636386,-0.3217845,-0.052749753,-0.9453424,0.9444438,0.052705765,-0.32441953,0.06693813,-0.997216,0.032859206
1356942636426,-0.25438535,-0.044693172,-0.9660697,0.9645955,0.060161352,-0.2567804,0.06959641,-0.9971876,0.02780664
1356942636466,-0.1807751,-0.03727877,-0.98281777,0.98021066,0.07513267,-0.18314528,0.080669254,-0.99647653,0.022958875
1356942636506,-0.10838485,-0.028357714,-0.99370456,0.9890995,0.09714788,-0.11065483,0.099674255,-0.9948659,0.017519176
1356942636546,-0.044637293,-0.017743438,-0.9988457,0.9913032,0.123113304,-0.046487153,0.123796076,-0.99223405,0.012093663
1356942636586,0.005467415,-0.00723958,-0.9999588,0.9887583,0.14945978,0.0043240786,0.14942223,-0.9887413,0.0079753995
1356942636626,0.04014662,3.4222007E-4,-0.9991937,0.984033,0.17352584,0.039596945,0.17339951,-0.9848293,0.0066297054
1356942636667,0.060547173,0.002075225,-0.99816316,0.97921884,0.19378924,0.059800923,0.19355732,-0.981041,0.009701312
1356942636706,0.07024428,-0.004758805,-0.99751854,0.975492,0.20936307,0.067694426,0.2085214,-0.9778265,0.01934874
1356942636746,0.075237185,-0.023006827,-0.9969002,0.9733242,0.21899965,0.06840372,0.21674705,-0.9754536,0.038869977
1356942636786,0.0834409,-0.0559254,-0.99494225,0.97291505,0.22056383,0.06919581,0.2155785,-0.97376794,0.07281464
1356942636826,0.10247719,-0.10616231,-0.9890541,0.9740522,0.21241242,0.07812303,0.20179358,-0.97139615,0.12517506
1356942636866,0.13421234,-0.17218792,-0.97587824,0.9754611,0.19640586,0.09950036,0.17453542,-0.9652855,0.19432274
1356942636906,0.17116323,-0.24504241,-0.9542837,0.9754448,0.17840478,0.12914774,0.13860214,-0.95295644,0.2695617
1356942636946,0.19919541,-0.31086698,-0.9293455,0.9744195,0.16353354,0.15415445,0.10405767,-0.9362792,0.33548993
1356942636986,0.20695937,-0.35897595,-0.91011214,0.9751033,0.15140313,0.16202033,0.07963237,-0.920985,0.38137296
1356942637026,0.18992347,-0.3850857,-0.90312684,0.9794612,0.13775599,0.14723822,0.06771177,-0.9125416,0.4033396
1356942637066,0.14835465,-0.3885659,-0.9093994,0.9867343,0.119463384,0.10992655,0.065926164,-0.9136437,0.4011343
1356942637106,0.08790648,-0.37128583,-0.924348,0.9936532,0.09806353,0.05510798,0.07018399,-0.92332566,0.37754983
1356942637145,0.014499664,-0.33436847,-0.94233084,0.99689806,0.07774472,-0.012246966,0.07735619,-0.93923026,0.3344586
1356942637183,-0.049375176,-0.28894916,-0.9560703,0.99521565,0.06656867,-0.07151559,0.08430871,-0.9550272,0.28427988
1356942637225,-0.10206914,-0.23878363,-0.9656937,0.99066234,0.063807845,-0.12048572,0.090388894,-0.9689742,0.23004112
1356942637265,-0.13384557,-0.18910447,-0.9727924,0.9864639,0.068413734,-0.14902577,0.094733864,-0.97957087,0.17738783
1356942637305,-0.14179456,-0.14346436,-0.97944486,0.98521686,0.07563859,-0.15370941,0.09613562,-0.98676074,0.1306184
1356942637344,-0.12475711,-0.10370359,-0.98675287,0.9877503,0.08096707,-0.13339257,0.09372774,-0.99130714,0.092332065
1356942637385,-0.0816564,-0.07081458,-0.9941417,0.9927784,0.08217466,-0.08739784,0.08788231,-0.994099,0.06359309
1356942637426,-0.011712402,-0.04503861,-0.9989166,0.99668884,0.07986066,-0.015286982,0.080462694,-0.99578804,0.043954074
1356942637466,0.08265856,-0.025248349,-0.996258,0.9937927,0.07677451,0.08050829,0.07445446,-0.9967287,0.031437755
1356942637506,0.19223082,-0.00868541,-0.9813113,0.9786065,0.07641268,0.19102466,0.073325515,-0.9970385,0.023188442
1356942637546,0.30074188,0.008215636,-0.95367014,0.9503517,0.081205875,0.30039498,0.07991156,-0.99666345,0.016614288
1356942637586,0.39165446,0.027903795,-0.9196891,0.9151967,0.09136805,0.3925135,0.0949828,-0.9954262,0.0102472305
1356942637626,0.4560259,0.049879283,-0.8885676,0.8822917,0.10550219,0.4587273,0.1166268,-0.99316734,0.0041036606
1356942637666,0.49300808,0.071115285,-0.86711335,0.8584442,0.122310355,0.49811023,0.14148018,-0.9899408,-7.485151E-4
1356942637706,0.5056651,0.08778188,-0.8582524,0.8466008,0.14097367,0.513219,0.16604233,-0.986114,-0.0030307472
1356942637746,0.49769753,0.09646708,-0.8619695,0.8468489,0.1607515,0.5069575,0.1874676,-0.98226935,-0.0016874075
1356942637786,0.47295624,0.09451896,-0.8760015,0.857161,0.18075825,0.4822877,0.20392981,-0.97897524,0.004472792
1356942637826,0.43641093,0.0798102,-0.8962007,0.8738114,0.19983652,0.44330448,0.21447378,-0.9765734,0.01747182
1356942637866,0.397339,0.050141215,-0.916301,0.8914161,0.21605141,0.39837068,0.21794292,-0.97509366,0.04114896
1356942637907,0.36867672,0.0030212402,-0.9295528,0.90513766,0.22654037,0.3597296,0.2116681,-0.9739972,0.08078548
1356942637946,0.3620307,-0.06254554,-0.93006545,0.91219574,0.22919115,0.33966208,0.19191843,-0.97136986,0.140028
1356942637986,0.378284,-0.1425573,-0.91464674,0.91217947,0.22559986,0.34210154,0.15757513,-0.96373343,0.21537861
1356942638026,0.401903,-0.22513488,-0.8875744,0.9083644,0.22032419,0.35543126,0.11553413,-0.9490898,0.29305342
1356942638103,0.41326958,-0.29635128,-0.86103666,0.90725005,0.21513641,0.36140493,0.07813746,-0.9305333,0.35777408
1356942638107,0.40299156,-0.3496276,-0.8457886,0.91368806,0.20686087,0.34983245,0.052649528,-0.9137665,0.40281373
1356942638122,0.37481633,-0.38433608,-0.8436816,0.92624843,0.19421485,0.3230239,0.039705783,-0.9025333,0.42878556
1356942638151,0.33020714,-0.40265745,-0.85371554,0.9431942,0.17593375,0.28183675,0.03671372,-0.8982841,0.43787873
1356942638195,0.25514793,-0.39872697,-0.88086116,0.96583974,0.14779294,0.21286324,0.045310706,-0.90508235,0.42281544
1356942638234,0.16594005,-0.3768725,-0.91127986,0.98436403,0.11867297,0.13016948,0.05908698,-0.91863143,0.39067236
1356942638274,0.07614523,-0.34094152,-0.93699557,0.99433696,0.095832646,0.045934737,0.074133694,-0.9351871,0.346308
1356942638314,-0.0014963746,-0.2959785,-0.9551934,0.99612135,0.08359426,-0.027463228,0.08797726,-0.9515296,0.2947054
1356942638355,-0.058867276,-0.24711677,-0.96719587,0.9933306,0.081721425,-0.0813376,0.099140495,-0.9655335,0.24065799
1356942638394,-0.09218454,-0.19847319,-0.97576153,0.99003685,0.08647895,-0.11112329,0.10643783,-0.97628367,0.18852377
1356942638434,-0.10074562,-0.15263575,-0.98313403,0.98894924,0.092662334,-0.11572778,0.108763605,-0.9839288,0.14161378
1356942638474,-0.08387059,-0.11124173,-0.99024796,0.9908562,0.09608859,-0.09471643,0.105687946,-0.9891372,0.10216546
1356942638514,-0.040037155,-0.07548815,-0.99634266,0.99436957,0.09490186,-0.04714808,0.098113894,-0.99262035,0.07126349
1356942638556,0.032530367,-0.045960486,-0.9984135,0.99556535,0.08971298,0.028307796,0.08826965,-0.99490666,0.048675
1356942638596,0.13257945,-0.0219011,-0.9909304,0.98798347,0.0830515,0.1303496,0.079443395,-0.9963045,0.03264886
1356942638636,0.25032824,-9.845197E-4,-0.9681605,0.9652163,0.0781883,0.24948752,0.07545316,-0.9969381,0.020523041
1356942638676,0.36744153,0.020058066,-0.9298303,0.92663455,0.077664495,0.3678541,0.07959327,-0.9967778,0.009950638
1356942638716,0.46479943,0.043600738,-0.88434184,0.88052243,0.08210227,0.4668399,0.09296107,-0.9956697,-2.3037195E-4
1356942638756,0.53266895,0.06931275,-0.8434806,0.83864105,0.090755194,0.5370705,0.11377612,-0.9934583,-0.009786069
1356942638796,0.57168806,0.09421489,-0.81504375,0.80873156,0.10273537,0.5791362,0.13829708,-0.9902368,-0.017461956
1356942638836,0.586702,0.11437562,-0.8016851,0.7933246,0.11751592,0.5973493,0.16253296,-0.9864625,-0.021790147
1356942638876,0.5825388,0.12620011,-0.8029459,0.7918718,0.13462502,0.5956637,0.18326944,-0.98282737,-0.021510005
1356942638916,0.56364816,0.12680191,-0.8162242,0.80180883,0.15347527,0.5775361,0.19850287,-0.979983,-0.015164822
1356942638956,0.53622216,0.11361495,-0.8363955,0.8183247,0.17292263,0.54812634,0.20690703,-0.97836053,-2.489686E-4
1356942638996,0.5109545,0.08401263,-0.8554925,0.8344032,0.19075525,0.5170915,0.2066319,-0.9780359,0.027366847
1356942639036,0.50317615,0.035924822,-0.8634368,0.8419422,0.20484114,0.49917272,0.19480005,-0.9781357,0.07282457
1356942639076,0.5252157,-0.029963583,-0.8504415,0.83394897,0.21700214,0.50738466,0.1693446,-0.9757112,0.13896102
1356942639154,0.5750585,-0.10704544,-0.8110789,0.8073226,0.23473324,0.5414154,0.13243115,-0.96614784,0.22140555
1356942639155,0.63155085,-0.18205136,-0.7536583,0.7697841,0.2633301,0.5814547,0.09260622,-0.9473724,0.3064466
1356942639181,0.6670948,-0.24208477,-0.70454204,0.74249303,0.29315555,0.60229874,0.06073299,-0.9249079,0.37530887
1356942639225,0.6777641,-0.2843122,-0.6780873,0.73401767,0.31562686,0.60133,0.043057144,-0.9052879,0.4226107
1356942639264,0.65715444,-0.31224173,-0.6860416,0.7527804,0.31816313,0.5762759,0.03833577,-0.89514095,0.4441318
1356942639304,0.60534525,-0.32729262,-0.7255596,0.7948423,0.29691795,0.52921224,0.042224437,-0.8970616,0.43988383
1356942639344,0.5233278,-0.32853866,-0.7862508,0.85065806,0.25565574,0.45937014,0.050088644,-0.9092318,0.41326582
1356942639384,0.41650382,-0.31374928,-0.85327953,0.9072434,0.20393732,0.36785728,0.058600545,-0.92734617,0.36958766
1356942639424,0.29802567,-0.28261387,-0.9117621,0.952261,0.15424573,0.26345277,0.06618005,-0.9467511,0.3150913
1356942639464,0.18685588,-0.23902223,-0.9528658,0.97969425,0.11710903,0.16274065,0.07269055,-0.96392626,0.2560512
1356942639506,0.101314664,-0.18988359,-0.9765651,0.99178076,0.096380234,0.08415303,0.078142256,-0.9770645,0.1980876
1356942639546,0.05363977,-0.14155835,-0.98847556,0.9952107,0.08859062,0.041318297,0.08172071,-0.98595786,0.14563242
1356942639586,0.05145088,-0.09784034,-0.9938712,0.9952831,0.08698222,0.04296109,0.0822458,-0.99139357,0.101854146
1356942639626,0.10027629,-0.06011945,-0.99314165,0.99179024,0.08564836,0.094955176,0.07935235,-0.99450994,0.06821439
1356942639666,0.203913,-0.02815786,-0.97858393,0.9761815,0.08149549,0.20106739,0.074088454,-0.99627584,0.04410523
1356942639706,0.35598654,-8.3464384E-4,-0.93449074,0.9319568,0.07391429,0.35495526,0.06877595,-0.9972643,0.02709034
1356942639746,0.5276993,0.023147583,-0.8491158,0.84682214,0.063953266,0.52801734,0.066526055,-0.9976844,0.014146179
1356942639786,0.67519546,0.045337707,-0.73624426,0.7342812,0.053814113,0.67670906,0.07030076,-0.99752116,0.0030444115
1356942639826,0.77290046,0.06768456,-0.63090694,0.62927413,0.04591497,0.775826,0.08147952,-0.99664974,-0.0071044415
1356942639866,0.8246881,0.09097718,-0.55822283,0.55686617,0.042050544,0.82953703,0.09894247,-0.9949647,-0.015983522
1356942639906,0.8443002,0.11376217,-0.5236557,0.5223119,0.043725494,0.8516327,0.119780675,-0.99254525,-0.022501878
1356942639946,0.84142315,0.13302642,-0.5237471,0.5217315,0.052415784,0.851498,0.14072433,-0.9897255,-0.025300212
1356942639986,0.8197335,0.14516763,-0.5540427,0.5501915,0.069197774,0.8321663,0.15914214,-0.98698425,-0.023146272
1356942640026,0.7790289,0.14639181,-0.6096585,0.6025219,0.09418467,0.7925254,0.17343971,-0.98473275,-0.014831692
1356942640066,0.7188008,0.13268179,-0.68243754,0.6707407,0.12581706,0.7309425,0.18284507,-0.9831407,0.0014423132
1356942640106,0.6461953,0.100298196,-0.75655264,0.7400296,0.15992528,0.6532842,0.18651515,-0.9820205,0.029119328
1356942640149,0.58090603,0.04712501,-0.8126054,0.7932774,0.19089858,0.57815975,0.18237102,-0.980478,0.073510915
1356942640184,0.5421013,-0.025469631,-0.83992714,0.8233888,0.21569692,0.5248866,0.16780108,-0.9761282,0.13790098
1356942640226,0.5321923,-0.11116108,-0.8392942,0.83455384,0.23567747,0.497972,0.14244768,-0.965453,0.21819559
1356942640266,0.53040344,-0.19834569,-0.8242155,0.8403208,0.25140357,0.48026776,0.11195165,-0.9473411,0.30001932
1356942640306,0.51345354,-0.27487165,-0.81290287,0.8538205,0.2583276,0.45194858,0.08576745,-0.92612773,0.36733025
1356942640346,0.46964866,-0.3334989,-0.8174403,0.88005465,0.25051528,0.40341774,0.07024193,-0.90885675,0.4111514
1356942640386,0.3963648,-0.37064707,-0.83994985,0.9157299,0.22520787,0.33274662,0.06583178,-0.9010562,0.42867702
1356942640426,0.2967488,-0.38384584,-0.8744155,0.9524405,0.18537715,0.2418522,0.06926268,-0.9045981,0.42060077
1356942640466,0.18092066,-0.37230754,-0.9103048,0.9805305,0.14012486,0.13756788,0.07633868,-0.91747046,0.39041045
1356942640506,0.06527823,-0.3393519,-0.9383917,0.9943433,0.10108167,0.03261614,0.0837858,-0.9352126,0.34403077
1356942640545,-0.03393513,-0.29232937,-0.95571536,0.99532324,0.076652646,-0.058787644,0.09044343,-0.9532407,0.288361
1356942640584,-0.1054886,-0.24013719,-0.96499026,0.9897138,0.06894988,-0.12534934,0.09663698,-0.96828717,0.23039368
1356942640626,-0.14517629,-0.18965757,-0.9710581,0.98409975,0.07382852,-0.16154554,0.10233003,-0.97907066,0.17592388
1356942640666,-0.1541208,-0.14403987,-0.9774964,0.9823077,0.08418679,-0.16728476,0.10638794,-0.9859843,0.12851655
1356942640706,-0.1345858,-0.10401058,-0.9854281,0.985049,0.09388566,-0.14444351,0.10754123,-0.99013495,0.08981985
1356942640746,-0.08801776,-0.06967971,-0.9936788,0.990518,0.09951347,-0.09471598,0.10548422,-0.9925935,0.060260057
1356942640786,-0.015787423,-0.04092726,-0.9990374,0.99475515,0.100343764,-0.019830465,0.10105881,-0.9941107,0.039128423
1356942640826,0.07828018,-0.016793907,-0.99679,0.9922741,0.097846895,0.07627705,0.096251905,-0.99505985,0.024323612
1356942640866,0.18538404,0.004750848,-0.9826547,0.97814196,0.09495437,0.18499172,0.09418622,-0.9954703,0.012956023
1356942640906,0.2916769,0.025988579,-0.9561638,0.9514945,0.094421,0.29281893,0.09789187,-0.9951931,0.0028124452
1356942640946,0.38409498,0.048083752,-0.9220407,0.9169196,0.09727666,0.38703457,0.1083031,-0.9940952,-0.00672549
1356942640986,0.4554532,0.07005796,-0.88749886,0.88164604,0.10284582,0.4605681,0.12354198,-0.9922271,-0.014924854
1356942641026,0.5045161,0.089439124,-0.85875726,0.85192037,0.110100046,0.51196635,0.14033899,-0.9898882,-0.020647734
1356942641066,0.5327165,0.10372761,-0.8399129,0.8318118,0.1186399,0.54223025,0.15589136,-0.9875045,-0.023080379
1356942641106,0.54206675,0.11105353,-0.832965,0.82324696,0.12870269,0.5529015,0.16860649,-0.9854455,-0.021659017
1356942641149,0.53486633,0.109728724,-0.8377813,0.8260232,0.14071098,0.54578936,0.1777738,-0.9839512,-0.015376896
1356942641186,0.5157893,0.0974291,-0.8511574,0.83693606,0.15495063,0.52490807,0.1830287,-0.98310626,-0.0016200542
1356942641226,0.49472928,0.07013604,-0.86621237,0.84953284,0.1710083,0.4990492,0.18313086,-0.9827701,0.025019944
1356942641266,0.4839599,0.023187548,-0.8747829,0.8573899,0.18747662,0.47930685,0.17511526,-0.98199534,0.0708504
1356942641306,0.49264312,-0.04492137,-0.86907125,0.856261,0.20324905,0.47487584,0.15530586,-0.9780961,0.13859361
1356942641365,0.5175729,-0.12805688,-0.8460022,0.8467255,0.21899934,0.48486614,0.12318346,-0.9672853,0.22177716
1356942641385,0.54257673,-0.21182045,-0.81286085,0.835659,0.23443323,0.49670428,0.08534953,-0.94877464,0.30420765
1356942641425,0.54951096,-0.28151745,-0.7866293,0.8337956,0.24465382,0.49490342,0.053127915,-0.92784286,0.36916795
1356942641461,0.52823687,-0.33055216,-0.7821132,0.84841174,0.24247563,0.4705348,0.03410709,-0.9121078,0.40852892
1356942641491,0.48527065,-0.36291832,-0.79548895,0.8739961,0.22772363,0.4292701,0.025361657,-0.9035664,0.42769682
1356942641521,0.42341226,-0.37892675,-0.8228831,0.90559304,0.20206708,0.3729213,0.02496779,-0.9030966,0.42871106
1356942641563,0.32544887,-0.37174124,-0.8694202,0.9449287,0.16144693,0.2846834,0.03453669,-0.91419,0.4038117
1356942641605,0.20171595,-0.3444362,-0.916883,0.97820044,0.11800623,0.17087561,0.049342155,-0.93136364,0.36073133
1356942641644,0.07274759,-0.30252945,-0.95035976,0.9951495,0.085286975,0.04902664,0.0662213,-0.9493166,0.3072665
1356942641685,-0.041700244,-0.25390792,-0.9663291,0.9956255,0.07037729,-0.06145653,0.083611876,-0.9646646,0.24986246
1356942641725,-0.12893993,-0.20618469,-0.96998066,0.9866031,0.07191062,-0.14643523,0.09994465,-0.97586715,0.19415027
1356942641765,-0.1860385,-0.16348755,-0.9688454,0.976019,0.082687855,-0.20136914,0.113033116,-0.98307395,0.14418387
1356942641805,-0.21509367,-0.12682968,-0.96832275,0.96910447,0.09483814,-0.22768906,0.120711684,-0.9873804,0.10251206
