1356941990895,0.9036651,0.03517817,-0.42679244,-0.42761385,0.1279884,-0.8948549,0.02314511,0.9911516,0.13070133
1356941990898,-0.5274991,0.12316066,-0.8405808,-0.8492401,-0.049483657,0.5256829,0.023148447,0.9911523,0.13069558
1356941990931,-0.5274283,0.12315017,-0.8406267,-0.84928316,-0.049424887,0.5256189,0.023182124,0.99115646,0.1306575
1356941990962,-0.52696186,0.1231581,-0.84091806,-0.84957,-0.049229324,0.5251736,0.023281544,0.9911652,0.13057339
1356941991004,-0.52577066,0.12324983,-0.84165,-0.85029787,-0.048653066,0.5240482,0.023640007,0.9911823,0.13037938
1356941991046,-0.521774,0.12363678,-0.8440769,-0.85273415,-0.047268152,0.520202,0.024418145,0.9912011,0.13009268
1356941991092,-0.5221806,0.12396446,-0.84377736,-0.85244274,-0.045864344,0.52080506,0.025862038,0.99122614,0.12962204
1356941991130,-0.49611938,0.12561345,-0.8591198,-0.8677961,-0.03959781,0.4953401,0.028202116,0.99128866,0.12865216
1356941991170,-0.46728688,0.1267524,-0.87497246,-0.8835491,-0.031835377,0.4672554,0.03137073,0.9914234,0.12686813
1356941991210,-0.43206698,0.1270034,-0.892854,-0.90115106,-0.022067428,0.4329431,0.035282224,0.9916568,0.12398392
1356941991252,-0.38855124,0.12601066,-0.91277015,-0.9205781,-0.0105730295,0.39041534,0.039545745,0.99197257,0.12011087
1356941991290,-0.33744693,0.12409708,-0.93312883,-0.94035184,0.0010724068,0.34020165,0.04321876,0.9922695,0.11633301
1356941991333,-0.28548747,0.121260256,-0.9506802,-0.95728874,0.011295438,0.28891277,0.045771956,0.99255645,0.11285645
1356941991369,-0.23269832,0.11752036,-0.9654224,-0.9714178,0.019778013,0.23655099,0.046893686,0.9928735,0.10955906
1356941991410,-0.18370783,0.11196047,-0.976584,-0.9819153,0.025346518,0.18761656,0.045758665,0.99338937,0.10527933
1356941991450,-0.13906753,0.10460362,-0.9847428,-0.9893782,0.027819574,0.14267725,0.042319715,0.9941248,0.09962374
1356941991493,-0.09837568,0.09462738,-0.99064016,-0.9944931,0.02679801,0.10131806,0.03613469,0.99515206,0.09147
1356941991530,-0.061026096,0.08192772,-0.99476814,-0.99773043,0.02340728,0.063135624,0.028457373,0.9963634,0.080313265
1356941991570,-0.027528763,0.06731111,-0.9973522,-0.9993846,0.01984626,0.028924316,0.021740615,0.99753463,0.06672329
1356941991610,0.0010870695,0.05211693,-0.9986404,-0.9998289,0.018497646,-1.2299418E-4,0.018466115,0.9984697,0.052128106
1356941991648,0.022586733,0.038609415,-0.998999,-0.9995394,0.021132141,-0.02178225,0.02026996,0.9990308,0.039068967
1356941991689,0.036232352,0.028051585,-0.9989495,-0.99896204,0.028626323,-0.03542897,0.027602404,0.9991964,0.029059678
1356941991729,0.04295519,0.020080179,-0.99887514,-0.9983113,0.039997727,-0.042126864,0.039106816,0.9989979,0.021764398
1356941991768,0.044843554,0.013099998,-0.99890816,-0.9975724,0.053911626,-0.044076502,0.053275377,0.99845976,0.015485793
1356941991808,0.04333493,0.005368054,-0.9990462,-0.9967386,0.06837097,-0.04286751,0.06807566,0.9976455,0.008313358
1356941991850,0.04049924,-0.0051884353,-0.99916613,-0.995775,0.082270354,-0.04078901,0.082413346,0.9965966,-0.0018345714
1356941991889,0.035999864,-0.018981934,-0.9991715,-0.99483585,0.09426138,-0.037634373,0.09489766,0.99536645,-0.015490532
1356941991945,0.03533709,-0.039595217,-0.9985907,-0.9938586,0.10345411,-0.039271653,0.104863256,0.99384576,-0.035696268
1356941991968,0.039619565,-0.0684742,-0.99686587,-0.9930161,0.10825515,-0.046902567,0.111127496,0.99176216,-0.063706994
1356941992009,0.05493781,-0.1092889,-0.9924907,-0.9922223,0.105220646,-0.066509426,0.11169928,0.9884253,-0.10265827
1356941992049,0.08361545,-0.162967,-0.983082,-0.9910275,0.08963224,-0.099149734,0.104273975,0.9825517,-0.15401012
1356941992088,0.122596145,-0.2248826,-0.9666426,-0.9885994,0.05811733,-0.13890144,0.08741519,0.9726511,-0.21519381
1356941992131,0.16314125,-0.28523147,-0.9444723,-0.98464,0.013282895,-0.17409098,0.06220153,0.95836663,-0.2786833
1356941992168,0.19544473,-0.33397576,-0.9220964,-0.9801289,-0.0340226,-0.1954225,0.03389427,0.9419675,-0.33398885
1356941992208,0.21524046,-0.36686307,-0.90503204,-0.9765158,-0.07193358,-0.20308223,0.009401172,0.92748964,-0.3737306
1356941992249,0.22224654,-0.38373357,-0.8963007,-0.9749771,-0.09228741,-0.20224404,-0.005109459,0.91882074,-0.394642
1356941992292,0.21604529,-0.3843155,-0.89756674,-0.97635245,-0.09234586,-0.19546896,-0.0077648163,0.91857165,-0.39517826
1356941992328,0.20109464,-0.37219444,-0.90610826,-0.9795661,-0.07957916,-0.18470919,-0.0033596456,0.924737,-0.38059193
1356941992372,0.17102477,-0.34285626,-0.9236883,-0.98524165,-0.052832395,-0.16281119,0.007020116,0.937901,-0.34683192
1356941992409,0.13485369,-0.30273983,-0.94348454,-0.99068534,-0.023035198,-0.13420883,0.018897027,0.9527949,-0.30302632
1356941992449,0.090400785,-0.25128725,-0.9636817,-0.9954233,0.0073078573,-0.095283926,0.03098604,0.96788496,-0.24947655
1356941992489,0.044264287,-0.19324276,-0.980152,-0.9981483,0.03241673,-0.051468194,0.041719228,0.9806153,-0.19145006
1356941992528,0.0031511784,-0.13515377,-0.99081963,-0.99874544,0.049091816,-0.009872794,0.049975455,0.98960775,-0.13482952
1356941992569,-0.028479725,-0.082410336,-0.9961915,-0.9980824,0.057137936,0.02380699,0.054958373,0.9949592,-0.08387959
1356941992609,-0.048026443,-0.03878811,-0.99809265,-0.99725616,0.058220148,0.045723587,0.05633557,0.99755,-0.0414778
1356941992650,-0.055851102,-0.0055064857,-0.99842393,-0.9969697,0.05453986,0.055468947,0.054148465,0.9984964,-0.008535922
1356941992688,-0.053762972,0.018104106,-0.9983896,-0.9973489,0.048128366,0.054579675,0.049039006,0.9986771,0.015468538
1356941992732,-0.044217944,0.03311926,-0.9984727,-0.99816686,0.039876044,0.04552707,0.041322917,0.99865556,0.03129536
1356941992769,-0.02928716,0.041432977,-0.998712,-0.9990301,0.03165394,0.030609697,0.03288144,0.9986397,0.040465713
1356941992812,-0.010694981,0.04242751,-0.99904233,-0.99966705,0.023008645,0.0116787255,0.023482144,0.9988346,0.042167246
1356941992849,0.00945729,0.038289726,-0.9992219,-0.9998502,0.014845669,-0.008894384,0.014493495,0.9991564,0.038424402
1356941992888,0.029237747,0.029133737,-0.99914783,-0.99954885,0.0077289343,-0.029024124,0.0068767667,0.9995457,0.029346555
1356941992945,0.04581368,0.017078757,-0.998804,-0.9989461,0.003590703,-0.045758814,0.0028048754,0.99984765,0.017225295
1356941992968,0.056263387,0.0045568943,-0.9984056,-0.9984082,0.004201114,-0.056244373,0.0039381087,0.9999808,0.0047860146
1356941993011,0.058255404,-0.006310791,-0.9982817,-0.99824595,0.010199457,-0.05831781,0.010549992,0.9999281,-0.0057055354
1356941993048,0.050724983,-0.014506906,-0.9986072,-0.99848664,0.02053088,-0.051017106,0.02124232,0.9996839,-0.0134435
1356941993090,0.034769207,-0.020394176,-0.99918723,-0.99878204,0.034310788,-0.035455436,0.035006016,0.9992031,-0.019176424
1356941993128,0.010440886,-0.024716794,-0.99964,-0.99869174,0.049788475,-0.011662036,0.050058812,0.998454,-0.024164617
1356941993185,-0.020205528,-0.02825874,-0.99939644,-0.99763626,0.06623599,0.018297046,0.065678984,0.99740374,-0.029530287
1356941993205,-0.056393057,-0.031802297,-0.997902,-0.9950973,0.08312628,0.05358541,0.08124775,0.9960314,-0.036334038
1356941993252,-0.094919205,-0.03765112,-0.9947727,-0.99077743,0.10063988,0.09072885,0.09669778,0.99421024,-0.046856582
1356941993282,-0.13339698,-0.04777783,-0.98991036,-0.9848873,0.11772078,0.12703833,0.11046341,0.9918966,-0.06275934
1356941993322,-0.1608088,-0.070524246,-0.9844627,-0.9796841,0.13250667,0.15053585,0.11983138,0.98867,-0.09039968
1356941993368,-0.17136243,-0.11096248,-0.97893935,-0.9778155,0.1406506,0.15522301,0.120464504,0.9838215,-0.13260305
1356941993408,-0.16066876,-0.16762385,-0.97267044,-0.9808687,0.1368644,0.13843662,0.109918684,0.9763045,-0.18640685
1356941993449,-0.12990594,-0.23309276,-0.9637387,-0.98754275,0.11745536,0.104706466,0.08878997,0.9653352,-0.24544728
1356941993489,-0.0883975,-0.29209235,-0.95229614,-0.9939916,0.087821305,0.06533098,0.06454921,0.9523494,-0.29810053
1356941993530,-0.047558725,-0.33300644,-0.9417244,-0.9977872,0.059693873,0.029281497,0.046464264,0.9410331,-0.33510852
1356941993569,-0.015159845,-0.3517955,-0.9359541,-0.99911636,0.042027712,3.8605928E-4,0.039200187,0.9351329,-0.3521217
1356941993610,0.0050367713,-0.34886393,-0.9371599,-0.9991373,0.03687656,-0.019097418,0.04122165,0.9364476,-0.3483773
1356941993648,0.013425827,-0.32827213,-0.9444878,-0.99877286,0.04063046,-0.02831927,0.047671407,0.9437089,-0.3273238
1356941993692,0.008040458,-0.29109776,-0.95665956,-0.99844277,0.050477177,-0.02375114,0.055203408,0.9553608,-0.29023862
1356941993729,-0.00368765,-0.24696064,-0.9690185,-0.99813604,0.059939593,-0.01147756,0.06091708,0.96717,-0.24672139
1356941993772,-0.023351789,-0.19667265,-0.9801911,-0.99770916,0.06685132,0.010355622,0.06349039,0.97818744,-0.19778317
1356941993809,-0.04287082,-0.14926723,-0.9878671,-0.9970716,0.069066405,0.03283432,0.06332734,0.9863819,-0.15179104
1356941993849,-0.061180443,-0.10688794,-0.992387,-0.99630773,0.06653789,0.054255486,0.060232103,0.9920422,-0.11056411
1356941993889,-0.07541296,-0.071940035,-0.9945539,-0.9956627,0.059931368,0.071161985,0.05448556,0.9956068,-0.076147616
1356941993943,-0.084432065,-0.04509622,-0.9954082,-0.99535245,0.050245404,0.082151026,0.046309948,0.9977182,-0.04912895
1356941993968,-0.08812392,-0.025768906,-0.9957762,-0.99545205,0.038595617,0.08709639,0.036188215,0.99892265,-0.029052913
1356941994009,-0.08690828,-0.012859553,-0.9961333,-0.9958898,0.02671963,0.0865421,0.025503427,0.99956024,-0.015128851
1356941994050,-0.08134735,-0.005447477,-0.9966709,-0.9965565,0.016545892,0.0812476,0.016048253,0.99984825,-0.006774664
1356941994088,-0.07227832,-0.0024366379,-0.9973815,-0.99734026,0.009593248,0.072251916,0.009392083,0.999951,-0.0031235814
1356941994131,-0.061283052,-0.0023641586,-0.9981176,-0.9980972,0.0069741607,0.06126526,0.0068162084,0.99997294,-0.0027871132
1356941994168,-0.050749004,-0.003079623,-0.9987067,-0.9986739,0.008827686,0.050720066,0.008660048,0.99995625,-0.0035235286
1356941994212,-0.04311925,-0.0030634105,-0.9990653,-0.9989462,0.015870571,0.04306546,0.015723854,0.99986947,-0.0037445426
1356941994249,-0.040165365,-0.0017301738,-0.9991916,-0.99887073,0.025467157,0.040108353,0.025377214,0.9996742,-0.0027510524
1356941994290,-0.042597115,0.0010717213,-0.99909174,-0.9983953,0.03730327,0.042607427,0.0373151,0.99930346,-5.1903725E-4
1356941994328,-0.051627815,0.0039351285,-0.9986587,-0.99744105,0.049320757,0.051759183,0.049458325,0.9987753,0.0013786554
1356941994367,-0.06546408,0.0053625405,-0.9978405,-0.9959624,0.06120795,0.065669805,0.06142795,0.99811065,0.001333952
1356941994409,-0.085112214,0.0043251216,-0.996362,-0.99374557,0.07218301,0.0852021,0.07228896,0.99738204,-0.0018455982
1356941994448,-0.11020595,2.1493435E-4,-0.99390876,-0.990593,0.08159119,0.10985598,0.08111778,0.99666584,-0.00877893
1356941994490,-0.13974339,-0.007617116,-0.99015844,-0.98634267,0.08910924,0.13851938,0.08717716,0.99599266,-0.01996553
1356941994529,-0.17193681,-0.019960135,-0.9849057,-0.9809766,0.094938755,0.16932681,0.09012601,0.995283,-0.03590387
1356941994571,-0.20276135,-0.038959324,-0.9784529,-0.9751138,0.099534035,0.19810623,0.089671284,0.9942712,-0.05817145
1356941994609,-0.23096782,-0.063783646,-0.97086847,-0.96913207,0.1035251,0.22375342,0.08623746,0.9925796,-0.085725784
1356941994650,-0.24548179,-0.099876404,-0.9642424,-0.96624696,0.10538393,0.23507649,0.0781371,0.9894033,-0.12237513
1356941994689,-0.24612907,-0.14488575,-0.95834684,-0.96701837,0.10357204,0.23269778,0.065543324,0.98401266,-0.16559929
1356941994730,-0.22627112,-0.20014733,-0.95327973,-0.9729219,0.09382251,0.21123478,0.047160983,0.9752631,-0.21595705
1356941994768,-0.19283429,-0.25535202,-0.947423,-0.9808773,0.07610032,0.17913261,0.026357293,0.9638486,-0.26514375
1356941994808,-0.15230227,-0.30384877,-0.94046795,-0.98831654,0.05247152,0.14309841,0.0058674514,0.9512742,-0.30829024
1356941994848,-0.11381018,-0.3385306,-0.9340472,-0.99346095,0.030184984,0.11010942,-0.009081215,0.94047105,-0.33975232
1356941994888,-0.0848974,-0.3564568,-0.9304466,-0.9962832,0.016710758,0.08450261,-0.014573067,0.9341624,-0.35655057
1356941994944,-0.070159644,-0.35736823,-0.9313247,-0.99748254,0.015486628,0.06920093,-0.010307103,0.9338352,-0.35755515
1356941994968,-0.07276237,-0.34177294,-0.93696153,-0.997349,0.025754273,0.06805754,8.7055564E-4,0.93942964,-0.34274083
1356941995008,-0.0934799,-0.31102458,-0.9457934,-0.99550927,0.043441623,0.084107906,0.014927149,0.94940853,-0.31368876
1356941995049,-0.13025397,-0.26747835,-0.9547194,-0.9910711,0.06279802,0.11761975,0.028493702,0.9615153,-0.2732697
1356941995092,-0.1789482,-0.2139197,-0.9603207,-0.9830511,0.07840958,0.16571745,0.03984809,0.9736992,-0.22432524
1356941995127,-0.22455987,-0.16068965,-0.96112,-0.97324234,0.086282104,0.21296665,0.048705906,0.9832264,-0.17576545
1356941995169,-0.26533782,-0.109926194,-0.95786846,-0.96255636,0.087396264,0.25660676,0.05550632,0.99008995,-0.12899971
1356941995219,-0.29497236,-0.06460354,-0.9533193,-0.9536252,0.08246869,0.2894784,0.05991772,0.9944974,-0.085933566
1356941995258,-0.3047148,-0.02992791,-0.9519733,-0.9504401,0.07435131,0.30188656,0.061745614,0.9967829,-0.05110061
1356941995299,-0.30172962,-0.004741043,-0.9533818,-0.95146024,0.06514686,0.30079755,0.060683757,0.99786437,-0.024167657
1356941995338,-0.28699398,0.012315035,-0.9578532,-0.9562378,0.05576688,0.28722697,0.05695367,0.99836785,-0.0042286515
1356941995377,-0.26240098,0.022695303,-0.964692,-0.96360236,0.04682809,0.26320633,0.051148206,0.99864507,0.009581506
1356941995418,-0.22991425,0.027750552,-0.97281516,-0.9722001,0.03899747,0.23088133,0.044344425,0.9988539,0.018013
1356941995461,-0.19175273,0.027652234,-0.9810537,-0.980747,0.03224802,0.19260171,0.036962897,0.99909735,0.020936191
1356941995498,-0.15000474,0.023752362,-0.9883999,-0.9882153,0.027219355,0.15063089,0.030481398,0.99934727,0.01938945
1356941995549,-0.10685551,0.014971107,-0.9941618,-0.99391174,0.025398314,0.10721111,0.026855052,0.99956524,0.012166083
1356941995589,-0.06755334,0.005539745,-0.9977003,-0.9973254,0.027589917,0.06768119,0.027901351,0.999604,0.0036612153
1356941995627,-0.038760364,-0.002236843,-0.999246,-0.9986838,0.033699512,0.03866315,0.033587575,0.99942946,-0.0035400987
1356941995669,-0.022458881,-0.0076656044,-0.9997184,-0.9987943,0.0438343,0.022101969,0.043652564,0.9990094,-0.008640826
1356941995708,-0.020028055,-0.011244714,-0.9997362,-0.998262,0.055657625,0.019372493,0.055425078,0.9983866,-0.01233989
1356941995748,-0.029230893,-0.013842344,-0.9994768,-0.997236,0.06873351,0.028213412,0.06830701,0.99753904,-0.015813231
1356941995788,-0.052167118,-0.01567036,-0.99851537,-0.9953293,0.08214533,0.050711542,0.0812287,0.99649715,-0.019882381
1356941995829,-0.088339984,-0.01701653,-0.995945,-0.9916867,0.09541643,0.08633202,0.09356043,0.995292,-0.025304139
1356941995878,-0.13725159,-0.019577086,-0.99034274,-0.9849964,0.10829082,0.13436991,0.10461447,0.99392647,-0.034146428
1356941995942,-0.2020979,-0.023359478,-0.97908676,-0.9728512,0.11990124,0.19795015,0.11276963,0.99251103,-0.046957076
1356941995959,-0.25894856,-0.03611982,-0.9652155,-0.9588869,0.12973922,0.25239572,0.11610979,0.99089,-0.06823057
1356941995997,-0.29945618,-0.062585264,-0.95205516,-0.947423,0.13743794,0.2889644,0.11276358,0.9885311,-0.10045141
1356941996039,-0.31134886,-0.10815242,-0.9441212,-0.94495726,0.1403948,0.2955419,0.10058612,0.9841709,-0.14591116
1356941996078,-0.294585,-0.16795918,-0.9407494,-0.9521735,0.13518524,0.27402666,0.081150174,0.97648084,-0.19974983
1356941996119,-0.25446755,-0.23236516,-0.9387506,-0.9653295,0.11943203,0.23210979,0.058182687,0.965268,-0.25470054
1356941996158,-0.20555457,-0.28672054,-0.93570226,-0.9778985,0.097533256,0.1849378,0.038236678,0.95303655,-0.30043197
1356941996201,-0.16205326,-0.32288077,-0.9324627,-0.9864439,0.07774356,0.14451471,0.025831968,0.94324124,-0.3311023
1356941996239,-0.12848985,-0.33966932,-0.93172693,-0.9914814,0.0642032,0.11332449,0.021326989,0.93835104,-0.34502524
1356941996279,-0.118760645,-0.33341736,-0.93526936,-0.992626,0.062898755,0.10362083,0.024278253,0.9406788,-0.33842868
1356941996329,-0.1348513,-0.3028216,-0.94345856,-0.99037313,0.0712128,0.11869982,0.031241447,0.95038295,-0.30950952
1356941996367,-0.15721267,-0.26207888,-0.9521549,-0.98686635,0.077946424,0.14148933,0.03713572,0.9618935,-0.270891
1356941996409,-0.22277167,-0.21084177,-0.9517975,-0.9740238,0.08882329,0.2082977,0.040623933,0.9734763,-0.22515225
1356941996448,-0.22280458,-0.16504303,-0.96079075,-0.9739511,0.080307156,0.2120614,0.04215908,0.9830115,-0.17863661
1356941996489,-0.22928947,-0.120892316,-0.9658216,-0.9724337,0.071689665,0.22188574,0.042415142,0.9900735,-0.13399744
1356941996528,-0.23285335,-0.08287957,-0.9689739,-0.9716097,0.062734425,0.22812086,0.041881442,0.9945831,-0.0951345
1356941996570,-0.2321499,-0.05164036,-0.9713083,-0.97184575,0.053664863,0.22942522,0.04027754,0.9972229,-0.06264472
1356941996608,-0.22497112,-0.027760893,-0.9739699,-0.97363615,0.045074344,0.22360924,0.03769344,0.99859786,-0.037169397
1356941996649,-0.21334821,-0.010421455,-0.97692066,-0.97639835,0.036663473,0.21284297,0.033599198,0.9992734,-0.017997622
1356941996689,-0.19712484,0.0019957125,-0.98037636,-0.97995365,0.029031992,0.19709891,0.028855652,0.9995765,-0.003767252
1356941996728,-0.17863363,0.010605663,-0.98385847,-0.9836303,0.022157252,0.17883104,0.023696184,0.9996982,0.006474018
1356941996770,-0.15672767,0.016012698,-0.987512,-0.9874643,0.016421854,0.15698642,0.018730491,0.99973696,0.013238251
1356941996808,-0.13128734,0.018271565,-0.991176,-0.99124,0.012086749,0.13151863,0.014383197,0.99976003,0.016524673
1356941996866,-0.102642596,0.0173949,-0.9945662,-0.9946517,0.009777188,0.10282245,0.011512637,0.9998009,0.016298354
1356941996897,-0.070792854,0.012513012,-0.99741256,-0.99739814,0.012758195,0.07095191,0.013612986,0.99984026,0.011577249
1356941996942,-0.038276434,0.007434219,-0.99923956,-0.99906933,0.01961404,0.03841582,0.019884735,0.99978006,0.006676495
1356941996971,-0.012781769,0.0030357242,-0.99991375,-0.9994027,0.03207335,0.012872547,0.032109678,0.99948096,0.0026239157
1356941997014,0.004163325,-1.0317564E-4,-0.99999136,-0.9987914,0.048973918,-0.004163444,0.048973978,0.9988001,1.00791454E-4
1356941997060,0.0114097,-0.0020431578,-0.9999329,-0.9976325,0.06779921,-0.011522025,0.067818195,0.9976969,-0.001264751
1356941997100,0.008487821,-0.0031698644,-0.99995893,-0.9962193,0.08643472,-0.008730084,0.08645886,0.99625254,-0.00242424
1356941997139,-0.0048955977,-0.00384897,-0.99998057,-0.99462044,0.10348955,0.0044710636,0.103470296,0.99462306,-0.004334867
1356941997178,-0.028473884,-0.0046557486,-0.9995837,-0.99258554,0.11834434,0.027723253,0.11816606,0.9929617,-0.007991016
1356941997218,-0.06151864,-0.006256044,-0.99808633,-0.9895874,0.13075039,0.06017521,0.1301237,0.9913956,-0.014234483
1356941997260,-0.09785634,-0.011808187,-0.99513054,-0.9854622,0.14069211,0.09523615,0.13888252,0.98998296,-0.025404155
1356941997299,-0.13438866,-0.023468196,-0.9906508,-0.9804662,0.14804015,0.12950003,0.14361691,0.9887029,-0.042904675
1356941997339,-0.15790051,-0.049082994,-0.98623437,-0.97724915,0.15099245,0.14894739,0.14160317,0.98731565,-0.0718081
1356941997378,-0.16485348,-0.0887337,-0.98231846,-0.9775144,0.14746955,0.1507262,0.13148755,0.9850782,-0.111049354
1356941997423,-0.1464931,-0.14610708,-0.97836214,-0.9831587,0.13074908,0.12768543,0.109264195,0.98059034,-0.16280031
1356941997459,-0.11216667,-0.20478177,-0.97235954,-0.9903177,0.10357919,0.092424154,0.081789464,0.9733118,-0.21441716
1356941997498,-0.06776506,-0.25934446,-0.96340466,-0.9964,0.06689632,0.05207765,0.050942212,0.96346533,-0.26294404
1356941997539,-0.020068765,-0.30175462,-0.95317435,-0.9995121,0.028877616,0.011902332,0.023933828,0.95294815,-0.30218697
1356941997578,0.02333343,-0.3279202,-0.94441724,-0.9997027,-9.614825E-4,-0.024365515,0.007081926,0.944705,-0.32784516
1356941997621,0.057210594,-0.33673513,-0.93985975,-0.99835753,-0.016437382,-0.0548822,0.0030319393,0.94145596,-0.33712244
1356941997658,0.08077967,-0.33032078,-0.9404057,-0.99669725,-0.018889427,-0.07898006,0.00832507,0.9436797,-0.3307557
1356941997699,0.08861914,-0.30768746,-0.94735163,-0.99586576,-0.008319169,-0.09045544,0.019950867,0.9514512,-0.3071527
1356941997738,0.08474907,-0.27327082,-0.9581965,-0.9958619,0.008436829,-0.09048653,0.032811433,0.9619001,-0.27142495
1356941997781,0.06695828,-0.22713879,-0.97155786,-0.99677694,0.027894825,-0.07521784,0.044186383,0.9734628,-0.22453892
1356941997819,0.04475057,-0.1778158,-0.9830457,-0.9976312,0.043505967,-0.05328396,0.052243084,0.9831016,-0.17544764
1356941997861,0.017812312,-0.12630272,-0.9918318,-0.99825,0.053698003,-0.02476561,0.056387305,0.9905373,-0.12512517
1356941997899,-0.0042129457,-0.08021444,-0.9967687,-0.99833244,0.05772522,-4.2584538E-4,0.05757284,0.9951048,-0.080323815
1356941997953,-0.020469755,-0.041307718,-0.9989368,-0.9982257,0.05672416,0.01810953,0.055915743,0.997535,-0.042395532
1356941997977,-0.028242975,-0.01115495,-0.99953884,-0.99824876,0.052310556,0.0276227,0.05197829,0.99856853,-0.01261282
1356941998018,-0.027455658,0.0102702975,-0.99957025,-0.9985581,0.04586199,0.027899116,0.04612878,0.99889493,0.008996367
1356941998059,-0.019271255,0.024098963,-0.9995239,-0.99906325,0.03827685,0.020185262,0.038745075,0.9989766,0.023338735
1356941998098,-0.0052210093,0.03175339,-0.99948215,-0.99951303,0.030584276,0.0061928034,0.030765086,0.9990277,0.031578243
1356941998140,0.013485432,0.034059048,-0.99932885,-0.99964035,0.023629665,-0.012684286,0.023181796,0.99914044,0.034365386
1356941998178,0.035237074,0.03252849,-0.99884945,-0.9992372,0.017979264,-0.034665227,0.01683098,0.99930906,0.033137232
1356941998219,0.0582065,0.027265012,-0.9979322,-0.9982293,0.013864458,-0.057844996,0.012258649,0.9995321,0.02802369
1356941998269,0.081416845,0.01895395,-0.9964999,-0.996611,0.013330042,-0.08117238,0.011744857,0.99973154,0.019974977
1356941998308,0.10068557,0.0107804835,-0.9948598,-0.9947916,0.017046124,-0.10049391,0.015875101,0.9997965,0.012440652
1356941998349,0.11342445,0.003567487,-0.99354017,-0.99323714,0.025363415,-0.113298774,0.024795383,0.99967194,0.006420195
1356941998388,0.11867708,-0.002684921,-0.9929292,-0.9922261,0.037401795,-0.1186941,0.037456006,0.99929667,0.0017746985
1356941998429,0.1156798,-0.008542508,-0.99324983,-0.991941,0.051037967,-0.11596626,0.05168408,0.99866015,-0.0025695562
1356941998468,0.10437119,-0.014633775,-0.9944307,-0.992357,0.064656615,-0.10510501,0.06583458,0.99780023,-0.007773608
1356941998510,0.084700376,-0.021460265,-0.9961753,-0.9932568,0.07761106,-0.08612418,0.07916248,0.99675274,-0.014741838
1356941998548,0.055465907,-0.028686553,-0.9980484,-0.9942988,0.08958438,-0.05783236,0.091068625,0.995566,-0.023554146
1356941998591,0.021413416,-0.0385305,-0.99902797,-0.9945754,0.10091743,-0.025210172,0.10179067,0.9941485,-0.03616047
1356941998629,-0.016864657,-0.05235043,-0.9984864,-0.9937285,0.11128247,0.01094982,0.11054078,0.992409,-0.05389881
1356941998672,-0.045247465,-0.07893595,-0.99585223,-0.99237,0.11800274,0.035735786,0.11469242,0.98987097,-0.083673
1356941998709,-0.059464067,-0.11929795,-0.9910762,-0.99193287,0.11840758,0.045262516,0.11195117,0.98577255,-0.12537652
1356941998748,-0.04742366,-0.17788282,-0.98290825,-0.9939755,0.10574585,0.028820187,0.098811835,0.9783535,-0.181826
1356941998789,-0.012852579,-0.24506849,-0.96942055,-0.9969403,0.0778974,-0.006474942,0.077102154,0.9663713,-0.24531984
1356941998828,0.03145975,-0.3051635,-0.95178014,-0.9980717,0.04138744,-0.04625961,0.05350846,0.95140016,-0.30327302
1356941998869,0.0723677,-0.34810495,-0.93465817,-0.9967592,0.0077652037,-0.08006805,0.035129845,0.9374234,-0.3464148
1356941998908,0.10097432,-0.37036565,-0.92338157,-0.994534,-0.012782574,-0.10362792,0.026576966,0.9287981,-0.3696319
1356941998947,0.112282336,-0.37213486,-0.92136216,-0.9932838,-0.015974164,-0.114595205,0.027926832,0.9280412,-0.37142915
1356941998986,0.105266124,-0.35552013,-0.9287219,-0.9938011,-0.0040320456,-0.111099035,0.03575328,0.93465996,-0.35374075
1356941999032,0.07835758,-0.32045823,-0.9440162,-0.99582475,0.019322693,-0.089217246,0.04683131,0.94706553,-0.31760615
1356941999068,0.041244715,-0.27563626,-0.96037674,-0.99752253,0.043464392,-0.05531463,0.056988925,0.96027887,-0.2731607
1356941999110,-0.0061525702,-0.220626,-0.97533906,-0.99789464,0.06432748,-0.008256286,0.06456259,0.9732349,-0.22055727
1356941999148,-0.05160913,-0.16612929,-0.98475254,-0.99629337,0.076515704,0.039305568,0.068819255,0.98313093,-0.16946244
1356941999188,-0.09156489,-0.115787536,-0.98904455,-0.9933771,0.07985234,0.08261767,0.06941143,0.990059,-0.122332335
1356941999229,-0.121778846,-0.073467284,-0.98983455,-0.9903085,0.07608527,0.11618996,0.06677565,0.9943911,-0.08202082
1356941999268,-0.14067757,-0.04094535,-0.98920846,-0.98814005,0.06792712,0.13771394,0.061555296,0.9968498,-0.05001557
1356941999309,-0.14893532,-0.017950088,-0.988684,-0.98736143,0.057483852,0.14769244,0.05418223,0.99818504,-0.026284635
1356941999347,-0.14847511,-0.0029355586,-0.98891175,-0.9878845,0.046103716,0.14818409,0.045157522,0.99893236,-0.009745181
1356941999389,-0.14153683,0.00586316,-0.98991567,-0.9893061,0.03474444,0.14165542,0.035224617,0.99937904,8.828044E-4
1356941999429,-0.13024151,0.01002562,-0.9914316,-0.99114966,0.024582863,0.13045305,0.025680065,0.99964756,0.0067352057
1356941999469,-0.116432786,0.010135829,-0.9931469,-0.99303573,0.016919792,0.11659235,0.017985582,0.9998055,0.008095205
1356941999509,-0.102216125,0.007663101,-0.9947327,-0.99465954,0.013576329,0.10231325,0.014288843,0.9998784,0.006234467
1356941999551,-0.090023994,0.003750503,-0.99593246,-0.99579394,0.016762912,0.09007463,0.017032474,0.9998524,0.002225697
1356941999588,-0.08314079,6.481111E-4,-0.99653757,-0.99623334,0.02466005,0.08313146,0.02462852,0.99969566,-0.0014045238
1356941999631,-0.0827651,-7.790327E-4,-0.9965688,-0.9958568,0.03786558,0.08267635,0.03767124,0.99928254,-0.0039097667
1356941999669,-0.09184903,-9.7474456E-4,-0.9957725,-0.9944279,0.052048743,0.09167403,0.051739365,0.99864405,-0.005749941
1356941999708,-0.10779816,-5.2782893E-4,-0.9941727,-0.9919604,0.066734314,0.107522875,0.06628871,0.99777067,-0.0077174306
1356941999749,-0.13268411,3.4189224E-4,-0.99115837,-0.98789185,0.081074536,0.13227478,0.08040297,0.99670804,-0.010419548
1356941999788,-0.16553843,0.0012476146,-0.9862026,-0.9817518,0.094697535,0.16491118,0.09359673,0.99550533,-0.014451206
1356941999829,-0.20365334,8.030832E-4,-0.97904277,-0.9733275,0.10773057,0.20255283,0.105635524,0.99417984,-0.02115804
1356941999868,-0.24231076,-0.004553616,-0.970188,-0.96327263,0.12040347,0.24001852,0.11572102,0.99271464,-0.03356141
1356941999908,-0.27232033,-0.022968173,-0.9619325,-0.9545067,0.13266873,0.26705036,0.1214847,0.9908942,-0.058051646
1356941999948,-0.28498924,-0.0629704,-0.95646006,-0.95110583,0.14253509,0.27400982,0.11907464,0.9877846,-0.100512505
1356941999985,-0.27512115,-0.12588823,-0.953132,-0.95556855,0.14492196,0.2566834,0.105816305,0.981402,-0.1601659
1356942000031,-0.24594766,-0.19990152,-0.9484456,-0.96564764,0.13520205,0.2219122,0.083871186,0.97044307,-0.22628707
1356942000071,-0.20601723,-0.2691657,-0.940801,-0.9767516,0.114798814,0.18104547,0.059271544,0.9562275,-0.2865585
1356942000110,-0.16661745,-0.3190345,-0.93298215,-0.9851694,0.093196034,0.14406884,0.040987313,0.9431498,-0.32983106
1356942000148,-0.13749507,-0.344383,-0.9287063,-0.9899546,0.07895824,0.11728358,0.03293851,0.935503,-0.35177994
1356942000188,-0.12011427,-0.3458599,-0.9305662,-0.99219644,0.07340288,0.10078794,0.033447713,0.93541056,-0.35197765
1356942000228,-0.11541882,-0.32614312,-0.9382479,-0.992571,0.07446632,0.09621623,0.038487643,0.94238293,-0.3323151
1356942000269,-0.12134746,-0.29026762,-0.9492205,-0.9916048,0.07847795,0.10276759,0.044662774,0.9537221,-0.29735386
1356942000308,-0.1354788,-0.24346381,-0.9604014,-0.98949987,0.08251238,0.11866647,0.050354004,0.9663939,-0.2520861
1356942000349,-0.15477997,-0.19088578,-0.96933264,-0.98640525,0.0846861,0.1408293,0.055206716,0.97795236,-0.20139849
1356942000388,-0.17430678,-0.13914514,-0.9748106,-0.9829017,0.08424547,0.1637283,0.0593414,0.986682,-0.15145057
1356942000431,-0.19248986,-0.090797156,-0.9770894,-0.9792955,0.081368566,0.1853632,0.062673956,0.99253976,-0.104579926
1356942000493,-0.20419717,-0.05061853,-0.97762024,-0.9768108,0.07620865,0.20008221,0.06437528,0.9958062,-0.065006316
1356942000515,-0.21010792,-0.018724442,-0.9774989,-0.97572744,0.06714344,0.20844105,0.0617297,0.99756765,-0.032377362
1356942000561,-0.20470852,0.002747357,-0.9788191,-0.97733533,0.054537535,0.20455131,0.05394429,0.99850786,-0.008479178
1356942000591,-0.1923821,0.017162114,-0.98117006,-0.9802617,0.043066084,0.19295725,0.045566767,0.99892485,0.008538187
1356942000635,-0.17604089,0.022676677,-0.9841217,-0.983757,0.031589508,0.17670357,0.035095006,0.9992436,0.016747236
1356942000679,-0.15514594,0.021064073,-0.98766696,-0.9875922,0.021308422,0.1555886,0.024322957,0.99955106,0.017496765
1356942000720,-0.13269645,0.015257746,-0.9910393,-0.99103355,0.013723075,0.13290694,0.01562795,0.9997895,0.013299942
1356942000758,-0.111955225,0.0082784,-0.99367875,-0.99365044,0.010309517,0.11203796,0.011171877,0.99991256,0.0070716143
1356942000801,-0.095501006,0.0023013651,-0.99542665,-0.99534917,0.012474656,0.095522374,0.012637466,0.99991953,0.0010992885
1356942000839,-0.085549414,-0.0016432405,-0.9963325,-0.9961636,0.018630385,0.085504174,0.0184215,0.9998251,-0.0032307506
1356942000882,-0.08276868,-0.0038378239,-0.9965614,-0.99615526,0.0291242,0.08262277,0.028706908,0.99956846,-0.0062336326
1356942000919,-0.08984774,-0.0051706135,-0.9959421,-0.9951397,0.040932655,0.08956283,0.0403035,0.99914855,-0.008823216
1356942000959,-0.1046657,-0.0063077807,-0.99448746,-0.99309146,0.0540061,0.10417622,0.053051293,0.9985207,-0.011916816
1356942000995,-0.13006032,-0.0074512064,-0.99147797,-0.98930407,0.06758243,0.12926728,0.06604323,0.99768585,-0.016161263
1356942001038,-0.16371131,-0.009714812,-0.98646045,-0.9833422,0.08165729,0.16238964,0.0789741,0.99661314,-0.022921205
1356942001079,-0.20137829,-0.016499937,-0.9793745,-0.9752956,0.09606707,0.19892108,0.090803474,0.99523807,-0.03543812
1356942001118,-0.23344153,-0.03529796,-0.97172993,-0.967358,0.10977334,0.22840375,0.09860784,0.9933297,-0.05977142
1356942001160,-0.24753278,-0.075137794,-0.9659616,-0.9639301,0.11974347,0.2376979,0.0978075,0.9899575,-0.10206801
1356942001199,-0.23723122,-0.13576779,-0.9619192,-0.96762025,0.12089762,0.22157344,0.086211234,0.98333657,-0.16005236
1356942001239,-0.2035706,-0.20774859,-0.9567652,-0.97684234,0.10883874,0.18420959,0.06586388,0.97210836,-0.22509402
1356942001278,-0.16191304,-0.27069402,-0.9489514,-0.9857198,0.08945221,0.1426698,0.0462659,0.9585004,-0.28131193
1356942001320,-0.12717155,-0.3122993,-0.9414332,-0.9912445,0.074004084,0.10935104,0.0355196,0.9470968,-0.31897622
1356942001359,-0.10656133,-0.32975122,-0.9380346,-0.9937054,0.06810835,0.088943124,0.034558892,0.94160795,-0.33493334
1356942001398,-0.10991815,-0.3212276,-0.94060135,-0.99307317,0.07502285,0.09042865,0.04151845,0.9440257,-0.32724887
1356942001439,-0.13605285,-0.2902366,-0.94723403,-0.98935616,0.08961719,0.11464375,0.051614672,0.95274943,-0.29934007
1356942001478,-0.17985338,-0.24252045,-0.9533292,-0.98179257,0.104474366,0.15864569,0.06112361,0.96450454,-0.25689483
1356942001520,-0.23406756,-0.18450114,-0.9545531,-0.96980596,0.1134603,0.21587747,0.06847426,0.9762613,-0.20548773
1356942001559,-0.28716242,-0.12573358,-0.949594,-0.9550501,0.113754034,0.27375045,0.07360053,0.9855207,-0.15274775
1356942001599,-0.3323707,-0.072399646,-0.9403659,-0.94003105,0.106434286,0.3240578,0.07662547,0.9916804,-0.10343361
1356942001638,-0.36457896,-0.028799355,-0.93072695,-0.9279826,0.093898475,0.36059853,0.077008784,0.9951651,-0.060958683
1356942001678,-0.38135928,0.0030976832,-0.9244217,-0.92148304,0.07846898,0.38040987,0.07371682,0.99691176,-0.027070403
1356942001718,-0.38218057,0.023304135,-0.9237938,-0.9217136,0.061998844,0.38288397,0.06619695,0.9978041,-0.0022150278
1356942001762,-0.36747235,0.032633066,-0.9294617,-0.9284506,0.045428038,0.36866757,0.054254353,0.9984344,0.013604701
1356942001809,-0.33649868,0.03185451,-0.941145,-0.94088095,0.029891074,0.33741596,0.03888005,0.9990455,0.019912958
1356942001848,-0.29373348,0.026617944,-0.9555167,-0.95553607,0.018920839,0.29426655,0.025911957,0.99946654,0.019876778
1356942001889,-0.24853224,0.018723339,-0.9684427,-0.96844804,0.014230788,0.24880877,0.018440217,0.99972343,0.014595747
1356942001959,-0.20467985,0.010565966,-0.978772,-0.978662,0.016263247,0.20483238,0.018082261,0.99981195,0.007011771
1356942001966,-0.16697621,0.0037111044,-0.9859539,-0.9856411,0.02483946,0.16701674,0.025110364,0.9996846,-4.8977137E-4
1356942002007,-0.13914913,-0.0010146797,-0.990271,-0.9896225,0.036340594,0.13902071,0.035845995,0.999339,-0.0060608983
1356942002050,-0.12392503,-0.0035903156,-0.99228513,-0.9910935,0.049572766,0.12359685,0.048746586,0.9987641,-0.00970161
1356942002089,-0.12427378,-0.004556656,-0.9922375,-0.9903388,0.062572956,0.1237486,0.061523378,0.99803,-0.012288809
1356942002129,-0.13945782,-0.004329324,-0.9902185,-0.98742604,0.0757823,0.13873321,0.07444045,0.99711496,-0.014843345
1356942002179,-0.17320716,-0.003792137,-0.9848781,-0.98093545,0.090134144,0.17216676,0.088118255,0.9959224,-0.019331694
1356942002218,-0.22917253,-0.0034554899,-0.97337973,-0.968148,0.10440987,0.22757009,0.100844145,0.9945284,-0.027273297
1356942002259,-0.28298497,-0.010739446,-0.9590642,-0.9526674,0.11898011,0.2797652,0.111105025,0.99283856,-0.04390067
1356942002298,-0.32007533,-0.03591621,-0.946711,-0.9403762,0.13343126,0.31287155,0.115083635,0.990407,-0.07648277
1356942002340,-0.32395566,-0.08803111,-0.94196784,-0.9398319,0.14411515,0.3097529,0.10848394,0.98563755,-0.1294213
1356942002378,-0.29001525,-0.16265213,-0.94309884,-0.952649,0.14316335,0.26826122,0.091383874,0.97624207,-0.19646996
1356942002421,-0.22378796,-0.24621975,-0.9430243,-0.97227,0.12380165,0.19840413,0.06789693,0.9612747,-0.26709735
1356942002458,-0.15152296,-0.3146649,-0.9370309,-0.9872841,0.094282,0.12798828,0.04807177,0.94450885,-0.32494956
1356942002501,-0.09410536,-0.3574986,-0.9291603,-0.99483114,0.069527626,0.074005425,0.038145483,0.9313219,-0.3621937
1356942002539,-0.05651337,-0.37541747,-0.9251313,-0.9977306,0.055208325,0.038544774,0.036604583,0.9252101,-0.3776855
1356942002578,-0.05116746,-0.36821398,-0.928332,-0.9978616,0.056702763,0.032509208,0.040668637,0.92801034,-0.37032795
1356942002619,-0.07455051,-0.33949456,-0.937649,-0.9961332,0.0691815,0.054151952,0.046483666,0.9380604,-0.34333938
1356942002658,-0.1199131,-0.294191,-0.94819427,-0.9914398,0.08517593,0.098955095,0.051651597,0.9519436,-0.30188638
1356942002701,-0.17818302,-0.23817366,-0.95473766,-0.98244196,0.097593784,0.15900722,0.055305094,0.9663068,-0.25138134
1356942002738,-0.23782757,-0.17876664,-0.9547149,-0.9696046,0.10187003,0.222462,0.057487994,0.97860354,-0.19756043
1356942002778,-0.28848398,-0.12289363,-0.9495653,-0.95570666,0.09736961,0.27774808,0.05832529,0.9876317,-0.14553982
1356942002818,-0.32253212,-0.0757215,-0.94352496,-0.9448136,0.08625078,0.3160507,0.05744794,0.9933917,-0.09936136
1356942002861,-0.33620703,-0.039757937,-0.9409485,-0.9402456,0.07132769,0.3329421,0.053878576,0.99666023,-0.0613631
1356942002897,-0.3271169,-0.015500188,-0.94485676,-0.9437821,0.055769444,0.32582995,0.04764369,0.9983233,-0.032871902
1356942002957,-0.29857963,-0.0020932853,-0.9543824,-0.9535965,0.041288853,0.29824325,0.038781047,0.99914503,-0.014324129
1356942002979,-0.25211507,0.002482921,-0.9676941,-0.96726453,0.02925682,0.25207815,0.028937519,0.9995688,-0.004974425
1356942003021,-0.19278306,-8.8751316E-4,-0.981241,-0.9810571,0.01955545,0.19272926,0.019017547,0.99980843,-0.004640639
1356942003059,-0.1285671,-0.0076143444,-0.99167156,-0.9916377,0.012270212,0.12846848,0.011189818,0.9998957,-0.009128213
1356942003098,-0.070102155,-0.015622795,-0.99741745,-0.9975131,0.008415818,0.069977045,0.007300824,0.9998425,-0.0161739
1356942003140,-0.022717923,-0.022315443,-0.99949276,-0.9997007,0.009577483,0.02250886,0.009070277,0.9997051,-0.022526324
1356942003178,0.009306341,-0.026376724,-0.99960876,-0.999828,0.015796095,-0.009725243,0.016046494,0.99952734,-0.02622521
1356942003219,0.024454504,-0.027804345,-0.9993142,-0.9993347,0.026376218,-0.025188893,0.027058482,0.9992653,-0.027140796
1356942003258,0.021874398,-0.027242482,-0.9993895,-0.998957,0.03948036,-0.022941113,0.040081263,0.9988489,-0.026350439
1356942003300,0.0013928115,-0.02511558,-0.99968356,-0.9985422,0.053905934,-0.002745539,0.05395788,0.9982301,-0.02500391
1356942003338,-0.038408726,-0.021642834,-0.9990277,-0.9969709,0.06849411,0.036845803,0.06763008,0.99741673,-0.024208069
1356942003381,-0.09384632,-0.017963499,-0.9954246,-0.9922613,0.0833385,0.092044175,0.081303716,0.9963594,-0.025645494
1356942003419,-0.16596013,-0.015359074,-0.9860128,-0.9816617,0.09767574,0.1637063,0.09379518,0.9950998,-0.03128767
1356942003459,-0.23088253,-0.023592085,-0.97269547,-0.967533,0.111216426,0.22695968,0.102825254,0.9935161,-0.048504114
1356942003499,-0.2841065,-0.04656771,-0.95766115,-0.95302474,0.123110235,0.2767446,0.1050106,0.99129975,-0.07935661
1356942003538,-0.29544294,-0.09610808,-0.95051396,-0.9505745,0.12903512,0.2824148,0.095507294,0.98697174,-0.12948036
1356942003579,-0.2645535,-0.16679028,-0.9498381,-0.96142316,0.12256777,0.24625748,0.07534617,0.9783446,-0.19278175
1356942003618,-0.2069549,-0.24026734,-0.94838876,-0.9769818,0.10201174,0.18735048,0.0517326,0.9653317,-0.25584865
1356942003659,-0.14792138,-0.29742488,-0.9432166,-0.9884231,0.07700199,0.13072991,0.033747196,0.9516349,-0.30537188
1356942003698,-0.10780209,-0.32903737,-0.93814343,-0.99382883,0.060471237,0.09299165,0.026132941,0.9423787,-0.33352578
1356942003740,-0.09827188,-0.3337183,-0.9375366,-0.99476516,0.0594649,0.083103865,0.028017253,0.9407954,-0.33781505
1356942003778,-0.117213964,-0.31580678,-0.9415556,-0.99249125,0.07062471,0.09986672,0.03495851,0.94619143,-0.3217137
1356942003821,-0.16898406,-0.2749109,-0.9465032,-0.98462737,0.09014583,0.1496078,0.04419446,0.9572344,-0.285918
1356942003858,-0.22685465,-0.22407407,-0.9478016,-0.97250205,0.10477075,0.20799726,0.052695066,0.9689241,-0.2416802
1356942003900,-0.2938028,-0.16397163,-0.941697,-0.95397365,0.11226082,0.2780858,0.060117483,0.9800565,-0.18940717
1356942003958,-0.3445627,-0.1075457,-0.93258274,-0.93642914,0.10938591,0.3333694,0.06615895,0.9881643,-0.13839924
1356942003980,-0.38132936,-0.056867898,-0.9226885,-0.92175084,0.09945452,0.3748122,0.07045075,0.9934158,-0.09034294
1356942004019,-0.39050746,-0.018362194,-0.9204166,-0.91777027,0.086092114,0.3876672,0.072122216,0.99611795,-0.050471902
1356942004058,-0.37846518,0.007967085,-0.9255812,-0.9229835,0.07210672,0.37802368,0.069752395,0.99736506,-0.019936442
1356942004098,-0.34266365,0.022512704,-0.93918836,-0.93732226,0.05918193,0.34340143,0.06331384,0.99799335,8.2218647E-4
1356942004160,-0.28698218,0.027255446,-0.95754814,-0.9563991,0.048447013,0.2880168,0.054240376,0.99845386,0.012163639
1356942004185,-0.21700215,0.02372247,-0.9758829,-0.97517973,0.039776206,0.21781269,0.043983966,0.998927,0.014502168
1356942004216,-0.13982117,0.014490873,-0.9900707,-0.98958015,0.032660604,0.14022991,0.034368366,0.9993614,0.009773254
1356942004251,-0.06643009,0.0031888187,-0.997786,-0.99741614,0.027197242,0.06649232,0.027349055,0.99962497,0.0013738871
1356942004295,-0.0051379204,-0.0076187253,-0.9999578,-0.99967617,0.024960518,0.0049462616,0.024921805,0.9996594,-0.0077445507
1356942004339,0.038972914,-0.015599996,-0.99911845,-0.9988396,0.027702212,-0.039394528,0.028292298,0.99949443,-0.014502227
1356942004378,0.06327644,-0.020375729,-0.9977881,-0.9973533,0.03458658,-0.06395522,0.035813242,0.999194,-0.018133283
1356942004420,0.06885669,-0.022312015,-0.99737704,-0.99648,0.04638061,-0.069832385,0.04781708,0.9986747,-0.01903987
1356942004467,0.05086112,-0.02194783,-0.9984645,-0.99671245,0.0620175,-0.05213505,0.06306654,0.99783367,-0.018721402
