1356943085580,-0.17481211,-0.07153332,-0.98199993,0.8902351,0.41458723,-0.18867686,0.42062134,-0.9071938,-0.008793473
1356943085599,-0.04197824,-0.029145986,0.99869335,-0.9062636,-0.41970468,-0.050341785,0.4206235,-0.9071927,-0.0087955
1356943085613,-0.0420236,-0.029173195,0.9986906,-0.90625733,-0.4197119,-0.050394505,0.42063248,-0.9071884,-0.008800626
1356943085641,-0.042224288,-0.02927664,0.99867916,-0.90623665,-0.4197294,-0.050620288,0.42065704,-0.907177,-0.008808792
1356943085675,-0.042880476,-0.029603839,0.9986415,-0.9061812,-0.41975987,-0.051353782,0.42070994,-0.9071523,-0.008826911
1356943085715,-0.04453814,-0.030444562,0.9985437,-0.90603906,-0.41983533,-0.053212494,0.4208439,-0.9070896,-0.008885294
1356943085755,-0.04926294,-0.032721043,0.99824965,-0.9056909,-0.41988873,-0.058458507,0.4210666,-0.9069855,-0.008950174
1356943085798,-0.05754924,-0.036567718,0.99767274,-0.9050573,-0.4198832,-0.06759682,0.42137784,-0.90684116,-0.008931935
1356943085836,-0.0700106,-0.042205453,0.99665296,-0.9040071,-0.41972047,-0.081276596,0.421746,-0.9066716,-0.008769125
1356943085875,-0.08628732,-0.04957074,0.99503636,-0.90241885,-0.41929775,-0.09914431,0.4221312,-0.9064944,-0.008553505
1356943085916,-0.10501838,-0.0583905,0.9927546,-0.9002523,-0.4185471,-0.119850576,0.42251265,-0.9063161,-0.008611023
1356943085956,-0.12483543,-0.06866339,0.9897988,-0.8975477,-0.4173733,-0.14215416,0.42287627,-0.9061374,-0.009525746
1356943085996,-0.14418751,-0.08006269,0.9863062,-0.8944976,-0.41570473,-0.16451055,0.4231833,-0.90596884,-0.01167649
1356943086036,-0.16138285,-0.092148334,0.98258036,-0.89145017,-0.4135434,-0.18519816,0.42340535,-0.9058093,-0.015406817
1356943086077,-0.17573398,-0.10408929,0.9789192,-0.8886558,-0.4110769,-0.20324016,0.42356628,-0.90563846,-0.020259291
1356943086116,-0.18697757,-0.11465371,0.97565055,-0.8862635,-0.4087366,-0.21787974,0.4237648,-0.905422,-0.025188833
1356943086156,-0.19539726,-0.122861564,0.9729979,-0.8842811,-0.4069646,-0.22896901,0.42410716,-0.9051436,-0.029124439
1356943086196,-0.20160836,-0.12836903,0.9710177,-0.8826328,-0.4059853,-0.23692885,0.42463323,-0.904819,-0.031452686
1356943086237,-0.20615643,-0.13116398,0.9696884,-0.8812517,-0.40584493,-0.24225092,0.42531765,-0.90448105,-0.031921
1356943086276,-0.20941234,-0.13156953,0.9689355,-0.88011336,-0.40642107,-0.24540249,0.42608333,-0.90416336,-0.030686468
1356943086316,-0.21154046,-0.1299738,0.9686885,-0.87921226,-0.40759093,-0.24668929,0.42689177,-0.9038675,-0.028052598
1356943086356,-0.21272516,-0.12697938,0.96882623,-0.87851846,-0.40918273,-0.24652582,0.42773062,-0.90357393,-0.024510324
1356943086396,-0.21316493,-0.123146445,0.9692243,-0.8779874,-0.41104048,-0.24532428,0.4286012,-0.9032612,-0.020501673
1356943086435,-0.2131015,-0.1189639,0.9697605,-0.87757146,-0.41300404,-0.24350792,0.4294836,-0.902926,-0.016387582
1356943086475,-0.21275115,-0.11479366,0.9703398,-0.87723184,-0.41494334,-0.24142566,0.43035015,-0.90257657,-0.012421012
1356943086515,-0.21226978,-0.11085901,0.9709025,-0.87693584,-0.4167874,-0.23931512,0.4311902,-0.9022186,-0.008744836
1356943086555,-0.21178633,-0.107290745,0.97140884,-0.8766561,-0.41849566,-0.23735061,0.431996,-0.90185916,-0.005425364
1356943086619,-0.21133351,-0.10401702,0.9718635,-0.8763922,-0.42007273,-0.23553279,0.43275276,-0.9015095,-0.0023843348
1356943086636,-0.21068716,-0.10069081,0.972354,-0.876217,-0.42156422,-0.23351097,0.43342203,-0.9011909,5.9112906E-4
1356943086676,-0.20921105,-0.09667885,0.9730797,-0.87631434,-0.42305028,-0.23043808,0.43394008,-0.90093374,0.0037856698
1356943086716,-0.20588386,-0.09121093,0.97431636,-0.87696207,-0.4245999,-0.22506094,0.43422267,-0.90077496,0.007429719
1356943086757,-0.19951594,-0.08362299,0.9763199,-0.8784452,-0.42622614,-0.21602151,0.43419743,-0.90074325,0.011580706
1356943086796,-0.18908793,-0.073494256,0.97920597,-0.88092613,-0.42787242,-0.20222369,0.4338375,-0.90084624,0.016162455
1356943086836,-0.17404783,-0.060634673,0.9828687,-0.88434315,-0.42943466,-0.18309328,0.4331797,-0.9010601,0.02112031
1356943086876,-0.15449882,-0.04503414,0.98696613,-0.888379,-0.43080127,-0.15872303,0.4323342,-0.9013225,0.026550889
1356943086916,-0.13127261,-0.026795298,0.9909841,-0.89252365,-0.4318859,-0.12990767,0.431473,-0.9015301,0.032779366
1356943086956,-0.10572767,-0.006013632,0.99437696,-0.8962486,-0.4326108,-0.097910374,0.430767,-0.9015608,0.040349185
1356943086995,-0.07952398,0.017380595,0.99668145,-0.8992152,-0.4327706,-0.0642004,0.43021858,-0.90133655,0.050044477
1356943087036,-0.054339945,0.04373601,0.9975642,-0.90143764,-0.43185633,-0.030169874,0.42948493,-0.9008814,0.06289235
1356943087076,-0.031776845,0.07320085,0.9968109,-0.9032539,-0.429098,0.0027164519,0.42792836,-0.9002869,0.07975429
1356943087116,-0.013289809,0.10545546,0.9943352,-0.9052045,-0.4237057,0.032838076,0.42476842,-0.8996403,0.1010897
1356943087156,2.7656555E-5,0.1398125,0.990178,-0.90791893,-0.41502547,0.05862668,0.41914585,-0.8990029,0.12692691
1356943087196,0.0076711774,0.17544228,0.9844598,-0.9119132,-0.40273136,0.07887733,0.41031128,-0.898347,0.15689877
1356943087236,0.0097852945,0.21142265,0.9773457,-0.91733384,-0.38712144,0.09292781,0.39799854,-0.89746165,0.19015706
1356943087276,0.007167816,0.24700472,0.9689878,-0.92389584,-0.36909562,0.10092047,0.38257697,-0.8959671,0.22556098
1356943087316,0.0012024641,0.28185943,0.959455,-0.9310694,-0.349733,0.10390809,0.36484048,-0.89344406,0.26200998
1356943087356,-0.00621742,0.31608802,0.9487095,-0.9383611,-0.3297314,0.10370928,0.3456006,-0.8895873,0.2986548
1356943087396,-0.012968302,0.3498735,0.93670714,-0.9454824,-0.3091603,0.10238603,0.32541487,-0.8843124,0.33480856
1356943087436,-0.017074347,0.38308796,0.92355406,-0.95233357,-0.28760952,0.1016933,0.30458045,-0.8777952,0.36973828
1356943087476,-0.017007768,0.41524616,0.9095501,-0.9589145,-0.26441967,0.102787346,0.28318498,-0.8704326,0.40268272
1356943087517,-0.012015939,0.4455931,0.89515495,-0.96518135,-0.239111,0.106069505,0.2613053,-0.8627124,0.4329514
1356943087556,-0.002278626,0.47306603,0.881024,-0.97081846,-0.21232128,0.11149505,0.23980471,-0.85506034,0.4597451
1356943087619,0.011200309,0.49676853,0.86781085,-0.97536796,-0.1857748,0.11893314,0.22029963,-0.84776694,0.48245132
1356943087636,0.026668072,0.5152617,0.85661787,-0.9782868,-0.16273594,0.12834263,0.20553261,-0.8414406,0.49973392
1356943087676,0.041841507,0.5270228,0.84882045,-0.97923464,-0.1470406,0.13956586,0.19836542,-0.8370341,0.50992656
1356943087716,0.0547508,0.5309894,0.8456079,-0.97819173,-0.14141005,0.15213197,0.20035794,-0.83549595,0.5116671
1356943087756,0.06346166,0.5258229,0.8482233,-0.97542894,-0.14699721,0.16410396,0.21097612,-0.83779585,0.50357425
1356943087795,0.06574434,0.50924796,0.85810506,-0.971409,-0.16394317,0.17171839,0.22812769,-0.84486055,0.48390967
1356943087836,0.046527088,0.47629398,0.87805426,-0.9673899,-0.19760942,0.15845263,0.24898186,-0.85679317,0.45156783
1356943087876,0.04009539,0.43274817,0.9006227,-0.9618697,-0.22734213,0.1520597,0.270553,-0.8723787,0.40713197
1356943087916,0.020908535,0.37488005,0.92683756,-0.9567764,-0.26146454,0.12733912,0.290072,-0.88943875,0.3532095
1356943087956,-0.008619666,0.30626628,0.95190686,-0.95216286,-0.2933138,0.08574876,0.30546933,-0.9056313,0.29414362
1356943087996,-0.044561267,0.23282647,0.9714968,-0.9477848,-0.31724447,0.032556325,0.31578204,-0.91931915,0.23480622
1356943088037,-0.08238864,0.16124761,0.9834691,-0.9434887,-0.33047146,-0.024855882,0.3210005,-0.92993975,0.17936233
1356943088076,-0.11796641,0.097501606,0.9882192,-0.9394827,-0.33330065,-0.079263866,0.3216458,-0.9377654,0.1309194
1356943088116,-0.14846903,0.04528451,0.98787975,-0.93626976,-0.32803154,-0.1256755,0.31836453,-0.9435808,0.09110099
1356943088155,-0.17258352,0.0058294535,0.9849776,-0.9343007,-0.3176399,-0.16182426,0.31192482,-0.94819355,0.06026587
1356943088196,-0.19008327,-0.02144146,0.9815339,-0.93370444,-0.30503404,-0.18748412,0.30342117,-0.95210004,0.03796184
1356943088236,-0.20140111,-0.038164258,0.978765,-0.93427956,-0.29265136,-0.20365852,0.29420945,-0.95545727,0.023284256
1356943088276,-0.20745248,-0.046693027,0.97713006,-0.9356338,-0.2821219,-0.21212399,0.28557456,-0.9582416,0.014839351
1356943088316,-0.20953763,-0.049886227,0.97652715,-0.93727946,-0.27427602,-0.21512753,0.27856988,-0.9603562,0.010713816
1356943088356,-0.20918804,-0.05080861,0.9765545,-0.9385742,-0.26984054,-0.21509168,0.27444258,-0.96156347,0.008759856
1356943088396,-0.20790386,-0.052129358,0.9767592,-0.9387398,-0.2699589,-0.21421894,0.27485192,-0.96145964,0.0071896017
1356943088436,-0.20691562,-0.05560279,0.97677755,-0.9370398,-0.27581775,-0.21419862,0.28132263,-0.95960045,0.004968971
1356943088476,-0.20706582,-0.061564267,0.9763881,-0.9330627,-0.28763217,-0.21601367,0.2941393,-0.95576024,0.0021154284
1356943088516,-0.2089454,-0.06883195,0.9755019,-0.92692566,-0.303995,-0.21999079,0.3116901,-0.9501838,-2.837479E-4
1356943088556,-0.21322602,-0.0754343,0.9740864,-0.9192759,-0.32214385,-0.22617528,0.33085737,-0.9436805,-6.554127E-4
1356943088618,-0.22082788,-0.079672575,0.97205305,-0.91094565,-0.33922064,-0.23474932,0.3484436,-0.9373268,0.0023320317
1356943088636,-0.23277622,-0.08063018,0.96918213,-0.9025456,-0.353292,-0.24616334,0.36225244,-0.932032,0.009465486
1356943088676,-0.24937004,-0.07744196,0.9653069,-0.8942988,-0.36401945,-0.26022986,0.3715432,-0.9281663,0.021519303
1356943088716,-0.26955056,-0.06798074,0.96058375,-0.88635004,-0.37244582,-0.27507785,0.37646538,-0.92556083,0.040138245
1356943088756,-0.29037845,-0.047943085,0.9557102,-0.879567,-0.37998825,-0.28630552,0.37688497,-0.923748,0.0681712
1356943088796,-0.3064049,-0.010832578,0.95183957,-0.87649906,-0.38682783,-0.28655455,0.37130222,-0.92208827,0.10903126
1356943088836,-0.31021768,0.049582094,0.9493717,-0.8809383,-0.39039582,-0.2674674,0.35736915,-0.91931105,0.16478646
1356943088876,-0.295286,0.13316593,0.94608295,-0.89493835,-0.38524848,-0.22509736,0.3345017,-0.91315407,0.23293379
1356943088916,-0.25977272,0.22982106,0.9379234,-0.91597664,-0.36620015,-0.16396362,0.30578548,-0.90170926,0.30563962
1356943088956,-0.20930696,0.3225512,0.92312056,-0.93769866,-0.3339452,-0.09592724,0.27733022,-0.885687,0.37235278
1356943088996,-0.15469146,0.39640608,0.90494907,-0.9542769,-0.29709905,-0.032981545,0.25578538,-0.8686739,0.4242398
1356943089036,-0.105811596,0.44516432,0.8891752,-0.9637103,-0.26629853,0.018640697,0.24508426,-0.85493493,0.45718694
1356943089076,-0.0690946,0.4689266,0.8805304,-0.9671075,-0.24807644,0.056224912,0.2448042,-0.8476827,0.4706431
1356943089116,-0.048953474,0.46882153,0.88193536,-0.96654797,-0.24481493,0.07648933,0.25177085,-0.8486884,0.46512306
1356943089156,-0.047810256,0.4459971,0.8937566,-0.9637929,-0.25559527,0.07598892,0.26233068,-0.8577633,0.44206882
1356943089196,-0.06584674,0.40200347,0.9132675,-0.959621,-0.2763611,0.052460223,0.2734808,-0.87293625,0.4039684
1356943089236,-0.100252986,0.3400999,0.9350301,-0.95386124,-0.3001681,0.006908536,0.28301585,-0.8911964,0.35450095
1356943089277,-0.14534086,0.26609445,0.9529269,-0.9459578,-0.3195852,-0.05503729,0.28989622,-0.9094279,0.29816297
1356943089316,-0.19383639,0.18770593,0.9629091,-0.9359092,-0.3296402,-0.12414238,0.29411128,-0.92525876,0.23957193
1356943089356,-0.238603,0.113001674,0.96452016,-0.9249246,-0.32911968,-0.1902487,0.29594415,-0.9375024,0.18304697
1356943089396,-0.2741955,0.04850161,0.9604501,-0.9151357,-0.32008618,-0.24509493,0.29553932,-0.94614613,0.13215172
1356943089436,-0.29759145,-0.0020920038,0.95469105,-0.90863204,-0.30624437,-0.2839053,0.2929627,-0.95195067,0.08923483
1356943089476,-0.3080235,-0.037940472,0.95062196,-0.90661705,-0.29117846,-0.30538616,0.28838706,-0.95591617,0.05529231
1356943089516,-0.30620646,-0.06008467,0.95006704,-0.90914524,-0.2774943,-0.3105668,0.28229854,-0.95884657,0.030344874
1356943089556,-0.29404593,-0.07099208,0.9531511,-0.91513705,-0.26683956,-0.30219328,0.2757918,-0.96112263,0.013495624
1356943089615,-0.27491784,-0.074239135,0.9585973,-0.9226359,-0.26011682,-0.2847493,0.27048686,-0.96271896,0.0030150414
1356943089636,-0.25279248,-0.07403293,0.9646839,-0.9294555,-0.25834036,-0.26338685,0.2687161,-0.96321297,-0.0035037994
1356943089676,-0.23208678,-0.07414544,0.96986496,-0.9336333,-0.26274502,-0.24350321,0.27288184,-0.9620122,-0.0082449615
1356943089716,-0.21614218,-0.076599956,0.97335243,-0.93412066,-0.27383673,-0.22898051,0.28407955,-0.9587209,-0.012365907
1356943089756,-0.20694292,-0.081299126,0.9749692,-0.93093675,-0.29011476,-0.22178835,0.3008842,-0.9535323,-0.015647143
1356943089796,-0.2056356,-0.08699259,0.97475445,-0.9248471,-0.30837393,-0.22262818,0.31995586,-0.94727916,-0.01704213
1356943089836,-0.21320045,-0.09250122,0.9726197,-0.9167841,-0.3251701,-0.23188654,0.33771664,-0.9411206,-0.01547724
1356943089876,-0.23040587,-0.097028345,0.96824515,-0.90730906,-0.33821744,-0.24979833,0.35171494,-0.9360527,-0.010107428
1356943089916,-0.2569906,-0.099340856,0.9612946,-0.89651275,-0.34691823,-0.2755227,0.36086124,-0.9326196,9.435415E-5
1356943089956,-0.29051524,-0.09645194,0.9519968,-0.8845858,-0.35227197,-0.30563444,0.36484087,-0.93091434,0.017020345
1356943089996,-0.32545316,-0.08256963,0.941946,-0.873085,-0.3562411,-0.33288854,0.3630465,-0.9307386,0.043849587
1356943090036,-0.3532169,-0.049309194,0.93424106,-0.86616236,-0.3601523,-0.34648663,0.35355413,-0.9315894,0.08450219
1356943090076,-0.3638479,0.011282265,0.93139005,-0.86980146,-0.3618688,-0.33540484,0.33325687,-0.93216074,0.14147857
1356943090116,-0.35003942,0.09981409,0.93140197,-0.88734245,-0.35393924,-0.29555094,0.30015948,-0.929927,0.21246192
1356943090156,-0.31307,0.20273206,0.9278399,-0.9142958,-0.32870406,-0.23667851,0.25700235,-0.92241716,0.28826448
1356943090196,-0.2655614,0.2961078,0.91749513,-0.9402462,-0.2899049,-0.17858407,0.21310616,-0.9100963,0.35540175
1356943090237,-0.22264796,0.36250576,0.9049958,-0.9581033,-0.25293297,-0.13439855,0.18018302,-0.89700305,0.40363297
1356943090276,-0.19172591,0.39904562,0.8966627,-0.96758485,-0.22987098,-0.10459015,0.16438046,-0.8876498,0.43018267
1356943090316,-0.17553222,0.40844896,0.8957443,-0.9705819,-0.22411168,-0.088005215,0.16480109,-0.88484097,0.43577194
1356943090356,-0.17463195,0.39333212,0.9026591,-0.96859014,-0.23344052,-0.08566594,0.17702204,-0.8892667,0.42174384
1356943090396,-0.1880967,0.35621393,0.9152766,-0.96229374,-0.2532848,-0.09918395,0.196495,-0.8994211,0.39042455
1356943090436,-0.2132023,0.30036747,0.92969036,-0.95198965,-0.27783006,-0.12855384,0.21968257,-0.91246355,0.34518075
1356943090476,-0.24551177,0.23055482,0.9415777,-0.9381937,-0.30095327,-0.17093793,0.24396029,-0.9253495,0.2901926
1356943090516,-0.2791505,0.15373442,0.9478612,-0.9223175,-0.317617,-0.22011319,0.2672178,-0.9356737,0.23045486
1356943090554,-0.30805355,0.078290075,0.9481422,-0.9068794,-0.3253659,-0.26778105,0.2875286,-0.94234157,0.17122981
1356943090618,-0.32715338,0.012529939,0.9448881,-0.8950499,-0.32480794,-0.3055904,0.30307814,-0.94569695,0.11747694
1356943090636,-0.33407533,-0.038051248,0.94177794,-0.88926417,-0.31846344,-0.32831427,0.31241462,-0.9471711,0.07255319
1356943090676,-0.32889068,-0.07148147,0.9416588,-0.89040554,-0.30876517,-0.334428,0.3146568,-0.9484485,0.037902445
1356943090716,-0.31353813,-0.089047015,0.9453912,-0.8974659,-0.2974857,-0.3256642,0.31023982,-0.9505645,0.013356507
1356943090756,-0.29144204,-0.09461072,0.9518983,-0.9078654,-0.2861765,-0.30640402,0.3014,-0.95349455,-0.002489984
1356943090796,-0.2666853,-0.09303221,0.95928293,-0.9186164,-0.27659446,-0.28220424,0.29158646,-0.9564729,-0.011697173
1356943090836,-0.24300987,-0.08866042,0.96596354,-0.92731446,-0.2710001,-0.25816047,0.2846648,-0.9584875,-0.016360432
1356943090876,-0.2232911,-0.08452067,0.97108054,-0.93249595,-0.27162218,-0.23806033,0.28388798,-0.9586854,-0.018164456
1356943090916,-0.20938951,-0.08208126,0.9743812,-0.9336347,-0.27941662,-0.22417116,0.29065856,-0.95665514,-0.018126994
1356943090956,-0.20227653,-0.08147013,0.9759338,-0.93100953,-0.29315853,-0.21743795,0.303818,-0.9525863,-0.016550362
1356943090996,-0.20227283,-0.08201295,0.9758891,-0.92541844,-0.31005478,-0.21786857,0.32044712,-0.94717467,-0.013180584
1356943091036,-0.20920914,-0.08270937,0.9743668,-0.91777927,-0.3273027,-0.22484231,0.33750948,-0.94129276,-0.0074341893
1356943091076,-0.2223584,-0.082141906,0.9714986,-0.9089097,-0.34306777,-0.23703986,0.3527607,-0.93571216,0.0016243756
1356943091116,-0.24021316,-0.07794604,0.9675857,-0.8996115,-0.35659873,-0.25206444,0.36468723,-0.93100035,0.015538573
1356943091156,-0.26012504,-0.06610805,0.9633093,-0.89101434,-0.36798626,-0.26585644,0.37205982,-0.92747825,0.03681916
1356943091196,-0.27775848,-0.04019597,0.95980966,-0.88525033,-0.3773027,-0.27198288,0.3730714,-0.9252173,0.06921548
1356943091236,-0.2868278,0.008064836,0.9579482,-0.88593566,-0.38268912,-0.26204404,0.364483,-0.92384195,0.116910785
1356943091276,-0.28043038,0.083990574,0.9561926,-0.8966689,-0.3784278,-0.22973278,0.34255448,-0.9218123,0.18143442
1356943091316,-0.25518173,0.1815393,0.94969773,-0.91697335,-0.35696083,-0.17815399,0.30666295,-0.9163091,0.25755656
1356943091356,-0.21638304,0.28004602,0.93528205,-0.9400765,-0.31832147,-0.12217921,0.26350456,-0.90567416,0.33214405
1356943091396,-0.17568868,0.35767904,0.9171691,-0.9582988,-0.2754345,-0.07615295,0.22538173,-0.8923012,0.3911541
1356943091455,-0.14258188,0.40508714,0.9030918,-0.96888804,-0.24361175,-0.043696433,0.2023029,-0.8812251,0.42721868
1356943091475,-0.12115431,0.423286,0.89785886,-0.9730588,-0.2293911,-0.023157567,0.19615853,-0.8764751,0.4396739
1356943091515,-0.11309004,0.41510788,0.902716,-0.97256577,-0.2321381,-0.015093535,0.20328933,-0.8796575,0.4299722
1356943091551,-0.11709303,0.38543576,0.91527516,-0.96899253,-0.2462582,-0.020262212,0.2175842,-0.8892673,0.40231943
1356943091600,-0.13318068,0.33644593,0.9322376,-0.9629084,-0.26664442,-0.04132998,0.23467064,-0.9031638,0.35947847
1356943091621,-0.15183437,0.28317913,0.94697195,-0.95637405,-0.28402263,-0.06840879,0.2495895,-0.91604626,0.31394953
1356943091651,-0.17412198,0.22638863,0.95834744,-0.94926995,-0.2973839,-0.102222264,0.26185516,-0.9275295,0.26668498
1356943091692,-0.20326471,0.16011655,0.96594316,-0.94068456,-0.3056463,-0.14728498,0.2716542,-0.93858564,0.21274626
1356943091735,-0.23276412,0.092740625,0.9681013,-0.93181753,-0.3062814,-0.19469959,0.27845484,-0.9474128,0.15770859
1356943091775,-0.2585041,0.031393856,0.96549994,-0.924088,-0.29927784,-0.23768517,0.28149086,-0.9536494,0.10637522
1356943091815,-0.27763057,-0.01879558,0.96050406,-0.91902006,-0.28606343,-0.27123755,0.2798632,-0.95802635,0.062146455
1356943091855,-0.28857034,-0.055191338,0.9558667,-0.917563,-0.26924187,-0.29255262,0.2735057,-0.9614899,0.027053684
1356943091895,-0.29111034,-0.07787076,0.95351493,-0.91958237,-0.25211537,-0.3013402,0.2638614,-0.96455884,0.0017848611
1356943091936,-0.28618675,-0.08903286,0.9540284,-0.9240773,-0.23760289,-0.2993759,0.25333422,-0.9672735,-0.014274478
1356943091976,-0.27571195,-0.09229204,0.9567994,-0.9295896,-0.22772259,-0.28983703,0.24463448,-0.96934235,-0.02300787
1356943092016,-0.26229948,-0.09192252,0.96059835,-0.93448687,-0.224096,-0.27661395,0.24069333,-0.97022223,-0.027120113
1356943092056,-0.24854952,-0.09160024,0.9642782,-0.9373664,-0.22809577,-0.26328042,0.2440643,-0.9693203,-0.029169977
1356943092096,-0.23619032,-0.09299651,0.96724653,-0.93753386,-0.2398513,-0.25199547,0.25543,-0.9663452,-0.03053683
1356943092136,-0.22594231,-0.09535974,0.96946204,-0.9351556,-0.2574911,-0.24327457,0.2728264,-0.9615638,-0.030998081
1356943092176,-0.21810979,-0.096552074,0.9711364,-0.9310995,-0.27752846,-0.23671016,0.29237288,-0.95585334,-0.029367924
1356943092216,-0.2133385,-0.094608545,0.97238666,-0.92643,-0.29641068,-0.23209512,0.31018394,-0.95036304,-0.024412394
1356943092256,-0.2126925,-0.08845541,0.9731071,-0.9219079,-0.31185704,-0.2298497,0.3238018,-0.9460025,-0.015218049
1356943092296,-0.21684498,-0.077228546,0.97314644,-0.91789335,-0.32324368,-0.23018551,0.33234033,-0.9431592,-7.9384446E-4
1356943092336,-0.22513247,-0.059132427,0.97253203,-0.9146098,-0.33125132,-0.23186499,0.33586332,-0.94168776,0.020492345
1356943092376,-0.23397356,-0.029732943,0.97178817,-0.912964,-0.33695894,-0.23012036,0.3342949,-0.94104975,0.051694393
1356943092416,-0.2363751,0.018009573,0.9714949,-0.9152231,-0.33991963,-0.21638215,0.32633328,-0.940282,0.09683138
1356943092456,-0.2229752,0.090402275,0.97062325,-0.924369,-0.33578855,-0.18107465,0.3095546,-0.93758917,0.15843761
1356943092496,-0.1864723,0.18575937,0.9647391,-0.940973,-0.3161106,-0.12101182,0.28248522,-0.93035877,0.23374045
1356943092536,-0.12901068,0.28825048,0.94882447,-0.9601853,-0.275401,-0.046889246,0.24779135,-0.9170965,0.31230354
1356943092576,-0.06415582,0.37493378,0.924829,-0.97483104,-0.22182631,0.022305846,0.2135146,-0.900121,0.37972856
1356943092615,-0.0068416,0.43239847,0.90165675,-0.9819162,-0.17349976,0.075752944,0.18919268,-0.884833,0.425766
1356943092653,0.037189424,0.46207607,0.88606024,-0.983268,-0.14130837,0.11496103,0.17832842,-0.87551,0.4490894
1356943092695,0.06278521,0.46728918,0.88187236,-0.98169255,-0.13029617,0.13893369,0.1798268,-0.87445056,0.45055366
1356943092735,0.069657385,0.4514518,0.8895725,-0.9793999,-0.13847858,0.14696819,0.18953577,-0.88148457,0.43250573
1356943092775,0.057125866,0.41644412,0.90736485,-0.9774131,-0.16189796,0.13584056,0.2034705,-0.8946303,0.39778936
1356943092815,0.025882661,0.3641633,0.9309754,-0.9755448,-0.19414055,0.10306245,0.21827155,-0.91087574,0.35023266
1356943092856,-0.021153033,0.29776493,0.95440483,-0.972582,-0.22726429,0.049348325,0.23159635,-0.92719305,0.29440814
1356943092896,-0.077925086,0.22292915,0.9717151,-0.96707714,-0.25374758,-0.019338816,0.24225911,-0.9412304,0.235363
1356943092936,-0.13604677,0.14750618,0.9796598,-0.958749,-0.2687201,-0.092681974,0.24958304,-0.95185685,0.17797986
1356943092977,-0.18714863,0.079589725,0.9791021,-0.9492743,-0.2710448,-0.15941438,0.25269276,-0.9592706,0.12627819
1356943093016,-0.2252385,0.025291681,0.9739753,-0.9414765,-0.26295525,-0.21089464,0.25077805,-0.9644765,0.083039135
1356943093056,-0.24787688,-0.012673497,0.96870863,-0.9375317,-0.24881756,-0.24315444,0.24411342,-0.9684675,0.049794346
1356943093096,-0.25596553,-0.035084665,0.9660491,-0.9377831,-0.23352897,-0.25695735,0.23461568,-0.9717167,0.0268735
1356943093136,-0.25293356,-0.045464575,0.9664148,-0.9408904,-0.22103238,-0.25665155,0.22527751,-0.9742062,0.013129294
1356943093176,-0.24372262,-0.048938066,0.96860945,-0.94472027,-0.2138753,-0.24851751,0.21932364,-0.97563434,0.0058935285
1356943093216,-0.23351508,-0.050783694,0.9710262,-0.9472088,-0.2137534,-0.23896652,0.2196958,-0.9755668,0.001811862
1356943093256,-0.22635257,-0.05471927,0.97250724,-0.94694084,-0.22153121,-0.2328667,0.22818303,-0.9736168,-0.0016717315
1356943093296,-0.22438872,-0.061843216,0.9725354,-0.9433963,-0.2363404,-0.23269439,0.24424002,-0.9697002,-0.0053105354
1356943093336,-0.22834057,-0.07107523,0.9709835,-0.9368875,-0.25518632,-0.23900187,0.26476875,-0.9642761,-0.008320183
1356943093376,-0.23857713,-0.080685735,0.9677658,-0.92813194,-0.2742831,-0.25167423,0.28574833,-0.9582581,-0.009449303
1356943093416,-0.25572926,-0.089325845,0.96261287,-0.91774434,-0.29056454,-0.27077243,0.30388808,-0.9526769,-0.0076725185
1356943093456,-0.28017044,-0.09577429,0.9551606,-0.9059813,-0.30254543,-0.29608136,0.31733644,-0.9483109,-0.0020054579
1356943093496,-0.3111003,-0.097854376,0.9453259,-0.89293003,-0.3104866,-0.32599688,0.32541126,-0.9455277,0.009215355
1356943093537,-0.34516317,-0.09065139,0.9341545,-0.879486,-0.3162518,-0.355653,0.32766852,-0.9443342,0.02943185
1356943093575,-0.3768816,-0.0675112,0.9237979,-0.8680445,-0.3222602,-0.37768662,0.32320136,-0.9442408,0.06285116
1356943093618,-0.39439982,-0.015411168,0.9188097,-0.8655257,-0.329686,-0.3770574,0.3087296,-0.94396484,0.116689354
1356943093656,-0.39375734,0.062915295,0.91705877,-0.8740568,-0.33447957,-0.35234645,0.28456944,-0.9403006,0.18669537
1356943093696,-0.36786562,0.16362831,0.9153691,-0.8951359,-0.32888323,-0.30094433,0.25180656,-0.93008685,0.26745442
1356943093736,-0.3256901,0.26326466,0.9080845,-0.91990983,-0.31007838,-0.24003586,0.21838447,-0.9135332,0.34316927
1356943093776,-0.28362805,0.33864883,0.89714664,-0.93907773,-0.28749317,-0.18836337,0.19413453,-0.89591557,0.39955866
1356943093816,-0.25466853,0.3802241,0.889142,-0.9493482,-0.27331734,-0.155034,0.18407029,-0.88358766,0.43057045
1356943093856,-0.2443276,0.38862574,0.888411,-0.95153296,-0.27256364,-0.14245719,0.186786,-0.8801586,0.436385
1356943093896,-0.25306493,0.36740175,0.8949715,-0.9469677,-0.28341442,-0.15142089,0.19801557,-0.88582844,0.41963995
1356943093936,-0.2772885,0.32174924,0.9053112,-0.93679345,-0.299801,-0.18038142,0.21337566,-0.8981073,0.38454396
1356943093976,-0.31065887,0.25891748,0.91457796,-0.9224396,-0.31427515,-0.22435784,0.22933897,-0.91334164,0.33646804
1356943094016,-0.34614104,0.18770152,0.9192141,-0.90600425,-0.32128197,-0.27556163,0.24360362,-0.92819506,0.2812673
1356943094056,-0.3779745,0.11684492,0.91841304,-0.89002216,-0.3190282,-0.32570183,0.25494298,-0.9405149,0.22457904
1356943094096,-0.40271217,0.05326879,0.9137754,-0.876903,-0.30866188,-0.36846855,0.26241976,-0.94967914,0.17101344
1356943094136,-0.4188242,0.0016228855,0.908066,-0.8686068,-0.2923023,-0.40010217,0.26478046,-0.9563247,0.12383288
1356943094176,-0.4261077,-0.035717487,0.90396714,-0.86625975,-0.27196813,-0.4190793,0.26081863,-0.9616432,0.08494705
1356943094217,-0.42502296,-0.05833906,0.90330064,-0.86985034,-0.2497654,-0.42541477,0.25043154,-0.96654737,0.05540979
1356943094256,-0.4166413,-0.06786016,0.90653455,-0.878083,-0.22810513,-0.42064023,0.23532987,-0.9712688,0.035451174
1356943094296,-0.40300155,-0.06809288,0.9126626,-0.88865584,-0.20931423,-0.40801764,0.21881637,-0.9754747,0.023842812
1356943094336,-0.38722265,-0.06447229,0.91972935,-0.8988972,-0.19544894,-0.39215267,0.2050431,-0.9785924,0.01772827
1356943094376,-0.3727976,-0.062337846,0.9258164,-0.906538,-0.18845093,-0.37772366,0.19801736,-0.9801022,0.013742328
1356943094416,-0.36237895,-0.06479213,0.92977595,-0.9103023,-0.1895451,-0.3679977,0.20007786,-0.97973186,0.009706795
1356943094456,-0.35715824,-0.07173666,0.9312851,-0.9100033,-0.19802922,-0.36425057,0.2105518,-0.97756755,0.0054471493
1356943094496,-0.3574286,-0.0810031,0.9304211,-0.90613246,-0.21121526,-0.3664864,0.22620562,-0.97407734,0.0020948052
1356943094536,-0.36353773,-0.0902645,0.9271961,-0.89925003,-0.22592664,-0.37457502,0.24328917,-0.9699533,9.625554E-4
1356943094576,-0.3760538,-0.09786931,0.92141473,-0.8896384,-0.23991352,-0.3885678,0.25908875,-0.9658483,0.0031521916
1356943094618,-0.39483422,-0.10191581,0.9130821,-0.87748754,-0.25266862,-0.4076447,0.27225265,-0.9621703,0.010332406
1356943094656,-0.421014,-0.102356255,0.9012605,-0.8620724,-0.26386315,-0.4326747,0.2820964,-0.9591139,0.022851586
1356943094696,-0.44700253,-0.09323257,0.88966084,-0.84685206,-0.27626318,-0.4544449,0.28814963,-0.95654917,0.044536173
1356943094736,-0.4683848,-0.06834057,0.8808776,-0.83492327,-0.29187822,-0.4665943,0.28899625,-0.95401084,0.07965213
1356943094776,-0.47518033,-0.018593252,0.8796921,-0.83357054,-0.31058854,-0.45683157,0.28171623,-0.9503627,0.13208663
1356943094816,-0.4569096,0.06150964,0.88738394,-0.8495194,-0.32594663,-0.4148201,0.26372436,-0.9433851,0.20118177
1356943094856,-0.40999484,0.16381168,0.89725685,-0.8809072,-0.3261388,-0.342981,0.23644602,-0.9310205,0.27801815
1356943094896,-0.34583676,0.26418394,0.9003354,-0.9151241,-0.30689275,-0.2614664,0.20723122,-0.91434336,0.34789586
1356943094936,-0.28567225,0.33903757,0.8963509,-0.9402505,-0.2799707,-0.1937666,0.18525785,-0.89814806,0.39876008
1356943094976,-0.24600637,0.3792217,0.8920044,-0.95333457,-0.260848,-0.1520252,0.17502627,-0.8877777,0.42569536
1356943095016,-0.23446167,0.385259,0.8925263,-0.9561646,-0.25708038,-0.14021033,0.1754337,-0.88627607,0.4286465
1356943095056,-0.25179553,0.3606777,0.89805937,-0.9503325,-0.26756108,-0.15899405,0.18294013,-0.893489,0.41013446
1356943095096,-0.29281813,0.31090835,0.9042088,-0.9363116,-0.28495592,-0.2052334,0.19385087,-0.90671724,0.37454736
1356943095136,-0.34788913,0.24380654,0.9052798,-0.9147673,-0.29978096,-0.27079916,0.20536298,-0.9223285,0.3273167
1356943095176,-0.40588564,0.16901028,0.89816046,-0.88799334,-0.3053677,-0.34382883,0.21615863,-0.9371158,0.27402443
1356943095216,-0.45744538,0.095800936,0.88406223,-0.860043,-0.30032033,-0.4124729,0.22598654,-0.9490153,0.219773
1356943095256,-0.4965062,0.031286567,0.86746913,-0.83577526,-0.28713477,-0.46800995,0.23443812,-0.9573791,0.16871274
1356943095296,-0.51981425,-0.019872308,0.85404813,-0.81982046,-0.26947182,-0.50525177,0.24018237,-0.96280324,0.12378353
1356943095336,-0.52596414,-0.05521384,0.8487127,-0.8155296,-0.2504897,-0.52169573,0.2413986,-0.96654344,0.08672011
1356943095376,-0.51508015,-0.07473293,0.8538779,-0.8236997,-0.2323941,-0.5172155,0.23708916,-0.96974635,0.058144033
1356943095416,-0.489052,-0.08116743,0.86846995,-0.8418665,-0.21659714,-0.49431425,0.22823036,-0.972881,0.037595153
1356943095457,-0.4518032,-0.07946414,0.88857144,-0.86506945,-0.20437932,-0.45813084,0.2180106,-0.97566104,0.02359724
1356943095496,-0.40895241,-0.07526243,0.90944684,-0.8878373,-0.19756985,-0.4155853,0.21095717,-0.9773954,0.013975799
1356943095541,-0.36648887,-0.073299736,0.9275305,-0.9060267,-0.19866896,-0.37369242,0.2116631,-0.97732174,0.006398499
1356943095575,-0.3275321,-0.07477099,0.94187677,-0.91858816,-0.20815367,-0.33595797,0.22117504,-0.9752339,-5.066395E-4
1356943095619,-0.2958628,-0.07964727,0.9519042,-0.9247881,-0.22568977,-0.30631858,0.23923245,-0.9709379,-0.006883621
1356943095656,-0.27108532,-0.08496073,0.9587984,-0.9262601,-0.24792856,-0.28385502,0.26183,-0.96504563,-0.011485934
1356943095696,-0.25394404,-0.0884209,0.96316874,-0.9243703,-0.2709263,-0.26858625,0.28469643,-0.9585304,-0.012933463
1356943095736,-0.24639988,-0.089226365,0.9650521,-0.9200436,-0.2914636,-0.2618562,0.30464208,-0.9524114,-0.010275483
1356943095776,-0.24993932,-0.08690676,0.96435344,-0.91373503,-0.30833644,-0.26460713,0.32034144,-0.9472993,-0.0023443997
1356943095816,-0.26313066,-0.07892656,0.9615264,-0.9060216,-0.32223314,-0.27439165,0.33149242,-0.9433645,0.013280213
1356943095856,-0.27818978,-0.05791354,0.9587786,-0.89933944,-0.33486092,-0.28117022,0.33734107,-0.9404861,0.041070968
1356943095896,-0.2798338,-0.011308521,0.95998186,-0.8995218,-0.3463387,-0.26628953,0.33549017,-0.9380414,0.086744964
1356943095936,-0.2494936,0.072651714,0.9656472,-0.91306174,-0.34984565,-0.20958605,0.3226007,-0.93398595,0.15361977
1356943095976,-0.17802477,0.19064453,0.96538174,-0.9379928,-0.32942873,-0.107918054,0.29745045,-0.92473316,0.23746964
1356943096016,-0.07976693,0.31579247,0.9454694,-0.96121526,-0.2755819,0.010950655,0.26401237,-0.9079261,0.32552683
1356943096056,0.0126978755,0.41559595,0.90946066,-0.97271436,-0.20558381,0.1075266,0.23165801,-0.8860108,0.40164572
1356943096096,0.07669091,0.4785575,0.87470067,-0.97476864,-0.14846158,0.16668934,0.2096299,-0.8654143,0.45509717
1356943096136,0.105796516,0.50902456,0.8542255,-0.9738639,-0.12059349,0.19247437,0.2009882,-0.8522625,0.48296225
1356943096176,0.09853077,0.51219785,0.853197,-0.9742311,-0.1251558,0.18764281,0.20289278,-0.8496996,0.4866674
1356943096216,0.053646564,0.48944914,0.87038016,-0.9760364,-0.15838307,0.1492239,0.21089098,-0.8575281,0.46922344
1356943096256,-0.02741909,0.43988127,0.89763725,-0.9748078,-0.210612,0.073432684,0.22135484,-0.87301034,0.43457443
1356943096296,-0.13639158,0.36436504,0.92121416,-0.9632409,-0.26602376,-0.037394315,0.23143965,-0.8924514,0.38725466
1356943096336,-0.25419092,0.27180672,0.9281746,-0.93720853,-0.3061878,-0.16700089,0.23880374,-0.91234326,0.33256966
1356943096376,-0.3579927,0.17860413,0.9164834,-0.90182936,-0.3204884,-0.28981188,0.24196067,-0.9302622,0.275803
1356943096416,-0.43272156,0.10018194,0.895944,-0.8688876,-0.31133896,-0.3848409,0.24038815,-0.94500357,0.2217699
1356943096456,-0.47568744,0.043151796,0.8785553,-0.8478637,-0.28842372,-0.4449033,0.23419777,-0.95653003,0.1737864
1356943096496,-0.49112862,0.0063123703,0.8710643,-0.8417985,-0.2605623,-0.47273958,0.22398236,-0.96543646,0.13328332
1356943096536,-0.48492306,-0.014997333,0.87442815,-0.84872603,-0.23313993,-0.4746682,0.21098289,-0.97232753,0.1003263
1356943096576,-0.4620111,-0.025584966,0.886505,-0.86464643,-0.20939386,-0.45666254,0.19731238,-0.9774966,0.074620366
1356943096620,-0.4267069,-0.029471993,0.9039097,-0.8851507,-0.1914497,-0.4240936,0.18555212,-0.9810599,0.05560571
1356943096692,-0.3836137,-0.030166179,0.92300093,-0.9061239,-0.18064058,-0.3825031,0.17826998,-0.9830865,0.04196179
1356943096693,-0.33751768,-0.029900998,0.9408442,-0.9248084,-0.1758464,-0.33735365,0.17553127,-0.98396343,0.031698585
1356943096721,-0.29919457,-0.03283021,0.9536271,-0.93678296,-0.17993104,-0.30010423,0.18143961,-0.9831312,0.023079634
1356943096765,-0.2655341,-0.038027346,0.9633512,-0.94410855,-0.19218081,-0.26781633,0.19532198,-0.98062253,0.0151286125
1356943096804,-0.23936093,-0.044462115,0.96991205,-0.9469725,-0.20985335,-0.24331978,0.21435785,-0.9767214,0.008126318
1356943096845,-0.22294098,-0.050824016,0.97350615,-0.9460653,-0.22953027,-0.2286399,0.23506957,-0.9719736,0.0030888617
1356943096885,-0.2184515,-0.05635494,0.9742192,-0.9422051,-0.24769694,-0.2256012,0.25402483,-0.9671972,0.0010118186
1356943096924,-0.22790319,-0.06118813,0.9717593,-0.93567395,-0.26236755,-0.23596057,0.2693961,-0.96302605,0.002542287
1356943096966,-0.2517867,-0.06510258,0.96559054,-0.92614824,-0.27328926,-0.25992766,0.28080755,-0.95972633,0.008516043
1356943097006,-0.28704178,-0.06574264,0.9556594,-0.91343164,-0.28171015,-0.29373798,0.28853008,-0.95724463,0.02081117
1356943097046,-0.32560015,-0.057276487,0.9437711,-0.89914507,-0.2899719,-0.3278023,0.29244247,-0.95531964,0.042915046
1356943097086,-0.35348392,-0.029663086,0.93497014,-0.8890411,-0.30022603,-0.3456446,0.2909553,-0.9534067,0.07975346
1356943097126,-0.35395902,0.027970403,0.9348426,-0.8920274,-0.31048733,-0.32845816,0.28106964,-0.95016587,0.13485014
1356943097166,-0.31321293,0.11969581,0.94210964,-0.91331935,-0.30984956,-0.26427466,0.26027972,-0.94322115,0.2063694
1356943097206,-0.23484993,0.23026714,0.9443635,-0.94442344,-0.28395784,-0.1656265,0.23002109,-0.9307765,0.2841572
1356943097246,-0.14595187,0.3292283,0.9329024,-0.96941125,-0.23569405,-0.06848544,0.1973322,-0.9143616,0.35355756
1356943097286,-0.07525134,0.3970141,0.9147223,-0.9824015,-0.18678117,2.48909E-4,0.1709517,-0.89860594,0.40408278
1356943097326,-0.035292685,0.43233666,0.9010213,-0.9872178,-0.15529358,0.03584543,0.15542012,-0.88823926,0.43229118
1356943097366,-0.029085696,0.43931368,0.8978628,-0.98824346,-0.14751875,0.040165752,0.1500969,-0.8861387,0.43843943
1356943097406,-0.05584562,0.42107144,0.9053067,-0.9867897,-0.16138417,0.014190137,0.1520772,-0.8925548,0.4245215
1356943097446,-0.11050409,0.3804038,0.9181948,-0.9811573,-0.18907768,-0.039747566,0.15849003,-0.90528584,0.3941299
1356943097486,-0.183505,0.32152027,0.92895126,-0.96866053,-0.22006822,-0.11518115,0.16739962,-0.9209748,0.35182768
1356943097526,-0.2622496,0.2511578,0.931743,-0.9484129,-0.24533325,-0.2008102,0.17815247,-0.9363394,0.30253977
1356943097566,-0.3354861,0.17690998,0.92528474,-0.92249495,-0.26075894,-0.2846188,0.19092438,-0.9490562,0.25067958
1356943097619,-0.3949688,0.10583165,0.9125784,-0.895455,-0.26636165,-0.35666776,0.20532912,-0.9580455,0.199972
1356943097646,-0.4352219,0.043922573,0.8992512,-0.8731475,-0.26414084,-0.40968663,0.21953449,-0.9634835,0.15331078
1356943097686,-0.4536819,-0.004810512,0.8911507,-0.8607478,-0.25665998,-0.43958932,0.23083746,-0.96648973,0.11230141
1356943097726,-0.44941062,-0.03833911,0.8925022,-0.8613199,-0.24643397,-0.44429517,0.23697677,-0.96840096,0.077727854
1356943097766,-0.42299587,-0.056646526,0.9043592,-0.87448865,-0.23592633,-0.42380226,0.23736906,-0.9701185,0.050259113
1356943097806,-0.37757576,-0.06203726,0.9238981,-0.8960922,-0.22696435,-0.38145223,0.23335624,-0.97192514,0.030105233
1356943097846,-0.3205093,-0.05923921,0.94539124,-0.91952974,-0.22020197,-0.32553977,0.22746176,-0.97365385,0.016104579
1356943097886,-0.26169473,-0.05394584,0.9636419,-0.93903035,-0.21648037,-0.2671298,0.22302005,-0.97479546,0.0059949756
1356943097926,-0.21026474,-0.050474733,0.97634065,-0.9517505,-0.21775442,-0.2162264,0.22351646,-0.97469753,-0.0022532642
1356943097966,-0.17167771,-0.050220042,0.9838723,-0.95765066,-0.22582477,-0.1786291,0.23115352,-0.97287256,-0.009324163
1356943098006,-0.14824021,-0.052304924,0.9875673,-0.9580216,-0.24019587,-0.15652674,0.24539664,-0.9693143,-0.014502645
1356943098046,-0.14162374,-0.055651218,0.98835504,-0.95428,-0.25781906,-0.15125805,0.2632345,-0.9645892,-0.016593546
1356943098086,-0.15442753,-0.060373634,0.9861578,-0.94721913,-0.27477396,-0.16515192,0.28094125,-0.95961154,-0.014754415
1356943098126,-0.18947715,-0.0673798,0.9795705,-0.9363135,-0.28800672,-0.20092055,0.29566088,-0.9552549,-0.008517861
1356943098166,-0.24677569,-0.076360494,0.9660595,-0.9195193,-0.29624915,-0.2583036,0.3059185,-0.9520533,0.0028921068
1356943098206,-0.3210237,-0.08401102,0.9433377,-0.8945096,-0.3003174,-0.33115262,0.3111212,-0.9501324,0.021260351
1356943098246,-0.39947176,-0.08264583,0.9130126,-0.8625805,-0.30337608,-0.40486774,0.31044686,-0.94928,0.049901485
1356943098286,-0.46325207,-0.060523927,0.8841574,-0.83332276,-0.3097909,-0.45782378,0.30161324,-0.9488764,0.093075335
1356943098326,-0.4924125,-0.005133003,0.8703468,-0.82372844,-0.32018274,-0.46792573,0.28107187,-0.94734186,0.1534338
1356943098366,-0.47540528,0.086562485,0.87549806,-0.8443116,-0.3245573,-0.42638087,0.24724066,-0.9418968,0.22738189
1356943098406,-0.42112952,0.19582051,0.8856095,-0.8835866,-0.30899966,-0.3518435,0.20475486,-0.93068445,0.30315334
1356943098446,-0.3632794,0.28897113,0.8857334,-0.91699964,-0.27900136,-0.28507873,0.16474134,-0.9157804,0.3663419
1356943098486,-0.3349501,0.3456398,0.876551,-0.93206227,-0.2578801,-0.2544755,0.13808817,-0.9022367,0.40853474
1356943098526,-0.35011572,0.36307925,0.86347693,-0.92783374,-0.26100165,-0.26646328,0.12862164,-0.894456,0.42825794
1356943098566,-0.41039944,0.3417808,0.8454337,-0.90205216,-0.2880782,-0.3214233,0.13369468,-0.8945372,0.4265312
1356943098619,-0.50692046,0.28222233,0.8144828,-0.8490984,-0.32630837,-0.4153971,0.14853823,-0.90214926,0.40504697
1356943098646,-0.6152048,0.19374657,0.76418924,-0.7702107,-0.35454428,-0.5301639,0.1682215,-0.91474617,0.36734307
1356943098686,-0.7082698,0.09568757,0.6994268,-0.6802916,-0.35716277,-0.6400297,0.18856633,-0.9291279,0.31806302
1356943098726,-0.7728187,0.0074090958,0.6345836,-0.60010433,-0.33383584,-0.7269308,0.20646086,-0.9426021,0.2624408
1356943098766,-0.8105132,-0.061246708,0.5825095,-0.5428483,-0.294937,-0.7863384,0.21996424,-0.9535518,0.20580262
1356943098806,-0.8283965,-0.109041676,0.5494262,-0.5116843,-0.25176603,-0.82145786,0.22789997,-0.9616256,0.15276718
1356943098846,-0.832267,-0.13830906,0.5368447,-0.5046254,-0.21193862,-0.8369201,0.22953181,-0.9674464,0.10659534
1356943098886,-0.8252252,-0.15220325,0.5439095,-0.51811033,-0.179407,-0.8362863,0.22486669,-0.97192967,0.069193184
1356943098926,-0.80844736,-0.15416487,0.5680193,-0.54783374,-0.15568823,-0.8219727,0.21515326,-0.9757019,0.041409075
1356943098966,-0.7822312,-0.14760348,0.60525006,-0.5890933,-0.14083964,-0.79569674,0.20269077,-0.97896755,0.023216903
1356943099006,-0.74710375,-0.13573611,0.6507009,-0.63696516,-0.13366646,-0.75921583,0.1900299,-0.98168683,0.013403535
1356943099046,-0.70534545,-0.12227005,0.69823897,-0.68569344,-0.13209593,-0.71580386,0.17975596,-0.9836669,0.009333551
1356943099086,-0.6620031,-0.11178744,0.7411177,-0.7288014,-0.13477391,-0.6713304,0.17492962,-0.9845504,0.007749915
1356943099126,-0.6233499,-0.10818219,0.77442324,-0.7613051,-0.14207178,-0.6326374,0.17846379,-0.9839269,0.00620085
1356943099166,-0.59354204,-0.11236873,0.7969198,-0.7817764,-0.15466869,-0.6040722,0.19113731,-0.98155534,0.003955066
