1356942357198,-0.3493994,-0.12461755,-0.9286498,-0.83132637,-0.41596782,0.36860165,-0.43222272,0.9008002,0.041741103
1356942357199,0.44443688,0.17251948,0.87904084,0.7846408,0.39848927,-0.4749159,-0.43222058,0.90080154,0.041737527
1356942357233,0.44447377,0.17252818,0.8790205,0.7846298,0.39846602,-0.47495365,-0.43220264,0.9008101,0.04173696
1356942357276,0.44475794,0.1725938,0.8788638,0.78450656,0.39836723,-0.47523993,-0.432134,0.9008412,0.041776
1356942357315,0.4458593,0.17301211,0.87822336,0.78397,0.39801562,-0.4764185,-0.4319728,0.90091646,0.041822642
1356942357357,0.44587672,0.17306623,0.87820387,0.78410304,0.39768904,-0.47647235,-0.43171334,0.9010502,0.041618526
1356942357396,0.45525345,0.17840785,0.8723043,0.77885664,0.3949239,-0.487255,-0.4314239,0.9012246,0.040836334
1356942357436,0.46560273,0.18472171,0.865501,0.77282476,0.39166597,-0.49933916,-0.43122607,0.9013743,0.039603204
1356942357476,0.47770357,0.19198564,0.8572868,0.7654139,0.3880176,-0.51340425,-0.43120858,0.9014343,0.038408965
1356942357514,0.47794726,0.19279769,0.85696876,0.76515067,0.38777575,-0.51397896,-0.43140566,0.90136504,0.03781709
1356942357554,0.5019812,0.20498845,0.8402348,0.7493912,0.38191465,-0.5408826,-0.43177265,0.9011775,0.03809741
1356942357596,0.51857543,0.21257874,0.82818466,0.7377243,0.37842634,-0.5590675,-0.43225282,0.9008906,0.0394181
1356942357633,0.52914834,0.21620458,0.8205227,0.7298744,0.377211,-0.5700835,-0.43276483,0.90053725,0.041798413
1356942357675,0.53508735,0.21669164,0.8165331,0.7252407,0.37786287,-0.57553935,-0.4332521,0.90014684,0.045036048
1356942357714,0.5376601,0.21516761,0.815245,0.7230866,0.3796387,-0.57707906,-0.43366724,0.89976513,0.0485318
1356942357756,0.5379679,0.21297759,0.81561697,0.7226825,0.38157433,-0.5763082,-0.43395922,0.8994674,0.051359594
1356942357797,0.53691727,0.21134394,0.8167334,0.72336596,0.3828447,-0.5746056,-0.43412143,0.89931285,0.052676886
1356942357836,0.53501743,0.21057233,0.8181783,0.7246995,0.38338536,-0.5725612,-0.43424308,0.89926356,0.052516222
1356942357878,0.5328165,0.21053019,0.81962407,0.7262,0.38348868,-0.5705875,-0.4344425,0.8992294,0.051442087
1356942357923,0.5304676,0.21069798,0.8211032,0.7276976,0.38364765,-0.568569,-0.43481073,0.8991223,0.050188243
1356942357956,0.52828866,0.21112075,0.8223984,0.72895455,0.3838688,-0.56680685,-0.4353578,0.8989287,0.048896104
1356942357996,0.526803,0.21255744,0.8229811,0.7295756,0.38370854,-0.566116,-0.43611705,0.8986585,0.0470621
1356942358036,0.5264212,0.21567103,0.82241523,0.7292831,0.38270727,-0.56716955,-0.43706635,0.89834356,0.044179946
1356942358076,0.5273386,0.22050434,0.82054365,0.7280048,0.38068154,-0.5701671,-0.43809012,0.8980308,0.040219903
1356942358116,0.5294287,0.22633861,0.8176038,0.7259787,0.37776202,-0.5746745,-0.43893063,0.8978121,0.03568107
1356942358155,0.5323605,0.23211415,0.81407326,0.7236816,0.37413013,-0.5799237,-0.4391778,0.8978583,0.031195343
1356942358196,0.5357793,0.2371979,0.8103565,0.7216469,0.36962858,-0.58532083,-0.4383678,0.898394,0.026866198
1356942358235,0.5392913,0.24143972,0.80676615,0.7204078,0.36384174,-0.5904505,-0.43609342,0.89962554,0.022281647
1356942358261,0.5422913,0.24480295,0.8037361,0.7199763,0.35768667,-0.5947221,-0.43307543,0.90118355,0.017718017
1356942358293,0.544267,0.24725649,0.8016468,0.720834,0.35099858,-0.5976607,-0.42915237,0.9031413,0.012806088
1356942358353,0.54489213,0.24922039,0.80061334,0.72387326,0.34208956,-0.5991513,-0.42320222,0.90601546,0.005997956
1356942358375,0.54253614,0.25075376,0.80173373,0.72966427,0.33222654,-0.59767514,-0.4162265,0.9092569,-0.0027211607
1356942358415,0.5369749,0.25270167,0.8048601,0.7376106,0.32234672,-0.59331536,-0.4093758,0.9122689,-0.0133033395
1356942358456,0.52789044,0.25546885,0.80997986,0.74723744,0.31360194,-0.5859096,-0.4036929,0.9145434,-0.025348455
1356942358481,0.51493037,0.25775608,0.8175626,0.7584523,0.30747375,-0.5746391,-0.39949572,0.9159813,-0.037168086
1356942358521,0.50200903,0.26365775,0.8236939,0.7681722,0.30165285,-0.5647274,-0.39736438,0.916237,-0.05110213
1356942358566,0.4852937,0.2718052,0.8310307,0.7787409,0.2977975,-0.5521588,-0.39755848,0.9151167,-0.06714657
1356942358607,0.46457064,0.28094223,0.8397891,0.79010725,0.29673606,-0.53635657,-0.39988095,0.91269886,-0.08411965
1356942358648,0.44256055,0.2928917,0.847558,0.800151,0.29772323,-0.52069116,-0.4048438,0.9086118,-0.10259706
1356942358687,0.41789442,0.30570686,0.85551596,0.8097869,0.3015396,-0.5033082,-0.4118367,0.9031153,-0.12154567
1356942358728,0.39389044,0.3217532,0.86100245,0.8168425,0.30697167,-0.4884023,-0.42144835,0.89568037,-0.14190847
1356942358776,0.36934686,0.3392162,0.8651678,0.8223649,0.31426597,-0.47429186,-0.43278033,0.8866618,-0.16288638
1356942358808,0.34686285,0.3597131,0.8661943,0.82519925,0.32191396,-0.46413094,-0.44579405,0.87577266,-0.185175
1356942358841,0.32587054,0.38223773,0.864698,0.82621986,0.3294241,-0.45699075,-0.4595315,0.8633505,-0.20846277
1356942358885,0.3073854,0.4072246,0.86004794,0.82535094,0.33574,-0.45395434,-0.4736139,0.84938025,-0.23290163
1356942358925,0.29067385,0.43298143,0.85325015,0.8233842,0.34105164,-0.45356607,-0.4873881,0.83439255,-0.2573753
1356942358966,0.2750444,0.45704547,0.8458487,0.8211391,0.34593955,-0.4539344,-0.5000812,0.8194115,-0.28014916
1356942359005,0.2580135,0.47397518,0.84188867,0.8206308,0.3523774,-0.4498837,-0.5098963,0.8069558,-0.2980405
1356942359047,0.23682636,0.47755164,0.84608376,0.82383233,0.36290509,-0.43543106,-0.5149889,0.8001527,-0.307477
1356942359088,0.20927477,0.46297556,0.8613117,0.8313169,0.37956232,-0.40601066,-0.5148945,0.8009907,-0.30544657
1356942359126,0.17478138,0.4284261,0.8865115,0.8419408,0.40177226,-0.3601593,-0.51047736,0.8093394,-0.2904871
1356942359166,0.13474908,0.3748756,0.91723,0.85391134,0.42565903,-0.29941556,-0.5026709,0.8235791,-0.26275343
1356942359239,0.09264297,0.30687687,0.94722956,0.86534905,0.44576538,-0.22905073,-0.49253255,0.8409041,-0.2242586
1356942359248,0.052450925,0.22950998,0.971892,0.87504876,0.45838675,-0.15547141,-0.4811846,0.8586074,-0.17678958
1356942359284,0.021762028,0.15750164,0.98727894,0.88216835,0.46164167,-0.09309134,-0.47043112,0.87297213,-0.12889671
1356942359325,0.0014920682,0.09449613,0.9955241,0.88746333,0.45868897,-0.044869334,-0.46087593,0.88355803,-0.08317751
1356942359364,-0.005740106,0.04504028,0.9989686,0.89144516,0.4528703,-0.015296161,-0.4530922,0.89043796,-0.042750478
1356942359405,8.5523725E-4,0.011134952,0.99993765,0.89418995,0.4476507,-0.0057496727,-0.44768682,0.8941392,-0.009573936
1356942359445,0.021286458,-0.0070741773,0.99974835,0.8952672,0.44524541,-0.01591131,-0.44502077,0.8953806,0.015811026
1356942359485,0.05553201,-0.010190964,0.99840486,0.8937432,0.44630042,-0.045155138,-0.44512832,0.8948251,0.033892035
1356942359529,0.10340397,0.0013620853,0.99463844,0.8879413,0.45047146,-0.09292847,-0.4481828,0.8927898,0.045371056
1356942359566,0.1658932,0.02723825,0.9857674,0.8757878,0.45541817,-0.15996876,-0.45329362,0.88986087,0.051695883
1356942359607,0.23612587,0.064386815,0.9695871,0.855656,0.4591236,-0.2388688,-0.46054032,0.88603604,0.053317964
1356942359646,0.31327027,0.11171538,0.94307023,0.82597786,0.45799983,-0.32862866,-0.46863884,0.8819047,0.05120331
1356942359686,0.3912095,0.16359156,0.9056451,0.7882179,0.44840303,-0.42148232,-0.4750449,0.8787335,0.04647374
1356942359726,0.46246058,0.21137458,0.86107546,0.7474608,0.42941976,-0.50685406,-0.47689885,0.87802017,0.0405955
1356942359766,0.5209424,0.24683458,0.81712407,0.710837,0.40453324,-0.57538134,-0.47257787,0.8805825,0.035279363
1356942359806,0.5640181,0.26652715,0.78156686,0.68405724,0.37936,-0.62301815,-0.46254644,0.8860301,0.031646073
1356942359846,0.59158015,0.2720257,0.7589696,0.6699225,0.3579236,-0.6504572,-0.44859427,0.8932484,0.029504359
1356942359888,0.6041148,0.26682097,0.75090075,0.6692585,0.34164143,-0.65982896,-0.432595,0.9011591,0.027818471
1356942359928,0.6013551,0.25448573,0.7573698,0.68164665,0.33109537,-0.6524826,-0.41680914,0.9086324,0.025636554
1356942359968,0.58427525,0.237915,0.7758987,0.70518035,0.32436457,-0.63048255,-0.40167534,0.9155239,0.021745205
1356942360036,0.5498206,0.21853706,0.8061878,0.7394978,0.32141915,-0.59146655,-0.38838154,0.9213747,0.015115231
1356942360061,0.51056075,0.21621543,0.83221304,0.7719211,0.31109717,-0.5543972,-0.37876835,0.9254563,-0.00806725
1356942360104,0.43638402,0.21705368,0.8731877,0.8175367,0.3096478,-0.485543,-0.37576956,0.9257462,-0.042324007
1356942360146,0.37590566,0.24475554,0.8937503,0.8443186,0.30698976,-0.43918484,-0.38186514,0.9197021,-0.091252506
1356942360189,0.33471537,0.30119073,0.8928884,0.8543737,0.30271065,-0.42238832,-0.39750633,0.90424025,-0.15600753
1356942360245,0.30435216,0.36775446,0.8787073,0.85687745,0.29724783,-0.4211946,-0.41609,0.8811359,-0.22465247
1356942360268,0.28181767,0.43089625,0.8572673,0.85665536,0.2893917,-0.42707613,-0.43211156,0.85474026,-0.28757387
1356942360307,0.25775594,0.47411504,0.84188884,0.85972357,0.28511012,-0.42377788,-0.44095045,0.8330229,-0.33411902
1356942360346,0.22648674,0.48940545,0.8421319,0.86755234,0.29168093,-0.40283403,-0.44278294,0.82183003,-0.35852295
1356942360386,0.1857082,0.4753934,0.85994977,0.87806785,0.31252387,-0.36238885,-0.4410321,0.8223928,-0.35938942
1356942360426,0.13666916,0.4346735,0.8901576,0.8880932,0.34434193,-0.30449805,-0.43887582,0.8321583,-0.33896965
1356942360466,0.08362144,0.37211558,0.9244119,0.8953104,0.37924445,-0.23365116,-0.43752334,0.8471739,-0.30144602
1356942360506,0.033728406,0.29625273,0.9545139,0.89883363,0.40859687,-0.15857726,-0.4369903,0.86329776,-0.2525006
1356942360546,-0.005520776,0.21751416,0.9760417,0.89951634,0.4274792,-0.09017733,-0.43685237,0.8774675,-0.1980176
1356942360585,-0.028313965,0.14584932,0.98890156,0.8992958,0.43564275,-0.038502872,-0.43642336,0.88822484,-0.1434964
1356942360625,-0.0316357,0.08825743,0.9955952,0.8997488,0.43629164,-0.010086209,-0.43526006,0.89546645,-0.09321189
1356942360666,-0.0140455365,0.048879743,0.9987059,0.90090936,0.43392277,-0.008567393,-0.43378,0.89962316,-0.050130904
1356942360706,0.025121063,0.029644996,0.9992448,0.900951,0.43246785,-0.03548017,-0.4331931,0.9011619,-0.015844643
1356942360747,0.08634615,0.031361997,0.9957714,0.89641356,0.43369406,-0.091389775,-0.43472627,0.9005142,0.009334505
1356942360787,0.16984248,0.05457905,0.98395866,0.88232017,0.4363014,-0.17649963,-0.4389357,0.89814377,0.02594632
1356942360827,0.27368984,0.09917751,0.956691,0.85223293,0.43608478,-0.28901416,-0.44586205,0.8944238,0.034829676
1356942360869,0.3922135,0.16216189,0.90546787,0.7996647,0.4264032,-0.42274898,-0.45464814,0.8898786,0.037565947
1356942360909,0.5114006,0.2346718,0.8266792,0.7233721,0.40175372,-0.5615396,-0.463899,0.8851684,0.03570205
1356942360949,0.61657107,0.302511,0.72686124,0.6312082,0.36185327,-0.68603086,-0.47054902,0.88178754,0.03216085
1356942360989,0.6938436,0.35085428,0.6288738,0.544112,0.31662753,-0.7769743,-0.47172356,0.8812765,0.028785944
1356942361027,0.7474551,0.3785943,0.54587287,0.47207424,0.27542683,-0.83742815,-0.46739358,0.8836325,0.027144581
1356942361068,0.7812195,0.38662016,0.4901233,0.42504668,0.24558899,-0.87121826,-0.45719942,0.888938,0.027527303
1356942361107,0.8011557,0.38133293,0.46123177,0.40226567,0.22748545,-0.8868105,-0.44309354,0.89601094,0.028854117
1356942361148,0.80961585,0.3675657,0.45762178,0.40261328,0.21956012,-0.88864833,-0.42711213,0.9037084,0.02977252
1356942361187,0.8061723,0.34816065,0.47840405,0.4258277,0.21996969,-0.8776583,-0.41080046,0.9112615,0.029077023
1356942361240,0.788069,0.32491162,0.5228573,0.47171196,0.22698861,-0.8520353,-0.3955188,0.9181006,0.025618002
1356942361266,0.7531831,0.30091238,0.58495027,0.53528,0.23650178,-0.8108898,-0.38234854,0.9238607,0.017056778
1356942361307,0.70206237,0.283266,0.653352,0.6064182,0.24316028,-0.75705355,-0.3733168,0.9277033,-0.0010639727
1356942361348,0.6459447,0.2867871,0.70746636,0.66654634,0.23986694,-0.70581853,-0.37211743,0.9274788,-0.03621608
1356942361387,0.59634143,0.31823707,0.73695457,0.70675826,0.22715062,-0.66999656,-0.38061747,0.92039543,-0.08945739
1356942361428,0.57066464,0.3838487,0.72594905,0.7166599,0.19881201,-0.66848516,-0.40092456,0.9017395,-0.16163397
1356942361467,0.5556635,0.45850524,0.6935496,0.71389914,0.16442704,-0.68067,-0.42612916,0.873348,-0.23596042
1356942361508,0.54549223,0.5250504,0.653269,0.706877,0.13055205,-0.69518423,-0.4502924,0.8409984,-0.29993087
1356942361547,0.5268712,0.56749535,0.63273674,0.71050906,0.11448598,-0.69431245,-0.46645862,0.8153784,-0.34289122
1356942361586,0.4919781,0.5806472,0.64869595,0.73119086,0.12886566,-0.66989064,-0.4725647,0.80389214,-0.3611648
1356942361626,0.43505472,0.5624575,0.70311373,0.76768464,0.17635494,-0.6160838,-0.47051853,0.80779976,-0.35506594
1356942361666,0.3533513,0.5105226,0.7839066,0.8127662,0.24737358,-0.5274631,-0.46319965,0.82351255,-0.3275258
1356942361706,0.25265136,0.4267394,0.8683667,0.85493237,0.3217816,-0.4068749,-0.45305395,0.8451923,-0.2835347
1356942361746,0.14891589,0.32289973,0.9346442,0.8845831,0.37895256,-0.27185977,-0.44196928,0.86725473,-0.22919959
1356942361786,0.060944796,0.21778497,0.9740921,0.9002067,0.40957916,-0.14789474,-0.43117705,0.88589764,-0.17108977
1356942361826,3.4715235E-4,0.1269213,0.9919127,0.90690017,0.41789788,-0.053789973,-0.42134535,0.89958453,-0.114959896
1356942361866,-0.029523224,0.058202,0.9978682,0.9101908,0.41417983,0.002771616,-0.41313556,0.9083323,-0.06520283
1356942361906,-0.029514253,0.013737708,0.99947,0.9126302,0.408229,0.021338731,-0.4077195,0.91277623,-0.024586022
1356942361946,-0.0012639165,-0.0068888366,0.99997544,0.91358685,0.40662438,0.00395599,-0.40664163,0.91356945,0.005779624
1356942361986,0.055642188,-0.0030795336,0.998446,0.91005325,0.41153145,-0.04944688,-0.41073963,0.91139036,0.025701106
1356942362026,0.14302924,0.027458727,0.98933744,0.8964805,0.4199619,-0.14126065,-0.4193628,0.9071262,0.035450637
1356942362068,0.2599593,0.08583292,0.9617972,0.86410296,0.423884,-0.27138236,-0.43098396,0.9016402,0.036024094
1356942362108,0.39471588,0.1633968,0.9041575,0.8051392,0.41259095,-0.42605108,-0.4426626,0.8961418,0.031299025
1356942362146,0.5210865,0.24159686,0.81859624,0.72370774,0.38336396,-0.57382846,-0.4524554,0.8914387,0.024920285
1356942362187,0.621362,0.30440584,0.7219739,0.63501596,0.34412536,-0.6916158,-0.4589814,0.88820875,0.020523846
1356942362245,0.6896051,0.34450236,0.6369952,0.55803734,0.30782887,-0.77060735,-0.46156156,0.88688195,0.020035177
1356942362268,0.7305448,0.36362615,0.5779968,0.50474226,0.28255838,-0.81571805,-0.4599343,0.887658,0.02288407
1356942362308,0.7495763,0.3641852,0.5527246,0.4824165,0.27118188,-0.8329074,-0.45322144,0.8909711,0.027582541
1356942362347,0.74940455,0.35047597,0.5617468,0.49223012,0.27253503,-0.8267008,-0.44283444,0.896042,0.031724155
1356942362388,0.731643,0.32583466,0.598774,0.5293448,0.28189468,-0.80020595,-0.42952606,0.902423,0.033767402
1356942362427,0.6932272,0.29330775,0.6583363,0.5890862,0.29566833,-0.7520357,-0.4152271,0.9091484,0.03218177
1356942362468,0.63546443,0.25973666,0.7271326,0.65910953,0.3080583,-0.6860574,-0.4021935,0.9152251,0.02456519
1356942362506,0.5654395,0.23589188,0.7903374,0.7249621,0.31482077,-0.6126319,-0.39332956,0.9193709,0.0069994032
1356942362548,0.4944679,0.23325527,0.8373132,0.77598953,0.31552798,-0.5461522,-0.39158857,0.91980106,-0.024985164
1356942362588,0.43309328,0.26006714,0.8630152,0.8083054,0.3116109,-0.49954087,-0.3988391,0.9139276,-0.07525706
1356942362625,0.3789247,0.30728158,0.8729228,0.82846034,0.3077077,-0.4679418,-0.412395,0.9004966,-0.13797253
1356942362671,0.334552,0.36767852,0.8676909,0.8388065,0.30346775,-0.4520077,-0.42950976,0.87904483,-0.2068854
1356942362708,0.28704417,0.41465253,0.8635212,0.84920186,0.30696446,-0.42968488,-0.44324026,0.85664237,-0.26401132
1356942362746,0.23909551,0.4395368,0.865818,0.8596114,0.3188544,-0.3992496,-0.45155478,0.8397258,-0.30159414
1356942362786,0.18927416,0.4373029,0.8791709,0.87024313,0.34000626,-0.3564725,-0.45481005,0.8325634,-0.31620544
1356942362826,0.13936958,0.40907604,0.90179425,0.8796839,0.36700174,-0.30243343,-0.45467824,0.8354439,-0.30870867
1356942362866,0.09252703,0.3593343,0.92861056,0.88697153,0.39404273,-0.24085656,-0.4524603,0.8459369,-0.2822597
1356942362906,0.052876115,0.2956541,0.9538306,0.89202666,0.41537094,-0.1782004,-0.44887915,0.8602649,-0.24176812
1356942362946,0.02430506,0.22720236,0.97354424,0.8957141,0.42752653,-0.12213662,-0.44396576,0.8749858,-0.19311726
1356942362986,0.009759411,0.16312042,0.98655784,0.89928055,0.429995,-0.07999265,-0.43726337,0.88797295,-0.1424945
1356942363026,0.010550603,0.11004001,0.99387115,0.9032199,0.42541754,-0.05668989,-0.42904836,0.8982823,-0.09490192
1356942363066,0.026802123,0.07124555,0.9970987,0.9065625,0.41856724,-0.054276317,-0.42121974,0.9053869,-0.05337
1356942363106,0.058835685,0.04834014,0.99709654,0.9072415,0.4141187,-0.073610455,-0.41647467,0.9089383,-0.019491196
1356942363146,0.107433304,0.042762518,0.9932922,0.90274817,0.41437924,-0.11547971,-0.41653788,0.9090991,0.0059143305
1356942363186,0.17452884,0.056785017,0.98301333,0.8899274,0.4181484,-0.18215683,-0.42138928,0.90660214,0.022444367
1356942363238,0.26106328,0.09171274,0.96095514,0.8644154,0.42090064,-0.27500668,-0.42968825,0.90245855,0.030603766
1356942363266,0.36363572,0.14464256,0.92024326,0.8216382,0.4156955,-0.3900102,-0.43895304,0.8979286,0.032317877
1356942363306,0.47111705,0.20561084,0.85777205,0.76101255,0.39694485,-0.5131225,-0.4459918,0.89451605,0.030535042
1356942363346,0.5679237,0.2601766,0.78087825,0.69039834,0.36594594,-0.62404627,-0.4481215,0.8935277,0.028203875
1356942363386,0.6431953,0.29763627,0.7054874,0.6235822,0.33106658,-0.7081949,-0.44434777,0.89543706,0.027339786
1356942363426,0.69415885,0.31565458,0.64692014,0.5731192,0.30139935,-0.762032,-0.43552023,0.8997336,0.028311312
1356942363468,0.72232556,0.31706497,0.6145857,0.5469287,0.28195715,-0.7882697,-0.4232195,0.9055219,0.030252934
1356942363521,0.7285271,0.30689767,0.612423,0.54831123,0.2746425,-0.78988993,-0.41061276,0.91125476,0.03180906
1356942363547,0.7134503,0.28811413,0.63873225,0.57605976,0.27779946,-0.768754,-0.39892834,0.9164157,0.03222516
1356942363587,0.6699328,0.2599851,0.695412,0.6322891,0.29111373,-0.71795774,-0.38910228,0.9206848,0.0306409
1356942363627,0.59297186,0.22458006,0.7732711,0.7088264,0.31003395,-0.6335962,-0.38203335,0.92381966,0.024653137
1356942363667,0.48807013,0.19254881,0.8513005,0.78574306,0.32771206,-0.5246071,-0.37999392,0.9249485,0.008652568
1356942363707,0.37299758,0.1794003,0.9103232,0.8436582,0.3427558,-0.4132302,-0.3861522,0.9221356,-0.02350548
1356942363746,0.27341148,0.19925126,0.941034,0.87343466,0.35838518,-0.3296541,-0.40293664,0.912063,-0.07604635
1356942363787,0.1923789,0.24553934,0.95010567,0.883252,0.37857014,-0.27667758,-0.42761686,0.8924097,-0.14404422
1356942363827,0.12129691,0.2991728,0.9464579,0.88343227,0.40221313,-0.24035805,-0.45258635,0.8652862,-0.21551168
1356942363867,0.04110706,0.33109745,0.94270074,0.882411,0.43054253,-0.18969417,-0.46868002,0.8396473,-0.27446574
1356942363906,-0.052092478,0.32833996,0.9431221,0.87958837,0.46227783,-0.112354875,-0.47287506,0.8237063,-0.31288517
1356942363946,-0.15772152,0.28769538,0.94464564,0.8695215,0.4938674,-0.005230665,-0.46803454,0.8205647,-0.32805085
1356942363986,-0.26546806,0.2169666,0.9393892,0.8478637,0.51637775,0.120337754,-0.4589704,0.8284199,-0.32103992
1356942364026,-0.36264506,0.12979612,0.9228443,0.81652737,0.521557,0.2475104,-0.44918993,0.84328604,-0.29512215
1356942364066,-0.44002932,0.040782034,0.89705694,0.7828112,0.50687796,0.36094514,-0.43997827,0.86105263,-0.25496578
1356942364106,-0.49436033,-0.038684934,0.8683958,0.75499725,0.47599363,0.45100915,-0.43079814,0.8785975,-0.20610535
1356942364146,-0.5272846,-0.102544725,0.8434782,0.7382129,0.43625048,0.5145165,-0.42072877,0.8939631,-0.15432835
1356942364186,-0.54287696,-0.15020895,0.8262698,0.7328988,0.39565688,0.55345726,-0.41005355,0.90603137,-0.104705036
1356942364238,-0.54538757,-0.1844866,0.81762886,0.7362915,0.3606913,0.5725177,-0.40053344,0.91425735,-0.0608806
1356942364266,-0.53809315,-0.20884427,0.81660265,0.74489176,0.3355608,0.5766588,-0.39445168,0.91857666,-0.024996579
1356942364306,-0.52339536,-0.22593462,0.8215904,0.7557957,0.3221618,0.5700742,-0.39348447,0.9193287,0.002142489
1356942364346,-0.50253063,-0.23669776,0.831527,0.767485,0.3206632,0.5551052,-0.3980323,0.9171419,0.020518959
1356942364386,-0.47551942,-0.24048987,0.846195,0.77992594,0.32971036,0.5319837,-0.40693596,0.91293794,0.030780554
1356942364426,-0.44087213,-0.23547497,0.86613125,0.79465806,0.34625143,0.49862668,-0.41731328,0.9081087,0.034469485
1356942364466,-0.3964098,-0.22009963,0.8912997,0.8135254,0.3657229,0.45213184,-0.42548275,0.90432453,0.034080565
1356942364506,-0.34182316,-0.19547296,0.9192101,0.8363733,0.38274437,0.3924108,-0.4285282,0.90293795,0.032657504
1356942364546,-0.28209868,-0.16674224,0.9447843,0.85993993,0.39266363,0.32606548,-0.42535126,0.90444034,0.032618463
1356942364586,-0.22754133,-0.14104408,0.96349967,0.88011926,0.39359522,0.26546738,-0.41667143,0.90839934,0.034576416
1356942364627,-0.1886374,-0.12346664,0.9742545,0.8949827,0.3867652,0.22230312,-0.40425476,0.9138756,0.037542105
1356942364667,-0.17095286,-0.11519092,0.97852254,0.90472895,0.37494183,0.20219857,-0.3901805,0.919864,0.04011911
1356942364708,-0.1729199,-0.11368808,0.97835255,0.9104475,0.36049154,0.20280838,-0.3757447,0.9258082,0.041170895
1356942364747,-0.19014284,-0.115453005,0.97494423,0.91236126,0.3459448,0.21890417,-0.36255002,0.93112445,0.039555907
1356942364788,-0.21021438,-0.11238152,0.97117466,0.9120385,0.33524823,0.23620811,-0.35213,0.9354031,0.032022357
1356942364846,-0.227418,-0.09797001,0.9688566,0.90950274,0.33415508,0.24727544,-0.34797397,0.9374125,0.013111055
1356942364865,-0.23777467,-0.06573519,0.96909344,0.9042127,0.349429,0.245558,-0.3547711,0.9346541,-0.023646772
1356942364905,-0.24257135,-0.013231993,0.97004336,0.8948067,0.38325804,0.2289854,-0.37480682,0.92354655,-0.081127346
1356942364941,-0.24812737,0.05191624,0.96733534,0.88098,0.42737463,0.20303977,-0.40287355,0.90258276,-0.15178055
1356942364982,-0.25781825,0.11852327,0.9588962,0.8650063,0.4704688,0.17442235,-0.43045765,0.8744205,-0.22381884
1356942365028,-0.27570146,0.16872093,0.9463202,0.85016584,0.5022018,0.15814948,-0.4485605,0.8481312,-0.28189856
1356942365065,-0.30039,0.19159722,0.9343748,0.8376243,0.52156717,0.16233653,-0.45623598,0.8314194,-0.31716007
1356942365105,-0.32689452,0.1850481,0.92676705,0.82837796,0.52812743,0.18673864,-0.45489544,0.8287573,-0.3259318
1356942365145,-0.34845227,0.15634573,0.9241954,0.8230764,0.5227921,0.22188655,-0.44847107,0.8380003,-0.3108526
1356942365185,-0.36018127,0.1143288,0.9258501,0.82276237,0.5067075,0.2575064,-0.43969482,0.85450363,-0.276572
1356942365240,-0.35893685,0.0672009,0.93093956,0.82844347,0.48237526,0.28459716,-0.42993703,0.87338316,-0.22881442
1356942365266,-0.3430775,0.022077441,0.93904763,0.8403206,0.45392326,0.296336,-0.4197132,0.8907673,-0.17428303
1356942365306,-0.3124745,-0.01602003,0.9497911,0.8570993,0.42633474,0.28917047,-0.40956149,0.9044236,-0.119488
1356942365346,-0.26781556,-0.044218093,0.9624549,0.8760787,0.40453687,0.26236594,-0.4009498,0.913452,-0.06960273
1356942365386,-0.21003595,-0.06094271,0.9757924,0.8939387,0.3922024,0.21691206,-0.3959273,0.917858,-0.027897537
1356942365426,-0.14018402,-0.06491366,0.98799527,0.9075527,0.39051256,0.15442786,-0.39584902,0.9183061,0.0041689277
1356942365466,-0.059060425,-0.054469407,0.9967673,0.91435176,0.39774135,0.07591215,-0.40059045,0.91587925,0.026313424
1356942365506,0.032096475,-0.028221637,0.99908626,0.9119564,0.4099044,-0.017718613,-0.4090298,0.9116918,0.0388934
1356942365546,0.13157201,0.013981551,0.9912081,0.898167,0.421461,-0.12516677,-0.4195055,0.90673876,0.04289472
1356942365588,0.23589784,0.068819344,0.96933794,0.87165356,0.42600113,-0.24236989,-0.4296188,0.9021014,0.040506124
1356942365626,0.33856383,0.12810248,0.9321825,0.83347684,0.4189395,-0.36028597,-0.43668157,0.89893234,0.03506732
1356942365668,0.43251532,0.18157381,0.8831543,0.7876357,0.40063387,-0.46810523,-0.43881714,0.8980665,0.030266285
1356942365707,0.51278305,0.22232148,0.82923263,0.73966634,0.3759293,-0.55818546,-0.43582946,0.89958346,0.028326452
1356942365748,0.5775379,0.24939005,0.77733815,0.69462967,0.35011956,-0.6284154,-0.42888185,0.90289587,0.02897358
1356942365788,0.62679666,0.26490426,0.7327699,0.65688103,0.326167,-0.6797958,-0.41908616,0.90743643,0.03042978
1356942365827,0.6613464,0.27211234,0.698982,0.6294204,0.3055389,-0.7144759,-0.4079839,0.91246957,0.030793965
1356942365869,0.68197656,0.27262783,0.678662,0.61523753,0.28789446,-0.7338935,-0.3954628,0.91803646,0.028606385
1356942365907,0.68820655,0.26809067,0.6741654,0.6165877,0.2735813,-0.7382228,-0.38234967,0.92373186,0.022979021
1356942365950,0.6822872,0.2646889,0.68148667,0.63085973,0.25791627,-0.7317754,-0.36945933,0.9292035,0.00899142
1356942365997,0.66327703,0.27548987,0.6958224,0.65478647,0.2365886,-0.7178304,-0.36237866,0.9317355,-0.02346325
1356942366037,0.6326948,0.30530238,0.7116795,0.6829746,0.21319932,-0.6986356,-0.36502463,0.9280821,-0.07362366
1356942366076,0.6022044,0.36054108,0.7122921,0.7025641,0.1843949,-0.68731517,-0.37914836,0.9143351,-0.1422598
1356942366117,0.5728363,0.42862874,0.6986673,0.71576256,0.15378681,-0.6812001,-0.39942777,0.89029604,-0.21870172
1356942366157,0.545589,0.4906096,0.67943716,0.72646624,0.12733728,-0.6753015,-0.4178271,0.8620252,-0.28693748
1356942366197,0.52152634,0.53300077,0.6662736,0.7372245,0.111628145,-0.6663627,-0.42954668,0.83871895,-0.3347242
1356942366235,0.50084,0.55163515,0.6669767,0.74830675,0.11128461,-0.6539516,-0.43496692,0.82662827,-0.35705653
1356942366261,0.48399243,0.55553615,0.6761146,0.75769806,0.120480865,-0.6413877,-0.43777293,0.8227174,-0.3626168
1356942366305,0.46778864,0.5365425,0.70235026,0.76710504,0.14823765,-0.62415975,-0.439003,0.83075124,-0.34224057
1356942366344,0.45333427,0.50080055,0.7373512,0.7753672,0.18646741,-0.6033536,-0.43965173,0.8452388,-0.30377227
1356942366384,0.44122714,0.45269078,0.77484816,0.78242344,0.22877926,-0.57920086,-0.4394681,0.86181855,-0.25325227
1356942366425,0.43418565,0.398157,0.8080555,0.78744864,0.26789954,-0.55511653,-0.4375012,0.8773259,-0.19721007
1356942366464,0.43547183,0.34404325,0.8318644,0.78920054,0.29862446,-0.53664315,-0.43304354,0.89020085,-0.14147663
1356942366504,0.44826153,0.29724795,0.8430334,0.78560835,0.31894234,-0.53018427,-0.42647523,0.8999553,-0.09055087
1356942366544,0.47506207,0.26370895,0.83950794,0.77356696,0.3295715,-0.54127336,-0.41941652,0.9065541,-0.04742962
1356942366586,0.5165617,0.24729887,0.81976056,0.74951756,0.33229297,-0.5725425,-0.41398978,0.91017836,-0.013705015
1356942366626,0.5714916,0.24976869,0.78167313,0.70982033,0.32751432,-0.62361,-0.41176742,0.91123545,0.009880811
1356942366666,0.6351441,0.26969308,0.72378,0.6525901,0.3138946,-0.6896349,-0.4131804,0.91034925,0.023369282
1356942366706,0.69987285,0.3015176,0.6475069,0.5796865,0.289857,-0.7615422,-0.4173028,0.90833366,0.028077334
1356942366746,0.756889,0.3360233,0.56054205,0.4990076,0.2567259,-0.8276975,-0.4220313,0.9061899,0.026634827
1356942366786,0.8009695,0.3640939,0.4752721,0.42190343,0.21997985,-0.87954897,-0.42478868,0.90501076,0.022584677
1356942366826,0.83202714,0.38067073,0.40351036,0.3580733,0.18702015,-0.91477156,-0.4236913,0.905601,0.019297823
1356942366866,0.8527651,0.38545892,0.35243893,0.31291232,0.16323122,-0.9356502,-0.41818374,0.90817225,0.018583044
1356942366906,0.86567944,0.38082382,0.324919,0.28870043,0.15045452,-0.9455239,-0.40896356,0.91232485,0.020301387
1356942366947,0.8716302,0.36955583,0.32200822,0.2868017,0.14823306,-0.94645214,-0.39749917,0.9173088,0.02321516
1356942366988,0.8695344,0.35370147,0.34468138,0.3087384,0.15543306,-0.93836087,-0.3854745,0.92235345,0.025953159
1356942367027,0.85621864,0.333991,0.3941316,0.35624868,0.17078972,-0.9186499,-0.37413442,0.92697406,0.027249485
1356942367067,0.82617223,0.31050712,0.47013265,0.42978877,0.19222191,-0.8822315,-0.36430895,0.9309329,0.025355935
1356942367109,0.77401567,0.28643596,0.56467175,0.52256024,0.21460387,-0.82515204,-0.357534,0.93375564,0.016426712
1356942367148,0.69914645,0.2706576,0.6617694,0.61949164,0.23279375,-0.7496914,-0.35696545,0.93410474,-0.004913211
1356942367186,0.61608565,0.2791919,0.7365394,0.69703984,0.24224696,-0.67487174,-0.36684316,0.92917615,-0.04536304
1356942367244,0.5366868,0.31725842,0.78186595,0.74944013,0.2465266,-0.6144624,-0.38769412,0.9157356,-0.10545862
1356942367269,0.46542034,0.37626252,0.80113065,0.78200996,0.24911895,-0.5713143,-0.41454098,0.8923935,-0.17829603
1356942367307,0.39192426,0.4291731,0.8137603,0.8097503,0.2589332,-0.526553,-0.43669188,0.86531156,-0.24604082
1356942367346,0.31458676,0.4595453,0.83057404,0.8367979,0.2788093,-0.4712054,-0.448112,0.8432576,-0.29683685
1356942367384,0.22679889,0.45735878,0.8598752,0.86381394,0.31335264,-0.3945069,-0.44987535,0.8322458,-0.32400483
1356942367426,0.13264763,0.4215682,0.8970422,0.8854299,0.35633683,-0.29839227,-0.4454419,0.8338491,-0.32600188
1356942367466,0.037888363,0.3582114,0.9328714,0.8978927,0.39752394,-0.18911207,-0.4385808,0.84478354,-0.30657387
1356942367506,-0.04792303,0.27814192,0.9593438,0.90106314,0.42649794,-0.07864264,-0.43103197,0.86066055,-0.27106255
1356942367546,-0.11676957,0.19366297,0.9740942,0.89857197,0.43834382,0.020567715,-0.42300493,0.8776955,-0.22520536
1356942367586,-0.16446471,0.11544052,0.9796045,0.89528286,0.43433046,0.09912479,-0.41402903,0.89332557,-0.17478395
1356942367626,-0.19073239,0.05019793,0.98035777,0.89466524,0.41987994,0.15256119,-0.4039743,0.9061904,-0.12499505
1356942367666,-0.19745103,6.69688E-4,0.9803126,0.8976668,0.40199903,0.18053019,-0.3939638,0.9156399,-0.07997626
1356942367706,-0.1870924,-0.0332112,0.98178077,0.90320396,0.38719198,0.18521622,-0.38628888,0.9214008,-0.04244417
1356942367746,-0.16152051,-0.052253217,0.9854851,0.90941095,0.3799266,0.16919678,-0.3832531,0.9235396,-0.013846338
1356942367786,-0.12180123,-0.056708008,0.9909333,0.9144182,0.38185927,0.13424891,-0.38601008,0.9224791,0.0053438544
1356942367826,-0.06832576,-0.046285063,0.99658877,0.91652405,0.39168638,0.081027865,-0.3941006,0.91893387,0.015659153
1356942367866,-0.0021989942,-0.021805078,0.99975985,0.91421866,0.40507603,0.010845661,-0.4052152,0.914023,0.019043863
1356942367906,0.07268751,0.01267314,0.9972742,0.9066997,0.41569483,-0.071368426,-0.41546613,0.90941584,0.018725157
1356942367946,0.14825682,0.048856914,0.98774135,0.8949022,0.4184717,-0.15502098,-0.4209157,0.90691483,0.01831907
1356942367986,0.2139787,0.07690588,0.97380626,0.8822181,0.41280663,-0.22645485,-0.4194094,0.9075661,0.02048403
1356942368026,0.2612311,0.09067476,0.9610081,0.8733658,0.4017866,-0.27531737,-0.41108444,0.911233,0.025766969
1356942368066,0.28601164,0.090013474,0.95398897,0.87177193,0.38881898,-0.2980494,-0.39775747,0.9169064,0.032735527
1356942368106,0.2880262,0.07834026,0.95441276,0.87823284,0.3757186,-0.2958761,-0.3817696,0.9234167,0.039415836
1356942368146,0.26895452,0.059976637,0.9612837,0.8911463,0.36315328,-0.27198893,-0.3654063,0.929797,0.044223726
1356942368188,0.2323883,0.03954181,0.97181904,0.90732074,0.3511291,-0.23125196,-0.35037813,0.9354918,0.045721173
1356942368246,0.18353307,0.023211062,0.98273945,0.922858,0.3402847,-0.1803869,-0.33859822,0.94003594,0.04103303
1356942368267,0.12845287,0.018910676,0.9915353,0.9340595,0.33363113,-0.12737003,-0.3332157,0.94251406,0.025192142
1356942368308,0.07508761,0.038471222,0.9964345,0.9375639,0.33759546,-0.08368552,-0.33961123,0.9405048,-0.010719955
1356942368348,0.019729853,0.079511285,0.99663866,0.9333037,0.3560148,-0.046878695,-0.35854545,0.9310915,-0.06718403
1356942368388,-0.034604967,0.14188853,0.9892776,0.92050385,0.39001173,-0.023738742,-0.38919818,0.90981233,-0.14410532
1356942368427,-0.09513195,0.20187503,0.9747802,0.9024834,0.4307232,-0.0011256337,-0.4200876,0.87961584,-0.22316438
1356942368468,-0.15701407,0.24547017,0.9566039,0.8825698,0.46954936,0.024373233,-0.44318983,0.8480966,-0.29037035
1356942368506,-0.21926461,0.25916132,0.940616,0.86311173,0.5010494,0.06314716,-0.45492983,0.82570267,-0.3335476
1356942368546,-0.2753074,0.24349695,0.9300082,0.84561867,0.52152,0.11378026,-0.45731273,0.8177568,-0.34948385
1356942368586,-0.32140857,0.20520431,0.92443913,0.83085114,0.5294605,0.17134187,-0.4542939,0.82314205,-0.34066737
1356942368626,-0.35422316,0.15394306,0.9224031,0.8205719,0.5242615,0.22762191,-0.44853958,0.83752704,-0.31202686
1356942368666,-0.37184587,0.0987083,0.92303157,0.8167356,0.5073931,0.27476397,-0.44121835,0.8560426,-0.26929057
1356942368706,-0.37387878,0.046515077,0.9263105,0.82047975,0.48228377,0.30694517,-0.43246692,0.8747792,-0.21848035
1356942368746,-0.36113536,0.0025472045,0.9325099,0.83150744,0.4535359,0.3207811,-0.4221096,0.8912344,-0.16590583
1356942368786,-0.33531272,-0.030665874,0.9416076,0.8478734,0.42588598,0.31580347,-0.41070184,0.904257,-0.11680418
1356942368826,-0.29828483,-0.052841783,0.9530131,0.8666367,0.40339804,0.29361698,-0.3999589,0.91349757,-0.074532926
1356942368866,-0.25204954,-0.06481534,0.9655412,0.8847569,0.38875005,0.25705746,-0.3920154,0.9190606,-0.040638387
1356942368906,-0.19879946,-0.06720811,0.9777331,0.89979094,0.3828613,0.20926914,-0.38840073,0.92135787,-0.015639424
1356942368946,-0.14079401,-0.06003031,0.98821735,0.9102185,0.38480636,0.15305677,-0.38946044,0.92104316,4.6223402E-4
1356942368986,-0.080275446,-0.04365146,0.99581647,0.9155153,0.39186034,0.09097928,-0.39419243,0.91898865,0.008506775
1356942369026,-0.019152224,-0.02010271,0.9996145,0.9162812,0.3997169,0.025594056,-0.40007734,0.9164182,0.010764241
1356942369066,0.04079479,0.00660038,0.9991458,0.9140119,0.40371203,-0.039985746,-0.40363115,0.9148623,0.010436475
1356942369106,0.09808934,0.031699717,0.99467254,0.91044474,0.4007157,-0.102553815,-0.40183184,0.9156538,0.010445118
1356942369146,0.15167452,0.051558852,0.98708487,0.9067595,0.39022863,-0.15971482,-0.39342353,0.91927326,0.012436271
1356942369186,0.20109862,0.064965814,0.97741437,0.9033077,0.37369132,-0.21068972,-0.3789389,0.92527527,0.01646465
1356942369240,0.24664119,0.073107064,0.9663454,0.89966375,0.35339227,-0.2563572,-0.3602405,0.9326142,0.021389365
1356942369266,0.28897557,0.07837266,0.954123,0.8948648,0.3320152,-0.29830003,-0.3401619,0.9400126,0.025811374
1356942369306,0.32861185,0.083132386,0.9407993,0.8879993,0.3120669,-0.3377447,-0.32166988,0.946416,0.028727382
1356942369348,0.36525303,0.08997512,0.9265499,0.8787693,0.29509997,-0.37507403,-0.30717218,0.9512205,0.02871877
1356942369387,0.39779902,0.10205445,0.9117789,0.8675003,0.28166837,-0.41000754,-0.2986624,0.9540691,0.023515135
1356942369428,0.41964203,0.12653062,0.8988273,0.85656047,0.27245212,-0.4382625,-0.300341,0.9538133,0.0059512258
1356942369467,0.42522907,0.16770774,0.88941234,0.8487219,0.26747578,-0.4562102,-0.31440622,0.9488576,-0.028598726
1356942369508,0.40567377,0.2295816,0.88471526,0.8471451,0.2689869,-0.45824796,-0.34318215,0.93538135,-0.08536801
1356942369547,0.35851452,0.3041587,0.8825842,0.85207903,0.27959654,-0.44247836,-0.38135114,0.9106664,-0.1589278
1356942369588,0.29260302,0.37371293,0.88018304,0.8602216,0.29912263,-0.41297024,-0.417615,0.87798876,-0.23395175
1356942369626,0.22533384,0.42180353,0.8782405,0.8682067,0.322094,-0.37745547,-0.44208807,0.84754777,-0.29363394
1356942369666,0.1715377,0.4421963,0.880362,0.8749946,0.34226108,-0.3424059,-0.45272428,0.82904744,-0.32820874
1356942369706,0.13791987,0.43740013,0.88862777,0.88055825,0.3565894,-0.31218785,-0.45342624,0.8255454,-0.33597553
1356942369746,0.12387938,0.4128366,0.9023413,0.88503045,0.36526734,-0.28861892,-0.4487483,0.83435345,-0.3201239
1356942369786,0.12539163,0.3742122,0.9188265,0.8886371,0.36943856,-0.27173364,-0.44113594,0.8505765,-0.28621435
1356942369826,0.13744652,0.32669246,0.93508315,0.89172983,0.37015176,-0.260395,-0.43119177,0.86963195,-0.24044538
1356942369866,0.15529115,0.27488124,0.94885457,0.8947017,0.36806446,-0.25305593,-0.4188,0.88823915,-0.18877959
1356942369906,0.17466816,0.22307181,0.95902556,0.897799,0.36384043,-0.24814716,-0.40428692,0.90435565,-0.13672233
1356942369946,0.19219647,0.1751414,0.9656013,0.90085524,0.35879576,-0.2443878,-0.3892561,0.9168375,-0.088817835
1356942370011,0.20596723,0.13428986,0.9693006,0.9032123,0.35506445,-0.24111578,-0.37654352,0.9251462,-0.048160553
1356942370017,0.2164584,0.10231504,0.97091573,0.90439856,0.3535486,-0.23888579,-0.36770755,0.9298037,-0.01600504
1356942370051,0.22176376,0.080405205,0.97177976,0.9038013,0.35712972,-0.23579979,-0.36601096,0.93058765,0.006528139
1356942370085,0.2312862,0.06919485,0.970422,0.900452,0.36244747,-0.24045381,-0.3683652,0.92943203,0.021522462
1356942370124,0.24275376,0.06980887,0.9675729,0.8940575,0.37097508,-0.25107476,-0.37647274,0.92601514,0.027642429
1356942370164,0.2684778,0.08395052,0.9596207,0.882012,0.379072,-0.27992722,-0.3872654,0.9215512,0.027727067
1356942370205,0.3143931,0.1101166,0.94288456,0.8622411,0.38237435,-0.33215976,-0.39711118,0.91742253,0.025268793
1356942370244,0.38582596,0.14668006,0.9108366,0.82993925,0.37599,-0.41210723,-0.40291342,0.9149407,0.023331165
1356942370283,0.4897417,0.19391581,0.85002923,0.77290297,0.35459295,-0.5261984,-0.40345255,0.91469145,0.023780853
1356942370324,0.6226853,0.2486828,0.7419028,0.6735481,0.31221306,-0.66996706,-0.39824104,0.91688585,0.026910663
1356942370364,0.7739928,0.30735207,0.5535973,0.5003423,0.2389538,-0.83220106,-0.3880629,0.9211057,0.031167254
1356942370404,0.8979759,0.35295472,0.26279682,0.23131725,0.12942079,-0.9642316,-0.37434143,0.92664623,0.034572244
1356942370444,0.9290973,0.36049226,-0.08260487,-0.089912266,0.0035158359,-0.99594355,-0.3587395,0.9327556,0.03567922
1356942370486,0.8649848,0.32925802,-0.37866926,-0.3663777,-0.101245105,-0.9249415,-0.3428828,0.93879634,0.033057332
1356942370534,0.76378757,0.28163803,-0.5807827,-0.5551527,-0.172403,-0.81368464,-0.3292932,0.9439053,0.024672836
1356942370564,0.6797366,0.23496054,-0.69480336,-0.65914804,-0.21978521,-0.7191789,-0.32168615,0.9468305,0.005477693
1356942370616,0.6952622,0.2123526,-0.6866709,-0.63852656,-0.25613672,-0.72572565,-0.32999137,0.94302726,-0.04248938
1356942370665,0.793176,0.23150013,-0.56327575,-0.4963163,-0.29025948,-0.8181807,-0.35290504,0.92852426,-0.11532956
1356942370708,0.8709457,0.27795902,-0.40520662,-0.31300923,-0.32184666,-0.8935547,-0.37878597,0.905071,-0.19330722
1356942370745,0.90208304,0.32630575,-0.2824373,-0.16178854,-0.35102263,-0.92228395,-0.4000884,0.8776718,-0.26385903
1356942370784,0.9108532,0.37657702,-0.16892657,-0.025892705,-0.35634696,-0.9339949,-0.41191748,0.85510623,-0.31482917
1356942370825,0.90086913,0.43336576,-0.025078103,0.12652944,-0.31741098,-0.9398088,-0.415241,0.8434716,-0.34077927
1356942370866,0.8417603,0.49795383,0.20852244,0.34607935,-0.2012935,-0.916357,-0.4143293,0.8435182,-0.3417724
1356942370906,0.5763026,0.5175508,0.6324686,0.7054049,0.075746715,-0.7047456,-0.41264907,0.8522931,-0.32142982
1356942370946,-0.10359831,0.2662673,0.95831573,0.90559936,0.42367095,-0.019817203,-0.4112872,0.86579704,-0.2850231
1356942370986,-0.5279683,-0.01564306,0.84911996,0.74405164,0.47350305,0.47136182,-0.40943438,0.8806532,-0.23835534
1356942371026,-0.6635553,-0.1474837,0.73344594,0.6285832,0.42171246,0.65348434,-0.40568155,0.89465475,-0.18712378
1356942371066,-0.70816386,-0.21091305,0.6738099,0.582099,0.36569113,0.7262442,-0.39958072,0.90652394,-0.13619703
1356942371106,-0.7213057,-0.24603662,0.6474442,0.57070863,0.3185228,0.7568585,-0.39244062,0.91542846,-0.08933711
1356942371146,-0.7215538,-0.26897115,0.637977,0.5742806,0.28219217,0.7684852,-0.38673246,0.92088115,-0.049151957
1356942371186,-0.7158372,-0.28648973,0.6367895,0.58272564,0.2573523,0.7708441,-0.38471812,0.9228724,-0.01727748
1356942371240,-0.7066734,-0.30073723,0.640445,0.59211254,0.2441377,0.76798403,-0.38731813,0.9219295,0.005544722
1356942371266,-0.69354343,-0.3110292,0.6498141,0.6032302,0.2423892,0.75984263,-0.39384115,0.9189714,0.0195148
