1356942046186,-0.39268124,-0.10192111,-0.91400963,-0.86291134,-0.302917,0.4045064,-0.31809682,0.9475513,0.031000972
1356942046236,0.016365767,0.038178265,-0.9991369,-0.94791836,-0.31731093,-0.027651638,-0.3180928,0.9475528,0.0309968
1356942046281,0.016385972,0.03820011,-0.9991358,-0.94792604,-0.31728584,-0.02767697,-0.31806892,0.9475603,0.03101182
1356942046314,0.016427755,0.038370997,-0.9991286,-0.9479598,-0.31717706,-0.02776751,-0.317966,0.9475899,0.031163573
1356942046343,0.017255485,0.03892696,-0.9990931,-0.9480127,-0.31693387,-0.02872175,-0.31776446,0.9476485,0.031434357
1356942046392,0.019705772,0.03997746,-0.9990063,-0.9480727,-0.31650335,-0.031366706,-0.31744274,0.94774866,0.03166455
1356942046442,0.025204837,0.041861355,-0.99880546,-0.9480776,-0.3158604,-0.03716293,-0.3170387,0.9478818,0.03172657
1356942046491,0.025249958,0.041839898,-0.99880517,-0.9482478,-0.31534666,-0.037181705,-0.3165256,0.9480537,0.031712145
1356942046502,0.04678583,0.049020797,-0.99770135,-0.94766223,-0.31361508,-0.059848398,-0.31582803,0.9482839,0.03178242
1356942046542,0.06669521,0.055731475,-0.9962157,-0.94678277,-0.31156272,-0.08081558,-0.3148876,0.9485899,0.03198582
1356942046589,0.086042106,0.06234625,-0.9943388,-0.9456451,-0.30905122,-0.10120645,-0.31361145,0.94899964,0.032366037
1356942046638,0.10469514,0.06901389,-0.9921068,-0.94439834,-0.30575752,-0.1209299,-0.31168997,0.9496048,0.033165276
1356942046683,0.12339687,0.075838566,-0.9894552,-0.9428084,-0.30216664,-0.14073959,-0.30965388,0.9502336,0.034214824
1356942046719,0.13830346,0.08161676,-0.9870212,-0.94143474,-0.29862082,-0.15660876,-0.30752695,0.9508756,0.035536468
1356942046760,0.14911872,0.08617625,-0.985057,-0.94047296,-0.29532588,-0.16820571,-0.30540815,0.9515021,0.03700784
1356942046809,0.15613306,0.0895828,-0.9836653,-0.9400096,-0.29234678,-0.17582795,-0.3033225,0.9521073,0.03856367
1356942046841,0.16028666,0.09190479,-0.9827826,-0.94005907,-0.28939843,-0.18038172,-0.30099368,0.9527865,0.04000923
1356942046888,0.16311961,0.09249896,-0.9822606,-0.940285,-0.28690428,-0.18316656,-0.29875752,0.95348305,0.040175676
1356942046936,0.16696459,0.091129094,-0.9817425,-0.9402647,-0.28490978,-0.18635684,-0.29669055,0.9542127,0.03811559
1356942046978,0.17132246,0.0882743,-0.9812524,-0.9400404,-0.2834865,-0.18962973,-0.2949112,0.95490474,0.034413815
1356942047021,0.17664391,0.08415291,-0.9806708,-0.93952405,-0.28259367,-0.19348216,-0.29341343,0.95554125,0.02914524
1356942047062,0.18361497,0.078324735,-0.9798728,-0.9385269,-0.28246528,-0.19844577,-0.2923232,0.9560746,0.02164498
1356942047102,0.1896584,0.07146305,-0.979246,-0.9374898,-0.28321737,-0.20223969,-0.29179212,0.9563896,0.013281286
1356942047144,0.19719821,0.06330523,-0.9783176,-0.9358643,-0.2850833,-0.2070882,-0.29201174,0.95640993,0.003027141
1356942047185,0.20572072,0.053673,-0.97713774,-0.9337239,-0.28816998,-0.2124095,-0.2929824,0.9560739,-0.009166777
1356942047230,0.215312,0.04243377,-0.9756229,-0.93097293,-0.29271585,-0.21818948,-0.2948389,0.9552574,-0.02352053
1356942047266,0.22591096,0.029034793,-0.9737152,-0.92742443,-0.29943818,-0.22409987,-0.29807416,0.95367384,-0.040718794
1356942047311,0.23299664,0.014200538,-0.97237384,-0.92429423,-0.3076012,-0.22596821,-0.30231225,0.95140934,-0.058544576
1356942047350,0.23816645,-0.0020707846,-0.97122216,-0.921133,-0.31748414,-0.22520652,-0.30788124,0.9482614,-0.07752156
1356942047390,0.24004826,-0.02041772,-0.97054625,-0.918393,-0.32871172,-0.22023389,-0.31453326,0.9442096,-0.09765819
1356942047431,0.23853624,-0.040848643,-0.9702741,-0.9163555,-0.34028047,-0.21095482,-0.3215481,0.9394363,-0.11860111
1356942047470,0.23488927,-0.062794,-0.96999174,-0.9149451,-0.35120445,-0.19882366,-0.3281805,0.93419075,-0.13994724
1356942047512,0.23128936,-0.085615546,-0.9691105,-0.9137111,-0.3612171,-0.18615612,-0.33412147,0.928543,-0.1617735
1356942047552,0.22975492,-0.10908952,-0.9671154,-0.9120952,-0.37082082,-0.1748558,-0.33955154,0.9222752,-0.18469796
1356942047588,0.22873673,-0.13201547,-0.9644954,-0.9104868,-0.3796437,-0.16396445,-0.3445188,0.9156651,-0.20703682
1356942047632,0.23206672,-0.153793,-0.96046484,-0.9076921,-0.3891599,-0.15700218,-0.34962854,0.9082413,-0.22990778
1356942047669,0.23926714,-0.17392027,-0.95525014,-0.903751,-0.3995417,-0.15362415,-0.35494396,0.90006554,-0.2527778
1356942047710,0.2528387,-0.1921559,-0.94823456,-0.897688,-0.4121532,-0.15583971,-0.3608724,0.89062107,-0.27670434
1356942047750,0.272967,-0.20783156,-0.93930566,-0.8890633,-0.42748365,-0.16378096,-0.3674989,0.879809,-0.30146435
1356942047791,0.29880342,-0.2201789,-0.9285675,-0.87768596,-0.44542655,-0.17681214,-0.37467834,0.86782277,-0.32634288
1356942047825,0.3276148,-0.22838303,-0.9167932,-0.86444104,-0.464088,-0.1932976,-0.38132682,0.8558408,-0.3494658
1356942047882,0.35515174,-0.23189828,-0.90558845,-0.85156894,-0.47986832,-0.21108446,-0.38561314,0.846138,-0.36790344
1356942047912,0.3744477,-0.23022848,-0.8982114,-0.8435152,-0.48684418,-0.22685856,-0.38505965,0.8426017,-0.37649897
1356942047955,0.3840272,-0.22256863,-0.89609504,-0.8408489,-0.4852368,-0.23982984,-0.38143966,0.8455817,-0.37349072
1356942047998,0.37676668,-0.21103582,-0.90194833,-0.84658813,-0.47363043,-0.24282235,-0.37594596,0.8550661,-0.3571086
1356942048049,0.33843333,-0.19347155,-0.92088634,-0.8655553,-0.44793046,-0.22399172,-0.36915702,0.8728843,-0.3190549
1356942048096,0.28380194,-0.17206946,-0.9433178,-0.8873576,-0.41995028,-0.19036335,-0.36339092,0.8910857,-0.2718698
1356942048148,0.20156023,-0.14556271,-0.9685995,-0.911151,-0.39073375,-0.13088542,-0.3594125,0.90892166,-0.21138597
1356942048190,0.12360668,-0.11857477,-0.9852215,-0.9261817,-0.37020916,-0.07164359,-0.35624287,0.9213497,-0.15558216
1356942048224,0.05062759,-0.0927971,-0.99439704,-0.9339536,-0.35711092,-0.0142246485,-0.35379007,0.92944086,-0.1047478
1356942048254,-0.004133463,-0.06914443,-0.99759805,-0.93625075,-0.3502028,0.028152138,-0.3513082,0.9341183,-0.06328893
1356942048300,-0.04493177,-0.048880965,-0.99779344,-0.9361167,-0.34668154,0.05913803,-0.34880733,0.93670833,-0.03018123
1356942048345,-0.06373769,-0.029565781,-0.99752855,-0.9357766,-0.34556824,0.070034355,-0.3467848,0.9379277,-0.005641252
1356942048381,-0.062591195,-0.010740101,-0.99798155,-0.93624455,-0.34575635,0.062440097,-0.34572902,0.9382629,0.011585891
1356942048422,-0.049416184,0.0066542327,-0.9987562,-0.93708956,-0.34629786,0.044057786,-0.34557387,0.9381011,0.023348212
1356942048463,-0.028174758,0.023286939,-0.9993317,-0.93793035,-0.34633654,0.018373132,-0.3456773,0.9378212,0.03159949
1356942048506,-0.0028118491,0.039089203,-0.9992318,-0.9383625,-0.34548175,-0.01087445,-0.3456414,0.93761104,0.03765124
1356942048545,0.02511555,0.054064125,-0.9982216,-0.93801,-0.3440258,-0.0422332,-0.34569722,0.9374025,0.042072266
1356942048596,0.05289948,0.06664899,-0.9963732,-0.93674445,-0.34239423,-0.07263693,-0.3459936,0.93718946,0.044320583
1356942048635,0.08268255,0.07681236,-0.99361134,-0.9348457,-0.33947033,-0.104035586,-0.34529278,0.9374752,0.04373941
1356942048682,0.11017883,0.08300182,-0.9904399,-0.93321455,-0.33426416,-0.13182524,-0.34201038,0.9388174,0.040629745
1356942048720,0.13244504,0.084949106,-0.9875434,-0.9328321,-0.32613736,-0.153162,-0.3350858,0.9414978,0.036047965
1356942048760,0.14661258,0.08303937,-0.9857024,-0.93428934,-0.31574005,-0.16556463,-0.32497406,0.9452051,0.031291336
1356942048799,0.15096855,0.077513754,-0.9854949,-0.93777186,-0.30413985,-0.1675798,-0.31271797,0.9494686,0.026774615
1356942048838,0.14217532,0.06810972,-0.9874954,-0.9430634,-0.2937405,-0.15603814,-0.3006951,0.95345557,0.022469163
1356942048878,0.12138468,0.055205345,-0.99106914,-0.94941986,-0.2848475,-0.13215029,-0.289599,0.9569818,0.017836988
1356942048918,0.08272904,0.03740421,-0.9958699,-0.9563521,-0.27804762,-0.0898895,-0.28026152,0.95983875,0.012768984
1356942048958,0.028603494,0.014574707,-0.99948454,-0.9616717,-0.27238888,-0.031493396,-0.27270746,0.9620769,0.0062247813
1356942048997,-0.0467481,-0.016025245,-0.9987782,-0.9625877,-0.26644254,0.04932922,-0.26690748,0.96371764,-0.0029700398
1356942049039,-0.1300214,-0.054706395,-0.99000084,-0.9558036,-0.25862998,0.13982171,-0.26369306,0.9644261,-0.018661141
1356942049077,-0.20778674,-0.10353932,-0.9726789,-0.9414004,-0.24892265,0.22760206,-0.26568756,0.96297306,-0.045749187
1356942049118,-0.2528813,-0.16129133,-0.95395815,-0.9270389,-0.24175876,0.28662097,-0.27685723,0.9568374,-0.08838707
1356942049156,-0.2451989,-0.22343585,-0.9433737,-0.92212176,-0.24664247,0.29809195,-0.29928043,0.9429973,-0.14555854
1356942049199,-0.18819106,-0.2818691,-0.94081557,-0.9249601,-0.2711987,0.26627085,-0.3302015,0.9203266,-0.2096805
1356942049238,-0.11090815,-0.32888693,-0.9378341,-0.9253811,-0.3099754,0.21814,-0.36244887,0.8920474,-0.26996696
1356942049275,-0.05524558,-0.36352736,-0.92994404,-0.92062587,-0.34199446,0.18838218,-0.3865178,0.8665378,-0.31577897
1356942049317,-0.047031105,-0.39063802,-0.9193422,-0.9165369,-0.34907347,0.19521248,-0.39717537,0.8517921,-0.34161687
1356942049358,-0.093859196,-0.41456598,-0.9051659,-0.9131326,-0.32643384,0.24419197,-0.39671052,0.8494562,-0.34791487
1356942049401,-0.2229712,-0.43466038,-0.8725561,-0.8950829,-0.26327646,0.35987782,-0.38614818,0.8612524,-0.33035398
1356942049438,-0.38916278,-0.44084334,-0.8088321,-0.84262884,-0.18441027,0.50593424,-0.3721947,0.8784361,-0.29970163
1356942049480,-0.57274055,-0.4242971,-0.70138454,-0.7389431,-0.10316974,0.6658221,-0.35486805,0.89962655,-0.25444192
1356942049519,-0.7121501,-0.39087003,-0.5831491,-0.6159155,-0.050742567,0.7861764,-0.33688325,0.9190461,-0.2046066
1356942049558,-0.80422586,-0.35289115,-0.47821411,-0.50127876,-0.029499292,0.8647829,-0.3192812,0.93519926,-0.15317279
1356942049598,-0.8569509,-0.31981885,-0.40416723,-0.41624087,-0.032990277,0.9086557,-0.3039388,0.94690424,-0.10485059
1356942049638,-0.8836495,-0.29495066,-0.36354855,-0.36545962,-0.050720036,0.9294443,-0.29257944,0.95416534,-0.06297386
1356942049677,-0.89289755,-0.27795446,-0.354225,-0.34728873,-0.07556617,0.9347087,-0.28657386,0.9576174,-0.029057682
1356942049718,-0.88837755,-0.2668068,-0.3736301,-0.3588806,-0.10399735,0.9275717,-0.28633898,0.95812243,-0.003362894
1356942049757,-0.8708789,-0.25909302,-0.41766104,-0.39570752,-0.13441569,0.9084866,-0.2915227,0.95645344,0.014534712
1356942049798,-0.8395745,-0.25186187,-0.48133153,-0.45255452,-0.16587204,0.8761739,-0.30051434,0.95344216,0.025280833
1356942049838,-0.79363537,-0.24304757,-0.5577372,-0.52249193,-0.19736183,0.8294881,-0.3116811,0.94972426,0.02964294
1356942049877,-0.7363493,-0.23047037,-0.6361392,-0.595046,-0.2269147,0.7709929,-0.32204038,0.9462521,0.029947996
1356942049916,-0.6764308,-0.21503152,-0.7044166,-0.6589293,-0.25057566,0.70924187,-0.329019,0.9439138,0.02780652
1356942049973,-0.62346524,-0.19746986,-0.7565029,-0.70899236,-0.26507467,0.6535022,-0.32957667,0.9437908,0.02526021
1356942050074,-0.58374584,-0.18008673,-0.7917131,-0.74449396,-0.2703753,0.61043096,-0.3239902,0.94576216,0.023756921
1356942050083,-0.5612427,-0.16535872,-0.81096435,-0.76601684,-0.26725543,0.58463037,-0.31340837,0.9493319,0.023327589
1356942050088,-0.5528381,-0.15508422,-0.81873,-0.77678156,-0.25973868,0.57371265,-0.30162963,0.9531446,0.02312684
1356942050121,-0.5569805,-0.14860836,-0.81712186,-0.7788912,-0.24802893,0.5760296,-0.2882727,0.9572863,0.022397578
1356942050163,-0.5764103,-0.14783952,-0.8036758,-0.7694013,-0.23311299,0.5947101,-0.2752689,0.9611461,0.020620763
1356942050198,-0.60847414,-0.1524103,-0.77880067,-0.74841297,-0.21613151,0.62702894,-0.263889,0.9643953,0.017444551
1356942050228,-0.64963585,-0.16085744,-0.7430332,-0.71635646,-0.19775462,0.66912377,-0.25457174,0.9669633,0.013237178
1356942050255,-0.6856133,-0.17026952,-0.707773,-0.6846087,-0.17971551,0.7064086,-0.24747768,0.96887076,0.0066474676
1356942050306,-0.70415086,-0.1854847,-0.6853955,-0.6662705,-0.16110075,0.7281004,-0.24546923,0.9693513,-0.010143697
1356942050333,-0.70311224,-0.21187216,-0.67878073,-0.66509527,-0.1417498,0.7331816,-0.25155783,0.9669628,-0.041249096
1356942050382,-0.6598812,-0.25376496,-0.70722,-0.7011137,-0.13049328,0.7010072,-0.27017856,0.9584231,-0.09180802
1356942050410,-0.58550596,-0.30112305,-0.75266707,-0.755262,-0.13472885,0.64142615,-0.2945542,0.9440196,-0.14854223
1356942050432,-0.46029603,-0.35375467,-0.814239,-0.824952,-0.1684233,0.5395255,-0.32799652,0.92004955,-0.214306
1356942050480,-0.31739086,-0.39249992,-0.8632537,-0.8777993,-0.22282219,0.42405048,-0.35879186,0.8923532,-0.27381438
1356942050519,-0.20159757,-0.4101311,-0.88946664,-0.9039291,-0.27180433,0.33020386,-0.37718773,0.87058306,-0.3159343
1356942050555,-0.13346827,-0.4111588,-0.90173984,-0.9150032,-0.2984233,0.271501,-0.38073018,0.8613315,-0.33638155
1356942050599,-0.11391741,-0.40080684,-0.90905267,-0.92090946,-0.3007115,0.24798876,-0.3727582,0.8654054,-0.3348505
1356942050645,-0.13975441,-0.3811275,-0.9138986,-0.92338645,-0.28309005,0.2592637,-0.3575281,0.88011473,-0.31236488
1356942050678,-0.19448811,-0.35311502,-0.91514164,-0.9202934,-0.25718123,0.2948185,-0.3394621,0.89953744,-0.27495074
1356942050717,-0.27064794,-0.31739742,-0.9088501,-0.9079142,-0.22972572,0.35059628,-0.32006463,0.9200461,-0.22599488
1356942050757,-0.34868085,-0.2762883,-0.89559287,-0.8877269,-0.20912313,0.41013235,-0.30060393,0.9380471,-0.17235136
1356942050798,-0.41917855,-0.2328935,-0.87752485,-0.8630737,-0.197748,0.46475738,-0.28176776,0.952185,-0.118112564
1356942050837,-0.46729672,-0.19125077,-0.8631668,-0.8432263,-0.19701624,0.5001541,-0.2657127,0.9615653,-0.06920266
1356942050878,-0.49144238,-0.15438187,-0.85711765,-0.8327034,-0.20500922,0.51436985,-0.25512636,0.9665079,-0.027804077
1356942050917,-0.4868225,-0.12287545,-0.86481535,-0.83640826,-0.21987492,0.502072,-0.25184348,0.96775866,0.004265964
1356942050958,-0.45775592,-0.09762442,-0.8837019,-0.8510203,-0.23958439,0.46729422,-0.25734046,0.9659549,0.026590765
1356942050997,-0.40859622,-0.077485055,-0.90942025,-0.8718548,-0.26165503,0.414012,-0.2700341,0.9620461,0.039355516
1356942051038,-0.34832162,-0.06195128,-0.9353256,-0.8925756,-0.28286344,0.35113668,-0.2863228,0.9571574,0.04323125
1356942051077,-0.28664118,-0.05056581,-0.9567027,-0.90940654,-0.29975826,0.288314,-0.3013583,0.95267427,0.039938092
1356942051118,-0.23318994,-0.04250163,-0.97150195,-0.92155826,-0.30924392,0.23473087,-0.31040752,0.9500326,0.0329448
1356942051158,-0.19477439,-0.037141234,-0.9801446,-0.93034923,-0.3095091,0.19660747,-0.31066588,0.9501709,0.025730073
1356942051197,-0.17508525,-0.034175903,-0.98396,-0.9370681,-0.3008436,0.17719048,-0.30207366,0.9530609,0.020648092
1356942051264,-0.17571825,-0.033908516,-0.9838563,-0.94175386,-0.28531438,0.17803198,-0.28674516,0.95783395,0.01820147
1356942051273,-0.19774938,-0.03724557,-0.97954476,-0.9427498,-0.2665338,0.20045581,-0.2685479,0.9631057,0.017593682
1356942051318,-0.24140811,-0.04428813,-0.96941257,-0.9377295,-0.24646926,0.24477834,-0.24977115,0.96813816,0.01796934
1356942051357,-0.30879754,-0.05614546,-0.9494692,-0.9221318,-0.22693568,0.31332603,-0.23306027,0.97229004,0.018303633
1356942051397,-0.38715148,-0.07077533,-0.9192958,-0.8957192,-0.20755619,0.39320186,-0.21863449,0.9756595,0.0169608
1356942051437,-0.47165918,-0.09126419,-0.8770453,-0.85691494,-0.1870991,0.48030272,-0.20792887,0.97809243,0.010041356
1356942051478,-0.542469,-0.12130728,-0.83127123,-0.81476057,-0.1651147,0.55578977,-0.20467645,0.9787858,-0.009266794
1356942051517,-0.5796741,-0.1663152,-0.79769486,-0.7862114,-0.14309031,0.60116285,-0.21412498,0.97563535,-0.047813118
1356942051558,-0.57490504,-0.22756836,-0.7859369,-0.78280485,-0.12656325,0.60926044,-0.23811907,0.96550214,-0.10537976
1356942051597,-0.5306637,-0.2992067,-0.7930141,-0.8024806,-0.123775065,0.5836991,-0.27280205,0.94612634,-0.17442459
1356942051636,-0.4746399,-0.36420864,-0.80129206,-0.8253762,-0.13204575,0.5489243,-0.30573022,0.92190886,-0.23793495
1356942051677,-0.4368688,-0.40986365,-0.8007231,-0.8378077,-0.13864273,0.5280686,-0.3274505,0.9015487,-0.28281826
1356942051718,-0.4405781,-0.43064535,-0.78767735,-0.8328911,-0.13127851,0.5376415,-0.33493787,0.8929225,-0.30084217
1356942051761,-0.48252857,-0.42918766,-0.7635209,-0.81033957,-0.11210996,0.57513577,-0.33243948,0.89623064,-0.29369146
1356942051796,-0.55425876,-0.40697256,-0.7260651,-0.7671063,-0.088774204,0.635348,-0.32302505,0.9091163,-0.26298732
1356942051848,-0.65534925,-0.35784084,-0.6651821,-0.69084233,-0.072075665,0.71940386,-0.30537552,0.9309968,-0.19997686
1356942051892,-0.7306825,-0.30847794,-0.60905206,-0.61941975,-0.07560015,0.78141135,-0.2870926,0.94822246,-0.13583755
1356942051931,-0.7807278,-0.2675592,-0.5646913,-0.5631616,-0.090299845,0.8213982,-0.2707641,0.9593008,-0.08017951
1356942051962,-0.81294507,-0.2360918,-0.5323354,-0.52231175,-0.108615994,0.8458091,-0.2575087,0.9656414,-0.03501469
1356942052003,-0.83253145,-0.21376978,-0.51107144,-0.4948737,-0.12764901,0.85953814,-0.24898103,0.9685083,4.8273802E-4
1356942052045,-0.84106344,-0.20042355,-0.5024367,-0.4813311,-0.14656472,0.86419845,-0.24684526,0.9686842,0.026800215
1356942052083,-0.8397933,-0.19550104,-0.5064844,-0.48097503,-0.16479546,0.8611071,-0.2518137,0.9667584,0.04436308
1356942052127,-0.828884,-0.19819726,-0.523134,-0.4933638,-0.18183398,0.8506049,-0.2637111,0.9631481,0.052935958
1356942052163,-0.81093985,-0.20430183,-0.5483042,-0.5147056,-0.19663268,0.8345142,-0.27830726,0.95895594,0.054301858
1356942052255,-0.78547156,-0.21367048,-0.5808436,-0.5445143,-0.20750701,0.8126776,-0.2941743,0.95461285,0.04664421
1356942052273,-0.75942636,-0.21848229,-0.61281073,-0.5753088,-0.21431345,0.78936017,-0.3037948,0.95201635,0.03706056
1356942052292,-0.73994356,-0.21790896,-0.63639545,-0.59957856,-0.21522725,0.7708325,-0.30494097,0.95194167,0.02860254
1356942052334,-0.7313112,-0.21210432,-0.64822507,-0.6140069,-0.2090559,0.7611118,-0.29695037,0.95462424,0.022651434
1356942052376,-0.7328277,-0.2038677,-0.64915437,-0.6184528,-0.19820416,0.76041514,-0.2836892,0.9587247,0.019167006
1356942052419,-0.7442935,-0.1943218,-0.6389571,-0.61231333,-0.18342876,0.76904243,-0.26664484,0.96363527,0.017539084
1356942052465,-0.7648034,-0.18520841,-0.6170686,-0.59451616,-0.16617006,0.78672624,-0.24824661,0.96854806,0.016977966
1356942052509,-0.7909661,-0.1785822,-0.58521885,-0.56620854,-0.1488828,0.8107045,-0.23190643,0.97259563,0.016646504
1356942052557,-0.8165357,-0.17411396,-0.55041224,-0.5347544,-0.13109356,0.8347767,-0.2175018,0.97596043,0.013934433
1356942052599,-0.83791727,-0.17546864,-0.51682246,-0.50481445,-0.11084348,0.8560818,-0.20750192,0.9782252,0.004298568
1356942052637,-0.84451187,-0.18703172,-0.5018156,-0.4945986,-0.086924374,0.8647638,-0.20535825,0.97850055,-0.01909703
1356942052678,-0.8246566,-0.2186972,-0.5216446,-0.5224257,-0.05902934,0.85063916,-0.21682474,0.97400576,-0.06557417
1356942052717,-0.7724416,-0.26923835,-0.57519084,-0.5880643,-0.03878331,0.80788374,-0.23982114,0.9622923,-0.1283716
1356942052757,-0.68264675,-0.33178148,-0.65108705,-0.6792784,-0.04035765,0.7327701,-0.26939592,0.9424926,-0.19782203
1356942052799,-0.5676978,-0.3860612,-0.727101,-0.7687088,-0.06750548,0.63602656,-0.29462844,0.9199999,-0.25844592
1356942052844,-0.45341462,-0.41637665,-0.7880645,-0.83650976,-0.10642463,0.5375176,-0.3076793,0.902942,-0.3000486
1356942052880,-0.35830605,-0.41972053,-0.8339374,-0.881353,-0.14257014,0.4504339,-0.30795088,0.8963863,-0.31883824
1356942052922,-0.2880829,-0.39965123,-0.87022245,-0.9095008,-0.17021376,0.37925673,-0.29969427,0.90072536,-0.3144474
1356942052968,-0.2381953,-0.36074686,-0.9017343,-0.92744756,-0.19109839,0.32143816,-0.2882778,0.91287625,-0.28905505
1356942052995,-0.1908626,-0.31117743,-0.9309887,-0.9414874,-0.21037549,0.2633317,-0.27780014,0.9267743,-0.2528168
1356942053043,-0.16898501,-0.2480579,-0.9538927,-0.9484858,-0.22222072,0.22581527,-0.26799002,0.94291306,-0.19772738
1356942053085,-0.12030041,-0.17990434,-0.97630024,-0.95831597,-0.23567766,0.16151309,-0.25914907,0.95503426,-0.14405304
1356942053135,-0.07560855,-0.11512455,-0.99046946,-0.96492374,-0.24199522,0.101786226,-0.25140694,0.9634234,-0.0927895
1356942053175,-0.019298077,-0.05788529,-0.99813676,-0.96898293,-0.24492276,0.0329383,-0.24637309,0.9678131,-0.05136332
1356942053244,0.028089106,-0.013112664,-0.99951947,-0.9687758,-0.24677545,-0.02398771,-0.2463423,0.968984,-0.019634962
1356942053251,0.067646205,0.021134049,-0.9974855,-0.96562755,-0.25010598,-0.07078472,-0.2509731,0.9679878,0.003488928
1356942053294,0.09827727,0.045993477,-0.9940956,-0.9605638,-0.25671488,-0.1068396,-0.26011306,0.9653922,0.018950462
1356942053336,0.12182045,0.06299922,-0.9905508,-0.9549023,-0.26482207,-0.13427907,-0.2707792,0.9622372,0.027897328
1356942053376,0.14007139,0.07295418,-0.9874501,-0.9497061,-0.27218938,-0.15482712,-0.28006864,0.9594742,0.031159043
1356942053425,0.15425748,0.07672298,-0.98504734,-0.9464853,-0.27458954,-0.16960591,-0.28349638,0.9584958,0.030259699
1356942053470,0.16241676,0.07728487,-0.9836909,-0.94613534,-0.2707858,-0.17749056,-0.28008693,0.95953214,0.029141843
1356942053505,0.16612816,0.076143265,-0.98316,-0.9485539,-0.2601735,-0.18043038,-0.26953077,0.9625548,0.029003888
1356942053547,0.16594887,0.07344398,-0.9833956,-0.952942,-0.24460661,-0.17907804,-0.25369728,0.96683687,0.0293957
1356942053599,0.16221458,0.06889275,-0.9843476,-0.9583082,-0.22680402,-0.17379707,-0.23522732,0.9715008,0.029229552
1356942053626,0.1546874,0.06234321,-0.98599446,-0.9639555,-0.20915198,-0.16445425,-0.21647534,0.97589386,0.027742893
1356942053663,0.14250433,0.054103374,-0.9883144,-0.96943414,-0.19385344,-0.15039414,-0.19972488,0.97953755,0.02482465
1356942053706,0.12714761,0.044095635,-0.99090314,-0.9742905,-0.18177211,-0.13310486,-0.18598795,0.9823515,0.019850075
1356942053750,0.113039136,0.028975934,-0.993168,-0.9777163,-0.17471957,-0.11637795,-0.17689803,0.9841918,0.008580059
1356942053785,0.10395563,0.005977839,-0.99456394,-0.97919333,-0.17461133,-0.10339847,-0.17428029,0.98461926,-0.012298346
1356942053828,0.11485052,-0.031941414,-0.99286914,-0.97614837,-0.18899834,-0.10683611,-0.1842381,0.9814578,-0.05288613
1356942053865,0.14982519,-0.08325079,-0.98520136,-0.96640146,-0.22282079,-0.1281375,-0.20885584,0.9712982,-0.11383784
1356942053908,0.20250937,-0.13715002,-0.9696287,-0.9484073,-0.2741278,-0.15930292,-0.2439538,0.9518633,-0.1855875
1356942053952,0.25912914,-0.18152061,-0.9486319,-0.92442405,-0.33115312,-0.18915042,-0.27980772,0.92595243,-0.2536134
1356942054004,0.30539536,-0.20808318,-0.92921215,-0.90279377,-0.3735941,-0.21305192,-0.30281562,0.9039519,-0.30195007
1356942054045,0.33265698,-0.21400681,-0.9184445,-0.89141667,-0.38918817,-0.23218286,-0.30775905,0.895954,-0.32023546
1356942054095,0.33587983,-0.20421556,-0.9195003,-0.8930719,-0.37929568,-0.2419866,-0.29934508,0.9024582,-0.30977693
1356942054123,0.31906328,-0.18477058,-0.9295474,-0.9036931,-0.35482797,-0.23965809,-0.2855476,0.9164916,-0.28018847
1356942054163,0.2791573,-0.15453103,-0.9477296,-0.9219358,-0.31912938,-0.21952444,-0.268525,0.93502766,-0.23155501
1356942054311,0.21584713,-0.11381459,-0.96977127,-0.944011,-0.27811223,-0.17747363,-0.24950615,0.95378184,-0.16747195
1356942054331,0.14254436,-0.07032013,-0.9872873,-0.96249473,-0.24247554,-0.121694386,-0.23083544,0.96760565,-0.102246284
1356942054333,0.07516152,-0.031245172,-0.99668175,-0.97368187,-0.21796542,-0.066594005,-0.21516138,0.97545624,-0.04680553
1356942054374,0.020870447,9.302497E-4,-0.9997818,-0.97858024,-0.20483088,-0.020618439,-0.20480531,0.97879696,-0.0033645928
1356942054375,-0.017319262,0.024751455,-0.99954367,-0.9792373,-0.20236456,0.0119562745,-0.20197621,0.97899747,0.027742326
1356942054412,-0.039969623,0.040040106,-0.99839836,-0.97748566,-0.20874774,0.030760705,-0.20718175,0.97714955,0.047482193
1356942054453,-0.04922396,0.046859384,-0.99768794,-0.97438216,-0.22172332,0.037660122,-0.21944594,0.97398305,0.056573004
1356942054501,-0.04680121,0.044465363,-0.9979141,-0.9703018,-0.23937535,0.034840077,-0.23732686,0.96990836,0.054347873
1356942054547,-0.040369213,0.035873026,-0.99854064,-0.96641314,-0.2552482,0.029900402,-0.253803,0.9662099,0.04497227
1356942054591,-0.035500884,0.024405807,-0.9990716,-0.9638634,-0.2649449,0.027777612,-0.26402095,0.9639547,0.03292963
1356942054633,-0.036571026,0.013244092,-0.99924326,-0.9632747,-0.2666375,0.03172058,-0.26601565,0.96370584,0.022508949
1356942054686,-0.044727445,0.003726393,-0.9989923,-0.96540856,-0.25729376,0.042264044,-0.25687698,0.96632606,0.0151055455
1356942054743,-0.06469941,-0.0062055886,-0.9978856,-0.9670652,-0.24629086,0.06423274,-0.24616864,0.9691762,0.0099336505
1356942054795,-0.08757615,-0.015119582,-0.9960431,-0.9684465,-0.23290825,0.088685244,-0.23332754,0.9723811,0.0057547092
1356942054832,-0.11953318,-0.025255263,-0.992509,-0.96812457,-0.21865898,0.122160375,-0.22010615,0.97547454,0.0016867518
1356942054853,-0.16188145,-0.037608057,-0.9860933,-0.96454,-0.20506603,0.16616407,-0.20846343,0.9780253,-0.0030780137
1356942054892,-0.20519829,-0.05286792,-0.9772915,-0.95824826,-0.19231361,0.21160328,-0.19913346,0.97990847,-0.011198223
1356942054942,-0.23339486,-0.08117539,-0.9689878,-0.9523316,-0.182239,0.24464971,-0.1964469,0.9798977,-0.034772217
1356942054983,-0.24511296,-0.1246711,-0.9614451,-0.9479867,-0.17690837,0.26462162,-0.20307836,0.9762994,-0.074824035
1356942055025,-0.21786481,-0.18557751,-0.95817316,-0.95012844,-0.18413067,0.25169784,-0.22313854,0.9652237,-0.1362068
1356942055062,-0.16444951,-0.2476936,-0.9547796,-0.95454234,-0.20400012,0.21733132,-0.24860677,0.9471177,-0.20288628
1356942055101,-0.09961575,-0.29971978,-0.9488123,-0.9569832,-0.23229003,0.17385164,-0.27250642,0.92531586,-0.26368707
1356942055141,-0.04220432,-0.33279052,-0.9420559,-0.95704556,-0.2572446,0.13375005,-0.28684956,0.90723515,-0.30763882
1356942055183,-0.0042161345,-0.34494394,-0.9386138,-0.957336,-0.26982158,0.10346061,-0.28894636,0.899005,-0.32908964
1356942055259,5.0133467E-4,-0.33426207,-0.94248,-0.9601956,-0.26342207,0.09291512,-0.27932805,0.9049186,-0.32108903
1356942055273,-0.006844878,-0.3092138,-0.9509679,-0.96323526,-0.25337666,0.08932036,-0.26857212,0.9166172,-0.2961113
1356942055314,-0.027651608,-0.276034,-0.96075004,-0.9652624,-0.24243498,0.09743574,-0.25981504,0.93007016,-0.2597415
1356942055356,-0.062006414,-0.23618802,-0.96972704,-0.9654579,-0.2321654,0.118279964,-0.25307336,0.9435648,-0.2136339
1356942055396,-0.09684408,-0.19493204,-0.9760239,-0.9641277,-0.22512662,0.14062613,-0.24714157,0.95463055,-0.16613722
1356942055434,-0.13185453,-0.15396121,-0.9792397,-0.9614074,-0.22078353,0.16416615,-0.24147522,0.9630943,-0.11890811
1356942055474,-0.15786558,-0.11626518,-0.9805921,-0.9585434,-0.22051746,0.18046191,-0.23721915,0.96842885,-0.076633096
1356942055517,-0.1731599,-0.08345732,-0.9813514,-0.9561343,-0.22478473,0.18782675,-0.23626831,0.9708278,-0.040872753
1356942055565,-0.17485535,-0.056104988,-0.98299426,-0.9546375,-0.2347371,0.18320903,-0.2410242,0.97043836,-0.012514889
1356942055608,-0.15768093,-0.03321299,-0.98693144,-0.956036,-0.24510473,0.16099328,-0.24724865,0.96892756,0.006895542
1356942055648,-0.13056672,-0.01699093,-0.9912939,-0.9584831,-0.25348836,0.13058996,-0.25350034,0.9671892,0.01681164
1356942055687,-0.096233785,-0.0053948164,-0.99534416,-0.9612499,-0.2590335,0.09434137,-0.25833645,0.9658532,0.019742012
1356942055727,-0.06052494,0.0023037791,-0.99816406,-0.9635372,-0.26125205,0.057822347,-0.2606392,0.9652679,0.018032074
1356942055773,-0.028003454,0.008057982,-0.9995754,-0.9655236,-0.25911635,0.024960637,-0.25880516,0.96581256,0.015036285
1356942055807,-0.0031067133,0.013016224,-0.9999105,-0.9675362,-0.2527324,-2.837479E-4,-0.25271344,0.9674487,0.013378829
1356942055847,0.0117118955,0.017179728,-0.9997839,-0.97007084,-0.24232513,-0.015527815,-0.24253955,0.97004294,0.013827443
1356942055887,0.015499651,0.01972562,-0.9996853,-0.9730302,-0.22984165,-0.019621551,-0.23015639,0.9730281,0.01563117
1356942055927,0.008009434,0.019971251,-0.9997685,-0.9761037,-0.21696484,-0.012153894,-0.21715736,0.97597516,0.017756224
1356942055968,-0.011280656,0.017424107,-0.9997845,-0.97878426,-0.20475698,0.007475227,-0.20458263,0.9786577,0.019364268
1356942056008,-0.042109966,0.01146695,-0.99904716,-0.98035216,-0.19334054,0.039102763,-0.19270799,0.9810647,0.019383222
1356942056047,-0.08357364,5.6040287E-4,-0.99650145,-0.9796554,-0.18314469,0.082057744,-0.1824579,0.9830859,0.015855014
1356942056088,-0.12169862,-0.01913771,-0.99238265,-0.9767045,-0.17572355,0.12316474,-0.1767421,0.9842535,0.0026934147
1356942056127,-0.14423913,-0.05164808,-0.9881941,-0.9730111,-0.17437631,0.15113673,-0.1801236,0.9833236,-0.025102228
1356942056172,-0.118706286,-0.10257703,-0.9876167,-0.9724049,-0.18918025,0.1365268,-0.20084208,0.9765699,-0.07728952
1356942056212,-0.060813963,-0.15666342,-0.985778,-0.97107875,-0.21915978,0.094736814,-0.23088467,0.9630294,-0.13880453
1356942056254,0.02351737,-0.2044549,-0.97859335,-0.9637859,-0.26473212,0.03214827,-0.265638,0.94239855,-0.20327652
1356942056284,0.10367942,-0.23630717,-0.9661312,-0.95083547,-0.30855483,-0.026568145,-0.29182628,0.92138636,-0.25667995
1356942056329,0.1594916,-0.25208652,-0.95447093,-0.9398955,-0.3344763,-0.06871709,-0.30192524,0.9080627,-0.29028115
1356942056368,0.18180433,-0.2559514,-0.9494399,-0.9375043,-0.33644763,-0.08881882,-0.29670343,0.90625155,-0.30112323
1356942056407,0.16556314,-0.25125095,-0.95365703,-0.9451138,-0.31662878,-0.08066076,-0.28168914,0.9146689,-0.2898828
1356942056446,0.10896543,-0.23950523,-0.964761,-0.9585988,-0.28218427,-0.038216263,-0.2630874,0.928983,-0.26033774
1356942056486,0.016139448,-0.2208572,-0.97517264,-0.96940535,-0.24237186,0.0388484,-0.24493435,0.94471055,-0.21801186
1356942056526,-0.097049534,-0.19584572,-0.97582066,-0.9685763,-0.20700401,0.13787436,-0.22900084,0.95853734,-0.16960192
1356942056566,-0.20601338,-0.16690278,-0.9642105,-0.95441735,-0.1832056,0.23563352,-0.21597672,0.9688029,-0.12155205
1356942056606,-0.28872043,-0.13774475,-0.9474528,-0.9348345,-0.17308909,0.31003964,-0.20670006,0.9752264,-0.07879424
1356942056646,-0.3337683,-0.11138055,-0.93605185,-0.92064345,-0.17481905,0.3490758,-0.20251992,0.9782804,-0.04419267
1356942056686,-0.34101373,-0.08888841,-0.9358465,-0.91753864,-0.18512458,0.35192597,-0.2045303,0.9786868,-0.018428564
1356942056727,-0.31720346,-0.06978506,-0.9457864,-0.9242695,-0.20059568,0.324788,-0.21238595,0.9771855,-8.7058544E-4
1356942056767,-0.27184033,-0.053208053,-0.96087027,-0.93587786,-0.21793014,0.2768376,-0.22413266,0.9745128,0.009445965
1356942056807,-0.2146427,-0.038732648,-0.97592425,-0.9474808,-0.2342925,0.21768558,-0.23708332,0.9713942,0.013590783
1356942056847,-0.15515536,-0.0260503,-0.9875466,-0.956247,-0.24702209,0.15675399,-0.24802929,0.96865964,0.0134162605
1356942056946,-0.10191947,-0.015193433,-0.99467665,-0.96181154,-0.25382447,0.10242903,-0.25402945,0.967131,0.011256397
1356942056951,-0.060477972,-0.0059360564,-0.9981519,-0.9656466,-0.25283426,0.060012072,-0.2527232,0.9674914,0.009558737
1356942056954,-0.03241366,0.0011442304,-0.99947387,-0.9684065,-0.2474271,0.031122923,-0.24726135,0.9689058,0.009128153
1356942056981,-0.016438961,0.006405294,-0.9998443,-0.9712695,-0.23754317,0.014447361,-0.23741373,0.9713558,0.0101263225
1356942057024,-0.013719857,0.010325998,-0.99985254,-0.9754486,-0.2199468,0.011113435,-0.21979961,0.9754572,0.013090134
1356942057065,-0.029861093,0.010737658,-0.9994964,-0.97938615,-0.20016944,0.027109861,-0.19977754,0.9797025,0.016493589
1356942057107,-0.062592626,0.008312643,-0.99800456,-0.98172617,-0.18057024,0.060067624,-0.17971063,0.98352695,0.019463092
1356942057147,-0.11329579,0.002384752,-0.99355847,-0.9803581,-0.16275173,0.11139986,-0.16143769,0.9866642,0.020776957
1356942057188,-0.17741013,-0.008692175,-0.9840987,-0.9731766,-0.14727426,0.1767419,-0.14646867,0.9890575,0.017668962
1356942057259,-0.24068475,-0.029153556,-0.9701654,-0.9608059,-0.13450682,0.24240473,-0.13756081,0.99048376,0.0043628216
1356942057264,-0.27806175,-0.06498152,-0.9583627,-0.9504251,-0.12596017,0.2842994,-0.13918972,0.98990476,-0.026735365
1356942057308,-0.25742292,-0.12127182,-0.9586588,-0.9535154,-0.12896055,0.27235553,-0.1566582,0.98420644,-0.0824371
1356942057348,-0.19584912,-0.18406543,-0.96320456,-0.963307,-0.14771467,0.22409782,-0.18352813,0.9717511,-0.14838171
1356942057388,-0.10355872,-0.24151972,-0.96485436,-0.971082,-0.18525547,0.15059975,-0.21511737,0.9525485,-0.21535063
1356942057429,-0.026233137,-0.28061718,-0.9594612,-0.9705699,-0.22269052,0.09166798,-0.23938653,0.9336289,-0.2665167
1356942057471,0.009252697,-0.30029437,-0.95380163,-0.9681175,-0.24147156,0.066633195,-0.25032553,0.9227756,-0.2929545
1356942057509,0.009330988,-0.30523124,-0.9522325,-0.967841,-0.24215877,0.06813836,-0.25138947,0.9209739,-0.2976749
1356942057548,-0.034935504,-0.29722163,-0.95416915,-0.96890664,-0.22393402,0.10523006,-0.24494755,0.9281771,-0.2801568
1356942057589,-0.11016786,-0.27699983,-0.9545334,-0.96564794,-0.1975739,0.16878545,-0.23534447,0.940338,-0.245718
1356942057627,-0.19649816,-0.24736503,-0.94878817,-0.9540614,-0.17497486,0.24320912,-0.22617552,0.9529923,-0.20161921
1356942057669,-0.2792604,-0.21213421,-0.9364896,-0.934788,-0.16289586,0.31565222,-0.21951091,0.96356833,-0.15281016
1356942057708,-0.34107047,-0.17664498,-0.92329174,-0.9147981,-0.16369975,0.369252,-0.21636909,0.9705664,-0.10576135
1356942057748,-0.37854892,-0.14458776,-0.91421825,-0.89962363,-0.1748026,0.40015158,-0.21766478,0.9739293,-0.06390321
1356942057786,-0.39109302,-0.1175544,-0.91281277,-0.8926507,-0.19304973,0.40731606,-0.22410005,0.97412145,-0.029434621
1356942057826,-0.3826636,-0.09563941,-0.9189242,-0.893352,-0.21529812,0.39442235,-0.23556498,0.9718538,-0.0030528903
1356942057866,-0.35896266,-0.07804501,-0.93008316,-0.89918613,-0.23823166,0.36702853,-0.25022003,0.96806747,0.015339255
1356942057908,-0.32458013,-0.06409967,-0.94368374,-0.9079104,-0.2586525,0.3298448,-0.2652291,0.9638413,0.025756717
1356942057947,-0.2843619,-0.05270341,-0.9572674,-0.9177375,-0.27384138,0.28769594,-0.27730194,0.96032983,0.029502094
1356942057989,-0.24209464,-0.04439631,-0.9692363,-0.9277296,-0.2819026,0.24463987,-0.2840914,0.95841527,0.027059376
1356942058027,-0.20263422,-0.03772968,-0.9785274,-0.9370947,-0.28257596,0.20494974,-0.284241,0.95850265,0.021903276
1356942058068,-0.17109281,-0.032779217,-0.9847095,-0.94588345,-0.27424544,0.17347598,-0.2757385,0.96110094,0.01591611
1356942058106,-0.15040356,-0.0292916,-0.98819077,-0.9539285,-0.25818598,0.1528419,-0.2596139,0.96565115,0.010889918
1356942058148,-0.14240426,-0.027721196,-0.9894203,-0.96065843,-0.23693585,0.14490297,-0.23844597,0.9711298,0.0071100593
1356942058187,-0.14820915,-0.02904421,-0.98852944,-0.9650109,-0.21437919,0.15098181,-0.21630529,0.9763186,0.0037450194
1356942058264,-0.16747957,-0.03347847,-0.9853069,-0.96638787,-0.19215661,0.17079288,-0.19505113,0.98079306,-1.7082691E-4
1356942058265,-0.20201713,-0.041228294,-0.97851384,-0.96347964,-0.17094785,0.20611593,-0.17577267,0.9844171,-0.0051882267
1356942058305,-0.25173688,-0.05215311,-0.9663894,-0.9546386,-0.15071183,0.25680938,-0.15903974,0.9872011,-0.011847675
1356942058346,-0.3088659,-0.06749007,-0.94870806,-0.9398484,-0.13135588,0.31532606,-0.14589974,0.98903525,-0.022859097
1356942058395,-0.35252124,-0.09620455,-0.9308455,-0.92495584,-0.115197,0.36219653,-0.14207554,0.988673,-0.048375607
1356942058438,-0.3807394,-0.14048162,-0.9139488,-0.9124067,-0.10344285,0.395997,-0.15017176,0.9846646,-0.08879161
1356942058475,-0.3647279,-0.20014283,-0.90934944,-0.9150877,-0.10337055,0.3897808,-0.17201173,0.9742985,-0.14544612
1356942058519,-0.31384557,-0.2653751,-0.91163427,-0.9278637,-0.11796111,0.35377112,-0.20141941,0.9569019,-0.2092104
1356942058562,-0.2569589,-0.32047552,-0.91173875,-0.9390798,-0.140024,0.3138829,-0.22825706,0.9368505,-0.2649716
1356942058598,-0.2219634,-0.35610363,-0.90770173,-0.94341147,-0.15680265,0.29221147,-0.24638763,0.9211965,-0.30114782
1356942058641,-0.22525126,-0.37006268,-0.9012854,-0.94024277,-0.15988243,0.30063444,-0.2553533,0.91514546,-0.311935
1356942058678,-0.25521052,-0.3675886,-0.8942853,-0.93156826,-0.15421486,0.329239,-0.25893655,0.91711307,-0.30307662
1356942058827,-0.33181232,-0.34133008,-0.8794285,-0.9073559,-0.13956523,0.39651847,-0.25808132,0.9295243,-0.26339847
1356942058829,-0.3906904,-0.3097399,-0.86684614,-0.8840652,-0.13613898,0.44709605,-0.25649506,0.9410246,-0.22064197
1356942058830,-0.43358588,-0.2792055,-0.85676575,-0.8643376,-0.13998568,0.48303676,-0.25480148,0.94997275,-0.180632
1356942058843,-0.47716784,-0.24443993,-0.84413266,-0.8415978,-0.14945722,0.51901406,-0.25302947,0.958077,-0.13440394
1356942058871,-0.49285764,-0.21213853,-0.8438535,-0.8329997,-0.16517526,0.5280423,-0.2514018,0.96317935,-0.095303416
1356942058915,-0.49827677,-0.18506232,-0.8470373,-0.8298887,-0.18103445,0.52774173,-0.25100803,0.9659081,-0.06337589
1356942058955,-0.4887976,-0.1621665,-0.8571925,-0.8349974,-0.19764543,0.51353246,-0.2526979,0.966767,-0.03880006
1356942058994,-0.46808475,-0.1428603,-0.87205946,-0.84566665,-0.21392322,0.488963,-0.25640717,0.9663477,-0.020677984
1356942059036,-0.43983722,-0.12634611,-0.8891456,-0.8593336,-0.22845387,0.45755288,-0.2609388,0.9653214,-0.008090973
1356942059076,-0.40633327,-0.112323254,-0.9067948,-0.8745123,-0.2398035,0.42157158,-0.26480484,0.9643017,-7.879734E-4
1356942059118,-0.36965537,-0.10064882,-0.92370164,-0.8899791,-0.24731594,0.3831082,-0.2670056,0.9636932,0.0018463731
1356942059158,-0.33381927,-0.09183717,-0.9381528,-0.9042438,-0.24994785,0.34622133,-0.26628518,0.96389425,3.9416552E-4
1356942059197,-0.30314857,-0.08449617,-0.9491899,-0.9163337,-0.2475878,0.31469512,-0.26159835,0.96517396,-0.0023707747
1356942059266,-0.28279114,-0.077442974,-0.9560501,-0.9258517,-0.23842943,0.29317224,-0.25065464,0.96806717,-0.0042749643
1356942059275,-0.2747714,-0.07100001,-0.9588846,-0.9321933,-0.22471142,0.28376147,-0.2356194,0.97183526,-0.00444144
1356942059317,-0.27886492,-0.065325916,-0.9581059,-0.9353402,-0.20764351,0.2863964,-0.21765354,0.97602093,-0.0031974912
1356942059355,-0.29429418,-0.061434448,-0.9537383,-0.93460137,-0.19010293,0.30063444,-0.19977778,0.9798401,-0.0014705062
1356942059398,-0.3179121,-0.05861935,-0.94630635,-0.9303844,-0.1728602,0.32327104,-0.18252864,0.98320043,4.158616E-4
1356942059437,-0.34863162,-0.057170123,-0.93551457,-0.9223064,-0.15665871,0.35328305,-0.1667538,0.9859967,0.0018878579
1356942059478,-0.3812248,-0.05824262,-0.92264587,-0.9116524,-0.14200836,0.38564682,-0.15348452,0.9881505,0.001040101
1356942059525,-0.40481,-0.06736341,-0.91191614,-0.90275097,-0.12924361,0.41028875,-0.1454978,0.9893221,-0.008493245
1356942059558,-0.4123854,-0.089156896,-0.90663624,-0.8992839,-0.1193189,0.4207748,-0.14569378,0.98884475,-0.030972004
1356942059598,-0.3874724,-0.13446704,-0.91202176,-0.9076737,-0.117370665,0.40293,-0.16122541,0.9839424,-0.076574266
1356942059637,-0.3361869,-0.19564864,-0.92124915,-0.92258906,-0.12812543,0.36388627,-0.18922928,0.9722682,-0.13742924
1356942059678,-0.2681831,-0.26185092,-0.9270987,-0.9369985,-0.1527211,0.31418163,-0.22385627,0.9529483,-0.20439667
1356942059717,-0.20484567,-0.31346542,-0.9272419,-0.94614714,-0.17921323,0.2696074,-0.25068665,0.9325352,-0.25987333
1356942059764,-0.16116363,-0.34091276,-0.9261775,-0.95186585,-0.19422454,0.23712495,-0.2607253,0.9198127,-0.29320133
1356942059808,-0.13810325,-0.34019879,-0.9301572,-0.95679164,-0.19681484,0.21404147,-0.2558854,0.91952634,-0.29831856
1356942059848,-0.12783277,-0.31874222,-0.9391817,-0.96086913,-0.19482905,0.1969063,-0.24574223,0.9276017,-0.28136402
1356942059891,-0.1299749,-0.2816359,-0.9506775,-0.96324897,-0.19144994,0.18841022,-0.23507023,0.9402277,-0.24640179
1356942059926,-0.13857633,-0.235394,-0.96197,-0.9642577,-0.18943495,0.18526062,-0.22583997,0.9532597,-0.20072925
1356942059966,-0.15046859,-0.18584332,-0.97098994,-0.9642972,-0.1889121,0.18558842,-0.21792212,0.9642481,-0.15078288
1356942060025,-0.16274035,-0.13836357,-0.9769191,-0.9638872,-0.18924284,0.18737236,-0.21080047,0.97213304,-0.10256946
