1356942302023,0.33412206,-0.14402372,0.931461,0.8745342,-0.32118052,-0.36336333,0.35150015,0.9360022,0.018640235
1356942302051,-0.45210576,0.18714944,-0.87210983,-0.81978273,0.2981261,0.4889552,0.3515064,0.93599993,0.0186373
1356942302082,-0.4520805,0.18714458,-0.8721239,-0.8197854,0.29815912,0.4889304,0.3515324,0.9359904,0.018626451
1356942302125,-0.4519875,0.18716767,-0.8721672,-0.8197769,0.29830796,0.48885405,0.35167208,0.93593836,0.018604219
1356942302165,-0.45138448,0.18715855,-0.8724813,-0.81996584,0.29870844,0.48829216,0.35200554,0.9358124,0.01863128
1356942302205,-0.44961995,0.18697527,-0.8734313,-0.82068205,0.2995258,0.48658544,0.35259464,0.9355878,0.01877451
1356942302244,-0.44580543,0.18632945,-0.875522,-0.8223938,0.3009501,0.4828017,0.3534486,0.9352596,0.019071043
1356942302285,-0.4393626,0.18508983,-0.8790349,-0.8253863,0.30302674,0.4763531,0.3545392,0.934835,0.019631982
1356942302327,-0.43025774,0.18338516,-0.88388246,-0.8296325,0.30558956,0.4672526,0.35579246,0.93433666,0.020659983
1356942302366,-0.41892833,0.1814278,-0.8897095,-0.8348471,0.3083977,0.4559837,0.3571125,0.93379587,0.022267938
1356942302406,-0.4060737,0.17925283,-0.8960873,-0.8406135,0.3113355,0.44321442,0.3584312,0.9332409,0.024257243
1356942302448,-0.39255053,0.176669,-0.90260303,-0.8464583,0.3144549,0.42968178,0.35973942,0.93268764,0.026103437
1356942302487,-0.37915355,0.173377,-0.90894604,-0.85199225,0.31785518,0.41602543,0.36104247,0.9321526,0.027199984
1356942302525,-0.36654383,0.16922623,-0.91488147,-0.8569625,0.3214994,0.4028068,0.36229932,0.93166554,0.027176976
1356942302568,-0.3550774,0.16423285,-0.9202975,-0.86133146,0.32516414,0.39035413,0.36335668,0.93128717,0.02600056
1356942302607,-0.34486765,0.1584962,-0.92517304,-0.86521286,0.3285123,0.37879598,0.36396846,0.9311061,0.023839653
1356942302644,-0.3358407,0.15208876,-0.92955905,-0.86878777,0.33124626,0.36808106,0.36389393,0.9312061,0.020886898
1356942302685,-0.32787436,0.1450671,-0.9335169,-0.87220323,0.33318782,0.3581164,0.36298734,0.9316337,0.017284334
1356942302728,-0.32101566,0.13773665,-0.9370045,-0.8754741,0.3342145,0.349064,0.36123937,0.9323783,0.013296843
1356942302776,-0.31551278,0.13066721,-0.9398817,-0.87852144,0.33416373,0.34137172,0.35868046,0.93341345,0.009361088
1356942302805,-0.31179136,0.12479311,-0.9419198,-0.88110644,0.33301938,0.33578214,0.3555809,0.9346255,0.006123364
1356942302846,-0.30980924,0.1205402,-0.9431269,-0.88324755,0.3307236,0.33240888,0.35198298,0.93599784,0.0040055513
1356942302886,-0.30935365,0.117964715,-0.9436019,-0.8849282,0.32756054,0.33106798,0.34814113,0.9374371,0.0030582547
1356942302926,-0.30980062,0.11649135,-0.9436383,-0.88624203,0.32409346,0.33096617,0.3443817,0.9388254,0.0028351545
1356942302966,-0.310516,0.115192175,-0.94356275,-0.8873042,0.32094914,0.3311841,0.34098545,0.9400651,0.0025506616
1356942303006,-0.31106916,0.11300111,-0.94364554,-0.8881953,0.31871226,0.33095583,0.33814985,0.94109154,0.0012254119
1356942303063,-0.3112213,0.108772665,-0.94409204,-0.88893175,0.31798637,0.32967418,0.33606794,0.941835,-0.0022726655
1356942303086,-0.31098494,0.10155526,-0.94497347,-0.8894528,0.31926283,0.32702425,0.33490595,0.942209,-0.008957326
1356942303126,-0.31075728,0.090979904,-0.94612503,-0.8896135,0.32266742,0.32322374,0.33469057,0.94212973,-0.019334257
1356942303166,-0.31152326,0.07756361,-0.94706774,-0.8890928,0.32795358,0.3193123,0.33536127,0.94150424,-0.0332039
1356942303206,-0.31487617,0.062739104,-0.9470569,-0.887396,0.3345317,0.31720176,0.3367215,0.9402938,-0.049661636
1356942303246,-0.32218623,0.047914594,-0.94546294,-0.8841562,0.3416937,0.3186112,0.3383249,0.93858916,-0.067725
1356942303286,-0.33428338,0.03431335,-0.9418478,-0.8791846,0.34867552,0.3247457,0.3395424,0.93661517,-0.08638865
1356942303326,-0.35092008,0.022595733,-0.9361328,-0.87251616,0.35504866,0.33564258,0.33995676,0.9345747,-0.104878545
1356942303366,-0.37095985,0.012738258,-0.92856157,-0.8643514,0.36085436,0.35025823,0.33953717,0.9325352,-0.12285215
1356942303405,-0.39294925,0.00422889,-0.9195504,-0.8550234,0.36633608,0.3670598,0.33841673,0.93047297,-0.14033568
1356942303446,-0.41535765,-0.003843695,-0.9096501,-0.84509623,0.37164134,0.3843112,0.33658636,0.92836845,-0.15761232
1356942303486,-0.43667254,-0.012809426,-0.8995292,-0.83543026,0.37669984,0.40019175,0.33372626,0.92624676,-0.17519581
1356942303526,-0.4556312,-0.024122655,-0.8898417,-0.8270419,0.38120311,0.4131414,0.32924435,0.9241766,-0.19363844
1356942303566,-0.47100428,-0.039510846,-0.8812456,-0.8211312,0.38467333,0.42162767,0.32233283,0.92220676,-0.21362638
1356942303606,-0.4818147,-0.060514838,-0.87418103,-0.81877935,0.38649634,0.42452437,0.31217775,0.9203035,-0.23576796
1356942303646,-0.48738405,-0.08807215,-0.8687348,-0.82068527,0.38598672,0.4212957,0.2982157,0.91829056,-0.26040328
1356942303686,-0.48746496,-0.12192047,-0.8645885,-0.8268673,0.38254148,0.41225302,0.28047892,0.91585886,-0.2872876
1356942303726,-0.48239633,-0.16025373,-0.8611693,-0.8365607,0.37579224,0.3986809,0.25973064,0.9127425,-0.31534272
1356942303766,-0.47332886,-0.1995177,-0.85799325,-0.84822524,0.3659974,0.38283116,0.23764169,0.9089766,-0.34247315
1356942303806,-0.46234465,-0.23410675,-0.85523766,-0.8596078,0.3549404,0.36754826,0.2175129,0.90510297,-0.36534476
1356942303846,-0.45196715,-0.25816295,-0.8538605,-0.8685186,0.34569332,0.35520637,0.20347276,0.90213525,-0.38046134
1356942303886,-0.4440938,-0.2675619,-0.85509723,-0.87372637,0.3407078,0.34716055,0.19845134,0.9012928,-0.38508213
1356942303926,-0.43939123,-0.26077238,-0.8596122,-0.8751557,0.34007064,0.3441722,0.20257822,0.9035207,-0.3776405
1356942303966,-0.4373232,-0.23845243,-0.8671152,-0.8735509,0.34173262,0.34659418,0.21367532,0.90904295,-0.35774803
1356942304006,-0.43642262,-0.20364091,-0.8763936,-0.87034535,0.34249893,0.35382688,0.22811025,0.91718316,-0.3267122
1356942304062,-0.4352153,-0.16026184,-0.88594806,-0.86716044,0.33924246,0.36461946,0.2421166,0.926947,-0.28661627
1356942304086,-0.4324136,-0.114038646,-0.89443487,-0.8655314,0.33053866,0.37629724,0.25273293,0.9368775,-0.24163347
1356942304126,-0.4278949,-0.06897575,-0.9011928,-0.8659366,0.31696403,0.386895,0.25895932,0.94592613,-0.19535595
1356942304166,-0.42199242,-0.028061181,-0.906165,-0.868184,0.3003816,0.39500305,0.2611111,0.9534062,-0.15112108
1356942304206,-0.4154076,0.006819874,-0.9096099,-0.87169445,0.28280556,0.4002124,0.25997213,0.95915306,-0.111534774
1356942304246,-0.4090432,0.035102308,-0.9118396,-0.87577707,0.26558077,0.4030897,0.25631645,0.9634493,-0.077892184
1356942304286,-0.40374112,0.057126075,-0.9130881,-0.8797449,0.24966669,0.40461773,0.25108197,0.9666453,-0.05054438
1356942304326,-0.40011257,0.07376161,-0.9134928,-0.8831254,0.2353757,0.40581742,0.24494776,0.9691014,-0.029036045
1356942304366,-0.39839345,0.08583465,-0.91318953,-0.885738,0.22258335,0.40733883,0.2382246,0.97112775,-0.012648821
1356942304406,-0.39837182,0.09402847,-0.9123916,-0.8876484,0.211043,0.40931782,0.23104137,0.97294366,-6.092787E-4
1356942304446,-0.39952153,0.09903094,-0.9113591,-0.8890163,0.20071608,0.41153735,0.22367933,0.97463113,0.007849693
1356942304486,-0.4011271,0.101257056,-0.91040874,-0.8901285,0.1915518,0.41349623,0.21625984,0.9762453,0.013295174
1356942304526,-0.4024974,0.10076657,-0.9098581,-0.89126205,0.18370014,0.41461575,0.20892045,0.9778038,0.01587063
1356942304566,-0.40303338,0.09757629,-0.9099686,-0.8925189,0.17801249,0.4143931,0.20242071,0.9791784,0.015343785
1356942304606,-0.40227968,0.09251931,-0.9108299,-0.8937688,0.17587245,0.41260904,0.19836414,0.98005563,0.011941016
1356942304646,-0.39997375,0.08730471,-0.912359,-0.89483815,0.17807621,0.40933302,0.19820619,0.98013616,0.0068977475
1356942304686,-0.3959185,0.083714455,-0.91446185,-0.8957983,0.18382245,0.40466613,0.20197502,0.9793882,0.002212584
1356942304726,-0.39008898,0.0823358,-0.9170885,-0.896824,0.19172621,0.39868248,0.20865571,0.9779887,-9.495616E-4
1356942304766,-0.38241506,0.082114905,-0.92033464,-0.8981389,0.20092762,0.3911197,0.21703738,0.9761584,-0.003087163
1356942304806,-0.3729841,0.08114278,-0.9242828,-0.8998236,0.2113052,0.3816643,0.22627506,0.97404623,-0.0057992935
1356942304846,-0.3622616,0.07797259,-0.9288093,-0.9016601,0.22317493,0.37040794,0.2361686,0.9716549,-0.010542929
1356942304886,-0.35048956,0.071778804,-0.933812,-0.9035498,0.23649037,0.35730937,0.24648479,0.9689789,-0.018031657
1356942304926,-0.33790833,0.061860263,-0.9391439,-0.9054556,0.25093812,0.3423161,0.25684273,0.9660246,-0.028782368
1356942304966,-0.32457012,0.04631871,-0.9447268,-0.907573,0.2660523,0.3248498,0.26639333,0.9628451,-0.04431498
1356942305006,-0.3099734,0.021375924,-0.9505049,-0.91067433,0.28051034,0.30329242,0.27310956,0.95961297,-0.0674842
1356942305086,-0.2929188,-0.017756015,-0.95597243,-0.91613674,0.29138094,0.2753008,0.2736639,0.9564423,-0.10161787
1356942305087,-0.2713521,-0.073512614,-0.95966864,-0.9253582,0.294169,0.2391167,0.26472664,0.9529221,-0.14784884
1356942305111,-0.24378562,-0.13485381,-0.96040773,-0.93706584,0.28797728,0.19742483,0.24995211,0.94809467,-0.19657165
1356942305143,-0.21331763,-0.19799566,-0.9567096,-0.94962704,0.2721268,0.15542045,0.22957373,0.94167125,-0.24607146
1356942305184,-0.17888412,-0.26257318,-0.94818556,-0.9627865,0.24516007,0.11374858,0.2025899,0.93324804,-0.29665715
1356942305224,-0.1369414,-0.31630838,-0.93872046,-0.9742453,0.21438816,0.06988421,0.1791456,0.924114,-0.3375206
1356942305265,-0.0912005,-0.35128093,-0.93181765,-0.98170936,0.18874666,0.024928927,0.16712043,0.9170477,-0.3620696
1356942305304,-0.044384807,-0.3657861,-0.92963994,-0.98478436,0.17252377,-0.02086544,0.16801724,0.9145688,-0.36787784
1356942305344,0.0012105107,-0.36131367,-0.9324435,-0.98403084,0.16553885,-0.0654223,0.17799363,0.9176324,-0.35534346
1356942305385,0.043009743,-0.34033528,-0.93931997,-0.98044777,0.16632603,-0.1051563,0.19202182,0.9254769,-0.32652736
1356942305424,0.07889405,-0.30628636,-0.94866455,-0.9753665,0.17293254,-0.13694775,0.20600021,0.9360999,-0.28509808
1356942305464,0.107195094,-0.26317933,-0.958773,-0.97013235,0.18337329,-0.15880027,0.21760628,0.9471594,-0.23566198
1356942305504,0.12714498,-0.21519578,-0.96825874,-0.9657723,0.1956551,-0.17030293,0.2260932,0.9567706,-0.18295354
1356942305545,0.13941437,-0.16661903,-0.9761156,-0.96282864,0.20749551,-0.17293537,0.23135397,0.9639418,-0.13149774
1356942305584,0.14598435,-0.121456325,-0.98180294,-0.96138734,0.21661246,-0.16974536,0.23328745,0.9686731,-0.08514458
1356942305626,0.14961967,-0.08294517,-0.98525834,-0.9612053,0.22133896,-0.16460076,0.23172891,0.9716631,-0.046610713
1356942305664,0.15322345,-0.053251565,-0.9867557,-0.9618601,0.22093803,-0.16128093,0.22660038,0.973833,-0.01736772
1356942305707,0.15886727,-0.0328992,-0.9867517,-0.9629273,0.21553764,-0.16221774,0.21801892,0.9759412,0.002562344
1356942305746,0.16741991,-0.021038413,-0.98566115,-0.9639803,0.20608783,-0.16813609,0.20667005,0.97830725,0.014222622
1356942305786,0.17871076,-0.01626563,-0.9837673,-0.96462435,0.19405782,-0.17844185,0.19381025,0.9808552,0.01898998
1356942305826,0.19200033,-0.017225534,-0.98124367,-0.9644798,0.18152297,-0.19190678,0.18142396,0.98323584,0.018238753
1356942305866,0.20616272,-0.02285561,-0.97825074,-0.96325827,0.17112556,-0.20700124,0.17213485,0.98498416,0.013263792
1356942305906,0.21969861,-0.031749398,-0.97505105,-0.96089137,0.16567141,-0.22190276,0.1685834,0.98566985,0.0058900416
1356942305946,0.23077497,-0.041871756,-0.9721058,-0.95765436,0.1670036,-0.2345376,0.17216569,0.9850668,-0.0015584528
1356942305986,0.23768443,-0.05131945,-0.9699857,-0.9540541,0.17523277,-0.24305162,0.18244648,0.9831885,-0.007311374
1356942306026,0.23917347,-0.059154868,-0.9691732,-0.95070374,0.18863428,-0.24612907,0.197379,0.9802642,-0.0111224055
1356942306063,0.23447949,-0.06546453,-0.9699143,-0.94813,0.20489037,-0.24304223,0.21463677,0.97659326,-0.014026344
1356942306103,0.2224567,-0.07018593,-0.97241294,-0.94705117,0.2213102,-0.23262829,0.2315321,0.97267455,-0.017237723
1356942306143,0.20305544,-0.0734002,-0.9764123,-0.9475902,0.23646921,-0.21483773,0.24666062,0.9688626,-0.021536946
1356942306183,0.17590222,-0.07534331,-0.9815202,-0.9496332,0.24968383,-0.18935385,0.25933626,0.9653919,-0.027628541
1356942306221,0.14186049,-0.07763606,-0.9868375,-0.9526232,0.26024824,-0.15741625,0.26904392,0.96241546,-0.037038982
1356942306265,0.10552114,-0.085626036,-0.9907237,-0.9557675,0.26632595,-0.12481597,0.27454293,0.9600723,-0.053735554
1356942306305,0.07433882,-0.10700905,-0.9914751,-0.95895815,0.26513347,-0.10051647,0.27362943,0.9582554,-0.0829075
1356942306344,0.058500618,-0.14910856,-0.9870888,-0.9628233,0.25278297,-0.0952476,0.26372147,0.9559641,-0.1287772
1356942306384,0.06331465,-0.21020734,-0.97560453,-0.96757257,0.22659472,-0.11161631,0.2445294,0.9510351,-0.18904406
1356942306424,0.08578825,-0.27793258,-0.95676214,-0.97170264,0.18878299,-0.14196798,0.22007793,0.9418675,-0.25387245
1356942306465,0.11671972,-0.3371225,-0.93419755,-0.97320086,0.1488285,-0.17530033,0.1981329,0.92962277,-0.31071663
1356942306504,0.14680426,-0.37833288,-0.9139545,-0.9715167,0.118612215,-0.20514989,0.18602112,0.91803885,-0.3501439
1356942306544,0.16996418,-0.39874822,-0.9011725,-0.9678109,0.104707286,-0.22886297,0.18561801,0.9110632,-0.36811644
1356942306584,0.18263039,-0.39833432,-0.8988749,-0.96394974,0.10740045,-0.24344638,0.19351268,0.9109309,-0.36435968
1356942306626,0.18351625,-0.37849563,-0.9072281,-0.96155745,0.122667,-0.24568284,0.20427683,0.91743875,-0.34143394
1356942306666,0.17326726,-0.34197998,-0.92359525,-0.96151054,0.14431687,-0.23381642,0.21325094,0.9285593,-0.30381197
1356942306706,0.1545648,-0.29329264,-0.9434454,-0.9636843,0.16572374,-0.20939979,0.2177667,0.9415493,-0.25702643
1356942306746,0.1321791,-0.23902938,-0.9619738,-0.9670392,0.18198241,-0.1780937,0.21763194,0.95380676,-0.20709652
1356942306786,0.111379385,-0.18607646,-0.9762019,-0.9704105,0.19140261,-0.14720243,0.2142385,0.9637119,-0.15925223
1356942306826,0.09617725,-0.13946679,-0.98554504,-0.97320914,0.19456628,-0.12250689,0.20883945,0.9709238,-0.11701751
1356942306866,0.0888899,-0.101937145,-0.99081147,-0.97538745,0.19261622,-0.10732299,0.20178652,0.9759651,-0.082306564
1356942306906,0.089992404,-0.07410213,-0.9931818,-0.9770926,0.18653017,-0.10245168,0.1928502,0.9796506,-0.055618346
1356942306947,0.09877738,-0.055181295,-0.99357843,-0.97831535,0.17727783,-0.10710564,0.18204966,0.9826126,-0.03647369
1356942306986,0.11397076,-0.043771327,-0.9925194,-0.978795,0.16621178,-0.1197249,0.17020893,0.98511815,-0.023899853
1356942307026,0.13417864,-0.038404882,-0.9902127,-0.9781627,0.15492058,-0.1385543,0.1587255,0.9871801,-0.016779184
1356942307066,0.1582008,-0.0379591,-0.98667705,-0.9760945,0.14481425,-0.16207525,0.14903721,0.98873043,-0.014141977
1356942307103,0.1846799,-0.040659547,-0.9819573,-0.9723747,0.13757679,-0.18857425,0.14276192,0.98965627,-0.014128655
1356942307145,0.21029273,-0.045324713,-0.97658724,-0.9673524,0.13487658,-0.2145639,0.14144379,0.9898252,-0.015481412
1356942307184,0.23365802,-0.050767243,-0.9709926,-0.96130663,0.13781089,-0.23853248,0.14592296,0.98915666,-0.016602278
1356942307224,0.25245467,-0.0560503,-0.9659839,-0.9549544,0.14649495,-0.25807235,0.15597683,0.98762214,-0.016542137
1356942307264,0.26432794,-0.060596257,-0.96252733,-0.9493444,0.15949994,-0.27074906,0.16992944,0.9853364,-0.015366435
1356942307306,0.26676536,-0.06382257,-0.96164596,-0.9457825,0.17449719,-0.2739458,0.18528843,0.9825871,-0.013812453
1356942307346,0.25703016,-0.06499785,-0.9642151,-0.945535,0.18930992,-0.26481196,0.19974762,0.97976375,-0.012799352
1356942307386,0.23224983,-0.0634951,-0.9705815,-0.9492639,0.20273247,-0.2404114,0.21203333,0.97717345,-0.013189048
1356942307426,0.18999246,-0.059372574,-0.9799887,-0.9563391,0.21459189,-0.19840851,0.22207764,0.9748976,-0.01600945
1356942307466,0.12974098,-0.054667115,-0.99003977,-0.9644338,0.22494504,-0.1388062,0.23029262,0.9728366,-0.023538172
1356942307506,0.056811363,-0.055529684,-0.99683946,-0.9700841,0.23297372,-0.068264544,0.23602813,0.9708963,-0.040632963
1356942307546,-0.013890564,-0.07248512,-0.99727273,-0.9715419,0.23683923,-0.0036821067,0.23646018,0.9688411,-0.07371211
1356942307586,-0.062339753,-0.11445987,-0.99147,-0.97167206,0.23386046,0.034097046,0.22796288,0.9655093,-0.12579626
1356942307626,-0.076758206,-0.17909583,-0.9808327,-0.97476876,0.2202847,0.03606063,0.20960414,0.9588531,-0.1914857
1356942307666,-0.062482864,-0.2514683,-0.96584654,-0.9806894,0.19516358,0.012630135,0.18532202,0.9479847,-0.2588067
1356942307706,-0.03955102,-0.31298748,-0.94893336,-0.98578346,0.16742533,-0.014135152,0.16329956,0.9348837,-0.31515974
1356942307746,-0.030259639,-0.35211712,-0.93546665,-0.9880553,0.15201548,-0.025259078,0.15109953,0.92352843,-0.3525111
1356942307786,-0.052519977,-0.36442184,-0.92975175,-0.9872221,0.15921217,-0.006637752,0.15044674,0.91752285,-0.3681271
1356942307826,-0.1210843,-0.3461924,-0.9303168,-0.980013,0.19071689,0.05658233,0.15783873,0.9185738,-0.36236584
1356942307866,-0.2408466,-0.29386392,-0.9250065,-0.95589375,0.23689684,0.1736294,0.16810766,0.92602587,-0.3379584
1356942307906,-0.39318863,-0.21149445,-0.8948033,-0.9022156,0.2763298,0.3311327,0.1772281,0.93750304,-0.29946333
1356942307946,-0.53872883,-0.117616385,-0.83422875,-0.8223095,0.2887853,0.49031636,0.18324375,0.9501418,-0.25229406
1356942307988,-0.6478327,-0.03445974,-0.7610028,-0.738709,0.27242285,0.6165183,0.18606952,0.9615603,-0.20194018
1356942308028,-0.71768767,0.028625607,-0.6957765,-0.67093164,0.23914093,0.7018992,0.18648094,0.9705628,-0.15242267
1356942308067,-0.75557274,0.07113239,-0.6511913,-0.62830365,0.20253974,0.7511406,0.18532254,0.9766872,-0.10834074
1356942308105,-0.7712392,0.09756896,-0.62902325,-0.60986745,0.16982329,0.77409416,0.18235034,0.9806326,-0.0714702
1356942308146,-0.768192,0.11070779,-0.63057506,-0.6153083,0.14440769,0.7749465,0.1768525,0.98330575,-0.04281342
1356942308187,-0.7478708,0.11292118,-0.6541698,-0.642098,0.12711042,0.75601125,0.1685215,0.9854399,-0.022555768
1356942308226,-0.71015775,0.10645166,-0.69594824,-0.68604946,0.1174199,0.7180172,0.15815231,0.9873605,-0.010355532
1356942308266,-0.6555108,0.09367773,-0.7493532,-0.7406682,0.11387944,0.66214967,0.14736459,0.98906827,-0.0052651167
1356942308308,-0.58709335,0.07769939,-0.8057817,-0.7975515,0.115006745,0.5921867,0.13868287,0.9903213,-0.005550444
1356942308347,-0.5124566,0.06284708,-0.85641026,-0.84800285,0.11998689,0.5162309,0.1352016,0.9907842,-0.0081935525
1356942308386,-0.44322795,0.052740335,-0.8948561,-0.8855132,0.12941146,0.44622755,0.13933885,0.9901874,-0.010656536
1356942308427,-0.38691044,0.048600167,-0.92083573,-0.9096929,0.14325911,0.38978943,0.15086198,0.9884912,-0.011217296
1356942308468,-0.34906334,0.050392896,-0.9357432,-0.921921,0.16052628,0.35255206,0.16797745,0.98574436,-0.009575546
1356942308506,-0.331298,0.05614361,-0.94185436,-0.9249526,0.17776567,0.33594936,0.18629077,0.98247,-0.0069631934
1356942308546,-0.33412492,0.0653961,-0.94025743,-0.9201975,0.1932348,0.34043625,0.20395365,0.97897077,-0.0043872595
1356942308586,-0.35865957,0.07809821,-0.9301957,-0.9072397,0.20539713,0.36705324,0.21972576,0.97555757,-0.0028138757
1356942308626,-0.40119416,0.09301278,-0.9112584,-0.88581276,0.21386713,0.41182092,0.23319286,0.9724245,-0.0034103394
1356942308666,-0.45274174,0.10604322,-0.88531333,-0.85763526,0.21980649,0.46491596,0.24389881,0.9697628,-0.008569181
1356942308706,-0.4987074,0.108409226,-0.85996413,-0.82986873,0.22669178,0.50983196,0.25021732,0.9679144,-0.023087442
1356942308746,-0.52210087,0.087185204,-0.84841585,-0.8158508,0.23889226,0.5266099,0.24859259,0.9671242,-0.05359578
1356942308786,-0.50896955,0.0309605,-0.8602275,-0.8281407,0.25499046,0.49916214,0.2348041,0.9664478,-0.104142666
1356942308826,-0.45415366,-0.059471667,-0.88893616,-0.86626446,0.26260024,0.4250023,0.20815924,0.96307015,-0.17077905
1356942308868,-0.370305,-0.16224355,-0.9146317,-0.91212374,0.24984986,0.32496962,0.17579639,0.9545952,-0.24050689
1356942308908,-0.28369623,-0.24833006,-0.9262011,-0.9472553,0.22273582,0.23042595,0.14907643,0.94271994,-0.29842126
1356942308946,-0.2166515,-0.30085373,-0.92873526,-0.9668902,0.19753772,0.1615619,0.13485375,0.93298763,-0.33368933
1356942308986,-0.18187496,-0.31710196,-0.9307888,-0.97431016,0.18597046,0.12702242,0.13282019,0.9299792,-0.34277904
1356942309026,-0.17592052,-0.30315322,-0.9365629,-0.9746435,0.18728474,0.12245178,0.13828227,0.9343568,-0.32841355
1356942309069,-0.19309008,-0.26591027,-0.94446164,-0.9701569,0.19562912,0.14326459,0.14666861,0.94393903,-0.2957487
1356942309106,-0.22475284,-0.21348432,-0.9507421,-0.9620569,0.2035237,0.18172738,0.15470263,0.9555117,-0.25112653
1356942309148,-0.26257986,-0.15368283,-0.952593,-0.95138216,0.2059691,0.22901687,0.16100878,0.96641517,-0.20029444
1356942309186,-0.29684255,-0.09507084,-0.9501821,-0.94046795,0.20160148,0.2736365,0.16554329,0.9748428,-0.14925498
1356942309228,-0.32038045,-0.044097155,-0.946262,-0.93222106,0.19213492,0.30667272,0.16828653,0.9803773,-0.10266453
1356942309266,-0.32790887,-0.005043268,-0.94469595,-0.9295828,0.17995429,0.3217023,0.16837963,0.98366207,-0.06369674
1356942309306,-0.3166693,0.020246923,-0.9483199,-0.93414825,0.16681647,0.31549856,0.16458324,0.98578,-0.033912003
1356942309346,-0.28622615,0.032167017,-0.957622,-0.94526976,0.15391964,0.2877044,0.15665144,0.9875596,-0.013649285
1356942309386,-0.2390362,0.032796383,-0.9704566,-0.9599933,0.14214462,0.24126267,0.14585778,0.9893024,-0.002493441
1356942309426,-0.1798042,0.025032252,-0.9833839,-0.9744766,0.13205904,0.18153718,0.13440907,0.9909258,6.4855814E-4
1356942309466,-0.115433306,0.012398392,-0.99323785,-0.98544574,0.124188095,0.11607787,0.12478754,0.9921812,-0.0021175146
1356942309506,-0.054215014,-0.0011382997,-0.9985287,-0.9913689,0.11960405,0.053689897,0.11936703,0.99282104,-0.0076128244
1356942309546,-0.003842771,-0.011895329,-0.99992186,-0.9927865,0.119871676,0.0023893416,0.11983389,0.9927181,-0.012270212
1356942309586,0.030618846,-0.017647982,-0.99937534,-0.99147165,0.12617785,-0.032604903,0.12667453,0.9918506,-0.013634086
1356942309626,0.047253013,-0.018350124,-0.9987143,-0.9891337,0.1384905,-0.04934427,0.13921794,0.9901937,-0.011606634
1356942309666,0.04579556,-0.01520887,-0.9988351,-0.98672795,0.15524733,-0.047604322,0.15579048,0.9877585,-0.007897377
1356942309706,0.025669664,-0.008958727,-0.99963033,-0.98438895,0.17394891,-0.0268372,0.17412505,0.9847139,-0.004353702
1356942309746,-0.01444757,7.3730946E-4,-0.99989533,-0.98126835,0.19211292,0.014320105,0.19210336,0.9813726,-0.0020520687
1356942309786,-0.07517037,0.014078438,-0.9970713,-0.97518903,0.2077525,0.0764541,0.20822042,0.9780801,-0.0018876791
1356942309826,-0.15300032,0.028524518,-0.9878144,-0.963145,0.21946809,0.15551677,0.22122979,0.9752027,-0.0061054826
1356942309867,-0.23781049,0.03647563,-0.9706265,-0.9439173,0.2269758,0.23979619,0.22905543,0.9732171,-0.019547224
1356942309907,-0.31184763,0.024977922,-0.9498038,-0.9222681,0.2323609,0.3089175,0.22841337,0.9723089,-0.049424887
1356942309953,-0.358845,-0.017325848,-0.93323624,-0.9079721,0.23825073,0.34470734,0.21637186,0.9710491,-0.10122645
1356942309987,-0.38092104,-0.08189806,-0.9209734,-0.9035944,0.24412355,0.35202414,0.1960012,0.9662797,-0.16699445
1356942310027,-0.3826753,-0.15544704,-0.9107118,-0.9075515,0.2477737,0.33905545,0.17294532,0.9562659,-0.23589307
1356942310073,-0.38330895,-0.21581736,-0.89805186,-0.9104687,0.25178868,0.32809952,0.15530968,0.9434116,-0.29300773
1356942310106,-0.4001803,-0.24633446,-0.88270885,-0.9045378,0.2608783,0.33727416,0.1471973,0.933414,-0.32721716
1356942310146,-0.4391801,-0.24195623,-0.865204,-0.8862244,0.2746854,0.3730337,0.14740106,0.9305939,-0.33506393
1356942310186,-0.4940553,-0.20777383,-0.8442389,-0.85602546,0.2861034,0.43054062,0.15208447,0.9354009,-0.3192106
1356942310226,-0.55295223,-0.15471968,-0.818722,-0.8181062,0.2870791,0.49828488,0.15794352,0.94532925,-0.2853182
1356942310266,-0.6060483,-0.09468436,-0.7897723,-0.77850294,0.2743368,0.5645108,0.16321322,0.9569609,-0.23997337
1356942310306,-0.64906627,-0.036366552,-0.7598621,-0.74205613,0.25023478,0.6218805,0.16752827,0.96750194,-0.18940496
1356942310346,-0.68140227,0.014843106,-0.73175865,-0.71167624,0.22001874,0.66716474,0.17090344,0.97538275,-0.13935786
1356942310386,-0.7039542,0.05598876,-0.70803505,-0.6889155,0.1886481,0.69986236,0.17275387,0.9804474,-0.09422803
1356942310426,-0.71781546,0.085695654,-0.6909394,-0.6746514,0.15956199,0.720684,0.17200711,0.9834613,-0.05672139
1356942310466,-0.7240505,0.104173094,-0.6818348,-0.66898704,0.13463885,0.73097783,0.16794968,0.9854036,-0.027794898
1356942310506,-0.7234971,0.11286032,-0.68103933,-0.67133147,0.11481261,0.73221046,0.16082945,0.9869552,-0.0072999597
1356942310546,-0.71669114,0.11371124,-0.68805784,-0.68069327,0.100542545,0.7256362,0.15169209,0.9884134,0.00534451
1356942310584,-0.7041013,0.108914375,-0.70169723,-0.69574094,0.091902375,0.7123893,0.14207706,0.9897937,0.011067629
1356942310624,-0.6869235,0.10128054,-0.71963763,-0.71424174,0.08869743,0.69425607,0.13414466,0.9908961,0.011410475
1356942310664,-0.6677287,0.09440935,-0.7383937,-0.7328752,0.09052944,0.67431325,0.13050789,0.99140877,0.008741081
1356942310704,-0.6501363,0.09134981,-0.75430644,-0.74813044,0.09649104,0.6564987,0.13275486,0.9911331,0.0056091547
1356942310744,-0.6376591,0.09330076,-0.7646477,-0.7574007,0.10508847,0.64443827,0.14048228,0.99007654,0.0036553144
1356942310784,-0.6329649,0.0997366,-0.7677293,-0.75912666,0.11465073,0.64076674,0.15192863,0.9883865,0.003142774
1356942310824,-0.6378227,0.10962576,-0.76234144,-0.75221527,0.12388933,0.6471659,0.16539204,0.9862219,0.0034427047
1356942310864,-0.6528908,0.122068346,-0.7475513,-0.7358105,0.13201869,0.66419417,0.17976782,0.98370236,0.003625393
1356942310904,-0.6770574,0.1358741,-0.7232784,-0.70985633,0.13871592,0.69055194,0.19415835,0.980967,0.0025324225
1356942310944,-0.7067002,0.14868706,-0.69171304,-0.6764097,0.14470553,0.7221705,0.20747213,0.9782394,-0.0016900301
1356942310984,-0.7361089,0.1558245,-0.6586824,-0.64087564,0.15263349,0.7523174,0.21776651,0.97592103,-0.012490809
1356942311024,-0.7585599,0.14966488,-0.63418233,-0.61268467,0.16749614,0.7723746,0.22182043,0.97444624,-0.03535843
1356942311070,-0.7678382,0.12119217,-0.62907624,-0.6031561,0.19421679,0.77361655,0.21593347,0.9734435,-0.0760293
1356942311108,-0.7582914,0.06391388,-0.6487752,-0.62098277,0.23209858,0.74867266,0.19843039,0.9705902,-0.13630897
1356942311147,-0.72816086,-0.01443854,-0.6852542,-0.6628059,0.2694533,0.69862956,0.17455676,0.9629052,-0.20577526
1356942311187,-0.68032914,-0.09782198,-0.72634923,-0.71681535,0.29534256,0.6316237,0.15273514,0.95037025,-0.2710505
1356942311256,-0.62400913,-0.16321173,-0.76418227,-0.76812816,0.30770585,0.5615124,0.14349794,0.9373788,-0.31737876
1356942311264,-0.540527,-0.21689284,-0.8128887,-0.8292495,0.30047056,0.47123528,0.14204156,0.92880297,-0.34227073
1356942311305,-0.47416767,-0.2313042,-0.8495078,-0.8673396,0.28851256,0.4055645,0.15128493,0.92911726,-0.33742267
1356942311346,-0.3961319,-0.22474962,-0.8902625,-0.90319794,0.26989505,0.3337518,0.1652669,0.9362929,-0.30990744
1356942311386,-0.3036778,-0.20416588,-0.93064284,-0.93578726,0.24753904,0.25105098,0.17911437,0.94712234,-0.26622796
1356942311426,-0.19729275,-0.17590782,-0.9644335,-0.9618068,0.22513998,0.155691,0.18974525,0.9583154,-0.21360785
1356942311466,-0.08585325,-0.14425775,-0.98580873,-0.97680736,0.20699427,0.054778963,0.19615445,0.96764827,-0.15868318
1356942311506,0.02005443,-0.11363211,-0.99332047,-0.9799614,0.19469711,-0.042057335,0.19817576,0.9742591,-0.107450604
1356942311546,0.11220688,-0.08764073,-0.9898125,-0.9742825,0.18617767,-0.12693101,0.19540527,0.9785995,-0.0644964
1356942311586,0.18723023,-0.06816283,-0.97994834,-0.9642743,0.17756426,-0.19658649,0.18740374,0.98174584,-0.032482266
1356942311626,0.2452046,-0.05501467,-0.9679092,-0.95368713,0.1657373,-0.25102192,0.17422858,0.9846342,-0.01182726
1356942311666,0.28842843,-0.047100812,-0.95634234,-0.94453657,0.14980948,-0.2922461,0.15703419,0.98759234,-0.0012791455
1356942311706,0.31994396,-0.043610245,-0.94643223,-0.9373175,0.13103777,-0.3229007,0.13810015,0.99041766,0.0010481179
1356942311746,0.34248206,-0.044086576,-0.93848944,-0.9317856,0.112006515,-0.3452973,0.12033996,0.99272907,-0.0027190447
1356942311786,0.35788435,-0.04773739,-0.9325448,-0.9276322,0.09610492,-0.3609186,0.10685143,0.99422574,-0.009888321
1356942311826,0.36720455,-0.053102493,-0.9286232,-0.92473495,0.086633086,-0.3706211,0.10013044,0.99482405,-0.017293692
1356942311868,0.3710869,-0.058335245,-0.926764,-0.9230768,0.08549893,-0.3749923,0.10111269,0.9946291,-0.022120416
1356942311907,0.36998388,-0.06193453,-0.92697144,-0.9226507,0.09230569,-0.3744267,0.108754665,0.99380267,-0.022992313
1356942311947,0.36426356,-0.063540906,-0.9291258,-0.9234041,0.104962975,-0.3691986,0.120983034,0.99244416,-0.020439744
1356942311987,0.3539773,-0.06373754,-0.9330796,-0.9253156,0.121190816,-0.35931027,0.13598225,0.9905808,-0.016078532
1356942312046,0.3385809,-0.06329575,-0.93880594,-0.92860925,0.13850105,-0.3442414,0.15181461,0.9883375,-0.011883169
1356942312115,0.31858414,-0.063151866,-0.9457886,-0.9329163,0.15578675,-0.32465032,0.16784367,0.98577,-0.009284228
1356942312117,0.29398656,-0.06459087,-0.95362467,-0.9380459,0.17196065,-0.30083114,0.1834169,0.982984,-0.010035098
1356942312141,0.26653865,-0.07065928,-0.96123064,-0.94346297,0.18478426,-0.2751952,0.19706535,0.9802357,-0.017412245
1356942312171,0.23892376,-0.08150157,-0.96761197,-0.94867074,0.19305345,-0.25050762,0.20721763,0.9777975,-0.031193137
1356942312201,0.2176041,-0.10214469,-0.9706775,-0.95280886,0.1934436,-0.23395452,0.21166852,0.97577965,-0.05523026
1356942312245,0.20650828,-0.14466727,-0.9676908,-0.9568889,0.17659426,-0.23060343,0.20424938,0.9735942,-0.10196233
1356942312285,0.20580715,-0.20204017,-0.95750886,-0.96052825,0.14542693,-0.23714215,0.18715984,0.96851987,-0.16413546
1356942312326,0.21579412,-0.26390713,-0.9400989,-0.9621994,0.10635117,-0.25072235,0.16614798,0.958667,-0.23098135
1356942312366,0.23222955,-0.31492576,-0.92026687,-0.96091056,0.072338894,-0.26724118,0.15073225,0.9463555,-0.2858163
1356942312404,0.24920173,-0.3470474,-0.9041331,-0.95734364,0.052715495,-0.28410247,0.14625883,0.9363649,-0.31910682
1356942312444,0.26234716,-0.35740283,-0.89634657,-0.95301235,0.04983686,-0.298804,0.15146446,0.93261975,-0.32753474
1356942312484,0.26815414,-0.34714633,-0.89865613,-0.94978255,0.06088604,-0.30693,0.16126525,0.93583244,-0.31338668
1356942312529,0.2643664,-0.31935483,-0.9100126,-0.9492666,0.080458045,-0.30400556,0.17030355,0.94421345,-0.28188252
1356942312564,0.25038034,-0.27872816,-0.92715716,-0.95216286,0.102409974,-0.2879204,0.17520168,0.9548942,-0.23975319
1356942312604,0.22673382,-0.2296246,-0.9465011,-0.9580455,0.1223609,-0.25918445,0.17532986,0.965557,-0.19224745
1356942312644,0.19574267,-0.17725599,-0.9645025,-0.9655701,0.13701028,-0.22113895,0.17134494,0.9745811,-0.14433432
1356942312684,0.16123682,-0.12713253,-0.978693,-0.97324526,0.14400148,-0.17904517,0.16369572,0.981377,-0.1005128
1356942312724,0.12737408,-0.08365238,-0.9883208,-0.98000896,0.14292595,-0.1384002,0.15283418,0.98619187,-0.063775
1356942312764,0.09747371,-0.049340874,-0.99401426,-0.98535013,0.13565513,-0.10335779,0.13994288,0.98952675,-0.035395265
1356942312806,0.07359645,-0.025177568,-0.99697024,-0.98918355,0.12534538,-0.07618719,0.1268838,0.9917937,-0.015680254
1356942312846,0.05666533,-0.011314392,-0.99832916,-0.99169993,0.11495444,-0.057591915,0.11541402,0.9933064,-0.0047065616
1356942312886,0.046396315,-0.0071274936,-0.9988977,-0.99321616,0.106408834,-0.04689169,0.106625766,0.9942969,-0.0021421313
1356942312928,0.04114437,-0.010474116,-0.99909836,-0.99402964,0.100706875,-0.041991442,0.10105592,0.994861,-0.006268084
1356942312967,0.03819418,-0.01757443,-0.9991158,-0.99435973,0.098332405,-0.039742023,0.09894386,0.99499846,-0.013719559
1356942313007,0.034556508,-0.024127185,-0.9991114,-0.9943809,0.09926236,-0.036789924,0.100061774,0.99476874,-0.020561457
1356942313047,0.027867198,-0.02711159,-0.99924386,-0.9941471,0.103628814,-0.030536711,0.10437831,0.9942464,-0.024065077
1356942313087,0.016559929,-0.025848359,-0.9995287,-0.9935187,0.11200854,-0.019356966,0.11245614,0.993371,-0.023826003
1356942313125,-5.5104494E-5,-0.021390498,-0.99977124,-0.9921674,0.12488803,-0.002617389,0.12491551,0.99194026,-0.021229863
1356942313167,-0.022767901,-0.015198857,-0.9996252,-0.98985684,0.14059532,0.020407736,0.14023241,0.9899505,-0.018245697
1356942313206,-0.05158174,-0.008026063,-0.99863654,-0.9863053,0.1572696,0.0496808,0.15665644,0.9875231,-0.016028404
1356942313257,-0.087626845,-9.5289946E-4,-0.99615294,-0.98105854,0.17350855,0.08613306,0.172759,0.98483187,-0.016138852
1356942313297,-0.1344232,0.005001545,-0.99091136,-0.9734077,0.18652374,0.13299015,0.18549359,0.98243773,-0.020204544
1356942313337,-0.17828164,0.0016279817,-0.9839781,-0.96483713,0.19599995,0.17513785,0.19314474,0.9806025,-0.03337246
1356942313377,-0.21293879,-0.0196684,-0.97686756,-0.9576715,0.20241475,0.20467895,0.19370666,0.9791023,-0.06193781
1356942313418,-0.23017037,-0.066985846,-0.9708421,-0.9553472,0.20550692,0.21231732,0.18529251,0.97636044,-0.111296296
1356942313457,-0.22764066,-0.13473469,-0.9643787,-0.95884746,0.20359471,0.19789052,0.16967967,0.96974003,-0.17553645
1356942313497,-0.2070269,-0.21071553,-0.95537364,-0.9666035,0.19483101,0.16648877,0.15105462,0.9579352,-0.24401361
1356942313536,-0.17582586,-0.2791386,-0.9440164,-0.9750258,0.18155429,0.12791717,0.1356836,0.9429314,-0.3040893
1356942313576,-0.14419177,-0.3262737,-0.93421316,-0.98117197,0.16972837,0.0921621,0.12849239,0.9299127,-0.34460402
1356942313616,-0.120076716,-0.34649184,-0.93033594,-0.9842645,0.16391772,0.06598809,0.1296342,0.9236202,-0.3607223
1356942313656,-0.10713187,-0.34054774,-0.93410385,-0.98489195,0.16491362,0.052833855,0.13605401,0.92565155,-0.35307026
1356942313696,-0.10499674,-0.31304625,-0.94391614,-0.9840071,0.17004222,0.05306238,0.14389461,0.9343916,-0.32589364
1356942313736,-0.110875726,-0.2705141,-0.95631,-0.9824493,0.17506546,0.06438506,0.1499998,0.9466648,-0.28517693
1356942313776,-0.12075761,-0.22029239,-0.9679302,-0.9808151,0.17679563,0.08212799,0.15303364,0.95927817,-0.23741549
1356942313816,-0.13062268,-0.1692507,-0.9768787,-0.9794891,0.1745084,0.100737035,0.15342373,0.97000057,-0.18857396
1356942313856,-0.13716033,-0.12271783,-0.9829178,-0.9788476,0.16886309,0.11550972,0.15180346,0.9779701,-0.14328343
1356942313896,-0.13834476,-0.0837079,-0.98684025,-0.9792799,0.16035402,0.123682946,0.14789057,0.9835037,-0.10415757
1356942313936,-0.1330168,-0.05340931,-0.9896737,-0.9810287,0.14918223,0.123804,0.14102942,0.9873663,-0.07223976
1356942313976,-0.12063199,-0.031966746,-0.99218243,-0.98398775,0.135957,0.115255296,0.13120979,0.9901989,-0.047855675
1356942314016,-0.10066819,-0.019469053,-0.9947296,-0.987733,0.12191349,0.097573966,0.119371235,0.99234974,-0.03150302
1356942314089,-0.07317126,-0.015712112,-0.9971956,-0.9915867,0.10819858,0.071054935,0.10677874,0.9940051,-0.023496926
1356942314095,-0.0399141,-0.018838853,-0.99902546,-0.9946754,0.09582183,0.03793335,0.09501383,0.9952202,-0.02256316
1356942314121,-0.0055584013,-0.023513407,-0.9997081,-0.9962616,0.086316675,0.003508985,0.086209,0.9959903,-0.023905277
1356942314165,0.025123507,-0.02853635,-0.9992769,-0.9962232,0.082392365,-0.02739957,0.083114624,0.99619126,-0.026358604
1356942314205,0.053340137,-0.031726718,-0.99807227,-0.9947995,0.08515996,-0.05587229,0.08676839,0.995862,-0.027019262
1356942314248,0.0761216,-0.03222844,-0.9965775,-0.9923719,0.09475365,-0.078864574,0.096971005,0.9949789,-0.024769783
1356942314286,0.091743946,-0.030408978,-0.99531823,-0.9894328,0.1099143,-0.09455955,0.11227518,0.9934758,-0.020003676
1356942314328,0.09866434,-0.027140826,-0.9947505,-0.9866353,0.12759572,-0.10134068,0.12967631,0.99145484,-0.014188886
1356942314367,0.09583688,-0.0227274,-0.9951376,-0.98440814,0.14597857,-0.0981375,0.1474992,0.98902667,-0.008382916
1356942314408,0.08162716,-0.01747337,-0.99650973,-0.98305035,0.16327468,-0.08338758,0.16416186,0.9864259,-0.0038495064
1356942314448,0.056769103,-0.0132761,-0.99829906,-0.98226225,0.17824253,-0.05822754,0.17871243,0.983897,-0.002921939
1356942314487,0.023017615,-0.013855159,-0.99963915,-0.9816262,0.18913975,-0.025224447,0.18942106,0.98185253,-0.009247124
1356942314526,-0.0074265897,-0.028971016,-0.9995526,-0.98111266,0.19342992,0.0016832352,0.19329461,0.98068625,-0.029860318
1356942314568,-0.0248954,-0.06606373,-0.9975047,-0.9819591,0.18871137,0.012009293,0.18744704,0.979808,-0.069569886
1356942314607,-0.020866841,-0.1253312,-0.9918955,-0.98499453,0.17258248,-0.0010850728,0.17131978,0.9769889,-0.12705177
1356942314647,0.00274992,-0.1949245,-0.9808144,-0.98881924,0.14570487,-0.0317294,0.14909428,0.96993536,-0.19234443
1356942314686,0.032802224,-0.2563202,-0.9660352,-0.99112153,0.11626464,-0.064502805,0.12884909,0.9595741,-0.25023073
1356942314726,0.053189874,-0.29587033,-0.9537461,-0.99169886,0.096316576,-0.085185796,0.11706552,0.95035994,-0.28829122
1356942314766,0.05224982,-0.30881754,-0.9496851,-0.99202764,0.09315589,-0.08487177,0.11467865,0.94654834,-0.30148816
1356942314806,0.025029957,-0.2962354,-0.954787,-0.99265516,0.10571486,-0.058822155,0.11836043,0.9492465,-0.29141366
1356942314846,-0.026555121,-0.2620559,-0.9646873,-0.99190426,0.12678748,-0.007137269,0.124180615,0.9566878,-0.26330113
1356942314886,-0.09354091,-0.21271756,-0.97262603,-0.987069,0.14754099,0.062662005,0.13017291,0.96591043,-0.22376806
1356942314926,-0.16308874,-0.15615422,-0.9741755,-0.9771057,0.16229814,0.13756391,0.1366257,0.97430754,-0.17904818
1356942314994,-0.25675446,-0.072520226,-0.96375203,-0.9549917,0.17230892,0.24145481,0.14855269,0.9823698,-0.11349732
1356942315034,-0.28312033,-0.016138047,-0.9589486,-0.9460906,0.16872698,0.27648464,0.15733859,0.98553073,-0.06303811
1356942315091,-0.2829345,0.019727707,-0.95893633,-0.94537795,0.1630162,0.28228766,0.16189107,0.9864262,-0.027472794
1356942315116,-0.2553426,0.03660503,-0.96615744,-0.9532571,0.15744591,0.2578984,0.16155791,0.9868489,-0.005308628
1356942315156,-0.20397931,0.037593335,-0.9782531,-0.9664041,0.151891,0.20734563,0.15638265,0.9876821,0.005347669
1356942315196,-0.13587886,0.027015626,-0.99035704,-0.9797333,0.14483035,0.13837203,0.14717188,0.9890876,0.00678879
1356942315236,-0.061111033,0.01062575,-0.9980744,-0.9887934,0.13581264,0.06198874,0.13620973,0.9906776,0.0022071004
1356942315276,0.009698451,-0.005970955,-0.99993515,-0.99180824,0.12731344,-0.010379881,0.12736714,0.99184453,-0.0046873093
1356942315316,0.068979174,-0.019240528,-0.9974325,-0.9897996,0.1236085,-0.07083568,0.124654055,0.99214447,-0.010517836
1356942315356,0.11309016,-0.028155029,-0.99318576,-0.985022,0.12777346,-0.11578277,0.13016269,0.9914037,-0.0132834315
1356942315396,0.14102563,-0.033197165,-0.98944926,-0.97959673,0.1398702,-0.14431423,0.14318529,0.98961323,-0.012794554
1356942315436,0.15254897,-0.03499502,-0.98767614,-0.97509724,0.1574536,-0.15618497,0.16097888,0.9869061,-0.010104179
1356942315476,0.14722127,-0.033598572,-0.9885328,-0.97250307,0.1774202,-0.15086415,0.18045452,0.9835615,-0.006554723
1356942315515,0.124525726,-0.028787285,-0.99179864,-0.9719752,0.19733346,-0.1277645,0.199393,0.9799137,-0.0034074187
1356942315554,0.12571427,-0.030153185,-0.99160814,-0.968173,0.21431926,-0.12926036,0.21641836,0.97629815,-0.0022504926
1356942315594,0.025969297,-0.012363493,-0.9995863,-0.9727356,0.23020598,-0.028119028,0.23045844,0.9730634,-0.006048143
1356942315634,-0.059819788,-0.006057769,-0.99819076,-0.9691194,0.24000302,0.056621075,0.23922583,0.9707532,-0.02022767
1356942315674,-0.1209681,-0.023247957,-0.99238414,-0.96357644,0.24295896,0.11176488,0.23851031,0.9697579,-0.05179149
1356942315714,-0.1429956,-0.07375273,-0.9869715,-0.9640461,0.23605615,0.12203449,0.22398031,0.9689365,-0.104856074
1356942315758,-0.12108621,-0.1527445,-0.98081964,-0.97313106,0.2132099,0.08693358,0.19584185,0.9649925,-0.17445719
