1356942877933,-0.10135916,0.013712883,0.9947554,-0.9511182,0.2918667,-0.100936174,-0.29172012,-0.9563607,-0.016540825
1356942877954,-0.30948824,0.078024715,0.94769675,-0.90505254,0.28157067,-0.31874397,-0.29171354,-0.95636296,-0.016526282
1356942877983,-0.30943108,0.078066766,0.947712,-0.9050825,0.28152144,-0.3187025,-0.29168135,-0.95637405,-0.016454577
1356942878016,-0.30954325,0.078208774,0.94766366,-0.9050654,0.28140634,-0.3188529,-0.29161564,-0.95639634,-0.016323388
1356942878054,-0.3101747,0.078499675,0.9474331,-0.9048866,0.281197,-0.31954426,-0.29149947,-0.9564341,-0.016186893
1356942878094,-0.3126998,0.079177886,0.9465462,-0.9040513,0.2809009,-0.32215834,-0.2913935,-0.9564651,-0.01625675
1356942878138,-0.31816024,0.08059052,0.94460535,-0.9021431,0.28051877,-0.32779106,-0.29139638,-0.9564593,-0.016545713
1356942878195,-0.326688,0.08305931,0.9414755,-0.8990365,0.27998495,-0.3366628,-0.29156193,-0.95640457,-0.016794384
1356942878215,-0.3383125,0.08682495,0.9370198,-0.89465004,0.2790835,-0.34887493,-0.2917978,-0.9563335,-0.016739488
1356942878256,-0.35146463,0.091578364,0.93171126,-0.88950956,0.27770352,-0.36284074,-0.2919678,-0.9562918,-0.016143084
1356942878291,-0.36550295,0.097269535,0.9257139,-0.88383996,0.27566618,-0.37793535,-0.2919496,-0.9563194,-0.014786065
1356942878321,-0.3798679,0.103367,0.91924727,-0.87781405,0.27318138,-0.39346465,-0.2917925,-0.95639277,-0.013035834
1356942878351,-0.3918956,0.10912418,0.9135151,-0.87261736,0.2704903,-0.40666202,-0.29147363,-0.9565182,-0.010780275
1356942878381,-0.4016729,0.11458045,0.90858686,-0.8683152,0.26762462,-0.41761914,-0.29101118,-0.95668614,-0.008005559
1356942878425,-0.4079392,0.12008071,0.90507793,-0.8656208,0.26435208,-0.4252277,-0.29032084,-0.9569214,-0.0038951635
1356942878465,-0.41160506,0.1255827,0.9026685,-0.8641323,0.26093483,-0.43033528,-0.28958035,-0.9571531,0.0011178851
1356942878505,-0.41193992,0.13075015,0.90178156,-0.8642025,0.2577029,-0.43213812,-0.28889382,-0.9573368,0.0068365335
1356942878545,-0.40929496,0.13520995,0.902328,-0.8656324,0.25502312,-0.43086395,-0.28837165,-0.9574348,0.012662411
1356942878584,-0.4049859,0.13860187,0.9037565,-0.86774325,0.25320286,-0.4276796,-0.28811085,-0.9574329,0.017727315
1356942878625,-0.40099764,0.14055786,0.9052316,-0.8695804,0.25241917,-0.42439887,-0.2881504,-0.95735466,0.021006882
1356942878665,-0.39891607,0.14095896,0.9060886,-0.8704191,0.25267875,-0.42252108,-0.28850746,-0.95722723,0.021895826
1356942878706,-0.39927888,0.14002246,0.9060739,-0.8699967,0.2539541,-0.4226262,-0.28927836,-0.95702714,0.02042061
1356942878746,-0.40180093,0.1381301,0.9052491,-0.8684001,0.2562157,-0.4245406,-0.29058084,-0.95669925,0.01700455
1356942878786,-0.40571713,0.13571212,0.903867,-0.86597955,0.2592439,-0.42763513,-0.2923573,-0.9562294,0.012344301
1356942878826,-0.41002804,0.13319322,0.90229523,-0.8632581,0.2626313,-0.43105704,-0.29438487,-0.9556591,0.00729388
1356942878867,-0.41356283,0.13097951,0.901005,-0.86088896,0.26587254,-0.43379948,-0.29637134,-0.9550686,0.0028038025
1356942878906,-0.4155103,0.1293231,0.9003482,-0.8593751,0.2685169,-0.43517014,-0.29803625,-0.95455444,-4.3451786E-4
1356942878974,-0.41557485,0.1282512,0.9004716,-0.8589628,0.27025306,-0.4349095,-0.29913288,-0.9542091,-0.0021473765
1356942878988,-0.41357434,0.12763065,0.90148026,-0.8597999,0.2709542,-0.43281394,-0.29950017,-0.9540934,-0.0023228526
1356942879026,-0.40926898,0.12709597,0.90351844,-0.8619615,0.27086836,-0.4285473,-0.29920116,-0.9541892,-0.0013062358
1356942879066,-0.4021206,0.12642339,0.9068165,-0.865646,0.27013654,-0.42152488,-0.29825488,-0.9544859,8.1044436E-4
1356942879106,-0.39103478,0.12526855,0.91181123,-0.87120867,0.26909196,-0.41059113,-0.29679525,-0.95493317,0.0039107203
1356942879145,-0.3751759,0.123524874,0.91868633,-0.8787359,0.2680881,-0.39490744,-0.29506975,-0.9554424,0.007965624
1356942879188,-0.35411936,0.12129596,0.9273008,-0.88797617,0.26749521,-0.37409183,-0.29342437,-0.9558941,0.012982726
1356942879226,-0.32829595,0.11873427,0.93708277,-0.8982514,0.2676223,-0.34860125,-0.29217517,-0.9561802,0.018793881
1356942879266,-0.2990743,0.116206944,0.9471276,-0.9086562,0.26839483,-0.3198566,-0.29137373,-0.95627415,0.02532208
1356942879306,-0.2678485,0.11418301,0.95667094,-0.9185397,0.26939744,-0.28932637,-0.29076082,-0.95623595,0.032723963
1356942879346,-0.23570228,0.11341116,0.96518517,-0.9275409,0.27013737,-0.25825107,-0.29002118,-0.95611906,0.04152149
1356942879386,-0.20281154,0.11491287,0.97245175,-0.93556345,0.2704733,-0.22707957,-0.28911656,-0.9558447,0.052653193
1356942879426,-0.16900632,0.11965054,0.97832537,-0.9424712,0.27084425,-0.19593716,-0.28841773,-0.9551581,0.06699288
1356942879466,-0.13454553,0.12824881,0.982573,-0.94795454,0.27212182,-0.16532344,-0.28858203,-0.9536781,0.084961295
1356942879506,-0.10055527,0.14084029,0.9849125,-0.9516419,0.27521238,-0.13651323,-0.29028666,-0.9510112,0.10635549
1356942879546,-0.068198025,0.15720448,0.9852085,-0.95338523,0.28068435,-0.110782474,-0.29394808,-0.9468384,0.13073438
1356942879586,-0.03819692,0.17691138,0.98348534,-0.95330787,0.28860682,-0.088940054,-0.2995751,-0.9409615,0.15762705
1356942879626,-0.0103337765,0.1993899,0.9798657,-0.9516938,0.29876703,-0.070831895,-0.30687472,-0.93326414,0.18667072
1356942879666,0.016634434,0.22398588,0.9744504,-0.94878995,0.31103024,-0.0552966,-0.3154692,-0.923629,0.2176894
1356942879706,0.04422167,0.2499623,0.9672452,-0.94469297,0.3253956,-0.04090041,-0.32496095,-0.9119411,0.25052714
1356942879746,0.07379907,0.27650046,0.958176,-0.9393374,0.34198195,-0.026337504,-0.3349613,-0.8981068,0.28496513
1356942879786,0.106082916,0.3027143,0.9471592,-0.93256897,0.36082822,-0.010872722,-0.34505317,-0.88213784,0.32057956
1356942879826,0.1411246,0.32770413,0.9341808,-0.92425185,0.38174045,0.005712718,-0.35474247,-0.86422455,0.35675418
1356942879866,0.17702988,0.35048565,0.9196848,-0.9146918,0.40353718,0.022283435,-0.36331695,-0.84517306,0.39202452
1356942879906,0.21270072,0.37026745,0.90424573,-0.90421635,0.42533314,0.038529843,-0.37033927,-0.82582915,0.4252706
1356942879973,0.24496081,0.3865269,0.88915193,-0.89382505,0.4453124,0.052664608,-0.37559405,-0.807647,0.45457157
1356942879987,0.26946545,0.3990186,0.8764546,-0.8853074,0.46080035,0.062401265,-0.37897137,-0.79274666,0.47742388
1356942880025,0.281708,0.4079007,0.8684801,-0.880823,0.46889502,0.06548485,-0.38051462,-0.78342485,0.4913798
1356942880066,0.2865229,0.40825188,0.86673814,-0.87923384,0.47142497,0.06860265,-0.3805948,-0.7817217,0.49402297
1356942880106,0.25567856,0.4127599,0.87421834,-0.8889432,0.45582417,0.04476893,-0.38001105,-0.78857696,0.4834646
1356942880145,0.20043841,0.4126807,0.8885489,-0.90328985,0.42900702,0.0045142174,-0.3793308,-0.80352205,0.45875973
1356942880186,0.11933398,0.40701786,0.9055915,-0.91781604,0.393076,-0.05572304,-0.37864652,-0.82451665,0.4204748
1356942880226,0.015928924,0.3947636,0.91864467,-0.92575073,0.35297358,-0.13562903,-0.3777987,-0.84827554,0.3710752
1356942880266,-0.100305974,0.37584484,0.92123795,-0.9209248,0.31540376,-0.22894967,-0.37661147,-0.8713559,0.31448793
1356942880306,-0.21568888,0.35191384,0.910843,-0.90160465,0.2864095,-0.32415852,-0.37495002,-0.8911376,0.2555117
1356942880347,-0.3177616,0.32589617,0.890404,-0.87185836,0.2686777,-0.40948173,-0.37268022,-0.9064237,0.19875985
1356942880386,-0.39956307,0.30062592,0.86601007,-0.83883345,0.2611282,-0.47767198,-0.36974025,-0.9172983,0.14783788
1356942880426,-0.4598363,0.2778592,0.8434126,-0.80893016,0.26072282,-0.52693033,-0.36630934,-0.92456365,0.1048789
1356942880466,-0.500685,0.25819084,0.8262275,-0.7859427,0.26442474,-0.5589038,-0.36277884,-0.9292023,0.07052976
1356942880506,-0.5253207,0.24146369,0.81592476,-0.7712107,0.27006346,-0.57645446,-0.35954428,-0.9320734,0.04434955
1356942880545,-0.536647,0.22726518,0.8126257,-0.764617,0.27635103,-0.58222926,-0.35689038,-0.933799,0.025467873
1356942880586,-0.5372844,0.21511477,0.81550664,-0.7650988,0.28255618,-0.5786067,-0.35489327,-0.9348196,0.01277101
1356942880626,-0.53074163,0.20426482,0.8225505,-0.7705072,0.28797328,-0.568674,-0.35303265,-0.9356,0.004548013
1356942880666,-0.5222467,0.19360906,0.83052623,-0.777789,0.29123944,-0.55697745,-0.34971786,-0.9368538,-0.0015118718
1356942880706,-0.51784515,0.18217763,0.8358515,-0.78389704,0.29018766,-0.5489049,-0.342552,-0.9394692,-0.007463753
1356942880746,-0.5220984,0.16989404,0.8357926,-0.78659767,0.2828616,-0.5488657,-0.32966262,-0.9439944,-0.014043331
1356942880786,-0.53674144,0.15784201,0.82885134,-0.78437364,0.26864105,-0.55909747,-0.31091258,-0.9502199,-0.020383716
1356942880826,-0.5604939,0.1481305,0.81480306,-0.77622306,0.24896795,-0.5792173,-0.28865963,-0.9571167,-0.024562716
1356942880866,-0.59025925,0.14326978,0.79439783,-0.7617695,0.22667879,-0.60689706,-0.26702312,-0.96337456,-0.024660707
1356942880906,-0.62273073,0.14534014,0.768819,-0.74144953,0.20423627,-0.6391715,-0.24991798,-0.9680722,-0.019421816
1356942880973,-0.65541357,0.1555548,0.7390777,-0.7162428,0.18248016,-0.6735705,-0.23964414,-0.97082627,-0.008185029
1356942880988,-0.68575513,0.17444882,0.706617,-0.68821824,0.1605084,-0.70752573,-0.23684499,-0.9714961,0.009989381
1356942881026,-0.713051,0.20110668,0.6716504,-0.6586174,0.13630998,-0.74002886,-0.2403774,-0.970039,0.035256445
1356942881066,-0.7299348,0.23622657,0.6413986,-0.6360147,0.10897589,-0.76394343,-0.25036073,-0.9655678,0.07069826
1356942881106,-0.731704,0.28184173,0.6206243,-0.6269326,0.079072595,-0.77505034,-0.26751584,-0.9561971,0.11883807
1356942881146,-0.7112251,0.3401326,0.6151982,-0.63891035,0.05221486,-0.7675072,-0.2931767,-0.9389268,0.18017763
1356942881186,-0.66384155,0.40981096,0.6255952,-0.67267436,0.03838283,-0.73894244,-0.32683882,-0.9113626,0.2501892
1356942881226,-0.594301,0.4817663,0.6439779,-0.7171091,0.04506272,-0.69550264,-0.3640891,-0.8751403,0.31869823
1356942881266,-0.5226948,0.54128456,0.6586358,-0.7543962,0.06617534,-0.6530752,-0.397085,-0.8382313,0.37375355
1356942881306,-0.4731453,0.5789664,0.66402674,-0.775004,0.08488196,-0.62622976,-0.41892993,-0.8109211,0.40853977
1356942881347,-0.45691305,0.5945362,0.6616321,-0.77982855,0.09007549,-0.6194787,-0.4278993,-0.79900753,0.4224797
1356942881388,-0.47251558,0.590992,0.65380234,-0.7711494,0.08190763,-0.6313634,-0.42668205,-0.80250835,0.41704047
1356942881426,-0.5114979,0.5716308,0.641567,-0.7501368,0.067127526,-0.6578667,-0.41912368,-0.81776047,0.39446568
1356942881466,-0.564675,0.5393684,0.62467915,-0.71756315,0.0530802,-0.694468,-0.40773216,-0.84039533,0.3570577
1356942881506,-0.62170565,0.49838185,0.60423315,-0.67696273,0.046110988,-0.73457146,-0.3939589,-0.8657305,0.30871844
1356942881546,-0.6751235,0.45310977,0.58215094,-0.633309,0.04870993,-0.77236456,-0.37832248,-0.89012295,0.25407326
1356942881587,-0.720051,0.40776688,0.5614736,-0.59246284,0.05999136,-0.80336094,-0.3612675,-0.91111314,0.19838995
1356942881626,-0.7538142,0.3657832,0.5458633,-0.55983967,0.07739627,-0.82497835,-0.34401104,-0.9274764,0.14643753
1356942881666,-0.7745421,0.3297552,0.5397649,-0.54033,0.09869099,-0.8356457,-0.3288284,-0.9388939,0.10173631
1356942881706,-0.7807532,0.30091423,0.5476085,-0.5377154,0.122811854,-0.8341339,-0.3182556,-0.94571024,0.06592047
1356942881746,-0.7710478,0.27852386,0.5726342,-0.5541076,0.14963973,-0.8188851,-0.31376782,-0.9487004,0.038952768
1356942881786,-0.7441809,0.25985622,0.6153613,-0.58906895,0.1790539,-0.7879959,-0.3149485,-0.9489017,0.019824743
1356942881826,-0.69948906,0.24094436,0.6728008,-0.6392077,0.21005821,-0.73978984,-0.3195755,-0.9475343,0.0070801377
1356942881866,-0.6382445,0.21772407,0.73840374,-0.6983248,0.23996627,-0.67435795,-0.32401592,-0.94605094,-0.0011149645
1356942881906,-0.56446743,0.18747997,0.8038829,-0.7592338,0.26426965,-0.5947484,-0.32394522,-0.9460511,-0.0068305135
1356942881971,-0.4825729,0.1500679,0.86290383,-0.81688106,0.2782902,-0.5052325,-0.31595692,-0.9487013,-0.011707723
1356942881986,-0.3945632,0.108417094,0.9124503,-0.86874646,0.2794705,-0.40887138,-0.29933158,-0.9540136,-0.01608175
1356942882026,-0.30050713,0.06770259,0.9513737,-0.9128542,0.26863962,-0.30745727,-0.27639234,-0.9608585,-0.018925548
1356942882066,-0.20233667,0.033678204,0.97873676,-0.94647527,0.24991918,-0.20426688,-0.25148448,-0.9676808,-0.018692255
1356942882106,-0.10646111,0.0106758475,0.99425954,-0.967556,0.22931588,-0.10606405,-0.22913188,-0.9732934,-0.014083803
1356942882146,-0.020642966,3.2117963E-4,0.9997868,-0.9769051,0.21271262,-0.020238906,-0.21267372,-0.9771147,-0.0040772557
1356942882186,0.05116287,0.0022271574,0.9986878,-0.97765684,0.20426449,0.049629927,-0.20388585,-0.9789132,0.012628138
1356942882226,0.11075884,0.015680611,0.99372363,-0.9727686,0.20654732,0.10516402,-0.20360196,-0.97831094,0.03813052
1356942882266,0.16399199,0.040554255,0.98562765,-0.9632698,0.22196406,0.15113917,-0.21264455,-0.9742111,0.07546511
1356942882306,0.2174764,0.076446354,0.9730673,-0.9481171,0.25340274,0.19199222,-0.23190078,-0.9643355,0.12758926
1356942882346,0.27478933,0.12058139,0.9539135,-0.92546356,0.30225247,0.22838709,-0.2607835,-0.94557047,0.19464943
1356942882386,0.3341299,0.16669676,0.92766887,-0.8950591,0.36452928,0.25688067,-0.2953413,-0.91615,0.2710035
1356942882426,0.3900555,0.20727524,0.8971586,-0.860026,0.43009344,0.27454472,-0.32895574,-0.8786675,0.34602243
1356942882466,0.43687117,0.23657584,0.86785686,-0.82659745,0.48612344,0.28358543,-0.35479617,-0.8412585,0.4079263
1356942882506,0.47150677,0.2525856,0.84491533,-0.8008371,0.52380896,0.29031736,-0.36924428,-0.8135261,0.44925937
1356942882546,0.49314857,0.25592297,0.8314493,-0.7857526,0.5412202,0.29945546,-0.37335956,-0.80098945,0.4679941
1356942882586,0.50147575,0.2479637,0.8288764,-0.78157675,0.5406943,0.31110698,-0.37102553,-0.8038431,0.4649477
1356942882626,0.49582636,0.23028588,0.8373319,-0.7877145,0.5251826,0.3220079,-0.36559823,-0.8192384,0.44179893
1356942882666,0.47567427,0.20491111,0.8554212,-0.80312467,0.4978342,0.32734054,-0.35878217,-0.84271735,0.40137616
1356942882706,0.44090313,0.1741836,0.880491,-0.8259615,0.462664,0.32207087,-0.35127208,-0.86925375,0.34785897
1356942882746,0.39254177,0.14069036,0.9089099,-0.8532746,0.42454112,0.30279905,-0.34326872,-0.894411,0.2866976
1356942882786,0.33339646,0.10699561,0.9366956,-0.881351,0.38815668,0.26935986,-0.33476433,-0.9153613,0.22371078
1356942882827,0.2680801,0.07540473,0.9604412,-0.9064667,0.35736856,0.22495747,-0.3262686,-0.9309145,0.16415527
1356942882866,0.20219433,0.047699302,0.97818315,-0.9258623,0.33486772,0.1750502,-0.3192122,-0.941057,0.11187136
1356942882906,0.14123514,0.025125831,0.98965704,-0.93845296,0.32169893,0.12576023,-0.31521174,-0.9465085,0.06901467
1356942882974,0.08950776,0.008521467,0.9959496,-0.94488275,0.3169207,0.08220667,-0.3149365,-0.9484138,0.036418676
1356942882988,0.04922241,-0.0017971992,0.9987863,-0.94685173,0.31818342,0.04723555,-0.31788212,-0.9480275,0.013960063
1356942883026,0.019294173,-0.00663808,0.9997918,-0.9465506,0.3219094,0.02040404,-0.3219778,-0.94674724,-7.2300434E-5
1356942883066,-0.0024004579,-0.0075074136,0.9999689,-0.9457228,0.3249743,1.6951561E-4,-0.32496548,-0.945693,-0.007880032
1356942883106,-0.01993221,-0.0063439906,0.99978125,-0.9458556,0.32415265,-0.016800284,-0.32397512,-0.9459835,-0.012461543
1356942883146,-0.03654045,-0.0049182177,0.99932003,-0.9478224,0.3170762,-0.03309694,-0.3166978,-0.94838727,-0.01624769
1356942883186,-0.053994834,-0.0039504766,0.99853337,-0.95158696,0.30324334,-0.05025658,-0.30260003,-0.95290494,-0.02013278
1356942883226,-0.07268357,-0.0028049648,0.99735117,-0.95614946,0.2846644,-0.06888032,-0.28371716,-0.9586232,-0.023372412
1356942883266,-0.09224293,1.0406971E-4,0.99573654,-0.96009976,0.26512823,-0.08896932,-0.26400715,-0.96421313,-0.024356306
1356942883306,-0.11225468,0.0065654516,0.9936577,-0.9623289,0.24848402,-0.110357285,-0.2476326,-0.96861374,-0.021575391
1356942883346,-0.1323334,0.01803106,0.9910412,-0.96235985,0.23711383,-0.13281766,-0.23738441,-0.97131455,-0.014025688
1356942883410,-0.14810249,0.039340436,0.98818934,-0.96029305,0.23316488,-0.153204,-0.23643818,-0.9716412,0.0032460093
1356942883436,-0.16644105,0.06876516,0.9836507,-0.9560809,0.23282304,-0.17805228,-0.24126032,-0.9700849,0.026993752
1356942883476,-0.17319909,0.1069521,0.97906244,-0.9521928,0.23582318,-0.19420698,-0.25165644,-0.9658927,0.060994685
1356942883516,-0.16090047,0.15655649,0.9744748,-0.94991815,0.24342829,-0.19595432,-0.26789263,-0.9572004,0.10954815
1356942883556,-0.12340075,0.21658996,0.9684323,-0.94917154,0.2589956,-0.1788708,-0.2895613,-0.9412811,0.1736207
1356942883596,-0.059771776,0.28111222,0.9578117,-0.94729984,0.28655177,-0.14321706,-0.3147227,-0.9158951,0.24916989
1356942883636,0.018667042,0.33854675,0.94076437,-0.9407544,0.32457715,-0.09813663,-0.33857447,-0.88319635,0.3245482
1356942883676,0.092298955,0.37850323,0.9209866,-0.93014216,0.36291483,-0.0559327,-0.3554104,-0.85148585,0.38555843
1356942883716,0.14548767,0.39824593,0.9056674,-0.92062306,0.38974518,-0.023491114,-0.36233473,-0.83036065,0.42333755
1356942883756,0.17192337,0.40074334,0.8999151,-0.916808,0.39931938,-0.0026711524,-0.36042404,-0.8245901,0.43605697
1356942883796,0.1710124,0.38979527,0.90488356,-0.9200027,0.39187908,0.0050605536,-0.35263234,-0.83336085,0.42562902
1356942883836,0.14457023,0.368195,0.91844,-0.9285552,0.371185,-0.0026425421,-0.34188417,-0.8524401,0.39555162
1356942883876,0.096336305,0.33824262,0.936115,-0.9387766,0.34342885,-0.02747953,-0.3307837,-0.8761556,0.35061887
1356942883915,0.032085955,0.30260867,0.9525747,-0.94639844,0.31567538,-0.06840405,-0.32140404,-0.89932036,0.29651707
1356942883974,-0.040153444,0.26494077,0.96342826,-0.9482882,0.29373097,-0.12029791,-0.3148605,-0.9184381,0.23944598
1356942883996,-0.11139405,0.22941124,0.9669343,-0.943701,0.28054565,-0.17527866,-0.31148016,-0.93202186,0.1852445
1356942884036,-0.17418826,0.19935486,0.9643215,-0.9341521,0.27630907,-0.22586033,-0.3114771,-0.9401653,0.13809806
1356942884077,-0.22412413,0.17641398,0.95846045,-0.92224073,0.27951455,-0.267102,-0.31502417,-0.9437953,0.10005027
1356942884116,-0.26003832,0.1603863,0.95218503,-0.9103352,0.28809685,-0.29713634,-0.32197812,-0.9440744,0.07108903
1356942884156,-0.28308398,0.14983487,0.9473188,-0.90001726,0.29980063,-0.31636772,-0.33140966,-0.9421619,0.04998523
1356942884196,-0.2956758,0.14266899,0.9445747,-0.89217997,0.31218576,-0.32642758,-0.3414539,-0.93924737,0.034980595
1356942884236,-0.30082875,0.13651684,0.9438566,-0.8874657,0.3222667,-0.32946745,-0.3491514,-0.93675363,0.024206936
1356942884276,-0.30146724,0.1291646,0.94468725,-0.8866006,0.3265453,-0.32757837,-0.3507947,-0.9363144,0.016074657
1356942884316,-0.29981765,0.11906487,0.9465374,-0.89015836,0.32193276,-0.3224554,-0.3431145,-0.93924594,0.009465396
1356942884356,-0.29711202,0.10586706,0.9489555,-0.8979542,0.30693617,-0.31538615,-0.32465774,-0.94582355,0.0038693547
1356942884396,-0.2930693,0.090931475,0.95175725,-0.9087805,0.28277177,-0.3068519,-0.29703254,-0.95486736,-2.3496151E-4
1356942884436,-0.28647447,0.07713348,0.95497787,-0.9208367,0.25307077,-0.29667327,-0.26456043,-0.964368,-0.001470983
1356942884476,-0.27635604,0.067667484,0.9586702,-0.93245685,0.222655,-0.2845155,-0.23270518,-0.9725461,0.0015648603
1356942884516,-0.26285303,0.06484628,0.96265423,-0.94268286,0.19531518,-0.27055666,-0.20556557,-0.9785943,0.009790361
1356942884556,-0.2465983,0.06988573,0.9665947,-0.9512563,0.17315358,-0.25520432,-0.1852045,-0.9824122,0.02377987
1356942884596,-0.2265644,0.08389869,0.970376,-0.95866346,0.15687287,-0.23739296,-0.17214262,-0.9840488,0.044888854
1356942884636,-0.19804478,0.10882434,0.97413325,-0.9659437,0.14717299,-0.21282113,-0.16652623,-0.983106,0.075971305
1356942884676,-0.15192997,0.14704338,0.9773922,-0.9738252,0.14687395,-0.1734719,-0.16906133,-0.9781647,0.12088001
1356942884716,-0.07808548,0.19853935,0.97697735,-0.9803761,0.162637,-0.111407936,-0.18101147,-0.96650463,0.18194371
1356942884756,0.024813235,0.25627935,0.96628416,-0.9789612,0.20205313,-0.028450042,-0.2025319,-0.94524884,0.25590113
1356942884796,0.13962013,0.3061171,0.94169986,-0.9630556,0.2631482,0.057245225,-0.2302829,-0.91490185,0.3315485
1356942884836,0.23931739,0.33682114,0.9106474,-0.9362094,0.32866165,0.124473035,-0.25736973,-0.88234526,0.39398956
1356942884876,0.30807152,0.3479602,0.88544655,-0.90989923,0.3795406,0.16742858,-0.27780446,-0.8572471,0.43353438
1356942884916,0.34362376,0.3447801,0.873527,-0.8930398,0.40772355,0.19037154,-0.2905212,-0.8455106,0.44800588
1356942884974,0.34744185,0.33178926,0.8770405,-0.88907623,0.4138404,0.19565171,-0.29803967,-0.84773344,0.43877143
1356942884996,0.3212682,0.31158885,0.89425886,-0.8972411,0.4021948,0.1822018,-0.3028942,-0.86090165,0.40878278
1356942885036,0.26903775,0.2859333,0.91970694,-0.91319036,0.3792275,0.14923114,-0.306108,-0.88001627,0.36313802
1356942885076,0.19610688,0.25601962,0.94657063,-0.9311211,0.3513299,0.097881675,-0.3074989,-0.9005672,0.30728355
1356942885116,0.111495525,0.223306,0.96835077,-0.9453792,0.32418504,0.03409207,-0.30631194,-0.9192598,0.24725398
1356942885156,0.0268749,0.1897245,0.9814694,-0.9528608,0.3016913,-0.032227397,-0.30221507,-0.9343377,0.18888903
1356942885196,-0.046791792,0.15722778,0.9864533,-0.953953,0.28587818,-0.090815365,-0.2962842,-0.9452794,0.1366111
1356942885236,-0.10167509,0.12738255,0.98662853,-0.9513757,0.27742696,-0.13386047,-0.29076883,-0.95226467,0.09298128
1356942885276,-0.13430882,0.10111663,0.98576695,-0.9482658,0.2756682,-0.15747651,-0.28766805,-0.9559196,0.05886084
1356942885317,-0.1456284,0.0785982,0.98621225,-0.9465943,0.27877688,-0.16199589,-0.28766572,-0.9571341,0.033802807
1356942885356,-0.14041954,0.059318006,0.98831356,-0.9467209,0.28416103,-0.15156525,-0.28983077,-0.9569399,0.016255856
1356942885396,-0.12578556,0.042366832,0.99115235,-0.948269,0.28841665,-0.13267165,-0.29148573,-0.9565672,0.0038964748
1356942885436,-0.10866395,0.026969284,0.99371266,-0.9511514,0.2877628,-0.111819685,-0.2889692,-0.95732194,-0.005617559
1356942885476,-0.093885034,0.013107687,0.99549675,-0.95551455,0.27963236,-0.09379625,-0.27960256,-0.9600177,-0.013728738
1356942885516,-0.083495915,0.0016989112,0.99650663,-0.961048,0.26425308,-0.08097544,-0.2634675,-0.9644519,-0.02043128
1356942885555,-0.07800916,-0.005590439,0.996937,-0.9666965,0.24491206,-0.0742695,-0.2437467,-0.96952915,-0.024509609
1356942885594,-0.07791823,-0.0071103573,0.9969344,-0.97129744,0.22596544,-0.07430285,-0.22474444,-0.97410935,-0.024513125
1356942885634,-0.08436975,-0.0017145872,0.996433,-0.9740468,0.2109277,-0.08211136,-0.21003449,-0.9775002,-0.019465983
1356942885674,-0.09793359,0.011364758,0.99512804,-0.9745973,0.2012822,-0.098211825,-0.20141771,-0.97946733,-0.008636236
1356942885714,-0.11638546,0.033156842,0.9926505,-0.9730165,0.19667661,-0.120652914,-0.1992316,-0.97990763,0.009371877
1356942885756,-0.13169885,0.06548092,0.98912466,-0.9701663,0.19637579,-0.14217496,-0.20354986,-0.9783398,0.03766495
1356942885796,-0.1301133,0.110238254,0.9853517,-0.96791834,0.20132893,-0.15033537,-0.21495247,-0.97330064,0.08050609
1356942885836,-0.09544313,0.16693673,0.9813372,-0.9675137,0.21629632,-0.13089317,-0.23411047,-0.9619501,0.14086962
1356942885876,-0.019931883,0.22930792,0.9731499,-0.9653733,0.24881265,-0.07840145,-0.26011005,-0.9410155,0.21640843
1356942885916,0.0830487,0.28513622,0.9548824,-0.95372784,0.3005942,-0.006811708,-0.2889744,-0.91013217,0.29690623
1356942885974,0.1818907,0.32428232,0.9283085,-0.93177974,0.35846558,0.057349473,-0.31416926,-0.87541044,0.36736125
1356942885996,0.2502336,0.34639612,0.90409786,-0.9101542,0.40259385,0.097660005,-0.3301552,-0.84730625,0.41601637
1356942886036,0.27960917,0.3570806,0.8912419,-0.89934874,0.42240027,0.112915725,-0.33614084,-0.8331095,0.43924695
1356942886076,0.26959103,0.36089006,0.8927928,-0.90287125,0.41713816,0.104016244,-0.33487952,-0.8341188,0.43829393
1356942886116,0.22169179,0.359211,0.90654296,-0.9178091,0.3908801,0.06956351,-0.32936162,-0.8474551,0.4163421
1356942886156,0.13918808,0.35084423,0.9260318,-0.9366796,0.35009256,0.008149505,-0.3213376,-0.8685295,0.37735736
1356942886196,0.03148365,0.33368132,0.94216,-0.9495723,0.30419654,-0.07600486,-0.3119632,-0.8922562,0.3264318
1356942886236,-0.08527988,0.30707896,0.94785535,-0.94947886,0.2633235,-0.17073548,-0.30202183,-0.91452897,0.26910877
1356942886276,-0.19228846,0.27320758,0.9425405,-0.93687737,0.23471743,-0.259169,-0.29203758,-0.93288016,0.21082854
1356942886316,-0.27519178,0.23610842,0.93194544,-0.9188217,0.22066396,-0.32722178,-0.28290656,-0.94634044,0.15621668
1356942886356,-0.32725912,0.1996277,0.92360723,-0.903647,0.21965152,-0.367662,-0.2762672,-0.9549356,0.10851002
1356942886396,-0.34836417,0.16612929,0.92252016,-0.8964668,0.22847015,-0.37966925,-0.27384248,-0.95927185,0.06933856
1356942886436,-0.34240782,0.13636863,0.9296024,-0.8980031,0.24347323,-0.36648506,-0.27631035,-0.9602731,0.039092243
1356942886476,-0.31566703,0.10997155,0.9424758,-0.9058305,0.2608264,-0.33382744,-0.28253412,-0.9591016,0.017281234
1356942886516,-0.27635163,0.086158514,0.9571868,-0.91633916,0.2766502,-0.2894603,-0.28974536,-0.9571005,0.0024977326
1356942886555,-0.23309112,0.064174175,0.9703351,-0.926919,0.2871006,-0.24164957,-0.29409146,-0.9557484,-0.007436335
1356942886595,-0.19286299,0.043666452,0.9802536,-0.9368565,0.28881812,-0.19719037,-0.2917256,-0.95638764,-0.014793158
1356942886631,-0.15973777,0.02524364,0.9868367,-0.9463969,0.28038585,-0.16036418,-0.2807432,-0.9595554,-0.020897686
1356942886665,-0.13412002,0.010621965,0.99090827,-0.9546181,0.2669494,-0.13206965,-0.2659252,-0.9636521,-0.025663376
1356942886691,-0.116163105,2.245605E-4,0.9932301,-0.9617739,0.2496511,-0.1125406,-0.24798629,-0.96833587,-0.028784275
1356942886733,-0.1043264,-0.005121976,0.9945299,-0.9686767,0.22710422,-0.100444764,-0.22534746,-0.9738569,-0.028654516
1356942886775,-0.10367,-0.0031951666,0.9946066,-0.97340757,0.20571154,-0.1007995,-0.20427999,-0.9786075,-0.024436295
1356942886815,-0.11371416,0.006279111,0.9934937,-0.9754096,0.18932265,-0.1128408,-0.18879941,-0.98189485,-0.015403986
1356942886855,-0.13334179,0.024027526,0.99077874,-0.9744678,0.17903978,-0.13548857,-0.18064421,-0.98354834,-4.59373E-4
1356942886895,-0.15683103,0.05166474,0.98627317,-0.9710369,0.17419589,-0.16353327,-0.18025362,-0.98335475,0.022849083
1356942886934,-0.17065334,0.09182358,0.9810432,-0.96719766,0.17452472,-0.18458009,-0.18816507,-0.98036194,0.059028327
1356942886975,-0.15130961,0.14809099,0.9773303,-0.96673214,0.18411702,-0.17756727,-0.20623922,-0.9716842,0.1153056
1356942887013,-0.09628922,0.21449596,0.971967,-0.9680156,0.20710945,-0.14160314,-0.23167679,-0.95451415,0.18769306
1356942887055,5.6403875E-4,0.28175873,0.9594852,-0.96511286,0.25137883,-0.073251635,-0.26183358,-0.9259702,0.27207074
1356942887095,0.10681188,0.33629352,0.9356804,-0.9513299,0.30816674,-0.0021600723,-0.289072,-0.88991004,0.35284197
1356942887135,0.18782216,0.37228146,0.9089166,-0.9331455,0.3564347,0.04683745,-0.30653274,-0.85694855,0.4143391
1356942887176,0.22778204,0.3931381,0.8908186,-0.9221198,0.38094118,0.06766793,-0.31274664,-0.83685493,0.44929194
1356942887216,0.22515559,0.40345445,0.886865,-0.9233129,0.37901312,0.06198746,-0.31112435,-0.83281064,0.4578516
1356942887256,0.1813783,0.40469545,0.89628315,-0.93464535,0.35438627,0.029126763,-0.3058429,-0.84298986,0.4425248
1356942887296,0.10160011,0.3956957,0.9127445,-0.9486667,0.3147685,-0.030860633,-0.29951468,-0.8627548,0.40736377
1356942887336,-0.003926456,0.3749444,0.927039,-0.9560234,0.27046412,-0.11343944,-0.29326427,-0.88671637,0.35739362
1356942887376,-0.11919135,0.34325495,0.93164885,-0.95029676,0.23238987,-0.20719832,-0.2876276,-0.910039,0.29849517
1356942887416,-0.227278,0.30461973,0.92496026,-0.9318724,0.20776576,-0.29740053,-0.2827691,-0.9295376,0.23664623
1356942887456,-0.3158797,0.26448834,0.9111893,-0.906945,0.19792014,-0.37185803,-0.27869478,-0.943861,0.17735738
1356942887496,-0.3788001,0.22757715,0.89706135,-0.88340026,0.20003748,-0.42377937,-0.27588832,-0.95299196,0.12526757
1356942887536,-0.4149621,0.1966835,0.88832545,-0.8671088,0.21020544,-0.45159265,-0.27555168,-0.95766866,0.08331865
1356942887576,-0.42640913,0.17262214,0.88790584,-0.86051923,0.22505164,-0.4570103,-0.27871475,-0.9589335,0.052580595
1356942887616,-0.4173805,0.15457278,0.8954891,-0.8628842,0.24163866,-0.44389355,-0.28499866,-0.957976,0.032523215
1356942887656,-0.3942122,0.14063269,0.9081956,-0.8712508,0.25726783,-0.4180134,-0.2924359,-0.9560521,0.02110821
1356942887696,-0.36487174,0.12834212,0.9221697,-0.88205636,0.2694353,-0.38649866,-0.29806912,-0.9544281,0.014895678
1356942887736,-0.33743203,0.11543813,0.93424493,-0.89270854,0.2756554,-0.35649064,-0.29868227,-0.9542998,0.010037661
1356942887777,-0.31762695,0.10078028,0.94284487,-0.90218735,0.27391583,-0.33320892,-0.29184103,-0.9564588,0.003919661
1356942887816,-0.3073067,0.08506048,0.94780123,-0.9102739,0.2640881,-0.31883982,-0.2774237,-0.96074045,-0.0037276745
1356942887856,-0.30516547,0.07072353,0.9496695,-0.91656667,0.24879903,-0.3130568,-0.25841725,-0.96596956,-0.011101961
1356942887896,-0.30918795,0.060835987,0.9490531,-0.9203347,0.23224139,-0.31471896,-0.23955566,-0.9707538,-0.015816748
1356942887936,-0.3184986,0.05771464,0.9461647,-0.9208802,0.21787906,-0.32327762,-0.22480735,-0.97426784,-0.016245961
1356942887974,-0.33228737,0.06282985,0.9410832,-0.91805094,0.20723152,-0.3379904,-0.21625796,-0.9762722,-0.011179388
1356942888013,-0.35234606,0.076061666,0.93277377,-0.9111928,0.19948834,-0.360461,-0.21349472,-0.97694373,-9.821057E-4
1356942888055,-0.3698967,0.097932905,0.9238969,-0.90350175,0.19378436,-0.3822723,-0.21647382,-0.9761438,0.01680237
1356942888094,-0.37804955,0.13082176,0.9164956,-0.8979433,0.18914223,-0.3973952,-0.22533602,-0.9731962,0.045965374
1356942888134,-0.36361307,0.17768273,0.91444755,-0.89968526,0.18756771,-0.3941887,-0.2415613,-0.9660472,0.091656506
1356942888175,-0.31412476,0.2391077,0.9187782,-0.9112557,0.19556332,-0.36244726,-0.26634327,-0.95109546,0.15645689
1356942888216,-0.22868776,0.3078527,0.9235413,-0.92707235,0.22060752,-0.30309933,-0.2970501,-0.92550474,0.2349515
1356942888255,-0.12699562,0.3689577,0.9207293,-0.9367805,0.26051992,-0.23360595,-0.32605907,-0.8921881,0.31254745
1356942888296,-0.025318682,0.40609404,0.9134805,-0.93807364,0.30616742,-0.16210914,-0.34550953,-0.8610164,0.3731943
1356942888336,0.029711902,0.42636353,0.9040638,-0.935118,0.33135325,-0.12553626,-0.35308853,-0.8416764,0.40854537
1356942888377,0.04827863,0.42948425,0.901783,-0.934929,0.3371799,-0.11053255,-0.3515351,-0.83776665,0.41781586
1356942888416,0.03708309,0.4173665,0.9079813,-0.9380251,0.32783896,-0.11238575,-0.34457767,-0.84754163,0.40365753
1356942888456,0.0039058328,0.39179224,0.92004544,-0.9422924,0.30944866,-0.12777531,-0.33476824,-0.86645275,0.37039152
1356942888496,-0.04210919,0.35541487,0.9337597,-0.9452251,0.28861558,-0.1524814,-0.32369173,-0.8890339,0.3237937
1356942888536,-0.09237015,0.31212503,0.94553983,-0.9454654,0.27038813,-0.18161872,-0.3123505,-0.91075146,0.27012765
1356942888576,-0.14002657,0.26655895,0.95359254,-0.9431353,0.2573288,-0.21042249,-0.3014768,-0.9288316,0.21536833
1356942888616,-0.1802997,0.22322932,0.95794606,-0.93928146,0.2500078,-0.23504582,-0.29196307,-0.94215965,0.16459882
1356942888656,-0.21131146,0.1852082,0.95971113,-0.9349928,0.24784225,-0.2536983,-0.28484398,-0.9509323,0.12079638
1356942888696,-0.23325115,0.15376574,0.96018237,-0.93093234,0.2500217,-0.2661846,-0.2809965,-0.95595264,0.0848276
1356942888736,-0.24690515,0.12904212,0.9604093,-0.9274367,0.25581473,-0.27280015,-0.28088954,-0.9580746,0.05651641
1356942888776,-0.2531671,0.11060536,0.961079,-0.9247483,0.26413524,-0.27399477,-0.28416014,-0.9581226,0.035411775
1356942888816,-0.25375944,0.09727895,0.9623631,-0.9230434,0.2730463,-0.27099195,-0.2891315,-0.95706975,0.020504594
1356942888856,-0.251624,0.08688116,0.96391755,-0.9225346,0.27957654,-0.26602048,-0.29260093,-0.95618445,0.009802699
1356942888896,-0.24989253,0.076778114,0.9652248,-0.92365044,0.28023106,-0.2614199,-0.29055732,-0.9568572,8.8846684E-4
1356942888936,-0.25018287,0.06515145,0.96600413,-0.9268528,0.27233762,-0.25841078,-0.27991512,-0.9599935,-0.007748425
1356942888976,-0.25209975,0.05177045,0.9663154,-0.93234354,0.2544667,-0.25687,-0.2591934,-0.9656948,-0.015883148
1356942889014,-0.25256944,0.03949964,0.9667722,-0.9388965,0.23147106,-0.25474414,-0.2338421,-0.9720396,-0.02137649
1356942889056,-0.2502432,0.031122476,0.9676826,-0.94569004,0.20633227,-0.2511919,-0.20748186,-0.9779869,-0.022201002
1356942889096,-0.24427432,0.028993636,0.9692726,-0.951877,0.18362284,-0.245383,-0.18509516,-0.9825691,-0.017255962
1356942889136,-0.23485869,0.034339815,0.97142273,-0.95708346,0.16640908,-0.2372745,-0.16980153,-0.9854586,-0.006216526
1356942889176,-0.22191942,0.047746897,0.97389525,-0.96142745,0.15574944,-0.22671428,-0.16250855,-0.986642,0.011341333
1356942889216,-0.20361543,0.0705218,0.9765078,-0.9653748,0.15166563,-0.21224716,-0.16307071,-0.9859129,0.037198603
1356942889256,-0.17544115,0.10545489,0.9788257,-0.969378,0.15503192,-0.19045037,-0.17183316,-0.98226494,0.07502663
1356942889296,-0.13095933,0.1554108,0.97913074,-0.972981,0.16928422,-0.15700614,-0.19015178,-0.97323704,0.12904245
1356942889336,-0.065826476,0.21892321,0.9735192,-0.97360754,0.19957727,-0.110712975,-0.21853003,-0.9551134,0.2000078
1356942889376,0.015908599,0.28617635,0.9580449,-0.9672315,0.24723196,-0.057789207,-0.25339723,-0.92573184,0.28073192
1356942889416,0.100268066,0.34216425,0.93427503,-0.9528314,0.30337107,-0.008845568,-0.2864586,-0.8893197,0.35644335
1356942889456,0.17215982,0.37669107,0.91020036,-0.9351573,0.3528879,0.030835807,-0.30958307,-0.8564893,0.4130186
1356942889496,0.22413829,0.38884288,0.8936237,-0.92032784,0.386066,0.06284717,-0.32056,-0.83651316,0.4443951
1356942889537,0.2549185,0.38184276,0.8883765,-0.9116496,0.40118006,0.0891611,-0.3223534,-0.83261675,0.45037496
1356942889576,0.26690677,0.36031476,0.8938311,-0.9092767,0.40148082,0.1096769,-0.3193378,-0.8420133,0.43478382
1356942889616,0.2611298,0.3274729,0.9080599,-0.91286266,0.3896104,0.12200606,-0.31383592,-0.8607934,0.40067664
1356942889656,0.24039114,0.28686303,0.9273195,-0.92078644,0.36972368,0.1243248,-0.30718777,-0.88374996,0.35301793
1356942889696,0.20765075,0.24194756,0.94780934,-0.9309832,0.34628668,0.115567654,-0.30025244,-0.9063922,0.2971558
1356942889736,0.16666827,0.19610971,0.96631396,-0.94130605,0.3234004,0.096722126,-0.29353818,-0.9257177,0.23849982
1356942889776,0.12200415,0.15255108,0.980736,-0.94999444,0.30411738,0.07087514,-0.28744683,-0.94034076,0.1820262
1356942889816,0.078157455,0.11380944,0.9904236,-0.9559791,0.29040346,0.042069167,-0.2828346,-0.9501122,0.13149661
1356942889856,0.038633168,0.08144167,0.99592906,-0.9589348,0.28327924,0.014033049,-0.28098315,-0.9555732,0.08904123
1356942889896,0.0055842698,0.056162477,0.9984061,-0.9592315,0.2824259,-0.010521829,-0.28256673,-0.95764375,0.055449843
1356942889936,-0.020244509,0.037967384,0.999074,-0.95780885,0.2858077,-0.030269742,-0.2866923,-0.9575346,0.030579448
1356942889975,-0.039354622,0.026160479,0.9988828,-0.95586675,0.29029286,-0.045262605,-0.29115263,-0.95658016,0.013581574
1356942890013,-0.0540258,0.018923432,0.99836016,-0.9546623,0.2921441,-0.057198614,-0.29274738,-0.956187,0.0022822022
1356942890055,-0.06581649,0.014288574,0.9977294,-0.95525205,0.2880722,-0.06713995,-0.28837743,-0.957502,-0.0053107142
1356942890094,-0.076726645,0.010796785,0.99699366,-0.9579112,0.27662417,-0.076714635,-0.27662078,-0.9609175,-0.01088208
1356942890135,-0.08757946,0.007992238,0.9961255,-0.9620254,0.25883868,-0.08665815,-0.2585284,-0.96588755,-0.014980197
1356942890175,-0.098474294,0.006623119,0.9951176,-0.96634746,0.23816475,-0.097212374,-0.2376458,-0.9712022,-0.017052889
1356942890216,-0.10927355,0.00805676,0.9939791,-0.96977973,0.21858644,-0.10838491,-0.21814361,-0.97578436,-0.016072512
1356942890256,-0.11988589,0.013675064,0.9926935,-0.97181463,0.20282552,-0.12015849,-0.20298678,-0.97911936,-0.011026323
1356942890296,-0.13007835,0.024686813,0.9911964,-0.97243696,0.1919308,-0.13239673,-0.19350961,-0.98109794,-9.596944E-4
1356942890336,-0.13866732,0.042541414,0.98942494,-0.9719534,0.18577215,-0.1442062,-0.18994236,-0.9816716,0.015587747
1356942890376,-0.14235735,0.069738,0.9873556,-0.9709271,0.18410313,-0.15299213,-0.19244465,-0.9804299,0.041502118
1356942890416,-0.13484001,0.110002846,0.9847423,-0.9700155,0.18815523,-0.15384182,-0.20220742,-0.9759594,0.0813337
1356942890456,-0.107938826,0.16620395,0.9801661,-0.9692062,0.20190841,-0.14096895,-0.22133341,-0.9651991,0.13929212
1356942890496,-0.05690986,0.23552677,0.97020024,-0.96648943,0.23065162,-0.11268538,-0.2503187,-0.94410115,0.21450776
1356942890537,0.013250589,0.30718687,0.95155704,-0.9583322,0.27547485,-0.075585335,-0.2853489,-0.9109061,0.29803723
1356942890576,0.08443305,0.36526787,0.9270655,-0.944662,0.32532677,-0.042144537,-0.31699327,-0.87220514,0.37252307
1356942890616,0.1403125,0.40230337,0.9046902,-0.9306377,0.36548936,-0.018191308,-0.33797306,-0.83938634,0.42568144
1356942890656,0.17296717,0.41898048,0.89136845,-0.9219651,0.3872603,-0.0031241775,-0.34650058,-0.8212702,0.45326868
1356942890696,0.1814532,0.41925862,0.8895488,-0.92070806,0.39023283,0.003886193,-0.3455018,-0.8197198,0.45682377
1356942890736,0.16731006,0.406441,0.8982277,-0.9259143,0.37773055,0.0015470386,-0.33865926,-0.8319407,0.43952763
1356942890776,0.13312203,0.38281485,0.9141834,-0.9349954,0.3544472,-0.012272298,-0.32872772,-0.8531236,0.40511492
1356942890816,0.08260569,0.35043272,0.932938,-0.9445381,0.32609496,-0.03885585,-0.31784275,-0.8779858,0.35793436
1356942890856,0.020818204,0.31178793,0.94992363,-0.9513085,0.29844043,-0.0771068,-0.3075366,-0.90206516,0.30281952
1356942890896,-0.045948625,0.27013567,0.96172523,-0.953297,0.27584308,-0.12302655,-0.2985191,-0.92246264,0.24484485
1356942890936,-0.11084801,0.22937533,0.9670055,-0.9502218,0.2606238,-0.17074448,-0.29118922,-0.9377964,0.1890679
1356942890974,-0.16857857,0.19272071,0.96666443,-0.9431315,0.2535165,-0.21501732,-0.28650376,-0.9479389,0.13902342
1356942891013,-0.214769,0.16310889,0.96294856,-0.9341555,0.25340962,-0.25127092,-0.285005,-0.95350885,0.0979445
1356942891055,-0.24799669,0.14111555,0.9584279,-0.92525434,0.2586512,-0.27749577,-0.28705752,-0.95560765,0.06642312
1356942891094,-0.26859123,0.12617475,0.95495474,-0.9181523,0.26627076,-0.29342166,-0.29129887,-0.95560443,0.044329703
1356942891135,-0.27800936,0.11678517,0.9534527,-0.91394293,0.27335912,-0.29997182,-0.2956672,-0.9547963,0.030738592
1356942891175,-0.27909088,0.11046767,0.9538896,-0.91287065,0.27769977,-0.29924923,-0.29795232,-0.95429546,0.023339212
1356942891215,-0.27575946,0.10419217,0.95556307,-0.914575,0.27749902,-0.2941887,-0.29582,-0.9550593,0.01876849
1356942891256,-0.2716381,0.09558046,0.9576415,-0.9185374,0.27122986,-0.28761703,-0.28723156,-0.9577572,0.014117777
1356942891296,-0.26862997,0.08411336,0.95956385,-0.92411196,0.25855058,-0.2813692,-0.2717627,-0.9623287,0.008275747
1356942891336,-0.2668277,0.0713768,0.9610975,-0.9303663,0.24110407,-0.27620173,-0.2514389,-0.96787095,0.0020733476
1356942891376,-0.26573557,0.060022086,0.9621756,-0.9362384,0.22191715,-0.2724157,-0.22987422,-0.97321635,-0.0027763247
1356942891416,-0.2654341,0.052494586,0.9626988,-0.94084144,0.2040323,-0.27053323,-0.21062323,-0.97755575,-0.0047680736
1356942891455,-0.26660967,0.05063176,0.96247375,-0.94361746,0.18960369,-0.27136067,-0.19622803,-0.98055446,-0.0027731657
1356942891496,-0.2697134,0.055969864,0.9613127,-0.94439113,0.17962992,-0.27542424,-0.18809599,-0.9821408,0.0044088364
1356942891536,-0.2730369,0.07052013,0.95941544,-0.9436481,0.17425805,-0.28135824,-0.18702736,-0.98217165,0.01896727
1356942891576,-0.27103812,0.097348064,0.95763344,-0.9427806,0.17384195,-0.28450617,-0.19417304,-0.9799502,0.04466003
1356942891616,-0.25380164,0.1396459,0.9571226,-0.94391656,0.18030566,-0.27660674,-0.21120161,-0.9736472,0.0860523
1356942891656,-0.21060526,0.19731465,0.957451,-0.9480667,0.19758356,-0.24925968,-0.23835918,-0.9602227,0.14545524
