1356942815751,0.07395634,0.0488663,-0.99606353,0.93643045,0.34009603,0.08621356,0.3429702,-0.9391202,-0.02060765
1356942815774,-0.20389676,-0.09585181,0.9742887,-0.91695094,-0.32994634,-0.22435784,0.3429681,-0.93912077,-0.020616382
1356942815803,-0.20395297,-0.09589866,0.9742723,-0.91694176,-0.32992506,-0.22442636,0.3429591,-0.9391234,-0.020644248
1356942815836,-0.20416993,-0.096045494,0.9742124,-0.9169059,-0.32985264,-0.22467944,0.342926,-0.9391339,-0.020718694
1356942815876,-0.20494735,-0.09655294,0.973999,-0.91677785,-0.32959366,-0.22557974,0.34280434,-0.93917274,-0.020968199
1356942815917,-0.20765138,-0.09808907,0.9732725,-0.91627395,-0.32888782,-0.22863674,0.34252423,-0.9392611,-0.021582484
1356942815956,-0.21374214,-0.10129547,0.97162426,-0.9150597,-0.3274669,-0.23543847,0.34202364,-0.93941724,-0.022697955
1356942815995,-0.22450066,-0.10636911,0.9686512,-0.9127289,-0.32525408,-0.2472564,0.34135816,-0.93962514,-0.024066448
1356942816038,-0.23901558,-0.112707555,0.9644525,-0.9093388,-0.32236445,-0.263029,0.3405505,-0.93988204,-0.025439262
1356942816076,-0.25711334,-0.11995572,0.95890737,-0.90472347,-0.31887788,-0.28247535,0.33965886,-0.9401742,-0.026539028
1356942816115,-0.2774145,-0.12734273,0.9522736,-0.89905834,-0.3150444,-0.3040413,0.33872595,-0.940495,-0.02709061
1356942816155,-0.29784125,-0.13371488,0.94520426,-0.8928766,-0.31127828,-0.3253879,0.33773068,-0.9408646,-0.026679397
1356942816198,-0.31697577,-0.13822013,0.9383079,-0.88667446,-0.30798006,-0.34490106,0.3366523,-0.94129884,-0.024934113
1356942816237,-0.33361673,-0.14037722,0.9321985,-0.88099474,-0.3054763,-0.36129275,0.33548188,-0.94179535,-0.02175963
1356942816276,-0.34728348,-0.14066434,0.92715037,-0.8761523,-0.3037761,-0.37426904,0.33429244,-0.94230235,-0.017746985
1356942816318,-0.35760146,-0.13948548,0.9233986,-0.8724445,-0.30279619,-0.383608,0.33310935,-0.9427929,-0.013412952
1356942816356,-0.36480063,-0.13767532,0.92085075,-0.8698865,-0.302248,-0.3897996,0.3319911,-0.9432347,-0.009501636
1356942816396,-0.36929017,-0.13599378,0.91930974,-0.86836535,-0.30185407,-0.393479,0.33100805,-0.9436047,-0.0066205263
1356942816435,-0.37154406,-0.13493383,0.9185575,-0.86769557,-0.30145973,-0.3952548,0.33024135,-0.9438829,-0.0050759315
1356942816476,-0.3720578,-0.13471073,0.9183823,-0.8676556,-0.3010375,-0.39566422,0.3297677,-0.9440495,-0.0048791766
1356942816515,-0.37132454,-0.1353482,0.9185853,-0.8680235,-0.30061352,-0.3951793,0.32962596,-0.94409347,-0.0058603287
1356942816555,-0.3697906,-0.13676336,0.9189944,-0.8686185,-0.3001889,-0.39419365,0.3297832,-0.94402456,-0.0077881217
1356942816595,-0.36776394,-0.13878521,0.91950446,-0.8693429,-0.29973298,-0.39294147,0.3301403,-0.94387436,-0.010421038
1356942816635,-0.36540878,-0.14120033,0.9200755,-0.8701707,-0.2992075,-0.3915072,0.33057445,-0.94368285,-0.013535321
1356942816676,-0.3628013,-0.1437954,0.9207052,-0.8711177,-0.29856193,-0.38989073,0.33095202,-0.94349545,-0.01694405
1356942816745,-0.35670918,-0.1470389,0.9225714,-0.87368166,-0.2971912,-0.38517228,0.3308154,-0.9434283,-0.022454381
1356942816793,-0.35485625,-0.15065679,0.9227024,-0.87463737,-0.29516047,-0.3845644,0.3302825,-0.94349504,-0.027030528
1356942816826,-0.3528502,-0.15322414,0.92304873,-0.87584794,-0.29301673,-0.38344708,0.32922205,-0.9437498,-0.030810058
1356942816866,-0.35014123,-0.15463653,0.9238446,-0.87749887,-0.29091108,-0.38126972,0.32771483,-0.9441707,-0.033833444
1356942816906,-0.34564435,-0.15470606,0.9255247,-0.8799501,-0.2891264,-0.3769531,0.32591057,-0.9447073,-0.036198735
1356942816946,-0.33800977,-0.15326557,0.9285791,-0.8836212,-0.28796482,-0.36917448,0.32397985,-0.94529676,-0.038093746
1356942816987,-0.32617998,-0.15024051,0.93329215,-0.8887551,-0.28762048,-0.35691547,0.32205713,-0.94588697,-0.03971094
1356942817026,-0.30967325,-0.14566526,0.9396191,-0.895308,-0.28810555,-0.33973327,0.3201968,-0.9464549,-0.041196704
1356942817065,-0.28881294,-0.139788,0.9471253,-0.90291166,-0.2891717,-0.31800994,0.31833574,-0.9470159,-0.042699754
1356942817106,-0.26467538,-0.13311511,0.9551058,-0.91098064,-0.2903685,-0.29291686,0.31632432,-0.94761086,-0.044411838
1356942817145,-0.23887956,-0.12637505,0.96279067,-0.91887105,-0.2912202,-0.2662079,0.31402618,-0.9482721,-0.046555847
1356942817186,-0.21325022,-0.12038377,0.9695525,-0.9260495,-0.29137528,-0.23986018,0.31137893,-0.9490038,-0.049345523
1356942817226,-0.18958974,-0.11591038,0.9749977,-0.932209,-0.29053843,-0.21580938,0.30828887,-0.94981694,-0.052969575
1356942817266,-0.16920704,-0.113351464,0.9790406,-0.9373516,-0.2884311,-0.19539589,0.3045341,-0.9507676,-0.057445645
1356942817306,-0.1528033,-0.112505466,0.9818318,-0.94166374,-0.28488302,-0.17919588,0.29986772,-0.9519371,-0.06241122
1356942817346,-0.14040422,-0.112528086,0.9836789,-0.94539225,-0.27992398,-0.1669614,0.29414314,-0.9534044,-0.06708068
1356942817386,-0.13136381,-0.11200458,0.98498654,-0.9487515,-0.27387857,-0.15767446,0.28742692,-0.9552202,-0.07028684
1356942817426,-0.12463707,-0.10945332,0.9861468,-0.9519241,-0.26711935,-0.14995953,0.27983245,-0.9574274,-0.070898294
1356942817466,-0.119185805,-0.1039778,0.9874126,-0.9550172,-0.2599855,-0.14265284,0.27154568,-0.959998,-0.068314016
1356942817504,-0.11434108,-0.09571043,0.9888203,-0.9579934,-0.25289303,-0.13525456,0.26301107,-0.96274847,-0.06277391
1356942817534,-0.10993081,-0.08698845,0.9901253,-0.9605588,-0.24669868,-0.12832204,0.25542518,-0.96518016,-0.0564377
1356942817575,-0.10694456,-0.07703221,0.9912764,-0.96267354,-0.24130136,-0.12261027,0.24864125,-0.9673881,-0.04835099
1356942817614,-0.10302377,-0.06646854,0.9924556,-0.964482,-0.23730856,-0.11601332,0.24322942,-0.9691577,-0.03965929
1356942817655,-0.09814131,-0.05621475,0.99358356,-0.96596485,-0.23472875,-0.10869372,0.23933282,-0.97043407,-0.03126487
1356942817693,-0.09244168,-0.047020197,0.9946073,-0.9671874,-0.2331621,-0.10091594,0.23664978,-0.9713005,-0.023923457
1356942817734,-0.086244345,-0.039534867,0.99548924,-0.96822876,-0.2320891,-0.09309983,0.23472297,-0.9718907,-0.018262416
1356942817794,-0.07989305,-0.03404966,0.9962218,-0.96915305,-0.23110926,-0.08562127,0.23315144,-0.9723319,-0.0145353675
1356942817816,-0.073545635,-0.030211002,0.9968343,-0.9700563,-0.22983277,-0.07853553,0.23147777,-0.97276115,-0.01240322
1356942817856,-0.06723148,-0.027257115,0.997365,-0.9710872,-0.22770828,-0.07168314,0.22906208,-0.9733478,-0.011159897
1356942817896,-0.061030507,-0.02449283,0.9978354,-0.9723377,-0.22435945,-0.06497806,0.2254653,-0.97419864,-0.010122567
1356942817936,-0.055348217,-0.02168104,0.99823165,-0.9737036,-0.22010809,-0.05876887,0.22099301,-0.9752345,-0.008928329
1356942817976,-0.050911427,-0.019114822,0.99852014,-0.9748601,-0.21621412,-0.053844094,0.21692345,-0.97615874,-0.007626444
1356942818016,-0.048554003,-0.017325163,0.9986702,-0.97538954,-0.21447498,-0.0511429,0.21507585,-0.97657573,-0.0064851046
1356942818056,-0.04890877,-0.016659707,0.9986644,-0.97490656,-0.21660924,-0.05135873,0.21717551,-0.9761163,-0.0056476295
1356942818096,-0.052138984,-0.016954243,0.9984959,-0.9731843,-0.22345018,-0.054611444,0.22403997,-0.9745679,-0.004849136
1356942818136,-0.05784303,-0.017395496,0.9981741,-0.9702129,-0.23462611,-0.060311615,0.23524687,-0.97192997,-0.0033057928
1356942818176,-0.06532669,-0.01666984,0.99772465,-0.9662882,-0.24847865,-0.06741992,0.24903712,-0.96849394,1.244247E-4
1356942818217,-0.073755205,-0.013222426,0.9971887,-0.96193385,-0.26289386,-0.07463351,0.2631416,-0.9647342,0.0066707134
1356942818256,-0.08255267,-0.0056370497,0.99657077,-0.957755,-0.2759725,-0.080898345,0.27548212,-0.96114904,0.017383337
1356942818296,-0.091332614,0.007288307,0.99579376,-0.954226,-0.28662807,-0.08542222,0.28479987,-0.9580142,0.03313318
1356942818336,-0.09969002,0.02662751,0.99466217,-0.95160365,-0.29461247,-0.08748755,0.2907103,-0.95524573,0.05470875
1356942818376,-0.1064837,0.053981066,0.99284804,-0.95012033,-0.29990804,-0.08559516,0.29314256,-0.95243967,0.08322382
1356942818416,-0.10929841,0.091947764,0.98974717,-0.95031524,-0.30163556,-0.07692191,0.29147017,-0.94897926,0.12034762
1356942818456,-0.10464573,0.14318433,0.98414814,-0.9530692,-0.29712296,-0.058112442,0.28409222,-0.9440425,0.16755727
1356942818496,-0.08906448,0.20826352,0.97400916,-0.9590696,-0.28183824,-0.027435452,0.2687992,-0.93658614,0.22484097
1356942818536,-0.061915874,0.28187358,0.9574516,-0.9676093,-0.2521826,0.011669755,0.244742,-0.9257166,0.28835762
1356942818576,-0.02631712,0.35428268,0.93476796,-0.97648114,-0.20928091,0.051827163,0.21399054,-0.9114194,0.351458
1356942818616,0.011752844,0.4152266,0.9096421,-0.98323655,-0.16073847,0.08607638,0.1819557,-0.89540493,0.4063768
1356942818656,0.0462507,0.4583005,0.88759303,-0.9867363,-0.11744809,0.11206007,0.15560326,-0.88100314,0.44678962
1356942818696,0.07346076,0.48234951,0.8728932,-0.9873897,-0.08789545,0.13166645,0.14023256,-0.87155807,0.46981
1356942818736,0.091816306,0.4888802,0.8675055,-0.9863386,-0.075006425,0.14666316,0.13676924,-0.86912024,0.47531468
1356942818793,0.099940956,0.4786699,0.87228835,-0.98473656,-0.07797015,0.15561083,0.14249861,-0.87452614,0.46357125
1356942818816,0.09692198,0.45206147,0.8867055,-0.9833576,-0.09405661,0.15543869,0.15366831,-0.88701403,0.43542188
1356942818856,0.082760036,0.4100348,0.9083073,-0.9824084,-0.11953628,0.14347365,0.16740492,-0.9042027,0.3929289
1356942818895,0.058734,0.35473403,0.9331206,-0.9815898,-0.14965618,0.118677944,0.18174633,-0.9229121,0.33941334
1356942818936,0.027777731,0.2901205,0.95658696,-0.9803684,-0.17897147,0.082748055,0.19520867,-0.94010603,0.2794535
1356942818976,-0.0059350133,0.22163537,0.9751116,-0.9784174,-0.20270663,0.040118515,0.20655325,-0.953828,0.21805498
1356942819016,-0.03778714,0.15544891,0.98712087,-0.97600126,-0.21774286,-0.0030720234,0.21446109,-0.96354735,0.15994632
1356942819056,-0.06399238,0.09700328,0.9932247,-0.97392803,-0.22312915,-0.040957183,0.2176444,-0.9699503,0.10875276
1356942819096,-0.08248985,0.049837112,0.99534506,-0.9730152,-0.21998626,-0.069624424,0.21549231,-0.9742291,0.06663889
1356942819136,-0.093049645,0.015200973,0.9955454,-0.9735501,-0.2109412,-0.087772995,0.20866725,-0.97738063,0.034426898
1356942819176,-0.09681529,-0.007720381,0.99527246,-0.9752146,-0.19915259,-0.09640899,0.19895536,-0.97993815,0.01175195
1356942819216,-0.095697224,-0.021328121,0.995182,-0.9772948,-0.18785703,-0.09800321,0.18904215,-0.98196477,-0.002866447
1356942819256,-0.09186041,-0.02876538,0.9953563,-0.9789519,-0.18033814,-0.09555817,0.18224952,-0.983184,-0.011593968
1356942819296,-0.087319374,-0.03306985,0.99563134,-0.9794384,-0.17961389,-0.09186512,0.18186715,-0.9831812,-0.01670608
1356942819336,-0.08376026,-0.036567986,0.99581474,-0.97824496,-0.18731546,-0.08916101,0.18979198,-0.9816189,-0.020082831
1356942819376,-0.0824939,-0.040510386,0.99576783,-0.9751407,-0.20290971,-0.08903995,0.20565805,-0.9783591,-0.022764534
1356942819416,-0.08461112,-0.045055747,0.9953948,-0.97032833,-0.22336048,-0.09259063,0.22650358,-0.973694,-0.02482012
1356942819457,-0.09111595,-0.04982826,0.9945929,-0.96427596,-0.24504775,-0.10061523,0.24873626,-0.96822965,-0.025720417
1356942819496,-0.10309464,-0.054273635,0.99318975,-0.9574952,-0.26502103,-0.11387178,0.26939648,-0.96271396,-0.024644464
1356942819536,-0.12130761,-0.057358593,0.9909563,-0.9503373,-0.2815454,-0.13263163,0.28660676,-0.957832,-0.020356417
1356942819576,-0.14526278,-0.056565642,0.98777485,-0.9430496,-0.294057,-0.15552479,0.29925945,-0.9541126,-0.01062873
1356942819616,-0.17265588,-0.047210455,0.9838502,-0.9361331,-0.30278933,-0.1788114,0.3063411,-0.9518875,0.008083075
1356942819656,-0.19799995,-0.021793932,0.97995967,-0.93116,-0.30808973,-0.19499183,0.30616516,-0.9511076,0.040708095
1356942819696,-0.21285158,0.028404653,0.97667164,-0.9312032,-0.30860567,-0.19396716,0.29589683,-0.9507659,0.092137635
1356942819736,-0.20806271,0.10769254,0.9721689,-0.9393012,-0.2992134,-0.16788286,0.2728062,-0.94808954,0.16341084
1356942819791,-0.1790834,0.20835444,0.96151835,-0.95477426,-0.27258402,-0.11876023,0.23735029,-0.939301,0.2477467
1356942819816,-0.13291878,0.30796474,0.942067,-0.97143656,-0.2290023,-0.062201023,0.19657978,-0.92342603,0.3296069
1356942819856,-0.08508402,0.38393867,0.9194302,-0.9831077,-0.18242913,-0.0147973895,0.16204959,-0.90515786,0.39297485
1356942819896,-0.047789812,0.42843568,0.9023076,-0.9887544,-0.1484474,0.018117756,0.14170751,-0.8912947,0.43071187
1356942819936,-0.026430786,0.44373214,0.8957696,-0.99036396,-0.13348246,0.03690049,0.13594344,-0.88616264,0.4429844
1356942819976,-0.023219049,0.43359235,0.90081,-0.98977613,-0.13680679,0.04033783,0.14072707,-0.8906636,0.43233585
1356942820016,-0.038264334,0.4014589,0.9150773,-0.9877217,-0.15400076,0.026260555,0.15146518,-0.90283686,0.4024225
1356942820056,-0.06966084,0.35094425,0.93380165,-0.98392427,-0.17847401,-0.0063253045,0.16443953,-0.91923076,0.35773525
1356942820096,-0.11301166,0.28704467,0.95122755,-0.97769046,-0.20272785,-0.05497995,0.1770586,-0.93621945,0.30355147
1356942820136,-0.16206688,0.21624038,0.9627951,-0.96869886,-0.22078538,-0.11347312,0.18803364,-0.9510488,0.24525386
1356942820176,-0.20943171,0.1461226,0.9668436,-0.95782435,-0.22961062,-0.1727761,0.19675109,-0.96225107,0.18804753
1356942820216,-0.24830621,0.08376464,0.9650531,-0.94727325,-0.22928935,-0.22382963,0.20252737,-0.9697473,0.13628197
1356942820256,-0.2740376,0.034009397,0.96111745,-0.9397054,-0.22206986,-0.26007447,0.20459026,-0.97443736,0.092814356
1356942820296,-0.28466153,-0.0012250841,0.95862734,-0.9369756,-0.21098244,-0.27850175,0.20259476,-0.9774891,0.058910728
1356942820336,-0.28070283,-0.022646338,0.95952743,-0.9393544,-0.19873935,-0.27949196,0.19702536,-0.9797906,0.03451377
1356942820376,-0.26506162,-0.03321588,0.9636593,-0.94542414,-0.1874749,-0.2665079,0.18951419,-0.9817077,0.018289268
1356942820416,-0.24267524,-0.03758824,0.9693791,-0.9526705,-0.17937219,-0.24544764,0.18310553,-0.983063,0.007719934
1356942820456,-0.21922308,-0.040641487,0.974828,-0.95860463,-0.17710644,-0.22295848,0.18170968,-0.9833523,-1.3327599E-4
1356942820496,-0.1993978,-0.04568693,0.97885305,-0.9616318,-0.1829567,-0.20442903,0.18842739,-0.9820589,-0.0074528456
1356942820540,-0.18675,-0.054438055,0.980898,-0.96062285,-0.1989814,-0.19393298,0.20573786,-0.97849,-0.015134633
1356942820574,-0.18176842,-0.06393257,0.9812608,-0.95689857,-0.21835667,-0.1914823,0.22650683,-0.9737725,-0.02148658
1356942820614,-0.18470728,-0.07360825,0.98003316,-0.9504825,-0.2402147,-0.19717991,0.2499325,-0.96792495,-0.025593877
1356942820654,-0.19885594,-0.08311269,0.9764982,-0.94148076,-0.2605034,-0.21389708,0.27215868,-0.9618889,-0.026446372
1356942820695,-0.2242502,-0.09137362,0.97023845,-0.9301842,-0.27684826,-0.24106511,0.2906358,-0.9565594,-0.022911012
1356942820734,-0.25895882,-0.09585217,0.9611205,-0.9167632,-0.2889092,-0.2758202,0.30411455,-0.95254594,-0.013058156
1356942820794,-0.29754275,-0.09099311,0.9503623,-0.90243167,-0.29807538,-0.3110759,0.3115853,-0.95019543,0.006575078
1356942820816,-0.33062887,-0.06782469,0.94132054,-0.89103365,-0.30628526,-0.33503485,0.31103623,-0.94952047,0.04083264
1356942820856,-0.34557223,-0.015460521,0.9382647,-0.8893999,-0.31345165,-0.33273983,0.29924497,-0.94947827,0.09456959
1356942820896,-0.33290535,0.069903076,0.9403656,-0.90209764,-0.31399685,-0.29601654,0.27457935,-0.9468471,0.16759065
1356942820936,-0.29160374,0.17791584,0.93984747,-0.9259558,-0.2989728,-0.23069718,0.23994413,-0.9375293,0.2519238
1356942820976,-0.23414248,0.2844001,0.929674,-0.95065594,-0.2671824,-0.15769207,0.20354494,-0.9207226,0.33292544
1356942821016,-0.17947972,0.36718705,0.91266686,-0.9680847,-0.2308864,-0.09748691,0.17492634,-0.90103567,0.39690748
1356942821056,-0.14057142,0.41829458,0.89736795,-0.9771848,-0.20437235,-0.057809502,0.15921578,-0.88502073,0.43747997
1356942821096,-0.1222592,0.43906137,0.89009994,-0.9802704,-0.19376218,-0.039067,0.15531486,-0.8773149,0.45408803
1356942821136,-0.12560868,0.43216085,0.89300585,-0.97923744,-0.19837326,-0.0417372,0.15911129,-0.87970734,0.4481055
1356942821176,-0.14877528,0.40029797,0.9042275,-0.9747045,-0.21358651,-0.06581724,0.16678429,-0.89114666,0.42194864
1356942821216,-0.18675643,0.3476091,0.91885257,-0.96657735,-0.23223817,-0.10859892,0.17564264,-0.90842354,0.37936303
1356942821256,-0.23228568,0.280659,0.93127537,-0.9551449,-0.24664187,-0.16390881,0.183689,-0.92757654,0.3253614
1356942821296,-0.277503,0.20818838,0.9378963,-0.9418466,-0.25153065,-0.2228387,0.18951732,-0.945193,0.26588213
1356942821336,-0.31605494,0.13898563,0.9385053,-0.9290297,-0.2459327,-0.27644312,0.19238749,-0.9592706,0.20685005
1356942821376,-0.34437954,0.0793792,0.93546873,-0.91900915,-0.23217255,-0.31861916,0.1918984,-0.9694302,0.15290564
1356942821416,-0.3615408,0.03225383,0.9317982,-0.91323483,-0.21361643,-0.34694389,0.18785718,-0.976385,0.10668641
1356942821456,-0.36833382,-0.0023958087,0.9296906,-0.9119292,-0.19362086,-0.36179584,0.18087426,-0.98107356,0.06913227
1356942821496,-0.3663743,-0.026212752,0.9300983,-0.9142896,-0.17544967,-0.36509174,0.17275551,-0.9841394,0.040314198
1356942821536,-0.3576653,-0.041584373,0.93292356,-0.91900074,-0.161771,-0.3595384,0.16587114,-0.9859518,0.019643724
1356942821577,-0.3446839,-0.051470608,0.93730664,-0.92456007,-0.15415347,-0.34846157,0.16242456,-0.98670536,0.00554657
1356942821616,-0.32997948,-0.05910054,0.9421362,-0.92964494,-0.15297377,-0.33520052,0.16393262,-0.9864614,-0.0044643283
1356942821656,-0.3164776,-0.06718603,0.94621766,-0.93288326,-0.15878052,-0.32329184,0.17196164,-0.9850252,-0.012426257
1356942821696,-0.3053453,-0.07646921,0.9491663,-0.9337783,-0.17128861,-0.31419483,0.18660763,-0.9822488,-0.01910305
1356942821736,-0.29700083,-0.08577472,0.9510169,-0.9323967,-0.1887883,-0.3082131,0.20597777,-0.9782646,-0.023905814
1356942821793,-0.2916034,-0.09299716,0.9520079,-0.9293057,-0.20825511,-0.30499306,0.22662398,-0.9736434,-0.025694966
1356942821817,-0.28973854,-0.09654486,0.9522241,-0.92518437,-0.22655112,-0.3044808,0.24512345,-0.96920264,-0.023681223
1356942821856,-0.29222006,-0.095707595,0.9515501,-0.9204835,-0.24178898,-0.30699885,0.25945643,-0.9655974,-0.01744169
1356942821896,-0.29918855,-0.08958253,0.94997954,-0.91548455,-0.25374466,-0.3122526,0.26902458,-0.963114,-0.006093979
1356942821937,-0.30919075,-0.0757792,0.947976,-0.9106955,-0.26352936,-0.31809735,0.2739247,-0.9616703,0.012469113
1356942821976,-0.31791133,-0.048912555,0.9468579,-0.9077827,-0.27249563,-0.31886813,0.27361128,-0.96091294,0.042227447
1356942822016,-0.31838697,-0.0013210475,0.9479599,-0.9098966,-0.28010052,-0.30599317,0.26592827,-0.95996976,0.08797833
1356942822056,-0.302195,0.0731298,0.95043683,-0.9204353,-0.28172535,-0.27097905,0.24794552,-0.95670414,0.15244722
1356942822096,-0.263991,0.17114478,0.9492198,-0.939277,-0.26931602,-0.21266788,0.21924305,-0.94772273,0.23184928
1356942822136,-0.20779026,0.27501503,0.9387171,-0.96046114,-0.2391603,-0.14253679,0.18530414,-0.9312191,0.3138365
1356942822175,-0.14697498,0.3618294,0.9205856,-0.97670853,-0.20017952,-0.07725611,0.15632886,-0.9104985,0.38282326
1356942822215,-0.09468931,0.41895297,0.9030573,-0.9855809,-0.16723293,-0.025758296,0.1402294,-0.892475,0.42874718
1356942822251,-0.057556152,0.4456366,0.89336187,-0.9888314,-0.14867169,0.010455191,0.13747674,-0.88278246,0.4492163
1356942822282,-0.031122983,0.45336032,0.8907838,-0.9895538,-0.13948828,0.03641799,0.14076436,-0.8803451,0.45296574
1356942822311,-0.019705415,0.4435352,0.8960403,-0.9887645,-0.14146924,0.048281968,0.14817694,-0.88502145,0.44133964
1356942822353,-0.03226751,0.40610364,0.9132571,-0.98646855,-0.15989375,0.036246687,0.16074407,-0.89972985,0.40576786
1356942822395,-0.059197903,0.34974658,0.93497217,-0.9828962,-0.18404162,0.0066125095,0.1743865,-0.9185891,0.35465944
1356942822435,-0.095519185,0.28176126,0.9547181,-0.977867,-0.2059179,-0.037063718,0.18615046,-0.9371277,0.29519424
1356942822475,-0.13527828,0.21029955,0.9682323,-0.9716193,-0.2195453,-0.08806637,0.19405052,-0.95266676,0.23403084
1356942822515,-0.17246532,0.14343038,0.9745171,-0.96518385,-0.22213328,-0.13811976,0.1966621,-0.96440893,0.17674696
1356942822555,-0.20235527,0.08727053,0.9754158,-0.96012485,-0.21387619,-0.1800476,0.1929054,-0.97295463,0.12706965
1356942822596,-0.22224462,0.044805586,0.9739609,-0.9577175,-0.19723529,-0.20946464,0.18271425,-0.97933173,0.08674565
1356942822635,-0.23138583,0.015934736,0.97273153,-0.9582447,-0.17640722,-0.22505003,0.16801077,-0.98418826,0.056087524
1356942822676,-0.2304666,-0.0015053749,0.97307914,-0.96107304,-0.15625733,-0.2278648,0.15239376,-0.9877153,0.03456527
1356942822716,-0.22114652,-0.010777861,0.97518104,-0.9651401,-0.14112264,-0.22042921,0.13999587,-0.9899335,0.02080667
1356942822756,-0.20592606,-0.01569575,0.9784417,-0.9692982,-0.13402492,-0.20615163,0.13437125,-0.9908538,0.012385309
1356942822795,-0.18777597,-0.01998508,0.9820085,-0.9723748,-0.13736218,-0.18872935,0.13866264,-0.9903192,0.006360352
1356942822833,-0.16811985,-0.025039226,0.9854485,-0.97406363,-0.1493631,-0.16997275,0.15144563,-0.9884653,7.21097E-4
1356942822875,-0.15046674,-0.031346798,0.988118,-0.9734824,-0.16951221,-0.1536156,0.17231339,-0.98502946,-0.005009651
1356942822914,-0.13559836,-0.037059605,0.9900706,-0.9708932,-0.1941629,-0.14023966,0.19743219,-0.980269,-0.009652764
1356942822955,-0.12537903,-0.040511727,0.9912814,-0.9667748,-0.2193656,-0.13124445,0.22276998,-0.9748013,-0.011661828
1356942822996,-0.121931255,-0.04073745,0.9917022,-0.96180063,-0.24188155,-0.12819088,0.24509665,-0.96945024,-0.009688377
1356942823036,-0.12640584,-0.036726356,0.9912985,-0.9565619,-0.26012886,-0.13161382,0.26269907,-0.9648751,-0.0022492409
1356942823076,-0.13791388,-0.026002944,0.99010277,-0.9515679,-0.2738461,-0.13973826,0.2747694,-0.9614219,0.013023645
1356942823116,-0.15236002,-0.0033948123,0.9883192,-0.9477354,-0.2831363,-0.14707616,0.28032833,-0.95907366,0.039921284
1356942823157,-0.16130495,0.0393793,0.9861187,-0.94717836,-0.28682107,-0.1434814,0.27718937,-0.95717454,0.08356485
1356942823196,-0.15417409,0.109365106,0.98197234,-0.952513,-0.28057826,-0.11830002,0.26258218,-0.9535802,0.14742959
1356942823236,-0.12374359,0.20401514,0.97111547,-0.9638957,-0.2572435,-0.06878105,0.2357808,-0.9445653,0.22848159
1356942823276,-0.07412791,0.30511746,0.9494252,-0.9766959,-0.21450257,-0.0073222816,0.20142004,-0.9278426,0.31390765
1356942823316,-0.02022636,0.38889518,0.9210599,-0.9853654,-0.16370827,0.047483265,0.16925114,-0.90662014,0.38651508
1356942823356,0.023545682,0.44274575,0.896338,-0.98866457,-0.12267345,0.086565495,0.14828345,-0.88821584,0.43483865
1356942823396,0.050195634,0.46681985,0.88292676,-0.98875606,-0.10145664,0.10985422,0.14086097,-0.8785134,0.4564783
1356942823436,0.056857944,0.4647377,0.883621,-0.9879524,-0.10140622,0.1169056,0.14393505,-0.87962246,0.45337293
1356942823476,0.04254967,0.43962634,0.89717233,-0.98732924,-0.118900895,0.10508853,0.15287432,-0.89027596,0.42899674
1356942823516,0.007867575,0.39400575,0.91907436,-0.98651206,-0.14721912,0.07155752,0.16349941,-0.9072409,0.38753313
1356942823556,-0.042761862,0.33263814,0.94208455,-0.98406637,-0.17690867,0.017796785,0.17258278,-0.9263127,0.3349029
1356942823596,-0.10337508,0.26125547,0.95971835,-0.9784663,-0.20002115,-0.050944507,0.17865446,-0.94431835,0.27630687
1356942823636,-0.16588598,0.18775296,0.9681067,-0.9693084,-0.21167487,-0.12504005,0.18144721,-0.95913637,0.21710443
1356942823676,-0.2226755,0.119812965,0.9675022,-0.9579592,-0.21105748,-0.19434232,0.18091387,-0.97010285,0.1617733
1356942823716,-0.26810718,0.06318405,0.9613149,-0.9470031,-0.20054168,-0.25093466,0.17692861,-0.9776456,0.1136021
1356942823756,-0.29927564,0.020747721,0.9539411,-0.9389317,-0.18434685,-0.2905573,0.16982758,-0.9826423,0.07465118
1356942823794,-0.31567734,-0.007092327,0.94884,-0.9351696,-0.16696763,-0.3123773,0.16064107,-0.98593676,0.046075404
1356942823833,-0.3192203,-0.02290973,0.94740355,-0.93540645,-0.15275937,-0.31887192,0.15203008,-0.98799783,0.027334034
1356942823875,-0.31409907,-0.03004232,0.94891477,-0.9381031,-0.14384305,-0.31507435,0.14596033,-0.98914444,0.016998172
1356942823915,-0.3045289,-0.033100605,0.9519278,-0.94150156,-0.14099604,-0.3060962,0.14434996,-0.98945665,0.011773109
1356942823955,-0.29522413,-0.036334842,0.9547369,-0.94381547,-0.14423424,-0.2973362,0.14850944,-0.9888762,0.008288026
1356942823996,-0.28955907,-0.04194957,0.9562404,-0.9439336,-0.15299398,-0.2925442,0.15857112,-0.98733634,0.004703164
1356942824036,-0.28933764,-0.04987243,0.95592713,-0.9413991,-0.16602898,-0.29360232,0.17335418,-0.984859,0.0010885
1356942824076,-0.29538,-0.05870518,0.95357454,-0.93612766,-0.18157947,-0.30115426,0.19082889,-0.98162246,-0.0013206005
1356942824116,-0.3080107,-0.06673786,0.9490392,-0.92821574,-0.19771731,-0.31515625,0.20867431,-0.97798467,-0.0010480881
1356942824156,-0.32695264,-0.07222107,0.942277,-0.91793144,-0.21283484,-0.334818,0.22473031,-0.9744154,0.0032929778
1356942824196,-0.3509475,-0.07300386,0.9335451,-0.9058076,-0.22626412,-0.3582141,0.23737872,-0.9713265,0.013279319
1356942824236,-0.37678438,-0.065422416,0.92398787,-0.89313364,-0.23887795,-0.38111624,0.2456539,-0.9688432,0.031574488
1356942824276,-0.3989359,-0.04337001,0.91595256,-0.8827059,-0.25237435,-0.39640552,0.24835506,-0.9666572,0.062398255
1356942824316,-0.409406,0.0011495352,0.9123515,-0.8794011,-0.26682198,-0.39428377,0.24298224,-0.9637451,0.11024946
1356942824355,-0.39987558,0.073140025,0.9136467,-0.8881097,-0.27738804,-0.3664931,0.22662929,-0.95797,0.17587698
1356942824397,-0.33353418,0.1766055,0.9260483,-0.9214357,-0.2687086,-0.2806278,0.19927669,-0.9468929,0.2523541
1356942824436,-0.30100363,0.2658596,0.91581416,-0.93886185,-0.25093526,-0.23573267,0.16713825,-0.93077934,0.32513785
1356942824476,-0.2607847,0.33624107,0.90494925,-0.9551161,-0.2263,-0.191158,0.14051491,-0.9141827,0.38016495
1356942824516,-0.22518808,0.37744623,0.89823425,-0.96607155,-0.2061724,-0.15555942,0.12647581,-0.90278864,0.4110676
1356942824556,-0.201945,0.38885707,0.8988928,-0.97135574,-0.19688922,-0.1330511,0.12524444,-0.90001374,0.41747937
1356942824596,-0.19450194,0.37319568,0.90713507,-0.971822,-0.19885707,-0.12656182,0.13315791,-0.90619034,0.40135783
1356942824636,-0.20192564,0.33535132,0.9201987,-0.96847105,-0.20834267,-0.13659137,0.14591053,-0.91876704,0.36684772
1356942824676,-0.22062898,0.28172556,0.9337845,-0.96214426,-0.21991783,-0.16097984,0.16000378,-0.9339522,0.31958097
1356942824716,-0.24584836,0.21968177,0.944086,-0.953732,-0.22872895,-0.19513673,0.1730718,-0.9483791,0.26575017
1356942824756,-0.2729541,0.15650138,0.94921196,-0.94434285,-0.23190206,-0.23331916,0.18360949,-0.96006703,0.21108967
1356942824795,-0.29886466,0.09718713,0.9493337,-0.93518937,-0.22789383,-0.27108145,0.19000167,-0.96882355,0.1589978
1356942824834,-0.31870174,0.0479396,0.946642,-0.9283627,-0.21728754,-0.30154392,0.19123763,-0.9749297,0.113755256
1356942824875,-0.33084834,0.010714591,0.9436231,-0.9250474,-0.20142531,-0.32204828,0.18661898,-0.9794452,0.07655275
1356942824918,-0.33312923,-0.013511151,0.9427844,-0.9260812,-0.18322325,-0.32985297,0.17719671,-0.9829786,0.04852456
1356942824956,-0.3254392,-0.0261994,0.94519997,-0.9309834,-0.16598362,-0.32514513,0.16540626,-0.9857805,0.02962631
1356942824996,-0.31041032,-0.03143561,0.9500828,-0.93793696,-0.15247953,-0.3114872,0.15466002,-0.98780656,0.017846644
1356942825036,-0.29251236,-0.034792095,0.95562863,-0.94453907,-0.14548522,-0.2944147,0.14927319,-0.9887485,0.009693742
1356942825076,-0.27629632,-0.040515304,0.9602181,-0.9488838,-0.1471166,-0.27924237,0.15257761,-0.988289,0.0022034645
1356942825116,-0.26466632,-0.049591064,0.9630642,-0.9501549,-0.15725279,-0.26921597,0.16479519,-0.9863125,-0.0054997206
1356942825156,-0.25916457,-0.060500234,0.96393645,-0.94832814,-0.17321354,-0.26583973,0.18305019,-0.98302436,-0.012483299
1356942825196,-0.26116234,-0.07132611,0.962656,-0.9436507,-0.19113433,-0.2701681,0.20326671,-0.978969,-0.017389834
1356942825236,-0.27235085,-0.08096972,0.9587852,-0.936247,-0.20756245,-0.2834774,0.2219609,-0.97486496,-0.01927787
1356942825276,-0.29396224,-0.0887073,0.95169175,-0.92597854,-0.22041267,-0.3065646,0.23695949,-0.9713646,-0.017347991
1356942825316,-0.32537824,-0.09275806,0.9410234,-0.9126966,-0.22936994,-0.3381929,0.24721259,-0.9689094,-0.010028005
1356942825356,-0.3625142,-0.088606626,0.92775655,-0.897287,-0.23589045,-0.37313753,0.25191137,-0.96773165,0.006008029
1356942825396,-0.3966419,-0.06798154,0.9154527,-0.88349724,-0.2424671,-0.40080205,0.24921429,-0.96777487,0.036111116
1356942825436,-0.4151458,-0.020525306,0.9095233,-0.8786044,-0.25032765,-0.40668228,0.23602611,-0.96794367,0.08588886
1356942825476,-0.40540367,0.059861988,0.91217566,-0.88964665,-0.25526732,-0.37863892,0.21018258,-0.9650156,0.15674233
1356942825516,-0.36319077,0.16463387,0.9170542,-0.91525793,-0.24721843,-0.31809753,0.17434302,-0.9548711,0.24046987
1356942825555,-0.30226493,0.26729947,0.9149791,-0.9431806,-0.22283798,-0.24648207,0.13800761,-0.9374935,0.31946784
1356942825595,-0.24606746,0.3434689,0.90635526,-0.9627824,-0.1944837,-0.18768615,0.11180699,-0.9188064,0.37854198
1356942825635,-0.2116552,0.38482305,0.8983949,-0.97216856,-0.17737311,-0.15305889,0.100450456,-0.905787,0.4116548
1356942825676,-0.20587677,0.39324725,0.89608675,-0.97324777,-0.17772663,-0.14560935,0.10199797,-0.902092,0.4193167
1356942825716,-0.22919953,0.37264317,0.89922446,-0.9669154,-0.19345194,-0.1662856,0.111991584,-0.9075866,0.40465358
1356942825756,-0.27616435,0.32812408,0.9033647,-0.9528203,-0.21665555,-0.21258864,0.12596351,-0.9194536,0.37247583
1356942825794,-0.3398223,0.26403046,0.9026675,-0.9298954,-0.23798084,-0.28046322,0.14076674,-0.93469405,0.3263919
1356942825833,-0.40194458,0.19457826,0.8947512,-0.9026991,-0.24805617,-0.3515711,0.15354049,-0.94900334,0.27535054
1356942825875,-0.45704627,0.1257188,0.8805132,-0.8742808,-0.24550986,-0.41875762,0.16352892,-0.96120745,0.22212288
1356942825914,-0.49761426,0.06477383,0.8649766,-0.85053444,-0.23211938,-0.4719236,0.17020947,-0.97052824,0.17059821
1356942825955,-0.5203853,0.01615706,0.8537788,-0.8361969,-0.21235013,-0.50565046,0.17313021,-0.97706014,0.12401432
1356942825994,-0.5240798,-0.018166184,0.8514754,-0.8341285,-0.19091457,-0.5174759,0.17195958,-0.9814386,0.08490151
1356942826036,-0.5093249,-0.038753867,0.8597013,-0.84427047,-0.1710329,-0.50789285,0.16672,-0.9845029,0.054392576
1356942826076,-0.4783669,-0.048514843,0.8768189,-0.863705,-0.15442479,-0.47975677,0.15867797,-0.98681265,0.03196925
1356942826116,-0.43555588,-0.051986873,0.89865935,-0.8874305,-0.14251226,-0.43835774,0.15085876,-0.9884269,0.01593721
1356942826157,-0.38634056,-0.053541154,0.9208008,-0.91051173,-0.13733625,-0.39000916,0.14734086,-0.9890764,0.00430876
1356942826196,-0.33593315,-0.055870175,0.9402274,-0.92961735,-0.14092618,-0.34051645,0.15152732,-0.9884424,-0.004596114
1356942826236,-0.28821242,-0.059348136,0.95572555,-0.94330955,-0.15399063,-0.29403064,0.1646229,-0.9862883,-0.0116016865
1356942826276,-0.24529457,-0.06224826,0.967448,-0.9516498,-0.17488694,-0.2525417,0.18491432,-0.9826188,-0.016339779
1356942826316,-0.20890635,-0.062372178,0.9759446,-0.9554577,-0.19971901,-0.21728504,0.2084673,-0.97786605,-0.01787138
1356942826356,-0.18187344,-0.058981597,0.98155147,-0.9557844,-0.22397345,-0.19055757,0.23108083,-0.97280884,-0.015638888
1356942826396,-0.1676935,-0.05288893,0.98441947,-0.953646,-0.244398,-0.17558178,0.24987647,-0.96823156,-0.009453416
1356942826436,-0.16850579,-0.04471007,0.9846862,-0.9497858,-0.2598375,-0.17433137,0.26365274,-0.96461684,0.0013190508
1356942826476,-0.1822601,-0.032410085,0.9827161,-0.944783,-0.2710511,-0.1841641,0.27233508,-0.96201915,0.018781304
1356942826516,-0.20073801,-0.009698182,0.9795971,-0.9400207,-0.2796098,-0.19539624,0.2757999,-0.9600648,0.047011793
1356942826556,-0.20680988,0.034823447,0.97776127,-0.93968844,-0.28533804,-0.18859455,0.27242497,-0.9577941,0.0917339
1356942826596,-0.1776573,0.11281821,0.97760415,-0.9494419,-0.2809391,-0.14011839,0.25883937,-0.9530715,0.15702528
1356942826636,-0.09854466,0.22251683,0.96993566,-0.9676493,-0.24891114,-0.041208595,0.23225817,-0.9426185,0.23984712
1356942826676,0.01252985,0.3352268,0.94205415,-0.98067,-0.17986172,0.07704666,0.19526759,-0.9248096,0.3264932
1356942826716,0.11214322,0.4175469,0.9017087,-0.98107624,-0.09761429,0.16721544,0.15783992,-0.90339696,0.3986985
1356942826756,0.17470962,0.4628198,0.8690653,-0.97585654,-0.036108196,0.21540749,0.13107514,-0.8857168,0.44533718
1356942826795,0.19486696,0.47829753,0.85630506,-0.9734759,-0.012393951,0.22845396,0.11988193,-0.8781104,0.46319586
1356942826833,0.18187636,0.47338602,0.86187387,-0.97603595,-0.019587457,0.21672577,0.119476885,-0.8806372,0.4584793
1356942826875,0.12690431,0.4454156,0.88628453,-0.9837408,-0.0579558,0.16998535,0.12707955,-0.89344615,0.4308187
1356942826915,0.03385514,0.39275867,0.91901815,-0.9897048,-0.11477196,0.08550894,0.1390619,-0.9124516,0.38482958
1356942826956,-0.08706552,0.31599432,0.9447577,-0.984471,-0.17240584,-0.03306058,0.1524348,-0.93296504,0.32609788
1356942826996,-0.21483016,0.22355339,0.95072186,-0.96263516,-0.21279633,-0.16748506,0.16486827,-0.9511791,0.2609154
1356942827036,-0.32429314,0.13141325,0.93678415,-0.9296447,-0.22738779,-0.28992343,0.17491353,-0.96489656,0.19590792
1356942827076,-0.39942068,0.0541856,0.91516507,-0.8986162,-0.22080201,-0.37912467,0.18152717,-0.97381234,0.13688493
1356942827116,-0.4366362,-0.0013017952,0.8996372,-0.8807148,-0.20340693,-0.42774656,0.18354928,-0.97909343,0.0876683
1356942827156,-0.4390973,-0.03495726,0.8977592,-0.88020015,-0.18358493,-0.4376576,0.18011439,-0.98238206,0.04984224
1356942827196,-0.4126951,-0.050492555,0.90946865,-0.8945614,-0.16562158,-0.41512564,0.17158839,-0.98489594,0.023182511
1356942827236,-0.36502588,-0.053349644,0.92946756,-0.9171499,-0.15094393,-0.36885235,0.15997568,-0.9871017,0.006168902
1356942827276,-0.30544722,-0.049509674,0.95092094,-0.9405606,-0.14003867,-0.30941048,0.14848456,-0.98890746,-0.0037924647
1356942827352,-0.24367076,-0.04421693,0.96884954,-0.95957214,-0.13411117,-0.24745813,0.14087537,-0.9899794,-0.009750307
1356942827353,-0.18642044,-0.040109545,0.98165095,-0.9726949,-0.13306093,-0.19015643,0.1382465,-0.9902959,-0.014209032
1356942827381,-0.14165086,-0.03915578,0.98914194,-0.97918135,-0.14121598,-0.14581457,0.14539215,-0.98920417,-0.01833725
1356942827425,-0.105154455,-0.039277107,0.99367994,-0.98128784,-0.15797192,-0.11008716,0.16129738,-0.98666215,-0.021930695
1356942827465,-0.07753068,-0.03846711,0.9962476,-0.9802385,-0.17946541,-0.08321443,0.18199307,-0.98301196,-0.023792833
1356942827504,-0.060243547,-0.035532385,0.9975511,-0.9772737,-0.20138216,-0.06619212,0.20324099,-0.978868,-0.022592872
1356942827544,-0.055722952,-0.030499578,0.99798036,-0.9735812,-0.22001898,-0.061084688,0.22143772,-0.9750187,-0.017433643
1356942827584,-0.06600577,-0.023894131,0.99753314,-0.9698557,-0.23347914,-0.06976688,0.2345702,-0.9720682,-0.0077629387
1356942827624,-0.09064168,-0.015111148,0.9957689,-0.9660253,-0.24166936,-0.0916017,0.24203113,-0.97024083,0.0073076487
1356942827664,-0.12426275,-6.1899424E-4,0.99224913,-0.9618181,-0.24568349,-0.12060502,0.2438539,-0.96935,0.02993393
1356942827704,-0.15406936,0.027278185,0.98768336,-0.95861447,-0.24634528,-0.14273122,0.23941773,-0.96879816,0.06410357
1356942827744,-0.1602292,0.078697205,0.9839376,-0.9607458,-0.24114972,-0.13716495,0.2264818,-0.96729183,0.11424726
1356942827800,-0.123981714,0.15847352,0.9795483,-0.971398,-0.22085965,-0.08721897,0.20252079,-0.96234465,0.18132338
1356942827826,-0.04576391,0.25413066,0.9660866,-0.98456436,-0.17502195,-5.994141E-4,0.16893402,-0.9512018,0.25821766
1356942827866,0.048335195,0.33992594,0.9392092,-0.98986274,-0.109422386,0.09054497,0.13354912,-0.93406475,0.33119112
1356942827906,0.12821603,0.3992497,0.90783274,-0.9859668,-0.047364593,0.16008127,0.10691154,-0.91561794,0.38757408
1356942827946,0.17847055,0.43150136,0.8842822,-0.9793377,-0.008971393,0.20203295,0.095110655,-0.9020678,0.42098436
1356942827986,0.19264269,0.44110098,0.87653786,-0.97643924,-0.0023466945,0.21577957,0.09723759,-0.8974544,0.4302563
1356942828026,0.16516256,0.42996395,0.8876105,-0.98026395,-0.027575195,0.19576076,0.108646035,-0.90242493,0.4169237
1356942828066,0.09054029,0.39594167,0.9138012,-0.98809046,-0.07891822,0.13209549,0.12441766,-0.91487825,0.3840809
1356942828106,-0.028650582,0.33612,0.94138324,-0.9897213,-0.14154422,0.020416439,0.14010978,-0.9311221,0.33672053
1356942828146,-0.17409289,0.25349107,0.951543,-0.972852,-0.19390303,-0.12633574,0.15248206,-0.94770455,0.28036636
1356942828186,-0.3115136,0.16336045,0.9360944,-0.936702,-0.21849537,-0.27358556,0.15983918,-0.9620671,0.22108433
1356942828226,-0.41375548,0.084462225,0.9064615,-0.89591205,-0.21463025,-0.38894138,0.16170323,-0.9730364,0.16447526
1356942828266,-0.47386926,0.026698083,0.8801904,-0.8663142,-0.19341713,-0.46053186,0.15794858,-0.9807533,0.114783406
1356942828306,-0.49761534,-0.009709418,0.86734354,-0.8545673,-0.1658647,-0.492142,0.14864004,-0.9861008,0.07423937
1356942828346,-0.49380112,-0.029290646,0.8690815,-0.85903597,-0.13869756,-0.4927679,0.13497293,-0.98990154,0.043327272
1356942828386,-0.4707452,-0.037638634,0.88146603,-0.87412834,-0.115513146,-0.4717589,0.1195772,-0.99259263,0.02147621
1356942828426,-0.435717,-0.039747387,0.89920574,-0.8938507,-0.098260045,-0.43746546,0.105744064,-0.99436677,0.0072852373
1356942828466,-0.39593095,-0.039932847,0.91741157,-0.9131851,-0.087975025,-0.39793628,0.096600026,-0.9953219,-0.0016340613
1356942828506,-0.35865772,-0.04186645,0.9325298,-0.92862225,-0.08566809,-0.36100093,0.09500185,-0.9954437,-0.008152604
1356942828546,-0.3299803,-0.047826618,0.9427755,-0.93835807,-0.092291534,-0.33311608,0.10294199,-0.9945828,-0.014424086
1356942828586,-0.31363696,-0.058114827,0.94776285,-0.94189185,-0.10741198,-0.31828043,0.12029791,-0.9925146,-0.02104944
1356942828626,-0.31124556,-0.07132909,0.9476489,-0.9393333,-0.12816489,-0.31816137,0.14414942,-0.9891845,-0.027111053
1356942828666,-0.32367975,-0.08546984,0.9422984,-0.9307965,-0.15001667,-0.33333594,0.16985068,-0.9849822,-0.030997694
1356942828706,-0.35190052,-0.09897822,0.9307896,-0.9158943,-0.16877258,-0.36421606,0.19314122,-0.9806727,-0.03126234
1356942828746,-0.39632726,-0.11068961,0.91141236,-0.8934643,-0.1819647,-0.41062185,0.21129641,-0.9770551,-0.026779711
1356942828798,-0.45479953,-0.11886492,0.88262594,-0.86217225,-0.18960899,-0.46979517,0.22319594,-0.97463816,-0.016247928
1356942828826,-0.52210504,-0.12078139,0.8442856,-0.82162106,-0.19432443,-0.5358889,0.22879067,-0.9734731,0.0022212267
1356942828866,-0.5874792,-0.11099818,0.8015907,-0.7765094,-0.20153958,-0.597005,0.22781873,-0.97317076,0.032209158
1356942828906,-0.63799405,-0.08130112,0.7657373,-0.7384032,-0.21751982,-0.6383148,0.2184588,-0.97266394,0.0787434
1356942828946,-0.66169345,-0.02294594,0.74942327,-0.72323537,-0.24404609,-0.6460434,0.19771788,-0.9694921,0.1448884
1356942828986,-0.65072924,0.066875935,0.7563591,-0.74125475,-0.27188224,-0.6136949,0.16459915,-0.960004,0.22649384
1356942829026,-0.61022526,0.17325345,0.7730514,-0.7823907,-0.28509068,-0.55370396,0.12445864,-0.94271237,0.30952138
1356942829066,-0.5651934,0.26539877,0.78110176,-0.8202089,-0.2822379,-0.4975934,0.088395834,-0.92190313,0.3772014
1356942829106,-0.54514873,0.31995246,0.77488273,-0.8357434,-0.2800944,-0.47231352,0.06592238,-0.90508425,0.42009124
1356942829146,-0.5629041,0.33127445,0.7572292,-0.8243888,-0.29081494,-0.48560235,0.05934596,-0.89759886,0.43679997
1356942829186,-0.61384505,0.30269653,0.7290878,-0.7866977,-0.31128412,-0.5331126,0.065582156,-0.9008202,0.4292109
1356942829226,-0.68151104,0.24326663,0.6901914,-0.72743094,-0.32818872,-0.6026081,0.07991856,-0.9127506,0.40062383
1356942829266,-0.7460892,0.16816166,0.6442611,-0.6586405,-0.32834905,-0.6770373,0.09769085,-0.9294668,0.35573584
1356942829306,-0.79489136,0.093613654,0.59948665,-0.5957495,-0.30771852,-0.74188393,0.115022674,-0.94686097,0.30037308
1356942829347,-0.8254409,0.029979795,0.56369185,-0.54942524,-0.27181715,-0.79009324,0.1295343,-0.9618818,0.24084073
