1356623861696,-0.006721854,-0.052931428,-0.9985755,-0.7948955,-0.60558933,0.037451267,-0.60670906,0.79401493,-0.038004234
1356623861730,0.15150881,0.16247994,0.9750104,0.7803479,0.58578956,-0.2188783,-0.60671425,0.7940093,-0.03803861
1356623861769,0.1514718,0.16271138,0.9749776,0.7803295,0.5857725,-0.21898946,-0.60674715,0.7939745,-0.038240492
1356623861814,0.15140289,0.16356024,0.9748463,0.78024924,0.58570695,-0.21945038,-0.6068676,0.7938485,-0.038940012
1356623861866,0.15146825,0.16579664,0.9744582,0.7800002,0.5855081,-0.2208618,-0.6071714,0.7935312,-0.040635526
1356623861908,0.15251267,0.16941941,0.97367185,0.7794794,0.58504987,-0.22389397,-0.6075786,0.7931038,-0.04283142
1356623861947,0.15443778,0.17404202,0.9725524,0.77867544,0.5844412,-0.22823876,-0.6081228,0.79255146,-0.045262456
1356623861985,0.15788952,0.17904216,0.9710895,0.77744967,0.58377916,-0.23403838,-0.6088046,0.79192543,-0.047023654
1356623862029,0.16254771,0.18330932,0.9695236,0.77573943,0.5834784,-0.24037755,-0.6097595,0.7911705,-0.047357142
1356623862067,0.16818887,0.18648162,0.96795505,0.7734616,0.5837934,-0.24686512,-0.6111216,0.79019606,-0.04604882
1356623862105,0.17419183,0.18862322,0.96647733,0.7706742,0.5848346,-0.25304112,-0.6129587,0.7889168,-0.04349363
1356623862145,0.17991376,0.19017825,0.9651234,0.7674906,0.5865628,-0.2586546,-0.615296,0.78725874,-0.040429294
1356623862189,0.18487716,0.1918244,0.96385884,0.7640345,0.5888095,-0.2637322,-0.6181195,0.7851795,-0.037703037
1356623862226,0.18881181,0.19386533,0.962687,0.7605988,0.5912185,-0.26823545,-0.6211599,0.7828646,-0.035824656
1356623862269,0.1916048,0.19598502,0.9617055,0.75734663,0.5937217,-0.27188343,-0.6242705,0.7804386,-0.034668684
1356623862308,0.19331074,0.1976758,0.9610178,0.7544333,0.5962657,-0.27440426,-0.62726504,0.778069,-0.03386867
1356623862348,0.19395554,0.19900614,0.9606132,0.7519035,0.5987829,-0.27586263,-0.6300971,0.7757935,-0.03349614
1356623862386,0.19337636,0.20047021,0.9604256,0.75000143,0.6009006,-0.276435,-0.63253725,0.77377653,-0.034152985
1356623862427,0.19154382,0.20416299,0.9600148,0.74858713,0.60220504,-0.2774282,-0.63476634,0.7717944,-0.037485123
1356623862466,0.18800315,0.21213317,0.95898604,0.7475248,0.6024239,-0.27980706,-0.63707244,0.76947045,-0.045317233
1356623862505,0.18246958,0.22604167,0.95687515,0.7467133,0.6012647,-0.28442937,-0.6396281,0.7664111,-0.059075832
1356623862547,0.17474893,0.24624482,0.9533238,0.74626124,0.5984893,-0.29138392,-0.6423059,0.76234764,-0.07917762
1356623862586,0.1649195,0.2706387,0.9484494,0.7464056,0.5943469,-0.29938346,-0.6447327,0.7573021,-0.10398686
1356623862626,0.15272969,0.29804784,0.9422532,0.74725646,0.5891257,-0.30747136,-0.6467467,0.7510648,-0.13274121
1356623862666,0.13798594,0.32535487,0.93547,0.74882823,0.5839092,-0.3135381,-0.6482407,0.74377024,-0.1630637
1356623862743,0.12030357,0.35294163,0.92787886,0.7510767,0.57882994,-0.31755263,-0.6491616,0.73511094,-0.1954509
1356623862745,0.099120975,0.37742278,0.92072093,0.7540983,0.57520777,-0.31697276,-0.6492386,0.7257328,-0.22759873
1356623862784,0.07466596,0.39971274,0.9135944,0.7576824,0.5728991,-0.31257653,-0.64833826,0.71555316,-0.2600792
1356623862826,0.045987103,0.4164935,0.90797484,0.76136696,0.57380736,-0.3017705,-0.6466881,0.70517963,-0.29071665
1356623862866,0.014357507,0.42878157,0.9032941,0.76435643,0.5777077,-0.28637922,-0.6446341,0.69455034,-0.31944752
1356623862907,-0.020909458,0.43493196,0.9002205,0.7659409,0.585677,-0.26517317,-0.64257085,0.68397117,-0.34537846
1356623862947,-0.05865592,0.43475628,0.8986359,0.76555204,0.5973286,-0.23901589,-0.64069456,0.6739329,-0.36786544
1356623862985,-0.09707978,0.42883343,0.8981522,0.76305753,0.6114471,-0.2094651,-0.6389982,0.665007,-0.3865838
1356623863026,-0.13430154,0.41792402,0.89850014,0.7587564,0.6265738,-0.17802788,-0.63737875,0.6578334,-0.4012524
1356623863066,-0.16836303,0.40300477,0.8995782,0.75327444,0.6412316,-0.1462861,-0.635792,0.6530001,-0.41153288
1356623863106,-0.19775596,0.38495827,0.9014986,0.7472024,0.654472,-0.11556393,-0.63449293,0.65074843,-0.41706753
1356623863147,-0.22111762,0.36416033,0.90470666,0.74104106,0.6658146,-0.0868856,-0.63400716,0.6512128,-0.41708106
1356623863186,-0.23840949,0.34139156,0.9091825,0.7352427,0.6750813,-0.060689926,-0.63449115,0.65400076,-0.41195148
1356623863227,-0.24851137,0.31475925,0.9160615,0.730423,0.6820352,-0.03619677,-0.63617945,0.6601171,-0.3994009
1356623863266,-0.2523267,0.2852334,0.92464757,0.7266532,0.6868701,-0.01358819,-0.6389885,0.6684694,-0.38058144
1356623863306,-0.24919987,0.24996306,0.9356377,0.72332203,0.6904623,0.008188665,-0.64397573,0.678808,-0.35286695
1356623863346,-0.23959106,0.2093741,0.94802874,0.72004855,0.6933236,0.02885276,-0.6512497,0.6895396,-0.3168736
1356623863385,-0.22422925,0.16457635,0.96053934,0.7170788,0.6953192,0.048261344,-0.6599388,0.69960403,-0.27392513
1356623863426,-0.20424205,0.118305236,0.9717454,0.71511483,0.6959241,0.065577894,-0.6685028,0.7083032,-0.22673881
1356623863466,-0.1804822,0.072636604,0.9808924,0.7144317,0.6951191,0.07997936,-0.67602766,0.71521556,-0.17735052
1356623863505,-0.1537861,0.030123055,0.98764485,0.7148258,0.6934668,0.09015483,-0.6821831,0.71985865,-0.12817824
1356623863545,-0.12504704,-0.007024288,0.9921259,0.7156168,0.69198954,0.09509528,-0.6872087,0.7218734,-0.081504524
1356623863587,-0.09500764,-0.03669232,0.9948001,0.715927,0.69183296,0.09389177,-0.69168055,0.72112465,-0.03946036
1356623863626,-0.06446032,-0.05581206,0.9963583,0.71541256,0.69349664,0.08513123,-0.69572246,0.7182948,-0.004774332
1356623863667,-0.03481333,-0.06509638,0.9972715,0.7136189,0.69698703,0.070406884,-0.6996686,0.7141229,0.022189558
1356623863706,-0.0049440414,-0.06356338,0.9979656,0.7113384,0.7011961,0.04818529,-0.70283234,0.71012944,0.041748345
1356623863746,0.023370475,-0.053907245,0.9982725,0.70912254,0.70475876,0.021456093,-0.7046979,0.70739603,0.054697394
1356623863782,0.05106114,-0.03696087,0.99801135,0.7074318,0.7067106,-0.010021597,-0.70493484,0.70653665,0.062232733
1356623863826,0.07758109,-0.014794111,0.99687624,0.7062044,0.70660985,-0.04447335,-0.70374465,0.7074487,0.065267265
1356623863866,0.10246512,0.011019975,0.9946755,0.7047236,0.7049111,-0.08040583,-0.7020439,0.7092101,0.06446278
1356623863906,0.12524354,0.03922057,0.99135053,0.7017998,0.70278907,-0.11646709,-0.7012782,0.7103163,0.06049478
1356623863945,0.14577338,0.06898171,0.9869101,0.69646007,0.7013358,-0.15189296,-0.70263326,0.7094855,0.05419308
1356623863985,0.1644007,0.09970781,0.9813413,0.68918383,0.7001487,-0.18659419,-0.7056897,0.7070008,0.04638791
1356623864028,0.18135038,0.13096586,0.97465897,0.68209505,0.6971967,-0.22059736,-0.7084197,0.7048154,0.03710574
1356623864066,0.19765511,0.16127256,0.9669145,0.67714655,0.69075537,-0.25363293,-0.7088054,0.70487463,0.027326167
1356623864107,0.21266565,0.1887125,0.95872885,0.67554903,0.68050826,-0.28379923,-0.7059794,0.70802265,0.017236173
1356623864147,0.22683066,0.21291359,0.9503765,0.6753664,0.6686988,-0.31100184,-0.70173216,0.71239716,0.007886708
1356623864186,0.2385867,0.23401539,0.9425037,0.67594534,0.65682054,-0.3341925,-0.6972619,0.7168149,-0.00147295
1356623864226,0.24687332,0.25288463,0.9354694,0.6773642,0.64530957,-0.35320452,-0.6929873,0.7208502,-0.011985242
1356623864265,0.25057873,0.26992834,0.9297037,0.6808101,0.6336179,-0.367459,-0.6882645,0.72502905,-0.024998784
1356623864306,0.24864438,0.28539187,0.92559576,0.6873385,0.6213132,-0.37621236,-0.6824528,0.7297406,-0.041674733
1356623864345,0.23986432,0.30058762,0.9230992,0.69705856,0.60849226,-0.37927097,-0.675703,0.73442775,-0.06357163
1356623864385,0.22273442,0.31907284,0.921185,0.7090101,0.5955202,-0.37770396,-0.66909933,0.7372572,-0.09358305
1356623864425,0.19577935,0.34612045,0.9175353,0.7215079,0.5828301,-0.37381202,-0.6641512,0.73519367,-0.13562256
1356623864469,0.15808114,0.38756463,0.9081872,0.73289216,0.57032,-0.37095028,-0.6617245,0.7242436,-0.19388628
1356623864527,0.114112735,0.43568116,0.89283824,0.7424043,0.5597977,-0.36805212,-0.6601622,0.7048464,-0.2595715
1356623864548,0.06955764,0.4869371,0.870663,0.7490327,0.5509509,-0.36797178,-0.6588717,0.67775023,-0.32640892
1356623864582,0.030676633,0.5266826,0.8495083,0.7527416,0.5469903,-0.36630824,-0.657601,0.65069735,-0.3796761
1356623864620,0.002157867,0.54588413,0.8378579,0.75286365,0.5505711,-0.360649,-0.6581729,0.63157105,-0.4097883
1356623864660,-0.01577583,0.54239607,0.83997476,0.749236,0.5627111,-0.34928727,-0.6621152,0.623829,-0.4152599
1356623864705,-0.023935439,0.5164746,0.85596794,0.7421795,0.5828135,-0.3309049,-0.66977364,0.6273615,-0.39726675
1356623864746,-0.024380503,0.47145358,0.88155377,0.7337687,0.60733646,-0.30450928,-0.67896175,0.6394325,-0.36074507
1356623864782,-0.018752664,0.41246808,0.91077894,0.7263558,0.6316029,-0.271081,-0.6870629,0.6564661,-0.31144285
1356623864826,-0.007816669,0.34441882,0.9387836,0.7209863,0.652469,-0.23337314,-0.69290525,0.6750258,-0.25342137
1356623864866,0.0076020956,0.27421182,0.9616393,0.7174109,0.6684295,-0.19627434,-0.6966088,0.6913826,-0.19164109
1356623864906,0.026907198,0.20800018,0.97775865,0.7146141,0.67994726,-0.16431192,-0.6990012,0.7031412,-0.13034439
1356623864946,0.049462974,0.15265375,0.9870412,0.7118287,0.6878382,-0.14205107,-0.70060927,0.7096305,-0.07464081
1356623864987,0.07466981,0.1114212,0.99096406,0.7085619,0.69331706,-0.13134524,-0.701687,0.7119669,-0.027178943
1356623865026,0.10300819,0.08765432,0.9908108,0.7049184,0.696344,-0.13488945,-0.7017688,0.71233547,0.009939969
1356623865068,0.13266233,0.0800651,0.9879222,0.70091057,0.69716376,-0.15062207,-0.70080316,0.712427,0.036368906
1356623865106,0.1653876,0.089260966,0.9821809,0.69531703,0.6957172,-0.1803101,-0.6994148,0.71274817,0.052998364
1356623865145,0.19775188,0.11211121,0.97382,0.68749803,0.6922792,-0.21930778,-0.69874215,0.71286786,0.059823275
1356623865186,0.2299146,0.14740434,0.96198297,0.6761296,0.6867687,-0.26682878,-0.69999146,0.7117729,0.058233738
1356623865225,0.2605392,0.19097866,0.9463861,0.661729,0.67845434,-0.31908405,-0.70301795,0.7093849,0.05038786
1356623865266,0.2887363,0.23753749,0.9274736,0.6464611,0.6661833,-0.3718708,-0.70620066,0.7069483,0.03879255
1356623865306,0.31420588,0.28159958,0.906629,0.6324411,0.6501385,-0.42111534,-0.7080204,0.7057064,0.026182175
1356623865348,0.3366628,0.319233,0.8858603,0.6205806,0.6323341,-0.46371686,-0.7081934,0.70586395,0.014773548
1356623865387,0.35539514,0.34893906,0.8671423,0.61078614,0.6155549,-0.49802852,-0.7075554,0.7066355,0.005638063
1356623865427,0.36878353,0.37112814,0.85221034,0.60382926,0.6013802,-0.5231941,-0.7066745,0.7075349,-0.0023189187
1356623865467,0.37468877,0.38549346,0.8432101,0.6013644,0.59116036,-0.53748524,-0.7056694,0.7084662,-0.010320842
1356623865507,0.3722106,0.3932213,0.8407356,0.6051172,0.58403116,-0.5410553,-0.7037702,0.7101301,-0.02056235
1356623865556,0.3569219,0.3928472,0.8475127,0.618755,0.58027023,-0.5295552,-0.69982064,0.7134125,-0.035965025
1356623865596,0.32473794,0.3824619,0.865025,0.64189947,0.5825844,-0.49855843,-0.6946296,0.7171599,-0.056314826
1356623865635,0.28264192,0.3765008,0.88224757,0.66716534,0.5836817,-0.46282423,-0.6892054,0.7194185,-0.08621532
1356623865675,0.23128033,0.3812476,0.8950752,0.6900971,0.58421296,-0.42715478,-0.6857662,0.7164813,-0.12798089
1356623865753,0.17681184,0.41075087,0.8944391,0.70503414,0.5812491,-0.4062959,-0.6867783,0.702448,-0.18682164
1356623865756,0.122603,0.4576604,0.8806335,0.7127347,0.5768764,-0.3990273,-0.6906357,0.67658,-0.25546366
1356623865793,0.07528341,0.50833356,0.85786337,0.7159933,0.5712251,-0.40131718,-0.69403607,0.6444369,-0.32095963
1356623865834,0.03773743,0.5480415,0.8355994,0.7176959,0.5669845,-0.40427876,-0.6953335,0.6149627,-0.3719306
1356623865878,0.009632587,0.5649175,0.82509106,0.71914166,0.56941015,-0.3982553,-0.6947966,0.59719366,-0.40077084
1356623865916,-0.010218173,0.5592452,0.8289394,0.7200577,0.5793257,-0.38196695,-0.693839,0.59298116,-0.40860844
1356623865954,-0.023667157,0.52980995,0.8477861,0.7199205,0.5974311,-0.35325712,-0.6936529,0.601978,-0.3955605
1356623865996,-0.031001003,0.48235914,0.8754248,0.7187883,0.6193591,-0.31581277,-0.69453746,0.61945456,-0.36591482
1356623866035,-0.032372948,0.4224412,0.90581197,0.71719086,0.6410377,-0.2733273,-0.6961244,0.6407917,-0.32372332
1356623866075,-0.027273688,0.3566594,0.93383634,0.7155777,0.6592693,-0.23089506,-0.69800055,0.6619351,-0.27319825
1356623866114,-0.0151371695,0.29075384,0.9566781,0.71393406,0.67301816,-0.19324754,-0.7000492,0.6800799,-0.2177667
1356623866153,0.004798405,0.23064743,0.97302556,0.71186984,0.68257886,-0.16531006,-0.70229506,0.6934608,-0.16091567
1356623866194,0.033073336,0.18224826,0.9826961,0.7085992,0.68912196,-0.15165111,-0.7048356,0.7013533,-0.10634941
1356623866235,0.06976637,0.14985755,0.9862431,0.7028084,0.6942419,-0.15520495,-0.7079499,0.703968,-0.056886435
1356623866274,0.11589754,0.13926518,0.98344946,0.693441,0.6975385,-0.18049821,-0.711131,0.7028835,-0.015729189
1356623866315,0.1680646,0.14926478,0.9744097,0.6796229,0.69845635,-0.22421318,-0.7140498,0.69991344,0.015942037
1356623866354,0.22801039,0.18265148,0.9563732,0.6601847,0.69296914,-0.2897413,-0.7156588,0.69744694,0.03742045
1356623866395,0.28990066,0.23392396,0.92802864,0.63523936,0.67824376,-0.3694,-0.7158411,0.6966096,0.048025608
1356623866433,0.35246488,0.300335,0.88632244,0.6027602,0.6516241,-0.46050656,-0.7158552,0.6965523,0.048644662
1356623866475,0.4111794,0.37396705,0.8313123,0.56272286,0.6133237,-0.5542356,-0.71712935,0.6956887,0.04174626
1356623866514,0.462261,0.4457166,0.7665843,0.517473,0.566433,-0.64138556,-0.7200948,0.6931741,0.031193614
1356623866554,0.5039376,0.5078029,0.698701,0.47061932,0.51687765,-0.7150909,-0.7242682,0.68918335,0.021492243
1356623866593,0.5358131,0.55661213,0.63489145,0.4258052,0.4711859,-0.77244663,-0.72910506,0.6842271,0.0154592395
1356623866634,0.55909586,0.5924008,0.58006305,0.38626492,0.43295243,-0.81446403,-0.7336288,0.6794215,0.013238281
1356623866674,0.5748879,0.61617786,0.5383575,0.35603613,0.40402117,-0.84261805,-0.7367104,0.67608565,0.012885302
1356623866715,0.58389497,0.62876403,0.51353914,0.33929858,0.38566747,-0.85798424,-0.7375249,0.6752158,0.011850566
1356623866754,0.5864146,0.63075614,0.5081973,0.33925694,0.37846056,-0.861204,-0.7355424,0.67743206,0.007946402
1356623866789,0.58026165,0.62203056,0.52571326,0.35886842,0.38417184,-0.85066175,-0.7311018,0.68226826,-3.0693412E-4
1356623866832,0.5629121,0.60440445,0.56375986,0.3977832,0.3997877,-0.82579553,-0.7244987,0.68910444,-0.015376568
1356623866873,0.52981526,0.580732,0.6180988,0.45324394,0.42211586,-0.7851039,-0.71684426,0.69610953,-0.039569825
1356623866913,0.48080352,0.5632382,0.67200494,0.51444083,0.43943068,-0.7363771,-0.71005535,0.6997595,-0.07847291
1356623866964,0.418177,0.5759988,0.70239115,0.56880295,0.43683887,-0.69687515,-0.708231,0.69093937,-0.14495385
1356623867007,0.343706,0.6009976,0.7215733,0.6151652,0.43646985,-0.65655607,-0.70953363,0.66954905,-0.21969551
1356623867048,0.27753538,0.6377074,0.7185425,0.643848,0.4316494,-0.6317741,-0.71304554,0.6379718,-0.29078865
1356623867085,0.22121927,0.662699,0.7154664,0.6620728,0.43661258,-0.60912156,-0.71604586,0.6084403,-0.34216785
1356623867126,0.17547882,0.66477656,0.72614,0.67227185,0.45792186,-0.5816856,-0.71920633,0.59023696,-0.36655498
1356623867175,0.13791424,0.6366813,0.75869393,0.675859,0.4994585,-0.5419925,-0.7240126,0.58751863,-0.36142433
1356623867215,0.10909158,0.59175324,0.79870355,0.67541146,0.54540575,-0.49633858,-0.72932744,0.5935998,-0.3401777
1356623867256,0.088154405,0.5329367,0.8415505,0.6727251,0.591211,-0.4448713,-0.7346222,0.60534954,-0.30640203
1356623867295,0.074861825,0.46422043,0.8825503,0.66924834,0.63272035,-0.38957876,-0.739258,0.6198099,-0.26331216
1356623867335,0.06910685,0.3909647,0.91780764,0.6662114,0.6667059,-0.33416396,-0.7425541,0.634547,-0.21439123
1356623867376,0.07067883,0.31871772,0.9452109,0.6644571,0.69170225,-0.2829219,-0.7439768,0.64804864,-0.16288555
1356623867413,0.07965505,0.25350547,0.9640488,0.66406864,0.7077709,-0.24098386,-0.74341637,0.65939015,-0.111967504
1356623867454,0.09624982,0.20111792,0.97482693,0.6644178,0.7162548,-0.21337302,-0.7411376,0.6682295,-0.064686954
1356623867495,0.120473415,0.165431,0.9788354,0.664423,0.71916795,-0.20332117,-0.7375826,0.6748556,-0.023275554
1356623867534,0.15373844,0.15187624,0.9763698,0.6618798,0.7178509,-0.21588218,-0.7336753,0.6794289,0.009837449
1356623867575,0.19421053,0.16127218,0.9676123,0.65425533,0.7136654,-0.25026315,-0.7309119,0.68166924,0.033088148
1356623867614,0.24400607,0.19720787,0.94951046,0.63777435,0.7049481,-0.31030953,-0.7305511,0.6812908,0.04623747
1356623867652,0.2985547,0.25607184,0.9193978,0.61122894,0.6885474,-0.39025852,-0.7329832,0.678476,0.04905057
1356623867692,0.35507864,0.3309635,0.87428963,0.5758657,0.65928286,-0.48345104,-0.7364088,0.67513657,0.04350674
1356623867756,0.40746516,0.41055763,0.8157295,0.5371578,0.6146304,-0.57766,-0.7385348,0.67355174,0.029906273
1356623867784,0.4529755,0.4769998,0.7531829,0.49948004,0.56400436,-0.6575856,-0.7384666,0.67407,0.017228305
1356623867824,0.48433152,0.52031153,0.70334834,0.47208554,0.5214229,-0.7108118,-0.73658556,0.67630917,0.006910026
1356623867865,0.5021578,0.543467,0.67266726,0.45823532,0.49244758,-0.7399431,-0.73338807,0.6798081,-0.0017494261
1356623867904,0.50576717,0.5488939,0.6655187,0.46054825,0.48052633,-0.7463175,-0.7294484,0.6839663,-0.009757727
1356623867945,0.49530193,0.5388848,0.6813803,0.4795684,0.48439237,-0.7316955,-0.724355,0.68917865,-0.018511653
1356623867984,0.4646069,0.50995207,0.7239401,0.518167,0.5063906,-0.68925434,-0.7180831,0.69535416,-0.028967738
1356623868025,0.41305298,0.46753648,0.78153497,0.569976,0.5365958,-0.6222478,-0.7102919,0.70247746,-0.044842064
1356623868064,0.33698362,0.41796187,0.8436527,0.6267383,0.56909895,-0.53228325,-0.70259595,0.70812017,-0.07017571
1356623868104,0.2525359,0.3903365,0.88536036,0.67010486,0.5895103,-0.45103997,-0.6979865,0.70718807,-0.112693846
1356623868144,0.17217895,0.4010884,0.8997125,0.6940243,0.59877527,-0.39974797,-0.6990599,0.69325054,-0.17526859
1356623868188,0.10432318,0.44497383,0.8894465,0.7018657,0.60068536,-0.38283378,-0.70462847,0.6642104,-0.24964643
1356623868226,0.048184812,0.4945538,0.8678104,0.70164096,0.6016027,-0.3818039,-0.71089965,0.62728846,-0.3180111
1356623868265,-0.0020231297,0.51976305,0.854308,0.6983896,0.61217797,-0.37079662,-0.71571493,0.5958897,-0.36423564
1356623868306,-0.05009705,0.50680315,0.86060494,0.69191015,0.639016,-0.33603418,-0.7202435,0.578627,-0.38267505
1356623868345,-0.094622135,0.46037847,0.8826654,0.6819834,0.67588735,-0.27941874,-0.7252208,0.575524,-0.37792444
1356623868389,-0.13642785,0.37889296,0.9153293,0.66899914,0.71669275,-0.19695617,-0.7306351,0.5854842,-0.3512559
1356623868424,-0.16596296,0.28916728,0.94278234,0.65707123,0.7453208,-0.11293481,-0.7353324,0.60073215,-0.3136992
1356623868467,-0.1886115,0.1852607,0.96441907,0.6462734,0.76284,-0.020146519,-0.7394298,0.61947846,-0.26360947
1356623868506,-0.19634694,0.09382397,0.97603536,0.64101505,0.765529,0.05536312,-0.7419889,0.6365237,-0.21045184
1356623868544,-0.19547462,0.011778653,0.980638,0.6399592,0.759225,0.1184465,-0.74312973,0.65072167,-0.15594709
1356623868584,-0.18379736,-0.05187559,0.9815943,0.6434335,0.7485856,0.16004035,-0.7431096,0.66100574,-0.10420954
1356623868624,-0.16236268,-0.09466869,0.98217934,0.64999706,0.7386405,0.17864497,-0.7423895,0.66741896,-0.0583933
1356623868663,-0.13066284,-0.11359319,0.98489785,0.6582247,0.7329427,0.17185825,-0.7413956,0.67073953,-0.020998538
1356623868704,-0.0871792,-0.1053828,0.99060297,0.66585696,0.7334627,0.13662714,-0.74096847,0.67151093,0.0062271357
1356623868758,-0.02948372,-0.066087484,0.9973781,0.66915596,0.7399294,0.06880969,-0.7425369,0.66943026,0.022406936
1356623868784,0.045232236,0.008371443,0.9989414,0.6634276,0.7473593,-0.036303252,-0.74687207,0.66436744,0.028250873
1356623868823,0.13600364,0.116800845,0.98379904,0.6440919,0.7440972,-0.17738387,-0.7527607,0.65778184,0.025969446
1356623868864,0.23340818,0.24401724,0.9412631,0.6096,0.7174356,-0.33715582,-0.7575675,0.6524889,0.018702447
1356623868904,0.32028243,0.36155125,0.87561405,0.5663434,0.6678612,-0.48292503,-0.75939083,0.65057063,0.009142041
1356623868944,0.3831694,0.44600272,0.80886513,0.52736026,0.6133139,-0.58799416,-0.7583353,0.6518647,-2.0098686E-4
1356623868985,0.4187322,0.49244502,0.76299495,0.504861,0.57215244,-0.64634126,-0.754837,0.65585023,-0.009037614
1356623869023,0.42506802,0.50209665,0.7531375,0.50634444,0.5577859,-0.65763986,-0.7502883,0.6608887,-0.017136872
1356623869063,0.4043486,0.4807759,0.7780467,0.5311156,0.56913006,-0.6276999,-0.7445928,0.6670423,-0.025220633
1356623869104,0.3462816,0.4207407,0.8384905,0.5797571,0.60670656,-0.54386467,-0.7375437,0.6744512,-0.033836126
1356623869167,0.24989128,0.32643124,0.91159034,0.6374694,0.6531789,-0.40864414,-0.7288258,0.6832276,-0.044866264
1356623869192,0.12825707,0.22073,0.96686524,0.6827219,0.6874797,-0.24751256,-0.7193337,0.6918453,-0.06252307
1356623869232,0.019687861,0.16511735,0.9860774,0.7011297,0.70083094,-0.13135186,-0.712762,0.6939541,-0.10197079
1356623869268,-0.090559505,0.13396937,0.986839,0.6960128,0.71724755,-0.03349951,-0.7122957,0.68381894,-0.15819794
1356623869310,-0.16829437,0.15635356,0.97325766,0.67353487,0.73915195,-0.0022778213,-0.71974146,0.6551397,-0.22970468
1356623869353,-0.23175716,0.18774031,0.9544853,0.6430058,0.7658416,0.0054918528,-0.7299535,0.61501235,-0.2982074
1356623869393,-0.28936836,0.19203642,0.9377569,0.60789573,0.79362124,0.025061488,-0.7394111,0.57731044,-0.34638703
1356623869432,-0.3434084,0.15024309,0.927091,0.56765056,0.81961936,0.07743989,-0.7482269,0.5528572,-0.36674976
1356623869474,-0.38850316,0.07016921,0.9187718,0.52498424,0.83629525,0.1581196,-0.7572693,0.5437707,-0.36174107
1356623869523,-0.4210981,-0.04937859,0.90567,0.4853028,0.8312985,0.2709689,-0.7662621,0.5536287,-0.32609463
1356623869564,-0.43214172,-0.13870803,0.8910744,0.4674674,0.8105263,0.35287583,-0.771186,0.5690406,-0.28542078
1356623869603,-0.4321683,-0.20985025,0.87703675,0.46663666,0.7801809,0.416615,-0.7716741,0.5893053,-0.23924565
1356623869652,-0.42332286,-0.268888,0.8651572,0.48057675,0.7428742,0.46602985,-0.7680128,0.61305547,-0.18525434
1356623869695,-0.40567595,-0.30725095,0.8608275,0.50403166,0.7104641,0.49111384,-0.7624822,0.6331174,-0.13335401
1356623869759,-0.3843829,-0.33587742,0.85990465,0.5287797,0.68342423,0.5033123,-0.7567309,0.6481648,-0.08509141
1356623869773,-0.3594772,-0.35518965,0.8629116,0.5523358,0.6643487,0.5035532,-0.7521311,0.6576329,-0.04263425
1356623869814,-0.3311249,-0.36481416,0.8702109,0.57237494,0.6555318,0.49261034,-0.7501621,0.66120243,-0.008252442
1356623869855,-0.29904294,-0.36300874,0.88249546,0.58733636,0.6588595,0.4700427,-0.7520701,0.6588845,0.016180873
1356623869893,-0.26331115,-0.34745586,0.89996755,0.5967739,0.67430747,0.43493712,-0.7579763,0.65160096,0.029799938
1356623869934,-0.2231909,-0.3137378,0.9229054,0.6034807,0.69905305,0.38358298,-0.7655043,0.6425679,0.03331244
1356623869973,-0.17834358,-0.2593336,0.94917834,0.61121804,0.7267648,0.31340933,-0.77110696,0.6360495,0.028895557
1356623870014,-0.1299695,-0.18826036,0.9734814,0.6217042,0.749357,0.22792093,-0.7723936,0.63484025,0.019648671
1356623870054,-0.08241953,-0.11136904,0.9903555,0.6337905,0.76103574,0.13832664,-0.76910114,0.63907874,0.007860482
1356623870094,-0.042407885,-0.04277897,0.99818414,0.6447159,0.76206,0.06005019,-0.76324505,0.64609176,-0.004737079
1356623870135,-0.015383594,0.01077795,0.9998236,0.6545575,0.75600976,0.0019215643,-0.7558557,0.65447164,-0.018684924
1356623870174,-0.005982548,0.043552607,0.9990332,0.6638212,0.74734414,-0.028605133,-0.74786747,0.66300833,-0.033382177
1356623870215,-0.012816101,0.05954367,0.99814343,0.67379093,0.73807466,-0.03537801,-0.7388109,0.6720866,-0.049579203
1356623870254,-0.03534448,0.06311607,0.99738014,0.68412083,0.7290401,-0.021891594,-0.7285118,0.6815548,-0.06894654
1356623870295,-0.069600746,0.06594649,0.99539274,0.6927892,0.7211398,6.650686E-4,-0.7177735,0.6896437,-0.0958789
1356623870333,-0.11175072,0.08142704,0.99039453,0.696746,0.71704835,0.019663632,-0.7085596,0.6922509,-0.1368646
1356623870374,-0.15847832,0.12325737,0.9796389,0.69369364,0.71994513,0.02163741,-0.70261925,0.6829983,-0.19959855
1356623870423,-0.20844746,0.19221146,0.9589601,0.6836793,0.7297789,0.002335161,-0.69938,0.6561079,-0.28353155
1356623870465,-0.25790417,0.24796095,0.9338098,0.67075014,0.74159163,-0.0116689205,-0.695399,0.6233436,-0.3575794
1356623870503,-0.2973813,0.27777907,0.91345674,0.6558912,0.7546866,-0.015968353,-0.6938092,0.59437954,-0.40662253
1356623870544,-0.32399368,0.27839607,0.9041702,0.63955456,0.768709,-0.00751397,-0.6971356,0.57583165,-0.42710632
1356623870583,-0.33736306,0.24817006,0.90807366,0.62116164,0.7835057,0.016644388,-0.70735025,0.5696758,-0.41847962
1356623870624,-0.33688718,0.20359685,0.919269,0.60591805,0.79418683,0.046158463,-0.7206736,0.57255185,-0.39091438
1356623870665,-0.32471868,0.14565732,0.93452764,0.5947742,0.7996974,0.08202276,-0.7353921,0.5824672,-0.3463099
1356623870704,-0.3017098,0.08900127,0.9492365,0.59012175,0.79942155,0.11261262,-0.74881744,0.5941414,-0.29371488
1356623870760,-0.27165204,0.032165676,0.96185786,0.5898588,0.79527855,0.13999543,-0.76044184,0.6053903,-0.23501223
1356623870784,-0.23555763,-0.017879277,0.97169596,0.594028,0.78867203,0.15851538,-0.7691836,0.6145541,-0.17515695
1356623870824,-0.19568662,-0.056809843,0.9790196,0.60158974,0.78145325,0.16559154,-0.77446526,0.6213722,-0.11874372
1356623870864,-0.15330283,-0.08037895,0.9849048,0.6112706,0.77540255,0.15842704,-0.77643186,0.6263307,-0.06973809
1356623870903,-0.1085449,-0.084704965,0.99047613,0.6210128,0.77224404,0.1340978,-0.7762481,0.629654,-0.031220317
1356623870943,-0.06155318,-0.06837356,0.9957591,0.6276133,0.7730845,0.091879785,-0.7760881,0.6306072,-0.00467366
1356623870984,-0.011507273,-0.030213296,0.99947727,0.6279482,0.7776479,0.03073731,-0.7781701,0.6279737,0.010023773
1356623871024,0.04127288,0.028788537,0.99873316,0.62062454,0.78262466,-0.048206687,-0.783021,0.62182784,0.014434278
1356623871065,0.09538096,0.10291231,0.9901069,0.6075023,0.7819194,-0.13979633,-0.7885706,0.6148261,0.012060761
1356623871103,0.14620206,0.1801376,0.9727155,0.59219193,0.77170074,-0.23191984,-0.79242265,0.6099414,0.006148219
1356623871144,0.18898499,0.2472154,0.9503522,0.5789789,0.7536267,-0.31117564,-0.79313815,0.60904133,-7.083416E-4
1356623871185,0.21892625,0.29466313,0.93018544,0.57221687,0.7334014,-0.3670017,-0.79034114,0.6126141,-0.008050382
1356623871224,0.2319878,0.3177786,0.9193467,0.5744323,0.71797025,-0.39312357,-0.78498995,0.61930233,-0.015981972
1356623871265,0.22752082,0.31782505,0.92044634,0.58722603,0.70924294,-0.39005136,-0.7767882,0.62925494,-0.025267601
1356623871304,0.2011027,0.2917761,0.9351066,0.6098453,0.7097552,-0.3526134,-0.7665809,0.64118195,-0.03520459
1356623871345,0.15766543,0.25038543,0.9552219,0.637583,0.71285975,-0.29209396,-0.7540753,0.6550863,-0.047248185
1356623871384,0.09684846,0.20229024,0.97452503,0.664859,0.7154808,-0.21459208,-0.7406638,0.6687046,-0.06520128
1356623871425,0.024239756,0.16578504,0.9858639,0.6836685,0.7167532,-0.13734034,-0.72939,0.6773331,-0.09596807
1356623871463,-0.05476436,0.15485469,0.9864182,0.68819594,0.72162974,-0.075078815,-0.723455,0.67473745,-0.14608997
1356623871503,-0.13577956,0.16861272,0.97628564,0.67722714,0.7350443,-0.032761097,-0.7231371,0.65671885,-0.21399307
1356623871543,-0.21369436,0.18991165,0.9582632,0.6541896,0.75632,-0.0040045083,-0.7255141,0.6260301,-0.28585958
1356623871583,-0.28252047,0.19682081,0.9388523,0.62399614,0.7810578,0.024032861,-0.7285677,0.59263,-0.34348023
1356623871623,-0.3374558,0.17735006,0.9244839,0.5901872,0.8049577,0.061010033,-0.7333503,0.5662067,-0.37630737
1356623871664,-0.3760608,0.13206771,0.9171348,0.5561776,0.82382834,0.1094228,-0.7411104,0.5512395,-0.3832627
1356623871703,-0.39807248,0.06980866,0.91469395,0.5267517,0.83372986,0.16561145,-0.75104654,0.54774195,-0.36865675
1356623871752,-0.4047076,1.4698505E-4,0.9144462,0.5060732,0.8329381,0.2238395,-0.7616442,0.5533662,-0.33717078
1356623871783,-0.3979833,-0.0699622,0.914721,0.4963804,0.8221015,0.27884692,-0.77150226,0.565026,-0.29245484
1356623871823,-0.38043517,-0.13490406,0.9149152,0.4982157,0.8035743,0.32565227,-0.77913415,0.5797148,-0.2384966
1356623871863,-0.35498935,-0.19005342,0.9153482,0.51001346,0.78121036,0.3599953,-0.7834978,0.59463435,-0.18039155
1356623871903,-0.32417384,-0.23378903,0.91665375,0.5285638,0.75885653,0.38046962,-0.7845583,0.6078483,-0.12242901
1356623871952,-0.28837872,-0.26816964,0.9191968,0.5512122,0.7384653,0.38837373,-0.782945,0.6186712,-0.06513929
1356623871992,-0.24711753,-0.27935857,0.92784256,0.57408494,0.7291852,0.37244523,-0.7806148,0.62469816,-0.019818902
1356623872031,-0.20676059,-0.27489686,0.93897915,0.59010005,0.7304716,0.34379232,-0.78040504,0.62517434,0.0111839175
1356623872074,-0.16650744,-0.25370622,0.9528423,0.597752,0.74255353,0.30217028,-0.7841988,0.619877,0.028012753
1356623872112,-0.12569398,-0.21533719,0.96841675,0.59832907,0.7621843,0.24713843,-0.79133016,0.6104956,0.033040524
1356623872154,-0.08370364,-0.16117066,0.9833705,0.59607327,0.78271824,0.17902176,-0.7985551,0.6011457,0.030553162
1356623872194,-0.041553065,-0.09635879,0.99447894,0.59435296,0.7976935,0.10212581,-0.80313003,0.5953151,0.024124563
1356623872234,-2.227351E-4,-0.028937638,0.99958116,0.5943973,0.8038309,0.023403198,-0.8041715,0.5941535,0.017021418
1356623872274,0.037115574,0.032275826,0.9987896,0.5959054,0.8016159,-0.048048347,-0.80219644,0.5969676,0.010519087
1356623872314,0.06717092,0.081495404,0.9944077,0.59806776,0.7944702,-0.10550851,-0.79862577,0.6018103,0.0046254992
1356623872355,0.08698937,0.11630556,0.9893967,0.6021873,0.78503466,-0.14522766,-0.7936015,0.60843533,-0.0017480254
1356623872393,0.0936867,0.13427463,0.98650545,0.6092702,0.77592915,-0.1634741,-0.78740877,0.61636376,-0.009115279
1356623872434,0.08813661,0.14031401,0.98617643,0.6203518,0.76686776,-0.16455272,-0.77935594,0.62627935,-0.019454896
1356623872474,0.06850004,0.1386265,0.98797286,0.634651,0.7580293,-0.15036501,-0.7697569,0.637318,-0.036054432
1356623872514,0.03496954,0.13913369,0.989656,0.6484683,0.7503345,-0.12840167,-0.76043797,0.6462507,-0.06398493
1356623872555,-0.01142595,0.15579039,0.98772407,0.6560922,0.7465962,-0.11016846,-0.7545942,0.6467793,-0.1107434
1356623872594,-0.06825471,0.18857783,0.97968346,0.6534804,0.7504513,-0.0989252,-0.7538598,0.6334518,-0.17445374
1356623872640,-0.1303938,0.24688525,0.96023184,0.63587296,0.763906,-0.11006014,-0.7606991,0.59623426,-0.25659627
1356623872682,-0.18897614,0.28709826,0.93907547,0.6121695,0.78218037,-0.11594084,-0.76781285,0.55296326,-0.32356626
1356623872763,-0.23228082,0.2971946,0.9261323,0.5875282,0.80170476,-0.109909564,-0.7751492,0.51859903,-0.36083084
1356623872765,-0.25820047,0.27330285,0.9266272,0.5637114,0.8215618,-0.0852388,-0.78457755,0.5003416,-0.36619157
1356623872802,-0.26877323,0.22553913,0.93642575,0.5438828,0.83791554,-0.045707464,-0.7949545,0.4970209,-0.34787607
1356623872843,-0.2662395,0.16115448,0.9503399,0.5313437,0.84714043,0.005202532,-0.80423295,0.5063422,-0.31117064
1356623872894,-0.2507596,0.082248345,0.96454906,0.5291492,0.8460027,0.06542635,-0.81062984,0.5267966,-0.25566494
1356623872932,-0.22581142,0.018305182,0.973999,0.5361429,0.83711654,0.10856648,-0.81336343,0.54671824,-0.19884467
1356623872973,-0.1969263,-0.034554005,0.9798092,0.5472122,0.8253565,0.13908811,-0.81349796,0.56355363,-0.14362603
1356623873013,-0.16451497,-0.07381876,0.9836084,0.5602282,0.8137504,0.15477298,-0.8118369,0.5765077,-0.09251875
1356623873053,-0.12907225,-0.09821412,0.9867595,0.57348454,0.80440426,0.15507811,-0.80898434,0.58590764,-0.04750198
1356623873094,-0.090991035,-0.106363475,0.99015534,0.5854494,0.7986016,0.13958684,-0.8055866,0.59238696,-0.010395169
1356623873133,-0.05047226,-0.09633143,0.9940688,0.59421057,0.7971047,0.107414514,-0.8027243,0.5961076,0.017009497
1356623873174,-0.0074997246,-0.06599799,0.9977916,0.59742093,0.7998711,0.057397157,-0.8018927,0.5965321,0.03342974
1356623873215,0.03779292,-0.012897104,0.9992023,0.5928906,0.8051931,-0.012031972,-0.8043956,0.5928724,0.038077176
1356623873254,0.08651951,0.06051019,0.9944108,0.5816915,0.8072722,-0.09973323,-0.80879503,0.58706915,0.03464657
1356623873295,0.1338234,0.14524202,0.9803041,0.5662729,0.8005939,-0.19591928,-0.8132812,0.5813382,0.024891555
1356623873334,0.17858803,0.22914179,0.9568701,0.5506769,0.78264934,-0.29019815,-0.8153902,0.57875216,0.0135887265
1356623873374,0.21584275,0.29797277,0.92985165,0.53912574,0.75761193,-0.36792332,-0.8140979,0.5807206,0.0028802156
1356623873414,0.24305132,0.34557113,0.90637,0.5336685,0.73262876,-0.42243695,-0.8100148,0.586375,-0.006354034
1356623873455,0.25798354,0.37106758,0.8920501,0.53543776,0.7136331,-0.45170137,-0.8042082,0.59416884,-0.014578044
1356623873493,0.2589549,0.37538642,0.88995916,0.5452474,0.70373034,-0.4554875,-0.7972751,0.60319865,-0.02244401
1356623873534,0.24466094,0.3595573,0.9004774,0.56336087,0.7031473,-0.43382996,-0.789155,0.613435,-0.03052783
1356623873573,0.21450174,0.3267856,0.92043483,0.588369,0.70896953,-0.38882408,-0.7796223,0.62495875,-0.040195286
1356623873614,0.16904625,0.28560752,0.94331956,0.6160819,0.71645147,-0.32732308,-0.7693286,0.6364949,-0.05484414
1356623873655,0.1111505,0.25180498,0.961374,0.639706,0.7221817,-0.26311576,-0.76054054,0.6442421,-0.08081031
1356623873693,0.04499871,0.24185178,0.9692692,0.6526499,0.72745,-0.21181263,-0.7563222,0.6421248,-0.12511021
1356623873758,-0.024603188,0.26228738,0.96467614,0.65204054,0.7356699,-0.18339282,-0.75778484,0.62449586,-0.18912184
1356623873774,-0.09247127,0.30096653,0.9491408,0.640455,0.7478521,-0.17474203,-0.7624084,0.5917233,-0.26191032
1356623873834,-0.15288824,0.333209,0.9303747,0.6234516,0.762977,-0.17080475,-0.76676816,0.5539295,-0.32438987
1356623873852,-0.20174938,0.33993107,0.91855544,0.6046957,0.7809881,-0.15620738,-0.7704806,0.52393174,-0.3631187
1356623873892,-0.23757327,0.31565946,0.91865003,0.5850189,0.80146843,-0.12410191,-0.77544296,0.50794435,-0.3750742
1356623873929,-0.26041615,0.26589304,0.92816186,0.5659669,0.82088345,-0.076366335,-0.782218,0.5054219,-0.364258
1356623873970,-0.2707418,0.19861974,0.94193894,0.5501162,0.8348956,-0.017928228,-0.78998166,0.51332194,-0.3353051
1356623874013,-0.26908994,0.12131895,0.9554435,0.53949225,0.8407774,0.0451829,-0.7978338,0.5276126,-0.29169536
1356623874052,-0.25669506,0.045219123,0.9654341,0.5352856,0.83836055,0.1030575,-0.8047217,0.54323727,-0.2394082
1356623874092,-0.23570466,-0.026293457,0.971469,0.5369596,0.8296662,0.15273641,-0.81001097,0.55764025,-0.18143767
1356623874132,-0.2073641,-0.08598484,0.9744777,0.54418063,0.81764543,0.18794543,-0.8129377,0.569265,-0.122758985
1356623874172,-0.17362368,-0.12998597,0.97619593,0.5552724,0.8057399,0.20604807,-0.8133434,0.5778295,-0.06771791
1356623874212,-0.13572901,-0.15505451,0.97853756,0.5679772,0.79708374,0.20508401,-0.81177557,0.5836228,-0.020119965
1356623874251,-0.094295904,-0.15860601,0.98282874,0.5793654,0.79408914,0.18373406,-0.80959487,0.58674234,0.017011523
1356623874292,-0.04921554,-0.13797712,0.9892119,0.5860501,0.79800683,0.14046483,-0.80877876,0.5866408,0.041587174
1356623874332,2.7687103E-4,-0.090434805,0.9959024,0.5851633,0.8076073,0.07317361,-0.81091547,0.5827452,0.053142726
1356623874372,0.05448225,-0.015551716,0.9983936,0.57576597,0.81740093,-0.01868704,-0.81579727,0.5758592,0.053488016
1356623874411,0.11212945,0.081238165,0.99036723,0.55961275,0.8184163,-0.13049264,-0.8211337,0.5688542,0.04630667
1356623874451,0.16921836,0.18546762,0.9679705,0.5404759,0.803824,-0.24850108,-0.8241668,0.56521565,0.035781026
1356623874493,0.22006387,0.27886295,0.93477666,0.5231915,0.77503943,-0.35437918,-0.82331204,0.56705326,0.024659455
1356623874535,0.2601493,0.3492622,0.90018785,0.5107856,0.741381,-0.4352612,-0.81940246,0.5730359,0.01447165
1356623874574,0.28668505,0.39353693,0.8734645,0.5070845,0.7112134,-0.4868683,-0.8128204,0.5824982,0.0043377876
1356623874614,0.29715282,0.41159242,0.8615636,0.5129808,0.69222265,-0.5076204,-0.8053265,0.5928064,-0.005443096
1356623874653,0.29311898,0.40875602,0.8642914,0.52852654,0.6840328,-0.50275123,-0.7967063,0.60416687,-0.015535414
1356623874694,0.27064005,0.38362458,0.8829417,0.553969,0.68803805,-0.46874502,-0.78731966,0.6159836,-0.026305497
1356623874758,0.23300025,0.348222,0.9079936,0.5843468,0.6961999,-0.4169468,-0.7773351,0.6277318,-0.041267633
1356623874776,0.17938581,0.31267998,0.9327658,0.613402,0.7057204,-0.3545373,-0.7691285,0.6357594,-0.065202296
1356623874815,0.11914122,0.30065376,0.94626254,0.63165164,0.7123634,-0.30586705,-0.7660429,0.6341497,-0.10503656
1356623874853,0.058353305,0.3247683,0.9439918,0.6354704,0.7171945,-0.28602356,-0.76991713,0.6165692,-0.16452998
1356623874895,0.0010707397,0.37587103,0.9266714,0.6283455,0.7206368,-0.29302657,-0.7779337,0.58258355,-0.23540527
1356623874933,-0.049302667,0.42806238,0.9024034,0.6167496,0.723716,-0.3096046,-0.78561395,0.54129255,-0.29968846
1356623874974,-0.09107497,0.45621318,0.8851977,0.6038886,0.7321063,-0.31518093,-0.7918485,0.5058556,-0.34217846
1356623875013,-0.12392908,0.4496183,0.8845818,0.5893644,0.75053304,-0.2989142,-0.79830515,0.48429692,-0.35800195
1356623875053,-0.14730918,0.4126828,0.89888424,0.57394326,0.77581036,-0.26212108,-0.80553657,0.4772957,-0.3511405
1356623875093,-0.16073424,0.3535664,0.92149633,0.56004864,0.80144984,-0.20981829,-0.81271774,0.48235774,-0.3268348
1356623875133,-0.16358638,0.28265154,0.9451707,0.5500181,0.821486,-0.15046893,-0.8189748,0.49524623,-0.28984737
1356623875173,-0.1560176,0.20926644,0.96533215,0.54477215,0.83345234,-0.09263088,-0.8239429,0.511434,-0.24403578
1356623875214,-0.13882488,0.13932803,0.9804669,0.5443686,0.8377952,-0.041976377,-0.8272789,0.527908,-0.19215262
1356623875252,-0.112308264,0.08193657,0.9902895,0.5487416,0.83596325,-0.00693509,-0.8284139,0.5426341,-0.13884759
1356623875291,-0.07880896,0.038432866,0.9961486,0.5562885,0.8309033,0.011952549,-0.8272438,0.5550879,-0.086862385
1356623875333,-0.038590513,0.013825268,0.99915946,0.564965,0.8250493,0.010404497,-0.82421196,0.5648916,-0.039649904
1356623875373,0.00836841,0.014202535,0.99986416,0.57128954,0.82058406,-0.016437411,-0.82070595,0.57134944,-0.0012467504
1356623875413,0.061932594,0.044917405,0.9970691,0.57047164,0.81812966,-0.07229093,-0.8189789,0.57327676,0.025044799
1356623875454,0.121625125,0.10949458,0.98651826,0.5580351,0.8144049,-0.15919016,-0.82085574,0.5698733,0.037950277
1356623875493,0.18490374,0.20473918,0.9611932,0.5326283,0.80107814,-0.27309498,-0.82590413,0.56245506,0.039072454
1356623875533,0.24570286,0.31502613,0.91672707,0.4982942,0.7701505,-0.3982099,-0.8314643,0.5546411,0.03225249
1356623875575,0.29667997,0.41618097,0.85951984,0.46396005,0.723868,-0.51064295,-0.8346988,0.5502804,0.021665812
1356623875614,0.3337311,0.48901218,0.80590975,0.43831867,0.6763853,-0.5919287,-0.8345659,0.5507903,0.011387646
1356623875654,0.356379,0.52937615,0.7699058,0.42686826,0.64073706,-0.6381532,-0.83113027,0.5560727,0.0023713708
1356623875694,0.36463252,0.5406193,0.7581385,0.43097445,0.6237514,-0.65207,-0.8254115,0.5645042,-0.0055530667
1356623875756,0.35801145,0.5263287,0.77123666,0.45050853,0.62611175,-0.6364166,-0.8178446,0.5752931,-0.012960434
1356623875774,0.33370876,0.48696646,0.8071568,0.4842755,0.64605623,-0.58999026,-0.80877423,0.5877712,-0.020231307
1356623875815,0.29150164,0.42812452,0.8554159,0.52720845,0.6742683,-0.5171204,-0.7981717,0.60172397,-0.02916056
1356623875854,0.22964656,0.35761476,0.905193,0.5711476,0.70355266,-0.42285234,-0.7880691,0.6141054,-0.04268235
1356623875895,0.15950277,0.30456537,0.93904144,0.6028861,0.723179,-0.33695772,-0.7817207,0.6198807,-0.06826913
1356623875933,0.08471191,0.28345728,0.95523596,0.61714184,0.73773587,-0.27364528,-0.78227854,0.6126971,-0.11243832
