1356623516402,0.9957679,-0.012391828,-0.09106453,-0.091819644,-0.1765325,-0.98000276,-0.003931824,0.9842168,-0.17692322
1356623516439,0.7009447,-0.12347838,-0.70244545,-0.71320486,-0.12676597,-0.68939775,-0.003920436,0.9842172,-0.17692132
1356623516441,0.70105064,-0.12348461,-0.70233864,-0.7131009,-0.12675667,-0.68950695,-0.0038826466,0.9842176,-0.17691982
1356623516462,0.7014117,-0.12349051,-0.701977,-0.71274626,-0.12676066,-0.68987286,-0.0037903488,0.98421633,-0.17692882
1356623516498,0.70237935,-0.12343523,-0.7010186,-0.7117938,-0.12678555,-0.690851,-0.0036036372,0.98422,-0.17691197
1356623516542,0.7050362,-0.12285069,-0.6984495,-0.7091627,-0.12696746,-0.6935182,-0.0034811795,0.9842698,-0.17663778
1356623516583,0.71008325,-0.12123546,-0.6936021,-0.7041081,-0.12741533,-0.6985678,-0.003684312,0.98441213,-0.17583837
1356623516628,0.71786195,-0.11822209,-0.68607414,-0.69617045,-0.12837195,-0.7063054,-0.0045717955,0.9846543,-0.17445605
1356623516664,0.72959906,-0.1138469,-0.6743324,-0.6838472,-0.1303742,-0.71788275,-0.006186813,0.9849068,-0.17297478
1356623516706,0.7425071,-0.10861164,-0.660974,-0.66978115,-0.1332542,-0.7305043,-0.008736283,0.98511255,-0.17168824
1356623516746,0.75611055,-0.10276386,-0.64632535,-0.6543329,-0.13689566,-0.74371225,-0.012052387,0.98524064,-0.17075004
1356623516789,0.76827127,-0.09674835,-0.6327709,-0.63992345,-0.14084858,-0.7554202,-0.016039252,0.98529255,-0.17012143
1356623516826,0.77840734,-0.09113726,-0.6211087,-0.6274395,-0.14453727,-0.7651331,-0.020041227,0.9852933,-0.16969198
1356623516867,0.7852973,-0.08637148,-0.6130645,-0.6186524,-0.14790326,-0.77161765,-0.02402851,0.9852232,-0.16958195
1356623516906,0.789518,-0.082853675,-0.60810906,-0.61310875,-0.15095693,-0.77544165,-0.027550042,0.9850621,-0.16998154
1356623516945,0.7920191,-0.080691606,-0.6051402,-0.6097324,-0.15412751,-0.7774775,-0.030532867,0.9847505,-0.17127219
1356623516985,0.79326546,-0.07996559,-0.60360205,-0.6079889,-0.15752256,-0.77816206,-0.032854736,0.9842724,-0.1735754
1356623517026,0.7939578,-0.08053443,-0.60261524,-0.6069951,-0.16119245,-0.7781863,-0.034466296,0.9836316,-0.176864
1356623517067,0.79440665,-0.082045734,-0.6018194,-0.6063525,-0.16491002,-0.77790827,-0.035421997,0.9828902,-0.18075424
1356623517105,0.79455477,-0.08395246,-0.6013607,-0.6061317,-0.16818452,-0.77737916,-0.03587672,0.98217404,-0.18451804
1356623517145,0.79409134,-0.08564898,-0.6017335,-0.6067287,-0.17041749,-0.7764266,-0.03604573,0.98164254,-0.18729275
1356623517185,0.7927495,-0.086639404,-0.60335875,-0.60847616,-0.17114344,-0.7748978,-0.03612423,0.98142934,-0.1883919
1356623517229,0.790293,-0.086607516,-0.6065775,-0.6116553,-0.17009667,-0.77262217,-0.036261946,0.9816142,-0.18740013
1356623517266,0.7873235,-0.08575645,-0.61054695,-0.61545753,-0.16797623,-0.77006227,-0.036519587,0.9820538,-0.18503109
1356623517309,0.7833211,-0.08408785,-0.6159036,-0.6205151,-0.16475016,-0.7666931,-0.037000626,0.98274446,-0.18123007
1356623517345,0.7788718,-0.082012266,-0.62179804,-0.626053,-0.16115746,-0.76294565,-0.03763649,0.98351526,-0.17686501
1356623517388,0.7732474,-0.07951146,-0.62909967,-0.6329345,-0.15701896,-0.7581155,-0.03850168,0.9843897,-0.17174006
1356623517442,0.7670578,-0.07704288,-0.63693535,-0.6403645,-0.15296528,-0.75268507,-0.039439976,0.98522377,-0.16666874
1356623517465,0.76044965,-0.07471955,-0.64508396,-0.6481372,-0.1491706,-0.7467706,-0.040429175,0.9859843,-0.16186526
1356623517506,0.7538986,-0.07294315,-0.65292895,-0.65568906,-0.14606711,-0.7407674,-0.04133755,0.98658186,-0.15794781
1356623517547,0.74772537,-0.07212725,-0.6600791,-0.66267705,-0.14397085,-0.7349364,-0.042023182,0.98694986,-0.15544774
1356623517587,0.741782,-0.07261172,-0.6666986,-0.66930044,-0.14298016,-0.7291046,-0.042383134,0.98705834,-0.15465915
1356623517627,0.7351322,-0.07458761,-0.6738081,-0.67659545,-0.14291397,-0.72235334,-0.042417973,0.9869207,-0.1555263
1356623517668,0.72679424,-0.07801831,-0.6824099,-0.68555135,-0.14358753,-0.713724,-0.042302042,0.9865575,-0.15784413
1356623517706,0.71520233,-0.08260715,-0.69401854,-0.6976295,-0.14463235,-0.7017083,-0.042411387,0.9860312,-0.1610706
1356623517749,0.7006631,-0.087919265,-0.70805466,-0.71217525,-0.14644915,-0.686556,-0.043332458,0.9853034,-0.16522546
1356623517786,0.681687,-0.09382427,-0.7256031,-0.73024696,-0.1485073,-0.66684705,-0.0451909,0.9844504,-0.1697504
1356623517827,0.66147983,-0.09974751,-0.7433,-0.7483959,-0.15183228,-0.64563966,-0.048455954,0.9833603,-0.17508465
1356623517867,0.64043254,-0.105831355,-0.7606877,-0.7662239,-0.1556382,-0.6234402,-0.0524126,0.98212856,-0.18076625
1356623517905,0.62165594,-0.11176884,-0.77527523,-0.78123474,-0.16013291,-0.6033488,-0.056711465,0.9807473,-0.18686529
1356623517946,0.60588545,-0.11760643,-0.786811,-0.79324126,-0.1646323,-0.5862292,-0.06059012,0.9793186,-0.19303861
1356623517986,0.59390044,-0.123355865,-0.7950256,-0.80203533,-0.16866781,-0.57296646,-0.06341645,0.9779235,-0.19910765
1356623518026,0.58604455,-0.12915242,-0.7999197,-0.8076661,-0.17232515,-0.5638968,-0.06501761,0.97653663,-0.20530225
1356623518065,0.5825224,-0.13527691,-0.8014785,-0.8101487,-0.17642872,-0.55904555,-0.0657779,0.9749733,-0.21236809
1356623518105,0.58327466,-0.14207596,-0.7997532,-0.80956364,-0.18206078,-0.5580865,-0.066313,0.9729688,-0.22121097
1356623518146,0.5878794,-0.1498028,-0.79495716,-0.80616254,-0.1899779,-0.5603663,-0.06707987,0.97029245,-0.2324495
1356623518186,0.5948351,-0.15836975,-0.78809273,-0.80093753,-0.20011519,-0.56431633,-0.06833869,0.96688825,-0.24587981
1356623518226,0.6019262,-0.16725713,-0.7808392,-0.7954562,-0.2115993,-0.567869,-0.07024491,0.9629386,-0.26041287
1356623518266,0.60891366,-0.17600721,-0.7734634,-0.78986096,-0.22439247,-0.5707606,-0.07310134,0.9584725,-0.27565688
1356623518306,0.61463284,-0.18409476,-0.7670304,-0.7850809,-0.2372477,-0.57215524,-0.076645434,0.95384634,-0.29034948
1356623518348,0.6213569,-0.19117185,-0.759848,-0.7793349,-0.2509836,-0.5741466,-0.08094868,0.9489261,-0.3049373
1356623518386,0.62931514,-0.19667947,-0.75185084,-0.77246946,-0.2643277,-0.5774269,-0.08516696,0.9441652,-0.31827432
1356623518447,0.64014596,-0.20034137,-0.74167144,-0.7630528,-0.27794337,-0.583522,-0.08923906,0.9394737,-0.33079535
1356623518467,0.65471405,-0.20156762,-0.7285053,-0.750129,-0.29189223,-0.5933848,-0.09303784,0.9349703,-0.3423077
1356623518505,0.67254204,-0.20012292,-0.71248716,-0.7337326,-0.30592453,-0.6066684,-0.09655905,0.9307851,-0.35258383
1356623518548,0.69259447,-0.1960606,-0.69417083,-0.7143843,-0.31963915,-0.6224836,-0.09983969,0.9270334,-0.36144292
1356623518586,0.7136721,-0.18963432,-0.6743226,-0.69288224,-0.33251017,-0.6398057,-0.102889985,0.92383754,-0.36869752
1356623518626,0.73381513,-0.18160646,-0.6546255,-0.6710345,-0.34406573,-0.65675837,-0.105962574,0.9212155,-0.37434486
1356623518665,0.7524002,-0.17234342,-0.63576066,-0.64959496,-0.35410964,-0.6727798,-0.109179825,0.9191866,-0.3783856
1356623518709,0.76708186,-0.16293712,-0.6205134,-0.6315249,-0.36208698,-0.685616,-0.11296755,0.9177933,-0.3806492
1356623518746,0.7790386,-0.15339172,-0.60792255,-0.61596,-0.36820504,-0.69643253,-0.11701317,0.9170038,-0.38132912
1356623518788,0.78564274,-0.1448208,-0.60149175,-0.60656774,-0.37174082,-0.702769,-0.121823475,0.9169709,-0.3798991
1356623518826,0.78988314,-0.1366221,-0.5978453,-0.600037,-0.3735075,-0.7074233,-0.12665007,0.9175111,-0.37700558
1356623518865,0.7906456,-0.1292847,-0.59846884,-0.5980507,-0.37253055,-0.70961696,-0.13120528,0.9189703,-0.37185848
1356623518907,0.7885306,-0.12217718,-0.60273725,-0.6000308,-0.3677281,-0.7104499,-0.13484268,0.92187244,-0.36327493
1356623518945,0.7831356,-0.11482324,-0.61115813,-0.6064998,-0.358061,-0.7098946,-0.1373195,0.926611,-0.35005057
1356623518986,0.77190423,-0.10689387,-0.62668777,-0.6203846,-0.3419938,-0.70580673,-0.13887696,0.9336027,-0.33030176
1356623519025,0.7529246,-0.09765822,-0.6508205,-0.6430597,-0.31943583,-0.69601357,-0.13992399,0.9425622,-0.30331114
1356623519067,0.72416484,-0.08646244,-0.68418527,-0.6751425,-0.29115278,-0.6777998,-0.14059821,0.9527614,-0.26921707
1356623519105,0.6887578,-0.07274735,-0.72133255,-0.7111844,-0.26104844,-0.65274084,-0.1408175,0.9625807,-0.23153594
1356623519149,0.64435667,-0.05661887,-0.76262623,-0.7516531,-0.23049293,-0.6179731,-0.14079106,0.9714254,-0.1910774
1356623519186,0.6005973,-0.038026482,-0.7986469,-0.7870023,-0.20439447,-0.58210844,-0.14110348,0.9781497,-0.1526857
1356623519228,0.55438846,-0.018107593,-0.832061,-0.8199847,-0.18294758,-0.54236084,-0.14240271,0.9829559,-0.11627196
1356623519266,0.5192567,0.0025283396,-0.85461456,-0.8423629,-0.16722956,-0.5123074,-0.14421213,0.9859147,-0.08470529
1356623519305,0.49340415,0.022171766,-0.86951756,-0.8574147,-0.15570217,-0.49050665,-0.14626122,0.98755515,-0.057813704
1356623519366,0.4797815,0.040450126,-0.87645507,-0.86480665,-0.14675933,-0.4801782,-0.14805123,0.9883448,-0.03543088
1356623519383,0.47761562,0.056815743,-0.8767299,-0.86581594,-0.13897231,-0.480676,-0.14915115,0.98866504,-0.017183378
1356623519441,0.4837714,0.07085347,-0.87232167,-0.8623602,-0.13147709,-0.48892617,-0.14933234,0.98878396,-0.0025036782
1356623519450,0.49540928,0.08265695,-0.86471814,-0.8557743,-0.12438193,-0.50217474,-0.14906353,0.9887856,0.009115741
1356623519489,0.508224,0.091930926,-0.8563043,-0.8483379,-0.11792356,-0.51615584,-0.14842916,0.9887582,0.01805693
1356623519530,0.5224586,0.09947002,-0.84684277,-0.83967924,-0.11265004,-0.5312709,-0.14824238,0.98864335,0.024667904
1356623519576,0.5371481,0.10525489,-0.83689505,-0.8301827,-0.109562635,-0.5466194,-0.14922678,0.9883914,0.028529406
1356623519626,0.5555081,0.10855779,-0.8243943,-0.8174552,-0.110226095,-0.56534696,-0.1522426,0.9879602,0.027509674
1356623519667,0.57786727,0.109356046,-0.80877113,-0.8010996,-0.113312215,-0.58770716,-0.155913,0.98752296,0.022125661
1356623519706,0.6020434,0.10736197,-0.79121244,-0.7825655,-0.11741406,-0.611396,-0.15854019,0.9872624,0.013329446
1356623519747,0.63042146,0.101243705,-0.76962227,-0.7600424,-0.1210549,-0.6384991,-0.15781063,0.98746914,6.339252E-4
1356623519785,0.65702105,0.09178209,-0.7482643,-0.7380987,-0.12366119,-0.6632633,-0.15340695,0.98807085,-0.013503768
1356623519825,0.68119234,0.078837276,-0.72784734,-0.71753895,-0.12543257,-0.6851311,-0.14530963,0.9889648,-0.028874874
1356623519866,0.69747704,0.06316045,-0.71381825,-0.70370317,-0.12781483,-0.69890285,-0.13537961,0.98978484,-0.044701688
1356623519904,0.70326465,0.045373023,-0.7094788,-0.69981414,-0.13158874,-0.70210016,-0.12521583,0.9902655,-0.06078901
1356623519947,0.69729537,0.02523598,-0.7163396,-0.70746803,-0.13637042,-0.6934639,-0.115187734,0.9903364,-0.07723683
1356623519986,0.67627245,0.0020742118,-0.7366487,-0.72913945,-0.140562,-0.6697745,-0.104934126,0.9900697,-0.09354578
1356623520042,0.6423453,-0.025333643,-0.7659966,-0.76072705,-0.14261802,-0.6332096,-0.093203425,0.98945355,-0.110881984
1356623520068,0.58544964,-0.058606446,-0.8085877,-0.8066836,-0.14137763,-0.573824,-0.08068639,0.98821944,-0.13004635
1356623520107,0.51513696,-0.098029405,-0.8514836,-0.85437405,-0.13801202,-0.5009967,-0.0684025,0.98556733,-0.15484887
1356623520146,0.4302331,-0.14396054,-0.8911649,-0.9007732,-0.1332269,-0.41335002,-0.05922103,0.98057437,-0.18699443
1356623520187,0.37870252,-0.19474334,-0.90479803,-0.9237582,-0.13979864,-0.35654896,-0.057053924,0.97084063,-0.23283792
1356623520224,0.36619812,-0.24599537,-0.89743257,-0.9284558,-0.16105509,-0.3347103,-0.062198937,0.9557968,-0.28737387
1356623520265,0.4068395,-0.28934014,-0.86646634,-0.91044545,-0.20592874,-0.3587233,-0.074637294,0.93481314,-0.34720832
1356623520306,0.45647883,-0.3204666,-0.830017,-0.88512456,-0.2584021,-0.38701785,-0.09045184,0.9113339,-0.40160796
1356623520345,0.48132193,-0.3419819,-0.8070797,-0.8702209,-0.2968269,-0.39320403,-0.105094284,0.8915953,-0.4404691
1356623520383,0.46495783,-0.3590278,-0.8092671,-0.87770075,-0.3066932,-0.3682128,-0.11599809,0.88149774,-0.45771837
1356623520440,0.3962378,-0.3738468,-0.8385906,-0.90979993,-0.28275615,-0.30383077,-0.12353051,0.8833389,-0.4521644
1356623520466,0.2606808,-0.38295284,-0.88622385,-0.9568608,-0.22448689,-0.18445382,-0.12830848,0.8960763,-0.42495197
1356623520506,0.07080647,-0.3762101,-0.9238249,-0.9889746,-0.14723596,-0.015840828,-0.13006079,0.91476095,-0.38248748
1356623520548,-0.16970876,-0.34449837,-0.92332,-0.9770671,-0.06344554,0.20325968,-0.12860316,0.9366405,-0.32583076
1356623520585,-0.3745709,-0.29367927,-0.8794596,-0.91860116,-0.011325538,0.39502367,-0.12597063,0.9558369,-0.2655319
1356623520626,-0.5324505,-0.23722473,-0.81253976,-0.837335,0.0070338845,0.54664505,-0.1239624,0.97142935,-0.20238173
1356623520666,-0.61466855,-0.19012979,-0.7655281,-0.77901304,-0.00597167,0.62697923,-0.12377891,0.98174083,-0.14444298
1356623520708,-0.65126276,-0.15308875,-0.7432501,-0.7482192,-0.033843994,0.66258776,-0.1265893,0.98763275,-0.092502594
1356623520746,-0.645585,-0.12311265,-0.75369966,-0.7524221,-0.066358864,0.65533006,-0.13069406,0.99017155,-0.04979241
1356623520785,-0.61694676,-0.09725541,-0.7809726,-0.77524376,-0.095814764,0.62435305,-0.13555038,0.9906367,-0.016284108
1356623520828,-0.5638134,-0.073340505,-0.82263935,-0.8138783,-0.12000525,0.56850755,-0.1404157,0.99006057,0.007970393
1356623520865,-0.4863649,-0.051191956,-0.87225485,-0.8616117,-0.1377598,0.48851547,-0.14516976,0.9891418,0.022893965
1356623520904,-0.38426977,-0.031454355,-0.9226849,-0.9109423,-0.14953727,0.3844771,-0.15006924,0.9882556,0.028809547
1356623520945,-0.26249105,-0.015102208,-0.9648162,-0.9523368,-0.15698582,0.2615531,-0.15541247,0.98748535,0.026824951
1356623520985,-0.13505435,-0.0026005507,-0.99083483,-0.9777282,-0.16178387,0.1336925,-0.16064873,0.98682284,0.019306958
1356623521026,-0.019052625,0.005715668,-0.99980223,-0.9862498,-0.16429412,0.017855167,-0.16415957,0.9863949,0.008767337
1356623521066,0.07655871,0.009385139,-0.9970209,-0.98345673,-0.16393477,-0.07706028,-0.16416961,0.98642653,-0.0033207536
1356623521106,0.14601576,0.00846988,-0.989246,-0.97608197,-0.16157514,-0.14545617,-0.16106954,0.98682404,-0.015325218
1356623521147,0.19318625,0.0027288198,-0.9811584,-0.9687906,-0.15776983,-0.19118989,-0.15531889,0.9874722,-0.02783537
1356623521186,0.21210727,-0.007646233,-0.9772165,-0.96588266,-0.15369353,-0.20844465,-0.14859796,0.988089,-0.03998491
1356623521224,0.20977634,-0.021887928,-0.9775044,-0.9676304,-0.14810872,-0.2043409,-0.14030436,0.98872876,-0.052249134
1356623521267,0.18381974,-0.040838808,-0.9821112,-0.9744046,-0.13910612,-0.17659292,-0.12940589,0.98943496,-0.065363914
1356623521305,0.13895991,-0.0650807,-0.98815715,-0.9835275,-0.12555197,-0.1300399,-0.11560199,0.98995006,-0.08145532
1356623521345,0.09535378,-0.09667078,-0.9907383,-0.9904345,-0.10893166,-0.08469555,-0.09973523,0.98933744,-0.10613307
1356623521385,0.08510989,-0.14026088,-0.98644984,-0.9927394,-0.0963971,-0.071946084,-0.08499959,0.98541087,-0.14744687
1356623521441,0.148134,-0.19865456,-0.96880996,-0.98607576,-0.10452598,-0.12934092,-0.07557163,0.9744798,-0.21137235
1356623521465,0.2686504,-0.25834954,-0.92794526,-0.96046543,-0.14488465,-0.237728,-0.07302809,0.9551251,-0.28705913
1356623521509,0.39710099,-0.300879,-0.86705405,-0.9145638,-0.20868851,-0.34644234,-0.076706946,0.9305488,-0.3580435
1356623521544,0.48045683,-0.3200382,-0.8165395,-0.87317145,-0.26166564,-0.41122097,-0.0820539,0.9105529,-0.40516728
1356623521588,0.5020944,-0.32450002,-0.80162394,-0.860318,-0.2818026,-0.42478257,-0.08805776,0.90293247,-0.42066473
1356623521626,0.49148262,-0.31908205,-0.810328,-0.8658674,-0.27879548,-0.41538745,-0.09337306,0.9057923,-0.41330588
1356623521665,0.44060156,-0.30728525,-0.8434726,-0.89238816,-0.25201502,-0.37434193,-0.097538054,0.91764057,-0.3852559
1356623521706,0.3612503,-0.28694755,-0.88722,-0.92705745,-0.21287963,-0.30862075,-0.10031307,0.9339933,-0.34291974
1356623521745,0.26332313,-0.2571941,-0.92979145,-0.95927185,-0.17197853,-0.22410038,-0.10226688,0.9509336,-0.29200497
1356623521786,0.15888903,-0.2188589,-0.96273303,-0.98178273,-0.13793615,-0.13067582,-0.10419616,0.96595776,-0.23678839
1356623521825,0.064703345,-0.17501825,-0.9824368,-0.9922033,-0.1163699,-0.044615567,-0.10651755,0.9776638,-0.18118316
1356623521865,-0.0032218099,-0.13023618,-0.9914778,-0.99400866,-0.107907414,0.017404228,-0.10925442,0.98559356,-0.12910825
1356623521905,-0.034445643,-0.08855948,-0.9954751,-0.9930458,-0.10916716,0.044073284,-0.112576306,0.9900705,-0.084183276
1356623521949,-0.025228381,-0.05251023,-0.9983016,-0.99279654,-0.115685284,0.031174272,-0.11712584,0.99189687,-0.04921335
1356623521985,0.022405744,-0.022821248,-0.9994885,-0.99221057,-0.123047054,-0.019433081,-0.12254059,0.99213845,-0.02540049
1356623522029,0.0931589,-0.0015914142,-0.99565,-0.9872222,-0.12999374,-0.09216255,-0.12928158,0.99151355,-0.013681173
1356623522076,0.17666817,0.011980861,-0.9841975,-0.97467387,-0.13716179,-0.17662829,-0.13711044,0.9904762,-0.012554705
1356623522116,0.24593365,0.02147767,-0.9690487,-0.9586619,-0.14223123,-0.24645,-0.14312214,0.9896005,-0.014389634
1356623522156,0.2916624,0.026741296,-0.95614743,-0.94536567,-0.14416206,-0.29240543,-0.14565954,0.98919266,-0.01676634
1356623522194,0.31703573,0.027582347,-0.9480124,-0.937492,-0.14214492,-0.3176532,-0.14351672,0.98946154,-0.019206822
1356623522237,0.3249759,0.02346462,-0.9454312,-0.93580794,-0.13639605,-0.3250533,-0.13658029,0.9903765,-0.02236706
1356623522275,0.31437492,0.014339507,-0.9491906,-0.94090396,-0.12797475,-0.31356367,-0.12596881,0.9916737,-0.026739955
1356623522316,0.28544974,4.5579672E-4,-0.9583936,-0.9518862,-0.11620039,-0.28356686,-0.11149502,0.9932257,-0.032735497
1356623522355,0.22833946,-0.017190903,-0.9734298,-0.96893513,-0.10157964,-0.22549126,-0.0950042,0.99467885,-0.039851546
1356623522397,0.16064763,-0.039270848,-0.98623025,-0.9841207,-0.08279532,-0.15700713,-0.07548943,0.9957925,-0.05194813
1356623522436,0.08126688,-0.06903872,-0.9942984,-0.9951,-0.061988413,-0.077028275,-0.05631703,0.9956863,-0.07373804
1356623522475,0.048430115,-0.117563695,-0.99188375,-0.9980192,-0.04561457,-0.04332322,-0.04015112,0.9920172,-0.119539976
1356623522536,0.06358653,-0.18470481,-0.98073494,-0.997556,-0.040287018,-0.057089835,-0.028966099,0.98196805,-0.18681508
1356623522552,0.14286926,-0.26613063,-0.9532905,-0.9894529,-0.06166479,-0.13107389,-0.023901701,0.9619625,-0.2721337
1356623522592,0.23458993,-0.3384889,-0.91125894,-0.97181726,-0.1040442,-0.2115323,-0.0232099,0.9352005,-0.35335708
1356623522628,0.29092926,-0.38549703,-0.87564385,-0.95643634,-0.14041466,-0.25595552,-0.02428314,0.91196257,-0.4095541
1356623522672,0.29631382,-0.40664217,-0.86419916,-0.9547081,-0.15171511,-0.25595883,-0.027028471,0.90090215,-0.43317986
1356623522715,0.26454756,-0.40709537,-0.87423563,-0.96385425,-0.14133492,-0.22585276,-0.03161636,0.9023845,-0.42977047
1356623522756,0.20173547,-0.38816848,-0.8992375,-0.9787024,-0.11551723,-0.16969803,-0.038005978,0.91432,-0.40320534
1356623522796,0.13338882,-0.3549496,-0.9253206,-0.9900427,-0.090096235,-0.10815823,-0.044977188,0.930534,-0.36343306
1356623522836,0.06112367,-0.3089034,-0.9491272,-0.99672633,-0.06930554,-0.04163283,-0.05291924,0.9485649,-0.31212837
1356623522885,-0.005877942,-0.25186488,-0.9677445,-0.99797964,-0.05974558,0.021610945,-0.06326145,0.9659164,-0.25100487
1356623522925,-0.040889353,-0.19547996,-0.97985494,-0.9963589,-0.06545177,0.054635614,-0.074813396,0.9785211,-0.19209188
1356623522966,-0.059562713,-0.14361736,-0.9878392,-0.99438834,-0.078137666,0.07131767,-0.08742988,0.9865438,-0.13815737
1356623523005,-0.06155938,-0.09847799,-0.9932333,-0.9930477,-0.09398979,0.07086685,-0.10033259,0.9906907,-0.0920074
1356623523045,-0.047300935,-0.061965913,-0.9969568,-0.9924654,-0.11001974,0.05392614,-0.11302653,0.99199593,-0.056294978
1356623523085,-0.017603874,-0.03562635,-0.9992101,-0.99197596,-0.124512434,0.021915853,-0.12519482,0.9915783,-0.033148646
1356623523125,0.02432245,-0.019539595,-0.99951327,-0.99039996,-0.13656038,-0.021431059,-0.13607517,0.99043906,-0.022673517
1356623523166,0.07068783,-0.011258125,-0.997435,-0.9869742,-0.14565963,-0.06830239,-0.1445171,0.9892707,-0.021407813
1356623523207,0.1134485,-0.008025646,-0.99351144,-0.9822281,-0.15139633,-0.11093709,-0.1495237,0.9884405,-0.025058657
1356623523246,0.14566478,-0.0067706704,-0.98931086,-0.97775275,-0.1535438,-0.14291215,-0.15093493,0.98811865,-0.028985947
1356623523287,0.16613299,-0.0071519315,-0.9860774,-0.97497606,-0.15099037,-0.16316754,-0.14772117,0.98850936,-0.032057464
1356623523326,0.17257917,-0.00946489,-0.9849502,-0.97477794,-0.14529788,-0.16940057,-0.14150786,0.9893427,-0.03430152
1356623523365,0.16792053,-0.0134444535,-0.9857089,-0.97693515,-0.1360681,-0.16457003,-0.13191098,0.9906083,-0.035982996
1356623523408,0.14875898,-0.018909603,-0.9886927,-0.9816704,-0.12328115,-0.14534456,-0.11913878,0.9921916,-0.03690219
1356623523445,0.11483109,-0.025426656,-0.99305964,-0.9880723,-0.10617477,-0.11153588,-0.102601886,0.99402237,-0.037315547
1356623523482,0.06961748,-0.034703106,-0.99696994,-0.9941933,-0.084618,-0.06647816,-0.082054615,0.99580896,-0.04039249
1356623523526,0.02607721,-0.052545518,-0.998278,-0.99789035,-0.06076002,-0.022868961,-0.059453756,0.99676836,-0.054019123
1356623523566,0.010584265,-0.0901247,-0.9958743,-0.99914515,-0.04075536,-0.0069307685,-0.03996253,0.99509627,-0.09047902
1356623523605,0.04187289,-0.15177983,-0.987527,-0.998673,-0.036018163,-0.036809683,-0.029981941,0.9877579,-0.1530866
1356623523649,0.13242868,-0.23368481,-0.9632518,-0.9906144,-0.064389676,-0.12056959,-0.033848196,0.970178,-0.2400186
1356623523686,0.23411429,-0.30386218,-0.9235033,-0.97121525,-0.11603552,-0.20803025,-0.043946654,0.9456234,-0.32228118
1356623523726,0.31309724,-0.34776303,-0.88375956,-0.94810283,-0.1687507,-0.26948857,-0.055416882,0.92227113,-0.38255054
1356623523766,0.35529703,-0.36518738,-0.86046636,-0.9325124,-0.20217848,-0.29923996,-0.06468907,0.90871453,-0.41237518
1356623523805,0.356035,-0.36185694,-0.8615675,-0.9317125,-0.20827065,-0.2975484,-0.0717693,0.9086709,-0.41129827
1356623523846,0.32451057,-0.34293342,-0.8815268,-0.9428214,-0.19218428,-0.2723105,-0.07603124,0.91949,-0.38569078
1356623523884,0.27139828,-0.3119656,-0.91050553,-0.9593303,-0.1639966,-0.2297616,-0.07764211,0.9358325,-0.34378648
1356623523925,0.2028724,-0.27057755,-0.94107944,-0.9760711,-0.13271022,-0.17225906,-0.07828146,0.95350707,-0.29102612
1356623523965,0.13088793,-0.22170722,-0.9662889,-0.9881722,-0.10772866,-0.109134674,-0.07990101,0.9691442,-0.23318529
1356623524005,0.06870541,-0.17004505,-0.9830383,-0.9941263,-0.09426251,-0.053174943,-0.0836215,0.9809176,-0.17552257
1356623524045,0.0279015,-0.12073058,-0.9922931,-0.9955997,-0.09219453,-0.016777337,-0.089458436,0.9883948,-0.12277168
1356623524088,0.010534823,-0.076767355,-0.9969934,-0.99519813,-0.0978359,-0.0029826462,-0.09731281,0.9922373,-0.07742944
1356623524125,0.019640386,-0.04011506,-0.9990021,-0.99419755,-0.10648072,-0.015270203,-0.105761886,0.99350524,-0.04197365
1356623524167,0.04776442,-0.012680352,-0.9987781,-0.9922238,-0.11566132,-0.04598257,-0.11493692,0.9932077,-0.018106252
1356623524206,0.091563106,0.0062843263,-0.9957794,-0.98809826,-0.12354922,-0.09163654,-0.12360367,0.9923185,-0.0051029623
1356623524248,0.14414686,0.016005844,-0.98942685,-0.98082066,-0.13025278,-0.14500013,-0.13119653,0.9913516,-0.0030766428
1356623524286,0.19281283,0.02076441,-0.98101586,-0.9717556,-0.13459733,-0.19384176,-0.13606709,0.9906828,-0.00577417
1356623524325,0.23286605,0.021354675,-0.9722743,-0.9628687,-0.13535613,-0.23358625,-0.13659143,0.9905668,-0.010958105
1356623524367,0.261473,0.018428236,-0.96503484,-0.95617557,-0.13153619,-0.2615844,-0.13175759,0.99114,-0.016772509
1356623524406,0.27828494,0.011784703,-0.9604262,-0.9527807,-0.12311831,-0.27758026,-0.12151727,0.99232197,-0.023033708
1356623524458,0.2820386,0.0014312863,-0.95940197,-0.95342815,-0.111011654,-0.28044808,-0.106906205,0.99381804,-0.029944927
1356623524475,0.26704532,-0.010419339,-0.96362764,-0.9592618,-0.098558605,-0.26476976,-0.09221512,0.99507666,-0.036314487
1356623524514,0.24457967,-0.023086995,-0.9693543,-0.9667367,-0.08296651,-0.24194318,-0.07483831,0.9962848,-0.042610914
1356623524555,0.19893259,-0.037046164,-0.9793128,-0.97841644,-0.06452769,-0.19630954,-0.055920273,0.997228,-0.049083233
1356623524596,0.13864997,-0.05443725,-0.98884416,-0.98965275,-0.044846565,-0.13629448,-0.036926776,0.9975096,-0.060091913
1356623524635,0.07992536,-0.08170587,-0.9934466,-0.99656755,-0.028113425,-0.07786429,-0.021567225,0.9962599,-0.083672374
1356623524678,0.06454933,-0.13303804,-0.98900676,-0.9977933,-0.024048328,-0.06188783,-0.015550524,0.9908191,-0.13429677
1356623524716,0.091270834,-0.20395517,-0.9747163,-0.9956238,-0.038417608,-0.08518985,-0.020071357,0.9782262,-0.20656902
1356623524757,0.16508633,-0.2862427,-0.94382817,-0.9856148,-0.082996786,-0.14722419,-0.036192894,0.95455575,-0.29582667
1356623524796,0.23161584,-0.35087997,-0.9073243,-0.9713318,-0.13476622,-0.19583851,-0.053560853,0.92667216,-0.37203485
1356623524834,0.26766944,-0.3892673,-0.8813762,-0.96117234,-0.17157108,-0.21612734,-0.06708735,0.90500516,-0.42007735
1356623524876,0.26715195,-0.40261984,-0.87551534,-0.9607078,-0.18227072,-0.20932713,-0.07530156,0.89703655,-0.43549398
1356623524915,0.23612046,-0.3954312,-0.88762677,-0.9685463,-0.16958302,-0.18209815,-0.078519166,0.9027047,-0.42303544
1356623524957,0.1820037,-0.37046465,-0.91084063,-0.98026466,-0.14106116,-0.13850245,-0.07717398,0.9180728,-0.38882703
1356623524996,0.118843466,-0.3315353,-0.9359276,-0.9901676,-0.10961905,-0.086900264,-0.07378504,0.93705285,-0.34130305
1356623525031,0.051913857,-0.28143927,-0.9581737,-0.9961004,-0.08313006,-0.029551417,-0.07133609,0.95597136,-0.28465742
1356623525076,-0.008029997,-0.2245638,-0.97442627,-0.9973961,-0.068042696,0.02390021,-0.07166967,0.97208095,-0.22343266
1356623525115,-0.047540933,-0.1680614,-0.98462945,-0.9960942,-0.065451056,0.059266,-0.07440537,0.98360133,-0.16429341
1356623525157,-0.069842935,-0.11520472,-0.99088335,-0.9943881,-0.07108432,0.07835454,-0.079463094,0.9907951,-0.10959345
1356623525195,-0.06874192,-0.06981063,-0.99518895,-0.99392056,-0.081202805,0.074350536,-0.08600259,0.99424976,-0.06380421
1356623525237,-0.050348043,-0.034550667,-0.998134,-0.9942397,-0.09294754,0.053368956,-0.09461799,0.9950714,-0.029671967
1356623525276,-0.014555454,-0.01036042,-0.99984044,-0.99446887,-0.10387409,0.015553564,-0.10401863,0.9945365,-0.008791208
1356623525315,0.032957792,0.0015193522,-0.9994556,-0.992949,-0.11388117,-0.032916367,-0.11386916,0.99349326,-0.0022446513
1356623525356,0.083819926,0.004180789,-0.9964721,-0.9888858,-0.12288016,-0.08369741,-0.122796625,0.9924127,-0.0061654747
1356623525395,0.1277149,0.0018685162,-0.9918091,-0.983366,-0.12997892,-0.12687257,-0.12915134,0.99151504,-0.014762819
1356623525458,0.15845698,-0.002432853,-0.98736286,-0.97856903,-0.1335761,-0.15671659,-0.13150677,0.9910356,-0.023546815
1356623525475,0.17432612,-0.007827848,-0.9846568,-0.9761648,-0.13265729,-0.17176807,-0.12927732,0.99113107,-0.030766904
1356623525514,0.17521897,-0.014428079,-0.98442376,-0.9768406,-0.12726769,-0.17200395,-0.12280366,0.9917635,-0.036393672
1356623525555,0.16055697,-0.022168845,-0.98677754,-0.9805422,-0.11799133,-0.15689167,-0.11295304,0.9927671,-0.04068187
1356623525599,0.13017967,-0.030427456,-0.9910234,-0.9865222,-0.10391095,-0.126398,-0.09913221,0.9941211,-0.04354447
1356623525653,0.08065364,-0.038845748,-0.995985,-0.9932951,-0.086164445,-0.07707521,-0.08282441,0.99552333,-0.04553479
1356623525673,0.024370402,-0.049123645,-0.99849534,-0.997692,-0.0645155,-0.021176755,-0.063378185,0.9967069,-0.050582528
1356623525718,-0.019241571,-0.075696945,-0.99694514,-0.99887633,-0.04173851,0.022447973,-0.043310255,0.99625695,-0.074808836
1356623525758,-0.042082936,-0.12510216,-0.9912509,-0.9986601,-0.02463755,0.045506954,-0.030115008,0.99183786,-0.12389773
1356623525801,-0.011934876,-0.20207134,-0.97929806,-0.99950504,-0.026097715,0.017566234,-0.029107034,0.979023,-0.20165986
1356623525844,0.051037937,-0.2876302,-0.9563807,-0.99795556,-0.051576346,-0.03774512,-0.03846991,0.9563518,-0.28967452
1356623525886,0.10824922,-0.3546953,-0.9286945,-0.9928193,-0.086413056,-0.08271998,-0.05091092,0.93098015,-0.36150247
1356623525926,0.1365023,-0.3922911,-0.9096564,-0.98872006,-0.11108807,-0.100459546,-0.061642557,0.91310847,-0.40302986
1356623525965,0.13595685,-0.4039281,-0.90463126,-0.9883172,-0.118784696,-0.09549528,-0.06888315,0.9070459,-0.41535866
1356623526007,0.1092588,-0.3931751,-0.91294897,-0.99143124,-0.10926089,-0.07159644,-0.07159969,0.9129487,-0.40174377
1356623526047,0.07581693,-0.36897767,-0.92634076,-0.99462366,-0.09370428,-0.04408151,-0.07053703,0.9247026,-0.3740983
1356623526088,0.03278035,-0.331239,-0.9429773,-0.99724567,-0.073646426,-0.0087971985,-0.06653294,0.94066834,-0.33274084
1356623526126,-0.002676338,-0.2871698,-0.95787597,-0.9980643,-0.05874917,0.020401537,-0.062133104,0.9560764,-0.2864567
1356623526165,-0.03481278,-0.23831624,-0.97056353,-0.99769634,-0.04829207,0.04764387,-0.058224827,0.9699862,-0.23608607
1356623526206,-0.057423323,-0.18831852,-0.9804278,-0.9968116,-0.043680876,0.06677303,-0.05540055,0.9811361,-0.18520975
1356623526244,-0.06753215,-0.14198029,-0.98756313,-0.9962275,-0.044472247,0.07451835,-0.05449924,0.98887,-0.13844138
1356623526286,-0.06523174,-0.10345593,-0.9924927,-0.996246,-0.04997289,0.07068756,-0.056910783,0.9933779,-0.09980768
1356623526325,-0.050513625,-0.07596555,-0.99583006,-0.9967079,-0.059479535,0.055095494,-0.06341684,0.9953348,-0.07271093
1356623526365,-0.027547657,-0.059666097,-0.99783814,-0.9969266,-0.071594834,0.03180358,-0.073337674,0.99564755,-0.057510436
1356623526405,-0.0043838024,-0.05119896,-0.99867886,-0.99640596,-0.0842585,0.008693486,-0.08459228,0.9951277,-0.05064556
1356623526464,0.012282133,-0.047110707,-0.9988141,-0.9954642,-0.094819605,-0.007768661,-0.09434113,0.99437916,-0.04806155
1356623526485,0.019003272,-0.04569754,-0.9987745,-0.9948814,-0.10002458,-0.014352739,-0.099246144,0.99393505,-0.047364444
1356623526526,0.016474426,-0.04680386,-0.99876827,-0.99517,-0.0974496,-0.01184842,-0.096774995,0.9941393,-0.048183233
1356623526576,0.0030882359,-0.04994613,-0.9987471,-0.99632555,-0.08563882,0.0012019277,-0.085591525,0.99507356,-0.050027072
1356623526615,-0.024919152,-0.05307111,-0.9982797,-0.9971583,-0.06969565,0.028596342,-0.07109341,0.99615556,-0.05118352
1356623526655,-0.059410095,-0.05433008,-0.99675405,-0.99679124,-0.050429523,0.062161088,-0.053643078,0.99724877,-0.05115968
1356623526695,-0.09769791,-0.05555743,-0.99366415,-0.9946273,-0.02888918,0.09940782,-0.03422901,0.99803746,-0.05243653
1356623526736,-0.1300826,-0.06476027,-0.98938596,-0.99138063,-0.0071918964,0.13081563,-0.015587211,0.997875,-0.063266516
1356623526775,-0.14309204,-0.0937489,-0.9852593,-0.98970616,0.010997951,0.14269134,-0.0025413334,0.99553514,-0.09435755
1356623526819,-0.116603196,-0.15825483,-0.98048925,-0.993178,0.017541766,0.11528084,-0.0010442436,0.98724246,-0.15922064
1356623526855,-0.06377876,-0.24106121,-0.96841204,-0.9979228,0.0065758824,0.064085424,-0.009080321,0.97048765,-0.24097985
1356623526897,0.0032357275,-0.32427466,-0.9459574,-0.99967456,-0.024982661,0.005144626,-0.02530083,0.94563293,-0.32424998
1356623526936,0.05472964,-0.38062766,-0.9231074,-0.9976289,-0.05948043,-0.034622192,-0.041728646,0.9228135,-0.38298053
1356623526975,0.0772461,-0.4036101,-0.91166437,-0.99544823,-0.08241615,-0.04785815,-0.05581978,0.9112116,-0.40813935
1356623527016,0.073201954,-0.39806625,-0.9144314,-0.9951328,-0.08980459,-0.040568978,-0.06597096,0.9129504,-0.4027027
1356623527055,0.05120802,-0.37218407,-0.92674524,-0.996155,-0.08508521,-0.020872802,-0.071083784,0.9242507,-0.3751101
1356623527096,0.018134505,-0.33203775,-0.94309175,-0.9972798,-0.073406786,0.006668061,-0.07144332,0.9404055,-0.33246577
1356623527135,-0.01932767,-0.28287026,-0.9589634,-0.9974637,-0.06025991,0.03787881,-0.06850183,0.95726335,-0.28098816
1356623527175,-0.0554381,-0.22945836,-0.9717384,-0.9964236,-0.04944557,0.068522006,-0.06377107,0.97206175,-0.2258966
1356623527216,-0.08632204,-0.17552409,-0.9806833,-0.99454343,-0.042699367,0.095184475,-0.05858174,0.98354876,-0.17088038
1356623527256,-0.10751772,-0.12505838,-0.9863064,-0.9927088,-0.040867865,0.11339745,-0.054489523,0.99130726,-0.119752586
1356623527296,-0.11485386,-0.08235571,-0.9899627,-0.9919498,-0.043992043,0.118744135,-0.053329736,0.9956316,-0.07664013
1356623527339,-0.10691649,-0.050595313,-0.9929799,-0.9925631,-0.053030074,0.10957363,-0.0582017,0.9973104,-0.044549227
1356623527376,-0.08213866,-0.029918075,-0.9961717,-0.99428475,-0.06593925,0.083963424,-0.06819889,0.997375,-0.024330914
1356623527418,-0.046499252,-0.020093143,-0.99871624,-0.9954408,-0.08242148,0.048004955,-0.083280176,0.996395,-0.016169041
1356623527456,-0.0076771975,-0.015024394,-0.99985766,-0.9953103,-0.09630549,0.00908941,-0.096428275,0.9952385,-0.014214635
1356623527480,0.0254336,-0.011706263,-0.9996079,-0.9942087,-0.104736686,-0.024069697,-0.10441384,0.99443114,-0.014302313
1356623527520,0.05161184,-0.010164559,-0.9986155,-0.9932272,-0.104751885,-0.0502671,-0.104095966,0.9944464,-0.015502095
1356623527569,0.069010496,-0.010773778,-0.99755776,-0.9932004,-0.09471828,-0.06768602,-0.09375775,0.9954458,-0.017237037
1356623527624,0.0726814,-0.013762087,-0.9972602,-0.9944079,-0.07781389,-0.07139966,-0.076618046,0.9968729,-0.019340783
1356623527654,0.057379723,-0.01798001,-0.9981905,-0.99665844,-0.059252083,-0.056224346,-0.05813396,0.9980811,-0.021319807
1356623527697,0.027320594,-0.022159845,-0.99938107,-0.9989176,-0.038256735,-0.026459545,-0.03764668,0.9990221,-0.023181051
1356623527736,-0.02170688,-0.027063847,-0.99939805,-0.99962795,-0.015927315,0.022143126,-0.016516984,0.99950683,-0.026708066
1356623527777,-0.07469195,-0.03982815,-0.99641097,-0.9971993,0.0068179965,0.07447854,0.0038271844,0.9991833,-0.040225863
1356623527815,-0.121243656,-0.06971538,-0.99017155,-0.9924402,0.02764231,0.1195752,0.019034386,0.99718386,-0.07253981
1356623527858,-0.12167475,-0.13589594,-0.9832231,-0.99231565,0.039081126,0.11739832,0.022471547,0.989952,-0.13960683
1356623527896,-0.09690583,-0.21965396,-0.970753,-0.99516726,0.036920547,0.090988934,0.015854657,0.97487897,-0.22217023
1356623527934,-0.05901143,-0.30057448,-0.951931,-0.998256,0.019301325,0.055788726,0.0016048849,0.953563,-0.3011893
1356623527976,-0.043333113,-0.35405502,-0.9342202,-0.9989704,0.002782464,0.045281917,-0.013432801,0.9352205,-0.3538111
1356623528015,-0.061359197,-0.37447688,-0.9252038,-0.99779475,-4.9188733E-4,0.066372514,-0.0253101,0.9272361,-0.37362087
1356623528057,-0.10773572,-0.36613256,-0.9243051,-0.9936207,0.008485526,0.11245379,-0.033329815,0.930524,-0.3647111
1356623528094,-0.16579816,-0.33824652,-0.926337,-0.9854016,0.019998401,0.16906741,-0.03866127,0.940845,-0.33662432
1356623528136,-0.22380358,-0.29788205,-0.92799693,-0.9736767,0.026137948,0.22642988,-0.04319346,0.9542448,-0.29589063
1356623528174,-0.26790035,-0.2541521,-0.9293202,-0.962258,0.022684097,0.27119184,-0.047843188,0.9668982,-0.25063694
1356623528219,-0.29833698,-0.20985061,-0.9311056,-0.95299786,0.011505306,0.30275849,-0.052821368,0.9776658,-0.20341963
1356623528256,-0.30771,-0.1701099,-0.93615013,-0.94972765,-0.00477618,0.3130408,-0.05772257,0.9854135,-0.16008842
1356623528296,-0.30428344,-0.13513821,-0.94294703,-0.9504581,-0.022986352,0.3100015,-0.063567966,0.99056005,-0.121448874
1356623528345,-0.28395915,-0.106389046,-0.9529158,-0.956089,-0.0437631,0.2897907,-0.0725331,0.99336106,-0.08929044
1356623528385,-0.24279547,-0.08489379,-0.96635574,-0.9665115,-0.064166725,0.24847159,-0.08310157,0.9943217,-0.0664714
1356623528463,-0.19332397,-0.07101861,-0.9785613,-0.9765488,-0.0823946,0.19890606,-0.09475419,0.9940661,-0.05342436
1356623528465,-0.13972938,-0.061758667,-0.98826194,-0.98461187,-0.09712154,0.1452826,-0.104953915,0.99335456,-0.047237575
1356623528503,-0.089098155,-0.054676235,-0.99452096,-0.9897781,-0.10677427,0.09454349,-0.11135858,0.9927788,-0.044603944
1356623528546,-0.0453189,-0.048395514,-0.99779963,-0.99262464,-0.11024082,0.050430775,-0.11243889,0.99272597,-0.0430426
1356623528590,-0.011379242,-0.043317646,-0.9989965,-0.9942409,-0.10597849,0.0159204,-0.10656178,0.9934244,-0.04186222
1356623528625,0.010514498,-0.040192127,-0.9991367,-0.9952791,-0.096830904,-0.006578654,-0.0964829,0.99448895,-0.041020483
1356623528669,0.01967001,-0.038841963,-0.99905175,-0.99654996,-0.08134699,-0.016458094,-0.0806306,0.9959287,-0.040308
1356623528706,0.009476244,-0.03886059,-0.9991997,-0.99803066,-0.062332213,-0.0070409477,-0.06200868,0.9972986,-0.03937474
1356623528745,-0.016521692,-0.03949535,-0.99908316,-0.99907565,-0.039007366,0.018063605,-0.03968504,0.9984581,-0.038814366
1356623528786,-0.057735443,-0.04378149,-0.99737144,-0.9982194,-0.012465656,0.058331758,-0.014986753,0.99896336,-0.04298383
1356623528844,-0.0993824,-0.060011327,-0.993238,-0.9950145,0.014345527,0.09869343,0.008325785,0.9980946,-0.061137795
1356623528879,-0.089324564,-0.11663544,-0.9891498,-0.9957552,0.03259179,0.08607799,0.022198439,0.99263996,-0.119051635
1356623528908,-0.05233863,-0.19747671,-0.97890943,-0.99833643,0.034089535,0.046500385,0.024187863,0.9797147,-0.19893241
1356623528949,0.02770853,-0.28817892,-0.95717555,-0.9995152,0.005615175,-0.030624688,0.014200091,0.95756006,-0.28788358
1356623528992,0.10468757,-0.3594569,-0.92727095,-0.99450517,-0.038141787,-0.097492605,-3.233552E-4,0.932382,-0.3614747
1356623529033,0.14377159,-0.39916864,-0.9055353,-0.989519,-0.07046008,-0.12604621,-0.013490379,0.9141662,-0.40511507
1356623529087,0.12075028,-0.40506566,-0.9062787,-0.99239886,-0.07109645,-0.100447744,-0.023745269,0.91151905,-0.41057158
1356623529125,0.07907826,-0.39317784,-0.9160557,-0.99642503,-0.05858141,-0.060872585,-0.029730052,0.91759443,-0.39640474
1356623529165,0.020301074,-0.36702436,-0.92998976,-0.99929637,-0.03679076,-0.007294357,-0.03153783,0.9294835,-0.36751306
1356623529205,-0.042322636,-0.3298396,-0.9430878,-0.9986427,-0.014715195,0.04996237,-0.030357331,0.9439223,-0.3287691
1356623529246,-0.100215316,-0.28463408,-0.95338356,-0.9945799,0.001976192,0.103955716,-0.027705282,0.95863414,-0.28328937
1356623529285,-0.13744667,-0.23802751,-0.96148384,-0.99018353,0.0081321895,0.13953623,-0.02539453,0.9712243,-0.23680866
1356623529327,-0.15811893,-0.19219023,-0.96853566,-0.987101,0.0058338344,0.15999225,-0.025098711,0.9813404,-0.1906336
1356623529366,-0.14791214,-0.15227646,-0.9772072,-0.9886102,-0.0049886107,0.15041557,-0.027779698,0.98832536,-0.14980417
1356623529408,-0.116108775,-0.12002894,-0.9859573,-0.99258745,-0.021858513,0.119550586,-0.03590113,0.99252975,-0.11660129
1356623529467,-0.05788654,-0.09592566,-0.99370396,-0.99718916,-0.04187292,0.062131703,-0.047569305,0.9945074,-0.093232155
1356623529485,0.010291129,-0.07944122,-0.9967865,-0.9980012,-0.062974244,-0.005284786,-0.06235209,0.9948484,-0.079930484
1356623529527,0.07885793,-0.06725943,-0.99461436,-0.99389267,-0.082562655,-0.07321757,-0.07719341,0.99431366,-0.07335937
1356623529565,0.13639715,-0.05687213,-0.98902047,-0.9866847,-0.09708282,-0.13049242,-0.08859551,0.9936501,-0.06935671
1356623529605,0.17866522,-0.04837045,-0.98272026,-0.979401,-0.10425359,-0.17293033,-0.09408739,0.99337375,-0.06600055
1356623529645,0.2063027,-0.0430409,-0.97754115,-0.97411764,-0.10335392,-0.2010296,-0.092380226,0.99371296,-0.06324908
1356623529687,0.21901599,-0.04165721,-0.9748317,-0.9721129,-0.095160514,-0.21433872,-0.083836704,0.99459,-0.061337203
1356623529725,0.21380657,-0.043487698,-0.97590756,-0.9743302,-0.08157039,-0.20982611,-0.07048032,0.99571836,-0.05981165
1356623529768,0.18946388,-0.047216684,-0.98075175,-0.98052514,-0.061701387,-0.18644962,-0.05171022,0.9969772,-0.057987332
1356623529806,0.1384744,-0.05226168,-0.98898613,-0.98992205,-0.037201762,-0.13663962,-0.029651016,0.9979403,-0.056886494
1356623529846,0.07575831,-0.061957747,-0.99519944,-0.9971192,-0.008471042,-0.07537708,-0.003760159,0.9980428,-0.062420994
