1356623633808,-0.9710341,-0.21036883,-0.11330338,-0.10672866,-0.042385757,0.9933843,-0.21377955,0.97670275,0.018705606
1356623633829,-0.026042491,-0.024833888,0.99935234,0.97653496,0.21315292,0.030744672,-0.2137784,0.97670317,0.018700063
1356623633876,-0.026001185,-0.024778485,0.9993547,0.97653866,0.2131435,0.030692399,-0.21376646,0.97670656,0.01865518
1356623633915,-0.025777549,-0.02461505,0.99936455,0.9765574,0.2130942,0.030437946,-0.21370798,0.9767215,0.018544972
1356623633961,-0.025072873,-0.024314523,0.99938995,0.9766135,0.21294355,0.029682249,-0.21353537,0.97676194,0.018406808
1356623633997,-0.023216516,-0.02376604,0.999448,0.97672236,0.21270558,0.027746499,-0.2132476,0.9768273,0.018274546
1356623634037,-0.019833505,-0.022654057,0.99954665,0.97689474,0.21234685,0.024196804,-0.21279874,0.97693175,0.017919064
1356623634078,-0.0138937235,-0.020504892,0.99969316,0.977123,0.21191782,0.017926723,-0.2122204,0.97707236,0.017091453
1356623634116,-0.006021023,-0.01735428,0.9998312,0.97737205,0.2113117,0.009553552,-0.21144184,0.97726464,0.015689254
1356623634157,0.0034156442,-0.013688892,0.99990046,0.97760606,0.21044296,-4.5844913E-4,-0.21041572,0.97751033,0.014101148
1356623634194,0.0134340525,-0.010477155,0.99985486,0.9777688,0.20940042,-0.010943055,-0.2092554,0.97777385,0.013057351
1356623634239,0.022441745,-0.008789331,0.9997096,0.9778695,0.20824587,-0.02012062,-0.20800856,0.97803706,0.013268232
1356623634276,0.029879153,-0.009177893,0.99951136,0.97791576,0.2072044,-0.027330905,-0.20685232,0.97825456,0.015166283
1356623634323,0.03484896,-0.012620151,0.9993128,0.97791994,0.206593,-0.031493872,-0.20605356,0.9783455,0.019541085
1356623634355,0.037770897,-0.017824382,0.9991275,0.977857,0.20661125,-0.03328085,-0.20583776,0.97826076,0.025233567
1356623634400,0.03814876,-0.025386184,0.9989495,0.9776603,0.2077322,-0.03205669,-0.20670018,0.9778563,0.03274381
1356623634448,0.036420017,-0.033881694,0.998762,0.97722423,0.21028695,-0.028500855,-0.2090609,0.9770524,0.040768683
1356623634487,0.033702135,-0.040301174,0.9986191,0.9766724,0.21334946,-0.024351329,-0.21207348,0.9761443,0.046551347
1356623634527,0.03137088,-0.043224454,0.99857277,0.9759598,0.21691042,-0.021271259,-0.2156815,0.97523415,0.04898995
1356623634571,0.029438078,-0.04285291,0.9986477,0.9752053,0.2204603,-0.01928696,-0.2193357,0.97445416,0.0482803
1356623634607,0.028756678,-0.038758397,0.9988347,0.97445595,0.22374165,-0.01937285,-0.22273004,0.97387755,0.044202387
1356623634646,0.029295594,-0.03181249,0.99906445,0.9738408,0.22622594,-0.02135235,-0.22533503,0.9735552,0.03760773
1356623634689,0.03151107,-0.022147208,0.99925804,0.97347176,0.22736412,-0.025658727,-0.22662714,0.97355795,0.028724134
1356623634726,0.034718424,-0.011675894,0.99932885,0.9734093,0.22694269,-0.031166375,-0.22642645,0.97383815,0.019244552
1356623634769,0.03870809,-6.0915947E-4,0.9992504,0.9738092,0.22423863,-0.037585825,-0.22404769,0.97453403,0.009273052
1356623634806,0.04237905,0.009596109,0.9990555,0.9745535,0.21990314,-0.043451875,-0.22011241,0.9754745,-3.2663345E-5
1356623634846,0.04574099,0.019827813,0.9987565,0.97571385,0.21351579,-0.048924506,-0.21422037,0.9767384,-0.009579897
1356623634882,0.048663586,0.031575173,0.99831605,0.97718513,0.20537576,-0.054129273,-0.2067391,0.97817373,-0.020860553
1356623634927,0.051551342,0.047121197,0.997558,0.9788605,0.1955843,-0.05982378,-0.19792566,0.9795542,-0.03604245
1356623634966,0.054043353,0.067688495,0.99624175,0.98064435,0.18443567,-0.065728515,-0.1881916,0.98051095,-0.05641079
1356623635006,0.055306643,0.09344962,0.9940866,0.9825094,0.17220762,-0.070851,-0.17781031,0.980618,-0.08229095
1356623635047,0.05315292,0.122716844,0.99101734,0.98448616,0.1597457,-0.072583824,-0.16721806,0.9795009,-0.11232209
1356623635085,0.0448111,0.15233278,0.98731285,0.98656964,0.14864567,-0.06771195,-0.15707451,0.97708714,-0.14362592
1356623635127,0.030645907,0.18212602,0.9827975,0.98862743,0.1393097,-0.056643784,-0.14722955,0.97335654,-0.17578554
1356623635165,0.0081733465,0.20999601,0.97766817,0.99044704,0.13288653,-0.036823243,-0.13765171,0.96862936,-0.20690382
1356623635210,-0.01805529,0.23841712,0.97099495,0.99169064,0.12798819,-0.012986034,-0.127372,0.96269226,-0.23874694
1356623635246,-0.05016306,0.26585403,0.9627073,0.9918784,0.12606636,0.016869515,-0.11688018,0.9557347,-0.27001876
1356623635289,-0.08074048,0.29606432,0.95174944,0.99111646,0.12509212,0.045167238,-0.10568395,0.9469414,-0.30353427
1356623635326,-0.114216,0.32471213,0.9388913,0.9888668,0.12789342,0.07606402,-0.095379144,0.93712616,-0.33570457
1356623635365,-0.14421353,0.35255095,0.9246136,0.98576915,0.13274845,0.103135675,-0.08638048,0.92632914,-0.36667806
1356623635406,-0.17187515,0.3780906,0.9096738,0.98193944,0.13988099,0.12739003,-0.07908106,0.9151398,-0.39530408
1356623635446,-0.19668129,0.40041092,0.894979,0.9777094,0.1485149,0.14841712,-0.073489875,0.90422034,-0.4206956
1356623635485,-0.21818104,0.41883057,0.8814635,0.9734395,0.15760556,0.16606015,-0.069372505,0.89428264,-0.44209284
1356623635525,-0.2362042,0.43265697,0.8700664,0.9694029,0.16650003,0.18037662,-0.06682488,0.8860506,-0.4587469
1356623635583,-0.25146425,0.4407417,0.86169165,0.9655676,0.1755662,0.1919787,-0.066670895,0.8802973,-0.4697144
1356623635619,-0.26600835,0.44024816,0.85756695,0.96137166,0.1864424,0.20249385,-0.0707393,0.8783056,-0.47283733
1356623635648,-0.27934363,0.43265048,0.85719347,0.9570769,0.19730374,0.21230888,-0.07727194,0.8797072,-0.46919537
1356623635679,-0.29162136,0.4203305,0.8592318,0.95276976,0.20725486,0.22198021,-0.08477488,0.8833842,-0.46091807
1356623635722,-0.30876783,0.394561,0.86543864,0.94623715,0.2196702,0.23744524,-0.09642446,0.8922256,-0.4411754
1356623635766,-0.3286744,0.35790923,0.87399894,0.93780875,0.23317829,0.25718233,-0.11174971,0.904173,-0.4122901
1356623635805,-0.35158512,0.30989522,0.8833758,0.92690974,0.24753097,0.28207585,-0.13124889,0.9179833,-0.37427306
1356623635846,-0.37556234,0.25338513,0.89148694,0.9139201,0.26104078,0.31081787,-0.15395778,0.93147933,-0.32961082
1356623635882,-0.397815,0.19364771,0.89679635,0.90002656,0.27204573,0.34050438,-0.17803168,0.94259834,-0.28251195
1356623635927,-0.4166103,0.13456735,0.89907026,0.88629484,0.2801808,0.3687547,-0.2022799,0.9504684,-0.23599261
1356623635966,-0.4303751,0.08043048,0.8990596,0.8741281,0.2855395,0.392896,-0.2251162,0.9549859,-0.19319558
1356623636005,-0.43880913,0.033235103,0.89796543,0.8643055,0.28897753,0.41166493,-0.24581012,0.95675874,-0.15553129
1356623636046,-0.4415462,-0.005439222,0.89722204,0.8576271,0.2912851,0.42382634,-0.26365268,0.9566208,-0.12395102
1356623636089,-0.4389189,-0.035708576,0.8978169,0.85426044,0.2931772,0.42928576,-0.27854863,0.95539105,-0.0981766
1356623636126,-0.43044817,-0.057626694,0.9007739,0.8547206,0.2947377,0.42729667,-0.2901157,0.95383906,-0.077614546
1356623636168,-0.41826457,-0.073099166,0.90537906,0.85801315,0.29533428,0.42022747,-0.29810774,0.9525934,-0.060807824
1356623636207,-0.40058738,-0.08233103,0.91255206,0.86479187,0.2951228,0.40624797,-0.30276173,0.9519055,-0.047023296
1356623636246,-0.38019544,-0.08729309,0.9207776,0.87333715,0.2938944,0.38846916,-0.3045221,0.95184344,-0.035501063
1356623636286,-0.35621595,-0.088777184,0.93017673,0.8831983,0.29302573,0.36619204,-0.3050752,0.951974,-0.025972605
1356623636326,-0.3291164,-0.0877825,0.9402003,0.8933056,0.29379535,0.34013134,-0.30608407,0.951829,-0.018276274
1356623636366,-0.29928765,-0.08474365,0.95039225,0.90314484,0.29617795,0.3108183,-0.3078251,0.95136595,-0.012106597
1356623636406,-0.26716247,-0.07971606,0.9603487,0.9127803,0.29858133,0.2787137,-0.3089602,0.9510492,-0.007006526
1356623636448,-0.23335859,-0.07254329,0.9696809,0.9224181,0.2990556,0.24435738,-0.30771494,0.9514742,-0.002871871
1356623636486,-0.19906718,-0.0632104,0.9779452,0.9317796,0.29692358,0.20886177,-0.3035772,0.9528069,-2.0956993E-4
1356623636529,-0.16689208,-0.05182582,0.9846121,0.94037384,0.29181865,0.17475381,-0.2963849,0.9550686,3.3438206E-5
1356623636565,-0.13965634,-0.03965345,0.98940575,0.9473754,0.28532216,0.14515883,-0.28805542,0.957611,-0.0022803545
1356623636608,-0.12010419,-0.025963813,0.99242175,0.95307994,0.27678823,0.12258431,-0.2778734,0.9605801,-0.008497834
1356623636646,-0.11306149,-0.013432622,0.99349725,0.95717156,0.26675588,0.112534225,-0.2665329,0.96367055,-0.017302513
1356623636685,-0.11665842,-2.4011731E-4,0.99317205,0.96044445,0.25456896,0.11287585,-0.25285783,0.9670546,-0.029466987
1356623636726,-0.13253117,0.014609456,0.9910711,0.96252704,0.24057168,0.12516779,-0.236595,0.9705214,-0.045945227
1356623636765,-0.15854228,0.03401926,0.986766,0.96295595,0.2261197,0.1469211,-0.21812904,0.9735053,-0.06860858
1356623636806,-0.19033709,0.06288618,0.9797026,0.9614901,0.21348247,0.17309552,-0.198264,0.9749208,-0.10109806
1356623636845,-0.22373676,0.106604904,0.968802,0.95809114,0.20650226,0.19854009,-0.17889449,0.9726213,-0.14833933
1356623636883,-0.2550547,0.1676743,0.95227754,0.95312154,0.20942324,0.21840608,-0.16280794,0.9633417,-0.2132284
1356623636925,-0.28272828,0.23901755,0.92894316,0.9471021,0.22289082,0.23090518,-0.15186253,0.94508743,-0.28939158
1356623636968,-0.30570382,0.30991423,0.9002768,0.94081974,0.24361134,0.23560926,-0.14629897,0.9190248,-0.36604637
1356623637005,-0.32831442,0.36236447,0.87229675,0.9335044,0.26540816,0.24109742,-0.1441496,0.8934486,-0.42540622
1356623637047,-0.352884,0.38597828,0.85234594,0.92418784,0.28604013,0.25309652,-0.14611539,0.8770415,-0.45765543
1356623637086,-0.37894222,0.3825156,0.8426652,0.91270834,0.30488983,0.27204,-0.15286049,0.872195,-0.46466076
1356623637128,-0.40663898,0.34970114,0.8440106,0.89820385,0.32186115,0.29939136,-0.16695666,0.87983775,-0.4449842
1356623637166,-0.42895707,0.30403578,0.8506222,0.884416,0.33301464,0.32697028,-0.18385899,0.89256006,-0.41174316
1356623637205,-0.44570827,0.2484672,0.8600048,0.8719325,0.33801222,0.35423362,-0.20267674,0.90775096,-0.36730146
1356623637248,-0.45486015,0.18915716,0.8702424,0.8624202,0.33727545,0.37746093,-0.222112,0.9222065,-0.31654608
1356623637286,-0.45625174,0.13070554,0.880199,0.85657144,0.33249372,0.39463058,-0.24108022,0.9340043,-0.26365942
1356623637325,-0.450381,0.07641584,0.8895602,0.85451615,0.32565203,0.40466386,-0.25876436,0.9423966,-0.21196604
1356623637365,-0.4380042,0.027983576,0.8985373,0.85586226,0.3187915,0.40727344,-0.27504912,0.94741166,-0.16358215
1356623637406,-0.4195403,-0.013276756,0.9076396,0.8602287,0.3134225,0.4022101,-0.2898147,0.94952095,-0.120072305
1356623637445,-0.3952192,-0.04583347,0.9174427,0.8673934,0.3101433,0.38915285,-0.30237493,0.94958436,-0.082818925
1356623637489,-0.36507928,-0.06824061,0.92847204,0.8771541,0.308972,0.36760968,-0.31195775,0.9486198,-0.05294168
1356623637527,-0.32716963,-0.07888925,0.94166684,0.8896779,0.3101426,0.3350893,-0.31848595,0.9474112,-0.0312832
1356623637568,-0.2850793,-0.07815969,0.9553119,0.9027036,0.3132059,0.29500547,-0.32226685,0.94646347,-0.018733501
1356623637607,-0.2345835,-0.06732598,0.9697617,0.9163822,0.31756145,0.24371788,-0.32436752,0.94584453,-0.012798369
1356623637643,-0.18167448,-0.049972743,0.9820881,0.92804766,0.3215111,0.18803748,-0.32514894,0.9455862,-0.012033284
1356623637697,-0.12530279,-0.027368486,0.99174106,0.93757224,0.3236205,0.12738949,-0.3244342,0.94579107,-0.014890611
1356623637735,-0.06316471,-0.0025194883,0.9979999,0.94436854,0.32326043,0.060586363,-0.32276654,0.9463067,-0.018039346
1356623637779,-0.008190334,0.020243138,0.9997616,0.9474777,0.31981927,0.001286298,-0.31971696,0.9472623,-0.021799326
1356623637816,0.03678775,0.040216684,0.9985136,0.9480893,0.31442273,-0.04759389,-0.31586942,0.94843084,-0.026562095
1356623637856,0.06934589,0.057739973,0.9959203,0.9479499,0.30719054,-0.083815575,-0.3107768,0.9498948,-0.033432186
1356623637891,0.086010724,0.07108086,0.99375534,0.9487092,0.29873535,-0.10347968,-0.30422524,0.95168513,-0.041740596
1356623637937,0.087267935,0.08108306,0.9928796,0.95162904,0.28795707,-0.107158184,-0.2945954,0.95420456,-0.052031577
1356623637976,0.07028845,0.087892264,0.9936471,0.9568052,0.27576426,-0.09207484,-0.282105,0.9571985,-0.06471276
1356623638015,0.042830557,0.09930575,0.99413484,0.9630991,0.26054034,-0.06751928,-0.26571733,0.96034217,-0.08448219
1356623638056,0.007679522,0.12363866,0.99229753,0.9690678,0.24386942,-0.037885457,-0.24667513,0.9618945,-0.11794144
1356623638095,-0.027858227,0.1693064,0.9851697,0.97316337,0.22980377,-0.011974245,-0.22842306,0.9583974,-0.17116469
1356623638135,-0.058073223,0.23535499,0.97017294,0.9749383,0.22243172,0.004398614,-0.21476203,0.9461142,-0.24237394
1356623638175,-0.081148356,0.3080974,0.94788766,0.97512484,0.2213566,0.011531264,-0.20626843,0.92524445,-0.31839615
1356623638216,-0.09989269,0.36801758,0.9244374,0.97451675,0.22372614,0.016239017,-0.20084456,0.9025018,-0.38098794
1356623638256,-0.11924638,0.40101585,0.90827674,0.97303724,0.22910987,0.026593715,-0.19743067,0.88695824,-0.41752386
1356623638298,-0.14328603,0.40171346,0.9044863,0.96977913,0.23935051,0.04732579,-0.19747785,0.883933,-0.4238689
1356623638335,-0.16835117,0.38195238,0.90871906,0.96521676,0.25095487,0.07333681,-0.20003629,0.8894572,-0.41091537
1356623638378,-0.19678792,0.34172004,0.91896784,0.9588737,0.26261446,0.107679665,-0.20453796,0.9023642,-0.37934572
1356623638416,-0.22105193,0.29583588,0.9293101,0.95244706,0.27038872,0.14048007,-0.20971596,0.916172,-0.34153795
1356623638455,-0.24289355,0.24466711,0.93869096,0.945556,0.27580896,0.17278111,-0.21662551,0.9295523,-0.29833865
1356623638497,-0.25936532,0.19153893,0.9465952,0.9390694,0.27893168,0.20086282,-0.22556233,0.9410154,-0.25221354
1356623638536,-0.26838642,0.13959578,0.9531431,0.93389714,0.28034425,0.22190833,-0.23623073,0.94969475,-0.20560867
1356623638575,-0.2689702,0.090700656,0.9588683,0.930531,0.2813639,0.23440671,-0.24853009,0.9553051,-0.16007829
1356623638615,-0.25901532,0.04760596,0.96469927,0.9296726,0.28316754,0.23563716,-0.26195374,0.9578881,-0.11760265
1356623638656,-0.23522618,0.014395148,0.97183406,0.9321468,0.286522,0.22137609,-0.27526513,0.9579655,-0.08081591
1356623638696,-0.19375664,-0.0046506524,0.98103863,0.93811923,0.29170084,0.18666276,-0.2870379,0.95649827,-0.05215615
1356623638738,-0.13406515,-0.007638186,0.9909431,0.9453126,0.29905307,0.1301969,-0.29733905,0.9542059,-0.03287208
1356623638776,-0.051606923,0.0057406127,0.998651,0.95048916,0.3071287,0.047352582,-0.30644253,0.95165074,-0.021306336
1356623638853,0.043255687,0.030935466,0.998585,0.94789726,0.31449938,-0.050803065,-0.315626,0.9487535,-0.015719771
1356623638855,0.15126887,0.06487465,0.98636144,0.9338273,0.3178551,-0.16411808,-0.32416707,0.94591725,-0.012500107
1356623638896,0.2561248,0.10036427,0.96141934,0.90792066,0.31639975,-0.27490216,-0.3317832,0.94330174,-0.010084987
1356623638936,0.35395247,0.1350362,0.9254637,0.8724407,0.30887228,-0.37874156,-0.33699393,0.94146866,-0.00848496
1356623638975,0.43139425,0.16364291,0.8871978,0.8359784,0.2972102,-0.46130925,-0.3391742,0.9406844,-0.008587182
1356623639014,0.4849184,0.18444204,0.85488904,0.80655634,0.2835993,-0.5186891,-0.338114,0.9410381,-0.011240393
1356623639055,0.51195145,0.19583237,0.8363943,0.79158366,0.2705965,-0.54788035,-0.33361807,0.9425642,-0.016485453
1356623639096,0.5109807,0.19702098,0.83670866,0.79578495,0.25959665,-0.54711604,-0.32500014,0.94540584,-0.024137437
1356623639135,0.47869313,0.18856588,0.8574939,0.82053435,0.25139868,-0.513344,-0.31237206,0.9493374,-0.034381986
1356623639199,0.42045665,0.17826536,0.8896278,0.85811234,0.24036522,-0.45372665,-0.29471934,0.95417297,-0.051908553
1356623639230,0.34661102,0.18424231,0.9197367,0.8976262,0.21945395,-0.3822397,-0.27226454,0.95806825,-0.08931556
1356623639258,0.26853192,0.21475428,0.9390268,0.9301558,0.19559725,-0.310728,-0.2504012,0.9568816,-0.1472308
1356623639289,0.21294768,0.26542398,0.94032085,0.9492252,0.17189337,-0.26348436,-0.23156998,0.9486847,-0.21534282
1356623639335,0.20473896,0.34747717,0.9150636,0.95394576,0.13856773,-0.26605684,-0.21924695,0.9273934,-0.30310422
1356623639387,0.20422506,0.42182755,0.88337624,0.9557928,0.109086335,-0.27305737,-0.21154737,0.90008986,-0.38090152
1356623639426,0.18961371,0.46408933,0.86525583,0.9598504,0.097923234,-0.2628655,-0.20672175,0.88035905,-0.42688876
1356623639466,0.15960787,0.47378194,0.8660577,0.96547353,0.10804705,-0.23703724,-0.20587891,0.8739888,-0.4401788
1356623639505,0.120713755,0.45893028,0.88023365,0.9705874,0.13149802,-0.20166424,-0.2082988,0.87868726,-0.42955828
1356623639548,0.07315622,0.42094353,0.904132,0.9743531,0.16326909,-0.15485242,-0.21280089,0.89227223,-0.39820343
1356623639586,0.031302467,0.37248257,0.92751116,0.97545254,0.19098695,-0.10961959,-0.21797389,0.9081744,-0.35736066
1356623639628,-0.00891386,0.3127241,0.9498022,0.9743066,0.2164857,-0.062134534,-0.22504956,0.9248446,-0.30661887
1356623639666,-0.033323914,0.2544363,0.9665152,0.9718049,0.23410323,-0.02812165,-0.23341951,0.93832713,-0.2550637
1356623639705,-0.047496676,0.19809157,0.97903204,0.9685927,0.2486307,-0.0033162236,-0.24407431,0.9481258,-0.20367914
1356623639746,-0.046109468,0.14821327,0.98787993,0.9653722,0.26080897,0.005929351,-0.25676912,0.9539452,-0.15510672
1356623639785,-0.028729826,0.10741654,0.993799,0.9621974,0.27234837,-0.0016210377,-0.27083373,0.95618415,-0.111180425
1356623639854,0.0055110455,0.07814169,0.996927,0.9584038,0.2840814,-0.027565092,-0.28536245,0.95561063,-0.07332569
1356623639862,0.056991458,0.06259003,0.9964107,0.9522691,0.29638213,-0.073084086,-0.29989266,0.9530163,-0.042711318
1356623639904,0.12796044,0.06368643,0.9897324,0.94100624,0.30741102,-0.14144176,-0.31326258,0.9494433,-0.020592868
1356623639946,0.21140215,0.08009142,0.9741122,0.92173547,0.31519827,-0.22595093,-0.3251353,0.9456402,-0.0071895123
1356623639986,0.30247647,0.10941142,0.9468565,0.8920483,0.3174734,-0.3216526,-0.33579424,0.94193405,-0.0015720725
1356623640038,0.39604026,0.14691108,0.90640455,0.8507044,0.31284583,-0.42240924,-0.3456214,0.9383734,-0.0010783374
1356623640069,0.48520273,0.18342379,0.85494673,0.80021787,0.3009749,-0.51871514,-0.3524622,0.9358257,-7.4514747E-4
1356623640113,0.5492101,0.20857972,0.80923593,0.7563997,0.2876149,-0.58748376,-0.35528553,0.9347578,1.9136071E-4
1356623640155,0.59083784,0.22300282,0.7753582,0.7252456,0.27422497,-0.6315216,-0.35345364,0.935452,2.9069185E-4
1356623640195,0.61166763,0.22797716,0.75755465,0.7110952,0.2612242,-0.6527674,-0.3467077,0.9379703,-0.0023310483
1356623640235,0.6113152,0.22425234,0.7589497,0.71698916,0.2490071,-0.6510929,-0.33499295,0.9421817,-0.008564651
1356623640276,0.58687615,0.21221778,0.78137064,0.74444497,0.23806605,-0.62379986,-0.31839922,0.94778067,-0.018269181
1356623640315,0.53471005,0.1944556,0.8223578,0.79066336,0.22831246,-0.5680889,-0.29822257,0.9539709,-0.031667948
1356623640359,0.460362,0.18122464,0.86903656,0.8441661,0.21353665,-0.49171704,-0.2746824,0.959979,-0.054679543
1356623640396,0.36649734,0.18209517,0.912426,0.895761,0.19610761,-0.3989412,-0.25157896,0.9635265,-0.09124082
1356623640438,0.29542655,0.22125885,0.929391,0.9267714,0.16985154,-0.3350302,-0.23198688,0.96030986,-0.15487772
1356623640476,0.2431743,0.2848437,0.9272165,0.94521916,0.14503108,-0.2924497,-0.21777767,0.947539,-0.23397183
1356623640516,0.2239626,0.3629445,0.9044955,0.9517416,0.11836445,-0.28315705,-0.20983043,0.92426246,-0.3189202
1356623640556,0.2146097,0.42887694,0.8775006,0.9546971,0.097512975,-0.28114882,-0.20614594,0.8980845,-0.3885203
1356623640595,0.19743843,0.46798941,0.86139655,0.95837724,0.09270711,-0.27003407,-0.20623064,0.878858,-0.43020642
1356623640635,0.1645142,0.4786021,0.86248195,0.9633866,0.10971196,-0.24464184,-0.21171069,0.87115055,-0.4430297
1356623640675,0.11408013,0.4629666,0.87900376,0.96823394,0.14635056,-0.20274267,-0.22250581,0.8742101,-0.4315642
1356623640716,0.048868388,0.42405677,0.9043162,0.970508,0.19382754,-0.143336,-0.23606405,0.88465065,-0.40207845
1356623640755,-0.023567334,0.36712384,0.92987347,0.9679209,0.24111377,-0.07066259,-0.25014722,0.8983786,-0.36102927
1356623640799,-0.10191667,0.29262576,0.95078033,0.9588717,0.28341317,0.015556723,-0.26491135,0.9132619,-0.30947506
1356623640857,-0.16616058,0.21596974,0.96215785,0.9458563,0.310803,0.09358132,-0.27883077,0.92561257,-0.25591952
1356623640877,-0.22406355,0.13511807,0.96516246,0.9296499,0.32684848,0.17006207,-0.2924834,0.93536794,-0.1988473
1356623640916,-0.25643593,0.065942526,0.9643092,0.9174042,0.330719,0.221347,-0.30431917,0.9414226,-0.14530414
1356623640955,-0.2700752,0.009349823,0.9627938,0.9100415,0.32905793,0.252082,-0.31445798,0.94426346,-0.09737909
1356623640996,-0.25578675,-0.027593583,0.96633935,0.9110904,0.32735172,0.25051,-0.3232453,0.9444996,-0.05859196
1356623641035,-0.20918182,-0.041050166,0.9770148,0.92007816,0.33014092,0.2108627,-0.3312085,0.94303864,-0.031290174
1356623641077,-0.12752646,-0.029186338,0.9914056,0.93232477,0.33749998,0.12986255,-0.3383896,0.9408729,-0.015829027
1356623641115,-0.011686087,0.0057073236,0.9999155,0.9388609,0.34417897,0.00900802,-0.34409848,0.93888676,-0.009380519
1356623641157,0.12370139,0.054504633,0.9908215,0.92936206,0.3436274,-0.13493118,-0.3478278,0.937523,-0.008147359
1356623641195,0.25831744,0.10526666,0.9603078,0.9006958,0.33318827,-0.2788055,-0.34931225,0.9369656,-0.008744955
1356623641239,0.37110013,0.14739946,0.9168196,0.86094105,0.31533515,-0.3991795,-0.34794435,0.93746316,-0.009881347
1356623641276,0.45106474,0.17600551,0.87496436,0.82346296,0.2959763,-0.48405242,-0.34416458,0.9388398,-0.011429518
1356623641318,0.49485594,0.18962571,0.8480328,0.8011286,0.278481,-0.52975583,-0.33661634,0.9415362,-0.0141066015
1356623641356,0.49415767,0.18625727,0.8491857,0.8057407,0.268696,-0.52781093,-0.32648143,0.94504535,-0.01729685
1356623641398,0.45156753,0.16760343,0.87635374,0.83613974,0.26328248,-0.48119912,-0.31137922,0.9500481,-0.02125007
1356623641436,0.34423882,0.13175493,0.9295914,0.89188343,0.26344568,-0.3676144,-0.29333183,0.95563436,-0.026821822
1356623641475,0.20226121,0.097553074,0.9744607,0.94084877,0.2568351,-0.22099632,-0.27183458,0.9615192,-0.039834857
1356623641517,0.056212544,0.086589545,0.9946569,0.9669677,0.24335712,-0.07583302,-0.24862316,0.9660639,-0.070049584
1356623641556,-0.048578978,0.116176665,0.9920399,0.9728485,0.2305206,0.020643175,-0.2262874,0.9661073,-0.12422073
1356623641595,-0.087649375,0.18790174,0.9782692,0.9744246,0.22015956,0.0450176,-0.20691645,0.9571953,-0.20239288
1356623641635,-0.08945373,0.2744124,0.9574424,0.97732055,0.20944199,0.031282842,-0.19194427,0.93852645,-0.28692424
1356623641676,-0.08802539,0.34671292,0.9338317,0.97925925,0.20186591,0.01735884,-0.18249023,0.91599137,-0.35729116
1356623641716,-0.115326285,0.38503033,0.91567004,0.97690874,0.21087474,0.034368366,-0.17985883,0.8984896,-0.40045887
1356623641759,-0.18987465,0.37980843,0.90536916,0.9640653,0.24664432,0.098715484,-0.18581119,0.8915785,-0.41299158
1356623641796,-0.29030794,0.34195054,0.89375114,0.9365492,0.2932765,0.19200158,-0.19646117,0.8927815,-0.40539396
1356623641858,-0.4154375,0.2683969,0.86912304,0.88487095,0.34061852,0.3177773,-0.21074897,0.90107834,-0.3790024
1356623641875,-0.5299819,0.180069,0.8286702,0.81743455,0.36851126,0.44271907,-0.2256543,0.91201675,-0.3424989
1356623641915,-0.6235756,0.089166224,0.77666134,0.74386275,0.37325692,0.55438924,-0.24046141,0.92343307,-0.2990814
1356623641956,-0.69048643,0.0069862306,0.72331154,0.67717814,0.35776007,0.64299107,-0.25427988,0.93378735,-0.2517594
1356623641995,-0.7321877,-0.06011346,0.67844504,0.62692237,0.32984948,0.70580995,-0.26621342,0.9421177,-0.2038253
1356623642035,-0.7555791,-0.11316234,0.64520895,0.5940771,0.2966168,0.7477239,-0.27599397,0.94826835,-0.15689027
1356623642075,-0.763258,-0.15219234,0.62791306,0.5806319,0.26468706,0.7699398,-0.28337938,0.95224905,-0.11365676
1356623642116,-0.7569213,-0.1780376,0.62878674,0.5863801,0.23972654,0.7737503,-0.2884935,0.9543761,-0.07705641
1356623642155,-0.7351456,-0.19076557,0.65051466,0.611762,0.2267505,0.7578466,-0.29207557,0.9550878,-0.04999143
1356623642198,-0.6960928,-0.1904551,0.6922295,0.6544655,0.22808057,0.72087044,-0.29517758,0.954833,-0.03411901
1356623642235,-0.63291866,-0.17713591,0.75368214,0.71434736,0.24175501,0.6567056,-0.29853258,0.9540322,-0.026474655
1356623642277,-0.5483903,-0.15333799,0.82204354,0.7792641,0.2628913,0.56888974,-0.30334046,0.9525627,-0.024676263
1356623642316,-0.44170415,-0.12053156,0.8890273,0.8424144,0.28513736,0.45720303,-0.30860227,0.9508779,-0.024408877
1356623642355,-0.33343935,-0.08593404,0.93884695,0.8892123,0.30220538,0.34347254,-0.31324056,0.9493615,-0.024353564
1356623642396,-0.24549875,-0.05624029,0.96776414,0.9167615,0.3110154,0.2506348,-0.3150853,0.9487394,-0.024794936
1356623642435,-0.20098865,-0.038799673,0.97882485,0.92831683,0.31150132,0.20296511,-0.31278017,0.94945323,-0.02658981
1356623642476,-0.20866904,-0.036207974,0.97731584,0.9289846,0.3050156,0.20964998,-0.3056876,0.9516588,-0.0300107
1356623642515,-0.26473916,-0.046369374,0.9632045,0.91840917,0.29240453,0.2665036,-0.29400298,0.9551699,-0.03482485
1356623642557,-0.34657866,-0.05908656,0.93615806,0.8957471,0.27538466,0.34899917,-0.2784247,0.95951664,-0.042515814
1356623642595,-0.42786646,-0.06160903,0.90173984,0.8653997,0.2599442,0.4283835,-0.2607943,0.9636563,-0.05790496
1356623642633,-0.48474264,-0.03963071,0.87375855,0.8402476,0.2563433,0.47777832,-0.24291685,0.965773,-0.09096092
1356623642673,-0.5192394,0.007880896,0.8545925,0.8238703,0.27047253,0.49807873,-0.22721845,0.9626955,-0.14693284
1356623642716,-0.52827823,0.08266282,0.84503794,0.8211688,0.30278727,0.48373723,-0.21587968,0.9494666,-0.22783607
1356623642756,-0.5380047,0.1530911,0.82892346,0.8167788,0.33777493,0.46773982,-0.20838282,0.9286933,-0.30676603
1356623642815,-0.55462134,0.20063263,0.80755293,0.8063759,0.36905214,0.4621238,-0.20531204,0.90749496,-0.3664695
1356623642878,-0.5841393,0.21241158,0.7833663,0.7845756,0.39498782,0.4779392,-0.20790038,0.89379305,-0.3973809
1356623642879,-0.62125576,0.19066873,0.7600571,0.75292134,0.41402277,0.511561,-0.21714225,0.89007336,-0.40077257
1356623642909,-0.6553495,0.14832532,0.740619,0.71903926,0.4227727,0.5515847,-0.23129952,0.89401495,-0.38371557
1356623642950,-0.68058026,0.0962598,0.72632265,0.68929887,0.42014793,0.5902058,-0.24834989,0.90233576,-0.35229617
1356623642997,-0.694378,0.04200858,0.71838325,0.6682678,0.4079626,0.622081,-0.26694077,0.9120317,-0.31135327
1356623643045,-0.69780713,-0.013748854,0.71615374,0.65639246,0.38795334,0.6470248,-0.28673005,0.92157644,-0.26169193
1356623643088,-0.6850126,-0.059017003,0.7261369,0.6620007,0.3657003,0.6542311,-0.30415928,0.9288597,-0.21144003
1356623643126,-0.6612658,-0.093349606,0.74432075,0.6795391,0.3457232,0.64707196,-0.31773284,0.9336816,-0.1651802
1356623643165,-0.63097644,-0.119169176,0.76659465,0.70342314,0.3288805,0.630106,-0.3272072,0.9368224,-0.12368947
1356623643206,-0.5895568,-0.13326904,0.7966569,0.73593843,0.3178593,0.5977961,-0.33289248,0.9387251,-0.089318275
1356623643245,-0.5346142,-0.13449132,0.83432597,0.77550274,0.31425083,0.5475783,-0.33583218,0.93976516,-0.06370461
1356623643286,-0.46511453,-0.12336528,0.87661254,0.8184836,0.31734604,0.4789323,-0.33727312,0.94025135,-0.046629786
1356623643325,-0.3805402,-0.10216424,0.91910374,0.86063254,0.32454413,0.39240626,-0.33837965,0.94033694,-0.035576224
1356623643367,-0.28444314,-0.07492912,0.95576036,0.8966015,0.33215767,0.2928772,-0.3394082,0.940243,-0.02729839
1356623643406,-0.1831837,-0.044914126,0.98205215,0.9227556,0.33668652,0.1875214,-0.3390661,0.940545,-0.02023071
1356623643446,-0.088137686,-0.015820771,0.99598265,0.9380709,0.3349927,0.08833411,-0.3350444,0.9420879,-0.014684439
1356623643495,-0.00882411,0.010165393,0.99990934,0.94556963,0.32538074,0.005036682,-0.32530004,0.9455284,-0.012483299
1356623643535,0.03787467,0.026552796,0.99892974,0.94892985,0.312364,-0.04428196,-0.3132055,0.94959134,-0.013366044
1356623643577,0.04947573,0.03294319,0.9982319,0.95302767,0.2974615,-0.057051927,-0.298815,0.95416534,-0.016678631
1356623643615,0.020872891,0.028863072,0.99936545,0.95893836,0.28221118,-0.028179199,-0.2828455,0.958918,-0.021787345
1356623643655,-0.038149506,0.021972775,0.9990304,0.96328765,0.26668498,0.030919135,-0.265747,0.9635332,-0.031340003
1356623643695,-0.1140303,0.023963511,0.99318826,0.96169806,0.25349307,0.10429856,-0.24926701,0.9670403,-0.051951587
1356623643736,-0.18655464,0.047925413,0.98127496,0.95352405,0.24939457,0.16909835,-0.23662055,0.9672153,-0.09222376
1356623643776,-0.24264878,0.09849936,0.96510077,0.94216484,0.26100367,0.21024382,-0.23118594,0.9602994,-0.15613484
1356623643819,-0.27994236,0.16881806,0.94505703,0.9311058,0.28751335,0.22445053,-0.23382524,0.94278127,-0.23767465
1356623643856,-0.32004339,0.22692192,0.91982543,0.9168118,0.3189084,0.24031976,-0.23880628,0.92021954,-0.31010926
1356623643893,-0.3693499,0.2545212,0.8937559,0.89645404,0.35099,0.27051097,-0.24484858,0.9011243,-0.35780466
1356623643936,-0.43345243,0.24441159,0.8673996,0.8651389,0.38232785,0.32459226,-0.25229695,0.8911164,-0.37717092
1356623643975,-0.50562847,0.20027995,0.8391828,0.8221303,0.40679845,0.39826718,-0.2616133,0.8912929,-0.37034512
1356623644016,-0.573837,0.13624802,0.8075566,0.77274466,0.41667223,0.4788007,-0.2712508,0.8987885,-0.34438688
1356623644056,-0.6288851,0.06741387,0.7745702,0.7251375,0.4102674,0.55304277,-0.28049818,0.9094702,-0.30689538
1356623644095,-0.66896605,0.0017507374,0.7432909,0.6845437,0.39110518,0.615172,-0.2896279,0.92034435,-0.26283455
1356623644135,-0.69522727,-0.056699127,0.71655035,0.6538937,0.36405152,0.66324174,-0.29846644,0.9296514,-0.21602339
1356623644176,-0.7097287,-0.106399,0.6963937,0.6342579,0.33371323,0.69738966,-0.30659735,0.9366508,-0.16936141
1356623644215,-0.71366,-0.145297,0.6852578,0.62641597,0.3054574,0.7171462,-0.3135163,0.941055,-0.12697643
1356623644259,-0.70959246,-0.17491493,0.68255645,0.6279119,0.28253937,0.72518826,-0.3196953,0.9431735,-0.09065664
1356623644295,-0.6961665,-0.19431973,0.6910804,0.6398174,0.26861387,0.72005576,-0.3255548,0.94344395,-0.06267089
1356623644338,-0.6763657,-0.20533416,0.70736647,0.6575259,0.2644847,0.7054839,-0.33194754,0.94227695,-0.043875813
1356623644376,-0.64640325,-0.20672643,0.7344569,0.68435156,0.26855475,0.6778947,-0.33738065,0.9408201,-0.032121062
1356623644415,-0.60938925,-0.20008716,0.7672092,0.71616805,0.27630103,0.6409065,-0.34021783,0.94001216,-0.025078833
1356623644456,-0.5642154,-0.18621254,0.8043543,0.7528329,0.2839533,0.59381235,-0.33897436,0.9405825,-0.020023942
1356623644495,-0.5137455,-0.16766796,0.84139955,0.79062426,0.2882846,0.5401901,-0.33313513,0.94275105,-0.015542626
1356623644536,-0.46325094,-0.14730948,0.8738985,0.8252406,0.28777498,0.48596656,-0.32307366,0.946301,-0.011746287
1356623644575,-0.4192388,-0.12750915,0.89887714,0.8533881,0.28249156,0.43809512,-0.3097863,0.9507576,-0.009616613
1356623644615,-0.3881436,-0.11023244,0.9149827,0.8733672,0.2729777,0.40337694,-0.2942351,0.95568407,-0.009681165
1356623644655,-0.37483162,-0.09717652,0.92198586,0.8847544,0.25960726,0.38705766,-0.27696714,0.96081257,-0.011331677
1356623644699,-0.3793543,-0.0868119,0.9211699,0.8887747,0.24260014,0.38887617,-0.25723502,0.9662343,-0.014875174
1356623644736,-0.4009844,-0.07629749,0.9129021,0.88495266,0.22532243,0.40753958,-0.23679161,0.97129214,-0.022831142
1356623644776,-0.42420137,-0.051553637,0.9040992,0.87936354,0.21498507,0.4248543,-0.21627066,0.9752557,-0.045862615
1356623644816,-0.44878745,-0.009657115,0.89358634,0.8712306,0.21779245,0.4399134,-0.19886464,0.9759474,-0.089328945
1356623644868,-0.46160197,0.05973494,0.8850736,0.8669133,0.24194717,0.4358013,-0.1881085,0.9684489,-0.16346824
1356623644896,-0.46887335,0.13957539,0.8721677,0.8638269,0.27848086,0.41982332,-0.18428496,0.95024586,-0.25114125
1356623644935,-0.47340834,0.21140125,0.85509884,0.86075604,0.31716132,0.3981303,-0.18703902,0.92450964,-0.33211172
1356623644976,-0.48335564,0.25501654,0.8374568,0.853441,0.3503033,0.38590932,-0.19495061,0.90125144,-0.38696265
1356623645027,-0.5023496,0.2625735,0.8238325,0.83939624,0.3767428,0.3917638,-0.20750621,0.88832426,-0.40965986
1356623645055,-0.5279399,0.23816827,0.8152026,0.81943715,0.39507416,0.415258,-0.22316417,0.88723856,-0.40373933
1356623645092,-0.5527036,0.1954926,0.8101243,0.79855335,0.4023092,0.44772738,-0.23839304,0.894388,-0.378469
1356623645136,-0.5739841,0.14198056,0.8064637,0.77929056,0.3971823,0.48471886,-0.25149247,0.90669054,-0.33862042
1356623645175,-0.58668256,0.08931884,0.8048762,0.7663436,0.3825026,0.51614857,-0.26176545,0.9196271,-0.29285645
1356623645217,-0.5928651,0.03823644,0.8043934,0.7588343,0.36092284,0.54213023,-0.2695948,0.93181145,-0.24299365
1356623645255,-0.5882658,-0.0036427677,0.80865943,0.7603265,0.33806908,0.5546285,-0.27540314,0.9411142,-0.19610476
1356623645298,-0.57783026,-0.03986761,0.81518257,0.76665413,0.3160463,0.55888826,-0.27991697,0.9479057,-0.15205646
1356623645336,-0.5559904,-0.066401154,0.8285322,0.7813015,0.29838592,0.5482096,-0.28362408,0.95213276,-0.11402035
1356623645375,-0.5278073,-0.086177915,0.84498096,0.79919636,0.28645116,0.5284231,-0.2875842,0.95421124,-0.08231795
1356623645416,-0.4882909,-0.09683171,0.86729217,0.8222089,0.28203523,0.49439746,-0.29248032,0.954505,-0.05809939
1356623645455,-0.43463653,-0.096268654,0.89544594,0.8498541,0.28521585,0.44317028,-0.29805878,0.9536164,-0.042150915
1356623645496,-0.36540002,-0.08346158,0.92710143,0.8799996,0.29370964,0.37327662,-0.3034529,0.95224416,-0.033875406
1356623645535,-0.27962154,-0.05936998,0.95827293,0.9096314,0.3029874,0.28419966,-0.3072176,0.95114344,-0.030717015
1356623645577,-0.18239072,-0.028111875,0.9828242,0.9338041,0.30797473,0.18210271,-0.30780426,0.9509791,-0.029920757
1356623645616,-0.08272639,0.004544586,0.99656194,0.94889665,0.30595478,0.07737431,-0.3045513,0.9520352,-0.029622912
1356623645659,0.004894316,0.032692492,0.9994534,0.9549246,0.2965002,-0.014374882,-0.29680812,0.954473,-0.029767692
1356623645695,0.06987181,0.05308613,0.9961424,0.95539916,0.28366664,-0.082131,-0.28693235,0.9574523,-0.030898094
1356623645737,0.107248664,0.06537837,0.99208033,0.95556766,0.268786,-0.121014506,-0.27456906,0.9609785,-0.033646524
1356623645787,0.10753217,0.06754473,0.9919045,0.959862,0.25289556,-0.12127957,-0.25904003,0.96513283,-0.0376392
1356623645824,0.058958024,0.057893783,0.9965803,0.9681426,0.24005726,-0.0712212,-0.24335963,0.96903086,-0.041896164
1356623645865,-0.004658371,0.05081424,0.9986973,0.973868,0.22700635,-0.0070076585,-0.22706676,0.9725667,-0.050543845
1356623645902,-0.076391876,0.05704528,0.9954447,0.9742971,0.21646237,0.06236431,-0.21191877,0.97462296,-0.072115004
1356623645946,-0.1311124,0.09430292,0.9868721,0.9707798,0.2140317,0.10852212,-0.20098794,0.972264,-0.119609535
1356623645984,-0.16496366,0.16126409,0.9730267,0.9665104,0.22306186,0.12688991,-0.19658238,0.9613726,-0.19266057
1356623646026,-0.17078087,0.25313774,0.95223695,0.9647281,0.23945543,0.10936558,-0.20033377,0.93732727,-0.2851035
1356623646076,-0.17111003,0.33985618,0.9247806,0.96254885,0.25799948,0.08328357,-0.2102885,0.90439713,-0.3712744
1356623646115,-0.19781967,0.3846597,0.90161204,0.9552738,0.28191108,0.08932012,-0.21981657,0.87895566,-0.4232229
1356623646155,-0.24873939,0.38454136,0.8889638,0.941084,0.31305096,0.12790576,-0.22910586,0.86840487,-0.4397539
1356623646195,-0.3165766,0.346497,0.88301706,0.9183175,0.34516478,0.1937893,-0.23763895,0.8722392,-0.42746532
1356623646235,-0.38755912,0.28384525,0.8770575,0.8890299,0.36667484,0.27418128,-0.24376982,0.8859918,-0.39445508
1356623646276,-0.44823143,0.2131286,0.8681387,0.85913014,0.37099746,0.3525001,-0.2469494,0.9038458,-0.3493979
1356623646318,-0.49521884,0.14227468,0.85703915,0.8326392,0.35925743,0.42148066,-0.24793166,0.92232966,-0.2963745
1356623646356,-0.52370167,0.081786394,0.8479667,0.8149931,0.33791235,0.47074568,-0.24803782,0.9376173,-0.24362057
1356623646397,-0.5402126,0.028332323,0.84105146,0.803944,0.3127241,0.5058435,-0.24868533,0.9494213,-0.19171506
1356623646454,-0.5417705,-0.01466465,0.84039855,0.80226237,0.28922033,0.5222324,-0.2507187,0.9571502,-0.14492613
1356623646483,-0.53641534,-0.054730296,0.8421776,0.8037667,0.27113557,0.52957016,-0.25732782,0.96098393,-0.10145092
1356623646518,-0.50696915,-0.08009133,0.8582351,0.81995094,0.26224965,0.5088276,-0.26582453,0.9616707,-0.067281485
1356623646559,-0.467197,-0.09468007,0.8790692,0.83972716,0.2636845,0.47468808,-0.27674043,0.95995116,-0.043687165
1356623646600,-0.41100627,-0.09578669,0.9065863,0.8647566,0.27382016,0.4209734,-0.28856525,0.9569992,-0.029709637
1356623646647,-0.3374021,-0.08345601,0.9376539,0.8925015,0.28836864,0.3468209,-0.29933426,0.9538756,-0.022811592
1356623646697,-0.24454692,-0.059130043,0.9678329,0.92011774,0.30074927,0.25086483,-0.3059087,0.9518684,-0.01914072
1356623646735,-0.13573638,-0.027202457,0.99037147,0.9419116,0.30642,0.13751107,-0.3072103,0.9515076,-0.015970051
1356623646775,-0.03769803,0.0017737448,0.9992876,0.95229673,0.30311477,0.035387278,-0.3028361,0.9529524,-0.013116002
1356623646815,0.03779131,0.023843348,0.9990011,0.955109,0.2930987,-0.043126345,-0.29383415,0.9557848,-0.011696398
1356623646873,0.08284652,0.037418693,0.9958595,0.9559456,0.27939862,-0.09002417,-0.28161034,0.9594458,-0.012623012
1356623646895,0.09268284,0.041923106,0.9948127,0.95917517,0.2643522,-0.10050285,-0.2671943,0.96351457,-0.015710711
1356623646938,0.06710014,0.03887233,0.9969887,0.9658704,0.24802783,-0.074676335,-0.25018376,0.9679727,-0.020902932
1356623646975,0.006341189,0.031401575,0.9994868,0.9727517,0.23145947,-0.013443559,-0.23176289,0.9723377,-0.029078245
1356623647016,-0.059649736,0.03616014,0.9975642,0.9755831,0.2137256,0.05058816,-0.2113758,0.9762243,-0.048025906
1356623647068,-0.10699549,0.07734084,0.9912468,0.97572124,0.19979069,0.08973122,-0.191102,0.9767815,-0.096839786
1356623647105,-0.14901727,0.14066875,0.97877795,0.9730867,0.19681102,0.11986533,-0.17577296,0.9702978,-0.16621113
1356623647146,-0.15245661,0.22814727,0.9616163,0.9737631,0.20100203,0.10669389,-0.16894495,0.9526527,-0.25280547
1356623647185,-0.14314282,0.31143203,0.93942547,0.97509706,0.20684487,0.08000636,-0.16939878,0.9274833,-0.3332848
1356623647227,-0.14543301,0.36588037,0.9192284,0.9737029,0.21761245,0.067435265,-0.17536229,0.90486264,-0.3879068
1356623647265,-0.16964516,0.38403586,0.90759957,0.96796584,0.23790798,0.0802618,-0.18510175,0.89214134,-0.41209346
1356623647309,-0.22078118,0.3632237,0.9051654,0.9547657,0.27003172,0.124521226,-0.19919437,0.89171267,-0.4064114
1356623647345,-0.27629986,0.32127503,0.90578187,0.9369551,0.29985288,0.17945302,-0.21394753,0.89825976,-0.3838696
1356623647387,-0.3382886,0.2578328,0.9050321,0.912619,0.32447153,0.24868643,-0.22953767,0.9100772,-0.3450681
1356623647426,-0.38215333,0.19446844,0.9034051,0.8912614,0.33585578,0.3047195,-0.2441555,0.9216197,-0.30167067
1356623647465,-0.41366455,0.13241252,0.9007489,0.8731096,0.33806077,0.3512755,-0.2579946,0.93176275,-0.25545442
1356623647504,-0.4267496,0.078115046,0.9009899,0.8629759,0.33313257,0.3798622,-0.2704761,0.9396386,-0.2095756
1356623647545,-0.42208856,0.03327194,0.9059439,0.86181617,0.3247829,0.389601,-0.28127232,0.9452032,-0.16576147
1356623647586,-0.39994025,-0.0013104677,0.91654027,0.8693225,0.31628948,0.3797886,-0.29038978,0.9486618,-0.12535769
1356623647638,-0.35783723,-0.023506492,0.933488,0.88481605,0.31094202,0.3470096,-0.29841757,0.95013815,-0.09046769
1356623647677,-0.29013357,-0.029329032,0.95653665,0.9064547,0.3120785,0.28451172,-0.306859,0.94960356,-0.063959
1356623647715,-0.17137912,-0.007639855,0.9851756,0.9337926,0.31755063,0.16490313,-0.314103,0.9482106,-0.047287583
1356623647758,-0.031848013,0.03196886,0.9989813,0.947065,0.32042217,0.019938916,-0.3194583,0.94673526,-0.04048139
1356623647795,0.12201309,0.081563026,0.9891715,0.9388579,0.31380266,-0.14168188,-0.32196066,0.9459785,-0.038288057
1356623647835,0.25619572,0.12508538,0.95849746,0.9120364,0.29723054,-0.28256622,-0.3202396,0.94657683,-0.03793323
1356623647874,0.3579166,0.1545977,0.9208666,0.8794983,0.27545434,-0.38808188,-0.31365326,0.9488015,-0.03737876
