1356623571570,-0.2356317,-0.30553442,-0.92256516,-0.63862526,-0.66687864,0.38396713,-0.73255414,0.67964816,-0.03798428
1356623571590,-0.080230474,-0.14162579,-0.98666364,-0.67596996,-0.7197313,0.15827677,-0.7325488,0.67965364,-0.037990406
1356623571636,-0.08024138,-0.14160487,-0.98666584,-0.67600167,-0.7197036,0.1582672,-0.7325183,0.6796873,-0.037975177
1356623571677,-0.08039594,-0.1414546,-0.9866748,-0.6760547,-0.71965545,0.15825948,-0.7324524,0.6797695,-0.03777367
1356623571717,-0.081053734,-0.14095387,-0.9866926,-0.6760787,-0.7196156,0.15833837,-0.7323578,0.6799158,-0.036968365
1356623571756,-0.082300305,-0.13953832,-0.9867906,-0.6760433,-0.7196898,0.15815195,-0.73225135,0.6801292,-0.035103247
1356623571797,-0.084670365,-0.13696706,-0.98695034,-0.67593336,-0.719851,0.15788782,-0.73208266,0.6804811,-0.03163056
1356623571838,-0.08815861,-0.13293818,-0.9871958,-0.67591834,-0.71999013,0.15731657,-0.7316846,0.68113256,-0.026381984
1356623571875,-0.09207815,-0.1273945,-0.98756886,-0.67632484,-0.71991104,0.15592578,-0.7308258,0.6822747,-0.01987198
1356623571918,-0.09576279,-0.120654255,-0.9880648,-0.677492,-0.71933436,0.15350127,-0.72926956,0.68410575,-0.012856871
1356623571957,-0.09776908,-0.11272457,-0.9888045,-0.67975533,-0.7181283,0.14907876,-0.72689337,0.6867204,-0.0064143687
1356623571998,-0.096123695,-0.1035279,-0.9899708,-0.6834915,-0.71615994,0.14125898,-0.7236017,0.690215,-0.0019204468
1356623572037,-0.08879471,-0.092730045,-0.9917241,-0.6885057,-0.71377647,0.12838665,-0.71977454,0.6942078,-4.6563148E-4
1356623572079,-0.074212015,-0.08046925,-0.99399054,-0.6947783,-0.7108518,0.10942021,-0.71538496,0.69872344,-0.0031544864
1356623572116,-0.055174172,-0.067234665,-0.99621046,-0.700807,-0.7080747,0.086601764,-0.71121407,0.7029294,-0.008051097
1356623572155,-0.034348667,-0.054410458,-0.9979277,-0.7060044,-0.705421,0.06276265,-0.70737404,0.7066971,-0.014183804
1356623572197,-0.015098453,-0.042833775,-0.9989681,-0.710034,-0.70298004,0.040873885,-0.7040055,0.7099185,-0.019799486
1356623572237,-3.8218498E-4,-0.03342083,-0.99944127,-0.7129024,-0.70086235,0.023709118,-0.7012632,0.71251315,-0.023557946
1356623572279,0.008369744,-0.02658847,-0.99961144,-0.7146971,-0.6993203,0.012616903,-0.69938403,0.71431386,-0.024855912
1356623572318,0.01125747,-0.022213787,-0.9996898,-0.71545875,-0.69861495,0.007466942,-0.6985642,0.71515286,-0.023757622
1356623572354,0.0089588165,-0.019919991,-0.9997614,-0.7151857,-0.69889396,0.007516563,-0.69887704,0.71494776,-0.020507723
1356623572395,0.002823174,-0.0190911,-0.99981374,-0.71392643,-0.7001287,0.011352807,-0.70021504,0.71376145,-0.015606225
1356623572436,-0.005654454,-0.019124627,-0.9998011,-0.7117309,-0.7022353,0.017457873,-0.7024295,0.71168804,-0.0096408725
1356623572475,-0.014571786,-0.019405872,-0.9997055,-0.7088783,-0.7049219,0.02401632,-0.70518035,0.7090194,-0.0034844428
1356623572515,-0.023062468,-0.019742936,-0.9995391,-0.70553195,-0.7080316,0.0302639,-0.7083028,0.7059047,0.0023997277
1356623572555,-0.030085146,-0.019869298,-0.9993498,-0.7021749,-0.7111299,0.035277635,-0.7113685,0.70277977,0.0074427873
1356623572617,-0.035686255,-0.019877285,-0.99916536,-0.6989671,-0.71408033,0.039170176,-0.7142629,0.69978154,0.011589289
1356623572638,-0.040016353,-0.019819587,-0.99900246,-0.6960764,-0.71673226,0.04210174,-0.7168517,0.6970668,0.014885023
1356623572675,-0.0433771,-0.019922584,-0.9988602,-0.69359624,-0.71899074,0.044461012,-0.7190569,0.69473416,0.017369404
1356623572716,-0.046078384,-0.020490676,-0.9987277,-0.6914543,-0.72090966,0.04669243,-0.7209492,0.6927261,0.019049987
1356623572757,-0.049051464,-0.022294313,-0.9985474,-0.68952835,-0.7225305,0.05000332,-0.72259575,0.6909795,0.02006869
1356623572796,-0.05340892,-0.026084572,-0.998232,-0.6875622,-0.72398555,0.05570534,-0.72415864,0.68932176,0.020732567
1356623572835,-0.06029117,-0.032616496,-0.9976479,-0.6851602,-0.72547525,0.06512472,-0.7258929,0.68747497,0.021392182
1356623572875,-0.069541276,-0.041666836,-0.9967086,-0.68180764,-0.72736365,0.07797739,-0.7282186,0.6849861,0.022173032
1356623572915,-0.0801003,-0.05266899,-0.99539435,-0.6772332,-0.7298523,0.093116045,-0.73139524,0.68157274,0.022792324
1356623572984,-0.08985633,-0.06417605,-0.9938849,-0.67156565,-0.73302484,0.10804775,-0.7354764,0.6771678,0.022768438
1356623572991,-0.09771335,-0.07504496,-0.99238116,-0.66553164,-0.7364597,0.121222466,-0.7399458,0.67230606,0.022017077
1356623573034,-0.10306728,-0.08406246,-0.99111587,-0.6596273,-0.7400244,0.13136128,-0.7444925,0.6673062,0.020822361
1356623573076,-0.10666996,-0.09093171,-0.99012774,-0.65435445,-0.7433471,0.1387637,-0.74862665,0.66269636,0.01979123
1356623573116,-0.1090132,-0.09560898,-0.9894317,-0.64967716,-0.7465022,0.14371458,-0.75235337,0.658478,0.01926367
1356623573155,-0.11033571,-0.09819907,-0.9890313,-0.64546573,-0.7496202,0.14643613,-0.7557777,0.6545429,0.019325748
1356623573196,-0.11107713,-0.099138916,-0.9888546,-0.6415449,-0.7527643,0.14753354,-0.7590007,0.65078217,0.02001284
1356623573237,-0.11189318,-0.09899759,-0.9887767,-0.63777727,-0.75589633,0.14785422,-0.7620499,0.6471632,0.021441236
1356623573276,-0.11352128,-0.0984422,-0.9886466,-0.6338759,-0.7590709,0.1483675,-0.7650584,0.64352214,0.023770481
1356623573314,-0.11631185,-0.09792307,-0.98837364,-0.6293943,-0.7625468,0.14961648,-0.7683321,0.639479,0.027061045
1356623573355,-0.119371176,-0.097321,-0.9880684,-0.6242142,-0.7665387,0.15091415,-0.77207977,0.63478106,0.030753538
1356623573397,-0.12120408,-0.09629613,-0.98794574,-0.6181597,-0.77140737,0.15102755,-0.7766519,0.62901336,0.03397128
1356623573436,-0.12034595,-0.09448573,-0.98822534,-0.61191297,-0.7768038,0.14879005,-0.78171575,0.62261415,0.03566809
1356623573477,-0.11543238,-0.09170765,-0.9890728,-0.6056844,-0.7827022,0.14326082,-0.7872876,0.6156029,0.034803286
1356623573516,-0.10763544,-0.08858907,-0.9902356,-0.60037005,-0.788114,0.13576505,-0.79244584,0.60912097,0.03164278
1356623573555,-0.09761089,-0.08558115,-0.9915382,-0.59655774,-0.7924383,0.12712397,-0.7966122,0.6039185,0.026296392
1356623573618,-0.08766407,-0.08400449,-0.99260175,-0.5951078,-0.79466474,0.11981134,-0.7988503,0.60120815,0.019671768
1356623573636,-0.079844356,-0.085298985,-0.993151,-0.59687924,-0.79387647,0.116169915,-0.79834837,0.6020667,0.012473285
1356623573676,-0.07614571,-0.09146607,-0.99289256,-0.60168284,-0.7898351,0.1189038,-0.7950972,0.60646045,0.005109042
1356623573715,-0.07801378,-0.10462016,-0.9914477,-0.6081193,-0.7830491,0.13048029,-0.79000306,0.6130977,-0.002532974
1356623573757,-0.08565575,-0.12602045,-0.98832273,-0.6152791,-0.7735249,0.15195659,-0.78364193,0.6211103,-0.011280835
1356623573796,-0.10046011,-0.15781027,-0.98234606,-0.62238425,-0.760341,0.1857944,-0.7762382,0.6300616,-0.021834746
1356623573839,-0.11987907,-0.19848616,-0.9727447,-0.6302886,-0.7418068,0.22903931,-0.7670498,0.6405669,-0.036176443
1356623573875,-0.14536297,-0.2493125,-0.9574512,-0.63732725,-0.7166043,0.28335875,-0.7567586,0.6513997,-0.05472593
1356623573918,-0.15944922,-0.29950878,-0.94067556,-0.6469668,-0.6880202,0.32872808,-0.7456607,0.66100127,-0.08406794
1356623573956,-0.15763324,-0.34932613,-0.92364657,-0.6584066,-0.6599189,0.3619498,-0.7359704,0.66519034,-0.12597337
1356623573996,-0.11392957,-0.38627782,-0.9153193,-0.6749444,-0.6459675,0.35661763,-0.72902,0.65841895,-0.1871213
1356623574036,-0.025680065,-0.40685755,-0.9131306,-0.68996996,-0.6537648,0.3106977,-0.7233823,0.63801146,-0.26393083
1356623574075,0.08375585,-0.41080147,-0.9078696,-0.6923558,-0.6792376,0.24347433,-0.71667874,0.60817635,-0.3413109
1356623574116,0.17689186,-0.4053306,-0.8968926,-0.68198806,-0.70751584,0.1852392,-0.7096488,0.5789028,-0.40158445
1356623574155,0.22864991,-0.40048116,-0.8873185,-0.6701583,-0.7258697,0.15492241,-0.7061211,0.55922085,-0.43435585
1356623574195,0.23608589,-0.40062386,-0.8853045,-0.6644755,-0.7313237,0.15374652,-0.7090387,0.5519657,-0.43885997
1356623574236,0.20919591,-0.40305647,-0.8909447,-0.66423106,-0.7272264,0.17302854,-0.71765876,0.55559635,-0.41985542
1356623574276,0.16190726,-0.402102,-0.9011659,-0.6652863,-0.71894747,0.20126764,-0.7288211,0.5669466,-0.38391578
1356623574316,0.106869936,-0.39326447,-0.9131932,-0.6641192,-0.71175724,0.22879547,-0.739949,0.5820178,-0.33723992
1356623574357,0.04881078,-0.37621036,-0.92524767,-0.6592157,-0.7080685,0.25312778,-0.750368,0.59758246,-0.28256518
1356623574396,3.656149E-4,-0.34765846,-0.9376212,-0.6507898,-0.71197903,0.26373935,-0.75925785,0.6100979,-0.22651291
1356623574437,-0.043157578,-0.31365782,-0.9485548,-0.6398034,-0.72053194,0.26736757,-0.76732594,0.6184275,-0.16958298
1356623574476,-0.07356411,-0.27176636,-0.9595475,-0.6291909,-0.7338534,0.25608176,-0.77376163,0.622577,-0.11700761
1356623574515,-0.0959208,-0.22875471,-0.96874684,-0.61999905,-0.74765456,0.23793656,-0.7787171,0.62344515,-0.07011208
1356623574556,-0.107351005,-0.18417434,-0.97701365,-0.6135848,-0.7609534,0.21086401,-0.78229755,0.62211716,-0.031317517
1356623574617,-0.107468665,-0.1399614,-0.9843075,-0.6095115,-0.77289206,0.17644732,-0.7854593,0.6189093,-0.0022464097
1356623574653,-0.09648794,-0.09743261,-0.9905539,-0.6060857,-0.7836654,0.1361203,-0.78952533,0.61349446,0.016561687
1356623574672,-0.07720339,-0.05819744,-0.9953154,-0.6013921,-0.7935175,0.09304607,-0.7952152,0.60575825,0.02626276
1356623574714,-0.054344296,-0.024053365,-0.9982325,-0.59475005,-0.80224586,0.051709443,-0.8020717,0.59650886,0.029291846
1356623574748,-0.03319615,0.003489256,-0.99944276,-0.58802265,-0.8086719,0.016707718,-0.808163,0.5882496,0.028896563
1356623574791,-0.016025126,0.023439944,-0.9995967,-0.58354056,-0.8120261,-0.009686381,-0.81192577,0.58315,0.02669108
1356623574836,-0.0037216544,0.034992725,-0.9993806,-0.582677,-0.8122789,-0.026271552,-0.81269526,0.5822184,0.023412585
1356623574877,0.0042049885,0.037919164,-0.999272,-0.58567375,-0.80986685,-0.03319642,-0.810536,0.585387,0.018802725
1356623574916,0.0070034266,0.031594217,-0.9994763,-0.59172547,-0.8055956,-0.029611796,-0.8061092,0.59162295,0.013053119
1356623574956,0.005900383,0.017629951,-0.9998272,-0.60130095,-0.7988281,-0.017634273,-0.7990009,0.6013011,0.0058874115
1356623574996,0.0010735989,-0.00410372,-0.999991,-0.6142225,-0.78912866,0.002578944,-0.7891322,0.6142142,-0.003367789
1356623575036,-0.0025252104,-0.031196594,-0.99951005,-0.629618,-0.7764755,0.025825977,-0.77690077,0.62937474,-0.017681174
1356623575075,0.005812049,-0.060168415,-0.9981713,-0.6453308,-0.76273566,0.042219102,-0.7638811,0.64390534,-0.043261588
1356623575115,0.042248726,-0.08588737,-0.9954087,-0.65693676,-0.7530328,0.037091523,-0.75276107,0.6523534,-0.088237286
1356623575156,0.118489385,-0.10207805,-0.9876945,-0.6558268,-0.75491107,-6.567538E-4,-0.74555445,0.6478343,-0.15639447
1356623575196,0.22507125,-0.10413578,-0.9687614,-0.63238287,-0.7720131,-0.06393427,-0.74123865,0.6270179,-0.23961163
1356623575240,0.33061612,-0.09354322,-0.9391181,-0.58895606,-0.7979872,-0.1278562,-0.7374441,0.5953706,-0.31892028
1356623575275,0.4048096,-0.07720286,-0.9111361,-0.54578227,-0.8198701,-0.17301649,-0.73365587,0.56732064,-0.37402725
1356623575315,0.43925846,-0.06295349,-0.89615226,-0.5186458,-0.8322783,-0.19575328,-0.7335248,0.5507719,-0.39823586
1356623575356,0.44611356,-0.04971622,-0.8935944,-0.50783026,-0.8362167,-0.20700268,-0.7369472,0.54614097,-0.398295
1356623575399,0.42695725,-0.040383622,-0.9033696,-0.51505417,-0.83197695,-0.2062366,-0.7432541,0.5533385,-0.37601835
1356623575436,0.39826423,-0.0296406,-0.9167917,-0.5283112,-0.8244633,-0.20284855,-0.7498486,0.56513864,-0.3440137
1356623575474,0.3564945,-0.021229208,-0.9340562,-0.54782563,-0.814598,-0.19057049,-0.7568347,0.5796373,-0.3020296
1356623575516,0.3065771,-0.012501985,-0.9517637,-0.56850195,-0.80438155,-0.1725568,-0.76342386,0.5939815,-0.25371236
1356623575554,0.25339347,-0.0024831295,-0.96736014,-0.5871799,-0.79510164,-0.15176687,-0.7687727,0.6064712,-0.20293161
1356623575614,0.20073181,0.009085804,-0.9796041,-0.602386,-0.7874252,-0.13073899,-0.77255285,0.61634326,-0.15258813
1356623575626,0.15702397,0.023502946,-0.98731506,-0.6127349,-0.78172004,-0.116058946,-0.7745317,0.62318647,-0.108347714
1356623575658,0.11950928,0.037432462,-0.9921272,-0.61927605,-0.7782606,-0.10395992,-0.77602494,0.62682474,-0.06982833
1356623575691,0.09303641,0.05316195,-0.9942424,-0.62196803,-0.77666587,-0.09972891,-0.777496,0.6276654,-0.039193116
1356623575736,0.077573776,0.068284035,-0.9946455,-0.6194623,-0.7784042,-0.10175145,-0.7811842,0.62403864,-0.018084355
1356623575775,0.0722996,0.082485825,-0.9939662,-0.61231077,-0.7829953,-0.10951659,-0.7873044,0.61653423,-0.0061032474
1356623575815,0.072478,0.093661934,-0.99296236,-0.6023935,-0.78936493,-0.11842714,-0.79490185,0.6067375,-7.902086E-4
1356623575855,0.07347852,0.10009721,-0.9922608,-0.5923171,-0.7960795,-0.12416893,-0.8023474,0.5968568,7.945001E-4
1356623575895,0.07268834,0.10068926,-0.9922591,-0.58462954,-0.8017398,-0.124183625,-0.8080376,0.58913064,5.887747E-4
1356623575935,0.068734646,0.09442122,-0.9931567,-0.58108675,-0.8054184,-0.116788596,-0.81093395,0.5851376,-4.932955E-4
1356623575976,0.061631083,0.081106156,-0.9947982,-0.582428,-0.8064782,-0.1018357,-0.8105426,0.5856745,-0.002465576
1356623576016,0.049511492,0.059097916,-0.9970236,-0.5878979,-0.80526906,-0.07692638,-0.80741847,0.5899569,-0.0051264763
1356623576058,0.0341323,0.03078401,-0.9989431,-0.5985069,-0.7998472,-0.045098603,-0.8003901,0.5994137,-0.008876175
1356623576096,0.012358308,-0.0067131817,-0.9999011,-0.6121763,-0.790718,-0.0022574365,-0.7906247,0.61214364,-0.013881601
1356623576135,-0.007190287,-0.046633452,-0.99888617,-0.6283804,-0.7768359,0.04079023,-0.77787286,0.6279738,-0.02371782
1356623576176,-0.013649404,-0.08803335,-0.99602395,-0.64474285,-0.7606058,0.07606146,-0.76427764,0.64321756,-0.04637699
1356623576215,0.0092148185,-0.12675998,-0.99189067,-0.6571497,-0.7484229,0.08954069,-0.75370383,0.6509955,-0.09019686
1356623576255,0.07826972,-0.15513015,-0.98478854,-0.6587732,-0.7494672,0.06570238,-0.7482592,0.64360976,-0.16085617
1356623576297,0.18720496,-0.1667414,-0.9680659,-0.63970125,-0.76857466,0.008674979,-0.7454774,0.617649,-0.25054568
1356623576337,0.3018899,-0.1609081,-0.93966544,-0.5994715,-0.79844385,-0.055869162,-0.7412803,0.58016896,-0.33750194
1356623576375,0.3879149,-0.14438201,-0.91031635,-0.5548695,-0.82521284,-0.10556358,-0.7359632,0.54605645,-0.40022552
1356623576416,0.43190858,-0.1260794,-0.8930616,-0.52329814,-0.8415034,-0.13428047,-0.7345843,0.52533436,-0.42942962
1356623576457,0.44687465,-0.104869306,-0.8884286,-0.5056523,-0.84885573,-0.15414213,-0.7379829,0.5181182,-0.4323595
1356623576495,0.43239486,-0.08623648,-0.89755106,-0.50634134,-0.8468718,-0.16256249,-0.74609184,0.5247584,-0.40984812
1356623576534,0.40635687,-0.06311993,-0.9115316,-0.51493657,-0.839919,-0.17139548,-0.7547943,0.5390287,-0.3738096
1356623576575,0.3692575,-0.03904955,-0.9285064,-0.53119266,-0.82868445,-0.1763985,-0.7625505,0.55835223,-0.3267408
1356623576615,0.32767737,-0.011686116,-0.9447174,-0.5496274,-0.81566626,-0.18054977,-0.7684642,0.57840466,-0.2736984
1356623576640,0.2913307,0.019603431,-0.9564215,-0.5645821,-0.8035767,-0.18844508,-0.7722522,0.5948783,-0.22303882
1356623576680,0.25191796,0.047532916,-0.9665805,-0.5789468,-0.79294676,-0.18988398,-0.77547264,0.6074339,-0.1722385
1356623576724,0.2150299,0.07645112,-0.9736105,-0.58928657,-0.78483313,-0.19177653,-0.7787833,0.6149733,-0.12371096
1356623576766,0.18527263,0.10634196,-0.9769163,-0.59407747,-0.77977324,-0.19754907,-0.782781,0.61696434,-0.08129528
1356623576804,0.16563559,0.1358437,-0.97678626,-0.5923762,-0.7781687,-0.20867194,-0.7884512,0.6131884,-0.048421856
1356623576845,0.15748686,0.16378933,-0.97384334,-0.5837184,-0.77999055,-0.22558258,-0.7965367,0.6039766,-0.027231395
1356623576885,0.15845078,0.18864878,-0.9691775,-0.569315,-0.78451973,-0.24578275,-0.8067055,0.5907118,-0.016907185
1356623576926,0.16342002,0.20893022,-0.96417946,-0.55219793,-0.7905127,-0.26489073,-0.81753975,0.57570636,-0.0138147455
1356623576966,0.16778237,0.22373164,-0.96010065,-0.5370891,-0.7959319,-0.27933452,-0.82667065,0.56252706,-0.013379546
1356623577009,0.17070776,0.23307316,-0.9573588,-0.5268324,-0.7994815,-0.28857738,-0.83265024,0.55363005,-0.013687195
1356623577045,0.17200899,0.23623651,-0.95634997,-0.5230481,-0.8007664,-0.29187983,-0.83476555,0.55042297,-0.0141759515
1356623577088,0.17390233,0.23419128,-0.9565106,-0.52732444,-0.7981703,-0.29129577,-0.83167726,0.5550484,-0.015308946
1356623577126,0.1728599,0.2239416,-0.95915043,-0.537874,-0.7943206,-0.28239393,-0.8251127,0.5647167,-0.01685381
1356623577165,0.17075878,0.20816372,-0.9630729,-0.55517906,-0.78717273,-0.26858044,-0.81401336,0.58054036,-0.018848566
1356623577206,0.16678548,0.18442743,-0.96859133,-0.57842106,-0.777255,-0.24759606,-0.7985059,0.601549,-0.022958193
1356623577246,0.1662327,0.1535321,-0.9740609,-0.6030946,-0.7656858,-0.22361167,-0.78015614,0.6246224,-0.034687635
1356623577285,0.18367743,0.120966494,-0.975515,-0.6217653,-0.7543541,-0.21061267,-0.7613609,0.64522624,-0.06334505
1356623577325,0.23525703,0.09526721,-0.96725297,-0.62469697,-0.74757713,-0.2255707,-0.74458563,0.6573071,-0.11635965
1356623577366,0.32420832,0.08519843,-0.94214123,-0.6012666,-0.7503237,-0.27475932,-0.73032004,0.6555574,-0.19203421
1356623577404,0.421466,0.088853955,-0.9024807,-0.5550793,-0.7616982,-0.3342198,-0.7171147,0.6418106,-0.2717089
1356623577448,0.4973766,0.097713515,-0.8620143,-0.50295526,-0.7771294,-0.3782933,-0.706861,0.62170887,-0.33738047
1356623577485,0.5347568,0.09898731,-0.8391881,-0.46885434,-0.7914623,-0.39212635,-0.70300126,0.60314924,-0.37682918
1356623577525,0.5271689,0.08192201,-0.8458024,-0.46631426,-0.8041971,-0.36853507,-0.71038294,0.58869,-0.3857463
1356623577565,0.4896333,0.050709248,-0.87045264,-0.48466682,-0.8140429,-0.32005018,-0.72481537,0.57858676,-0.37400544
1356623577628,0.4242698,0.006031394,-0.90551573,-0.51595855,-0.82016706,-0.24720986,-0.74416524,0.5720923,-0.34486017
1356623577647,0.3409952,-0.043205112,-0.9390717,-0.54662347,-0.8218181,-0.16067915,-0.76480395,0.56810945,-0.30385295
1356623577679,0.25125027,-0.08768691,-0.96394205,-0.5683098,-0.81951815,-0.07358013,-0.78351605,0.5663047,-0.25573748
1356623577712,0.1763891,-0.11421698,-0.97767144,-0.57704836,-0.8166636,-0.008702517,-0.79743475,0.5656987,-0.20995927
1356623577755,0.10538894,-0.13396321,-0.9853664,-0.5822054,-0.8116193,0.048072577,-0.8061823,0.5686194,-0.16352981
1356623577826,0.05194074,-0.13469242,-0.9895252,-0.5838747,-0.80795854,0.07933,-0.81018054,0.5736383,-0.12060942
1356623577857,0.011812389,-0.1215879,-0.99251044,-0.5841441,-0.80643713,0.091840744,-0.81156397,0.5786843,-0.08055076
1356623577890,0.01514715,-0.06938872,-0.9974747,-0.5803044,-0.8129989,0.04774356,-0.8142587,0.5781158,-0.05258114
1356623577929,0.030572712,-0.017505735,-0.9993793,-0.5710889,-0.8208824,-0.003091514,-0.8203187,0.570829,-0.035093926
1356623577978,0.048594236,0.028673738,-0.99840695,-0.55558336,-0.8299029,-0.050875604,-0.83003956,0.55717057,-0.02439785
1356623578028,0.061618745,0.06571354,-0.9959341,-0.5394585,-0.837335,-0.08862533,-0.83975446,0.54272616,-0.01614574
1356623578065,0.068082035,0.090541005,-0.9935629,-0.5290332,-0.84105814,-0.11289464,-0.84586567,0.5333138,-0.0093618035
1356623578108,0.06875557,0.10277775,-0.99232525,-0.5263394,-0.84124327,-0.12359843,-0.84749013,0.53079796,-0.003744185
1356623578146,0.0623284,0.099168435,-0.99311674,-0.53024304,-0.83971614,-0.117128775,-0.8455516,0.53389364,2.4520978E-4
1356623578187,0.05056089,0.08226146,-0.9953274,-0.5413513,-0.835237,-0.09653008,-0.83927494,0.5437024,0.0023019612
1356623578226,0.028717935,0.04647827,-0.9985064,-0.5573555,-0.8284771,-0.05459383,-0.8297771,0.5580909,0.002112776
1356623578265,0.0035935044,-5.8943033E-4,-0.9999933,-0.5773672,-0.816483,-0.0015935302,-0.8164767,0.5773691,-0.0032743588
1356623578307,-0.017281651,-0.056961536,-0.9982268,-0.59823704,-0.7993621,0.0559707,-0.80113286,0.59814346,-0.020262204
1356623578345,-0.013133764,-0.10996574,-0.9938486,-0.6162391,-0.7818506,0.09465256,-0.78744966,0.61369145,-0.057496548
1356623578384,0.044107735,-0.13968094,-0.98921365,-0.6261046,-0.7754595,0.08158082,-0.7784905,0.6157529,-0.12165859
1356623578425,0.1580854,-0.13381337,-0.97831637,-0.6145566,-0.7888259,0.0085892975,-0.7728707,0.59987295,-0.20693778
1356623578465,0.29014444,-0.10013135,-0.95172995,-0.5732113,-0.8145544,-0.089050084,-0.7663191,0.5713798,-0.29373485
1356623578505,0.3891359,-0.064882845,-0.9188925,-0.52259886,-0.8370053,-0.16221125,-0.7585932,0.5433344,-0.35961652
1356623578545,0.4339049,-0.05030319,-0.8995533,-0.49225196,-0.8494773,-0.18993774,-0.75459564,0.5252218,-0.39335418
1356623578586,0.42864907,-0.063246846,-0.9012546,-0.4927827,-0.85246533,-0.17455122,-0.75724846,0.5189439,-0.39657542
1356623578626,0.37965065,-0.10285619,-0.9193944,-0.51992226,-0.84573156,-0.12007913,-0.7652099,0.52360165,-0.37455976
1356623578661,0.30266917,-0.15454577,-0.9404823,-0.5556487,-0.83033663,-0.042374745,-0.7743681,0.5354033,-0.33719045
1356623578707,0.20020264,-0.2132789,-0.9562589,-0.5887017,-0.8063666,0.056596935,-0.78316617,0.55162036,-0.28699434
1356623578745,0.09742701,-0.2580468,-0.9612075,-0.60472715,-0.7824176,0.14875415,-0.79045117,0.56677556,-0.23227651
1356623578785,0.0026469827,-0.28684658,-0.95797294,-0.60447174,-0.76360685,0.22697715,-0.7966222,0.5784667,-0.17541195
1356623578826,-0.069402516,-0.29249302,-0.9537459,-0.5937661,-0.75614876,0.27510166,-0.801639,0.58539474,-0.12119387
1356623578865,-0.11509818,-0.27713716,-0.9539116,-0.58083594,-0.76024646,0.29095536,-0.80584246,0.5875546,-0.07346831
1356623578907,-0.13472623,-0.24429418,-0.9602964,-0.5704406,-0.77330697,0.27675593,-0.8102138,0.5850783,-0.035170525
1356623578945,-0.13066667,-0.19801833,-0.97145,-0.5632932,-0.791506,0.23710571,-0.8158597,0.57819295,-0.008118987
1356623578985,-0.107911825,-0.14417689,-0.98365045,-0.5569313,-0.81083137,0.17994463,-0.8235184,0.5672439,0.007201612
1356623579024,-0.07415807,-0.08860266,-0.99330264,-0.5497397,-0.8274034,0.114846945,-0.83203775,0.5545747,0.012650251
1356623579065,-0.037202537,-0.037389755,-0.99860805,-0.54221344,-0.8386549,0.05160062,-0.8394168,0.54337835,0.010926805
1356623579104,-0.003926575,0.004636258,-0.9999816,-0.5366554,-0.8437996,-0.0018048882,-0.8437924,0.5366385,0.0058012605
1356623579145,0.024411261,0.035564885,-0.99906915,-0.5355018,-0.843433,-0.043108985,-0.8441811,0.5360557,-0.0015441477
1356623579184,0.044733286,0.052349582,-0.9976265,-0.53869903,-0.8397319,-0.06821932,-0.84130996,0.54047203,-0.0093633495
1356623579224,0.057459295,0.055528015,-0.99680245,-0.5467986,-0.833627,-0.0779576,-0.8352902,0.54952955,-0.017537028
1356623579264,0.059726834,0.04204595,-0.9973288,-0.5597112,-0.82586527,-0.06833662,-0.82653254,0.5622977,-0.025792718
1356623579305,0.04987091,0.011089921,-0.9986941,-0.57736766,-0.81560475,-0.03788832,-0.8149598,0.57850325,-0.034271985
1356623579343,0.028547466,-0.036500543,-0.9989258,-0.59883916,-0.80077714,0.012146503,-0.8003603,0.59784913,-0.044718117
1356623579384,0.0033650398,-0.09573737,-0.9954009,-0.62140524,-0.78008777,0.07292792,-0.7834821,0.618302,-0.062116668
1356623579423,-0.0042438507,-0.15384169,-0.9880864,-0.64205474,-0.7571079,0.12063676,-0.76664704,0.6349175,-0.09556168
1356623579464,0.033562064,-0.19472587,-0.9802834,-0.6574653,-0.74302936,0.12508744,-0.75273705,0.6403041,-0.15296315
1356623579503,0.12974322,-0.2061899,-0.9698723,-0.65750074,-0.7500535,0.071501404,-0.742199,0.628415,-0.23288438
1356623579543,0.2521751,-0.19449097,-0.9479351,-0.63195825,-0.7749488,-0.009118319,-0.7328278,0.60135484,-0.31833297
1356623579583,0.3486104,-0.18122886,-0.91957974,-0.59482807,-0.80100226,-0.06763798,-0.72432745,0.5705712,-0.38703775
1356623579622,0.39257324,-0.1845828,-0.901008,-0.57199466,-0.816146,-0.08202289,-0.7202141,0.5475718,-0.42597747
1356623579648,0.4020543,-0.19843532,-0.8938545,-0.5646841,-0.8222073,-0.0714643,-0.7207526,0.5334779,-0.44262525
1356623579692,0.35648417,-0.23885578,-0.90325344,-0.58211505,-0.8129724,-0.01475957,-0.7307948,0.531059,-0.42885336
1356623579731,0.28011513,-0.28535694,-0.91657346,-0.60443294,-0.79419774,0.06253621,-0.74578565,0.53648984,-0.39494592
1356623579771,0.18835735,-0.3272338,-0.9259803,-0.6199228,-0.77089804,0.14632799,-0.76171994,0.5464744,-0.348064
1356623579811,0.096986234,-0.35608536,-0.92940676,-0.62352693,-0.7495837,0.22212264,-0.7757628,0.5579673,-0.2947281
1356623579853,0.014562368,-0.37007284,-0.92888856,-0.61706585,-0.73430914,0.28287774,-0.7867768,0.56906605,-0.2390526
1356623579893,-0.050423026,-0.36835235,-0.92831784,-0.6051681,-0.7281591,0.32180095,-0.7944992,0.57801455,-0.18619913
1356623579933,-0.10174227,-0.3568434,-0.92860717,-0.5913057,-0.7289672,0.34491214,-0.8000038,0.58418286,-0.13683674
1356623579972,-0.13585734,-0.33549052,-0.93219566,-0.5783013,-0.73713493,0.34957066,-0.8044317,0.5865817,-0.09386943
1356623580028,-0.1554262,-0.3088845,-0.9383139,-0.56203175,-0.7534883,0.34113884,-0.8123811,0.58038414,-0.056491077
1356623580065,-0.15325576,-0.2708411,-0.9503461,-0.5484965,-0.7766475,0.3097906,-0.821988,0.56873876,-0.02952969
1356623580104,-0.14026576,-0.23355626,-0.96217304,-0.53449917,-0.800154,0.27214742,-0.83344835,0.5524537,-0.01260142
1356623580144,-0.120976806,-0.19873947,-0.97255707,-0.5211678,-0.82113904,0.2326259,-0.8448365,0.5350078,-0.0042378455
1356623580184,-0.10038698,-0.1679463,-0.98067147,-0.51202893,-0.83638924,0.19565117,-0.853082,0.521773,-0.002030775
1356623580224,-0.08099496,-0.14252827,-0.98647124,-0.50961816,-0.8446494,0.16388002,-0.85657984,0.5159972,-0.004222594
1356623580264,-0.06481171,-0.1234348,-0.9902339,-0.51331156,-0.8468449,0.13915773,-0.8557515,0.5173176,-0.008475035
1356623580305,-0.052361608,-0.1109464,-0.99244606,-0.52290535,-0.8436295,0.121898636,-0.85078096,0.5253382,-0.013840675
1356623580343,-0.044876754,-0.1057141,-0.9933834,-0.5357478,-0.8367492,0.11324808,-0.8431847,0.5372852,-0.019085564
1356623580384,-0.04200214,-0.10652727,-0.9934223,-0.5522865,-0.8261053,0.11193624,-0.83259565,0.5533552,-0.024135381
1356623580423,-0.042434573,-0.11288643,-0.9927013,-0.57264495,-0.8114471,0.11675346,-0.8187045,0.5734198,-0.030210435
1356623580464,-0.04004699,-0.12273435,-0.99163127,-0.59637284,-0.7933398,0.12227623,-0.801708,0.5962787,-0.041424617
1356623580521,-0.020022929,-0.13297066,-0.9909177,-0.6216525,-0.77458084,0.11650196,-0.7830372,0.6183392,-0.06715211
1356623580545,0.031932414,-0.1404534,-0.9895722,-0.64142525,-0.7621816,0.08748099,-0.7665207,0.6319431,-0.11442867
1356623580585,0.12990528,-0.14071605,-0.98149043,-0.6418508,-0.7664242,0.024929821,-0.75574607,0.62673193,-0.18988125
1356623580624,0.24680883,-0.1310626,-0.9601604,-0.6150322,-0.78687125,-0.050685287,-0.7488797,0.60303915,-0.2748145
1356623580662,0.35122043,-0.11358154,-0.92937803,-0.5672946,-0.81548476,-0.114723444,-0.74486315,0.5675243,-0.3508491
1356623580701,0.42078662,-0.09103313,-0.9025805,-0.51876116,-0.84036267,-0.15709063,-0.7441945,0.53432536,-0.4008378
1356623580745,0.45214447,-0.06650159,-0.8894622,-0.48336604,-0.8563572,-0.18168528,-0.749615,0.5120838,-0.4193418
1356623580782,0.45156425,-0.040998325,-0.89129615,-0.46491188,-0.86342883,-0.19582546,-0.7615423,0.50280195,-0.4089542
1356623580823,0.43033063,-0.014059931,-0.90256184,-0.46055305,-0.86336464,-0.20613685,-0.77634174,0.50438464,-0.3780076
1356623580863,0.39315468,0.0129392445,-0.9193813,-0.4685082,-0.85754246,-0.21241693,-0.79115707,0.5142504,-0.3310847
1356623580904,0.34574896,0.040089846,-0.93747026,-0.4841975,-0.8481704,-0.2148482,-0.8037477,0.52820426,-0.27384263
1356623580945,0.29063505,0.06636846,-0.9545295,-0.50437784,-0.83711016,-0.21177721,-0.81310165,0.54299337,-0.20981878
1356623580984,0.23547333,0.09191634,-0.9675245,-0.523847,-0.82652456,-0.20601347,-0.8186188,0.5553454,-0.14647439
1356623581025,0.18249685,0.11506137,-0.97645056,-0.5408876,-0.81759447,-0.19743323,-0.82105756,0.5641809,-0.08697316
1356623581063,0.13922626,0.13628122,-0.9808382,-0.5525352,-0.81127423,-0.19115165,-0.82177913,0.56856084,-0.03765047
1356623581103,0.108248115,0.15431921,-0.9820733,-0.5571752,-0.80871886,-0.18849309,-0.8233093,0.56759095,-0.0015594624
1356623581143,0.090346694,0.16857535,-0.98153955,-0.5540923,-0.81043756,-0.19019124,-0.8275381,0.5610466,0.020185947
1356623581202,0.08317143,0.17808901,-0.9804931,-0.5443987,-0.81599176,-0.19438954,-0.834693,0.5499469,0.029084295
1356623581222,0.08223522,0.18196324,-0.9798605,-0.5318128,-0.82349604,-0.19755846,-0.8428597,0.5373486,0.029050052
1356623581261,0.0842281,0.17989728,-0.98007274,-0.5207126,-0.83064026,-0.19721855,-0.84956694,0.5269476,0.023711534
1356623581299,0.086792886,0.17170109,-0.9813184,-0.5146873,-0.8356637,-0.19173755,-0.85297364,0.52171355,0.015842646
1356623581342,0.08850384,0.15763232,-0.98352385,-0.5150918,-0.83788365,-0.18064143,-0.8525535,0.52259254,0.007039245
1356623581383,0.0878225,0.13781759,-0.9865564,-0.52152145,-0.83744353,-0.16341262,-0.84870636,0.52886164,-0.0016715527
1356623581433,0.085767806,0.11254236,-0.98993844,-0.5370581,-0.83166414,-0.14107922,-0.83917373,0.54375446,-0.010888215
1356623581474,0.07393664,0.07511197,-0.9944303,-0.55647546,-0.8243746,-0.103641614,-0.8275678,0.561039,-0.019153569
1356623581513,0.062589765,0.036863714,-0.9973583,-0.57906485,-0.8125752,-0.06637341,-0.8128754,0.5816894,-0.029512413
1356623581562,0.06522751,-0.0042940974,-0.99786127,-0.6028597,-0.79703575,-0.035977453,-0.7951765,0.603917,-0.05457744
1356623581631,0.089185655,-0.04900229,-0.9948089,-0.6198058,-0.7845728,-0.016919762,-0.77967083,0.6180973,-0.100344546
1356623581646,0.15741944,-0.0842824,-0.9839286,-0.619147,-0.78462905,-0.03184718,-0.76933485,0.61420983,-0.17569906
1356623581685,0.2537955,-0.10470879,-0.9615737,-0.5959883,-0.7999189,-0.07019806,-0.76183057,0.59090257,-0.26542103
1356623581723,0.34903032,-0.10955615,-0.93068534,-0.55396795,-0.82515645,-0.110618085,-0.75584215,0.55417895,-0.34869522
1356623581763,0.41364247,-0.1050304,-0.90436083,-0.5115202,-0.8485338,-0.13541567,-0.75315803,0.5186125,-0.4047148
1356623581803,0.43903008,-0.0985613,-0.89304996,-0.48282456,-0.86412907,-0.14199069,-0.7577157,0.49352464,-0.4269665
1356623581843,0.4306296,-0.09390712,-0.89763,-0.47103804,-0.8717561,-0.13477583,-0.769858,0.48085636,-0.4196378
1356623581883,0.39755523,-0.09153651,-0.91300106,-0.47329384,-0.8728876,-0.11857529,-0.78609335,0.479258,-0.3903447
1356623581923,0.34739053,-0.09041883,-0.9333511,-0.48497093,-0.8692121,-0.096299425,-0.8025728,0.48610163,-0.34580654
1356623581963,0.28716892,-0.08877419,-0.9537574,-0.5004814,-0.8628822,-0.0703754,-0.81673276,0.4975475,-0.29222277
1356623582003,0.22149098,-0.08551192,-0.9714059,-0.51583767,-0.8556416,-0.042295232,-0.8275586,0.5104558,-0.23362717
1356623582043,0.15653253,-0.07915343,-0.98449594,-0.5279716,-0.8491173,-0.015677273,-0.8347116,0.5222399,-0.17470524
1356623582083,0.0972805,-0.069398925,-0.99283445,-0.5359395,-0.84423137,0.0064988434,-0.83863306,0.53146696,-0.11932087
1356623582123,0.04878074,-0.056126237,-0.9972313,-0.539668,-0.8416167,0.02096942,-0.84046346,0.537151,-0.07134423
1356623582163,0.01477921,-0.039843738,-0.9990967,-0.53945327,-0.8416269,0.025583982,-0.84188586,0.5385878,-0.03393247
1356623582203,-0.003113687,-0.021544397,-0.9997631,-0.5357801,-0.84412396,0.019859165,-0.8443518,0.535715,-0.008914672
1356623582243,-0.0065528154,-0.002671212,-0.99997497,-0.5294738,-0.8483069,0.0057356954,-0.84830105,0.5294981,0.0041444525
1356623582283,-2.7149916E-4,0.014958441,-0.99988806,-0.52178836,-0.8529816,-0.012619019,-0.8530749,0.52172655,0.008036725
1356623582324,0.010483742,0.029553086,-0.99950826,-0.51463103,-0.85686076,-0.030733243,-0.8573476,0.5147002,0.0062258244
1356623582365,0.021761835,0.039496392,-0.9989828,-0.51055515,-0.8586631,-0.045070544,-0.85956967,0.51101655,0.0014789402
1356623582403,0.030264854,0.04312426,-0.9986112,-0.51096576,-0.8579941,-0.052537635,-0.85906816,0.5118462,-0.0039320923
1356623582445,0.03581804,0.040299937,-0.9985454,-0.51724416,-0.85419345,-0.05302772,-0.855088,0.51839113,-0.009750571
1356623582484,0.036074877,0.028748572,-0.99893546,-0.52822566,-0.84799,-0.043480426,-0.8483373,0.5292319,-0.015405349
1356623582525,0.03125322,0.00954321,-0.99946594,-0.5447272,-0.8382395,-0.025037318,-0.8380307,0.5452187,-0.020999253
1356623582564,0.01943481,-0.019540131,-0.9996202,-0.56470346,-0.8252778,0.0051530898,-0.825065,0.56438875,-0.027073495
1356623582643,0.0071358085,-0.054400504,-0.9984937,-0.58741826,-0.80830216,0.03984037,-0.809252,0.5862491,-0.037723698
1356623582645,0.0073447227,-0.093526006,-0.99558973,-0.6100575,-0.7892905,0.06964561,-0.7923231,0.6068554,-0.06285341
1356623582682,0.032570362,-0.13230558,-0.9906737,-0.6277335,-0.7740193,0.082733154,-0.7777466,0.61918443,-0.10826273
1356623582722,0.10766727,-0.15678215,-0.9817469,-0.6317658,-0.77326196,0.054202557,-0.7676456,0.6143983,-0.1823046
1356623582764,0.21953225,-0.16177495,-0.96209896,-0.6119579,-0.7908623,-0.0066550076,-0.75981116,0.5902251,-0.27261925
1356623582805,0.33410603,-0.14894114,-0.93069315,-0.56766415,-0.82005745,-0.07254779,-0.7524165,0.5525598,-0.3585347
1356623582844,0.41280037,-0.13189003,-0.9012219,-0.52164507,-0.8453459,-0.11522423,-0.74664736,0.51768255,-0.4177589
1356623582883,0.44486758,-0.12302345,-0.8871066,-0.49277198,-0.8607297,-0.12775055,-0.7478426,0.49397334,-0.44353324
1356623582923,0.43646005,-0.12641849,-0.890798,-0.48614424,-0.8662442,-0.11525987,-0.7570776,0.48336262,-0.4395386
1356623582963,0.39671057,-0.14128189,-0.90700614,-0.49806386,-0.86312044,-0.083399564,-0.77107275,0.4848325,-0.4127764
1356623583003,0.33469665,-0.16373412,-0.92799205,-0.52038705,-0.85312146,-0.037162736,-0.78560513,0.49535334,-0.37074202
1356623583043,0.25440866,-0.19132166,-0.94798326,-0.545202,-0.83799434,0.022808775,-0.7987684,0.5110396,-0.31750196
1356623583083,0.1619829,-0.2199383,-0.9619713,-0.5639762,-0.8205777,0.09264511,-0.8097484,0.52752197,-0.2569595
1356623583123,0.06674093,-0.24484845,-0.9672615,-0.5713163,-0.80414945,0.16413818,-0.8180118,0.5416575,-0.19355558
1356623583163,-0.020225704,-0.26177782,-0.9649162,-0.56713617,-0.79180974,0.22670248,-0.8233757,0.5518241,-0.1324488
1356623583203,-0.0895471,-0.26820588,-0.9591908,-0.5556814,-0.7857828,0.27159476,-0.8265589,0.557325,-0.0786725
1356623583243,-0.13598752,-0.2636209,-0.95499283,-0.54214984,-0.787003,0.29444832,-0.829205,0.5577906,-0.035899445
1356623583283,-0.15827179,-0.24871083,-0.955559,-0.53033835,-0.79490334,0.2947371,-0.83288133,0.55341816,-0.0060901195
1356623583323,-0.1592784,-0.22553712,-0.96112615,-0.5217318,-0.80726606,0.2758941,-0.83810884,0.545394,0.010910109
1356623583363,-0.14550066,-0.19768746,-0.96940666,-0.5159022,-0.8209135,0.24483883,-0.84420055,0.53574324,0.017455995
1356623583403,-0.1251859,-0.17005661,-0.9774504,-0.5121821,-0.8326899,0.21046843,-0.8497046,0.52698034,0.017141134
1356623583444,-0.10572976,-0.14799434,-0.9833203,-0.5107871,-0.8403517,0.18139839,-0.85318094,0.5214466,0.013256639
1356623583483,-0.09226042,-0.13638414,-0.9863505,-0.51232755,-0.84289384,0.16446987,-0.8538199,0.52050865,0.007892437
1356623583524,-0.08770764,-0.13908878,-0.98638827,-0.5168818,-0.840118,0.16442354,-0.85155195,0.5242673,0.0017922595
1356623583564,-0.094002366,-0.15866497,-0.9828474,-0.5243404,-0.8313132,0.18435167,-0.8463041,0.5326761,-0.0050490648
1356623583637,-0.11485642,-0.1983011,-0.9733883,-0.5326532,-0.81480694,0.22884572,-0.83850384,0.54476273,-0.012039959
1356623583644,-0.14954233,-0.25395173,-0.9555865,-0.5415248,-0.7875825,0.29404858,-0.82727736,0.56144655,-0.019744173
1356623583682,-0.1969443,-0.32397866,-0.9253382,-0.5475857,-0.746541,0.37792373,-0.81324214,0.5811319,-0.030379102
1356623583724,-0.23878658,-0.39370966,-0.8876788,-0.55460846,-0.69507325,0.4574741,-0.79711384,0.60155284,-0.052380532
1356623583762,-0.2597052,-0.45696062,-0.8507292,-0.5657769,-0.6419258,0.5175208,-0.7825917,0.61572576,-0.09182629
1356623583805,-0.22686338,-0.50063586,-0.8354022,-0.5931572,-0.6093073,0.5262217,-0.77246207,0.6149052,-0.15872619
1356623583853,-0.10915971,-0.5178144,-0.8485001,-0.632584,-0.6222546,0.46112555,-0.7667605,0.5870839,-0.25963593
1356623583895,0.0061866045,-0.52683634,-0.8499443,-0.65069324,-0.6475215,0.3966287,-0.75931555,0.5505992,-0.34681478
1356623583935,0.0794574,-0.53551334,-0.84078056,-0.6510313,-0.6665992,0.36304775,-0.7548806,0.5185277,-0.4016022
1356623583973,0.09997517,-0.54911876,-0.829743,-0.64480186,-0.6708693,0.3662853,-0.7577833,0.49840042,-0.42114303
1356623584013,0.07381189,-0.5668424,-0.82051295,-0.6344283,-0.6614915,0.3999121,-0.7694494,0.4910384,-0.4084468
1356623584053,0.02148801,-0.5803891,-0.81405574,-0.61824065,-0.64760894,0.44539997,-0.785695,0.49371162,-0.37273598
1356623584093,-0.04305595,-0.5856615,-0.80941135,-0.595748,-0.6353165,0.49138293,-0.80201644,0.5033622,-0.32155246
1356623584133,-0.10904539,-0.58094704,-0.8066038,-0.5685154,-0.62918204,0.53001904,-0.8154136,0.5163628,-0.261668
1356623584173,-0.16993588,-0.5671153,-0.80591697,-0.5390842,-0.631097,0.5577678,-0.82493037,0.52924174,-0.19847691
1356623584213,-0.22145605,-0.54611087,-0.807911,-0.51039124,-0.6410356,0.5732138,-0.83093804,0.53929234,-0.136769
1356623584253,-0.2609895,-0.5202449,-0.8131603,-0.48556644,-0.6572876,0.57636636,-0.83433187,0.54526895,-0.08106822
1356623584293,-0.28700906,-0.49165842,-0.82213,-0.46734396,-0.67730284,0.5681992,-0.836191,0.54729587,-0.035381466
1356623584333,-0.29858732,-0.46202973,-0.83508927,-0.45705643,-0.69891316,0.5501088,-0.83782154,0.5459385,-0.0024870038
1356623584373,-0.29589522,-0.43241695,-0.8517403,-0.4538577,-0.7209481,0.523686,-0.84051126,0.54152507,0.01706934
1356623584413,-0.28068924,-0.40378517,-0.8707302,-0.45485365,-0.74289787,0.49113226,-0.84517556,0.5339104,0.024860293
1356623584453,-0.25742412,-0.37677047,-0.8898184,-0.45664278,-0.76410854,0.45564845,-0.8515927,0.52362406,0.02465044
1356623584493,-0.23223877,-0.35247466,-0.90654665,-0.45749667,-0.78290904,0.4216044,-0.8583484,0.51265496,0.020565853
1356623584533,-0.2106759,-0.3323585,-0.91932225,-0.45801368,-0.7972607,0.39319056,-0.8636198,0.50389796,0.01573886
1356623584593,-0.19582391,-0.31786555,-0.9276931,-0.45963776,-0.80590624,0.3731599,-0.86624837,0.49947637,0.0117126405
1356623584664,-0.1881895,-0.31009436,-0.93189394,-0.4632699,-0.8086283,0.362631,-0.86600566,0.4999617,0.0085179955
1356623584666,-0.18712837,-0.30980688,-0.9322032,-0.4686798,-0.80583704,0.36189228,-0.8633206,0.5046251,0.0055946857
1356623584689,-0.19221497,-0.31649715,-0.9289149,-0.4763342,-0.797493,0.37028453,-0.8579972,0.5136482,0.0025316626
1356623584730,-0.20323986,-0.32953557,-0.9220086,-0.48674843,-0.78305644,0.38716736,-0.8495702,0.5274741,-0.0012526512
1356623584772,-0.21715367,-0.3468248,-0.91244555,-0.50149506,-0.7623188,0.4091122,-0.8374646,0.5464272,-0.00839062
1356623584812,-0.22520721,-0.36601982,-0.9029459,-0.5225297,-0.7368277,0.42900795,-0.82234085,0.5684317,-0.02531737
1356623584852,-0.21115267,-0.3841827,-0.8987871,-0.5522165,-0.7118288,0.43400076,-0.80651814,0.5879654,-0.06184745
1356623584892,-0.15611386,-0.39720267,-0.9043553,-0.589056,-0.6975081,0.40803862,-0.7928692,0.59641635,-0.12508392
1356623584933,-0.05822754,-0.3988511,-0.91516525,-0.620413,-0.703738,0.34617987,-0.78211075,0.5879376,-0.2064755
1356623584973,0.06323725,-0.38429755,-0.92104095,-0.6302118,-0.7309803,0.2617268,-0.7738437,0.5639,-0.28841406
1356623585019,0.1666438,-0.35746285,-0.9189397,-0.6161134,-0.76538086,0.18600103,-0.76982737,0.5351752,-0.34778363
1356623585058,0.22517955,-0.3270384,-0.91779083,-0.59420925,-0.7926179,0.13664633,-0.77214605,0.51458985,-0.3728106
1356623585102,0.23781604,-0.30245984,-0.9230177,-0.5765311,-0.808732,0.11646646,-0.7817003,0.5044508,-0.36670697
1356623585142,0.2155307,-0.28460965,-0.93410057,-0.5663234,-0.8157115,0.117866635,-0.7955026,0.50359917,-0.33699197
1356623585181,0.1675803,-0.2722302,-0.94752705,-0.56221586,-0.8159007,0.13497926,-0.8098334,0.5100949,-0.28978103
