1356623799455,0.18655834,-0.002184987,-0.9824415,-0.9785929,-0.088868886,-0.1856299,-0.0869028,0.996041,-0.018717527
1356623799483,0.01992029,-0.017047405,-0.99965626,-0.99601793,-0.08724213,-0.018360019,-0.0868991,0.9960413,-0.018717468
1356623799525,0.019942462,-0.017032802,-0.9996561,-0.99602014,-0.08721185,-0.01838398,-0.08686867,0.99604416,-0.018704236
1356623799568,0.020195246,-0.016949594,-0.9996524,-0.99602455,-0.08710557,-0.018644989,-0.08675924,0.9960548,-0.018641323
1356623799608,0.021197796,-0.016672492,-0.9996363,-0.99602604,-0.08686298,-0.019672483,-0.08650336,0.99608076,-0.018447578
1356623799646,0.023572147,-0.01587832,-0.99959606,-0.9960091,-0.08646858,-0.022114068,-0.08608252,0.9961281,-0.0178532
1356623799689,0.027627409,-0.013990313,-0.9995204,-0.99594533,-0.08602345,-0.02632454,-0.085613936,0.99619496,-0.016310155
1356623799728,0.032908022,-0.010568142,-0.9994025,-0.99581146,-0.08569145,-0.031883627,-0.08530328,0.99626577,-0.0133439
1356623799770,0.037362456,-0.00500834,-0.9992892,-0.9956397,-0.08571857,-0.03679639,-0.08547336,0.99630684,-0.008189142
1356623799806,0.04448062,0.0012492537,-0.99900943,-0.9952897,-0.08616865,-0.044422716,-0.086138785,0.9962797,-0.0025894344
1356623799848,0.05202639,0.007302761,-0.998619,-0.99480045,-0.087288916,-0.052465767,-0.087551534,0.9961562,0.0027234852
1356623799888,0.062210023,0.012185246,-0.9979887,-0.9940325,-0.08901763,-0.06305033,-0.08960685,0.9959555,0.0065746903
1356623799926,0.074831605,0.015448242,-0.9970765,-0.9929235,-0.091306925,-0.07593456,-0.092213035,0.995703,0.008506298
1356623799968,0.0886336,0.017391264,-0.9959125,-0.99150544,-0.09401035,-0.08988303,-0.09518927,0.9954193,0.008911043
1356623800006,0.101973,0.01841867,-0.9946166,-0.9899038,-0.09706813,-0.10328734,-0.09844801,0.9951073,0.008334398
1356623800048,0.11392778,0.018805325,-0.99331105,-0.9882607,-0.100293934,-0.11524731,-0.10179034,0.9947801,0.007158309
1356623800084,0.12421471,0.018569767,-0.9920815,-0.986703,-0.103310764,-0.12547499,-0.104822844,0.99447566,0.005490184
1356623800130,0.13388678,0.017163992,-0.990848,-0.98516417,-0.10601261,-0.1349552,-0.10735875,0.9942167,0.0027156174
1356623800168,0.1434862,0.014301598,-0.98954904,-0.9836108,-0.10825509,-0.14418975,-0.109185845,0.99402034,-0.0014659464
1356623800207,0.15524668,0.009003937,-0.9878347,-0.9817154,-0.11009246,-0.15528846,-0.11015141,0.9938805,-0.008252114
1356623800247,0.16844332,0.0014865398,-0.98571026,-0.9795186,-0.11166489,-0.16755363,-0.11031833,0.99374473,-0.017353058
1356623800286,0.18401062,-0.008646488,-0.9828862,-0.9767881,-0.113167465,-0.18187338,-0.10965824,0.9935382,-0.029269755
1356623800326,0.20120654,-0.021416456,-0.9793147,-0.97354865,-0.114860386,-0.19750997,-0.10825452,0.9931507,-0.04396063
1356623800366,0.21954596,-0.03696698,-0.97490156,-0.96980137,-0.117078185,-0.21395797,-0.10623029,0.99243444,-0.06155467
1356623800406,0.23891383,-0.05571437,-0.9694412,-0.96551144,-0.1200189,-0.23104784,-0.10347858,0.991207,-0.08246708
1356623800445,0.2595031,-0.0781914,-0.9625717,-0.9606204,-0.12341598,-0.24895176,-0.09933084,0.98926973,-0.10713908
1356623800504,0.28089738,-0.10444608,-0.95403755,-0.9552349,-0.12660742,-0.2673892,-0.09286046,0.9864389,-0.13533425
1356623800526,0.30094367,-0.13332555,-0.94427603,-0.9499438,-0.1290285,-0.28453198,-0.083903134,0.9826373,-0.16548207
1356623800569,0.32175165,-0.16545326,-0.93225586,-0.9440841,-0.13091403,-0.30259985,-0.071979254,0.97749,-0.19832358
1356623800605,0.33639997,-0.19791257,-0.9206876,-0.93986034,-0.13195634,-0.31503966,-0.059140265,0.97129714,-0.2304003
1356623800650,0.3526426,-0.23222056,-0.9064859,-0.9346998,-0.13347358,-0.32942554,-0.044492573,0.96346164,-0.264125
1356623800686,0.36377162,-0.26638693,-0.89258516,-0.9310178,-0.13442843,-0.3393154,-0.029599607,0.95444596,-0.2969122
1356623800725,0.376546,-0.30056632,-0.8762836,-0.9262862,-0.13684079,-0.3510959,-0.014383793,0.9438932,-0.32993725
1356623800765,0.390795,-0.33422506,-0.8576555,-0.92047775,-0.14172435,-0.36419085,1.7103553E-4,0.93177676,-0.3630319
1356623800805,0.4075405,-0.36617112,-0.8365581,-0.9130981,-0.15060602,-0.378906,0.012753755,0.9182792,-0.39572817
1356623800847,0.42722768,-0.39489108,-0.8133496,-0.9038685,-0.16432627,-0.394992,0.022324145,0.90391254,-0.4271343
1356623800885,0.4503376,-0.41910568,-0.7883822,-0.8923962,-0.18287127,-0.41253746,0.028724343,0.8893304,-0.45636213
1356623800927,0.47622004,-0.43763286,-0.7626873,-0.8787227,-0.20472136,-0.43120238,0.032569945,0.8755379,-0.48205036
1356623800966,0.5025542,-0.44938207,-0.7385764,-0.8638662,-0.22715169,-0.44959694,0.034271896,0.86397797,-0.50236195
1356623801005,0.52527887,-0.45367318,-0.71990466,-0.85028714,-0.24695921,-0.46478254,0.033072293,0.8562662,-0.515475
1356623801046,0.5389544,-0.45023495,-0.7119106,-0.84188205,-0.2602085,-0.4727856,0.027619392,0.8541546,-0.5192852
1356623801087,0.5363333,-0.438446,-0.72118765,-0.8438391,-0.2615552,-0.46853438,0.016796649,0.85985696,-0.5102587
1356623801126,0.5183776,-0.41926003,-0.7453226,-0.8551489,-0.25185895,-0.4530866,0.0022449195,0.8722317,-0.48908776
1356623801167,0.4730287,-0.39022726,-0.7899155,-0.880876,-0.22713289,-0.41529277,-0.01735723,0.89226305,-0.45118222
1356623801206,0.41081586,-0.352763,-0.8407072,-0.91087824,-0.19838342,-0.36186305,-0.03913045,0.914441,-0.4028232
1356623801246,0.32972807,-0.30645323,-0.8929534,-0.9419935,-0.16958457,-0.28963655,-0.062671065,0.9366576,-0.34459373
1356623801286,0.24246824,-0.25461012,-0.9361532,-0.96630496,-0.14931029,-0.209669,-0.086393446,0.95544755,-0.28223404
1356623801325,0.16040528,-0.20209384,-0.96614087,-0.98093975,-0.14139318,-0.13328618,-0.10966942,0.9691058,-0.22092211
1356623801366,0.0936012,-0.15359765,-0.98369026,-0.9868043,-0.14542767,-0.07118976,-0.13212124,0.97737324,-0.16518301
1356623801405,0.04777795,-0.112246335,-0.9925311,-0.98711604,-0.1572184,-0.029737353,-0.1527062,0.9811642,-0.11831176
1356623801445,0.021488488,-0.0785791,-0.99667627,-0.9851601,-0.1714642,-0.007721752,-0.17028755,0.9820516,-0.081097454
1356623801505,0.010667622,-0.05153382,-0.99861425,-0.9829365,-0.18394238,-0.0010077059,-0.18363553,0.98158514,-0.052616715
1356623801526,0.010281205,-0.029685408,-0.99950635,-0.98140013,-0.1919229,-0.0043947995,-0.19169772,0.98096085,-0.031106472
1356623801565,0.016930997,-0.011977971,-0.9997848,-0.98070574,-0.19496787,-0.014272064,-0.19475505,0.9807364,-0.015047818
1356623801607,0.028886855,0.0011380315,-0.99958205,-0.9807796,-0.19301683,-0.028563201,-0.19296864,0.9811948,-0.0044595003
1356623801646,0.046983182,0.009412944,-0.99885136,-0.98081833,-0.18894297,-0.04791552,-0.18917698,0.98194295,3.5524368E-4
1356623801685,0.07046354,0.012592524,-0.99743485,-0.9800968,-0.18516749,-0.07157642,-0.18559381,0.98262626,-7.056594E-4
1356623801726,0.09493965,0.012231022,-0.99540794,-0.9784994,-0.18276954,-0.09557271,-0.18309918,0.9830797,-0.005384028
1356623801766,0.115758896,0.00976637,-0.9932294,-0.97674,-0.18058997,-0.115612894,-0.18049636,0.98351,-0.011365682
1356623801806,0.12988722,0.005639136,-0.99151266,-0.9757428,-0.17700058,-0.12882802,-0.1762248,0.9841945,-0.017487735
1356623801845,0.1355375,-5.1289797E-4,-0.9907721,-0.97607905,-0.17165035,-0.13343862,-0.16999796,0.98515785,-0.023765653
1356623801887,0.13032192,-0.0091905,-0.9914292,-0.97793216,-0.16588324,-0.12701005,-0.16329423,0.98610264,-0.030605912
1356623801925,0.112074256,-0.020693153,-0.99348426,-0.98107934,-0.16113937,-0.10731846,-0.15786871,0.98671466,-0.03836119
1356623801969,0.07997894,-0.03553489,-0.9961629,-0.9848629,-0.15699369,-0.07347143,-0.15378055,0.98696005,-0.047553122
1356623802005,0.029762805,-0.053637177,-0.99811685,-0.988364,-0.15059787,-0.021379083,-0.14916754,0.987139,-0.057495266
1356623802049,-0.025957763,-0.074462,-0.9968859,-0.9897403,-0.1382426,0.036097735,-0.14050004,0.9875952,-0.070109546
1356623802086,-0.09149641,-0.09819195,-0.9909524,-0.98758745,-0.118634224,0.102941036,-0.12766886,0.98807096,-0.08611852
1356623802126,-0.14485669,-0.12688878,-0.9812827,-0.9832746,-0.09219259,0.15707207,-0.11039773,0.9876232,-0.11141175
1356623802166,-0.17088825,-0.16768685,-0.9709163,-0.9810016,-0.0628863,0.18352443,-0.09183195,0.98383254,-0.15375447
1356623802205,-0.1573433,-0.22518003,-0.96152854,-0.98460877,-0.039242715,0.17031038,-0.07608345,0.9735266,-0.21553963
1356623802246,-0.107366115,-0.29397017,-0.9497653,-0.9920724,-0.03107205,0.12176606,-0.06530669,0.9553094,-0.2883036
1356623802285,-0.049081206,-0.35451907,-0.9337598,-0.99704844,-0.037869394,0.06678563,-0.059037656,0.93428165,-0.35161406
1356623802325,-0.008822292,-0.39211914,-0.91987216,-0.9983535,-0.04868695,0.030329049,-0.056678385,0.9186251,-0.39104402
1356623802366,0.0043723583,-0.40315077,-0.9151231,-0.9982872,-0.055148304,0.019525468,-0.05833921,0.9134704,-0.40270144
1356623802407,-0.0066057444,-0.39010057,-0.92074853,-0.99793077,-0.056319,0.031020582,-0.0639568,0.91904825,-0.38892138
1356623802446,-0.02253759,-0.3617233,-0.93201315,-0.99722075,-0.05808544,0.04665789,-0.0710136,0.9304743,-0.35940886
1356623802504,-0.041415572,-0.3213586,-0.9460515,-0.99605525,-0.061091423,0.064356446,-0.078477144,0.9449849,-0.3175608
1356623802525,-0.049680978,-0.27485332,-0.9602018,-0.99499714,-0.06981066,0.0714643,-0.08667451,0.9589485,-0.27001
1356623802567,-0.049013108,-0.22408849,-0.97333556,-0.99402684,-0.084195465,0.06943911,-0.09751099,0.97092503,-0.21862328
1356623802606,-0.030831218,-0.17309368,-0.9844227,-0.9933729,-0.10379583,0.049362242,-0.11072329,0.9794207,-0.16874641
1356623802642,-0.0041826367,-0.12273547,-0.99243057,-0.99195373,-0.12506694,0.019647866,-0.12653169,0.98452747,-0.12122476
1356623802685,0.032098055,-0.07418239,-0.99672794,-0.9891826,-0.14517117,-0.021050543,-0.14313456,0.9866216,-0.078039676
1356623802725,0.074643075,-0.029239655,-0.9967815,-0.98452497,-0.16108865,-0.0689998,-0.1585527,0.9865067,-0.0408113
1356623802767,0.12219119,0.009725839,-0.99245894,-0.97755504,-0.17173368,-0.1220392,-0.17162561,0.9850954,-0.011476785
1356623802806,0.17439365,0.040427923,-0.9838457,-0.96761024,-0.17817819,-0.17883748,-0.18252993,0.98316735,0.008045346
1356623802845,0.2289918,0.06174621,-0.9714681,-0.9543352,-0.18245131,-0.23654985,-0.19185165,0.9812741,0.017146707
1356623802885,0.28197864,0.07509422,-0.95647734,-0.9385929,-0.1850073,-0.29123122,-0.19882506,0.9798638,0.018314809
1356623802929,0.32982746,0.082039,-0.9404698,-0.9223032,-0.18455109,-0.33955505,-0.20142156,0.9793929,0.0147948265
1356623802965,0.36931828,0.08479485,-0.9254263,-0.907714,-0.18048683,-0.3787873,-0.19914645,0.9799155,0.010312393
1356623803008,0.40272763,0.082122445,-0.91162837,-0.8953938,-0.17133835,-0.41099048,-0.18994841,0.9817836,0.004529193
1356623803046,0.42831075,0.07477102,-0.9005327,-0.8860935,-0.16063601,-0.43478072,-0.17716697,0.9841775,-0.002548024
1356623803085,0.4486006,0.06227979,-0.8915597,-0.87913644,-0.14880139,-0.45274416,-0.16086206,0.986904,-0.0119999945
1356623803164,0.4610425,0.045875758,-0.88619137,-0.87588,-0.13671711,-0.4627555,-0.14238676,0.9895473,-0.022850737
1356623803166,0.4645988,0.027252555,-0.88510185,-0.87700695,-0.124112576,-0.46417114,-0.12250215,0.99189377,-0.033761874
1356623803203,0.46061686,0.0065627396,-0.8875748,-0.8817735,-0.110996455,-0.45842686,-0.10152623,0.9937991,-0.045339942
1356623803245,0.45369914,-0.018779457,-0.890957,-0.88750803,-0.099877626,-0.4498376,-0.08053899,0.9948225,-0.06198129
1356623803285,0.45326865,-0.054226905,-0.88972294,-0.88924813,-0.09640241,-0.4471513,-0.061523795,0.9938642,-0.091917366
1356623803325,0.46780264,-0.10367373,-0.87773144,-0.8825911,-0.1074218,-0.4577046,-0.04683554,0.98879343,-0.14175373
1356623803366,0.49915004,-0.16424933,-0.8508063,-0.8656852,-0.13749848,-0.48133487,-0.03792566,0.9767887,-0.21082056
1356623803422,0.5329433,-0.21959287,-0.81716,-0.8454992,-0.17610134,-0.5041027,-0.0332056,0.95956624,-0.27951762
1356623803452,0.5591414,-0.25847337,-0.7877515,-0.8284266,-0.21167533,-0.51855844,-0.03271407,0.9425418,-0.33248264
1356623803501,0.56870455,-0.2703542,-0.7768421,-0.8217042,-0.22934465,-0.521731,-0.037112415,0.93504524,-0.35258055
1356623803529,0.57643324,-0.26892072,-0.77162576,-0.816016,-0.23904566,-0.5262841,-0.04292509,0.9330267,-0.35723746
1356623803570,0.56695455,-0.25051162,-0.78473336,-0.8219851,-0.2343568,-0.5190542,-0.053878546,0.93931925,-0.33878648
1356623803615,0.5500785,-0.21889138,-0.8059157,-0.83220625,-0.22412537,-0.5071494,-0.06961551,0.9496601,-0.30544937
1356623803658,0.52866226,-0.17865917,-0.82981753,-0.84412694,-0.21344526,-0.4918239,-0.08925176,0.9604801,-0.2636515
1356623803695,0.50587195,-0.1343554,-0.85208106,-0.8554938,-0.2047497,-0.4756133,-0.110562146,0.9695495,-0.21851736
1356623803737,0.48051712,-0.08713162,-0.8726462,-0.866904,-0.19763526,-0.45762187,-0.13259232,0.97639567,-0.17050187
1356623803776,0.45797825,-0.041246474,-0.888006,-0.8758086,-0.19214708,-0.4427626,-0.15236542,0.9804989,-0.124123156
1356623803817,0.43766394,0.0011609495,-0.8991379,-0.88324463,-0.18663844,-0.4301687,-0.16831309,0.982428,-0.08065952
1356623803855,0.42473444,0.036164433,-0.9045954,-0.88741183,-0.18111637,-0.4239071,-0.17916736,0.9827966,-0.044833645
1356623803895,0.42027062,0.06132227,-0.9053244,-0.8883127,-0.1757521,-0.4242781,-0.1851303,0.9825227,-0.019390121
1356623803936,0.42408913,0.07640982,-0.90239125,-0.88598365,-0.17137015,-0.43088892,-0.18756706,0.98223925,-0.0049783736
1356623803975,0.4331735,0.08307904,-0.89747345,-0.8816909,-0.16757116,-0.44106805,-0.18703416,0.9823532,6.6265464E-4
1356623804016,0.443374,0.08405587,-0.8923867,-0.8774265,-0.16272488,-0.45126843,-0.18314537,0.98308444,0.0016048998
1356623804056,0.45192578,0.08102521,-0.8883682,-0.8746878,-0.1553053,-0.4591312,-0.17516953,0.98453796,6.852895E-4
1356623804096,0.45723495,0.074521184,-0.8862183,-0.87427413,-0.14501348,-0.46326658,-0.16303673,0.98661935,-0.001153335
1356623804136,0.45818496,0.06472871,-0.88649696,-0.8765348,-0.13258833,-0.46271715,-0.1474902,0.9890554,-0.0040130317
1356623804179,0.45388183,0.051840067,-0.8895527,-0.88166255,-0.118492275,-0.45676133,-0.12908363,0.9916009,-0.008076087
1356623804216,0.44068938,0.037911475,-0.89685875,-0.8908134,-0.10468972,-0.44214424,-0.110654175,0.99378204,-0.012363628
1356623804258,0.42140657,0.023539543,-0.90656626,-0.90224165,-0.09000498,-0.42173344,-0.0915229,0.9956631,-0.016690344
1356623804296,0.3918169,0.008868098,-0.92000043,-0.9171277,-0.07577789,-0.39132386,-0.07318601,0.9970853,-0.021557868
1356623804336,0.36067772,-0.009524763,-0.93264186,-0.93102556,-0.06339717,-0.3594052,-0.05570361,0.9979429,-0.03173372
1356623804376,0.33543262,-0.03989792,-0.941219,-0.9411935,-0.057139248,-0.3330015,-0.040494442,0.9975687,-0.05671805
1356623804415,0.32905665,-0.0905467,-0.93995905,-0.94382966,-0.06328556,-0.32431537,-0.030120164,0.9938794,-0.106285185
1356623804456,0.34655917,-0.15957236,-0.9243557,-0.93765044,-0.08689189,-0.3365434,-0.026615977,0.9833547,-0.17973626
1356623804510,0.37780052,-0.23060894,-0.8967086,-0.92543113,-0.124438405,-0.35789976,-0.029050082,0.9650568,-0.26042563
1356623804535,0.40635866,-0.28491127,-0.868158,-0.913067,-0.16235985,-0.37409616,-0.034369737,0.9447036,-0.32611945
1356623804576,0.42231846,-0.3142447,-0.85023373,-0.9055062,-0.18899287,-0.37992135,-0.04129982,0.9303397,-0.3643657
1356623804615,0.42327398,-0.31962603,-0.84774894,-0.9045935,-0.20124245,-0.37578171,-0.05049348,0.92592686,-0.37431234
1356623804655,0.41288763,-0.30654728,-0.8576436,-0.908757,-0.20141786,-0.3655019,-0.060701102,0.93030083,-0.3617399
1356623804700,0.39215815,-0.27792275,-0.87690985,-0.91718996,-0.19122122,-0.34956706,-0.0705311,0.9413785,-0.32989693
1356623804732,0.37249556,-0.24184397,-0.89596796,-0.92463934,-0.1792182,-0.33604023,-0.07930446,0.9536207,-0.29037645
1356623804775,0.34851724,-0.19854695,-0.91603214,-0.9331301,-0.16560763,-0.31912753,-0.0883401,0.96599853,-0.24298728
1356623804816,0.3277725,-0.15191102,-0.9324635,-0.93971026,-0.15429968,-0.30518225,-0.097518295,0.9762759,-0.19332752
1356623804854,0.3087953,-0.103882045,-0.9454385,-0.94510496,-0.14520642,-0.29273158,-0.1068742,0.9839328,-0.14301851
1356623804896,0.29568025,-0.057652384,-0.9535457,-0.94822824,-0.1388329,-0.28563738,-0.115915895,0.98863626,-0.09571773
1356623804935,0.2911386,-0.01703915,-0.95652914,-0.94857776,-0.13499928,-0.28631362,-0.12425217,0.9906992,-0.055466473
1356623804975,0.2968226,0.014546275,-0.9548219,-0.9457416,-0.13391525,-0.29603997,-0.13217145,0.9908861,-0.025992066
1356623805016,0.31312037,0.034927517,-0.949071,-0.9392729,-0.13638192,-0.31490687,-0.14043504,0.9900404,-0.0098975
1356623805058,0.33686206,0.04468143,-0.9404932,-0.9296605,-0.14248005,-0.33975106,-0.14918208,0.98878866,-0.006457567
1356623805096,0.36079788,0.048106194,-0.93140256,-0.9193358,-0.14976174,-0.36385867,-0.15699232,0.9875511,-0.009807989
1356623805138,0.38068104,0.047864765,-0.9234668,-0.91026723,-0.15639538,-0.38334602,-0.16277468,0.98653406,-0.015967041
1356623805176,0.3934743,0.046004504,-0.9181838,-0.90429914,-0.1605294,-0.39556727,-0.16559336,0.98595834,-0.021562368
1356623805218,0.40057272,0.041976064,-0.915303,-0.9014375,-0.16093111,-0.40188497,-0.16417027,0.9860726,-0.026625827
1356623805256,0.40004447,0.035698473,-0.9158002,-0.9025001,-0.15861699,-0.40041763,-0.15955576,0.98669463,-0.031235963
1356623805295,0.39448678,0.027353257,-0.91849434,-0.90634,-0.15312833,-0.39382675,-0.15141997,0.98782766,-0.035615742
1356623805336,0.3817884,0.017322898,-0.9240874,-0.9135774,-0.14442882,-0.38015363,-0.14005017,0.98936355,-0.039315462
1356623805375,0.3621319,0.0056212246,-0.93210995,-0.92362475,-0.13259017,-0.35963497,-0.12561014,0.991155,-0.042823255
1356623805415,0.3394964,-0.010255277,-0.9405514,-0.9343298,-0.119009465,-0.33595306,-0.108489275,0.9928401,-0.04998505
1356623805455,0.32402074,-0.036847234,-0.94533217,-0.9417537,-0.10768539,-0.31859687,-0.09005904,0.993502,-0.06959334
1356623805512,0.33047143,-0.081218034,-0.940315,-0.941038,-0.10473868,-0.32167894,-0.07236123,0.99117786,-0.11104241
1356623805535,0.36643857,-0.14142734,-0.919631,-0.92868847,-0.1162501,-0.35216984,-0.057100743,0.9830992,-0.17394045
1356623805578,0.42166805,-0.20279464,-0.8837819,-0.90560377,-0.14318378,-0.39922443,-0.045582622,0.9686965,-0.24402764
1356623805616,0.47063118,-0.24511868,-0.84759843,-0.8814879,-0.17258155,-0.43953925,-0.038540542,0.95400864,-0.29729143
1356623805658,0.49717402,-0.26243642,-0.8270098,-0.8668325,-0.19162653,-0.46030512,-0.037676245,0.9457307,-0.3227601
1356623805696,0.5074084,-0.26142135,-0.82109416,-0.8607304,-0.1990845,-0.4685174,-0.040986687,0.9444703,-0.32603046
1356623805735,0.49774072,-0.24607038,-0.8316872,-0.86602175,-0.1935685,-0.46101803,-0.047545522,0.94972664,-0.30944923
1356623805776,0.4746735,-0.2207292,-0.85203505,-0.87838995,-0.18019556,-0.44267434,-0.055821747,0.9585448,-0.27942038
1356623805814,0.44290143,-0.18864357,-0.8764998,-0.8942238,-0.16362797,-0.4166409,-0.06482321,0.96831787,-0.24116069
1356623805856,0.40715688,-0.15214169,-0.9005977,-0.9103863,-0.1470797,-0.38673547,-0.073621064,0.9773538,-0.19839221
1356623805894,0.37368575,-0.11370167,-0.92056,-0.9239675,-0.13283727,-0.35866165,-0.081504315,0.98459435,-0.15469599
1356623805936,0.34554777,-0.07508525,-0.9353925,-0.93421984,-0.121519476,-0.3353601,-0.088487774,0.9897451,-0.11213696
1356623805975,0.32968283,-0.038977176,-0.94328684,-0.93929124,-0.11417216,-0.32356876,-0.0950852,0.9926961,-0.07425159
1356623806016,0.329414,-0.008034915,-0.9441513,-0.9385773,-0.11161369,-0.32651937,-0.10275671,0.9937191,-0.044308454
1356623806055,0.34760103,0.01593244,-0.93750715,-0.93086636,-0.11412516,-0.34707835,-0.11252293,0.9933387,-0.024839044
1356623806100,0.379309,0.032542735,-0.92469764,-0.9167725,-0.121914685,-0.38034865,-0.12511182,0.9920069,-0.01640904
1356623806136,0.41572106,0.044735014,-0.90839136,-0.8990674,-0.13057739,-0.41788444,-0.1373094,0.9904283,-0.014064029
1356623806175,0.44784963,0.053473115,-0.8925085,-0.8818663,-0.13820416,-0.45078975,-0.14745358,0.98895913,-0.014738515
1356623806216,0.4735941,0.05902031,-0.87876344,-0.8672317,-0.14284804,-0.47697335,-0.15368077,0.9879833,-0.01646772
1356623806255,0.4922527,0.06050694,-0.8683468,-0.85651827,-0.14411092,-0.495589,-0.15512481,0.9877099,-0.01911366
1356623806294,0.5034035,0.05722311,-0.86215454,-0.85061336,-0.14247298,-0.5061209,-0.15179557,0.9881432,-0.023046657
1356623806335,0.5053719,0.049330533,-0.86149037,-0.8507461,-0.13850006,-0.5069998,-0.14432704,0.98913306,-0.028026268
1356623806375,0.49617365,0.03752452,-0.867412,-0.85797435,-0.1318632,-0.49647957,-0.13300991,0.9905574,-0.03323196
1356623806415,0.47294202,0.02272734,-0.88080037,-0.8731147,-0.122139305,-0.47196677,-0.118306875,0.9922527,-0.03792122
1356623806458,0.43945718,0.0040795207,-0.8982543,-0.892807,-0.10807085,-0.43728298,-0.09885898,0.99413484,-0.043850318
1356623806511,0.3962859,-0.020775408,-0.91789204,-0.91491735,-0.09245974,-0.39290884,-0.07670528,0.9954996,-0.055648237
1356623806539,0.3729632,-0.060328633,-0.9258828,-0.9263823,-0.08024335,-0.36793593,-0.05209887,0.994948,-0.08581519
1356623806576,0.3760448,-0.11486009,-0.919455,-0.9261503,-0.07755506,-0.36909476,-0.028914154,0.99034965,-0.13554186
1356623806616,0.4251371,-0.1819174,-0.88665915,-0.9050716,-0.096460775,-0.41417453,-0.010182291,0.97857106,-0.20565736
1356623806657,0.48664677,-0.24074131,-0.83977294,-0.87359554,-0.1314674,-0.46855858,0.00239864,0.9616444,-0.2742887
1356623806697,0.5320637,-0.2783667,-0.79963756,-0.84665716,-0.16494575,-0.5059294,0.008937061,0.94620556,-0.3234428
1356623806738,0.54805684,-0.29386124,-0.78312147,-0.83638453,-0.18165314,-0.5171681,0.009719163,0.9384282,-0.34533724
1356623806776,0.5386573,-0.29232505,-0.7901862,-0.8425058,-0.18057525,-0.5075199,0.0056726933,0.9391158,-0.34355375
1356623806818,0.5057121,-0.2771216,-0.8169816,-0.86269885,-0.16513239,-0.47799796,-0.0024465322,0.9465384,-0.32258195
1356623806855,0.46150905,-0.25134525,-0.8507849,-0.8870305,-0.14549273,-0.4381879,-0.013646573,0.9568998,-0.29009712
1356623806895,0.40986645,-0.21694115,-0.8859718,-0.91169953,-0.1278053,-0.39047387,-0.028521985,0.96778226,-0.2501683
1356623806935,0.36157498,-0.17684418,-0.9154178,-0.9311848,-0.11742237,-0.34511858,-0.046458334,0.9772094,-0.20713162
1356623806976,0.32062203,-0.13377944,-0.9377124,-0.9448867,-0.11442649,-0.30675024,-0.066262305,0.9843828,-0.16309398
1356623807015,0.29502502,-0.09102681,-0.9511437,-0.95167756,-0.116824836,-0.28401023,-0.08526462,0.98897225,-0.121094465
1356623807057,0.28042343,-0.050272733,-0.958559,-0.95442617,-0.120871216,-0.27287513,-0.10214406,0.99139434,-0.081876665
1356623807096,0.2855365,-0.0141812265,-0.9582629,-0.951365,-0.12484881,-0.28163353,-0.11564407,0.9920745,-0.049140424
1356623807135,0.30613035,0.014758199,-0.95187515,-0.9435617,-0.12804914,-0.30544198,-0.12639457,0.991658,-0.025274426
1356623807178,0.3444053,0.035449862,-0.9381515,-0.92897767,-0.13145763,-0.34600484,-0.13559303,0.9906877,-0.012342513
1356623807215,0.39221674,0.049182087,-0.9185571,-0.9086859,-0.1345452,-0.3952057,-0.1430245,0.98968613,-0.008079827
1356623807255,0.43990722,0.056827247,-0.89624345,-0.8859077,-0.13605216,-0.4434606,-0.14713648,0.98907053,-0.009506628
1356623807295,0.4821534,0.059711605,-0.8740496,-0.8638927,-0.13347337,-0.4856689,-0.14566237,0.989252,-0.01277025
1356623807336,0.5175776,0.05726847,-0.8537177,-0.84465337,-0.1251542,-0.5204778,-0.13665327,0.99048316,-0.016405016
1356623807385,0.54712963,0.047278106,-0.83571166,-0.82861924,-0.11073664,-0.548751,-0.118487775,0.99272466,-0.021411762
1356623807428,0.5599036,0.031651944,-0.8279529,-0.8228359,-0.09599239,-0.560113,-0.09720582,0.9948787,-0.027702123
1356623807466,0.5536969,0.013951182,-0.83260155,-0.8291924,-0.082677454,-0.5528151,-0.07654974,0.9964788,-0.034210056
1356623807505,0.5334385,-0.0049449205,-0.84582436,-0.84401554,-0.06873529,-0.5318959,-0.05550778,0.9976227,-0.040839657
1356623807542,0.49273768,-0.025506943,-0.869804,-0.8695288,-0.053035527,-0.49102652,-0.033605903,0.9982668,-0.04831165
1356623807586,0.43812433,-0.0503287,-0.89750445,-0.89885473,-0.03603044,-0.43676308,-0.010355741,0.99808264,-0.06102404
1356623807636,0.39896816,-0.09223834,-0.9123138,-0.916837,-0.02351433,-0.3985688,0.0153108835,0.99545926,-0.09394896
1356623807681,0.36691245,-0.14642096,-0.91866,-0.9294299,-0.016103834,-0.3686473,0.039183795,0.9890913,-0.14199677
1356623807703,0.39052123,-0.22032407,-0.8938403,-0.9187398,-0.03168173,-0.3935906,0.05839908,0.97491217,-0.21479285
1356623807743,0.43462896,-0.29330936,-0.85150874,-0.89791167,-0.06799643,-0.43489206,0.06965831,0.95359635,-0.29291907
1356623807779,0.46130186,-0.34384423,-0.8179069,-0.88427407,-0.10282104,-0.45550764,0.07252562,0.93338037,-0.3514841
1356623807821,0.4575063,-0.36748216,-0.80971897,-0.8866739,-0.11985962,-0.44659036,0.067061424,0.92227465,-0.38067344
1356623807866,0.42536175,-0.36707497,-0.82723844,-0.90339077,-0.11733407,-0.41245362,0.054338157,0.92276144,-0.38152155
1356623807916,0.3560257,-0.3393697,-0.8706744,-0.9338681,-0.095606044,-0.34460092,0.033705384,0.93578184,-0.35096475
1356623807955,0.29531884,-0.2988564,-0.90745336,-0.9553108,-0.07947968,-0.28471795,0.012965679,0.9509826,-0.3089726
1356623807994,0.23750299,-0.25057355,-0.9385123,-0.971359,-0.06858742,-0.22750312,-0.007363856,0.9656649,-0.25968656
1356623808035,0.18751675,-0.19804704,-0.96208876,-0.9818765,-0.065210044,-0.17794988,-0.027495444,0.9780209,-0.20668566
1356623808076,0.14922124,-0.14497447,-0.9781183,-0.98767674,-0.06906974,-0.14044204,-0.04719785,0.9870217,-0.15349457
1356623808116,0.12558687,-0.09519246,-0.98750514,-0.9899254,-0.07763094,-0.1184113,-0.0653891,0.99242723,-0.103982866
1356623808157,0.115659,-0.051430047,-0.9919566,-0.98996514,-0.08759874,-0.110885054,-0.08119127,0.9948274,-0.061045587
1356623808196,0.12154436,-0.016566426,-0.99244785,-0.9881357,-0.096595824,-0.11940384,-0.09388819,0.99518585,-0.028110594
1356623808237,0.1414055,0.0071282685,-0.9899261,-0.98447406,-0.10403648,-0.14137584,-0.10399619,0.9945479,-0.007693708
1356623808276,0.17067447,0.021290064,-0.9850974,-0.97892725,-0.11010274,-0.17198503,-0.11212352,0.99369216,0.0020497143
1356623808315,0.2028467,0.027529627,-0.9788234,-0.9720299,-0.11517203,-0.204678,-0.11836779,0.99296397,0.0033973753
1356623808357,0.23041517,0.029053152,-0.97265863,-0.9654714,-0.11802709,-0.232238,-0.12154737,0.99258524,8.547902E-4
1356623808395,0.24980134,0.027466983,-0.9679074,-0.9608134,-0.11700702,-0.25129083,-0.12015411,0.99275124,-0.0028378665
1356623808435,0.2607793,0.02275291,-0.9651302,-0.95869625,-0.111492544,-0.26166922,-0.11355862,0.9935047,-0.007261783
1356623808476,0.26376233,0.014694482,-0.9644757,-0.95910156,-0.10249373,-0.26385418,-0.102729976,0.9946251,-0.012940437
1356623808515,0.2587409,0.003717631,-0.96593964,-0.96181905,-0.09135586,-0.2579887,-0.08920339,0.99581134,-0.020061791
1356623808550,0.24428591,-0.00862214,-0.96966493,-0.9668398,-0.078956336,-0.24287221,-0.07446703,0.99684083,-0.02762419
1356623808597,0.22229165,-0.021067321,-0.97475255,-0.9732491,-0.064344764,-0.2205581,-0.05807367,0.9977053,-0.034806997
1356623808635,0.1946165,-0.03340769,-0.9803103,-0.98004556,-0.04782337,-0.19293419,-0.040436268,0.998297,-0.042048305
1356623808680,0.17514938,-0.051537365,-0.98319197,-0.9843433,-0.029218733,-0.17382285,-0.019769281,0.99824345,-0.05584812
1356623808716,0.17258158,-0.08225024,-0.98155516,-0.9849931,-0.012323588,-0.17215344,0.0020633936,0.99653554,-0.08314276
1356623808755,0.20190322,-0.13641468,-0.9698589,-0.9791169,-0.0040747523,-0.20325744,0.023775369,0.9906435,-0.13438863
1356623808794,0.2565929,-0.20841986,-0.9437803,-0.9656053,-0.012817711,-0.25969604,0.042028695,0.97795546,-0.20454022
1356623808835,0.315041,-0.27657235,-0.9078859,-0.9475492,-0.03738433,-0.31741583,0.05384773,0.96026564,-0.2738435
1356623808876,0.36047962,-0.32138988,-0.87565005,-0.93096566,-0.06565043,-0.3591558,0.05794227,0.94466853,-0.32286862
1356623808916,0.39090043,-0.33760065,-0.85628426,-0.9188579,-0.088728145,-0.38448358,0.053825438,0.93709826,-0.34489086
1356623808958,0.41085666,-0.32788962,-0.85069686,-0.91074795,-0.10497849,-0.39939663,0.041653097,0.9388652,-0.34175587
1356623808995,0.4305923,-0.30190802,-0.8505538,-0.90218866,-0.117442176,-0.41504577,0.025414765,0.94607556,-0.32294768
1356623809039,0.44835788,-0.2631036,-0.8542551,-0.89383256,-0.12533271,-0.43052882,0.0062075853,0.956592,-0.2913645
1356623809076,0.47233728,-0.22040349,-0.85341656,-0.8813303,-0.13174859,-0.45376116,-0.0124258995,0.9664702,-0.256478
1356623809117,0.49481225,-0.17524034,-0.8511473,-0.8684576,-0.13431813,-0.47722125,-0.030696124,0.9753202,-0.21865103
1356623809155,0.5182325,-0.13085565,-0.8451697,-0.85391235,-0.1342066,-0.5028143,-0.047631264,0.9822756,-0.18128946
1356623809196,0.5375194,-0.08810559,-0.838636,-0.8408673,-0.13073553,-0.5252147,-0.06336522,0.9874946,-0.14435796
1356623809236,0.553385,-0.04924977,-0.8314682,-0.829322,-0.12533708,-0.5445325,-0.07739571,0.99089104,-0.11020358
1356623809275,0.56555474,-0.016289711,-0.8245499,-0.8197798,-0.12027225,-0.55990696,-0.090049684,0.99260736,-0.08137457
1356623809316,0.5748236,0.009252757,-0.818225,-0.81192493,-0.11790575,-0.5717309,-0.10176352,0.99298173,-0.060262457
1356623809355,0.58181846,0.026946992,-0.8128722,-0.8055886,-0.118374884,-0.58052945,-0.11186716,0.9926033,-0.047164515
1356623809395,0.5867925,0.03747058,-0.8088699,-0.801046,-0.119103566,-0.58663416,-0.11832082,0.9921745,-0.039873436
1356623809436,0.5897467,0.04206395,-0.80649203,-0.7987228,-0.11718546,-0.59017754,-0.11933434,0.99221885,-0.0355123
1356623809479,0.59096426,0.041415155,-0.8056339,-0.79860497,-0.11107002,-0.59151804,-0.11397958,0.99294925,-0.03256409
1356623809515,0.5901166,0.0367423,-0.80648154,-0.80055594,-0.102392584,-0.5904457,-0.10427201,0.99406534,-0.031009331
1356623809553,0.5887953,0.02783826,-0.8078026,-0.80323267,-0.0913856,-0.5886136,-0.09020752,0.9954264,-0.0314468
1356623809596,0.5864151,0.01611796,-0.80985034,-0.80664766,-0.07939166,-0.5856761,-0.07373533,0.99671316,-0.033554927
1356623809638,0.58401877,0.0016434491,-0.8117385,-0.8099412,-0.065359995,-0.5828579,-0.054013163,0.9978604,-0.036840335
1356623809690,0.5807207,-0.014036924,-0.81398183,-0.81344056,-0.050328076,-0.5794667,-0.032832205,0.9986341,-0.04064475
1356623809712,0.5799345,-0.034767807,-0.81392086,-0.8146217,-0.034827873,-0.5789461,-0.008218378,0.99878836,-0.04852052
1356623809752,0.5851726,-0.067435056,-0.8081,-0.81065154,-0.023547426,-0.58505523,0.020424575,0.9974458,-0.06844565
1356623809795,0.60174954,-0.11868343,-0.7898176,-0.7969248,-0.023608506,-0.60361695,0.05299291,0.99265146,-0.10878818
1356623809835,0.6299726,-0.18528008,-0.75419223,-0.77177036,-0.04102698,-0.63457656,0.08663222,0.98182905,-0.16883956
1356623809876,0.6622273,-0.25114524,-0.7059611,-0.7403604,-0.07418582,-0.66810393,0.11541882,0.9651023,-0.23506586
1356623809915,0.68884915,-0.29835057,-0.6606616,-0.712518,-0.11090708,-0.69283307,0.13343507,0.9479908,-0.2889784
1356623809957,0.7052703,-0.32011527,-0.6325505,-0.6953375,-0.13841254,-0.7052289,0.13820162,0.93721306,-0.32020634
1356623809999,0.70963967,-0.31674886,-0.6293502,-0.6927335,-0.15066442,-0.7052804,0.12857607,0.93646693,-0.32633996
1356623810036,0.7060461,-0.29892856,-0.6419818,-0.69940263,-0.15217191,-0.69834065,0.11106235,0.9420644,-0.3165118
1356623810078,0.69215274,-0.26675603,-0.67064583,-0.7167038,-0.1443308,-0.68227875,0.085207075,0.9528955,-0.291084
1356623810114,0.67389125,-0.22983256,-0.7021735,-0.73658776,-0.1349988,-0.6627321,0.05752486,0.96382177,-0.26026636
1356623810154,0.6501019,-0.18827611,-0.7361518,-0.7593279,-0.1251688,-0.638556,0.028081566,0.97410715,-0.22433577
1356623810196,0.62254107,-0.1442565,-0.7691766,-0.7825862,-0.116294816,-0.61158353,-0.0012263358,0.9826829,-0.18529145
1356623810234,0.59262425,-0.10000965,-0.7992462,-0.80496323,-0.109037876,-0.5832194,-0.028820544,0.98899376,-0.14512257
1356623810273,0.562902,-0.058757395,-0.82443255,-0.8248012,-0.10429719,-0.5557204,-0.053333282,0.992809,-0.10717228
1356623810316,0.5367532,-0.024137735,-0.843394,-0.8404807,-0.10306293,-0.5319495,-0.07408261,0.9943819,-0.075606644
1356623810356,0.5171412,9.148121E-4,-0.85589963,-0.8510473,-0.1057879,-0.5143224,-0.091014326,0.99438834,-0.053928748
1356623810396,0.50396,0.01638496,-0.8635715,-0.8574644,-0.11069065,-0.50249624,-0.10382268,0.9937198,-0.041734144
1356623810439,0.49606407,0.023567468,-0.86796606,-0.8610599,-0.11534488,-0.4952489,-0.1117872,0.9930459,-0.03692545
1356623810476,0.48903057,0.026024789,-0.87187827,-0.86471,-0.11682162,-0.48849696,-0.11456725,0.99281186,-0.034625456
1356623810515,0.48284695,0.024778575,-0.8753542,-0.8687341,-0.11231914,-0.48237473,-0.11027157,0.9933632,-0.032706976
1356623810553,0.47587183,0.020406991,-0.8792778,-0.8738339,-0.10247204,-0.47530383,-0.099800915,0.99452657,-0.03093122
1356623810596,0.46912703,0.012706339,-0.88303924,-0.8791791,-0.08776376,-0.46833912,-0.08344975,0.99606025,-0.030001208
1356623810637,0.46198583,0.002113223,-0.8868848,-0.88466436,-0.06965953,-0.4609952,-0.062754184,0.9975686,-0.030312225
1356623810675,0.45330316,-0.009786129,-0.8913027,-0.8904721,-0.049501717,-0.45233727,-0.0396944,0.9987261,-0.03115356
1356623810716,0.4431052,-0.022369087,-0.89619046,-0.8963515,-0.027279645,-0.44250393,-0.014549375,0.9993775,-0.032138318
1356623810756,0.43268558,-0.03767675,-0.9007573,-0.9014576,-0.004176289,-0.43284735,0.01254648,0.9992813,-0.035771042
1356623810796,0.4286269,-0.06342831,-0.9012523,-0.9025055,0.016295731,-0.4303698,0.0419842,0.99785334,-0.05025962
1356623810835,0.43946016,-0.10787982,-0.89176047,-0.8953138,0.02776295,-0.44456983,0.072718024,0.9937762,-0.084385574
1356623810876,0.4751984,-0.17760229,-0.8617679,-0.87379444,0.019725189,-0.48589525,0.10329467,0.9839046,-0.14581454
1356623810916,0.52418226,-0.25357157,-0.81297874,-0.8418867,-0.010479748,-0.53955257,0.12829539,0.9672599,-0.21897185
1356623810955,0.57051635,-0.31437021,-0.7587373,-0.80900365,-0.055938877,-0.58513576,0.14150634,0.94765085,-0.28624073
1356623810995,0.602335,-0.34624895,-0.71923864,-0.7856029,-0.0974206,-0.6110133,0.14149404,0.93307066,-0.33069405
1356623811035,0.61565536,-0.34952578,-0.70625794,-0.77761316,-0.12432462,-0.6163287,0.12761751,0.92864156,-0.34833696
1356623811076,0.6144575,-0.33163694,-0.7158624,-0.7820499,-0.13628805,-0.6081312,0.10411528,0.9335108,-0.34309983
1356623811115,0.6027988,-0.29999048,-0.7393507,-0.79425734,-0.13724497,-0.5918777,0.07608554,0.94401777,-0.32100073
1356623811156,0.58442837,-0.2601275,-0.7686203,-0.81007075,-0.13192506,-0.57129776,0.047209978,0.9565195,-0.28782246
1356623811195,0.563094,-0.21641985,-0.79755104,-0.8261535,-0.12419501,-0.54958713,0.019889742,0.96836877,-0.24872947
1356623811235,0.5407276,-0.17156577,-0.82351613,-0.84118426,-0.11582595,-0.5281983,-0.004763812,0.9783402,-0.2069487
1356623811275,0.5178752,-0.12701231,-0.8459746,-0.85504293,-0.107586265,-0.5072738,-0.02658528,0.9860492,-0.16431722
1356623811317,0.49637514,-0.08485401,-0.8639511,-0.86692506,-0.10039215,-0.4882237,-0.045306176,0.991323,-0.12339425
1356623811355,0.4809924,-0.04907602,-0.8753501,-0.87464654,-0.09556535,-0.47524804,-0.060329854,0.9942127,-0.0888904
1356623811396,0.47331172,-0.022090852,-0.880618,-0.87794864,-0.09352499,-0.46953085,-0.07198748,0.9953718,-0.0636611
1356623811435,0.47476137,-0.004388422,-0.88010365,-0.87641084,-0.09400159,-0.4723006,-0.080658495,0.9955624,-0.048474386
1356623811481,0.48385543,0.0045398474,-0.87513614,-0.8709175,-0.09570736,-0.48201942,-0.08594531,0.9953991,-0.042354673
1356623811530,0.4935056,0.008916914,-0.86969686,-0.865285,-0.096075594,-0.49198717,-0.08794364,0.9953341,-0.03969817
1356623811555,0.50072217,0.010071099,-0.8655495,-0.86137295,-0.09299615,-0.4993881,-0.085522115,0.9956156,-0.0378903
1356623811593,0.5023015,0.008155644,-0.86465406,-0.8611339,-0.08590984,-0.5010668,-0.07836881,0.9962696,-0.036129564
1356623811634,0.496806,0.002653867,-0.8678575,-0.86528873,-0.07542923,-0.4955662,-0.06677699,0.9971476,-0.03517732
1356623811673,0.48243722,-0.0065725744,-0.8759059,-0.87444043,-0.0619165,-0.4811655,-0.05107051,0.99805963,-0.03561817
1356623811714,0.45411646,-0.018069625,-0.89075905,-0.8903505,-0.045637906,-0.45298234,-0.032467186,0.99879456,-0.0368132
1356623811756,0.4104427,-0.03055337,-0.9113744,-0.91182804,-0.02505833,-0.40980694,-0.010316551,0.99921894,-0.03814441
1356623811796,0.3456533,-0.043257713,-0.9373647,-0.9382586,-0.001080811,-0.34593308,0.013951182,0.9990634,-0.04096049
1356623811837,0.2770597,-0.0625197,-0.9588165,-0.9599335,0.025626868,-0.27905348,0.042017728,0.99771464,-0.05291453
1356623811876,0.21171221,-0.094471306,-0.9727554,-0.97467065,0.052993506,-0.21727562,0.07207602,0.99411607,-0.080859035
1356623811933,0.19104022,-0.15412176,-0.969407,-0.97601426,0.075215936,-0.20430055,0.104402006,0.9851848,-0.13605577
1356623811952,0.19767946,-0.22986388,-0.9529351,-0.971058,0.087016165,-0.22242862,0.13404903,0.9693249,-0.20600986
1356623811992,0.21090007,-0.30201125,-0.92968285,-0.965127,0.08655566,-0.24705857,0.15508375,0.94936675,-0.27322465
1356623812029,0.19702247,-0.3486245,-0.91632044,-0.96673226,0.08643153,-0.24074557,0.16312882,0.9332688,-0.31999755
1356623812060,0.15862793,-0.36989665,-0.9154309,-0.97402453,0.09312183,-0.2064088,0.16159657,0.9243943,-0.34551668
1356623812100,0.09013325,-0.36177582,-0.9278978,-0.9848282,0.10634744,-0.1371269,0.14828876,0.9261795,-0.34670156
1356623812146,0.006593108,-0.32990515,-0.94399107,-0.99206364,0.116378665,-0.047600806,0.12556422,0.936813,-0.3265196
1356623812198,-0.08139458,-0.27774626,-0.95720005,-0.99220675,0.11348823,0.051440984,0.094343394,0.9539274,-0.28481907
1356623812236,-0.13158926,-0.23137513,-0.9639243,-0.989135,0.09494117,0.112241656,0.065546185,0.96822095,-0.24135447
1356623812277,-0.16669905,-0.18651047,-0.96820724,-0.98525,0.07000011,0.15614891,0.038651228,0.97995603,-0.19542843
1356623812316,-0.18354845,-0.14541486,-0.97219574,-0.98290193,0.041861534,0.17930835,0.014623493,0.9884848,-0.15061212
1356623812357,-0.1924249,-0.105688155,-0.97560376,-0.9812899,0.014098227,0.19201913,-0.006539881,0.9942994,-0.10642356
1356623812396,-0.19050747,-0.07013962,-0.9791769,-0.9814004,-0.010441422,0.191688,-0.023668885,0.9974826,-0.06684595
1356623812434,-0.18238473,-0.04044375,-0.9823951,-0.9825411,-0.02982378,0.18363962,-0.03672582,0.9987366,-0.0342983
1356623812477,-0.16540807,-0.01945895,-0.9860332,-0.9851331,-0.04377848,0.16612107,-0.046399593,0.9988517,-0.01192832
1356623812536,-0.14082628,-0.007538259,-0.9900056,-0.9885842,-0.0530321,0.14102793,-0.053565174,0.99856436,1.6093254E-5
1356623812556,-0.1129089,-0.0026964247,-0.9936017,-0.99185467,-0.05903077,0.112870544,-0.05895734,0.9982525,0.0039905906
1356623812595,-0.08785522,-0.0013064742,-0.9961324,-0.9941289,-0.06328952,0.08776152,-0.06315938,0.9979943,0.0042614937
1356623812651,-0.0698297,-0.0012454987,-0.9975582,-0.9953577,-0.06630826,0.069758475,-0.06623322,0.9977984,0.0033905506
1356623812675,-0.061662912,-0.0015742779,-0.99809575,-0.9958218,-0.067385495,0.06162873,-0.06735423,0.9977257,0.002587527
1356623812718,-0.06120783,-0.0022664368,-0.99812245,-0.9960301,-0.06461805,0.06122625,-0.064635485,0.9979075,0.0016976595
1356623812755,-0.06893253,-0.003334552,-0.9976157,-0.9959245,-0.05807054,0.06900975,-0.058162183,0.9983069,6.8199635E-4
1356623812798,-0.080994666,-0.004006624,-0.99670655,-0.9956653,-0.045547426,0.0810931,-0.045722306,0.9989542,-3.00169E-4
1356623812836,-0.096007705,-0.0043033063,-0.99537134,-0.99494064,-0.02931267,0.09609288,-0.029590517,0.999561,-0.0014672875
1356623812875,-0.106059015,-0.007454157,-0.99433184,-0.9943224,-0.007872939,0.10611704,-0.0086193085,0.99994123,-0.006576836
1356623812917,-0.09997672,-0.023071975,-0.99472225,-0.994853,0.018890023,0.09955171,0.01649347,0.99955535,-0.024841845
1356623812955,-0.06641033,-0.062662005,-0.99582285,-0.99681985,0.048220664,0.06344259,0.04404384,0.9968692,-0.065665066
