1356623971559,-0.19086623,-0.04503897,0.98058224,0.9404732,0.27778655,0.19581819,-0.281212,0.9595864,-0.010662138
1356623971581,-0.20790544,-0.05005142,0.9768675,0.9368527,0.27693203,0.21357825,-0.28121585,0.9595851,-0.010684907
1356623971606,-0.20780802,-0.049862146,0.97689795,0.9368659,0.27700102,0.21343079,-0.28124383,0.95957506,-0.01084888
1356623971650,-0.20736846,-0.04928559,0.9770205,0.93693936,0.27720323,0.21284491,-0.2813234,0.9595464,-0.011305571
1356623971690,-0.20605734,-0.047998875,0.97736204,0.93718195,0.27762565,0.21122053,-0.28147912,0.9594896,-0.0122231245
1356623971728,-0.2029838,-0.04564333,0.9781177,0.93778586,0.27831525,0.20760134,-0.2817007,0.9594047,-0.013689876
1356623971769,-0.19742656,-0.041747004,0.9794284,0.9388857,0.27933508,0.20116052,-0.28198656,0.95928574,-0.015952528
1356623971816,-0.18858466,-0.035919815,0.9813998,0.94059813,0.28069082,0.19101772,-0.28233126,0.95912576,-0.019147873
1356623971846,-0.17640066,-0.028624117,0.9839022,0.94285184,0.28215796,0.17724952,-0.28268945,0.95894086,-0.022784531
1356623971891,-0.16231233,-0.020778537,0.98652065,0.945277,0.2834959,0.16149762,-0.28303027,0.95874834,-0.026373446
1356623971929,-0.14687172,-0.013438761,0.9890642,0.9477134,0.284484,0.1445967,-0.28331614,0.9585866,-0.029046535
1356623971968,-0.13210598,-0.007848501,0.99120456,0.94980884,0.28506473,0.12884599,-0.2835688,0.9584761,-0.030204237
1356623972010,-0.1187135,-0.0042638183,0.9929193,0.951498,0.28535873,0.1149866,-0.2838285,0.9584113,-0.029818952
1356623972051,-0.10803291,-0.0032426715,0.99414206,0.95266724,0.28550634,0.10445708,-0.28417256,0.95837134,-0.027754843
1356623972090,-0.100174636,-0.004178375,0.994961,0.95338225,0.28568646,0.097188175,-0.28465295,0.958314,-0.024634898
1356623972129,-0.09517923,-0.0066939294,0.9954376,0.9536741,0.28607062,0.09310973,-0.2853887,0.9581852,-0.020844162
1356623972171,-0.09266877,-0.010079861,0.995646,0.95360225,0.28677762,0.09165892,-0.2864529,0.95794415,-0.016963124
1356623972211,-0.09218064,-0.013846725,0.9956461,0.9532262,0.28783455,0.09225619,-0.28785884,0.9575801,-0.013333738
1356623972249,-0.0933328,-0.017760187,0.9954766,0.9526119,0.28914598,0.09447256,-0.28951588,0.9571203,-0.010068238
1356623972290,-0.09573209,-0.021612585,0.9951725,0.9518241,0.29060572,0.0978733,-0.29131815,0.95659876,-0.007248938
1356623972328,-0.09903604,-0.025030106,0.994769,0.95092964,0.2921037,0.10202134,-0.2931293,0.9560591,-0.005126953
1356623972367,-0.10291988,-0.027656227,0.99430513,0.9499892,0.29356217,0.10649809,-0.29483572,0.9555398,-0.0039402843
1356623972397,-0.10731298,-0.02971682,0.9937811,0.9490483,0.2948221,0.1112985,-0.29629603,0.95509,-0.0034355521
1356623972428,-0.111415476,-0.031020582,0.9932897,0.94818586,0.29594025,0.11559853,-0.29754034,0.9547026,-0.003559053
1356623972468,-0.11503214,-0.031179667,0.99287236,0.94740987,0.29703772,0.11909294,-0.29863384,0.95435655,-0.0046289563
1356623972508,-0.11846915,-0.030290961,0.99249566,0.946699,0.2980815,0.122100085,-0.29954314,0.9540597,-0.0066370964
1356623972548,-0.12084195,-0.027528107,0.99229,0.9461695,0.29917356,0.12352502,-0.30026737,0.9538015,-0.010106504
1356623972602,-0.1213561,-0.0217143,0.99237156,0.9459249,0.30046776,0.122250766,-0.30083027,0.95354474,-0.0159235
1356623972628,-0.1198692,-0.012118489,0.9927157,0.946007,0.30193827,0.117915064,-0.30116785,0.9532504,-0.024728954
1356623972669,-0.11700839,0.0015262067,0.99312973,0.94640887,0.3032834,0.11103779,-0.30103028,0.95289916,-0.036931157
1356623972711,-0.11413109,0.019056082,0.9932829,0.94705933,0.30409306,0.10298583,-0.30008793,0.9524517,-0.052753747
1356623972750,-0.11292046,0.040186405,0.99279106,0.94780815,0.30420613,0.09549034,-0.2981757,0.95175827,-0.07244009
1356623972790,-0.1150718,0.06446132,0.99126345,0.9484247,0.30385765,0.090339154,-0.29537958,0.9505342,-0.09610212
1356623972832,-0.12176469,0.091564804,0.9883265,0.9487138,0.30341628,0.088773936,-0.29174584,0.9484484,-0.123814166
1356623972870,-0.13441435,0.12009978,0.98362035,0.9484006,0.30325982,0.092573434,-0.28717452,0.9453093,-0.15466523
1356623972913,-0.15323272,0.14914456,0.9768703,0.947261,0.30372408,0.10221681,-0.28145397,0.94101405,-0.1878193
1356623972951,-0.17904043,0.17640871,0.96789694,0.9446474,0.30573934,0.11901581,-0.27492872,0.93562996,-0.22138375
1356623972994,-0.20888978,0.20349473,0.9565328,0.94053656,0.3097245,0.13950503,-0.2678731,0.9287952,-0.25609255
1356623973030,-0.24511209,0.22650325,0.9426645,0.93360054,0.31727043,0.16652164,-0.26136187,0.92088854,-0.2892304
1356623973074,-0.2804845,0.2496607,0.92682135,0.92520523,0.32742935,0.19179478,-0.25558493,0.91129553,-0.32282627
1356623973112,-0.31822687,0.26931098,0.90895724,0.914274,0.34070486,0.21914235,-0.25066876,0.9007729,-0.3546455
1356623973150,-0.3525207,0.28847575,0.89023083,0.9027506,0.35543048,0.24230254,-0.24651676,0.889073,-0.38571823
1356623973191,-0.38401604,0.30663067,0.8709245,0.8907376,0.3714161,0.26198596,-0.2431424,0.8763719,-0.41575718
1356623973230,-0.41166887,0.3239442,0.8518151,0.87899995,0.38790616,0.2772866,-0.24059895,0.86289567,-0.4444359
1356623973269,-0.43483162,0.34042272,0.8336869,0.86828566,0.4039501,0.28793103,-0.23874968,0.8490799,-0.47123444
1356623973310,-0.4235031,0.37016147,0.8268165,0.8743343,0.405836,0.26615155,-0.23703283,0.83563006,-0.49551767
1356623973352,-0.45461473,0.376294,0.8072969,0.85926676,0.42390874,0.28629,-0.23449099,0.8238351,-0.5160521
1356623973390,-0.47469196,0.38192302,0.79297054,0.8493847,0.43491188,0.2989937,-0.23067972,0.815467,-0.53084874
1356623973433,-0.48739848,0.38340873,0.7845001,0.8433147,0.43965796,0.30906507,-0.22641349,0.8122183,-0.5376228
1356623973470,-0.49505383,0.3790958,0.781798,0.83949184,0.44066983,0.31790507,-0.22399831,0.81369317,-0.53640306
1356623973514,-0.5026932,0.36239576,0.7848368,0.8344238,0.44067296,0.33097473,-0.22591251,0.82126534,-0.52391493
1356623973550,-0.5100032,0.33606565,0.791806,0.8283045,0.44011447,0.34671456,-0.2319664,0.83268195,-0.5028244
1356623973611,-0.5204472,0.2942371,0.80159795,0.8183317,0.43996412,0.3698172,-0.2438604,0.8484433,-0.4697616
1356623973630,-0.5321237,0.24255776,0.8111782,0.80582774,0.4390595,0.39732662,-0.25978085,0.8650968,-0.42909372
1356623973670,-0.5447647,0.1813708,0.8187405,0.7906017,0.4366144,0.42932135,-0.2796075,0.88117677,-0.38124412
1356623973710,-0.5563422,0.11532089,0.8229122,0.7742988,0.43135476,0.46302742,-0.30157033,0.89478165,-0.32927364
1356623973750,-0.5651609,0.0490776,0.8235197,0.75881815,0.42261487,0.4955721,-0.3237102,0.9049796,-0.2760864
1356623973791,-0.5701486,-0.013399005,0.82143235,0.7458888,0.41065887,0.5244131,-0.3443551,0.9116906,-0.22414243
1356623973830,-0.5708178,-0.068633586,0.8182032,0.73682,0.39689076,0.5473335,-0.36230278,0.9152962,-0.17598176
1356623973870,-0.5674872,-0.11527872,0.8152725,0.7319036,0.38296676,0.5636077,-0.37719423,0.916541,-0.13295585
1356623973910,-0.56036747,-0.15232179,0.8141169,0.73132336,0.3704059,0.57268274,-0.38878578,0.9162955,-0.09616697
1356623973954,-0.5499347,-0.17980978,0.81562257,0.73478067,0.36011517,0.5748168,-0.39707577,0.9154154,-0.0659191
1356623973992,-0.5358205,-0.19775501,0.8208468,0.7422055,0.35316145,0.56956834,-0.40252638,0.9144233,-0.04245627
1356623974033,-0.51986456,-0.20802319,0.8285331,0.7519507,0.34879428,0.55938596,-0.4053529,0.91382104,-0.024902642
1356623974071,-0.5003796,-0.21164873,0.8395385,0.76448905,0.34716475,0.5431695,-0.40641934,0.913609,-0.011910975
1356623974109,-0.47965568,-0.21070275,0.85178334,0.7776276,0.34761822,0.5238863,-0.40647966,0.9136553,-0.002888739
1356623974149,-0.4567685,-0.20591697,0.86542517,0.79076827,0.3516407,0.5010333,-0.40748996,0.91320693,0.0022141933
1356623974189,-0.4321804,-0.19845179,0.87968004,0.80247605,0.36039066,0.4755531,-0.41140282,0.91144687,0.003499031
1356623974229,-0.40621758,-0.1887717,0.89406526,0.812449,0.37320548,0.44793344,-0.4182272,0.9083408,0.0017647147
1356623974270,-0.3789499,-0.17642212,0.90844506,0.82205063,0.3866618,0.41800183,-0.42500573,0.90518945,-0.0014975667
1356623974309,-0.35153565,-0.16109955,0.9222091,0.83214957,0.39752862,0.3866498,-0.42889363,0.90333706,-0.005686581
1356623974349,-0.32512864,-0.14350751,0.93471766,0.84288955,0.4041575,0.35523793,-0.42875245,0.9033617,-0.010442197
1356623974390,-0.30235884,-0.12546703,0.9449005,0.85312235,0.40653613,0.32697195,-0.42516038,0.9049787,-0.015881062
1356623974429,-0.28666317,-0.10968301,0.95173204,0.8609147,0.40633243,0.30613688,-0.42029762,0.9071183,-0.022052824
1356623974471,-0.27979586,-0.09585929,0.9552619,0.86588246,0.4045796,0.2942157,-0.4146828,0.90946484,-0.030196846
1356623974510,-0.28569588,-0.08647376,0.9544109,0.8667814,0.40145925,0.2958386,-0.40873936,0.9117855,-0.039741397
1356623974550,-0.3006314,-0.07779807,0.9505621,0.86519897,0.3971287,0.30613655,-0.40131235,0.9144595,-0.052078605
1356623974607,-0.32556188,-0.068197906,0.94305813,0.86063033,0.39167637,0.3254306,-0.39156726,0.91757214,-0.06882173
1356623974630,-0.35792357,-0.052996755,0.9322456,0.85322726,0.3870294,0.34958756,-0.37933347,0.9205431,-0.09330863
1356623974672,-0.39493275,-0.024593413,0.9183808,0.8429556,0.3877946,0.3728823,-0.3653136,0.92141765,-0.13242161
1356623974710,-0.43631506,0.015206993,0.8996655,0.8279859,0.39819002,0.39482167,-0.35223377,0.91717696,-0.18632746
1356623974749,-0.4772056,0.06735301,0.87620676,0.8090765,0.42286828,0.4081393,-0.34303066,0.9036847,-0.2562889
1356623974789,-0.5179372,0.1162647,0.84748065,0.78523356,0.4576294,0.4171133,-0.33933648,0.8815088,-0.32831818
1356623974829,-0.5565299,0.14735478,0.8176558,0.7575169,0.4942039,0.42653337,-0.34123692,0.8567667,-0.38666296
1356623974869,-0.5922027,0.15162691,0.7913945,0.7271081,0.5238481,0.44373065,-0.34728897,0.8382079,-0.42047346
1356623974911,-0.62332916,0.12855351,0.7713201,0.69552284,0.54193956,0.4717515,-0.35736358,0.83052725,-0.42721862
1356623974951,-0.6483549,0.08608329,0.7564559,0.6653466,0.5470232,0.5080153,-0.37006724,0.8326796,-0.41194034
1356623974992,-0.6660979,0.028795242,0.74530834,0.6390064,0.53740776,0.55033064,-0.3846876,0.8428308,-0.3763665
1356623975030,-0.67626286,-0.02992779,0.73605216,0.61941195,0.5177388,0.59014857,-0.39874458,0.85501504,-0.33158988
1356623975070,-0.67978597,-0.088905305,0.72800195,0.60667276,0.4896079,0.62628454,-0.41211554,0.86739844,-0.27889216
1356623975128,-0.67721283,-0.14343786,0.72167057,0.6015378,0.4568875,0.65529084,-0.42371577,0.87788343,-0.22312677
1356623975146,-0.66962975,-0.19148184,0.71758664,0.6033084,0.42324817,0.67592895,-0.43314537,0.88554823,-0.16789693
1356623975187,-0.65778875,-0.23245963,0.71643317,0.6108439,0.39184952,0.68798524,-0.44066277,0.8901778,-0.115757704
1356623975224,-0.64222676,-0.26531547,0.7191332,0.6231365,0.3656252,0.6913893,-0.44636947,0.8921468,-0.0694865
1356623975265,-0.623586,-0.2891531,0.72631323,0.638998,0.34669906,0.686645,-0.45035768,0.89229494,-0.031428456
1356623975307,-0.6017709,-0.3028916,0.73900515,0.65753716,0.33732492,0.673689,-0.45333964,0.89132965,-0.0038298965
1356623975347,-0.5761404,-0.30634677,0.757769,0.6779383,0.33877695,0.6524031,-0.45657623,0.88959646,0.012501121
1356623975388,-0.5466467,-0.29980433,0.7818534,0.6991486,0.35044456,0.6232013,-0.46083468,0.8873027,0.018038392
1356623975427,-0.51121926,-0.283679,0.8112836,0.72310185,0.36822528,0.58440894,-0.46451965,0.8854018,0.016884983
1356623975468,-0.47133136,-0.25875238,0.8431453,0.7491541,0.38703066,0.5375644,-0.4654191,0.8850167,0.011425674
1356623975506,-0.42671537,-0.22614425,0.8756556,0.7773648,0.40310186,0.4829212,-0.46218818,0.8867737,0.003786862
1356623975546,-0.37951058,-0.18904519,0.9056675,0.8054942,0.41404867,0.42396083,-0.45513815,0.89040756,-0.004861057
1356623975602,-0.33317417,-0.15064561,0.9307529,0.8310541,0.4193579,0.3653603,-0.4453585,0.8952346,-0.014524639
1356623975629,-0.29158232,-0.11369613,0.94976467,0.85241616,0.4196271,0.31192932,-0.43401212,0.90054774,-0.025439382
1356623975670,-0.25837597,-0.08048752,0.9626856,0.8692355,0.41543993,0.2680286,-0.42151102,0.9060526,-0.03737706
1356623975709,-0.23624927,-0.052622408,0.9702665,0.88195133,0.40751112,0.23684692,-0.40785784,0.91168284,-0.049863756
1356623975749,-0.22608364,-0.029137164,0.97367203,0.89129186,0.39712495,0.21883914,-0.39304578,0.9173019,-0.063813746
1356623975788,-0.22627464,-0.004501581,0.97405314,0.8978581,0.38678005,0.21036187,-0.37769127,0.9221611,-0.08347672
1356623975829,-0.23290858,0.030592471,0.9720173,0.9019412,0.380564,0.20413986,-0.36366963,0.92424846,-0.11622918
1356623975868,-0.23939922,0.08665404,0.9670466,0.9044082,0.38220504,0.18964446,-0.35317662,0.9200057,-0.1698702
1356623975909,-0.24037161,0.16391063,0.95674175,0.9064939,0.39037195,0.16086814,-0.34711713,0.90594864,-0.24241835
1356623975949,-0.23345414,0.24845338,0.9400904,0.9092103,0.3985298,0.12045953,-0.3447255,0.88286173,-0.31893486
1356623975989,-0.22167794,0.31744385,0.9220023,0.91222227,0.4015972,0.08105731,-0.34454238,0.85903966,-0.37860453
1356623976029,-0.20992719,0.35670492,0.9103253,0.91407704,0.40202796,0.053260386,-0.34697804,0.8432883,-0.41045237
1356623976069,-0.19896026,0.36741716,0.908526,0.9145625,0.40270954,0.03742242,-0.3521225,0.8383494,-0.41614914
1356623976108,-0.19085379,0.35205448,0.9163146,0.9133508,0.40572166,0.034355372,-0.3596737,0.84347355,-0.3989827
1356623976148,-0.1827837,0.31786314,0.9303511,0.9115274,0.40936467,0.03922218,-0.3683856,0.85520965,-0.36456615
1356623976188,-0.17168617,0.27288654,0.94660276,0.9098493,0.41236526,0.04614353,-0.37775415,0.869188,-0.31908303
1356623976228,-0.15642403,0.22212869,0.9623878,0.9081755,0.41537958,0.05173877,-0.38826358,0.88211024,-0.26670724
1356623976268,-0.13501179,0.17106229,0.975966,0.9065562,0.41887075,0.051992327,-0.3999097,0.8917875,-0.21163005
1356623976308,-0.106451094,0.12441835,0.986503,0.90503,0.4230337,0.04430628,-0.41181156,0.89753133,-0.1576348
1356623976348,-0.069924295,0.08638987,0.99380445,0.9036058,0.4275499,0.026411623,-0.42261934,0.8998543,-0.107958555
1356623976389,-0.024186432,0.061094582,0.99783885,0.9019039,0.4319123,-0.0045835376,-0.43125892,0.899844,-0.06554788
1356623976430,0.03105241,0.051499873,0.99819016,0.89856064,0.43594062,-0.050444663,-0.43774953,0.89850074,-0.032738745
1356623976469,0.098134115,0.060934663,0.9933059,0.891248,0.43870306,-0.11496365,-0.44277164,0.89656377,-0.011256158
1356623976510,0.17228527,0.08849445,0.98106396,0.87775576,0.4382193,-0.19367173,-0.44706008,0.8945013,-0.002177775
1356623976549,0.2520212,0.12865162,0.95913196,0.85658437,0.4315083,-0.2829555,-0.45027605,0.8928882,-0.0014517307
1356623976607,0.3262899,0.17159396,0.9295646,0.83040243,0.41780394,-0.3686076,-0.45162654,0.8921857,-0.0061668754
1356623976628,0.39100173,0.21023795,0.89605665,0.80249536,0.3988504,-0.44375598,-0.45068693,0.89259076,-0.012763798
1356623976670,0.44116348,0.23957607,0.86485726,0.7778379,0.37857658,-0.50164527,-0.44759685,0.89402634,-0.019337177
1356623976708,0.47418153,0.2582622,0.84169626,0.76104045,0.3604536,-0.5393429,-0.4426843,0.8963113,-0.025627524
1356623976749,0.48846123,0.26684165,0.8307835,0.7557734,0.34649512,-0.55565065,-0.43613318,0.8992979,-0.032422423
1356623976788,0.482346,0.26587123,0.83465856,0.7643551,0.33770204,-0.54928917,-0.4279061,0.9029229,-0.040330857
1356623976832,0.45346165,0.2553822,0.85390425,0.78743696,0.33400536,-0.51805747,-0.41751122,0.9073149,-0.04963875
1356623976868,0.3981768,0.23582125,0.8864782,0.8229642,0.33504307,-0.4587767,-0.40519765,0.91221404,-0.060666084
1356623976908,0.32377118,0.21547839,0.92127156,0.86165905,0.3350286,-0.3811817,-0.39078876,0.91723764,-0.07719636
1356623976948,0.23598559,0.20565286,0.94974613,0.8960986,0.33203346,-0.29455233,-0.37592304,0.9205762,-0.10593009
1356623976988,0.15073738,0.22128224,0.9634897,0.9194534,0.3266522,-0.21886933,-0.36315793,0.9188757,-0.15422004
1356623977028,0.08057377,0.2668803,0.9603555,0.9315671,0.32253566,-0.1677903,-0.35452887,0.9081551,-0.22262901
1356623977068,0.027133718,0.32862598,0.9440703,0.93606967,0.3230396,-0.1393522,-0.35076684,0.8874967,-0.29885155
1356623977108,-0.01729387,0.38196537,0.9240148,0.9360347,0.331057,-0.119332105,-0.3514823,0.86284626,-0.36325812
1356623977148,-0.061565593,0.40866074,0.9106076,0.9323666,0.3491699,-0.0936631,-0.35623315,0.8432537,-0.4025185
1356623977188,-0.11014727,0.40329427,0.908417,0.92450625,0.3771297,-0.05532968,-0.36490515,0.83374274,-0.41438788
1356623977228,-0.16235338,0.3691832,0.91506565,0.91201854,0.41013277,-0.0036553144,-0.37664792,0.83396333,-0.40328836
1356623977269,-0.21503735,0.31248218,0.9252641,0.895523,0.44106418,0.05916825,-0.3896118,0.8413187,-0.37468022
1356623977309,-0.26385617,0.24091437,0.9339916,0.8767961,0.46347195,0.12814999,-0.40200573,0.8527333,-0.33352274
1356623977349,-0.30285576,0.16669086,0.9383457,0.8591802,0.47382388,0.19313306,-0.41241708,0.8646994,-0.28671777
1356623977388,-0.33097833,0.09544653,0.9387988,0.8446694,0.47350562,0.24965182,-0.42069805,0.87560403,-0.23734087
1356623977429,-0.34681544,0.03245437,0.9373717,0.8348134,0.4662589,0.292727,-0.42755765,0.88405275,-0.18879914
1356623977470,-0.3516968,-0.021648258,0.9358636,0.8293444,0.45646292,0.3222258,-0.43416265,0.88947904,-0.14258265
1356623977509,-0.34449807,-0.0633975,0.93664396,0.8289852,0.4476857,0.3352031,-0.4405732,0.8919408,-0.10167134
1356623977550,-0.3279434,-0.09337625,0.9400712,0.8319392,0.4429182,0.33421624,-0.44758257,0.8916862,-0.06756878
1356623977607,-0.29810086,-0.10704222,0.9485135,0.83881295,0.4448649,0.3138281,-0.4555532,0.8891778,-0.042826235
1356623977629,-0.25721484,-0.10415524,0.96072483,0.8469271,0.4544549,0.2760167,-0.46535468,0.8846595,-0.028680623
1356623977668,-0.20260355,-0.08343637,0.9756998,0.8561421,0.46857557,0.21784747,-0.47536543,0.8794744,-0.023501694
1356623977710,-0.13615116,-0.04781902,0.9895333,0.8651985,0.48082027,0.14227939,-0.48259136,0.87551427,-0.024091303
1356623977748,-0.063475996,-0.0037560463,0.9979763,0.8723567,0.48549876,0.057313234,-0.48473153,0.8742293,-0.027540922
1356623977788,0.0060675144,0.039931953,0.999184,0.8765775,0.48063517,-0.024531394,-0.4812226,0.876011,-0.032087207
1356623977828,0.06255941,0.07565355,0.99516976,0.8788677,0.4683349,-0.090851486,-0.47294596,0.8803062,-0.037190735
1356623977868,0.09855668,0.09961474,0.99013305,0.8817861,0.4524237,-0.13328919,-0.4612372,0.8862221,-0.043249547
1356623977908,0.10938534,0.110630035,0.9878238,0.8876644,0.4363431,-0.14716199,-0.44731063,0.8929534,-0.050472796
1356623977948,0.09290135,0.10890967,0.98970103,0.89721173,0.4218346,-0.1306395,-0.43171802,0.9001079,-0.05852604
1356623977988,0.049965277,0.09695542,0.9940338,0.9086474,0.40870917,-0.08553776,-0.41456404,0.90750015,-0.06767702
1356623978028,-0.01309526,0.08247107,0.9965075,0.9180439,0.39593792,-0.020703733,-0.39626256,0.91456646,-0.08089697
1356623978069,-0.08409044,0.07899639,0.9933219,0.9218223,0.38469824,0.04744348,-0.37838134,0.9196559,-0.10517007
1356623978110,-0.14866212,0.10106999,0.9837095,0.91981655,0.37938383,0.100027055,-0.3630938,0.91970253,-0.14936584
1356623978149,-0.19813621,0.15300566,0.9681587,0.91499037,0.38306057,0.12671715,-0.351475,0.9109631,-0.21589684
1356623978191,-0.23000965,0.22675002,0.94640374,0.9104899,0.39355,0.1269902,-0.34366214,0.8909,-0.29697388
1356623978240,-0.25420147,0.29486337,0.9211065,0.9051887,0.40794712,0.11921704,-0.34060997,0.8640803,-0.37060773
1356623978281,-0.28373444,0.32798964,0.9010647,0.89595085,0.42554164,0.12722602,-0.3417117,0.8434081,-0.41460335
1356623978319,-0.3191232,0.32247534,0.89116216,0.8814014,0.44654548,0.15404132,-0.3482699,0.8346298,-0.4267332
1356623978361,-0.35561633,0.28629896,0.8897021,0.8629601,0.46616054,0.19492081,-0.35893843,0.83709455,-0.41283894
1356623978399,-0.38700822,0.23093548,0.892689,0.8441149,0.47833732,0.24220568,-0.37107256,0.84726757,-0.38005656
1356623978441,-0.40805387,0.16772774,0.8974182,0.8288027,0.48027593,0.2870909,-0.38285524,0.86093116,-0.33499163
1356623978481,-0.41737056,0.10236037,0.902953,0.8188148,0.47332048,0.32482308,-0.39413717,0.87492293,-0.2813642
1356623978531,-0.41338152,0.037998646,0.90976465,0.81522393,0.46051735,0.35118905,-0.40561768,0.886837,-0.22134674
1356623978570,-0.38501522,-0.0069563985,0.92288405,0.8239497,0.44790235,0.34711725,-0.41577667,0.8940554,-0.16671753
1356623978610,-0.34488437,-0.03854829,0.9378532,0.83690417,0.4397963,0.3258384,-0.42502484,0.8972699,-0.11941761
1356623978635,-0.2899036,-0.05409527,0.95552576,0.85361236,0.4368653,0.2837157,-0.4327837,0.8978988,-0.08047241
1356623978676,-0.23016214,-0.060123622,0.9712932,0.86795515,0.4386847,0.23282951,-0.44009006,0.8966275,-0.048784018
1356623978721,-0.15475562,-0.05111435,0.9866296,0.8806658,0.445464,0.16121304,-0.44774827,0.8938396,-0.023923397
1356623978762,-0.05945024,-0.023107708,0.9979638,0.88772255,0.45598677,0.06344128,-0.45652425,0.8896865,-0.006595254
1356623978800,0.05361785,0.02514249,0.9982449,0.88264316,0.46630663,-0.05915329,-0.46697545,0.8842658,0.0028105378
1356623978840,0.17963547,0.091699004,0.97945,0.8597783,0.46918362,-0.20161349,-0.4780297,0.87832683,0.005441189
1356623978880,0.30638805,0.16705829,0.9371328,0.8179302,0.457406,-0.3489554,-0.48694605,0.873425,0.0035017133
1356623978920,0.4177759,0.23724052,0.8770292,0.7641705,0.4303787,-0.48043472,-0.49143326,0.8709139,-0.0014903545
1356623978961,0.50405115,0.29210794,0.81277627,0.71024144,0.39525965,-0.5825176,-0.49141568,0.8708861,-0.00823608
1356623979003,0.56287825,0.3294758,0.75803286,0.66724515,0.3601266,-0.6519913,-0.48780316,0.8727855,-0.017133713
1356623979041,0.5955277,0.3513885,0.7224077,0.6417232,0.33287704,-0.69092995,-0.4832578,0.8750537,-0.027256697
1356623979079,0.60648996,0.36210668,0.70784795,0.63528776,0.31463665,-0.7052753,-0.4780998,0.8774295,-0.03921795
1356623979120,0.58967113,0.35876107,0.72358716,0.6557567,0.3103134,-0.6882504,-0.4714562,0.88033855,-0.052277118
1356623979160,0.5373272,0.3381615,0.77261007,0.70606446,0.32065165,-0.63139176,-0.4612511,0.8847765,-0.066468984
1356623979201,0.4371197,0.29828864,0.8484988,0.78124195,0.34150603,-0.5225271,-0.44563138,0.89128983,-0.083756596
1356623979240,0.29120332,0.24976292,0.923482,0.85754013,0.35974616,-0.36770582,-0.42405838,0.89900005,-0.109422445
1356623979280,0.1336633,0.22049904,0.9661854,0.9073514,0.3648563,-0.2087901,-0.39855677,0.90457726,-0.15130216
1356623979320,0.005032912,0.2318365,0.9727417,0.92747396,0.3625902,-0.09121591,-0.3738538,0.9026517,-0.21319747
1356623979363,-0.08110161,0.28006247,0.9565498,0.9312973,0.3632291,-0.027387112,-0.35511678,0.8886111,-0.29027987
1356623979411,-0.15604237,0.3236554,0.9332191,0.9259641,0.3768395,0.024135292,-0.34386227,0.8678935,-0.3584962
1356623979443,-0.23310572,0.33780658,0.9118928,0.90939593,0.40789574,0.081364304,-0.34447178,0.8482381,-0.4022827
1356623979485,-0.32783574,0.3075925,0.8932584,0.87693524,0.4508053,0.16661072,-0.3514374,0.8379507,-0.4175288
1356623979526,-0.42438474,0.24053144,0.8729503,0.8293785,0.49012765,0.26815328,-0.3633578,0.83780634,-0.4074943
1356623979567,-0.5107329,0.15059,0.8464482,0.77235913,0.5128273,0.37479264,-0.37764168,0.8451809,-0.37822735
1356623979608,-0.57757914,0.054904014,0.81448627,0.7159486,0.5134201,0.47309345,-0.3921989,0.8563792,-0.33584917
1356623979647,-0.6230663,-0.034846246,0.7813924,0.6683599,0.49522385,0.55502105,-0.40630454,0.8680663,-0.2852674
1356623979689,-0.6490084,-0.11102453,0.7526365,0.63470125,0.46642822,0.61611605,-0.41945487,0.87756383,-0.23224849
1356623979729,-0.66144365,-0.176813,0.7288549,0.6128586,0.43275303,0.6611574,-0.43231538,0.88400334,-0.1778804
1356623979768,-0.66092443,-0.22770719,0.7150722,0.60502297,0.40205652,0.68723917,-0.44398874,0.88684833,-0.12796086
1356623979808,-0.652633,-0.26731658,0.7089513,0.6058432,0.3777883,0.7001643,-0.45499903,0.88646364,-0.08460516
1356623979857,-0.6351169,-0.29305813,0.7146632,0.61575425,0.36650795,0.697509,-0.46634036,0.8830566,-0.05232358
1356623979900,-0.6041139,-0.30005312,0.738251,0.6384142,0.37222463,0.6737032,-0.47694194,0.8783034,-0.03330791
1356623979948,-0.5640541,-0.2883714,0.7737473,0.66708124,0.39312923,0.6328127,-0.48666778,0.87309295,-0.02937895
1356623979988,-0.5074818,-0.257073,0.82242066,0.7076393,0.42024428,0.56801534,-0.49163896,0.8702346,-0.031351388
1356623980045,-0.44379973,-0.21377379,0.8702543,0.7503611,0.44225222,0.4912954,-0.48989797,0.8710417,-0.035863936
1356623980066,-0.37879547,-0.16535649,0.9105884,0.79034317,0.45413378,0.4112422,-0.48153052,0.875454,-0.041335464
1356623980107,-0.32178652,-0.11999416,0.93917775,0.8229529,0.45505697,0.34010532,-0.46818998,0.88234043,-0.04768163
1356623980143,-0.2821797,-0.08413565,0.9556652,0.84615034,0.44761974,0.28925115,-0.45211095,0.8902572,-0.055117786
1356623980173,-0.266843,-0.06301227,0.9616778,0.8591745,0.43649676,0.26700145,-0.43659362,0.8974965,-0.062337577
1356623980217,-0.26634073,-0.048676282,0.9626491,0.8680794,0.4219594,0.26151198,-0.41892827,0.9053071,-0.07013011
1356623980256,-0.2919685,-0.045705467,0.95533526,0.86898696,0.40456662,0.28493422,-0.39951983,0.91336566,-0.078403234
1356623980296,-0.33299416,-0.04441762,0.94188213,0.8635407,0.3868078,0.32353845,-0.37869814,0.92109,-0.09044832
1356623980336,-0.3796546,-0.033151954,0.9245341,0.8528198,0.37478137,0.36364442,-0.35855365,0.9265203,-0.114014804
1356623980376,-0.4241807,-0.0023663342,0.90557444,0.83826065,0.3773191,0.39363617,-0.342622,0.9260803,-0.15806788
1356623980416,-0.46355727,0.047472626,0.8847943,0.8208742,0.39894834,0.4086634,-0.33358687,0.9157437,-0.22390443
1356623980456,-0.49898642,0.10161999,0.8606311,0.80069304,0.43396646,0.4129938,-0.33151662,0.8951796,-0.29790974
1356623980496,-0.53284407,0.13952032,0.83463234,0.7770544,0.47120348,0.41731724,-0.33505744,0.8709198,-0.35949284
1356623980536,-0.56585634,0.14847365,0.8110253,0.7495707,0.50236744,0.4310112,-0.34343892,0.8518113,-0.39555925
1356623980603,-0.59608483,0.12827972,0.79260784,0.7195581,0.52334785,0.45644617,-0.35625678,0.84240806,-0.40426445
1356623980618,-0.62032366,0.08745104,0.7794555,0.69069344,0.5318146,0.49001604,-0.3716734,0.8423334,-0.39029908
1356623980658,-0.6364845,0.036168754,0.7704409,0.667046,0.5272994,0.52631253,-0.387217,0.8489093,-0.35974413
1356623980699,-0.64422697,-0.017772019,0.7646279,0.6510053,0.51200396,0.5603962,-0.4014519,0.8587992,-0.31827712
1356623980740,-0.64445275,-0.07149392,0.7612944,0.6425588,0.48905408,0.589868,-0.4144861,0.86931854,-0.26923317
1356623980779,-0.63752455,-0.12016797,0.7610007,0.641724,0.4637606,0.6108326,-0.42632467,0.87777317,-0.21854407
1356623980820,-0.625334,-0.16468067,0.7627828,0.6462007,0.43870115,0.6244725,-0.43747225,0.88341475,-0.16791797
1356623980859,-0.60736537,-0.20166929,0.76839894,0.6564182,0.4174043,0.6284019,-0.44746238,0.8860605,-0.1211375
1356623980899,-0.58375996,-0.2283739,0.7791468,0.6716176,0.40341377,0.6214395,-0.4562391,0.8860602,-0.0821169
1356623980938,-0.5543029,-0.2432557,0.7959742,0.6903354,0.39987254,0.60294193,-0.4649573,0.8837016,-0.05372244
1356623980979,-0.5184128,-0.24607038,0.8189612,0.7113814,0.4073565,0.5727104,-0.47453624,0.8794942,-0.036128998
1356623981018,-0.47664875,-0.23796499,0.8462734,0.73390585,0.42221892,0.5320841,-0.48393,0.8747022,-0.026606262
1356623981059,-0.42954847,-0.2200464,0.87582403,0.75870985,0.43803743,0.48216444,-0.48974234,0.8716093,-0.021206975
1356623981100,-0.37947908,-0.19399616,0.90463316,0.78562427,0.44886193,0.425814,-0.48866165,0.8722892,-0.01792562
1356623981139,-0.32987842,-0.16319904,0.9298098,0.8122761,0.4528093,0.36765626,-0.48102763,0.87654424,-0.016809285
1356623981178,-0.28623366,-0.13093445,0.9491714,0.8365388,0.4488746,0.31418842,-0.46719703,0.88395005,-0.018951297
1356623981218,-0.2537779,-0.10256547,0.9618093,0.8557125,0.43977448,0.27268046,-0.45094678,0.8922325,-0.02383852
1356623981258,-0.23489952,-0.07946354,0.96876615,0.87019753,0.42688745,0.24601495,-0.43310338,0.90080667,-0.031126678
1356623981298,-0.23174798,-0.06272811,0.9707513,0.88017154,0.41142064,0.23670909,-0.41423538,0.9092845,-0.04013437
1356623981338,-0.24278939,-0.04907015,0.96883714,0.88641393,0.394525,0.24211633,-0.39411116,0.91757405,-0.052290022
1356623981378,-0.2645426,-0.030366778,0.9638958,0.88947695,0.37851396,0.256043,-0.3726233,0.92509735,-0.07312256
1356623981418,-0.29324707,0.0043224096,0.9560269,0.8894071,0.36801293,0.27114856,-0.35065827,0.92981064,-0.11176312
1356623981458,-0.3263604,0.061071455,0.9432705,0.8856558,0.36846697,0.2825702,-0.33030707,0.9276327,-0.17434138
1356623981498,-0.3620655,0.1316086,0.9228151,0.87746656,0.3822173,0.28976253,-0.31458065,0.91465247,-0.25386983
1356623981538,-0.39802995,0.1939531,0.89663506,0.8646671,0.40583804,0.29605114,-0.3064686,0.89312804,-0.32924062
1356623981603,-0.43103594,0.22902471,0.87278616,0.84811264,0.43307287,0.30520946,-0.30807948,0.87177724,-0.38090873
1356623981618,-0.4576436,0.23151115,0.8584666,0.82952404,0.4587458,0.3184999,-0.3200817,0.8578781,-0.40198618
1356623981658,-0.47477227,0.20675984,0.85547745,0.81151795,0.47904545,0.33459538,-0.34063163,0.8530919,-0.39522684
1356623981698,-0.48042843,0.16505519,0.8613625,0.79737926,0.49117234,0.35062248,-0.36520535,0.85528153,-0.3675847
1356623981738,-0.47424933,0.11443311,0.8729219,0.7892336,0.4946287,0.36394054,-0.39012545,0.8615379,-0.3248918
1356623981781,-0.4564532,0.06085205,0.88766396,0.78790647,0.491121,0.3714882,-0.4133446,0.86896324,-0.27211946
1356623981829,-0.427739,0.010077685,0.90384614,0.7931229,0.48383525,0.36994538,-0.43358445,0.8751011,-0.21494806
1356623981860,-0.39015728,-0.031572044,0.9202068,0.80348647,0.47639316,0.3570141,-0.44965187,0.8786653,-0.16050053
1356623981899,-0.34778574,-0.064062834,0.93538284,0.81610733,0.47042897,0.33565667,-0.4615343,0.8801094,-0.1113264
1356623981940,-0.30004942,-0.084126055,0.95020694,0.8301229,0.46771777,0.3035393,-0.4699642,0.8798653,-0.07050347
1356623981979,-0.24465346,-0.08741838,0.9656619,0.84432113,0.4704566,0.2565004,-0.4767249,0.8780824,-0.041289687
1356623982020,-0.18496597,-0.07422784,0.9799377,0.85561776,0.47835082,0.19773412,-0.48343134,0.8750261,-0.024967968
1356623982059,-0.11899716,-0.04508072,0.9918707,0.86384755,0.48779064,0.12580809,-0.48949677,0.8717959,-0.019102812
1356623982099,-0.04817608,-0.005257666,0.9988251,0.8690988,0.4926317,0.044512123,-0.49228695,0.870222,-0.019163668
1356623982138,0.024419948,0.03836888,0.99896526,0.87200606,0.4878536,-0.040054232,-0.48888564,0.8720819,-0.021544576
1356623982179,0.09445748,0.07933375,0.99236286,0.8728081,0.47285727,-0.12088001,-0.47883585,0.8775604,-0.024578273
1356623982218,0.15589538,0.112654746,0.9813285,0.8722973,0.4504328,-0.19028342,-0.4634589,0.8856745,-0.028048038
1356623982259,0.20391361,0.13621384,0.9694663,0.87175685,0.42535818,-0.24312633,-0.4454876,0.8947157,-0.032009065
1356623982300,0.23450583,0.14945072,0.9605578,0.8734483,0.4013549,-0.27568507,-0.42672595,0.9036474,-0.036417425
1356623982339,0.24474016,0.15286827,0.9574621,0.879611,0.38043192,-0.28558013,-0.40790525,0.9120871,-0.041357636
1356623982379,0.2334197,0.14962482,0.96079534,0.8911661,0.36239117,-0.2729389,-0.38902217,0.91993755,-0.048751354
1356623982418,0.20172746,0.14833504,0.96814406,0.90670997,0.34551203,-0.24186471,-0.37038246,0.92661655,-0.06479758
1356623982459,0.1541397,0.16160169,0.97474396,0.92268026,0.32933038,-0.20050597,-0.3534149,0.93028295,-0.09834385
1356623982498,0.10219441,0.20227873,0.9739814,0.9350953,0.314467,-0.16342357,-0.33934212,0.9274664,-0.15701312
1356623982539,0.054336622,0.26600605,0.96243876,0.94294506,0.30341303,-0.13709566,-0.3284847,0.9149761,-0.23434263
1356623982611,0.014508322,0.3325493,0.9429743,0.9466804,0.29898918,-0.12000686,-0.32184732,0.8944364,-0.31048006
1356623982617,-0.021202013,0.37835458,0.9254179,0.9466332,0.30535907,-0.10315713,-0.32161474,0.87384415,-0.36463726
1356623982656,-0.05795461,0.3926714,0.917851,0.94212574,0.32561964,-0.07981792,-0.33021247,0.8601053,-0.38881695
1356623982697,-0.09951241,0.37592688,0.9212905,0.93276966,0.3576309,-0.045176744,-0.3464651,0.8548562,-0.3862419
1356623982740,-0.14858998,0.3281045,0.93288183,0.91773593,0.39713788,0.0064999163,-0.36835006,0.857105,-0.360124
1356623982778,-0.1991842,0.26219726,0.94423425,0.89887273,0.4326679,0.069471,-0.39032474,0.86258394,-0.32186264
1356623982816,-0.24969092,0.18144119,0.95117486,0.8766266,0.4596018,0.14245015,-0.41131532,0.86939365,-0.2738145
1356623982856,-0.29431087,0.094768435,0.95099956,0.85343087,0.47393644,0.2168873,-0.43015927,0.8754446,-0.22036296
1356623982896,-0.32835147,0.011911213,0.94448054,0.83281624,0.47542068,0.2835353,-0.4456483,0.87967795,-0.16602498
1356623982939,-0.34863475,-0.058274746,0.9354452,0.8184697,0.467384,0.33415493,-0.45668492,0.8821316,-0.11525017
1356623982978,-0.35358655,-0.10974884,0.92894125,0.8126277,0.45579475,0.36316308,-0.46326327,0.8832929,-0.07197791
1356623983019,-0.342347,-0.13977253,0.9291191,0.81516796,0.4475561,0.36768845,-0.46722567,0.88326514,-0.039281428
1356623983060,-0.31439525,-0.1480262,0.9376801,0.8240423,0.44783062,0.34699002,-0.47128546,0.88178,-0.018815994
1356623983109,-0.2661452,-0.13269475,0.9547559,0.83767164,0.45823756,0.29719436,-0.47694114,0.8788688,-0.010803103
1356623983149,-0.19389743,-0.09695935,0.9762186,0.8549446,0.47132224,0.21662217,-0.48111713,0.8766152,-0.008493304
1356623983189,-0.11437854,-0.053626627,0.9919888,0.86873555,0.47896484,0.12605995,-0.48188785,0.87619454,-0.008195877
1356623983231,-0.039251864,-0.012792468,0.9991474,0.87694734,0.47886992,0.04058239,-0.47898078,0.8777926,-0.007578194
1356623983269,0.017694414,0.016697526,0.999704,0.8809201,0.47268182,-0.023486972,-0.4729341,0.88107497,-0.0063453913
1356623983311,0.044241667,0.029289931,0.9985913,0.8843273,0.46387386,-0.052785248,-0.46476647,0.88541687,-0.005379319
1356623983351,0.031264544,0.021974683,0.99926955,0.8901162,0.45416015,-0.03783676,-0.45465988,0.89064896,-0.0053609014
1356623983399,-0.030136049,-0.0070449114,0.999521,0.89704025,0.44091898,0.03015396,-0.44092026,0.89751923,-0.0069680214
1356623983439,-0.14961633,-0.05809155,0.9870361,0.8928454,0.42094037,0.16011307,-0.42478454,0.90522623,-0.01111275
1356623983479,-0.2691416,-0.09512597,0.9583913,0.87345076,0.39514405,0.28450838,-0.40576681,0.9136807,-0.023261905
1356623983521,-0.36995748,-0.10186389,0.9234475,0.8451141,0.37596092,0.38004667,-0.38589323,0.9210196,-0.053002954
1356623983558,-0.4430306,-0.070151836,0.8937576,0.8174218,0.37779796,0.4348451,-0.368165,0.9232266,-0.11003244
1356623983612,-0.49637562,-0.011713237,0.8680289,0.7922945,0.40255147,0.45849955,-0.35479677,0.9153224,-0.19053638
1356623983638,-0.54198927,0.046835095,0.8390794,0.76537025,0.43985367,0.4698267,-0.34706774,0.89684737,-0.27424222
1356623983679,-0.590312,0.07697311,0.80349654,0.72920966,0.47768024,0.48997435,-0.34609956,0.8751552,-0.3381099
1356623983720,-0.64466935,0.0631631,0.7618477,0.67792153,0.50781614,0.5315498,-0.3533042,0.85914683,-0.37019312
1356623983759,-0.6972513,0.014858961,0.71667266,0.61603224,0.523635,0.5884816,-0.36653066,0.85181314,-0.37425882
1356623983799,-0.7419951,-0.058187842,0.6678753,0.5489802,0.51906455,0.65512806,-0.38479087,0.85275215,-0.35319936
1356623983839,-0.7724148,-0.13387482,0.62084854,0.4901291,0.49603534,0.7167443,-0.40391684,0.8579198,-0.31752908
1356623983880,-0.79024166,-0.2047724,0.57756937,0.44389027,0.4584989,0.76989627,-0.4224684,0.8647815,-0.27142847
1356623983919,-0.7975883,-0.26511595,0.5418178,0.41348884,0.4136904,0.8111025,-0.439181,0.8709614,-0.22033215
1356623983960,-0.7972734,-0.3134261,0.51586753,0.39867446,0.3682707,0.83990204,-0.45322615,0.8752947,-0.16865748
1356623983999,-0.79114753,-0.34938595,0.50201106,0.39848468,0.32822812,0.85643226,-0.46399957,0.877608,-0.12045199
1356623984040,-0.78001475,-0.3738284,0.501826,0.41109687,0.2984829,0.86134046,-0.47178,0.8781573,-0.07914138
1356623984079,-0.76357305,-0.3888656,0.5154996,0.43368196,0.28263927,0.85559046,-0.4784101,0.8768687,-0.047171712
1356623984118,-0.74037915,-0.39611775,0.5430742,0.46431053,0.28283322,0.839298,-0.48606023,0.87355375,-0.025482237
1356623984160,-0.7092318,-0.39536494,0.5836753,0.5014469,0.29903024,0.81186944,-0.49552125,0.86848575,-0.013827205
1356623984198,-0.66385716,-0.38008794,0.6440705,0.553305,0.32977992,0.76491755,-0.50313747,0.86416346,-0.0086221695
1356623984241,-0.60009015,-0.34577775,0.7213387,0.62001926,0.36871785,0.69254833,-0.50543827,0.86283535,-0.0068750978
1356623984278,-0.5113515,-0.2892679,0.8092241,0.6984812,0.40867555,0.5874592,-0.50064313,0.865626,-0.0069286227
1356623984319,-0.39829403,-0.21461493,0.8917972,0.7755752,0.44030082,0.45234743,-0.48973954,0.8718232,-0.008919179
1356623984359,-0.27572218,-0.13413689,0.9518323,0.8357699,0.4556934,0.30632034,-0.47483256,0.8799721,-0.013537228
1356623984399,-0.16574267,-0.06257194,0.984182,0.8734452,0.45401743,0.17595917,-0.45784593,0.88879293,-0.020596921
1356623984441,-0.083738565,-0.007914692,0.9964564,0.89456177,0.43996638,0.07867023,-0.43902993,0.8979794,-0.02976197
1356623984489,-0.032286078,0.032565236,0.99894804,0.9082755,0.4180769,0.015726388,-0.41712505,0.90782773,-0.043076336
1356623984529,-0.0101110935,0.06393239,0.99790305,0.91853523,0.39501518,-0.01600048,-0.39520985,0.9164473,-0.06271821
1356623984569,0.0042875707,0.10703322,0.99424624,0.92726934,0.3717976,-0.044023782,-0.37437037,0.92212284,-0.09765452
1356623984608,0.018539652,0.17265692,0.9848076,0.93438125,0.34751546,-0.07851699,-0.3557924,0.92164135,-0.15488458
1356623984647,0.035190895,0.2598284,0.9650134,0.93975157,0.31994867,-0.12041539,-0.3400421,0.91111034,-0.23291487
1356623984691,0.049240366,0.34910044,0.9357908,0.9434192,0.29135948,-0.15833467,-0.32792625,0.8906395,-0.31500143
1356623984728,0.057361737,0.41983223,0.9057873,0.9451624,0.26935697,-0.18470228,-0.32152408,0.8667109,-0.38135886
1356623984770,0.060183123,0.46121883,0.88524294,0.94440496,0.260867,-0.20011908,-0.3232294,0.84807163,-0.4198776
1356623984809,0.061286636,0.47315556,0.8788446,0.94036883,0.26778936,-0.20975047,-0.33458987,0.83929294,-0.42852885
1356623984849,0.06666976,0.46471268,0.88294804,0.93371695,0.28290552,-0.21940193,-0.35174975,0.839051,-0.41504884
1356623984889,0.07583713,0.43845248,0.89554906,0.9253416,0.30364943,-0.22702393,-0.37147215,0.84590566,-0.38269043
1356623984947,0.093695045,0.40454662,0.90970504,0.91622734,0.32247722,-0.2377727,-0.38954934,0.85577476,-0.34044218
1356623984967,0.11667007,0.36436793,0.9239178,0.90658426,0.34081966,-0.24889117,-0.4055773,0.86664754,-0.2905668
1356623985006,0.14653057,0.32241,0.9351901,0.89583766,0.35769653,-0.26368174,-0.41952786,0.87641597,-0.23641354
1356623985043,0.18303774,0.28247666,0.9416497,0.8835691,0.37269914,-0.2835506,-0.43104842,0.88391304,-0.18136966
1356623985073,0.22740391,0.252405,0.9405207,0.8689049,0.38345578,-0.31299523,-0.43964964,0.88839936,-0.13211656
1356623985116,0.27085218,0.22873801,0.9350498,0.8526916,0.3937616,-0.34332037,-0.44671714,0.8902981,-0.08839178
1356623985157,0.32733354,0.22326642,0.9181529,0.8284188,0.39957586,-0.39250663,-0.4545053,0.8890958,-0.054163516
1356623985196,0.39266786,0.23750374,0.8884841,0.7936406,0.40063748,-0.4578474,-0.4647005,0.88491905,-0.031175137
1356623985237,0.46184772,0.26743025,0.84568185,0.74836785,0.39427012,-0.5333823,-0.47606963,0.8792225,-0.018043399
1356623985276,0.52782094,0.3029603,0.793486,0.69738126,0.37869424,-0.6084817,-0.48483434,0.8745317,-0.01139608
1356623985316,0.5847444,0.33362013,0.73943996,0.64863193,0.35513997,-0.6731658,-0.4871863,0.8732543,-0.008730561
1356623985356,0.62991303,0.3534485,0.6915806,0.6093613,0.32718295,-0.7222397,-0.4815479,0.8763706,-0.009281039
1356623985396,0.6626487,0.3615658,0.65587115,0.5838684,0.29905188,-0.754762,-0.46903566,0.8830845,-0.012940526
1356623985436,0.68272924,0.36007005,0.63579106,0.5738426,0.27441987,-0.7716206,-0.45231116,0.8916519,-0.019269079
1356623985476,0.6894436,0.3510775,0.6335709,0.5802816,0.25580087,-0.77320063,-0.4335213,0.90072775,-0.027363539
1356623985516,0.68083405,0.3356709,0.65099156,0.60448027,0.24439129,-0.75820607,-0.41360438,0.90972406,-0.036516488
1356623985556,0.6535805,0.31557786,0.68792677,0.64704764,0.23854554,-0.7241721,-0.39263454,0.91842616,-0.048285186
