1356623751294,-0.7645451,-0.17895532,0.6192299,0.5960651,0.16932625,0.7848789,-0.24531013,0.9691767,-0.022788465
1356623751320,-0.085844636,-0.04513991,-0.99528545,-0.9656346,-0.24220377,0.09427205,-0.24531728,0.96917486,-0.02279684
1356623751328,-0.08575332,-0.045164585,-0.9952922,-0.9656364,-0.24222809,0.09419012,-0.24534181,0.9691675,-0.022840679
1356623751373,-0.084897935,-0.045331,-0.995358,-0.96568763,-0.24232864,0.09340343,-0.24543786,0.96913457,-0.02320236
1356623751413,-0.08283782,-0.045871437,-0.99550676,-0.96582896,-0.24247599,0.09154123,-0.24558568,0.9690723,-0.024217725
1356623751457,-0.07861608,-0.046944797,-0.995799,-0.96614665,-0.24262512,0.08771321,-0.24572355,0.96898353,-0.026281327
1356623751494,-0.071763396,-0.048494726,-0.99624205,-0.96667683,-0.24269778,0.08144763,-0.2457355,0.9688891,-0.02946192
1356623751543,-0.06218314,-0.05014327,-0.99680436,-0.9673966,-0.24265128,0.072554946,-0.24551392,0.9688169,-0.0334197
1356623751575,-0.049212456,-0.051534444,-0.9974579,-0.9682883,-0.24244952,0.060299665,-0.2449407,0.96879435,-0.037968665
1356623751616,-0.0323689,-0.052444667,-0.9980991,-0.9692552,-0.24206376,0.044152558,-0.2439191,0.96884197,-0.042997003
1356623751663,-0.012195289,-0.052944243,-0.998523,-0.97010237,-0.24144119,0.024650007,-0.24238965,0.9689702,-0.048416883
1356623751693,0.0081269145,-0.05323243,-0.9985491,-0.97059274,-0.24067718,0.0049310625,-0.24059045,0.96914446,-0.05362299
1356623751737,0.027410567,-0.05390075,-0.99817,-0.9708024,-0.23948765,-0.013726771,-0.2383095,0.9694021,-0.058891475
1356623751778,0.042626858,-0.055317312,-0.99755853,-0.9708699,-0.23793119,-0.028292537,-0.23578519,0.9697055,-0.06384823
1356623751818,0.05234909,-0.057492375,-0.99697244,-0.97102857,-0.23602211,-0.037376106,-0.23315871,0.9700454,-0.06818223
1356623751860,0.0559569,-0.06026733,-0.99661267,-0.97146654,-0.2337085,-0.040412188,-0.2304813,0.97043717,-0.07162529
1356623751895,0.053634286,-0.06343353,-0.99654377,-0.9721916,-0.23114735,-0.037610322,-0.2279627,0.9708487,-0.07406694
1356623751934,0.047953784,-0.066486835,-0.99663436,-0.97300816,-0.22860181,-0.03156668,-0.22573364,0.971247,-0.07565457
1356623751977,0.040984213,-0.06915626,-0.9967636,-0.9737539,-0.22629821,-0.024337322,-0.22388276,0.97159994,-0.07661578
1356623752017,0.03344208,-0.07144967,-0.9968834,-0.97436106,-0.22437644,-0.016604751,-0.22249076,0.9718797,-0.07712135
1356623752062,0.024065793,-0.07357165,-0.9969995,-0.9748324,-0.22282606,-0.0070876777,-0.22163603,0.9720781,-0.077082545
1356623752100,0.010157764,-0.07583007,-0.997069,-0.97514236,-0.22147137,0.006909162,-0.22134617,0.9722141,-0.07619473
1356623752148,-0.011223793,-0.07810342,-0.9968821,-0.97504485,-0.22020566,0.028230578,-0.22172403,0.9723216,-0.073682785
1356623752186,-0.039848268,-0.08091086,-0.9959245,-0.97412616,-0.2187643,0.056748927,-0.22246432,0.9724174,-0.07010001
1356623752225,-0.07063347,-0.08334553,-0.9940144,-0.97214925,-0.21749002,0.08731571,-0.22346556,0.9724977,-0.065662265
1356623752264,-0.100241065,-0.085109234,-0.99131644,-0.9692762,-0.2165792,0.11660677,-0.22462285,0.9725482,-0.06078425
1356623752343,-0.12527531,-0.08589637,-0.98839664,-0.96607924,-0.21620238,0.14123568,-0.22582528,0.9725628,-0.05589792
1356623752345,-0.14347374,-0.08558431,-0.9859465,-0.9632685,-0.21643698,0.15896139,-0.22699994,0.972538,-0.051387668
1356623752382,-0.15356737,-0.084361285,-0.98453045,-0.9614589,-0.21720368,0.1685802,-0.22806525,0.9724741,-0.047754526
1356623752425,-0.15717983,-0.08279356,-0.98409337,-0.9606483,-0.21826601,0.17179832,-0.22901791,0.97237086,-0.04522851
1356623752466,-0.1569981,-0.08136967,-0.9842411,-0.96048415,-0.21934456,0.17134231,-0.22983003,0.9722484,-0.043717593
1356623752505,-0.15608436,-0.08075929,-0.98443675,-0.9604676,-0.22019023,0.17034754,-0.23052052,0.9721081,-0.043198436
1356623752547,-0.15751094,-0.08150944,-0.98414755,-0.9600992,-0.22056633,0.1719299,-0.23108372,0.97196025,-0.043515593
1356623752586,-0.16198862,-0.08374748,-0.9832325,-0.9592469,-0.22041595,0.17681104,-0.23152757,0.9718041,-0.044629693
1356623752632,-0.16997772,-0.087601185,-0.98154646,-0.9577819,-0.21967125,0.18546766,-0.23186475,0.9716329,-0.046563596
1356623752664,-0.18459284,-0.09301773,-0.97840333,-0.95501006,-0.21814561,0.20091861,-0.23212346,0.97147316,-0.048564672
1356623752706,-0.19933063,-0.098567784,-0.9749625,-0.9519778,-0.21646982,0.21651626,-0.23239145,0.97130084,-0.050685287
1356623752745,-0.21520394,-0.10433638,-0.97097945,-0.9484068,-0.2147268,0.23327443,-0.23283431,0.9710851,-0.052743256
1356623752784,-0.22820908,-0.109510034,-0.9674338,-0.94513774,-0.21363562,0.24713239,-0.23374176,0.97075605,-0.054748535
1356623752825,-0.23529011,-0.11342186,-0.96528447,-0.9429957,-0.21387053,0.25498718,-0.23536697,0.9702551,-0.056634724
1356623752870,-0.23385322,-0.115513176,-0.96538556,-0.94272816,-0.21596897,0.25420654,-0.23785755,0.9695432,-0.058392406
1356623752904,-0.2230246,-0.11536023,-0.9679628,-0.944643,-0.21955085,0.24381727,-0.24064392,0.9687566,-0.060009003
1356623752945,-0.2064398,-0.113734245,-0.9718267,-0.94772995,-0.223719,0.22750324,-0.24329102,0.967995,-0.061604798
1356623752984,-0.1869461,-0.11101553,-0.9760772,-0.9513054,-0.22743207,0.2080689,-0.24509013,0.9674452,-0.06309211
1356623753034,-0.17009312,-0.10832384,-0.9794561,-0.9544196,-0.22926724,0.19110128,-0.24525803,0.9673171,-0.064389646
1356623753074,-0.15951306,-0.10628429,-0.9814577,-0.9566488,-0.22876084,0.18025404,-0.24367729,0.9676632,-0.06518635
1356623753115,-0.15662909,-0.10528034,-0.9820302,-0.9578189,-0.22636563,0.17703542,-0.24093622,0.968336,-0.06538409
1356623753153,-0.1598844,-0.10492757,-0.9815433,-0.95817244,-0.22260064,0.17987365,-0.23736587,0.9692467,-0.06494832
1356623753196,-0.1644463,-0.10420272,-0.98086655,-0.9583715,-0.21843094,0.18388003,-0.23341241,0.97027296,-0.0639447
1356623753240,-0.17625684,-0.10463619,-0.97876704,-0.9572325,-0.21354169,0.19520777,-0.2294333,0.97131425,-0.06252301
1356623753275,-0.18315452,-0.10401365,-0.9775662,-0.956771,-0.20966625,0.201567,-0.22592837,0.9722249,-0.06111592
1356623753340,-0.18369019,-0.102261424,-0.9776505,-0.95737195,-0.2069447,0.20152631,-0.22292796,0.9729936,-0.059888482
1356623753356,-0.17543572,-0.09901491,-0.97949904,-0.9594846,-0.20562226,0.19263676,-0.22048074,0.97360957,-0.0589298
1356623753402,-0.16064453,-0.094670534,-0.9824616,-0.9625319,-0.20528954,0.17716762,-0.21846172,0.9741117,-0.05814475
1356623753432,-0.14003795,-0.08922887,-0.9861175,-0.9661403,-0.2056604,0.15581018,-0.21670806,0.9745471,-0.05740738
1356623753469,-0.11459768,-0.08289534,-0.9899473,-0.96984786,-0.20642257,0.12955621,-0.21508709,0.9749452,-0.056740284
1356623753513,-0.08540708,-0.07609412,-0.9934361,-0.97319865,-0.20730424,0.099546045,-0.21351835,0.9753126,-0.056349486
1356623753554,-0.053004265,-0.06932515,-0.99618495,-0.97580856,-0.20829445,0.06641549,-0.21210408,0.97560614,-0.056607544
1356623753594,-0.018030524,-0.06360027,-0.99781257,-0.97726893,-0.20972049,0.03102678,-0.2112351,0.97569066,-0.058373183
1356623753636,0.018452168,-0.059892625,-0.9980343,-0.9771993,-0.21225703,-0.005329281,-0.21152061,0.9753767,-0.062443614
1356623753676,0.057730258,-0.059734732,-0.9965435,-0.97514427,-0.21726549,-0.043467313,-0.21391797,0.9742831,-0.070792824
1356623753716,0.0931651,-0.063706905,-0.99361044,-0.9714935,-0.2243126,-0.07670915,-0.21799248,0.9724326,-0.082788914
1356623753755,0.1306228,-0.07222828,-0.98879766,-0.96582663,-0.23447251,-0.11046088,-0.22386742,0.9694358,-0.10038751
1356623753794,0.1625227,-0.08516088,-0.9830229,-0.95951295,-0.2459167,-0.13733163,-0.23004642,0.9655427,-0.12168005
1356623753835,0.192437,-0.101605415,-0.97603506,-0.9526448,-0.25798613,-0.1609689,-0.23544818,0.9607911,-0.14643994
1356623753875,0.21660462,-0.12116858,-0.9687108,-0.9466094,-0.26875672,-0.17804602,-0.23877394,0.9555564,-0.17291328
1356623753915,0.23391572,-0.14310294,-0.9616678,-0.9424309,-0.27648667,-0.18809336,-0.23897156,0.9503035,-0.19953924
1356623753953,0.24466416,-0.16672704,-0.95516574,-0.9406022,-0.2799612,-0.19206566,-0.23538682,0.9454226,-0.22532028
1356623753995,0.3023784,-0.17532471,-0.93692505,-0.9255116,-0.28914574,-0.24458766,-0.22802559,0.94109297,-0.2496965
1356623754034,0.26138103,-0.21311492,-0.9414149,-0.94041246,-0.27599466,-0.19862384,-0.21749574,0.9372348,-0.2725557
1356623754075,0.23649341,-0.24421841,-0.9404404,-0.94979185,-0.26217514,-0.17076203,-0.20485684,0.93360674,-0.29395938
1356623754114,0.22641566,-0.2700711,-0.93584055,-0.95516926,-0.24972549,-0.15902454,-0.19075531,0.92989177,-0.3145053
1356623754154,0.23043758,-0.29147926,-0.92840636,-0.95700645,-0.24061811,-0.1619927,-0.1761739,0.9258201,-0.334395
1356623754195,0.25016057,-0.30889192,-0.9176085,-0.9545922,-0.23705095,-0.18044531,-0.16178188,0.92108226,-0.3541666
1356623754234,0.28244576,-0.32176,-0.90371174,-0.94761306,-0.24008486,-0.2106862,-0.14917713,0.9158765,-0.37271494
1356623754277,0.32461396,-0.3299384,-0.88643473,-0.9355432,-0.24995562,-0.249562,-0.13922924,0.9103092,-0.3898107
1356623754356,0.37181008,-0.33226424,-0.8668089,-0.91884583,-0.26470852,-0.29266307,-0.1322102,0.9052788,-0.40372095
1356623754361,0.41551667,-0.33025715,-0.84751165,-0.9005091,-0.28066283,-0.3321319,-0.12817612,0.9011984,-0.41401967
1356623754391,0.4547091,-0.32385635,-0.82967263,-0.88155985,-0.2963369,-0.36747348,-0.126854,0.8984996,-0.42024583
1356623754440,0.48569268,-0.31428146,-0.8156775,-0.86465526,-0.30974567,-0.39551097,-0.12835082,0.8973766,-0.42218632
1356623754476,0.50608724,-0.30272475,-0.80760974,-0.8521421,-0.32006407,-0.41402042,-0.1331526,0.8977287,-0.41994482
1356623754515,0.5175022,-0.28977263,-0.80512315,-0.84405637,-0.3274421,-0.42467695,-0.14057148,0.89934057,-0.41403645
1356623754554,0.518505,-0.27591205,-0.8093362,-0.84190714,-0.33019912,-0.42680305,-0.14948198,0.90268546,-0.40350223
1356623754594,0.50964534,-0.26035956,-0.8200455,-0.8455702,-0.32767546,-0.4214735,-0.15897411,0.908208,-0.38715056
1356623754635,0.48592842,-0.2420648,-0.83980846,-0.85723126,-0.3193152,-0.4039708,-0.17037654,0.9162109,-0.36266983
1356623754674,0.45314345,-0.2193428,-0.8640311,-0.87214875,-0.30962446,-0.3787996,-0.1844382,0.9252143,-0.33160388
1356623754715,0.40379244,-0.1924423,-0.8943811,-0.8921169,-0.2994156,-0.33834547,-0.2026797,0.93451387,-0.2925828
1356623754754,0.35392246,-0.16116741,-0.92128384,-0.9083265,-0.2939857,-0.29751554,-0.22289443,0.942124,-0.25044078
1356623754795,0.29852366,-0.1283823,-0.9457281,-0.92243886,-0.29310948,-0.25138277,-0.24492878,0.94742006,-0.20592493
1356623754834,0.24395129,-0.095365435,-0.9650872,-0.9321997,-0.29743186,-0.20624721,-0.26737884,0.9499682,-0.16145849
1356623754893,0.19385141,-0.06409818,-0.9789346,-0.9375966,-0.30573452,-0.16564676,-0.28867644,0.94995666,-0.119365275
1356623754915,0.15068823,-0.035868585,-0.98793036,-0.93948156,-0.3162254,-0.13181719,-0.30768067,0.9480057,-0.08134928
1356623754953,0.11640066,-0.011151016,-0.99313974,-0.9389439,-0.32721347,-0.10637468,-0.32378256,0.9448846,-0.048557997
1356623754989,0.09176743,0.010154128,-0.99572873,-0.9371167,-0.33726466,-0.08980498,-0.33673596,0.9413551,-0.021434337
1356623755019,0.07722592,0.028592527,-0.9966036,-0.93486106,-0.3453309,-0.08234903,-0.3465126,0.93804526,6.1541796E-5
1356623755061,0.07208705,0.043930978,-0.9964304,-0.93303335,-0.35010076,-0.08293593,-0.35249445,0.93568134,0.015751332
1356623755102,0.08109558,0.05794859,-0.9950203,-0.9314016,-0.3510086,-0.096352816,-0.3548442,0.93457735,0.025508225
1356623755144,0.10572857,0.070400566,-0.99189985,-0.9294081,-0.34768933,-0.123744875,-0.35358468,0.9349631,0.028670162
1356623755188,0.14525694,0.08191332,-0.9859973,-0.9252747,-0.34167492,-0.16469651,-0.35038137,0.9362417,0.026161626
1356623755234,0.19557488,0.09240812,-0.97632533,-0.9170843,-0.33546054,-0.21545878,-0.34742886,0.93751097,0.019138455
1356623755274,0.24823517,0.102981955,-0.9632102,-0.9048574,-0.33035147,-0.26851624,-0.34585032,0.93822306,0.011179134
1356623755337,0.29682887,0.112202406,-0.948316,-0.8905393,-0.32596487,-0.31731176,-0.3447208,0.93869996,0.0031648427
1356623755348,0.34014025,0.11951858,-0.93274856,-0.8757025,-0.32122603,-0.36049813,-0.3427094,0.9394302,-0.004599154
1356623755383,0.37444136,0.12422526,-0.91889155,-0.86267495,-0.3166763,-0.39434507,-0.33997878,0.9403639,-0.011410698
1356623755434,0.4062936,0.12493831,-0.9051608,-0.85046965,-0.31050512,-0.42460343,-0.33410624,0.94232535,-0.019900054
1356623755475,0.42129534,0.11841035,-0.89916027,-0.8457369,-0.3066972,-0.43665314,-0.3274742,0.94441295,-0.029066086
1356623755516,0.42690495,0.10617721,-0.8980415,-0.8459369,-0.3040873,-0.43808866,-0.31959805,0.9467087,-0.03999716
1356623755564,0.41902605,0.08584049,-0.9039074,-0.8537358,-0.3016716,-0.42441648,-0.30911532,0.9495397,-0.05312313
1356623755605,0.38073787,0.05485931,-0.9230543,-0.8756144,-0.2994705,-0.37896836,-0.29721743,0.95252717,-0.06598419
1356623755645,0.3290237,0.018490404,-0.9441406,-0.90082455,-0.2937999,-0.3196824,-0.2832995,0.9556881,-0.08001052
1356623755686,0.2707149,-0.023978204,-0.96236086,-0.9245869,-0.28484026,-0.2529919,-0.26805285,0.95827496,-0.09928039
1356623755724,0.22964156,-0.07137805,-0.97065437,-0.9396215,-0.27624887,-0.20198548,-0.2537248,0.95843196,-0.13050658
1356623755766,0.22913456,-0.121751666,-0.9657504,-0.94233155,-0.27638876,-0.188734,-0.24394387,0.95330256,-0.17806065
1356623755805,0.27399138,-0.1701901,-0.9465537,-0.9310758,-0.2934592,-0.21674722,-0.24088678,0.94070023,-0.23886517
1356623755844,0.3360284,-0.21007323,-0.91812533,-0.9100046,-0.32376295,-0.25897714,-0.24285084,0.92252195,-0.29996118
1356623755884,0.38182223,-0.2378912,-0.8930955,-0.8903829,-0.35381144,-0.28641883,-0.2478509,0.90455806,-0.34690732
1356623755930,0.39678258,-0.25403857,-0.882059,-0.88168895,-0.3727668,-0.28925696,-0.25531992,0.8924738,-0.37189034
1356623755965,0.37069818,-0.26094887,-0.89134085,-0.88929033,-0.37651184,-0.25961784,-0.26785338,0.88890076,-0.37163162
1356623756004,0.32729614,-0.2578798,-0.9090519,-0.9018032,-0.37254345,-0.21900326,-0.28218484,0.89146477,-0.35448882
1356623756049,0.27088976,-0.24660754,-0.9304856,-0.91598725,-0.3632214,-0.17040396,-0.29594946,0.8984736,-0.3242823
1356623756085,0.21626511,-0.22701868,-0.9495746,-0.92670166,-0.35388443,-0.12645128,-0.30733284,0.9073194,-0.2869115
1356623756129,0.17533565,-0.20048535,-0.9638791,-0.9324875,-0.34785837,-0.09727129,-0.31579193,0.9158603,-0.24794203
1356623756170,0.15229887,-0.16858,-0.9738511,-0.9345184,-0.34527403,-0.086378485,-0.3216838,0.9232371,-0.21012595
1356623756206,0.15666884,-0.13120446,-0.9788975,-0.9322623,-0.34689736,-0.10270944,-0.326101,0.92868066,-0.17666501
1356623756243,0.17827958,-0.09146321,-0.9797198,-0.92697227,-0.3495918,-0.1360445,-0.33005887,0.93242705,-0.14710891
1356623756284,0.21613103,-0.048587352,-0.97515476,-0.91755295,-0.35150576,-0.18585044,-0.33374253,0.93492407,-0.12055281
1356623756340,0.2619551,-0.0042825937,-0.9650706,-0.90435916,-0.35019514,-0.24392185,-0.33691838,0.93666697,-0.09560841
1356623756365,0.31235892,0.039751858,-0.9491321,-0.88729966,-0.34466034,-0.30644503,-0.33930993,0.9378854,-0.07238592
1356623756412,0.36125523,0.08011633,-0.92901886,-0.8678843,-0.33544064,-0.36641017,-0.34098613,0.93864846,-0.051647976
1356623756453,0.41227666,0.11553505,-0.90370333,-0.84435415,-0.32410917,-0.42663723,-0.34219006,0.9389382,-0.03607014
1356623756496,0.45739046,0.14271605,-0.8777392,-0.8206878,-0.3123462,-0.4784469,-0.34244058,0.9391869,-0.02573885
1356623756540,0.49139667,0.15997887,-0.85611683,-0.8017615,-0.30082744,-0.516412,-0.3401584,0.9401647,-0.019560724
1356623756576,0.51389694,0.16785353,-0.8412699,-0.7897754,-0.29028586,-0.5403601,-0.3349101,0.9421036,-0.016610444
1356623756626,0.530661,0.16661626,-0.83104634,-0.7828537,-0.27945846,-0.5559164,-0.32486764,0.94559085,-0.017861545
1356623756666,0.53716797,0.15556541,-0.8290055,-0.7836691,-0.2714482,-0.5587296,-0.31195104,0.9497976,-0.023901492
1356623756704,0.52775013,0.13785589,-0.8381381,-0.7945787,-0.26862445,-0.54450506,-0.30020759,0.95332927,-0.032229275
1356623756744,0.5134196,0.116919965,-0.8501353,-0.8079188,-0.26806864,-0.5247917,-0.28925326,0.9562787,-0.04316987
1356623756785,0.490938,0.09200108,-0.866323,-0.8256498,-0.26817983,-0.49636877,-0.27799687,0.9589658,-0.055698976
1356623756824,0.46080896,0.06324762,-0.8852428,-0.8469147,-0.26684573,-0.4599227,-0.26531228,0.9616617,-0.06939958
1356623756864,0.42896044,0.030212522,-0.90281785,-0.86788243,-0.26342022,-0.42117664,-0.25054535,0.9642079,-0.086775914
1356623756906,0.40422776,-0.009053171,-0.9146136,-0.8839232,-0.26090786,-0.3880811,-0.23511651,0.9653213,-0.11346851
1356623756944,0.40308505,-0.05653417,-0.9134147,-0.88768166,-0.26690662,-0.3752095,-0.22258428,0.9620628,-0.15777044
1356623756984,0.4303144,-0.1087383,-0.89610577,-0.8763765,-0.2882217,-0.385866,-0.21631864,0.9513697,-0.21932167
1356623757026,0.48073193,-0.15762451,-0.8625841,-0.84947264,-0.32768372,-0.41354534,-0.2174699,0.931546,-0.2914257
1356623757074,0.5271071,-0.19250202,-0.8277083,-0.8200159,-0.37082022,-0.43596587,-0.22300667,0.90853465,-0.35331672
1356623757115,0.5516529,-0.20858872,-0.80757034,-0.80225825,-0.39756352,-0.44533688,-0.22816828,0.8935513,-0.3866591
1356623757156,0.5491147,-0.20952243,-0.8090571,-0.80245847,-0.4026764,-0.44035453,-0.23352408,0.8910399,-0.38924855
1356623757196,0.5275119,-0.1985766,-0.8260137,-0.8153318,-0.39149642,-0.42657307,-0.23867396,0.8984976,-0.36842483
1356623757233,0.4909914,-0.1783165,-0.85271955,-0.83680844,-0.36871117,-0.4047268,-0.24223778,0.91228026,-0.33025074
1356623757275,0.44319734,-0.1496636,-0.8838421,-0.8625314,-0.33974877,-0.3749805,-0.24416336,0.92853194,-0.27966526
1356623757346,0.39396518,-0.11436328,-0.9119828,-0.8855227,-0.31306726,-0.34327596,-0.24625376,0.94282025,-0.2246089
1356623757349,0.3540523,-0.07678008,-0.9320685,-0.90138376,-0.29369003,-0.31820348,-0.24930757,0.9528122,-0.17318994
1356623757379,0.31490463,-0.039298475,-0.9483094,-0.91416335,-0.2812351,-0.29191118,-0.25522628,0.9588339,-0.12448746
1356623757411,0.29273418,-0.002482891,-0.9561906,-0.9196518,-0.27453986,-0.28083506,-0.2618152,0.9615725,-0.08265057
1356623757453,0.2775276,0.03100282,-0.96021736,-0.9219686,-0.27239975,-0.2752678,-0.27009705,0.9616846,-0.047014847
1356623757495,0.27962247,0.062397987,-0.9580803,-0.9188651,-0.27194592,-0.2858886,-0.27838495,0.9602874,-0.018706813
1356623757534,0.2960454,0.08987662,-0.9509361,-0.9113288,-0.27159038,-0.309384,-0.28607145,0.95820713,0.0015040785
1356623757575,0.3242206,0.11293,-0.9392166,-0.8994375,-0.2707948,-0.3430487,-0.29307547,0.9559901,0.013776198
1356623757622,0.35835376,0.13006645,-0.9244811,-0.8839186,-0.27141604,-0.3808165,-0.3004505,0.95363307,0.017705217
1356623757653,0.39286685,0.14263076,-0.90846694,-0.8665934,-0.27311873,-0.41763875,-0.30768743,0.9513478,0.01630354
1356623757694,0.42357647,0.15081906,-0.89321697,-0.84999526,-0.27474397,-0.44947043,-0.31319475,0.94961536,0.01182048
1356623757732,0.44806385,0.1552453,-0.880419,-0.8366958,-0.2740947,-0.47414362,-0.31492683,0.9490895,0.007081166
1356623757780,0.46763545,0.15548584,-0.87013865,-0.82717013,-0.27006686,-0.49280152,-0.3116193,0.95020413,0.0023204535
1356623757817,0.4823342,0.1508671,-0.86289793,-0.8216209,-0.26370913,-0.5053679,-0.30379742,0.95273113,-0.0032403618
1356623757854,0.49074575,0.14136285,-0.85975885,-0.8203755,-0.2574428,-0.5105951,-0.29351786,0.95589745,-0.010368407
1356623757894,0.49361634,0.12713426,-0.860337,-0.8228324,-0.2520287,-0.50934106,-0.28158435,0.9593323,-0.019795299
1356623757934,0.4880867,0.1083132,-0.86604834,-0.830495,-0.24752831,-0.499007,-0.26842046,0.9628074,-0.03086175
1356623757975,0.47394872,0.085370064,-0.8764043,-0.8433123,-0.24237925,-0.47966295,-0.2533711,0.9664182,-0.042881683
1356623758014,0.45247114,0.058270037,-0.88987327,-0.8600106,-0.235457,-0.452705,-0.23590598,0.9701364,-0.056424677
1356623758056,0.43326434,0.025176972,-0.9009151,-0.87502563,-0.22770545,-0.42717713,-0.21589833,0.97340447,-0.07662611
1356623758104,0.44009236,-0.020659149,-0.89771485,-0.87660015,-0.22660443,-0.42452633,-0.1946558,0.97376776,-0.1178367
1356623758146,0.4720706,-0.076245844,-0.8782573,-0.86384946,-0.2387056,-0.44360307,-0.17582205,0.9680941,-0.17855081
1356623758184,0.5344197,-0.13279271,-0.8347225,-0.82976264,-0.27043098,-0.48822248,-0.16090244,0.9535372,-0.25471008
1356623758226,0.59798986,-0.17858773,-0.7813543,-0.7871251,-0.31467706,-0.53048325,-0.15113649,0.93224716,-0.32874453
1356623758264,0.6385807,-0.20762229,-0.741018,-0.75523555,-0.35397136,-0.55165523,-0.1477632,0.91191953,-0.38284302
1356623758343,0.6496138,-0.22158486,-0.72725654,-0.7449749,-0.37640595,-0.5507549,-0.15170476,0.89956594,-0.40959364
1356623758346,0.62859374,-0.22349551,-0.7449293,-0.7601652,-0.37899196,-0.5277442,-0.16437376,0.8980061,-0.40812546
1356623758380,0.5949117,-0.21694344,-0.773961,-0.7833206,-0.3724013,-0.4977209,-0.18024677,0.90235955,-0.39148217
1356623758423,0.5439788,-0.20335144,-0.8140855,-0.81527287,-0.35764217,-0.45543635,-0.19853768,0.91144955,-0.36033666
1356623758464,0.49190682,-0.1822173,-0.8513663,-0.84336954,-0.34258068,-0.41396412,-0.21623024,0.92164814,-0.32219428
1356623758505,0.4399337,-0.15424666,-0.8846843,-0.8672354,-0.3287429,-0.37393966,-0.23315474,0.93173826,-0.2783932
1356623758544,0.40192944,-0.11985117,-0.90779316,-0.8813048,-0.31968987,-0.34799457,-0.24850473,0.9399117,-0.2341182
1356623758585,0.3724402,-0.08188763,-0.92443645,-0.89008725,-0.31352296,-0.33082923,-0.26274124,0.94604313,-0.18965566
1356623758623,0.35444373,-0.041373402,-0.93416154,-0.89357495,-0.30931294,-0.3253449,-0.27548766,0.9500598,-0.14660423
1356623758664,0.34760278,-9.687841E-4,-0.9376414,-0.8928907,-0.3055905,-0.33069706,-0.286214,0.9521625,-0.10708912
1356623758704,0.35275617,0.03655669,-0.9350009,-0.887962,-0.30205932,-0.3468193,-0.29510435,0.95258796,-0.07409233
1356623758746,0.37118524,0.06886011,-0.926002,-0.87774724,-0.2993443,-0.37410247,-0.3029542,0.95165706,-0.050670356
1356623758783,0.3994786,0.09431821,-0.9118777,-0.86266303,-0.29791015,-0.40873224,-0.3102085,0.949923,-0.03764391
1356623758829,0.4323882,0.113197625,-0.894554,-0.8447034,-0.29623896,-0.44577894,-0.31546283,0.94838226,-0.032471865
1356623758866,0.46606058,0.12573442,-0.875773,-0.8263738,-0.2917412,-0.48165688,-0.3160599,0.9481971,-0.03206542
1356623758904,0.49685603,0.13275781,-0.85761845,-0.8100127,-0.28373802,-0.5131981,-0.31147,0.9496674,-0.03344147
1356623758946,0.5259093,0.1336385,-0.8399763,-0.7958993,-0.27094236,-0.541419,-0.29993963,0.9532738,-0.03612829
1356623758994,0.55267,0.12755,-0.8235817,-0.78440034,-0.25424418,-0.5657525,-0.28155264,0.9586922,-0.04046285
1356623759053,0.56972706,0.11597121,-0.8136104,-0.7790663,-0.2389895,-0.5796031,-0.2616616,0.964072,-0.045809507
1356623759072,0.57914734,0.100257486,-0.8090345,-0.7788552,-0.22506043,-0.58543354,-0.24077576,0.969173,-0.05225709
1356623759112,0.57935286,0.080246985,-0.81111693,-0.7851008,-0.2124562,-0.5817895,-0.21901369,0.97387004,-0.060085118
1356623759149,0.5708063,0.055090874,-0.8192345,-0.7971755,-0.20183939,-0.56900966,-0.19670105,0.97786796,-0.0712941
1356623759178,0.5530393,0.02540502,-0.8327678,-0.81441784,-0.19430485,-0.5467807,-0.1757018,0.98061216,-0.08676793
1356623759222,0.55506885,-0.0145204365,-0.8316776,-0.81711614,-0.19658557,-0.5419182,-0.15562695,0.98037916,-0.12098339
1356623759262,0.5679151,-0.0667125,-0.82037914,-0.8114743,-0.21221821,-0.5444933,-0.13777485,0.97494256,-0.1746574
1356623759342,0.61093724,-0.12903845,-0.781092,-0.78185105,-0.25332153,-0.5696816,-0.12435663,0.9587373,-0.2556524
1356623759345,0.63758856,-0.1813499,-0.7487276,-0.7615235,-0.29528964,-0.57696277,-0.11645937,0.9380385,-0.32637554
1356623759390,0.6377675,-0.21402976,-0.7398945,-0.76050365,-0.32715434,-0.56089586,-0.122011274,0.9204137,-0.37141883
1356623759433,0.6130217,-0.22970518,-0.7559365,-0.7783283,-0.3398987,-0.52789575,-0.13568142,0.9119783,-0.3871513
1356623759485,0.5417325,-0.22538233,-0.80977076,-0.8246963,-0.32874912,-0.46021736,-0.16248655,0.91712964,-0.3639661
1356623759524,0.4706809,-0.20911834,-0.8571633,-0.86198163,-0.31629705,-0.39616114,-0.18827367,0.9253246,-0.3291312
1356623759565,0.39466345,-0.18396431,-0.900221,-0.89393264,-0.30339003,-0.32990742,-0.21242687,0.9349394,-0.28418866
1356623759605,0.33052185,-0.15164685,-0.93153554,-0.91443276,-0.2957473,-0.27630818,-0.23359782,0.94315255,-0.23642185
1356623759645,0.27670038,-0.11402744,-0.95416695,-0.9271539,-0.29271662,-0.23388582,-0.25263113,0.9493759,-0.18671581
1356623759684,0.24358681,-0.07333639,-0.9671025,-0.9317652,-0.29448065,-0.21235546,-0.26921955,0.9528394,-0.14006391
1356623759725,0.22382331,-0.03318265,-0.9740647,-0.93242776,-0.29819906,-0.20409733,-0.2836927,0.95392674,-0.097684294
1356623759764,0.21955794,0.004436016,-0.97558933,-0.9297753,-0.30192202,-0.21062028,-0.29548627,0.9533223,-0.062164873
1356623759804,0.22926879,0.03663382,-0.97267354,-0.9245353,-0.3043313,-0.22938412,-0.3044182,0.95186156,-0.035904437
1356623759844,0.25081646,0.061327666,-0.9660901,-0.9167403,-0.30550522,-0.25739786,-0.31093124,0.9502133,-0.020404145
1356623759886,0.27845305,0.0783329,-0.95725024,-0.907207,-0.30578047,-0.28891847,-0.3153402,0.94887424,-0.014081374
1356623759924,0.30583775,0.08824235,-0.94798553,-0.89769477,-0.30498916,-0.3180026,-0.3171866,0.9482589,-0.014062479
1356623759966,0.32758573,0.092288405,-0.94030344,-0.89046466,-0.30253884,-0.3399162,-0.31584862,0.9486586,-0.016927853
1356623760039,0.34331158,0.09033963,-0.9348668,-0.8872322,-0.2953755,-0.35436186,-0.30814973,0.95110035,-0.021253556
1356623760059,0.34201384,0.081928045,-0.9361166,-0.89174604,-0.28585643,-0.35082075,-0.29633698,0.95476377,-0.024707854
1356623760102,0.32715547,0.069577545,-0.9424057,-0.9017346,-0.2752245,-0.33335632,-0.28256717,0.958859,-0.02730079
1356623760143,0.30348518,0.055217594,-0.9512348,-0.9148804,-0.2620757,-0.30709958,-0.26625285,0.9634663,-0.029018566
1356623760185,0.26780137,0.039315373,-0.96267164,-0.93089104,-0.24708936,-0.26905158,-0.24844372,0.96819484,-0.029572576
1356623760226,0.22499987,0.022861749,-0.9740906,-0.94731975,-0.22874954,-0.22418502,-0.22794798,0.9732169,-0.029811263
1356623760274,0.18177593,8.920729E-4,-0.98333955,-0.9617567,-0.20820391,-0.17797506,-0.20489392,0.97808504,-0.036988497
1356623760339,0.14742574,-0.031633884,-0.9885671,-0.97185004,-0.19034317,-0.13884181,-0.18377495,0.9812078,-0.05880484
1356623760356,0.15133551,-0.07938033,-0.98528993,-0.9742169,-0.18070951,-0.13507578,-0.16732895,0.98032784,-0.10468143
1356623760394,0.18756387,-0.1380932,-0.97249687,-0.96961427,-0.18433967,-0.16083199,-0.15705994,0.9731131,-0.16847265
1356623760434,0.23558214,-0.19518682,-0.952052,-0.9595674,-0.20199695,-0.196029,-0.1540494,0.95973915,-0.23488179
1356623760476,0.2665526,-0.2358667,-0.9345141,-0.95083046,-0.22300258,-0.21492174,-0.1577062,0.9458524,-0.28371114
1356623760514,0.26984787,-0.2551669,-0.92847836,-0.9480797,-0.23895001,-0.20987582,-0.16830659,0.936906,-0.30639866
1356623760554,0.25202873,-0.2559659,-0.933254,-0.9501764,-0.24825147,-0.18851018,-0.18342948,0.93426585,-0.30577925
1356623760598,0.21802795,-0.24051762,-0.94584095,-0.9549478,-0.2525177,-0.15591455,-0.20134142,0.9372225,-0.28473768
1356623760634,0.18946195,-0.21704319,-0.95759934,-0.95745933,-0.25702947,-0.1311776,-0.21766001,0.94171554,-0.25650734
1356623760675,0.16142464,-0.18706793,-0.96899307,-0.95903033,-0.26136726,-0.10930696,-0.23281524,0.94693863,-0.22159496
1356623760714,0.14384651,-0.1534828,-0.9776253,-0.9584352,-0.26757842,-0.09901434,-0.24639446,0.9512333,-0.18559355
1356623760754,0.13157666,-0.11804724,-0.9842522,-0.95690846,-0.27440703,-0.09501007,-0.25887004,0.95434046,-0.14906594
1356623760793,0.1257999,-0.08216864,-0.98864686,-0.95466155,-0.28105974,-0.09811592,-0.26980674,0.95616615,-0.113800526
1356623760835,0.12646925,-0.04820043,-0.9907987,-0.951989,-0.28660965,-0.10757241,-0.27878746,0.9568341,-0.08213353
1356623760874,0.13426995,-0.018582672,-0.9907706,-0.94870424,-0.29121304,-0.123107165,-0.2862376,0.95647776,-0.056730628
1356623760915,0.14961028,0.0049501657,-0.9887327,-0.94433767,-0.29560614,-0.14437267,-0.2929901,0.9552971,-0.03955114
1356623760953,0.17046297,0.02181217,-0.98512256,-0.9388546,-0.29992992,-0.16909775,-0.29915616,0.95371175,-0.03064841
1356623760994,0.19348246,0.03314686,-0.9805436,-0.9330505,-0.30273235,-0.19434485,-0.30328417,0.95249903,-0.027645737
1356623761035,0.21555007,0.040348798,-0.9756588,-0.9282237,-0.30178195,-0.21755067,-0.3032142,0.95252275,-0.027596384
1356623761075,0.23463076,0.044868916,-0.9710485,-0.9251442,-0.29635924,-0.23723283,-0.29842353,0.95402205,-0.028024808
1356623761116,0.25105292,0.046746016,-0.96684396,-0.92430216,-0.28505594,-0.2537886,-0.2874682,0.9573703,-0.028356686
1356623761164,0.26608065,0.045030534,-0.9628984,-0.9254847,-0.26743332,-0.2682487,-0.26959053,0.9625236,-0.029483706
1356623761207,0.27692336,0.039966047,-0.9600605,-0.9278479,-0.24864411,-0.27798256,-0.2498233,0.96777,-0.03177291
1356623761244,0.28319573,0.031793088,-0.9585351,-0.93145275,-0.2289679,-0.2827889,-0.22846451,0.9729147,-0.035228968
1356623761286,0.28288192,0.020548612,-0.9589346,-0.9368129,-0.20861042,-0.28082627,-0.2058143,0.9777829,-0.03976187
1356623761342,0.27684134,0.0051163435,-0.960902,-0.9434637,-0.18827015,-0.27281973,-0.18230498,0.98210394,-0.0472939
1356623761365,0.2701651,-0.017979413,-0.9626461,-0.9494903,-0.1707322,-0.26328415,-0.15962103,0.9851534,-0.063197166
1356623761405,0.27791643,-0.056737155,-0.9589282,-0.9504372,-0.16110158,-0.26592365,-0.13939711,0.98530567,-0.0986979
1356623761448,0.30515444,-0.11219397,-0.94567084,-0.944347,-0.16374457,-0.28530067,-0.12283948,0.9801021,-0.15591738
1356623761484,0.34911796,-0.17576838,-0.92044675,-0.930483,-0.18136021,-0.31829214,-0.11098674,0.9675815,-0.22686559
1356623761524,0.39181784,-0.23114109,-0.890535,-0.9139093,-0.20935848,-0.34776244,-0.106058866,0.9501277,-0.29327244
1356623761565,0.4154061,-0.26520085,-0.8701185,-0.9029261,-0.23618768,-0.3590819,-0.11028248,0.93481755,-0.33757055
1356623761608,0.413886,-0.27508476,-0.86777115,-0.901852,-0.25368947,-0.34972098,-0.12394151,0.92734575,-0.35308424
1356623761646,0.39364827,-0.2660089,-0.87993205,-0.9080568,-0.26151794,-0.32717174,-0.14308739,0.92781883,-0.3444973
1356623761684,0.35998315,-0.24252138,-0.90088594,-0.9183835,-0.26213384,-0.29640767,-0.16426754,0.9340606,-0.3170914
1356623761724,0.32150802,-0.20941004,-0.92346096,-0.9286891,-0.26011392,-0.26434314,-0.1848489,0.94259655,-0.2781056
1356623761763,0.28497717,-0.1706526,-0.9432209,-0.9364995,-0.2593479,-0.23602381,-0.20434433,0.9505874,-0.2337243
1356623761804,0.25577307,-0.12960213,-0.9580101,-0.9406975,-0.26181668,-0.21573162,-0.2228638,0.9563761,-0.18888202
1356623761845,0.23537263,-0.088458985,-0.9678713,-0.9417157,-0.26703528,-0.2046062,-0.24035648,0.95961833,-0.14615607
1356623761884,0.22659487,-0.049948066,-0.9727075,-0.93991125,-0.27307427,-0.20493266,-0.25538537,0.9606954,-0.108823955
1356623761925,0.22549054,-0.016364515,-0.9741079,-0.93685466,-0.27798536,-0.212197,-0.2673152,0.96044594,-0.078014255
1356623761964,0.23208737,0.010969371,-0.97263306,-0.9326931,-0.28129983,-0.22572947,-0.2760777,0.9595572,-0.055055022
1356623762004,0.24332678,0.030746907,-0.9694569,-0.92788005,-0.28377336,-0.2418913,-0.28254342,0.95839834,-0.04052028
1356623762044,0.25641006,0.043536276,-0.96558714,-0.92280257,-0.2861752,-0.25795177,-0.28755736,0.9571878,-0.033202767
1356623762084,0.26756987,0.050882816,-0.96219397,-0.91858697,-0.28798315,-0.2706726,-0.29086825,0.95628273,-0.03031534
1356623762124,0.27387312,0.054473132,-0.960222,-0.9165144,-0.28786,-0.27773714,-0.29153875,0.95612204,-0.02891171
1356623762166,0.27391866,0.055430204,-0.9601542,-0.9173268,-0.28486237,-0.27814582,-0.28892943,0.9569645,-0.027181536
1356623762204,0.26813972,0.053976566,-0.96186674,-0.9208298,-0.27909094,-0.27236143,-0.28314948,0.95874643,-0.025132105
1356623762244,0.25879058,0.04973954,-0.964652,-0.92628336,-0.27041504,-0.26244047,-0.27391,0.9614582,-0.02390799
1356623762286,0.2467717,0.041810095,-0.96817124,-0.9332934,-0.2587185,-0.24905455,-0.2608968,0.9650475,-0.024823308
1356623762327,0.2289255,0.030596644,-0.972963,-0.94183636,-0.24566904,-0.22932732,-0.24604356,0.96887076,-0.027422845
1356623762362,0.20748585,0.017028004,-0.97808975,-0.951138,-0.2302013,-0.20577615,-0.22866148,0.972994,-0.031567544
1356623762405,0.180771,5.149543E-4,-0.98352504,-0.9609653,-0.21286166,-0.17673597,-0.2094458,0.97708213,-0.03798434
1356623762444,0.15695572,-0.02115649,-0.98737895,-0.96933955,-0.19469416,-0.14991641,-0.18906525,0.98063576,-0.05106616
1356623762483,0.14994836,-0.053522944,-0.987244,-0.9740536,-0.1791985,-0.13822976,-0.16951415,0.98235595,-0.079004765
1356623762525,0.1762051,-0.10206792,-0.9790475,-0.9722469,-0.17355788,-0.15688738,-0.1539082,0.9795202,-0.12981707
1356623762571,0.23550889,-0.16258007,-0.9581771,-0.9610315,-0.18580368,-0.20468396,-0.14475527,0.9690432,-0.20000294
1356623762606,0.30375072,-0.21908516,-0.92722017,-0.9421051,-0.21414897,-0.25802746,-0.14203328,0.9519149,-0.27144915
1356623762643,0.35516676,-0.25824457,-0.8984243,-0.9234763,-0.24608651,-0.29433477,-0.14507979,0.9342115,-0.32588446
1356623762684,0.3768679,-0.27593702,-0.8842111,-0.9133976,-0.269284,-0.30527186,-0.15386814,0.9226835,-0.35352468
1356623762725,0.36845675,-0.27409506,-0.8883195,-0.91432655,-0.27959535,-0.29297346,-0.16806743,0.92016214,-0.35363117
1356623762767,0.3415634,-0.25808978,-0.9037278,-0.92160857,-0.2805438,-0.2682027,-0.1843149,0.92449164,-0.33368126
1356623762805,0.2880879,-0.23689497,-0.9278395,-0.93639255,-0.27249306,-0.22117096,-0.20043552,0.9325387,-0.3003286
1356623762844,0.27340722,-0.19783816,-0.9413334,-0.937399,-0.2742623,-0.21462333,-0.2157116,0.9410846,-0.2604386
1356623762887,0.24620685,-0.15661985,-0.9564792,-0.94128317,-0.27385905,-0.19745189,-0.2310156,0.94893175,-0.21484959
1356623762924,0.2268914,-0.11557153,-0.9670385,-0.9427141,-0.2753982,-0.18827114,-0.24456188,0.95435786,-0.1714364
1356623762964,0.21052492,-0.076206,-0.9746137,-0.94338953,-0.2772264,-0.18210366,-0.25631124,0.95777774,-0.13025501
1356623763003,0.20135248,-0.039028227,-0.97874105,-0.94283104,-0.27862865,-0.1828542,-0.26556885,0.9596056,-0.09289953
1356623763044,0.19973928,-0.005704522,-0.97983253,-0.9414032,-0.27848142,-0.19028413,-0.2717797,0.96042466,-0.06099391
1356623763083,0.20587647,0.022250623,-0.978325,-0.939077,-0.2766859,-0.20391002,-0.27522588,0.9607028,-0.036068052
1356623763122,0.2196213,0.043917507,-0.97459614,-0.9352951,-0.27464712,-0.22314116,-0.27746984,0.9605416,-0.019242525
1356623763163,0.23922884,0.059260637,-0.96915317,-0.9296216,-0.274175,-0.24623567,-0.2803096,0.9598523,-0.01050064
1356623763199,0.2602247,0.06969532,-0.9630294,-0.9229708,-0.27495962,-0.26929927,-0.28356314,0.9589263,-0.007224515
1356623763240,0.28010118,0.075897545,-0.9569655,-0.91641045,-0.2757423,-0.29010016,-0.28589374,0.95823056,-0.0076824576
1356623763285,0.2966765,0.07853627,-0.9517432,-0.9110735,-0.2754332,-0.30672726,-0.28623086,0.95810676,-0.010162249
1356623763328,0.3090301,0.077801585,-0.9478646,-0.9075362,-0.2739019,-0.31836402,-0.28439122,0.9586055,-0.014036164
1356623763361,0.31513175,0.07375896,-0.9461774,-0.90648246,-0.27183595,-0.32310203,-0.28103667,0.95951295,-0.018802986
1356623763406,0.31665298,0.066122204,-0.946234,-0.90755606,-0.26894882,-0.3225036,-0.2758131,0.9608822,-0.025153875
1356623763443,0.3123255,0.054284662,-0.94842285,-0.911322,-0.26476768,-0.31526223,-0.2682256,0.9627831,-0.033222854
1356623763484,0.3023666,0.038313687,-0.95242137,-0.91782284,-0.25795817,-0.30175957,-0.25724643,0.96539605,-0.042832747
1356623763524,0.2874173,0.0180054,-0.9576362,-0.9268166,-0.24703896,-0.28281218,-0.24166554,0.9688383,-0.054315567
1356623763564,0.26960462,-0.007311046,-0.9629434,-0.93707156,-0.2323494,-0.260597,-0.221834,0.972605,-0.0694935
1356623763605,0.26341408,-0.04075271,-0.96382165,-0.9441346,-0.21600556,-0.2489003,-0.19804752,0.97554123,-0.09537497
1356623763645,0.28130814,-0.08508071,-0.9558383,-0.9437206,-0.20507976,-0.2594873,-0.17394575,0.9750403,-0.13798305
1356623763685,0.34421578,-0.14088076,-0.9282608,-0.926295,-0.21235922,-0.31125733,-0.15327457,0.96698296,-0.2035945
1356623763724,0.43036357,-0.19497484,-0.8813467,-0.89189285,-0.24217907,-0.38193753,-0.13897553,0.95043886,-0.27812174
1356623763765,0.50869334,-0.23412481,-0.82850266,-0.8506756,-0.28489256,-0.4418001,-0.1325979,0.92952764,-0.3440872
1356623763806,0.5547824,-0.25405538,-0.7922578,-0.82131016,-0.319354,-0.47271836,-0.13291407,0.91294515,-0.38583022
1356623763845,0.5623568,-0.25863537,-0.785406,-0.8148513,-0.33484986,-0.47317326,-0.14061376,0.9060813,-0.39905444
1356623763883,0.5383265,-0.25186545,-0.8042191,-0.8284586,-0.33307976,-0.45023793,-0.15446976,0.9086372,-0.38796574
1356623763924,0.49131048,-0.23608598,-0.83837783,-0.8538339,-0.3206277,-0.41007987,-0.1719931,0.917312,-0.35910594
1356623763964,0.428526,-0.21217862,-0.8782629,-0.88299346,-0.30440882,-0.35729238,-0.1915412,0.9286094,-0.31779942
1356623764004,0.36406103,-0.18181041,-0.9134575,-0.9070641,-0.291833,-0.30342773,-0.21141067,0.93903065,-0.27115873
1356623764043,0.3027659,-0.14725241,-0.9416206,-0.9246814,-0.28470713,-0.25279626,-0.23086128,0.94723725,-0.22236118
1356623764084,0.2522987,-0.11030534,-0.96134174,-0.9351703,-0.28303123,-0.21295485,-0.24859974,0.9527465,-0.1745627
1356623764125,0.21378925,-0.07273972,-0.9741679,-0.94061244,-0.2845287,-0.18517992,-0.26370877,0.9559039,-0.12924907
1356623764164,0.19276929,-0.03612411,-0.9805789,-0.94189715,-0.28696138,-0.17459339,-0.27508125,0.9572608,-0.089342535
1356623764205,0.18658245,-0.002521336,-0.98243606,-0.9409768,-0.28790534,-0.17796966,-0.28239986,0.95765555,-0.056090623
1356623764244,0.20023823,0.027828366,-0.979352,-0.93684936,-0.28710747,-0.19970635,-0.28673673,0.95749414,-0.03141892
1356623764284,0.2305038,0.05325839,-0.9716128,-0.92906046,-0.2848509,-0.23602262,-0.28933498,0.9570912,-0.016178936
1356623764350,0.27274662,0.074246764,-0.9592167,-0.91707116,-0.2813393,-0.2825395,-0.29084304,0.9567317,-0.008644745
1356623764364,0.318471,0.09096658,-0.94355774,-0.9023436,-0.27588177,-0.33115754,-0.2904347,0.95687735,-0.005777195
1356623764403,0.3614058,0.10355377,-0.9266404,-0.88709617,-0.2678569,-0.37591636,-0.28713453,0.9578775,-0.004942879
1356623764443,0.3984569,0.111276686,-0.9104118,-0.87336755,-0.25711176,-0.41366988,-0.28010935,0.9599537,-0.005262539
1356623764483,0.42637867,0.113942236,-0.8973396,-0.86303234,-0.24583668,-0.4412931,-0.2708809,0.96259105,-0.006483689
1356623764525,0.4455361,0.11138585,-0.8883078,-0.85668683,-0.2350857,-0.45915407,-0.2599717,0.96557134,-0.009316415
1356623764563,0.45593542,0.10298532,-0.8840344,-0.85488147,-0.22564304,-0.4671861,-0.24758956,0.9687513,-0.014838412
1356623764614,0.45686138,0.087406814,-0.88523316,-0.8585802,-0.21692544,-0.46452498,-0.23263219,0.97226715,-0.024059117
1356623764655,0.43496373,0.06489825,-0.89810616,-0.8739931,-0.20956203,-0.43842867,-0.21666223,0.9756392,-0.03443122
1356623764694,0.40462947,0.03800431,-0.9136907,-0.89260256,-0.20082873,-0.40364385,-0.19883561,0.97888887,-0.04733844
1356623764734,0.3747603,0.004340142,-0.9271115,-0.9095626,-0.19197765,-0.36856532,-0.17958435,0.98138964,-0.06799796
1356623764782,0.36891407,-0.040007114,-0.9286021,-0.915374,-0.18893605,-0.3555189,-0.16122308,0.9811741,-0.106322646
1356623764814,0.39802793,-0.09275958,-0.91267157,-0.90545166,-0.19959137,-0.37459365,-0.14741424,0.97547877,-0.16343224
1356623764862,0.47200122,-0.1464237,-0.8693532,-0.870157,-0.23572806,-0.4327343,-0.14156842,0.9607249,-0.23867553
1356623764896,0.54232854,-0.1864633,-0.8192138,-0.8281322,-0.28308088,-0.4837999,-0.14169288,0.9407958,-0.30793905
1356623764935,0.5850475,-0.20927575,-0.78353244,-0.79749453,-0.3240319,-0.50892615,-0.14738357,0.92260873,-0.3564703
1356623764974,0.5964643,-0.21783358,-0.77251464,-0.7870752,-0.34736073,-0.5097579,-0.15729886,0.91207945,-0.3786397
