1356624612899,0.16496426,0.070733756,-0.9837599,-0.97771347,0.14305025,-0.15366483,0.12985781,0.9871845,0.092755556
1356624612950,0.2655252,0.055528283,-0.96250355,-0.9553187,0.1496208,-0.25491136,0.12985578,0.98718303,0.092775315
1356624612992,0.26561224,0.055529207,-0.9624795,-0.95529556,0.14962149,-0.25499752,0.1298478,0.98718286,0.09278813
1356624613031,0.26611,0.055222005,-0.96235955,-0.9551593,0.14957201,-0.25553626,0.1298308,0.9872075,0.09254846
1356624613069,0.26751477,0.054101437,-0.96203375,-0.9547672,0.14940959,-0.25709182,0.129828,0.98729414,0.091623545
1356624613112,0.2700582,0.051612526,-0.96145964,-0.95404017,0.14907074,-0.25997186,0.1299077,0.9874786,0.08949822
1356624613152,0.27373573,0.047582835,-0.9606272,-0.95295155,0.14862254,-0.2641867,0.13020006,0.9877485,0.08602741
1356624613189,0.27835104,0.04230246,-0.9595474,-0.9515195,0.14828572,-0.26948494,0.13088727,0.98803943,0.081527114
1356624613233,0.2835096,0.036600977,-0.95827067,-0.9498236,0.14839697,-0.2753425,0.13212669,0.9882504,0.07683647
1356624613271,0.28882238,0.03144443,-0.95686615,-0.94795406,0.14931592,-0.2812255,0.13403234,0.9882894,0.072933674
1356624613313,0.29421765,0.027390838,-0.95534587,-0.9459348,0.15115148,-0.2869856,0.13654122,0.98813105,0.07038137
1356624613349,0.29994202,0.024266869,-0.9536487,-0.94373286,0.1535185,-0.29291677,0.1392945,0.9878477,0.06894812
1356624613395,0.30582497,0.021936595,-0.951835,-0.9414082,0.15628663,-0.29887295,0.1422028,0.9874681,0.06844765
1356624613454,0.31234258,0.020321518,-0.94975215,-0.9388807,0.15891492,-0.30536708,0.14472431,0.9870831,0.06871539
1356624613478,0.31784505,0.020944685,-0.94791126,-0.9367771,0.16127121,-0.31054825,0.14636645,0.98668784,0.07087976
1356624613528,0.322545,0.024964362,-0.9462248,-0.935164,0.16301686,-0.31447375,0.14639995,0.9863074,0.075926065
1356624613563,0.32641292,0.031578064,-0.94469965,-0.9340221,0.16420949,-0.31723467,0.145111,0.98591995,0.083094716
1356624613605,0.32705203,0.042384624,-0.9440554,-0.93423873,0.16487786,-0.31624883,0.14224976,0.9854029,0.09352097
1356624613649,0.32521808,0.057105333,-0.9439132,-0.93550515,0.1651693,-0.3123287,0.13806987,0.9846107,0.107138366
1356624613692,0.3200011,0.07720512,-0.94426614,-0.93810457,0.16522023,-0.30440417,0.13251024,0.9832301,0.12529719
1356624613730,0.314959,0.09939563,-0.9438863,-0.9405931,0.1655832,-0.2964234,0.12682852,0.9811741,0.14564276
1356624613769,0.3085089,0.12494388,-0.94298005,-0.94341457,0.16693857,-0.2865319,0.121619344,0.97801864,0.16937593
1356624613837,0.30308837,0.15268204,-0.9406517,-0.9456593,0.17015743,-0.27708277,0.11775333,0.9735166,0.19595799
1356624613850,0.3001871,0.18141186,-0.9364708,-0.94684124,0.17571807,-0.26947156,0.11566955,0.96758103,0.22451651
1356624613891,0.30179557,0.20896766,-0.93018925,-0.9463768,0.18364611,-0.26579136,0.11528388,0.96052414,0.2531857
1356624613929,0.30737817,0.2345736,-0.92222226,-0.9444072,0.19402933,-0.26541975,0.11667773,0.95253766,0.28117332
1356624613970,0.31645718,0.25773728,-0.9129219,-0.94096637,0.2071887,-0.2676848,0.12015477,0.94373953,0.30808845
1356624614010,0.32853508,0.27765736,-0.90275747,-0.93612754,0.22264785,-0.27220038,0.1254186,0.9345236,0.33307034
1356624614052,0.34074616,0.29546884,-0.892519,-0.9307692,0.2398299,-0.2759535,0.13251707,0.92475927,0.3567344
1356624614090,0.35326603,0.3105539,-0.88247335,-0.9249269,0.2575113,-0.27963915,0.14040375,0.91501045,0.37820974
1356624614133,0.3640579,0.3241139,-0.87316215,-0.9193092,0.2754714,-0.2810448,0.14944077,0.9050225,0.39824837
1356624614171,0.3744648,0.3351845,-0.8645388,-0.9135849,0.29280055,-0.28218874,0.15855214,0.89549935,0.41586298
1356624614209,0.38382626,0.34434828,-0.85679734,-0.9080931,0.3090331,-0.2826047,0.16746426,0.8865229,0.43131533
1356624614250,0.3927226,0.35177934,-0.8497178,-0.902807,0.3235252,-0.28332138,0.17523855,0.8783978,0.44464445
1356624614289,0.40111297,0.35802346,-0.84316516,-0.89796966,0.33555043,-0.28470373,0.1809938,0.87133515,0.4560879
1356624614329,0.40888903,0.36355674,-0.83704025,-0.89381194,0.34462532,-0.28693843,0.18414694,0.86548245,0.46586478
1356624614370,0.41572335,0.36883563,-0.83134496,-0.8906768,0.35006812,-0.2900812,0.1840351,0.86105317,0.4740448
1356624614410,0.42165992,0.373652,-0.82618827,-0.88871527,0.35113868,-0.29476565,0.17996687,0.858537,0.4801314
1356624614450,0.4268251,0.37732583,-0.82185495,-0.88781923,0.34772438,-0.3014378,0.1720387,0.8583198,0.48341465
1356624614494,0.43205008,0.37794727,-0.8188337,-0.8874633,0.3397024,-0.31146616,0.16044196,0.8612538,0.4821828
1356624614529,0.4382986,0.37369335,-0.8174642,-0.8864291,0.33026168,-0.32430053,0.14878815,0.8667644,0.47600585
1356624614569,0.44873783,0.3588456,-0.81845236,-0.8829278,0.31955525,-0.34398112,0.13810465,0.8769916,0.4602313
1356624614610,0.4627271,0.33467773,-0.8208986,-0.8768213,0.30925038,-0.3681694,0.1306451,0.8901433,0.4365511
1356624614650,0.481755,0.29802635,-0.8240707,-0.86686814,0.29972205,-0.39837965,0.12826452,0.90628195,0.40274215
1356624614691,0.50421476,0.25042468,-0.8264714,-0.85349125,0.29035497,-0.43272018,0.13160628,0.92357004,0.3601365
1356624614729,0.52710253,0.19582778,-0.8269307,-0.8382512,0.27970654,-0.4680803,0.13963479,0.93990195,0.3115869
1356624614771,0.54709864,0.13927254,-0.82540065,-0.82343256,0.26679987,-0.5007762,0.15047246,0.9536357,0.26064736
1356624614836,0.5617145,0.0850876,-0.82294405,-0.81118935,0.25217295,-0.5276178,0.16263044,0.96393406,0.21067138
1356624614846,0.56987286,0.03544131,-0.8209683,-0.8027929,0.23727646,-0.5470132,0.17540959,0.97079545,0.16366944
1356624614887,0.5698618,-0.0056753457,-0.82172096,-0.8001584,0.22384179,-0.5564542,0.18709353,0.9746089,0.12301773
1356624614930,0.5638635,-0.038532823,-0.82496864,-0.8020097,0.21281895,-0.55811155,0.19707459,0.9763316,0.08909711
1356624614970,0.5510423,-0.062223017,-0.8321542,-0.8089871,0.20475814,-0.55101174,0.20467597,0.9768328,0.062492758
1356624615012,0.53340155,-0.077542454,-0.8423004,-0.81946015,0.19947885,-0.53730166,0.20968476,0.9768292,0.042859375
1356624615050,0.509943,-0.08550492,-0.8559481,-0.83358157,0.19653694,-0.51625097,0.21236745,0.9767611,0.028947294
1356624615092,0.4837948,-0.087741524,-0.87077206,-0.8490195,0.19440258,-0.49129787,0.21238762,0.97698987,0.019556642
1356624615130,0.45379895,-0.08650032,-0.8868959,-0.86580706,0.19266425,-0.4617993,0.21081892,0.97744477,0.012538254
1356624615170,0.42371672,-0.084266126,-0.9018666,-0.88158625,0.19028734,-0.4319681,0.20801407,0.9781053,0.0063400865
1356624615210,0.3927433,-0.08221048,-0.9159663,-0.8964498,0.18807423,-0.40125537,0.20525709,0.97870815,1.6734004E-4
1356624615250,0.36175102,-0.08092797,-0.9287555,-0.90970755,0.18722664,-0.37064597,0.20388338,0.97897744,-0.0058913827
1356624615289,0.33012688,-0.07949063,-0.94058347,-0.9214722,0.18895634,-0.33938828,0.20470735,0.97876287,-0.010868818
1356624615329,0.29670885,-0.07603049,-0.9519366,-0.93228173,0.19292495,-0.30599144,0.20691696,0.9782635,-0.013639271
1356624615370,0.26047733,-0.068553686,-0.9630431,-0.94285583,0.19660887,-0.26901272,0.20778465,0.97808254,-0.013424128
1356624615409,0.22056475,-0.05632627,-0.97374463,-0.9538182,0.19626084,-0.22740388,0.2039167,0.9789326,-0.010436773
1356624615452,0.17844775,-0.039434373,-0.9831588,-0.96511,0.18757668,-0.18269545,0.19162211,0.981458,-0.004585862
1356624615490,0.13736615,-0.022093236,-0.99027395,-0.975106,0.17267182,-0.1391145,0.17406595,0.9847317,0.0021759868
1356624615532,0.10197276,-0.0056187212,-0.99477136,-0.98321354,0.15152478,-0.10164383,0.15130368,0.98843753,0.009926975
1356624615570,0.07661602,0.008126736,-0.99702764,-0.9885746,0.13080594,-0.0749003,0.12980846,0.99137473,0.018055677
1356624615609,0.061228335,0.021345347,-0.9978955,-0.99186337,0.1131013,-0.058438957,0.11161587,0.99335414,0.028096676
1356624615651,0.057756424,0.035616904,-0.9976952,-0.9935559,0.09967595,-0.053958476,0.097524405,0.9943823,0.04114431
1356624615690,0.06610939,0.052031517,-0.9964549,-0.99404836,0.0900937,-0.061245352,0.08658761,0.99457324,0.057677865
1356624615729,0.08427623,0.07207003,-0.9938327,-0.9934206,0.08369395,-0.07817203,0.077543885,0.9938819,0.07864934
1356624615769,0.11073962,0.09698796,-0.98910564,-0.99137545,0.080958456,-0.10305521,0.07008129,0.99198735,0.105116814
1356624615836,0.14176953,0.12895659,-0.981464,-0.9877484,0.08375996,-0.13167188,0.06522742,0.9881065,0.13925129
1356624615846,0.17419446,0.16995099,-0.9699345,-0.9825704,0.09491563,-0.15983278,0.06489819,0.9808709,0.18352258
1356624615888,0.20533994,0.21944067,-0.9537722,-0.97616863,0.11584023,-0.18350962,0.0702157,0.96872437,0.23799777
1356624615931,0.23158243,0.27579805,-0.9329014,-0.9693953,0.14576408,-0.19754875,0.081499934,0.9500991,0.30111378
1356624615972,0.2538481,0.33309057,-0.90808135,-0.96226656,0.18209031,-0.20220318,0.098000824,0.92514527,0.36674523
1356624616010,0.278599,0.3776144,-0.8830571,-0.9534699,0.21906558,-0.20713648,0.11522964,0.8996763,0.4210754
1356624616055,0.30816028,0.40040618,-0.8629671,-0.9422154,0.25375524,-0.21872005,0.13140559,0.8805016,0.4554661
1356624616090,0.34463328,0.40011895,-0.84919536,-0.92765033,0.28377914,-0.24276361,0.14384964,0.87142074,0.46897024
1356624616129,0.3882907,0.37223867,-0.8430117,-0.90862894,0.30722135,-0.2828579,0.15370053,0.87581587,0.45751798
1356624616170,0.4363346,0.3211819,-0.84050834,-0.8852043,0.3207078,-0.33698627,0.1613237,0.89106035,0.42424753
1356624616210,0.48379245,0.2544312,-0.8373826,-0.85931677,0.31945947,-0.3993999,0.16589004,0.91280365,0.3731891
1356624616249,0.5264894,0.18017566,-0.8308704,-0.8335707,0.30163813,-0.46278965,0.16723874,0.93624306,0.30899847
1356624616289,0.56182855,0.106087774,-0.8204231,-0.8102143,0.2708165,-0.5198186,0.16703781,0.9567674,0.23810622
1356624616349,0.58940834,0.035974354,-0.8070339,-0.7903111,0.23263162,-0.5668253,0.16735047,0.9718994,0.16554593
1356624616366,0.60856175,-0.02415225,-0.793139,-0.7753447,0.19452849,-0.6008322,0.16879961,0.9805995,0.09965627
1356624616413,0.6203449,-0.07315186,-0.7809104,-0.7654017,0.16094825,-0.6231019,0.17126721,0.9842482,0.04385288
1356624616443,0.6245861,-0.10962415,-0.77322364,-0.7614339,0.1345121,-0.6341333,0.17352429,0.9848295,5.428493E-4
1356624616486,0.6224978,-0.13453081,-0.77097213,-0.7628516,0.11572053,-0.6361339,0.17479691,0.9841292,-0.03059125
1356624616529,0.61315316,-0.14879045,-0.7758251,-0.77042043,0.104472764,-0.62891793,0.17462957,0.98333454,-0.05057341
1356624616572,0.5969787,-0.15309492,-0.7875141,-0.78338444,0.10042375,-0.613371,0.17298916,0.98309565,-0.059981346
1356624616610,0.5735251,-0.14755389,-0.8057896,-0.80126953,0.10356365,-0.5892722,0.17039993,0.983617,-0.058834106
1356624616649,0.54216385,-0.133906,-0.82953453,-0.8233385,0.11254032,-0.55628085,0.16784546,0.98458314,-0.04923469
1356624616689,0.50390136,-0.11371341,-0.8562434,-0.8478737,0.12413502,-0.5154616,0.16490471,0.9857281,-0.03386283
1356624616729,0.4601214,-0.08875784,-0.8834083,-0.87340105,0.13356306,-0.46832845,0.1595585,0.9870577,-0.016065955
1356624616770,0.4139582,-0.061609775,-0.9082086,-0.89784086,0.13684444,-0.41851565,0.15006793,0.98867476,0.0013321042
1356624616848,0.37057284,-0.03624627,-0.92809594,-0.91857374,0.13359341,-0.3719882,0.13747072,0.99037325,0.016211212
1356624616850,0.3350171,-0.014442444,-0.94210136,-0.9340826,0.12597254,-0.33409682,0.12350404,0.9919287,0.028712511
1356624616886,0.31155705,0.0031615496,-0.95022213,-0.94370085,0.1180315,-0.30902612,0.11117908,0.9930048,0.039757133
1356624616932,0.30048344,0.018300116,-0.9536114,-0.94838595,0.11198369,-0.29668784,0.10135946,0.9935415,0.051004827
1356624616970,0.30454758,0.031044811,-0.9519911,-0.9478847,0.10811862,-0.29970816,0.09362355,0.9936532,0.062354177
1356624617009,0.3179316,0.04401338,-0.9470915,-0.9441415,0.10604036,-0.31201336,0.08669716,0.9933872,0.07526845
1356624617050,0.34014204,0.0594891,-0.9384905,-0.93697035,0.10627553,-0.33285445,0.07993734,0.99255556,0.09188837
1356624617090,0.36725315,0.081002265,-0.9265872,-0.9271364,0.111623794,-0.35771275,0.07445371,0.9904438,0.11609429
1356624617129,0.39488932,0.112782985,-0.9117798,-0.91580355,0.1274549,-0.38086644,0.0732556,0.9854113,0.15361759
1356624617170,0.42069367,0.15631211,-0.8936349,-0.9036943,0.1587539,-0.3976605,0.079708934,0.97486603,0.20804513
1356624617209,0.44484976,0.20550328,-0.8717093,-0.890636,0.2038959,-0.40644053,0.09421313,0.95718074,0.27373165
1356624617249,0.4691961,0.24754134,-0.84769,-0.8758317,0.25329182,-0.41080654,0.113021284,0.9351826,0.33564812
1356624617291,0.49599347,0.2689786,-0.8256155,-0.85838497,0.29534766,-0.4194581,0.13101843,0.9167444,0.37737763
1356624617329,0.5245246,0.26571006,-0.80887085,-0.83893317,0.32325768,-0.43783048,0.14513779,0.9082415,0.39246958
1356624617370,0.5537095,0.23606625,-0.79854774,-0.81808054,0.33318108,-0.46875864,0.1554029,0.91283244,0.3776067
1356624617418,0.58090514,0.18348023,-0.7930223,-0.7978054,0.3215484,-0.51001287,0.16141775,0.9289465,0.33317065
1356624617459,0.59949213,0.12951314,-0.7898326,-0.78340274,0.29712558,-0.5458905,0.16397944,0.9460141,0.27958542
1356624617499,0.6120843,0.07677901,-0.7870563,-0.77357453,0.2646913,-0.57577854,0.16411927,0.9612718,0.22140768
1356624617539,0.61903197,0.027868778,-0.7848712,-0.7682681,0.22888319,-0.59781,0.16298363,0.97305495,0.16309667
1356624617579,0.620595,-0.01508981,-0.7839861,-0.76732963,0.19417559,-0.6111472,0.16145298,0.98085064,0.108925566
1356624617619,0.61689216,-0.050935626,-0.78539777,-0.77061516,0.1637605,-0.6159016,0.15998852,0.9851843,0.061770782
1356624617660,0.6072641,-0.078762054,-0.7905865,-0.77851176,0.13963352,-0.61190027,0.15858689,0.98706585,0.023477256
1356624617699,0.58995134,-0.097626865,-0.8015151,-0.7919826,0.123331964,-0.5979572,0.1572291,0.9875516,-0.004558921
1356624617740,0.56359774,-0.10682768,-0.81911266,-0.81108224,0.11634135,-0.57324535,0.15653512,0.98744744,-0.021076292
1356624617780,0.5242928,-0.1063256,-0.8448739,-0.83685327,0.119129196,-0.5343078,0.15745977,0.9871692,-0.026520371
1356624617838,0.47015953,-0.09547347,-0.8774024,-0.86795574,0.1302161,-0.4792668,0.16000918,0.9868783,-0.021644384
1356624617859,0.3968712,-0.07374084,-0.91490734,-0.9035432,0.14406449,-0.4035531,0.16156396,0.9868169,-0.009452999
1356624617899,0.30393445,-0.042443663,-0.95174706,-0.93943477,0.15273339,-0.30681387,0.1583859,0.9873556,0.0065478683
1356624617939,0.1966264,-0.0066761672,-0.98045576,-0.96915925,0.15018502,-0.19538367,0.1485542,0.9886354,0.023060054
1356624617980,0.08712298,0.026676059,-0.9958403,-0.9872581,0.13593048,-0.08273092,0.13315806,0.9903592,0.0381788
1356624618020,-0.011073381,0.053531915,-0.9985047,-0.99329376,0.11433944,0.017145574,0.11508626,0.9919984,0.051906824
1356624618060,-0.08785695,0.07359192,-0.99341106,-0.9913207,0.0914498,0.0944466,0.09779778,0.99308676,0.06491864
1356624618101,-0.13856316,0.08901745,-0.98634475,-0.98693806,0.070231915,0.14498502,0.08217901,0.99355084,0.07812321
1356624618140,-0.15926057,0.10077712,-0.98207945,-0.9848722,0.05258727,0.16510972,0.06828421,0.99351823,0.09087747
1356624618181,-0.15651846,0.1122182,-0.98127925,-0.98614043,0.03760594,0.16159445,0.05503574,0.9929717,0.10477692
1356624618219,-0.13048577,0.12680608,-0.9833075,-0.9905003,0.026730776,0.13488743,0.04338917,0.99156725,0.122113466
1356624618262,-0.10542625,0.15589094,-0.9821321,-0.9937819,0.019056916,0.1097016,0.03581795,0.98759043,0.15291241
1356624618300,-0.08264512,0.20051324,-0.9761988,-0.9959923,0.016988754,0.08781043,0.03419146,0.9795437,0.19830567
1356624618339,-0.08373129,0.26481435,-0.96065724,-0.99563587,0.017635643,0.091641486,0.041209698,0.9641381,0.26218206
1356624618378,-0.09955573,0.3351799,-0.93687946,-0.9935409,0.018041015,0.11203113,0.054452896,0.94198143,0.3312188
1356624618420,-0.11529809,0.39238337,-0.91254675,-0.9909502,0.01813072,0.1330001,0.06873217,0.919623,0.3867419
1356624618459,-0.11776382,0.42389357,-0.8980233,-0.98976755,0.023269296,0.14077869,0.08057153,0.90541303,0.4168159
1356624618499,-0.10210854,0.4272127,-0.898367,-0.99070156,0.037953913,0.13065201,0.08991271,0.9033542,0.4193648
1356624618539,-0.070186436,0.40521494,-0.91152334,-0.9927788,0.06074071,0.10344511,0.09728411,0.91220146,0.3980256
1356624618578,-0.029432833,0.3646545,-0.93067753,-0.9942831,0.08492583,0.06471977,0.10263893,0.92726195,0.3600702
1356624618622,0.017238975,0.30838338,-0.9511059,-0.99410105,0.10716003,0.016727,0.10707885,0.945207,0.30841163
1356624618659,0.054663837,0.24981299,-0.9667498,-0.99217844,0.12240523,-0.024471551,0.11222193,0.9605261,0.25455022
1356624618701,0.08643922,0.1898272,-0.9780051,-0.9890138,0.13451299,-0.061303794,0.11991733,0.9725595,0.19936883
1356624618740,0.10242027,0.13608676,-0.9853884,-0.9863611,0.14220494,-0.082882136,0.12884793,0.98043764,0.1487954
1356624618779,0.10532886,0.08990559,-0.990365,-0.98482454,0.14757055,-0.091343164,0.13793647,0.98495686,0.10408464
1356624618838,0.091243714,0.05358833,-0.99438566,-0.98511714,0.15092227,-0.08225989,0.14566678,0.987092,0.06656149
1356624618860,0.06008503,0.028285265,-0.9977925,-0.98661304,0.15350279,-0.055060416,0.15160659,0.9877434,0.03712976
1356624618900,0.010672122,0.015399516,-0.99982446,-0.9876415,0.15651873,-0.008131355,0.15636605,0.9875549,0.016879559
1356624618939,-0.057309568,0.015558898,-0.99823517,-0.98535055,0.15998656,0.059063464,0.16062313,0.98699653,0.006162286
1356624618979,-0.13955039,0.027826667,-0.98982394,-0.97657263,0.16148919,0.14222208,0.16380346,0.98648214,0.0046389103
1356624619018,-0.22940415,0.048189282,-0.97213763,-0.9595127,0.15650451,0.23418295,0.16342908,0.986501,0.010335386
1356624619061,-0.31490332,0.06958836,-0.9465692,-0.93616575,0.14146125,0.32184204,0.15629932,0.9874948,0.020599663
1356624619099,-0.38435566,0.084840566,-0.9192785,-0.9120295,0.11943787,0.39234778,0.14308372,0.9892101,0.031470478
1356624619141,-0.43074614,0.09197062,-0.8977746,-0.8938805,0.09346962,0.4384531,0.124239445,0.9913652,0.041949093
1356624619198,-0.45270687,0.09358615,-0.8867346,-0.88559705,0.06857729,0.45936376,0.10379997,0.9932466,0.051834166
1356624619227,-0.45139593,0.09332967,-0.8874295,-0.8886308,0.04336846,0.45656797,0.08109775,0.9946902,0.06335932
1356624619263,-0.4091748,0.09297261,-0.9077071,-0.9103756,0.025542438,0.41299385,0.061582178,0.995341,0.07418865
1356624619305,-0.34871715,0.09599611,-0.9322988,-0.9361763,0.01143229,0.3513447,0.04438603,0.995316,0.08588272
1356624619347,-0.26479268,0.10526642,-0.95854247,-0.96385574,0.0014541149,0.26642025,0.029438913,0.99444294,0.10107672
1356624619390,-0.1814093,0.13044086,-0.97471833,-0.98326004,-0.0068793893,0.18207842,0.017044991,0.99143225,0.12950528
1356624619440,-0.11378622,0.18462062,-0.9762007,-0.99346125,-0.01189965,0.11354768,0.009346813,0.9827378,0.18476751
1356624619479,-0.05733782,0.25480762,-0.96529037,-0.99832547,-0.0072105527,0.05739662,0.0076647997,0.96696484,0.2547944
1356624619518,-0.024484456,0.32768044,-0.9444713,-0.9996127,0.0044751763,0.027466536,0.013226867,0.944778,0.327444
1356624619559,-0.09477025,0.38507384,-0.918007,-0.9952149,-0.014609575,0.09661251,0.023791283,0.9227702,0.38461572
1356624619600,0.0046260357,0.41608113,-0.9093157,-0.9993221,0.035134196,0.010992676,0.03652191,0.9086485,0.41596162
1356624619640,0.09065956,0.41650003,-0.9046041,-0.9946384,0.08324802,-0.061353534,0.049752742,0.90531623,0.42181414
1356624619681,0.16931802,0.38952327,-0.9053192,-0.9835175,0.12590933,-0.1297692,0.063439995,0.9123696,0.40442172
1356624619718,0.23288807,0.34770587,-0.9082202,-0.96946657,0.15675482,-0.18858057,0.07679734,0.9244072,0.3735955
1356624619760,0.28968483,0.2925072,-0.91132987,-0.9527968,0.17854905,-0.24555749,0.09088966,0.9394465,0.33042294
1356624619800,0.33404094,0.23215157,-0.913522,-0.9366887,0.18975824,-0.29428926,0.10502866,0.95399034,0.28084072
1356624619840,0.36975738,0.16867086,-0.9136901,-0.9215703,0.19175395,-0.3375479,0.118269205,0.9668405,0.2263445
1356624619877,0.39027494,0.11097205,-0.91398615,-0.91167736,0.18520361,-0.36680248,0.12856871,0.9764143,0.17345104
1356624619919,0.39893636,0.061131716,-0.9149387,-0.9069551,0.17343041,-0.3838676,0.13521174,0.982947,0.124631405
1356624619960,0.39205384,0.022800475,-0.9196596,-0.9093871,0.16060787,-0.38369274,0.13895616,0.9867549,0.08370143
1356624619999,0.3677613,-0.0021767318,-0.9299177,-0.91904116,0.15166461,-0.3638149,0.14182755,0.9884296,0.053775847
1356624620039,0.32334557,-0.012989223,-0.9461918,-0.93502563,0.149376,-0.3215803,0.14551541,0.98869514,0.036154807
1356624620081,0.25638464,-0.009246916,-0.96653056,-0.95499647,0.15188745,-0.25477818,0.14915976,0.98835456,0.030110836
1356624620119,0.16607627,0.00755015,-0.986084,-0.9747716,0.15248033,-0.16300356,0.14912769,0.9882777,0.032683045
1356624620159,0.061014146,0.031172574,-0.99765,-0.98790175,0.14465669,-0.05589807,0.14257431,0.9889908,0.039621532
1356624620203,-0.04246506,0.053824037,-0.99764705,-0.9908135,0.12605515,0.04897499,0.12839451,0.99056196,0.047976732
1356624620239,-0.1290195,0.06965044,-0.98919296,-0.9853215,0.10344255,0.1357981,0.11178306,0.9921937,0.055281997
1356624620282,-0.1899569,0.07921052,-0.9785919,-0.9773103,0.07987797,0.19617376,0.093706965,0.99365246,0.062239885
1356624620320,-0.21898109,0.084669024,-0.9720485,-0.972651,0.0601272,0.22435412,0.07744241,0.99459326,0.06918669
1356624620359,-0.22139835,0.08903137,-0.9711107,-0.9731771,0.043674886,0.22587362,0.06252298,0.9950708,0.07697374
1356624620400,-0.19303048,0.093910754,-0.97668815,-0.9800082,0.030443072,0.19661385,0.048197478,0.995115,0.086156964
1356624620439,-0.1381073,0.102479696,-0.9851012,-0.9898164,0.020360589,0.14088646,0.034495264,0.99452674,0.09862411
1356624620479,-0.075607,0.121896386,-0.989659,-0.9968747,0.01355803,0.07782814,0.022904813,0.99245024,0.12049025
1356624620519,-0.023655474,0.16018713,-0.9868032,-0.9995736,0.013108611,0.02608952,0.017114788,0.9869995,0.15980881
1356624620560,-1.5044212E-4,0.22202829,-0.9750402,-0.9997691,0.020917356,0.004917383,0.021487027,0.9748158,0.22197396
1356624620600,0.0018203259,0.29480496,-0.9555557,-0.9993862,0.033966303,0.00857535,0.034984797,0.95495355,0.29468584
1356624620641,-0.009303212,0.36356607,-0.9315219,-0.9984399,0.047912,0.028671294,0.055054933,0.9303354,0.36255324
1356624620689,-0.006634474,0.4066445,-0.91356236,-0.9970472,0.067204356,0.037154734,0.07650411,0.9111113,0.40499794
1356624620730,0.014804482,0.41926074,-0.9077451,-0.9954041,0.09208268,0.026296139,0.09461257,0.90318394,0.41869706
1356624620769,0.057866037,0.4021801,-0.91373014,-0.99226034,0.12389761,-0.00830555,0.109868646,0.9071387,0.40623677
1356624620848,0.115848005,0.3600183,-0.9257246,-0.98567134,0.15670878,-0.06240523,0.122602135,0.9196897,0.37301412
1356624620850,0.1821652,0.29768395,-0.9371233,-0.97417116,0.18398255,-0.13092348,0.13344052,0.9367682,0.3235103
1356624620886,0.24068412,0.2280635,-0.943429,-0.9600611,0.19881234,-0.19686657,0.1426672,0.9531321,0.26680586
1356624620932,0.29086307,0.15613842,-0.9439383,-0.9448242,0.20225754,-0.25768024,0.1506849,0.9668054,0.20635259
1356624620970,0.31913856,0.093402,-0.94309425,-0.934577,0.19609895,-0.2968352,0.15721479,0.9761257,0.14987409
1356624621011,0.33075804,0.04066035,-0.94283926,-0.92976725,0.18517637,-0.31818646,0.161654,0.9818638,0.099053204
1356624621050,0.31471488,0.003183782,-0.94918096,-0.9350729,0.17284349,-0.30945742,0.1630745,0.9849442,0.057373464
1356624621091,0.2737189,-0.019042343,-0.96162117,-0.9482533,0.16192853,-0.27312034,0.16091475,0.9866187,0.026265949
1356624621130,0.19763121,-0.025250196,-0.97995126,-0.96754116,0.1555908,-0.19913754,0.15749976,0.9874989,0.0063189566
1356624621170,0.0895513,-0.01565528,-0.9958592,-0.9839228,0.15373406,-0.0908947,0.15452045,0.98798823,-0.0016365051
1356624621210,-0.054116666,0.008894831,-0.9984951,-0.9868809,0.15185148,0.05483988,0.15211082,0.9883634,5.6040287E-4
1356624621249,-0.21645969,0.042292416,-0.97537506,-0.9649829,0.14235324,0.22032592,0.14816591,0.988912,0.0099977255
1356624621291,-0.36764634,0.07354584,-0.9270529,-0.91933894,0.12152773,0.37422836,0.14018553,0.9898596,0.022934377
1356624621330,-0.4815991,0.09349534,-0.8713903,-0.8670083,0.09428072,0.4892931,0.12790191,0.99114573,0.035655737
1356624621369,-0.5507173,0.10147321,-0.82850087,-0.82709754,0.067248285,0.55802095,0.11233944,0.9925628,0.046893477
1356624621410,-0.57821935,0.10196173,-0.8094851,-0.81024295,0.04467964,0.58438855,0.095752746,0.99378437,0.056779206
1356624621451,-0.56520563,0.09942368,-0.8189368,-0.8211105,0.02786535,0.5700888,0.07950029,0.99465495,0.06588817
1356624621490,-0.49911088,0.09653559,-0.8611442,-0.8640889,0.019220412,0.50297225,0.0651063,0.995144,0.07382214
1356624621532,-0.38700914,0.09535962,-0.9171317,-0.9206336,0.015648901,0.39011392,0.05155325,0.99531984,0.081734955
1356624621569,-0.20744914,0.098173976,-0.9733072,-0.9774529,0.019252181,0.21027458,0.039381802,0.9949831,0.09196657
1356624621609,-0.022974849,0.11288145,-0.9933429,-0.999297,0.02685213,0.026163936,0.029626757,0.9932456,0.11218515
1356624621650,0.13010955,0.14748481,-0.9804692,-0.991197,0.043781757,-0.1249474,0.02449885,0.9880948,0.15188289
1356624621690,0.23359257,0.20145768,-0.95123565,-0.9719903,0.074410975,-0.2229301,0.025871366,0.9766667,0.21319678
1356624621729,0.2989233,0.2638895,-0.9170644,-0.9536758,0.11671978,-0.27727038,0.033870786,0.95746475,0.28655532
1356624621769,0.35645285,0.31401086,-0.87996507,-0.9332104,0.16540763,-0.3189964,0.045384616,0.9348997,0.35199818
1356624621850,0.42586502,0.33420104,-0.8408023,-0.90297204,0.2158111,-0.3715735,0.057274163,0.9174612,0.3936807
1356624621851,0.5067489,0.32028872,-0.80038786,-0.8593798,0.26128638,-0.43954033,0.06835058,0.9105738,0.4076563
1356624621889,0.59153104,0.27467248,-0.75805414,-0.8024392,0.29224,-0.520276,0.07862827,0.9160518,0.39327693
1356624621929,0.65872496,0.22002777,-0.7194923,-0.7473352,0.30194116,-0.5918797,0.08701432,0.92758787,0.36333066
1356624621972,0.7123597,0.15838656,-0.6837085,-0.69547117,0.2899987,-0.6574348,0.094145715,0.94382966,0.3167367
1356624622008,0.7469712,0.10322133,-0.6567948,-0.65720296,0.2640965,-0.7059301,0.10059017,0.95895696,0.26510984
1356624622053,0.7709241,0.050531328,-0.6349194,-0.62781656,0.228288,-0.74413097,0.10734254,0.97228146,0.20771712
1356624622097,0.7835865,0.0036216676,-0.62127215,-0.61072314,0.18807364,-0.769185,0.11405915,0.98214823,0.1495838
1356624622133,0.784116,-0.031747192,-0.61980176,-0.60902977,0.15269873,-0.7783097,0.11935213,0.9877628,0.100398526
1356624622174,0.77742136,-0.05720544,-0.6263734,-0.6167626,0.12599617,-0.77699995,0.12336931,0.99038005,0.06266993
1356624622216,0.76246345,-0.07326013,-0.6428704,-0.63438135,0.11086464,-0.7650289,0.12731764,0.9911316,0.038055405
1356624622264,0.7390829,-0.080191195,-0.6688242,-0.66039205,0.10950214,-0.74289405,0.13281122,0.9907465,0.027973533
1356624622304,0.7038153,-0.078043014,-0.70608306,-0.69672513,0.11813117,-0.7075444,0.13862929,0.9899264,0.028768003
1356624622341,0.6554727,-0.06557807,-0.75236636,-0.741758,0.13135092,-0.6576793,0.14195341,0.9891646,0.03745386
1356624622380,0.5920327,-0.044204414,-0.80470073,-0.79364425,0.14159122,-0.59167624,0.1400933,0.98893774,0.048744053
1356624622423,0.5161743,-0.01621762,-0.8563299,-0.8464558,0.14288768,-0.5129286,0.13067749,0.989606,0.06002745
1356624622461,0.43869305,0.009851068,-0.898583,-0.89075446,0.13691932,-0.4333701,0.11876422,0.99053323,0.068840444
1356624622499,0.37299675,0.031449407,-0.9272995,-0.9218774,0.12561482,-0.36655554,0.1049546,0.9915805,0.075846404
1356624622538,0.3321061,0.046951205,-0.9420728,-0.9388341,0.11289793,-0.3253378,0.09108311,0.9924967,0.08157343
1356624622580,0.32157317,0.05678892,-0.9451803,-0.9437038,0.10097405,-0.31500405,0.077550024,0.993267,0.08606237
1356624622620,0.34044385,0.062794775,-0.93816566,-0.9380921,0.09047353,-0.33436143,0.06388298,0.9939171,0.08970845
1356624622659,0.38082016,0.069059074,-0.9220667,-0.9232894,0.08246142,-0.3751492,0.050127536,0.99419874,0.09516445
1356624622701,0.42469975,0.084296316,-0.9014013,-0.9045638,0.08057985,-0.41865417,0.03734374,0.9931772,0.11047363
1356624622740,0.46537372,0.11330393,-0.87783223,-0.8846364,0.092123955,-0.45709017,0.029079199,0.9892802,0.14310491
1356624622782,0.4913274,0.16145936,-0.85587865,-0.8704306,0.12576199,-0.47595638,0.030789375,0.9788334,0.20232949
1356624622846,0.5139883,0.2121585,-0.8311467,-0.8568149,0.17333579,-0.48561606,0.041039914,0.9617398,0.27087313
1356624622863,0.53502434,0.25303352,-0.806054,-0.8427731,0.2264964,-0.48829597,0.0590131,0.9405708,0.3344309
1356624622909,0.5639492,0.26678458,-0.7815288,-0.8222306,0.2694109,-0.5013528,0.076799154,0.92533433,0.37129253
1356624622950,0.59636986,0.25553012,-0.76095164,-0.79757047,0.29572952,-0.5257616,0.0906879,0.92046094,0.38016748
1356624622990,0.628394,0.22466725,-0.7447453,-0.7713019,0.30433637,-0.55899256,0.101065755,0.92569107,0.36452943
1356624623029,0.6565507,0.18143022,-0.7321367,-0.74635744,0.29659247,-0.5958049,0.1090492,0.9376118,0.33013982
1356624623071,0.6798194,0.12926063,-0.7218984,-0.7240932,0.27445334,-0.6327436,0.11633861,0.9528731,0.28017545
1356624623110,0.694925,0.0782845,-0.71480817,-0.7084163,0.24510872,-0.6618671,0.12339181,0.96632975,0.22579022
1356624623150,0.70381516,0.02860853,-0.70980686,-0.6983092,0.21129976,-0.68389815,0.13041669,0.97700256,0.16869359
1356624623191,0.7045876,-0.013720542,-0.70948434,-0.69642127,0.17854565,-0.6950675,0.13621202,0.98383594,0.116245806
1356624623233,0.6989751,-0.047949314,-0.71353686,-0.7013444,0.14911386,-0.6970519,0.13982144,0.98765683,0.07059787
1356624623270,0.68441427,-0.07141453,-0.72558737,-0.71526694,0.12712574,-0.68719155,0.14131626,0.98931235,0.035926223
1356624623309,0.6642915,-0.08439091,-0.7426944,-0.7339587,0.114446044,-0.66948223,0.1414966,0.9898385,0.014086112
1356624623350,0.63613,-0.08768237,-0.76658356,-0.75839597,0.11183722,-0.64212775,0.14203587,0.98985064,0.0046450645
1356624623389,0.5994772,-0.08175936,-0.79620504,-0.7876053,0.116843745,-0.6050005,0.14249602,0.98977923,0.0056510568
1356624623429,0.55364645,-0.0658474,-0.8301444,-0.8209477,0.124093205,-0.557356,0.1397157,0.99008334,0.0146465
1356624623469,0.49866492,-0.043016344,-0.8657268,-0.85672784,0.12731759,-0.4998076,0.13172212,0.99092877,0.026635557
1356624623514,0.4384208,-0.015962511,-0.898628,-0.89112043,0.12244883,-0.43693304,0.117010474,0.9923464,0.039459586
1356624623549,0.37673774,0.009303033,-0.9262733,-0.92087686,0.11200389,-0.373418,0.10027236,0.99366426,0.05076304
1356624623591,0.32009935,0.032112777,-0.9468396,-0.94381857,0.097435415,-0.3157735,0.08211541,0.9947237,0.0614976
1356624623630,0.27278745,0.050804436,-0.9607319,-0.95983285,0.082497835,-0.26816955,0.06563407,0.9952954,0.0712682
1356624623672,0.23667765,0.06695455,-0.96927845,-0.97030824,0.06748128,-0.23226768,0.049856752,0.9954714,0.08093786
1356624623710,0.23008007,0.079891235,-0.96988684,-0.97252834,0.055108607,-0.22616732,0.035380304,0.9952791,0.0903759
1356624623749,0.21730515,0.09526414,-0.9714439,-0.9758511,0.04384175,-0.21399173,0.022204071,0.9944861,0.102490634
1356624623789,0.2096363,0.11856884,-0.97056377,-0.9777033,0.037807137,-0.20655972,0.01220268,0.9922258,0.12385091
1356624623848,0.20447734,0.1582329,-0.9659976,-0.97883606,0.041421562,-0.20040998,0.008301675,0.98653257,0.16335383
1356624623870,0.19948485,0.21719381,-0.9555274,-0.9798174,0.056937188,-0.19161385,0.01278767,0.9744665,0.22416845
1356624623909,0.19677037,0.2811064,-0.9392873,-0.9801422,0.0803892,-0.18127039,0.024552286,0.9563037,0.29134247
1356624623950,0.19808382,0.33112168,-0.92256224,-0.979313,0.106550574,-0.17202613,0.041337878,0.9375528,0.34537774
1356624623989,0.20407987,0.35444248,-0.9125359,-0.9771652,0.13008273,-0.16800746,0.05915615,0.92598534,0.3728962
1356624624032,0.21309584,0.34809294,-0.9129192,-0.9741745,0.14710122,-0.17130503,0.07466143,0.92584693,0.3704499
1356624624070,0.21866027,0.32431185,-0.92033124,-0.9720557,0.1549497,-0.17634726,0.085413605,0.9331733,0.34913048
1356624624111,0.22208297,0.28362238,-0.9328652,-0.970713,0.15422463,-0.18420377,0.091626465,0.946453,0.30956662
1356624624150,0.21680605,0.2376782,-0.9468391,-0.9715229,0.14750952,-0.18542981,0.09559515,0.9600781,0.26289076
1356624624190,0.20500243,0.18855634,-0.9604273,-0.9737357,0.1386044,-0.18063149,0.09906021,0.9722321,0.21201825
1356624624230,0.18324545,0.14109567,-0.97288895,-0.97768307,0.12959072,-0.16535419,0.102746576,0.98147756,0.16169378
1356624624268,0.15049726,0.09889236,-0.98365176,-0.98286366,0.12209356,-0.13810185,0.106440306,0.9875796,0.11557251
1356624624311,0.10577899,0.06464261,-0.9922863,-0.9883111,0.11700171,-0.09773314,0.109781414,0.9910257,0.07626334
1356624624349,0.046995133,0.040914297,-0.9980568,-0.9924606,0.11513886,-0.04201165,0.113196194,0.9925065,0.046016812
1356624624390,-0.024415553,0.02952987,-0.9992657,-0.99268204,0.11753076,0.027727872,0.118263245,0.9926301,0.026444197
1356624624430,-0.11029881,0.031520426,-0.99339855,-0.9859597,0.1226058,0.11336312,0.1253697,0.9919547,0.017554581
1356624624471,-0.20549375,0.047385514,-0.9775106,-0.96952647,0.12627351,0.20993656,0.13338163,0.990863,0.019993126
1356624624510,-0.30858868,0.07020894,-0.94860095,-0.9411231,0.12221116,0.31520128,0.13805956,0.9900178,0.028362274
1356624624552,-0.40435165,0.09303653,-0.9098594,-0.90451145,0.106699586,0.41288537,0.1354951,0.989929,0.041008413
1356624624590,-0.4902869,0.10937101,-0.86467147,-0.8622703,0.083602786,0.49950022,0.12691978,0.99047893,0.053318083
1356624624629,-0.55726606,0.116659194,-0.8220979,-0.82269156,0.05644667,0.56567854,0.11239627,0.9915666,0.06451875
1356624624670,-0.6042615,0.11651543,-0.7882209,-0.791162,0.029590845,0.6108904,0.09450227,0.9927479,0.07430196
1356624624709,-0.62952054,0.11168608,-0.7689148,-0.7733214,0.0059099793,0.6339867,0.075351745,0.9937259,0.08264881
1356624624750,-0.63064575,0.10483882,-0.76895684,-0.77403843,-0.01331073,0.6329986,0.05612743,0.99440014,0.08954364
1356624624789,-0.60412526,0.09921694,-0.79068863,-0.79600394,-0.028374255,0.60462594,0.037553877,0.9946612,0.09611875
1356624624849,-0.54921526,0.100492686,-0.82961667,-0.8354299,-0.041694462,0.54801315,0.020480901,0.9940638,0.10685384
1356624624869,-0.46878302,0.11747357,-0.87546694,-0.88328207,-0.05400592,0.46572107,0.0074294806,0.9916064,0.1290794
1356624624931,-0.38837945,0.1621207,-0.9071264,-0.92149484,-0.06517798,0.38288262,0.0029485524,0.98461604,0.17470711
1356624624967,-0.329917,0.23922622,-0.91319525,-0.9439336,-0.071300924,0.32234365,0.012001425,0.96834236,0.24933708
1356624624993,-0.27637893,0.3192772,-0.906464,-0.9606371,-0.06417018,0.27029395,0.0281308,0.9454863,0.32444465
1356624625033,-0.2322092,0.38305065,-0.8940643,-0.9715096,-0.046533883,0.23238674,0.04741162,0.9225545,0.38294306
1356624625076,-0.17441612,0.41917923,-0.8909925,-0.98239136,-0.012527347,0.18641421,0.06697914,0.907817,0.41398308
1356624625118,-0.08572757,0.42268783,-0.90221155,-0.99266475,0.04124564,0.11364603,0.08524904,0.90533626,0.41605145
1356624625159,0.036672413,0.39327404,-0.9186896,-0.9942987,0.10646689,0.005885929,0.10012475,0.91323614,0.3949364
1356624625200,0.18869811,0.32970285,-0.92503464,-0.9758018,0.1689133,-0.13884974,0.11047149,0.9288511,0.35359824
1356624625239,0.3399873,0.24671856,-0.90749025,-0.93310237,0.20872638,-0.29283646,0.11716893,0.946342,0.30117804
1356624625283,0.47434798,0.155536,-0.8664886,-0.8718949,0.21898976,-0.43799862,0.12162754,0.96325076,0.2394884
1356624625320,0.5712073,0.07729116,-0.8171587,-0.81127155,0.20446353,-0.54775286,0.12474269,0.97581804,0.17949517
1356624625362,0.6391287,0.013505548,-0.7689812,-0.7586063,0.17567039,-0.6274204,0.12661356,0.9843564,0.122521386
1356624625400,0.6791767,-0.03179568,-0.7332858,-0.7228778,0.14409263,-0.67578477,0.12714815,0.9890533,0.07487996
1356624625440,0.70023036,-0.061567336,-0.7112572,-0.7025856,0.11737127,-0.7018529,0.12669238,0.9911778,0.03893061
1356624625480,0.7051407,-0.07844651,-0.70471466,-0.69767,0.10072121,-0.70930374,0.12662211,0.99181724,0.016292855
1356624625519,0.6957855,-0.084919035,-0.7132119,-0.7067783,0.095811635,-0.70091695,0.12785518,0.99177057,0.006645426
1356624625558,0.6703582,-0.081250876,-0.7375758,-0.7306955,0.10084686,-0.6752141,0.12924397,0.99157864,0.00823386
1356624625600,0.6229685,-0.06645122,-0.7794193,-0.7717413,0.110539675,-0.62625587,0.12777218,0.9916477,0.0175796
1356624625640,0.5477506,-0.040927768,-0.83564,-0.8278833,0.11762926,-0.54842734,0.120741606,0.99221385,0.030548096
1356624625679,0.45169383,-0.0107014775,-0.89210886,-0.88553596,0.11636399,-0.44976175,0.10862249,0.99314904,0.043084323
1356624625721,0.35613135,0.017869294,-0.93426514,-0.9298686,0.105510026,-0.35243747,0.0922766,0.9942577,0.05419147
1356624625760,0.30324474,0.038149506,-0.95214874,-0.9499258,0.091154665,-0.29888448,0.07539052,0.99510574,0.06388134
1356624625802,0.3131398,0.051026314,-0.9483352,-0.9478837,0.07863742,-0.3087595,0.05881974,0.99559647,0.07299158
1356624625840,0.41310367,0.0555709,-0.9089869,-0.90961933,0.073429435,-0.40890205,0.044023365,0.995751,0.08088234
1356624625880,0.54552406,0.057653666,-0.83610976,-0.83756036,0.07313858,-0.5414272,0.029936641,0.9956539,0.08818726
1356624625920,0.68180746,0.059322566,-0.7291223,-0.7313322,0.07854922,-0.6774831,0.017081946,0.99514365,0.09693995
1356624625959,0.76611346,0.06854388,-0.6390399,-0.64267254,0.09174518,-0.76062787,0.006492406,0.9934206,0.11433852
1356624626002,0.816777,0.08517507,-0.57063174,-0.57695246,0.1224804,-0.80754226,0.0011087358,0.9888093,0.14918113
1356624626040,0.84709233,0.10556777,-0.52085507,-0.531433,0.17506105,-0.82881397,0.0036854446,0.97888154,0.20439506
1356624626079,0.8681896,0.12258981,-0.48085195,-0.49603498,0.24174285,-0.83397233,0.014006034,0.9625654,0.27068746
1356624626119,0.88680995,0.12870485,-0.44385034,-0.46132112,0.30349198,-0.83371186,0.027402267,0.9441016,0.32851398
1356624626160,0.9045192,0.12098274,-0.40891087,-0.4245052,0.34653136,-0.83648753,0.040499896,0.9302039,0.3648021
1356624626199,0.9203429,0.10162209,-0.37767956,-0.38762194,0.36571974,-0.8461668,0.052135587,0.92516047,0.37597853
1356624626241,0.933027,0.07493168,-0.35191724,-0.3544281,0.35987988,-0.86305684,0.061977625,0.92998475,0.36233556
1356624626290,0.9417946,0.044775322,-0.33319384,-0.3287539,0.329942,-0.88490635,0.07031269,0.94293875,0.32545763
1356624626330,0.94503945,0.01892756,-0.32640803,-0.31750846,0.2913857,-0.9023762,0.07803086,0.9564184,0.28138065
1356624626369,0.94571364,-0.0060958117,-0.32494402,-0.3133464,0.24824834,-0.91661704,0.08625434,0.9686773,0.23286173
1356624626409,0.94372016,-0.029537931,-0.3294233,-0.3169285,0.20410752,-0.926227,0.0945966,0.97850275,0.18325898
1356624626449,0.93887293,-0.05015941,-0.34059015,-0.32881767,0.16236132,-0.9303321,0.10196357,0.9854557,0.13594335
1356624626489,0.93080807,-0.06700598,-0.35931405,-0.34932142,0.12622869,-0.92846155,0.107568234,0.9897356,0.09408805
1356624626530,0.9186647,-0.07970928,-0.38691282,-0.37894034,0.098935634,-0.9201174,0.111621365,0.9918963,0.06068361
1356624626570,0.90078306,-0.08852503,-0.42515063,-0.41864654,0.08321163,-0.90432894,0.1154332,0.9925921,0.037894934
1356624626611,0.8746558,-0.09274785,-0.47578892,-0.4696926,0.08053887,-0.87914854,0.11985865,0.99242693,0.0268808
1356624626650,0.83304375,-0.0893293,-0.5459473,-0.539364,0.08824071,-0.83743656,0.1229824,0.9920856,0.025327355
1356624626691,0.76516056,-0.073138,-0.6396719,-0.6323153,0.10177318,-0.76799715,0.12127125,0.9921155,0.031626537
1356624626730,0.6536522,-0.043788612,-0.75552726,-0.7482217,0.11245228,-0.65384924,0.11359194,0.9926919,0.0407411
1356624626769,0.49608248,-0.005727291,-0.86825657,-0.862533,0.11156635,-0.49354827,0.09969494,0.99374056,0.0504061
1356624626812,0.3140663,0.030875653,-0.9488989,-0.9458456,0.096592665,-0.3099127,0.082087904,0.99484503,0.059540123
1356624626851,0.14857641,0.058190525,-0.9871874,-0.986873,0.07262418,-0.14424825,0.063299775,0.9956604,0.06821686
1356624626887,0.02700454,0.07532987,-0.996793,-0.9986286,0.04677248,-0.023519576,0.044850767,0.99606115,0.07648966
1356624626930,-0.04553914,0.08538112,-0.9953071,-0.9985875,0.023409367,0.047697365,0.027372003,0.9960733,0.08419442
