1356624236697,0.77138036,0.17403299,-0.6121151,-0.6078199,-0.08340937,-0.7896821,-0.18848687,0.981201,0.041440364
1356624236881,0.42239523,0.109523624,-0.89977044,-0.8872602,-0.15301967,-0.43514848,-0.18534166,0.9821352,0.03254117
1356624236932,0.46149465,0.10977483,-0.8803251,-0.86801976,-0.14905098,-0.47363022,-0.18320596,0.9827174,0.026500449
1356624236971,0.48779133,0.10869774,-0.8661665,-0.8539152,-0.14671394,-0.4993034,-0.18135187,0.98318857,0.021252856
1356624237012,0.5099063,0.107132375,-0.8535328,-0.8412909,-0.1449514,-0.52078664,-0.17951393,0.9836217,0.016217873
1356624237050,0.5297389,0.10576758,-0.84154016,-0.829339,-0.1432702,-0.54006505,-0.17768902,0.9840156,0.011821434
1356624237092,0.54659057,0.1052123,-0.8307642,-0.8186904,-0.1413981,-0.5565542,-0.1760248,0.98434603,0.008849412
1356624237128,0.559332,0.10569605,-0.8221776,-0.81033635,-0.13925266,-0.5691781,-0.17465031,0.98459995,0.0077608973
1356624237173,0.56718177,0.107370704,-0.8165637,-0.8050841,-0.13672942,-0.5771867,-0.17362127,0.9847723,0.008892044
1356624237211,0.5702366,0.109874725,-0.8140993,-0.8030685,-0.13407987,-0.5806061,-0.1729483,0.9848604,0.011779681
1356624237254,0.56899625,0.11294356,-0.8145471,-0.80402386,-0.13148558,-0.5798769,-0.17259455,0.98486316,0.015994504
1356624237291,0.5646062,0.115784705,-0.81719875,-0.8071603,-0.12932077,-0.57599336,-0.17237198,0.9848198,0.020441517
1356624237335,0.55849737,0.11829215,-0.8210284,-0.8114726,-0.12735063,-0.5703455,-0.17202586,0.9847785,0.02486585
1356624237370,0.5516035,0.119802535,-0.82545793,-0.8162897,-0.1259163,-0.56375176,-0.17147756,0.9847804,0.028337747
1356624237408,0.5459244,0.12020373,-0.8291669,-0.8202808,-0.12483719,-0.55817133,-0.1706051,0.98486894,0.030449122
1356624237451,0.54176825,0.11958578,-0.8319774,-0.823272,-0.1240412,-0.55392873,-0.16944152,0.9850447,0.031250045
1356624237489,0.53912413,0.11837709,-0.83386576,-0.82529664,-0.123262346,-0.5510824,-0.1680198,0.9852884,0.03124252
1356624237530,0.5376123,0.11708096,-0.835024,-0.8266121,-0.122238964,-0.54933596,-0.16638926,0.98557067,0.031063378
1356624237570,0.53673124,0.11613473,-0.8357226,-0.82752323,-0.12088215,-0.5482635,-0.1646964,0.98585004,0.031222954
1356624237610,0.53581434,0.115970194,-0.83633363,-0.8284417,-0.119078696,-0.54727036,-0.16305652,0.98608893,0.032270446
1356624237650,0.5340822,0.117111325,-0.837282,-0.82983804,-0.116722405,-0.5456599,-0.16163254,0.9862356,0.034844086
1356624237691,0.53070515,0.12010211,-0.83900386,-0.83219993,-0.11374384,-0.54268366,-0.160609,0.986224,0.039584532
1356624237744,0.52592444,0.124797255,-0.8413259,-0.83531,-0.110515445,-0.53855705,-0.1601899,0.98600817,0.046121567
1356624237772,0.5187484,0.13169542,-0.8447227,-0.83966386,-0.10738748,-0.5323838,-0.1608252,0.98545635,0.054872796
1356624237810,0.5103953,0.13978693,-0.84850234,-0.84444284,-0.10500494,-0.5252525,-0.16252035,0.9845982,0.06444804
1356624237853,0.49804458,0.15032554,-0.8540222,-0.8511083,-0.10382703,-0.51462096,-0.16603118,0.9831695,0.07623276
1356624237890,0.48243195,0.1621114,-0.8608016,-0.8591999,-0.10359138,-0.5010433,-0.17039645,0.9813199,0.0893103
1356624237930,0.46071053,0.17677647,-0.8697677,-0.8700122,-0.1039018,-0.4819576,-0.17556924,0.9787515,0.10592906
1356624237971,0.43138555,0.19497642,-0.8808466,-0.88384473,-0.104441196,-0.45597202,-0.18090045,0.97523135,0.12727445
1356624238009,0.39603075,0.21626869,-0.8924054,-0.89928913,-0.10506484,-0.42454737,-0.18557677,0.9706643,0.1528792
1356624238051,0.35676336,0.24059412,-0.90268177,-0.91490734,-0.10534948,-0.38967437,-0.18885034,0.96489173,0.18253645
1356624238089,0.31790972,0.26708737,-0.909724,-0.9288964,-0.10450071,-0.35529026,-0.18996033,0.9579896,0.21487468
1356624238131,0.2830786,0.295365,-0.91248345,-0.9404191,-0.10136604,-0.3245566,-0.18835747,0.9499918,0.24907227
1356624238170,0.25735587,0.32417417,-0.9103181,-0.94855285,-0.095052004,-0.3020143,-0.1844328,0.94121,0.28303415
1356624238213,0.23837066,0.35430244,-0.9042396,-0.9546983,-0.08528978,-0.28509083,-0.1781308,0.9312333,0.31792134
1356624238250,0.23191792,0.38399255,-0.89373577,-0.95762396,-0.071192145,-0.27908397,-0.17079315,0.9205874,0.35120982
1356624238292,0.23049921,0.41377977,-0.8807136,-0.9594548,-0.054246545,-0.27659354,-0.16222441,0.90875936,0.38449913
1356624238331,0.23948574,0.44160634,-0.8646562,-0.95871073,-0.033113837,-0.28244847,-0.15336314,0.89659756,0.41544247
1356624238369,0.2518847,0.4670685,-0.8475854,-0.95698637,-0.010090947,-0.289957,-0.14398283,0.88416344,0.44443655
1356624238411,0.2689911,0.48920968,-0.82964915,-0.95374346,0.015246689,-0.30023497,-0.13422847,0.87203294,0.47068173
1356624238449,0.29002744,0.5067986,-0.8118123,-0.9488586,0.041742384,-0.3129295,-0.124705285,0.8610532,0.49298668
1356624238489,0.31239074,0.519461,-0.7953442,-0.9428349,0.06723702,-0.3264069,-0.11607909,0.8518447,0.51077014
1356624238529,0.33498764,0.5271487,-0.7809594,-0.9358399,0.089835644,-0.3407835,-0.10948557,0.84501123,0.5234206
1356624238570,0.3567602,0.5301059,-0.7692268,-0.92815036,0.10760683,-0.35631117,-0.106108606,0.8410758,0.5304078
1356624238610,0.37723762,0.52871895,-0.7603605,-0.91998196,0.11959511,-0.37326986,-0.106419384,0.84032935,0.53152764
1356624238651,0.3973871,0.52261984,-0.7542891,-0.9110447,0.12623626,-0.39250717,-0.10991335,0.8431684,0.5262947
1356624238689,0.41767946,0.51193714,-0.75064254,-0.90129304,0.12892005,-0.41358256,-0.114955395,0.8492938,0.51525265
1356624238746,0.44199273,0.49375233,-0.7488999,-0.88877654,0.1281381,-0.44006458,-0.12132037,0.86011004,0.49547166
1356624238769,0.47025028,0.46767047,-0.7484311,-0.87323725,0.12380579,-0.4713056,-0.12775558,0.8751894,0.46660694
1356624238809,0.50294244,0.4325102,-0.7483207,-0.8540707,0.11575365,-0.5071138,-0.132711,0.8941678,0.42761168
1356624238850,0.5381416,0.38877445,-0.7478356,-0.8319766,0.10293129,-0.5451789,-0.13497597,0.91556513,0.3788429
1356624238890,0.57212675,0.33912793,-0.7467686,-0.80910814,0.08437234,-0.5815716,-0.13422051,0.93694913,0.32266277
1356624238931,0.6012055,0.28735211,-0.7456411,-0.7883551,0.06082064,-0.6122067,-0.13056856,0.9558921,0.26310122
1356624238970,0.6236581,0.23627254,-0.7451347,-0.771762,0.034614444,-0.63496864,-0.124233276,0.97107005,0.20393378
1356624239010,0.6380317,0.18877745,-0.746511,-0.7612243,0.00860244,-0.6484317,-0.11598742,0.9819823,0.1491906
1356624239049,0.643018,0.14796191,-0.75142205,-0.7582889,-0.014536202,-0.6517565,-0.10735798,0.98888624,0.10285085
1356624239091,0.6393136,0.115011126,-0.76029634,-0.7624786,-0.03315124,-0.64616346,-0.09952077,0.99281085,0.06649949
1356624239130,0.62613666,0.09012669,-0.77448696,-0.7740676,-0.0474654,-0.6313211,-0.093660235,0.99479854,0.040044352
1356624239172,0.6053396,0.07271841,-0.7926386,-0.79078746,-0.05847937,-0.6092908,-0.09065974,0.9956365,0.022104964
1356624239209,0.5764543,0.059992015,-0.81492424,-0.8121552,-0.06781015,-0.5794875,-0.09002474,0.99589294,0.009633377
1356624239253,0.5431814,0.051238626,-0.8380505,-0.83459806,-0.07600504,-0.5455908,-0.09165135,0.99579006,0.0014791191
1356624239291,0.5034981,0.044813305,-0.8628334,-0.8589022,-0.08232409,-0.5054798,-0.09368417,0.9955976,-0.0029597878
1356624239329,0.4608072,0.041310072,-0.88653827,-0.88240767,-0.085531294,-0.4626457,-0.094938755,0.9954787,-0.0029610693
1356624239371,0.414227,0.040664524,-0.90926474,-0.9052161,-0.085719824,-0.4162162,-0.09486729,0.99548906,0.0013027191
1356624239410,0.36441958,0.04240659,-0.93026876,-0.92640316,-0.085121155,-0.36678553,-0.094739646,0.9954678,0.008265734
1356624239450,0.31322858,0.04650846,-0.94853824,-0.9447143,-0.086723775,-0.31621808,-0.09696764,0.9951462,0.016772836
1356624239489,0.26335856,0.051951617,-0.9632981,-0.9592043,-0.09231278,-0.26721784,-0.102807134,0.9943738,0.025520861
1356624239531,0.21901411,0.058137745,-0.97398806,-0.9693359,-0.101053536,-0.22399998,-0.11144778,0.9931809,0.03422287
1356624239589,0.18419561,0.06511849,-0.9807301,-0.97559315,-0.10924205,-0.1904842,-0.11954099,0.99187994,0.04340723
1356624239621,0.15727538,0.07726404,-0.98452765,-0.97963035,-0.113835156,-0.16542667,-0.12485534,0.99049073,0.057786703
1356624239654,0.15111554,0.09339553,-0.98409414,-0.9801913,-0.11477047,-0.16140851,-0.12801978,0.98899186,0.07420188
1356624239693,0.15398753,0.113812715,-0.9814961,-0.979388,-0.113833725,-0.16685683,-0.13071775,0.9869593,0.093937814
1356624239736,0.16875732,0.13888866,-0.9758233,-0.9763878,-0.11190432,-0.18478224,-0.13486293,0.98396516,0.11672443
1356624239780,0.19359988,0.16868734,-0.96646965,-0.97087145,-0.10880363,-0.21347219,-0.14116547,0.979646,0.1427094
1356624239820,0.22263986,0.20439619,-0.95323324,-0.96348315,-0.10307449,-0.24713549,-0.14876756,0.97344637,0.17398378
1356624239859,0.24966091,0.24816886,-0.93599236,-0.9558208,-0.09172982,-0.27927107,-0.15516472,0.964364,0.21430358
1356624239901,0.26924706,0.30210742,-0.91446006,-0.95019674,-0.07140714,-0.3033597,-0.15694618,0.9505957,0.26783532
1356624239940,0.2837217,0.36149174,-0.8881586,-0.9466217,-0.042197704,-0.3195727,-0.15300113,0.93141997,0.33022353
1356624239982,0.29376435,0.420173,-0.85857856,-0.9449045,-0.008063018,-0.32724684,-0.14442301,0.9074082,0.3946547
1356624240046,0.3123023,0.4646091,-0.82861674,-0.9402265,0.026482701,-0.33951855,-0.13579941,0.8851198,0.44510835
1356624240063,0.3483315,0.48417377,-0.8026462,-0.9282352,0.05890751,-0.36730018,-0.13055521,0.8729867,0.46994644
1356624240107,0.3975908,0.47850463,-0.7829144,-0.90856206,0.08608833,-0.4087832,-0.12820491,0.87385476,0.46897912
1356624240149,0.453691,0.45272973,-0.76759386,-0.8819865,0.10484856,-0.45946342,-0.12753168,0.88546175,0.4468704
1356624240190,0.51102704,0.41225308,-0.75425375,-0.84994596,0.11144531,-0.51494825,-0.12823096,0.9042275,0.4073444
1356624240230,0.5639881,0.3643839,-0.74104106,-0.81555367,0.10497251,-0.56908077,-0.1295749,0.92531353,0.35637787
1356624240271,0.6112238,0.3118093,-0.72744787,-0.7806922,0.08644539,-0.61890787,-0.13009664,0.9462041,0.29626456
1356624240310,0.64989305,0.26027337,-0.71407056,-0.7490549,0.060285956,-0.6597594,-0.12866935,0.96365106,0.23413846
1356624240352,0.6807447,0.21048468,-0.7016287,-0.72183037,0.029711142,-0.6914319,-0.1246897,0.97714555,0.17215997
1356624240391,0.70151323,0.16691628,-0.69283336,-0.70262444,-5.5478513E-4,-0.7115606,-0.11915547,0.98597085,0.11689028
1356624240433,0.71350706,0.13000795,-0.6884806,-0.6915039,-0.027570158,-0.72184646,-0.11282733,0.9911295,0.0702295
1356624240471,0.7138641,0.10169956,-0.69286025,-0.6919433,-0.04981412,-0.72023124,-0.10776141,0.99356717,0.034809828
1356624240509,0.7045455,0.082712114,-0.7048222,-0.701821,-0.065992996,-0.7092899,-0.105180174,0.9943861,0.01155404
1356624240551,0.6828677,0.07232767,-0.72695285,-0.72295713,-0.07611507,-0.68668735,-0.10499859,0.9944724,3.13282E-4
1356624240589,0.6482558,0.06833732,-0.7583498,-0.75407255,-0.08043215,-0.65184754,-0.10554123,0.99441475,-6.093085E-4
1356624240629,0.6451388,0.073746085,-0.76049817,-0.7567832,-0.0754178,-0.6493007,-0.10523847,0.99442124,0.0071548373
1356624240669,0.5517497,0.07471964,-0.83065593,-0.8274927,-0.07522085,-0.55641496,-0.10405779,0.99436355,0.020326868
1356624240744,0.45760593,0.07943103,-0.8856001,-0.88312805,-0.07516977,-0.4630707,-0.10335252,0.99400216,0.035749614
1356624240748,0.36766165,0.086364895,-0.92594063,-0.9240961,-0.07770479,-0.374177,-0.10426581,0.9932287,0.051240385
1356624240788,0.2878245,0.094601214,-0.95299935,-0.95173794,-0.082454205,-0.29562855,-0.1065456,0.99209476,0.06630325
1356624240830,0.22485653,0.103693545,-0.9688587,-0.96828467,-0.087372154,-0.23407441,-0.108923346,0.9907642,0.08075869
1356624240872,0.18259454,0.114546984,-0.97649276,-0.9768903,-0.091098666,-0.19335514,-0.11110544,0.989232,0.095265776
1356624240910,0.16881919,0.12681776,-0.9774544,-0.97905177,-0.09295362,-0.18115515,-0.11383161,0.98756105,0.10846883
1356624240949,0.17702264,0.14101166,-0.9740527,-0.97698194,-0.09452015,-0.19123846,-0.11903447,0.9854855,0.12103367
1356624240991,0.20750451,0.159985,-0.96506304,-0.96978766,-0.09571755,-0.22438812,-0.12827224,0.9824678,0.13528967
1356624241030,0.25101727,0.18836194,-0.94947886,-0.95755917,-0.09523952,-0.27204755,-0.1416713,0.9774709,0.15646094
1356624241069,0.293459,0.23229796,-0.92731845,-0.9427784,-0.090275705,-0.32096598,-0.15827408,0.96844614,0.19251333
1356624241109,0.32689312,0.2940317,-0.8981571,-0.9285612,-0.07688525,-0.36312908,-0.17582652,0.9526983,0.24789317
1356624241150,0.3538971,0.3634053,-0.8617966,-0.91555315,-0.053662837,-0.39860094,-0.19110021,0.93008435,0.31372577
1356624241190,0.38243043,0.4226994,-0.8216278,-0.9017468,-0.023171425,-0.43164313,-0.20149356,0.9059737,0.37230635
1356624241233,0.42095742,0.456679,-0.7837341,-0.8834654,0.010549694,-0.46837753,-0.20563003,0.889569,0.40790108
1356624241269,0.4681392,0.4638093,-0.752148,-0.85965544,0.042015404,-0.50914353,-0.20454377,0.8849382,0.41838533
1356624241311,0.523408,0.44182178,-0.72858596,-0.828743,0.06520718,-0.55581737,-0.19806322,0.89472985,0.4002867
1356624241350,0.5750625,0.40404272,-0.7113737,-0.7959082,0.075105846,-0.60074043,-0.18929657,0.9116515,0.36477154
1356624241389,0.6219319,0.35414028,-0.69841635,-0.762424,0.070390314,-0.6432377,-0.17863467,0.93253946,0.31378305
1356624241430,0.6601306,0.2983376,-0.6893637,-0.73254776,0.052710086,-0.67867184,-0.16613686,0.9530039,0.25334206
1356624241469,0.68758166,0.24262387,-0.6843721,-0.7099678,0.027027994,-0.7037153,-0.15224093,0.96974385,0.19083908
1356624241509,0.7039248,0.19095016,-0.6841257,-0.6967721,-0.0012695044,-0.7172915,-0.13783538,0.981599,0.13215509
1356624241549,0.7082127,0.14649937,-0.6906321,-0.69497204,-0.027556762,-0.7185086,-0.12429264,0.9888269,0.08229691
1356624241590,0.69942063,0.11116305,-0.7060124,-0.70576704,-0.048358664,-0.7067917,-0.11271089,0.99262494,0.044632144
1356624241630,0.67557776,0.0853897,-0.73232734,-0.7300178,-0.061680034,-0.6806392,-0.103289515,0.9944367,0.020666331
1356624241671,0.63417155,0.06943542,-0.7700683,-0.7673271,-0.06592332,-0.6378583,-0.09505543,0.9954058,0.011473
1356624241746,0.5689674,0.06076628,-0.8201119,-0.8176926,-0.06429696,-0.57205296,-0.08749232,0.99607897,0.013105303
1356624241750,0.47835782,0.060449988,-0.87608194,-0.87440467,-0.059435874,-0.4815431,-0.08117998,0.9964001,0.024426147
1356624241787,0.3552285,0.064822525,-0.9325292,-0.9314668,-0.059364468,-0.3589504,-0.0786272,0.9961295,0.039292067
1356624241832,0.20871162,0.07127541,-0.9753765,-0.97448784,-0.06901777,-0.21356493,-0.082540184,0.995066,0.05505216
1356624241870,0.05342275,0.074083686,-0.99582016,-0.9943507,-0.08765298,-0.05986485,-0.091721565,0.99339247,0.06898245
1356624241909,-0.08587098,0.07233292,-0.993677,-0.9908243,-0.11068189,0.07756755,-0.1043714,0.9912201,0.08117357
1356624241949,-0.19381434,0.06800148,-0.9786786,-0.9739685,-0.13288552,0.18364829,-0.117563844,0.9887958,0.09198642
1356624241989,-0.26277173,0.06419754,-0.9627199,-0.95611537,-0.15134096,0.25087708,-0.12959325,0.9863947,0.10114837
1356624242029,-0.29065692,0.063418925,-0.95472336,-0.946423,-0.16580105,0.2771164,-0.14071968,0.98411787,0.10821235
1356624242069,-0.27891183,0.0680767,-0.95790076,-0.9481251,-0.17795992,0.26341808,-0.15253535,0.98168015,0.114180356
1356624242111,-0.2357288,0.08236578,-0.96832216,-0.9574256,-0.1905362,0.21686906,-0.16663787,0.97821873,0.12377396
1356624242150,-0.17703098,0.11191654,-0.97782147,-0.9672595,-0.20335287,0.15184405,-0.18184891,0.9726882,0.14425203
1356624242195,-0.14041251,0.16143608,-0.97684324,-0.9705975,-0.21726912,0.10360813,-0.19551179,0.9626695,0.18719673
1356624242230,-0.123037934,0.22333199,-0.966946,-0.97117025,-0.22756374,0.071015865,-0.20418167,0.94780684,0.24489224
1356624242272,-0.13342166,0.2875817,-0.94841737,-0.9693818,-0.23692864,0.06452873,-0.20614988,0.92798793,0.3103878
1356624242310,-0.13771665,0.33852914,-0.9308233,-0.96896744,-0.24081272,0.055779457,-0.20527115,0.9096192,0.36118767
1356624242349,-0.12632519,0.36934975,-0.92066425,-0.97090864,-0.23635095,0.03840059,-0.20341665,0.8987318,0.38846198
1356624242390,-0.095526576,0.37940902,-0.9202844,-0.97495717,-0.22218531,0.00960052,-0.20083115,0.89815503,0.39113218
1356624242430,-0.050860643,0.37121812,-0.9271517,-0.97892964,-0.20236176,-0.027321696,-0.19776234,0.9062267,0.37368864
1356624242469,5.75006E-4,0.34807894,-0.9374651,-0.9809257,-0.18203014,-0.068189085,-0.1943821,0.9196228,0.34133494
1356624242518,0.07133603,0.3039585,-0.95001066,-0.97949135,-0.15858358,-0.124289006,-0.18843481,0.93939364,0.28641206
1356624242553,0.11272931,0.25419262,-0.9605614,-0.9770802,-0.14732468,-0.15365437,-0.18057224,0.95586693,0.23175874
1356624242593,0.14403462,0.20358786,-0.9684038,-0.9748615,-0.13892138,-0.1742006,-0.1699971,0.9691506,0.17846048
1356624242636,0.15669042,0.15400338,-0.97556704,-0.97498024,-0.13357562,-0.17768249,-0.15767568,0.97899973,0.12922025
1356624242678,0.14562011,0.108406365,-0.98338336,-0.97860676,-0.13023794,-0.15927002,-0.14533967,0.9855385,0.08712196
1356624242743,0.11054838,0.06925887,-0.9914546,-0.9848631,-0.12636822,-0.11864099,-0.13350531,0.98956263,0.054240674
1356624242760,0.04991895,0.038228363,-0.99802136,-0.991338,-0.119644105,-0.05416751,-0.12147811,0.99208057,0.031924725
1356624242800,-0.0363003,0.016459078,-0.99920535,-0.9933909,-0.109540045,0.03428477,-0.108888745,0.9938461,0.020326644
1356624242839,-0.14250964,0.0035655797,-0.9897869,-0.98495924,-0.09922218,0.14145717,-0.09770447,0.9950589,0.017652094
1356624242881,-0.254923,-0.0022150576,-0.9669589,-0.96258736,-0.09442687,0.2539868,-0.0918695,0.9955293,0.021939397
1356624242920,-0.35583466,-0.006373197,-0.9345273,-0.92984724,-0.09776676,0.35471937,-0.09362641,0.99518895,0.028862655
1356624242962,-0.42960572,-0.011112541,-0.9029482,-0.8968704,-0.11121529,0.4280827,-0.105178654,0.99373424,0.037812173
1356624243000,-0.47412205,-0.015571356,-0.88032144,-0.87216794,-0.12858546,0.47200516,-0.12054628,0.9915762,0.04738438
1356624243043,-0.49330223,-0.017170876,-0.8696884,-0.85878503,-0.14940542,0.49006754,-0.13835105,0.9886269,0.058955967
1356624243081,-0.4808808,-0.012609214,-0.8766953,-0.8630382,-0.16956526,0.47582847,-0.15465689,0.9854383,0.070658445
1356624243119,-0.44501674,-0.0017935932,-0.89552045,-0.87926793,-0.18878728,0.43731835,-0.16984722,0.98201644,0.08243638
1356624243162,-0.37938732,0.018186301,-0.9250591,-0.9066136,-0.20690101,0.36775488,-0.18470761,0.97819275,0.0949837
1356624243199,-0.28840965,0.050842434,-0.9561564,-0.9365045,-0.22298306,0.27062508,-0.19944742,0.9734955,0.11192465
1356624243239,-0.19242549,0.09993327,-0.9762099,-0.95788467,-0.23519981,0.16473627,-0.21314177,0.9667959,0.14098299
1356624243279,-0.115434766,0.16622531,-0.9793079,-0.9677774,-0.24093926,0.073179185,-0.22378948,0.95619947,0.18868187
1356624243319,-0.06925601,0.24286857,-0.96758384,-0.97095895,-0.23905796,0.009492755,-0.22900313,0.94014156,0.25237158
1356624243359,-0.03863591,0.3155014,-0.94813824,-0.97296244,-0.22809988,-0.036254793,-0.22770861,0.92110217,0.31578386
1356624243401,-0.0021380782,0.3704338,-0.9288564,-0.975381,-0.20560098,-0.07974976,-0.22051585,0.9058184,0.36175376
1356624243440,0.05156958,0.40193072,-0.91421676,-0.9762027,-0.17279524,-0.13103467,-0.21063915,0.89921826,0.38345486
1356624243482,0.12963271,0.40564555,-0.9047911,-0.97158235,-0.13029104,-0.1976156,-0.19804808,0.9046966,0.37722808
1356624243520,0.21114147,0.3895331,-0.89648384,-0.95970684,-0.091370285,-0.26573333,-0.18542391,0.916469,0.35454553
1356624243559,0.29409122,0.35664186,-0.8867451,-0.94001114,-0.05989194,-0.33584508,-0.1728853,0.9323194,0.31763363
1356624243600,0.3674308,0.31310824,-0.8757613,-0.9161416,-0.04039383,-0.3988145,-0.16024742,0.9488581,0.2720095
1356624243639,0.4245096,0.26559734,-0.8655921,-0.89338255,-0.032523185,-0.44811818,-0.14717081,0.9635353,0.22347364
1356624243679,0.46459347,0.21828678,-0.85819805,-0.8753747,-0.03309834,-0.48231095,-0.13368699,0.97532326,0.17570539
1356624243743,0.4865128,0.17434135,-0.8561018,-0.86527467,-0.039393038,-0.4997478,-0.12085122,0.9838969,0.13168798
1356624243760,0.48908487,0.1360386,-0.86156225,-0.86527485,-0.048874706,-0.49890965,-0.10997951,0.98949724,0.09380688
1356624243800,0.46941608,0.10482761,-0.87673235,-0.87714565,-0.05856532,-0.47663972,-0.10131118,0.99276435,0.06445764
1356624243842,0.4288687,0.08121997,-0.8997082,-0.89851815,-0.06469798,-0.4341419,-0.093470335,0.9945941,0.0452307
1356624243880,0.36114714,0.06415185,-0.9302996,-0.92852485,-0.06738165,-0.36510473,-0.086107194,0.99566275,0.03523186
1356624243922,0.26793787,0.055200845,-0.9618535,-0.96005833,-0.06823066,-0.2713535,-0.08060679,0.9961413,0.03471443
1356624243960,0.14709327,0.050670892,-0.98782396,-0.98588157,-0.073271245,-0.15056258,-0.08000818,0.9960241,0.039177716
1356624243999,0.016156256,0.048608065,-0.99868715,-0.9960574,-0.08635312,-0.02031669,-0.087227315,0.99507797,0.0470213
1356624244040,-0.10749173,0.045250177,-0.9931756,-0.9890077,-0.106886685,0.102170825,-0.10153401,0.99324095,0.056242287
1356624244079,-0.20644397,0.04003486,-0.97763896,-0.97118044,-0.13002372,0.19975558,-0.11911914,0.9907023,0.06572372
1356624244119,-0.27312636,0.03559518,-0.96131945,-0.952207,-0.15207374,0.2649065,-0.13676205,0.987728,0.07542932
1356624244159,-0.3051867,0.03508514,-0.951646,-0.93991154,-0.17171675,0.29509267,-0.15306017,0.9845214,0.08538258
1356624244199,-0.3015663,0.04101166,-0.9525628,-0.93841267,-0.1894778,0.28892878,-0.16864005,0.9810282,0.09562594
1356624244240,-0.26440948,0.05573243,-0.9627988,-0.94652957,-0.20634764,0.24799693,-0.1848498,0.9768902,0.10731268
1356624244281,-0.20556623,0.083008796,-0.97511643,-0.9574317,-0.22338504,0.18282193,-0.2026506,0.9711893,0.12539566
1356624244329,-0.15327269,0.13040543,-0.97954166,-0.9633349,-0.24061418,0.11870399,-0.22021195,0.96182084,0.16250366
1356624244369,-0.11416733,0.19574693,-0.97398615,-0.9660249,-0.25069046,0.06285158,-0.231866,0.9480704,0.21771702
1356624244410,-0.118354976,0.26672667,-0.9564774,-0.9651384,-0.25736493,0.047656983,-0.23345235,0.9287735,0.28788856
1356624244450,-0.13921142,0.33075303,-0.93339306,-0.9641153,-0.26043987,0.051505208,-0.22605723,0.90706867,0.3551402
1356624244489,-0.14774,0.37808263,-0.91390723,-0.96562517,-0.25496137,0.050623298,-0.2138713,0.8899709,0.4027541
1356624244529,-0.12549806,0.4050501,-0.9056405,-0.97172874,-0.23419815,0.029910386,-0.19998407,0.88379055,0.42299014
1356624244570,-0.06783956,0.41092005,-0.90914387,-0.9803541,-0.19661891,-0.015715748,-0.18521279,0.8902167,0.41618568
1356624244610,0.015376508,0.3966828,-0.917827,-0.98520905,-0.15066808,-0.08162382,-0.17066595,0.9055065,0.38849863
1356624244650,0.12015128,0.36235297,-0.9242641,-0.9803169,-0.10361129,-0.16805822,-0.15666059,0.926264,0.3427717
1356624244690,0.21612066,0.31565928,-0.9239324,-0.9657519,-0.07004517,-0.24983358,-0.1435793,0.9462837,0.2897104
1356624244746,0.30553395,0.26089385,-0.91574204,-0.94320476,-0.0488196,-0.32860535,-0.13043728,0.96413225,0.23116025
1356624244769,0.36929077,0.20554069,-0.9062987,-0.92186797,-0.042182624,-0.3852014,-0.11740464,0.97773904,0.1739037
1356624244809,0.40626746,0.15443432,-0.90060914,-0.90770376,-0.045025826,-0.41718876,-0.10497895,0.9869765,0.121888086
1356624244850,0.41081557,0.11038414,-0.90501153,-0.90683985,-0.05308023,-0.4181197,-0.094192,0.9924706,0.078294545
1356624244889,0.37599817,0.074432254,-0.92362607,-0.9226465,-0.06214145,-0.38060722,-0.08572492,0.995288,0.045309603
1356624244929,0.29411504,0.046387345,-0.9546437,-0.9524932,-0.06841281,-0.29677674,-0.07907653,0.9965781,0.024062365
1356624244970,0.15184292,0.025621563,-0.9880725,-0.98569393,-0.07006052,-0.15329415,-0.07315251,0.99721366,0.014616847
1356624245021,-0.054727912,0.011814892,-0.9984313,-0.99619466,-0.06857312,0.053793937,-0.067830056,0.9975761,0.015522838
1356624245047,-0.29404634,0.0037285984,-0.95578384,-0.9535904,-0.06896442,0.29310253,-0.064822316,0.9976121,0.023834348
1356624245089,-0.50073564,-0.002275765,-0.86559725,-0.8630239,-0.07578397,0.49944627,-0.066735,0.9971217,0.03598368
1356624245130,-0.63622904,-0.009883285,-0.7714368,-0.7680259,-0.08667421,0.6345264,-0.07313493,0.9961877,0.047554135
1356624245172,-0.70753396,-0.019064873,-0.7064221,-0.70160353,-0.100645006,0.705424,-0.084546685,0.9947397,0.05783385
1356624245209,-0.73550963,-0.02649507,-0.67699593,-0.67055297,-0.11440426,0.7329873,-0.09687179,0.99308085,0.06637913
1356624245252,-0.7329145,-0.030456603,-0.6796387,-0.67134756,-0.12934035,0.7297695,-0.110131025,0.99113244,0.07434845
1356624245290,-0.6886575,-0.025825024,-0.72462666,-0.7145679,-0.14543635,0.68428135,-0.12305868,0.9890305,0.08170217
1356624245329,-0.6027788,-0.011565447,-0.7978245,-0.785997,-0.1635198,0.5962131,-0.13735554,0.98647225,0.08947581
1356624245388,-0.45219725,0.01987657,-0.8916965,-0.8785062,-0.18264931,0.44143668,-0.15409344,0.9829773,0.1000551
1356624245406,-0.2493698,0.072692364,-0.96567625,-0.95292556,-0.19601822,0.23132166,-0.1724748,0.9779022,0.1181514
1356624245447,-0.06749165,0.14295402,-0.98742545,-0.97931945,-0.19868624,0.03817293,-0.19073084,0.96958125,0.15340734
1356624245484,0.060754478,0.22495538,-0.97247314,-0.9767683,-0.18719018,-0.10432428,-0.2055057,0.95621914,0.20835659
1356624245527,0.1299923,0.30939332,-0.9420073,-0.96815944,-0.16538757,-0.18792114,-0.21393785,0.93644154,0.2780429
1356624245570,0.18399376,0.38371423,-0.9049363,-0.95907104,-0.13152146,-0.25076878,-0.21524206,0.91403806,0.34381002
1356624245610,0.25441468,0.43414584,-0.86417043,-0.94374573,-0.083715916,-0.31989947,-0.2112279,0.8969443,0.38842475
1356624245652,0.35475016,0.45017046,-0.8194504,-0.9128149,-0.022870064,-0.4077326,-0.20229009,0.89264965,0.40280914
1356624245690,0.46243206,0.43775555,-0.7710556,-0.8657837,0.035363108,-0.49916732,-0.19124633,0.8983983,0.39535463
1356624245747,0.5699579,0.39899302,-0.7182983,-0.80212367,0.08061808,-0.59169114,-0.17817274,0.91340315,0.36599067
1356624245768,0.66055894,0.34658617,-0.66598785,-0.73245925,0.10276064,-0.67301095,-0.16481894,0.93237233,0.32173973
1356624245810,0.7287709,0.29171675,-0.61951137,-0.6677127,0.10213612,-0.73737913,-0.15183136,0.95103604,0.2692168
1356624245849,0.77715445,0.2399147,-0.5817834,-0.6137871,0.08490442,-0.7848928,-0.1389113,0.96707404,0.21324039
1356624245889,0.80911446,0.19395684,-0.5547202,-0.57396936,0.058328778,-0.8167967,-0.12606716,0.97927445,0.15851995
1356624245930,0.82755685,0.15525308,-0.53948694,-0.5496849,0.028944612,-0.8348706,-0.11400099,0.9874506,0.10929358
1356624245970,0.83406657,0.124644205,-0.5373982,-0.5418542,0.0022115633,-0.84046966,-0.10357115,0.9921991,0.06938356
1356624246011,0.82916856,0.10211027,-0.5495935,-0.5509092,-0.017387338,-0.834384,-0.09475513,0.9946211,0.041836444
1356624246050,0.81162864,0.08627859,-0.5777672,-0.5776491,-0.02887255,-0.8157743,-0.0870655,0.9958526,0.026404977
1356624246092,0.7813469,0.07783395,-0.6192244,-0.61891466,-0.030961677,-0.78484774,-0.08026004,0.9964855,0.023980767
1356624246130,0.7321558,0.075567424,-0.67693233,-0.67684853,-0.030631945,-0.73548466,-0.07631445,0.99667007,0.028720342
1356624246169,0.6629872,0.08046153,-0.7442943,-0.74453485,-0.03299041,-0.6667679,-0.07820374,0.9962116,0.0380342
1356624246212,0.5726179,0.09005359,-0.8148614,-0.81513226,-0.043627977,-0.5776297,-0.0875684,0.99498093,0.04842341
1356624246250,0.47231147,0.0998165,-0.8757617,-0.8754314,-0.06261286,-0.47926965,-0.102672994,0.9930339,0.05780974
1356624246289,0.38081565,0.10761124,-0.91836774,-0.91674775,-0.08563921,-0.39017886,-0.12063587,0.99049777,0.06603958
1356624246329,0.31463084,0.11428338,-0.9423094,-0.9390318,-0.107542604,-0.3265793,-0.13866094,0.9876102,0.073479444
1356624246370,0.28239205,0.12230489,-0.95147055,-0.9465941,-0.12536111,-0.29705897,-0.15560919,0.98454356,0.080372125
1356624246409,0.28521377,0.13404357,-0.9490445,-0.94300556,-0.13787311,-0.3028722,-0.17144579,0.98133755,0.08708049
1356624246451,0.30968708,0.1522227,-0.93857455,-0.93217963,-0.14598626,-0.33125386,-0.18744338,0.9775051,0.09668888
1356624246489,0.34860465,0.18041596,-0.91974175,-0.9150437,-0.14692274,-0.3756443,-0.20290318,0.9725553,0.11387053
1356624246529,0.3746434,0.2241678,-0.89966166,-0.9013797,-0.13920516,-0.41004446,-0.21715632,0.9645573,0.14990807
1356624246570,0.3911589,0.28228024,-0.8759638,-0.8915694,-0.119830936,-0.43674323,-0.22825158,0.95181847,0.2047995
1356624246609,0.4006313,0.3451884,-0.84872824,-0.88591087,-0.09041947,-0.4549576,-0.2337876,0.93416774,0.26958123
1356624246650,0.41955668,0.39562714,-0.816977,-0.8774799,-0.053641737,-0.4766042,-0.23238161,0.9168433,0.3246491
1356624246689,0.4563639,0.42087632,-0.7839612,-0.8609504,-0.013643414,-0.5085058,-0.22471395,0.90701544,0.35612726
1356624246745,0.5084642,0.4177342,-0.752969,-0.8345184,0.023532301,-0.5504775,-0.21223414,0.9082645,0.36057216
1356624246770,0.5662696,0.39122862,-0.7254508,-0.8003015,0.050488174,-0.5974684,-0.19712007,0.9189075,0.34169078
1356624246816,0.6199485,0.35001233,-0.7022501,-0.76340926,0.062262535,-0.64290726,-0.18130162,0.93467355,0.3058022
1356624246850,0.66466975,0.30072957,-0.6839415,-0.72861236,0.05831924,-0.68243897,-0.1653426,0.9519247,0.25787827
1356624246890,0.69783026,0.24885203,-0.671644,-0.7005507,0.0417974,-0.7123776,-0.1492036,0.96763927,0.20350093
1356624246939,0.7204319,0.19506162,-0.66552895,-0.68087363,0.016468212,-0.73221576,-0.13186711,0.9806527,0.14467654
1356624246979,0.72591007,0.14834726,-0.6716008,-0.6779848,-0.009952232,-0.7350086,-0.11572039,0.9888853,0.093352735
1356624247021,0.71938825,0.10980418,-0.68587434,-0.6871908,-0.0314108,-0.7257976,-0.10123947,0.9934568,0.052859873
1356624247059,0.6993373,0.08015302,-0.71028364,-0.7092866,-0.045275554,-0.70346487,-0.088543266,0.99575377,0.025188535
1356624247099,0.6652786,0.059482813,-0.7442219,-0.7426416,-0.049725756,-0.66784036,-0.07673201,0.9969901,0.011092931
1356624247140,0.6147776,0.0476678,-0.78725874,-0.7859916,-0.04563035,-0.6165509,-0.065312505,0.9978205,0.009413987
1356624247179,0.5456183,0.044516772,-0.8368506,-0.83616984,-0.0376468,-0.54717714,-0.05586326,0.99829906,0.016682789
1356624247220,0.45797917,0.04850003,-0.8876389,-0.8874897,-0.03251633,-0.4596789,-0.051157206,0.99829376,0.028151467
1356624247261,0.35645133,0.056505263,-0.93260366,-0.93278944,-0.0354746,-0.3586717,-0.053350568,0.99777186,0.040062547
1356624247309,0.24890023,0.06437683,-0.9663873,-0.9664874,-0.048245013,-0.25213996,-0.06285527,0.9967588,0.05021119
1356624247350,0.14853567,0.06875372,-0.98651415,-0.9860779,-0.06510818,-0.15300766,-0.074750006,0.9955069,0.058125645
1356624247389,0.07127774,0.07114735,-0.99491584,-0.9935454,-0.08317983,-0.077127784,-0.08824441,0.9939915,0.064759254
1356624247430,0.02282679,0.07306507,-0.997066,-0.99441993,-0.10108727,-0.030173898,-0.102995306,0.99219096,0.07034984
1356624247469,0.00373739,0.07624972,-0.99708176,-0.99287045,-0.1185109,-0.012784481,-0.11913991,0.99002075,0.07526317
1356624247510,0.009524107,0.08441743,-0.996385,-0.99050176,-0.13589007,-0.020981014,-0.13716993,0.9871209,0.082321316
1356624247550,0.030773342,0.10530421,-0.9939638,-0.98710525,-0.1530847,-0.046779364,-0.15708667,0.9825864,0.099235415
1356624247590,0.057143092,0.14598268,-0.9876354,-0.98261935,-0.16678166,-0.08150491,-0.17661783,0.9751271,0.13391507
1356624247632,0.073660254,0.21287343,-0.9742993,-0.97864854,-0.1725474,-0.11168876,-0.19188833,0.9617237,0.19561833
1356624247670,0.09039003,0.28720608,-0.95359445,-0.97569036,-0.16641057,-0.14260447,-0.19964501,0.94330287,0.26518232
1356624247746,0.10727686,0.35109,-0.930176,-0.97420615,-0.14969808,-0.16885754,-0.19852972,0.9242977,0.32597494
1356624247747,0.13184643,0.38972086,-0.9114462,-0.9726017,-0.12674636,-0.19488779,-0.19147432,0.91216946,0.36233214
1356624247786,0.1640625,0.3994337,-0.9019624,-0.96984303,-0.101756334,-0.22147238,-0.18024397,0.9110973,0.37069368
1356624247830,0.20028305,0.38378152,-0.9014424,-0.9654491,-0.07925606,-0.2482467,-0.16671732,0.9200164,0.3546479
1356624247869,0.23520744,0.34899327,-0.907128,-0.95979667,-0.06370318,-0.2733719,-0.1531919,0.9349575,0.31997916
1356624247909,0.262654,0.3028793,-0.91612065,-0.9544785,-0.05754471,-0.29267618,-0.14136341,0.95129,0.27397746
1356624247949,0.27962005,0.25134477,-0.9266275,-0.9510447,-0.059808254,-0.30321103,-0.13163045,0.96604806,0.22231649
1356624247990,0.2841433,0.19884834,-0.93793494,-0.9507681,-0.06777844,-0.3024006,-0.12370354,0.9776838,0.16979985
1356624248039,0.27760565,0.1448676,-0.94970965,-0.9536049,-0.07832968,-0.29069254,-0.116502404,0.98634565,0.1164017
1356624248080,0.24099281,0.09784913,-0.96558166,-0.964296,-0.08841482,-0.24963164,-0.109797984,0.991266,0.073048204
1356624248120,0.18794575,0.06127101,-0.9802664,-0.97677284,-0.09291634,-0.19308361,-0.1029132,0.9937868,0.042384654
1356624248159,0.11266875,0.03607446,-0.9929776,-0.9891029,-0.09124267,-0.11554396,-0.0947701,0.9951751,0.025401115
1356624248199,0.011903584,0.022029996,-0.9996865,-0.99631083,-0.08471292,-0.013730228,-0.08498883,0.9961619,0.020940304
1356624248239,-0.1117298,0.017625272,-0.99358225,-0.990866,-0.07794356,0.1100418,-0.075503856,0.9968019,0.026172936
1356624248299,-0.24772519,0.018047214,-0.9686622,-0.9662597,-0.07738733,0.245669,-0.07052857,0.99683774,0.036609113
1356624248318,-0.37702256,0.016999394,-0.9260481,-0.92328453,-0.08622217,0.3743146,-0.07348269,0.9961309,0.048202932
1356624248357,-0.4831158,0.010457814,-0.8754939,-0.87140256,-0.103028655,0.47962746,-0.0851852,0.9946233,0.05888784
1356624248393,-0.55956817,-8.4093213E-4,-0.82878375,-0.8224584,-0.122752905,0.55542207,-0.10220274,0.9924369,0.0679971
1356624248436,-0.60506237,-0.013607949,-0.79606175,-0.7867584,-0.1431278,0.60043776,-0.122109324,0.9896107,0.07589507
1356624248478,-0.6190415,-0.023528695,-0.7850058,-0.77236235,-0.16284776,0.61395204,-0.14228189,0.9863707,0.08263677
1356624248521,-0.5996749,-0.02698651,-0.7997886,-0.7835823,-0.18307906,0.593701,-0.16244647,0.98272777,0.08864176
1356624248568,-0.53675556,-0.017221093,-0.84356207,-0.8235367,-0.20677394,0.52823466,-0.18352336,0.9782372,0.0968048
1356624248610,-0.40716696,0.01961869,-0.913143,-0.89034146,-0.23153436,0.3920254,-0.20373291,0.9726289,0.11174047
1356624248650,-0.25344056,0.08445981,-0.9636568,-0.94134927,-0.25094968,0.22557914,-0.22277698,0.9643085,0.14310703
1356624248689,-0.113930166,0.17225704,-0.97844136,-0.96429527,-0.25616556,0.06718442,-0.23906997,0.95116067,0.19529164
1356624248747,-0.022868693,0.26671767,-0.96350336,-0.9681153,-0.24638808,-0.04522717,-0.2494587,0.9317481,0.26384813
1356624248769,0.045205355,0.35113657,-0.9352324,-0.96678305,-0.22037995,-0.12947285,-0.25156906,0.91001964,0.32951054
1356624248812,0.12428278,0.41248542,-0.9024464,-0.9616036,-0.17421246,-0.21205783,-0.24468815,0.89415085,0.3749959
1356624248850,0.23370165,0.44536692,-0.86431,-0.9440655,-0.10875648,-0.31130752,-0.23264536,0.88871837,0.39503896
1356624248892,0.38043135,0.44067234,-0.81306815,-0.8993786,-0.028464198,-0.43624288,-0.21538353,0.8972166,0.38550264
1356624248930,0.5212029,0.40909162,-0.7489937,-0.8300284,0.038864344,-0.5563655,-0.19849527,0.9116653,0.35981387
1356624248969,0.6442593,0.3579774,-0.6758566,-0.74264383,0.08161694,-0.6646944,-0.18278432,0.93015623,0.3184322
1356624249010,0.73642594,0.30125093,-0.6057431,-0.65526795,0.09497397,-0.74940234,-0.16822831,0.94880337,0.26734138
1356624249050,0.8012678,0.24683455,-0.54501617,-0.57819116,0.08523922,-0.8114365,-0.15383382,0.96530145,0.21101701
1356624249089,0.8437448,0.19955663,-0.49826884,-0.5183076,0.061703622,-0.8529653,-0.13946994,0.9779416,0.15549386
1356624249129,0.8700383,0.16064493,-0.46607575,-0.47667807,0.032991707,-0.87845856,-0.1257433,0.9864606,0.10527998
1356624249171,0.88393444,0.13010706,-0.44914603,-0.4536752,0.0058691874,-0.89114785,-0.11330849,0.9914826,0.06421432
1356624249210,0.88733923,0.107256934,-0.44846964,-0.4496233,-0.014542341,-0.89309984,-0.10231298,0.99412495,0.03532124
1356624249253,0.882683,0.09078416,-0.4611171,-0.46096447,-0.023901999,-0.8870965,-0.091556,0.99558365,0.0207504
1356624249290,0.8690631,0.07942398,-0.48828393,-0.48800224,-0.024246573,-0.8725056,-0.081137046,0.9965461,0.017687261
1356624249332,0.84416366,0.07408933,-0.5309411,-0.53127587,-0.016750276,-0.84703326,-0.07164954,0.99711096,0.025221888
1356624249370,0.80073357,0.07483572,-0.59432757,-0.59532946,-0.010553867,-0.8034124,-0.066396415,0.99714,0.036101073
1356624249409,0.72408974,0.082820356,-0.68471515,-0.6862763,-0.0123613775,-0.7272358,-0.068694025,0.99648774,0.04788693
1356624249451,0.60718256,0.09501901,-0.78886044,-0.7905909,-0.026893452,-0.6117539,-0.07934341,0.9951121,0.05879189
1356624249488,0.4876899,0.10645127,-0.8665025,-0.8677866,-0.04937339,-0.49447817,-0.09542003,0.9930913,0.06829813
1356624249528,0.43066192,0.119203955,-0.8946065,-0.8951837,-0.069654465,-0.440221,-0.11478937,0.9904235,0.07671188
1356624249569,0.49006334,0.13983992,-0.86039674,-0.8612174,-0.07484582,-0.5026953,-0.13469407,0.9873413,0.08375344
1356624249609,0.614905,0.16666803,-0.77078766,-0.773288,-0.06424606,-0.6307916,-0.1546529,0.9839178,0.089377165
1356624249649,0.73094875,0.19398896,-0.65427995,-0.6596622,-0.04474722,-0.750229,-0.17481335,0.97998273,0.09525925
1356624249691,0.7979804,0.22206241,-0.56028163,-0.570074,-0.023537457,-0.82125604,-0.19555773,0.97474825,0.1078096
1356624249748,0.8279201,0.2541572,-0.49995244,-0.5177929,0.0038683116,-0.85549724,-0.21549682,0.9671552,0.13480344
1356624249771,0.828991,0.29485393,-0.47522113,-0.508597,0.04405828,-0.85987675,-0.2326006,0.95452607,0.18648574
1356624249810,0.82262,0.33640456,-0.4583976,-0.513734,0.09425002,-0.8527569,-0.24366733,0.93698925,0.2503544
1356624249853,0.8194595,0.3685002,-0.43896887,-0.51785386,0.14786448,-0.8425933,-0.24558792,0.9177929,0.31199822
1356624249890,0.8274868,0.38191074,-0.41159415,-0.506764,0.19233596,-0.84035534,-0.24177639,0.9039641,0.3526941
1356624249929,0.84677947,0.37343323,-0.37883,-0.47798765,0.22163413,-0.8499447,-0.23343596,0.90079176,0.36617172
1356624249971,0.86813337,0.35126123,-0.35065648,-0.44322821,0.23070695,-0.8662118,-0.22336778,0.90740824,0.3559733
1356624250009,0.88672054,0.32263833,-0.331106,-0.41046202,0.21989727,-0.8849668,-0.21271491,0.9206247,0.3274182
1356624250050,0.9005839,0.292286,-0.32174125,-0.38518497,0.19358453,-0.90230685,-0.20144752,0.9365329,0.2869233
1356624250089,0.9096351,0.26223207,-0.3221774,-0.36971915,0.15745664,-0.91570467,-0.18939818,0.9520723,0.24018031
1356624250130,0.9140354,0.23296031,-0.3320674,-0.36519375,0.11628181,-0.92364067,-0.17655823,0.96550924,0.19136134
1356624250170,0.91231185,0.20587315,-0.3539821,-0.37541288,0.07521462,-0.9238007,-0.16356117,0.9756838,0.14590663
1356624250211,0.9054453,0.17907307,-0.38483983,-0.39712223,0.037251227,-0.9170095,-0.14987592,0.98313034,0.10484284
1356624250250,0.88871133,0.1538296,-0.43188947,-0.43766233,0.0041000545,-0.89913005,-0.13654208,0.9880889,0.070969194
1356624250289,0.8614957,0.12956907,-0.49095526,-0.4926011,-0.021263778,-0.8699955,-0.12316403,0.9913424,0.045507196
1356624250330,0.81561804,0.10709973,-0.5685921,-0.5681108,-0.037952915,-0.82207644,-0.10962391,0.9935236,0.029889438
1356624250369,0.73890287,0.08802128,-0.668038,-0.6668546,-0.04657586,-0.74373084,-0.0965786,0.99502915,0.024282366
1356624250412,0.61234075,0.074798405,-0.7870477,-0.7859094,-0.05062212,-0.6162661,-0.08593774,0.99591297,0.027786762
1356624250449,0.41561383,0.06613186,-0.9071338,-0.90596795,-0.058219075,-0.41932395,-0.08054316,0.99611104,0.035716683
1356624250490,0.17252743,0.05962926,-0.98319817,-0.98152775,-0.073387146,-0.1766851,-0.08268973,0.9955193,0.04586649
1356624250530,-0.062074125,0.05057004,-0.9967895,-0.9938309,-0.09509766,0.057065338,-0.09190661,0.9941826,0.056161255
1356624250571,-0.24068278,0.039161235,-0.9698135,-0.96476376,-0.11909741,0.23462036,-0.10631424,0.99211,0.066446066
1356624250610,-0.35741282,0.028260142,-0.9335189,-0.9259685,-0.14109051,0.35025087,-0.12181249,0.98959327,0.076595545
1356624250651,-0.424703,0.020578086,-0.9050989,-0.8947359,-0.16205585,0.41615584,-0.13811293,0.986567,0.0872376
1356624250690,-0.4513225,0.01742196,-0.8921908,-0.87895775,-0.18131375,0.44108793,-0.15408185,0.9832709,0.09714419
