1356624557737,0.21531087,-0.030303001,0.9760753,0.97629297,-0.016052067,-0.21585727,0.022209138,0.9994118,0.026128441
1356624557777,-0.61821276,0.034264565,-0.78526354,-0.78569716,0.001278162,0.6186099,0.022200048,0.99941194,0.026131451
1356624557816,-0.61824656,0.034253865,-0.78523743,-0.78567195,0.0012245178,0.6186421,0.022152424,0.9994124,0.026155233
1356624557856,-0.6186327,0.03424713,-0.7849335,-0.7853706,0.0010906458,0.6190248,0.022055864,0.9994127,0.02622211
1356624557896,-0.62008125,0.034261197,-0.78378916,-0.78422904,9.5015764E-4,0.6204708,0.022002816,0.9994125,0.02627945
1356624557935,-0.62337613,0.03428644,-0.7811701,-0.78160644,0.0010640025,0.623771,0.022218078,0.9994115,0.026135147
1356624557975,-0.62888736,0.034284174,-0.7767402,-0.777157,0.0017971396,0.6293042,0.022971064,0.9994105,0.025514007
1356624558018,-0.6286769,0.034156412,-0.77691615,-0.77728236,0.003800273,0.6291404,0.02444169,0.9994092,0.024160028
1356624558057,-0.64506304,0.033942133,-0.76337516,-0.76366234,0.006287992,0.64558524,0.026712656,0.999404,0.021864116
1356624558096,-0.65863943,0.033755034,-0.7517011,-0.75187933,0.009667635,0.65922976,0.029519439,0.99938333,0.019012332
1356624558154,-0.6706425,0.034054816,-0.7409986,-0.74105406,0.013448477,0.6713107,0.032826662,0.9993295,0.016217351
1356624558176,-0.68219745,0.03539878,-0.73031056,-0.7302596,0.016784728,0.6829635,0.036434144,0.9992323,0.0143998265
1356624558216,-0.69348943,0.03793168,-0.7194675,-0.7193558,0.018980384,0.69438237,0.039994866,0.9991,0.014123678
1356624558253,-0.70459926,0.04167494,-0.7083806,-0.7082882,0.01949358,0.7056542,0.043217003,0.998941,0.015782714
1356624558297,-0.7162383,0.04690197,-0.6962778,-0.6963451,0.017579436,0.71749175,0.04589194,0.9987447,0.020068944
1356624558336,-0.7294808,0.054026693,-0.68186414,-0.6823238,0.012292087,0.73094666,0.047872126,0.99846375,0.027897
1356624558376,-0.74533206,0.063498765,-0.66366243,-0.6648828,0.002517879,0.7469435,0.049100965,0.9979787,0.04034269
1356624558416,-0.76410586,0.07559627,-0.6406461,-0.6431679,-0.012653708,0.7656206,0.049771458,0.99705815,0.058289945
1356624558456,-0.78519183,0.09041852,-0.6126158,-0.6171967,-0.033721983,0.7860859,0.05041811,0.9953328,0.08228421
1356624558496,-0.80683213,0.10767959,-0.5808847,-0.58851266,-0.060418904,0.8062272,0.051717818,0.9923481,0.11211872
1356624558536,-0.82659376,0.12678947,-0.54833126,-0.5601951,-0.09174192,0.82326484,0.054076344,0.98767805,0.14686012
1356624558576,-0.8413179,0.14672662,-0.52024573,-0.53750014,-0.12514478,0.8339259,0.057253137,0.9812289,0.18415207
1356624558636,-0.8496557,0.16753238,-0.50001824,-0.52381325,-0.15867996,0.83692324,0.06086886,0.9730127,0.22257894
1356624558659,-0.84902996,0.18940993,-0.4932261,-0.52438647,-0.1880377,0.8304581,0.064551905,0.9637249,0.2589736
1356624558700,-0.84161836,0.21307656,-0.496263,-0.5357033,-0.21271104,0.8171756,0.06856033,0.9535997,0.29316735
1356624558738,-0.8264889,0.23950809,-0.50946224,-0.5581951,-0.23124951,0.79683226,0.07303488,0.94295245,0.32481754
1356624558780,-0.80459577,0.2684703,-0.5296691,-0.58868057,-0.24348086,0.7708257,0.07797952,0.93200904,0.35394692
1356624558817,-0.7786765,0.29897654,-0.5516121,-0.6218406,-0.25070292,0.74193144,0.08352935,0.9207394,0.3811323
1356624558858,-0.75151634,0.32991242,-0.5712976,-0.6535691,-0.2543956,0.7128326,0.0898367,0.90908784,0.406803
1356624558898,-0.7263167,0.3598675,-0.5856274,-0.68049854,-0.25638235,0.6864327,0.09688033,0.89708614,0.43110406
1356624558940,-0.7049562,0.38741177,-0.5940951,-0.70157725,-0.25801605,0.66424173,0.10404906,0.8850649,0.45368928
1356624558979,-0.6883335,0.4113017,-0.5975182,-0.71698856,-0.2607298,0.64648855,0.11011103,0.87341344,0.4743676
1356624559020,-0.6751751,0.43031,-0.59914273,-0.72884417,-0.26397532,0.6317463,0.11368787,0.86322093,0.4918584
1356624559062,-0.66469616,0.4435389,-0.60120904,-0.7383193,-0.26685727,0.61941254,0.114296585,0.85560536,0.50485224
1356624559100,-0.6567569,0.45060444,-0.60467017,-0.74548686,-0.26709282,0.6106641,0.11366494,0.85183156,0.5113348
1356624559139,-0.6476555,0.45103478,-0.6140928,-0.753543,-0.25988626,0.6038477,0.112761974,0.85383064,0.5081909
1356624559181,-0.6360667,0.44410497,-0.631023,-0.7634104,-0.24310505,0.59841835,0.11235571,0.86236346,0.49366534
1356624559220,-0.61959994,0.42960697,-0.6569122,-0.77672297,-0.21496409,0.59202343,0.11312482,0.87705654,0.46687743
1356624559260,-0.59558547,0.4071653,-0.6924554,-0.794953,-0.17486477,0.5809235,0.11544582,0.89645904,0.42782414
1356624559299,-0.56279314,0.37684602,-0.7356975,-0.8179645,-0.12559897,0.56139016,0.11915481,0.91772103,0.378933
1356624559343,-0.5177543,0.33746415,-0.7861605,-0.8464419,-0.06848025,0.5280592,0.124364555,0.93884414,0.32109976
1356624559380,-0.46402848,0.2902993,-0.83690125,-0.876132,-0.011059403,0.48194417,0.13065237,0.95687187,0.2594725
1356624559421,-0.4008547,0.23498309,-0.88549334,-0.9056655,0.0441103,0.42169204,0.13814992,0.97099805,0.19513428
1356624559460,-0.34398782,0.17840847,-0.92186916,-0.92760587,0.08774316,0.36310932,0.14566946,0.9800365,0.13531017
1356624559502,-0.2955699,0.12356731,-0.94729596,-0.9429519,0.12131554,0.31003913,0.1532324,0.9848927,0.08066076
1356624559539,-0.27598393,0.07899845,-0.9579103,-0.94785213,0.14291358,0.28487206,0.15940285,0.9865774,0.035436988
1356624559579,-0.28236985,0.04702747,-0.95815223,-0.9452936,0.15644741,0.28625903,0.16336244,0.98656607,2.7871132E-4
1356624559637,-0.3218069,0.030465305,-0.94631505,-0.93241215,0.16341531,0.32233998,0.16446257,0.98608685,-0.024181962
1356624559659,-0.39122945,0.02959624,-0.9198171,-0.9057715,0.16447073,0.39054742,0.16284168,0.98593783,-0.03753829
1356624559699,-0.48286957,0.042808294,-0.87464535,-0.8609578,0.15924609,0.48310706,0.15996489,0.98631036,-0.040039003
1356624559739,-0.5840469,0.066215575,-0.8090147,-0.7962124,0.14715415,0.58684874,0.15790838,0.9868947,-0.03322327
1356624559779,-0.6797468,0.09367776,-0.7274399,-0.71633077,0.1282233,0.6858783,0.15752628,0.9873111,-0.020055115
1356624559819,-0.7576365,0.118156075,-0.64189255,-0.6333498,0.104463816,0.76678246,0.15765457,0.9874849,-0.004311502
1356624559860,-0.8129883,0.13493653,-0.56642926,-0.5609209,0.079567134,0.8240369,0.15626183,0.9876544,0.0110016465
1356624559900,-0.8478997,0.14321886,-0.51044554,-0.5077883,0.057333052,0.859572,0.1523723,0.98802906,0.024112165
1356624559941,-0.86622214,0.14517598,-0.47810385,-0.47781414,0.03915888,0.8775878,0.14612666,0.98863065,0.035446823
1356624559981,-0.86982834,0.14434743,-0.47176546,-0.47323054,0.02620858,0.8805487,0.13946925,0.98917997,0.045512617
1356624560023,-0.8589347,0.14246751,-0.49186805,-0.4946702,0.017525017,0.86890405,0.13241062,0.98964435,0.05542159
1356624560060,-0.82063174,0.13987476,-0.55407447,-0.557623,0.016049266,0.8299391,0.12498003,0.9900391,0.064826846
1356624560099,-0.75012535,0.13712904,-0.6469216,-0.6510501,0.018394887,0.7588118,0.115955174,0.9903824,0.07547939
1356624560138,-0.6287594,0.13770339,-0.76531005,-0.7703576,0.023703456,0.6371713,0.105881184,0.99018985,0.091177106
1356624560180,-0.46507686,0.15007433,-0.87245697,-0.8798884,0.030142784,0.47422335,0.097467005,0.9882151,0.11803001
1356624560219,-0.3082757,0.18582731,-0.93297064,-0.9466012,0.037403822,0.32022962,0.09440401,0.9818702,0.16437376
1356624560259,-0.19087791,0.2467373,-0.95009804,-0.9766467,0.049509883,0.20906919,0.09862444,0.9678169,0.23152483
1356624560300,-0.11522555,0.32298654,-0.939363,-0.9873099,0.066797435,0.14407423,0.10928109,0.9440434,0.31119102
1356624560339,-0.04553002,0.3889427,-0.9201362,-0.99158585,0.09413731,0.08885744,0.12117961,0.9164398,0.381384
1356624560382,0.03782612,0.42498052,-0.9044118,-0.9906299,0.13480443,0.021912098,0.13123095,0.8951085,0.42609754
1356624560419,0.1377182,0.42543706,-0.89444786,-0.98068917,0.18517518,-0.062919706,0.13886112,0.88584054,0.44272354
1356624560463,0.25203443,0.38447317,-0.88806474,-0.9568018,0.23645443,-0.16917303,0.1449444,0.89233947,0.4274593
1356624560499,0.35082856,0.32422706,-0.8785192,-0.9245231,0.2691113,-0.26988134,0.14891657,0.9068935,0.39416742
1356624560539,0.43159714,0.25186568,-0.8661914,-0.88941354,0.27908054,-0.3620187,0.15055713,0.9266486,0.3444631
1356624560581,0.4885983,0.17804307,-0.8541502,-0.85937697,0.2674089,-0.43584827,0.15080765,0.9469917,0.2836616
1356624560639,0.52152824,0.11045495,-0.8460543,-0.8397709,0.24190317,-0.4860738,0.15097395,0.963993,0.21891618
1356624560658,0.5346198,0.05081722,-0.84356344,-0.83130085,0.21122395,-0.51412386,0.15205446,0.97611576,0.15516889
1356624560700,0.5282861,0.0018084347,-0.84906447,-0.8349333,0.1828034,-0.51910436,0.15427312,0.98314786,0.09808242
1356624560740,0.50322276,-0.034977645,-0.8634486,-0.8497118,0.16190003,-0.5017753,0.15734336,0.98618716,0.05175081
1356624560780,0.4564702,-0.057205856,-0.8878978,-0.87508243,0.15151937,-0.459644,0.16082805,0.9867976,0.019104242
1356624560823,0.3835292,-0.06209463,-0.92143893,-0.90866274,0.15292667,-0.38851696,0.16503742,0.9862848,0.0022287667
1356624560860,0.27639496,-0.049562275,-0.9597653,-0.94593436,0.16236264,-0.28079632,0.169747,0.9854857,-0.0020064712
1356624560902,0.13987535,-0.018936604,-0.9899881,-0.9746504,0.17368668,-0.14103055,0.1746184,0.9846189,0.0058379173
1356624560940,-0.024488807,0.022416234,-0.9994488,-0.9837923,0.17710012,0.028077304,0.17763194,0.98393756,0.017715871
1356624560976,-0.18673116,0.06344241,-0.9803604,-0.96631676,0.1680302,0.19493005,0.17709696,0.9837382,0.029929042
1356624561047,-0.32849848,0.095834225,-0.93963003,-0.92908895,0.14621806,0.33972627,0.16994834,0.9845994,0.04100609
1356624561067,-0.44165862,0.116529375,-0.8895834,-0.88283014,0.12020177,0.45405132,0.15983981,0.98588663,0.04978746
1356624561103,-0.5132504,0.12575749,-0.8489753,-0.84552085,0.095573425,0.5253192,0.14720222,0.98744655,0.0572775
1356624561133,-0.5481842,0.12781164,-0.82653385,-0.8253974,0.07679099,0.5593052,0.13495606,0.98882115,0.06339979
1356624561177,-0.5601743,0.12525901,-0.8188498,-0.81951845,0.06036073,0.569865,0.12080711,0.99028623,0.06883955
1356624561219,-0.53914857,0.12112293,-0.8334555,-0.83554494,0.047335505,0.54737926,0.10575223,0.99150825,0.07568276
1356624561262,-0.49725264,0.12385085,-0.8587205,-0.86278987,0.03355241,0.50444824,0.09128851,0.9917335,0.090173185
1356624561301,-0.4447623,0.14289984,-0.8841754,-0.8919723,0.018683195,0.45170382,0.08106765,0.98956084,0.11915308
1356624561342,-0.40937972,0.19372532,-0.8915597,-0.9087117,7.735491E-4,0.41742352,0.08155519,0.9810555,0.17572379
1356624561382,-0.38389736,0.26459548,-0.8846537,-0.91874564,-0.0136319995,0.3946144,0.09235355,0.96426314,0.24832928
1356624561421,-0.37045246,0.33986053,-0.86444193,-0.92224014,-0.023740232,0.385888,0.11062604,0.94017625,0.3222276
1356624561461,-0.3529274,0.39796638,-0.846797,-0.92667747,-0.023630977,0.37511408,0.1292722,0.91709566,0.3771264
1356624561499,-0.32278293,0.428048,-0.84414816,-0.93535256,-0.0079475045,0.3536274,0.14466068,0.903721,0.40294114
1356624561541,-0.277883,0.42839506,-0.8598016,-0.9478669,0.023053527,0.31783164,0.15597898,0.9032974,0.39965528
1356624561579,-0.22273713,0.4036755,-0.8873749,-0.9612326,0.060826182,0.26894632,0.16254267,0.91287804,0.37447777
1356624561636,-0.1609875,0.35734913,-0.9199916,-0.9731374,0.09796786,0.2083407,0.16457999,0.9288185,0.33197823
1356624561659,-0.10098797,0.29685155,-0.9495686,-0.98129106,0.12753505,0.14423132,0.16391852,0.9463688,0.27841833
1356624561700,-0.049534738,0.229453,-0.9720585,-0.9854866,0.14698821,0.08491534,0.16236526,0.96215683,0.21884182
1356624561739,-0.01572138,0.16508377,-0.9861542,-0.9867908,0.15648007,0.041926593,0.16123486,0.97378707,0.16044313
1356624561782,-0.0010094941,0.108300954,-0.9941176,-0.986864,0.16049227,0.01848644,0.16155028,0.9810775,0.106716275
1356624561824,-0.014644027,0.066614866,-0.99767125,-0.9864981,0.16180933,0.025284052,0.16311678,0.9845711,0.06334591
1356624561862,-0.054519743,0.04318437,-0.9975785,-0.9846437,0.16361085,0.060895413,0.16584444,0.9855794,0.033601165
1356624561900,-0.12576419,0.039340794,-0.99127984,-0.9774876,0.16572273,0.1305913,0.1694152,0.98538744,0.017613113
1356624561939,-0.22095746,0.05504489,-0.9737288,-0.9595605,0.16628247,0.22714245,0.17441699,0.9845406,0.016077638
1356624561980,-0.3372013,0.08594465,-0.9375013,-0.92410517,0.15996146,0.34704736,0.17979097,0.9833747,0.025482714
1356624562020,-0.4564898,0.12054923,-0.8815242,-0.870692,0.14332926,0.4704808,0.18306431,0.98230577,0.0395329
1356624562059,-0.5594866,0.14768627,-0.8155755,-0.8085375,0.11920375,0.57624435,0.18232301,0.9818244,0.05271703
1356624562099,-0.6371089,0.16264406,-0.7534183,-0.7501353,0.09384537,0.6545916,0.17717025,0.98221177,0.06221533
1356624562139,-0.6883611,0.16673878,-0.70594406,-0.7055508,0.07202566,0.7049896,0.16839513,0.9833669,0.06806308
1356624562179,-0.7150286,0.16393822,-0.67960167,-0.68105793,0.05604881,0.73008126,0.15777907,0.98487705,0.07157493
1356624562223,-0.71833044,0.156293,-0.6779188,-0.6803216,0.045956492,0.73147154,0.1454787,0.98664105,0.07331747
1356624562259,-0.6931637,0.1457513,-0.70588994,-0.7084158,0.042856514,0.7044929,0.13293272,0.9883926,0.07354593
1356624562301,-0.6425589,0.13329041,-0.7545539,-0.756893,0.04290104,0.6521292,0.11929372,0.99014807,0.07332021
1356624562340,-0.5559951,0.123945266,-0.8218924,-0.8243525,0.04430288,0.5643405,0.10635954,0.9912996,0.077542365
1356624562383,-0.46255082,0.13373744,-0.8764479,-0.8812115,0.03940177,0.4710772,0.09753424,0.9902332,0.09962565
1356624562421,-0.36571115,0.16834196,-0.91537774,-0.9257107,0.03619778,0.3764963,0.09651482,0.9850638,0.14259797
1356624562459,-0.29693627,0.23161358,-0.92638224,-0.948898,0.037006617,0.3134057,0.10687131,0.9721038,0.20878899
1356624562501,-0.2441442,0.30499533,-0.9205278,-0.9617288,0.04560405,0.27018145,0.1243839,0.9512614,0.28218883
1356624562539,-0.1908111,0.3636781,-0.9117726,-0.971534,0.06288594,0.22840089,0.14040205,0.92939955,0.3413264
1356624562579,-0.13148695,0.39534914,-0.90907115,-0.9796941,0.088196635,0.18005797,0.15136284,0.91428685,0.37572446
1356624562636,-0.06636757,0.3978454,-0.91504884,-0.985258,0.11879039,0.12310752,0.15767673,0.9097295,0.3840966
1356624562660,-1.3196468E-4,0.37448588,-0.9272326,-0.98711014,0.14834803,0.06005454,0.16004276,0.9152886,0.3696392
1356624562699,0.060347497,0.3324878,-0.94117475,-0.98528385,0.17090273,-0.0028010905,0.15991804,0.92749345,0.33790845
1356624562738,0.11194953,0.2761766,-0.9545647,-0.9808043,0.1850461,-0.061488956,0.15965664,0.9431248,0.29159102
1356624562780,0.1490277,0.21459177,-0.96526736,-0.97568,0.19059849,-0.10826272,0.16074616,0.9579262,0.23777735
1356624562822,0.1730656,0.14965135,-0.9734745,-0.9712277,0.19010884,-0.14344084,0.16359994,0.9702902,0.17824686
1356624562860,0.17685935,0.09314397,-0.9798188,-0.96997416,0.18535295,-0.15746218,0.1669456,0.9782476,0.12312871
1356624562899,0.16692099,0.04621148,-0.98488677,-0.97105956,0.1807693,-0.15609574,0.17082393,0.9824393,0.07504824
1356624562941,0.13952217,0.013211668,-0.9901308,-0.97460866,0.1786792,-0.13495073,0.17513284,0.98381865,0.037805915
1356624562980,0.0937413,-0.0029669702,-0.9955922,-0.9791961,0.18048573,-0.09273535,0.17996532,0.98357314,0.014013767
1356624563023,0.031279683,-0.0011077821,-0.99951005,-0.9821596,0.18548584,-0.030942261,0.1854293,0.9826463,0.004713893
1356624563060,-0.045937836,0.01608041,-0.99881494,-0.9807086,0.1894511,0.04815516,0.19000092,0.9817585,0.007067263
1356624563100,-0.1300768,0.042477995,-0.9905937,-0.97297907,0.1867561,0.13577208,0.19076672,0.9814875,0.01703751
1356624563139,-0.21244127,0.0686492,-0.97475946,-0.9593611,0.17494452,0.22140616,0.18572822,0.9821821,0.028693974
1356624563180,-0.28231215,0.08818537,-0.95526075,-0.9434733,0.15473485,0.29311305,0.17366031,0.9840124,0.039517045
1356624563219,-0.3342752,0.09948975,-0.93720967,-0.92906576,0.13236564,0.34542173,0.15842026,0.98619527,0.048185945
1356624563260,-0.3653009,0.10345554,-0.9251228,-0.9201647,0.11029005,0.37567672,0.14089769,0.98850036,0.054907084
1356624563300,-0.37252992,0.10192832,-0.9224056,-0.91973543,0.09196502,0.38161385,0.12372634,0.9905317,0.059487343
1356624563339,-0.35888785,0.096725464,-0.9283554,-0.92721677,0.07717192,0.36648822,0.107091725,0.9923148,0.061989367
1356624563380,-0.32437688,0.091020316,-0.9415386,-0.9414679,0.06547725,0.33068237,0.09174812,0.99369407,0.06445342
1356624563419,-0.27537715,0.092232615,-0.95690155,-0.95803976,0.056031406,0.28110546,0.07954362,0.99415976,0.07293278
1356624563460,-0.22228765,0.11228299,-0.96849406,-0.9721788,0.049734652,0.22889936,0.0738692,0.9924309,0.0981037
1356624563500,-0.17343307,0.1586014,-0.971991,-0.98179555,0.04977119,0.18330377,0.07744938,0.9860874,0.14708221
1356624563539,-0.13306195,0.22717762,-0.96472013,-0.9869765,0.05840856,0.14988607,0.0903987,0.9721002,0.216447
1356624563580,-0.09533906,0.29766393,-0.9498982,-0.98953295,0.07550454,0.122977555,0.10832757,0.9516801,0.28734982
1356624563639,-0.053768873,0.34774572,-0.93604577,-0.9905836,0.09962207,0.0939118,0.12590823,0.93228126,0.33911473
1356624563659,-0.0070419908,0.3675316,-0.92998433,-0.99002856,0.12828362,0.058194607,0.14069009,0.9211209,0.3629635
1356624563702,0.043804407,0.35486314,-0.93389153,-0.9874302,0.15747571,0.013522476,0.15186384,0.9215604,0.35730076
1356624563750,0.09692681,0.31032518,-0.9456762,-0.9825088,0.18162382,-0.041101813,0.1590024,0.933119,0.32250145
1356624563788,0.14066198,0.25620112,-0.95633423,-0.97640955,0.1957312,-0.09117851,0.16382444,0.94659925,0.2776892
1356624563829,0.17443436,0.19638374,-0.96488655,-0.9702625,0.20128894,-0.13443783,0.16781959,0.95964384,0.2256555
1356624563888,0.19632882,0.1367974,-0.97094876,-0.96544623,0.20003337,-0.1670334,0.17137247,0.9701923,0.17134282
1356624563923,0.20726776,0.07730129,-0.97522545,-0.9626039,0.19388306,-0.18921709,0.17445299,0.9779744,0.11459622
1356624563954,0.19702366,0.033252865,-0.9798347,-0.9644073,0.18634859,-0.18759742,0.17635265,0.98192084,0.068784386
1356624563995,0.17533934,0.0055033863,-0.98449266,-0.96834517,0.1814189,-0.17144927,0.17766201,0.98339045,0.037139058
1356624564036,0.13884503,-0.0050472915,-0.99030125,-0.9738538,0.18086785,-0.1374608,0.17980745,0.9834944,0.020197272
1356624564078,0.0895997,0.0012518764,-0.99597704,-0.978824,0.1849064,-0.087824136,0.18405259,0.9827553,0.01779288
1356624564129,0.02618131,0.023223072,-0.9993874,-0.9815426,0.19005421,-0.021297425,0.18944311,0.98149884,0.02777034
1356624564170,-0.04940614,0.049456418,-0.9975535,-0.9801236,0.18973574,0.057949543,0.19213754,0.9805888,0.039099276
1356624564210,-0.119621366,0.07207003,-0.99020034,-0.97439444,0.1827335,0.13101181,0.1903848,0.9805174,0.04836577
1356624564249,-0.17928833,0.088133335,-0.9798409,-0.96627104,0.17138118,0.19222051,0.18486726,0.98125476,0.05443406
1356624564290,-0.22345561,0.09720221,-0.9698553,-0.95858884,0.15832704,0.2367279,0.17656481,0.9825906,0.05779791
1356624564330,-0.24862653,0.100129694,-0.96341,-0.95408845,0.14620692,0.26141658,0.16703281,0.98417354,0.05918169
1356624564371,-0.2531736,0.097198784,-0.9625256,-0.9547513,0.13538992,0.2648008,0.15605462,0.9860132,0.058523536
1356624564410,-0.23416084,0.089829236,-0.9680389,-0.96146727,0.12613493,0.2442759,0.14404663,0.98793757,0.056832075
1356624564449,-0.19890893,0.082840264,-0.9765105,-0.9713058,0.11590356,0.20768121,0.1303854,0.9898,0.05740899
1356624564490,-0.14950955,0.08534399,-0.9850702,-0.98180676,0.10513252,0.15812257,0.11705777,0.9907894,0.068072975
1356624564529,-0.09503859,0.10955,-0.9894273,-0.9895606,0.09777492,0.10587707,0.108339995,0.9891608,0.09911394
1356624564569,-0.03986758,0.15885147,-0.98649716,-0.99335814,0.10034627,0.056303173,0.10793516,0.9821898,0.15379587
1356624564638,0.01487112,0.22278428,-0.9747542,-0.993271,0.11527079,0.011192083,0.11485407,0.9680287,0.2229994
1356624564648,0.070741594,0.28138435,-0.95698404,-0.9897032,0.13947797,-0.032149196,0.12443194,0.9494044,0.28835386
1356624564685,0.12936932,0.31560332,-0.94003093,-0.9826266,0.16802514,-0.078819156,0.13307324,0.9338962,0.3318575
1356624564730,0.18512285,0.31930685,-0.92939365,-0.9723383,0.19659126,-0.12613499,0.14243492,0.92703557,0.34686777
1356624564770,0.23485762,0.29907328,-0.9248768,-0.9600447,0.22032553,-0.17254224,0.15217116,0.92844594,0.3388689
1356624564811,0.27629557,0.2575517,-0.92592,-0.9472736,0.23565248,-0.21711901,0.16227594,0.9370886,0.3090817
1356624564850,0.30561477,0.20739165,-0.92929447,-0.9364768,0.24185598,-0.25400153,0.17207763,0.94788945,0.26813227
1356624564890,0.32373026,0.15102369,-0.93401843,-0.92855066,0.24022678,-0.2829922,0.1816377,0.95889664,0.21800184
1356624564928,0.32911146,0.09513408,-0.9394866,-0.92504865,0.23230779,-0.30052975,0.18965948,0.9679786,0.16445875
1356624564970,0.32216,0.04538831,-0.94559646,-0.9263294,0.22113359,-0.30498144,0.1952605,0.97418666,0.113284975
1356624565009,0.30395588,0.0055010617,-0.9526702,-0.931713,0.21038672,-0.29605454,0.19880053,0.9776028,0.06907368
1356624565049,0.27427492,-0.021118432,-0.96141946,-0.94022727,0.20396641,-0.2727095,0.20185652,0.9787501,0.03608671
1356624565089,0.2332209,-0.032336503,-0.97188604,-0.95032287,0.20429125,-0.23484358,0.20614186,0.9783759,0.016914874
1356624565128,0.18046042,-0.027440637,-0.9831995,-0.9605595,0.21009567,-0.18216866,0.21156481,0.9772957,0.011555612
1356624565171,0.116057426,-0.0075746775,-0.9932136,-0.96960807,0.21598032,-0.114946246,0.21538526,0.9763683,0.017721653
1356624565210,0.040700912,0.019983232,-0.9989715,-0.97589093,0.21536022,-0.035452545,0.21443027,0.9763302,0.028266847
1356624565251,-0.03710583,0.04866278,-0.9981258,-0.9778327,0.20420328,0.046307176,0.20607397,0.97771823,0.040006936
1356624565290,-0.113416106,0.073212475,-0.9908465,-0.97467077,0.18527862,0.1252546,0.19275287,0.97995496,0.050344467
1356624565333,-0.18002331,0.091362715,-0.9794103,-0.9680178,0.16041732,0.19289353,0.17473766,0.9828119,0.05956185
1356624565370,-0.23187953,0.10282144,-0.967295,-0.95992625,0.1367119,0.24464533,0.15739554,0.9852601,0.06700027
1356624565409,-0.26613116,0.10836521,-0.9578264,-0.95364916,0.11518699,0.27800238,0.14045492,0.9874153,0.07268757
1356624565448,-0.2785914,0.109214336,-0.9541799,-0.95241976,0.09647155,0.28911942,0.123627275,0.9893258,0.07714164
1356624565489,-0.2695595,0.109835446,-0.9566995,-0.9570163,0.07987428,0.27881888,0.10703984,0.9907353,0.083583474
1356624565529,-0.2438994,0.119766235,-0.96237683,-0.9653549,0.06492549,0.25273404,0.09275177,0.9906769,0.09978163
1356624565570,-0.21163493,0.15144292,-0.9655442,-0.9736798,0.05285257,0.22170791,0.08460757,0.98705196,0.13627148
1356624565638,-0.1829645,0.21022105,-0.9603807,-0.9793756,0.046197593,0.19669569,0.08571684,0.9765618,0.19743288
1356624565646,-0.16001278,0.28305176,-0.9456626,-0.98252,0.04665953,0.18021524,0.09513441,0.95796907,0.27063784
1356624565689,-0.1373766,0.34585425,-0.92817694,-0.984583,0.054753482,0.16612715,0.108276665,0.9366893,0.33300045
1356624565729,-0.1107142,0.38412076,-0.9166208,-0.98643225,0.07001853,0.14848846,0.121218026,0.9206241,0.37115705
1356624565773,-0.07534593,0.39094254,-0.9173259,-0.988214,0.09365803,0.12108326,0.13325149,0.9156375,0.3792782
1356624565810,-0.037570536,0.37672788,-0.92556167,-0.9890099,0.11852038,0.08838698,0.14299569,0.9187105,0.3681348
1356624565849,0.005935371,0.34069,-0.940157,-0.98846173,0.14430088,0.046050757,0.15135449,0.9290359,0.33761552
1356624565890,0.04811579,0.2896515,-0.95592195,-0.98605597,0.16641164,7.914603E-4,0.15930575,0.9425546,0.2936197
1356624565929,0.08265218,0.23105472,-0.9694237,-0.98245066,0.18210372,-0.040359765,0.1672104,0.95574677,0.2420511
1356624565971,0.10372734,0.17107981,-0.97978187,-0.979096,0.19085294,-0.070329934,0.17496228,0.96659553,0.18730015
1356624566011,0.09852874,0.12106079,-0.987743,-0.97842497,0.19291234,-0.07395533,0.1815947,0.97371924,0.1374563
1356624566049,0.06981099,0.08369526,-0.994043,-0.9798434,0.19272107,-0.05258727,0.18717179,0.9776777,0.09546226
1356624566088,0.0068978965,0.06409332,-0.9979201,-0.98127186,0.19254681,0.0055838525,0.19250423,0.9791924,0.06422114
1356624566132,-0.09479794,0.06604087,-0.9933035,-0.97540104,0.19331065,0.10594189,0.19901258,0.97891235,0.04609096
1356624566179,-0.24181694,0.09295061,-0.96585953,-0.94804657,0.18942827,0.25558698,0.20671806,0.97748506,0.04231453
1356624566219,-0.41797906,0.13268,-0.8987155,-0.88340765,0.17134511,0.4361557,0.21185967,0.9762361,0.04559177
1356624566261,-0.5689382,0.16626605,-0.80539733,-0.7946942,0.14082313,0.5904489,0.21159011,0.97597355,0.052011073
1356624566299,-0.6799016,0.18515459,-0.7095432,-0.70417714,0.10514158,0.70219636,0.20461735,0.97706854,0.058895767
1356624566339,-0.7532465,0.18972532,-0.62978107,-0.62904197,0.071941495,0.7740353,0.19216152,0.97919804,0.06515545
1356624566379,-0.7971042,0.1847077,-0.57489836,-0.57737565,0.0456388,0.8152021,0.17681181,0.9817333,0.07026678
1356624566421,-0.81714845,0.17372066,-0.5496267,-0.55382437,0.02778089,0.8321699,0.15983422,0.984403,0.073509574
1356624566460,-0.81400627,0.15990901,-0.55841106,-0.56303555,0.01908356,0.8262123,0.14277528,0.9869473,0.07450032
1356624566501,-0.78689903,0.1444525,-0.59993607,-0.6043194,0.016308665,0.79657525,0.124851406,0.9893773,0.074462235
1356624566540,-0.72670925,0.1324383,-0.67405784,-0.6785114,0.014902949,0.7344388,0.107313305,0.9910792,0.07903063
1356624566582,-0.6474503,0.13726851,-0.74964356,-0.756498,0.0033700466,0.6539874,0.09229821,0.9905282,0.10166144
1356624566643,-0.559927,0.16726944,-0.8114817,-0.8244033,-0.014706433,0.56581163,0.082708955,0.98580146,0.14613205
1356624566660,-0.506659,0.22632176,-0.83191055,-0.85829085,-0.04125172,0.5115028,0.08144647,0.9731787,0.21515048
1356624566698,-0.47513777,0.2947153,-0.8290881,-0.87558115,-0.06499404,0.47867882,0.087188184,0.95337224,0.28892827
1356624566758,-0.44543827,0.35064548,-0.8237915,-0.8900452,-0.073765874,0.44986445,0.09697527,0.9335986,0.34494853
1356624566776,-0.4060049,0.38352448,-0.82949924,-0.907316,-0.060646832,0.41605243,0.109259814,0.9215373,0.37260073
1356624566823,-0.34644747,0.38614064,-0.8549092,-0.92972237,-0.02003479,0.36771587,0.124862164,0.9222224,0.3659445
1356624566863,-0.28231043,0.36422145,-0.8874929,-0.9491558,0.028285384,0.31353346,0.13929868,0.9308828,0.3377176
1356624566906,-0.22448903,0.32572353,-0.91842735,-0.9627626,0.07156128,0.2607053,0.15064165,0.942753,0.29752967
1356624566949,-0.17424971,0.27412263,-0.9457768,-0.9717361,0.107479036,0.21018404,0.1592673,0.95566994,0.24764669
1356624566999,-0.1372875,0.21223283,-0.9675275,-0.97653055,0.13464856,0.16810092,0.16595271,0.96789825,0.18876624
1356624567040,-0.14664519,0.159908,-0.9761785,-0.9743416,0.1469897,0.17044774,0.17074415,0.9761268,0.13424969
1356624567079,-0.18540943,0.1204426,-0.9752523,-0.9671118,0.1534915,0.20281789,0.17412081,0.9807823,0.08802271
1356624567119,-0.25916034,0.09891331,-0.960756,-0.94946253,0.15628731,0.27220437,0.17707855,0.98274636,0.053411067
1356624567161,-0.36691135,0.09865403,-0.92500997,-0.91245997,0.1554004,0.37850705,0.18108818,0.98291314,0.032999694
1356624567200,-0.4990483,0.117150575,-0.8586189,-0.84629655,0.14720118,0.5119705,0.18636733,0.98214436,0.025683701
1356624567241,-0.6271126,0.14673159,-0.7649833,-0.75484765,0.12783027,0.6433229,0.1921838,0.98088187,0.030596137
1356624567280,-0.7324685,0.17343481,-0.658339,-0.6520616,0.09927738,0.75163805,0.19571838,0.9798287,0.04037261
1356624567319,-0.8038872,0.18906796,-0.56393147,-0.5620719,0.068606794,0.824238,0.19452654,0.97956437,0.05111766
1356624567360,-0.84974146,0.19316304,-0.49053803,-0.49251407,0.041065335,0.8693352,0.18806753,0.980307,0.060240626
1356624567399,-0.87727255,0.18869445,-0.44134712,-0.44603518,0.019221365,0.894809,0.17732878,0.98184776,0.06730199
1356624567440,-0.89111763,0.17917794,-0.41689885,-0.42308933,0.00402385,0.906079,0.1640269,0.98380846,0.07222259
1356624567479,-0.8921743,0.16689092,-0.41972888,-0.42629892,-0.003938079,0.90457374,0.14931221,0.98596746,0.07465893
1356624567519,-0.87747055,0.15253386,-0.4547292,-0.46080104,-0.0050622225,0.887489,0.13307016,0.98828524,0.07472974
1356624567558,-0.8382161,0.13774464,-0.52765536,-0.5329716,-0.0020329952,0.84613067,0.115477264,0.9904657,0.075118005
1356624567637,-0.76392466,0.12908277,-0.63226306,-0.6378207,-0.0022442937,0.7701815,0.09799814,0.9916312,0.084046245
1356624567640,-0.6544367,0.14038536,-0.7429701,-0.7513813,-0.010944843,0.6597775,0.0844914,0.99003637,0.112645626
1356624567677,-0.54573685,0.1820994,-0.81793094,-0.8342908,-0.026874721,0.5506692,0.07829484,0.9829128,0.16659033
1356624567720,-0.4717123,0.24819046,-0.84610224,-0.87806076,-0.044502974,0.47647536,0.08060256,0.96768844,0.23891896
1356624567762,-0.4235468,0.31741256,-0.848444,-0.90142864,-0.055004597,0.4294191,0.08963463,0.94669086,0.3094219
1356624567800,-0.37291837,0.36978555,-0.8509939,-0.9222357,-0.04685211,0.3837788,0.102045,0.9279351,0.35850143
1356624567839,-0.3022099,0.39616427,-0.86701953,-0.9461976,-0.014303327,0.32327282,0.11566785,0.9180682,0.37917238
1356624567880,-0.20310187,0.39273602,-0.8969437,-0.9706333,0.039855897,0.23723936,0.12892088,0.91878724,0.37310782
1356624567920,-0.07766676,0.35841197,-0.9303272,-0.98707706,0.103548765,0.12229696,0.14016688,0.92780304,0.34573793
1356624567959,0.060816288,0.29682094,-0.9529946,-0.9869868,0.16026932,-0.013067782,0.148857,0.94138783,0.30270532
1356624567999,0.18998644,0.21934581,-0.9569706,-0.96938646,0.19633862,-0.1474489,0.15554798,0.9556875,0.2499325
1356624568041,0.29316676,0.13912222,-0.94588494,-0.9423764,0.20884591,-0.2613619,0.16118291,0.96800226,0.19233218
1356624568080,0.35326397,0.07168391,-0.93277323,-0.92061436,0.20393372,-0.33298674,0.16635406,0.97635674,0.13803568
1356624568121,0.3779367,0.018977761,-0.9256369,-0.9096999,0.19343331,-0.3674637,0.17207536,0.98092985,0.09036961
1356624568168,0.35121208,-0.012384832,-0.93621397,-0.9188077,0.18779713,-0.3471665,0.18011785,0.9821297,0.05457735
1356624568208,0.24406815,-0.014690936,-0.9696468,-0.95086473,0.19278395,-0.24226138,0.19049135,0.9811312,0.03308335
1356624568251,0.043243915,0.017427355,-0.99891245,-0.9781976,0.20402178,-0.038787663,0.2031239,0.9788112,0.025870144
1356624568289,-0.27356696,0.088879645,-0.9577377,-0.93763775,0.1973772,0.28614262,0.2144678,0.9762902,0.029341102
1356624568330,-0.59678495,0.16535947,-0.7851777,-0.7716695,0.14994425,0.6180963,0.21994099,0.9747682,0.038118303
1356624568369,-0.79045695,0.2044024,-0.57740563,-0.57252103,0.0885008,0.8150995,0.21770914,0.97487795,0.047068715
1356624568410,-0.87552094,0.21034084,-0.43499416,-0.43630028,0.042681277,0.89878833,0.207618,0.976696,0.054403365
1356624568450,-0.91209084,0.20201534,-0.35676315,-0.3614639,0.014421165,0.9322746,0.19347867,0.9792762,0.059867978
1356624568490,-0.92445874,0.18779767,-0.33182538,-0.33787477,-2.142191E-4,0.9411911,0.17668241,0.9822078,0.06365013
1356624568530,-0.9168998,0.17165747,-0.36031687,-0.3661979,-0.002797246,0.93053275,0.15872496,0.98515266,0.065425515
1356624568573,-0.87590575,0.15303922,-0.45756766,-0.46214628,0.006311238,0.8867813,0.13860014,0.9882,0.06519836
1356624568649,-0.74305326,0.13299105,-0.65588504,-0.6586305,0.028434336,0.7519291,0.11864948,0.99070925,0.06646371
1356624568650,-0.47972083,0.11657429,-0.8696426,-0.8717473,0.049209476,0.48747823,0.0996221,0.9919621,0.07801652
1356624568687,-0.16045302,0.12298137,-0.9793521,-0.9834778,0.06434262,0.16920868,0.08382359,0.99032104,0.110625446
1356624568729,0.052440643,0.16367394,-0.98511964,-0.995907,0.0812906,-0.03950876,0.07361442,0.9831595,0.167267
1356624568769,0.16617551,0.22236034,-0.9606985,-0.9835868,0.106835335,-0.14540684,0.07030383,0.96909344,0.23646411
1356624568809,0.25354457,0.27044836,-0.928748,-0.96453273,0.14356458,-0.22150812,0.07342878,0.95197,0.29725635
1356624568850,0.35318637,0.2864959,-0.8906063,-0.9318702,0.1921143,-0.30774984,0.082929164,0.9386225,0.33482915
1356624568889,0.4631339,0.26667666,-0.8452163,-0.88097405,0.2427946,-0.4061224,0.09691051,0.9327026,0.3473817
1356624568931,0.57482284,0.21225029,-0.7902712,-0.8101919,0.2830631,-0.51328784,0.11475116,0.9353209,0.3346746
1356624568969,0.6579513,0.149053,-0.7381621,-0.74139,0.30011064,-0.6002287,0.1320644,0.94218725,0.30796456
1356624569013,0.7216097,0.07913831,-0.68776196,-0.67609215,0.29426458,-0.6755056,0.1489256,0.9524419,0.265849
1356624569050,0.7569332,0.020122528,-0.65318227,-0.6327206,0.27256963,-0.7248244,0.16345237,0.9619256,0.21904895
1356624569089,0.77689785,-0.030871391,-0.6288694,-0.6047969,0.24113357,-0.7589963,0.1750728,0.9700008,0.16866522
1356624569128,0.782145,-0.07083669,-0.6190568,-0.5956491,0.20662463,-0.7762141,0.18289682,0.9758527,0.11941661
1356624569170,0.7753645,-0.100106716,-0.6235291,-0.603016,0.1758937,-0.7780958,0.18756744,0.9793059,0.076015785
1356624569209,0.7578318,-0.12045851,-0.64123386,-0.6235739,0.15542635,-0.7661582,0.19195493,0.98047566,0.042672247
1356624569249,0.7291955,-0.13277376,-0.6713011,-0.654836,0.1493943,-0.74085844,0.19865514,0.97982275,0.021992609
1356624569290,0.68347144,-0.13361555,-0.71764445,-0.7001651,0.15809044,-0.6962587,0.20648372,0.9783426,0.0144973695
1356624569330,0.6090679,-0.11797729,-0.7842943,-0.76468384,0.17505834,-0.62017196,0.21046346,0.977464,0.016407073
1356624569372,0.4938845,-0.081893176,-0.8656626,-0.8449533,0.18981107,-0.50002575,0.20526102,0.9783994,0.024548858
1356624569410,0.3453803,-0.0358783,-0.9377767,-0.9184844,0.19216736,-0.34562716,0.19261059,0.9807061,0.033417165
1356624569452,0.19760504,0.0073669553,-0.980254,-0.965154,0.17645946,-0.19323495,0.17155153,0.98428035,0.04197958
1356624569490,0.096132815,0.03477481,-0.99476093,-0.98417413,0.15278405,-0.08976871,0.14886194,0.9876476,0.04891205
1356624569529,0.05112338,0.04789698,-0.9975431,-0.9907942,0.12780493,-0.044640988,0.12535274,0.9906421,0.053989828
1356624569570,0.06581375,0.050541162,-0.99655116,-0.9926146,0.10531214,-0.06021273,0.10190573,0.99315405,0.057098895
1356624569659,0.12340635,0.049981833,-0.99109674,-0.98919725,0.08582282,-0.11884174,0.07911885,0.9950559,0.060032904
1356624569661,0.19460827,0.056896448,-0.9792295,-0.97914374,0.07065958,-0.19048566,0.05835396,0.9958765,0.06946072
1356624569683,0.25623336,0.08167651,-0.9631581,-0.96567476,0.06556937,-0.25134254,0.04262489,0.9944997,0.09567398
1356624569726,0.2874531,0.13476068,-0.948267,-0.9571391,0.07704303,-0.27919373,0.035432994,0.98787844,0.15113097
1356624569769,0.30390698,0.20432976,-0.9305321,-0.95200753,0.10241294,-0.2884325,0.036363155,0.9735302,0.22564751
1356624569811,0.31442338,0.2737033,-0.9089688,-0.94822,0.1358524,-0.28709373,0.044907063,0.95217144,0.30224612
1356624569849,0.33667642,0.31928426,-0.88583666,-0.939879,0.17113692,-0.29553276,0.057240427,0.9320782,0.3577063
1356624569891,0.37421066,0.32909986,-0.86698306,-0.92434466,0.20750016,-0.3202039,0.07452008,0.92121494,0.38185048
1356624569930,0.41425955,0.31176025,-0.8550992,-0.905348,0.23761821,-0.35196996,0.09345701,0.9199692,0.380687
1356624569969,0.45470324,0.2703712,-0.84861326,-0.8834753,0.25756046,-0.39132336,0.11276665,0.9276649,0.35597986
1356624570010,0.48734418,0.21442482,-0.84647363,-0.8634447,0.26290235,-0.43051776,0.1302262,0.9406935,0.3132679
1356624570049,0.5086279,0.15217218,-0.84743214,-0.8486755,0.25445923,-0.4636813,0.14507753,0.95503616,0.2585699
1356624570092,0.51805526,0.08872315,-0.85073316,-0.84070826,0.23604101,-0.48733377,0.15757012,0.96768427,0.19687259
1356624570129,0.510711,0.034043044,-0.8590783,-0.8432561,0.2146343,-0.49279958,0.16761127,0.9761011,0.1383231
1356624570169,0.49046654,-0.010092765,-0.87140155,-0.85359097,0.19588973,-0.48271078,0.17557049,0.98057395,0.087462276
1356624570209,0.45180252,-0.03931403,-0.8912513,-0.873321,0.1845074,-0.45085198,0.18216732,0.9820445,0.049027085
1356624570249,0.39100266,-0.0510664,-0.9189718,-0.90084636,0.18342955,-0.39348364,0.1886603,0.98170555,0.02571848
1356624570291,0.30244648,-0.04326296,-0.9521841,-0.9328898,0.19151908,-0.3050197,0.19555748,0.9805349,0.017564684
1356624570331,0.1814841,-0.014411092,-0.9832883,-0.96249425,0.20244443,-0.18061316,0.20166409,0.9791877,0.022869796
1356624570380,0.029271841,0.031054407,-0.999089,-0.97867143,0.20421523,-0.022326052,0.20333579,0.9784333,0.03636986
1356624570419,-0.12855414,0.07494056,-0.9888669,-0.9713901,0.19126686,0.14077711,0.19968739,0.978673,0.048208356
1356624570458,-0.25044215,0.1041455,-0.9625137,-0.94925,0.16897887,0.26527476,0.19027162,0.98010206,0.056540668
1356624570500,-0.3241735,0.1171689,-0.93871355,-0.929338,0.1459626,0.33915463,0.17675546,0.9823271,0.061572254
1356624570540,-0.3482405,0.11714482,-0.93005675,-0.9234911,0.12743843,0.36183366,0.16091186,0.9849043,0.06380308
1356624570579,-0.32218224,0.10745412,-0.9405596,-0.93563515,0.11516541,0.33365244,0.14417234,0.9875174,0.06343353
1356624570641,-0.24928993,0.09104514,-0.9641397,-0.96015775,0.10660362,0.25832707,0.12630022,0.9901245,0.060842454
1356624570659,-0.13375717,0.073851496,-0.9882586,-0.9850434,0.099393845,0.14074954,0.10862139,0.9923037,0.059452236
1356624570702,-0.011725247,0.07003552,-0.9974756,-0.99561673,0.09174973,0.018145353,0.092788965,0.9933162,0.06865275
1356624570740,0.10478848,0.08741236,-0.9906454,-0.99111974,0.09117311,-0.09679368,0.08185923,0.99199116,0.096190006
1356624570782,0.18169734,0.13802183,-0.97362006,-0.9801161,0.10570577,-0.16792464,0.07973996,0.9847722,0.15448388
1356624570820,0.2516364,0.1956191,-0.9478462,-0.9641596,0.13578737,-0.22794315,0.084115505,0.9712337,0.2227771
1356624570859,0.31473514,0.24297261,-0.9175543,-0.944479,0.17625305,-0.277298,0.09434587,0.9538863,0.28495562
1356624570898,0.3837688,0.2624596,-0.88534546,-0.91706467,0.22069538,-0.3320932,0.10823062,0.939366,0.32538843
1356624570940,0.45589846,0.25042924,-0.85407364,-0.8812666,0.26135498,-0.39378008,0.12460235,0.9321903,0.33984625
1356624570979,0.52343154,0.21301627,-0.8250112,-0.8401035,0.29070723,-0.4579469,0.14228654,0.9327986,0.3311211
1356624571019,0.57920355,0.16110274,-0.7991053,-0.79941857,0.3041047,-0.51812196,0.1595408,0.93891764,0.30492702
1356624571060,0.6207411,0.10248765,-0.7772881,-0.7641417,0.30089742,-0.5705683,0.1754078,0.94813347,0.26509446
1356624571099,0.6463059,0.04671362,-0.7616472,-0.73936653,0.28522253,-0.6099061,0.18874812,0.95732236,0.21887948
1356624571140,0.6593906,-0.0056756437,-0.7517791,-0.7249551,0.2600342,-0.6378263,0.19910836,0.9655827,0.16734952
1356624571180,0.65831566,-0.047827333,-0.75122106,-0.72399926,0.23291326,-0.64928913,0.2060231,0.97132075,0.11870347
1356624571222,0.64770055,-0.08095384,-0.757582,-0.7324697,0.20750839,-0.6484046,0.20969546,0.97487783,0.07510705
1356624571260,0.62393403,-0.102782995,-0.77468824,-0.75208366,0.1903449,-0.6309825,0.21231219,0.9763218,0.04146129
1356624571299,0.59057754,-0.11432403,-0.7988418,-0.7774495,0.18474162,-0.6012012,0.21631104,0.976115,0.020223081
1356624571341,0.5432299,-0.11365721,-0.8318554,-0.8095894,0.19155516,-0.5548618,0.22241023,0.9748788,0.012042791
1356624571379,0.47835776,-0.09918806,-0.8725455,-0.8480884,0.20563218,-0.48832518,0.2278595,0.97358984,0.01424548
1356624571419,0.39473444,-0.07116932,-0.9160348,-0.8899323,0.21831624,-0.40044805,0.2284849,0.9732795,0.022841066
1356624571459,0.29418796,-0.033881575,-0.95514685,-0.9297403,0.22140366,-0.29421645,0.22144157,0.97459346,0.033633232
1356624571500,0.18599686,0.0048300624,-0.98253846,-0.9604754,0.21167359,-0.18077976,0.20710433,0.9773285,0.044009715
1356624571540,0.08527449,0.03738761,-0.9956558,-0.978274,0.19266513,-0.07655105,0.18896607,0.98055196,0.05300474
1356624571581,0.006024927,0.060601413,-0.99814385,-0.98569244,0.1684995,0.004280567,0.16844612,0.98383707,0.06074959
1356624571637,-0.040765017,0.07362226,-0.99645257,-0.98810387,0.14503601,0.051139414,0.14828643,0.9866834,0.06683409
1356624571662,-0.055966496,0.079303056,-0.99527824,-0.9903393,0.12225813,0.065430194,0.12686968,0.98932505,0.07169455
1356624571700,-0.035972595,0.081918806,-0.99598956,-0.99377596,0.10220969,0.044299245,0.105428785,0.99138415,0.077732205
1356624571739,-9.204149E-4,0.09276596,-0.9956875,-0.9963831,0.08451927,0.008795589,0.08497071,0.99209416,0.0923526
1356624571780,0.039669514,0.12371385,-0.9915247,-0.9968146,0.07360947,-0.03069681,0.06918797,0.989584,0.12623987
