1356624054955,-0.14460713,0.024694115,0.9891809,0.98698235,-0.06751591,0.14597118,0.070390075,0.99741256,-0.014609337
1356624054977,0.50538445,-0.04829669,-0.8615416,-0.8600187,0.05325167,-0.5074763,0.07038793,0.9974125,-0.014623463
1356624055003,0.50548553,-0.048336715,-0.8614801,-0.8599597,0.053218827,-0.5075795,0.07038173,0.99741226,-0.014666319
1356624055038,0.5057946,-0.04840499,-0.86129487,-0.85977894,0.05315964,-0.50789195,0.070370585,0.99741215,-0.014729738
1356624055077,0.50651455,-0.048344553,-0.860875,-0.85935456,0.053186536,-0.5086068,0.07037529,0.99741364,-0.014605373
1356624055119,0.508735,-0.0479092,-0.8595891,-0.858035,0.053499565,-0.510797,0.070459515,0.9974179,-0.013890654
1356624055158,0.5135314,-0.047038972,-0.8567805,-0.8551531,0.054216668,-0.5155325,0.07070193,0.99742067,-0.01238358
1356624055198,0.5221797,-0.046132147,-0.8515869,-0.8498662,0.0551036,-0.5241098,0.07110381,0.9974144,-0.010432184
1356624055240,0.53355443,-0.04528436,-0.8445526,-0.8427235,0.056155488,-0.53541,0.07167202,0.9973946,-0.008200228
1356624055278,0.5471744,-0.04455772,-0.83583176,-0.8338877,0.057270765,-0.5489547,0.072328836,0.9973638,-0.0058190227
1356624055317,0.56176966,-0.043928385,-0.8261266,-0.8240765,0.058266833,-0.5634739,0.072888225,0.99733406,-0.0034677833
1356624055357,0.57592356,-0.043346614,-0.8163536,-0.8142272,0.058899447,-0.5775508,0.07311767,0.9973224,-0.0013724267
1356624055398,0.58909994,-0.04287684,-0.80692184,-0.8047716,0.058868647,-0.5906581,0.072827905,0.99734443,1.7349422E-4
1356624055438,0.60083216,-0.042547196,-0.7982421,-0.7961327,0.058000267,-0.6023359,0.07192591,0.9974094,9.752363E-4
1356624055478,0.6108511,-0.04237786,-0.79061055,-0.7885984,0.056379363,-0.6123184,0.070522815,0.9975096,0.0010202974
1356624055520,0.6188798,-0.04241553,-0.7843397,-0.7824769,0.054025397,-0.6203315,0.06868601,0.99763834,2.4603307E-4
1356624055559,0.6249383,-0.042750537,-0.77950275,-0.77783,0.051056877,-0.6263974,0.06657776,0.9977803,-0.0013452321
1356624055598,0.6290237,-0.04336092,-0.7761759,-0.7747016,0.047939524,-0.630507,0.06454885,0.9979086,-0.0034366697
1356624055638,0.6314496,-0.04429406,-0.7741508,-0.7728566,0.045112714,-0.6329751,0.0629611,0.9979994,-0.005746573
1356624055678,0.6325098,-0.045683295,-0.77320397,-0.7720481,0.04302199,-0.6341063,0.062232822,0.9980291,-0.0080578625
1356624055718,0.63288426,-0.04796335,-0.7727593,-0.7717048,0.041728035,-0.6346105,0.06268373,0.9979771,-0.010604516
1356624055758,0.6334589,-0.051880717,-0.7720351,-0.77108127,0.040877104,-0.6354232,0.06452474,0.9978163,-0.014110267
1356624055798,0.6350913,-0.058249176,-0.7702376,-0.7694404,0.04004219,-0.63746214,0.067973614,0.99749863,-0.019388825
1356624055838,0.6381802,-0.067429155,-0.76692855,-0.76639354,0.039151073,-0.6411772,0.07326013,0.99695563,-0.026691854
1356624055878,0.64246404,-0.079040855,-0.7622287,-0.7620826,0.038506478,-0.6463339,0.08043751,0.9961274,-0.035496622
1356624055920,0.6474828,-0.09246591,-0.75644964,-0.7568319,0.03827183,-0.65248823,0.089283645,0.9949801,-0.04520081
1356624055959,0.65329957,-0.10775271,-0.74939245,-0.75053823,0.037857473,-0.6597419,0.09945911,0.9934567,-0.05614026
1356624055999,0.6601948,-0.12544933,-0.74054396,-0.74293447,0.03587023,-0.66840243,0.11041415,0.9914514,-0.06951931
1356624056038,0.66853625,-0.14659241,-0.7290884,-0.7336428,0.030522823,-0.6788494,0.121768,0.98872596,-0.08714086
1356624056079,0.6766239,-0.17021957,-0.7163836,-0.724262,0.021559529,-0.68918777,0.13275817,0.98517036,-0.10869588
1356624056122,0.6840774,-0.19688714,-0.7023344,-0.71511394,0.008666784,-0.6989542,0.14370212,0.9803879,-0.134868
1356624056157,0.686946,-0.22350588,-0.6914842,-0.7101761,-0.0046609044,-0.7040087,0.15412718,0.9746915,-0.16193034
1356624056200,0.68620056,-0.25024682,-0.683012,-0.70860374,-0.017823406,-0.7053815,0.16434589,0.96801794,-0.18955626
1356624056239,0.68036413,-0.27637136,-0.67876613,-0.7118817,-0.029135168,-0.7016947,0.17415237,0.9606092,-0.21656623
1356624056281,0.6703776,-0.3018077,-0.6778687,-0.71892303,-0.03802395,-0.6940489,0.18369403,0.95261025,-0.24246693
1356624056319,0.6578109,-0.32681072,-0.67858654,-0.72794867,-0.044606175,-0.68417925,0.19332798,0.94403666,-0.26724383
1356624056361,0.6445371,-0.3514409,-0.6790149,-0.7370982,-0.049682196,-0.67395693,0.20312113,0.9348909,-0.2910685
1356624056399,0.63264585,-0.37565285,-0.67723274,-0.7446231,-0.05473795,-0.66523695,0.2128278,0.9251425,-0.3143495
1356624056440,0.6234754,-0.3987766,-0.67249954,-0.74971074,-0.06087643,-0.6589596,0.22183827,0.91502523,-0.33692202
1356624056481,0.61900234,-0.42092463,-0.6630675,-0.75095546,-0.06996295,-0.6566361,0.23000415,0.90439355,-0.3594029
1356624056519,0.61908424,-0.44045103,-0.6501827,-0.74874425,-0.08130434,-0.65785384,0.23688969,0.89408755,-0.38011938
1356624056562,0.6239375,-0.45734498,-0.63366985,-0.7428578,-0.09536138,-0.6626223,0.24261938,0.88416153,-0.3992419
1356624056600,0.6326363,-0.4702121,-0.6153632,-0.73398817,-0.11057174,-0.6701009,0.24704777,0.8755995,-0.41508186
1356624056639,0.642406,-0.4787205,-0.598449,-0.7244491,-0.12462494,-0.6779691,0.24997604,0.8690772,-0.42686847
1356624056679,0.65130657,-0.48189443,-0.58615494,-0.71618384,-0.13511294,-0.68470824,0.25075993,0.8657496,-0.4331249
1356624056719,0.6570365,-0.4789266,-0.58217895,-0.7116284,-0.13918501,-0.6886309,0.24877308,0.86675066,-0.43226743
1356624056759,0.6571455,-0.46847814,-0.5904981,-0.7134424,-0.13378909,-0.68782294,0.24322782,0.8732861,-0.4221511
1356624056799,0.65138704,-0.44989014,-0.61097777,-0.7218597,-0.11943847,-0.6816547,0.23369546,0.88506126,-0.4025582
1356624056836,0.6391995,-0.4221046,-0.6428466,-0.73712003,-0.09794408,-0.66862625,0.21926713,0.90124065,-0.37374753
1356624056876,0.6219228,-0.38523108,-0.681769,-0.7572227,-0.07397443,-0.64895403,0.19956383,0.91985035,-0.33771214
1356624056916,0.6019693,-0.340999,-0.72204757,-0.779122,-0.052726977,-0.62465096,0.174934,0.93858385,-0.29741985
1356624056956,0.581837,-0.2921806,-0.75901,-0.80004674,-0.037793458,-0.5987462,0.14625645,0.9556161,-0.2557478
1356624057001,0.563768,-0.24204654,-0.7896702,-0.8179055,-0.030632973,-0.57453644,0.11487457,0.9697809,-0.21524104
1356624057038,0.5493974,-0.19374311,-0.8127891,-0.83148694,-0.030823648,-0.55468863,0.082414,0.980568,-0.1780293
1356624057077,0.5394331,-0.14953181,-0.82864475,-0.8405098,-0.036545023,-0.5405624,0.050548434,0.98808134,-0.14539656
1356624057116,0.5344016,-0.11082843,-0.8379332,-0.844964,-0.045147598,-0.53291416,0.021231383,0.9928136,-0.11777297
1356624057156,0.5343603,-0.07812405,-0.8416387,-0.84524816,-0.053882375,-0.53165036,-0.0038148463,0.99548644,-0.09482679
1356624057196,0.5388649,-0.05111143,-0.8408402,-0.8420602,-0.0607049,-0.5359567,-0.023649633,0.99684626,-0.07575062
1356624057254,0.54714286,-0.029010415,-0.8365364,-0.8361648,-0.064614445,-0.544659,-0.03825155,0.9974885,-0.05961083
1356624057277,0.5581449,-0.010952413,-0.8296712,-0.8283347,-0.06559798,-0.5563799,-0.048331022,0.99778605,-0.045685455
1356624057318,0.5712087,0.0034503639,-0.8207976,-0.818959,-0.06463049,-0.5702009,-0.05501592,0.99790335,-0.03409183
1356624057354,0.5854976,0.014155954,-0.8105505,-0.80848265,-0.06327239,-0.5851089,-0.059568226,0.99789584,-0.025601
1356624057395,0.60009974,0.02134189,-0.7996404,-0.7974272,-0.06297894,-0.60011965,-0.06316814,0.9977867,-0.020775065
1356624057437,0.61386347,0.025584608,-0.78899753,-0.7866529,-0.06366867,-0.6141038,-0.06594601,0.9976431,-0.01895769
1356624057478,0.62611157,0.02687627,-0.7792701,-0.77688664,-0.06382114,-0.6263976,-0.06656915,0.99759936,-0.019079328
1356624057518,0.63694406,0.024499655,-0.7705207,-0.7683068,-0.061896652,-0.637082,-0.06330094,0.9977819,-0.020601466
1356624057560,0.64555675,0.01847598,-0.76348877,-0.76164544,-0.057923064,-0.6453999,-0.056148022,0.99815,-0.023320481
1356624057605,0.65192515,0.008167177,-0.7582394,-0.7569382,-0.052523896,-0.6513722,-0.04514554,0.9985863,-0.028059617
1356624057641,0.65092534,-0.003856957,-0.7591319,-0.75837713,-0.048172876,-0.65003335,-0.034062445,0.9988315,-0.034281954
1356624057679,0.644769,-0.017264277,-0.76418245,-0.7640159,-0.045300186,-0.64360505,-0.023506254,0.9988242,-0.04239835
1356624057721,0.6336235,-0.033442885,-0.7729184,-0.7735425,-0.043378204,-0.63225806,-0.012383282,0.9984988,-0.053354934
1356624057759,0.6131748,-0.05191177,-0.7882397,-0.78994715,-0.04071997,-0.6118213,-3.363788E-4,0.9978211,-0.06597601
1356624057801,0.59021115,-0.07538551,-0.8037213,-0.8071133,-0.03685555,-0.58924514,0.014798969,0.99647313,-0.08259721
1356624057839,0.56135094,-0.104429066,-0.82096267,-0.8269539,-0.032265276,-0.5613433,0.032132,0.9940089,-0.10447019
1356624057879,0.5393251,-0.1443227,-0.82963806,-0.84049183,-0.03144306,-0.5409111,0.051979363,0.98903096,-0.13826007
1356624057919,0.5285095,-0.19821101,-0.8254636,-0.8458219,-0.039852336,-0.5319748,0.07254666,0.9793489,-0.18871358
1356624057960,0.53201455,-0.26303983,-0.804842,-0.84182215,-0.062065646,-0.5361748,0.091082305,0.96278656,-0.2544526
1356624058003,0.5442531,-0.32774016,-0.77225316,-0.832317,-0.09567204,-0.545981,0.10505685,0.9399113,-0.3248535
1356624058038,0.55229205,-0.37775296,-0.74315286,-0.82592684,-0.12687498,-0.5493156,0.1132181,0.91717255,-0.38206837
1356624058085,0.5460738,-0.4045912,-0.73355937,-0.82989514,-0.14173046,-0.53961706,0.11435661,0.9034481,-0.4131636
1356624058119,0.53066736,-0.41286826,-0.7402243,-0.84032977,-0.14229673,-0.5230655,0.110625625,0.8996063,-0.4224577
1356624058160,0.4958794,-0.39911377,-0.7712404,-0.8626317,-0.124275446,-0.4903286,0.099850655,0.9084403,-0.4059138
1356624058199,0.4550987,-0.3695587,-0.8101306,-0.8863628,-0.101037845,-0.45183226,0.08512467,0.9236978,-0.37354523
1356624058241,0.40718544,-0.32529056,-0.8534554,-0.9109117,-0.07646252,-0.4054546,0.066633254,0.94251764,-0.32744542
1356624058278,0.3691893,-0.2752675,-0.8876525,-0.9281627,-0.06086126,-0.36716458,0.047044814,0.95943916,-0.27796236
1356624058318,0.33845088,-0.2229667,-0.9141865,-0.9406184,-0.053081065,-0.33529028,0.02623263,0.97337985,-0.22769192
1356624058358,0.3208151,-0.17235461,-0.9313278,-0.9471288,-0.05320978,-0.31641084,0.004979104,0.98359674,-0.18031251
1356624058398,0.3159868,-0.1261892,-0.9403343,-0.9486339,-0.05840671,-0.31093794,-0.015684783,0.99028534,-0.13816312
1356624058438,0.32208124,-0.085941136,-0.9428032,-0.94608706,-0.065399915,-0.31724158,-0.0343951,0.9941515,-0.1023719
1356624058478,0.3365518,-0.052163213,-0.94021904,-0.94034016,-0.07156104,-0.33262497,-0.04993227,0.9960713,-0.07313517
1356624058518,0.357055,-0.025086552,-0.93374646,-0.93204045,-0.07564658,-0.35437027,-0.06174475,0.99681914,-0.050391704
1356624058558,0.3824122,-0.005133182,-0.9239775,-0.9213296,-0.077972114,-0.3808831,-0.07008943,0.9969423,-0.034546763
1356624058599,0.4119009,0.007355839,-0.911199,-0.9080627,-0.07997033,-0.41112876,-0.075893104,0.99677014,-0.026260287
1356624058636,0.4426876,0.013732582,-0.8965707,-0.89309216,-0.082553,-0.44223452,-0.08008763,0.996492,-0.024280712
1356624058680,0.47174475,0.015047848,-0.8816067,-0.8778404,-0.08585784,-0.4711949,-0.08278334,0.99619377,-0.027293354
1356624058721,0.49679926,0.012562305,-0.8677745,-0.86383677,-0.08907476,-0.49583435,-0.08352569,0.9959457,-0.03340046
1356624058769,0.5161984,0.0067451,-0.85644245,-0.85259193,-0.09099308,-0.5145942,-0.08140138,0.9958286,-0.041219637
1356624058810,0.5241035,-4.7147274E-4,-0.8516544,-0.8481247,-0.09124106,-0.5218808,-0.07745981,0.9958287,-0.04821962
1356624058852,0.52302325,-0.009228766,-0.8522684,-0.84930444,-0.08966121,-0.5202334,-0.071614325,0.9959295,-0.05473292
1356624058888,0.51196575,-0.019986928,-0.85877323,-0.8566379,-0.08605841,-0.5086898,-0.06373754,0.9960895,-0.061180517
1356624058929,0.49118018,-0.032957762,-0.8704343,-0.8694383,-0.07946193,-0.48760942,-0.053095877,0.99629295,-0.067684904
1356624058969,0.45938092,-0.048177063,-0.8869319,-0.8873724,-0.06899911,-0.4558611,-0.039235502,0.9964527,-0.07444787
1356624059008,0.41932273,-0.0667285,-0.90538156,-0.9075774,-0.05467236,-0.41631025,-0.021719605,0.99627215,-0.08348665
1356624059047,0.3796125,-0.092423946,-0.9205173,-0.9251455,-0.03842163,-0.37766343,-4.6262145E-4,0.99497825,-0.10009092
1356624059089,0.35383087,-0.13047504,-0.92616415,-0.93502235,-0.024811447,-0.35371968,0.02317214,0.9911411,-0.13077617
1356624059128,0.36046547,-0.1873568,-0.9137626,-0.93156946,-0.022570565,-0.36286217,0.0473606,0.9820326,-0.18267179
1356624059179,0.40449774,-0.2615206,-0.87634957,-0.91196346,-0.0434801,-0.40796077,0.06858638,0.964218,-0.25608486
1356624059219,0.4456781,-0.32131782,-0.83553934,-0.89138174,-0.073249474,-0.4472955,0.0825212,0.9441343,-0.3190625
1356624059258,0.4692304,-0.3560897,-0.8080983,-0.8786851,-0.09713143,-0.46741623,0.08795038,0.9293899,-0.35846776
1356624059404,0.47113016,-0.36529517,-0.80286723,-0.8779807,-0.1067318,-0.46664572,0.08477193,0.92475283,-0.37100667
1356624059406,0.45205212,-0.35166052,-0.81974614,-0.88898444,-0.10221879,-0.44638336,0.07318196,0.9305301,-0.35882896
1356624059407,0.42416483,-0.32295853,-0.84603906,-0.9038194,-0.09266396,-0.4177606,0.05652204,0.9418658,-0.33120096
1356624059424,0.37536037,-0.27453876,-0.88528705,-0.9263421,-0.078613415,-0.36838862,0.031541526,0.9583571,-0.28382516
1356624059467,0.34518528,-0.22274446,-0.91171926,-0.9385189,-0.07630606,-0.33668935,0.0054259896,0.9718859,-0.23538962
1356624059506,0.32546997,-0.17262262,-0.9296616,-0.94532067,-0.081166565,-0.3158808,-0.020929337,0.9816381,-0.18960097
1356624059546,0.31728154,-0.12569562,-0.9399644,-0.9471904,-0.09060985,-0.30760399,-0.04650554,0.9879223,-0.1478065
1356624059586,0.32040972,-0.08252519,-0.9436775,-0.9447095,-0.101163566,-0.31191328,-0.069725096,0.99144113,-0.11037612
1356624059626,0.33283347,-0.04360649,-0.9419769,-0.9387667,-0.10970968,-0.3266205,-0.089101225,0.9930067,-0.07745135
1356624059666,0.3536253,-0.010208368,-0.93533146,-0.92961746,-0.11472708,-0.35021287,-0.103732735,0.9933446,-0.050060302
1356624059708,0.3833739,0.01546663,-0.9234637,-0.91659915,-0.1164445,-0.38247427,-0.113447905,0.9930767,-0.030465066
1356624059750,0.4218654,0.032335788,-0.9060817,-0.898805,-0.11633676,-0.42262918,-0.11907661,0.99268335,-0.020014897
1356624059791,0.46614498,0.038797826,-0.8838572,-0.87647986,-0.115686536,-0.46733236,-0.12038189,0.9925277,-0.019921139
1356624059829,0.5084286,0.038981855,-0.8602213,-0.852916,-0.11463803,-0.5093057,-0.11846781,0.99264216,-0.025036976
1356624059870,0.5442434,0.034135878,-0.8382326,-0.83129585,-0.11252093,-0.5443218,-0.1128996,0.99306285,-0.03286177
1356624059909,0.56825113,0.027200282,-0.82240546,-0.8161067,-0.10910943,-0.5675076,-0.10516858,0.99365747,-0.039803207
1356624059949,0.5812652,0.018568307,-0.8135023,-0.80815625,-0.10347517,-0.57980716,-0.094943315,0.9944587,-0.04514043
1356624060033,0.58313406,0.007650614,-0.8123399,-0.8082184,-0.09557296,-0.5810756,-0.082083315,0.9953931,-0.04954849
1356624060035,0.57505906,-0.0063329935,-0.8180874,-0.81546205,-0.08485556,-0.57255673,-0.065793216,0.9963732,-0.053961292
1356624060065,0.55439705,-0.022191674,-0.8319564,-0.8308991,-0.07173936,-0.5517789,-0.047439188,0.9971764,-0.058211103
1356624060109,0.52601606,-0.039898753,-0.8495382,-0.85008305,-0.054974273,-0.52377146,-0.025804937,0.99769026,-0.062834606
1356624060157,0.49245983,-0.06381625,-0.8679924,-0.87033457,-0.034927353,-0.49122077,0.0010311604,0.9973503,-0.07274181
1356624060209,0.46023798,-0.102026105,-0.88191366,-0.8872554,-0.018209442,-0.46091905,0.03096661,0.9946151,-0.098903894
1356624060248,0.44083822,-0.15404907,-0.88426834,-0.89565027,-0.010820791,-0.44462743,0.058925986,0.98800397,-0.14274433
1356624060289,0.45308894,-0.21971399,-0.8639654,-0.88771695,-0.022419527,-0.45984346,0.081664324,0.9753067,-0.20520186
1356624060329,0.48432827,-0.28552693,-0.82698274,-0.8696042,-0.05339746,-0.49085367,0.09599319,0.956882,-0.27415732
1356624060369,0.5114605,-0.33405864,-0.79171526,-0.8533795,-0.089431345,-0.5135617,0.10075554,0.9383,-0.33081937
1356624060410,0.5203179,-0.3575936,-0.77549726,-0.8485649,-0.11446441,-0.5165612,0.09595215,0.92683583,-0.36299932
1356624060449,0.514064,-0.35999054,-0.7785531,-0.85357994,-0.12528643,-0.50567234,0.08449516,0.92450535,-0.37168598
1356624060490,0.4904692,-0.34254006,-0.8013153,-0.8689194,-0.12208232,-0.47966143,0.06647679,0.9315375,-0.3575173
1356624060529,0.4656667,-0.31350982,-0.82756627,-0.88374484,-0.11575119,-0.4534276,0.04636219,0.94250363,-0.33096418
1356624060570,0.4379282,-0.2750826,-0.85589045,-0.8986769,-0.10803689,-0.42509744,0.024469137,0.9553311,-0.29452276
1356624060608,0.41328293,-0.23051995,-0.8809414,-0.91060084,-0.102679014,-0.40032884,0.0018295944,0.96763504,-0.25234717
1356624060648,0.3932379,-0.18281534,-0.9010785,-0.91920686,-0.100086704,-0.38084316,-0.020561993,0.9780395,-0.207403
1356624060688,0.37792796,-0.13445362,-0.91602,-0.9248946,-0.09941012,-0.366998,-0.04171747,0.9859208,-0.16192529
1356624060728,0.36835083,-0.08833054,-0.9254812,-0.92772985,-0.09948227,-0.359751,-0.060291946,0.99111104,-0.11859125
1356624060768,0.36671284,-0.048021525,-0.92909396,-0.927318,-0.09921917,-0.36088356,-0.07485378,0.99390614,-0.08091617
1356624060809,0.37555742,-0.017110527,-0.9266412,-0.922917,-0.098321795,-0.37223253,-0.08473995,0.9950075,-0.05271709
1356624060850,0.39586207,0.0019171536,-0.918308,-0.91387534,-0.09733507,-0.39415455,-0.09013918,0.99524987,-0.036779225
1356624060889,0.42345536,0.010589302,-0.9058551,-0.90122885,-0.09667283,-0.42242283,-0.09204471,0.99525994,-0.03139326
1356624060930,0.4533211,0.010543436,-0.89128494,-0.88675225,-0.096066356,-0.4521522,-0.09038976,0.99531907,-0.03419946
1356624060969,0.47827893,0.00637722,-0.8781848,-0.873984,-0.09450191,-0.47667733,-0.086030066,0.99550426,-0.03962466
1356624061009,0.49586615,-2.8833747E-4,-0.8683989,-0.86485016,-0.09047815,-0.49380973,-0.078428715,0.9958985,-0.045114443
1356624061047,0.50372,-0.00871858,-0.86382306,-0.8612019,-0.0835551,-0.50134826,-0.06780574,0.9964651,-0.04959686
1356624061091,0.50139236,-0.019031376,-0.86501074,-0.8634982,-0.074048966,-0.4988864,-0.054558665,0.997073,-0.053561136
1356624061129,0.48843208,-0.031105578,-0.8720473,-0.87173086,-0.062035233,-0.48604205,-0.038979053,0.9975891,-0.057415664
1356624061170,0.46284035,-0.043612897,-0.8853681,-0.8861713,-0.047431618,-0.4609238,-0.02189219,0.99792194,-0.06060177
1356624061208,0.42462322,-0.055326372,-0.9036781,-0.9053612,-0.030402094,-0.42355278,-0.0040400624,0.9980054,-0.062999815
1356624061251,0.37700522,-0.06777975,-0.92372775,-0.9261085,-0.01273787,-0.37704223,0.013789505,0.997619,-0.06757367
1356624061293,0.33029303,-0.08884987,-0.9396873,-0.9433814,0.0012284219,-0.3317077,0.030626535,0.9960443,-0.0834136
1356624061339,0.30208096,-0.13440394,-0.94375986,-0.95223093,0.003939301,-0.30535337,0.04475844,0.99091876,-0.1267936
1356624061379,0.28880307,-0.19675103,-0.93695354,-0.95582616,-0.0033651292,-0.29391372,0.054674923,0.98044777,-0.18903166
1356624061418,0.2935303,-0.26496512,-0.9184952,-0.9541096,-0.021614656,-0.29867652,0.05928591,0.9640157,-0.25915033
1356624061459,0.30210012,-0.32068816,-0.8977163,-0.9514713,-0.04351349,-0.3046456,0.058633476,0.9461848,-0.318271
1356624061499,0.3045007,-0.3523584,-0.88494235,-0.951024,-0.060553238,-0.30312833,0.05322373,0.9339042,-0.3535398
1356624061539,0.30032837,-0.3597383,-0.8833976,-0.9527971,-0.06993331,-0.29544383,0.04450357,0.9304288,-0.3637606
1356624061578,0.29074907,-0.34613383,-0.8919957,-0.9562019,-0.07217617,-0.28366968,0.0338068,0.93540466,-0.35195896
1356624061619,0.28145498,-0.3178073,-0.9054179,-0.95930386,-0.07078461,-0.27335992,0.02278614,0.94550943,-0.32479647
1356624061659,0.27402592,-0.27865833,-0.9204669,-0.96165246,-0.06785482,-0.2657449,0.011593968,0.95799017,-0.28656647
1356624061698,0.2731493,-0.23460272,-0.93292606,-0.96197164,-0.066260576,-0.26499096,3.5139918E-4,0.9698305,-0.24378023
1356624061738,0.27519056,-0.18749583,-0.94292915,-0.9613211,-0.06538001,-0.26755777,-0.011482745,0.98008716,-0.19823566
1356624061778,0.28052464,-0.13997108,-0.9495863,-0.95954794,-0.06558141,-0.2738006,-0.023951024,0.9879813,-0.15270618
1356624061819,0.28793654,-0.09475228,-0.9529505,-0.9569417,-0.06671956,-0.28250858,-0.036812067,0.9932625,-0.10988343
1356624061858,0.29867405,-0.05600682,-0.9527104,-0.953099,-0.06870723,-0.29475683,-0.04894972,0.99606353,-0.07390109
1356624061899,0.31202707,-0.02660501,-0.94970065,-0.9481723,-0.07192251,-0.30951008,-0.060070336,0.9970553,-0.04766792
1356624061938,0.3286214,-0.008206129,-0.9444261,-0.9418788,-0.07675135,-0.3270682,-0.069801986,0.99701655,-0.032951355
1356624062015,0.3469225,4.0352345E-5,-0.9378938,-0.9347121,-0.082285136,-0.34574914,-0.07718867,0.99660885,-0.028508842
1356624062017,0.3641511,7.697344E-4,-0.9313396,-0.9278313,-0.086420685,-0.3628508,-0.08076623,0.9962585,-0.030756027
1356624062057,0.37685862,-0.0023069382,-0.9262679,-0.92282486,-0.08711216,-0.37524086,-0.07982355,0.99619585,-0.034957886
1356624062098,0.383979,-0.0075704157,-0.92331076,-0.92039585,-0.0829536,-0.38208658,-0.073699445,0.99652463,-0.038820207
1356624062138,0.38387078,-0.0140787065,-0.9232795,-0.9211807,-0.07491511,-0.3818558,-0.06379154,0.9970905,-0.04172674
1356624062178,0.3774463,-0.022064686,-0.9257686,-0.9246823,-0.062926054,-0.37550363,-0.049969584,0.99777424,-0.044154048
1356624062217,0.36173373,-0.030522972,-0.93178165,-0.93163824,-0.048954368,-0.36007443,-0.03462428,0.9983345,-0.046144783
1356624062260,0.3382397,-0.038524836,-0.94027114,-0.9408865,-0.033031613,-0.3371077,-0.018071681,0.9987116,-0.047420084
1356624062299,0.30547526,-0.04623896,-0.9510766,-0.9521992,-0.016120821,-0.3050521,-0.0012268126,0.99880034,-0.048953235
1356624062342,0.26750076,-0.057572693,-0.96183616,-0.9634391,-3.232956E-4,-0.2679272,0.015114367,0.9983413,-0.0555543
1356624062378,0.23331264,-0.08143124,-0.96898615,-0.9719285,0.011557549,-0.2349923,0.0303348,0.99661195,-0.07644877
1356624062421,0.21440494,-0.12667924,-0.96849513,-0.97573704,0.017252982,-0.21826479,0.044359,0.99179363,-0.119906515
1356624062458,0.21658611,-0.19233432,-0.9571301,-0.9746214,0.01424247,-0.2234062,0.05660057,0.9812261,-0.18436843
1356624062499,0.23226732,-0.26133063,-0.9368875,-0.97048163,0.002045989,-0.24116644,0.06494105,0.96524715,-0.25314134
1356624062546,0.24865542,-0.31418142,-0.9162208,-0.96625745,-0.014826074,-0.25715098,0.06720808,0.9492471,-0.3072667
1356624062576,0.25667584,-0.3410636,-0.90431917,-0.96445346,-0.029564962,-0.26259354,0.062824935,0.9395752,-0.33652854
1356624062618,0.25287384,-0.34155256,-0.90520537,-0.9660854,-0.038577065,-0.25532502,0.052286714,0.93907064,-0.339724
1356624062656,0.2433619,-0.3242581,-0.9141289,-0.9691614,-0.043645307,-0.242531,0.038745195,0.94496125,-0.32488
1356624062697,0.22751588,-0.2929839,-0.92865336,-0.9735019,-0.045876145,-0.22402999,0.023034155,0.95501614,-0.29565793
1356624062737,0.21046984,-0.25299823,-0.9442957,-0.9775814,-0.04844755,-0.20490858,0.006092727,0.9662529,-0.25752312
1356624062776,0.19479942,-0.20813936,-0.9585047,-0.9807758,-0.052784264,-0.1878635,-0.011492223,0.97667384,-0.21442035
1356624062816,0.18262023,-0.16140512,-0.9698444,-0.9827534,-0.059141994,-0.17520833,-0.02907902,0.98511446,-0.16942194
1356624062856,0.1768758,-0.116333276,-0.9773339,-0.9831842,-0.066716224,-0.16999325,-0.045428187,0.9909669,-0.12617755
1356624062896,0.18070683,-0.07699528,-0.9805187,-0.98177207,-0.07381961,-0.17514116,-0.058896452,0.99429494,-0.0889315
1356624062937,0.19616675,-0.046899855,-0.9794483,-0.97817737,-0.07910317,-0.19212446,-0.06846687,0.9957626,-0.061393797
1356624063017,0.2238509,-0.028464675,-0.97420764,-0.97181296,-0.082374096,-0.22089389,-0.073961824,0.99619496,-0.04610187
1356624063020,0.25992015,-0.019038469,-0.9654424,-0.9626026,-0.08421764,-0.25749484,-0.07640496,0.99626553,-0.040216327
1356624063056,0.29607022,-0.015994608,-0.9550322,-0.9521203,-0.08472717,-0.2937485,-0.07621884,0.9962758,-0.04031396
1356624063098,0.3272526,-0.016469866,-0.94479334,-0.9420661,-0.083565205,-0.3248512,-0.0736016,0.9963662,-0.042862624
1356624063139,0.34973747,-0.018606126,-0.936663,-0.9343504,-0.07988131,-0.3472872,-0.06836015,0.9966308,-0.04532212
1356624063176,0.35993394,-0.021471709,-0.93273073,-0.93094826,-0.07417211,-0.35753867,-0.061505616,0.9970143,-0.046686143
1356624063220,0.35899466,-0.02531743,-0.93299615,-0.9318635,-0.06592089,-0.35677007,-0.05247143,0.99750364,-0.047257632
1356624063256,0.3445811,-0.030372262,-0.9382651,-0.9378474,-0.055116206,-0.34264356,-0.041306764,0.99801797,-0.04747656
1356624063300,0.31636438,-0.035959512,-0.94795597,-0.9482269,-0.04139498,-0.31488454,-0.027917475,0.9984956,-0.047193676
1356624063339,0.27498996,-0.041692108,-0.9605427,-0.9613712,-0.024472892,-0.27416492,-0.012076795,0.9988307,-0.046811372
1356624063381,0.22405553,-0.04968962,-0.9733088,-0.9745594,-0.0055410266,-0.22406057,0.005740404,0.9987494,-0.04966703
1356624063420,0.1766994,-0.06788415,-0.9819212,-0.9839402,0.013441324,-0.17799205,0.02528122,0.99760276,-0.06441891
1356624063459,0.14412647,-0.10346699,-0.98413527,-0.98855793,0.02967459,-0.14789408,0.044505984,0.99419016,-0.09800625
1356624063500,0.14323336,-0.16398048,-0.9760095,-0.9878174,0.03693235,-0.15117124,0.06083545,0.985772,-0.1566928
1356624063539,0.16000864,-0.23181438,-0.95950997,-0.9844947,0.03330955,-0.17222261,0.07188454,0.97218955,-0.22289026
1356624063581,0.18394813,-0.29189917,-0.9385936,-0.9799247,0.02022782,-0.1983391,0.07688072,0.9562352,-0.2823183
1356624063619,0.20133515,-0.33044,-0.92210275,-0.9764582,0.0066951066,-0.21560252,0.077417254,0.9438032,-0.3213129
1356624063660,0.20541352,-0.34406552,-0.916201,-0.97593784,-0.0020432472,-0.21803933,0.073147744,0.93894345,-0.33620626
1356624063698,0.20005614,-0.33655792,-0.9201665,-0.9776868,-0.0071517825,-0.20994604,0.06407818,0.9416356,-0.33047903
1356624063739,0.18958476,-0.3132174,-0.9305657,-0.98057115,-0.011772007,-0.19581008,0.050376505,0.94960845,-0.30936372
1356624063779,0.17796302,-0.27858606,-0.9437791,-0.9835031,-0.018759727,-0.17991605,0.03241712,0.9602281,-0.27732885
1356624063819,0.17096442,-0.23804507,-0.9560888,-0.985204,-0.029473543,-0.16883245,0.0120103955,0.97080684,-0.23956186
1356624063858,0.16792092,-0.19382745,-0.96655756,-0.98575145,-0.042794377,-0.1626738,-0.009832561,0.9801018,-0.19825184
1356624063898,0.17151487,-0.1486952,-0.97389543,-0.98467946,-0.057427347,-0.164646,-0.03144622,0.9872141,-0.15626672
1356624063938,0.18319982,-0.10570082,-0.9773767,-0.9817586,-0.071118236,-0.17632994,-0.050871044,0.99185157,-0.11680156
1356624063979,0.20526814,-0.06826976,-0.9763218,-0.9764502,-0.08197367,-0.19956312,-0.066408545,0.99429345,-0.08348858
1356624064019,0.23939934,-0.039337307,-0.9701239,-0.9678252,-0.08939794,-0.23520705,-0.07747471,0.99521875,-0.059473425
1356624064056,0.28500703,-0.01965046,-0.95832396,-0.95479465,-0.09394446,-0.28203103,-0.08448723,0.9953834,-0.045536935
1356624064099,0.3361604,-0.008829713,-0.9417634,-0.93773955,-0.09594664,-0.33382455,-0.0874114,0.9953474,-0.040533483
1356624064137,0.3856788,-0.0027448237,-0.92262906,-0.91853046,-0.09534082,-0.38368186,-0.08691114,0.99544084,-0.039292097
1356624064180,0.4268657,-4.0775537E-4,-0.90431494,-0.9005754,-0.09104049,-0.42505944,-0.08215594,0.9958471,-0.039229274
1356624064228,0.45919868,-0.00295344,-0.8883287,-0.8855499,-0.08062616,-0.45749417,-0.07027128,0.9967401,-0.039638877
1356624064269,0.47560441,-0.009114176,-0.879612,-0.87786627,-0.068728805,-0.4739484,-0.05613506,0.99759376,-0.040688723
1356624064310,0.47948366,-0.018446416,-0.8773569,-0.8766583,-0.055148125,-0.47794232,-0.039568305,0.9983077,-0.042613804
1356624064349,0.46601886,-0.029294759,-0.8842897,-0.8844981,-0.040415347,-0.46478978,-0.02212298,0.9987534,-0.044745475
1356624064391,0.43802512,-0.04147926,-0.89800525,-0.8989588,-0.02316314,-0.4374203,-0.0026567578,0.9988708,-0.04743415
1356624064451,0.3932597,-0.058703244,-0.9175515,-0.91921943,-0.003877759,-0.3937265,0.019554973,0.998268,-0.055486143
1356624064479,0.33370548,-0.084908694,-0.93884563,-0.94174945,0.014149606,-0.33601725,0.041815013,0.9962882,-0.07524085
1356624064518,0.29345095,-0.12988234,-0.9471098,-0.95391333,0.025234044,-0.2990194,0.06273672,0.99120826,-0.1164915
1356624064559,0.28691503,-0.19630784,-0.93762624,-0.95459884,0.023281962,-0.2969832,0.08012995,0.98026586,-0.18071535
1356624064598,0.30754524,-0.2708658,-0.9121665,-0.94711065,0.0051804334,-0.3208654,0.091636896,0.9626032,-0.25494668
1356624064639,0.32822758,-0.33055103,-0.8848744,-0.9396937,-0.018921688,-0.34149337,0.09613764,0.9435984,-0.3168273
1356624064680,0.3291638,-0.36324447,-0.87161034,-0.9397239,-0.035519138,-0.34008422,0.092574894,0.93101656,-0.35304117
1356624064719,0.30903816,-0.37041992,-0.8759478,-0.9474893,-0.040294588,-0.31723863,0.08221555,0.92799,-0.3634215
1356624064760,0.26843965,-0.35525677,-0.8953954,-0.9610295,-0.035033688,-0.2742168,0.066048354,0.9341121,-0.3508166
1356624064799,0.21933724,-0.32410675,-0.9202424,-0.97453624,-0.027741358,-0.22250763,0.046587437,0.94561374,-0.32193846
1356624064839,0.17092025,-0.28274828,-0.94384307,-0.9849574,-0.024335861,-0.17107534,0.02540207,0.95888543,-0.28265452
1356624064878,0.12968466,-0.23578674,-0.96311295,-0.99154955,-0.027513474,-0.12677795,0.0033939779,0.97141534,-0.23736233
1356624064919,0.09948501,-0.18671355,-0.97736424,-0.9948641,-0.03708294,-0.094182104,-0.0186584,0.98171425,-0.18944383
1356624064959,0.081894934,-0.13805336,-0.9870332,-0.9958454,-0.050899625,-0.075506955,-0.039815605,0.9891161,-0.14164823
1356624065020,0.08158377,-0.09327856,-0.9922919,-0.9949639,-0.06579426,-0.075618565,-0.0582335,0.9934638,-0.09817657
1356624065038,0.09875369,-0.054947197,-0.99359375,-0.99244386,-0.078505576,-0.094297975,-0.0728212,0.9953983,-0.062284768
1356624065079,0.1360138,-0.025280744,-0.99038434,-0.987188,-0.08764076,-0.13333774,-0.08342722,0.99583125,-0.036877185
1356624065121,0.19300699,-0.006005913,-0.981179,-0.97703385,-0.09319991,-0.19162115,-0.09029493,0.9956293,-0.023856223
1356624065159,0.26150966,0.005502999,-0.96518517,-0.9606231,-0.09579277,-0.26081976,-0.09389308,0.995386,-0.019764394
1356624065200,0.3291692,0.009908706,-0.9442189,-0.93964565,-0.09541261,-0.32857615,-0.09334621,0.99538845,-0.022096187
1356624065239,0.38713884,0.011030555,-0.92195547,-0.9176852,-0.09225345,-0.3864495,-0.08931628,0.9956745,-0.025592327
1356624065280,0.4302987,0.009564012,-0.9026359,-0.89900315,-0.08570057,-0.42947492,-0.08146399,0.99627495,-0.028278738
1356624065319,0.45733485,0.0054736435,-0.8892777,-0.8864932,-0.07650331,-0.45637375,-0.07053074,0.9970543,-0.030135259
1356624065359,0.46797064,-0.0015311837,-0.88374263,-0.8818616,-0.06604186,-0.46686015,-0.057649195,0.9978156,-0.032255933
1356624065399,0.46260312,-0.011458725,-0.8864914,-0.88551974,-0.054521233,-0.46139136,-0.04304573,0.9984468,-0.03536859
1356624065439,0.43762967,-0.023328155,-0.89885265,-0.8987453,-0.04153648,-0.43649945,-0.02715242,0.99886465,-0.03914368
1356624065487,0.39906955,-0.03992811,-0.9160508,-0.916904,-0.023391485,-0.3984216,-0.0055195987,0.9989286,-0.04594505
1356624065523,0.325428,-0.06089756,-0.9436039,-0.9453943,-0.0018895864,-0.3259236,0.018064946,0.99814236,-0.058187157
1356624065565,0.2642142,-0.094897926,-0.9597839,-0.9634375,0.019931704,-0.2671907,0.044485927,0.9952874,-0.08616197
1356624065605,0.22945148,-0.14742643,-0.96209013,-0.97070104,0.03780341,-0.23729795,0.07135427,0.98835033,-0.13443297
1356624065647,0.2438823,-0.22046518,-0.9444134,-0.9650543,0.041100383,-0.25880712,0.09587374,0.9745286,-0.20273721
1356624065698,0.304129,-0.3036003,-0.90295756,-0.94578075,0.017237112,-0.32434803,0.11403653,0.9526436,-0.28189704
1356624065736,0.3402679,-0.35772812,-0.86962545,-0.9321536,-0.006640449,-0.3620024,0.123723745,0.93380225,-0.33571708
1356624065778,0.3334039,-0.37750602,-0.8639046,-0.9346025,-0.011883184,-0.35549548,0.12393576,0.925931,-0.35677993
1356624065827,0.26678878,-0.36077496,-0.89368063,-0.957083,0.00974454,-0.28964993,0.11320692,0.9326019,-0.34269184
1356624065868,0.18939203,-0.3263978,-0.92606425,-0.9770042,0.031436503,-0.21088985,0.09794617,0.94470954,-0.3129382
1356624065908,0.097887516,-0.2784575,-0.9554473,-0.9920846,0.04857129,-0.115796775,0.078651816,0.9592196,-0.27149886
1356624065950,0.013361871,-0.22607443,-0.97401834,-0.99828315,0.052539647,-0.025889456,0.05702755,0.9726921,-0.22498429
1356624066018,-0.061869085,-0.17326182,-0.9829306,-0.9975253,0.04368931,0.055086613,0.033399165,0.98390627,-0.17553604
1356624066028,-0.119084746,-0.12469375,-0.985023,-0.9928404,0.024261564,0.11695856,0.009314209,0.9918986,-0.12669015
1356624066065,-0.15534979,-0.083093494,-0.9843586,-0.98776734,-5.424619E-4,0.15593362,-0.013491094,0.9965416,-0.081992745
1356624066109,-0.17003447,-0.049618244,-0.9841882,-0.9848665,-0.025456905,0.17143506,-0.033560663,0.9984438,-0.044538796
1356624066148,-0.16116035,-0.025223285,-0.9866059,-0.9856676,-0.046397686,0.16219333,-0.049867302,0.99860454,-0.01738429
1356624066188,-0.12670767,-0.010002494,-0.9918896,-0.9900024,-0.06119615,0.12708369,-0.06197095,0.9980756,-0.0021484494
1356624066229,-0.06805253,-0.0047188103,-0.99767053,-0.9951978,-0.07019919,0.06821594,-0.07035765,0.99752176,8.1151724E-5
1356624066276,0.0104568,-0.007777959,-0.999915,-0.9970653,-0.07592094,-0.0098364055,-0.07583797,0.9970834,-0.008548975
1356624066320,0.08208296,-0.011780441,-0.99655586,-0.99347633,-0.08039519,-0.08087891,-0.07916552,0.99669343,-0.01830265
1356624066360,0.13149568,-0.015505552,-0.99119544,-0.98805606,-0.08308092,-0.12977949,-0.08033717,0.9964222,-0.026245117
1356624066401,0.15020216,-0.019017726,-0.98847246,-0.9854431,-0.0834111,-0.14813706,-0.07963231,0.9963337,-0.03126943
1356624066441,0.14143834,-0.02268058,-0.9896872,-0.9870247,-0.07999119,-0.13922471,-0.07600856,0.9965375,-0.03370014
1356624066489,0.096310884,-0.0276106,-0.9949683,-0.9930478,-0.07063392,-0.09416494,-0.06767854,0.99712014,-0.03422147
1356624066531,0.005732,-0.033306926,-0.99942875,-0.9984157,-0.05613494,-0.0038554668,-0.055974454,0.99786747,-0.033575922
1356624066569,-0.1045627,-0.036541075,-0.9938468,-0.9937248,-0.036072075,0.10587615,-0.039718956,0.9986809,-0.032539964
1356624066611,-0.22151679,-0.0384323,-0.974399,-0.97498184,-0.01018405,0.22205096,-0.018457264,0.99920934,-0.03521484
1356624066648,-0.3185488,-0.045849532,-0.9467969,-0.9478731,0.023782074,0.31775928,0.0079476535,0.9986652,-0.051035225
1356624066691,-0.37502903,-0.06967038,-0.9243913,-0.92624855,0.06865376,0.37060812,0.03764248,0.9952049,-0.09027922
1356624066728,-0.38400126,-0.11728573,-0.9158532,-0.92091525,0.12037712,0.37070802,0.066769004,0.9857756,-0.15423518
1356624066769,-0.35827327,-0.1813213,-0.91584,-0.9292507,0.16401535,0.3310471,0.090186,0.96965027,-0.22725528
1356624066812,-0.3218092,-0.24154332,-0.9154756,-0.9410976,0.18760559,0.2813172,0.10379806,0.9520824,-0.2876891
1356624066846,-0.29364625,-0.28000352,-0.9139857,-0.9498987,0.19256881,0.24619016,0.10707104,0.94048667,-0.3225221
1356624066888,-0.28269222,-0.29054126,-0.91415036,-0.9540583,0.18381259,0.23661283,0.09928653,0.9390414,-0.32915568
1356624066927,-0.27258408,-0.2830277,-0.91956145,-0.95840734,0.16389102,0.23365581,0.084576786,0.9450053,-0.31592995
1356624066970,-0.26262745,-0.26158825,-0.9287618,-0.9626962,0.13601652,0.23391369,0.06513786,0.9555476,-0.28755164
1356624067022,-0.24433067,-0.2327199,-0.9413522,-0.968717,0.10210058,0.22619209,0.043473184,0.9671695,-0.250386
1356624067048,-0.2169806,-0.19940573,-0.9555924,-0.9759497,0.06538859,0.20795825,0.021016777,0.977733,-0.20879799
1356624067088,-0.1812925,-0.16330847,-0.96977496,-0.9834287,0.029156476,0.17893508,-9.4643235E-4,0.9861442,-0.16588807
1356624067128,-0.1385647,-0.12611341,-0.9822908,-0.9901302,-0.0034156442,0.14010909,-0.021024764,0.99201,-0.12439543
1356624067168,-0.088790655,-0.0905301,-0.9919277,-0.9953324,-0.029738843,0.09180957,-0.037810266,0.9954496,-0.087467015
1356624067209,-0.030721903,-0.059925526,-0.99773,-0.9982462,-0.04869598,0.033662587,-0.050602704,0.9970144,-0.058324397
1356624067249,0.036031574,-0.03731826,-0.9986536,-0.99755824,-0.061168343,-0.033706218,-0.059828103,0.9974296,-0.039431125
1356624067289,0.11008981,-0.023590177,-0.9936416,-0.9917009,-0.06939784,-0.108227134,-0.06640351,0.99731004,-0.03103441
1356624067330,0.18538329,-0.017763197,-0.98250574,-0.9801022,-0.075523525,-0.18356434,-0.07094163,0.9969858,-0.031410545
1356624067370,0.25312197,-0.015259057,-0.967314,-0.96461225,-0.08029801,-0.25114828,-0.073841095,0.9966541,-0.035044253
1356624067411,0.3070578,-0.013943672,-0.95158863,-0.94876766,-0.08279419,-0.30493426,-0.07453415,0.996469,-0.038651854
1356624067449,0.34597987,-0.012989551,-0.93815196,-0.93542194,-0.08224058,-0.34383437,-0.07268795,0.9965278,-0.040604293
1356624067489,0.37160718,-0.013330609,-0.9282943,-0.92596734,-0.07751113,-0.36956257,-0.067026675,0.9969023,-0.04114738
1356624067530,0.38433254,-0.015823036,-0.9230591,-0.9214002,-0.0688864,-0.38246092,-0.057534575,0.997499,-0.041054606
1356624067571,0.38382593,-0.019999087,-0.9231888,-0.92229825,-0.057246357,-0.38221547,-0.045205265,0.99815965,-0.04041773
1356624067609,0.37139928,-0.02513799,-0.9281329,-0.927992,-0.042230487,-0.37019908,-0.029889494,0.9987916,-0.039012194
1356624067651,0.3489397,-0.032214582,-0.9365913,-0.9370783,-0.023934394,-0.34829786,-0.011196494,0.9991944,-0.03853923
1356624067689,0.32528535,-0.046374947,-0.94447803,-0.9455465,-0.0038492382,-0.3254643,0.0114578605,0.9989167,-0.04510176
1356624067729,0.31585833,-0.077032775,-0.94567406,-0.9480667,0.013721675,-0.31777528,0.03745538,0.9969342,-0.06869814
1356624067771,0.34062508,-0.13509738,-0.9304425,-0.9379529,0.019540697,-0.34621176,0.064953744,0.99063957,-0.120058864
1356624067809,0.3901746,-0.20588446,-0.8974271,-0.91648114,0.0068055093,-0.40002003,0.08846533,0.9785527,-0.18603387
1356624067850,0.45062304,-0.27267855,-0.8500502,-0.88671,-0.026462913,-0.46156812,0.103364915,0.9617412,-0.25371158
1356624067889,0.50039613,-0.3150246,-0.80645096,-0.85892916,-0.06354192,-0.508137,0.10883221,0.946954,-0.30237994
1356624067929,0.5297605,-0.3292506,-0.7816315,-0.8416753,-0.090451956,-0.53235435,0.1045779,0.9399003,-0.32503998
1356624067968,0.54415953,-0.32064584,-0.7752913,-0.8338177,-0.104318716,-0.54209375,0.092942685,0.9414371,-0.3241262
1356624068023,0.5494882,-0.29618412,-0.78124106,-0.83193237,-0.107623965,-0.5443396,0.077144474,0.949048,-0.30554327
1356624068048,0.55088186,-0.26171768,-0.7924853,-0.83243465,-0.10421489,-0.544235,0.059847116,0.9595014,-0.27527297
1356624068089,0.55210155,-0.22185588,-0.8037188,-0.83268905,-0.09748846,-0.5450918,0.04257852,0.9701938,-0.23856047
1356624068128,0.553268,-0.17901582,-0.81354034,-0.832611,-0.08887504,-0.5466809,0.025561064,0.9798237,-0.19822222
1356624068167,0.5541265,-0.13485587,-0.82143635,-0.8323876,-0.07952908,-0.5484578,0.0086346865,0.98766845,-0.15632156
1356624068207,0.554501,-0.09143889,-0.8271442,-0.83214414,-0.07053201,-0.5500557,-0.008043647,0.9933097,-0.1152004
1356624068249,0.55560905,-0.051679194,-0.829836,-0.8310985,-0.06327623,-0.55251366,-0.023955435,0.9966571,-0.07810736
1356624068290,0.55864084,-0.01807186,-0.8292128,-0.8284681,-0.05978544,-0.5568361,-0.03951171,0.9980477,-0.04837057
1356624068329,0.56485844,0.007703364,-0.8251519,-0.8233684,-0.06110555,-0.56420803,-0.05476764,0.9981016,-0.028173283
1356624068370,0.5727183,0.025749534,-0.81934774,-0.81677985,-0.06711434,-0.5730326,-0.06974524,0.99741304,-0.017405957
1356624068408,0.5810374,0.037064433,-0.8130325,-0.8097699,-0.07390182,-0.5820749,-0.08165887,0.99657655,-0.012926057
1356624068451,0.58891153,0.04208061,-0.80710125,-0.80350757,-0.076942295,-0.5903011,-0.0869405,0.9961471,-0.011500105
1356624068488,0.5959166,0.040457428,-0.8020265,-0.79869723,-0.073941246,-0.59717286,-0.083462894,0.9964416,-0.011749595
1356624068531,0.60118484,0.03202766,-0.798468,-0.7959003,-0.06546846,-0.6018777,-0.071551174,0.99734056,-0.01386784
1356624068569,0.6031279,0.01753512,-0.79745173,-0.7958689,-0.053442463,-0.60310584,-0.05319327,0.99841696,-0.018277004
