1356624412071,0.8668273,-0.04153362,-0.49687564,-0.49320295,0.07491672,-0.8666824,0.07322079,0.99632454,0.044455342
1356624412096,0.014166176,-0.04559329,0.99885964,0.99721396,-0.07252413,-0.017453223,0.07323718,0.99632406,0.04443884
1356624412133,0.014252305,-0.045464575,0.9988643,0.99720544,-0.0726217,-0.017534107,0.07333639,0.99632275,0.044302464
1356624412174,0.014489949,-0.04491684,0.99888563,0.99717665,-0.07296425,-0.01774615,0.07368001,0.9963226,0.043732733
1356624412215,0.014623702,-0.043634146,0.9989406,0.99711823,-0.07374078,-0.017818063,0.07444015,0.9963224,0.042430043
1356624412257,0.01429534,-0.041540712,0.9990346,0.9970226,-0.07512295,-0.017390251,0.07577282,0.9963087,0.040343136
1356624412297,0.01332438,-0.038764328,0.99915963,0.9968765,-0.07727826,-0.016292214,0.0778448,0.99625576,0.03761351
1356624412339,0.01147753,-0.03568098,0.9992974,0.99668,-0.08015096,-0.014309406,0.08060518,0.99614394,0.034642518
1356624412379,0.009039521,-0.032653064,0.9994258,0.9964324,-0.08357304,-0.01174289,0.0839085,0.9959665,0.031781137
1356624412419,0.006412506,-0.029922843,0.9995317,0.9961461,-0.087246835,-0.009002715,0.08747536,0.9957373,0.029248029
1356624412461,0.004173696,-0.02746436,0.9996141,0.99584854,-0.090782404,-0.006652236,0.090930015,0.995492,0.0269714
1356624412500,0.0028617978,-0.02508089,0.99968135,0.99558806,-0.093687415,-0.0052006245,0.093788,0.99528575,0.024702132
1356624412541,0.0028491616,-0.022526652,0.99974227,0.9954164,-0.09550655,-0.0049888194,0.09559429,0.99517393,0.022151262
1356624412581,0.0038619637,-0.020064741,0.99979115,0.99536526,-0.09599304,-0.005771309,0.09608886,0.9951798,0.019601047
1356624412622,0.0053260922,-0.018052131,0.9998228,0.9954804,-0.09470773,-0.007012874,0.09481758,0.9953414,0.017466128
1356624412660,0.006576836,-0.017143577,0.99983144,0.9957224,-0.09203678,-0.008127958,0.09216061,0.9956081,0.016464949
1356624412700,0.006582141,-0.018058747,0.9998152,0.9960922,-0.08794254,-0.008146048,0.08807346,0.9959618,0.017409384
1356624412740,0.0049864054,-0.02120328,0.9997627,0.9965453,-0.08277774,-0.0067259073,0.0829007,0.9963424,0.020717293
1356624412779,0.0016211271,-0.026743919,0.999641,0.9970329,-0.076889515,-0.003673911,0.07696015,0.99668086,0.026539922
1356624412820,-0.0037593246,-0.03500557,0.99938,0.9975058,-0.07057315,0.0012803078,0.07048461,0.99689215,0.03518358
1356624412860,-0.011706591,-0.046733737,0.9988388,0.9978937,-0.06428605,0.008687705,0.06380546,0.99683654,0.047387898
1356624412900,-0.022666335,-0.06270614,0.9977746,0.9980831,-0.05890906,0.018971115,0.05758834,0.996292,0.06392121
1356624412940,-0.035980523,-0.082678616,0.9959265,0.99795943,-0.055574358,0.031440347,0.05274853,0.9950255,0.08450949
1356624412980,-0.05244577,-0.10748613,0.9928223,0.99736285,-0.055582047,0.046668172,0.050166935,0.9926517,0.11011776
1356624413018,-0.06979358,-0.13545913,0.98832166,0.99629444,-0.059383273,0.062217534,0.050261885,0.9890017,0.13910177
1356624413063,-0.089059114,-0.16678414,0.98196304,0.99459016,-0.0678131,0.078686476,0.05346641,0.9836587,0.17192134
1356624413100,-0.106515646,-0.19748488,0.97450197,0.99259233,-0.07871938,0.09254038,0.0584369,0.9771402,0.20440686
1356624413143,-0.12587392,-0.22869906,0.9653251,0.9898882,-0.09310329,0.107019365,0.06539968,0.96903485,0.23810574
1356624413181,-0.14489889,-0.25726688,0.9554151,0.9867685,-0.10856807,0.12041956,0.07274762,0.9602222,0.2695943
1356624413219,-0.16570067,-0.28360873,0.94451535,0.982907,-0.12541395,0.13477802,0.08023128,0.9507036,0.29954225
1356624413261,-0.18901044,-0.30740502,0.9326185,0.97808206,-0.14342004,0.15095097,0.08735314,0.9407087,0.32777524
1356624413301,-0.21513706,-0.32857582,0.9196489,0.97205806,-0.16260427,0.16930148,0.093910486,0.9303751,0.3543769
1356624413339,-0.24423283,-0.3473257,0.9053812,0.96455336,-0.18323123,0.18990314,0.09993589,0.91966903,0.3797653
1356624413379,-0.27640396,-0.36390474,0.88947976,0.95524585,-0.20552379,0.21275657,0.10538617,0.90847856,0.4044261
1356624413420,-0.31152803,-0.37839097,0.87164813,0.9438558,-0.2293467,0.23777348,0.109938264,0.8967833,0.42859447
1356624413460,-0.34901464,-0.39062274,0.8518231,0.9302702,-0.25409925,0.2646335,0.11307573,0.8847866,0.45206907
1356624413502,-0.38800418,-0.4004269,0.83012724,0.9145638,-0.27881145,0.29298034,0.11413178,0.87288177,0.47439584
1356624413540,-0.42588532,-0.40647155,0.80833316,0.8976671,-0.3016082,0.3212884,0.113205284,0.8624461,0.49332663
1356624413581,-0.459728,-0.40947586,0.78802264,0.88119656,-0.32044458,0.34757426,0.110194325,0.8541925,0.50814605
1356624413620,-0.4878593,-0.40883815,0.7712617,0.86635435,-0.33495247,0.37045497,0.10687992,0.8489159,0.51760846
1356624413659,-0.5068591,-0.4042858,0.7613454,0.8556583,-0.34313333,0.3874382,0.104607314,0.84782815,0.5198508
1356624413701,-0.5146512,-0.39479017,0.7611011,0.85103333,-0.34318602,0.39744893,0.104290366,0.85227,0.51260066
1356624413739,-0.51000565,-0.37938803,0.77198386,0.8535425,-0.33441418,0.39954036,0.10658148,0.86268884,0.49437678
1356624413779,-0.49153143,-0.3565412,0.79452825,0.8635665,-0.31738317,0.39181727,0.112470955,0.87871855,0.46390086
1356624413820,-0.4592052,-0.32488734,0.8267882,0.87984735,-0.29465592,0.37288937,0.122471005,0.8986801,0.42115885
1356624413859,-0.41558325,-0.28442934,0.863939,0.8993628,-0.2703008,0.34363374,0.13578385,0.9198029,0.36813757
1356624413899,-0.36468148,-0.23646486,0.9006064,0.91881084,-0.2482149,0.30688122,0.15097728,0.9394008,0.30778584
1356624413940,-0.31137198,-0.18327671,0.93244684,0.9355348,-0.23135024,0.2669302,0.16679975,0.955451,0.24349776
1356624413980,-0.26317364,-0.12911516,0.9560695,0.94743603,-0.22148758,0.23088574,0.1819467,0.96657777,0.18061805
1356624414018,-0.22344095,-0.07722333,0.9716536,0.95483553,-0.21765572,0.20227501,0.1958656,0.97296584,0.12236878
1356624414059,-0.19699794,-0.030806303,0.9799198,0.9581955,-0.21758527,0.1857903,0.20749259,0.97555506,0.0723823
1356624414105,-0.1812402,0.009338915,0.9833945,0.9593949,-0.21808386,0.17888811,0.21613309,0.9758854,0.030565858
1356624414150,-0.17937946,0.04245779,0.98286337,0.9586954,-0.21662593,0.18432656,0.22073978,0.97533107,-0.0018458664
1356624414189,-0.18991107,0.067509115,0.9794775,0.956346,-0.21297938,0.2001054,0.2221174,0.97472167,-0.024114966
1356624414230,-0.20922726,0.08346239,0.9742987,0.95243573,-0.20835769,0.22238103,0.2215631,0.97448504,-0.035898387
1356624414269,-0.23560262,0.09076154,0.967602,0.9464569,-0.20467705,0.2496528,0.22070482,0.97461253,-0.037679374
1356624414313,-0.26733983,0.08953428,0.9594337,0.9381634,-0.20308834,0.2803652,0.21995208,0.9750583,-0.029704154
1356624414349,-0.2976709,0.08340487,0.95101833,0.92943966,-0.20218366,0.30864835,0.21802309,0.97578967,-0.017335653
1356624414390,-0.3259961,0.07205105,0.94262147,0.92130584,-0.19933075,0.33386055,0.21194842,0.9772799,-0.0013999939
1356624414431,-0.34667665,0.058044136,0.93618715,0.91601986,-0.19377875,0.3512229,0.20179954,0.9793267,0.014008939
1356624414469,-0.359832,0.041897923,0.93207586,0.9139973,-0.18485355,0.3611621,0.18742955,0.98187256,0.028221667
1356624414511,-0.36261833,0.023892552,0.9316313,0.916136,-0.17416924,0.36105382,0.17088804,0.9844258,0.04126817
1356624414550,-0.3526879,0.0044466555,0.93573046,0.9229233,-0.16329432,0.3486367,0.15434968,0.98656744,0.053487957
1356624414589,-0.32892913,-0.016315728,0.9442136,0.9341445,-0.15225017,0.3227906,0.1384902,0.9882072,0.06532079
1356624414630,-0.28914094,-0.038747877,0.95650196,0.9493017,-0.14038998,0.28127724,0.123384446,0.98933774,0.07737595
1356624414669,-0.23317802,-0.06389272,0.97033274,0.96625996,-0.1274876,0.22380474,0.109405905,0.98978007,0.09146434
1356624414709,-0.16707015,-0.09486404,0.9813707,0.98107505,-0.11480427,0.1559223,0.097874075,0.9888482,0.112249106
1356624414750,-0.10549581,-0.13813221,0.98477924,0.9902152,-0.105562806,0.09127119,0.09134856,0.9847721,0.14791703
1356624414789,-0.066358685,-0.19829497,0.9778935,0.9935373,-0.103581786,0.046416223,0.092087835,0.9746538,0.20388696
1356624414832,-0.06872213,-0.27585682,0.958739,0.99241114,-0.117127776,0.037434667,0.10196823,0.95403576,0.28181255
1356624414869,-0.08834332,-0.34976724,0.93266195,0.9893241,-0.13975805,0.04129833,0.115902245,0.92635334,0.35837987
1356624414912,-0.10543436,-0.40502504,0.9082061,0.98571694,-0.16317612,0.041662335,0.13132325,0.89962673,0.41644442
1356624415006,-0.102053165,-0.43479776,0.89472675,0.9841765,-0.17509568,0.027167112,0.14485058,0.88334167,0.44578683
1356624415008,-0.065585434,-0.4371937,0.8969729,0.9854254,-0.16977191,-0.010695636,0.15695682,0.8831983,0.44195622
1356624415023,-0.016519248,-0.4197815,0.90747476,0.98592633,-0.15784907,-0.055070758,0.16636181,0.8937936,0.41648132
1356624415055,0.03137088,-0.3911455,0.9197941,0.9844613,-0.14698398,-0.09608188,0.17277697,0.9085158,0.38045657
1356624415094,0.090043366,-0.34855413,0.9329535,0.9802035,-0.13484025,-0.1449804,0.17633316,0.92753875,0.32951242
1356624415138,0.14584011,-0.29412177,0.94457555,0.9731597,-0.12915677,-0.19047019,0.17801973,0.947001,0.2673912
1356624415179,0.1864351,-0.23464441,0.95403564,0.96603405,-0.13308227,-0.22151136,0.17894161,0.9629284,0.2018633
1356624415219,0.20599651,-0.17692176,0.9624262,0.96186817,-0.14423555,-0.23239174,0.17993113,0.97359896,0.1404633
1356624415259,0.20647776,-0.124429524,0.97050726,0.96151465,-0.15794879,-0.22481534,0.18126404,0.97957623,0.08702782
1356624415300,0.1875571,-0.07897341,0.9790739,0.9651762,-0.17024225,-0.19862673,0.18236592,0.9822326,0.044293076
1356624415343,0.15092832,-0.042074174,0.9876489,0.97149765,-0.17842966,-0.15606132,0.18279201,0.98305273,0.013944864
1356624415379,0.099018455,-0.014064997,0.9949863,0.9780896,-0.18263924,-0.09991872,0.18312886,0.98307943,-0.0043278933
1356624415421,0.037888706,0.0025432706,0.99927866,0.98209417,-0.18476778,-0.036766917,0.18454099,0.9827789,-0.009498328
1356624415460,-0.02628392,0.010552883,0.99959886,0.9820464,-0.18658102,0.027792156,0.18679944,0.98238295,-0.005459368
1356624415502,-0.08717799,0.010438234,0.9961381,0.97820735,-0.18825471,0.087581456,0.18844187,0.9820648,0.00620088
1356624415548,-0.13809258,0.0051885247,0.9904057,0.9726899,-0.18765181,0.13660556,0.18656024,0.9822219,0.020866543
1356624415589,-0.17052794,-0.002091527,0.9853506,0.96848404,-0.18459964,0.16721714,0.18154562,0.98281157,0.033504993
1356624415630,-0.18677521,-0.01127097,0.982338,0.9668968,-0.17906684,0.18178475,0.17385525,0.9837724,0.044343084
1356624415669,-0.18544805,-0.022601873,0.9823941,0.9686774,-0.17222154,0.1788964,0.16514608,0.9847989,0.053832054
1356624415710,-0.16517091,-0.035627753,0.9856213,0.97375584,-0.16455102,0.1572344,0.15658301,0.9857249,0.061871737
1356624415750,-0.124272525,-0.04990402,0.9909924,0.9810718,-0.15565807,0.11518991,0.1485075,0.9865496,0.068303436
1356624415791,-0.0666517,-0.06595209,0.9955942,0.9877943,-0.14515042,0.056514174,0.14078373,0.9872091,0.07482162
1356624415830,0.003939271,-0.0870339,0.9961976,0.9909142,-0.13358927,-0.015589565,0.13443816,0.98720765,0.08571687
1356624415871,0.062179267,-0.121521324,0.9906393,0.989282,-0.123883426,-0.0772908,0.13211632,0.98482764,0.11251593
1356624415911,0.100301504,-0.17308554,0.9797862,0.9856967,-0.116755545,-0.12153217,0.13543099,0.9779619,0.15889913
1356624415949,0.09744614,-0.24322462,0.9650626,0.98443913,-0.11891979,-0.129374,0.14623198,0.96265244,0.22785154
1356624415988,0.06785047,-0.31625038,0.94624627,0.98455995,-0.13217103,-0.114771426,0.16136292,0.9394235,0.30239967
1356624416015,0.036843657,-0.37182662,0.9275707,0.98393154,-0.14877212,-0.09871927,0.17470309,0.9163034,0.36037064
1356624416055,0.02185458,-0.4033025,0.91480577,0.98228234,-0.16169101,-0.0947499,0.1861287,0.90066826,0.39262316
1356624416097,0.026231349,-0.40892765,0.9121897,0.98040617,-0.1676876,-0.10336602,0.19523218,0.89702785,0.39651656
1356624416140,0.044041872,-0.39320192,0.9183968,0.9786519,-0.16774648,-0.11875039,0.20075065,0.9040207,0.3774199
1356624416181,0.07080245,-0.36056706,0.93004215,0.9767544,-0.16406304,-0.13796398,0.20233083,0.91819096,0.34056944
1356624416220,0.10100186,-0.31499878,0.9437026,0.97435594,-0.16038704,-0.15781826,0.20107022,0.93544203,0.29072154
1356624416259,0.1256699,-0.2628267,0.9566238,0.97203434,-0.1602034,-0.17170921,0.19838426,0.9514499,0.23534392
1356624416301,0.14528495,-0.20734566,0.96741927,0.96996826,-0.16293824,-0.1805901,0.19507417,0.964603,0.17744622
1356624416340,0.14887857,-0.15509695,0.9766167,0.97001606,-0.16895908,-0.17470485,0.1921044,0.9733437,0.1252921
1356624416380,0.14076108,-0.109606445,0.9839577,0.9715621,-0.1758433,-0.15857562,0.19040328,0.97829723,0.08173755
1356624416420,0.11595452,-0.07322025,0.99055207,0.9747846,-0.18303919,-0.12763879,0.19065562,0.9803752,0.05014977
1356624416463,0.07766247,-0.04969716,0.99574023,0.9776938,-0.191701,-0.0858227,0.1951496,0.98019433,0.033700675
1356624416500,0.031207561,-0.035105765,0.99889624,0.97889394,-0.20087224,-0.03764221,0.20197204,0.9789882,0.02809614
1356624416539,-0.015548229,-0.029801756,0.99943495,0.97757375,-0.21040398,0.00893414,0.21001878,0.9771602,0.03240484
1356624416581,-0.05556333,-0.029503286,0.99801916,0.97506434,-0.21669596,0.047879368,0.21485406,0.97579324,0.040807933
1356624416619,-0.08330053,-0.0314804,0.9960271,0.97341,-0.21659434,0.074563414,0.21338657,0.975754,0.04868582
1356624416659,-0.09709793,-0.03506726,0.9946568,0.97391754,-0.20927018,0.08769542,0.20507678,0.9772288,0.054472357
1356624416700,-0.09561229,-0.04038036,0.9945993,0.9766624,-0.19685662,0.08589569,0.19232494,0.9796004,0.058259845
1356624416741,-0.07776052,-0.047071874,0.9958601,0.98100907,-0.18164521,0.06801507,0.1776917,0.98223674,0.060302854
1356624416780,-0.041398942,-0.05455944,0.99765193,0.98565173,-0.16576189,0.031835854,0.16363576,0.9846553,0.060639024
1356624416829,0.008948386,-0.061519623,0.9980657,0.98861015,-0.14940983,-0.018073082,0.15023264,0.9868597,0.05948198
1356624416859,0.07274526,-0.07053572,0.99485314,0.9876246,-0.13387078,-0.08170828,0.1389451,0.98848534,0.059924364
1356624416901,0.12972444,-0.08810192,0.9876283,0.98261553,-0.12198877,-0.13994816,0.13280922,0.9886136,0.07074541
1356624416940,0.17201936,-0.12218222,0.97748697,0.9758676,-0.11435038,-0.18602774,0.13450524,0.98589826,0.09956315
1356624416989,0.1815983,-0.17986053,0.9667845,0.97232205,-0.11413205,-0.20387161,0.14700961,0.97704864,0.15415624
1356624417022,0.16363949,-0.25114474,0.95401704,0.9722266,-0.12296748,-0.19913408,0.16732454,0.96010697,0.22404723
1356624417057,0.13502103,-0.3150874,0.9394089,0.97269666,-0.1384654,-0.18624815,0.18876016,0.9389074,0.2877888
1356624417098,0.1124053,-0.35634333,0.92756915,0.972006,-0.15439641,-0.17710462,0.20632339,0.92151034,0.32901287
1356624417140,0.10440594,-0.37023926,0.9230505,0.97022307,-0.16604388,-0.17634243,0.21855578,0.91397613,0.34187868
1356624417179,0.10951978,-0.3603495,0.92636585,0.9680667,-0.1727668,-0.18165487,0.22550452,0.9166787,0.32992095
1356624417221,0.12781405,-0.32888895,0.9356792,0.96538514,-0.1750189,-0.19339058,0.22736558,0.9280088,0.29513466
1356624417260,0.14798564,-0.28454533,0.9471717,0.96279085,-0.17752862,-0.20375839,0.22612858,0.9420816,0.24768597
1356624417302,0.17213804,-0.22902358,0.9580797,0.9594958,-0.18121016,-0.21570972,0.22301638,0.9564053,0.188554
1356624417340,0.18769544,-0.1723383,0.9669901,0.95735115,-0.1880641,-0.21934155,0.21965703,0.9669186,0.12968948
1356624417379,0.19677365,-0.11910051,0.97318816,0.9561264,-0.19640929,-0.2173608,0.21703097,0.9732618,0.07522696
1356624417418,0.19516242,-0.07438418,0.97794616,0.9567151,-0.2050485,-0.20652175,0.21588838,0.97592115,0.031146705
1356624417459,0.181745,-0.042441964,0.9824293,0.95912886,-0.21270502,-0.18662351,0.21688837,0.9761942,0.0020492673
1356624417498,0.15702194,-0.02551508,0.98726547,0.9626695,-0.21922076,-0.15877557,0.22048032,0.97534156,-0.00985986
1356624417540,0.12393302,-0.022737026,0.9920301,0.96624064,-0.22480512,-0.12586361,0.2258752,0.97413844,-0.0058912933
1356624417579,0.08823711,-0.029494643,0.9956628,0.96908826,-0.22865504,-0.09265557,0.23039612,0.9730607,0.008406997
1356624417620,0.05652058,-0.039459974,0.9976213,0.9712597,-0.22923023,-0.06409401,0.23121414,0.972572,0.025369704
1356624417661,0.03250122,-0.04874018,0.9982826,0.9734503,-0.22488588,-0.042672634,0.22657949,0.9731654,0.040136993
1356624417699,0.017974555,-0.05576253,0.9982823,0.9757776,-0.2167427,-0.029676199,0.21802521,0.9746349,0.05051598
1356624417741,0.012499869,-0.060703278,0.99807763,0.9785842,-0.20436186,-0.024685085,0.20546743,0.9770115,0.056848735
1356624417797,0.017225027,-0.06456852,0.9977646,0.9813874,-0.18980151,-0.029224962,0.19126427,0.979697,0.060097426
1356624417827,0.031473994,-0.06609228,0.9973171,0.98452735,-0.1700396,-0.042338878,0.17238164,0.98321843,0.059717804
1356624417863,0.06047386,-0.06846845,0.99581873,0.98627317,-0.14946991,-0.07017115,0.15364945,0.98639286,0.05848956
1356624417907,0.09134632,-0.07473773,0.99301064,0.9863382,-0.13048369,-0.100553244,0.13708678,0.98862946,0.0617975
1356624417986,0.11420429,-0.0984399,0.9885681,0.98520577,-0.116762936,-0.12544298,0.12777668,0.9882692,0.08364877
1356624418001,0.11941153,-0.14671391,0.9819449,0.9845533,-0.110054255,-0.13617209,0.12804556,0.9830377,0.131306
1356624418040,0.10235226,-0.211977,0.9719,0.9854578,-0.11161256,-0.12812337,0.13563547,0.97088015,0.19747058
1356624418079,0.07030213,-0.2781844,0.9579515,0.9865985,-0.12236333,-0.10793811,0.14724487,0.95270175,0.26585397
1356624418121,0.03978473,-0.32609412,0.94449973,0.9863533,-0.13831872,-0.08930302,0.15976319,0.9351634,0.3161411
1356624418159,0.021590889,-0.34814468,0.93719214,0.9849297,-0.15349263,-0.07970953,0.17160255,0.9247893,0.339584
1356624418199,0.019531548,-0.34571952,0.93813455,0.9830994,-0.16419077,-0.08097494,0.18202767,0.92386115,0.33666974
1356624418239,0.031063378,-0.32398146,0.9455533,0.9810993,-0.17088729,-0.09078342,0.19099522,0.93050176,0.3125497
1356624418281,0.053588808,-0.28699553,0.9564318,0.9784206,-0.17631727,-0.10772815,0.19955295,0.94156563,0.2713537
1356624418320,0.07715428,-0.24341169,0.96684945,0.9751636,-0.18350923,-0.124017596,0.2076132,0.95240486,0.22320774
1356624418362,0.10276556,-0.19507009,0.9753906,0.9711725,-0.1923582,-0.14079118,0.21508855,0.9617411,0.16967896
1356624418400,0.11963916,-0.14932582,0.98152345,0.9679065,-0.20252913,-0.14879155,0.2210055,0.9678242,0.120303005
1356624418439,0.12941742,-0.10916674,0.9855627,0.96556234,-0.21235669,-0.15031299,0.22570002,0.9710753,0.07792461
1356624418480,0.12840998,-0.07733932,0.98870087,0.96467054,-0.22152019,-0.14261699,0.23004708,0.97208405,0.046161562
1356624418519,0.116427004,-0.05555287,0.9916444,0.96504486,-0.22971487,-0.12617281,0.23480475,0.9716712,0.026866019
1356624418559,0.09571487,-0.043685228,0.9944497,0.96623135,-0.23603404,-0.10336763,0.23923963,0.9707623,0.019618094
1356624418599,0.070581675,-0.039190024,0.9967358,0.96810853,-0.23810685,-0.07791644,0.24038312,0.97044796,0.021134228
1356624418640,0.046248496,-0.03873381,0.9981787,0.9709314,-0.23317903,-0.054034412,0.23484728,0.9716621,0.02682373
1356624418680,0.027188957,-0.0397349,0.9988402,0.9746086,-0.22111088,-0.03532529,0.22225812,0.9744388,0.032714248
1356624418720,0.01604855,-0.04133174,0.9990166,0.97883415,-0.20322704,-0.024132311,0.20402461,0.9782589,0.037195444
1356624418760,0.015055537,-0.043440104,0.9989426,0.98290074,-0.18272442,-0.022759765,0.18351984,0.9822041,0.039946258
1356624418802,0.026125193,-0.045662165,0.99861526,0.9863467,-0.16130501,-0.03318,0.16259667,0.9858477,0.040824562
1356624418840,0.052236497,-0.047874838,0.9974865,0.9882796,-0.14099199,-0.05852121,0.14343932,0.98885244,0.03994882
1356624418882,0.0894379,-0.04903695,0.9947845,0.9881288,-0.12089074,-0.094798654,0.124908924,0.99145377,0.037642628
1356624418920,0.13956785,-0.05337143,0.9887731,0.98422575,-0.102160454,-0.14444035,0.10872242,0.9933352,0.03827119
1356624418991,0.18383992,-0.0689407,0.9805356,0.9781192,-0.08600956,-0.18943417,0.09739509,0.99390626,0.051620185
1356624418998,0.20988747,-0.10746294,0.9718019,0.9732153,-0.07239756,-0.21819848,0.09380433,0.9915696,0.089389235
1356624419035,0.21123314,-0.16824767,0.96284646,0.9725257,-0.062435508,-0.22426662,0.09784812,0.9837655,0.15043673
1356624419080,0.19066626,-0.23853469,0.95223296,0.97572994,-0.06036532,-0.21049258,0.107691616,0.96925604,0.22123578
1356624419120,0.16434902,-0.29774508,0.940392,0.9790046,-0.06730217,-0.1924063,0.1205785,0.95227003,0.28043282
1356624419161,0.14641261,-0.33300385,0.9314891,0.9799714,-0.07965988,-0.1825113,0.13497925,0.9395546,0.31467098
1356624419199,0.13950169,-0.34405208,0.92852974,0.9789711,-0.093031585,-0.1815514,0.14884564,0.9343305,0.3238389
1356624419241,0.14648616,-0.33220345,0.93176323,0.9759657,-0.105098665,-0.19090644,0.16134685,0.93733406,0.30882365
1356624419290,0.16283917,-0.2997976,0.94000256,0.97151774,-0.117512286,-0.2057772,0.17215335,0.94673777,0.27212304
1356624419330,0.16861063,-0.2597249,0.9508488,0.9689641,-0.13324332,-0.20821846,0.18077374,0.9564462,0.22919782
1356624419369,0.17226708,-0.21545747,0.9611983,0.9670185,-0.14886057,-0.20667809,0.18761486,0.96510035,0.18270758
1356624419409,0.17069876,-0.16967306,0.9706045,0.96623576,-0.16412747,-0.1986219,0.1930036,0.97173727,0.1359278
1356624419450,0.16192597,-0.12551856,0.9787876,0.96687937,-0.17812651,-0.18279865,0.19729263,0.9759693,0.09251797
1356624419489,0.14425325,-0.08643177,0.98575884,0.96893775,-0.18988472,-0.15844086,0.20087487,0.97799456,0.056355536
1356624419531,0.116931856,-0.055547684,0.99158525,0.9718629,-0.1991635,-0.12576309,0.20447347,0.9783907,0.030696183
1356624419570,0.07982868,-0.033961266,0.9962299,0.974782,-0.20627856,-0.085142076,0.20839238,0.9779038,0.016637892
1356624419614,0.035698235,-0.022995204,0.99909794,0.9765829,-0.21143556,-0.039760113,0.21215913,0.97712135,0.01490885
1356624419650,-0.008931279,-0.017916888,0.99979967,0.9768516,-0.2138623,0.00489375,0.2137317,0.9766996,0.01941216
1356624419695,-0.049207866,-0.018134177,0.99862397,0.976415,-0.21131349,0.044276208,0.21021977,0.9772501,0.028104752
1356624419730,-0.07908732,-0.020131439,0.9966644,0.975863,-0.20572132,0.07328132,0.20355985,0.97840357,0.035915494
1356624419769,-0.09811324,-0.023630738,0.9948946,0.9762406,-0.19637215,0.09160945,0.19320485,0.98024464,0.042336017
1356624419809,-0.1030215,-0.02853483,0.9942698,0.97807294,-0.18479657,0.09603971,0.1809972,0.98236245,0.04694712
1356624419849,-0.09230095,-0.03413269,0.995146,0.98146677,-0.17167854,0.085143715,0.167939,0.98456156,0.04934615
1356624419889,-0.06450236,-0.03985095,0.9971216,0.98597765,-0.1566512,0.057520747,0.15390798,0.9868498,0.049396425
1356624419929,-0.020386457,-0.046289086,0.99872005,0.99013364,-0.13945049,0.013747841,0.1386356,0.9891466,0.04867524
1356624419990,0.03357297,-0.05720964,0.9977975,0.9918364,-0.120978415,-0.040308744,0.123018,0.9910052,0.05268097
1356624420045,0.07403076,-0.08762622,0.99339867,0.99120927,-0.10306287,-0.08295861,0.10965189,0.99080753,0.079226166
1356624420053,0.0924561,-0.14281273,0.985422,0.9905447,-0.087548256,-0.105624706,0.101356536,0.9858701,0.13336802
1356624420094,0.06769663,-0.21695605,0.9738312,0.9928992,-0.08104712,-0.08707824,0.097818345,0.9728111,0.20992884
1356624420138,0.010541379,-0.29197907,0.95636666,0.99522245,-0.08977443,-0.03837782,0.097062826,0.9522021,0.2896378
1356624420179,-0.049295902,-0.3472219,0.9364865,0.9939441,-0.10924995,0.01181373,0.09820905,0.93139756,0.35050473
1356624420220,-0.08974671,-0.37550014,0.9224669,0.99073523,-0.1284473,0.04410267,0.10192785,0.9178785,0.38354895
1356624420260,-0.10065043,-0.3786067,0.9200687,0.98898387,-0.13895702,0.05100879,0.10853773,0.9150672,0.388422
1356624420300,-0.092062354,-0.36368343,0.92696214,0.98888946,-0.14250672,0.042301774,0.11671385,0.92055756,0.37276223
1356624420341,-0.060242593,-0.33224547,0.94126713,0.99006116,-0.13994229,0.013969094,0.12708187,0.93275356,0.33737376
1356624420380,-0.026962638,-0.29114717,0.95629823,0.98996156,-0.14055157,-0.014879495,0.13874134,0.9462973,0.29201412
1356624420420,0.012744844,-0.24185592,0.9702285,0.988272,-0.14461797,-0.049031824,0.15217108,0.95947456,0.23717627
1356624420460,0.040774047,-0.19013792,0.9809103,0.98538667,-0.15484113,-0.07097426,0.16538012,0.9694699,0.18104589
1356624420499,0.058746874,-0.13956138,0.98846924,0.9824152,-0.16770685,-0.08206543,0.17722622,0.9759083,0.127255
1356624420542,0.060092807,-0.09334898,0.99381834,0.98055315,-0.18082482,-0.07627559,0.18682724,0.9790753,0.08066732
1356624420579,0.041765094,-0.054540396,0.99763775,0.9799795,-0.19231188,-0.05153948,0.19466856,0.9798171,0.045416564
1356624420625,0.004984319,-0.025322646,0.99966687,0.9794667,-0.20135844,-0.009984225,0.20154423,0.97919023,0.023799121
1356624420670,-0.04641509,-0.0053988695,0.9989077,0.97737783,-0.20681024,0.04429686,0.20634508,0.97836626,0.01487577
1356624420694,-0.10387671,0.0062710047,0.9945704,0.9729499,-0.20682216,0.10292268,0.20634457,0.9783585,0.015382618
1356624420723,-0.15543896,0.013507813,0.98775315,0.96687484,-0.20285577,0.15492752,0.20246413,0.9791155,0.01847136
1356624420764,-0.20053005,0.014580697,0.9795791,0.9611174,-0.19083154,0.19959122,0.18984476,0.9815145,0.024253696
1356624420809,-0.23375988,0.010611892,0.9722364,0.9568829,-0.17482007,0.23197651,0.1724281,0.9845432,0.030711532
1356624420854,-0.25105822,0.0023482144,0.9679691,0.95571196,-0.15805143,0.24826255,0.1535719,0.98742807,0.03743595
1356624420890,-0.2450192,-0.008680195,0.96947944,0.95978856,-0.14348334,0.24128532,0.13700974,0.9896147,0.04348725
1356624420932,-0.21935678,-0.021083236,0.9754169,0.96800023,-0.12961084,0.21488744,0.12189412,0.9913408,0.04883963
1356624420994,-0.16080827,-0.036174297,0.98632246,0.98109186,-0.114905596,0.15574121,0.10770017,0.9927175,0.05396813
1356624421016,-0.08603865,-0.057007223,0.99465954,0.99192727,-0.09824926,0.08017132,0.09315419,0.99352765,0.065000266
1356624421059,-7.354021E-4,-0.095414996,0.9954374,0.9967655,-0.080066025,-0.0069381893,0.08036268,0.9922124,0.09516519
1356624421099,0.0636996,-0.15580872,0.9857311,0.99534965,-0.061599374,-0.07405782,0.07225931,0.98586464,0.15116036
1356624421140,0.077091455,-0.23533696,0.96885157,0.9944481,-0.05165744,-0.09167594,0.07162306,0.9705401,0.23004806
1356624421179,0.068276465,-0.31104094,0.9479409,0.99464625,-0.052654445,-0.08891764,0.07757038,0.9489368,0.30578068
1356624421221,0.06937522,-0.3646435,0.9285592,0.9935426,-0.058512628,-0.09720814,0.08977875,0.929307,0.35822952
1356624421269,0.11117327,-0.38663507,0.9155073,0.98790634,-0.05719191,-0.14411804,0.108080715,0.9204576,0.3756011
1356624421310,0.1733976,-0.38616186,0.9059869,0.9765342,-0.051891148,-0.20901743,0.12772727,0.9209703,0.36810243
1356624421351,0.24916738,-0.36793646,0.89584506,0.9571363,-0.047487557,-0.2857186,0.14766774,0.9286376,0.34033298
1356624421389,0.3211903,-0.33890545,0.8842963,0.93239474,-0.05027449,-0.357928,0.16576135,0.93947613,0.299846
1356624421429,0.38512287,-0.3028608,0.8717544,0.9049304,-0.06139216,-0.42110792,0.18105602,0.9510554,0.25042444
1356624421469,0.43614882,-0.26329494,0.860494,0.87902963,-0.07996881,-0.4700127,0.1925646,0.96139526,0.1965657
1356624421510,0.4744207,-0.22215825,0.85180444,0.85742134,-0.10254744,-0.5042944,0.19938344,0.96960294,0.14183253
1356624421550,0.49462458,-0.1831164,0.849597,0.8453175,-0.12578931,-0.51924497,0.20195249,0.97501045,0.09257303
1356624421591,0.49603528,-0.1492393,0.855381,0.84443295,-0.14648247,-0.5152434,0.20219293,0.97789085,0.05336216
1356624421640,0.4680329,-0.12410647,0.87495303,0.85985917,-0.16452295,-0.48329532,0.20392993,0.97853446,0.029711962
1356624421679,0.41005656,-0.10497373,0.905999,0.8882657,-0.17945644,-0.42282322,0.20697266,0.9781493,0.01965721
1356624421721,0.33733553,-0.09207019,0.9368713,0.9180788,-0.18789923,-0.34903455,0.20817307,0.97786343,0.021142632
1356624421760,0.2613841,-0.081991255,0.9617463,0.94354373,-0.18834159,-0.2724936,0.20347887,0.9786751,0.028132826
1356624421800,0.19416237,-0.07446998,0.9781386,0.9623707,-0.17878336,-0.20464402,0.19011468,0.98106617,0.03695473
1356624421836,0.14422327,-0.07014033,0.9870562,0.97477055,-0.16165483,-0.15391538,0.17035812,0.9843515,0.045056403
1356624421883,0.118447006,-0.06939462,0.9905325,0.98218405,-0.13838005,-0.12714326,0.1458931,0.98794496,0.051767647
1356624421929,0.12915373,-0.07176331,0.98902446,0.9842683,-0.11198443,-0.13665819,0.120562375,0.99111533,0.05617112
1356624421989,0.18555462,-0.075582266,0.97972274,0.977705,-0.08553684,-0.1917713,0.09829697,0.993464,0.05802548
1356624422008,0.27040696,-0.07831675,0.9595554,0.9594781,-0.060130715,-0.2752929,0.07925877,0.9951135,0.05888343
1356624422049,0.3660492,-0.084276915,0.9267715,0.92837,-0.035763115,-0.36993265,0.06432098,0.9958004,0.06514904
1356624422089,0.44450453,-0.10333982,0.8897958,0.894068,-0.010140926,-0.44781652,0.055300623,0.99459445,0.08788511
1356624422129,0.4821142,-0.14622763,0.863819,0.874465,0.019954264,-0.48467803,0.05363646,0.9890497,0.1374912
1356624422171,0.47784343,-0.21244219,0.85236967,0.8764682,0.050240308,-0.47883147,0.058900654,0.9758813,0.21020578
1356624422209,0.4508293,-0.2838932,0.84626096,0.8899436,0.0697293,-0.45070845,0.06894392,0.9563171,0.28408498
1356624422252,0.42300335,-0.34027725,0.8398092,0.9022849,0.072906464,-0.42493123,0.0833669,0.9374946,0.33786672
1356624422289,0.40384603,-0.3716729,0.8359233,0.9093361,0.063124,-0.41124627,0.10008219,0.9262153,0.36346787
1356624422332,0.4037019,-0.37424502,0.8348446,0.9069263,0.043558896,-0.41903147,0.1204555,0.92630625,0.35699743
1356624422369,0.3988896,-0.35929433,0.84367925,0.9063215,0.014478445,-0.4223408,0.13952947,0.93311197,0.33141142
1356624422409,0.39776254,-0.32766843,0.8569822,0.9041811,-0.018512547,-0.426748,0.15569669,0.94461143,0.28890795
1356624422450,0.39000767,-0.28431413,0.87581927,0.90531635,-0.055360615,-0.42111433,0.16821474,0.9571314,0.23580325
1356624422489,0.37277544,-0.23357189,0.89804375,0.9107863,-0.09302968,-0.4022608,0.17750156,0.96787894,0.17805496
1356624422528,0.34424075,-0.1797364,0.9215168,0.9206834,-0.12768623,-0.3688339,0.18395784,0.9753928,0.12152548
1356624422570,0.3026876,-0.12732822,0.94454634,0.934439,-0.15545124,-0.320404,0.18762735,0.97960323,0.071927294
1356624422609,0.24644151,-0.08084586,0.96577966,0.95053375,-0.17425701,-0.25713822,0.18908247,0.9813757,0.033902556
1356624422650,0.17544365,-0.04357016,0.98352486,0.96597195,-0.18523324,-0.18051836,0.19004673,0.9817282,0.009589553
1356624422690,0.09427512,-0.017901152,0.99538517,0.97688675,-0.19100863,-0.0959582,0.19184494,0.98142505,-5.199015E-4
1356624422730,0.010254502,-0.0014867187,0.99994636,0.9810984,-0.19323272,-0.010348529,0.19323769,0.9811518,-5.2291155E-4
1356624422772,-0.068057,0.006374806,0.9976611,0.97932255,-0.19052595,0.06802341,0.190514,0.98166144,0.0067236423
1356624422808,-0.1340105,0.009424865,0.9909351,0.9740695,-0.18268865,0.13346723,0.18229052,0.9831257,0.015301734
1356624422853,-0.1857171,0.0072819293,0.98257625,0.9684967,-0.16747761,0.18429711,0.16590154,0.985849,0.024050951
1356624422890,-0.21988785,0.001891017,0.97552323,0.96427083,-0.15103859,0.2176443,0.14775321,0.988526,0.031388104
1356624422929,-0.23842216,-0.005464256,0.9711462,0.96250284,-0.134565,0.23554301,0.12939525,0.99088967,0.037342668
1356624422991,-0.23872131,-0.0134681165,0.9709947,0.96452737,-0.119322896,0.2354762,0.11269042,0.9927642,0.041475236
1356624423010,-0.22131658,-0.021215796,0.9749713,0.97027326,-0.10517931,0.21796134,0.09792259,0.99422693,0.043863058
1356624423049,-0.18962175,-0.030159056,0.98139393,0.9781516,-0.0925594,0.18615082,0.08522308,0.99525034,0.04705143
1356624423090,-0.15167385,-0.045890212,0.98736477,0.98549676,-0.083928764,0.14748609,0.07610014,0.9954145,0.05795443
1356624423128,-0.12658775,-0.07925692,0.988784,0.9892658,-0.08344197,0.11996108,0.072998345,0.9933558,0.08896884
1356624423170,-0.12789959,-0.1342318,0.9826615,0.9888979,-0.0928331,0.116030306,0.075648546,0.98659205,0.14461479
1356624423211,-0.16251916,-0.20355874,0.96547985,0.9832782,-0.11489457,0.14129111,0.08216736,0.9722978,0.21882749
1356624423260,-0.21459228,-0.26554963,0.9399115,0.97251546,-0.14711785,0.18047142,0.09035361,0.95280623,0.28982148
1356624423299,-0.2611891,-0.29967508,0.9175919,0.96031463,-0.17703545,0.21553224,0.09785673,0.9374717,0.33402216
1356624423338,-0.2879793,-0.30647862,0.9072699,0.95189774,-0.19517589,0.23621377,0.10468274,0.9316529,0.347943
1356624423379,-0.2946285,-0.29125437,0.9101455,0.9492284,-0.19909924,0.24356687,0.1102694,0.9356978,0.33512726
1356624423420,-0.28186333,-0.2588469,0.92387843,0.9525553,-0.19076508,0.23716486,0.114854425,0.94689333,0.3003357
1356624423460,-0.25407547,-0.21413445,0.94318193,0.9597509,-0.17649221,0.21846905,0.11968249,0.96072733,0.25035807
1356624423519,-0.21406627,-0.16059256,0.9635277,0.96865034,-0.16219854,0.18817055,0.12606403,0.9736024,0.19027928
1356624423554,-0.16683376,-0.10079968,0.980819,0.9766408,-0.1535219,0.15034547,0.13542244,0.9829906,0.12405777
1356624423583,-0.14087218,-0.04754758,0.9888854,0.9793049,-0.15330374,0.1321362,0.14531705,0.98703456,0.06815976
1356624423613,-0.13092685,-0.0055740178,0.9913764,0.9792849,-0.15653038,0.12844983,0.15446451,0.9876574,0.025952578
1356624423656,-0.13992554,0.020867199,0.9899421,0.97636867,-0.16338843,0.14145112,0.16469678,0.9863411,0.0024881363
1356624423698,-0.16645485,0.03405577,0.98546076,0.97033054,-0.17207825,0.16984594,0.17536056,0.98449445,-0.004402101
1356624423739,-0.20247483,0.03586921,0.97863036,0.9614941,-0.18235213,0.2056131,0.18583053,0.98257875,0.0024337173
1356624423781,-0.23685443,0.031519175,0.9710337,0.95205534,-0.191661,0.23844644,0.19362494,0.9809549,0.0153877735
1356624423819,-0.26256752,0.024599433,0.96459997,0.9447872,-0.19655782,0.2621871,0.19604936,0.9801835,0.028368533
1356624423859,-0.27679187,0.016605258,0.9607864,0.94161266,-0.19478548,0.2746346,0.19170767,0.98070526,0.038279355
1356624423899,-0.27900004,0.0076822042,0.9602604,0.9429859,-0.18679106,0.27547532,0.18148434,0.9823696,0.044870496
1356624423940,-0.26861817,-0.0018671751,0.963245,0.94856834,-0.17442274,0.2641872,0.16751856,0.9846691,0.048624218
1356624423992,-0.2440852,-0.011164725,0.9696895,0.95780385,-0.15926856,0.23925966,0.15176979,0.98717207,0.049568713
1356624424029,-0.20345557,-0.018956661,0.9789007,0.9700625,-0.13931745,0.1989207,0.13260701,0.9900663,0.046734035
1356624424070,-0.1365897,-0.028677046,0.99021256,0.9840558,-0.11887604,0.13229775,0.11391866,0.99249494,0.04445705
1356624424109,-0.06710684,-0.04380554,0.9967836,0.99300796,-0.10017532,0.06245026,0.09711751,0.99400496,0.05022174
1356624424149,-0.013353646,-0.07482758,0.997107,0.99628675,-0.08581978,0.0069023073,0.08505499,0.99349666,0.07569578
1356624424189,0.0022308826,-0.12966028,0.9915559,0.9967251,-0.07986337,-0.012685806,0.08083379,0.98833704,0.12905747
1356624424230,-0.02848512,-0.20210183,0.97895014,0.9959686,-0.089075506,0.010590881,0.08506009,0.9753053,0.20382443
1356624424269,-0.08411318,-0.26942906,0.95933986,0.9920244,-0.11334139,0.05514717,0.09387469,0.9563272,0.27681372
1356624424311,-0.13500237,-0.3139609,0.9397888,0.9853394,-0.142389,0.09397712,0.10431042,0.93869805,0.3285809
1356624424349,-0.16435349,-0.33199233,0.9288536,0.9796991,-0.1645273,0.11454457,0.11479384,0.9288228,0.35229328
1356624424390,-0.15605444,-0.3251827,0.932686,0.9796777,-0.17141789,0.104151785,0.12601075,0.929985,0.34532478
1356624424438,-0.108514845,-0.29527837,0.94922876,0.9844795,-0.16440767,0.061402053,0.13792977,0.94115925,0.30853617
1356624424480,-0.05954343,-0.25408605,0.96534693,0.9870509,-0.15928322,0.018957645,0.14894673,0.95397544,0.26028016
1356624424519,-0.0047287345,-0.20658937,0.9784163,0.9872246,-0.1567958,-0.02833563,0.15926537,0.9657826,0.2046915
1356624424559,0.04215598,-0.15673661,0.98674035,0.9848341,-0.15984464,-0.06746474,0.16829944,0.9746196,0.14762118
1356624424600,0.06989807,-0.10859746,0.9916253,0.9820351,-0.16716945,-0.08752957,0.17527497,0.9799291,0.0949617
1356624424640,0.06995535,-0.06584385,0.9953747,0.9812083,-0.17532992,-0.080557734,0.17982328,0.9823054,0.052341342
1356624424683,0.040933847,-0.031938404,0.99865127,0.98241985,-0.18091488,-0.046054482,0.18214178,0.98298,0.023971349
1356624424719,-0.015751064,-0.007455766,0.9998481,0.9829336,-0.18341827,0.014116883,0.1832852,0.98300666,0.010217607
1356624424762,-0.08968592,0.0042057633,0.99596125,0.9788782,-0.18409222,0.088924915,0.18372267,0.9829,0.012393534
1356624424800,-0.16278964,0.008696109,0.98662245,0.9694896,-0.18433541,0.16158748,0.1832746,0.9828249,0.02157712
1356624424839,-0.22079968,0.008633643,0.97528094,0.9584347,-0.18333864,0.2186088,0.18069404,0.9830119,0.032206297
1356624424880,-0.2598719,0.00621891,0.96562314,0.94971573,-0.17922616,0.2567451,0.17466155,0.98378825,0.04066962
1356624424919,-0.27992427,0.0019155741,0.9600202,0.9457138,-0.17145562,0.2760949,0.16512975,0.98519003,0.04618299
1356624424988,-0.28223228,-0.0041300356,0.9593372,0.94712794,-0.16028798,0.27795035,0.15262228,0.9870617,0.04915011
1356624425001,-0.26644784,-0.011333406,0.96378267,0.9540145,-0.14558119,0.26203537,0.13733885,0.9892814,0.04960203
1356624425034,-0.2292549,-0.018969327,0.97318155,0.9657799,-0.12901837,0.22499648,0.12129027,0.9914608,0.047898293
1356624425079,-0.17715871,-0.02560386,0.98384917,0.9786831,-0.110111475,0.17336294,0.10389432,0.9935894,0.04456532
1356624425121,-0.11153239,-0.03469625,0.99315494,0.98997974,-0.09097701,0.10799751,0.08660716,0.99524844,0.044495434
1356624425160,-0.04824108,-0.053323746,0.9974113,0.99622977,-0.074653864,0.04419279,0.072104156,0.99578273,0.05672413
1356624425202,-0.0191831,-0.09582701,0.99521315,0.9978094,-0.06486738,0.012987196,0.06331232,0.99328214,0.09686145
1356624425239,-0.024480164,-0.15667087,0.9873474,0.99792224,-0.06270915,0.014791727,0.059598267,0.98565805,0.15788051
1356624425282,-0.06980032,-0.2277683,0.9712103,0.9956713,-0.07580441,0.053780645,0.06137246,0.9707601,0.23207355
1356624425320,-0.1184327,-0.28204477,0.9520632,0.9907783,-0.09711981,0.094477445,0.065817356,0.9544729,0.29094607
1356624425359,-0.14693183,-0.3097038,0.9394119,0.9864458,-0.11601335,0.11604124,0.07304588,0.943729,0.32255208
1356624425400,-0.14875239,-0.31124416,0.9386159,0.9854884,-0.12514013,0.11468443,0.081763655,0.9420546,0.32534242
1356624425440,-0.1323036,-0.2941668,0.94655263,0.9871677,-0.12525254,0.09905493,0.089419395,0.94751143,0.30696324
1356624425479,-0.098748624,-0.26237795,0.9598992,0.99055827,-0.11809784,0.06962192,0.09509477,0.9577112,0.27156258
1356624425519,-0.05768299,-0.22041458,0.9736992,0.9933904,-0.109622836,0.03403446,0.09923795,0.9692266,0.22528109
1356624425560,-0.017010987,-0.17266902,0.984833,0.9945731,-0.10403377,-0.0010608137,0.10263911,0.9794704,0.17350173
1356624425600,0.010276139,-0.12538803,0.9920546,0.99431634,-0.1038574,-0.023426414,0.10596952,0.9866568,0.12360805
1356624425641,0.022069275,-0.08217752,0.99637336,0.99364436,-0.10823095,-0.030935377,0.11038059,0.9907234,0.07926664
1356624425680,0.008753598,-0.046872556,0.99886256,0.9931752,-0.11577237,-0.014136553,0.116303265,0.99216926,0.0455392
1356624425722,-0.025014818,-0.02286464,0.9994255,0.9916827,-0.12682575,0.021919638,0.12625176,0.9916614,0.025847077
1356624425760,-0.07533032,-0.007944763,0.99712694,0.9874256,-0.13996732,0.073482215,0.13898146,0.99012417,0.018388718
1356624425799,-0.12998384,-0.0013649464,0.99151516,0.9796358,-0.1545152,0.12821382,0.15302917,0.9879895,0.021421641
1356624425841,-0.18032664,3.5864115E-4,0.9836067,0.969922,-0.16616422,0.17787841,0.163504,0.98609805,0.029615968
1356624425879,-0.21943241,-3.4675002E-4,0.97562754,0.96136606,-0.17043555,0.21616426,0.16620669,0.9853687,0.037732422
1356624425919,-0.24523628,-0.0031853318,0.9694581,0.9561943,-0.16567749,0.2413367,0.15984869,0.9861748,0.04367596
1356624425991,-0.25664425,-0.008219808,0.96647096,0.9553274,-0.15380335,0.252377,0.14657196,0.98806727,0.047325373
1356624425999,-0.2521178,-0.014870793,0.9675822,0.95906556,-0.13708496,0.24779183,0.12895611,0.9904476,0.048823655
1356624426038,-0.22703469,-0.022048146,0.9736371,0.96752524,-0.119188845,0.22291046,0.11113191,0.99262685,0.048392117
