1356273242088,-0.30448204,-0.829626,0.46798646,0.010264933,-0.49414444,-0.8693192,0.9524628,-0.25988826,0.1589742
1356273242127,0.21722502,0.2136015,-0.9524639,0.2136015,0.94171304,0.25990576,0.9524639,-0.25990576,0.15893805
1356273242166,0.21700901,0.21358776,-0.95251626,0.21358776,0.9417366,0.2598316,0.95251626,-0.2598316,0.15874559
1356273242207,0.21645504,0.21350227,-0.9526616,0.21350227,0.9418244,0.25958356,0.9526616,-0.25958356,0.15827942
1356273242248,0.21549866,0.21359208,-0.9528582,0.21294868,0.94202137,0.25932345,0.9530022,-0.25879374,0.15752017
1356273242286,0.21411169,0.21348181,-0.9531956,0.21230769,0.94232714,0.25873736,0.95345783,-0.25776944,0.15643942
1356273242326,0.21225911,0.21327417,-0.9536562,0.21169992,0.9426827,0.25793895,0.9540069,-0.25663885,0.15494287
1356273242368,0.20997041,0.21294275,-0.9542368,0.21145982,0.9430024,0.25696543,0.95456654,-0.25573787,0.15297377
1356273242406,0.20732689,0.21219446,-0.95498115,0.21219446,0.94319665,0.25564346,0.95498115,-0.25564346,0.15052354
1356273242446,0.20435363,0.21181954,-0.95570505,0.21338873,0.9431896,0.2546735,0.9553559,-0.25598016,0.14754432
1356273242486,0.2011354,0.21079274,-0.9566143,0.21609329,0.9429651,0.25322032,0.9554309,-0.25764948,0.14411277
1356273242528,0.19821426,0.20941082,-0.9575271,0.21954387,0.9426033,0.25159395,0.95525473,-0.26008874,0.14086252
1356273242566,0.19664538,0.20768309,-0.9582267,0.22324583,0.94215417,0.25001365,0.95472085,-0.2630841,0.13890588
1356273242625,0.19758251,0.20570287,-0.9584609,0.22688913,0.9415906,0.24885437,0.9536679,-0.26663366,0.13937008
1356273242646,0.20164388,0.20372802,-0.9580368,0.2303369,0.9408335,0.24855013,0.95198977,-0.27078986,0.14278722
1356273242690,0.20852628,0.20206033,-0.9569161,0.23348679,0.93984854,0.24933663,0.9497372,-0.27542052,0.14880472
1356273242714,0.21590483,0.201032,-0.95549524,0.23606102,0.9387995,0.2508599,0.9474493,-0.27971706,0.15523553
1356273242753,0.22456065,0.20032465,-0.953647,0.2381666,0.93767846,0.25305274,0.94490707,-0.28395256,0.16285503
1356273242797,0.23347631,0.20016728,-0.9515366,0.23957892,0.9365715,0.25580412,0.94238573,-0.2876923,0.1707114
1356273242836,0.24208525,0.20028947,-0.94935715,0.24028875,0.93560445,0.25866148,0.94002986,-0.29073796,0.17836875
1356273242876,0.25107002,0.20029409,-0.94701964,0.24041258,0.9347981,0.26144648,0.93763834,-0.29331678,0.18654656
1356273242916,0.2617832,0.1998345,-0.94421166,0.2400741,0.9340954,0.26425412,0.9347908,-0.29585806,0.19655544
1356273242956,0.27503398,0.19867398,-0.9406833,0.23923971,0.93349856,0.26710472,0.9311932,-0.29851165,0.20921314
1356273243016,0.29049164,0.196723,-0.93643713,0.23743688,0.93321234,0.26970068,0.92695105,-0.3006905,0.22438109
1356273243038,0.30685055,0.19405162,-0.9317654,0.23395634,0.93357664,0.27147576,0.9225547,-0.3012949,0.2410689
1356273243078,0.32276565,0.19096503,-0.92701393,0.22839993,0.93477374,0.27208737,0.9185074,-0.29955038,0.25809646
1356273243118,0.33689862,0.18792768,-0.92259556,0.22128029,0.93662906,0.27158985,0.91516906,-0.29565045,0.27396435
1356273243158,0.3484375,0.18539101,-0.91881526,0.21356401,0.9387609,0.27040422,0.91267836,-0.29044485,0.28750664
1356273243188,0.3574427,0.18352981,-0.9157246,0.20657288,0.94067955,0.26916468,0.91080314,-0.28537482,0.2983268
1356273243228,0.36464596,0.18215318,-0.9131559,0.19963916,0.9425803,0.2677436,0.9094931,-0.27993327,0.30734318
1356273243258,0.3709697,0.18079947,-0.91087484,0.19339629,0.94431704,0.26620144,0.9082837,-0.27491248,0.31534708
1356273243298,0.37857178,0.17910722,-0.9080771,0.1870845,0.94604015,0.26458937,0.9064672,-0.2700532,0.32463592
1356273243338,0.38871568,0.17591763,-0.90440756,0.18150571,0.9477465,0.26235893,0.9033027,-0.26613817,0.33647388
1356273243378,0.40262076,0.17063573,-0.899322,0.17769235,0.949213,0.25965372,0.8979543,-0.2643446,0.35185218
1356273243418,0.42117584,0.16286495,-0.8922365,0.17678916,0.95013434,0.25688583,0.88958216,-0.26593184,0.37138087
1356273243448,0.441083,0.15272479,-0.88437605,0.17888983,0.9506781,0.25339606,0.87945676,-0.26997456,0.39200705
1356273243488,0.467685,0.14192882,-0.8724259,0.18450952,0.9496037,0.25339514,0.8644229,-0.27947998,0.41792816
1356273243518,0.4934699,0.1288378,-0.8601676,0.19261006,0.94822574,0.2525259,0.8481679,-0.29029086,0.4431054
1356273243558,0.5184149,0.116186075,-0.84719926,0.20168504,0.94616425,0.25317258,0.8310048,-0.30211586,0.4670727
1356273243598,0.5337628,0.10278861,-0.83936393,0.21120591,0.9449233,0.2500241,0.8188342,-0.31073222,0.4826553
1356273243638,0.5324825,0.08981651,-0.8416623,0.22111598,0.94506687,0.24074145,0.8170496,-0.3142956,0.48337168
1356273243667,0.5188439,0.07780214,-0.8513213,0.23117973,0.94597536,0.22734673,0.82301706,-0.3147657,0.47282726
1356273243708,0.48047632,0.06766587,-0.8743934,0.24174032,0.94817644,0.20621115,0.84303266,-0.31045574,0.43921876
1356273243748,0.42192447,0.059112996,-0.9047018,0.25003263,0.95158815,0.17878388,0.871472,-0.30163828,0.38671815
1356273243788,0.3512123,0.052886263,-0.934801,0.25313658,0.95585895,0.14918306,0.9014276,-0.28902727,0.32232195
1356273243826,0.27819902,0.04995338,-0.9592236,0.2506626,0.96026635,0.12270613,0.9272398,-0.2745782,0.2546237
1356273243866,0.21199778,0.050946824,-0.9759413,0.24458584,0.9640924,0.10345819,0.9461684,-0.26063433,0.19192457
1356273243906,0.15928975,0.05591532,-0.98564714,0.23770848,0.96684873,0.09326479,0.95818657,-0.24915281,0.14071757
1356273243946,0.12446475,0.06446078,-0.990128,0.23321497,0.96803117,0.09233868,0.96442693,-0.2424056,0.10545254
1356273244017,0.11084908,0.076446585,-0.99089277,0.2348586,0.9667827,0.10085965,0.96568835,-0.24389988,0.089212835
1356273244029,0.119393915,0.09205217,-0.9885704,0.24554747,0.9620235,0.119236015,0.9620039,-0.256977,0.092256606
1356273244068,0.14624995,0.111058906,-0.9829939,0.26424718,0.95318556,0.14700589,0.95330185,-0.28125295,0.11005634
1356273244108,0.1867727,0.13246968,-0.9734309,0.2876391,0.94006974,0.18311918,0.9393506,-0.31419846,0.13747591
1356273244148,0.23177487,0.15500297,-0.96034086,0.30782574,0.924805,0.22356002,0.9227805,-0.3474332,0.16663265
1356273244188,0.27131668,0.17597982,-0.94626546,0.31750962,0.91174376,0.26059723,0.90861154,-0.37115276,0.19149601
1356273244228,0.29764658,0.1923735,-0.9350931,0.31398135,0.90527135,0.28618085,0.90156657,-0.37878257,0.20904922
1356273244267,0.3075706,0.2014101,-0.92996466,0.30052686,0.9067522,0.2957771,0.90282,-0.37045172,0.2183612
1356273244308,0.3025387,0.20102486,-0.931697,0.28337872,0.91433257,0.2892964,0.9100367,-0.35154647,0.2196548
1356273244348,0.28588873,0.19014907,-0.9392076,0.2672014,0.92542297,0.26869264,0.92025596,-0.32777378,0.2137599
1356273244388,0.26066333,0.16893215,-0.9505349,0.25279373,0.93827665,0.23607673,0.9317457,-0.3018258,0.20186931
1356273244428,0.2301651,0.13899267,-0.9631744,0.23774162,0.95172673,0.19415261,0.9436646,-0.27367383,0.18600994
1356273244466,0.20065224,0.102909595,-0.97424245,0.21989435,0.9643609,0.14715463,0.95466495,-0.24375731,0.17087191
1356273244508,0.18276519,0.06344709,-0.9811072,0.2018238,0.9742417,0.10059977,0.9622182,-0.21639693,0.16525233
1356273244548,0.18893069,0.02287335,-0.9817239,0.19160077,0.9796557,0.059698306,0.9631169,-0.1993779,0.18070447
1356273244588,0.2240324,-0.018960685,-0.9743973,0.19744498,0.9799604,0.026327409,0.9543716,-0.19828802,0.22328657
1356273244628,0.27801448,-0.061825626,-0.9585852,0.2188789,0.9757519,5.4771453E-4,0.93530744,-0.20996636,0.28480548
1356273244658,0.32550293,-0.103392445,-0.9398712,0.24403846,0.9695129,-0.02213607,0.9135059,-0.22215936,0.340811
1356273244698,0.35568208,-0.13886018,-0.9242338,0.26573282,0.96311224,-0.04243681,0.89603364,-0.23050526,0.37946147
1356273244728,0.3660712,-0.16859922,-0.91518635,0.2814571,0.95745033,-0.06380344,0.88700265,-0.23422912,0.39794844
1356273244768,0.34758997,-0.18912277,-0.9183756,0.28645784,0.95403856,-0.08804734,0.8928175,-0.23247151,0.38578993
1356273244807,0.30985498,-0.19983448,-0.9295462,0.28225297,0.9529231,-0.11077385,0.90792245,-0.22804336,0.35167187
1356273244848,0.26342806,-0.20048624,-0.94361585,0.2712409,0.95409733,-0.12699118,0.9257613,-0.22249418,0.3057161
1356273244888,0.21644998,-0.19156596,-0.957315,0.2562509,0.95732886,-0.13363013,0.9420642,-0.21638855,0.25630277
1356273244928,0.17463174,-0.17436245,-0.9690725,0.2410976,0.9618074,-0.12960829,0.95466,-0.21100734,0.21000046
1356273244968,0.1423487,-0.15093434,-0.978241,0.23077777,0.96612895,-0.115483925,0.96253747,-0.20931731,0.17235953
1356273245031,0.122564435,-0.12384251,-0.98470354,0.23069996,0.968561,-0.09309746,0.9652748,-0.2157606,0.14728159
1356273245047,0.11684954,-0.09520004,-0.98857635,0.24484739,0.96743226,-0.06422293,0.9624947,-0.23454589,0.1363535
1356273245084,0.12514868,-0.066669926,-0.9898954,0.2726251,0.96164316,-0.030300178,0.9539462,-0.26607832,0.1385243
1356273245114,0.14190742,-0.03843294,-0.98913354,0.30254614,0.9531134,0.006371841,0.9425116,-0.3001628,0.14688158
1356273245155,0.16863629,-0.015249103,-0.9855604,0.3353346,0.94112563,0.04281652,0.9268832,-0.3377129,0.16382146
1356273245196,0.19937512,0.0073331,-0.9798958,0.35826316,0.93019927,0.07985544,0.9120839,-0.36698174,0.1828314
1356273245236,0.22677928,0.028834134,-0.9735193,0.36440963,0.92444646,0.11226916,0.9032037,-0.38022012,0.19913787
1356273245276,0.24519813,0.048680425,-0.96825,0.35427874,0.92516357,0.13623118,0.9024214,-0.37643403,0.20960194
1356273245316,0.25192258,0.0658565,-0.965504,0.33394533,0.9304836,0.15060192,0.9083037,-0.36036557,0.21241736
1356273245356,0.24696437,0.079252675,-0.96577823,0.30979466,0.937888,0.15618324,0.91816986,-0.33776465,0.20707285
1356273245396,0.23172957,0.08807905,-0.9687846,0.28515732,0.94599307,0.15421547,0.9300467,-0.3119923,0.19409817
1356273245436,0.20886168,0.09174074,-0.9736326,0.26021343,0.95448613,0.14575712,0.94269073,-0.28379536,0.1754834
1356273245476,0.1842627,0.08888932,-0.97884923,0.2342802,0.96322453,0.13157234,0.954547,-0.2535689,0.15666133
1356273245535,0.16923305,0.076338135,-0.98261523,0.20969829,0.97137856,0.11158092,0.96300924,-0.22493593,0.14838141
1356273245556,0.17778254,0.050201386,-0.9827885,0.19321096,0.97747874,0.08488126,0.96491605,-0.20497592,0.16407919
1356273245597,0.215422,0.008758768,-0.97648174,0.19251871,0.9799535,0.05126153,0.9573557,-0.19903387,0.20941734
1356273245634,0.2685631,-0.042382255,-0.9623292,0.20804621,0.97800416,0.014988124,0.9405268,-0.20423421,0.2714733
1356273245677,0.3131984,-0.092275165,-0.9451942,0.23103002,0.97277236,-0.01841367,0.9211579,-0.2126011,0.32598907
1356273245718,0.33146787,-0.13193673,-0.9341958,0.25020006,0.96701366,-0.04779654,0.90968627,-0.21789283,0.35354453
1356273245757,0.32010293,-0.15775557,-0.93415594,0.25921482,0.9629958,-0.07380196,0.9112309,-0.21852282,0.34915036
1356273245796,0.2865977,-0.17064899,-0.94273037,0.25714767,0.9616029,-0.095890224,0.92289585,-0.21493903,0.31947517
1356273245836,0.24212205,-0.17311577,-0.9546768,0.24597488,0.96276057,-0.11219828,0.9385485,-0.20766084,0.2756877
1356273245877,0.19650182,-0.16772781,-0.9660509,0.22972058,0.9657129,-0.12094228,0.9532133,-0.1981564,0.22829485
1356273245917,0.15675807,-0.15688077,-0.97509766,0.21430752,0.96918297,-0.121476784,0.9641055,-0.18992828,0.18554795
1356273245957,0.1274319,-0.14295414,-0.98149127,0.20630294,0.97173655,-0.114748016,0.9701547,-0.187862,0.1533221
1356273246013,0.11107263,-0.12806682,-0.9855261,0.2118213,0.9719262,-0.102426454,0.9709761,-0.19737865,0.13508165
1356273246038,0.1087808,-0.11399105,-0.98750836,0.23568612,0.968036,-0.08578087,0.9657219,-0.22341073,0.13216984
1356273246078,0.11958,-0.10123141,-0.98765016,0.27599114,0.9589682,-0.06487591,0.95369256,-0.26482487,0.1426124
1356273246118,0.13988736,-0.08947575,-0.9861164,0.32315344,0.94550306,-0.039949134,0.9359505,-0.31307852,0.16117835
1356273246158,0.16456988,-0.07772446,-0.98329836,0.36410776,0.9312706,-0.012672991,0.91670185,-0.35594097,0.18155915
1356273246198,0.18826202,-0.06470774,-0.9799848,0.3876137,0.92172146,0.013602689,0.9023929,-0.38241643,0.19860673
1356273246238,0.20665857,-0.050108507,-0.9771291,0.3905241,0.919911,0.035419866,0.897097,-0.38891232,0.20967609
1356273246278,0.21700889,-0.033941418,-0.9755794,0.3770196,0.9247617,0.05169122,0.900424,-0.37903,0.21347809
1356273246318,0.21851945,-0.016690463,-0.9756899,0.35380507,0.93317634,0.063276365,0.90943456,-0.35903114,0.20982236
1356273246358,0.21163642,9.886324E-4,-0.97734797,0.32529247,0.94291455,0.07139313,0.9216262,-0.33303332,0.19923347
1356273246397,0.1979304,0.018085286,-0.9800492,0.29281366,0.9530863,0.076724276,0.9354591,-0.30215788,0.18334913
1356273246437,0.18155912,0.032163948,-0.98285383,0.25666305,0.9632721,0.078935586,0.9492946,-0.26659375,0.16663551
1356273246476,0.17129505,0.038096987,-0.98448294,0.21964017,0.9726275,0.075854495,0.9604251,-0.2292255,0.15823865
1356273246516,0.17932409,0.028769583,-0.98336935,0.18891,0.9799638,0.06311897,0.96548223,-0.19708705,0.17029625
1356273246556,0.21279281,1.14269555E-4,-0.9770973,0.17267337,0.9842566,0.03772001,0.9617188,-0.17674525,0.209423
1356273246596,0.26348993,-0.042356573,-0.9637318,0.17381665,0.98476887,0.0042413324,0.94887346,-0.16863018,0.26683897
1356273246636,0.3104095,-0.08439171,-0.94684947,0.18662679,0.9820775,-0.026348934,0.93210316,-0.16852853,0.32059592
1356273246676,0.33520302,-0.1127058,-0.93538034,0.20093921,0.97852796,-0.045896128,0.92046857,-0.17257006,0.35065252
1356273246716,0.3320958,-0.12217352,-0.93529993,0.20959175,0.97634524,-0.053115584,0.9196649,-0.1783917,0.34984672
1356273246756,0.3063044,-0.11515234,-0.94494325,0.21056318,0.9762639,-0.05071482,0.92835385,-0.18343605,0.32328075
1356273246796,0.26759213,-0.09698857,-0.9586384,0.20466872,0.97793794,-0.0418104,0.94154406,-0.18501517,0.28153902
1356273246836,0.22514954,-0.07271625,-0.9716069,0.19426237,0.98053926,-0.028368518,0.9547617,-0.1823595,0.23489398
1356273246876,0.18610555,-0.046263583,-0.98143995,0.18360788,0.9829321,-0.011517279,0.96522164,-0.17805669,0.19142348
1356273246916,0.15574464,-0.020589106,-0.98758274,0.1781427,0.9839754,0.0075797066,0.9716012,-0.17711115,0.15691668
1356273246956,0.13772425,0.002386205,-0.99046767,0.1830213,0.98271537,0.027816586,0.9734142,-0.18510771,0.134907
1356273247015,0.13422298,0.021723531,-0.990713,0.2017313,0.9782254,0.04878051,0.9702003,-0.20640528,0.12691802
1356273247038,0.14621851,0.03717926,-0.9885534,0.23442233,0.9695286,0.0711375,0.96107554,-0.2421406,0.1330474
1356273247078,0.1717178,0.049881212,-0.9838825,0.2758552,0.9563297,0.096629545,0.9457361,-0.28800213,0.15045881
1356273247118,0.2039899,0.062349945,-0.9769855,0.31609082,0.94032353,0.12600851,0.9265391,-0.3345206,0.17210823
1356273247157,0.23575056,0.07590595,-0.9688446,0.34607068,0.9250327,0.15668336,0.908106,-0.37222692,0.19180816
1356273247196,0.26098168,0.090968534,-0.96104807,0.3589911,0.9150046,0.1840977,0.8961105,-0.39305383,0.20614254
1356273247237,0.2753954,0.10661784,-0.95540047,0.35390663,0.91278934,0.2038767,0.89381623,-0.39426926,0.21364522
1356273247277,0.27742237,0.1207181,-0.95313376,0.33634856,0.9170886,0.2140516,0.89994806,-0.37996787,0.21381754
1356273247316,0.26768416,0.13070688,-0.95459986,0.31259626,0.92538214,0.21436301,0.9113884,-0.35578594,0.20685166
1356273247356,0.24776897,0.1344074,-0.9594504,0.28587553,0.93609124,0.20495966,0.9256812,-0.32506606,0.19351059
1356273247396,0.22091907,0.13004512,-0.96658313,0.25621042,0.9485228,0.18617386,0.9410372,-0.28877804,0.17622787
1356273247436,0.19478732,0.11575579,-0.97399104,0.22333196,0.9616939,0.15895823,0.9550816,-0.24848637,0.16147381
1356273247476,0.182751,0.08951396,-0.9790758,0.19094467,0.973653,0.12465927,0.9644388,-0.2097309,0.16084385
1356273247517,0.19831997,0.050659023,-0.9788273,0.16770265,0.98218274,0.08481088,0.96568376,-0.18097162,0.1862908
1356273247556,0.24147436,0.002490893,-0.970404,0.16156581,0.98593616,0.04273464,0.9568629,-0.16710344,0.23767585
1356273247596,0.2932359,-0.047104966,-0.9548789,0.1719879,0.98509,0.0042208433,0.9404429,-0.16546534,0.29696524
1356273247636,0.32974595,-0.09034659,-0.9397367,0.19057478,0.98128825,-0.027470246,0.92463446,-0.17003192,0.3407936
1356273247676,0.3383881,-0.1236359,-0.9328492,0.20904242,0.97643745,-0.053583425,0.91749376,-0.17687304,0.35625994
1356273247716,0.31996483,-0.14696434,-0.93596154,0.22312075,0.97179884,-0.07631616,0.92078215,-0.18441395,0.34373224
1356273247756,0.2827461,-0.16130213,-0.9455349,0.23146133,0.9681021,-0.095937386,0.93084925,-0.19172885,0.31106228
1356273247796,0.23709762,-0.16756408,-0.9569258,0.23420186,0.9658197,-0.11109324,0.9428331,-0.19777386,0.26823735
1356273247836,0.19265068,-0.16668132,-0.9670073,0.23272035,0.9651131,-0.11999144,0.95327175,-0.20192583,0.22471982
1356273247876,0.15714812,-0.15977697,-0.97456443,0.23022573,0.9655631,-0.121177435,0.9603648,-0.205327,0.1885212
1356273247916,0.13535848,-0.14787695,-0.9796991,0.23225275,0.96598494,-0.11371811,0.96319085,-0.21214513,0.16509908
1356273247956,0.12888509,-0.1315775,-0.98289174,0.24511383,0.9646304,-0.0969915,0.96088916,-0.22841957,0.15657794
1356273248013,0.13693899,-0.1110813,-0.9843316,0.27149677,0.95985025,-0.070548296,0.95264757,-0.25758204,0.16159916
1356273248038,0.15718365,-0.08672206,-0.98375434,0.30737638,0.95095444,-0.0347182,0.93851644,-0.29692572,0.17613077
1356273248078,0.18465024,-0.05898401,-0.98103267,0.34099385,0.9400343,0.007662922,0.9217524,-0.33594108,0.19369072
1356273248118,0.21245596,-0.02980046,-0.97671616,0.3605737,0.93138885,0.050014764,0.90821207,-0.36280409,0.20862436
1356273248158,0.23358351,-0.0020256042,-0.9723347,0.36122793,0.9286097,0.0848431,0.9027476,-0.37105238,0.21763963
1356273248198,0.24326268,0.020909011,-0.969735,0.3456518,0.9322642,0.10680948,0.90628254,-0.36117345,0.21955782
1356273248238,0.24086595,0.035781592,-0.9698986,0.32097366,0.940154,0.11439528,0.9159473,-0.33886582,0.21496612
1356273248277,0.22813982,0.040437937,-0.97278816,0.29273534,0.95005816,0.10814578,0.92857856,-0.30944186,0.20490849
1356273248318,0.20759785,0.034118094,-0.9776191,0.2635181,0.9604956,0.08947869,0.9420517,-0.27619588,0.19040608
1356273248356,0.18357706,0.017521568,-0.9828491,0.23395264,0.97033274,0.060996234,0.9547595,-0.24113765,0.17403162
1356273248396,0.16424966,-0.007304013,-0.9863918,0.20526737,0.9783352,0.026935875,0.96482503,-0.20689824,0.1621905
1356273248436,0.1619533,-0.038513266,-0.9860466,0.18333986,0.9830147,-0.008282162,0.9696173,-0.17944032,0.16626346
1356273248476,0.1861918,-0.07409562,-0.97971547,0.176407,0.9834691,-0.040853947,0.966547,-0.165222,0.19618487
1356273248535,0.23384076,-0.111320004,-0.9658811,0.1875953,0.9799229,-0.06752135,0.9540055,-0.16540551,0.25002903
1356273248556,0.28525123,-0.14704724,-0.9471055,0.210371,0.9736699,-0.08781164,0.93508065,-0.17419514,0.308675
1356273248597,0.31812954,-0.17832872,-0.9311243,0.23465309,0.96640116,-0.10491295,0.9185486,-0.1851153,0.34928614
1356273248634,0.32126862,-0.2036523,-0.924831,0.25333154,0.95949185,-0.123282254,0.91247445,-0.19468212,0.35984617
1356273248677,0.29623598,-0.22199932,-0.9289567,0.2630827,0.95395434,-0.14407846,0.91816753,-0.20171124,0.34099978
1356273248716,0.25315323,-0.23252863,-0.93906546,0.2627896,0.9507146,-0.16457033,0.93105054,-0.20511511,0.30178255
1356273248756,0.20380425,-0.23475361,-0.9504497,0.25336665,0.9503983,-0.18041167,0.9456581,-0.20404357,0.25317395
1356273248796,0.15807047,-0.22891048,-0.9605279,0.23841271,0.95282495,-0.18784006,0.95821357,-0.19931008,0.20518863
1356273248836,0.12305915,-0.21585327,-0.9686402,0.22425407,0.9568604,-0.18473831,0.9667299,-0.19448778,0.16615641
1356273248876,0.10264236,-0.19667073,-0.9750822,0.21868299,0.960739,-0.17075802,0.97038263,-0.19570686,0.14162105
1356273248917,0.09823531,-0.17232077,-0.98013026,0.22861706,0.9624606,-0.14630063,0.9685474,-0.20970263,0.13394308
1356273248957,0.10991457,-0.14338166,-0.9835448,0.25621188,0.9601864,-0.11134387,0.9603511,-0.23975757,0.14227456
1356273249011,0.14085287,-0.110326454,-0.9838641,0.3039871,0.95058584,-0.06307508,0.9422061,-0.29019767,0.16743058
1356273249048,0.17791918,-0.06920695,-0.9816085,0.3416054,0.93983346,-0.0043447614,0.9228492,-0.33454973,0.19085586
1356273249088,0.20969436,-0.030142158,-0.9773022,0.36084804,0.93135226,0.048700213,0.9087447,-0.36286977,0.20617604
1356273249128,0.22908422,0.0039499253,-0.9733986,0.36029148,0.9286264,0.088560954,0.90427345,-0.3709951,0.2113105
1356273249167,0.23397595,0.029835075,-0.9717845,0.34502208,0.9319264,0.11168212,0.9089637,-0.36141804,0.20775461
1356273249208,0.22559652,0.045331985,-0.97316563,0.32084903,0.9397317,0.1181529,0.91987073,-0.33889413,0.19745547
1356273249247,0.20707494,0.049419455,-0.9770761,0.2929028,0.94978034,0.11011472,0.93344945,-0.30899033,0.18220061
1356273249287,0.1817807,0.043061897,-0.9823957,0.2627523,0.96058846,0.0907252,0.9475848,-0.2746188,0.16330183
1356273249327,0.15524957,0.028269462,-0.9874708,0.23034966,0.9710002,0.06401339,0.96064395,-0.2374016,0.14423549
1356273249366,0.13742706,0.007411219,-0.9904842,0.19789651,0.9796054,0.034787446,0.97054154,-0.20079409,0.13315761
1356273249406,0.14146784,-0.01793003,-0.9897804,0.17248638,0.98498833,0.006809987,0.9748001,-0.17168704,0.14243686
1356273249446,0.17489359,-0.048084546,-0.9834125,0.16364338,0.98633415,-0.019124486,0.9708929,-0.15758419,0.18037224
1356273249486,0.22759038,-0.08258866,-0.9702483,0.17412095,0.98378944,-0.042897873,0.95806295,-0.1591774,0.23828143
1356273249527,0.27729237,-0.11812039,-0.953497,0.19693701,0.97832996,-0.06392425,0.9403854,-0.17005314,0.2945457
1356273249567,0.30539292,-0.15043375,-0.9402685,0.22127229,0.97162366,-0.083582535,0.9261608,-0.18252985,0.3300138
1356273249606,0.30690232,-0.17615889,-0.93529624,0.24002407,0.96528226,-0.10304661,0.9209774,-0.19286837,0.33852977
1356273249646,0.28676832,-0.19337012,-0.9382813,0.2508287,0.9604056,-0.12126854,0.92458034,-0.20057195,0.32391667
1356273249686,0.25324988,-0.20107031,-0.9462744,0.25424266,0.95761037,-0.1354365,0.93339443,-0.20628405,0.29363537
1356273249726,0.21431488,-0.19904204,-0.9562695,0.25243303,0.95704466,-0.1426292,0.9435818,-0.21082646,0.2553537
1356273249766,0.17706308,-0.18799894,-0.9660771,0.24854071,0.9583135,-0.14093548,0.9523004,-0.21515504,0.21640736
1356273249806,0.14756346,-0.16958542,-0.9744054,0.24637793,0.9604367,-0.12984297,0.9578742,-0.22091189,0.18350744
1356273249846,0.13025758,-0.1458911,-0.98068786,0.2505343,0.9618594,-0.10981347,0.9593047,-0.23139192,0.1618402
1356273249886,0.12712783,-0.1187851,-0.98474795,0.2651205,0.96075076,-0.081664234,0.95579785,-0.25069508,0.1536305
1356273249926,0.13807797,-0.08986321,-0.9863362,0.29156688,0.9554326,-0.04623097,0.9465322,-0.28119949,0.15812534
1356273249966,0.16002741,-0.05941856,-0.9853227,0.32353047,0.94620705,-0.004514739,0.9325875,-0.31805938,0.1706428
1356273250013,0.1876579,-0.02829437,-0.98182684,0.34980196,0.93597424,0.03988515,0.9178361,-0.35092968,0.18554038
1356273250048,0.21452165,0.00267604,-0.9767155,0.3601863,0.92929983,0.081655905,0.90788,-0.36931652,0.19839108
1356273250088,0.23429757,0.032496363,-0.97162163,0.35174507,0.92889476,0.1158874,0.9063002,-0.36891526,0.20620733
1356273250126,0.2432766,0.059485674,-0.9681311,0.32999903,0.93349975,0.1402815,0.9120949,-0.35360953,0.20746845
1356273250167,0.24104413,0.08157782,-0.9670795,0.30220068,0.9406128,0.1546686,0.9222648,-0.32953405,0.20207632
1356273250206,0.22902563,0.09708644,-0.9685667,0.27304476,0.9486606,0.1596548,0.9343414,-0.30102712,0.19075865
1356273250246,0.20974123,0.104799844,-0.9721243,0.2444627,0.9570411,0.15591797,0.946703,-0.27035055,0.17511135
1356273250286,0.18721965,0.10429259,-0.97676605,0.21631889,0.96556145,0.14455873,0.9582041,-0.23835719,0.15821165
1356273250326,0.16940671,0.09471197,-0.9809846,0.18992725,0.9735762,0.12679529,0.9670723,-0.20779568,0.14694196
1356273250366,0.16826767,0.07457428,-0.9829164,0.17096366,0.9798148,0.10360661,0.9708025,-0.18547663,0.15212166
1356273250406,0.19291726,0.042810667,-0.9802807,0.16764534,0.9829198,0.07591818,0.9667875,-0.1789854,0.18244517
1356273250446,0.24097481,0.0010759756,-0.97053075,0.18429092,0.98175466,0.04684633,0.95287347,-0.1901488,0.23637986
1356273250486,0.29159975,-0.04446145,-0.95550656,0.21335265,0.97677743,0.019659355,0.93244314,-0.20959252,0.29431403
1356273250526,0.32353178,-0.085680194,-0.9423301,0.2421402,0.970228,-0.0050823614,0.9147105,-0.22653171,0.33464622
1356273250566,0.3278318,-0.11790677,-0.9373496,0.2626493,0.9644417,-0.029454753,0.907492,-0.23653801,0.34714282
1356273250606,0.30748862,-0.14007409,-0.9411854,0.2730899,0.960487,-0.053727247,0.9115222,-0.24050772,0.33359164
1356273250646,0.27144927,-0.15305322,-0.9502052,0.27435547,0.95861787,-0.076031975,0.92252064,-0.24005517,0.3022071
1356273250686,0.22965258,-0.158393,-0.9602975,0.26794153,0.9588313,-0.09407365,0.935664,-0.23569933,0.26263815
1356273250726,0.18920162,-0.15751183,-0.9692228,0.25587472,0.9608584,-0.1062033,0.94801414,-0.22790577,0.22209924
1356273250766,0.1559951,-0.15203781,-0.97598666,0.2427846,0.96367246,-0.111314476,0.9574556,-0.21959004,0.1872406
1356273250806,0.13349614,-0.14363189,-0.9805858,0.23523013,0.9657591,-0.10943609,0.96272814,-0.21605405,0.16271168
1356273250846,0.12306553,-0.1335004,-0.9833781,0.23988295,0.9655277,-0.101056755,0.96296996,-0.22345904,0.15084767
1356273250886,0.12445462,-0.12241141,-0.9846454,0.26008028,0.96168816,-0.08668441,0.95753294,-0.24529856,0.15152335
1356273250926,0.1360721,-0.11077079,-0.9844868,0.29267287,0.9538713,-0.06687388,0.94648135,-0.2790329,0.16221488
1356273250966,0.15444368,-0.0985321,-0.9830761,0.32825202,0.9436106,-0.04300733,0.9318787,-0.31605452,0.17807806
1356273251012,0.17467767,-0.08549759,-0.98090667,0.35534638,0.9345579,-0.018178463,0.91826826,-0.34538627,0.19362766
1356273251047,0.19202635,-0.07191624,-0.9787512,0.3662547,0.93050814,0.0034859627,0.91048515,-0.35914165,0.20502174
1356273251088,0.20259473,-0.05839403,-0.9775201,0.3599568,0.9327779,0.018881127,0.91070664,-0.35569018,0.20999521
1356273251128,0.20448565,-0.04602453,-0.977787,0.34168497,0.93941975,0.027238369,0.9172988,-0.33966497,0.20782375
1356273251168,0.19770479,-0.035924047,-0.9796032,0.31715834,0.9479215,0.02924712,0.92753625,-0.31647158,0.19880223
1356273251208,0.18336111,-0.028718174,-0.982626,0.2897323,0.9567517,0.026102975,0.9393795,-0.2894848,0.18375164
1356273251248,0.16376162,-0.024606936,-0.986193,0.26018712,0.9653689,0.019117847,0.9515696,-0.2597255,0.16449279
1356273251286,0.14441025,-0.024556391,-0.9892131,0.22947392,0.97327,0.009339109,0.96254206,-0.2283473,0.14618522
1356273251326,0.13536024,-0.03136193,-0.99029994,0.20216566,0.9793455,-0.0033817813,0.96995187,-0.19974688,0.13890475
1356273251366,0.14801633,-0.049096502,-0.9877655,0.1872296,0.98209685,-0.020758443,0.9711005,-0.18186635,0.15455872
1356273251407,0.18558282,-0.07926902,-0.9794261,0.19245401,0.98036873,-0.042878903,0.9635977,-0.1805369,0.19719523
1356273251446,0.23403499,-0.115920484,-0.9652928,0.21501216,0.9744531,-0.064890884,0.9481548,-0.19236293,0.2529804
1356273251486,0.27162594,-0.1482349,-0.9509184,0.24207777,0.9668223,-0.081565574,0.93145996,-0.20804088,0.2984984
1356273251527,0.28480935,-0.16802329,-0.9437434,0.26147988,0.9608001,-0.092148855,0.922232,-0.2205251,0.31757957
1356273251573,0.26486355,-0.16906324,-0.94934976,0.26592234,0.9591406,-0.09661591,0.92689407,-0.22686327,0.29899907
1356273251604,0.24103612,-0.1614703,-0.9569895,0.2638479,0.95982563,-0.0954937,0.93396246,-0.22948223,0.27395624
1356273251647,0.20906475,-0.1460101,-0.96694,0.2543947,0.9628669,-0.09039167,0.94423264,-0.22708672,0.2384457
1356273251686,0.17697826,-0.1220117,-0.97662264,0.24072555,0.9675141,-0.07725078,0.9543217,-0.22142631,0.20060027
1356273251726,0.15004167,-0.09231214,-0.9843607,0.22724925,0.9721943,-0.056532614,0.9622085,-0.21521297,0.16684753
1356273251766,0.13248786,-0.059418246,-0.9894021,0.21867432,0.9753581,-0.0292928,0.9667619,-0.21247587,0.14221638
1356273251806,0.12739503,-0.025090672,-0.9915347,0.21996498,0.97550124,0.0035767555,0.96715355,-0.21855856,0.12979311
1356273251847,0.13649473,0.009659611,-0.9905937,0.2344585,0.97122806,0.041776992,0.9624959,-0.23795545,0.13030273
1356273251886,0.15959752,0.04468155,-0.98617053,0.26049268,0.96166223,0.08572814,0.9521934,-0.2705722,0.14183968
1356273251926,0.1931667,0.080669604,-0.97784406,0.29005128,0.9473766,0.13545385,0.9373136,-0.3097901,0.1596033
1356273251966,0.23040712,0.11849568,-0.9658527,0.31146303,0.9313615,0.18856457,0.921902,-0.344274,0.17768532
1356273252012,0.2636544,0.15787858,-0.95160955,0.31603074,0.91793036,0.23985095,0.91137856,-0.3639756,0.19212192
1356273252048,0.28643036,0.19780049,-0.9374607,0.30294332,0.90956014,0.2844744,0.9089461,-0.36547956,0.2006033
1356273252088,0.2954267,0.23554376,-0.9258737,0.27883527,0.9056765,0.31937596,0.91376907,-0.3525184,0.20188308
1356273252128,0.29071283,0.2677089,-0.9185956,0.25206167,0.90471905,0.3434361,0.92301184,-0.33138403,0.19553429
1356273252168,0.27425045,0.29093638,-0.9165931,0.22809693,0.9062583,0.3559041,0.93421555,-0.30667895,0.18218005
1356273252206,0.2478967,0.30318394,-0.9201232,0.20742016,0.9111347,0.35610464,0.94632137,-0.27912924,0.16298085
1356273252247,0.21634951,0.30246517,-0.9282821,0.18785203,0.9201387,0.34359336,0.9580733,-0.24871592,0.14225286
1356273252286,0.19055358,0.28749424,-0.9386354,0.16759495,0.9325906,0.31966648,0.96726483,-0.21822414,0.1295259
1356273252326,0.18605119,0.25935727,-0.94769126,0.1484676,0.9460358,0.28805146,0.9712581,-0.19429377,0.13750494
1356273252366,0.21239144,0.22132275,-0.9517909,0.13637397,0.95776826,0.2531444,0.9676218,-0.18356521,0.17323911
1356273252406,0.26049778,0.17856914,-0.9488172,0.13560808,0.96623755,0.21907891,0.9559035,-0.18573685,0.22748733
1356273252446,0.3066687,0.1367942,-0.94193506,0.14432292,0.9714931,0.18807447,0.9408109,-0.19361937,0.278184
1356273252487,0.33033466,0.099899404,-0.9385623,0.15776071,0.97455084,0.15925516,0.9305861,-0.20067577,0.30616772
1356273252526,0.3253718,0.06927319,-0.94304526,0.17257388,0.97621274,0.13125142,0.929705,-0.2054505,0.30567735
1356273252566,0.2973864,0.0450942,-0.95369166,0.18606037,0.9769958,0.10421467,0.9364522,-0.20843625,0.28215504
1356273252606,0.2565953,0.027617656,-0.96612424,0.1952033,0.97751194,0.0797877,0.94660157,-0.2090638,0.24543393
1356273252647,0.21274883,0.017332524,-0.97695315,0.19840153,0.978248,0.060560934,0.9567522,-0.20671326,0.20468229
1356273252686,0.1737346,0.014518917,-0.9846854,0.19726619,0.9791125,0.04924173,0.9648328,-0.20280015,0.16724163
1356273252726,0.14533454,0.019032933,-0.98919946,0.19618753,0.9794071,0.047668636,0.96973616,-0.20099649,0.13860768
1356273252766,0.13140473,0.030534856,-0.99085844,0.20077473,0.97799146,0.056764506,0.9707844,-0.20639846,0.122382045
1356273252806,0.13401711,0.048571452,-0.98978794,0.2159066,0.9733732,0.076999635,0.967173,-0.22402102,0.11996174
1356273252846,0.15314114,0.072614,-0.98553294,0.24258529,0.9640184,0.10872395,0.95796674,-0.25572586,0.13001579
1356273252886,0.18556842,0.101695955,-0.9773547,0.2751027,0.94947827,0.15102854,0.94333595,-0.29689905,0.14821637
1356273252926,0.22426933,0.13400358,-0.96527004,0.3023293,0.93206346,0.1996364,0.9264449,-0.33660173,0.16852003
1356273252966,0.25987467,0.16679019,-0.95112884,0.31435958,0.916703,0.24664493,0.91304064,-0.36309323,0.18579578
1356273253013,0.2841441,0.19677003,-0.9383729,0.30915686,0.90763474,0.28393874,0.90757054,-0.37078395,0.19706625
1356273253048,0.29296228,0.22066799,-0.9303111,0.2922003,0.9057877,0.30686727,0.9103801,-0.3617377,0.20088238
1356273253088,0.28632525,0.23573363,-0.92868054,0.27081084,0.90982807,0.31444296,0.9190644,-0.3415297,0.19666755
1356273253128,0.2669297,0.23982131,-0.9333993,0.25004593,0.9181382,0.30740732,0.93071246,-0.31544882,0.185112
1356273253168,0.23788536,0.23240341,-0.94307965,0.23022793,0.9297904,0.28720197,0.9436131,-0.2854444,0.16767776
1356273253207,0.20452872,0.21399547,-0.9551827,0.20921434,0.9437052,0.25622216,0.95624125,-0.2522427,0.1482439
1356273253248,0.17705023,0.18654427,-0.9663614,0.18516791,0.9580256,0.21886033,0.96662605,-0.21768838,0.13507664
1356273253288,0.16983914,0.15201497,-0.97367656,0.16116568,0.9704439,0.17962252,0.97220385,-0.18743019,0.14031976
1356273253328,0.19358253,0.11321994,-0.97452915,0.14417866,0.9792509,0.14240846,0.97043204,-0.1680741,0.17324197
1356273253368,0.24342218,0.07223036,-0.9672272,0.14040655,0.9840949,0.10882615,0.9597039,-0.16229574,0.22940892
1356273253407,0.29731607,0.03202915,-0.9542417,0.14943933,0.9855583,0.079641566,0.9430117,-0.16627997,0.2882359
1356273253448,0.33221638,-0.0036119372,-0.9431963,0.16557753,0.984687,0.05454956,0.9285561,-0.17429437,0.3277272
1356273253486,0.33775803,-0.032123014,-0.9406847,0.18256806,0.9826725,0.031995244,0.9233571,-0.18254563,0.33777016
1356273253526,0.31742156,-0.051981136,-0.94685876,0.1968843,0.98035103,0.012182966,0.92762065,-0.19028877,0.32141882
1356273253566,0.27955028,-0.06259283,-0.9580885,0.20676643,0.9783838,-0.0035885945,0.9376029,-0.19709736,0.28644955
1356273253606,0.23516628,-0.06358356,-0.9698732,0.2109549,0.9774103,-0.0129271895,0.948786,-0.20155944,0.24326724
1356273253646,0.19280607,-0.055503182,-0.9796659,0.21017355,0.97756356,-0.014020242,0.9584638,-0.20319667,0.20014548
1356273253686,0.15938258,-0.038941257,-0.9864485,0.20803285,0.97810906,-0.004999757,0.9650489,-0.20441683,0.16399461
1356273253726,0.14004305,-0.014387973,-0.9900409,0.21032682,0.9775076,0.015545279,0.9675487,-0.21040915,0.13991934
1356273253766,0.13796872,0.018128715,-0.9902707,0.22213975,0.973794,0.048776537,0.96520394,-0.22670811,0.13032597
1356273253806,0.15419275,0.058814175,-0.9862888,0.24425113,0.96497536,0.09572854,0.9573746,-0.25566277,0.13442677
1356273253846,0.18764657,0.10722892,-0.97636604,0.27225482,0.9493979,0.15659146,0.943751,-0.29520422,0.14895767
1356273253886,0.23238528,0.16199565,-0.95903826,0.29571038,0.927587,0.22833684,0.926581,-0.3366597,0.16765374
1356273253926,0.27840093,0.21838656,-0.93530756,0.30471048,0.9034184,0.30163997,0.9108482,-0.36897486,0.18496788
1356273253966,0.31431654,0.26988378,-0.91014713,0.29580685,0.8831617,0.36403787,0.9020551,-0.3836509,0.19775885
1356273254011,0.33210024,0.31000057,-0.8908474,0.2750589,0.8715743,0.4058334,0.9022483,-0.37981287,0.20418161
1356273254048,0.33021185,0.3331475,-0.88316077,0.25227335,0.87045914,0.42268068,0.9095704,-0.3623721,0.20339167
1356273254088,0.31128514,0.33528644,-0.8892045,0.23405246,0.87982124,0.41368347,0.9210435,-0.33689404,0.19540066
1356273254128,0.27916497,0.31387085,-0.9074976,0.22149368,0.8985374,0.37890774,0.93434864,-0.30678272,0.18131977
1356273254168,0.23840794,0.27005294,-0.9328629,0.21016353,0.9234528,0.32103947,0.9481524,-0.2725921,0.16340321
1356273254206,0.19772667,0.20886016,-0.95774823,0.19447199,0.9492596,0.24715766,0.96077305,-0.23512486,0.14707649
1356273254246,0.17201689,0.13968085,-0.9751407,0.17411385,0.97000015,0.16965854,0.9695847,-0.19896963,0.14253604
1356273254286,0.17663112,0.072562404,-0.9815988,0.15769383,0.9823103,0.10099079,0.9715627,-0.17263018,0.16206396
1356273254326,0.21458754,0.012300506,-0.97662735,0.15622312,0.9866147,0.046752118,0.9641299,-0.16260418,0.20979363
1356273254366,0.268732,-0.04213915,-0.9622928,0.17258745,0.9849812,0.005064465,0.9476268,-0.16744062,0.27196866
1356273254406,0.31207383,-0.093398824,-0.9454558,0.20043565,0.9792296,-0.030575894,0.9286741,-0.17996109,0.3243124
1356273254446,0.32691664,-0.14218083,-0.9342966,0.2306045,0.97073567,-0.067036055,0.91648626,-0.19353777,0.35013717
1356273254487,0.3112461,-0.18662599,-0.9318243,0.25539798,0.96088153,-0.10713805,0.9153675,-0.20463975,0.34673452
1356273254533,0.26296738,-0.22458744,-0.9383009,0.26801926,0.9512555,-0.15257335,0.92683,-0.21136093,0.3103429
1356273254564,0.21779773,-0.25053325,-0.94329065,0.27074173,0.9440704,-0.18822841,0.9376903,-0.21439244,0.2734462
1356273254607,0.1727286,-0.26651675,-0.9482266,0.26298928,0.9402256,-0.21636188,0.949211,-0.21200153,0.23249489
1356273254646,0.13496175,-0.27073312,-0.9531468,0.24878329,0.9403919,-0.2318835,0.95911014,-0.20583162,0.19427079
1356273254686,0.108094245,-0.26526594,-0.95809686,0.23533873,0.94317865,-0.23458423,0.96588373,-0.2001201,0.16437954
1356273254726,0.093117625,-0.25221965,-0.9631793,0.23097992,0.9464632,-0.22551182,0.9684923,-0.20147595,0.14639008
1356273254766,0.089882374,-0.23362981,-0.96816236,0.24284379,0.94789803,-0.2061946,0.9658924,-0.21657895,0.14193487
1356273254807,0.09797326,-0.21071364,-0.97262585,0.2712,0.9459915,-0.17762527,0.9575238,-0.24637356,0.14982742
1356273254847,0.11610255,-0.18518548,-0.975821,0.30969214,0.9402363,-0.14158545,0.9437219,-0.28576565,0.16651428
1356273254886,0.14066738,-0.15829828,-0.9773199,0.34754202,0.93221223,-0.10096976,0.9270529,-0.32545662,0.18614715
1356273254927,0.16679409,-0.13143018,-0.9771929,0.3740538,0.9254236,-0.060621202,0.91228485,-0.35541144,0.20351714
1356273254966,0.18949294,-0.10617879,-0.9761242,0.3826657,0.92351615,-0.026170194,0.9042452,-0.36857018,0.21563077
1356273255010,0.20430863,-0.084206164,-0.9752781,0.37396207,0.9274424,-0.001735568,0.9046604,-0.36436242,0.22097439
1356273255048,0.20889676,-0.06676738,-0.97565585,0.35342294,0.935391,0.01165913,0.9118412,-0.3472547,0.2189973
1356273255088,0.20339483,-0.054519117,-0.9775777,0.3263923,0.94511217,0.01520066,0.9230919,-0.32216555,0.21002555
1356273255128,0.18992823,-0.047560185,-0.98064536,0.29599133,0.95512724,0.0110040605,0.9361177,-0.2923525,0.19548303
1356273255168,0.17155898,-0.045272507,-0.98413306,0.26209956,0.96503997,0.0012963265,0.94966906,-0.2581632,0.17742717
1356273255208,0.15467182,-0.04831463,-0.98678386,0.22618663,0.9740071,-0.01223582,0.9617257,-0.22130477,0.16157961
1356273255248,0.14969468,-0.058794327,-0.9869826,0.19397658,0.98057765,-0.028992541,0.9695177,-0.18711147,0.15819198
1356273255287,0.1679824,-0.08035361,-0.9825096,0.17612207,0.98308295,-0.05028842,0.96992934,-0.16459407,0.17929268
1356273255326,0.21216631,-0.11454641,-0.9704971,0.1816841,0.9804158,-0.07599802,0.96019596,-0.16019967,0.22882247
1356273255366,0.26790535,-0.15643933,-0.95065945,0.20852083,0.9727563,-0.10131231,0.9406093,-0.17109022,0.2932275
1356273255406,0.31210756,-0.19633153,-0.929539,0.2429302,0.96237934,-0.12170018,0.9184627,-0.18782957,0.34806073
1356273255446,0.32990468,-0.2265279,-0.91643226,0.27134025,0.95257056,-0.13778147,0.9041778,-0.2032102,0.3757236
1356273255486,0.3197878,-0.24424621,-0.9154669,0.28776696,0.94559926,-0.15176372,0.9027325,-0.21490891,0.3726771
1356273255526,0.2888052,-0.25000906,-0.9241683,0.29191488,0.94233143,-0.1636984,0.9117989,-0.22250155,0.34513158
1356273255567,0.24692798,-0.24579062,-0.93734384,0.28557932,0.942796,-0.17198905,0.92599726,-0.2252171,0.30299544
1356273255606,0.20303217,-0.23387039,-0.95083255,0.27172202,0.94637644,-0.17475331,0.94071513,-0.22288162,0.2556926
1356273255646,0.16389167,-0.21664526,-0.9623951,0.2554529,0.9516295,-0.17071931,0.9528291,-0.21786715,0.21130681
1356273255687,0.13406256,-0.19652712,-0.97128993,0.24349535,0.95662206,-0.15995076,0.9605921,-0.21506119,0.17610067
1356273255726,0.11598879,-0.17562872,-0.9775997,0.24258268,0.9594461,-0.1435858,0.963172,-0.22049442,0.15388948
1356273255766,0.11009163,-0.15542209,-0.98169446,0.25735047,0.9584727,-0.12288519,0.9600264,-0.23911086,0.14551777
1356273255806,0.11556846,-0.13709861,-0.9837926,0.28884014,0.9522683,-0.09877473,0.95037645,-0.27274355,0.14965177
1356273255847,0.12962788,-0.12042357,-0.9842229,0.3288309,0.9416474,-0.07190535,0.9354501,-0.314322,0.16166276
1356273255886,0.14871648,-0.10536042,-0.983251,0.36468264,0.9300678,-0.044503376,0.91917896,-0.3519562,0.17673951
1356273255926,0.16873014,-0.0909908,-0.98145336,0.3842005,0.9230432,-0.01952435,0.90770036,-0.3737806,0.19070393
1356273255966,0.18566096,-0.076515466,-0.97963023,0.38309997,0.92370677,4.581809E-4,0.90485597,-0.37538138,0.20080936
1356273256008,0.1962128,-0.060839474,-0.9786721,0.3650661,0.9308555,0.015324727,0.9100699,-0.36028695,0.20485622
1356273256048,0.19878477,-0.04319121,-0.979091,0.3371042,0.9410822,0.02692774,0.920242,-0.33540848,0.20163274
