1356273124689,0.7461165,-0.6559558,0.11415815,0.120328456,-0.035788894,-0.99208874,0.65485203,0.7539503,0.052227497
1356273124726,8.684099E-4,0.06839475,-0.9976579,-0.7557572,0.653363,0.044133663,0.6548513,0.75394887,0.05225724
1356273124766,7.879585E-4,0.068772405,-0.99763215,-0.7557659,0.65333223,0.044440925,0.65484154,0.75394124,0.052490592
1356273124807,4.8218668E-4,0.07006851,-0.997542,-0.75580597,0.6532117,0.045516998,0.6547954,0.7539264,0.0532732
1356273124847,-2.3540854E-4,0.07292786,-0.9973372,-0.75591505,0.6529136,0.04792109,0.65466976,0.7539134,0.054973543
1356273124886,-0.0013906062,0.07718709,-0.9970156,-0.7560911,0.65243185,0.051564634,0.65446484,0.75390637,0.057453215
1356273124928,-0.002869904,0.08232799,-0.9966012,-0.7562996,0.65182227,0.056024104,0.65421927,0.7538898,0.06039393
1356273124967,-0.004491687,0.08739081,-0.99616396,-0.75648177,0.6512068,0.060539633,0.6539993,0.7538518,0.06318456
1356273125013,-0.0060537606,0.09146991,-0.9957894,-0.7566297,0.65066755,0.06436801,0.6538156,0.75383353,0.06526989
1356273125053,-0.0073652416,0.094037056,-0.99554145,-0.7568553,0.6501382,0.06701028,0.65354097,0.7539744,0.06638402
1356273125097,-0.008659244,0.09591493,-0.9953519,-0.7571975,0.6495126,0.06917626,0.6531286,0.75427693,0.06700224
1356273125138,-0.009837702,0.09757748,-0.9951793,-0.7576983,0.6487207,0.071097285,0.6525309,0.754745,0.06755233
1356273125176,-0.011038512,0.09975386,-0.9949509,-0.7583439,0.6477144,0.07335338,0.6517612,0.7553246,0.068497956
1356273125216,-0.012400046,0.10305449,-0.99459845,-0.7590163,0.64656687,0.0764564,0.6509536,0.7558645,0.07020259
1356273125258,-0.013987273,0.10784477,-0.99406934,-0.7596284,0.64533114,0.080699295,0.6502069,0.75625205,0.07289553
1356273125296,-0.015723303,0.11367744,-0.9933933,-0.76011205,0.6441107,0.08573878,0.6496018,0.7564383,0.07628006
1356273125336,-0.017367825,0.119350195,-0.9927003,-0.7604246,0.6430727,0.090619296,0.64919394,0.75644755,0.079588056
1356273125379,-0.018689275,0.12389958,-0.9921187,-0.76057184,0.6423331,0.09454447,0.6489847,0.75634456,0.08222979
1356273125416,-0.019476175,0.1265674,-0.9917668,-0.7606653,0.64187837,0.09685314,0.6488521,0.7562889,0.08377409
1356273125456,-0.019591913,0.12686497,-0.9917265,-0.7607741,0.6417092,0.097118944,0.6487211,0.7563826,0.08394325
1356273125496,-0.018984377,0.12493348,-0.9919835,-0.7608404,0.6418881,0.09540218,0.6486613,0.7565523,0.082868576
1356273125536,-0.017780453,0.12160441,-0.99241936,-0.7607038,0.6424953,0.092356,0.6488557,0.7565793,0.08108109
1356273125596,-0.016229331,0.11814359,-0.99286395,-0.7602011,0.6435622,0.08900544,0.6494852,0.7562207,0.07936829
1356273125618,-0.014651403,0.115686536,-0.99317765,-0.75923926,0.6450593,0.086337686,0.65064657,0.7553245,0.07838279
1356273125658,-0.013478756,0.11489281,-0.9932864,-0.7578186,0.6468905,0.085108906,0.652326,0.7538781,0.07834864
1356273125688,-0.013203517,0.115571916,-0.9932114,-0.7563009,0.6486093,0.08552748,0.65409064,0.7522959,0.078843236
1356273125728,-0.014166668,0.11878854,-0.99281853,-0.75446296,0.65033823,0.08857709,0.65618974,0.75029963,0.080408454
1356273125768,-0.017773136,0.12608358,-0.9918604,-0.7524291,0.6515937,0.096312195,0.65843344,0.7480165,0.08328807
1356273125808,-0.024229184,0.13837948,-0.9900829,-0.75009346,0.65220183,0.109511495,0.660888,0.745308,0.08799523
1356273125848,-0.0333115,0.15628889,-0.9871495,-0.7470157,0.65227365,0.12847838,0.6639713,0.741696,0.09502208
1356273125888,-0.044299483,0.17962143,-0.9827379,-0.74249005,0.6522247,0.15268105,0.66839075,0.7364367,0.10447389
1356273125928,-0.05621341,0.2077356,-0.97656846,-0.7358182,0.6524986,0.18115479,0.6748419,0.7287602,0.11617643
1356273125968,-0.06819895,0.2402123,-0.9683217,-0.72694993,0.65277684,0.21313405,0.68329537,0.7184569,0.13010365
1356273126008,-0.079488486,0.27582908,-0.9579144,-0.7169014,0.6518792,0.24719605,0.6926283,0.7063794,0.1459254
1356273126048,-0.089104384,0.3108522,-0.94627243,-0.70715857,0.6493006,0.27988496,0.7014181,0.6941035,0.1619662
1356273126078,-0.095795006,0.33923545,-0.93581116,-0.6991581,0.6462513,0.30583864,0.70852053,0.6835778,0.17527157
1356273126118,-0.10006836,0.36064953,-0.9273178,-0.69290036,0.64359474,0.32507685,0.7140557,0.67506874,0.18549067
1356273126148,-0.10083386,0.37445882,-0.9217445,-0.68882537,0.64222336,0.33625704,0.7178803,0.6688271,0.19317889
1356273126188,-0.099518895,0.3831279,-0.9183186,-0.68736887,0.6408302,0.3418488,0.7194581,0.66524404,0.19957548
1356273126218,-0.094585866,0.38739955,-0.91704696,-0.6877068,0.640623,0.3415576,0.71980065,0.6629659,0.20582342
1356273126276,-0.08896953,0.394,-0.9147942,-0.68950874,0.6384304,0.34202975,0.7187922,0.6611888,0.21486557
1356273126296,-0.08013317,0.40283614,-0.9117575,-0.6918412,0.6360185,0.3418131,0.7175893,0.65818197,0.22773242
1356273126334,-0.06873748,0.41601115,-0.9067579,-0.6932234,0.6337131,0.3432914,0.71743745,0.65218276,0.24482882
1356273126364,-0.054503858,0.42943764,-0.9014504,-0.6933098,0.63341427,0.3436684,0.7185757,0.64371556,0.26320976
1356273126407,-0.042048782,0.4541849,-0.88991475,-0.68923616,0.63164294,0.3549376,0.7233157,0.628286,0.28648078
1356273126446,-0.027204096,0.48207143,-0.8757094,-0.68165797,0.6318162,0.36898595,0.73116505,0.6069723,0.31141984
1356273126486,-0.0106164515,0.50561833,-0.8626919,-0.6716683,0.6355276,0.38074446,0.74077594,0.58348495,0.33286077
1356273126526,0.008163601,0.512355,-0.8587349,-0.6609778,0.647169,0.3798429,0.750361,0.56450385,0.3439386
1356273126597,0.029388934,0.4905023,-0.87094426,-0.65076834,0.67075217,0.35579786,0.7587074,0.5563264,0.338916
1356273126609,0.05278051,0.43158492,-0.9005268,-0.64217883,0.705258,0.3003622,0.7647355,0.562446,0.31437862
1356273126648,0.07549968,0.34553993,-0.93536186,-0.6372475,0.7382102,0.22127174,0.7669519,0.5793511,0.2759291
1356273126677,0.09367083,0.25626606,-0.9620569,-0.636866,0.7581666,0.13994661,0.76526296,0.59959245,0.23422521
1356273126708,0.10756211,0.16896386,-0.9797355,-0.6416919,0.7645012,0.061395466,0.7593826,0.6220845,0.1906541
1356273126747,0.11801568,0.07853192,-0.98990154,-0.65374625,0.75650156,-0.017923772,0.7474545,0.6492597,0.14061898
1356273126788,0.122832365,2.3710728E-4,-0.99242747,-0.67004377,0.7376944,-0.08275482,0.73208857,0.6751348,0.090771616
1356273126828,0.12321982,-0.059931993,-0.990568,-0.6868381,0.7153219,-0.1287168,0.7162892,0.6962203,0.046978235
1356273126868,0.12016042,-0.0997394,-0.98773146,-0.70156646,0.69541544,-0.1555694,0.7024001,0.7116525,0.013587594
1356273126908,0.11406687,-0.11818671,-0.98641807,-0.71278155,0.68191266,-0.1641269,0.6920485,0.721822,-0.006457627
1356273126948,0.10472593,-0.11466631,-0.9878685,-0.7192708,0.67724967,-0.15486276,0.6867911,0.72676307,-0.011550546
1356273126988,0.09160309,-0.08931503,-0.99178207,-0.71983814,0.68225217,-0.12792602,0.68807113,0.7256409,-0.0017959476
1356273127028,0.07411249,-0.04292178,-0.9963258,-0.7141699,0.69502616,-0.0830659,0.6960378,0.71770215,0.020856678
1356273127068,0.052253604,0.021555215,-0.9984013,-0.7036756,0.71019614,-0.02149558,0.7085974,0.70367384,0.05227816
1356273127108,0.027953073,0.09442681,-0.99513924,-0.69180316,0.7204266,0.048927397,0.72154486,0.6870729,0.08546293
1356273127138,0.0060120076,0.15780082,-0.9874527,-0.68270683,0.7221735,0.11125103,0.73066765,0.6734718,0.11207342
1356273127178,-0.009864554,0.20054586,-0.9796346,-0.679331,0.71754813,0.15373349,0.73376566,0.6670127,0.12915874
1356273127206,-0.016052857,0.22045936,-0.9752641,-0.68000984,0.71267223,0.17229319,0.7330272,0.66595495,0.1384741
1356273127246,-0.012587383,0.21439585,-0.9766658,-0.686111,0.7086757,0.16440985,0.7273881,0.6721705,0.13817894
1356273127286,0.0042191893,0.18306988,-0.9830908,-0.6947935,0.7075851,0.1287837,0.71919686,0.6825018,0.1301812
1356273127326,0.03176929,0.13197446,-0.99074394,-0.7044894,0.7061069,0.07146844,0.70900315,0.695698,0.11540711
1356273127366,0.065647006,0.06818721,-0.9955104,-0.71547985,0.698633,6.7174435E-4,0.6955423,0.71222353,0.09464973
1356273127406,0.09980355,0.004101187,-0.9949987,-0.72829235,0.681657,-0.07024187,0.6779598,0.73166037,0.071018636
1356273127446,0.12880833,-0.044925243,-0.9906513,-0.7408942,0.65964925,-0.12624845,0.6591541,0.7502297,0.051683486
1356273127486,0.15084702,-0.06739643,-0.9862571,-0.74689126,0.64581186,-0.1583682,0.64760995,0.76051617,0.047080994
1356273127526,0.16790277,-0.060186148,-0.98396456,-0.739198,0.6526948,-0.16605943,0.6522231,0.7552265,0.065099776
1356273127595,0.18349004,-0.02944228,-0.9825806,-0.71671355,0.6801014,-0.15421993,0.672795,0.7325266,0.10369015
1356273127609,0.20034951,0.007209182,-0.979698,-0.6870523,0.7139094,-0.1352498,0.6984406,0.700201,0.14798445
1356273127648,0.21844506,0.026244998,-0.9754963,-0.660774,0.739578,-0.12807083,0.71809435,0.67255896,0.17889917
1356273127678,0.23487788,0.024131387,-0.97172534,-0.6413777,0.75502497,-0.1362789,0.7303883,0.65525186,0.19281602
1356273127718,0.24614674,-0.008559108,-0.96919477,-0.63218075,0.75655764,-0.16723645,0.73468316,0.653871,0.18081331
1356273127747,0.2521854,-0.047167063,-0.96652865,-0.63001996,0.7501185,-0.20099011,0.7344911,0.6596192,0.15945274
1356273127786,0.25234723,-0.09479678,-0.962982,-0.6382999,0.7316514,-0.23928937,0.727251,0.6750554,0.12412143
1356273127826,0.24715644,-0.13967833,-0.95885545,-0.65463114,0.7055066,-0.27151155,0.7144032,0.6948024,0.08293271
1356273127866,0.2382941,-0.17614266,-0.9550862,-0.67456436,0.67747235,-0.29324734,0.69869787,0.71414626,0.042618096
1356273127906,0.22738865,-0.20125137,-0.9527814,-0.6933882,0.653519,-0.30352217,0.68374497,0.72966486,0.009057462
1356273127946,0.21585152,-0.2130374,-0.9529025,-0.70699024,0.6390217,-0.3030115,0.6734782,0.7390982,-0.012681603
1356273127987,0.20463338,-0.21043095,-0.9559519,-0.7116592,0.6385526,-0.29290223,0.6720613,0.7402495,-0.019085944
1356273128026,0.1939156,-0.19365716,-0.9617139,-0.7053527,0.65380996,-0.2738797,0.68181694,0.73145705,-0.009812653
1356273128066,0.18376157,-0.16301823,-0.96935886,-0.68895113,0.68203557,-0.24530326,0.70112616,0.7129182,0.013020337
1356273128106,0.17364845,-0.12060258,-0.977395,-0.668725,0.71413445,-0.20692703,0.7229474,0.6895411,0.043358386
1356273128146,0.16284701,-0.07300696,-0.9839465,-0.65391445,0.7387917,-0.1630423,0.7388347,0.6699678,0.07256973
1356273128186,0.1509862,-0.02989009,-0.9880839,-0.65039015,0.7497287,-0.122063905,0.74444336,0.66107,0.093758464
1356273128226,0.13848269,0.001341939,-0.99036396,-0.6572433,0.7481781,-0.09088862,0.74084663,0.66349655,0.10449171
1356273128266,0.12618062,0.01838252,-0.99183697,-0.6699933,0.738912,-0.07154113,0.73156506,0.6735512,0.105552554
1356273128306,0.1146733,0.022083074,-0.99315786,-0.6854454,0.7253921,-0.0630146,0.7190373,0.6879816,0.09831983
1356273128346,0.10412036,0.014489561,-0.99445915,-0.7028327,0.70853645,-0.06326333,0.70369387,0.7055254,0.08395678
1356273128386,0.09465459,-8.095503E-4,-0.9955098,-0.722384,0.6880164,-0.06924483,0.6849831,0.72569466,0.064539135
1356273128426,0.087120086,-0.01638785,-0.996063,-0.7422074,0.6658616,-0.075871915,0.6644834,0.74589527,0.04584676
1356273128466,0.083333194,-0.022214204,-0.99627405,-0.757012,0.6487543,-0.07778558,0.64806503,0.76067364,0.037246346
1356273128506,0.08574514,-0.010410458,-0.9962627,-0.75969625,0.6462645,-0.07213777,0.6446002,0.7630425,0.04750526
1356273128546,0.095883176,0.019574046,-0.99520016,-0.74676365,0.66247475,-0.058917582,0.65814173,0.7488285,0.07813734
1356273128591,0.11263378,0.056598604,-0.99202335,-0.7226511,0.6898935,-0.04268843,0.6819743,0.72169495,0.11860639
1356273128627,0.13175486,0.082586855,-0.987836,-0.6967037,0.7165989,-0.033014,0.7051556,0.6925788,0.151954
1356273128668,0.14815424,0.08305749,-0.9854703,-0.67659235,0.7352843,-0.039746642,0.72129965,0.6726503,0.16513157
1356273128708,0.15901887,0.056359172,-0.98566556,-0.6653935,0.74367267,-0.06482655,0.7293589,0.6661641,0.15575904
1356273128748,0.16395584,0.010966092,-0.9864068,-0.66345036,0.74123037,-0.102035195,0.73003566,0.6711612,0.1288045
1356273128788,0.16447479,-0.041674584,-0.9855006,-0.67017376,0.7283669,-0.14264941,0.72375095,0.6839188,0.09186876
1356273128828,0.16269433,-0.09191993,-0.9823855,-0.68394697,0.707121,-0.1794334,0.711159,0.7010924,0.052176237
1356273128866,0.16054153,-0.13358554,-0.97794753,-0.70097995,0.68209976,-0.20824745,0.6948766,0.71895397,0.015864551
1356273128906,0.15936384,-0.16360095,-0.9735697,-0.7157004,0.66011536,-0.22808051,0.6799825,0.73313195,-0.011890709
1356273128946,0.15983668,-0.18094641,-0.9704177,-0.7228889,0.6479845,-0.23989111,0.67222303,0.7398476,-0.027232468
1356273128987,0.16189104,-0.18599838,-0.9691211,-0.7192118,0.650187,-0.2449308,0.6756667,0.73665553,-0.028512776
1356273129026,0.16513923,-0.17959383,-0.9697809,-0.70375466,0.66743237,-0.24344084,0.69098365,0.7226895,-0.01617074
1356273129066,0.16897601,-0.16295978,-0.97205514,-0.67956686,0.69507205,-0.23465675,0.713888,0.7002278,0.006708443
1356273129106,0.17258343,-0.13854685,-0.9752024,-0.6547303,0.7235433,-0.21866257,0.73589617,0.67623216,0.034160733
1356273129146,0.1749669,-0.11078811,-0.9783213,-0.63917345,0.7430164,-0.19845381,0.74889517,0.6600399,0.059190452
1356273129205,0.1752288,-0.08545947,-0.98081166,-0.6377985,0.749063,-0.179214,0.7500053,0.65696365,0.07675153
1356273129226,0.17300388,-0.06729475,-0.98261946,-0.647679,0.7438382,-0.1649747,0.74201185,0.6649633,0.085101485
1356273129267,0.16843629,-0.058468044,-0.98397696,-0.66340625,0.7315961,-0.15703282,0.72905517,0.6792265,0.08443928
1356273129304,0.16186473,-0.058659226,-0.98506796,-0.68147576,0.7153301,-0.1545757,0.71371603,0.69632024,0.07581186
1356273129347,0.15365425,-0.06655255,-0.98588085,-0.70185626,0.6949587,-0.15630129,0.6955488,0.715963,0.060073018
1356273129387,0.14484689,-0.07818961,-0.98635983,-0.72438014,0.67068624,-0.15954107,0.6740124,0.73760855,0.040507793
1356273129427,0.13766927,-0.08678123,-0.9866693,-0.74580026,0.6464421,-0.160918,0.6517893,0.75801164,0.024273753
1356273129466,0.1353327,-0.08390233,-0.9872414,-0.7590232,0.63166803,-0.1577315,0.63684285,0.7706853,0.021801531
1356273129506,0.14050338,-0.06410006,-0.98800296,-0.7573414,0.63580465,-0.14895105,0.6377246,0.76918375,0.0407871
1356273129546,0.15348513,-0.028852522,-0.9877297,-0.7393039,0.6598724,-0.13415733,0.6556464,0.7508235,0.079949796
1356273129593,0.17041138,0.0091202855,-0.9853308,-0.71240693,0.6919776,-0.11680463,0.6807616,0.72186136,0.1244182
1356273129628,0.18520075,0.033661157,-0.982124,-0.6866181,0.7194223,-0.10481936,0.70303357,0.69375676,0.1563499
1356273129668,0.19318825,0.034505606,-0.9805548,-0.6685088,0.7361395,-0.10580447,0.7181742,0.6759497,0.16528082
1356273129708,0.1933952,0.013206542,-0.981032,-0.66023964,0.74137807,-0.1201756,0.7257285,0.6709576,0.15209848
1356273129748,0.18734634,-0.021961182,-0.9820484,-0.6618663,0.73590994,-0.14272177,0.72583354,0.6767232,0.123334646
1356273129788,0.1774869,-0.06201482,-0.98216724,-0.6723191,0.7211713,-0.16702971,0.7186692,0.6899754,0.086304724
1356273129828,0.16618711,-0.10001603,-0.981009,-0.6889657,0.69996667,-0.18807688,0.7054843,0.70713747,0.04741782
1356273129868,0.15538642,-0.13123709,-0.9790975,-0.7074547,0.67697287,-0.20301637,0.68946576,0.7242131,0.012348056
1356273129908,0.14642236,-0.15249285,-0.9773978,-0.72271085,0.65816945,-0.21095523,0.6754625,0.7372645,-0.013837516
1356273129946,0.13984194,-0.16186714,-0.97685367,-0.7301668,0.6494986,-0.2121509,0.6688053,0.74293375,-0.027362883
1356273129986,0.13543522,-0.15844393,-0.9780352,-0.72669137,0.65511084,-0.2067594,0.6734812,0.7387322,-0.026414752
1356273130026,0.1325267,-0.1418536,-0.98097616,-0.7119187,0.6749956,-0.19378531,0.6896437,0.72405696,-0.01153326
1356273130066,0.13011521,-0.11296138,-0.98504305,-0.6895951,0.7035301,-0.17176762,0.71241045,0.70163035,0.013642371
1356273130106,0.12694591,-0.07573205,-0.98901427,-0.66788733,0.73065346,-0.1416758,0.7333561,0.67853534,0.042173028
1356273130146,0.12219956,-0.037278235,-0.9918052,-0.65556043,0.7472553,-0.1088576,0.74518967,0.66349065,0.06687617
1356273130186,0.11606204,-0.005778253,-0.99322516,-0.65591764,0.75047255,-0.0810124,0.74585634,0.6608764,0.08331132
1356273130226,0.10980764,0.012773842,-0.9938708,-0.66595364,0.7432406,-0.06402522,0.7378673,0.6689023,0.090120256
1356273130266,0.105208725,0.016059637,-0.9943205,-0.6799128,0.7308229,-0.06013754,0.72570634,0.6823782,0.08780813
1356273130306,0.10363652,0.004091352,-0.99460685,-0.6951097,0.71553767,-0.06948599,0.7113943,0.69856215,0.07699978
1356273130346,0.10592778,-0.020243973,-0.99416775,-0.71164787,0.69674593,-0.090013176,0.69450456,0.7170323,0.059398174
1356273130386,0.11227754,-0.049000055,-0.99246806,-0.72939,0.67422533,-0.11580345,0.67482144,0.7368984,0.039960206
1356273130426,0.12235516,-0.069708586,-0.9900353,-0.7448826,0.6527639,-0.13801873,0.65588033,0.7543474,0.027944326
1356273130466,0.13559258,-0.07102552,-0.9882155,-0.7519076,0.64213574,-0.14932075,0.6451741,0.7632935,0.033664227
1356273130506,0.15126614,-0.050407767,-0.987207,-0.7465259,0.6487976,-0.14751574,0.6479334,0.75928974,0.060510397
1356273130546,0.16826044,-0.018694103,-0.98556525,-0.73131424,0.66803175,-0.13752457,0.6609598,0.7438979,0.098732054
1356273130591,0.1850089,0.0044777393,-0.98272663,-0.7135938,0.6881634,-0.13120613,0.67568904,0.72554195,0.13051164
1356273130628,0.19981658,0.004808098,-0.9798215,-0.6996144,0.7008234,-0.13923448,0.68601245,0.7133186,0.14339995
1356273130668,0.21129799,-0.019130707,-0.97723436,-0.69201416,0.7031495,-0.16339263,0.6902677,0.7107847,0.13533539
1356273130708,0.21870992,-0.05795762,-0.9740673,-0.69021285,0.69643945,-0.19641393,0.68976253,0.71527135,0.11231512
1356273130748,0.22203186,-0.101632714,-0.9697281,-0.69277817,0.6834073,-0.2302453,0.6861197,0.7229283,0.081329286
1356273130786,0.22199342,-0.14165294,-0.96470374,-0.69864404,0.6670549,-0.25871634,0.6801583,0.7314179,0.04911679
1356273130826,0.21965641,-0.17180383,-0.9603304,-0.7065519,0.6507561,-0.2780304,0.6727076,0.73959446,0.02155441
1356273130867,0.21581337,-0.18894076,-0.9579802,-0.7134975,0.63926303,-0.2868172,0.6665928,0.74541545,0.003152728
1356273130909,0.21065566,-0.19254777,-0.9584099,-0.7144872,0.638801,-0.28537938,0.6671823,0.7448883,-0.0030058622
1356273130946,0.20386794,-0.18314594,-0.9617148,-0.70518816,0.6539284,-0.2740205,0.6790784,0.7340539,0.004162669
1356273130986,0.19510356,-0.16041341,-0.96757543,-0.6849706,0.68379176,-0.25148386,0.7019614,0.71182615,0.023531735
1356273131026,0.18396392,-0.1247786,-0.9749807,-0.66011167,0.7192601,-0.21660428,0.72829235,0.6834436,0.049950123
1356273131066,0.17071679,-0.08099306,-0.98198575,-0.64162403,0.7472142,-0.1731748,0.74777967,0.65962946,0.0755949
1356273131106,0.15704724,-0.03939265,-0.9868051,-0.63752204,0.7590813,-0.13176188,0.7542558,0.6498029,0.09409791
1356273131146,0.14605048,-0.010838777,-0.98921776,-0.64720607,0.755211,-0.10382986,0.7481936,0.6553921,0.103284
1356273131186,0.14081496,-6.750226E-4,-0.99003565,-0.6647186,0.74102277,-0.09504962,0.73370314,0.6714796,0.103898406
1356273131226,0.14300385,-0.008795857,-0.989683,-0.6847906,0.72108364,-0.10535717,0.71457094,0.6927921,0.09709442
1356273131266,0.15228897,-0.031763732,-0.9878255,-0.7053651,0.69660723,-0.1311428,0.692292,0.71674925,0.08368057
1356273131306,0.16659498,-0.06235984,-0.9840515,-0.72603667,0.66751385,-0.16521505,0.6671708,0.7419815,0.065928936
1356273131346,0.18304247,-0.08941674,-0.97903013,-0.74508256,0.63706416,-0.1974872,0.6413636,0.7656069,0.04998696
1356273131386,0.19952744,-0.10090175,-0.9746833,-0.75800455,0.614462,-0.2187818,0.62098134,0.78246737,0.04611808
1356273131426,0.21561101,-0.08906314,-0.9724092,-0.7599846,0.60998166,-0.2243787,0.61313564,0.7873945,0.063832164
1356273131466,0.23192054,-0.056733638,-0.9710788,-0.7500931,0.6251781,-0.21566796,0.61933285,0.77841735,0.102436125
1356273131506,0.24878222,-0.021033019,-0.968331,-0.73248625,0.650027,-0.20230845,0.63369644,0.75961995,0.14630878
1356273131546,0.26524264,-0.003635496,-0.96417487,-0.7122406,0.67329127,-0.19847474,0.6498921,0.73936844,0.17599618
1356273131590,0.2794471,-0.015354961,-0.9600383,-0.69335437,0.68844914,-0.2128321,0.66420555,0.72512203,0.18173867
1356273131627,0.28919467,-0.05170548,-0.9558729,-0.67855895,0.69325936,-0.24279477,0.6752217,0.71883106,0.1654017
1356273131668,0.29337335,-0.10109046,-0.9506381,-0.6701387,0.68743306,-0.2799107,0.6817964,0.7191777,0.13392991
1356273131708,0.29233754,-0.15118235,-0.94428945,-0.66922873,0.6730153,-0.31493384,0.6831337,0.7240127,0.095572054
1356273131746,0.28754544,-0.19419228,-0.93787366,-0.6749382,0.65368384,-0.3422804,0.67954105,0.7314279,0.05689603
1356273131786,0.28059304,-0.22541846,-0.9329812,-0.68407387,0.63487804,-0.35912782,0.6732833,0.7389968,0.02393949
1356273131826,0.2726418,-0.2430611,-0.93090695,-0.6917405,0.62296534,-0.36525238,0.66870135,0.7435291,0.0017111897
1356273131866,0.26390836,-0.24661918,-0.93248665,-0.6929257,0.6240383,-0.3611512,0.67097414,0.7414547,-0.0061998367
1356273131906,0.2541892,-0.23489235,-0.9381969,-0.6848036,0.64129716,-0.34609523,0.6829581,0.7304543,0.0021556616
1356273131946,0.24260095,-0.20633489,-0.9479296,-0.6685623,0.67248046,-0.3174814,0.7029717,0.7107713,0.025196671
1356273131986,0.22806343,-0.16299234,-0.9599065,-0.64934933,0.7091473,-0.27469176,0.72548777,0.68596184,0.055891573
1356273132026,0.21050864,-0.11276293,-0.9710667,-0.6346457,0.73978335,-0.22348464,0.74357975,0.66332877,0.08416629
1356273132066,0.19195697,-0.066806555,-0.9791269,-0.6307095,0.755976,-0.17523085,0.751903,0.6511814,0.10297936
1356273132107,0.17596611,-0.034326166,-0.98379755,-0.63878417,0.75642115,-0.14064825,0.74899316,0.65318364,0.111177504
1356273132146,0.16581023,-0.019154012,-0.9859716,-0.65537524,0.74494076,-0.124685645,0.7368787,0.6668556,0.11096573
1356273132188,0.1630128,-0.020774752,-0.98640513,-0.67658246,0.7253171,-0.1270876,0.71809673,0.68810135,0.10418016
1356273132233,0.16743353,-0.03814584,-0.98514515,-0.70295805,0.69599587,-0.14642322,0.6912424,0.71703184,0.0897181
1356273132264,0.17731717,-0.059292823,-0.98236597,-0.72557914,0.66650355,-0.17119539,0.66490114,0.74314016,0.07516086
1356273132307,0.18635577,-0.07549366,-0.9795776,-0.7464732,0.6373749,-0.1911307,0.6387873,0.7668468,0.06242448
1356273132346,0.19571757,-0.080432445,-0.97735626,-0.7599014,0.6175307,-0.20299208,0.61987466,0.7824235,0.0597409
1356273132386,0.2054527,-0.067596495,-0.9763298,-0.7597566,0.61781996,-0.20265335,0.6168947,0.7834087,0.07557589
1356273132426,0.21696872,-0.03898418,-0.97539985,-0.7442683,0.63994765,-0.19113272,0.63165605,0.767429,0.109833896
1356273132466,0.23114043,-0.008465797,-0.9728836,-0.71901596,0.67216223,-0.17667481,0.6554313,0.7403555,0.14927685
1356273132507,0.24673778,0.004952818,-0.96906966,-0.6928705,0.70004153,-0.172836,0.677533,0.7140849,0.17615837
1356273132546,0.26077017,-0.008782893,-0.96536094,-0.6718098,0.7164707,-0.18799248,0.693304,0.69756186,0.18093377
1356273132589,0.27017048,-0.047068864,-0.9616612,-0.6583054,0.7198304,-0.2201776,0.70259655,0.6925523,0.16349125
1356273132628,0.27407366,-0.09394741,-0.95710886,-0.65243095,0.71300787,-0.2568144,0.7065532,0.6948335,0.13412249
1356273132668,0.27270547,-0.1419889,-0.9515623,-0.65464365,0.6974,-0.29167604,0.70503426,0.7024759,0.09723264
1356273132708,0.2674195,-0.18316847,-0.9460106,-0.6637084,0.6767241,-0.3186466,0.69855416,0.7130875,0.05939877
1356273132748,0.26001552,-0.2132293,-0.94176704,-0.6765589,0.65565276,-0.33524236,0.6889557,0.7243291,0.026217699
1356273132788,0.25189131,-0.23022567,-0.93997175,-0.68849105,0.63994855,-0.34124166,0.6800962,0.733118,0.0026891232
1356273132826,0.24366683,-0.23412739,-0.9411753,-0.69420546,0.63556933,-0.3378319,0.67727786,0.73568743,-0.007665336
1356273132866,0.23541132,-0.22558522,-0.94535327,-0.6895831,0.6466676,-0.32603085,0.68487716,0.72865105,-0.0033268929
1356273132906,0.22685125,-0.20444436,-0.95222956,-0.67440385,0.67241013,-0.3050313,0.7026507,0.71138394,0.014659047
1356273132946,0.21759784,-0.17057003,-0.9610187,-0.6542145,0.7052041,-0.27329573,0.7243304,0.6881809,0.041861534
1356273132986,0.20705885,-0.12730515,-0.9700104,-0.6388483,0.7333246,-0.23261115,0.7409451,0.6678536,0.07051265
1356273133027,0.19502422,-0.0827907,-0.97729796,-0.6358099,0.74803185,-0.19024743,0.7468007,0.6584786,0.09324521
1356273133066,0.18224546,-0.046181917,-0.98216796,-0.64500755,0.74831843,-0.15487015,0.7421266,0.6617301,0.10658997
1356273133106,0.17016226,-0.022975832,-0.9851482,-0.66174674,0.73810214,-0.13151607,0.73016167,0.6742977,0.11039293
1356273133146,0.15998554,-0.013984442,-0.9870203,-0.68115616,0.7221304,-0.12063959,0.71444446,0.6916156,0.106004834
1356273133186,0.15227485,-0.017316312,-0.9881864,-0.7015048,0.7024194,-0.12040728,0.6962063,0.7115526,0.09481335
1356273133226,0.14702398,-0.02870819,-0.98871624,-0.72268105,0.6793782,-0.12719035,0.67536366,0.7332265,0.07913804
1356273133266,0.14419973,-0.040952265,-0.98870087,-0.7434406,0.6549203,-0.13555604,0.6530715,0.75458753,0.06399375
1356273133306,0.14434177,-0.044393122,-0.98853165,-0.75949794,0.63539064,-0.13943338,0.6342936,0.7709138,0.05799693
1356273133346,0.14868028,-0.0305219,-0.98841417,-0.7647346,0.6301529,-0.13449264,0.62695706,0.775871,0.07035017
1356273133386,0.15823843,0.0020890832,-0.98739874,-0.7556512,0.64393663,-0.11973664,0.6355721,0.7650759,0.10347414
1356273133426,0.17240417,0.043999195,-0.9840431,-0.7348616,0.67099005,-0.09874579,0.6559384,0.74015975,0.14801484
1356273133466,0.18840134,0.07800534,-0.97898936,-0.7096218,0.6999354,-0.080792546,0.67892706,0.7099336,0.18722302
1356273133506,0.202514,0.08879715,-0.97524524,-0.6867461,0.72282976,-0.076791465,0.6981175,0.6852972,0.2073642
1356273133546,0.2118438,0.071082234,-0.9747151,-0.6698346,0.7368076,-0.09184882,0.7116487,0.67235553,0.20370144
1356273133589,0.21504098,0.02899909,-0.9761744,-0.6606189,0.7404884,-0.12352982,0.7192636,0.6714432,0.17839271
1356273133627,0.21352261,-0.02219662,-0.97668594,-0.6590966,0.7346693,-0.16078785,0.72111017,0.6780622,0.1422388
1356273133668,0.2083705,-0.07485962,-0.97518086,-0.6657674,0.71954864,-0.19749302,0.7164743,0.69039536,0.1000936
1356273133708,0.20158887,-0.120809466,-0.9719913,-0.6785865,0.6983879,-0.2275405,0.706316,0.70544976,0.05880755
1356273133748,0.19485646,-0.15573597,-0.96838903,-0.6936554,0.67615265,-0.248314,0.6934502,0.7201139,0.023725629
1356273133786,0.18920767,-0.1778638,-0.96569407,-0.70588493,0.65900844,-0.25968125,0.68258846,0.73080254,-8.6194277E-4
1356273133826,0.18508181,-0.1869539,-0.96477616,-0.7104277,0.65286225,-0.2627992,0.6789973,0.73404306,-0.011984289
1356273133866,0.18259135,-0.1831536,-0.96597886,-0.70432484,0.6611432,-0.25848836,0.6859933,0.72756064,-0.008280575
1356273133906,0.18164864,-0.16717634,-0.96904886,-0.6880052,0.68248427,-0.24670622,0.70260406,0.7115246,0.008954167
1356273133946,0.18176499,-0.1422331,-0.9730012,-0.66630805,0.70988643,-0.22824317,0.72318405,0.6898051,0.034261405
1356273133986,0.18234396,-0.11425206,-0.9765742,-0.64765704,0.7333517,-0.206726,0.73979115,0.6701804,0.05972612
1356273134026,0.1832608,-0.08948851,-0.9789827,-0.6399476,0.7450901,-0.18790345,0.7462455,0.660933,0.07927787
1356273134066,0.18491822,-0.07236534,-0.98008585,-0.6453006,0.7432289,-0.17662922,0.74121,0.665112,0.09073919
1356273134106,0.1878066,-0.06481066,-0.98006546,-0.65969646,0.73093265,-0.17475119,0.7276876,0.67936516,0.0945186
1356273134146,0.19203919,-0.06659868,-0.97912484,-0.6781187,0.7122028,-0.1814448,0.7094194,0.69880736,0.09160906
1356273134186,0.19728303,-0.075977534,-0.977398,-0.6982255,0.68895227,-0.1944888,0.6881574,0.7208135,0.08286911
1356273134226,0.20318544,-0.08943236,-0.97504747,-0.7192429,0.66206884,-0.2106052,0.66438353,0.7440878,0.07019913
1356273134266,0.20994675,-0.10131666,-0.9724491,-0.73921597,0.63452226,-0.2257019,0.6399079,0.76623523,0.05832106
1356273134306,0.21894422,-0.10422841,-0.9701546,-0.752669,0.61468697,-0.23590094,0.62092894,0.78185445,0.056132674
1356273134346,0.23179609,-0.09236875,-0.968369,-0.753628,0.6123856,-0.238807,0.61507356,0.78514457,0.07233691
1356273134386,0.2489442,-0.06725684,-0.9661797,-0.7400553,0.6303177,-0.23455843,0.6247759,0.7734184,0.10714018
1356273134426,0.26811174,-0.040466487,-0.9625376,-0.71634376,0.6596969,-0.22726986,0.6441799,0.75044155,0.14788455
1356273134466,0.28516972,-0.027692914,-0.9580769,-0.6905476,0.68726736,-0.22540537,0.6646971,0.72587645,0.17686456
1356273134506,0.29677007,-0.037977874,-0.9541935,-0.6695259,0.70421255,-0.23626202,0.68092763,0.70897275,0.18356204
1356273134546,0.30195498,-0.06890938,-0.95082843,-0.65686095,0.7078048,-0.2598963,0.6909102,0.70303905,0.16846132
1356273134589,0.3015785,-0.11208153,-0.94683063,-0.65355086,0.69875586,-0.29088044,0.69420576,0.70652527,0.13747877
1356273134628,0.29795992,-0.15665343,-0.9416367,-0.6576513,0.68130004,-0.32144222,0.69189215,0.71504545,0.09997678
1356273134668,0.29241872,-0.19778448,-0.9356135,-0.6672251,0.65868115,-0.34777826,0.6850561,0.72596174,0.06064391
1356273134708,0.2863627,-0.23122542,-0.9298017,-0.6787223,0.6360045,-0.36719778,0.6762636,0.73622894,0.025190115
1356273134748,0.28072175,-0.2548548,-0.92533475,-0.6880309,0.6187573,-0.3791477,0.6691852,0.7430939,-0.0016493201
1356273134787,0.2757021,-0.26816106,-0.9230807,-0.6907721,0.61251915,-0.3842579,0.6684476,0.74357915,-0.01636535
1356273134826,0.27103812,-0.27158284,-0.92346144,-0.6836042,0.6211007,-0.3833003,0.67766035,0.7351711,-0.017313242
1356273134866,0.26643315,-0.26515156,-0.926665,-0.6662803,0.644053,-0.3758541,0.6964796,0.7175586,-0.005068183
1356273134906,0.26160043,-0.24847698,-0.9326438,-0.64323545,0.67554265,-0.36040285,0.71959245,0.6941911,0.01689303
1356273134946,0.25596687,-0.22203642,-0.9408405,-0.6234128,0.7059208,-0.33620274,0.73880816,0.6725887,0.04227197
1356273134986,0.24867314,-0.18831573,-0.9501047,-0.61610264,0.72614264,-0.30517936,0.7473817,0.6612519,0.06455034
1356273135026,0.23888111,-0.1524792,-0.95900255,-0.6246083,0.7320462,-0.2719794,0.7435054,0.6639717,0.07963222
1356273135066,0.22640595,-0.121029586,-0.9664845,-0.6444973,0.72536194,-0.24181275,0.73031753,0.6776444,0.086223066
1356273135106,0.21200132,-0.099000394,-0.97224194,-0.668599,0.7108961,-0.21817914,0.7127628,0.6962943,0.08451933
1356273135147,0.19707686,-0.088463515,-0.97638875,-0.6927217,0.6921824,-0.2025344,0.69375604,0.71628046,0.07513255
1356273135193,0.1831511,-0.091305375,-0.9788356,-0.71869755,0.6669244,-0.19668686,0.6707679,0.7395101,0.05652696
1356273135224,0.17056048,-0.09440571,-0.9808143,-0.7417302,0.6429653,-0.19087142,0.6486489,0.7600547,0.039640903
1356273135267,0.16052163,-0.09013444,-0.98290825,-0.7601835,0.623883,-0.18135902,0.62956643,0.7763027,0.031628013
1356273135306,0.15218022,-0.06900561,-0.9859409,-0.7694012,0.61788106,-0.16200253,0.6203732,0.7832377,0.04093629
1356273135346,0.14439152,-0.024393886,-0.98921984,-0.766075,0.63000757,-0.12735593,0.6263227,0.7762058,0.07228023
1356273135386,0.1369364,0.036488205,-0.9899076,-0.75308204,0.65303195,-0.08010483,0.6435183,0.7564509,0.11690247
1356273135426,0.13090706,0.09282541,-0.98703945,-0.7367105,0.67534316,-0.034194797,0.66341615,0.73163867,0.15679264
1356273135467,0.12786402,0.12167022,-0.9843004,-0.7218764,0.6919729,-0.008238852,0.68010676,0.71159667,0.17630929
1356273135507,0.12790178,0.11430043,-0.9851784,-0.7109883,0.703122,-0.010728538,0.6914744,0.7018225,0.17119682
1356273135546,0.12973468,0.0782921,-0.988453,-0.70566237,0.7076038,-0.036571354,0.69656986,0.7022586,0.14704853
1356273135591,0.13288292,0.025653541,-0.99079967,-0.70681703,0.70323825,-0.076588005,0.6948035,0.7104913,0.11158073
1356273135628,0.13845062,-0.03217134,-0.9898467,-0.71285903,0.69058716,-0.12215319,0.68750525,0.72253335,0.072678566
1356273135668,0.14895907,-0.089348644,-0.98479855,-0.7198273,0.6730292,-0.1699425,0.6779822,0.73419935,0.035938203
1356273135708,0.16806465,-0.14446545,-0.9751328,-0.72279876,0.6545817,-0.2215507,0.6703105,0.74205965,0.0055925846
1356273135748,0.20143998,-0.2001949,-0.9588242,-0.7163092,0.6375494,-0.2836051,0.6680741,0.74394405,-0.014973521
1356273135788,0.2599796,-0.26670706,-0.92805064,-0.69124264,0.6196793,-0.37172738,0.67423606,0.73814976,-0.023255289
1356273135826,0.37496904,-0.37795037,-0.84649384,-0.61944133,0.57719755,-0.5321048,0.68970335,0.72387606,-0.017686903
1356273135866,0.63432217,-0.6414664,-0.4314583,-0.30240452,0.3077487,-0.90213203,0.71146816,0.7027173,0.0012294948
1356273135907,0.42566812,-0.491606,0.7596908,0.53012705,-0.54490113,-0.64965224,0.73332936,0.67926896,0.028666615
1356273135946,0.124164164,-0.22337697,0.9667915,0.6510052,-0.71697885,-0.2492658,0.7488494,0.66033626,0.05639651
1356273135986,0.021600187,-0.14255553,0.9895511,0.6563586,-0.7445862,-0.12159288,0.75413984,0.6521268,0.07748431
1356273136026,-0.016611397,-0.11584553,0.9931283,0.66201425,-0.7456377,-0.075903386,0.74930704,0.6562042,0.08907759
1356273136066,-0.021730244,-0.111551195,0.9935211,0.6750027,-0.7347002,-0.067727506,0.7374952,0.6691577,0.09126252
1356273136106,-9.1665983E-4,-0.12217906,0.99250776,0.69173455,-0.71681887,-0.087602526,0.72215134,0.6864716,0.08517242
1356273136146,0.046625435,-0.14746994,0.98796695,0.70824224,-0.6925876,-0.13680416,0.70442814,0.7060985,0.072152205
1356273136186,0.124759495,-0.19048277,0.9737307,0.71913743,-0.6587832,-0.2210119,0.68357635,0.72781944,0.054793753
1356273136226,0.23473603,-0.25506422,0.93799853,0.71354496,-0.6100817,-0.34446186,0.6601156,0.7501617,0.038791623
1356273136266,0.36517167,-0.3408175,0.8663101,0.6767203,-0.54186374,-0.4984309,0.63929594,0.76826245,0.032764822
1356273136307,0.48615313,-0.4380906,0.7561295,0.6054693,-0.45505685,-0.6529397,0.6301286,0.77524185,0.044023097
1356273136346,0.5692817,-0.53189206,0.6269045,0.5194583,-0.35832986,-0.77573365,0.6372452,0.7672617,0.07230514
1356273136386,0.61423516,-0.611018,0.49937165,0.43924528,-0.26099077,-0.8596204,0.65557504,0.74735576,0.10807714
1356273136426,0.6425592,-0.6687366,0.3740442,0.3622369,-0.16504765,-0.9173569,0.67520523,0.7249487,0.13618818
1356273136466,0.66746444,-0.7011802,0.25067422,0.27983746,-0.075767934,-0.95705295,0.69005954,0.7089468,0.14564407
1356273136506,0.68857414,-0.71166414,0.13928309,0.19410855,-0.004179761,-0.98097116,0.6987041,0.70250744,0.13526201
1356273136546,0.70391804,-0.70856726,0.049313515,0.113162786,0.04333709,-0.99263084,0.7012087,0.70431125,0.11068922
1356273136590,0.7148155,-0.6991098,-0.016862392,0.043285817,0.06829898,-0.9967255,0.6979722,0.71174496,0.07908268
1356273136627,0.7237294,-0.6874071,-0.060723007,-0.012403905,0.07502124,-0.99710476,0.6899724,0.7223872,0.04576853
1356273136667,0.7319675,-0.6763299,-0.08247095,-0.050331652,0.06703758,-0.9964801,0.679478,0.73354197,0.015028521
1356273136708,0.73950255,-0.66842705,-0.07963246,-0.06531495,0.04649058,-0.9967811,0.6699776,0.7423233,-0.009278372
1356273136748,0.74469113,-0.6658425,-0.04570484,-0.049969792,0.012663633,-0.99867046,0.665536,0.7459849,-0.02384153
1356273136788,0.74282914,-0.66880053,0.030177683,0.0046875477,-0.039879307,-0.99919355,0.6694646,0.74237156,-0.026488476
1356273136826,0.7227199,-0.6714468,0.1638144,0.1086379,-0.12370928,-0.9863539,0.6825495,0.730654,-0.016462602
1356273136866,0.662079,-0.6549414,0.36428446,0.2624982,-0.2526253,-0.931276,0.7019587,0.71220225,0.00466308
1356273136906,0.5391161,-0.59096134,0.6000988,0.43369615,-0.41599524,-0.7992845,0.72198445,0.69116765,0.0320279
1356273136946,0.37658507,-0.47984025,0.79242474,0.56244606,-0.561263,-0.6071559,0.73609656,0.67434204,0.058521003
1356273136986,0.23406243,-0.36563483,0.9008473,0.6304426,-0.6482848,-0.42692965,0.740106,0.6678608,0.078772664
1356273137027,0.14013684,-0.2805643,0.94955003,0.66390747,-0.6848543,-0.30033547,0.7345669,0.67250144,0.090295464
1356273137066,0.09303224,-0.22996527,0.968742,0.6845326,-0.6917636,-0.2299531,0.7230216,0.68452847,0.09306234
1356273137106,0.08474749,-0.20802449,0.97444534,0.70052147,-0.6830295,-0.20673741,0.7085813,0.70014036,0.08784059
1356273137147,0.110063314,-0.208453,0.97181964,0.713552,-0.66407835,-0.22325648,0.6919029,0.7180162,0.07565141
1356273137188,0.16641188,-0.22728579,0.9595041,0.72181016,-0.63486207,-0.27557248,0.67178655,0.7384384,0.058408625
1356273137226,0.24731034,-0.26391602,0.9323014,0.71861774,-0.59545916,-0.3591894,0.64994323,0.75879955,0.042391513
1356273137266,0.33378887,-0.31346524,0.88900197,0.6999589,-0.5492573,-0.45647994,0.6313814,0.7746328,0.03607681
1356273137306,0.40542966,-0.37539518,0.8334898,0.6675558,-0.50131464,-0.55050224,0.6244966,0.7795909,0.047349423
1356273137346,0.44625032,-0.44474363,0.7765718,0.63217425,-0.4575423,-0.6253086,0.6334165,0.76997286,0.076977044
1356273137386,0.46510148,-0.51574254,0.7195069,0.5979483,-0.4163143,-0.684938,0.65279275,0.74879366,0.11475903
1356273137426,0.48813182,-0.5827928,0.6496767,0.55551165,-0.36666608,-0.7462993,0.6731523,0.72519547,0.14476687
1356273137466,0.5320831,-0.6394983,0.5549139,0.49264938,-0.2991926,-0.81717825,0.6886103,0.7081847,0.15585315
1356273137506,0.58958286,-0.6781271,0.43878895,0.40730625,-0.21950817,-0.8865201,0.697491,0.70139855,0.1467871
1356273137546,0.6434231,-0.69558275,0.31964275,0.31025836,-0.1447675,-0.93956494,0.69981897,0.7037096,0.12266356
1356273137590,0.68557847,-0.6959028,0.21377887,0.21395431,-0.08808036,-0.9728645,0.69584894,0.71271384,0.08850544
1356273137627,0.71344495,-0.6877006,0.13440272,0.13348606,-0.05490811,-0.9895284,0.6878792,0.723915,0.052624546
1356273137668,0.7323091,-0.6763259,0.07941404,0.0708096,-0.04035823,-0.9966731,0.6772808,0.73549616,0.01833567
1356273137708,0.7441597,-0.6660635,0.05085188,0.03195232,-0.040546447,-0.9986667,0.6672372,0.7447923,-0.00889077
1356273137748,0.74953634,-0.66012716,0.049268812,0.020490587,-0.051255718,-0.9984754,0.661646,0.7494032,-0.024891645
1356273137788,0.74634814,-0.66085684,0.07894704,0.040810615,-0.0729534,-0.99649996,0.6643033,0.7469577,-0.027478643
1356273137826,0.7298185,-0.66800225,0.14538917,0.09602901,-0.11039005,-0.9892384,0.67686296,0.73592603,-0.016417116
1356273137866,0.693334,-0.6760358,0.24952663,0.18310402,-0.16963065,-0.9683482,0.6969655,0.71707803,0.0061742067
1356273137906,0.6341778,-0.67480576,0.377433,0.28578943,-0.24899986,-0.92537737,0.7184308,0.69472015,0.034942213
1356273137946,0.56497234,-0.6590682,0.49642253,0.3769488,-0.3290242,-0.86582494,0.73397267,0.676293,0.06254536
1356273137986,0.5121124,-0.63827115,0.5747615,0.4373383,-0.38216063,-0.81405675,0.73924017,0.6682538,0.083431244
1356273138026,0.4955056,-0.6277253,0.60036254,0.46321958,-0.39372316,-0.79398334,0.7347801,0.67152286,0.09568265
1356273138066,0.5193829,-0.63440704,0.5725112,0.4538685,-0.3628602,-0.81384015,0.72404754,0.68253946,0.09947401
1356273138107,0.5760448,-0.6532573,0.49135244,0.4051507,-0.29389712,-0.86572355,0.70994735,0.6977673,0.095369786
1356273138153,0.65547705,-0.66818535,0.35196334,0.30716687,-0.18987605,-0.9325211,0.6899263,0.7193576,0.08078501
1356273138184,0.7220203,-0.6689509,0.17661062,0.17456229,-0.07087271,-0.98209214,0.6694883,0.73992,0.065602064
1356273138227,0.7600777,-0.6490071,0.032735914,0.058974296,0.0187238,-0.9980839,0.6471505,0.760552,0.05250629
1356273138266,0.7765546,-0.62477624,-0.08134949,-0.03157723,0.0903596,-0.99540854,0.6292583,0.77555776,0.05044046
1356273138306,0.7764811,-0.6103283,-0.15676868,-0.0800671,0.1512078,-0.985254,0.6250331,0.77758306,0.06854278
1356273138346,0.76538736,-0.611171,-0.20162386,-0.08905935,0.20969078,-0.9737033,0.6373779,0.7632167,0.106064186
1356273138387,0.74810314,-0.6233653,-0.22750258,-0.07385534,0.26249385,-0.9621031,0.6594597,0.7365546,0.15033363
1356273138426,0.7299825,-0.6387316,-0.24320246,-0.055365056,0.2994048,-0.95251846,0.6812197,0.7087867,0.18319684
1356273138467,0.71522087,-0.6518818,-0.25201046,-0.048032373,0.31388238,-0.9482461,0.697246,0.6903101,0.19318381
1356273138507,0.7057479,-0.6611984,-0.25443405,-0.05522892,0.30669546,-0.950204,0.70630705,0.6846566,0.1799324
1356273138546,0.70216906,-0.6664566,-0.25058764,-0.07287732,0.28282356,-0.9563993,0.7082708,0.68981624,0.15002038
1356273138590,0.70479465,-0.66732895,-0.2407001,-0.09561509,0.24684179,-0.9643271,0.7029383,0.7026671,0.11016606
