1356272463558,-0.46036845,0.13455269,-0.8774717,-0.85969543,0.17886138,0.47846887,0.22132507,0.97463024,0.03333217
1356272463595,0.9471226,-0.22296908,0.23074579,0.23232728,-0.019485291,-0.9724425,0.22132075,0.97463083,0.03334683
1356272463635,0.9471261,-0.22295144,0.23074841,0.23236415,-0.019332025,-0.9724368,0.22126698,0.97463787,0.033496052
1356272463677,0.94709444,-0.22296824,0.2308623,0.23261948,-0.018724889,-0.97238755,0.22113441,0.97464585,0.03413251
1356272463715,0.9469283,-0.22312203,0.23139425,0.23353249,-0.01713201,-0.97219807,0.22088306,0.97463995,0.035883456
1356272463755,0.9465348,-0.22353175,0.2326057,0.23540232,-0.014438871,-0.97179073,0.22058466,0.97458965,0.038953006
1356272463797,0.945894,-0.2242805,0.2344841,0.23822021,-0.010650996,-0.9711527,0.22030813,0.9744664,0.04335344
1356272463836,0.9450687,-0.22530329,0.23681968,0.24163675,-0.0063632764,-0.9703459,0.22012907,0.9742679,0.04842782
1356272463875,0.94424593,-0.22636795,0.2390759,0.2448943,-0.0024509728,-0.96954674,0.22006026,0.9740388,0.053121895
1356272463917,0.943576,-0.2273455,0.24078707,0.24745235,8.4265694E-4,-0.9688997,0.22007208,0.9738138,0.057052284
1356272463956,0.94316113,-0.22814658,0.24165334,0.24900812,0.0035711862,-0.96849483,0.22009577,0.97362024,0.060178548
1356272463995,0.94304127,-0.22870877,0.24158947,0.24946707,0.0057305694,-0.9683664,0.22008942,0.9734781,0.06245947
1356272464035,0.94318295,-0.228976,0.24078214,0.24893512,0.0069659054,-0.96849513,0.22008488,0.97340715,0.06357029
1356272464077,0.94354075,-0.2289554,0.23939565,0.24749489,0.0068988204,-0.9688647,0.22017524,0.9734125,0.063174605
1356272464115,0.94402224,-0.22872484,0.23771192,0.24540406,0.005366858,-0.96940595,0.22045149,0.97347623,0.061196446
1356272464160,0.9445431,-0.22838722,0.23596114,0.24295194,0.0025747158,-0.9700349,0.22093606,0.97356695,0.057919055
1356272464197,0.9450455,-0.22799905,0.23431899,0.24037187,-0.0012561977,-0.9706801,0.22160847,0.9736606,0.053617388
1356272464235,0.9454672,-0.22766374,0.23293999,0.23792182,-0.005709175,-0.97126746,0.22245231,0.97372305,0.04876834
1356272464272,0.9457682,-0.22748023,0.23189501,0.23579094,-0.010287765,-0.9717493,0.22343947,0.9737283,0.04390794
1356272464316,0.94598967,-0.22743683,0.23103254,0.23385821,-0.014828622,-0.9721576,0.22453035,0.9736799,0.03916025
1356272464355,0.9462364,-0.22736911,0.23008673,0.23190759,-0.019051462,-0.97255117,0.2255116,0.97362226,0.034701437
1356272464395,0.9465719,-0.22717604,0.22889453,0.22985244,-0.022599574,-0.9729631,0.22620681,0.97359145,0.03082484
1356272464435,0.9469668,-0.22679582,0.22763455,0.22797501,-0.02505374,-0.9733446,0.22645357,0.9736201,0.027978718
1356272464489,0.9473168,-0.22617699,0.22679242,0.22685827,-0.026057903,-0.9735791,0.22611094,0.97373766,0.026625037
1356272464516,0.94753456,-0.22547394,0.22658278,0.22674829,-0.025517225,-0.97361904,0.22530751,0.9739149,0.02694738
1356272464556,0.9476349,-0.22450438,0.22712536,0.22769651,-0.0236994,-0.9734438,0.2239251,0.97418493,0.028660476
1356272464596,0.94771844,-0.22318625,0.22807379,0.2292274,-0.021084368,-0.97314453,0.22200127,0.97454774,0.031178355
1356272464626,0.9477596,-0.22176802,0.22928311,0.23098236,-0.018606331,-0.97278005,0.2199976,0.974922,0.033590168
1356272464655,0.94790494,-0.22022033,0.23017219,0.2323595,-0.016285006,-0.97249365,0.21791121,0.97531426,0.03573364
1356272464694,0.9482521,-0.21837236,0.2305027,0.2331283,-0.014029738,-0.97234476,0.21556711,0.97576463,0.037605047
1356272464735,0.9486136,-0.21654688,0.23073733,0.2337235,-0.012080487,-0.97222805,0.21332037,0.9761975,0.039152384
1356272464775,0.9489056,-0.21493697,0.23104176,0.2343235,-0.010446791,-0.9721026,0.21135443,0.9765721,0.040451765
1356272464815,0.94913965,-0.21352479,0.23138946,0.23493525,-0.00897852,-0.97196954,0.20961714,0.97689635,0.041642636
1356272464856,0.9493646,-0.2122179,0.23166877,0.23547715,-0.007510368,-0.9718509,0.20798406,0.9771935,0.04284239
1356272464895,0.94966644,-0.21085833,0.23167332,0.23574354,-0.0059835576,-0.9717969,0.20629771,0.9774983,0.044026107
1356272464936,0.95024854,-0.20905867,0.23091573,0.23521593,-0.004405711,-0.9719331,0.2042084,0.9778931,0.04498741
1356272464976,0.95145625,-0.20613159,0.22856216,0.23299654,-0.002835963,-0.9724734,0.2011057,0.97852015,0.04532966
1356272465027,0.95397794,-0.20062374,0.22288133,0.22718297,-0.0016228892,-0.97385067,0.19573928,0.979667,0.0440301
1356272465062,0.9575052,-0.19279256,0.21451026,0.21831164,-0.0015626252,-0.9758778,0.18847719,0.9812383,0.04059264
1356272465092,0.9611031,-0.18423162,0.20576581,0.20886745,-0.0026248097,-0.97794044,0.18070766,0.9828794,0.035957277
1356272465135,0.96604604,-0.17204587,0.19275732,0.19461162,-0.006186273,-0.9808608,0.16994552,0.9850695,0.027505904
1356272465175,0.9711726,-0.15761617,0.17883226,0.1790818,-0.01273489,-0.9837518,0.1573326,0.9874183,0.015858412
1356272465216,0.9760847,-0.14162295,0.16492902,0.1632529,-0.023454728,-0.98630536,0.14355184,0.98964274,2.2655725E-4
1356272465255,0.9798548,-0.12615019,0.1548248,0.15112388,-0.03845644,-0.9877665,0.13056093,0.9912654,-0.018617421
1356272465295,0.9821999,-0.11242525,0.15047872,0.14476334,-0.057425827,-0.9877985,0.11969486,0.99199945,-0.04012859
1356272465335,0.9827522,-0.101152495,0.15481065,0.14728412,-0.07810381,-0.9860057,0.11182822,0.99180037,-0.061858535
1356272465375,0.9813451,-0.092013314,0.16880554,0.15970542,-0.09866339,-0.98222184,0.10703242,0.9908577,-0.08212781
1356272465416,0.9776423,-0.0840453,0.19274834,0.18219772,-0.11903167,-0.97603047,0.10497394,0.98932695,-0.10105753
1356272465494,0.9712036,-0.07554348,0.2259573,0.21386872,-0.14151645,-0.9665575,0.10499378,0.98704934,-0.1212849
1356272465495,0.96088856,-0.0638354,0.26947767,0.2562192,-0.16434997,-0.95254433,0.1050947,0.98433435,-0.14156616
1356272465534,0.9496663,-0.048427902,0.3094973,0.29559636,-0.18856555,-0.93651795,0.10371412,0.98086584,-0.16475925
1356272465576,0.9376581,-0.027216047,0.3464919,0.3331615,-0.21358275,-0.9183605,0.09899882,0.9765458,-0.19120026
1356272465615,0.92606086,4.3988228E-4,0.37737408,0.36670008,-0.2372081,-0.89959073,0.08912048,0.9714588,-0.21983042
1356272465656,0.91655636,0.034229413,0.39843786,0.39332664,-0.25713947,-0.88270795,0.07223953,0.96576786,-0.24914616
1356272465695,0.9098793,0.07241094,0.40850493,0.4120978,-0.27144557,-0.8697659,0.04790628,0.959726,-0.2768231
1356272465736,0.9043393,0.11046237,0.41227233,0.4263546,-0.2786134,-0.8605791,0.019802973,0.95402974,-0.2990572
1356272465776,0.8967559,0.14237238,0.4189976,0.4424883,-0.2761969,-0.8531819,-0.005743727,0.95049745,-0.31067932
1356272465816,0.8835563,0.16345836,0.438873,0.4677853,-0.2630612,-0.8437864,-0.022473484,0.95083123,-0.30889282
1356272465857,0.86070555,0.16916241,0.48017704,0.5083939,-0.23582578,-0.828204,-0.026862845,0.95695883,-0.28897768
1356272465896,0.8262071,0.15992112,0.5401917,0.5629987,-0.19973484,-0.8019592,-0.020355105,0.9667116,-0.25505772
1356272465935,0.77574795,0.13441622,0.61656094,0.6310314,-0.15933508,-0.7592178,-0.0038113892,0.978031,-0.2084247
1356272465975,0.7099406,0.09456062,0.6978844,0.70399666,-0.12246299,-0.69956523,0.019313693,0.987958,-0.1535118
1356272466017,0.63828236,0.04671836,0.7683834,0.7685313,-0.096007586,-0.6325679,0.044218063,0.9942837,-0.09718448
1356272466057,0.56856805,-0.0043271184,0.8226249,0.81972325,-0.08110024,-0.5669892,0.06916845,0.9966966,-0.04256399
1356272466096,0.5164244,-0.05177039,0.8547664,0.85136646,-0.076306224,-0.5189919,0.092092395,0.9957395,0.0046691746
1356272466137,0.48424393,-0.09239212,0.8700411,0.86757576,-0.07798183,-0.49115294,0.113226056,0.9926644,0.04239495
1356272466175,0.481305,-0.12345964,0.86781526,0.86679554,-0.08027613,-0.49215996,0.13042665,0.98909736,0.0683769
1356272466217,0.5084982,-0.14198649,0.8492758,0.84947747,-0.07853034,-0.521748,0.14077511,0.98674864,0.080681786
1356272466255,0.56403804,-0.14843321,0.8122983,0.81331974,-0.07017121,-0.57756984,0.14273056,0.9864297,0.08114447
1356272466296,0.63825464,-0.1420187,0.75661194,0.75766444,-0.05811836,-0.6500515,0.13629255,0.9881563,0.070508234
1356272466335,0.7142309,-0.12789449,0.68812585,0.68836164,-0.049504265,-0.7236765,0.1266194,0.99055153,0.052680157
1356272466376,0.7727009,-0.114990264,0.62426805,0.62313616,-0.050014332,-0.7805125,0.120973706,0.99210674,0.033008493
1356272466415,0.80543,-0.11007498,0.58237964,0.57964665,-0.058722258,-0.8127493,0.12366201,0.9921871,0.01650792
1356272466490,0.8125442,-0.11481364,0.57148033,0.56688505,-0.07258406,-0.820593,0.13569562,0.9907317,0.006108377
1356272466495,0.7996489,-0.121183604,0.58811235,0.5817059,-0.08657876,-0.8087783,0.14892866,0.98884714,0.0012606047
1356272466522,0.77398664,-0.12708645,0.62031746,0.61220455,-0.09999716,-0.78435075,0.16171034,0.9868382,4.0644407E-4
1356272466554,0.73598313,-0.13268176,0.6638707,0.6540674,-0.1137089,-0.7478409,0.17471291,0.9846145,0.003095001
1356272466595,0.67902553,-0.13932323,0.72077274,0.7089362,-0.13048446,-0.69309676,0.19061416,0.9816123,0.010169029
1356272466635,0.5966214,-0.1410594,0.7900286,0.775142,-0.15366223,-0.6128155,0.20784089,0.97800314,0.017662875
1356272466675,0.5086112,-0.13285035,0.85068524,0.8318719,-0.17898068,-0.5253141,0.22204444,0.97484183,0.01948291
1356272466716,0.4422218,-0.108551234,0.89031255,0.8683399,-0.19671068,-0.4552918,0.22455645,0.97443396,0.007269636
1356272466755,0.40714705,-0.06641066,0.91094506,0.8892164,-0.19899112,-0.4119425,0.20862734,0.9777485,-0.02196519
1356272466797,0.40376937,-0.0068043172,0.91483545,0.8989394,-0.18279439,-0.39811307,0.16993573,0.98312753,-0.06769006
1356272466835,0.39828077,0.0532721,0.9157153,0.9086778,-0.15918598,-0.38595915,0.1252082,0.9858103,-0.11180782
1356272466876,0.37741217,0.098118216,0.9208327,0.92190695,-0.13371333,-0.36360484,0.08745128,0.9861509,-0.14092094
1356272466915,0.3355695,0.11868164,0.9345094,0.9397087,-0.11155504,-0.32326916,0.06588307,0.98664594,-0.14896062
1356272466956,0.27828914,0.11259389,0.9538751,0.9584584,-0.09722787,-0.2681497,0.0625512,0.98887277,-0.134974
1356272466995,0.22086897,0.08924383,0.9712118,0.9726729,-0.093244225,-0.21263307,0.07158375,0.9916355,-0.10739976
1356272467035,0.17051315,0.054561853,0.9838436,0.9813037,-0.0998559,-0.16453514,0.08926529,0.99350476,-0.07056844
1356272467075,0.1346485,0.016036808,0.9907636,0.98473495,-0.11346811,-0.13199255,0.11030334,0.99341214,-0.031070322
1356272467115,0.11585957,-0.02084583,0.9930469,0.9846943,-0.12865007,-0.11758566,0.1302067,0.99147093,0.0056213737
1356272467155,0.114542305,-0.05231768,0.9920398,0.9826934,-0.14037514,-0.12086618,0.14558113,0.9887152,0.035333306
1356272467196,0.13088655,-0.07537857,0.9885276,0.97952163,-0.14403874,-0.14067748,0.1529904,0.98669696,0.054982245
1356272467232,0.16482091,-0.087760955,0.9824114,0.9749706,-0.13619208,-0.1757389,0.14921966,0.98678756,0.06311703
1356272467277,0.21641943,-0.08666515,0.9724462,0.9673109,-0.11582199,-0.22559866,0.13218221,0.9894818,0.058766037
1356272467316,0.28320232,-0.07407254,0.9561954,0.9530471,-0.08973464,-0.28922123,0.107227266,0.9932074,0.045181543
1356272467356,0.3576715,-0.053108484,0.9323361,0.93030524,-0.066611946,-0.36068684,0.081260234,0.99636453,0.025581926
1356272467395,0.42876986,-0.03360507,0.90278846,0.9011308,-0.055087417,-0.43003312,0.06418365,0.99791586,0.006662756
1356272467436,0.4850726,-0.022614896,0.8741814,0.87231797,-0.057638705,-0.48552975,0.061366916,0.9980813,-0.008231565
1356272467490,0.5231825,-0.022010088,0.85193634,0.8493508,-0.06850383,-0.52336454,0.06988022,0.99740803,-0.017145738
1356272467518,0.5419396,-0.031297833,0.8398344,0.8358338,-0.08415401,-0.5424942,0.08765435,0.99596107,-0.019446582
1356272467557,0.543625,-0.04614374,0.8380588,0.83209825,-0.10114464,-0.54532754,0.10992861,0.993801,-0.016588628
1356272467598,0.5305404,-0.065466285,0.8451278,0.8365108,-0.120735586,-0.5344835,0.13702768,0.99052364,-0.009291872
1356272467637,0.5052806,-0.08557284,0.8587018,0.84649307,-0.14428651,-0.5124754,0.16775307,0.985829,-4.683882E-4
1356272467676,0.4748152,-0.099619836,0.8744292,0.8575351,-0.17110646,-0.48513514,0.19794956,0.98020333,0.0041835755
1356272467717,0.44924858,-0.097228974,0.8881004,0.86629856,-0.19560799,-0.45963514,0.21840939,0.97585046,-0.0036473274
1356272467757,0.43606356,-0.06911138,0.89725816,0.87325394,-0.20840219,-0.44044974,0.21743071,0.97559834,-0.030524805
1356272467797,0.4325554,-0.016298294,0.90146005,0.88124466,-0.2036511,-0.42653725,0.19053519,0.9789078,-0.07372761
1356272467837,0.4263417,0.045206517,0.9034319,0.892393,-0.18429446,-0.41191047,0.14787641,0.9818309,-0.118914425
1356272467876,0.40587103,0.09342864,0.9091424,0.9075661,-0.15839428,-0.38888988,0.10766944,0.9829458,-0.14908034
1356272467916,0.3680753,0.11484867,0.9226756,0.9261144,-0.13350523,-0.35282922,0.08266005,0.98437095,-0.15550297
1356272467956,0.31664053,0.10780257,0.94239974,0.94549805,-0.11544761,-0.30447534,0.07597458,0.9874464,-0.13848254
1356272467997,0.25919396,0.080515,0.9624634,0.96217406,-0.10809404,-0.25007337,0.08390188,0.9908748,-0.10548675
1356272468037,0.20379904,0.04314369,0.9780616,0.97377867,-0.11209914,-0.19796175,0.101099074,0.99276,-0.06485808
1356272468077,0.15654105,0.0044830143,0.98766124,0.9801066,-0.12423462,-0.15477976,0.12200785,0.9922427,-0.02384162
1356272468117,0.12090963,-0.029574543,0.9922229,0.9825027,-0.13908494,-0.12387076,0.14166662,0.98983884,0.01224032
1356272468156,0.098382294,-0.055758387,0.99358535,0.9828541,-0.15101415,-0.10579443,0.15594444,0.9869578,0.039945275
1356272468197,0.089405894,-0.07263398,0.99334323,0.98296106,-0.15438694,-0.09976035,0.16060528,0.98533696,0.057593316
1356272468237,0.094689846,-0.079031706,0.9923648,0.9839997,-0.14369762,-0.10533568,0.15092534,0.9864608,0.06416044
1356272468276,0.11430699,-0.07649273,0.99049616,0.98494273,-0.12144071,-0.12304455,0.1296986,0.98964685,0.061459452
1356272468317,0.14658731,-0.06396705,0.9871273,0.98414534,-0.09129864,-0.1520608,0.09985027,0.99376696,0.049569637
1356272468355,0.18860617,-0.048206806,0.98086894,0.97925913,-0.066052586,-0.19154301,0.07402262,0.99665105,0.034749
1356272468396,0.23213452,-0.03449744,0.97207177,0.9708151,-0.053698063,-0.23374009,0.060261846,0.99796116,0.021025479
1356272468435,0.2719198,-0.027626187,0.96192324,0.960415,-0.055072904,-0.27307513,0.060519904,0.99810016,0.011557162
1356272468492,0.3038992,-0.028995812,0.9522629,0.94999087,-0.066161424,-0.30518872,0.07185221,0.9973876,0.0074393153
1356272468517,0.32670978,-0.03778228,0.9443692,0.94077957,-0.08270267,-0.32877666,0.09052384,0.9958578,0.0085250735
1356272468557,0.3408313,-0.052300155,0.93866855,0.9331659,-0.10243532,-0.3445407,0.1141724,0.99336374,0.013891578
1356272468597,0.34803113,-0.07019755,0.93485117,0.9267552,-0.1246635,-0.35437807,0.14141825,0.9897127,0.02166915
1356272468638,0.35152477,-0.087073624,0.93212044,0.9206541,-0.14841855,-0.36106494,0.16978323,0.9850838,0.02799192
1356272468676,0.3561724,-0.09512636,0.92956555,0.914153,-0.17059532,-0.36772463,0.19355986,0.9807385,0.02619873
1356272468716,0.3669902,-0.0846442,0.92636585,0.90774214,-0.18503386,-0.37651926,0.20327917,0.97908014,0.008929446
1356272468756,0.38575226,-0.04968998,0.92126334,0.90269303,-0.18599653,-0.38800853,0.1906319,0.98129314,-0.026893795
1356272468796,0.4073432,0.0035256445,0.9132683,0.89959526,-0.17398214,-0.400573,0.15748009,0.9847425,-0.07404213
1356272468835,0.42246276,0.056063384,0.9046447,0.898664,-0.15586752,-0.41001028,0.11801815,0.9861857,-0.11623037
1356272468875,0.42508477,0.089004666,0.90076697,0.90091026,-0.13784963,-0.4115315,0.087542176,0.98644596,-0.13878298
1356272468915,0.41519773,0.09484717,0.90477335,0.9068134,-0.12273997,-0.40326712,0.07280311,0.9878962,-0.13697007
1356272468955,0.39650393,0.07696742,0.9148009,0.9150933,-0.11281818,-0.3871386,0.07340914,0.99063015,-0.115165204
1356272468995,0.3739274,0.043320924,0.92644566,0.92342436,-0.110450804,-0.36754328,0.08640438,0.992937,-0.08130419
1356272469035,0.35282704,0.002674222,0.9356848,0.9295236,-0.1156055,-0.3501734,0.10723379,0.9932917,-0.04327455
1356272469075,0.33798644,-0.037688583,0.9403961,0.93209124,-0.12490347,-0.34000742,0.1302731,0.9914528,-0.0070865154
1356272469115,0.33319843,-0.07251832,0.9400638,0.9308022,-0.13362277,-0.34022364,0.15028638,0.9883754,0.022977352
1356272469155,0.3415301,-0.09824592,0.9347218,0.9256757,-0.1370329,-0.3526279,0.16273189,0.98568237,0.044143006
1356272469196,0.36577454,-0.11239058,0.9238925,0.91627496,-0.130631,-0.37864977,0.16324571,0.98504,0.055199176
1356272469235,0.40863723,-0.11249113,0.90573794,0.90048134,-0.11212653,-0.42019147,0.14882511,0.98730606,0.055477127
1356272469277,0.4709306,-0.098495334,0.8766545,0.8736485,-0.08572093,-0.47894698,0.122321635,0.9914387,0.04568167
1356272469317,0.5472417,-0.07406902,0.83369076,0.8319375,-0.06097856,-0.5515085,0.091686934,0.995387,0.028250784
1356272469355,0.6243922,-0.05070749,0.7794634,0.77806425,-0.047675386,-0.6263728,0.06892303,0.9975749,0.009685546
1356272469397,0.6874523,-0.03754762,0.72525823,0.72361827,-0.049197316,-0.6884448,0.061530232,0.99808306,-0.0066506863
1356272469435,0.73225546,-0.037260443,0.68000996,0.6776962,-0.058810756,-0.7329865,0.0673033,0.99757355,-0.017813236
1356272469493,0.7562423,-0.04849279,0.65249217,0.6489384,-0.07171655,-0.7574533,0.08352554,0.9962455,-0.022766232
1356272469517,0.7601837,-0.06682223,0.64626276,0.6410515,-0.084692314,-0.7628108,0.105706185,0.994164,-0.021545224
1356272469557,0.7437567,-0.08903408,0.6624944,0.6552963,-0.09853326,-0.74891776,0.131957,0.9911428,-0.014941044
1356272469597,0.70593464,-0.11204052,0.6993591,0.689594,-0.11657022,-0.71475273,0.16160572,0.9868426,-0.0050284863
1356272469637,0.64968216,-0.12918311,0.7491493,0.7356342,-0.14168963,-0.66239434,0.19171688,0.9814457,0.0029783025
1356272469676,0.58888423,-0.13042003,0.7976252,0.7789157,-0.17174536,-0.6031532,0.21565172,0.97647023,4.4807047E-4
1356272469718,0.54303527,-0.10599172,0.8329936,0.80949926,-0.19761613,-0.5528642,0.223212,0.9745325,-0.021512315
1356272469757,0.51951957,-0.057008207,0.8525547,0.8284817,-0.21054852,-0.5189291,0.20908737,0.9759197,-0.062153816
1356272469796,0.50595516,0.001797229,0.8625579,0.8435602,-0.20976198,-0.49437454,0.18004331,0.9777509,-0.10764627
1356272469836,0.4815967,0.050783098,0.87492037,0.8632628,-0.19965047,-0.46359146,0.15113565,0.9785503,-0.13999017
1356272469875,0.43499595,0.07769215,0.89707434,0.8905366,-0.18441802,-0.41585404,0.13312802,0.9797724,-0.14940882
1356272469915,0.3671319,0.08063164,0.9266675,0.92135584,-0.16833669,-0.35038003,0.12774044,0.98242617,-0.13609216
1356272469956,0.28830674,0.06474942,0.95534635,0.94849414,-0.15611318,-0.2756582,0.1312935,0.9856146,-0.10642293
1356272469996,0.2100684,0.036255956,0.9770142,0.9676428,-0.15058261,-0.20246547,0.13978076,0.9879324,-0.06671548
1356272470035,0.14817032,0.004129201,0.98895323,0.97774124,-0.15082046,-0.14586079,0.14855206,0.9885526,-0.026384413
1356272470076,0.1077072,-0.026896596,0.99381876,0.9820777,-0.1526385,-0.11056569,0.15466896,0.987916,0.0099743605
1356272470135,0.09703457,-0.05312538,0.99386215,0.98301685,-0.15116292,-0.10405594,0.15576306,0.9870803,0.03755507
1356272470155,0.11662316,-0.07166058,0.9905876,0.98197657,-0.14104372,-0.12581274,0.14873192,0.9874065,0.05391997
1356272470195,0.17317921,-0.0804902,0.9815958,0.9760833,-0.11895996,-0.1819613,0.13141674,0.9896312,0.05796373
1356272470232,0.2702056,-0.07755864,0.95967376,0.95699453,-0.08768353,-0.27653763,0.1055955,0.9931245,0.050530612
1356272470276,0.4026407,-0.06166151,0.9132789,0.91221845,-0.055535793,-0.4059228,0.07574946,0.9965509,0.033887774
1356272470315,0.5450624,-0.0402188,0.8374301,0.83684564,-0.034604758,-0.5463439,0.050952405,0.9985914,0.014795214
1356272470357,0.66021967,-0.024593562,0.7506698,0.75003886,-0.03082864,-0.6606748,0.039390504,0.99922204,-0.0019075423
1356272470395,0.731943,-0.022374839,0.6809983,0.68004584,-0.038193673,-0.7321741,0.042392105,0.9990198,-0.012739681
1356272470435,0.76080465,-0.033568174,0.6481122,0.6463424,-0.050769135,-0.76135665,0.058461457,0.9981461,-0.016928852
1356272470487,0.7448444,-0.05856192,0.6646633,0.6612246,-0.06865518,-0.7470399,0.08938065,0.9959202,-0.012414835
1356272470526,0.68823683,-0.081079185,0.7209412,0.7152961,-0.09013328,-0.69298446,0.12116739,0.9926239,-0.00403741
1356272470567,0.6025877,-0.100586325,0.7916883,0.7828734,-0.11805752,-0.6108777,0.15491077,0.9878991,0.007606387
1356272470607,0.49404037,-0.11183259,0.8622166,0.8484851,-0.15439218,-0.5061976,0.18972895,0.98166,0.01861234
1356272470647,0.3911787,-0.108484864,0.91389835,0.8934603,-0.1933702,-0.40538463,0.2206988,0.9751097,0.021284625
1356272470686,0.32456273,-0.08493188,0.9420433,0.9156494,-0.22150922,-0.33543983,0.2371608,0.9714527,0.0058742017
1356272470727,0.30409542,-0.039751798,0.9518118,0.9248407,-0.2272934,-0.3049711,0.22846374,0.9730146,-0.032354772
1356272470766,0.31313542,0.02004522,0.94949687,0.92946994,-0.21176705,-0.30205995,0.19501734,0.9771145,-0.084943175
1356272470807,0.3228878,0.07860589,0.9431673,0.9344709,-0.18444648,-0.30453846,0.1500254,0.9796941,-0.13301042
1356272470847,0.30839112,0.11832294,0.94387215,0.9447663,-0.15383396,-0.28939876,0.110957086,0.9809866,-0.15922856
1356272470886,0.2636701,0.13100001,0.95567626,0.9607309,-0.124457896,-0.24800447,0.0864529,0.9835391,-0.15867156
1356272470925,0.19719422,0.11884037,0.9731348,0.9773246,-0.10193843,-0.18559432,0.07714373,0.9876667,-0.13624725
1356272470965,0.1242879,0.089955896,0.98816013,0.988979,-0.091980755,-0.11601755,0.080455214,0.9916892,-0.10039663
1356272471005,0.060188413,0.0538314,0.9967344,0.99387926,-0.095900476,-0.05483657,0.09263536,0.9939342,-0.059274018
1356272471046,0.014107764,0.017301172,0.99975073,0.99387765,-0.10981822,-0.012124449,0.10958111,0.9938011,-0.018744528
1356272471085,-0.0076953173,-0.015137285,0.9998558,0.9919679,-0.12635982,0.005721599,0.12625498,0.991869,0.015988111
1356272471127,-0.0032596588,-0.041355073,0.9991393,0.9904552,-0.13781327,-0.0024728775,0.13779691,0.9895946,0.041409522
1356272471165,0.02995342,-0.059774965,0.9977623,0.9898014,-0.13730818,-0.037940443,0.13926885,0.9887231,0.05505255
1356272471206,0.09734565,-0.06885299,0.9928661,0.9869267,-0.122075796,-0.10522899,0.12845021,0.9901296,0.056069314
1356272471246,0.20363736,-0.06544402,0.9768567,0.9733553,-0.09389299,-0.20919779,0.105410695,0.99342906,0.04458016
1356272471286,0.33961052,-0.053067237,0.939068,0.9372827,-0.06425917,-0.3425962,0.07852429,0.99652135,0.027915865
1356272471326,0.47670597,-0.03694421,0.8782861,0.87730056,-0.043237925,-0.4779898,0.05563423,0.9983815,0.011799395
1356272471365,0.5834781,-0.027495712,0.8116633,0.8108622,-0.036075428,-0.5841242,0.04534203,0.99897075,0.0012460202
1356272471406,0.6403581,-0.03140977,0.767434,0.76634693,-0.040888086,-0.6411245,0.051516473,0.99866986,-0.0021122545
1356272471445,0.65162027,-0.04557097,0.7571752,0.755394,-0.051908523,-0.65321153,0.06907138,0.99761146,5.99429E-4
1356272471491,0.6234646,-0.06584427,0.7790741,0.7761158,-0.06835708,-0.62687445,0.09453136,0.99548566,0.008484587
1356272471527,0.55989814,-0.08714363,0.823966,0.8190501,-0.0920361,-0.5662916,0.12518337,0.99193513,0.019844204
1356272471567,0.4711238,-0.1047349,0.87582695,0.86750174,-0.12468052,-0.48155528,0.1596342,0.9866536,0.03211774
1356272471606,0.3780593,-0.112831146,0.9188799,0.90514505,-0.16334864,-0.39246616,0.19438022,0.980095,0.040373072
1356272471646,0.30698338,-0.10491243,0.9459147,0.92582965,-0.19730869,-0.3223488,0.22045559,0.97471154,0.03656058
1356272471686,0.27179176,-0.07662034,0.9593011,0.93553936,-0.21264404,-0.2820436,0.22559991,0.9741211,0.013886452
1356272471725,0.26935047,-0.028080225,0.9626327,0.9416597,-0.20178616,-0.26936817,0.20180994,0.9790269,-0.0279091
1356272471765,0.27464804,0.029379964,0.9610959,0.94841886,-0.17286834,-0.265741,0.1583356,0.9845067,-0.07534248
1356272471805,0.2640545,0.07759774,0.9613812,0.9576181,-0.1400173,-0.25171947,0.11507714,0.9871037,-0.11128116
1356272471845,0.22834209,0.103278846,0.96808755,0.96965194,-0.11336818,-0.21661663,0.08737841,0.9881706,-0.12603131
1356272471885,0.17412338,0.10433686,0.9791807,0.9815918,-0.09763554,-0.16414857,0.0784761,0.98973787,-0.11941683
1356272471925,0.11492339,0.08675948,0.9895785,0.98983693,-0.09399715,-0.1067124,0.08375922,0.991785,-0.096680254
1356272471965,0.062853456,0.058742464,0.9962925,0.99331063,-0.10057402,-0.056735337,0.096868366,0.9931939,-0.06467092
1356272472005,0.025277793,0.027185798,0.99931073,0.99332106,-0.11325705,-0.022045165,0.112579614,0.99319375,-0.029867113
1356272472045,0.0046190023,-0.003633827,0.9999827,0.9918287,-0.12747687,-0.00504452,0.12749302,0.9918349,0.0030153394
1356272472085,0.0028316379,-0.030397356,0.9995339,0.99039453,-0.13809282,-0.007005334,0.13824138,0.98995274,0.029714316
1356272472125,0.020069063,-0.0507901,0.99850774,0.98983777,-0.13961577,-0.026996553,0.14077854,0.9889024,0.04747194
1356272472165,0.05743289,-0.062900364,0.9963659,0.9896459,-0.1279077,-0.06512034,0.1315389,0.9897895,0.05490297
1356272472205,0.116519034,-0.06449622,0.9910921,0.98706585,-0.10311186,-0.122755826,0.11011067,0.99257654,0.051647514
1356272472246,0.19654974,-0.055475086,0.9789232,0.9770217,-0.07286629,-0.20029724,0.082442045,0.99579763,0.039878547
1356272472287,0.2893408,-0.039155513,0.95642495,0.9554509,-0.049008846,-0.29105243,0.05826962,0.9980304,0.02323094
1356272472325,0.37865868,-0.024864465,0.92520237,0.9243417,-0.040615827,-0.37939802,0.047011375,0.9988655,0.007603705
1356272472366,0.44739413,-0.019942015,0.8941146,0.89275,-0.049572885,-0.44781703,0.053254157,0.99857146,-0.004375398
1356272472405,0.49213532,-0.025011808,0.87015927,0.8676101,-0.06755158,-0.49263525,0.07110235,0.9974022,-0.011544004
1356272472446,0.5131534,-0.038234413,0.8574449,0.85277706,-0.090405226,-0.5143911,0.09718487,0.9951709,-0.013786361
1356272472493,0.51434183,-0.05556366,0.8557834,0.84814584,-0.11469346,-0.51719826,0.12689018,0.9918458,-0.011865571
1356272472528,0.49972633,-0.07462892,0.8629625,0.8514528,-0.14063331,-0.5052233,0.15906551,0.9872451,-0.0067351907
1356272472566,0.47472736,-0.09111792,0.87540364,0.859071,-0.1683183,-0.48338997,0.19139197,0.9815123,-0.0016285181
1356272472607,0.44886985,-0.09782842,0.88822603,0.8665271,-0.19515213,-0.45939803,0.21828139,0.9758818,-0.002826944
1356272472645,0.4324321,-0.0856061,0.8975935,0.8719225,-0.21387777,-0.44046274,0.22968161,0.9731022,-0.017845735
1356272472685,0.42995182,-0.04945469,0.9014963,0.87643903,-0.21688935,-0.4298994,0.21678555,0.9749426,-0.049907908
1356272472725,0.43573597,0.0060494244,0.9000542,0.88200164,-0.20225337,-0.42563692,0.1794641,0.97931457,-0.09346469
1356272472765,0.43445414,0.06316474,0.89847636,0.8909416,-0.17653424,-0.41840008,0.13218367,0.9822657,-0.13297212
1356272472805,0.4161778,0.103227824,0.90340465,0.90464664,-0.1472122,-0.39992872,0.09170848,0.9837035,-0.15465114
1356272472845,0.37958246,0.11723718,0.9176997,0.9227065,-0.1201365,-0.3663058,0.06730458,0.98581064,-0.15377721
1356272472885,0.33010304,0.10697514,0.9378637,0.9420667,-0.099980116,-0.3201784,0.05951664,0.98922205,-0.13378143
1356272472925,0.27607945,0.08033246,0.95777184,0.95896226,-0.08998653,-0.26887506,0.064587176,0.9926979,-0.10187924
1356272472965,0.22522599,0.045862883,0.97322655,0.97114015,-0.091033876,-0.22045326,0.078485996,0.99479115,-0.065042466
1356272473005,0.18311891,0.010565817,0.983034,0.978241,-0.101159245,-0.18113878,0.09752908,0.99481416,-0.028860092
1356272473045,0.15290996,-0.020672143,0.9880239,0.98120874,-0.11587575,-0.15427959,0.1176773,0.99304855,0.0025651157
1356272473085,0.13600838,-0.04471314,0.9896982,0.9816377,-0.12878507,-0.14071906,0.13375029,0.990664,0.026376218
1356272473145,0.13302392,-0.059633404,0.9893172,0.98121154,-0.13281876,-0.13993996,0.13974497,0.9893448,0.040844887
1356272473165,0.14440262,-0.064237505,0.98743176,0.98069954,-0.123643935,-0.15146178,0.13181946,0.9902453,0.045143157
1356272473206,0.17025727,-0.058006555,0.98369086,0.97908473,-0.10287684,-0.17552653,0.1113807,0.99300134,0.039277792
1356272473243,0.20745778,-0.044103265,0.97724926,0.97435176,-0.079710126,-0.21044001,0.08717772,0.995842,0.026435614
1356272473286,0.24897671,-0.028090507,0.968102,0.9660078,-0.06459594,-0.25031248,0.069566816,0.99751616,0.011052728
1356272473325,0.28576824,-0.017080039,0.9581466,0.9560869,-0.062811285,-0.28627363,0.06507197,0.99787927,-0.0016194582
1356272473367,0.31019065,-0.014843851,0.95055854,0.9476408,-0.07498619,-0.31040952,0.0758864,0.9970741,-0.009193391
1356272473405,0.32051724,-0.019521683,0.9470415,0.9424987,-0.09336269,-0.32090434,0.09468293,0.9954407,-0.011525184
1356272473445,0.31638056,-0.030256093,0.94814974,0.94101006,-0.116438866,-0.31771386,0.12001425,0.99273694,-0.008367717
1356272473493,0.29918036,-0.044059902,0.95317876,0.94255257,-0.14193478,-0.30240583,0.14861318,0.98889494,-9.353161E-4
1356272473531,0.2721968,-0.05929312,0.9604131,0.9452089,-0.17048809,-0.27841318,0.18024698,0.98357415,0.009638071
1356272473577,0.24245751,-0.06901908,0.9677038,0.947029,-0.19968492,-0.25151947,0.21059549,0.9774264,0.016947925
1356272473617,0.21887618,-0.064349025,0.9736285,0.94827616,-0.22109765,-0.2277897,0.22992504,0.9731265,0.012627602
1356272473657,0.21182007,-0.038282067,0.9765586,0.9504267,-0.2246806,-0.21495968,0.22764283,0.9736802,-0.011207581
1356272473696,0.2170161,0.007909209,0.97613597,0.95527923,-0.20747972,-0.2106981,0.20086193,0.97820735,-0.052581936
1356272473737,0.22261733,0.061378628,0.9729718,0.96187615,-0.17645204,-0.20894736,0.15885791,0.9823937,-0.09831995
1356272473777,0.21550465,0.10264537,0.971093,0.9691936,-0.14392996,-0.1998696,0.119253695,0.98424995,-0.1305008
1356272473817,0.19264725,0.12017974,0.9738808,0.9768381,-0.117687136,-0.17870924,0.09313601,0.98575175,-0.14006826
1356272473857,0.15916184,0.113957435,0.98065346,0.9837663,-0.10170987,-0.14784777,0.08289379,0.9882655,-0.12829584
1356272473895,0.1233471,0.09063259,0.98821616,0.9886161,-0.097683966,-0.11443812,0.08616102,0.991082,-0.10164985
1356272473935,0.09289551,0.058173448,0.9939749,0.99076617,-0.10441673,-0.08648449,0.09875652,0.9928308,-0.06733608
1356272473975,0.07344741,0.02291879,0.99703574,0.9905373,-0.11789584,-0.07025868,0.11593619,0.99276143,-0.031361014
1356272474015,0.06918311,-0.010780007,0.9975457,0.9886595,-0.13286078,-0.070002586,0.13328934,0.9910761,0.0014660358
1356272474055,0.084031105,-0.03986439,0.9956654,0.985574,-0.14398867,-0.088944376,0.14691025,0.988776,0.027189791
1356272474095,0.12230861,-0.06203574,0.9905515,0.98070544,-0.14580292,-0.13022414,0.15250385,0.9873668,0.043005854
1356272474136,0.1894199,-0.07520127,0.97901225,0.97098815,-0.13386086,-0.19814971,0.1459525,0.9881427,0.04766363
1356272474175,0.2903644,-0.07677403,0.9538313,0.94858825,-0.10812554,-0.29747137,0.12597165,0.99116826,0.04143119
1356272474215,0.424117,-0.06642231,0.90316826,0.90035176,-0.076363415,-0.42841053,0.097424924,0.9948653,0.027416363
1356272474256,0.5731271,-0.049224228,0.8179867,0.8164476,-0.051302478,-0.57513595,0.070275396,0.9974693,0.010786191
1356272474296,0.7069669,-0.03687468,0.70628476,0.7051023,-0.04095757,-0.70792174,0.055032104,0.9984802,-0.0029552132
1356272474337,0.80175287,-0.03903219,0.59637976,0.59494627,-0.04278481,-0.80262595,0.056844205,0.9983216,-0.011080809
1356272474375,0.8619845,-0.05366884,0.5040858,0.5020882,-0.04678747,-0.86354995,0.06993058,0.99746215,-0.013383593
1356272474416,0.89349055,-0.077878416,0.44227785,0.4396389,-0.04921469,-0.89682525,0.091609895,0.9957474,-0.009734482
1356272474455,0.9052472,-0.10636783,0.41135553,0.4083221,-0.049894333,-0.9114734,0.11747572,0.9930743,-0.0017343741
1356272474500,0.8994944,-0.13865346,0.4143489,0.41106367,-0.052915215,-0.9100696,0.14810966,0.9889263,0.00939846
1356272474533,0.877861,-0.16729824,0.44874418,0.44451058,-0.064101934,-0.89347714,0.17824249,0.98382026,0.018093228
1356272474575,0.8493452,-0.18465133,0.49448627,0.4872476,-0.08598508,-0.8690204,0.20298417,0.97903556,0.01693988
1356272474615,0.825057,-0.17832096,0.536174,0.5236114,-0.11539927,-0.8441054,0.2123958,0.977182,-0.0018400848
1356272474655,0.8163327,-0.1445512,0.5592012,0.5417478,-0.1440855,-0.82809937,0.20027556,0.9789506,-0.03931138
1356272474695,0.82069254,-0.09260626,0.5638154,0.5453374,-0.16750787,-0.8213088,0.17050189,0.98151165,-0.086970806
1356272474735,0.8225515,-0.040538162,0.56724393,0.55197227,-0.18316734,-0.8134964,0.13687818,0.9822456,-0.12828863
1356272474775,0.80963665,-0.003304422,0.5869221,0.5760428,-0.18725103,-0.7956832,0.11253101,0.98230654,-0.14970183
1356272474816,0.77829456,0.013481975,0.62775457,0.6195243,-0.17923433,-0.7642413,0.102211714,0.98371404,-0.1478495
1356272474855,0.7299987,0.011005849,0.6833599,0.67544806,-0.1641598,-0.71890295,0.10426813,0.98637235,-0.12727031
1356272474895,0.6711581,-0.0060447752,0.7412896,0.7324145,-0.1490768,-0.66433823,0.11452484,0.9888072,-0.095626846
1356272474935,0.6114335,-0.032069296,0.79064566,0.7807255,-0.13832217,-0.6093723,0.12890601,0.98986787,-0.059537455
1356272474975,0.56212217,-0.061221898,0.8247851,0.8145533,-0.13175213,-0.5649284,0.14325324,0.98939025,-0.024192274
1356272475015,0.5338996,-0.087997526,0.84095633,0.8315233,-0.12574959,-0.5410692,0.15336266,0.9881515,0.0060343295
1356272475056,0.5324745,-0.10800129,0.8395276,0.8320961,-0.115066975,-0.5425638,0.15519956,0.9874691,0.02859728
1356272475095,0.5616989,-0.11903176,0.8187343,0.81410766,-0.096771955,-0.572594,0.14738736,0.9881633,0.04254794
1356272475136,0.6194583,-0.11601359,0.77640986,0.7746075,-0.07029387,-0.62852377,0.12749407,0.99075717,0.04632084
1356272475175,0.69802415,-0.100072145,0.70904714,0.70891166,-0.04312642,-0.70397747,0.10102725,0.994045,0.04083904
1356272475216,0.77859366,-0.074687004,0.62306803,0.6231855,-0.024585143,-0.78168744,0.07370013,0.99690384,0.027402043
1356272475255,0.8421045,-0.05187261,0.536814,0.53663135,-0.018569887,-0.84361243,0.053728938,0.99848104,0.012198687
1356272475295,0.8808067,-0.040489197,0.47174168,0.47121686,-0.022252142,-0.8817367,0.04619807,0.9989322,-5.2064285E-4
1356272475335,0.8982384,-0.043044806,0.43739545,0.43643078,-0.030210644,-0.8992305,0.05192122,0.9986162,-0.008350283
1356272475375,0.8988391,-0.056882232,0.43457192,0.43292245,-0.03931483,-0.9005735,0.06831175,0.9976065,-0.010712113
1356272475415,0.88434654,-0.07739784,0.46037024,0.4578067,-0.049180813,-0.88769037,0.091346726,0.9957865,-0.008059621
1356272475455,0.85288554,-0.10136038,0.51216435,0.50842685,-0.061772175,-0.85888666,0.11869459,0.9929301,-0.0011502504
1356272475496,0.8004942,-0.12548576,0.58605665,0.5805403,-0.080647856,-0.8102277,0.14893623,0.988812,0.00829139
1356272475536,0.7273847,-0.1442081,0.6709065,0.66224563,-0.10870269,-0.7413599,0.17983945,0.9835587,0.016432486
1356272475576,0.6472349,-0.14832139,0.7477217,0.73411626,-0.14293054,-0.6638103,0.20532957,0.97855586,0.016375512
1356272475616,0.58396256,-0.12893945,0.80147505,0.7828548,-0.17175877,-0.5980278,0.21476972,0.97666454,6.4017624E-4
1356272475656,0.5536164,-0.084668666,0.8284565,0.80842066,-0.18417177,-0.55904984,0.19991234,0.97924054,-0.033512563
1356272475695,0.5472943,-0.025041342,0.8365655,0.82054627,-0.18081486,-0.54222673,0.1648415,0.98319834,-0.0784114
1356272475735,0.5408584,0.03176847,0.8405135,0.8316717,-0.16950756,-0.5287621,0.12567538,0.9850168,-0.118100554
1356272475775,0.5165771,0.07001799,0.85337305,0.85078883,-0.15426283,-0.5023557,0.09646982,0.98554575,-0.13925917
1356272475815,0.47031632,0.08391076,0.8784996,0.87866384,-0.13721767,-0.4572978,0.08217347,0.98698044,-0.13826507
1356272475855,0.40913665,0.0760988,0.9092943,0.9088828,-0.1223008,-0.39871618,0.08086556,0.98957133,-0.11920264
1356272475895,0.34515226,0.05323407,0.9370358,0.93433917,-0.11392057,-0.33768705,0.088771224,0.9920627,-0.08905861
1356272475935,0.29071468,0.022446364,0.9565464,0.9513303,-0.11361951,-0.28646326,0.102252245,0.99327075,-0.054384798
1356272475975,0.25555137,-0.010449171,0.96673894,0.9596081,-0.11896065,-0.25495213,0.117668,0.9928439,-0.020373404
1356272476015,0.24599156,-0.04154104,0.9683814,0.960311,-0.12509409,-0.24930772,0.13149524,0.99127483,0.009120196
1356272476057,0.26666254,-0.068244666,0.9613707,0.9535612,-0.12625778,-0.27345896,0.14004266,0.98964715,0.031407297
1356272476105,0.3266808,-0.08590543,0.9412226,0.9354836,-0.11256364,-0.3349626,0.13472253,0.9899241,0.043590724
1356272476154,0.44321662,-0.09550288,0.89131266,0.88862336,-0.083999515,-0.45087978,0.117930114,0.9918786,0.04763609
1356272476185,0.5899062,-0.089289695,0.80251986,0.8023337,-0.047124952,-0.59501266,0.09094715,0.99489033,0.043840796
1356272476222,0.74030155,-0.07042822,0.66857564,0.669304,-0.01617901,-0.7428124,0.06313187,0.9973856,0.035160564
1356272476266,0.8552201,-0.050254375,0.51582277,0.5164261,-0.0011348128,-0.85633105,0.043619752,0.99873585,0.024982158
1356272476305,0.92299825,-0.04038626,0.38267896,0.38302758,9.733699E-4,-0.92373633,0.03693375,0.99918365,0.016367467
1356272476345,0.95599556,-0.04371667,0.29010576,0.2903056,-0.0018450934,-0.9569322,0.042369157,0.9990423,0.010927291
1356272476386,0.9688823,-0.057929374,0.24064754,0.24079475,-0.004530372,-0.97056556,0.05731447,0.99831045,0.00955969
1356272476425,0.9696467,-0.078557946,0.23154658,0.2317658,-0.006441742,-0.97275025,0.07790884,0.9968887,0.011960834
1356272476500,0.9547943,-0.110284366,0.27605274,0.27644923,-0.011985157,-0.96095383,0.10928672,0.9938278,0.019044667
1356272476512,0.9130906,-0.14047593,0.38279513,0.3822658,-0.03181821,-0.9235045,0.14190999,0.98957276,0.024646223
1356272476558,0.84430885,-0.15944222,0.5115865,0.5073335,-0.06948018,-0.8589442,0.1724971,0.9847592,0.022227649
1356272476595,0.76225424,-0.15256685,0.6290404,0.6179227,-0.117827326,-0.77735984,0.19271748,0.9812442,0.004460126
1356272476635,0.7020142,-0.11572304,0.70269775,0.6851802,-0.15927985,-0.71074456,0.19417518,0.98042744,-0.03252557
1356272476675,0.6732993,-0.05919075,0.7369969,0.7180033,-0.18555705,-0.67085,0.17646313,0.9808491,-0.082436256
1356272476715,0.65315413,3.772974E-5,0.757225,0.7423095,-0.19753408,-0.6402788,0.14955354,0.980296,-0.12904821
1356272476755,0.61404216,0.046978325,0.78787386,0.77916586,-0.19532163,-0.595609,0.1259081,0.9796135,-0.15653962
1356272476795,0.54255,0.07373673,0.8367809,0.8325068,-0.18016137,-0.523903,0.11212471,0.9808694,-0.1591329
1356272476835,0.44140646,0.07900596,0.8938224,0.89070624,-0.15918294,-0.42579725,0.10864073,0.9840828,-0.14063549
1356272476875,0.32611614,0.066274285,0.9430038,0.9385148,-0.1422621,-0.31456563,0.113306046,0.98760784,-0.108593404
1356272476915,0.2169413,0.042062163,0.975278,0.96837354,-0.13540643,-0.20956564,0.123244196,0.9898969,-0.07010707
1356272476955,0.12984845,0.013412297,0.99144316,0.9823049,-0.13784853,-0.12678677,0.13496855,0.99036247,-0.031074375
1356272476995,0.07328433,-0.014153779,0.9972106,0.98677367,-0.1439389,-0.074560255,0.14459273,0.98948526,0.0034181476
1356272477035,0.049803615,-0.037374675,0.9980595,0.9877445,-0.14615697,-0.054762065,0.14792013,0.98855513,0.029637516
1356272477076,0.060094655,-0.054346323,0.9967122,0.9883305,-0.13677573,-0.06704706,0.13996974,0.9891102,0.04549256
1356272477115,0.1062724,-0.06401262,0.9922744,0.9870291,-0.11397457,-0.113063246,0.120331526,0.9914193,0.051070005
1356272477157,0.19399679,-0.061881363,0.9790485,0.97694546,-0.078481376,-0.19854051,0.08912301,0.99499315,0.045229584
1356272477195,0.31592178,-0.04974264,0.9474803,0.94705373,-0.04377103,-0.31807747,0.05729422,0.9978025,0.03328073
1356272477235,0.44363385,-0.031483263,0.895655,0.89561355,-0.020825863,-0.44434538,0.032642186,0.99928737,0.018957764
1356272477275,0.539848,-0.017760426,0.84157515,0.8414699,-0.014974251,-0.5400965,0.022194296,0.9997301,0.006861046
1356272477316,0.58349454,-0.015884131,0.81196165,0.81161857,-0.023620382,-0.58371,0.028450638,0.99959475,-8.904785E-4
1356272477355,0.57917833,-0.023281068,0.8148684,0.81392753,-0.03933455,-0.5796333,0.04554695,0.99895483,-0.0038326085
1356272477395,0.5371486,-0.03607723,0.84271574,0.84057486,-0.0600622,-0.5383553,0.07003775,0.99754244,-0.0019367188
