1356271999582,-0.04064244,0.02674852,-0.9988157,-0.07193592,0.99696916,0.029626187,0.9965809,0.073054805,-0.03859508
1356271999735,-0.06153077,0.3453871,-0.93644094,-0.056104377,0.9355385,0.3487407,0.9965271,0.07399674,-0.03818667
1356271999777,-0.060427696,0.32792753,-0.94276834,-0.05804102,0.9417418,0.33129072,0.9964837,0.07473837,-0.037874043
1356271999816,-0.059511397,0.31377113,-0.94763184,-0.059733897,0.94649374,0.31714562,0.99643874,0.075479515,-0.037584424
1356271999855,-0.05839643,0.29797626,-0.95278543,-0.061447777,0.9515315,0.30135027,0.99640054,0.07614434,-0.037256062
1356271999895,-0.05668193,0.27975106,-0.9583979,-0.06312079,0.95701665,0.283081,0.99639505,0.07654041,-0.036587477
1356271999936,-0.05378014,0.25915354,-0.9643377,-0.06463153,0.9628069,0.2623466,0.996459,0.076435655,-0.035030365
1356271999975,-0.049649447,0.23730543,-0.9701655,-0.06579766,0.9684762,0.24025948,0.99659705,0.07576336,-0.032470167
1356272000015,-0.044622928,0.21673723,-0.97520965,-0.06627326,0.97338927,0.21936515,0.9968032,0.07441902,-0.029071629
1356272000057,-0.039518803,0.1974159,-0.979523,-0.06594212,0.97763646,0.19969612,0.99704057,0.07248357,-0.025617003
1356272000095,-0.0351564,0.17946735,-0.9831356,-0.06489476,0.98125756,0.18144512,0.9972726,0.07017931,-0.02285099
1356272000135,-0.031867087,0.16311191,-0.98609275,-0.0635328,0.9842681,0.16486324,0.9974708,0.06790295,-0.02100277
1356272000177,-0.029478073,0.14901069,-0.98839605,-0.062253166,0.9866325,0.15060145,0.9976249,0.065970235,-0.019807637
1356272000215,-0.027704746,0.13745992,-0.9901199,-0.061383475,0.9883968,0.1389383,0.9977297,0.06462623,-0.018945515
1356272000255,-0.026363522,0.12846205,-0.99136394,-0.061025638,0.98965216,0.1298631,0.997788,0.063922256,-0.01825124
1356272000315,-0.025338799,0.121849775,-0.9922251,-0.061026588,0.990504,0.123196885,0.9978145,0.063673764,-0.017662108
1356272000335,-0.02462387,0.11736861,-0.9927831,-0.060971383,0.9910592,0.118677065,0.9978358,0.063453645,-0.017247558
1356272000375,-0.024127126,0.114803225,-0.99309516,-0.06049794,0.9913961,0.11607659,0.99787664,0.0628808,-0.016974151
1356272000413,-0.023509175,0.11449501,-0.9931456,-0.05951929,0.99149776,0.11571393,0.9979503,0.06183166,-0.016494632
1356272000456,-0.022401482,0.11656735,-0.9929302,-0.058216713,0.991342,0.11769433,0.9980526,0.060441658,-0.015421331
1356272000495,-0.020694464,0.12069571,-0.9924739,-0.056960527,0.9909317,0.12169587,0.998162,0.059050255,-0.01363194
1356272000535,-0.018394053,0.12634104,-0.9918163,-0.056175493,0.9902866,0.127188,0.99825144,0.05805527,-0.011118114
1356272000575,-0.015666395,0.13288192,-0.99100804,-0.05634849,0.9894372,0.13356209,0.9982883,0.057934247,-0.008013189
1356272000620,-0.012806236,0.1397187,-0.99010843,-0.058030307,0.98841685,0.14023057,0.99823266,0.059252128,-0.00454998
1356272000656,-0.010306239,0.14641708,-0.98916924,-0.06165787,0.9872464,0.14677487,0.99804413,0.06250277,-0.0011470318
1356272000686,-0.008607447,0.15321806,-0.9881548,-0.06624696,0.9859332,0.15345062,0.9977661,0.066783085,0.0016638637
1356272000726,-0.008198918,0.1593178,-0.9871933,-0.07314429,0.98448634,0.15948844,0.9972877,0.073515184,0.0035814643
1356272000756,-0.009079903,0.16826925,-0.9856993,-0.08018924,0.9824426,0.168452,0.9967383,0.080571994,0.0045728683
1356272000786,-0.011289895,0.177659,-0.9840274,-0.08711088,0.98017395,0.17796274,0.99613464,0.087728664,0.004409969
1356272000816,-0.014983624,0.18806212,-0.98204285,-0.09355982,0.9775803,0.18863505,0.99550086,0.09470618,0.0029473305
1356272000857,-0.021359859,0.1977306,-0.9800236,-0.09964803,0.97494507,0.19887781,0.9947934,0.10190544,-0.001121223
1356272000886,-0.029343517,0.21286142,-0.97664165,-0.10423326,0.971084,0.21478184,0.9941199,0.108100995,-0.0063077807
1356272000926,-0.040444225,0.22392854,-0.973766,-0.10714054,0.9679726,0.22704624,0.9934209,0.11351253,-0.015157104
1356272000966,-0.05596125,0.23361415,-0.97071767,-0.108041085,0.9651153,0.23849437,0.99257016,0.11822384,-0.028769135
1356272000996,-0.073507756,0.24331315,-0.9671584,-0.107240304,0.96223044,0.25022408,0.991512,0.122111775,-0.044638395
1356272001026,-0.08993682,0.21997619,-0.97135055,-0.10762232,0.9674454,0.2290565,0.9901155,0.1251396,-0.063334644
1356272001056,-0.1125724,0.23691168,-0.96498716,-0.102925755,0.963156,0.24846908,0.9882984,0.12729281,-0.08404046
1356272001086,-0.13491985,0.2470401,-0.95956653,-0.09748656,0.9604132,0.26096517,0.98604923,0.12875423,-0.10549569
1356272001126,-0.15917873,0.2495567,-0.9551877,-0.091794506,0.95959127,0.26600444,0.982973,0.13002327,-0.12983859
1356272001165,-0.18471903,0.24934532,-0.9506344,-0.086645946,0.95938164,0.26847595,0.9789644,0.13196124,-0.15561128
1356272001205,-0.21198589,0.24459386,-0.946169,-0.08310002,0.9601549,0.2668276,0.9737332,0.13519037,-0.18321353
1356272001245,-0.241633,0.23306106,-0.9419639,-0.08209066,0.96233934,0.25916028,0.96688914,0.13994811,-0.21340084
1356272001285,-0.2736638,0.21355316,-0.9378183,-0.084575035,0.9659204,0.24463211,0.9580997,0.14626296,-0.24627614
1356272001325,-0.3073597,0.1860576,-0.93322706,-0.091430396,0.970388,0.22357912,0.9471909,0.15404452,-0.28124684
1356272001365,-0.3415473,0.15141974,-0.92758703,-0.10321455,0.97492456,0.19715184,0.93418,0.16307715,-0.31735414
1356272001405,-0.3749563,0.11087261,-0.92038846,-0.12022449,0.97862244,0.1668658,0.91921365,0.17322063,-0.35361105
1356272001445,-0.40612918,0.066439256,-0.9113973,-0.14196225,0.98065776,0.13474825,0.90272135,0.18410918,-0.38884187
1356272001485,-0.43264076,0.022773914,-0.9012786,-0.16502866,0.98079,0.104001746,0.8863337,0.19373222,-0.42057145
1356272001525,-0.45103616,-0.012013689,-0.89242476,-0.18211773,0.98011017,0.07884918,0.87372726,0.19809021,-0.44425303
1356272001565,-0.45793587,-0.02880355,-0.8885185,-0.18555745,0.9805569,0.06384773,0.8694039,0.19410938,-0.45437694
1356272001619,-0.44308496,-0.005219236,-0.89646447,-0.16143848,0.98409975,0.07406286,0.8818239,0.17754,-0.43688238
1356272001656,-0.41525316,0.036879346,-0.9089581,-0.13068275,0.98639613,0.099723056,0.90027046,0.16019545,-0.40478462
1356272001686,-0.37946218,0.09004326,-0.9208153,-0.10057707,0.98534024,0.1378001,0.9197243,0.14490283,-0.36484307
1356272001726,-0.32700014,0.16717818,-0.93011945,-0.07082369,0.977125,0.20052621,0.94236654,0.1314466,-0.30767983
1356272001766,-0.26527414,0.25127646,-0.9308543,-0.051784687,0.9603367,0.27399254,0.9627814,0.12088714,-0.24174017
1356272001806,-0.20410377,0.3273058,-0.92261183,-0.04870625,0.9378887,0.3435004,0.97773683,0.11504669,-0.17548478
1356272001846,-0.15152913,0.38628596,-0.9098473,-0.060113743,0.9151711,0.39855775,0.9866232,0.11508742,-0.11545396
1356272001886,-0.11131418,0.42590365,-0.89789486,-0.079475075,0.896801,0.4352375,0.99060225,0.119808406,-0.06597793
1356272001926,-0.083370596,0.44791475,-0.8901807,-0.09981266,0.88504505,0.45467865,0.9915073,0.12675814,-0.02907914
1356272001966,-0.06620121,0.4545126,-0.8882769,-0.11710645,0.88053817,0.45928055,0.9909105,0.13442789,-0.005066335
1356272001996,-0.055717133,0.4501285,-0.89122385,-0.13100798,0.8815974,0.45345673,0.98981434,0.14202276,0.009850383
1356272002027,-0.051715463,0.4373346,-0.8978106,-0.14245157,0.8865901,0.44007444,0.9884498,0.1506532,0.016448557
1356272002066,-0.057785034,0.41084623,-0.9098716,-0.1540168,0.8968145,0.4147319,0.9863771,0.1641008,0.011454761
1356272002106,-0.07077676,0.3702872,-0.9262171,-0.16735312,0.910976,0.3769823,0.98335326,0.18168691,-0.0025072098
1356272002136,-0.08369582,0.32672763,-0.9414054,-0.18056542,0.9241087,0.33677778,0.9799955,0.19817212,-0.018348336
1356272002166,-0.09559864,0.28662205,-0.9532621,-0.19186285,0.9343855,0.3001874,0.97675455,0.21159309,-0.034333825
1356272002206,-0.10553369,0.2523274,-0.9618698,-0.19742332,0.94270074,0.26895952,0.97462124,0.21827982,-0.04967141
1356272002246,-0.11120269,0.22864114,-0.96713865,-0.19465141,0.9493137,0.24680836,0.97454846,0.21570067,-0.061060905
1356272002276,-0.11440399,0.21725911,-0.96938646,-0.1869303,0.95365506,0.23579434,0.9756888,0.20818353,-0.06848967
1356272002306,-0.115569144,0.21664587,-0.9693855,-0.17510247,0.95619774,0.2345741,0.97774374,0.19685136,-0.072571754
1356272002336,-0.115401536,0.2274071,-0.9669378,-0.16056642,0.95636874,0.24408464,0.9802556,0.18342544,-0.07385248
1356272002366,-0.11401746,0.24987988,-0.96154046,-0.14448564,0.9533911,0.2648949,0.982916,0.16913144,-0.07259917
1356272002396,-0.11131215,0.28376955,-0.95240986,-0.12732032,0.9463957,0.2968581,0.9855958,0.15430504,-0.069215715
1356272002426,-0.10755274,0.3270893,-0.938853,-0.1091386,0.9347392,0.33815876,0.9881909,0.13883498,-0.06483573
1356272002466,-0.10419017,0.37540025,-0.920988,-0.08827372,0.9188828,0.38452843,0.9906321,0.12136313,-0.06260061
1356272002496,-0.105502956,0.42931467,-0.8969716,-0.06691487,0.89689624,0.43714923,0.9921651,0.106141254,-0.0658977
1356272002526,-0.11557723,0.4686535,-0.87578875,-0.0470438,0.8781253,0.47611222,0.99218386,0.09622815,-0.07944405
1356272002566,-0.14874983,0.47663742,-0.86642385,-0.02972877,0.8736199,0.4857,0.9884279,0.09800547,-0.11578095
1356272002619,-0.19114742,0.46836704,-0.86260945,-0.015638262,0.8772488,0.47978103,0.9814368,0.10519861,-0.16035944
1356272002636,-0.24094442,0.44087625,-0.8646236,-0.0074615628,0.8900018,0.45589602,0.9705103,0.116297066,-0.21115136
1356272002666,-0.27918878,0.4132334,-0.8667709,-0.0042476505,0.90212387,0.43145612,0.96022683,0.12413946,-0.25010765
1356272002706,-0.29173416,0.407925,-0.8651522,-7.316917E-4,0.904403,0.42667872,0.95649916,0.12510975,-0.26354676
1356272002736,-0.28775567,0.4118486,-0.86462563,5.711764E-4,0.90288466,0.42988253,0.95770377,0.123207286,-0.2600454
1356272002766,-0.26969534,0.4282952,-0.8624544,1.0484457E-4,0.89565486,0.44474977,0.9629457,0.11985654,-0.24159884
1356272002796,-0.2417112,0.45235562,-0.858458,-0.0034605712,0.8842831,0.46693832,0.9703421,0.11583495,-0.21217573
1356272002826,-0.20776245,0.47953355,-0.852574,-0.0105229765,0.87044656,0.49215043,0.9781227,0.111221984,-0.17579997
1356272002866,-0.16505864,0.51274574,-0.8425245,-0.022448331,0.8520671,0.52295107,0.9860283,0.10523085,-0.12913072
1356272002896,-0.12721738,0.5350713,-0.83517325,-0.036990836,0.8388697,0.543074,0.99118483,0.09998219,-0.08692604
1356272002936,-0.09617877,0.54941463,-0.8299959,-0.053291976,0.82982326,0.5554758,0.9939364,0.0976571,-0.050531983
1356272002966,-0.07465291,0.55152214,-0.830813,-0.069163576,0.82826793,0.5560473,0.99480814,0.09897256,-0.023687363
1356272003015,-0.06429398,0.54371536,-0.8368033,-0.08450116,0.8325605,0.54745096,0.99434686,0.10590868,-0.0075840354
1356272003035,-0.07235434,0.51912814,-0.85162824,-0.10285823,0.8454298,0.5240885,0.99206096,0.12551709,-0.007773876
1356272003075,-0.09551838,0.4784541,-0.87290204,-0.12542404,0.864138,0.48737502,0.98749435,0.15603614,-0.02253139
1356272003113,-0.12625754,0.4297245,-0.8940894,-0.15068388,0.8825354,0.44544992,0.98048633,0.19096628,-0.046674192
1356272003155,-0.15499458,0.38442665,-0.91005105,-0.17298268,0.89639103,0.40811777,0.972653,0.22067906,-0.07243663
1356272003195,-0.17297894,0.35437745,-0.91896415,-0.1837787,0.90502965,0.38359708,0.967628,0.23524022,-0.09142405
1356272003235,-0.1771039,0.3453976,-0.92159367,-0.17788595,0.90974,0.37513962,0.9679829,0.23037723,-0.099677145
1356272003275,-0.1698403,0.35654002,-0.9187129,-0.15857913,0.9102199,0.38256013,0.9726289,0.21066283,-0.09805226
1356272003315,-0.15516794,0.38410476,-0.9101574,-0.13358763,0.9046955,0.4045744,0.9788142,0.18436277,-0.089068055
1356272003355,-0.13627449,0.42458412,-0.895074,-0.10933289,0.8915379,0.4395526,0.9846195,0.15776086,-0.075072885
1356272003395,-0.11392809,0.47468412,-0.8727516,-0.08776365,0.8702283,0.48476827,0.98960495,0.13182455,-0.057483435
1356272003435,-0.09107024,0.52918196,-0.84360695,-0.06850737,0.84179115,0.53543854,0.9934852,0.10655579,-0.040409267
1356272003475,-0.07493239,0.5782645,-0.81240106,-0.049872667,0.81149864,0.5822222,0.9959407,0.08414391,-0.031967938
1356272003515,-0.0768598,0.61131287,-0.7876479,-0.028615594,0.78830683,0.61461663,0.9966312,0.06977829,-0.043096006
1356272003555,-0.10515824,0.6212956,-0.77648795,-0.0023064315,0.78066266,0.6249484,0.99445283,0.06750938,-0.080660164
1356272003614,-0.15429634,0.6092042,-0.7778579,0.025933713,0.78951186,0.6131872,0.98768425,0.074439794,-0.1376177
1356272003636,-0.20431796,0.5851931,-0.7847314,0.048326373,0.80669475,0.58898914,0.9777111,0.082417816,-0.19310248
1356272003676,-0.23462048,0.5631579,-0.79234225,0.05907911,0.821848,0.5666352,0.97029,0.086133346,-0.22609329
1356272003706,-0.24610704,0.5443204,-0.8019643,0.059314385,0.8343206,0.5480794,0.96742606,0.08731815,-0.23761821
1356272003747,-0.22836891,0.54377997,-0.8075586,0.047787964,0.83473897,0.54856825,0.9724011,0.08668433,-0.2166146
1356272003787,-0.19253224,0.5490841,-0.8132884,0.026885748,0.83143514,0.554971,0.9809223,0.084983945,-0.17484057
1356272003827,-0.14711702,0.5571401,-0.8172829,0.0019580424,0.826436,0.56302726,0.98911715,0.08123067,-0.12267369
1356272003866,-0.10008478,0.56466943,-0.819226,-0.022860408,0.8218379,0.56926256,0.99471617,0.075702384,-0.06934488
1356272003896,-0.060222954,0.5674033,-0.82123476,-0.04460886,0.8203763,0.5700814,0.99718755,0.07096638,-0.024094284
1356272003937,-0.030520342,0.5658057,-0.82397366,-0.06413266,0.82155055,0.56651723,0.99747455,0.070133924,0.011212647
1356272003977,-0.015822113,0.55406165,-0.8323253,-0.081939325,0.82891107,0.5533465,0.99651176,0.07695529,0.03228432
1356272004017,-0.019929558,0.529293,-0.848205,-0.100401595,0.84302545,0.5284199,0.9947473,0.09569234,0.036340773
1356272004057,-0.042668514,0.4902481,-0.87053794,-0.12312016,0.86210984,0.49153644,0.9914741,0.12815388,0.023574471
1356272004097,-0.07711657,0.4408238,-0.8942748,-0.15062243,0.8815003,0.4475155,0.98557895,0.16920872,-0.0015803576
1356272004137,-0.1111601,0.39112,-0.913602,-0.17659923,0.8968943,0.40545452,0.97798574,0.20641178,-0.03062737
1356272004176,-0.13446602,0.35242903,-0.9261278,-0.19127728,0.90780675,0.37322903,0.9722818,0.22733386,-0.05465746
1356272004215,-0.14404988,0.33067137,-0.9326876,-0.18992664,0.9157567,0.35400215,0.9711732,0.22813615,-0.06911135
1356272004255,-0.14242095,0.32638755,-0.934445,-0.1750091,0.920891,0.34832686,0.9742116,0.21314542,-0.07403338
1356272004295,-0.13418448,0.33795124,-0.9315489,-0.15386678,0.92154396,0.35648528,0.9789379,0.19116923,-0.07165742
1356272004336,-0.12131408,0.36492667,-0.9230988,-0.13115126,0.91592133,0.37932515,0.98391175,0.16708304,-0.06325352
1356272004375,-0.10481089,0.40722677,-0.9072932,-0.108507186,0.9021888,0.41747048,0.98855495,0.1422033,-0.050372183
1356272004415,-0.08679196,0.4612015,-0.8830404,-0.08589484,0.8796201,0.46785745,0.99251664,0.11645487,-0.036729097
1356272004455,-0.07462285,0.5174844,-0.8524326,-0.06312485,0.85065025,0.5219284,0.99521184,0.09275745,-0.030811846
1356272004495,-0.079283416,0.56133646,-0.82378125,-0.038801074,0.8240186,0.5652326,0.99609673,0.076777175,-0.04355055
1356272004535,-0.1074037,0.5826566,-0.8055903,-0.011556238,0.809491,0.5870186,0.9941484,0.072357535,-0.08020902
1356272004575,-0.15083867,0.5838677,-0.79771316,0.015155792,0.80821687,0.5886899,0.9884423,0.076707214,-0.13075936
1356272004616,-0.18990469,0.57904315,-0.7928715,0.034742326,0.8110247,0.58397937,0.9811876,0.083354235,-0.17413467
1356272004656,-0.20767707,0.58366513,-0.78498733,0.044021696,0.80724716,0.5885695,0.97720635,0.08767596,-0.1933406
1356272004696,-0.20072386,0.6022366,-0.7726714,0.042862773,0.7933672,0.6072326,0.97870976,0.0887672,-0.18506122
1356272004737,-0.17687285,0.6278299,-0.75798786,0.032316864,0.77341926,0.63307047,0.983703,0.08747718,-0.15708637
1356272004777,-0.14535321,0.65272284,-0.7435222,0.01482144,0.75285554,0.65801895,0.98926884,0.084625095,-0.119104266
1356272004817,-0.1136155,0.6715286,-0.73221636,-0.006452769,0.7364743,0.67643476,0.9935038,0.081578314,-0.07934165
1356272004857,-0.08737661,0.68076444,-0.72727245,-0.028937966,0.728022,0.6849428,0.995755,0.080893695,-0.043912172
1356272004896,-0.07031505,0.6784422,-0.73128104,-0.050680697,0.7297191,0.68186617,0.99623656,0.08500728,-0.016926289
1356272004937,-0.06490816,0.6628731,-0.745913,-0.070681095,0.74255794,0.666042,0.99538493,0.095953494,-0.0013454556
1356272004977,-0.07246986,0.6318785,-0.771672,-0.089939594,0.7664139,0.6360194,0.9933071,0.1154961,0.00128901
1356272005017,-0.09288971,0.58423686,-0.80624986,-0.11169526,0.79852515,0.59150803,0.98939157,0.1449993,-0.008918285
1356272005057,-0.12130463,0.52335215,-0.843438,-0.13788953,0.8325896,0.53645223,0.9829912,0.1813754,-0.028832197
1356272005095,-0.14830568,0.46011645,-0.8753846,-0.16491483,0.86127234,0.48063827,0.97509414,0.2156453,-0.05185151
1356272005135,-0.16497993,0.40849453,-0.89772713,-0.18411262,0.88144547,0.43492118,0.9689604,0.23703614,-0.07021183
1356272005175,-0.16844216,0.37692833,-0.9107976,-0.18878476,0.8945594,0.40512195,0.96746445,0.24018434,-0.079523206
1356272005215,-0.1614263,0.36604467,-0.9164895,-0.17943063,0.90230465,0.3919834,0.9704361,0.22772272,-0.07997608
1356272005255,-0.14825523,0.3731052,-0.91586727,-0.1615645,0.9045215,0.39463627,0.9756624,0.20647854,-0.07381946
1356272005295,-0.13180858,0.39612073,-0.9086886,-0.14040662,0.8999838,0.41269255,0.9812811,0.18198228,-0.06300759
1356272005335,-0.113274276,0.43397015,-0.89377785,-0.11813736,0.88730323,0.44579875,0.9865153,0.15608613,-0.04924053
1356272005375,-0.09469209,0.48313686,-0.87040913,-0.094970554,0.86596596,0.49100247,0.9909661,0.12915733,-0.03611636
1356272005415,-0.081941746,0.534315,-0.84130436,-0.07079308,0.83889043,0.539677,0.9941197,0.1037806,-0.030914307
1356272005455,-0.08514122,0.5728154,-0.81525064,-0.044997275,0.81517625,0.5774625,0.9953524,0.08584988,-0.043629944
1356272005495,-0.11290788,0.58513165,-0.8030396,-0.017327636,0.80692536,0.59039915,0.9934543,0.080575556,-0.080969274
1356272005535,-0.16130796,0.5689354,-0.806407,0.00835225,0.81786543,0.57534885,0.98686874,0.08607307,-0.13668013
1356272005576,-0.20983452,0.5404675,-0.8147788,0.026221693,0.83614224,0.54788554,0.9773853,0.09360042,-0.18962348
1356272005617,-0.23596,0.5255729,-0.8173713,0.036157146,0.8452883,0.53308564,0.9710898,0.096233115,-0.21845746
1356272005656,-0.23308197,0.5357637,-0.8115603,0.03981428,0.8391038,0.54251224,0.97164166,0.094138145,-0.21691102
1356272005696,-0.2081818,0.56429267,-0.79889554,0.034930915,0.8205597,0.57049245,0.97746617,0.090859994,-0.19053686
1356272005737,-0.17315567,0.5962917,-0.7838707,0.01965344,0.7978266,0.6025666,0.9846983,0.0889321,-0.14986736
1356272005777,-0.13754678,0.6209285,-0.7717051,-0.0030032992,0.77884525,0.62720895,0.99049073,0.08858824,-0.105262816
1356272005817,-0.10666612,0.63366556,-0.76621825,-0.028015882,0.7683933,0.6393644,0.9939001,0.08966482,-0.064208806
1356272005856,-0.08427769,0.6309969,-0.77119404,-0.051383257,0.77016574,0.6357708,0.99511665,0.09320778,-0.032485127
1356272005896,-0.07354872,0.6091178,-0.789662,-0.07246232,0.7864497,0.6133891,0.9946556,0.10233474,-0.01370424
1356272005935,-0.07703547,0.5634762,-0.82253265,-0.095132574,0.81706613,0.5686411,0.9924793,0.12205519,-0.0093381405
1356272005982,-0.093173616,0.49341148,-0.86479115,-0.12489392,0.8559169,0.5018045,0.98778546,0.15476215,-0.01812476
1356272006022,-0.12011656,0.40009335,-0.9085688,-0.16710964,0.89398754,0.41576502,0.978594,0.20177087,-0.04052329
1356272006052,-0.13541195,0.3167251,-0.93880177,-0.20404086,0.9183045,0.33924058,0.9695519,0.23749116,-0.05972457
1356272006095,-0.14044732,0.2586239,-0.95571345,-0.22296357,0.93222487,0.28503343,0.9646563,0.25312147,-0.07326478
1356272006135,-0.13751194,0.22550337,-0.9644888,-0.22088094,0.9422377,0.25179303,0.9655579,0.24766174,-0.07975954
1356272006175,-0.13085717,0.21402529,-0.96802354,-0.20339572,0.94985396,0.23750305,0.9703126,0.22797084,-0.08076334
1356272006215,-0.12320486,0.22239745,-0.96714,-0.17903832,0.953592,0.2420899,0.97609717,0.2029818,-0.0776695
1356272006255,-0.114644825,0.25239724,-0.9608081,-0.15289943,0.9511772,0.26811144,0.98156935,0.1776446,-0.07045615
1356272006295,-0.10449162,0.3060178,-0.9462741,-0.12627304,0.9396999,0.31783533,0.98647696,0.1527,-0.059548974
1356272006335,-0.09323725,0.3799271,-0.9203055,-0.098841175,0.9162339,0.38826,0.99072564,0.12716438,-0.04787469
1356272006375,-0.08584544,0.46199727,-0.88271683,-0.07064277,0.8809351,0.46793482,0.9938008,0.10252765,-0.042987466
1356272006415,-0.0918802,0.53005064,-0.8429735,-0.041414827,0.8437877,0.5350767,0.99490845,0.08407456,-0.05557543
1356272006455,-0.11970657,0.56419563,-0.8169172,-0.011016518,0.8220284,0.56933993,0.99274826,0.07715328,-0.09218675
1356272006495,-0.16561928,0.5621475,-0.81028414,0.016343981,0.82308275,0.56768614,0.9860543,0.0807765,-0.14550614
1356272006535,-0.2107512,0.5454557,-0.81121016,0.03487116,0.83351564,0.5513943,0.9769175,0.08791916,-0.1946851
1356272006575,-0.23541212,0.5441976,-0.80525166,0.045378074,0.833788,0.55021673,0.97083575,0.0929869,-0.22097844
1356272006620,-0.23415604,0.56999403,-0.7875771,0.050341487,0.81612056,0.5756847,0.97089475,0.0951523,-0.21979392
1356272006656,-0.21376199,0.61264193,-0.7609045,0.048113912,0.78456575,0.61817604,0.9757002,0.09553242,-0.19718695
1356272006697,-0.18355621,0.6576723,-0.73059857,0.037234932,0.747345,0.66339207,0.98230374,0.09456596,-0.16166818
1356272006737,-0.151845,0.6941658,-0.703617,0.01951468,0.7138384,0.70003855,0.98821163,0.09256646,-0.12193924
1356272006777,-0.12387791,0.7176628,-0.6852841,-0.0021554232,0.6904073,0.72341764,0.9922951,0.09109256,-0.08397931
1356272006817,-0.10344884,0.72489053,-0.68105215,-0.025258243,0.6825905,0.73036444,0.994314,0.09275755,-0.05230373
1356272006857,-0.09292115,0.7130747,-0.6949031,-0.0482603,0.6938768,0.71847475,0.9945032,0.10029772,-0.030062616
1356272006897,-0.09356348,0.6784668,-0.7286485,-0.07175994,0.7253599,0.6846192,0.9930238,0.11634314,-0.019180477
1356272006937,-0.10497497,0.61721927,-0.7797567,-0.09835863,0.77380055,0.62574613,0.9895988,0.14238349,-0.020520866
1356272006977,-0.12343973,0.5307306,-0.8385033,-0.13041838,0.8289602,0.54388976,0.9837448,0.17649382,-0.033109605
1356272007017,-0.14194104,0.43262896,-0.8903286,-0.16626516,0.8762369,0.45228842,0.9758118,0.21222892,-0.05244285
1356272007055,-0.15377998,0.34650227,-0.9253583,-0.19738564,0.90684974,0.37237412,0.96818936,0.2399161,-0.07106078
1356272007095,-0.15703782,0.29109198,-0.9437185,-0.2130989,0.9230765,0.32018524,0.96432775,0.25138658,-0.08292657
1356272007135,-0.15417182,0.27225018,-0.9497952,-0.20931432,0.9304702,0.300687,0.9656182,0.24516317,-0.08646643
1356272007175,-0.14842513,0.28887874,-0.94579023,-0.19020773,0.93018734,0.31396282,0.97045916,0.22649659,-0.083116174
1356272007215,-0.14153057,0.33951092,-0.92989314,-0.16267526,0.91860235,0.36014786,0.9764762,0.20224258,-0.074780285
1356272007255,-0.1333943,0.42267326,-0.8964113,-0.13118479,0.88900536,0.4387027,0.98234236,0.17611597,-0.063139915
1356272007295,-0.12349845,0.5319074,-0.8377486,-0.09772271,0.833589,0.5436724,0.98752135,0.14900976,-0.050967515
1356272007335,-0.11345889,0.6493336,-0.7519927,-0.063479215,0.750596,0.6577052,0.9915128,0.12235841,-0.04394263
1356272007375,-0.10927427,0.74913335,-0.6533439,-0.027403682,0.6547597,0.75534016,0.99363375,0.1004433,-0.05101937
1356272007415,-0.11874466,0.8145539,-0.5678041,0.015199184,0.57327425,0.81922257,0.99280846,0.08864817,-0.08045381
1356272007455,-0.1437053,0.84769225,-0.51065314,0.06610522,0.52307916,0.84971654,0.9874102,0.088351995,-0.1312061
1356272007495,-0.17398821,0.86332136,-0.47371346,0.11712426,0.49577796,0.86051506,0.97775775,0.094236076,-0.18737543
1356272007535,-0.19266951,0.8776072,-0.43895787,0.15574935,0.46901917,0.8693464,0.9688243,0.09912914,-0.22705245
1356272007575,-0.19167265,0.8958559,-0.40087867,0.17303678,0.43289915,0.88467884,0.96608484,0.100201964,-0.23799098
1356272007619,-0.17533192,0.91365075,-0.36674392,0.1642758,0.39444223,0.90411764,0.97070706,0.098273575,-0.21924901
1356272007656,-0.15562439,0.9235579,-0.35045975,0.13673559,0.37150747,0.9183059,0.97830695,0.09499049,-0.18409878
1356272007696,-0.13416532,0.9277513,-0.34824893,0.097581655,0.36208698,0.9270226,0.98614275,0.09039149,-0.13911104
1356272007737,-0.1137619,0.9250433,-0.36242673,0.05481434,0.37008333,0.92737997,0.99199474,0.08563432,-0.092807055
1356272007777,-0.09685111,0.9146431,-0.3924892,0.014416635,0.3955909,0.9183137,0.99519444,0.08328134,-0.051499486
1356272007817,-0.086446464,0.89418787,-0.4392665,-0.0200696,0.43926454,0.8981336,0.99605435,0.08645636,-0.020026863
1356272007855,-0.086288154,0.85916823,-0.5043653,-0.048082292,0.5020722,0.8634881,0.9951093,0.0987598,-0.002012074
1356272007895,-0.09975237,0.8026707,-0.58802146,-0.07318792,0.58344924,0.80884516,0.992317,0.12372026,5.453229E-4
1356272007935,-0.12595667,0.7190706,-0.68342704,-0.10210407,0.6758582,0.72992504,0.98676735,0.16171956,-0.011708796
1356272007975,-0.15617414,0.61354196,-0.77406454,-0.13901502,0.7622268,0.63220656,0.977898,0.2063409,-0.033748567
1356272008015,-0.17791453,0.5066436,-0.84359866,-0.17799897,0.82656515,0.53395355,0.96781343,0.24515776,-0.056875944
1356272008056,-0.18419647,0.4206199,-0.8883415,-0.20541032,0.8673754,0.4532842,0.9611859,0.26596785,-0.073367834
1356272008095,-0.17684948,0.3637857,-0.9145404,-0.21263275,0.89312214,0.39638388,0.9609951,0.26456153,-0.08059543
1356272008135,-0.16193339,0.3326999,-0.92902553,-0.20212507,0.9103075,0.361228,0.96587944,0.24627422,-0.08016217
1356272008175,-0.14431283,0.3223947,-0.93554014,-0.18162355,0.92074525,0.34531283,0.9727213,0.21974921,-0.07432091
1356272008215,-0.12553516,0.3311333,-0.9351961,-0.15661128,0.92421937,0.34826922,0.97964984,0.19018227,-0.06416285
1356272008255,-0.105321676,0.35815775,-0.92770165,-0.12848353,0.92016995,0.36983672,0.9861031,0.15814623,-0.050896466
1356272008295,-0.0854382,0.3983348,-0.9132523,-0.09756526,0.90885377,0.40554392,0.99155504,0.12375064,-0.038787186
1356272008335,-0.07240114,0.43871176,-0.8957064,-0.064711794,0.8941047,0.44315803,0.99527407,0.090047956,-0.03634441
1356272008375,-0.077569366,0.461,-0.88400334,-0.03160879,0.8850921,0.46434134,0.99648577,0.06396097,-0.05408436
1356272008415,-0.10891712,0.45022464,-0.8862476,-0.0018378049,0.89145887,0.45309788,0.99404913,0.0509789,-0.0962677
1356272008455,-0.16118225,0.40509424,-0.899955,0.017289639,0.9128971,0.40782326,0.9867732,0.050173983,-0.15414679
1356272008495,-0.21083957,0.34867054,-0.9132226,0.021628305,0.9356586,0.35224324,0.9772814,0.054515347,-0.20481497
1356272008535,-0.23669815,0.30997357,-0.9208096,0.016721934,0.9489007,0.31513146,0.97143936,0.059193313,-0.2297864
1356272008575,-0.23388374,0.3004502,-0.92467725,0.008840501,0.95167303,0.3069857,0.97222435,0.06362435,-0.22523701
1356272008618,-0.20825198,0.31471568,-0.92605895,-0.0010554045,0.9467448,0.32198304,0.9780746,0.06803094,-0.19682938
1356272008656,-0.17354995,0.33371368,-0.92656124,-0.012855768,0.93999046,0.3409584,0.9847412,0.071084976,-0.15884519
1356272008686,-0.13988966,0.34722862,-0.92728806,-0.024847895,0.93497056,0.3538539,0.9898553,0.072541654,-0.122164845
1356272008716,-0.108970046,0.3571682,-0.92766184,-0.036243156,0.93117106,0.36277676,0.9933842,0.07315318,-0.08852482
1356272008757,-0.08134481,0.36233532,-0.92849135,-0.04885316,0.9290093,0.36681747,0.99548805,0.07519844,-0.05786884
1356272008797,-0.06200409,0.35151833,-0.9341254,-0.0642025,0.93258315,0.35519952,0.99600875,0.08199702,-0.03525561
1356272008837,-0.054966237,0.3227102,-0.9449004,-0.08434328,0.9414482,0.32643753,0.99491954,0.09763905,-0.024529457
1356272008877,-0.061426464,0.27658185,-0.9590251,-0.11250698,0.95279735,0.28199193,0.9917504,0.12521878,-0.027409554
1356272008923,-0.078104585,0.21926469,-0.9725341,-0.14882481,0.96201897,0.22884616,0.9857742,0.16261116,-0.0425061
1356272008955,-0.09881729,0.16080077,-0.9820276,-0.1878347,0.9661034,0.17709428,0.977217,0.20195884,-0.06526375
1356272008992,-0.116074115,0.112489104,-0.9868501,-0.21860787,0.9663088,0.13586047,0.96888465,0.23150307,-0.087572396
1356272009035,-0.12621796,0.08067978,-0.9887162,-0.231857,0.96668214,0.108480304,0.9645265,0.24293295,-0.10330647
1356272009075,-0.12964183,0.06645151,-0.9893317,-0.22627267,0.96944314,0.09476637,0.9653982,0.23614442,-0.11064422
1356272009115,-0.12841552,0.068831585,-0.98932886,-0.20718971,0.9737125,0.09463846,0.969836,0.21713182,-0.11077857
1356272009155,-0.12373775,0.08809373,-0.98839694,-0.18105307,0.97732776,0.10977327,0.9756581,0.1925354,-0.104982734
1356272009195,-0.11545685,0.125809,-0.98531306,-0.15116529,0.9781674,0.14260982,0.98174274,0.16541041,-0.093918145
1356272009235,-0.10328117,0.18261172,-0.9777454,-0.11775358,0.9738445,0.19432172,0.9876574,0.1352028,-0.07907665
1356272009276,-0.090473145,0.25423786,-0.96290076,-0.08192941,0.9616885,0.2616158,0.9925232,0.102559075,-0.06617743
1356272009315,-0.08552495,0.32585004,-0.9415452,-0.046530902,0.9426702,0.33046603,0.995249,0.07207401,-0.06545973
1356272009355,-0.100453466,0.37527508,-0.9214541,-0.014613733,0.9254823,0.37850875,0.9948344,0.051488414,-0.08748376
1356272009395,-0.13993382,0.3864231,-0.9116445,0.010181978,0.92121637,0.38891745,0.99010855,0.04514034,-0.13284385
1356272009435,-0.19231987,0.36319798,-0.91164696,0.022731364,0.9303886,0.36586922,0.98106897,0.04964094,-0.18718821
1356272009475,-0.23292679,0.33469164,-0.91308635,0.024409384,0.94062805,0.33856028,0.97218794,0.056571886,-0.22726709
1356272009515,-0.24610409,0.32946938,-0.9115277,0.023054317,0.94217664,0.33432287,0.96896917,0.06126359,-0.23946917
1356272009555,-0.23230961,0.35418782,-0.90586054,0.02157858,0.9329878,0.3592606,0.9724026,0.06391248,-0.2243849
1356272009618,-0.20138139,0.39575997,-0.896002,0.016311258,0.9159705,0.40091392,0.9793771,0.0661217,-0.19091475
1356272009636,-0.16349462,0.43842804,-0.8837705,0.00427939,0.8961313,0.44376844,0.9865349,0.06877178,-0.14838886
1356272009677,-0.12611195,0.47098574,-0.87307966,-0.014462948,0.87914,0.4763441,0.9919106,0.07270004,-0.104058206
1356272009716,-0.09456401,0.48578036,-0.86895055,-0.037593648,0.8704969,0.490736,0.99480873,0.07907297,-0.06405544
1356272009757,-0.07171609,0.47983325,-0.8744238,-0.06262387,0.8727854,0.48407027,0.99545723,0.08947542,-0.03254372
1356272009797,-0.0592674,0.45005393,-0.8910324,-0.08841483,0.88672686,0.45376018,0.9943189,0.1056737,-0.012762547
1356272009837,-0.058029115,0.39589322,-0.9164612,-0.11666192,0.9090293,0.40006965,0.991475,0.13013184,-0.006564498
1356272009876,-0.06686464,0.32062125,-0.9448445,-0.14977308,0.93300885,0.32720408,0.9864569,0.16339064,-0.014364898
1356272009916,-0.08209118,0.23436666,-0.968676,-0.1875233,0.95096385,0.24597308,0.9788238,0.20184156,-0.034116507
1356272009957,-0.09858021,0.15206096,-0.9834426,-0.2255818,0.95911527,0.17091173,0.9692238,0.23869526,-0.0602476
1356272009997,-0.110682935,0.089383885,-0.9898282,-0.2544545,0.9602034,0.115161896,0.9607301,0.2646127,-0.083534
1356272010037,-0.116463065,0.053197592,-0.99176925,-0.26526958,0.96062297,0.08267747,0.9571145,0.2727151,-0.097765386
1356272010075,-0.117257714,0.042206563,-0.99220425,-0.25641227,0.9639337,0.07130654,0.9594287,0.2627746,-0.10220635
1356272010115,-0.11509517,0.053260565,-0.9919257,-0.23373148,0.96907395,0.07915389,0.96546507,0.24095446,-0.09908706
1356272010155,-0.1108073,0.08512035,-0.9901901,-0.20439023,0.97307646,0.10652151,0.9725978,0.21418852,-0.09042621
1356272010195,-0.10414502,0.13768822,-0.9849851,-0.17198572,0.97295725,0.15419137,0.97957885,0.18546164,-0.07764828
1356272010235,-0.09522796,0.20846054,-0.9733837,-0.13706118,0.9657687,0.22023866,0.9859746,0.15438598,-0.063396335
1356272010275,-0.08707291,0.2882025,-0.9536024,-0.10061872,0.94979864,0.29624033,0.9911075,0.121744774,-0.05370319
1356272010315,-0.08756545,0.35802317,-0.92959774,-0.0650378,0.9291365,0.3639719,0.99403346,0.09233035,-0.05807519
1356272010355,-0.10637951,0.397743,-0.91130894,-0.033694535,0.9145412,0.40308696,0.99375457,0.0735863,-0.08388668
1356272010395,-0.14707142,0.39533666,-0.9066857,-0.011246175,0.9159259,0.4011898,0.98906195,0.06920029,-0.13026047
1356272010435,-0.19486141,0.36642683,-0.9098134,-0.0010231286,0.92751825,0.37377656,0.9808303,0.07376549,-0.18036258
1356272010475,-0.22757363,0.34253013,-0.91152805,6.299764E-4,0.93614185,0.3516221,0.97376066,0.079445645,-0.21325696
1356272010516,-0.23264277,0.34604406,-0.9089174,7.2555244E-4,0.9346211,0.3556443,0.97256196,0.08207862,-0.21768391
1356272010555,-0.21255928,0.37546992,-0.9021313,-3.4345686E-4,0.9232,0.3843197,0.9771482,0.08200055,-0.19610578
1356272010618,-0.17759863,0.41489178,-0.8923696,-0.006117955,0.90630174,0.42258686,0.984084,0.0805103,-0.15841967
1356272010637,-0.13786542,0.450136,-0.8822531,-0.017562464,0.889508,0.45658192,0.99029523,0.07844141,-0.1147269
1356272010676,-0.10099414,0.47242856,-0.87556356,-0.033178583,0.8779744,0.47755647,0.9943337,0.07728036,-0.07299578
1356272010716,-0.07277185,0.47606373,-0.8763946,-0.0506763,0.87582445,0.47996193,0.99606025,0.079340175,-0.039610207
1356272010756,-0.05712623,0.4582035,-0.88700956,-0.069123074,0.88451326,0.46136567,0.99597114,0.087668926,-0.018856466
1356272010797,-0.05614931,0.41643888,-0.9074281,-0.09077518,0.9029685,0.4200092,0.9942872,0.10595518,-0.012898743
1356272010835,-0.06928077,0.35240668,-0.93327904,-0.121031776,0.92564696,0.35850942,0.99022806,0.13779424,-0.021477103
1356272010875,-0.090972275,0.27538374,-0.9570203,-0.16235045,0.9440474,0.28708345,0.9825306,0.18148932,-0.041173458
1356272010915,-0.111985266,0.2021921,-0.9729222,-0.20681018,0.9529001,0.22183536,0.971951,0.22605251,-0.06489539
1356272010955,-0.12504792,0.1479552,-0.9810567,-0.23878522,0.9552648,0.17450163,0.9629873,0.25608292,-0.08412433
1356272010995,-0.12855306,0.11822655,-0.9846302,-0.24766773,0.9575799,0.147314,0.9602785,0.2627988,-0.0938189
1356272011035,-0.12522146,0.11081286,-0.98592097,-0.23483057,0.96219456,0.13797186,0.96393687,0.24880143,-0.09446514
1356272011075,-0.11838615,0.12209146,-0.9854331,-0.20873539,0.96717715,0.14490628,0.97078025,0.22284967,-0.0890156
1356272011115,-0.10960877,0.15080665,-0.98246795,-0.17682828,0.96969813,0.1685743,0.97811943,0.19220534,-0.07962054
1356272011155,-0.098974645,0.19733836,-0.9753264,-0.14253105,0.96722114,0.21016224,0.9848294,0.15981503,-0.06760353
1356272011195,-0.08736035,0.25990438,-0.9616745,-0.10731665,0.9572918,0.26846877,0.9903794,0.12665722,-0.055737317
1356272011235,-0.07928568,0.32965526,-0.94076633,-0.0731847,0.93926555,0.33529723,0.99416184,0.09543396,-0.050344586
1356272011275,-0.08428076,0.38819608,-0.91771483,-0.042433888,0.918758,0.39253432,0.9955381,0.072025284,-0.06096095
1356272011315,-0.11251539,0.41381267,-0.90338224,-0.017055571,0.90821713,0.41815168,0.99350363,0.062456205,-0.09513056
1356272011355,-0.16409859,0.39652514,-0.90323824,-0.0013986975,0.91555643,0.402187,0.98644286,0.06726171,-0.14968693
1356272011395,-0.22150269,0.35309035,-0.90899056,3.7114322E-4,0.93217564,0.362006,0.9751597,0.07984795,-0.2066105
1356272011435,-0.26132768,0.319577,-0.91081196,-0.005849272,0.94306034,0.33257025,0.96523243,0.092237405,-0.24457848
1356272011475,-0.27240044,0.32166576,-0.90682364,-0.0091158,0.94155884,0.33672518,0.9621408,0.0999905,-0.2535488
1356272011515,-0.25735143,0.35855347,-0.89733475,-0.0073203295,0.9278624,0.372851,0.9662902,0.10252249,-0.23616195
1356272011555,-0.22569957,0.41182822,-0.88286877,-0.006627217,0.9055828,0.4241178,0.9741744,0.1015742,-0.2016604
1356272011617,-0.18809497,0.4622003,-0.8665975,-0.0122054815,0.88117844,0.47262627,0.98207504,0.09947586,-0.16010386
1356272011636,-0.15232101,0.49889642,-0.85317093,-0.024460927,0.8610767,0.5078864,0.98802835,0.09823111,-0.118956566
1356272011676,-0.12282016,0.5179125,-0.8465706,-0.041124016,0.84964037,0.5257567,0.99157655,0.09938787,-0.083054304
1356272011716,-0.10182327,0.5181708,-0.8491944,-0.0594967,0.848931,0.5251441,0.9930217,0.10399613,-0.05561149
1356272011757,-0.09072626,0.49957496,-0.8615066,-0.07900643,0.858737,0.5062892,0.99273694,0.113998294,-0.038440347
1356272011797,-0.090556055,0.460879,-0.88283074,-0.10191116,0.8775308,0.46856567,0.9906633,0.1324018,-0.03249699
1356272011837,-0.10025581,0.40374357,-0.9093624,-0.13075407,0.9006943,0.4143105,0.9863327,0.16043988,-0.037508726
1356272011883,-0.11619171,0.3355065,-0.9348448,-0.16563801,0.9214938,0.3513021,0.97931784,0.19566423,-0.05149734
1356272011915,-0.13203835,0.26973107,-0.95384014,-0.2013839,0.9348976,0.29225162,0.97057223,0.23067646,-0.06912285
1356272011952,-0.14230925,0.22049312,-0.9649513,-0.22798948,0.9413588,0.24872567,0.9632076,0.2553947,-0.08369392
1356272011995,-0.14548376,0.19510919,-0.96993136,-0.23638546,0.94511306,0.22557317,0.96070623,0.26209491,-0.091377616
1356272012035,-0.14371306,0.19416219,-0.97038525,-0.22562581,0.9483103,0.22316024,0.96355563,0.251015,-0.09247661
1356272012075,-0.13931239,0.21648693,-0.9662947,-0.20148206,0.94920146,0.24170542,0.96953446,0.2283636,-0.088617325
1356272012115,-0.13307956,0.26269805,-0.9556566,-0.17041633,0.9438071,0.283172,0.9763443,0.20054388,-0.080833435
1356272012155,-0.124492586,0.3337389,-0.93440884,-0.1357109,0.9271575,0.34922993,0.9828958,0.17028601,-0.070132196
1356272012195,-0.11373452,0.42638063,-0.89736503,-0.09866734,0.8939132,0.43724585,0.9885996,0.13827056,-0.059598923
1356272012235,-0.10466009,0.52793294,-0.8428126,-0.060634315,0.8425029,0.5352685,0.99265796,0.10712461,-0.056165576
1356272012275,-0.10594213,0.6176039,-0.7793214,-0.021445423,0.78213054,0.6227455,0.99414104,0.082687885,-0.06961578
1356272012315,-0.12585588,0.6791003,-0.7231758,0.021537542,0.73067075,0.6823902,0.9918148,0.070307344,-0.10658538
1356272012355,-0.16190208,0.713009,-0.68220663,0.06748292,0.69770885,0.7131959,0.9844967,0.06943062,-0.16107643
1356272012395,-0.19756939,0.7352035,-0.64841497,0.10896391,0.67382437,0.7308129,0.9742141,0.073732466,-0.2132377
1356272012435,-0.21495463,0.7621347,-0.61069244,0.13823643,0.64275753,0.7534942,0.9667912,0.07754707,-0.24351847
1356272012475,-0.20934595,0.79634726,-0.5674552,0.1495412,0.59956074,0.7862343,0.96633935,0.07973707,-0.24460232
1356272012515,-0.18997143,0.82860297,-0.5266193,0.14136684,0.55388343,0.820505,0.9715587,0.081425995,-0.22235906
1356272012555,-0.16651468,0.8530067,-0.4946233,0.11758965,0.5152254,0.84894955,0.97900224,0.08320007,-0.18609732
1356272012617,-0.14461729,0.8686298,-0.47388616,0.084876716,0.48804542,0.86868155,0.9858407,0.085404456,-0.14430624
1356272012636,-0.12725806,0.8763569,-0.464547,0.049374342,0.47337133,0.8794781,0.9906399,0.08898401,-0.10350984
1356272012676,-0.116288155,0.8769078,-0.46637937,0.016332895,0.47118995,0.8818805,0.9930812,0.09493494,-0.069116294
1356272012706,-0.11085215,0.8716145,-0.47749332,-0.01071012,0.47937885,0.87754273,0.9937792,0.10239157,-0.043805063
1356272012736,-0.11228487,0.86138684,-0.49538344,-0.03138596,0.49521306,0.8682045,0.9931802,0.11303434,-0.02856946
1356272012776,-0.12889698,0.83992237,-0.5271774,-0.046541452,0.5259024,0.8492706,0.99056524,0.13400403,-0.028696
1356272012817,-0.15894789,0.80301154,-0.57437634,-0.060765892,0.57271236,0.8175011,0.9854152,0.16484255,-0.042235732
1356272012857,-0.19646645,0.75178576,-0.6294594,-0.077337176,0.62808967,0.7742883,0.97745585,0.20080227,-0.06525755
1356272012897,-0.23076628,0.6948874,-0.6810861,-0.09551677,0.68042,0.72657084,0.9683096,0.23272324,-0.09064454
1356272012936,-0.25172904,0.6472719,-0.719494,-0.10904932,0.71972954,0.68563676,0.9616344,0.25105497,-0.110592246
1356272012975,-0.25570238,0.62093484,-0.74098325,-0.11064938,0.74262977,0.66049814,0.9604025,0.2508803,-0.12118614
1356272013017,-0.24587898,0.6180705,-0.7466809,-0.099185914,0.75024277,0.6536803,0.9642125,0.23478651,-0.12316501
1356272013056,-0.22815727,0.6338755,-0.739017,-0.07983029,0.74430203,0.6630547,0.970346,0.21027671,-0.11921549
1356272013097,-0.20547074,0.6641389,-0.7188193,-0.057526708,0.7250248,0.686316,0.976971,0.18236923,-0.110765636
1356272013137,-0.17866977,0.705688,-0.68562496,-0.035049886,0.69183046,0.7212088,0.9832846,0.15288925,-0.09887493
1356272013175,-0.14827879,0.7533804,-0.64064914,-0.013239771,0.64624,0.76301944,0.988857,0.12162158,-0.08584911
1356272013215,-0.11882667,0.79845685,-0.5902091,0.00868535,0.59523374,0.80350566,0.992877,0.09035176,-0.077664495
