1356272207527,-0.34151387,0.24966738,-0.9061096,-0.68863964,0.58964115,0.42201757,0.63964343,0.7681078,-0.029439747
1356272207567,0.73301464,-0.5979452,0.32427,0.23150535,-0.22895561,-0.9455075,0.63960516,0.76814115,-0.029400289
1356272207605,0.73319256,-0.5978036,0.32412887,0.2316229,-0.22860412,-0.9455639,0.63935864,0.7683561,-0.02914587
1356272207645,0.7336367,-0.59741676,0.32383692,0.232021,-0.22769488,-0.94568557,0.6387045,0.76892656,-0.028432045
1356272207687,0.73426384,-0.5967621,0.32362258,0.23304951,-0.2261586,-0.94580144,0.63760847,0.76988786,-0.02698499
1356272207726,0.73453426,-0.59610844,0.32421312,0.23528919,-0.22440378,-0.9456648,0.6364734,0.7709071,-0.024574433
1356272207765,0.7336103,-0.59593546,0.32661426,0.23934922,-0.22323857,-0.94492143,0.6360251,0.77137893,-0.021133423
1356272207805,0.7305862,-0.59682524,0.33172813,0.24584197,-0.22332807,-0.9432319,0.6370288,0.7706649,-0.016435713
1356272207847,0.7248693,-0.59896743,0.34029752,0.25519907,-0.22535753,-0.94025916,0.63987327,0.7684086,-0.010498792
1356272207885,0.716351,-0.6021901,0.3524322,0.26738578,-0.22962004,-0.93583095,0.64447355,0.76461875,-0.0034714956
1356272207925,0.70547473,-0.60589755,0.36768663,0.28192335,-0.23607394,-0.92993987,0.6502496,0.75970864,0.004272489
1356272207967,0.693048,-0.6093897,0.38513458,0.298014,-0.24427027,-0.9227782,0.65640855,0.75430506,0.012315663
1356272208005,0.6802364,-0.6118467,0.40363607,0.3147147,-0.253536,-0.914699,0.6619917,0.74924177,0.020092694
1356272208045,0.6682052,-0.612692,0.42203107,0.33112514,-0.26306033,-0.90617615,0.66622657,0.7452567,0.02709946
1356272208085,0.6577048,-0.61170745,0.43958884,0.34667075,-0.27229553,-0.8975937,0.66876286,0.74274427,0.032971025
1356272208124,0.64893496,-0.6090751,0.45597255,0.36102438,-0.2810338,-0.8892028,0.66973495,0.74165195,0.037518293
1356272208165,0.64182186,-0.6052324,0.4709124,0.3739982,-0.28905258,-0.88123435,0.66947,0.74171585,0.04083556
1356272208205,0.6359836,-0.6006785,0.4844691,0.38567704,-0.29635915,-0.8737416,0.6684147,0.7425339,0.043188363
1356272208245,0.6309898,-0.5959275,0.49671155,0.39601624,-0.30313915,-0.8667629,0.6671005,0.7436243,0.04471925
1356272208285,0.6265279,-0.59134567,0.50771344,0.40487078,-0.30969718,-0.8603297,0.66598976,0.7445789,0.045384705
1356272208325,0.6225627,-0.5870189,0.5175177,0.41215664,-0.31620288,-0.8544838,0.66523874,0.74526805,0.045087636
1356272208366,0.61942434,-0.5827317,0.5260582,0.417897,-0.32251123,-0.84932244,0.6645868,0.7459291,0.043750525
1356272208405,0.6176594,-0.57808876,0.5332074,0.42223966,-0.32822913,-0.84497297,0.6634836,0.7470468,0.041358232
1356272208455,0.61781913,-0.5726923,0.53881645,0.42530367,-0.33297533,-0.8415725,0.66137457,0.7491002,0.037849545
1356272208487,0.6201043,-0.56633294,0.5428974,0.4271698,-0.33669212,-0.83914506,0.6580247,0.7522669,0.03313607
1356272208526,0.6242348,-0.5590818,0.54567254,0.42795283,-0.33964264,-0.8375556,0.6535957,0.75635344,0.027243853
1356272208566,0.6295092,-0.5512318,0.5475962,0.42789537,-0.34231904,-0.83649457,0.64855504,0.7608949,0.020376593
1356272208596,0.6342103,-0.5436398,0.54975736,0.42798346,-0.34532577,-0.8352127,0.6439003,0.76498747,0.013659686
1356272208636,0.639332,-0.536207,0.551123,0.42685992,-0.3486588,-0.8344025,0.6395664,0.7687126,0.0059765875
1356272208666,0.6432675,-0.5292924,0.55322367,0.42606306,-0.35288647,-0.83303136,0.63614243,0.77157015,-0.0014884174
1356272208707,0.64648414,-0.52321273,0.5552537,0.42396608,-0.35869306,-0.83162016,0.6342799,0.77303797,-0.0100649
1356272208736,0.6484535,-0.518005,0.557834,0.42183504,-0.36547998,-0.82974666,0.6336901,0.77336603,-0.018484056
1356272208766,0.64969677,-0.5137859,0.560284,0.41901374,-0.37292773,-0.8278602,0.6342883,0.7726248,-0.027006626
1356272208806,0.65107,-0.5101689,0.5619925,0.41387886,-0.38203737,-0.826288,0.6362486,0.77056813,-0.03758496
1356272208836,0.65333307,-0.5070045,0.56222975,0.40734464,-0.39056206,-0.82554924,0.6381428,0.7683799,-0.048641562
1356272208876,0.6580333,-0.5035386,0.55985814,0.39712092,-0.39963204,-0.8261896,0.63975555,0.7659916,-0.06300548
1356272208916,0.66492784,-0.50060034,0.5543197,0.38393557,-0.40751505,-0.82856804,0.640675,0.763761,-0.07876983
1356272208946,0.67241013,-0.49902934,0.5466574,0.37039477,-0.4125682,-0.83222294,0.64083713,0.76207423,-0.09257719
1356272208976,0.6800672,-0.49814487,0.5379223,0.35758817,-0.41514865,-0.8365299,0.6400308,0.76125115,-0.10419825
1356272209016,0.6896405,-0.49701792,0.5266584,0.34451193,-0.41451466,-0.84231174,0.6369517,0.76233244,-0.114637494
1356272209046,0.70069087,-0.4962393,0.5126195,0.33035403,-0.41117314,-0.8495898,0.63237524,0.7646458,-0.1241706
1356272209086,0.71626616,-0.49276075,0.494115,0.31365183,-0.4051887,-0.858746,0.6233661,0.77007073,-0.13566765
1356272209116,0.73334134,-0.48753074,0.47383982,0.2958286,-0.39869753,-0.8680585,0.612124,0.7767586,-0.14815584
1356272209156,0.7564657,-0.47722083,0.44723597,0.27270913,-0.3913836,-0.87889063,0.59446573,0.7868159,-0.1659258
1356272209187,0.77930486,-0.46377245,0.421425,0.24989077,-0.38672876,-0.887691,0.5746638,0.7970922,-0.18548715
1356272209225,0.8054555,-0.44546002,0.39090514,0.22169425,-0.3852327,-0.89579433,0.54963,0.80818385,-0.21153185
1356272209265,0.83108354,-0.4227547,0.36135653,0.19251436,-0.39089605,-0.9000769,0.52176464,0.81760544,-0.24348092
1356272209305,0.85280544,-0.3986464,0.3373484,0.16665286,-0.40445888,-0.89924407,0.49492395,0.8231003,-0.27848917
1356272209345,0.8674639,-0.37697655,0.32464612,0.1505515,-0.42304468,-0.89351416,0.47417367,0.8239672,-0.3102216
1356272209385,0.8730639,-0.3607536,0.32804912,0.15037692,-0.44077742,-0.8849306,0.46383852,0.82193196,-0.33057785
1356272209455,0.86659735,-0.35266286,0.35304102,0.17340302,-0.45057327,-0.8757369,0.46791074,0.8201297,-0.3293128
1356272209469,0.8528514,-0.3478188,0.38944402,0.21009564,-0.45421866,-0.86576277,0.4780213,0.8201875,-0.31430578
1356272209505,0.82796437,-0.34951225,0.43853873,0.2630101,-0.4486459,-0.85413265,0.49527842,0.82253146,-0.27953756
1356272209545,0.79147184,-0.35747802,0.49576387,0.3263417,-0.43866593,-0.83730125,0.5167915,0.82448876,-0.23053175
1356272209585,0.7452204,-0.37092623,0.55413014,0.39147696,-0.42935428,-0.81387997,0.5398076,0.82344913,-0.1747545
1356272209625,0.6949225,-0.3889476,0.604816,0.44861424,-0.42283887,-0.78737056,0.5619857,0.8184906,-0.11935279
1356272209665,0.6488377,-0.4109402,0.6404201,0.49023244,-0.41793588,-0.7648541,0.5819638,0.81022084,-0.069716334
1356272209705,0.6159624,-0.4366977,0.6556565,0.51175594,-0.41093767,-0.7544774,0.59891254,0.8002658,-0.029639482
1356272209745,0.60406053,-0.46553734,0.6468275,0.5112364,-0.39626396,-0.7626351,0.6113495,0.79135954,-0.0013678074
1356272209785,0.618279,-0.4954373,0.6101419,0.48755428,-0.3671189,-0.79215825,0.61645925,0.78725207,0.014570624
1356272209825,0.6583057,-0.5221919,0.5421709,0.43914834,-0.31856322,-0.8400395,0.6113775,0.7910962,0.019607693
1356272209865,0.7151352,-0.5395766,0.44434094,0.36539954,-0.25333348,-0.89571506,0.59587324,0.8029193,0.015993327
1356272209906,0.771115,-0.5440312,0.33077437,0.27406216,-0.18531072,-0.9436894,0.57469255,0.81834584,0.006202519
1356272209945,0.8098976,-0.5406121,0.22760595,0.1856592,-0.13181789,-0.9737323,0.556414,0.8308806,-0.0063893795
1356272209985,0.8274639,-0.5395702,0.155459,0.12030849,-0.10006656,-0.9876805,0.5484792,0.83597296,-0.017886605
1356272210025,0.82929516,-0.5461907,0.11809027,0.08418371,-0.08680236,-0.9926623,0.5524334,0.83315134,-0.02600443
1356272210065,0.8221788,-0.5586261,0.109356865,0.07310824,-0.08689431,-0.99353135,0.56451505,0.8248553,-0.030602485
1356272210124,0.8106321,-0.5723959,0.123444065,0.08199242,-0.09778057,-0.9918247,0.57978684,0.81412643,-0.032331944
1356272210145,0.79565305,-0.5842333,0.16002403,0.10992506,-0.12053098,-0.9866046,0.5956951,0.8025856,-0.031678945
1356272210186,0.7745048,-0.59159946,0.22394754,0.15949142,-0.15996036,-0.9741536,0.6121315,0.7902042,-0.029535025
1356272210223,0.7421655,-0.5896019,0.31868485,0.23072758,-0.22166558,-0.94743294,0.6292497,0.7766815,-0.02847514
1356272210265,0.6979096,-0.5696591,0.43406302,0.31228206,-0.3033732,-0.90024704,0.644517,0.7638411,-0.03383273
1356272210305,0.65530276,-0.5265209,0.5416217,0.38198227,-0.38760772,-0.83895755,0.65166545,0.75666106,-0.052878737
1356272210345,0.63865983,-0.46639925,0.61203384,0.42216164,-0.45261526,-0.78544205,0.64334536,0.76000744,-0.09217134
1356272210385,0.64997816,-0.39785123,0.6474895,0.44048297,-0.4970636,-0.74759775,0.6192762,0.7711304,-0.1478338
1356272210456,0.66950655,-0.3263388,0.66728103,0.4547687,-0.5302076,-0.7155875,0.5873214,0.782549,-0.20656878
1356272210468,0.6577537,-0.24936312,0.7107588,0.4989375,-0.5626718,-0.65913725,0.5642884,0.78817415,-0.24568284
1356272210507,0.60593474,-0.17779587,0.77539134,0.56694955,-0.5872265,-0.5776965,0.5580424,0.7896542,-0.25501966
1356272210546,0.51040685,-0.11098826,0.8527406,0.6469142,-0.6037704,-0.4657933,0.5665571,0.7893941,-0.23636866
1356272210586,0.38653255,-0.054946452,0.92063755,0.7140708,-0.6139275,-0.33644593,0.5836912,0.7874477,-0.19806731
1356272210616,0.27249902,-0.016162634,0.9620203,0.7513229,-0.62102556,-0.22325116,0.6010475,0.78362364,-0.1570855
1356272210656,0.16526443,0.0070216656,0.9862243,0.7667954,-0.6297987,-0.124010116,0.620252,0.7767267,-0.10946752
1356272210697,0.08305019,0.012384713,0.99646837,0.76649064,-0.63981545,-0.055930763,0.6368632,0.7684288,-0.062629536
1356272210726,0.03244114,0.0032987595,0.9994682,0.76090854,-0.64846694,-0.022557586,0.6480477,0.7612357,-0.023547068
1356272210766,0.00453794,-0.012085795,0.9999167,0.7590288,-0.65095884,-0.011312723,0.65104127,0.7590169,0.0062194318
1356272210806,0.007275462,-0.03912455,0.99920785,0.7647122,-0.6436368,-0.030770004,0.64433086,0.7643303,0.025236264
1356272210846,0.04036808,-0.075271755,0.99634564,0.77824104,-0.6230273,-0.07859969,0.6266669,0.77856994,0.033429146
1356272210876,0.09875733,-0.11821079,0.9880654,0.7908282,-0.5933641,-0.1500327,0.60401803,0.79620683,0.034885347
1356272210906,0.17545635,-0.16028583,0.9713514,0.7972522,-0.55572444,-0.23571047,0.57758474,0.81576884,0.030282833
1356272210936,0.26646334,-0.20012039,0.94284105,0.79086494,-0.5137495,-0.3325568,0.5509355,0.83427405,0.021372832
1356272210976,0.3636893,-0.23544407,0.9012748,0.76684153,-0.4736234,-0.43316853,0.52885175,0.8486737,0.008296497
1356272211006,0.44781417,-0.2674844,0.8531791,0.72968495,-0.44213396,-0.5216105,0.5167421,0.85613644,-0.0028145313
1356272211036,0.5038688,-0.2928201,0.8126332,0.6930005,-0.4245514,-0.5826719,0.51562256,0.85674536,-0.010993745
1356272211075,0.5268618,-0.313801,0.78990227,0.66563654,-0.42556882,-0.61304086,0.52853066,0.8487757,-0.015338536
1356272211117,0.52602667,-0.3294198,0.7840781,0.6508932,-0.4374504,-0.62046367,0.5473883,0.8367316,-0.015693484
1356272211158,0.5092684,-0.33958572,0.7907763,0.64684373,-0.45504543,-0.61198604,0.56766087,0.8231739,-0.012081385
1356272211197,0.4806471,-0.34458196,0.80637556,0.6500358,-0.47720432,-0.5913793,0.5885846,0.8084177,-0.0053762197
1356272211237,0.4445145,-0.3446152,0.8268297,0.6551484,-0.50441086,-0.5624503,0.61089075,0.79171336,0.0015561301
1356272211277,0.41033262,-0.33800903,0.84698117,0.6564919,-0.53516436,-0.53161794,0.6329658,0.7741764,0.0023047347
1356272211317,0.3924343,-0.3210095,0.8619445,0.65183103,-0.5641026,-0.50685763,0.6489312,0.76075053,-0.012129307
1356272211355,0.40094286,-0.28911555,0.8692854,0.64491856,-0.58484554,-0.4919713,0.6506342,0.7578706,-0.048033655
1356272211395,0.43075448,-0.24094556,0.8697102,0.64207417,-0.5953926,-0.48295808,0.63418555,0.7664548,-0.1017631
1356272211453,0.46157625,-0.18275313,0.8680718,0.6478329,-0.5990503,-0.47058612,0.60601974,0.77957684,-0.15811393
1356272211477,0.4715346,-0.12692255,0.87266594,0.6642074,-0.59982556,-0.44613656,0.5800721,0.78999996,-0.19853562
1356272211516,0.4490334,-0.08418423,0.8895403,0.6897354,-0.6002159,-0.40497655,0.5680089,0.79539543,-0.21145213
1356272211557,0.39604664,-0.05804819,0.9163937,0.7181774,-0.6022841,-0.34853277,0.572161,0.79616845,-0.19684371
1356272211597,0.32299024,-0.046982884,0.9452354,0.7413517,-0.6082708,-0.28355652,0.5882814,0.79233783,-0.16163471
1356272211637,0.24413449,-0.04681799,0.9686106,0.75358844,-0.6194808,-0.21988171,0.61033005,0.78361446,-0.11595513
1356272211675,0.17274386,-0.05348113,0.9835137,0.75482714,-0.63429016,-0.16706863,0.63276815,0.771243,-0.069200724
1356272211715,0.11750466,-0.06424579,0.99099195,0.75038254,-0.64789724,-0.13097793,0.65047574,0.7590136,-0.027922004
1356272211755,0.082592785,-0.0776248,0.9935556,0.747402,-0.65464383,-0.11327666,0.65921813,0.7519413,0.0039481223
1356272211795,0.06982213,-0.092850536,0.9932289,0.7512276,-0.6501953,-0.113592416,0.6563399,0.7540722,0.024353847
1356272211835,0.08006722,-0.109255135,0.9907839,0.76346225,-0.63233906,-0.1314258,0.6408703,0.76694894,0.03278254
1356272211875,0.11389625,-0.12611932,0.98545504,0.78075194,-0.6020315,-0.16728571,0.61437285,0.78844917,0.029898703
1356272211915,0.1695661,-0.14271471,0.9751306,0.79531026,-0.5645152,-0.22091627,0.58200413,0.8129914,0.017779924
1356272211955,0.238801,-0.15932953,0.9579082,0.79836965,-0.5293342,-0.28707352,0.55279285,0.83331835,7.983446E-4
1356272211995,0.30673784,-0.1769279,0.935205,0.7865759,-0.5061278,-0.35374135,0.53592,0.84411556,-0.01608131
1356272212035,0.3591963,-0.19662023,0.9123149,0.7645866,-0.49855,-0.40847927,0.5351498,0.844268,-0.028744161
1356272212075,0.3903395,-0.21724188,0.8946737,0.7405514,-0.5032792,-0.44530174,0.5470089,0.8363707,-0.03557098
1356272212115,0.4021111,-0.23656158,0.8845029,0.720221,-0.5147497,-0.46509618,0.56532145,0.8240579,-0.03660998
1356272212155,0.39848012,-0.2531294,0.88155496,0.70532465,-0.52982867,-0.47095537,0.5862857,0.8094487,-0.032587852
1356272212195,0.38327664,-0.266638,0.8843094,0.69407225,-0.5485443,-0.46622193,0.6093954,0.79246664,-0.02517816
1356272212235,0.3623894,-0.27626935,0.89013994,0.68270385,-0.57149506,-0.45531178,0.6344993,0.7727022,-0.018493589
1356272212275,0.3461517,-0.27871755,0.8958212,0.66864014,-0.59650713,-0.44395906,0.65810287,0.75265914,-0.02012023
1356272212315,0.34674764,-0.26828098,0.8987722,0.653501,-0.6182666,-0.43667248,0.6728317,0.7387637,-0.039060593
1356272212355,0.36960644,-0.24001896,0.8976536,0.6422118,-0.6321941,-0.43346804,0.6715319,0.7366963,-0.07951999
1356272212395,0.40510136,-0.19563779,0.893095,0.63876283,-0.63832194,-0.42956632,0.6541215,0.7444938,-0.13361895
1356272212455,0.43236732,-0.1466003,0.8897005,0.644235,-0.6401341,-0.41855663,0.63088816,0.7541464,-0.18232802
1356272212476,0.43561393,-0.10718769,0.89372885,0.6574359,-0.64029866,-0.39723498,0.61483216,0.7606105,-0.20845398
1356272212516,0.41179204,-0.08560035,0.9072485,0.6753236,-0.6397897,-0.36688858,0.6118541,0.76376814,-0.20565236
1356272212557,0.36869442,-0.08156848,0.9259649,0.69351953,-0.6391493,-0.3324437,0.61894673,0.7647449,-0.17908144
1356272212597,0.31715828,-0.09134483,0.9439633,0.70807904,-0.639344,-0.29977214,0.6308999,0.7634759,-0.13809389
1356272212635,0.26708597,-0.110537976,0.9573121,0.71692896,-0.6410275,-0.27403763,0.643955,0.75951636,-0.09196159
1356272212675,0.22617382,-0.1352213,0.9646557,0.7208481,-0.64283335,-0.25912017,0.6551514,0.7539764,-0.04791802
1356272212715,0.20009357,-0.1621283,0.9662697,0.7226262,-0.64157176,-0.25728822,0.661645,0.74973345,-0.011216253
1356272212755,0.19279087,-0.18903765,0.96285844,0.72522604,-0.63353556,-0.26959205,0.6609682,0.7502649,0.014955193
1356272212795,0.20684546,-0.21490338,0.9544797,0.7306256,-0.6149043,-0.29678115,0.65069294,0.7587551,0.029823713
1356272212835,0.24425179,-0.23913155,0.9397644,0.7378897,-0.5829548,-0.34012115,0.6291739,0.77651775,0.03406498
1356272212875,0.3056171,-0.2611797,0.9156328,0.74074495,-0.5389867,-0.40098688,0.5982434,0.8007988,0.028743885
1356272212915,0.38576,-0.2816615,0.8785534,0.72912943,-0.49039632,-0.47736967,0.56529593,0.8247292,0.01619241
1356272212955,0.470532,-0.30353394,0.8285329,0.69682944,-0.44821417,-0.55994004,0.541321,0.84081584,6.122887E-4
1356272212995,0.5429244,-0.33074075,0.7719091,0.6479921,-0.4196824,-0.6355887,0.5341717,0.8452676,-0.013538482
1356272213053,0.5940909,-0.36407286,0.7172914,0.5935358,-0.40345925,-0.69637346,0.5429285,0.83944726,-0.023601204
1356272213075,0.62452304,-0.40023342,0.6706595,0.54322696,-0.39436296,-0.74120325,0.5611376,0.82721883,-0.028871149
1356272213115,0.6380514,-0.4348471,0.6354514,0.50328606,-0.38905665,-0.7715816,0.58274657,0.8121225,-0.029385686
1356272213153,0.6363934,-0.4648467,0.6155655,0.47776404,-0.38898662,-0.7876743,0.6055946,0.7953658,-0.025461465
1356272213195,0.6192623,-0.48805282,0.6150761,0.4682825,-0.3992229,-0.7882465,0.6302584,0.7761607,-0.018677086
1356272213235,0.5894153,-0.50001484,0.6344878,0.471844,-0.4244299,-0.77280176,0.6557079,0.7548804,-0.01423648
1356272213275,0.5579432,-0.49445844,0.666491,0.4797759,-0.46311235,-0.74521273,0.67713696,0.7355527,-0.021161169
1356272213315,0.54178965,-0.46748123,0.6985165,0.4833977,-0.50655806,-0.7139507,0.68759775,0.72447234,-0.04846856
1356272213355,0.54911935,-0.42170587,0.7215483,0.48148754,-0.5460515,-0.6855636,0.6831088,0.72387284,-0.09680134
1356272213395,0.5674068,-0.364953,0.7381456,0.48278317,-0.5787405,-0.65725183,0.66706073,0.72929335,-0.15218809
1356272213455,0.5732519,-0.30602366,0.76008666,0.49981433,-0.6044683,-0.62032545,0.6492826,0.735505,-0.19355759
1356272213476,0.55012727,-0.25077882,0.7965362,0.5380968,-0.6229683,-0.56776947,0.6386014,0.7409591,-0.20776856
1356272213516,0.49315464,-0.20167425,0.84624225,0.59164417,-0.63539815,-0.49621198,0.63777393,0.7453835,-0.19403014
1356272213557,0.4086265,-0.16042736,0.89849174,0.64589477,-0.64471084,-0.40886182,0.64486,0.74740285,-0.15982676
1356272213597,0.3141392,-0.12979847,0.9404621,0.6861666,-0.6535736,-0.31940114,0.656119,0.74565005,-0.1162497
1356272213637,0.22913456,-0.11253005,0.9668683,0.7084547,-0.66189235,-0.24492913,0.6675246,0.7411042,-0.07193991
1356272213677,0.16772527,-0.11004743,0.9796723,0.7186035,-0.6666623,-0.19791561,0.67489064,0.7371914,-0.032735705
1356272213717,0.13733685,-0.12247127,0.9829239,0.7248739,-0.66385466,-0.183997,0.67505294,0.73776543,-0.002395548
1356272213756,0.14261752,-0.14955461,0.9784138,0.73233557,-0.64905,-0.20595819,0.66584146,0.7459005,0.0169582
1356272213795,0.18974084,-0.19088125,0.9631006,0.74052066,-0.61626965,-0.26803154,0.6446919,0.76405245,0.02442
1356272213835,0.28660268,-0.24646677,0.92580396,0.73708904,-0.5605836,-0.37741995,0.61201197,0.79056954,0.021003187
1356272213875,0.4300474,-0.31002846,0.8479043,0.6979898,-0.48149663,-0.53006727,0.57259893,0.81978256,0.0093303025
1356272213915,0.5864215,-0.3678186,0.7216782,0.6067068,-0.39084885,-0.6922023,0.53667194,0.8437693,-0.0060441196
1356272213955,0.702544,-0.4092286,0.58220613,0.49034533,-0.3145445,-0.8127873,0.5157455,0.85650086,-0.020318002
1356272213995,0.75909674,-0.43933824,0.48036867,0.39814046,-0.27048624,-0.8765394,0.5150304,0.8566324,-0.030406922
1356272214035,0.7722822,-0.4656211,0.43217728,0.34954607,-0.25661123,-0.90109277,0.5304694,0.84696376,-0.03542024
1356272214075,0.76021373,-0.48797947,0.4288952,0.33938146,-0.26464498,-0.9026535,0.5539813,0.8317687,-0.0355756
1356272214115,0.72991735,-0.5027877,0.46306068,0.36114126,-0.29150552,-0.88577735,0.5803427,0.8137746,-0.031197548
1356272214155,0.679313,-0.5053171,0.53215456,0.41034994,-0.33962768,-0.84632504,0.6083969,0.7932892,-0.023356676
1356272214197,0.6060401,-0.48912922,0.6272703,0.47517452,-0.40979373,-0.77863866,0.6379064,0.76994914,-0.015929699
1356272214235,0.5235292,-0.44903007,0.7240781,0.53385854,-0.48944572,-0.68952,0.66401225,0.74753916,-0.01652056
1356272214275,0.46614188,-0.39496052,0.7916551,0.5659607,-0.554646,-0.6099642,0.6800001,0.73237556,-0.03501159
1356272214315,0.44945407,-0.33482307,0.8281815,0.57856643,-0.5972685,-0.5554559,0.68062615,0.72880995,-0.074727386
1356272214355,0.46010232,-0.27276582,0.84492886,0.58585393,-0.62179464,-0.5197563,0.66714394,0.734146,-0.12628824
1356272214395,0.46542662,-0.20919585,0.8600088,0.6025569,-0.63683486,-0.4810058,0.648308,0.7420771,-0.17034751
1356272214453,0.43875974,-0.14526205,0.88678575,0.6364994,-0.6463686,-0.4208042,0.6343173,0.74907047,-0.19114134
1356272214476,0.37204933,-0.08386469,0.9244166,0.681865,-0.6510322,-0.33349255,0.6297932,0.754403,-0.18503168
1356272214516,0.27547067,-0.029500604,0.9608567,0.7229042,-0.65249616,-0.22728461,0.6336603,0.7572176,-0.15841746
1356272214557,0.16964054,0.012796521,0.98542297,0.7466963,-0.65424246,-0.12004787,0.6431693,0.75617665,-0.12054117
1356272214597,0.07644212,0.039769173,0.9962806,0.75176716,-0.65868133,-0.031388253,0.6549831,0.75137043,-0.08024821
1356272214637,0.007288873,0.05132833,0.9986552,0.7461674,-0.6651377,0.028740346,0.66571844,0.74495447,-0.043147653
1356272214675,-0.033709943,0.04840505,0.9982588,0.73961395,-0.6705714,0.05749148,0.6721866,0.7402642,-0.0131961405
1356272214715,-0.044364452,0.031340927,0.9985237,0.73993325,-0.67051566,0.053920925,0.67121565,0.7412331,0.0065568686
1356272214755,-0.020449042,-0.0010347068,0.9997904,0.751665,-0.65938145,0.014691681,0.659228,0.7518078,0.014261514
1356272214795,0.048467517,-0.052321434,0.99745345,0.7715263,-0.6322619,-0.07065475,0.6343485,0.772986,0.009723201
1356272214836,0.17783195,-0.12725827,0.9757977,0.78070855,-0.5854041,-0.21862361,0.5990576,0.80069184,-0.0047519505
1356272214875,0.36670774,-0.22339225,0.9031176,0.7416764,-0.5158378,-0.42875105,0.5616419,0.8270473,-0.023476928
1356272214915,0.55853355,-0.31707856,0.76648647,0.6346736,-0.43159768,-0.6410248,0.534069,0.84450257,-0.039820373
1356272214955,0.6790947,-0.38323027,0.62607116,0.5125253,-0.3630356,-0.7781536,0.5254981,0.84931725,-0.050120324
1356272214995,0.72399795,-0.4247836,0.5434941,0.43503398,-0.33027625,-0.8376533,0.5353246,0.84289765,-0.05432403
1356272215035,0.7221681,-0.45055878,0.52485234,0.41091263,-0.33093962,-0.84948796,0.5564386,0.82914156,-0.05385375
1356272215075,0.69121015,-0.46192926,0.5557426,0.42800927,-0.35795102,-0.8298669,0.5822685,0.8114754,-0.04970935
1356272215115,0.6346952,-0.45592594,0.6239339,0.47406805,-0.40789795,-0.7803068,0.61026347,0.7910441,-0.042750955
1356272215155,0.55556536,-0.42937356,0.71202904,0.5314706,-0.47519055,-0.7012367,0.639442,0.7680054,-0.03580001
1356272215195,0.47200364,-0.3846934,0.7932361,0.5772934,-0.54515815,-0.6078939,0.6662919,0.7448581,-0.035235673
1356272215235,0.41426593,-0.33136028,0.84769344,0.6005767,-0.60029954,-0.52815545,0.6838796,0.7279017,-0.04967642
1356272215275,0.39857304,-0.27627924,0.8745337,0.6090083,-0.63324344,-0.47761035,0.6857466,0.72296095,-0.08413741
1356272215315,0.41240084,-0.21917005,0.88424546,0.61544794,-0.64861137,-0.4478026,0.6716766,0.7288812,-0.13260013
1356272215355,0.42481768,-0.15866967,0.8912653,0.6304241,-0.6547056,-0.41704443,0.6496887,0.739043,-0.17810133
1356272215395,0.40798205,-0.097142905,0.90780723,0.6595775,-0.65615124,-0.3666376,0.63127506,0.74835074,-0.20362464
1356272215453,0.3530984,-0.040027082,0.9347296,0.69806576,-0.65392303,-0.29169995,0.62291706,0.75550145,-0.20295763
1356272215476,0.26898444,0.006987095,0.9631192,0.7334619,-0.6496005,-0.20013207,0.6242444,0.76024365,-0.17985716
1356272215517,0.17369306,0.04003325,0.98398584,0.75507164,-0.6468577,-0.106967896,0.6322165,0.76155925,-0.1425827
1356272215557,0.08784187,0.05803916,0.9944422,0.7603619,-0.64883864,-0.029296398,0.64353216,0.7587094,-0.10112597
1356272215597,0.022991657,0.06260657,0.9977734,0.75490874,-0.65540045,0.02372858,0.65542674,0.7526823,-0.062331006
1356272215635,-0.016758978,0.055875093,0.99829715,0.7467824,-0.6632122,0.049656868,0.6648573,0.7463429,-0.030611828
1356272215675,-0.031403422,0.03951049,0.9987256,0.7430836,-0.66734564,0.049765944,0.6684614,0.74369943,-0.008402705
1356272215715,-0.021508574,0.014322668,0.99966604,0.7489902,-0.66208625,0.025601089,0.66223186,0.74929076,0.0035130084
1356272215755,0.014465809,-0.019369155,0.9997077,0.76569116,-0.6427776,-0.023533255,0.64304566,0.76580787,0.005532548
1356272215795,0.08065969,-0.061109096,0.99486667,0.7864783,-0.60927236,-0.10118863,0.61232835,0.7906028,-0.0010827184
1356272215835,0.17651045,-0.10939863,0.97820044,0.7962866,-0.5683114,-0.20724323,0.57859457,0.8155085,-0.013200209
1356272215875,0.28479934,-0.16024992,0.94509757,0.78229916,-0.53092873,-0.32576486,0.5539832,0.8321266,-0.025844812
1356272215915,0.37701994,-0.20797616,0.90255296,0.74838036,-0.5057225,-0.4291522,0.5456948,0.83725184,-0.0350222
1356272215955,0.43687582,-0.24841747,0.8645394,0.7103076,-0.49442446,-0.5010066,0.55190814,0.83296657,-0.039549325
1356272215995,0.46583185,-0.27979547,0.8394732,0.67988944,-0.49402186,-0.54193413,0.56634885,0.82319915,-0.039901104
1356272216036,0.47058666,-0.30186683,0.82911074,0.66094744,-0.5019146,-0.55788016,0.58454835,0.8105296,-0.0366762
1356272216082,0.45137626,-0.3157611,0.83459836,0.6520652,-0.5217686,-0.5500622,0.6091555,0.7924975,-0.02961716
1356272216112,0.42104924,-0.31810954,0.84942555,0.64977765,-0.5476156,-0.52716815,0.6328559,0.77390146,-0.023872674
1356272216155,0.3959694,-0.31584585,0.86223525,0.6416417,-0.57654375,-0.5058589,0.65688986,0.75355065,-0.025633782
1356272216195,0.38603354,-0.3022871,0.8715507,0.6292559,-0.6045668,-0.48840147,0.67454803,0.73696774,-0.043167114
1356272216235,0.40279943,-0.27519894,0.8729365,0.6152175,-0.62474424,-0.48083472,0.6776873,0.73072577,-0.082339406
1356272216275,0.4397022,-0.23410656,0.86709636,0.6051414,-0.6361767,-0.47862637,0.6636761,0.73516893,-0.13806075
1356272216315,0.47408396,-0.18459001,0.86091286,0.6046214,-0.64253944,-0.47071856,0.64006037,0.7436865,-0.19301057
1356272216355,0.48458877,-0.13665223,0.8640022,0.6172183,-0.64649415,-0.44842702,0.619851,0.7505807,-0.22893956
1356272216395,0.46386322,-0.09839931,0.88042516,0.6416869,-0.6478708,-0.41048914,0.61079353,0.7553682,-0.23738188
1356272216453,0.417288,-0.072289824,0.9058945,0.67197716,-0.64655286,-0.36113167,0.61181486,0.75943637,-0.22122166
1356272216476,0.35491508,-0.05840531,0.9330724,0.70079887,-0.64397913,-0.30687428,0.61880225,0.76281035,-0.18762752
1356272216517,0.2869715,-0.05549091,0.95633054,0.72253954,-0.64292955,-0.2541224,0.62895465,0.76391256,-0.14440808
1356272216557,0.22393137,-0.061330706,0.9726733,0.7348027,-0.6450061,-0.20983824,0.6402497,0.7617123,-0.099371165
1356272216597,0.17396665,-0.07334021,0.9820167,0.7395314,-0.648758,-0.17946109,0.65025294,0.7574525,-0.058624834
1356272216637,0.14254981,-0.08944008,0.98573834,0.7414098,-0.6501437,-0.16620713,0.6557371,0.75452876,-0.026366107
1356272216677,0.13273335,-0.10834631,0.98521215,0.74571013,-0.6438797,-0.17127538,0.6529152,0.75741667,-0.0046693683
1356272216717,0.14677685,-0.12920922,0.98069435,0.7555939,-0.62519896,-0.19545856,0.63838416,0.7696955,0.0058650076
1356272216757,0.18647242,-0.15113446,0.9707659,0.76885724,-0.59268636,-0.23996103,0.6116261,0.7911265,0.0056812093
1356272216796,0.24959517,-0.1731548,0.9527432,0.7771555,-0.5511424,-0.30376202,0.577695,0.81624717,-0.0029942393
1356272216835,0.32436174,-0.19467384,0.92568433,0.7714745,-0.5118293,-0.3779653,0.54737234,0.8367393,-0.015831925
1356272216875,0.3905946,-0.21582288,0.8949057,0.75130886,-0.48701072,-0.4453712,0.53195,0.8463102,-0.028074116
1356272216915,0.43243223,-0.23647584,0.8701043,0.7255253,-0.48170972,-0.4914965,0.53536475,0.8438216,-0.03673762
1356272216955,0.4481076,-0.2546143,0.8569546,0.7033248,-0.49131823,-0.5137516,0.5518459,0.8329334,-0.041086916
1356272216995,0.4425956,-0.26778162,0.855805,0.6885427,-0.50991917,-0.51564664,0.574472,0.8174812,-0.041308906
1356272217035,0.4203257,-0.27433068,0.8649098,0.6811796,-0.5343088,-0.5005083,0.5994336,0.7995354,-0.037715286
1356272217075,0.38489473,-0.27371955,0.88143843,0.6780346,-0.56408906,-0.4712458,0.62619895,0.7790258,-0.031523585
1356272217115,0.343741,-0.26501125,0.9008947,0.6742002,-0.5981565,-0.43320096,0.6536791,0.7562922,-0.02694035
1356272217155,0.31065053,-0.24600038,0.9181394,0.66698015,-0.63178587,-0.39494795,0.67722493,0.7350716,-0.032187164
1356272217195,0.299654,-0.21381232,0.9297805,0.65903807,-0.6582823,-0.36377645,0.68983793,0.7217678,-0.056346446
1356272217235,0.31286883,-0.16729456,0.93494684,0.65561765,-0.67419845,-0.34003228,0.6872253,0.71935314,-0.1012544
1356272217275,0.33506387,-0.11057457,0.9356845,0.6600685,-0.68111,-0.31685746,0.67234045,0.7237834,-0.15522856
1356272217315,0.3431056,-0.05318427,0.9377899,0.6734329,-0.6820735,-0.28506827,0.6548028,0.7293471,-0.1982072
1356272217356,0.32274747,-0.004477918,0.9464745,0.6941896,-0.6786272,-0.2399291,0.6433777,0.7344693,-0.2159167
1356272217395,0.27389318,0.030925393,0.96126276,0.7174635,-0.6721827,-0.18280205,0.64049095,0.7397392,-0.20629412
1356272217453,0.20640916,0.052672446,0.977047,0.7363585,-0.6659258,-0.11966181,0.64433795,0.7441562,-0.17623898
1356272217476,0.1334281,0.062392324,0.9890926,0.7454643,-0.6639575,-0.058680087,0.65305424,0.7451627,-0.13510178
1356272217516,0.06709802,0.062372148,0.99579495,0.744162,-0.6679475,-0.008305401,0.6646207,0.74159,-0.09123294
1356272217555,0.016016364,0.054531932,0.9983835,0.73729706,-0.67510426,0.025046378,0.6753788,0.73570406,-0.051018953
1356272217595,-0.016149819,0.039986312,0.9990697,0.73178357,-0.68041676,0.039061844,0.6813457,0.7317336,-0.018272728
1356272217635,-0.027481318,0.018930078,0.99944305,0.7336671,-0.67870593,0.033028513,0.6789532,0.73416615,0.004763365
1356272217675,-0.015413463,-0.009066403,0.99984014,0.746585,-0.6652676,0.005476743,0.66511154,0.7465501,0.017022878
1356272217715,0.025431216,-0.04497376,0.99866444,0.76891756,-0.63752156,-0.04829073,0.6388419,0.7691187,0.01836814
1356272217755,0.10289925,-0.090342164,0.9905807,0.7903638,-0.5972221,-0.13656858,0.6039345,0.7969719,0.009949401
1356272217795,0.21938717,-0.14693683,0.96450967,0.79166996,-0.5509612,-0.26400852,0.5701999,0.8214934,-0.004548371
1356272217835,0.35838103,-0.2133247,0.90887594,0.75527465,-0.50598866,-0.41657603,0.54874694,0.8357439,-0.020217955
1356272217875,0.48708463,-0.28433055,0.82577527,0.6826159,-0.46585137,-0.56304365,0.54477894,0.8379372,-0.032820527
1356272217915,0.582983,-0.35292897,0.7318278,0.59418243,-0.42913565,-0.6802866,0.55414623,0.8314348,-0.040474594
1356272217955,0.64440036,-0.4139239,0.6429737,0.5098735,-0.39405996,-0.7646867,0.5698922,0.8205997,-0.042883575
1356272217995,0.67702997,-0.46547168,0.57005847,0.441674,-0.3626064,-0.8206343,0.58868885,0.80737394,-0.039908677
1356272218035,0.6865281,-0.50772387,0.5204763,0.3954141,-0.34001538,-0.8532509,0.6101858,0.79158443,-0.03266892
1356272218075,0.67624164,-0.5405268,0.50052756,0.37303442,-0.33463606,-0.86536926,0.6352499,0.77191275,-0.024659723
1356272218115,0.6543167,-0.5609466,0.5071574,0.36697596,-0.35085577,-0.86152714,0.66120976,0.74982613,-0.023716927
1356272218155,0.635981,-0.5651386,0.5254965,0.36109525,-0.38387805,-0.8498516,0.68201053,0.7302438,-0.040070295
1356272218195,0.6357432,-0.55253685,0.5390117,0.34287345,-0.42348003,-0.838512,0.69156945,0.71789116,-0.07977432
1356272218235,0.65312475,-0.5270168,0.5437659,0.31564918,-0.46324855,-0.8281102,0.6883267,0.71249855,-0.13620666
1356272218275,0.6735133,-0.49431935,0.5495709,0.29666927,-0.50021005,-0.81349695,0.6770282,0.7109418,-0.19024879
1356272218315,0.6826262,-0.4599397,0.56787056,0.30165246,-0.53044206,-0.79223543,0.665603,0.7121002,-0.22335172
1356272218355,0.6731216,-0.428005,0.6030913,0.33452824,-0.55107653,-0.76446414,0.65954393,0.7163284,-0.22776175
1356272218395,0.64380145,-0.4010445,0.65167713,0.38744467,-0.5635605,-0.7295795,0.65985334,0.7221932,-0.2074385
1356272218454,0.5983627,-0.38143966,0.7046033,0.44678912,-0.57113683,-0.68860894,0.6650876,0.726847,-0.1713239
1356272218476,0.54551584,-0.37145114,0.7512899,0.49953455,-0.5756839,-0.6473432,0.6729619,0.7284313,-0.128492
1356272218516,0.49893782,-0.37342694,0.7820571,0.5370908,-0.5749755,-0.61720073,0.68014306,0.7279805,-0.08631283
1356272218555,0.47374237,-0.3893677,0.789912,0.5562024,-0.56313515,-0.61116093,0.6827935,0.7288838,-0.050213695
1356272218595,0.48071194,-0.41897386,0.7703096,0.55650616,-0.53311545,-0.637251,0.6776555,0.7350162,-0.02311343
1356272218635,0.5259625,-0.45893425,0.71606064,0.5337776,-0.47734842,-0.6980114,0.6621518,0.74934494,-0.0060985386
1356272218675,0.6071167,-0.50003564,0.6175546,0.47721517,-0.39196905,-0.7865277,0.6353542,0.77222043,6.5368414E-4
1356272218715,0.70467013,-0.52712995,0.47494623,0.37872943,-0.28660655,-0.8800117,0.6000033,0.7999941,-0.0023234193
1356272218755,0.7855736,-0.53131676,0.3171382,0.25523588,-0.18865256,-0.9482958,0.56367433,0.8259012,-0.012589395
1356272218795,0.83074397,-0.5234271,0.18944252,0.14626084,-0.12311721,-0.98155475,0.5370961,0.8431287,-0.025721971
1356272218835,0.84540033,-0.5215455,0.115275875,0.078293264,-0.092489,-0.99263084,0.52836394,0.8481958,-0.03735673
1356272218875,0.84179866,-0.53230286,0.08960305,0.051473856,-0.086080015,-0.9949577,0.5373318,0.8421663,-0.045062367
1356272218915,0.8287585,-0.55100036,0.09776467,0.054494604,-0.094408624,-0.99404085,0.55694675,0.82914746,-0.04821539
1356272218955,0.81056,-0.57092416,0.13053003,0.079364166,-0.1137438,-0.99033517,0.58025324,0.8130855,-0.04688525
1356272218996,0.78613013,-0.58858746,0.18858452,0.12574767,-0.14642595,-0.9811967,0.6051338,0.79506236,-0.04109636
1356272219045,0.7457049,-0.60260195,0.28424484,0.20028335,-0.20414877,-0.9582327,0.6354611,0.77148837,-0.031543616
1356272219082,0.68617606,-0.59447145,0.4192448,0.29705015,-0.29710528,-0.9074633,0.66402084,0.7472162,-0.027278721
1356272219125,0.62498015,-0.56057715,0.5432799,0.3732868,-0.39661247,-0.8386629,0.68560684,0.7269469,-0.038618833
1356272219165,0.58728635,-0.50493383,0.6325635,0.41626677,-0.48182544,-0.77108115,0.6941302,0.7161606,-0.07278231
1356272219215,0.5959257,-0.43893325,0.6724657,0.42366582,-0.539531,-0.7276081,0.68218756,0.7185011,-0.13555938
1356272219255,0.5982137,-0.36126414,0.7152822,0.44807932,-0.5892236,-0.67233956,0.6643534,0.72270584,-0.19060662
1356272219295,0.57938254,-0.28795102,0.7624959,0.49053046,-0.62392926,-0.608352,0.6509191,0.72649604,-0.22024497
1356272219335,0.5280899,-0.22119024,0.81987554,0.5502207,-0.6462756,-0.52875805,0.6468217,0.7303443,-0.21958813
1356272219375,0.4466641,-0.16319507,0.8796923,0.61396456,-0.65928084,-0.43404645,0.65079856,0.73397285,-0.19428107
1356272219415,0.34904975,-0.11755115,0.92970204,0.6659941,-0.6668268,-0.33435586,0.6592542,0.735883,-0.15446734
1356272219456,0.25429362,-0.08767921,0.9631444,0.6985182,-0.67212135,-0.24561192,0.668885,0.73523146,-0.10967066
1356272219496,0.17929792,-0.07532513,0.9809069,0.71403176,-0.6759296,-0.1824219,0.676765,0.7331066,-0.06740824
1356272219537,0.13529307,-0.0809719,0.9874914,0.7202903,-0.6763298,-0.15414208,0.6803511,0.7321349,-0.033179402
1356272219577,0.12946695,-0.10565591,0.9859387,0.7241326,-0.6691859,-0.16680014,0.6773997,0.73554546,-0.010128565
1356272219617,0.16669124,-0.15036452,0.9744766,0.7278275,-0.6479767,-0.22448477,0.6651926,0.7466705,0.0014273822
1356272219657,0.25602245,-0.21786958,0.94179904,0.72281235,-0.6037683,-0.336164,0.64186823,0.76680946,0.0029005408
1356272219695,0.40497047,-0.30711335,0.8612087,0.68144524,-0.5266199,-0.50823593,0.6096157,0.79268706,-0.0039845407
1356272219735,0.5867823,-0.40003496,0.7040303,0.5682836,-0.41592306,-0.70997304,0.57683647,0.8166885,-0.016722947
1356272219775,0.727787,-0.46683016,0.5023901,0.40305516,-0.301532,-0.8640747,0.5548628,0.8313532,-0.031292766
1356272219815,0.79450405,-0.5060668,0.33564818,0.25798973,-0.21907237,-0.94098276,0.54973143,0.8342084,-0.043493837
1356272219855,0.81242335,-0.5349088,0.23203638,0.16477032,-0.17111552,-0.9713754,0.5593022,0.82740074,-0.050881144
1356272219896,0.80988723,-0.560431,0.1732048,0.111738,-0.14247401,-0.98347133,0.57584494,0.8158544,-0.052766472
1356272219935,0.7994275,-0.5829444,0.14522922,0.08784002,-0.1257226,-0.988169,0.5943062,0.80272645,-0.049300257
1356272219975,0.7841934,-0.60283744,0.14706355,0.091002434,-0.122709334,-0.98826164,0.6138072,0.7883714,-0.041368186
1356272220028,0.7574191,-0.6224812,0.19706187,0.13211662,-0.14945619,-0.979902,0.6394228,0.76823163,-0.030960862
1356272220065,0.7179657,-0.62616074,0.30405265,0.20985565,-0.22177167,-0.95224893,0.6636911,0.7474892,-0.02782112
1356272220105,0.6764528,-0.6075219,0.41632763,0.27707183,-0.31383604,-0.90815085,0.6823802,0.7296739,-0.04396805
1356272220145,0.6524035,-0.56606096,0.5039293,0.31444192,-0.40281928,-0.85957146,0.68956226,0.7192439,-0.084807426
1356272220185,0.6564956,-0.5147029,0.55144763,0.32064912,-0.47129583,-0.821623,0.6827867,0.71621305,-0.1443646
1356272220225,0.6712315,-0.46000606,0.5812423,0.32269752,-0.52458906,-0.78782785,0.66731894,0.71638036,-0.2036779
1356272220265,0.67038965,-0.40014392,0.62487006,0.35105467,-0.570879,-0.74219793,0.6537112,0.7169253,-0.24223897
1356272220305,0.6348884,-0.33100027,0.6981085,0.4186601,-0.61202514,-0.6709314,0.6493384,0.71823674,-0.24999106
1356272220345,0.55525625,-0.24999212,0.7932178,0.5138036,-0.6468668,-0.5635328,0.653985,0.7204633,-0.23072997
1356272220385,0.43289596,-0.16148843,0.88686115,0.6094263,-0.67250174,-0.41992983,0.66422945,0.7222624,-0.19270802
1356272220453,0.27297306,-0.07198545,0.95932466,0.68250835,-0.68828666,-0.2458532,0.67798823,0.72185844,-0.13875306
1356272220476,0.144283,-0.0121227205,0.9894622,0.71140873,-0.6937582,-0.112237215,0.6878081,0.720106,-0.091473326
1356272220506,0.060486257,0.018511236,0.9979974,0.71850073,-0.6948502,-0.030658305,0.6928911,0.71891624,-0.05532925
1356272220546,0.017619193,0.0277614,0.9994592,0.7231215,-0.69069076,0.006437242,0.690496,0.7226171,-0.032244235
1356272220587,0.019773781,0.009836972,0.9997561,0.7343468,-0.6787291,-0.007846117,0.67848635,0.73432285,-0.020644784
1356272220625,0.06572169,-0.033855945,0.99726343,0.75284004,-0.65427285,-0.071825504,0.65491414,0.7555003,-0.017511815
1356272220665,0.16718304,-0.10671434,0.98013365,0.7663237,-0.61141455,-0.19728231,0.6203208,0.7840819,-0.02044046
1356272220705,0.3387459,-0.21125275,0.9168552,0.7401783,-0.5417535,-0.39829543,0.5808505,0.81355727,-0.027152061
1356272220745,0.5410048,-0.3221132,0.7768893,0.63827,-0.44427076,-0.6286771,0.5476544,0.83598244,-0.034757406
1356272220785,0.6753303,-0.39344993,0.62379986,0.51212484,-0.35847172,-0.78052944,0.53071386,0.84657854,-0.0405913
1356272220825,0.71815264,-0.42310745,0.55248255,0.44891185,-0.32496426,-0.83239204,0.5317283,0.84580046,-0.04343599
1356272220865,0.7010231,-0.427896,0.57050127,0.45885172,-0.3417546,-0.8201578,0.54591364,0.83672506,-0.04323706
1356272220905,0.6435647,-0.41118747,0.6455612,0.514846,-0.3915427,-0.7626453,0.566355,0.8231762,-0.040284812
1356272220945,0.55159265,-0.37092716,0.7471001,0.5899791,-0.45966035,-0.6638048,0.5896356,0.80692333,-0.034705967
1356272220985,0.43287593,-0.3089807,0.84684676,0.6584894,-0.53318745,-0.53113365,0.6156381,0.7875546,-0.02734354
1356272221025,0.31226188,-0.23598604,0.92021906,0.69896984,-0.5989423,-0.39078048,0.6433768,0.76523125,-0.022079766
1356272221065,0.22454,-0.16799217,0.95987517,0.70859784,-0.64803565,-0.27917534,0.6689326,0.74285156,-0.026471011
1356272221105,0.19000608,-0.11119369,0.9754659,0.70353544,-0.6775865,-0.21427643,0.6847887,0.7269887,-0.050516844
1356272221146,0.20246714,-0.059563935,0.9774759,0.70110613,-0.6880589,-0.1871498,0.6837084,0.72320604,-0.09754863
1356272221185,0.23831046,-0.006820351,0.97116506,0.7075974,-0.68371516,-0.17843619,0.6652173,0.72971714,-0.15811044
1356272221225,0.2648766,0.04760322,0.9631066,0.7221488,-0.6716703,-0.16540915,0.6390161,0.73931926,-0.21228637
1356272221265,0.25902772,0.09788039,0.96089756,0.7418207,-0.6572731,-0.13301933,0.6185521,0.74726933,-0.24286167
1356272221305,0.21758717,0.13689083,0.96639365,0.76115584,-0.6435898,-0.08021185,0.6109808,0.7530292,-0.24423215
1356272221345,0.1521852,0.1603648,0.9752553,0.7733028,-0.6338235,-0.016449273,0.6155018,0.75667095,-0.22046913
1356272221385,0.07986915,0.16793153,0.9825579,0.7741878,-0.6313562,0.04497534,0.62789667,0.7570921,-0.18043645
1356272221451,0.0054610968,0.16032687,0.98704886,0.76208925,-0.63975006,0.099698514,0.6474489,0.7516749,-0.12567706
