1356273062307,0.63922817,0.48073,-0.6002383,-0.5048102,-0.3265062,-0.7990997,-0.5801327,0.81381345,0.03396547
1356273062466,0.7962954,0.5608503,0.22662869,0.17001642,0.15204033,-0.9736417,-0.58052397,0.813837,0.025715262
1356273062506,0.7961556,0.5628617,0.22208779,0.16978739,0.14447814,-0.97483236,-0.58078265,0.8138259,0.01946026
1356273062546,0.7959102,0.56453943,0.2186828,0.17038158,0.13774252,-0.97570336,-0.580945,0.8138318,0.0134435445
1356273062586,0.7957666,0.56596637,0.21549383,0.17109053,0.13123804,-0.97647566,-0.58093333,0.81391567,0.0076033473
1356273062627,0.7958875,0.5669491,0.21244252,0.17143045,0.12550169,-0.9771699,-0.5806675,0.8141364,0.0026928782
1356273062687,0.7963519,0.56730634,0.20973115,0.17103745,0.12138152,-0.977759,-0.5801464,0.81451213,-3.682375E-4
1356273062708,0.79712725,0.5670232,0.20754004,0.16974302,0.11942059,-0.978226,-0.5794614,0.81499904,-0.0010548383
1356273062746,0.79818094,0.5661155,0.20596226,0.16747773,0.11988506,-0.97855955,-0.57866955,0.8155617,8.7822974E-4
1356273062784,0.7994596,0.56468236,0.2049345,0.16436866,0.12250444,-0.97876227,-0.5777952,0.8161657,0.005121276
1356273062827,0.80068755,0.5626551,0.20571502,0.16176197,0.12757608,-0.97854865,-0.57682973,0.81678855,0.011132389
1356273062866,0.8023411,0.5606944,0.20462298,0.15711911,0.1323289,-0.97867393,-0.5758145,0.81738055,0.01807712
1356273062906,0.8038756,0.55873036,0.20397143,0.15275,0.13749963,-0.9786528,-0.574849,0.81787175,0.025186539
1356273062946,0.8051897,0.55701303,0.20348457,0.14868528,0.14254832,-0.9785564,-0.5740751,0.8181788,0.031958804
1356273062986,0.8062588,0.5556362,0.20301509,0.14476317,0.14743042,-0.9784211,-0.5735768,0.8182497,0.038431406
1356273063026,0.80711544,0.55456024,0.20255266,0.14090009,0.15223643,-0.97824913,-0.5733339,0.8180997,0.04473479
1356273063066,0.8077718,0.553735,0.20219354,0.13729692,0.1568397,-0.97803414,-0.57328373,0.81778896,0.050664574
1356273063106,0.80819213,0.5531769,0.20204163,0.13426039,0.16097027,-0.9777845,-0.5734105,0.817364,0.055825174
1356273063146,0.80833715,0.55294794,0.20208807,0.13193695,0.16438812,-0.97753215,-0.5737453,0.8168385,0.059926763
1356273063186,0.808215,0.55309623,0.2021708,0.13023745,0.16692871,-0.97732955,-0.5743054,0.8162226,0.06288044
1356273063226,0.8078853,0.55362535,0.20204048,0.12887682,0.16856548,-0.9772289,-0.57507575,0.8155272,0.064832106
1356273063266,0.80741465,0.5545047,0.20150967,0.12759507,0.16935024,-0.9772615,-0.5760218,0.8147668,0.0659838
1356273063306,0.8068829,0.5556101,0.20059247,0.12633574,0.1694065,-0.9774153,-0.57704353,0.8140017,0.06649779
1356273063350,0.80639446,0.5567038,0.19952129,0.12519059,0.16903833,-0.9776264,-0.5779751,0.8133307,0.066617504
1356273063388,0.80604786,0.5575319,0.19860774,0.12426193,0.16867056,-0.97780836,-0.57865864,0.81283975,0.06667654
1356273063418,0.80583197,0.5580281,0.19808975,0.123645574,0.16858414,-0.9779014,-0.5790913,0.8125171,0.06685278
1356273063457,0.8058429,0.5580275,0.19804673,0.12330191,0.16899312,-0.9778743,-0.57914925,0.8124325,0.06737603
1356273063488,0.805903,0.5577011,0.19872053,0.123538405,0.16985467,-0.97769505,-0.5790152,0.81247705,0.0679889
1356273063517,0.8060231,0.5571516,0.19977228,0.12413384,0.17088804,-0.9774396,-0.5787207,0.8126374,0.06857833
1356273063558,0.8063789,0.55655086,0.2000106,0.12426612,0.17119476,-0.977369,-0.57819635,0.8129843,0.06888743
1356273063588,0.806343,0.5554739,0.20312472,0.12703033,0.17277008,-0.9767363,-0.5776454,0.8133875,0.068749905
1356273063628,0.8063503,0.5544769,0.20580219,0.13020515,0.17300767,-0.9762761,-0.5769279,0.814017,0.06730902
1356273063658,0.80641115,0.55358064,0.20796521,0.13349664,0.17218119,-0.9759776,-0.57609004,0.8148019,0.064947665
1356273063697,0.8066923,0.5524861,0.20977765,0.1381018,0.16890612,-0.9759091,-0.574609,0.816229,0.05995594
1356273063727,0.80730784,0.55141807,0.21021932,0.14231804,0.16378945,-0.97617555,-0.57271254,0.8179922,0.05375175
1356273063756,0.8080781,0.54983324,0.21140756,0.1480246,0.15783581,-0.97630763,-0.5701741,0.8202263,0.046154812
1356273063796,0.80964506,0.54692173,0.2129589,0.15604459,0.14919174,-0.9764179,-0.5657959,0.82378304,0.035448194
1356273063836,0.81223327,0.5422163,0.21512465,0.16578084,0.13901597,-0.97631514,-0.55927974,0.8286592,0.023024306
1356273063876,0.81593657,0.5352981,0.2184113,0.17705847,0.12826267,-0.97580683,-0.5503615,0.8348681,0.009875134
1356273063916,0.820302,0.526672,0.22298232,0.18938677,0.117744416,-0.97481734,-0.5396639,0.84187454,-0.0031587332
1356273063955,0.8245129,0.51763296,0.22854887,0.201949,0.10811201,-0.9734107,-0.52857834,0.84874487,-0.015395716
1356273063996,0.82782793,0.5095948,0.23455073,0.21381691,0.099924445,-0.97174966,-0.5186359,0.85459244,-0.026239738
1356273064037,0.82984436,0.50357,0.24036558,0.22413893,0.093661666,-0.970046,-0.51099914,0.85886246,-0.035145044
1356273064076,0.83055365,0.49990255,0.24551591,0.23224781,0.089794755,-0.9685029,-0.50620306,0.8614141,-0.041521907
1356273064116,0.83033496,0.49806714,0.24994591,0.23788762,0.088798404,-0.967225,-0.50393784,0.86257976,-0.044751585
1356273064156,0.82987547,0.496633,0.25428793,0.24157266,0.091000736,-0.96610636,-0.5029407,0.863177,-0.04445368
1356273064196,0.8298934,0.49381396,0.2596628,0.24439183,0.09662852,-0.96485007,-0.5015473,0.8641821,-0.04049273
1356273064236,0.83087003,0.4880851,0.26726,0.24751055,0.10600731,-0.9630685,-0.49839088,0.86633444,-0.032727912
1356273064276,0.83288443,0.47863337,0.27787355,0.2518877,0.119238585,-0.9603827,-0.49280444,0.8698807,-0.021249905
1356273064348,0.83534724,0.46622276,0.29125816,0.25791645,0.1354999,-0.9566184,-0.48546273,0.87422884,-0.007057056
1356273064358,0.8369231,0.45405957,0.30559716,0.26482514,0.15268973,-0.95213103,-0.47898576,0.87779033,0.0075431615
1356273064395,0.8363218,0.44667727,0.31787622,0.27040994,0.16829193,-0.94792205,-0.47691125,0.87872475,0.019960225
1356273064437,0.83335257,0.4470484,0.3250711,0.27181706,0.18063399,-0.9452443,-0.48128885,0.8760817,0.02901642
1356273064476,0.8291222,0.45496973,0.32489824,0.26663682,0.18898529,-0.9450869,-0.49138695,0.8702224,0.035380214
1356273064516,0.82536805,0.4680504,0.31574738,0.25344583,0.19258189,-0.947986,-0.5045124,0.8624623,0.040325537
1356273064556,0.8233676,0.483855,0.29656398,0.2317885,0.19027898,-0.95397484,-0.5180154,0.85421205,0.044517502
1356273064596,0.82352835,0.50038093,0.26724517,0.2021751,0.18127555,-0.9624263,-0.53002477,0.8466157,0.04812099
1356273064636,0.82537293,0.51588076,0.22940475,0.16607855,0.16650015,-0.9719546,-0.5396086,0.84032416,0.051747993
1356273064676,0.82807475,0.5288913,0.18591982,0.12500463,0.1490925,-0.98089004,-0.5465035,0.83549106,0.057345867
1356273064716,0.8311779,0.53796387,0.14049263,0.07996483,0.1343939,-0.9876963,-0.5502263,0.83218575,0.06868705
1356273064756,0.8354298,0.5408685,0.09756178,0.031982362,0.12937072,-0.9910804,-0.5486658,0.8310983,0.0907819
1356273064796,0.8429253,0.5345207,0.061356097,-0.01679957,0.14013064,-0.98999053,-0.53776824,0.8334573,0.1270994
1356273064837,0.85499525,0.51750016,0.034303293,-0.061766937,0.16727331,-0.98397386,-0.5149446,0.83917415,0.17498228
1356273064877,0.8694878,0.49370676,0.01563859,-0.09750752,0.20258951,-0.9743971,-0.4842347,0.8457015,0.22428924
1356273064916,0.88151073,0.47216022,0.0018868744,-0.12219082,0.23198348,-0.9650145,-0.4560792,0.8504401,0.26218957
1356273064957,0.88732266,0.46103168,-0.010403439,-0.13795589,0.24385446,-0.95994955,-0.44003028,0.85322016,0.27997965
1356273064996,0.88637346,0.4624172,-0.022636935,-0.14694081,0.23461974,-0.96091723,-0.43903357,0.85505784,0.27590865
1356273065047,0.8774334,0.4783032,-0.036560252,-0.14774221,0.19694424,-0.9692189,-0.45638013,0.85582656,0.24347103
1356273065086,0.86688656,0.49626336,-0.04722655,-0.14093748,0.15311265,-0.978107,-0.47816765,0.85456383,0.2026734
1356273065126,0.85571504,0.5144434,-0.055675775,-0.12820543,0.106543414,-0.98600805,-0.50131345,0.8508798,0.15712523
1356273065167,0.8448463,0.5314608,-0.06151536,-0.11057086,0.060949616,-0.9919976,-0.5234585,0.84488726,0.11025715
1356273065206,0.8350916,0.5463346,-0.06434682,-0.089914754,0.0201599,-0.99574536,-0.5427129,0.8373243,0.06595892
1356273065246,0.8272958,0.5581454,-0.06368168,-0.0684537,-0.012355126,-0.9975778,-0.55758023,0.82965124,0.027985774
1356273065286,0.8227546,0.56537133,-0.058565915,-0.048069358,-0.033457786,-0.9982834,-0.56636035,0.8241576,-3.505051E-4
1356273065346,0.82330036,0.56562257,-0.04740882,-0.029524088,-0.040736623,-0.9987335,-0.56683755,0.8236574,-0.016838968
1356273065368,0.83011377,0.5568503,-0.028790623,-0.0120486915,-0.033708066,-0.9993591,-0.5574639,0.8299286,-0.021272205
1356273065408,0.84254026,0.53862673,-0.0026762187,0.0057936907,-0.014030755,-0.9998848,-0.53860223,0.8424277,-0.014942117
1356273065448,0.85710067,0.5143701,0.028317317,0.02492939,0.0134902075,-0.9995982,-0.5145454,0.8574622,-0.0012604594
1356273065488,0.8690443,0.49123275,0.058757335,0.043775752,0.04194787,-0.99816036,-0.49279377,0.87001777,0.014950477
1356273065528,0.8749721,0.47709864,0.0824658,0.05839093,0.06510058,-0.99616885,-0.48063937,0.8764353,0.029102951
1356273065568,0.87464553,0.47528392,0.09539595,0.06490278,0.08020455,-0.9946632,-0.48039863,0.87616915,0.039303295
1356273065598,0.87183803,0.47983378,0.098274305,0.06365542,0.08793941,-0.9940898,-0.4856401,0.8729411,0.046124905
1356273065656,0.86528784,0.49289456,0.09127937,0.054687828,0.08818498,-0.9946018,-0.49828327,0.86560875,0.049350053
1356273065676,0.8568585,0.51063585,0.07102507,0.03563729,0.07877043,-0.9962556,-0.51431847,0.8561812,0.04929743
1356273065717,0.84725523,0.5296304,0.04062316,0.009563416,0.06125465,-0.9980764,-0.5310999,0.84601396,0.04683324
1356273065754,0.83717096,0.5469265,0.0040183663,-0.02113524,0.039691083,-0.9989885,-0.5465328,0.8362392,0.044787645
1356273065797,0.8281682,0.55947256,-0.03358373,-0.055211723,0.021806441,-0.99823654,-0.55775356,0.828562,0.048948854
1356273065836,0.8231795,0.5637526,-0.067516655,-0.09337355,0.017120026,-0.99548393,-0.5600507,0.82576627,0.06673243
1356273065876,0.8252635,0.5569025,-0.09380704,-0.1357552,0.03438878,-0.99014544,-0.54818857,0.8298657,0.10398221
1356273065916,0.83329064,0.54130137,-0.112336546,-0.17804344,0.070392266,-0.98150164,-0.5233805,0.837877,0.15503237
1356273065956,0.842611,0.5238808,-0.124722034,-0.2120835,0.10993487,-0.97104836,-0.4950023,0.84466755,0.20373881
1356273065997,0.84885037,0.5116408,-0.13295393,-0.2323099,0.13512164,-0.96321034,-0.47485274,0.848508,0.23355728
1356273066037,0.8506747,0.5072438,-0.13804455,-0.23787612,0.13724858,-0.96154964,-0.4687937,0.8508035,0.23741508
1356273066076,0.8492926,0.5089949,-0.14009394,-0.2308902,0.11948347,-0.9656155,-0.4747545,0.8524364,0.21899837
1356273066117,0.84588087,0.51480997,-0.13948591,-0.21384907,0.0877659,-0.972916,-0.4886248,0.8527999,0.18433115
1356273066157,0.8412814,0.5231399,-0.1362729,-0.19007938,0.0502681,-0.98048097,-0.50607854,0.850763,0.14172772
1356273066196,0.8358059,0.5332179,-0.13079487,-0.16267921,0.012990624,-0.98659354,-0.5243702,0.8458783,0.097601086
1356273066237,0.8303399,0.5435583,-0.12280096,-0.13413917,-0.018926822,-0.9907817,-0.5408719,0.839158,0.05719677
1356273066276,0.82686126,0.5512653,-0.11138716,-0.10666686,-0.040742606,-0.99345976,-0.55219805,0.8333346,0.025113259
1356273066342,0.828118,0.5523994,-0.095265135,-0.08176893,-0.049088657,-0.9954417,-0.5545578,0.83213294,0.004517913
1356273066358,0.8363707,0.5432423,-0.073292434,-0.05947888,-0.042979814,-0.9973039,-0.5449277,0.83847517,-0.0036356188
1356273066398,0.8512357,0.522815,-0.04541278,-0.03831604,-0.024387069,-0.998968,-0.5233829,0.8520973,-7.2693825E-4
1356273066438,0.8685627,0.4953842,-0.013904452,-0.016936153,0.0016303658,-0.9998553,-0.4952898,0.8686725,0.009805977
1356273066478,0.8824733,0.47005895,0.016896158,0.004004121,0.028412815,-0.9995882,-0.47034547,0.88217753,0.023191389
1356273066516,0.8886767,0.45654607,0.04265447,0.022102535,0.050264593,-0.99849135,-0.45800132,0.8882788,0.034578145
1356273066556,0.88684064,0.4580087,0.061170235,0.035192057,0.06504884,-0.9972614,-0.46073347,0.8865646,0.041569687
1356273066596,0.8791292,0.47111535,0.07198781,0.04241024,0.073116094,-0.99642134,-0.47469282,0.87903607,0.04429838
1356273066636,0.86826336,0.4903982,0.0750217,0.043823212,0.074814886,-0.99623406,-0.4941641,0.86828125,0.043468207
1356273066676,0.8563459,0.51164293,0.06995188,0.03971073,0.06981379,-0.9967694,-0.51487356,0.8563572,0.039467037
1356273066716,0.84419316,0.53299725,0.057025284,0.030556172,0.058360748,-0.9978279,-0.53516746,0.8441019,0.032981396
1356273066756,0.8323774,0.55293894,0.03750226,0.016238302,0.043306284,-0.99892986,-0.5539713,0.8320956,0.027068377
1356273066796,0.8226758,0.568325,0.0145332515,-0.0042586327,0.031723566,-0.9994876,-0.5684948,0.8221924,0.028518498
1356273066836,0.81879807,0.5740314,-0.007593155,-0.0327847,0.03355088,-0.9988991,-0.57314473,0.81814563,0.046290852
1356273066876,0.8238124,0.5663039,-0.025158525,-0.068750665,0.055761456,-0.99607426,-0.5626779,0.822308,0.084870756
1356273066916,0.83598804,0.54751885,-0.036703706,-0.10516575,0.094209164,-0.98998225,-0.5385761,0.83147323,0.13633797
1356273066956,0.84909207,0.5264878,-0.04304798,-0.1316807,0.13203755,-0.98245937,-0.51156896,0.83986706,0.18144032
1356273066996,0.8579444,0.5117136,-0.045612246,-0.14269039,0.15205944,-0.97801703,-0.49352893,0.8455927,0.20347518
1356273067036,0.86105514,0.50650215,-0.04516284,-0.13908109,0.14914596,-0.9789852,-0.4891222,0.8492415,0.19886777
1356273067076,0.85919386,0.5098984,-0.04230115,-0.12463972,0.12840071,-0.9838588,-0.4962366,0.850598,0.1738747
1356273067116,0.85357714,0.5196168,-0.037476465,-0.1033196,0.09833777,-0.9897752,-0.5106184,0.8487215,0.13762546
1356273067156,0.8455255,0.53303385,-0.031008005,-0.07814984,0.066098124,-0.994748,-0.52818483,0.8435081,0.09754416
1356273067196,0.8369287,0.5468365,-0.022806674,-0.051290154,0.036875844,-0.99800277,-0.5449033,0.836427,0.05890978
1356273067236,0.8300294,0.5575789,-0.012523264,-0.024629742,0.014213659,-0.9995955,-0.5571755,0.8300022,0.025530778
1356273067276,0.82740736,0.5616018,7.0893764E-4,-1.0848045E-4,0.0014220998,-0.99999905,-0.56160223,0.8274065,0.0012375712
1356273067344,0.831388,0.55541766,0.017471015,0.020878673,1.9609928E-4,-0.999782,-0.5553,0.8315715,-0.011433363
1356273067358,0.8428335,0.53683597,0.037929848,0.0382604,0.010529906,-0.99921227,-0.53681254,0.8436209,-0.011664607
1356273067398,0.85978895,0.50696564,0.061227515,0.053168,0.030375596,-0.99812347,-0.50787413,0.8614308,-8.377433E-4
1356273067438,0.8773065,0.47232187,0.0851194,0.06725992,0.05460644,-0.99624,-0.475194,0.87973297,0.016138256
1356273067478,0.89006424,0.44317275,0.10669379,0.08074607,0.07707563,-0.99375015,-0.44862646,0.89311653,0.03281782
1356273067518,0.8949527,0.4286157,0.12388797,0.09216963,0.094073534,-0.99128956,-0.43653685,0.89857596,0.044686012
1356273067556,0.89230466,0.4304387,0.13606967,0.10008836,0.105281025,-0.98939294,-0.44019854,0.8964589,0.050860845
1356273067596,0.8845312,0.44398648,0.14311035,0.104072705,0.111230314,-0.9883302,-0.45472348,0.88910276,0.052179813
1356273067636,0.8741632,0.46368647,0.14433834,0.10402115,0.11153722,-0.9883011,-0.4743609,0.87895066,0.049268544
1356273067676,0.8629039,0.48596156,0.13870193,0.09964943,0.10545361,-0.9894188,-0.49544615,0.8675949,0.04257054
1356273067716,0.85161984,0.50885427,0.12574169,0.09049636,0.093550414,-0.99149317,-0.51628876,0.85575444,0.033619918
1356273067756,0.84155226,0.5295756,0.106487095,0.075740516,0.07950434,-0.99395293,-0.5348394,0.84452873,0.026796728
1356273067796,0.83575535,0.54265785,0.08387682,0.05399981,0.07078704,-0.99602866,-0.54644024,0.8369657,0.02985724
1356273067836,0.83798593,0.54218847,0.061735213,0.024077296,0.07628518,-0.9967953,-0.5451604,0.83678687,0.05087149
1356273067876,0.84814787,0.52800494,0.04308115,-0.011209786,0.09919125,-0.9950053,-0.529641,0.8434287,0.09004765
1356273067916,0.8614581,0.50697935,0.02935651,-0.043684453,0.1315741,-0.99034333,-0.50594616,0.8518568,0.13549268
1356273067956,0.8719371,0.48918805,0.020512834,-0.064582735,0.15644073,-0.9855737,-0.48533988,0.8580335,0.16799957
1356273067996,0.87703156,0.48016444,0.016056195,-0.07080266,0.16223368,-0.98420894,-0.475187,0.8620454,0.17628098
1356273068037,0.8769258,0.48037332,0.015574321,-0.06417678,0.14914638,-0.98673034,-0.47632176,0.86428976,0.16161913
1356273068076,0.8727648,0.48779625,0.018340558,-0.04882188,0.1246126,-0.9910036,-0.4856933,0.86401767,0.13257262
1356273068116,0.8654493,0.5004541,0.023305982,-0.028537393,0.09568748,-0.99500227,-0.5001831,0.86045897,0.09709433
1356273068156,0.85625786,0.51568735,0.029817209,-0.006146878,0.067892194,-0.9976737,-0.51651204,0.85408264,0.061303087
1356273068196,0.8470266,0.5302238,0.037534103,0.016166031,0.04488346,-0.99886143,-0.5313047,0.84666896,0.029445864
1356273068236,0.8401113,0.54039544,0.046751767,0.036592424,0.02953089,-0.9988938,-0.54117835,0.84089273,0.0050348565
1356273068276,0.8382546,0.5421216,0.058594927,0.054127768,0.024199337,-0.99824077,-0.5425858,0.8399516,-0.009058632
1356273068342,0.84350663,0.53191435,0.07459003,0.069253504,0.030007597,-0.9971477,-0.53263545,0.84626627,-0.011525333
1356273068358,0.85572785,0.50848734,0.09576246,0.0838391,0.046369795,-0.9953999,-0.51058877,0.85982007,-0.0029512122
1356273068398,0.87168103,0.47476417,0.12153676,0.10019077,0.07011932,-0.99249434,-0.47972283,0.8773154,0.013554685
1356273068438,0.88572663,0.4397382,0.14872345,0.118793145,0.094998896,-0.98836404,-0.44875,0.8930877,0.031905174
1356273068478,0.8933965,0.41484308,0.17247623,0.13649537,0.115127176,-0.98392826,-0.42803252,0.9025802,0.046230048
1356273068517,0.89367527,0.40709227,0.18873379,0.14868347,0.12819305,-0.9805405,-0.42336485,0.90434635,0.054035068
1356273068556,0.8885163,0.41517252,0.19537282,0.1524232,0.13455051,-0.9791136,-0.43278855,0.8997377,0.056268394
1356273068597,0.8805978,0.4334832,0.19141531,0.1469427,0.1342347,-0.9799943,-0.45050567,0.8911079,0.054509573
1356273068655,0.87182736,0.45700613,0.17624548,0.13254747,0.12627497,-0.9831001,-0.47153816,0.8804545,0.04951497
1356273068676,0.8627674,0.48284608,0.14997394,0.11005668,0.11016175,-0.98780155,-0.49347752,0.86874855,0.041903526
1356273068717,0.8530468,0.50918734,0.11419064,0.08058426,0.087661415,-0.99288553,-0.5155748,0.8561798,0.0337468
1356273068754,0.84310675,0.53283525,0.07250954,0.044997305,0.064462006,-0.9969052,-0.5358603,0.84376025,0.03037221
1356273068797,0.83536255,0.5488146,0.031177878,0.004073143,0.050536543,-0.99871397,-0.5496844,0.8344152,0.039980926
1356273068836,0.83280706,0.5535463,-0.004350543,-0.041226953,0.05418455,-0.99767953,-0.55202603,0.8310539,0.067946315
1356273068876,0.8356627,0.5483637,-0.031065732,-0.08583793,0.07452577,-0.9935178,-0.54249394,0.8329124,0.10934883
1356273068916,0.84102464,0.53877354,-0.048997626,-0.12084009,0.098802954,-0.9877428,-0.5273285,0.8366368,0.14820114
1356273068956,0.8461222,0.5296986,-0.059132233,-0.1395066,0.11302329,-0.98374987,-0.5144076,0.84062195,0.16952795
1356273068996,0.8498912,0.52325004,-0.0624059,-0.14145316,0.11245337,-0.9835372,-0.50761807,0.84472704,0.16958848
1356273069037,0.85236585,0.51949626,-0.059967518,-0.12992853,0.09930077,-0.9865384,-0.50654817,0.8486831,0.15213796
1356273069077,0.8537794,0.5179609,-0.052699402,-0.109099,0.07901639,-0.9908854,-0.5090758,0.8517469,0.12397158
1356273069116,0.85395056,0.5186549,-0.042018324,-0.08271891,0.055583656,-0.9950215,-0.5137373,0.85317487,0.09036827
1356273069157,0.8527964,0.52144474,-0.028874531,-0.05387889,0.03285241,-0.99800694,-0.51945686,0.85265243,0.056111272
1356273069196,0.8510083,0.5249814,-0.013394743,-0.025006995,0.015033156,-0.99957424,-0.5245565,0.85098094,0.025921553
1356273069236,0.85044,0.5260433,0.0055009723,0.002698332,0.0060946643,-0.9999778,-0.5260651,0.850436,0.003763698
1356273069276,0.85349935,0.52023077,0.029979512,0.029823825,0.008670092,-0.9995175,-0.5202397,0.8539817,-0.008115351
1356273069342,0.86135054,0.5041821,0.062254623,0.058457598,0.023361951,-0.9980165,-0.50463647,0.86328125,-0.009350441
1356273069358,0.87261176,0.4774049,0.103117734,0.09089969,0.04869622,-0.9946687,-0.4798812,0.87733305,-9.0307E-4
1356273069396,0.8832789,0.4440369,0.15049782,0.12800436,0.08040959,-0.98850864,-0.45103577,0.8923932,0.014185429
1356273069436,0.8886327,0.41346005,0.19845074,0.16684124,0.11162084,-0.9796452,-0.42719537,0.9036545,0.030207746
1356273069476,0.88694954,0.39502114,0.2393299,0.20057118,0.1373455,-0.97000384,-0.4160429,0.90834713,0.04258865
1356273069517,0.8801212,0.391936,0.26790464,0.22325467,0.15632978,-0.96214265,-0.41897982,0.90661305,0.0500876
1356273069556,0.8716048,0.4016462,0.28104356,0.23137034,0.16837701,-0.95818424,-0.43217233,0.9001831,0.053829193
1356273069596,0.8642741,0.42006892,0.27671728,0.22362174,0.17190337,-0.95939696,-0.45058146,0.8910619,0.054635093
1356273069636,0.85933065,0.4440156,0.25377354,0.2001526,0.16464567,-0.9658317,-0.47062704,0.88076216,0.052614197
1356273069676,0.8560886,0.4709297,0.21292609,0.16239771,0.14600873,-0.9758629,-0.4906519,0.8700039,0.0485185
1356273069716,0.85295737,0.49738014,0.15835635,0.11342262,0.119520724,-0.98633164,-0.5095086,0.85926,0.04553193
1356273069756,0.849844,0.5177402,0.09854098,0.057735085,0.09439114,-0.99385965,-0.5238625,0.850315,0.050325967
1356273069796,0.84919536,0.5262635,0.04374911,-2.8795004E-4,0.08330726,-0.9965238,-0.52807873,0.8462308,0.07089567
1356273069837,0.8529567,0.52198154,3.8191676E-4,-0.056921974,0.09374201,-0.9939679,-0.5188687,0.8477899,0.1096701
1356273069876,0.85917014,0.5107128,-0.03160894,-0.10710694,0.11909286,-0.98708916,-0.50035465,0.8514631,0.15702191
1356273069916,0.8639026,0.50059676,-0.055453807,-0.14531195,0.14231157,-0.97909737,-0.4822413,0.85390294,0.19568604
1356273069956,0.8650507,0.49627966,-0.07344276,-0.16854782,0.14961141,-0.9742731,-0.47252405,0.8551742,0.2130683
1356273069996,0.8631532,0.49757376,-0.08594696,-0.17673233,0.13825431,-0.97450066,-0.4730034,0.856333,0.20727202
1356273070037,0.85992503,0.50195044,-0.092599735,-0.1715516,0.113358855,-0.97863156,-0.48072755,0.8574354,0.18359053
1356273070076,0.85671914,0.5072444,-0.09346354,-0.15609741,0.08227724,-0.9843089,-0.49159527,0.85786563,0.14966804
1356273070116,0.8536794,0.5130087,-0.08974147,-0.13389213,0.049666375,-0.9897506,-0.5032935,0.8569454,0.111086994
1356273070156,0.85079646,0.5190479,-0.0820656,-0.10818191,0.020178467,-0.99392635,-0.51423943,0.854507,0.073319346
1356273070196,0.84897304,0.52380306,-0.069823086,-0.08125186,-0.001167506,-0.9966929,-0.5221523,0.8518386,0.041568786
1356273070236,0.8505908,0.5234202,-0.050264806,-0.05317059,-0.009485751,-0.9985404,-0.52313304,0.85202193,0.019762073
1356273070276,0.85821295,0.51293373,-0.019222915,-0.021325514,-0.0017871261,-0.99977106,-0.51285064,0.8584264,0.009404838
1356273070341,0.8716373,0.4894447,0.026312634,0.018229157,0.021275278,-0.9996075,-0.48981237,0.87177485,0.009622157
1356273070358,0.8863826,0.45505443,0.085154936,0.06745556,0.055026893,-0.99620366,-0.4580127,0.88876176,0.018078923
1356273070398,0.895772,0.41836154,0.15022044,0.12280357,0.09188014,-0.9881687,-0.42721403,0.90362144,0.03092736
1356273070438,0.8956928,0.39178517,0.21032983,0.17491093,0.12445566,-0.9766867,-0.40882814,0.91160035,0.042946547
1356273070476,0.88757706,0.38324505,0.25559783,0.21348053,0.149474,-0.9654447,-0.40820712,0.9114717,0.050854325
1356273070516,0.87585723,0.3925681,0.28064984,0.23247255,0.16640058,-0.9582626,-0.42288363,0.90454465,0.054481857
1356273070556,0.86476904,0.41537568,0.2822014,0.22914466,0.17364803,-0.9577782,-0.44684148,0.8929218,0.054984316
1356273070596,0.85661,0.44702333,0.25766143,0.20261675,0.1678226,-0.96477044,-0.4745163,0.8786385,0.053184107
1356273070636,0.85057,0.48359114,0.20656772,0.15418045,0.14621687,-0.9771638,-0.50275147,0.8629949,0.049807377
1356273070676,0.84443146,0.5188375,0.1332034,0.08835153,0.11035985,-0.9899569,-0.5283271,0.8477195,0.04735124
1356273070716,0.8367665,0.54519457,0.05084026,0.014634728,0.07054777,-0.99740106,-0.5473643,0.8353358,0.051053226
1356273070756,0.82979715,0.5574409,-0.026388943,-0.059782997,0.041778594,-0.99733675,-0.55485374,0.82916474,0.067993246
1356273070796,0.82644415,0.555814,-0.089782104,-0.13120836,0.035058737,-0.9907347,-0.5475166,0.830567,0.10190153
1356273070836,0.82645965,0.5456282,-0.13875985,-0.19577625,0.047442272,-0.97950035,-0.52785987,0.83668345,0.14603016
1356273070876,0.8270555,0.5336216,-0.17671235,-0.24724503,0.063006744,-0.9669023,-0.5048259,0.8433731,0.18404534
1356273070916,0.8261346,0.5242737,-0.20649135,-0.2811942,0.06602317,-0.957377,-0.48829436,0.84898645,0.20196676
1356273070956,0.82345396,0.518898,-0.22949606,-0.2977956,0.050972894,-0.9532679,-0.4829507,0.8533152,0.19649935
1356273070996,0.8201726,0.5164418,-0.24618036,-0.3000034,0.021832526,-0.9536884,-0.48714978,0.85604405,0.17284071
1356273071036,0.81764483,0.51517236,-0.25701046,-0.29164478,-0.014263511,-0.9564203,-0.49638718,0.8569679,0.13858485
1356273071077,0.81637347,0.514151,-0.26302695,-0.27677792,-0.051415503,-0.9595575,-0.506881,0.85615736,0.100331366
1356273071116,0.81624067,0.5131784,-0.2653283,-0.25899714,-0.085477576,-0.9620884,-0.5164026,0.85401493,0.063141465
1356273071156,0.8175796,0.5116844,-0.26408848,-0.2409785,-0.11249001,-0.9639894,-0.52296555,0.8517777,0.031335384
1356273071196,0.82195246,0.50776947,-0.2580006,-0.22413303,-0.12806892,-0.96610695,-0.5236015,0.8519204,0.008541347
1356273071236,0.8316252,0.49852002,-0.24469815,-0.20825706,-0.12851259,-0.9695945,-0.5148091,0.8572993,-0.0030539948
1356273071276,0.8475626,0.48187527,-0.2223372,-0.19169918,-0.11267209,-0.97496486,-0.49486268,0.8689656,-0.003121553
1356273071339,0.8676617,0.45877331,-0.19154687,-0.17246087,-0.083610356,-0.98146147,-0.46628362,0.88461083,0.0065749306
1356273071358,0.88736427,0.43371862,-0.15643787,-0.15025306,-0.0487518,-0.9874448,-0.43589985,0.8997285,0.021906944
1356273071398,0.90135634,0.4146822,-0.124881685,-0.12883842,-0.018544137,-0.9914923,-0.41346997,0.9097774,0.03671211
1356273071438,0.90644133,0.40897632,-0.10536824,-0.11505614,-9.2131644E-4,-0.9933585,-0.40635723,0.9125445,0.046220124
1356273071477,0.9026097,0.41813973,-0.102249175,-0.113764256,0.0026299953,-0.9935043,-0.41515467,0.90837896,0.04994321
1356273071517,0.89195216,0.43749166,-0.114115134,-0.12437564,-0.0052351058,-0.9922213,-0.434686,0.8992072,0.04974386
1356273071556,0.87717974,0.46036395,-0.13645779,-0.14277545,-0.02126339,-0.9895267,-0.45844394,0.88747555,0.04707685
1356273071596,0.86017036,0.4826184,-0.16488338,-0.16464297,-0.04321453,-0.98540616,-0.48270047,0.87476397,0.042287856
1356273071655,0.84209347,0.5025127,-0.19585627,-0.18704908,-0.06849274,-0.9799599,-0.50585705,0.86185247,0.03631726
1356273071676,0.82422644,0.51925707,-0.22588244,-0.20897253,-0.091821134,-0.9736012,-0.52629006,0.8496711,0.032829046
1356273071717,0.80924994,0.5311165,-0.2510574,-0.23191914,-0.10381353,-0.9671796,-0.5397482,0.840915,0.03916496
1356273071754,0.8010225,0.53519404,-0.26819834,-0.2587575,-0.09445551,-0.96131307,-0.53982186,0.8394317,0.06282446
1356273071797,0.80178595,0.529961,-0.27618968,-0.28938526,-0.060054258,-0.9553269,-0.5228724,0.8458929,0.10521224
1356273071836,0.8091563,0.5183557,-0.27671903,-0.31673974,-0.01188156,-0.94843805,-0.49491614,0.8550825,0.15456983
1356273071876,0.8187264,0.50562525,-0.2720848,-0.33191925,0.030105501,-0.9428272,-0.46852604,0.8622277,0.19247493
1356273071916,0.8275889,0.49557567,-0.2636311,-0.33112043,0.051751375,-0.94216824,-0.4532724,0.8670217,0.20692408
1356273071956,0.83468574,0.48962927,-0.25211686,-0.31565708,0.05020672,-0.9475441,-0.4512874,0.870484,0.1964618
1356273071996,0.83987725,0.48791498,-0.23779222,-0.28953922,0.032176465,-0.9566251,-0.45910046,0.8722979,0.16829482
1356273072037,0.84290797,0.49035573,-0.22148909,-0.25693715,0.0051475167,-0.96641445,-0.47274673,0.87150717,0.13032949
1356273072077,0.84400034,0.49621314,-0.2035581,-0.22113423,-0.023824453,-0.9749522,-0.48863387,0.86787367,0.0896219
1356273072116,0.84391266,0.5039038,-0.18409875,-0.18456538,-0.049511746,-0.98157233,-0.50373304,0.86233956,0.051219612
1356273072157,0.8442173,0.51079655,-0.16243157,-0.14921173,-0.0671026,-0.9865258,-0.51481354,0.8570788,0.019567665
1356273072196,0.8472581,0.5131179,-0.13734543,-0.116461724,-0.07283009,-0.9905213,-0.5182571,0.8552227,-0.0019472837
1356273072236,0.8556199,0.5063726,-0.10724397,-0.086413786,-0.06453946,-0.9941666,-0.5103402,0.8598962,-0.011463676
1356273072276,0.8699051,0.48809755,-0.0708936,-0.05744739,-0.042488664,-0.99744403,-0.48986214,0.8717543,-0.008921176
1356273072339,0.88692296,0.4609856,-0.029324308,-0.027408674,-0.010851078,-0.9995654,-0.4611035,0.8873413,0.0030109286
1356273072358,0.9015388,0.43247804,0.013804063,0.0041401684,0.023279011,-0.99972045,-0.43267846,0.90134394,0.019196395
1356273072398,0.9090475,0.41324088,0.053522483,0.03489414,0.052501056,-0.99801105,-0.41522896,0.909107,0.033306267
1356273072438,0.90784633,0.41034466,0.08621076,0.061300278,0.07350826,-0.99540883,-0.41479793,0.908963,0.041579966
1356273072478,0.8995054,0.42262876,0.11079271,0.08131172,0.08722046,-0.992865,-0.4292767,0.9020962,0.04409059
1356273072516,0.8871143,0.44356847,0.12757489,0.09493177,0.095142156,-0.9909268,-0.45168164,0.89117616,0.04229323
1356273072556,0.8732319,0.46797967,0.13587198,0.10205673,0.09701082,-0.9900371,-0.47649828,0.87839854,0.036952466
1356273072596,0.85935795,0.49342838,0.13428456,0.101978034,0.09196231,-0.9905268,-0.50110316,0.8649112,0.028709687
1356273072636,0.8463186,0.5184606,0.12224355,0.09378272,0.080878794,-0.9923021,-0.52435637,0.8512681,0.019826591
1356273072676,0.83573747,0.5396519,0.10158138,0.07670984,0.0684402,-0.99470174,-0.54374486,0.8391018,0.01580143
1356273072716,0.83137167,0.5502988,0.07741043,0.05086261,0.06336332,-0.99669355,-0.5533843,0.8325601,0.02468884
1356273072756,0.83750707,0.54350305,0.056448013,0.018666774,0.07478612,-0.9970249,-0.54610753,0.8360691,0.052488446
1356273072796,0.8538606,0.5186979,0.043296963,-0.013179839,0.10470244,-0.99441624,-0.52033496,0.8485222,0.09623763
1356273072836,0.87361217,0.485169,0.037588328,-0.03622438,0.14186662,-0.98922276,-0.48527274,0.8628354,0.14151135
1356273072876,0.8888371,0.45685607,0.03537126,-0.047286436,0.16823012,-0.98461294,-0.45577693,0.87348795,0.17113227
1356273072916,0.89599955,0.44282877,0.032978773,-0.04923126,0.17287228,-0.98371315,-0.44131756,0.8797829,0.17669448
1356273072956,0.89583033,0.44342893,0.029305086,-0.04523553,0.15659004,-0.9866272,-0.44208795,0.88252497,0.16033685
1356273072996,0.8905045,0.45428747,0.024994403,-0.036676615,0.12643439,-0.99129665,-0.45349383,0.88183737,0.1292521
1356273073036,0.8818605,0.47104475,0.020950183,-0.024509162,0.09016591,-0.99562514,-0.470873,0.877489,0.09105867
1356273073076,0.8715176,0.49002415,0.018259212,-0.009540349,0.05417317,-0.998486,-0.4902714,0.8700239,0.051887877
1356273073116,0.8616121,0.50721586,0.018883914,0.007889897,0.023816198,-0.99968517,-0.5075059,0.8614899,0.016518444
1356273073156,0.85473716,0.5184312,0.025565058,0.027592167,0.0038020909,-0.999612,-0.51832724,0.8551109,-0.011054844
1356273073196,0.8533098,0.519767,0.041287363,0.04971589,-0.002283454,-0.9987608,-0.5190286,0.854305,-0.027789176
1356273073236,0.85844207,0.5083367,0.06834385,0.075308636,0.006885376,-0.9971364,-0.50735164,0.8611308,-0.03237144
1356273073276,0.868798,0.48347777,0.106954366,0.10582374,0.029715598,-0.99394083,-0.48372653,0.8748522,-0.025346577
1356273073338,0.88036835,0.44862717,0.15389968,0.14155309,0.061164528,-0.98803926,-0.4526745,0.8916235,-0.009657241
1356273073358,0.8883868,0.41213214,0.20227705,0.17950909,0.09369162,-0.9792846,-0.42254633,0.90629405,0.009252936
1356273073397,0.8899027,0.38583684,0.24331683,0.21284331,0.12055656,-0.9696204,-0.4034487,0.9146562,0.025160827
1356273073438,0.8853977,0.37801948,0.27050355,0.23439428,0.1394529,-0.9620874,-0.4014103,0.91523445,0.034865677
1356273073478,0.8776627,0.3875033,0.282045,0.24137202,0.1510365,-0.958607,-0.4140625,0.9094114,0.039026648
1356273073518,0.8693977,0.40865088,0.2777627,0.23374057,0.15513289,-0.9598433,-0.43533093,0.8994099,0.039353885
1356273073557,0.8622611,0.43638512,0.25704825,0.21194693,0.15004277,-0.96569437,-0.45998293,0.8871613,0.036885545
1356273073598,0.8563652,0.4673925,0.21950603,0.17662245,0.1343208,-0.97507054,-0.48522484,0.87378615,0.03247565
1356273073636,0.85074055,0.49836153,0.16696197,0.12942474,0.10924405,-0.98555315,-0.5094014,0.860059,0.02843804
1356273073676,0.84498626,0.52429104,0.105437815,0.0737295,0.08106655,-0.99397796,-0.5296812,0.84767157,0.029844403
1356273073716,0.84128356,0.5387311,0.044841096,0.014063984,0.0611085,-0.99803203,-0.5404111,0.84025854,0.04383287
1356273073756,0.8433581,0.5373266,-0.005217463,-0.0448595,0.060726702,-0.9971459,-0.5354762,0.8411851,0.075318575
1356273073796,0.8519356,0.52204263,-0.0409531,-0.097679496,0.08159605,-0.9918673,-0.51445544,0.84900737,0.12050745
1356273073836,0.8628124,0.50128335,-0.065343246,-0.13879298,0.110608876,-0.9841251,-0.486098,0.8581845,0.16500932
1356273073876,0.8709096,0.48432294,-0.083353326,-0.16545686,0.12925798,-0.9777098,-0.46275318,0.86528826,0.19270656
1356273073916,0.87422216,0.4756389,-0.0974846,-0.17823508,0.12762558,-0.9756761,-0.45162803,0.8703329,0.19634867
1356273073956,0.873554,0.4747113,-0.10748264,-0.1787865,0.10756578,-0.97799027,-0.4527016,0.87354386,0.1788365
1356273073996,0.8702099,0.47963428,-0.11263089,-0.16884226,0.075559735,-0.98274255,-0.4628467,0.87420917,0.14673537
1356273074037,0.8653594,0.48848101,-0.11197935,-0.15034059,0.039883077,-0.98782957,-0.47806984,0.8716626,0.1079517
1356273074076,0.8600445,0.49930692,-0.104957566,-0.12530845,0.0072969496,-0.99209094,-0.494592,0.8663944,0.0688431
1356273074116,0.8554731,0.5098077,-0.09089491,-0.095285654,-0.017561436,-0.9952951,-0.5090053,0.86010915,0.033554018
1356273074156,0.8533694,0.5168673,-0.06788851,-0.06102881,-0.030279875,-0.9976766,-0.5177221,0.8555299,0.0057038665
1356273074196,0.85566103,0.5164506,-0.033510834,-0.022643626,-0.027329676,-0.99937,-0.5170411,0.85588074,-0.011690617
1356273074236,0.86323535,0.5045884,0.0146674365,0.021162853,-0.007143885,-0.9997505,-0.50435776,0.8633305,-0.016845383
1356273074276,0.87415165,0.47954452,0.07678567,0.07211286,0.028188381,-0.9969981,-0.48026943,0.8770647,-0.009940416
1356273074337,0.8836427,0.44384372,0.14892395,0.1305962,0.07178342,-0.9888335,-0.44957787,0.8932244,0.0054665804
1356273074358,0.88668644,0.40520063,0.22270976,0.19282463,0.11372751,-0.97462034,-0.420245,0.90712655,0.022707976
1356273074397,0.88105774,0.37547204,0.28767684,0.25001463,0.14661926,-0.9570765,-0.4015344,0.9151631,0.035306536
1356273074438,0.86879796,0.36344883,0.3362961,0.29312405,0.16987908,-0.940861,-0.39908448,0.9159945,0.04105501
1356273074476,0.8542191,0.3686752,0.36659026,0.31851694,0.18619236,-0.9294511,-0.41092187,0.91072,0.041619778
1356273074516,0.8412313,0.38645452,0.37813067,0.3257625,0.19589508,-0.92493445,-0.43151903,0.9012646,0.038900673
1356273074556,0.8322489,0.4126727,0.37022015,0.31526244,0.19702837,-0.92832613,-0.45603874,0.8893149,0.03387645
1356273074596,0.8276254,0.44457537,0.3426206,0.28775328,0.18802515,-0.9390658,-0.48190683,0.875785,0.027686357
1356273074654,0.8262127,0.47816712,0.29787388,0.24549292,0.17031208,-0.95432025,-0.5070561,0.86159736,0.023327336
1356273074676,0.82706696,0.506597,0.24355645,0.1932983,0.1505394,-0.9695224,-0.52782196,0.848939,0.026581824
1356273074717,0.83179647,0.5214288,0.19033293,0.13690753,0.13957897,-0.9807008,-0.5379321,0.84180146,0.044713765
1356273074754,0.84245324,0.5178928,0.14852484,0.08309507,0.14747778,-0.98556864,-0.532323,0.8426372,0.08120879
1356273074797,0.8580427,0.49886352,0.12205671,0.03887467,0.17389005,-0.98399734,-0.51210487,0.8490567,0.12981194
1356273074836,0.87323004,0.47557014,0.10631281,0.008718476,0.20288172,-0.9791645,-0.4872303,0.85596263,0.17301616
1356273074876,0.8833421,0.45893145,0.095334664,-0.0075210184,0.21724108,-0.976089,-0.46866858,0.8615035,0.19534981
1356273074916,0.8872763,0.45309848,0.08627023,-0.012675539,0.21092325,-0.97742045,-0.4610641,0.8661485,0.19289047
1356273074956,0.8863618,0.45613182,0.07941407,-0.008922949,0.18832034,-0.98206717,-0.4629073,0.8697582,0.17098999
1356273074996,0.8822105,0.4647378,0.07565339,0.0019525588,0.15706006,-0.98758715,-0.47085118,0.87140745,0.1376526
1356273075036,0.8757555,0.4768856,0.07504973,0.018066943,0.122976124,-0.99224514,-0.48241672,0.87032,0.09908116
1356273075076,0.8679886,0.49034056,0.07849808,0.03823766,0.09161079,-0.99506044,-0.4951098,0.8667027,0.06076765
1356273075117,0.8602998,0.5021857,0.08771488,0.06191477,0.06786075,-0.9957719,-0.5060147,0.8620932,0.02728787
1356273075156,0.85460997,0.50831693,0.106093004,0.08994873,0.05630907,-0.9943533,-0.5114206,0.8593272,0.0023998395
1356273075196,0.85271394,0.5038611,0.13785145,0.124590635,0.06010774,-0.990386,-0.5073029,0.8616909,-0.011521667
1356273075236,0.85453975,0.48463544,0.18678945,0.16918728,0.08028233,-0.9823087,-0.49105752,0.8710242,-0.013389699
1356273075276,0.856654,0.44962668,0.2529422,0.22586785,0.11392611,-0.96747327,-0.46381855,0.88592136,-0.003960952
1356273075335,0.8533212,0.40408215,0.3294854,0.29216817,0.15280885,-0.9440801,-0.4318342,0.9018687,0.012335092
1356273075358,0.8412326,0.36001325,0.40338337,0.35844737,0.18719453,-0.91458935,-0.40477544,0.9139741,0.028428331
1356273075398,0.8229561,0.33143657,0.46140334,0.41120422,0.21287909,-0.8863371,-0.39198765,0.91914755,0.03890203
1356273075438,0.8048653,0.32390097,0.49727264,0.44207796,0.23179388,-0.8665095,-0.395928,0.91725665,0.043373376
1356273075478,0.79248875,0.33512834,0.50955915,0.44880643,0.24526757,-0.8593117,-0.41295806,0.90968835,0.043964043
1356273075518,0.78867745,0.36031526,0.49815744,0.4323467,0.25103456,-0.86605895,-0.43710893,0.89841783,0.042204186
1356273075556,0.79330146,0.39524823,0.46308926,0.39454442,0.24555248,-0.8854596,-0.46368906,0.8851456,0.038854152
1356273075596,0.8033611,0.43529707,0.40635866,0.33854187,0.22753406,-0.91302663,-0.48989826,0.8710595,0.035425738
1356273075636,0.8147552,0.47345403,0.3346869,0.2701384,0.20078471,-0.9416532,-0.5130295,0.85762864,0.035692275
1356273075676,0.82570153,0.50017184,0.2608545,0.19822507,0.17566693,-0.96428627,-0.5281323,0.8479206,0.04590185
1356273075716,0.83829224,0.5074304,0.19945043,0.13201849,0.166017,-0.9772458,-0.5289964,0.84554875,0.07218057
1356273075756,0.8547255,0.4944094,0.1581256,0.07811549,0.17864448,-0.98080796,-0.51316893,0.8506736,0.11407096
1356273075796,0.8727516,0.4693383,0.13426174,0.040102676,0.20517278,-0.9779038,-0.48651457,0.8588514,0.16024315
1356273075836,0.8873296,0.44547617,0.11915159,0.016690344,0.22719255,-0.97370684,-0.46083355,0.86598766,0.19415954
1356273075876,0.8953515,0.43261683,0.10577482,0.0033395737,0.23097554,-0.97295386,-0.4453476,0.871489,0.20535955
1356273075916,0.89702356,0.4322218,0.09237474,-0.002805531,0.2145648,-0.97670573,-0.44197387,0.87586886,0.19368228
1356273075956,0.8942319,0.4403195,0.08042367,-0.0022982955,0.18419048,-0.98288786,-0.44759798,0.87874484,0.165721
1356273075996,0.8884136,0.45358855,0.07055971,0.003881827,0.1462813,-0.9892354,-0.45902744,0.87912405,0.12819755
1356273076037,0.88057065,0.46968794,0.063155115,0.014345482,0.106784284,-0.99417865,-0.47369772,0.8763505,0.08729321
1356273076076,0.8722874,0.48532367,0.059796736,0.028143287,0.07225621,-0.99698895,-0.48818302,0.8713438,0.049369574
1356273076116,0.865686,0.49664477,0.062703565,0.04478237,0.04792374,-0.9978466,-0.49858028,0.86662984,0.019245982
1356273076156,0.8632694,0.49904233,0.07564893,0.0653031,0.038189057,-0.9971345,-0.5005013,0.8657358,3.784299E-4
1356273076196,0.8666068,0.48842686,0.1021367,0.09191209,0.04493838,-0.9947526,-0.49045375,0.8714469,-0.005948432
1356273076236,0.8745394,0.46336764,0.143078,0.12675755,0.06636506,-0.98971117,-0.4680955,0.8836776,-6.964803E-4
1356273076276,0.882851,0.42766643,0.19410157,0.16900857,0.09630081,-0.9808986,-0.43818957,0.89879227,0.012739986
1356273076332,0.88692236,0.391823,0.24462926,0.21183579,0.12560004,-0.96920085,-0.41048062,0.91142714,0.028395355
