1356271861045,0.7765012,-0.046632916,0.62838775,0.6287347,0.12332973,-0.7677775,-0.041695118,0.9912694,0.12508544
1356271861086,-0.21404445,0.11345193,-0.9702132,-0.9759338,-0.06722909,0.20744509,-0.041691422,0.9912663,0.12511152
1356271861127,-0.21423614,0.113584995,-0.97015524,-0.9758928,-0.06725663,0.20762879,-0.041665882,0.99124914,0.12525564
1356271861167,-0.21485674,0.11391905,-0.96997887,-0.9757601,-0.067322135,0.2082307,-0.041579545,0.9912064,0.12562227
1356271861207,-0.21614641,0.11434579,-0.96964216,-0.97548246,-0.06741202,0.20949864,-0.041410238,0.9911512,0.12611312
1356271861247,-0.21805227,0.114597976,-0.9691855,-0.9750692,-0.06745219,0.21140036,-0.04114762,0.99111927,0.12644911
1356271861284,-0.22040135,0.11428729,-0.96869075,-0.9745532,-0.06740093,0.21378314,-0.04085794,0.9911587,0.12623423
1356271861328,-0.22250938,0.1131728,-0.96833956,-0.9740852,-0.067160785,0.21598032,-0.04059139,0.99130285,0.12518388
1356271861366,-0.22408181,0.11137506,-0.9681854,-0.9737345,-0.06672078,0.21769094,-0.040352732,0.99153614,0.12340069
1356271861405,-0.22514212,0.10939947,-0.9681646,-0.97349966,-0.066173196,0.21890539,-0.040118396,0.99179274,0.12139869
1356271861445,-0.22581047,0.10776219,-0.9681926,-0.9733534,-0.06567311,0.21970457,-0.03990838,0.99200517,0.1197204
1356271861488,-0.2261936,0.10674256,-0.9682161,-0.97326785,-0.06540531,0.2201631,-0.039825737,0.99213314,0.11868334
1356271861527,-0.22631848,0.106325716,-0.9682328,-0.9732311,-0.06551838,0.220292,-0.040014327,0.99217045,0.11830747
1356271861567,-0.22634232,0.10634601,-0.9682251,-0.97320116,-0.06612831,0.22024229,-0.040605217,0.9921279,0.118463695
1356271861615,-0.22605419,0.10702935,-0.968217,-0.9732075,-0.067702115,0.21973538,-0.04203227,0.9919481,0.119466126
1356271861657,-0.22673905,0.108204275,-0.96792626,-0.9729564,-0.07016814,0.22007331,-0.044104695,0.99164927,0.121187925
1356271861706,-0.22853321,0.1098088,-0.96732336,-0.97238255,-0.07410169,0.22131658,-0.047377765,0.9911866,0.12371093
1356271861748,-0.23080814,0.1108506,-0.9666642,-0.97165287,-0.07850546,0.22299677,-0.051169157,0.99073154,0.12582809
1356271861786,-0.23288357,0.110866964,-0.96616447,-0.97091705,-0.08325058,0.22447613,-0.05554673,0.9903424,0.12703031
1356271861826,-0.23473644,0.10962656,-0.9658575,-0.97017884,-0.088192046,0.2257767,-0.06042984,0.9900526,0.12705928
1356271861868,-0.2358942,0.10678244,-0.9658941,-0.96955,-0.093140066,0.22649014,-0.065778226,0.98991036,0.12550205
1356271861906,-0.23602313,0.10203785,-0.96637535,-0.96913296,-0.09761751,0.22638935,-0.07123482,0.9899793,0.121928155
1356271861946,-0.23540556,0.09585261,-0.967159,-0.968912,-0.10108179,0.22581425,-0.07611722,0.9902499,0.11666793
1356271861989,-0.23317647,0.08808416,-0.96843684,-0.9691315,-0.10306162,0.2239697,-0.08008048,0.9907671,0.10939664
1356271862023,-0.23063087,0.07946423,-0.9697912,-0.96952736,-0.103393316,0.22209612,-0.08262119,0.9914613,0.10088837
1356271862080,-0.22807819,0.069922805,-0.97112876,-0.97007656,-0.10160947,0.22051501,-0.0832569,0.9923639,0.091005385
1356271862116,-0.2250045,0.057602614,-0.9726536,-0.9709331,-0.09687734,0.21886924,-0.081620604,0.99362814,0.077726066
1356271862152,-0.22667468,0.04323107,-0.97301054,-0.970705,-0.091766,0.22206041,-0.07968935,0.9948417,0.0627656
1356271862194,-0.22893375,0.025726438,-0.973102,-0.9702625,-0.086759925,0.22597197,-0.078612775,0.99589705,0.044823587
1356271862236,-0.233244,0.005081415,-0.97240496,-0.9692235,-0.08220714,0.23205134,-0.07875946,0.9966023,0.02409935
1356271862277,-0.23933738,-0.018141478,-0.9707671,-0.9676647,-0.07755458,0.2400218,-0.07964176,0.9968231,0.001006782
1356271862316,-0.24913651,-0.041657925,-0.967572,-0.9651089,-0.072465,0.2516222,-0.08059713,0.9965006,-0.022150755
1356271862357,-0.2601481,-0.06496668,-0.9633807,-0.9621115,-0.06691438,0.26431784,-0.08163586,0.99564135,-0.04509759
1356271862396,-0.2737077,-0.087082714,-0.9578625,-0.9582331,-0.061153352,0.2793733,-0.08290514,0.9943223,-0.06670737
1356271862436,-0.2875017,-0.10800165,-0.95167136,-0.95404774,-0.055341244,0.29450008,-0.08447313,0.99260914,-0.08712804
1356271862477,-0.29921663,-0.12896156,-0.9454303,-0.950259,-0.049518287,0.30749938,-0.08647168,0.9904125,-0.10773021
1356271862516,-0.3095097,-0.14981174,-0.9390209,-0.9467306,-0.04378432,0.31903625,-0.088909745,0.98774457,-0.12827969
1356271862557,-0.31345856,-0.17292067,-0.9337249,-0.9450412,-0.039447546,0.32456294,-0.09295675,0.9841455,-0.151052
1356271862595,-0.31092972,-0.19860968,-0.9294498,-0.9451808,-0.038050532,0.32432303,-0.099779755,0.9793397,-0.17589098
1356271862637,-0.29674727,-0.22996008,-0.9268546,-0.9483546,-0.042960703,0.3142897,-0.112092346,0.9722514,-0.20533526
1356271862677,-0.2733941,-0.26431173,-0.9248756,-0.953275,-0.054036975,0.29723176,-0.12853932,0.9629222,-0.23718834
1356271862716,-0.24082047,-0.3009503,-0.922732,-0.9591774,-0.071441054,0.27363282,-0.14827082,0.9509601,-0.27146024
1356271862755,-0.20578218,-0.33420655,-0.9197607,-0.9643073,-0.090783775,0.24873617,-0.1666286,0.9381175,-0.3035962
1356271862799,-0.17807817,-0.35726404,-0.91687,-0.96769476,-0.10542029,0.22902718,-0.17847982,0.928035,-0.32694954
1356271862837,-0.16698343,-0.3644317,-0.9161365,-0.9691436,-0.110210955,0.22048604,-0.18132043,0.92468536,-0.3347832
1356271862877,-0.17682454,-0.35338292,-0.918615,-0.9681417,-0.10567662,0.22701088,-0.17729795,0.9294907,-0.32343853
1356271862919,-0.21694237,-0.3233185,-0.9210869,-0.96133614,-0.093185306,0.25913197,-0.16961393,0.94169086,-0.2906019
1356271862995,-0.26034743,-0.2751941,-0.92546606,-0.9520897,-0.08611488,0.293444,-0.16045049,0.95752406,-0.23958963
1356271862996,-0.31663525,-0.21670416,-0.9234617,-0.9366251,-0.082441926,0.34049493,-0.14991859,0.97275,-0.17686653
1356271863035,-0.37398386,-0.1563228,-0.91416585,-0.91699994,-0.08512163,0.38969916,-0.1387341,0.98403126,-0.11151385
1356271863076,-0.4248786,-0.100566536,-0.89964694,-0.8960308,-0.09475511,0.4337629,-0.12886816,0.99040794,-0.04985124
1356271863117,-0.46695,-0.05198106,-0.8827546,-0.8757993,-0.11076903,0.46979344,-0.12220222,0.9924859,0.006198585
1356271863157,-0.49744815,-0.013414443,-0.8673899,-0.85929304,-0.12953949,0.49480802,-0.118998855,0.9914835,0.052912295
1356271863197,-0.51678467,0.014834434,-0.85598683,-0.84777784,-0.14806831,0.5092627,-0.11918992,0.98886585,0.08909571
1356271863235,-0.5251765,0.033266872,-0.85034275,-0.8422532,-0.16316205,0.51379716,-0.12165126,0.9860382,0.11370808
1356271863278,-0.522649,0.04103172,-0.85156,-0.8429802,-0.17409474,0.50899446,-0.1273672,0.9838736,0.12557936
1356271863315,-0.5111732,0.04092449,-0.85850286,-0.8486437,-0.18213099,0.49662074,-0.13603601,0.98242223,0.12783074
1356271863357,-0.49110776,0.031974882,-0.8705118,-0.8582088,-0.18903863,0.4772233,-0.1493012,0.9814489,0.12027949
1356271863395,-0.46423924,0.016398847,-0.885558,-0.8699896,-0.19598079,0.45244852,-0.16613278,0.98047066,0.10524881
1356271863435,-0.43472868,-0.0023456514,-0.90055835,-0.8816922,-0.20252413,0.42614883,-0.18338439,0.97927445,0.08597493
1356271863477,-0.4079613,-0.02013731,-0.91277707,-0.8916985,-0.20590776,0.40308297,-0.19606492,0.9783642,0.066046
1356271863515,-0.38874292,-0.033783883,-0.92072666,-0.8994876,-0.20247108,0.38720474,-0.19950178,0.9787053,0.04832107
1356271863557,-0.37993002,-0.04194051,-0.9240639,-0.9048419,-0.19064188,0.3806795,-0.19213113,0.9807633,0.03448105
1356271863595,-0.3831088,-0.044294327,-0.92264056,-0.9067961,-0.17219895,0.3847966,-0.17592204,0.9840658,0.025804996
1356271863637,-0.39891136,-0.04136631,-0.916056,-0.90377176,-0.15126872,0.40039283,-0.15513343,0.98762673,0.022957087
1356271863679,-0.4275872,-0.03278601,-0.9033793,-0.8943929,-0.12976909,0.42804345,-0.1312646,0.99100196,0.026164114
1356271863717,-0.46772093,-0.0211021,-0.8836243,-0.8774457,-0.1092881,0.46706036,-0.10642555,0.9937862,0.032600343
1356271863757,-0.51278573,-0.008653641,-0.85847306,-0.8547427,-0.08851099,0.5114497,-0.08041018,0.9960376,0.03799051
1356271863795,-0.5559781,-0.0037545562,-0.8311885,-0.8292134,-0.066538215,0.5549575,-0.05738938,0.99777687,0.033880413
1356271863837,-0.5821404,-0.020166576,-0.8128382,-0.811923,-0.039084554,0.5824547,-0.043515503,0.9990324,0.0063789487
1356271863875,-0.58825403,-0.061015338,-0.8063711,-0.8076209,-0.006600201,0.5896652,-0.041300833,0.99811506,-0.04539466
1356271863919,-0.5669349,-0.12782952,-0.81378394,-0.8221086,0.025229692,0.5687713,-0.05217427,0.99147516,-0.11939329
1356271863956,-0.527918,-0.20233813,-0.82484055,-0.8463006,0.043839872,0.5308987,-0.071260154,0.97833395,-0.19438273
1356271863996,-0.47238946,-0.26029384,-0.842078,-0.87646186,0.037837327,0.4799823,-0.09307447,0.96478784,-0.24601156
1356271864034,-0.46291548,-0.28399214,-0.8396771,-0.87925637,0.027074516,0.4755786,-0.11232674,0.9584442,-0.26223516
1356271864075,-0.4794473,-0.2732862,-0.83393335,-0.86845934,0.011177301,0.49563423,-0.12612885,0.9618678,-0.24269694
1356271864115,-0.5118426,-0.23780328,-0.82551,-0.84878844,-0.008301675,0.52866745,-0.132572,0.97127783,-0.19759554
1356271864155,-0.54760265,-0.19013652,-0.8148494,-0.8262855,-0.030569911,0.5624213,-0.1318467,0.98128164,-0.14036691
1356271864201,-0.5814815,-0.13679537,-0.80197644,-0.80380106,-0.055621684,0.5922921,-0.12563011,0.98903644,-0.077613235
1356271864246,-0.60148484,-0.09008363,-0.793789,-0.7899364,-0.08123225,0.60778433,-0.119232684,0.9926159,-0.022300363
1356271864286,-0.6071088,-0.054617375,-0.7927394,-0.78620267,-0.103526115,0.60923535,-0.11534408,0.993126,0.019911349
1356271864327,-0.5996713,-0.032303423,-0.7995941,-0.791731,-0.1214267,0.59867984,-0.116431534,0.99207455,0.047240555
1356271864365,-0.57723343,-0.023193628,-0.81624985,-0.8069781,-0.13663226,0.57455903,-0.12485215,0.9903503,0.060151875
1356271864407,-0.5395992,-0.028070122,-0.8414539,-0.82958734,-0.15272623,0.53708434,-0.14358813,0.98786974,0.05912441
1356271864445,-0.48992258,-0.04230377,-0.870739,-0.8550141,-0.17154992,0.48940945,-0.17007902,0.98426676,0.04787582
1356271864485,-0.43735218,-0.058343112,-0.89739573,-0.87765044,-0.18990302,0.44007555,-0.19609356,0.98006785,0.031849623
1356271864528,-0.39189506,-0.0701485,-0.9173317,-0.8954588,-0.1997248,0.3978236,-0.21112058,0.97733784,0.01545608
1356271864565,-0.360856,-0.075095564,-0.9295932,-0.9083673,-0.19753909,0.36857426,-0.21130934,0.97741437,0.0030688643
1356271864607,-0.34808075,-0.0731608,-0.9346055,-0.9166,-0.1826033,0.35566902,-0.19668308,0.9804609,-0.0034984946
1356271864645,-0.35582584,-0.06600657,-0.93221843,-0.9182111,-0.16102952,0.36188108,-0.17400125,0.98473984,-0.0033094883
1356271864688,-0.3846038,-0.05473897,-0.9214573,-0.9110395,-0.13820809,0.38846576,-0.14861706,0.98888934,0.003286004
1356271864726,-0.43385422,-0.039693385,-0.90010834,-0.8926959,-0.1162501,0.43540782,-0.12192047,0.9924266,0.015001476
1356271864770,-0.49938273,-0.023493528,-0.866063,-0.8611872,-0.09583789,0.49917108,-0.09472892,0.99511975,0.027627409
1356271864807,-0.5689258,-0.010505676,-0.8223218,-0.8195758,-0.07539147,0.5679891,-0.06796318,0.9970987,0.03428197
1356271864848,-0.6283946,-0.010194778,-0.7778279,-0.77653813,-0.050806582,0.6280185,-0.045921326,0.9986565,0.024010003
1356271864888,-0.6607476,-0.03525141,-0.74977994,-0.7497963,-0.015450656,0.66148835,-0.03490299,0.99925905,-0.016222358
1356271864927,-0.66399395,-0.08441487,-0.7429577,-0.74688876,0.027536988,0.6643785,-0.035624593,0.9960501,-0.08133292
1356271864987,-0.64228046,-0.14651436,-0.7523359,-0.7652075,0.066265225,0.6403642,-0.043968827,0.9869866,-0.15467477
1356271864998,-0.613828,-0.19979098,-0.76374006,-0.7876934,0.09068787,0.60935616,-0.05248192,0.9756328,-0.21304077
1356271865045,-0.6070826,-0.22138688,-0.7631766,-0.79237926,0.09627992,0.602383,-0.05988109,0.97042155,-0.23387223
1356271865085,-0.61115104,-0.21728128,-0.7611066,-0.7887297,0.08659512,0.6086105,-0.066331536,0.97226036,-0.22429895
1356271865125,-0.6282212,-0.19388428,-0.75348985,-0.77459383,0.06487703,0.62912273,-0.07309279,0.9788768,-0.19093865
1356271865165,-0.6476966,-0.16183278,-0.7445127,-0.7576636,0.03392595,0.6517629,-0.080218285,0.98623484,-0.14458853
1356271865205,-0.6622186,-0.12907118,-0.73811054,-0.7441058,-0.0026257634,0.6680566,-0.088164926,0.99163187,-0.09430379
1356271865243,-0.6672532,-0.1006017,-0.73800576,-0.73839426,-0.040636003,0.6731438,-0.097709,0.9940966,-0.04716921
1356271865285,-0.6611225,-0.078678906,-0.7461412,-0.74224824,-0.07651955,0.6657419,-0.10947424,0.99395895,-0.0078104734
1356271865329,-0.6409654,-0.06548864,-0.764771,-0.7572983,-0.108498275,0.6439934,-0.12515059,0.99193716,0.019949198
1356271865365,-0.6062115,-0.059191883,-0.7930976,-0.7822079,-0.13584673,0.6080266,-0.14372998,0.98896,0.03605157
1356271865406,-0.55704284,-0.06277946,-0.8281075,-0.8130717,-0.1618883,0.55920166,-0.16916731,0.98481005,0.039134562
1356271865455,-0.48894626,-0.07603589,-0.8689938,-0.8481866,-0.19123638,0.49397188,-0.2037428,0.9785946,0.029011667
1356271865496,-0.4172836,-0.08544633,-0.90475035,-0.8782238,-0.21806121,0.4256433,-0.23366067,0.9721873,0.015952408
1356271865536,-0.35839057,-0.089173615,-0.92930317,-0.8992595,-0.23441672,0.36929816,-0.25077584,0.96803766,0.003822565
1356271865576,-0.31788146,-0.08682388,-0.9441467,-0.9141548,-0.23611987,0.32949722,-0.25154,0.96783733,-0.004312277
1356271865615,-0.2989691,-0.07931906,-0.9509605,-0.92444116,-0.22311068,0.30924132,-0.23669812,0.9715607,-0.0066226125
1356271865657,-0.3020718,-0.068954945,-0.950788,-0.9289075,-0.2028212,0.30982962,-0.21420422,0.97678494,-0.0027862191
1356271865697,-0.32900023,-0.055472046,-0.9426991,-0.92546093,-0.17962104,0.33355382,-0.18783152,0.9821706,0.0077582
1356271865736,-0.3792981,-0.041234106,-0.9243553,-0.9112406,-0.15668774,0.38090622,-0.16054147,0.9867871,0.021857142
1356271865776,-0.44701755,-0.025483966,-0.8941621,-0.8850334,-0.13263178,0.44623393,-0.12996608,0.99083775,0.03673458
1356271865815,-0.5243797,-0.013174713,-0.8513827,-0.845833,-0.10695112,0.52261657,-0.09794158,0.99417704,0.04493934
1356271865856,-0.588871,-0.012637556,-0.80812824,-0.80530906,-0.07571304,0.5880007,-0.06861672,0.9970495,0.034408092
1356271865895,-0.62543446,-0.03330627,-0.7795655,-0.77870786,-0.036680996,0.6263135,-0.049455404,0.99877185,-0.002994299
1356271865935,-0.61668706,-0.083604515,-0.7827562,-0.78585184,0.007032335,0.6183748,-0.046194345,0.99647415,-0.070037544
1356271865991,-0.5683038,-0.15354621,-0.8083651,-0.8209745,0.04007417,0.56955665,-0.055058748,0.98732847,-0.14883178
1356271866019,-0.50968385,-0.21638864,-0.8327054,-0.85779876,0.05315745,0.51122946,-0.06635976,0.97485906,-0.21271145
1356271866057,-0.47898775,-0.24886516,-0.8418057,-0.87471104,0.05465448,0.48155326,-0.073833406,0.9669948,-0.24386388
1356271866097,-0.49011815,-0.24708241,-0.83590335,-0.86815673,0.05252981,0.49350226,-0.07802588,0.9675696,-0.24025202
1356271866137,-0.5320574,-0.21944588,-0.81777656,-0.8427381,0.043827772,0.5365367,-0.081899464,0.9746398,-0.20825434
1356271866177,-0.5819658,-0.17937964,-0.79318273,-0.80852246,0.023019016,0.5880149,-0.087219626,0.98351055,-0.15842873
1356271866217,-0.6221473,-0.13878879,-0.77050006,-0.77723813,-0.008655369,0.62914705,-0.093987495,0.9902842,-0.10248703
1356271866257,-0.6470813,-0.103285134,-0.75539255,-0.7555826,-0.045528293,0.65346926,-0.10188541,0.99360925,-0.04857987
1356271866297,-0.6533731,-0.07572445,-0.7532393,-0.74890435,-0.080789864,0.65773493,-0.1106607,0.9938505,-0.0039244294
1356271866338,-0.6388495,-0.0577313,-0.76716256,-0.75955355,-0.11114991,0.6408775,-0.12226874,0.9921254,0.027158022
1356271866377,-0.59988195,-0.049012393,-0.7985859,-0.78790796,-0.13731277,0.6002884,-0.13907763,0.98931444,0.04375428
1356271866419,-0.53370696,-0.050751746,-0.8441452,-0.82935655,-0.16370422,0.5341991,-0.16530165,0.98520315,0.045278788
1356271866457,-0.44931608,-0.05526212,-0.891662,-0.8718661,-0.19055814,0.4511509,-0.19484496,0.9801192,0.037439704
1356271866497,-0.36275244,-0.059185177,-0.9300042,-0.9057051,-0.2125029,0.36679807,-0.21933752,0.9753665,0.023481548
1356271866538,-0.2879352,-0.058909267,-0.9558363,-0.930094,-0.22050804,0.29377076,-0.22807541,0.97360456,0.008700848
1356271866578,-0.23411757,-0.054709107,-0.9706677,-0.947173,-0.21228194,0.24041557,-0.21920812,0.9756758,-0.0021200776
1356271866619,-0.2069968,-0.04767987,-0.97717905,-0.95832574,-0.19112372,0.21232867,-0.19688591,0.98040724,-0.0061308146
1356271866657,-0.20875621,-0.04013577,-0.97714376,-0.9628271,-0.16669977,0.21254471,-0.1714203,0.9851905,-0.003844142
1356271866698,-0.24142033,-0.030549943,-0.9699396,-0.9596142,-0.14123118,0.24329868,-0.14441848,0.9895052,0.0047799945
1356271866737,-0.30800116,-0.020548493,-0.95116407,-0.944131,-0.11662996,0.3082434,-0.117268145,0.99296284,0.016521692
1356271866779,-0.4000842,-0.010407418,-0.91641927,-0.91214466,-0.09260601,0.39926973,-0.089021295,0.9956485,0.027557135
1356271866816,-0.505935,-0.005137801,-0.8625564,-0.86029696,-0.06956965,0.5050241,-0.0626024,0.99756396,0.030777574
1356271866859,-0.59057826,-0.013161212,-0.8068731,-0.8058684,-0.04285562,0.59054184,-0.042351276,0.9989946,0.014703333
1356271866897,-0.6352347,-0.04402238,-0.7710635,-0.77160996,-0.006600201,0.6360618,-0.033090115,0.9990088,-0.02977544
1356271866939,-0.6291897,-0.10095936,-0.77066696,-0.77641314,0.035591006,0.6292186,-0.036096662,0.99425375,-0.10077965
1356271866992,-0.5831183,-0.17155856,-0.7940659,-0.81105524,0.066990495,0.581121,-0.046501458,0.98289365,-0.1782068
1356271867016,-0.5364532,-0.22858909,-0.8123822,-0.8420086,0.08005309,0.5334913,-0.056916565,0.970226,-0.23541874
1356271867057,-0.53599364,-0.2503484,-0.8062484,-0.8418434,0.08685738,0.532687,-0.06332865,0.9642518,-0.2573092
1356271867097,-0.59017694,-0.23573032,-0.7720896,-0.8045633,0.093446314,0.5864689,-0.066099554,0.9673154,-0.2448098
1356271867137,-0.669596,-0.19787681,-0.7158812,-0.73967797,0.09043604,0.6668567,-0.06721401,0.97604614,-0.20692074
1356271867178,-0.7403604,-0.15464741,-0.65417933,-0.66866404,0.06959885,0.7403002,-0.06895533,0.9855151,-0.15493542
1356271867217,-0.7876139,-0.11890414,-0.6045876,-0.6117588,0.033712983,0.79032564,-0.07359052,0.9923333,-0.09929353
1356271867257,-0.813657,-0.0939419,-0.5737047,-0.57541716,-0.010430336,0.81779355,-0.082809016,0.99552304,-0.045569003
1356271867297,-0.8236555,-0.07849428,-0.5616316,-0.55891156,-0.05523169,0.8273857,-0.09596495,0.9953833,0.0016206503
1356271867336,-0.8215115,-0.070457056,-0.56582224,-0.55912215,-0.09504765,0.8236191,-0.11180985,0.9929762,0.0386886
1356271867377,-0.80698335,-0.06932813,-0.58649087,-0.5760121,-0.12677461,0.8075508,-0.13033812,0.9895059,0.062371075
1356271867415,-0.7767318,-0.075336486,-0.62530947,-0.61103976,-0.1505726,0.7771474,-0.15270208,0.9857242,0.07092106
1356271867457,-0.72596896,-0.088094205,-0.68206203,-0.66377294,-0.16972023,0.72842336,-0.17992955,0.981547,0.06473702
1356271867496,-0.6579386,-0.10258809,-0.7460512,-0.7236948,-0.18786997,0.66405624,-0.20828491,0.9768216,0.049364507
1356271867536,-0.5858269,-0.11337179,-0.8024673,-0.7768623,-0.20348966,0.59588325,-0.23085016,0.972491,0.03113544
1356271867577,-0.5273854,-0.11738554,-0.841478,-0.81520975,-0.20912027,0.54009426,-0.23936939,0.9708189,0.014593184
1356271867616,-0.4949022,-0.115798175,-0.8611984,-0.83692193,-0.20306957,0.5082564,-0.2337383,0.97229296,0.0035855174
1356271867656,-0.49822217,-0.10961595,-0.8600924,-0.8400183,-0.18473846,0.5101382,-0.21481141,0.97665554,-3.862381E-5
1356271867695,-0.53942263,-0.10210049,-0.8358221,-0.8201333,-0.16121525,0.5489908,-0.19079956,0.9816237,0.0032271743
1356271867736,-0.6135482,-0.09292576,-0.7841705,-0.77214897,-0.1373542,0.62041914,-0.165362,0.9861535,0.012520909
1356271867776,-0.70981604,-0.081565976,-0.6996485,-0.6905398,-0.11540258,0.71402866,-0.13898173,0.9899642,0.025590122
1356271867816,-0.80601007,-0.069106996,-0.58785367,-0.5811858,-0.09572595,0.808121,-0.11211966,0.99300593,0.036992073
1356271867857,-0.8791871,-0.057737052,-0.47296554,-0.46873254,-0.07343209,0.88028264,-0.08555578,0.9956275,0.037497282
1356271867896,-0.9249414,-0.05241479,-0.37647843,-0.37462956,-0.041871786,0.92622864,-0.06431189,0.9977472,0.019092798
1356271867936,-0.94432676,-0.060625732,-0.32337508,-0.32449096,0.009293139,0.94584316,-0.054337233,0.99811727,-0.028448284
1356271867993,-0.9411927,-0.09331146,-0.32472938,-0.33236635,0.08293116,0.9394972,-0.060735688,0.99217707,-0.10906774
1356271868026,-0.9301063,-0.13159424,-0.34290707,-0.3601938,0.1441629,0.92167103,-0.07185213,0.980765,-0.18148625
1356271868067,-0.9193074,-0.16142967,-0.35890734,-0.38481405,0.17774832,0.90571725,-0.08241443,0.9707451,-0.2255258
1356271868125,-0.91483104,-0.17311081,-0.36485183,-0.39372405,0.18141603,0.9011491,-0.08980866,0.96805006,-0.23412287
1356271868145,-0.9162963,-0.16730145,-0.3638836,-0.38941523,0.15988034,0.90707994,-0.093577966,0.9728558,-0.21164751
1356271868185,-0.91975766,-0.1502063,-0.362607,-0.38101706,0.119995534,0.9167481,-0.094190106,0.9813456,-0.16759801
1356271868223,-0.9210151,-0.12891814,-0.36757493,-0.3782163,0.07022196,0.9230499,-0.09318608,0.9891658,-0.113434434
1356271868265,-0.91710967,-0.10880217,-0.3834995,-0.38762474,0.018859208,0.92162436,-0.09304224,0.9938845,-0.059470296
1356271868305,-0.906994,-0.09186946,-0.41100112,-0.4101004,-0.029354751,0.91156787,-0.095810086,0.99533826,-0.011051118
1356271868345,-0.88907737,-0.07889286,-0.450907,-0.4461237,-0.07132214,0.89212483,-0.10254197,0.99432844,0.02821505
1356271868386,-0.8607773,-0.07071112,-0.50404596,-0.49607295,-0.10506517,0.8619008,-0.11390363,0.99194825,0.05535984
1356271868426,-0.81752646,-0.0700541,-0.5716144,-0.56051505,-0.13103753,0.8177115,-0.13218698,0.98889923,0.067860186
1356271868465,-0.755342,-0.076033294,-0.65090513,-0.6362832,-0.15264004,0.7562041,-0.15685084,0.98535275,0.066916645
1356271868506,-0.67316073,-0.088463455,-0.7341858,-0.71528864,-0.17405468,0.6768065,-0.18766114,0.98075444,0.05388987
1356271868546,-0.58091414,-0.09915015,-0.8079035,-0.784505,-0.19641471,0.5881948,-0.21700373,0.97549504,0.036316276
1356271868586,-0.49471295,-0.104129195,-0.86279553,-0.83606315,-0.21393263,0.5052042,-0.23718661,0.9712826,0.018776655
1356271868625,-0.42644972,-0.101529926,-0.8987949,-0.8714411,-0.22011733,0.43833628,-0.24234462,0.97017527,0.0053916574
1356271868667,-0.38306004,-0.0926626,-0.91906404,-0.8941035,-0.21274233,0.394106,-0.2320427,0.97270465,-0.0013568997
1356271868705,-0.36421233,-0.08103034,-0.9277841,-0.90621495,-0.1988939,0.37311602,-0.21476433,0.9766654,-9.912848E-4
1356271868745,-0.37098253,-0.06652132,-0.9262543,-0.908126,-0.1825028,0.37682873,-0.19411114,0.98095244,0.007295549
1356271868785,-0.4034859,-0.049478203,-0.9136471,-0.89883614,-0.16534626,0.40589932,-0.17115134,0.9849937,0.02224207
1356271868825,-0.45652038,-0.030250698,-0.8891985,-0.87794185,-0.14671719,0.4557325,-0.144247,0.98871577,0.04042107
1356271868866,-0.5184265,-0.01203391,-0.8550375,-0.8476707,-0.124482095,0.5157118,-0.112642884,0.9921489,0.054334044
1356271868905,-0.5706643,-0.0034320056,-0.82117623,-0.8171549,-0.09655756,0.56827325,-0.08124113,0.99532145,0.052297533
1356271868946,-0.58829945,-0.019158512,-0.80841625,-0.80646026,-0.059507012,0.5882863,-0.059377104,0.998044,0.019557297
1356271868999,-0.56064016,-0.06396794,-0.825585,-0.8263884,-0.020086348,0.56274205,-0.052580446,0.99774975,-0.04160118
1356271869026,-0.4849354,-0.13174173,-0.8645703,-0.8725158,0.0054932237,0.48855495,-0.059613824,0.9912689,-0.11761063
1356271869067,-0.38916183,-0.19463786,-0.9003717,-0.9183644,0.005759001,0.39569384,-0.07183179,0.98085827,-0.18098962
1356271869107,-0.31268054,-0.22864208,-0.9219293,-0.94619787,-0.010151982,0.32342923,-0.083308995,0.9734576,-0.2131663
1356271869147,-0.27504587,-0.22892576,-0.93377876,-0.9569079,-0.028917551,0.28894803,-0.09315026,0.97301424,-0.21110725
1356271869189,-0.27332282,-0.20194754,-0.9404849,-0.9565486,-0.04614055,0.28789887,-0.10153496,0.9783088,-0.18056142
1356271869226,-0.2860731,-0.16150096,-0.94449973,-0.9521619,-0.06264186,0.29910505,-0.10747099,0.9848825,-0.13585484
1356271869267,-0.30624753,-0.11477655,-0.94500726,-0.9455183,-0.07854301,0.3159527,-0.11048764,0.99028146,-0.084469676
1356271869307,-0.32108635,-0.06939757,-0.9445038,-0.9404311,-0.09433901,0.3266334,-0.11177108,0.99311835,-0.034972727
1356271869346,-0.32479763,-0.030300409,-0.945298,-0.93898666,-0.109279156,0.3261319,-0.11318332,0.9935491,0.007041931
1356271869387,-0.31395084,-6.443262E-4,-0.9494389,-0.94222647,-0.12281668,0.31164923,-0.11680779,0.99242914,0.03795129
1356271869427,-0.28614223,0.01751852,-0.958027,-0.9499729,-0.1358239,0.28125298,-0.12519589,0.99057806,0.055507123
1356271869468,-0.24144268,0.02282554,-0.97014654,-0.96003866,-0.15142399,0.23536447,-0.14153114,0.9882053,0.058473647
1356271869507,-0.1874842,0.019189268,-0.9820802,-0.9685066,-0.17038065,0.18156382,-0.16384342,0.98519146,0.050528646
1356271869549,-0.13196898,0.008961916,-0.9912133,-0.9731398,-0.19146228,0.12783164,-0.18863443,0.98145896,0.033988357
1356271869587,-0.08616382,-0.0011287332,-0.9962804,-0.97477883,-0.20654202,0.08453819,-0.20586914,0.97843707,0.016696155
1356271869628,-0.054677725,-0.009236217,-0.99846137,-0.9762366,-0.20950693,0.055398673,-0.2096962,0.97776353,0.0024386048
1356271869667,-0.040505826,-0.014183342,-0.9990787,-0.97865105,-0.20108008,0.042532206,-0.20149809,0.97947216,-0.0057356656
1356271869708,-0.04525876,-0.015390724,-0.9988568,-0.98130834,-0.18652898,0.04733771,-0.1870443,0.98232895,-0.006660998
1356271869747,-0.070207655,-0.012482703,-0.9974543,-0.9828206,-0.17023176,0.07130802,-0.17068854,0.985325,-3.1661987E-4
1356271869787,-0.11551905,-0.0065755546,-0.9932835,-0.98129594,-0.15427166,0.1151461,-0.15399262,0.98800665,0.011368722
1356271869827,-0.17810434,0.0015279651,-0.98401046,-0.97463936,-0.13796318,0.17619392,-0.13548794,0.9904362,0.026060998
1356271869866,-0.25289404,0.008116603,-0.96746,-0.96067876,-0.120588064,0.25010976,-0.1146341,0.99266946,0.03829348
1356271869908,-0.32617122,0.0062172115,-0.94529027,-0.9406171,-0.10165924,0.32389012,-0.094083846,0.99479985,0.039006352
1356271869947,-0.37742108,-0.01470235,-0.925925,-0.92250395,-0.08134669,0.37731826,-0.08086839,0.9965774,0.017138958
1356271870001,-0.38646924,-0.06263721,-0.9201729,-0.9185586,-0.063661516,0.39012474,-0.08301595,0.9960039,-0.0329327
1356271870030,-0.34551018,-0.1333859,-0.92888695,-0.93283486,-0.058966994,0.3554462,-0.10218519,0.98930836,-0.10405332
1356271870067,-0.2860635,-0.1973153,-0.93767494,-0.950207,-0.067800105,0.304154,-0.12358874,0.97799265,-0.16809523
1356271870107,-0.24244905,-0.23447412,-0.9414034,-0.9605467,-0.07827783,0.26687574,-0.13626647,0.96896565,-0.20624495
1356271870147,-0.23380548,-0.23974442,-0.942262,-0.96234584,-0.08114308,0.25943455,-0.13865608,0.96743906,-0.21174538
1356271870188,-0.2640602,-0.21769759,-0.9396169,-0.954862,-0.07841647,0.28651258,-0.13605449,0.97286105,-0.18716449
1356271870227,-0.3116861,-0.18185735,-0.93261975,-0.94074166,-0.07897425,0.32980016,-0.1336295,0.98014843,-0.1464656
1356271870268,-0.36990923,-0.13904417,-0.91860425,-0.91959333,-0.08604914,0.38333228,-0.13234517,0.98654056,-0.09603369
1356271870307,-0.4170937,-0.098894656,-0.90346706,-0.8993155,-0.098804116,0.42599228,-0.13139462,0.9901806,-0.04772693
1356271870348,-0.45066977,-0.06422469,-0.89037746,-0.88304687,-0.11414081,0.4551925,-0.13086301,0.9913865,-0.00527364
1356271870386,-0.46370864,-0.036458045,-0.88523734,-0.8760909,-0.13005644,0.4642738,-0.13205728,0.99083614,0.028367698
1356271870427,-0.4530298,-0.01599446,-0.89135194,-0.88091516,-0.14555061,0.45033708,-0.13693967,0.9892216,0.051848948
1356271870468,-0.41659445,-0.0028465092,-0.9090879,-0.89712167,-0.16045904,0.41161326,-0.14704308,0.9870384,0.06429273
1356271870507,-0.35548222,0.0034784973,-0.9346765,-0.9205091,-0.17479199,0.34944347,-0.16215846,0.98459923,0.06533748
1356271870549,-0.27718872,0.004083663,-0.9608068,-0.94366324,-0.18926394,0.27143845,-0.18073756,0.98191774,0.056315362
1356271870587,-0.1960547,0.0013247728,-0.98059213,-0.9600051,-0.20409697,0.19166288,-0.19988194,0.9789498,0.041285932
1356271870627,-0.12772363,-0.002140969,-0.99180746,-0.96833825,-0.21599567,0.12516752,-0.21449408,0.97639203,0.025514543
1356271870667,-0.08129996,-0.0050260723,-0.99667704,-0.97227466,-0.21957952,0.08041671,-0.21925405,0.97558165,0.012965083
1356271870707,-0.06013435,-0.0069087744,-0.9981664,-0.97516614,-0.21312934,0.060223877,-0.21315461,0.9769996,0.006079197
1356271870748,-0.06594092,-0.007114023,-0.99779814,-0.9776205,-0.19974476,0.066031516,-0.19977468,0.9798221,0.006216556
1356271870787,-0.09899747,-0.0057458878,-0.9950712,-0.9778246,-0.18489593,0.09834924,-0.18454969,0.98274136,0.012685716
1356271870828,-0.15717673,-0.0015009046,-0.98756933,-0.9731807,-0.16985118,0.15514487,-0.16797265,0.98546857,0.02523598
1356271870867,-0.23709577,0.0035450459,-0.9714798,-0.9599186,-0.15471244,0.23370963,-0.14947152,0.9879531,0.04008466
1356271870910,-0.32491362,0.00769642,-0.9457123,-0.93715453,-0.13708204,0.32085788,-0.12717077,0.9905298,0.051752627
1356271870947,-0.40660632,0.0039243996,-0.9135951,-0.90750957,-0.11704147,0.40339515,-0.10534549,0.99311924,0.051151276
1356271870999,-0.4531672,-0.016344815,-0.8912757,-0.8868735,-0.09264648,0.45262793,-0.08997172,0.99556494,0.02748859
1356271871028,-0.44332123,-0.064068854,-0.89407015,-0.8920544,-0.06614363,0.4470615,-0.08777979,0.995751,-0.027830005
1356271871086,-0.39363545,-0.12528738,-0.9106889,-0.9143703,-0.04874897,0.4019333,-0.09475231,0.9909221,-0.095369756
1356271871105,-0.33435965,-0.17793047,-0.9254968,-0.9367515,-0.045040905,0.347085,-0.10344219,0.9830117,-0.15161675
1356271871145,-0.3030433,-0.20101765,-0.93153465,-0.94692814,-0.046441972,0.31807283,-0.10720053,0.9784862,-0.17627537
1356271871182,-0.31210387,-0.19159165,-0.9305289,-0.94409275,-0.046949446,0.32631996,-0.106208,0.9803512,-0.16622716
1356271871226,-0.35109317,-0.15786618,-0.9229365,-0.93065387,-0.049634397,0.36251876,-0.10303885,0.98621225,-0.12949246
1356271871267,-0.39553475,-0.11446154,-0.91129076,-0.9130734,-0.05820769,0.40361962,-0.099243045,0.9917209,-0.08148867
1356271871306,-0.4362744,-0.06931555,-0.8971399,-0.89473015,-0.072413504,0.44069743,-0.09551224,0.99496317,-0.030426562
1356271871345,-0.46017855,-0.03040418,-0.8873056,-0.8828809,-0.08966881,0.4609564,-0.09357861,0.9955074,0.01442039
1356271871386,-0.46675265,-3.825128E-4,-0.88438773,-0.8791827,-0.10813421,0.46405238,-0.095810086,0.99413615,0.050135672
1356271871426,-0.45135832,0.019760132,-0.89212406,-0.8863461,-0.12563747,0.44565225,-0.10327804,0.99187946,0.07422179
1356271871466,-0.41380757,0.02877748,-0.9099094,-0.9026177,-0.14308304,0.4059662,-0.11850995,0.98929226,0.08518386
1356271871507,-0.3524716,0.026600003,-0.93544436,-0.9247188,-0.1634267,0.3437831,-0.14373195,0.98619676,0.082200825
1356271871546,-0.2792499,0.019311786,-0.9600243,-0.94445324,-0.18595165,0.27098003,-0.17328495,0.9823692,0.07016605
1356271871587,-0.20458949,0.008304268,-0.9788126,-0.9575584,-0.20911711,0.19837287,-0.20303917,0.9778553,0.050735056
1356271871625,-0.14071125,-0.0010623634,-0.9900502,-0.96443474,-0.22585589,0.13731301,-0.22375455,0.9741602,0.030755877
1356271871666,-0.09412795,-0.007909656,-0.99552864,-0.9687818,-0.22963822,0.093423575,-0.22935039,0.97324383,0.013952643
1356271871705,-0.06848395,-0.0119313,-0.9975809,-0.97261345,-0.22181886,0.06942293,-0.22211051,0.9750149,0.0035864413
1356271871746,-0.06576604,-0.012551814,-0.9977561,-0.9763391,-0.20562255,0.06694114,-0.20600143,0.9785508,0.001268208
1356271871785,-0.08881974,-0.009804457,-0.9959994,-0.97848475,-0.18609256,0.08908975,-0.18622154,0.98248327,0.006935209
1356271871826,-0.13842773,-0.0037225485,-0.9903655,-0.9766125,-0.16560185,0.13712788,-0.16451678,0.98618567,0.01928839
1356271871865,-0.21299523,0.0045617223,-0.9770427,-0.96697354,-0.14425367,0.21012664,-0.13998339,0.9895303,0.035136342
1356271871906,-0.30464762,0.010967404,-0.952402,-0.94573736,-0.122122645,0.30110943,-0.1130074,0.9924544,0.047576606
1356271871947,-0.39244342,0.0077290535,-0.91974366,-0.91573554,-0.096910775,0.38991883,-0.08611941,0.9952631,0.04510981
1356271872000,-0.45922625,-0.012710601,-0.8882285,-0.8858659,-0.06771141,0.45897368,-0.06597698,0.99762404,0.019834936
1356271872027,-0.47609526,-0.05887276,-0.87742084,-0.87738997,-0.03551638,0.47846156,-0.05933118,0.9976335,-0.034745157
1356271872066,-0.44419712,-0.12441018,-0.8872491,-0.8935206,-0.011050165,0.44888636,-0.065650254,0.9921694,-0.10625458
1356271872106,-0.38965994,-0.18750188,-0.9016696,-0.9177104,-0.0031056404,0.39723784,-0.077283114,0.98225933,-0.17086226
1356271872147,-0.35534638,-0.22486976,-0.907283,-0.93073845,-0.004537165,0.36565745,-0.0863418,0.9743782,-0.20768261
1356271872187,-0.3649435,-0.22913864,-0.9023922,-0.9265816,-0.005242288,0.37605724,-0.090899825,0.9733796,-0.21040255
1356271872227,-0.4126404,-0.2057952,-0.8873422,-0.90617,-0.0063394904,0.42286608,-0.09264907,0.9785745,-0.18386948
1356271872266,-0.47277236,-0.16709784,-0.8651962,-0.87627375,-0.014362335,0.48159942,-0.092900515,0.9858357,-0.1396333
1356271872307,-0.5269906,-0.123126805,-0.8409047,-0.844856,-0.0314337,0.5340695,-0.09219101,0.991893,-0.08745915
1356271872345,-0.5630556,-0.081796795,-0.822361,-0.8212793,-0.05542451,0.5678278,-0.09202543,0.9951067,-0.035970926
1356271872385,-0.57858956,-0.04704106,-0.8142612,-0.8101265,-0.082517624,0.58041877,-0.09449437,0.9954788,0.009634614
1356271872425,-0.5739685,-0.020648032,-0.8186171,-0.8125664,-0.10951269,0.5724883,-0.101469636,0.99377096,0.0460788
1356271872466,-0.54869103,-0.0037771463,-0.83601665,-0.8281128,-0.13479841,0.5441126,-0.114748895,0.99086577,0.070834756
1356271872507,-0.5016546,0.0021272898,-0.8650654,-0.85410196,-0.15993822,0.49490362,-0.13730425,0.98712474,0.08205068
1356271872546,-0.43892962,7.903576E-5,-0.89852154,-0.88284993,-0.18599206,0.4312576,-0.16708371,0.98255134,0.08170712
1356271872587,-0.36754197,-0.008988261,-0.9299636,-0.90773094,-0.21408057,0.36082432,-0.20233026,0.9767747,0.07052463
1356271872625,-0.30317652,-0.018124074,-0.952762,-0.9243134,-0.23760611,0.2986438,-0.23179469,0.9711925,0.055284202
1356271872667,-0.25561982,-0.025222987,-0.9664483,-0.934672,-0.2490325,0.25371453,-0.24707648,0.9681666,0.040082395
1356271872705,-0.23051065,-0.029418826,-0.97262496,-0.941591,-0.24543715,0.2305794,-0.2455017,0.968966,0.02887541
1356271872747,-0.23053253,-0.0309923,-0.972571,-0.9451184,-0.23068625,0.23137644,-0.23152962,0.97253454,0.023889244
1356271872785,-0.2574789,-0.030258834,-0.9658101,-0.9427753,-0.21126544,0.25795686,-0.21184772,0.9769603,0.025869071
1356271872826,-0.3121053,-0.027590662,-0.94964683,-0.930683,-0.19190872,0.31144843,-0.19083858,0.98102486,0.034217596
1356271872866,-0.3930202,-0.022438884,-0.919256,-0.9040149,-0.1734392,0.39073762,-0.16820276,0.98458886,0.047880054
1356271872905,-0.49439675,-0.017065048,-0.86906886,-0.85731363,-0.15545464,0.4907619,-0.14347565,0.9876957,0.062226117
1356271872946,-0.5983904,-0.0122359395,-0.8011112,-0.79289746,-0.1345684,0.5943105,-0.115076184,0.99082875,0.0708226
1356271873000,-0.69167066,-0.0137909055,-0.72208136,-0.7168954,-0.10799456,0.6887657,-0.08747953,0.9940558,0.06481004
1356271873028,-0.7533169,-0.030445904,-0.65695256,-0.6540539,-0.06974822,0.7532255,-0.06875396,0.99709994,0.03262931
1356271873067,-0.77896786,-0.0695678,-0.62319285,-0.6235123,-0.019692004,0.7815655,-0.066643775,0.9973828,-0.028036892
1356271873107,-0.7751583,-0.12590238,-0.6190947,-0.62677765,0.030343533,0.77860713,-0.079242945,0.99157846,-0.1024338
1356271873147,-0.7591239,-0.18052284,-0.62541366,-0.64377993,0.06603545,0.762356,-0.09632322,0.98135155,-0.16634601
1356271873187,-0.7514174,-0.214067,-0.62413716,-0.65067524,0.08340216,0.75476205,-0.10951525,0.97325194,-0.20195794
1356271873227,-0.7605006,-0.22091919,-0.6106009,-0.6386686,0.08473122,0.7648026,-0.11722262,0.97160447,-0.20553225
1356271873266,-0.78050303,-0.20787333,-0.5895792,-0.61329716,0.07181656,0.7865805,-0.12116757,0.9755158,-0.18354118
1356271873308,-0.80281514,-0.18434933,-0.56701255,-0.5833827,0.04653567,0.8108632,-0.123095736,0.98175853,-0.1449058
1356271873347,-0.8211596,-0.15851378,-0.5482429,-0.55693746,0.012893617,0.83045435,-0.12456961,0.9872726,-0.09886998
1356271873387,-0.8333347,-0.13522077,-0.53597456,-0.53797126,-0.02445352,0.84260845,-0.1270446,0.9905137,-0.052366972
1356271873428,-0.83894014,-0.1169496,-0.53150934,-0.5280767,-0.061201274,0.8469884,-0.131584,0.99125034,-0.010414183
1356271873467,-0.83762443,-0.10516842,-0.53602695,-0.5282652,-0.09374565,0.8438884,-0.13900062,0.9900259,0.022966921
1356271873507,-0.82843894,-0.101370394,-0.55082947,-0.5392657,-0.12125075,0.83336115,-0.15126662,0.98743224,0.04578322
1356271873547,-0.80974674,-0.10631567,-0.5770677,-0.56155473,-0.1448422,0.8146637,-0.17019533,0.98372644,0.05758351
1356271873587,-0.781416,-0.11837578,-0.61267954,-0.5928423,-0.16559333,0.78810966,-0.19474871,0.97906387,0.059219122
1356271873627,-0.7465495,-0.13340957,-0.65181726,-0.62792355,-0.1825875,0.75655395,-0.2199452,0.97409636,0.052539587
1356271873668,-0.7127832,-0.14542702,-0.6861422,-0.6599152,-0.19233948,0.72630394,-0.23759642,0.97049296,0.041126788
1356271873708,-0.68869203,-0.15045479,-0.7092719,-0.6836864,-0.19094425,0.70435303,-0.24140468,0.9700019,0.028637886
1356271873747,-0.678503,-0.14883277,-0.71936256,-0.6966125,-0.1804592,0.69438136,-0.2331623,0.9722568,0.018763304
1356271873788,-0.68445337,-0.14116263,-0.7152599,-0.6963964,-0.16376454,0.6987226,-0.21576771,0.97634745,0.013783991
1356271873825,-0.70506084,-0.13041818,-0.6970511,-0.6816105,-0.14661855,0.7168752,-0.19569421,0.98055804,0.01448065
1356271873867,-0.73883706,-0.11552337,-0.6639083,-0.65117276,-0.13122654,0.7474983,-0.17347588,0.9845984,0.02172929
1356271873905,-0.7811706,-0.099279314,-0.6163735,-0.60588884,-0.117551506,0.78681666,-0.15057023,0.98809177,0.031675518
1356271873947,-0.8235499,-0.081750885,-0.5613219,-0.5531515,-0.10346323,0.826631,-0.125654,0.991268,0.03998649
1356271874000,-0.8598804,-0.06737529,-0.50602984,-0.5005249,-0.08368313,0.86166805,-0.10040131,0.9942121,0.038234532
1356271874046,-0.8839614,-0.062856436,-0.46331543,-0.4607758,-0.051077366,0.8860455,-0.07935862,0.99671465,0.016187727
1356271874065,-0.89261204,-0.07550593,-0.44445753,-0.44563186,-0.0014401674,0.8952151,-0.06823416,0.9971443,-0.032362282
1356271874105,-0.8850725,-0.10791832,-0.45276952,-0.46028948,0.058439553,0.88584334,-0.06913906,0.99244064,-0.10139692
1356271874143,-0.86467016,-0.15078634,-0.47917527,-0.49639386,0.110141456,0.86108184,-0.07706235,0.9824115,-0.17008537
1356271874191,-0.83964276,-0.18741408,-0.50978035,-0.53637886,0.13849533,0.83253634,-0.08542682,0.9724685,-0.21681154
1356271874225,-0.8175262,-0.20643108,-0.53762186,-0.5685384,0.14060026,0.8105527,-0.091733485,0.96830666,-0.23230845
1356271874265,-0.80239034,-0.20585738,-0.56017184,-0.58882767,0.120171785,0.79927516,-0.097219825,0.9711753,-0.21763921
1356271874305,-0.79236215,-0.19010499,-0.57967424,-0.60134304,0.08341777,0.79462445,-0.10270697,0.9782134,-0.18041533
1356271874345,-0.7836417,-0.16573708,-0.598696,-0.6117823,0.038605094,0.7900835,-0.1078334,0.985414,-0.13164759
1356271874385,-0.7740432,-0.13796663,-0.61791766,-0.62301093,-0.007839799,0.7821738,-0.11275825,0.99040586,-0.07988632
1356271874425,-0.7612627,-0.111291826,-0.63882184,-0.6375447,-0.051406264,0.7686964,-0.11838904,0.9924574,-0.03181988
1356271874466,-0.7429537,-0.08940992,-0.6633443,-0.6573485,-0.0893088,0.74827594,-0.12614578,0.99198276,0.00757885
1356271874505,-0.71609217,-0.075378895,-0.6939238,-0.68419576,-0.120976746,0.71919465,-0.1381607,0.98978925,0.03505647
1356271874545,-0.6776688,-0.07112861,-0.73191917,-0.7184385,-0.14829522,0.6795988,-0.1568791,0.9863819,0.049393594
1356271874585,-0.626691,-0.07588068,-0.7755648,-0.7575946,-0.17376429,0.62917125,-0.18250737,0.98185956,0.05140966
1356271874627,-0.5662647,-0.08631176,-0.8196918,-0.7966119,-0.1979438,0.5711635,-0.21155104,0.9764059,0.043331563
1356271874665,-0.5071108,-0.09482843,-0.8566483,-0.8292777,-0.21710455,0.514941,-0.23481324,0.9715314,0.031456888
