1356272868694,-0.34314495,-0.26850307,0.90008754,-0.6797868,-0.59029543,-0.43524832,0.64818317,-0.7612209,0.020032138
1356272868737,0.05504231,0.020628005,-0.998271,0.75948954,0.6481673,0.055270046,0.6481867,-0.76121855,0.020009875
1356272868777,0.054945126,0.020645916,-0.99827594,0.75946647,0.6481997,0.055206895,0.648222,-0.7611905,0.019935489
1356272868816,0.054820105,0.020564765,-0.9982844,0.75937355,0.6483214,0.055056006,0.64834136,-0.76108897,0.0199247
1356272868857,0.054872423,0.020172834,-0.9982896,0.7591289,0.6486267,0.05483365,0.64862335,-0.76083934,0.020277917
1356272868898,0.05533558,0.019214928,-0.9982829,0.75867826,0.6491776,0.054549456,0.64911103,-0.7603941,0.021344662
1356272868936,0.05620092,0.017646134,-0.99826354,0.758095,0.6498906,0.054167777,0.649718,-0.75982285,0.023146987
1356272868977,0.05782625,0.015596509,-0.9982049,0.7574194,0.6506882,0.054044247,0.650363,-0.7591849,0.025813699
1356272869016,0.06018065,0.013291329,-0.998099,0.75677717,0.6514133,0.05430472,0.6508967,-0.7586067,0.02914393
1356272869056,0.06303139,0.011140972,-0.99794936,0.75629115,0.6519153,0.055045933,0.6511917,-0.75820994,0.032665312
1356272869096,0.065873995,0.0096107125,-0.9977817,0.7560437,0.6521043,0.056195438,0.65119785,-0.7580683,0.035690606
1356272869137,0.06808141,0.009077817,-0.99763846,0.75608027,0.6519456,0.05752915,0.65092826,-0.75821143,0.03752178
1356272869177,0.069082886,0.009718716,-0.9975636,0.7564407,0.6514201,0.0587312,0.65040386,-0.758655,0.037650287
1356272869216,0.06880529,0.011408865,-0.9975649,0.7570665,0.65060836,0.05965817,0.6497047,-0.7593277,0.036128044
1356272869257,0.06711772,0.013835877,-0.9976492,0.75793576,0.64956415,0.059999317,0.64886725,-0.76018095,0.03311056
1356272869304,0.06455073,0.016595483,-0.9977764,0.75896686,0.64836955,0.059884995,0.64792156,-0.7611449,0.029257298
1356272869336,0.062329113,0.019084692,-0.9978732,0.7599877,0.64717615,0.059847802,0.6469419,-0.76210165,0.025833786
1356272869376,0.061370656,0.020859241,-0.9978971,0.76090336,0.6460573,0.06030017,0.64595646,-0.7630039,0.023777127
1356272869416,0.06200154,0.021798313,-0.99783796,0.7616409,0.6450822,0.06141737,0.64502627,-0.7638022,0.023393631
1356272869456,0.06387748,0.022036254,-0.9977144,0.7621901,0.64427763,0.063028306,0.6441939,-0.76447415,0.024359047
1356272869496,0.06661676,0.021715969,-0.9975424,0.7625456,0.6436673,0.06493583,0.64349556,-0.76499736,0.026319563
1356272869536,0.07014716,0.020832121,-0.9973191,0.76265526,0.64331746,0.0670796,0.64299023,-0.76531607,0.029239178
1356272869576,0.07433292,0.019355029,-0.9970455,0.76246524,0.64330375,0.06933224,0.64274514,-0.76536626,0.033061087
1356272869631,0.07938947,0.017180085,-0.9966956,0.7618195,0.6438004,0.07177812,0.6429061,-0.7650006,0.038022876
1356272869668,0.08354525,0.015035182,-0.9963905,0.76105666,0.6445036,0.07353833,0.64328295,-0.7644534,0.042402565
1356272869708,0.08724314,0.013660878,-0.99609345,0.7601787,0.64532053,0.07543075,0.64383,-0.7637898,0.045915067
1356272869748,0.09130368,0.013720006,-0.9957286,0.7591833,0.64612377,0.07851645,0.6444411,-0.7631093,0.048577487
1356272869788,0.096661046,0.015813231,-0.9951917,0.75805295,0.6467732,0.08390519,0.6449902,-0.7625184,0.050530493
1356272869818,0.10407767,0.02029398,-0.9943621,0.7567221,0.647172,0.09241259,0.64539874,-0.7620739,0.05199921
1356272869857,0.112169415,0.025865376,-0.9933524,0.75539684,0.647256,0.102153,0.64559555,-0.7618337,0.05306369
1356272869887,0.12311645,0.03417757,-0.9918036,0.7536372,0.64700097,0.11584765,0.64565736,-0.7617228,0.05389893
1356272869926,0.13440138,0.042893857,-0.98999816,0.7518195,0.6464119,0.13007367,0.645526,-0.761782,0.05463022
1356272869966,0.14765361,0.053246677,-0.98760474,0.7495693,0.6454276,0.14686391,0.64524746,-0.76196325,0.055387616
1356272870006,0.1616983,0.064003855,-0.9847625,0.7470095,0.644134,0.16452411,0.6448491,-0.76223016,0.056343913
1356272870046,0.17564338,0.07398957,-0.9816695,0.7443047,0.6426721,0.18161231,0.644329,-0.76256025,0.057810307
1356272870086,0.18919307,0.08224979,-0.97848904,0.7416103,0.64116454,0.19728696,0.6435993,-0.76298296,0.06030661
1356272870126,0.20265886,0.08815801,-0.975273,0.7390785,0.6395905,0.21139288,0.64241123,-0.763644,0.06446302
1356272870166,0.21680936,0.091397405,-0.971926,0.73684645,0.6377522,0.22434226,0.64035225,-0.7647997,0.07092476
1356272870206,0.23245943,0.09193027,-0.9682517,0.73496187,0.6354256,0.23678103,0.6370193,-0.7666701,0.08014542
1356272870246,0.25019908,0.089898765,-0.9640118,0.73326135,0.63259465,0.24930277,0.6322408,-0.7692479,0.09235531
1356272870286,0.27016056,0.085558236,-0.9590063,0.7312894,0.629662,0.26218635,0.6262821,-0.77214354,0.10754198
1356272870345,0.29185855,0.079215705,-0.9531755,0.7285254,0.627306,0.2752052,0.6197333,-0.7747335,0.12537396
1356272870366,0.31434274,0.07109219,-0.9466438,0.724822,0.6259905,0.28769588,0.61304295,-0.7765833,0.14524639
1356272870417,0.34030238,0.05993253,-0.9384042,0.7194297,0.62601537,0.300875,0.6054877,-0.77750427,0.16991729
1356272870454,0.36193532,0.046216637,-0.93105686,0.71493936,0.62717366,0.30905488,0.59821784,-0.77750707,0.19395417
1356272870497,0.38187122,0.030818611,-0.9237016,0.71052945,0.62935376,0.31474084,0.59103495,-0.7765077,0.21843457
1356272870536,0.40051177,0.012949437,-0.91620004,0.7062144,0.6327343,0.3176607,0.58382475,-0.77426064,0.2442725
1356272870576,0.4188913,-0.0077008605,-0.9080037,0.70163804,0.6374959,0.31828153,0.57639754,-0.7704153,0.27244475
1356272870632,0.4376954,-0.03125155,-0.89858,0.69671106,0.6435171,0.31698495,0.56834537,-0.76479346,0.30343777
1356272870658,0.45711744,-0.05755171,-0.88754237,0.69190764,0.6500286,0.3142079,0.5588447,-0.75772727,0.33695987
1356272870698,0.47775292,-0.08630669,-0.87424445,0.6877068,0.6559752,0.31105587,0.54663646,-0.7498317,0.37274778
1356272870738,0.49893546,-0.116879076,-0.8587215,0.684605,0.6607194,0.30784065,0.53139377,-0.74147767,0.40967238
1356272870778,0.5178086,-0.14754382,-0.8426773,0.6827762,0.6647638,0.30315948,0.5154521,-0.73233867,0.44495982
1356272870818,0.5295423,-0.17556334,-0.8299172,0.68274593,0.6688298,0.29415095,0.5034312,-0.7223879,0.47403884
1356272870848,0.5320549,-0.19905229,-0.8229798,0.6854836,0.67181444,0.28067356,0.49702105,-0.7134729,0.4938892
1356272870877,0.525432,-0.2158905,-0.82299006,0.6903248,0.673602,0.26403043,0.4973661,-0.7068604,0.5029666
1356272870916,0.50176764,-0.22308144,-0.8357415,0.69960606,0.6728635,0.24042884,0.5087048,-0.7053293,0.49369028
1356272870956,0.4624496,-0.22067577,-0.85874474,0.71247524,0.66897863,0.21177018,0.5277494,-0.7097674,0.46659493
1356272870996,0.4107849,-0.2078928,-0.88771415,0.7264714,0.6629551,0.18091395,0.5509039,-0.71921563,0.4233601
1356272871036,0.35195196,-0.18449333,-0.9176557,0.7388979,0.6565915,0.15138552,0.57459533,-0.7313343,0.36741036
1356272871076,0.29186767,-0.1513015,-0.9444157,0.7481123,0.6513342,0.12685302,0.59593725,-0.7435534,0.30329394
1356272871116,0.23601857,-0.11038998,-0.96545804,0.75375617,0.64785004,0.11019048,0.6133082,-0.75372696,0.23611176
1356272871156,0.18899684,-0.0650464,-0.97982097,0.75641894,0.64592284,0.10302475,0.6261873,-0.76062644,0.17127967
1356272871197,0.15518716,-0.019291341,-0.9876967,0.7574074,0.64421153,0.10642156,0.6342326,-0.7646041,0.114584744
1356272871236,0.13816683,0.023135155,-0.99013877,0.7587062,0.6401291,0.120829076,0.63661206,-0.76791894,0.0708918
1356272871276,0.13960741,0.05974561,-0.98840284,0.762005,0.6309516,0.14576861,0.6323433,-0.7735183,0.042559087
1356272871316,0.15856594,0.0894621,-0.98328704,0.7671969,0.6157134,0.17973828,0.6215028,-0.7828751,0.02899611
1356272871356,0.1909641,0.11255574,-0.97512245,0.7718477,0.5965284,0.2200112,0.60645175,-0.79466033,0.027039647
1356272871396,0.22956511,0.13025656,-0.96453774,0.7727648,0.5780959,0.26199147,0.5917214,-0.8055049,0.032052934
1356272871436,0.2661655,0.14411521,-0.9530932,0.76811856,0.56565845,0.30004054,0.58236563,-0.8119491,0.039861202
1356272871475,0.29461128,0.15518841,-0.94293207,0.7582059,0.5626346,0.329494,0.58165985,-0.8120092,0.048093736
1356272871516,0.31159666,0.16402495,-0.9359505,0.74489975,0.56936646,0.34777325,0.58994234,-0.80555433,0.055230558
1356272871556,0.31641135,0.17081216,-0.9331169,0.73064005,0.58348125,0.35456276,0.6050198,-0.7939602,0.05981791
1356272871629,0.30896562,0.17607716,-0.93463206,0.71613765,0.6035989,0.3504501,0.6258491,-0.77760226,0.060395837
1356272871637,0.2942175,0.17724866,-0.9391587,0.70490634,0.6233319,0.3384737,0.6454015,-0.76160383,0.058451474
1356272871677,0.27562466,0.17738736,-0.94475645,0.6943886,0.6428899,0.3232909,0.66472214,-0.74513507,0.054020584
1356272871716,0.25695768,0.17395452,-0.950638,0.6837605,0.6624297,0.30603677,0.68296725,-0.7286473,0.051273167
1356272871756,0.24779218,0.16343135,-0.95492893,0.6720857,0.68092424,0.29093468,0.6977821,-0.7138854,0.05888784
1356272871796,0.2589844,0.14002624,-0.9556776,0.6610528,0.69570446,0.28107727,0.7042273,-0.70454806,0.087611854
1356272871836,0.2941335,0.09992319,-0.9505266,0.65411055,0.70407975,0.27642545,0.69686794,-0.7030555,0.14173263
1356272871876,0.3408147,0.04766205,-0.9389216,0.6534251,0.7060406,0.27302417,0.67592967,-0.7065656,0.20948541
1356272871916,0.3780601,-0.0037274957,-0.9257736,0.65856427,0.7039043,0.26610512,0.6506641,-0.7102851,0.26857293
1356272871956,0.39225182,-0.041574597,-0.91891783,0.667779,0.6999054,0.25338417,0.6326212,-0.7130245,0.30230182
1356272871996,0.38238853,-0.060230225,-0.9220365,0.67856,0.69560945,0.23597424,0.6271645,-0.7158909,0.3068629
1356272872037,0.35474443,-0.060095727,-0.93303,0.68800247,0.69251186,0.21697912,0.6330948,-0.718899,0.28701073
1356272872076,0.31866163,-0.045047432,-0.9467975,0.6938206,0.6916419,0.20061025,0.64580786,-0.7208344,0.25165457
1356272872116,0.2817322,-0.01918763,-0.95930123,0.6954664,0.69287694,0.19038922,0.6610246,-0.7208005,0.2085501
1356272872156,0.25019997,0.013569415,-0.968099,0.69378114,0.69493157,0.18904448,0.6753278,-0.7189478,0.16445768
1356272872197,0.2291551,0.04948002,-0.9721315,0.6905926,0.69555855,0.19819239,0.6859809,-0.7167636,0.12522024
1356272872236,0.22232944,0.08539891,-0.97122425,0.68841195,0.69165593,0.2184057,0.6904046,-0.71716046,0.09498584
1356272872276,0.23217103,0.11925605,-0.9653365,0.6895436,0.67979336,0.24982117,0.686022,-0.7236429,0.075596094
1356272872316,0.25983107,0.14985946,-0.9539549,0.6941879,0.6577266,0.29240176,0.67126065,-0.738199,0.06686717
1356272872356,0.30350083,0.17751628,-0.9361491,0.69813895,0.62720793,0.34527123,0.64845145,-0.7583523,0.06642711
1356272872396,0.35742757,0.20259173,-0.9117029,0.69587225,0.5933106,0.4046535,0.6229024,-0.77906305,0.0710876
1356272872437,0.41287395,0.2273021,-0.88196874,0.6827111,0.56372964,0.46488106,0.60286045,-0.79406714,0.07756764
1356272872478,0.4604502,0.2527997,-0.8509277,0.6589347,0.544976,0.51846516,0.594803,-0.7994331,0.08435583
1356272872516,0.49421817,0.28008065,-0.82298434,0.62901044,0.53825724,0.56091446,0.6000786,-0.79487985,0.089842886
1356272872556,0.5120909,0.30805057,-0.80179036,0.5991613,0.54073966,0.590429,0.6154418,-0.7827551,0.09233585
1356272872628,0.5111801,0.33635312,-0.79092443,0.57310003,0.5524023,0.6053165,0.64050853,-0.7627046,0.08961311
1356272872643,0.4993247,0.35721323,-0.7893501,0.5561553,0.5664356,0.60814625,0.6643539,-0.7426637,0.08416924
1356272872687,0.47974882,0.36916244,-0.79596496,0.54685783,0.58361614,0.6002822,0.6861396,-0.72326434,0.07810974
1356272872726,0.45814776,0.36817706,-0.80904037,0.54196,0.6057275,0.5825578,0.70454246,-0.70536506,0.07797545
1356272872766,0.44782996,0.35079247,-0.8224312,0.5355908,0.63129085,0.560905,0.71595454,-0.6916766,0.09482974
1356272872806,0.46303996,0.31630445,-0.82797676,0.5234125,0.65629303,0.5434324,0.7152855,-0.6850043,0.13833219
1356272872846,0.503783,0.26967782,-0.8206562,0.50560504,0.6782341,0.53325605,0.7004043,-0.68357325,0.20533231
1356272872886,0.5496701,0.22055341,-0.80574125,0.48936272,0.6966915,0.5245428,0.6770428,-0.6826252,0.27501988
1356272872926,0.576283,0.17756249,-0.7977277,0.48625755,0.71003413,0.50931835,0.65684974,-0.6814126,0.3228395
1356272872966,0.5704067,0.1438223,-0.80867255,0.5034807,0.7166655,0.48259485,0.6489556,-0.68242633,0.33637908
1356272873006,0.5314899,0.117630646,-0.83885723,0.53749245,0.7185718,0.4413122,0.65469104,-0.68543243,0.3186881
1356272873046,0.46648878,0.09739232,-0.87914896,0.5769319,0.7198942,0.38587815,0.6704757,-0.68721694,0.27963382
1356272873086,0.38804156,0.08294594,-0.91790175,0.6094292,0.724035,0.32306248,0.6913898,-0.68475777,0.23040599
1356272873126,0.3114924,0.07542369,-0.9472506,0.6285615,0.7312509,0.26492012,0.712659,-0.6779259,0.18037069
1356272873166,0.25024882,0.076201946,-0.96517813,0.636024,0.7386769,0.22322606,0.7299651,-0.6697385,0.13638675
1356272873206,0.2126565,0.08630523,-0.9733081,0.6381562,0.7420498,0.20522878,0.7399554,-0.6647657,0.102725506
1356272873246,0.20267612,0.10610747,-0.97348005,0.6414691,0.73673826,0.21385527,0.7398916,-0.6678008,0.0812546
1356272873286,0.22235876,0.13641846,-0.9653739,0.64810663,0.7190357,0.25088936,0.7283642,-0.68145263,0.07147014
1356272873345,0.27053225,0.1760093,-0.94648457,0.6544253,0.6874385,0.3148902,0.7060735,-0.70459145,0.07078934
1356272873366,0.3406567,0.22215462,-0.91356456,0.6516115,0.6446751,0.3997455,0.6777576,-0.7314652,0.074854374
1356272873407,0.41964883,0.26957875,-0.86673075,0.6325209,0.5980048,0.49224755,0.65100867,-0.7547964,0.08043784
1356272873444,0.48996082,0.31314027,-0.8135611,0.5982538,0.55801594,0.57507443,0.6340591,-0.76847994,0.0860686
1356272873487,0.5364647,0.34927395,-0.76825345,0.5604689,0.5331353,0.63375187,0.630936,-0.77056766,0.09025112
1356272873527,0.55528206,0.37696323,-0.7413235,0.53159535,0.5246277,0.66496027,0.6395844,-0.7633246,0.09092444
1356272873567,0.5500718,0.39514577,-0.73571795,0.51760864,0.53003365,0.6716738,0.65536433,-0.75028276,0.08702564
1356272873628,0.5254569,0.4020203,-0.74984986,0.51872224,0.547214,0.6568746,0.67440516,-0.73412305,0.07900053
1356272873648,0.48480245,0.39561728,-0.78003436,0.53098077,0.57556015,0.62192434,0.6950007,-0.71569365,0.06896782
1356272873686,0.43501955,0.374429,-0.8188778,0.54592234,0.61354315,0.5705555,0.71604943,-0.6952465,0.0624941
1356272873727,0.39298883,0.33982643,-0.85444593,0.5527533,0.65528363,0.51484674,0.7348629,-0.6746269,0.06967896
1356272873767,0.3802126,0.29674277,-0.8760035,0.54664373,0.69190705,0.4716411,0.7460691,-0.6581857,0.100859225
1356272873807,0.40523386,0.250667,-0.8791766,0.5314107,0.7179355,0.4496347,0.74390066,-0.6494111,0.15772468
1356272873847,0.4512397,0.20383485,-0.86881185,0.5160856,0.73464525,0.44039983,0.72803736,-0.6471072,0.22630489
1356272873886,0.4885261,0.15707621,-0.85829437,0.5114931,0.74537337,0.42754346,0.7069067,-0.64787775,0.28379098
1356272873926,0.49543288,0.11113615,-0.86150736,0.5257061,0.75116825,0.39922348,0.69150513,-0.6506882,0.31372848
1356272873967,0.4647882,0.06650266,-0.882921,0.55821085,0.75203186,0.35049784,0.68729377,-0.65576327,0.312413
1356272874007,0.40126783,0.024477303,-0.9156336,0.5986843,0.74954945,0.28240517,0.6932252,-0.66149557,0.28611588
1356272874046,0.31830245,-0.011927873,-0.9479142,0.63296854,0.7470493,0.20314571,0.7057155,-0.66466165,0.2453376
1356272874086,0.23161423,-0.03935802,-0.9720112,0.65230864,0.7475474,0.1251652,0.72169816,-0.66304135,0.19881618
1356272874126,0.15821478,-0.054683775,-0.9858893,0.6569233,0.7512572,0.06375298,0.7371702,-0.65774035,0.15478301
1356272874166,0.10806206,-0.056856662,-0.992517,0.6546918,0.7553768,0.02800873,0.7481319,-0.6528194,0.118851185
1356272874206,0.08505817,-0.045536876,-0.9953349,0.6547486,0.75554407,0.021386385,0.7510455,-0.65351325,0.09408039
1356272874246,0.09066808,-0.020641387,-0.99566716,0.6632634,0.74703723,0.044911534,0.7428734,-0.6644616,0.081423104
1356272874286,0.12666318,0.018884033,-0.99176604,0.6790681,0.72715306,0.100572616,0.72306496,-0.6862155,0.07927996
1356272874326,0.19219556,0.072108865,-0.97870386,0.6929956,0.69616485,0.18738088,0.69485104,-0.7142513,0.08382863
1356272874366,0.27996135,0.13508797,-0.9504593,0.6914454,0.65844125,0.29725152,0.6659767,-0.7404097,0.09093219
1356272874406,0.3717298,0.19903882,-0.9067527,0.6670329,0.62206507,0.41000277,0.64566565,-0.75724417,0.09847468
1356272874446,0.44331634,0.25343043,-0.8597927,0.6282748,0.5962928,0.49970543,0.6393287,-0.76171374,0.10512239
1356272874486,0.4801504,0.2919795,-0.82716596,0.5925213,0.58737403,0.55128056,0.6468184,-0.7548111,0.10902381
1356272874526,0.48407254,0.31338602,-0.8169841,0.57083094,0.5945387,0.5662824,0.66319364,-0.7404815,0.10890943
1356272874566,0.4620855,0.3175208,-0.8280444,0.5644901,0.6148208,0.5507689,0.6839795,-0.7219252,0.10486239
1356272874628,0.42074472,0.3040527,-0.854708,0.5691772,0.64516985,0.5096991,0.70640725,-0.7009336,0.09839195
1356272874648,0.3691546,0.2742731,-0.88797474,0.5765767,0.6817682,0.45027924,0.72889245,-0.67820823,0.0935384
1356272874688,0.3249863,0.23263137,-0.91666055,0.57809687,0.7182327,0.3872284,0.74845695,-0.65576255,0.098932326
1356272874728,0.31076396,0.18638258,-0.9320339,0.57146746,0.7469194,0.33990633,0.7595068,-0.63825774,0.12560403
1356272874768,0.3381596,0.14133136,-0.93041575,0.5605464,0.76389563,0.3197673,0.75593364,-0.6296736,0.17909586
1356272874808,0.3925944,0.09767683,-0.9145102,0.5504883,0.7716027,0.3187349,0.7367715,-0.62856066,0.24915695
1356272874848,0.44137844,0.05353594,-0.89572257,0.54804873,0.774321,0.3163378,0.7105122,-0.6305243,0.3124283
1356272874888,0.45784065,0.008321315,-0.88899535,0.5608275,0.77318555,0.29606855,0.689822,-0.6341253,0.34932894
1356272874928,0.43271077,-0.03684458,-0.9007796,0.5893496,0.76766527,0.2517083,0.6822231,-0.639791,0.3538914
1356272874968,0.37138957,-0.07889995,-0.9251187,0.6239046,0.75911075,0.18572524,0.68761384,-0.6461623,0.33115184
1356272875008,0.28677654,-0.11362177,-0.95123565,0.6514999,0.75110847,0.10669556,0.70235825,-0.6503278,0.28942484
1356272875048,0.19905677,-0.1365909,-0.97042227,0.663657,0.7473972,0.030932724,0.72106576,-0.65018487,0.23942393
1356272875088,0.12393689,-0.14620745,-0.9814596,0.662037,0.74894905,-0.027969658,0.73915267,-0.64629614,0.18961716
1356272875127,0.0703488,-0.14289415,-0.9872347,0.6543832,0.7535804,-0.06244424,0.7528837,-0.64163685,0.14652097
1356272875166,0.0411762,-0.12803671,-0.9909142,0.6493181,0.75720876,-0.07085791,0.7594013,-0.6405009,0.11431557
1356272875206,0.036137134,-0.10291025,-0.99403405,0.6533283,0.75511587,-0.054424465,0.75621176,-0.64746386,0.09452188
1356272875246,0.053825095,-0.06839436,-0.9962053,0.66836196,0.743686,-0.014946014,0.7418862,-0.6650213,0.08574116
1356272875286,0.092583865,-0.02547744,-0.9953788,0.68906486,0.72326493,0.04557991,0.71876127,-0.69010055,0.08451831
1356272875326,0.14897487,0.023832321,-0.98855376,0.70362777,0.69985807,0.12290895,0.69477665,-0.71388423,0.08749217
1356272875366,0.21321672,0.0751487,-0.9741106,0.7020041,0.6816551,0.20624408,0.6795064,-0.7278042,0.09258556
1356272875406,0.26943004,0.12218055,-0.9552379,0.68471086,0.6732013,0.27923286,0.6771843,-0.7292955,0.09772229
1356272875446,0.30505913,0.15965194,-0.9388557,0.6607355,0.67448723,0.32938665,0.6858334,-0.72081774,0.10027081
1356272875486,0.31712234,0.18523301,-0.9301194,0.6386201,0.68335325,0.35382575,0.7011403,-0.706199,0.09841305
1356272875526,0.3093311,0.19858004,-0.9299894,0.6218831,0.69761086,0.35580987,0.7194274,-0.6884077,0.09229916
1356272875566,0.28740636,0.20066343,-0.9365532,0.6094829,0.7159824,0.3404407,0.7388696,-0.66865796,0.08347696
1356272875628,0.25936186,0.19297735,-0.9463039,0.5982905,0.7370697,0.31428748,0.7581423,-0.6476789,0.07571125
1356272875648,0.23811066,0.17735675,-0.95490724,0.58542776,0.7582938,0.2868185,0.7749694,-0.62732375,0.076728284
1356272875688,0.24105251,0.15477264,-0.95809144,0.5710002,0.7756409,0.26896083,0.7847627,-0.6119041,0.09859496
1356272875727,0.27846825,0.12462078,-0.9523261,0.55789715,0.7861245,0.26600558,0.78179675,-0.60537416,0.14938515
1356272875768,0.3443493,0.08710706,-0.9347919,0.54775083,0.790018,0.2753915,0.7624911,-0.60686386,0.22432917
1356272875808,0.40919223,0.045578927,-0.9113091,0.54270196,0.7907309,0.28323007,0.73350966,-0.6104648,0.29882514
1356272875848,0.4471642,0.0069758594,-0.89442474,0.54629815,0.7896593,0.2792784,0.708239,-0.6135059,0.34929648
1356272875887,0.44980347,-0.02344641,-0.89281976,0.5598947,0.78624,0.26142797,0.6958411,-0.6174762,0.366781
1356272875926,0.42204612,-0.043365747,-0.9055366,0.579986,0.7806144,0.23293251,0.6967736,-0.6235067,0.3546068
1356272875966,0.3742724,-0.052256137,-0.9258453,0.60028756,0.77464586,0.19894369,0.70680624,-0.6302326,0.3212973
1356272876006,0.31832853,-0.050632894,-0.94662726,0.6151758,0.77079296,0.16564123,0.72126675,-0.6350705,0.27651352
1356272876046,0.26478112,-0.039913148,-0.9634822,0.6224818,0.77016217,0.13916382,0.73648304,-0.6365981,0.2287696
1356272876086,0.22160992,-0.022195816,-0.97488266,0.62400544,0.77147305,0.12428397,0.74933714,-0.6358747,0.18481642
1356272876126,0.1955997,6.0504675E-4,-0.9806837,0.624384,0.7710493,0.12501058,0.75623107,-0.63677526,0.15043926
1356272876166,0.1898152,0.026434839,-0.98146385,0.62913245,0.76416975,0.14225647,0.7537655,-0.6444732,0.12842
1356272876207,0.20484218,0.05407074,-0.9773004,0.6407976,0.74734354,0.17565921,0.7398771,-0.6622342,0.11843908
1356272876246,0.23829591,0.082520515,-0.96768045,0.65644217,0.7206302,0.22310495,0.71575046,-0.6883912,0.11755329
1356272876286,0.28374475,0.11064446,-0.952495,0.6686863,0.6891146,0.27924865,0.6872755,-0.71615565,0.12154621
1356272876326,0.33105567,0.13692284,-0.93362427,0.67066383,0.6618654,0.3348794,0.6637862,-0.7370118,0.12728512
1356272876367,0.36877662,0.15977606,-0.91568303,0.6610899,0.6474248,0.37921143,0.65342486,-0.7451931,0.13312882
1356272876404,0.38863802,0.17789818,-0.9040535,0.64501125,0.6481372,0.4048193,0.6579674,-0.7404528,0.13714445
1356272876447,0.3885852,0.1899941,-0.90161186,0.6285342,0.660849,0.41015056,0.67375547,-0.7260723,0.13737833
1356272876486,0.3716357,0.19473411,-0.9077255,0.61532253,0.680478,0.39790452,0.6951727,-0.70641947,0.13306564
1356272876526,0.3419791,0.19181836,-0.91992176,0.60522574,0.70391077,0.37176812,0.7188548,-0.68389726,0.12462938
1356272876566,0.30491108,0.1813636,-0.9349526,0.5958016,0.72954935,0.33582467,0.7430004,-0.6594429,0.11439097
1356272876627,0.26957506,0.16343832,-0.9490085,0.58402663,0.75581634,0.29606515,0.7656645,-0.63405806,0.10829693
1356272876648,0.25008506,0.13713244,-0.95846343,0.5692377,0.77994066,0.26011738,0.78321517,-0.61064494,0.116990566
1356272876688,0.2605403,0.099819854,-0.96028894,0.55536145,0.7981141,0.23363978,0.78974205,-0.59418,0.1525048
1356272876728,0.30088636,0.050020188,-0.95234734,0.54847455,0.80786246,0.21571745,0.78015584,-0.5872447,0.21564001
1356272876768,0.3519986,-0.007814318,-0.935968,0.5520798,0.80923367,0.20086987,0.75584716,-0.58743495,0.28916323
1356272876808,0.38742936,-0.064214796,-0.9196602,0.56617343,0.8038552,0.18238558,0.72756183,-0.5913487,0.34779382
1356272876848,0.39183363,-0.110877335,-0.91333055,0.58780944,0.7938541,0.15580682,0.70777583,-0.59791464,0.37623346
1356272876888,0.364633,-0.14419895,-0.9199181,0.6118806,0.7817962,0.11998637,0.7018866,-0.6066311,0.37330127
1356272876928,0.31452525,-0.16403581,-0.9349684,0.6326576,0.7705298,0.0776414,0.70768505,-0.6159351,0.3461296
1356272876968,0.25352067,-0.17158353,-0.9519907,0.6459277,0.76261574,0.034563065,0.7200726,-0.6236797,0.30416942
1356272877008,0.1926952,-0.16837582,-0.9667047,0.65045476,0.75954044,-0.0026365519,0.7346953,-0.62828964,0.25588065
1356272877046,0.14054585,-0.15625107,-0.9776669,0.64820004,0.7609392,-0.02843067,0.7483874,-0.62972784,0.20822877
1356272877086,0.10251856,-0.13722286,-0.9852206,0.64365757,0.7642948,-0.03947535,0.7584159,-0.63009787,0.16667897
1356272877126,0.08104886,-0.11296743,-0.9902876,0.64250714,0.7654919,-0.0347386,0.7619814,-0.6334513,0.13462466
1356272877166,0.0768349,-0.084656775,-0.9934433,0.64930284,0.7603902,-0.01457867,0.7566387,-0.6439254,0.11339241
1356272877206,0.09027016,-0.05300173,-0.994506,0.6642777,0.74720544,0.020473778,0.7420151,-0.6624763,0.10265821
1356272877246,0.12119672,-0.018460065,-0.99245685,0.6828214,0.7272378,0.069857806,0.7204625,-0.6861373,0.10074377
1356272877286,0.16731551,0.019553512,-0.9857094,0.6960741,0.705703,0.13215145,0.69820213,-0.7082379,0.10446435
1356272877326,0.22303501,0.06049624,-0.9729315,0.6963191,0.688591,0.20244047,0.68219876,-0.72262204,0.1114552
1356272877366,0.27971435,0.10346362,-0.954492,0.6806551,0.6797769,0.2731517,0.6771028,-0.7260844,0.11972034
1356272877406,0.32770935,0.14702693,-0.9332683,0.6528443,0.6788058,0.3361798,0.6829355,-0.71944815,0.12646532
1356272877446,0.3613857,0.18943024,-0.91297126,0.6201326,0.6823677,0.38705283,0.6963016,-0.70603865,0.12912607
1356272877487,0.37955827,0.22896826,-0.89638674,0.58814424,0.6881922,0.42482686,0.7141582,-0.6884512,0.12654269
1356272877526,0.38475233,0.26420593,-0.8843986,0.55952865,0.6952781,0.45112756,0.73409355,-0.66841877,0.11967909
1356272877566,0.38147628,0.29336575,-0.8765913,0.5341758,0.70397216,0.46805924,0.75440836,-0.6468074,0.11183983
1356272877626,0.37912583,0.31492302,-0.8701075,0.5095595,0.71384335,0.48039222,0.772407,-0.6255007,0.110164404
1356272877648,0.3928254,0.32844257,-0.8589608,0.48160505,0.7222389,0.4964146,0.7834186,-0.6086841,0.12553418
1356272877687,0.43542057,0.3351356,-0.83551955,0.44556955,0.7262321,0.52350223,0.7822254,-0.6002257,0.16689014
1356272877728,0.5029237,0.33675537,-0.79602987,0.3994073,0.7262024,0.55955684,0.7665126,-0.5993545,0.23072186
1356272877768,0.5697662,0.33533725,-0.7502769,0.3521413,0.725277,0.5915825,0.7425382,-0.60126716,0.29515228
1356272877808,0.6139639,0.33388498,-0.71524066,0.31899574,0.72388405,0.61174643,0.72200423,-0.6037489,0.33793077
1356272877846,0.6291717,0.33467415,-0.7015242,0.30859432,0.72081304,0.6206433,0.713381,-0.60697764,0.35023665
1356272877886,0.6191571,0.33858043,-0.70852506,0.31905174,0.71597874,0.6209512,0.71753085,-0.6105225,0.33527863
1356272877926,0.59139353,0.3457899,-0.7284799,0.34251797,0.71012855,0.6151414,0.73002404,-0.6133081,0.30152613
1356272877966,0.5540488,0.35667923,-0.7522034,0.37035814,0.7036146,0.6064333,0.74556345,-0.61457825,0.25773773
1356272878006,0.51535904,0.371822,-0.77210975,0.39569646,0.6959318,0.5992522,0.7601509,-0.61435115,0.2115261
1356272878046,0.48343268,0.391816,-0.78279823,0.41404322,0.6855395,0.59883547,0.77127236,-0.61360896,0.16918343
1356272878086,0.46595383,0.41689852,-0.78043747,0.42358133,0.66929805,0.61042523,0.7768307,-0.6150087,0.13527155
1356272878126,0.47033247,0.44751155,-0.7606055,0.42309046,0.6420284,0.63936996,0.77445585,-0.6225214,0.11262894
1356272878166,0.50001025,0.48171264,-0.71968234,0.41111887,0.59938115,0.68682134,0.76221454,-0.6392927,0.10165554
1356272878206,0.5507764,0.5153011,-0.65658975,0.3844884,0.54158247,0.7475675,0.7408198,-0.6641937,0.10016352
1356272878246,0.61005175,0.5425102,-0.57751155,0.34290102,0.47630665,0.8096609,0.71432185,-0.69196427,0.1045444
1356272878286,0.66004837,0.56110156,-0.49950093,0.29457933,0.4183406,0.8591938,0.69105655,-0.7142521,0.11083609
1356272878326,0.689369,0.5737856,-0.44219956,0.25366145,0.38058066,0.88927734,0.67854714,-0.72520924,0.11681324
1356272878366,0.6971415,0.58465904,-0.4149307,0.22978598,0.3660076,0.9017965,0.67911124,-0.7240251,0.120812654
1356272878406,0.68751645,0.5946884,-0.41673344,0.22518721,0.3709903,0.90092003,0.69037074,-0.7132404,0.121145725
1356272878446,0.66528267,0.6014339,-0.44235307,0.23780338,0.39093262,0.88916886,0.7077065,-0.6967417,0.11705768
1356272878486,0.63241225,0.60179234,-0.48775065,0.26460606,0.4239559,0.8661669,0.72803736,-0.6768363,0.108877
1356272878526,0.58921444,0.59216493,-0.5496971,0.30146754,0.47008404,0.829541,0.74962896,-0.6544934,0.09846184
1356272878566,0.53887063,0.5689929,-0.6211807,0.3402177,0.5275864,0.7783987,0.7706298,-0.6307929,0.09071937
1356272878626,0.49389744,0.53136635,-0.68826973,0.3684239,0.5891007,0.719183,0.7876098,-0.6087777,0.09518731
1356272878648,0.47438577,0.48295265,-0.7360128,0.37740117,0.6437734,0.6656757,0.7953154,-0.5935592,0.12313002
1356272878688,0.4928767,0.43056068,-0.7561019,0.36731705,0.6847922,0.6293948,0.7887654,-0.58794314,0.17936587
1356272878729,0.5346916,0.37734514,-0.75611866,0.3505571,0.71509635,0.6047702,0.7689048,-0.58842826,0.250075
1356272878768,0.57248116,0.32517773,-0.75267845,0.34317863,0.7386838,0.5801506,0.7446434,-0.5904285,0.31128854
1356272878808,0.5857699,0.274958,-0.76241183,0.35708982,0.7569121,0.5473308,0.7275717,-0.5928593,0.34519157
1356272878848,0.5678346,0.22710109,-0.7911947,0.39284497,0.76989317,0.5029288,0.723351,-0.5963972,0.34795642
1356272878888,0.5212232,0.18222043,-0.8337398,0.44139186,0.77856594,0.4461035,0.7304105,-0.60052544,0.325376
1356272878928,0.4546377,0.14248279,-0.87920594,0.48986396,0.7844147,0.38042986,0.7438668,-0.6036491,0.28682733
1356272878966,0.38122168,0.111539364,-0.91773033,0.5281689,0.78846,0.31522742,0.7587539,-0.6048882,0.24166644
1356272879006,0.31404895,0.0926979,-0.9448706,0.5534298,0.79077196,0.26152468,0.77142,-0.6050511,0.1970393
1356272879046,0.26418906,0.08849083,-0.9604028,0.56818885,0.7903574,0.22912124,0.77933663,-0.60622156,0.15852427
1356272879086,0.23897624,0.10028586,-0.96583277,0.57714784,0.785222,0.2243362,0.7808909,-0.6110394,0.12976962
1356272879126,0.24240062,0.12803118,-0.9616912,0.5841092,0.7722045,0.25003314,0.7746343,-0.62234086,0.112398684
1356272879166,0.2767448,0.17146952,-0.9455213,0.5881404,0.74790716,0.30777532,0.7599363,-0.6412745,0.106131256
1356272879206,0.33914968,0.2279989,-0.91268504,0.5826745,0.7107696,0.3940774,0.73855793,-0.6654495,0.10820812
1356272879246,0.41798103,0.2909131,-0.8606169,0.5602273,0.66321665,0.49627516,0.71514845,-0.68957466,0.11423451
1356272879293,0.49427482,0.35086596,-0.7953524,0.52053744,0.61330867,0.5940482,0.69622785,-0.7076338,0.12050417
1356272879333,0.546673,0.40027094,-0.7354806,0.47506773,0.57503784,0.66606456,0.68953544,-0.7135226,0.124201834
1356272879364,0.57905304,0.4406481,-0.68594956,0.4339662,0.54567623,0.71687573,0.6901963,-0.7127879,0.124749064
1356272879407,0.58188474,0.46863684,-0.66467255,0.4108772,0.53590906,0.7375509,0.7018476,-0.7022684,0.11928511
1356272879446,0.56388295,0.48463207,-0.66870606,0.4059428,0.5424905,0.7354689,0.71919847,-0.6861748,0.1091682
1356272879486,0.5314143,0.48830318,-0.69221294,0.41517997,0.5621382,0.71528053,0.73839307,-0.66750324,0.09599462
1356272879526,0.48763207,0.4780946,-0.730507,0.43360302,0.5936158,0.6779445,0.7577621,-0.6473375,0.08216286
1356272879566,0.43890798,0.45351627,-0.77568215,0.4525046,0.6342513,0.6268691,0.7762727,-0.6261376,0.073159754
1356272879627,0.40265015,0.41911638,-0.8137656,0.46050888,0.67556524,0.5757979,0.79107815,-0.60659134,0.07900965
1356272879648,0.40374723,0.3855747,-0.82965076,0.45021605,0.70570624,0.5470687,0.7964256,-0.5943996,0.11133504
1356272879688,0.45314097,0.36154073,-0.8148322,0.42063248,0.71918887,0.5530241,0.785959,-0.59334284,0.17381817
1356272879728,0.52882355,0.3456064,-0.77517855,0.37748748,0.7222522,0.57952994,0.76016366,-0.5990893,0.25148192
1356272879768,0.5951338,0.3319833,-0.73184896,0.3362547,0.72425985,0.6019804,0.7298963,-0.6043466,0.31940055
1356272879808,0.6305957,0.31626835,-0.70874774,0.31667092,0.7288796,0.6070042,0.708568,-0.60721403,0.35947528
1356272879848,0.6322813,0.29732987,-0.7154127,0.3269743,0.7347412,0.5943425,0.702359,-0.60971326,0.36734387
1356272879888,0.6044552,0.27402574,-0.74802667,0.36356205,0.74060553,0.5650894,0.70884174,-0.61352533,0.34803745
1356272879928,0.5527149,0.24729344,-0.7958343,0.41435823,0.74700415,0.5198962,0.72305846,-0.61711484,0.31041223
1356272879968,0.4851331,0.21997026,-0.8463208,0.46502027,0.7547432,0.46272972,0.74054164,-0.6180419,0.2638603
1356272880023,0.3943896,0.18868163,-0.8993643,0.5135256,0.7663667,0.38597098,0.76206845,-0.6140696,0.20535421
1356272880058,0.33110082,0.18211924,-0.92585355,0.5356132,0.77153,0.3433074,0.7768467,-0.6095687,0.15790874
1356272880098,0.29609355,0.18842557,-0.936389,0.5470928,0.77014685,0.32796842,0.78295463,-0.60940105,0.12494922
1356272880138,0.29919302,0.21669433,-0.92926157,0.5509559,0.75589305,0.353657,0.77905786,-0.61779386,0.106768906
1356272880178,0.34157735,0.26690954,-0.90115714,0.5464347,0.72371715,0.42147672,0.7646791,-0.63639045,0.101356745
1356272880218,0.4161215,0.33294076,-0.8461639,0.52488446,0.67192453,0.52250725,0.7425222,-0.66156477,0.104846835
1356272880258,0.5010545,0.39967948,-0.76759416,0.48114616,0.6085931,0.63096184,0.719335,-0.68547124,0.11263403
1356272880296,0.56841314,0.45091507,-0.68817306,0.42768988,0.5525991,0.71534306,0.7028427,-0.70093507,0.121252775
1356272880336,0.6037956,0.48099858,-0.635666,0.3863958,0.52088463,0.7611685,0.6972296,-0.7052089,0.12865204
1356272880376,0.60873294,0.49225453,-0.62219745,0.3698888,0.5177046,0.7714688,0.7018735,-0.6997624,0.13306439
1356272880416,0.58905876,0.48631662,-0.6453727,0.37904972,0.53904235,0.7521666,0.71367437,-0.6876987,0.13318947
1356272880456,0.54846466,0.46158266,-0.6972287,0.40885407,0.57931995,0.7051431,0.72940034,-0.67181087,0.12901655
1356272880496,0.48787054,0.4152451,-0.7678241,0.4512014,0.6330309,0.62903833,0.74726146,-0.6533326,0.12147796
1356272880536,0.41168532,0.34647033,-0.8428959,0.49431005,0.69213724,0.5259312,0.7656192,-0.63317007,0.11367899
1356272880576,0.3368085,0.26453346,-0.90364933,0.5241291,0.74461174,0.41333053,0.7822076,-0.6128421,0.11214191
1356272880626,0.2894272,0.18470109,-0.9392111,0.53659904,0.7812214,0.31898987,0.79264957,-0.5963041,0.12699628
1356272880658,0.28906232,0.11808029,-0.95,0.5390804,0.799987,0.26346374,0.7910976,-0.5882838,0.16759133
1356272880698,0.32992756,0.06293248,-0.9419062,0.54005736,0.8057827,0.2430069,0.7742647,-0.58885807,0.23186278
1356272880738,0.38005385,0.010281295,-0.9249072,0.54471993,0.80566156,0.23278676,0.7475555,-0.5922869,0.30059433
1356272880778,0.40637356,-0.045021623,-0.9125972,0.55856454,0.8026653,0.20912686,0.7230948,-0.5947281,0.35132945
1356272880818,0.39379048,-0.10159004,-0.91356915,0.5833875,0.7956722,0.16298722,0.71034366,-0.5971476,0.37259448
1356272880858,0.3455746,-0.15349285,-0.92575276,0.6124774,0.7843159,0.09858978,0.7109498,-0.6010728,0.36505055
1356272880896,0.2759304,-0.19378772,-0.9414397,0.6354537,0.7716523,0.027409405,0.7211525,-0.60580444,0.33606547
1356272880936,0.20191966,-0.21785313,-0.9548657,0.64619815,0.7622595,-0.03726229,0.7359731,-0.6095084,0.29469144
1356272880976,0.13751732,-0.22455719,-0.96470875,0.6456195,0.7589552,-0.08463174,0.75117534,-0.61119646,0.24934798
1356272881016,0.08976029,-0.2155974,-0.97234803,0.63912404,0.76122755,-0.10978657,0.76384777,-0.6115966,0.2061215
1356272881056,0.063091084,-0.19253932,-0.97925895,0.6332516,0.76611304,-0.109832436,0.7713701,-0.6131879,0.17026073
1356272881096,0.05807334,-0.15787216,-0.9857503,0.6337642,0.768755,-0.08578259,0.77134323,-0.61975163,0.1446979
1356272881136,0.07553165,-0.11317369,-0.9907001,0.6434573,0.76452434,-0.03827861,0.7617465,-0.63458204,0.1305682
1356272881176,0.11672026,-0.059454918,-0.9913837,0.65909797,0.75135285,0.03253886,0.74294436,-0.6572169,0.1268847
1356272881217,0.17913088,0.0013022125,-0.98382443,0.671335,0.7308425,0.12320143,0.7191811,-0.68254495,0.13004225
1356272881256,0.25313988,0.06503531,-0.9652412,0.66997325,0.707973,0.22340553,0.697894,-0.70323867,0.13564426
1356272881296,0.32305938,0.12552452,-0.93801713,0.651651,0.68925476,0.31666827,0.6862824,-0.7135625,0.14087206
1356272881336,0.37373522,0.17676228,-0.91053665,0.6226468,0.6797979,0.38753808,0.68748295,-0.71177936,0.14400393
1356272881376,0.39881983,0.21539263,-0.89137465,0.592899,0.68097025,0.42982584,0.69958097,-0.6999182,0.14387834
1356272881416,0.40088034,0.2404843,-0.88400364,0.56881446,0.6910727,0.445947,0.7181541,-0.6816054,0.14024651
1356272881456,0.38551837,0.25239015,-0.88751054,0.55205095,0.70762175,0.4410343,0.73933446,-0.6599778,0.13346899
1356272881496,0.35848233,0.2523114,-0.89879334,0.5405906,0.72882414,0.420211,0.7610862,-0.6365174,0.1248734
1356272881536,0.3282123,0.24199003,-0.9130814,0.53015447,0.75283927,0.3900888,0.7818011,-0.6121061,0.11879903
1356272881576,0.30848375,0.22337972,-0.9246293,0.51708734,0.77649415,0.36010766,0.79841,-0.58920145,0.12402898
1356272881625,0.31395325,0.19738422,-0.9286941,0.5015979,0.796018,0.3387549,0.80612206,-0.5721842,0.15090495
1356272881658,0.34911415,0.16350019,-0.92270637,0.48711413,0.8095076,0.32774577,0.80052435,-0.563884,0.20296729
1356272881698,0.39903468,0.12207706,-0.90877306,0.47858292,0.8176622,0.31997973,0.78213155,-0.5626063,0.2678516
1356272881738,0.43726924,0.077781945,-0.8959607,0.48099443,0.8215628,0.30607015,0.7598947,-0.5647872,0.32183146
1356272881778,0.44667166,0.03795123,-0.8938927,0.4955443,0.82136124,0.28249168,0.74492973,-0.5691445,0.3480723
1356272881818,0.42500317,0.008196712,-0.90515476,0.51787233,0.81793916,0.25056687,0.74241537,-0.57524633,0.34338188
1356272881856,0.38093504,-0.008569181,-0.9245621,0.5403577,0.8134783,0.2150968,0.750268,-0.5815321,0.3145128
1356272881896,0.32764366,-0.0114022195,-0.94473255,0.55662286,0.81029963,0.18326326,0.7634269,-0.58590484,0.27183628
1356272881936,0.27785236,-6.3052773E-4,-0.96062356,0.5646739,0.8090987,0.16279615,0.7771366,-0.5876724,0.22516602
1356272881976,0.2398445,0.022462875,-0.97055143,0.5668527,0.8083708,0.15879105,0.78813237,-0.58824486,0.18115014
1356272882016,0.21870795,0.056191802,-0.97417104,0.5667163,0.8053974,0.17368825,0.7943547,-0.59006566,0.14430201
1356272882056,0.21681276,0.09803191,-0.97127855,0.56729627,0.79705226,0.20708129,0.7944603,-0.59590054,0.11719799
1356272882096,0.23494154,0.14433855,-0.961233,0.5707192,0.78001636,0.25662047,0.78681767,-0.6088849,0.10088146
1356272882136,0.2728691,0.1913956,-0.9428203,0.5761702,0.75230575,0.31947446,0.7704351,-0.63039964,0.09500456
1356272882176,0.32674962,0.23604311,-0.91516024,0.57882196,0.71548814,0.39120567,0.7471277,-0.65754116,0.09715855
1356272882216,0.38790423,0.2765962,-0.8792183,0.5727429,0.67504764,0.46505508,0.7221467,-0.6839629,0.10343534
1356272882275,0.44564795,0.3132489,-0.83861375,0.5548114,0.6385349,0.5333455,0.702554,-0.70295686,0.11076772
1356272882296,0.4912306,0.3476216,-0.79865617,0.5267199,0.61171854,0.5902258,0.693728,-0.71060514,0.11739564
1356272882337,0.52013004,0.38149267,-0.7641518,0.49385822,0.59562576,0.63350934,0.69682765,-0.7068899,0.12139955
1356272882374,0.53308445,0.41536546,-0.7370838,0.46208346,0.5868471,0.66489804,0.7087312,-0.69504106,0.12090561
1356272882417,0.5326903,0.44821683,-0.71787375,0.4352081,0.58241075,0.6865796,0.72583395,-0.67815876,0.115176976
1356272882456,0.52199745,0.47829062,-0.70622706,0.41465688,0.5812572,0.7001427,0.7453712,-0.65831465,0.10508832
1356272882497,0.5037148,0.50343364,-0.7020157,0.3994891,0.584779,0.7060042,0.7659504,-0.63607234,0.09344557
1356272882536,0.48307937,0.52032125,-0.70420176,0.38594076,0.5953865,0.7046734,0.7859288,-0.61219335,0.08680576
1356272882576,0.4710301,0.52447855,-0.7092622,0.36817235,0.6137748,0.6983763,0.80161065,-0.59008694,0.09600788
1356272882622,0.4813984,0.51254624,-0.7110218,0.34189847,0.63713723,0.69076884,0.8070694,-0.57563233,0.13147807
1356272882658,0.5185481,0.4856792,-0.70372117,0.30866146,0.6611976,0.6837732,0.7973932,-0.571781,0.1929523
1356272882698,0.56777334,0.45117807,-0.6885288,0.27753568,0.682532,0.67610955,0.77498865,-0.5749682,0.26230544
1356272882737,0.6056478,0.41958457,-0.676121,0.26039863,0.6983932,0.666663,0.75191987,-0.5798239,0.31372103
1356272882778,0.6193007,0.39765057,-0.67700857,0.26359555,0.7069159,0.6563439,0.7395837,-0.5849307,0.3329746
1356272882818,0.6078149,0.38539377,-0.69428575,0.2858638,0.7095128,0.64410675,0.74083936,-0.5899688,0.32108232
1356272882858,0.57619596,0.37997863,-0.72361207,0.32062164,0.70930195,0.6277679,0.7517978,-0.59372306,0.28686756
1356272882898,0.5318414,0.3786709,-0.75746495,0.35881588,0.709432,0.6065949,0.76706976,-0.5944027,0.24143216
1356272882938,0.48340034,0.38014922,-0.7885498,0.39265254,0.7109328,0.58343685,0.78239894,-0.59165967,0.19439858
1356272882978,0.44007444,0.38444594,-0.8115022,0.4182277,0.71195966,0.5640913,0.79461944,-0.5876349,0.1525293
