1356273000188,-0.057074666,0.5949268,-0.80175096,0.043153346,-0.80083936,-0.59732234,-0.9974368,-0.06869024,0.020034611
1356273000226,-0.009169936,-0.15554239,-0.98778665,0.0709645,-0.98543864,0.15451388,-0.99743664,-0.0686809,0.020074457
1356273000268,-0.009407282,-0.15579209,-0.98774505,0.0709468,-0.98540336,0.15474705,-0.9974357,-0.068621606,0.020322978
1356273000308,-0.010102868,-0.15663618,-0.9876047,0.07090125,-0.98528147,0.1555424,-0.9974322,-0.06845099,0.02105987
1356273000347,-0.011250138,-0.1583375,-0.987321,0.0708035,-0.9850313,0.1571635,-0.99742687,-0.06813767,0.022292525
1356273000387,-0.012726188,-0.16089104,-0.98689,0.070569724,-0.9846534,0.1596164,-0.9974256,-0.06761326,0.023884982
1356273000427,-0.014319837,-0.16238016,-0.9866244,0.07001294,-0.9844666,0.16100886,-0.9974434,-0.06677085,0.025465995
1356273000466,-0.015536368,-0.16351679,-0.98641825,0.06902049,-0.9843595,0.16208842,-0.99749434,-0.06556481,0.02657932
1356273000507,-0.015638292,-0.17133716,-0.9850883,0.0674437,-0.98314565,0.16992861,-0.9976005,-0.063780606,0.026930451
1356273000547,-0.015338361,-0.17644775,-0.98419046,0.06497228,-0.98240185,0.17511451,-0.9977691,-0.06125913,0.02653271
1356273000586,-0.014977515,-0.17997387,-0.98355734,0.061794195,-0.981954,0.17873949,-0.99797654,-0.058101058,0.02582863
1356273000626,-0.015029252,-0.18293692,-0.98300964,0.058219377,-0.98161286,0.18178686,-0.9981906,-0.054498084,0.0254035
1356273000668,-0.015841246,-0.1860456,-0.9824134,0.054655224,-0.98122877,0.18493998,-0.9983796,-0.050764345,0.025712311
1356273000707,-0.017533004,-0.18962009,-0.98170096,0.05130285,-0.9807291,0.18851611,-0.99852926,-0.0470588,0.02692324
1356273000746,-0.019898534,-0.1935037,-0.98089767,0.048336327,-0.98013085,0.19237188,-0.9986328,-0.043585077,0.028856486
1356273000788,-0.022856474,-0.19753481,-0.9800294,0.045760497,-0.97946477,0.19635376,-0.9986909,-0.04035867,0.0314264
1356273000826,-0.025760531,-0.20099688,-0.9792531,0.043523513,-0.97887486,0.1997743,-0.9987202,-0.037474245,0.033964366
1356273000866,-0.028218448,-0.20359129,-0.9786493,0.041326948,-0.97843975,0.20235607,-0.99874717,-0.03473442,0.036023736
1356273000906,-0.02992332,-0.20512736,-0.9782777,0.03905558,-0.9782085,0.20391825,-0.99878883,-0.03210529,0.037282676
1356273000946,-0.030819297,-0.2057787,-0.9781132,0.03682159,-0.9781475,0.20462573,-0.99884653,-0.029709257,0.037722915
1356273000986,-0.030893147,-0.20572412,-0.9781223,0.034736417,-0.9782193,0.20464739,-0.99891895,-0.027654275,0.03736633
1356273001026,-0.029947937,-0.20487027,-0.9783309,0.03281182,-0.9784439,0.20388952,-0.99901277,-0.02599474,0.03602454
1356273001067,-0.027783692,-0.20298097,-0.9787885,0.03106632,-0.97886884,0.20211579,-0.9991312,-0.024791837,0.0335024
1356273001107,-0.024441421,-0.19996765,-0.9794977,0.029456474,-0.97950906,0.19923495,-0.9992672,-0.023982972,0.029830813
1356273001145,-0.020753503,-0.19652823,-0.98027855,0.027798228,-0.9802241,0.19592878,-0.9993982,-0.0231838,0.025806159
1356273001187,-0.017162919,-0.19325551,-0.9809984,0.025599353,-0.9809061,0.19278947,-0.99952495,-0.021804087,0.021782428
1356273001226,-0.014229059,-0.19109672,-0.9814681,0.022439383,-0.9813813,0.1907545,-0.9996469,-0.019309275,0.018252224
1356273001266,-0.012530327,-0.1911121,-0.9814882,0.017942667,-0.9814502,0.19087565,-0.9997605,-0.015218787,0.015726954
1356273001306,-0.012599945,-0.19420104,-0.98088086,0.011877939,-0.9809186,0.19405591,-0.99985015,-0.009205751,0.014666169
1356273001346,-0.014934301,-0.20092292,-0.9794932,0.0045267493,-0.979606,0.20087704,-0.9998782,-0.0014339536,0.015539319
1356273001386,-0.020167112,-0.21163328,-0.9771411,-0.0031033754,-0.9773218,0.2117365,-0.9997918,0.00730256,0.019053042
1356273001426,-0.029060543,-0.2265436,-0.9735674,-0.009553686,-0.9738714,0.2268995,-0.99953204,0.015894972,0.026136786
1356273001467,-0.041951716,-0.24525662,-0.96855015,-0.013248548,-0.9691818,0.24599041,-0.99903184,0.023151591,0.037409484
1356273001506,-0.058682382,-0.26667038,-0.96199965,-0.012673974,-0.9633836,0.26782715,-0.99819624,0.0279091,0.053153872
1356273001546,-0.07830441,-0.28885514,-0.9541651,-0.006708503,-0.9569295,0.29024255,-0.9969069,0.029128283,0.07299408
1356273001587,-0.09889877,-0.3090616,-0.94588584,0.004583925,-0.9506773,0.31014788,-0.99508697,0.026337355,0.09543753
1356273001626,-0.11780596,-0.32417515,-0.9386332,0.019220084,-0.9457823,0.32423198,-0.99285066,0.020155832,0.117649466
1356273001666,-0.13296473,-0.33205247,-0.9338424,0.034277707,-0.94318545,0.33049405,-0.99052787,0.011934087,0.13679239
1356273001706,-0.14382315,-0.33220264,-0.93217826,0.04757127,-0.9432034,0.3287921,-0.98845935,0.002943024,0.15145785
1356273001746,-0.15126574,-0.32561696,-0.93332326,0.058115765,-0.94548416,0.3204407,-0.98678327,-0.005769089,0.16194284
1356273001786,-0.15706152,-0.3142901,-0.9362443,0.06551154,-0.9492379,0.30766192,-0.9854136,-0.013012975,0.16967824
1356273001826,-0.16338146,-0.30074927,-0.93960434,0.069428064,-0.9535456,0.29313922,-0.984117,-0.01734139,0.1766721
1356273001866,-0.17249519,-0.28769615,-0.9420597,0.069440044,-0.957568,0.27971745,-0.98255974,-0.017166764,0.18515337
1356273001906,-0.18663001,-0.27781382,-0.9423315,0.06485175,-0.96057576,0.27034855,-0.9802874,-0.0106567,0.19728905
1356273001946,-0.20772904,-0.2733305,-0.9392226,0.054547712,-0.96191007,0.26786855,-0.9766643,0.004411638,0.21472621
1356273001986,-0.236453,-0.27513325,-0.93187535,0.037878834,-0.96095294,0.27410698,-0.97090435,0.029515073,0.23764193
1356273002026,-0.27014333,-0.28114742,-0.92085767,0.016663507,-0.9576391,0.2874888,-0.9626759,0.06231845,0.26338464
1356273002066,-0.30142683,-0.28541285,-0.90976995,-0.005098164,-0.9536519,0.30086863,-0.95347565,0.09532803,0.28600127
1356273002107,-0.32082397,-0.2806188,-0.9046132,-0.025854766,-0.9521502,0.30453467,-0.94678587,0.12109061,0.29821736
1356273002145,-0.3231377,-0.26280123,-0.9091301,-0.04603549,-0.95516557,0.29247132,-0.94523156,0.13636076,0.29655182
1356273002187,-0.30469882,-0.23061322,-0.9241083,-0.0654252,-0.96288514,0.2618622,-0.95019907,0.14024907,0.27830204
1356273002226,-0.26810396,-0.18653706,-0.9451583,-0.08027214,-0.9733385,0.21486875,-0.9600399,0.13347703,0.24598217
1356273002267,-0.21765208,-0.13494468,-0.96665275,-0.08607915,-0.98388284,0.15673165,-0.97222316,0.117321625,0.2025283
1356273002306,-0.16070908,-0.08229465,-0.9835651,-0.08124616,-0.99203306,0.09627834,-0.98365223,0.09538369,0.1527426
1356273002346,-0.103927314,-0.034107074,-0.9939999,-0.06673807,-0.9969201,0.04118505,-0.99234325,0.070617884,0.101331055
1356273002386,-0.053492248,0.0053536296,-0.9985539,-0.045003474,-0.99898237,-0.002945101,-0.9975536,0.044780858,0.05367887
1356273002426,-0.0144200325,0.032991488,-0.9993516,-0.020157062,-0.99926203,-0.032697678,-0.9996928,0.019672493,0.0150743425
1356273002466,0.010269761,0.047279477,-0.9988289,7.40258E-4,-0.9988817,-0.047274366,-0.99994695,-2.538953E-4,-0.010293275
1356273002506,0.020134568,0.048379738,-0.998626,0.010221414,-0.99878633,-0.048181415,-0.999745,-0.00923726,-0.02060464
1356273002546,0.017085731,0.03790555,-0.99913526,0.004721891,-0.99927306,-0.037830032,-0.9998429,-0.0040714554,-0.017252296
1356273002586,0.0043519735,0.01850885,-0.9998192,-0.013193896,-0.9997406,-0.018564824,-0.9999035,0.013272304,-0.004106641
1356273002627,-0.013969541,-0.006146461,-0.99988353,-0.035161883,-0.9993596,0.0066344934,-0.999284,0.03525047,0.013744473
1356273002666,-0.032665193,-0.03073837,-0.9989935,-0.050803646,-0.9981837,0.032374643,-0.9981743,0.05181004,0.031044304
1356273002706,-0.04692936,-0.049649667,-0.99766356,-0.053514447,-0.9972047,0.05214411,-0.99746376,0.0558365,0.044141144
1356273002746,-0.055356145,-0.059919894,-0.9966671,-0.043200046,-0.99711925,0.06234645,-0.9975317,0.04650732,0.052608073
1356273002786,-0.059562862,-0.061034426,-0.9963569,-0.024921753,-0.997727,0.0626082,-0.9979134,0.028560083,0.05790639
1356273002826,-0.061368227,-0.053871196,-0.9966603,-0.0039820224,-0.9985212,0.05421697,-0.99810725,0.0072959214,0.06106296
1356273002866,-0.061841726,-0.039750375,-0.9972942,0.016328687,-0.99911326,0.038810343,-0.99795246,-0.013884405,0.062435895
1356273002906,-0.06260592,-0.02133788,-0.99781024,0.034795545,-0.99921036,0.019184632,-0.99743164,-0.033518277,0.06329888
1356273002946,-0.06741476,-0.0030850135,-0.9977203,0.05013567,-0.9987424,-2.9943325E-4,-0.99646467,-0.050041556,0.06748459
1356273003005,-0.08236849,0.009403635,-0.99655765,0.058563832,-0.9981818,-0.014259443,-0.9948798,-0.059536763,0.08166802
1356273003027,-0.11337066,0.011923026,-0.9934812,0.054097194,-0.9983707,-0.01815498,-0.99207896,-0.055802792,0.11254087
1356273003067,-0.16020793,0.0052460833,-0.98706937,0.034210112,-0.99935555,-0.010863911,-0.98649025,-0.035508238,0.15992528
1356273003113,-0.2123856,-0.0036480394,-0.9771791,0.004398597,-0.99998647,0.0027771692,-0.977176,-0.0037083866,0.21239877
1356273003144,-0.25159198,-0.004293453,-0.96782386,-0.024257904,-0.99964803,0.010740627,-0.9675293,0.026179634,0.25139928
1356273003185,-0.2650479,0.008207615,-0.96420026,-0.04575397,-0.99894434,0.004073888,-0.9631491,0.04519577,0.26514372
1356273003226,-0.25036514,0.032687563,-0.9675995,-0.057137575,-0.99818665,-0.018936587,-0.9664639,0.050545223,0.2517789
1356273003266,-0.2152,0.062440336,-0.97457176,-0.057423882,-0.99703604,-0.051199563,-0.97488016,0.044945538,0.21814787
1356273003306,-0.1688782,0.09113069,-0.98141503,-0.04765095,-0.99530715,-0.084221065,-0.98448443,0.03254225,0.17242807
1356273003346,-0.120042205,0.11418614,-0.98618025,-0.03109236,-0.99330854,-0.1112268,-0.99228185,0.017310753,0.12278926
1356273003386,-0.0752787,0.12928762,-0.9887456,-0.012058567,-0.99160475,-0.12874338,-0.9970897,0.0022312328,0.07620561
1356273003426,-0.03896439,0.13583621,-0.9899648,0.0050078556,-0.9906782,-0.1361312,-0.99922806,-0.010261871,0.037920922
1356273003467,-0.013636291,0.13410592,-0.9908733,0.015314765,-0.9908211,-0.13430963,-0.9997898,-0.017006472,0.011457264
1356273003506,-3.0994415E-4,0.124834515,-0.9921775,0.013933666,-0.9920806,-0.124826685,-0.99990284,-0.013863355,-0.001431853
1356273003546,0.001068294,0.10881543,-0.99406135,-0.0016789064,-0.9940603,-0.10881712,-0.999998,0.0017851815,-8.791983E-4
1356273003586,-0.0083094835,0.08708607,-0.9961661,-0.028261859,-0.99582297,-0.08682033,-0.99956596,0.02743207,0.010736048
1356273003626,-0.025072455,0.061732244,-0.99777776,-0.056871634,-0.99656314,-0.060228005,-0.9980666,0.055235185,0.02849716
1356273003666,-0.04289657,0.036358073,-0.9984178,-0.07623133,-0.99654347,-0.033014573,-0.996167,0.0746945,0.04551992
1356273003706,-0.05649054,0.014687967,-0.99829507,-0.07897723,-0.99682426,-0.010197241,-0.99527454,0.07826653,0.057471156
1356273003746,-0.06458849,-0.0014134683,-0.99791104,-0.0656195,-0.9978287,0.0056604873,-0.9957523,0.06584802,0.06435543
1356273003786,-0.06840956,-0.0115524735,-0.9975904,-0.04236552,-0.99899733,0.014473973,-0.9967574,0.0432536,0.06785154
1356273003826,-0.06905037,-0.015887704,-0.99748665,-0.015887704,-0.9997289,0.017023232,-0.99748665,0.017023232,0.06877917
1356273003867,-0.067442894,-0.015124725,-0.9976085,0.010179693,-0.9998434,0.014470417,-0.9976712,-0.009179421,0.06758636
1356273003906,-0.06605935,-0.010837751,-0.9977569,0.034105048,-0.99938136,0.008597375,-0.99723274,-0.03346061,0.06638804
1356273003946,-0.06984937,-0.005758263,-0.99754095,0.053446755,-0.9985687,0.002021769,-0.99612474,-0.05317411,0.070057094
1356273003986,-0.085805416,-0.003093455,-0.99630713,0.062344763,-0.99805206,-0.0022704788,-0.9943594,-0.06230935,0.085831195
1356273004027,-0.11932397,-0.0047585815,-0.9928439,0.053605527,-0.9985608,-0.0016565472,-0.9914072,-0.05341959,0.119407326
1356273004066,-0.16698885,-0.009020212,-0.98591757,0.027286112,-0.99961746,0.0045239935,-0.98558116,-0.0261464,0.16717109
1356273004108,-0.21434832,-0.010554707,-0.97670025,-0.0061178003,-0.99990755,0.012148119,-0.97673815,0.008579186,0.21426386
1356273004148,-0.24383098,-0.0035051368,-0.9698114,-0.03472509,-0.9993206,0.012342409,-0.9691958,0.03668625,0.24354368
1356273004188,-0.2463643,0.014052596,-0.96907544,-0.052336287,-0.99862885,-0.0011759028,-0.9677632,0.05042811,0.24676189
1356273004228,-0.22415155,0.03941242,-0.9737571,-0.05752017,-0.9979751,-0.027151927,-0.9728554,0.049924523,0.2259646
1356273004268,-0.18582535,0.067739315,-0.9802451,-0.05040255,-0.99696463,-0.05933988,-0.98128927,0.038379997,0.18867546
1356273004308,-0.14091128,0.09444517,-0.985507,-0.032511007,-0.99534386,-0.09073934,-0.98948824,0.019253626,0.14332569
1356273004348,-0.096749604,0.116498694,-0.9884672,-0.0076615103,-0.993184,-0.116304696,-0.9952792,-0.003679283,0.09698278
1356273004388,-0.05808246,0.13242298,-0.98949003,0.017990317,-0.9908635,-0.13366282,-0.99814963,-0.025564712,0.055169523
1356273004428,-0.027966201,0.14173019,-0.9895101,0.037452117,-0.98905367,-0.14272332,-0.9989069,-0.04105069,0.0223521
1356273004468,-0.008164883,0.14447957,-0.98947406,0.04410216,-0.9884922,-0.14470012,-0.99899364,-0.04481941,0.0016991207
1356273004508,0.0011743307,0.14116257,-0.9899857,0.032938506,-0.9894547,-0.14104779,-0.99945664,-0.03244302,-0.005811632
1356273004548,9.2613697E-4,0.13250694,-0.9911816,0.0039749146,-0.9911747,-0.13250229,-0.99999166,-0.0038171485,-0.0014446676
1356273004588,-0.007461667,0.119414955,-0.99281645,-0.034547225,-0.9922822,-0.11909105,-0.9993752,0.03341044,0.011529475
1356273004628,-0.020730019,0.10350606,-0.9944128,-0.068404794,-0.99244255,-0.101874985,-0.99744225,0.065910734,0.027653724
1356273004668,-0.034243822,0.0870723,-0.9956133,-0.08572017,-0.99278235,-0.083876394,-0.9957306,0.082471885,0.041460514
1356273004708,-0.0449481,0.072165154,-0.99637944,-0.083715625,-0.9941513,-0.06822725,-0.9954755,0.08034584,0.050726503
1356273004748,-0.052120864,0.059828274,-0.9968471,-0.06778092,-0.99611396,-0.056240305,-0.99633795,0.06463592,0.05597341
1356273004788,-0.055742502,0.050664864,-0.9971589,-0.04506725,-0.99782145,-0.04817921,-0.9974276,0.042253584,0.057904392
1356273004828,-0.056061387,0.04479746,-0.99742174,-0.020456295,-0.99883467,-0.043711144,-0.9982177,0.017953046,0.05691251
1356273004868,-0.054664373,0.041683618,-0.99763423,0.0037552193,-0.99911255,-0.04195115,-0.99849766,-0.006039569,0.054459393
1356273004908,-0.05564499,0.039885625,-0.99765366,0.025739066,-0.9988125,-0.041367568,-0.9981188,-0.027980566,0.054552227
1356273004948,-0.06540668,0.03733096,-0.99716014,0.04142226,-0.9983371,-0.040092025,-0.9969986,-0.043926913,0.06375152
1356273004988,-0.09094429,0.03192459,-0.9953441,0.043205917,-0.99841845,-0.035970908,-0.9949183,-0.046276104,0.08942112
1356273005026,-0.13269639,0.02359232,-0.99087596,0.026341278,-0.9992797,-0.027319988,-0.9908067,-0.029726202,0.13197929
1356273005067,-0.18167299,0.0149901975,-0.9832447,-0.0048555057,-0.99988526,-0.014346749,-0.983347,0.0021677339,0.18172494
1356273005103,-0.22031254,0.010945108,-0.97536784,-0.035875876,-0.9993513,-0.0031107254,-0.9747693,0.034306847,0.22056243
1356273005133,-0.24124908,0.012900341,-0.9703775,-0.05783424,-0.9983256,0.0011064969,-0.9687384,0.056387987,0.24159122
1356273005177,-0.23245293,0.023508167,-0.9723235,-0.06547293,-0.9978183,-0.008471977,-0.97040135,0.061691534,0.23348507
1356273005217,-0.20222437,0.040370263,-0.9785068,-0.06063126,-0.9977495,-0.028633717,-0.9774606,0.053537663,0.2042169
1356273005256,-0.16113561,0.05942347,-0.9851417,-0.04584132,-0.997559,-0.052674398,-0.9858671,0.03667248,0.16346633
1356273005297,-0.116865754,0.07773175,-0.99010116,-0.02323135,-0.99687356,-0.07552135,-0.992876,0.014175525,0.11830613
1356273005337,-0.07602495,0.09285142,-0.99277335,0.0030576065,-0.9956285,-0.0933526,-0.99710125,-0.010132633,0.07540864
1356273005377,-0.042431593,0.10347444,-0.9937266,0.02737749,-0.9941285,-0.104685284,-0.9987242,-0.031647705,0.039349526
1356273005417,-0.018188715,0.10881483,-0.99389565,0.04330773,-0.99304134,-0.10951385,-0.99889624,-0.045035284,0.013349682
1356273005457,-0.0042335987,0.108357266,-0.99410295,0.045099538,-0.9930796,-0.10843779,-0.9989735,-0.04529267,-6.82503E-4
1356273005497,-7.7718496E-4,0.10178207,-0.9948064,0.029577184,-0.99436915,-0.10176043,-0.99956214,-0.02950266,-0.002237618
1356273005537,-0.0074718595,0.08895915,-0.99600726,-0.0012097433,-0.99603516,-0.088952556,-0.99997133,5.402677E-4,0.007549852
1356273005577,-0.02225113,0.07070625,-0.99724895,-0.038988836,-0.99679846,-0.06980437,-0.9989918,0.03732835,0.024936706
1356273005616,-0.04024279,0.04962538,-0.9979568,-0.07144611,-0.99635226,-0.04666451,-0.9966323,0.06942223,0.043641597
1356273005656,-0.05662632,0.02912351,-0.9979705,-0.08816169,-0.9958156,-0.024058193,-0.99449533,0.08662044,0.05895701
1356273005696,-0.06921536,0.011857029,-0.99753124,-0.086354226,-0.9962473,-0.0058499314,-0.9938572,0.08573614,0.06997958
1356273005736,-0.07781845,-2.79665E-4,-0.9969675,-0.07064095,-0.9974849,0.0057937056,-0.9944617,0.07087759,0.07760304
1356273005776,-0.082203984,-0.0057675447,-0.99659884,-0.048013218,-0.99879926,0.009740626,-0.99545836,0.04865063,0.081828296
1356273005816,-0.082405806,-0.0038679717,-0.9965914,-0.023170259,-0.99971473,0.005795989,-0.9963295,0.023568902,0.082292676
1356273005856,-0.08019787,0.004623403,-0.9967683,0.0022431093,-0.99998593,-0.004818803,-0.9967765,-0.0026223175,0.08018631
1356273005896,-0.08035016,0.016528992,-0.99662966,0.02757576,-0.99944293,-0.01879886,-0.99638516,-0.02899331,0.0798496
1356273005936,-0.09037238,0.027050858,-0.9955407,0.048667073,-0.9983168,-0.031544156,-0.99471825,-0.05130077,0.088903785
1356273005976,-0.116874695,0.03141558,-0.99264973,0.057569712,-0.9976046,-0.038350664,-0.9914767,-0.061628774,0.11478615
1356273006017,-0.15970421,0.028386697,-0.9867566,0.048600316,-0.9981482,-0.03658025,-0.9859678,-0.053798705,0.15802887
1356273006054,-0.20621926,0.023521382,-0.9782231,0.027157322,-0.9991884,-0.02975053,-0.9781289,-0.03270105,0.20541304
1356273006107,-0.23672265,0.026471905,-0.9712166,7.172981E-4,-0.99962384,-0.027421016,-0.9715771,-0.0071878256,0.23661447
1356273006136,-0.24846989,0.039054662,-0.967852,-0.01907669,-0.9991904,-0.035421796,-0.96845174,0.009662164,0.24901375
1356273006176,-0.22950447,0.06472385,-0.97115326,-0.028456723,-0.99780625,-0.05977524,-0.97289157,0.013917156,0.23084274
1356273006216,-0.18990237,0.09738574,-0.9769611,-0.026847787,-0.9952113,-0.09398628,-0.9814357,0.008381024,0.19160771
1356273006256,-0.14101171,0.13039988,-0.9813825,-0.015202023,-0.9914558,-0.12955403,-0.9898912,-0.0033496395,0.14178923
1356273006297,-0.092273295,0.15865326,-0.9830131,0.003633231,-0.98716474,-0.15966433,-0.9957271,-0.018304266,0.090512455
1356273006337,-0.04984641,0.17934784,-0.9825221,0.025380976,-0.98319983,-0.1807592,-0.99843436,-0.033947572,0.04445696
1356273006377,-0.017984807,0.19058943,-0.98150504,0.04313709,-0.98060185,-0.19120447,-0.9989072,-0.045778036,0.009414463
1356273006417,0.0017394423,0.19213524,-0.9813669,0.048764564,-0.9802171,-0.19182372,-0.99880874,-0.04752227,-0.011074365
1356273006457,0.009186327,0.18409666,-0.9828652,0.035964034,-0.9823316,-0.18366057,-0.99931085,-0.033660628,-0.015644878
1356273006497,0.0045555234,0.16649756,-0.98603135,0.0047084317,-0.9860342,-0.16647631,-0.9999786,-0.0038842782,-0.005275845
1356273006536,-0.010579288,0.1401543,-0.99007314,-0.036219664,-0.98953253,-0.13969076,-0.9992879,0.03438229,0.015544891
1356273006576,-0.031586528,0.108333595,-0.9936127,-0.07276098,-0.9917203,-0.10581423,-0.9968491,0.06895392,0.03920746
1356273006616,-0.051876545,0.0765178,-0.99571776,-0.09255866,-0.99313694,-0.071497194,-0.99435496,0.08845327,0.05860296
1356273006656,-0.06764263,0.049439915,-0.996484,-0.09105214,-0.9949095,-0.04318106,-0.9935462,0.08781111,0.071799845
1356273006696,-0.07853669,0.02975067,-0.99646723,-0.07306114,-0.9970384,-0.024009397,-0.9942304,0.070917405,0.080477715
1356273006736,-0.08529079,0.018850774,-0.9961778,-0.046329297,-0.9988146,-0.014934046,-0.9952785,0.044878475,0.08606303
1356273006776,-0.0887965,0.01715868,-0.99590206,-0.016829148,-0.9997348,-0.015724199,-0.99590766,0.015363928,0.08906165
1356273006817,-0.091056585,0.02262225,-0.9955887,0.011901144,-0.9996458,-0.023802917,-0.99577457,-0.014016058,0.090755105
1356273006856,-0.09587127,0.0318806,-0.99488306,0.037614767,-0.99865705,-0.035626262,-0.9946828,-0.04083783,0.09454334
1356273006896,-0.10849905,0.039708126,-0.9933032,0.055181514,-0.9974207,-0.045900237,-0.99256384,-0.059792105,0.10602811
1356273006936,-0.13371116,0.041716017,-0.990142,0.057584994,-0.99709845,-0.04978552,-0.9893459,-0.0636742,0.13092104
1356273006976,-0.17142767,0.037051167,-0.98449975,0.0422786,-0.99809533,-0.04492466,-0.9842891,-0.049324602,0.16953468
1356273007016,-0.2125367,0.030810421,-0.9766672,0.015894888,-0.99926144,-0.03498215,-0.9770238,-0.022959009,0.21189007
1356273007057,-0.24194944,0.031504627,-0.9697772,-0.011138887,-0.999497,-0.02969108,-0.97022486,0.0036184993,0.24217874
1356273007110,-0.24905795,0.044518217,-0.9674648,-0.032400124,-0.9987667,-0.037617706,-0.9679464,0.021976989,0.25019333
1356273007138,-0.23216558,0.06940874,-0.9701967,-0.045154896,-0.99714446,-0.06053115,-0.9716276,0.02975588,0.23463675
1356273007178,-0.1971643,0.101203464,-0.9751329,-0.047957577,-0.99446243,-0.093512915,-0.97919685,0.0283276,0.20092589
1356273007218,-0.1530602,0.13352317,-0.97915477,-0.041038908,-0.99083394,-0.12870064,-0.98736435,0.020484492,0.15713695
1356273007258,-0.107569575,0.16158512,-0.98097867,-0.02620735,-0.9868219,-0.15967384,-0.9938521,0.0085328,0.11038673
1356273007298,-0.0662297,0.1824866,-0.98097515,-0.006661661,-0.9831926,-0.18244937,-0.9977821,-0.0055486485,0.06633228
1356273007337,-0.03265792,0.1946697,-0.98032504,0.01249963,-0.98069197,-0.19515896,-0.9993884,-0.01862719,0.029594064
1356273007376,-0.008581758,0.19770317,-0.9802244,0.024599776,-0.979922,-0.19785756,-0.9996605,-0.025811262,0.0035460591
1356273007416,0.005371988,0.1915832,-0.98146164,0.023406073,-0.98123103,-0.19141006,-0.99971163,-0.021943912,-0.009755372
1356273007456,0.008650005,0.17612623,-0.98432964,0.0065140426,-0.98435545,-0.17607361,-0.9999414,-0.004888922,-0.0096619725
1356273007496,0.0010848641,0.15131417,-0.98848516,-0.022252314,-0.9882374,-0.15130067,-0.99975187,0.022160225,0.0022949278
1356273007537,-0.014830947,0.1191268,-0.99276835,-0.053477924,-0.991551,-0.11818181,-0.9984589,0.051338434,0.021076232
1356273007576,-0.033070862,0.084727705,-0.99585515,-0.0760272,-0.9937265,-0.08202185,-0.9965572,0.07299955,0.039304942
1356273007616,-0.047900677,0.054066703,-0.9973877,-0.0827363,-0.9953173,-0.049980965,-0.99541956,0.08012605,0.052149713
1356273007656,-0.05764681,0.030720066,-0.99786425,-0.07319699,-0.9969663,-0.026463818,-0.99565005,0.0715151,0.059720546
1356273007696,-0.06314558,0.016096469,-0.9978745,-0.052473884,-0.99854046,-0.0127866585,-0.9966239,0.051554933,0.06389806
1356273007736,-0.06520873,0.0108728595,-0.9978124,-0.027206615,-0.99958825,-0.0091142105,-0.99750066,0.02655277,0.06547776
1356273007776,-0.06462562,0.014456198,-0.9978048,-0.0012507625,-0.99989545,-0.014405476,-0.9979088,3.1705434E-4,0.064636946
1356273007816,-0.063524365,0.024437577,-0.997681,0.023725655,-0.99938065,-0.025989866,-0.9976982,-0.025321623,0.06290516
1356273007856,-0.06625056,0.03652808,-0.99713415,0.045369238,-0.9981858,-0.039580986,-0.99677104,-0.04786148,0.06447318
1356273007896,-0.07869136,0.04529106,-0.9958697,0.058262378,-0.997051,-0.049948547,-0.9951951,-0.061952252,0.075820535
1356273007936,-0.10535532,0.04711196,-0.993318,0.05471631,-0.99708927,-0.05309426,-0.9929282,-0.059944466,0.102470934
1356273007976,-0.14382643,0.043300975,-0.98865515,0.033290643,-0.99826515,-0.04856489,-0.9890428,-0.039897874,0.14213532
1356273008016,-0.18331271,0.04006575,-0.98223794,0.0023589171,-0.99914837,-0.041195773,-0.9830519,-0.009868726,0.18306202
1356273008056,-0.20921671,0.04532156,-0.9768184,-0.025138125,-0.99884444,-0.04095938,-0.97754604,0.015985997,0.21011433
1356273008109,-0.20580852,0.06604185,-0.9763613,-0.04129506,-0.9974176,-0.058761477,-0.9777206,0.02822529,0.20800418
1356273008146,-0.18750018,0.09239735,-0.9779091,-0.04875566,-0.99521416,-0.08468421,-0.9810537,0.0318003,0.19110787
1356273008188,-0.15667987,0.11979838,-0.98035705,-0.04865463,-0.9923474,-0.113487646,-0.9864503,0.029917676,0.16130954
1356273008228,-0.11980903,0.14405769,-0.98228973,-0.042820744,-0.98924565,-0.139855,-0.9918731,0.02530649,0.12468922
1356273008268,-0.082540035,0.16267127,-0.9832218,-0.03221537,-0.9865082,-0.16051057,-0.99606687,0.018426307,0.086667
1356273008306,-0.049672723,0.1741775,-0.9834606,-0.018577732,-0.9846669,-0.17345281,-0.9985927,0.009654596,0.05214697
1356273008346,-0.024381042,0.17817385,-0.98369694,-0.0062113255,-0.9839975,-0.17807433,-0.9996835,0.0017684326,0.02509752
1356273008386,-0.008150339,0.17470196,-0.9845876,-0.0017493516,-0.9846213,-0.17469347,-0.99996525,2.9858202E-4,0.008330613
1356273008426,-9.5945597E-4,0.16451752,-0.98637366,-0.009837009,-0.9863279,-0.16450033,-0.9999511,0.00954514,0.002564758
1356273008466,-0.0026111007,0.14816268,-0.98895943,-0.029495582,-0.9885439,-0.14802256,-0.9995614,0.02878343,0.0069514513
1356273008507,-0.011784315,0.12643981,-0.9919043,-0.05162917,-0.990727,-0.12567635,-0.99859685,0.04973018,0.01820296
1356273008546,-0.025232792,0.10170608,-0.99449444,-0.06459924,-0.99289787,-0.099903755,-0.9975922,0.061722733,0.03162372
1356273008586,-0.03881693,0.07718141,-0.9962612,-0.061516397,-0.9953061,-0.07471057,-0.997351,0.05838636,0.043382585
1356273008626,-0.049942374,0.055607945,-0.9972029,-0.044061996,-0.9975994,-0.053423323,-0.9977797,0.04127066,0.052272618
1356273008666,-0.0579015,0.038708437,-0.9975716,-0.018050317,-0.9991252,-0.037721038,-0.99815905,0.015822377,0.058549613
1356273008706,-0.062599,0.027479071,-0.9976604,0.009800932,-0.9995557,-0.028146246,-0.9979906,-0.0115399305,0.062301934
1356273008746,-0.06476641,0.021808108,-0.9976622,0.035873864,-0.99906415,-0.02416762,-0.99725544,-0.037355244,0.06392339
1356273008786,-0.066776276,0.020439167,-0.99755865,0.05814978,-0.9980112,-0.024340965,-0.9960721,-0.05963321,0.06545487
1356273008826,-0.0731284,0.020654114,-0.99710864,0.07430543,-0.99689394,-0.026099257,-0.99455065,-0.07599918,0.07136655
1356273008866,-0.08988255,0.019177686,-0.99576765,0.07952152,-0.9964842,-0.026369471,-0.9927725,-0.08155511,0.08804163
1356273008906,-0.12190235,0.0134882275,-0.9924504,0.067892164,-0.9974524,-0.021895379,-0.9902174,-0.070048705,0.12067604
1356273008946,-0.1673069,0.0043788664,-0.98589516,0.039308198,-0.9991654,-0.011108428,-0.985121,-0.040612277,0.16699514
1356273008987,-0.21474195,-0.0034042886,-0.9766649,0.0030983328,-0.9999913,0.0028043569,-0.976666,-0.0024238199,0.21475062
1356273009024,-0.24718046,-0.002698563,-0.96896565,-0.027944574,-0.9995603,0.009912354,-0.9685664,0.029527474,0.24699643
1356273009066,-0.25379562,0.009884663,-0.96720725,-0.048285153,-0.9988305,0.0024622027,-0.9660519,0.047326654,0.25397617
1356273009109,-0.23355561,0.033370487,-0.97177064,-0.05693374,-0.9981656,-0.02059342,-0.97067523,0.05051683,0.23502702
1356273009147,-0.19774795,0.061353944,-0.97833097,-0.05548863,-0.99713975,-0.0513177,-0.9786812,0.044138275,0.2005867
1356273009188,-0.1522966,0.09002233,-0.9842265,-0.0438148,-0.99547917,-0.084271766,-0.9873633,0.030289384,0.15555227
1356273009228,-0.10580224,0.115256704,-0.98768497,-0.024265684,-0.9932634,-0.113308296,-0.99409103,0.01197857,0.107886404
1356273009268,-0.06395149,0.1348395,-0.98880154,-8.6083263E-4,-0.9908368,-0.13506138,-0.99795264,-0.007786192,0.06348163
1356273009308,-0.030216336,0.14784987,-0.9885481,0.020761758,-0.9886935,-0.14850624,-0.9993277,-0.025011305,0.026805073
1356273009348,-0.0062149763,0.154282,-0.98800725,0.03437198,-0.98740953,-0.15440488,-0.9993897,-0.03491939,8.338094E-4
1356273009388,0.0076556206,0.1545265,-0.98795897,0.034619592,-0.98743665,-0.15417653,-0.99937123,-0.033022422,-0.012909085
1356273009428,0.011419594,0.14899531,-0.988772,0.019222923,-0.98868644,-0.1487604,-0.99974996,-0.01730831,-0.014154524
1356273009468,0.005366862,0.13808218,-0.9904062,-0.008675091,-0.9903768,-0.13812508,-0.99994797,0.0093331635,-0.00411734
1356273009508,-0.008466542,0.12298015,-0.99237305,-0.04016118,-0.9916497,-0.12254786,-0.99915737,0.03881731,0.01333487
1356273009548,-0.025383234,0.106330425,-0.9940068,-0.06362568,-0.9924831,-0.10454267,-0.9976509,0.060590733,0.031957716
1356273009588,-0.040837646,0.09114065,-0.9950003,-0.070829116,-0.9935899,-0.08810443,-0.99665207,0.06687702,0.047031283
1356273009627,-0.053243697,0.07929429,-0.9954284,-0.06146697,-0.9952123,-0.07598931,-0.99668807,0.05714001,0.0578627
1356273009668,-0.062808156,0.07157346,-0.9954559,-0.040697675,-0.9967792,-0.06910079,-0.99719554,0.036172643,0.06551874
1356273009708,-0.06957567,0.068384536,-0.9952301,-0.015074246,-0.99760586,-0.06749395,-0.99746287,0.010306409,0.070439875
1356273009747,-0.07376337,0.06947101,-0.9948531,0.0108305365,-0.9974561,-0.070455804,-0.9972169,-0.015971852,0.072823316
1356273009786,-0.07684517,0.0735534,-0.99432623,0.034862638,-0.9964672,-0.07640608,-0.9964334,-0.04053627,0.07400936
1356273009826,-0.0822866,0.07844342,-0.9935167,0.054326963,-0.9950622,-0.083065,-0.99512684,-0.060809884,0.07761875
1356273009866,-0.09530127,0.08153418,-0.9921039,0.06357275,-0.99410707,-0.0878056,-0.9934165,-0.071438745,0.08955625
1356273009906,-0.12044847,0.08078245,-0.9894273,0.05627022,-0.99452555,-0.088048786,-0.99112356,-0.06628063,0.115243435
1356273009946,-0.15651596,0.07674031,-0.9846896,0.032319717,-0.99604505,-0.08276249,-0.9871465,-0.04477855,0.15341678
1356273009987,-0.19317943,0.07340359,-0.9784138,0.0011659935,-0.99717975,-0.07504168,-0.9811628,-0.015637327,0.19254896
1356273010026,-0.21635371,0.07585479,-0.9733639,-0.025724651,-0.997074,-0.071984604,-0.9759761,0.009465311,0.21767193
1356273010066,-0.21793199,0.086374596,-0.9721343,-0.042430285,-0.9959728,-0.07898068,-0.9750412,0.02403552,0.22071916
1356273010109,-0.19722825,0.104079485,-0.97481716,-0.047035825,-0.99420804,-0.096633375,-0.9792286,0.026792496,0.20098138
1356273010146,-0.16342103,0.124365635,-0.9786863,-0.0411418,-0.9920187,-0.11918998,-0.98569816,0.020786759,0.16723335
1356273010186,-0.12223071,0.14436586,-0.9819462,-0.025889624,-0.9894918,-0.14225253,-0.9921641,0.008034587,0.1246838
1356273010226,-0.08034277,0.1612055,-0.98364514,-0.0051338747,-0.98688906,-0.16131783,-0.996754,-0.00791081,0.08011708
1356273010266,-0.04235071,0.17336912,-0.98394585,0.016079366,-0.98458356,-0.1741736,-0.99897337,-0.023197614,0.03891027
1356273010306,-0.011533678,0.18004969,-0.9835899,0.032662794,-0.98306257,-0.18033618,-0.9993999,-0.034206726,0.005457402
1356273010346,0.00998652,0.1809454,-0.9834425,0.040140234,-0.9827713,-0.1804143,-0.99914414,-0.03767389,-0.017077655
1356273010386,0.021211088,0.1759144,-0.98417693,0.03514518,-0.9839212,-0.17511125,-0.99915713,-0.030874774,-0.027052581
1356273010426,0.021900654,0.16504581,-0.98604274,0.01702933,-0.98619777,-0.16469353,-0.9996151,-0.013184749,-0.024408996
1356273010466,0.012049556,0.14839047,-0.9888554,-0.011178799,-0.98884547,-0.14852521,-0.9998649,0.0128438845,-0.01025632
1356273010506,-0.005450368,0.12694801,-0.9918944,-0.041032363,-0.99110216,-0.12662114,-0.99914294,0.040009644,0.010610789
1356273010546,-0.02498287,0.10343575,-0.9943224,-0.06264191,-0.99284023,-0.10170765,-0.99772346,0.0597453,0.03128329
1356273010586,-0.04115367,0.08087965,-0.9958739,-0.069476895,-0.9945373,-0.07790002,-0.9967344,0.06598435,0.046548188
1356273010626,-0.05208218,0.06119999,-0.9967658,-0.061871026,-0.9964007,-0.057944745,-0.9967243,0.058653034,0.05568123
1356273010666,-0.058219373,0.045137938,-0.99728286,-0.044664565,-0.9980948,-0.04256726,-0.9973042,0.042064965,0.060124457
1356273010706,-0.060189843,0.032917213,-0.997644,-0.02373605,-0.99922067,-0.03153719,-0.9979047,0.02178191,0.06092432
1356273010746,-0.05863917,0.024997853,-0.9979662,-0.0020830547,-0.99968725,-0.024918567,-0.99827707,6.1761215E-4,0.058672965
1356273010786,-0.05530417,0.020830551,-0.9982523,0.019244669,-0.9995745,-0.021924315,-0.9982841,-0.020423537,0.054879695
1356273010826,-0.054081023,0.018158559,-0.9983714,0.039606616,-0.9990088,-0.020315614,-0.9977507,-0.040640805,0.05330828
1356273010866,-0.06083262,0.014094589,-0.9980484,0.05497031,-0.9983354,-0.017449172,-0.9966332,-0.055924512,0.05995664
1356273010906,-0.08120668,0.004864186,-0.99668545,0.058707766,-0.9982286,-0.009655034,-0.9949668,-0.059297226,0.0807772
1356273010946,-0.116426766,-0.011238521,-0.99313575,0.046175577,-0.998916,0.005890699,-0.99212533,-0.04517278,0.1168195
1356273010986,-0.15963525,-0.03151008,-0.98667294,0.022049936,-0.99935484,0.028347597,-0.9869297,-0.017230801,0.16022712
1356273011026,-0.19710433,-0.04895253,-0.9791596,-0.0025603883,-0.99872345,0.050446026,-0.9803791,0.01245016,0.19672745
1356273011066,-0.21577668,-0.05624961,-0.9748212,-0.020825176,-0.99784714,0.062187925,-0.9762206,0.033719532,0.2141408
1356273011110,-0.20901835,-0.049536485,-0.9766563,-0.03166448,-0.99784976,0.057388075,-0.977399,0.04292047,0.20700029
1356273011147,-0.18459845,-0.03375038,-0.9822344,-0.035252597,-0.99853975,0.04093592,-0.9821816,0.04218302,0.18313903
1356273011188,-0.14536107,-0.010925968,-0.9893183,-0.028796878,-0.9994686,0.015269209,-0.9889595,0.030708827,0.14496925
1356273011229,-0.10034168,0.013034601,-0.9948676,-0.01237968,-0.9998531,-0.0118513135,-0.99487597,0.0111269625,0.100488365
1356273011268,-0.05668515,0.03363488,-0.9978254,0.010410353,-0.9993582,-0.034277942,-0.99833786,-0.012330762,0.056298554
1356273011308,-0.019073963,0.04812918,-0.99865896,0.033190668,-0.99825966,-0.048743863,-0.99926704,-0.034075897,0.01744333
1356273011348,0.010018289,0.055101432,-0.99843055,0.05017764,-0.9972504,-0.05453282,-0.99869007,-0.04955256,-0.012755603
1356273011388,0.029210389,0.05384814,-0.99812186,0.05747471,-0.9969863,-0.052104864,-0.99791956,-0.055844758,-0.032217264
1356273011428,0.03759116,0.043701146,-0.9983372,0.053161938,-0.997716,-0.041672204,-0.99787813,-0.05150703,-0.03982854
1356273011468,0.034562886,0.024397187,-0.9991047,0.037798494,-0.9990186,-0.023087488,-0.99868745,-0.03696668,-0.035451144
1356273011506,0.019930482,-0.004069896,-0.99979305,0.01465149,-0.9998831,0.004362335,-0.999694,-0.014735403,-0.019868523
1356273011546,-0.0024799109,-0.039003007,-0.99923605,-0.009899364,-0.9991892,0.039025746,-0.99994797,0.00998858,0.0020917356
1356273011586,-0.026359797,-0.07506031,-0.9968305,-0.029569684,-0.9966821,0.07583107,-0.99921507,0.031474855,0.024052888
1356273011626,-0.04553747,-0.106730565,-0.99324465,-0.039046984,-0.99332607,0.10852951,-0.9981992,0.043725368,0.04106605
1356273011666,-0.057744384,-0.13042468,-0.9897752,-0.036075734,-0.99050933,0.13262612,-0.99767935,0.04336528,0.052491248
1356273011706,-0.0636875,-0.14475736,-0.9874154,-0.023293916,-0.98893887,0.14648314,-0.997698,0.03232992,0.059611082
1356273011746,-0.06501347,-0.14952885,-0.9866177,-0.005790293,-0.98863626,0.15021634,-0.9978676,0.015478887,0.06340879
1356273011786,-0.06362963,-0.1454998,-0.98731005,0.012875192,-0.98935217,0.14497095,-0.9978906,-0.0034873635,0.064825386
1356273011826,-0.06254101,-0.1349533,-0.9888762,0.031963643,-0.9905785,0.1331641,-0.99753046,-0.02327988,0.066265315
1356273011885,-0.066958666,-0.12226948,-0.9902357,0.050180197,-0.99161977,0.119047254,-0.9964931,-0.04171898,0.07253298
1356273011906,-0.08325696,-0.11299439,-0.9901013,0.0625691,-0.99218315,0.10797058,-0.99456185,-0.052960437,0.08967617
1356273011947,-0.11605632,-0.11169585,-0.98694223,0.06287102,-0.9924901,0.10493062,-0.9912508,-0.049872197,0.122207254
1356273011984,-0.16203457,-0.117162704,-0.979805,0.050161,-0.99262077,0.11039984,-0.9855094,-0.031259418,0.16671574
1356273012026,-0.20895207,-0.12260144,-0.9702103,0.029468887,-0.9924491,0.11906502,-0.97748184,-0.00371214,0.21098715
1356273012066,-0.24089074,-0.11844087,-0.9632982,0.0062765107,-0.9926953,0.120485775,-0.97053194,0.022977747,0.23987442
1356273012109,-0.24736744,-0.098729536,-0.9638786,-0.016788084,-0.994209,0.10614471,-0.9687763,0.042438418,0.24427745
1356273012147,-0.23102963,-0.066235274,-0.9706895,-0.035967782,-0.9964166,0.07655131,-0.97228163,0.05259917,0.2278195
1356273012192,-0.19430959,-0.024014274,-0.9806463,-0.046092108,-0.9983726,0.03358125,-0.9798568,0.05172521,0.19288644
1356273012227,-0.14912593,0.018949557,-0.9886366,-0.04372981,-0.9989645,-0.01255131,-0.9878508,0.04136116,0.14980024
1356273012267,-0.10236883,0.057762455,-0.99306804,-0.029012788,-0.9980613,-0.05506216,-0.9943233,0.023175023,0.10384622
1356273012306,-0.06056714,0.0880158,-0.99427605,-0.0071931332,-0.9961174,-0.08774063,-0.9981382,0.0018377639,0.06096503
1356273012347,-0.028096259,0.107350074,-0.9938242,0.014001384,-0.99407685,-0.1077732,-0.9995071,-0.016942944,0.026426852
1356273012387,-0.0072012544,0.11482556,-0.9933596,0.026381865,-0.9930178,-0.1149773,-0.9996261,-0.027034655,0.004121602
1356273012427,0.002065897,0.11087665,-0.993832,0.023824457,-0.9935575,-0.110796496,-0.999714,-0.023448616,-0.0046941633
1356273012466,9.660125E-4,0.09664348,-0.9953186,0.0059251785,-0.9953021,-0.09663613,-0.99998194,-0.005804088,-0.0015340447
1356273012506,-0.008815348,0.073717974,-0.9972401,-0.021057969,-0.99707144,-0.07351936,-0.99973935,0.020351755,0.010341883
1356273012546,-0.022729874,0.045914143,-0.99868673,-0.04489124,-0.9979841,-0.044860125,-0.9987332,0.043812618,0.024745256
1356273012586,-0.034811974,0.01906759,-0.99921197,-0.05590112,-0.99828976,-0.017102424,-0.99782926,0.055261698,0.035818398
1356273012626,-0.04155779,-0.0020624027,-0.99913394,-0.051995955,-0.99863833,0.004224092,-0.99778223,0.05212647,0.041394025
1356273012666,-0.04325956,-0.015543338,-0.99894303,-0.036847636,-0.99917394,0.017142627,-0.9983842,0.037550267,0.042650968
1356273012707,-0.041968167,-0.021264141,-0.99889266,-0.016642796,-0.9996199,0.021978866,-0.9989804,0.01754678,0.04159832
1356273012747,-0.03940499,-0.019675944,-0.9990296,0.0045170654,-0.99979943,0.019512938,-0.99921316,-0.0037437752,0.0394859
1356273012786,-0.03746599,-0.01257876,-0.99921876,0.025205549,-0.9996146,0.011638654,-0.99898,-0.024749802,0.037768543
1356273012826,-0.039521694,-0.0033648033,-0.9992131,0.04374942,-0.99904126,0.0016338136,-0.9982605,-0.043650426,0.03963095
1356273012866,-0.05070609,0.0028011575,-0.9987096,0.055907484,-0.99841994,-0.00563886,-0.9971475,-0.05612127,0.050469488
1356273012906,-0.07609618,7.330347E-4,-0.9971002,0.055373184,-0.9984533,-0.0049599707,-0.99556166,-0.055590052,0.07593796
1356273012946,-0.11676699,-0.01165369,-0.993091,0.039334252,-0.99920094,0.0071004946,-0.99238014,-0.038233384,0.11713201
1356273012987,-0.16551703,-0.030262377,-0.98574245,0.013965984,-0.9995007,0.028339714,-0.98610795,-0.009076157,0.16585717
1356273013026,-0.20761514,-0.045343786,-0.9771591,-0.009951798,-0.9987755,0.048461303,-0.97815996,0.01978579,0.20690966
1356273013066,-0.22982985,-0.048025604,-0.9720452,-0.027336556,-0.9980691,0.055774804,-0.97284687,0.03939108,0.22807321
1356273013109,-0.22618085,-0.034336023,-0.97348005,-0.038306497,-0.99829197,0.044111405,-0.97333187,0.04726776,0.22447917
1356273013148,-0.20357001,-0.010181233,-0.97900736,-0.043389615,-0.9988696,0.019410014,-0.9780984,0.04643005,0.2028982
1356273013187,-0.16640687,0.021163233,-0.98583,-0.041443355,-0.99903625,-0.014451152,-0.9851858,0.038451336,0.16712365
1356273013228,-0.12204474,0.053801633,-0.9910654,-0.03140401,-0.9982392,-0.050323825,-0.99202776,0.024981674,0.1235193
1356273013266,-0.07764399,0.0825413,-0.9935584,-0.014403474,-0.99655575,-0.08166472,-0.9968771,0.007969916,0.07856551
1356273013306,-0.03822279,0.10422127,-0.9938194,0.005841013,-0.99450594,-0.10451791,-0.99925226,-0.009799879,0.03740397
1356273013346,-0.0071772933,0.11671162,-0.9931399,0.023625117,-0.9928685,-0.116850466,-0.9996951,-0.024301726,0.004368782
1356273013386,0.013604522,0.11895774,-0.9928061,0.032663364,-0.992421,-0.118464,-0.9993738,-0.030816741,-0.017386973
1356273013426,0.023588479,0.11043206,-0.99360377,0.028422225,-0.9935526,-0.10975162,-0.9993177,-0.025651552,-0.026575118
1356273013466,0.022517562,0.09107202,-0.9955896,0.010306884,-0.9958104,-0.0908591,-0.9996933,-0.008215498,-0.023361892
