1356271930433,0.47149792,-0.79791766,-0.37552232,0.2563675,-0.28341463,0.9240951,-0.84378034,-0.5319807,0.0709308
1356271930454,-0.3451866,0.6391182,0.6872948,-0.4109544,0.5554455,-0.72290856,-0.8437788,-0.5319852,0.070916116
1356271930501,-0.34536603,0.6391158,0.68720686,-0.41084322,0.55539906,-0.7230074,-0.84375954,-0.5320365,0.07076043
1356271930523,-0.34574664,0.63908064,0.68704814,-0.41061422,0.5553279,-0.7231922,-0.84371513,-0.532153,0.070412874
1356271930545,-0.3463448,0.6389749,0.6868452,-0.4102645,0.55526257,-0.72344077,-0.84363997,-0.53234816,0.06983644
1356271930572,-0.34704912,0.6387377,0.6867105,-0.40987897,0.55528754,-0.72364014,-0.8435379,-0.5326068,0.06909305
1356271930604,-0.34759557,0.6383046,0.68683666,-0.40966424,0.55551577,-0.7235865,-0.8434172,-0.5328879,0.068395734
1356271930645,-0.34760827,0.6376568,0.6874317,-0.41000187,0.55597585,-0.7230417,-0.8432479,-0.5331835,0.06817865
1356271930686,-0.34649125,0.63658595,0.6889865,-0.41140223,0.5569556,-0.7214907,-0.8430256,-0.53344065,0.068912625
1356271930724,-0.34421483,0.6352037,0.6913989,-0.4139152,0.55831087,-0.71900153,-0.84272796,-0.5336715,0.070741594
1356271930765,-0.3412014,0.63359314,0.69436395,-0.4172642,0.5598335,-0.71587497,-0.8423017,-0.5339908,0.07335979
1356271930805,-0.33797812,0.63179374,0.6975726,-0.4210736,0.56136155,-0.71243966,-0.8417053,-0.53451836,0.07630372
1356271930846,-0.33461535,0.6298075,0.7009815,-0.42524993,0.56289726,-0.70873773,-0.8409488,-0.53524685,0.07947153
1356271930885,-0.33084852,0.6276044,0.70473546,-0.4297578,0.56465316,-0.7046099,-0.8401473,-0.53598464,0.08290321
1356271930925,-0.32650152,0.6253542,0.70875156,-0.4346087,0.56655025,-0.70009714,-0.839352,-0.53661245,0.08680493
1356271930966,-0.32194138,0.62317854,0.7127428,-0.43937975,0.5684983,-0.69552505,-0.83862936,-0.537083,0.0907889
1356271931005,-0.31830555,0.6213078,0.7160015,-0.4431031,0.570191,-0.69176716,-0.838058,-0.53745586,0.09380847
1356271931045,-0.3167617,0.61994845,0.71786207,-0.44492573,0.5712856,-0.6896911,-0.8376772,-0.5378631,0.09486967
1356271931085,-0.31779715,0.61915106,0.71809274,-0.44456583,0.5716438,-0.6896264,-0.8374762,-0.5384007,0.093586564
1356271931124,-0.3211094,0.6188034,0.71691775,-0.44226643,0.5714071,-0.691299,-0.8374301,-0.53905123,0.09019172
1356271931165,-0.32596081,0.61873156,0.71478724,-0.4385155,0.57086885,-0.69412744,-0.83752835,-0.5397036,0.08524245
1356271931205,-0.3314942,0.6187845,0.7121919,-0.4338992,0.5703145,-0.6974761,-0.83776075,-0.5402288,0.07943416
1356271931245,-0.33696806,0.61884445,0.7095662,-0.42900208,0.56994194,-0.70080197,-0.83809894,-0.5405532,0.07343334
1356271931285,-0.34174642,0.6187873,0.707327,-0.4244382,0.5698873,-0.7036197,-0.8384876,-0.54067624,0.067880094
1356271931333,-0.3452726,0.6184508,0.7059076,-0.42074257,0.5703387,-0.70547104,-0.8389056,-0.54058516,0.063286245
1356271931366,-0.34708002,0.6175938,0.7057715,-0.41840273,0.5715387,-0.7058914,-0.8393299,-0.5402975,0.06003326
1356271931406,-0.3470277,0.61594194,0.70723903,-0.41787785,0.5735588,-0.7045625,-0.83961284,-0.54004234,0.05834776
1356271931436,-0.34552252,0.6131668,0.71038073,-0.41907552,0.57650125,-0.70144284,-0.83963686,-0.54006743,0.05776894
1356271931467,-0.34318483,0.60980225,0.71439856,-0.42168105,0.5796044,-0.6973119,-0.8392909,-0.54055524,0.05823064
1356271931498,-0.34007314,0.605632,0.71941656,-0.4256627,0.583022,-0.6920236,-0.8385473,-0.5415674,0.059524834
1356271931536,-0.3363257,0.60058206,0.725387,-0.43159348,0.5863099,-0.685542,-0.83702576,-0.54363763,0.06201619
1356271931567,-0.33120027,0.5935144,0.733517,-0.4390282,0.59118235,-0.676578,-0.83520097,-0.54611737,0.064769745
1356271931607,-0.32627442,0.5862031,0.7415598,-0.4476211,0.5951468,-0.66740966,-0.83257455,-0.54969656,0.06821573
1356271931646,-0.32110566,0.5777961,0.75036174,-0.45695734,0.5994585,-0.6571449,-0.8295066,-0.5538963,0.07153869
1356271931683,-0.31699246,0.5691147,0.7586991,-0.46518588,0.603825,-0.6473001,-0.82650954,-0.5581254,0.073336065
1356271931726,-0.31607127,0.56106263,0.765054,-0.4705103,0.6075408,-0.639933,-0.82384396,-0.5622302,0.071959555
1356271931765,-0.31989446,0.55425507,0.7684197,-0.47199112,0.61000884,-0.63648534,-0.821518,-0.5662954,0.06646508
1356271931805,-0.32954863,0.5491306,0.7680191,-0.46875778,0.61095285,-0.63796777,-0.819551,-0.5702563,0.056070566
1356271931845,-0.3445787,0.54565823,0.7638865,-0.46018395,0.6110623,-0.64407575,-0.81822747,-0.5734631,0.040544093
1356271931885,-0.36342067,0.543409,0.7567246,-0.44650978,0.6112942,-0.6534129,-0.81765175,-0.5753487,0.020480514
1356271931925,-0.3844714,0.5416853,0.7475017,-0.42905805,0.61210823,-0.6642535,-0.8173682,-0.5761081,-0.0029236674
1356271931965,-0.40634117,0.5396839,0.7373115,-0.40977168,0.61360395,-0.6749647,-0.81668484,-0.57639533,-0.028185368
1356271932005,-0.4286371,0.53672403,0.726772,-0.38953722,0.61601996,-0.6846752,-0.81518775,-0.57658195,-0.054974973
1356271932045,-0.4514101,0.53223467,0.7162089,-0.36819088,0.6200271,-0.6928217,-0.8128126,-0.57644826,-0.083922505
1356271932085,-0.475012,0.52589285,0.7055496,-0.34490857,0.6263608,-0.69907814,-0.80956876,-0.5754207,-0.11614388
1356271932125,-0.4998213,0.5176002,0.69445574,-0.31923443,0.6352531,-0.7032374,-0.805151,-0.57318723,-0.15227723
1356271932165,-0.5261184,0.50743943,0.68242556,-0.29174674,0.6460649,-0.7053254,-0.7988011,-0.5701801,-0.19186282
1356271932205,-0.5537753,0.49567345,0.6690595,-0.2637917,0.65769106,-0.7055895,-0.78977644,-0.5672304,-0.23345846
1356271932245,-0.58261573,0.48285806,0.65376365,-0.23581825,0.6693524,-0.7045262,-0.77778447,-0.5646374,-0.2761085
1356271932285,-0.61200464,0.46962085,0.6363226,-0.20731118,0.681201,-0.70213056,-0.76319873,-0.56162393,-0.31954044
1356271932326,-0.63990176,0.4566511,0.6180579,-0.17832603,0.6940876,-0.6974541,-0.7474795,-0.55651784,-0.36271518
1356271932366,-0.6617544,0.4444366,0.60378575,-0.15252127,0.70869964,-0.6888266,-0.7340425,-0.5479242,-0.4011991
1356271932406,-0.672603,0.43306243,0.60005164,-0.13629977,0.72450376,-0.6756602,-0.7273427,-0.536238,-0.42827713
1356271932436,-0.67429817,0.42243305,0.60569984,-0.13102618,0.73876595,-0.6611029,-0.7267421,-0.525143,-0.44279873
1356271932466,-0.66590315,0.41229042,0.62176335,-0.13843659,0.75065804,-0.64602464,-0.73308146,-0.5162646,-0.4427895
1356271932506,-0.63829273,0.40004742,0.6576812,-0.16982388,0.76013255,-0.6271829,-0.7508278,-0.51201624,-0.4172495
1356271932536,-0.60156864,0.38693053,0.6988561,-0.20957744,0.76776594,-0.60548556,-0.77083874,-0.5107056,-0.380772
1356271932566,-0.55467576,0.3719612,0.7442981,-0.2563162,0.7746349,-0.5781374,-0.7916039,-0.51145446,-0.3343315
1356271932596,-0.49838302,0.35576037,0.79060036,-0.30580226,0.7811732,-0.5442916,-0.8112332,-0.51303303,-0.28053117
1356271932626,-0.43499756,0.33942538,0.83400697,-0.35387534,0.7872581,-0.5049722,-0.82797915,-0.51479614,-0.22234112
1356271932666,-0.35921192,0.32145306,0.8761476,-0.40391323,0.792776,-0.456465,-0.8413209,-0.5178553,-0.15493548
1356271932706,-0.28585947,0.31162098,0.906188,-0.44517073,0.79422855,-0.41355053,-0.84859145,-0.5216257,-0.08831322
1356271932747,-0.22656316,0.31321406,0.9222615,-0.47577757,0.79063797,-0.38539243,-0.8498852,-0.526107,-0.030109227
1356271932776,-0.1884127,0.32803977,0.92568374,-0.49597365,0.7817532,-0.37798426,-0.84765005,-0.53033185,0.015406907
1356271932816,-0.17367081,0.3515166,0.9199318,-0.5105629,0.76664615,-0.38933176,-0.8421188,-0.5372986,0.046327293
1356271932846,-0.18172991,0.38803327,0.90355104,-0.5190183,0.7425897,-0.42329723,-0.8352211,-0.54588526,0.06644559
1356271932886,-0.21448919,0.43133724,0.87632346,-0.523454,0.7067139,-0.4759741,-0.82461536,-0.5608063,0.07420266
1356271932916,-0.262823,0.47994265,0.83700603,-0.5202486,0.6600963,-0.54186183,-0.8125672,-0.57786494,0.07620096
1356271932956,-0.32328767,0.52573115,0.7868239,-0.50925225,0.6041506,-0.61291444,-0.7975884,-0.5988395,0.07241535
1356271932986,-0.38037282,0.5649254,0.73224026,-0.48923796,0.54898703,-0.6776868,-0.7848329,-0.6160134,0.067563236
1356271933026,-0.42184642,0.59267056,0.6861392,-0.46562615,0.50773585,-0.72484237,-0.7779702,-0.6252566,0.06177646
1356271933066,-0.44302648,0.61075234,0.65628445,-0.4442544,0.48628306,-0.7524406,-0.77869487,-0.6249083,0.055893123
1356271933096,-0.44949633,0.62016225,0.6429246,-0.43013468,0.4805333,-0.76424605,-0.78290313,-0.6200699,0.050755262
1356271933136,-0.44067043,0.6223711,0.6468876,-0.42284933,0.4917534,-0.7611681,-0.7918382,-0.6089604,0.04646814
1356271933166,-0.41990566,0.61265457,0.66957736,-0.42664182,0.5179174,-0.74144346,-0.80103445,-0.5970059,0.043907523
1356271933206,-0.38761544,0.59412056,0.70482266,-0.43647474,0.5551684,-0.7080097,-0.8119384,-0.58207285,0.04412675
1356271933236,-0.34216878,0.55657,0.7570671,-0.45442742,0.60719466,-0.65177476,-0.8224454,-0.5670489,0.04515755
1356271933277,-0.29068744,0.5078327,0.8109296,-0.46805778,0.66372585,-0.58342946,-0.83451945,-0.5491575,0.0447582
1356271933324,-0.23490724,0.43738687,0.8680502,-0.476349,0.72665036,-0.49504638,-0.84729576,-0.5297849,0.037653387
1356271933356,-0.19667132,0.35878825,0.9124645,-0.4721499,0.78097105,-0.4088505,-0.85929906,-0.51122916,0.015807211
1356271933396,-0.19530852,0.28541434,0.9382928,-0.45846027,0.81918055,-0.3446121,-0.86698836,-0.4974756,-0.029141784
1356271933436,-0.23817576,0.2257906,0.94461155,-0.44188,0.8409137,-0.31242,-0.8648783,-0.4918158,-0.10051292
1356271933476,-0.30840683,0.17649518,0.9347378,-0.42760706,0.8520385,-0.30196452,-0.84972787,-0.49282837,-0.1873039
1356271933508,-0.36754423,0.12573504,0.9214672,-0.4217716,0.86053,-0.2856515,-0.8288666,-0.49363828,-0.26325136
1356271933546,-0.40080243,0.07496199,0.91309255,-0.42840692,0.8656366,-0.25911546,-0.8098301,-0.49502927,-0.314835
1356271933576,-0.40213245,0.018159494,0.91540146,-0.44885135,0.86750805,-0.2143881,-0.7980113,-0.49709156,-0.34070224
1356271933616,-0.3553942,-0.04609728,0.93357915,-0.4852631,0.862739,-0.14213018,-0.7988834,-0.50354373,-0.32898182
1356271933656,-0.27043438,-0.11217688,0.9561808,-0.5227238,0.8511505,-0.047985792,-0.80847085,-0.51279545,-0.28881788
1356271933696,-0.16686791,-0.16829222,0.97151065,-0.5450131,0.8368533,0.051353768,-0.8216543,-0.52091676,-0.23136544
1356271933736,-0.06520444,-0.20604876,0.9763668,-0.54703355,0.82570404,0.13772106,-0.83456725,-0.52512544,-0.16655517
1356271933766,0.013419807,-0.22183956,0.97499084,-0.53681934,0.8210427,0.19420056,-0.8435905,-0.526,-0.10806954
1356271933806,0.07872307,-0.22555377,0.97104496,-0.5215603,0.8208012,0.2329384,-0.849575,-0.52479607,-0.053023875
1356271933836,0.12222803,-0.21268888,0.9694451,-0.50891155,0.82515895,0.24519736,-0.85209703,-0.52333176,-0.0073822737
1356271933877,0.15111476,-0.19319187,0.96945405,-0.50360066,0.82886034,0.24367377,-0.85061777,-0.5250404,0.027961493
1356271933906,0.16369602,-0.16216373,0.97309124,-0.5070367,0.83230937,0.22399776,-0.8462372,-0.53006047,0.05402279
1356271933946,0.1640059,-0.1281174,0.9781043,-0.5240908,0.82870126,0.19642593,-0.8357218,-0.5448305,0.06876677
1356271933976,0.15064776,-0.08575094,0.9848614,-0.54857767,0.82152325,0.15544152,-0.8224158,-0.5636899,0.07671958
1356271934017,0.12527841,-0.04265958,0.991204,-0.5812231,0.8065225,0.108172074,-0.80404294,-0.5896623,0.07624513
1356271934056,0.08556823,0.0053884983,0.9963178,-0.6114229,0.78983223,0.048240006,-0.78666395,-0.6132993,0.07087916
1356271934097,0.03806293,0.053400785,0.99784744,-0.62890184,0.77728534,-0.017607689,-0.77655244,-0.62687784,0.0631696
1356271934137,-0.007522151,0.09667477,0.9952876,-0.63008904,0.7724128,-0.07978845,-0.77648646,-0.62772,0.05510348
1356271934176,-0.04164052,0.13089956,0.9905208,-0.6183223,0.77535534,-0.12845863,-0.78482074,-0.6178102,0.048651934
1356271934215,-0.05939442,0.15399332,0.9862851,-0.6000169,0.78411615,-0.15856096,-0.79777944,-0.60120535,0.045826495
1356271934255,-0.06117606,0.1659815,0.9842295,-0.5795065,0.7969503,-0.1704185,-0.81266826,-0.5807929,0.04743308
1356271934322,-0.050571382,0.16765703,0.98454744,-0.5565331,0.81383306,-0.1671727,-0.82928497,-0.5563873,0.05215001
1356271934346,-0.037346214,0.158215,0.9866982,-0.53303087,0.8320384,-0.15359068,-0.84527117,-0.5316766,0.05325997
1356271934403,-0.034123592,0.14208813,0.9892657,-0.5087829,0.84950674,-0.13956444,-0.8602183,-0.5080839,0.043303788
1356271934425,-0.052790552,0.12014775,0.9913514,-0.48575044,0.8642837,-0.13061441,-0.8725019,-0.48844463,0.012735784
1356271934465,-0.10200471,0.09166336,0.9905518,-0.4685977,0.8739237,-0.12912595,-0.8775028,-0.47734177,-0.046191096
1356271934503,-0.17666292,0.056124702,0.9826699,-0.46157748,0.8770618,-0.13307466,-0.86933094,-0.47708768,-0.1290384
1356271934545,-0.25447452,0.015520915,0.96695495,-0.4656378,0.87437296,-0.13657726,-0.847599,-0.4850062,-0.2152785
1356271934585,-0.3066662,-0.026243761,0.9514553,-0.47912794,0.8679916,-0.13048744,-0.8224308,-0.4958849,-0.2787578
1356271934625,-0.31814536,-0.0651371,0.94580156,-0.49950445,0.8594481,-0.108831584,-0.8057783,-0.50705636,-0.30596566
1356271934665,-0.2870462,-0.098594144,0.9528293,-0.52269167,0.8496806,-0.06954357,-0.802744,-0.5179981,-0.2954319
1356271934705,-0.2231915,-0.12501296,0.96672505,-0.5417036,0.8404099,-0.016386747,-0.81039673,-0.52733576,-0.2552923
1356271934745,-0.141765,-0.14280605,0.9795453,-0.55041325,0.83384,0.04190521,-0.8227684,-0.53321403,-0.19681168
1356271934785,-0.05828392,-0.15123877,0.9867775,-0.548035,0.831043,0.09500043,-0.8344223,-0.5352517,-0.1313206
1356271934825,0.01607019,-0.15066455,0.98845434,-0.53922343,0.8311969,0.13546136,-0.8420094,-0.5351746,-0.067884386
1356271934865,0.07500905,-0.14219934,0.9869919,-0.5301604,0.8326165,0.16024889,-0.844573,-0.53528416,-0.012934685
1356271934905,0.11543563,-0.12718469,0.98513883,-0.5258838,0.83355,0.16923551,-0.8426866,-0.5376044,0.029336989
1356271934945,0.13646802,-0.106746435,0.98487645,-0.53023213,0.8319114,0.1636381,-0.83679765,-0.5445445,0.056928933
1356271934985,0.13902217,-0.081704065,0.986913,-0.54548836,0.82544893,0.14517745,-0.82650787,-0.5585325,0.07018709
1356271935025,0.12531841,-0.052834004,0.99070877,-0.5703114,0.8132662,0.115511864,-0.81181294,-0.5794883,0.07178539
1356271935065,0.098606825,-0.021420151,0.99489594,-0.5986215,0.7973709,0.07649848,-0.79493976,-0.60310936,0.06580365
1356271935106,0.06354814,0.010728776,0.9979211,-0.6212399,0.78300136,0.031142741,-0.7810395,-0.6219275,0.056423426
1356271935145,0.02675274,0.041056126,0.9987986,-0.6311579,0.77550983,-0.01497224,-0.77519286,-0.62999916,0.046659946
1356271935185,-0.004063964,0.0668166,0.997757,-0.627733,0.77651453,-0.054557532,-0.7784181,-0.6265466,0.038787246
1356271935225,-0.022907645,0.08580226,0.9960488,-0.6155786,0.78383136,-0.08167869,-0.7877425,-0.61501735,0.03486234
1356271935265,-0.027684525,0.09686619,0.9949123,-0.5998196,0.79458827,-0.09405297,-0.7996562,-0.59937173,0.03610444
1356271935324,-0.02029249,0.099871516,0.99479336,-0.58290493,0.8072088,-0.0929296,-0.8122869,-0.58175576,0.041835368
1356271935347,-0.005424477,0.095394045,0.99542487,-0.56431675,0.82149565,-0.08180119,-0.82554054,-0.5621786,0.04937625
1356271935387,0.009766586,0.083651856,0.9964472,-0.54270834,0.83740383,-0.06498085,-0.8398645,-0.5401455,0.053577125
1356271935427,0.015517749,0.06399898,0.9978293,-0.5186383,0.853718,-0.0466903,-0.8548529,-0.516788,0.046440125
1356271935467,-1.9970536E-4,0.035148233,0.99938214,-0.4960864,0.86773324,-0.030617267,-0.86827314,-0.49578598,0.017263293
1356271935506,-0.045226686,-0.004832372,0.9989651,-0.4817593,0.87612736,-0.017572805,-0.8751357,-0.4820555,-0.04195237
1356271935545,-0.11132634,-0.055215,0.99224883,-0.47983247,0.8773458,-0.005014181,-0.8702685,-0.47667143,-0.124165654
1356271935585,-0.1737015,-0.11012289,0.97862184,-0.48802564,0.8727524,0.011586934,-0.8553705,-0.4755799,-0.20534116
1356271935625,-0.20688462,-0.16176403,0.9648996,-0.50000656,0.86519444,0.03784196,-0.8409472,-0.4746272,-0.25987852
1356271935665,-0.2020185,-0.20377155,0.9579487,-0.5110884,0.8563049,0.07436855,-0.8354503,-0.4745726,-0.27713466
1356271935705,-0.1647188,-0.2332123,0.9583735,-0.5185624,0.8469994,0.116983324,-0.83902377,-0.47770706,-0.26045185
1356271935745,-0.10722268,-0.24850377,0.96267813,-0.5205537,0.8389712,0.1585913,-0.8470698,-0.48412105,-0.2193163
1356271935785,-0.042980492,-0.24941447,0.9674425,-0.5170891,0.834104,0.19206607,-0.8548517,-0.4919989,-0.16481972
1356271935825,0.017248243,-0.2368459,0.97139406,-0.5109847,0.8329927,0.21217392,-0.8594167,-0.5000272,-0.10665697
1356271935865,0.06659445,-0.21259308,0.9748689,-0.5064322,0.8346307,0.21660583,-0.8597044,-0.5081297,-0.05208218
1356271935905,0.10103598,-0.17886144,0.97867274,-0.507294,0.8369535,0.20533285,-0.8558297,-0.51722085,-0.0061728954
1356271935945,0.11874363,-0.13780183,0.9833162,-0.5170492,0.83687615,0.17971773,-0.84767926,-0.52976316,0.028123379
1356271935985,0.11900875,-0.09121895,0.9886941,-0.5382486,0.8308323,0.1414431,-0.8343413,-0.5489962,0.049777865
1356271936025,0.101044476,-0.040675044,0.99405,-0.56980014,0.81669164,0.09133753,-0.81554747,-0.575639,0.059345543
1356271936065,0.06469619,0.01258266,0.9978256,-0.6047929,0.79584813,0.029177368,-0.7937505,-0.6053655,0.059098244
1356271936105,0.012823388,0.06739047,0.9976443,-0.6324829,0.7733175,-0.044107527,-0.7744683,-0.63042724,0.052539825
1356271936145,-0.0472572,0.122163475,0.9913844,-0.64372694,0.75518435,-0.12374276,-0.7637948,-0.6440285,0.042952
1356271936185,-0.10472563,0.17475729,0.97902626,-0.6361976,0.74487936,-0.20101537,-0.7643854,-0.6439057,0.03317219
1356271936225,-0.14942437,0.22262187,0.96338564,-0.6155388,0.7415603,-0.26683402,-0.77381164,-0.6328727,0.02622521
1356271936265,-0.17606427,0.26298073,0.9486003,-0.5907017,0.74264306,-0.3155199,-0.787447,-0.6158916,0.024590313
1356271936323,-0.18357638,0.29303706,0.9383118,-0.56774634,0.7476238,-0.3445617,-0.80247355,-0.5959765,0.029124618
1356271936347,-0.17416683,0.3096581,0.9347607,-0.54847556,0.7578815,-0.35325664,-0.8178266,-0.57421905,0.037842155
1356271936387,-0.15292422,0.3101744,0.9382995,-0.53051287,0.7752917,-0.34275186,-0.83376867,-0.5501951,0.045990646
1356271936427,-0.13050248,0.29285333,0.94720954,-0.51010376,0.799394,-0.3174324,-0.8501548,-0.5246009,0.04506266
1356271936467,-0.12512515,0.26066932,0.95728534,-0.4848865,0.8257196,-0.28822258,-0.86558,-0.5002386,0.023076773
1356271936507,-0.1548467,0.22048983,0.96301967,-0.45654175,0.8484812,-0.26767412,-0.8761235,-0.4811071,-0.030721664
1356271936547,-0.22135022,0.17954168,0.9585242,-0.42840508,0.8650803,-0.26096943,-0.87605536,-0.46840236,-0.11456919
1356271936586,-0.298413,0.13998047,0.94411606,-0.40530613,0.8769798,-0.2581342,-0.86410445,-0.45968664,-0.20496726
1356271936625,-0.35214403,0.099962965,0.93059236,-0.3959871,0.88499355,-0.24490964,-0.84805006,-0.454746,-0.2720611
1356271936665,-0.36161733,0.05513078,0.93069524,-0.4079304,0.8882693,-0.2111171,-0.838347,-0.45600247,-0.29872406
1356271936705,-0.32587084,0.004530534,0.94540346,-0.43684173,0.88611495,-0.15482123,-0.83843756,-0.4634434,-0.28677988
1356271936745,-0.25237665,-0.048758164,0.9663999,-0.47012645,0.87910837,-0.07842013,-0.84574664,-0.47412154,-0.24478889
1356271936785,-0.15991998,-0.09662202,0.98238987,-0.49346378,0.86975074,0.0052141696,-0.8549381,-0.48393995,-0.18676996
1356271936825,-0.06740591,-0.13148147,0.98902434,-0.5026816,0.8607463,0.080168396,-0.8618397,-0.49176052,-0.124112725
1356271936865,0.011770695,-0.14919013,0.9887385,-0.5033597,0.8535012,0.13477659,-0.8639968,-0.49927747,-0.065050006
1356271936905,0.07095623,-0.14908917,0.9862746,-0.5040668,0.8478673,0.16443141,-0.86074495,-0.50881577,-0.014989436
1356271936945,0.107189834,-0.13191159,0.98544896,-0.5119093,0.84236383,0.16844003,-0.8523258,-0.52251554,0.022766054
1356271936985,0.118806094,-0.098318994,0.98803777,-0.53156024,0.8341802,0.14692597,-0.83864707,-0.54265726,0.04684323
1356271937025,0.103962064,-0.048390508,0.99340343,-0.5634382,0.82021487,0.09891936,-0.81959105,-0.5700052,0.058006167
1356271937065,0.060826212,0.017696708,0.9979914,-0.60091424,0.798998,0.022456765,-0.7969957,-0.6010732,0.059234202
1356271937105,-0.008194193,0.09697279,0.99525326,-0.6306155,0.77191925,-0.08040422,-0.7760522,-0.62828094,0.054827332
1356271937145,-0.08998938,0.17992376,0.97955567,-0.63995266,0.74318194,-0.19529773,-0.7631268,-0.644444,0.048264205
1356271937185,-0.16161847,0.25274026,0.95394015,-0.6278515,0.7194461,-0.29698443,-0.7613685,-0.64693093,0.042407572
1356271937225,-0.2045131,0.30439025,0.9303337,-0.605917,0.7070868,-0.36454475,-0.76879054,-0.6382592,0.03982675
1356271937265,-0.21420738,0.33120948,0.91892076,-0.586569,0.70863044,-0.39214754,-0.7810582,-0.62301135,0.04248339
1356271937323,-0.19413093,0.33262938,0.9228601,-0.5745788,0.72393966,-0.3817991,-0.7950925,-0.60437495,0.050582767
1356271937346,-0.15010616,0.3086097,0.93927,-0.56667984,0.7516339,-0.33752126,-0.81014943,-0.5829294,0.06205803
1356271937385,-0.093019426,0.26137483,0.96074486,-0.55508083,0.78744924,-0.26797193,-0.826579,-0.55821764,0.071836054
1356271937425,-0.04335244,0.19962394,0.97891307,-0.5339751,0.8235091,-0.19158113,-0.844388,-0.53102076,0.07089311
1356271937463,-0.026634403,0.1377008,0.9901157,-0.5063499,0.85214466,-0.13213338,-0.8619167,-0.50486434,0.047028422
1356271937505,-0.061190784,0.08836551,0.99420685,-0.48068792,0.87034625,-0.10694182,-0.87475413,-0.48444706,-0.0107809305
1356271937545,-0.13712925,0.050714985,0.98925406,-0.4610033,0.8806723,-0.10905217,-0.8767392,-0.4710036,-0.09738612
1356271937586,-0.21792161,0.01477164,0.9758545,-0.44790566,0.88685405,-0.11344786,-0.86711633,-0.4618135,-0.18664837
1356271937625,-0.2635932,-0.031268924,0.964127,-0.44702587,0.8896353,-0.09336425,-0.8548021,-0.4555999,-0.24847984
1356271937665,-0.2550518,-0.092314154,0.9625106,-0.4623867,0.88588244,-0.03756118,-0.8492038,-0.45463216,-0.26863074
1356271937705,-0.19536498,-0.1645141,0.9668338,-0.48615727,0.8724274,0.05021389,-0.8517532,-0.46022326,-0.25042152
1356271937745,-0.10215381,-0.23632148,0.9662901,-0.5031682,0.8502216,0.15474136,-0.8581295,-0.47039914,-0.20576286
1356271937785,6.0528517E-4,-0.29517278,0.95544374,-0.5040927,0.82507855,0.2552174,-0.86364937,-0.4817867,-0.14829504
1356271937825,0.09298229,-0.3337448,0.9380664,-0.49193516,0.8037223,0.3347091,-0.8656524,-0.4925899,-0.08944887
1356271937865,0.16508701,-0.3510027,0.9217068,-0.4768355,0.7896462,0.3861177,-0.86335063,-0.50324553,-0.037010193
1356271937905,0.21449894,-0.34873664,0.91234475,-0.46898323,0.7825895,0.4094001,-0.85676426,-0.51569027,0.004312992
1356271937945,0.24192226,-0.3287479,0.9129066,-0.47597787,0.7796644,0.40690106,-0.84552866,-0.5329617,0.032141447
1356271937985,0.24763563,-0.2915628,0.9239414,-0.50162077,0.7772912,0.37973014,-0.82888675,-0.5575029,0.04623103
1356271938025,0.22903728,-0.23589385,0.94440246,-0.5436492,0.7737834,0.32512265,-0.8074573,-0.58788884,0.048981726
1356271938065,0.18114123,-0.15964378,0.9704131,-0.59341437,0.7691221,0.23729822,-0.7842494,-0.6188415,0.04458481
1356271938105,0.10089212,-0.061705887,0.9929819,-0.6352742,0.76411766,0.11203092,-0.76566803,-0.6421188,0.037893295
1356271938145,0.0020562708,0.046244442,0.99892807,-0.6526483,0.7569113,-0.03369701,-0.75765824,-0.65187943,0.031737745
1356271938185,-0.08302361,0.14024472,0.9866299,-0.64229757,0.7494454,-0.16057856,-0.76194555,-0.6470418,0.027857184
1356271938225,-0.1297117,0.20174266,0.9708114,-0.61934155,0.7481108,-0.23821488,-0.7743326,-0.63216305,0.027908862
1356271938265,-0.13576509,0.22670534,0.96445453,-0.5981916,0.75724214,-0.26220453,-0.7897687,-0.61252683,0.032806218
1356271938323,-0.108922824,0.21812572,0.9698232,-0.58175075,0.7771152,-0.24012083,-0.80604094,-0.59035,0.042249203
1356271938346,-0.06096886,0.18126734,0.98154205,-0.5648038,0.8045282,-0.18366012,-0.82296985,-0.5655762,0.05332929
1356271938387,-0.010478735,0.12712328,0.9918316,-0.54050887,0.8337727,-0.11257532,-0.8412731,-0.5372734,0.059974372
1356271938427,0.01943466,0.069338456,0.99740386,-0.50950557,0.8590256,-0.049790725,-0.86024785,-0.50721514,0.052023172
1356271938467,0.008024864,0.020375907,0.99976015,-0.48152483,0.8763207,-0.013994992,-0.8763957,-0.48129702,0.016843855
1356271938507,-0.05121854,-0.016026855,0.9985588,-0.4665327,0.88445044,-0.009734169,-0.88301975,-0.46635896,-0.05277729
1356271938546,-0.14013064,-0.045582563,0.9890832,-0.46453342,0.8852021,-0.025018737,-0.8743981,-0.4629681,-0.14521855
1356271938585,-0.21885335,-0.07881352,0.9725696,-0.47101638,0.88144714,-0.034561604,-0.85454476,-0.46566013,-0.23003012
1356271938625,-0.25275424,-0.123178035,0.9596575,-0.48655316,0.87350386,-0.016028538,-0.8362902,-0.47097564,-0.2807145
1356271938665,-0.23078626,-0.17818195,0.9565506,-0.51010305,0.8593172,0.036997557,-0.82857263,-0.4794008,-0.28920978
1356271938705,-0.16360015,-0.23551139,0.9580028,-0.53173494,0.83900464,0.11545189,-0.83095896,-0.49051565,-0.26249093
1356271938745,-0.07225165,-0.28399748,0.9560989,-0.5400946,0.81703377,0.2018753,-0.83849716,-0.50179803,-0.21241754
1356271938785,0.019986272,-0.31528583,0.9487862,-0.5322065,0.7999984,0.2770539,-0.8463786,-0.51048744,-0.15180814
1356271938826,0.09799346,-0.3271962,0.9398617,-0.5147497,0.79159766,0.32925045,-0.8517218,-0.5160579,-0.09085274
1356271938865,0.1561225,-0.32143968,0.9339712,-0.49765408,0.79118323,0.3554849,-0.8532093,-0.52029383,-0.036444247
1356271938905,0.19435754,-0.30065414,0.93371964,-0.48949108,0.79516363,0.35792923,-0.85007274,-0.52661365,0.0073785186
1356271938945,0.21444863,-0.26696444,0.9395434,-0.49665874,0.79847676,0.34024262,-0.84103626,-0.539597,0.03864205
1356271938985,0.21672946,-0.22160004,0.95074797,-0.5220531,0.79663515,0.304685,-0.82491744,-0.5623752,0.056967318
1356271939025,0.19824857,-0.16492078,0.9661773,-0.5618651,0.78858125,0.24989446,-0.8031221,-0.5924025,0.06367189
1356271939065,0.15531841,-0.09744182,0.98304695,-0.60431194,0.7778324,0.17257991,-0.78146225,-0.6208719,0.061926425
1356271939105,0.09054586,-0.023038924,0.9956258,-0.6347921,0.7689831,0.07552472,-0.76735944,-0.6388538,0.055003345
1356271939145,0.019086197,0.04966545,0.99858356,-0.64384866,0.7647202,-0.025727987,-0.7649149,-0.6424456,0.046572626
1356271939186,-0.037264287,0.10874537,0.9933709,-0.6333356,0.76635313,-0.10765186,-0.7729795,-0.63314867,0.040314734
1356271939235,-0.062418506,0.146145,0.98729205,-0.61062765,0.7768783,-0.15360332,-0.7894541,-0.6124555,0.040748596
1356271939276,-0.0595534,0.15917957,0.9854518,-0.5888072,0.7915753,-0.16344592,-0.8060765,-0.5899749,0.046585083
1356271939324,-0.040443808,0.154869,0.9871068,-0.567451,0.80957973,-0.15026611,-0.8224132,-0.5662121,0.05513805
1356271939356,-0.017362475,0.13777983,0.9903107,-0.5434205,0.8300993,-0.12501736,-0.83928114,-0.54032576,0.060459793
1356271939397,-0.00702665,0.112348065,0.9936441,-0.51624006,0.8506062,-0.09982586,-0.85641515,-0.5136603,0.052021623
1356271939437,-0.027277403,0.08328362,0.9961525,-0.49021608,0.86735386,-0.085938856,-0.871174,-0.49067414,0.017167807
1356271939477,-0.085960954,0.05264713,0.99490654,-0.47136664,0.87761915,-0.08716726,-0.8777381,-0.47645873,-0.050624847
1356271939517,-0.16666138,0.018876076,0.9858335,-0.46239898,0.88156253,-0.095051035,-0.8708681,-0.4716897,-0.13819414
1356271939555,-0.23451099,-0.01922141,0.9719234,-0.46269476,0.8814978,-0.094208434,-0.8549375,-0.4717968,-0.21561456
1356271939595,-0.2636863,-0.059635952,0.9627632,-0.47047812,0.8792702,-0.07439266,-0.8420925,-0.47257537,-0.2599089
1356271939635,-0.24986592,-0.098303154,0.96327746,-0.48217148,0.8753475,-0.0357413,-0.839689,-0.47339544,-0.26611847
1356271939675,-0.20118725,-0.13059655,0.97080797,-0.49349597,0.8696236,0.014714256,-0.84615916,-0.47612953,-0.23940605
1356271939715,-0.1341646,-0.15206484,0.9792223,-0.50124645,0.862836,0.06531462,-0.8548403,-0.4820688,-0.19198406
1356271939755,-0.06309217,-0.16039634,0.98503417,-0.5049432,0.85647964,0.10712133,-0.8608436,-0.49062777,-0.13502818
1356271939795,6.8194047E-4,-0.15524377,0.987876,-0.50613767,0.85194284,0.13423143,-0.86245245,-0.50009274,-0.07799375
1356271939835,0.04982704,-0.13805023,0.9891711,-0.5079433,0.8492504,0.14410907,-0.8599482,-0.50962335,-0.027806044
1356271939875,0.08045933,-0.11087525,0.99057204,-0.514515,0.84653986,0.1365452,-0.8536982,-0.5206505,0.011065066
1356271939915,0.09132227,-0.075613216,0.9929466,-0.5302465,0.8403121,0.11275737,-0.842911,-0.53680366,0.03664559
1356271939955,0.082212426,-0.033705235,0.99604464,-0.55732256,0.8269932,0.07398543,-0.82621586,-0.56120074,0.04920447
1356271939995,0.053620853,0.013527125,0.99846977,-0.5924221,0.80535644,0.020903975,-0.8038413,-0.59263647,0.051197648
1356271940035,0.008750334,0.06400594,0.9979112,-0.6262382,0.7783646,-0.044432938,-0.77958274,-0.6245413,0.046893895
1356271940075,-0.04441358,0.114079386,0.9924783,-0.647745,0.7530444,-0.11554465,-0.7605615,-0.64800465,0.040448964
1356271940115,-0.093822956,0.1585723,0.9828795,-0.650895,0.73725617,-0.1810774,-0.7533479,-0.65674055,0.03404236
1356271940155,-0.12759161,0.19277224,0.9729127,-0.6387423,0.73446107,-0.22929278,-0.7587678,-0.6506964,0.029420733
1356271940195,-0.13956802,0.21335569,0.96695405,-0.61972106,0.74280614,-0.25334728,-0.77231246,-0.634601,0.028549075
1356271940235,-0.1303194,0.21888916,0.967008,-0.6008844,0.75836104,-0.252639,-0.7886411,-0.61398375,0.032697916
1356271940275,-0.103942096,0.2094475,0.9722797,-0.58364624,0.77871096,-0.23014411,-0.80532795,-0.59138906,0.041302383
1356271940324,-0.067167684,0.1861656,0.98021984,-0.56480634,0.80277574,-0.19116727,-0.82248545,-0.56647456,0.051226914
1356271940355,-0.030955732,0.15137216,0.98799205,-0.5401902,0.8291383,-0.14395908,-0.8409734,-0.53815997,0.05610317
1356271940395,-0.011254497,0.10784206,0.9941043,-0.50910854,0.85504514,-0.09852043,-0.86062866,-0.50721586,0.045280218
1356271940433,-0.024469085,0.057435066,0.9980494,-0.47710833,0.8766445,-0.062145755,-0.8785038,-0.47769827,0.00595206
1356271940475,-0.077950925,7.465482E-4,0.99695694,-0.45360696,0.890469,-0.03613381,-0.88778627,-0.45504326,-0.06907427
1356271940515,-0.15288854,-0.062285244,0.9862787,-0.44561917,0.8951347,-0.012548551,-0.8820707,-0.44142318,-0.16461134
1356271940555,-0.21359718,-0.12792034,0.9685105,-0.4534675,0.8910973,0.017687052,-0.8652996,-0.4354101,-0.24834359
1356271940595,-0.23293495,-0.19144934,0.9534613,-0.4719835,0.87947464,0.06128557,-0.85027814,-0.43574244,-0.29522133
1356271940635,-0.2059505,-0.24880037,0.9464052,-0.49323228,0.8616926,0.119196326,-0.84516644,-0.44224903,-0.3001824
1356271940675,-0.1403479,-0.2958842,0.9448572,-0.50886625,0.8401743,0.18751615,-0.84932774,-0.4544884,-0.26848215
1356271940715,-0.054300368,-0.32900152,0.94276696,-0.51272166,0.81937236,0.2564088,-0.856836,-0.46945393,-0.2131784
1356271940755,0.034601063,-0.34626666,0.93749785,-0.5047437,0.8035773,0.31543192,-0.86257565,-0.4841104,-0.14697129
1356271940795,0.11348039,-0.3482729,0.9304989,-0.4909648,0.79455286,0.35726652,-0.86375684,-0.49738494,-0.08082354
1356271940835,0.17548293,-0.33716848,0.924945,-0.4798647,0.7910632,0.37940603,-0.85961366,-0.5104277,-0.022977173
1356271940875,0.21815616,-0.31526288,0.9235893,-0.4788876,0.7900258,0.3827871,-0.8503379,-0.5258028,0.02137351
1356271940915,0.24148223,-0.28422388,0.9278486,-0.49290845,0.7876904,0.36957425,-0.83589923,-0.54659003,0.050116897
1356271940955,0.24602002,-0.24502343,0.93778336,-0.5227679,0.78119135,0.34125316,-0.81620336,-0.5741982,0.0640983
1356271940995,0.23159787,-0.19827971,0.95239043,-0.5635996,0.77061987,0.29749018,-0.7929174,-0.60566497,0.066723526
1356271941035,0.19740456,-0.14468783,0.9695859,-0.60523325,0.76006055,0.23664464,-0.7711836,-0.6335404,0.062469542
1356271941075,0.14486155,-0.08577779,0.9857267,-0.6357429,0.7553147,0.15915559,-0.758186,-0.64972436,0.05488342
1356271941115,0.0825588,-0.025251329,0.9962663,-0.6465308,0.75940406,0.07282472,-0.75840765,-0.65012914,0.04636973
1356271941155,0.026082426,0.031113267,0.9991755,-0.63835156,0.7697103,-0.0073044896,-0.7693029,-0.6376347,0.03993714
1356271941195,-0.011964321,0.07715443,0.9969474,-0.6191026,0.7823625,-0.0679774,-0.7852191,-0.618026,0.038406074
1356271941235,-0.027927041,0.10939437,0.99360603,-0.5963735,0.7958905,-0.10438834,-0.8022211,-0.59547555,0.043013036
1356271941275,-0.025197864,0.12691012,0.9915941,-0.5725951,0.81124675,-0.11837867,-0.81945086,-0.5707649,0.052226424
1356271941327,-0.011145353,0.13046168,0.9913907,-0.54155177,0.8326726,-0.115663424,-0.84059346,-0.5381785,0.061371326
1356271941366,-6.789565E-4,0.11728275,0.9930983,-0.50669426,0.8561355,-0.10145417,-0.8621256,-0.5032661,0.058845222
1356271941407,-0.020741224,0.10113381,0.9946566,-0.4693486,0.8774453,-0.09900327,-0.8827693,-0.46889418,0.029267728
1356271941447,-0.0851354,0.08632006,0.9926232,-0.43291563,0.8940841,-0.11488128,-0.89740515,-0.43950254,-0.03874892
1356271941487,-0.18753248,0.07590401,0.9793212,-0.3983509,0.9054644,-0.14646076,-0.8978575,-0.41757965,-0.13956755
1356271941527,-0.2911485,0.06721592,0.9543136,-0.3681887,0.9128206,-0.17662293,-0.882989,-0.40279102,-0.24101824
1356271941565,-0.35828686,0.055728212,0.93194675,-0.3513679,0.9167753,-0.18990439,-0.8649688,-0.39549643,-0.30888742
1356271941605,-0.37537485,0.039129898,0.9260467,-0.35514897,0.9167826,-0.18269882,-0.8561325,-0.39746508,-0.3302402
1356271941645,-0.3469643,0.018487707,0.9376961,-0.37770683,0.91238886,-0.15774702,-0.85845983,-0.40890676,-0.30958343
1356271941685,-0.2855562,-0.0018281937,0.95836025,-0.4098423,0.9041763,-0.12039313,-0.8663065,-0.42715558,-0.25894243
1356271941725,-0.20782587,-0.015087619,0.97804946,-0.4414327,0.8937198,-0.080013394,-0.87289494,-0.4483719,-0.19239825
1356271941765,-0.13047835,-0.014829189,0.99134016,-0.46761015,0.8826119,-0.04834327,-0.8742517,-0.4698685,-0.122096
1356271941805,-0.06772065,0.0038642436,0.9976968,-0.48901927,0.8715061,-0.03656864,-0.8696402,-0.49036944,-0.057129264
1356271941845,-0.030236512,0.044246554,0.998563,-0.5096292,0.8587303,-0.05348213,-0.85986274,-0.51051396,-0.0034156442
1356271941885,-0.026659109,0.108885825,0.9936967,-0.533767,0.8389304,-0.10624711,-0.84521127,-0.53323495,0.0357545
1356271941925,-0.06611292,0.19983155,0.97759736,-0.5602872,0.8032676,-0.20208772,-0.8256558,-0.56109583,0.058856666
1356271941965,-0.1539494,0.3138976,0.93689275,-0.5763533,0.7416462,-0.3431878,-0.8025688,-0.59281474,0.06673992
1356271942005,-0.2770261,0.4333947,0.8575695,-0.56229395,0.6505985,-0.510438,-0.7791546,-0.6236109,0.063462555
1356271942045,-0.3988797,0.5308874,0.7476987,-0.51279587,0.5468296,-0.6618291,-0.7602206,-0.64740705,0.05411774
1356271942085,-0.48390013,0.5934019,0.6432067,-0.44901812,0.46251023,-0.7645045,-0.7511481,-0.65875524,0.042639434
1356271942125,-0.5218277,0.62940335,0.5758015,-0.39759398,0.41774035,-0.81695294,-0.75472844,-0.65524375,0.03225839
1356271942165,-0.5230691,0.65020365,0.55103004,-0.36984628,0.40932047,-0.83406866,-0.7678623,-0.64007187,0.026372492
1356271942205,-0.49901962,0.6591859,0.5625419,-0.3653895,0.4285704,-0.826328,-0.7857925,-0.6179008,0.026994586
1356271942245,-0.45428228,0.6536215,0.6053152,-0.37990385,0.47245556,-0.79527277,-0.805792,-0.59123987,0.033685148
1356271942285,-0.38927495,0.62716067,0.67463654,-0.40446782,0.54163986,-0.73690706,-0.8275692,-0.5597282,0.04281944
1356271942326,-0.31065762,0.57349473,0.7580208,-0.42335248,0.6305307,-0.6505411,-0.8510373,-0.52300555,0.04691124
1356271942366,-0.2416462,0.49666306,0.8336263,-0.420409,0.72068703,-0.55124086,-0.87456465,-0.4836693,0.034650385
1356271942407,-0.21546173,0.41504422,0.8839201,-0.39327732,0.79164475,-0.46758053,-0.8938173,-0.44837138,-0.007341683
1356271942447,-0.24463344,0.34361,0.90668994,-0.35623938,0.8378521,-0.4136391,-0.9018026,-0.42418864,-0.08255923
1356271942487,-0.30899096,0.2838362,0.9077232,-0.32467955,0.8656085,-0.381189,-0.8939282,-0.41250318,-0.17530936
1356271942527,-0.36852375,0.22673826,0.9015431,-0.31107548,0.883813,-0.34943745,-0.87602633,-0.40922394,-0.2551734
1356271942567,-0.39365125,0.16548645,0.9042416,-0.3226978,0.89618576,-0.30449495,-0.86075824,-0.4116616,-0.29938257
1356271942607,-0.37411487,0.09834632,0.92215294,-0.35766953,0.9021302,-0.24131647,-0.8556346,-0.42010608,-0.30232483
1356271942647,-0.31304345,0.028706044,0.9493048,-0.40437248,0.9003883,-0.16057304,-0.85935247,-0.4341391,-0.27025276
1356271942687,-0.22345385,-0.03530164,0.974075,-0.44674915,0.8919039,-0.07016109,-0.8663046,-0.45084494,-0.21507037
1356271942727,-0.124286026,-0.084209815,0.9886666,-0.47448426,0.8801307,0.015317485,-0.8714457,-0.46720296,-0.1493442
1356271942766,-0.033724487,-0.111500666,0.9931919,-0.48838902,0.86886233,0.08095923,-0.87197405,-0.48233375,-0.08375764
1356271942809,0.037612494,-0.11581561,0.9925583,-0.496672,0.8597228,0.119136974,-0.86712295,-0.49745697,-0.025186062
1356271942845,0.08272681,-0.09644091,0.9918948,-0.50820774,0.8520807,0.12523283,-0.85725206,-0.51444876,0.021477878
1356271942888,0.09817338,-0.054580614,0.9936714,-0.5313416,0.841387,0.09871173,-0.84145,-0.5376699,0.053600848
1356271942935,0.07282523,0.016282111,0.9972118,-0.5702603,0.82097846,0.0282408,-0.81822956,-0.57072693,0.06907296
1356271942975,-0.001872763,0.121742755,0.9925599,-0.6086378,0.7874066,-0.097728014,-0.79344594,-0.6042925,0.0726226
1356271943015,-0.113991335,0.24151543,0.96367854,-0.62636566,0.7354527,-0.25840923,-0.7711498,-0.63307154,0.0674417
1356271943055,-0.23875552,0.35706553,0.90305036,-0.6088022,0.66945606,-0.42566234,-0.7565419,-0.65140826,0.0575459
1356271943095,-0.33908436,0.44797212,0.82725006,-0.56375116,0.60720956,-0.55989385,-0.753131,-0.6562145,0.046649575
1356271943135,-0.39624065,0.5093167,0.7639306,-0.51521015,0.5653514,-0.6441555,-0.75996834,-0.6488254,0.03838992
1356271943175,-0.41468433,0.5469486,0.7272442,-0.48032925,0.5472194,-0.68544495,-0.77286524,-0.63355994,0.035792112
1356271943215,-0.40386257,0.5655408,0.71906793,-0.4641585,0.5506581,-0.6937813,-0.7883222,-0.61395377,0.04011035
1356271943255,-0.3688767,0.56512916,0.73794246,-0.46393397,0.5760163,-0.67303085,-0.8054162,-0.59062195,0.049703598
1356271943325,-0.30886343,0.5411521,0.78214943,-0.4683429,0.6292106,-0.62028134,-0.82780325,-0.5578964,0.05910462
1356271943342,-0.24180025,0.4840552,0.8409657,-0.46649376,0.70196235,-0.53817517,-0.85083264,-0.5224361,0.056074083
1356271943372,-0.1944036,0.4153742,0.8886347,-0.44947997,0.767493,-0.4570802,-0.8718802,-0.4882815,0.03749901
1356271943415,-0.21269235,0.36981785,0.9044317,-0.40804583,0.8074213,-0.4261096,-0.8878404,-0.45967984,-0.020829678
1356271943455,-0.2750959,0.33415288,0.90147877,-0.35713595,0.8350458,-0.41851193,-0.89262307,-0.43708146,-0.110379696
1356271943495,-0.3472641,0.30153927,0.8879649,-0.31140134,0.85608244,-0.4124949,-0.88455456,-0.41975814,-0.20338696
1356271943535,-0.39398634,0.26165834,0.88108444,-0.29107723,0.8737585,-0.38964105,-0.8718078,-0.40997684,-0.26808614
1356271943575,-0.39909717,0.20963521,0.89262223,-0.3062748,0.8871175,-0.3452799,-0.8642436,-0.41118798,-0.2898401
1356271943615,-0.3609396,0.14577651,0.92112535,-0.35018522,0.8942447,-0.2787412,-0.8643454,-0.42317322,-0.27171957
1356271943655,-0.28739104,0.07585555,0.9548048,-0.40420333,0.89414024,-0.19269899,-0.8683467,-0.44131526,-0.2263068
1356271943695,-0.1940937,0.010206878,0.9809299,-0.4496475,0.8877907,-0.09820816,-0.8718628,-0.46013424,-0.16772509
1356271943735,-0.099770576,-0.040576026,0.9941827,-0.47804505,0.8782515,-0.012129486,-0.8726504,-0.47647434,-0.107020855
1356271943775,-0.020343836,-0.069197446,0.9973955,-0.4920782,0.86909896,0.05025956,-0.87031317,-0.48977414,-0.051731348
1356271943816,0.03524291,-0.07294026,0.99671346,-0.5007787,0.8617983,0.08077419,-0.8648576,-0.50197953,-0.0061546564
1356271943855,0.060116917,-0.047855154,0.99704355,-0.51466334,0.8543607,0.0720385,-0.8552821,-0.5174725,0.026732266
1356271943895,0.04755669,0.010132343,0.9988172,-0.5411184,0.8407698,0.01723525,-0.8396008,-0.5412979,0.04546702
1356271943935,-0.015921503,0.110357136,0.99376446,-0.57617545,0.8112688,-0.099322215,-0.8171709,-0.57416403,0.050668478
1356271943975,-0.14314793,0.25749055,0.9556188,-0.59516895,0.74906564,-0.29098898,-0.7907482,-0.6104091,0.04602313
