1356272339075,0.865271,0.40166652,0.29995036,-0.28797948,-0.09149183,0.9532561,0.41033405,-0.9112043,0.036506504
1356272339115,-0.9008894,-0.39881885,0.17129426,-0.14151086,-0.103206575,-0.9845421,0.41033262,-0.91120356,0.036540568
1356272339155,-0.9008953,-0.39877716,0.17136075,-0.14147636,-0.10344875,-0.9845217,0.4103318,-0.9111944,0.036778867
1356272339200,-0.90090865,-0.39864984,0.17158663,-0.1413646,-0.1042577,-0.98445237,0.41034096,-0.91115785,0.03757161
1356272339235,-0.9009194,-0.3984779,0.1719292,-0.14117216,-0.10553342,-0.984344,0.41038364,-0.9110862,0.038823128
1356272339274,-0.9009346,-0.39833403,0.17218252,-0.1407973,-0.10699499,-0.98423994,0.41047895,-0.9109787,0.040311098
1356272339315,-0.9009674,-0.39830357,0.1720808,-0.14021885,-0.10803515,-0.9842088,0.41060466,-0.9108691,0.04148662
1356272339355,-0.9010369,-0.3984107,0.1714677,-0.13943854,-0.10826844,-0.98429406,0.41071784,-0.9107946,0.042000175
1356272339395,-0.90115535,-0.39865732,0.17026821,-0.13841705,-0.10760051,-0.9845115,0.41080365,-0.9107659,0.04178387
1356272339436,-0.9013191,-0.39904317,0.16848856,-0.13709977,-0.106167674,-0.98485124,0.41088623,-0.91076505,0.040982306
1356272339475,-0.90151614,-0.39953208,0.16626066,-0.13546544,-0.10434151,-0.98527247,0.41099584,-0.91076165,0.0399428
1356272339515,-0.9017317,-0.4000618,0.16379964,-0.13356893,-0.10252792,-0.9857217,0.41114366,-0.91073513,0.039016902
1356272339554,-0.9019574,-0.40057772,0.16127741,-0.13150364,-0.100942016,-0.9861631,0.4113146,-0.9106856,0.038367987
1356272339595,-0.90219235,-0.4010383,0.1587992,-0.12939332,-0.09956837,-0.9865817,0.41146842,-0.91063404,0.037938118
1356272339634,-0.9024255,-0.40147504,0.1563524,-0.12735412,-0.09811586,-0.98699254,0.4115935,-0.9105993,0.037412703
1356272339675,-0.90235704,-0.4017892,0.15593944,-0.12739976,-0.09698486,-0.9870984,0.41172922,-0.9105819,0.036327183
1356272339714,-0.9027124,-0.40262634,0.15166509,-0.12416692,-0.09371388,-0.987826,0.4119379,-0.91055465,0.034603894
1356272339755,-0.9029185,-0.4034864,0.14811149,-0.12160167,-0.090711236,-0.98842525,0.41225156,-0.910478,0.032840192
1356272339795,-0.90299624,-0.40433493,0.14529584,-0.119443625,-0.0885973,-0.98888004,0.41271156,-0.9103097,0.031707823
1356272339835,-0.902929,-0.40523773,0.14318393,-0.11756992,-0.08755338,-0.9891975,0.41339636,-0.91000926,0.031410635
1356272339875,-0.90269226,-0.40630168,0.14165369,-0.11589374,-0.08746278,-0.9894033,0.41438565,-0.90954345,0.031864107
1356272339915,-0.90229315,-0.4075449,0.14062038,-0.11436765,-0.088217735,-0.9895138,0.41567656,-0.908914,0.03298837
1356272339955,-0.90178496,-0.40884766,0.14009888,-0.11305675,-0.08971363,-0.9895301,0.41713583,-0.9081824,0.034679294
1356272340021,-0.90124136,-0.41000485,0.1402143,-0.11216654,-0.09181422,-0.98943865,0.41854832,-0.90745044,0.036757946
1356272340036,-0.9007121,-0.41084003,0.14116712,-0.1119933,-0.09437072,-0.9892177,0.41973233,-0.9068101,0.038989604
1356272340074,-0.9001849,-0.41124287,0.14334054,-0.113123626,-0.09704089,-0.98883075,0.42055947,-0.90634567,0.040833414
1356272340115,-0.89969194,-0.4111463,0.14667372,-0.115629405,-0.09954035,-0.9882923,0.42093265,-0.90611833,0.042015076
1356272340155,-0.89918697,-0.41039768,0.15177786,-0.12010613,-0.102054715,-0.9875016,0.420758,-0.906178,0.042474985
1356272340194,-0.89866626,-0.40882027,0.15894918,-0.12678766,-0.10479957,-0.98637813,0.41990918,-0.90657765,0.042346537
1356272340235,-0.89904207,-0.40702075,0.16142301,-0.12944804,-0.10511422,-0.98599905,0.41828996,-0.9073506,0.04181415
1356272340275,-0.89764655,-0.40299326,0.17840151,-0.1455509,-0.11100423,-0.98310375,0.4159875,-0.9084462,0.040986538
1356272340316,-0.8962995,-0.39887932,0.19375919,-0.16035464,-0.115835965,-0.980239,0.4134413,-0.9096578,0.0398615
1356272340355,-0.89490193,-0.39562255,0.20647866,-0.1728593,-0.11926019,-0.97769976,0.41142476,-0.91063714,0.03833908
1356272340395,-0.8934299,-0.39446533,0.21489583,-0.18144773,-0.120719194,-0.97596294,0.41092557,-0.9109468,0.03627932
1356272340435,-0.89192957,-0.39662477,0.2171419,-0.18433562,-0.11956257,-0.97556406,0.41289487,-0.9101613,0.033529162
1356272340475,-0.8903837,-0.40316948,0.21135576,-0.17991725,-0.11481613,-0.9769581,0.41814673,-0.9078941,0.029693186
1356272340515,-0.88854283,-0.4147652,0.1961165,-0.16738299,-0.104937494,-0.9802914,0.4271707,-0.9038574,0.023816705
1356272340555,-0.8858281,-0.4312995,0.17114134,-0.14753115,-0.08790082,-0.98514366,0.43993545,-0.89791656,0.0142349005
1356272340595,-0.881598,-0.45098352,0.13927947,-0.12424581,-0.06294477,-0.990253,0.4553547,-0.89030993,-5.4085255E-4
1356272340635,-0.8757764,-0.47073096,0.10690175,-0.1038429,-0.032553017,-0.9940608,0.47141516,-0.881676,-0.020372927
1356272340675,-0.86897653,-0.4882269,0.08071172,-0.0917175,-0.0013746023,-0.99578416,0.4862795,-0.8727157,-0.043584526
1356272340715,-0.8618893,-0.5028864,0.065207794,-0.09067544,0.026319504,-0.99553263,0.4989236,-0.8639517,-0.068283975
1356272340755,-0.854671,-0.51546645,0.06190172,-0.10128713,0.048611045,-0.99366885,0.5091939,-0.85552984,-0.09375656
1356272340795,-0.8468053,-0.52724636,0.07022919,-0.12297055,0.065601885,-0.99023974,0.51749307,-0.8471763,-0.12038779
1356272340835,-0.8372952,-0.5396421,0.08788125,-0.15414225,0.0787707,-0.9849037,0.524573,-0.8382014,-0.14913589
1356272340875,-0.8249855,-0.55413216,0.1110698,-0.19225939,0.09036946,-0.97717434,0.5314464,-0.82750887,-0.1810906
1356272340915,-0.80894876,-0.5721934,0.1348944,-0.23393121,0.102801025,-0.966803,0.5393311,-0.8136502,-0.21701461
1356272340955,-0.7889051,-0.5947732,0.1545107,-0.27554888,0.11764014,-0.9540616,0.5492736,-0.7952393,-0.25669593
1356272341007,-0.76542693,-0.62136275,0.16742155,-0.31479383,0.1346206,-0.9395649,0.56127226,-0.7718715,-0.29864335
1356272341038,-0.73965067,-0.64893985,0.17830874,-0.35270143,0.14813381,-0.9239362,0.5731655,-0.7462798,-0.33844924
1356272341078,-0.712999,-0.67339134,0.19538808,-0.39052388,0.14994597,-0.90829915,0.58234316,-0.72392005,-0.36988676
1356272341118,-0.68552583,-0.6909611,0.2294062,-0.4301511,0.13017523,-0.89332217,0.58738786,-0.71107465,-0.3864562
1356272341157,-0.65626496,-0.6970385,0.28888363,-0.4726296,0.08130705,-0.8775024,0.5881646,-0.71240896,-0.38280004
1356272341197,-0.6207604,-0.6857937,0.37992576,-0.5220954,9.095669E-5,-0.8528871,0.58487,-0.727796,-0.3581062
1356272341238,-0.57197493,-0.6466323,0.5046893,-0.58337235,-0.11185753,-0.8044654,0.5766466,-0.7545558,-0.31324774
1356272341277,-0.50634634,-0.5743559,0.6432174,-0.6526224,-0.23231101,-0.7211904,0.5636465,-0.7849502,-0.25720763
1356272341319,-0.4243508,-0.46734235,0.7755755,-0.72277737,-0.34112948,-0.6010187,0.5454532,-0.8156113,-0.19302595
1356272341357,-0.34448463,-0.34934244,0.8713726,-0.77847373,-0.41247213,-0.4731229,0.52469885,-0.84132427,-0.12986356
1356272341398,-0.27785474,-0.23871818,0.93048936,-0.8185773,-0.44807357,-0.3593903,0.50272065,-0.86153567,-0.07090986
1356272341437,-0.23567879,-0.15163961,0.95992756,-0.8443184,-0.4571641,-0.27951294,0.48122966,-0.87635976,-0.0202882
1356272341476,-0.22000372,-0.09367418,0.9709909,-0.8589753,-0.45316082,-0.2383413,0.46234152,-0.8864932,0.019233316
1356272341519,-0.23069447,-0.06600991,0.97078454,-0.8631135,-0.44674593,-0.23548499,0.4492384,-0.8922224,0.04608774
1356272341557,-0.26678038,-0.068045944,0.9613521,-0.8548733,-0.44386822,-0.2686496,0.4449942,-0.89350474,0.06024474
1356272341599,-0.3256355,-0.09794682,0.9404084,-0.83137167,-0.4440487,-0.3341286,0.450314,-0.890633,0.06316781
1356272341637,-0.4002509,-0.15053546,0.903957,-0.7912405,-0.4408691,-0.4237604,0.4623177,-0.8848579,0.05734849
1356272341678,-0.47500885,-0.2107456,0.8543728,-0.7410629,-0.42777276,-0.51752895,0.47454435,-0.87897485,0.047020078
1356272341717,-0.53202647,-0.25819153,0.80640244,-0.6971371,-0.40696245,-0.59023833,0.48057008,-0.87619555,0.036519885
1356272341757,-0.56317574,-0.28124738,0.77700263,-0.67447704,-0.3867886,-0.62886834,0.47740334,-0.8782338,0.028135002
1356272341798,-0.5700676,-0.28167105,0.771806,-0.676514,-0.37212777,-0.6354918,0.46621,-0.8844108,0.021583498
1356272341838,-0.5575609,-0.2687356,0.78543425,-0.69599396,-0.3643611,-0.61873525,0.4524579,-0.8916401,0.016115248
1356272341878,-0.53164655,-0.24931084,0.8094418,-0.7246041,-0.3609308,-0.58709264,0.43852106,-0.89865065,0.011236012
1356272341935,-0.49319315,-0.22587639,0.84008354,-0.758434,-0.36133897,-0.54241323,0.42607325,-0.9046624,0.0068975687
1356272341957,-0.4499076,-0.20329377,0.8696291,-0.7908014,-0.36178982,-0.49370152,0.4149894,-0.90982395,0.0020070672
1356272342010,-0.40737522,-0.18779156,0.8937448,-0.81759953,-0.3610435,-0.4485293,0.40691078,-0.91344506,-0.0064581037
1356272342025,-0.3693334,-0.18211207,0.91127825,-0.8370892,-0.36066568,-0.41134155,0.40357712,-0.9147433,-0.019238114
1356272342052,-0.34346467,-0.19424745,0.91885793,-0.84543645,-0.36211216,-0.3925709,0.40898558,-0.91167027,-0.03985113
1356272342095,-0.3328581,-0.23953125,0.9120474,-0.8375075,-0.36938095,-0.4026648,0.43334368,-0.89787674,-0.07765782
1356272342135,-0.32246697,-0.30225074,0.89702815,-0.8214905,-0.38145775,-0.42384344,0.47028536,-0.8735756,-0.12528855
1356272342175,-0.30310738,-0.35646653,0.8837745,-0.8073313,-0.39667046,-0.436885,0.50630224,-0.845922,-0.16755283
1356272342215,-0.2734756,-0.38004953,0.8836139,-0.80210096,-0.41691774,-0.4275673,0.530891,-0.82567674,-0.19082129
1356272342256,-0.23873544,-0.3663595,0.89932543,-0.8061155,-0.44161683,-0.39389396,0.54146403,-0.81899655,-0.18989855
1356272342295,-0.2057063,-0.32382476,0.92348385,-0.8155546,-0.46484113,-0.34466422,0.54088414,-0.82405114,-0.16847605
1356272342335,-0.179317,-0.26550058,0.9472881,-0.8270806,-0.48071343,-0.291294,0.5327129,-0.8357177,-0.13339028
1356272342375,-0.16207606,-0.20284992,0.9657035,-0.838957,-0.48689246,-0.24307778,0.51950204,-0.8495809,-0.09126875
1356272342415,-0.15480995,-0.14422455,0.9773603,-0.8502157,-0.4843918,-0.2061502,0.5031572,-0.8628812,-0.04763332
1356272342455,-0.15725493,-0.0957109,0.98290914,-0.85973775,-0.47646153,-0.18394431,0.48592383,-0.87397015,-0.007360339
1356272342495,-0.16860443,-0.06182912,0.9837427,-0.86584723,-0.46765268,-0.17779061,0.47104254,-0.8817471,0.025313795
1356272342535,-0.18799257,-0.045580596,0.98111224,-0.86635673,-0.46288908,-0.18750906,0.4626929,-0.88524354,0.04753065
1356272342575,-0.21466917,-0.048537314,0.97548,-0.85911393,-0.46570402,-0.21223325,0.4645862,-0.8836084,0.058273196
1356272342615,-0.24792415,-0.07110861,0.9661662,-0.8429589,-0.4756679,-0.25131693,0.47744507,-0.87674606,0.05798793
1356272342655,-0.28639615,-0.11106256,0.9516524,-0.81896484,-0.48713094,-0.30331495,0.49726632,-0.8662381,0.04855618
1356272342695,-0.3269922,-0.16006944,0.93137205,-0.7915411,-0.49202156,-0.36246032,0.51627386,-0.85574096,0.03418562
1356272342736,-0.3650263,-0.20457816,0.908242,-0.76784694,-0.4855101,-0.41796035,0.52646625,-0.8499574,0.020139307
1356272342775,-0.39634234,-0.23452196,0.8876442,-0.75308466,-0.46996677,-0.46042877,0.525144,-0.85095865,0.009652913
1356272342816,-0.41810083,-0.24779114,0.8739515,-0.7494705,-0.44954455,-0.48600793,0.5133086,-0.85820115,0.0022428036
1356272342855,-0.42934448,-0.24896213,0.8681481,-0.7542198,-0.42993456,-0.49629498,0.49680555,-0.867856,-0.0031821728
1356272342895,-0.4307363,-0.24193999,0.8694431,-0.76500106,-0.4132251,-0.4939822,0.47878975,-0.87790096,-0.00709337
1356272342935,-0.42304027,-0.22979116,0.87648904,-0.78016937,-0.39959157,-0.4813131,0.46083915,-0.8874247,-0.010232687
1356272343004,-0.40849185,-0.21783257,0.8863878,-0.7974397,-0.38731557,-0.46268412,0.44409943,-0.8958435,-0.015493095
1356272343020,-0.3883623,-0.21275288,0.89661074,-0.8136262,-0.37765324,-0.4420297,0.43265107,-0.9011737,-0.026435018
1356272343057,-0.3678854,-0.22749811,0.90161246,-0.82247216,-0.37275034,-0.42964742,0.4338203,-0.89961207,-0.049981475
1356272343097,-0.34456086,-0.26604277,0.90027714,-0.822259,-0.3771907,-0.42616567,0.45295453,-0.88710105,-0.08879089
1356272343136,-0.3152159,-0.31894732,0.89381856,-0.81486773,-0.39179933,-0.4271813,0.48644584,-0.8629982,-0.1363985
1356272343176,-0.2788869,-0.3650194,0.8882471,-0.80546653,-0.41474462,-0.4233326,0.5229203,-0.8335153,-0.17834401
1356272343217,-0.23861903,-0.3833096,0.89226377,-0.7995267,-0.4439631,-0.40454137,0.5511968,-0.80991995,-0.20052814
1356272343256,-0.19991702,-0.36691582,0.9085186,-0.79907703,-0.47553742,-0.36788595,0.56701773,-0.799523,-0.19812602
1356272343295,-0.16696966,-0.32102045,0.9322377,-0.8041506,-0.5027487,-0.31715232,0.57049364,-0.8026143,-0.17420506
1356272343335,-0.14196903,-0.25754383,0.9557803,-0.81391454,-0.51916444,-0.26079026,0.5633721,-0.8149476,-0.13591343
1356272343375,-0.12583202,-0.18890637,0.9738997,-0.8269494,-0.52232546,-0.2081604,0.5480155,-0.83155906,-0.0904907
1356272343418,-0.11842036,-0.12491739,0.9850748,-0.8412379,-0.51443344,-0.16636437,0.52753717,-0.8483831,-0.04416591
1356272343455,-0.11881369,-0.072173506,0.99029005,-0.8543712,-0.50072837,-0.13900003,0.5058985,-0.8625903,-0.0021695495
1356272343495,-0.1257006,-0.034106314,0.9914818,-0.86415136,-0.4871214,-0.12631422,0.4872801,-0.8726681,0.031758368
1356272343535,-0.13815165,-0.012693256,0.99032974,-0.86846924,-0.4791218,-0.12729305,0.4761043,-0.87765664,0.055167764
1356272343575,-0.15527576,-0.008688301,0.9878329,-0.86557543,-0.4807275,-0.14028645,0.47609732,-0.876827,0.06712496
1356272343615,-0.17696863,-0.022107959,0.98396814,-0.85490006,-0.49191886,-0.164808,0.4876761,-0.87036026,0.06815413
1356272343655,-0.20313567,-0.050992668,0.97782195,-0.8381756,-0.50718015,-0.20057419,0.50615966,-0.8603302,0.06028557
1356272343695,-0.23329306,-0.08893645,0.96833086,-0.81975114,-0.5176515,-0.2450406,0.523051,-0.8509566,0.047858804
1356272343735,-0.26598096,-0.12632912,0.9556648,-0.8046163,-0.5168869,-0.29226822,0.53089255,-0.8466812,0.035835534
1356272343775,-0.29889613,-0.15642688,0.9413776,-0.7955419,-0.5039751,-0.33633652,0.5270429,-0.849435,0.026192099
1356272343815,-0.33023566,-0.17829156,0.926907,-0.7913032,-0.48304844,-0.374838,0.51457137,-0.8572494,0.018437058
1356272343855,-0.3585105,-0.19319311,0.91331637,-0.7895906,-0.4591725,-0.4070719,0.49801314,-0.8670855,0.01207459
1356272343895,-0.38318098,-0.20249048,0.9012048,-0.7889099,-0.43571,-0.43333364,0.48040986,-0.8770145,0.007209003
1356272343935,-0.40411705,-0.20770988,0.89081204,-0.7890483,-0.41347194,-0.45436078,0.46270096,-0.88650864,0.0031978786
1356272344003,-0.4211623,-0.21436074,0.88128984,-0.7901459,-0.39034104,-0.47254992,0.44529974,-0.89536774,-0.0049793124
1356272344026,-0.43340343,-0.23061419,0.87119377,-0.7891245,-0.36977428,-0.49045858,0.4352517,-0.9000467,-0.02172184
1356272344067,-0.43969434,-0.2680495,0.8572155,-0.7824135,-0.3543381,-0.5121266,0.44101942,-0.8958761,-0.053925157
1356272344106,-0.43773794,-0.3285846,0.83690953,-0.7690397,-0.34539562,-0.5378473,0.46579325,-0.8790529,-0.10150176
1356272344146,-0.42680097,-0.39958072,0.8112805,-0.751827,-0.34178293,-0.56386214,0.5025903,-0.8505996,-0.15454221
1356272344193,-0.40969712,-0.46028382,0.78758305,-0.7349201,-0.34492308,-0.583884,0.54040796,-0.8180262,-0.19695783
1356272344225,-0.39060736,-0.49228126,0.77787215,-0.7252125,-0.3559084,-0.58940315,0.5670033,-0.79434776,-0.21798813
1356272344265,-0.37592292,-0.48891124,0.787177,-0.7224144,-0.3773911,-0.5793905,0.58034414,-0.7864742,-0.2113266
1356272344305,-0.3647495,-0.45362133,0.81313324,-0.72753567,-0.40615106,-0.55293155,0.5810764,-0.79326487,-0.18188232
1356272344345,-0.35565704,-0.395201,0.84695,-0.7401924,-0.43418038,-0.5134225,0.5706342,-0.8095082,-0.13810545
1356272344385,-0.34782583,-0.32378274,0.879876,-0.7585266,-0.45440435,-0.46706966,0.55104864,-0.8298683,-0.08754426
1356272344425,-0.34197474,-0.25138804,0.90545976,-0.77854514,-0.4637909,-0.4228065,0.5262325,-0.84953046,-0.037112206
1356272344465,-0.34034014,-0.18985546,0.9209362,-0.79524165,-0.46450484,-0.38964856,0.5017562,-0.86497986,0.0071086884
1356272344505,-0.34622097,-0.14861652,0.9263067,-0.8038759,-0.46202534,-0.3745879,0.4836471,-0.8743259,0.040493578
1356272344545,-0.36329186,-0.13424858,0.92195237,-0.8001965,-0.46187246,-0.38256925,0.47718385,-0.8767274,0.060369372
1356272344585,-0.39493483,-0.15104383,0.9062076,-0.7803169,-0.46547824,-0.41765478,0.4849041,-0.87207556,0.06597149
1356272344625,-0.44200975,-0.19893375,0.87467295,-0.74200535,-0.4668302,-0.48114195,0.5040391,-0.86168146,0.058733612
1356272344665,-0.49933398,-0.26786953,0.8239609,-0.6879805,-0.45547318,-0.5650019,0.52663887,-0.8489936,0.043144226
1356272344705,-0.5557035,-0.33584002,0.76052946,-0.62962985,-0.42737484,-0.64878106,0.5429178,-0.83938205,0.026038766
1356272344745,-0.60132164,-0.38215083,0.70169306,-0.58284634,-0.390916,-0.7123727,0.5465368,-0.83734435,0.012330949
1356272344785,-0.63286394,-0.40106988,0.66228867,-0.5575745,-0.35741216,-0.74924445,0.5372094,-0.84344506,0.0025669336
1356272344825,-0.6508742,-0.40011024,0.64519346,-0.5525859,-0.33307946,-0.76400715,0.5205878,-0.8537974,-0.004302442
1356272344865,-0.65555686,-0.38626778,0.6488779,-0.56474245,-0.31965953,-0.7608441,0.5013096,-0.86522543,-0.008586884
1356272344905,-0.64584225,-0.36295757,0.6716767,-0.5924192,-0.31670022,-0.74077016,0.4815883,-0.87633485,-0.010484636
1356272344963,-0.62154454,-0.33325267,0.70896053,-0.6326317,-0.3202206,-0.70514953,0.4620167,-0.8867928,-0.011794865
1356272345050,-0.5859215,-0.30567914,0.7505039,-0.6770755,-0.32421303,-0.6606471,0.4452692,-0.89523524,-0.01700449
1356272345052,-0.54772896,-0.29583746,0.7826067,-0.71267587,-0.3250274,-0.6216513,0.4382764,-0.8982413,-0.032809258
1356272345054,-0.50942844,-0.30274552,0.8054985,-0.73836285,-0.32694775,-0.5898521,0.441931,-0.89523757,-0.056979537
1356272345082,-0.48289984,-0.33448508,0.8092758,-0.7452136,-0.32834637,-0.5803838,0.45985252,-0.8833506,-0.09070438
1356272345124,-0.46922576,-0.39774746,0.7884314,-0.72934395,-0.32882208,-0.59994453,0.49788007,-0.8565472,-0.13580292
1356272345165,-0.44671524,-0.45337754,0.7712939,-0.71581715,-0.33603978,-0.61211354,0.53670394,-0.82554585,-0.17442131
1356272345205,-0.41089898,-0.47483498,0.7782633,-0.7171034,-0.35879666,-0.5975179,0.5629607,-0.8036148,-0.19307661
1356272345245,-0.36095542,-0.45254332,0.81542367,-0.7353018,-0.39971328,-0.54732126,0.5736223,-0.797141,-0.18847722
1356272345286,-0.29895258,-0.38993084,0.8709657,-0.7647822,-0.44797367,-0.46306342,0.57073236,-0.80453306,-0.1642893
1356272345325,-0.2305072,-0.29963237,0.92578983,-0.797759,-0.4865842,-0.35611275,0.55717766,-0.8206438,-0.12687317
1356272345365,-0.16460711,-0.19971696,0.96592844,-0.8281673,-0.5039387,-0.24532595,0.53576434,-0.84033275,-0.08244726
1356272345405,-0.110180795,-0.10762769,0.9880671,-0.8530781,-0.4998839,-0.14957908,0.5100176,-0.8593792,-0.036737263
1356272345445,-0.072907746,-0.034698755,0.996735,-0.8716332,-0.48348856,-0.08058834,0.4847062,-0.87466276,0.0050053895
1356272345485,-0.0550977,0.014425904,0.9983767,-0.8834423,-0.46665275,-0.042011946,0.4652892,-0.884323,0.038455963
1356272345525,-0.057873726,0.03837052,0.99758625,-0.88755167,-0.45946538,-0.03381765,0.4570588,-0.8873665,0.060646772
1356272345565,-0.083073914,0.035881996,0.9958972,-0.8823519,-0.4671533,-0.05677092,0.4631996,-0.88344795,0.07046875
1356272345605,-0.13465542,0.0027213097,0.9908887,-0.8651498,-0.4878595,-0.11622849,0.48309812,-0.872918,0.068047225
1356272345645,-0.21616167,-0.06418431,0.9742456,-0.8330991,-0.50821203,-0.21832618,0.5091365,-0.8588369,0.056384116
1356272345685,-0.3190531,-0.1553022,0.9349258,-0.7850981,-0.50926614,-0.35251802,0.53087294,-0.8464804,0.040555537
1356272345725,-0.41893274,-0.24273442,0.8749717,-0.72981787,-0.48330367,-0.4835117,0.5402419,-0.8411288,0.025319755
1356272345765,-0.49288827,-0.30073276,0.8164686,-0.6855897,-0.44355673,-0.5772557,0.5357498,-0.844285,0.012444615
1356272345805,-0.53539884,-0.32557416,0.7793264,-0.6641868,-0.40768814,-0.626615,0.5217318,-0.85310715,0.0020337105
1356272345845,-0.5500764,-0.32559538,0.76902777,-0.66620743,-0.38419074,-0.6391911,0.503571,-0.8639359,-0.005579829
1356272345885,-0.5403187,-0.30822954,0.78297526,-0.68813336,-0.3736667,-0.62196916,0.484281,-0.87485296,-0.010203898
1356272345925,-0.5096325,-0.27986676,0.8136027,-0.7238886,-0.37162995,-0.58127147,0.4650377,-0.8851926,-0.013197601
1356272345965,-0.46630478,-0.25147092,0.8481287,-0.7627152,-0.3713951,-0.52946305,0.4481355,-0.89377177,-0.018617392
1356272346006,-0.4241131,-0.23948961,0.8733686,-0.7918703,-0.36985016,-0.485955,0.4393967,-0.8976946,-0.03278643
1356272346046,-0.39508575,-0.25836754,0.8815631,-0.8025615,-0.36986154,-0.46807855,0.44699258,-0.8924398,-0.06122887
1356272346076,-0.37117362,-0.29445133,0.8806409,-0.80272055,-0.37498242,-0.4637109,0.46676522,-0.87902594,-0.09717852
1356272346116,-0.36510366,-0.35942143,0.85878724,-0.78192216,-0.38226658,-0.4924124,0.5052692,-0.85128635,-0.14147258
1356272346155,-0.35047704,-0.4163397,0.8389441,-0.7604899,-0.39631736,-0.51438093,0.5466453,-0.81828713,-0.17772204
1356272346195,-0.31830728,-0.43711042,0.84119856,-0.75062895,-0.42574835,-0.50526685,0.5789963,-0.7922581,-0.19258893
1356272346235,-0.2669623,-0.40908593,0.8725709,-0.7559108,-0.47273546,-0.45290193,0.5977709,-0.7804934,-0.18302998
1356272346275,-0.20071572,-0.33398545,0.9209598,-0.772411,-0.5242882,-0.35847342,0.6025732,-0.78331065,-0.15274122
1356272346315,-0.13057023,-0.23020822,0.96434206,-0.79338783,-0.5590302,-0.24087533,0.5945478,-0.79654837,-0.109651625
1356272346355,-0.06905103,-0.12292558,0.99001074,-0.8148838,-0.5655275,-0.12705556,0.5754967,-0.81551707,-0.061119884
1356272346395,-0.024650156,-0.032151937,0.999179,-0.8355952,-0.5480125,-0.03824863,0.54879236,-0.835852,-0.013357371
1356272346435,-8.094311E-5,0.03333071,0.99944437,-0.8544053,-0.5193209,0.017249823,0.5196073,-0.8539291,0.028519943
1356272346475,0.004800737,0.072387666,0.997365,-0.8692434,-0.49276793,0.039948612,0.49436125,-0.8671447,0.060556814
1356272346516,-0.010236323,0.08573386,0.9962655,-0.8773067,-0.4788491,0.032193452,0.4798209,-0.87370086,0.080116525
1356272346555,-0.0477131,0.07189858,0.99627,-0.8757032,-0.48279744,-0.0070965886,0.48048645,-0.8727755,0.085997686
1356272346595,-0.11257702,0.026023835,0.9933021,-0.8615122,-0.50065196,-0.08452374,0.49509907,-0.8652573,0.07878181
1356272346635,-0.20711523,-0.054470867,0.9767989,-0.8309591,-0.51717377,-0.20503217,0.5163431,-0.8541452,0.06185159
1356272346675,-0.31921285,-0.15608126,0.93474156,-0.7826555,-0.5127535,-0.3528942,0.53437215,-0.844229,0.041519612
1356272346715,-0.4210369,-0.24670799,0.8728477,-0.7275782,-0.48276037,-0.4874139,0.54162526,-0.8402842,0.023760587
1356272346755,-0.4916892,-0.30203754,0.81670994,-0.686298,-0.44285387,-0.57695365,0.53594476,-0.8441882,0.010458648
1356272346795,-0.53000057,-0.32322398,0.7839807,-0.6685114,-0.40953547,-0.62078446,0.5217203,-0.8531161,9.750724E-4
1356272346835,-0.5416536,-0.32108477,0.77686286,-0.6725179,-0.38892603,-0.62964773,0.5043125,-0.8635051,-0.0052720904
1356272346875,-0.53037924,-0.3029136,0.7917962,-0.69429296,-0.38074732,-0.610728,0.48647213,-0.87365603,-0.00837034
1356272346915,-0.4990576,-0.27332854,0.822334,-0.729033,-0.38056707,-0.56892854,0.46845764,-0.8834366,-0.0093407035
1356272346955,-0.45452088,-0.24126083,0.8574404,-0.7678798,-0.3817107,-0.5144489,0.4514106,-0.89223886,-0.011763811
1356272347004,-0.40891653,-0.2223568,0.8850677,-0.7992215,-0.38088334,-0.46494398,0.440491,-0.89748836,-0.021962821
1356272347036,-0.3715006,-0.23005328,0.89947915,-0.8154472,-0.38234013,-0.4345823,0.4438841,-0.8949254,-0.045556724
1356272347076,-0.3418709,-0.2638429,0.9019485,-0.81655335,-0.39166445,-0.4240749,0.4651503,-0.88146806,-0.08154315
1356272347106,-0.30747926,-0.29761213,0.9038161,-0.8147147,-0.4083969,-0.4116454,0.49162638,-0.8629247,-0.11689538
1356272347136,-0.2715813,-0.32221848,0.9068731,-0.8112498,-0.43032748,-0.3958434,0.51780045,-0.84320426,-0.14453083
1356272347175,-0.22961509,-0.32184196,0.91852856,-0.81029546,-0.45958817,-0.36359328,0.5391644,-0.827766,-0.15525869
1356272347215,-0.18034971,-0.29127973,0.93948394,-0.8146669,-0.49099195,-0.3086173,0.55117303,-0.82102555,-0.14874575
1356272347255,-0.1331513,-0.24201041,0.961094,-0.8214789,-0.51557237,-0.24363375,0.5544754,-0.82195866,-0.13015729
1356272347295,-0.09569627,-0.18765432,0.97756225,-0.82882446,-0.52885425,-0.1826556,0.5512641,-0.82770705,-0.10492304
1356272347335,-0.07184887,-0.1375474,0.9878859,-0.8362676,-0.53148776,-0.1348229,0.5435938,-0.83582383,-0.076839626
1356272347375,-0.0626052,-0.09711909,0.99330175,-0.8434464,-0.5269161,-0.10467893,0.533553,-0.8443503,-0.0489271
1356272347415,-0.06748378,-0.069443166,0.99530077,-0.84953827,-0.5191171,-0.093820065,0.52319276,-0.85187745,-0.023962647
1356272347455,-0.08559024,-0.05640924,0.9947323,-0.8529067,-0.5119189,-0.10241693,0.51499957,-0.8571797,-0.004296541
1356272347494,-0.11619854,-0.059421152,0.9914469,-0.85069644,-0.509271,-0.13022497,0.5126533,-0.85855234,0.008627176
1356272347535,-0.11426091,-0.05264005,0.99205506,-0.84703994,-0.51662874,-0.12497187,0.5191028,-0.8545897,0.014442325
1356272347575,-0.20819712,-0.114895314,0.9713151,-0.8205532,-0.5199428,-0.23738524,0.5323028,-0.84643865,0.013972938
1356272347615,-0.2935353,-0.18035722,0.93878025,-0.78546983,-0.5142291,-0.34439167,0.5448616,-0.83847463,0.009279221
1356272347655,-0.3663398,-0.23574132,0.90012294,-0.75208926,-0.4945687,-0.4356188,0.5478659,-0.83655727,0.0038815737
1356272347695,-0.4217782,-0.2692417,0.8658014,-0.7299748,-0.46556294,-0.5003878,0.53781027,-0.84306586,-1.7532706E-4
1356272347735,-0.45902818,-0.2810384,0.8427992,-0.7216222,-0.4354084,-0.53822005,0.51822245,-0.8552408,-0.0029388666
1356272347775,-0.47952193,-0.27796018,0.83234423,-0.7243595,-0.41002738,-0.5542389,0.4953403,-0.8686862,-0.0047259927
1356272347815,-0.48484218,-0.2652561,0.8334071,-0.7357243,-0.3915425,-0.5526341,0.4729038,-0.88109803,-0.005319059
1356272347855,-0.47632927,-0.24651799,0.84400195,-0.75394416,-0.3793862,-0.5363154,0.4524141,-0.8917931,-0.0051479936
1356272347895,-0.45716923,-0.22701544,0.8599188,-0.7758762,-0.3708369,-0.5103882,0.43475562,-0.9005243,-0.0066006184
1356272347936,-0.4316641,-0.21595013,0.8758035,-0.7965746,-0.36430544,-0.48244214,0.42324343,-0.9058957,-0.014762819
1356272347991,-0.40734607,-0.23728636,0.8819095,-0.8054198,-0.36190158,-0.4693893,0.4305441,-0.9015112,-0.043695927
1356272348012,-0.3703435,-0.2676932,0.88948643,-0.8133496,-0.36907554,-0.44971755,0.44867396,-0.89001334,-0.08104342
1356272348042,-0.33669508,-0.31351376,0.8878883,-0.81093764,-0.3826862,-0.44264138,0.47855675,-0.8690572,-0.12539154
1356272348085,-0.30317652,-0.3703218,0.8780352,-0.7981345,-0.40473217,-0.44628823,0.5206393,-0.83609426,-0.17286128
1356272348125,-0.26020575,-0.40294135,0.8774573,-0.7890805,-0.43498617,-0.43375003,0.5564576,-0.8052486,-0.20476729
1356272348165,-0.21209222,-0.39649642,0.89320064,-0.78814936,-0.47098732,-0.3962214,0.57778656,-0.7880111,-0.21260563
1356272348205,-0.16446918,-0.35324925,0.9209586,-0.79406446,-0.50647366,-0.33607435,0.58515936,-0.78657436,-0.19720331
1356272348245,-0.12135625,-0.28595322,0.95052797,-0.8043743,-0.53275645,-0.26296884,0.5815967,-0.7964931,-0.16536006
1356272348285,-0.08618122,-0.20925358,0.9740563,-0.8174149,-0.54408956,-0.18920729,0.5695662,-0.8125142,-0.124156654
1356272348325,-0.06072414,-0.13466859,0.9890282,-0.83226806,-0.5401776,-0.12465137,0.55103755,-0.830706,-0.07927856
1356272348365,-0.045298755,-0.06981963,0.99653053,-0.8474457,-0.52550876,-0.07534051,0.5289458,-0.84791845,-0.035363406
1356272348405,-0.039270163,-0.018956006,0.9990488,-0.86058867,-0.5074433,-0.0434559,0.50778437,-0.8614766,0.003614068
1356272348445,-0.04166031,0.015982002,0.999004,-0.8692559,-0.49354863,-0.02835384,0.4926039,-0.8695713,0.03445384
1356272348485,-0.05165881,0.03405878,0.99808383,-0.871704,-0.48920786,-0.028423846,0.48730227,-0.87150204,0.054960996
1356272348525,-0.068703234,0.034344643,0.99704576,-0.8673632,-0.49584156,-0.042687237,0.4929107,-0.86773354,0.0638552
1356272348565,-0.092437804,0.016413063,0.9955832,-0.85726607,-0.5099286,-0.07118872,0.5065079,-0.8600602,0.061206996
1356272348605,-0.12189138,-0.01665917,0.99240375,-0.8443594,-0.5238329,-0.11250132,0.5217278,-0.8516582,0.049784303
1356272348645,-0.15448397,-0.05648753,0.98637915,-0.8331709,-0.5291245,-0.16079053,0.531,-0.8466619,0.034677476
1356272348685,-0.1861642,-0.0930762,0.97810006,-0.8276799,-0.5215631,-0.2071664,0.5294231,-0.8481207,0.020059109
1356272348725,-0.212937,-0.1203759,0.9696224,-0.8285588,-0.5037008,-0.24449128,0.5178304,-0.85545033,0.0075179935
1356272348765,-0.2321645,-0.13714668,0.9629592,-0.8336412,-0.48201507,-0.26963624,0.5011406,-0.8653624,-0.0024242997
1356272348805,-0.24280971,-0.1442574,0.9592879,-0.840881,-0.46177566,-0.28228086,0.4836969,-0.87518746,-0.009179741
1356272348845,-0.24514848,-0.1431911,0.95885277,-0.8496903,-0.44450676,-0.28361988,0.46682835,-0.88425684,-0.012697995
1356272348885,-0.24064893,-0.1373645,0.96084297,-0.85968906,-0.4293853,-0.2767003,0.45058063,-0.89261377,-0.01475969
1356272348925,-0.23177129,-0.13424116,0.9634632,-0.868854,-0.41683942,-0.26709107,0.4374641,-0.8990129,-0.020024508
1356272348965,-0.22104388,-0.14439937,0.9645146,-0.8731867,-0.411184,-0.26167282,0.43437836,-0.90004253,-0.035197973
1356272349007,-0.20907915,-0.17513958,0.96208733,-0.86891127,-0.41809088,-0.26494014,0.44864148,-0.89136195,-0.064766616
1356272349046,-0.19405824,-0.22282302,0.95534873,-0.85571265,-0.43774945,-0.2759188,0.47968447,-0.87104833,-0.10572359
1356272349086,-0.17352962,-0.26957035,0.94721663,-0.8386414,-0.4637856,-0.28562835,0.51630235,-0.84394,-0.14559236
1356272349126,-0.1477459,-0.29325253,0.94454974,-0.8249281,-0.4902948,-0.28125563,0.54558676,-0.82074,-0.16947323
1356272349166,-0.120478034,-0.2842011,0.95116496,-0.818054,-0.5143732,-0.2573087,0.56238115,-0.8091043,-0.17052114
1356272349205,-0.095774055,-0.2459355,0.964543,-0.8184095,-0.53211206,-0.21693969,0.56659806,-0.81016827,-0.15031347
1356272349245,-0.07722205,-0.19062766,0.9786204,-0.82492125,-0.53904754,-0.17009607,0.55994797,-0.8204199,-0.115626484
1356272349285,-0.06788391,-0.13186467,0.9889406,-0.8357742,-0.5338134,-0.12854841,0.5448607,-0.8352574,-0.07397172
1356272349325,-0.07025552,-0.07976198,0.99433506,-0.8485792,-0.51922,-0.101606995,0.52438295,-0.85091054,-0.03120637
1356272349365,-0.087242246,-0.04152149,0.99532145,-0.860133,-0.500899,-0.09628847,0.5025535,-0.8645092,0.0079855025
1356272349405,-0.122338,-0.022242367,0.99223924,-0.86653024,-0.4850458,-0.11771166,0.4838996,-0.8742059,0.040065795
1356272349445,-0.18034244,-0.027194798,0.9832279,-0.8623032,-0.47652394,-0.17134261,0.4731912,-0.8787409,0.062487274
1356272349485,-0.26718658,-0.06372753,0.96153533,-0.8388885,-0.4756437,-0.26463026,0.4742124,-0.87732655,0.073625326
1356272349525,-0.38659066,-0.13993755,0.9115729,-0.78315187,-0.47218633,-0.40461478,0.4870531,-0.8703203,0.07295054
1356272349565,-0.52780354,-0.252629,0.8109267,-0.6814828,-0.44389534,-0.5818404,0.50695634,-0.8597299,0.062127233
1356272349605,-0.6561762,-0.3712353,0.6569757,-0.5407908,-0.37585378,-0.75251526,0.526287,-0.84906906,0.045865655
1356272349645,-0.74186337,-0.45608875,0.49155042,-0.40068814,-0.28626597,-0.87034523,0.5376688,-0.84263563,0.029620886
1356272349685,-0.7894848,-0.49628055,0.36113638,-0.29652596,-0.20676136,-0.9323745,0.5373884,-0.8431817,0.016074836
1356272349725,-0.8171496,-0.50500435,0.27791554,-0.23343956,-0.15090537,-0.9605901,0.5270412,-0.8498224,0.0054243207
1356272349765,-0.83535135,-0.49774885,0.23331124,-0.20172252,-0.11725277,-0.97239894,0.51136684,-0.85935897,-0.002459824
1356272349805,-0.84749705,-0.48358828,0.21884029,-0.19394208,-0.10166466,-0.9757309,0.49410033,-0.8693714,-0.007627547
1356272349845,-0.85411054,-0.46597975,0.23099384,-0.20811677,-0.100815415,-0.9728945,0.47663686,-0.879033,-0.010870755
1356272349885,-0.8537793,-0.44747376,0.26613542,-0.24298066,-0.10962421,-0.9638168,0.46045765,-0.8875527,-0.015132606
1356272349925,-0.84422165,-0.4349798,0.31318092,-0.29087365,-0.11897528,-0.9493352,0.45020247,-0.89254546,-0.026082575
1356272349965,-0.8254005,-0.43998516,0.35373312,-0.33668685,-0.11931062,-0.93402725,0.45316225,-0.8900438,-0.04965818
1356272350006,-0.80015296,-0.468151,0.37495312,-0.369262,-0.108128786,-0.9230134,0.47265288,-0.8770079,-0.08635074
1356272350046,-0.77083445,-0.50972646,0.38209057,-0.39165422,-0.093839705,-0.91531473,0.5024154,-0.85520345,-0.12730163
1356272350086,-0.73860776,-0.5456542,0.39587906,-0.4158443,-0.093422174,-0.90462476,0.5305961,-0.83278686,-0.15790486
1356272350127,-0.703739,-0.5605975,0.43644238,-0.45162186,-0.12123245,-0.8839346,0.5484425,-0.8191662,-0.16786206
1356272350165,-0.6645832,-0.54696953,0.50907123,-0.50174403,-0.17818278,-0.84646547,0.55369854,-0.81797016,-0.15602142
1356272350205,-0.61813956,-0.50362194,0.6035466,-0.5632911,-0.25174302,-0.78697443,0.5482762,-0.82643235,-0.12807345
1356272350246,-0.5642906,-0.43434423,0.7020836,-0.6289175,-0.324758,-0.70639586,0.53482616,-0.84016514,-0.08990884
1356272350285,-0.5094478,-0.3526013,0.7849428,-0.6878388,-0.38124377,-0.6176819,0.51704997,-0.85459083,-0.04830903
1356272350325,-0.46382368,-0.27523857,0.8420875,-0.7322648,-0.41590172,-0.5392717,0.49865404,-0.866758,-0.008642495
1356272350365,-0.43633252,-0.21623418,0.8734167,-0.75897956,-0.43292135,-0.48634267,0.48328465,-0.87511253,0.024780393
1356272350405,-0.43216008,-0.18416288,0.882792,-0.7668216,-0.44011992,-0.46720344,0.47457588,-0.87885064,0.048982173
1356272350445,-0.45335937,-0.18398976,0.87213135,-0.75353086,-0.4435104,-0.48527282,0.4760846,-0.8771809,0.06242764
1356272350485,-0.49907207,-0.21839349,0.83858895,-0.71522284,-0.4425727,-0.5409119,0.4892682,-0.869732,0.06467569
1356272350525,-0.56288004,-0.28437495,0.776078,-0.64948463,-0.42855847,-0.62809825,0.5112102,-0.8575946,0.05652988
1356272350565,-0.62997097,-0.36603698,0.6849479,-0.5627718,-0.39262044,-0.7274182,0.53518647,-0.8437216,0.041344106
1356272350605,-0.68400496,-0.43705088,0.5840581,-0.47546673,-0.34010565,-0.81133205,0.55323476,-0.83265525,0.024830759
1356272350645,-0.71981114,-0.47860795,0.50279844,-0.41134673,-0.28936195,-0.86432827,0.5591651,-0.8289777,0.011412203
1356272350685,-0.74180615,-0.48996946,0.45787933,-0.3810843,-0.25383204,-0.88901293,0.55181366,-0.8339659,0.0015745759
1356272350725,-0.75374407,-0.48087612,0.4479153,-0.3811424,-0.23535758,-0.8940567,0.53535074,-0.8446094,-0.0058829784
1356272350765,-0.7556232,-0.46058512,0.46571973,-0.40429306,-0.23145223,-0.88485986,0.51534516,-0.8569079,-0.01132071
1356272350805,-0.74529135,-0.4327761,0.5071938,-0.44703966,-0.2400282,-0.8617087,0.49466777,-0.86895984,-0.014577091
1356272350845,-0.7194479,-0.3983676,0.56894463,-0.5073683,-0.25796968,-0.8222099,0.47431225,-0.88020164,-0.016523361
1356272350885,-0.67716426,-0.36243948,0.6403797,-0.57702905,-0.278472,-0.7677831,0.45660272,-0.88943297,-0.020566821
1356272350944,-0.62588215,-0.3388209,0.70247555,-0.638857,-0.2939214,-0.7109656,0.44736254,-0.89376205,-0.032497942
1356272350965,-0.57813275,-0.34270355,0.7404841,-0.6780666,-0.30300814,-0.6696355,0.45385918,-0.8892358,-0.057196915
1356272351021,-0.5406826,-0.37663478,0.7522025,-0.6922582,-0.30883032,-0.65222883,0.47795498,-0.8733671,-0.093749404
1356272351032,-0.5029312,-0.41283035,0.7593625,-0.70118916,-0.31881076,-0.63772523,0.5053653,-0.85318863,-0.12913227
1356272351062,-0.4673561,-0.44168857,0.76582605,-0.70721793,-0.33301347,-0.6236545,0.5304914,-0.83307457,-0.15673417
1356272351105,-0.42662823,-0.44689745,0.7863021,-0.71847445,-0.3606035,-0.59477687,0.5493475,-0.8186866,-0.1672408
1356272351145,-0.37647665,-0.4209714,0.82525647,-0.7392427,-0.40039498,-0.54148316,0.5583775,-0.8139206,-0.16046065
1356272351185,-0.32198787,-0.36933798,0.87172997,-0.7649445,-0.4410408,-0.46940678,0.5578383,-0.8179684,-0.14051324
1356272351225,-0.2713536,-0.30404598,0.91319406,-0.790091,-0.47147447,-0.39175016,0.5496577,-0.82780915,-0.1122877
1356272351265,-0.23268747,-0.23826727,0.9429131,-0.81133676,-0.4870476,-0.3232911,0.5362733,-0.84024596,-0.07998505
1356272351305,-0.2111153,-0.18140543,0.9604802,-0.8277006,-0.48951477,-0.27438453,0.5199442,-0.85291696,-0.046805263
1356272351345,-0.21204466,-0.14194217,0.9668969,-0.83756864,-0.4833601,-0.25464052,0.50350356,-0.86383766,-0.01639247
1356272351385,-0.23821747,-0.12434846,0.9632185,-0.8386286,-0.47388405,-0.26858157,0.48985153,-0.8717634,0.008605212
1356272351425,-0.29398382,-0.13343608,0.94645035,-0.8250707,-0.46446347,-0.32176396,0.48252654,-0.87548184,0.026450515
1356272351466,-0.384916,-0.1760847,0.9059988,-0.78545827,-0.4529779,-0.4217421,0.48465976,-0.87395954,0.036051244
1356272351505,-0.51211745,-0.2584208,0.81911796,-0.70087993,-0.42553008,-0.57244337,0.49649066,-0.86726165,0.03679949
1356272351545,-0.65308857,-0.3686418,0.6614971,-0.5560158,-0.3596081,-0.749352,0.51412225,-0.8571961,0.029885352
1356272351586,-0.7597185,-0.46559957,0.45392177,-0.3754762,-0.25582027,-0.8908275,0.53089124,-0.8472149,0.01952976
1356272351625,-0.81271386,-0.51805353,0.26667708,-0.2188228,-0.15280867,-0.9637251,0.54001176,-0.8415878,0.01082778
1356272351665,-0.83453846,-0.5321069,0.1428564,-0.11756098,-0.081337035,-0.98972917,0.5382612,-0.8427613,0.0053238273
1356272351705,-0.84695596,-0.52594084,0.07779424,-0.065055415,-0.042703032,-0.9969676,0.527668,-0.8494485,0.0019522309
1356272351745,-0.85714805,-0.51201844,0.05598624,-0.048021078,-0.028782666,-0.99843156,0.5128268,-0.85849214,8.326769E-5
1356272351785,-0.8656242,-0.49566835,0.070765406,-0.061422393,-0.035143077,-0.997493,0.49691263,-0.8678006,-2.4497509E-5
1356272351825,-0.8699757,-0.47664267,0.12630925,-0.11012846,-0.061867,-0.99199003,0.48063913,-0.8769174,0.0013308525
1356272351865,-0.8623931,-0.4518484,0.22827855,-0.20139503,-0.107489586,-0.97359437,0.46445462,-0.88559526,0.0016983151
1356272351905,-0.8302931,-0.42219618,0.36381817,-0.32635447,-0.16085494,-0.9314604,0.45178097,-0.8921188,-0.00422889
1356272351945,-0.7733778,-0.40242487,0.48983786,-0.44652772,-0.20268333,-0.87151164,0.4499999,-0.8927339,-0.02294314
1356272352006,-0.71256596,-0.41230154,0.567677,-0.52497685,-0.22345269,-0.82126015,0.46545577,-0.8832193,-0.057223976
1356272352026,-0.660782,-0.4501602,0.60060227,-0.5637196,-0.23067814,-0.79310024,0.49556792,-0.8626375,-0.10133618
1356272352067,-0.6065349,-0.48833266,0.6274127,-0.5942548,-0.2458024,-0.7657953,0.5281824,-0.83732456,-0.14110631
1356272352106,-0.530419,-0.49518925,0.6880722,-0.64342016,-0.29331577,-0.70709014,0.55196583,-0.81777346,-0.16303444
1356272352147,-0.4185022,-0.4489048,0.7895191,-0.7122403,-0.3771729,-0.5919919,0.5635332,-0.8100772,-0.16188043
1356272352185,-0.27258438,-0.3459884,0.89776933,-0.77914715,-0.46806043,-0.41695213,0.5644709,-0.8131491,-0.14198992
1356272352225,-0.12062067,-0.21028018,0.9701716,-0.8220029,-0.526776,-0.2163752,0.55656254,-0.8235831,-0.109310836
1356272352265,0.0015765429,-0.08342135,0.9965131,-0.84037244,-0.54022896,-0.043894798,0.54200697,-0.837373,-0.07095671
1356272352305,0.08227515,0.013448268,0.9965189,-0.84848416,-0.5235717,0.077118754,0.5227862,-0.8518755,-0.03166631
1356272352345,0.12583882,0.077617496,0.9890097,-0.8553903,-0.49645042,0.14779893,0.502466,-0.86458814,0.0039204806
1356272352385,0.14150137,0.114956975,0.9832407,-0.86259496,-0.47300208,0.17944053,0.4857029,-0.87352955,0.032230914
1356272352425,0.13618726,0.13125587,0.98194957,-0.867787,-0.4623475,0.18215531,0.47791085,-0.8769303,0.050936252
1356272352465,0.11323106,0.12920836,0.98513144,-0.8681092,-0.46941775,0.1613487,0.48328573,-0.8734714,0.059014276
1356272352505,0.07202804,0.106871784,0.99166036,-0.86225647,-0.4930637,0.115766674,0.50132394,-0.86340404,0.056636468
1356272352545,0.010192692,0.06029907,0.9981283,-0.85074115,-0.5240341,0.04034561,0.5254861,-0.84956,0.04595758
1356272352585,-0.06998688,-0.008503377,0.9975116,-0.83432925,-0.5476309,-0.06320611,0.54680574,-0.8366767,0.031232417
1356272352625,-0.15510654,-0.083426595,0.98436886,-0.81559443,-0.55144686,-0.17524868,0.5574475,-0.830028,0.017490715
1356272352665,-0.22609305,-0.14332864,0.96350336,-0.8006861,-0.5359866,-0.267619,0.5547824,-0.8319706,0.0064216554
