1356272276827,0.006655872,-0.13815293,0.9903886,-0.08997248,-0.9864762,-0.13700253,0.995922,-0.08819584,-0.018995821
1356272276867,-0.0123173,0.075887136,-0.99704033,0.08937616,0.9932084,0.07449134,0.9959218,-0.0881941,-0.019016147
1356272276906,-0.012384474,0.07586352,-0.99704134,0.08939537,0.99320894,0.07446153,0.9959192,-0.08820871,-0.019082189
1356272276945,-0.012393475,0.07618157,-0.9970169,0.08944257,0.993181,0.07477665,0.9959148,-0.08824901,-0.019122839
1356272276987,-0.012176573,0.07742472,-0.99692386,0.089437276,0.993086,0.07603426,0.9959181,-0.08823632,-0.01901704
1356272277026,-0.011634231,0.08005896,-0.9967222,0.089312464,0.99288887,0.07870856,0.9959357,-0.08810401,-0.018701732
1356272277064,-0.010745227,0.08429766,-0.9963827,0.08901338,0.992565,0.08301473,0.9959725,-0.087799385,-0.018168926
1356272277107,-0.0095027685,0.08983517,-0.99591124,0.08846615,0.9921265,0.08864963,0.9960338,-0.08726202,-0.01737529
1356272277145,-0.008136719,0.09610132,-0.9953382,0.08783389,0.99159276,0.09502164,0.99610186,-0.08665126,-0.016509235
1356272277185,-0.0071265697,0.10230874,-0.99472713,0.08703818,0.9910406,0.101306,0.99617946,-0.08585728,-0.015967488
1356272277224,-0.0069522858,0.10728833,-0.9942036,0.08613379,0.9905968,0.10629678,0.9962593,-0.08489552,-0.016128063
1356272277267,-0.007892758,0.110490076,-0.9938459,0.08522604,0.9903348,0.1094229,0.9963303,-0.08383789,-0.017233133
1356272277305,-0.01003319,0.111738764,-0.99368703,0.08435888,0.990289,0.110504895,0.996385,-0.0827176,-0.019361913
1356272277345,-0.012912542,0.111694686,-0.99365866,0.083491035,0.9903918,0.11024249,0.9964248,-0.08153807,-0.022113979
1356272277386,-0.015862226,0.11127203,-0.99366343,0.08246597,0.9905482,0.10960676,0.9964677,-0.080204815,-0.024888456
1356272277425,-0.018214911,0.11130006,-0.99362,0.08109721,0.9906748,0.1094835,0.9965398,-0.07858557,-0.027071178
1356272277465,-0.019559354,0.11209391,-0.99350506,0.07928501,0.9907397,0.110221,0.99666005,-0.076614216,-0.028265595
1356272277505,-0.019852072,0.11336606,-0.9933549,0.077078395,0.9907673,0.11153035,0.99682736,-0.0743521,-0.028406858
1356272277545,-0.019641638,0.114111215,-0.99327385,0.074667946,0.9908585,0.11235721,0.997015,-0.07195883,-0.027982533
1356272277585,-0.019830346,0.113079205,-0.9933881,0.072333366,0.991142,0.111379586,0.9971834,-0.06964641,-0.027834117
1356272277625,-0.020994782,0.10964533,-0.99374896,0.070383884,0.99166405,0.1079283,0.997299,-0.06767798,-0.028537035
1356272277665,-0.022908568,0.10433298,-0.99427855,0.06904462,0.99233,0.10253771,0.99735045,-0.0663006,-0.029936492
1356272277705,-0.024577916,0.09873203,-0.9948105,0.06836561,0.99294746,0.096858084,0.99735755,-0.06563026,-0.031154454
1356272277759,-0.02408138,0.09558073,-0.9951304,0.06839228,0.9932444,0.093744546,0.99736786,-0.06580174,-0.030455709
1356272277796,-0.021785617,0.09525836,-0.99521416,0.068529405,0.9932514,0.093570344,0.9974112,-0.06616294,-0.028166592
1356272277826,-0.018301964,0.09802801,-0.9950154,0.06863915,0.99295735,0.096562736,0.9974737,-0.06652971,-0.024901628
1356272277866,-0.012758076,0.10483228,-0.99440813,0.06859556,0.9922379,0.10372343,0.997563,-0.06688867,-0.019850075
1356272277906,-0.006350875,0.11654762,-0.9931647,0.06838975,0.99091,0.115845695,0.9976384,-0.067186564,-0.014263809
1356272277936,-5.813838E-4,0.13175632,-0.991282,0.06807108,0.98898804,0.1314115,0.9976803,-0.06740124,-0.0095437765
1356272277966,0.004007697,0.14729865,-0.9890839,0.0676519,0.9867859,0.14723054,0.9977009,-0.06750345,-0.006010294
1356272277997,0.0072870255,0.16326463,-0.98655534,0.06719521,0.9842717,0.16338304,0.9977132,-0.06748236,-0.0037981868
1356272278026,0.00921908,0.17942572,-0.9837283,0.06677289,0.9814639,0.17963846,0.9977256,-0.06734249,-0.0029326081
1356272278066,0.0089716315,0.19458649,-0.9808443,0.06651866,0.978595,0.1947487,0.99774486,-0.06699168,-0.00416404
1356272278096,0.007890254,0.21252938,-0.9771229,0.06637989,0.97488666,0.21257901,0.9977633,-0.06653863,-0.006415546
1356272278126,0.005552888,0.22834668,-0.97356397,0.066404365,0.9713459,0.22820517,0.9977773,-0.06591609,-0.00976944
1356272278156,0.0018801996,0.24182093,-0.9703191,0.06653895,0.9681401,0.24140683,0.99778205,-0.0650179,-0.014270246
1356272278186,-0.0032765865,0.2526241,-0.96755904,0.066654176,0.9654676,0.25185233,0.99777085,-0.06366665,-0.020001888
1356272278216,-0.010019273,0.26058406,-0.96539915,0.06659228,0.9634782,0.25937444,0.9977299,-0.06168939,-0.027006269
1356272278257,-0.020866066,0.26316804,-0.9645243,0.06591431,0.96299756,0.26132548,0.99760705,-0.05812311,-0.03744054
1356272278296,-0.034928948,0.26260087,-0.9642722,0.06468088,0.963432,0.26002914,0.9972946,-0.05328743,-0.050636947
1356272278336,-0.052069753,0.2586635,-0.9645631,0.06315282,0.96479297,0.255316,0.99664456,-0.04762063,-0.06657183
1356272278376,-0.07191214,0.2519219,-0.96507204,0.061903283,0.9668391,0.24777044,0.99548817,-0.04192342,-0.08512223
1356272278406,-0.09092271,0.24626628,-0.964928,0.06121715,0.9684911,0.24140732,0.9939746,-0.037120745,-0.10313356
1356272278446,-0.11151597,0.2382057,-0.96479124,0.06083244,0.97066236,0.2326239,0.99189895,-0.032749318,-0.12273502
1356272278476,-0.13000554,0.23395288,-0.96351683,0.060240515,0.9718324,0.22784385,0.9896816,-0.028421782,-0.14043707
1356272278516,-0.14870206,0.22911002,-0.9619752,0.0572934,0.9731527,0.2229157,0.9872209,-0.0219668,-0.15783626
1356272278546,-0.16573194,0.2285851,-0.9593132,0.053352498,0.9734194,0.22272909,0.9847266,-0.014268443,-0.17352223
1356272278587,-0.18470281,0.22550939,-0.9565722,0.045046344,0.97423834,0.22097622,0.98176146,-0.002275139,-0.19010293
1356272278616,-0.20313904,0.2254906,-0.9528318,0.03607142,0.97418433,0.22285348,0.97848517,0.010900252,-0.20602864
1356272278657,-0.22502473,0.22019506,-0.9491459,0.022677056,0.97504914,0.22082809,0.97408915,0.028167956,-0.2244035
1356272278696,-0.24968523,0.21238953,-0.94474757,0.006151572,0.9759775,0.21778457,0.9683075,0.04856591,-0.24499369
1356272278759,-0.2766368,0.20058718,-0.9398069,-0.013870604,0.9770373,0.21261632,0.9608745,0.07185319,-0.2675022
1356272278776,-0.30475998,0.18447648,-0.93439275,-0.037487686,0.97797906,0.20530862,0.9516912,0.09759805,-0.29113328
1356272278817,-0.33183318,0.16564234,-0.92868155,-0.0627832,0.97840244,0.19694416,0.94124657,0.123658195,-0.3142668
1356272278856,-0.35353774,0.1495553,-0.9233874,-0.08400013,0.97807246,0.19057344,0.9316411,0.14493956,-0.33322287
1356272278886,-0.36706477,0.1406532,-0.91949993,-0.097153634,0.97729856,0.18827824,0.9251079,0.15844308,-0.3450669
1356272278926,-0.36527643,0.1511663,-0.9185434,-0.09402953,0.975689,0.1979635,0.926138,0.1586816,-0.34218204
1356272278956,-0.35350204,0.17275685,-0.9193429,-0.0830459,0.973122,0.21479513,0.93174016,0.15227817,-0.32965386
1356272278996,-0.32211506,0.22033834,-0.92070234,-0.05953338,0.9658988,0.25198275,0.9448267,0.13597997,-0.29801303
1356272279026,-0.2835907,0.2724991,-0.9194131,-0.03695012,0.9549581,0.2944312,0.95823324,0.1174704,-0.2607484
1356272279066,-0.23051822,0.33924666,-0.912016,-0.013762891,0.9360277,0.3516571,0.97297066,0.09361535,-0.21110243
1356272279107,-0.16963604,0.40694153,-0.89756453,0.0025844872,0.9109451,0.41251957,0.9855033,0.067658454,-0.15558082
1356272279146,-0.108318925,0.46601993,-0.8781187,0.008403137,0.8837136,0.4679526,0.9940807,0.043309152,-0.09963894
1356272279192,-0.050777756,0.5124743,-0.8571999,0.0035567284,0.8583945,0.5129778,0.9987036,0.022999048,-0.045410097
1356272279225,-0.0052620173,0.53713596,-0.8434793,-0.0062657893,0.8434567,0.53716063,0.9999665,0.008111596,-0.0010727048
1356272279265,0.027633093,0.5466075,-0.83693284,-0.016816169,0.8373883,0.5463497,0.9994766,-0.0010232925,0.032331467
1356272279305,0.047537684,0.5392497,-0.8408032,-0.025686026,0.8421364,0.53865254,0.99853915,-0.0040094256,0.053884387
1356272279345,0.05444044,0.51636714,-0.8546351,-0.033034787,0.8563673,0.5153094,0.99797034,1.7905235E-4,0.0636791
1356272279385,0.048996985,0.48002663,-0.8758846,-0.040776998,0.87716806,0.478449,0.99796623,0.012273356,0.06255263
1356272279426,0.033141494,0.43373626,-0.90043014,-0.050686076,0.9004952,0.43190202,0.9981646,0.0313254,0.051828146
1356272279463,0.011335075,0.3840462,-0.9232443,-0.061989576,0.9217976,0.38268334,0.9980125,0.052893773,0.034255505
1356272279505,-0.011027992,0.33894223,-0.9407425,-0.070607916,0.9381874,0.33884934,0.9974431,0.07016072,0.013585687
1356272279545,-0.02858102,0.30616888,-0.9515481,-0.071530245,0.94887006,0.30745572,0.9970288,0.07685186,-0.0052193403
1356272279585,-0.039378405,0.28950855,-0.95636505,-0.06282241,0.9544966,0.29152966,0.9972475,0.071561135,-0.019398928
1356272279625,-0.044681758,0.28936344,-0.956176,-0.0475702,0.95542985,0.2913606,0.9978681,0.058503963,-0.02892518
1356272279665,-0.046613246,0.3048731,-0.9512516,-0.030852154,0.951393,0.30643022,0.99843645,0.043631867,-0.034941554
1356272279705,-0.046052244,0.33571947,-0.9408356,-0.015864745,0.94147027,0.3367225,0.99881303,0.03043294,-0.038030744
1356272279760,-0.042596553,0.38158095,-0.9233533,-0.0024816245,0.9241489,0.38202423,0.99908924,0.018564329,-0.03841865
1356272279787,-0.036679238,0.43959618,-0.8974463,0.011187866,0.898175,0.43949586,0.9992645,0.0060798824,-0.03786248
1356272279826,-0.032191105,0.50142586,-0.8646015,0.026587814,0.86517334,0.5007676,0.999128,-0.0068675876,-0.041182697
1356272279866,-0.03797695,0.5548124,-0.8311083,0.043839633,0.8318325,0.55329263,0.99831647,-0.015423089,-0.05591321
1356272279896,-0.05528391,0.59449345,-0.80219775,0.061178744,0.80393374,0.5915638,0.9965946,-0.016373485,-0.08081496
1356272279936,-0.10112027,0.6022943,-0.79184353,0.07603869,0.79827404,0.5974752,0.9919641,2.0611286E-4,-0.12651938
1356272279966,-0.15300417,0.5956688,-0.78852296,0.08706075,0.8029404,0.58966696,0.9843831,0.021572143,-0.1747126
1356272280024,-0.20031646,0.58211577,-0.78804475,0.09387432,0.8120511,0.5759866,0.9752235,0.04140243,-0.21731293
1356272280057,-0.21641165,0.58061856,-0.7848874,0.0987118,0.81283194,0.5740734,0.9712991,0.046758473,-0.23322022
1356272280096,-0.18981051,0.6070344,-0.77167434,0.10276842,0.7939288,0.59926265,0.9764275,0.034442604,-0.21307999
1356272280136,-0.13237914,0.64714414,-0.7507864,0.097667575,0.76228285,0.63983274,0.9863756,0.011373043,-0.16411537
1356272280176,-0.06137675,0.6858146,-0.7251836,0.07859856,0.7276181,0.68146473,0.99501514,-0.015172303,-0.098562896
1356272280206,0.0018184632,0.710551,-0.70364344,0.052793562,0.70259506,0.7096288,0.9986038,-0.03843829,-0.036234856
1356272280236,0.05497369,0.72605395,-0.6854367,0.025091708,0.6852535,0.72787225,0.9981725,-0.05721262,0.01945299
1356272280266,0.09626925,0.73333514,-0.67301697,-9.4264746E-4,0.67622435,0.7366952,0.99535495,-0.07028669,0.06579089
1356272280297,0.12473507,0.73348606,-0.6681613,-0.02280727,0.6753623,0.7371334,0.991928,-0.07670748,0.10097015
1356272280336,0.13445099,0.7247327,-0.67578506,-0.038869083,0.6853095,0.72721386,0.9901576,-0.07150748,0.12031025
1356272280366,0.13222842,0.70860904,-0.69310087,-0.049667716,0.70309895,0.70935535,0.9899741,-0.059372157,0.12816465
1356272280396,0.11699186,0.6867021,-0.71746314,-0.057497144,0.72589564,0.6853974,0.9914671,-0.038933843,0.12440729
1356272280426,0.08958259,0.65854824,-0.7471876,-0.064894974,0.75246906,0.65542275,0.993863,-0.010225773,0.110144615
1356272280457,0.052701756,0.62478304,-0.7790179,-0.07380429,0.7804054,0.6209029,0.9958793,0.024772137,0.0872404
1356272280497,0.0032433271,0.58288854,-0.81254566,-0.08446789,0.8098057,0.58058584,0.996421,0.06675097,0.051861823
1356272280536,-0.04094229,0.5439638,-0.8381092,-0.09107435,0.8332889,0.5452843,0.9950021,0.09865545,0.015424371
1356272280577,-0.068766326,0.5188575,-0.8520905,-0.085946545,0.8478557,0.523215,0.9939238,0.10921377,-0.013709903
1356272280617,-0.07940637,0.5112146,-0.85577697,-0.06787135,0.853723,0.5162853,0.99452907,0.09907907,-0.033094227
1356272280656,-0.078327924,0.5186286,-0.8514043,-0.042814672,0.85149014,0.52261984,0.9960079,0.0773883,-0.044490576
1356272280695,-0.07070124,0.53760767,-0.84022576,-0.017706871,0.84152454,0.5399286,0.9973404,0.053051367,-0.04997748
1356272280756,-0.058483116,0.5658905,-0.8224036,0.0040017962,0.8239399,0.566663,0.99828035,0.029849112,-0.05045116
1356272280777,-0.041770734,0.6011824,-0.79801935,0.022364259,0.79907894,0.60081005,0.99887687,0.0072491467,-0.046823084
1356272280817,-0.022641748,0.6393235,-0.76860446,0.03902158,0.76878095,0.6383207,0.9989818,-0.0155394375,-0.042353928
1356272280857,-0.008675158,0.67339206,-0.7392347,0.055861533,0.73843443,0.6720075,0.9984008,-0.035465002,-0.04402274
1356272280896,-0.01282803,0.6950218,-0.71887416,0.074665904,0.717592,0.6924498,0.99712604,-0.044792622,-0.061099708
1356272280936,-0.045801274,0.69774866,-0.7148769,0.09512645,0.7154223,0.6921863,0.994411,-0.03630066,-0.0991416
1356272280977,-0.10488495,0.6793417,-0.7262877,0.11212024,0.73373735,0.6701182,0.9881438,-0.011146218,-0.153126
1356272281017,-0.16652623,0.6472646,-0.7438532,0.118863285,0.7620628,0.63649976,0.97884655,0.017577022,-0.20383942
1356272281056,-0.20590559,0.6155572,-0.7607182,0.11492339,0.7872075,0.60588527,0.9718002,0.037330836,-0.23283237
1356272281095,-0.21356747,0.5935394,-0.775951,0.104331985,0.803591,0.5859661,0.97134125,0.0441868,-0.23354602
1356272281135,-0.19392231,0.5821034,-0.78965175,0.09020275,0.8121022,0.57650113,0.9768611,0.040567666,-0.20999205
1356272281175,-0.15677398,0.57746005,-0.8012251,0.074539155,0.8158611,0.5734235,0.98481756,0.030175298,-0.17094916
1356272281215,-0.11161887,0.5759232,-0.80984783,0.058924973,0.8173422,0.5731313,0.9920025,0.01625204,-0.12516707
1356272281255,-0.06695188,0.5744375,-0.81580573,0.0437575,0.81854415,0.5727746,0.9967962,0.0026507378,-0.07993901
1356272281295,-0.029714502,0.57060075,-0.82068986,0.028592378,0.8212016,0.5699214,0.9991494,-0.006530583,-0.04071641
1356272281335,-0.004814744,0.5625162,-0.8267722,0.012934834,0.8267477,0.5624241,0.99990475,-0.007986248,-0.011256635
1356272281375,0.00444147,0.54834,-0.8362437,-0.0045012236,0.83625436,0.54832315,0.99998003,0.0013287663,0.0061823726
1356272281415,-0.0034837425,0.5263674,-0.85025,-0.02607742,0.84991825,0.52626884,0.9996538,0.02400574,0.010765433
1356272281455,-0.026222907,0.49674946,-0.86749774,-0.052887857,0.86589146,0.49742833,0.99825615,0.05892411,0.0035658479
1356272281496,-0.056637436,0.46317142,-0.8844572,-0.08188164,0.8807399,0.46646821,0.99503154,0.09884037,-0.011957586
1356272281535,-0.08426079,0.4331472,-0.89737594,-0.10456926,0.89176214,0.44025624,0.99094164,0.1309343,-0.029846668
1356272281575,-0.10123658,0.41414785,-0.9045622,-0.11167781,0.89875585,0.42398822,0.9885743,0.14394265,-0.04473585
1356272281615,-0.106418036,0.40942058,-0.90611815,-0.10072431,0.90216637,0.41946447,0.9892067,0.1359067,-0.054768205
1356272281655,-0.10328859,0.4184156,-0.9023635,-0.07746549,0.9010762,0.42668575,0.99163026,0.1139738,-0.060658157
1356272281695,-0.095270224,0.43993562,-0.8929616,-0.050014645,0.89379334,0.4456815,0.99419427,0.08712131,-0.06314868
1356272281758,-0.08323891,0.47370332,-0.876742,-0.023077533,0.8786429,0.47692144,0.99626243,0.059931442,-0.062205374
1356272281776,-0.06645855,0.51910675,-0.8521217,0.0028076172,0.8541037,0.5200952,0.9977852,0.032172352,-0.05821997
1356272281816,-0.046509825,0.5726209,-0.8184999,0.028286278,0.819813,0.57193226,0.9985173,0.0034481287,-0.054326713
1356272281857,-0.031413674,0.625344,-0.77971673,0.0529958,0.78004646,0.6234733,0.9981005,-0.021736115,-0.057644725
1356272281896,-0.034059614,0.66538835,-0.74571985,0.076832384,0.74568796,0.66185063,0.99646205,-0.034753025,-0.07652122
1356272281936,-0.063536115,0.68437517,-0.72635645,0.10010955,0.72852653,0.677663,0.99294573,-0.029659092,-0.114800215
1356272281976,-0.1094529,0.6860094,-0.7193129,0.12001768,0.72748715,0.67554295,0.9867197,-0.012390107,-0.16195881
1356272282015,-0.14910853,0.6825943,-0.7154241,0.1326401,0.7307808,0.66960144,0.9798843,0.004949361,-0.19950503
1356272282055,-0.16532183,0.68620455,-0.70837283,0.13671982,0.72726715,0.6725996,0.9767171,0.014346778,-0.21405089
1356272282095,-0.15593982,0.6994243,-0.6974872,0.13235736,0.7145533,0.6869462,0.97885865,0.014804721,-0.20400125
1356272282135,-0.12805903,0.71760595,-0.68457484,0.12027207,0.69640034,0.70750356,0.9844469,0.008266956,-0.1754883
1356272282175,-0.09029396,0.73510975,-0.67190826,0.102362394,0.67794126,0.7279544,0.99064064,-0.003048271,-0.13646162
1356272282215,-0.05036652,0.7477784,-0.6620353,0.080727875,0.6637557,0.7435801,0.99546283,-0.015993148,-0.093797624
1356272282274,-0.015240222,0.75271904,-0.6581655,0.057318002,0.6578171,0.7509935,0.9982397,-0.02627945,-0.053169668
1356272282295,0.0096863955,0.74813384,-0.6634772,0.03486961,0.66285205,0.74793804,0.99934494,-0.03038001,-0.019666493
1356272282335,0.021003157,0.7333236,-0.6795553,0.0149541795,0.6793988,0.7336169,0.99966764,-0.025570512,0.0033032298
1356272282373,0.017119437,0.7069862,-0.70702016,-0.003253907,0.7071594,0.70704675,0.99984825,-0.009803683,0.014406621
1356272282415,-0.0017095357,0.66842514,-0.7437774,-0.022521198,0.7435642,0.66828525,0.9997449,0.017893225,0.01378262
1356272282455,-0.031372502,0.61896455,-0.78479207,-0.044605613,0.7835293,0.6197517,0.9985119,0.05444929,0.0030279756
1356272282495,-0.06407834,0.5641144,-0.8232065,-0.06836486,0.82048243,0.5675692,0.9956004,0.0926473,-0.014009535
1356272282535,-0.0905211,0.51316786,-0.85350144,-0.08844574,0.84949094,0.520137,0.99195933,0.12257196,-0.03150934
1356272282575,-0.10456283,0.47482294,-0.87384766,-0.09729706,0.86956507,0.48413828,0.98974735,0.13564566,-0.0447253
1356272282615,-0.10626665,0.45271772,-0.88529885,-0.091551304,0.8821037,0.46207312,0.990114,0.13015321,-0.052291274
1356272282655,-0.099676766,0.44621798,-0.889356,-0.0749276,0.88790345,0.45388693,0.9921948,0.111879304,-0.055069268
1356272282695,-0.08857166,0.45405215,-0.88656175,-0.05365616,0.8865926,0.4594285,0.99462354,0.08826186,-0.05416429
1356272282759,-0.07459563,0.47593278,-0.87631243,-0.03129214,0.87721086,0.47908446,0.99672276,0.06315932,-0.05054313
1356272282776,-0.058193058,0.51120406,-0.857487,-0.0076794624,0.858688,0.51244116,0.9982758,0.03640555,-0.046043932
1356272282817,-0.042236038,0.55583066,-0.83022195,0.018354058,0.83125484,0.5555885,0.9989391,0.008227855,-0.045310676
1356272282856,-0.03516364,0.5999266,-0.7992819,0.04624304,0.7998966,0.5983536,0.9983111,-0.015920967,-0.0558697
1356272282896,-0.04961729,0.6287356,-0.77603465,0.074317634,0.7771618,0.6248972,0.9959995,-0.026667356,-0.085286796
1356272282937,-0.091618456,0.63237107,-0.7692288,0.098614484,0.77444226,0.62491155,0.9908992,-0.018603712,-0.13331413
1356272282977,-0.14733195,0.61560905,-0.7741568,0.113036305,0.78804994,0.6051447,0.98260677,0.0016493201,-0.18569112
1356272283016,-0.19206095,0.5964507,-0.7793325,0.11636305,0.8023551,0.58539385,0.97446,0.021745741,-0.22350591
1356272283057,-0.20920739,0.5925509,-0.7778919,0.11347875,0.804832,0.582553,0.9712646,0.03360021,-0.23561871
1356272283097,-0.19836003,0.6071243,-0.76944995,0.1070922,0.7937746,0.5987095,0.9742609,0.036358,-0.22247142
1356272283136,-0.16863999,0.6316949,-0.75665194,0.09633401,0.77453417,0.6251533,0.9809589,0.03253454,-0.1914711
1356272283177,-0.12819174,0.65845,-0.741627,0.08095628,0.75224864,0.653887,0.9884397,0.023783505,-0.14973772
1356272283215,-0.08506087,0.67992663,-0.72832984,0.06274772,0.7331836,0.67712957,0.99439794,0.011896253,-0.10502905
1356272283255,-0.045558184,0.6920593,-0.7204015,0.04430428,0.7218405,0.69063985,0.9979787,-4.5257807E-4,-0.063546956
1356272283295,-0.0148747265,0.69196516,-0.7217777,0.027740836,0.7218652,0.6914774,0.99950445,-0.009737194,-0.029933274
1356272283335,0.002052039,0.6757362,-0.7371408,0.01360634,0.7370552,0.6756956,0.99990535,-0.011416376,-0.0076818466
1356272283375,0.0017467439,0.6400154,-0.76836014,-5.405545E-4,0.7683618,0.6400156,0.99999833,-7.0261955E-4,0.0016881227
1356272283415,-0.015305303,0.58313155,-0.81223357,-0.019170642,0.8120083,0.58333105,0.9996991,0.024499059,-0.0012490153
1356272283455,-0.04257328,0.50982463,-0.8592243,-0.044787064,0.8581656,0.5114156,0.9980891,0.060254768,-0.013701379
1356272283495,-0.069467336,0.4328475,-0.89878666,-0.07323116,0.8963196,0.4373195,0.9948927,0.09619859,-0.03056699
1356272283535,-0.08717665,0.36707187,-0.9260986,-0.09401764,0.92245674,0.37447858,0.9917464,0.11971539,-0.04590547
1356272283575,-0.093768805,0.32066235,-0.94254076,-0.09837571,0.9390947,0.3292769,0.9907218,0.12359899,-0.056512415
1356272283615,-0.09295198,0.2938975,-0.95130664,-0.08716452,0.9493729,0.30181697,0.99184793,0.11097468,-0.06262863
1356272283655,-0.08875117,0.28550607,-0.9542587,-0.066919364,0.95416546,0.29170203,0.9938034,0.08974727,-0.06557739
1356272283695,-0.082627475,0.29612648,-0.9515681,-0.04335557,0.952861,0.3002935,0.99563706,0.06606828,-0.06589377
1356272283757,-0.074034125,0.32737783,-0.9419887,-0.018536389,0.943966,0.32952186,0.9970834,0.041856945,-0.06381726
1356272283776,-0.06285709,0.37847906,-0.9234731,0.007645756,0.9254583,0.3787723,0.99799323,0.016747892,-0.061065376
1356272283816,-0.052893337,0.4427338,-0.8950917,0.03451091,0.8966214,0.44145107,0.99800366,-0.0075406283,-0.062704444
1356272283856,-0.054138,0.5041084,-0.8619419,0.059542775,0.8633015,0.5011638,0.9967566,-0.024190411,-0.07675344
1356272283897,-0.07959259,0.5408561,-0.83734083,0.079682305,0.8407698,0.53549683,0.9936377,-0.024099648,-0.11001569
1356272283937,-0.13058197,0.5431962,-0.82938904,0.09119624,0.8395864,0.5355165,0.9872343,-0.0057083666,-0.1591723
1356272283976,-0.18723816,0.5263388,-0.829403,0.09275161,0.850036,0.51849383,0.97792584,0.020153388,-0.20797795
1356272284016,-0.2232598,0.52211106,-0.82313734,0.0916359,0.85195446,0.5155351,0.9704421,0.03966935,-0.2380513
1356272284055,-0.2272476,0.54982454,-0.8037732,0.094833896,0.83393884,0.5436474,0.9692084,0.04731761,-0.24165261
1356272284095,-0.20372838,0.60382867,-0.7706397,0.09934619,0.7958356,0.5973073,0.9739738,0.045128375,-0.22212237
1356272284135,-0.1636796,0.666541,-0.7272772,0.09814575,0.7445646,0.6602961,0.9816193,0.036697775,-0.18728822
1356272284175,-0.117855564,0.72323674,-0.68046945,0.087816775,0.6901511,0.7183173,0.9891402,0.024901032,-0.14485049
1356272284215,-0.07488327,0.7659397,-0.6385365,0.069256544,0.6427828,0.7629113,0.9947844,0.012906462,-0.10118002
1356272284255,-0.040469512,0.7922106,-0.6089045,0.045924664,0.61023444,0.79088867,0.99812484,0.0040431023,-0.061077893
1356272284295,-0.017838165,0.80170774,-0.59744996,0.022860974,0.59771585,0.801382,0.9995795,6.3687563E-4,-0.02898997
1356272284335,-0.008385792,0.79478824,-0.60682887,0.0033397377,0.6068691,0.7947948,0.9999593,0.0046383142,-0.007743478
1356272284375,-0.013262168,0.76933694,-0.63870573,-0.012880057,0.63857734,0.76944995,0.9998292,0.018431097,0.0014401674
1356272284415,-0.031824306,0.7228116,-0.6903119,-0.028934598,0.6897061,0.7235111,0.9990746,0.04299915,-0.0010351539
1356272284455,-0.058978528,0.657501,-0.7511417,-0.04783529,0.7497258,0.6600175,0.99711245,0.07485795,-0.012765944
1356272284495,-0.08645964,0.58419967,-0.8069916,-0.06841579,0.80463094,0.58982056,0.9939034,0.10620664,-0.029599607
1356272284535,-0.10537511,0.5212822,-0.8468536,-0.08337216,0.84396553,0.52987856,0.9909315,0.12643999,-0.045472562
1356272284575,-0.11306137,0.4823327,-0.8686612,-0.08518916,0.8663418,0.49213275,0.98992926,0.12964174,-0.056860268
1356272284615,-0.11240227,0.47105205,-0.8749147,-0.0740854,0.87407106,0.48011577,0.9908971,0.11878449,-0.063349485
1356272284655,-0.10659501,0.4871385,-0.86679494,-0.055176854,0.86752045,0.49433163,0.9927703,0.10052028,-0.065594554
1356272284695,-0.096346974,0.53127176,-0.84170526,-0.033063725,0.8434643,0.5361667,0.9947986,0.07948792,-0.063699424
1356272284757,-0.08026222,0.6027005,-0.79392064,-0.009814471,0.7959739,0.6052514,0.99672544,0.056370735,-0.057971418
1356272284777,-0.057509005,0.6931688,-0.7184773,0.013564885,0.7201445,0.6936915,0.9982528,0.030147463,-0.05081755
1356272284816,-0.032102793,0.783833,-0.62014115,0.036447585,0.62096643,0.78298926,0.9988197,0.002533555,-0.048503578
1356272284856,-0.015511453,0.8526289,-0.52228665,0.061189592,0.52217996,0.8506374,0.9980056,-0.0187639,-0.0602718
1356272284897,-0.021911785,0.8890599,-0.4572662,0.09411478,0.45717925,0.8843809,0.9953202,-0.023657143,-0.09369123
1356272284935,-0.05627635,0.89724076,-0.43794063,0.13536963,0.44144234,0.88701963,0.9891957,-0.009365648,-0.14630187
1356272284975,-0.10509221,0.8881307,-0.44741422,0.17272192,0.45936882,0.8712907,0.9793481,0.014287591,-0.20167571
1356272285025,-0.14365678,0.876817,-0.45886242,0.19271538,0.4795813,0.856074,0.970682,0.034550965,-0.23787117
1356272285065,-0.15793218,0.8700155,-0.46704456,0.19385925,0.49109417,0.8492615,0.96823347,0.043584764,-0.24622017
1356272285105,-0.1477071,0.8718096,-0.46704456,0.1791935,0.48799872,0.8542522,0.97266245,0.0424878,-0.22830355
1356272285145,-0.1228264,0.8744862,-0.46924138,0.15268692,0.4838434,0.8617321,0.9806123,0.034196407,-0.19295132
1356272285185,-0.09049235,0.8739027,-0.47760347,0.1204032,0.48565364,0.8658196,0.988592,0.020845085,-0.14916861
1356272285226,-0.056804255,0.8673314,-0.49447897,0.08789298,0.4977001,0.8628844,0.994509,0.005554259,-0.10450381
1356272285265,-0.027998403,0.85223544,-0.5224087,0.058781356,0.5231129,0.85023385,0.9978782,-0.0069026947,-0.06474191
1356272285305,-0.009496585,0.8261542,-0.563364,0.0346269,0.5633233,0.8255106,0.9993552,-0.011668056,-0.033956826
1356272285343,-0.0056876987,0.78543246,-0.61892116,0.014700294,0.61893,0.7853086,0.9998758,-0.004631728,-0.015066385
1356272285385,-0.019416884,0.725955,-0.68746793,-0.0049452484,0.6875195,0.7261491,0.99979925,0.017499268,-0.009759426
1356272285425,-0.04755664,0.64668673,-0.7612717,-0.029442191,0.7608954,0.6482063,0.99843454,0.05324,-0.017145753
1356272285465,-0.079793744,0.5562774,-0.8271569,-0.05980344,0.8256365,0.56102395,0.99501586,0.094233006,-0.032613337
1356272285505,-0.104350746,0.47106546,-0.8759043,-0.08883233,0.8727775,0.4799669,0.9905654,0.12789354,-0.049229145
1356272285545,-0.11468899,0.40498143,-0.90710336,-0.105016544,0.9030693,0.41645807,0.987835,0.14302401,-0.06104237
1356272285585,-0.11299449,0.3621754,-0.92523575,-0.10294688,0.9219203,0.37344998,0.988248,0.13744795,-0.06688708
1356272285625,-0.10460013,0.34052542,-0.93439883,-0.0863505,0.9328949,0.3496437,0.9907585,0.1172586,-0.06817639
1356272285665,-0.09293494,0.3379662,-0.93655854,-0.06203355,0.9368366,0.3442222,0.9937379,0.09008831,-0.06609964
1356272285705,-0.07889387,0.3534354,-0.93212616,-0.034196243,0.9335308,0.35686237,0.9962963,0.060029477,-0.06156373
1356272285757,-0.06187621,0.38557404,-0.9205998,-8.6948276E-5,0.9223651,0.38631925,0.99808383,0.023984015,-0.057038903
1356272285796,-0.050098,0.43059316,-0.9011546,0.032731205,0.9025108,0.42942154,0.99820775,-0.007982701,-0.059307814
1356272285826,-0.04788005,0.4677255,-0.88257605,0.060860366,0.8833138,0.46481478,0.9969973,-0.03145857,-0.07075906
1356272285866,-0.07638183,0.47210354,-0.8782278,0.08020228,0.8808559,0.46654093,0.9938478,-0.03480065,-0.10514516
1356272285906,-0.12931952,0.4481155,-0.88457274,0.08886173,0.8937114,0.43975395,0.9876133,-0.021735892,-0.15539467
1356272285947,-0.18438128,0.41153526,-0.8925482,0.08721116,0.91138643,0.40220523,0.9789779,-0.0036810786,-0.20393306
1356272285987,-0.21657237,0.3873546,-0.8961321,0.0828308,0.92189825,0.378474,0.9727464,0.007739693,-0.23174262
1356272286027,-0.21593249,0.38953707,-0.89534014,0.0825496,0.9209733,0.38078052,0.9729125,0.008312926,-0.23102415
1356272286067,-0.1870063,0.41450605,-0.89062524,0.08529255,0.9100466,0.40563586,0.9786489,-1.07228756E-4,-0.20553869
1356272286107,-0.14117652,0.44934958,-0.88213044,0.08595163,0.8932536,0.4412599,0.98624617,-0.013525009,-0.16472876
1356272286146,-0.09058455,0.4814564,-0.87177646,0.081305325,0.87602836,0.47535634,0.9925643,-0.02782011,-0.11849964
1356272286185,-0.04498428,0.5027708,-0.86324847,0.07121687,0.8635386,0.4992286,0.996446,-0.039020404,-0.07465142
1356272286225,-0.011034314,0.5092174,-0.8605672,0.057389155,0.85952353,0.50786394,0.9982909,-0.043783262,-0.038707793
1356272286265,0.007935405,0.49974293,-0.8661374,0.041319117,0.8652611,0.49961585,0.9991145,-0.039752707,-0.01378274
1356272286305,0.010035779,0.4739044,-0.8805191,0.021639109,0.8802543,0.4740085,0.9997155,-0.0238107,-0.0014207959
1356272286345,-0.003960941,0.43251902,-0.9016161,-0.0048252493,0.90160435,0.43253464,0.99998045,0.006063774,-0.0014842153
1356272286385,-0.03009263,0.3798257,-0.9245685,-0.040343538,0.9237721,0.38081163,0.9987326,0.048759982,-0.012475193
1356272286425,-0.060484324,0.3244189,-0.9439778,-0.0818287,0.94091445,0.3286092,0.9948093,0.09712017,-0.030363798
1356272286466,-0.085905164,0.27719182,-0.9569666,-0.11893852,0.950795,0.2860811,0.9891785,0.13839602,-0.048709452
1356272286505,-0.100644976,0.24564745,-0.9641203,-0.13925962,0.956023,0.25812173,0.9851281,0.16024166,-0.06201017
1356272286545,-0.104781926,0.2309243,-0.9673131,-0.13718782,0.960012,0.24404186,0.98498744,0.15827477,-0.06891191
1356272286585,-0.10203835,0.23046215,-0.9677166,-0.11821319,0.96309197,0.24182548,0.9877317,0.13907234,-0.07102865
1356272286625,-0.09523904,0.24248603,-0.9654688,-0.09089296,0.9637077,0.25100988,0.9912961,0.111660264,-0.06974232
1356272286665,-0.08516765,0.26729196,-0.95984447,-0.06058883,0.96017253,0.2727594,0.9945227,0.08138614,-0.065580726
1356272286705,-0.07192668,0.3052945,-0.9495377,-0.028676137,0.95097697,0.30792946,0.99699765,0.049377397,-0.05964595
1356272286756,-0.057624757,0.35415396,-0.93341005,0.0071814656,0.93508655,0.3543467,0.9983125,0.013715893,-0.05642748
1356272286786,-0.046718184,0.41521022,-0.90852505,0.039638728,0.9095724,0.41365057,0.9981213,-0.016687766,-0.058951974
1356272286827,-0.05787843,0.4512589,-0.8905142,0.06394929,0.8918534,0.4477812,0.99627334,-0.031030864,-0.08047676
1356272286866,-0.09898132,0.45415705,-0.8854062,0.07761675,0.8905884,0.4481383,0.9920576,-0.024365038,-0.12340182
1356272286907,-0.16214985,0.42121434,-0.89234847,0.077041894,0.9069597,0.41411185,0.983754,-0.0016000271,-0.17951453
1356272286946,-0.22158563,0.37269658,-0.90110874,0.06470281,0.9276635,0.3677689,0.97299194,0.023188055,-0.22967142
1356272286985,-0.25435877,0.33891016,-0.9057822,0.052135363,0.94003,0.33708388,0.9657036,0.03851697,-0.25677407
1356272287025,-0.25487202,0.336412,-0.9065689,0.04802437,0.9407779,0.33560485,0.96578145,0.041998908,-0.25593394
1356272287065,-0.22954959,0.36250684,-0.9032695,0.050937265,0.9312539,0.36079296,0.97196317,0.036809802,-0.23223406
1356272287105,-0.18869287,0.4042967,-0.8949521,0.05445862,0.9142285,0.40152276,0.9805251,0.027026623,-0.19452584
1356272287145,-0.14224309,0.44818416,-0.8825518,0.053761035,0.89380014,0.44523153,0.98837066,0.01588422,-0.1512317
1356272287185,-0.098740965,0.48324007,-0.86990196,0.04730858,0.875465,0.4809605,0.9939881,0.006336659,-0.10930568
1356272287225,-0.06461079,0.5021416,-0.86236846,0.036046356,0.8647845,0.50084776,0.9972594,0.0012748837,-0.07397479
1356272287266,-0.043578416,0.50114524,-0.8642652,0.02153027,0.8653573,0.50069284,0.99881804,0.003211543,-0.048500657
1356272287305,-0.03677582,0.4793195,-0.8768696,0.0038618594,0.8775248,0.4795157,0.99931604,0.014248222,-0.034122765
1356272287345,-0.043188512,0.43833503,-0.8977735,-0.018971175,0.89809006,0.43940222,0.9988868,0.03600894,-0.030471444
1356272287385,-0.05924714,0.38329288,-0.9217248,-0.04842052,0.92115635,0.38616896,0.9970684,0.067509785,-0.036016643
1356272287425,-0.07922703,0.32334664,-0.9429581,-0.08211676,0.94059974,0.32943738,0.99346864,0.103533015,-0.047968745
1356272287465,-0.09629506,0.27029532,-0.9579497,-0.11242939,0.95330924,0.2802876,0.98898274,0.13469201,-0.06140983
1356272287505,-0.10535431,0.23372649,-0.9665777,-0.12917791,0.9605348,0.2463453,0.98600894,0.15081401,-0.07100415
1356272287545,-0.105839014,0.2163109,-0.9705708,-0.12678851,0.96515083,0.22892901,0.9862671,0.14728686,-0.07472491
1356272287585,-0.10046178,0.21582136,-0.971251,-0.10755551,0.9681132,0.22624916,0.98911035,0.1271928,-0.0740456
1356272287625,-0.09255093,0.22963777,-0.96886575,-0.079888515,0.9681926,0.23710959,0.9924979,0.09934597,-0.071261704
1356272287665,-0.08336994,0.25700223,-0.9628081,-0.050324008,0.963853,0.26163876,0.9952472,0.07026519,-0.067422986
1356272287705,-0.07302004,0.29804915,-0.9517535,-0.021737516,0.95359874,0.30029473,0.99709356,0.042616308,-0.06315297
1356272287757,-0.06272194,0.35028005,-0.93454254,0.0073745996,0.93652344,0.35052752,0.9980037,0.015093908,-0.061323702
1356272287796,-0.05776087,0.41537118,-0.9078163,0.03412406,0.9096245,0.4140274,0.99774706,-0.007063806,-0.06671488
1356272287837,-0.06975514,0.4601804,-0.8850809,0.055944026,0.8876504,0.4571073,0.99599415,-0.017629415,-0.08766252
1356272287876,-0.106618404,0.47359896,-0.8742636,0.070406914,0.88066417,0.46848,0.9918042,-0.01160562,-0.12723964
1356272287916,-0.1618903,0.45595375,-0.87515587,0.07409266,0.88996744,0.44996458,0.9840233,0.008002266,-0.17785996
1356272287955,-0.21301007,0.4275384,-0.87854296,0.06852855,0.90350217,0.42306936,0.9746439,0.02991274,-0.22175366
1356272287995,-0.23985273,0.413415,-0.8783842,0.06169857,0.90945804,0.4111926,0.96884674,0.044430614,-0.2436431
1356272288035,-0.23780438,0.4235108,-0.87412107,0.059014946,0.90457475,0.42221057,0.96951854,0.04881732,-0.24010527
1356272288075,-0.21166256,0.45390075,-0.86554784,0.059573874,0.8899585,0.4521336,0.97552544,0.044135734,-0.21541154
1356272288115,-0.17145443,0.49166507,-0.85373825,0.059134305,0.8701438,0.4892372,0.9834158,0.033396617,-0.17826426
1356272288155,-0.12624401,0.52665436,-0.840653,0.05499682,0.84984565,0.5241543,0.99047345,0.019938141,-0.13625222
1356272288195,-0.08406939,0.55120754,-0.8301221,0.046586245,0.8343345,0.5492866,0.9953704,0.0075058937,-0.095820665
1356272288235,-0.05096645,0.5608431,-0.8263518,0.035059005,0.827922,0.5597464,0.9980847,-4.427731E-4,-0.061858833
1356272288275,-0.030551612,0.55368745,-0.832164,0.021249384,0.8327242,0.55328006,0.99930733,-7.7939034E-4,-0.03720659
1356272288313,-0.024576314,0.52865124,-0.8484832,0.0041104853,0.8487859,0.52872074,0.99968946,0.009506375,-0.023033023
1356272288355,-0.032996655,0.4862122,-0.8732176,-0.018934667,0.8732324,0.4869359,0.99927604,0.03260134,-0.019607484
1356272288395,-0.05213958,0.43013072,-0.90125966,-0.04862003,0.9003236,0.43249676,0.9974555,0.066369474,-0.026029527
1356272288435,-0.07527843,0.36865905,-0.9265115,-0.081932515,0.9237194,0.37420505,0.99379086,0.10408099,-0.03933102
1356272288475,-0.094361305,0.31282014,-0.9451135,-0.11131504,0.94008094,0.32226828,0.9892952,0.13561502,-0.05388564
1356272288515,-0.10395491,0.27143803,-0.9568253,-0.12697107,0.950544,0.28345096,0.98644394,0.15095526,-0.064348936
1356272288555,-0.10434514,0.24689022,-0.9634092,-0.12393409,0.9579185,0.25890622,0.98678887,0.14641488,-0.069356024
1356272288595,-0.09937298,0.23758069,-0.9662715,-0.105896205,0.96303815,0.24767625,0.98939943,0.1269368,-0.070541084
1356272288635,-0.09206322,0.24284573,-0.9656865,-0.08047785,0.9648179,0.2502996,0.9924957,0.100759745,-0.069280505
1356272288675,-0.08300349,0.26426333,-0.9608721,-0.052606866,0.961693,0.26903346,0.9951597,0.0728792,-0.06592184
1356272288715,-0.07178807,0.3034808,-0.95012945,-0.023304999,0.95181674,0.3057806,0.9971476,0.04409416,-0.06125647
1356272288756,-0.05972111,0.35847002,-0.931629,0.007130176,0.93342423,0.35870373,0.9981896,0.014779493,-0.05830109
1356272288796,-0.052794486,0.41953504,-0.9062027,0.03640221,0.9076736,0.41809523,0.99794173,-0.010914668,-0.06319213
1356272288837,-0.06299859,0.46839416,-0.88127065,0.060215816,0.88319993,0.46511495,0.9961953,-0.023764804,-0.08384508
1356272288876,-0.099021554,0.48866075,-0.8668365,0.073848784,0.8723243,0.48331845,0.9923412,-0.016155854,-0.12246591
1356272288917,-0.15342239,0.4794634,-0.8640466,0.07381715,0.8775166,0.47383082,0.9853997,0.008914769,-0.17002332
1356272288957,-0.20210698,0.46285185,-0.86308813,0.06439921,0.885648,0.45986998,0.9772439,0.037360728,-0.20880294
1356272288997,-0.22509018,0.4639514,-0.85678685,0.056356028,0.88408005,0.46392518,0.9727068,0.0561399,-0.22514415
1356272289036,-0.21864629,0.49010307,-0.8437967,0.054490313,0.86950225,0.49091405,0.9742816,0.06135778,-0.21681935
1356272289077,-0.18857762,0.5340413,-0.8241592,0.0552624,0.843657,0.5340308,0.9805022,0.055161223,-0.18860728
1356272289117,-0.14631188,0.58039385,-0.8010841,0.05300224,0.8132349,0.57951677,0.9878176,0.04233095,-0.14974809
1356272289157,-0.101816,0.61870766,-0.77899575,0.04555306,0.7851434,0.61763644,0.99375975,0.02739963,-0.1081242
1356272289195,-0.062983185,0.6428383,-0.7634082,0.033389866,0.7658559,0.64214474,0.99745595,0.014954209,-0.0697003
1356272289235,-0.03452111,0.6507372,-0.75851774,0.018248796,0.7592541,0.6505383,0.9992373,0.008615285,-0.03808546
1356272289276,-0.01819396,0.6426122,-0.7659756,0.0018239617,0.7661224,0.6426921,0.99983287,0.010295957,-0.01511091
1356272289315,-0.01433295,0.61926806,-0.7850489,-0.01576963,0.78489184,0.6194321,0.99977297,0.021258175,-0.0014842153
1356272289355,-0.023038894,0.58124864,-0.81339985,-0.036346078,0.81259096,0.5817001,0.9990737,0.04296559,0.0024049282
1356272289395,-0.042247854,0.5308759,-0.84639585,-0.061268657,0.84418124,0.5325451,0.99722683,0.07435641,-0.0031387806
1356272289435,-0.06659938,0.47504255,-0.8774389,-0.08887914,0.87307113,0.47942394,0.9938134,0.10991533,-0.015924633
1356272289475,-0.08825349,0.4251967,-0.900788,-0.1126585,0.8942535,0.4331498,0.9897067,0.13970841,-0.031018972
1356272289515,-0.1011768,0.39211094,-0.9143371,-0.12360586,0.9069777,0.40263262,0.98716,0.1537545,-0.043297887
1356272289555,-0.10468978,0.38019884,-0.91896075,-0.117351905,0.91286,0.39104372,0.9875569,0.14878006,-0.05095005
1356272289595,-0.10174155,0.3887093,-0.9157258,-0.097386464,0.91218936,0.39802825,0.9900327,0.12967531,-0.054952502
1356272289635,-0.09485364,0.41648126,-0.9041826,-0.070672795,0.9031688,0.42342824,0.99297947,0.10406481,-0.056234956
1356272289675,-0.08432388,0.4636262,-0.88200927,-0.0421129,0.8827127,0.46802217,0.9955481,0.07660943,-0.05490911
1356272289715,-0.06936527,0.5294964,-0.8454715,-0.013381124,0.8469428,0.53151566,0.9975016,0.048182085,-0.05166316
1356272289756,-0.05065635,0.60899734,-0.791553,0.015083432,0.7929467,0.6091043,0.9986023,0.018915623,-0.04935354
1356272289796,-0.033426225,0.69016916,-0.7228757,0.042501926,0.7236072,0.6889022,0.99853706,-0.0076962113,-0.053520977
1356272289837,-0.02958186,0.7566877,-0.653107,0.068749666,0.6533859,0.75389683,0.9971953,-0.02259925,-0.071350396
1356272289876,-0.05027698,0.7982153,-0.6002705,0.09466994,0.60213315,0.7927631,0.9942384,-0.01696989,-0.105840445
1356272289906,-0.08388628,0.8223927,-0.5627018,0.119392276,0.56891924,0.81368077,0.98929703,0.0010743737,-0.14591187
1356272289936,-0.12479587,0.8312696,-0.5416797,0.13913149,0.555215,0.81998706,0.982379,0.026966244,-0.18494433
1356272289976,-0.1636014,0.8324677,-0.5293698,0.14731768,0.5511983,0.82126606,0.9754651,0.0563747,-0.21281403
1356272290016,-0.18184648,0.83935094,-0.5122714,0.1447744,0.53813314,0.8303331,0.97261107,0.076829344,-0.21937418
1356272290055,-0.17655033,0.854411,-0.48868376,0.1338718,0.512713,0.8480588,0.9751453,0.084304065,-0.20490122
1356272290095,-0.15482585,0.87233055,-0.4637548,0.116108984,0.48222864,0.8683169,0.9810952,0.08059177,-0.17594689
1356272290136,-0.12548241,0.8877375,-0.442918,0.09325346,0.45502433,0.8855827,0.9877034,0.06982142,-0.13988215
1356272290175,-0.09603077,0.89765024,-0.4301188,0.067905396,0.4370172,0.8968862,0.9930594,0.056921273,-0.10292238
1356272290215,-0.0720166,0.9010525,-0.4276891,0.043089658,0.43121284,0.9012207,0.99647224,0.04647389,-0.069880545
1356272290255,-0.056542546,0.8980202,-0.4363058,0.021765232,0.43800977,0.89870673,0.998163,0.041318834,-0.04431182
1356272290295,-0.05117798,0.8885883,-0.4558418,0.0058119,0.45669717,0.88960326,0.9986727,0.042878747,-0.028537214
1356272290335,-0.057982177,0.8717115,-0.486577,-0.0052383244,0.48712465,0.87331676,0.9983039,0.053185612,-0.023678243
1356272290375,-0.07798374,0.8453955,-0.52841735,-0.014070749,0.52904534,0.8484768,0.99685526,0.07360262,-0.029361606
