1356272408366,0.039592743,-0.25392568,-0.966413,-0.10712452,0.9605185,-0.25676563,0.99345696,0.113692574,0.010827899
1356272408406,0.017138958,-0.05505445,-0.99833626,-0.112882935,0.9919925,-0.056642525,0.9934605,0.113665916,0.01078701
1356272408445,0.01686135,-0.055486962,-0.99831706,-0.112734705,0.99198663,-0.05703918,0.99348205,0.11350673,0.010470927
1356272408485,0.015984505,-0.056981824,-0.9982473,-0.112361096,0.9919486,-0.058421478,0.9935389,0.113097996,0.009453297
1356272408527,0.014182478,-0.060296636,-0.99807984,-0.111800894,0.99182534,-0.061507463,0.9936295,0.11245854,0.0073253512
1356272408566,0.011446923,-0.06575298,-0.99777025,-0.11130725,0.99155056,-0.066620074,0.9937201,0.11182166,0.0040314198
1356272408605,0.008176804,-0.07286421,-0.9973084,-0.111167885,0.99109316,-0.073321566,0.993768,0.111468196,3.8146973E-6
1356272408647,0.004695654,-0.080829255,-0.996717,-0.11157415,0.99046195,-0.08084765,0.9937451,0.11158748,-0.00436759
1356272408685,0.0015102029,-0.08855139,-0.9960705,-0.11256163,0.98972625,-0.08815804,0.99364364,0.112252444,-0.0084728
1356272408725,-9.993613E-4,-0.09504511,-0.9954725,-0.11403329,0.9889902,-0.09431173,0.99347645,0.11342275,-0.011826694
1356272408765,-0.0027275681,-0.09982368,-0.9950013,-0.115806475,0.988342,-0.09883812,0.993268,0.11495802,-0.0142560005
1356272408807,-0.0038504004,-0.10290921,-0.9946834,-0.117640674,0.9878303,-0.101744816,0.9930488,0.11662346,-0.01590985
1356272408845,-0.004729688,-0.104628846,-0.9945001,-0.11930318,0.98746717,-0.10332153,0.99284667,0.11815835,-0.017152965
1356272408885,-0.005719751,-0.10535124,-0.9944186,-0.12059945,0.98724914,-0.10389802,0.9926847,0.11933206,-0.01835215
1356272408927,-0.007098466,-0.10551051,-0.9943928,-0.12153212,0.98713744,-0.10387312,0.9925621,0.12011334,-0.019830108
1356272408965,-0.009109199,-0.10560078,-0.9943669,-0.12225164,0.9870662,-0.10370553,0.9924574,0.120618306,-0.02190125
1356272409005,-0.011835098,-0.10612221,-0.9942827,-0.12288135,0.98696977,-0.103879005,0.9923508,0.12094937,-0.024721324
1356272409045,-0.0150078535,-0.1069176,-0.99415463,-0.12345343,0.98685724,-0.10426912,0.9922369,0.121166945,-0.028009951
1356272409085,-0.018218517,-0.10754282,-0.9940335,-0.12391014,0.98677695,-0.104486726,0.99212617,0.12126722,-0.031303287
1356272409125,-0.021060675,-0.10745985,-0.9939863,-0.12409314,0.9867997,-0.10405362,0.992047,0.12115544,-0.0341177
1356272409165,-0.023014188,-0.10575545,-0.99412584,-0.12382205,0.98703426,-0.102134556,0.99203753,0.120744154,-0.03581065
1356272409205,-0.023603737,-0.10147569,-0.9945579,-0.12302885,0.9875681,-0.09784268,0.99212235,0.120049864,-0.035794735
1356272409245,-0.022900999,-0.09439393,-0.99527156,-0.12204512,0.9883506,-0.0909293,0.99226034,0.11938566,-0.034154534
1356272409295,-0.0217762,-0.08549125,-0.99610096,-0.12158378,0.98916847,-0.08223827,0.9923423,0.11931889,-0.03193468
1356272409327,-0.02178818,-0.07653329,-0.996829,-0.12252651,0.9897538,-0.07331196,0.99222606,0.12054064,-0.03094232
1356272409366,-0.024803162,-0.069324836,-0.9972857,-0.1255192,0.989914,-0.06569064,0.9917811,0.12354918,-0.033254564
1356272409396,-0.030764848,-0.062028535,-0.99760014,-0.12945527,0.98991334,-0.05755834,0.9911079,0.12737381,-0.038484454
1356272409426,-0.040412962,-0.057791375,-0.99751025,-0.13435662,0.9895736,-0.051888242,0.99010855,0.13192517,-0.047756255
1356272409456,-0.054125905,-0.055316728,-0.99700075,-0.13986425,0.98904115,-0.04728206,0.9886903,0.13688558,-0.06126958
1356272409486,-0.07150248,-0.05298513,-0.9960321,-0.14577955,0.98842025,-0.042115085,0.98672986,0.14218977,-0.078398645
1356272409527,-0.09459996,-0.05337688,-0.9940833,-0.15407772,0.98731416,-0.03835091,0.98351955,0.14953811,-0.10162407
1356272409556,-0.11898875,-0.04116364,-0.9920419,-0.16174477,0.98659754,-0.021537527,0.9796327,0.15789488,-0.12405205
1356272409596,-0.14495584,-0.029572323,-0.9889961,-0.17315231,0.98488665,-0.0040707365,0.97416943,0.17065689,-0.14788556
1356272409636,-0.17319623,-0.010815486,-0.984828,-0.1864817,0.98221195,0.022008732,0.9670718,0.18746422,-0.17213225
1356272409665,-0.20147023,0.013278775,-0.97940457,-0.197918,0.97873104,0.053982742,0.9592904,0.20471773,-0.19455701
1356272409696,-0.22890934,0.033030532,-0.9728872,-0.20940143,0.97435594,0.08235018,0.9506585,0.2225747,-0.21612251
1356272409725,-0.25582707,0.048062198,-0.96552706,-0.2211684,0.96936405,0.1068542,0.94108284,0.24088028,-0.23735976
1356272409765,-0.28430903,0.054271936,-0.9571954,-0.23661414,0.9635408,0.12491155,0.92907596,0.26199943,-0.26110184
1356272409805,-0.31358963,0.056608416,-0.9478697,-0.2532657,0.9570738,0.14094755,0.9151601,0.2842626,-0.28579146
1356272409845,-0.34197235,0.054266788,-0.93814176,-0.27031195,0.9504552,0.15351343,0.8999924,0.3060883,-0.31036043
1356272409885,-0.3680817,0.047500663,-0.9285794,-0.28631264,0.94437575,0.16180083,0.88461345,0.3254199,-0.33400738
1356272409925,-0.39009026,0.039391354,-0.9199337,-0.29809391,0.93987656,0.16664955,0.87118864,0.33923498,-0.3548944
1356272409965,-0.40540603,0.03661923,-0.913403,-0.30112362,0.9380803,0.1712597,0.8631168,0.34447694,-0.36927652
1356272410005,-0.4112981,0.047617346,-0.91025627,-0.29160303,0.9392786,0.18089601,0.863598,0.33983567,-0.37243813
1356272410045,-0.40556234,0.07937213,-0.9106147,-0.26814827,0.9420608,0.20153882,0.87385106,0.32591635,-0.3607809
1356272410085,-0.38689303,0.134437,-0.9122721,-0.23271015,0.9430593,0.23766592,0.89227784,0.30424628,-0.33357823
1356272410125,-0.35514227,0.20985597,-0.91095245,-0.1907557,0.9377036,0.2903863,0.91514266,0.27689782,-0.292987
1356272410165,-0.3121842,0.29712695,-0.90236163,-0.15055746,0.92235583,0.35579795,0.9380157,0.24693179,-0.24321026
1356272410205,-0.26221326,0.38490558,-0.88492477,-0.12002522,0.89688224,0.4256714,0.9575167,0.21782999,-0.18897605
1356272410245,-0.21151143,0.46150327,-0.86155534,-0.10345535,0.8659751,0.48926896,0.9718847,0.19261847,-0.13541865
1356272410297,-0.16299134,0.52380586,-0.8360989,-0.10093424,0.83413243,0.5422503,0.98145103,0.1727731,-0.08308643
1356272410335,-0.12447497,0.55828524,-0.82025826,-0.10745928,0.81424,0.5704961,0.98638654,0.15915683,-0.041359603
1356272410372,-0.097271785,0.5717617,-0.8146329,-0.1169931,0.80627066,0.57986224,0.98835766,0.15171063,-0.011535227
1356272410415,-0.08108753,0.5653028,-0.8208884,-0.12713456,0.8110066,0.5710561,0.98856556,0.15066877,0.0061069727
1356272410455,-0.07504746,0.5401811,-0.83819586,-0.13791698,0.8268652,0.54522735,0.98759645,0.15651937,0.012445986
1356272410495,-0.07886872,0.49777377,-0.8637135,-0.15093262,0.8504617,0.50391877,0.9853928,0.17010596,0.0080554485
1356272410535,-0.09057254,0.44116122,-0.89284575,-0.1676739,0.876977,0.45032963,0.9816731,0.19049439,-0.005458832
1356272410575,-0.106182165,0.37797767,-0.91970545,-0.18767822,0.90069145,0.39183128,0.97647434,0.2142142,-0.024699211
1356272410615,-0.12029171,0.31969854,-0.9398525,-0.20633557,0.9180007,0.33867437,0.97105896,0.23466472,-0.04446268
1356272410655,-0.12901714,0.27668858,-0.9522594,-0.21649309,0.9292618,0.29933804,0.9677217,0.24477734,-0.05998957
1356272410695,-0.13209769,0.25363478,-0.9582378,-0.21395689,0.9366251,0.27740914,0.9678702,0.24166667,-0.06945908
1356272410736,-0.13175595,0.25068694,-0.9590602,-0.20033273,0.94079757,0.27343506,0.97082806,0.22815782,-0.07373488
1356272410775,-0.12990612,0.26736933,-0.9547974,-0.17973062,0.9406551,0.28786257,0.97510064,0.20900144,-0.0741424
1356272410815,-0.12685269,0.30452868,-0.9440184,-0.15502194,0.9339257,0.32210404,0.97973293,0.18720333,-0.07126236
1356272410855,-0.122068495,0.36235896,-0.9240104,-0.12729487,0.9175682,0.37664917,0.9843248,0.1635988,-0.0658797
1356272410895,-0.11644759,0.4360938,-0.89233524,-0.0977322,0.8890559,0.44724494,0.9883767,0.13929045,-0.06090802
1356272410935,-0.11509203,0.5125813,-0.8508902,-0.06897183,0.85039157,0.5216101,0.99095744,0.118720666,-0.06251961
1356272410975,-0.1276356,0.572014,-0.81025255,-0.04425794,0.81283563,0.58080935,0.99083316,0.10999206,-0.07843059
1356272411015,-0.1614902,0.59948945,-0.7839217,-0.026502669,0.79142714,0.6106887,0.9865184,0.11939627,-0.11191964
1356272411055,-0.211465,0.5961994,-0.7744862,-0.018390387,0.78983855,0.613039,0.97721255,0.14387938,-0.15605891
1356272411113,-0.25956857,0.5807548,-0.77158797,-0.018860757,0.7957721,0.60530245,0.9655405,0.17167023,-0.19560397
1356272411135,-0.28860235,0.5759202,-0.76486886,-0.021677911,0.79472595,0.60658115,0.9572035,0.19164152,-0.21687502
1356272411176,-0.29265648,0.5918102,-0.75107443,-0.022616535,0.78096014,0.62417126,0.95595014,0.19965443,-0.21516836
1356272411213,-0.27552134,0.6232931,-0.7318427,-0.023314,0.7567526,0.6532855,0.9610122,0.19705626,-0.19397002
1356272411256,-0.24390937,0.66070586,-0.7099126,-0.026802778,0.72714895,0.6859563,0.9694275,0.18633884,-0.15964967
1356272411297,-0.20477241,0.6953366,-0.6888943,-0.033967674,0.6983361,0.71496356,0.9782201,0.16980493,-0.11938101
1356272411336,-0.16439606,0.72151077,-0.6726041,-0.043935686,0.67584854,0.7357298,0.98541546,0.15050241,-0.0794068
1356272411366,-0.12979877,0.733909,-0.66673076,-0.05549541,0.665988,0.7438953,0.9899862,0.13355717,-0.04571587
1356272411397,-0.10265529,0.7366539,-0.66843325,-0.06658706,0.665387,0.74352294,0.9924858,0.12083554,-0.01925391
1356272411426,-0.08416523,0.7284446,-0.6799151,-0.07698253,0.6755434,0.7332904,0.99347365,0.11405915,-7.7974796E-4
1356272411456,-0.07543971,0.7077464,-0.702427,-0.0873546,0.69703543,0.7116957,0.99331665,0.115050375,0.0092407465
1356272411486,-0.076899365,0.67314726,-0.7354994,-0.099383354,0.7288347,0.6774385,0.9920733,0.12519094,0.0108526945
1356272411517,-0.08776939,0.62442636,-0.77613676,-0.11504343,0.76757616,0.63054883,0.98947537,0.14463232,0.004466474
1356272411546,-0.10532278,0.564258,-0.81885284,-0.13536508,0.8076334,0.5739378,0.98518187,0.17129283,-0.008681357
1356272411576,-0.12536754,0.4989265,-0.85752857,-0.15917495,0.8430355,0.513765,0.97925806,0.20090654,-0.026272714
1356272411616,-0.14532632,0.43420115,-0.8890161,-0.18299785,0.87125504,0.45544094,0.97231275,0.22887558,-0.04715842
1356272411657,-0.15585333,0.3857786,-0.909332,-0.19672763,0.8900163,0.41130185,0.96799177,0.24299347,-0.062818706
1356272411696,-0.15565947,0.36319757,-0.91861725,-0.19473612,0.90042007,0.38900083,0.9684255,0.2394396,-0.069431186
1356272411726,-0.15181655,0.3614362,-0.9199541,-0.18454511,0.9040105,0.38562697,0.9710277,0.22831762,-0.070542455
1356272411756,-0.14491844,0.37546104,-0.9154385,-0.16887528,0.902244,0.3967832,0.97492546,0.21209612,-0.06734574
1356272411796,-0.1324639,0.409644,-0.9025769,-0.1464188,0.8925241,0.42657018,0.98031366,0.18865937,-0.058247685
1356272411826,-0.11997995,0.46538848,-0.87693685,-0.12254663,0.8696197,0.47827172,0.9851838,0.16484869,-0.047305107
1356272411867,-0.101439595,0.5325896,-0.8402728,-0.09751795,0.8352387,0.54117143,0.9900507,0.13683787,-0.03278923
1356272411896,-0.08300313,0.60995257,-0.7880789,-0.07453409,0.78479314,0.61525965,0.9937581,0.10980722,-0.019678056
1356272411926,-0.06698263,0.6773281,-0.7326255,-0.05549553,0.7306087,0.68053746,0.9962096,0.08624157,-0.01134944
1356272411956,-0.05944942,0.72887635,-0.68205935,-0.039359063,0.681025,0.73120165,0.99745506,0.070314735,-0.01179862
1356272411986,-0.066437885,0.7611231,-0.64519584,-0.024253964,0.6452015,0.76362735,0.9974958,0.06638229,-0.024405599
1356272412016,-0.09019171,0.7742455,-0.62642586,-0.008989453,0.6283308,0.77789426,0.9958838,0.07579085,-0.049710155
1356272412056,-0.13709272,0.76344573,-0.63115466,0.00485304,0.63768065,0.77028555,0.99054635,0.10253751,-0.09112644
1356272412097,-0.18385355,0.7455693,-0.64056563,0.011776745,0.6532983,0.75700897,0.9828831,0.13163501,-0.12889159
1356272412137,-0.21070224,0.7363044,-0.64300895,0.009641618,0.6593091,0.7518102,0.9775028,0.15220845,-0.14601707
1356272412176,-0.21240683,0.74095094,-0.6370832,-5.3465366E-5,0.65195125,0.75826085,0.9771813,0.16109389,-0.1384393
1356272412217,-0.19302413,0.7561537,-0.6252784,-0.015917927,0.63476574,0.7725407,0.98106486,0.15907213,-0.11048871
1356272412255,-0.16093707,0.7742294,-0.6121014,-0.03563589,0.61522293,0.78754735,0.98632115,0.14855832,-0.07142186
1356272412296,-0.12389459,0.7895199,-0.60108936,-0.055868268,0.5992456,0.7986134,0.99072134,0.13252571,-0.030134141
1356272412336,-0.08818805,0.79886127,-0.5950156,-0.07373652,0.5904685,0.8036852,0.99337095,0.11474979,0.0068329573
1356272412377,-0.060527563,0.7994001,-0.5977424,-0.08745214,0.5922906,0.8009644,0.9943282,0.10075426,0.034059346
1356272412416,-0.047153845,0.7889285,-0.61267316,-0.0970504,0.60683525,0.7888804,0.99416184,0.096658885,0.04795122
1356272412457,-0.053620756,0.7652884,-0.6414503,-0.10504985,0.6344867,0.76576185,0.9930203,0.10844496,0.046371758
1356272412496,-0.080616474,0.72705495,-0.6818299,-0.115979075,0.67256755,0.73089105,0.9899746,0.13799989,0.030103147
1356272412537,-0.12280303,0.6760137,-0.72658455,-0.13347408,0.71422404,0.6870726,0.98341465,0.1813547,0.0025213957
1356272412576,-0.16806923,0.6201547,-0.76626426,-0.15661085,0.7506512,0.64186907,0.9732552,0.22788373,-0.02903837
1356272412615,-0.20273896,0.57250077,-0.79444313,-0.17812353,0.7761957,0.6048076,0.9628961,0.26412708,-0.055389285
1356272412655,-0.2195767,0.5431905,-0.81038886,-0.18895137,0.7912543,0.5815617,0.9571225,0.28082153,-0.07110441
1356272412695,-0.22036351,0.5337267,-0.81644094,-0.18573536,0.7987421,0.5722879,0.957571,0.2777533,-0.07688171
1356272412735,-0.21111153,0.53999346,-0.8147632,-0.17177647,0.8000815,0.57477164,0.9622499,0.26129806,-0.07614827
1356272412775,-0.1963647,0.5579729,-0.8062922,-0.15193519,0.7950553,0.58719903,0.968688,0.23780932,-0.07134509
1356272412815,-0.17767768,0.58540803,-0.7910297,-0.12911022,0.78300446,0.608469,0.9755825,0.21024138,-0.06354022
1356272412855,-0.15611006,0.61960435,-0.7692334,-0.10451761,0.7640472,0.636638,0.98219424,0.17978407,-0.0545159
1356272412895,-0.13622472,0.65488154,-0.7433526,-0.07923919,0.74074066,0.6671016,0.98750395,0.1497784,-0.049014866
1356272412935,-0.12800817,0.6823759,-0.7197062,-0.054439306,0.7197477,0.6920979,0.9902779,0.1277745,-0.054985523
1356272412975,-0.14225937,0.69388866,-0.70589006,-0.03195545,0.7095519,0.7039283,0.9893135,0.12269741,-0.07876688
1356272413015,-0.17993976,0.68595433,-0.70504487,-0.015109569,0.71473193,0.6992353,0.98356164,0.13647318,-0.11824417
1356272413055,-0.22621514,0.66421604,-0.71249115,-0.007892579,0.73017853,0.68321085,0.9740454,0.16017601,-0.15993506
1356272413095,-0.26014704,0.64153266,-0.72163665,-0.0108394325,0.74538183,0.6665496,0.9655082,0.18122302,-0.18695503
1356272413135,-0.27021962,0.6283226,-0.72951496,-0.020353347,0.7538052,0.6567826,0.96258354,0.19232361,-0.1909045
1356272413175,-0.25721037,0.6266855,-0.7356005,-0.032590687,0.75515264,0.65473837,0.96580565,0.19237924,-0.17380899
1356272413215,-0.22786082,0.6330044,-0.7398547,-0.045276225,0.75213325,0.6574539,0.9726405,0.18330577,-0.14272165
1356272413255,-0.18998757,0.64234304,-0.74249595,-0.05736786,0.7477149,0.6615372,0.98010904,0.16827923,-0.10520667
1356272413296,-0.15101556,0.6502599,-0.7445511,-0.068868876,0.74443835,0.66413,0.98612946,0.15157035,-0.06763911
1356272413336,-0.11717036,0.6533827,-0.74790525,-0.08012575,0.7444179,0.66288906,0.98987424,0.13759738,-0.034870923
1356272413377,-0.093192145,0.6491893,-0.7548963,-0.09095228,0.749475,0.65575516,0.9914851,0.12977079,-0.010799944
1356272413417,-0.082692966,0.63538337,-0.76775646,-0.10161832,0.76100343,0.64073974,0.9913807,0.13100278,0.0016369224
1356272413456,-0.0885102,0.60966057,-0.7877054,-0.11465557,0.7793169,0.6160513,0.9894544,0.14484164,9.2345476E-4
1356272413496,-0.11016284,0.5711573,-0.8134147,-0.1335635,0.8024656,0.581558,0.98489845,0.17270857,-0.012116134
1356272413536,-0.14107381,0.52400726,-0.8399491,-0.15901041,0.82542557,0.5416533,0.97714573,0.20997378,-0.033123314
1356272413576,-0.16986907,0.478643,-0.8614206,-0.18536831,0.8430015,0.5049625,0.96787554,0.24545759,-0.054474592
1356272413615,-0.18711048,0.4466831,-0.87490785,-0.20257165,0.8539501,0.47930568,0.9612254,0.26691467,-0.06929767
1356272413655,-0.19083512,0.43374673,-0.8805939,-0.20429274,0.85988855,0.46782067,0.9601283,0.26917556,-0.07548559
1356272413695,-0.18492445,0.43903738,-0.8792321,-0.19222426,0.86122245,0.47047395,0.9637701,0.25601184,-0.07486749
1356272413735,-0.17387584,0.4600959,-0.8706774,-0.17201498,0.85636204,0.48688293,0.9696279,0.23442669,-0.06975728
1356272413775,-0.15874243,0.4963324,-0.8534958,-0.14715223,0.8429081,0.5175444,0.97629255,0.20775005,-0.060768902
1356272413815,-0.13986495,0.54709816,-0.8253009,-0.11962932,0.81805146,0.5625662,0.9829175,0.17741346,-0.04896772
1356272413855,-0.119465694,0.6065929,-0.78598535,-0.09132105,0.78158545,0.6170775,0.9886296,0.1454966,-0.037977934
1356272413896,-0.10562521,0.66354847,-0.74063945,-0.06433475,0.73868555,0.67097294,0.9923227,0.11852053,-0.035334587
1356272413936,-0.11008316,0.7050532,-0.7005581,-0.03945151,0.7011869,0.7118852,0.9931391,0.106004685,-0.049373448
1356272413982,-0.14993882,0.71489644,-0.68296516,-0.016860813,0.68882483,0.72473174,0.9885515,0.120180786,-0.09122783
1356272414012,-0.19133724,0.71765745,-0.6695953,0.0018558502,0.6824627,0.7309181,0.9815226,0.13860923,-0.13191235
1356272414055,-0.2246273,0.7163359,-0.6606101,0.010836214,0.67972916,0.7333832,0.97438455,0.15757936,-0.16044807
1356272414095,-0.23868175,0.71926534,-0.652448,0.009147197,0.67350185,0.73912895,0.97105473,0.17044848,-0.16733187
1356272414135,-0.23409756,0.72767663,-0.6447364,-0.0014230311,0.6629066,0.7487008,0.9722121,0.1761865,-0.1541493
1356272414175,-0.21698762,0.7376304,-0.6393885,-0.017881453,0.65188086,0.7581105,0.9760105,0.17593381,-0.12826014
1356272414215,-0.192819,0.7456933,-0.6377791,-0.03641197,0.64409107,0.7640817,0.9805585,0.17055225,-0.09704083
1356272414255,-0.16483606,0.7505616,-0.63991135,-0.05413133,0.6409241,0.7656933,0.9848345,0.16085306,-0.065018535
1356272414296,-0.13799849,0.74875027,-0.64832824,-0.069618165,0.64563894,0.7604628,0.9879827,0.15007812,-0.036970556
1356272414337,-0.116716266,0.7383402,-0.66425234,-0.08236629,0.6593234,0.74733424,0.989744,0.14193803,-0.016139448
1356272414377,-0.105268195,0.7160952,-0.69001913,-0.09335038,0.6836946,0.723773,0.9900527,0.14060381,-0.0051235557
1356272414416,-0.10681264,0.6787834,-0.72652876,-0.105500996,0.71884656,0.6871165,0.98866606,0.15004227,-0.0051695704
1356272414457,-0.12219715,0.624559,-0.77135843,-0.1227895,0.7616989,0.6361898,0.984881,0.17245536,-0.016388118
1356272414496,-0.14663965,0.5564898,-0.8178116,-0.14708123,0.8052926,0.5743439,0.97819424,0.20450631,-0.03623861
1356272414537,-0.17107235,0.48495373,-0.85764444,-0.17511967,0.8416502,0.51084054,0.96957064,0.23758115,-0.05905813
1356272414577,-0.18571836,0.42456335,-0.88614595,-0.19793041,0.8671851,0.45696115,0.9624616,0.2602613,-0.0770182
1356272414615,-0.18782556,0.38449448,-0.90381724,-0.20757605,0.8838713,0.41914636,0.9600176,0.26633722,-0.08620179
1356272414655,-0.18100736,0.36549377,-0.9130447,-0.20294333,0.8945183,0.39831027,0.9623151,0.2573934,-0.087739825
1356272414695,-0.17001686,0.36553746,-0.91513747,-0.18775809,0.8996296,0.3942253,0.9673888,0.2388494,-0.08431953
1356272414735,-0.15728635,0.38407505,-0.9098062,-0.16569632,0.8979494,0.40771508,0.9735531,0.21487956,-0.07759535
1356272414775,-0.14354777,0.42112398,-0.89557177,-0.13891797,0.8874094,0.4395525,0.97984487,0.18750776,-0.068883955
1356272414815,-0.13013446,0.47368103,-0.87102884,-0.109206095,0.86630666,0.48742872,0.9854638,0.15855293,-0.0610075
1356272414855,-0.12275181,0.5327639,-0.8373139,-0.08030951,0.8355951,0.5434438,0.9891826,0.13395298,-0.05978483
1356272414895,-0.13126315,0.58106256,-0.80320376,-0.056605577,0.80449915,0.59125036,0.9897302,0.12307519,-0.07270968
1356272414935,-0.16171762,0.6057354,-0.77905834,-0.040591806,0.7846987,0.6185469,0.98600185,0.13165335,-0.10231167
1356272414975,-0.20609032,0.6079547,-0.7667581,-0.032894254,0.7788321,0.62636936,0.97798,0.15431057,-0.14051151
1356272415015,-0.24552615,0.6046891,-0.75767285,-0.031254858,0.77625316,0.6296461,0.9688861,0.17827553,-0.17169094
1356272415055,-0.2646706,0.61490655,-0.74285895,-0.030745715,0.7645574,0.64382195,0.96384865,0.19324043,-0.18345016
1356272415095,-0.2612242,0.6424191,-0.720458,-0.030069023,0.7405956,0.6712779,0.9648097,0.19701752,-0.17414457
1356272415135,-0.24168274,0.67781353,-0.6943761,-0.032081634,0.7096169,0.703857,0.9698248,0.19238687,-0.14975673
1356272415175,-0.21389043,0.7104306,-0.67047685,-0.039081395,0.679588,0.7325522,0.9760756,0.18288907,-0.11759275
1356272415215,-0.18386824,0.7338023,-0.65400803,-0.05064705,0.65739536,0.7518419,0.9816452,0.17136344,-0.08370918
1356272415255,-0.15547468,0.7453079,-0.64833915,-0.06461662,0.64724153,0.7595414,0.9857242,0.15998295,-0.052470386
1356272415296,-0.13209777,0.7420913,-0.6571534,-0.07862523,0.6530299,0.75323963,0.98811346,0.15117013,-0.02791673
1356272415336,-0.11720346,0.7211982,-0.6827419,-0.09198251,0.6766416,0.73054457,0.98883903,0.14842266,-0.01296711
1356272415377,-0.11423881,0.67739993,-0.7266905,-0.10763043,0.71873444,0.6869036,0.98760587,0.156685,-0.009198546
1356272415416,-0.12309694,0.6077805,-0.7845063,-0.1302113,0.7737924,0.6199116,0.9838152,0.17846073,-0.016111612
1356272415456,-0.13930471,0.5173893,-0.8443356,-0.16210647,0.8292318,0.53487957,0.97689086,0.2113835,-0.03164375
1356272415496,-0.15448982,0.42175367,-0.8934521,-0.19919321,0.87244296,0.44627947,0.967706,0.24691524,-0.050773084
1356272415535,-0.1612441,0.34061682,-0.92627245,-0.2301572,0.8996965,0.3709095,0.9597021,0.27299523,-0.066675305
1356272415576,-0.1580315,0.28495383,-0.9454245,-0.24422081,0.9164299,0.31703722,0.9567562,0.28099418,-0.0752331
1356272415615,-0.14869708,0.2542702,-0.95563376,-0.23975064,0.92827547,0.28429615,0.95937943,0.27138782,-0.077070415
1356272415655,-0.13750371,0.24564987,-0.9595565,-0.22145554,0.9366108,0.2715101,0.96542734,0.2498328,-0.074386895
1356272415695,-0.12685072,0.258977,-0.95751756,-0.19540592,0.9398749,0.28009236,0.9724842,0.2226345,-0.06861818
1356272415735,-0.116411865,0.29668647,-0.947853,-0.16431041,0.9354385,0.31298062,0.9795154,0.19217677,-0.060147464
1356272415775,-0.10590467,0.35974973,-0.92701906,-0.12956579,0.9193218,0.3715645,0.98589903,0.15946037,-0.050749183
1356272415815,-0.09836322,0.4410181,-0.8920918,-0.09423089,0.88828343,0.44952542,0.9906792,0.12827934,-0.0458169
1356272415855,-0.10194092,0.52088255,-0.8475197,-0.06265743,0.8469043,0.5280409,0.9928153,0.10693237,-0.05369705
1356272415895,-0.1261816,0.57537895,-0.80809486,-0.037773967,0.8112282,0.58350825,0.9912877,0.10415292,-0.08062774
1356272415935,-0.1709651,0.59517545,-0.78519887,-0.021348119,0.79450727,0.60687935,0.98504585,0.1205177,-0.1231271
1356272415975,-0.2197945,0.5983561,-0.7704935,-0.0128540695,0.78796244,0.61558914,0.9754615,0.14520708,-0.1654985
1356272416015,-0.2522108,0.6156733,-0.7465494,-0.0060370862,0.7704738,0.63744307,0.96765345,0.16527703,-0.19060493
1356272416055,-0.2594365,0.66124105,-0.7038842,0.0036809444,0.72951126,0.6839589,0.96575314,0.17485294,-0.19169581
1356272416095,-0.24568994,0.7231113,-0.64555913,0.011873901,0.6681673,0.7439164,0.9692758,0.17510745,-0.17274809
1356272416135,-0.2210054,0.78159034,-0.5833293,0.011954069,0.6002453,0.7997266,0.97519934,0.16977075,-0.14200068
1356272416175,-0.19316125,0.82724756,-0.527589,0.0024707913,0.53812426,0.8428619,0.9811639,0.16150475,-0.10598868
1356272416215,-0.16747153,0.8577086,-0.48609602,-0.013401061,0.4910335,0.8710376,0.98578584,0.15238819,-0.070739925
1356272416255,-0.14703664,0.8740988,-0.4629594,-0.031166196,0.4637201,0.8854334,0.98863983,0.14461988,-0.040941477
1356272416296,-0.13453564,0.8766146,-0.46200317,-0.047594607,0.45998725,0.886649,0.989765,0.14127481,-0.020162523
1356272416336,-0.13324541,0.86296356,-0.48738027,-0.06240979,0.48348337,0.87312585,0.9891161,0.1467573,-0.010564566
1356272416377,-0.14585751,0.82699096,-0.5429655,-0.079236835,0.5373062,0.83965683,0.9861273,0.16549313,-0.0128419995
1356272416417,-0.16987994,0.763754,-0.6227525,-0.103363454,0.6146425,0.78200424,0.98002905,0.19721666,-0.02547115
1356272416455,-0.19638228,0.67892385,-0.70745766,-0.13588962,0.69570005,0.7053619,0.9710654,0.23465674,-0.044364452
1356272416495,-0.21484074,0.5935341,-0.7756033,-0.16855621,0.7596972,0.62805164,0.9619938,0.26566386,-0.063170075
1356272416535,-0.22019917,0.5324516,-0.81731725,-0.18806504,0.79898995,0.57118,0.95715404,0.2794822,-0.07580137
1356272416575,-0.21537985,0.5065309,-0.83488804,-0.18808499,0.817428,0.5444589,0.95824605,0.2742954,-0.080786705
1356272416615,-0.20569205,0.51451504,-0.83244526,-0.17177393,0.81844586,0.5483066,0.9634234,0.25577468,-0.07996756
1356272416655,-0.19449814,0.55297685,-0.8101772,-0.145413,0.8005699,0.5813286,0.97006476,0.23087762,-0.07529932
1356272416695,-0.18165356,0.619337,-0.7638218,-0.11331415,0.7583872,0.6418791,0.9768122,0.20315142,-0.0675841
1356272416735,-0.16559143,0.7063941,-0.6881764,-0.07867172,0.6861243,0.7232179,0.9830514,0.17389876,-0.058043063
1356272416775,-0.14726609,0.79608095,-0.586999,-0.0452846,0.5874207,0.80801374,0.9880597,0.14557505,-0.05045694
1356272416816,-0.13424405,0.8658496,-0.48195735,-0.01512152,0.48451325,0.8746532,0.9908329,0.12470496,-0.051950037
1356272416855,-0.13824207,0.9044273,-0.40360934,0.014932185,0.40937918,0.9122422,0.99028593,0.12008345,-0.07009852
1356272416895,-0.1645073,0.915871,-0.36622077,0.04743305,0.37819502,0.9245099,0.9852347,0.13471767,-0.10565841
1356272416935,-0.20491087,0.9101634,-0.36001953,0.07702103,0.3816781,0.9210806,0.97574544,0.16101035,-0.14831173
1356272416973,-0.24032152,0.900431,-0.36258733,0.09557462,0.3936687,0.9142704,0.9659767,0.18506476,-0.18066543
1356272417015,-0.2566238,0.896505,-0.36114123,0.09993985,0.39626497,0.91268075,0.96133053,0.19812313,-0.19128764
1356272417055,-0.252596,0.8988697,-0.35809016,0.09036964,0.39039072,0.91620326,0.9633424,0.19906878,-0.1798417
1356272417095,-0.2342186,0.9030068,-0.36016718,0.06909567,0.38499737,0.92032754,0.9697255,0.19067183,-0.15256739
1356272417135,-0.20767498,0.9047507,-0.3718833,0.04064226,0.38782424,0.9208368,0.9773532,0.17612061,-0.11731249
1356272417175,-0.17748863,0.90151596,-0.3946729,0.01028347,0.4027174,0.91526663,0.9840691,0.15839079,-0.08074844
1356272417215,-0.1480655,0.8908398,-0.42951262,-0.017987609,0.43180197,0.90178907,0.988814,0.14124978,-0.04791093
1356272417255,-0.124569476,0.86932826,-0.478279,-0.042120248,0.4769659,0.8779119,0.99131644,0.12950626,-0.022799075
1356272417296,-0.11245081,0.83206826,-0.5431549,-0.062779844,0.5395806,0.8395901,0.9916721,0.12851182,-0.008439124
1356272417336,-0.11574024,0.77311754,-0.6236132,-0.084228516,0.617932,0.7817068,0.9897018,0.14300093,-0.006401062
1356272417377,-0.13387674,0.68878126,-0.7125009,-0.1127494,0.70371795,0.70147604,0.9845632,0.17424536,-0.016551793
1356272417417,-0.15846297,0.5863041,-0.79444116,-0.15059103,0.7808428,0.60630596,0.9758133,0.21571282,-0.03544253
1356272417457,-0.17840359,0.4850188,-0.8561126,-0.19107126,0.836432,0.51368594,0.96522737,0.25522196,-0.05654931
1356272417497,-0.18604198,0.40454936,-0.8953928,-0.22119683,0.870664,0.43933618,0.9573194,0.27979302,-0.07249498
1356272417537,-0.18126997,0.35235792,-0.9181422,-0.23206188,0.89191806,0.3881101,0.9556613,0.28341854,-0.079909086
1356272417577,-0.16879258,0.32523018,-0.93044853,-0.22452992,0.90648675,0.3575865,0.9597372,0.26927143,-0.07998437
1356272417617,-0.15337157,0.31818807,-0.9355392,-0.20514512,0.91586185,0.3451269,0.96663994,0.24485394,-0.07519245
1356272417657,-0.13728368,0.3290963,-0.9342638,-0.17948869,0.91931504,0.35020518,0.97413397,0.21576725,-0.0671379
1356272417697,-0.12112251,0.35731235,-0.92609787,-0.15034649,0.9155996,0.37292537,0.9811857,0.18440524,-0.057179034
1356272417735,-0.105972916,0.39994934,-0.91039014,-0.11940852,0.9038019,0.4109546,0.98717344,0.15225838,-0.048021197
1356272417775,-0.09627438,0.4484297,-0.88861805,-0.08961113,0.8852348,0.456431,0.9913128,0.12357268,-0.045041144
1356272417815,-0.10130126,0.4868123,-0.8676127,-0.06544292,0.8669493,0.49408108,0.99270105,0.10683012,-0.05596465
1356272417855,-0.12876898,0.5006722,-0.8560058,-0.051680237,0.8586312,0.509982,0.9903271,0.10990845,-0.08469021
1356272417895,-0.1747607,0.48582497,-0.8564069,-0.051790744,0.8640524,0.5007307,0.9832479,0.131862,-0.12584114
1356272417935,-0.22099155,0.45707732,-0.8615353,-0.063669994,0.8747301,0.4804096,0.9731952,0.16102043,-0.16420585
1356272417975,-0.24904668,0.43698972,-0.8643007,-0.07892835,0.8802932,0.46781856,0.9652699,0.18472648,-0.18474323
1356272418015,-0.25255346,0.43787307,-0.86283475,-0.09010768,0.8772237,0.47154987,0.963378,0.19683963,-0.1820901
1356272418056,-0.23525533,0.45747316,-0.8575391,-0.09556502,0.8671393,0.48881167,0.96722406,0.19694626,-0.1602807
1356272418095,-0.20434633,0.48678577,-0.84928334,-0.09722324,0.8532085,0.51242846,0.9740586,0.18728296,-0.1270231
1356272418135,-0.16692224,0.51673865,-0.8397131,-0.09753692,0.83883023,0.5355842,0.9811338,0.17130394,-0.089618325
1356272418175,-0.1294198,0.5398729,-0.8317378,-0.09858897,0.8276302,0.5525472,0.98667663,0.15351073,-0.053886235
1356272418215,-0.09738335,0.55060005,-0.8290693,-0.101679936,0.82316566,0.5586228,0.99003917,0.13870032,-0.02417767
1356272418255,-0.0755426,0.54451346,-0.8353433,-0.10777867,0.8283702,0.5497149,0.99130076,0.13155909,-0.0038903356
1356272418296,-0.06725197,0.5185534,-0.8523964,-0.11881885,0.8440884,0.5228737,0.9906358,0.13644505,0.004847288
1356272418336,-0.07407823,0.47174022,-0.87862027,-0.13848498,0.8676386,0.47751993,0.9875902,0.15704954,0.0010558367
1356272418377,-0.0930998,0.40778944,-0.9083172,-0.16925791,0.8925189,0.41804522,0.9811647,0.19265981,-0.014071763
1356272418416,-0.11585191,0.33895576,-0.933642,-0.20715274,0.9110563,0.35646084,0.9714248,0.23470317,-0.035331964
1356272418456,-0.13325939,0.2804,-0.9505881,-0.24142179,0.9210664,0.30553585,0.96122706,0.27020818,-0.05504608
1356272418497,-0.14061534,0.2413571,-0.9601948,-0.26055273,0.9266232,0.271075,0.9551647,0.28829873,-0.067411184
1356272418535,-0.1390664,0.2221954,-0.9650336,-0.26075774,0.9318958,0.2521421,0.95533556,0.28670445,-0.07165623
1356272418575,-0.13243538,0.21960998,-0.96655697,-0.24612936,0.9373175,0.24669062,0.9601465,0.27056864,-0.07008153
1356272418615,-0.12362096,0.23178226,-0.96488076,-0.22268537,0.9410604,0.25459075,0.9670207,0.2463376,-0.06472027
1356272418655,-0.1135599,0.25939012,-0.95907295,-0.1936932,0.9410152,0.27744064,0.97446764,0.21727204,-0.056619525
1356272418695,-0.10279313,0.30309996,-0.9473985,-0.16032791,0.93494177,0.31651035,0.98169667,0.18442956,-0.047510207
1356272418735,-0.093833655,0.359377,-0.928463,-0.124561094,0.92101216,0.36908162,0.9877651,0.15028264,-0.041657507
1356272418775,-0.09343036,0.416767,-0.9041992,-0.09094918,0.90080196,0.42459884,0.9914631,0.12190655,-0.046257615
1356272418815,-0.11123764,0.45660964,-0.88268554,-0.0654861,0.8828996,0.464973,0.9916339,0.10952613,-0.06831008
1356272418855,-0.15164956,0.46312183,-0.8732242,-0.053618565,0.87828666,0.47511846,0.98697895,0.11887254,-0.10835987
1356272418895,-0.20407152,0.4397828,-0.8746118,-0.05776602,0.8864465,0.4592121,0.97725016,0.14423499,-0.15549397
1356272418935,-0.24822807,0.41160882,-0.8769042,-0.07208203,0.8948786,0.44045028,0.966016,0.17254117,-0.19246435
1356272418975,-0.27096468,0.40479344,-0.87333864,-0.08493833,0.89368695,0.44057816,0.95883447,0.19356108,-0.20777512
1356272419015,-0.27127987,0.4280352,-0.8620864,-0.08967574,0.88053775,0.46541545,0.9583138,0.2035661,-0.20048779
1356272419055,-0.2540164,0.47404242,-0.8430655,-0.08765076,0.85678685,0.5081669,0.9632201,0.20297804,-0.17608774
1356272419095,-0.22490394,0.52971673,-0.81781316,-0.08340174,0.82576996,0.55780655,0.9708049,0.19365992,-0.14153963
1356272419135,-0.1898455,0.5818039,-0.7908622,-0.080907226,0.79350096,0.6031669,0.97847474,0.17849495,-0.10357046
1356272419175,-0.15437646,0.620631,-0.76875556,-0.08233163,0.76729614,0.635986,0.98457575,0.16147415,-0.06735492
1356272419215,-0.1248461,0.6366193,-0.76100546,-0.08875671,0.75676525,0.6476331,0.9881982,0.1483988,-0.037974954
1356272419255,-0.10656048,0.6240216,-0.7741071,-0.100417554,0.7678054,0.6327647,0.9892224,0.14516167,-0.019154966
1356272419297,-0.10188159,0.5788571,-0.80903924,-0.11870825,0.80038583,0.58761454,0.9876884,0.15590675,-0.012829483
1356272419336,-0.109814845,0.5029873,-0.8572891,-0.14593041,0.84499997,0.5144701,0.9831811,0.18160096,-0.019392371
1356272419377,-0.12497295,0.40703604,-0.90482235,-0.1824219,0.8869978,0.42421353,0.9752456,0.21807462,-0.036598444
1356272419417,-0.13854128,0.3127021,-0.9396934,-0.22169867,0.9149712,0.33716086,0.96522325,0.25503948,-0.05743563
1356272419455,-0.14494643,0.23946574,-0.96002436,-0.25237316,0.9292299,0.26988825,0.95671225,0.2814037,-0.0742538
1356272419495,-0.14377734,0.19428718,-0.9703507,-0.26497462,0.93717766,0.22690654,0.953476,0.28974235,-0.083263695
1356272419535,-0.13841262,0.17448488,-0.974883,-0.2586404,0.9438294,0.20564832,0.95600575,0.28060848,-0.08550906
1356272419575,-0.13202351,0.17644502,-0.97541636,-0.23837553,0.9495011,0.20402153,0.9621574,0.25945103,-0.0832963
1356272419615,-0.12564236,0.19932637,-0.97184515,-0.20953444,0.95217735,0.22238158,0.96969545,0.23157556,-0.077868104
1356272419655,-0.11850643,0.24353702,-0.96262455,-0.175041,0.9491501,0.26167694,0.97740316,0.19950914,-0.0698514
1356272419695,-0.11050221,0.3066531,-0.94538516,-0.13723478,0.93739104,0.3201009,0.9843555,0.1651116,-0.06150031
1356272419735,-0.10534206,0.3781953,-0.91971266,-0.10065521,0.91605365,0.38821945,0.98932886,0.13346967,-0.058431625
1356272419775,-0.11213889,0.4383437,-0.89178455,-0.071890056,0.89151466,0.44725096,0.9910886,0.11426467,-0.06846094
1356272419815,-0.14007697,0.4667217,-0.87324065,-0.056459054,0.87673604,0.47764656,0.9885296,0.116209656,-0.096459866
1356272419856,-0.18623352,0.4594436,-0.86846334,-0.056547076,0.8774498,0.4763237,0.98087686,0.13781652,-0.13743037
1356272419902,-0.23627537,0.4298615,-0.87143165,-0.072817326,0.88646936,0.45702267,0.9689539,0.17143852,-0.17814952
1356272419933,-0.26780844,0.41136852,-0.8712374,-0.087435186,0.89016026,0.44717985,0.9594966,0.19593532,-0.20242435
1356272419975,-0.27143613,0.4280502,-0.8620299,-0.09208158,0.8799976,0.46596694,0.95804155,0.20585734,-0.19944763
1356272420015,-0.25305083,0.46648544,-0.8475592,-0.0905586,0.86080503,0.50081325,0.9632052,0.20348498,-0.17558312
1356272420055,-0.22110057,0.5121589,-0.8299445,-0.08845812,0.83696645,0.5400577,0.971231,0.1928224,-0.13974911
1356272420095,-0.18306412,0.5532768,-0.8126329,-0.08913404,0.81385624,0.5741891,0.9790518,0.1775467,-0.09967208
1356272420135,-0.14528012,0.5819282,-0.80015826,-0.09347035,0.7970488,0.59663767,0.98496544,0.16147065,-0.06140232
1356272420175,-0.11272013,0.5938138,-0.7966677,-0.10080749,0.79080623,0.603708,0.9884999,0.14836009,-0.029278934
1356272420215,-0.08982621,0.58456427,-0.80635965,-0.11039959,0.798799,0.5913815,0.98981977,0.14214332,-0.007217467
1356272420255,-0.08035615,0.550931,-0.83067316,-0.12311354,0.82150126,0.55675733,0.9891339,0.14700602,0.0018143654
1356272420296,-0.085292704,0.49179876,-0.86652136,-0.14157812,0.8548834,0.49912933,0.9862459,0.16525254,-0.003287375
1356272420336,-0.10216653,0.41138023,-0.9057198,-0.16816348,0.89023787,0.42331737,0.98045045,0.19555785,-0.021773398
1356272420376,-0.12385275,0.3224699,-0.9384422,-0.20167083,0.9178063,0.34199485,0.9715912,0.23161343,-0.048640072
1356272420416,-0.14163753,0.24370612,-0.9594511,-0.23492317,0.9332589,0.27173334,0.9616393,0.2638849,-0.07493228
1356272420457,-0.15066272,0.18841034,-0.970465,-0.2573293,0.9403557,0.22251464,0.95450634,0.28325373,-0.093193054
1356272420496,-0.15198028,0.15870242,-0.97555906,-0.26277637,0.94501424,0.1946708,0.9528119,0.28594,-0.10192025
1356272420536,-0.14904234,0.15133923,-0.97718114,-0.251946,0.94979143,0.1855248,0.9561954,0.2738479,-0.103429794
1356272420577,-0.14500025,0.16399989,-0.9757454,-0.2302506,0.9535005,0.19447735,0.96226794,0.2528652,-0.10049677
1356272420616,-0.14051461,0.19704255,-0.97027314,-0.2013768,0.9538231,0.22286521,0.9693829,0.22670631,-0.094346285
1356272420655,-0.13503966,0.25201276,-0.95825565,-0.16676,0.9475383,0.2726944,0.9767064,0.19662327,-0.08592963
1356272420695,-0.12920767,0.32656643,-0.9363011,-0.12858385,0.9307263,0.34236634,0.9832455,0.16462952,-0.078265846
1356272420735,-0.12764955,0.40837383,-0.90384537,-0.09185387,0.90251637,0.42074582,0.9875569,0.13672969,-0.07769513
1356272420775,-0.13909861,0.4757458,-0.8685146,-0.062129572,0.8711203,0.4871236,0.9883277,0.12171866,-0.09161377
1356272420815,-0.1683437,0.51272476,-0.841887,-0.04205112,0.84956306,0.5258082,0.984831,0.12391879,-0.121457934
1356272420855,-0.2065562,0.525635,-0.82525283,-0.031146497,0.83948207,0.54249394,0.97793883,0.13775925,-0.15702856
1356272420895,-0.23637432,0.5376705,-0.80934393,-0.02536282,0.82925,0.5583021,0.971331,0.15249552,-0.18237656
1356272420935,-0.24672318,0.5656414,-0.7868783,-0.020308018,0.8087837,0.58775544,0.9688732,0.16099282,-0.18805867
1356272420975,-0.23798214,0.6077202,-0.7576547,-0.016829908,0.7773691,0.6288196,0.97112375,0.16239911,-0.17477208
1356272421015,-0.2169468,0.652084,-0.7264438,-0.018786818,0.7412405,0.67097664,0.97600263,0.15921381,-0.14855915
1356272421055,-0.19095661,0.68891895,-0.6992327,-0.027543008,0.7082998,0.70537424,0.981212,0.15395477,-0.11627966
1356272421095,-0.1650654,0.71422756,-0.68017083,-0.04127103,0.6840249,0.72829026,0.98541874,0.14828688,-0.0834319
1356272421135,-0.14341015,0.7256459,-0.6729574,-0.05681473,0.67282814,0.73761404,0.98803127,0.14401516,-0.055263042
1356272421175,-0.12937449,0.7219641,-0.679728,-0.07188031,0.6768573,0.7325964,0.98898715,0.14363828,-0.035673082
1356272421215,-0.12619321,0.70101553,-0.701892,-0.087050855,0.69699347,0.711774,0.98817885,0.1509214,-0.026931822
1356272421255,-0.13552815,0.6605969,-0.7384063,-0.10581291,0.7313695,0.67372274,0.98510695,0.16944131,-0.029221475
1356272421296,-0.15494832,0.60233045,-0.78306377,-0.1314449,0.77302,0.6206144,0.979139,0.19909297,-0.04060489
1356272421336,-0.17770049,0.5348238,-0.8260667,-0.16281945,0.81187856,0.56066304,0.97052175,0.23412979,-0.05719149
1356272421377,-0.19507954,0.47340333,-0.8589722,-0.19210704,0.8403909,0.5067918,0.96178937,0.26387933,-0.072999
1356272421417,-0.20138231,0.4329228,-0.8786483,-0.20862159,0.8574871,0.4703115,0.95703816,0.27801743,-0.08236569
1356272421455,-0.19726819,0.4192072,-0.8862001,-0.20720759,0.865712,0.45563996,0.9582015,0.27351063,-0.08391452
1356272421495,-0.18703976,0.43052992,-0.8829836,-0.19056967,0.8658685,0.4625526,0.96369046,0.2547856,-0.07990593
1356272421535,-0.17458963,0.46395952,-0.8684815,-0.16480708,0.8558159,0.49032423,0.9707508,0.22873738,-0.07295275
1356272421575,-0.16100825,0.5182773,-0.83991957,-0.13441585,0.83157825,0.53889704,0.977757,0.19966538,-0.06422627
1356272421615,-0.14578332,0.59153837,-0.7929877,-0.101988494,0.7882944,0.6067869,0.9840455,0.16933507,-0.054590046
1356272421655,-0.12953179,0.6761216,-0.7253145,-0.06973806,0.7234538,0.6868415,0.9891199,0.13954982,-0.046558857
1356272421695,-0.11726995,0.757138,-0.64264286,-0.03939569,0.6430518,0.7648088,0.9923184,0.11500642,-0.045582652
1356272421735,-0.11894429,0.81844366,-0.56214076,-0.010220617,0.5651207,0.824945,0.99284834,0.10386786,-0.05885291
1356272421776,-0.14293453,0.8528869,-0.50214887,0.020135969,0.5097593,0.8600814,0.9895272,0.11282414,-0.090035856
1356272421815,-0.1849941,0.8656399,-0.46523604,0.050105423,0.48109972,0.8752328,0.9814614,0.13860211,-0.13237381
1356272421855,-0.22909725,0.8682348,-0.44009408,0.07362813,0.46628022,0.8815677,0.9706149,0.16956139,-0.17075002
1356272421895,-0.25780147,0.8730452,-0.41392085,0.086660355,0.44756854,0.89004064,0.96230364,0.19358325,-0.19104224
1356272421935,-0.2651159,0.8843738,-0.384183,0.08845475,0.4190676,0.9036361,0.96015066,0.20558551,-0.18932855
1356272421975,-0.25512615,0.8992792,-0.35525715,0.08003384,0.38579544,0.91910636,0.9635898,0.2060554,-0.17039931
1356272422015,-0.23449129,0.9138248,-0.33156908,0.06294033,0.35463518,0.93288386,0.97007847,0.19788408,-0.1406753
