1356272689018,0.43442687,-0.14682257,0.8886599,0.8162163,-0.35303184,-0.45733958,0.38087302,0.9240193,-0.033527546
1356272689057,-0.16380137,0.103135675,0.9810872,0.9100008,-0.36817932,0.19063726,0.38087747,0.92401683,-0.033545345
1356272689096,-0.16358954,0.10318461,0.98111737,0.9100262,-0.3682078,0.19046056,0.38090777,0.9239999,-0.033665687
1356272689137,-0.16289061,0.10332319,0.9812191,0.9101144,-0.3682956,0.18986845,0.38099653,0.9239495,-0.034043998
1356272689177,-0.16125041,0.10349482,0.981472,0.91034013,-0.3684821,0.18841973,0.38115528,0.923856,-0.03479764
1356272689216,-0.15832084,0.10349986,0.98194814,0.9107728,-0.3687849,0.185716,0.3813493,0.9237344,-0.03587848
1356272689256,-0.1543926,0.10312194,0.9826132,0.91138107,-0.36916316,0.18194273,0.3815069,0.9236257,-0.036987334
1356272689298,-0.15060723,0.102253675,0.98329115,0.9119971,-0.3695091,0.1781131,0.38154778,0.92358387,-0.037604302
1356272689336,-0.14839482,0.10092643,0.98376465,0.9124088,-0.36971414,0.17556098,0.38143042,0.9236479,-0.037222534
1356272689376,-0.14888352,0.09931138,0.9838551,0.9124408,-0.3697135,0.17539597,0.38116336,0.9238231,-0.035571456
1356272689416,-0.15243077,0.09762284,0.98348093,0.9120047,-0.3695289,0.17803305,0.3808047,0.924077,-0.03270495
1356272689458,-0.15884441,0.096006095,0.98262465,0.9110636,-0.3692488,0.18335333,0.38043603,0.92435825,-0.028814524
1356272689496,-0.16729432,0.094545394,0.98136324,0.90967834,-0.36898327,0.19062221,0.38012904,0.9246148,-0.02427712
1356272689536,-0.17630488,0.09332344,0.9799017,0.90805936,-0.36881477,0.19850397,0.37992728,0.9248061,-0.019719392
1356272689576,-0.18407124,0.09244138,0.9785563,0.9065402,-0.36879605,0.20536378,0.37987185,0.9249022,-0.015917063
1356272689623,-0.18884522,0.09201956,0.97768605,0.9054924,-0.3689711,0.2096281,0.38002774,0.92487454,-0.0136446655
1356272689646,-0.19066393,0.0919165,0.97734267,0.9049827,-0.36928064,0.21127751,0.3803336,0.9247612,-0.012774408
1356272689686,-0.1881373,0.09254891,0.9777725,0.905239,-0.3698418,0.20918733,0.38098124,0.9244737,-0.014197797
1356272689726,-0.1823942,0.09372637,0.978748,0.9060279,-0.37062246,0.20433378,0.3818975,0.92404234,-0.017319292
1356272689766,-0.17533106,0.09537509,0.9798789,0.9069612,-0.37153763,0.19844687,0.38298872,0.923506,-0.021359444
1356272689806,-0.16872865,0.09741688,0.9808367,0.90772474,-0.37246603,0.19314495,0.3841439,0.9229188,-0.025581986
1356272689846,-0.16355067,0.09969595,0.9814845,0.9082222,-0.37324876,0.18925592,0.38520592,0.9223589,-0.029500961
1356272689886,-0.15984803,0.10193789,0.9818642,0.9085418,-0.3737508,0.18671414,0.38600576,0.9219105,-0.032871515
1356272689943,-0.1570878,0.103820354,0.9821124,0.9088725,-0.37385213,0.18489346,0.3863605,0.92165935,-0.035631895
1356272689978,-0.15509635,0.105136216,0.98228896,0.90921813,-0.37367153,0.1835537,0.3863515,0.9215834,-0.037636697
1356272690018,-0.1541689,0.10618138,0.9823225,0.9095373,-0.37312788,0.18307799,0.38597137,0.92168385,-0.039051205
1356272690048,-0.15521085,0.107608706,0.982003,0.90959656,-0.37225294,0.18455839,0.38541362,0.921872,-0.04010281
1356272690088,-0.15843022,0.10948411,0.9812814,0.9094366,-0.37081617,0.18820357,0.38448027,0.92223024,-0.04082039
1356272690117,-0.16658854,0.113111526,0.97951734,0.9083936,-0.36875802,0.19707534,0.3834963,0.9226177,-0.041318953
1356272690146,-0.17692608,0.117410004,0.97719604,0.90684634,-0.3664366,0.20821619,0.38252705,0.92300546,-0.04164067
1356272690186,-0.18950337,0.12243816,0.9742163,0.9046824,-0.36386198,0.2217074,0.3816257,0.92337066,-0.041814595
1356272690227,-0.2066065,0.12930152,0.9698427,0.901162,-0.36091805,0.24009386,0.38107827,0.9235904,-0.041953564
1356272690266,-0.22590405,0.13716468,0.9644445,0.89650595,-0.35805213,0.26091325,0.38110948,0.9235716,-0.04208353
1356272690306,-0.24585247,0.14538595,0.9583421,0.8909322,-0.35557342,0.28250173,0.38183275,0.92327166,-0.042110443
1356272690346,-0.26542628,0.15342149,0.951846,0.8846768,-0.35370702,0.30370745,0.38326982,0.922688,-0.04184538
1356272690386,-0.2840835,0.1607418,0.9452294,0.8779613,-0.35259098,0.32382655,0.38533184,0.92186856,-0.040959775
1356272690426,-0.30173123,0.16673413,0.9387002,0.8708947,-0.35243607,0.34253672,0.38794434,0.92086303,-0.038866907
1356272690466,-0.3187428,0.17079145,0.9323268,0.8632639,-0.35384935,0.35995275,0.39138007,0.91957647,-0.03465113
1356272690506,-0.3361081,0.17239478,0.92591107,0.85442924,-0.35776228,0.37677154,0.39620948,0.91776145,-0.027052343
1356272690546,-0.35575515,0.17101324,0.91879964,0.84343743,-0.3647136,0.39445823,0.4025563,0.9152805,-0.014490247
1356272690586,-0.37972552,0.1661757,0.9100517,0.8294914,-0.3743751,0.41447222,0.40957594,0.9122658,0.0043185353
1356272690626,-0.40776533,0.15801701,0.89930975,0.81271625,-0.3861254,0.43634784,0.4161967,0.9088112,0.029025555
1356272690666,-0.43690026,0.14745444,0.88734174,0.7940992,-0.4001432,0.45748436,0.42252183,0.9045124,0.057729185
1356272690706,-0.46276355,0.13579926,0.8760184,0.77521765,-0.41732913,0.4742086,0.42998526,0.89855146,0.08785078
1356272690746,-0.48218948,0.124019116,0.8672443,0.7573638,-0.4385519,0.48381022,0.4403333,0.89010763,0.11753744
1356272690786,-0.49420476,0.112314254,0.86205983,0.7412164,-0.46372348,0.48534387,0.4542685,0.87883216,0.14592525
1356272690826,-0.5004211,0.10019311,0.85996515,0.7266221,-0.4914636,0.48008728,0.470743,0.8651155,0.17313623
1356272690866,-0.5042572,0.08707172,0.85915256,0.7126769,-0.5198792,0.47097483,0.4876641,0.8497907,0.20009884
1356272690906,-0.5093619,0.07288948,0.85745996,0.6981878,-0.5474912,0.46128875,0.5030748,0.833631,0.22798055
1356272690948,-0.51957476,0.05825153,0.85243696,0.6808009,-0.57462007,0.45422655,0.5162868,0.81634456,0.25890046
1356272690985,-0.5346254,0.04465747,0.84390837,0.6605306,-0.6008135,0.45024708,0.5271384,0.7981409,0.29171255
1356272691026,-0.55643153,0.03356877,0.83021504,0.6351174,-0.62705743,0.45102638,0.5357329,0.7782493,0.32759443
1356272691066,-0.58328795,0.02599132,0.8118496,0.60659724,-0.65077335,0.4566552,0.54019904,0.75882715,0.3638219
1356272691107,-0.61065555,0.022345364,0.79158103,0.5810758,-0.6664754,0.4670776,0.5380063,0.74519205,0.39400256
1356272691146,-0.6316059,0.02219516,0.77497184,0.5665653,-0.6691208,0.48091707,0.5292238,0.7428222,0.41004556
1356272691186,-0.63852286,0.024399579,0.769216,0.5699275,-0.65667474,0.49392408,0.5171762,0.7537791,0.40539584
1356272691227,-0.6251187,0.027555853,0.78004324,0.59483266,-0.6302508,0.49895704,0.50537205,0.7759025,0.37759036
1356272691266,-0.5879847,0.030643165,0.8082914,0.63978,-0.5938188,0.48791477,0.49492985,0.80401504,0.32955146
1356272691306,-0.5268034,0.03351319,0.84932625,0.69810843,-0.55296993,0.45482838,0.48489463,0.8325269,0.2679106
1356272691347,-0.4446385,0.037099242,0.89494145,0.75979793,-0.51349837,0.39878118,0.47434556,0.8572881,0.2001333
1356272691405,-0.35185593,0.043242812,0.9350548,0.8133184,-0.48037148,0.32826266,0.46336865,0.8759984,0.13385144
1356272691428,-0.26523334,0.05369562,0.96268785,0.85122514,-0.4558952,0.25995225,0.4528431,0.8884122,0.075211614
1356272691467,-0.2036342,0.069185734,0.9765994,0.8721347,-0.44044167,0.21305433,0.44487542,0.89511144,0.029349715
1356272691504,-0.17864412,0.08868444,0.9799088,0.87874734,-0.43361813,0.1994453,0.44259393,0.896722,-4.6789646E-4
1356272691547,-0.1887356,0.10950762,0.97590315,0.87326866,-0.4358527,0.21779418,0.44920012,0.89333117,-0.013368696
1356272691586,-0.22098976,0.12950459,0.9666395,0.8570435,-0.44723183,0.25585172,0.46544597,0.8849927,-0.01215741
1356272691627,-0.26025414,0.1469098,0.9542984,0.832198,-0.46704644,0.29885483,0.4896063,0.87194335,-7.073283E-4
1356272691666,-0.2976132,0.16105735,0.9410031,0.8039855,-0.48923802,0.33801392,0.51481414,0.8571503,0.016115963
1356272691706,-0.33048773,0.17085707,0.92821646,0.7799027,-0.5044374,0.3705331,0.53153527,0.8463751,0.03345841
1356272691747,-0.35841888,0.17517292,0.91697884,0.76608586,-0.5061543,0.39613152,0.5335244,0.8444656,0.047217816
1356272691786,-0.3792898,0.17381185,0.90880615,0.7641318,-0.4950251,0.4135851,0.5217679,0.85131633,0.054942966
1356272691826,-0.3892849,0.16782746,0.90569925,0.7720796,-0.47678447,0.42020184,0.5023447,0.8628501,0.056028903
1356272691866,-0.38456213,0.15868941,0.9093567,0.78788126,-0.45688105,0.41291994,0.48099387,0.8752585,0.050670713
1356272691907,-0.36238188,0.14694843,0.9203725,0.81055033,-0.43778634,0.38903892,0.46009514,0.8869889,0.039536685
1356272691946,-0.32153225,0.13186261,0.93767226,0.83928466,-0.41881514,0.34669167,0.438427,0.8984465,0.02399233
1356272691985,-0.3154561,0.1337072,0.9394732,0.85267186,-0.39455044,0.3424629,0.41645926,0.90909433,0.010454953
1356272692027,-0.20643276,0.080118865,0.9751751,0.8940799,-0.38944095,0.22126177,0.39750034,0.9175602,0.008760691
1356272692066,-0.1252774,0.020168692,0.99191666,0.9121344,-0.39095378,0.12315032,0.39027736,0.92018926,0.030581146
1356272692106,-0.105710745,-0.041096568,0.9935474,0.9097446,-0.407399,0.07994291,0.4014848,0.91232514,0.08045381
1356272692146,-0.14760906,-0.09222266,0.9847368,0.89240825,-0.44166565,0.09240639,0.42640248,0.8924272,0.14749417
1356272692187,-0.20718163,-0.12592095,0.9701648,0.8675932,-0.48189116,0.12273094,0.45205948,0.867136,0.2090872
1356272692226,-0.23759407,-0.14706683,0.9601669,0.8503407,-0.50930214,0.13240871,0.4695421,0.8479285,0.24606402
1356272692266,-0.21542662,-0.16630664,0.96225435,0.85154164,-0.51431865,0.10175076,0.47798353,0.84131944,0.25241494
1356272692306,-0.13494217,-0.1905775,0.9723532,0.8671855,-0.49746096,0.02284664,0.47935367,0.84629357,0.23239447
1356272692346,-0.0038258433,-0.219325,0.9756444,0.87957364,-0.46490514,-0.10106167,0.4757474,0.8577645,0.19469112
1356272692386,0.15254974,-0.24530217,0.95736897,0.8698549,-0.42650312,-0.24788585,0.46912786,0.8705871,0.1483144
1356272692426,0.29650706,-0.26041788,0.9188396,0.83614045,-0.39409965,-0.38151616,0.46146798,0.8814011,0.10089263
1356272692466,0.3980106,-0.26184228,0.8792192,0.79649746,-0.37689036,-0.4728062,0.4551698,0.88847756,0.058550276
1356272692506,0.44458312,-0.25131541,0.8597595,0.7724803,-0.37832975,-0.51004004,0.45345348,0.8909025,0.025937147
1356272692546,0.43527755,-0.23099509,0.87015784,0.77407336,-0.39751545,-0.4927392,0.45972154,0.88804436,0.0057775974
1356272692586,0.3746866,-0.20178449,0.9049271,0.79553175,-0.43130428,-0.42556536,0.47617143,0.87935185,-0.00107795
1356272692626,0.27584416,-0.16496527,0.94694054,0.81962705,-0.47426492,-0.3213787,0.50211704,0.86478853,0.004386775
1356272692666,0.16373217,-0.12485084,0.9785724,0.8301736,-0.5184283,-0.20504597,0.5329198,0.84595764,0.018764496
1356272692706,0.063960016,-0.08754742,0.9941049,0.8256398,-0.5549029,-0.10198951,0.5605605,0.8272958,0.036790997
1356272692746,-0.010365427,-0.0575251,0.9982903,0.81705433,-0.576031,-0.024709374,0.5764675,0.8154012,0.05297193
1356272692787,-0.05803877,-0.037015498,0.99762785,0.8148215,-0.5791324,0.025915831,0.5767993,0.8143927,0.06377317
1356272692826,-0.079767406,-0.027463615,0.9964351,0.821546,-0.5679356,0.050113678,0.5645346,0.8226147,0.06786533
1356272692866,-0.07205653,-0.030676901,0.99692863,0.83480215,-0.5488328,0.04344994,0.5458142,0.83536905,0.06515612
1356272692906,-0.026124418,-0.049346507,0.99844,0.8509653,-0.5252089,-0.003692031,0.5245718,0.84954137,0.055712953
1356272692950,0.07004517,-0.08710256,0.9937338,0.8626845,-0.49489462,-0.104186356,0.5008684,0.8645765,0.040476993
1356272692988,0.22533548,-0.1460608,0.96327055,0.8517637,-0.45045918,-0.26755413,0.47299322,0.8807683,0.022904828
1356272693028,0.42290604,-0.22016513,0.8790209,0.79068995,-0.38421577,-0.47664216,0.44267365,0.8966079,0.011595167
1356272693068,0.59492505,-0.289351,0.7498935,0.6868505,-0.3015793,-0.66127634,0.41749328,0.90847456,0.01932377
1356272693108,0.6776315,-0.34289595,0.65056735,0.6124189,-0.22663659,-0.7573499,0.4071346,0.9116239,0.05641991
1356272693148,0.6648578,-0.3885151,0.6379813,0.62199855,-0.18498564,-0.7608536,0.4136205,0.90268284,0.11866671
1356272693187,0.5848203,-0.42677006,0.68982065,0.68851304,-0.18846336,-0.7003081,0.4288764,0.8845049,0.18361956
1356272693226,0.501154,-0.44925937,0.73960173,0.742784,-0.21517229,-0.63401335,0.44397816,0.8671027,0.22586817
1356272693266,0.46932536,-0.45576054,0.75631744,0.7564457,-0.23435545,-0.6106287,0.45554763,0.8586966,0.23476917
1356272693306,0.4824983,-0.4474144,0.75300455,0.74364126,-0.24500054,-0.62207115,0.46281007,0.8601135,0.21450344
1356272693346,0.5078695,-0.42391205,0.7499115,0.7251642,-0.25950584,-0.63780385,0.4649791,0.8677301,0.17561072
1356272693386,0.52292144,-0.38682705,0.7595512,0.71630865,-0.28356746,-0.6375668,0.4620121,0.8774704,0.12880406
1356272693426,0.51454914,-0.3384929,0.7878209,0.7261487,-0.31660682,-0.6103016,0.4560123,0.8861053,0.08288649
1356272693466,0.47310954,-0.2807847,0.8350613,0.7568284,-0.35566157,-0.5483755,0.45097458,0.8914398,0.044238925
1356272693506,0.39226615,-0.21534804,0.89428884,0.80138886,-0.39725178,-0.44717667,0.4515565,0.8920853,0.016749077
1356272693546,0.27627403,-0.14584509,0.9499483,0.8428025,-0.43827963,-0.3124016,0.46190524,0.8869273,0.0018333793
1356272693586,0.14492387,-0.07914019,0.9862727,0.8630203,-0.47742075,-0.16512209,0.48393488,0.87510353,-8.9000165E-4
1356272693626,0.02417612,-0.022234917,0.99946046,0.85705084,-0.5142267,-0.03217137,0.51466453,0.85736614,0.006624356
1356272693666,-0.071926415,0.021618366,0.9971756,0.83442515,-0.5463935,0.07203278,0.5464076,0.8372495,0.021261275
1356272693706,-0.14254951,0.052854717,0.9883754,0.810231,-0.56732655,0.14719501,0.5685116,0.821795,0.038047582
1356272693746,-0.19244218,0.07249728,0.9786266,0.79550374,-0.57239676,0.19883552,0.5745778,0.81676555,0.052481532
1356272693786,-0.22427094,0.081594884,0.971105,0.79340124,-0.56334215,0.23056486,0.5658772,0.8221849,0.061603725
1356272693826,-0.23647517,0.081175536,0.9682407,0.8019154,-0.5463807,0.24166083,0.54864496,0.83359385,0.064109534
1356272693866,-0.22476482,0.07181907,0.9717627,0.81867355,-0.526928,0.22829908,0.5284453,0.84687,0.05963856
1356272693906,-0.18342274,0.05311495,0.98159814,0.8426738,-0.5057072,0.18482736,0.5062183,0.8610686,0.04799959
1356272693946,-0.10525888,0.021878958,0.99420416,0.8706757,-0.48100215,0.10276577,0.48046276,0.87644637,0.0315803
1356272693985,0.010724723,-0.025813073,0.99960935,0.89157796,-0.45236874,-0.021247298,0.45274043,0.89145744,0.018162787
1356272694027,0.13734043,-0.086859435,0.98670816,0.8930311,-0.42009926,-0.16128257,0.42852426,0.9033117,0.019871578
1356272694066,0.22596854,-0.15519899,0.961692,0.8808133,-0.38909978,-0.2697579,0.4160603,0.9080279,0.048777014
1356272694106,0.24298012,-0.22103834,0.9445119,0.87558675,-0.36910194,-0.31162745,0.41750276,0.90272135,0.10385378
1356272694146,0.21275443,-0.27699193,0.93702245,0.87884784,-0.36486894,-0.3074041,0.42703876,0.88890177,0.16580617
1356272694186,0.19567126,-0.32006466,0.9269689,0.8774667,-0.36494797,-0.31123152,0.43790966,0.87428343,0.2094363
1356272694227,0.22453946,-0.34909022,0.90979016,0.86587656,-0.35682672,-0.35061732,0.4470345,0.86649334,0.22214735
1356272694266,0.2882297,-0.36145467,0.886721,0.8435386,-0.3424027,-0.41376704,0.45317364,0.86724335,0.20621026
1356272694306,0.35662007,-0.35638618,0.86360353,0.81566215,-0.33195823,-0.47381324,0.45554084,0.87338,0.17230776
1356272694346,0.4131744,-0.33728573,0.84588724,0.7892877,-0.3306716,-0.51737905,0.45421547,0.8814162,0.12959048
1356272694386,0.44685593,-0.3088187,0.83961344,0.7726649,-0.33980665,-0.5362093,0.45089766,0.88834816,0.08676875
1356272694445,0.4548915,-0.2760409,0.84668475,0.7694621,-0.35680872,-0.5297315,0.44833213,0.89246225,0.0500938
1356272694466,0.4355979,-0.24284932,0.86676335,0.7795104,-0.37975353,-0.4981475,0.45013118,0.892643,0.023883663
1356272694507,0.38878214,-0.21237218,0.89651906,0.79785335,-0.4090051,-0.44288236,0.46073675,0.88747555,0.010428011
1356272694544,0.3187908,-0.18618798,0.9293581,0.81562567,-0.4455979,-0.36904934,0.48283246,0.8756579,0.009807132
1356272694587,0.2369811,-0.16520551,0.9573647,0.8237387,-0.48827928,-0.28816283,0.51506746,0.8569075,0.020373225
1356272694626,0.15998596,-0.14868158,0.9758576,0.8201944,-0.53005576,-0.21522516,0.54925907,0.83482605,0.037146404
1356272694666,0.100076854,-0.13620538,0.98561287,0.8119433,-0.5613744,-0.16002119,0.5750936,0.8162762,0.054410502
1356272694706,0.062127113,-0.12743962,0.9898987,0.80846596,-0.57516193,-0.124786615,0.5852548,0.808052,0.067297354
1356272694746,0.045396566,-0.12277502,0.9913958,0.8130618,-0.57205814,-0.108074576,0.5804048,0.8109722,0.07385415
1356272694787,0.048682034,-0.12247649,0.99127674,0.823207,-0.5571281,-0.1092636,0.56565034,0.8213451,0.07370141
1356272694827,0.07258803,-0.12702093,0.9892405,0.8343667,-0.5356598,-0.13000381,0.5464095,0.83482593,0.0670995
1356272694867,0.11884731,-0.13596717,0.98355895,0.8435712,-0.50864375,-0.1722469,0.52370113,0.8501731,0.054247096
1356272694906,0.18840015,-0.14941931,0.97065914,0.847636,-0.47442764,-0.23755342,0.49600264,0.86752075,0.037270963
1356272694946,0.27538705,-0.16824022,0.9464973,0.8424227,-0.43208587,-0.32190958,0.4631262,0.88600063,0.022738546
1356272694987,0.3618415,-0.19549093,0.91151196,0.82636225,-0.38531655,-0.4106782,0.43150443,0.90183955,0.022122763
1356272695026,0.41556954,-0.23373502,0.8790164,0.81144255,-0.34134525,-0.47438836,0.41092932,0.91041267,0.0478099
1356272695066,0.41583496,-0.2832359,0.86420983,0.81321084,-0.30962092,-0.49277067,0.40714782,0.9076961,0.10157934
1356272695106,0.37221903,-0.33426625,0.86586326,0.82986206,-0.2979411,-0.47176284,0.41567057,0.89414614,0.16649547
1356272695147,0.3246125,-0.37281355,0.86927366,0.84379137,-0.30111283,-0.4442377,0.4273673,0.8776908,0.21683186
1356272695186,0.3084582,-0.39345473,0.8660525,0.8446793,-0.3054071,-0.43959478,0.4374591,0.86713326,0.23813766
1356272695226,0.33180636,-0.39819133,0.85518897,0.8315257,-0.3046652,-0.46448278,0.44549927,0.86522996,0.23001641
1356272695266,0.37614113,-0.39069316,0.8401647,0.80894244,-0.30367905,-0.5033797,0.45180744,0.8689867,0.20182207
1356272695307,0.42280626,-0.37432304,0.82529825,0.7831378,-0.3073256,-0.54059803,0.4559936,0.87489045,0.1632073
1356272695346,0.45989132,-0.3517275,0.81534517,0.7611383,-0.316777,-0.565969,0.45734942,0.88087463,0.12203026
1356272695386,0.48022902,-0.32520938,0.8146281,0.74902236,-0.33125055,-0.5737932,0.4564489,0.8857268,0.08451295
1356272695426,0.47824246,-0.29697374,0.826493,0.7503427,-0.35086364,-0.5602504,0.45636597,0.8880886,0.05503419
1356272695466,0.44755942,-0.2684065,0.8530231,0.76552963,-0.3780586,-0.52061117,0.46222824,0.8860189,0.036269523
1356272695506,0.3868469,-0.2403143,0.89028,0.7882528,-0.4148423,-0.45449263,0.47854683,0.87758476,0.028947897
1356272695546,0.30362207,-0.21243477,0.9288084,0.80764794,-0.45979548,-0.36917868,0.50548834,0.862241,0.031968504
1356272695586,0.215006,-0.1849297,0.95894396,0.8159349,-0.5055726,-0.28044006,0.5366775,0.8427321,0.04218941
1356272695626,0.13850123,-0.1591419,0.97749233,0.8158447,-0.54120255,-0.20370847,0.5614399,0.8256958,0.054877907
1356272695666,0.082600474,-0.13709745,0.98710763,0.816452,-0.55867296,-0.14591318,0.5714747,0.81797856,0.065786794
1356272695706,0.04833609,-0.12055218,0.99152946,0.8227718,-0.55802524,-0.10795516,0.5663128,0.82102066,0.072214216
1356272695746,0.03485316,-0.11086854,0.9932237,0.83352435,-0.54508716,-0.09009451,0.5513821,0.8310163,0.07341364
1356272695786,0.043257892,-0.10888794,0.9931123,0.8453249,-0.52583295,-0.094474584,0.53249836,0.8435894,0.06929925
1356272695826,0.07698572,-0.11500847,0.9903769,0.8555397,-0.5024577,-0.12485275,0.51198155,0.8569186,0.05971223
1356272695866,0.13907677,-0.12941548,0.9817889,0.86115265,-0.47371036,-0.18443051,0.4889517,0.8711201,0.0455644
1356272695906,0.22652733,-0.15204602,0.9620641,0.8572385,-0.43781358,-0.27103785,0.46241492,0.8861159,0.031162933
1356272695946,0.3215108,-0.18254712,0.9291433,0.84096265,-0.39594978,-0.3687892,0.4352155,0.89994454,0.026213229
1356272695987,0.39299893,-0.2207653,0.89264464,0.8203499,-0.35438734,-0.44881588,0.41542494,0.9086651,0.04183095
1356272696026,0.40630138,-0.2653994,0.87434685,0.8165565,-0.3239709,-0.47778493,0.41006672,0.90807825,0.08508373
1356272696066,0.35824323,-0.31184945,0.8800067,0.8349334,-0.3147785,-0.4514429,0.41778937,0.89647335,0.14760622
1356272696106,0.2274751,-0.32489124,0.91798735,0.8738866,-0.3478027,-0.33964023,0.42962468,0.8794764,0.20480165
1356272696146,0.21791983,-0.3573797,0.9081798,0.8714372,-0.34773737,-0.34594208,0.4394408,0.8668093,0.2356551
1356272696186,0.25094903,-0.37200642,0.8936643,0.8589598,-0.3401016,-0.3827781,0.4463325,0.86367947,0.23419034
1356272696226,0.30687052,-0.36859626,0.87747777,0.83819,-0.33207572,-0.43262368,0.4508525,0.8682526,0.20704943
1356272696266,0.36276197,-0.35032338,0.8635261,0.81464165,-0.33074915,-0.47640735,0.45250714,0.8762868,0.1654048
1356272696306,0.40740216,-0.32184985,0.8546556,0.794384,-0.3367852,-0.50549954,0.45053032,0.8848663,0.118465394
1356272696346,0.4333034,-0.28766567,0.8541057,0.7831685,-0.3487753,-0.5147843,0.44597673,0.8919665,0.074165165
1356272696386,0.43853635,-0.25217956,0.86260736,0.782579,-0.36477274,-0.5044909,0.44187787,0.89629596,0.03738427
1356272696426,0.41873917,-0.21849751,0.88142854,0.7927362,-0.38551834,-0.4721704,0.44297498,0.89645654,0.011779301
1356272696466,0.37249285,-0.18914866,0.9085548,0.8092121,-0.4130959,-0.41776484,0.45433998,0.89082795,-8.1384927E-4
1356272696506,0.30373913,-0.16491449,0.938374,0.82411516,-0.4487539,-0.3456213,0.47809702,0.8783069,-3.9553642E-4
1356272696546,0.22447175,-0.14529961,0.9635873,0.8302353,-0.48921037,-0.26717502,0.5102173,0.8599774,0.010819018
1356272696587,0.15028197,-0.1294629,0.98012996,0.8274108,-0.52614903,-0.19636351,0.5411161,0.84048,0.028048232
1356272696626,0.092476964,-0.1171242,0.98880225,0.82286364,-0.5501777,-0.14212653,0.5606634,0.82679284,0.045498475
1356272696666,0.055411637,-0.108796775,0.9925184,0.8237762,-0.5567227,-0.10701704,0.56420064,0.823543,0.05877529
1356272696706,0.03982538,-0.10542792,0.99362916,0.83135444,-0.54816115,-0.091483355,0.5543137,0.82970136,0.06581719
1356272696746,0.046907306,-0.1079219,0.9930522,0.8421758,-0.53033036,-0.0974153,0.5371589,0.840894,0.066012785
1356272696786,0.07931906,-0.11683789,0.9899785,0.8522167,-0.50725234,-0.12814757,0.5171414,0.8538407,0.05933638
1356272696826,0.13981289,-0.13219398,0.98131394,0.85775214,-0.47895068,-0.18672842,0.49468538,0.8678312,0.046426192
1356272696866,0.22721547,-0.15380165,0.9616227,0.85368013,-0.44370872,-0.27267703,0.46861854,0.8828746,0.030479908
1356272696906,0.3289994,-0.18147478,0.9267288,0.8352623,-0.40191722,-0.37523237,0.4405635,0.8975129,0.019348525
1356272696945,0.41728482,-0.2162042,0.8826829,0.8075396,-0.3572943,-0.4692766,0.41683722,0.9086234,0.025499977
1356272696987,0.4680802,-0.2600863,0.84454477,0.7856375,-0.3150598,-0.53245735,0.4045671,0.9127388,0.056860395
1356272697026,0.47477722,-0.31060648,0.82347447,0.78140247,-0.281758,-0.5567968,0.40496522,0.9078194,0.10893636
1356272697066,0.4604636,-0.35764533,0.81244266,0.7861008,-0.2608463,-0.5603612,0.41233325,0.8966878,0.16103509
1356272697106,0.4548667,-0.3897476,0.80074537,0.7846873,-0.24980211,-0.56733125,0.4211439,0.8863948,0.19220331
1356272697146,0.46999654,-0.40273896,0.78543264,0.7712898,-0.24530217,-0.58731484,0.42920297,0.88183224,0.19533736
1356272697188,0.500793,-0.3986409,0.76830447,0.7480867,-0.24715999,-0.6158556,0.4353994,0.88317454,0.174442
1356272697236,0.5407029,-0.37999916,0.7504939,0.7183815,-0.25560546,-0.64698833,0.43768534,0.88896936,0.13477772
1356272697276,0.56806177,-0.35592556,0.7420396,0.6979108,-0.26949608,-0.66354537,0.43614954,0.8948122,0.09531385
1356272697316,0.58710986,-0.33117676,0.7386636,0.6845093,-0.28401488,-0.67140335,0.4321447,0.89980966,0.059945676
1356272697356,0.59501565,-0.30893713,0.7419665,0.6795565,-0.29953763,-0.6696867,0.42913795,0.9026822,0.031710625
1356272697396,0.5877402,-0.29300797,0.7541272,0.6838293,-0.31821886,-0.65659297,0.4323644,0.90160036,0.0133374
1356272697436,0.5617217,-0.28640312,0.7761714,0.69644856,-0.34270954,-0.6304836,0.4465738,0.8947197,0.00695765
1356272697495,0.51698947,-0.28929043,0.80562586,0.7138872,-0.37359992,-0.5922737,0.47232085,0.88132524,0.013373494
1356272697516,0.4600338,-0.2981483,0.8363471,0.7304938,-0.40835235,-0.54738206,0.50472534,0.8627606,0.029939648
1356272697557,0.40255725,-0.3078686,0.86206996,0.7419938,-0.4417802,-0.5042575,0.5360904,0.8426431,0.050594687
1356272697594,0.35780454,-0.31389302,0.8794584,0.7489119,-0.46609432,-0.47104883,0.55776954,0.82718027,0.06830758
1356272697637,0.33326274,-0.31484312,0.8887124,0.75493485,-0.47555834,-0.45157233,0.5648091,0.8214122,0.07920024
1356272697677,0.32918084,-0.31204522,0.891217,0.7610682,-0.47099876,-0.44602156,0.558941,0.82509875,0.08244395
1356272697716,0.34247893,-0.3075934,0.8877468,0.76470715,-0.45768464,-0.4535942,0.5458307,0.8342128,0.07847157
1356272697756,0.37102336,-0.30245742,0.87798697,0.7629745,-0.43966615,-0.4738813,0.5293501,0.8457027,0.06764093
1356272697797,0.41369617,-0.29630667,0.8608471,0.7545412,-0.41750634,-0.50631607,0.509434,0.8590057,0.05085483
1356272697837,0.4669222,-0.28899217,0.8357435,0.7397934,-0.39009568,-0.54820716,0.48444754,0.87424755,0.031650186
1356272697877,0.5209439,-0.2833479,0.80519027,0.72172767,-0.35745612,-0.59273446,0.4557703,0.8899095,0.01828551
1356272697947,0.55496633,-0.2902428,0.779597,0.7114866,-0.3199916,-0.62561345,0.43104428,0.90186715,0.028919335
1356272697960,0.5691843,-0.30868745,0.76206386,0.708833,-0.2854326,-0.6450458,0.4166354,0.9073259,0.056344062
1356272697998,0.54006565,-0.34826654,0.76618505,0.7275391,-0.2644739,-0.6330406,0.42310283,0.89931303,0.110544264
1356272698038,0.48013023,-0.3931635,0.78415394,0.758104,-0.2637472,-0.5964191,0.44130862,0.8808291,0.17142582
1356272698078,0.41855794,-0.42305404,0.8036382,0.78394145,-0.27845645,-0.55488527,0.4585248,0.862257,0.21509951
1356272698118,0.37869602,-0.42962658,0.81976235,0.7976941,-0.2976436,-0.5244925,0.46933293,0.85254276,0.22999418
1356272698158,0.36582536,-0.41550708,0.83278185,0.80093193,-0.3151775,-0.5090886,0.47400397,0.8532391,0.21749297
1356272698196,0.37374192,-0.3873421,0.8427829,0.7972262,-0.3302635,-0.50532806,0.47407526,0.8607509,0.18536597
1356272698236,0.39358884,-0.35147315,0.8494437,0.7899919,-0.34321314,-0.5080528,0.47010708,0.8710176,0.14257601
1356272698276,0.41690123,-0.313254,0.85326743,0.78241134,-0.354114,-0.51228476,0.46262923,0.88117826,0.09746295
1356272698316,0.43617696,-0.27726057,0.8560819,0.7769358,-0.36394823,-0.5137242,0.45400494,0.8891953,0.056667775
1356272698356,0.44433185,-0.24759069,0.8609693,0.77514887,-0.37555274,-0.50803983,0.4491253,0.89311755,0.025049597
1356272698396,0.4351834,-0.22762972,0.87109137,0.7773476,-0.39314765,-0.49108618,0.45425332,0.89085335,0.005856104
1356272698436,0.40607518,-0.21864271,0.8872983,0.7816963,-0.41982067,-0.4611958,0.4733432,0.880878,4.3341517E-4
1356272698476,0.36013806,-0.21889842,0.9068539,0.7846172,-0.45477843,-0.4213697,0.50465477,0.86328447,0.007968426
1356272698516,0.3088293,-0.22327021,0.9245404,0.78405774,-0.49049395,-0.38035417,0.53840315,0.8423575,0.02357778
1356272698556,0.2646436,-0.22736353,0.9371604,0.7826759,-0.517086,-0.34646863,0.5633669,0.8251836,0.041108422
1356272698596,0.23636127,-0.22909003,0.9442729,0.78507215,-0.527593,-0.32451105,0.57253397,0.81802416,0.055149578
1356272698637,0.22649568,-0.22917113,0.94666797,0.79225445,-0.52203727,-0.31592715,0.5665973,0.8215581,0.06332263
1356272698676,0.23464847,-0.22956443,0.94458467,0.80070126,-0.50534457,-0.3217207,0.5511964,0.83182144,0.06523425
1356272698716,0.26115364,-0.23164392,0.93709123,0.80616975,-0.48160934,-0.34371895,0.5309323,0.845218,0.060970336
1356272698756,0.30766433,-0.23583382,0.9218053,0.80528706,-0.451486,-0.3842826,0.50680906,0.8605479,0.051007807
1356272698796,0.37369215,-0.24211061,0.8953974,0.79498637,-0.41372377,-0.44365454,0.47786066,0.877619,0.037869304
1356272698836,0.4508897,-0.251509,0.8564121,0.7734534,-0.36879444,-0.51551974,0.4454978,0.8948374,0.028244853
1356272698876,0.51981306,-0.26830825,0.8110519,0.74563146,-0.32085225,-0.5840271,0.41692704,0.90833074,0.033275872
1356272698946,0.54540503,-0.30416006,0.7810378,0.7338876,-0.276849,-0.62029314,0.40489796,0.91150486,0.07222447
1356272698959,0.5496855,-0.3477456,0.75955176,0.73157054,-0.23857197,-0.63866097,0.40329936,0.9067283,0.123260945
1356272698998,0.5243126,-0.3933192,0.75524586,0.74501556,-0.21762782,-0.63054734,0.41236883,0.8932739,0.1789239
1356272699038,0.49784753,-0.42668062,0.75504404,0.75641245,-0.21225724,-0.6186978,0.42424995,0.87914187,0.21707481
1356272699078,0.49194005,-0.44020477,0.7511424,0.7544484,-0.21504495,-0.62013173,0.4345143,0.87176573,0.22632253
1356272699116,0.50595504,-0.43584657,0.7443435,0.7403884,-0.22328508,-0.6340101,0.44253194,0.87188387,0.20972353
1356272699157,0.5281442,-0.4192131,0.7384607,0.72107553,-0.2378686,-0.6507449,0.4484573,0.876173,0.17665529
1356272699196,0.54901826,-0.39521128,0.73646927,0.70308906,-0.2580679,-0.6626212,0.45193446,0.8815946,0.13618475
1356272699236,0.5635288,-0.36727804,0.7399609,0.6910146,-0.2812827,-0.665867,0.45269656,0.886559,0.09528363
1356272699276,0.5674872,-0.33841133,0.7506238,0.6882789,-0.305389,-0.6580348,0.45191863,0.89006484,0.05961704
1356272699316,0.55640566,-0.31165722,0.77024835,0.6965215,-0.33051613,-0.63688064,0.45306796,0.89085853,0.033174902
1356272699356,0.5246392,-0.28942925,0.800615,0.71558005,-0.35954303,-0.598894,0.46119303,0.8871074,0.01847944
1356272699396,0.4695749,-0.27228445,0.8398575,0.74125034,-0.3951873,-0.5425634,0.47963256,0.8773188,0.016260866
1356272699436,0.39519632,-0.25872013,0.8814101,0.7656666,-0.4373513,-0.4716763,0.50751793,0.8612711,0.02525372
1356272699476,0.31361324,-0.24584103,0.9171744,0.7818644,-0.48125017,-0.39634126,0.53882724,0.8414039,0.04128786
1356272699516,0.24062711,-0.23166978,0.9425645,0.7896882,-0.51790166,-0.32889274,0.5643501,0.8234726,0.0583257
1356272699556,0.18707645,-0.21642199,0.9582087,0.795406,-0.5390518,-0.27704236,0.5764822,0.813993,0.07129946
1356272699596,0.15566969,-0.20198444,0.966938,0.8041105,-0.5426335,-0.24280676,0.5737362,0.81532264,0.077946246
1356272699636,0.14505416,-0.19058818,0.97089416,0.8155151,-0.53261715,-0.22639373,0.56026286,0.8246182,0.0781692
1356272699676,0.15479809,-0.18376741,0.9707045,0.8265983,-0.5140369,-0.22913158,0.5410848,0.83785176,0.07232991
1356272699716,0.1865949,-0.18226862,0.965381,0.83447754,-0.4891898,-0.25365445,0.5184878,0.85291934,0.06081876
1356272699756,0.24182606,-0.18647999,0.95223176,0.8363983,-0.4574278,-0.3019896,0.4918923,0.86947405,0.045353606
1356272699796,0.3163767,-0.19749275,0.9278482,0.8288866,-0.4181339,-0.37163275,0.46135962,0.88665694,0.031411342
1356272699836,0.39424592,-0.21761164,0.8928692,0.8113164,-0.37393767,-0.44937313,0.4316663,0.9015629,0.029128544
1356272699876,0.4481532,-0.24986401,0.85832787,0.79328644,-0.33149493,-0.51069355,0.41213524,0.9097687,0.049653202
1356272699946,0.45642054,-0.29387152,0.83983326,0.79035854,-0.2996251,-0.53437656,0.40867308,0.90766984,0.095508754
1356272699958,0.42221415,-0.34134975,0.83977115,0.8046566,-0.2854833,-0.5206027,0.41744816,0.8955332,0.15413421
1356272699998,0.38449764,-0.3788439,0.84180695,0.8178022,-0.28321236,-0.5009894,0.42820686,0.8810608,0.2009249
1356272700037,0.38025206,-0.40022057,0.83380556,0.8152941,-0.28061992,-0.5065054,0.4366964,0.8723965,0.21959126
1356272700076,0.4127767,-0.40656665,0.8150577,0.79574525,-0.27442974,-0.5398871,0.4431761,0.871431,0.21024519
1356272700116,0.4675326,-0.40045592,0.7880662,0.7619536,-0.26940343,-0.58893836,0.44815165,0.8758178,0.179174
1356272700156,0.5224331,-0.3845226,0.7610558,0.7237842,-0.27187103,-0.63421017,0.45077717,0.8821725,0.13627696
1356272700196,0.5648227,-0.36180615,0.74166816,0.69143426,-0.28308848,-0.6646651,0.4504376,0.8882327,0.09027034
1356272700236,0.58760726,-0.33506134,0.736513,0.6736525,-0.30164966,-0.67468494,0.44822976,0.8926037,0.048463374
1356272700276,0.5859125,-0.30649465,0.75017834,0.67582715,-0.32601404,-0.661039,0.4471736,0.8943019,0.01612169
1356272700316,0.55258363,-0.2769773,0.7860884,0.700308,-0.3570922,-0.61810505,0.4519071,0.89205873,-0.003353864
1356272700356,0.48271558,-0.24680568,0.84028125,0.7408748,-0.39654836,-0.5420831,0.4670013,0.8842152,-0.008567981
1356272700397,0.37928796,-0.2151199,0.8999245,0.78277093,-0.44399744,-0.43604577,0.49336627,0.86982167,-1.3291836E-5
1356272700436,0.2600757,-0.18214017,0.9482539,0.8097084,-0.4938826,-0.31694177,0.52605397,0.8502381,0.019033618
1356272700476,0.15033805,-0.15016359,0.9771639,0.8175532,-0.5368658,-0.20828345,0.55588245,0.8301965,0.042055324
1356272700535,0.066565394,-0.12216231,0.9902754,0.81599534,-0.5644947,-0.12448758,0.574213,0.8163467,0.062108144
1356272700556,0.011617184,-0.10035443,0.9948839,0.81617284,-0.5738615,-0.06741607,0.5776911,0.81278044,0.0752399
1356272700597,-0.017592967,-0.086209595,0.9961217,0.82231456,-0.5679783,-0.034632564,0.56876117,0.8185161,0.080883846
1356272700634,-0.022885203,-0.08079004,0.9964683,0.8328649,-0.55287933,-0.025697589,0.55300295,0.8293354,0.079940066
1356272700677,-0.0026831627,-0.084617525,0.9964099,0.8456613,-0.5319931,-0.04290092,0.53371334,0.84251016,0.07298511
1356272700716,0.046857476,-0.09887996,0.9939955,0.8581662,-0.5052928,-0.09071958,0.5112291,0.8572642,0.0611787
1356272700756,0.12772721,-0.12504819,0.98389465,0.865082,-0.47115338,-0.17218447,0.48509663,0.87314224,0.047997877
1356272700796,0.23289043,-0.16473538,0.9584489,0.8576873,-0.42976087,-0.2822727,0.4584042,0.88778806,0.041204333
1356272700836,0.33644634,-0.21741441,0.9162613,0.8331965,-0.38469887,-0.39722836,0.4388479,0.8970717,0.051718406
1356272700877,0.40278447,-0.27860966,0.87186074,0.80655074,-0.34228528,-0.4819922,0.4327129,0.8973389,0.086845756
1356272700945,0.42290217,-0.34118694,0.839491,0.79336053,-0.30824614,-0.5249412,0.437873,0.8880179,0.14032632
1356272700959,0.42499846,-0.39778656,0.81310654,0.78701395,-0.28139395,-0.5490233,0.44719732,0.87326026,0.19347152
1356272700998,0.46011972,-0.4442193,0.7687386,0.7626566,-0.24555957,-0.5983772,0.4545819,0.86160874,0.22580004
1356272701038,0.54246265,-0.47506773,0.69285274,0.703532,-0.1938225,-0.68372196,0.45910463,0.8583377,0.22908384
1356272701078,0.64158,-0.48549455,0.5938605,0.6129816,-0.14090574,-0.77743125,0.4611169,0.8628099,0.20719683
1356272701118,0.7231767,-0.4787601,0.49779934,0.5148567,-0.106731534,-0.85060614,0.4603672,0.8714339,0.16930711
1356272701158,0.7789638,-0.46324852,0.42263004,0.43010983,-0.095735,-0.897686,0.45631227,0.88104224,0.124673665
1356272701198,0.81374586,-0.44524282,0.37359944,0.36839324,-0.10207024,-0.9240499,0.4495599,0.8895733,0.08096519
1356272701236,0.83163375,-0.42872536,0.35295874,0.33499438,-0.11961383,-0.93459684,0.4429041,0.8954815,0.044145703
1356272701276,0.8321108,-0.4167715,0.3659139,0.33592245,-0.14623497,-0.9304683,0.44130215,0.8971715,0.01831922
1356272701316,0.8093491,-0.41077173,0.4197864,0.37713426,-0.18445076,-0.90760547,0.45024854,0.8928855,0.0056310296
1356272701356,0.75352633,-0.4073556,0.5160034,0.45749015,-0.23875482,-0.85656226,0.47212374,0.8815087,0.0064531267
1356272701396,0.6589947,-0.39789397,0.63828397,0.5589988,-0.30868718,-0.76956666,0.50323594,0.86394036,0.01899898
1356272701436,0.5389949,-0.37571427,0.7538722,0.65087557,-0.382315,-0.65589345,0.53464514,0.84420025,0.03847745
1356272701476,0.42519212,-0.34442967,0.8370065,0.7136597,-0.44120085,-0.54408795,0.556688,0.82867974,0.058210462
1356272701516,0.34361058,-0.3141395,0.8850131,0.7507162,-0.47432077,-0.4598316,0.5642313,0.82239664,0.07284793
1356272701556,0.30211377,-0.29275322,0.9072061,0.7722733,-0.48275775,-0.41296375,0.55885714,0.82537305,0.08023766
1356272701596,0.3003577,-0.2839032,0.9105955,0.7825936,-0.47241646,-0.4054254,0.54528195,0.83439887,0.08028701
1356272701636,0.33718014,-0.28873396,0.8960704,0.77936006,-0.44832522,-0.43772393,0.52811676,0.8459534,0.07386142
1356272701677,0.41118532,-0.30530107,0.8589051,0.7565378,-0.41133016,-0.5083877,0.50850487,0.8588357,0.061838865
1356272701716,0.51562643,-0.32869214,0.79125905,0.7061097,-0.36007696,-0.60971606,0.48532307,0.87310135,0.046427544
1356272701756,0.6299764,-0.3512913,0.6926212,0.6267427,-0.29668847,-0.72053415,0.45861012,0.88801485,0.03326255
1356272701796,0.7226599,-0.36860025,0.5847192,0.53847927,-0.23015404,-0.8105981,0.43336213,0.9006459,0.03216049
1356272701836,0.7709676,-0.3860138,0.50655925,0.47974396,-0.17112601,-0.86055887,0.41887307,0.90648174,0.0532552
1356272701876,0.76982737,-0.4134956,0.48619664,0.4796412,-0.12777005,-0.8681123,0.42108202,0.9014965,0.09996867
1356272701944,0.73074996,-0.44940603,0.51384693,0.5268364,-0.10740033,-0.84315395,0.43410575,0.886848,0.15828067
1356272701958,0.6764572,-0.48025778,0.55835307,0.5846551,-0.110854745,-0.8036727,0.44786608,0.8700942,0.20579666
1356272701998,0.63431776,-0.49323398,0.5952825,0.623797,-0.12827617,-0.770988,0.45663807,0.8603867,0.22631004
1356272702038,0.61601615,-0.4860183,0.61992764,0.63901055,-0.151883,-0.7540537,0.46064043,0.8606496,0.21700847
1356272702076,0.6111095,-0.46288416,0.64209306,0.6428984,-0.18296778,-0.7437772,0.46176505,0.8673299,0.18577409
1356272702116,0.6092256,-0.42893267,0.666979,0.6453291,-0.22064376,-0.7313458,0.46086282,0.8759755,0.1423809
1356272702156,0.60290945,-0.38826227,0.6969596,0.6531153,-0.26151797,-0.7106679,0.4581929,0.88366336,0.095908314
1356272702196,0.5870342,-0.3445663,0.73257416,0.66964287,-0.3018447,-0.67857814,0.4549387,0.8889116,0.05354318
1356272702236,0.5563601,-0.3013136,0.7743859,0.6961087,-0.33990034,-0.6323769,0.45375776,0.89088607,0.02063999
1356272702276,0.5057129,-0.26132923,0.8221687,0.7308063,-0.3766747,-0.5692436,0.45845017,0.88872,4.917644E-4
1356272702316,0.43261528,-0.22632027,0.8727102,0.7676908,-0.41510022,-0.48820367,0.47275254,0.881176,-0.0058347285
1356272702356,0.34107292,-0.19659805,0.9192488,0.7975233,-0.4571386,-0.39367592,0.4976201,0.86739457,8.7397546E-4
1356272702396,0.24339378,-0.17133898,0.95467407,0.8132779,-0.5002906,-0.29713392,0.52852494,0.8487358,0.017578512
1356272702436,0.15519297,-0.14938703,0.97652376,0.8163582,-0.5372578,-0.21192765,0.5563042,0.8300829,0.03857468
1356272702476,0.08670735,-0.12997031,0.98771936,0.8154979,-0.5602225,-0.14530638,0.57222813,0.8180822,0.057415113
1356272702516,0.039812863,-0.11306557,0.9927895,0.8183545,-0.56641304,-0.09732458,0.573333,0.81632864,0.06997721
1356272702557,0.012185574,-0.099295735,0.9949833,0.82632214,-0.5593243,-0.06593853,0.5630659,0.8229803,0.07523462
1356272702596,0.0020926595,-0.089431316,0.99599075,0.83681333,-0.545135,-0.050706595,0.5474843,0.8335645,0.07369658
1356272702636,0.010079384,-0.08384913,0.99642754,0.84789085,-0.5275184,-0.05296746,0.5300751,0.8453957,0.06577779
1356272702676,0.03741759,-0.08275208,0.9958675,0.85910165,-0.50637484,-0.07435638,0.51043534,0.85833365,0.05214508
1356272702716,0.08273113,-0.08672643,0.99279106,0.86978203,-0.47998893,-0.11441058,0.48645118,0.87297714,0.035723105
1356272702756,0.13717419,-0.09749192,0.98573756,0.87801135,-0.44872344,-0.166563,0.45856217,0.8883369,0.02404578
1356272702796,0.18012464,-0.11818856,0.9765177,0.8832825,-0.41743457,-0.21344924,0.43285942,0.90098834,0.029203534
1356272702836,0.18406779,-0.15096432,0.9712512,0.8896485,-0.39453697,-0.22992674,0.41790515,0.90639424,0.061683565
1356272702876,0.13729465,-0.19119921,0.97190183,0.89886296,-0.3881961,-0.2033455,0.4161679,0.90152466,0.1185645
1356272702942,0.065068066,-0.22659013,0.9718143,0.9043747,-0.39821398,-0.15340102,0.42174923,0.8888658,0.17901142
1356272702958,0.011549056,-0.24816278,0.9686495,0.90328586,-0.41290414,-0.116553575,0.4288837,0.87631345,0.21939334
1356272702998,0.004094541,-0.2560562,0.9666532,0.8996866,-0.4210245,-0.11533582,0.43651715,0.8701572,0.22864643
1356272703038,0.039559364,-0.25409117,0.96637094,0.8946794,-0.42165726,-0.14749244,0.4449538,0.8704269,0.21064958
1356272703078,0.100011766,-0.24510723,0.96432364,0.88604456,-0.41900468,-0.19839394,0.4526839,0.87427545,0.1752705
1356272703118,0.1666047,-0.23076195,0.9586407,0.87362856,-0.4162401,-0.25202662,0.4571828,0.8794846,0.13225262
