1356272806450,0.47010857,0.71348643,-0.51955265,-0.065081805,0.61507577,0.7857774,0.8802058,-0.3355872,0.33558738
1356272806488,-0.4497465,-0.36433342,0.8154686,-0.1514127,-0.8687028,-0.47162428,0.88022846,-0.33558372,0.3355314
1356272806526,-0.44955158,-0.36506796,0.81524765,-0.1511764,-0.8684108,-0.47223753,0.8803687,-0.3355413,0.33520582
1356272806566,-0.4490372,-0.36713666,0.814602,-0.15043586,-0.86760587,-0.4739507,0.88075805,-0.33536682,0.3343567
1356272806608,-0.44819832,-0.37079793,0.81340474,-0.14895518,-0.86621696,-0.47694936,0.88143677,-0.33492872,0.33300462
1356272806646,-0.4472139,-0.3756081,0.81173784,-0.1467159,-0.8644516,-0.48083055,0.8823119,-0.33412892,0.331487
1356272806686,-0.44627035,-0.38099042,0.80974627,-0.14383551,-0.8625458,-0.48510408,0.88326335,-0.33295786,0.33012873
1356272806728,-0.4454605,-0.38658363,0.80753833,-0.14049353,-0.86061525,-0.48949265,0.8842096,-0.3315035,0.3290575
1356272806766,-0.44485056,-0.39188665,0.8053154,-0.13695091,-0.85884607,-0.49358678,0.885072,-0.32986104,0.32838893
1356272806806,-0.44456935,-0.395984,0.8034643,-0.13351476,-0.85766524,-0.4965725,0.88573813,-0.32803524,0.3284219
1356272806846,-0.444682,-0.3981306,0.8023403,-0.13048,-0.8574305,-0.497783,0.88613373,-0.3260445,0.32933578
1356272806888,-0.44502956,-0.39838982,0.8020188,-0.12811774,-0.858057,-0.49731672,0.88630384,-0.3240735,0.33082002
1356272806926,-0.4453327,-0.3973271,0.80237764,-0.12673196,-0.85915184,-0.49577925,0.8863508,-0.32247362,0.33225447
1356272806966,-0.4453894,-0.39524812,0.8033723,-0.1266477,-0.86045057,-0.4935433,0.88633436,-0.32156423,0.33317837
1356272807007,-0.44518042,-0.3916285,0.80525863,-0.12821983,-0.8621401,-0.49017745,0.8862133,-0.32146752,0.33359346
1356272807047,-0.44488835,-0.3850997,0.8085621,-0.13178605,-0.864852,-0.48442084,0.8858368,-0.32207036,0.33401173
1356272807086,-0.44474387,-0.3743054,0.8136943,-0.1374493,-0.86920357,-0.47496623,0.88504833,-0.32308,0.33512494
1356272807126,-0.44476366,-0.35904157,0.82053304,-0.14475353,-0.8752735,-0.461457,0.8838731,-0.32401437,0.3373174
1356272807166,-0.44470394,-0.34048122,0.8284388,-0.15269339,-0.8825709,-0.4446945,0.88256615,-0.32425454,0.34049362
1356272807206,-0.44419163,-0.32035956,0.8366981,-0.16012123,-0.8904641,-0.42595193,0.88150734,-0.32317737,0.3442402
1356272807246,-0.4429925,-0.29998454,0.84484726,-0.16622752,-0.898534,-0.40620816,0.8809802,-0.32038403,0.34817815
1356272807286,-0.44105572,-0.28007835,0.85265815,-0.17069249,-0.90653896,-0.38607132,0.88109815,-0.31582135,0.352027
1356272807326,-0.4385382,-0.26094034,0.85999674,-0.17366375,-0.9142804,-0.3659675,0.8817739,-0.30984098,0.355631
1356272807395,-0.43586713,-0.24220458,0.86680835,-0.17564294,-0.9216987,-0.34586266,0.88270575,-0.30299893,0.35919672
1356272807409,-0.4335094,-0.22264639,0.87321144,-0.17761952,-0.92887753,-0.32501975,0.88347095,-0.29599848,0.3631308
1356272807448,-0.4314835,-0.20095584,0.87945366,-0.18111166,-0.93572843,-0.3026729,0.88375366,-0.28987768,0.36735594
1356272807478,-0.42919922,-0.17680089,0.8857367,-0.18709274,-0.9419819,-0.278687,0.88362,-0.28532714,0.37121972
1356272807518,-0.42658895,-0.14994414,0.8919297,-0.19662122,-0.94720197,-0.25327536,0.8828147,-0.28341678,0.37458378
1356272807556,-0.42163265,-0.11633667,0.8992729,-0.21224442,-0.9515238,-0.22260904,0.88157713,-0.2847249,0.37650168
1356272807596,-0.41348732,-0.078442074,0.9071245,-0.23316804,-0.9539377,-0.18877327,0.8801482,-0.2895678,0.37615106
1356272807636,-0.40190935,-0.03931614,0.91483504,-0.25781736,-0.9538004,-0.15425622,0.87863475,-0.29785737,0.37320498
1356272807677,-0.38729984,-0.0018084049,0.92195207,-0.28413904,-0.95108813,-0.121228606,0.8770769,-0.3089144,0.36784244
1356272807716,-0.37048876,0.032021016,0.9282849,-0.3100682,-0.94633883,-0.09110787,0.87555456,-0.32158604,0.36053652
1356272807756,-0.35245603,0.06129457,0.9338188,-0.33416384,-0.94031185,-0.06440441,0.87413335,-0.3347482,0.35190117
1356272807798,-0.33407372,0.08651543,0.938568,-0.35583866,-0.9336654,-0.040593624,0.8727964,-0.34754002,0.34269854
1356272807837,-0.31605232,0.10862099,0.9425032,-0.37488675,-0.9268781,-0.018891603,0.87153363,-0.3593027,0.33366254
1356272807876,-0.29883164,0.12894753,0.9455539,-0.39110932,-0.9203422,0.0019036233,0.87047863,-0.36924607,0.32546002
1356272807917,-0.28268808,0.14875822,0.94760674,-0.4042266,-0.9143709,0.02295272,0.86987835,-0.37655938,0.3186137
1356272807956,-0.26766932,0.16973203,0.948443,-0.41430652,-0.90898705,0.045745566,0.86988693,-0.38070142,0.31362903
1356272807997,-0.25362706,0.19398092,0.94765216,-0.42216605,-0.90365565,0.07198763,0.8703155,-0.3818086,0.3110837
1356272808036,-0.24019587,0.22381248,0.94457084,-0.4294939,-0.8971358,0.103356466,0.8705407,-0.38086158,0.3116143
1356272808076,-0.22682112,0.26049855,0.9384522,-0.43844357,-0.8877174,0.14044493,0.86966616,-0.3796025,0.31556714
1356272808117,-0.2131685,0.30386,0.9285625,-0.45094705,-0.8737168,0.18238932,0.8667214,-0.3798529,0.3232736
1356272808156,-0.19915187,0.35184973,0.9146258,-0.4682262,-0.85405946,0.2265981,0.8608733,-0.3831243,0.3348328
1356272808196,-0.18527979,0.40050858,0.8973652,-0.49044257,-0.8290038,0.26873565,0.8515501,-0.39031482,0.35002404
1356272808237,-0.17245507,0.44486737,0.87883574,-0.51564217,-0.80096066,0.3042618,0.839269,-0.40069324,0.3675221
1356272808276,-0.16169858,0.4811296,0.8616078,-0.5392446,-0.7742987,0.331175,0.8264799,-0.4110668,0.38464946
1356272808316,-0.15393466,0.5080725,0.84744704,-0.55618215,-0.7534452,0.3506875,0.8166796,-0.4173519,0.3985622
1356272808357,-0.15000927,0.5256547,0.8373675,-0.563023,-0.74162406,0.3646899,0.81271285,-0.4167503,0.40720624
1356272808397,-0.15068853,0.53358495,0.832214,-0.5586381,-0.74049217,0.37362403,0.815608,-0.40860558,0.40966448
1356272808435,-0.1567325,0.5305226,0.833055,-0.54639435,-0.74921846,0.37433255,0.8227321,-0.39650643,0.4073015
1356272808476,-0.16671234,0.51667494,0.839794,-0.52726966,-0.76642,0.36686096,0.83318275,-0.38163766,0.40019876
1356272808517,-0.18113917,0.48941836,0.8530289,-0.50205463,-0.7918573,0.34771127,0.8456534,-0.36528295,0.38915113
1356272808556,-0.19979149,0.44761288,0.8716226,-0.47109008,-0.8238798,0.31511274,0.85916084,-0.34765592,0.37547028
1356272808596,-0.22263324,0.39180404,0.892706,-0.43506563,-0.8593785,0.26867515,0.8724404,-0.3285697,0.36178678
1356272808636,-0.24941057,0.32758573,0.9113078,-0.39669892,-0.8930271,0.2124442,0.8834163,-0.30852902,0.3526833
1356272808676,-0.27916932,0.2707482,0.9212817,-0.36324364,-0.9179077,0.15968555,0.8888861,-0.2900704,0.35459924
1356272808716,-0.3095274,0.24882439,0.9177577,-0.3481973,-0.9277791,0.1341067,0.88484544,-0.27805108,0.37381303
1356272808756,-0.3354435,0.28471297,0.8980068,-0.36564755,-0.91785413,0.15442075,0.86820483,-0.27655452,0.41199273
1356272808797,-0.3505121,0.3623612,0.86361784,-0.4119097,-0.8877908,0.20532413,0.8411134,-0.28376395,0.4604414
1356272808836,-0.3542245,0.43863952,0.82590574,-0.46349847,-0.8494102,0.25233188,0.8122155,-0.29342392,0.50419074
1356272808876,-0.3535046,0.4820039,0.8016898,-0.4968275,-0.82289904,0.27567986,0.79258865,-0.30084744,0.53037155
1356272808917,-0.3554846,0.4805793,0.8016697,-0.50129247,-0.8219305,0.27043688,0.7888832,-0.3057348,0.5330944
1356272808956,-0.36212802,0.43207163,0.8259404,-0.4768119,-0.84724224,0.23416024,0.8009455,-0.3090222,0.51282704
1356272808996,-0.36994523,0.33999428,0.86460644,-0.4299455,-0.8876337,0.1650856,0.823582,-0.31066102,0.47455493
1356272809036,-0.37286454,0.21374401,0.9029316,-0.3709177,-0.9263097,0.0661081,0.85052454,-0.31026393,0.42466956
1356272809077,-0.36590904,0.07442003,0.92767036,-0.31306443,-0.94854885,-0.047389776,0.8764138,-0.30776092,0.37038085
1356272809116,-0.3492872,-0.049499758,0.9357073,-0.2679772,-0.9516175,-0.15037379,0.89787894,-0.3032719,0.3191231
1356272809156,-0.32805043,-0.1340793,0.9350967,-0.24146321,-0.94509137,-0.22022247,0.913279,-0.2980355,0.27766234
1356272809215,-0.3080631,-0.16776934,0.9364564,-0.23465165,-0.9405185,-0.2456897,0.92197376,-0.29542896,0.25037175
1356272809236,-0.29259688,-0.14899905,0.94455624,-0.2481002,-0.94213027,-0.2254708,0.9234898,-0.30031663,0.23869753
1356272809277,-0.28143132,-0.08714082,0.95561653,-0.2811407,-0.9446794,-0.1689401,0.9174728,-0.31620777,0.24136353
1356272809314,-0.27211916,-0.0028536022,0.9622593,-0.3281456,-0.9397788,-0.095583856,0.9045837,-0.34177136,0.25479543
1356272809358,-0.26285636,0.08205958,0.96133894,-0.37892318,-0.9250999,-0.024641722,0.8873126,-0.37075087,0.27426276
1356272809398,-0.25328743,0.15288118,0.9552344,-0.42115036,-0.90637606,0.033390507,0.87090635,-0.39383996,0.29395956
1356272809435,-0.24469042,0.20334215,0.94803935,-0.44721502,-0.89121497,0.07572718,0.86030537,-0.40544772,0.30900943
1356272809477,-0.23902947,0.23279485,0.9426937,-0.45551845,-0.88426346,0.10286443,0.85753596,-0.40482676,0.31740737
1356272809516,-0.2376386,0.23927289,0.9414226,-0.44848704,-0.88672394,0.11216128,0.861619,-0.395562,0.31803054
1356272809556,-0.24097568,0.21979155,0.94531596,-0.42895275,-0.8978406,0.099406555,0.8705919,-0.3815413,0.310638
1356272809597,-0.24858403,0.17188704,0.95323706,-0.3984232,-0.915163,0.061121225,0.8828732,-0.36459798,0.2959786
1356272809636,-0.2590803,0.09606467,0.96106654,-0.35743856,-0.9339318,-0.003004402,0.89728206,-0.34430063,0.27630055
1356272809676,-0.27107197,1.2300909E-4,0.96255916,-0.30795294,-0.94745183,-0.086603336,0.9119677,-0.3198986,0.25686544
1356272809717,-0.2855584,-0.094756484,0.9536653,-0.25606298,-0.95137864,-0.17120285,0.92351943,-0.29308683,0.24741054
1356272809756,-0.30879772,-0.15384722,0.9386027,-0.21268874,-0.9506724,-0.22579958,0.92704237,-0.2693566,0.2608439
1356272809796,-0.3479364,-0.14559908,0.9261431,-0.191402,-0.9560286,-0.2222039,0.917772,-0.25457847,0.3047692
1356272809836,-0.39827085,-0.06771316,0.9147652,-0.20315956,-0.9659918,-0.15995675,0.8944867,-0.24954939,0.3709697
1356272809877,-0.44096625,0.037952833,0.8967208,-0.24079469,-0.96747977,-0.07746419,0.8646193,-0.25008473,0.43576485
1356272809916,-0.46329904,0.11717866,0.87842077,-0.27784312,-0.96044976,-0.01841969,0.8415207,-0.25259703,0.47753283
1356272809956,-0.4665811,0.14346638,0.8727653,-0.29389182,-0.9558386,7.2419643E-6,0.83422387,-0.25649524,0.48813993
1356272809996,-0.45562202,0.11922141,0.88215345,-0.28718752,-0.9576879,-0.018899277,0.84257454,-0.26195443,0.4705826
1356272810036,-0.43353003,0.060005315,0.8991391,-0.26676208,-0.9616052,-0.064448245,0.86074954,-0.26779646,0.4328918
1356272810077,-0.4035552,-0.013970524,0.91484857,-0.24324471,-0.9622626,-0.12199396,0.88202894,-0.27176338,0.384928
1356272810116,-0.37048143,-0.08439292,0.9249981,-0.22390853,-0.95838094,-0.17711878,0.9014481,-0.27273417,0.33616596
1356272810157,-0.3394344,-0.13877478,0.9303365,-0.21242464,-0.95219666,-0.21953896,0.91632974,-0.27214545,0.29372904
1356272810197,-0.31505406,-0.16705218,0.9342562,-0.21227413,-0.94704586,-0.2409231,0.9250301,-0.2742222,0.2629097
1356272810236,-0.2999524,-0.16430874,0.9396974,-0.22694285,-0.9444839,-0.23758608,0.9265665,-0.28452212,0.2460115
1356272810276,-0.29353464,-0.13164295,0.9468408,-0.25869155,-0.94257766,-0.21124846,0.9202804,-0.30694848,0.24262434
1356272810316,-0.29208398,-0.077638686,0.9532361,-0.3049392,-0.9371192,-0.16976336,0.90647614,-0.34026423,0.2500425
1356272810356,-0.29074264,-0.016465992,0.9566596,-0.35611913,-0.92615384,-0.124170646,0.8880585,-0.37678647,0.26340848
1356272810399,-0.28683454,0.039713636,0.95715666,-0.39977968,-0.9129428,-0.08192426,0.8705758,-0.4061505,0.27774024
1356272810438,-0.28061765,0.084716246,0.9560737,-0.42695355,-0.90313876,-0.04528956,0.8596304,-0.42090815,0.2896065
1356272810478,-0.2737885,0.11517505,0.9548688,-0.43556356,-0.9000097,-0.016330674,0.85751045,-0.42037725,0.29657853
1356272810518,-0.26835656,0.12745208,0.9548512,-0.42814344,-0.9037108,2.9818714E-4,0.8629473,-0.40873325,0.29708442
1356272810558,-0.26597637,0.11696035,0.95685774,-0.40806043,-0.91295296,-0.0018342882,0.87335163,-0.39094365,0.29055095
1356272810598,-0.2675231,0.07829808,0.9603649,-0.3767659,-0.92583954,-0.029470176,0.88683635,-0.3697167,0.2771836
1356272810638,-0.2730162,0.0065856427,0.9619869,-0.3340237,-0.9384127,-0.08837317,0.90215874,-0.34545374,0.25840157
1356272810678,-0.28180528,-0.09711831,0.95454377,-0.28015673,-0.94318014,-0.17867142,0.917659,-0.31777242,0.23858473
1356272810718,-0.29398143,-0.21571192,0.9311515,-0.21921715,-0.9330148,-0.2853544,0.93033254,-0.2880133,0.22700134
1356272810758,-0.31395316,-0.31095433,0.8970735,-0.1610429,-0.91371435,-0.37308353,0.93568087,-0.26159805,0.23678645
1356272810798,-0.34973735,-0.34241205,0.8720309,-0.11891331,-0.9070603,-0.40385816,0.92927045,-0.24494031,0.27651536
1356272810838,-0.40080953,-0.29896855,0.8660078,-0.106825754,-0.9235581,-0.36827797,0.9099121,-0.24012125,0.33823335
1356272810878,-0.44993377,-0.2180908,0.8660231,-0.123914085,-0.945098,-0.3023826,0.88442355,-0.24336459,0.3982069
1356272810918,-0.48037773,-0.16244718,0.8618864,-0.1447058,-0.9545502,-0.260565,0.86504185,-0.24988958,0.4350376
1356272810958,-0.48926818,-0.16639513,0.85611284,-0.14634332,-0.95204866,-0.26867646,0.85976756,-0.2567413,0.4414563
1356272810998,-0.47944808,-0.22031057,0.8494662,-0.12984994,-0.93951064,-0.31695244,0.8679105,-0.26226535,0.42183918
1356272811038,-0.45491767,-0.295214,0.8401777,-0.10912115,-0.91786575,-0.38159537,0.8838226,-0.26527566,0.38533926
1356272811076,-0.42187452,-0.36525562,0.82982546,-0.095189214,-0.89235914,-0.44117364,0.90164346,-0.26511034,0.3416952
1356272811116,-0.3871013,-0.4164072,0.82265276,-0.09145126,-0.87047327,-0.4836454,0.91749066,-0.2624524,0.29888037
1356272811156,-0.35689765,-0.43952745,0.82428133,-0.09865683,-0.8597228,-0.5011422,0.9289192,-0.26017743,0.26347068
1356272811196,-0.33583534,-0.4278993,0.83911663,-0.11819716,-0.8646706,-0.4882357,0.93447524,-0.263148,0.23981053
1356272811236,-0.3254161,-0.37799168,0.86673325,-0.1528678,-0.8835359,-0.4427139,0.93313223,-0.27656183,0.22973412
1356272811276,-0.32270813,-0.2924623,0.9001807,-0.20414537,-0.90717185,-0.36791825,0.9242208,-0.30249792,0.23304692
1356272811316,-0.32131928,-0.1863009,0.9284643,-0.26711807,-0.9228113,-0.27760977,0.9085163,-0.33721095,0.24675274
1356272811356,-0.3158226,-0.08226352,0.9452454,-0.33016378,-0.92444575,-0.1907667,0.88952124,-0.37233424,0.26480043
1356272811396,-0.30544704,0.0040476173,0.95220035,-0.3809929,-0.91697615,-0.11831711,0.8726662,-0.3989212,0.28162992
1356272811436,-0.29226863,0.06761776,0.9539428,-0.41207778,-0.9090492,-0.061816648,0.8630011,-0.4111657,0.29355043
1356272811476,-0.27975798,0.107666954,0.95401424,-0.4217537,-0.9064583,-0.021376356,0.8624727,-0.40833926,0.29899797
1356272811516,-0.27024573,0.12266314,0.95494556,-0.41315114,-0.9106625,5.4866076E-5,0.86963975,-0.394522,0.29678106
1356272811556,-0.26524645,0.109090894,0.9579892,-0.39010695,-0.920764,-0.0031603128,0.88173735,-0.37455654,0.28678665
1356272811596,-0.2647757,0.06282438,0.9622613,-0.354145,-0.9344804,-0.036435872,0.89692533,-0.3504274,0.26967672
1356272811636,-0.2676707,-0.01847218,0.96333337,-0.30575764,-0.94651,-0.10310705,0.9137093,-0.32214528,0.24770498
1356272811676,-0.27240664,-0.12784222,0.9536515,-0.24798104,-0.9483229,-0.19796264,0.9296774,-0.2904138,0.22662693
1356272811716,-0.2807209,-0.23863709,0.92964953,-0.18977243,-0.9356748,-0.2974882,0.94084126,-0.259933,0.21737665
1356272811756,-0.30140013,-0.3076662,0.9024962,-0.14468348,-0.92079383,-0.36222285,0.9424567,-0.23975033,0.23301315
1356272811796,-0.34255475,-0.30515268,0.8885596,-0.12514043,-0.9225335,-0.36506394,0.93112624,-0.23624912,0.27783138
1356272811836,-0.39548033,-0.24340251,0.8856357,-0.13565165,-0.93819296,-0.3184222,0.9084019,-0.24606764,0.33801883
1356272811876,-0.43896157,-0.17084228,0.88211423,-0.16307802,-0.95030224,-0.2652001,0.88358253,-0.2602661,0.38928562
1356272811916,-0.46057868,-0.1312151,0.8778666,-0.18508813,-0.9530747,-0.23956424,0.86810696,-0.2728209,0.41467953
1356272811956,-0.46024454,-0.13564628,0.87736833,-0.19142261,-0.9498506,-0.24726777,0.86690974,-0.28175175,0.4111977
1356272811996,-0.44234198,-0.1707851,0.8804352,-0.18624812,-0.942806,-0.2764571,0.8772943,-0.28626797,0.3852342
1356272812036,-0.41260254,-0.21666032,0.8847698,-0.17792687,-0.9334236,-0.31154874,0.89336514,-0.28597012,0.34658316
1356272812076,-0.37690818,-0.25910732,0.8892714,-0.17132492,-0.92400825,-0.34184283,0.91026807,-0.28119773,0.30387473
1356272812116,-0.34136868,-0.28763908,0.8948358,-0.16909523,-0.917698,-0.35949567,0.92459404,-0.27403304,0.26463497
1356272812156,-0.3113879,-0.29650384,0.9028417,-0.17290732,-0.91653895,-0.3606375,0.93442,-0.2684061,0.23413146
1356272812196,-0.29112494,-0.28088835,0.91452056,-0.18624818,-0.9209959,-0.34216672,0.9383804,-0.2699411,0.21581
1356272812255,-0.28260618,-0.23922704,0.92892635,-0.21334343,-0.9284715,-0.30401513,0.93521035,-0.28409687,0.21135429
1356272812276,-0.28368717,-0.17752852,0.9423404,-0.2545846,-0.9335031,-0.25250512,0.9245044,-0.3115378,0.2196267
1356272812317,-0.28990126,-0.10809253,0.95093286,-0.3050958,-0.9313245,-0.19887511,0.9071239,-0.34777975,0.23701355
1356272812354,-0.29627854,-0.04615712,0.9539856,-0.35414892,-0.92231953,-0.15461278,0.88701606,-0.38366145,0.25691706
1356272812396,-0.30080074,-0.0010553747,0.9536865,-0.39107126,-0.9119204,-0.124356315,0.8698174,-0.41036582,0.27389354
1356272812436,-0.30370522,0.023584753,0.9524741,-0.4089464,-0.90615004,-0.107958645,0.86053824,-0.42229846,0.28484732
1356272812476,-0.30584836,0.025998846,0.9517251,-0.40640843,-0.90754384,-0.105812356,0.86098135,-0.41915166,0.28813702
1356272812516,-0.30779827,0.003982857,0.9514434,-0.38594484,-0.9145486,-0.121027306,0.8696591,-0.40445662,0.28303355
1356272812557,-0.30974412,-0.04419352,0.94979227,-0.35139626,-0.92287725,-0.15753773,0.8835039,-0.38254985,0.27032644
1356272812596,-0.31047636,-0.11850112,0.9431659,-0.30539,-0.9271671,-0.2170209,0.90018964,-0.3554133,0.2516744
1356272812637,-0.30846852,-0.21445467,0.92674494,-0.2505507,-0.92153454,-0.29664513,0.9176445,-0.3237023,0.2305327
1356272812677,-0.3044625,-0.31752032,0.8980443,-0.19182874,-0.9030483,-0.38432497,0.93300825,-0.28928322,0.21403474
1356272812717,-0.30537522,-0.4027024,0.8628886,-0.13613419,-0.87840354,-0.45812082,0.94245076,-0.25736737,0.2134211
1356272812757,-0.32310408,-0.44553047,0.8349289,-0.09011586,-0.8637561,-0.49578655,0.942063,-0.23543103,0.23893392
1356272812797,-0.3629393,-0.43771195,0.8226075,-0.06069708,-0.86982316,-0.48961547,0.92983377,-0.22763059,0.28912532
1356272812837,-0.41274506,-0.3953089,0.8205926,-0.052761853,-0.88902277,-0.4548126,0.9093171,-0.23101765,0.3460827
1356272812877,-0.4513172,-0.35028988,0.8207373,-0.060778335,-0.9055321,-0.4199018,0.8902914,-0.23939192,0.3873922
1356272812917,-0.46610636,-0.32706624,0.82205385,-0.073236674,-0.91170675,-0.4042613,0.88169223,-0.24863325,0.40099907
1356272812957,-0.45694917,-0.32947525,0.82622254,-0.08462211,-0.90855384,-0.40910774,0.88545847,-0.2568581,0.38728195
1356272812996,-0.4301294,-0.34784728,0.83306116,-0.0955129,-0.9000723,-0.4251436,0.89770037,-0.2624349,0.35392374
1356272813036,-0.39352375,-0.37068987,0.84126574,-0.10693471,-0.8904319,-0.44237557,0.91307396,-0.2640458,0.3107664
1356272813076,-0.3547743,-0.3893538,0.85002285,-0.119052604,-0.88294816,-0.45412436,0.92734116,-0.2623091,0.2668938
1356272813117,-0.3204972,-0.39831805,0.8594326,-0.13226058,-0.87958795,-0.45698166,0.9379705,-0.2601304,0.2292237
1356272813156,-0.29604262,-0.39361888,0.8703005,-0.14809383,-0.88120997,-0.44892883,0.9436243,-0.26178825,0.20258325
1356272813196,-0.28557795,-0.37187243,0.8832644,-0.17010206,-0.8873433,-0.4285873,0.9431386,-0.2726402,0.19014949
1356272813236,-0.28996933,-0.33163124,0.8977407,-0.20207411,-0.8956784,-0.39613914,0.93545914,-0.29627836,0.19270518
1356272813276,-0.30553317,-0.27654657,0.91113746,-0.24442096,-0.9020529,-0.3557513,0.9202759,-0.33139494,0.2080133
1356272813316,-0.32426822,-0.21662566,0.9208276,-0.29124996,-0.90327764,-0.3150603,0.9000131,-0.37035504,0.22981203
1356272813356,-0.33875406,-0.16337146,0.9265827,-0.3321182,-0.9006521,-0.28022024,0.8803086,-0.4026607,0.25084084
1356272813399,-0.34610868,-0.12364144,0.9300116,-0.35766247,-0.89903075,-0.25262862,0.86734444,-0.4200672,0.2669405
1356272813438,-0.34677655,-0.10015327,0.93258524,-0.36497363,-0.90151215,-0.23252964,0.8640256,-0.4210049,0.27607003
1356272813478,-0.34225667,-0.094875395,0.9348043,-0.35498434,-0.9080984,-0.22213413,0.86996925,-0.4078678,0.27712336
1356272813518,-0.33478922,-0.109293506,0.93593323,-0.33206207,-0.9158499,-0.22572899,0.8818451,-0.38635957,0.27032453
1356272813558,-0.3254472,-0.14533785,0.93432385,-0.29891667,-0.9216296,-0.24748299,0.89706916,-0.3598276,0.2564978
1356272813598,-0.31459498,-0.20419544,0.92700285,-0.25691462,-0.9218211,-0.2902426,0.91379696,-0.32946944,0.2375395
1356272813638,-0.30307412,-0.28185973,0.91033036,-0.20823732,-0.91258615,-0.35188615,0.9299373,-0.29621232,0.21788746
1356272813678,-0.2952497,-0.36389643,0.88340646,-0.15743913,-0.8934554,-0.42065465,0.94235903,-0.26328093,0.20650092
1356272813716,-0.30084407,-0.4257446,0.85336643,-0.110451,-0.8732442,-0.4745998,0.9472557,-0.23703572,0.2156865
1356272813756,-0.32951474,-0.44445044,0.83299685,-0.07365821,-0.8674808,-0.4919871,0.94127274,-0.22347407,0.25311038
1356272813796,-0.3786956,-0.4145475,0.82749015,-0.055324376,-0.882342,-0.46734548,0.9238662,-0.22276205,0.31120446
1356272813836,-0.42978156,-0.35598183,0.829798,-0.059410155,-0.9058628,-0.4193841,0.9009763,-0.22954199,0.3681742
1356272813876,-0.46266872,-0.30367532,0.832898,-0.076336004,-0.92236626,-0.37869963,0.8832387,-0.23879257,0.40356857
1356272813916,-0.46997476,-0.2823763,0.83629376,-0.09233311,-0.9265234,-0.36473125,0.87783724,-0.24863209,0.40937
1356272813956,-0.45532984,-0.2939185,0.84040874,-0.10282224,-0.9202612,-0.37755412,0.8843656,-0.25832433,0.38880086
1356272813996,-0.4264931,-0.32545117,0.8439107,-0.110534735,-0.90727586,-0.40574944,0.8977114,-0.26633078,0.35097325
1356272814037,-0.39128888,-0.36289024,0.84569716,-0.118190534,-0.89154154,-0.43724674,0.9126468,-0.27104318,0.30596003
1356272814076,-0.35689366,-0.39486405,0.8465869,-0.12699297,-0.87734693,-0.4627473,0.9254727,-0.2726622,0.26297465
1356272814116,-0.32872206,-0.41464216,0.84853613,-0.13753057,-0.86787266,-0.47737023,0.9343592,-0.27362177,0.22826293
1356272814156,-0.31102347,-0.41631398,0.85436946,-0.15198901,-0.86559826,-0.47711536,0.9381705,-0.27824882,0.20594618
1356272814196,-0.3066445,-0.39457712,0.86618596,-0.17480603,-0.8712028,-0.45874676,0.93563455,-0.2920867,0.19817501
1356272814236,-0.31396723,-0.34933156,0.8828319,-0.20938869,-0.881479,-0.42326254,0.9260567,-0.31774557,0.20360944
1356272814276,-0.32698697,-0.2885853,0.8998878,-0.25407785,-0.8903259,-0.37784165,0.9102329,-0.35219085,0.21780175
1356272814316,-0.33839715,-0.22647244,0.91334414,-0.29988652,-0.8940442,-0.3327958,0.89193916,-0.38651675,0.2346259
1356272814356,-0.34423816,-0.17523596,0.9223842,-0.3348994,-0.8948849,-0.2949976,0.87712175,-0.41045532,0.24936703
1356272814400,-0.3443027,-0.14191839,0.9280704,-0.35064137,-0.89754283,-0.26733384,0.87092257,-0.4174637,0.25926405
1356272814437,-0.34085417,-0.12856114,0.9312843,-0.34882584,-0.9025958,-0.25227255,0.87300575,-0.41084415,0.26280802
1356272814478,-0.33495533,-0.13874157,0.9319634,-0.33079344,-0.908826,-0.25418702,0.88225883,-0.39342865,0.25852132
1356272814518,-0.3284318,-0.17463505,0.9282431,-0.3007039,-0.9122921,-0.2780294,0.89538246,-0.37043998,0.24711221
1356272814558,-0.32117343,-0.23682812,0.91692966,-0.26100856,-0.9085895,-0.32609758,0.9103418,-0.3440604,0.23000064
1356272814598,-0.31264412,-0.32205445,0.89360756,-0.21356362,-0.89284843,-0.39649978,0.92555076,-0.31480542,0.21036479
1356272814636,-0.30427265,-0.416924,0.85650015,-0.162188,-0.8633301,-0.47786617,0.93867624,-0.28431565,0.19506767
1356272814676,-0.3031813,-0.4955749,0.8139328,-0.11316353,-0.8293667,-0.5471242,0.94618976,-0.25798535,0.19536744
1356272814716,-0.3212796,-0.5294057,0.7851809,-0.07336457,-0.8127316,-0.5780009,0.9441383,-0.24330433,0.22227438
1356272814756,-0.36372304,-0.50380266,0.78351027,-0.051600188,-0.82893246,-0.55696344,0.9300768,-0.24300973,0.2755056
1356272814796,-0.41726822,-0.43078226,0.80019623,-0.055867344,-0.86668897,-0.49571076,0.9070646,-0.25154915,0.33757502
1356272814836,-0.45894086,-0.34902516,0.81704026,-0.07903424,-0.8999234,-0.42882577,0.8849446,-0.2613798,0.3854266
1356272814876,-0.47631252,-0.29839662,0.82709485,-0.10184529,-0.91559994,-0.38897854,0.87335783,-0.26951104,0.40572143
1356272814916,-0.47051907,-0.29257348,0.8324738,-0.113565624,-0.9155058,-0.38594306,0.8750513,-0.27613395,0.39753658
1356272814956,-0.44772673,-0.3199486,0.8349692,-0.11668501,-0.9049012,-0.40931436,0.88652426,-0.2806894,0.36781535
1356272814996,-0.41450953,-0.3617587,0.8350523,-0.11682842,-0.8888487,-0.44305637,0.90251476,-0.28120896,0.32617265
1356272815036,-0.37711006,-0.4029014,0.8339415,-0.1172238,-0.872416,-0.47449842,0.91872007,-0.27669594,0.2817673
1356272815076,-0.34175086,-0.4314615,0.8348936,-0.12021911,-0.8610132,-0.49416962,0.93206954,-0.26925305,0.24238208
1356272815116,-0.3142342,-0.43666422,0.8429598,-0.12927242,-0.85998565,-0.49367332,0.9405028,-0.2641005,0.21378827
1356272815156,-0.2984907,-0.4085961,0.86252683,-0.1498376,-0.8724567,-0.46515375,0.9425773,-0.26808304,0.19919714
1356272815197,-0.29407346,-0.34224755,0.89240545,-0.18779455,-0.8948005,-0.40504983,0.9371521,-0.28670326,0.19886479
1356272815236,-0.2950878,-0.24546672,0.92340094,-0.24415104,-0.91497993,-0.32125062,0.9237496,-0.32024646,0.21006846
1356272815295,-0.2938823,-0.14127102,0.9453442,-0.30867505,-0.92200047,-0.23374137,0.90462863,-0.3604966,0.22735265
1356272815316,-0.28749555,-0.051639065,0.9563889,-0.36448145,-0.9175177,-0.15910532,0.88571984,-0.39432812,0.24496078
1356272815357,-0.27806902,0.014519393,0.9604514,-0.39897215,-0.91130215,-0.101733685,0.87378424,-0.41148233,0.25919765
1356272815394,-0.26892978,0.05580403,0.96154183,-0.40953547,-0.91020423,-0.061716735,0.8717554,-0.41038296,0.26763475
1356272815423,-0.2633496,0.075011805,0.9617798,-0.40630674,-0.91285837,-0.04005651,0.87496394,-0.40132648,0.2708786
1356272815467,-0.25961065,0.06847012,0.96328306,-0.38500044,-0.92212486,-0.03821537,0.88565063,-0.3807855,0.26575446
1356272815507,-0.2615875,0.026955575,0.9648032,-0.3483975,-0.93485206,-0.0683424,0.9001061,-0.35401255,0.25393695
1356272815547,-0.26772183,-0.0517516,0.96210545,-0.29840142,-0.9450061,-0.13386697,0.9161232,-0.3229327,0.23755586
1356272815587,-0.27601993,-0.1664257,0.94663376,-0.23668626,-0.94279665,-0.23476417,0.9315539,-0.28885478,0.22083992
1356272815626,-0.28533185,-0.2990671,0.9105738,-0.16887143,-0.91951805,-0.35492128,0.9434343,-0.25504023,0.21186382
1356272815667,-0.29989916,-0.4078701,0.86238194,-0.106315136,-0.88407093,-0.45509988,0.9480283,-0.22816831,0.22176921
1356272815707,-0.32930636,-0.4483579,0.8309829,-0.06356171,-0.867548,-0.49327523,0.94208133,-0.21525735,0.25719067
1356272815747,-0.37505394,-0.40560508,0.83355814,-0.055367947,-0.88778996,-0.4569064,0.9253481,-0.21751693,0.31051153
1356272815786,-0.41974998,-0.31450754,0.8514076,-0.08159899,-0.92117107,-0.38050684,0.90396434,-0.22919175,0.36099803
1356272815827,-0.4451117,-0.24643014,0.86089927,-0.11327089,-0.9381717,-0.32711375,0.8882821,-0.24311703,0.38967797
1356272815866,-0.44929814,-0.24589564,0.8588751,-0.123029545,-0.9351852,-0.3321029,0.88487,-0.25488025,0.38992456
1356272815906,-0.43652517,-0.3027888,0.84720993,-0.11160862,-0.9161682,-0.38494053,0.8927425,-0.26259217,0.36613673
1356272815946,-0.41128564,-0.38181797,0.827683,-0.09473568,-0.88521504,-0.4554333,0.9065701,-0.2657243,0.32790443
1356272815986,-0.38004476,-0.45296174,0.80646855,-0.084540054,-0.85122854,-0.5179409,0.9210965,-0.26501966,0.28521168
1356272816026,-0.34969044,-0.5000856,0.7922317,-0.08494158,-0.82521325,-0.5583978,0.93300676,-0.26255977,0.24609105
1356272816066,-0.32524592,-0.51616955,0.7923283,-0.095688015,-0.8156191,-0.5706219,0.9407757,-0.26140875,0.21588548
1356272816106,-0.30948377,-0.49549332,0.8116072,-0.11781922,-0.82695276,-0.54978895,0.94357747,-0.26577365,0.19754976
1356272816146,-0.3024279,-0.43217516,0.84956586,-0.15511866,-0.8571064,-0.49123004,0.9404657,-0.28034517,0.19217438
1356272816186,-0.29973024,-0.32885313,0.8955542,-0.20925498,-0.89319193,-0.39802063,0.9307922,-0.30669802,0.19890255
1356272816226,-0.29520398,-0.20355955,0.9334978,-0.27490094,-0.91762847,-0.2870322,0.91503227,-0.34135246,0.21492887
1356272816266,-0.28528368,-0.08545405,0.954626,-0.33797964,-0.92306507,-0.18363181,0.896874,-0.37503132,0.23445368
1356272816306,-0.2720253,0.0071557313,0.9622635,-0.38494676,-0.9172851,-0.102000535,0.88194007,-0.39816695,0.25227925
1356272816346,-0.2594964,0.06984617,0.96321493,-0.40896195,-0.9114861,-0.044081897,0.8748781,-0.4053574,0.26509178
1356272816395,-0.25151193,0.10094881,0.9625752,-0.41041315,-0.9118258,-0.011610597,0.87652886,-0.39797372,0.27076578
1356272816428,-0.2509948,0.0945608,0.9633586,-0.39260277,-0.9196295,-0.012020811,0.8847963,-0.3812344,0.26794714
1356272816468,-0.2600165,0.039087877,0.9648127,-0.35712224,-0.93222547,-0.058476567,0.8971372,-0.35976094,0.25635308
1356272816508,-0.2787856,-0.08082712,0.95694596,-0.30177432,-0.93860465,-0.16719337,0.9117077,-0.33539283,0.23727784
1356272816548,-0.3016439,-0.2758652,0.9126386,-0.22195676,-0.91060686,-0.3486119,0.92722493,-0.307723,0.21344894
1356272816588,-0.31429017,-0.52181053,0.7930545,-0.12022081,-0.8067832,-0.5784875,0.94168395,-0.27715456,0.19083156
1356272816626,-0.30566067,-0.73580825,0.60428274,-0.01697579,-0.6303448,-0.7761296,0.9519892,-0.2474905,0.18018068
1356272816666,-0.28997505,-0.85778683,0.42440113,0.07119179,-0.4615596,-0.884248,0.95438266,-0.22619593,0.19490808
1356272816706,-0.28891444,-0.9058459,0.3097928,0.14992177,-0.36240965,-0.9198819,0.94554317,-0.2193225,0.24051148
1356272816746,-0.30727613,-0.91608834,0.25761166,0.22043434,-0.3318656,-0.91721,0.92573774,-0.22505024,0.30391163
1356272816786,-0.33343995,-0.91206604,0.23864886,0.27227408,-0.33551085,-0.90183103,0.90259874,-0.23572859,0.3602047
1356272816826,-0.35254014,-0.90771544,0.2275263,0.29914907,-0.33969438,-0.8916937,0.8866935,-0.24629357,0.39129806
1356272816866,-0.3612908,-0.9062661,0.21943265,0.30005968,-0.3358078,-0.8928591,0.8828551,-0.2567389,0.3932582
1356272816906,-0.3649823,-0.9045961,0.2202132,0.2773662,-0.33143932,-0.9017849,0.8887384,-0.26805583,0.37187386
1356272816946,-0.36575818,-0.9018122,0.23012125,0.23908925,-0.32999778,-0.91320205,0.8994762,-0.2789916,0.33631298
1356272816986,-0.3624304,-0.8991718,0.24522296,0.19553006,-0.3306129,-0.9232893,0.91126966,-0.2866796,0.29563922
1356272817026,-0.35566086,-0.89638436,0.264576,0.15450528,-0.33558124,-0.9292542,0.9217557,-0.2896209,0.25784925
1356272817066,-0.3503666,-0.88944834,0.2934705,0.118536055,-0.35292125,-0.9281142,0.92908156,-0.29039335,0.22908351
1356272817106,-0.3542292,-0.8703129,0.34216556,0.0841181,-0.3940608,-0.91522694,0.93136775,-0.2954178,0.21279687
1356272817146,-0.37248093,-0.82748437,0.42015195,0.04293415,-0.46761084,-0.8828912,0.9270462,-0.31082126,0.20970339
1356272817188,-0.40367037,-0.74630064,0.529231,-0.01626569,-0.5725094,-0.8197367,0.9147598,-0.33951175,0.21896607
1356272817236,-0.43531954,-0.6173545,0.65526354,-0.10177463,-0.68943495,-0.71716213,0.8945048,-0.37888384,0.23729342
1356272817276,-0.4424374,-0.47660905,0.7596664,-0.1905778,-0.7777696,-0.5989613,0.8763158,-0.40977842,0.2532832
1356272817316,-0.42973942,-0.36245912,0.82701117,-0.25549763,-0.8296543,-0.49638164,0.8660514,-0.42461413,0.2639277
1356272817356,-0.4073735,-0.2849649,0.86766464,-0.2900636,-0.86050546,-0.41880012,0.8659734,-0.42228597,0.26788908
1356272817396,-0.38254082,-0.24526519,0.89079046,-0.29689693,-0.880359,-0.3698924,0.87493706,-0.40597185,0.2639547
1356272817435,-0.3598205,-0.23651165,0.9025473,-0.28616935,-0.892739,-0.34802917,0.88805205,-0.38350937,0.25354332
1356272817476,-0.3395942,-0.25938255,0.9040999,-0.2612638,-0.8973834,-0.35559037,0.9035581,-0.35696492,0.23697877
1356272817516,-0.32114536,-0.31260693,0.8939477,-0.2246229,-0.89186877,-0.39257434,0.92000556,-0.32687458,0.21620083
1356272817556,-0.3039691,-0.38567677,0.87112343,-0.1809015,-0.87438744,-0.4502455,0.93534875,-0.29444832,0.19601738
1356272817596,-0.29136616,-0.45502633,0.841461,-0.13669224,-0.8507963,-0.5074058,0.94679505,-0.26286212,0.18569481
1356272817636,-0.2935468,-0.486068,0.82314533,-0.10108097,-0.8404706,-0.53234565,0.95058554,-0.23947267,0.19758515
1356272817676,-0.3216889,-0.44389328,0.8363462,-0.08739033,-0.86560786,-0.49303746,0.9428039,-0.23169322,0.23966447
1356272817717,-0.3674507,-0.3269325,0.87068653,-0.109007314,-0.9145869,-0.38942027,0.9236326,-0.23800397,0.3004276
1356272817756,-0.40452003,-0.1848915,0.89564425,-0.15851225,-0.9503521,-0.26777753,0.90068716,-0.25029197,0.35512888
1356272817796,-0.4176486,-0.08387554,0.90472895,-0.20487466,-0.9613942,-0.18370484,0.8852095,-0.26208013,0.38434106
1356272817837,-0.41013318,-0.04503165,0.9109131,-0.22973476,-0.96147305,-0.15096784,0.8826169,-0.27118537,0.38398683
1356272817876,-0.3885278,-0.050126545,0.92007244,-0.2369214,-0.95951337,-0.15232241,0.8904573,-0.27716637,0.36092174
1356272817916,-0.35785687,-0.07349858,0.9308794,-0.23643619,-0.9572793,-0.16647589,0.9033473,-0.27966812,0.32519126
1356272817956,-0.32278055,-0.09594262,0.9415984,-0.2350516,-0.9555563,-0.17794068,0.91682243,-0.27876002,0.28588358
1356272817996,-0.28776032,-0.1062825,0.9517868,-0.23592082,-0.95533,-0.17800573,0.92818934,-0.2757693,0.24983174
1356272818037,-0.25665724,-0.098589495,0.96146095,-0.24116822,-0.95678395,-0.16248855,0.93593,-0.2735777,0.2217888
1356272818076,-0.23223895,-0.07051793,0.9700991,-0.253791,-0.9584254,-0.13042617,0.93896496,-0.27649245,0.20468682
1356272818116,-0.21581972,-0.024356812,0.9761294,-0.27747327,-0.9569457,-0.08522675,0.9361787,-0.28924343,0.19976932
1356272818156,-0.20624393,0.032594353,0.97795755,-0.31328773,-0.9490335,-0.034439698,0.926992,-0.3134851,0.20594388
1356272818196,-0.20117438,0.09031735,0.9753828,-0.35803843,-0.93362176,0.012604371,0.911777,-0.34668887,0.22015786
1356272818236,-0.1976865,0.13904272,0.9703541,-0.40217543,-0.9142467,0.04906939,0.89396584,-0.38055223,0.23665386
1356272818276,-0.19475055,0.1745624,0.96519446,-0.43529785,-0.8972042,0.07443437,0.8789699,-0.4056509,0.25071758
1356272818335,-0.19271386,0.19659258,0.96135986,-0.4506219,-0.8880374,0.091267064,0.87166584,-0.4156214,0.25972596
1356272818356,-0.192092,0.20401594,0.9599366,-0.44809255,-0.88847095,0.09915994,0.8731059,-0.41109258,0.26208603
1356272818406,-0.19280988,0.19401047,0.961865,-0.43127373,-0.8972555,0.09452793,0.8813781,-0.39660117,0.25667134
1356272818423,-0.196738,0.16765249,0.966016,-0.4091714,-0.9094114,0.07449722,0.89099556,-0.38060966,0.24751431
1356272818453,-0.2005223,0.12875232,0.9711918,-0.3826079,-0.9228931,0.043352082,0.90188795,-0.36289263,0.23432237
1356272818497,-0.2027278,0.06884503,0.976812,-0.34572256,-0.93831986,-0.005619228,0.91617537,-0.33884513,0.21402487
1356272818537,-0.20895797,-0.01920122,0.9777362,-0.29957518,-0.95048267,-0.08269003,0.930909,-0.3101842,0.19285858
1356272818577,-0.22059876,-0.11873281,0.9681109,-0.2504828,-0.9523783,-0.17387958,0.94265294,-0.28085274,0.18035287
1356272818617,-0.2430808,-0.19836588,0.9495065,-0.2076781,-0.9455256,-0.25070134,0.94751334,-0.25813237,0.18864286
1356272818656,-0.28161466,-0.22383863,0.9330538,-0.18134972,-0.9424678,-0.28083205,0.9422342,-0.24829547,0.22481969
1356272818697,-0.33194196,-0.18252534,0.9254723,-0.18077666,-0.9506069,-0.25232217,0.9258155,-0.2510601,0.28254992
1356272818737,-0.37587672,-0.1074591,0.92041796,-0.20277125,-0.9596452,-0.19484583,0.90421265,-0.2598723,0.3389187
1356272818777,-0.39998853,-0.04923746,0.9151966,-0.22737667,-0.9620078,-0.15113135,0.8878676,-0.26854518,0.37359673
1356272818817,-0.4042806,-0.03539648,0.91394985,-0.2370401,-0.9610551,-0.1420742,0.88338506,-0.2740806,0.38014555
1356272818857,-0.39379573,-0.062240034,0.9170883,-0.22961348,-0.9594151,-0.16370814,0.8900576,-0.27504343,0.3635224
1356272818896,-0.37284112,-0.11046457,0.92129636,-0.21365571,-0.9559887,-0.20108896,0.9029622,-0.2718145,0.33283058
1356272818937,-0.34552002,-0.15848187,0.9249321,-0.19951943,-0.95069426,-0.23742902,0.9169558,-0.26657838,0.29686362
1356272818977,-0.3161993,-0.18918319,0.9296385,-0.19409035,-0.9462883,-0.25858766,0.9286264,-0.2621991,0.26249698
1356272819016,-0.28847682,-0.19281715,0.93787134,-0.19976431,-0.945838,-0.25589988,0.93641627,-0.2611744,0.23433435
1356272819056,-0.2645638,-0.16505806,0.9501378,-0.21735267,-0.94968784,-0.22550127,0.9395551,-0.26617447,0.21537721
1356272819096,-0.2452187,-0.10568648,0.96368986,-0.24828908,-0.95404047,-0.1678074,0.9371341,-0.28042316,0.20770776
1356272819136,-0.2295599,-0.022146732,0.9730426,-0.29237968,-0.9519966,-0.090645835,0.9283407,-0.3053065,0.21206492
1356272819177,-0.21559668,0.06888649,0.9740497,-0.34494576,-0.93856966,-0.009973198,0.9135264,-0.33814448,0.2261146
1356272819216,-0.20165586,0.14864156,0.9681118,-0.39658144,-0.9161617,0.058058098,0.8955769,-0.37222743,0.24369794
1356272819256,-0.18786901,0.20801422,0.9599142,-0.43705943,-0.89292985,0.10795984,0.87959325,-0.39925727,0.25866842
1356272819296,-0.17571872,0.24725056,0.9528851,-0.45923984,-0.8767576,0.14281026,0.8707592,-0.4125084,0.2676101
1356272819336,-0.16694999,0.26747853,0.94899046,-0.46160543,-0.871702,0.16448694,0.8712337,-0.41059804,0.26900023
1356272819395,-0.16287667,0.26700467,0.94983137,-0.44749898,-0.87796485,0.17006555,0.87932694,-0.39734885,0.26248437
1356272819418,-0.1642071,0.24209782,0.95625556,-0.42082122,-0.8939651,0.15406466,0.8921578,-0.37711412,0.24867532
1356272819458,-0.17129934,0.18759328,0.9671946,-0.3834436,-0.9169968,0.10994562,0.9075393,-0.35203093,0.22901231
1356272819498,-0.18400544,0.09882365,0.97794473,-0.33613807,-0.9412733,0.031871766,0.9236629,-0.32285988,0.2064178
1356272819538,-0.20094866,-0.0216638,0.9793622,-0.28079182,-0.9565306,-0.07877254,0.9384964,-0.2908261,0.18613058
1356272819578,-0.22160053,-0.15139309,0.9633137,-0.22381231,-0.9536063,-0.2013532,0.9491055,-0.26022142,0.17743596
1356272819617,-0.24959296,-0.24085233,0.9379198,-0.1777209,-0.9407289,-0.28886756,0.9519027,-0.23878726,0.19199476
1356272819656,-0.29055774,-0.24082641,0.92605555,-0.15883635,-0.9422428,-0.29487225,0.9435822,-0.23276868,0.23552388
1356272819696,-0.3391813,-0.14200899,0.92994064,-0.18162742,-0.96005464,-0.21285342,0.9230209,-0.2410986,0.29983985
1356272819736,-0.37502545,-0.008637629,0.92697424,-0.23292091,-0.96699977,-0.10324327,0.89727575,-0.25463057,0.36063772
1356272819776,-0.389925,0.08299276,0.917099,-0.27745798,-0.9602352,-0.031071074,0.8780521,-0.26657185,0.39744678
1356272819816,-0.38971204,0.106327325,0.91477805,-0.29493886,-0.95540446,-0.01459986,0.87243074,-0.27549335,0.40369284
1356272819856,-0.37876153,0.07562174,0.92239964,-0.28895277,-0.95649755,-0.040234372,0.8792304,-0.28176916,0.38413557
1356272819896,-0.3584832,0.017462447,0.9333728,-0.2717837,-0.95846725,-0.08645281,0.8930976,-0.28466743,0.34834042
1356272819936,-0.33140785,-0.04393939,0.94246393,-0.25332174,-0.95809203,-0.13374597,0.9088438,-0.28307104,0.30638826
1356272819976,-0.3019411,-0.09130175,0.94894445,-0.23928481,-0.9562793,-0.16814461,0.9228078,-0.27783775,0.26689297
1356272820027,-0.27448922,-0.11498962,0.9546899,-0.2333697,-0.95517606,-0.18214586,0.93284196,-0.2727928,0.23535058
1356272820066,-0.25133348,-0.098964766,0.96282786,-0.24278654,-0.95650965,-0.16169155,0.93695587,-0.27440014,0.2163755
1356272820106,-0.23647016,-0.054760665,0.9700945,-0.26826143,-0.9559242,-0.11935214,0.9338725,-0.28846213,0.21135724
1356272820146,-0.22702873,0.008497566,0.9738511,-0.3087787,-0.9489983,-0.06370324,0.92364156,-0.31516692,0.21807367
1356272820186,-0.21972334,0.075042546,0.9726716,-0.35600713,-0.93444604,-0.008327439,0.9082843,-0.3481078,0.23203537
1356272820227,-0.21271753,0.13323581,0.96798736,-0.39775485,-0.91667247,0.038765132,0.89249223,-0.37677562,0.24798748
