1356272068929,0.584196,0.47705087,0.6566106,-0.47432348,-0.45580122,0.7531683,0.6585835,-0.7514437,-0.040000796
1356272068966,-0.58655256,-0.54591465,0.5982752,-0.47141027,-0.37054807,-0.8002915,0.65858054,-0.75144607,-0.040003777
1356272069005,-0.58653665,-0.54587656,0.5983257,-0.4714661,-0.3705598,-0.80025315,0.6585549,-0.75146806,-0.04001546
1356272069044,-0.5864244,-0.5456476,0.5986443,-0.47173646,-0.3707285,-0.8000157,0.65846115,-0.75155115,-0.039997637
1356272069085,-0.5860856,-0.54493237,0.5996268,-0.47245416,-0.37137985,-0.7992897,0.6582482,-0.75174844,-0.03979522
1356272069124,-0.5854168,-0.5434436,0.6016279,-0.4737582,-0.3728853,-0.7978156,0.657906,-0.75208086,-0.039167583
1356272069164,-0.5844095,-0.5410621,0.6047456,-0.47560692,-0.37543774,-0.79551524,0.6574675,-0.7525279,-0.037923455
1356272069206,-0.58310205,-0.5378384,0.60886925,-0.47784454,-0.37905228,-0.79245436,0.6570057,-0.7530266,-0.035976946
1356272069245,-0.58154017,-0.53390586,0.61380416,-0.4803065,-0.38363123,-0.7887539,0.6565948,-0.75350624,-0.033341467
1356272069285,-0.5798305,-0.5293906,0.6193079,-0.4828042,-0.38902915,-0.7845741,0.6562749,-0.7539244,-0.030021071
1356272069325,-0.5779602,-0.52462,0.6250887,-0.48527008,-0.3948962,-0.78010887,0.6561059,-0.75420874,-0.026348114
1356272069365,-0.57589185,-0.5202102,0.6306583,-0.48755747,-0.4006762,-0.7757231,0.65622884,-0.75421476,-0.022886217
1356272069405,-0.57363844,-0.5167187,0.63556325,-0.4894032,-0.40598643,-0.7717898,0.6568283,-0.753775,-0.019994378
1356272069445,-0.5713106,-0.51437074,0.6395522,-0.4905108,-0.41077584,-0.7685457,0.65803,-0.7527855,-0.017623901
1356272069486,-0.5690884,-0.5129699,0.64265096,-0.49071035,-0.4152599,-0.76600426,0.65980434,-0.75127965,-0.015400052
1356272069525,-0.56717616,-0.5119393,0.64515835,-0.48998964,-0.4198817,-0.7639434,0.66198283,-0.7494114,-0.012697995
1356272069583,-0.5657324,-0.5105296,0.6475386,-0.48854882,-0.42509532,-0.76198024,0.66427916,-0.7474312,-0.008928359
1356272069607,-0.5647618,-0.5083713,0.6500791,-0.48675013,-0.43092197,-0.7598556,0.6664222,-0.7455635,-0.0040814877
1356272069645,-0.5640876,-0.5057177,0.6527288,-0.48506084,-0.4367745,-0.75759095,0.6682224,-0.7439608,0.0010752678
1356272069683,-0.5634296,-0.503233,0.6552127,-0.48397166,-0.44170517,-0.75542575,0.669566,-0.74273354,0.005319178
1356272069726,-0.56254476,-0.50146276,0.6573267,-0.48384497,-0.44500756,-0.7535663,0.67040086,-0.74195904,0.0077064633
1356272069765,-0.56128293,-0.50064254,0.6590285,-0.48474297,-0.44654918,-0.75207585,0.6708098,-0.74158674,0.007957399
1356272069805,-0.5596052,-0.5008259,0.6603146,-0.48656365,-0.44644034,-0.7509639,0.67089325,-0.7415284,0.006146729
1356272069847,-0.5575224,-0.5020397,0.66115427,-0.48917994,-0.44478488,-0.7502462,0.67072487,-0.7417025,0.0023897886
1356272069886,-0.55509067,-0.50396985,0.66173166,-0.49268287,-0.4417712,-0.74973446,0.6701775,-0.7421945,-0.0030742288
1356272069926,-0.5522591,-0.50669795,0.66201746,-0.49715498,-0.43727857,-0.74941605,0.66921365,-0.7429971,-0.010416448
1356272069956,-0.5489129,-0.50940895,0.6627194,-0.50223315,-0.432774,-0.7486444,0.66817397,-0.7437803,-0.018286884
1356272069996,-0.54477125,-0.51446885,0.6622281,-0.5075459,-0.4263516,-0.74874663,0.6675489,-0.74400675,-0.028852463
1356272070026,-0.53915846,-0.520078,0.6624402,-0.5132789,-0.42069197,-0.7480394,0.6677221,-0.7433284,-0.04012537
1356272070057,-0.53266454,-0.52800095,0.6614254,-0.5180322,-0.41460907,-0.74815905,0.66926163,-0.7411574,-0.052673936
1356272070096,-0.5243964,-0.54208523,0.6566217,-0.5209611,-0.40571272,-0.7509972,0.67350423,-0.73589456,-0.06965101
1356272070137,-0.5140401,-0.55983233,0.649885,-0.5236386,-0.3952796,-0.75468975,0.67938596,-0.7282457,-0.08996028
1356272070166,-0.50328326,-0.5765752,0.64363575,-0.5268225,-0.3856781,-0.75743675,0.6849555,-0.7202871,-0.10964745
1356272070197,-0.4931218,-0.59282553,0.63670146,-0.52965367,-0.37601382,-0.76031613,0.69014335,-0.71215975,-0.12857163
1356272070226,-0.48339283,-0.60843474,0.6293953,-0.53214794,-0.36664897,-0.76314276,0.69508976,-0.7038292,-0.14654177
1356272070257,-0.47379124,-0.6236343,0.6217734,-0.53420347,-0.35777837,-0.76591206,0.7001061,-0.69503593,-0.16363531
1356272070296,-0.46324366,-0.6417482,0.6111993,-0.53488016,-0.3474282,-0.77019274,0.70661765,-0.68370533,-0.18231446
1356272070326,-0.45107174,-0.65873694,0.6021626,-0.53638446,-0.3391629,-0.77282614,0.7133204,-0.67159075,-0.20034951
1356272070356,-0.4382887,-0.6763886,0.59194714,-0.5374614,-0.33064854,-0.7757621,0.72044307,-0.6581565,-0.21861327
1356272070387,-0.42440844,-0.69498676,0.5804058,-0.5385049,-0.32158637,-0.77884185,0.7279354,-0.6430985,-0.23776972
1356272070426,-0.40802258,-0.7186612,0.56306624,-0.5390794,-0.30810022,-0.78387976,0.73682487,-0.62337816,-0.26170355
1356272070457,-0.38863325,-0.7405095,0.5482789,-0.5422815,-0.29725462,-0.7858564,0.7449126,-0.6027315,-0.28604156
1356272070496,-0.36741275,-0.766041,0.5274363,-0.5463707,-0.2811522,-0.7889439,0.7526532,-0.5780438,-0.31524348
1356272070526,-0.34397566,-0.78823084,0.51026744,-0.55369645,-0.26862156,-0.7882022,0.7583541,-0.5536557,-0.34404135
1356272070556,-0.3213635,-0.8079782,0.493859,-0.5627356,-0.25650257,-0.78583395,0.76161283,-0.53045046,-0.37224758
1356272070586,-0.30022645,-0.8237766,0.4808911,-0.573521,-0.24694759,-0.78108287,0.7621927,-0.5103029,-0.398313
1356272070616,-0.28150827,-0.8339329,0.4746673,-0.58515584,-0.2428549,-0.77370155,0.7604904,-0.49555779,-0.41961503
1356272070647,-0.26604593,-0.83710563,0.4779893,-0.59593165,-0.24692309,-0.7641299,0.757684,-0.4881426,-0.43316483
1356272070686,-0.2556333,-0.8281132,0.49887893,-0.6033926,-0.26651537,-0.75158954,0.7553601,-0.4931512,-0.43154722
1356272070717,-0.24822766,-0.81165946,0.52876455,-0.6073432,-0.29484135,-0.737701,0.75466365,-0.5042594,-0.4197681
1356272070756,-0.24630076,-0.779513,0.57593,-0.60566425,-0.34012157,-0.7193665,0.75664175,-0.5260007,-0.38835096
1356272070786,-0.24921936,-0.7411263,0.6233952,-0.6024065,-0.38538104,-0.6989906,0.75828505,-0.54973936,-0.35041487
1356272070846,-0.2554642,-0.6958592,0.67120636,-0.5994364,-0.43069875,-0.6746662,0.7585604,-0.5746986,-0.30709517
1356272070858,-0.26596242,-0.6362013,0.7242319,-0.59737843,-0.48086935,-0.6417971,0.75657314,-0.6033345,-0.2521597
1356272070896,-0.28385943,-0.5742788,0.76787215,-0.59489864,-0.52257806,-0.6107437,0.7520103,-0.6301715,-0.19329897
1356272070936,-0.3077169,-0.51939493,0.79720706,-0.59110564,-0.55220306,-0.5879335,0.7455899,-0.6521507,-0.13709503
1356272070966,-0.33697426,-0.4813745,0.80915207,-0.58402884,-0.5672187,-0.5806663,0.7384841,-0.6682377,-0.08999851
1356272070996,-0.36633813,-0.4579026,0.8100133,-0.57446784,-0.5735087,-0.58401585,0.7319721,-0.67927384,-0.05295223
1356272071026,-0.39701515,-0.4516685,0.79898345,-0.5596919,-0.5707934,-0.6007828,0.7274091,-0.6857044,-0.026181608
1356272071066,-0.42945182,-0.46968758,0.7713396,-0.53446305,-0.5562923,-0.6363082,0.72795635,-0.68551624,-0.012129873
1356272071096,-0.46781844,-0.5080039,0.72324127,-0.49567527,-0.52670026,-0.6905743,0.7317458,-0.6815562,-0.0054048
1356272071136,-0.50194275,-0.56116503,0.65813935,-0.44666472,-0.4834274,-0.7528537,0.74063766,-0.67185706,-0.007999778
1356272071167,-0.5338746,-0.6161658,0.5790663,-0.3921742,-0.42628038,-0.8151592,0.74911773,-0.6622876,-0.014064133
1356272071206,-0.55802804,-0.65924495,0.503985,-0.34672385,-0.36655265,-0.86337805,0.75391465,-0.65653276,-0.024029255
1356272071236,-0.5793244,-0.687448,0.43794793,-0.30994308,-0.31114405,-0.8984012,0.753869,-0.65620476,-0.03281641
1356272071266,-0.59783214,-0.69898283,0.39245355,-0.28735054,-0.2701785,-0.91893053,0.7483492,-0.66213787,-0.039331675
1356272071296,-0.6149306,-0.69867605,0.3656667,-0.27660614,-0.24313563,-0.92971724,0.73847777,-0.6728572,-0.04374653
1356272071326,-0.63014257,-0.69137734,0.35343707,-0.27479482,-0.22715658,-0.9342846,0.7262287,-0.6858552,-0.046845853
1356272071356,-0.64230996,-0.6807773,0.35210815,-0.27957386,-0.21964502,-0.93466276,0.71363604,-0.69878346,-0.049247324
1356272071396,-0.6508904,-0.66744316,0.36174762,-0.29147664,-0.2202748,-0.9308707,0.7009872,-0.71133584,-0.051169336
1356272071426,-0.6521753,-0.65240246,0.38605493,-0.3127851,-0.23230624,-0.92097735,0.69053084,-0.72139084,-0.05255735
1356272071456,-0.6478477,-0.6370069,0.41775054,-0.33885887,-0.25016612,-0.90696836,0.6822521,-0.7291359,-0.05378592
1356272071486,-0.636626,-0.6207626,0.45756,-0.37094176,-0.27368408,-0.88741153,0.67609876,-0.7346774,-0.05603236
1356272071526,-0.6174041,-0.6090729,0.4978376,-0.405792,-0.29556376,-0.8648554,0.6739028,-0.73598385,-0.064674675
1356272071566,-0.5836956,-0.6060772,0.54034233,-0.44674435,-0.31597728,-0.8370052,0.6780257,-0.7299512,-0.086327076
1356272071596,-0.5391173,-0.6119898,0.57863724,-0.4873607,-0.33364105,-0.8069468,0.6869004,-0.71704406,-0.11838812
1356272071626,-0.49567974,-0.63719434,0.59015685,-0.51335746,-0.3331445,-0.7908722,0.7005468,-0.69498074,-0.16197544
1356272071656,-0.45443475,-0.6750347,0.5812205,-0.5296182,-0.31988555,-0.7856067,0.71623576,-0.66483194,-0.2121436
1356272071686,-0.41450226,-0.71231854,0.56638336,-0.54285467,-0.30598038,-0.7821028,0.73040855,-0.6316472,-0.25985593
1356272071716,-0.37430662,-0.7372201,0.56249535,-0.55723244,-0.30603606,-0.7719028,0.74120617,-0.60236895,-0.29625165
1356272071747,-0.33220863,-0.7429032,0.5811473,-0.57327145,-0.33024144,-0.7498669,0.74899745,-0.58226746,-0.31617606
1356272071786,-0.28320068,-0.71437675,0.63989305,-0.591386,-0.3951844,-0.7029166,0.7550231,-0.5774903,-0.31055588
1356272071847,-0.2202155,-0.64245343,0.7340018,-0.6124406,-0.49461114,-0.6166654,0.75922436,-0.58533186,-0.28454357
1356272071867,-0.14901787,-0.5293907,0.83518815,-0.6319654,-0.5986283,-0.49220324,0.760535,-0.60115707,-0.24535033
1356272071906,-0.081814766,-0.39354372,0.9156581,-0.6472627,-0.67763954,-0.34907833,0.75786376,-0.6212311,-0.19928521
1356272071946,-0.031235516,-0.26486558,0.96377933,-0.6590152,-0.71951145,-0.21909426,0.7514808,-0.6419887,-0.15207613
1356272071976,-0.0043184757,-0.17115118,0.98523533,-0.66809255,-0.73259974,-0.1301927,0.74406576,-0.6587906,-0.111181155
1356272072016,0.0071570873,-0.10657418,0.994279,-0.67525345,-0.7338842,-0.07380244,0.7375511,-0.6708621,-0.0772171
1356272072046,-0.0014069676,-0.07688391,0.9970391,-0.67996603,-0.73099905,-0.057328492,0.7332423,-0.67803335,-0.05124995
1356272072086,-0.021016717,-0.07634911,0.99685967,-0.6775757,-0.73208016,-0.07035503,0.7351527,-0.6769265,-0.036346376
1356272072116,-0.057482302,-0.1066252,0.9926364,-0.6687662,-0.7341158,-0.117583334,0.74124736,-0.6706006,-0.029108673
1356272072164,-0.10112566,-0.15911596,0.98206705,-0.6519079,-0.73507535,-0.18622641,0.75152487,-0.6590496,-0.029393971
1356272072185,-0.15375364,-0.2439003,0.95753455,-0.62323403,-0.7280502,-0.28552097,0.7667719,-0.64066803,-0.04006657
1356272072226,-0.2140578,-0.34761634,0.9128758,-0.5887453,-0.69980747,-0.40453482,0.7794602,-0.62404513,-0.054858148
1356272072263,-0.26693183,-0.4332688,0.86082834,-0.5606261,-0.6567294,-0.5043855,0.78386587,-0.6172395,-0.06759977
1356272072305,-0.3033676,-0.47897488,0.8237422,-0.54958314,-0.618253,-0.561891,0.77841276,-0.62317437,-0.07567856
1356272072345,-0.32264948,-0.4887748,0.8105532,-0.5559607,-0.5951944,-0.5802166,0.766032,-0.63784236,-0.0797005
1356272072385,-0.32679218,-0.4749589,0.8170807,-0.5741738,-0.5869333,-0.5708184,0.7506872,-0.6556853,-0.08090374
1356272072425,-0.31774276,-0.4469384,0.836233,-0.59841824,-0.58957696,-0.54248947,0.73548305,-0.67278916,-0.08012229
1356272072465,-0.2982015,-0.41076005,0.8615985,-0.6250603,-0.5981595,-0.50150263,0.7213706,-0.68809986,-0.07837775
1356272072505,-0.2717539,-0.37376976,0.88681793,-0.65126145,-0.6070101,-0.455409,0.70852554,-0.7013095,-0.07846451
1356272072545,-0.2420283,-0.34790593,0.9057504,-0.67317957,-0.6120625,-0.4149804,0.69875,-0.7101697,-0.08606672
1356272072585,-0.21048677,-0.34636542,0.91418076,-0.6862432,-0.61365646,-0.39050755,0.69625115,-0.7095469,-0.10852441
1356272072625,-0.17485142,-0.37243825,0.9114366,-0.68840736,-0.61558086,-0.38360855,0.7039334,-0.69451416,-0.14875406
1356272072665,-0.13269824,-0.41309863,0.9009665,-0.6825395,-0.6210462,-0.3852809,0.7187009,-0.66607136,-0.19954434
1356272072705,-0.08606291,-0.44334713,0.89220876,-0.67423666,-0.6333857,-0.37977278,0.7334835,-0.6342442,-0.24440983
1356272072745,-0.04174012,-0.44421658,0.8949466,-0.666175,-0.65519047,-0.35628122,0.7446265,-0.6110623,-0.26857832
1356272072785,-0.006525159,-0.41262236,0.91087884,-0.65813565,-0.6840315,-0.31457657,0.7528711,-0.6015345,-0.26709807
1356272072844,0.016271353,-0.35691792,0.933994,-0.65106124,-0.7127318,-0.26102212,0.75885075,-0.6038401,-0.24397248
1356272072866,0.026228368,-0.289078,0.95694613,-0.6476443,-0.73412156,-0.20401539,0.7614912,-0.61440974,-0.20647447
1356272072906,0.024924576,-0.21979761,0.975227,-0.6500431,-0.74469745,-0.15122704,0.75948846,-0.6301703,-0.16143912
1356272072947,0.015203118,-0.15802702,0.98731774,-0.6576687,-0.7453545,-0.109172106,0.75315386,-0.64766824,-0.11526115
1356272072987,3.1250715E-4,-0.11196658,0.9937119,-0.6666305,-0.7407245,-0.083251595,0.7453882,-0.6624127,-0.07487178
1356272073027,-0.017156065,-0.08617738,0.99613214,-0.67182374,-0.7368718,-0.07531884,0.7405124,-0.67051744,-0.045254245
1356272073066,-0.03599775,-0.08314234,0.9958873,-0.66869414,-0.73856694,-0.08583066,0.74266565,-0.66903377,-0.029009998
1356272073107,-0.055852294,-0.1040822,0.9929992,-0.6549227,-0.7468756,-0.115121335,0.75362897,-0.6567676,-0.026451036
1356272073147,-0.0768677,-0.14790933,0.98600924,-0.6325583,-0.7571885,-0.16289757,0.7706889,-0.6362299,-0.035357982
1356272073186,-0.099377215,-0.20736733,0.97320235,-0.60876775,-0.7609774,-0.2243105,0.7870997,-0.61474556,-0.05061467
1356272073225,-0.12334901,-0.26798022,0.9554955,-0.5930097,-0.75212085,-0.28749555,0.79569125,-0.6020804,-0.06614146
1356272073267,-0.14796251,-0.31492865,0.937511,-0.59098864,-0.73192596,-0.33914116,0.79299396,-0.6042386,-0.07782166
1356272073305,-0.17042446,-0.3424641,0.92394483,-0.60104066,-0.7069022,-0.37288007,0.7808366,-0.6188762,-0.08536145
1356272073345,-0.18768865,-0.3536076,0.91637033,-0.61680335,-0.6836313,-0.39013064,0.7644126,-0.63844335,-0.08979657
1356272073385,-0.19800276,-0.35267287,0.91455823,-0.63350207,-0.6659395,-0.39395407,0.7479773,-0.65737855,-0.0915612
1356272073425,-0.20105356,-0.34255397,0.91773313,-0.64998263,-0.6542615,-0.38660616,0.732871,-0.6742392,-0.091112494
1356272073465,-0.1970846,-0.327509,0.9240647,-0.6666358,-0.6463459,-0.37125948,0.7188563,-0.6891842,-0.09094438
1356272073505,-0.18566316,-0.3167034,0.9301764,-0.68227804,-0.63968337,-0.35397995,0.70712507,-0.70035994,-0.09731406
1356272073545,-0.1646511,-0.3215255,0.932476,-0.6935747,-0.63444257,-0.34122843,0.70131606,-0.7029254,-0.11854035
1356272073585,-0.13204801,-0.3472313,0.92843616,-0.69798577,-0.6324879,-0.33581978,0.7038318,-0.69237953,-0.15884373
1356272073625,-0.08890915,-0.38295215,0.91947967,-0.6967781,-0.635746,-0.33215553,0.7117552,-0.67020494,-0.21030903
1356272073665,-0.042080343,-0.40674642,0.9125714,-0.69293725,-0.64612424,-0.31993967,0.7197688,-0.6458179,-0.25466058
1356272073705,-9.5283985E-4,-0.4024856,0.9154258,-0.68774045,-0.66429573,-0.29278708,0.7259561,-0.6298543,-0.2761727
1356272073745,0.028571546,-0.3686613,0.9291246,-0.68197584,-0.6867636,-0.25152498,0.7308165,-0.62645406,-0.27104
1356272073785,0.044213176,-0.31403774,0.94838053,-0.67739326,-0.70717525,-0.20258746,0.73429126,-0.63346946,-0.24399354
1356272073847,0.04700792,-0.25098708,0.9668484,-0.6761422,-0.720464,-0.15415357,0.73527,-0.64648056,-0.2035705
1356272073867,0.03938228,-0.19076277,0.98084587,-0.6788537,-0.72539765,-0.11382425,0.7332167,-0.66136813,-0.15806782
1356272073907,0.023951948,-0.1406689,0.9897669,-0.6837348,-0.7245934,-0.0864355,0.7293374,-0.6746677,-0.11353558
1356272073947,0.0031472445,-0.10561985,0.9944016,-0.6876438,-0.72221243,-0.074533075,0.7260413,-0.68355954,-0.074901834
1356272073987,-0.020846188,-0.087809205,0.9959192,-0.6876148,-0.7218697,-0.07803941,0.72577643,-0.6864356,-0.04533072
1356272074027,-0.04639572,-0.08915883,0.9949362,-0.68065244,-0.7261811,-0.09681511,0.73113585,-0.6816976,-0.026994452
1356272074065,-0.07221943,-0.11124167,0.9911659,-0.6643547,-0.7358489,-0.13099357,0.7439202,-0.66794586,-0.020761326
1356272074105,-0.097323895,-0.15465066,0.9831639,-0.63863754,-0.74794906,-0.1808707,0.76332825,-0.64548844,-0.025972411
1356272074145,-0.12306589,-0.21561486,0.96869254,-0.6089079,-0.75437057,-0.24526799,0.78363645,-0.62002856,-0.038452342
1356272074194,-0.15068412,-0.2847774,0.94667643,-0.58398515,-0.7470245,-0.31767243,0.79765636,-0.60071313,-0.053741053
1356272074225,-0.18414837,-0.35022897,0.91838396,-0.56844205,-0.7243065,-0.3901971,0.8018497,-0.59390223,-0.06570506
1356272074265,-0.21946585,-0.39848202,0.8905317,-0.5657576,-0.6916569,-0.44891983,0.79482895,-0.6023477,-0.07364908
1356272074305,-0.25567245,-0.43107927,0.86533356,-0.5699824,-0.6557544,-0.4950819,0.7808659,-0.6198038,-0.07804921
1356272074345,-0.28954554,-0.4515991,0.8439323,-0.5751747,-0.62266326,-0.53053236,0.76507354,-0.63902175,-0.07945907
1356272074385,-0.31838226,-0.46206194,0.8277267,-0.5801764,-0.59555304,-0.5556185,0.7496853,-0.65712655,-0.07846391
1356272074425,-0.33994895,-0.4642039,0.81789327,-0.58693546,-0.5747988,-0.57018685,0.734807,-0.673885,-0.077055395
1356272074465,-0.3515693,-0.4626178,0.81386966,-0.5971765,-0.55869424,-0.5755354,0.7209572,-0.6883644,-0.07984474
1356272074505,-0.35027832,-0.46742362,0.81167746,-0.6095391,-0.54421693,-0.57644594,0.71117306,-0.69666564,-0.09428558
1356272074545,-0.33397114,-0.48949298,0.8055184,-0.6199023,-0.5297084,-0.5789043,0.7100594,-0.69268,-0.12653053
1356272074585,-0.30421877,-0.5308357,0.7909895,-0.6253801,-0.5150613,-0.5861839,0.7185755,-0.67299724,-0.17528278
1356272074625,-0.26652324,-0.57561964,0.7730636,-0.628164,-0.50459003,-0.5922827,0.7310098,-0.64346784,-0.22709855
1356272074665,-0.22788566,-0.6006465,0.76634973,-0.63111985,-0.50822,-0.5860036,0.74145526,-0.6172003,-0.26326385
1356272074706,-0.19187182,-0.59198576,0.7827759,-0.63385993,-0.5341797,-0.55935115,0.7492709,-0.603494,-0.27274197
1356272074745,-0.15785813,-0.54751354,0.8217723,-0.63573045,-0.58044755,-0.50884914,0.75559753,-0.6027516,-0.2564427
1356272074785,-0.12472677,-0.4731785,0.8720925,-0.6378685,-0.6350041,-0.43576756,0.7599782,-0.61063224,-0.22262362
1356272074848,-0.09356189,-0.37976903,0.9203378,-0.6419222,-0.6835893,-0.34733498,0.7610401,-0.62328255,-0.1798242
1356272074867,-0.067468464,-0.28416973,0.9563972,-0.6484989,-0.71598506,-0.25848517,0.7582197,-0.6376622,-0.13597734
1356272074907,-0.0499956,-0.20285699,0.97793126,-0.6566311,-0.73111296,-0.18522783,0.752553,-0.6514007,-0.096649736
1356272074947,-0.043917835,-0.14775142,0.9880489,-0.6637683,-0.7348346,-0.13938999,0.7466476,-0.6619573,-0.06580031
1356272074987,-0.050500214,-0.12348732,0.9910604,-0.66628623,-0.7350528,-0.12553957,0.7439842,-0.6666696,-0.045157626
1356272075027,-0.070625246,-0.13126749,0.98882806,-0.6598174,-0.7373025,-0.14500362,0.7480997,-0.6626869,-0.034540415
1356272075066,-0.105285764,-0.17276967,0.9793189,-0.6411153,-0.7410189,-0.199655,0.76018816,-0.6488772,-0.03274654
1356272075105,-0.1548397,-0.24888664,0.95607543,-0.6109908,-0.73635465,-0.2906407,0.77634716,-0.629156,-0.038050517
1356272075145,-0.21562612,-0.34827638,0.9122549,-0.5755798,-0.7093474,-0.4068588,0.788805,-0.6128049,-0.047507077
1356272075185,-0.2777257,-0.44178504,0.85305,-0.54477423,-0.6589689,-0.51863366,0.7912581,-0.60875756,-0.05766046
1356272075223,-0.33165312,-0.5046677,0.7970675,-0.52635366,-0.60217434,-0.60028136,0.7829163,-0.6186247,-0.06592062
1356272075265,-0.37257075,-0.53357935,0.75926554,-0.5219773,-0.55598384,-0.6468553,0.76728797,-0.6373188,-0.071373075
1356272075305,-0.39915735,-0.53870714,0.7419353,-0.52759767,-0.52685225,-0.6663837,0.74987596,-0.65743536,-0.07392362
1356272075345,-0.4104696,-0.5274369,0.7438582,-0.5414303,-0.51541764,-0.66422737,0.73373556,-0.6753925,-0.074007064
1356272075385,-0.4054488,-0.50358313,0.7628993,-0.5639928,-0.5189835,-0.6423148,0.719391,-0.6906955,-0.07359603
1356272075425,-0.38498974,-0.47517693,0.7911953,-0.5928892,-0.52964896,-0.6065926,0.70729446,-0.70262295,-0.07781789
1356272075465,-0.3520342,-0.4571419,0.81675786,-0.62149215,-0.5383219,-0.5691724,0.6998711,-0.7079767,-0.094602436
1356272075505,-0.3131532,-0.46534452,0.8278826,-0.6423507,-0.5382981,-0.5455463,0.69951457,-0.7026305,-0.13034466
1356272075545,-0.2708391,-0.4961682,0.82490206,-0.65604573,-0.5319635,-0.5353681,0.70445037,-0.686172,-0.18143257
1356272075585,-0.22296834,-0.52388704,0.8220872,-0.667873,-0.53220147,-0.52029514,0.710092,-0.6650593,-0.23122591
1356272075625,-0.16671777,-0.5197182,0.837913,-0.6792801,-0.5554302,-0.4796623,0.71469134,-0.64914584,-0.26043418
1356272075665,-0.10177666,-0.46846223,0.8776016,-0.68724835,-0.60471845,-0.40249878,0.71925735,-0.64409524,-0.2604037
1356272075705,-0.03230077,-0.3720606,0.92764634,-0.68960816,-0.6635216,-0.2901376,0.72346205,-0.6490841,-0.23514378
1356272075745,0.033168495,-0.24638672,0.96860385,-0.68766004,-0.7089037,-0.15677804,0.7252748,-0.6608701,-0.19294363
1356272075785,0.08484846,-0.12004241,0.9891363,-0.68507767,-0.7278697,-0.029568642,0.72351176,-0.6751263,-0.14399706
1356272075849,0.11832017,-0.014068186,0.9928759,-0.68432605,-0.72568506,0.07126823,0.7195125,-0.68788326,-0.095490456
1356272075866,0.13369393,0.061374605,0.9891204,-0.6846946,-0.71584505,0.13696435,0.716463,-0.69555664,-0.053681307
1356272075906,0.13316661,0.104825646,0.9855345,-0.6835549,-0.71032184,0.16791564,0.71764857,-0.69602764,-0.022937067
1356272075947,0.117456675,0.11548111,0.9863407,-0.6778984,-0.71648884,0.16461313,0.7257119,-0.6879737,-0.0058718994
1356272075987,0.085256696,0.08940917,0.9923394,-0.6647475,-0.7367901,0.123496056,0.7421874,-0.6701839,-0.0033818185
1356272076027,0.031498432,0.015707403,0.99938035,-0.6428782,-0.7652875,0.03229034,0.76532054,-0.6434969,-0.014007419
1356272076066,-0.050577402,-0.118879795,0.99161965,-0.6116536,-0.78121173,-0.124852434,0.7895073,-0.61284244,-0.03320159
1356272076107,-0.15774757,-0.3027131,0.93993646,-0.56858486,-0.7503869,-0.33709174,0.8073581,-0.587609,-0.053746372
1356272076147,-0.26225644,-0.4708338,0.84234023,-0.5189851,-0.6670899,-0.5344582,0.8135576,-0.5773272,-0.069407135
1356272076185,-0.3374049,-0.5668305,0.7515724,-0.48361132,-0.5806037,-0.65499574,0.80763733,-0.5844677,-0.0782271
1356272076225,-0.3825878,-0.5988315,0.70358187,-0.47294444,-0.5272499,-0.70592576,0.79369396,-0.6028337,-0.08149463
1356272076265,-0.40432453,-0.5925783,0.696687,-0.48314133,-0.508396,-0.71281695,0.77659273,-0.6248076,-0.08074212
1356272076305,-0.40486324,-0.56128263,0.7218362,-0.5096917,-0.5168777,-0.68778753,0.7591443,-0.64637387,-0.07681626
1356272076345,-0.38376456,-0.5092119,0.77034277,-0.5499892,-0.5440758,-0.63363504,0.7417794,-0.6668469,-0.071264
1356272076385,-0.34363687,-0.4455258,0.82669246,-0.59720147,-0.5756971,-0.55850077,0.724751,-0.6856234,-0.06823784
1356272076425,-0.29281604,-0.39201275,0.8721151,-0.6393256,-0.59795713,-0.48343575,0.7110004,-0.69912326,-0.07553232
1356272076465,-0.2421813,-0.3735232,0.8954489,-0.6659082,-0.6072331,-0.43339843,0.70563054,-0.70124775,-0.101671726
1356272076505,-0.19542688,-0.3950759,0.8976209,-0.6758691,-0.6089597,-0.41517338,0.71063995,-0.6878103,-0.14801249
1356272076545,-0.14794302,-0.43288663,0.8892255,-0.6766261,-0.61145854,-0.41023833,0.7213112,-0.662365,-0.20244133
1356272076585,-0.09403998,-0.44966513,0.88823295,-0.675559,-0.62652445,-0.38869953,0.73128426,-0.63660705,-0.24485704
1356272076625,-0.0332672,-0.42096984,0.90646446,-0.6733091,-0.6608279,-0.33160448,0.7386124,-0.62136227,-0.26145896
1356272076665,0.029093206,-0.3449081,0.93818545,-0.66769755,-0.70517915,-0.23854187,0.7438638,-0.6194842,-0.25081024
1356272076705,0.08458668,-0.23766565,0.967657,-0.6598038,-0.7410793,-0.12434003,0.74666196,-0.62794626,-0.21949814
1356272076745,0.12603235,-0.12401116,0.9842444,-0.65399593,-0.75640976,-0.011560798,0.7459257,-0.6422348,-0.1764349
1356272076785,0.15073442,-0.025760412,0.9882386,-0.653254,-0.75289905,0.08001393,0.7419827,-0.65763164,-0.1303159
1356272076850,0.16007668,0.04688853,0.9859903,-0.6564231,-0.740945,0.14180651,0.73721373,-0.66992676,-0.08782926
1356272076866,0.15596348,0.09062949,0.9835963,-0.6600318,-0.7312736,0.17203784,0.7348697,-0.6760365,-0.054233678
1356272076906,0.13985336,0.105463415,0.98453975,-0.6601939,-0.7311133,0.1720967,0.73796,-0.67405546,-0.032622345
1356272076947,0.11144376,0.09022826,0.98966616,-0.65363127,-0.7434887,0.14138788,0.7485629,-0.66263354,-0.023881108
1356272076987,0.06966269,0.041161984,0.996721,-0.6384727,-0.7658579,0.076251954,0.76648533,-0.6416911,-0.02707094
1356272077027,0.012803674,-0.047021985,0.99881184,-0.6163011,-0.78697103,-0.029148638,0.78740656,-0.61519563,-0.039055884
1356272077067,-0.057400465,-0.16841921,0.98404276,-0.5915891,-0.78823894,-0.16941549,0.80419374,-0.59187347,-0.054389626
1356272077106,-0.13088971,-0.2932232,0.94704175,-0.56997585,-0.7593447,-0.3138842,0.81116927,-0.5808751,-0.0677398
1356272077145,-0.19399738,-0.38603476,0.9018549,-0.55745614,-0.7130865,-0.42514738,0.8072221,-0.58522207,-0.07686052
1356272077186,-0.23968023,-0.43610257,0.86739147,-0.5566065,-0.67029434,-0.49081028,0.79545116,-0.60043323,-0.0820812
1356272077225,-0.26720005,-0.45166907,0.8512339,-0.56568134,-0.6416152,-0.5180102,0.7801338,-0.6199395,-0.084061176
1356272077265,-0.27762157,-0.44205552,0.85294384,-0.5827548,-0.62835234,-0.515335,0.763756,-0.6401252,-0.083165765
1356272077305,-0.272532,-0.4138713,0.8685833,-0.6071998,-0.6262943,-0.48894167,0.74634767,-0.66065586,-0.0806174
1356272077345,-0.25451696,-0.3768373,0.890626,-0.6368913,-0.62771237,-0.44760096,0.72772974,-0.681154,-0.080240965
1356272077385,-0.22750002,-0.34746987,0.9096749,-0.6660326,-0.62596595,-0.40566882,0.7103832,-0.6981628,-0.08901891
1356272077425,-0.19464326,-0.34291726,0.9189787,-0.6871889,-0.6208644,-0.37722513,0.69991815,-0.70493627,-0.114801854
1356272077465,-0.15605634,-0.36755484,0.91681504,-0.69653434,-0.61716646,-0.36598563,0.7003473,-0.69570756,-0.15970182
1356272077505,-0.11085755,-0.40523404,0.9074669,-0.6969165,-0.61927235,-0.36167562,0.70853233,-0.672523,-0.21376333
1356272077545,-0.06145388,-0.42817277,0.9016049,-0.69379705,-0.6310684,-0.34698445,0.7175437,-0.6468544,-0.25828338
1356272077585,-0.013956666,-0.41754213,0.90855044,-0.6892061,-0.6542931,-0.31128043,0.724431,-0.6305229,-0.2786408
1356272077625,0.025429845,-0.37231213,0.9277591,-0.68290406,-0.68423283,-0.255866,0.7300653,-0.6270639,-0.27165338
1356272077665,0.052743137,-0.30357093,0.9513479,-0.6759651,-0.7120864,-0.18974783,0.7350438,-0.63307005,-0.24276102
1356272077705,0.066669464,-0.22596084,0.97185224,-0.6708729,-0.73113656,-0.123970985,0.7385693,-0.6437243,-0.2003355
1356272077745,0.06800914,-0.15235683,0.98598284,-0.66958916,-0.7396031,-0.068100005,0.73961145,-0.65557194,-0.15231626
1356272077785,0.05891949,-0.09253609,0.9939646,-0.6719247,-0.7400489,-0.029067159,0.73827213,-0.6661567,-0.10578063
1356272077851,0.04191166,-0.05217865,0.99775785,-0.6754298,-0.7373538,-0.01018858,0.7362322,-0.67348844,-0.06614667
1356272077866,0.018594503,-0.03445658,0.9992332,-0.67618537,-0.7366199,-0.012817919,0.73649675,-0.67542857,-0.03699605
1356272077906,-0.009973109,-0.040416926,0.9991331,-0.6698704,-0.74157125,-0.036684513,0.74241114,-0.6696555,-0.01967834
1356272077946,-0.042993903,-0.071356535,0.99652386,-0.65339637,-0.75255334,-0.08207694,0.75579405,-0.6546539,-0.014268875
1356272077987,-0.07978386,-0.12915061,0.9884101,-0.62684727,-0.7644708,-0.15048836,0.77504647,-0.63158876,-0.019965231
1356272078027,-0.119238555,-0.2113675,0.97010624,-0.5943082,-0.76750684,-0.2402731,0.795349,-0.6051918,-0.034101084
1356272078065,-0.15931427,-0.3044387,0.9391146,-0.5635017,-0.75303566,-0.33971047,0.8106077,-0.58331335,-0.05158247
1356272078105,-0.19707316,-0.3858163,0.90128124,-0.5431508,-0.72236466,-0.42799127,0.81617975,-0.5738772,-0.06719774
1356272078145,-0.22945035,-0.43897796,0.86870646,-0.538213,-0.6864264,-0.48902506,0.81097424,-0.5797561,-0.07876286
1356272078183,-0.25364453,-0.4629463,0.8493204,-0.5462334,-0.65608716,-0.52074826,0.7983067,-0.5960121,-0.08646387
1356272078225,-0.26740748,-0.46388072,0.8445755,-0.5622458,-0.6367008,-0.5277231,0.7825426,-0.6159762,-0.09055638
1356272078265,-0.26930225,-0.44691926,0.8530765,-0.5827531,-0.62960255,-0.5138088,0.7667301,-0.6355029,-0.09089029
1356272078305,-0.2596653,-0.41550744,0.87173814,-0.60711634,-0.63175875,-0.4819653,0.7509884,-0.6543962,-0.08821547
1356272078345,-0.23832971,-0.3764323,0.89526397,-0.6344552,-0.6375824,-0.43698415,0.7352995,-0.6721512,-0.086874545
1356272078385,-0.20627391,-0.34454954,0.91582566,-0.6603031,-0.641707,-0.39014322,0.72211546,-0.68519896,-0.09513965
1356272078426,-0.16356683,-0.335216,0.9278341,-0.6782854,-0.6447238,-0.35250556,0.7163622,-0.68699455,-0.12191668
1356272078465,-0.110033035,-0.35126457,0.92978805,-0.6849041,-0.6511162,-0.3270381,0.720277,-0.6728007,-0.16893822
1356272078505,-0.04803872,-0.37548655,0.92558205,-0.6824624,-0.6642871,-0.304906,0.7293403,-0.64632225,-0.22434399
1356272078545,0.015543759,-0.38149893,0.9242387,-0.6751884,-0.6857785,-0.27171424,0.7374816,-0.6198118,-0.26824328
1356272078585,0.07259458,-0.35339352,0.9326538,-0.6647775,-0.71425205,-0.21889456,0.74350584,-0.60411674,-0.28677893
1356272078625,0.11758059,-0.2921925,0.949104,-0.6522651,-0.7433909,-0.14805494,0.74881583,-0.60165894,-0.2779953
1356272078665,0.14805353,-0.21001628,0.966423,-0.640821,-0.76467264,-0.06800118,0.75327855,-0.60923636,-0.24779533
1356272078705,0.1642415,-0.1223017,0.97880894,-0.63471276,-0.77268404,0.0099565685,0.7550923,-0.62289786,-0.20453325
1356272078745,0.16832358,-0.042036206,0.9848351,-0.6361159,-0.7678467,0.07594767,0.75300986,-0.639253,-0.1559866
1356272078785,0.16341078,0.022108257,0.98631036,-0.6431507,-0.75571555,0.12349591,0.7481004,-0.6545267,-0.109273136
1356272078852,0.15169734,0.06844795,0.9860541,-0.6511087,-0.7436513,0.1517897,0.74367017,-0.66505456,-0.06824282
1356272078876,0.13239223,0.08895159,0.987198,-0.6549122,-0.7397463,0.1544846,0.7440177,-0.6669806,-0.039681196
1356272078906,0.10892618,0.09089744,0.9898852,-0.65396845,-0.74341214,0.14022696,0.748639,-0.6626281,-0.021532983
1356272078947,0.08681965,0.074135095,0.99346185,-0.6408769,-0.7593301,0.11267039,0.7627183,-0.64646876,-0.018413335
1356272078987,0.05998534,0.031484604,0.9977026,-0.6207438,-0.78155935,0.061985016,0.7817154,-0.6230359,-0.02733823
1356272079027,0.02821207,-0.034501314,0.99900633,-0.60075563,-0.7993618,-0.010641068,0.79893476,-0.5998585,-0.043278456
1356272079067,-0.008969605,-0.114091784,0.9934297,-0.5888405,-0.80235136,-0.09746373,0.80819947,-0.5858458,-0.059985086
1356272079105,-0.05064839,-0.19251332,0.97998637,-0.5886558,-0.7869276,-0.18501125,0.80679554,-0.5862452,-0.0734674
1356272079145,-0.09422809,-0.25876927,0.9613322,-0.5972603,-0.7578602,-0.2625416,0.79649305,-0.5989043,-0.08314091
1356272079186,-0.13674206,-0.30940586,0.9410471,-0.60896367,-0.7230159,-0.3262072,0.7813225,-0.6176697,-0.0895502
1356272079235,-0.17606676,-0.34345847,0.92251647,-0.62151057,-0.68795884,-0.37474954,0.7633643,-0.6393347,-0.09233639
1356272079275,-0.211065,-0.3663214,0.90623415,-0.6311523,-0.6568676,-0.41251898,0.74639034,-0.65904,-0.092562854
1356272079315,-0.23865181,-0.37981775,0.893747,-0.6400335,-0.63064563,-0.4389113,0.73034406,-0.67677504,-0.092591316
1356272079355,-0.2578928,-0.39393705,0.88221586,-0.6469603,-0.60776275,-0.46050712,0.7175888,-0.6895201,-0.09812406
1356272079395,-0.26938033,-0.42319906,0.8650646,-0.6476234,-0.5852147,-0.48796278,0.7127539,-0.6916837,-0.116428316
1356272079435,-0.27458775,-0.47487533,0.836119,-0.63985693,-0.5588372,-0.52752644,0.7177636,-0.67984885,-0.15040243
1356272079475,-0.27497804,-0.53732985,0.79728514,-0.62797874,-0.527552,-0.5721289,0.72803134,-0.65800107,-0.19236648
1356272079515,-0.27263927,-0.58701396,0.76228756,-0.6182349,-0.50018895,-0.60629743,0.7371929,-0.63657326,-0.22654128
1356272079555,-0.2704146,-0.6093623,0.7453546,-0.61161417,-0.48916465,-0.62180865,0.7435079,-0.62401557,-0.2404173
1356272079595,-0.27049327,-0.60430855,0.7494295,-0.6064051,-0.49766248,-0.6201653,0.7477341,-0.6222084,-0.2318415
1356272079635,-0.2741168,-0.57912195,0.7677746,-0.60178864,-0.519437,-0.6066595,0.7501403,-0.6283335,-0.20612264
1356272079675,-0.28213644,-0.5408997,0.7923551,-0.59853595,-0.5462221,-0.5860001,0.74976915,-0.639585,-0.16963878
1356272079715,-0.2963279,-0.5006868,0.81332797,-0.59534127,-0.5690596,-0.5672212,0.7468323,-0.65229124,-0.12945125
1356272079755,-0.31824744,-0.47021616,0.82317394,-0.58870244,-0.5825813,-0.5603824,0.7430666,-0.66294485,-0.091412425
1356272079795,-0.34961265,-0.46051535,0.81590235,-0.57359207,-0.5833631,-0.5750476,0.7407855,-0.669039,-0.060196877
1356272079853,-0.39095163,-0.47918254,0.7858377,-0.54437095,-0.5680703,-0.6172166,0.7421705,-0.6690891,-0.038764954
1356272079876,-0.43987656,-0.5291771,0.72558945,-0.4949836,-0.53128934,-0.68754834,0.74933285,-0.66159135,-0.028232217
1356272079916,-0.48950922,-0.606459,0.62656856,-0.42165694,-0.46432912,-0.7788478,0.76327336,-0.6454501,-0.028424263
1356272079956,-0.52810293,-0.6933414,0.49029082,-0.3312693,-0.36341667,-0.8707405,0.7819002,-0.62225884,-0.03776127
1356272079995,-0.5469801,-0.76476,0.34052148,-0.24369597,-0.24368876,-0.9387375,0.8008902,-0.5964544,-0.05307603
1356272080035,-0.5514705,-0.8066303,0.21266833,-0.17815596,-0.13517278,-0.9746737,0.8149483,-0.57539195,-0.06916219
1356272080075,-0.5551717,-0.82159555,0.12948033,-0.14008811,-0.06108409,-0.988253,0.8198534,-0.5667888,-0.08118361
1356272080115,-0.5663747,-0.8189767,0.092178464,-0.12448704,-0.025549948,-0.9918923,0.8146918,-0.57325774,-0.08748114
1356272080155,-0.58375263,-0.806882,0.09041089,-0.12509558,-0.020642877,-0.9919299,0.8022368,-0.5903517,-0.088886976
1356272080195,-0.60199153,-0.7900853,0.11563483,-0.13904765,-0.038878977,-0.9895222,0.7863027,-0.61176276,-0.08645469
1356272080235,-0.6167554,-0.7692528,0.16692159,-0.16831854,-0.07826966,-0.9826203,0.7689483,-0.63413244,-0.08120632
1356272080275,-0.6239217,-0.7414335,0.24697754,-0.21823552,-0.13815802,-0.966067,0.7503965,-0.65664953,-0.0756073
1356272080315,-0.61646825,-0.7051449,0.35033932,-0.29027852,-0.21006942,-0.9336001,0.73191893,-0.6772308,-0.075187266
1356272080355,-0.5876651,-0.6690076,0.45505902,-0.37307984,-0.27501005,-0.8861044,0.7179563,-0.6905059,-0.087979496
1356272080395,-0.5395459,-0.6501676,0.53495085,-0.44724727,-0.31699115,-0.8363531,0.71334434,-0.69050616,-0.119754374
1356272080435,-0.48056692,-0.6537186,0.5845574,-0.5039222,-0.33968538,-0.79415125,0.71771705,-0.6762143,-0.1661818
1356272080475,-0.41770244,-0.665333,0.6187542,-0.5458041,-0.3606959,-0.75630444,0.72637635,-0.65362877,-0.21247786
1356272080515,-0.35346723,-0.66195285,0.6609685,-0.5784347,-0.4006378,-0.71056503,0.7351695,-0.6334886,-0.24128419
1356272080555,-0.28989375,-0.6296738,0.7207444,-0.602972,-0.4646604,-0.6484716,0.743227,-0.6225766,-0.24497342
1356272080595,-0.22837323,-0.5637652,0.79373443,-0.6210403,-0.5435059,-0.56472135,0.7497697,-0.6219083,-0.22599867
1356272080635,-0.17193812,-0.4688251,0.866395,-0.6350819,-0.6195757,-0.46129924,0.75306594,-0.6295467,-0.19121373
1356272080675,-0.12540925,-0.36005247,0.9244646,-0.6470878,-0.676649,-0.3513168,0.7520305,-0.6422681,-0.14812756
1356272080715,-0.09311718,-0.2572818,0.96183956,-0.6577718,-0.70930845,-0.2534123,0.74743927,-0.656268,-0.10318397
1356272080755,-0.07804614,-0.17962913,0.98063356,-0.6657699,-0.72276187,-0.18538001,0.7420642,-0.66734445,-0.063182905
1356272080795,-0.08053774,-0.13687217,0.98730934,-0.6683537,-0.7274373,-0.15536529,0.73947084,-0.67238456,-0.032892853
1356272080853,-0.10049367,-0.13336575,0.9859588,-0.6610469,-0.7316733,-0.16634691,0.74358463,-0.66848177,-0.014632538
1356272080876,-0.13935292,-0.17408289,0.974821,-0.6385017,-0.7366571,-0.22282706,0.7568991,-0.6534764,-0.008496851
1356272080917,-0.19823492,-0.26610446,0.9433405,-0.59583974,-0.731471,-0.3315494,0.778253,-0.62780446,-0.013552472
1356272080957,-0.2738102,-0.40566537,0.8720456,-0.53262824,-0.69100815,-0.48868677,0.800834,-0.5982835,-0.026863694
1356272080997,-0.34976315,-0.5533637,0.755946,-0.45932183,-0.60198057,-0.653179,0.8165104,-0.57568043,-0.04362139
1356272081037,-0.40983093,-0.6567627,0.63300973,-0.39841795,-0.49538213,-0.7719195,0.82054967,-0.56855893,-0.058643162
1356272081083,-0.4538507,-0.70496106,0.5450225,-0.36351636,-0.4119559,-0.8355527,0.81355727,-0.5773407,-0.06929839
1356272081115,-0.48728853,-0.7172509,0.49809736,-0.350949,-0.36145407,-0.8638204,0.7996153,-0.59573656,-0.07558608
1356272081152,-0.5118929,-0.7111675,0.48187804,-0.35285753,-0.337372,-0.87273806,0.7832351,-0.6167827,-0.07824248
1356272081195,-0.527065,-0.69419175,0.49020424,-0.36636788,-0.33486277,-0.86812526,0.7667966,-0.63715357,-0.07783508
1356272081235,-0.5310167,-0.66796917,0.5213814,-0.39275414,-0.3511938,-0.8499453,0.75084317,-0.6561098,-0.07585788
1356272081275,-0.52193135,-0.6345823,0.5699938,-0.43208054,-0.3794678,-0.81811404,0.735455,-0.6732826,-0.07613444
1356272081315,-0.499951,-0.60417193,0.620504,-0.47709838,-0.40581858,-0.77954376,0.7227905,-0.68577516,-0.08536005
1356272081355,-0.47035778,-0.59432334,0.65233684,-0.51434773,-0.41604072,-0.7499043,0.7170843,-0.68825126,-0.11000091
1356272081395,-0.4396507,-0.6130602,0.6564027,-0.53642553,-0.40693682,-0.73935795,0.7203853,-0.6771704,-0.1499511
1356272081435,-0.4092396,-0.64577764,0.6445884,-0.54843706,-0.3904965,-0.7394115,0.72920495,-0.65611255,-0.19436175
1356272081475,-0.3771296,-0.6678112,0.64171755,-0.5591336,-0.3881979,-0.732579,0.7383379,-0.6350831,-0.22699481
1356272081515,-0.34167844,-0.663319,0.66578054,-0.5719569,-0.41535723,-0.7073498,0.7457353,-0.62248397,-0.23747116
1356272081555,-0.30193448,-0.62743837,0.71774423,-0.5867792,-0.47105783,-0.65863097,0.75134933,-0.62002075,-0.22593921
1356272081595,-0.25784218,-0.56040466,0.7870604,-0.60289884,-0.54323244,-0.58430433,0.7550036,-0.6251761,-0.19779912
1356272081635,-0.21301919,-0.4711764,0.8559298,-0.6186333,-0.6130231,-0.49142203,0.75625116,-0.6341889,-0.16089967
1356272081675,-0.174268,-0.37635761,0.90993714,-0.63208,-0.6658151,-0.39644048,0.7550534,-0.64423996,-0.12185785
1356272081715,-0.15075248,-0.29836032,0.9424727,-0.64134216,-0.695992,-0.3229169,0.7522991,-0.653128,-0.08642849
1356272081755,-0.1505872,-0.25656998,0.9547226,-0.6440359,-0.70722246,-0.29164037,0.7500275,-0.658793,-0.05874157
1356272081795,-0.17982697,-0.26396894,0.9476195,-0.6347216,-0.7048234,-0.31678486,0.7515257,-0.65844095,-0.04080057
1356272081854,-0.24396145,-0.33255106,0.9109844,-0.6017918,-0.6847144,-0.4111118,0.7604798,-0.6485183,-0.033082664
1356272081877,-0.3446467,-0.47098446,0.8120298,-0.5265875,-0.61911064,-0.5825871,0.77712566,-0.6283914,-0.034640133
1356272081917,-0.45477694,-0.64590645,0.6131744,-0.3976754,-0.4687693,-0.78873926,0.7968891,-0.6025447,-0.0436756
1356272081956,-0.52291644,-0.7663993,0.3730823,-0.25974065,-0.27360612,-0.92610717,0.81184554,-0.5811813,-0.055991948
1356272081997,-0.549754,-0.8070605,0.21546218,-0.17791286,-0.13889158,-0.9741951,0.8161602,-0.5739012,-0.067230225
1356272082037,-0.56642616,-0.80751956,0.16454074,-0.15636727,-0.09072131,-0.9835237,0.809142,-0.5828223,-0.074882686
1356272082077,-0.58158904,-0.791538,0.18767452,-0.17556801,-0.10313386,-0.9790502,0.79431105,-0.6023546,-0.07898724
1356272082115,-0.58957374,-0.76557285,0.25749,-0.22228634,-0.152691,-0.9629508,0.7765254,-0.624967,-0.08015382
1356272082155,-0.5814032,-0.7271545,0.36498845,-0.29331395,-0.23110908,-0.9276613,0.7589053,-0.6464015,-0.07891703
1356272082196,-0.5460797,-0.6671836,0.5066192,-0.388462,-0.33413327,-0.8587504,0.74222255,-0.6657484,-0.07671207
1356272082235,-0.47537148,-0.5811515,0.66051865,-0.49560165,-0.44342738,-0.74682736,0.7269119,-0.6823746,-0.07722694
