1356272145172,0.015713334,-0.9665919,-0.255838,-0.06344968,0.25439,-0.96501803,0.99786127,0.03139645,-0.057332635
1356272145335,-0.060605288,0.21560042,-0.9745991,-0.020129189,0.9759314,0.21714687,0.9979588,0.032778144,-0.05480671
1356272145376,-0.058792144,0.20834231,-0.97628725,-0.022040874,0.9774696,0.20992194,0.99802685,0.033860013,-0.05287552
1356272145415,-0.057026297,0.20319507,-0.97747624,-0.023962699,0.9785089,0.2048077,0.998085,0.035102405,-0.050931633
1356272145455,-0.055200517,0.19771752,-0.9787036,-0.026365384,0.97956765,0.19937913,0.9981272,0.036809728,-0.048859775
1356272145495,-0.053533465,0.1905078,-0.98022497,-0.02932825,0.9809091,0.1922425,0.9981353,0.03903968,-0.046924233
1356272145535,-0.05235204,0.1812183,-0.98204845,-0.032606326,0.9825624,0.18305135,0.99809617,0.04160411,-0.04553032
1356272145575,-0.051850647,0.17034417,-0.9840195,-0.03587658,0.9843911,0.17229897,0.9980103,0.04423707,-0.04492998
1356272145615,-0.051960588,0.15882134,-0.9859391,-0.038922913,0.9862005,0.16091475,0.9978903,0.046736863,-0.045061767
1356272145656,-0.05243051,0.14762232,-0.9876531,-0.041611396,0.9878315,0.14985797,0.99775726,0.048954766,-0.045649767
1356272145695,-0.053096324,0.13730168,-0.9891052,-0.04379062,0.9892293,0.13966966,0.9976288,0.050729465,-0.046511948
1356272145735,-0.05407387,0.12784988,-0.99031836,-0.045283295,0.990435,0.1303375,0.99750966,0.051892735,-0.047767222
1356272145776,-0.05557406,0.1191659,-0.99131787,-0.04600643,0.99149203,0.121765986,0.9973941,0.052374016,-0.04961884
1356272145814,-0.057739228,0.11140752,-0.992096,-0.046050984,0.99239886,0.11412166,0.997269,0.0522763,-0.05216992
1356272145855,-0.060680956,0.10480642,-0.9926396,-0.04566449,0.9931395,0.10765071,0.9971121,0.051860735,-0.055478692
1356272145895,-0.06434539,0.09966218,-0.9929386,-0.045156308,0.9936906,0.10266392,0.9969055,0.051443398,-0.059439063
1356272145935,-0.06833294,0.09643699,-0.99299073,-0.044817273,0.9940157,0.09962064,0.99665546,0.051310495,-0.06360197
1356272145974,-0.07215735,0.095390186,-0.9928213,-0.04483913,0.9940993,0.098771855,0.9963849,0.051644355,-0.0674544
1356272146015,-0.075338185,0.09087916,-0.99300814,-0.045718294,0.99447626,0.094482094,0.9961095,0.05251674,-0.070767164
1356272146055,-0.07839358,0.09805161,-0.99208885,-0.046206325,0.9937246,0.10186444,0.9958511,0.053826302,-0.07337105
1356272146095,-0.08034259,0.1040673,-0.99131984,-0.047014065,0.9930324,0.10805738,0.995658,0.055287585,-0.07489014
1356272146135,-0.08096096,0.109547645,-0.9906789,-0.047790676,0.9923719,0.113640435,0.9955709,0.056545652,-0.07510799
1356272146208,-0.08055091,0.11442591,-0.99016076,-0.048386317,0.9917687,0.11854803,0.99557537,0.057459377,-0.07435119
1356272146216,-0.08047217,0.11709073,-0.9898556,-0.04899506,0.99141115,0.121257894,0.995552,0.05825592,-0.07404411
1356272146256,-0.081931055,0.1169012,-0.98975825,-0.050125457,0.9913569,0.121239334,0.9953767,0.059545353,-0.07536316
1356272146295,-0.08522159,0.11455231,-0.98975503,-0.052275814,0.99148667,0.11925386,0.99498975,0.06190325,-0.07850772
1356272146335,-0.090378255,0.1116976,-0.9896239,-0.05585833,0.9915578,0.11701719,0.9943398,0.06585454,-0.08337605
1356272146375,-0.09699154,0.11128159,-0.98904455,-0.060598344,0.99122584,0.11746966,0.9934387,0.07132802,-0.08939707
1356272146416,-0.10498145,0.11522776,-0.98777604,-0.065877095,0.9902772,0.12252098,0.9922899,0.077934235,-0.09636986
1356272146455,-0.11475974,0.12417326,-0.9856019,-0.07092527,0.9886007,0.13280934,0.9908581,0.08514525,-0.10464454
1356272146496,-0.12722912,0.13627589,-0.9824671,-0.075368576,0.9863248,0.14657117,0.98900574,0.092695266,-0.11521828
1356272146535,-0.14271718,0.15043178,-0.97826487,-0.078595676,0.9835388,0.16270894,0.986638,0.10010874,-0.12854457
1356272146575,-0.16018558,0.16660552,-0.9729251,-0.08015433,0.9802024,0.18104856,0.9838272,0.106985524,-0.14366013
1356272146615,-0.17796326,0.18526837,-0.9664392,-0.08044389,0.9760903,0.20193173,0.98074347,0.11368056,-0.15880454
1356272146655,-0.19540173,0.20541957,-0.9589687,-0.08073309,0.97112983,0.22447497,0.97739464,0.12128332,-0.17317629
1356272146695,-0.21332195,0.22426555,-0.95089364,-0.08234144,0.9657069,0.24623157,0.97350585,0.13082455,-0.18754017
1356272146735,-0.23315781,0.2381313,-0.9428314,-0.08615081,0.9606827,0.26394472,0.9686153,0.14276645,-0.20347548
1356272146775,-0.2557806,0.24440598,-0.93533,-0.09237188,0.9569088,0.27530518,0.9623117,0.1568159,-0.22218251
1356272146815,-0.2811817,0.24175593,-0.92870384,-0.10099559,0.9549191,0.27915838,0.95432526,0.17228922,-0.24408948
1356272146855,-0.3085894,0.23014024,-0.9229345,-0.111828245,0.9547824,0.27547225,0.94459885,0.18821795,-0.26889956
1356272146895,-0.33702675,0.21008274,-0.91775715,-0.1244567,0.95629144,0.26460767,0.9332328,0.2034009,-0.2961496
1356272146935,-0.3656828,0.18225043,-0.9127217,-0.13832666,0.95910877,0.24693361,0.92040306,0.21655312,-0.32551944
1356272146975,-0.39273122,0.14958164,-0.90740705,-0.15181965,0.9626009,0.22438855,0.90703523,0.2258866,-0.35533404
1356272147015,-0.41477048,0.11886357,-0.90212905,-0.16121264,0.9661474,0.20141906,0.89553106,0.2289773,-0.38156712
1356272147055,-0.42689708,0.100877196,-0.898656,-0.16131279,0.9693246,0.18543993,0.889796,0.22412847,-0.39752907
1356272147095,-0.42511326,0.10494664,-0.89903545,-0.14913741,0.9715589,0.18393281,0.8927691,0.21227211,-0.3973711
1356272147135,-0.4066102,0.13638629,-0.9033641,-0.12475242,0.9712438,0.20278637,0.90504414,0.19515188,-0.3779031
1356272147207,-0.3639124,0.20467126,-0.9086679,-0.088409744,0.9635642,0.2524435,0.92722785,0.17220244,-0.33255804
1356272147216,-0.31617773,0.27160016,-0.9089912,-0.059746683,0.9505415,0.304797,0.9468168,0.1506792,-0.28431284
1356272147242,-0.26681507,0.33489287,-0.90369046,-0.03939788,0.9331096,0.35742736,0.9629421,0.1309705,-0.23577362
1356272147286,-0.21084568,0.40134662,-0.8913276,-0.02689688,0.90909886,0.41571116,0.97714925,0.11162485,-0.1808846
1356272147325,-0.15523562,0.45847154,-0.87504613,-0.024428487,0.88373166,0.4673559,0.9875754,0.093926355,-0.12598687
1356272147384,-0.10527021,0.5012753,-0.85886043,-0.02957666,0.8616989,0.50655717,0.9940037,0.0787276,-0.07588518
1356272147405,-0.06504742,0.52642363,-0.84773046,-0.038617507,0.84756523,0.52928424,0.9971346,0.06716582,-0.034802794
1356272147446,-0.03771004,0.53184235,-0.84600335,-0.048647746,0.84462464,0.5331441,0.9981039,0.061261028,-0.005977869
1356272147483,-0.02517759,0.5162333,-0.8560778,-0.059304804,0.85406977,0.5167666,0.9979223,0.06378047,0.009111702
1356272147526,-0.027941234,0.47917894,-0.8772724,-0.07293746,0.8742984,0.47987753,0.9969451,0.07739435,0.010521114
1356272147565,-0.042792708,0.4237082,-0.9047873,-0.09193635,0.9001044,0.42586344,0.9948449,0.10140669,4.362464E-4
1356272147605,-0.06481749,0.35699108,-0.9318563,-0.11665339,0.9247068,0.36236623,0.99105537,0.13219184,-0.018292964
1356272147645,-0.08568221,0.29186386,-0.9526143,-0.14157929,0.94286096,0.30160987,0.9862119,0.16071305,-0.039464533
1356272147685,-0.099326015,0.24103394,-0.9654206,-0.1578578,0.9541148,0.25445223,0.9824537,0.17767288,-0.056719303
1356272147725,-0.104391456,0.21103613,-0.97188795,-0.1595939,0.9610083,0.22581588,0.98164773,0.17868064,-0.06664097
1356272147765,-0.10324499,0.20250483,-0.9738235,-0.14791997,0.9650427,0.21636139,0.98359543,0.16638617,-0.06968129
1356272147805,-0.09877819,0.21416451,-0.9717903,-0.12824242,0.96568316,0.22585386,0.9868114,0.14693418,-0.06792343
1356272147845,-0.09263161,0.24528621,-0.96501505,-0.10529937,0.961334,0.25445825,0.99011683,0.12518638,-0.063221455
1356272147885,-0.08524901,0.29490733,-0.9517154,-0.08081164,0.94999915,0.30161414,0.9930771,0.102622,-0.057154536
1356272147925,-0.07799572,0.35902733,-0.93006235,-0.055332094,0.92990744,0.3636077,0.99541694,0.07982215,-0.05266303
1356272147965,-0.07575607,0.42708293,-0.9010333,-0.029893875,0.9022511,0.43017352,0.9966781,0.059523627,-0.055583835
1356272148005,-0.0873412,0.4834106,-0.8710256,-0.004889533,0.87414855,0.48563403,0.9961664,0.046674788,-0.07398552
1356272148045,-0.119482726,0.5153424,-0.8486142,0.02011685,0.8558184,0.516885,0.9926325,0.044687375,-0.11262262
1356272148085,-0.16823274,0.5217738,-0.83633107,0.043154016,0.85150844,0.522562,0.9848022,0.05182101,-0.16576827
1356272148125,-0.21609402,0.5170987,-0.82819813,0.060636744,0.8537101,0.5172062,0.97448784,0.06154594,-0.21583682
1356272148165,-0.24406749,0.52065855,-0.8181355,0.07232796,0.8510725,0.5200426,0.9670572,0.06775142,-0.2453773
1356272148210,-0.24412844,0.5418964,-0.80420744,0.07931857,0.83767915,0.5403723,0.9664936,0.06813164,-0.24748373
1356272148246,-0.2205813,0.575875,-0.7872178,0.07996149,0.8150578,0.57383525,0.9720854,0.06363019,-0.22583431
1356272148286,-0.18279693,0.61247355,-0.7690654,0.07220137,0.7884963,0.6107868,0.9804959,0.056122363,-0.18835616
1356272148316,-0.14605042,0.63848937,-0.75564575,0.058956474,0.7680962,0.6376145,0.9875188,0.048573673,-0.1498239
1356272148346,-0.111716695,0.65781724,-0.74484617,0.04266283,0.752022,0.65775585,0.9928239,0.041705072,-0.11207777
1356272148386,-0.079292685,0.6718082,-0.736469,0.022456467,0.7398114,0.67243946,0.9965984,0.036781043,-0.07374805
1356272148426,-0.05485335,0.6741586,-0.736547,0.0012494624,0.7377032,0.675124,0.9984937,0.036112487,-0.041307867
1356272148456,-0.039574087,0.6663457,-0.74459195,-0.017572016,0.7445964,0.66728354,0.99906206,0.039491147,-0.017757654
1356272148496,-0.04088275,0.64714503,-0.7612699,-0.03611192,0.7604521,0.6483891,0.9985111,0.053998858,-0.007719755
1356272148526,-0.05150996,0.61884636,-0.78382134,-0.054587364,0.7819452,0.62095237,0.9971795,0.07477197,-0.006496787
1356272148556,-0.07116164,0.58479285,-0.8080553,-0.07444802,0.8047356,0.5889466,0.99468255,0.10206851,-0.013729632
1356272148586,-0.09649054,0.54713213,-0.83146614,-0.095802605,0.8263802,0.5549032,0.9907126,0.13319953,-0.02732122
1356272148626,-0.1273843,0.506053,-0.85304374,-0.11873388,0.84608537,0.51965547,0.984721,0.16748117,-0.04769236
1356272148656,-0.1504556,0.47288507,-0.8681837,-0.13675945,0.85978144,0.49200886,0.97911185,0.19275779,-0.06468743
1356272148696,-0.1606367,0.45435005,-0.8762203,-0.14229983,0.86781335,0.4760785,0.9767019,0.20116168,-0.074748755
1356272148736,-0.158261,0.4534492,-0.87711877,-0.13386929,0.8702581,0.47405684,0.97828037,0.19244398,-0.077025
1356272148776,-0.14753029,0.4675225,-0.87158334,-0.115759805,0.8670075,0.48466232,0.98225987,0.17239669,-0.0737896
1356272148816,-0.13248399,0.49317688,-0.8597817,-0.093909085,0.8572805,0.50621265,0.98672646,0.14780636,-0.06726217
1356272148846,-0.11740258,0.52599216,-0.8423472,-0.073749036,0.84125316,0.5355878,0.9903422,0.12500171,-0.059973836
1356272148887,-0.09904382,0.56168115,-0.82140416,-0.05434671,0.8211775,0.56807923,0.9935979,0.10090533,-0.050807
1356272148927,-0.08108715,0.60139287,-0.794828,-0.03463021,0.7952725,0.60526216,0.99610525,0.07660407,-0.043660045
1356272148967,-0.07127452,0.6358894,-0.76848197,-0.01339221,0.7697619,0.63819057,0.9973668,0.055778384,-0.046348453
1356272149007,-0.08047666,0.6558646,-0.7505765,0.011015743,0.7535582,0.6572889,0.99669564,0.044628292,-0.06786865
1356272149047,-0.11487654,0.6553871,-0.74650604,0.037769675,0.7538192,0.6559955,0.99266154,0.04716316,-0.11134988
1356272149087,-0.16575736,0.63627046,-0.75344837,0.06084323,0.76916003,0.6361532,0.98428786,0.059604883,-0.16620666
1356272149126,-0.2113415,0.6091889,-0.7643451,0.0737524,0.78971887,0.6090194,0.97462565,0.07233879,-0.21182954
1356272149165,-0.23291454,0.5868647,-0.7754616,0.07559505,0.8059051,0.58719873,0.9695547,0.0781461,-0.23207104
1356272149218,-0.22676206,0.57407993,-0.7867726,0.06876361,0.81523705,0.5750305,0.9715197,0.07629381,-0.22434068
1356272149246,-0.1997605,0.5684608,-0.7980903,0.05535227,0.819753,0.5700361,0.9782801,0.06969458,-0.19521987
1356272149286,-0.16184318,0.56528413,-0.8088639,0.037791997,0.82261914,0.5673355,0.98609257,0.061250806,-0.15449852
1356272149327,-0.12113196,0.56158483,-0.81850445,0.019215286,0.8257484,0.5637113,0.9924505,0.05255565,-0.110815525
1356272149367,-0.084564276,0.55506444,-0.8274976,0.002081275,0.83056897,0.5569119,0.99641585,0.045372605,-0.0713917
1356272149406,-0.05768936,0.5439221,-0.8371503,-0.013186455,0.83805853,0.54542094,0.99824744,0.042504072,-0.04117465
1356272149447,-0.044833608,0.5260774,-0.8492541,-0.028374478,0.84909534,0.52747697,0.99859136,0.04774581,-0.023140848
1356272149487,-0.048458092,0.49973565,-0.86482143,-0.047179237,0.863727,0.5017468,0.99771035,0.06511533,-0.018277407
1356272149527,-0.06779612,0.46455377,-0.8829459,-0.07329376,0.8802718,0.46877456,0.99500334,0.09649551,-0.025630116
1356272149567,-0.09716025,0.42358208,-0.9006321,-0.1065349,0.8952881,0.4325617,0.98955053,0.13797654,-0.041860104
1356272149607,-0.12644678,0.38417077,-0.9145623,-0.13988088,0.90584457,0.3998487,0.98206145,0.17848933,-0.060802996
1356272149646,-0.14610505,0.35498703,-0.92338383,-0.16227406,0.91215676,0.37634718,0.9758692,0.20482744,-0.07566553
1356272149685,-0.15271732,0.3409839,-0.9275814,-0.16678688,0.91623545,0.3642729,0.97409415,0.21033919,-0.08305341
1356272149725,-0.14901525,0.34224552,-0.92771894,-0.15504944,0.9185018,0.3637501,0.9766033,0.19804662,-0.0838058
1356272149765,-0.13918203,0.3572017,-0.92359906,-0.1334146,0.91740984,0.37491298,0.9812384,0.17540278,-0.08003104
1356272149805,-0.12522838,0.38532326,-0.91424495,-0.10717496,0.9108527,0.39857376,0.9863221,0.14789693,-0.072767556
1356272149845,-0.10727611,0.4264773,-0.89811414,-0.07858665,0.89686346,0.43527025,0.9911186,0.11727387,-0.062696576
1356272149885,-0.08668929,0.4779496,-0.87409914,-0.048444122,0.8743418,0.48288676,0.99505687,0.084206074,-0.052642226
1356272149925,-0.06970825,0.53179765,-0.8439976,-0.017816305,0.8452571,0.53406274,0.9974083,0.052265495,-0.04944676
1356272149965,-0.067737274,0.575657,-0.8148808,0.012665212,0.817187,0.57623345,0.9976228,0.028711855,-0.06264484
1356272150005,-0.090242624,0.5989395,-0.7956933,0.043013453,0.8005516,0.5977182,0.99499047,0.019714177,-0.09800631
1356272150045,-0.13302088,0.60061145,-0.78839797,0.070433944,0.79918444,0.5969449,0.98860735,0.02387616,-0.14861166
1356272150085,-0.17625031,0.59215194,-0.7863154,0.08949214,0.8051519,0.5862777,0.9802688,0.03296262,-0.19490123
1356272150125,-0.19982424,0.5892856,-0.78282356,0.09772277,0.8069391,0.58249426,0.9749464,0.039896786,-0.21883261
1356272150165,-0.19699413,0.59952974,-0.7757303,0.09512037,0.79918957,0.593505,0.9757795,0.043129176,-0.21446317
1356272150207,-0.17398596,0.6186936,-0.7661248,0.0822455,0.784402,0.61477566,0.98130757,0.043952018,-0.18735969
1356272150246,-0.14250678,0.63789773,-0.7568212,0.06271714,0.768908,0.6362759,0.98780483,0.043207943,-0.14958173
1356272150304,-0.1083481,0.65446323,-0.74829036,0.039768934,0.7549727,0.65454924,0.9933172,0.041160464,-0.10782713
1356272150325,-0.07808171,0.66399604,-0.74364805,0.016498327,0.7466839,0.6649744,0.99681044,0.03965336,-0.0692572
1356272150365,-0.05643736,0.6642675,-0.7453613,-0.005398512,0.7463373,0.665546,0.9983915,0.041585505,-0.038535237
1356272150403,-0.047153935,0.6528533,-0.75601524,-0.025506377,0.7558234,0.6542785,0.9985619,0.050135046,-0.018988132
1356272150445,-0.053152964,0.6274518,-0.7768392,-0.04587567,0.77558315,0.6295762,0.99753207,0.06910181,-0.012439787
1356272150485,-0.07427162,0.58696645,-0.8061972,-0.06999612,0.80336785,0.5913549,0.99477845,0.10035159,-0.018582046
1356272150525,-0.105382174,0.5345019,-0.8385716,-0.09938769,0.8333838,0.54368514,0.9894528,0.1406384,-0.03470087
1356272150565,-0.13628948,0.4793691,-0.86696625,-0.12999924,0.8589106,0.49535114,0.9821025,0.18021612,-0.054742873
1356272150605,-0.15680075,0.43378466,-0.88726795,-0.15280701,0.876907,0.45572373,0.97573745,0.20703861,-0.07121432
1356272150645,-0.1630454,0.4052039,-0.89956987,-0.16047981,0.8887365,0.4294108,0.9734795,0.2143763,-0.07987738
1356272150685,-0.15791479,0.3937108,-0.90556884,-0.1530019,0.89624405,0.4163375,0.9755273,0.20429955,-0.081291735
1356272150725,-0.14638099,0.39641637,-0.90632594,-0.1356848,0.8994897,0.41534078,0.97987866,0.18377268,-0.0778805
1356272150765,-0.1313456,0.41196924,-0.90168154,-0.11353235,0.89732575,0.42651713,0.98481405,0.1583912,-0.07108796
1356272150805,-0.113304965,0.44071054,-0.8904697,-0.08863968,0.88818365,0.45085788,0.9895984,0.13001539,-0.06157118
1356272150845,-0.09313017,0.48136958,-0.87155616,-0.061511368,0.8709067,0.4875837,0.9937521,0.09901935,-0.051497996
1356272150885,-0.07535985,0.52751225,-0.8461983,-0.03280182,0.84684074,0.53083396,0.9966167,0.06776045,-0.04651445
1356272150925,-0.07031593,0.56700313,-0.820709,-0.0042206347,0.822569,0.56864977,0.9975159,0.043449014,-0.055446565
1356272150965,-0.08979889,0.5847023,-0.8062627,0.022829235,0.81052893,0.5852536,0.9956983,0.034148753,-0.086132884
1356272151005,-0.13549846,0.57316655,-0.8081586,0.045140922,0.81840545,0.5728654,0.98974866,0.04114133,-0.13676596
1356272151045,-0.1908648,0.5413821,-0.8188261,0.057509273,0.8388953,0.5412461,0.9799303,0.056214705,-0.19125009
1356272151085,-0.2316235,0.5123086,-0.8269767,0.059988752,0.85599875,0.51348567,0.9709541,0.069326,-0.22900218
1356272151125,-0.2445651,0.50465006,-0.8279591,0.057529464,0.85993695,0.50714767,0.9679248,0.07639857,-0.23934281
1356272151165,-0.23173451,0.51987684,-0.8222087,0.05206962,0.8506336,0.52317417,0.97138447,0.07842542,-0.22419095
1356272151208,-0.2008881,0.5497352,-0.8108237,0.042693853,0.83182377,0.5533954,0.97868335,0.07655336,-0.19057381
1356272151246,-0.16257107,0.5811322,-0.79740584,0.030076385,0.81069994,0.58468884,0.98623836,0.07107043,-0.1492747
1356272151287,-0.12144622,0.6101353,-0.7829339,0.015810639,0.78986144,0.6130814,0.992472,0.06207776,-0.10557234
1356272151327,-0.08466846,0.6285833,-0.77311987,5.8588386E-4,0.77593726,0.6308098,0.996409,0.05295679,-0.06606567
1356272151367,-0.05882799,0.63064635,-0.77383757,-0.015397847,0.77451456,0.6323687,0.9981494,0.049116403,-0.03585255
1356272151407,-0.049400307,0.6105814,-0.7904113,-0.03363332,0.7899117,0.6122976,0.99821264,0.056831837,-0.018485963
1356272151447,-0.058666654,0.5642984,-0.82348377,-0.0581294,0.82157385,0.5671308,0.99658376,0.08114031,-0.015396655
1356272151487,-0.08266851,0.4937958,-0.86563945,-0.092853546,0.8610176,0.5000268,0.992242,0.121714145,-0.025328398
1356272151527,-0.11113942,0.41164067,-0.9045441,-0.13548395,0.8954092,0.4241302,0.9845264,0.16968878,-0.043744564
1356272151567,-0.13305217,0.33692047,-0.9320846,-0.17442742,0.91780704,0.35665855,0.9756394,0.2100353,-0.063348055
1356272151607,-0.14320189,0.28360757,-0.94818777,-0.19637457,0.93087065,0.30808577,0.9700156,0.2303184,-0.07760912
1356272151647,-0.14281335,0.25527996,-0.95626175,-0.19646284,0.93962824,0.2801804,0.970055,0.2278834,-0.08403844
1356272151685,-0.13600537,0.24925597,-0.95884,-0.1796426,0.9455843,0.27129126,0.974285,0.20914556,-0.083827555
1356272151725,-0.1254071,0.26352793,-0.9564655,-0.15277666,0.9474473,0.28107458,0.9802716,0.18137436,-0.0785557
1356272151765,-0.11193183,0.29821992,-0.94791144,-0.121203154,0.9426868,0.31088817,0.9862966,0.14968812,-0.06937146
1356272151805,-0.095214576,0.35290882,-0.9308004,-0.08688155,0.9285344,0.36093703,0.99165803,0.11523587,-0.057748735
1356272151845,-0.07727113,0.42244714,-0.9030878,-0.051158562,0.90292275,0.42674726,0.9956967,0.079175904,-0.04815811
1356272151885,-0.06572965,0.49229532,-0.867943,-0.015968576,0.8691937,0.494214,0.9977097,0.04634434,-0.04927051
1356272151925,-0.07305971,0.54136693,-0.83760625,0.017600805,0.84041965,0.5416502,0.9971723,0.024830252,-0.07092935
1356272151965,-0.10688275,0.55468965,-0.825164,0.047980964,0.8318286,0.5529548,0.99311334,0.019509166,-0.11552268
1356272152005,-0.15768045,0.53757465,-0.8283419,0.06947397,0.84279615,0.53373027,0.9850432,0.026610613,-0.17023993
1356272152045,-0.20176125,0.51683414,-0.8319704,0.078980744,0.85525846,0.5121474,0.976245,0.03762187,-0.21337795
1356272152085,-0.2204366,0.52064425,-0.8248256,0.08141786,0.85249734,0.51635206,0.9719973,0.046667367,-0.23031133
1356272152125,-0.2111873,0.5554548,-0.8042823,0.08054544,0.8299319,0.5520195,0.97412133,0.051798224,-0.2200104
1356272152165,-0.18204933,0.6084169,-0.77245516,0.074837655,0.7918774,0.6060772,0.98043734,0.05252716,-0.18969327
1356272152206,-0.14331046,0.6632478,-0.7345506,0.06255397,0.74679816,0.66210234,0.9876989,0.048937112,-0.14851278
1356272152246,-0.10355131,0.7090818,-0.69748116,0.04405284,0.7038326,0.70899856,0.99364805,0.042691767,-0.10411984
1356272152287,-0.06961936,0.73971224,-0.66931224,0.02124843,0.67188764,0.7403482,0.99734724,0.037320763,-0.0624941
1356272152327,-0.04678239,0.7512116,-0.6584016,-0.0023673177,0.659038,0.75210595,0.9989023,0.03674397,-0.029053032
1356272152367,-0.03777814,0.74165326,-0.66971874,-0.024071634,0.6693273,0.7425776,0.99899614,0.044174433,-0.0074331164
1356272152407,-0.04383616,0.7078438,-0.7050075,-0.044330716,0.70361257,0.70919967,0.9980547,0.062342077,5.3554773E-4
1356272152447,-0.064159796,0.64647067,-0.7602364,-0.066645354,0.75732946,0.64962333,0.9957118,0.09234589,-0.00550586
1356272152487,-0.0940842,0.55961215,-0.8233969,-0.09493525,0.8182536,0.5669642,0.9910275,0.13151176,-0.023857832
1356272152525,-0.12462116,0.46171746,-0.87822926,-0.12896195,0.8700835,0.4757347,0.9837878,0.17254478,-0.048886836
1356272152565,-0.14658827,0.3768071,-0.91461927,-0.16045433,0.90330505,0.3978623,0.9760975,0.20507655,-0.071953595
1356272152605,-0.15651208,0.32314536,-0.9333172,-0.17811742,0.9202349,0.34848514,0.9714824,0.22078219,-0.08647007
1356272152645,-0.15650848,0.3058341,-0.9391328,-0.1767963,0.92681813,0.3312872,0.9717243,0.21788448,-0.09098452
1356272152685,-0.15091798,0.32217324,-0.9345737,-0.16048661,0.92487526,0.3447458,0.9754321,0.20201492,-0.08787584
1356272152725,-0.14225385,0.3691752,-0.9184081,-0.13563919,0.91182095,0.38753667,0.98049265,0.1797007,-0.07963538
1356272152765,-0.13016397,0.44604564,-0.8854946,-0.10596882,0.8817186,0.45972055,0.9858134,0.15367384,-0.06750107
1356272152805,-0.11314678,0.5492301,-0.8279759,-0.07307327,0.8264706,0.5582174,0.9908876,0.123663396,-0.053378463
1356272152845,-0.09214978,0.66364145,-0.7423533,-0.039270878,0.7425232,0.66866815,0.99497044,0.09077051,-0.042361557
1356272152885,-0.0746602,0.7629201,-0.6421673,-0.0058209896,0.6436202,0.7653229,0.997192,0.060877234,-0.043611825
1356272152925,-0.07318923,0.82781386,-0.55620813,0.030276716,0.5592911,0.82841825,0.99685836,0.043791175,-0.06599754
1356272152965,-0.09533875,0.856251,-0.50768566,0.072371215,0.51462126,0.85435784,0.9928106,0.04471162,-0.111031234
1356272153005,-0.13323605,0.86114717,-0.4905852,0.11463025,0.50506616,0.8554345,0.98443294,0.05773878,-0.16600657
1356272153045,-0.16653882,0.86044586,-0.4815576,0.1464301,0.50454426,0.850878,0.9751016,0.07118967,-0.21002138
1356272153085,-0.17934655,0.8666198,-0.46562317,0.16177812,0.49283397,0.85495174,0.97039306,0.078004956,-0.22858822
1356272153125,-0.17120208,0.8789483,-0.44512895,0.15855926,0.47049022,0.8680426,0.9723934,0.07803136,-0.21991432
1356272153165,-0.1502958,0.8907902,-0.42884025,0.13831043,0.4484468,0.8830434,0.97891843,0.07340461,-0.19060528
1356272153206,-0.12351531,0.8981377,-0.4220102,0.10725948,0.4348582,0.8940882,0.986529,0.06516898,-0.15004545
1356272153246,-0.09464976,0.89985216,-0.4258023,0.07223004,0.43280265,0.8985904,0.99288684,0.05429566,-0.105961025
1356272153285,-0.06802267,0.8941953,-0.4424792,0.03787279,0.4455011,0.89448,0.99696475,0.044086963,-0.064169824
1356272153325,-0.048454106,0.8786229,-0.47505155,0.007172495,0.47590405,0.87946796,0.9987997,0.039206505,-0.029361367
1356272153363,-0.040220767,0.8496945,-0.5257391,-0.01816836,0.52545595,0.8506268,0.9990257,0.04376465,-0.0056966543
1356272153405,-0.047106087,0.8024058,-0.5949168,-0.03958559,0.5936105,0.8037783,0.9981053,0.06141299,0.0038010478
1356272153445,-0.06916593,0.73201734,-0.67776597,-0.061915696,0.6749333,0.73527646,0.9956819,0.092820495,-0.0013589859
1356272153485,-0.10060428,0.6403814,-0.76143974,-0.08989996,0.7563408,0.6479711,0.9908566,0.13364208,-0.018520892
1356272153525,-0.13024172,0.5410385,-0.83085155,-0.12231417,0.82282054,0.5549824,0.98390865,0.1739068,-0.040988922
1356272153565,-0.1481573,0.45376626,-0.8787182,-0.14991489,0.86795133,0.47348288,0.9775352,0.20188287,-0.06056702
1356272153605,-0.15189451,0.39095974,-0.9077878,-0.16306198,0.8959477,0.41314468,0.9748533,0.21078005,-0.07233888
1356272153645,-0.14547017,0.3534323,-0.9240801,-0.16026437,0.9132619,0.37452376,0.9762959,0.20257914,-0.07620978
1356272153685,-0.13347152,0.33790365,-0.9316687,-0.14620778,0.92307985,0.3557344,0.98020846,0.18369763,-0.07380068
1356272153725,-0.118311465,0.34209815,-0.9321863,-0.12665367,0.92591304,0.3558706,0.9848661,0.1601684,-0.06621814
1356272153765,-0.09981161,0.36489272,-0.92568403,-0.10390645,0.92142075,0.37441587,0.98956615,0.13355559,-0.054053783
1356272153805,-0.07867652,0.40238154,-0.91208506,-0.07824907,0.9096057,0.40803748,0.9938245,0.103472754,-0.04007864
1356272153846,-0.060293555,0.44410604,-0.89394325,-0.050589725,0.89306206,0.44708037,0.9968979,0.072180405,-0.031378686
1356272153885,-0.055832066,0.47357285,-0.87898326,-0.022825852,0.87952095,0.4753124,0.9981792,0.04660119,-0.038295746
1356272153925,-0.07661841,0.47480148,-0.8767514,0.0024053454,0.8794217,0.47603735,0.99705756,0.034364372,-0.06852198
1356272153965,-0.121637344,0.44356376,-0.88795024,0.020021781,0.89550734,0.4445961,0.9923727,0.03630115,-0.1178081
1356272154005,-0.17137411,0.3954745,-0.9023474,0.025964871,0.917392,0.39713693,0.9848638,0.04462965,-0.16748571
1356272154045,-0.20203388,0.35696205,-0.912009,0.02406627,0.9327403,0.359745,0.9790828,0.050732017,-0.19703585
1356272154085,-0.20393646,0.34317064,-0.91686624,0.02047506,0.937839,0.3464662,0.97876996,0.051884204,-0.198286
1356272154125,-0.18193167,0.3509666,-0.9185442,0.016181648,0.9350758,0.35407817,0.983178,0.049554482,-0.17579913
1356272154165,-0.14625525,0.36891752,-0.91788304,0.010148421,0.92837113,0.37151587,0.98919487,0.045021072,-0.13952309
1356272154215,-0.10421324,0.38925055,-0.91521776,0.0025940537,0.9203317,0.39113015,0.99455154,0.038386807,-0.09692049
1356272154246,-0.06570193,0.40009922,-0.91411376,-0.005993575,0.9159184,0.4013199,0.99782133,0.031846285,-0.05777955
1356272154287,-0.035898063,0.39878553,-0.91634136,-0.015560493,0.91659814,0.39950687,0.9992344,0.02860023,-0.026698768
1356272154327,-0.01939717,0.38013098,-0.9247293,-0.02748701,0.92435086,0.38055205,0.99943393,0.032799676,-0.007481158
1356272154367,-0.018787324,0.34291458,-0.9391787,-0.045299232,0.93808794,0.34342247,0.9987968,0.04899606,-0.0020903945
1356272154405,-0.033307135,0.28953278,-0.95658845,-0.07365795,0.9538055,0.29125515,0.9967273,0.080161214,-0.010442138
1356272154445,-0.057741404,0.22777294,-0.9720007,-0.11336894,0.9658311,0.23306184,0.9918736,0.123652026,-0.02994603
1356272154485,-0.083610594,0.16951932,-0.98197377,-0.15672062,0.9709241,0.18095586,0.9840975,0.16902536,-0.0546124
1356272154525,-0.10327569,0.1254767,-0.98670644,-0.18989982,0.97127604,0.14339073,0.97635657,0.20218416,-0.07648122
1356272154565,-0.11367509,0.100297555,-0.9884424,-0.20284124,0.9715925,0.1219154,0.97259116,0.21435562,-0.09010142
1356272154605,-0.11600676,0.09334516,-0.98885244,-0.19560269,0.9739309,0.11488365,0.97379774,0.20674948,-0.094724
1356272154645,-0.112776995,0.10250148,-0.9883191,-0.17532992,0.97700423,0.12133485,0.97802895,0.1869657,-0.09221202
1356272154685,-0.10522047,0.12692402,-0.98631585,-0.1486745,0.9786668,0.14180033,0.9832723,0.16156031,-0.08410537
1356272154725,-0.09331858,0.1670097,-0.9815291,-0.11846874,0.9769648,0.17749646,0.98856294,0.13284424,-0.071383536
1356272154765,-0.07793608,0.2214503,-0.97205245,-0.08533737,0.96995765,0.22781517,0.99329937,0.1007074,-0.056696713
1356272154805,-0.0640842,0.2831464,-0.95693326,-0.05112236,0.95671386,0.28650504,0.9966341,0.06728114,-0.046835124
1356272154845,-0.062486883,0.33682975,-0.9394897,-0.01942113,0.94074076,0.33856997,0.99785674,0.039402157,-0.05224234
1356272154885,-0.08491671,0.36324927,-0.9278141,0.006634772,0.931363,0.36403143,0.9963659,0.024756536,-0.081498384
1356272154925,-0.13111714,0.35347462,-0.9262095,0.02385883,0.93512964,0.35350132,0.99107975,0.024251804,-0.13104504
1356272154965,-0.18212748,0.32111502,-0.92936254,0.029993117,0.94654506,0.3211742,0.9828174,0.030620143,-0.18202311
1356272155005,-0.21462259,0.2947631,-0.9311562,0.029192597,0.9548826,0.29554522,0.9762607,0.03624779,-0.21354431
1356272155045,-0.21941495,0.29339507,-0.9304711,0.027302742,0.95518446,0.2947494,0.9752496,0.039268017,-0.21759224
1356272155086,-0.20124477,0.3162101,-0.9270985,0.024343148,0.94778436,0.31798136,0.9792384,0.04142359,-0.19843423
1356272155125,-0.16891772,0.35272232,-0.9203552,0.017587513,0.9347034,0.35499325,0.98547316,0.043777913,-0.16409147
1356272155165,-0.13026845,0.39194903,-0.91071737,0.005941987,0.91883665,0.39459342,0.9914609,0.045991614,-0.12202436
1356272155207,-0.09214944,0.42391813,-0.9010006,-0.0097323805,0.90442383,0.42652413,0.99569774,0.048072815,-0.07921642
1356272155246,-0.061207827,0.43868947,-0.8965518,-0.026787162,0.89719045,0.4408307,0.9977655,0.05099836,-0.043163836
1356272155286,-0.041418195,0.43217215,-0.90083945,-0.043498725,0.89997834,0.43375897,0.9981946,0.05715087,-0.018476546
1356272155327,-0.035453264,0.39989382,-0.9158756,-0.061506614,0.91384125,0.4013865,0.9974769,0.07056284,-0.007802546
1356272155367,-0.04333618,0.34238046,-0.9385615,-0.08523387,0.93475187,0.34492627,0.99541813,0.094945006,-0.011326194
1356272155407,-0.061819997,0.2667233,-0.9617884,-0.11831995,0.95487803,0.27241206,0.9910493,0.13063926,-0.0274719
1356272155445,-0.08381006,0.1874557,-0.9786911,-0.15836595,0.9671585,0.1988084,0.9838171,0.17165348,-0.05137098
1356272155485,-0.10166922,0.121136725,-0.98741543,-0.1951623,0.97084266,0.13919844,0.9754871,0.20685847,-0.07506353
1356272155525,-0.11152527,0.07744073,-0.99073964,-0.2166042,0.9710947,0.10028783,0.96986836,0.22578302,-0.09152758
1356272155565,-0.11410612,0.057205223,-0.9918203,-0.21791852,0.972586,0.08116675,0.9692736,0.22539762,-0.098511934
1356272155605,-0.11195898,0.057705805,-0.9920359,-0.20329948,0.9758667,0.07970918,0.97269446,0.21060455,-0.09752548
1356272155645,-0.10672441,0.07736325,-0.9912743,-0.17967784,0.9790541,0.095754355,0.97791904,0.18832937,-0.09058851
1356272155685,-0.098401695,0.116438076,-0.9883113,-0.15121363,0.9798495,0.13049681,0.9835911,0.16228725,-0.078811824
1356272155725,-0.086022615,0.17506209,-0.9807923,-0.11842853,0.97566485,0.18453395,0.98922944,0.13202786,-0.0631969
1356272155765,-0.071125925,0.24913901,-0.9658524,-0.08224345,0.96354294,0.25459975,0.994071,0.09754367,-0.048042834
1356272155805,-0.060197085,0.324421,-0.9439954,-0.04540725,0.94384146,0.32726365,0.9971532,0.06256455,-0.04208541
1356272155845,-0.06570196,0.37858534,-0.9232315,-0.011224315,0.9248917,0.3800649,0.99777615,0.035333633,-0.05651784
1356272155885,-0.097943604,0.39254746,-0.9145018,0.01712799,0.9194488,0.39283654,0.9950446,0.022812247,-0.09677768
1356272155925,-0.15052825,0.3676983,-0.9176814,0.034714803,0.9296518,0.3668003,0.98799604,0.023356661,-0.1527034
1356272155965,-0.1992628,0.3306957,-0.9224613,0.0405152,0.943314,0.3294195,0.9791082,0.028267339,-0.20136559
1356272156005,-0.22259608,0.3125946,-0.92343694,0.0418742,0.9493929,0.31128716,0.9740111,0.030623093,-0.22442079
1356272156045,-0.21603143,0.3242426,-0.92097616,0.043970197,0.9455235,0.3225708,0.9753958,0.02918993,-0.2185198
1356272156085,-0.18744135,0.35646766,-0.9153123,0.044697225,0.93395823,0.35457605,0.9812584,0.025550276,-0.19099551
1356272156125,-0.14791235,0.39452338,-0.9069031,0.04065162,0.9186399,0.39299902,0.9881646,0.021262318,-0.1519162
1356272156165,-0.107459396,0.42629367,-0.89817935,0.03048256,0.90439856,0.42559847,0.99374205,0.018355757,-0.11018062
1356272156208,-0.07379058,0.44375756,-0.8931038,0.014140755,0.89592075,0.44398892,0.9971736,0.020133018,-0.07238555
1356272156245,-0.0520398,0.4417747,-0.8956154,-0.006154388,0.8966717,0.44265333,0.99862605,0.028547555,-0.043943763
1356272156285,-0.044700418,0.41968006,-0.9065707,-0.030158743,0.90649724,0.4211331,0.99854505,0.0461659,-0.0278638
1356272156323,-0.051264133,0.37786657,-0.9244398,-0.059856102,0.9228303,0.38052794,0.9968898,0.074840784,-0.024690509
1356272156365,-0.069273144,0.32025743,-0.9447945,-0.09855891,0.9402391,0.32593971,0.9927172,0.11569676,-0.033569098
1356272156405,-0.09285611,0.25554842,-0.96232677,-0.14458776,0.9527969,0.2669692,0.9851254,0.16393039,-0.051523805
1356272156445,-0.11476013,0.19548075,-0.9739698,-0.18919398,0.95820093,0.21460803,0.97521055,0.2088977,-0.07297945
1356272156485,-0.12906712,0.15031053,-0.9801778,-0.21980877,0.9595195,0.1760864,0.9669674,0.23817864,-0.09080285
1356272156525,-0.1339773,0.12430625,-0.9831572,-0.22817124,0.9615765,0.15267113,0.96435887,0.24478266,-0.10046631
1356272156565,-0.13152781,0.11638186,-0.9844571,-0.21532562,0.9660198,0.14297068,0.9676443,0.23078343,-0.10199845
1356272156605,-0.12468645,0.12442863,-0.9843632,-0.1887306,0.9710176,0.14664765,0.97408116,0.20406441,-0.097589254
1356272156645,-0.11479086,0.1486357,-0.982207,-0.15538503,0.9738856,0.16553634,0.9811619,0.1716223,-0.08869743
1356272156685,-0.10140252,0.19119842,-0.97629946,-0.11837818,0.97206664,0.20266473,0.9877773,0.13612327,-0.07593632
1356272156725,-0.08445749,0.25254723,-0.9638915,-0.07886791,0.9626185,0.25912422,0.9933009,0.09790509,-0.061382473
1356272156765,-0.06762302,0.32586884,-0.9429935,-0.03942421,0.94354606,0.32888696,0.9969318,0.0594171,-0.050958276
1356272156805,-0.061162177,0.39307064,-0.9174718,-0.00432463,0.9190798,0.3940478,0.99811846,0.028068528,-0.054513037
1356272156845,-0.078739345,0.4298714,-0.8994502,0.023290873,0.9027985,0.42943272,0.99662316,0.012864262,-0.08109784
1356272156885,-0.1234321,0.42443705,-0.8970048,0.040834293,0.90532386,0.42275435,0.9915125,0.015552893,-0.12907761
1356272156925,-0.17906007,0.39015096,-0.90317214,0.04558833,0.920313,0.38851732,0.9827814,0.02839382,-0.18257767
1356272156965,-0.21893623,0.36237878,-0.90595174,0.04268858,0.9311457,0.36214,0.9748049,0.04061176,-0.21933097
1356272157005,-0.22999,0.36486933,-0.90220565,0.04025033,0.9298303,0.36578068,0.9723603,0.047811806,-0.2285378
1356272157045,-0.21511114,0.39605266,-0.8926755,0.039106652,0.91683453,0.39734763,0.97580636,0.050564364,-0.2127096
1356272157085,-0.18399984,0.44057238,-0.87865806,0.03530459,0.8963061,0.44202822,0.98229206,0.05031246,-0.1804744
1356272157125,-0.14632443,0.4837819,-0.86286974,0.026524752,0.87386334,0.4854476,0.988881,0.04814543,-0.14069974
1356272157165,-0.1097286,0.51630557,-0.8493458,0.012788475,0.8551682,0.51819277,0.9938793,0.045998737,-0.10043919
1356272157207,-0.07956577,0.53341943,-0.8421004,-0.004993975,0.8445547,0.535446,0.9968171,0.0468086,-0.06453377
1356272157246,-0.059261054,0.5327709,-0.844182,-0.024653912,0.84462917,0.5347838,0.99793804,0.052504256,-0.03691876
1356272157276,-0.047450215,0.51904285,-0.8534302,-0.043491036,0.8525088,0.5209005,0.9979264,0.061833367,-0.017878056
1356272157316,-0.049877197,0.48819083,-0.8713105,-0.06486879,0.8689709,0.49059328,0.9966465,0.080990285,-0.0116734505
1356272157357,-0.064786635,0.43784076,-0.8967153,-0.0908882,0.8922791,0.4422413,0.9937515,0.11015214,-0.018013239
1356272157397,-0.08793622,0.37464052,-0.92299056,-0.12204684,0.915547,0.38324693,0.9886211,0.1463494,-0.034786046
1356272157435,-0.11259419,0.3104815,-0.9438876,-0.15474403,0.932859,0.3253128,0.98151755,0.1826893,-0.056989312
1356272157475,-0.13158059,0.25969425,-0.9566846,-0.18023281,0.9427234,0.28069332,0.9747834,0.20935974,-0.07723868
1356272157515,-0.14137638,0.23196818,-0.96239465,-0.19001128,0.9477251,0.25634512,0.97154945,0.21910697,-0.089909375
1356272157556,-0.14277399,0.22993302,-0.9626766,-0.1825434,0.9498382,0.25393948,0.9727761,0.21198624,-0.09363943
1356272157595,-0.13808292,0.25289923,-0.95758826,-0.16258238,0.9479463,0.27379695,0.9769853,0.19349363,-0.089778244
1356272157635,-0.1286349,0.30052805,-0.94505864,-0.13573824,0.9386711,0.31697258,0.9823584,0.16905436,-0.07995272
1356272157675,-0.11415243,0.37287736,-0.92083204,-0.10499728,0.9171715,0.38441122,0.9878992,0.14056635,-0.065546274
1356272157715,-0.094400644,0.4666706,-0.8793788,-0.07153216,0.87786067,0.47354388,0.99296105,0.10760671,-0.049488664
1356272157755,-0.07277552,0.5699685,-0.8184373,-0.036868036,0.81851494,0.57330096,0.9966666,0.07189646,-0.03855425
1356272157795,-0.058571696,0.66231465,-0.74693274,-0.0012914538,0.74816644,0.66350985,0.9982823,0.039827555,-0.04296601
1356272157835,-0.06311868,0.7273766,-0.68332946,0.03774658,0.6859448,0.72667384,0.9972919,0.020073354,-0.070751905
1356272157875,-0.088206306,0.76408887,-0.6390522,0.080207884,0.6449179,0.76003134,0.99286765,0.015782565,-0.11817175
1356272157915,-0.12093794,0.7847371,-0.60791594,0.11899182,0.6194556,0.77596116,0.9855024,0.02150613,-0.168293
1356272157955,-0.1407805,0.80626893,-0.5745531,0.14582953,0.59089,0.7934625,0.9792419,0.027917206,-0.20076358
1356272157995,-0.13977325,0.83342195,-0.5346695,0.15617916,0.5517669,0.81924444,0.97778916,0.03100419,-0.2072854
1356272158035,-0.124463975,0.86018693,-0.49455756,0.14849618,0.50896823,0.8478798,0.98104924,0.032090604,-0.19108266
1356272158075,-0.10440391,0.8810271,-0.4614012,0.1253021,0.47189236,0.87270665,0.98660994,0.033299476,-0.15966195
1356272158115,-0.08506268,0.89486057,-0.43816543,0.092479885,0.44495177,0.89076674,0.9920745,0.03524953,-0.12060541
1356272158155,-0.06925699,0.902274,-0.42556444,0.057058036,0.42947307,0.9012754,0.99596584,0.038137704,-0.08122599
1356272158207,-0.060428917,0.9031025,-0.425152,0.02260369,0.42705923,0.90394104,0.9979165,0.045014173,-0.046220183
1356272158246,-0.06119901,0.8949863,-0.44187587,-0.0039311647,0.4424861,0.8967668,0.99811786,0.056618303,-0.023561358
1356272158286,-0.07643238,0.8775063,-0.47343507,-0.023228109,0.4731281,0.88068736,0.99680424,0.07831004,-0.015779436
1356272158327,-0.10807392,0.84650594,-0.5212942,-0.039800406,0.52026093,0.8530793,0.9933458,0.11294338,-0.022535324
1356272158365,-0.15067235,0.8009007,-0.5795308,-0.05833432,0.5779989,0.8139499,0.98686117,0.15644628,-0.040368438
1356272158405,-0.19209048,0.7471072,-0.63634264,-0.07926953,0.6344874,0.7688577,0.9781705,0.19813284,-0.062656105
1356272158445,-0.21940912,0.6991874,-0.6804385,-0.09646261,0.67846906,0.72826827,0.9708525,0.2254256,-0.081416845
1356272158485,-0.22738983,0.66948056,-0.7071702,-0.10236767,0.70573664,0.7010397,0.9684084,0.23180065,-0.09194422
1356272158525,-0.21945259,0.66091394,-0.71765816,-0.095531136,0.7174978,0.6899787,0.97093475,0.21997634,-0.09431887
1356272158565,-0.20182863,0.6699953,-0.714403,-0.08033976,0.7156304,0.6938435,0.9761203,0.19743243,-0.090607405
1356272158605,-0.17842273,0.6929445,-0.6985652,-0.0617989,0.7006636,0.7108104,0.9820114,0.16999528,-0.08219111
1356272158645,-0.15003015,0.72701514,-0.67002976,-0.042545646,0.67232513,0.7390324,0.98776555,0.139384,-0.069937706
1356272158685,-0.11747113,0.767533,-0.63015366,-0.023186803,0.63225424,0.77441394,0.9928056,0.105582535,-0.056474984
1356272158725,-0.085678264,0.8060308,-0.5856394,-0.0029355288,0.5875941,0.80915046,0.9963185,0.071045786,-0.047977924
1356272158765,-0.065671965,0.83247507,-0.5501567,0.021555305,0.55240184,0.8332992,0.9976084,0.042865634,-0.05422151
1356272158806,-0.069848806,0.83992314,-0.5381917,0.0534541,0.5418856,0.83875066,0.9961244,0.029817164,-0.0827474
1356272158845,-0.10159695,0.82621914,-0.55411196,0.0892455,0.56231767,0.8220912,0.99081445,0.034069985,-0.13086611
1356272158885,-0.14648668,0.79678977,-0.5862318,0.116399646,0.6023916,0.78966796,0.98234046,0.04743868,-0.18098837
1356272158925,-0.18109371,0.7646482,-0.6184807,0.12570181,0.641717,0.7565701,0.9753995,0.05926588,-0.21232861
1356272158965,-0.19168228,0.74072236,-0.64388525,0.11797285,0.6686828,0.7341292,0.9743409,0.06475857,-0.21555978
1356272159005,-0.1797091,0.7258354,-0.66397864,0.09785032,0.6848092,0.72212297,0.9788411,0.064801514,-0.19408971
1356272159045,-0.15357809,0.71494365,-0.68210655,0.07007331,0.69643784,0.7141877,0.9856488,0.06188613,-0.15705603
1356272159085,-0.121536195,0.7032505,-0.7004768,0.039525717,0.7085774,0.70452523,0.9917998,0.057938427,-0.11391431
