1356273179866,0.1442298,-0.97244966,-0.18313771,0.13917676,0.20316824,-0.969202,0.9797079,0.11429924,0.16464534
1356273179907,0.05900991,-0.94950575,0.3081505,0.19157714,-0.292179,-0.936979,0.979702,0.11432558,0.16466211
1356273179947,0.059131324,-0.94948703,0.30818483,0.19170195,-0.2921781,-0.9369538,0.9796703,0.11448291,0.16474162
1356273179986,0.059485734,-0.9494934,0.30809698,0.1919162,-0.29200757,-0.9369631,0.97960687,0.1148648,0.16485281
1356273180049,0.060677767,-0.9494723,0.30792928,0.19198534,-0.29163605,-0.9370646,0.9795202,0.11597687,0.16458897
1356273180086,0.062480092,-0.9500512,0.30577615,0.19152859,-0.28926682,-0.9378921,0.97949636,0.11716449,0.16388856
1356273180126,0.064546466,-0.9506806,0.3033813,0.1905702,-0.2866773,-0.9388819,0.9795493,0.118416995,0.16266735
1356273180166,0.06670469,-0.9513742,0.30072868,0.18931746,-0.28385687,-0.9399916,0.97964764,0.119635075,0.1611771
1356273180207,0.06871462,-0.95207274,0.29805326,0.1880916,-0.28103787,-0.94108415,0.9797448,0.12072757,0.15976553
1356273180246,0.070400536,-0.9526898,0.29567868,0.18726522,-0.27852166,-0.9419966,0.97978336,0.12168744,0.15879758
1356273180286,0.071748674,-0.953123,0.29395354,0.1872859,-0.27659714,-0.94255924,0.9796816,0.12268075,0.15866108
1356273180327,0.07284868,-0.9533241,0.29302928,0.18864676,-0.27533507,-0.9426574,0.97933924,0.12395042,0.15978374
1356273180366,0.0737623,-0.9532957,0.29289302,0.19135213,-0.27470708,-0.9422952,0.9787458,0.12555155,0.16215219
1356273180406,0.07452959,-0.9530933,0.29335734,0.19547436,-0.27450567,-0.9415076,0.9778727,0.12751403,0.16584648
1356273180448,0.07508993,-0.952749,0.29433137,0.20048311,-0.27471346,-0.9403931,0.9768153,0.12962255,0.17038181
1356273180486,0.07540274,-0.9522989,0.29570454,0.20537135,-0.27535975,-0.9391483,0.97577506,0.13154352,0.17481206
1356273180526,0.075512946,-0.9517646,0.29739186,0.20895955,-0.27651715,-0.9380162,0.97500443,0.13297525,0.17799966
1356273180566,0.0755592,-0.9511725,0.29926845,0.21038651,-0.27816272,-0.93721014,0.9746939,0.13377684,0.17909619
1356273180606,0.07544023,-0.95061916,0.30105135,0.2094279,-0.2800727,-0.93685603,0.97490954,0.1337252,0.17795749
1356273180646,0.07451397,-0.9503439,0.3021492,0.20681387,-0.2816769,-0.9369558,0.97553873,0.132305,0.17555542
1356273180686,0.071851194,-0.9506358,0.30187583,0.2041024,-0.2822401,-0.93738073,0.9763092,0.12896544,0.17374776
1356273180726,0.06679338,-0.95165676,0.2998133,0.20295769,-0.2812435,-0.9379287,0.9769068,0.12349686,0.17436087
1356273180797,0.059283733,-0.9533409,0.29601786,0.20457295,-0.2786429,-0.9383539,0.97705436,0.11618638,0.17850877
1356273180809,0.049709916,-0.95545787,0.29091105,0.20989019,-0.27477324,-0.93832076,0.97646046,0.10770324,0.18688226
1356273180848,0.039961755,-0.9574135,0.28594148,0.21827275,-0.27089423,-0.9375358,0.9750693,0.09987885,0.19815184
1356273180888,0.031415105,-0.95889556,0.2820149,0.22959808,-0.26768577,-0.9357505,0.9727784,0.09414682,0.21175124
1356273180928,0.025243402,-0.9597184,0.2798272,0.24246663,-0.2656803,-0.9330723,0.9698312,0.09140268,0.22599304
1356273180968,0.021487832,-0.96009016,0.27886432,0.25548187,-0.2643947,-0.9299594,0.9665751,0.09122762,0.23960431
1356273180998,0.019019246,-0.9605238,0.27754712,0.26661986,-0.2626726,-0.92731714,0.9636141,0.09163645,0.2510988
1356273181027,0.01691848,-0.9612299,0.2752287,0.27576897,-0.2601052,-0.92536306,0.96107507,0.09155533,0.26067674
1356273181058,0.01431793,-0.9625076,0.27087623,0.28302357,-0.255924,-0.9243378,0.959006,0.089898884,0.2687481
1356273181098,0.00851959,-0.9648962,0.26249346,0.28900504,-0.24892455,-0.92439854,0.9572897,0.08373746,0.27673912
1356273181138,-8.736253E-4,-0.9687744,0.24794224,0.29516608,-0.2371453,-0.92554796,0.9554455,0.072375506,0.2861566
1356273181178,-0.014311016,-0.97355306,0.22801262,0.3033117,-0.22151804,-0.9267858,0.952784,0.055895656,0.29846007
1356273181218,-0.031405926,-0.97841114,0.20426792,0.31477398,-0.20365137,-0.9270618,0.94864696,0.035182983,0.31437415
1356273181248,-0.04821831,-0.9823549,0.18070403,0.32769883,-0.1864593,-0.92620003,0.94355106,0.014556766,0.3309073
1356273181278,-0.064916074,-0.9851408,0.15900776,0.34213486,-0.17165816,-0.92383826,0.9374057,-0.005569905,0.34819445
1356273181318,-0.082850456,-0.9868958,0.13846472,0.36037633,-0.15920937,-0.91911983,0.9291204,-0.026250094,0.3688444
1356273181358,-0.09984344,-0.98761725,0.12100965,0.38107765,-0.15029955,-0.9122443,0.919136,-0.04496762,0.39136535
1356273181398,-0.11447632,-0.9875028,0.10831991,0.40331373,-0.14584488,-0.9033644,0.9078729,-0.059726924,0.41496927
1356273181438,-0.12538469,-0.98688066,0.10171068,0.42614472,-0.14615381,-0.89277077,0.8959237,-0.06859636,0.4388795
1356273181478,-0.1302951,-0.98612976,0.10281634,0.44665548,-0.15096241,-0.88187826,0.88516784,-0.06898096,0.46012995
1356273181518,-0.12681264,-0.9854698,0.11299449,0.46002313,-0.15935177,-0.8734906,0.8788045,-0.05878955,0.47354674
1356273181548,-0.11894131,-0.98446524,0.12915537,0.46504697,-0.17016411,-0.86877817,0.8772595,-0.04327029,0.47806215
1356273181588,-0.09945387,-0.9831595,0.15331742,0.45415992,-0.18194675,-0.8721434,0.88535166,-0.017107457,0.46460706
1356273181618,-0.07785863,-0.98033154,0.18135038,0.43471512,-0.1970821,-0.8787385,0.89719605,0.010418385,0.4415096
1356273181648,-0.053446412,-0.97612137,0.21054843,0.40712184,-0.21383035,-0.8879912,0.91180885,0.03825888,0.40882874
1356273181688,-0.021563768,-0.9696649,0.24348503,0.36389405,-0.23444891,-0.90145147,0.93119067,0.06916407,0.35791087
1356273181728,0.013452351,-0.9602708,0.27874526,0.31186205,-0.2608356,-0.9136229,0.9500321,0.099220455,0.29596317
1356273181758,0.045730174,-0.9490166,0.3118914,0.26292703,-0.28977484,-0.92027164,0.9637313,0.12408888,0.23627068
1356273181802,0.07463956,-0.9370698,0.3410705,0.21838927,-0.31836158,-0.92247057,0.97300303,0.14333892,0.18088369
1356273181824,0.09981686,-0.92494726,0.36675477,0.17671224,-0.34625685,-0.9213463,0.9791881,0.15677598,0.12888725
1356273181857,0.11965549,-0.9128779,0.39030316,0.14382592,-0.37304217,-0.91659904,0.9823425,0.1658118,0.08665891
1356273181896,0.13081616,-0.9033406,0.4084884,0.120847136,-0.39442724,-0.9109462,0.9840137,0.16853112,0.057568774
1356273181936,0.12940633,-0.8973652,0.4218884,0.108021885,-0.4101761,-0.9055865,0.9856903,0.1627618,0.043855622
1356273181976,0.11310589,-0.89593923,0.42953467,0.10393536,-0.41926813,-0.9018934,0.9881319,0.14665326,0.045698047
1356273182016,0.082837224,-0.8982213,0.43166706,0.106681764,-0.42267406,-0.8999809,0.9908365,0.120602936,0.0608107
1356273182056,0.043285966,-0.9018009,0.42997846,0.113797516,-0.42313033,-0.8988942,0.9925605,0.08783996,0.08430712
1356273182096,0.0027362108,-0.90385365,0.42783284,0.12271166,-0.42429745,-0.8971696,0.99243855,0.054954857,0.10975252
1356273182136,-0.02931869,-0.9027141,0.42924085,0.13196105,-0.42916238,-0.8935356,0.99082124,0.030445784,0.13170555
1356273182176,-0.0461033,-0.8984896,0.4365671,0.1408608,-0.43851233,-0.8876176,0.9889554,0.02057305,0.1467789
1356273182216,-0.046244085,-0.8926112,0.4484493,0.1484018,-0.45008683,-0.8805673,0.98784536,0.025829673,0.1532789
1356273182257,-0.03251928,-0.8870983,0.46043363,0.15319848,-0.45965755,-0.874783,0.9876603,0.042090416,0.15084977
1356273182296,-0.008048892,-0.88376987,0.46785244,0.15438005,-0.46335644,-0.87262106,0.9879787,0.06520343,0.140166
1356273182336,0.02582544,-0.88343143,0.4678483,0.15219751,-0.45907384,-0.87526405,0.9880127,0.093809426,0.12260029
1356273182377,0.06760877,-0.88593495,0.45885554,0.14830923,-0.4458742,-0.8827234,0.98662734,0.12773234,0.10124725
1356273182416,0.11205381,-0.8910444,0.4398678,0.14608693,-0.42307442,-0.89424074,0.9829051,0.164462,0.08276294
1356273182456,0.14795119,-0.8999695,0.4100796,0.15096956,-0.38923168,-0.9086841,0.977404,0.1963504,0.07828075
1356273182496,0.16216028,-0.9147769,0.36998266,0.1695664,-0.343535,-0.923705,0.972086,0.2125248,0.09940772
1356273182536,0.15074748,-0.934186,0.32337582,0.20503238,-0.29045582,-0.93466425,0.96707654,0.2072008,0.14775282
1356273182595,0.12514734,-0.95248365,0.27769223,0.24974927,-0.24063563,-0.93793386,0.96018934,0.18673342,0.20776714
1356273182617,0.10238844,-0.96525466,0.24041635,0.286654,-0.20280367,-0.9363227,0.95254713,0.16478494,0.25592938
1356273182657,0.09151,-0.972332,0.21493372,0.30184147,-0.17860109,-0.93647933,0.94895613,0.15057322,0.27714622
1356273182694,0.09185648,-0.97536135,0.20058095,0.2927529,-0.16607869,-0.9416547,0.9517658,0.14521775,0.2702844
1356273182737,0.10001683,-0.9755968,0.19546741,0.26465055,-0.16329122,-0.95041883,0.9591437,0.14678845,0.2418604
1356273182798,0.113079965,-0.9736359,0.1981062,0.2268244,-0.16882348,-0.95919204,0.9673488,0.15340075,0.2017538
1356273182818,0.12910104,-0.96972704,0.20727387,0.1870192,-0.18146181,-0.96545094,0.9738362,0.16340488,0.15793058
1356273182858,0.14491081,-0.96429217,0.22167844,0.15180716,-0.19972265,-0.9680214,0.97772974,0.1739291,0.117444515
1356273182898,0.15602481,-0.95829487,0.23943114,0.1257157,-0.22116274,-0.96710014,0.97972035,0.18099189,0.08596581
1356273182938,0.15718478,-0.9532358,0.2581367,0.1103521,-0.24279559,-0.9637805,0.98138446,0.17997757,0.06702772
1356273182978,0.14381689,-0.95057464,0.27518082,0.10475561,-0.2618857,-0.9593968,0.9840442,0.16680425,0.061914474
1356273183008,0.12179798,-0.94889855,0.2911303,0.104457766,-0.27943087,-0.95446694,0.987043,0.14666298,0.06508568
1356273183048,0.08353311,-0.95043594,0.29948893,0.110606134,-0.2898392,-0.9506626,0.9903476,0.112537056,0.08091295
1356273183088,0.039456367,-0.95141923,0.30535978,0.11945036,-0.2989152,-0.9467741,0.99205583,0.07383156,0.10185331
1356273183128,0.0016204715,-0.95032656,0.3112506,0.1282852,-0.3084817,-0.94254017,0.99173605,0.041456252,0.12141293
1356273183168,-0.019837141,-0.94716704,0.32012686,0.1364012,-0.31976002,-0.9376291,0.99045503,0.02506584,0.1355378
1356273183208,-0.021531105,-0.942892,0.33240217,0.1432553,-0.331958,-0.9323529,0.9894516,0.027543813,0.14222163
1356273183248,-0.0070096254,-0.93854415,0.34508798,0.14752236,-0.34229106,-0.9279407,0.9890338,0.044403642,0.14085561
1356273183288,0.018589318,-0.9349279,0.3543505,0.14772588,-0.34795362,-0.92579985,0.98885363,0.06955674,0.13164482
1356273183328,0.052368045,-0.932289,0.35790342,0.1430997,-0.34769088,-0.9266248,0.98832184,0.09974143,0.11520237
1356273183368,0.09294081,-0.9301021,0.35534808,0.13449433,-0.34189427,-0.9300643,0.98654616,0.13423324,0.093317494
1356273183398,0.13383096,-0.9288959,0.34531376,0.1250909,-0.3298269,-0.93571705,0.9830775,0.16842347,0.072055444
1356273183438,0.17189664,-0.926867,0.33371997,0.120726794,-0.31638843,-0.94091624,0.9776894,0.20202929,0.057511598
1356273183468,0.20052749,-0.9280187,0.3139588,0.122329384,-0.2942416,-0.94786996,0.97202075,0.2284804,0.054520383
1356273183509,0.2032057,-0.9364847,0.28583878,0.14389452,-0.26019752,-0.95477307,0.96850497,0.23514593,0.08188139
1356273183547,0.18469054,-0.95036125,0.25040552,0.1827524,-0.2171349,-0.9588816,0.9656557,0.22285864,0.13357808
1356273183586,0.15506679,-0.9591248,0.23671487,0.22810557,-0.19837672,-0.9532127,0.9612087,0.20180756,0.1880201
1356273183626,0.13954234,-0.9693489,0.2022146,0.25283185,-0.16256529,-0.953755,0.95739436,0.18421552,0.22239749
1356273183666,0.13553959,-0.9732579,0.18546763,0.25396696,-0.1468116,-0.9560059,0.957669,0.17667931,0.2272765
1356273183706,0.14174193,-0.9724642,0.18499324,0.23425743,-0.14862001,-0.96074736,0.96178615,0.17951429,0.2067413
1356273183746,0.15554225,-0.9678657,0.19759196,0.20296523,-0.164446,-0.96527857,0.9667532,0.19024593,0.17086479
1356273183794,0.1739679,-0.9599155,0.21976662,0.16984856,-0.19057608,-0.9668672,0.9699931,0.20553088,0.12988612
1356273183828,0.19301265,-0.9494132,0.24771115,0.14170384,-0.22283983,-0.96450114,0.97090995,0.22126254,0.09152456
1356273183867,0.20709282,-0.9381721,0.27739075,0.12212333,-0.25652927,-0.95879024,0.97066915,0.23243445,0.061447367
1356273183908,0.20995402,-0.92907596,0.30452788,0.11163172,-0.286654,-0.9515083,0.9713175,0.23376799,0.043530107
1356273183948,0.19613498,-0.92499185,0.32545522,0.10855019,-0.3093804,-0.9447224,0.9745501,0.22062132,0.039727733
1356273183988,0.1627413,-0.927287,0.33712614,0.11063096,-0.32237726,-0.9401242,0.9804468,0.19029361,0.050122574
1356273184026,0.11336452,-0.9337734,0.3394342,0.11614916,-0.3268388,-0.93791556,0.986741,0.14575124,0.07140516
1356273184066,0.057176173,-0.94048667,0.33498615,0.123980284,-0.326249,-0.9371182,0.99063605,0.09511247,0.097948164
1356273184106,0.009536326,-0.9436625,0.3307722,0.13316628,-0.32664245,-0.93571985,0.991048,0.052971065,0.12254894
1356273184146,-0.0173617,-0.94274557,0.33306056,0.1429857,-0.33202797,-0.93236935,0.98957247,0.03143534,0.1405637
1356273184186,-0.020442665,-0.93903166,0.34322247,0.15177196,-0.34223038,-0.92727757,0.9882041,0.033135504,0.14951476
1356273184226,-0.004897952,-0.93408847,0.35700798,0.15731215,-0.35328674,-0.92219377,0.9875368,0.051644832,0.14867386
1356273184266,0.022742629,-0.9291723,0.3689466,0.15794727,-0.36106783,-0.91906625,0.98718566,0.07917613,0.13854857
1356273184306,0.0590719,-0.92475975,0.3759388,0.15335616,-0.36371928,-0.91879827,0.9864038,0.11192769,0.12033194
1356273184346,0.10228896,-0.92045903,0.37721628,0.1453172,-0.3613106,-0.92105246,0.98408324,0.14902952,0.09680046
1356273184386,0.14725888,-0.91644764,0.3720731,0.13838622,-0.35338426,-0.9251858,0.9793692,0.18773162,0.07478477
1356273184426,0.18280882,-0.9153461,0.3587791,0.1394692,-0.3370934,-0.93108344,0.9732057,0.22024891,0.06603895
1356273184466,0.19617826,-0.921227,0.3359389,0.15550044,-0.30903327,-0.9382527,0.9681599,0.23630345,0.08262558
1356273184506,0.18374515,-0.93422383,0.3057181,0.18854135,-0.271743,-0.9437202,0.96472275,0.23104453,0.12620836
1356273184546,0.15625578,-0.94860685,0.27518964,0.22968939,-0.23607612,-0.9441986,0.9606389,0.21074471,0.18099658
1356273184586,0.13019764,-0.95874226,0.2527088,0.26136073,-0.21267629,-0.94151974,0.95641994,0.1886318,0.22288765
1356273184626,0.115525365,-0.963168,0.24281922,0.27086186,-0.2046451,-0.9406137,0.9556608,0.1744352,0.23724386
1356273184666,0.11371827,-0.96268916,0.24555597,0.25779307,-0.2101022,-0.94307995,0.9594847,0.17054808,0.22428216
1356273184706,0.12280846,-0.9580145,0.2590873,0.23038137,-0.22641194,-0.9463942,0.9653199,0.17591414,0.19290341
1356273184746,0.14057279,-0.9492523,0.28135288,0.19853419,-0.2513764,-0.9473089,0.9699606,0.18902406,0.1531223
1356273184796,0.16336167,-0.93669486,0.3097027,0.17006898,-0.2824828,-0.9440763,0.97179705,0.20689666,0.11315589
1356273184828,0.18559325,-0.92173374,0.34053215,0.14931929,-0.31607342,-0.9369105,0.9712151,0.22473225,0.078971505
1356273184867,0.20009637,-0.9073193,0.36977422,0.13763592,-0.34763426,-0.9274733,0.9700607,0.23647833,0.0553194
1356273184908,0.19940394,-0.8975736,0.39319173,0.13353214,-0.37261784,-0.9183274,0.9707767,0.23562187,0.0455534
1356273184948,0.17862272,-0.89549315,0.40765917,0.1338034,-0.38836557,-0.9117395,0.9747772,0.21740359,0.05044906
1356273184988,0.13793004,-0.900915,0.41149417,0.13587227,-0.3943259,-0.9088707,0.981078,0.18127123,0.06801994
1356273185026,0.0856055,-0.9095261,0.40673572,0.13897571,-0.39334273,-0.9088274,0.9865888,0.13432696,0.0927297
1356273185066,0.03594333,-0.9161204,0.3992886,0.14393106,-0.3906356,-0.90922356,0.9889347,0.090150565,0.11781749
1356273185106,0.0030424595,-0.917938,0.39671224,0.15123963,-0.39172828,-0.9075657,0.9884924,0.06275985,0.1376368
1356273185146,-0.0074760914,-0.9153553,0.40257758,0.15910986,-0.39854878,-0.9032402,0.9872325,0.057301313,0.14862165
1356273185186,6.3955784E-4,-0.9101481,0.4142824,0.16480368,-0.40852183,-0.8977469,0.9863261,0.068849385,0.14973454
1356273185226,0.022249877,-0.9037108,0.42756486,0.16632408,-0.41836482,-0.89292055,0.98582006,0.09098172,0.14100029
1356273185266,0.05366522,-0.8971158,0.43852398,0.16342878,-0.42534447,-0.8901535,0.9850944,0.119437724,0.12378828
1356273185306,0.09337962,-0.8903599,0.44557768,0.15775761,-0.42864788,-0.8895918,0.9830528,0.15336302,0.100434065
1356273185346,0.13728791,-0.88405645,0.44676194,0.15301362,-0.42669064,-0.89135957,0.9786413,0.19073355,0.07669321
1356273185386,0.17549527,-0.88112986,0.43910313,0.15447414,-0.4158544,-0.8962159,0.9722855,0.22511175,0.06313129
1356273185426,0.195041,-0.88632405,0.4199863,0.16763759,-0.39178342,-0.9046564,0.96636254,0.24685052,0.0721675
1356273185466,0.18982273,-0.9008689,0.3903875,0.19503388,-0.35509437,-0.9142591,0.962252,0.24968597,0.10829499
1356273185506,0.16791582,-0.918977,0.35677093,0.230571,-0.31525928,-0.9205697,0.95845777,0.23683923,0.1589524
1356273185565,0.14484358,-0.9335108,0.32799086,0.25964892,-0.28400922,-0.92299575,0.9547789,0.21885246,0.20124815
1356273185586,0.13111746,-0.94174004,0.3097319,0.270274,-0.26663744,-0.9251251,0.9538135,0.20501256,0.21956705
1356273185627,0.12920278,-0.94419837,0.30297858,0.2601944,-0.26255292,-0.9291743,0.95687276,0.19888523,0.21175256
1356273185664,0.13707006,-0.94207466,0.306116,0.23610961,-0.26905286,-0.93373585,0.9620104,0.2002641,0.1855539
1356273185707,0.15232086,-0.93613505,0.3169376,0.20635474,-0.28348815,-0.93651056,0.96654856,0.20805159,0.14999484
1356273185746,0.17112434,-0.9272855,0.3329535,0.17830521,-0.3032109,-0.9360931,0.9689807,0.21955562,0.113453105
1356273185795,0.18879211,-0.91700184,0.35137606,0.15592015,-0.3252806,-0.9326743,0.9695599,0.2308681,0.08156867
1356273185828,0.19905078,-0.90767527,0.36946487,0.14082941,-0.34660214,-0.9273802,0.9698174,0.23662734,0.058835953
1356273185868,0.19495803,-0.90244496,0.38416728,0.13222298,-0.36392528,-0.9219954,0.97185826,0.23054612,0.04837379
1356273185908,0.17196578,-0.9031763,0.39331958,0.1281339,-0.37536788,-0.9179764,0.97673404,0.20825806,0.0511771
1356273185948,0.13052791,-0.9089731,0.3958919,0.12727955,-0.38064098,-0.91592157,0.9832407,0.16994226,0.06600945
1356273185988,0.07923043,-0.91574824,0.39386255,0.12918127,-0.3823411,-0.91494673,0.9884507,0.1233713,0.088004425
1356273186029,0.03229171,-0.919508,0.39174265,0.13385311,-0.38443768,-0.9133953,0.9904749,0.081931055,0.11066492
1356273186068,0.0026721954,-0.9190422,0.39415008,0.14123836,-0.38985348,-0.90998137,0.98997205,0.05810079,0.12876223
1356273186108,-0.00437361,-0.91549194,0.40231267,0.15026584,-0.39835006,-0.90484107,0.988636,0.05649641,0.13930938
1356273186148,0.008015215,-0.9106649,0.41306794,0.15866745,-0.40668982,-0.89968216,0.98729956,0.07275161,0.14123318
1356273186188,0.03338653,-0.9062047,0.4215192,0.16421667,-0.41104835,-0.8967007,0.98585916,0.09915823,0.13509046
1356273186228,0.06807071,-0.9027237,0.4248014,0.16578239,-0.40963495,-0.8970594,0.98381025,0.13148814,0.12177153
1356273186268,0.11014688,-0.90003216,0.42167482,0.16400743,-0.40198177,-0.9008397,0.9802903,0.1683825,0.10333496
1356273186308,0.15562093,-0.8979659,0.41163015,0.1617494,-0.38791835,-0.9073899,0.9744841,0.20778978,0.08487725
1356273186346,0.19512528,-0.8981898,0.39393046,0.16410324,-0.3660897,-0.91599596,0.9669521,0.24337924,0.07596247
1356273186386,0.21606427,-0.90430254,0.3681754,0.17749017,-0.33442205,-0.9255588,0.96011114,0.26532778,0.08824815
1356273186426,0.21163917,-0.9177468,0.33607972,0.2056633,-0.2943501,-0.9333063,0.955464,0.26664346,0.12645087
1356273186466,0.18815255,-0.9342515,0.30294004,0.24323398,-0.25451475,-0.93598044,0.9515439,0.24979237,0.17935416
1356273186506,0.16046798,-0.947643,0.27608487,0.27555853,-0.22557765,-0.9344422,0.9477961,0.22602564,0.22493309
1356273186546,0.14024413,-0.95517814,0.26070312,0.28890297,-0.21236986,-0.9335063,0.9470304,0.20623666,0.24617024
1356273186586,0.13161826,-0.9570229,0.25842577,0.27970052,-0.21424872,-0.93587667,0.9510228,0.19546026,0.23948069
1356273186626,0.13392127,-0.9541188,0.26781014,0.25335675,-0.22829908,-0.94004774,0.9580581,0.19374385,0.21115844
1356273186666,0.14506555,-0.94701785,0.28655416,0.21922082,-0.25165564,-0.9426621,0.9648307,0.19956651,0.1710994
1356273186706,0.16220045,-0.9361334,0.31200236,0.18580508,-0.28155828,-0.9413829,0.9691066,0.21066442,0.12826931
1356273186746,0.18063623,-0.9224645,0.3412179,0.15917051,-0.31493443,-0.9356713,0.970585,0.22332788,0.08994067
1356273186796,0.1944108,-0.90798163,0.371179,0.14207992,-0.34834313,-0.9265368,0.97057605,0.2328659,0.0612842
1356273186828,0.19653529,-0.89538383,0.39957687,0.13421479,-0.37912154,-0.9155617,0.97126734,0.2335693,0.045663044
1356273186868,0.18083358,-0.88727486,0.4243142,0.13259324,-0.4054945,-0.9044298,0.9745349,0.21981248,0.044319585
1356273186908,0.14571059,-0.8838204,0.44455597,0.13357902,-0.4276613,-0.89401484,0.9802679,0.18965086,0.05574502
1356273186948,0.09655702,-0.8824332,0.46042204,0.13496172,-0.44670355,-0.88444406,0.9861349,0.1475386,0.07596232
1356273186986,0.04557419,-0.879598,0.4735298,0.13684419,-0.46405655,-0.87517154,0.9895437,0.10468501,0.0992188
1356273187026,0.0067249537,-0.8737211,0.48638058,0.1410676,-0.48069847,-0.86546457,0.9899771,0.07443276,0.12002112
1356273187066,-0.012020707,-0.8659148,0.5000471,0.1488676,-0.49605978,-0.85543156,0.9887841,0.0641579,0.13486968
1356273187106,-0.010950625,-0.85850734,0.51268435,0.15932876,-0.5076627,-0.8466953,0.98716486,0.072413504,0.14234412
1356273187146,0.0047650337,-0.8540118,0.52023184,0.16944942,-0.51202476,-0.8420912,0.9855274,0.09216556,0.142272
1356273187187,0.032119274,-0.8537127,0.5197529,0.17663082,-0.5069883,-0.8436614,0.983753,0.118902236,0.13450778
1356273187226,0.06852746,-0.858279,0.5085875,0.17969933,-0.49082893,-0.85252285,0.9813318,0.14981404,0.12059684
1356273187266,0.11230683,-0.86575925,0.48769683,0.1792393,-0.465101,-0.8669224,0.97737426,0.18477574,0.10294403
1356273187306,0.15679872,-0.8759496,0.45620874,0.17787397,-0.42932266,-0.8854619,0.97148085,0.21998695,0.08849141
1356273187346,0.18961889,-0.8897166,0.41526982,0.18079105,-0.38407296,-0.9054295,0.96506953,0.24676362,0.08802536
1356273187386,0.19921309,-0.9082527,0.36795533,0.19454572,-0.33135277,-0.92323196,0.960451,0.255504,0.11068688
1356273187426,0.18500364,-0.9294044,0.3193449,0.22126591,-0.2772172,-0.9349824,0.95750463,0.24363533,0.1543593
1356273187466,0.15921259,-0.9479259,0.27584043,0.25230446,-0.2310574,-0.93965685,0.95446,0.219201,0.20237865
1356273187506,0.13670272,-0.9603809,0.24285975,0.2726637,-0.19921273,-0.94125915,0.9523481,0.19489169,0.23462808
1356273187546,0.12547779,-0.9667493,0.22282496,0.27297926,-0.18228698,-0.94459176,0.95380163,0.1793518,0.2410296
1356273187586,0.12643164,-0.9682962,0.21544692,0.25402364,-0.17834419,-0.95061314,0.9588988,0.17491618,0.22342183
1356273187626,0.13736773,-0.9659611,0.2192015,0.22306034,-0.18544751,-0.95700234,0.96507734,0.18035644,0.18999307
1356273187666,0.15555972,-0.96012306,0.23230362,0.1887002,-0.20195335,-0.9610448,0.9696357,0.19333562,0.14975955
1356273187706,0.17750007,-0.9510525,0.25296834,0.158086,-0.22615701,-0.96117735,0.97134066,0.21059978,0.11020516
1356273187746,0.19816029,-0.93950737,0.27938905,0.1359199,-0.25594872,-0.9570873,0.9706999,0.22763124,0.07697889
1356273187796,0.21097761,-0.9270896,0.30982813,0.12419501,-0.2889703,-0.949248,0.96956897,0.2387492,0.05417362
1356273187828,0.20857334,-0.91606486,0.3425236,0.122145176,-0.32308483,-0.9384545,0.9703493,0.23757422,0.044505954
1356273187868,0.18612075,-0.9075326,0.37648872,0.12662292,-0.35783333,-0.9251606,0.9743335,0.21986371,0.048314154
1356273187908,0.14399433,-0.9006432,0.41000912,0.13363755,-0.39283353,-0.90984774,0.98051345,0.18580556,0.06379387
1356273187946,0.090881824,-0.8925113,0.44177368,0.13996845,-0.42775816,-0.89299035,0.98597634,0.14299098,0.08604805
1356273187986,0.0412485,-0.8813375,0.47068316,0.14498916,-0.4608178,-0.8755712,0.988573,0.104359925,0.108776405
1356273188026,0.008194566,-0.8684143,0.49577177,0.15055358,-0.48906553,-0.85915583,0.98856795,0.081680655,0.12673509
1356273188066,-0.003359139,-0.8572992,0.5148076,0.15796137,-0.508802,-0.8462676,0.98743963,0.078476995,0.13712929
1356273188106,0.0047104955,-0.85161555,0.5241458,0.16636065,-0.51618004,-0.8401681,0.98605376,0.0911549,0.1392438
1356273188146,0.027582288,-0.8542243,0.51917255,0.17304853,-0.5074482,-0.8441271,0.984527,0.113125026,0.13382564
1356273188186,0.06263322,-0.8651873,0.49752182,0.17548314,-0.48118758,-0.8588737,0.982488,0.14110067,0.12168749
1356273188226,0.107839465,-0.8822166,0.45832813,0.17200005,-0.4375084,-0.88261116,0.9791765,0.17401278,0.10456057
1356273188266,0.15819323,-0.9012513,0.40338704,0.16290322,-0.37911147,-0.9108991,0.97387755,0.20981115,0.0868438
1356273188306,0.2032854,-0.9190913,0.33755937,0.15261322,-0.3108014,-0.9381428,0.9671527,0.24222675,0.077084035
1356273188346,0.23001224,-0.93552244,0.2681272,0.15053478,-0.23799658,-0.9595295,0.96147466,0.261066,0.08608656
1356273188386,0.23137927,-0.95172036,0.20172256,0.16567695,-0.16577333,-0.97214735,0.95865256,0.25835553,0.11932163
1356273188426,0.21384162,-0.9663831,0.14274266,0.19635454,-0.10061866,-0.9753567,0.9569309,0.23660001,0.16823733
1356273188466,0.1925224,-0.97678757,0.09392077,0.22760019,-0.048652768,-0.9725385,0.95453304,0.20861182,0.21295023
1356273188506,0.17886394,-0.9822395,0.056686312,0.24284866,-0.011757314,-0.96999294,0.95343184,0.18726295,0.23643255
1356273188565,0.17522943,-0.9840361,0.031106979,0.235621,0.011237979,-0.97178006,0.955917,0.17761397,0.23382881
1356273188586,0.1790415,-0.9837064,0.016304493,0.2098605,0.02199471,-0.9774839,0.96119857,0.17843181,0.2103791
1356273188627,0.18813768,-0.98207945,0.011145353,0.17317015,0.021999806,-0.9846462,0.9667556,0.18717909,0.17420581
1356273188664,0.20097977,-0.97948325,0.014819771,0.13435599,0.01257664,-0.9908533,0.97033787,0.20113254,0.13412711
1356273188707,0.21584713,-0.97607356,0.026276082,0.10020274,-0.0046257377,-0.99495625,0.9712721,0.21739137,0.096806824
1356273188746,0.22887725,-0.97244143,0.044418514,0.07602194,-0.02763486,-0.9967232,0.9704823,0.23150408,0.06760186
1356273188795,0.23433858,-0.96982837,0.06721935,0.0644975,-0.053482413,-0.9964837,0.97001314,0.23785007,0.05001849
1356273188828,0.22579724,-0.96980333,0.0921801,0.06578031,-0.07922953,-0.9946836,0.9719509,0.23066041,0.04590413
1356273188868,0.19939536,-0.97292376,0.11687994,0.07826105,-0.103083074,-0.9915892,0.976789,0.20686543,0.05558777
1356273188907,0.15801686,-0.9774791,0.13987565,0.09854886,-0.12533659,-0.98720765,0.9825064,0.16978005,0.07652417
1356273188947,0.11119962,-0.98069245,0.16086316,0.12177974,-0.1472004,-0.9815812,0.98630846,0.12874126,0.10305992
1356273188987,0.07235509,-0.98078823,0.18116087,0.14311019,-0.1695481,-0.97507584,0.98705834,0.09647766,0.12809315
1356273189027,0.05199969,-0.9779026,0.2024909,0.15964955,-0.19201714,-0.96831894,0.98580325,0.0826799,0.14613682
1356273189067,0.051941097,-0.9729765,0.22498637,0.17033416,-0.21335769,-0.96201086,0.9840165,0.08829084,0.15464908
1356273189107,0.06707704,-0.9667462,0.24678421,0.17482078,-0.23212719,-0.95684624,0.9823128,0.107325435,0.1534369
1356273189146,0.092066586,-0.9596283,0.2657768,0.1731196,-0.24741971,-0.9533168,0.98058826,0.13377973,0.14335138
1356273189186,0.12446493,-0.9516071,0.28098434,0.16610977,-0.25920588,-0.9514303,0.97822076,0.1650939,0.1258093
1356273189226,0.16270196,-0.94239515,0.29226607,0.1565705,-0.26780015,-0.9506675,0.97417337,0.20043573,0.10397966
1356273189266,0.2020948,-0.9325922,0.2990476,0.14984697,-0.27230835,-0.9504705,0.9678345,0.23689657,0.08471404
1356273189306,0.23229116,-0.9255322,0.2990502,0.15299013,-0.26886523,-0.9509498,0.96053886,0.26664892,0.07914227
1356273189346,0.24139142,-0.9262652,0.28941837,0.17159444,-0.25279725,-0.9521811,0.9551364,0.27951095,0.09791887
1356273189386,0.22624457,-0.93577874,0.27042845,0.2051942,-0.22561097,-0.9523629,0.9522126,0.27095726,0.1409731
1356273189426,0.19733584,-0.9484395,0.24803427,0.24350783,-0.19765818,-0.94954467,0.9496118,0.24777746,0.19194745
1356273189467,0.17011285,-0.95800614,0.23083743,0.27097908,-0.17974359,-0.9456546,0.9474344,0.22342008,0.2290229
1356273189506,0.15374845,-0.96223044,0.22466412,0.27850065,-0.17595023,-0.9441816,0.94805,0.2077356,0.24092974
1356273189546,0.14980596,-0.9613399,0.23104948,0.2662918,-0.185821,-0.9458115,0.9521801,0.2032148,0.2281598
1356273189586,0.15481412,-0.95609725,0.24881828,0.24231589,-0.20741385,-0.9477671,0.95776594,0.20702034,0.19956702
1356273189626,0.1656695,-0.9468864,0.27560803,0.2138853,-0.23831886,-0.94734216,0.962708,0.21589419,0.16304289
1356273189666,0.17861265,-0.934066,0.30922204,0.18791431,-0.2761069,-0.94257796,0.96580833,0.22646365,0.12620817
1356273189706,0.18995607,-0.9186013,0.34653774,0.16838753,-0.31725162,-0.9332722,0.96724474,0.23563331,0.094417155
1356273189746,0.19473839,-0.9025626,0.38400215,0.1566732,-0.3578477,-0.9205424,0.96826154,0.23942775,0.07172072
1356273189794,0.1872735,-0.8891008,0.41764635,0.15138653,-0.39396632,-0.906572,0.9705724,0.23300293,0.060818434
1356273189828,0.1634183,-0.88099104,0.44401488,0.15003675,-0.42263657,-0.8937938,0.9750812,0.21268085,0.06311448
1356273189868,0.12368125,-0.8783151,0.46180695,0.15109727,-0.44328475,-0.88355434,0.9807511,0.17905685,0.07788494
1356273189908,0.075612664,-0.8777275,0.4731566,0.15378964,-0.45857203,-0.8752488,0.98520637,0.13894644,0.10031153
1356273189946,0.031200469,-0.8750973,0.48294035,0.15807378,-0.47277462,-0.86688924,0.9869343,0.103387564,0.1235791
1356273189986,0.0020419955,-0.8677072,0.4970715,0.16493708,-0.4899724,-0.8559923,0.986302,0.08373347,0.14211655
1356273190026,-0.0067103505,-0.85544026,0.5178579,0.17479774,-0.51089966,-0.8416811,0.9845815,0.084872395,0.15295741
1356273190066,0.0024777055,-0.840413,0.5419408,0.18643701,-0.5320523,-0.8259307,0.9824637,0.10308418,0.15536585
1356273190106,0.024300635,-0.82579505,0.56344646,0.19770694,-0.5485114,-0.8124329,0.9799599,0.1311399,0.14993627
1356273190146,0.055454552,-0.81410265,0.5780672,0.20711052,-0.5569867,-0.8042829,0.97674453,0.16432491,0.1377218
1356273190186,0.09411448,-0.8067082,0.5834075,0.21461165,-0.5557912,-0.80314255,0.9721545,0.20079339,0.120821
1356273190226,0.13612586,-0.80494213,0.5775274,0.22122657,-0.5435352,-0.80970883,0.96567523,0.23798671,0.104085416
1356273190266,0.17194873,-0.8115193,0.55845314,0.22855884,-0.51856256,-0.82392573,0.9582246,0.26931235,0.096313775
1356273190306,0.18869698,-0.8295945,0.5255154,0.23935679,-0.4801374,-0.8439054,0.95241886,0.28502804,0.10796862
1356273190346,0.17884552,-0.85804766,0.48142344,0.25718325,-0.4315288,-0.8646616,0.94966894,0.27845487,0.14349851
1356273190386,0.14916986,-0.8888319,0.43327385,0.28126317,-0.38193572,-0.88035,0.9479659,0.25318563,0.1930224
1356273190426,0.11756873,-0.9129796,0.39069906,0.30231822,-0.34184843,-0.8897996,0.9459288,0.22272804,0.23581976
1356273190466,0.09935552,-0.92733324,0.36080682,0.30895615,-0.31593,-0.89706993,0.9458724,0.20060232,0.25511593
1356273190506,0.09908295,-0.93320954,0.34540185,0.2969141,-0.3035714,-0.9053653,0.9497497,0.19226092,0.24700435
1356273190546,0.11278993,-0.932674,0.34263343,0.27065295,-0.30295593,-0.913764,0.95604676,0.19579813,0.21826065
1356273190586,0.13481963,-0.92699564,0.35000402,0.23765767,-0.31266677,-0.9196512,0.96194726,0.20716816,0.17815398
1356273190626,0.15893185,-0.91713893,0.36550897,0.2058779,-0.33128893,-0.92079425,0.9655853,0.22159377,0.13616632
1356273190666,0.18055612,-0.90413964,0.3872092,0.17990896,-0.35667807,-0.9167407,0.9669707,0.23518556,0.098262414
1356273190706,0.19542736,-0.8892461,0.41358122,0.16226408,-0.38658184,-0.90786827,0.96720135,0.24453172,0.06874408
1356273190746,0.19885081,-0.8743859,0.44261467,0.15326065,-0.41833234,-0.8952706,0.9679719,0.24586073,0.050823167
1356273190794,0.185947,-0.8618062,0.4719256,0.15070409,-0.44960368,-0.8804231,0.97093356,0.23483318,0.04627523
1356273190828,0.15437889,-0.85274357,0.49899447,0.15152961,-0.4786387,-0.8648374,0.97632265,0.20912507,0.05532424
1356273190868,0.107756555,-0.8459736,0.52222335,0.1536645,-0.504797,-0.8494512,0.98223007,0.17178115,0.07560089
1356273190907,0.057103038,-0.83850825,0.5418885,0.1560843,-0.5286018,-0.8343966,0.98609173,0.13222685,0.10069327
1356273190946,0.014836848,-0.8288662,0.55925,0.15970093,-0.5501671,-0.8196412,0.9870539,0.10147363,0.12420803
1356273190986,-0.0094207525,-0.81735736,0.576054,0.16640007,-0.56932867,-0.80509365,0.9860133,0.08827087,0.14137186
1356273191026,-0.013244808,-0.80629313,0.5913679,0.17640218,-0.5840277,-0.79233444,0.984229,0.0938243,0.14996722
1356273191067,1.8018484E-4,-0.79878974,0.6016102,0.18740234,-0.5909247,-0.78465813,0.98228323,0.11288458,0.1495886
1356273191106,0.026878476,-0.7974198,0.60282606,0.19652334,-0.5870603,-0.78532726,0.98013073,0.1395778,0.14093226
1356273191146,0.06469977,-0.80295557,0.5925169,0.20186096,-0.57095504,-0.7957779,0.9772749,0.17109272,0.12514472
1356273191186,0.111643374,-0.81418216,0.56977475,0.20298672,-0.54258645,-0.8151052,0.9727961,0.2066578,0.10469193
1356273191226,0.16205084,-0.8291654,0.5349994,0.20134622,-0.5029755,-0.840521,0.9660224,0.24392727,0.08544164
1356273191266,0.20403576,-0.8475207,0.48997757,0.20064795,-0.45367676,-0.86828434,0.9581804,0.27547398,0.07748705
1356273191306,0.22337484,-0.8705851,0.43838948,0.2066563,-0.39723092,-0.8941481,0.95257384,0.29032612,0.09118047
1356273191346,0.21428728,-0.8974612,0.38554427,0.22422358,-0.33897567,-0.9136844,0.95068645,0.28223902,0.12859379
1356273191386,0.18637782,-0.92254364,0.3379,0.25035644,-0.2879768,-0.92433274,0.95004463,0.25687063,0.17729226
1356273191426,0.15725303,-0.94031024,0.30180815,0.27254716,-0.25241905,-0.928441,0.9492047,0.22825712,0.21658522
1356273191466,0.13944924,-0.9494779,0.28115058,0.2788274,-0.23478669,-0.9311985,0.95016277,0.2082474,0.23199955
1356273191506,0.13612211,-0.95131606,0.27652943,0.2664855,-0.23367971,-0.93508244,0.95417833,0.20097646,0.22170298
1356273191565,0.14464974,-0.9471364,0.28637227,0.24131203,-0.24691057,-0.93851143,0.95960665,0.20486051,0.19283983
1356273191586,0.16097176,-0.9375944,0.30822834,0.21234095,-0.27208722,-0.93855196,0.9638461,0.2165299,0.15529135
1356273191627,0.18129271,-0.9230138,0.33937943,0.18677613,-0.30650038,-0.93336606,0.9655297,0.23260045,0.11683071
1356273191664,0.20031905,-0.904165,0.37730354,0.1690414,-0.3474369,-0.92234087,0.9650375,0.2485424,0.08324301
1356273191707,0.21233135,-0.882861,0.41889343,0.16025043,-0.391406,-0.90615726,0.9639684,0.2595334,0.05837117
1356273191746,0.21149677,-0.8614571,0.4616933,0.15908965,-0.43573672,-0.885903,0.96434414,0.26081625,0.044892043
1356273191793,0.19280648,-0.8426535,0.5027531,0.1620251,-0.47799295,-0.86329055,0.9677673,0.2479066,0.044370934
1356273191828,0.1554228,-0.8271135,0.5401176,0.16501376,-0.5173415,-0.83971906,0.97396827,0.21963832,0.056078464
1356273191868,0.10367763,-0.81388175,0.57170576,0.16517681,-0.5527322,-0.81682545,0.9807995,0.17911905,0.077128395
1356273191908,0.049658835,-0.8003329,0.59749585,0.16265288,-0.58376724,-0.795462,0.9854329,0.13668618,0.101187244
1356273191948,0.0061601996,-0.78586215,0.618371,0.16105026,-0.6095305,-0.7762315,0.98692703,0.104370564,0.12280847
1356273191988,-0.017812371,-0.77158487,0.6358771,0.16427788,-0.62959343,-0.7593583,0.9862533,0.090934545,0.13796881
1356273192028,-0.021042287,-0.76011086,0.6494526,0.17277011,-0.6425882,-0.74647903,0.98473734,0.0964984,0.14484596
1356273192068,-0.007056594,-0.75408936,0.6567339,0.18370336,-0.64655054,-0.7404225,0.9829564,0.11541939,0.1430912
1356273192107,0.020260453,-0.7552812,0.6550876,0.19377518,-0.63983136,-0.74368465,0.98083663,0.14200708,0.13339156
1356273192148,0.05954784,-0.763384,0.6431944,0.20108691,-0.62195534,-0.756793,0.9777618,0.17440337,0.11647043
1356273192194,0.108552754,-0.77748644,0.6194602,0.2052252,-0.5921917,-0.7792249,0.97267616,0.21171585,0.09527585
1356273192226,0.15876305,-0.7965449,0.5833614,0.2071242,-0.55083686,-0.80850387,0.9653466,0.24918881,0.07753114
1356273192266,0.19733143,-0.8183472,0.5397853,0.21165362,-0.5020625,-0.8385321,0.9572163,0.27971625,0.07413343
1356273192306,0.21266723,-0.84419286,0.49204773,0.22446486,-0.44789243,-0.8654524,0.95099324,0.2945008,0.094239585
1356273192346,0.20346004,-0.87170744,0.4457917,0.24818328,-0.39452642,-0.88473386,0.94710565,0.29064602,0.13607286
1356273192386,0.18065912,-0.89588356,0.40590024,0.27626517,-0.34985417,-0.89514226,0.9439491,0.2738517,0.18429707
1356273192426,0.16049844,-0.9127399,0.37569416,0.29485616,-0.3189118,-0.90075254,0.94196606,0.25534514,0.21794216
1356273192466,0.15150017,-0.9218739,0.3566456,0.29527518,-0.30212754,-0.90638375,0.9433241,0.24262592,0.22643414
1356273192506,0.15367228,-0.9246108,0.34853965,0.27848655,-0.29790455,-0.9130708,0.94806653,0.23737732,0.2117119
1356273192546,0.16351098,-0.92222106,0.3503891,0.25120226,-0.30454218,-0.91877717,0.95402384,0.23824865,0.181868
1356273192586,0.17751187,-0.91548204,0.3610848,0.2211571,-0.32041764,-0.92109835,0.9589468,0.24336234,0.14558738
1356273192626,0.1923052,-0.90496147,0.3795568,0.19462249,-0.34392267,-0.9186073,0.9618424,0.25052327,0.10998769
1356273192666,0.20357001,-0.89149165,0.4047245,0.1754787,-0.3734638,-0.9108963,0.9632064,0.25645173,0.08041175
1356273192706,0.20548314,-0.87645924,0.4354262,0.16481173,-0.40757543,-0.8981757,0.9646833,0.25632334,0.060700774
1356273192746,0.19176757,-0.86142683,0.4702862,0.16086522,-0.44511056,-0.880908,0.9681671,0.24458227,0.05321583
1356273192793,0.1588034,-0.8469546,0.5073947,0.16002557,-0.4850406,-0.85972524,0.9742552,0.2177234,0.05850829
1356273192828,0.1088416,-0.83193195,0.5440981,0.15865946,-0.52579445,-0.8356838,0.9813158,0.17728344,0.07476556
1356273192868,0.05188924,-0.81454754,0.5777715,0.15517184,-0.5649479,-0.81040454,0.9865238,0.13170514,0.09708011
1356273192907,0.0031530857,-0.794733,0.6069511,0.15165532,-0.5995537,-0.7858347,0.9884285,0.09452522,0.118634954
1356273192946,-0.025870442,-0.7753068,0.63105476,0.1525769,-0.62693226,-0.76398706,0.98795295,0.07651967,0.1345129
1356273192986,-0.032132685,-0.7599772,0.6491549,0.1599454,-0.6450299,-0.7472308,0.9866028,0.079818845,0.14228138
1356273193026,-0.019030213,-0.75208795,0.658788,0.1722767,-0.6515187,-0.7388126,0.9848648,0.09943402,0.14196575
1356273193066,0.008743644,-0.75391304,0.656916,0.1863282,-0.64420724,-0.7418078,0.9824486,0.1288881,0.13484254
1356273193106,0.049393296,-0.7656913,0.6413089,0.19937477,-0.6216108,-0.7575286,0.97867763,0.1652776,0.12195617
1356273193146,0.100957096,-0.78607404,0.60983235,0.20904312,-0.58252007,-0.7854754,0.9726812,0.20678058,0.105513714
1356273193186,0.15639585,-0.811802,0.5625991,0.21365938,-0.52831453,-0.82172585,0.9643081,0.24871907,0.09082291
1356273193226,0.20177978,-0.8396814,0.5042025,0.21477738,-0.46432698,-0.85922706,0.9555918,0.281666,0.086652726
1356273193266,0.22053486,-0.8691722,0.4426106,0.2195715,-0.39789593,-0.8907678,0.9503435,0.29363003,0.10309549
1356273193306,0.20780224,-0.8995756,0.38416398,0.23486945,-0.33536124,-0.91234267,0.9495549,0.2798153,0.14159401
1356273193346,0.17492622,-0.92659485,0.33290032,0.25854814,-0.2830178,-0.923609,0.9500282,0.24763417,0.19006227
1356273193386,0.14266592,-0.94640833,0.28975454,0.27786,-0.24268043,-0.9294622,0.9499686,0.21311375,0.22834677
1356273193426,0.12550688,-0.95872957,0.255119,0.280999,-0.21226889,-0.93593884,0.9514661,0.18915495,0.24276082
1356273193466,0.12602013,-0.9652114,0.22909775,0.26491594,-0.18980873,-0.9454058,0.9560013,0.1798318,0.23178025
1356273193506,0.13970149,-0.967364,0.21140087,0.23416394,-0.17516351,-0.9562871,0.9621074,0.18309718,0.20205118
1356273193546,0.16070223,-0.96622455,0.20145702,0.19631293,-0.16874135,-0.9659128,0.9672828,0.19477296,0.16256523
1356273193587,0.18389016,-0.9626794,0.19857681,0.15854284,-0.17032808,-0.97254944,0.97007656,0.21032521,0.12130427
1356273193626,0.20475835,-0.9577352,0.20203322,0.12641111,-0.17880332,-0.9757303,0.97061545,0.22532818,0.08445686
1356273193666,0.21897519,-0.95262754,0.21106988,0.10378036,-0.19235373,-0.97582257,0.9701956,0.23558584,0.056743383
1356273193706,0.22167134,-0.94884527,0.22484303,0.092603445,-0.20905346,-0.9735097,0.97071433,0.23662049,0.041525185
1356273193746,0.20860916,-0.9474089,0.24269,0.092449635,-0.22793543,-0.96927726,0.9736197,0.22463676,0.0400382
1356273193790,0.17846209,-0.94809675,0.26318017,0.10116503,-0.24837637,-0.9633664,0.97873235,0.19854903,0.051588476
