1356272751138,-0.14090836,-0.23004156,0.9629257,-0.13247815,-0.95950145,-0.24860953,0.98111904,-0.16259776,0.104726225
1356272751286,0.1676004,0.46079293,-0.87153894,0.09208438,0.8728616,0.47920048,0.98154503,-0.16056931,0.10386014
1356272751326,0.16518265,0.4511626,-0.8770217,0.09286782,0.87817115,0.46924514,0.981881,-0.15895826,0.10316014
1356272751368,0.16285259,0.4433961,-0.8814074,0.093247354,0.8824178,0.46113318,0.98223424,-0.15728568,0.10235852
1356272751406,0.16019613,0.43511117,-0.88601106,0.09369232,0.8868481,0.4524624,0.98262864,-0.1554952,0.10130304
1356272751446,0.1571807,0.42560524,-0.89115334,0.094539925,0.89174104,0.44256076,0.98303425,-0.15381154,0.09992778
1356272751488,0.15395135,0.4151463,-0.896634,0.096034065,0.89686924,0.43174416,0.98340046,-0.15257497,0.09820604
1356272751527,0.15063071,0.4044305,-0.90207887,0.09832889,0.9018362,0.42074084,0.9836879,-0.1520769,0.096077025
1356272751566,0.14749378,0.39390522,-0.90723985,0.1013038,0.90643156,0.4100236,0.98386127,-0.15238276,0.09378892
1356272751608,0.14498046,0.3839543,-0.911899,0.104608774,0.9105228,0.40000635,0.983889,-0.1533857,0.09184301
1356272751647,0.14347258,0.37451133,-0.91605496,0.107782245,0.9142124,0.39063883,0.9837675,-0.15478043,0.090798736
1356272751686,0.14304239,0.365477,-0.9197638,0.11041984,0.91762537,0.38179988,0.9835377,-0.15617377,0.0909034
1356272751726,0.14360055,0.35704115,-0.92298454,0.112329096,0.9207429,0.3736505,0.98324007,-0.15733445,0.09211308
1356272751768,0.14471611,0.34937084,-0.92574143,0.11367163,0.92352575,0.36630428,0.9829222,-0.15824066,0.09393549
1356272751807,0.14597416,0.34279123,-0.9280008,0.114809535,0.9258406,0.3600527,0.9826038,-0.15910171,0.09579313
1356272751852,0.14718872,0.33765668,-0.92968994,0.11602654,0.9275439,0.35524657,0.9822796,-0.160157,0.09734684
1356272751876,0.14839694,0.3342661,-0.93072253,0.1171925,0.9285671,0.3521775,0.9819594,-0.16133577,0.09862304
1356272751936,0.14994693,0.33236954,-0.93115336,0.118483305,0.9289733,0.35067123,0.981569,-0.16290821,0.09991646
1356272751957,0.15200111,0.3326904,-0.93070555,0.11947716,0.92855716,0.35143524,0.9811325,-0.1646166,0.101392806
1356272751996,0.1542545,0.33489555,-0.92954314,0.120047994,0.9274805,0.35407397,0.980711,-0.16620728,0.102864504
1356272752034,0.15623778,0.3384865,-0.92790985,0.120225295,0.9259443,0.35801253,0.9803753,-0.16749331,0.10397285
1356272752078,0.157671,0.34290954,-0.92604154,0.12007257,0.9241557,0.36265522,0.98016447,-0.16837241,0.1045385
1356272752116,0.15857714,0.34763128,-0.9241244,0.119667396,0.9223006,0.36747983,0.9800679,-0.16886148,0.10465568
1356272752178,0.15917665,0.35212559,-0.922318,0.11906331,0.92056334,0.3720041,0.98004425,-0.1690286,0.10460693
1356272752202,0.15988609,0.35611767,-0.92066103,0.1181285,0.9190546,0.37601104,0.9800419,-0.16887525,0.1048764
1356272752238,0.16090384,0.3597433,-0.9190727,0.11687298,0.91770947,0.3796709,0.9800258,-0.16850528,0.105618715
1356272752277,0.16237599,0.36322075,-0.91744465,0.115075305,0.9164685,0.38320115,0.9799958,-0.1677979,0.107014716
1356272752308,0.16396114,0.36745957,-0.9154727,0.11297825,0.9149306,0.38747638,0.9799759,-0.16695958,0.1084981
1356272752348,0.16552562,0.37225518,-0.91325104,0.110462695,0.91319966,0.39225549,0.97999966,-0.1658085,0.110037625
1356272752378,0.1670556,0.37946373,-0.90999985,0.1076114,0.9104384,0.39940163,0.98005724,-0.16464862,0.11125922
1356272752417,0.16807592,0.38745987,-0.9064355,0.10475622,0.90728945,0.4072493,0.98019207,-0.16340354,0.11190468
1356272752447,0.16903359,0.39838415,-0.9015086,0.10170387,0.9027375,0.41799682,0.980349,-0.16234243,0.112075746
1356272752488,0.1693232,0.40944496,-0.8964845,0.09929106,0.89790404,0.42884687,0.98054624,-0.1616266,0.11138177
1356272752527,0.16936621,0.4224581,-0.890418,0.09741199,0.8918706,0.44167602,0.98072726,-0.16154237,0.109900296
1356272752558,0.16948867,0.43606925,-0.8838083,0.0960021,0.8852127,0.45517254,0.98084515,-0.16199404,0.10816997
1356272752597,0.1694808,0.44806078,-0.87779146,0.09618279,0.87890464,0.46719965,0.9808288,-0.16360983,0.10586172
1356272752628,0.16969451,0.45911008,-0.8720216,0.09688492,0.8727966,0.47837174,0.9807227,-0.16566278,0.10362798
1356272752666,0.17022619,0.46817005,-0.86708707,0.098779485,0.8673902,0.48772615,0.98044163,-0.16867417,0.10140693
1356272752706,0.17121017,0.47531024,-0.862999,0.10138634,0.86278254,0.49530503,0.980004,-0.17229757,0.09952718
1356272752746,0.17272359,0.48042557,-0.8598592,0.10437253,0.85913754,0.5009881,0.97942483,-0.17627814,0.09825009
1356272752786,0.17495522,0.48357755,-0.8576382,0.107383594,0.856505,0.5048445,0.97870284,-0.18042143,0.09792173
1356272752826,0.17833957,0.4848704,-0.8562101,0.1100162,0.8548777,0.5070311,0.9777993,-0.18462066,0.099114954
1356272752866,0.18355307,0.48437825,-0.85538644,0.111836284,0.854231,0.5077224,0.9766273,-0.18885723,0.10262567
1356272752906,0.19142139,0.48218966,-0.8548983,0.11247729,0.8544901,0.50714445,0.9750419,-0.19323498,0.10933226
1356272752946,0.20263639,0.47851443,-0.8543784,0.11178683,0.85547185,0.5056398,0.97285265,-0.19796929,0.119858086
1356272752986,0.2171168,0.47371632,-0.85349464,0.10972875,0.8569659,0.5035564,0.96995866,-0.20298347,0.13408142
1356272753026,0.23360446,0.46829003,-0.8521346,0.10590845,0.8589138,0.5010493,0.96654654,-0.20729558,0.15105021
1356272753066,0.24975216,0.46270472,-0.85060465,0.09992899,0.8614362,0.49793762,0.96313965,-0.20936106,0.16890794
1356272753106,0.26364926,0.45746636,-0.84924304,0.09198858,0.8644566,0.4942196,0.9602225,-0.20842129,0.18583167
1356272753176,0.274508,0.45291114,-0.84824336,0.08310567,0.8676555,0.4901707,0.95798683,-0.2050496,0.20053887
1356272753189,0.28292644,0.44917905,-0.84746146,0.074124634,0.87068003,0.48623228,0.9562731,-0.20038576,0.21304315
1356272753228,0.29046613,0.44614407,-0.8465134,0.065723985,0.87326384,0.4827946,0.9546255,-0.19587174,0.2243312
1356272753268,0.29933497,0.44355613,-0.844782,0.057829574,0.87531674,0.48007953,0.952394,-0.19255799,0.23636222
1356272753308,0.31154776,0.44091085,-0.84174556,0.05065915,0.87686646,0.47805738,0.9488792,-0.19157982,0.2508496
1356272753348,0.3285793,0.43763778,-0.83696413,0.04470712,0.877967,0.47662905,0.9434178,-0.19402876,0.26891625
1356272753388,0.351456,0.43313885,-0.8299815,0.04048927,0.87867707,0.47569656,0.9353284,-0.20079173,0.29127884
1356272753428,0.38080072,0.42681497,-0.82025594,0.038311124,0.8790474,0.47519255,0.9238631,-0.21237858,0.31839013
1356272753468,0.41650146,0.41823816,-0.80721956,0.03810844,0.8790864,0.47513676,0.908336,-0.228657,0.35020238
1356272753508,0.45580143,0.40725467,-0.7914473,0.039249957,0.8791237,0.47497472,0.8892157,-0.24755844,0.3847211
1356272753548,0.49175787,0.39426985,-0.776354,0.040764898,0.8802084,0.47283342,0.86977726,-0.26416758,0.416777
1356272753578,0.51748455,0.38058954,-0.76639503,0.042911097,0.8829739,0.46745664,0.85461587,-0.27478844,0.44059387
1356272753618,0.52541244,0.36835194,-0.76698023,0.04550655,0.8879749,0.457635,0.84962994,-0.27534974,0.44979066
1356272753648,0.5204924,0.35844594,-0.77498657,0.049646974,0.8933807,0.4465491,0.8524217,-0.2709011,0.4472021
1356272753688,0.49163264,0.3503539,-0.7972135,0.05868414,0.9000816,0.43175146,0.868823,-0.25904688,0.42194927
1356272753718,0.45356148,0.3476792,-0.8206102,0.06657104,0.90497756,0.42021888,0.88873523,-0.245224,0.3873176
1356272753758,0.39673638,0.34634948,-0.8500837,0.07763575,0.91010624,0.40703726,0.91464365,-0.22748339,0.33418316
1356272753798,0.3308205,0.35243142,-0.87541413,0.08759849,0.9121729,0.4003337,0.9396193,-0.20912355,0.27089304
1356272753828,0.2705912,0.36730564,-0.88986903,0.09450875,0.9097523,0.40425095,0.9580441,-0.19348714,0.21145737
1356272753858,0.21799004,0.3846175,-0.89696693,0.10203828,0.9050506,0.41288212,0.97060215,-0.18152913,0.1580463
1356272753898,0.17381299,0.40548855,-0.8974231,0.11272292,0.8971123,0.42718035,0.978306,-0.17540962,0.11022192
1356272753928,0.1428838,0.43814087,-0.88747776,0.12258081,0.88194054,0.45514268,0.9821192,-0.17382026,0.07230735
1356272753967,0.12950507,0.47437876,-0.8707429,0.1361878,0.8613068,0.4894931,0.9821819,-0.18197641,0.046939015
1356272753998,0.13060269,0.5193383,-0.8445298,0.14902993,0.83186364,0.5345961,0.98016983,-0.19567989,0.031246662
1356272754028,0.14520073,0.564511,-0.81255406,0.16146517,0.7967278,0.5823692,0.9761382,-0.2157596,0.02453661
1356272754068,0.18034828,0.61177224,-0.7702007,0.17291515,0.7511261,0.6371106,0.9682845,-0.24808119,0.029679596
1356272754098,0.22214562,0.6596233,-0.7180171,0.17577668,0.69725734,0.6949351,0.959038,-0.28058743,0.03894627
1356272754138,0.2687507,0.7010783,-0.66050166,0.16907218,0.6407474,0.7489041,0.9482551,-0.31294096,0.05366844
1356272754178,0.30734232,0.735989,-0.60320884,0.15064144,0.5882671,0.7945118,0.9395998,-0.33505535,0.069928944
1356272754215,0.32825083,0.7629478,-0.5569219,0.12641439,0.5488049,0.82633686,0.9360934,-0.3416487,0.083698094
1356272754256,0.32890925,0.78172994,-0.52982736,0.10291991,0.52802855,0.84296703,0.93873644,-0.3317894,0.09321791
1356272754296,0.31396434,0.7929405,-0.5221799,0.08552897,0.52413285,0.8473309,0.9455746,-0.31069323,0.09673965
1356272754336,0.28850627,0.7957282,-0.5325229,0.07705909,0.53507155,0.8412849,0.95437205,-0.2837517,0.0930534
1356272754376,0.255372,0.78799677,-0.56022,0.07722834,0.56095576,0.8242357,0.9637536,-0.2537516,0.082396686
1356272754416,0.21538287,0.76657164,-0.6049613,0.081549495,0.6032179,0.79339635,0.97311866,-0.22021827,0.06740928
1356272754456,0.17191938,0.7284811,-0.66314316,0.081314206,0.6603748,0.74652064,0.9817493,-0.1822643,0.05429536
1356272754496,0.13624233,0.6759923,-0.7242047,0.06751573,0.72298574,0.687556,0.98837227,-0.14256945,0.052861154
1356272754536,0.12654638,0.62130725,-0.773281,0.03844866,0.77588993,0.62969553,0.99121535,-0.10941735,0.07429761
1356272754576,0.15576014,0.5793493,-0.80005825,0.0025004148,0.8097099,0.58682513,0.9877918,-0.09340443,0.124671936
1356272754616,0.21599871,0.5522634,-0.80520177,-0.029448122,0.8279787,0.5599859,0.9759495,-0.097244576,0.19510543
1356272754656,0.2813868,0.5288851,-0.80068845,-0.05052273,0.84141105,0.5380287,0.95826346,-0.11094119,0.2634827
1356272754696,0.32694346,0.49685913,-0.80389,-0.05622144,0.859357,0.5082762,0.9433701,-0.12098174,0.3088953
1356272754736,0.34144598,0.4508816,-0.8246941,-0.04450515,0.8841979,0.46498752,0.9388471,-0.12206496,0.32197237
1356272754776,0.3250627,0.39182383,-0.8607023,-0.018441424,0.9125824,0.4084768,0.94551265,-0.116907984,0.3038723
1356272754817,0.28412032,0.32562816,-0.90179926,0.013596609,0.9390981,0.34338006,0.95869225,-0.10982267,0.26238942
1356272754856,0.2286349,0.26183403,-0.9376402,0.04232251,0.9595679,0.27827728,0.9725919,-0.10330719,0.20830923
1356272754897,0.17061764,0.21128607,-0.96241766,0.06308767,0.9723928,0.22466016,0.9833155,-0.09904766,0.15257782
1356272754934,0.12135309,0.18343742,-0.9755122,0.077770874,0.9779973,0.19357936,0.98955804,-0.09935789,0.10441691
1356272754977,0.088035405,0.18339278,-0.97908974,0.09277026,0.9771247,0.19136618,0.9917879,-0.107677415,0.06900817
1356272755016,0.074809164,0.21445355,-0.97386515,0.11404225,0.9683544,0.2220004,0.9906553,-0.12766944,0.047985017
1356272755057,0.08581132,0.27856413,-0.9565764,0.14362147,0.94663125,0.2885518,0.98590535,-0.16214593,0.041223884
1356272755096,0.12308964,0.37473774,-0.9189236,0.17303944,0.9036758,0.39169824,0.9771931,-0.20722401,0.046388745
1356272755136,0.18236387,0.490246,-0.8522924,0.18734032,0.8336231,0.5195922,0.96521866,-0.25442356,0.06017989
1356272755176,0.2449274,0.59925044,-0.76217425,0.17538294,0.7457653,0.642709,0.95354676,-0.29108942,0.07756007
1356272755203,0.29045463,0.6794944,-0.6737385,0.14758995,0.6638547,0.7331535,0.94543815,-0.3123849,0.09253311
1356272755247,0.30663016,0.7242821,-0.6175706,0.1169194,0.6152507,0.779613,0.94462043,-0.31125882,0.10397184
1356272755287,0.29986513,0.7435362,-0.5976913,0.09601152,0.5998199,0.7943538,0.9491379,-0.29558426,0.108477
1356272755326,0.27869475,0.7430584,-0.60843533,0.088473976,0.6109774,0.7866887,0.9562958,-0.27307668,0.104534864
1356272755367,0.24620491,0.7224886,-0.6460599,0.092719615,0.6459642,0.7577158,0.9647726,-0.24645579,0.09205067
1356272755406,0.20301765,0.6775935,-0.7068599,0.10182732,0.70336926,0.70349336,0.97386605,-0.21479923,0.073798835
1356272755446,0.15289116,0.6071486,-0.7797403,0.10349393,0.774841,0.6236268,0.9828089,-0.17604539,0.055630147
1356272755487,0.11078647,0.5226863,-0.8452961,0.08708112,0.8421553,0.5321573,0.9900219,-0.13256517,0.047783315
1356272755526,0.0989677,0.44992572,-0.8875654,0.05492021,0.88811505,0.4563282,0.9935739,-0.09390701,0.06318468
1356272755566,0.12886754,0.4070025,-0.904291,0.02013193,0.91063285,0.4127258,0.9914575,-0.071392104,0.109157264
1356272755606,0.18893415,0.38773063,-0.90220225,-0.007516712,0.9192932,0.39350155,0.981961,-0.06756431,0.17660034
1356272755646,0.2516222,0.37095624,-0.8939115,-0.023181185,0.9256738,0.37761182,0.9675479,-0.0742936,0.24151927
1356272755686,0.29281333,0.33988088,-0.8937233,-0.022611007,0.9368911,0.34888938,0.9559023,-0.08195147,0.28201926
1356272755726,0.30264634,0.289485,-0.9080769,-0.0055033565,0.95327336,0.30205896,0.9530871,-0.086419575,0.29009783
1356272755766,0.28289646,0.22396001,-0.93263686,0.021686636,0.9706151,0.23965818,0.9589052,-0.0880242,0.26972663
1356272755806,0.24156573,0.15297642,-0.9582505,0.048851468,0.9843266,0.16945422,0.969154,-0.087746285,0.23030645
1356272755846,0.1896925,0.08862281,-0.9778357,0.06785017,0.99235404,0.10310103,0.9794963,-0.08590381,0.18222904
1356272755887,0.13872069,0.042236727,-0.9894304,0.07719198,0.9955893,0.05332215,0.9873185,-0.08377299,0.13484848
1356272755926,0.09724411,0.021568988,-0.9950267,0.08254038,0.9961462,0.02965993,0.9918319,-0.085014135,0.09508902
1356272755966,0.06937516,0.029798713,-0.99714553,0.09288864,0.9950183,0.03619776,0.9932567,-0.09513471,0.06626159
1356272756006,0.057922363,0.06941895,-0.9959046,0.11536798,0.99043053,0.075747244,0.99163264,-0.11928297,0.04935938
1356272756047,0.067812055,0.14464314,-0.98715734,0.14976896,0.9767475,0.15340608,0.98639274,-0.15824834,0.044572175
1356272756086,0.10521236,0.25850374,-0.96026367,0.18597132,0.943473,0.27435988,0.9769059,-0.20744756,0.051190734
1356272756126,0.16677421,0.40049207,-0.9009953,0.20388629,0.8800355,0.4289148,0.9646848,-0.2552325,0.06511241
1356272756176,0.23224425,0.5359928,-0.8116492,0.19149311,0.79293734,0.5784296,0.95362103,-0.2897622,0.081516206
1356272756208,0.27625197,0.63220507,-0.7238796,0.1591527,0.7126987,0.6831771,0.947816,-0.30393642,0.09626728
1356272756248,0.28964645,0.6837846,-0.669734,0.12744853,0.66594416,0.7350342,0.94861054,-0.29825664,0.105741024
1356272756288,0.27915722,0.70108974,-0.6561589,0.10775727,0.6561359,0.7469097,0.9541801,-0.2792111,0.10761756
1356272756326,0.25284246,0.6913897,-0.67679465,0.10070881,0.6769165,0.72913766,0.9622518,-0.25251612,0.101524234
1356272756366,0.21394375,0.6553695,-0.7243748,0.100862,0.7227607,0.68369865,0.97162485,-0.21933493,0.088528275
1356272756406,0.16695979,0.5929666,-0.78772783,0.097889364,0.7850255,0.6116802,0.98109233,-0.17923617,0.073022544
1356272756446,0.12361026,0.51376885,-0.8489771,0.080559656,0.8475189,0.5246159,0.9890555,-0.13324127,0.06337297
1356272756486,0.10344005,0.43818882,-0.8929113,0.047398746,0.8945355,0.44447678,0.9935056,-0.08829956,0.07176119
1356272756526,0.1229707,0.38553083,-0.91446394,0.008462086,0.92101663,0.38943136,0.99237424,-0.055626914,0.10999566
1356272756566,0.17784801,0.352637,-0.9187041,-0.023309186,0.9348351,0.3543164,0.9837819,-0.041600212,0.17447823
1356272756606,0.24381906,0.32246092,-0.9146426,-0.040532738,0.945669,0.32259446,0.9689733,-0.04158169,0.24364233
1356272756646,0.29348597,0.27959636,-0.91416186,-0.04014858,0.9590342,0.2804311,0.9551199,-0.04560031,0.2926885
1356272756686,0.31248495,0.22079475,-0.9239063,-0.023974463,0.9741354,0.22468981,0.9496201,-0.048062034,0.30969608
1356272756726,0.30038512,0.1524105,-0.9415624,0.0012519509,0.9870872,0.160179,0.9538171,-0.049294177,0.2963155
1356272756766,0.2651718,0.08523697,-0.9604263,0.027070927,0.9950341,0.095782615,0.9638211,-0.05139848,0.2615475
1356272756806,0.21791592,0.029835816,-0.97551143,0.047616538,0.9980172,0.04116104,0.97480536,-0.055420127,0.21606314
1356272756846,0.16907191,-0.006468406,-0.9855825,0.061820284,0.99807906,0.004054552,0.98366296,-0.0616145,0.16914701
1356272756886,0.12674904,-0.019984663,-0.9917334,0.07251259,0.9973087,-0.010829505,0.98928076,-0.07054053,0.12785703
1356272756926,0.096232295,-0.00967177,-0.9953119,0.08480619,0.99639636,-0.0014827698,0.9917396,-0.08426592,0.096705735
1356272756966,0.08082721,0.024385456,-0.99642974,0.10432008,0.9940032,0.032788176,0.9912539,-0.10659781,0.077798605
1356272757006,0.08316675,0.08182072,-0.993171,0.13328892,0.9867555,0.09245361,0.9875815,-0.14006774,0.07115942
1356272757047,0.10461062,0.16104913,-0.98138666,0.16613632,0.97010446,0.17690693,0.98053825,-0.18155031,0.07472712
1356272757086,0.14086094,0.25543106,-0.95651084,0.18988506,0.9412366,0.27931565,0.971649,-0.22097182,0.084080935
1356272757126,0.18009198,0.3510195,-0.91888636,0.19439869,0.9030344,0.38306403,0.96424896,-0.24761707,0.094391525
1356272757175,0.20845088,0.43358758,-0.8766699,0.1809254,0.86379457,0.4702393,0.96115255,-0.25663367,0.10161173
1356272757206,0.21882755,0.49540496,-0.84064764,0.15954138,0.8317687,0.5317024,0.96263236,-0.2504692,0.10297632
1356272757246,0.21238467,0.5361425,-0.81697243,0.13996905,0.81073403,0.56843567,0.96710986,-0.23507792,0.09714413
1356272757286,0.19267944,0.5575204,-0.8074934,0.1262356,0.80199206,0.58384365,0.973108,-0.21442908,0.08414847
1356272757326,0.16350722,0.56116945,-0.8113904,0.11670993,0.80568033,0.5807392,0.9796144,-0.1896524,0.06624049
1356272757366,0.12818757,0.5485115,-0.8262584,0.10555616,0.8208536,0.56129974,0.9861165,-0.15916832,0.04732448
1356272757406,0.09482065,0.522558,-0.8473147,0.086437866,0.84361327,0.52994823,0.9917346,-0.123490125,0.03482318
1356272757446,0.077822,0.49095023,-0.86770475,0.057476044,0.86668736,0.49552947,0.9953091,-0.08843531,0.039229453
1356272757486,0.09256935,0.46243498,-0.88180774,0.024602562,0.88427764,0.46631294,0.9954023,-0.064861,0.07047993
1356272757526,0.14202037,0.43925914,-0.8870635,-0.003629297,0.8963721,0.44328758,0.9898571,-0.05973646,0.12889731
1356272757566,0.20908403,0.41465887,-0.8856308,-0.021699399,0.907392,0.41972473,0.9776569,-0.0685401,0.19871902
1356272757606,0.26678902,0.38025588,-0.8855671,-0.026024118,0.92137897,0.3877931,0.9634035,-0.080412865,0.2557096
1356272757646,0.29645395,0.33318126,-0.8950449,-0.015859187,0.93876165,0.34420204,0.9549155,-0.0878454,0.28358358
1356272757686,0.29362535,0.27569616,-0.9153009,0.0040596426,0.957139,0.28960046,0.95591193,-0.08874983,0.27992105
1356272757726,0.26441205,0.2134446,-0.9404933,0.02539152,0.9733221,0.22803372,0.9640755,-0.084175415,0.2519384
1356272757766,0.21998072,0.15396152,-0.9632779,0.04095264,0.9851386,0.16680776,0.97464424,-0.076143265,0.21040636
1356272757806,0.17199314,0.1044964,-0.97954017,0.048130237,0.99227893,0.114306346,0.9839217,-0.06680541,0.1656357
1356272757865,0.12876114,0.069596544,-0.98923045,0.049411107,0.99584496,0.0764934,0.9904439,-0.05872835,0.12478727
1356272757886,0.09604654,0.05201515,-0.9940169,0.050932202,0.99706864,0.057096157,0.9940729,-0.056111354,0.09311575
1356272757927,0.07643074,0.051694732,-0.995734,0.060938362,0.996546,0.056414414,0.995211,-0.064990185,0.073016524
1356272757964,0.071106136,0.06854403,-0.99511087,0.08518602,0.993574,0.074525185,0.9938246,-0.090068735,0.06481022
1356272758007,0.08113381,0.10150398,-0.9915212,0.12346101,0.9861159,0.11105316,0.9890272,-0.13142437,0.06747556
1356272758046,0.10465187,0.14819479,-0.9834055,0.16523054,0.97250116,0.16413502,0.9806869,-0.17966564,0.07728773
1356272758086,0.13583794,0.20263143,-0.96978784,0.19669814,0.95385885,0.2268546,0.97100866,-0.22157094,0.08971298
1356272758126,0.1646252,0.25693256,-0.9523047,0.20859733,0.93457115,0.2882083,0.9640466,-0.24609458,0.10025853
1356272758173,0.1822465,0.30295846,-0.9354156,0.20306715,0.91924083,0.3372833,0.9620551,-0.25142092,0.10600752
1356272758208,0.18523431,0.33629483,-0.92336017,0.18812299,0.91010755,0.36920726,0.96451956,-0.24209511,0.10531837
1356272758248,0.1744979,0.35563934,-0.9181891,0.17032635,0.9075366,0.38388312,0.9698141,-0.2233786,0.09778851
1356272758288,0.15297762,0.36126664,-0.9198283,0.151728,0.91116166,0.38309675,0.9765123,-0.19816893,0.08457309
1356272758328,0.124583036,0.35442737,-0.9267472,0.13022679,0.9201032,0.36939287,0.983626,-0.1667074,0.06847334
1356272758368,0.09550512,0.33776218,-0.93637365,0.10166634,0.9324447,0.34671438,0.9902236,-0.12831068,0.054714203
1356272758408,0.077735126,0.31624335,-0.945488,0.06563909,0.9446765,0.32136863,0.99481094,-0.087042615,0.052676618
1356272758448,0.08677772,0.29735965,-0.95081383,0.027918473,0.95331335,0.30068937,0.99583644,-0.052638404,0.074424505
1356272758488,0.13122725,0.28497192,-0.9495106,-0.00260517,0.95788914,0.28712648,0.99134886,-0.03520517,0.12644356
1356272758528,0.2004014,0.27548772,-0.9401839,-0.021252647,0.96064806,0.276954,0.97948325,-0.03552056,0.19837004
1356272758568,0.26642895,0.26126003,-0.92777085,-0.0280969,0.96425927,0.26346654,0.96344495,-0.04412763,0.26424718
1356272758608,0.30567914,0.23878072,-0.9217071,-0.024728969,0.96970737,0.2430146,0.9518134,-0.05149164,0.30232412
1356272758648,0.3109036,0.20990613,-0.9269727,-0.014284305,0.9762293,0.21626903,0.95033413,-0.05399765,0.30651158
1356272758688,0.28731585,0.17944649,-0.9408765,-0.0015533641,0.98238003,0.1868878,0.9578346,-0.0522343,0.2825321
1356272758728,0.24539027,0.15345871,-0.9572012,0.008908533,0.9869926,0.16051869,0.9693834,-0.047916967,0.24083126
1356272758768,0.19609678,0.13811964,-0.97080845,0.014958166,0.9894938,0.14379951,0.9804705,-0.04272014,0.19197053
1356272758808,0.14870825,0.13896269,-0.9790686,0.017787062,0.98954105,0.1431507,0.9887212,-0.03870244,0.14468116
1356272758846,0.109990984,0.16044924,-0.98089653,0.021396957,0.9862734,0.16372806,0.99370223,-0.038996816,0.10504806
1356272758886,0.08444059,0.20556822,-0.97499305,0.03115055,0.97746485,0.20878723,0.99594146,-0.048001684,0.076134145
1356272758926,0.07601923,0.27657586,-0.95798063,0.050677985,0.95844734,0.2807321,0.99581766,-0.06988956,0.05884415
1356272758966,0.088950425,0.37386543,-0.92320776,0.07766245,0.92145663,0.38063908,0.9930037,-0.10555659,0.052928627
1356272759006,0.12426278,0.49190474,-0.8617358,0.10105862,0.85767674,0.50416046,0.98708963,-0.14973421,0.05686611
1356272759046,0.17295805,0.61355484,-0.7704778,0.10610682,0.76610726,0.6338935,0.979197,-0.19138995,0.067402065
1356272759086,0.21635154,0.7162589,-0.6634494,0.08792025,0.66248953,0.7438935,0.9723487,-0.21927312,0.080356956
1356272759126,0.23956317,0.7895644,-0.56497574,0.056791037,0.5695283,0.8200075,0.9692184,-0.22852916,0.091597795
1356272759172,0.24129601,0.83777994,-0.4897969,0.026938438,0.4987334,0.8663367,0.97007763,-0.22223794,0.09777385
1356272759207,0.2280866,0.8687159,-0.43966937,0.006718725,0.45015734,0.89292395,0.9736177,-0.20661804,0.096838176
1356272759248,0.20558317,0.88731503,-0.41280466,-0.0015308559,0.42210585,0.9065453,0.97863847,-0.18573853,0.088136196
1356272759288,0.17666596,0.89534205,-0.40884206,-3.169179E-4,0.4154272,0.90962636,0.9842708,-0.16057041,0.07367557
1356272759327,0.14181095,0.8919889,-0.4292383,0.0038152635,0.43312484,0.90132594,0.9898864,-0.1294556,0.058018684
1356272759368,0.105448976,0.87553394,-0.47150916,-1.21593475E-5,0.47415382,0.880442,0.99442476,-0.09283605,0.050009668
1356272759406,0.08135502,0.8486625,-0.52264076,-0.022172868,0.5257903,0.8503252,0.99643856,-0.0575898,0.061592937
1356272759446,0.086764306,0.8223667,-0.56230307,-0.065225035,0.56790984,0.8205023,0.9940913,-0.03451401,0.1029132
1356272759486,0.12515882,0.80464035,-0.58042157,-0.12120569,0.59304035,0.79599774,0.9847053,-0.029275745,0.1717512
1356272759526,0.17954206,0.7906492,-0.58535326,-0.17460307,0.61118644,0.77198756,0.9681314,-0.036399752,0.24778348
1356272759566,0.22771066,0.77100134,-0.5947309,-0.20739791,0.63516474,0.7440107,0.9513853,-0.046073228,0.30453783
1356272759606,0.25682253,0.7407114,-0.620797,-0.20958704,0.6697414,0.71240425,0.94345933,-0.052850455,0.32724816
1356272759646,0.263133,0.6985258,-0.66544926,-0.18376935,0.7134181,0.67621255,0.9470955,-0.05564469,0.31609148
1356272759686,0.24772418,0.6456586,-0.72232807,-0.14110139,0.76166123,0.63242596,0.9585005,-0.054745734,0.27978522
1356272759726,0.2150492,0.58683467,-0.7806273,-0.09486531,0.80810124,0.5813544,0.9719848,-0.0509654,0.22945178
1356272759766,0.17283374,0.5309325,-0.8296019,-0.05476594,0.84615445,0.5301163,0.9834273,-0.046188086,0.17532104
1356272759807,0.1307517,0.48910272,-0.8623703,-0.023897827,0.8711399,0.49045312,0.9911271,-0.043518797,0.12559152
1356272759846,0.09772569,0.47110355,-0.87664765,5.3954124E-4,0.8808388,0.47341597,0.9952132,-0.046737894,0.0858264
1356272759886,0.080726534,0.483069,-0.871853,0.02432096,0.87349266,0.48622945,0.9964396,-0.060455948,0.05876535
1356272759926,0.084392995,0.52767617,-0.845243,0.050208554,0.8449396,0.53249985,0.9951668,-0.08737771,0.044813097
1356272759966,0.111926384,0.6007792,-0.79154086,0.07482216,0.78918964,0.60957474,0.9908956,-0.1274523,0.043379545
1356272760027,0.17779174,0.7026135,-0.6890025,0.087864995,0.6860266,0.7222516,0.9801377,-0.18894964,0.060234725
1356272760066,0.23217587,0.79155886,-0.56526893,0.071056336,0.56579393,0.8214793,0.97007495,-0.23089361,0.07511842
1356272760106,0.258525,0.83880365,-0.47913802,0.048023015,0.4842267,0.8736236,0.96481013,-0.24886319,0.08490288
1356272760172,0.25899106,0.86111397,-0.4375002,0.03252828,0.44492215,0.8949783,0.9653318,-0.24602255,0.08722031
1356272760188,0.24125656,0.86866486,-0.43268535,0.028959662,0.43921253,0.8979163,0.9700291,-0.22915864,0.08080661
1356272760228,0.21191245,0.8641987,-0.45634848,0.036566705,0.4596151,0.88736516,0.9766044,-0.20473093,0.06579727
1356272760268,0.17312685,0.8454268,-0.505253,0.051488668,0.504529,0.8618581,0.98355275,-0.17522562,0.04381764
1356272760308,0.12482004,0.80667436,-0.5776647,0.06536576,0.5742673,0.8160542,0.9900239,-0.13961944,0.018951178
1356272760347,0.07262483,0.7440119,-0.66420776,0.065565616,0.66096425,0.7475476,0.9952019,-0.09783968,-7.791519E-4
1356272760386,0.03454739,0.6673537,-0.7439392,0.04267341,0.74271965,0.6682414,0.9984916,-0.05483246,-0.00281924
1356272760426,0.03377638,0.6012074,-0.7983789,0.0019901097,0.79879266,0.60160315,0.9994274,-0.02190879,0.025783837
1356272760466,0.078179985,0.5638726,-0.822153,-0.04377982,0.8258234,0.5622268,0.9959775,-0.007961184,0.089249134
1356272760506,0.14980465,0.5461118,-0.82420903,-0.08500302,0.8376431,0.5395633,0.9850549,-0.01076889,0.17190397
1356272760546,0.21878397,0.5267119,-0.8214062,-0.112691,0.8498065,0.5149075,0.9692442,-0.020088404,0.24527973
1356272760586,0.2637397,0.49238807,-0.82945484,-0.11835544,0.869922,0.47877732,0.95730525,-0.02810207,0.28770977
1356272760626,0.27759093,0.4412048,-0.8533942,-0.101025626,0.896786,0.4307769,0.95537275,-0.03336507,0.29351264
1356272760666,0.26262715,0.37841824,-0.887596,-0.06888473,0.92489237,0.3739372,0.96243536,-0.03706424,0.26896912
1356272760706,0.22634435,0.3140406,-0.922034,-0.034010276,0.9485717,0.31473023,0.9734534,-0.03987877,0.22538447
1356272760747,0.17942342,0.26072395,-0.94859374,-0.0055167973,0.9644931,0.26405042,0.9837564,-0.0421436,0.17449099
1356272760786,0.13359794,0.2311703,-0.96369696,0.014232688,0.97186625,0.23510301,0.9909334,-0.045125276,0.12654918
1356272760827,0.09837335,0.235077,-0.96698576,0.02947846,0.97058415,0.23895067,0.9947129,-0.05201164,0.08854991
1356272760866,0.08008957,0.27917975,-0.95689297,0.0471647,0.9578402,0.28340364,0.99567115,-0.06782921,0.063545585
1356272760925,0.0844146,0.36830088,-0.9258664,0.07098508,0.92459935,0.37426883,0.99389905,-0.097316444,0.05190581
1356272760946,0.116741955,0.5028716,-0.8564411,0.0936535,0.852921,0.5135706,0.9887367,-0.14016391,0.05247599
1356272760987,0.17454454,0.66198516,-0.7289101,0.09668177,0.7251744,0.68174386,0.9798913,-0.189467,0.06257337
1356272761024,0.23576471,0.7972659,-0.5556816,0.06755301,0.5569724,0.8277792,0.9694594,-0.23269907,0.07745671
1356272761067,0.2742856,0.877437,-0.39353752,0.020492733,0.40380615,0.91461504,0.96142995,-0.25893036,0.09277713
1356272761106,0.28336263,0.9160092,-0.28395897,-0.020712793,0.30187172,0.95312345,0.95878905,-0.26419795,0.104512274
1356272761170,0.27119386,0.9350351,-0.22839281,-0.044833392,0.24929869,0.9673883,0.96148,-0.2521102,0.10952905
1356272761188,0.24727705,0.9449814,-0.2141594,-0.050970018,0.23340324,0.9710432,0.9676033,-0.22920105,0.105880976
1356272761228,0.21649995,0.9474181,-0.23564094,-0.041149706,0.25000653,0.9673693,0.97541505,-0.19973883,0.09311238
1356272761268,0.17906669,0.93785155,-0.29727012,-0.020095766,0.30557743,0.95195514,0.9836317,-0.16448957,0.0735656
1356272761308,0.13325584,0.9041624,-0.40587333,0.0018227994,0.40930134,0.91239744,0.99108005,-0.12232214,0.0528937
1356272761348,0.085580364,0.8314108,-0.54902816,0.00723207,0.55051696,0.8347926,0.996305,-0.07541245,0.04110062
1356272761388,0.058820486,0.7303382,-0.6805484,-0.0146280825,0.6822862,0.7309388,0.9981613,-0.033039033,0.05081588
1356272761428,0.073990345,0.6449894,-0.76060104,-0.053006023,0.7641571,0.64284855,0.99584925,-0.0072481036,0.09072858
1356272761468,0.12621647,0.595932,-0.79305387,-0.090559095,0.8030309,0.58901644,0.98786056,-0.0025252998,0.15532279
1356272761508,0.19133961,0.5634507,-0.80368674,-0.1168105,0.82606804,0.5513319,0.97454834,-0.011612564,0.22387648
1356272761548,0.24581558,0.5207185,-0.8175738,-0.123198986,0.8533972,0.5064931,0.96145546,-0.02377963,0.2739303
1356272761588,0.27653196,0.4535462,-0.84724605,-0.10494217,0.8906046,0.44250482,0.95525765,-0.03345488,0.29387677
1356272761627,0.27896214,0.36024272,-0.8901714,-0.066750005,0.93200225,0.35625306,0.9579793,-0.039962113,0.28403956
1356272761666,0.254569,0.24978265,-0.9342394,-0.021893889,0.96730787,0.25265816,0.96680677,-0.04386481,0.2517153
1356272761706,0.21121332,0.1398491,-0.9673837,0.015129305,0.9891252,0.1462954,0.9773229,-0.04553538,0.20680058
1356272761746,0.16116256,0.049576525,-0.98568195,0.03737289,0.9977146,0.056292333,0.98622006,-0.04591,0.15894139
1356272761786,0.11568609,-0.008850463,-0.99324644,0.04802689,0.9988406,-0.0033064894,0.9921241,-0.04732002,0.11597699
1356272761826,0.08123684,-0.032149687,-0.9961762,0.05629625,0.99803203,-0.027618697,0.99510366,-0.05383733,0.082886875
1356272761866,0.060554087,-0.021421699,-0.997935,0.07188863,0.997267,-0.017045204,0.99557275,-0.07070804,0.06192857
1356272761906,0.05641702,0.023407567,-0.9981329,0.10005656,0.9945597,0.028979227,0.99338096,-0.10150467,0.05376804
1356272761946,0.07316321,0.1042222,-0.99185926,0.13731164,0.9840008,0.113525055,0.9878221,-0.14449967,0.05768174
1356272761986,0.11214578,0.21732074,-0.96963656,0.17034972,0.957142,0.23422262,0.97898126,-0.1914444,0.07031894
1356272762026,0.16416332,0.34235597,-0.9251178,0.18388988,0.91077995,0.3696815,0.9691414,-0.23080793,0.086560905
1356272762066,0.20944819,0.44662398,-0.8698611,0.17463599,0.8582042,0.48268825,0.9620986,-0.25300723,0.1017527
1356272762106,0.2322427,0.5095387,-0.8285129,0.15424848,0.8217299,0.54860497,0.9603493,-0.25520635,0.1122452
1356272762170,0.23141563,0.53278977,-0.8139913,0.13528429,0.8109505,0.5692605,0.96340275,-0.24185601,0.115588546
1356272762193,0.20863259,0.52175295,-0.8271918,0.12186529,0.82534313,0.5513235,0.9703717,-0.21583001,0.108609915
1356272762226,0.17784655,0.4889232,-0.85400504,0.11355846,0.85184544,0.5113353,0.97748405,-0.18791871,0.09597641
1356272762266,0.13844094,0.44184542,-0.88634455,0.10292263,0.8836978,0.45660177,0.9850081,-0.15443727,0.076864064
1356272762307,0.097360164,0.38464904,-0.9179139,0.082707465,0.91597843,0.39261043,0.9918066,-0.11414294,0.05736649
1356272762346,0.06945661,0.33149952,-0.9408952,0.0506237,0.9407866,0.33519822,0.9962996,-0.07091333,0.04856211
1356272762386,0.070904255,0.29629922,-0.95245963,0.014718682,0.95444816,0.29801354,0.9973745,-0.035149366,0.063313305
1356272762426,0.10834399,0.28157192,-0.95340383,-0.012935504,0.95936745,0.2818632,0.9940293,-0.018205404,0.107584
1356272762466,0.17115906,0.2768919,-0.9455345,-0.027497366,0.960665,0.2763452,0.98485965,-0.021299288,0.17204028
1356272762506,0.23489037,0.26676643,-0.934699,-0.03098493,0.9631691,0.26710537,0.9715279,-0.033778906,0.23450488
1356272762546,0.2771995,0.2421156,-0.9298066,-0.025382236,0.96923727,0.24481595,0.960477,-0.044262283,0.27481753
1356272762586,0.28798074,0.20281869,-0.9359122,-0.012098767,0.97800756,0.20821825,0.95755976,-0.04863947,0.2841012
1356272762626,0.26956373,0.1547627,-0.9504651,0.004650548,0.98678064,0.16199486,0.9629713,-0.048088122,0.26528054
1356272762666,0.23025557,0.106190726,-0.967319,0.019096848,0.9933438,0.11359342,0.9729428,-0.04462827,0.22669506
1356272762706,0.1809937,0.06556001,-0.9812967,0.027336435,0.9970548,0.07165483,0.9831043,-0.039794225,0.17866844
1356272762746,0.13210851,0.03961942,-0.99044317,0.029864255,0.9985882,0.04392863,0.9907853,-0.035382196,0.1307388
1356272762786,0.091210455,0.032406185,-0.9953042,0.031324733,0.9988824,0.03539331,0.9953388,-0.034405876,0.090093374
1356272762826,0.06264794,0.045364257,-0.9970043,0.038635943,0.9981074,0.047842193,0.99728763,-0.04151741,0.06077665
1356272762866,0.048971206,0.07856086,-0.9957057,0.058322344,0.9949759,0.0813717,0.99709594,-0.062056758,0.04414332
1356272762906,0.053114265,0.13174556,-0.98985964,0.09250368,0.98634744,0.1362417,0.9942947,-0.09880203,0.0402022
1356272762946,0.07755625,0.20347595,-0.97600335,0.13448614,0.96786946,0.2124669,0.98787576,-0.14773706,0.04769963
1356272762986,0.11930147,0.28713435,-0.95043206,0.16989718,0.9372454,0.30447662,0.9782138,-0.19780023,0.063031435
1356272763026,0.16653877,0.3694367,-0.9142107,0.18591645,0.8987639,0.39706236,0.968349,-0.2360931,0.080994666
1356272763066,0.20351571,0.43665522,-0.8763068,0.18088324,0.86286193,0.47196454,0.96221757,-0.25456142,0.09662235
1356272763106,0.22048277,0.48283064,-0.8475033,0.16324426,0.83836424,0.5200929,0.9616333,-0.25302154,0.10602552
1356272763169,0.2173149,0.51017046,-0.83216614,0.14261574,0.8267964,0.54412174,0.9656268,-0.23692577,0.106916845
1356272763188,0.19812399,0.5234784,-0.8286841,0.123625636,0.8253463,0.5509267,0.9723495,-0.2115984,0.09880555
1356272763228,0.16654164,0.5267813,-0.83352584,0.105370715,0.8309828,0.54622763,0.9803881,-0.17879887,0.08288592
1356272763268,0.1273076,0.5235865,-0.8424072,0.08323917,0.8406819,0.5350936,0.98836434,-0.13824277,0.06344229
1356272763308,0.08856934,0.51762617,-0.85101026,0.052234918,0.8507787,0.5229217,0.9946994,-0.090767264,0.04831475
1356272763348,0.064367235,0.5136602,-0.8555759,0.011710435,0.85690594,0.5153398,0.9978576,-0.04319018,0.049141467
1356272763386,0.07013461,0.5156183,-0.8539431,-0.03330387,0.8567842,0.5145985,0.9969814,-0.0076515377,0.07726228
1356272763426,0.11078292,0.52227974,-0.8455478,-0.07610704,0.85274464,0.5167536,0.99092627,0.0071046352,0.1342187
1356272763466,0.17237008,0.5271025,-0.8321367,-0.1109671,0.84979445,0.5153016,0.97876185,0.0035172403,0.20497018
1356272763506,0.22977597,0.5249822,-0.8195101,-0.13228121,0.8510723,0.50811183,0.96421194,-0.008346111,0.26500124
1356272763547,0.2636724,0.516882,-0.8144384,-0.13702957,0.855825,0.49878502,0.95482975,-0.019913748,0.29648554
1356272763586,0.26817185,0.50729793,-0.81898266,-0.12761442,0.86133635,0.49174613,0.95488137,-0.027358472,0.2957247
1356272763626,0.24588716,0.500357,-0.8301701,-0.10901244,0.8653062,0.4892458,0.9631489,-0.029800385,0.26731282
1356272763666,0.20668867,0.4997211,-0.84116507,-0.08755094,0.8657268,0.49280006,0.9744817,-0.028211415,0.22268695
1356272763706,0.16130987,0.50742066,-0.84646523,-0.06633848,0.8613329,0.5036912,0.9846717,-0.025097162,0.17260301
1356272763746,0.11970103,0.52494234,-0.8426786,-0.04547359,0.8507895,0.5235355,0.99176806,-0.024348125,0.12571138
1356272763786,0.090100706,0.55309564,-0.8282313,-0.023531795,0.8325639,0.553429,0.99565464,-0.030374587,0.08802992
1356272763826,0.07899649,0.5919928,-0.8020623,9.3615055E-4,0.80453235,0.5939081,0.99687433,-0.047667474,0.06300104
1356272763866,0.09060025,0.6404059,-0.7626742,0.027265579,0.7639416,0.6447091,0.99551404,-0.07920557,0.05175227
1356272763906,0.12614515,0.6944845,-0.7083634,0.050877124,0.7085986,0.70377517,0.9907062,-0.12481731,0.05405289
1356272763965,0.17744178,0.7477592,-0.6398208,0.063254535,0.6401276,0.7656602,0.98209643,-0.1763317,0.066286206
1356272763986,0.22937822,0.7929136,-0.5645118,0.05935204,0.5675019,0.82123005,0.971526,-0.22187719,0.083111525
1356272764027,0.26701838,0.82756877,-0.49379268,0.041110247,0.5021488,0.8638035,0.9628142,-0.25095138,0.10006142
1356272764064,0.28231445,0.85411626,-0.4367882,0.016408622,0.45094344,0.8924016,0.95918155,-0.25910494,0.11329299
1356272764107,0.27606583,0.8750442,-0.39759943,-0.0057010353,0.41515893,0.90973103,0.9611218,-0.24887887,0.11959988
1356272764167,0.25463575,0.8909322,-0.37603253,-0.019013911,0.39338768,0.9191761,0.9668501,-0.22690526,0.11711067
1356272764188,0.22265837,0.900752,-0.3729197,-0.021605194,0.38698754,0.92183185,0.9746572,-0.1971966,0.10562694
1356272764228,0.18147343,0.90205336,-0.3916213,-0.016067296,0.4009002,0.9159808,0.9832646,-0.1599339,0.0872463
1356272764268,0.13242988,0.8901502,-0.43599883,-0.0102618635,0.44108075,0.8974087,0.9911393,-0.1143696,0.067546844
1356272764308,0.083006635,0.85973656,-0.5039474,-0.016183287,0.50678873,0.86191833,0.9964175,-0.06338939,0.055980206
1356272764348,0.052006707,0.8121021,-0.58119315,-0.042437047,0.58325225,0.8111818,0.9977446,-0.017522722,0.06479627
1356272764388,0.059769332,0.7608186,-0.6462064,-0.08444017,0.648897,0.75617623,0.9946344,0.009369642,0.10302782
1356272764428,0.10739097,0.7183769,-0.6873149,-0.12778017,0.69555235,0.70702136,0.9859713,0.0118974745,0.16649038
1356272764468,0.17312413,0.68205523,-0.710513,-0.15913486,0.73129857,0.6632334,0.971959,-0.0017543435,0.2351442
1356272764508,0.23054574,0.6399214,-0.73304105,-0.16865465,0.76821154,0.6175813,0.9583341,-0.018749952,0.28503364
1356272764548,0.26457942,0.58229923,-0.7687167,-0.15197594,0.81233895,0.5630353,0.95231354,-0.03214109,0.30342364
1356272764588,0.27078536,0.5038369,-0.82025826,-0.11303604,0.8628398,0.49267662,0.9559802,-0.040690884,0.29059613
1356272764628,0.2507634,0.40461725,-0.87943316,-0.063978195,0.91340065,0.40200245,0.965932,-0.044542953,0.25493413
1356272764668,0.21092266,0.2931513,-0.9325095,-0.019649297,0.95505,0.29579288,0.97730523,-0.044066265,0.2072019
1356272764708,0.16245043,0.18587491,-0.96905124,0.010488667,0.981716,0.19006243,0.98666096,-0.04103978,0.1575306
1356272764748,0.11748028,0.09966326,-0.98806155,0.027331233,0.99425,0.10353715,0.992699,-0.039168514,0.11408085
1356272764789,0.08397108,0.044120457,-0.99549097,0.03993207,0.99806786,0.04760299,0.99566776,-0.043749288,0.082047045
1356272764828,0.064864516,0.021614945,-0.99766004,0.05926647,0.9979171,0.025473827,0.9961326,-0.060780138,0.06344837
1356272764868,0.0615789,0.033083037,-0.99755377,0.092090964,0.99499893,0.03868307,0.9938447,-0.09424774,0.05822432
1356272764908,0.07663831,0.082009934,-0.9936805,0.13517456,0.9865556,0.09184733,0.9878534,-0.14135934,0.064522326
1356272764948,0.112232685,0.17146224,-0.97877705,0.17433083,0.96632564,0.18927087,0.9782702,-0.19187339,0.07856214
1356272764988,0.16219443,0.2907967,-0.942937,0.19076025,0.92832327,0.31910256,0.9681443,-0.23163156,0.09509641
1356272765026,0.20678636,0.40413058,-0.8910207,0.17942792,0.8795945,0.44058943,0.96179265,-0.25098187,0.109375834
1356272765066,0.2269912,0.47329885,-0.8511541,0.15639113,0.84491074,0.5115346,0.96125793,-0.24922681,0.11776757
1356272765106,0.22003722,0.4854095,-0.84614486,0.13940157,0.8428544,0.5197727,0.96547955,-0.23232324,0.11779249
1356272765165,0.19245762,0.44240594,-0.87592065,0.13311075,0.87258804,0.46996987,0.9722353,-0.20704372,0.109047234
1356272765188,0.15009767,0.3477997,-0.9254761,0.1302779,0.92096066,0.3672318,0.9800501,-0.17568971,0.09292346
