1356268518313,0.77387285,0.25901675,-0.5779543,-0.5390672,-0.20963964,-0.815756,-0.3324566,0.94284767,-0.022606999
1356268518354,0.11584023,0.064611465,0.9911642,0.93597853,0.3268971,-0.13070017,-0.3324535,0.94284874,-0.022607148
1356268518397,0.11585504,0.06465554,0.99115956,0.9359821,0.3268754,-0.13072821,-0.33243802,0.9428531,-0.022646308
1356268518434,0.11599609,0.064896226,0.9911273,0.93597233,0.32681867,-0.13094023,-0.33241647,0.9428563,-0.02283144
1356268518475,0.11631948,0.06570053,0.9910364,0.9359429,0.32667416,-0.1315099,-0.33238626,0.9428507,-0.02349341
1356268518516,0.117037386,0.067483544,0.9908321,0.93587065,0.32636997,-0.13277373,-0.33233795,0.9428301,-0.024958372
1356268518555,0.118180394,0.07036853,0.9904957,0.9357414,0.32590896,-0.13480121,-0.3322972,0.94277865,-0.027330697
1356268518596,0.11960381,0.07437974,0.9900316,0.93555814,0.32532227,-0.13746396,-0.33230388,0.9426733,-0.030676782
1356268518636,0.121254146,0.07924271,0.98945343,0.93533444,0.32461601,-0.14061967,-0.3323355,0.9425206,-0.034757376
1356268518674,0.12297815,0.084468365,0.9888081,0.93510556,0.32381004,-0.14396039,-0.33234614,0.94234395,-0.03916526
1356268518721,0.12460032,0.08952364,0.98816,0.93489814,0.3229765,-0.14714476,-0.33232543,0.9421632,-0.0434525
1356268518759,0.12598273,0.09394127,0.9875745,0.9347418,0.32216647,-0.14988852,-0.3322441,0.9420105,-0.04722339
1356268518799,0.127027,0.09746978,0.9870987,0.9346665,0.32138768,-0.15201467,-0.3320582,0.9419181,-0.050276816
1356268518837,0.12766251,0.09989035,0.9867747,0.9346496,0.32078227,-0.15339145,-0.33186212,0.9418708,-0.052410603
1356268518878,0.12786523,0.101111054,0.986624,0.9346577,0.32047948,-0.1539737,-0.33176112,0.9418436,-0.053525984
1356268518933,0.12771684,0.10095653,0.98665905,0.93468046,0.3205045,-0.15378311,-0.33175406,0.94185174,-0.053428292
1356268518956,0.12722564,0.09986445,0.9868337,0.93474567,0.3207059,-0.15296477,-0.33175918,0.9418996,-0.052545905
1356268518999,0.12689972,0.097957164,0.9870668,0.93479025,0.32101715,-0.15203688,-0.33175844,0.94199383,-0.05083239
1356268519036,0.12716651,0.09599888,0.9872248,0.93476474,0.32127416,-0.15165007,-0.331728,0.9421078,-0.048881054
1356268519096,0.12828952,0.094029814,0.98726904,0.934672,0.32134998,-0.15206099,-0.33155715,0.94228053,-0.0466612
1356268519113,0.13077354,0.09231144,0.98710537,0.9344929,0.3210309,-0.15382534,-0.3310912,0.9425592,-0.04428202
1356268519153,0.13457745,0.09109199,0.9867072,0.9342818,0.32011688,-0.15697998,-0.3301612,0.9429886,-0.04202503
1356268519191,0.13934338,0.09074077,0.9860778,0.93416417,0.31830788,-0.16129866,-0.32851267,0.9436345,-0.040412664
1356268519243,0.14457577,0.09171975,0.98523366,0.9344381,0.31484246,-0.166432,-0.32545853,0.9447019,-0.040187895
1356268519287,0.15024808,0.09383625,0.98418504,0.93477017,0.31065932,-0.1723238,-0.3219164,0.94587815,-0.041039348
1356268519325,0.15502973,0.09623429,0.9832114,0.9351231,0.30667764,-0.17746416,-0.3186071,0.946936,-0.042446733
1356268519366,0.15861207,0.09862551,0.98240274,0.93540657,0.30344152,-0.1814875,-0.31600112,0.94773215,-0.044125497
1356268519405,0.16111438,0.100515276,0.9818039,0.935418,0.30165422,-0.18438524,-0.31469885,0.9481041,-0.04542297
1356268519446,0.16297196,0.10108736,0.9814385,0.93490136,0.30204558,-0.18635479,-0.3152773,0.9479188,-0.045281768
1356268519483,0.16489683,0.09922868,0.9813067,0.93337053,0.3058778,-0.18777183,-0.31879225,0.9468857,-0.04217887
1356268519523,0.1676143,0.094662696,0.9812974,0.93041325,0.31390005,-0.1892038,-0.3259399,0.9447252,-0.035461307
1356268519567,0.1717271,0.08713034,0.9812839,0.9253814,0.3273883,-0.19101351,-0.3379039,0.940864,-0.024407327
1356268519604,0.17763445,0.079241246,0.980901,0.9191185,0.342827,-0.19414106,-0.35166332,0.93605053,-0.011934221
1356268519645,0.18471949,0.07092044,0.980229,0.91157067,0.36040485,-0.1978567,-0.36731133,0.93009603,0.0019248128
1356268519695,0.19342226,0.06361732,0.9790509,0.90293014,0.3788252,-0.20299935,-0.38380346,0.92327917,0.015831172
1356268519738,0.20351593,0.060296923,0.97721314,0.8948724,0.39348602,-0.21064678,-0.397221,0.9173511,0.02612263
1356268519775,0.21260053,0.061074615,0.97522855,0.8885852,0.4030816,-0.21895558,-0.40646932,0.9131238,0.031425357
1356268519817,0.22031741,0.06561777,0.9732187,0.8846655,0.4068405,-0.2277013,-0.41088605,0.9111395,0.031584263
1356268519855,0.22691275,0.07203612,0.9712474,0.8831098,0.40526754,-0.2363793,-0.41064292,0.9113556,0.028344572
1356268519898,0.2328666,0.07847476,0.96933734,0.88372445,0.3990003,-0.24460149,-0.40596092,0.9135866,0.023563802
1356268519935,0.23902906,0.08411613,0.96736217,0.88523495,0.39051914,-0.2526932,-0.39902905,0.9167439,0.01888287
1356268519976,0.24554689,0.089716494,0.9652242,0.8866541,0.38171113,-0.2610388,-0.39185637,0.9199172,0.014180481
1356268520016,0.25259322,0.09660718,0.9627377,0.8872907,0.37370342,-0.27029803,-0.3858911,0.9225036,0.0086762905
1356268520056,0.26060912,0.10457042,0.9597646,0.88708675,0.36637732,-0.28079304,-0.38099864,0.92457163,0.0027182102
1356268520098,0.26922113,0.11223763,0.9565159,0.88696855,0.35807735,-0.2916631,-0.37524223,0.9269214,-0.003149271
1356268520136,0.27885866,0.11808434,0.9530446,0.88704884,0.34856182,-0.30273607,-0.36794335,0.9298177,-0.0075470805
1356268520176,0.28811663,0.12098816,0.9499214,0.88820696,0.33696717,-0.31231663,-0.35787898,0.93371034,-0.010376692
1356268520216,0.2960064,0.12103495,0.9474865,0.89066994,0.32339373,-0.3195676,-0.34509012,0.93849194,-0.012075603
1356268520258,0.30112213,0.11853805,0.9461892,0.8945097,0.30870318,-0.32334936,-0.3304208,0.9437431,-0.013076007
1356268520292,0.30223846,0.11436218,0.9463473,0.899589,0.294123,-0.32284868,-0.31526417,0.94890094,-0.013983667
1356268520335,0.29854482,0.109933615,0.948043,0.9057151,0.280563,-0.3177492,-0.30091712,0.9535193,-0.015807927
1356268520375,0.29012775,0.107826024,0.950894,0.9128076,0.2672419,-0.30881086,-0.28741658,0.9575778,-0.020890087
1356268520414,0.27604824,0.11147687,0.9546571,0.92075145,0.25424486,-0.29593265,-0.27570626,0.9606937,-0.032458663
1356268520455,0.25551173,0.131861,0.9577716,0.9284946,0.24264488,-0.28110737,-0.2694655,0.96111196,-0.060433626
1356268520496,0.22623856,0.17389172,0.9584246,0.93496686,0.23722734,-0.2637426,-0.27322716,0.95576406,-0.108913004
1356268520543,0.18689795,0.24411324,0.95156604,0.93770444,0.24445297,-0.24688694,-0.29288155,0.9384303,-0.1832183
1356268520576,0.14512828,0.31290412,0.9386313,0.9374039,0.26004353,-0.23162717,-0.3165621,0.9134924,-0.25557792
1356268520618,0.10879956,0.36628732,0.9241191,0.9349438,0.27810973,-0.2203066,-0.337702,0.8879688,-0.3121999
1356268520655,0.082751766,0.39386183,0.9154371,0.9333624,0.29130507,-0.20970458,-0.34926608,0.87178797,-0.3435098
1356268520697,0.06862438,0.39550328,0.91589737,0.933892,0.2974496,-0.19841748,-0.35090807,0.86896545,-0.34894502
1356268520733,0.0656926,0.37553048,0.9244789,0.93605363,0.29775786,-0.18746662,-0.3456703,0.8776771,-0.3319562
1356268520777,0.07184203,0.34077287,0.93739665,0.9389783,0.29385996,-0.17879045,-0.33639026,0.8930398,-0.2988668
1356268520815,0.08477196,0.29787892,0.95083225,0.9419852,0.28708097,-0.17392057,-0.3247731,0.91041344,-0.2562611
1356268520858,0.1022176,0.25284868,0.962091,0.9443974,0.27917558,-0.17370832,-0.31251425,0.92635226,-0.210253
1356268520896,0.12234336,0.20953602,0.9701169,0.94560665,0.27225673,-0.17805725,-0.30143028,0.9391331,-0.16482991
1356268520936,0.14353491,0.17162403,0.97465014,0.94517374,0.26813793,-0.1864098,-0.29333305,0.94797003,-0.12372732
1356268520976,0.16440096,0.14075893,0.9762987,0.9428862,0.26828554,-0.19745487,-0.2897204,0.95300037,-0.08861327
1356268521016,0.18445168,0.11933336,0.9755702,0.9389957,0.27177,-0.21077994,-0.29028377,0.95493495,-0.061925054
1356268521056,0.2018776,0.10956967,0.97326255,0.93393004,0.27776647,-0.22499004,-0.29499176,0.95437956,-0.04625559
1356268521105,0.21695374,0.111407906,0.9698038,0.92798865,0.2847587,-0.2403115,-0.30293265,0.9521034,-0.04160583
1356268521137,0.2308418,0.119166285,0.9656664,0.9216416,0.2913766,-0.25627458,-0.3119119,0.9491571,-0.042566717
1356268521178,0.24360569,0.1271717,0.9615007,0.91557187,0.2969125,-0.2712399,-0.31997567,0.9463986,-0.04410529
1356268521217,0.2552023,0.13175899,0.9578681,0.91066056,0.30015194,-0.28391212,-0.32491395,0.94474775,-0.043388247
1356268521257,0.2647639,0.13129035,0.95533395,0.90765214,0.30065888,-0.2928684,-0.32568046,0.94465184,-0.039562345
1356268521294,0.27123994,0.12565461,0.95427454,0.90663874,0.29952323,-0.29713997,-0.32316443,0.94577837,-0.03268069
1356268521335,0.27447987,0.11442283,0.95476085,0.90747094,0.29758292,-0.29654843,-0.31805247,0.9478143,-0.022154868
1356268521376,0.27343053,0.099214405,0.95676136,0.9102626,0.2948023,-0.2907123,-0.3108984,0.95039374,-0.009703219
1356268521418,0.2689285,0.082570136,0.9596143,0.9151632,0.28868708,-0.28131136,-0.30025622,0.95385635,0.002071023
1356268521456,0.25723982,0.07302898,0.9635842,0.9220332,0.27994847,-0.26736426,-0.28927925,0.9572333,0.004678726
1356268521497,0.23485334,0.08775616,0.9680614,0.9295802,0.2708255,-0.25006843,-0.28412074,0.9586201,-0.017972052
1356268521536,0.19872297,0.12834856,0.9716151,0.93663454,0.26695102,-0.22683215,-0.28848723,0.955125,-0.06716639
1356268521577,0.15175356,0.18818885,0.970338,0.94152766,0.27126163,-0.19985676,-0.3008263,0.9439291,-0.13602012
1356268521615,0.10298945,0.24478424,0.96409225,0.9442128,0.28076005,-0.17215112,-0.31281844,0.928038,-0.20221305
1356268521658,0.06322053,0.28011894,0.95788133,0.94575906,0.28964564,-0.14712325,-0.31865814,0.9152261,-0.24661344
1356268521704,0.038956776,0.2883367,0.95673627,0.94742924,0.2936486,-0.1270763,-0.31758505,0.9113904,-0.26173902
1356268521736,0.029110566,0.27773002,0.96021795,0.94950986,0.29252774,-0.11339554,-0.31238377,0.9150374,-0.25519174
1356268521783,0.03344144,0.2516761,0.96723354,0.9522494,0.2858454,-0.10730088,-0.30348432,0.9246359,-0.23009932
1356268521816,0.047685668,0.22131792,0.97403514,0.95479155,0.2763598,-0.10953742,-0.29342675,0.9352239,-0.19813412
1356268521856,0.06974703,0.1877945,0.9797288,0.9566304,0.26586145,-0.11906293,-0.28283143,0.9455427,-0.16110682
1356268521896,0.09755814,0.15642968,0.9828592,0.95692885,0.2565918,-0.13582292,-0.2734403,0.95377696,-0.12465942
1356268521936,0.1280675,0.12832448,0.9834285,0.9552511,0.25062793,-0.15710172,-0.2666346,0.9595407,-0.0904848
1356268521975,0.15952978,0.107423216,0.981331,0.95133626,0.24875227,-0.18188387,-0.26364693,0.9625916,-0.06251222
1356268522017,0.18801448,0.09643772,0.9774202,0.94543004,0.25185856,-0.20671067,-0.26610634,0.962947,-0.04382205
1356268522077,0.21290082,0.096446246,0.9723021,0.93787897,0.25885063,-0.23103973,-0.27396393,0.9610902,-0.035345435
1356268522101,0.23444133,0.10448331,0.9664991,0.9294073,0.26740807,-0.25435227,-0.2850252,0.957902,-0.03441608
1356268522135,0.2543437,0.11498287,0.96025425,0.9211559,0.2736404,-0.276754,-0.29458636,0.9549345,-0.03631848
1356268522171,0.27324992,0.12363088,0.95396537,0.91433775,0.2747327,-0.2975036,-0.2988661,0.9535394,-0.03796965
1356268522213,0.29072896,0.12842539,0.9481475,0.9095949,0.27033606,-0.31552434,-0.29683977,0.9541621,-0.038220525
1356268522254,0.30601788,0.12971509,0.9431474,0.906284,0.26369536,-0.33032417,-0.29155162,0.9558445,-0.036863178
1356268522297,0.31856126,0.12750527,0.93928754,0.90409327,0.2568943,-0.34149757,-0.28484035,0.9579915,-0.033440113
1356268522336,0.32732934,0.12266874,0.936914,0.90319955,0.25072592,-0.34837767,-0.27764374,0.96025455,-0.028724432
1356268522379,0.33254844,0.115557164,0.9359797,0.904196,0.2429984,-0.3512567,-0.2680318,0.96311903,-0.023677617
1356268522416,0.3312995,0.110694915,0.93700975,0.9079578,0.23269776,-0.34851757,-0.25661916,0.96622896,-0.023413628
1356268522457,0.31916338,0.12151325,0.9398773,0.91464114,0.22016251,-0.33905777,-0.24812576,0.9678652,-0.0408732
1356268522499,0.29193813,0.15735823,0.9434037,0.92307705,0.21188283,-0.32098973,-0.2504014,0.96454346,-0.08339709
1356268522537,0.25129384,0.21920636,0.9427618,0.93023133,0.2144255,-0.29781094,-0.2674342,0.95182467,-0.15002882
1356268522575,0.20557436,0.28891864,0.9350215,0.9339417,0.22753641,-0.275645,-0.29239038,0.92992103,-0.22305751
1356268522616,0.1664316,0.3438976,0.9241402,0.93509233,0.24235088,-0.2585894,-0.3128945,0.9071938,-0.28124118
1356268522655,0.1406351,0.37407702,0.9166723,0.93602115,0.25147155,-0.24622446,-0.3226239,0.89265245,-0.31477827
1356268522696,0.12920094,0.38003337,0.9159048,0.9375671,0.2539649,-0.2376335,-0.32291633,0.8894248,-0.32349432
1356268522735,0.1301585,0.36686087,0.9211253,0.93913543,0.2522893,-0.2331838,-0.31793606,0.89541227,-0.31169444
1356268522777,0.14051886,0.34086248,0.9295522,0.94002485,0.2488093,-0.23333919,-0.31081775,0.9065907,-0.28545678
1356268522816,0.15788339,0.3059396,0.93886834,0.93990546,0.24493699,-0.23787293,-0.30273837,0.92000365,-0.24888283
1356268522856,0.17933457,0.2684807,0.9464445,0.9385612,0.24164991,-0.24639034,-0.2948593,0.93248236,-0.2086494
1356268522896,0.20285104,0.22959885,0.9519117,0.9358647,0.24056922,-0.25745627,-0.28811237,0.9430858,-0.1660738
1356268522935,0.22753777,0.19363192,0.9543235,0.9315337,0.24221624,-0.27124965,-0.28367525,0.950704,-0.1252613
1356268522976,0.25168937,0.16277692,0.9540211,0.9255799,0.24752043,-0.2864185,-0.28276205,0.9551112,-0.08836478
1356268523015,0.27510956,0.14099705,0.9510176,0.91801035,0.25533357,-0.3034168,-0.28560758,0.9565169,-0.05919206
1356268523056,0.29737115,0.13080761,0.9457588,0.9093025,0.2632162,-0.32231376,-0.29110014,0.9558277,-0.040670812
1356268523102,0.3185272,0.13111591,0.9388019,0.9002805,0.26815763,-0.34290892,-0.29670772,0.95441085,-0.032625616
1356268523137,0.33950067,0.13611731,0.9307048,0.89174736,0.26817584,-0.36451113,-0.29920882,0.9537053,-0.03033635
1356268523177,0.35852358,0.14098391,0.9228133,0.8852955,0.26226673,-0.3840157,-0.2961633,0.9546412,-0.030783653
1356268523216,0.374554,0.14274704,0.9161509,0.8811283,0.25280806,-0.39962605,-0.28865585,0.95692813,-0.031088203
1356268523256,0.3855744,0.1394046,0.9120848,0.88000315,0.24158853,-0.408937,-0.27735695,0.9603132,-0.029526144
1356268523292,0.38859004,0.13162154,0.9119614,0.88219947,0.23251122,-0.4094663,-0.26593584,0.9636464,-0.025764942
1356268523335,0.383421,0.119550675,0.9158034,0.8876076,0.22632386,-0.40116096,-0.25522715,0.9666877,-0.01933673
1356268523373,0.36758822,0.10465509,0.9240813,0.89714366,0.2218374,-0.38199657,-0.24497369,0.9694511,-0.01234588
1356268523417,0.34254414,0.093990356,0.93478835,0.9095813,0.21592627,-0.355018,-0.23521361,0.9718753,-0.011527598
1356268523456,0.30559856,0.098795086,0.9470211,0.9240192,0.20924902,-0.32000524,-0.22977817,0.97285885,-0.02734238
1356268523497,0.26089883,0.1362161,0.95570755,0.9362857,0.20545632,-0.2848804,-0.23516142,0.9691403,-0.0739339
1356268523535,0.20983356,0.20291218,0.95645,0.9446522,0.21024734,-0.2518496,-0.25219443,0.9563591,-0.14756453
1356268523576,0.15894869,0.27636242,0.94781816,0.9487574,0.22282138,-0.22407594,-0.2731203,0.9348661,-0.22678375
1356268523615,0.11528674,0.33126694,0.9364674,0.9506429,0.23661181,-0.20073122,-0.28807485,0.9133877,-0.28763837
1356268523656,0.08272426,0.35660854,0.9305842,0.95224726,0.24710564,-0.1793431,-0.29390785,0.90098226,-0.3191378
1356268523695,0.061786905,0.352564,0.9337457,0.9541836,0.25355798,-0.15887788,-0.2927733,0.9007814,-0.32074422
1356268523736,0.05139196,0.32630453,0.9438666,0.9562808,0.256379,-0.14070079,-0.2878989,0.9098325,-0.29886293
1356268523776,0.05035664,0.28499,0.9572068,0.95845145,0.25565374,-0.1265381,-0.2807756,0.9238083,-0.26027524
1356268523815,0.05758308,0.23988149,0.96909285,0.9603478,0.25193226,-0.11942476,-0.2727935,0.9375431,-0.21586263
1356268523856,0.07095519,0.19374683,0.97848225,0.96169066,0.24712071,-0.1186693,-0.26479506,0.9494175,-0.16879004
1356268523895,0.09062886,0.152493,0.9841404,0.9617387,0.24314928,-0.12624204,-0.258544,0.9579271,-0.12462211
1356268523936,0.11421263,0.117575765,0.9864743,0.95994866,0.2426539,-0.1400629,-0.25583985,0.96296155,-0.08515257
1356268523975,0.14183882,0.0918259,0.98562145,0.9557399,0.24657157,-0.16051057,-0.25776526,0.9647645,-0.052788258
1356268524016,0.17251727,0.07823032,0.98189497,0.9488751,0.25431344,-0.18697765,-0.26433644,0.96395266,-0.03035736
1356268524055,0.20551601,0.07763556,0.9755696,0.9395666,0.26325944,-0.21888167,-0.2738209,0.9615962,-0.018839717
1356268524100,0.23963486,0.08625135,0.9670242,0.9287299,0.2698791,-0.25421646,-0.28290614,0.9590235,-0.015431762
1356268524136,0.27313197,0.09783813,0.95698833,0.9179207,0.27110237,-0.28969806,-0.28778532,0.95756525,-0.015760958
1356268524177,0.30367136,0.107123226,0.9467356,0.9086175,0.26644373,-0.32159287,-0.2867019,0.9578791,-0.016422778
1356268524215,0.32766354,0.11086911,0.9382669,0.90259725,0.2567433,-0.3455447,-0.279204,0.96009946,-0.01594475
1356268524255,0.34220922,0.10830864,0.9333607,0.90061927,0.24541976,-0.35868376,-0.26791373,0.9633475,-0.0135599375
1356268524294,0.34528625,0.09977916,0.9331782,0.90305674,0.23534723,-0.3593053,-0.25547206,0.966776,-0.008844048
1356268524334,0.335198,0.086282164,0.93818855,0.910164,0.2276055,-0.34611747,-0.2434007,0.96992326,-0.0022380352
1356268524377,0.3130015,0.06948343,0.94720757,0.921322,0.21998028,-0.3205846,-0.23064232,0.9730266,0.0048375726
1356268524415,0.27783194,0.055785358,0.9590086,0.93556845,0.21083143,-0.28330517,-0.21799341,0.9759294,0.0063847005
1356268524456,0.23633122,0.061059177,0.96975225,0.9487323,0.20108366,-0.2438696,-0.20989186,0.9776693,-0.010406524
1356268524500,0.18970817,0.09863263,0.97687376,0.9582928,0.19799393,-0.20609069,-0.21374235,0.9752282,-0.05695784
1356268524535,0.14103144,0.16561842,0.9760536,0.9625182,0.20776826,-0.17433012,-0.23166516,0.9640554,-0.13010883
1356268524583,0.09390488,0.24494144,0.9649795,0.9616083,0.22872749,-0.15163487,-0.257859,0.94217163,-0.21405911
1356268524623,0.05139716,0.29629692,0.953712,0.96013486,0.24808647,-0.12881824,-0.27477148,0.922313,-0.27173406
1356268524674,0.020901531,0.3102772,0.9504163,0.95991373,0.2595438,-0.1058422,-0.27951512,0.9145299,-0.2924145
1356268524713,0.004846856,0.29979816,0.95399034,0.96044123,0.26424032,-0.08791906,-0.27844068,0.9166778,-0.2866578
1356268524755,0.0012173206,0.27472776,0.96152127,0.9614002,0.2642426,-0.07671717,-0.27515122,0.9245002,-0.2638017
1356268524793,0.008143306,0.24129495,0.9704177,0.9625275,0.26116896,-0.07301694,-0.2710616,0.93464833,-0.23012626
1356268524834,0.024182916,0.20511222,0.9784397,0.9633812,0.25665677,-0.07761413,-0.2670428,0.9444873,-0.19139457
1356268524874,0.04713419,0.16881278,0.9845205,0.9633657,0.25282648,-0.08947277,-0.26401705,0.95267045,-0.15071166
1356268524914,0.076111495,0.13671342,0.9876824,0.961812,0.25112396,-0.108878076,-0.2629158,0.95825166,-0.11237919
1356268524955,0.10795146,0.11074525,0.98796856,0.9581836,0.25331908,-0.13309252,-0.26501068,0.96102285,-0.078768134
1356268524994,0.14393628,0.09593099,0.98492616,0.9522185,0.25749993,-0.1642367,-0.26937383,0.9615046,-0.054283738
1356268525053,0.18023318,0.094946116,0.9790308,0.9441799,0.2623363,-0.19925871,-0.27575415,0.96029425,-0.042364478
1356268525084,0.21740824,0.10517573,0.9703977,0.93438256,0.26505357,-0.238067,-0.28224623,0.95848036,-0.040649533
1356268525113,0.25251973,0.11950266,0.96018386,0.92430365,0.26370442,-0.27590373,-0.286176,0.9571725,-0.043866158
1356268525150,0.28260696,0.13107297,0.95023847,0.9159448,0.25736666,-0.30790818,-0.28491816,0.95738304,-0.047322035
1356268525194,0.30436295,0.13621679,0.9427663,0.9111712,0.24692623,-0.32984027,-0.27772355,0.9594126,-0.04896167
1356268525260,0.31482106,0.1348266,0.9395262,0.9106707,0.2360859,-0.33903152,-0.26751935,0.96233326,-0.0484578
1356268525275,0.3128624,0.12809083,0.9411216,0.91429937,0.22774892,-0.33494332,-0.25724256,0.9652581,-0.045859307
1356268525317,0.2977769,0.11671567,0.94747376,0.92184067,0.22275272,-0.31716093,-0.24807003,0.96786296,-0.041262656
1356268525356,0.2704271,0.10117483,0.95740944,0.9326831,0.21901953,-0.28658804,-0.23868686,0.9704608,-0.03513527
1356268525396,0.23228154,0.085131526,0.9689158,0.9454583,0.21413103,-0.24547207,-0.22837234,0.97308815,-0.030749619
1356268525436,0.18994194,0.0801467,0.9785186,0.95689595,0.2079243,-0.20277506,-0.2197096,0.97485596,-0.037198544
1356268525480,0.14452943,0.09752852,0.98468244,0.9648017,0.20706227,-0.16212004,-0.21970192,0.9734544,-0.06416911
1356268525519,0.10005772,0.14468554,0.98440576,0.9668962,0.21927154,-0.13050601,-0.23473457,0.9648762,-0.11795616
1356268525556,0.05577749,0.20018151,0.9781698,0.9649056,0.24097902,-0.104337245,-0.25660476,0.94966125,-0.17971504
1356268525597,0.014876381,0.24600163,0.9691552,0.96102035,0.264103,-0.08178902,-0.27607703,0.93259466,-0.23248369
1356268525635,-0.021670267,0.26803672,0.9631649,0.95779526,0.28177083,-0.056863844,-0.28663334,0.92128253,-0.26283032
1356268525676,-0.05233954,0.26477644,0.96288836,0.9559376,0.29219425,-0.028386295,-0.2888665,0.91897553,-0.26840305
1356268525716,-0.07589653,0.24192321,0.9673226,0.9552444,0.2958161,9.665191E-4,-0.28591576,0.9241028,-0.25354725
1356268525753,-0.09120059,0.20951262,0.9735435,0.95541537,0.29409963,0.026210278,-0.2808274,0.93252873,-0.22699362
1356268525795,-0.09738606,0.17260414,0.9801651,0.9565019,0.28834927,0.04425752,-0.2749909,0.94183993,-0.1931774
1356268525838,-0.09294936,0.13894638,0.98592806,0.95834446,0.281072,0.05073759,-0.27006695,0.9495748,-0.15928394
1356268525875,-0.07898867,0.10942346,0.99085176,0.9602478,0.27530837,0.046145678,-0.26774034,0.9551083,-0.12681985
1356268525914,-0.053447872,0.08646965,0.99481976,0.9616574,0.27282533,0.027952224,-0.26899505,0.9581698,-0.09773612
1356268525955,-0.018595248,0.07031667,0.9973514,0.9614105,0.27511385,-0.0014713407,-0.2744887,0.9588368,-0.07271904
1356268525993,0.026419759,0.064447165,0.99757123,0.9590758,0.27979165,-0.043475866,-0.28191397,0.95789516,-0.05441767
1356268526044,0.07608068,0.07164481,0.9945244,0.9537364,0.28572124,-0.09354359,-0.2908587,0.95563096,-0.046592414
1356268526092,0.1367845,0.08954331,0.98654544,0.9449438,0.2870705,-0.15707222,-0.2972729,0.9537151,-0.045346558
1356268526127,0.1956014,0.108481646,0.9746649,0.9337622,0.2831397,-0.21890667,-0.2997137,0.9529238,-0.045913517
1356268526165,0.24585341,0.12309727,0.9614589,0.9229282,0.27342016,-0.27100727,-0.2962425,0.9539856,-0.046388686
1356268526206,0.2864697,0.13150057,0.94902194,0.9138998,0.25984985,-0.31187373,-0.2876148,0.9566534,-0.045739233
1356268526262,0.31543517,0.1333875,0.9395256,0.90800065,0.2452697,-0.3396727,-0.27574527,0.96023464,-0.043749273
1356268526286,0.33116007,0.13022459,0.93454516,0.90596926,0.23294218,-0.3534935,-0.26372853,0.96373206,-0.0408383
1356268526326,0.33388364,0.12304434,0.934549,0.9082695,0.22319232,-0.35388073,-0.25212717,0.96697736,-0.037237167
1356268526366,0.3225063,0.11327952,0.93976456,0.9155454,0.21475796,-0.34008187,-0.24034625,0.97007567,-0.034451753
1356268526406,0.29991227,0.10715997,0.947929,0.92626643,0.20500469,-0.31623355,-0.22821748,0.97287714,-0.03777522
1356268526445,0.2646804,0.11718494,0.9571896,0.93882304,0.19549634,-0.28353557,-0.22035319,0.973678,-0.058271885
1356268526487,0.2173878,0.15626234,0.9634961,0.9499144,0.19317645,-0.24565336,-0.22451115,0.9686408,-0.10644168
1356268526525,0.16074307,0.22109526,0.96191406,0.95648986,0.20553692,-0.2070792,-0.24349308,0.95334756,-0.17843676
1356268526568,0.10207474,0.2870645,0.9524572,0.95782655,0.23016733,-0.17202115,-0.26860568,0.92984784,-0.2514637
1356268526605,0.050147966,0.33333868,0.94147253,0.95614344,0.25634593,-0.14169145,-0.2885739,0.9072883,-0.30586433
1356268526647,0.009547949,0.35360003,0.935348,0.9546225,0.2752229,-0.1137903,-0.29766542,0.89399076,-0.33492672
1356268526686,-0.01824285,0.3501953,0.93649906,0.95484984,0.28389293,-0.087558866,-0.29652816,0.89261866,-0.33956295
1356268526726,-0.033750996,0.33180565,0.9427438,0.9564317,0.2844293,-0.065865934,-0.28999868,0.89944696,-0.32694924
1356268526770,-0.036952853,0.29958025,0.9533552,0.95936036,0.27770448,-0.050079644,-0.2797539,0.9127606,-0.29766738
1356268526805,-0.028653488,0.2659412,0.9635633,0.9625748,0.26723206,-0.045131326,-0.26949728,0.92620856,-0.2636454
1356268526847,-0.012165248,0.2287628,0.9734062,0.9655388,0.2557857,-0.048045933,-0.2599745,0.93927693,-0.2239911
1356268526886,0.013213187,0.19411662,0.98088944,0.9674015,0.24563107,-0.061641514,-0.2529026,0.9497284,-0.18454319
1356268526926,0.043422043,0.16206902,0.9858235,0.96731585,0.23993242,-0.082051635,-0.24982902,0.9571656,-0.14635354
1356268526965,0.0778586,0.13473669,0.98781776,0.96476984,0.23958102,-0.10872039,-0.25131103,0.9614816,-0.11133647
1356268527006,0.11425415,0.115043074,0.98676795,0.9596671,0.24404845,-0.1395688,-0.25687557,0.96291506,-0.08251947
1356268527045,0.15037662,0.10619277,0.9829089,0.9523224,0.25140005,-0.17285815,-0.2654596,0.96204007,-0.06332505
1356268527086,0.18491417,0.10795617,0.9768072,0.94341624,0.25890356,-0.207207,-0.27526814,0.95985126,-0.05397272
1356268527125,0.21700479,0.115724534,0.96928674,0.93402576,0.2639951,-0.24062929,-0.28373367,0.9575565,-0.050801456
1356268527166,0.24557714,0.123726934,0.96144855,0.9255763,0.26483977,-0.27049616,-0.28809747,0.95632184,-0.04948014
1356268527206,0.268288,0.12804401,0.95479125,0.9197662,0.2606626,-0.29340294,-0.28644687,0.9569012,-0.047837913
1356268527262,0.2820304,0.1273557,0.95091504,0.91755927,0.25372505,-0.30611873,-0.28025693,0.9588556,-0.04529816
1356268527287,0.28524375,0.12140992,0.95073426,0.91931677,0.24591075,-0.30722082,-0.27109542,0.9616587,-0.041469693
1356268527326,0.27437338,0.110872924,0.9552102,0.925378,0.23970482,-0.29362744,-0.26152387,0.96449405,-0.036830783
1356268527367,0.25212324,0.09698963,0.9628223,0.93459725,0.23358749,-0.26826262,-0.25092193,0.9674864,-0.03175342
1356268527405,0.21736187,0.08286145,0.9725677,0.94640243,0.22598404,-0.23076767,-0.23890653,0.9706004,-0.029299974
1356268527446,0.17051274,0.077895105,0.9822717,0.95851165,0.2179882,-0.1836749,-0.22843099,0.9728378,-0.037493587
1356268527491,0.11015764,0.09598547,0.9892684,0.9677389,0.2165617,-0.12877253,-0.2265979,0.9715389,-0.06903291
1356268527527,0.03761232,0.13586313,0.99001336,0.9709236,0.22941816,-0.06837094,-0.2364161,0.963799,-0.123283744
1356268527565,-0.038333297,0.18639195,0.98172736,0.9661652,0.25768107,-0.011198044,-0.2550598,0.9480815,-0.18996316
1356268527607,-0.10709143,0.22725323,0.9679294,0.9560993,0.29062742,0.037548214,-0.27277392,0.92945766,-0.24840039
1356268527645,-0.16039523,0.2476137,0.9554899,0.9457216,0.31574067,0.076931745,-0.28263763,0.91596687,-0.28481692
1356268527685,-0.19548923,0.24786979,0.9488648,0.938508,0.3280422,0.107661724,-0.28458163,0.911564,-0.2967565
1356268527726,-0.21190998,0.23152971,0.9494673,0.9360187,0.3274319,0.1290634,-0.28100383,0.91606903,-0.28610224
1356268527765,-0.21234047,0.20760956,0.95488733,0.9376657,0.3184073,0.13928342,-0.27512652,0.9249406,-0.26227915
1356268527807,-0.19882193,0.17826149,0.96368706,0.9427198,0.30354497,0.13834676,-0.26786044,0.9359932,-0.22840202
1356268527846,-0.17438388,0.15032777,0.97313505,0.94944835,0.28765714,0.12570259,-0.26103264,0.94586194,-0.19289124
1356268527887,-0.14310187,0.123985946,0.98191106,0.95602447,0.27394748,0.10473782,-0.256006,0.9537192,-0.157736
1356268527925,-0.10635686,0.10052198,0.9892338,0.9612737,0.264781,0.076444805,-0.25424594,0.9590549,-0.12479043
1356268527966,-0.066123426,0.080531925,0.9945563,0.9642699,0.26141834,0.042942107,-0.25653705,0.96186024,-0.094940364
1356268528010,-0.024404079,0.06538957,0.99756134,0.96435565,0.26453564,0.0062516034,-0.2634817,0.96215653,-0.06951451
1356268528059,0.017222911,0.059663534,0.99806994,0.96170497,0.27210954,-0.03286177,-0.27354497,0.9604148,-0.052692175
1356268528156,0.057821363,0.06346735,0.99630743,0.9572066,0.27994642,-0.07338542,-0.28357023,0.95791537,-0.044564486
1356268528164,0.09498131,0.07361618,0.99275327,0.9517044,0.28576213,-0.11224422,-0.29195425,0.9554688,-0.04291874
1356268528264,0.13210243,0.08575466,0.9875197,0.94561005,0.2878734,-0.15149453,-0.29727203,0.9538213,-0.043061674
1356268528272,0.16738981,0.09738284,0.9810695,0.9399989,0.28430772,-0.18860334,-0.2972924,0.9537745,-0.043949544
1356268528273,0.20467749,0.10754895,0.972903,0.93422675,0.27515557,-0.22695771,-0.29210874,0.9553652,-0.04415691
1356268528310,0.2431177,0.11552778,0.96309257,0.92751503,0.26292962,-0.2656765,-0.28391865,0.95787334,-0.04323095
1356268528346,0.28099722,0.12079871,0.9520757,0.9196731,0.24965185,-0.30310947,-0.2743027,0.9607714,-0.04094386
1356268528381,0.3170113,0.123544246,0.94034076,0.9109237,0.2363744,-0.33814964,-0.26404896,0.9637759,-0.03760606
1356268528402,0.34953803,0.123627335,0.92873,0.9025507,0.22159874,-0.36918315,-0.25144652,0.9672694,-0.034122735
1356268528431,0.37587762,0.12313235,0.91845214,0.8957263,0.20570819,-0.3941553,-0.23746642,0.97083604,-0.0329718
1356268528470,0.3905055,0.13017458,0.9113506,0.89336485,0.1854315,-0.4092852,-0.22227165,0.97399676,-0.043881387
1356268528515,0.38412237,0.15650076,0.90992165,0.89828414,0.16442956,-0.4074905,-0.21339056,0.9738945,-0.07742107
1356268528566,0.34488016,0.22291327,0.9117935,0.91173625,0.15137644,-0.38186672,-0.22314718,0.9630134,-0.15103135
1356268528607,0.30685604,0.2918477,0.9059052,0.92139983,0.14738072,-0.35958487,-0.2384569,0.9450417,-0.22368371
1356268528647,0.286655,0.34573922,0.89347255,0.9242768,0.14558029,-0.3528719,-0.25207365,0.9269686,-0.27782744
1356268528686,0.2925365,0.3761283,0.87917566,0.9203932,0.13867062,-0.36557722,-0.25941977,0.9161321,-0.30561978
1356268528727,0.32127804,0.38194934,0.86654204,0.9102615,0.12779719,-0.3938171,-0.26115984,0.91530466,-0.30661535
1356268528765,0.3673737,0.36962897,0.85346997,0.8929364,0.116543464,-0.43483567,-0.2601942,0.9218416,-0.2872402
1356268528806,0.42298067,0.3464358,0.837299,0.86852956,0.10844642,-0.48362765,-0.25834802,0.93178403,-0.255019
1356268528845,0.48223627,0.31826115,0.81618506,0.83771956,0.105014026,-0.5359087,-0.25626975,0.9421687,-0.215972
1356268528886,0.5414614,0.29086208,0.7888084,0.8012587,0.10556221,-0.58893216,-0.25456637,0.9509237,-0.1758979
1356268528925,0.5974806,0.26738998,0.7559891,0.76053834,0.109856844,-0.6399319,-0.25416195,0.95730567,-0.137723
1356268528966,0.6498343,0.25010747,0.71774775,0.71566445,0.11672369,-0.6886219,-0.25600767,0.9611566,-0.10314199
1356268529006,0.6973656,0.24043626,0.6751827,0.66752106,0.12511066,-0.73400474,-0.26095393,0.9625683,-0.073248416
1356268529046,0.73968863,0.23943126,0.6289145,0.617048,0.1316191,-0.7758403,-0.26853755,0.96195066,-0.05038345
1356268529086,0.7743362,0.24714153,0.5825156,0.5681707,0.13367411,-0.811981,-0.2785415,0.9597147,-0.036909863
1356268529125,0.8029198,0.25943333,0.5366695,0.5218161,0.12929869,-0.8432022,-0.28814542,0.9570665,-0.03156002
1356268529166,0.8252814,0.2702208,0.49587438,0.48213026,0.12006256,-0.86783373,-0.29404268,0.95528305,-0.031196222
1356268529205,0.8430834,0.27430677,0.46256483,0.45086086,0.10833502,-0.88599545,-0.29314655,0.95552045,-0.03233874
1356268529246,0.8568745,0.26956016,0.43943527,0.4298383,0.09702402,-0.8976778,-0.28461394,0.9580833,-0.032729864
1356268529314,0.86597055,0.25707045,0.42896363,0.42078713,0.08897519,-0.90278554,-0.2702466,0.962288,-0.031122044
1356268529324,0.8685291,0.2400702,0.4336167,0.4258102,0.08632317,-0.90068525,-0.25365883,0.9669098,-0.027250148
1356268529363,0.8621807,0.2208997,0.45590323,0.44749892,0.08974275,-0.8897702,-0.23746397,0.9711589,-0.021477908
1356268529403,0.84337246,0.20008086,0.49868882,0.4891914,0.098045886,-0.866648,-0.22229405,0.9748613,-0.015188634
1356268529445,0.809448,0.17888819,0.55927885,0.5492269,0.106265396,-0.8288893,-0.20771049,0.97811383,-0.012233883
1356268529484,0.7528893,0.16485047,0.6371672,0.62799865,0.10971558,-0.77044153,-0.1969148,0.9801973,-0.020922184
1356268529524,0.67744946,0.17610136,0.7141782,0.7087301,0.10361096,-0.6978297,-0.19688544,0.978904,-0.054617137
1356268529574,0.5887165,0.23382026,0.77378356,0.7789083,0.091860384,-0.6203737,-0.21613601,0.9679307,-0.12804481
1356268529618,0.48475042,0.29848295,0.82214653,0.8414158,0.09751836,-0.53151625,-0.23882294,0.9494198,-0.20387623
1356268529677,0.39250392,0.3486021,0.851127,0.88321674,0.11536587,-0.45455354,-0.2566493,0.93014365,-0.26260966
1356268529703,0.30991656,0.3671481,0.8770143,0.91313106,0.14201297,-0.3821309,-0.2648461,0.91925764,-0.29124218
1356268529745,0.24499245,0.35498375,0.9022002,0.9325991,0.16808654,-0.31938338,-0.26502362,0.9196377,-0.2898776
1356268529783,0.19816743,0.32381758,0.92513347,0.9448124,0.18810867,-0.2682251,-0.26088166,0.9272311,-0.26866984
1356268529826,0.16717803,0.2776041,0.94603777,0.95274854,0.2013424,-0.2274456,-0.25361738,0.93936,-0.23082691
1356268529863,0.1561259,0.23112595,0.9603152,0.9565793,0.20688885,-0.2053119,-0.24613139,0.95067227,-0.18878955
1356268529904,0.15981743,0.18722749,0.9692287,0.9573811,0.20989332,-0.19840932,-0.24058229,0.9596305,-0.14570343
1356268529943,0.18033329,0.15107733,0.97193396,0.95405895,0.21350804,-0.21020445,-0.23927286,0.9651891,-0.10563409
1356268529983,0.21615373,0.12542632,0.96826947,0.94561815,0.22000109,-0.2395953,-0.24307188,0.9674026,-0.07105136
1356268530024,0.2657054,0.11267164,0.9574475,0.930853,0.22841044,-0.28520423,-0.2508255,0.9670232,-0.044190884
1356268530063,0.32729828,0.1147922,0.9379225,0.90842235,0.23498185,-0.34576327,-0.2600857,0.9651975,-0.027370632
1356268530113,0.3961221,0.13420308,0.90833735,0.8772719,0.23673762,-0.41755155,-0.27107432,0.96226025,-0.023955584
1356268530164,0.47673285,0.16438216,0.8635417,0.83300126,0.2292944,-0.50352055,-0.2807751,0.95937616,-0.027618378
1356268530207,0.55436105,0.19239852,0.80973256,0.7814238,0.21454626,-0.5859581,-0.28646258,0.9575765,-0.031408697
1356268530246,0.61957544,0.21201998,0.75576043,0.73041135,0.1968627,-0.6540218,-0.28744674,0.9572318,-0.03289053
1356268530308,0.669726,0.2212408,0.7088862,0.6863794,0.17995766,-0.7046266,-0.2834617,0.9584716,-0.03133279
1356268530320,0.7042198,0.22243631,0.6742377,0.6537001,0.1674195,-0.738002,-0.27703902,0.9604649,-0.02750653
1356268530364,0.72229064,0.21741425,0.6565266,0.6368055,0.16121504,-0.75398165,-0.2697683,0.9626737,-0.022006482
1356268530403,0.7189878,0.20614153,0.66374856,0.64382863,0.16219199,-0.74778235,-0.2618037,0.9649867,-0.016105756
1356268530445,0.6892051,0.18861844,0.6995852,0.6794092,0.1672951,-0.71443367,-0.25179252,0.96769595,-0.012848452
1356268530483,0.62014127,0.16963539,0.76592994,0.7463417,0.17318133,-0.642637,-0.24165878,0.9701712,-0.019209087
1356268530524,0.519655,0.16720933,0.83785427,0.8210051,0.17367266,-0.54386437,-0.23645163,0.9705044,-0.047029853
1356268530565,0.400801,0.19281349,0.8956459,0.8839153,0.17571573,-0.43337938,-0.24094051,0.965374,-0.10000375
1356268530606,0.27995872,0.23652741,0.93041813,0.9260124,0.18911068,-0.32670802,-0.25322738,0.9530435,-0.16608411
1356268530645,0.16296218,0.27428648,0.9477396,0.9503106,0.21460168,-0.22551244,-0.26524153,0.93739694,-0.22568542
1356268530686,0.052308783,0.2885499,0.9560349,0.9614966,0.24408649,-0.12627769,-0.26979265,0.92582977,-0.26467192
1356268530726,-0.044478446,0.27677763,0.9599041,0.9629499,0.26770648,-0.03257057,-0.26598737,0.9228908,-0.2784301
1356268530766,-0.11593345,0.24896637,0.9615483,0.9590038,0.2800962,0.043103516,-0.25859466,0.9271256,-0.2712322
1356268530806,-0.1606029,0.21118164,0.9641623,0.9546505,0.28134796,0.097394526,-0.2506972,0.9360799,-0.24678999
1356268530846,-0.1678125,0.17688125,0.9698206,0.95514446,0.2726703,0.115541965,-0.24400404,0.94570816,-0.21470457
1356268530887,-0.14225778,0.1474832,0.9787806,0.96054184,0.2593316,0.100530684,-0.23900214,0.95446104,-0.17855573
1356268530925,-0.067934364,0.13218036,0.98889494,0.96929574,0.24353114,0.034036458,-0.23632774,0.96084386,-0.14466596
1356268530966,0.050131112,0.13000998,0.9902445,0.9701617,0.22915831,-0.079200804,-0.23721966,0.96466774,-0.11464274
1356268531005,0.22430633,0.1451324,0.96365106,0.94394326,0.21339773,-0.2518582,-0.24219373,0.96612525,-0.08913028
1356268531046,0.44282866,0.17747784,0.87886536,0.8608589,0.18986064,-0.4720962,-0.2506486,0.96563685,-0.068707675
1356268531105,0.6606097,0.22012545,0.71773225,0.70379734,0.15113816,-0.69413733,-0.26127404,0.96369195,-0.055080384
1356268531123,0.8205979,0.25849298,0.5097063,0.5024957,0.09851244,-0.85894895,-0.2722447,0.96097696,-0.04905252
1356268531164,0.9056386,0.28213573,0.31657273,0.3171274,0.044983536,-0.9473156,-0.28151214,0.9583194,-0.04873415
1356268531200,0.9415622,0.29116067,0.16936983,0.17675889,9.3901134E-4,-0.98425376,-0.286735,0.95667374,-0.050581098
1356268531242,0.95475054,0.2893556,0.06873676,0.080800675,-0.029940248,-0.99628055,-0.28622136,0.9567534,-0.051965594
1356268531305,0.9599284,0.2802018,0.0049426556,0.019133389,-0.04793191,-0.99866736,-0.27959147,0.9587437,-0.05137241
1356268531326,0.96291125,0.26807573,-0.030613951,-0.016416192,-0.055044323,-0.99834895,-0.26931825,0.96182406,-0.048602015
1356268531367,0.9660898,0.25499585,-0.04059118,-0.028121203,-0.052360952,-0.9982322,-0.25667048,0.9655234,-0.043414593
1356268531406,0.96981215,0.24311757,-0.01892551,-0.009308107,-0.040646672,-0.99913025,-0.24367535,0.9691448,-0.03715667
1356268531446,0.9721004,0.23053917,0.04327298,0.049330182,-0.020572424,-0.9985706,-0.22931942,0.9728455,-0.031370997
1356268531485,0.96017873,0.21648255,0.17661287,0.1792944,0.0073512197,-0.983768,-0.21426694,0.97625875,-0.03175563
1356268531526,0.8928198,0.20652926,0.40027294,0.40148848,0.037887573,-0.9150801,-0.20415619,0.97770655,-0.049092345
1356268531571,0.72438097,0.21852963,0.6538479,0.65709937,0.06804773,-0.7507262,-0.2085488,0.97345483,-0.094303206
1356268531607,0.48312533,0.25515968,0.8375461,0.8450313,0.11447751,-0.5223189,-0.22915494,0.9600982,-0.16031095
1356268531645,0.25377506,0.29694423,0.9205554,0.9319221,0.17984766,-0.31492215,-0.25907403,0.93780535,-0.23108804
1356268531686,0.046967715,0.3126041,0.94872165,0.9577527,0.25568482,-0.13166302,-0.28373215,0.91482455,-0.28738844
1356268531726,-0.123392716,0.29752246,0.94670725,0.9474062,0.31919384,0.023170501,-0.29528937,0.8997754,-0.3212608
1356268531766,-0.24974668,0.26452854,0.931478,0.92207754,0.35866505,0.14536965,-0.29563418,0.8952005,-0.33349127
1356268531806,-0.33692038,0.22235113,0.9149014,0.8964353,0.37288773,0.23949614,-0.28790328,0.9008411,-0.3249569
1356268531846,-0.3879706,0.18265906,0.9033905,0.87912154,0.3677176,0.30319816,-0.27681074,0.911822,-0.30324316
1356268531886,-0.41510218,0.14522335,0.8981093,0.8706428,0.3498211,0.3458415,-0.26395333,0.9254919,-0.27164918
1356268531925,-0.42345098,0.110990584,0.8990942,0.87035984,0.3251765,0.3697757,-0.25132266,0.9391174,-0.23429805
1356268531967,-0.417874,0.07914138,0.90505135,0.8759279,0.2994739,0.37824014,-0.24110484,0.9508165,-0.1944645
1356268532005,-0.4012902,0.04884833,0.91464746,0.88525057,0.27705094,0.3735963,-0.23515439,0.9596127,-0.15442085
1356268532046,-0.37439558,0.02087599,0.9270341,0.8971384,0.26093903,0.35644564,-0.23445827,0.9651295,-0.11642313
1356268532090,-0.33645338,-0.0018971264,0.94169825,0.91066194,0.2539677,0.32587627,-0.23977917,0.9672109,-0.083720684
1356268532129,-0.28136647,-0.011765003,0.95952827,0.9268018,0.25586027,0.27490708,-0.24873942,0.96664214,-0.061086714
1356268532168,-0.2130306,-0.0074677765,0.977017,0.9419066,0.26419607,0.20739448,-0.25967282,0.9644401,-0.04924792
1356268532215,-0.13308325,0.010035813,0.9910541,0.95351464,0.2740768,0.12526682,-0.2703678,0.9616555,-0.04604435
1356268532257,-0.045550257,0.033481926,0.9984008,0.96001923,0.2778019,0.034482926,-0.27620307,0.96005476,-0.04479724
1356268532309,0.028902203,0.053352892,0.9981574,0.9606802,0.27438793,-0.04248342,-0.27614895,0.96013784,-0.04332465
1356268532336,0.07837641,0.064633876,0.99482644,0.9591594,0.2671674,-0.09292433,-0.27179125,0.96148014,-0.041054547
1356268532375,0.09645891,0.065633774,0.9931706,0.9592165,0.26023948,-0.11035916,-0.26570547,0.9633107,-0.037854552
1356268532416,0.08091375,0.056595385,0.995113,0.9623957,0.25531814,-0.09277424,-0.25932106,0.96519923,-0.03380847
1356268532455,0.036598146,0.03985828,0.9985348,0.9671466,0.25012678,-0.045431912,-0.25157115,0.96739227,-0.029394627
