1356268738599,0.9784378,-0.104020625,0.17843549,0.17447224,-0.046103626,-0.9835822,0.11053936,0.993506,-0.02696082
1356268738636,0.3884986,-0.068113565,-0.9189283,-0.9147955,0.09111889,-0.39350533,0.11053473,0.99350786,-0.026910424
1356268738676,0.38819975,-0.06777838,-0.9190794,-0.91492546,0.09124458,-0.39317402,0.11050972,0.9935192,-0.026591003
1356268738716,0.3872611,-0.06679097,-0.9195476,-0.9153323,0.09161241,-0.39214015,0.1104334,0.9935523,-0.025658011
1356268738757,0.38555115,-0.06496629,-0.92039645,-0.9160769,0.09223099,-0.3902519,0.11024234,0.9936161,-0.023954391
1356268738796,0.38356656,-0.06256127,-0.92139184,-0.91695845,0.09286058,-0.38802615,0.10983646,0.9937118,-0.021747917
1356268738836,0.3822174,-0.060194433,-0.9221097,-0.91760325,0.09314579,-0.38642988,0.10915157,0.99383116,-0.019632638
1356268738877,0.38226575,-0.058501303,-0.9221987,-0.91769487,0.09283215,-0.38628775,0.108208,0.99396163,-0.018199801
1356268738916,0.38404575,-0.05790651,-0.92149645,-0.9170814,0.09184417,-0.3879771,0.10710043,0.9940882,-0.017832577
1356268738956,0.38734955,-0.058529288,-0.9200731,-0.91582465,0.0902617,-0.3913028,0.10594994,0.99419665,-0.018639714
1356268738996,0.39164072,-0.06024307,-0.918144,-0.9141205,0.08827348,-0.3957165,0.10488692,0.9942729,-0.020497918
1356268739036,0.39646205,-0.0628922,-0.91589427,-0.91213983,0.08604631,-0.40074542,0.104013056,0.99430406,-0.023252368
1356268739075,0.39838946,-0.065607876,-0.9148669,-0.91136956,0.08412777,-0.40289956,0.10339913,0.9942928,-0.026277423
1356268739116,0.4054979,-0.068603456,-0.911518,-0.9082677,0.08218782,-0.41023764,0.10305938,0.9942528,-0.028983325
1356268739157,0.4109461,-0.070595056,-0.9089223,-0.9058299,0.0809522,-0.4158355,0.102935225,0.9942149,-0.03068015
1356268739202,0.4151097,-0.071222395,-0.9069792,-0.9039272,0.080528215,-0.42003658,0.102953434,0.9942045,-0.030951828
1356268739226,0.41828766,-0.07093862,-0.9055403,-0.90245104,0.080638915,-0.42317784,0.10304147,0.99421585,-0.030288368
1356268739266,0.4197648,-0.069046825,-0.9050028,-0.9017348,0.08176193,-0.42448705,0.10330421,0.9942573,-0.027941167
1356268739306,0.4199461,-0.066185534,-0.9051324,-0.9015938,0.0836415,-0.4244203,0.10379708,0.9942954,-0.024547547
1356268739346,0.4196186,-0.06343156,-0.90548146,-0.9016524,0.08583696,-0.42385718,0.10460964,0.99428785,-0.021174401
1356268739386,0.41971195,-0.061879665,-0.9055456,-0.9014629,0.08794111,-0.42382905,0.1058611,0.9942018,-0.01887232
1356268739426,0.42078757,-0.062075853,-0.90503275,-0.9007504,0.089787915,-0.42495504,0.107640386,0.9940245,-0.018133193
1356268739466,0.42282957,-0.06386003,-0.90395635,-0.8995236,0.0913679,-0.42721075,0.10987431,0.99376744,-0.01881054
1356268739525,0.4254663,-0.06674382,-0.9025096,-0.8979814,0.09260015,-0.43017963,0.11228436,0.9934639,-0.020536482
1356268739548,0.428096,-0.07018605,-0.9010038,-0.89646316,0.093225524,-0.4332007,0.11440128,0.9931681,-0.023009777
1356268739588,0.4298261,-0.07371622,-0.89989746,-0.89546967,0.09289667,-0.43532094,0.1156877,0.99294317,-0.026081234
1356268739627,0.42914182,-0.07655293,-0.8999872,-0.8958092,0.09145068,-0.4349284,0.11559951,0.9928627,-0.029331505
1356268739667,0.4242338,-0.07748982,-0.9022311,-0.89841807,0.088804916,-0.4300681,0.11344847,0.9930302,-0.031944215
1356268739697,0.41389725,-0.076161355,-0.907132,-0.9036788,0.08580682,-0.41952583,0.10978982,0.9933965,-0.033310205
1356268739728,0.39988762,-0.07203549,-0.9137291,-0.9106508,0.08183332,-0.40499195,0.10394731,0.9940393,-0.03287506
1356268739769,0.3795297,-0.061814576,-0.9231123,-0.92053986,0.074569404,-0.3834655,0.0925397,0.99529815,-0.028601497
1356268739808,0.35091713,-0.047554255,-0.9351982,-0.9331776,0.06510624,-0.3534695,0.077696174,0.9967445,-0.021529615
1356268739850,0.31743672,-0.029909164,-0.9478076,-0.9463948,0.052990586,-0.31863576,0.059755027,0.99814695,-0.011484712
1356268739888,0.2820564,-0.011830658,-0.95932484,-0.95849836,0.039814472,-0.28230438,0.04153487,0.99913704,-1.0976195E-4
1356268739929,0.24806297,0.0055525005,-0.968728,-0.9684472,0.026167631,-0.24784112,0.023973227,0.99964213,0.011868477
1356268739968,0.21821246,0.020421505,-0.9756876,-0.9758654,0.013138205,-0.21797732,0.008367389,0.9997052,0.022795528
1356268740034,0.1952683,0.03127578,-0.9802511,-0.9807364,9.806454E-4,-0.1953336,-0.0051479638,0.9995103,0.030864805
1356268740061,0.18307114,0.03687346,-0.9824079,-0.98298347,-0.008499384,-0.18349746,-0.015116036,0.9992839,0.034690022
1356268740098,0.18056935,0.037799686,-0.98283565,-0.98331344,-0.015536308,-0.18125466,-0.022120982,0.9991646,0.034363568
1356268740139,0.18746603,0.03472373,-0.9816572,-0.9819021,-0.020763457,-0.18824732,-0.026919186,0.9991813,0.030202806
1356268740178,0.2026284,0.029837579,-0.978801,-0.9787853,-0.024807602,-0.20338136,-0.03035009,0.9992469,0.02417782
1356268740220,0.22335866,0.023873031,-0.9744439,-0.9741863,-0.028110117,-0.2239883,-0.032739043,0.9993197,0.016978174
1356268740257,0.24857295,0.016766429,-0.968468,-0.96800584,-0.031099856,-0.24899268,-0.03429395,0.9993756,0.0084994435
1356268740297,0.27663636,0.008295357,-0.9609389,-0.9603291,-0.03426069,-0.27675658,-0.03521824,0.9993785,-0.0015115142
1356268740338,0.3053127,-0.0017297268,-0.95225066,-0.9516042,-0.03744018,-0.30503744,-0.03512472,0.99929744,-0.013076991
1356268740380,0.3315743,-0.012863964,-0.94334143,-0.94284844,-0.03959599,-0.3308611,-0.033096313,0.999133,-0.025257796
1356268740419,0.35121438,-0.02427569,-0.9359803,-0.93586636,-0.03935215,-0.350151,-0.02833268,0.9989305,-0.036539853
1356268740458,0.3598778,-0.035699904,-0.9323162,-0.9327805,-0.035413414,-0.35870102,-0.020210922,0.99873495,-0.046044677
1356268740532,0.35232022,-0.04698652,-0.9346992,-0.9358318,-0.027769476,-0.35135114,-0.009447366,0.9985094,-0.053755194
1356268740538,0.32379988,-0.05749184,-0.94437724,-0.9461233,-0.017475635,-0.32333466,0.002085507,0.998193,-0.06005296
1356268740577,0.2657239,-0.065825164,-0.96179926,-0.96397823,-0.006038636,-0.26591262,0.011695802,0.99781287,-0.06505862
1356268740618,0.17313841,-0.07124227,-0.98231745,-0.9847236,0.0062175095,-0.17401347,0.01850462,0.9974396,-0.06907746
1356268740657,0.03896162,-0.07416272,-0.99648476,-0.99896467,0.020547956,-0.040587813,0.02348578,0.99703443,-0.07328534
1356268740698,-0.12121767,-0.07772836,-0.989578,-0.99225175,0.036858678,0.11865005,0.027252078,0.99629295,-0.08159405
1356268740739,-0.29745626,-0.086625665,-0.95079744,-0.9543065,0.056825936,0.29337674,0.028616041,0.99461895,-0.09957069
1356268740780,-0.44686908,-0.11307332,-0.8874246,-0.89430714,0.08181763,0.43990985,0.022864908,0.9902123,-0.13768405
1356268740837,-0.56239986,-0.15510446,-0.8121878,-0.82683057,0.11451435,0.55067027,0.0075957477,0.9812386,-0.19264793
1356268740859,-0.6355423,-0.2087324,-0.74331474,-0.771875,0.1503619,0.617738,-0.017175764,0.9663447,-0.25667667
1356268740896,-0.68535334,-0.2546703,-0.6822272,-0.7269772,0.18477035,0.66133505,-0.04236698,0.9492118,-0.31177253
1356268740933,-0.72672683,-0.27765566,-0.62831163,-0.6844325,0.21480334,0.6967149,-0.058483362,0.93635833,-0.34613997
1356268740977,-0.7663927,-0.27364933,-0.58116984,-0.6393256,0.23692054,0.73152685,-0.06249076,0.9321935,-0.35652524
1356268741018,-0.8019807,-0.25042176,-0.54232466,-0.5945084,0.24615759,0.76548433,-0.058196634,0.9363202,-0.34629142
1356268741057,-0.83128333,-0.2155536,-0.512352,-0.5536744,0.23965245,0.7975032,-0.04911828,0.9466273,-0.31856555
1356268741096,-0.85054135,-0.17930889,-0.49439642,-0.5245054,0.22059995,0.8223319,-0.038387567,0.95874083,-0.2816779
1356268741137,-0.8600263,-0.1457928,-0.48897773,-0.5094927,0.19318718,0.8385081,-0.027784228,0.9702697,-0.24042642
1356268741176,-0.85827494,-0.11883871,-0.49924088,-0.5128139,0.16136253,0.8431987,-0.01964587,0.979714,-0.19943559
1356268741217,-0.84385127,-0.09951161,-0.52726877,-0.5363512,0.12792552,0.8342436,-0.015565842,0.9867788,-0.16132325
1356268741256,-0.8140004,-0.08662222,-0.5743692,-0.5806412,0.09394127,0.80872166,-0.016096324,0.9918022,-0.12676466
1356268741297,-0.7627253,-0.07837728,-0.64195573,-0.6463926,0.060678065,0.7605885,-0.020660192,0.99507546,-0.09694314
1356268741337,-0.6846405,-0.07403487,-0.7251112,-0.7282965,0.029656112,0.68462014,-0.029181778,0.9968146,-0.0742231
1356268741377,-0.56985396,-0.07246643,-0.8185445,-0.82080144,0.002448678,0.57120836,-0.039389074,0.99736786,-0.060875952
1356268741427,-0.42529655,-0.074053645,-0.9020193,-0.90366805,-0.020390272,0.42774794,-0.050068676,0.99704576,-0.058248043
1356268741466,-0.25065303,-0.07047999,-0.965508,-0.96647155,-0.03919643,0.25376442,-0.055729777,0.99674284,-0.05829221
1356268741540,-0.09852439,-0.061757088,-0.9932165,-0.9938135,-0.045306325,0.10140067,-0.051261157,0.9970624,-0.05691129
1356268741556,0.0152517855,-0.052654147,-0.99849635,-0.9990418,-0.04177317,-0.013057262,-0.041022837,0.9977387,-0.053240776
1356268741586,0.080411166,-0.045839638,-0.99570715,-0.99630725,-0.03385696,-0.07890093,-0.030094892,0.9983748,-0.048392802
1356268741626,0.112169266,-0.037655145,-0.9929754,-0.993549,-0.021034956,-0.11143634,-0.01669103,0.99906933,-0.039771676
1356268741667,0.09983045,-0.02800104,-0.9946104,-0.99500275,-0.0046260953,-0.09973958,-0.0018083751,0.9995972,-0.028322935
1356268741709,0.051483184,-0.017061293,-0.9985281,-0.9985544,0.01458171,-0.051733613,0.015442878,0.9997481,-0.016285926
1356268741756,-0.03174281,-0.01313585,-0.99940974,-0.99894196,0.033708453,0.03128487,0.03327757,0.99934536,-0.014191985
1356268741799,-0.14590687,-0.028455257,-0.98888904,-0.9883175,0.04869455,0.14442134,0.04404396,0.9984083,-0.035227656
1356268741836,-0.25812298,-0.06751919,-0.9637499,-0.96514606,0.062619805,0.25410983,0.043192536,0.9957509,-0.081329525
1356268741883,-0.34473544,-0.13055992,-0.92957604,-0.9382615,0.078186154,0.3369751,0.028684556,0.98835266,-0.14945287
1356268741928,-0.40605277,-0.20186171,-0.89127606,-0.9138267,0.09659314,0.39444953,0.0064668655,0.97463924,-0.22368854
1356268741970,-0.46368885,-0.24501294,-0.8514466,-0.8859677,0.1202597,0.44788268,-0.0073423386,0.96203244,-0.27283663
1356268742009,-0.5180117,-0.25487283,-0.81651926,-0.85531473,0.14314365,0.4979424,-0.010032445,0.95632094,-0.29214656
1356268742048,-0.5688667,-0.24005753,-0.7866149,-0.8224115,0.15968394,0.5460223,-0.005466968,0.957535,-0.288265
1356268742089,-0.6141392,-0.2075221,-0.76142466,-0.7891895,0.16586262,0.5913285,0.0035781264,0.9640664,-0.26563698
1356268742128,-0.64316046,-0.17220968,-0.7461157,-0.7656291,0.16055924,0.6229229,0.012522429,0.9718871,-0.23511416
1356268742169,-0.6543736,-0.1403563,-0.74303114,-0.7559543,0.14497048,0.6383703,0.018118292,0.9794303,-0.20096779
1356268742208,-0.64268297,-0.11668116,-0.7571948,-0.7659221,0.12099457,0.63144565,0.017938614,0.98577166,-0.16712981
1356268742249,-0.6068775,-0.100865394,-0.7883691,-0.79471195,0.09138179,0.60006857,0.011516392,0.9906945,-0.13561648
1356268742288,-0.5468653,-0.09040797,-0.8323249,-0.8372206,0.058935285,0.5436803,-9.971857E-5,0.99415946,-0.107921064
1356268742328,-0.4640996,-0.08309454,-0.88187695,-0.8856563,0.026689827,0.46357372,-0.014983326,0.99618423,-0.08597994
1356268742368,-0.36552703,-0.07682827,-0.92762464,-0.93029857,-0.0025783181,0.36679417,-0.030571878,0.99704105,-0.07053083
1356268742408,-0.26246732,-0.06944692,-0.9624386,-0.9639572,-0.026154697,0.2647687,-0.04355964,0.9972427,-0.060079098
1356268742449,-0.16829652,-0.060662687,-0.98386806,-0.9843895,-0.041817248,0.17096403,-0.05151385,0.997282,-0.05267799
1356268742489,-0.0930804,-0.05208069,-0.9942956,-0.9942079,-0.04902625,0.09564018,-0.053727537,0.9974388,-0.0472157
1356268742529,-0.044895887,-0.044736028,-0.99798954,-0.99775386,-0.047707677,0.047023833,-0.0497154,0.99785906,-0.0424937
1356268742566,-0.027732193,-0.038409323,-0.99887717,-0.99875176,-0.04046458,0.029284656,-0.04154393,0.9984425,-0.037239194
1356268742609,-0.03982514,-0.031066507,-0.9987236,-0.9987447,-0.029151917,0.04073271,-0.0303801,0.9990921,-0.029866517
1356268742646,-0.082882285,-0.022800595,-0.9962985,-0.99639404,-0.016317487,0.083263606,-0.018155515,0.99960685,-0.021366
1356268742688,-0.14161122,-0.015618712,-0.98979914,-0.989913,-0.0021260977,0.14166108,-0.004316956,0.9998758,-0.015160084
1356268742738,-0.20940214,-0.026492983,-0.97747064,-0.9777945,0.014141679,0.20908824,0.0082837045,0.99954903,-0.028865993
1356268742780,-0.28692496,-0.06362209,-0.955838,-0.9578836,0.031069458,0.28547096,0.011535108,0.9974903,-0.06985718
1356268742822,-0.3396144,-0.13791555,-0.93039846,-0.9405636,0.048267543,0.33617002,-0.0014549792,0.9892672,-0.14611071
1356268742882,-0.372276,-0.21763399,-0.9022449,-0.92790115,0.06606382,0.36692655,-0.020249963,0.9737921,-0.22653675
1356268742900,-0.38949174,-0.2798478,-0.8774859,-0.92034155,0.08142698,0.3825455,-0.035603493,0.95658505,-0.2892707
1356268742944,-0.39991552,-0.3116184,-0.86195225,-0.9155436,0.091713905,0.39162296,-0.04298389,0.9457709,-0.32197803
1356268742979,-0.4098202,-0.31286973,-0.8568313,-0.91113263,0.0957008,0.40084743,-0.04341361,0.9449624,-0.32428592
1356268743017,-0.417906,-0.2932184,-0.8598707,-0.90761733,0.09326792,0.4093067,-0.03981793,0.9514852,-0.3051073
1356268743059,-0.4227721,-0.26150924,-0.8676847,-0.90558594,0.08565074,0.41542518,-0.03431967,0.96139324,-0.2730298
1356268743098,-0.4221574,-0.22518972,-0.8781074,-0.90606225,0.07395017,0.41663247,-0.028885156,0.9715045,-0.23525453
1356268743139,-0.41454327,-0.1889427,-0.8901992,-0.909685,0.05911565,0.41107017,-0.025043964,0.98020715,-0.19638431
1356268743178,-0.39868474,-0.15502852,-0.90388966,-0.9167828,0.041948915,0.3971769,-0.023656607,0.98701894,-0.15885186
1356268743218,-0.37330037,-0.124528676,-0.9193146,-0.9273732,0.023368359,0.3734072,-0.025017023,0.99194074,-0.12420803
1356268743259,-0.33762383,-0.098851055,-0.9360762,-0.94081485,0.0041416883,0.3388956,-0.02962327,0.9950937,-0.094398856
1356268743298,-0.28998578,-0.079945624,-0.953686,-0.95630425,-0.014621198,0.2920076,-0.037288755,0.99669206,-0.0722124
1356268743339,-0.23522782,-0.068146974,-0.96954834,-0.97074425,-0.03300047,0.2378375,-0.048203498,0.9971294,-0.058390617
1356268743378,-0.17595726,-0.059794903,-0.98258007,-0.9826286,-0.04914713,0.17895684,-0.0589917,0.997,-0.050108373
1356268743417,-0.12161958,-0.05270052,-0.9911767,-0.99035335,-0.06035912,0.124727845,-0.06639981,0.99678457,-0.044851303
1356268743459,-0.077486694,-0.046147585,-0.99592483,-0.99469376,-0.06422961,0.08036709,-0.067676574,0.99686754,-0.0409258
1356268743535,-0.048885405,-0.04044044,-0.99798536,-0.99682915,-0.060832977,0.05129385,-0.06278476,0.9973284,-0.037338316
1356268743537,-0.039395034,-0.03544578,-0.9985949,-0.99777925,-0.052321136,0.04122007,-0.053708702,0.9980011,-0.033305883
1356268743563,-0.050973,-0.031288117,-0.99820983,-0.9977144,-0.042800248,0.052289188,-0.044359654,0.9985936,-0.029034972
1356268743606,-0.07438213,-0.025558323,-0.9969022,-0.99670935,-0.03038764,0.075146765,-0.032214135,0.9992113,-0.023213923
1356268743646,-0.121882915,-0.020284742,-0.9923372,-0.9924098,-0.013976753,0.12217751,-0.016347915,0.9996966,-0.018427312
1356268743686,-0.18373752,-0.021517515,-0.9827398,-0.98297274,0.006318271,0.18364272,0.002257675,0.99974847,-0.022312105
1356268743726,-0.24788672,-0.04040101,-0.96794623,-0.96861696,0.029167056,0.24684113,0.018259466,0.9987578,-0.046363175
1356268743767,-0.30125147,-0.08655217,-0.94960845,-0.95321953,0.053344548,0.2975349,0.024904162,0.9948181,-0.09857333
1356268743825,-0.34199333,-0.14913511,-0.92779267,-0.93945944,0.07670975,0.3339633,0.021365076,0.98583686,-0.16634059
1356268743846,-0.37244034,-0.20917574,-0.90417576,-0.92797685,0.09667784,0.3598784,0.012135923,0.9730873,-0.23011702
1356268743887,-0.4015749,-0.24845514,-0.88148034,-0.91581845,0.112882376,0.38540113,0.003748715,0.9620434,-0.27287048
1356268743923,-0.43447357,-0.26135364,-0.86193216,-0.9006835,0.12460685,0.41622388,-0.0013789833,0.9571663,-0.28953534
1356268743967,-0.47154945,-0.2510461,-0.8453502,-0.8818308,0.129951,0.45330697,-0.0039468408,0.9592125,-0.28265852
1356268744008,-0.5078523,-0.22744113,-0.83087707,-0.86142856,0.12826502,0.49141532,-0.005195588,0.96530753,-0.26106393
1356268744057,-0.5437819,-0.19050246,-0.8173188,-0.83919984,0.11565685,0.53138226,-0.0067011416,0.9748499,-0.22276175
1356268744096,-0.56405073,-0.15920278,-0.81024766,-0.82568216,0.09711814,0.55571306,-0.009781301,0.9824574,-0.18623048
1356268744137,-0.5724028,-0.13425234,-0.8089075,-0.81981623,0.07443285,0.5677686,-0.016014993,0.98814774,-0.15266782
1356268744176,-0.5651948,-0.1158036,-0.81678903,-0.82458544,0.049572766,0.5635613,-0.024771929,0.9920343,-0.123508215
1356268744216,-0.5435139,-0.10289332,-0.83307004,-0.83863044,0.02407068,0.5441687,-0.03593877,0.9944011,-0.09937221
1356268744256,-0.5047157,-0.09538397,-0.858,-0.8618915,-7.8493357E-4,0.5070921,-0.049041927,0.99544024,-0.08181447
1356268744296,-0.4492584,-0.09179509,-0.8886735,-0.8911823,-0.024027228,0.4530086,-0.062936306,0.995488,-0.07101172
1356268744337,-0.38158298,-0.08815044,-0.92012167,-0.9213088,-0.044207036,0.3863105,-0.07472929,0.9951258,-0.06434518
1356268744376,-0.30956042,-0.08111125,-0.94741404,-0.9474476,-0.05826831,0.3145599,-0.08071852,0.99500036,-0.05881107
1356268744417,-0.24266899,-0.07056764,-0.96753913,-0.9669701,-0.06257361,0.24709004,-0.07797903,0.99554247,-0.053052127
1356268744456,-0.1877079,-0.059298843,-0.9804332,-0.97986233,-0.05788499,0.19109964,-0.06808436,0.9965606,-0.047239244
1356268744537,-0.15253228,-0.0478819,-0.9871379,-0.98696154,-0.04455602,0.15466622,-0.05138865,0.99785876,-0.04046136
1356268744538,-0.1450612,-0.03822741,-0.98868394,-0.9887984,-0.029891014,0.14623371,-0.0351429,0.998822,-0.03346318
1356268744577,-0.1591084,-0.0281156,-0.9868607,-0.9870757,-0.014841378,0.1595659,-0.019132674,0.99949443,-0.025390804
1356268744616,-0.19741684,-0.017020851,-0.98017186,-0.98031867,0.0020079613,0.19741154,-0.0013919473,0.99985313,-0.017082274
1356268744658,-0.25576872,-0.008531183,-0.9667003,-0.9665638,0.021238387,0.2555451,0.018351048,0.999738,-0.013678074
1356268744698,-0.31951034,-0.013045579,-0.94749296,-0.9468882,0.042673767,0.31871888,0.036275238,0.9990039,-0.025987446
1356268744738,-0.37778455,-0.041368753,-0.92496884,-0.9248334,0.06465036,0.37483782,0.044292957,0.9970501,-0.062683105
1356268744780,-0.42061883,-0.097543955,-0.9019784,-0.90651846,0.08476174,0.41356948,0.03611204,0.9916152,-0.12407774
1356268744817,-0.45195377,-0.1611158,-0.8773708,-0.8918425,0.10238075,0.44060782,0.018837035,0.9816109,-0.18996131
1356268744857,-0.47503424,-0.2141487,-0.85351205,-0.87996477,0.11793703,0.46016616,0.00211671,0.9696552,-0.24446744
1356268744898,-0.49580693,-0.24424067,-0.83337986,-0.86840045,0.13115448,0.47820413,-0.0074954033,0.96080434,-0.277126
1356268744939,-0.51610225,-0.25061628,-0.819042,-0.85645664,0.13874775,0.49722332,-0.010972023,0.95809215,-0.28625
1356268744978,-0.534853,-0.23836917,-0.8106247,-0.84486717,0.1378445,0.5169123,-0.0114758015,0.9613423,-0.27511686
1356268745032,-0.55014527,-0.21224406,-0.8076464,-0.83499646,0.12706709,0.535383,-0.011006564,0.96892023,-0.24712837
1356268745057,-0.554517,-0.18417811,-0.81153524,-0.8321003,0.10986924,0.54363406,-0.010962725,0.97673297,-0.21417898
1356268745095,-0.5503077,-0.15582877,-0.820292,-0.83486736,0.087902844,0.5433872,-0.012569338,0.98386514,-0.17847002
1356268745137,-0.53432804,-0.12908262,-0.835363,-0.84510195,0.0614537,0.5310614,-0.017214656,0.98972785,-0.14192444
1356268745176,-0.50356686,-0.10554126,-0.85748553,-0.8635936,0.032732487,0.503125,-0.025032848,0.99387604,-0.10762775
1356268745216,-0.45981407,-0.08588019,-0.8838527,-0.88728595,0.0041020513,0.4612016,-0.03598249,0.99629706,-0.078086436
1356268745256,-0.4024489,-0.071517915,-0.9126446,-0.91412604,-0.022051394,0.40483013,-0.04907772,0.9971956,-0.056501806
1356268745296,-0.33552182,-0.061861813,-0.9399991,-0.9399461,-0.04438913,0.33842415,-0.06266129,0.9970972,-0.043253303
1356268745336,-0.26615548,-0.053791374,-0.96242803,-0.96110463,-0.06158197,0.26923138,-0.073750556,0.9966515,-0.03530872
1356268745376,-0.20232844,-0.044980437,-0.9782842,-0.97612524,-0.07133162,0.20516166,-0.079010904,0.9964379,-0.02947414
1356268745416,-0.15148401,-0.0357351,-0.9878136,-0.9854845,-0.07201958,0.15373218,-0.07663557,0.9967629,-0.024306536
1356268745456,-0.11893678,-0.027090877,-0.99253213,-0.9906093,-0.06465095,0.120471,-0.06743184,0.9975401,-0.019147098
1356268745528,-0.10882497,-0.018004924,-0.99389786,-0.9927043,-0.050250113,0.10960454,-0.051916897,0.9985743,-0.0124050975
1356268745547,-0.1308316,-0.009794146,-0.9913562,-0.990692,-0.036615014,0.13110566,-0.037582576,0.9992814,-0.004912615
1356268745588,-0.17039311,-8.547008E-4,-0.9853759,-0.985075,-0.024573863,0.17036238,-0.02436009,0.9996977,0.0033451915
1356268745627,-0.22494,0.006004989,-0.97435415,-0.97430974,-0.012746394,0.22485119,-0.011069268,0.99990076,0.008717895
1356268745667,-0.28560323,0.0010984242,-0.9583473,-0.9583478,3.541708E-4,0.2856038,6.531775E-4,0.9999994,9.5146894E-4
1356268745707,-0.3433414,-0.029197186,-0.9387567,-0.9391978,0.01590085,0.3430082,0.004912168,0.9994472,-0.03288132
1356268745748,-0.3898304,-0.0896855,-0.91650903,-0.92088145,0.034605622,0.38830382,-0.003108859,0.9953688,-0.096080005
1356268745790,-0.42171907,-0.16855234,-0.89092267,-0.9064689,0.05495143,0.41868177,-0.021612316,0.9841598,-0.1759615
1356268745828,-0.44500852,-0.23425254,-0.86434555,-0.8946756,0.07423496,0.44050503,-0.03902474,0.96933734,-0.24261522
1356268745870,-0.4652509,-0.2702718,-0.84290844,-0.88384926,0.08966911,0.45909685,-0.048498094,0.95859927,-0.28059822
1356268745908,-0.48625124,-0.2754317,-0.829275,-0.87244946,0.09991509,0.4783815,-0.04890436,0.9561142,-0.2888841
1356268745948,-0.50767934,-0.25764164,-0.8221208,-0.86051655,0.10500103,0.49848372,-0.04210666,0.9605184,-0.27501172
1356268745988,-0.5274711,-0.2257793,-0.8190226,-0.849018,0.10524678,0.51777565,-0.030703545,0.96847653,-0.24720532
1356268746029,-0.54233676,-0.18946421,-0.8185195,-0.8399528,0.10057491,0.53325784,-0.018710792,0.9767231,-0.21368647
1356268746068,-0.5506822,-0.15386206,-0.8204118,-0.8346633,0.09056139,0.54326403,-0.00929004,0.98393345,-0.17829359
1356268746108,-0.5504583,-0.1231035,-0.8257367,-0.8348493,0.07558006,0.54526526,-0.0047148466,0.98951155,-0.14437658
1356268746149,-0.5411387,-0.09865591,-0.8351263,-0.8409115,0.0563128,0.53823495,-0.006071776,0.99352705,-0.1134339
1356268746188,-0.52198976,-0.080966026,-0.84910023,-0.85286415,0.03527087,0.5209403,-0.012229949,0.9960927,-0.087464094
1356268746227,-0.49501812,-0.0708774,-0.865987,-0.8685826,0.014175296,0.49534166,-0.02283293,0.9973843,-0.06857991
1356268746267,-0.46054673,-0.06834245,-0.8850006,-0.886869,-0.005997002,0.46198213,-0.036880344,0.99764395,-0.05784887
1356268746308,-0.42164314,-0.06986469,-0.90406644,-0.9052759,-0.024623692,0.42411005,-0.051891774,0.9972526,-0.052864373
1356268746349,-0.38307607,-0.07129374,-0.92096144,-0.92143416,-0.0405553,0.38641214,-0.06489861,0.99663055,-0.050156772
1356268746388,-0.34850967,-0.06996912,-0.93468994,-0.93446285,-0.051663816,0.35229245,-0.07293922,0.99621046,-0.047378242
1356268746429,-0.32209885,-0.06526598,-0.9444537,-0.94375706,-0.056544542,0.32576874,-0.07466534,0.9962646,-0.043382287
1356268746468,-0.30612516,-0.05858934,-0.9501866,-0.9492674,-0.056663692,0.30932295,-0.071964115,0.99667275,-0.03827077
1356268746533,-0.30105215,-0.050309837,-0.95227975,-0.95128554,-0.053804517,0.30358037,-0.06651002,0.99728334,-0.031661093
1356268746549,-0.30773067,-0.04061249,-0.9506064,-0.94963324,-0.048998952,0.30950895,-0.05914861,0.99797285,-0.023488522
1356268746589,-0.32474953,-0.02982521,-0.94532967,-0.9445482,-0.041180193,0.3257804,-0.048645347,0.99870646,-0.014798045
1356268746628,-0.34848303,-0.021594673,-0.9370662,-0.93670344,-0.028084636,0.34899536,-0.03385362,0.99937224,-0.010440767
1356268746668,-0.3755244,-0.026775539,-0.9264257,-0.92662734,-0.00913465,0.37587017,-0.018526703,0.99959975,-0.021380663
1356268746709,-0.40120447,-0.0601106,-0.914014,-0.91592586,0.014661491,0.40107948,-0.010708302,0.998084,-0.060939133
1356268746748,-0.42205155,-0.119017124,-0.89872545,-0.9064599,0.039824724,0.4204098,-0.014244497,0.9920932,-0.12469232
1356268746787,-0.43446964,-0.18908763,-0.8806145,-0.90032446,0.06345624,0.43056846,-0.02553472,0.97990775,-0.19781005
1356268746826,-0.43920058,-0.24771675,-0.863562,-0.89771044,0.08365643,0.43257093,-0.034912527,0.965214,-0.2591198
1356268746866,-0.43958157,-0.28142384,-0.85297644,-0.8974422,0.09854102,0.4299852,-0.03695488,0.95451057,-0.29587847
1356268746904,-0.43873167,-0.2884764,-0.85105574,-0.8980101,0.105914414,0.42703632,-0.033050835,0.95161104,-0.30552274
1356268746946,-0.43809897,-0.27403283,-0.8561398,-0.8985331,0.10531181,0.4260841,-0.026599407,0.95593697,-0.2923646
1356268746988,-0.43786556,-0.24437109,-0.8651916,-0.89882696,0.098017216,0.4272034,-0.019592464,0.9647151,-0.26256567
1356268747026,-0.43604684,-0.20951158,-0.875196,-0.8998218,0.08685464,0.42752415,-0.013556421,0.973941,-0.22639579
1356268747067,-0.43330842,-0.17151317,-0.88477516,-0.9011947,0.07201749,0.4273892,-0.009583563,0.98254603,-0.18577254
1356268747107,-0.4266761,-0.1355137,-0.89419436,-0.90436447,0.0546149,0.42325196,-0.008520037,0.989269,-0.14585668
1356268747147,-0.4161451,-0.10327977,-0.9034139,-0.9092247,0.034624994,0.41486338,-0.011566311,0.99404955,-0.1083135
1356268747186,-0.39875406,-0.07816973,-0.91372025,-0.9168676,0.0136835575,0.39895692,-0.018683434,0.9968462,-0.077127635
1356268747226,-0.37440276,-0.06271917,-0.92514265,-0.92678547,-0.0068113804,0.37552935,-0.029854387,0.99800795,-0.05557704
1356268747267,-0.34267288,-0.05591771,-0.9377892,-0.93846416,-0.025455594,0.34443733,-0.043132156,0.9981108,-0.043753803
1356268747320,-0.30591995,-0.055015802,-0.9504663,-0.9503679,-0.041797638,0.30830765,-0.056689113,0.9976102,-0.039498508
1356268747366,-0.26516867,-0.053229004,-0.9627316,-0.96202576,-0.052441776,0.26787373,-0.06474602,0.9972043,-0.03730172
1356268747398,-0.23193574,-0.04990536,-0.9714501,-0.9704518,-0.05645597,0.23459762,-0.066551834,0.99715704,-0.035336614
1356268747439,-0.2106818,-0.044732302,-0.9765307,-0.9756123,-0.053320527,0.21292615,-0.06159377,0.99757504,-0.03240776
1356268747476,-0.20568144,-0.03851509,-0.9778608,-0.97716105,-0.0464409,0.20736346,-0.053399324,0.99817824,-0.028083384
1356268747536,-0.21695143,-0.030436486,-0.97570777,-0.9752444,-0.037047803,0.21800408,-0.04278311,0.99884987,-0.021645427
1356268747558,-0.24649632,-0.021261841,-0.96891046,-0.96869767,-0.024923384,0.2469891,-0.029399991,0.9994632,-0.014452755
1356268747599,-0.2879911,-0.013646334,-0.95753586,-0.95756245,-0.008040547,0.28811374,-0.011630803,0.9998746,-0.010751665
1356268747638,-0.33704925,-0.016619682,-0.9413403,-0.9414577,0.01384443,0.33684686,0.0074340403,0.9997661,-0.020312965
1356268747678,-0.3851481,-0.041929066,-0.9219018,-0.92263424,0.039332747,0.3836652,0.020174176,0.9983461,-0.05383414
1356268747718,-0.42516607,-0.09387547,-0.900234,-0.904891,0.066229045,0.42045924,0.02015084,0.99337864,-0.11310542
1356268747760,-0.4568494,-0.1557095,-0.87581,-0.8894776,0.09199709,0.44762275,0.010872841,0.98350954,-0.18052888
1356268747802,-0.48245335,-0.20717448,-0.85106844,-0.87592167,0.11394805,0.46880385,-1.4656782E-4,0.97164524,-0.23644322
1356268747838,-0.50833815,-0.23330975,-0.82895046,-0.86112905,0.12988693,0.49151412,-0.007005155,0.96368873,-0.2669363
1356268747879,-0.5375557,-0.22969607,-0.8113406,-0.8431747,0.13557428,0.5202654,-0.009506017,0.9637734,-0.26655263
1356268747918,-0.56632024,-0.20719856,-0.79771554,-0.8241227,0.13043636,0.55118793,-0.010154247,0.9695644,-0.2446258
1356268747959,-0.59219146,-0.1723625,-0.787147,-0.8057277,0.113830864,0.5812446,-0.010583162,0.9784343,-0.20628685
1356268747998,-0.6091069,-0.13690087,-0.7811831,-0.79299843,0.09031457,0.60249215,-0.011929423,0.9864591,-0.16357344
1356268748039,-0.6164954,-0.104742944,-0.78036034,-0.78721213,0.062889695,0.6134671,-0.015179753,0.99250877,-0.12122607
1356268748077,-0.6119558,-0.078908086,-0.7869457,-0.7906227,0.035075903,0.6112981,-0.020633578,0.9962646,-0.0838514
1356268748118,-0.59497136,-0.060554475,-0.80146253,-0.8032582,0.010030389,0.59554654,-0.028024048,0.9981145,-0.054608643
1356268748158,-0.56490123,-0.050602734,-0.8236054,-0.8243375,-0.009905219,0.5660119,-0.03679973,0.99866974,-0.03611827
1356268748198,-0.52145463,-0.04872617,-0.85188675,-0.8520224,-0.024431348,0.52293503,-0.046293348,0.99851334,-0.02877599
1356268748238,-0.46764648,-0.052427948,-0.8823594,-0.88214934,-0.035392404,0.46963808,-0.055850923,0.9979973,-0.029698133
1356268748282,-0.40801919,-0.056254923,-0.9112387,-0.9107632,-0.044327974,0.41054288,-0.063488394,0.997432,-0.03314829
1356268748320,-0.3498239,-0.05607575,-0.9351357,-0.93443996,-0.050155044,0.3525712,-0.066672474,0.997166,-0.034853995
1356268748358,-0.29896206,-0.05147618,-0.9528755,-0.95206827,-0.051624715,0.3014977,-0.0647119,0.997339,-0.03357494
1356268748400,-0.26199746,-0.043154866,-0.9641032,-0.9633405,-0.04806137,0.26394153,-0.057726532,0.9979117,-0.028980851
1356268748438,-0.2423287,-0.033707798,-0.9696085,-0.9689563,-0.04206121,0.2436279,-0.048995078,0.99854624,-0.022468746
1356268748479,-0.24013537,-0.02297023,-0.9704676,-0.96995854,-0.034413517,0.2408239,-0.038928926,0.9991437,-0.014016271
1356268748537,-0.2567426,-0.011267662,-0.96641415,-0.9661228,-0.024183393,0.25694716,-0.026266336,0.99964404,-0.0046770573
1356268748558,-0.28866857,-0.0012187958,-0.9574282,-0.95738053,-0.009699106,0.28866655,-0.009638041,0.99995214,0.0016329885
1356268748598,-0.3282873,-0.0020037591,-0.9445758,-0.9445393,0.0097439885,0.32825395,0.008546203,0.9999505,-0.0050914288
1356268748638,-0.36567008,-0.026204437,-0.9303756,-0.93051386,0.03254515,0.3648078,0.020719647,0.9991267,-0.036284387
1356268748678,-0.38953072,-0.080865026,-0.9174566,-0.9207972,0.05577743,0.38603285,0.019956827,0.9951632,-0.09618729
1356268748720,-0.399467,-0.15152991,-0.9041377,-0.9167105,0.074902,0.3924686,0.008251011,0.9856107,-0.16882998
1356268748770,-0.40342128,-0.2130189,-0.88987315,-0.9149984,0.08817744,0.39370373,-0.005399555,0.97306097,-0.2304846
1356268748798,-0.4124524,-0.24747819,-0.8767198,-0.9108791,0.09776908,0.4009246,-0.013504028,0.963948,-0.2657478
1356268748839,-0.43311632,-0.2506753,-0.8657783,-0.9012102,0.10426688,0.42065242,-0.015175134,0.9624398,-0.27107084
1356268748888,-0.4606287,-0.23365456,-0.85628664,-0.88747996,0.10584974,0.44852555,-0.014162302,0.96654093,-0.2561211
1356268748919,-0.49160606,-0.20356622,-0.8466902,-0.8707242,0.100658655,0.48135975,-0.012761891,0.973873,-0.22673446
1356268748958,-0.51902556,-0.16930106,-0.83782434,-0.85467184,0.08881366,0.5115156,-0.012189895,0.9815545,-0.1907934
1356268748998,-0.53776705,-0.13685307,-0.83191216,-0.8429878,0.07165635,0.5331389,-0.0133499205,0.9879962,-0.15389991
1356268749037,-0.54407954,-0.10949135,-0.8318589,-0.83885705,0.05064428,0.54199076,-0.017214417,0.99269676,-0.11940205
1356268749078,-0.5350307,-0.0883981,-0.8401952,-0.84449035,0.027653694,0.5348563,-0.024045765,0.9957013,-0.0894469
1356268749118,-0.5087289,-0.073863864,-0.85775226,-0.8602791,0.004976392,0.509799,-0.033387184,0.9972559,-0.066075146
1356268749160,-0.46351033,-0.06605661,-0.8836259,-0.8849776,-0.0154773,0.46537635,-0.04441732,0.9976958,-0.05128473
1356268749199,-0.40090263,-0.06350595,-0.9139168,-0.91441256,-0.03315133,0.40342367,-0.055917352,0.9974307,-0.044780195
1356268749241,-0.32735318,-0.061285704,-0.9429125,-0.9426646,-0.04745084,0.3303512,-0.06498772,0.99699175,-0.042238712
1356268749286,-0.25614935,-0.056477696,-0.9649859,-0.96420753,-0.055808306,0.25920904,-0.06849378,0.99684286,-0.040160954
1356268749319,-0.19247633,-0.04966992,-0.98004377,-0.97902256,-0.05830729,0.1952309,-0.0668408,0.99706227,-0.037405193
1356268749359,-0.14771378,-0.0414654,-0.98816055,-0.9872762,-0.053295314,0.14981791,-0.058876574,0.9977175,-0.03306538
1356268749398,-0.12651676,-0.03295347,-0.99141693,-0.9908279,-0.043631494,0.12789184,-0.047471493,0.9985041,-0.02713108
1356268749440,-0.13025337,-0.02399379,-0.9911904,-0.9908616,-0.032173276,0.13098899,-0.03503281,0.99919426,-0.01958388
1356268749477,-0.15855813,-0.014272451,-0.98724645,-0.9871105,-0.019713283,0.15882131,-0.021728694,0.99970376,-0.010962725
1356268749540,-0.20752746,-0.005314082,-0.97821474,-0.97820926,-0.0052586794,0.20755485,-0.0062470734,0.9999721,-0.004106939
1356268749558,-0.2677052,-0.004088491,-0.96349216,-0.96344364,0.012035787,0.2676406,0.010502189,0.9999192,-0.007161081
1356268749598,-0.32478857,-0.022282511,-0.9455242,-0.9455122,0.03173262,0.32403663,0.022783607,0.999248,-0.031374753
1356268749638,-0.36362064,-0.06907126,-0.92898285,-0.9312593,0.05173999,0.36066473,0.02315393,0.9962691,-0.083136976
1356268749678,-0.38430554,-0.1344687,-0.9133605,-0.9231403,0.067768395,0.37844336,0.011008143,0.98859775,-0.15017724
1356268749720,-0.3967802,-0.196141,-0.89671296,-0.9178945,0.07847816,0.38898692,-0.005923927,0.9774302,-0.21117532
1356268749778,-0.4164877,-0.23359928,-0.8786179,-0.908968,0.088124156,0.40744478,-0.017751306,0.9683313,-0.24903691
1356268749829,-0.4515623,-0.23962247,-0.8594606,-0.8919655,0.097361386,0.4414955,-0.022113949,0.96597195,-0.25769967
1356268749836,-0.49701786,-0.22218013,-0.83881414,-0.86744535,0.10201484,0.48696142,-0.022621661,0.969654,-0.24343234
1356268749873,-0.5448716,-0.19117266,-0.81643605,-0.83823615,0.09887385,0.5362688,-0.02179572,0.9765639,-0.2141214
1356268749921,-0.59090006,-0.15163434,-0.79236615,-0.80649436,0.086562395,0.58487076,-0.020097405,0.984639,-0.17344189
1356268749958,-0.6225898,-0.116141915,-0.77388173,-0.7823301,0.06902206,0.619028,-0.018480182,0.9908315,-0.13383377
1356268749998,-0.6419752,-0.08616716,-0.76186806,-0.76650834,0.048488557,0.64040124,-0.018239677,0.9951,-0.09717631
1356268750038,-0.64372563,-0.06408352,-0.7625684,-0.76497483,0.026859164,0.64349985,-0.020755768,0.99758303,-0.066312194
1356268750078,-0.62712777,-0.050489664,-0.7772783,-0.77844465,0.005901873,0.6276855,-0.027104229,0.9987071,-0.043004572
1356268750119,-0.58877414,-0.045328826,-0.80702555,-0.8074478,-0.0127853155,0.58980036,-0.03705308,0.9988903,-0.02907294
1356268750159,-0.5278147,-0.047369033,-0.8480376,-0.84790087,-0.029103875,0.5293553,-0.04975623,0.9984534,-0.024802744
1356268750198,-0.44946474,-0.05084458,-0.89185,-0.8911451,-0.04375416,0.4516039,-0.061983794,0.99774766,-0.025643945
1356268750239,-0.3691414,-0.051810086,-0.927928,-0.9266772,-0.055476844,0.37174135,-0.070738435,0.99711484,-0.027532458
1356268750278,-0.30007285,-0.04875785,-0.9526694,-0.95108813,-0.06155318,0.30272517,-0.07340005,0.9969121,-0.027902603
1356268750319,-0.25513804,-0.042930037,-0.96595114,-0.96441245,-0.060382545,0.2574152,-0.06937748,0.99725175,-0.025996387
1356268750358,-0.24346364,-0.036062688,-0.96923935,-0.9680172,-0.05336535,0.24514222,-0.06056431,0.9979236,-0.021916747
1356268750398,-0.26984423,-0.028727144,-0.9624753,-0.961643,-0.0430969,0.2708972,-0.04926178,0.99865776,-0.0159958
1356268750438,-0.3345893,-0.020037621,-0.94215095,-0.94169664,-0.03051138,0.33507687,-0.035460472,0.99933356,-0.0086606145
1356268750478,-0.43238336,-0.009784788,-0.9016367,-0.9015125,-0.015139997,0.4324881,-0.017882586,0.9998375,-0.0022747517
1356268750538,-0.54192656,-6.4998865E-4,-0.8404256,-0.8404158,0.0053066015,0.54191613,0.0041075647,0.9999857,-0.0034220815
1356268750560,-0.6418922,-0.0018053353,-0.7667928,-0.7663666,0.03492838,0.64145315,0.025624782,0.9993882,-0.02380377
1356268750599,-0.71544224,-0.024482846,-0.6982428,-0.69765335,0.07897699,0.71206915,0.03771168,0.9965757,-0.07358402
1356268750639,-0.76508445,-0.06585199,-0.6405539,-0.6429171,0.13389033,0.7541426,0.036102235,0.98880583,-0.1447748
1356268750679,-0.7973888,-0.114684656,-0.59246826,-0.6030121,0.18949693,0.7748983,0.023402005,0.9751607,-0.22025901
1356268750718,-0.8281261,-0.14637639,-0.5410925,-0.56044436,0.23421544,0.7943836,0.010453194,0.96110207,-0.27599567
1356268750758,-0.8607415,-0.1527035,-0.4855983,-0.5090395,0.26137745,0.8200979,0.0016926229,0.953081,-0.30271053
1356268750798,-0.8938687,-0.13857104,-0.42637652,-0.44831514,0.2687909,0.85250515,-0.0035263747,0.9531787,-0.3023873
1356268750840,-0.923628,-0.11469498,-0.36572725,-0.38322,0.25807166,0.88687176,-0.0073358864,0.95929354,-0.2823156
1356268750878,-0.94795203,-0.08968094,-0.30552298,-0.31822258,0.2336371,0.9187754,-0.011015132,0.9681793,-0.25001526
1356268750918,-0.9663769,-0.06881128,-0.2477515,-0.25668162,0.20129329,0.94530183,-0.015176721,0.97711104,-0.21218783
1356268750958,-0.97922987,-0.05470036,-0.19523507,-0.20170413,0.16498893,0.9654502,-0.020598851,0.9847774,-0.17259538
1356268750998,-0.9873548,-0.048383508,-0.15096232,-0.1560265,0.12814891,0.9794047,-0.028041381,0.990574,-0.13407761
1356268751039,-0.99171335,-0.049762703,-0.11844069,-0.12268055,0.09318757,0.9880615,-0.038131416,0.99440414,-0.09852022
1356268751078,-0.99320394,-0.056700498,-0.101641476,-0.10522607,0.06428832,0.99236804,-0.0497334,0.99631923,-0.06981778
1356268751119,-0.9922694,-0.0678795,-0.103893586,-0.10704526,0.044562876,0.99325496,-0.06279185,0.99669784,-0.051484644
1356268751157,-0.98756516,-0.08077036,-0.13487455,-0.13779719,0.031750023,0.9899514,-0.07567647,0.9962269,-0.04248506
1356268751203,-0.9755228,-0.092674255,-0.19941609,-0.20215416,0.02106613,0.97912717,-0.086538956,0.9954736,-0.039284945
1356268751239,-0.94637024,-0.0994225,-0.30740604,-0.30968308,0.007957637,0.9508065,-0.092085324,0.9950135,-0.038320363
1356268751278,-0.8808329,-0.09797537,-0.46317846,-0.46461463,-0.0089972615,0.8854673,-0.09092136,0.9951482,-0.03759569
1356268751319,-0.77108073,-0.086997986,-0.63076603,-0.63135284,-0.02409488,0.77512133,-0.082632214,0.9959171,-0.03634733
1356268751358,-0.6388252,-0.072148114,-0.76596147,-0.7660376,-0.032663584,0.6419654,-0.07133567,0.99685895,-0.034401774
1356268751399,-0.5347731,-0.057589144,-0.8430309,-0.8429959,-0.032238662,0.5369531,-0.05810085,0.99781966,-0.03130704
1356268751438,-0.48815596,-0.04522991,-0.8715837,-0.8716848,-0.024207473,0.48946875,-0.043237418,0.9986833,-0.02760923
1356268751478,-0.48628557,-0.034971803,-0.8730999,-0.8734424,-0.009130478,0.486842,-0.024997562,0.9993466,-0.02610588
1356268751538,-0.51278055,-0.03369105,-0.8578584,-0.8584959,0.012673557,0.51266384,-0.0064000785,0.999352,-0.035422385
1356268751559,-0.5452667,-0.05373943,-0.8365383,-0.83825016,0.040409982,0.5437865,0.0045817494,0.99773705,-0.06708133
1356268751598,-0.5689914,-0.10257581,-0.81592095,-0.822343,0.07201761,0.564416,8.65221E-4,0.9921147,-0.12532991
1356268751639,-0.5806165,-0.16730267,-0.79680264,-0.81404454,0.10162097,0.57184327,-0.014699012,0.98065436,-0.19519466
1356268751680,-0.5825002,-0.22540444,-0.7809522,-0.8121868,0.123172104,0.5702467,-0.03234461,0.96644795,-0.25481826
1356268751723,-0.5795838,-0.25925875,-0.772572,-0.81377995,0.13416708,0.5654745,-0.04295051,0.9564434,-0.28874058
1356268751761,-0.5769527,-0.2625969,-0.7734134,-0.81554514,0.13321668,0.56315124,-0.04485023,0.95566523,-0.29101938
1356268751808,-0.5711272,-0.23891538,-0.7853236,-0.8197847,0.11702144,0.5605881,-0.042033434,0.9639634,-0.2626933
1356268751848,-0.5490335,-0.2083072,-0.80942583,-0.8348587,0.090726435,0.5429361,-0.03966123,0.9738463,-0.22371894
1356268751889,-0.51685965,-0.17377782,-0.8382466,-0.8551874,0.060356677,0.5147927,-0.038865775,0.9829335,-0.17980856
1356268751928,-0.46865934,-0.13975659,-0.87225366,-0.88247585,0.029430151,0.4694362,-0.039936274,0.9897485,-0.13712448
1356268751968,-0.4028781,-0.10775632,-0.9088882,-0.9142155,9.351969E-5,0.4052284,-0.04358092,0.99417734,-0.0985502
1356268752008,-0.3141185,-0.0789392,-0.9460963,-0.9480729,-0.026267827,0.31696653,-0.049872965,0.9965333,-0.06658894
1356268752048,-0.20755267,-0.054674894,-0.9766947,-0.976447,-0.048572958,0.21021912,-0.05893466,0.9973221,-0.043305695
1356268752089,-0.08660549,-0.036793053,-0.9955631,-0.9937857,-0.06695074,0.08892512,-0.06992549,0.9970777,-0.03076613
1356268752129,0.034864426,-0.026195645,-0.9990487,-0.9960381,-0.0827409,-0.032589823,-0.08180848,0.9962268,-0.02897659
