1356269252561,0.69025177,-0.23119932,-0.68563795,-0.63638824,0.25694948,-0.72731483,0.344329,0.93836224,0.030227304
1356269252601,-0.022000223,0.04020676,-0.99894905,-0.9385917,0.34330156,0.03448856,0.34432742,0.9383642,0.030185044
1356269252640,-0.022121549,0.039978236,-0.9989556,-0.93858933,0.3433047,0.034523845,0.3443263,0.93837285,0.029928744
1356269252681,-0.022440135,0.03935647,-0.99897325,-0.93857163,0.3433445,0.034610033,0.34435412,0.9383846,0.02923417
1356269252720,-0.0229612,0.03824243,-0.9990047,-0.93851686,0.3434832,0.034719646,0.3444691,0.9383799,0.028004348
1356269252781,-0.023585051,0.036705315,-0.9990478,-0.9384118,0.34376368,0.034783542,0.34471315,0.9383386,0.026336968
1356269252801,-0.024193078,0.03496173,-0.99909586,-0.9382647,0.34416702,0.034763575,0.34507126,0.93825734,0.024476826
1356269252841,-0.02471751,0.033308387,-0.9991394,-0.9380982,0.3446272,0.03469628,0.3454863,0.9381485,0.022728205
1356269252878,-0.025167227,0.031993598,-0.99917114,-0.9379597,0.3450066,0.03467256,0.34582993,0.93805486,0.021325827
1356269252921,-0.025655687,0.031073779,-0.9991878,-0.93791413,0.3451162,0.034815073,0.3459178,0.9380455,0.020290256
1356269252960,-0.026632845,0.030736148,-0.99917257,-0.93800247,0.34479463,0.035608858,0.3456038,0.9381747,0.019647777
1356269253000,-0.027590454,0.03112349,-0.99913466,-0.938285,0.34391856,0.0366233,0.34476086,0.93848354,0.019713819
1356269253039,-0.028532416,0.032702774,-0.99905777,-0.9388112,0.34232774,0.038017392,0.34324846,0.93901134,0.020934284
1356269253080,-0.029244006,0.035648793,-0.9989364,-0.9396415,0.33985716,0.039636552,0.34090874,0.93980116,0.023558259
1356269253120,-0.029570997,0.039696306,-0.99877405,-0.94079137,0.3364697,0.04122731,0.33769378,0.9408572,0.027396202
1356269253160,-0.02953118,0.04423845,-0.9985845,-0.9422262,0.3322597,0.042584002,0.33367327,0.94214994,0.031870604
1356269253200,-0.029426932,0.048445344,-0.9983922,-0.9438338,0.32751638,0.043711126,0.3291074,0.9436027,0.03608662
1356269253240,-0.02970913,0.05158958,-0.99822634,-0.9454484,0.32267454,0.044814616,0.3244142,0.94510293,0.03918892
1356269253280,-0.030754298,0.05335161,-0.99810207,-0.946887,0.3182322,0.046186715,0.32009235,0.9465103,0.040730953
1356269253320,-0.032712966,0.05386257,-0.9980123,-0.9479884,0.3146564,0.04805526,0.31661937,0.9476762,0.04076773
1356269253360,-0.03561452,0.053318977,-0.9979422,-0.94862604,0.31233653,0.050542325,0.31438872,0.94847405,0.03945601
1356269253400,-0.03960654,0.05150634,-0.99788696,-0.94867545,0.31165192,0.0537394,0.3137613,0.94879925,0.03651935
1356269253440,-0.04505071,0.04772827,-0.9978439,-0.9479511,0.3131304,0.057775587,0.3152128,0.94851005,0.031137347
1356269253505,-0.052491248,0.041053176,-0.9977772,-0.9461096,0.31769037,0.062844336,0.31956422,0.9473054,0.022164762
1356269253522,-0.06238416,0.031059772,-0.9975687,-0.94276905,0.32620516,0.06911376,0.32755873,0.9447886,0.008932173
1356269253562,-0.07493204,0.01805833,-0.9970251,-0.93764496,0.33904678,0.07661027,0.33942157,0.94059616,-0.008473158
1356269253601,-0.08989483,0.00355348,-0.9959449,-0.9307606,0.3555448,0.08527979,0.35440606,0.93465245,-0.028654158
1356269253630,-0.105835885,-0.008866847,-0.99434406,-0.9233057,0.3721423,0.09495622,0.36919552,0.9281333,-0.04757279
1356269253670,-0.12191978,-0.020495951,-0.99232835,-0.9145594,0.3907735,0.104293674,0.38563806,0.92025864,-0.06638777
1356269253711,-0.13915217,-0.028830469,-0.98985124,-0.9052231,0.4089831,0.11534315,0.40150702,0.9120864,-0.083008885
1356269253750,-0.1559481,-0.03265646,-0.9872253,-0.8965899,0.42408025,0.1276026,0.41449574,0.9050356,-0.09541398
1356269253790,-0.1708008,-0.031176656,-0.98481226,-0.88986015,0.43403077,0.14059249,0.42305565,0.90035844,-0.10187566
1356269253833,-0.18264136,-0.024353117,-0.98287797,-0.8856169,0.438242,0.1537095,0.42699507,0.898527,-0.101608634
1356269253870,-0.19112402,-0.013232499,-0.9814767,-0.8837329,0.43748868,0.1661919,0.42718583,0.8991265,-0.0953086
1356269253910,-0.1968975,-9.676814E-5,-0.9804241,-0.88356304,0.43341076,0.17740223,0.42490917,0.9011965,-0.08542299
1356269253950,-0.20107353,0.012461036,-0.97949696,-0.8844602,0.42750442,0.18700284,0.42106953,0.9039274,-0.074938536
1356269253990,-0.20448968,0.022962362,-0.9785993,-0.8859844,0.4207174,0.19500867,0.41619158,0.9069011,-0.065688014
1356269254030,-0.20710397,0.031984508,-0.97779596,-0.887643,0.41408443,0.201554,0.4113367,0.9096764,-0.057367682
1356269254070,-0.20826307,0.041552544,-0.9771898,-0.88862205,0.40937373,0.20679471,0.40862867,0.9114201,-0.04833293
1356269254110,-0.20756474,0.05340904,-0.9767622,-0.8882554,0.4079874,0.21106541,0.40977952,0.91142404,-0.03724295
1356269254150,-0.20558682,0.06760126,-0.9763013,-0.8865292,0.40965864,0.21504852,0.41448784,0.9097307,-0.024289966
1356269254190,-0.203735,0.08256596,-0.97553825,-0.8840917,0.41252744,0.2195518,0.42056382,0.9071957,-0.0110503435
1356269254230,-0.2032482,0.096583664,-0.9743519,-0.881994,0.4140644,0.22502705,0.42517838,0.9051089,0.0010283589
1356269254270,-0.20464522,0.10864329,-0.9727882,-0.881262,0.4120975,0.23141488,0.42602536,0.90463924,0.011409402
1356269254311,-0.20770341,0.1184136,-0.97099817,-0.8822018,0.40615475,0.23823997,0.42258635,0.90609956,0.020104945
1356269254350,-0.2117565,0.12600827,-0.9691651,-0.88420606,0.39774385,0.24490708,0.41633976,0.90880233,0.027192414
1356269254390,-0.21605867,0.13160121,-0.9674708,-0.8865845,0.38863534,0.25085938,0.40900677,0.911945,0.032707572
1356269254431,-0.22000366,0.13521811,-0.966082,-0.88930905,0.37920934,0.25559658,0.4009086,0.9153777,0.036823273
1356269254503,-0.22226244,0.13837168,-0.96511793,-0.89318216,0.36800188,0.2584574,0.39092836,0.9194715,0.041798115
1356269254511,-0.22057092,0.14359048,-0.9647435,-0.89749646,0.35739934,0.25839072,0.38190112,0.92284745,0.050040126
1356269254551,-0.2110433,0.16104811,-0.96411836,-0.90157264,0.34901142,0.2556517,0.37766054,0.9231763,0.07154006
1356269254591,-0.18993115,0.1963763,-0.96195763,-0.9040754,0.34708554,0.24935764,0.3828495,0.91704303,0.11161667
1356269254630,-0.15852252,0.24806479,-0.95568526,-0.9031005,0.354816,0.24189886,0.399099,0.9014263,0.16778117
1356269254670,-0.124892,0.30127272,-0.9453236,-0.8987349,0.3692919,0.23642948,0.42033008,0.87912357,0.22464275
1356269254716,-0.09776145,0.34096867,-0.9349776,-0.893887,0.3829186,0.2331082,0.43750292,0.8585533,0.26735276
1356269254750,-0.0803583,0.36158,-0.9288716,-0.892053,0.38969323,0.22886816,0.44472915,0.84699416,0.29123342
1356269254790,-0.07460058,0.36172947,-0.9292935,-0.8943697,0.38790196,0.22278866,0.441064,0.8477522,0.2945822
1356269254831,-0.07798624,0.34529755,-0.9352474,-0.89864564,0.38185793,0.21591786,0.4316875,0.8572947,0.2805205
1356269254870,-0.08784008,0.317317,-0.9442426,-0.90283656,0.3751768,0.21006805,0.42091608,0.8709491,0.2535298
1356269254910,-0.10196388,0.2824762,-0.9538399,-0.9062526,0.3690527,0.20617047,0.41025543,0.8854419,0.21836478
1356269254950,-0.11894646,0.24441189,-0.9623484,-0.9088866,0.36338905,0.20463014,0.39972085,0.89900565,0.1789189
1356269254991,-0.13781887,0.206296,-0.9687352,-0.9105365,0.35851634,0.20588663,0.389781,0.9104439,0.1384297
1356269255030,-0.15788269,0.17102274,-0.97253495,-0.9107474,0.35537803,0.21034613,0.3815915,0.91894376,0.0996505
1356269255071,-0.17844325,0.14192116,-0.97366136,-0.909142,0.35468066,0.21831715,0.3763227,0.9241537,0.065736115
1356269255110,-0.19849738,0.123045236,-0.972347,-0.90543425,0.3567842,0.22998679,0.37521684,0.92604804,0.040588677
1356269255150,-0.21734971,0.11781037,-0.9689581,-0.89929545,0.36179185,0.24571183,0.37950855,0.924785,0.027311027
1356269255190,-0.23515254,0.12511727,-0.96387184,-0.89085567,0.36883146,0.2652159,0.38868937,0.92103696,0.024729729
1356269255230,-0.2525128,0.13896838,-0.9575621,-0.8813659,0.37534887,0.2868929,0.3992889,0.91640663,0.027701557
1356269255271,-0.26953158,0.1521635,-0.95089376,-0.87296915,0.37825593,0.30797294,0.4065434,0.9131094,0.03088218
1356269255310,-0.28487957,0.15993264,-0.9451271,-0.86747754,0.3764829,0.32518217,0.40783143,0.9125142,0.031485617
1356269255350,-0.29617345,0.16049013,-0.9415542,-0.86555207,0.37171805,0.33562663,0.40385747,0.9143679,0.028819561
1356269255391,-0.30085507,0.15377301,-0.9411907,-0.8671492,0.36663756,0.3370892,0.39691103,0.91756785,0.02303946
1356269255430,-0.29697946,0.13998264,-0.94456756,-0.87239057,0.3624257,0.32799712,0.38824943,0.92144036,0.014486611
1356269255503,-0.28393036,0.11829433,-0.95151985,-0.8821249,0.35672832,0.30757207,0.3758181,0.9266884,0.0030643344
1356269255511,-0.2589493,0.092126876,-0.96148735,-0.8963922,0.34784332,0.2747471,0.35975856,0.93301535,-0.007492006
1356269255551,-0.22747844,0.07215309,-0.9711063,-0.91229284,0.33296788,0.23844108,0.34055147,0.9401735,-0.0099182725
1356269255590,-0.18675944,0.07136494,-0.97981024,-0.92682654,0.3179095,0.19981539,0.32575086,0.9454315,0.006770253
1356269255630,-0.13917416,0.0990144,-0.9853054,-0.9359436,0.31187117,0.16354206,0.3234814,0.9449512,0.04926747
1356269255671,-0.08923465,0.14639226,-0.98519367,-0.9385321,0.31879967,0.13237941,0.33345872,0.9364487,0.10894585
1356269255729,-0.04344654,0.19420907,-0.9799976,-0.93702054,0.33235055,0.10740411,0.3465616,0.9229442,0.16753834
1356269255750,-0.006641686,0.22776636,-0.97369313,-0.9349284,0.34404194,0.08685559,0.35477403,0.9109103,0.21066028
1356269255790,0.019445568,0.24159402,-0.9701826,-0.9336154,0.35160062,0.06884265,0.3577488,0.90443873,0.23239297
1356269255828,0.035378337,0.23744065,-0.97075766,-0.93254584,0.35708767,0.053355426,0.35931438,0.90338826,0.23405737
1356269255871,0.042681217,0.2201634,-0.97452885,-0.93136054,0.36178887,0.04094395,0.36158806,0.9058901,0.22049308
1356269255910,0.042903543,0.19575885,-0.9797131,-0.93041027,0.36510205,0.03220746,0.36400017,0.91015327,0.19780016
1356269255951,0.03720224,0.16767061,-0.9851409,-0.93000793,0.36652702,0.027262509,0.36565185,0.9151746,0.16957062
1356269255991,0.026474714,0.13864926,-0.9899876,-0.9300194,0.36655635,0.026465774,0.3665557,0.920007,0.13865095
1356269256031,0.012237132,0.11038214,-0.9938139,-0.93003553,0.3663048,0.029233426,0.3672656,0.92392457,0.10714185
1356269256071,-0.003944427,0.08573887,-0.9963098,-0.92955506,0.36699298,0.035262287,0.36866206,0.926264,0.07825142
1356269256111,-0.021009088,0.06910893,-0.9973879,-0.9278457,0.37021554,0.045196444,0.372372,0.9263717,0.05634451
1356269256150,-0.039208144,0.06352928,-0.9972095,-0.9242561,0.376972,0.060355574,0.37975436,0.9240434,0.043936968
1356269256190,-0.06001368,0.06805381,-0.995875,-0.9188963,0.38593623,0.08174798,0.38990748,0.9200119,0.03937292
1356269256231,-0.0854108,0.0784806,-0.99325013,-0.91307634,0.39279738,0.10955304,0.39874378,0.9162702,0.03810966
1356269256270,-0.115700096,0.09073499,-0.98913133,-0.9080578,0.39391258,0.14235115,0.4025475,0.9146584,0.036816835
1356269256311,-0.14811462,0.101416856,-0.9837564,-0.90424514,0.38894737,0.17624053,0.40050325,0.91566074,0.034096897
1356269256351,-0.17375678,0.106178164,-0.9790479,-0.9023577,0.3810014,0.20146593,0.3944099,0.9184574,0.029609084
1356269256391,-0.17208162,0.09693837,-0.9803014,-0.90618706,0.37464944,0.19611934,0.38628086,0.92208505,0.023374021
1356269256431,-0.10201424,0.058202922,-0.99307877,-0.92079616,0.37226838,0.1164071,0.37646705,0.9262983,0.015616298
1356269256500,0.085852325,-0.024994105,-0.9959943,-0.9283279,0.36093283,-0.089077115,0.36171344,0.9322568,0.007784188
1356269256522,0.3636943,-0.12674838,-0.92285496,-0.8649953,0.32171214,-0.38507715,0.34570152,0.93831563,0.0073681176
1356269256562,0.53244877,-0.16564918,-0.8300956,-0.7780822,0.29035816,-0.55702806,0.33329624,0.9424715,0.025712162
1356269256602,0.6057882,-0.15493745,-0.7803941,-0.72333515,0.30126736,-0.6213084,0.33137116,0.94086784,0.070432514
1356269256642,0.63305897,-0.12063813,-0.76464546,-0.69434834,0.34819537,-0.6297938,0.34222314,0.929627,0.13666335
1356269256682,0.6409673,-0.080797285,-0.7633038,-0.6780478,0.406468,-0.612401,0.3597389,0.91008544,0.20574829
1356269256722,0.6408142,-0.04759574,-0.76621914,-0.66991633,0.45276928,-0.5883979,0.3749257,0.8903565,0.25825584
1356269256762,0.6371858,-0.029408872,-0.77014893,-0.6681752,0.47693497,-0.57102966,0.3841043,0.87844646,0.2842459
1356269256802,0.6309057,-0.029301435,-0.775306,-0.6711011,0.48084268,-0.5642816,0.38933453,0.87631714,0.28370214
1356269256842,0.62156993,-0.044644475,-0.78208554,-0.6774442,0.47067553,-0.5652733,0.39334488,0.88117623,0.26231357
1356269256882,0.608104,-0.06850386,-0.79089624,-0.68789464,0.45180705,-0.5680417,0.39624554,0.88948166,0.22762224
1356269256922,0.59004843,-0.09472096,-0.8017922,-0.7031533,0.42774054,-0.5679907,0.3967597,0.8989249,0.18578428
1356269256962,0.56740946,-0.119877815,-0.81466293,-0.722722,0.4016202,-0.5624714,0.3946129,0.90792644,0.1412448
1356269257002,0.54007924,-0.1422239,-0.82951,-0.7453774,0.37683952,-0.54991317,0.3908029,0.91529465,0.09751269
1356269257042,0.50731814,-0.15993324,-0.8467878,-0.7700825,0.35689604,-0.5287704,0.3867832,0.9203513,0.057898015
1356269257081,0.4671629,-0.16986704,-0.86770046,-0.796238,0.34583384,-0.496391,0.38440064,0.92279154,0.026306182
1356269257121,0.4162153,-0.16764617,-0.8936776,-0.82339114,0.34746218,-0.44866145,0.38573554,0.92258596,0.0065806806
1356269257160,0.34784997,-0.14820331,-0.9257625,-0.8522802,0.3614623,-0.3781052,0.39066464,0.92053294,-5.760789E-4
1356269257200,0.25669533,-0.10874376,-0.9603553,-0.88165677,0.3807454,-0.27877274,0.3959656,0.91826344,0.0018609166
1356269257241,0.14183733,-0.052296907,-0.98850757,-0.90678453,0.39364913,-0.1509372,0.39701873,0.91777194,0.008412063
1356269257281,0.019024372,0.00829643,-0.9997846,-0.91994166,0.3917961,-0.014253914,0.39159343,0.9200147,0.015085936
1356269257320,-0.082101375,0.05508268,-0.9951006,-0.9209579,0.37742737,0.09687626,0.38091445,0.9243995,0.019741476
1356269257361,-0.13516074,0.07620078,-0.9878891,-0.92003036,0.36045325,0.15368003,0.3677984,0.92965955,0.021387875
1356269257401,-0.12800455,0.06941599,-0.98934126,-0.9261872,0.34836972,0.14427647,0.3546716,0.93478334,0.019699335
1356269257440,-0.06630725,0.039738595,-0.9970076,-0.9376315,0.33924824,0.07588011,0.34124848,0.9398572,0.014765501
1356269257501,0.02935332,-0.0010413527,-0.9995685,-0.9448044,0.326429,-0.028085172,0.32631737,0.9452211,0.00859791
1356269257522,0.12877706,-0.033992916,-0.9910909,-0.9412608,0.3104075,-0.13294896,0.31216136,0.94999564,0.007977188
1356269257562,0.21218291,-0.04289937,-0.97628796,-0.92771167,0.30514184,-0.21503383,0.30713108,0.95134014,0.024947643
1356269257603,0.2778678,-0.025407165,-0.9602833,-0.9058471,0.32579613,-0.27073607,0.31973526,0.94509864,0.0675132
1356269257642,0.33154494,0.006090522,-0.9434198,-0.87673277,0.3713218,-0.3057121,0.34845042,0.9284843,0.12844962
1356269257682,0.3766235,0.03390205,-0.9257458,-0.84481007,0.42257166,-0.32822108,0.38006657,0.9056952,0.18779123
1356269257721,0.41219375,0.04803744,-0.9098289,-0.81759655,0.4601539,-0.34611297,0.40203497,0.8865386,0.22894779
1356269257761,0.4364863,0.04651603,-0.8985077,-0.79994345,0.4771427,-0.36390296,0.41178906,0.877594,0.24547642
1356269257801,0.44835156,0.03248611,-0.8932668,-0.7923782,0.47692406,-0.38036856,0.41366374,0.87834394,0.23957092
1356269257841,0.44793147,0.011488199,-0.89399403,-0.7936621,0.46549785,-0.39167875,0.41165262,0.8849744,0.2176289
1356269257881,0.4360742,-0.010736734,-0.8998467,-0.80241954,0.44802302,-0.39420575,0.4073845,0.89395756,0.1867559
1356269257921,0.4137659,-0.030512273,-0.9098718,-0.8169723,0.42853785,-0.38589057,0.40168884,0.90300846,0.1523867
1356269257961,0.3815248,-0.04634148,-0.9231962,-0.8353287,0.41037512,-0.36581174,0.39580902,0.9107386,0.11785796
1356269258001,0.3392815,-0.057778746,-0.93890876,-0.8555677,0.3959309,-0.33353046,0.39101392,0.91646075,0.08489844
1356269258041,0.28673267,-0.063869715,-0.95587915,-0.87581563,0.3868801,-0.28856662,0.38824123,0.91991544,0.054993093
1356269258081,0.22393964,-0.061935365,-0.972633,-0.89381236,0.38479066,-0.23029464,0.38852343,0.92092353,0.03081131
1356269258121,0.1515054,-0.048087716,-0.987286,-0.9071793,0.3898691,-0.15820181,0.3925198,0.91961384,0.015443146
1356269258160,0.070581436,-0.020652264,-0.99729216,-0.91446483,0.39803338,-0.072962105,0.39846238,0.91713846,0.009207964
1356269258200,-0.015643805,0.016903877,-0.99973464,-0.9154684,0.40183517,0.021119624,0.40208554,0.91555595,0.009188712
1356269258241,-0.101466924,0.05653864,-0.99323106,-0.9111325,0.39556906,0.11559719,0.3994272,0.91669434,0.011376977
1356269258281,-0.17654681,0.08871645,-0.980286,-0.9039303,0.37953204,0.19714323,0.38953984,0.92091525,0.0131883025
1356269258320,-0.23005575,0.10706496,-0.96727,-0.89798975,0.3597288,0.2533958,0.37508473,0.92689383,0.013385594
1356269258361,-0.25460252,0.10985741,-0.96078557,-0.89792275,0.3420194,0.27705115,0.35904342,0.9332492,0.011564434
1356269258401,-0.24554756,0.097819,-0.96443653,-0.9065701,0.32913575,0.26419762,0.34327403,0.9392024,0.007861376
1356269258441,-0.20502219,0.07383984,-0.975968,-0.9225831,0.3183743,0.21789515,0.32681248,0.9450849,0.0028495789
1356269258501,-0.1396302,0.04480821,-0.9891894,-0.9408086,0.3055734,0.14664277,0.30884075,0.9511136,-5.1134825E-4
1356269258522,-0.05936393,0.024274558,-0.99794126,-0.95412457,0.29251763,0.063872755,0.29346597,0.955952,0.005795896
1356269258562,0.027470827,0.026628643,-0.9992678,-0.956421,0.29140258,-0.018527597,0.29069588,0.9562298,0.033473253
1356269258620,0.11565772,0.053524554,-0.99184597,-0.9444314,0.31524357,-0.09311673,0.30768898,0.9475001,0.08701068
1356269258640,0.19923353,0.09050515,-0.9757637,-0.9193691,0.36193776,-0.15414786,0.33921453,0.9277984,0.15531778
1356269258681,0.27202165,0.11986256,-0.9547969,-0.88787544,0.41385454,-0.20100152,0.3710545,0.90241754,0.21900037
1356269258718,0.33045387,0.13186753,-0.9345647,-0.85855585,0.4532817,-0.23961955,0.39202306,0.8815592,0.26300436
1356269258761,0.3733967,0.12543908,-0.9191518,-0.8364496,0.47398823,-0.2751133,0.40115723,0.87155044,0.2819091
1356269258801,0.40174538,0.10401681,-0.9098247,-0.8224324,0.47793627,-0.30851546,0.40274748,0.8722141,0.27755553
1356269258841,0.41734982,0.07345781,-0.9057721,-0.8158777,0.4692381,-0.3378744,0.40020323,0.8800111,0.25576907
1356269258881,0.42238492,0.03919655,-0.90556866,-0.81592405,0.4515844,-0.36102557,0.39478976,0.89136696,0.22272384
1356269258921,0.4187413,0.004772663,-0.908093,-0.8213414,0.4285518,-0.37648585,0.38736805,0.9035046,0.18337232
1356269258961,0.40789884,-0.027774334,-0.9126046,-0.8303896,0.4042468,-0.38345486,0.37956774,0.91422814,0.14182824
1356269259001,0.39099002,-0.057198912,-0.91861594,-0.84134114,0.38247377,-0.38191497,0.37319162,0.92219424,0.10141963
1356269259041,0.36917424,-0.082089335,-0.9257277,-0.8528373,0.36588788,-0.37255132,0.36929503,0.9270315,0.0650675
1356269259080,0.3442148,-0.09983611,-0.9335678,-0.8636434,0.35636657,-0.356543,0.36828822,0.9289971,0.03644389
1356269259121,0.31810743,-0.10746458,-0.9419443,-0.87266874,0.35507149,-0.33522153,0.37048203,0.9286418,0.019169927
1356269259161,0.29186893,-0.10418236,-0.9507674,-0.87971884,0.36088848,-0.3096034,0.37537625,0.9267716,0.013680935
1356269259200,0.265126,-0.09259972,-0.959757,-0.8860558,0.36917353,-0.28038532,0.3802804,0.9247357,0.015828967
1356269259240,0.23841502,-0.076808214,-0.9681213,-0.89299464,0.37449658,-0.2496255,0.3817314,0.92404157,0.020696282
1356269259281,0.21370742,-0.06133315,-0.97497046,-0.90080965,0.37378606,-0.22096586,0.37798294,0.9254849,0.024631381
1356269259321,0.19551241,-0.050380826,-0.9794063,-0.90833366,0.36721158,-0.20021409,0.36973625,0.92877203,0.026031852
1356269259361,0.18951279,-0.04721117,-0.9807426,-0.9138596,0.35681325,-0.19376504,0.35908985,0.93298197,0.02447629
1356269259401,0.20073126,-0.053499937,-0.9781844,-0.91584677,0.3441993,-0.2067644,0.34775227,0.9373711,0.020093799
1356269259440,0.23121181,-0.06857294,-0.97048384,-0.91325116,0.3286176,-0.24079606,0.3354302,0.94197035,0.01335597
1356269259499,0.27936727,-0.08807188,-0.9561366,-0.9049119,0.30882853,-0.29284722,0.32107386,0.9470313,0.00657928
1356269259522,0.34138954,-0.1034677,-0.9342096,-0.8884277,0.28894466,-0.3566612,0.30683777,0.9517381,0.006719142
1356269259562,0.41370726,-0.106354326,-0.9041764,-0.8593714,0.28223962,-0.42640525,0.30054444,0.95343035,0.025366753
1356269259602,0.4899012,-0.09711707,-0.8663516,-0.81481314,0.3023288,-0.49464825,0.30996183,0.9482435,0.068978965
1356269259642,0.55950016,-0.085083574,-0.82445157,-0.7587482,0.34773886,-0.5507985,0.33355775,0.9337229,0.13000295
1356269259682,0.6149504,-0.07909933,-0.7845885,-0.7017298,0.39899978,-0.5902325,0.35973758,0.913533,0.18985876
1356269259720,0.65485466,-0.08134624,-0.75136423,-0.6543895,0.4363217,-0.6175741,0.3780738,0.8961061,0.23249519
1356269259761,0.68063927,-0.09106454,-0.72693706,-0.62230825,0.45174435,-0.63926476,0.38660407,0.8874876,0.2508047
1356269259801,0.69447577,-0.10662092,-0.71157247,-0.6055346,0.44755226,-0.65804625,0.38862735,0.8878789,0.24625152
1356269259841,0.6987866,-0.12558357,-0.7042202,-0.60157704,0.429495,-0.6735273,0.387043,0.89429456,0.22457716
1356269259881,0.6957192,-0.14540012,-0.7034441,-0.6075985,0.40323043,-0.6842729,0.38314345,0.9034734,0.19219023
1356269259921,0.6863334,-0.16418922,-0.70851135,-0.621346,0.37393364,-0.68855125,0.37798893,0.91280645,0.15462485
1356269259961,0.67002,-0.18061067,-0.72003686,-0.6418281,0.3464244,-0.6841395,0.37300125,0.920527,0.116190255
1356269260001,0.64405257,-0.1928695,-0.74026865,-0.6699484,0.3249242,-0.6675278,0.36927694,0.9258647,0.080055654
1356269260040,0.6021504,-0.19756314,-0.7735526,-0.7087989,0.313643,-0.6318482,0.36744922,0.9287609,0.048827738
1356269260081,0.529061,-0.18699685,-0.82772386,-0.76442707,0.31848204,-0.5605537,0.36843696,0.92930156,0.025550991
1356269260121,0.38036573,-0.14024642,-0.91414046,-0.84630406,0.3458138,-0.40519395,0.37294936,0.92776275,0.012844622
1356269260160,0.006200671,0.008480519,-0.99994475,-0.92520475,0.37945974,-0.002518952,0.37941736,0.92516935,0.010199189
1356269260200,-0.68285847,0.29390576,-0.6688226,-0.62152505,0.24742347,0.7432955,0.38394123,0.9232556,0.0137146115
1356269260240,-0.91769254,0.38290155,-0.10595663,-0.105146125,0.02311039,0.9941882,0.3831249,0.92350006,0.019052386
1356269260281,-0.9170051,0.36858997,0.15245697,0.1325582,-0.07888365,0.9880312,0.37620476,0.9262391,0.023477018
1356269260321,-0.898988,0.3455503,0.26910126,0.2415564,-0.12133312,0.96277136,0.36533684,0.9305231,0.02560711
1356269260361,-0.88693815,0.3262379,0.32697028,0.29759273,-0.13776106,0.94470125,0.3532411,0.9351955,0.025099516
1356269260400,-0.88205296,0.3119669,0.3530713,0.3248775,-0.14001656,0.93533415,0.3412291,0.93971914,0.022150934
1356269260440,-0.8855038,0.3013263,0.35367405,0.32872096,-0.13166392,0.9352043,0.32836777,0.94438714,0.0175367
1356269260498,-0.9004563,0.292804,0.32162765,0.30100507,-0.114272535,0.9467512,0.3139657,0.94931954,0.014761865
1356269260522,-0.92862844,0.28830555,0.23351495,0.21597382,-0.09169668,0.97208387,0.30166972,0.9531378,0.02288562
1356269260562,-0.95357496,0.2978179,0.044711143,0.026458427,-0.06504208,0.99753165,0.29999086,0.95240426,0.054142833
1356269260602,-0.9052249,0.33323377,-0.26367232,-0.28581476,-0.01830411,0.9581101,0.31444833,0.94266653,0.11181247
1356269260642,-0.72929823,0.38070717,-0.5684945,-0.59385234,0.060435593,0.802301,0.33979905,0.9227186,0.18200833
1356269260682,-0.5153525,0.41105357,-0.75196207,-0.7759304,0.14867139,0.6130489,0.36379123,0.89940643,0.24233067
1356269260722,-0.33896154,0.412547,-0.84552354,-0.8612555,0.22560722,0.4553464,0.37860793,0.88255674,0.27883625
1356269260761,-0.2054593,0.3861818,-0.89924985,-0.9000462,0.2862721,0.32858044,0.384322,0.8768763,0.28876412
1356269260801,-0.10617274,0.33999446,-0.93441486,-0.91711044,0.32964402,0.22415024,0.3842341,0.88076025,0.27681327
1356269260841,-0.035845816,0.28426966,-0.9580741,-0.92411697,0.35551518,0.14006004,0.38042465,0.890393,0.2499547
1356269260881,0.0084293485,0.22828561,-0.9735577,-0.9274122,0.3658687,0.07776126,0.37394604,0.90223384,0.21479887
1356269260921,0.028261244,0.17863715,-0.98350906,-0.93010986,0.36514097,0.03959465,0.36619255,0.9136525,0.17647147
1356269260961,0.023725241,0.13958564,-0.98992574,-0.93298256,0.35881248,0.028234303,0.35913876,0.92291355,0.13874394
1356269261001,-0.006981671,0.11384663,-0.9934738,-0.93500865,0.3515162,0.04685259,0.35455614,0.92923373,0.103993416
1356269261041,-0.06810659,0.10432845,-0.9922081,-0.93302697,0.34552193,0.100375175,0.35330164,0.9325932,0.07380897
1356269261080,-0.1661835,0.11615762,-0.9792295,-0.9197191,0.33991435,0.1964052,0.35566813,0.93325543,0.05034417
1356269261121,-0.3044842,0.15463927,-0.93988085,-0.88107073,0.32922155,0.33959907,0.3619444,0.9315041,0.036005378
1356269261160,-0.46921486,0.21600881,-0.8562579,-0.80130017,0.30338168,0.5156333,0.37115422,0.9280624,0.030736744
1356269261200,-0.6229271,0.2806701,-0.73019594,-0.6836972,0.25827432,0.68253386,0.38015765,0.92440176,0.03100735
1356269261240,-0.73403466,0.32781214,-0.5947539,-0.5590788,0.20546609,0.80325246,0.3855177,0.9221295,0.032453597
1356269261281,-0.8006886,0.35187718,-0.48485065,-0.45845857,0.16106772,0.8739982,0.38563383,0.9220844,0.032356024
1356269261321,-0.83634883,0.35859722,-0.41464266,-0.39376295,0.13327944,0.9094984,0.38140693,0.9239289,0.029734194
1356269261361,-0.851432,0.35465625,-0.38637075,-0.36681256,0.12384778,0.9220142,0.3748493,0.9267581,0.024644375
1356269261401,-0.84872276,0.34273922,-0.4027401,-0.38055807,0.13298053,0.9151458,0.36721292,0.92997104,0.017568588
1356269261441,-0.8211448,0.31905147,-0.47320965,-0.44488004,0.16154087,0.88090086,0.3574954,0.93386865,0.009291172
1356269261512,-0.74505794,0.27265543,-0.6087264,-0.5730399,0.20538604,0.79337376,0.34134156,0.93993384,0.0032178164
1356269261530,-0.55481565,0.19674933,-0.8083743,-0.7661505,0.25795472,0.5886193,0.32433435,0.9459117,0.007622361
1356269261567,-0.31896323,0.13777092,-0.93770015,-0.8945229,0.28318495,0.345883,0.3131952,0.94911826,0.032913685
1356269261598,-0.107614845,0.109984994,-0.9880903,-0.9447179,0.2983053,0.13609567,0.30972102,0.9481125,0.071802735
1356269261641,0.02843061,0.12783316,-0.9913882,-0.9472228,0.3202645,0.014131963,0.31931296,0.93866366,0.1301918
1356269261681,0.13151741,0.152928,-0.9794469,-0.93400955,0.350174,-0.07074106,0.33215857,0.92411643,0.18889016
1356269261721,0.21209699,0.16725242,-0.96282995,-0.9164394,0.3761608,-0.13653523,0.33934307,0.911334,0.23305929
1356269261761,0.2746554,0.16509604,-0.94726324,-0.89987254,0.39126402,-0.19272229,0.33881232,0.9053484,0.2560282
1356269261801,0.32080543,0.14809507,-0.9354954,-0.88665646,0.39427096,-0.24164155,0.33305275,0.906983,0.25779372
1356269261841,0.35111368,0.1215418,-0.9284109,-0.87810904,0.3869351,-0.28143498,0.32502866,0.91406167,0.24258518
1356269261881,0.36645156,0.09027347,-0.92604744,-0.874786,0.37247574,-0.30985674,0.3169584,0.92364085,0.2154643
1356269261920,0.36763334,0.05744633,-0.9281949,-0.8763379,0.35545063,-0.32509518,0.3112519,0.9329281,0.18101788
1356269261961,0.3545817,0.02538395,-0.93468034,-0.8819374,0.34111643,-0.325309,0.31057724,0.9396782,0.14334068
1356269262001,0.32527637,-0.0031363666,-0.94561374,-0.8910825,0.33367467,-0.3076252,0.31649217,0.9426831,0.10574177
1356269262041,0.27448285,-0.023551852,-0.9613035,-0.90385616,0.3348685,-0.266284,0.3281817,0.94197047,0.070628226
1356269262081,0.19031438,-0.026868194,-0.9813555,-0.91992486,0.34418067,-0.18782434,0.3428101,0.9385189,0.04078579
1356269262121,0.04842624,0.002455622,-0.99882376,-0.93257153,0.35825267,-0.04433337,0.3577225,0.9336214,0.019638836
1356269262160,-0.18795249,0.08454028,-0.9785329,-0.9091718,0.3619549,0.205901,0.3715917,0.92835414,0.008831322
1356269262200,-0.5129883,0.21823165,-0.83019143,-0.76829624,0.31460786,0.557443,0.3828364,0.92379475,0.0062764883
1356269262240,-0.7800452,0.33391368,-0.5291795,-0.49007618,0.19979262,0.848474,0.38904324,0.92118645,0.0077958703
1356269262281,-0.89399207,0.37969393,-0.23793043,-0.22309792,0.083322406,0.9712285,0.3885945,0.92135227,0.010219216
1356269262321,-0.92317426,0.38233376,-0.03962557,-0.041098252,0.0043178797,0.99914575,0.38217825,0.9240142,0.011727095
1356269262361,-0.92534,0.36944792,0.08517048,0.07488164,-0.04212916,0.99630207,0.3716699,0.9282959,0.011318982
1356269262401,-0.9207729,0.3530016,0.16603369,0.15189518,-0.06759721,0.9860824,0.35931206,0.93317765,0.008622348
1356269262441,-0.91577244,0.33690473,0.21875995,0.20388237,-0.079398215,0.97577035,0.34611082,0.938185,0.0040218234
1356269262498,-0.914077,0.3215787,0.24708366,0.23327652,-0.08144152,0.96899396,0.33173072,0.943374,-5.7297945E-4
1356269262522,-0.91982365,0.3074922,0.24366602,0.23096116,-0.07765466,0.9698592,0.3171459,0.9483767,4.0978193E-4
1356269262562,-0.9358672,0.29942548,0.18573368,0.17150171,-0.07337642,0.98244745,0.30779827,0.951294,0.017318606
1356269262603,-0.95033747,0.3099326,0.028295815,0.008583292,-0.06478286,0.99786246,0.3111032,0.9485489,0.058905303
1356269262642,-0.9010739,0.3500306,-0.25601605,-0.28275025,-0.026581228,0.9588251,0.32881293,0.93636096,0.12292302
1356269262682,-0.7098239,0.39560264,-0.58279365,-0.6096986,0.06925261,0.7896022,0.3527287,0.91580707,0.19204122
1356269262722,-0.39789414,0.39358467,-0.82871675,-0.83859056,0.21032262,0.5025239,0.37208366,0.8949053,0.2463702
1356269262762,-0.06363356,0.32308033,-0.9442297,-0.9217483,0.34363985,0.1796993,0.38253224,0.88177705,0.27593172
1356269262802,0.20047724,0.21609718,-0.9555684,-0.90045947,0.42491978,-0.092821896,0.38598138,0.87905926,0.2797735
1356269262842,0.3710909,0.11230865,-0.92178,-0.8446101,0.45335388,-0.28478765,0.38590845,0.8842268,0.26309252
1356269262882,0.47255027,0.02612719,-0.8809163,-0.7933135,0.4479804,-0.41227078,0.38386172,0.8936615,0.23242036
1356269262922,0.5299962,-0.041233122,-0.84699696,-0.75805366,0.42463702,-0.49501312,0.38007718,0.9044242,0.19379911
1356269262961,0.56021917,-0.092853904,-0.8231237,-0.7385204,0.39405578,-0.5470902,0.37515604,0.914384,0.15218312
1356269263001,0.57298326,-0.13243946,-0.80879533,-0.7310685,0.36346522,-0.5774355,0.37044418,0.9221457,0.11143717
1356269263041,0.5728671,-0.16240141,-0.80339855,-0.7327632,0.33771622,-0.5907673,0.36726218,0.92713195,0.07446471
1356269263080,0.55957496,-0.18202302,-0.80854416,-0.7434802,0.320834,-0.5867733,0.36621475,0.9294801,0.044200152
1356269263121,0.52750826,-0.18699953,-0.8287136,-0.7659389,0.31731272,-0.5591514,0.36752242,0.929701,0.024154872
1356269263160,0.46542072,-0.17117754,-0.8683788,-0.80332446,0.33017057,-0.4956382,0.37155527,0.9282703,0.01615712
1356269263201,0.3559665,-0.12755802,-0.92575204,-0.85483706,0.35578132,-0.37772116,0.37754667,0.9258232,0.017604858
1356269263240,0.18220307,-0.051075608,-0.9819335,-0.90586364,0.3796432,-0.18783522,0.3823782,0.923722,0.022904634
1356269263280,-0.03565103,0.044781625,-0.9983604,-0.92319477,0.38105828,0.050059408,0.38267526,0.92346585,0.027757049
1356269263321,-0.21115983,0.11756098,-0.9703561,-0.9016528,0.35987997,0.23980957,0.37740397,0.92556244,0.030007005
1356269263361,-0.2690308,0.13633454,-0.9534334,-0.8899386,0.3433413,0.30020997,0.368282,0.9292629,0.02896005
1356269263401,-0.19469234,0.10039109,-0.97571325,-0.9132859,0.34428653,0.21765935,0.35777593,0.9334818,0.024655879
1356269263441,-0.011030257,0.022643387,-0.9996827,-0.93782383,0.3466341,0.018199235,0.34693617,0.9377271,0.017412066
1356269263498,0.20390587,-0.06399199,-0.9768969,-0.9200436,0.3285011,-0.2135576,0.3345777,0.94233334,0.008107841
1356269263522,0.36780536,-0.12395093,-0.92160475,-0.873405,0.2941413,-0.3881296,0.31919098,0.94769037,-7.2568655E-5
1356269263562,0.46925864,-0.148076,-0.8705572,-0.82936037,0.26463768,-0.49206528,0.30324522,0.9529115,0.0013751984
1356269263602,0.5318847,-0.14272499,-0.8347025,-0.79385597,0.25907734,-0.5501561,0.29477355,0.9552531,0.024496168
1356269263642,0.5768059,-0.11915317,-0.80814445,-0.75919044,0.28699142,-0.58417964,0.3015374,0.9504938,0.07507837
1356269263682,0.61440563,-0.091804266,-0.783631,-0.72027427,0.34013268,-0.6045781,0.32204133,0.9358855,0.14285523
1356269263721,0.6463464,-0.07148185,-0.7596885,-0.6804795,0.39645046,-0.6162585,0.3452301,0.915269,0.20760241
1356269263760,0.67154235,-0.06107226,-0.738445,-0.64721406,0.4368688,-0.6247076,0.36075586,0.8974496,0.2538491
1356269263800,0.6893709,-0.06011015,-0.72191036,-0.6249518,0.45461226,-0.6346361,0.36633733,0.8886588,0.2758305
1356269263841,0.6997245,-0.067727506,-0.7111952,-0.61418784,0.45145303,-0.6472739,0.36490947,0.8897208,0.27429533
1356269263881,0.7029756,-0.081113905,-0.70657337,-0.6134763,0.4334696,-0.66011435,0.3598225,0.89751023,0.25495708
1356269263921,0.6999008,-0.09738958,-0.7075692,-0.6211075,0.40614438,-0.6702778,0.35265332,0.90860444,0.22377138
1356269263961,0.6910193,-0.11502445,-0.71362567,-0.6353067,0.3742671,-0.67550683,0.3447864,0.92015946,0.18554999
1356269264001,0.67632407,-0.13382402,-0.7243458,-0.65423214,0.34272963,-0.67417854,0.33847606,0.9298535,0.14424434
1356269264040,0.6554458,-0.15362158,-0.7394533,-0.67636347,0.31624427,-0.6652233,0.33604053,0.93615705,0.103376955
1356269264081,0.62810576,-0.17301702,-0.7586491,-0.7005829,0.29854342,-0.6481169,0.33862498,0.9385825,0.06630406
1356269264120,0.59446925,-0.18864787,-0.7816766,-0.7258206,0.2925228,-0.62258726,0.34610802,0.93746597,0.03697127
1356269264161,0.55483496,-0.19607809,-0.8085243,-0.7510661,0.29996425,-0.5881506,0.3578518,0.9335817,0.019163042
1356269264200,0.5087428,-0.19197655,-0.8392412,-0.77627,0.3192331,-0.5435946,0.372271,0.92802763,0.013381898
1356269264240,0.45507577,-0.17540625,-0.8730056,-0.8025931,0.3438451,-0.4874577,0.38568187,0.9224984,0.01569572
1356269264281,0.39383683,-0.14798796,-0.90718913,-0.83071285,0.3651633,-0.42020464,0.3934574,0.91910577,0.020879269
1356269264321,0.3288988,-0.114787966,-0.9373629,-0.85856414,0.37704778,-0.34742278,0.39331055,0.91905314,0.02545774
1356269264379,0.27023804,-0.08406556,-0.95911646,-0.88196445,0.3779238,-0.28162444,0.38614777,0.9220122,0.027986586
1356269264400,0.23162137,-0.06449109,-0.970666,-0.8975299,0.37069577,-0.23879862,0.37522215,0.9265126,0.02797836
1356269264441,0.22354014,-0.06072554,-0.9728012,-0.90444934,0.3591048,-0.23025006,0.36331967,0.93131953,0.025351167
1356269264478,0.24836977,-0.072074085,-0.9659803,-0.9027556,0.34433782,-0.25780556,0.35120466,0.9360752,0.020457804
1356269264507,0.29754525,-0.09183997,-0.9502801,-0.89249176,0.3266846,-0.31102347,0.33900627,0.9406607,0.015237033
1356269264551,0.3506175,-0.10742441,-0.9303372,-0.8782532,0.30720893,-0.36646137,0.32517478,0.9455594,0.013366997
1356269264590,0.4174537,-0.11518273,-0.9013686,-0.8522129,0.2946447,-0.43233973,0.31538162,0.9486398,0.024840266
1356269264631,0.48955554,-0.109332144,-0.86509067,-0.81159693,0.30561215,-0.4979073,0.31881946,0.94585824,0.060880512
1356269264671,0.5578252,-0.09705591,-0.82426405,-0.7578513,0.34532955,-0.55354214,0.33836725,0.93344927,0.11907959
1356269264710,0.6121875,-0.08818048,-0.7857803,-0.701202,0.39873245,-0.5910399,0.3654343,0.91281796,0.18226671
1356269264751,0.6493844,-0.086081475,-0.75557256,-0.65430653,0.4430826,-0.61283016,0.38753435,0.8923384,0.23140725
1356269264791,0.6707274,-0.089609444,-0.736271,-0.62564135,0.46481127,-0.62651694,0.39836895,0.88086355,0.25569823
1356269264831,0.6775875,-0.097319245,-0.72897476,-0.61714137,0.46388686,-0.6355671,0.4000147,0.8805328,0.2542642
1356269264871,0.67051333,-0.10776666,-0.73402876,-0.62682784,0.44696265,-0.63820934,0.39686114,0.88803756,0.23214325
1356269264911,0.6499888,-0.11865768,-0.750623,-0.65161574,0.42122972,-0.6308426,0.391039,0.8991584,0.19647539
1356269264951,0.6163291,-0.1274353,-0.77710915,-0.68829894,0.39227027,-0.61022013,0.3826004,0.9109798,0.15405399
1356269264991,0.5688876,-0.13220921,-0.81171894,-0.7334901,0.3648388,-0.5734849,0.3719666,0.9216362,0.11057809
1356269265031,0.50579304,-0.13179472,-0.85252774,-0.78355265,0.3432122,-0.5179292,0.3608582,0.9299654,0.07032624
1356269265071,0.42498896,-0.12503484,-0.89652145,-0.8341143,0.33062956,-0.44151717,0.3516216,0.9354413,0.03622052
1356269265111,0.3271607,-0.11012265,-0.9385302,-0.87907755,0.3289046,-0.34502825,0.3466823,0.93792045,0.010798305
1356269265150,0.21929902,-0.08498761,-0.9719491,-0.91145456,0.33756113,-0.23516622,0.3480785,0.9374591,-0.0034355521
1356269265190,0.1125052,-0.049219877,-0.99243134,-0.9277562,0.35245514,-0.122653514,0.35582453,0.9345335,-0.006011009
1356269265231,0.012806356,-0.004889399,-0.99990606,-0.93033314,0.36645913,-0.01370728,0.3664918,0.9304213,1.4418364E-4
1356269265271,-0.08844206,0.045794964,-0.995028,-0.9232998,0.37106314,0.09914431,0.37375855,0.9274777,0.00946486
1356269265311,-0.20527008,0.10148451,-0.97342956,-0.90477073,0.35955456,0.228277,0.37316763,0.92758906,0.018014371
1356269265351,-0.35200024,0.16164601,-0.9219363,-0.862051,0.3277343,0.3865984,0.36464226,0.93083876,0.023984492
1356269265391,-0.5306579,0.22282618,-0.81777173,-0.771237,0.2732491,0.574916,0.35156173,0.9357796,0.026850045
1356269265430,-0.71446586,0.27457702,-0.64354175,-0.61289126,0.19805908,0.7649424,0.3374949,0.94094634,0.026779413
1356269265497,-0.8588687,0.30398732,-0.41223314,-0.39731073,0.112528324,0.91075873,0.32324705,0.9460069,0.024130344
1356269265512,-0.93813074,0.30640224,-0.16133337,-0.15965506,0.030709684,0.9866951,0.30728006,0.95140666,0.020108879
1356269265552,-0.9549772,0.28669083,0.07633413,0.0676823,-0.039983332,0.9969054,0.28885573,0.9571884,0.018779278
1356269265592,-0.9247444,0.2538791,0.28353685,0.26530305,-0.10414189,0.9585242,0.27287734,0.9616132,0.028949738
1356269265632,-0.8512262,0.2079607,0.4818365,0.45056042,-0.181176,0.8741685,0.26908988,0.96121156,0.060522854
1356269265672,-0.5687631,0.07087308,0.8194422,0.7722273,-0.29696018,0.5616758,0.28314942,0.9522561,0.114169836
1356269265712,0.8383601,-0.3544821,0.41411936,0.44942504,0.019544706,-0.89310426,0.30849564,0.9348585,0.17569864
1356269265750,0.9411426,-0.33771992,-0.013993502,0.06355633,0.21747363,-0.9739948,0.33198068,0.9157786,0.22613794
1356269265791,0.93813324,-0.33548874,-0.08575153,0.0077642053,0.26795787,-0.96339923,0.3461874,0.90313107,0.253985
1356269265831,0.93576133,-0.34367853,-0.07896702,0.017423302,0.26872224,-0.9630601,0.3522033,0.8998185,0.2574479
1356269265871,0.93381375,-0.35577834,-0.037597805,0.051660314,0.23808655,-0.96986914,0.35400996,0.9037348,0.24070811
1356269265911,0.9290045,-0.36852536,0.033759534,0.1082727,0.18343675,-0.9770506,0.35387522,0.9113396,0.21031481
1356269265951,0.9149304,-0.3774263,0.14300965,0.19660148,0.1073066,-0.9745939,0.35249144,0.9198015,0.17238063
1356269265990,0.8762107,-0.37479544,0.3029576,0.33038414,0.009485334,-0.94379884,0.35085785,0.927059,0.13213763
1356269266030,0.7803456,-0.34553978,0.521213,0.5179505,-0.10990238,-0.84832114,0.3504113,0.9319462,0.09321064
1356269266070,0.5807053,-0.26715612,0.7690312,0.7341131,-0.23651952,-0.6365034,0.35193664,0.93417674,0.05877465
1356269266110,0.2966131,-0.1447652,0.9439617,0.88641924,-0.32607293,-0.3285383,0.35536128,0.93419456,0.03160514
1356269266151,0.029187202,-0.026778996,0.9992151,0.9323095,-0.35977656,-0.03687489,0.3604817,0.9326541,0.014465481
1356269266191,-0.16384512,0.05597782,0.98489654,0.9156109,-0.36296743,0.17294863,0.36716664,0.9301189,0.00821653
1356269266231,-0.2872852,0.10565567,0.952,0.8818046,-0.3589201,0.30593634,0.3740158,0.927369,0.009944797
1356269266270,-0.35885817,0.13197035,0.9240155,0.85335356,-0.35469347,0.3820736,0.37816468,0.9256221,0.014667302
1356269266311,-0.39133263,0.14107597,0.9093714,0.83942914,-0.35023183,0.41556758,0.37711737,0.925978,0.018633783
1356269266350,-0.3883688,0.13546285,0.911493,0.8436508,-0.3456458,0.41083127,0.37070602,0.9285359,0.019954622
1356269266391,-0.34697968,0.11607337,0.9306622,0.8658951,-0.34158814,0.36543575,0.3603205,0.9326546,0.018016726
1356269266431,-0.24966884,0.079220295,0.96508527,0.9034937,-0.33950347,0.26160362,0.34837416,0.9372628,0.013188422
1356269266495,-0.066589355,0.01708591,0.9976342,0.93965286,-0.33520997,0.068460196,0.33558658,0.94198847,0.006266594
1356269266512,0.23362398,-0.077759296,0.96921265,0.9180249,-0.3108136,-0.24622178,0.32039055,0.9472847,-0.0012285113
