1356268911088,-0.08923483,-0.0019317567,-0.99600875,-0.650596,-0.7570694,0.059756786,-0.75416315,0.65333164,0.066300094
1356268911126,0.19590458,0.12756741,0.9722901,0.6267792,0.746246,-0.22419813,-0.754168,0.6533326,0.06623638
1356268911166,0.19572711,0.12797901,0.9722717,0.6267952,0.7461726,-0.2243974,-0.7542007,0.65333587,0.065829575
1356268911207,0.19524491,0.12924545,0.97220117,0.6268214,0.74595374,-0.22505097,-0.7543039,0.6533365,0.06462985
1356268911246,0.19439948,0.13175353,0.9720339,0.62682486,0.74553835,-0.2264137,-0.7545194,0.6533097,0.062345862
1356268911286,0.1932494,0.13552178,0.9717451,0.6267612,0.7449445,-0.22853465,-0.7548676,0.6532163,0.05902028
1356268911326,0.19186771,0.14031646,0.9713383,0.62661564,0.7442186,-0.23128238,-0.7553407,0.65303135,0.05486703
1356268911366,0.19027379,0.14585888,0.9708352,0.6264355,0.7433754,-0.23446012,-0.7558931,0.6527773,0.050073683
1356268911405,0.18847606,0.15184528,0.9702679,0.6263228,0.7423936,-0.2378475,-0.7564367,0.6525295,0.044819236
1356268911445,0.1858983,0.15710865,0.9699272,0.6265739,0.74142796,-0.24018688,-0.7568666,0.6523814,0.039390028
1356268911487,0.18453884,0.16328834,0.96916574,0.62668496,0.74008167,-0.24401852,-0.7571072,0.6523925,0.034243464
1356268911526,0.18325338,0.16843098,0.9685294,0.62702185,0.7387687,-0.2471122,-0.7571406,0.6525732,0.029771984
1356268911566,0.18213853,0.1725657,0.9680118,0.627523,0.7375227,-0.24954996,-0.7569944,0.65290225,0.026042342
1356268911606,0.1810394,0.17611405,0.96757877,0.62816465,0.7362959,-0.25155023,-0.7567258,0.65333927,0.022669911
1356268911646,0.17962179,0.17971705,0.96718025,0.6289425,0.73500323,-0.25338024,-0.7564174,0.6538134,0.018990874
1356268911686,0.17752093,0.1840082,0.9667613,0.62985057,0.7335672,-0.2552792,-0.7561578,0.6542325,0.014325857
1356268911733,0.17412373,0.19018102,0.9661844,0.63093185,0.73177344,-0.2577455,-0.7560463,0.65447605,0.007427871
1356268911763,0.17077756,0.19554906,0.96570987,0.63186485,0.7303039,-0.25962096,-0.75603026,0.6545356,0.0011589527
1356268911806,0.16771612,0.2005788,0.9652147,0.6323277,0.72926104,-0.26141936,-0.7563286,0.65417624,-0.0045226812
1356268911846,0.16547072,0.20472893,0.9647308,0.6320399,0.72890896,-0.26309186,-0.75706345,0.65328234,-0.008783758
1356268911886,0.16458854,0.20737375,0.9643167,0.6306446,0.7295948,-0.2645352,-0.7584181,0.6516806,-0.010696173
1356268911926,0.16561285,0.20787582,0.9640332,0.6277224,0.73171794,-0.2656188,-0.7606161,0.6491351,-0.009306431
1356268911966,0.16876775,0.20602144,0.9638841,0.62269455,0.73575884,-0.26629013,-0.76404774,0.64514655,-0.0041160583
1356268912026,0.17377758,0.20245092,0.9637504,0.6149871,0.7420415,-0.26676816,-0.7691503,0.63905245,0.004445493
1356268912047,0.17996502,0.1982654,0.963485,0.6044091,0.75048316,-0.2673288,-0.7760813,0.63044894,0.015227318
1356268912077,0.1862008,0.19486718,0.96299326,0.592982,0.7592066,-0.2682866,-0.7833911,0.62099284,0.025812149
1356268912117,0.19213766,0.19120575,0.9625609,0.57850295,0.7702304,-0.2684762,-0.7927278,0.60842866,0.03737718
1356268912147,0.19720566,0.18823846,0.9621207,0.56393486,0.78098935,-0.26838982,-0.8019274,0.5955014,0.047861278
1356268912187,0.20096806,0.18605845,0.9617661,0.54782283,0.79257417,-0.267799,-0.8120973,0.58069646,0.057355046
1356268912226,0.20280582,0.18507361,0.96157044,0.5322601,0.8034101,-0.26689208,-0.8219301,0.5659328,0.064428926
1356268912256,0.20295942,0.1847814,0.9615942,0.51951134,0.8121013,-0.26570562,-0.83000934,0.55348647,0.06882757
1356268912297,0.20082387,0.18653397,0.96170413,0.51033264,0.8180519,-0.265239,-0.8361999,0.54405534,0.06908995
1356268912336,0.19760156,0.18994215,0.96170455,0.5050888,0.82107097,-0.2659469,-0.8401422,0.5382978,0.06630725
1356268912376,0.19443512,0.19335705,0.96166945,0.50381064,0.8215022,-0.26703745,-0.84164715,0.53642076,0.062313557
1356268912416,0.19229922,0.19569273,0.9616264,0.5062193,0.81969327,-0.26803923,-0.8406919,0.5383376,0.058562934
1356268912456,0.19134581,0.19751127,0.96144474,0.5114288,0.8159997,-0.26941624,-0.8377514,0.5432621,0.055125177
1356268912496,0.19089165,0.20086484,0.9608401,0.51776123,0.8109987,-0.2724048,-0.8339566,0.54948556,0.05081284
1356268912536,0.19008464,0.20794523,0.9594929,0.5232969,0.8054491,-0.2782303,-0.8306794,0.55498695,0.04428643
1356268912576,0.18859315,0.2194739,0.95721674,0.5271405,0.79976326,-0.2872309,-0.82858646,0.5587575,0.035136282
1356268912616,0.1868506,0.23392105,0.95413196,0.5296326,0.7940125,-0.2983847,-0.82739115,0.56109273,0.024469495
1356268912656,0.18541262,0.24823728,0.95078933,0.531855,0.78824496,-0.30951592,-0.82628834,0.5630703,0.014124334
1356268912696,0.18421319,0.25917473,0.94810015,0.53541505,0.7824663,-0.31792632,-0.82425493,0.56619334,0.005374551
1356268912736,0.18221328,0.26416785,0.9471081,0.5418619,0.77678955,-0.3209108,-0.8204779,0.571676,-0.0016011
1356268912776,0.17758092,0.26187313,0.948624,0.5516351,0.77177787,-0.31631896,-0.8149625,0.57946646,-0.0074054003
1356268912816,0.16827533,0.25201434,0.9529807,0.56380135,0.7684163,-0.30276144,-0.80858606,0.5882391,-0.012780547
1356268912856,0.15297905,0.23516111,0.95984197,0.5770944,0.76719964,-0.27994072,-0.80222154,0.5967445,-0.0183447
1356268912896,0.13128492,0.21300852,0.9681899,0.5906416,0.76756835,-0.24896039,-0.7961826,0.604538,-0.02504158
1356268912936,0.10315606,0.18931605,0.9764826,0.60361844,0.76836777,-0.21273421,-0.7905717,0.6113677,-0.03501284
1356268912976,0.06823799,0.1711794,0.9828739,0.6146865,0.7687559,-0.17656398,-0.7858143,0.6162077,-0.052763283
1356268913026,0.025331322,0.16744201,0.9855564,0.6217281,0.76937324,-0.14669333,-0.7828234,0.6164641,-0.08461416
1356268913057,-0.025877926,0.18461315,0.9824705,0.622202,0.7722029,-0.12871385,-0.78242886,0.6079643,-0.13484973
1356268913097,-0.082796514,0.22121765,0.97170335,0.6147328,0.7787807,-0.124916986,-0.78437763,0.58699524,-0.20047003
1356268913137,-0.13837615,0.26444098,0.95442283,0.6011777,0.78826445,-0.13124238,-0.78704345,0.5556169,-0.268053
1356268913177,-0.18505442,0.29947847,0.93598473,0.5851917,0.7987414,-0.13986717,-0.789497,0.5218475,-0.32306296
1356268913217,-0.21838671,0.31574345,0.92337066,0.570856,0.80875844,-0.14153889,-0.7914738,0.4962015,-0.35686612
1356268913257,-0.23770982,0.3107853,0.9202753,0.560319,0.8177812,-0.13144009,-0.7934335,0.48440307,-0.36853355
1356268913297,-0.24401659,0.28631514,0.9265417,0.5532007,0.82582027,-0.10949825,-0.79650795,0.48584414,-0.35990357
1356268913337,-0.23859161,0.24603721,0.9394359,0.54838717,0.83250755,-0.07875709,-0.8014646,0.4963838,-0.33355296
1356268913377,-0.22308499,0.19537477,0.95501924,0.5462052,0.8365189,-0.043543115,-0.8073989,0.5119227,-0.29332954
1356268913417,-0.19965807,0.14097036,0.96967214,0.5480002,0.83643234,-0.00876531,-0.81230074,0.5296304,-0.2442522
1356268913457,-0.17077017,0.08943355,0.9812437,0.55416286,0.8321534,0.020598352,-0.8147031,0.5472864,-0.19166774
1356268913497,-0.13880217,0.04609114,0.98924696,0.5632858,0.8252648,0.040584296,-0.8145201,0.5628619,-0.14051104
1356268913538,-0.10582272,0.014434099,0.9942802,0.57289636,0.81815594,0.049096942,-0.8127676,0.5748151,-0.09484875
1356268913577,-0.07350003,-0.004602462,0.99728453,0.5806997,0.812786,0.046548665,-0.81079316,0.5825442,-0.057067156
1356268913617,-0.043335862,-0.011216909,0.9989976,0.5854224,0.80999446,0.03448996,-0.8095694,0.5863303,-0.028535187
1356268913657,-0.016851164,-0.0059899986,0.99984,0.5867952,0.8096011,0.01474005,-0.80955994,0.58694977,-0.010127842
1356268913687,0.006813623,0.007901698,0.99994564,0.5863112,0.81001925,-0.0103960335,-0.8100573,0.5863501,8.8632107E-4
1356268913727,0.025595985,0.028967798,0.99925244,0.5847672,0.8102884,-0.03846869,-0.8107971,0.58531475,0.0038006902
1356268913767,0.042246856,0.055241674,0.99757886,0.5841949,0.80863065,-0.069518805,-0.81051314,0.5857174,0.0018901825
1356268913806,0.05718541,0.08272654,0.99493027,0.58592886,0.8041018,-0.10053687,-0.80834234,0.58870757,-0.0024889708
1356268913847,0.06950998,0.10670729,0.99185777,0.59055233,0.79692405,-0.12712193,-0.80400014,0.5945802,-0.007622063
1356268913886,0.07710913,0.121897876,0.98954284,0.59776735,0.788679,-0.14373465,-0.79795265,0.6025997,-0.012052178
1356268913926,0.0769325,0.123439535,0.9893655,0.60691684,0.7814825,-0.14469625,-0.7910331,0.61159444,-0.014796138
1356268913965,0.06617581,0.10865435,0.99187446,0.61795807,0.7760104,-0.1262365,-0.78342104,0.6212907,-0.0157907
1356268914030,0.04236093,0.07908082,0.99596775,0.6308177,0.77092004,-0.08804199,-0.77477384,0.63200366,-0.017228663
1356268914046,0.0019675866,0.04229209,0.99910337,0.64300287,0.7651241,-0.033654064,-0.76586133,0.64249253,-0.02568847
1356268914083,-0.05923274,0.009913325,0.99819493,0.6477097,0.76126134,0.0308747,-0.7595812,0.64836943,-0.05151254
1356268914126,-0.14234297,-0.007509917,0.98978895,0.6355046,0.7659537,0.09720442,-0.75886256,0.6428518,-0.10425556
1356268914166,-0.23563354,-0.008850187,0.9718017,0.6031201,0.78276724,0.15336762,-0.7620519,0.62225163,-0.1791085
1356268914206,-0.31979162,-4.9462914E-4,0.9474878,0.560099,0.8064694,0.189463,-0.7642136,0.59127563,-0.2576251
1356268914246,-0.38054633,0.008033097,0.92472696,0.52323425,0.8263788,0.20814413,-0.7625028,0.5630573,-0.31867862
1356268914286,-0.41469723,0.01068747,0.9098968,0.5019452,0.8367296,0.21893996,-0.7589976,0.54751205,-0.35235393
1356268914325,-0.42441404,0.0052198917,0.90545315,0.49573582,0.83813715,0.22753492,-0.7577062,0.5454346,-0.35830486
1356268914365,-0.41322243,-0.0076448917,0.9105981,0.50051504,0.83346814,0.23412721,-0.7607444,0.5525146,-0.34058136
1356268914406,-0.38558638,-0.02453056,0.92234564,0.51268256,0.8254262,0.23627976,-0.7671243,0.56397676,-0.30569673
1356268914445,-0.34595087,-0.04100378,0.93735623,0.529355,0.8163246,0.23107883,-0.77466214,0.5761361,-0.26070267
1356268914486,-0.29805088,-0.0528502,0.9530857,0.5474331,0.80848604,0.21602628,-0.78197354,0.58613753,-0.21203798
1356268914526,-0.24450995,-0.056952715,0.96797276,0.5637709,0.8038498,0.18970475,-0.78890896,0.59209955,-0.16444099
1356268914566,-0.186936,-0.05147305,0.9810227,0.57618904,0.80307126,0.15193027,-0.79565144,0.5936557,-0.12046468
1356268914624,-0.12698066,-0.035504848,0.99126947,0.58381367,0.80524707,0.10362795,-0.8018961,0.59187543,-0.081522584
1356268914646,-0.06785828,-0.00857836,0.9976581,0.5862552,0.8087718,0.04682991,-0.8072794,0.58806,-0.04985273
1356268914686,-0.014092892,0.029071182,0.999478,0.583333,0.8120872,-0.015395522,-0.8121108,0.58281153,-0.028402865
1356268914723,0.031297684,0.07481912,0.99670583,0.5763117,0.8133876,-0.07915491,-0.8166304,0.5768906,-0.017661989
1356268914766,0.068203926,0.123255506,0.9900285,0.5685489,0.8106338,-0.14008929,-0.8198173,0.57243425,-0.014788389
1356268914806,0.09812176,0.16810428,0.9808737,0.5639295,0.80271643,-0.19398406,-0.819973,0.57217765,-0.01603502
1356268914846,0.12125483,0.20338716,0.9715611,0.5647511,0.790789,-0.23602751,-0.8163048,0.5773096,-0.018976152
1356268914886,0.13644698,0.22447202,0.96488065,0.5713247,0.77786344,-0.26175684,-0.8093024,0.58697605,-0.02210927
1356268914926,0.14176568,0.2285097,0.9631645,0.58246756,0.76746845,-0.26781294,-0.80039614,0.59897876,-0.024298787
1356268914966,0.13597172,0.2149879,0.9671049,0.596779,0.76141983,-0.25316918,-0.79080117,0.6115718,-0.02476871
1356268915022,0.11820018,0.18473488,0.9756545,0.6134115,0.7590684,-0.21804008,-0.7808682,0.62425005,-0.023596466
1356268915047,0.08880177,0.14243898,0.98581207,0.6321914,0.75675714,-0.16629076,-0.7697066,0.63798887,-0.022847354
1356268915088,0.04405564,0.09478098,0.9945229,0.65179574,0.7517044,-0.10051313,-0.75711393,0.65265393,-0.028661013
1356268915127,-0.023388833,0.05059102,0.9984455,0.66600084,0.7456212,-0.022179216,-0.74558413,0.66444683,-0.051132858
1356268915167,-0.11736718,0.01755011,0.99293345,0.66323763,0.74556184,0.06521851,-0.7391487,0.6662054,-0.09914434
1356268915207,-0.22685058,-0.004236251,0.9739204,0.6344278,0.7580758,0.15107161,-0.7389454,0.6521528,-0.16928232
1356268915247,-0.3278919,-0.022196293,0.94445455,0.5852739,0.7799882,0.22152402,-0.74158037,0.6254005,-0.2427609
1356268915287,-0.4027301,-0.04475522,0.91422385,0.5335241,0.80010587,0.27419448,-0.74374753,0.59818685,-0.29834872
1356268915326,-0.44790143,-0.07562631,0.8908788,0.4928637,0.81046504,0.31659395,-0.74596894,0.5808847,-0.32573497
1356268915366,-0.46673167,-0.11395164,0.87702703,0.4672907,0.81016225,0.35394424,-0.75086665,0.5750236,-0.32487983
1356268915406,-0.46445936,-0.15598217,0.8717494,0.4558424,0.8018403,0.38634163,-0.75926626,0.5768203,-0.30131894
1356268915446,-0.44688863,-0.19638778,0.87276715,0.45666367,0.78883797,0.41133073,-0.76925224,0.58238006,-0.26283956
1356268915486,-0.4192497,-0.23026848,0.8781834,0.4673639,0.77454007,0.42621434,-0.77833194,0.58912146,-0.21710652
1356268915526,-0.38491789,-0.25452015,0.8871628,0.48484895,0.7621454,0.42901748,-0.78534055,0.5952764,-0.16995955
1356268915566,-0.34557182,-0.26764032,0.8994158,0.50593257,0.75409037,0.41878402,-0.7903243,0.59976363,-0.12518442
1356268915606,-0.30211824,-0.26910043,0.9144997,0.528165,0.7513686,0.39558443,-0.7935782,0.6025199,-0.08487272
1356268915646,-0.25627878,-0.25868726,0.9313442,0.549619,0.75360286,0.36055747,-0.7951353,0.6042877,-0.05095303
1356268915686,-0.21121392,-0.23656067,0.9483816,0.56812,0.7598344,0.3160561,-0.79537934,0.60555005,-0.026092708
1356268915726,-0.16979815,-0.20371018,0.9641944,0.5816914,0.7690592,0.26492095,-0.79548967,0.60584664,-0.012088418
1356268915766,-0.13256763,-0.16238292,0.97778195,0.59053147,0.77934927,0.20949289,-0.7960518,0.605183,-0.007424295
1356268915806,-0.0983873,-0.11572364,0.98839664,0.5972682,0.7875714,0.15166403,-0.795984,0.6052598,-0.008368969
1356268915846,-0.065367505,-0.066823095,0.9956213,0.6045495,0.79114455,0.0927909,-0.79388094,0.6079679,-0.011317253
1356268915886,-0.033435784,-0.019676536,0.9992472,0.61290514,0.7893337,0.036051452,-0.78944886,0.61364913,-0.014332116
1356268915925,-0.0034793988,0.021755517,0.9997573,0.62161165,0.78318423,-0.014879346,-0.7833178,0.621409,-0.016248465
1356268915966,0.022908926,0.054032266,0.99827635,0.63004047,0.774513,-0.056379437,-0.7762244,0.6302461,-0.016299248
1356268916025,0.043739043,0.074766695,0.99624133,0.63810575,0.76519316,-0.085442245,-0.76870537,0.63944453,-0.014240265
1356268916048,0.057004184,0.0832102,0.99490035,0.6469823,0.75588095,-0.100289166,-0.7603713,0.64939976,-0.010747135
1356268916088,0.05869043,0.079802215,0.9950814,0.6585403,0.7460486,-0.098671705,-0.7502533,0.6610923,-0.008767068
1356268916127,0.03787312,0.06450024,0.9971988,0.6724595,0.7365074,-0.07317805,-0.73916435,0.67334723,-0.015479982
1356268916167,-0.02275902,0.037894905,0.9990225,0.6823141,0.7309576,-0.012182653,-0.7307048,0.6813699,-0.04249209
1356268916206,-0.13175787,0.0031212568,0.991277,0.6716082,0.73578656,0.086951554,-0.7290969,0.67720634,-0.09904194
1356268916246,-0.26379645,-0.03008625,0.96410906,0.6259452,0.7551372,0.19483419,-0.7338965,0.65487605,-0.18037021
1356268916286,-0.37462726,-0.052093655,0.92571086,0.5595093,0.7834351,0.27051577,-0.73932654,0.6192864,-0.26434928
1356268916326,-0.44411188,-0.0615741,0.89385307,0.5033185,0.8082008,0.30574822,-0.74123895,0.5856792,-0.32794023
1356268916366,-0.47591406,-0.06179358,0.87731826,0.47348315,0.8226307,0.3147895,-0.74116087,0.5652082,-0.3622433
1356268916406,-0.47616434,-0.055192918,0.87762254,0.4700807,0.82747906,0.30708718,-0.7431633,0.5587774,-0.3680709
1356268916446,-0.44946808,-0.0416629,0.8923243,0.4864734,0.82637864,0.28362292,-0.7492143,0.5615715,-0.3511629
1356268916486,-0.39955878,-0.019416586,0.9165019,0.51550853,0.82195616,0.24215502,-0.75802624,0.5692197,-0.3184104
1356268916526,-0.32898054,0.014988452,0.9442177,0.5507239,0.81528145,0.17893931,-0.7671212,0.5788709,-0.27646625
1356268916566,-0.23864162,0.06566504,0.96888506,0.58516943,0.805956,0.089507684,-0.7750013,0.58832216,-0.23075986
1356268916606,-0.12888217,0.13602893,0.9822859,0.61046153,0.7914959,-0.029511511,-0.7814897,0.59584427,-0.18505013
1356268916646,-0.0023115613,0.22637357,0.9740378,0.6171412,0.7667478,-0.17673329,-0.7868491,0.6007103,-0.14147681
1356268916686,0.13213491,0.33117592,0.9342713,0.5972911,0.72560054,-0.3416828,-0.7910648,0.60318017,-0.101931274
1356268916736,0.25870296,0.43906522,0.8604037,0.5491333,0.66594577,-0.5049444,-0.7946858,0.6031069,-0.06882316
1356268916776,0.37178424,0.55220366,0.74622226,0.47482252,0.577618,-0.66400373,-0.7976967,0.60118926,-0.04744947
1356268916816,0.4458102,0.63569665,0.6301928,0.4009889,0.48760563,-0.7755312,-0.80028814,0.59844005,-0.03752774
1356268916856,0.4930056,0.69341886,0.5254674,0.33824575,0.4036924,-0.85007197,-0.80158305,0.5968273,-0.035523385
1356268916896,0.5243081,0.7299358,0.43851405,0.2894507,0.33153537,-0.8979435,-0.8008241,0.5977273,-0.03745377
1356268916935,0.5462333,0.74998313,0.3730342,0.25434,0.27581343,-0.926951,-0.79808545,0.601209,-0.04009223
1356268916976,0.5618021,0.75792474,0.33155465,0.2323829,0.24006096,-0.94253325,-0.7939626,0.60656476,-0.04126197
1356268917025,0.57143664,0.7569305,0.31704342,0.22436854,0.22751084,-0.9475746,-0.7893789,0.61261344,-0.039823383
1356268917057,0.5754749,0.74776393,0.33117628,0.23159087,0.23937047,-0.94290376,-0.78434324,0.6193148,-0.035423607
1356268917097,0.573344,0.72753394,0.37679058,0.25789964,0.2762501,-0.9258367,-0.77766603,0.62799704,-0.029244453
1356268917137,0.55991983,0.6913426,0.45665652,0.3101095,0.33622918,-0.88925934,-0.7683241,0.63952744,-0.026130557
1356268917177,0.5214229,0.63714266,0.5675978,0.39289093,0.41121012,-0.82252234,-0.757466,0.65188605,-0.0359132
1356268917216,0.43786788,0.5707959,0.69459605,0.4973435,0.48982632,-0.71604437,-0.74894667,0.6589857,-0.06940246
1356268917256,0.30506068,0.50586414,0.8068702,0.59229565,0.56267405,-0.57670087,-0.7457372,0.6538344,-0.12797135
1356268917297,0.1515936,0.45094228,0.8795854,0.64855087,0.6261576,-0.4327915,-0.74592304,0.6360643,-0.19753754
1356268917336,0.0155982375,0.40298957,0.9150716,0.6668479,0.6777295,-0.30983317,-0.7450305,0.61504644,-0.25816137
1356268917376,-0.08538708,0.35608506,0.9305442,0.6650059,0.7158475,-0.2129073,-0.7419408,0.60063785,-0.2979228
1356268917416,-0.15178198,0.30658865,0.93966246,0.655935,0.74241316,-0.13627909,-0.73939943,0.5956728,-0.31378716
1356268917456,-0.18909171,0.25406635,0.9485223,0.64553326,0.76005113,-0.07489377,-0.7399535,0.5981409,-0.30772763
1356268917496,-0.20281172,0.2010402,0.95835805,0.63732636,0.77013195,-0.026681304,-0.7434262,0.6053756,-0.28432
1356268917536,-0.1974105,0.15171689,0.9685098,0.633616,0.7736068,0.007963985,-0.74803746,0.61523545,-0.24884832
1356268917576,-0.1765588,0.110676646,0.97804785,0.6347764,0.77221674,0.027206212,-0.7522539,0.6256453,-0.20659661
1356268917634,-0.14317846,0.08188629,0.98630345,0.639224,0.76847386,0.028992772,-0.75557435,0.63462,-0.16237259
1356268917656,-0.099390954,0.06830534,0.9927013,0.6442704,0.7647053,0.011887968,-0.758312,0.64074963,-0.120011926
1356268917696,-0.046828866,0.07161087,0.9963327,0.64698887,0.76211,-0.024366915,-0.76106006,0.6434751,-0.08202016
1356268917734,0.012916736,0.09416607,0.9954727,0.64485955,0.7600747,-0.08026612,-0.7641919,0.6429769,-0.05090618
1356268917776,0.076545335,0.13618204,0.9877222,0.63622296,0.756071,-0.15354839,-0.7676986,0.640165,-0.02876842
1356268917816,0.14132819,0.19496822,0.9705739,0.62134975,0.7457788,-0.24028814,-0.7706821,0.63702536,-0.015743911
1356268917856,0.20406458,0.2622665,0.9431723,0.6021706,0.7259891,-0.3321602,-0.7718473,0.63573277,-0.009780526
1356268917896,0.26133025,0.32781613,0.9078783,0.58170974,0.6970864,-0.41914704,-0.77027285,0.63765746,-0.00852412
1356268917936,0.30961832,0.3822794,0.87063134,0.56358737,0.6636773,-0.4918351,-0.7658366,0.6429579,-0.009961188
1356268917976,0.34598067,0.41930383,0.839334,0.55142975,0.6328956,-0.543478,-0.7590933,0.6508666,-0.012246966
1356268918025,0.36763275,0.4358502,0.82151127,0.5479473,0.61222833,-0.5700265,-0.7513987,0.6597053,-0.013747752
1356268918057,0.37250093,0.43108922,0.8218304,0.5552998,0.6059979,-0.56956875,-0.74356246,0.6685271,-0.013648987
1356268918097,0.35810104,0.40416265,0.8416746,0.5754597,0.61434567,-0.5398384,-0.7352616,0.6776665,-0.012581527
1356268918137,0.3209119,0.35675067,0.8773508,0.60845304,0.6322422,-0.47964007,-0.72581017,0.68774897,-0.014171958
1356268918178,0.25460386,0.2969704,0.9203181,0.64925635,0.6528087,-0.39026508,-0.7166889,0.69688535,-0.026602328
1356268918218,0.15705612,0.24303983,0.95721734,0.6842384,0.67213947,-0.28292477,-0.71214545,0.6993999,-0.060733557
1356268918257,0.0373682,0.21071307,0.97683346,0.69763637,0.69437814,-0.17647225,-0.7154769,0.688069,-0.12105346
1356268918297,-0.08159402,0.20033883,0.9763231,0.6846951,0.7231064,-0.091157645,-0.72424793,0.6610458,-0.19617218
1356268918337,-0.1769911,0.19916576,0.9638502,0.65754414,0.7526132,-0.034772336,-0.7323318,0.6276196,-0.26416612
1356268918377,-0.23960519,0.19543937,0.9509957,0.63211465,0.77487487,1.7732382E-5,-0.73689926,0.6011425,-0.30920416
1356268918417,-0.27119014,0.18412158,0.9447514,0.6150924,0.7881205,0.022965819,-0.7403494,0.5873375,-0.32698226
1356268918456,-0.27674478,0.16495337,0.94667983,0.60560703,0.79482985,0.03854385,-0.7460915,0.5839828,-0.31986195
1356268918496,-0.26144186,0.14110069,0.9548502,0.6017001,0.79734266,0.046922535,-0.754722,0.58680093,-0.29335904
1356268918537,-0.22992784,0.117920995,0.96603715,0.6024713,0.7968063,0.04613146,-0.76430464,0.59261656,-0.25425196
1356268918576,-0.18579444,0.10134372,0.9773484,0.6068207,0.794153,0.0330092,-0.77281886,0.5992081,-0.20904672
1356268918616,-0.13110021,0.0973039,0.98658234,0.6125082,0.7904568,0.0034314692,-0.77951676,0.60473967,-0.16322851
1356268918656,-0.066120975,0.1113483,0.9915793,0.6163548,0.7860546,-0.04716906,-0.78468764,0.6080458,-0.12060475
1356268918695,0.010170095,0.14848249,0.98886275,0.6145838,0.7791536,-0.123314455,-0.78878593,0.6089932,-0.08333087
1356268918736,0.09807187,0.21183324,0.9723728,0.6025899,0.76495993,-0.22742419,-0.7920022,0.60824585,-0.052627504
1356268918776,0.19648913,0.3035237,0.9323441,0.5747727,0.7347158,-0.36031792,-0.7943729,0.6066845,-0.030093491
1356268918816,0.29715085,0.4147508,0.86004835,0.5271249,0.6797787,-0.5099415,-0.7961412,0.6048824,-0.016628623
1356268918856,0.38882563,0.52680045,0.7558412,0.46205273,0.59826386,-0.65466607,-0.7970708,0.60378945,-0.010789275
1356268918896,0.46265873,0.6187303,0.634917,0.39004883,0.50107086,-0.77252173,-0.7961211,0.6050626,-0.009510279
1356268918936,0.51711315,0.68064237,0.51896054,0.32363823,0.40581653,-0.85473454,-0.79237133,0.60994995,-0.010428846
1356268918976,0.55573285,0.7148595,0.42442536,0.27123776,0.3266795,-0.9053787,-0.7858696,0.61826885,-0.01235038
1356268919025,0.5827188,0.72869676,0.3597775,0.23665093,0.27136898,-0.9329283,-0.7774543,0.62877655,-0.0143149495
1356268919057,0.60040057,0.72869915,0.32941878,0.2219783,0.24387985,-0.94405955,-0.76827395,0.6399377,-0.015329778
1356268919096,0.60848373,0.7174889,0.33905342,0.23120709,0.24842966,-0.9406519,-0.7591382,0.6507629,-0.014723092
1356268919136,0.60302,0.6909951,0.39861354,0.27253878,0.2911662,-0.91703045,-0.7497263,0.6616254,-0.01274392
1356268919176,0.57101285,0.6356465,0.5195169,0.35755306,0.37708956,-0.8543765,-0.73898584,0.6736148,-0.011954367
1356268919216,0.48399156,0.5325616,0.694356,0.48631734,0.49596858,-0.7193821,-0.72749406,0.6858522,-0.01894933
1356268919256,0.3274808,0.3936297,0.8589598,0.6134835,0.60282034,-0.5101427,-0.71860576,0.6940197,-0.044073284
1356268919296,0.13960183,0.27255213,0.9519595,0.6837521,0.66884685,-0.2917653,-0.71623635,0.69163525,-0.09298587
1356268919336,-0.02515915,0.2051564,0.9784058,0.6929545,0.7090082,-0.130849,-0.72054225,0.6746986,-0.16000205
1356268919376,-0.15015718,0.17420627,0.9731931,0.66978955,0.7419659,-0.029471427,-0.7272102,0.6474093,-0.22809303
1356268919416,-0.23956603,0.1507541,0.9591044,0.6377496,0.769287,0.03837955,-0.73204064,0.6208629,-0.28043836
1356268919456,-0.30126578,0.118239775,0.94618094,0.60789734,0.78830665,0.09504467,-0.7346426,0.60381454,-0.30936742
1356268919496,-0.34155208,0.072102785,0.937093,0.58291334,0.79837435,0.15103118,-0.7372613,0.59782904,-0.3147161
1356268919536,-0.36453557,0.015145242,0.9310663,0.5634245,0.7996627,0.20758694,-0.741395,0.6002584,-0.3000387
1356268919576,-0.3732137,-0.045451492,0.92663145,0.55092585,0.7927645,0.2607783,-0.7464533,0.6078312,-0.27083015
1356268919616,-0.37024346,-0.10186133,0.9233331,0.54641664,0.77994454,0.30514812,-0.7512314,0.61750364,-0.23311067
1356268919656,-0.35786274,-0.1484639,0.9218962,0.54877424,0.76535237,0.33627754,-0.75550056,0.62625414,-0.19241798
1356268919696,-0.33762312,-0.18223332,0.92347264,0.55523133,0.75366604,0.35171807,-0.76008475,0.6314891,-0.15327346
1356268919736,-0.3102988,-0.20201696,0.9289262,0.5629977,0.7483124,0.35080215,-0.765995,0.6318368,-0.118465364
1356268919776,-0.27616006,-0.20706408,0.9385414,0.5706439,0.75044066,0.33347315,-0.7733699,0.6276649,-0.08908188
1356268919816,-0.23577462,-0.19550125,0.95193994,0.57804537,0.7592157,0.29909033,-0.7812003,0.6207824,-0.06599522
1356268919856,-0.1902893,-0.1649018,0.9677796,0.5850463,0.7725751,0.24667504,-0.7883596,0.61313546,-0.050537586
1356268919896,-0.14112903,-0.11576307,0.9831997,0.59066784,0.7871579,0.17746563,-0.79447734,0.60578996,-0.042713284
1356268919936,-0.08909753,-0.052994907,0.9946121,0.5946147,0.7982831,0.095799774,-0.7990589,0.5999465,-0.039613485
1356268919976,-0.03732851,0.013442695,0.9992126,0.59720844,0.80200326,0.011520892,-0.80121696,0.5971683,-0.037965715
1356268920057,0.009300493,0.072528064,0.9973229,0.5995744,0.79778725,-0.06360856,-0.80026495,0.5985609,-0.036066115
1356268920058,0.044608563,0.11413446,0.99246335,0.6023209,0.7895043,-0.11786665,-0.7970066,0.6030393,-0.033526897
1356268920096,0.0646922,0.13272184,0.9890399,0.60697937,0.7814577,-0.14456785,-0.79208016,0.6096792,-0.030005217
1356268920136,0.065386266,0.12452929,0.99005914,0.6140737,0.7770387,-0.13829081,-0.7865355,0.6170116,-0.025662541
1356268920176,0.04670903,0.09157583,0.99470204,0.6232338,0.77552974,-0.10066375,-0.78063947,0.6246338,-0.02084893
1356268920216,0.010744035,0.039637893,0.99915636,0.6334835,0.7728483,-0.03747192,-0.77368164,0.6333517,-0.016806483
1356268920256,-0.039102644,-0.01933235,0.9990481,0.64283556,0.764961,0.039963126,-0.76500547,0.6437864,-0.017484426
1356268920296,-0.10313846,-0.07245663,0.9920244,0.6463443,0.7531954,0.122211695,-0.7560433,0.6537941,-0.030851483
1356268920336,-0.18244584,-0.11070204,0.97696394,0.6352423,0.7451392,0.20306352,-0.75045365,0.6576569,-0.06562495
1356268920376,-0.27061665,-0.13386896,0.953334,0.6028149,0.7485399,0.27622843,-0.750587,0.64943594,-0.12186921
1356268920416,-0.35319626,-0.14869703,0.9236566,0.55313176,0.76305485,0.3343538,-0.75451803,0.6289963,-0.18725908
1356268920456,-0.4171884,-0.16401467,0.89389765,0.5018858,0.77841914,0.37706003,-0.7576704,0.6059396,-0.2424308
1356268920496,-0.45907798,-0.18355633,0.86922646,0.46260297,0.78591645,0.41028523,-0.7584498,0.5904596,-0.2758832
1356268920536,-0.48057032,-0.2074451,0.85206735,0.43989915,0.7835119,0.43885988,-0.7586442,0.5857267,-0.2852776
1356268920576,-0.48447412,-0.23369986,0.843012,0.43293065,0.773325,0.46318394,-0.7601683,0.5893664,-0.27348018
1356268920617,-0.47408295,-0.25897068,0.8415341,0.43950433,0.75857615,0.4810387,-0.7629426,0.59791005,-0.24580932
1356268920663,-0.4469172,-0.28231314,0.8488606,0.461817,0.7398664,0.48920628,-0.76615286,0.6106529,-0.20028204
1356268920693,-0.41430342,-0.29246318,0.86186886,0.48890465,0.7272209,0.48179048,-0.76767504,0.62097913,-0.1583035
1356268920736,-0.37710327,-0.29643986,0.87744886,0.51695967,0.7187081,0.46498534,-0.76846975,0.6289531,-0.11777973
1356268920776,-0.3321962,-0.28842562,0.8980291,0.5452836,0.7181436,0.43236035,-0.7696177,0.63330907,-0.08129084
1356268920816,-0.28002843,-0.2681586,0.92177814,0.5706717,0.7256205,0.38445878,-0.7719571,0.63369215,-0.050163865
1356268920856,-0.22296335,-0.23532058,0.9459976,0.5908058,0.73927385,0.32314497,-0.77539396,0.6309504,-0.025802195
1356268920896,-0.16525507,-0.19043611,0.96769047,0.6040743,0.7560537,0.25194657,-0.7796056,0.6261924,-0.009904146
1356268920936,-0.11063731,-0.13572541,0.9845497,0.61045146,0.77245957,0.17508623,-0.78428847,0.6203909,-0.002609074
1356268920976,-0.060633168,-0.07528862,0.9953166,0.6123209,0.78467864,0.09665704,-0.78828084,0.61531377,-0.0014767051
1356268921026,-0.015994705,-0.01482597,0.9997621,0.61300266,0.78978777,0.021519274,-0.78991896,0.613201,-0.0035440326
1356268921058,0.022368133,0.039654344,0.99896306,0.6147437,0.78744084,-0.045022845,-0.78840965,0.6151134,-0.0067636967
1356268921097,0.052417636,0.08222011,0.9952347,0.61837316,0.7798757,-0.09699732,-0.7841345,0.6205109,-0.009963453
1356268921137,0.07200464,0.10860729,0.9914735,0.6238382,0.7707113,-0.12973024,-0.77822953,0.62786025,-0.012258589
1356268921177,0.07976062,0.117384374,0.9898783,0.6308382,0.7629394,-0.14130343,-0.771804,0.63572353,-0.013198018
1356268921217,0.0754708,0.10970059,0.99109536,0.6392356,0.75750613,-0.13252261,-0.76529866,0.64354503,-0.01295495
1356268921257,0.059585243,0.08890259,0.99425644,0.64955986,0.75285065,-0.10624471,-0.75797194,0.6521597,-0.01288873
1356268921297,0.028203279,0.057788134,0.9979304,0.66175395,0.74715567,-0.061968595,-0.74919033,0.66213214,-0.017169297
1356268921337,-0.02943094,0.018436491,0.99939674,0.671554,0.74093044,0.006107986,-0.7403708,0.67132866,-0.034187376
1356268921376,-0.12546262,-0.02870354,0.991683,0.6660186,0.7384176,0.10563421,-0.7353083,0.67373246,-0.07352674
1356268921416,-0.25017858,-0.07963014,0.96491957,0.62850034,0.74473226,0.22441292,-0.7364768,0.66259557,-0.1362685
1356268921456,-0.36643058,-0.12557527,0.92193246,0.56234205,0.7595182,0.32696107,-0.7412827,0.63825,-0.20769441
1356268921496,-0.44866288,-0.16130331,0.87902385,0.49337956,0.77540326,0.39411473,-0.74516994,0.610517,-0.2683109
1356268921536,-0.49615276,-0.18732241,0.847787,0.4439706,0.7843966,0.4331422,-0.74613845,0.59129715,-0.30601496
1356268921576,-0.5160183,-0.20501862,0.8316805,0.42094493,0.7849105,0.45466566,-0.74600965,0.5847075,-0.3187266
1356268921616,-0.5129644,-0.21448484,0.8311821,0.4227048,0.7796319,0.4620549,-0.7471199,0.5883624,-0.30925965
1356268921656,-0.4893399,-0.2143997,0.8453279,0.44495672,0.7722702,0.4534448,-0.75004,0.59802294,-0.28250402
1356268921695,-0.44621116,-0.20235278,0.87175053,0.48209018,0.76633316,0.424644,-0.75397927,0.60974324,-0.24439418
1356268921736,-0.38225874,-0.17486852,0.9073584,0.5281848,0.7643615,0.36982745,-0.75822103,0.62062263,-0.199821
1356268921776,-0.29769018,-0.12829602,0.94600254,0.57460165,0.76725566,0.28487143,-0.7623736,0.62837803,-0.15468538
1356268921816,-0.1947128,-0.061305434,0.9789426,0.61180675,0.7725087,0.17006682,-0.76666766,0.6320379,-0.11291027
1356268921856,-0.07972729,0.023644358,0.99653625,0.63153076,0.77468425,0.032144666,-0.77124095,0.63190603,-0.07669562
1356268921896,0.035302997,0.11849427,0.9923269,0.63004017,0.768129,-0.114136934,-0.77575964,0.6292352,-0.047538877
1356268921936,0.13670024,0.21221568,0.9676144,0.6107403,0.75099933,-0.2509907,-0.7799419,0.62527156,-0.026946843
1356268921976,0.21661922,0.2964953,0.93014336,0.58201694,0.72571266,-0.3668751,-0.78379357,0.62083143,-0.015361965
1356268922026,0.27740768,0.36939055,0.8869023,0.55123395,0.6948773,-0.46182954,-0.7868838,0.6170057,-0.01085633
1356268922057,0.3262618,0.43233317,0.8406195,0.52156,0.659336,-0.5415267,-0.78837067,0.615113,-0.010371566
1356268922097,0.36918935,0.48690024,0.79159796,0.4932576,0.61923957,-0.610933,-0.78765225,0.6160117,-0.011550605
1356268922136,0.4088976,0.5331452,0.7406477,0.46626264,0.5756151,-0.67176366,-0.78447556,0.62001884,-0.013218045
1356268922176,0.44549206,0.57048744,0.68998617,0.44057992,0.531212,-0.72367334,-0.7793755,0.62638474,-0.0146945715
1356268922216,0.47746566,0.5981556,0.64361197,0.4173956,0.4901649,-0.7651923,-0.77318007,0.63399386,-0.015630603
1356268922256,0.5040198,0.61622834,0.6051667,0.39855433,0.45566994,-0.7959393,-0.76623666,0.6423609,-0.015933752
1356268922297,0.5256563,0.6253566,0.57672745,0.3864673,0.42840338,-0.8167702,-0.7578446,0.6522267,-0.016486943
1356268922336,0.5404879,0.62586904,0.5622817,0.38652897,0.40889308,-0.8266812,-0.7473073,0.66414934,-0.020914704
1356268922376,0.5362518,0.6160546,0.57698417,0.41280478,0.4048311,-0.8159069,-0.7362243,0.6757133,-0.03721887
1356268922416,0.48418573,0.5891505,0.64688945,0.4843058,0.4352866,-0.7589292,-0.72870576,0.68075496,-0.074569404
1356268922456,0.34377027,0.5263416,0.7776802,0.593746,0.51977193,-0.6142497,-0.7275216,0.6729053,-0.13383114
1356268922496,0.12570044,0.41712746,0.90011334,0.67120576,0.6323631,-0.3867811,-0.7305355,0.6527798,-0.20049006
1356268922536,-0.06587893,0.30745405,0.9492797,0.676264,0.7132871,-0.18408845,-0.7337077,0.62983614,-0.25491065
1356268922576,-0.16942412,0.24082586,0.9556665,0.65590596,0.75130016,-0.07304451,-0.73558336,0.61445177,-0.28524745
1356268922616,-0.19766277,0.21517067,0.9563634,0.645419,0.76287085,-0.03824082,-0.7378101,0.6096964,-0.2896664
1356268922656,-0.17544585,0.2146197,0.9608107,0.6471607,0.7605969,-0.051724494,-0.7418907,0.61272407,-0.27233702
1356268922696,-0.123355985,0.22590952,0.96630645,0.65293705,0.7517551,-0.09239817,-0.74729943,0.61953944,-0.24023819
1356268922735,-0.05734688,0.24149612,0.9687058,0.65578496,0.7407273,-0.14583945,-0.7527665,0.62689924,-0.20084792
1356268922776,0.013481319,0.25966203,0.96560544,0.6520591,0.7298256,-0.20536195,-0.75804824,0.63240033,-0.15947598
1356268922816,0.08371109,0.28251028,0.9556047,0.6401617,0.7196664,-0.2688369,-0.7636658,0.6342461,-0.12060821
1356268922856,0.1518051,0.31291863,0.9375698,0.6194259,0.709068,-0.33694834,-0.7702381,0.63190544,-0.08618975
1356268922896,0.21812654,0.3533215,0.90971684,0.58988404,0.6948764,-0.41131932,-0.7774687,0.6263471,-0.05684775
1356268922936,0.28127378,0.4037397,0.87056273,0.5526794,0.6734695,-0.4909016,-0.78449386,0.6192198,-0.033709288
1356268922976,0.3379349,0.46185443,0.8200552,0.51014996,0.64232516,-0.57198375,-0.7909153,0.61164445,-0.018550932
1356268923026,0.38636324,0.5233034,0.75952417,0.465137,0.60054475,-0.65037954,-0.79647404,0.6045655,-0.011379361
1356268923057,0.4278687,0.5820767,0.6914586,0.42038387,0.54907894,-0.72235006,-0.8001286,0.599749,-0.009761989
1356268923097,0.4646065,0.6322878,0.61996204,0.37836653,0.49123594,-0.7845547,-0.80061203,0.5990821,-0.011005163
1356268923137,0.49664012,0.6692258,0.5527073,0.3423133,0.4341525,-0.83326656,-0.7976028,0.60303265,-0.013467312
1356268923176,0.5225609,0.6903733,0.5003148,0.3167024,0.38765034,-0.8656944,-0.79159945,0.610829,-0.016071916
1356268923216,0.53950405,0.69473565,0.47568652,0.30788136,0.36305875,-0.8794302,-0.78367364,0.6209111,-0.018024474
1356268923256,0.5416131,0.6792625,0.49523497,0.32580578,0.37345782,-0.8685504,-0.7749231,0.6317687,-0.019038022
1356268923296,0.5151781,0.63084775,0.58019185,0.38540426,0.43412617,-0.8142469,-0.76554227,0.6430906,-0.019479126
1356268923336,0.4239537,0.5121817,0.7469493,0.5005576,0.554818,-0.6645443,-0.7547883,0.6556272,-0.021159291
1356268923376,0.20452777,0.2679038,0.94148606,0.6376409,0.6932912,-0.33579963,-0.742686,0.66901034,-0.029029131
1356268923416,-0.1082509,-0.041174144,0.9932705,0.6728631,0.73246336,0.10369444,-0.7318039,0.6795602,-0.051585257
1356268923456,-0.35097352,-0.24656735,0.9033394,0.59154004,0.68945074,0.41801667,-0.7258773,0.68107426,-0.09612447
1356268923496,-0.49086916,-0.34105963,0.8017018,0.48198086,0.6602484,0.57599175,-0.7257699,0.66914153,-0.15971136
1356268923537,-0.5672463,-0.38379195,0.728653,0.38445416,0.6590425,0.64641935,-0.72830385,0.64681274,-0.22628903
1356268923595,-0.6084293,-0.40920648,0.6799733,0.31046525,0.66579604,0.678474,-0.7303595,0.62391156,-0.27804548
1356268923616,-0.62929904,-0.4306205,0.64695346,0.26213974,0.66605556,0.69832146,-0.7316184,0.60904515,-0.30626535
1356268923656,-0.6362884,-0.45311493,0.6243588,0.23663116,0.6556814,0.71699905,-0.7342634,0.6039609,-0.30998135
1356268923694,-0.63264316,-0.47808516,0.6092595,0.22890083,0.636124,0.7368519,-0.73984253,0.6056244,-0.2930054
1356268923736,-0.6209687,-0.5043053,0.6000618,0.23499362,0.6105562,0.7563063,-0.7477807,0.61065316,-0.2606278
1356268923776,-0.60421455,-0.5292453,0.5956712,0.25130957,0.582834,0.7727536,-0.7561536,0.61660683,-0.21915233
1356268923816,-0.58446574,-0.55081856,0.5958177,0.27436963,0.5568826,0.78396624,-0.7636236,0.62167567,-0.17435098
1356268923856,-0.5626303,-0.5679871,0.60069776,0.30070025,0.53624165,0.78868514,-0.7700821,0.62436813,-0.13091189
1356268923896,-0.53910303,-0.58030593,0.6104203,0.3274043,0.5233656,0.7866987,-0.7759989,0.62396586,-0.09215337
1356268923936,-0.514885,-0.58727425,0.62450165,0.35254392,0.51897585,0.778702,-0.7814129,0.62110627,-0.060172856
1356268923976,-0.49212724,-0.58827144,0.64167553,0.37470073,0.522191,0.7661044,-0.7857545,0.6174571,-0.036558628
1356268924026,-0.47292787,-0.5834311,0.6602631,0.39264154,0.53129286,0.7507067,-0.7887787,0.6142769,-0.022183895
1356268924057,-0.4578681,-0.5742458,0.6786741,0.40620074,0.5439197,0.7342699,-0.7907957,0.61187667,-0.015784383
1356268924097,-0.446325,-0.5631305,0.69546974,0.41712692,0.55665696,0.71842754,-0.79170656,0.6107513,-0.013553083
1356268924137,-0.43854177,-0.552994,0.708434,0.42688054,0.5655035,0.70567614,-0.7908566,0.61188513,-0.011934519
1356268924177,-0.43666488,-0.54764485,0.7137289,0.4342289,0.56652087,0.7003566,-0.787889,0.6157428,-0.009576559
1356268924217,-0.44386283,-0.55131537,0.70642555,0.4358441,0.555985,0.70775753,-0.7829596,0.62203866,-0.006493449
1356268924257,-0.4617472,-0.5663698,0.6826527,0.42830122,0.53158367,0.73073727,-0.7767545,0.6297969,-0.0028803349
1356268924297,-0.48717365,-0.5892007,0.6445962,0.4118169,0.49589542,0.76452243,-0.7701094,0.63791084,0.0010555983
1356268924337,-0.51353794,-0.6107313,0.6027321,0.39258233,0.45737177,0.79792863,-0.7629927,0.6463886,0.0048846006
1356268924377,-0.5379333,-0.6237067,0.56711346,0.3767649,0.42392707,0.82361037,-0.7541061,0.6567159,0.006946385
1356268924416,-0.5619349,-0.6255922,0.5411688,0.3637042,0.40073478,0.8409107,-0.7429323,0.6693624,0.002343595
1356268924456,-0.5880234,-0.61749697,0.5224232,0.34490693,0.39279634,0.8524965,-0.7316199,0.6814753,-0.017994463
1356268924496,-0.6134363,-0.6007716,0.51261026,0.31434083,0.40971148,0.8563447,-0.72449,0.68644726,-0.0624848
1356268924536,-0.63332564,-0.5776962,0.5149425,0.2745169,0.45442474,0.8474306,-0.7235601,0.67805994,-0.12921149
1356268924576,-0.6460936,-0.55097306,0.52819663,0.23578267,0.5141041,0.8246838,-0.7259267,0.6573626,-0.20224953
1356268924616,-0.6530787,-0.52253866,0.5481255,0.2107325,0.5698122,0.79429585,-0.72737885,0.6342456,-0.2620163
1356268924656,-0.6541186,-0.49291492,0.57372785,0.20820312,0.6118717,0.76306254,-0.72717273,0.6185854,-0.29761022
1356268924696,-0.645311,-0.46060598,0.6094389,0.23199356,0.64193827,0.73081756,-0.727841,0.6129905,-0.30739218
1356268924736,-0.6208621,-0.42144117,0.6609973,0.28213093,0.6665673,0.6899928,-0.7313906,0.6148782,-0.29494482
1356268924777,-0.57415766,-0.36815232,0.73130494,0.35607708,0.6920265,0.6279398,-0.7372599,0.62093735,-0.26624173
1356268924816,-0.495649,-0.28960246,0.81881773,0.44857198,0.72193706,0.52686816,-0.7437172,0.6284403,-0.22791982
1356268924856,-0.37116414,-0.17118779,0.9126512,0.54762685,0.75338507,0.36402714,-0.74989474,0.63490605,-0.18588251
1356268924896,-0.19039921,-0.0028798878,0.9817025,0.62610507,0.7698657,0.12369022,-0.7561353,0.63819945,-0.14477873
1356268924936,0.028027449,0.19885339,0.97962844,0.64569604,0.7445211,-0.16960284,-0.7630801,0.6372957,-0.107531786
1356268924976,0.23074722,0.3874311,0.8925541,0.59422535,0.6702673,-0.44456488,-0.7704881,0.6329604,-0.07555908
1356268925043,0.37729168,0.52896017,0.7601658,0.5024958,0.5725625,-0.64781946,-0.7779131,0.6263971,-0.04977721
1356268925056,0.47793642,0.6343606,0.6075882,0.39727777,0.46080777,-0.7936161,-0.7834202,0.6206793,-0.03178054
1356268925095,0.5293986,0.6945432,0.48718256,0.31615633,0.3713759,-0.87299776,-0.7872625,0.6161896,-0.022978306
1356268925136,0.56069005,0.7343192,0.38262498,0.24977884,0.2905728,-0.9236763,-0.7894536,0.61346775,-0.0204961
