1356269190352,-0.23050714,0.03866002,-0.9723023,-0.9727038,0.018276632,0.23132905,0.02671355,0.9990852,0.033391893
1356269190402,0.42845878,0.018779904,-0.9033661,-0.90316606,0.03846845,-0.42756408,0.026721388,0.9990832,0.03344357
1356269190439,0.42832187,0.01901576,-0.9034262,-0.9032296,0.038630515,-0.42741546,0.026772171,0.99907255,0.033721894
1356269190477,0.42801398,0.019623637,-0.903559,-0.90337133,0.03905976,-0.42707673,0.026911974,0.9990442,0.034445584
1356269190520,0.42764708,0.020589918,-0.9037112,-0.90354025,0.03967586,-0.42666215,0.027070522,0.9990004,0.035571158
1356269190557,0.42718142,0.022083908,-0.9038962,-0.90376234,0.040293694,-0.42613375,0.02701065,0.9989438,0.037171304
1356269190596,0.4266357,0.02436161,-0.9040954,-0.90404,0.040599138,-0.42551568,0.026339293,0.9988786,0.039344877
1356269190636,0.42602307,0.027755737,-0.9042864,-0.9043763,0.040301323,-0.4248284,0.02465251,0.99880195,0.04227096
1356269190679,0.4228094,0.032737583,-0.90562713,-0.9059584,0.039215654,-0.42154643,0.02171436,0.9986943,0.046239644
1356269190716,0.42554995,0.039311618,-0.9040807,-0.90476286,0.03796503,-0.42422026,0.01764667,0.99850553,0.05172369
1356269190758,0.42721096,0.04802844,-0.9028754,-0.9040593,0.036985785,-0.42580366,0.012942851,0.99816096,0.059221268
1356269190798,0.42910403,0.0586558,-0.9013485,-0.9032181,0.036889195,-0.42759347,0.008169144,0.9975964,0.06880829
1356269190836,0.4318921,0.07054067,-0.8991625,-0.90191793,0.037792385,-0.43025073,0.0036312938,0.9967927,0.07994416
1356269190878,0.43589187,0.08284742,-0.89617777,-0.8999988,0.039426625,-0.43410558,-6.313026E-4,0.99578196,0.09174833
1356269190920,0.44132665,0.09460455,-0.89234567,-0.89733505,0.041507393,-0.43939373,-0.0045297444,0.9946492,0.103210315
1356269190958,0.44834727,0.104619175,-0.88771594,-0.89382744,0.04405856,-0.4462416,-0.0075739026,0.993536,0.11326499
1356269190997,0.4579882,0.11068004,-0.8820412,-0.88891727,0.04748875,-0.45559952,-0.008538723,0.99272084,0.1201347
1356269191037,0.47165912,0.10986045,-0.8749105,-0.8817632,0.0524745,-0.4687643,-0.005588174,0.99256086,0.12162097
1356269191079,0.4903335,0.099600345,-0.86582494,-0.871529,0.059699655,-0.48669624,0.0032142997,0.993235,0.11607736
1356269191117,0.51354444,0.07913011,-0.8544065,-0.85785806,0.06910896,-0.5092185,0.018752605,0.9944659,0.10337295
1356269191160,0.53921,0.049847543,-0.8406948,-0.8412127,0.07949518,-0.53482866,0.040171295,0.9955882,0.084796995
1356269191201,0.56450766,0.014704794,-0.8252969,-0.8228334,0.089236066,-0.56123275,0.06539348,0.995902,0.062473997
1356269191239,0.58699906,-0.02278015,-0.80926704,-0.8043194,0.09744112,-0.58615315,0.092208594,0.9949806,0.038875297
1356269191313,0.60513103,-0.058971375,-0.79393876,-0.78725946,0.104095355,-0.60777193,0.118486494,0.99281746,0.016565561
1356269191316,0.61804104,-0.09040603,-0.7809302,-0.77320695,0.10957964,-0.6246146,0.142043,0.98985815,-0.0021778792
1356269191352,0.6246225,-0.1135385,-0.77262914,-0.7643195,0.11407261,-0.6346679,0.16019508,0.9869633,-0.015527368
1356269191396,0.6247801,-0.12690121,-0.7704193,-0.76163775,0.11820974,-0.6371298,0.17192364,0.9848465,-0.022797674
1356269191441,0.6171653,-0.13053977,-0.7759293,-0.7666478,0.12217331,-0.63033694,0.17708188,0.98388666,-0.024676919
1356269191477,0.6006506,-0.12570605,-0.78956753,-0.7799208,0.12515305,-0.6132375,0.17590445,0.9841416,-0.0228675
1356269191519,0.5739416,-0.11408511,-0.81091034,-0.80126226,0.12615678,-0.5848617,0.16902584,0.9854284,-0.019005448
1356269191558,0.53617275,-0.09716198,-0.83849764,-0.82923996,0.12499204,-0.5447366,0.1577332,0.98738873,-0.013553262
1356269191596,0.48729798,-0.07705423,-0.8698295,-0.86112666,0.12290642,-0.49331015,0.14491922,0.9894224,-0.006461382
1356269191635,0.4290874,-0.055946052,-0.9015287,-0.89329326,0.12159766,-0.4327137,0.13383237,0.99100155,0.0021997988
1356269191677,0.36443707,-0.035089463,-0.93056667,-0.92265487,0.12167832,-0.36592677,0.12607,0.9919492,0.011968613
1356269191719,0.29812363,-0.015623122,-0.95439947,-0.9468261,0.121914655,-0.29775363,0.121007115,0.99241763,0.021553278
1356269191759,0.23752671,8.614361E-4,-0.9713806,-0.96433806,0.12041044,-0.23569787,0.11676133,0.9927238,0.029431403
1356269191797,0.19126934,0.013153911,-0.9814494,-0.9752002,0.11598945,-0.18849695,0.111358345,0.99316335,0.0350129
1356269191839,0.16756105,0.020752251,-0.9856433,-0.980339,0.109184444,-0.16436052,0.104206145,0.99380493,0.038639218
1356269191878,0.17225474,0.023625046,-0.9847691,-0.9802958,0.10223812,-0.16901952,0.09668782,0.99447936,0.04077053
1356269191914,0.20703462,0.022123247,-0.97808343,-0.9741273,0.097268075,-0.20399705,0.0906232,0.9950123,0.04168874
1356269191955,0.26686767,0.017317653,-0.9635775,-0.95986277,0.094293445,-0.2641441,0.08628464,0.99539375,0.041786492
1356269191997,0.34096876,0.012035251,-0.93999755,-0.93643576,0.09224275,-0.3384958,0.08263409,0.9956638,0.042722136
1356269192036,0.41323596,0.01215148,-0.91054296,-0.9071422,0.092849374,-0.41045356,0.07955572,0.99560606,0.049391806
1356269192079,0.47193635,0.024872363,-0.88128173,-0.8779882,0.10405408,-0.4672359,0.080079645,0.99426055,0.07094455
1356269192121,0.51160043,0.054416597,-0.8574985,-0.85453796,0.13630545,-0.5011842,0.08960897,0.98917115,0.11623499
1356269192160,0.53309965,0.09803611,-0.84035325,-0.83874965,0.1914619,-0.50974625,0.11092207,0.97659165,0.18429604
1356269192197,0.5418173,0.14514223,-0.8278694,-0.82901454,0.25453746,-0.49794123,0.13845149,0.9561089,0.25823784
1356269192239,0.5436613,0.1846261,-0.8187464,-0.8237394,0.30437374,-0.47834092,0.1608907,0.9344891,0.31756002
1356269192301,0.54277354,0.21058577,-0.81305015,-0.822403,0.3297124,-0.46361953,0.17044112,0.9202953,0.3521455
1356269192314,0.54260606,0.21903846,-0.81092596,-0.82323265,0.33052707,-0.46156242,0.16693309,0.9180273,0.35966557
1356269192354,0.54335344,0.21147972,-0.81243056,-0.82459253,0.3160348,-0.46922195,0.15752542,0.9248775,0.3461032
1356269192396,0.5459496,0.18968779,-0.81606233,-0.8249648,0.29167098,-0.4841087,0.14619222,0.9375216,0.31572336
1356269192437,0.5474252,0.16036978,-0.82134473,-0.82599187,0.26116717,-0.49952894,0.13439897,0.95187885,0.2754336
1356269192475,0.5459287,0.12876895,-0.82787704,-0.82881105,0.22760981,-0.5111419,0.1226137,0.96520066,0.2309839
1356269192515,0.54060817,0.09736547,-0.83562124,-0.8337133,0.19487831,-0.51666695,0.11253896,0.97598284,0.18652767
1356269192558,0.5310638,0.06668931,-0.8447033,-0.8406187,0.16670473,-0.5153344,0.10644874,0.983749,0.14459114
1356269192597,0.51647395,0.03734815,-0.85548806,-0.849784,0.14539486,-0.5066828,0.1054599,0.9886685,0.10683051
1356269192637,0.49538195,0.011619866,-0.8685975,-0.8617979,0.13214706,-0.48973614,0.10909191,0.991162,0.07547727
1356269192679,0.46581578,-0.0066254735,-0.88485694,-0.87722945,0.12776737,-0.4627571,0.11612186,0.99178207,0.053703964
1356269192719,0.42633832,-0.014717519,-0.9044441,-0.8958566,0.1315278,-0.42443067,0.12520614,0.99120325,0.04289055
1356269192758,0.37739238,-0.013460606,-0.92595565,-0.9162674,0.13955125,-0.3754724,0.13427243,0.9901234,0.04033205
1356269192798,0.32197645,-0.005841464,-0.94672966,-0.936322,0.14602897,-0.31933784,0.14011535,0.98926306,0.0415484
1356269192834,0.2659272,0.005174786,-0.96397924,-0.95379364,0.1464929,-0.262331,0.1398587,0.9891982,0.043892086
1356269192873,0.21752584,0.016287208,-0.9759187,-0.966951,0.13983697,-0.21319324,0.13299721,0.9900406,0.046167076
1356269192917,0.18627897,0.023865432,-0.98220694,-0.9748516,0.1289616,-0.18175054,0.12232944,0.99136233,0.04728809
1356269192953,0.1788646,0.02583453,-0.98353446,-0.97755647,0.11776537,-0.17468408,0.11131337,0.99270535,0.0463188
1356269192993,0.19773635,0.022064269,-0.9800068,-0.97496665,0.10813615,-0.19428474,0.1016874,0.9938912,0.042894363
1356269193033,0.23871082,0.015285552,-0.9709704,-0.966616,0.099617004,-0.23607206,0.09311664,0.99490845,0.038554937
1356269193073,0.29160342,0.013071537,-0.95645,-0.95265114,0.09403339,-0.28916007,0.086158484,0.9954832,0.039873064
1356269193113,0.3439866,0.026527941,-0.93859977,-0.93514955,0.09981266,-0.33990112,0.084667265,0.9946526,0.059141815
1356269193157,0.38724533,0.06191641,-0.9198953,-0.9172204,0.12708744,-0.37756523,0.09352967,0.9899571,0.10600501
1356269193192,0.41919392,0.11259779,-0.90088737,-0.9009305,0.17427534,-0.3974321,0.112252444,0.9782381,0.17449796
1356269193233,0.44188827,0.16321084,-0.8820981,-0.8872638,0.22451341,-0.40293533,0.13227949,0.96070606,0.24402085
1356269193319,0.4582144,0.20149887,-0.8657007,-0.876853,0.26190263,-0.40315732,0.1454936,0.94382477,0.29669243
1356269193336,0.47156897,0.22197196,-0.8534349,-0.8693286,0.2793981,-0.40768182,0.14795414,0.9341655,0.32472208
1356269193340,0.4802569,0.22902003,-0.8467014,-0.8648045,0.28487906,-0.41346964,0.14651462,0.9308027,0.33487272
1356269193368,0.48993874,0.21569657,-0.84465075,-0.86003673,0.27793807,-0.4278868,0.14246681,0.936069,0.32167965
1356269193408,0.49653813,0.19014782,-0.8469319,-0.85708195,0.26177397,-0.44371703,0.13733286,0.94621253,0.29295307
1356269193451,0.49928686,0.15939891,-0.8516482,-0.856534,0.23898962,-0.4574207,0.13062277,0.95784974,0.2558549
1356269193490,0.4983877,0.12733522,-0.85755193,-0.8582822,0.21202701,-0.4673288,0.12231675,0.9689325,0.21496122
1356269193530,0.49414295,0.09552926,-0.86411625,-0.8619491,0.18351603,-0.47261575,0.11343056,0.978364,0.17302448
1356269193570,0.48623556,0.065194756,-0.87139237,-0.86742866,0.15647465,-0.4723169,0.10555825,0.985528,0.13263535
1356269193610,0.47400516,0.0382213,-0.8796921,-0.8747904,0.13424821,-0.46553114,0.10030386,0.9902104,0.09707001
1356269193651,0.45648932,0.017611623,-0.8895545,-0.88418883,0.12037803,-0.45135257,0.09913373,0.99257183,0.07052329
1356269193690,0.43319714,0.0054002106,-0.901283,-0.8953967,0.116833985,-0.42966792,0.10298023,0.99313676,0.05544749
1356269193730,0.40517637,4.962981E-4,-0.91423833,-0.9074569,0.121794134,-0.40210482,0.11114928,0.99255526,0.04979846
1356269193771,0.37534156,2.1129847E-5,-0.92688656,-0.9189812,0.13033608,-0.37213737,0.120798916,0.9914699,0.048939943
1356269193810,0.34830657,0.0015162528,-0.9373795,-0.9285407,0.13756904,-0.3447998,0.12843159,0.99049103,0.049324095
1356269193850,0.33016425,0.0027554333,-0.9439194,-0.9346185,0.14101917,-0.32649934,0.13221109,0.990003,0.04913476
1356269193890,0.32730097,0.0012512505,-0.9449192,-0.9355508,0.14090168,-0.3238693,0.13273537,0.9900227,0.04728791
1356269193930,0.34397048,-0.00480783,-0.9389681,-0.9297113,0.13841689,-0.34128815,0.13160986,0.99036235,0.043141425
1356269193970,0.37988025,-0.015433669,-0.92490685,-0.9160069,0.13307989,-0.37844548,0.12892732,0.99098504,0.036417097
1356269194011,0.429453,-0.027501643,-0.9026704,-0.89471287,0.12286422,-0.4294105,0.12271544,0.9920424,0.028158307
1356269194051,0.48332053,-0.03369388,-0.87479484,-0.8682686,0.109222695,-0.4839217,0.111852735,0.9934462,0.023534179
1356269194090,0.53333163,-0.0258227,-0.84551203,-0.83989555,0.10277848,-0.53292775,0.10066205,0.99436903,0.033126652
1356269194131,0.57431275,-2.6747584E-4,-0.81863594,-0.81272995,0.119717225,-0.5702085,0.098157346,0.9928079,0.06853776
1356269194171,0.6060685,0.035896868,-0.7946021,-0.7878307,0.16469328,-0.59346366,0.10956216,0.9856914,0.12809606
1356269194211,0.6297016,0.071412385,-0.77354777,-0.7660246,0.22264045,-0.6030237,0.12915969,0.97228163,0.19490069
1356269194251,0.6471465,0.0981994,-0.7560147,-0.74847114,0.27030516,-0.605579,0.14488715,0.95775354,0.24842648
1356269194295,0.660329,0.11262557,-0.742483,-0.7358922,0.29420793,-0.60983956,0.14976075,0.94908226,0.27715433
1356269194332,0.67092997,0.11326158,-0.7328197,-0.72718143,0.29390848,-0.62034255,0.14512089,0.94909936,0.27955374
1356269194372,0.67983556,0.10127407,-0.72633815,-0.7207319,0.2753032,-0.63620245,0.13553235,0.9560082,0.2601524
1356269194412,0.68687767,0.08117792,-0.7222252,-0.71606636,0.24553828,-0.65342176,0.124290556,0.96598196,0.22678351
1356269194452,0.6917108,0.057345897,-0.7198942,-0.71330214,0.21002969,-0.66864604,0.11285502,0.9760117,0.18618475
1356269194492,0.69406176,0.032590985,-0.71917737,-0.71253484,0.17377682,-0.67977613,0.10282174,0.9842456,0.14383405
1356269194532,0.6937517,0.008384228,-0.7201655,-0.71378005,0.14136533,-0.6859547,0.09605524,0.9899219,0.10405691
1356269194572,0.69059604,-0.013972551,-0.7231057,-0.7171278,0.11648826,-0.6871378,0.0938344,0.9930938,0.070426226
1356269194612,0.68439025,-0.032550067,-0.728389,-0.7226411,0.10255884,-0.68357265,0.096953064,0.99419427,0.046668246
1356269194652,0.67505074,-0.045577288,-0.7363621,-0.73014796,0.1018385,-0.6756573,0.105784625,0.9937563,0.035468012
1356269194692,0.6629554,-0.052799195,-0.7467947,-0.739063,0.113042146,-0.66408384,0.11948237,0.9921863,0.03591998
1356269194731,0.64887583,-0.055410326,-0.75887406,-0.74896055,0.12943341,-0.64985,0.13423204,0.99003875,0.042486057
1356269194770,0.6344888,-0.054729283,-0.7709919,-0.75910807,0.1436869,-0.6349087,0.14552954,0.98810863,0.049622312
1356269194810,0.6220879,-0.051791787,-0.78123254,-0.7683322,0.15151203,-0.62186,0.15057337,0.98709774,0.054460496
1356269194851,0.61446565,-0.048252553,-0.78746665,-0.77469814,0.15191682,-0.61381114,0.14924738,0.9872148,0.05596651
1356269194891,0.6142391,-0.046395004,-0.7877549,-0.775886,0.14654979,-0.61361563,0.14391401,0.9881147,0.054019377
1356269194931,0.6222555,-0.047689646,-0.78136027,-0.7707976,0.13689272,-0.6221989,0.13663498,0.9894373,0.048423186
1356269194971,0.63756704,-0.051484555,-0.7686726,-0.7597562,0.123224184,-0.6384248,0.12758806,0.99104244,0.03944798
1356269195011,0.65667355,-0.05403182,-0.75223696,-0.7452272,0.10669987,-0.65821844,0.115828365,0.9928221,0.029800981
1356269195052,0.6757898,-0.04945427,-0.73543346,-0.7297748,0.09537016,-0.6770031,0.10361907,0.99421257,0.028359711
1356269195091,0.69198966,-0.032788068,-0.7211625,-0.71521306,0.10459152,-0.69103616,0.098085225,0.9939746,0.048925787
1356269195131,0.7035115,-0.003704071,-0.7106742,-0.70289105,0.14405462,-0.6965576,0.10495603,0.9895628,0.0987405
1356269195171,0.7095647,0.032460183,-0.70389223,-0.6942526,0.2030974,-0.6904815,0.12054551,0.97862035,0.16664632
1356269195211,0.7104892,0.06733319,-0.7004794,-0.69076085,0.25679666,-0.6759474,0.13436708,0.96411705,0.2289624
1356269195251,0.7077885,0.09301704,-0.70027363,-0.6924999,0.28720927,-0.66178143,0.13956812,0.95334077,0.26769775
1356269195297,0.7034448,0.10491732,-0.7029636,-0.6974726,0.29217815,-0.6543424,0.13673875,0.95059156,0.27870816
1356269195332,0.69883084,0.103404045,-0.7077733,-0.7035078,0.27819574,-0.6539754,0.1292758,0.9549423,0.26715732
1356269195372,0.69421446,0.09226993,-0.7138295,-0.7097764,0.25243497,-0.65764284,0.11951485,0.9632045,0.24073504
1356269195412,0.6892776,0.07543856,-0.72055906,-0.7162198,0.22086269,-0.6620036,0.109203994,0.97238296,0.20626631
1356269195452,0.6838638,0.05468747,-0.7275573,-0.72262776,0.18839133,-0.6650698,0.10069451,0.9805703,0.16835268
1356269195492,0.6776842,0.030912578,-0.734703,-0.72899544,0.15933813,-0.6657154,0.096487224,0.98673993,0.13051605
1356269195532,0.67020595,0.0055780113,-0.74215424,-0.7356937,0.13686053,-0.663343,0.09787145,0.99057454,0.09582846
1356269195572,0.6605689,-0.01837197,-0.7505406,-0.74341977,0.12349604,-0.6573246,0.10476512,0.9921749,0.06791957
1356269195612,0.64802474,-0.037746936,-0.7606833,-0.7525861,0.12163372,-0.64716256,0.116953164,0.99185705,0.050413832
1356269195652,0.63194317,-0.0506514,-0.77335775,-0.7635809,0.13008092,-0.6324737,0.13263479,0.99020875,0.04352729
1356269195692,0.6131425,-0.057293028,-0.787892,-0.7759086,0.14368144,-0.6142649,0.14839855,0.9879641,0.043643042
1356269195732,0.5931667,-0.058621913,-0.80294245,-0.7891779,0.15490726,-0.5943079,0.15922105,0.9861882,0.045622736
1356269195771,0.57523155,-0.056109875,-0.816064,-0.80176985,0.15901642,-0.57608926,0.16209188,0.9856802,0.046484023
1356269195811,0.5640528,-0.0523552,-0.82407725,-0.8105798,0.1552426,-0.56467706,0.15749565,0.98648804,0.045126975
1356269195851,0.56464523,-0.050370485,-0.8237953,-0.8118907,0.14551711,-0.56538326,0.14835498,0.9880727,0.041270196
1356269195890,0.5794889,-0.05184239,-0.8133296,-0.8032828,0.13214377,-0.5807536,0.13758409,0.98987395,0.03493175
1356269195931,0.6059545,-0.05586654,-0.7935351,-0.78555113,0.11524108,-0.6079711,0.12541309,0.99176526,0.025944829
1356269195971,0.63801247,-0.05838549,-0.7678094,-0.7620688,0.09510146,-0.640474,0.11041424,0.99375397,0.016182125
1356269196011,0.6676127,-0.052662432,-0.74264395,-0.7386724,0.077802226,-0.6695596,0.09304002,0.995577,0.013041452
1356269196051,0.69012463,-0.032595903,-0.72295606,-0.71939695,0.07775879,-0.690233,0.078715,0.9964392,0.030213848
1356269196091,0.7044134,0.0026434362,-0.709785,-0.7058722,0.107529715,-0.70012987,0.07447222,0.9941983,0.0776113
1356269196131,0.7120275,0.04506752,-0.70070374,-0.6974162,0.16109665,-0.6983255,0.081409246,0.9859091,0.14613605
1356269196171,0.7157904,0.08224383,-0.6934552,-0.6921811,0.21489511,-0.68898875,0.09235507,0.9731681,0.21074747
1356269196211,0.7182624,0.10562146,-0.6877087,-0.68862134,0.24926062,-0.68093294,0.0994975,0.9626594,0.25176775
1356269196284,0.7239014,0.10154319,-0.68238974,-0.6825248,0.24968171,-0.6868907,0.10063115,0.9629891,0.25005066
1356269196298,0.7261413,0.090605795,-0.6815493,-0.67984474,0.24256794,-0.692078,0.102615714,0.9658941,0.23773646
1356269196341,0.730855,0.06502044,-0.6794287,-0.67382485,0.22724006,-0.7030804,0.10867879,0.97166574,0.20989193
1356269196380,0.7349216,0.032256454,-0.6773845,-0.6679503,0.20703793,-0.71482706,0.11718652,0.9778011,0.17370236
1356269196421,0.7371105,-0.0020301342,-0.6757691,-0.66382307,0.18504444,-0.7246361,0.1265184,0.982728,0.13505057
1356269196461,0.7365861,-0.034138203,-0.6754816,-0.6624964,0.16464254,-0.7307471,0.13615942,0.98576236,0.09865697
1356269196501,0.7328057,-0.061858535,-0.67762035,-0.66458356,0.14865476,-0.7322776,0.14602911,0.9869525,0.067824885
1356269196541,0.7251346,-0.08321175,-0.68356097,-0.67072177,0.13942346,-0.728487,0.1559231,0.98673034,0.045288846
1356269196580,0.7126526,-0.09629822,-0.6948762,-0.68174356,0.1384511,-0.718371,0.1653842,0.98567635,0.033016846
1356269196621,0.6941899,-0.10007474,-0.7128012,-0.69859076,0.14490607,-0.7006948,0.17341104,0.98437154,0.030681044
1356269196661,0.66810143,-0.09512228,-0.73796487,-0.7225069,0.15410265,-0.67397046,0.17783195,0.9834653,0.03422971
1356269196701,0.6335985,-0.082900345,-0.76920766,-0.7533136,0.16042179,-0.6377958,0.17627114,0.98356104,0.03919305
1356269196741,0.59165686,-0.06581774,-0.8034987,-0.78853345,0.16020067,-0.59375983,0.1678009,0.98488766,0.04288435
1356269196780,0.5477983,-0.048121333,-0.8352254,-0.82230747,0.15284595,-0.548132,0.15403765,0.9870778,0.04415822
1356269196821,0.5128431,-0.034696966,-0.85778093,-0.8473183,0.14015813,-0.51225716,0.13799873,0.98952097,0.042479753
1356269196861,0.4995312,-0.0289284,-0.8658128,-0.85753083,0.125301,-0.4989395,0.12292075,0.99169695,0.037784755
1356269196900,0.5127563,-0.030372709,-0.8579968,-0.85158074,0.108942464,-0.51277846,0.10904673,0.993584,0.029996127
1356269196941,0.5453047,-0.034563333,-0.837525,-0.8329483,0.089726225,-0.5460278,0.094020486,0.9953666,0.020138681
1356269196981,0.5826633,-0.033257067,-0.81203294,-0.8090325,0.07125588,-0.58342874,0.07726526,0.99690354,0.014612123
1356269197021,0.6105706,-0.017817348,-0.7917614,-0.789428,0.066216946,-0.61026126,0.063301235,0.99764615,0.02636461
1356269197061,0.6239764,0.015165716,-0.781296,-0.7791742,0.088208914,-0.62056965,0.05950585,0.9959865,0.06685704
1356269197101,0.6251159,0.060500056,-0.7781837,-0.77756846,0.13506626,-0.61412084,0.06795204,0.9889878,0.13147497
1356269197141,0.6197224,0.106622994,-0.7775446,-0.7805931,0.18643844,-0.5965862,0.08135441,0.9766638,0.19876926
1356269197181,0.61404085,0.14158702,-0.77647084,-0.78407174,0.22219442,-0.57953525,0.09047282,0.9646672,0.24745083
1356269197221,0.6130616,0.1569992,-0.77427816,-0.7845602,0.23616616,-0.5733157,0.09284821,0.9589457,0.2679597
1356269197302,0.62133497,0.14519423,-0.76997495,-0.7782496,0.22841217,-0.58494055,0.0909417,0.96267676,0.2549178
1356269197303,0.62692106,0.12727869,-0.7686158,-0.77390856,0.21525444,-0.5955932,0.08964169,0.9682282,0.23344958
1356269197328,0.63217,0.10589379,-0.7675595,-0.7696523,0.20014639,-0.60628116,0.08942288,0.9740267,0.20802793
1356269197369,0.63904417,0.077064484,-0.76529974,-0.76372707,0.18173116,-0.61943096,0.09134269,0.98032385,0.17499046
1356269197410,0.6425383,0.046079934,-0.7648667,-0.7602171,0.1633834,-0.6287892,0.09599197,0.9854859,0.14001085
1356269197451,0.6420276,0.015234321,-0.76653016,-0.7595811,0.1483941,-0.63325804,0.1041013,0.98881096,0.1068448
1356269197491,0.6362498,-0.013108879,-0.7713717,-0.76281154,0.1388013,-0.631548,0.11534628,0.9902335,0.07831271
1356269197531,0.6238369,-0.036235124,-0.78071415,-0.77084565,0.13627014,-0.62227607,0.12893629,0.99000883,0.057078645
1356269197570,0.602729,-0.051240057,-0.7962991,-0.7848462,0.14201409,-0.6031985,0.14399359,0.98853755,0.045380473
1356269197611,0.5709029,-0.056602,-0.81906414,-0.8055184,0.15431426,-0.5721252,0.15877673,0.9863992,0.04250449
1356269197650,0.52704287,-0.052786797,-0.8481977,-0.83265483,0.16761738,-0.52781653,0.17003441,0.9844378,0.044388354
1356269197691,0.47198296,-0.04153022,-0.88062894,-0.86417246,0.17588036,-0.4714574,0.17446506,0.9835352,0.047123253
1356269197731,0.41075683,-0.026448846,-0.9113612,-0.8955975,0.17558585,-0.4087477,0.17083308,0.9841088,0.04843554
1356269197771,0.35596573,-0.013085216,-0.9344074,-0.9205601,0.1671471,-0.35303128,0.16080302,0.9858452,0.047452867
1356269197811,0.324332,-0.006482333,-0.94592106,-0.93428767,0.15429872,-0.32140058,0.14803779,0.98800296,0.04398769
1356269197850,0.32837656,-0.008410454,-0.9445094,-0.93482155,0.14023182,-0.32625705,0.13519418,0.9900829,0.03818661
1356269197890,0.36774984,-0.01667437,-0.92977524,-0.9219383,0.12421885,-0.3668778,0.121613026,0.99211466,0.030308723
1356269197930,0.4281291,-0.02482748,-0.9033764,-0.89756817,0.10473332,-0.42825475,0.10524601,0.99419034,0.022555053
1356269197971,0.48714623,-0.023031503,-0.8730167,-0.8689443,0.0871658,-0.48717344,0.087317556,0.9959276,0.022449374
1356269198011,0.5298604,-0.0040288866,-0.84807533,-0.84477305,0.08577995,-0.5282047,0.07487595,0.99630594,0.042047918
1356269198051,0.5528357,0.032191366,-0.8326683,-0.82987523,0.11164449,-0.5466651,0.07536492,0.99322665,0.08843589
1356269198091,0.5613517,0.07755789,-0.82393503,-0.82287645,0.15827517,-0.54573184,0.08808264,0.9843443,0.1526686
1356269198131,0.5626437,0.12101385,-0.81779444,-0.8202183,0.20534174,-0.5339258,0.103314966,0.97117996,0.214792
1356269198170,0.5630816,0.15338674,-0.81204164,-0.8187921,0.23658755,-0.52307343,0.11188638,0.9594263,0.25880998
1356269198211,0.5678725,0.16819146,-0.80574965,-0.8154417,0.24831973,-0.5228692,0.1121414,0.9539648,0.27816427
1356269198251,0.5787154,0.16431138,-0.7988055,-0.8084439,0.2444228,-0.53542125,0.10727045,0.9556459,0.27428776
1356269198304,0.5928276,0.14696011,-0.79180694,-0.7990699,0.22968942,-0.5556349,0.1002135,0.96210474,0.25359762
1356269198332,0.6065972,0.12239319,-0.7855316,-0.7896163,0.20764855,-0.5773979,0.09244496,0.9705164,0.22260267
1356269198372,0.61752445,0.09486973,-0.7808093,-0.78186405,0.18225558,-0.59621423,0.08574411,0.9786636,0.18672255
1356269198412,0.62455076,0.066182286,-0.77817494,-0.7765856,0.1582308,-0.6098179,0.082772076,0.9851816,0.15021937
1356269198452,0.6275576,0.036587924,-0.77770996,-0.7738284,0.13938867,-0.6178677,0.08579746,0.98956156,0.11578719
1356269198492,0.62621546,0.0069137514,-0.7796194,-0.7738216,0.12755461,-0.62042725,0.09515458,0.99180746,0.085226685
1356269198531,0.6193707,-0.019913971,-0.78484607,-0.7774558,0.123591885,-0.6166744,0.10928097,0.99213326,0.061066985
1356269198571,0.6055648,-0.040140748,-0.794783,-0.78570807,0.12836094,-0.6051333,0.12630957,0.9909148,0.046191946
1356269198611,0.5842488,-0.051953435,-0.80990994,-0.7986449,0.14062043,-0.58514285,0.14429006,0.98869956,0.04066497
1356269198650,0.55623484,-0.055722505,-0.82915485,-0.81548953,0.15542358,-0.5575126,0.15993616,0.986275,0.041010916
1356269198691,0.5235901,-0.052349597,-0.8503605,-0.8349941,0.16672592,-0.5243925,0.16922891,0.9846127,0.043584406
1356269198731,0.49039194,-0.0438309,-0.87039906,-0.85482955,0.1702291,-0.49019217,0.16965276,0.98442924,0.04601103
1356269198770,0.46386388,-0.03409934,-0.88525003,-0.8709458,0.16531321,-0.46273646,0.16212255,0.9856515,0.046984136
1356269198811,0.45177138,-0.027564108,-0.8917079,-0.879352,0.15483026,-0.4502975,0.15047541,0.9875566,0.045709312
1356269198850,0.45779467,-0.026291668,-0.88866913,-0.8782565,0.14196432,-0.45663074,0.13816491,0.9895226,0.04189968
1356269198891,0.47913134,-0.028944522,-0.87726593,-0.86873007,0.12722413,-0.47866702,0.12546423,0.9914516,0.03581208
1356269198930,0.50807,-0.030872107,-0.86076236,-0.8541728,0.110377654,-0.5081393,0.110696256,0.99341017,0.029709458
1356269198971,0.53551793,-0.024579287,-0.84416604,-0.8392349,0.096205726,-0.5351908,0.09436819,0.99505794,0.030892134
1356269199010,0.55554813,-0.002524346,-0.8314806,-0.8274423,0.09680517,-0.55314386,0.08188799,0.9953002,0.051691145
1356269199051,0.56705,0.037223637,-0.8228419,-0.81979126,0.1225044,-0.5594058,0.079978615,0.9917697,0.099981725
1356269199091,0.57248116,0.08731064,-0.8152559,-0.8150953,0.1682873,-0.55434555,0.088797,0.9818637,0.16750778
1356269199137,0.5736322,0.1398704,-0.80708265,-0.81272054,0.22004579,-0.5395045,0.10213438,0.96540976,0.2399009
1356269199168,0.5751455,0.17765743,-0.7985271,-0.8106765,0.2545535,-0.5272628,0.109595746,0.9506,0.29042798
1356269199211,0.5797529,0.19456252,-0.79122174,-0.8075005,0.26682335,-0.52606857,0.10876319,0.9439018,0.31180102
1356269199250,0.5844919,0.19177839,-0.78840995,-0.8046242,0.26230055,-0.5327085,0.10463837,0.9457375,0.30762208
1356269199307,0.58781075,0.17402917,-0.7900585,-0.80273086,0.24679647,-0.5428763,0.10050729,0.9533128,0.28476822
1356269199332,0.5875341,0.14858973,-0.79543996,-0.8033628,0.2249596,-0.5513632,0.09701496,0.96297157,0.25154287
1356269199372,0.582806,0.12017575,-0.8036759,-0.8070985,0.20061079,-0.5552902,0.09449366,0.97227216,0.21391083
1356269199412,0.5733179,0.09134993,-0.81422466,-0.813907,0.17767757,-0.55316013,0.094138324,0.97983974,0.17621607
1356269199452,0.5593204,0.06270233,-0.8265767,-0.82323396,0.15892787,-0.54500246,0.09719315,0.9852971,0.14051029
1356269199491,0.5401702,0.035540134,-0.84080505,-0.8351393,0.14578055,-0.5303682,0.103723645,0.98867834,0.10842726
1356269199530,0.51540947,0.011941671,-0.8568609,-0.84944075,0.13914841,-0.509007,0.113152415,0.99019957,0.08186218
1356269199571,0.4839779,-0.004916936,-0.87506634,-0.8661605,0.13972081,-0.47983736,0.12462425,0.99017864,0.063362956
1356269199610,0.4450128,-0.012842059,-0.8954321,-0.88506955,0.14603303,-0.44195712,0.13643828,0.9891963,0.053620458
1356269199650,0.3990329,-0.012176484,-0.91685575,-0.90528035,0.15369721,-0.39603624,0.14574045,0.98804295,0.050307125
1356269199690,0.34817293,-0.00516209,-0.93741614,-0.9254606,0.15739825,-0.34459916,0.1493265,0.98752177,0.05002448
1356269199731,0.2973134,0.004928082,-0.95476717,-0.9436184,0.15397322,-0.2930469,0.14556438,0.9880627,0.05042857
1356269199771,0.25365666,0.014353067,-0.9671878,-0.95778775,0.14356616,-0.24906081,0.13528067,0.9895366,0.050163716
1356269199811,0.22440076,0.019994289,-0.9742919,-0.96687853,0.12933987,-0.22003904,0.12161532,0.9913988,0.048355967
1356269199851,0.2144072,0.020633608,-0.9765264,-0.9708059,0.11458075,-0.21073014,0.10754299,0.99319965,0.044598192
1356269199891,0.2247144,0.017188251,-0.974273,-0.96993566,0.09980762,-0.22195315,0.09342486,0.99485826,0.039099723
1356269199931,0.251906,0.01360184,-0.96765614,-0.9646017,0.084139794,-0.24992812,0.078018904,0.99636114,0.034315675
1356269199971,0.28864324,0.018324077,-0.9572614,-0.955377,0.07105923,-0.28671476,0.06276852,0.9973037,0.038017154
1356269200011,0.32591066,0.04131329,-0.94449747,-0.9438447,0.071511894,-0.32255745,0.05421686,0.9965838,0.062299818
1356269200051,0.3567939,0.08463469,-0.93034136,-0.932292,0.09559539,-0.34884554,0.059411913,0.99181575,0.113012105
1356269200091,0.37856048,0.13730678,-0.9153353,-0.92233753,0.13862258,-0.3606621,0.0773648,0.9807806,0.17912021
1356269200131,0.39208493,0.18367684,-0.9014057,-0.91471696,0.18199918,-0.36078954,0.09778643,0.96599126,0.23937145
1356269200171,0.39988476,0.21347278,-0.8913593,-0.90982443,0.21017909,-0.35783258,0.1109575,0.95407236,0.2782702
1356269200211,0.40494514,0.22214502,-0.8869448,-0.9070299,0.22002226,-0.35900825,0.115395695,0.9498641,0.29058912
1356269200250,0.4093635,0.21032155,-0.88779867,-0.9050994,0.21622664,-0.36611634,0.11496356,0.9534207,0.2788772
1356269200298,0.41326416,0.18386757,-0.891855,-0.9036112,0.20400846,-0.3766527,0.11269173,0.96154726,0.25045422
1356269200332,0.41590446,0.14963877,-0.89701265,-0.90282154,0.18644094,-0.3874959,0.10925549,0.97100365,0.2126387
1356269200372,0.4162657,0.11278367,-0.902221,-0.9031347,0.1661124,-0.39592212,0.10521656,0.9796359,0.17100573
1356269200412,0.4129724,0.07696056,-0.907486,-0.9049992,0.14641362,-0.3994239,0.102128446,0.9862252,0.13011408
1356269200452,0.4049693,0.0440225,-0.9132699,-0.9086566,0.13047782,-0.39663422,0.101700634,0.9904734,0.09284085
1356269200491,0.38977274,0.016364425,-0.92076564,-0.9148916,0.12101218,-0.38513553,0.105121344,0.99251616,0.062138915
1356269200531,0.36496964,-0.003078699,-0.9310143,-0.92412305,0.12029114,-0.3626659,0.11310932,0.99273384,0.041057557
1356269200571,0.32749447,-0.011152506,-0.9447873,-0.93652135,0.1286672,-0.32614806,0.12520057,0.9916252,0.03169322
1356269200611,0.27584046,-0.007191211,-0.9611765,-0.9511429,0.14225805,-0.2740253,0.13870561,0.98980343,0.032400668
1356269200650,0.21259156,0.0056746304,-0.9771247,-0.96570826,0.15374264,-0.20921484,0.14903855,0.9880947,0.038164437
1356269200691,0.14577991,0.02234888,-0.9890646,-0.9775413,0.15704638,-0.14053288,0.15218827,0.9873384,0.044741154
1356269200731,0.088412166,0.036861777,-0.99540174,-0.98510456,0.15120113,-0.0818983,0.14748695,0.9878155,0.04968071
1356269200770,0.055407196,0.04470378,-0.9974626,-0.9889204,0.14024946,-0.048647046,0.13771886,0.98910654,0.051979363
1356269200810,0.057783484,0.044370234,-0.9973427,-0.99023706,0.12948692,-0.051611185,0.12685287,0.99058795,0.051419258
1356269200850,0.09880328,0.03661704,-0.99443305,-0.988238,0.12082535,-0.093738705,0.11672032,0.9919982,0.048124254
1356269200890,0.17080653,0.023952425,-0.9850134,-0.9796173,0.11138582,-0.16716221,0.10571259,0.99348855,0.042489618
1356269200930,0.25691605,0.013017744,-0.966346,-0.9620768,0.098284185,-0.254457,0.091664076,0.9950732,0.03777486
1356269200971,0.33343855,0.015220076,-0.94264895,-0.93967855,0.08629468,-0.3309945,0.07630783,0.99615335,0.04307592
1356269201011,0.38529238,0.04031712,-0.9219135,-0.92037755,0.0890508,-0.38075617,0.066746205,0.9952109,0.07141748
1356269201051,0.40985996,0.08813438,-0.90788054,-0.90950334,0.115231276,-0.39940616,0.069414735,0.989421,0.12738723
1356269201091,0.41378278,0.14541912,-0.8986864,-0.9066545,0.15498996,-0.3923721,0.08222899,0.97715473,0.195977
1356269201131,0.40766016,0.19340003,-0.8924179,-0.90809953,0.18834761,-0.3740059,0.09575203,0.96287155,0.25240827
1356269201171,0.4003565,0.21973819,-0.8896234,-0.9106013,0.20406303,-0.35939336,0.10256678,0.9539777,0.28179184
1356269201211,0.3964013,0.22158861,-0.8909346,-0.9123272,0.20351958,-0.35530108,0.10259193,0.9536657,0.2828368
1356269201250,0.3963213,0.20290962,-0.89540887,-0.9126352,0.1934334,-0.36011177,0.10013181,0.95990163,0.2618443
1356269201298,0.39809203,0.17124486,-0.9012202,-0.9120594,0.1791994,-0.36882955,0.09833798,0.9687945,0.2275233
1356269201332,0.39951533,0.13358721,-0.90694106,-0.9115219,0.16315895,-0.3775009,0.09754625,0.977514,0.1869522
1356269201372,0.39838028,0.09536803,-0.91224897,-0.9120399,0.14674556,-0.38294795,0.09734753,0.98456633,0.14543995
1356269201412,0.39262664,0.06027296,-0.91772085,-0.9144486,0.13204521,-0.3825544,0.098123014,0.98940957,0.10696095
1356269201453,0.38076046,0.030046254,-0.92418545,-0.91915834,0.121299416,-0.37474573,0.10084349,0.99216115,0.073803276
1356269201492,0.36070168,0.0061657727,-0.9326609,-0.9266131,0.116252124,-0.3575942,0.10621899,0.9932006,0.0476456
1356269201532,0.32954985,-0.008816719,-0.9440969,-0.9371927,0.118012905,-0.3282419,0.11430964,0.99297285,0.030628175
1356269201572,0.2839905,-0.012030184,-0.9587517,-0.95068675,0.12648684,-0.28318882,0.12467632,0.99189544,0.024484098
1356269201612,0.22292396,-0.0032723248,-0.9748303,-0.9653212,0.13863274,-0.22121477,0.1358673,0.99033844,0.027745724
1356269201652,0.1502276,0.01378122,-0.98855543,-0.97800183,0.1484397,-0.14655447,0.14472118,0.98882544,0.035777777
1356269201692,0.07542646,0.033055335,-0.9966033,-0.9861691,0.15039843,-0.069648355,0.14758533,0.98807263,0.043942153
1356269201731,0.011978179,0.04858634,-0.9987472,-0.9896797,0.1432136,-0.0049025714,0.14279601,0.98849857,0.049800336
1356269201771,-0.027010381,0.056556374,-0.998034,-0.99087477,0.13037407,0.034204572,0.13205227,0.9898505,0.052518785
1356269201811,-0.032431185,0.05637157,-0.9978831,-0.9923606,0.11708975,0.038866192,0.11903286,0.9915203,0.052143514
1356269201850,-1.9210577E-4,0.04942283,-0.998778,-0.99434674,0.106042445,0.0054385364,0.10618165,0.9931326,0.04912305
1356269201890,0.06710315,0.037952125,-0.99702394,-0.99341995,0.095495105,-0.06322545,0.092811346,0.9947061,0.044110388
1356269201949,0.1593619,0.027408123,-0.9868398,-0.9841533,0.08314395,-0.15661886,0.07775715,0.9961606,0.040223747
1356269201970,0.25489578,0.028114915,-0.9665597,-0.964887,0.07294688,-0.25233284,0.0634132,0.99693954,0.04572156
1356269202011,0.3335573,0.050091565,-0.94139814,-0.9409983,0.07818651,-0.3292554,0.05711171,0.99567956,0.07321578
1356269202048,0.38836753,0.09281677,-0.91681826,-0.9191734,0.10974175,-0.3782552,0.06550479,0.98961705,0.12793487
1356269202091,0.42166075,0.14517847,-0.8950561,-0.9025942,0.16164103,-0.3989936,0.086752504,0.97611237,0.19919494
1356269202131,0.44188693,0.19103548,-0.87649375,-0.89042664,0.21210054,-0.40268302,0.10897803,0.9583938,0.26382756
1356269202170,0.4570069,0.21896881,-0.862089,-0.880999,0.24482808,-0.40484563,0.122415066,0.9445168,0.30479944
1356269202211,0.47300574,0.22396767,-0.8521174,-0.8719126,0.25798973,-0.4161848,0.12662566,0.9398297,0.3173108
1356269202250,0.49177486,0.2083016,-0.8454395,-0.8615456,0.2570035,-0.43782225,0.12608182,0.9436947,0.3058492
1356269202297,0.51227045,0.17841217,-0.8400882,-0.8499092,0.24589163,-0.4660384,0.123423755,0.9527363,0.27759713
1356269202332,0.5315729,0.14234406,-0.8349661,-0.83859974,0.22703804,-0.49518108,0.11908299,0.9634272,0.24005695
1356269202372,0.5483168,0.10489985,-0.8296654,-0.8285154,0.20294107,-0.52189755,0.11362615,0.9735558,0.19818717
1356269202412,0.5609691,0.06929219,-0.8249316,-0.8206388,0.17766793,-0.5431262,0.108929485,0.98164797,0.15653008
1356269202452,0.5687072,0.036729127,-0.8217196,-0.8155744,0.15491615,-0.55752975,0.10682005,0.98724467,0.118057266
1356269202492,0.5698525,0.008434087,-0.8217038,-0.81461906,0.1372184,-0.56353074,0.10800001,0.9905049,0.08506481
1356269202532,0.5614219,-0.013310164,-0.82742274,-0.8198532,0.1269287,-0.5583277,0.11245516,0.9918226,0.060348153
1356269202571,0.5392806,-0.026093781,-0.84172183,-0.8334984,0.12617038,-0.53792334,0.120236814,0.99166536,0.046292096
1356269202611,0.49963608,-0.029232979,-0.865742,-0.8563587,0.13382336,-0.49873954,0.13043618,0.99057394,0.04182905
1356269202650,0.44051313,-0.023654431,-0.8974345,-0.8867861,0.14426215,-0.4390888,0.13985226,0.98925674,0.042572916
1356269202691,0.3647003,-0.011217833,-0.9310574,-0.9198323,0.15091875,-0.36212167,0.14457625,0.9884825,0.044721544
1356269202731,0.28652328,0.0034107268,-0.95806724,-0.9473767,0.15002,-0.28279206,0.14276475,0.988677,0.046215445
1356269202771,0.23494199,0.013133079,-0.97192067,-0.96249056,0.14273742,-0.23073366,0.13569921,0.9896735,0.04617545
1356269202810,0.23944822,0.012862861,-0.9708239,-0.96263885,0.13337764,-0.23566228,0.12645486,0.99098176,0.04431936
1356269202851,0.30725658,0.0027323663,-0.9516228,-0.9444531,0.123429656,-0.30458724,0.1166262,0.9923495,0.0405052
1356269202891,0.4158017,-0.01190874,-0.90937734,-0.9033408,0.11034638,-0.41448662,0.105282545,0.99382186,0.03512454
1356269202930,0.51914775,-0.020909518,-0.85442865,-0.8498535,0.09351291,-0.5186563,0.09074494,0.99539846,0.030776978
1356269202971,0.5891185,-0.015180677,-0.80790406,-0.8045993,0.081236705,-0.5882351,0.07456124,0.99657923,0.035643682
1356269203011,0.6249714,0.008417517,-0.7806022,-0.778044,0.08831695,-0.6219708,0.06370494,0.9960568,0.06174478
1356269203051,0.6344845,0.04780385,-0.7714559,-0.77021015,0.12284534,-0.6258477,0.06485179,0.99127376,0.114762485
1356269203091,0.6278956,0.094789654,-0.7725038,-0.77453446,0.17358898,-0.6082461,0.07644278,0.9802458,0.18241358
1356269203131,0.61462003,0.13816378,-0.7766292,-0.78373563,0.21859635,-0.58135533,0.0894461,0.9659847,0.24263757
1356269203171,0.6024041,0.1684764,-0.7802083,-0.7923241,0.24451463,-0.5589589,0.09660095,0.95489705,0.28078455
1356269203211,0.59682477,0.18025815,-0.7818614,-0.796415,0.2516007,-0.54992753,0.09758797,0.95089644,0.2937218
1356269203250,0.59959626,0.17368287,-0.7812289,-0.794542,0.24610227,-0.5551007,0.095850796,0.95355546,0.2855603
1356269203296,0.6086811,0.15374345,-0.7783767,-0.7878746,0.23285837,-0.5701146,0.093600124,0.96028113,0.26286703
1356269203332,0.62099653,0.12639758,-0.7735548,-0.7785026,0.21415369,-0.58997625,0.09108809,0.9685876,0.23138952
1356269203372,0.63424164,0.09587431,-0.7671673,-0.7680386,0.1918775,-0.6109828,0.08862463,0.97672474,0.19533187
1356269203412,0.64626825,0.065252125,-0.7603154,-0.75808585,0.16904281,-0.6298654,0.08742586,0.98344636,0.15871368
1356269203452,0.65589905,0.035906613,-0.7539941,-0.7496045,0.14851917,-0.64500785,0.08882254,0.9882574,0.12432934
1356269203491,0.6614454,0.0092378855,-0.74993646,-0.7441283,0.13289043,-0.6546856,0.09361151,0.9910877,0.09477393
1356269203531,0.6602803,-0.012643844,-0.7509128,-0.74406695,0.12471898,-0.6563607,0.10195196,0.9921115,0.072941646
1356269203571,0.6485695,-0.02747804,-0.7606593,-0.75274056,0.12503366,-0.6463344,0.11286801,0.99177194,0.06040919
1356269203611,0.6209926,-0.033651322,-0.7830937,-0.77402794,0.13107193,-0.6194359,0.12348643,0.9908016,0.05534762
1356269203650,0.5699232,-0.030126452,-0.82114553,-0.81136805,0.13732684,-0.56817544,0.12988245,0.9900676,0.0538221
1356269203691,0.48802704,-0.017090142,-0.8726613,-0.86321396,0.13854037,-0.4854569,0.12919539,0.99020934,0.05285898
1356269203731,0.38946694,-4.3797493E-4,-0.9210403,-0.91294503,0.13210988,-0.38610658,0.12184754,0.9912349,0.05105263
1356269203771,0.34232044,0.0072377324,-0.9395554,-0.9330034,0.120753884,-0.339003,0.11100137,0.9926561,0.048089355
1356269203811,0.43587232,-0.0039440095,-0.89999986,-0.8944293,0.109274164,-0.43365335,0.100057095,0.9940038,0.044101954
1356269203851,0.6319271,-0.026578784,-0.77457196,-0.76980263,0.094331324,-0.6312729,0.08984488,0.995186,0.039150104
1356269203891,0.77620894,-0.039795637,-0.6292186,-0.6255579,0.07579721,-0.77648693,0.07859376,0.9963288,0.033940002
1356269203931,0.8396106,-0.03711024,-0.5419197,-0.53927076,0.06266421,-0.8397978,0.06512411,0.99734455,0.03260106
1356269203970,0.86097,-0.021838218,-0.5081867,-0.5059694,0.06577414,-0.86003995,0.05220729,0.99759555,0.04558009
1356269204010,0.864499,0.0022018403,-0.50262976,-0.5004786,0.09629142,-0.8603773,0.046504498,0.9953507,0.08434581
1356269204051,0.8599194,0.031647697,-0.5094477,-0.50778186,0.15457186,-0.8475052,0.051924676,0.98747456,0.14898947
1356269204091,0.85235727,0.061859548,-0.51928836,-0.5189943,0.22211179,-0.82541585,0.06428023,0.9730569,0.22142336
1356269204130,0.845723,0.08681871,-0.52651227,-0.5283069,0.2751419,-0.80323637,0.0751296,0.95747554,0.27856076
1356269204170,0.84329474,0.10056697,-0.5279586,-0.5314779,0.30209428,-0.79137236,0.07990734,0.9479585,0.30820364
1356269204211,0.84675395,0.09946559,-0.5226034,-0.5259174,0.30445546,-0.79417735,0.08011612,0.9473191,0.31010956
1356269204250,0.85479856,0.08483556,-0.51197886,-0.512833,0.28923458,-0.808298,0.07950957,0.95349157,0.29074377
