1356269307762,0.32670438,-0.12204555,-0.9372135,-0.7937015,0.50294745,-0.3421721,0.51312965,0.8556569,0.067447424
1356269307801,0.45060647,-0.33545578,0.82729876,0.73050773,-0.39412236,-0.5576971,0.5131396,0.8556501,0.0674589
1356269307842,0.4505962,-0.3355012,0.82728595,0.73047113,-0.3941642,-0.5577154,0.5132007,0.855613,0.06746507
1356269307881,0.45074248,-0.33552387,0.8271971,0.73026335,-0.39433098,-0.5578697,0.513368,0.8555273,0.06727907
1356269307920,0.45131254,-0.33540064,0.8269361,0.7297239,-0.39467186,-0.55833423,0.5136341,0.8554183,0.0666295
1356269307961,0.45243657,-0.33502048,0.8264759,0.7287968,-0.39520764,-0.5591656,0.5139615,0.85532,0.06535542
1356269308000,0.45405495,-0.334405,0.8258375,0.727547,-0.3958797,-0.5603167,0.5143049,0.8552501,0.063544184
1356269308040,0.45602816,-0.33351967,0.8251078,0.7260804,-0.39669,-0.56164426,0.5146314,0.85522026,0.061260287
1356269308080,0.45824867,-0.3322658,0.82438314,0.72450036,-0.3976547,-0.5630008,0.5148858,0.85526025,0.05850196
1356269308120,0.4605866,-0.33060616,0.8237473,0.72293526,-0.3987335,-0.5642483,0.5149996,0.85540116,0.05535558
1356269308160,0.46284536,-0.32865584,0.8232615,0.72154653,-0.39980468,-0.56526697,0.51492214,0.8556527,0.052092765
1356269308200,0.4647803,-0.32663187,0.8229769,0.7205006,-0.40072396,-0.56595,0.5146437,0.85599774,0.049089793
1356269308240,0.46629015,-0.3245836,0.8229332,0.71987385,-0.40144733,-0.5662347,0.5141548,0.8564377,0.046468318
1356269308280,0.4673705,-0.32240838,0.8231753,0.71968716,-0.4020157,-0.5660687,0.51343465,0.85699254,0.04414287
1356269308320,0.46799982,-0.3200724,0.8237293,0.71997404,-0.4024185,-0.5654174,0.5124583,0.8576789,0.04211202
1356269308361,0.46812844,-0.3177069,0.8245715,0.72080433,-0.40249997,-0.56430036,0.5111722,0.85851973,0.04058281
1356269308400,0.46770886,-0.315553,0.82563597,0.7222255,-0.40206137,-0.56279397,0.50954765,0.859519,0.039852705
1356269308441,0.4668094,-0.3138652,0.82678753,0.7242192,-0.400872,-0.5610777,0.50753874,0.8606918,0.04017639
1356269308478,0.46557638,-0.31273925,0.82790875,0.7266623,-0.3988987,-0.55932266,0.5051738,0.86201745,0.041537967
1356269308521,0.46424973,-0.31205863,0.82890993,0.7293708,-0.39625126,-0.5576767,0.5024844,0.8634839,0.043646842
1356269308560,0.46307516,-0.31152207,0.82976824,0.73204845,-0.39335346,-0.5562176,0.49966627,0.86500114,0.045897033
1356269308600,0.46221098,-0.31087354,0.830493,0.73450184,-0.39052972,-0.5549717,0.49685824,0.86651266,0.047830045
1356269308640,0.4625368,-0.31045496,0.8304682,0.736097,-0.38763666,-0.5548866,0.49418724,0.8679606,0.049228694
1356269308691,0.4617075,-0.3091924,0.83140016,0.73824704,-0.3856645,-0.5534023,0.49174932,0.8692887,0.05019623
1356269308722,0.4610894,-0.30812585,0.83213884,0.7400105,-0.3839759,-0.5522202,0.4896745,0.8704144,0.050969068
1356269308762,0.46032828,-0.30723727,0.8328884,0.74146295,-0.38287586,-0.5510343,0.4881912,0.87121254,0.05155647
1356269308792,0.45908034,-0.30621165,0.8339542,0.7427775,-0.38267624,-0.5494001,0.48736715,0.8716613,0.05176797
1356269308822,0.4574901,-0.30487466,0.8353169,0.74374795,-0.38368797,-0.54737794,0.48738268,0.87168515,0.051216457
1356269308852,0.45542634,-0.30278382,0.83720297,0.74437404,-0.38634157,-0.54465353,0.48835856,0.8712417,0.049434304
1356269308882,0.45293504,-0.29952192,0.839724,0.74449253,-0.39111245,-0.5410748,0.49049026,0.87024003,0.045843303
1356269308912,0.45008445,-0.29480124,0.84292126,0.7438321,-0.39852607,-0.5365546,0.49410307,0.86848676,0.039912224
1356269308942,0.44702077,-0.2885378,0.8467103,0.74198645,-0.40908355,-0.5311373,0.49962842,0.86567694,0.031222284
1356269308982,0.44460246,-0.27983147,0.8508955,0.7368347,-0.42588887,-0.52506524,0.50931656,0.86041456,0.016838223
1356269309022,0.44122255,-0.2686535,0.8562406,0.73012084,-0.447295,-0.5165758,0.5217721,0.85308397,-0.0012070499
1356269309062,0.43732005,-0.25599992,0.8620993,0.7224918,-0.47080678,-0.50630665,0.5354967,0.84427774,-0.02093539
1356269309102,0.4332587,-0.24262571,0.86799747,0.7145931,-0.49441218,-0.49488717,0.54922086,0.8346792,-0.04082972
1356269309132,0.42882657,-0.22959873,0.87372315,0.7081735,-0.5150515,-0.48292044,0.5608903,0.8258368,-0.058272008
1356269309172,0.42509478,-0.21736373,0.87866235,0.70278144,-0.532507,-0.47173578,0.57043207,0.81803995,-0.07360676
1356269309202,0.4205777,-0.20606212,0.8835455,0.69993424,-0.5459244,-0.4604982,0.57724035,0.8120991,-0.0853737
1356269309242,0.41524738,-0.1970731,0.88810575,0.7004613,-0.55364573,-0.45036688,0.58045113,0.8090974,-0.09185785
1356269309272,0.40793514,-0.18933317,0.893164,0.70386195,-0.55786586,-0.43973172,0.58152145,0.8080462,-0.094308645
1356269309312,0.39862752,-0.1844933,0.8983642,0.7108396,-0.5567862,-0.4297628,0.5794852,0.80990815,-0.09080514
1356269309342,0.38731503,-0.17913815,0.9043763,0.7198281,-0.55415314,-0.41804525,0.5760508,0.8129107,-0.08568317
1356269309382,0.37593728,-0.17365417,0.9102282,0.73071706,-0.5485055,-0.40644103,0.5698454,0.8179156,-0.07931158
1356269309422,0.36276007,-0.16629416,0.91692495,0.7434726,-0.54157513,-0.39235812,0.56183064,0.8240405,-0.07282668
1356269309462,0.3471126,-0.1585953,0.92431617,0.75664794,-0.534938,-0.3759327,0.554073,0.82987285,-0.06568295
1356269309502,0.32817984,-0.15267769,0.93219495,0.7685696,-0.5305775,-0.35747492,0.54918015,0.8337728,-0.05678138
1356269309542,0.30634362,-0.14972901,0.9400717,0.7780188,-0.52963704,-0.33789244,0.5484891,0.8349047,-0.045758933
1356269309572,0.28513783,-0.14791852,0.9470039,0.7851364,-0.53067386,-0.31928968,0.5497791,0.83456886,-0.03517893
1356269309602,0.26703835,-0.14776933,0.9522892,0.7900038,-0.5323485,-0.30413666,0.5518918,0.8335283,-0.025419138
1356269309642,0.25283253,-0.14941317,0.9559034,0.79386544,-0.53271705,-0.29324085,0.55304015,0.8329995,-0.01607424
1356269309690,0.24583119,-0.15327397,0.9571176,0.79772246,-0.5289359,-0.2895957,0.55064136,0.8347058,-0.0077588186
1356269309720,0.24841636,-0.15984717,0.95537335,0.8015044,-0.51993275,-0.29539925,0.5439486,0.83911794,-0.001041621
1356269309760,0.26233613,-0.16961724,0.94995254,0.8036077,-0.50659263,-0.31237575,0.53422326,0.84533656,0.0034081638
1356269309800,0.28836584,-0.1830104,0.9398683,0.80182034,-0.49037218,-0.34149554,0.5233825,0.8520812,0.0053348765
1356269309840,0.32628298,-0.20024413,0.92381907,0.7943443,-0.47168356,-0.3827945,0.51240265,0.8587297,0.0051605105
1356269309880,0.37391675,-0.22136626,0.9006572,0.78019714,-0.44999486,-0.43450773,0.5014764,0.86515987,0.0044487193
1356269309920,0.42578495,-0.24850154,0.8700311,0.7589525,-0.42544204,-0.49294046,0.4926442,0.87019897,0.0074539855
1356269309960,0.4716064,-0.28747094,0.83363533,0.7319217,-0.3996491,-0.55187976,0.49181104,0.8704257,0.021929145
1356269310000,0.49947086,-0.34459144,0.7948494,0.7033364,-0.3743913,-0.6042756,0.5058129,0.8608645,0.05536619
1356269310040,0.5044882,-0.4166426,0.756241,0.67838424,-0.35055333,-0.64568347,0.53412205,0.83876175,0.105793774
1356269310080,0.49336612,-0.48901498,0.71934295,0.6595845,-0.32879764,-0.6758996,0.5670433,0.80793345,0.16032913
1356269310120,0.48098105,-0.5459097,0.686032,0.64609224,-0.30823117,-0.6982538,0.59264,0.77908677,0.20445463
1356269310161,0.4785195,-0.5809225,0.65844375,0.63580644,-0.28795666,-0.7161223,0.60561484,0.76132125,0.23156139
1356269310200,0.4894997,-0.59524935,0.63723487,0.6255669,-0.2693959,-0.7321831,0.6074999,0.75703645,0.24049908
1356269310240,0.51135397,-0.59310764,0.6218846,0.61279243,-0.25568947,-0.7477355,0.602497,0.7634437,0.23270401
1356269310280,0.53948057,-0.57860744,0.61169773,0.59715676,-0.24924454,-0.76241785,0.59360296,0.7765891,0.21105674
1356269310320,0.56898206,-0.5553005,0.60654825,0.58077013,-0.25084907,-0.7744552,0.5822074,0.7929162,0.17977333
1356269310361,0.5968347,-0.52539766,0.6064202,0.565825,-0.26026344,-0.7823713,0.56888515,0.8100741,0.14194891
1356269310400,0.6189699,-0.49177623,0.61239886,0.55560565,-0.27694806,-0.78396565,0.55513835,0.8255034,0.10181114
1356269310440,0.6327759,-0.45694998,0.62513304,0.55231595,-0.29948536,-0.7779816,0.542717,0.8375589,0.06287372
1356269310480,0.6359006,-0.42292616,0.6455725,0.5578716,-0.32612643,-0.76316494,0.5333007,0.84544367,0.028554529
1356269310520,0.6261804,-0.39179984,0.67408526,0.57323945,-0.3546742,-0.73864925,0.5284833,0.84894,0.002505064
1356269310560,0.6017783,-0.36568516,0.71002614,0.5978566,-0.38320768,-0.70407337,0.52955675,0.8481899,-0.011978776
1356269310600,0.5632306,-0.34483346,0.7509069,0.62883055,-0.4106608,-0.6602498,0.5360443,0.84406614,-0.014454931
1356269310641,0.5156206,-0.32633203,0.7922392,0.6616211,-0.4358652,-0.6101469,0.5444199,0.83876646,-0.00883293
1356269310690,0.46705624,-0.3070057,0.8292201,0.69233495,-0.45637557,-0.5589219,0.550028,0.835146,-6.023012E-4
1356269310722,0.42501205,-0.28650922,0.85864854,0.71881,-0.4697119,-0.51252604,0.55016077,0.83503497,0.0063124336
1356269310762,0.39500457,-0.26737982,0.87890804,0.739667,-0.47484344,-0.47688195,0.5448524,0.83846986,0.010206699
1356269310802,0.3806041,-0.25271934,0.88953555,0.7536133,-0.47270662,-0.45674446,0.5359175,0.84420466,0.010538578
1356269310842,0.38377047,-0.24470448,0.89041567,0.7593938,-0.46498984,-0.45508862,0.52539635,0.85082567,0.0073776543
1356269310871,0.4034977,-0.24527705,0.8814924,0.7561028,-0.45314914,-0.47219107,0.5152651,0.8570268,0.0026100278
1356269310912,0.4330088,-0.24694842,0.8669025,0.7480153,-0.43819892,-0.49845248,0.50296783,0.86429054,-0.005022794
1356269310952,0.4777003,-0.25594983,0.8404119,0.7304163,-0.4158377,-0.541822,0.48815417,0.87267905,-0.011695888
1356269310992,0.5259105,-0.27539414,0.8047211,0.705938,-0.38640022,-0.59358764,0.47441506,0.88025725,-0.008800719
1356269311032,0.56328195,-0.3127985,0.7647683,0.6798124,-0.350649,-0.6441278,0.46964735,0.88272446,0.01512998
1356269311060,0.5876641,-0.36132616,0.7239436,0.65582997,-0.3112894,-0.68773973,0.47385433,0.8789438,0.05403492
1356269311100,0.58568054,-0.42784944,0.6884208,0.6433724,-0.27120233,-0.71590585,0.49300125,0.86220306,0.11642864
1356269311159,0.54057467,-0.48169935,0.6897426,0.66508937,-0.25738642,-0.7010054,0.51520413,0.83768624,0.18123645
1356269311182,0.5472479,-0.5368736,0.6420954,0.6471833,-0.21503237,-0.7313787,0.53072923,0.81579876,0.22977963
1356269311221,0.55638,-0.5650095,0.60926646,0.63300836,-0.18678117,-0.75127447,0.5382766,0.8036648,0.2537344
1356269311258,0.5692773,-0.57112586,0.5913871,0.61908805,-0.17552558,-0.76545453,0.54097444,0.80187654,0.25365448
1356269311301,0.5847604,-0.5612478,0.5857099,0.6044841,-0.18002391,-0.7760093,0.54097533,0.8078319,0.23399448
1356269311341,0.60014063,-0.54054433,0.5896126,0.5912184,-0.1967442,-0.78214604,0.5387875,0.8179875,0.2015056
1356269311381,0.61335963,-0.51283056,0.600662,0.5813374,-0.22167206,-0.7828847,0.5346371,0.8293772,0.16216284
1356269311420,0.6225782,-0.48103175,0.6172559,0.5763924,-0.2516365,-0.7774644,0.52930915,0.83981395,0.12059966
1356269311460,0.62547064,-0.4479479,0.63884985,0.577968,-0.28404522,-0.76503026,0.524156,0.84773874,0.081237584
1356269311500,0.6197808,-0.41643298,0.66517323,0.5870732,-0.3164461,-0.7451221,0.5207849,0.8523177,0.04834941
1356269311540,0.6036933,-0.38952786,0.6955735,0.60354215,-0.34673303,-0.7179924,0.5208563,0.85325515,0.025776029
1356269311581,0.5761434,-0.36960727,0.7290057,0.6259902,-0.3739507,-0.6843225,0.52554274,0.85061824,0.015921293
1356269311620,0.53891313,-0.35485503,0.76397026,0.651973,-0.3985674,-0.6450388,0.533389,0.84570783,0.01656276
1356269311686,0.4978404,-0.340698,0.79754615,0.67827797,-0.4201191,-0.6028591,0.54045725,0.8410856,0.02193564
1356269311702,0.45944792,-0.3237114,0.8271146,0.7028475,-0.43685544,-0.5613937,0.543059,0.8392666,0.026807368
1356269311742,0.4287123,-0.3042043,0.8506853,0.72428423,-0.44710046,-0.5248938,0.5400167,0.84116644,0.02865291
1356269311781,0.40908808,-0.28544608,0.8666992,0.7408364,-0.4506269,-0.49809325,0.5327368,0.8458463,0.02712274
1356269311822,0.40317053,-0.27044034,0.87425137,0.75094604,-0.4482146,-0.4849573,0.5230043,0.8520361,0.02237919
1356269311862,0.4126618,-0.26119244,0.8726333,0.7532462,-0.44082755,-0.48815095,0.51218206,0.8587489,0.014829464
1356269311902,0.43720368,-0.25699598,0.8618619,0.7478128,-0.42849204,-0.5071198,0.49962872,0.8662261,0.0048466027
1356269311942,0.47394326,-0.2570501,0.84220123,0.73551416,-0.41030595,-0.5391362,0.48414528,0.8749709,-0.0053976774
1356269311980,0.51545846,-0.26456589,0.8150506,0.71799946,-0.38582888,-0.57932115,0.46773863,0.88382185,-0.0089206435
1356269312020,0.5507551,-0.28860915,0.7831817,0.6980805,-0.35509437,-0.62176484,0.45755047,0.88916403,0.005902406
1356269312060,0.57080996,-0.33560553,0.749363,0.6797216,-0.31882817,-0.6605507,0.46060246,0.88640714,0.046127975
1356269312101,0.5735053,-0.39967206,0.71509016,0.6663152,-0.28022882,-0.6910107,0.47656658,0.87277377,0.10559487
1356269312141,0.56795967,-0.4605177,0.6821622,0.6571744,-0.2452533,-0.71272194,0.49552363,0.85309684,0.16334647
1356269312181,0.5654824,-0.5017141,0.6546087,0.64898777,-0.21911389,-0.7285629,0.5089642,0.83682257,0.20170131
1356269312221,0.5718658,-0.5194008,0.63497424,0.6380728,-0.20485458,-0.74222475,0.5155896,0.8296128,0.21426624
1356269312261,0.5857264,-0.51857746,0.6228981,0.623135,-0.20332593,-0.75522274,0.5182928,0.8305035,0.20405036
1356269312301,0.60292864,-0.50596213,0.61683005,0.60586643,-0.21263081,-0.76662505,0.5190404,0.8359368,0.17834431
1356269312341,0.62008005,-0.48626268,0.61566985,0.58920276,-0.22951955,-0.77470046,0.5180162,0.84313065,0.14418685
1356269312381,0.63452315,-0.46276492,0.6190549,0.57576424,-0.25133017,-0.77802867,0.51563156,0.8501069,0.10696867
1356269312421,0.6440843,-0.4380635,0.6271011,0.567297,-0.2764023,-0.7757422,0.5131565,0.8553959,0.07048571
1356269312461,0.64742863,-0.41379124,0.6400101,0.56479144,-0.3033413,-0.7674599,0.5117097,0.8583477,0.03731388
1356269312500,0.6437684,-0.3912028,0.6576644,0.56876427,-0.33034304,-0.7532467,0.5119271,0.8589725,0.009837776
1356269312541,0.63219243,-0.37239143,0.6794537,0.5792359,-0.35527772,-0.7336644,0.5146051,0.8573811,-0.008901358
1356269312581,0.61212385,-0.35955825,0.7042885,0.5953791,-0.37658527,-0.7097235,0.5204116,0.85375726,-0.016443372
1356269312621,0.58501804,-0.3519987,0.7306509,0.6155571,-0.39386418,-0.6826129,0.52805614,0.8490982,-0.0137423575
1356269312687,0.5548113,-0.34561396,0.7567929,0.6379243,-0.4072072,-0.65363204,0.53407586,0.84541905,-0.005447626
1356269312702,0.52601194,-0.33678982,0.78095067,0.6607609,-0.4162833,-0.6245824,0.53544974,0.84455943,0.0035675466
1356269312741,0.5020071,-0.32458872,0.8016427,0.6822781,-0.42098692,-0.59771776,0.5314936,0.8470018,0.010121375
1356269312782,0.48517105,-0.31030366,0.81750876,0.7004683,-0.42169604,-0.5757746,0.52340525,0.85198826,0.012763228
1356269312822,0.4769603,-0.295881,0.8276251,0.713586,-0.41938257,-0.56117135,0.51313144,0.85823816,0.011107683
1356269312862,0.4781368,-0.28272057,0.8315373,0.72067213,-0.41486755,-0.5554428,0.5020129,0.86484337,0.005385343
1356269312902,0.4887111,-0.2705145,0.8294476,0.72228825,-0.4077969,-0.5585708,0.4893477,0.87208,-0.0039054155
1356269312941,0.5071884,-0.2597385,0.8217639,0.71997476,-0.39639556,-0.5696552,0.4737049,0.8805717,-0.014042079
1356269312981,0.52879435,-0.25602725,0.8092135,0.7154591,-0.37846017,-0.58727,0.45661223,0.8895043,-0.016950548
1356269313020,0.54592246,-0.27058768,0.7929382,0.71025807,-0.35254008,-0.609302,0.44441217,0.89582235,-2.724193E-4
1356269313061,0.55107254,-0.31214076,0.773878,0.7065138,-0.3189506,-0.63175046,0.44402394,0.8948959,0.044766877
1356269313101,0.54332066,-0.37243682,0.7523918,0.7058211,-0.2826008,-0.64957935,0.45455384,0.8839839,0.10933095
1356269313141,0.5284463,-0.43175554,0.7309799,0.7080842,-0.25085947,-0.66006535,0.4683601,0.8664045,0.17315352
1356269313181,0.5159985,-0.4730808,0.71410096,0.71035224,-0.2295489,-0.6653623,0.47869122,0.8505891,0.21760717
1356269313221,0.51231146,-0.49102718,0.7045774,0.70881075,-0.22146592,-0.6697315,0.48489624,0.8425231,0.23458576
1356269313261,0.5179791,-0.4892112,0.7016908,0.7016243,-0.2262541,-0.6756718,0.48930666,0.8423072,0.22604758
1356269313301,0.53024757,-0.47415188,0.7028638,0.6898487,-0.24066392,-0.6827808,0.49289575,0.84691256,0.19948164
1356269313340,0.5459881,-0.45129597,0.7058533,0.6758777,-0.26058426,-0.6894093,0.4950619,0.8534798,0.16274497
1356269313381,0.5623151,-0.42461511,0.70958006,0.6618965,-0.28324372,-0.6940217,0.49567616,0.8599274,0.121778995
1356269313420,0.5760682,-0.397612,0.71417797,0.6497859,-0.3073154,-0.6952235,0.49590707,0.8645589,0.081328005
1356269313461,0.5846634,-0.3727076,0.7205955,0.6409075,-0.33238378,-0.69192386,0.49739948,0.8663776,0.04453844
1356269313500,0.5856064,-0.35176313,0.73029304,0.63709027,-0.3573023,-0.6829723,0.5011798,0.86521554,0.0148662925
1356269313540,0.57702816,-0.33680415,0.744044,0.6396926,-0.38001254,-0.66811967,0.50777155,0.86148334,-0.003826825
1356269313581,0.55794144,-0.32892245,0.76191294,0.6490289,-0.39919725,-0.64761335,0.51716816,0.8558338,-0.009248495
1356269313621,0.5303093,-0.32590204,0.78266203,0.6634366,-0.41524422,-0.6224341,0.52784836,0.8493292,-0.0039925557
1356269313687,0.4993904,-0.32277054,0.80400765,0.6802886,-0.42856345,-0.5945929,0.53648543,0.84389126,0.0055567026
1356269313702,0.47118014,-0.31629443,0.8233754,0.69719684,-0.43824697,-0.5673236,0.54028314,0.84136635,0.014026221
1356269313742,0.45029056,-0.3068382,0.8385039,0.71191627,-0.4434147,-0.5445721,0.53890043,0.8421602,0.018777635
1356269313781,0.43993813,-0.29717714,0.84743154,0.7219747,-0.4441396,-0.5305589,0.53404784,0.8452372,0.019160356
1356269313822,0.44223052,-0.28949285,0.848897,0.7256448,-0.44078892,-0.52834153,0.5271354,0.84964645,0.015138626
1356269313861,0.45830032,-0.2853688,0.84173954,0.72169876,-0.4332792,-0.5398334,0.51875985,0.8548882,0.0073783137
1356269313902,0.487054,-0.28417927,0.82584536,0.7106835,-0.42066383,-0.5638891,0.5076488,0.8615591,-0.0029244684
1356269313942,0.5250523,-0.28610036,0.8015402,0.6941687,-0.4009217,-0.5978224,0.492392,0.8702922,-0.011902958
1356269313981,0.56452143,-0.2958224,0.7705872,0.67474437,-0.37233952,-0.63724655,0.47543192,0.8796887,-0.010589089
1356269314039,0.5948113,-0.32236892,0.7363951,0.65620214,-0.33441868,-0.676434,0.46432555,0.88557464,0.012623131
1356269314060,0.6089188,-0.36912662,0.7021135,0.64237064,-0.28982732,-0.7094786,0.46537924,0.88303196,0.06063485
1356269314101,0.6074822,-0.42702246,0.66978896,0.6352136,-0.24512815,-0.7324042,0.47693717,0.87038153,0.12233949
1356269314138,0.60085773,-0.4774169,0.64112645,0.6317596,-0.20777503,-0.74679947,0.4897447,0.853758,0.17676947
1356269314181,0.5998946,-0.5076152,0.6184282,0.62696564,-0.18192917,-0.7575064,0.49703187,0.8421571,0.20911893
1356269314221,0.6085971,-0.5164549,0.6023985,0.61716133,-0.16906714,-0.76845837,0.4987198,0.8394586,0.21584219
1356269314260,0.62400883,-0.50990194,0.5921258,0.60222775,-0.16904098,-0.7802223,0.4979304,0.8434602,0.20159408
1356269314301,0.6413524,-0.49439543,0.5867199,0.58503896,-0.17961401,-0.7908655,0.49638343,0.8504775,0.1740447
1356269314341,0.6570346,-0.4741082,0.5861118,0.5693648,-0.19748944,-0.7980111,0.49409446,0.8580323,0.14018309
1356269314380,0.6684704,-0.45162764,0.5909144,0.55834454,-0.22013313,-0.7998705,0.49132344,0.86462355,0.105011374
1356269314420,0.6736641,-0.4286536,0.6020239,0.5540216,-0.24621522,-0.79525995,0.48911837,0.86927235,0.07161692
1356269314460,0.6712655,-0.40616405,0.620027,0.55718285,-0.27515754,-0.7834767,0.48882514,0.87138927,0.041603863
1356269314500,0.6591848,-0.38513505,0.6458687,0.5689192,-0.3062269,-0.7632536,0.49173814,0.87057227,0.017250597
1356269314540,0.635587,-0.36700758,0.67921627,0.58918655,-0.3379291,-0.7339368,0.4988873,0.8666657,0.001452595
1356269314581,0.59975445,-0.35167214,0.71876377,0.61691594,-0.36885548,-0.6952413,0.5096169,0.86039084,-0.0042705815
1356269314620,0.5544862,-0.33633682,0.7611981,0.649328,-0.39723945,-0.6485166,0.520498,0.8538608,-0.0018708389
1356269314687,0.5057918,-0.3179598,0.80192035,0.6829456,-0.42033574,-0.59741366,0.52702934,0.8498349,0.004546877
1356269314703,0.46034998,-0.29649216,0.83676183,0.7147791,-0.43519568,-0.5474446,0.52646816,0.8501159,0.011584103
1356269314742,0.423598,-0.2747895,0.863166,0.7418212,-0.44163114,-0.5046417,0.51987123,0.85408,0.016770601
1356269314781,0.40042472,-0.25648016,0.8797034,0.7614756,-0.44089103,-0.47515267,0.50972056,0.8601355,0.018759698
1356269314822,0.39422238,-0.24389723,0.88606036,0.7721772,-0.43489134,-0.46326232,0.49832836,0.8668239,0.016887933
1356269314862,0.40698665,-0.238195,0.88183045,0.7731022,-0.42434537,-0.47142762,0.48649237,0.87360984,0.011446178
1356269314902,0.43732095,-0.23904386,0.8669536,0.7646748,-0.40853155,-0.49837184,0.47331062,0.88088596,0.0041314065
1356269314941,0.47933236,-0.2485684,0.8416972,0.74774355,-0.3864378,-0.53994936,0.45947802,0.8881889,6.332919E-4
1356269314981,0.5206797,-0.27338427,0.80879766,0.7252346,-0.35822672,-0.58796966,0.45047456,0.892712,0.011746347
1356269315021,0.54758835,-0.32041207,0.7729703,0.7028457,-0.32513836,-0.6326871,0.4540429,0.88973093,0.047158267
1356269315060,0.5538627,-0.3863957,0.7375191,0.68612146,-0.2899867,-0.66719186,0.4716708,0.8755604,0.104501605
1356269315101,0.54699445,-0.45454317,0.7029848,0.67539805,-0.2565281,-0.6913978,0.49460545,0.85298526,0.16667807
1356269315141,0.5421276,-0.5067492,0.67030066,0.6659886,-0.22730818,-0.7104858,0.51240295,0.8315866,0.21425918
1356269315181,0.5500844,-0.5353653,0.64092994,0.65209836,-0.20409203,-0.7301467,0.52170384,0.8195917,0.23684293
1356269315221,0.57144517,-0.54282403,0.61546123,0.63082004,-0.18914068,-0.7525237,0.52489674,0.81827134,0.23434073
1356269315261,0.6000707,-0.53562415,0.59415644,0.60363877,-0.18418759,-0.7756901,0.52491456,0.8241248,0.21279794
1356269315301,0.6296902,-0.51934576,0.5777286,0.5744169,-0.18940803,-0.7963478,0.5230063,0.83330935,0.17905262
1356269315340,0.654866,-0.49856195,0.5679671,0.5485637,-0.20335796,-0.81100154,0.51983505,0.8426634,0.14032075
1356269315381,0.67319465,-0.47576892,0.5660856,0.5294218,-0.22435582,-0.8181546,0.51625717,0.8504753,0.10084736
1356269315421,0.68252254,-0.45245975,0.5739714,0.52025676,-0.25079903,-0.81635326,0.51331854,0.855792,0.064219296
1356269315461,0.6815344,-0.4295163,0.59247494,0.522838,-0.28066817,-0.80490094,0.512007,0.85833615,0.03328246
1356269315500,0.6685414,-0.40793988,0.62180185,0.53801274,-0.3119288,-0.7830983,0.51341486,0.8580709,0.010939479
1356269315540,0.641742,-0.38849097,0.66124266,0.5653257,-0.34299994,-0.7501718,0.5182412,0.85523427,-4.934976E-4
1356269315581,0.60165644,-0.37031484,0.7077263,0.6015526,-0.3728451,-0.7064851,0.52549416,0.8507959,-0.0015608678
1356269315621,0.5529597,-0.3507489,0.7557849,0.64128375,-0.3999752,-0.65480924,0.5319688,0.84675574,0.0037593246
1356269315686,0.5031775,-0.32794777,0.7995391,0.67933047,-0.42176345,-0.6005212,0.53415596,0.84532,0.01056302
1356269315702,0.4597812,-0.30305827,0.83471966,0.712118,-0.4357566,-0.55045795,0.5305555,0.84750915,0.015460581
1356269315742,0.42865622,-0.2791744,0.8592529,0.73740596,-0.4413905,-0.5112797,0.5220022,0.8527814,0.016660068
1356269315782,0.41372925,-0.25999647,0.872485,0.75352067,-0.44003254,-0.48844457,0.5109156,0.85951924,0.013858341
1356269315822,0.41714776,-0.24749601,0.8744904,0.7597507,-0.4330898,-0.48498675,0.4987651,0.8667058,0.0073727965
1356269315862,0.4397397,-0.24266604,0.8647209,0.75555015,-0.42058146,-0.5022502,0.48556465,0.8741993,-0.0016000196
1356269315901,0.47847122,-0.24521822,0.8431686,0.741524,-0.40147328,-0.5375514,0.47032702,0.8824326,-0.010258257
1356269315941,0.5250176,-0.25771472,0.8111348,0.7193694,-0.37493813,-0.58474714,0.45482326,0.8905081,-0.011457086
1356269315980,0.56532407,-0.28688347,0.7733735,0.69385296,-0.34162802,-0.633923,0.44606805,0.8949794,0.0059244074
1356269316020,0.5860945,-0.33813685,0.7363129,0.67245,-0.30395964,-0.6748478,0.45200032,0.8906582,0.049231052
1356269316061,0.58425987,-0.40594852,0.7027419,0.6599554,-0.2663078,-0.70252347,0.47233397,0.87423456,0.11231491
1356269316100,0.5710883,-0.47283795,0.671031,0.653937,-0.23207936,-0.7200735,0.49621046,0.8500375,0.17666832
1356269316140,0.5635127,-0.5226815,0.63973236,0.64751875,-0.20142993,-0.73494583,0.5130038,0.82839006,0.22493774
1356269316181,0.5732009,-0.54934865,0.60799414,0.63318473,-0.17401993,-0.7541844,0.5201133,0.81727177,0.2480908
1356269316221,0.59939754,-0.5559055,0.5759268,0.6076873,-0.1522814,-0.7794399,0.5209979,0.8171778,0.2465396
1356269316260,0.634163,-0.5490229,0.5444365,0.57303095,-0.139016,-0.8076572,0.51910764,0.8241653,0.2264483
1356269316300,0.6697637,-0.53467673,0.5153033,0.53423864,-0.13502842,-0.83447975,0.5157574,0.83419913,0.19520777
1356269316340,0.7018898,-0.5161046,0.49090412,0.49637917,-0.13986647,-0.8567644,0.510841,0.8450287,0.15801266
1356269316381,0.7271875,-0.49649835,0.4740125,0.46432513,-0.1528081,-0.87238294,0.5055696,0.8544819,0.119416475
1356269316420,0.74401724,-0.47754398,0.46732235,0.4417586,-0.17315927,-0.8802643,0.5012861,0.86137545,0.082125664
1356269316460,0.75153,-0.4599544,0.4729108,0.4312856,-0.19988926,-0.87979376,0.49919477,0.86515105,0.0481489
1356269316500,0.74848837,-0.44417593,0.4924154,0.4354379,-0.2308507,-0.870116,0.500159,0.86568797,0.020621955
1356269316540,0.7327224,-0.43076643,0.5268378,0.45619133,-0.26355103,-0.849959,0.5049825,0.86312294,0.0034021735
1356269316581,0.70252395,-0.4195186,0.5748602,0.49237388,-0.2967082,-0.81824946,0.5138366,0.85788596,-0.0018846096
1356269316621,0.6602913,-0.4071285,0.63107985,0.5381368,-0.32965526,-0.77571654,0.52385515,0.85180616,0.0014223456
1356269316687,0.6140926,-0.39110622,0.68551165,0.58419955,-0.35875338,-0.7280158,0.53066105,0.84754467,0.008176268
1356269316702,0.5738225,-0.37239924,0.72941524,0.6232722,-0.3791952,-0.68391716,0.53128105,0.8470713,0.01451537
1356269316742,0.5481005,-0.3549377,0.75736725,0.6507375,-0.38792095,-0.65273136,0.5254775,0.8506096,0.018351557
1356269316782,0.54232764,-0.34344476,0.76676357,0.6633274,-0.3850758,-0.64164895,0.5156331,0.8565993,0.018979073
1356269316822,0.5580729,-0.34004053,0.7569194,0.6591618,-0.3724225,-0.6533048,0.50404394,0.8635241,0.016302854
1356269316862,0.59435153,-0.34442282,0.726718,0.6364936,-0.35086903,-0.68685275,0.49155062,0.8707834,0.010683417
1356269316920,0.64569414,-0.35291734,0.67714727,0.59641844,-0.32066384,-0.7358395,0.47682714,0.8789904,0.0034356425
1356269316940,0.70241797,-0.36325556,0.6120902,0.5433816,-0.28176424,-0.7907878,0.4597232,0.8880621,-5.298862E-4
1356269316981,0.7510616,-0.37869504,0.5408294,0.48775443,-0.23382628,-0.84108305,0.44497418,0.8954972,0.009092271
1356269317018,0.78172857,-0.40714207,0.47237247,0.44068328,-0.1753007,-0.8803794,0.44124675,0.8963844,0.042383134
1356269317061,0.79250145,-0.4514176,0.41007772,0.4082161,-0.10692021,-0.90660244,0.45310178,0.885884,0.099541456
1356269317101,0.792083,-0.50061256,0.34927288,0.38464308,-0.034959406,-0.9224031,0.473977,0.8649652,0.16486642
1356269317141,0.7920853,-0.53834575,0.2877234,0.3601449,0.031584233,-0.9323616,0.4928454,0.842132,0.21889988
1356269317181,0.7985722,-0.55648166,0.2293698,0.32882962,0.08417526,-0.9406304,0.5041363,0.8265849,0.2502077
1356269317221,0.8095817,-0.5584275,0.18093131,0.2920851,0.11586088,-0.94934845,0.5091795,0.82142246,0.25690722
1356269317261,0.8204564,-0.55228364,0.14776343,0.25617215,0.12407927,-0.9586345,0.5111038,0.8243706,0.24328133
1356269317301,0.82850504,-0.54397345,0.1329371,0.2280411,0.11092734,-0.967312,0.51144564,0.831738,0.21595216
1356269317341,0.83288777,-0.5359087,0.13820206,0.21309285,0.08006732,-0.97374564,0.5107733,0.84047073,0.1808854
1356269317380,0.8327923,-0.5285439,0.16461578,0.21505255,0.034874186,-0.9759795,0.5101073,0.8481892,0.1427077
1356269317421,0.8268172,-0.520856,0.21232596,0.2354386,-0.022344157,-0.97163236,0.5108248,0.85335207,0.10415506
1356269317461,0.81233525,-0.51024413,0.28242224,0.27622038,-0.08988106,-0.95688224,0.513628,0.85532,0.06792629
1356269317501,0.78591204,-0.4931416,0.37303305,0.33686286,-0.16443259,-0.9270843,0.5185226,0.8542677,0.03689152
1356269317541,0.74248904,-0.46691677,0.48031107,0.41565582,-0.24115276,-0.87696946,0.52530015,0.8507843,0.01502341
1356269317581,0.6773329,-0.43085566,0.5963083,0.5066395,-0.31452763,-0.80273837,0.5334198,0.84583443,0.0052485466
1356269317621,0.59106374,-0.38568902,0.7084403,0.5982645,-0.37948486,-0.70574135,0.541039,0.84097284,0.0064443043
1356269317686,0.4924148,-0.3333781,0.8039818,0.67855644,-0.43143663,-0.5944945,0.5450586,0.8382849,0.013770044
1356269317702,0.39635736,-0.2799455,0.87437487,0.7400638,-0.466196,-0.48473394,0.5433291,0.839221,0.022397254
1356269317742,0.31698072,-0.2329309,0.91938365,0.78253376,-0.48347658,-0.39228967,0.53587687,0.8437971,0.029023588
1356269317782,0.2629602,-0.19757733,0.94435966,0.809651,-0.48713058,-0.3273668,0.5247067,0.8506862,0.031872712
1356269317822,0.23680305,-0.17528602,0.95561457,0.8256502,-0.4821149,-0.29303083,0.5120802,0.8583939,0.030558601
1356269317862,0.23676229,-0.16434014,0.95756775,0.8336953,-0.47173023,-0.2870939,0.49889463,0.8662927,0.025321618
1356269317902,0.25902683,-0.16229606,0.9521371,0.83565044,-0.4566769,-0.3051795,0.48434845,0.8747035,0.017331228
1356269317942,0.29751265,-0.16943493,0.9395627,0.8319415,-0.4367754,-0.3421998,0.4683584,0.88346994,0.011013716
1356269317981,0.34372884,-0.19198638,0.91923434,0.82158095,-0.41261303,-0.39338958,0.45481342,0.89044476,0.01590532
1356269318020,0.3882007,-0.2382156,0.89025474,0.80423987,-0.38412875,-0.45347917,0.44999826,0.8920193,0.042463444
1356269318060,0.42285597,-0.30615997,0.852912,0.78327894,-0.34982234,-0.513905,0.45570487,0.8853758,0.091884196
1356269318101,0.44404286,-0.37815225,0.8122972,0.76511407,-0.31176293,-0.5633865,0.46629,0.8716678,0.15089351
1356269318141,0.45343626,-0.43401498,0.7784772,0.75423247,-0.27853447,-0.5946025,0.47489905,0.856767,0.20105046
1356269318181,0.45490164,-0.46445367,0.7598337,0.75037944,-0.25957406,-0.60790795,0.4795781,0.8467019,0.23043579
1356269318221,0.4508893,-0.4711313,0.7581122,0.75084126,-0.2590583,-0.60755754,0.48263463,0.84316313,0.23693824
1356269318261,0.44213223,-0.45973188,0.7701725,0.75372297,-0.27504432,-0.59686875,0.48623118,0.8443917,0.22490454
1356269318300,0.4290555,-0.43515158,0.791552,0.7586292,-0.30206466,-0.57726836,0.49029905,0.8481746,0.20051613
1356269318340,0.41211128,-0.4007913,0.81824845,0.7656038,-0.33456284,-0.549471,0.4939788,0.8528973,0.16897029
1356269318381,0.39121717,-0.3596598,0.84710914,0.77447927,-0.36855108,-0.51415163,0.4971227,0.85721344,0.13436556
1356269318420,0.36575264,-0.31462264,0.87592095,0.78492546,-0.40144122,-0.4719502,0.500117,0.86014974,0.10012717
1356269318460,0.3351248,-0.2681741,0.90320206,0.7964147,-0.43156862,-0.4236415,0.5034033,0.86129624,0.06894848
1356269318500,0.29789478,-0.22328961,0.92811656,0.8085625,-0.4577968,-0.36966032,0.5074301,0.86056024,0.044168316
1356269318540,0.25317812,-0.18354332,0.9498488,0.82042575,-0.47954702,-0.31134585,0.5126426,0.8581064,0.029172875
1356269318581,0.20257205,-0.15078804,0.9675885,0.8305545,-0.49700105,-0.25133505,0.5187908,0.85454845,0.024559096
1356269318620,0.15020227,-0.12323877,0.98094416,0.8383683,-0.51000357,-0.1924442,0.5240017,0.8512981,0.02671586
1356269318687,0.10209066,-0.09881997,0.9898546,0.8443794,-0.5174675,-0.13874698,0.5259286,0.8499776,0.03061299
1356269318702,0.063871086,-0.077671885,0.9949309,0.84962964,-0.51874536,-0.09504047,0.52349776,0.8513931,0.032859474
1356269318742,0.039714992,-0.06132564,0.99732745,0.854967,-0.5145068,-0.06568301,0.5171597,0.8552906,0.03199771
1356269318782,0.032494426,-0.051534176,0.9981425,0.8605201,-0.5065285,-0.054166257,0.508379,0.8606818,0.027886868
1356269318822,0.043593824,-0.04900825,0.9978466,0.86589336,-0.49634576,-0.062206656,0.49832556,0.8667406,0.020798266
1356269318862,0.073586166,-0.053866893,0.99583304,0.8705145,-0.48375148,-0.09049311,0.48661032,0.8735461,0.011294514
1356269318903,0.12125468,-0.066675216,0.9903795,0.87341976,-0.46689618,-0.13836771,0.47163016,0.88179487,0.0016221851
1356269318942,0.1819514,-0.09121284,0.9790678,0.87218237,-0.44482994,-0.20352933,0.45408317,0.8909582,-0.0013831854
1356269318982,0.24617094,-0.13483709,0.95980144,0.86369663,-0.41883796,-0.28036204,0.43980452,0.8979943,0.013352618
1356269319022,0.30160272,-0.2028577,0.9316032,0.8476063,-0.39036715,-0.35941195,0.43657672,0.8980324,0.054207668
1356269319060,0.34209806,-0.28604895,0.89506704,0.8275966,-0.35940897,-0.43117192,0.44503134,0.8882575,0.11377996
1356269319101,0.3684278,-0.36472362,0.85512435,0.80918866,-0.327034,-0.4881215,0.45768416,0.87179446,0.17464176
1356269319140,0.3883797,-0.42065614,0.81988394,0.7950743,-0.2968222,-0.52891725,0.46585202,0.8572894,0.21917316
1356269319181,0.40781724,-0.4480304,0.79558396,0.78391665,-0.27494264,-0.55666965,0.46814492,0.850691,0.23909223
1356269319221,0.42672122,-0.45088547,0.7839715,0.77378887,-0.26669645,-0.5745639,0.46814495,0.85180706,0.23508516
1356269319261,0.44117934,-0.43640995,0.78416014,0.7653161,-0.27337128,-0.58271724,0.46867046,0.8572132,0.21338582
1356269319301,0.44714552,-0.41017926,0.7948672,0.76089954,-0.2927205,-0.5790913,0.47020513,0.8637521,0.18121648
1356269319341,0.44142634,-0.3757034,0.8148557,0.7625882,-0.3214903,-0.5613405,0.47286573,0.8691898,0.1445927
1356269319380,0.4216823,-0.33516964,0.84252316,0.7708895,-0.35669506,-0.5277289,0.47740263,0.8720263,0.10796684
1356269319420,0.3871343,-0.28940785,0.87542576,0.7846029,-0.39528567,-0.47764814,0.48427826,0.8717755,0.074041516
1356269319460,0.33902913,-0.2387627,0.9099735,0.8012439,-0.43361533,-0.4122936,0.49301875,0.8688902,0.044298917
1356269319500,0.2788396,-0.18497413,0.9423551,0.8182648,-0.46788085,-0.33396176,0.50268406,0.86421776,0.020894058
1356269319540,0.20842797,-0.1321029,0.96907514,0.8327127,-0.49572247,-0.24667543,0.51297885,0.85837525,0.006681338
1356269319580,0.13213563,-0.08412629,0.9876553,0.8416246,-0.5168532,-0.15662304,0.523649,0.8519305,0.0025080591
1356269319620,0.057548583,-0.042812556,0.9974243,0.84437585,-0.53095746,-0.07150844,0.53265136,0.8463162,0.0055940747
1356269319686,-0.0072212815,-0.009198487,0.99993163,0.8436604,-0.5368759,0.0011539459,0.5368286,0.84361106,0.01163733
1356269319707,-0.056489706,0.015002102,0.9982905,0.8435943,-0.53407806,0.055761993,0.5340015,0.8453021,0.01751417
1356269319740,-0.08640957,0.0285891,0.9958494,0.84639466,-0.5251483,0.08851752,0.5254992,0.8505304,0.021180153
1356269319781,-0.0955199,0.031959593,0.9949143,0.8529609,-0.51262397,0.09835824,0.51316047,0.85801816,0.021705538
1356269319820,-0.08149868,0.0251607,0.99635583,0.8624848,-0.4992047,0.08315477,0.49947768,0.8661188,0.018983811
1356269319861,-0.04400146,0.009355366,0.9989877,0.87353545,-0.4848562,0.043016374,0.48476776,0.8745439,0.0131620765
1356269319898,0.016748846,-0.01559028,0.99973816,0.88366544,-0.46759713,-0.022096097,0.46781927,0.88380414,0.0059449375
1356269319941,0.094895065,-0.051276624,0.9941658,0.8884714,-0.4460882,-0.10781449,0.44901392,0.893519,0.0032262057
1356269319981,0.17899865,-0.10327211,0.97841424,0.88298213,-0.4217621,-0.2060568,0.43393797,0.90080607,0.015692547
1356269320020,0.25281847,-0.17515218,0.9515275,0.8665217,-0.39648527,-0.30321556,0.43037543,0.9011777,0.051534325
1356269320060,0.30589718,-0.25974324,0.9159478,0.8443254,-0.37054336,-0.38705575,0.43993354,0.89175725,0.10595969
1356269320101,0.33775163,-0.3402014,0.87760293,0.8235179,-0.34469706,-0.4505579,0.4557875,0.8748984,0.16373986
1356269320140,0.35672277,-0.3995272,0.84446836,0.80819,-0.3214292,-0.49346954,0.4685913,0.8585227,0.20823276
1356269320181,0.37100303,-0.43110228,0.8225008,0.79766583,-0.3055672,-0.51995945,0.47548497,0.84898734,0.23050919
1356269320221,0.38311177,-0.4374582,0.8135451,0.7899351,-0.30134785,-0.5340337,0.47877753,0.8472424,0.23011369
1356269320260,0.39201653,-0.42495984,0.8159241,0.7843297,-0.30912298,-0.53783804,0.48078054,0.850795,0.21212736
1356269320300,0.39530903,-0.3992021,0.8272656,0.78196704,-0.32627088,-0.53110707,0.4819318,0.85684586,0.1831851
1356269320341,0.3911779,-0.36410296,0.8452271,0.78376245,-0.3495894,-0.51332605,0.482386,0.8632591,0.14861861
1356269320380,0.37809044,-0.32266656,0.8677176,0.7896482,-0.3768348,-0.48420173,0.4832219,0.86826366,0.11231541
1356269320421,0.35511917,-0.277229,0.89276785,0.79869896,-0.40628266,-0.44386306,0.48576778,0.8706771,0.077143736
1356269320461,0.3218422,-0.22992098,0.9184519,0.80966413,-0.43600315,-0.39286792,0.49077654,0.87007904,0.04583458
1356269320500,0.27777112,-0.18360883,0.9429375,0.82126755,-0.46382415,-0.33224535,0.49836028,0.86669207,0.021954902
1356269320540,0.2232287,-0.1419388,0.9643767,0.831696,-0.4882481,-0.26437777,0.50838053,0.8610849,0.009058952
1356269320580,0.16114604,-0.10618043,0.9812021,0.83924997,-0.5083982,-0.19284892,0.5193182,0.8545507,0.0071855932
1356269320621,0.099350214,-0.07666206,0.992095,0.8432567,-0.52281165,-0.12484449,0.5282496,0.8489941,0.0127043575
1356269320684,0.04562813,-0.052479446,0.99757904,0.84564126,-0.52958804,-0.06653863,0.5317978,0.84663004,0.020214677
1356269320702,0.0060394406,-0.034749478,0.99937785,0.848925,-0.5279912,-0.023489058,0.52847886,0.8485387,0.026310861
1356269320742,-0.015827656,-0.02472496,0.999569,0.8545616,-0.5193496,6.85066E-4,0.51910883,0.8542042,0.029349104
1356269320782,-0.017356813,-0.023266137,0.99957865,0.862211,-0.5065395,0.0031813085,0.506252,0.86190283,0.02885212
1356269320821,0.0026863813,-0.030253768,0.99953866,0.87054044,-0.49179524,-0.017225206,0.49208954,0.8701851,0.025016025
1356269320862,0.044837415,-0.045015246,0.9979795,0.87798333,-0.47480607,-0.06086296,0.47658655,0.87893844,0.018233612
1356269320902,0.10891408,-0.06825614,0.99170506,0.8819044,-0.4536956,-0.1280818,0.45867458,0.88853896,0.0107815415
1356269320942,0.18759257,-0.10190266,0.9769467,0.87836766,-0.42776287,-0.21328229,0.4396355,0.89812857,0.00926283
1356269320980,0.26626134,-0.15140763,0.95193523,0.86470306,-0.3988492,-0.30529994,0.42590338,0.9044308,0.024724513
1356269321020,0.32781458,-0.22015056,0.91873354,0.8437773,-0.36919016,-0.3895361,0.42494398,0.9029021,0.064732134
1356269321061,0.36484706,-0.3006421,0.8811929,0.8222878,-0.33988786,-0.45641977,0.43672574,0.89111763,0.12320721
1356269321101,0.38504905,-0.37530655,0.84313834,0.80440146,-0.31136316,-0.50595564,0.45241073,0.8730394,0.18200707
1356269321141,0.401111,-0.43001068,0.8088267,0.7897433,-0.28504384,-0.54319006,0.4641286,0.85664505,0.22526386
1356269321181,0.42090207,-0.46085674,0.7813146,0.77546805,-0.26406878,-0.5735129,0.47062802,0.8472773,0.24623254
1356269321221,0.44455785,-0.47137445,0.76169175,0.7598221,-0.25189167,-0.5993502,0.47438234,0.8451961,0.24618042
1356269321261,0.46776927,-0.46723497,0.75025547,0.7439852,-0.25011122,-0.6196211,0.477156,0.8480187,0.2306216
1356269321301,0.48603383,-0.45286083,0.7474544,0.7306366,-0.2587208,-0.63184935,0.47952184,0.8532178,0.20512968
1356269321341,0.49416447,-0.43167028,0.7546272,0.7233727,-0.27730435,-0.63232434,0.48221707,0.85834897,0.1752246
1356269321380,0.4901949,-0.40535134,0.7716212,0.7233061,-0.30479696,-0.61961854,0.486351,0.86185217,0.14378318
1356269321421,0.47260115,-0.3735844,0.7981747,0.7309828,-0.33972093,-0.5918225,0.4922523,0.863148,0.112531245
1356269321460,0.44194818,-0.3356563,0.83187544,0.7452936,-0.37869477,-0.5487509,0.4992186,0.8625109,0.08279905
1356269321500,0.39918375,-0.29253027,0.8689525,0.76410496,-0.4176697,-0.49162564,0.50675046,0.86021984,0.05679682
1356269321540,0.3436246,-0.2467174,0.9061196,0.78533906,-0.45357633,-0.4213208,0.5149416,0.85638726,0.037896775
1356269321580,0.2793826,-0.20190063,0.9387127,0.805017,-0.4836126,-0.34360823,0.523348,0.8516778,0.027420461
1356269321620,0.21490276,-0.1604017,0.9633733,0.82076293,-0.5049472,-0.26716396,0.5293062,0.8481153,0.023137227
1356269321681,0.1598444,-0.12458867,0.97924834,0.83316123,-0.515006,-0.20152193,0.52942616,0.8480839,0.021481678
1356269321702,0.121258855,-0.09740582,0.98783016,0.84403837,-0.51361954,-0.1542539,0.52239406,0.8524712,0.019933328
1356269321742,0.10359681,-0.08095035,0.99131966,0.8542205,-0.5033004,-0.1303685,0.509485,0.8603114,0.017009139
