1356269625831,0.93881184,0.24150671,0.24557441,0.22074924,0.12540495,-0.9672349,-0.26439,0.962262,0.06441924
1356269625872,-0.03163582,0.05815062,-0.99780643,-0.9638939,-0.26586002,0.015066713,-0.26440072,0.9622562,0.06446171
1356269625911,-0.03186494,0.058310777,-0.99778974,-0.9638535,-0.26599687,0.015236348,-0.2645205,0.9622086,0.064679
1356269625950,-0.032405436,0.058671445,-0.99775124,-0.96370864,-0.2664984,0.015628666,-0.2649821,0.96204793,0.065178156
1356269625992,-0.033430457,0.059268504,-0.99768215,-0.96334314,-0.26777232,0.016372502,-0.2661813,0.9616575,0.06604767
1356269626031,-0.035307348,0.060205728,-0.99756134,-0.96262693,-0.27024794,0.017760664,-0.26851964,0.9609065,0.06749746
1356269626070,-0.038457036,0.061681867,-0.9973547,-0.96153617,-0.27393937,0.020134032,-0.27197284,0.9597669,0.069844246
1356269626112,-0.043477654,0.06423423,-0.99698734,-0.9601058,-0.27861243,0.023918748,-0.27623656,0.9582532,0.07378501
1356269626151,-0.05097246,0.06851581,-0.99634707,-0.9585607,-0.2833516,0.029554069,-0.28029156,0.9565655,0.08011964
1356269626190,-0.060587108,0.07466516,-0.99536645,-0.95727825,-0.28682297,0.036753327,-0.28274977,0.9550694,0.08885312
1356269626230,-0.07211375,0.08289218,-0.99394584,-0.95650625,-0.2881627,0.045365453,-0.2826577,0.95398694,0.10006741
1356269626272,-0.08465505,0.09289107,-0.9920709,-0.9562346,-0.28744614,0.054682463,-0.28008744,0.95328164,0.11315942
1356269626310,-0.097191215,0.10394716,-0.9898226,-0.9563434,-0.2851609,0.06395742,-0.27561057,0.9528264,0.12712431
1356269626350,-0.10879308,0.1150668,-0.9873823,-0.95687675,-0.28126228,0.07265431,-0.26935324,0.95270735,0.14070407
1356269626392,-0.11948073,0.12555161,-0.984866,-0.9579872,-0.2750908,0.0811511,-0.260739,0.95318496,0.15314496
1356269626430,-0.13023925,0.13518569,-0.9822233,-0.9596423,-0.26622832,0.09060347,-0.24924734,0.95438313,0.16440332
1356269626489,-0.14218777,0.14403415,-0.9793043,-0.96166897,-0.25445527,0.102202475,-0.23446849,0.9562984,0.17469358
1356269626510,-0.15583056,0.15221044,-0.97598606,-0.9638761,-0.23949915,0.116545826,-0.21600837,0.95889115,0.18403327
1356269626551,-0.17123377,0.16015458,-0.97212625,-0.9661006,-0.22078872,0.13379821,-0.19320607,0.9620825,0.19253191
1356269626588,-0.18825161,0.16870883,-0.9675219,-0.968084,-0.1978364,0.15386385,-0.16545287,0.9656076,0.2005674
1356269626631,-0.20669997,0.17913434,-0.9618659,-0.9694954,-0.16986495,0.17670453,-0.13173342,0.96904945,0.20878094
1356269626671,-0.22620124,0.19268948,-0.9548318,-0.96974045,-0.13697737,0.2020905,-0.091849625,0.97165215,0.21784326
1356269626710,-0.24505937,0.20962706,-0.946574,-0.9683062,-0.10152143,0.22820285,-0.048260063,0.97249675,0.22786194
1356269626760,-0.26206583,0.23005134,-0.9372288,-0.9650474,-0.06470585,0.25396177,-0.0022199452,0.971025,0.23896772
1356269626792,-0.27399856,0.2519132,-0.92815113,-0.96078,-0.02881211,0.2758108,0.04273835,0.9673208,0.24992767
1356269626832,-0.2773348,0.2709392,-0.9217795,-0.95728934,0.0037059188,0.28910786,0.08174673,0.9625893,0.25833935
1356269626862,-0.271051,0.28371215,-0.91980374,-0.9562179,0.030191898,0.29109427,0.11035767,0.9584341,0.263107
1356269626902,-0.25663298,0.28604335,-0.9232111,-0.9586393,0.04631287,0.2808306,0.123086214,0.9570968,0.26232696
1356269626942,-0.23405993,0.2774265,-0.93179953,-0.9648833,0.051253557,0.2576301,0.11923143,0.9593787,0.25568783
1356269626972,-0.21069115,0.2630858,-0.9414855,-0.97161865,0.049598515,0.23129421,0.10754648,0.9634966,0.24516916
1356269627002,-0.1879713,0.24258515,-0.9517454,-0.9780905,0.042042613,0.2038905,0.08947468,0.9692187,0.22936743
1356269627042,-0.16243368,0.20957312,-0.9642065,-0.9848484,0.02571392,0.17150012,0.060735285,0.9774548,0.202221
1356269627072,-0.14359844,0.17508936,-0.9740242,-0.9891672,0.0048955083,0.14671102,0.030455858,0.98454034,0.1724897
1356269627112,-0.12493551,0.13384056,-0.9830961,-0.99214876,-0.0225209,0.123019874,-0.0056750774,0.99074703,0.13560331
1356269627142,-0.11431432,0.09489542,-0.98890203,-0.99265665,-0.050551593,0.109897405,-0.039561808,0.994203,0.099977285
1356269627182,-0.10586077,0.056025535,-0.9928014,-0.9918004,-0.07783121,0.1013619,-0.07159212,0.99539113,0.06380549
1356269627212,-0.104717195,0.021516472,-0.9942692,-0.9896667,-0.10072273,0.10205275,-0.09794968,0.9946818,0.031841546
1356269627252,-0.106572926,-0.008716166,-0.9942666,-0.9874498,-0.11628991,0.10686171,-0.11655459,0.99317706,0.0037865639
1356269627292,-0.115870655,-0.03324181,-0.9927079,-0.98526603,-0.12273288,0.11911178,-0.12579733,0.9918829,-0.018530905
1356269627332,-0.13338965,-0.04986161,-0.98980856,-0.9830665,-0.119963825,0.13852423,-0.12564823,0.99152535,-0.03301537
1356269627372,-0.16046971,-0.056636333,-0.98541456,-0.9799973,-0.10991365,0.16590476,-0.117706716,0.99232626,-0.03786564
1356269627410,-0.1973257,-0.053448737,-0.9788799,-0.97478336,-0.09544593,0.20171142,-0.10421133,0.99399865,-0.03326696
1356269627450,-0.24145597,-0.043664098,-0.96942896,-0.9663136,-0.080895305,0.24432364,-0.08909041,0.9957658,-0.022660553
1356269627490,-0.2875927,-0.032580823,-0.9571985,-0.9545901,-0.07140297,0.28923938,-0.0777705,0.9969152,-0.010566354
1356269627530,-0.32981443,-0.024425149,-0.94372964,-0.94111764,-0.07016587,0.33071762,-0.07429552,0.9972362,1.5485287E-4
1356269627570,-0.36313444,-0.02075702,-0.93150556,-0.92837596,-0.07677752,0.36362526,-0.079066515,0.99683213,0.008610249
1356269627610,-0.384229,-0.021028489,-0.9229983,-0.91890836,-0.087996006,0.38453114,-0.089306235,0.99589884,0.014487326
1356269627650,-0.39161742,-0.023485452,-0.9198284,-0.9145297,-0.10017383,0.3919192,-0.10134712,0.99469274,0.017751694
1356269627690,-0.3854428,-0.026219636,-0.9223592,-0.91580415,-0.111388445,0.3858699,-0.11285749,0.9934311,0.018921793
1356269627760,-0.3676777,-0.027274251,-0.9295533,-0.9217677,-0.12164307,0.36816737,-0.12311521,0.99219906,0.019584894
1356269627773,-0.3438865,-0.022161722,-0.9387497,-0.9299503,-0.13050842,0.34374407,-0.1301327,0.9911995,0.024270773
1356269627812,-0.32209742,-0.0031921268,-0.94670117,-0.937935,-0.13473451,0.3195692,-0.12857345,0.99087656,0.040403605
1356269627852,-0.31370807,0.040115416,-0.9486717,-0.9431303,-0.1288727,0.30642623,-0.10996547,0.99084944,0.07826251
1356269627891,-0.3197372,0.108989805,-0.94121695,-0.94476664,-0.11215752,0.30795556,-0.0720005,0.9876953,0.13883084
1356269627922,-0.3279338,0.18061697,-0.927274,-0.94422615,-0.09377605,0.31566298,-0.029941916,0.9790728,0.20129555
1356269627952,-0.3357393,0.24486127,-0.90957236,-0.94191563,-0.07845533,0.32655722,0.008600384,0.9663786,0.2569793
1356269627990,-0.3417555,0.29389247,-0.8926535,-0.93910766,-0.07063919,0.3362838,0.035774946,0.95322466,0.30013803
1356269628030,-0.34833866,0.3197279,-0.881155,-0.9361948,-0.07163525,0.34410414,0.046897948,0.9447975,0.324281
1356269628070,-0.3572486,0.3218192,-0.8768158,-0.93290913,-0.07739425,0.351697,0.04532239,0.9436327,0.32787699
1356269628110,-0.37172538,0.3036248,-0.8772869,-0.92762643,-0.084365845,0.36385667,0.036462903,0.94904923,0.31301123
1356269628150,-0.3952518,0.27014735,-0.8779502,-0.91826046,-0.09127569,0.38531363,0.023955971,0.95848274,0.28414243
1356269628190,-0.43080717,0.22636634,-0.8735923,-0.9023909,-0.09755117,0.4197315,0.009793103,0.96914506,0.24629664
1356269628231,-0.47959787,0.17670733,-0.85951173,-0.8774789,-0.10114646,0.46882856,-0.004091114,0.97905254,0.20356649
1356269628270,-0.54165804,0.12572464,-0.83114386,-0.8404591,-0.09904134,0.5327471,-0.015338093,0.987109,0.15931284
1356269628310,-0.6145644,0.0776771,-0.78503305,-0.78854287,-0.088997245,0.6085061,-0.022598803,0.99299836,0.11594629
1356269628350,-0.6927579,0.035812706,-0.7202805,-0.72068334,-0.071074486,0.68961143,-0.026496679,0.99682796,0.07504696
1356269628390,-0.76953477,0.002644658,-0.6385994,-0.63794947,-0.048476696,0.7685509,-0.028924674,0.9988208,0.03899175
1356269628430,-0.83857363,-0.019462973,-0.5444404,-0.5439191,-0.026514053,0.83871865,-0.030759275,0.9994589,0.011647761
1356269628470,-0.8957055,-0.029354751,-0.4436776,-0.44357216,-0.010367453,0.89617866,-0.03090693,0.99951524,-0.0037347078
1356269628511,-0.93836933,-0.029680654,-0.34435743,-0.34442967,-0.0028058887,0.93880796,-0.028830662,0.99955547,-0.0075899363
1356269628550,-0.9666709,-0.026906304,-0.25460443,-0.25462726,-0.002631545,0.96703565,-0.026689358,0.9996345,-0.004307151
1356269628590,-0.9832232,-0.026460066,-0.18047732,-0.18036294,-0.0066673756,0.98357755,-0.02722884,0.99962765,0.0017831326
1356269628630,-0.9918938,-0.030462567,-0.123364195,-0.1230614,-0.01162982,0.9923309,-0.031663638,0.9994682,0.007786691
1356269628670,-0.9957876,-0.038384207,-0.08326865,-0.08273176,-0.0153723955,0.9964533,-0.0395281,0.9991448,0.012132049
1356269628710,-0.99702173,-0.048348516,-0.060085442,-0.059321687,-0.017081022,0.99809283,-0.04928262,0.99868447,0.014162004
1356269628760,-0.99677813,-0.058750354,-0.05460436,-0.05368852,-0.017057002,0.998412,-0.059588447,0.998127,0.0138478875
1356269628792,-0.99517065,-0.0693991,-0.069419146,-0.068416744,-0.016720891,0.9975167,-0.07038751,0.99744886,0.01189214
1356269628832,-0.99101204,-0.08023533,-0.10703913,-0.10579139,-0.019656181,0.99419403,-0.081873484,0.99658215,0.0109913945
1356269628872,-0.98247766,-0.08599779,-0.16535404,-0.16309884,-0.032669067,0.98606867,-0.090201706,0.99575955,0.01807046
1356269628912,-0.9703737,-0.07503084,-0.22966301,-0.22529498,-0.062364936,0.9722925,-0.08727485,0.99522907,0.043613255
1356269628952,-0.9596052,-0.03881775,-0.2786594,-0.2732193,-0.10781777,0.9558905,-0.06714995,0.99341255,0.092856765
1356269628992,-0.95252585,0.015561849,-0.30405957,-0.30257404,-0.15930074,0.9397192,-0.033813164,0.9871074,0.15644675
1356269629032,-0.9449279,0.07009104,-0.3196854,-0.32727885,-0.20305264,0.9228533,-2.2922456E-4,0.976656,0.21480936
1356269629072,-0.93242157,0.11179306,-0.34364575,-0.36067113,-0.22867322,0.9042261,0.02250363,0.967063,0.2535404
1356269629112,-0.91347355,0.13740987,-0.382994,-0.40561646,-0.23286885,0.8838819,0.03226672,0.9627515,0.2684554
1356269629142,-0.890564,0.15229061,-0.4286062,-0.45348874,-0.22421426,0.86259836,0.035265997,0.96256715,0.26873922
1356269629182,-0.8606768,0.15188889,-0.48596853,-0.5082341,-0.19900948,0.8379102,0.030556932,0.9681555,0.24847782
1356269629239,-0.82339907,0.13836567,-0.55033517,-0.5670987,-0.16591221,0.80676645,0.020321459,0.9763852,0.21507901
1356269629262,-0.7817712,0.11455515,-0.61295253,-0.6235305,-0.13322061,0.77036476,0.00659132,0.98444366,0.17557675
1356269629301,-0.74155486,0.08462235,-0.66553396,-0.6708449,-0.10531044,0.7340823,-0.007967889,0.9908324,0.13486195
1356269629338,-0.7106305,0.05368635,-0.7015141,-0.70327044,-0.08307427,0.70605195,-0.02037239,0.9950962,0.09679115
1356269629381,-0.69423276,0.025332272,-0.7193047,-0.71916693,-0.064655066,0.69182277,-0.028981209,0.99758613,0.063103735
1356269629420,-0.6957649,0.0018042922,-0.7182672,-0.7174823,-0.048549116,0.69488275,-0.033617467,0.9988191,0.03507334
1356269629461,-0.71584,-0.014456898,-0.69811463,-0.69741786,-0.034409225,0.7158382,-0.034370422,0.9993032,0.014549077
1356269629501,-0.75342643,-0.02128148,-0.65718776,-0.656792,-0.023055077,0.75371933,-0.031191766,0.99950767,0.0033928156
1356269629541,-0.8003811,-0.01901552,-0.59918976,-0.59898674,-0.01564002,0.8006062,-0.02459529,0.9996968,0.0011280179
1356269629581,-0.84578896,-0.012539625,-0.5333703,-0.53323525,-0.012657225,0.84587234,-0.017357886,0.9998413,0.004018724
1356269629621,-0.8811975,-0.007534653,-0.47268838,-0.47257313,-0.013184905,0.8811928,-0.012871817,0.9998847,0.008057773
1356269629660,-0.9038838,-0.007106781,-0.42771888,-0.42757764,-0.01558274,0.9038443,-0.013088465,0.9998533,0.01104635
1356269629705,-0.91374576,-0.012407824,-0.40609688,-0.4058444,-0.018736184,0.9137501,-0.01894638,0.99974746,0.012084544
1356269629757,-0.909983,-0.02140139,-0.41409308,-0.41366225,-0.021885395,0.91016734,-0.02854143,0.9995314,0.011062324
1356269629792,-0.8896709,-0.030226916,-0.45560083,-0.4549725,-0.025548577,0.8901389,-0.038546085,0.9992165,0.008977354
1356269629832,-0.85007423,-0.0380816,-0.5252843,-0.52436936,-0.031781733,0.8508976,-0.049098,0.9987691,0.007048011
1356269629870,-0.782572,-0.041916132,-0.62114745,-0.61961377,-0.04451412,0.7836436,-0.060497165,0.998129,0.0088636875
1356269629911,-0.6920171,-0.032530606,-0.7211477,-0.71851456,-0.06532627,0.6924372,-0.06963533,0.9973335,0.021833241
1356269629951,-0.6040373,0.0016592741,-0.7969543,-0.7939653,-0.087804854,0.6015891,-0.06897831,0.9961363,0.054354846
1356269629991,-0.5434643,0.061926097,-0.837145,-0.83779347,-0.10229862,0.53631806,-0.052426696,0.9928243,0.10747695
1356269630031,-0.50693816,0.13399825,-0.8515035,-0.86166346,-0.10564673,0.49636155,-0.023446977,0.9853341,0.16901773
1356269630071,-0.47581214,0.19789356,-0.85699534,-0.8795275,-0.10056996,0.465099,0.0058521032,0.9750507,0.22190517
1356269630111,-0.43779677,0.24052948,-0.86630213,-0.89872247,-0.090139866,0.4291534,0.025135666,0.96644723,0.25563222
1356269630150,-0.39085943,0.25820196,-0.8834934,-0.9198929,-0.07617444,0.38470054,0.03203085,0.96308315,0.26729167
1356269630190,-0.33927995,0.25327745,-0.9059468,-0.94022715,-0.061246514,0.33499524,0.029360652,0.9654529,0.2589181
1356269630230,-0.2899651,0.23105106,-0.928728,-0.9568168,-0.049164057,0.2865038,0.02053693,0.97169864,0.23532945
1356269630270,-0.25036526,0.1977435,-0.9477419,-0.9681158,-0.04273498,0.24683088,0.008307517,0.9793218,0.20213795
1356269630311,-0.22643626,0.1588228,-0.9609901,-0.9740155,-0.041520476,0.22264332,-0.004539937,0.9864337,0.16409755
1356269630351,-0.22344178,0.11872339,-0.9674598,-0.97460425,-0.04232961,0.21989727,-0.014845222,0.99202466,0.12516654
1356269630390,-0.24551201,0.08054349,-0.9660417,-0.96918035,-0.041291952,0.24286693,-0.020328432,0.99589545,0.0881989
1356269630430,-0.29682648,0.046725273,-0.95378757,-0.95470667,-0.03619027,0.29533955,-0.020718008,0.9982519,0.055351138
1356269630470,-0.3819424,0.020266414,-0.9239638,-0.92402524,-0.02702254,0.38137513,-0.017238736,0.9994293,0.029047787
1356269630511,-0.50206584,0.004704088,-0.8648166,-0.86475885,-0.015506327,0.50194794,-0.011048913,0.9998687,0.011853099
1356269630551,-0.644519,0.0012682676,-0.76458716,-0.7645807,-0.0054954886,0.6445045,-0.0033843815,0.9999841,0.0045116544
1356269630591,-0.77842736,0.005219102,-0.62771297,-0.6277276,-0.0017284155,0.7784311,0.0029777586,0.9999849,0.004621625
1356269630630,-0.87626797,0.007995844,-0.48175788,-0.48180237,-0.0050228834,0.8762656,0.0045866817,0.9999555,0.008253753
1356269630671,-0.93476146,0.004361272,-0.35524926,-0.35527602,-0.011611521,0.93468934,-4.8547983E-5,0.99992305,0.012403488
1356269630710,-0.96554315,-0.0054651797,-0.2601854,-0.26005766,-0.017440498,0.96543556,-0.009814054,0.9998329,0.015418351
1356269630760,-0.98012346,-0.018902324,-0.1974861,-0.19709861,-0.020559132,0.9801681,-0.022587597,0.99960995,0.016424894
1356269630792,-0.9854385,-0.033825308,-0.16663414,-0.16598986,-0.021056533,0.98590267,-0.036857195,0.99920595,0.015135229
1356269630832,-0.9839915,-0.049524017,-0.17119624,-0.17035848,-0.02070117,0.98516476,-0.05233328,0.9985584,0.011932969
1356269630871,-0.9731985,-0.06581523,-0.22034818,-0.21922734,-0.023882687,0.97538155,-0.06945744,0.997546,0.008813977
1356269630910,-0.94433296,-0.07832271,-0.31953245,-0.31740344,-0.038608134,0.94750434,-0.08654765,0.99618024,0.011599004
1356269630950,-0.8911874,-0.07285069,-0.4477476,-0.4432453,-0.07019782,0.8936476,-0.0965337,0.9948694,0.03026855
1356269630990,-0.83428437,-0.03438571,-0.55026126,-0.5440259,-0.110626996,0.83174366,-0.089473814,0.993267,0.07358754
1356269631030,-0.7990492,0.031624973,-0.6004333,-0.597912,-0.14711702,0.7879453,-0.06341523,0.98861337,0.13646275
1356269631070,-0.7812713,0.10466412,-0.61535394,-0.6235564,-0.17533004,0.761864,-0.02815026,0.9789304,0.20224434
1356269631110,-0.7568592,0.16728334,-0.6318073,-0.6535737,-0.19020963,0.73257196,0.0023712516,0.9673865,0.25329387
1356269631150,-0.7080123,0.21186279,-0.6736712,-0.7058866,-0.18388832,0.6840389,0.021042168,0.9598433,0.27974623
1356269631190,-0.6265078,0.23593584,-0.7428474,-0.7788991,-0.15484613,0.60773265,0.028358877,0.9593524,0.28078246
1356269631230,-0.51297694,0.23797825,-0.82475513,-0.8579794,-0.11198431,0.5013292,0.02694577,0.9647932,0.26162577
1356269631270,-0.3796816,0.21878892,-0.8988733,-0.9249268,-0.07006335,0.37363282,0.018768638,0.9732536,0.22896552
1356269631310,-0.24912012,0.1841704,-0.95079994,-0.96845245,-0.041026235,0.24579835,0.0062610805,0.9820378,0.18858063
1356269631350,-0.14279985,0.14293075,-0.9793768,-0.9897293,-0.027258754,0.14033115,-0.006638974,0.98935723,0.14535537
1356269631390,-0.071495175,0.10200298,-0.9922116,-0.99731505,-0.023118973,0.06948614,-0.01585111,0.9945154,0.10338199
1356269631430,-0.037318468,0.065045476,-0.9971843,-0.9991181,-0.021646023,0.035978943,-0.01924482,0.9976475,0.0657959
1356269631470,-0.041350722,0.03463608,-0.9985441,-0.99900085,-0.018390179,0.040731758,-0.016952604,0.99923074,0.035361916
1356269631510,-0.08731198,0.0139142275,-0.99608386,-0.9961302,-0.0113194585,0.087157935,-0.010062456,0.99983907,0.014848769
1356269631550,-0.17712396,0.005466521,-0.9841733,-0.9841885,-0.0011727214,0.17712015,-1.8593669E-4,0.9999843,0.0055878162
1356269631591,-0.29920238,0.008102417,-0.95415527,-0.954141,0.007558763,0.29926208,0.009636998,0.9999386,0.005469203
1356269631630,-0.42353308,0.015449166,-0.90574896,-0.9057464,0.009992063,0.4237023,0.015596122,0.9998308,0.009761035
1356269631670,-0.5192772,0.020432979,-0.85436153,-0.85446346,0.005835831,0.51947874,0.015600383,0.99977416,0.014428914
1356269631710,-0.5727973,0.020132959,-0.81944966,-0.8196338,-0.0016575456,0.5728853,0.010175586,0.9997959,0.017451108
1356269631758,-0.5836672,0.015574485,-0.81184363,-0.8119918,-0.009468138,0.5835921,0.0014025271,0.9998339,0.018172622
1356269631792,-0.55446845,0.009038538,-0.8321556,-0.83216166,-0.016192913,0.5542966,-0.008465022,0.999828,0.016500056
1356269631832,-0.48577166,0.0022447705,-0.8740829,-0.87389785,-0.021983325,0.48561236,-0.018125147,0.99975586,0.012640536
1356269631870,-0.38102603,-0.0038392246,-0.92455626,-0.9241276,-0.0291484,0.38097042,-0.028412014,0.9995677,0.0075584054
1356269631910,-0.25781596,-0.0060543716,-0.96617496,-0.9653417,-0.040379643,0.25784665,-0.04057488,0.9991661,0.004565954
1356269631950,-0.14789921,0.0039463937,-0.9889946,-0.98763835,-0.053092778,0.14748451,-0.051926494,0.99858177,0.011749983
1356269631990,-0.07268542,0.035290986,-0.9967303,-0.9958911,-0.05669397,0.07061693,-0.05401644,0.9977677,0.039266795
1356269632030,-0.031726003,0.08914155,-0.99551356,-0.9987268,-0.041911244,0.028075606,-0.03922054,0.99513686,0.09035775
1356269632089,-0.0067089796,0.15365002,-0.98810256,-0.99992895,-0.010760903,0.005115956,-0.009846836,0.9880667,0.15371132
1356269632110,0.019811988,0.20979995,-0.9775436,-0.99958307,0.024696648,-0.014958262,0.021003753,0.97743237,0.2102018
1356269632151,0.05373901,0.24396726,-0.9682933,-0.99772227,0.052711546,-0.04209131,0.040771335,0.9683499,0.24624431
1356269632188,0.0923152,0.25238672,-0.9632128,-0.9946612,0.06817877,-0.07746458,0.04611963,0.9652215,0.25733316
1356269632231,0.129789,0.23851165,-0.9624277,-0.99071074,0.07092106,-0.116027236,0.040582597,0.9685465,0.2455008
1356269632270,0.16020137,0.21003217,-0.96448016,-0.98665565,0.0628646,-0.15019491,0.029085904,0.9756713,0.21730044
1356269632310,0.18049532,0.17378587,-0.96810126,-0.9834592,0.047049344,-0.17491287,0.015151173,0.98365897,0.17940342
1356269632350,0.19023558,0.13356411,-0.9726105,-0.98173714,0.02753219,-0.18823984,0.0016359985,0.9906577,0.13636243
1356269632390,0.18856278,0.09273559,-0.9776728,-0.9820252,0.00928542,-0.18852147,-0.008404523,0.99564743,0.09281954
1356269632430,0.17525831,0.053877622,-0.9830471,-0.98443663,-0.003598541,-0.17570323,-0.013003975,0.99854106,0.052408427
1356269632471,0.1489946,0.019726068,-0.98864126,-0.98876715,-0.009000927,-0.1491932,-0.011841655,0.9997649,0.018163413
1356269632510,0.107348174,-0.0062976778,-0.99420154,-0.9942037,-0.00665763,-0.10730627,-0.005943209,0.99995804,-0.0069758594
1356269632550,0.04731211,-0.02072215,-0.9986652,-0.99887526,0.0021772683,-0.047367275,0.0031559467,0.999783,-0.020595878
1356269632590,-0.032390386,-0.021812677,-0.9992373,-0.99938,0.014513463,0.032078177,0.013802677,0.9996568,-0.022269249
1356269632630,-0.12868464,-0.012568504,-0.9916059,-0.99142265,0.024656653,0.12834832,0.022836536,0.999617,-0.015633583
1356269632670,-0.23010546,5.044937E-4,-0.97316563,-0.9727922,0.027584493,0.23003146,0.026960373,0.99961936,-0.005856633
1356269632710,-0.32215673,0.010931522,-0.94662315,-0.9463583,0.022596955,0.3223276,0.024914324,0.9996848,0.0030654073
1356269632757,-0.39307368,0.015319705,-0.91937935,-0.9193365,0.01270324,0.3932671,0.017703801,0.99980193,0.009090722
1356269632792,-0.43724692,0.013639927,-0.899238,-0.89931124,0.0015633702,0.43730628,0.007370651,0.9999057,0.01158303
1356269632832,-0.45422816,0.00800392,-0.8908495,-0.89087796,-0.008175373,0.45416918,-0.0036479235,0.99993455,0.010843992
1356269632870,-0.4461485,4.0379167E-4,-0.89495873,-0.8948438,-0.016237915,0.4460839,-0.014352173,0.99986804,0.0076058507
1356269632911,-0.41691822,-0.0076911747,-0.90891147,-0.9085803,-0.024755836,0.4169759,-0.02570793,0.99966395,0.0033331513
1356269632951,-0.37414938,-0.0118588805,-0.9272927,-0.92660594,-0.035761952,0.37432963,-0.037600905,0.99929005,0.0023917556
1356269632991,-0.33047307,-0.0021080375,-0.9438131,-0.9427404,-0.04697877,0.33020237,-0.045035213,0.99889374,0.013537824
1356269633031,-0.29724747,0.03261563,-0.9542433,-0.9539883,-0.051359117,0.29541263,-0.039374024,0.9981475,0.046381354
1356269633071,-0.27537847,0.093143344,-0.9568129,-0.96118927,-0.044061363,0.2723487,-0.016790986,0.99467725,0.10166186
1356269633111,-0.25616938,0.16330072,-0.9527383,-0.9665179,-0.028132915,0.2550524,0.014846981,0.98617524,0.16503984
1356269633150,-0.23255765,0.21960115,-0.94746625,-0.97169137,-0.010765672,0.23600847,0.041627675,0.9755303,0.21588814
1356269633191,-0.20599598,0.24793345,-0.9466226,-0.9769935,0.0024786592,0.21325427,0.055219144,0.9687738,0.24171889
1356269633230,-0.18280607,0.24748278,-0.95149064,-0.9815601,0.009059131,0.19093943,0.0558739,0.96885,0.24126303
1356269633270,-0.16889632,0.22522756,-0.9595554,-0.98445976,0.008953452,0.17538148,0.048092037,0.97426504,0.22021532
1356269633310,-0.16744143,0.19008803,-0.967383,-0.98521864,0.0037277937,0.17126101,0.036160916,0.98175997,0.18665403
1356269633350,-0.1788603,0.14847773,-0.97260654,-0.9836163,-0.004337847,0.18022275,0.022540063,0.98890626,0.14682096
1356269633390,-0.20290083,0.10612717,-0.97343117,-0.9791508,-0.012096465,0.20277423,0.009744763,0.99427897,0.1063689
1356269633430,-0.23774469,0.06683704,-0.9690254,-0.97132754,-0.016014576,0.23720494,3.3554435E-4,0.99763536,0.06872809
1356269633470,-0.28175724,0.033166558,-0.9589124,-0.95947814,-0.013726711,0.2814487,-0.0038280487,0.99935555,0.03569019
1356269633510,-0.33292097,0.006878406,-0.94292974,-0.94295216,-0.0048013926,0.33289382,-0.0022375882,0.99996483,0.008084476
1356269633550,-0.38987273,-0.009797066,-0.92081666,-0.9208603,0.0084398985,0.3898014,0.003952712,0.99991643,-0.012312233
1356269633590,-0.44993764,-0.0143787265,-0.8929442,-0.89295757,0.022382379,0.449584,0.013521761,0.99964607,-0.022910297
1356269633630,-0.51052475,-0.006924659,-0.85983515,-0.8594996,0.033180237,0.5100583,0.024997562,0.9994254,-0.022891045
1356269633670,-0.56889313,0.007421404,-0.8223779,-0.82166743,0.037395775,0.56873906,0.034974307,0.99927294,-0.015176296
1356269633710,-0.6225902,0.02120012,-0.7822609,-0.7815729,0.033044815,0.6229381,0.039056063,0.999229,-0.0040040016
1356269633756,-0.6706329,0.028917313,-0.7412255,-0.7409517,0.021357954,0.6712186,0.03524086,0.9993536,0.0071030855
1356269633792,-0.7120278,0.029065073,-0.70154953,-0.70172024,0.0055517554,0.712431,0.024601728,0.9995621,0.016442478
1356269633832,-0.74658966,0.022843897,-0.66489244,-0.66521007,-0.010663807,0.74658006,0.009964496,0.9996821,0.023157537
1356269633872,-0.77431595,0.012917578,-0.6326673,-0.6327763,-0.024307251,0.773953,-0.0053807795,0.9996211,0.02699542
1356269633912,-0.7952013,0.001090318,-0.6063446,-0.6060107,-0.034662902,0.794701,-0.020151168,0.99939847,0.028224647
1356269633950,-0.80943805,-0.011619151,-0.5870904,-0.5861678,-0.043420076,0.8090254,-0.034891665,0.99898934,0.028335035
1356269633994,-0.81745684,-0.021405667,-0.57559204,-0.573923,-0.054313004,0.81710625,-0.048752815,0.9982945,0.032113254
1356269634030,-0.82088196,-0.01883775,-0.5707872,-0.56830627,-0.07175732,0.81968224,-0.056399137,0.99724424,0.0481987
1356269634070,-0.8227955,0.0065029263,-0.56830037,-0.56610394,-0.09794164,0.8184948,-0.050337642,0.99517095,0.08426726
1356269634110,-0.8253544,0.054644406,-0.5619644,-0.5638859,-0.1303376,0.8155027,-0.02868244,0.98996264,0.13838798
1356269634150,-0.8280053,0.10949987,-0.54992455,-0.5607199,-0.16281581,0.81184006,-6.400347E-4,0.9805615,0.1962111
1356269634191,-0.82970905,0.15248604,-0.53696454,-0.55778044,-0.18937182,0.8080961,0.021537393,0.96999294,0.24217725
1356269634230,-0.8300008,0.17512685,-0.5295555,-0.5568165,-0.20490521,0.80496526,0.032462314,0.9629872,0.26758516
1356269634270,-0.8286987,0.17920154,-0.53023136,-0.55864197,-0.20674533,0.8032282,0.034316882,0.96184367,0.27143908
1356269634310,-0.82584924,0.17023087,-0.537582,-0.5630256,-0.19613671,0.80282784,0.031226516,0.9656873,0.25782377
1356269634351,-0.8218492,0.15278241,-0.54883647,-0.5691292,-0.1768716,0.8029997,0.025610626,0.97230345,0.23231465
1356269634390,-0.81747746,0.13004129,-0.5610881,-0.57565236,-0.15260637,0.8033279,0.018840164,0.9796941,0.19961083
1356269634431,-0.81427926,0.10521881,-0.57085764,-0.5803315,-0.1258167,0.80460274,0.01283595,0.98645794,0.1635117
1356269634470,-0.81454057,0.08148293,-0.5743553,-0.58002573,-0.097884595,0.8086957,0.009674311,0.99185634,0.1269933
1356269634510,-0.8205998,0.061168402,-0.5682204,-0.5714077,-0.069628716,0.81770724,0.010453403,0.9956959,0.092089415
1356269634551,-0.83416504,0.045935392,-0.5495986,-0.5513113,-0.0423761,0.83322275,0.014984578,0.9980452,0.060673356
1356269634590,-0.8558571,0.037606105,-0.51584345,-0.51672757,-0.018996537,0.8559391,0.022389293,0.99911207,0.035690427
1356269634630,-0.8840158,0.037550017,-0.46594632,-0.46637416,-0.003044188,0.8845823,0.031797647,0.9992901,0.02020353
1356269634671,-0.91356844,0.04365489,-0.40433514,-0.40457252,0.0036477447,0.9144986,0.041397244,0.99903995,0.014329076
1356269634710,-0.9383235,0.049813777,-0.34215143,-0.34245026,0.0026729107,0.93953216,0.0477162,0.998755,0.014550686
1356269634752,-0.95520985,0.05051007,-0.29158643,-0.2920727,-0.0023657084,0.9563932,0.04761765,0.9987207,0.017012477
1356269634777,-0.965179,0.046982497,-0.25733644,-0.25794405,-0.007259786,0.9661326,0.04352311,0.99886936,0.01912582
1356269634809,-0.9697261,0.039397396,-0.24099645,-0.24159908,-0.011255443,0.9703109,0.035515197,0.9991603,0.020433009
1356269634850,-0.968326,0.026347376,-0.24829568,-0.2487182,-0.014146149,0.96847266,0.022004291,0.9995528,0.020251095
1356269634891,-0.956235,0.012021184,-0.29235294,-0.29251784,-0.015601635,0.95613277,0.006932676,0.99980605,0.01843518
1356269634941,-0.922442,-0.0035473257,-0.3861194,-0.38600725,-0.01731664,0.9223332,-0.009958118,0.9998438,0.01460433
1356269634978,-0.8215302,-0.015079886,-0.5699656,-0.56953454,-0.025294602,0.82157815,-0.026806325,0.9995663,0.012191713
1356269635021,-0.6349432,-0.013392448,-0.7724427,-0.771391,-0.04396516,0.6348409,-0.042462617,0.99894327,0.017584562
1356269635060,-0.39954865,0.016911894,-0.91655594,-0.9153131,-0.062573016,0.3978523,-0.050623298,0.997897,0.040480673
1356269635100,-0.2022841,0.07612285,-0.9763639,-0.97833097,-0.06065756,0.19796246,-0.044154406,0.9952517,0.086743414
1356269635141,-0.06363499,0.14782622,-0.986964,-0.99770355,-0.032414794,0.05947244,-0.023200631,0.988482,0.14954945
1356269635180,0.04374641,0.21107888,-0.97648954,-0.9990399,0.011542916,-0.04226154,0.0023509562,0.97740084,0.21138126
1356269635220,0.14136565,0.2512852,-0.9575341,-0.98971367,0.057340562,-0.13106868,0.021969974,0.9662131,0.2568063
1356269635260,0.23698804,0.26341328,-0.93512046,-0.97097766,0.096159965,-0.21898818,0.032236814,0.95987856,0.2785571
1356269635301,0.32920444,0.24981189,-0.91061425,-0.94360137,0.12300813,-0.30738464,0.035224557,0.96044934,0.27621773
1356269635340,0.41140795,0.21999237,-0.8845037,-0.91081834,0.13538992,-0.38997367,0.033961654,0.9660605,0.2560736
1356269635380,0.47904104,0.18341756,-0.85841584,-0.877285,0.13328719,-0.46109158,0.029843539,0.9739571,0.22475952
1356269635421,0.53154224,0.14652932,-0.8342614,-0.8466791,0.12033558,-0.5183184,0.024442524,0.9818598,0.18802673
1356269635461,0.5710846,0.11182317,-0.81323916,-0.8206382,0.10236411,-0.562205,0.020378888,0.98844177,0.15022497
1356269635500,0.60059005,0.079545826,-0.7955904,-0.79931116,0.08441107,-0.59495914,0.019830137,0.99325085,0.11427832
1356269635540,0.62262285,0.049686313,-0.7809431,-0.7821865,0.06874105,-0.61924064,0.022915065,0.99639654,0.08166371
1356269635580,0.6390636,0.023160309,-0.76880515,-0.7686447,0.055594757,-0.63725555,0.027982533,0.9981848,0.053330615
1356269635620,0.65120643,0.0017178357,-0.7588986,-0.7581606,0.045623317,-0.6504698,0.033506036,0.99895716,0.031012625
1356269635661,0.66004354,-0.013051182,-0.751114,-0.75021434,0.04045503,-0.6599559,0.038999528,0.9990961,0.01691091
1356269635700,0.66660726,-0.020660013,-0.7451227,-0.74413776,0.039911106,-0.66683275,0.043515414,0.9989895,0.011231139
1356269635755,0.67110735,-0.019902617,-0.741093,-0.7400756,0.04083544,-0.6712827,0.04362315,0.9989676,0.012675509
1356269635791,0.6863699,-0.015774488,-0.72708154,-0.7262379,0.03792754,-0.68639636,0.038403958,0.999156,0.014576286
1356269635832,0.7184787,-0.008904487,-0.695492,-0.6950301,0.02942565,-0.7183782,0.026862085,0.9995272,0.0149528235
1356269635872,0.7820882,-1.912117E-4,-0.6231677,-0.62307227,0.017259665,-0.7819738,0.010905147,0.99985105,0.013379462
1356269635912,0.87247825,0.010832787,-0.48853284,-0.48860598,0.0054800883,-0.8724873,-0.0067742914,0.9999263,0.010074224
1356269635952,0.954957,0.025206104,-0.29567173,-0.29571944,-0.0018972754,-0.95527303,-0.024639666,0.9996805,0.005642118
1356269635992,0.9944403,0.0433207,-0.09597798,-0.095955715,-0.0025978982,-0.99538225,-0.04336999,0.9990578,0.0015734136
1356269636031,0.9958816,0.062169503,0.065989695,0.06571167,0.00650844,-0.99781746,-0.062463302,0.99804443,0.002396375
1356269636070,0.97972906,0.07245313,0.18676597,0.1849723,0.030782402,-0.98226154,-0.07691702,0.99689674,0.016756594
1356269636110,0.957226,0.059645906,0.2831267,0.2786646,0.073317885,-0.9575858,-0.07787435,0.99552345,0.05356058
1356269636150,0.93090725,0.015238568,0.36493754,0.360278,0.12607625,-0.92428595,-0.06009476,0.9919035,0.11187518
1356269636191,0.8997072,-0.053013235,0.4332627,0.43562126,0.17178985,-0.8835849,-0.027588412,0.9837062,0.17765427
1356269636231,0.8632879,-0.12175757,0.48980522,0.50467336,0.19625983,-0.84070617,0.00623326,0.97296304,0.23087654
1356269636270,0.81915015,-0.17455184,0.5463741,0.5727249,0.19694316,-0.7957384,0.031292945,0.9647513,0.2612962
1356269636310,0.7550398,-0.20931312,0.6213718,0.65404046,0.17347425,-0.7363001,0.046325207,0.9623382,0.2678792
1356269636350,0.63535726,-0.23057586,0.73699117,0.77025074,0.12114115,-0.62613,0.055090457,0.96548414,0.2545691
1356269636391,0.38010186,-0.23365837,0.89494485,0.9229575,0.032424867,-0.38353363,0.06059742,0.9717779,0.22798154
1356269636430,-0.068418086,-0.18965408,0.9794643,0.99565125,-0.07519776,0.054988235,0.06322482,0.9789671,0.19397429
1356269636471,-0.49482995,-0.10598984,0.86250186,0.866711,-0.132029,0.4810202,0.06289205,0.98556304,0.1571945
1356269636510,-0.7181947,-0.04077494,0.6946464,0.69319624,-0.12889701,0.70912933,0.06062317,0.99081933,0.120838225
1356269636550,-0.8166882,-0.0028186142,0.5770724,0.5741755,-0.104159355,0.81207967,0.05781859,0.99455667,0.08668411
1356269636590,-0.8632965,0.019395769,0.50432426,0.5016599,-0.07648313,0.86167717,0.05528517,0.9968822,0.05629754
1356269636630,-0.8880459,0.032680243,0.458592,0.45663384,-0.053334296,0.8880547,0.053480506,0.99804187,0.032440364
1356269636670,-0.9024337,0.040340453,0.428936,0.42751825,-0.0393371,0.9031505,0.053306594,0.99841136,0.01825285
1356269636710,-0.91106206,0.044571564,0.4098527,0.4085458,-0.03570026,0.91203934,0.05528286,0.9983681,0.014315605
1356269636756,-0.91619974,0.04579307,0.3980968,0.39660293,-0.03845066,0.91718465,0.057307795,0.9982107,0.017066836
1356269636792,-0.9191696,0.042664304,0.39154446,0.38993144,-0.041521132,0.91990733,0.055504575,0.9982263,0.02152884
1356269636832,-0.9206937,0.034289733,0.38877672,0.38736844,-0.041286528,0.92100006,0.047632083,0.9985588,0.02472949
1356269636872,-0.9210444,0.022231162,0.38882253,0.38788354,-0.037305772,0.92095315,0.034979194,0.9990566,0.025737166
1356269636911,-0.92064816,0.009125307,0.39028668,0.3898648,-0.03051275,0.92036647,0.020307362,0.9994927,0.024533868
1356269636952,-0.9201694,-0.002957508,0.39150926,0.3914761,-0.022000253,0.9199252,0.0058926046,0.9997536,0.021401763
1356269636990,-0.920571,-0.013951123,0.39032578,0.39049244,-0.012324095,0.92052364,-0.00803192,0.99982667,0.016793072
1356269637030,-0.9231923,-0.026008263,0.38345763,0.38364655,-0.0025141835,0.92347664,-0.023053974,0.99965864,0.012298942
1356269637070,-0.929652,-0.041263133,0.36612082,0.36635917,0.0019010901,0.93047154,-0.03909017,0.99914646,0.013349831
1356269637110,-0.9408452,-0.057929322,0.33384812,0.33500296,-0.0112351775,0.94215006,-0.050827265,0.99825746,0.029977083
1356269637150,-0.95531046,-0.068160854,0.2876386,0.29135,-0.05261731,0.95516837,-0.049970336,0.9962859,0.07012451
1356269637191,-0.9692905,-0.063431755,0.23759729,0.24375744,-0.120006025,0.9623829,-0.03253252,0.9907447,0.13178259
1356269637230,-0.98033386,-0.044900134,0.19217062,0.1972524,-0.19289845,0.9611876,-0.006088041,0.9801909,0.19796157
1356269637270,-0.9881683,-0.021323293,0.15188316,0.15235819,-0.25018746,0.95613444,0.017611325,0.9679625,0.25047624
1356269637310,-0.9936107,4.46897E-4,0.11286026,0.10818905,-0.2809716,0.95359844,0.032136697,0.9597159,0.2791282
1356269637350,-0.9970891,0.017882401,0.074119024,0.06597866,-0.28483832,0.9563022,0.038212918,0.9584088,0.28282923
1356269637390,-0.9988695,0.029995672,0.036876086,0.02753866,-0.26716077,0.9632584,0.03874543,0.96318495,0.26603276
1356269637430,-0.99934024,0.036227185,0.002585236,-0.0060133236,-0.23523766,0.97191924,0.035818044,0.9712625,0.2353003
1356269637470,-0.99906737,0.036149472,-0.023611322,-0.030245049,-0.19565666,0.98020595,0.030814216,0.9800059,0.1965676
1356269637510,-0.9991259,0.03111994,-0.027912518,-0.032389455,-0.1541475,0.9875169,0.02642882,0.98755765,0.15502065
1356269637550,-0.99962443,0.024571683,0.012136253,0.00924826,-0.11441028,0.9933905,0.02579779,0.9931297,0.114139974
1356269637590,-0.99239695,0.020719055,0.121321455,0.11932665,-0.07954162,0.98966366,0.030155007,0.9966162,0.07646459
1356269637630,-0.95372885,0.023533255,0.29974604,0.29822186,-0.052879274,0.95303077,0.038278252,0.9983236,0.043414235
1356269637670,-0.8659348,0.03287679,0.49907523,0.4978658,-0.03874117,0.8663884,0.047818825,0.9987083,0.017179132
1356269637711,-0.75600725,0.04307252,0.6531445,0.6520455,-0.03787744,0.7572331,0.057355404,0.99835366,5.504489E-4
1356269637769,-0.66555506,0.048160613,0.7447933,0.7434426,-0.0451985,0.6672708,0.06579971,0.99781644,-0.0057225227
1356269637778,-0.6012699,0.04852271,0.7975713,0.7958326,-0.05306208,0.6031873,0.07158908,0.9974116,-0.006711304
1356269637817,-0.5648512,0.042118937,0.82411706,0.8220328,-0.058595657,0.56641734,0.072146565,0.9973929,-0.0015253425
1356269637861,-0.53621024,0.03049773,0.8435332,0.84142494,-0.05995369,0.5370377,0.066951394,0.9977351,0.006486237
1356269637900,-0.504915,0.016382813,0.8630135,0.86127126,-0.05670029,0.5049721,0.057206005,0.9982568,0.014518797
1356269637940,-0.46285635,0.002243787,0.8864305,0.885296,-0.049470603,0.46238917,0.044889778,0.99877304,0.020911336
1356269637980,-0.40155208,-0.010054976,0.915781,0.915275,-0.039405227,0.4008976,0.032055527,0.9991727,0.025026321
1356269638020,-0.31235224,-0.019699335,0.9497621,0.9497798,-0.026289165,0.31181282,0.018825918,0.9994603,0.02692151
1356269638060,-0.18255717,-0.026996046,0.9828245,0.9831871,-0.009077907,0.18237513,0.003998637,0.9995943,0.028199494
1356269638100,-0.0063007474,-0.03416258,0.9993963,0.9999135,0.011313081,0.0066907704,-0.01153478,0.9993522,0.034088433
1356269638141,0.19944167,-0.048325628,0.9787173,0.9796779,0.03155309,-0.19807935,-0.021309227,0.9983331,0.05363658
1356269638181,0.38271642,-0.080168664,0.920381,0.9237192,0.05095613,-0.3796661,-0.01646173,0.99547803,0.09355506
1356269638221,0.50472146,-0.1312392,0.85324824,0.8632672,0.0708971,-0.49974316,0.0050931275,0.98881227,0.14907783
1356269638260,0.57702756,-0.18717584,0.7949871,0.8159888,0.09081262,-0.57088995,0.03466198,0.97811973,0.2051348
1356269638300,0.6378658,-0.22677103,0.7360041,0.76784253,0.11337604,-0.6305265,0.059539944,0.9673266,0.24644315
1356269638340,0.7132592,-0.23583864,0.66003144,0.697103,0.14080542,-0.7030087,0.07286057,0.9615373,0.26483458
1356269638381,0.7986654,-0.21413143,0.56238896,0.59703904,0.16493349,-0.7850741,0.07535227,0.96277964,0.2595715
1356269638421,0.87173355,-0.17461629,0.45780975,0.48484892,0.17254251,-0.8574092,0.07072602,0.96940094,0.23507363
1356269638461,0.92098105,-0.13208343,0.36653495,0.38470244,0.15948623,-0.90915793,0.061627448,0.9783241,0.19769663
1356269638501,0.9491864,-0.09461903,0.30015403,0.31075004,0.13087374,-0.9414385,0.049795717,0.98687345,0.15362644
1356269638541,0.96240497,-0.065127775,0.26369476,0.2689973,0.093990356,-0.9585438,0.037643068,0.9934405,0.10797599
1356269638581,0.9642868,-0.04405062,0.2611714,0.26337874,0.055328786,-0.96310455,0.027975053,0.99749595,0.06495482
1356269638621,0.954649,-0.029623538,0.29625648,0.29688263,0.019523531,-0.9547145,0.022498041,0.9993705,0.027432831
1356269638660,0.92741704,-0.018734306,0.3735596,0.37342262,-0.010473218,-0.92760223,0.021290347,0.9997696,-0.0027172267
1356269638700,0.8665242,-0.008658618,0.49905992,0.49857876,-0.032176048,-0.866247,0.023558304,0.99944466,-0.023564313
1356269638759,0.74077195,0.0011280179,0.6717556,0.6711427,-0.043984532,-0.7400221,0.028712153,0.9990315,-0.033339553
1356269638782,0.5216883,0.008888692,0.8530898,0.85238636,-0.04734473,-0.5207647,0.035760403,0.998839,-0.032275766
1356269638821,0.2465128,0.012839019,0.9690545,0.96823364,-0.046486408,-0.24568805,0.041893423,0.9988364,-0.023890704
1356269638862,0.007601738,0.012646228,0.99989104,0.9990096,-0.043934643,-0.007039398,0.043840855,0.9989543,-0.012967616
1356269638902,-0.1517269,0.009350121,0.9883782,0.9875968,-0.03942895,0.15197995,0.040391743,0.99917865,-0.0032517314
1356269638942,-0.2388382,0.0043587387,0.97104955,0.9705192,-0.03227836,0.23885268,0.03238499,0.99946934,0.0034790635
1356269638981,-0.2686419,-5.3685904E-4,0.96323997,0.96299124,-0.022880614,0.26855975,0.021895349,0.99973804,0.00666368
1356269639021,-0.24750113,-0.0037475824,0.96888036,0.96882385,-0.012428045,0.24743864,0.011114001,0.9999157,0.0067067146
1356269639060,-0.17163962,-0.0045483112,0.98514926,0.98515946,-0.0015662313,0.1716342,7.623136E-4,0.99998844,0.0047496557
1356269639100,-0.027602911,-0.0036029518,0.99961245,0.99956965,0.009823501,0.027637184,-0.009919286,0.9999452,0.0033302903
1356269639140,0.19657513,-0.00443843,0.98047876,0.9802823,0.021413237,-0.19643888,-0.020123392,0.99976087,0.008560151
1356269639180,0.4671468,-0.015568376,0.8840427,0.88384265,0.0358299,-0.4664101,-0.024413884,0.99923664,0.030497849
1356269639221,0.6946181,-0.04440549,0.71800685,0.7192184,0.06393857,-0.6918358,-0.015187025,0.99696535,0.07635014
1356269639261,0.8356486,-0.084864214,0.5426688,0.5491861,0.11240829,-0.8281057,0.009276062,0.9900316,0.14054006
1356269639301,0.92339885,-0.114960045,0.36622226,0.38169894,0.17433664,-0.90769625,0.040502876,0.97795236,0.20486239
1356269639340,0.98368126,-0.105371326,0.14583573,0.16737553,0.23857486,-0.9565916,0.066004574,0.96539056,0.2523182
