1356269418092,0.16301149,-0.043011516,-0.98568624,-0.3937352,0.9132114,-0.10496445,0.90465456,0.40520978,0.1319288
1356269418130,0.27631992,-0.7934053,0.54236084,0.32446373,-0.4541853,-0.8297222,0.90463835,0.40524524,0.13193083
1356269418172,0.27649426,-0.79334176,0.54236495,0.32460463,-0.4540999,-0.8297139,0.9045346,0.4054653,0.13196638
1356269418210,0.27695644,-0.7931495,0.54241043,0.32509637,-0.45385617,-0.82965463,0.90421647,0.4061138,0.13215166
1356269418250,0.27776676,-0.79277056,0.5425499,0.32619065,-0.45338553,-0.8294825,0.9035736,0.40737742,0.13265896
1356269418290,0.27891594,-0.79219806,0.54279655,0.32794932,-0.4526713,-0.8291791,0.90258247,0.40928108,0.13354355
1356269418330,0.2804522,-0.7914428,0.54310673,0.3301807,-0.45174128,-0.8288008,0.901292,0.4117624,0.13462722
1356269418370,0.28245658,-0.790496,0.5434468,0.33243683,-0.45074737,-0.82843983,0.8998356,0.41465998,0.13547343
1356269418410,0.2850517,-0.78929615,0.5438356,0.33416238,-0.44994617,-0.8281811,0.8983769,0.41780382,0.13549519
1356269418451,0.28826672,-0.7877632,0.54436344,0.33487588,-0.44966006,-0.8280483,0.8970844,0.4209929,0.13418084
1356269418490,0.2918349,-0.7858914,0.5451671,0.33444512,-0.45015246,-0.8279548,0.89609087,0.42395455,0.13146734
1356269418530,0.2952581,-0.78377634,0.54636735,0.3331402,-0.45151538,-0.8277387,0.8954553,0.42641348,0.12779382
1356269418571,0.2977692,-0.7816199,0.54809105,0.331823,-0.4535926,-0.827132,0.8951129,0.42816368,0.124293536
1356269418610,0.29848778,-0.77971613,0.5504069,0.33180952,-0.4559458,-0.8258425,0.89487845,0.42913413,0.12262303
1356269418650,0.2963618,-0.7784469,0.55334437,0.33469224,-0.4579836,-0.82354844,0.89451146,0.42926845,0.12481132
1356269418691,0.29019302,-0.77826524,0.5568583,0.34199166,-0.45913136,-0.81990254,0.8937727,0.42837095,0.13292345
1356269418730,0.27921647,-0.77946854,0.5607736,0.35438633,-0.45912182,-0.8146273,0.8924396,0.42618787,0.14803857
1356269418770,0.263968,-0.78195333,0.56468564,0.37120724,-0.45799708,-0.80774,0.8902393,0.42283288,0.16937017
1356269418811,0.2466551,-0.7852361,0.5679486,0.39081255,-0.45569092,-0.799757,0.8868071,0.41922554,0.19448164
1356269418850,0.23053515,-0.78885025,0.56970936,0.41105658,-0.45172518,-0.7918186,0.88197845,0.4167248,0.22012359
1356269418890,0.21838701,-0.7928389,0.56895834,0.4293205,-0.44552034,-0.7856179,0.87635094,0.41583425,0.24308616
1356269418930,0.2113375,-0.79786116,0.5645828,0.44261485,-0.43688685,-0.78308475,0.87145185,0.4153879,0.2608148
1356269418990,0.20861739,-0.8048206,0.55564606,0.44880444,-0.42600834,-0.7855517,0.8689381,0.41325623,0.2723343
1356269419012,0.20828891,-0.81447566,0.541521,0.44733024,-0.41303355,-0.7932835,0.86977655,0.40747088,0.2783094
1356269419052,0.20747358,-0.82706046,0.52242297,0.43891656,-0.39856791,-0.8052925,0.87424654,0.39637706,0.28031817
1356269419082,0.2060436,-0.8415946,0.499264,0.42729557,-0.38161838,-0.81962544,0.88032067,0.38221186,0.28097963
1356269419112,0.19994998,-0.856277,0.47624528,0.41416118,-0.36664015,-0.8330939,0.88796985,0.3638194,0.28132707
1356269419170,0.18307686,-0.8725786,0.45286787,0.398641,-0.35519123,-0.845532,0.8986479,0.335329,0.28281844
1356269419190,0.15788406,-0.89043224,0.42685235,0.38257813,-0.34335196,-0.85775477,0.91033316,0.2987302,0.2864502
1356269419231,0.12639278,-0.90756553,0.40043673,0.36843604,-0.33184874,-0.86840725,0.921021,0.25729573,0.29243666
1356269419268,0.09238297,-0.92214555,0.37565008,0.35772246,-0.32133967,-0.8767984,0.929247,0.21537971,0.30018583
1356269419312,0.060217142,-0.93328035,0.35406452,0.3507736,-0.31230032,-0.88285124,0.9345222,0.17735922,0.30856428
1356269419350,0.03549683,-0.9409977,0.33654594,0.34687683,-0.30422068,-0.8872013,0.9372387,0.14823282,0.31561148
1356269419390,0.023821175,-0.94600165,0.3232855,0.34525183,-0.29569656,-0.89071023,0.93820775,0.13283265,0.31956494
1356269419430,0.029600203,-0.9490829,0.3136327,0.34513205,-0.28476852,-0.89431024,0.9380872,0.13471651,0.3191297
1356269419470,0.054003477,-0.9503819,0.30636227,0.3445598,-0.27022958,-0.89902973,0.9372097,0.15411082,0.31287014
1356269419510,0.094070315,-0.9492003,0.3002826,0.3404309,-0.25276917,-0.90565693,0.935552,0.18742085,0.29935902
1356269419550,0.14315999,-0.9447124,0.2949975,0.33028397,-0.23537606,-0.9140626,0.93296176,0.22829008,0.27832705
1356269419590,0.19436139,-0.93674815,0.29107815,0.31356657,-0.22183585,-0.9232902,0.929462,0.27072436,0.2506166
1356269419630,0.24150294,-0.9260199,0.2901092,0.2924039,-0.21562105,-0.9316692,0.925298,0.3098299,0.21869874
1356269419670,0.2805081,-0.9136566,0.29418853,0.27075556,-0.21872944,-0.93746936,0.9208728,0.34262085,0.18602225
1356269419710,0.3100571,-0.90036523,0.3052983,0.252426,-0.23163468,-0.9394821,0.9165946,0.36835828,0.15545557
1356269419751,0.33053154,-0.88609636,0.32493412,0.23990107,-0.25409597,-0.936954,0.9127959,0.38764492,0.12858869
1356269419790,0.34223962,-0.87038237,0.3539866,0.23453516,-0.28568012,-0.92918247,0.909871,0.40102535,0.106364205
1356269419830,0.34438378,-0.85260856,0.3930121,0.2373147,-0.32596695,-0.9151106,0.90834004,0.40841678,0.09007877
1356269419870,0.3351829,-0.8320185,0.44203812,0.24860299,-0.37444568,-0.89330125,0.9087624,0.4093113,0.081334464
1356269419910,0.31354874,-0.80720526,0.5001069,0.26711923,-0.43041915,-0.8621987,0.9112269,0.40392947,0.08066264
1356269419950,0.28225046,-0.77578294,0.56435406,0.2896992,-0.49188435,-0.82105064,0.914554,0.39523482,0.08590916
1356269419991,0.24788731,-0.7366943,0.6291529,0.3131501,-0.5536288,-0.77164245,0.9167818,0.38829967,0.093458354
1356269420029,0.21755075,-0.6918056,0.68853235,0.3351374,-0.6095955,-0.7183845,0.9167086,0.387038,0.09923199
1356269420070,0.19763285,-0.6499803,0.733803,0.35439107,-0.65056276,-0.6716957,0.91397387,0.39280236,0.10177463
1356269420110,0.19142342,-0.6203971,0.76056856,0.3698449,-0.67218715,-0.64138854,0.90915996,0.40406922,0.10077831
1356269420150,0.20110208,-0.6104223,0.76612175,0.37960163,-0.67242515,-0.63541085,0.9030285,0.41860348,0.09649128
1356269420190,0.22741354,-0.6225698,0.7487923,0.38124955,-0.6506377,-0.6567491,0.89606464,0.4348304,0.089390606
1356269420230,0.26883453,-0.65340376,0.7076663,0.3726561,-0.60693645,-0.70196563,0.88817537,0.45242876,0.08032936
1356269420271,0.31956208,-0.6946696,0.6444487,0.3537867,-0.5434583,-0.7612411,0.8790421,0.47126114,0.07209629
1356269420310,0.3676061,-0.7388089,0.56482494,0.32914367,-0.4646793,-0.8220325,0.86978745,0.48809272,0.07235539
1356269420350,0.39723617,-0.78245676,0.4795465,0.31049237,-0.3771382,-0.8725602,0.8635959,0.49550802,0.093133934
1356269420390,0.39963424,-0.82634056,0.39680445,0.30958676,-0.2857725,-0.90691245,0.8628143,0.48527873,0.14161962
1356269420430,0.3795166,-0.86769456,0.32105038,0.3280782,-0.19824445,-0.9236145,0.86506176,0.45585665,0.20943463
1356269420470,0.35236645,-0.9004717,0.25492853,0.35517836,-0.12334669,-0.92662495,0.8658442,0.41705662,0.27636483
1356269420510,0.3341189,-0.92097425,0.2004269,0.37623027,-0.06465161,-0.92426777,0.86418474,0.38422194,0.3248971
1356269420550,0.33132768,-0.9301729,0.15811464,0.38128302,-0.021288514,-0.9242132,0.86304414,0.36650375,0.3476057
1356269420591,0.34032324,-0.9316883,0.12703171,0.3677049,0.0075241625,-0.9299121,0.8654324,0.36318088,0.345147
1356269420630,0.35377494,-0.92932385,0.105832756,0.3395931,0.02219233,-0.9403106,0.87150437,0.36859843,0.323443
1356269420671,0.3670412,-0.92546475,0.09378594,0.30371046,0.023930162,-0.95246387,0.87922734,0.37807727,0.28985667
1356269420710,0.3784307,-0.92115116,0.09094292,0.26633546,0.014265925,-0.96377474,0.886485,0.38894325,0.2507339
1356269420750,0.38700846,-0.91688144,0.09773889,0.23224244,-0.0056551993,-0.9726416,0.8923497,0.39911965,0.21075015
1356269420791,0.39201677,-0.91278166,0.114684194,0.20450824,-0.035076916,-0.9782362,0.8969388,0.40693882,0.17292064
1356269420830,0.39306337,-0.90842044,0.14238507,0.18515968,-0.0734812,-0.9799574,0.90067595,0.4115494,0.13932008
1356269420870,0.38952422,-0.903057,0.1809943,0.17594218,-0.119936764,-0.97706676,0.9040549,0.41243574,0.11216755
1356269420910,0.37939647,-0.8960329,0.23061505,0.17914447,-0.17339316,-0.96842253,0.9077256,0.40872946,0.094734594
1356269420950,0.36032608,-0.88639116,0.29064724,0.19522715,-0.2330198,-0.95267427,0.9121685,0.40001562,0.08908452
1356269420991,0.33224142,-0.8721999,0.35900277,0.22125745,-0.29793173,-0.9285914,0.91687554,0.38794854,0.09399541
1356269421029,0.3009584,-0.849164,0.4339869,0.25134483,-0.3683629,-0.89506125,0.9199184,0.3784566,0.10257104
1356269421071,0.27313942,-0.8187697,0.50498617,0.28080025,-0.43422508,-0.8559204,0.92007935,0.37558585,0.11130676
1356269421110,0.25283182,-0.78538096,0.5650247,0.30728054,-0.48857892,-0.81662077,0.91741747,0.38008887,0.11780393
1356269421150,0.24325055,-0.75724435,0.6061437,0.32796884,-0.5238959,-0.7861104,0.9128338,0.39001802,0.12091458
1356269421190,0.24687958,-0.7418662,0.62344605,0.34036857,-0.5359837,-0.77257407,0.9073035,0.4029342,0.12018454
1356269421230,0.26489633,-0.74205184,0.6157833,0.34294045,-0.5243473,-0.779392,0.9012335,0.41763508,0.11558184
1356269421270,0.2964731,-0.7544462,0.58558923,0.33598596,-0.4915666,-0.8034152,0.8939895,0.43494081,0.10774696
1356269421310,0.3371609,-0.7728027,0.53767884,0.32204756,-0.44199026,-0.83721566,0.8846513,0.45543456,0.09985739
1356269421350,0.37650496,-0.7932681,0.47850782,0.30677688,-0.3806156,-0.87236446,0.8741464,0.4752447,0.100052655
1356269421390,0.4000895,-0.81767166,0.41393405,0.29881838,-0.31058997,-0.9023532,0.86639243,0.48471314,0.12007158
1356269421430,0.3996899,-0.8474128,0.3494845,0.30555964,-0.23628587,-0.92238945,0.86422294,0.4754581,0.1644941
1356269421470,0.37944806,-0.87817127,0.29126334,0.3279726,-0.16669488,-0.9298638,0.86513186,0.4483614,0.22476411
1356269421510,0.35482532,-0.9023018,0.2448481,0.35691515,-0.11132538,-0.92747957,0.8641242,0.41648322,0.28254408
1356269421550,0.3397345,-0.9159579,0.21354523,0.37973204,-0.07413709,-0.92212105,0.86045575,0.39436635,0.32263166
1356269421590,0.3384931,-0.92017144,0.19674069,0.3875447,-0.054197133,-0.92025626,0.8574564,0.38774619,0.33826226
1356269421631,0.34758562,-0.9178755,0.19154292,0.37916684,-0.049239874,-0.92401725,0.8575644,0.39380187,0.3309129
1356269421670,0.36165297,-0.91169894,0.19496697,0.35953882,-0.056561112,-0.93141425,0.860197,0.4069469,0.30733573
1356269421710,0.37658885,-0.9034215,0.20496425,0.3348353,-0.07355204,-0.9394016,0.8637512,0.4223974,0.27479857
1356269421751,0.38904953,-0.8945023,0.22024131,0.30935967,-0.098332286,-0.9458475,0.86771953,0.4361153,0.23846674
1356269421790,0.39590222,-0.88634706,0.24010503,0.2858267,-0.12953937,-0.9494855,0.8726766,0.44453186,0.20205672
1356269421830,0.39576766,-0.87952864,0.2641919,0.2653084,-0.1659117,-0.9497814,0.8791925,0.4459851,0.16768385
1356269421870,0.38916072,-0.87341774,0.29273772,0.24913466,-0.20615163,-0.94627345,0.88684034,0.4411836,0.13737252
1356269421910,0.3767619,-0.86712253,0.3258051,0.2401726,-0.24825096,-0.93845016,0.8946327,0.43182176,0.11472751
1356269421950,0.3577497,-0.8605032,0.36269724,0.2411345,-0.29010302,-0.9261179,0.90214705,0.41877723,0.10371276
1356269421994,0.33187598,-0.85342246,0.40190595,0.25098568,-0.3308108,-0.909709,0.9093209,0.40278324,0.10440868
1356269422032,0.3027398,-0.8448601,0.44108963,0.26538944,-0.36977482,-0.8904129,0.9153781,0.386624,0.11227137
1356269422070,0.27731085,-0.8338036,0.47735757,0.28004235,-0.4051236,-0.87031674,0.91906196,0.37502864,0.12115515
1356269422111,0.26107258,-0.8219632,0.50617945,0.29240346,-0.43239295,-0.85295755,0.9199681,0.37069243,0.1274589
1356269422148,0.2563126,-0.8129513,0.5228901,0.30067006,-0.4470685,-0.8424531,0.9186411,0.37314877,0.12984079
1356269422191,0.2633329,-0.80966103,0.5245044,0.3033569,-0.44661558,-0.8417299,0.91576767,0.3807672,0.12800759
1356269422231,0.28104943,-0.81290615,0.5100929,0.2992328,-0.43079132,-0.85139805,0.9118503,0.39192146,0.1221745
1356269422270,0.30788827,-0.8201733,0.48220372,0.28858298,-0.40244228,-0.8687692,0.9066006,0.40663964,0.11278087
1356269422310,0.3418203,-0.82751405,0.445398,0.2738383,-0.3656729,-0.8895482,0.8989836,0.42603266,0.10161066
1356269422351,0.37716067,-0.8332362,0.40431088,0.2599742,-0.32374936,-0.90972507,0.8889113,0.44822288,0.0945144
1356269422390,0.4029285,-0.840672,0.36182758,0.25400734,-0.2770932,-0.9266605,0.87927747,0.46528476,0.10188812
1356269422430,0.40829727,-0.8553966,0.31873178,0.2617683,-0.22478339,-0.9385893,0.8745117,0.46665734,0.13213724
1356269422470,0.3914218,-0.8777094,0.2764331,0.2839501,-0.17053998,-0.943551,0.8753065,0.44781965,0.18247256
1356269422510,0.36209667,-0.90086675,0.2394264,0.3144934,-0.12372744,-0.9411617,0.87748504,0.41608948,0.23851538
1356269422550,0.33439237,-0.9179132,0.21358168,0.34257504,-0.092735946,-0.93490237,0.8779659,0.38579196,0.28344393
1356269422590,0.31678653,-0.9267264,0.20205033,0.35837966,-0.080283284,-0.93011737,0.87818575,0.36705932,0.30668736
1356269422630,0.31011325,-0.9285232,0.20414335,0.35884133,-0.08452433,-0.92956364,0.8803764,0.36152515,0.30698037
1356269422671,0.3126307,-0.9246712,0.21735975,0.34671995,-0.10195345,-0.9324114,0.88433444,0.36686343,0.28872812
1356269422711,0.32154083,-0.9162102,0.23910335,0.3284057,-0.12893552,-0.9356952,0.8881223,0.37938714,0.2594306
1356269422751,0.33413392,-0.9040704,0.2664796,0.3084717,-0.16226423,-0.9372916,0.8906176,0.39538231,0.22466213
1356269422791,0.34699267,-0.8894756,0.29737046,0.28974137,-0.19989312,-0.93599814,0.89198995,0.410945,0.18835646
1356269422830,0.3572321,-0.8734806,0.33078218,0.27409726,-0.24051839,-0.93113995,0.8928919,0.42329955,0.15349776
1356269422871,0.3630222,-0.8566469,0.36656642,0.26285753,-0.28327417,-0.9223132,0.89393556,0.4311749,0.12234127
1356269422910,0.3619073,-0.8394493,0.40539858,0.2583667,-0.32751834,-0.90883356,0.8956951,0.43365508,0.09835443
1356269422950,0.35069162,-0.8230952,0.44668746,0.2622353,-0.37158847,-0.89059234,0.89902616,0.42946053,0.08553168
1356269422990,0.32726276,-0.80819285,0.4896155,0.27401614,-0.4147159,-0.867713,0.9043308,0.41813266,0.08573687
1356269423029,0.29668736,-0.7914851,0.53434825,0.29028535,-0.45831966,-0.8400461,0.9097862,0.4043445,0.09377885
1356269423070,0.26624793,-0.77221656,0.5768827,0.30749178,-0.49917185,-0.81010884,0.9135431,0.39307648,0.104546726
1356269423111,0.24217689,-0.75075185,0.614591,0.32369137,-0.53463656,-0.7806329,0.91464436,0.3879891,0.113535225
1356269423151,0.22811079,-0.7310903,0.6430182,0.336917,-0.56035703,-0.75662863,0.9134837,0.38923892,0.11849326
1356269423191,0.2259726,-0.718127,0.65820193,0.34565103,-0.572604,-0.7434042,0.9107479,0.39549714,0.118828654
1356269423231,0.23668975,-0.7150116,0.657827,0.3489945,-0.5693108,-0.7443709,0.90674186,0.40576297,0.114785135
1356269423271,0.2603103,-0.721847,0.6412296,0.34671575,-0.54994386,-0.75983536,0.9011252,0.42011735,0.10711971
1356269423310,0.29505122,-0.7358107,0.6095306,0.33980626,-0.51541746,-0.7866872,0.89301544,0.4392354,0.097958446
1356269423350,0.33500016,-0.75341773,0.56580603,0.3314837,-0.46787345,-0.81927586,0.8819827,0.462013,0.09300804
1356269423390,0.36863077,-0.77523845,0.512949,0.32625538,-0.40880847,-0.8523105,0.8704418,0.48154026,0.10222629
1356269423430,0.38319457,-0.8031197,0.45624626,0.33037323,-0.34210217,-0.87967014,0.86256325,0.48781642,0.13423756
1356269423470,0.3746792,-0.83606285,0.4007674,0.34668058,-0.27456504,-0.8968984,0.85990006,0.4749875,0.18697292
1356269423510,0.35147023,-0.86764324,0.35165885,0.3705416,-0.21602744,-0.9033444,0.8597486,0.4478029,0.24557069
1356269423550,0.32829225,-0.8911331,0.3132188,0.39196473,-0.17317808,-0.90353364,0.85941136,0.41939384,0.2924397
1356269423590,0.31575572,-0.9043823,0.28703836,0.40238208,-0.14633447,-0.90370065,0.85929453,0.40084773,0.31770128
1356269423630,0.31577796,-0.9091083,0.27167344,0.3982854,-0.13287455,-0.90758646,0.8611928,0.39479935,0.3201257
1356269423671,0.32538986,-0.9078658,0.2643882,0.38038832,-0.13030517,-0.91560113,0.86569405,0.3984975,0.30294156
1356269423711,0.33989668,-0.9029658,0.2629129,0.3538448,-0.13622946,-0.9253299,0.8713577,0.40754697,0.2732057
1356269423751,0.3558793,-0.89591086,0.26588312,0.32364598,-0.14874882,-0.9344127,0.8767003,0.41859016,0.23702124
1356269423791,0.36993822,-0.88801455,0.27308583,0.29390076,-0.16698584,-0.94113654,0.88134444,0.4284225,0.19921379
1356269423830,0.3787935,-0.880461,0.28513852,0.26768717,-0.19069543,-0.9444463,0.8859228,0.43407807,0.16345386
1356269423871,0.3805274,-0.87367964,0.30312175,0.24711695,-0.21979436,-0.9437285,0.8911409,0.43402106,0.13226329
1356269423910,0.37499744,-0.86706686,0.32798186,0.23403373,-0.25379258,-0.9385188,0.8969979,0.42870098,0.10775125
1356269423950,0.36206603,-0.85991013,0.35980928,0.23044226,-0.2914459,-0.92841566,0.903219,0.41906306,0.09263691
1356269423990,0.34135646,-0.8512163,0.39863092,0.23768333,-0.33214945,-0.91278875,0.90938574,0.40633425,0.088938594
1356269424031,0.3155781,-0.83925873,0.4427812,0.25310487,-0.37527043,-0.8916894,0.91452086,0.39346775,0.09399336
1356269424070,0.29013807,-0.82327276,0.4878955,0.27210695,-0.41781175,-0.86682826,0.9174845,0.38425964,0.10279507
1356269424111,0.27080727,-0.8033215,0.530413,0.2909772,-0.45691663,-0.8405708,0.9176032,0.38197073,0.110011965
1356269424150,0.26135617,-0.78213507,0.5656481,0.30746585,-0.48803234,-0.8168777,0.91496325,0.3874135,0.11292953
1356269424191,0.26348191,-0.76371694,0.58933324,0.32031393,-0.5069947,-0.800222,0.90993196,0.3996157,0.1110453
1356269424231,0.277169,-0.75163865,0.598512,0.3281735,-0.51139796,-0.794213,0.90303904,0.416547,0.10492423
1356269424270,0.30170232,-0.7472733,0.5920797,0.32984972,-0.500854,-0.80021536,0.894525,0.4367242,0.095379025
1356269424310,0.33596617,-0.74932426,0.57064867,0.32545847,-0.47618735,-0.81689805,0.88385725,0.4601726,0.083891094
1356269424350,0.37548143,-0.7559203,0.5362818,0.31706595,-0.43894374,-0.84071255,0.8709092,0.48570862,0.07486135
1356269424391,0.40914005,-0.76778257,0.4930663,0.30950856,-0.39155453,-0.8665389,0.8583758,0.507144,0.07743463
1356269424430,0.42312515,-0.78913766,0.4452267,0.30893284,-0.33628762,-0.8896466,0.8517779,0.513977,0.10149881
1356269424471,0.4105299,-0.8205693,0.39765736,0.32108247,-0.27808368,-0.90530413,0.8534467,0.49933523,0.14930871
1356269424510,0.37918717,-0.8548753,0.35412613,0.34441066,-0.22481763,-0.9115034,0.8588356,0.46759516,0.20918018
1356269424550,0.3460908,-0.8825904,0.31820658,0.36943617,-0.18356234,-0.91094553,0.86240256,0.43282688,0.26253158
1356269424590,0.32498115,-0.89946526,0.29214647,0.38562673,-0.15603328,-0.90936553,0.8635273,0.4081861,0.2961499
1356269424631,0.31971812,-0.9064722,0.27584124,0.38736132,-0.14063638,-0.911138,0.8647146,0.39815754,0.30616838
1356269424670,0.32713044,-0.90627015,0.26769385,0.37520573,-0.13542622,-0.9169952,0.86729825,0.40041727,0.29573578
1356269424710,0.34216595,-0.9011791,0.26608026,0.35388646,-0.13873047,-0.92494226,0.87045205,0.41064593,0.27144626
1356269424751,0.3602366,-0.8928852,0.2701584,0.3284717,-0.14964718,-0.9325835,0.8731185,0.42469007,0.23937917
1356269424791,0.37649435,-0.88296753,0.28039306,0.30327278,-0.16851789,-0.9378845,0.8753728,0.4381438,0.20433402
1356269424830,0.38673693,-0.8726456,0.29820165,0.28171614,-0.19610906,-0.93924284,0.87810624,0.44724807,0.16999573
1356269424889,0.3886663,-0.86207867,0.32520604,0.2664273,-0.23272362,-0.9353375,0.8820176,0.45017785,0.13922945
1356269424910,0.3812822,-0.8503762,0.36260736,0.25970942,-0.27791083,-0.92483324,0.8872287,0.44679505,0.1148883
1356269424951,0.36301482,-0.83639985,0.41067693,0.26325577,-0.33072323,-0.9062663,0.89382136,0.4371012,0.100129664
1356269424988,0.33287597,-0.8181914,0.4687819,0.2768599,-0.39042193,-0.87802005,0.90141124,0.42205867,0.096562326
1356269425017,0.29731047,-0.7927911,0.53206074,0.2949626,-0.45373505,-0.84090513,0.90807676,0.4069479,0.09894362
1356269425061,0.25849116,-0.76407504,0.59107673,0.31453693,-0.5119578,-0.79935336,0.9133723,0.39254126,0.107993186
1356269425101,0.22255117,-0.7295851,0.6466657,0.3338465,-0.5661673,-0.75365853,0.915979,0.38361466,0.117568225
1356269425140,0.19642633,-0.69567823,0.6909765,0.3502554,-0.6084274,-0.7121357,0.9158263,0.38190043,0.12415388
1356269425180,0.18456024,-0.670369,0.7187093,0.3630027,-0.63306874,-0.68370557,0.9133273,0.38707832,0.12650633
1356269425220,0.1893509,-0.6601286,0.7268951,0.3713425,-0.63716406,-0.6753715,0.90898347,0.39780927,0.12448621
1356269425260,0.21108043,-0.6675194,0.7140469,0.3738137,-0.6198496,-0.6899637,0.90316576,0.41255832,0.118689716
1356269425301,0.24818844,-0.6894388,0.68049735,0.36958814,-0.58194846,-0.7243898,0.8954368,0.43128893,0.11037552
1356269425340,0.29576588,-0.7199442,0.62785584,0.3591165,-0.5252495,-0.7714585,0.88518804,0.45364448,0.103192955
1356269425380,0.3421319,-0.75323284,0.56177044,0.34595597,-0.45488048,-0.8206084,0.8736476,0.47510412,0.10495633
1356269425420,0.3716107,-0.7875443,0.49160904,0.3377481,-0.3785621,-0.8617523,0.8647726,0.4862764,0.12531385
1356269425461,0.37513697,-0.82293254,0.42667812,0.3419785,-0.30496162,-0.888847,0.8615816,0.4793541,0.16702288
1356269425501,0.35810924,-0.8564068,0.37192094,0.35809147,-0.24189997,-0.9018064,0.86228085,0.45612687,0.22004536
1356269425541,0.33701164,-0.8825849,0.32782137,0.3766621,-0.19272184,-0.90608156,0.86287236,0.4288379,0.26748687
1356269425581,0.3270424,-0.8985146,0.29277086,0.38693646,-0.15532702,-0.90892994,0.8621621,0.41054234,0.29686952
1356269425621,0.33267927,-0.905096,0.2648127,0.38277203,-0.12703735,-0.9150667,0.8618643,0.4057866,0.3041827
1356269425661,0.34898645,-0.9051282,0.24279937,0.36420256,-0.10772437,-0.9250687,0.863461,0.4112646,0.2920556
1356269425700,0.36863992,-0.9014709,0.22683662,0.33607852,-0.09826657,-0.9366936,0.8666925,0.42153758,0.26674002
1356269425741,0.38625622,-0.8962492,0.21804473,0.30451643,-0.09923309,-0.9473239,0.87067544,0.432308,0.23459324
1356269425781,0.39792255,-0.8909683,0.21870783,0.2753311,-0.111426145,-0.95487016,0.87512887,0.44018143,0.20097227
1356269425821,0.40129963,-0.88620543,0.23151344,0.25262892,-0.13586524,-0.9579766,0.8804187,0.4429226,0.16935854
1356269425860,0.39606494,-0.88104796,0.25862515,0.23844099,-0.17331135,-0.95556736,0.8867234,0.44013357,0.14143544
1356269425900,0.38272417,-0.8734485,0.30101463,0.23351762,-0.22378254,-0.9462509,0.8938633,0.4324453,0.11831868
1356269425940,0.3610111,-0.86026603,0.36001846,0.23965007,-0.28750765,-0.9273118,0.90124285,0.42104828,0.102369376
1356269425989,0.32997602,-0.8380733,0.43445253,0.2572121,-0.36299503,-0.8955873,0.9082719,0.40726885,0.095782906
1356269426022,0.29066408,-0.8035283,0.5194772,0.2833217,-0.44629228,-0.8488533,0.9139164,0.39391035,0.09793592
1356269426062,0.24868077,-0.75610715,0.6053593,0.31270546,-0.52885175,-0.7890065,0.9167187,0.38550997,0.10492355
1356269426102,0.21209615,-0.70208424,0.6797741,0.3408087,-0.5987888,-0.72477674,0.9158955,0.38539532,0.11227572
1356269426141,0.18823844,-0.6542853,0.73244596,0.3652031,-0.6456688,-0.6706255,0.91169786,0.39372903,0.11740732
1356269426181,0.18249404,-0.62636393,0.7578682,0.38397864,-0.6641963,-0.6414076,0.9051279,0.40805826,0.11929849
1356269426220,0.19843513,-0.6269314,0.7533794,0.39434072,-0.6526359,-0.6469636,0.8972842,0.42546847,0.1177187
1356269426261,0.2371682,-0.65645725,0.71611106,0.39205915,-0.6097686,-0.68881917,0.88884246,0.4441239,0.11275235
1356269426300,0.29605502,-0.7065324,0.6427779,0.3724777,-0.5342728,-0.75882345,0.879552,0.46407396,0.1049934
1356269426340,0.36570823,-0.7613366,0.5353728,0.3336813,-0.42973024,-0.8390404,0.86885804,0.48548782,0.09688789
1356269426381,0.4287124,-0.80585456,0.40841657,0.2828177,-0.30963632,-0.90782136,0.8580325,0.5047017,0.095164984
1356269426420,0.46743155,-0.83729744,0.28362074,0.2375848,-0.19004142,-0.95259523,0.8515053,0.51265705,0.110097766
1356269426461,0.4749792,-0.86160606,0.17896849,0.21685737,-0.082499236,-0.972711,0.8528585,0.5008281,0.14766024
1356269426500,0.4600676,-0.88265395,0.09622833,0.2220811,0.009461671,-0.9749823,0.85966146,0.46992832,0.20037372
1356269426540,0.44024345,-0.8974253,0.028522998,0.2376363,0.085823566,-0.9675553,0.8658607,0.43273792,0.25104406
1356269426580,0.4309184,-0.9018616,-0.030903012,0.24469978,0.14974546,-0.95796573,0.8685801,0.40524313,0.2852134
1356269426620,0.4357428,-0.89607805,-0.08468938,0.23243457,0.20292741,-0.9512069,0.86954147,0.39479682,0.2967037
1356269426660,0.4479437,-0.884217,-0.13231283,0.2007238,0.24367237,-0.9488591,0.8712384,0.39847717,0.28663495
1356269426701,0.45994884,-0.8708862,-0.17321748,0.15637633,0.27147323,-0.9496572,0.87406725,0.40970662,0.26104975
1356269426741,0.46852142,-0.85864604,-0.20788133,0.106799215,0.28862846,-0.9514661,0.87697303,0.42358068,0.22693127
1356269426781,0.47260445,-0.84891105,-0.23663256,0.057890028,0.2978366,-0.95286,0.87937117,0.43662718,0.18990242
1356269426821,0.47146788,-0.84300303,-0.258967,0.014243275,0.30089292,-0.95355165,0.8817682,0.44588044,0.1538685
1356269426860,0.4652856,-0.841704,-0.27394095,-0.021093726,0.29885018,-0.95406693,0.8849093,0.44969207,0.12129602
1356269426901,0.45536196,-0.8449937,-0.2804123,-0.045966446,0.2922278,-0.95524347,0.8891189,0.44787112,0.09422809
1356269426940,0.44328052,-0.8525685,-0.2768203,-0.05757597,0.2811007,-0.95794964,0.89453197,0.4405786,0.075518966
1356269426988,0.4300599,-0.8642744,-0.26091817,-0.052730262,0.26446968,-0.96295136,0.9012592,0.427885,0.06816438
1356269427022,0.41631544,-0.8796717,-0.22991127,-0.030814469,0.23907036,-0.97051316,0.9086979,0.41112417,0.07242209
1356269427060,0.4034645,-0.8968036,-0.18154791,0.0038618743,0.2000813,-0.9797717,0.9149872,0.394602,0.08418906
1356269427100,0.39374197,-0.9118694,-0.11602354,0.04418394,0.14484805,-0.9884669,0.91815853,0.3840745,0.09732273
1356269427140,0.38829848,-0.92073333,-0.038397342,0.08451676,0.07707235,-0.9934369,0.91764987,0.38250488,0.107744485
1356269427180,0.38682365,-0.92123926,0.041059405,0.120788366,0.0064759254,-0.9926572,0.91420877,0.38894272,0.11377999
1356269427220,0.38942844,-0.9147597,0.10751811,0.14840013,-0.052892804,-0.9875119,0.90902305,0.40052092,0.11515252
1356269427260,0.3975986,-0.9055624,0.1478922,0.16303721,-0.08889124,-0.9826073,0.9029585,0.41479522,0.112297356
1356269427300,0.41316575,-0.8968692,0.15785939,0.16322133,-0.097607136,-0.9817492,0.8959089,0.43139112,0.106060326
1356269427340,0.43618783,-0.888417,0.14302203,0.15209195,-0.08386567,-0.9848018,0.88690937,0.45131105,0.09853992
1356269427380,0.4624957,-0.8791406,0.11493224,0.13822576,-0.056548923,-0.988785,0.8757804,0.47319543,0.095366254
1356269427420,0.48291534,-0.87161756,0.08411655,0.1339626,-0.021392822,-0.99075556,0.8653594,0.48971954,0.1064332
1356269427460,0.48761457,-0.87131613,0.0551385,0.14892608,0.02078116,-0.98862994,0.86026335,0.4902819,0.13989487
1356269427500,0.47392783,-0.880113,0.028167635,0.18244672,0.066850275,-0.98094046,0.86145544,0.47003403,0.19225599
1356269427540,0.44958895,-0.89322424,0.00449419,0.22352245,0.10763204,-0.96873784,0.8648164,0.43653837,0.24804588
1356269427580,0.42685136,-0.9042406,-0.0121225715,0.2584373,0.13482079,-0.95657384,0.86660725,0.40518197,0.29123795
1356269427620,0.4131704,-0.9104657,-0.018501282,0.27857265,0.14570695,-0.949298,0.86699915,0.3870679,0.31383264
1356269427660,0.4085211,-0.9126425,-0.013939291,0.28197566,0.1407145,-0.9490465,0.8681015,0.383775,0.31482774
1356269427719,0.40859932,-0.91271293,0.0013282895,0.27316964,0.12090248,-0.95433795,0.870876,0.39030468,0.29872608
1356269427740,0.41021374,-0.91158706,0.027086914,0.25820547,0.087604195,-0.9621099,0.874674,0.40166473,0.2713132
1356269427781,0.4115634,-0.9091093,0.064309955,0.24213797,0.041045487,-0.9693732,0.8786266,0.41453043,0.23702273
1356269427818,0.41005003,-0.90475947,0.11519265,0.2301529,-0.019566953,-0.97295773,0.88254666,0.4254733,0.20020956
1356269427861,0.4029821,-0.89703727,0.18146518,0.22551134,-0.09483895,-0.96961343,0.88698936,0.43165934,0.16407366
1356269427900,0.3881502,-0.88250434,0.2655664,0.23048505,-0.18604591,-0.955125,0.8923095,0.43194103,0.13119027
1356269427940,0.36372256,-0.85562813,0.3682477,0.24642551,-0.29285747,-0.9238554,0.89832085,0.42677268,0.10432976
1356269427988,0.32665068,-0.81064105,0.48596328,0.27320918,-0.41123152,-0.86962366,0.9047962,0.4168328,0.087145604
1356269428022,0.27382207,-0.74224156,0.61163634,0.307769,-0.53488076,-0.78688043,0.91120785,0.40370792,0.08197677
1356269428062,0.20767224,-0.64975166,0.7312284,0.3421576,-0.6520548,-0.67657423,0.9164062,0.39070106,0.08690381
1356269428102,0.13779718,-0.54021823,0.83016634,0.36960408,-0.7495716,-0.54912204,0.9189149,0.38250032,0.09637809
1356269428142,0.076242626,-0.43145955,0.89890474,0.38917905,-0.8171436,-0.42522466,0.9180015,0.38225514,0.10561383
1356269428182,0.031390786,-0.342856,0.9388633,0.40475953,-0.8544981,-0.32558042,0.91388416,0.3902341,0.111950934
1356269428222,0.007020831,-0.28627664,0.95812136,0.4203869,-0.8685184,-0.2625847,0.9073178,0.40462524,0.11424917
1356269428262,0.0038069487,-0.26424178,0.9644489,0.43766865,-0.8667356,-0.23919767,0.8991282,0.4230197,0.11235073
1356269428300,0.02104789,-0.27364483,0.9616005,0.45600012,-0.8533172,-0.25281152,0.88973075,0.4438111,0.10682154
1356269428340,0.056616127,-0.30901915,0.94936913,0.47379416,-0.8286857,-0.29799172,0.8788138,0.46667668,0.09949449
1356269428380,0.104563,-0.3656554,0.9248583,0.4879566,-0.79146266,-0.3680832,0.86658233,0.48977855,0.09566626
1356269428421,0.15229726,-0.44098166,0.88450027,0.49426582,-0.74100596,-0.45454523,0.8558661,0.5064042,0.105109036
1356269428461,0.1834659,-0.5307051,0.8274614,0.4922769,-0.6789975,-0.54463375,0.85088414,0.5072619,0.1366809
1356269428500,0.18889445,-0.6228497,0.759195,0.48844373,-0.6110998,-0.6228802,0.8519047,0.4884827,0.18879366
1356269428541,0.17382973,-0.7015499,0.6910941,0.4895873,-0.54734004,-0.67876595,0.8544516,0.45634058,0.24832588
1356269428581,0.15596336,-0.7567565,0.634819,0.49464434,-0.49645692,-0.71334255,0.85498685,0.42526492,0.29689613
1356269428621,0.14958459,-0.789382,0.5953994,0.49636555,-0.4608444,-0.73569256,0.855129,0.40558404,0.32288688
1356269428660,0.15910393,-0.805931,0.570229,0.48906386,-0.43739778,-0.75465196,0.85761434,0.39894646,0.32456008
1356269428701,0.18224376,-0.81227314,0.5540753,0.47158456,-0.422262,-0.77414644,0.8627834,0.40237677,0.30610088
1356269428741,0.21231192,-0.8123848,0.5430974,0.4470616,-0.41344792,-0.7932193,0.86894166,0.4112079,0.27540603
1356269428781,0.2425614,-0.8083673,0.53638256,0.41911823,-0.41131765,-0.809418,0.87493074,0.4211412,0.23903179
1356269428821,0.2669558,-0.80104125,0.535787,0.39135325,-0.41794807,-0.819855,0.88066864,0.42854702,0.20191634
1356269428861,0.28183436,-0.79000807,0.54447824,0.36709142,-0.4355188,-0.8219289,0.8864611,0.43152112,0.1672611
1356269428901,0.28594702,-0.7736788,0.5653808,0.3491918,-0.46531576,-0.81335497,0.89235604,0.4300028,0.13710666
1356269428940,0.27841675,-0.749801,0.6002354,0.34001952,-0.5075273,-0.79170865,0.8982598,0.42451674,0.1136429
1356269428989,0.25708413,-0.71597266,0.64906913,0.3408846,-0.5612858,-0.754159,0.9042706,0.41514003,0.09976646
1356269429022,0.22022134,-0.6702573,0.7087015,0.3501436,-0.62380034,-0.69876504,0.91044056,0.40203023,0.09731212
1356269429062,0.17092097,-0.6114247,0.7726227,0.36324704,-0.6898215,-0.62625706,0.9158808,0.3876934,0.10419324
1356269429102,0.11839366,-0.5419911,0.8320028,0.37593618,-0.7510575,-0.54275656,0.9190511,0.37703887,0.11483359
1356269429142,0.072415054,-0.470153,0.8796091,0.38736328,-0.799434,-0.45918944,0.9190787,0.3739805,0.124228954
1356269429181,0.03899169,-0.40673876,0.9127121,0.3988694,-0.8311449,-0.38742936,0.91617846,0.37915945,0.12982777
1356269429220,0.020909667,-0.36179698,0.93202245,0.41135406,-0.8465504,-0.3378467,0.9112358,0.39045548,0.13112551
1356269429260,0.019803047,-0.3416118,0.9396325,0.42493564,-0.8478317,-0.31719247,0.90500695,0.4055647,0.12837338
1356269429300,0.037041366,-0.34965414,0.9361464,0.43861282,-0.83604383,-0.32962048,0.8979125,0.42281538,0.1223945
1356269429340,0.07256287,-0.38440007,0.92031044,0.45123768,-0.81024885,-0.37400728,0.8894488,0.4424178,0.11466175
1356269429380,0.12309462,-0.44156912,0.8887431,0.46078035,-0.76773596,-0.44526708,0.87893635,0.46432537,0.10896227
1356269429421,0.17885602,-0.51699895,0.83709174,0.46307805,-0.7064444,-0.53525233,0.86808366,0.48337194,0.113059044
1356269429460,0.22167683,-0.6023738,0.76681495,0.45731932,-0.6303116,-0.6273486,0.86123073,0.48974794,0.13575172
1356269429500,0.23784369,-0.68816406,0.6854637,0.44895333,-0.54791605,-0.70585334,0.8613195,0.475624,0.17863518
1356269429540,0.23025739,-0.76371413,0.60309404,0.44381016,-0.4691277,-0.76351285,0.8660336,0.4434637,0.23092392
1356269429580,0.21662456,-0.821671,0.5271911,0.44145143,-0.39920568,-0.80358905,0.8707436,0.4068064,0.27625018
1356269429620,0.21447402,-0.861431,0.46036687,0.4365132,-0.33710933,-0.8341545,0.87376046,0.37986064,0.30372468
1356269429661,0.23057759,-0.88653445,0.4011116,0.42262602,-0.28006607,-0.86194557,0.87648225,0.36826557,0.31009564
1356269429704,0.2615775,-0.90058357,0.34716928,0.39585418,-0.22794753,-0.8895726,0.88027084,0.3701206,0.29687375
1356269429750,0.30334747,-0.9053894,0.2970694,0.35306036,-0.18277556,-0.91757363,0.8850585,0.38322705,0.26421267
1356269429791,0.33814967,-0.90417707,0.2609955,0.31012523,-0.15477943,-0.9380115,0.88852525,0.39812955,0.22806953
1356269429831,0.36416647,-0.8996013,0.24104008,0.27174705,-0.14491233,-0.9513958,0.89080656,0.4119684,0.1916918
1356269429871,0.37886137,-0.89248914,0.24480051,0.24391788,-0.15886837,-0.95669484,0.8927308,0.422166,0.15750493
1356269429910,0.3813377,-0.8816563,0.27796364,0.23110712,-0.2002148,-0.9521048,0.89508164,0.42731285,0.12740757
1356269429950,0.37069058,-0.8629656,0.34333488,0.23576212,-0.2701298,-0.9335128,0.8983344,0.4269898,0.10332002
1356269429990,0.34287298,-0.8282192,0.44327316,0.25998542,-0.36978036,-0.8920034,0.902688,0.42108843,0.088537246
1356269430029,0.2929386,-0.76604176,0.57215995,0.30000028,-0.49455184,-0.8157318,0.90784734,0.41060752,0.08493943
1356269430070,0.22198671,-0.673623,0.70494956,0.3416446,-0.6234186,-0.7032981,0.91323644,0.39696506,0.09174898
1356269430110,0.14182168,-0.5585256,0.8172734,0.3719716,-0.7350424,-0.56687725,0.917346,0.38439798,0.10351074
1356269430150,0.071593404,-0.44487214,0.892728,0.38744152,-0.8123391,-0.4358834,0.9191102,0.37708628,0.11420375
1356269430190,0.023412049,-0.35681912,0.9338801,0.3944718,-0.8550446,-0.3365867,0.91860974,0.37626952,0.12073678
1356269430230,-2.3984909E-4,-0.30576503,0.95210695,0.4000278,-0.8726383,-0.2801432,0.91650295,0.3808021,0.122523755
1356269430270,-8.2552433E-4,-0.29250422,0.95626384,0.4073091,-0.8734451,-0.2668198,0.91328996,0.3892747,0.11986074
1356269430310,0.019768953,-0.31403917,0.9492042,0.41584885,-0.8607891,-0.29344833,0.9092189,0.40052664,0.113575876
1356269430350,0.058780193,-0.36276335,0.93002564,0.42413777,-0.8342916,-0.35222822,0.903688,0.41516304,0.1048218
1356269430390,0.11177081,-0.4299423,0.8959112,0.4304064,-0.79166406,-0.43361077,0.8956883,0.43407097,0.09656501
1356269430431,0.16794175,-0.50532985,0.84642625,0.43325722,-0.73341453,-0.5238238,0.88548505,0.45469218,0.09576684
1356269430470,0.20945114,-0.5801026,0.7871538,0.43391964,-0.6662631,-0.606471,0.876267,0.46858758,0.1121684
1356269430510,0.22171885,-0.6471478,0.7294111,0.4382626,-0.6020836,-0.6673988,0.8710722,0.46764848,0.15012738
1356269430569,0.20640963,-0.70065075,0.68299603,0.4488631,-0.5524422,-0.7023741,0.86943483,0.45154846,0.20046693
1356269430590,0.18011981,-0.7367195,0.65176773,0.4612002,-0.52200514,-0.717499,0.86882174,0.42983115,0.24575183
1356269430631,0.16163647,-0.75598764,0.63431567,0.46905088,-0.50666875,-0.7233796,0.868254,0.41445085,0.2727005
1356269430668,0.16138417,-0.76242596,0.6266273,0.46834987,-0.49972594,-0.7286442,0.86867917,0.41107243,0.27643427
1356269430711,0.17954767,-0.7607586,0.62370586,0.45705348,-0.4969172,-0.73768246,0.87112844,0.4175161,0.25848705
1356269430751,0.20855647,-0.75407296,0.62279874,0.4370429,-0.49782455,-0.749109,0.87492734,0.42842126,0.22573763
1356269430791,0.24136567,-0.74407494,0.62297285,0.4123193,-0.5024961,-0.7599279,0.8784847,0.4402842,0.18551111
1356269430831,0.27193356,-0.7307687,0.62612236,0.38770628,-0.51230115,-0.7663102,0.88075876,0.45113698,0.14401177
1356269430871,0.294711,-0.7127378,0.6365141,0.36801267,-0.53006595,-0.763935,0.88187987,0.45938534,0.10608032
1356269430910,0.30472958,-0.68735623,0.6593037,0.35732794,-0.5591567,-0.7481047,0.88286847,0.46355724,0.07521993
1356269430950,0.29744303,-0.65129095,0.69810295,0.3576191,-0.6019616,-0.7139684,0.8852323,0.46201992,0.053864807
1356269430990,0.26774222,-0.59916836,0.75452733,0.36865792,-0.65981734,-0.6547767,0.89017165,0.4534738,0.044227153
1356269431031,0.21471423,-0.5270594,0.8222568,0.38517642,-0.72796077,-0.5671968,0.8975171,0.43849915,0.046707302
1356269431071,0.14419228,-0.43794918,0.88736075,0.39826292,-0.7952147,-0.45718732,0.90586716,0.41932574,0.059755087
1356269431110,0.06949276,-0.3403653,0.9377218,0.4032796,-0.8501764,-0.3384752,0.9124343,0.40168563,0.078181386
1356269431150,0.0046648383,-0.24911109,0.9684637,0.40314928,-0.88581353,-0.22979343,0.91512233,0.3915074,0.09629679
1356269431191,-0.043202102,-0.17693976,0.983273,0.40393737,-0.903255,-0.1447927,0.9137659,0.39092538,0.11049515
1356269431230,-0.07208902,-0.13154759,0.9886852,0.40935802,-0.9078302,-0.09094165,0.9095214,0.3981703,0.11929464
1356269431270,-0.08127123,-0.11660509,0.98984766,0.42036957,-0.9044891,-0.07203542,0.90370595,0.41024745,0.12252605
1356269431311,-0.06975639,-0.13291664,0.9886694,0.43656665,-0.8952042,-0.089548856,0.8969636,0.42537346,0.120473176
1356269431351,-0.035748243,-0.18158628,0.982725,0.45588428,-0.8780393,-0.14565913,0.88932085,0.44280183,0.11417064
1356269431391,0.020168364,-0.25948524,0.96553653,0.47430432,-0.8476602,-0.2377137,0.88013,0.4627524,0.105978996
1356269431431,0.09071529,-0.3590788,0.9288881,0.48553935,-0.7984184,-0.35606116,0.8694954,0.48331195,0.10191813
1356269431471,0.1558218,-0.4661521,0.87087417,0.48550567,-0.7316556,-0.47850212,0.86023474,0.4973754,0.1123116
1356269431511,0.18976218,-0.56440854,0.8033888,0.48007286,-0.66043335,-0.57737166,0.8564581,0.4952484,0.14563182
1356269431551,0.18275976,-0.6434539,0.7433479,0.47958153,-0.6016807,-0.6387346,0.8582543,0.47323084,0.1986256
1356269431590,0.15094393,-0.6999928,0.6980158,0.48599887,-0.56233174,-0.66902024,0.8608258,0.44021943,0.2553151
1356269431631,0.120796144,-0.73658854,0.6654665,0.493895,-0.5369158,-0.6839512,0.86109,0.41128927,0.29894
1356269431671,0.111793876,-0.7596047,0.64070505,0.4968368,-0.51565295,-0.6980368,0.8606134,0.39636207,0.31975263
1356269431711,0.12693411,-0.77453184,0.6196677,0.49021733,-0.49411005,-0.71801263,0.8623077,0.39491218,0.31696954
1356269431751,0.15809804,-0.78363186,0.60077125,0.47275752,-0.4740845,-0.7427948,0.86689407,0.40145355,0.29551607
1356269431790,0.19523972,-0.7872531,0.58490515,0.44696504,-0.45942646,-0.76756084,0.8729855,0.41129053,0.2621763
1356269431830,0.2307139,-0.7852528,0.574586,0.41720903,-0.45364463,-0.7874917,0.8790379,0.42140773,0.22295251
1356269431870,0.2583846,-0.77712977,0.57385254,0.38827837,-0.46038806,-0.7982999,0.8845775,0.4290829,0.18278551
1356269431910,0.27437437,-0.7621008,0.58644795,0.364244,-0.48204583,-0.7968427,0.8899691,0.43224338,0.14532956
1356269431951,0.27780074,-0.7390667,0.6136833,0.34724605,-0.5183758,-0.7814773,0.8956824,0.43019408,0.11263284
1356269431990,0.26857203,-0.705976,0.6553373,0.33876085,-0.56764895,-0.75034374,0.9017262,0.42352396,0.08670238
1356269432031,0.24544543,-0.66025794,0.70979995,0.34004512,-0.627034,-0.70085484,0.9078137,0.41338557,0.070614934
1356269432070,0.20683056,-0.60049444,0.77241665,0.3495822,-0.69201237,-0.6315942,0.91379064,0.4006561,0.066792846
1356269432110,0.15585607,-0.5286649,0.8343994,0.36225635,-0.75527406,-0.5461973,0.9189555,0.38739464,0.07379812
1356269432150,0.10305053,-0.45353493,0.8852608,0.37349698,-0.8072289,-0.45703548,0.92188966,0.37773997,0.08620861
1356269432190,0.060136616,-0.38860613,0.91943944,0.38311994,-0.8415733,-0.38075382,0.921739,0.37515283,0.0982734
