1356269487344,0.7645393,-0.38716793,0.5153452,0.42433816,-0.2995047,-0.8545374,0.48519775,0.872008,-0.064693004
1356269487382,-0.8087017,0.41937912,-0.4124593,-0.33251446,0.252482,0.90867317,0.48521715,0.87199426,-0.06473303
1356269487420,-0.8086713,0.41942996,-0.41246733,-0.33237964,0.25273275,0.90865284,0.48536023,0.87189716,-0.06496781
1356269487460,-0.80852586,0.4197178,-0.41245946,-0.33192706,0.25348592,0.90860844,0.48591176,0.87153995,-0.06563419
1356269487501,-0.8081359,0.42071322,-0.41220954,-0.3306813,0.25506026,0.9086221,0.4874076,0.87060016,-0.06700134
1356269487540,-0.80738497,0.4230925,-0.41124478,-0.32780853,0.25786543,0.9088713,0.49058244,0.8686185,-0.06950331
1356269487581,-0.806202,0.42740417,-0.4091015,-0.32235765,0.2624933,0.90949595,0.4961087,0.86511445,-0.073845625
1356269487622,-0.80461895,0.43383563,-0.40543175,-0.31355476,0.26939946,0.9105533,0.50425357,0.8597736,-0.08073264
1356269487660,-0.8027802,0.4422868,-0.3999077,-0.3008967,0.2785337,0.9120746,0.51478636,0.8525265,-0.09051865
1356269487701,-0.80095124,0.4524088,-0.3921778,-0.28426534,0.28914046,0.91410667,0.52694434,0.8436374,-0.10298324
1356269487740,-0.7995018,0.46349317,-0.38206166,-0.26413727,0.29997855,0.9166485,0.5394706,0.83377874,-0.11740762
1356269487781,-0.7988866,0.47442406,-0.3697324,-0.24169272,0.30968827,0.91960746,0.55078566,0.82402366,-0.13274097
1356269487820,-0.7995788,0.48385233,-0.35575375,-0.21875323,0.3170278,0.9228437,0.5593039,0.8157085,-0.1476444
1356269487860,-0.80202776,0.49038586,-0.34098873,-0.19759765,0.32090724,0.9262687,0.56365484,0.81027174,-0.16047746
1356269487901,-0.80660015,0.49270532,-0.32655424,-0.18049195,0.32077068,0.92980045,0.5628666,0.8089176,-0.16980433
1356269487940,-0.81338036,0.48997054,-0.313594,-0.16901198,0.31677914,0.9333198,0.5566393,0.81214523,-0.17485106
1356269487980,-0.8218829,0.48234087,-0.30307728,-0.16382225,0.30943072,0.9367043,0.5455922,0.819512,-0.17529768
1356269488020,-0.83100176,0.4712718,-0.2955316,-0.16458298,0.29918885,0.93989277,0.53136474,0.829692,-0.17106318
1356269488060,-0.83950585,0.45899493,-0.29078117,-0.17001589,0.28638816,0.94290847,0.5160665,0.84101456,-0.16238815
1356269488100,-0.8464556,0.44792998,-0.28787452,-0.17800748,0.27148676,0.9458373,0.501823,0.8518531,-0.15006661
1356269488140,-0.8514296,0.44013715,-0.28521386,-0.18613683,0.254825,0.94890326,0.4903272,0.8610131,-0.1350398
1356269488180,-0.85423666,0.43746477,-0.28089923,-0.1920374,0.23658049,0.952445,0.4831164,0.8675565,-0.11808616
1356269488220,-0.85471165,0.44141153,-0.2731734,-0.19354692,0.2173118,0.956721,0.4816715,0.87059253,-0.10030502
1356269488271,-0.8527293,0.45241266,-0.2611044,-0.18970798,0.19750345,0.9617709,0.48668635,0.86966383,-0.0825907
1356269488302,-0.84892297,0.46848,-0.2446556,-0.18082629,0.1775167,0.9673622,0.4966203,0.86545616,-0.06598449
1356269488342,-0.84454787,0.48575962,-0.22533615,-0.16851689,0.15832728,0.97290003,0.5082724,0.8596337,-0.05185622
1356269488372,-0.84126735,0.4998841,-0.2058768,-0.15532419,0.1412701,0.9777102,0.51782596,0.8544932,-0.04120189
1356269488412,-0.8394998,0.50910074,-0.18988591,-0.14429659,0.12803406,0.9812165,0.5238499,0.8511309,-0.034023046
1356269488442,-0.83869404,0.5139227,-0.18021016,-0.13822463,0.11919099,0.98320264,0.5267696,0.84951574,-0.028927922
1356269488482,-0.83932716,0.5137642,-0.17769714,-0.13787097,0.11501509,0.9837495,0.52585316,0.85018694,-0.025702119
1356269488520,-0.8388178,0.50979084,-0.19104461,-0.15016264,0.12065256,0.9812717,0.5232933,0.85179585,-0.024653971
1356269488562,-0.835082,0.50242674,-0.22406554,-0.17800294,0.13861078,0.97421867,0.5205314,0.85343677,-0.026317954
1356269488602,-0.82539743,0.48968777,-0.28093597,-0.22551712,0.17020684,0.95925575,0.51755303,0.8551231,-0.030055285
1356269488640,-0.8046218,0.46976215,-0.3631905,-0.29589283,0.21309239,0.93114936,0.5148119,0.8566885,-0.032459557
1356269488680,-0.76379174,0.4464792,-0.46613133,-0.3875025,0.26036227,0.8843378,0.51620144,0.85607696,-0.025850713
1356269488720,-0.69381195,0.43205807,-0.5761517,-0.48901793,0.30465102,0.81734276,0.5286647,0.8488307,-8.636713E-5
1356269488761,-0.592959,0.43672073,-0.67651653,-0.58297384,0.34672385,0.7347952,0.55546474,0.83009493,0.04900372
1356269488801,-0.47258788,0.4544239,-0.7550891,-0.65464807,0.3925926,0.64599293,0.589997,0.79960614,0.11195326
1356269488840,-0.3547637,0.46641654,-0.8103076,-0.7001268,0.4418708,0.5608678,0.6196493,0.7662935,0.16979092
1356269488880,-0.25907254,0.46171725,-0.8483506,-0.725927,0.4862998,0.48635638,0.63711184,0.74184215,0.20918602
1356269488920,-0.19311059,0.44088465,-0.87654376,-0.7412831,0.519722,0.42472154,0.64281225,0.73178536,0.22645652
1356269488961,-0.1558634,0.40921852,-0.8990254,-0.7519181,0.54107124,0.37664443,0.64056665,0.7346986,0.2233656
1356269489000,-0.14326823,0.37194884,-0.9171305,-0.7604412,0.5517178,0.34254435,0.63340616,0.74649954,0.20380157
1356269489040,-0.1507762,0.33364707,-0.93056214,-0.7678918,0.5533003,0.3228015,0.6225821,0.763242,0.1727804
1356269489081,-0.17439759,0.29794985,-0.9385155,-0.77406555,0.5476253,0.31769323,0.6086115,0.7818775,0.13512814
1356269489120,-0.21110255,0.26789021,-0.9400374,-0.777357,0.5370184,0.3276083,0.5925805,0.7999037,0.0948804
1356269489160,-0.25884473,0.2462723,-0.9339963,-0.7752521,0.5238274,0.35297155,0.57618,0.81544757,0.055333197
1356269489201,-0.31602535,0.23588109,-0.91896033,-0.7650105,0.5095335,0.39387122,0.5611478,0.8274876,0.019426048
1356269489270,-0.38094482,0.24096283,-0.89264655,-0.7434982,0.49407527,0.4506662,0.5496284,0.83536005,-0.009059966
1356269489283,-0.44997472,0.26612705,-0.8524664,-0.7078511,0.4757157,0.5221507,0.54449004,0.83837396,-0.025681615
1356269489322,-0.52001876,0.31233153,-0.7950028,-0.65603554,0.44999325,0.6059071,0.5469898,0.8366332,-0.029104292
1356269489362,-0.58372635,0.37125832,-0.7221016,-0.59202904,0.41401815,0.69144094,0.5556664,0.8311175,-0.021877587
1356269489402,-0.63824594,0.4293051,-0.63901424,-0.5228036,0.36758518,0.7691277,0.56508267,0.8249717,-0.0101674795
1356269489442,-0.68158334,0.473152,-0.55818564,-0.45907804,0.31752044,0.82971567,0.569817,0.8217712,7.971525E-4
1356269489482,-0.7135985,0.49758244,-0.4931418,-0.40991557,0.2742737,0.8699098,0.5681077,0.8229129,0.008245528
1356269489512,-0.7334599,0.5072408,-0.45248565,-0.37984115,0.24619174,0.89168954,0.56369954,0.82589126,0.012099206
1356269489552,-0.7461145,0.50430906,-0.4347249,-0.36669248,0.23373753,0.9005018,0.55574274,0.8312877,0.010531366
1356269489592,-0.74517477,0.48800862,-0.45449102,-0.38281214,0.24502015,0.8907412,0.5460489,0.83774257,0.0042327642
1356269489632,-0.7278305,0.45706466,-0.51122844,-0.42964658,0.27710372,0.85942847,0.5344777,0.8451659,-0.005308211
1356269489672,-0.6879334,0.40955967,-0.59917325,-0.50575477,0.32158887,0.8004953,0.52053803,0.85372216,-0.014095008
1356269489710,-0.6179154,0.35299134,-0.70255077,-0.60100585,0.36405152,0.7115184,0.5069245,0.8618953,-0.012803137
1356269489750,-0.5161259,0.30842867,-0.7990531,-0.695101,0.39425784,0.60116166,0.50044847,0.8656977,0.010902345
1356269489791,-0.39020383,0.29389662,-0.87256277,-0.7686197,0.41778308,0.48443896,0.5069169,0.85969883,0.06287414
1356269489831,-0.2543484,0.30069366,-0.919179,-0.81317794,0.44797522,0.371564,0.5234963,0.8419628,0.13057572
1356269489870,-0.13023272,0.3049873,-0.94340986,-0.83097816,0.48546764,0.27165502,0.5408463,0.81933135,0.19021404
1356269489911,-0.03595668,0.2923447,-0.95563686,-0.8324772,0.5202852,0.19048631,0.5528914,0.8023951,0.22466254
1356269489948,0.022485614,0.2636205,-0.9643644,-0.8279239,0.5456032,0.12984279,0.56038964,0.79550076,0.23052591
1356269489991,0.047170192,0.22494557,-0.97322893,-0.82308435,0.56078696,0.08972344,0.56595695,0.7968172,0.21160156
1356269490030,0.045069784,0.18579507,-0.9815543,-0.8202497,0.5677309,0.069800615,0.5702273,0.8019737,0.17798579
1356269490071,0.022233069,0.15057799,-0.98834807,-0.8194343,0.5690928,0.06826985,0.5727417,0.8083685,0.13604152
1356269490110,-0.01662302,0.12373111,-0.99217665,-0.81903803,0.5674839,0.08449125,0.5734985,0.8140348,0.09190714
1356269490150,-0.06712058,0.10800052,-0.9918824,-0.8166985,0.5651208,0.11679876,0.5731477,0.81790847,0.050272644
1356269490190,-0.12561768,0.10442817,-0.98656726,-0.81037235,0.56285465,0.1627613,0.5722909,0.8199326,0.013921201
1356269490231,-0.18917578,0.11367336,-0.9753414,-0.79853773,0.56023186,0.2201767,0.5714455,0.82049906,-0.015209794
1356269490272,-0.25391746,0.13651738,-0.95754313,-0.7799351,0.55660135,0.286175,0.5720377,0.8194864,-0.03485614
1356269490309,-0.3186062,0.17378959,-0.9318193,-0.7533324,0.550225,0.36019826,0.57530904,0.816731,-0.044383824
1356269490351,-0.37607852,0.22046909,-0.89997697,-0.7215613,0.5396595,0.4337244,0.58130395,0.812503,-0.043872416
1356269490390,-0.42896858,0.27129427,-0.8616178,-0.6871748,0.5211078,0.5061989,0.5863247,0.80922556,-0.037112296
1356269490430,-0.47816005,0.3174919,-0.8188784,-0.65390867,0.49373683,0.5732603,0.5863159,0.8095819,-0.02847457
1356269490470,-0.52264136,0.35223576,-0.77638644,-0.6247872,0.4613679,0.6299052,0.58007497,0.8142909,-0.021057606
1356269490511,-0.55967903,0.3727284,-0.74015737,-0.6021,0.43079817,0.6722266,0.5694164,0.8218799,-0.016688943
1356269490550,-0.58628553,0.37948152,-0.71572554,-0.5880988,0.40824568,0.69819427,0.5571437,0.8302585,-0.016175926
1356269490590,-0.6007677,0.3738401,-0.70662713,-0.58505505,0.3967598,0.7073134,0.54478335,0.8383467,-0.019643426
1356269490631,-0.6030001,0.35642403,-0.7136896,-0.59467125,0.3955034,0.69995946,0.53174907,0.8464863,-0.026533544
1356269490670,-0.5925562,0.32920521,-0.7351878,-0.6176672,0.40016168,0.6770214,0.517073,0.85527456,-0.033779025
1356269490710,-0.5656916,0.30027384,-0.768003,-0.65348905,0.40478867,0.63960785,0.50293636,0.86370236,-0.032759845
1356269490751,-0.5144379,0.28403288,-0.80912226,-0.69942236,0.40694165,0.5875431,0.4961471,0.8681727,-0.010687232
1356269490790,-0.43202186,0.29105896,-0.85360515,-0.7484701,0.41232455,0.51940435,0.5031396,0.86329204,0.039715767
1356269490830,-0.32371336,0.31475216,-0.8922672,-0.78925985,0.43025756,0.43811807,0.5218034,0.84605527,0.10914105
1356269490870,-0.2114707,0.33653343,-0.9176194,-0.8133476,0.46002308,0.35615236,0.5419833,0.82165927,0.17643726
1356269490910,-0.120233566,0.3420189,-0.93196934,-0.82317203,0.49040338,0.28616834,0.55491585,0.80157816,0.22257745
1356269490950,-0.06260729,0.32839853,-0.942462,-0.826137,0.51278466,0.23355845,0.55998033,0.7932253,0.23919815
1356269490992,-0.038457543,0.2997301,-0.9532487,-0.8269218,0.526019,0.19875726,0.5610004,0.7959058,0.22762394
1356269491031,-0.041559517,0.26229608,-0.96409214,-0.827124,0.53225803,0.18046409,0.56048083,0.8049237,0.19483095
1356269491070,-0.064148515,0.2226496,-0.9727857,-0.826975,0.53375125,0.1766974,0.5585673,0.81580436,0.14988625
1356269491110,-0.09995857,0.1857596,-0.97749764,-0.8256765,0.5327153,0.18566841,0.5552177,0.825656,0.100127876
1356269491150,-0.14424261,0.15498728,-0.97732955,-0.821579,0.5317377,0.20557988,0.5515452,0.8326068,0.05063504
1356269491190,-0.19240004,0.13385358,-0.9721448,-0.81316996,0.5327853,0.23429555,0.54930574,0.83559746,0.0063378215
1356269491230,-0.23996392,0.12488827,-0.962715,-0.80005085,0.536252,0.26898402,0.5498508,0.8347674,-0.028764188
1356269491270,-0.2831464,0.13042498,-0.9501671,-0.7830064,0.54066217,0.30754727,0.5538313,0.83106786,-0.050962985
1356269491311,-0.31950277,0.15165997,-0.9353702,-0.7634047,0.5435833,0.34889895,0.5613656,0.8255401,-0.05789846
1356269491350,-0.34958926,0.1865268,-0.9181477,-0.7424959,0.5425055,0.39292198,0.5713906,0.8190822,-0.051158667
1356269491390,-0.3768325,0.22874156,-0.8975938,-0.72162104,0.5350459,0.43930507,0.5807412,0.813267,-0.036557972
1356269491430,-0.4045985,0.27010077,-0.87369657,-0.70233655,0.5200949,0.48602957,0.58568203,0.81027585,-0.020727932
1356269491470,-0.4332232,0.30391514,-0.84850055,-0.68574744,0.49976927,0.5291324,0.58486587,0.8110896,-0.008102536
1356269491510,-0.46013373,0.32646593,-0.82564944,-0.67255425,0.47892416,0.56418294,0.57960993,0.81489366,-8.030534E-4
1356269491551,-0.481731,0.3365891,-0.80910015,-0.6638448,0.462551,0.5876705,0.57205355,0.820216,6.1780214E-4
1356269491591,-0.49533737,0.33442685,-0.80174786,-0.661185,0.4534825,0.59765214,0.56344956,0.8261431,-0.0035088062
1356269491631,-0.50017905,0.32019484,-0.8045472,-0.6661664,0.45130134,0.5937587,0.5532117,0.83294797,-0.012428403
1356269491670,-0.4963867,0.29499876,-0.81644106,-0.6800595,0.45240325,0.5769319,0.5395547,0.8416098,-0.02395022
1356269491711,-0.4809488,0.26408046,-0.83603215,-0.70402753,0.45197856,0.5477779,0.522526,0.8520428,-0.031458616
1356269491750,-0.44372743,0.23808822,-0.86395603,-0.7390052,0.44812435,0.5030465,0.5069292,0.8616835,-0.022896647
1356269491790,-0.36986682,0.22664413,-0.9010166,-0.78287446,0.4461976,0.43360728,0.500306,0.8657599,0.01240021
1356269491830,-0.25305027,0.22800425,-0.9402019,-0.82491326,0.45689094,0.3328196,0.50545394,0.8598051,0.07246739
1356269491870,-0.111848325,0.2286937,-0.9670518,-0.84900963,0.48372355,0.21258926,0.5164035,0.84481406,0.14005947
1356269491910,0.01768282,0.21758774,-0.9758806,-0.8508451,0.5158886,0.09960809,0.5251192,0.8285618,0.19425577
1356269491950,0.1089322,0.19423014,-0.974889,-0.84147674,0.5401225,0.013585269,0.5291982,0.8188665,0.22227687
1356269491990,0.15556145,0.16471368,-0.973997,-0.83297896,0.55187786,-0.039710134,0.53098655,0.8174963,0.22305393
1356269492030,0.16125327,0.13548648,-0.97756875,-0.83094,0.5530723,-0.060413063,0.53248096,0.8220428,0.2017659
1356269492070,0.13374215,0.11230376,-0.9846324,-0.8350121,0.54786927,-0.050931215,0.53373003,0.8289916,0.16704822
1356269492110,0.07855368,0.09911001,-0.9919711,-0.8414845,0.5401327,-0.012670875,0.53454024,0.8357236,0.12582892
1356269492150,-6.0766935E-5,0.09894234,-0.9950932,-0.84440225,0.5330759,0.053055406,0.53570974,0.8402621,0.08351469
1356269492190,-0.097280204,0.11385009,-0.9887238,-0.8370547,0.52805674,0.14316249,0.5384013,0.8415428,0.04392928
1356269492230,-0.20617646,0.14458826,-0.9677734,-0.8139703,0.52357674,0.25163388,0.54308695,0.8396199,0.009741366
1356269492270,-0.31668237,0.1903336,-0.9292392,-0.7730164,0.51594126,0.3691209,0.549689,0.8352112,-0.016258538
1356269492309,-0.42058444,0.24981885,-0.8721807,-0.71563804,0.49954212,0.48818016,0.5576476,0.8294867,-0.031319737
1356269492350,-0.50624955,0.3163886,-0.8022529,-0.6493865,0.47226864,0.59603655,0.56745803,0.8227154,-0.03362733
1356269492390,-0.5775801,0.38620555,-0.7191985,-0.5767421,0.4304471,0.6943226,0.5777281,0.8158189,-0.025876641
1356269492430,-0.640824,0.45147866,-0.62089574,-0.49708652,0.37231314,0.7837652,0.5850209,0.8108945,-0.014163196
1356269492470,-0.6978566,0.50351787,-0.50937796,-0.4105577,0.30153275,0.8605349,0.5868888,0.809659,-0.0037034154
1356269492510,-0.7462513,0.53746873,-0.39272937,-0.32038578,0.22714871,0.91965014,0.58349115,0.812115,0.002687335
1356269492551,-0.78313714,0.5539261,-0.28259894,-0.23315026,0.15974808,0.9592296,0.57648695,0.81709635,0.004043281
1356269492591,-0.8085145,0.55738467,-0.18874995,-0.15569557,0.10670382,0.982025,0.567506,0.823369,5.107522E-4
1356269492631,-0.8253838,0.55248076,-0.116218105,-0.09254272,0.07067084,0.99319756,0.5569358,0.8305243,-0.007202506
1356269492689,-0.8381083,0.5415082,-0.06590313,-0.045782477,0.050560594,0.99767107,0.5435792,0.8391736,-0.017583609
1356269492710,-0.8499226,0.52553475,-0.038008466,-0.01855573,0.042237103,0.9989352,0.52658063,0.849723,-0.026146531
1356269492751,-0.86078423,0.5077943,-0.03457582,-0.018112406,0.037328422,0.99913895,0.50864774,0.86066926,-0.022934318
1356269492788,-0.8658978,0.4964662,-0.06117353,-0.055025607,0.027014792,0.9981194,0.49718514,0.86763555,0.0039263368
1356269492830,-0.8565184,0.5017897,-0.12076181,-0.13387536,0.009968221,0.990948,0.4984513,0.86493224,0.05863923
1356269492870,-0.8244304,0.5263562,-0.20799889,-0.2446923,-1.0621548E-4,0.96960074,0.5103333,0.85026413,0.12888294
1356269492910,-0.7714023,0.55894387,-0.30417162,-0.3605839,0.009907603,0.9326742,0.52432615,0.8291463,0.19390339
1356269492950,-0.7132344,0.5832758,-0.38869768,-0.45407006,0.037964046,0.89015675,0.53396344,0.81138647,0.23777086
1356269492991,-0.6674427,0.59125805,-0.45269662,-0.51372766,0.07448888,0.85471356,0.5390771,0.80303514,0.25402856
1356269493031,-0.64124024,0.5842093,-0.49750444,-0.5427462,0.113010764,0.8322591,0.54243684,0.8036966,0.24461019
1356269493071,-0.63357985,0.5668277,-0.52657646,-0.5489555,0.15024608,0.8222372,0.5451829,0.81002,0.21597034
1356269493111,-0.6403096,0.54422253,-0.5420569,-0.5395109,0.18366647,0.8217023,0.5467466,0.8185894,0.17601049
1356269493151,-0.6568578,0.5214432,-0.54464185,-0.51869386,0.21177351,0.82831675,0.5472609,0.8265887,0.1313644
1356269493191,-0.6790383,0.50339156,-0.53432566,-0.48837286,0.23365825,0.84077096,0.5480866,0.8318658,0.08717996
1356269493230,-0.70356,0.49357438,-0.51126075,-0.44957775,0.24802107,0.8581174,0.55034816,0.83358854,0.04740244
1356269493270,-0.72755706,0.49360237,-0.4764634,-0.4039168,0.25317752,0.8790633,0.55453753,0.83202034,0.015173197
1356269493309,-0.7488679,0.5036086,-0.4307843,-0.3535289,0.24623752,0.90243244,0.56054795,0.82809746,-0.00635916
1356269493350,-0.76409894,0.5217615,-0.37936518,-0.3041231,0.22726929,0.9251259,0.5689131,0.8222614,-0.014976561
1356269493390,-0.77372473,0.54402006,-0.32464182,-0.25805423,0.19736278,0.94575685,0.5785829,0.8155306,-0.012317836
1356269493430,-0.7806016,0.5632293,-0.2709869,-0.21726683,0.16200548,0.96257436,0.58605146,0.8102635,-0.0040907264
1356269493471,-0.7880108,0.57373476,-0.22330981,-0.1830391,0.12798929,0.9747386,0.58782274,0.80897903,0.0041590333
1356269493510,-0.79731643,0.57438993,-0.18537231,-0.15597917,0.10060495,0.98262364,0.5830585,0.8123761,0.00937885
1356269493551,-0.80761117,0.56748027,-0.16040634,-0.13741834,0.083420575,0.986994,0.5734808,0.8191502,0.010610938
1356269493591,-0.8171771,0.55608344,-0.15163377,-0.12982541,0.07873875,0.9884056,0.5615754,0.8273883,0.007850289
1356269493631,-0.8247639,0.54155236,-0.16274384,-0.13682945,0.08812082,0.98666734,0.54867315,0.8360358,0.0014214516
1356269493670,-0.8295139,0.52213055,-0.19820814,-0.1634102,0.112458885,0.9801276,0.5340448,0.8454187,-0.00796479
1356269493711,-0.8286201,0.4943673,-0.26265895,-0.21618117,0.15021712,0.96472824,0.5163859,0.85617507,-0.0176
1356269493750,-0.8135947,0.4585259,-0.35751617,-0.30097282,0.19397336,0.9336968,0.49747276,0.86725336,-0.019811928
1356269493790,-0.7703877,0.42509848,-0.47517794,-0.41488642,0.23166305,0.87988716,0.48411983,0.8749991,-0.0021027327
1356269493831,-0.688322,0.41122785,-0.5975822,-0.54047114,0.25873858,0.8005906,0.48384273,0.87404007,0.04416132
1356269493870,-0.5713833,0.42144206,-0.70420724,-0.6532822,0.28579545,0.7011015,0.4967329,0.8606437,0.11202186
1356269493910,-0.440616,0.43855587,-0.78327924,-0.73593974,0.32318097,0.59493434,0.5140529,0.8385838,0.18035191
1356269493950,-0.32271188,0.44225287,-0.8368211,-0.78607845,0.367225,0.4972188,0.5271981,0.8182654,0.22913754
1356269493990,-0.23469448,0.42520887,-0.8741373,-0.8116744,0.40909725,0.4169222,0.5348861,0.8073642,0.24911827
1356269494030,-0.18094596,0.39126444,-0.902314,-0.82170105,0.4440013,0.35730958,0.5404311,0.8060862,0.24116224
1356269494070,-0.15889597,0.34872007,-0.9236592,-0.82261753,0.4705636,0.3191713,0.5459418,0.8105333,0.21209258
1356269494110,-0.16407031,0.30605182,-0.93777025,-0.8182657,0.4887116,0.30265853,0.55092835,0.81700253,0.17024869
1356269494150,-0.19201979,0.27045876,-0.9433877,-0.80976886,0.49941114,0.3079983,0.5544391,0.8230678,0.12311232
1356269494190,-0.23869225,0.24759153,-0.9390018,-0.7956687,0.50448096,0.33527642,0.55672014,0.8271622,0.07658517
1356269494230,-0.3005159,0.24115697,-0.92278576,-0.7728678,0.5053711,0.38376492,0.5588968,0.8285188,0.034510374
1356269494270,-0.37396106,0.2526946,-0.8923556,-0.737923,0.50176644,0.45133147,0.56180304,0.82727015,-0.0011718869
1356269494309,-0.45574555,0.28290743,-0.84395456,-0.6877004,0.49005732,0.5356417,0.5651231,0.82450426,-0.028785884
1356269494350,-0.53649807,0.32748812,-0.77776694,-0.6233884,0.46741998,0.6268217,0.5688205,0.8211395,-0.046617627
1356269494390,-0.61073554,0.38253647,-0.69330215,-0.54659915,0.42982614,0.7186646,0.57291484,0.81787246,-0.053416014
1356269494430,-0.6732495,0.4387025,-0.59521025,-0.46333864,0.37702703,0.8019775,0.5762399,0.81571484,-0.05056548
1356269494471,-0.7223224,0.484832,-0.4931413,-0.3822024,0.314416,0.8689442,0.5763434,0.8161376,-0.041805744
1356269494510,-0.7603245,0.5144319,-0.39656848,-0.30919945,0.25027478,0.91747385,0.57122886,0.82019657,-0.031227946
1356269494550,-0.79026073,0.5274241,-0.3119485,-0.24650675,0.19243991,0.94984275,0.5610013,0.8275208,-0.02206415
1356269494590,-0.8141383,0.52753943,-0.24265411,-0.1943813,0.14617807,0.96997315,0.5471698,0.83685964,-0.016465366
1356269494631,-0.8326993,0.5203057,-0.1894567,-0.15234281,0.113677084,0.98176837,0.53235656,0.84638023,-0.015394032
1356269494670,-0.84681827,0.5094777,-0.15274595,-0.12112211,0.09491724,0.98808914,0.51790756,0.8552329,-0.018668652
1356269494710,-0.8578954,0.49622697,-0.13332018,-0.10278137,0.08849293,0.9907598,0.50343966,0.8636711,-0.024914801
1356269494751,-0.8664124,0.48119262,-0.13335416,-0.10184863,0.09114802,0.9906154,0.4888318,0.8718634,-0.029963017
1356269494791,-0.8694963,0.46880686,-0.15555152,-0.12511154,0.09561902,0.98752415,0.4778318,0.87810993,-0.024487257
1356269494831,-0.8603753,0.46913546,-0.19916414,-0.17680784,0.09176749,0.979958,0.47800982,0.87834543,0.0039922595
1356269494870,-0.832944,0.49099112,-0.2552098,-0.25087982,0.07600194,0.9650301,0.49321765,0.86784303,0.059874415
1356269494910,-0.788925,0.5317939,-0.30788425,-0.33027998,0.05554223,0.94224745,0.518182,0.8450505,0.13182217
1356269494950,-0.7388013,0.57355356,-0.35384864,-0.40193385,0.046450198,0.91448975,0.54094523,0.81785,0.19621313
1356269494990,-0.6907533,0.6006648,-0.40256897,-0.46349892,0.059511602,0.8840968,0.55500335,0.797283,0.23729968
1356269495030,-0.64395696,0.6068136,-0.46593624,-0.5195053,0.10025829,0.8485649,0.5616347,0.7884957,0.25068092
1356269495070,-0.5938337,0.59033144,-0.54669034,-0.57302046,0.16667384,0.80241346,0.56480885,0.7897649,0.23929554
1356269495110,-0.5386793,0.55101997,-0.63733953,-0.6234874,0.24806225,0.74143684,0.5666464,0.79676986,0.20992798
1356269495150,-0.48319113,0.49279737,-0.7236553,-0.6668556,0.32841855,0.6689131,0.5673005,0.8057865,0.16993576
1356269495190,-0.43816322,0.42699173,-0.7910065,-0.69770503,0.3932839,0.5987785,0.5667636,0.8142518,0.12559164
1356269495230,-0.41577834,0.36937284,-0.8310789,-0.7122114,0.43604362,0.5501099,0.5655823,0.8206276,0.081774056
1356269495270,-0.42551386,0.33361715,-0.841212,-0.7073923,0.45711607,0.5391114,0.56438833,0.8244662,0.041488945
1356269495311,-0.47909468,0.33375013,-0.81183696,-0.67304826,0.4540218,0.58384097,0.56344867,0.8261205,0.007110536
1356269495350,-0.58236665,0.38027012,-0.718501,-0.58617836,0.41594738,0.69525737,0.5632442,0.8260644,-0.01932776
1356269495390,-0.72304624,0.47375578,-0.50275207,-0.39781177,0.30943388,0.8637109,0.5647565,0.82450354,-0.03526938
1356269495430,-0.8144367,0.5548992,-0.16964595,-0.11727837,0.12891346,0.98469645,0.56827694,0.8218687,-0.03991419
1356269495470,-0.81110144,0.5710974,0.12634176,0.124129206,-0.043014407,0.99133325,0.5715823,0.8197546,-0.036000848
1356269495528,-0.7761048,0.5508568,0.30694968,0.26735547,-0.15341133,0.95130754,0.57112384,0.820379,-0.028211296
1356269495550,-0.74933034,0.52304554,0.40611255,0.34550086,-0.21438146,0.9136026,0.56491876,0.8249024,-0.020070136
1356269495591,-0.73390996,0.4960478,0.46401814,0.3931526,-0.2468518,0.8857174,0.55390185,0.8324667,-0.013855457
1356269495628,-0.7238883,0.47192022,0.5032663,0.4283913,-0.26433837,0.8640637,0.5408017,0.8410805,-0.010815024
1356269495671,-0.7140772,0.45111877,0.535337,0.4597625,-0.2744711,0.8445615,0.52793205,0.84920996,-0.011413932
1356269495710,-0.7016074,0.43282473,0.5660476,0.49156368,-0.28109872,0.8242261,0.51586074,0.85653156,-0.015539944
1356269495751,-0.68521065,0.4143122,0.59902567,0.5266684,-0.28624976,0.80042577,0.5030971,0.8639481,-0.022063792
1356269495791,-0.6454708,0.3820092,0.66138977,0.5868015,-0.30627,0.74957496,0.48890844,0.8719333,-0.02647525
1356269495830,0.68109286,-0.38292164,-0.6240862,-0.55567515,0.2847182,-0.7811279,0.47679943,0.8788098,-0.018860519
1356269495870,0.66862446,-0.35113284,-0.65547466,-0.5730422,0.31844425,-0.75512636,0.47388175,0.88051057,0.011705697
1356269495910,0.6687915,-0.3201197,-0.6710003,-0.56444085,0.36877745,-0.7385186,0.48386413,0.8726549,0.06594655
1356269495950,0.6751405,-0.2935082,-0.67678523,-0.54038894,0.42774338,-0.72457945,0.50216043,0.85492015,0.1301783
1356269495990,0.68276197,-0.274951,-0.6769328,-0.51351213,0.47849348,-0.7122845,0.5197513,0.833934,0.18550646
1356269496031,0.68790805,-0.26571664,-0.67540884,-0.49437937,0.5097667,-0.7040788,0.5313864,0.8182497,0.21930778
1356269496070,0.68765885,-0.26644665,-0.6753751,-0.48765236,0.5196572,-0.70153517,0.5378853,0.81176513,0.22741354
1356269496110,0.68004775,-0.27635276,-0.6790907,-0.49332094,0.512729,-0.7026688,0.54237396,0.812858,0.2123496
1356269496150,0.6647868,-0.2917525,-0.6877056,-0.5099423,0.49550393,-0.70316046,0.5459096,0.818142,0.18062755
1356269496190,0.6428342,-0.30835485,-0.7012,-0.5355192,0.47361663,-0.6992185,0.54770744,0.82498765,0.13932705
1356269496230,0.6150724,-0.32316417,-0.7192015,-0.56720436,0.45224953,-0.6882947,0.5476907,0.8312853,0.0948661
1356269496272,0.581137,-0.33508134,-0.74162006,-0.6024657,0.43549705,-0.6688628,0.5470967,0.83550155,0.051208436
1356269496309,0.5404999,-0.34137392,-0.76897573,-0.63910025,0.4278382,-0.6391442,0.54718435,0.83691,0.013074398
1356269496350,0.49300677,-0.33984894,-0.8009039,-0.6751594,0.43115216,-0.5985546,0.54872954,0.83582926,-0.016891241
1356269496391,0.43706208,-0.32580137,-0.8383496,-0.7099838,0.4472553,-0.54395366,0.5521772,0.8329562,-0.035835385
1356269496431,0.36839873,-0.29288125,-0.88232815,-0.74375474,0.476569,-0.46873316,0.5577735,0.82891643,-0.04226446
1356269496470,0.2770902,-0.23257473,-0.9322715,-0.7776555,0.5155832,-0.3597582,0.56433415,0.82467145,-0.037999928
1356269496511,0.14353196,-0.13276246,-0.98070014,-0.8097806,0.5539066,-0.19350198,0.56890607,0.82192564,-0.028005123
1356269496550,-0.056870967,0.01813054,-0.9982169,-0.82020694,0.5692134,0.05706781,0.5692331,0.8219899,-0.017500937
1356269496591,-0.31416947,0.20449415,-0.9270813,-0.76275444,0.527046,0.37473738,0.56524605,0.8248664,-0.009602904
1356269496631,-0.5431948,0.3603259,-0.75835663,-0.6270361,0.42657214,0.65181434,0.55835944,0.8295791,-0.0057744384
1356269496671,-0.6748678,0.44002062,-0.59239775,-0.49185145,0.3302406,0.8056198,0.55012316,0.8350586,-0.0064439178
1356269496711,-0.7208047,0.45674986,-0.52136374,-0.43318033,0.29035437,0.8532579,0.5411056,0.8408768,-0.011433721
1356269496751,-0.68891263,0.41684648,-0.5929911,-0.49431404,0.32816625,0.80495995,0.53014433,0.84767085,-0.020024776
1356269496790,-0.48660463,0.26468098,-0.8325623,-0.7049863,0.44386733,0.5531512,0.5159558,0.8561109,-0.029391468
1356269496830,0.010726631,-0.042866677,-0.9990232,-0.8655318,0.49990952,-0.030743718,0.5007391,0.8650161,-0.03174013
1356269496870,0.4251566,-0.2548136,-0.8685113,-0.76001745,0.4206015,-0.4954472,0.49154386,0.87072647,-0.014841318
1356269496910,0.61276364,-0.32496685,-0.7203591,-0.6158331,0.37489006,-0.6929697,0.49524763,0.8682476,0.029593676
1356269496950,0.6957021,-0.34572858,-0.62965894,-0.5053648,0.38737568,-0.7710684,0.51049495,0.8546414,0.094779015
1356269496990,0.735274,-0.35389805,-0.5780383,-0.42447984,0.42442948,-0.7997978,0.5283833,0.83343613,0.16184938
1356269497030,0.7551898,-0.35948735,-0.5481398,-0.37014842,0.45627025,-0.80920184,0.54099774,0.81399405,0.21150695
1356269497070,0.7636166,-0.36531016,-0.53238904,-0.34224752,0.47017407,-0.81351274,0.5475,0.8034207,0.23400624
1356269497110,0.7629521,-0.37213552,-0.52860117,-0.33867574,0.46640098,-0.8171712,0.55063856,0.8024869,0.22980833
1356269497150,0.75478756,-0.37933627,-0.5351633,-0.3545896,0.4504245,-0.8193802,0.5518713,0.8082214,0.2054661
1356269497190,0.74034405,-0.38556102,-0.5506663,-0.3849145,0.42844287,-0.8174824,0.55111843,0.8171777,0.16878709
1356269497230,0.7193675,-0.38959932,-0.575085,-0.42588478,0.40666562,-0.8082359,0.54875547,0.82633865,0.12661761
1356269497269,0.6891907,-0.38985065,-0.610764,-0.4763271,0.39142415,-0.7873371,0.5460117,0.83354884,0.08406946
1356269497311,0.64478135,-0.38334793,-0.66128767,-0.53639805,0.3894166,-0.7487534,0.54454947,0.8374957,0.045461476
1356269497350,0.57689714,-0.36449096,-0.730983,-0.60778403,0.4063255,-0.6822743,0.54569983,0.83788186,0.012876213
1356269497390,0.47246012,-0.32265866,-0.82016623,-0.68866265,0.4455928,-0.5720059,0.55002284,0.8350679,-0.011678129
1356269497430,0.32069218,-0.24427643,-0.91514236,-0.765671,0.50190985,-0.40228653,0.55758804,0.8297081,-0.026076794
1356269497470,0.12677592,-0.12311116,-0.984262,-0.8133161,0.55513376,-0.17419356,0.56784225,0.82259965,-0.029750705
1356269497510,-0.095170185,0.035606682,-0.994824,-0.81066436,0.57721543,0.09821215,0.57772475,0.8158152,-0.026068628
1356269497550,-0.34064454,0.22234815,-0.91352206,-0.7376041,0.53930616,0.4063115,0.58301073,0.81222546,-0.019706786
1356269497590,-0.5978621,0.41527283,-0.68564516,-0.5521427,0.40674388,0.72780347,0.581119,0.8137001,-0.013886929
1356269497630,-0.78292197,0.54298115,-0.3036521,-0.24351017,0.18168044,0.95273024,0.5724822,0.81985587,-0.010020196
1356269497671,-0.82584286,0.55845374,0.0781859,0.069667205,-0.03654629,0.9969007,0.55958027,0.8287302,-0.008724391
1356269497710,-0.78665954,0.51544833,0.33982334,0.29015425,-0.17718345,0.9404343,0.5449563,0.8384027,-0.010176539
1356269497751,-0.7306651,0.46442115,0.5004413,0.4310618,-0.2546128,0.86565465,0.5294471,0.8482248,-0.014157534
1356269497791,-0.6772511,0.41774374,0.6056575,0.5281652,-0.2970541,0.79548746,0.51222295,0.858632,-0.019457519
1356269497830,-0.62611884,0.37257922,0.68495244,0.6036564,-0.32439786,0.7282616,0.49353224,0.86945426,-0.021798253
1356269497870,-0.5699904,0.3207233,0.7564705,0.6682613,-0.35471392,0.65391517,0.47805637,0.87824523,-0.012143493
1356269497910,-0.493536,0.246957,0.83392704,0.7292038,-0.4050799,0.5515179,0.47400832,0.88029677,0.019839585
1356269497950,-0.36608696,0.12363699,0.92233086,0.79368114,-0.4759822,0.37882861,0.4858503,0.87072086,0.07612252
1356269497990,-0.14776069,-0.077807516,0.98595774,0.8485817,-0.52203166,0.08597633,0.5080116,0.84936965,0.14316183
1356269498030,0.12733895,-0.31244186,0.9413632,0.8382063,-0.4735136,-0.27054575,0.5302782,0.82350767,0.20159408
1356269498070,0.3079517,-0.45645443,0.8347545,0.7793764,-0.38217688,-0.4965012,0.545654,0.80348635,0.23805773
1356269498110,0.34688568,-0.49262506,0.79811716,0.7566958,-0.35577965,-0.54848206,0.55414975,0.79419243,0.24935234
1356269498150,0.27104223,-0.44620293,0.85290045,0.7840646,-0.41165245,-0.4645268,0.5583717,0.7946354,0.2382766
1356269498190,0.097684205,-0.31618345,0.9436555,0.8228468,-0.5076924,-0.2552871,0.5598043,0.80142146,0.21057704
1356269498230,-0.12081444,-0.1263369,0.9846029,0.8203634,-0.5711872,0.027371168,0.55893445,0.81103903,0.17264977
1356269498270,-0.304452,0.056848288,0.95082974,0.7727628,-0.56888026,0.28144792,0.55690813,0.8204533,0.1292665
1356269498309,-0.42085665,0.18969396,0.8870716,0.7168864,-0.5296454,0.45337594,0.55583596,0.82673585,0.08691561
1356269498369,-0.4862994,0.2795223,0.8278769,0.6728057,-0.48475266,0.55888045,0.55753505,0.8287835,0.047670692
1356269498390,-0.520108,0.34030345,0.7833781,0.64308786,-0.4475639,0.62138915,0.56207263,0.82697046,0.01393652
1356269498431,-0.5334208,0.3790015,0.75618786,0.626232,-0.4240027,0.6542592,0.56859094,0.8225446,-0.011171043
1356269498468,-0.5344543,0.39993072,0.7445899,0.61821973,-0.41574746,0.66705215,0.5763359,0.81682897,-0.025047064
1356269498510,-0.5292239,0.40690717,0.744546,0.61537266,-0.4200647,0.6669799,0.58415633,0.81115496,-0.028091311
1356269498550,-0.5210447,0.4029866,0.75240564,0.6174603,-0.43064427,0.6582464,0.5892837,0.8075564,-0.024443328
1356269498591,-0.5110268,0.39076313,0.7656081,0.62588644,-0.44134372,0.6430255,0.589167,0.80778706,-0.019034863
1356269498631,-0.49862963,0.3725415,0.7826757,0.6412936,-0.4489435,0.62224764,0.58319026,0.8121961,-0.015051901
1356269498671,-0.48142606,0.35067785,0.803277,0.66298187,-0.45376867,0.59544015,0.57330966,0.8192185,-0.014037013
1356269498711,-0.45686656,0.32683074,0.8273177,0.68958867,-0.4573747,0.5614943,0.56190777,0.8270369,-0.01641959
1356269498751,-0.4214645,0.3004811,0.85561603,0.7208575,-0.46144623,0.5171382,0.550211,0.8347326,-0.022120833
1356269498791,-0.3707021,0.26865008,0.8890484,0.757429,-0.46652037,0.45679322,0.5374767,0.8427253,-0.030543298
1356269498831,-0.29779452,0.22522429,0.9276812,0.7988925,-0.4731661,0.3713283,0.52257943,0.851697,-0.039023697
1356269498871,-0.19170034,0.15829399,0.9686042,0.8400308,-0.48389977,0.24533507,0.5075424,0.8606881,-0.04020813
1356269498910,-0.036543846,0.047578573,0.99819875,0.8658309,-0.4972602,0.055399507,0.4990004,0.8662958,-0.023023218
1356269498951,0.17701465,-0.12759304,0.97590256,0.8452038,-0.48833835,-0.21715492,0.50427806,0.8632762,0.021399066
1356269498990,0.41967493,-0.34319037,0.8402936,0.74259585,-0.4025262,-0.5352796,0.5219429,0.84864193,0.085921526
1356269499030,0.60602844,-0.51140344,0.6092586,0.5812255,-0.23821124,-0.7780953,0.54305285,0.82566446,0.15287793
1356269499071,0.7090133,-0.5899618,0.38632268,0.43069524,-0.07151359,-0.89965963,0.55839217,0.804258,0.20338964
1356269499110,0.7615956,-0.60799956,0.2242958,0.31632966,0.046702698,-0.94749904,0.5656038,0.7925625,0.22789687
1356269499150,0.7908267,-0.6002341,0.119633436,0.23083836,0.11148547,-0.96658397,0.5668393,0.7920164,0.22672275
1356269499190,0.8087481,-0.5853969,0.0568946,0.1661135,0.134549,-0.97688425,0.56420994,0.79950416,0.20605859
1356269499230,0.82065856,-0.57089126,0.024550408,0.11889432,0.12857187,-0.9845474,0.558913,0.81089616,0.17338932
1356269499270,0.82896507,-0.5590835,0.01557219,0.08791952,0.102763005,-0.9908128,0.5523469,0.82271826,0.1343413
1356269499309,0.8338689,-0.5513079,0.026873767,0.0748443,0.06469774,-0.99509424,0.5468647,0.83178955,0.095211685
1356269499350,0.8351213,-0.5473313,0.054780856,0.077877924,0.019061536,-0.9967807,0.544525,0.83669895,0.058543712
1356269499390,0.8317379,-0.5458162,0.10147335,0.099197924,-0.033725984,-0.99449605,0.5462343,0.837226,0.026092645
1356269499430,0.82214016,-0.54332477,0.16995238,0.14146751,-0.0941865,-0.9854522,0.5514277,0.83422256,-5.71724E-4
1356269499470,0.80285543,-0.53552765,0.26197958,0.20676942,-0.16203214,-0.9648792,0.55916864,0.8288279,-0.01935762
1356269499510,0.7681697,-0.5184288,0.3756953,0.29403982,-0.23558782,-0.9263039,0.56873184,0.822028,-0.028532714
1356269499550,0.7132965,-0.48723662,0.50379413,0.3966598,-0.31197077,-0.86332804,0.57781404,0.8156437,-0.029260486
1356269499590,0.6415564,-0.44099748,0.6276357,0.498787,-0.38178757,-0.77810645,0.58276653,0.81225574,-0.024974406
1356269499631,0.56622446,-0.38720888,0.72763944,0.58468324,-0.43355426,-0.685694,0.5809779,0.8136953,-0.019094497
1356269499671,0.5047428,-0.3392231,0.7938277,0.6459867,-0.4615792,-0.60798514,0.5726569,0.8196782,-0.013845174
1356269499711,0.46955705,-0.3069584,0.82782406,0.6824366,-0.46870607,-0.5608875,0.56017536,0.82830614,-0.010604557
1356269499751,0.46484852,-0.29359388,0.83529544,0.69634736,-0.46143252,-0.5497094,0.54682386,0.83718735,-0.010052886
1356269499790,0.48668498,-0.29529208,0.8221559,0.69154274,-0.44481426,-0.56913,0.5337662,0.84554297,-0.012277361
1356269499831,0.52934515,-0.30796495,0.79053867,0.67006457,-0.41978106,-0.61220694,0.52039135,0.85378075,-0.015852656
1356269499870,0.58340776,-0.32895964,0.74257725,0.6347938,-0.3856411,-0.6695653,0.5066282,0.8620131,-0.016164452
1356269499910,0.63836807,-0.36170393,0.6794531,0.5883195,-0.33993292,-0.733707,0.4963531,0.8681106,-0.0042049
1356269499950,0.6851933,-0.41275474,0.60011977,0.53277814,-0.2777869,-0.79936355,0.49664646,0.8674492,0.02956894
1356269499990,0.71883273,-0.47938696,0.5034557,0.4715027,-0.1959725,-0.8598139,0.51084703,0.8554431,0.08516079
1356269500031,0.7389208,-0.5448544,0.39639583,0.41083664,-0.10196242,-0.9059894,0.53404987,0.8323084,0.14850402
1356269500071,0.75124055,-0.58950144,0.29685983,0.3566864,-0.015837982,-0.9340899,0.555349,0.80761206,0.198369
1356269500110,0.76148725,-0.6093778,0.22089775,0.31121892,0.044791564,-0.9492821,0.5685771,0.79161376,0.22375813
1356269500150,0.7715073,-0.6121282,0.1734228,0.27392232,0.07356642,-0.95893395,0.5742325,0.78732896,0.22443265
1356269500190,0.7799651,-0.60698956,0.15237503,0.24545087,0.07272883,-0.96667707,0.57568073,0.7913749,0.20571205
1356269500230,0.78519076,-0.59924316,0.15615088,0.22958119,0.047503546,-0.9721296,0.57512426,0.7991564,0.1748743
1356269500270,0.78570247,-0.5893941,0.18784611,0.2328469,4.5062602E-4,-0.97251326,0.573109,0.8078454,0.13759267
1356269500309,0.77668685,-0.5751573,0.2568105,0.26716882,-0.06840654,-0.9612187,0.57041943,0.8151777,0.100533634
1356269500350,0.7485731,-0.54834396,0.37276968,0.34180513,-0.16261275,-0.92559516,0.56816155,0.8202902,0.06569922
1356269500390,0.67266715,-0.48683938,0.55723095,0.4752389,-0.2929684,-0.8296491,0.5671569,0.8228955,0.034294754
1356269500430,0.49164906,-0.34580168,0.7991886,0.66052103,-0.44996223,-0.60103744,0.56744444,0.8233804,0.007185789
1356269500470,0.19013876,-0.11531386,0.9749615,0.8001164,-0.55727124,-0.22195154,0.56891215,0.8222843,-0.013694331
1356269500510,-0.09577781,0.0976305,0.9906032,0.81467146,-0.5641416,0.13436753,0.5719589,0.8198857,-0.02550447
1356269500550,-0.27840704,0.22822255,0.93295443,0.768117,-0.5302511,0.35892904,0.5766158,0.81654656,-0.027675986
1356269500590,-0.38440895,0.2997141,0.87315595,0.7175031,-0.49814206,0.48687148,0.5808779,0.8136498,-0.023555547
1356269500631,-0.4479828,0.33828586,0.8275712,0.6789891,-0.4734527,0.561085,0.5816229,0.8132683,-0.017593771
1356269500670,-0.4884143,0.3577507,0.7959057,0.6543657,-0.4532476,0.6052868,0.5772842,0.8164441,-0.012727201
1356269500710,-0.5156482,0.3661628,0.7746172,0.641011,-0.43502277,0.63234496,0.5685173,0.8226056,-0.010395646
1356269500750,-0.53484964,0.36891904,0.76015437,0.6354222,-0.41737092,0.6496462,0.55693316,0.83048195,-0.011188626
1356269500790,-0.54876715,0.3690884,0.7500855,0.6348741,-0.39973372,0.6611715,0.5438652,0.83903915,-0.0149639845
1356269500830,-0.5591205,0.3673554,0.7432593,0.63813263,-0.3816586,0.6686729,0.5293119,0.8481667,-0.02102828
1356269500870,-0.5675322,0.36222893,0.7393899,0.64452034,-0.36336368,0.67272604,0.5123483,0.8583455,-0.027243316
1356269500910,-0.57608277,0.35093933,0.73822093,0.651084,-0.34901583,0.67400104,0.4941843,0.8689243,-0.027428925
1356269500950,-0.58736926,0.33131117,0.73839706,0.6508022,-0.34899807,0.67428243,0.48109645,0.87660325,-0.010627329
1356269500990,-0.603786,0.3050845,0.7364551,0.6353471,-0.37378407,0.6757363,0.48143187,0.8759047,0.031851053
1356269501030,-0.6262352,0.27902344,0.72799397,0.59994125,-0.42386007,0.6785374,0.49789545,0.8616777,0.098038495
1356269501070,-0.65315664,0.26394358,0.7097325,0.5488143,-0.4807688,0.6838598,0.5217176,0.8361789,0.16916132
1356269501111,-0.6802172,0.26709202,0.68261737,0.4930859,-0.52233064,0.6957277,0.54237527,0.80983496,0.2235989
1356269501150,-0.70230865,0.2882473,0.650904,0.44406384,-0.5372553,0.7170524,0.55639,0.792635,0.24931881
1356269501209,-0.71595013,0.32049164,0.62024224,0.40929744,-0.5270381,0.74478614,0.5655891,0.7870933,0.2461566
1356269501230,-0.7207227,0.35449612,0.59572744,0.39224935,-0.5000146,0.77209175,0.571576,0.79013777,0.22132105
1356269501276,-0.71788687,0.38356027,0.58096474,0.39352313,-0.46481836,0.79314786,0.57426304,0.7980135,0.18274707
1356269501308,-0.70888746,0.404725,0.57764715,0.41038397,-0.42940724,0.80448395,0.57364064,0.8073457,0.13830876
1356269501351,-0.6940997,0.41843593,0.58577895,0.43913287,-0.39867687,0.8051205,0.5704279,0.8160687,0.09297246
1356269501390,-0.67379016,0.42664358,0.60330915,0.4745076,-0.3760574,0.79587895,0.5664356,0.8225302,0.05093819
