1356269549543,0.097759485,0.08003414,-0.99198675,-0.95576406,-0.2702958,-0.11599746,-0.27741352,0.9594451,0.05006975
1356269549580,0.29826507,0.036509365,0.95378464,0.9132769,0.27952334,-0.2962973,-0.27742273,0.9594445,0.05002889
1356269549620,0.29828352,0.036794633,0.9537678,0.9132527,0.27949822,-0.29639524,-0.27748212,0.9594409,0.049766928
1356269549662,0.29831588,0.03765887,0.95372397,0.91318655,0.2794236,-0.2966695,-0.2776652,0.95942914,0.048966914
1356269549711,0.2982872,0.039576143,0.95365524,0.9130666,0.2792713,-0.29718134,-0.27808985,0.95939624,0.04716742
1356269549740,0.2977917,0.041424245,0.95373166,0.9130857,0.27916208,-0.29722553,-0.27855802,0.95935005,0.045308292
1356269549781,0.2970255,0.04319063,0.95389223,0.9131552,0.279194,-0.29698214,-0.27914786,0.95926285,0.043487966
1356269549821,0.29553136,0.044228286,0.9543086,0.91342986,0.2795218,-0.2958267,-0.279834,0.95912015,0.042207986
1356269549860,0.2933359,0.04417762,0.9549881,0.9139097,0.28021532,-0.2936809,-0.28057644,0.9589201,0.04182285
1356269549900,0.29068637,0.042930722,0.95585483,0.9145213,0.28127515,-0.29074937,-0.2813403,0.9586664,0.042501777
1356269549941,0.28789455,0.04063964,0.9567994,0.91517955,0.2825988,-0.28737465,-0.28206912,0.9583769,0.044166118
1356269549980,0.2853483,0.037605405,0.9576858,0.91577905,0.28404891,-0.2840156,-0.28271016,0.958072,0.046614617
1356269550020,0.28334588,0.03421685,0.9584073,0.9162408,0.28548437,-0.28107202,-0.2832277,0.9577724,0.049539924
1356269550061,0.28203675,0.030935556,0.9589046,0.916528,0.2867637,-0.27882412,-0.2836046,0.95750177,0.052524626
1356269550099,0.2814324,0.028102428,0.95916945,0.91664636,0.28777748,-0.277387,-0.2838226,0.9572848,0.055229962
1356269550140,0.28146857,0.025720209,0.95922565,0.9166256,0.28850025,-0.276704,-0.28385374,0.9571343,0.057627916
1356269550180,0.28205198,0.023498148,0.95911133,0.91649973,0.2889982,-0.27660137,-0.28368104,0.9570412,0.05997649
1356269550220,0.2830827,0.021083295,0.9588638,0.9162938,0.2893863,-0.27687788,-0.28331953,0.9569802,0.062601745
1356269550260,0.2844476,0.018152237,0.9585197,0.9160284,0.28979683,-0.27732605,-0.28281006,0.95691603,0.065804034
1356269550299,0.28603953,0.014493436,0.9581082,0.9157195,0.29034096,-0.27777657,-0.282204,0.95681345,0.0697771
1356269550340,0.2877499,0.01008293,0.9576525,0.91538954,0.2910564,-0.27811542,-0.2815351,0.95665276,0.07452169
1356269550380,0.28952372,0.005369544,0.9571558,0.9150425,0.29185313,-0.2784225,-0.28084397,0.9564482,0.079585016
1356269550420,0.29134136,0.0012271702,0.9566183,0.9146595,0.29256052,-0.27893797,-0.28021106,0.95624626,0.084112555
1356269550481,0.29322308,-0.0013418496,0.9560431,0.91419744,0.293011,-0.27997756,-0.2797555,0.9561081,0.087144285
1356269550502,0.2951022,-0.0017408133,0.9554641,0.9136519,0.29310623,-0.2816542,-0.2795622,0.9560783,0.088086784
1356269550542,0.29668182,1.219213E-4,0.9549764,0.913113,0.29279906,-0.28371352,-0.27965075,0.95617396,0.086756855
1356269550581,0.2973939,0.0038225055,0.95474726,0.91277546,0.29212436,-0.28548968,-0.27999622,0.95637274,0.08338687
1356269550611,0.29645127,0.007702917,0.9550169,0.91294193,0.29135782,-0.2857406,-0.28045267,0.95658314,0.079341084
1356269550640,0.29431927,0.011786312,0.9556345,0.9134518,0.29057074,-0.28491148,-0.28103754,0.9567809,0.07475433
1356269550679,0.29075092,0.016629696,0.9566542,0.9143129,0.2898069,-0.28292015,-0.28194988,0.95694065,0.0690569
1356269550720,0.28399706,0.020770758,0.95860016,0.9160601,0.28937268,-0.27766418,-0.28316,0.9569912,0.063153744
1356269550759,0.27486578,0.02375108,0.96118915,0.9183823,0.28947213,-0.26977745,-0.28464493,0.9568918,0.057753444
1356269550800,0.26429415,0.0254049,0.96410745,0.9209466,0.29017377,-0.2601086,-0.28636676,0.95663667,0.05329466
1356269550840,0.2532236,0.025795817,0.9670638,0.9234647,0.2914145,-0.24958059,-0.28825453,0.956249,0.04997152
1356269550880,0.24255389,0.025167167,0.9698115,0.9257165,0.29302883,-0.23912984,-0.290201,0.95577234,0.047777593
1356269550920,0.23302329,0.023863465,0.97217834,0.92757547,0.29479152,-0.22956851,-0.29206827,0.9552636,0.046558082
1356269550960,0.22510812,0.022245735,0.9740798,0.929008,0.29647627,-0.22146294,-0.29371816,0.95478106,0.04607278
1356269551000,0.21895504,0.020604283,0.9755174,0.9300599,0.2979005,-0.21504423,-0.29503796,0.95437455,0.046063602
1356269551080,0.211158,0.017353714,0.9772979,0.9315797,0.2991307,-0.20659164,-0.29592493,0.95405436,0.046997488
1356269551120,0.20888618,0.015926301,0.97781026,0.9319528,0.29976544,-0.20397231,-0.29636228,0.95387995,0.047774255
1356269551160,0.20732611,0.014757007,0.97816056,0.9322921,0.2999586,-0.20212933,-0.29639047,0.953838,0.048431456
1356269551200,0.20628119,0.013797581,0.9783955,0.932605,0.2998417,-0.2008554,-0.29613513,0.95388925,0.04898399
1356269551240,0.20561334,0.0130447745,0.9785464,0.9328789,0.29955396,-0.20001093,-0.29573655,0.9539902,0.0494231
1356269551280,0.20520127,0.012497187,0.97863996,0.93310666,0.2992018,-0.1994746,-0.2953037,0.954108,0.049735367
1356269551320,0.20493051,0.012124419,0.9787015,0.93329334,0.2988526,-0.19912475,-0.29490176,0.95422226,0.049928367
1356269551360,0.20470932,0.011876762,0.9787507,0.9334488,0.2985451,-0.19885698,-0.29456303,0.9543216,0.050028622
1356269551400,0.20445848,0.011709958,0.9788052,0.93358755,0.29829443,-0.19858181,-0.2942975,0.9544021,0.050056577
1356269551440,0.20409483,0.011599004,0.9788823,0.9337253,0.2981091,-0.19821206,-0.29411277,0.95446134,0.05001223
1356269551481,0.2035524,0.011537999,0.9789961,0.9338652,0.2980235,-0.19768116,-0.29404467,0.95448875,0.04988849
1356269551536,0.20273346,0.011459142,0.97916687,0.9340223,0.29806483,-0.19687462,-0.29411122,0.95447683,0.04972464
1356269551559,0.20168594,0.011345923,0.97938454,0.93418735,0.29823354,-0.19583333,-0.29430723,0.95442545,0.049550295
1356269551600,0.20034856,0.011083066,0.97966194,0.93441236,0.29842025,-0.19447067,-0.29450628,0.95437026,0.04943192
1356269551627,0.19879517,0.010641396,0.9799832,0.9347183,0.29851106,-0.19285437,-0.29458806,0.9543468,0.04939586
1356269551669,0.19733423,0.010023296,0.98028505,0.9350948,0.29834008,-0.19128782,-0.29437566,0.95440704,0.04949993
1356269551710,0.19596958,0.009366721,0.98056525,0.93552554,0.2979303,-0.18981415,-0.29391807,0.9545416,0.049622476
1356269551750,0.19495544,0.008934051,0.98077136,0.9359282,0.29734114,-0.18875012,-0.29331,0.95472944,0.04960662
1356269551790,0.19441912,0.008883804,0.98087823,0.9362576,0.29661325,-0.1882613,-0.29261395,0.9549564,0.049349725
1356269551829,0.19432575,0.009247273,0.9808935,0.9365082,0.29578292,-0.18832102,-0.291873,0.95521045,0.04881805
1356269551869,0.1945583,0.009997964,0.9808401,0.9366793,0.29493162,-0.18880501,-0.29116845,0.95546615,0.04801649
1356269551910,0.19501242,0.01111123,0.9807378,0.9367608,0.2941614,-0.18960062,-0.29060194,0.9556912,0.04695654
1356269551949,0.19566584,0.012600094,0.9805896,0.9367274,0.29356545,-0.19068572,-0.29026985,0.95585585,0.045637906
1356269551991,0.19657883,0.0144892335,0.980381,0.93654096,0.29322395,-0.19212201,-0.29025492,0.95593405,0.044071794
1356269552030,0.19781134,0.016706198,0.9800978,0.936188,0.29315028,-0.19394597,-0.2905561,0.95592034,0.042348266
1356269552070,0.19933715,0.018999845,0.97974676,0.93571913,0.29323694,-0.19606602,-0.2910232,0.95585096,0.040674508
1356269552111,0.20099148,0.02101937,0.9793675,0.9352385,0.29331502,-0.1982303,-0.2914299,0.9557848,0.039295673
1356269552151,0.20249024,0.022422671,0.9790276,0.9348677,0.29324618,-0.20007303,-0.29158235,0.95577407,0.03841722
1356269552190,0.2035028,0.022972852,0.9788048,0.93471,0.29296955,-0.20121118,-0.29138243,0.9558457,0.03814715
1356269552230,0.20377961,0.022612512,0.9787556,0.9348129,0.292519,-0.20138875,-0.2908585,0.95599234,0.038470984
1356269552270,0.20320404,0.021486193,0.9789007,0.9351585,0.29200184,-0.20053312,-0.29014948,0.9561764,0.039242983
1356269552310,0.20181483,0.019781083,0.97922385,0.93570566,0.2914785,-0.1987339,-0.28935385,0.95637274,0.04031545
1356269552350,0.19969735,0.017679006,0.9796981,0.9364246,0.290935,-0.1961267,-0.28849584,0.95657945,0.04154384
1356269552390,0.19700176,0.015399098,0.9802822,0.93727094,0.29035378,-0.19291914,-0.28759935,0.95679545,0.042767107
1356269552430,0.19391334,0.013211966,0.98092973,0.93816507,0.28980702,-0.18936288,-0.28678218,0.95699394,0.04380244
1356269552481,0.19061562,0.0114071965,0.9815985,0.9390061,0.28944787,-0.18570834,-0.28624007,0.95712584,0.044461846
1356269552511,0.1873157,0.010235876,0.9822464,0.93970597,0.28939408,-0.18221888,-0.2861215,0.9571552,0.04458934
1356269552551,0.18416148,0.009838462,0.9828468,0.9402266,0.28966534,-0.17907518,-0.28645855,0.95707744,0.04409474
1356269552590,0.18122834,0.0101772845,0.9833884,0.9405806,0.29019237,-0.17634264,-0.28716657,0.9569143,0.04301852
1356269552629,0.17855072,0.011111438,0.983868,0.9407997,0.29088312,-0.17401996,-0.28812423,0.9566941,0.0414837
1356269552670,0.17608756,0.01241079,0.98429626,0.94094217,0.29161745,-0.17200857,-0.2891727,0.95645446,0.039672375
1356269552709,0.17376354,0.013879567,0.9846896,0.94108045,0.29223934,-0.17018723,-0.29012716,0.95624447,0.037718773
1356269552750,0.17148289,0.0154213905,0.9850664,0.94129354,0.29256353,-0.16844293,-0.29079214,0.9561217,0.03565359
1356269552790,0.16916203,0.01705721,0.98544055,0.94164944,0.29241276,-0.16670614,-0.29099888,0.95614,0.033403277
1356269552830,0.16675997,0.01894486,0.98581547,0.94219893,0.29161763,-0.16498592,-0.2906068,0.95634735,0.030780315
1356269552870,0.16433546,0.021416306,0.9861719,0.9429845,0.28994653,-0.16343528,-0.28943723,0.95680314,0.027453303
1356269552910,0.16206253,0.025036246,0.9864627,0.94406736,0.287,-0.16238147,-0.28718016,0.9576033,0.022876084
1356269552950,0.16012722,0.030588657,0.98662233,0.94555366,0.28216356,-0.16220984,-0.2833507,0.9588785,0.016258836
1356269552990,0.15860432,0.038848937,0.98657763,0.94758093,0.27472085,-0.16315293,-0.27737173,0.9607389,0.006759405
1356269553030,0.15740085,0.050209254,0.98625755,0.9502698,0.26406258,-0.16510051,-0.26872325,0.96319777,-0.0061486363
1356269553070,0.15623641,0.063988835,0.9856447,0.95357776,0.25032973,-0.16740495,-0.2574482,0.96604365,-0.021907687
1356269553110,0.15481243,0.07859078,0.984813,0.95728314,0.23448119,-0.169197,-0.2442174,0.9689387,-0.03893304
1356269553151,0.15297553,0.09212199,0.98392683,0.9610921,0.2178584,-0.16982275,-0.23000115,0.971623,-0.05521071
1356269553191,0.15080667,0.10314262,0.98316777,0.96480143,0.20138925,-0.16911694,-0.21544263,0.97406566,-0.06914133
1356269553230,0.14845377,0.11067483,0.9827068,0.96818995,0.18613052,-0.16722324,-0.20141912,0.97627175,-0.07952243
1356269553270,0.14609066,0.11423403,0.9826536,0.9711388,0.17274877,-0.16446087,-0.18853918,0.97831917,-0.085700095
1356269553310,0.143727,0.11374211,0.98305917,0.9735931,0.1617884,-0.16106233,-0.17736718,0.9802486,-0.087485194
1356269553350,0.14127871,0.1096136,0.9838828,0.97557753,0.15343681,-0.15718049,-0.16819301,0.98206013,-0.08525926
1356269553390,0.13865322,0.10291073,0.9849795,0.97713935,0.14763898,-0.15297493,-0.16116413,0.98367274,-0.08008754
1356269553430,0.13579232,0.094991654,0.9861729,0.978305,0.14433897,-0.14861214,-0.15646008,0.9849583,-0.0733307
1356269553479,0.13265994,0.08687103,0.98734736,0.97911584,0.14334694,-0.14416623,-0.15405706,0.9858525,-0.0660404
1356269553512,0.12926316,0.078864366,0.98846924,0.97970057,0.14387494,-0.13959542,-0.15322506,0.9864484,-0.058665693
1356269553552,0.12571883,0.07085851,0.9895322,0.98025274,0.14459652,-0.13489422,-0.15264136,0.9869503,-0.051280797
1356269553592,0.12232435,0.062535316,0.9905181,0.98084974,0.14478678,-0.13027129,-0.15156052,0.9874847,-0.043626845
1356269553630,0.11952457,0.053320915,0.99139845,0.98132634,0.14523128,-0.12612134,-0.15070704,0.9879599,-0.03496653
1356269553670,0.11793527,0.04305628,0.9920875,0.9813498,0.14767185,-0.12306777,-0.15180221,0.98809886,-0.024837554
1356269553710,0.11844811,0.0326235,0.99242425,0.98058283,0.15347245,-0.12207985,-0.15629247,0.9876143,-0.013811529
1356269553750,0.12216365,0.023267597,0.9922372,0.9788135,0.16268724,-0.1243259,-0.16431713,0.98640335,-0.0029001832
1356269553790,0.13017482,0.015284419,0.9913733,0.9759941,0.17411631,-0.13083985,-0.1746141,0.9846065,0.007748008
1356269553830,0.1433995,0.008003801,0.9896325,0.9721451,0.18618348,-0.14237133,-0.18539271,0.98248243,0.018917799
1356269553870,0.16240183,6.760955E-4,0.9867245,0.9672272,0.19770178,-0.15932834,-0.19518495,0.98026204,0.031453192
1356269553910,0.18720922,-0.0073269606,0.9822927,0.9611291,0.20795015,-0.18162465,-0.20293707,0.978112,0.045972407
1356269553950,0.21698609,-0.01702249,0.9760262,0.95378536,0.21660921,-0.20826378,-0.20787105,0.97611,0.06323701
1356269553990,0.25008237,-0.030059814,0.9677578,0.9453425,0.22359574,-0.23734477,-0.209252,0.97421837,0.084334135
1356269554030,0.28407267,-0.049161404,0.9575416,0.9364507,0.22860917,-0.26607853,-0.20582199,0.97227615,0.11097887
1356269554070,0.31585145,-0.07864639,0.9455435,0.92849994,0.2307049,-0.2909691,-0.19525787,0.96984017,0.14589167
1356269554110,0.3420214,-0.12266785,0.93165123,0.92324454,0.22855163,-0.3088425,-0.17504537,0.9657726,0.19142193
1356269554151,0.35987478,-0.1805681,0.9153608,0.92160773,0.22165006,-0.3186071,-0.14535952,0.9582622,0.24617922
1356269554190,0.36909562,-0.24313796,0.89702415,0.9226656,0.21176654,-0.32224697,-0.11160922,0.9465932,0.30249715
1356269554231,0.37256074,-0.29612753,0.8794924,0.9243362,0.20263392,-0.32332954,-0.08246824,0.9334066,0.34921485
1356269554270,0.3746959,-0.3284843,0.86700696,0.9248707,0.19792616,-0.32471436,-0.06493986,0.9235385,0.3779676
1356269554311,0.37878618,-0.33648905,0.86214614,0.92345953,0.19900373,-0.3280547,-0.061183423,0.9204198,0.38611394
1356269554350,0.38590077,-0.3217928,0.86459816,0.9199656,0.20420024,-0.33461243,-0.06887528,0.9245278,0.37483937
1356269554391,0.39539254,-0.28849548,0.8720293,0.914682,0.21028352,-0.34516346,-0.08379534,0.93410456,0.3470261
1356269554431,0.40558118,-0.24203035,0.88143355,0.9083425,0.21439892,-0.35909182,-0.10206723,0.9462845,0.30680266
1356269554497,0.41447696,-0.18844,0.8903365,0.9019958,0.21501234,-0.3743972,-0.120881915,0.95825887,0.25908977
1356269554511,0.4203511,-0.13332564,0.89751285,0.89679974,0.21152931,-0.38859442,-0.13804072,0.9682354,0.20848295
1356269554551,0.42173684,-0.082244575,0.90298057,0.89399904,0.20393884,-0.39896706,-0.15134001,0.9755229,0.15953505
1356269554588,0.4178926,-0.039316833,0.90764534,0.89444435,0.19284281,-0.4034613,-0.15917006,0.9804417,0.115754336
1356269554631,0.4087601,-0.0065799654,0.91261816,0.89837134,0.17904577,-0.40108803,-0.16076127,0.98381877,0.079098016
1356269554671,0.39450198,0.01582995,0.91875875,0.90546906,0.16359739,-0.3916143,-0.1565058,0.9864001,0.050205946
1356269554710,0.37589958,0.029619575,0.9261869,0.9147803,0.14767036,-0.37599272,-0.14790705,0.98859304,0.028413862
1356269554751,0.35393426,0.03707251,0.93453526,0.92517686,0.13252512,-0.35564715,-0.13703409,0.9904861,0.012606561
1356269554791,0.3293806,0.039652497,0.94336426,0.9357954,0.11928049,-0.33175164,-0.12567973,0.99206847,0.0021820664
1356269554830,0.30352065,0.03753221,0.9520854,0.9459066,0.10832426,-0.30582112,-0.11461201,0.99340683,-0.0026232898
1356269554871,0.27774465,0.03115195,0.9601497,0.95485854,0.10067713,-0.2794805,-0.105371416,0.9944314,-0.0017831624
1356269554911,0.2538544,0.022588104,0.96697855,0.9619571,0.09847295,-0.25483632,-0.10097739,0.9948833,0.0032690763
1356269554951,0.23390108,0.014393806,0.97215384,0.9667257,0.10309464,-0.23412147,-0.10359377,0.9945674,0.01019907
1356269554991,0.21975368,0.007780701,0.9755243,0.96906626,0.113404214,-0.21920344,-0.1123341,0.9935185,0.017380983
1356269555030,0.21285063,0.002712965,0.977081,0.9691819,0.12634236,-0.21148068,-0.12402052,0.991983,0.024262697
1356269555071,0.21403697,-0.0010867119,0.97682494,0.96738684,0.13891461,-0.2118144,-0.13546509,0.99030375,0.03078416
1356269555111,0.22340822,-0.0038790405,0.97471726,0.96389556,0.14952904,-0.22033283,-0.14489388,0.98874974,0.03714499
1356269555150,0.24019271,-0.0060091615,0.97070664,0.9587317,0.15817475,-0.23625052,-0.1521216,0.9873929,0.043753564
1356269555191,0.26261085,-0.008448303,0.9648649,0.9519168,0.1657666,-0.2576353,-0.1577658,0.98612887,0.05157414
1356269555231,0.2887731,-0.013732672,0.9572991,0.9435919,0.17327502,-0.2821526,-0.16200137,0.98477775,0.062995195
1356269555270,0.31516546,-0.028611898,0.9486053,0.93492156,0.18111098,-0.30515647,-0.16307172,0.9830464,0.08382982
1356269555310,0.33788273,-0.062589586,0.93910474,0.9280551,0.18825892,-0.32136002,-0.156681,0.98012304,0.121696055
1356269555350,0.3526362,-0.12162757,0.9278225,0.9255035,0.1917353,-0.32662034,-0.13817027,0.973881,0.18017954
1356269555390,0.35665923,-0.19785634,0.9130428,0.92791784,0.18848151,-0.32162592,-0.108455926,0.96193945,0.2508181
1356269555430,0.35119128,-0.27017412,0.89647675,0.9331497,0.17951828,-0.31145573,-0.07678664,0.9459276,0.3151582
1356269555479,0.3410358,-0.3207808,0.88362557,0.9385055,0.17004839,-0.30048433,-0.053869426,0.9317634,0.35904723
1356269555512,0.3308358,-0.34323975,0.879053,0.9425961,0.16499713,-0.29032487,-0.04539016,0.9246418,0.37812346
1356269555552,0.32296714,-0.33905247,0.8835924,0.945048,0.1656107,-0.2818819,-0.050759554,0.9260758,0.37390774
1356269555592,0.31763828,-0.31368697,0.89482206,0.9459598,0.16983563,-0.2762536,-0.065315545,0.93421435,0.35068148
1356269555632,0.3142796,-0.27313998,0.90918803,0.9455862,0.17504355,-0.27427444,-0.08423221,0.9459145,0.31329003
1356269555671,0.3119496,-0.22319543,0.9235103,0.9444014,0.17913187,-0.27571344,-0.10389218,0.95817304,0.26666614
1356269555710,0.3096902,-0.16910073,0.9356799,0.9430344,0.18043718,-0.27951494,-0.12156531,0.96894145,0.21534741
1356269555750,0.3064962,-0.11575094,0.9448078,0.9422612,0.17758697,-0.28391343,-0.13492233,0.9772741,0.16349733
1356269555790,0.3013931,-0.067364424,0.9511174,0.9428265,0.1698888,-0.28673324,-0.14226857,0.9831581,0.11471629
1356269555830,0.29351398,-0.027018785,0.95557284,0.94524235,0.1574296,-0.28588954,-0.14271101,0.98716056,0.071747124
1356269555870,0.2824666,0.004280448,0.9592676,0.9495349,0.14090747,-0.28022942,-0.13636747,0.9900135,0.035737276
1356269555910,0.26849562,0.027456164,0.96288955,0.95517266,0.1218341,-0.26981786,-0.12472093,0.9921707,0.006486535
1356269555950,0.25192866,0.043464422,0.9667692,0.96133626,0.10354635,-0.2551681,-0.11119613,0.9936745,-0.015697628
1356269555991,0.2334736,0.051485956,0.9709991,0.96741337,0.0883317,-0.23729515,-0.09798741,0.9947597,-0.029185116
1356269556030,0.21391505,0.05013284,0.9755651,0.973196,0.075388074,-0.21726972,-0.084438354,0.9958933,-0.03266248
1356269556070,0.19479457,0.04063055,0.9800022,0.9783555,0.06307933,-0.19708252,-0.06982547,0.9971812,-0.027463645
1356269556110,0.17845336,0.02746132,0.9835651,0.9823489,0.052001208,-0.17968455,-0.056080937,0.99826944,-0.017696828
1356269556150,0.16733193,0.015306741,0.98578185,0.9848398,0.043777823,-0.16785184,-0.04572469,0.99892414,-0.007749319
1356269556190,0.16332725,0.0065387487,0.98655033,0.98578286,0.03890577,-0.16345805,-0.03945136,0.9992215,-9.146333E-5
1356269556230,0.16773981,0.0018389225,0.9858296,0.9851408,0.037109077,-0.16769174,-0.03689158,0.99930954,0.004413098
1356269556270,0.18133748,0.00156039,0.9834198,0.9827006,0.03798127,-0.18126518,-0.037634403,0.9992773,0.005354017
1356269556310,0.20412314,0.0057721436,0.9789282,0.97807956,0.04084301,-0.20418698,-0.04116094,0.9991489,0.002691418
1356269556350,0.23520616,0.0138421655,0.97184694,0.9707995,0.045196384,-0.23559645,-0.047185183,0.9988823,-0.0028075576
1356269556390,0.2722275,0.024163038,0.9619295,0.9605769,0.05180052,-0.27314588,-0.056428492,0.99836504,-0.009108961
1356269556430,0.31202635,0.0312545,0.9495592,0.94756854,0.062290877,-0.3134225,-0.06894478,0.99756855,-0.0101794
1356269556478,0.34882644,0.023726076,0.9368869,0.93354213,0.07928869,-0.34958896,-0.08257887,0.9965693,0.005508721
1356269556512,0.37642032,-0.0122799575,0.92636764,0.9217837,0.10518503,-0.37316337,-0.0928576,0.9943769,0.050913274
1356269556552,0.38941634,-0.08277273,0.91733503,0.9160311,0.13875592,-0.3763426,-0.09613475,0.9868614,0.12985623
1356269556590,0.3861928,-0.17444405,0.9057728,0.91763747,0.17250037,-0.3580294,-0.093790084,0.9694395,0.22669479
1356269556630,0.37110257,-0.26237035,0.8907552,0.92409456,0.1986407,-0.3264831,-0.09128079,0.94430065,0.31617105
1356269556670,0.3529778,-0.3235501,0.8779077,0.93096375,0.2150644,-0.29504856,-0.093343675,0.92144585,0.3771264
1356269556710,0.3385296,-0.3500213,0.8734317,0.9355982,0.22412425,-0.27280828,-0.10026851,0.9095347,0.40335196
1356269556750,0.32966825,-0.34498376,0.87880886,0.9376436,0.22829142,-0.2621213,-0.11019692,0.91042256,0.39873224
1356269556790,0.32464135,-0.31581187,0.89155525,0.9379345,0.2290858,-0.26038128,-0.122011125,0.92075104,0.37058163
1356269556830,0.3204217,-0.27073234,0.9077632,0.93748957,0.2280159,-0.26291078,-0.13580602,0.93526083,0.32686996
1356269556870,0.3139014,-0.21804795,0.9240784,0.9373591,0.22603562,-0.2650767,-0.15107518,0.9494013,0.27534217
1356269556910,0.30279997,-0.16486838,0.9386856,0.9385791,0.22259286,-0.26366994,-0.16547388,0.9608698,0.22214314
1356269556950,0.28587732,-0.11635256,0.9511763,0.9419862,0.21631023,-0.25665513,-0.17588666,0.9693668,0.17144072
1356269556990,0.2628563,-0.07544145,0.96188104,0.94778216,0.20679623,-0.2427842,-0.18059742,0.9754711,0.12585977
1356269557030,0.23440287,-0.042399704,0.97121453,0.95529217,0.19523475,-0.22203675,-0.18020049,0.9798397,0.08626768
1356269557070,0.20191616,-0.015486181,0.97928035,0.96338826,0.18321604,-0.19574201,-0.17638859,0.9829507,0.05191347
1356269557110,0.16713682,0.006474644,0.98591244,0.97118855,0.17121497,-0.1657651,-0.16987622,0.9852124,0.022328258
1356269557150,0.1315605,0.02202797,0.9910634,0.97833693,0.15831637,-0.13338995,-0.15983993,0.9871427,-7.225871E-4
1356269557190,0.096663356,0.028550655,0.9949075,0.98461306,0.14346075,-0.09977999,-0.14557895,0.9892441,-0.01424396
1356269557231,0.06442174,0.025862038,0.9975876,0.9895578,0.12750813,-0.06720883,-0.12893873,0.9915003,-0.017377734
1356269557270,0.037400633,0.017166406,0.9991529,0.9927672,0.11350593,-0.039111733,-0.114081174,0.993389,-0.012797058
1356269557329,0.018051594,0.0060965717,0.99981856,0.9943552,0.1044617,-0.018589973,-0.10455611,0.9945103,-0.004176438
1356269557360,0.007914841,-0.007552147,0.99994016,0.9946673,0.102891564,-0.0070959926,-0.10283181,0.9946639,0.008326232
1356269557401,0.01343742,-0.018766403,0.99973357,0.9943557,0.10548511,-0.011385024,-0.105243415,0.9942438,0.020077944
1356269557438,0.029479057,-0.027154446,0.9991966,0.9934939,0.11080745,-0.026299566,-0.110004365,0.9934709,0.030244231
1356269557479,0.056630164,-0.03204292,0.9978809,0.99168485,0.11749151,-0.05250576,-0.115560114,0.9925568,0.038429976
1356269557519,0.093911916,-0.033836275,0.99500537,0.9881532,0.12501934,-0.089013785,-0.12138304,0.99157715,0.045176268
1356269557560,0.13895714,-0.034695804,0.9896904,0.98216707,0.13263512,-0.13325101,-0.12664449,0.9905575,0.05250764
1356269557600,0.18769336,-0.041527897,0.9813494,0.9740609,0.1364404,-0.18052551,-0.12639886,0.98977745,0.06605968
1356269557640,0.23428863,-0.06762153,0.9698124,0.9658163,0.13002974,-0.22425672,-0.11093983,0.9892014,0.0957745
1356269557680,0.27255014,-0.12378898,0.954145,0.9593471,0.11049178,-0.25970113,-0.073277056,0.98613787,0.14887118
1356269557720,0.2991439,-0.2020441,0.93257236,0.95401275,0.08309746,-0.28801817,-0.01930204,0.9758448,0.21761072
1356269557760,0.31552303,-0.2776529,0.90738857,0.9483198,0.058318198,-0.31191105,0.033685744,0.9589097,0.2817045
1356269557800,0.32639086,-0.33001736,0.88575256,0.94265556,0.044464827,-0.33079213,0.06978235,0.94292706,0.32560563
1356269557840,0.33576238,-0.3526416,0.87344575,0.9382328,0.042942524,-0.3433298,0.08356443,0.9347726,0.34527838
1356269557880,0.34526488,-0.34770188,0.87171984,0.9351932,0.04949847,-0.3506616,0.078776926,0.93629766,0.3422585
1356269557920,0.35450184,-0.32072148,0.8783314,0.9329766,0.058724105,-0.3551141,0.062313497,0.94535136,0.3200435
1356269557961,0.36210072,-0.27809742,0.889688,0.9312898,0.067199826,-0.35802728,0.039779574,0.9581993,0.28332236
1356269558001,0.3668167,-0.22533947,0.90258944,0.93017524,0.07338476,-0.35970655,0.014819771,0.9715127,0.23652393
1356269558040,0.36761585,-0.16770557,0.9147313,0.92993045,0.07620743,-0.3597524,-0.009376764,0.98288715,0.18396965
1356269558081,0.36377844,-0.11053625,0.92490375,0.93100977,0.07487598,-0.35723153,-0.029766053,0.9910476,0.13014859
1356269558121,0.35502976,-0.058591455,0.933017,0.9338174,0.06923574,-0.35098648,-0.04403332,0.9958782,0.07929447
1356269558160,0.34172645,-0.015120357,0.93967783,0.93840086,0.06001839,-0.34029624,-0.051252514,0.99808264,0.034698874
1356269558201,0.32459602,0.01760152,0.94568896,0.94440675,0.049232572,-0.32507226,-0.052280486,0.9986322,-6.4232945E-4
1356269558241,0.3045131,0.037504375,0.95176953,0.95123595,0.039652467,-0.30590487,-0.049212754,0.9985094,-0.023600787
1356269558281,0.2826927,0.043666393,0.9582161,0.9581932,0.033141285,-0.2841962,-0.044166327,0.99849635,-0.032472044
1356269558320,0.2608276,0.038726807,0.9646083,0.96456766,0.03066194,-0.2620476,-0.039724976,0.99877924,-0.029357105
1356269558360,0.24120241,0.02739793,0.970088,0.96970403,0.033028483,-0.24203983,-0.03867194,0.99907887,-0.018601328
1356269558400,0.22618422,0.013976276,0.9739843,0.9731694,0.04009202,-0.22657034,-0.042215645,0.9990983,-0.004533142
1356269558440,0.21810687,0.0013154149,0.975924,0.97466594,0.050484,-0.21789369,-0.049555182,0.998724,0.009728819
1356269558480,0.21891993,-0.008487582,0.97570586,0.9739313,0.06280488,-0.21797541,-0.05942902,0.9979898,0.022015542
1356269558521,0.23031977,-0.013999224,0.9730143,0.9706034,0.07509807,-0.22866863,-0.06987029,0.9970779,0.030884266
1356269558560,0.25125042,-0.015075266,0.96780473,0.9646056,0.086600155,-0.24907097,-0.080057204,0.99612904,0.036300004
1356269558600,0.2814844,-0.012778729,0.9594807,0.95535386,0.097316176,-0.2789776,-0.08980805,0.9951714,0.039601207
1356269558640,0.3183453,-0.011030376,0.94791067,0.94286066,0.10741001,-0.31539935,-0.09833613,0.99415356,0.044593602
1356269558680,0.35881183,-0.019537061,0.93320537,0.92793643,0.11557862,-0.35436627,-0.10093531,0.9931061,0.059600145
1356269558720,0.39797568,-0.052333117,0.915902,0.91304636,0.11969894,-0.3898954,-0.089228034,0.9914299,0.095419824
1356269558760,0.4311111,-0.11517486,0.89491785,0.90040815,0.11908734,-0.4184296,-0.058380842,0.986181,0.15504423
1356269558800,0.45515275,-0.19343522,0.8691484,0.89027536,0.116050124,-0.44038865,-0.015678078,0.9742254,0.22503114
1356269558840,0.47130376,-0.26111293,0.8424327,0.8816731,0.11466324,-0.4577171,0.022919774,0.95847404,0.28425747
1356269558880,0.4838439,-0.3011476,0.8217087,0.87390757,0.11615732,-0.47200945,0.04669711,0.94647634,0.31937724
1356269558920,0.49612212,-0.310422,0.8108643,0.86650854,0.11785394,-0.48504975,0.055006593,0.94326484,0.32745332
1356269558960,0.50879955,-0.2937276,0.8092263,0.8593552,0.11727786,-0.49774936,0.05129841,0.9486675,0.3120873
1356269559000,0.52063423,-0.25835818,0.8137512,0.85291284,0.11444485,-0.5093545,0.038466275,0.9592463,0.2799409
1356269559040,0.52985185,-0.21133932,0.8213359,0.84787655,0.110263705,-0.51860136,0.019037277,0.97117335,0.23761304
1356269559080,0.53489023,-0.15896669,0.82983255,0.84491396,0.104810536,-0.5245334,-0.003591895,0.98170483,0.19037531
1356269559120,0.5346843,-0.10696086,0.8382554,0.84466577,0.09762803,-0.52631587,-0.025541991,0.9894585,0.14254637
1356269559160,0.5288577,-0.05965799,0.8466112,0.8475746,0.0887184,-0.52320784,-0.043896496,0.9942686,0.09748398
1356269559200,0.5175936,-0.019692391,0.8553999,0.85370886,0.07878193,-0.5147567,-0.05725324,0.9966973,0.057588607
1356269559240,0.5013946,0.010896474,0.8651501,0.86277413,0.06881529,-0.5008844,-0.06499344,0.9975699,0.025102437
1356269559280,0.48095238,0.029567242,0.876248,0.8742287,0.059518993,-0.48185235,-0.06640044,0.9977892,0.0027772784
1356269559321,0.45722938,0.034956127,0.88866156,0.88721585,0.051233888,-0.45850092,-0.061556995,0.9980747,-0.007587999
1356269559360,0.4318159,0.030023068,0.90146196,0.90037954,0.044823796,-0.43279028,-0.053400606,0.9985436,-0.007676482
1356269559400,0.4071425,0.020833015,0.91312706,0.9121534,0.042195886,-0.40767112,-0.047023207,0.9988922,-0.0018231571
1356269559440,0.38595286,0.012238294,0.9224373,0.9213582,0.045021087,-0.38609868,-0.046254367,0.9989111,0.0061001778
1356269559479,0.3707329,0.0063486695,0.92871785,0.9272945,0.05323118,-0.3705286,-0.051789165,0.9985621,0.013847411
1356269559521,0.36337647,0.004132241,0.93163323,0.9296093,0.06441954,-0.36287278,-0.061514884,0.9979144,0.019567162
1356269559560,0.36443937,0.0060762167,0.93120724,0.928354,0.07611936,-0.3638194,-0.073093474,0.9970802,0.022100061
1356269559600,0.37387168,0.0115816295,0.9274081,0.92363894,0.08626431,-0.37342954,-0.08432713,0.996205,0.02155456
1356269559640,0.390282,0.018995345,0.92049944,0.9158474,0.09445414,-0.3902588,-0.09435812,0.995348,0.019466907
1356269559680,0.41203415,0.023414284,0.91086745,0.90544903,0.10130924,-0.41218728,-0.10193035,0.9945794,0.020542443
1356269559720,0.43648452,0.013721317,0.89960706,0.8938755,0.10709001,-0.43533692,-0.1023123,0.9941546,0.03447801
1356269559761,0.46111628,-0.02621764,0.8869523,0.8830803,0.11137983,-0.4558109,-0.086838216,0.9934319,0.07451141
1356269559800,0.4828522,-0.10124838,0.86982894,0.8741807,0.11425105,-0.471969,-0.051592737,0.988279,0.14367577
1356269559840,0.49747273,-0.194413,0.8454138,0.8674696,0.116168946,-0.48373678,-0.0041660964,0.97401667,0.22643828
1356269559880,0.5040545,-0.27514997,0.81867063,0.862743,0.116458714,-0.4920487,0.040045857,0.9543216,0.29608524
1356269559920,0.5055147,-0.32365862,0.79981244,0.85991085,0.11295688,-0.4977893,0.07076946,0.9394072,0.33541888
1356269559960,0.5041059,-0.3370402,0.79516107,0.85939896,0.10461143,-0.50048965,0.08550215,0.9356604,0.3423872
1356269560000,0.50006354,-0.3204234,0.804528,0.8617903,0.09276059,-0.49871135,0.08517033,0.9427217,0.32252395
1356269560040,0.49188948,-0.281008,0.82406265,0.8677248,0.08060199,-0.49046618,0.0714038,0.95631474,0.28348488
1356269560081,0.4778152,-0.22638726,0.84878826,0.87723064,0.07185674,-0.47466105,0.046466023,0.9713833,0.23292808
1356269560121,0.45671886,-0.16456681,0.8742572,0.88950616,0.06938487,-0.45162427,0.013662159,0.9839225,0.17807256
1356269560179,0.42872858,-0.10317269,0.8975228,0.9031348,0.07448214,-0.42284733,-0.023223102,0.9918708,0.12511149
1356269560200,0.39500058,-0.048398226,0.9174051,0.9166868,0.08652514,-0.39012662,-0.060497195,0.99507344,0.078543484
1356269560241,0.3571398,-0.0045035183,0.93404007,0.9292692,0.10276833,-0.3548201,-0.09439173,0.99469507,0.040887654
1356269560278,0.3158006,0.02481389,0.9485011,0.9412149,0.11816847,-0.31646618,-0.11993575,0.99268353,0.013962418
1356269560321,0.27139837,0.03746602,0.96173763,0.9531741,0.12805992,-0.27397054,-0.13342464,0.9910585,-9.5641613E-4
1356269560360,0.22382188,0.035210818,0.97399384,0.9652126,0.13058019,-0.2265245,-0.13516039,0.9908123,-0.0047591925
1356269560400,0.17399877,0.023804158,0.9844581,0.97623503,0.12698114,-0.17561588,-0.12918803,0.99161947,-0.0011439621
1356269560440,0.12469411,0.009508282,0.9921496,0.98482597,0.12046075,-0.12492806,-0.12070295,0.9926725,0.005656719
1356269560480,0.08057007,-0.004085958,0.9967406,0.99025434,0.11429718,-0.07957724,-0.11359951,0.99343824,0.01325506
1356269560519,0.048249066,-0.014365494,0.998732,0.9927761,0.110658884,-0.046369612,-0.10985243,0.99375457,0.019600928
1356269560560,0.032897413,-0.01963669,0.9992658,0.9934589,0.11002928,-0.030544043,-0.109348744,0.99373436,0.023127913
1356269560600,0.04179448,-0.018342644,0.9989579,0.99302125,0.11112285,-0.03950572,-0.11028242,0.99363744,0.022858918
1356269560641,0.078876525,-0.010650843,0.9968275,0.99069536,0.112088114,-0.07719368,-0.1109103,0.9936412,0.019392848
1356269560681,0.14384273,-1.40070915E-5,0.9896006,0.9834873,0.1109837,-0.14295262,-0.10982758,0.9938223,0.01597792
1356269560720,0.22747195,0.003476888,0.9737785,0.96827006,0.10546517,-0.22656178,-0.10348752,0.99441695,0.020623773
1356269560761,0.31126988,-0.018714339,0.95013726,0.94657123,0.09484202,-0.3082336,-0.084344506,0.9953164,0.047235906
1356269560801,0.378461,-0.078302294,0.92229927,0.9243928,0.08320725,-0.37225586,-0.047593474,0.9934512,0.103872806
1356269560841,0.42189828,-0.16355833,0.8917682,0.90664303,0.07550058,-0.41508812,5.621016E-4,0.9836404,0.18014257
1356269560881,0.44953394,-0.24388784,0.8593241,0.8921812,0.07525277,-0.4453646,0.043952525,0.96687937,0.25142086
1356269560920,0.47461438,-0.2951466,0.82923436,0.877385,0.08343601,-0.47247642,0.070261836,0.95180196,0.29855716
1356269560960,0.5052878,-0.3107439,0.80506057,0.85937583,0.096366465,-0.5021819,0.0784691,0.945596,0.31573856
1356269561001,0.54215527,-0.29577106,0.78650314,0.8370288,0.10785854,-0.5364227,0.07382721,0.9491502,0.30604494
1356269561040,0.581197,-0.2596304,0.7712341,0.81144357,0.11339986,-0.5733234,0.061394393,0.9590269,0.2765831
1356269561081,0.6178849,-0.21117648,0.7573788,0.78502667,0.11157131,-0.6093316,0.04417476,0.9710593,0.2347174
1356269561120,0.64857143,-0.15786296,0.7446035,0.7607522,0.10266848,-0.64087075,0.024722427,0.98210925,0.18668243
1356269561160,0.67054975,-0.10615429,0.7342304,0.7418386,0.08765997,-0.6648242,0.00621137,0.9904781,0.13752973
1356269561200,0.6822322,-0.060948372,0.7285907,0.7310874,0.068307176,-0.67885584,-0.008392781,0.9958008,0.09115997
1356269561240,0.6830321,-0.025097013,0.7299571,0.73017836,0.047427654,-0.68160856,-0.017513782,0.99855936,0.050719917
1356269561280,0.6728085,-8.684397E-5,0.73981667,0.73951274,0.02873817,-0.6725288,-0.021202564,0.999587,0.019399509
1356269561321,0.6514403,0.013277292,0.75858366,0.75842357,0.015585497,-0.65157557,-0.020474046,0.9997903,8.319318E-5
1356269561360,0.61977386,0.016004711,0.7846172,0.78459823,0.008907944,-0.6199406,-0.016911298,0.9998322,-0.007036343
1356269561400,0.58101404,0.011875421,0.8138069,0.813792,0.0073176026,-0.58111024,-0.012856066,0.9999027,-0.005412504
1356269561440,0.5407248,0.0054922104,0.84118164,0.84113115,0.009219512,-0.54075253,-0.01072517,0.9999423,3.655702E-4
1356269561479,0.5054729,-2.7760863E-4,0.86284244,0.8627558,0.01433982,-0.5054175,-0.012232721,0.9998972,0.0074878633
1356269561521,0.4818462,-0.0036128163,0.87624836,0.87608176,0.021914065,-0.48166424,-0.017461926,0.9997533,0.013724387
1356269561560,0.47464237,-0.0034449995,0.880172,0.879822,0.030326217,-0.47433496,-0.02505821,0.99953413,0.01742509
1356269561601,0.48636758,7.3185563E-4,0.873754,0.8731328,0.037301794,-0.4860531,-0.032948315,0.9993038,0.01750338
1356269561640,0.51692647,0.008749038,0.8559851,0.85506904,0.04208614,-0.51680344,-0.040546656,0.9990757,0.014274389
1356269561680,0.5610738,0.01877001,0.827553,0.8263328,0.04610023,-0.56129205,-0.04868585,0.99876046,0.010355338
1356269561720,0.60983956,0.02314362,0.7921869,0.79058754,0.052084073,-0.61012995,-0.05538094,0.99837446,0.013465881
1356269561760,0.65160644,0.0074802637,0.7585203,0.75664943,0.064465076,-0.6506349,-0.053765,0.9978919,0.036345914
1356269561800,0.6779844,-0.039105654,0.7340353,0.73413336,0.08658339,-0.6734623,-0.037219048,0.9954767,0.08741099
1356269561840,0.68734777,-0.10982928,0.7179767,0.7262851,0.11473222,-0.67775106,-0.007938147,0.9873065,0.1586283
1356269561880,0.6862581,-0.18003443,0.70472515,0.72703433,0.14088048,-0.6719923,0.021699756,0.97351956,0.22757158
1356269561921,0.68505156,-0.22656018,0.6923691,0.72738874,0.16037738,-0.6672218,0.04012546,0.9607028,0.27466404
1356269561960,0.69000524,-0.24126089,0.6824119,0.722406,0.17097348,-0.6699983,0.044970006,0.9552808,0.2922609
1356269562000,0.70049703,-0.22865576,0.6760329,0.71253836,0.17110936,-0.68044883,0.03991297,0.9583518,0.2827876
1356269562040,0.7122721,-0.19799557,0.673399,0.70132136,0.16168845,-0.694266,0.028580755,0.96677536,0.25402468
1356269562080,0.7213139,-0.15765357,0.6744269,0.6924875,0.14596812,-0.70650864,0.012938708,0.97664666,0.21446192
1356269562121,0.7246535,-0.114352465,0.67955935,0.68909603,0.12727337,-0.7134061,-0.0049100816,0.9852538,0.17102888
1356269562160,0.7201019,-0.07360825,0.68995297,0.6935221,0.1077631,-0.7123301,-0.021918148,0.9914479,0.12864934
1356269562200,0.70621145,-0.039067388,0.7069223,0.70712143,0.08867465,-0.7015098,-0.0352799,0.99529415,0.09024845
1356269562241,0.68203807,-0.012365401,0.73121214,0.73002315,0.07095422,-0.67972916,-0.043477476,0.99740297,0.057420477
1356269562281,0.64642644,0.0054068565,0.76295716,0.7615887,0.055709213,-0.6456617,-0.04599476,0.9984324,0.031894103
1356269562320,0.598012,0.013028413,0.80138123,0.80034816,0.043578893,-0.5979495,-0.042713612,0.998965,0.015633449
1356269562360,0.53729767,0.010890305,0.8433224,0.84269786,0.0336477,-0.5373343,-0.03422758,0.9993744,0.008901611
1356269562400,0.4685124,0.0032782555,0.88345087,0.88314295,0.024921685,-0.4684416,-0.023552835,0.9996841,0.008780897
1356269562440,0.40017018,-0.0041616857,0.9164314,0.91631556,0.018356174,-0.40003628,-0.015157402,0.9998229,0.011158973
1356269562480,0.34120145,-0.008412212,0.93995255,0.93991256,0.015909165,-0.34104457,-0.012084961,0.9998381,0.01333493
1356269562521,0.29864833,-0.0090948045,0.9543199,0.9542563,0.017814964,-0.2984586,-0.014286697,0.99979997,0.013999224
1356269562561,0.2774638,-0.005981922,0.96071744,0.96051157,0.02334565,-0.27725893,-0.020770043,0.99970955,0.012223303
1356269562602,0.28125495,0.0012902021,0.95963216,0.959155,0.03118056,-0.28115696,-0.030284524,0.99951285,0.007532239
1356269562640,0.3107701,0.012850612,0.9503983,0.9495406,0.04036945,-0.3110355,-0.04236409,0.99910223,3.4341216E-4
1356269562680,0.36292934,0.02771455,0.9314045,0.9300466,0.05080694,-0.36391202,-0.05740747,0.9983239,-0.0073364675
1356269562720,0.43021846,0.03950736,0.9018599,0.8997705,0.061993226,-0.43193743,-0.07297394,0.9972943,-0.00887695
1356269562760,0.49535882,0.033922315,0.8680259,0.86488956,0.07408889,-0.49646437,-0.08115223,0.99667454,0.007361561
1356269562800,0.5406497,-0.0041388273,0.84123766,0.8382127,0.08751862,-0.538275,-0.07139614,0.9961543,0.050786123
1356269562840,0.5581435,-0.074346155,0.82640696,0.828735,0.09906255,-0.55080384,-0.040915817,0.9923,0.11690436
1356269562880,0.5549818,-0.15456402,0.817377,0.83186173,0.10446054,-0.5450634,-0.001136452,0.9824449,0.18654959
1356269562920,0.54810095,-0.21739721,0.8076657,0.8358091,0.10569289,-0.53875065,0.03175831,0.97034407,0.2396329
1356269562960,0.5518857,-0.24842158,0.7960583,0.8324232,0.10694453,-0.54372287,0.04993841,0.9627303,0.26581302
1356269563001,0.57001716,-0.24821603,0.7832428,0.8197992,0.108166575,-0.56234276,0.054861784,0.96264684,0.26514405
1356269563047,0.60679346,-0.21451315,0.76536644,0.7934475,0.10609877,-0.5993197,0.04735753,0.9709414,0.23458499
1356269563078,0.6289224,-0.18078709,0.7561565,0.7765329,0.09837948,-0.6223489,0.038122356,0.97858953,0.20226017
1356269563121,0.65289146,-0.14000899,0.7443992,0.75702405,0.087604,-0.6474875,0.025441736,0.9862672,0.16318609
1356269563160,0.66629636,-0.09930575,0.7390449,0.7455823,0.07211378,-0.66250026,0.0124948025,0.99244034,0.12208977
1356269563200,0.66603327,-0.06299698,0.74325705,0.74591875,0.053289235,-0.6639017,0.0022161603,0.99659,0.08248301
1356269563240,0.6496778,-0.033340126,0.7594782,0.76020074,0.033318415,-0.64883333,-0.003672421,0.99888855,0.046991423
1356269563280,0.61493075,-0.011670232,0.78849477,0.7885681,0.0148507655,-0.6147681,-0.004535258,0.9998216,0.01833494
1356269563320,0.5592661,5.272031E-4,0.8289881,0.8289882,-1.5334785E-4,-0.5592661,-1.6775727E-4,0.9999999,-5.2280724E-4
1356269563360,0.4828371,0.0031089485,0.87570465,0.8756677,-0.011569113,-0.48277566,0.008630186,0.99992824,-0.008308411
1356269563400,0.39303088,-6.053746E-4,0.9195251,0.9193373,-0.019962251,-0.39296377,0.018593669,0.99980056,-0.007289231
1356269563440,0.3033715,-0.0062978268,0.95285153,0.95253754,-0.024500966,-0.30343342,0.025256783,0.9996799,-0.0014339983
1356269563481,0.22697532,-0.011118948,0.973837,0.97356415,-0.023687065,-0.22718212,0.0255934,0.9996575,0.0054486394
