1356269362924,0.8821358,0.042604834,0.46906424,0.46873525,0.018029217,-0.88315475,-0.046083525,0.9989294,-0.0040661693
1356269362962,-0.998253,-0.045888413,0.03721702,0.03698657,0.0058612227,0.9992985,-0.04607436,0.9989293,-0.004153669
1356269363001,-0.9982604,-0.045786377,0.037145976,0.036896054,0.0062918663,0.9992993,-0.045988012,0.9989314,-0.004591584
1356269363040,-0.998292,-0.04539355,0.03677568,0.036470696,0.0075289607,0.9993063,-0.04563894,0.9989408,-0.005860567
1356269363081,-0.99838245,-0.04433552,0.035593625,0.035181843,0.010034084,0.9993306,-0.044662993,0.9989663,-0.008458018
1356269363120,-0.99855894,-0.04236617,0.032941677,0.032368034,0.014155686,0.99937576,-0.042806037,0.9990018,-0.012763977
1356269363160,-0.99882597,-0.039264,0.028375067,0.027587712,0.020451546,0.9994102,-0.039821155,0.99901956,-0.01934439
1356269363202,-0.9991489,-0.035053533,0.021740632,0.020724326,0.02910024,0.9993616,-0.035663813,0.9989616,-0.028349042
1356269363241,-0.9994769,-0.029505122,0.013239914,0.012046367,0.040269136,0.99911624,-0.030012209,0.99875313,-0.039892673
1356269363281,-0.99974054,-0.022521587,0.003418832,0.0022133198,0.053336084,0.99857414,-0.022671822,0.9983226,-0.053272367
1356269363321,-0.99988544,-0.013309615,-0.00721255,-0.008103736,0.06816661,0.9976411,-0.0127865635,0.9975852,-0.06826663
1356269363361,-0.999834,-0.0013661813,-0.01817204,-0.018222595,0.0838747,0.9963097,1.6303547E-4,0.9964754,-0.08388573
1356269363401,-0.9995356,0.012085665,-0.027972855,-0.026648223,0.098537266,0.9947765,0.014778905,0.99505997,-0.098169446
1356269363440,-0.9990054,0.026255189,-0.036038894,-0.03290427,0.11135268,0.993236,0.030090626,0.993434,-0.11037797
1356269363481,-0.99836016,0.039530072,-0.041406393,-0.036302324,0.122092545,0.9918546,0.044263497,0.9917312,-0.12045735
1356269363520,-0.9977828,0.05026497,-0.043620467,-0.036706492,0.13109094,0.9906905,0.055515274,0.9900952,-0.12895519
1356269363560,-0.9974571,0.057152987,-0.04257811,-0.03431248,0.13852423,0.9897645,0.062466092,0.98870856,-0.13621092
1356269363601,-0.9974845,0.059423767,-0.038644,-0.029740065,0.14402592,0.9891269,0.064343385,0.9877881,-0.14189631
1356269363640,-0.99771,0.056624465,-0.036991723,-0.028305957,0.14716005,0.98870754,0.06142874,0.98749053,-0.14522028
1356269363680,-0.99831885,0.051418,-0.026750736,-0.018947346,0.14666301,0.989005,0.054776005,0.9878493,-0.14544225
1356269363721,-0.9988753,0.043996103,-0.017675912,-0.011217596,0.14292926,0.9896693,0.046067998,0.9887545,-0.14227498
1356269363761,-0.99929476,0.036076166,-0.010416198,-0.005417873,0.1359694,0.9906982,0.037156876,0.9900559,-0.13567805
1356269363821,-0.99955356,0.02943615,-0.005123565,-0.0014680754,0.12288654,0.99241966,0.029842632,0.99198407,-0.12278843
1356269363848,-0.99964905,0.026437901,-0.0016429573,0.0012071179,0.10742694,0.9942122,0.026461383,0.9938614,-0.1074211
1356269363891,-0.9996119,0.027848015,7.135356E-4,0.003215652,0.08990806,0.9959449,0.027670935,0.9955607,-0.08996272
1356269363930,-0.9994775,0.03205993,0.0041008256,0.00640657,0.07215148,0.9973731,0.031679835,0.99687827,-0.07231909
1356269363970,-0.9992897,0.03621803,0.0104042245,0.01240924,0.055582523,0.9983769,0.03558095,0.99779695,-0.055992424
1356269364010,-0.99908024,0.037428074,0.020922534,0.022459077,0.041115165,0.99890196,0.03652674,0.99845314,-0.04191786
1356269364050,-0.9988017,0.034343597,0.03486724,0.035864297,0.028856754,0.99894,0.033301037,0.9989934,-0.030053854
1356269364090,-0.99838954,0.027743937,0.049484495,0.050006263,0.018438816,0.99857867,0.026792068,0.99944496,-0.01979655
1356269364131,-0.99794674,0.020076694,0.06082131,0.061014675,0.009162664,0.9980948,0.019481158,0.99975646,-0.010368824
1356269364170,-0.9977867,0.013434747,0.065124094,0.06512905,-6.908178E-5,0.9978769,0.013410723,0.99990976,-8.060932E-4
1356269364211,-0.9982121,0.008644514,0.05914286,0.05905094,-0.01052773,0.99819946,0.009251591,0.99990726,0.009998441
1356269364250,-0.9991927,0.00661736,0.039624862,0.03945886,-0.023570895,0.99894315,0.007544359,0.99970025,0.023290753
1356269364290,-0.9999366,0.010778736,0.0032548276,0.0028065466,-0.04134649,0.9991409,0.010904051,0.9990867,0.041313708
1356269364331,-0.99818623,0.028601829,-0.052972868,-0.05479263,-0.06711382,0.99623966,0.024939062,0.9973353,0.06855935
1356269364370,-0.98910075,0.06918344,-0.12997466,-0.13659516,-0.1015985,0.98540324,0.054968365,0.9924169,0.109941185
1356269364410,-0.96504974,0.13630347,-0.22383109,-0.24209927,-0.13669038,0.9605747,0.100334086,0.9811917,0.16491199
1356269364450,-0.92005694,0.21805605,-0.32549465,-0.36203673,-0.15564585,0.91907763,0.14974855,0.9634448,0.22214735
1356269364490,-0.85797507,0.2907257,-0.42350602,-0.47803384,-0.15006393,0.86542726,0.18804903,0.94496524,0.26772785
1356269364530,-0.79093903,0.33632156,-0.51117814,-0.5760839,-0.12769008,0.8073552,0.20625862,0.93305033,0.29474455
1356269364570,-0.7299485,0.35114688,-0.58640504,-0.6521314,-0.10086173,0.7513664,0.20469412,0.93087196,0.30261785
1356269364610,-0.6807575,0.34049383,-0.64856243,-0.7075778,-0.07663882,0.7024672,0.18948068,0.9371182,0.29309833
1356269364650,-0.64645827,0.31196645,-0.6962533,-0.744313,-0.057406247,0.66535914,0.16760045,0.9483572,0.26931137
1356269364690,-0.62942,0.27258855,-0.72768545,-0.7636145,-0.043489337,0.6442062,0.14395669,0.96114737,0.23552555
1356269364730,-0.6312049,0.22815263,-0.74130064,-0.76607734,-0.033957124,0.64185077,0.1212675,0.973033,0.19621652
1356269364770,-0.65166676,0.1838057,-0.735898,-0.75166184,-0.026458502,0.6590177,0.10166046,0.9826064,0.15540183
1356269364840,-0.6885078,0.14418337,-0.7107519,-0.7199563,-0.01792401,0.693788,0.08729321,0.98938864,0.116146505
1356269364853,-0.7374236,0.11276013,-0.66595167,-0.67070234,-0.0057882667,0.74170405,0.07977992,0.99360543,0.07989693
1356269364892,-0.79373807,0.09152201,-0.6013349,-0.60319126,0.008924365,0.7975466,0.078359604,0.99576306,0.04812163
1356269364932,-0.84770936,0.081748515,-0.52412426,-0.52405477,0.024033368,0.8513455,0.08219275,0.9963632,0.022467256
1356269364972,-0.8958284,0.084063426,-0.43637687,-0.43509036,0.034032762,0.89974344,0.090486586,0.99587905,0.006087661
1356269365012,-0.9337911,0.096560486,-0.3445432,-0.3427545,0.03506404,0.9387703,0.102729194,0.99470925,3.541708E-4
1356269365052,-0.960039,0.11261811,-0.25620764,-0.25475132,0.027383983,0.9666188,0.11587477,0.993261,0.0023998618
1356269365092,-0.97615117,0.12347441,-0.17855786,-0.17806539,0.015102863,0.98390275,0.12418355,0.99223286,0.0072439313
1356269365130,-0.9854099,0.12413842,-0.11643381,-0.11693718,0.00324893,0.99313396,0.12366437,0.99225956,0.0113149285
1356269365170,-0.99063283,0.11600268,-0.07204061,-0.073094025,-0.004847169,0.99731326,0.11534182,0.993237,0.013280928
1356269365210,-0.99352455,0.1037401,-0.046335895,-0.047426187,-0.008066654,0.99884224,0.10324623,0.9945718,0.012934446
1356269365250,-0.994987,0.09105544,-0.041349187,-0.04213117,-0.006681919,0.9990897,0.09069626,0.9958234,0.010484695
1356269365290,-0.99496984,0.07853303,-0.062190264,-0.06250564,-0.0015616417,0.9980434,0.07828225,0.99691033,0.006462574
1356269365330,-0.9908164,0.06474015,-0.11870756,-0.11862251,0.0051696897,0.99292594,0.06489586,0.99788874,0.002557397
1356269365370,-0.97309285,0.05061674,-0.22478488,-0.22467676,0.007889926,0.9744014,0.05109454,0.99868697,0.0036947727
1356269365410,-0.9200408,0.046411872,-0.3890642,-0.38952714,-0.0010148883,0.9210144,0.042351127,0.9989219,0.019012451
1356269365450,-0.8033525,0.07219237,-0.59111166,-0.59360486,-0.01787275,0.80455816,0.047518164,0.9972305,0.057211936
1356269365490,-0.6193087,0.1354655,-0.77337307,-0.7819151,-0.017123401,0.62314975,0.071172535,0.9906341,0.11652714
1356269365530,-0.4087178,0.20943141,-0.8883064,-0.9064208,0.02047348,0.42187935,0.106541544,0.977609,0.18146509
1356269365570,-0.22168308,0.26147726,-0.9394073,-0.96511066,0.07883632,0.24969223,0.13934821,0.96198463,0.23487788
1356269365612,-0.0801155,0.2826863,-0.95586085,-0.98405594,0.13033473,0.12102386,0.15879366,0.9503164,0.26773733
1356269365650,0.016903102,0.27901617,-0.9601376,-0.98637676,0.161807,0.029656023,0.16363153,0.9465561,0.27795008
1356269365690,0.07697362,0.2579368,-0.9630908,-0.9843875,0.1730187,-0.032337576,0.15829173,0.95054364,0.2672276
1356269365730,0.10563302,0.22684687,-0.96818495,-0.98336786,0.16849089,-0.067811966,0.1477474,0.9592452,0.24087214
1356269365770,0.10637602,0.19094658,-0.97581947,-0.9851421,0.15331528,-0.07739189,0.13483027,0.9695535,0.20441857
1356269365851,0.080014914,0.1536986,-0.9848727,-0.98933804,0.13286456,-0.05964297,0.12168762,0.9791444,0.16269103
1356269365852,0.02554363,0.11781201,-0.9927074,-0.9934906,0.11326784,-0.012121469,0.11101377,0.986555,0.11993837
1356269365877,-0.05948609,0.08832282,-0.99431396,-0.9928109,0.0984056,0.06813738,0.10386416,0.99121904,0.08183414
1356269365907,-0.15563703,0.064150065,-0.9857291,-0.9826412,0.091936946,0.16113263,0.100961596,0.9936963,0.04872775
1356269365951,-0.26618093,0.047968596,-0.96272886,-0.9582523,0.09500915,0.2696771,0.10440412,0.99432,0.020676374
1356269365990,-0.41510987,0.04704249,-0.9085542,-0.90290236,0.10118449,0.41776666,0.111584395,0.99375486,4.720688E-4
1356269366030,-0.57777905,0.06317574,-0.81374454,-0.80716753,0.10363197,0.5811548,0.121044844,0.99260724,-0.008882999
1356269366071,-0.7266525,0.09156698,-0.68087566,-0.674232,0.095173,0.7323615,0.13186112,0.99124044,-0.0074203014
1356269366110,-0.8377516,0.12029144,-0.5326368,-0.5273595,0.074796915,0.8463435,0.14164746,0.9899168,7.7569485E-4
1356269366150,-0.9071928,0.13856523,-0.39724147,-0.39437842,0.04873687,0.9176548,0.14651537,0.9891533,0.010433495
1356269366190,-0.94567764,0.14325629,-0.29184186,-0.29137015,0.024734855,0.9562906,0.14421332,0.98937654,0.01834929
1356269366230,-0.9655306,0.13749117,-0.22101307,-0.2221322,0.0073447227,0.9749889,0.13567564,0.9904757,0.023449719
1356269366270,-0.9746756,0.126595,-0.18433973,-0.18610053,-0.0021219254,0.9825284,0.12399203,0.99195224,0.025627673
1356269366310,-0.9765757,0.11462459,-0.1821014,-0.18377087,-0.0040798783,0.9829606,0.11192849,0.99340045,0.02504909
1356269366350,-0.9702331,0.102577806,-0.21937539,-0.22048521,5.3179264E-4,0.9753902,0.10017006,0.99472487,0.022100925
1356269366390,-0.9481949,0.08877392,-0.30503365,-0.3054456,0.009240389,0.9521647,0.087345995,0.99600893,0.018353999
1356269366430,-0.89278126,0.07457657,-0.44427457,-0.44441378,0.015633285,0.8956852,0.0737426,0.9970927,0.019185841
1356269366470,-0.7835617,0.07275531,-0.61703956,-0.617862,0.013298333,0.78617406,0.06540394,0.99726117,0.034532607
1356269366510,-0.62639153,0.10167915,-0.7728487,-0.77617985,0.010171115,0.6304296,0.07196227,0.9947653,0.07255012
1356269366550,-0.45600653,0.15920907,-0.8756201,-0.8847303,0.025575757,0.4654012,0.09649071,0.98691356,0.12919438
1356269366609,-0.30151367,0.21974903,-0.927793,-0.9446201,0.0633657,0.3219904,0.12954733,0.97349644,0.1884737
1356269366631,-0.1743691,0.2594842,-0.9498755,-0.972118,0.108234465,0.20801926,0.15678701,0.95966315,0.23337644
1356269366671,-0.07735777,0.27143377,-0.9593433,-0.98211044,0.14494836,0.120204896,0.17168292,0.9514798,0.25536498
1356269366708,-0.008041561,0.25976253,-0.96563905,-0.9844403,0.16745806,0.053245306,0.17553514,0.9510422,0.2543741
1356269366751,0.036893845,0.23207629,-0.9719976,-0.9844606,0.17554688,0.0045470595,0.17168641,0.9567256,0.23494652
1356269366790,0.0600321,0.19620606,-0.97872335,-0.9848082,0.17168996,-0.025986433,0.1629383,0.9654148,0.20353222
1356269366837,0.06365481,0.15736422,-0.985487,-0.98636186,0.1601099,-0.038144708,0.15178362,0.9744749,0.1654098
1356269366872,0.049081326,0.1188218,-0.99170184,-0.9887777,0.14604944,-0.031437576,0.14110208,0.98211557,0.12465659
1356269366912,0.016396314,0.08313623,-0.9964034,-0.9909406,0.13420448,-0.0051089227,0.13329715,0.98746026,0.08458346
1356269366952,-0.03518918,0.05311796,-0.9979681,-0.9910064,0.12714794,0.04171124,0.12910521,0.9904605,0.048165977
1356269366992,-0.10479364,0.03141418,-0.99399775,-0.98624265,0.1252043,0.107932895,0.12784344,0.99163353,0.017861307
1356269367031,-0.19120538,0.021121293,-0.9813229,-0.97306657,0.12708229,0.19233194,0.1287711,0.9916674,-0.00374645
1356269367071,-0.29137164,0.02443555,-0.95629776,-0.9474796,0.13041592,0.29201728,0.13185212,0.9911582,-0.014847338
1356269367111,-0.39929026,0.03974831,-0.9159626,-0.9066513,0.13129854,0.400929,0.13620082,0.99054575,-0.016388357
1356269367151,-0.50550044,0.06046641,-0.86070496,-0.8515361,0.12588412,0.5089591,0.13912398,0.99020046,-0.012145102
1356269367191,-0.5994808,0.078501135,-0.79653025,-0.7883911,0.11375213,0.6045659,0.13806614,0.990403,-0.0063026547
1356269367231,-0.6734553,0.08877179,-0.7338784,-0.7272794,0.09820682,0.6792791,0.13237268,0.9911988,-0.0015759468
1356269367271,-0.7245242,0.09042877,-0.68329144,-0.6781691,0.08351421,0.7301452,0.123090655,0.99239504,8.1795454E-4
1356269367311,-0.75338584,0.08553073,-0.6519925,-0.64793503,0.07262832,0.7582251,0.11220467,0.9936849,7.0118904E-4
1356269367350,-0.76189035,0.07662961,-0.6431571,-0.63973665,0.06625861,0.7657329,0.10129249,0.99485564,-0.0014590025
1356269367391,-0.7514408,0.06499648,-0.6565913,-0.6536118,0.06264961,0.7542325,0.09015766,0.99591696,-0.0045949817
1356269367431,-0.72208136,0.053207368,-0.689759,-0.68732107,0.058198094,0.72401845,0.07866582,0.99688613,-0.0054532886
1356269367471,-0.6767837,0.050180674,-0.7344697,-0.7327983,0.049624443,0.678634,0.07050198,0.99750656,0.0031872988
1356269367511,-0.6198897,0.07032955,-0.7815309,-0.7811814,0.038755357,0.62310004,0.074110806,0.9967706,0.030916095
1356269367551,-0.55454844,0.12079334,-0.8233377,-0.8266177,0.03395194,0.5617387,0.09580824,0.9920969,0.081021905
1356269367590,-0.48243934,0.1886796,-0.85536677,-0.8661264,0.042931616,0.49797788,0.13068056,0.98109984,0.14270842
1356269367630,-0.40950054,0.24934047,-0.87757546,-0.8974343,0.06290549,0.43664017,0.16407639,0.9663707,0.19800687
1356269367670,-0.34541267,0.28649724,-0.8936496,-0.9201864,0.083561,0.38245863,0.18424764,0.95443016,0.2347678
1356269367711,-0.29720616,0.29689875,-0.90747976,-0.93583333,0.097982526,0.33854893,0.1894319,0.9498687,0.24872673
1356269367751,-0.26738757,0.28490043,-0.9205084,-0.94582975,0.10496086,0.3072286,0.18414685,0.95279336,0.24140203
1356269367790,-0.25503963,0.25765815,-0.9319694,-0.9512837,0.10583198,0.2895841,0.17324582,0.9604227,0.21811467
1356269367838,-0.2579155,0.22196192,-0.94032574,-0.9528777,0.10243249,0.28553733,0.15969828,0.9696599,0.18508375
1356269367872,-0.27361363,0.18292153,-0.9442856,-0.9507507,0.097210824,0.29431808,0.14563185,0.97830963,0.14731455
1356269367912,-0.3002264,0.14469177,-0.9428301,-0.9444954,0.09312868,0.31504866,0.1333895,0.9850844,0.10870093
1356269367952,-0.33635622,0.11078498,-0.93519574,-0.933434,0.09234023,0.3466614,0.124761045,0.9895453,0.07235128
1356269367991,-0.3801182,0.083435506,-0.9211671,-0.9170867,0.09548962,0.38708347,0.12025839,0.99192756,0.0402202
1356269368031,-0.42971742,0.06481704,-0.90063405,-0.89499414,0.101649106,0.43434206,0.119701385,0.99270654,0.014330566
1356269368071,-0.4828378,0.057541072,-0.8738173,-0.8670123,0.108873665,0.486247,0.12311491,0.9923888,-0.0026795268
1356269368111,-0.53664273,0.06273112,-0.8414745,-0.8337033,0.11446166,0.5402198,0.13020515,0.99144506,-0.009125888
1356269368151,-0.5879271,0.07684553,-0.80525565,-0.7969504,0.11554825,0.59289014,0.13860688,0.99032485,-0.0066919327
1356269368191,-0.63320833,0.09270784,-0.76840913,-0.7603667,0.110883474,0.6399589,0.14453313,0.9895,2.796054E-4
1356269368231,-0.66932064,0.10409558,-0.73564523,-0.7286133,0.10176617,0.67732286,0.14537013,0.9893471,0.0077311993
1356269368270,-0.693719,0.108180344,-0.7120751,-0.7063508,0.09107447,0.7019786,0.1407921,0.9899507,0.013233185
1356269368311,-0.7044384,0.10523331,-0.7019206,-0.69733495,0.081658006,0.7120786,0.13225189,0.9910892,0.015859783
1356269368350,-0.6997458,0.097180694,-0.7077513,-0.7039043,0.07534355,0.70628756,0.12196204,0.99241084,0.015684545
1356269368391,-0.6781195,0.085374415,-0.729976,-0.7265342,0.07202095,0.68334544,0.11091375,0.99374247,0.01318872
1356269368431,-0.6382417,0.07050219,-0.7666009,-0.7635528,0.06899375,0.64204913,0.09815657,0.99512273,0.009797454
1356269368471,-0.579747,0.056839526,-0.81281155,-0.8105135,0.061918914,0.5824379,0.083433926,0.9964614,0.01017189
1356269368511,-0.50337017,0.056529433,-0.8622198,-0.8611156,0.04964173,0.5059801,0.071404904,0.9971661,0.023690104
1356269368551,-0.40950084,0.083998054,-0.9084346,-0.9095323,0.040051043,0.41369897,0.0711337,0.9956607,0.059997976
1356269368591,-0.29870337,0.13954532,-0.94408864,-0.95030427,0.047456324,0.30768448,0.08773893,0.98907787,0.118435144
1356269368630,-0.17877412,0.20176125,-0.96298087,-0.97715473,0.07791805,0.1977306,0.11492798,0.97633046,0.1832223
1356269368670,-0.065721035,0.24555385,-0.9671526,-0.9879967,0.11977875,0.097548485,0.13979778,0.9619545,0.23473439
1356269368711,0.02710092,0.2614652,-0.9648323,-0.987633,0.15610552,0.014562488,0.15442324,0.95250565,0.2624623
1356269368750,0.09521714,0.2535014,-0.9626374,-0.9826138,0.1787695,-0.050115794,0.15938571,0.9506726,0.2661159
1356269368790,0.13823596,0.22860429,-0.963655,-0.9776013,0.18740907,-0.09577817,0.15870237,0.9553104,0.24939057
1356269368837,0.15843788,0.19478214,-0.9679655,-0.9750322,0.18535271,-0.1222963,0.15559384,0.963174,0.21928585
1356269368872,0.15817776,0.15739402,-0.9747855,-0.9757792,0.17599788,-0.12992144,0.1511113,0.9717262,0.1814208
1356269368912,0.13926047,0.11985922,-0.98297524,-0.9794316,0.16303921,-0.118878245,0.1460149,0.97931206,0.14009875
1356269368952,0.103435874,0.084920615,-0.99100435,-0.984514,0.15052414,-0.08985984,0.1415391,0.98495233,0.099175096
1356269368991,0.05343166,0.05438909,-0.99708927,-0.98888314,0.14163736,-0.045265913,0.1387631,0.98842335,0.061352372
1356269369031,-0.0067771375,0.030283272,-0.9995184,-0.9903285,0.13831338,0.010905445,0.13857701,0.98992544,0.029053032
1356269369071,-0.07129657,0.015238047,-0.9973388,-0.9872954,0.1412698,0.07273701,0.14200222,0.98985386,0.004972458
1356269369111,-0.13484588,0.011725038,-0.9907973,-0.9795513,0.149106,0.1350798,0.14931765,0.9887517,-0.008621097
1356269369151,-0.1969161,0.01957789,-0.98022485,-0.9676204,0.15714842,0.1975227,0.15790784,0.9873809,-0.012001097
1356269369191,-0.26334321,0.035083592,-0.96406406,-0.9509075,0.15895492,0.26553395,0.16255862,0.9866624,-0.00849849
1356269369231,-0.34438568,0.053652525,-0.9372939,-0.92520195,0.1500845,0.34853396,0.15937302,0.98721623,-0.0020474792
1356269369270,-0.4543923,0.07219535,-0.88787127,-0.8783826,0.129538,0.46006936,0.14822793,0.9889427,0.004554093
1356269369310,-0.6136509,0.08932978,-0.78450805,-0.77846706,0.09764451,0.62004405,0.13199133,0.9912042,0.009620607
1356269369350,-0.8341462,0.10247944,-0.54193926,-0.53964126,0.051383078,0.8403256,0.113962606,0.99340713,0.012441158
1356269369391,-0.9950934,0.09706159,-0.019190699,-0.020371068,-0.011184692,0.99972993,0.09682073,0.9952156,0.013107002
1356269369431,-0.8273204,0.060216874,0.5584933,0.5558754,-0.05540979,0.8294168,0.080890894,0.9966462,0.012368619
1356269369489,-0.54457283,0.025265932,0.8383329,0.83610296,-0.062449157,0.54500633,0.06612325,0.9977283,0.012883127
1356269369510,-0.33506143,-0.0013491809,0.9421953,0.9405174,-0.06014967,0.33437863,0.056221604,0.9981885,0.021422744
1356269369551,-0.18678057,-0.03655988,0.98172116,0.98056155,-0.068072975,0.18402478,0.060100764,0.99701023,0.048563898
1356269369588,-0.075262725,-0.09267822,0.99284756,0.99356914,-0.09143609,0.066782266,0.08459282,0.99148893,0.098963976
1356269369631,0.00483346,-0.16571644,0.9861616,0.99201536,-0.1234889,-0.025613397,0.12602457,0.9784112,0.1637964
1356269369670,0.043254614,-0.23234102,0.97167206,0.9849365,-0.15306425,-0.08044502,0.16741893,0.9605149,0.22222045
1356269369710,0.03252673,-0.2716477,0.9618469,0.9800688,-0.18003076,-0.08398768,0.19597715,0.945408,0.26037768
1356269369751,-0.032763243,-0.27274665,0.96152794,0.9773855,-0.20983362,-0.026217759,0.20891169,0.9389245,0.27345344
1356269369790,-0.14362442,-0.23690313,0.9608584,0.96701187,-0.23999935,0.08537158,0.21038061,0.94142294,0.26355794
1356269369836,-0.27881533,-0.17520332,0.9442276,0.93823373,-0.25946367,0.22890148,0.2048885,0.9497274,0.2367242
1356269369872,-0.41061312,-0.104676664,0.90578127,0.89075154,-0.25831085,0.37394807,0.1948295,0.960374,0.19930676
1356269369912,-0.5203401,-0.039973825,0.85302305,0.8343241,-0.23677051,0.49783838,0.18207023,0.97074294,0.15655231
1356269369952,-0.6034113,0.012147933,0.79733753,0.77918994,-0.20365256,0.59278035,0.16958094,0.9789678,0.113420784
1356269369992,-0.6623801,0.05198157,0.7473624,0.7318694,-0.16823947,0.66035044,0.16006193,0.98437464,0.073394775
1356269370032,-0.7033933,0.08235043,0.7060144,0.6937524,-0.13669914,0.7071216,0.15474334,0.9871838,0.039022446
1356269370071,-0.73229903,0.10498533,0.6728419,0.66346455,-0.11267859,0.7396745,0.1534698,0.9880696,0.012860417
1356269370111,-0.7538627,0.12032941,0.6459193,0.6382724,-0.09911823,0.7634028,0.15588221,0.9877734,-0.0020813346
1356269370151,-0.77104115,0.12922496,0.6235354,0.61589783,-0.09739834,0.7817822,0.1617571,0.9868204,-0.0044912696
1356269370191,-0.7851553,0.13321814,0.60480094,0.5957353,-0.10435599,0.7963726,0.16920586,0.9855774,0.0025728345
1356269370231,-0.79699093,0.13291878,0.5891843,0.57838887,-0.11304486,0.80789065,0.17398807,0.9846591,0.013216913
1356269370270,-0.80716944,0.12804946,0.5762646,0.5645664,-0.11774176,0.8169466,0.17245996,0.98475397,0.022745073
1356269370310,-0.8158413,0.11938022,0.56581897,0.55441463,-0.11669433,0.82401866,0.16439943,0.98596686,0.029018044
1356269370350,-0.82297415,0.10889505,0.5575441,0.5473562,-0.110666454,0.82955056,0.1520354,0.98787385,0.031471252
1356269370391,-0.8286826,0.09912273,0.55087173,0.5422559,-0.10174775,0.8340299,0.13872129,0.9898596,0.030566752
1356269370431,-0.8338211,0.0910393,0.54447615,0.53745717,-0.091285944,0.83833563,0.1260245,0.9916545,0.027186334
1356269370471,-0.8402225,0.08347191,0.53577864,0.5302668,-0.08002299,0.84404594,0.113328725,0.9932919,0.02297467
1356269370511,-0.8506599,0.07442686,0.52042145,0.5159936,-0.07130337,0.8536197,0.100640014,0.9946741,0.02225107
1356269370551,-0.86786574,0.064326525,0.49261653,0.48805612,-0.07481003,0.86960024,0.09279102,0.9951208,0.033530176
1356269370591,-0.89238125,0.058958113,0.44741464,0.44037142,-0.10292655,0.8918964,0.09863533,0.9929401,0.06588614
1356269370630,-0.92063874,0.06815447,0.38442075,0.37061113,-0.15706116,0.91541207,0.12276702,0.9852344,0.1193378
1356269370671,-0.9468765,0.097493656,0.3064636,0.2800347,-0.21861523,0.9347663,0.15813139,0.97092867,0.17969996
1356269370710,-0.9673653,0.14238846,0.20959452,0.16758645,-0.26088375,0.9507126,0.1900503,0.95481163,0.22850752
1356269370751,-0.9776819,0.19391944,0.0808295,0.026731923,-0.2667842,0.9633855,0.2083832,0.94404525,0.25564623
1356269370790,-0.96591336,0.24282643,-0.08970349,-0.14754373,-0.23169416,0.96153456,0.21270221,0.94199425,0.259624
1356269370835,-0.91544056,0.27646902,-0.29246107,-0.34451786,-0.16271043,0.9245717,0.20802896,0.9471485,0.24420023
1356269370872,-0.82333696,0.28199115,-0.4925417,-0.53167695,-0.07956767,0.84320146,0.19858494,0.95611197,0.2154392
1356269370910,-0.7164305,0.25899786,-0.647802,-0.6722398,-0.007918954,0.7402911,0.18660387,0.96584547,0.1797821
1356269370951,-0.63564336,0.22155067,-0.7395086,-0.7520807,0.03839296,0.6579519,0.17416158,0.97439283,0.14221972
1356269370991,-0.6088832,0.18571934,-0.77121305,-0.7760843,0.061748266,0.6275989,0.16417834,0.9806608,0.10653633
1356269371031,-0.64092934,0.16031086,-0.75067306,-0.7509866,0.071403205,0.65644556,0.15883586,0.98448056,0.07462686
1356269371070,-0.7207497,0.1479753,-0.6772171,-0.6748662,0.07338327,0.73428226,0.15835199,0.9862647,0.046972632
1356269371110,-0.82242954,0.1478021,-0.5493307,-0.5455315,0.068825126,0.83525956,0.16126084,0.98661935,0.02402687
1356269371150,-0.9112651,0.15634984,-0.38098645,-0.37685043,0.056479752,0.9245506,0.16607136,0.9860856,0.007452488
1356269371190,-0.964,0.16808027,-0.20604151,-0.20281896,0.03630984,0.97854286,0.17195508,0.9851044,-9.1278553E-4
1356269371230,-0.9825186,0.17693725,-0.057883028,-0.056675203,0.011876881,0.99832207,0.17732783,0.98415047,-0.0016412735
1356269371270,-0.9824955,0.17918478,0.05094421,0.049750358,-0.011152983,0.99869937,0.17951992,0.9837522,0.0020433068
1356269371311,-0.9768514,0.17394231,0.12452048,0.121356174,-0.028752804,0.99219245,0.17616457,0.98433596,0.006978333
1356269371351,-0.9714307,0.16251047,0.17295307,0.1687208,-0.039600015,0.98486805,0.1669003,0.98591185,0.011049688
1356269371390,-0.9677626,0.14742486,0.20420967,0.19980977,-0.044222057,0.9788363,0.15333538,0.9880842,0.01333946
1356269371431,-0.96555394,0.13194238,0.22426963,0.22027819,-0.044297814,0.97443074,0.13850334,0.9902671,0.013707817
1356269371471,-0.9647509,0.11776977,0.23534209,0.23202744,-0.0413031,0.9718319,0.12417278,0.99218154,0.012521446
1356269371511,-0.9663533,0.10413339,0.23519668,0.23258954,-0.03668332,0.9718829,0.10983326,0.99388653,0.011228681
1356269371551,-0.9716497,0.09025334,0.21852018,0.21619068,-0.034947038,0.9757255,0.09569912,0.9953055,0.014444411
1356269371591,-0.9800312,0.07997885,0.18205029,0.1787925,-0.046222985,0.9828005,0.08701816,0.9957243,0.031000376
1356269371631,-0.9876527,0.08302606,0.13284804,0.12622806,-0.08047533,0.9887316,0.092781484,0.9932927,0.069001496
1356269371671,-0.9904128,0.106089145,0.088473246,0.07376537,-0.13533723,0.98804986,0.11679509,0.9851035,0.12621409
1356269371710,-0.98817956,0.14223744,0.05718094,0.028890803,-0.19352388,0.9806701,0.15055388,0.9707302,0.187127
1356269371751,-0.9836113,0.17819348,0.027496263,-0.015537553,-0.23570478,0.9717005,0.17963168,0.9553483,0.2346105
1356269371790,-0.97836757,0.20639294,-0.014105655,-0.067043,-0.25182265,0.96544844,0.19570962,0.945509,0.26021224
1356269371834,-0.9724938,0.22356063,-0.06539238,-0.12045983,-0.2424199,0.9626639,0.19936135,0.944062,0.26268208
1356269371872,-0.97030336,0.22480798,-0.089290395,-0.14066386,-0.22409481,0.96436256,0.1967869,0.9482842,0.2490623
1356269371912,-0.975732,0.20939712,-0.06403146,-0.10779385,-0.20480192,0.9728498,0.19059819,0.95614284,0.22240347
1356269371952,-0.983097,0.17597269,0.050538138,0.015563697,-0.1947121,0.980737,0.1824233,0.96494603,0.18868196
1356269371992,-0.9640586,0.13657859,0.22789727,0.20093846,-0.18637508,0.96171093,0.17382352,0.97293913,0.15223277
1356269372031,-0.9114937,0.10822761,0.3968197,0.3759535,-0.17213106,0.9105107,0.16684741,0.97911066,0.1162079
1356269372071,-0.8518579,0.09790993,0.51454043,0.4978156,-0.15407526,0.85348725,0.16284284,0.983196,0.08250916
1356269372111,-0.8044485,0.101082385,0.5853591,0.57154465,-0.13680232,0.80908716,0.16186288,0.9854276,0.052277207
1356269372151,-0.7729776,0.11057696,0.6247227,0.6130897,-0.12307316,0.780368,0.16317728,0.986218,0.02733916
1356269372191,-0.7550584,0.120588124,0.64447296,0.63416094,-0.11531526,0.7645537,0.16651362,0.98598224,0.010597408
1356269372231,-0.74639827,0.12783161,0.6531069,0.6429031,-0.11505616,0.7572566,0.1719453,0.98509955,0.0036944747
1356269372270,-0.7429517,0.13104647,0.65639126,0.6453189,-0.12014568,0.754406,0.17772484,0.984069,0.0046957135
1356269372310,-0.74202836,0.12966472,0.6577088,0.645691,-0.12550944,0.75321347,0.18021391,0.98358244,0.009408295
1356269372369,-0.7417043,0.123636246,0.6592335,0.6470168,-0.12713188,0.7518023,0.17675962,0.9841502,0.014299512
1356269372390,-0.7400915,0.11402765,0.6627686,0.6512711,-0.12417436,0.7486166,0.16766186,0.9856868,0.01763755
1356269372431,-0.7354908,0.10279715,0.66969085,0.6594845,-0.11801362,0.7423967,0.15534896,0.98767674,0.019004941
1356269372468,-0.7261442,0.092059344,0.68135124,0.6725155,-0.11095226,0.7317188,0.14295906,0.98955274,0.018656135
1356269372511,-0.71139884,0.08250216,0.6979292,0.6903571,-0.10392493,0.71596557,0.13160092,0.9911575,0.016976058
1356269372551,-0.69128555,0.07284689,0.7189002,0.71249485,-0.09693766,0.69494903,0.120313376,0.99262094,0.015108645
1356269372591,-0.6669478,0.060748428,0.7426239,0.73705316,-0.09233254,0.6694978,0.10923931,0.9938734,0.016806126
1356269372631,-0.64057195,0.043699294,0.76665366,0.7608795,-0.098555505,0.64136505,0.10358518,0.9941716,0.029882014
1356269372670,-0.61734515,0.01987201,0.7864413,0.7787014,-0.12668788,0.61447066,0.11184338,0.9917435,0.062735856
1356269372711,-0.6057422,-0.008779615,0.79561245,0.78376746,-0.1788305,0.5947505,0.13705811,0.9838407,0.11520636
1356269372751,-0.6108664,-0.034214318,0.79099405,0.77302015,-0.2417059,0.5865306,0.1711202,0.9697462,0.17409837
1356269372790,-0.63826644,-0.045706034,0.7684574,0.7432711,-0.2964641,0.59971416,0.20040944,0.9539497,0.22319508
1356269372833,-0.7725883,0.006136775,0.63487774,0.5969648,-0.33347774,0.72967505,0.21619542,0.94273806,0.25397748
1356269372872,0.43184304,0.15047535,-0.8893081,-0.87488747,0.3095945,-0.37245557,0.21927956,0.93888676,0.2653452
1356269372912,0.56264436,0.09682131,-0.8210097,-0.7986473,0.320171,-0.50956154,0.21352702,0.94239914,0.25746846
1356269372952,0.60315174,0.06722382,-0.7947886,-0.7712213,0.303416,-0.5596038,0.2035329,0.9504839,0.23485035
1356269372992,0.6244811,0.03985071,-0.7800226,-0.7572157,0.27567577,-0.592138,0.19143626,0.96042436,0.20232989
1356269373032,0.6355034,0.013505995,-0.7719799,-0.7510533,0.24266227,-0.61403096,0.1790373,0.97001684,0.16435643
1356269373072,0.6395091,-0.012375712,-0.7686839,-0.7499725,0.20978853,-0.62731963,0.16902459,0.97766846,0.124880224
1356269373112,0.6372406,-0.03794241,-0.7697303,-0.75306034,0.18160594,-0.63239187,0.16378206,0.98263913,0.08715375
1356269373152,0.6271944,-0.062311828,-0.7763662,-0.7614226,0.1607049,-0.6280204,0.163899,0.98503363,0.053347543
1356269373192,0.6043462,-0.08264935,-0.79242325,-0.7788386,0.1482624,-0.60944945,0.16785714,0.98548836,0.025231332
1356269373232,0.55666494,-0.09365237,-0.82544136,-0.81240696,0.14620703,-0.564463,0.17354864,0.98481107,0.0053044856
1356269373272,0.45630085,-0.08731362,-0.8855314,-0.8714026,0.15760934,-0.46456087,0.18013051,0.9836339,-0.0041680336
1356269373312,0.23358789,-0.0482831,-0.97113615,-0.9541942,0.18064842,-0.23849434,0.18694943,0.98236185,-0.0038740933
1356269373352,-0.22540218,0.046109438,-0.9731741,-0.9552244,0.18606055,0.2300604,0.19167724,0.98145574,0.0021064878
1356269373392,-0.71604186,0.14623752,-0.68256766,-0.671252,0.124118984,0.7307634,0.19158465,0.98143214,0.009287834
1356269373432,-0.9098017,0.17743818,-0.37520212,-0.3713345,0.05581683,0.92682,0.18539584,0.9825478,0.015106618
1356269373471,-0.9601954,0.17424935,-0.21831623,-0.21815631,0.020310044,0.97570246,0.17444953,0.9844921,0.01851201
1356269373511,-0.9731154,0.1622785,-0.1634383,-0.16441369,0.007493317,0.986363,0.16129021,0.98671657,0.019388914
1356269373551,-0.97155756,0.14878377,-0.18422654,-0.18486765,0.009630561,0.98271626,0.14798644,0.9888229,0.018148601
1356269373591,-0.9444386,0.13295576,-0.3005969,-0.29993135,0.02548629,0.95362025,0.13445039,0.99079424,0.01580745
1356269373630,-0.81413484,0.10740982,-0.5706554,-0.5681041,0.0560534,0.8210455,0.120175555,0.99263346,0.0153849125
1356269373670,-0.39879906,0.0653967,-0.9147036,-0.91060257,0.08972496,0.4034259,0.108454496,0.9938172,0.023768127
1356269373710,0.11520144,0.038540423,-0.99259424,-0.98751336,0.11253497,-0.11024228,0.10745278,0.99290013,0.051023364
1356269373751,0.42464662,0.03851387,-0.9045396,-0.8969705,0.15358788,-0.4145537,0.1229603,0.98738414,0.099766344
1356269373790,0.5880059,0.040641785,-0.80783486,-0.7946163,0.21560694,-0.56753725,0.15110907,0.97563404,0.15907277
1356269373836,0.67849123,0.034149975,-0.73381436,-0.71237457,0.27448788,-0.64589393,0.1793659,0.960984,0.2105652
1356269373872,0.7295015,0.022498071,-0.683609,-0.65491706,0.31121907,-0.68864095,0.19725905,0.9500718,0.24176916
1356269373912,0.75834286,0.008626014,-0.65179884,-0.6195309,0.32050717,-0.71655875,0.20272514,0.9472068,0.24839841
1356269373952,0.77342093,-0.007247001,-0.63385135,-0.6015117,0.30711445,-0.73747164,0.20000936,0.95164496,0.2331696
1356269373991,0.778646,-0.024491847,-0.6269853,-0.5969749,0.2787767,-0.75226617,0.1932133,0.96004355,0.20244734
1356269374031,0.77597266,-0.04137945,-0.62940776,-0.603261,0.24276674,-0.7596976,0.18423513,0.96920174,0.16341774
1356269374071,0.7662741,-0.056766897,-0.64000124,-0.6184349,0.20497224,-0.75863343,0.17424776,0.9771202,0.121958286
1356269374111,0.74928796,-0.070472956,-0.658484,-0.64138824,0.17034817,-0.74806595,0.16488996,0.9828607,0.08243929
1356269374151,0.7232928,-0.08254039,-0.6855907,-0.6722559,0.14279747,-0.7264165,0.15785933,0.9863042,0.047796115
1356269374191,0.6841707,-0.09230438,-0.7234572,-0.7128196,0.12519145,-0.6900836,0.15426841,0.98782945,0.019855961
1356269374230,0.6228796,-0.09719971,-0.77625585,-0.76691365,0.12006974,-0.6304179,0.15448126,0.9879957,2.452284E-4
1356269374270,0.5180205,-0.091279626,-0.8504839,-0.8405578,0.12990125,-0.5259166,0.15848437,0.9873165,-0.009434283
1356269374311,0.31379467,-0.061350167,-0.9475068,-0.9349767,0.15385085,-0.3196067,0.16538265,0.9861877,-0.00908339
1356269374350,-0.11163968,0.01782757,-0.9935888,-0.9787305,0.17119622,0.11304191,0.17211387,0.9850757,-0.0016638637
1356269374391,-0.6832395,0.12753087,-0.71897125,-0.70898956,0.119699955,0.69498616,0.17469302,0.9845851,0.008634269
1356269374431,-0.9416871,0.1689535,-0.29099867,-0.2896843,0.032934487,0.9565555,0.1711973,0.9850737,0.017929137
1356269374471,-0.9862503,0.163041,-0.026980668,-0.030599214,-0.019723296,0.99933714,0.16240078,0.9864221,0.024441004
1356269374511,-0.98192686,0.14641738,0.11992256,0.11443163,-0.045396507,0.9923933,0.1507477,0.9881807,0.027821422
1356269374551,-0.9693876,0.1297591,0.20844701,0.20264411,-0.056571364,0.977617,0.13864684,0.9899304,0.028544724
1356269374591,-0.95721334,0.11512512,0.2654972,0.2600996,-0.05989003,0.96372265,0.12684934,0.99154395,0.027383626
1356269374631,-0.94730955,0.10133945,0.3038668,0.29914504,-0.05929351,0.95236367,0.114529334,0.9930834,0.025854051
1356269374670,-0.9394591,0.08715927,0.33139086,0.3270635,-0.060377955,0.94307154,0.10220615,0.994363,0.028216004
1356269374710,-0.9333014,0.07435289,0.35131198,0.3462344,-0.07314253,0.9352924,0.09523755,0.994546,0.042520583
1356269374751,-0.9362066,0.069827005,0.3444436,0.33616692,-0.107952714,0.93559504,0.10251341,0.99170077,0.07759249
1356269374790,0.69437367,0.0067175925,-0.7195833,-0.70837975,0.18238746,-0.68185997,0.12666255,0.98320377,0.13140364
1356269374833,0.85683376,-0.040463984,-0.51400256,-0.49011457,0.24558622,-0.8363464,0.1600739,0.96852994,0.19059455
1356269374872,0.8641383,-0.04613638,-0.5011351,-0.4667307,0.29896268,-0.83233625,0.18822165,0.9531488,0.23681185
1356269374912,0.8678938,-0.05141656,-0.49408162,-0.45249552,0.32855445,-0.8290354,0.20495884,0.9430845,0.26188463
1356269374952,0.87158793,-0.058631703,-0.48672044,-0.4423138,0.3340876,-0.83231246,0.21140717,0.9407166,0.26525313
1356269374992,0.8739312,-0.06792705,-0.48127967,-0.43762147,0.3209017,-0.83994615,0.21149854,0.94467354,0.25071967
1356269375031,0.8760766,-0.07947935,-0.47557628,-0.43502867,0.29507187,-0.8506954,0.20794189,0.9521636,0.22392976
1356269375071,0.88641346,-0.09669609,-0.45268214,-0.4165011,0.26011762,-0.871129,0.20198537,0.960723,0.19029772
1356269375111,-0.46322834,-0.04763761,0.88495773,0.8645234,-0.24398458,0.4393983,0.19498414,0.9686084,0.15420437
1356269375151,-0.8246979,0.09159613,0.5581069,0.53318673,-0.20322084,0.8212266,0.18864015,0.9748391,0.11875802
1356269375191,-0.83324516,0.10929181,0.54199433,0.52131283,-0.17130911,0.8359942,0.18421587,0.97913665,0.08576727
1356269375249,-0.8323608,0.12336652,0.5403295,0.5234332,-0.14549762,0.8395523,0.18218935,0.9816369,0.056532502
1356269375270,-0.8273422,0.13541692,0.54513043,0.5311552,-0.12705493,0.83769405,0.18269943,0.98260844,0.03319043
1356269375311,-0.8193935,0.14490348,0.55461454,0.5421463,-0.11838412,0.831903,0.18620321,0.9823381,0.0184443
1356269375348,-0.8088859,0.15077291,0.56830555,0.55574715,-0.11950773,0.82271683,0.19196033,0.98131824,0.012876511
1356269375391,-0.7956845,0.15124297,0.5865253,0.57291526,-0.12638706,0.8098115,0.19660744,0.98038363,0.013914704
1356269375431,-0.77909136,0.14445153,0.6100414,0.59557617,-0.13325042,0.79217,0.19571842,0.98049885,0.01778227
1356269375471,-0.75909793,0.13050175,0.6377614,0.6234485,-0.13614309,0.7699202,0.18730275,0.9820562,0.021984816
1356269375511,-0.73675346,0.11233649,0.6667646,0.6536248,-0.13414598,0.74483526,0.17311592,0.9845737,0.02540648
1356269375551,-0.71342105,0.09392735,0.694412,0.6829467,-0.12867093,0.71904624,0.15688875,0.9872291,0.027649224
1356269375591,-0.689541,0.07752013,0.720086,0.7103603,-0.12137312,0.69329417,0.14114335,0.98957527,0.028624594
1356269375631,-0.6643182,0.06269264,0.74481595,0.7368056,-0.11264318,0.666655,0.12569284,0.99165565,0.02863866
1356269375670,-0.636276,0.047261775,0.7700124,0.7636155,-0.10340655,0.637337,0.10974601,0.9935157,0.029705286
1356269375710,-0.6037714,0.027774364,0.79667354,0.79137313,-0.099292874,0.603216,0.09585795,0.99467057,0.037970245
1356269375751,-0.5650774,4.7689676E-4,0.82503784,0.8198797,-0.11132324,0.5616089,0.09211367,0.9937842,0.06251514
1356269375790,-0.5204664,-0.037074775,0.85307693,0.84722114,-0.14696723,0.5105066,0.10644749,0.9884463,0.10790205
1356269375833,-0.47305733,-0.083177686,0.8770965,0.8701893,-0.19981438,0.45038295,0.13779467,0.9762969,0.16690397
1356269375872,-0.42941087,-0.12886864,0.89386755,0.8868559,-0.24710524,0.39041734,0.17056674,0.96038115,0.2203975
1356269375910,-0.39550585,-0.16478556,0.90356016,0.8978575,-0.27658498,0.34256786,0.19346094,0.9467558,0.2573449
1356269375951,-0.37266058,-0.183361,0.9096719,0.9054716,-0.2863893,0.3132129,0.20308927,0.9404042,0.27275416
1356269375991,-0.35740185,-0.18291798,0.91586286,0.9115039,-0.28201944,0.29937539,0.20353001,0.9418099,0.26752478
1356269376031,-0.34420973,-0.16715118,0.923894,0.91747093,-0.268883,0.29317036,0.19941562,0.9485581,0.24590856
1356269376071,-0.32913214,-0.1418134,0.9335743,0.9243164,-0.25062245,0.28779778,0.19316104,0.9576415,0.21356833
1356269376111,-0.31151354,-0.111598074,0.94366586,0.9318084,-0.23053086,0.28033665,0.18625906,0.9666444,0.17580149
1356269376151,-0.29377383,-0.07949206,0.9525638,0.9386691,-0.21221775,0.27177897,0.1805467,0.9739839,0.13696077
1356269376191,-0.28012794,-0.04727584,0.9587978,0.9434268,-0.19814277,0.26586714,0.17740977,0.9790324,0.10010666
1356269376230,-0.27470827,-0.016230524,0.9613906,0.94508535,-0.18867242,0.26686397,0.17705655,0.98190594,0.06716907
1356269376270,-0.28005856,0.011854976,0.95990974,0.9431375,-0.18310171,0.27742645,0.17905003,0.98302245,0.04009831
1356269376311,-0.29657644,0.03421709,0.954396,0.93726933,-0.18129766,0.2977542,0.183218,0.9828329,0.021697938
1356269376350,-0.3219564,0.04868582,0.9455018,0.9275814,-0.18374497,0.32531568,0.1895695,0.9817674,0.013997853
1356269376390,-0.35088146,0.055627465,0.9347662,0.91553813,-0.18925482,0.35492623,0.19665262,0.9803511,0.015476882
1356269376431,-0.37686664,0.057177037,0.9245012,0.90423346,-0.1936953,0.3805839,0.20083216,0.9793942,0.021295846
1356269376471,-0.39437014,0.05482301,0.9173149,0.89723444,-0.1927607,0.39725757,0.19860113,0.9797131,0.026830018
1356269376511,-0.39921242,0.049105823,0.9155426,0.8971337,-0.18509346,0.40111297,0.18915787,0.9814933,0.029837012
1356269376551,-0.38754445,0.040745705,0.9209501,0.90511847,-0.17266053,0.3885214,0.1748423,0.98413825,0.030033946
1356269376591,-0.354959,0.030765265,0.9343755,0.92121935,-0.15873492,0.35518762,0.15924546,0.9868418,0.028002858
1356269376631,-0.2958908,0.01952815,0.9550221,0.944268,-0.14499521,0.29552376,0.14424467,0.9892396,0.024462938
1356269376671,-0.20296866,0.0062010884,0.97916555,0.97066003,-0.13039315,0.20203137,0.12892929,0.9914429,0.020446599
1356269376710,-0.06746042,-0.011305839,0.9976579,0.99139214,-0.11321682,0.06575382,0.11220828,0.99350595,0.018846214
1356269376750,0.11448437,-0.03749463,0.99271715,0.9886651,-0.093403816,-0.11754486,0.097130895,0.9949219,0.026376426
1356269376790,0.32733876,-0.07953268,0.94155395,0.9404238,-0.069530666,-0.33281904,0.091936916,0.9944044,0.05203435
