1356268848889,0.33328953,-0.06928724,0.9402752,0.91101897,-0.23318419,-0.34010231,0.24282205,0.96996105,-0.014595881
1356268848926,0.21880099,-0.069461554,-0.973294,-0.9450722,0.23313943,-0.22909516,0.24282655,0.9699593,-0.014635026
1356268848968,0.21873039,-0.06975627,-0.97328883,-0.9450805,0.23310328,-0.22909772,0.24285787,0.96994686,-0.014938533
1356268849006,0.21845874,-0.07070652,-0.9732812,-0.9451215,0.2329711,-0.22906291,0.24294263,0.9699098,-0.015931666
1356268849046,0.2179116,-0.072463065,-0.97327465,-0.94521606,0.23269415,-0.22895408,0.24306601,0.9698466,-0.017786503
1356268849088,0.217179,-0.074787885,-0.97326255,-0.9453497,0.23230177,-0.22880101,0.24320212,0.96976423,-0.020249605
1356268849126,0.21638477,-0.07707381,-0.9732611,-0.94548273,0.23197788,-0.22857937,0.2433925,0.96966267,-0.022675455
1356268849166,0.21553272,-0.07895565,-0.9732993,-0.94557583,0.23196167,-0.22821057,0.24378663,0.9695152,-0.02466321
1356268849206,0.21451694,-0.08063108,-0.97338647,-0.9455989,0.23242247,-0.2276459,0.24459225,0.969267,-0.026386082
1356268849248,0.21321085,-0.082731366,-0.97349715,-0.94552636,0.23342314,-0.22692195,0.24601033,0.9688494,-0.02845633
1356268849287,0.21152255,-0.08604354,-0.97357833,-0.9453142,0.23502341,-0.2261529,0.24827275,0.96817386,-0.03162545
1356268849326,0.20947099,-0.09051287,-0.97361666,-0.9449829,0.2371139,-0.22535399,0.25125545,0.9672562,-0.03586465
1356268849368,0.20715708,-0.09595364,-0.9735906,-0.94448763,0.23978972,-0.2245974,0.25500795,0.9660713,-0.04095286
1356268849406,0.20464101,-0.10158694,-0.9735513,-0.9438666,0.24299893,-0.22375739,0.2593027,0.9646925,-0.046156943
1356268849446,0.20206288,-0.106639296,-0.9735495,-0.94321585,0.24641886,-0.22275883,0.26365578,0.9632786,-0.05079174
1356268849486,0.19959842,-0.110795915,-0.9735937,-0.94263965,0.24959706,-0.22165686,0.2675648,0.9619904,-0.054621458
1356268849526,0.19742124,-0.11414477,-0.97365075,-0.9422661,0.25193882,-0.2205933,0.27047998,0.9609879,-0.057816684
1356268849566,0.1957881,-0.11679512,-0.9736662,-0.94221455,0.25283056,-0.21979171,0.2718432,0.9604351,-0.06054485
1356268849606,0.19506927,-0.118003964,-0.9736647,-0.9426187,0.25170118,-0.21935439,0.27095717,0.9605839,-0.06213355
1356268849646,0.19572309,-0.115888864,-0.9737876,-0.94364786,0.24797305,-0.21917608,0.26687318,0.96181035,-0.060824215
1356268849686,0.1980834,-0.10851565,-0.97415984,-0.94545865,0.24104726,-0.21909866,0.25859427,0.9644276,-0.054849625
1356268849726,0.20213675,-0.09543994,-0.9746958,-0.9480208,0.230676,-0.21919206,0.24575862,0.9683387,-0.04385096
1356268849766,0.20760608,-0.07788494,-0.975107,-0.95101905,0.21733528,-0.21983686,0.22904712,0.9729848,-0.028949916
1356268849814,0.21424198,-0.05742544,-0.9750911,-0.954027,0.20191085,-0.22150493,0.20960152,0.97771895,-0.011527628
1356268849847,0.22180215,-0.035430312,-0.9744478,-0.9566846,0.18535146,-0.22449818,0.18856937,0.9820334,0.0072157085
1356268849887,0.22971919,-0.013209909,-0.9731673,-0.9588015,0.16862378,-0.22861701,0.16711915,0.98559195,0.026070446
1356268849917,0.23692659,0.006447166,-0.9715062,-0.960183,0.1539245,-0.23314363,0.14803547,0.9880616,0.042659253
1356268849957,0.24254394,0.024477601,-0.9698316,-0.96128243,0.14084649,-0.23685107,0.13079986,0.9897288,0.057691336
1356268849997,0.24573082,0.039772302,-0.96852183,-0.9622737,0.13041747,-0.23879004,0.11681497,0.99066114,0.070319384
1356268850039,0.24609795,0.05167088,-0.96786666,-0.96335626,0.122947425,-0.23838735,0.10667899,0.99106705,0.080034584
1356268850080,0.24382916,0.05999607,-0.9679606,-0.96463865,0.118018895,-0.23567733,0.100097865,0.9911972,0.086651
1356268850120,0.23954895,0.0648734,-0.9687145,-0.9660842,0.11502126,-0.23119566,0.09642431,0.9912424,0.09022638
1356268850158,0.23411301,0.06612334,-0.9699582,-0.96751094,0.113812834,-0.22576359,0.09546542,0.9912994,0.09062013
1356268850199,0.22839019,0.06326145,-0.9715122,-0.9687086,0.114361554,-0.22028431,0.09716812,0.9914229,0.08740097
1356268850238,0.22330421,0.055447668,-0.9731705,-0.9695091,0.11601293,-0.21585417,0.10093179,0.99169886,0.07966322
1356268850279,0.21956035,0.0426431,-0.9746665,-0.96992517,0.11712977,-0.21336767,0.105063796,0.9922006,0.06707767
1356268850319,0.21745226,0.024919003,-0.97575283,-0.9700744,0.11615804,-0.21322036,0.10802829,0.99291813,0.0494321
1356268850359,0.21693906,0.0052815676,-0.9761709,-0.97003055,0.11327973,-0.21496162,0.109445006,0.9935491,0.029698074
1356268850399,0.21683645,-0.014707208,-0.9760971,-0.96998715,0.109454155,-0.2171283,0.11003122,0.993883,0.00946787
1356268850438,0.21584916,-0.031836957,-0.9759075,-0.97002685,0.10725236,-0.21804741,0.11161035,0.99372196,-0.0077323616
1356268850479,0.21217608,-0.045864314,-0.9761547,-0.9702958,0.10891092,-0.21601981,0.11622158,0.99299294,-0.021393687
1356268850518,0.20323572,-0.056996852,-0.97746944,-0.97126555,0.1145381,-0.20862454,0.12384841,0.99178237,-0.0320808
1356268850556,0.18692747,-0.06499037,-0.9802216,-0.9734335,0.12205592,-0.19372553,0.13223216,0.9903932,-0.04044822
1356268850596,0.16128027,-0.06929529,-0.9844729,-0.97705364,0.12940824,-0.16917366,0.13912186,0.98916715,-0.04683423
1356268850636,0.1243155,-0.070124894,-0.9897616,-0.9816848,0.13643503,-0.13296741,0.14436242,0.9881639,-0.051879525
1356268850677,0.07510814,-0.069918096,-0.9947212,-0.98596996,0.14391759,-0.084563226,0.14907047,0.9871166,-0.05812782
1356268850717,0.013828397,-0.07501662,-0.9970864,-0.98820114,0.15109563,-0.025072962,0.1525363,0.98566866,-0.07204211
1356268850757,-0.056291103,-0.0953435,-0.99385154,-0.98706543,0.15497631,0.041039377,0.1501106,0.98330665,-0.102834046
1356268850817,-0.12909362,-0.12725505,-0.98343325,-0.9816148,0.1570085,0.10853824,0.14059532,0.9793643,-0.14518422
1356268850830,-0.1923042,-0.18163145,-0.96438015,-0.9743767,0.15216386,0.16563901,0.11665854,0.97152257,-0.20623916
1356268850863,-0.24820775,-0.23672509,-0.939337,-0.964694,0.14857334,0.21746564,0.08808088,0.9601495,-0.26524436
1356268850896,-0.2946809,-0.27465105,-0.91527593,-0.95325315,0.15151244,0.26144293,0.06687012,0.9495319,-0.30645978
1356268850937,-0.33247218,-0.28504816,-0.89900494,-0.9412575,0.16005656,0.29734886,0.059132904,0.94505525,-0.321518
1356268850978,-0.36343268,-0.26652136,-0.892683,-0.92944777,0.16913322,0.32790366,0.06358904,0.94887316,-0.30918628
1356268851017,-0.38594416,-0.23265126,-0.89270407,-0.91967726,0.17296931,0.3525272,0.07239455,0.9570554,-0.2807206
1356268851058,-0.40052325,-0.18661144,-0.8970827,-0.9124975,0.1701783,0.372005,0.08324361,0.96758235,-0.23844284
1356268851096,-0.40434754,-0.14009374,-0.90381235,-0.90974003,0.16339964,0.38167205,0.09421277,0.9765625,-0.19351918
1356268851139,-0.39878637,-0.09549621,-0.9120581,-0.91098773,0.15536577,0.38205087,0.1052182,0.98323035,-0.14895368
1356268851176,-0.3813591,-0.05901265,-0.9225415,-0.9173678,0.14725327,0.36980098,0.11402431,0.9873368,-0.11029267
1356268851220,-0.35587674,-0.031045675,-0.93401706,-0.9269259,0.13898861,0.34855506,0.11899659,0.98980725,-0.07823986
1356268851256,-0.32085216,-0.012092531,-0.9470521,-0.93955475,0.13027054,0.31664875,0.11954394,0.9914048,-0.053159177
1356268851297,-0.27755117,-0.00271976,-0.960707,-0.95368767,0.12147504,0.2751794,0.115953505,0.9925908,-0.0363093
1356268851336,-0.22827142,-0.003954649,-0.9735895,-0.96756303,0.112086,0.22640315,0.10823041,0.9936906,-0.029412389
1356268851376,-0.1761347,-0.013879657,-0.98426825,-0.9796052,0.10069442,0.17388034,0.09669691,0.9948206,-0.031332374
1356268851421,-0.12553823,-0.02738911,-0.9917106,-0.9885921,0.08730626,0.12273228,0.08322102,0.9958049,-0.038036942
1356268851458,-0.080221176,-0.037980556,-0.9960532,-0.99411607,0.07601696,0.07716653,0.07278609,0.99638283,-0.04385525
1356268851499,-0.045846492,-0.04373017,-0.99799085,-0.9966228,0.07013455,0.042710453,0.06812593,0.9965786,-0.04679793
1356268851555,-0.0250628,-0.04478073,-0.9986824,-0.9972632,0.07062751,0.021860301,0.06955552,0.9964971,-0.046428263
1356268851576,-0.019509196,-0.041653484,-0.99894166,-0.99697864,0.075945675,0.016304106,0.07518616,0.99624157,-0.04300922
1356268851618,-0.029536039,-0.034596622,-0.9989648,-0.99610597,0.08407453,0.026539803,0.083069324,0.99585867,-0.036945164
1356268851653,-0.05459866,-0.024218142,-0.99821466,-0.99416703,0.09444037,0.052085996,0.093010366,0.9952359,-0.029233217
1356268851706,-0.09103072,-0.012823492,-0.9957655,-0.9900303,0.10909158,0.08910152,0.10748702,0.99394894,-0.02262634
1356268851746,-0.13946125,-0.011453092,-0.9901613,-0.98221976,0.12850967,0.1368562,0.12567782,0.9916421,-0.029171586
1356268851818,-0.19589308,-0.030979127,-0.9801358,-0.97063184,0.14845446,0.18930143,0.13964117,0.9884339,-0.059150517
1356268851827,-0.24718586,-0.08137792,-0.9655448,-0.9584426,0.16700837,0.23129186,0.14243206,0.9825914,-0.11927819
1356268851865,-0.2872916,-0.15302104,-0.94554114,-0.9485391,0.18270737,0.25863415,0.13318083,0.9711862,-0.19763672
1356268851906,-0.3126677,-0.22258708,-0.92341435,-0.9423766,0.19450304,0.27220377,0.11901787,0.9553133,-0.2705757
1356268851947,-0.3249966,-0.27122495,-0.905988,-0.9395026,0.20222193,0.27647996,0.108222365,0.9410331,-0.32053798
1356268851988,-0.32901713,-0.29072037,-0.89845943,-0.9386213,0.2050831,0.27736446,0.1036233,0.9345708,-0.34035212
1356268852026,-0.32814434,-0.2864182,-0.90015876,-0.9390451,0.20235386,0.27793372,0.10254535,0.9364921,-0.33536094
1356268852068,-0.3263311,-0.26114038,-0.90846777,-0.9396095,0.19450268,0.28160745,0.10316035,0.9455022,-0.30884224
1356268852106,-0.3235649,-0.22300756,-0.9195507,-0.9403815,0.1834544,0.2864037,0.10482544,0.95739865,-0.26907158
1356268852150,-0.31950268,-0.17880964,-0.9305618,-0.9415004,0.17101559,0.29039738,0.10721472,0.968907,-0.22298926
1356268852188,-0.31269297,-0.13452908,-0.9402792,-0.943583,0.1575596,0.29124907,0.108968556,0.9783031,-0.17620713
1356268852228,-0.30116957,-0.095103204,-0.94881624,-0.94742745,0.14260519,0.2864349,0.10806519,0.98520005,-0.1330517
1356268852268,-0.2836358,-0.06330863,-0.95684004,-0.9534025,0.12561977,0.27430522,0.10283211,0.9900564,-0.09598881
1356268852309,-0.2584644,-0.04171458,-0.9651197,-0.9615463,0.10715717,0.25287578,0.09287092,0.9933666,-0.06780684
1356268852349,-0.2256434,-0.032200724,-0.97367764,-0.9710605,0.08773512,0.22213537,0.07827279,0.9956233,-0.051065743
1356268852388,-0.18613338,-0.03155619,-0.9820175,-0.98054284,0.06941259,0.18362337,0.062369913,0.99708873,-0.043862104
1356268852429,-0.14598578,-0.035413176,-0.9886526,-0.9881382,0.053360045,0.14399853,0.047655076,0.9979472,-0.042782903
1356268852468,-0.10884267,-0.039234817,-0.9932844,-0.99336106,0.04173112,0.10720265,0.037244737,0.99835825,-0.043516457
1356268852509,-0.07988858,-0.040692747,-0.9959728,-0.9962719,0.035894334,0.078446,0.032557547,0.9985267,-0.043408573
1356268852550,-0.06345639,-0.039084017,-0.997219,-0.99742705,0.035880774,0.062063336,0.033355296,0.99859154,-0.041260302
1356268852588,-0.06297386,-0.03440225,-0.9974221,-0.9973024,0.03993231,0.061589032,0.037710577,0.99861,-0.036824167
1356268852629,-0.079948306,-0.026546568,-0.9964454,-0.995813,0.046577573,0.07865667,0.04432401,0.99856186,-0.030159235
1356268852668,-0.11546934,-0.016370386,-0.99317616,-0.9918858,0.055443406,0.11440545,0.0531922,0.9983277,-0.022639513
1356268852709,-0.16380793,-0.0066960454,-0.9864695,-0.98427266,0.068151414,0.16298059,0.06613794,0.99765253,-0.017754436
1356268852748,-0.2229082,-0.0050359964,-0.9748264,-0.9714682,0.084239066,0.22170517,0.08100194,0.9964328,-0.023669839
1356268852814,-0.28082037,-0.026972532,-0.9593812,-0.95528674,0.10425657,0.27669075,0.09255874,0.9941846,-0.055043876
1356268852829,-0.33253586,-0.07489884,-0.9401118,-0.9382968,0.12665749,0.32180303,0.09496957,0.9891148,-0.112395525
1356268852868,-0.37012398,-0.14178675,-0.9180984,-0.92496425,0.14806509,0.35002545,0.08630937,0.9787611,-0.18595016
1356268852907,-0.39399716,-0.20643863,-0.8956279,-0.9162301,0.16531846,0.3649551,0.07272303,0.96439254,-0.25428027
1356268852949,-0.4089575,-0.24955022,-0.87776905,-0.9103776,0.17795208,0.37355816,0.06297928,0.9518707,-0.29995972
1356268852989,-0.42013386,-0.2636351,-0.86832255,-0.90547174,0.18512985,0.38190022,0.060070097,0.9466908,-0.3164935
1356268853028,-0.42850053,-0.25447056,-0.8669671,-0.9014815,0.18516272,0.39121076,0.060978383,0.9491888,-0.30874282
1356268853070,-0.43561578,-0.22551027,-0.8714264,-0.89788413,0.1772486,0.40297282,0.063584566,0.9579812,-0.27969432
1356268853108,-0.43672568,-0.18971884,-0.879362,-0.89712334,0.1642574,0.41010877,0.066636354,0.9680011,-0.24193662
1356268853149,-0.43290907,-0.1504125,-0.8888002,-0.8987568,0.14800376,0.4127118,0.06946874,0.9774819,-0.19925642
1356268853188,-0.42170823,-0.11279476,-0.89968854,-0.9040071,0.12916273,0.4075392,0.070237994,0.9851875,-0.15643626
1356268853228,-0.402457,-0.08008626,-0.911929,-0.9129633,0.10832566,0.3934002,0.06727937,0.9908843,-0.11671227
1356268853268,-0.37503248,-0.053892583,-0.9254438,-0.92506194,0.08647162,0.3698421,0.060092866,0.9947956,-0.082283616
1356268853308,-0.33875996,-0.036003023,-0.94018376,-0.93953073,0.066299856,0.33598575,0.050237536,0.99714994,-0.05628562
1356268853348,-0.2956205,-0.028470397,-0.95488113,-0.9545145,0.049469173,0.29403204,0.038865983,0.99836975,-0.041799545
1356268853388,-0.24662906,-0.030471414,-0.9686308,-0.9687151,0.036280513,0.2455092,0.027661383,0.998877,-0.038465917
1356268853429,-0.19577903,-0.038043737,-0.9799098,-0.98046684,0.026799202,0.19484988,0.018848002,0.9989166,-0.042547405
1356268853467,-0.14715546,-0.045551986,-0.9880639,-0.9890014,0.021806479,0.1462898,0.014882386,0.99872386,-0.048259914
1356268853507,-0.10669887,-0.050783396,-0.9929937,-0.9941375,0.02302146,0.105644405,0.017495185,0.9984444,-0.052942038
1356268853547,-0.07820752,-0.053039998,-0.99552524,-0.9965979,0.030206472,0.07668242,0.026004106,0.99813545,-0.055221975
1356268853587,-0.06500065,-0.051960796,-0.9965315,-0.9971608,0.041426778,0.06288168,0.038015723,0.9977895,-0.054506063
1356268853627,-0.0691286,-0.046881527,-0.9965056,-0.99631286,0.054122597,0.066569,0.05081263,0.9974332,-0.050450087
1356268853667,-0.09091875,-0.037121207,-0.9951663,-0.99381196,0.067412466,0.08828044,0.063809544,0.99703443,-0.043020546
1356268853707,-0.12847394,-0.023966312,-0.99142325,-0.9886048,0.08218193,0.12612206,0.078454375,0.9963291,-0.034251392
1356268853747,-0.17752588,-0.01438725,-0.98401105,-0.9795647,0.09863782,0.17528152,0.09453896,0.99501944,-0.03160405
1356268853817,-0.23213512,-0.022829026,-0.97241557,-0.96677506,0.115439534,0.22807845,0.10704836,0.9930521,-0.04886812
1356268853827,-0.28640318,-0.06141016,-0.9561391,-0.95195806,0.13113844,0.27672818,0.108392686,0.98946023,-0.096018314
1356268853864,-0.33396113,-0.1208269,-0.93481064,-0.9374873,0.1456011,0.316098,0.097916275,0.9819375,-0.16189879
1356268853906,-0.3699186,-0.18322346,-0.910818,-0.92552984,0.1581063,0.34408846,0.08096099,0.970274,-0.22806525
1356268853946,-0.39441937,-0.22618973,-0.8906579,-0.91645014,0.16798747,0.36317945,0.06747189,0.95948863,-0.27354914
1356268853986,-0.40987548,-0.24096608,-0.87973714,-0.9100877,0.17272136,0.3767064,0.061175972,0.9550407,-0.29009455
1356268854027,-0.41806436,-0.23205867,-0.87827724,-0.90643644,0.17037767,0.3864511,0.05995947,0.9576639,-0.28157526
1356268854067,-0.42039835,-0.20583728,-0.8836834,-0.9052354,0.16144085,0.39304683,0.061758935,0.96517766,-0.2542007
1356268854106,-0.41643673,-0.17305902,-0.8925419,-0.9068296,0.14938033,0.39413902,0.06511888,0.9735173,-0.2191425
1356268854147,-0.40759468,-0.13720003,-0.9027972,-0.9105449,0.13587558,0.39044327,0.06909928,0.9811799,-0.18030894
1356268854187,-0.39260304,-0.10442224,-0.9137609,-0.9169191,0.12175584,0.380046,0.071570486,0.98705196,-0.14354849
1356268854226,-0.37259263,-0.07684699,-0.92480767,-0.9253048,0.10659325,0.36393547,0.07061097,0.9913286,-0.11082274
1356268854266,-0.34675503,-0.05621633,-0.9362695,-0.9356494,0.090688944,0.34108016,0.06573507,0.9942913,-0.08404565
1356268854306,-0.31665033,-0.04417619,-0.9475131,-0.9468312,0.074692965,0.31294006,0.056948096,0.99622756,-0.06547898
1356268854348,-0.28309178,-0.042574197,-0.9581474,-0.9580476,0.059179842,0.2804327,0.044763803,0.997339,-0.05754143
1356268854386,-0.2479927,-0.047436148,-0.96759987,-0.96823144,0.045186877,0.24593931,0.03205636,0.99785167,-0.057135165
1356268854427,-0.21638036,-0.054679215,-0.97477674,-0.9760873,0.0334,0.21479777,0.0208126,0.9979452,-0.06059879
1356268854468,-0.1910227,-0.059562564,-0.9797768,-0.9814857,0.025829852,0.18978566,0.014003336,0.9978903,-0.06339383
1356268854526,-0.17532212,-0.06015572,-0.9826716,-0.9844177,0.024460435,0.17413628,0.013561279,0.9978893,-0.06350678
1356268854546,-0.17296702,-0.056875587,-0.98328406,-0.9847646,0.028150499,0.17159915,0.017920077,0.9979843,-0.060878158
1356268854586,-0.18332666,-0.04952717,-0.98180366,-0.98271346,0.03544581,0.18170848,0.02580133,0.9981437,-0.055169165
1356268854624,-0.20822394,-0.038443953,-0.97732544,-0.9774245,0.044790447,0.20648313,0.035836846,0.99825644,-0.046902478
1356268854667,-0.24557704,-0.024588794,-0.9690652,-0.96815956,0.056309223,0.24391872,0.04856965,0.9981106,-0.037634194
1356268854706,-0.29145455,-0.011777908,-0.9565122,-0.95440185,0.07109249,0.28993616,0.064585954,0.99740016,-0.031961083
1356268854747,-0.3420534,-0.009448975,-0.939633,-0.93621767,0.08919358,0.3399132,0.08059743,0.9959695,-0.039355278
1356268854821,-0.3928483,-0.03149247,-0.9190639,-0.9152658,0.11034459,0.38744372,0.08921218,0.9933943,-0.07217264
1356268854824,-0.43991822,-0.06966606,-0.89533156,-0.89361155,0.13282406,0.428738,0.089053094,0.98868823,-0.120686114
1356268854853,-0.47717053,-0.12766635,-0.8694882,-0.8754761,0.15516531,0.45767385,0.07648486,0.97960454,-0.18580908
1356268854896,-0.50404614,-0.1863102,-0.8433422,-0.86162794,0.17569202,0.47616142,0.05945474,0.9666545,-0.24908698
1356268854937,-0.52163166,-0.22497079,-0.82297546,-0.8518381,0.1912275,0.4876514,0.04766822,0.95541626,-0.291389
1356268854976,-0.5326133,-0.23694846,-0.8125137,-0.84526587,0.19768894,0.4964319,0.042996168,0.9511964,-0.3055762
1356268855018,-0.5383593,-0.22739828,-0.811455,-0.8416183,0.19419909,0.50394964,0.042986542,0.9542414,-0.29593146
1356268855058,-0.53981537,-0.20074356,-0.81749713,-0.8404813,0.18253046,0.51017046,0.046804696,0.9624888,-0.267254
1356268855097,-0.5358938,-0.16788873,-0.8274244,-0.8426168,0.1679365,0.51165825,0.05305311,0.97139627,-0.23146206
1356268855137,-0.52754664,-0.13082477,-0.8393923,-0.847309,0.15236604,0.508775,0.06133452,0.97962725,-0.19122922
1356268855176,-0.51317215,-0.09543896,-0.8529629,-0.8554586,0.13747072,0.49929184,0.06960553,0.9858971,-0.15219021
1356268855218,-0.49381602,-0.063120276,-0.8672725,-0.8661667,0.12381166,0.48417538,0.076817155,0.9902962,-0.11581284
1356268855256,-0.46816742,-0.037563235,-0.88284105,-0.87986887,0.112020254,0.461825,0.08154845,0.99299574,-0.085494995
1356268855297,-0.43932045,-0.021519214,-0.8980726,-0.8946073,0.10140288,0.43519548,0.08170208,0.9946127,-0.06379962
1356268855336,-0.4072922,-0.01683113,-0.9131428,-0.91015005,0.09042072,0.40429068,0.07576233,0.9957614,-0.052146494
1356268855376,-0.37380934,-0.020702958,-0.92727447,-0.9252406,0.0781489,0.3712447,0.06477961,0.99672675,-0.048368037
1356268855417,-0.34070623,-0.02739945,-0.93977046,-0.93869984,0.06578702,0.33840007,0.0525527,0.99745744,-0.04813391
1356268855456,-0.31002933,-0.03239414,-0.9501749,-0.9497441,0.055985212,0.30798006,0.043219,0.99790597,-0.04812318
1356268855496,-0.28408468,-0.03396949,-0.9581973,-0.9580163,0.050435483,0.282243,0.038739502,0.9981495,-0.046871245
1356268855536,-0.2647736,-0.032004476,-0.96377933,-0.9635382,0.048773885,0.2630877,0.038587302,0.9982969,-0.043751597
1356268855577,-0.25344568,-0.026877522,-0.9669761,-0.9664816,0.049371123,0.25194383,0.040969074,0.9984188,-0.03848952
1356268855617,-0.25054532,-0.018225074,-0.96793336,-0.9670294,0.05182779,0.24933547,0.045621693,0.9984898,-0.030609429
1356268855656,-0.25661677,-0.006978333,-0.966488,-0.96502554,0.057311058,0.2558146,0.05360529,0.99833196,-0.02144128
1356268855697,-0.2697897,0.0029113889,-0.9629148,-0.9606231,0.068204165,0.2693538,0.06645903,0.99766713,-0.015604019
1356268855737,-0.29116952,8.828044E-4,-0.95667106,-0.95336384,0.08281577,0.29023936,0.07948369,0.9965645,-0.0232718
1356268855777,-0.318393,-0.029405564,-0.9475026,-0.9442427,0.09825295,0.31424832,0.08385432,0.9947269,-0.05904907
1356268855818,-0.34786636,-0.09015453,-0.9331994,-0.93463004,0.11176419,0.3376024,0.07386187,0.9896368,-0.123140156
1356268855856,-0.3721556,-0.1672059,-0.91298544,-0.92659414,0.12422836,0.35495144,0.054068714,0.9780641,-0.2011643
1356268855896,-0.38641074,-0.23672295,-0.891431,-0.92157483,0.13811734,0.3627996,0.037239105,0.96170986,-0.27152795
1356268855936,-0.39108416,-0.2826285,-0.8758849,-0.91981936,0.15248933,0.36149606,0.031394035,0.94703126,-0.31960332
1356268855978,-0.38946196,-0.2997908,-0.8708874,-0.92034036,0.16358545,0.35526535,0.035959244,0.9398751,-0.33961987
1356268856016,-0.38384733,-0.2961262,-0.874626,-0.922304,0.16901508,0.34754756,0.044907033,0.94007623,-0.33799434
1356268856056,-0.37738138,-0.27384868,-0.8846413,-0.92432106,0.16986728,0.34172457,0.056690782,0.94665307,-0.31722885
1356268856096,-0.369442,-0.24050528,-0.8975911,-0.9266961,0.16697127,0.33668223,0.06889808,0.9561788,-0.28456146
1356268856137,-0.3600356,-0.20031121,-0.9111805,-0.9295424,0.16028315,0.33205473,0.07953259,0.96653235,-0.24390543
1356268856176,-0.34788778,-0.1582101,-0.92409074,-0.93352777,0.14950272,0.32584473,0.08660212,0.97602177,-0.1997037
1356268856218,-0.33205467,-0.11856705,-0.9357785,-0.93909365,0.13469678,0.31616434,0.08855972,0.9837675,-0.15607226
1356268856256,-0.31178617,-0.08619881,-0.94623417,-0.94640577,0.11652428,0.30122775,0.08429378,0.98944014,-0.11790973
1356268856298,-0.28716242,-0.065074116,-0.9556689,-0.9550524,0.09607983,0.28043482,0.07357144,0.9932442,-0.08973968
1356268856337,-0.2593295,-0.055187613,-0.96421087,-0.9640584,0.07453239,0.25502253,0.057790846,0.99569035,-0.072532475
1356268856377,-0.23027915,-0.050863713,-0.9717944,-0.9722177,0.055128753,0.22749397,0.04200262,0.99718285,-0.06214559
1356268856421,-0.20412761,-0.047204316,-0.97780555,-0.97849077,0.040240586,0.202328,0.02979666,0.9980744,-0.054403186
1356268856466,-0.18386239,-0.041297585,-0.98208416,-0.98265123,0.03243774,0.18260449,0.024315506,0.9986202,-0.046545267
1356268856506,-0.17439765,-0.033679098,-0.98409915,-0.9843848,0.030239344,0.17341337,0.023918122,0.99897516,-0.038426936
1356268856546,-0.17651087,-0.02413264,-0.98400277,-0.983932,0.031610668,0.1757229,0.02686435,0.99920887,-0.029324532
1356268856586,-0.19144213,-0.012382001,-0.9814258,-0.9809766,0.035187066,0.19091055,0.03216964,0.99930406,-0.018882811
1356268856626,-0.2185672,0.0011758208,-0.9758212,-0.9749724,0.041454554,0.218427,0.04070908,0.9991397,-0.007914245
1356268856666,-0.2546786,0.013178438,-0.96693593,-0.96552825,0.05215901,0.25501874,0.05379516,0.99855185,-5.59628E-4
1356268856708,-0.29604715,0.012719601,-0.9550886,-0.9526807,0.068258286,0.2962098,0.0689604,0.9975866,-0.00808996
1356268856756,-0.33839113,-0.0228042,-0.9407292,-0.9379171,0.089102805,0.33521965,0.07617718,0.9957614,-0.051540017
1356268856819,-0.37854564,-0.08210155,-0.9219341,-0.92286766,0.10971439,0.36915845,0.070840925,0.99056655,-0.11730075
1356268856837,-0.40755874,-0.14907008,-0.90092945,-0.9114198,0.12761176,0.39118937,0.056654572,0.9805577,-0.18787473
1356268856879,-0.42613548,-0.20096016,-0.8820565,-0.9035684,0.14241695,0.40408117,0.044415563,0.9691916,-0.24227017
1356268856918,-0.4382419,-0.22422203,-0.87044156,-0.8979379,0.15299094,0.41267568,0.040638685,0.96245426,-0.26838452
1356268856958,-0.44680148,-0.22048682,-0.8670374,-0.89358884,0.15679991,0.42060995,0.043212414,0.9627042,-0.267083
1356268856998,-0.45328975,-0.19645733,-0.869444,-0.89004594,0.15276623,0.42951208,0.048440874,0.9685386,-0.24410343
1356268857038,-0.45671046,-0.16204226,-0.874733,-0.88795185,0.14313692,0.4370964,0.05437851,0.9763473,-0.2092579
1356268857079,-0.4562297,-0.12351006,-0.881249,-0.8877892,0.1307326,0.44129294,0.060703874,0.98369426,-0.16929501
1356268857118,-0.44944412,-0.08835077,-0.88892865,-0.8908601,0.11795384,0.43869722,0.066093326,0.9890809,-0.13172185
1356268857160,-0.43651086,-0.059019625,-0.8977611,-0.89707017,0.10477507,0.42928696,0.06872663,0.99274313,-0.0986802
1356268857198,-0.41423333,-0.03834659,-0.90936255,-0.9076664,0.091469884,0.4096035,0.06747237,0.99506927,-0.07269573
1356268857239,-0.38444424,-0.02808857,-0.9227208,-0.9211263,0.07779014,0.3814119,0.061065257,0.99657404,-0.0557791
1356268857277,-0.34536332,-0.028693944,-0.9380303,-0.9371357,0.06380659,0.34308216,0.05000812,0.99754965,-0.048926592
1356268857318,-0.29904252,-0.036394507,-0.9535456,-0.95353544,0.049784303,0.2971392,0.036657363,0.9980967,-0.049591124
1356268857359,-0.25001645,-0.045576513,-0.96716833,-0.9679337,0.036950946,0.24847305,0.024413258,0.9982772,-0.05335343
1356268857398,-0.20284957,-0.05153212,-0.977853,-0.979061,0.028086126,0.20162001,0.017074168,0.99827635,-0.056150317
1356268857439,-0.16414928,-0.052751124,-0.985024,-0.9862918,0.025816977,0.162978,0.016833067,0.9982739,-0.05626589
1356268857495,-0.138291,-0.050189674,-0.98911905,-0.9901524,0.028955042,0.13696623,0.02176568,0.99831986,-0.053699672
1356268857516,-0.12798613,-0.043973178,-0.9908006,-0.9913199,0.03596461,0.12645712,0.030073047,0.9983852,-0.048194468
1356268857557,-0.13606489,-0.034347594,-0.99010426,-0.98988765,0.045174956,0.13446799,0.040109217,0.9983884,-0.040146947
1356268857593,-0.1623385,-0.02206257,-0.98648846,-0.9853482,0.05661267,0.16088471,0.05229819,0.9981524,-0.030929744
1356268857637,-0.20272046,-0.010625213,-0.979179,-0.976876,0.07158363,0.20146695,0.06795254,0.997378,-0.02489096
1356268857677,-0.25258815,-0.009470582,-0.9675275,-0.9639292,0.089173734,0.2507759,0.083903074,0.99597096,-0.031653225
1356268857717,-0.300255,-0.03552437,-0.95319724,-0.9493501,0.10817838,0.2950115,0.092635244,0.99349654,-0.06620616
1356268857757,-0.34070534,-0.0890044,-0.9359477,-0.93593585,0.12648427,0.32867292,0.08912927,0.9879676,-0.12639624
1356268857812,-0.36324805,-0.1729216,-0.9155048,-0.92903596,0.14137763,0.34191328,0.0703077,0.97473615,-0.2120055
1356268857848,-0.37897417,-0.23936856,-0.8939134,-0.923718,0.15618578,0.34978706,0.055888474,0.9582842,-0.28029943
1356268857890,-0.39157355,-0.27443758,-0.87826765,-0.91856205,0.17258239,0.35561085,0.0539805,0.94599116,-0.31966662
1356268857928,-0.40301317,-0.28185943,-0.8707099,-0.9131899,0.18677819,0.3622129,0.060536474,0.9411,-0.33266526
1356268857968,-0.41688526,-0.26415035,-0.8697306,-0.9060879,0.19676,0.37455332,0.07218978,0.94419813,-0.32136983
1356268858008,-0.42978966,-0.23050573,-0.8730108,-0.89888,0.2006898,0.38953605,0.08541411,0.9521506,-0.29345143
1356268858048,-0.43846807,-0.18924856,-0.8785958,-0.89338326,0.19841751,0.40310895,0.09804103,0.96167326,-0.25607127
1356268858088,-0.43965602,-0.14717734,-0.8860256,-0.89170706,0.18962103,0.41097733,0.10752255,0.9707639,-0.21460706
1356268858128,-0.42985344,-0.11035016,-0.89612997,-0.8960272,0.17435163,0.4083343,0.111181945,0.97848064,-0.17382234
1356268858168,-0.40777963,-0.08176631,-0.90941185,-0.90674686,0.15336925,0.39279506,0.107358396,0.9847802,-0.13668215
1356268858209,-0.3718626,-0.063403785,-0.9261199,-0.9232793,0.12875819,0.361907,0.09629929,0.98964703,-0.10641974
1356268858249,-0.3224013,-0.055998802,-0.9449453,-0.94329077,0.10244191,0.315766,0.0791195,0.99316156,-0.0858506
1356268858288,-0.2613777,-0.05605817,-0.96360743,-0.96334743,0.077579975,0.25679395,0.060361266,0.9954089,-0.074281216
1356268858329,-0.19764382,-0.059203804,-0.97848445,-0.9793244,0.055847585,0.19443437,0.04313475,0.9966824,-0.06901765
1356268858367,-0.13628733,-0.06141469,-0.9887639,-0.99018073,0.039786637,0.13401136,0.031109363,0.997319,-0.06623405
1356268858407,-0.08584151,-0.061460763,-0.9944113,-0.9959743,0.031157762,0.084050685,0.025817811,0.9976231,-0.063887954
1356268858447,-0.051208198,-0.059328735,-0.99692416,-0.99832433,0.029976308,0.049496174,0.026947588,0.9977883,-0.060764432
1356268858487,-0.036266506,-0.055149823,-0.9978192,-0.9988251,0.03411609,0.03441745,0.032143563,0.99789506,-0.056322336
1356268858527,-0.042836636,-0.048664957,-0.9978962,-0.99831915,0.041112036,0.040849864,0.039037615,0.99796873,-0.05034429
1356268858567,-0.07111442,-0.0395509,-0.9966837,-0.9963385,0.05035913,0.06909141,0.047459483,0.9979477,-0.042987347
1356268858607,-0.11889821,-0.029456794,-0.9924694,-0.99117213,0.06257439,0.11688551,0.05866009,0.99760544,-0.03663677
1356268858647,-0.17926311,-0.025837451,-0.98346186,-0.9811853,0.07754606,0.17681083,0.07169524,0.9966539,-0.03925246
1356268858687,-0.24213338,-0.04207921,-0.9693301,-0.9668803,0.09357107,0.23745948,0.0807091,0.994723,-0.06334221
1356268858728,-0.29539752,-0.08727765,-0.9513795,-0.95209527,0.109328926,0.28559017,0.079087675,0.99016654,-0.11539215
1356268858767,-0.3325402,-0.15345955,-0.9305198,-0.9407418,0.12354636,0.31581828,0.066497,0.98040116,-0.1854499
1356268858815,-0.35687953,-0.21636769,-0.90874755,-0.9327103,0.13652939,0.33378315,0.051850885,0.96671855,-0.25053298
1356268858849,-0.37740064,-0.25442564,-0.8904136,-0.9249543,0.15032655,0.34908655,0.045036197,0.9553374,-0.29206544
1356268858888,-0.401873,-0.26023456,-0.87793857,-0.9144423,0.16419584,0.3699122,0.047889948,0.9514819,-0.30395538
1356268858928,-0.4320853,-0.23897424,-0.869594,-0.90011907,0.17369631,0.3995189,0.055570513,0.9553643,-0.2901569
1356268858967,-0.46599287,-0.19980064,-0.86193407,-0.8824779,0.17531228,0.43646133,0.06390238,0.9640256,-0.2580139
1356268859008,-0.49865866,-0.15338922,-0.85311854,-0.86387885,0.16865873,0.47462362,0.071083754,0.97366625,-0.21661282
1356268859049,-0.5258889,-0.10736334,-0.8437499,-0.8471416,0.1548757,0.5082957,0.076104015,0.9820828,-0.17239934
1356268859088,-0.54241306,-0.06911963,-0.8372637,-0.83650374,0.13670301,0.5306353,0.077779144,0.98819774,-0.13196832
1356268859129,-0.5469083,-0.040889442,-0.8361934,-0.8338575,0.11566913,0.53972435,0.07465273,0.9924458,-0.09735638
1356268859168,-0.5355509,-0.023841083,-0.84416634,-0.84183025,0.09453511,0.531399,0.0671342,0.99523604,-0.07069844
1356268859209,-0.5082067,-0.018753588,-0.86103094,-0.8595021,0.074436486,0.50568306,0.054608732,0.99704945,-0.053947866
1356268859249,-0.46227044,-0.025345355,-0.8863766,-0.88595605,0.055197358,0.4604727,0.03725478,0.9981537,-0.04797095
1356268859288,-0.40185517,-0.036989123,-0.91495585,-0.9155053,0.037004054,0.4006005,0.019039243,0.99863034,-0.04873407
1356268859329,-0.33845323,-0.04796493,-0.93975997,-0.94097537,0.021337152,0.3378019,0.0038491786,0.9986211,-0.05235547
1356268859368,-0.28111243,-0.05379215,-0.9581661,-0.95966804,0.01197046,0.28088105,-0.0036395192,0.99848044,-0.05498761
1356268859409,-0.24036872,-0.053623527,-0.9691993,-0.9706812,0.012346685,0.24005318,-9.061396E-4,0.99848485,-0.05501908
1356268859448,-0.22321767,-0.04907012,-0.9735327,-0.9747292,0.020217001,0.22247294,0.008765131,0.9985907,-0.05234289
1356268859488,-0.23221886,-0.040033013,-0.9718394,-0.97240055,0.03279096,0.23100221,0.022619814,0.9986602,-0.046542823
1356268859527,-0.27097684,-0.025928527,-0.9622366,-0.96182144,0.047123373,0.2695902,0.03835374,0.9985525,-0.037707925
1356268859569,-0.3364954,-0.0064095855,-0.9416633,-0.9399912,0.06223929,0.33547422,0.056458235,0.9980407,-0.02696824
1356268859607,-0.4192444,0.01497668,-0.9077499,-0.90455055,0.0785768,0.41906318,0.077604234,0.99679554,-0.019395709
1356268859648,-0.5042266,0.027038336,-0.863148,-0.85793924,0.09828293,0.50426257,0.09846711,0.99479115,-0.026359618
1356268859688,-0.57817733,0.0136941075,-0.8157962,-0.808311,0.12654,0.5749965,0.111104906,0.99186695,-0.062093437
1356268859729,-0.6403816,-0.02598375,-0.76761734,-0.76009697,0.1649552,0.628524,0.110291064,0.98595876,-0.12538451
1356268859770,-0.6919225,-0.080102056,-0.7175144,-0.7153145,0.21071106,0.6662777,0.09781802,0.974261,-0.20309389
1356268859822,-0.7391393,-0.12295973,-0.6622342,-0.66836625,0.2556706,0.69851214,0.083424956,0.9589127,-0.2711584
1356268859848,-0.7827188,-0.14069982,-0.60626304,-0.61804515,0.29042768,0.73052853,0.07329038,0.9464963,-0.31428206
1356268859888,-0.8200675,-0.13525742,-0.5560528,-0.56823784,0.30755848,0.7632257,0.06778681,0.9418669,-0.32907718
1356268859928,-0.8481044,-0.116697505,-0.51681787,-0.5257762,0.30579197,0.79375726,0.06540926,0.9449195,-0.32070035
1356268859970,-0.8657104,-0.09327473,-0.49177778,-0.49627048,0.28807318,0.8189807,0.06527777,0.9530549,-0.29567742
1356268860024,-0.8727066,-0.06602891,-0.48375952,-0.48366088,0.2523681,0.8380826,0.066747785,0.96537584,-0.25217885
1356268860058,-0.8624013,-0.049698025,-0.50377995,-0.50173175,0.2162174,0.8375651,0.06730069,0.9750796,-0.21140128
1356268860097,-0.8433444,-0.03841804,-0.5359983,-0.5333926,0.18102849,0.82626927,0.06528728,0.98272717,-0.17316121
1356268860138,-0.8091253,-0.034270108,-0.58663595,-0.5846307,0.1477806,0.79772663,0.05935523,0.9884262,-0.13960832
1356268860178,-0.75536543,-0.03781706,-0.6542117,-0.65350664,0.117358804,0.7477673,0.048499107,0.9923693,-0.11336249
1356268860218,-0.6778926,-0.047753662,-0.7336083,-0.734383,0.089882374,0.6727576,0.033811808,0.9948069,-0.096000016
1356268860258,-0.57731265,-0.059471786,-0.8143545,-0.81630677,0.064997315,0.57395,0.01879698,0.9961117,-0.086070955
1356268860297,-0.46070516,-0.06724882,-0.8850019,-0.88751525,0.044128537,0.45866036,0.008209437,0.9967599,-0.08001459
1356268860337,-0.34392112,-0.06882697,-0.93647265,-0.93898505,0.030542314,0.34259912,0.0050219297,0.9971609,-0.075131655
1356268860377,-0.24315268,-0.06565043,-0.9677638,-0.9699422,0.026142955,0.24192661,0.009417564,0.9975001,-0.07003385
1356268860436,-0.16885257,-0.05982369,-0.98382413,-0.98545724,0.029535472,0.16733691,0.019046932,0.99777186,-0.06394082
1356268860456,-0.12433952,-0.05205804,-0.99087316,-0.99176127,0.03752905,0.1224792,0.030810535,0.99793863,-0.056295514
1356268860496,-0.1077553,-0.04153335,-0.99330956,-0.9932096,0.04857427,0.10571337,0.043858707,0.9979557,-0.046485484
1356268860534,-0.11552501,-0.028483182,-0.9928962,-0.99153006,0.06303048,0.113557905,0.059348255,0.9976051,-0.035523534
1356268860576,-0.142138,-0.017679393,-0.989689,-0.9868266,0.08057773,0.14028752,0.07726669,0.99659157,-0.02889967
1356268860618,-0.18306834,-0.020064145,-0.9828955,-0.9787371,0.097809136,0.18029717,0.09251869,0.995003,-0.037543297
1356268860667,-0.23428375,-0.061433196,-0.97022533,-0.96771693,0.11013132,0.22670472,0.09292498,0.9920167,-0.08525193
1356268860706,-0.28917116,-0.11471167,-0.9503795,-0.95368886,0.1204049,0.2756451,0.08281064,0.9860749,-0.1442169
1356268860748,-0.329786,-0.1655868,-0.92942035,-0.9417869,0.12591761,0.31174046,0.065410286,0.9781236,-0.1974734
1356268860824,-0.35109246,-0.19636258,-0.9155195,-0.93503034,0.12523705,0.33171362,0.04952076,0.9725006,-0.22757477
1356268860829,-0.35577613,-0.20071134,-0.91276413,-0.9337944,0.11615658,0.33843118,0.038096547,0.97273976,-0.22874886
1356268860866,-0.34592116,-0.1845977,-0.9199251,-0.937765,0.09997922,0.3325671,0.030582309,0.9777156,-0.20769423
1356268860908,-0.32531637,-0.1567176,-0.9325282,-0.9452475,0.081020355,0.3161375,0.02600944,0.9843146,-0.1744942
1356268860948,-0.29691774,-0.12358081,-0.9468726,-0.95459545,0.06358254,0.29104096,0.024237514,0.99029547,-0.13684851
1356268860988,-0.26180196,-0.09100708,-0.9608213,-0.9648024,0.050283432,0.25812393,0.024822265,0.99458,-0.10096812
1356268861028,-0.22084737,-0.062799424,-0.97328454,-0.97494364,0.0415051,0.2185458,0.026671767,0.9971628,-0.07039225
1356268861068,-0.17386758,-0.041668802,-0.9838871,-0.9843631,0.03603995,0.17242539,0.028274447,0.9984813,-0.04728341
1356268861108,-0.121883035,-0.029811293,-0.9920967,-0.9921433,0.03207916,0.12092477,0.028220713,0.99904066,-0.033487022
1356268861148,-0.06514335,-0.02721405,-0.9975048,-0.99753356,0.027960002,0.064382404,0.026138127,0.9992385,-0.028968275
1356268861188,-0.009270102,-0.032081455,-0.9994422,-0.99969745,0.023067683,0.008531988,0.022781104,0.999219,-0.03228557
1356268861228,0.043699145,-0.039926827,-0.99824655,-0.99883014,0.018960178,-0.044483006,0.020702958,0.99902266,-0.039051592
1356268861268,0.08985916,-0.047060788,-0.99484193,-0.9957065,0.018042296,-0.09079072,0.022221893,0.998729,-0.04523745
1356268861308,0.12500387,-0.05217737,-0.99078333,-0.9917578,0.021727324,-0.12627107,0.02811554,0.99840146,-0.049031317
1356268861348,0.14605331,-0.05471456,-0.9877625,-0.98857,0.02966404,-0.14781591,0.037388742,0.9980613,-0.049756646
1356268861389,0.15102634,-0.05373621,-0.9870682,-0.98734045,0.04076597,-0.15328735,0.04847589,0.9977227,-0.0468992
1356268861428,0.13732505,-0.048942715,-0.9893161,-0.988775,0.05258894,-0.13985157,0.058871746,0.99741614,-0.04117152
1356268861469,0.10813677,-0.039819777,-0.9933382,-0.99173063,0.06514621,-0.11057326,0.06911525,0.9970809,-0.03244582
1356268861508,0.0601317,-0.029013932,-0.99776864,-0.9949747,0.07842824,-0.06224391,0.08005914,0.9964974,-0.0241521
1356268861549,-7.4175E-4,-0.024629742,-0.99969643,-0.99592185,0.09020868,-0.0014836192,0.09021789,0.99561834,-0.024596274
1356268861588,-0.07109961,-0.039966702,-0.9966682,-0.99308264,0.096441895,0.06697646,0.09344375,0.9945359,-0.046547174
1356268861628,-0.14240733,-0.08427444,-0.986214,-0.98623073,0.09671703,0.13414502,0.08407873,0.9917377,-0.09688729
1356268861667,-0.20559114,-0.14881012,-0.9672579,-0.97653437,0.09596419,0.19279903,0.06413168,0.9841984,-0.16504759
1356268861714,-0.25566924,-0.21022862,-0.9436298,-0.96580905,0.09892309,0.23963967,0.042967677,0.9726347,-0.22833228
1356268861759,-0.29506224,-0.24101424,-0.92458117,-0.9549478,0.10661858,0.2769605,0.03182611,0.9646474,-0.26161516
1356268861820,-0.3251288,-0.2399621,-0.9147182,-0.94519234,0.11318976,0.30626702,0.030044258,0.9641609,-0.2636116
1356268861838,-0.34811935,-0.21334085,-0.91285187,-0.9368291,0.114610344,0.33047783,0.034117818,0.970232,-0.23976195
1356268861878,-0.3624707,-0.17073578,-0.9162229,-0.9310687,0.11016017,0.34781584,0.041546702,0.97913945,-0.19889653
1356268861918,-0.36454302,-0.123462796,-0.9229655,-0.9298134,0.10206956,0.35359415,0.050550967,0.98708594,-0.15200615
1356268861958,-0.35267174,-0.07813001,-0.9324796,-0.9338366,0.093031764,0.34539008,0.05976495,0.99259293,-0.10577035
1356268861998,-0.32337755,-0.040527374,-0.9454018,-0.94387865,0.08479875,0.31922144,0.067231685,0.9955736,-0.0656749
1356268862040,-0.27500284,-0.014697194,-0.961331,-0.9588434,0.07767677,0.27310365,0.07065925,0.9968702,-0.035453677
1356268862078,-0.20525378,-0.003007561,-0.9787042,-0.9763154,0.070521474,0.20453608,0.068404555,0.9975058,-0.017411172
1356268862119,-0.12102628,-0.0067200363,-0.99262655,-0.99094844,0.05933076,0.12042001,0.05808401,0.9982158,-0.013839781
1356268862157,-0.025094867,-0.018689722,-0.9995104,-0.99877,0.04323852,0.024267733,0.04276383,0.99889,-0.019751787
1356268862199,0.06633511,-0.031999946,-0.9972842,-0.99745405,0.024092108,-0.06711948,0.026174456,0.9991975,-0.030320287
1356268862239,0.14643326,-0.042458057,-0.9883089,-0.9891174,0.008138925,-0.14690259,0.014280915,0.99906504,-0.040804148
1356268862278,0.20898157,-0.049499035,-0.97666603,-0.97786665,-1.8644333E-4,-0.20922902,0.0101745725,0.9987742,-0.048442423
1356268862319,0.24983305,-0.054049015,-0.96677935,-0.96819353,7.343292E-5,-0.2502027,0.0135943,0.9985384,-0.05231163
1356268862358,0.2674935,-0.055842966,-0.9619401,-0.9633285,0.006366074,-0.26824915,0.02110362,0.9984193,-0.052092254
1356268862398,0.2621807,-0.0542852,-0.9634907,-0.9645518,0.016317248,-0.26338872,0.03001964,0.9983921,-0.04808283
1356268862439,0.23449942,-0.049661458,-0.970847,-0.9712756,0.02955535,-0.23611489,0.04041961,0.9983288,-0.04130426
1356268862480,0.18495077,-0.04485345,-0.98172367,-0.9812944,0.04588002,-0.18696609,0.053427577,0.99793947,-0.03552887
1356268862518,0.11911848,-0.047392964,-0.99174833,-0.99054253,0.062827915,-0.12197599,0.06809023,0.9968984,-0.03946072
1356268862558,0.044126183,-0.06904361,-0.9966372,-0.9959105,0.075683385,-0.04933706,0.07883525,0.9947387,-0.06542158
