1356269723242,0.8330324,-0.5531218,0.010639191,0.02722767,0.021783315,-0.99939185,0.5525537,0.83281547,0.03320644
1356269723282,0.70059025,-0.48567224,0.52277684,0.4515109,-0.26558802,-0.85182214,0.5525496,0.8328178,0.033217937
1356269723321,0.7006221,-0.4856785,0.52272844,0.45151836,-0.26548854,-0.8518492,0.5525032,0.8328459,0.033285588
1356269723360,0.700826,-0.4856627,0.5224698,0.45144302,-0.26512682,-0.8520018,0.55230623,0.8329704,0.033441246
1356269723401,0.7013818,-0.48547116,0.52190167,0.45123455,-0.264385,-0.85234267,0.55177075,0.8333177,0.033626497
1356269723441,0.70240706,-0.48479202,0.5211535,0.4509649,-0.2633682,-0.8528,0.55068594,0.8340347,0.033632517
1356269723480,0.7038191,-0.48337835,0.5205612,0.45087212,-0.26231384,-0.85317385,0.5489563,0.8351866,0.033320367
1356269723522,0.705533,-0.48117352,0.52028376,0.45128757,-0.26100528,-0.8533557,0.54640895,0.8368682,0.032999754
1356269723561,0.70699775,-0.4784059,0.5208474,0.4532205,-0.25887364,-0.8529803,0.54290456,0.8391139,0.033800304
1356269723601,0.70722973,-0.47559482,0.5231019,0.4579649,-0.25550097,-0.8514618,0.5386039,0.8417415,0.037107885
1356269723641,0.7054323,-0.47332817,0.52756584,0.46642667,-0.25043458,-0.84836835,0.53367734,0.8445372,0.044108212
1356269723680,0.70124924,-0.4719806,0.5343069,0.47843787,-0.24406746,-0.8435215,0.5285326,0.8471514,0.054661214
1356269723718,0.69537175,-0.4717443,0.5421397,0.49245977,-0.23662594,-0.8375509,0.52339417,0.8493912,0.06777209
1356269723761,0.6892364,-0.47295925,0.548874,0.5061892,-0.22768027,-0.83182573,0.51838744,0.85115874,0.082481354
1356269723800,0.6845594,-0.4761729,0.5519401,0.5169458,-0.21672314,-0.82812935,0.51395094,0.8522268,0.097795695
1356269723840,0.6823438,-0.48213747,0.54950017,0.52263415,-0.20383638,-0.82783103,0.5111365,0.8520529,0.11289501
1356269723880,0.6827617,-0.49172452,0.54041046,0.5217904,-0.18958372,-0.8317409,0.51144034,0.8498618,0.12713659
1356269723920,0.6845085,-0.5057734,0.52501553,0.51475143,-0.17463833,-0.83936423,0.516216,0.84480447,0.14080623
1356269723960,0.68585885,-0.52491194,0.5040486,0.50271934,-0.15905687,-0.8496906,0.52618515,0.83616287,0.15479282
1356269724000,0.685609,-0.5491735,0.47785863,0.48665038,-0.14242911,-0.86190796,0.541398,0.8234819,0.16960478
1356269724040,0.68289316,-0.57798463,0.44675574,0.4672181,-0.124563366,-0.8753234,0.5615729,0.8064847,0.18498147
1356269724081,0.676775,-0.61052847,0.41137642,0.44531277,-0.10547426,-0.8891409,0.5862355,0.78493947,0.20049378
1356269724120,0.6658913,-0.64601564,0.37316558,0.42289317,-0.08522293,-0.90216315,0.6146138,0.75855184,0.2164464
1356269724183,0.64925027,-0.6833687,0.33388823,0.40245473,-0.06382638,-0.91321206,0.64537144,0.7272781,0.23358566
1356269724202,0.6288389,-0.71976393,0.29411143,0.38470477,-0.040700972,-0.92214185,0.67569506,0.6930247,0.2513023
1356269724242,0.61037195,-0.75049806,0.253375,0.36775017,-0.014824003,-0.9298066,0.70157397,0.6607065,0.26694757
1356269724282,0.6016972,-0.77055585,0.2102476,0.3470415,0.01513049,-0.9377277,0.7193905,0.63719285,0.27651885
1356269724322,0.6068584,-0.7774591,0.16516751,0.3186106,0.047576696,-0.9466909,0.7281554,0.62713146,0.276579
1356269724362,0.62449133,-0.771653,0.12067407,0.28098863,0.077812225,-0.95655143,0.72873586,0.6312661,0.26541877
1356269724402,0.6501491,-0.75557876,0.08004305,0.23604453,0.10072,-0.9665084,0.72221124,0.6472683,0.24383324
1356269724442,0.6795834,-0.7321515,0.046049893,0.18786153,0.11300659,-0.9756729,0.7091364,0.6717021,0.21434051
1356269724483,0.7094256,-0.7044714,0.02086407,0.14175838,0.1136315,-0.9833578,0.6903766,0.7005769,0.1804778
1356269724522,0.73695076,-0.6759164,0.0063726604,0.10336387,0.10337064,-0.9892575,0.66799664,0.72969276,0.1460444
1356269724562,0.76026213,-0.6496025,0.004260987,0.07730603,0.08395849,-0.99346614,0.6450002,0.75562406,0.11404862
1356269724602,0.778409,-0.6275492,0.01617089,0.06650409,0.056821853,-0.9961669,0.6242248,0.77650064,0.08596524
1356269724641,0.790993,-0.6102294,0.044160903,0.072797,0.022203289,-0.9970996,0.607479,0.79191357,0.061985523
1356269724682,0.7973697,-0.5965524,0.091251254,0.09816511,-0.020981312,-0.9949489,0.59545374,0.8022998,0.041830778
1356269724720,0.79545486,-0.5840025,0.16184136,0.14573082,-0.07488322,-0.9864862,0.58822966,0.8082905,0.025540944
1356269724760,0.7800885,-0.56837386,0.261559,0.21986313,-0.14236158,-0.96508723,0.5857663,0.8103606,0.013909817
1356269724800,0.7418292,-0.542453,0.3942515,0.3232416,-0.22585388,-0.91896963,0.587541,0.809157,0.007798315
1356269724840,0.66920197,-0.4951803,0.55404437,0.4500842,-0.32316118,-0.8324609,0.5912639,0.8064511,0.006612718
1356269724880,0.55864334,-0.41860014,0.7160248,0.5799003,-0.42008594,-0.6980282,0.59298664,0.80517185,0.008068144
1356269724920,0.42681873,-0.32181942,0.8451379,0.6859462,-0.49379706,-0.53445506,0.58932465,0.8078345,0.0099890195
1356269724960,0.3053969,-0.23001638,0.9240266,0.75565207,-0.5319251,-0.3821592,0.5794158,0.81495285,0.01136408
1356269725000,0.22106767,-0.16507792,0.96118593,0.79476017,-0.5407131,-0.27565482,0.56523037,0.8248507,0.0116631985
1356269725040,0.18587607,-0.1346218,0.9733073,0.81405807,-0.5336148,-0.22926992,0.5502359,0.8349444,0.010403752
1356269725080,0.20106518,-0.13668948,0.9699942,0.81922275,-0.51944166,-0.24301103,0.53707254,0.8435024,0.007537529
1356269725120,0.26177943,-0.16619688,0.9507103,0.8089702,-0.49943072,-0.3100582,0.52634466,0.8502631,0.0037076846
1356269725182,0.35656822,-0.21711934,0.90869045,0.77748424,-0.47035927,-0.41746914,0.5180515,0.8553487,0.0010916591
1356269725202,0.46284488,-0.28316715,0.83999467,0.7218901,-0.42953143,-0.5425657,0.5144409,0.8575076,0.0056091286
1356269725242,0.5490576,-0.36014104,0.754211,0.65327704,-0.3779341,-0.6560449,0.52131075,0.8529151,0.02776429
1356269725282,0.5936882,-0.44631174,0.669582,0.59357744,-0.31893158,-0.73888314,0.54332316,0.836115,0.075574726
1356269725322,0.59646225,-0.5339457,0.5992785,0.558622,-0.25997198,-0.78762686,0.5763456,0.8045598,0.14321032
1356269725362,0.5773909,-0.60786736,0.54508436,0.54501355,-0.21014431,-0.8116647,0.6079309,0.7657262,0.20996052
1356269725400,0.56077045,-0.6571638,0.5036589,0.5387742,-0.17227447,-0.8246478,0.6286962,0.7337965,0.25745645
1356269725440,0.5610274,-0.6813061,0.47018108,0.52810955,-0.14280829,-0.8370819,0.63745475,0.71793294,0.27968493
1356269725480,0.58000374,-0.68561935,0.4399112,0.5069833,-0.11888245,-0.85371834,0.6376235,0.7181874,0.27864525
1356269725520,0.6124418,-0.6760449,0.4097297,0.4741294,-0.10059899,-0.87468916,0.6325475,0.7299611,0.2589217
1356269725560,0.6509139,-0.6573823,0.3796836,0.43258688,-0.089811325,-0.8971079,0.6238427,0.7481862,0.22591549
1356269725600,0.688527,-0.6333425,0.35328162,0.38854086,-0.08917135,-0.91710657,0.61234516,0.768717,0.18468255
1356269725640,0.7195021,-0.6072022,0.33707896,0.35050887,-0.10151887,-0.931041,0.59955,0.78803515,0.13978672
1356269725680,0.7400171,-0.5812669,0.33838356,0.32725888,-0.12835674,-0.9361763,0.58760214,0.80352557,0.09523857
1356269725720,0.7480537,-0.555778,0.3626658,0.32539612,-0.16910769,-0.9303333,0.57838833,0.8139493,0.054346353
1356269725760,0.7417417,-0.5289389,0.4123625,0.34839147,-0.22150688,-0.9108008,0.5730991,0.8192426,0.019976884
1356269725800,0.7170359,-0.49763042,0.48808157,0.3979333,-0.2826558,-0.8727857,0.57228374,0.8200425,-0.0046506524
1356269725840,0.66783583,-0.45817754,0.58657366,0.47163174,-0.3491771,-0.80971533,0.57581145,0.8174036,-0.017101914
1356269725880,0.59065497,-0.40702862,0.6967456,0.55893856,-0.41639182,-0.71708125,0.58199173,0.8129856,-0.018439919
1356269725920,0.49317786,-0.34511548,0.79854304,0.64149284,-0.47574493,-0.6017922,0.5875905,0.8090502,-0.013237802
1356269725960,0.39507645,-0.2814447,0.8744732,0.7044169,-0.51821053,-0.48503047,0.58967054,0.80761784,-0.006478343
1356269726000,0.31843805,-0.22982526,0.91966164,0.74399865,-0.54059684,-0.39270994,0.5874208,0.80928075,-0.0011569262
1356269726040,0.27854198,-0.20075047,0.93920904,0.76413953,-0.54608244,-0.34334344,0.58181196,0.81332237,0.0012944937
1356269726080,0.28176904,-0.19811034,0.9388069,0.76848495,-0.5392489,-0.34444356,0.5744885,0.81851256,3.0120462E-4
1356269726120,0.3267761,-0.2200532,0.91912675,0.7565283,-0.52199197,-0.3939406,0.56646466,0.8240758,-0.004097998
1356269726184,0.40562367,-0.26020646,0.8762203,0.7245846,-0.49281657,-0.48177692,0.55717736,0.8303158,-0.011356469
1356269726202,0.50272524,-0.30905867,0.80731034,0.67048544,-0.45006868,-0.5898198,0.54563403,0.8378072,-0.019041538
1356269726242,0.5946773,-0.35808596,0.7198148,0.60146904,-0.39594385,-0.6938756,0.5334734,0.8455784,-0.020081192
1356269726281,0.6598725,-0.40735808,0.63136977,0.53566366,-0.3342119,-0.7754785,0.5269087,0.8499187,-0.0023303032
1356269726320,0.6896528,-0.46179095,0.5577886,0.49094287,-0.26805663,-0.8289274,0.5323101,0.8455144,0.04184699
1356269726360,0.6886894,-0.5202684,0.5050027,0.47410727,-0.20383066,-0.85654855,0.5485701,0.8293214,0.106287
1356269726400,0.6722359,-0.57234603,0.4695944,0.47699323,-0.15026104,-0.86596715,0.5661946,0.80612755,0.17199436
1356269726458,0.65608764,-0.60755515,0.4476893,0.48630476,-0.113283664,-0.8664147,0.57711065,0.7861574,0.221133
1356269726484,0.6485872,-0.62279594,0.43756127,0.4924575,-0.09497437,-0.86513895,0.5803622,0.7765984,0.24510139
1356269726521,0.65008825,-0.6206046,0.43844646,0.4928823,-0.09475386,-0.86492133,0.57831854,0.77837765,0.2442866
1356269726558,0.65682477,-0.6052655,0.44970536,0.49062786,-0.10983217,-0.8644196,0.5725955,0.7884102,0.2248196
1356269726601,0.66498864,-0.58025086,0.4702116,0.4895475,-0.13682196,-0.8611753,0.56403303,0.80286276,0.19307533
1356269726640,0.6699666,-0.5489242,0.499827,0.4937961,-0.17324492,-0.85214525,0.5543557,0.8177214,0.15498835
1356269726680,0.6679677,-0.51414514,0.53802776,0.50562596,-0.21692517,-0.8350364,0.5460417,0.8298181,0.11506611
1356269726720,0.65584385,-0.4776231,0.5845896,0.5260892,-0.26618984,-0.80769616,0.5413861,0.8372689,0.076693416
1356269726760,0.63165724,-0.4396125,0.638553,0.55520207,-0.3183524,-0.76837647,0.54107285,0.83987653,0.042984188
1356269726800,0.5950332,-0.4011219,0.6964457,0.5906552,-0.36939973,-0.71740526,0.5450338,0.83823925,0.017119646
1356269726840,0.5444255,-0.3633566,0.7560243,0.63078296,-0.41676226,-0.65453935,0.5529137,0.83323526,0.0023032129
1356269726881,0.4821116,-0.3279779,0.81240314,0.67048395,-0.45875028,-0.5830948,0.56393236,0.82582,-0.0012649596
1356269726921,0.41525716,-0.29479188,0.8606156,0.7047212,-0.49399793,-0.5092484,0.5752647,0.8179631,0.0026099384
1356269726961,0.35396224,-0.26424956,0.8971527,0.7309784,-0.5202258,-0.44162858,0.5834221,0.8121191,0.009020355
1356269727001,0.30677533,-0.23889413,0.9213135,0.74925077,-0.53633094,-0.38855174,0.5869516,0.80949295,0.014458515
1356269727041,0.2792843,-0.22208312,0.9341731,0.7601998,-0.5432024,-0.35640925,0.58659756,0.8096977,0.017119586
1356269727080,0.27474767,-0.21677935,0.93676054,0.7638036,-0.5425834,-0.3495815,0.5840528,0.8115479,0.016503356
1356269727120,0.29357898,-0.22375634,0.92937857,0.7597612,-0.53541726,-0.3689056,0.5801503,0.8144087,0.012814112
1356269727181,0.33454335,-0.24199179,0.91078025,0.74734366,-0.5206177,-0.41283727,0.5740716,0.8187778,0.0066818297
1356269727202,0.39308262,-0.26902753,0.87926686,0.7259863,-0.4960385,-0.47632933,0.5642959,0.8255725,3.2621622E-4
1356269727242,0.45852447,-0.30361223,0.8352095,0.6968008,-0.460482,-0.54993176,0.55156493,0.83413184,4.149936E-4
1356269727281,0.5145319,-0.3486287,0.78339964,0.664681,-0.41502386,-0.6212523,0.5417159,0.84036493,0.01818383
1356269727321,0.54499394,-0.40658128,0.73326206,0.6396185,-0.36383617,-0.6771347,0.54209757,0.8380423,0.061768383
1356269727360,0.54647374,-0.47266862,0.69133985,0.6286185,-0.31393817,-0.7115346,0.5533581,0.823424,0.12556928
1356269727401,0.5312661,-0.5332379,0.6583415,0.6291695,-0.27207166,-0.7280952,0.5673641,0.80102074,0.19095463
1356269727440,0.51748574,-0.5760652,0.63273805,0.6326196,-0.24035954,-0.73621994,0.5761953,0.7812658,0.24004745
1356269727480,0.51699805,-0.59753346,0.6129167,0.630924,-0.21789896,-0.7446174,0.57848763,0.77166957,0.2643448
1356269727520,0.53080696,-0.6007437,0.59778833,0.6209757,-0.20432407,-0.7567304,0.5767436,0.7728898,0.26459062
1356269727560,0.554447,-0.59074396,0.58618265,0.6038026,-0.19918418,-0.7718471,0.5727224,0.78188694,0.2462557
1356269727600,0.5818176,-0.5721296,0.57806224,0.5829818,-0.20222294,-0.7869168,0.56711584,0.7948418,0.21588433
1356269727640,0.60717595,-0.5486671,0.57471883,0.56267214,-0.21379772,-0.7985553,0.56101465,0.8082419,0.17890686
1356269727680,0.6255257,-0.52330524,0.57867897,0.54715914,-0.23449513,-0.8035105,0.55617857,0.8192459,0.13964847
1356269727720,0.63368875,-0.49746433,0.5924254,0.53995454,-0.26397794,-0.79922765,0.55397445,0.8263443,0.101328254
1356269727760,0.6304245,-0.47079545,0.61718446,0.54307455,-0.3006073,-0.7840315,0.5546486,0.8294498,0.06616682
1356269727800,0.61458826,-0.44239888,0.6531189,0.55770075,-0.3418698,-0.7563694,0.5578987,0.8291008,0.03661707
1356269727840,0.5837666,-0.41223484,0.69948477,0.5839334,-0.3854191,-0.7144745,0.5641261,0.82553893,0.0157229
1356269727880,0.5362332,-0.3796102,0.75389,0.61964923,-0.4294293,-0.6569821,0.5731395,0.8194429,0.004950882
1356269727920,0.47662544,-0.34384075,0.8090746,0.65838313,-0.47025347,-0.5877016,0.58254594,0.8127946,0.002244234
1356269727960,0.41456473,-0.30555448,0.8571888,0.69406796,-0.5030456,-0.5149903,0.5885626,0.808444,0.0035305358
1356269728000,0.36017984,-0.2687251,0.8933406,0.7233468,-0.52426857,-0.44934604,0.58910096,0.8080404,0.005550474
1356269728040,0.32143044,-0.23897761,0.9162817,0.7448553,-0.53367084,-0.40048218,0.58469915,0.81122446,0.0064657032
1356269728080,0.30388665,-0.22092652,0.92673856,0.7579542,-0.5332719,-0.37566805,0.5771987,0.8165859,0.0053979456
1356269728120,0.31049806,-0.21686509,0.9255055,0.76207876,-0.5251678,-0.37872767,0.56817853,0.8229023,0.0022047162
1356269728182,0.34167832,-0.22649708,0.91211563,0.7564697,-0.50962365,-0.40992337,0.5576822,0.8300498,-0.00278911
1356269728202,0.3947217,-0.24712501,0.8849429,0.7404178,-0.48474264,-0.46562442,0.544037,0.83901954,-0.008362688
1356269728242,0.46183336,-0.27599674,0.84293276,0.71394306,-0.44824135,-0.5379265,0.52630335,0.8502384,-0.0099668205
1356269728282,0.5273982,-0.31329697,0.7897444,0.6808122,-0.40024453,-0.6134321,0.5082773,0.8611906,0.0022081695
1356269728322,0.5734428,-0.36144513,0.7352012,0.65063196,-0.34440914,-0.67680156,0.49783668,0.86645234,0.037668854
1356269728360,0.5908127,-0.419929,0.68891215,0.6333134,-0.28763172,-0.7184581,0.49985442,0.8607715,0.09601021
1356269728400,0.5871626,-0.47932443,0.6522945,0.6282623,-0.23826972,-0.74061733,0.51041806,0.8446749,0.16123837
1356269728440,0.57851505,-0.5266501,0.6228644,0.6268544,-0.20153093,-0.75262135,0.5218945,0.82584804,0.21354425
1356269728480,0.5777683,-0.5547194,0.5987238,0.62053055,-0.17798609,-0.7637164,0.5302128,0.8127776,0.24138561
1356269728520,0.5881723,-0.5639833,0.5796344,0.6061293,-0.1670743,-0.7776205,0.53540695,0.80870825,0.24357831
1356269728560,0.60589325,-0.558663,0.56638235,0.58578706,-0.16841686,-0.7927731,0.5382814,0.8121153,0.22521496
1356269728600,0.6254569,-0.5431012,0.5602185,0.5641736,-0.18119296,-0.80552924,0.5389915,0.8198843,0.19307491
1356269728640,0.64212084,-0.52061564,0.5627079,0.5461783,-0.20438272,-0.8123527,0.5379313,0.8289674,0.15311056
1356269728680,0.65169346,-0.4936915,0.5758162,0.536226,-0.23702985,-0.8101102,0.5364302,0.83671117,0.110259384
1356269728720,0.6506715,-0.46376196,0.60129154,0.5377573,-0.27765507,-0.7960684,0.5361378,0.84132785,0.0687291
1356269728760,0.6362703,-0.43110797,0.63977027,0.552708,-0.3238198,-0.7678896,0.5382136,0.8421916,0.032239944
1356269728800,0.60586375,-0.39552557,0.69028157,0.58118796,-0.3724606,-0.72352856,0.5432767,0.83954304,0.0042143455
1356269728841,0.55759394,-0.35728127,0.74929243,0.6203969,-0.42036775,-0.66211677,0.5515403,0.834051,-0.012738319
1356269728880,0.49314064,-0.3155949,0.81068623,0.6650995,-0.46390814,-0.58517665,0.56076276,0.82776135,-0.018869877
1356269728920,0.42112148,-0.27196687,0.8652692,0.70806915,-0.49761158,-0.50101984,0.5668287,0.8236606,-0.016983572
1356269728960,0.35179156,-0.22922668,0.907578,0.7452506,-0.51810235,-0.41972783,0.56643116,0.8240298,-0.01143267
1356269729000,0.29482728,-0.19318011,0.9358196,0.77456117,-0.5252052,-0.35244077,0.5595819,0.82875866,-0.005215019
1356269729041,0.25727028,-0.1688228,0.9514783,0.79561746,-0.52182734,-0.30771598,0.54845685,0.8361789,6.765127E-5
1356269729080,0.24448645,-0.1592648,0.9564837,0.8078727,-0.5120692,-0.29176506,0.5362538,0.8440497,0.0034717023
1356269729120,0.25909287,-0.16496515,0.9516604,0.8108943,-0.49812645,-0.30711636,0.52471066,0.8512676,0.00470829
1356269729181,0.30142438,-0.18496388,0.93537784,0.80330664,-0.47921526,-0.3536258,0.5136553,0.8579867,0.004135579
1356269729202,0.36684865,-0.21698448,0.9046213,0.7828456,-0.45332664,-0.4262012,0.50256807,0.8645302,0.0035631582
1356269729242,0.44313833,-0.26025456,0.85784376,0.74815494,-0.41980413,-0.5138372,0.49385485,0.869501,0.00867942
1356269729301,0.51053596,-0.31750304,0.79909,0.7035119,-0.380099,-0.6004964,0.49439263,0.8687444,0.029312905
1356269729320,0.5484895,-0.391821,0.73867154,0.66149104,-0.33703107,-0.669955,0.5114577,0.8560879,0.074328035
1356269729361,0.5536826,-0.47710508,0.6825,0.631852,-0.29314256,-0.71751684,0.5424007,0.8285156,0.13915187
1356269729398,0.54099524,-0.55479,0.63208556,0.6147796,-0.2519915,-0.7473596,0.57390785,0.79291123,0.20474741
1356269729441,0.53050244,-0.6095088,0.58912313,0.60319096,-0.21687135,-0.7675463,0.59559023,0.762539,0.25259948
1356269729480,0.5334463,-0.6378989,0.55544573,0.58956635,-0.19045663,-0.7849445,0.60650355,0.7461979,0.27448535
1356269729521,0.5504404,-0.6440416,0.53124934,0.5701452,-0.17485493,-0.8027206,0.60987693,0.7447391,0.27094996
1356269729561,0.5763167,-0.6337614,0.5159511,0.54621994,-0.17088112,-0.82002646,0.6078674,0.7544177,0.24769148
1356269729600,0.6056167,-0.61193705,0.50868595,0.5212635,-0.17793304,-0.8346401,0.60125935,0.7706314,0.21122128
1356269729640,0.6335306,-0.5826274,0.50910145,0.49907017,-0.19509181,-0.8443152,0.59124273,0.7889768,0.16717535
1356269729680,0.6559042,-0.5495699,0.51745784,0.4831132,-0.2210924,-0.84718347,0.57999253,0.8056619,0.12048906
1356269729720,0.6697714,-0.51578933,0.5341981,0.47618484,-0.25366867,-0.84196204,0.56978446,0.8182991,0.07571107
1356269729760,0.6739812,-0.48301932,0.55896485,0.47930613,-0.28985307,-0.8284026,0.56215215,0.826243,0.03615862
1356269729801,0.667163,-0.45242316,0.5917827,0.49358344,-0.32651502,-0.806079,0.55791473,0.8298802,0.0054698586
1356269729840,0.64828116,-0.4258947,0.631146,0.5183126,-0.3603652,-0.7755573,0.55774873,0.82991004,-0.012871414
1356269729880,0.6173188,-0.40492198,0.6745041,0.5506716,-0.38991106,-0.7380585,0.56185263,0.8270475,-0.017720431
1356269729920,0.57794935,-0.3881536,0.7178519,0.58576477,-0.41514933,-0.69608235,0.5682026,0.82279265,-0.012568562
1356269729960,0.5375535,-0.37276244,0.7563626,0.6186203,-0.4352063,-0.654144,0.5730141,0.81953865,-0.003348262
1356269730001,0.5034103,-0.3578136,0.7864779,0.64601517,-0.4485981,-0.61759543,0.5737965,0.8189806,0.0053241253
1356269730041,0.48049608,-0.34481326,0.80636674,0.66591465,-0.4548705,-0.5913125,0.57068485,0.82109475,0.011052698
1356269730081,0.4716128,-0.33570504,0.8154039,0.67693925,-0.45475292,-0.57875127,0.56509703,0.82492536,0.0127846
1356269730121,0.47748825,-0.33151525,0.81369686,0.6784616,-0.4493328,-0.5811969,0.5582963,0.82957673,0.010369245
1356269730181,0.49704468,-0.33174032,0.80180734,0.6708531,-0.43916893,-0.5975675,0.5503661,0.8349126,0.0042624194
1356269730202,0.5277072,-0.33417612,0.7809298,0.65585536,-0.42394075,-0.62460214,0.53979516,0.84178406,-0.004545359
1356269730242,0.56475174,-0.33765227,0.7530249,0.63633513,-0.40284494,-0.65787053,0.52548367,0.8507097,-0.012647392
1356269730282,0.599268,-0.34634042,0.7217521,0.61644787,-0.37556875,-0.6920549,0.51075417,0.859649,-0.011565506
1356269730321,0.61993587,-0.36967295,0.69211376,0.60132724,-0.3428154,-0.7217223,0.5040685,0.8636084,0.009770871
1356269730360,0.61892325,-0.41386372,0.66757095,0.5951641,-0.3075148,-0.74243814,0.5125561,0.8568265,0.05598873
1356269730400,0.5980698,-0.47064972,0.648692,0.5983814,-0.276219,-0.75209224,0.53315306,0.83796895,0.116429806
1356269730440,0.5683701,-0.5216005,0.6363083,0.6074761,-0.25555876,-0.75210536,0.5549127,0.81401634,0.17160791
1356269730481,0.5423387,-0.5527283,0.6327402,0.6175842,-0.24832666,-0.74627316,0.56961256,0.79550314,0.2066791
1356269730520,0.52609444,-0.5609703,0.63916904,0.6255468,-0.25389835,-0.7377174,0.5761214,0.7879392,0.21733862
1356269730560,0.5191865,-0.54996604,0.6542039,0.6310577,-0.26953378,-0.7274049,0.576378,0.79049915,0.20712194
1356269730600,0.5186671,-0.52478933,0.6749671,0.63560545,-0.29133406,-0.71493363,0.57183045,0.7998253,0.18245357
1356269730640,0.5213344,-0.49014276,0.69854885,0.6406582,-0.31594142,-0.699813,0.5637087,0.8123677,0.14930275
1356269730680,0.5237942,-0.45056033,0.72293496,0.6468859,-0.34178314,-0.6817058,0.55423665,0.82473,0.11243713
1356269730720,0.5227219,-0.41012368,0.74736893,0.65452105,-0.36864427,-0.66007847,0.5462271,0.83420616,0.075736165
1356269730760,0.51597345,-0.37151763,0.7718459,0.6634629,-0.3966277,-0.6344316,0.541838,0.83944094,0.041838795
1356269730800,0.50113964,-0.33654124,0.7972446,0.6746163,-0.42507437,-0.6034936,0.5419888,0.84026873,0.0140146315
1356269730840,0.4765764,-0.30734253,0.82365984,0.6882141,-0.4525417,-0.56706893,0.5470249,0.837106,-0.0041531883
1356269730880,0.44165814,-0.28494072,0.85073316,0.7038573,-0.47795695,-0.5254923,0.55634797,0.83088267,-0.010536011
1356269730920,0.39960742,-0.26793462,0.8766555,0.7199588,-0.5002331,-0.48106766,0.56742686,0.82339406,-0.006994933
1356269730960,0.35723436,-0.25330752,0.89901006,0.7352249,-0.5173639,-0.43792593,0.57604516,0.81741667,0.0014177598
1356269731000,0.32160228,-0.23985916,0.915991,0.74906033,-0.5273043,-0.4010719,0.5792069,0.8151182,0.010086745
1356269731040,0.2978707,-0.22886112,0.9267662,0.76055455,-0.5298265,-0.3752873,0.576914,0.81664336,0.01624161
1356269731080,0.289496,-0.2224333,0.93097556,0.7681625,-0.52629286,-0.36461216,0.5710677,0.82069427,0.018505313
1356269731120,0.29838562,-0.22217926,0.9282254,0.7703277,-0.51814216,-0.37165025,0.5635257,0.82593286,0.01654467
1356269731179,0.3249125,-0.22859892,0.9177006,0.7658981,-0.5056588,-0.39712614,0.5548261,0.83189636,0.010788672
1356269731202,0.36760795,-0.24052608,0.89833826,0.75456506,-0.4874919,-0.43929842,0.5435954,0.83934426,0.0022867098
1356269731242,0.42228264,-0.25730115,0.8691797,0.73654145,-0.46152902,-0.4944669,0.5283786,0.84899175,-0.005382687
1356269731283,0.4786562,-0.28148037,0.83165926,0.7137259,-0.4269242,-0.5552757,0.5113546,0.85936284,-0.0034500659
1356269731322,0.52181643,-0.31943318,0.79099303,0.6915934,-0.38442343,-0.6114875,0.49940568,0.8661299,0.020319458
1356269731360,0.5414019,-0.3740164,0.7529912,0.6769903,-0.33715582,-0.654225,0.49856615,0.86396635,0.07066861
1356269731400,0.53830606,-0.43725696,0.7204394,0.67250794,-0.29232293,-0.679912,0.5078972,0.850502,0.13669959
1356269731440,0.5266037,-0.49191418,0.69333184,0.6727092,-0.2575179,-0.6936475,0.5197604,0.83168805,0.19530532
1356269731480,0.5204334,-0.5264742,0.67229015,0.6705199,-0.23553336,-0.7035105,0.5287269,0.8169143,0.23043194
1356269731520,0.52629745,-0.5393408,0.65736026,0.6615929,-0.22589844,-0.7150278,0.5341403,0.8112222,0.23793426
1356269731560,0.54275715,-0.5349582,0.6474831,0.64559835,-0.22738007,-0.7290412,0.5372313,0.8137064,0.22195593
1356269731600,0.56511605,-0.51895887,0.64134663,0.62501925,-0.23811579,-0.7434055,0.5385117,0.8209644,0.18979621
1356269731640,0.58843374,-0.49618658,0.6383922,0.6033547,-0.25613758,-0.7552196,0.53824604,0.82957363,0.14865655
1356269731680,0.60827804,-0.47061354,0.6391563,0.58395845,-0.2800491,-0.7619482,0.5375783,0.836717,0.10447106
1356269731720,0.6208646,-0.44531307,0.64515376,0.5699075,-0.30868968,-0.7615223,0.5382681,0.8404802,0.062132716
1356269731760,0.62391037,-0.4219002,0.6578267,0.5631742,-0.34087014,-0.7527566,0.54182166,0.84012365,0.024930894
1356269731800,0.61553216,-0.4007136,0.67863744,0.56582785,-0.37470368,-0.73446304,0.5485973,0.83607763,-0.0039072633
1356269731840,0.59454167,-0.3819495,0.7075555,0.5787149,-0.4076501,-0.70633596,0.55821973,0.8294191,-0.021325111
1356269731880,0.5608467,-0.36490062,0.743168,0.60123277,-0.4376023,-0.6685981,0.5691838,0.8217979,-0.026037604
1356269731920,0.5179589,-0.3475182,0.78163266,0.63024706,-0.46278068,-0.6233961,0.57836604,0.8155152,-0.020679029
1356269731960,0.4726994,-0.32795924,0.81792295,0.66134036,-0.48139435,-0.5752289,0.5823952,0.8128358,-0.010662109
1356269732000,0.43222028,-0.30681393,0.8479687,0.69053936,-0.49214524,-0.5300457,0.57994914,0.81465226,-8.480549E-4
1356269732041,0.4023925,-0.28686213,0.86936206,0.7146907,-0.49501663,-0.49414134,0.57209915,0.8201637,0.0058267675
1356269732080,0.38771206,-0.2712476,0.88096774,0.7313322,-0.49124324,-0.47311032,0.5610994,0.8277106,0.007911149
1356269732139,0.390926,-0.26219854,0.8822861,0.73878205,-0.4823445,-0.4706853,0.5489789,0.83582026,0.0051466227
1356269732215,0.41261142,-0.26043817,0.8728825,0.73629856,-0.4688189,-0.48792773,0.53629875,0.8440266,-0.0016798377
1356269732215,0.45055458,-0.26513898,0.85246813,0.7243466,-0.44959357,-0.5226734,0.52184534,0.8529753,-0.010513898
1356269732228,0.4985035,-0.27661413,0.821571,0.70342946,-0.4248075,-0.5698471,0.5066372,0.86198795,-0.017189506
1356269732257,0.54207075,-0.29058635,0.7884915,0.6817303,-0.39654335,-0.61481464,0.49132788,0.8708116,-0.016853001
1356269732300,0.570176,-0.31628442,0.75819755,0.6672909,-0.36002734,-0.6519994,0.47918904,0.87769276,0.005774703
1356269732340,0.5822456,-0.35922134,0.72934914,0.66034985,-0.31436172,-0.68199337,0.47426596,0.87871313,0.054176003
1356269732380,0.5767864,-0.41161,0.7056165,0.66395414,-0.26700026,-0.698481,0.4759016,0.8713713,0.11928806
1356269732420,0.563836,-0.4592391,0.68643177,0.6724679,-0.22722343,-0.70438385,0.47945392,0.85876024,0.18070674
1356269732460,0.55637944,-0.49081397,0.6704801,0.6768534,-0.2003474,-0.70832926,0.48198685,0.84791654,0.22073996
1356269732500,0.5604927,-0.50399786,0.65714085,0.6714737,-0.187882,-0.71681476,0.48473808,0.8430222,0.23311484
1356269732540,0.57395625,-0.50298107,0.6462077,0.6562351,-0.1895116,-0.7303704,0.4898263,0.8432648,0.22130242
1356269732580,0.591367,-0.49341118,0.63783264,0.6350659,-0.20249239,-0.7454449,0.4969671,0.8458973,0.19360131
1356269732620,0.60814023,-0.4796232,0.632556,0.6127013,-0.22306022,-0.75818294,0.5047402,0.84864944,0.15821382
1356269732660,0.6203371,-0.46477136,0.6317985,0.59319705,-0.24897534,-0.76559025,0.51312673,0.84970504,0.12125239
1356269732701,0.6247801,-0.4507973,0.63751984,0.579375,-0.2796911,-0.7655699,0.5234256,0.84767604,0.08643529
1356269732741,0.6199821,-0.43776062,0.65114343,0.57266426,-0.31483838,-0.75692296,0.5363561,0.84216523,0.05549571
1356269732781,0.6063002,-0.42398158,0.67278504,0.5734784,-0.3530016,-0.73926467,0.55092883,0.83404404,0.029119402
1356269732820,0.5845478,-0.40742207,0.70164895,0.58235466,-0.39146572,-0.71247303,0.5649487,0.825083,0.00843367
1356269732861,0.5543065,-0.38746288,0.7366253,0.59988797,-0.42751834,-0.6762858,0.5769565,0.81676227,-0.004541843
1356269732900,0.5145551,-0.3638873,0.7764143,0.6255877,-0.4599354,-0.63015836,0.58640695,0.8099664,-0.009018721
1356269732940,0.4682353,-0.3370992,0.816774,0.65552855,-0.48729235,-0.5769129,0.5924846,0.8055496,-0.007189302
1356269732980,0.42153507,-0.30798087,0.8529103,0.6854224,-0.50760245,-0.52204955,0.5937207,0.80466604,-0.0028752424
1356269733020,0.3813464,-0.2795562,0.8811488,0.71214396,-0.5189178,-0.47283757,0.5894284,0.8078197,0.0011968054
1356269733060,0.35359174,-0.25608522,0.89966285,0.733492,-0.5209567,-0.43657023,0.5804845,0.81426316,0.0036304928
1356269733100,0.34308589,-0.2412985,0.90778136,0.747535,-0.5150456,-0.41942745,0.5687561,0.822498,0.0036742315
1356269733140,0.3528703,-0.23727334,0.9050878,0.7526632,-0.5026764,-0.42522302,0.5558604,0.83127487,0.0012073219
1356269733180,0.38384002,-0.24406871,0.8905601,0.7475922,-0.48395663,-0.45485365,0.542008,0.84036684,-0.0032980368
1356269733221,0.43399584,-0.26076046,0.8623524,0.7309977,-0.457556,-0.506246,0.52658343,0.8500862,-0.007962137
1356269733260,0.49382162,-0.2848838,0.82157254,0.7045852,-0.42261654,-0.57004833,0.5096077,0.86037004,-0.007972296
1356269733301,0.54832315,-0.31844628,0.7732618,0.67391586,-0.37923023,-0.6340519,0.49515572,0.8687787,0.0066652894
1356269733340,0.58087134,-0.36557513,0.7272849,0.649551,-0.33031115,-0.6848197,0.49058342,0.87020075,0.045591414
1356269733380,0.5824629,-0.42544353,0.6926289,0.641307,-0.28305176,-0.71316695,0.49946207,0.859581,0.10797274
1356269733420,0.56163573,-0.48711485,0.66879326,0.64647263,-0.24611586,-0.72214967,0.5163705,0.8379416,0.17667896
1356269733460,0.5386224,-0.5357979,0.6502357,0.6528664,-0.22242454,-0.72408056,0.53258926,0.8145231,0.23000163
1356269733500,0.52993083,-0.56409657,0.6332207,0.65035534,-0.20887896,-0.7303476,0.544253,0.79885215,0.25617176
1356269733540,0.5391248,-0.57339036,0.6169019,0.635674,-0.20347911,-0.7446575,0.5525061,0.79361176,0.25478876
1356269733580,0.5601688,-0.56876206,0.6022629,0.6113341,-0.2067768,-0.76388085,0.55900043,0.7960861,0.23187375
1356269733620,0.5855443,-0.5549111,0.5909413,0.5825352,-0.2189048,-0.7827729,0.5637293,0.8025923,0.1950768
1356269733660,0.6093355,-0.53507894,0.58515024,0.55517524,-0.2389875,-0.7966589,0.5661191,0.81029344,0.15143904
1356269733700,0.6267389,-0.5115382,0.58781546,0.5348894,-0.26613942,-0.8019123,0.5666496,0.8170059,0.10681641
1356269733740,0.63410425,-0.48555225,0.6017896,0.5260579,-0.29950836,-0.79596347,0.56672287,0.8213001,0.06550905
1356269733780,0.62919253,-0.45691058,0.62876827,0.5312048,-0.33776134,-0.77700627,0.567396,0.82289124,0.03019619
1356269733821,0.61061454,-0.42439127,0.66861194,0.5510027,-0.37874085,-0.7436071,0.568811,0.8224643,0.0025760527
1356269733860,0.57591987,-0.38679165,0.7202143,0.5851595,-0.4201689,-0.6935752,0.5708807,0.8208839,-0.015648842
1356269733900,0.52239275,-0.34406012,0.78021055,0.63059354,-0.46002787,-0.625081,0.57398397,0.8185335,-0.02335316
1356269733940,0.4508536,-0.2965269,0.8419043,0.68038654,-0.49634892,-0.5391771,0.5777588,0.8159103,-0.02202779
1356269733980,0.3703637,-0.24630277,0.89563704,0.72549653,-0.525427,-0.44450122,0.5800737,0.8144087,-0.015907291
1356269734020,0.29486632,-0.1983194,0.93473166,0.7605367,-0.5435036,-0.35522914,0.5784789,0.81564283,-0.0094316825
1356269734060,0.23674095,-0.15913594,0.9584516,0.7851574,-0.54971296,-0.28520793,0.57226014,0.8200558,-0.0051928163
1356269734100,0.20449078,-0.13424894,0.9696189,0.80098975,-0.5464375,-0.24458444,0.5626713,0.82667005,-0.004209414
1356269734140,0.2034874,-0.12682629,0.9708285,0.80884814,-0.53695184,-0.2396819,0.5516861,0.8340251,-0.0066797137
1356269734185,0.23681259,-0.13784614,0.96172667,0.80745935,-0.52257293,-0.27372766,0.54030466,0.8413774,-0.012446687
1356269734220,0.30559874,-0.16716567,0.9373714,0.7923497,-0.5012754,-0.34771395,0.52800703,0.84898686,-0.020735502
1356269734248,0.4020514,-0.21147558,0.8908607,0.7570627,-0.47046006,-0.45334685,0.51498616,0.85670614,-0.02904886
1356269734290,0.50016606,-0.2566477,0.8270223,0.7074578,-0.42962712,-0.561181,0.499337,0.86576706,-0.033317503
1356269734330,0.5955075,-0.3134258,0.7396859,0.6391041,-0.37303874,-0.67259806,0.48674098,0.87327343,-0.021835653
1356269734370,0.65652263,-0.37963766,0.6518078,0.57652724,-0.30467194,-0.75815004,0.48640978,0.8735276,0.018847376
1356269734410,0.67268306,-0.45418566,0.5841343,0.54349655,-0.23241353,-0.80659497,0.5021046,0.8600577,0.090507686
1356269734450,0.66118777,-0.5272173,0.5337346,0.53590256,-0.16596076,-0.8278077,0.5250135,0.8333661,0.17280582
1356269734491,0.6497549,-0.5840765,0.48649064,0.5312846,-0.10877904,-0.84018075,0.5436499,0.8043766,0.23963118
1356269734531,0.6572687,-0.61692595,0.43289748,0.51084566,-0.057624757,-0.857739,0.55410707,0.7849088,0.277279
1356269734570,0.6829742,-0.6275954,0.37372473,0.47016773,-0.01384306,-0.88246846,0.5590067,0.7784165,0.2856207
1356269734610,0.71572024,-0.62318945,0.31524503,0.41509795,0.016590595,-0.9096254,0.5616389,0.7818949,0.2705589
1356269734650,0.74654627,-0.611041,0.2632444,0.35435778,0.030294657,-0.93461907,0.56311566,0.7910191,0.23914349
1356269734690,0.7717302,-0.59630954,0.22101448,0.29533494,0.028266236,-0.95497555,0.56321377,0.80225676,0.19792494
1356269734730,0.7901026,-0.5825149,0.19082527,0.24409597,0.013434216,-0.969658,0.56227666,0.812709,0.15280396
1356269734770,0.80158377,-0.57183987,0.17453538,0.20510495,-0.011200264,-0.9786758,0.56160074,0.8202887,0.10830924
1356269734810,0.8065281,-0.56502277,0.17395893,0.18161516,-0.043224573,-0.9824193,0.5626086,0.82394236,0.067754865
1356269734850,0.8053548,-0.56131685,0.19059663,0.17591774,-0.080731645,-0.9810889,0.56608886,0.82365394,0.033727974
1356269734890,0.7976141,-0.55934465,0.22571069,0.1902189,-0.12184794,-0.9741509,0.57238847,0.8199309,0.0092102885
1356269734930,0.78140044,-0.5573332,0.28070104,0.2265705,-0.16573867,-0.95978975,0.5814457,0.8135787,-0.0032329876
1356269734970,0.75481105,-0.55210054,0.35418272,0.28304836,-0.21295305,-0.9351655,0.59172964,0.8061241,-0.004468173
1356269735010,0.71893466,-0.5391169,0.43873206,0.3515404,-0.26249912,-0.8986175,0.5996268,0.8002794,8.0165174E-4
1356269735051,0.6788422,-0.5161165,0.5222997,0.4211367,-0.3090279,-0.8527283,0.6015124,0.7988276,0.007574439
1356269735088,0.640911,-0.48576954,0.5943577,0.48306808,-0.3465035,-0.8041024,0.5965555,0.8024733,0.012581825
1356269735131,0.611608,-0.45431137,0.64771664,0.5310979,-0.3710495,-0.7617463,0.5864049,0.8098911,0.014346927
1356269735180,0.5957351,-0.42796504,0.67966586,0.56185985,-0.3826428,-0.73341537,0.57394534,0.8187982,0.012502611
1356269735212,0.5961411,-0.40981996,0.6904081,0.5745145,-0.3829461,-0.7233847,0.56084657,0.8278888,0.0071576233
1356269735252,0.6132256,-0.39937356,0.6815095,0.5700593,-0.37348285,-0.731808,0.5467969,0.83726424,-0.001362592
1356269735292,0.64422935,-0.393305,0.65595704,0.5516735,-0.35506988,-0.75470644,0.5297404,0.8480782,-0.011770517
1356269735330,0.6813022,-0.39000642,0.61945325,0.5256407,-0.32828712,-0.78481174,0.5094401,0.86030376,-0.018659502
1356269735371,0.7111826,-0.39312443,0.58281434,0.50364345,-0.29348055,-0.8125346,0.49047184,0.87139106,-0.01072371
1356269735410,0.72236735,-0.4113984,0.5558208,0.49626118,-0.2513411,-0.83099484,0.4815706,0.8761158,0.022600472
1356269735450,0.71017265,-0.44832245,0.54282755,0.50835395,-0.20687518,-0.83592993,0.4870637,0.8696031,0.08098942
1356269735490,0.6815849,-0.49394545,0.5398702,0.53359216,-0.16935927,-0.8286114,0.5007208,0.8528396,0.14813271
1356269735530,0.650944,-0.53163314,0.5418837,0.56001925,-0.1456084,-0.8155835,0.5124941,0.8343646,0.20294192
1356269735570,0.62961006,-0.5511523,0.54756045,0.57887465,-0.13726342,-0.80378044,0.51816535,0.823037,0.2326256
1356269735611,0.61979043,-0.55180913,0.55800223,0.5883537,-0.14380658,-0.79571325,0.5193262,0.8214782,0.23552898
1356269735651,0.6174137,-0.53756154,0.5743065,0.59158874,-0.16389841,-0.78940505,0.5184816,0.8271428,0.21682215
1356269735691,0.6172782,-0.5125697,0.59685826,0.59304327,-0.19536632,-0.7811092,0.516979,0.83612454,0.18338066
1356269735730,0.6144576,-0.48037395,0.62584555,0.59693503,-0.23560601,-0.76691484,0.5158589,0.84482586,0.14198214
1356269735771,0.60519695,-0.44360226,0.6610247,0.60560864,-0.2823935,-0.7439706,0.5166961,0.850571,0.09774569
1356269735810,0.5853535,-0.40386656,0.7030313,0.6213415,-0.33359644,-0.70897675,0.5208608,0.85182464,0.05566725
1356269735850,0.5536124,-0.3617823,0.7500846,0.64333713,-0.38614023,-0.66106963,0.52880114,0.84853363,0.018975943
1356269735891,0.5090896,-0.31757396,0.7999841,0.67041266,-0.436588,-0.5999482,0.53979135,0.84174687,-0.009356827
1356269735930,0.45149845,-0.27258852,0.8496145,0.7003832,-0.481678,-0.5267351,0.5528225,0.83287567,-0.026560515
1356269735970,0.38283026,-0.22878444,0.8950411,0.7297481,-0.5192095,-0.44484735,0.566488,0.8234556,-0.0318141
1356269736010,0.3093782,-0.18744114,0.93228257,0.75523865,-0.5472988,-0.36066383,0.57784045,0.81567746,-0.027759485
1356269736050,0.23981756,-0.14972034,0.9592035,0.7759571,-0.5642055,-0.28206858,0.5834193,0.8119457,-0.019129813
1356269736090,0.18128973,-0.11763367,0.97636896,0.7929039,-0.5698249,-0.21587732,0.5817538,0.8133031,-0.010031208
1356269736130,0.13840204,-0.09332138,0.98596954,0.8070725,-0.5663739,-0.16689694,0.5740025,0.81884784,-0.0030702055
1356269736179,0.11394632,-0.07797396,0.99042225,0.8187137,-0.5573547,-0.13807097,0.5627824,0.82660496,3.298372E-4
1356269736212,0.109280646,-0.07164934,0.9914253,0.82775784,-0.54565656,-0.1306743,0.55034053,0.83494025,-3.2134354E-4
1356269736252,0.12492061,-0.07392448,0.98940897,0.8340642,-0.5322502,-0.14507464,0.53733766,0.8433534,-0.0048312694
1356269736291,0.16000903,-0.08432862,0.98350686,0.83732224,-0.5160623,-0.18047455,0.52277,0.8523898,-0.011964366
1356269736332,0.21000952,-0.102880806,0.9722713,0.8367102,-0.49553108,-0.233163,0.5057787,0.86247575,-0.017984822
1356269736370,0.26571405,-0.13444176,0.95463157,0.8301823,-0.47149318,-0.2974755,0.49009535,0.87156165,-0.013671219
1356269736410,0.30924553,-0.18513876,0.9327866,0.8186528,-0.4472959,-0.36018583,0.48391604,0.8750142,0.013240159
1356269736450,0.32605082,-0.25493044,0.9103304,0.80696076,-0.42656338,-0.40848267,0.4924482,0.867787,0.06663746
1356269736490,0.31706583,-0.330154,0.88908243,0.7992309,-0.41167623,-0.43789572,0.5105871,0.84942394,0.13334087
1356269736530,0.29915714,-0.39223015,0.8698624,0.7950065,-0.40169287,-0.4545409,0.52770215,0.82752544,0.19165626
1356269736570,0.2908516,-0.4317668,0.8538049,0.7912343,-0.39317232,-0.468363,0.537916,0.81178385,0.22727391
1356269736610,0.30088174,-0.45030612,0.8406513,0.784571,-0.384237,-0.4866315,0.5421425,0.8059691,0.23768729
1356269736650,0.32915944,-0.45335698,0.82832456,0.7723483,-0.3754161,-0.5123876,0.5432608,0.80841225,0.22657764
1356269736690,0.36893582,-0.4465512,0.8151554,0.75437593,-0.36846584,-0.543277,0.5429579,0.81536794,0.20092723
1356269736730,0.41266304,-0.4334113,0.8011641,0.73225576,-0.36528182,-0.5747788,0.54176635,0.82384694,0.16662961
1356269736770,0.45260376,-0.41594818,0.7887566,0.7091863,-0.36830646,-0.60116994,0.54055965,0.83146715,0.12828779
1356269736810,0.48212042,-0.39522016,0.7818957,0.6892531,-0.3798202,-0.616982,0.5408235,0.8363837,0.08928764
1356269736850,0.4969149,-0.37141782,0.7842986,0.67628723,-0.40059534,-0.6181899,0.54379314,0.837599,0.052123398
1356269736890,0.49481243,-0.34419847,0.7979274,0.6731453,-0.42888558,-0.6024388,0.5495781,0.8352152,0.019477665
1356269736930,0.47409177,-0.31340563,0.82280856,0.6816878,-0.4608025,-0.5682982,0.5572601,0.83032405,-0.0048179068
1356269736970,0.43358558,-0.27955458,0.85665214,0.7013781,-0.49216002,-0.5156037,0.5657493,0.82439536,-0.017320033
1356269737010,0.37579232,-0.24346513,0.8941504,0.72802067,-0.5194353,-0.44740677,0.5733812,0.8190919,-0.01795214
1356269737051,0.30880725,-0.20648736,0.9284401,0.7557781,-0.5393614,-0.37133366,0.5774405,0.8163652,-0.010500044
1356269737090,0.24341655,-0.17154887,0.9546305,0.78051484,-0.5496508,-0.29779297,0.57579935,0.817591,1.0230392E-4
1356269737130,0.18959796,-0.14261454,0.97144926,0.80065286,-0.55024165,-0.23704231,0.56833756,0.8227364,0.009860083
1356269737177,0.15527946,-0.12312472,0.9801676,0.81616,-0.543022,-0.19750935,0.5565709,0.83064276,0.01616931
1356269737212,0.1457637,-0.115003705,0.9826125,0.8272867,-0.5305103,-0.18481246,0.5425401,0.8398411,0.01781182
1356269737252,0.16402322,-0.11935142,0.97920966,0.833115,-0.5147776,-0.20229542,0.52821946,0.8489754,0.014997974
1356269737292,0.20951796,-0.13503072,0.96843636,0.8320316,-0.49564576,-0.24911603,0.51363957,0.8579639,0.008503079
1356269737330,0.2791252,-0.16255158,0.9463964,0.82052535,-0.47160083,-0.32300296,0.49882597,0.86670053,0.0017419681
1356269737370,0.35786402,-0.20264411,0.91152,0.7968281,-0.44265455,-0.41124433,0.48682475,0.8734943,0.0030624047
