1356268793777,0.1435405,-0.015972912,-0.98951554,-0.9296971,-0.3448851,-0.12929597,-0.33920398,0.938509,-0.0643549
1356268793817,0.13617729,0.11668256,0.9837891,0.9308028,0.32494473,-0.16738302,-0.33920777,0.9385074,-0.06435835
1356268793856,0.13620016,0.11669326,0.9837847,0.9307896,0.32496879,-0.16741002,-0.33923495,0.9384978,-0.06435609
1356268793898,0.13631867,0.11660892,0.9837782,0.93072826,0.32509685,-0.16750202,-0.3393554,0.9384638,-0.06421447
1356268793937,0.13665335,0.116033465,0.9837998,0.930555,0.32551646,-0.16765025,-0.33969605,0.9383898,-0.063492596
1356268793976,0.13728267,0.11455342,0.98388565,0.93025863,0.32629037,-0.16778988,-0.34025326,0.9383028,-0.06177026
1356268794018,0.13816111,0.11163974,0.9840976,0.9299096,0.32733625,-0.16768768,-0.3408514,0.93828976,-0.058589697
1356268794056,0.13932712,0.10737693,0.98440754,0.9296771,0.32815528,-0.16737536,-0.34101084,0.9385011,-0.054104984
1356268794096,0.14076318,0.10213786,0.9847607,0.92975813,0.3281495,-0.16693625,-0.3401993,0.93908775,-0.048772156
1356268794136,0.14240836,0.09630072,0.9851122,0.9302815,0.32691598,-0.16643998,-0.3380772,0.94013405,-0.043031216
1356268794178,0.14415069,0.0901849,0.98543763,0.93126917,0.3243624,-0.16591176,-0.33460167,0.9416239,-0.03722936
1356268794217,0.14587033,0.08418724,0.98571515,0.93266964,0.32057768,-0.16540012,-0.32992283,0.9434736,-0.031756103
1356268794256,0.1475198,0.079196155,0.9858833,0.9341937,0.31622037,-0.16518736,-0.32483858,0.94537437,-0.027335763
1356268794298,0.14911431,0.07599512,0.9858954,0.935572,0.3119282,-0.16554722,-0.32010937,0.94706154,-0.024585962
1356268794336,0.15085447,0.07515636,0.9856949,0.93639076,0.30876076,-0.16685084,-0.3168838,0.9481658,-0.02379775
1356268794376,0.15298101,0.07649177,0.9852643,0.9362021,0.30801174,-0.16927585,-0.31642124,0.9483025,-0.024491787
1356268794416,0.15572917,0.078933805,0.98464096,0.9345118,0.31120038,-0.17274821,-0.32005632,0.9470606,-0.025301576
1356268794456,0.15936136,0.08071551,0.98391515,0.9308568,0.31965572,-0.17699066,-0.32880002,0.94408965,-0.024193823
1356268794496,0.16406883,0.08018193,0.9831848,0.9249766,0.3338365,-0.18158084,-0.3427825,0.93921465,-0.019394219
1356268794536,0.16992375,0.07675409,0.9824636,0.91695714,0.35289207,-0.18616337,-0.36099243,0.93251055,-0.010415494
1356268794577,0.17682977,0.07131043,0.98165476,0.90725434,0.37488413,-0.19066045,-0.38160288,0.924325,0.001594007
1356268794616,0.18449228,0.06557265,0.9806441,0.89660454,0.39746004,-0.19525847,-0.4025705,0.91527355,0.014535546
1356268794675,0.1924399,0.061133564,0.97940266,0.88592595,0.41840106,-0.20018917,-0.4220214,0.9062026,0.026357234
1356268794697,0.2000695,0.059016228,0.9780027,0.87629724,0.43571746,-0.20555648,-0.43826407,0.8981466,0.03545803
1356268794756,0.2065646,0.061279833,0.9765121,0.86872023,0.44770664,-0.21185833,-0.45017353,0.8920782,0.039245367
1356268794793,0.21130246,0.065681756,0.97521126,0.8641049,0.45375144,-0.21778935,-0.4568083,0.88870436,0.03912288
1356268794823,0.21337116,0.07032451,0.9744369,0.8619728,0.45593244,-0.22164941,-0.45986474,0.8872317,0.036665022
1356268794866,0.21333788,0.07662666,0.97396886,0.86299384,0.45252842,-0.2246325,-0.45796144,0.8884517,0.030413091
1356268794906,0.21001303,0.08222604,0.9742348,0.86649275,0.4458983,-0.22442147,-0.4528629,0.8912988,0.022396207
1356268794946,0.20454618,0.08684614,0.9749968,0.87138426,0.4376066,-0.22178817,-0.44592646,0.89496267,0.013834417
1356268794986,0.19798405,0.090967804,0.9759749,0.8766651,0.42896646,-0.21782097,-0.43847522,0.89872825,0.0051802397
1356268795026,0.19143994,0.09561747,0.9768357,0.8816947,0.4205199,-0.21395674,-0.43123686,0.90223074,-0.0038011074
1356268795066,0.18575142,0.10134515,0.97735643,0.8863765,0.41199428,-0.2111812,-0.42406747,0.90553296,-0.013301432
1356268795106,0.18121737,0.1074104,0.9775599,0.89091444,0.40299934,-0.20943531,-0.41645157,0.90887547,-0.022662997
1356268795148,0.17737755,0.11216748,0.9777299,0.89564764,0.3933358,-0.20761085,-0.4078634,0.91252697,-0.03069365
1356268795187,0.1729625,0.11442557,0.97825897,0.9011822,0.38239884,-0.20406345,-0.39743516,0.9168849,-0.03697759
1356268795227,0.165856,0.11423063,0.9795117,0.90752184,0.37097555,-0.19692945,-0.38587028,0.9215902,-0.04213828
1356268795268,0.15506674,0.11276311,0.9814472,0.9146319,0.35908103,-0.18576655,-0.37336668,0.9264692,-0.04745519
1356268795308,0.13814114,0.1103279,0.98424834,0.92197424,0.34867775,-0.1684854,-0.36177415,0.9307264,-0.053552747
1356268795349,0.116380885,0.10905874,0.98719895,0.92897415,0.33968443,-0.14704275,-0.3513724,0.9341953,-0.061779976
1356268795386,0.08875981,0.10921416,0.99004745,0.935465,0.33223638,-0.12051603,-0.3420919,0.93685174,-0.07267684
1356268795430,0.05846104,0.11486676,0.99165916,0.94082737,0.32581702,-0.09320477,-0.33380556,0.938429,-0.08902222
1356268795468,0.025787026,0.1310448,0.991041,0.94420606,0.32242623,-0.06720257,-0.32834417,0.93747985,-0.11541891
1356268795509,-0.00829649,0.1635221,0.9865048,0.9439795,0.32675076,-0.046223015,-0.32989967,0.9308568,-0.15707242
1356268795548,-0.042688563,0.21424398,0.9758469,0.93854296,0.3434493,-0.03434646,-0.34251246,0.9144081,-0.21573853
1356268795589,-0.075140074,0.27287,0.95911205,0.9283702,0.37022454,-0.032598257,-0.36398187,0.88796157,-0.28114307
1356268795627,-0.10241403,0.32468703,0.9402605,0.9161607,0.39900643,-0.037994325,-0.38750628,0.8575385,-0.33832937
1356268795674,-0.12201907,0.3586283,0.9254713,0.90592706,0.4211663,-0.04376343,-0.40547213,0.83306944,-0.37628138
1356268795707,-0.1329798,0.37181294,0.91873366,0.90025914,0.43302852,-0.044941604,-0.41454774,0.82112205,-0.39231205
1356268795747,-0.13522358,0.36551866,0.9209292,0.89916193,0.43570018,-0.040902853,-0.41619977,0.82253355,-0.38757747
1356268795787,-0.12894496,0.3426065,0.930588,0.9012996,0.4318516,-0.034104377,-0.4135603,0.83434105,-0.36447626
1356268795827,-0.114708886,0.3074073,0.94463885,0.90550554,0.42342067,-0.027833968,-0.40853605,0.85218287,-0.3269291
1356268795867,-0.09359349,0.26498854,0.9596985,0.9111172,0.41140413,-0.024739772,-0.40137964,0.87208235,-0.27994037
1356268795907,-0.06718679,0.2208001,0.9730022,0.91747504,0.39689547,-0.02671361,-0.39207852,0.8909104,-0.22924471
1356268795937,-0.03807485,0.18255329,0.9824584,0.9232421,0.38259262,-0.035310596,-0.38232738,0.9057026,-0.18310803
1356268795977,-0.009595409,0.14802691,0.98893684,0.928005,0.36967593,-0.046329945,-0.3724442,0.9172938,-0.14091688
1356268796007,0.020526528,0.120904416,0.9924519,0.9311813,0.35907096,-0.063002765,-0.363978,0.925446,-0.10521346
1356268796037,0.048365653,0.100061774,0.99380505,0.9325584,0.35185838,-0.08081207,-0.35776484,0.9306897,-0.076295555
1356268796077,0.07367307,0.08758357,0.99342906,0.9318559,0.3488161,-0.09985939,-0.35527012,0.93308973,-0.055916905
1356268796107,0.09942976,0.08335543,0.9915471,0.92960954,0.34761217,-0.1224412,-0.35488,0.933926,-0.042925
1356268796147,0.12168774,0.08815637,0.9886458,0.9260688,0.34836403,-0.14504862,-0.35719553,0.93320465,-0.039247215
1356268796189,0.14392458,0.097864,0.98473775,0.92191505,0.3484066,-0.16936764,-0.3596642,0.9322207,-0.040078104
1356268796229,0.16549288,0.106726676,0.98041904,0.9184505,0.3454551,-0.19263834,-0.35925043,0.93234664,-0.040852845
1356268796268,0.18473381,0.11189106,0.9763984,0.9164629,0.33917624,-0.21226221,-0.3549214,0.9340449,-0.039886713
1356268796309,0.19915861,0.11163458,0.973588,0.9168353,0.32959682,-0.22534177,-0.3460474,0.93749857,-0.036708474
1356268796349,0.20574336,0.10630539,0.9728149,0.91933346,0.31971222,-0.22936934,-0.335404,0.94153243,-0.031951427
1356268796389,0.20399012,0.09641507,0.9742136,0.92354834,0.31113464,-0.2241734,-0.32472536,0.94546247,-0.025575578
1356268796428,0.19232012,0.08263615,0.9778466,0.9293264,0.30474162,-0.20853046,-0.3152227,0.94884336,-0.018188
1356268796469,0.17154592,0.06660965,0.9829217,0.9364437,0.2988841,-0.18368876,-0.3060151,0.9519619,-0.0111038685
1356268796509,0.14288795,0.05301869,0.9883178,0.94443697,0.29134542,-0.1521731,-0.29600984,0.95514756,-0.008443058
1356268796548,0.10674515,0.05221513,0.99291444,0.9517462,0.2836115,-0.11723378,-0.28772333,0.9575167,-0.019421399
1356268796588,0.06300366,0.07720548,0.99502254,0.9555538,0.2830479,-0.08246672,-0.28800595,0.9559933,-0.055940986
1356268796629,0.01271984,0.12824622,0.99166083,0.9533583,0.297551,-0.050709248,-0.30157295,0.946053,-0.11847985
1356268796682,-0.03914392,0.19059062,0.98088884,0.94466245,0.32702428,-0.025843829,-0.32570004,0.9255973,-0.19284481
1356268796715,-0.08499707,0.23919463,0.9672442,0.93376124,0.35783863,-0.006436944,-0.34765702,0.90262806,-0.25376594
1356268796746,-0.1199543,0.2642971,0.95695245,0.92541635,0.37878084,0.01138714,-0.3594657,0.88694537,-0.29002124
1356268796786,-0.14187048,0.26414147,0.9539927,0.921888,0.38628232,0.030142307,-0.36054873,0.8837507,-0.29831088
1356268796826,-0.15139744,0.24407828,0.95786464,0.92226636,0.38355902,0.04803425,-0.35567346,0.8906786,-0.283175
1356268796866,-0.15010947,0.21137062,0.9658103,0.92540514,0.3738724,0.062006444,-0.34798348,0.90307355,-0.25172526
1356268796906,-0.14014563,0.17342845,0.97482395,0.93058634,0.3593457,0.06985554,-0.33818388,0.9169477,-0.21175086
1356268796946,-0.123666614,0.13570979,0.98300016,0.9369335,0.34229997,0.0706144,-0.32689783,0.92973846,-0.16948211
1356268796986,-0.102513075,0.101552814,0.9895343,0.9432055,0.32593483,0.06426385,-0.31599754,0.9399221,-0.12919778
1356268797026,-0.0781793,0.07254544,0.9942964,0.94818676,0.3134821,0.051681638,-0.30794483,0.946819,-0.09329438
1356268797067,-0.052075356,0.049928933,0.9973942,0.95101345,0.3072438,0.034273356,-0.30473197,0.9503201,-0.06348294
1356268797106,-0.025841624,0.03590983,0.99902093,0.95143145,0.30756232,0.013555229,-0.3067744,0.9508501,-0.04211366
1356268797146,-0.0011631846,0.03228262,0.9994781,0.9497042,0.3130191,-0.009005129,-0.31314647,0.949198,-0.031023026
1356268797186,0.02193135,0.03767118,0.99904954,0.9466902,0.3204645,-0.032865733,-0.32139802,0.94651115,-0.028634727
1356268797227,0.04397434,0.047939062,0.99788177,0.94353247,0.32629496,-0.05725479,-0.3283485,0.9440516,-0.030883431
1356268797266,0.064941645,0.05924353,0.9961289,0.94124794,0.32789177,-0.08086467,-0.33141318,0.94285583,-0.034469068
1356268797307,0.08377835,0.068911284,0.9940988,0.94033027,0.32469192,-0.101754785,-0.32978794,0.9433061,-0.03759724
1356268797346,0.09907082,0.07487622,0.99225926,0.94078076,0.31784806,-0.11791593,-0.3242168,0.9451805,-0.03895265
1356268797388,0.10932729,0.076208085,0.99108016,0.9421365,0.30992928,-0.12775993,-0.3169011,0.9477005,-0.037914693
1356268797429,0.11387706,0.072836846,0.99082136,0.94424796,0.30216485,-0.13073692,-0.30891386,0.9504689,-0.03436643
1356268797471,0.11153421,0.06630108,0.9915464,0.947235,0.29462954,-0.1262506,-0.30050945,0.9533087,-0.02994144
1356268797507,0.1031028,0.06108159,0.99279344,0.95107776,0.2861942,-0.116378695,-0.2912403,0.9562228,-0.02858591
1356268797546,0.08595052,0.06567624,0.99413234,0.95478094,0.2796215,-0.10102117,-0.28461546,0.9578614,-0.038672805
1356268797588,0.057299018,0.09561989,0.9937674,0.9557587,0.28240937,-0.082280785,-0.28851697,0.95451653,-0.07520777
1356268797626,0.018349946,0.14855939,0.98873323,0.95219225,0.29901707,-0.06259984,-0.3049479,0.9426128,-0.13597018
1356268797695,-0.024650797,0.21382087,0.9765618,0.9435604,0.32771307,-0.047935903,-0.33028173,0.9202634,-0.2098313
1356268797706,-0.061251342,0.26915327,0.96114767,0.93399215,0.355058,-0.039907277,-0.35200438,0.89526,-0.27313483
1356268797746,-0.084194526,0.3018528,0.9496295,0.92841303,0.36987317,-0.03525582,-0.36188453,0.8786801,-0.3113854
1356268797783,-0.09098996,0.3100583,0.9463533,0.92818457,0.37072283,-0.032218635,-0.36082444,0.875459,-0.32152337
1356268797826,-0.08177124,0.29691964,0.9513948,0.9317325,0.36166197,-0.03278929,-0.3538191,0.88376427,-0.3062232
1356268797866,-0.05852391,0.2693008,0.9612763,0.93689966,0.34727383,-0.040248662,-0.34466508,0.89826393,-0.27263165
1356268797906,-0.024238706,0.23417896,0.9718913,0.9420646,0.33069247,-0.05618614,-0.33455476,0.9142225,-0.22862726
1356268797946,0.01788348,0.19776711,0.98008585,0.9457767,0.3146217,-0.08074355,-0.3243247,0.92838645,-0.18141705
1356268797986,0.06479043,0.16478029,0.9842,0.9467039,0.30169564,-0.11283359,-0.3155216,0.9390565,-0.13645113
1356268798026,0.11400014,0.1382707,0.9838116,0.943936,0.2937435,-0.15066394,-0.30982068,0.9458308,-0.09703189
1356268798066,0.16363624,0.12037623,0.979149,0.9371165,0.2911888,-0.19241035,-0.3082788,0.949062,-0.06515747
1356268798106,0.21215609,0.11314276,0.9706639,0.9264275,0.2928199,-0.23661917,-0.31100142,0.94944996,-0.042695045
1356268798146,0.25864834,0.117619246,0.958784,0.912475,0.2959779,-0.28246498,-0.31700215,0.94792557,-0.030770421
1356268798186,0.30311403,0.13142908,0.94384754,0.8961512,0.29752788,-0.32922664,-0.32409084,0.9456234,-0.0275954
1356268798226,0.3456648,0.149461,0.9263785,0.87855744,0.2952453,-0.37545562,-0.32962477,0.9436586,-0.029254109
1356268798267,0.38580412,0.1669515,0.9073491,0.86093915,0.28830993,-0.41911948,-0.33157042,0.9428704,-0.032503903
1356268798308,0.42212254,0.18060598,0.8883659,0.84455967,0.27777255,-0.45777875,-0.32944125,0.9435168,-0.0352785
1356268798348,0.4520693,0.18793133,0.87196046,0.8314251,0.2652686,-0.4882263,-0.32305676,0.9456819,-0.036331058
1356268798386,0.4729027,0.18925494,0.8605496,0.82281417,0.2545059,-0.50813746,-0.3151825,0.948372,-0.035365105
1356268798426,0.48358738,0.18476719,0.8555725,0.81982523,0.2468245,-0.51668584,-0.30664283,0.95128274,-0.03211558
1356268798466,0.48159122,0.17482361,0.85878205,0.8244786,0.24188048,-0.5115943,-0.29716134,0.95442677,-0.027650803
1356268798507,0.4669329,0.16255373,0.86922383,0.83694375,0.23609571,-0.4937448,-0.28548005,0.9580371,-0.02580747
1356268798546,0.4377019,0.15720454,0.8852705,0.85633624,0.22721967,-0.46374524,-0.2740537,0.96107125,-0.03516543
1356268798586,0.39707392,0.17572066,0.9008077,0.8775264,0.2148229,-0.42871717,-0.2688486,0.96071506,-0.068898946
1356268798626,0.34815013,0.22565192,0.9098751,0.89622575,0.20450576,-0.3936455,-0.27490157,0.9525012,-0.13103631
1356268798679,0.29812053,0.29486275,0.90784365,0.9093962,0.20125708,-0.36399758,-0.29003924,0.9341047,-0.20814818
1356268798707,0.25423193,0.35851625,0.8982384,0.91759753,0.2040385,-0.3411497,-0.3055829,0.91095245,-0.27710056
1356268798747,0.22051209,0.39830023,0.89035463,0.9232444,0.20922035,-0.3222526,-0.31463358,0.89307547,-0.3215928
1356268798787,0.1972011,0.40916717,0.8908951,0.9275974,0.2162377,-0.30463818,-0.31729308,0.886467,-0.33690006
1356268798827,0.18291613,0.39421436,0.9006313,0.9305972,0.22601756,-0.287932,-0.31706545,0.89079237,-0.32551253
1356268798867,0.17625055,0.36002734,0.916142,0.93229866,0.23757574,-0.27272183,-0.31584045,0.90218526,-0.2937801
1356268798907,0.1763796,0.31451967,0.93272054,0.93310463,0.24825387,-0.2601651,-0.31337854,0.91621363,-0.2496928
1356268798947,0.18290168,0.26518857,0.9466901,0.93316424,0.2562521,-0.25207028,-0.3094375,0.9295213,-0.2005955
1356268798987,0.19564824,0.21836284,0.9560541,0.9320518,0.2617597,-0.2505223,-0.3049612,0.94010615,-0.15231264
1356268799026,0.21454662,0.17879555,0.96020937,0.92896724,0.26626313,-0.25714546,-0.30164483,0.9471727,-0.10896939
1356268799066,0.23949139,0.14990628,0.95925593,0.9230566,0.27116507,-0.27282965,-0.3010156,0.9507879,-0.0734303
1356268799107,0.26998526,0.13438633,0.9534402,0.9136323,0.2768253,-0.29773107,-0.30394733,0.9514768,-0.048040926
1356268799146,0.3053469,0.13306898,0.9428976,0.90041214,0.2818737,-0.3313686,-0.30987293,0.95017886,-0.033747613
1356268799186,0.34287202,0.14291385,0.9284473,0.88425386,0.28450036,-0.37034407,-0.3170709,0.9479637,-0.028824896
1356268799227,0.38019118,0.15788236,0.9113331,0.8667915,0.28294465,-0.41062763,-0.32268775,0.9460527,-0.02927804
1356268799266,0.4142247,0.17224553,0.8937278,0.850376,0.27680704,-0.44748026,-0.3244666,0.94536203,-0.031813145
1356268799307,0.4418196,0.18220285,0.8784063,0.83728516,0.2678116,-0.47668722,-0.32210112,0.9460863,-0.034231305
1356268799347,0.46007818,0.18542334,0.8683009,0.8296865,0.25843298,-0.49480572,-0.31614617,0.94806683,-0.03494391
1356268799386,0.46594244,0.18201998,0.8658905,0.8289889,0.2522996,-0.49912167,-0.30931392,0.95037556,-0.033335418
1356268799427,0.4596455,0.17219219,0.8712496,0.8350618,0.2501551,-0.4899941,-0.30232066,0.9527709,-0.028808445
1356268799466,0.43794367,0.15617704,0.8853328,0.8493471,0.25088313,-0.4643998,-0.29464367,0.95533574,-0.022775859
1356268799507,0.4036088,0.13822433,0.9044302,0.86950684,0.2496577,-0.4261793,-0.2847063,0.958418,-0.019422948
1356268799546,0.356178,0.12913543,0.9254519,0.89315504,0.24401493,-0.3777972,-0.2746111,0.9611351,-0.028425217
1356268799586,0.3025015,0.14743677,0.94167686,0.91416943,0.23476706,-0.33042207,-0.26979104,0.9608053,-0.06376475
1356268799626,0.24642171,0.19835484,0.9486474,0.9295299,0.22868337,-0.2892717,-0.27431837,0.95307887,-0.12802422
1356268799681,0.19285096,0.26611447,0.94445306,0.9387853,0.22998352,-0.2564951,-0.28546566,0.93610394,-0.20547181
1356268799707,0.14564306,0.324812,0.93449736,0.9441201,0.23666704,-0.22940338,-0.29567775,0.91568875,-0.27219266
1356268799747,0.107303396,0.35845643,0.9273591,0.9477609,0.24493714,-0.20434076,-0.3003919,0.9008412,-0.31344837
1356268799787,0.07877712,0.3645323,0.9278526,0.9503847,0.2535066,-0.18028721,-0.30093724,0.89601934,-0.32647538
1356268799827,0.060267225,0.3469207,0.9359561,0.95186377,0.2623418,-0.15853089,-0.30053806,0.90045696,-0.31441063
1356268799867,0.052259192,0.3145941,0.9477867,0.9522551,0.27017444,-0.14218321,-0.30079773,0.90996504,-0.2854547
1356268799906,0.05457537,0.27473676,0.95996946,0.9518695,0.27608252,-0.13312784,-0.30160588,0.9210311,-0.24644619
1356268799947,0.06757058,0.23481819,0.9696878,0.9507098,0.27964878,-0.13396749,-0.30263004,0.9309441,-0.20434797
1356268799986,0.09057078,0.19941834,0.97571987,0.94832194,0.28190985,-0.14564452,-0.30410928,0.93848765,-0.16358
1356268800046,0.12280989,0.16506138,0.9786074,0.9431853,0.28734785,-0.16683152,-0.3087382,0.9434967,-0.12039429
1356268800086,0.1819721,0.15025884,0.9717554,0.93168586,0.2896363,-0.21925405,-0.31440046,0.94526887,-0.08728826
1356268800128,0.24124187,0.15008605,0.9587891,0.9156642,0.29209524,-0.2761149,-0.32149875,0.9445393,-0.06696284
1356268800167,0.30200386,0.16193104,0.939453,0.89501953,0.2911387,-0.33790272,-0.3282281,0.94287676,-0.05700642
1356268800207,0.35965866,0.18017745,0.9155226,0.87170124,0.28511518,-0.39855513,-0.33284006,0.941406,-0.054516762
1356268800246,0.41485968,0.19865644,0.8879342,0.8464756,0.27366093,-0.4567153,-0.33372235,0.9410873,-0.05462694
1356268800287,0.4628765,0.21223864,0.8606394,0.82278097,0.25837904,-0.5062329,-0.32981342,0.94244105,-0.05502835
1356268800326,0.50148845,0.21853796,0.8371084,0.80317676,0.24205089,-0.54435146,-0.3215843,0.94533193,-0.05413887
1356268800366,0.52788985,0.21672621,0.8211956,0.7905301,0.22807506,-0.5683697,-0.3104749,0.9492163,-0.050930113
1356268800406,0.5394808,0.20705009,0.8161438,0.7875081,0.21895361,-0.57609934,-0.29797906,0.9535144,-0.044932365
1356268800447,0.53389776,0.18974757,0.82398367,0.79640806,0.21452612,-0.5654314,-0.28405526,0.9581098,-0.036581486
1356268800487,0.50937283,0.16689926,0.8442061,0.81793296,0.21098158,-0.5352313,-0.26744163,0.96313626,-0.029044122
1356268800526,0.46476692,0.14776349,0.87301636,0.8493102,0.20435567,-0.48673493,-0.25032744,0.96768004,-0.030519277
1356268800568,0.40992874,0.15422314,0.8989848,0.8802096,0.19152254,-0.43422362,-0.23914316,0.96929574,-0.057238072
1356268800606,0.34918952,0.19130203,0.9173169,0.90597796,0.18108618,-0.38263792,-0.2393128,0.96468204,-0.11008206
1356268800677,0.2987755,0.2700708,0.91531146,0.9189428,0.17732024,-0.35228074,-0.25744393,0.9463717,-0.19520062
1356268800706,0.24843422,0.33685195,0.9081911,0.92906725,0.18241736,-0.3218041,-0.2740701,0.9237178,-0.26763934
1356268800726,0.20762648,0.37954482,0.9015746,0.93579495,0.19138218,-0.2960752,-0.2849191,0.9051621,-0.31544018
1356268800766,0.17028515,0.39000168,0.90493184,0.9418211,0.20565228,-0.2658575,-0.28978616,0.8975555,-0.33229232
1356268800803,0.13501912,0.37101448,0.918759,0.94672716,0.225295,-0.23010814,-0.29236522,0.9008831,-0.32083035
1356268800846,0.10269657,0.329917,0.93840724,0.9500583,0.24695525,-0.19079396,-0.2946908,0.91113544,-0.28807896
1356268800886,0.07624008,0.2770631,0.95782226,0.95199955,0.2653824,-0.15254202,-0.29645294,0.9234762,-0.24353111
1356268800926,0.058744952,0.2222803,0.97321147,0.9529792,0.27783835,-0.12098166,-0.2972873,0.9345573,-0.19550687
1356268800966,0.052319527,0.17290255,0.9835483,0.95316494,0.28514844,-0.10083082,-0.29789114,0.9427593,-0.14988583
1356268801006,0.05789268,0.13332689,0.9893798,0.9523623,0.28986424,-0.09478819,-0.29942364,0.94773555,-0.110194504
1356268801046,0.07522839,0.10563487,0.99155533,0.95013136,0.29419905,-0.10342795,-0.3026402,0.9498885,-0.07823479
1356268801086,0.10353923,0.09157053,0.99040115,0.94586086,0.29889858,-0.1265184,-0.3076149,0.9498813,-0.055665255
1356268801126,0.14150512,0.092410535,0.98561484,0.9388826,0.30308586,-0.16321293,-0.3138085,0.94847214,-0.043874443
1356268801166,0.18573873,0.10565582,0.97690225,0.92901886,0.30493575,-0.20961463,-0.32003948,0.9464941,-0.041517854
1356268801207,0.23086254,0.124417245,0.96499884,0.9173184,0.30282843,-0.2584993,-0.32439086,0.94488907,-0.04421848
1356268801247,0.27071592,0.1417115,0.9521717,0.9061111,0.29649767,-0.30174804,-0.32507792,0.9444612,-0.04813981
1356268801286,0.29993066,0.15277433,0.94164824,0.8982079,0.28728226,-0.3327032,-0.32134733,0.9455838,-0.051058352
1356268801326,0.3141142,0.15499091,0.93664837,0.8961221,0.2774055,-0.34642676,-0.3135244,0.9481689,-0.05175376
1356268801366,0.31030622,0.1477432,0.9390857,0.90110064,0.26900807,-0.3400768,-0.30286565,0.9517387,-0.04965663
1356268801407,0.28696296,0.1322293,0.9487717,0.91263545,0.26325127,-0.31272236,-0.29111648,0.95562243,-0.04513383
1356268801447,0.24593745,0.110176265,0.96300364,0.9285957,0.25805944,-0.26667446,-0.27789333,0.9598263,-0.038842738
1356268801486,0.18849492,0.0858857,0.9783114,0.94625884,0.25068843,-0.20432708,-0.2628001,0.96425045,-0.03401661
1356268801527,0.12626445,0.07207957,0.9893745,0.9609759,0.23857796,-0.14002153,-0.24613562,0.9684447,-0.039142847
1356268801566,0.062343687,0.08128178,0.9947394,0.9703249,0.22837147,-0.07947418,-0.23362991,0.97017515,-0.06463218
1356268801607,0.0033126175,0.1252349,0.9921216,0.972447,0.2308633,-0.032388628,-0.23310065,0.9648929,-0.12101954
1356268801685,-0.052513838,0.19644177,0.9791082,0.9673033,0.25362062,9.959638E-4,-0.24812639,0.9471469,-0.20333731
1356268801686,-0.10562569,0.25392753,0.96143854,0.95881146,0.28237295,0.030759007,-0.26367366,0.9250872,-0.2732944
1356268801713,-0.14918539,0.29113594,0.9449781,0.9496783,0.30837443,0.05492109,-0.2754176,0.9056186,-0.32249045
1356268801744,-0.18228489,0.307221,0.9340168,0.94168276,0.32781786,0.07595369,-0.28285286,0.8933928,-0.349061
1356268801786,-0.2036742,0.29604292,0.93320704,0.9360132,0.33834833,0.09695184,-0.28704715,0.89324075,-0.3460129
1356268801826,-0.21016774,0.2669515,0.9405139,0.933536,0.3405564,0.111946344,-0.2904138,0.9015311,-0.32078278
1356268801866,-0.20270842,0.22983429,0.95188516,0.93422747,0.33671653,0.11764744,-0.29347605,0.9131255,-0.28297275
1356268801906,-0.18332961,0.1917556,0.9641681,0.93751353,0.32915792,0.112797916,-0.29573396,0.9245998,-0.24011791
1356268801946,-0.1544581,0.15701279,0.97544336,0.94224775,0.32037002,0.09763315,-0.29717317,0.93418956,-0.1974287
1356268801986,-0.11857504,0.12773979,0.9846942,0.94704294,0.31258404,0.07349104,-0.29841202,0.9412618,-0.15803975
1356268802026,-0.077992916,0.10464895,0.99144626,0.9507133,0.30716312,0.04236704,-0.30010203,0.9458855,-0.12344766
1356268802066,-0.03482011,0.088490784,0.99546826,0.952468,0.30457482,0.006241262,-0.30264226,0.9483689,-0.09489
1356268802106,0.00888592,0.08048707,0.996716,0.951866,0.30472267,-0.033093125,-0.30638552,0.9490342,-0.07390517
1356268802147,0.051575214,0.08084592,0.99539137,0.9489069,0.30673745,-0.07408002,-0.31131288,0.9483545,-0.060895205
1356268802186,0.092825025,0.08672416,0.99189854,0.9443457,0.30808207,-0.115311354,-0.31558648,0.9473988,-0.053299904
1356268802227,0.13062513,0.09419003,0.9869474,0.9395064,0.3061781,-0.15356645,-0.3166461,0.94730306,-0.048497558
1356268802267,0.16424105,0.100649804,0.9812719,0.93526196,0.30031225,-0.18734345,-0.3135441,0.9485158,-0.044810414
1356268802306,0.19108084,0.103915185,0.9760583,0.9327035,0.29063186,-0.21353519,-0.3058632,0.95117545,-0.041387856
1356268802346,0.20901068,0.10305071,0.97246855,0.9322256,0.2794088,-0.22996977,-0.29541487,0.9546262,-0.037667096
1356268802386,0.21704425,0.097756594,0.9712546,0.9340792,0.2681927,-0.23573032,-0.2835276,0.9583926,-0.03310269
1356268802427,0.21451002,0.088225186,0.972729,0.9384424,0.25746334,-0.23030058,-0.27076036,0.962252,-0.027565777
1356268802466,0.20233795,0.076022744,0.97636056,0.94522977,0.24558505,-0.21500862,-0.25612512,0.9663894,-0.022167802
1356268802506,0.18126258,0.06702331,0.9811481,0.95381796,0.2310181,-0.19199452,-0.23953104,0.97063816,-0.022053063
1356268802546,0.15040943,0.07362422,0.9858786,0.96262276,0.21629557,-0.1630142,-0.225243,0.97354805,-0.038339496
1356268802587,0.106955916,0.110645115,0.98808813,0.96928114,0.20977339,-0.12841037,-0.22148255,0.9714694,-0.08480972
1356268802626,0.052170932,0.17309657,0.9835221,0.97164106,0.21865398,-0.09002313,-0.23063368,0.960327,-0.15678036
1356268802681,-0.0064119697,0.2436372,0.9698453,0.9687847,0.24187112,-0.0543561,-0.24782076,0.9392227,-0.23758286
1356268802707,-0.057977155,0.2989273,0.95251304,0.9630115,0.26824462,-0.025567085,-0.2631492,0.91579866,-0.3034225
1356268802747,-0.0948029,0.3282485,0.9398221,0.9575112,0.28836668,-0.004129648,-0.27236894,0.8994986,-0.34163958
1356268802787,-0.11385979,0.33196437,0.93639505,0.9539957,0.29966128,0.009766042,-0.27735937,0.8944288,-0.35081196
1356268802827,-0.11504902,0.31543124,0.9419484,0.95278656,0.30327928,0.014813364,-0.28100082,0.8991801,-0.33543062
1356268802867,-0.1000793,0.28578195,0.9530544,0.95351946,0.30117124,0.009819239,-0.28422642,0.9097388,-0.30263966
1356268802906,-0.07159972,0.24935302,0.96576226,0.9553331,0.2954806,-0.005464554,-0.28672662,0.92223334,-0.25937152
1356268802946,-0.03293377,0.2114068,0.9768432,0.9568964,0.2888497,-0.030251116,-0.28855616,0.93374145,-0.21180731
1356268802986,0.012301862,0.17573869,0.98436,0.95676756,0.2840231,-0.06266397,-0.29059348,0.94257456,-0.1646471
1356268803026,0.06067121,0.14483854,0.9875934,0.9539224,0.28286827,-0.10008761,-0.2938554,0.94815993,-0.12100279
1356268803066,0.10866663,0.12102422,0.9866837,0.94814503,0.2856107,-0.1394546,-0.29868484,0.95067334,-0.08371216
1356268803105,0.15256318,0.107135475,0.98246956,0.9401135,0.29087391,-0.17770484,-0.30481327,0.95074415,-0.05634278
1356268803146,0.18966252,0.104676425,0.9762536,0.93090624,0.29694414,-0.21269178,-0.3121566,0.9491402,-0.04112476
1356268803187,0.22086395,0.11084905,0.96898484,0.92140496,0.3019939,-0.24456611,-0.31973746,0.94684327,-0.035437286
1356268803226,0.24792227,0.120666295,0.96123576,0.9125167,0.30412552,-0.27353424,-0.32534268,0.94495887,-0.034710526
1356268803266,0.27285677,0.13000688,0.95323,0.9049245,0.30167425,-0.30017367,-0.32658967,0.9445057,-0.03533262
1356268803307,0.2961601,0.1363354,0.94535804,0.89916015,0.2940629,-0.32409573,-0.32218048,0.9460125,-0.035497606
1356268803346,0.31795323,0.13880739,0.9378904,0.89469063,0.28342187,-0.34525445,-0.31374255,0.9488965,-0.034074813
1356268803387,0.33764514,0.13692644,0.931261,0.8913276,0.27148667,-0.36308423,-0.30254084,0.9526522,-0.03038022
1356268803426,0.35444164,0.13103548,0.9258514,0.8890766,0.25950897,-0.37709147,-0.2896791,0.9568097,-0.024519771
1356268803466,0.36743182,0.12177715,0.9220435,0.888607,0.24667907,-0.3866871,-0.27453846,0.96141547,-0.01757428
1356268803507,0.37414408,0.112708956,0.920496,0.89123225,0.23069008,-0.39049613,-0.2563617,0.9664775,-0.01413852
1356268803546,0.36917013,0.113271505,0.92243326,0.8982241,0.2112826,-0.38542604,-0.23855188,0.9708395,-0.023743957
1356268803587,0.34514272,0.13971046,0.9280935,0.9103464,0.19076192,-0.36725923,-0.22835487,0.9716433,-0.061344832
1356268803626,0.30376327,0.19184244,0.93323326,0.9247192,0.1764753,-0.3372696,-0.22939527,0.9654289,-0.12379369
1356268803698,0.25384834,0.2593171,0.9318346,0.93702954,0.17298195,-0.3034021,-0.23986793,0.9501747,-0.1990766
1356268803707,0.21012859,0.31944457,0.9240136,0.9448054,0.17665313,-0.27592826,-0.25137368,0.93099344,-0.26469308
1356268803736,0.18098019,0.35972422,0.91533864,0.9489518,0.18059932,-0.25860098,-0.25833455,0.91541386,-0.308676
1356268803773,0.17105435,0.3715018,0.91253877,0.95040846,0.1819499,-0.25222635,-0.25973892,0.9104289,-0.32195514
1356268803814,0.17671306,0.3588691,0.91650724,0.9496428,0.18262531,-0.25461107,-0.25874949,0.9153475,-0.30852515
1356268803856,0.19211833,0.32996124,0.92423815,0.94707197,0.18447463,-0.26272383,-0.2571872,0.9257941,-0.2770561
1356268803895,0.21245606,0.29314792,0.9321624,0.9432385,0.18768002,-0.27400243,-0.25527152,0.93746495,-0.23663467
1356268803936,0.23530857,0.254136,0.938107,0.9382367,0.19250958,-0.2874926,-0.25365686,0.9478159,-0.19314063
1356268803976,0.25964773,0.2180289,0.9407691,0.9317323,0.19955526,-0.3034017,-0.25388575,0.9553225,-0.15133047
1356268804016,0.2852044,0.18792334,0.93986344,0.9233037,0.20930278,-0.3220289,-0.25723282,0.95962346,-0.11381626
1356268804056,0.31214613,0.16571876,0.9354689,0.9126109,0.22134002,-0.34372932,-0.26401904,0.9610129,-0.08214629
1356268804096,0.34070814,0.15352005,0.92755026,0.89960486,0.23343438,-0.36907923,-0.27318317,0.96017706,-0.05857435
1356268804136,0.3697316,0.15280846,0.91648686,0.8846525,0.24366258,-0.39751545,-0.2840573,0.9577464,-0.045092642
1356268804177,0.39906687,0.16192117,0.9025116,0.8679007,0.25082004,-0.4287629,-0.2957938,0.95439553,-0.04043755
1356268804216,0.42820507,0.1747993,0.8866147,0.850214,0.25454187,-0.46080858,-0.30622956,0.95113283,-0.039620668
1356268804256,0.45435125,0.18620658,0.87114406,0.83381176,0.25532514,-0.48945597,-0.31356487,0.94875515,-0.03925392
1356268804296,0.47535503,0.19259992,0.8584538,0.8209641,0.25370926,-0.51151705,-0.31631583,0.94791186,-0.03751561
1356268804337,0.48779395,0.19201395,0.85157955,0.8143655,0.25127462,-0.52313465,-0.31442943,0.9486789,-0.03379929
1356268804377,0.48791885,0.18369809,0.8533406,0.816417,0.24988103,-0.52059853,-0.30886662,0.9506916,-0.028052568
1356268804416,0.47069165,0.16795498,0.8661642,0.82928807,0.25093797,-0.4993109,-0.30121526,0.95332116,-0.02116865
1356268804458,0.43590662,0.14480078,0.888267,0.8520375,0.25147465,-0.45912158,-0.2898578,0.95697093,-0.013756216
1356268804497,0.3768442,0.11678931,0.91888446,0.8846061,0.24882069,-0.39441118,-0.27470046,0.9614824,-0.0095458925
1356268804536,0.30217415,0.09797421,0.9482045,0.91814923,0.23753797,-0.31713995,-0.25630608,0.9664247,-0.018177092
1356268804576,0.21221322,0.10343489,0.97173387,0.94696414,0.223768,-0.2306225,-0.2412973,0.96913826,-0.050462544
1356268804617,0.11739454,0.1439991,0.98258984,0.96433735,0.21981469,-0.1474278,-0.23721716,0.9648553,-0.11305863
1356268804682,0.02620244,0.19881716,0.97968626,0.9697931,0.23269898,-0.07316169,-0.24251783,0.9520099,-0.18671423
1356268804697,-0.050703526,0.24648747,0.96781874,0.96661687,0.2558149,-0.014511287,-0.2511593,0.93477416,-0.25122964
1356268804737,-0.11161065,0.27114987,0.95604444,0.9601176,0.27759993,0.033354282,-0.25635388,0.9216377,-0.2913189
1356268804777,-0.15749049,0.26969585,0.9499794,0.9533353,0.2924438,0.075023085,-0.25758216,0.9174644,-0.30316764
1356268804816,-0.19014573,0.24671772,0.9502499,0.9472569,0.3004372,0.11154297,-0.2579708,0.9213402,-0.29083192
1356268804856,-0.21085021,0.20864862,0.954991,0.9424868,0.30258974,0.14197892,-0.2593468,0.93000275,-0.2604497
1356268804897,-0.22002277,0.16409269,0.9615943,0.9397558,0.30003342,0.16382623,-0.26162773,0.9397093,-0.22022122
1356268804936,-0.21812198,0.11960155,0.9685651,0.9393448,0.2948927,0.17512724,-0.26467732,0.9480157,-0.17666972
1356268804976,-0.2056965,0.078968525,0.97542447,0.94087315,0.29010203,0.17492425,-0.26915914,0.953732,-0.13397235
1356268805026,-0.1827445,0.04205692,0.98226047,0.94317806,0.28951836,0.16307727,-0.2775239,0.95624804,-0.09257507
1356268805066,-0.14444885,0.017429888,0.9893587,0.9468118,0.29298177,0.13307533,-0.28754455,0.9559591,-0.058823705
1356268805106,-0.101685315,0.00439018,0.9948069,0.948796,0.30105904,0.09565365,-0.2990757,0.9535954,-0.034778655
1356268805146,-0.054968297,0.0040993392,0.9984796,0.9488683,0.3115322,0.050958097,-0.31084964,0.9502267,-0.021014094
1356268805186,-0.0068681836,0.014172941,0.99987596,0.9469968,0.32123697,0.0019515455,-0.32116944,0.94689274,-0.01562804
1356268805226,0.04048446,0.029882967,0.99873316,0.94393563,0.32661602,-0.0480358,-0.32763767,0.94468457,-0.014984667
1356268805266,0.08352193,0.04615426,0.99543655,0.94087946,0.3254284,-0.09403306,-0.32828334,0.9444396,-0.016245186
1356268805306,0.11819473,0.058708966,0.9912534,0.9390957,0.3177915,-0.13079745,-0.32269084,0.94634134,-0.017572045
1356268805347,0.1409828,0.06473246,0.98789346,0.9395766,0.3056854,-0.15411776,-0.31196102,0.94992954,-0.017724693
1356268805386,0.14921418,0.06356269,0.9867598,0.94237953,0.29304835,-0.16138,-0.29942605,0.9539824,-0.016173184
1356268805428,0.1445027,0.055749774,0.9879327,0.9475192,0.27994883,-0.15438923,-0.28517783,0.95839477,-0.012370646
1356268805467,0.1267088,0.044089407,0.99095964,0.9546757,0.26583105,-0.13389662,-0.2693313,0.9630109,-0.00840795
1356268805506,0.10198566,0.037686974,0.9940718,0.9625089,0.24874541,-0.10817787,-0.25134772,0.9678354,-0.010905623
1356268805546,0.070162594,0.04950568,0.9963064,0.9693674,0.2322877,-0.0798077,-0.23538065,0.9713865,-0.031691313
1356268805587,0.031004786,0.094472945,0.99504447,0.9731081,0.224487,-0.05163479,-0.22825262,0.9698868,-0.0849722
1356268805626,-0.013270855,0.1632106,0.98650205,0.9727913,0.2303282,-0.025019974,-0.23130277,0.95932853,-0.16182649
1356268805681,-0.05626771,0.23831478,0.96955657,0.9689566,0.24718967,-0.0045257807,-0.24074292,0.93920356,-0.24482548
1356268805707,-0.08848366,0.2980512,0.95044005,0.964615,0.2635655,0.0071510375,-0.24837187,0.91744137,-0.31082588
1356268805747,-0.10363604,0.3327785,0.93729293,0.9623757,0.27153808,0.010001987,-0.25118223,0.9030645,-0.3483991
1356268805787,-0.09919776,0.34327167,0.9339831,0.96262866,0.27081126,0.0027075112,-0.2520037,0.8993474,-0.35730702
1356268805827,-0.0753763,0.3338628,0.9396031,0.9642824,0.26435724,-0.016576141,-0.25392506,0.90479326,-0.3418643
1356268805867,-0.033952102,0.3127363,0.94923294,0.96571517,0.25485587,-0.049423665,-0.25737414,0.9150106,-0.31066704
1356268805906,0.021192446,0.2861701,0.95794445,0.9649391,0.24487229,-0.094498724,-0.26161677,0.9263607,-0.27094728
1356268805946,0.08623563,0.25904524,0.96200776,0.95995295,0.23674808,-0.14980191,-0.26655897,0.9364005,-0.22825515
1356268805986,0.1572388,0.2345038,0.9593142,0.9491351,0.23244794,-0.21239206,-0.27279735,0.9439151,-0.18602598
1356268806026,0.23074095,0.21444029,0.9490911,0.93163246,0.23275022,-0.2790847,-0.28074813,0.9486004,-0.14607453
1356268806066,0.30352318,0.20054331,0.9314805,0.9075308,0.23697983,-0.34673968,-0.2902784,0.95059085,-0.11007035
1356268806106,0.37251848,0.19526231,0.90725005,0.8778733,0.24288283,-0.41273066,-0.3009462,0.9502003,-0.08093724
1356268806147,0.43534526,0.20013958,0.877735,0.84438306,0.24737379,-0.47520894,-0.3122368,0.94802445,-0.06130147
1356268806186,0.492299,0.21246901,0.84409636,0.8086169,0.24727455,-0.5338484,-0.3221498,0.9453635,-0.050073028
1356268806230,0.542138,0.22691804,0.8090702,0.7734278,0.24163014,-0.5860242,-0.32847524,0.9434634,-0.04450783
1356268806277,0.58700347,0.2382859,0.77372265,0.74043304,0.22846648,-0.6321091,-0.32739237,0.9439401,-0.042324126
1356268806317,0.62981117,0.24581958,0.73682475,0.70703244,0.21135601,-0.67485845,-0.32162574,0.94599235,-0.040688038
1356268806357,0.6637488,0.24604222,0.7063291,0.6801084,0.19446611,-0.70684904,-0.3112718,0.94955057,-0.03825873
1356268806397,0.68815625,0.24041201,0.6845751,0.6611364,0.18091035,-0.7281278,-0.29889736,0.9536632,-0.03445053
1356268806437,0.70342994,0.22854935,0.6730167,0.6515709,0.1709621,-0.7390719,-0.28397477,0.9584034,-0.02865626
1356268806476,0.70744634,0.21153942,0.67436695,0.65472305,0.16321501,-0.73803705,-0.26619074,0.96364516,-0.023033872
1356268806517,0.7000479,0.19401179,0.68723536,0.6707431,0.15156952,-0.72603744,-0.24502379,0.9692194,-0.02402617
1356268806556,0.67746747,0.18850091,0.7109889,0.700209,0.13075489,-0.7018622,-0.22526692,0.97332966,-0.043407843
1356268806596,0.6402689,0.21095276,0.7386167,0.73745334,0.10030541,-0.66790825,-0.21498433,0.97233623,-0.09134537
1356268806636,0.5938425,0.26486582,0.7597349,0.774322,0.06838611,-0.6290858,-0.21857864,0.9618573,-0.1644808
1356268806699,0.5466778,0.33182228,0.7687895,0.8048831,0.04491818,-0.591731,-0.23088217,0.9422719,-0.24252239
1356268806716,0.5058309,0.3868454,0.77102906,0.82776624,0.033875704,-0.5600496,-0.2427718,0.9215222,-0.30308223
1356268806756,0.4731683,0.41583562,0.77665466,0.84467113,0.036318243,-0.5340521,-0.2502846,0.90871435,-0.33405972
1356268806793,0.4466419,0.41783506,0.79115415,0.8575519,0.052274793,-0.5117345,-0.255178,0.9070177,-0.33496714
1356268806836,0.42370015,0.397623,0.81386375,0.8678381,0.079200745,-0.4904939,-0.25949028,0.91412425,-0.31151503
1356268806876,0.40330023,0.3623878,0.8402523,0.87644804,0.110972226,-0.46853384,-0.26303563,0.9253973,-0.27285895
1356268806916,0.38640308,0.31866193,0.8655329,0.8834933,0.14156508,-0.446541,-0.26482484,0.9372373,-0.22683454
1356268806956,0.3752446,0.2725606,0.8859471,0.88829184,0.16732469,-0.427715,-0.26481906,0.9474773,-0.17932561
1356268806996,0.3724472,0.22948316,0.8992332,0.8896338,0.1876231,-0.41635242,-0.26426277,0.9550576,-0.13427624
1356268807036,0.38042092,0.19417721,0.90419865,0.8860256,0.20365964,-0.4165111,-0.26502573,0.9595927,-0.094569564
1356268807076,0.40080902,0.1712713,0.9000101,0.87585294,0.21655384,-0.4312609,-0.26876327,0.9611298,-0.06321174
1356268807116,0.43385518,0.16484767,0.8857736,0.85749584,0.2261942,-0.4621007,-0.27653307,0.960032,-0.0432207
1356268807156,0.47728246,0.17507368,0.86113334,0.83019596,0.23139496,-0.5071795,-0.28805575,0.95697737,-0.03490469
1356268807196,0.5257381,0.19570386,0.8278281,0.79575896,0.23076233,-0.5599253,-0.30061108,0.9531257,-0.034412563
1356268807236,0.5725633,0.2180615,0.79032934,0.758804,0.22409311,-0.6115543,-0.3104638,0.9498586,-0.03715846
1356268807277,0.61275744,0.23526137,0.7544404,0.7248651,0.21296462,-0.65514624,-0.31479976,0.94831336,-0.040037125
1356268807316,0.64267135,0.24413094,0.72620493,0.6990111,0.2011672,-0.68623257,-0.3136192,0.9486474,-0.041365862
1356268807358,0.6598105,0.24350926,0.7108821,0.6855464,0.1923106,-0.70217,-0.3076951,0.9506419,-0.04004836
1356268807396,0.6602657,0.23507279,0.71329516,0.68844235,0.19014218,-0.6999236,-0.30016047,0.95319813,-0.036289692
1356268807436,0.6438126,0.21835175,0.7333675,0.70784676,0.19405758,-0.6791868,-0.29061717,0.95638084,-0.029622883
1356268807476,0.6031847,0.19206083,0.7741324,0.74780744,0.20138445,-0.6326361,-0.27740285,0.96049833,-0.022152513
1356268807517,0.53772247,0.16220209,0.8273723,0.8023293,0.20310235,-0.5612638,-0.25907943,0.9656292,-0.020926803
1356268807556,0.4500367,0.1452685,0.8811152,0.85987085,0.19580562,-0.4714682,-0.24101675,0.96982324,-0.036792397
1356268807596,0.36261946,0.16385585,0.9174195,0.90264684,0.18311216,-0.38948527,-0.23181015,0.9693407,-0.08150396
1356268807636,0.28622806,0.21597636,0.93350285,0.92869735,0.17721397,-0.32575494,-0.23578507,0.9601819,-0.14985305
1356268807681,0.22354533,0.2778666,0.9342471,0.9428874,0.18121184,-0.2795093,-0.24696296,0.94337285,-0.22148788
1356268807718,0.17134678,0.32414842,0.9303591,0.9513829,0.19088936,-0.24172702,-0.25595114,0.92654693,-0.27568102
1356268807758,0.12636541,0.34235233,0.9310352,0.9573875,0.20361762,-0.20481458,-0.25969392,0.917243,-0.3020336
1356268807799,0.08695994,0.3310551,0.939596,0.96150166,0.21890639,-0.16611636,-0.26067728,0.9178685,-0.29927397
