1356268980427,-0.19568169,-0.05287128,0.97924113,0.23128292,0.96788985,0.09847564,-0.9530041,0.24575165,-0.1771701
1356268980466,-0.11472571,-0.83404446,-0.5396368,-0.2804068,-0.49394435,0.8230376,-0.9530006,0.24574134,-0.17720369
1356268980506,-0.11458641,-0.83412415,-0.5395432,-0.2805336,-0.49384493,0.82305413,-0.95298,0.24567086,-0.17741194
1356268980546,-0.11414659,-0.8342924,-0.53937614,-0.28088176,-0.49367118,0.82303953,-0.9529302,0.24544811,-0.17798662
1356268980587,-0.11320025,-0.8343717,-0.539453,-0.2814587,-0.4937734,0.8227812,-0.9528729,0.24497274,-0.1789459
1356268980625,-0.11161494,-0.8340069,-0.5403468,-0.28211966,-0.4947793,0.8219501,-0.95286447,0.24418437,-0.18006498
1356268980666,-0.10941845,-0.83292586,-0.5424594,-0.28263766,-0.49713832,0.8203472,-0.9529657,0.24308059,-0.18102014
1356268980707,-0.10680354,-0.8311305,-0.5457244,-0.28268644,-0.50083005,0.8180817,-0.9532478,0.24164289,-0.18145892
1356268980746,-0.10407835,-0.8288924,-0.54964083,-0.2817369,-0.5054337,0.81557417,-0.9538302,0.23973766,-0.18092492
1356268980786,-0.10166776,-0.82659495,-0.553538,-0.2790066,-0.5103975,0.8134184,-0.9548921,0.2371392,-0.17873445
1356268980826,-0.1000942,-0.82452023,-0.55690885,-0.27347836,-0.5153634,0.8121638,-0.956656,0.23359543,-0.17390352
1356268980867,-0.09974247,-0.82274973,-0.559584,-0.26406682,-0.52033395,0.8121092,-0.9593332,0.22876936,-0.16536155
1356268980906,-0.100610495,-0.8211601,-0.5617595,-0.2498622,-0.5256751,0.81316334,-0.96304023,0.22217518,-0.15228847
1356268980946,-0.102386415,-0.81941557,-0.56398153,-0.23084328,-0.53191125,0.8147281,-0.967589,0.21360844,-0.13469607
1356268980986,-0.104774535,-0.81692904,-0.5671414,-0.20803922,-0.5396583,0.81577486,-0.9724927,0.20346004,-0.11341086
1356268981033,-0.10756922,-0.81300664,-0.5722317,-0.18316805,-0.54951227,0.8151599,-0.97717875,0.19250068,-0.08980623
1356268981066,-0.11043459,-0.8070328,-0.5800882,-0.15834677,-0.56191623,0.81189686,-0.98118836,0.18151653,-0.065736085
1356268981106,-0.112840116,-0.7984295,-0.5914199,-0.13580069,-0.57724327,0.8052008,-0.9842892,0.1711742,-0.043291092
1356268981146,-0.11406219,-0.7864987,-0.60696757,-0.11768764,-0.5959561,0.7943462,-0.9864783,0.16203746,-0.024585128
1356268981186,-0.113456786,-0.7703117,-0.627493,-0.1055378,-0.6186539,0.778543,-0.9879217,0.15455517,-0.011106551
1356268981226,-0.1111272,-0.7482198,-0.6540779,-0.09969461,-0.6464414,0.75642216,-0.98879313,0.1492671,-0.002756253
1356268981266,-0.10816616,-0.7179798,-0.68760824,-0.099267334,-0.6804091,0.7260782,-0.98916435,0.14679408,0.0023252368
1356268981313,-0.10621899,-0.67698145,-0.72829497,-0.10373938,-0.72089666,0.6852343,-0.9889164,0.14833781,0.0063432604
1356268981345,-0.10216761,-0.61917984,-0.77857447,-0.111231,-0.77065116,0.6274748,-0.98852897,0.15070917,0.009863555
1356268981373,-0.09779656,-0.5612651,-0.8218378,-0.11874057,-0.8133169,0.56957567,-0.9880974,0.15328802,0.012894586
1356268981414,-0.09227133,-0.50567377,-0.8577763,-0.12605104,-0.84858894,0.5138171,-0.98772323,0.15553418,0.014559723
1356268981456,-0.083468616,-0.45286164,-0.8876651,-0.13341561,-0.8776756,0.46031058,-0.987539,0.15684986,0.012839556
1356268981496,-0.071657896,-0.41067752,-0.90896046,-0.14067593,-0.89803267,0.41683045,-0.98745906,0.15773806,0.006578684
1356268981536,-0.05905527,-0.3854823,-0.92082345,-0.14832115,-0.9088064,0.3899639,-0.9871744,0.15960702,-0.003505379
1356268981576,-0.04884374,-0.3808654,-0.92333955,-0.15763003,-0.90991855,0.3836679,-0.98628956,0.16428582,-0.015592001
1356268981616,-0.04368025,-0.39804432,-0.9163257,-0.16994521,-0.90087295,0.3994329,-0.98448503,0.17317249,-0.028295428
1356268981656,-0.0453673,-0.43598032,-0.89881194,-0.18493026,-0.88052166,0.43644273,-0.9817039,0.18601777,-0.040679015
1356268981696,-0.054698586,-0.4913432,-0.8692468,-0.19978555,-0.84756076,0.49165693,-0.9783117,0.20055589,-0.05180289
1356268981736,-0.07112771,-0.5592414,-0.8259479,-0.21082838,-0.8009087,0.56044334,-0.97493196,0.21399628,-0.06093721
1356268981776,-0.09291202,-0.63419515,-0.7675701,-0.2158723,-0.739737,0.63732904,-0.971991,0.22491264,-0.06817469
1356268981816,-0.11721587,-0.7100612,-0.69431525,-0.21545622,-0.66430074,0.71573967,-0.96945304,0.23349057,-0.07512054
1356268981856,-0.14000094,-0.7820827,-0.60724485,-0.2125161,-0.57525843,0.78988266,-0.9670763,0.23963368,-0.085668415
1356268981896,-0.15513146,-0.84698784,-0.50847393,-0.21241114,-0.4740687,0.85448253,-0.9647879,0.2405627,-0.106366605
1356268981936,-0.15595037,-0.9024499,-0.40157643,-0.22283632,-0.3639269,0.9043789,-0.96230114,0.23052406,-0.14434403
1356268981976,-0.14152867,-0.9455296,-0.29316124,-0.24956849,-0.2524969,0.93485874,-0.9579588,0.20547312,-0.20023882
1356268982016,-0.119160175,-0.97387457,-0.19331142,-0.28999686,-0.1520707,0.94486845,-0.9495803,0.16865036,-0.2642998
1356268982056,-0.100343704,-0.9887944,-0.11052945,-0.3318414,-0.07146925,0.94062394,-0.93798316,0.131064,-0.3209514
1356268982096,-0.09324959,-0.99449027,-0.047890216,-0.36232027,-0.010907084,0.9319898,-0.9273772,0.10425925,-0.35930693
1356268982136,-0.09993452,-0.994989,-0.0031641126,-0.37489706,0.034707785,0.9264165,-0.9216644,0.093767256,-0.37648696
1356268982176,-0.117420256,-0.9926908,0.02787885,-0.36794814,0.06956345,0.92724055,-0.9224026,0.098618925,-0.3734269
1356268982216,-0.14031532,-0.9888624,0.04962769,-0.34303704,0.09557226,0.9344472,-0.9287827,0.114093125,-0.35262662
1356268982256,-0.1637704,-0.9843715,0.06474477,-0.30412287,0.11281344,0.9459293,-0.93845004,0.13522491,-0.3178454
1356268982296,-0.18473041,-0.980001,0.073978215,-0.25670683,0.12077564,0.9589134,-0.94867086,0.15814978,-0.27388388
1356268982356,-0.2013951,-0.9764893,0.07686815,-0.20669854,0.11907673,0.97113156,-0.9574528,0.1796926,-0.22582036
1356268982369,-0.2126244,-0.9744569,0.07228047,-0.1629355,0.10829392,0.98067546,-0.9634536,0.19673851,-0.18179953
1356268982407,-0.21799508,-0.97390497,0.06314504,-0.124982595,0.09202686,0.9878818,-0.967914,0.20746133,-0.14178258
1356268982447,-0.21658504,-0.9752522,0.04443094,-0.09451574,0.066244125,0.9933169,-0.9716778,0.21093819,-0.10652411
1356268982477,-0.21186364,-0.9772192,0.0125053525,-0.0721015,0.02839017,0.9969931,-0.9746359,0.21032494,-0.07647383
1356268982507,-0.20536381,-0.97834957,-0.02564776,-0.055341333,-0.014555752,0.99836147,-0.9771198,0.20644668,-0.051154017
1356268982537,-0.19746566,-0.97770643,-0.07139626,-0.044539124,-0.06380731,0.99696785,-0.9792975,0.20004684,-0.030946434
1356268982577,-0.18531042,-0.9749336,-0.12314418,-0.040762573,-0.11758047,0.9922264,-0.9818343,0.18888956,-0.017951965
1356268982617,-0.16864818,-0.9670259,-0.19083676,-0.04607281,-0.18566453,0.98153245,-0.9845989,0.17432606,-0.013241589
1356268982657,-0.14954638,-0.9513994,-0.26921186,-0.05748421,-0.26344728,0.9629595,-0.98708224,0.15948257,-0.015292853
1356268982697,-0.13134855,-0.9272233,-0.3507199,-0.07160869,-0.3439865,0.9362401,-0.9887465,0.14808834,-0.02121514
1356268982736,-0.1169287,-0.8974495,-0.42533755,-0.08638105,-0.41746205,0.9045793,-0.98937654,0.14251241,-0.028709352
1356268982777,-0.10851717,-0.8693596,-0.48211804,-0.10043338,-0.47291273,0.87536657,-0.9890082,0.14341307,-0.035993516
1356268982816,-0.107868016,-0.8512553,-0.5135454,-0.112765074,-0.5027494,0.85704553,-0.9877492,0.15035781,-0.04176128
1356268982857,-0.11531705,-0.84916127,-0.5153902,-0.12142435,-0.5029101,0.85576725,-0.98587936,0.16126549,-0.045114756
1356268982897,-0.13027173,-0.86234885,-0.48926866,-0.12501562,-0.4752487,0.8709247,-0.9835652,0.1746231,-0.045895636
1356268982927,-0.14994156,-0.8863702,-0.43802455,-0.12308812,-0.4228512,0.89780074,-0.98100305,0.18853325,-0.045698643
1356268982967,-0.1718983,-0.90679455,-0.38493466,-0.122175604,-0.36811012,0.92172015,-0.97750914,0.20547175,-0.047510624
1356268983010,-0.1923163,-0.93070453,-0.3111325,-0.12537962,-0.29114896,0.9484261,-0.9732905,0.2214075,-0.060698688
1356268983046,-0.20197862,-0.9536332,-0.22313294,-0.14328623,-0.19660437,0.9699566,-0.9688517,0.22788244,-0.09693259
1356268983087,-0.19548857,-0.972033,-0.13013887,-0.18759528,-0.093185306,0.9778162,-0.96259665,0.21556532,-0.16413212
1356268983126,-0.18246758,-0.9821211,-0.04630074,-0.24914718,6.3186884E-4,0.96846545,-0.9511211,0.18824923,-0.24480802
1356268983166,-0.17058429,-0.9851618,0.018899053,-0.31163988,0.072137386,0.947458,-0.93476284,0.1557318,-0.31932116
1356268983206,-0.16643262,-0.9839627,0.06416896,-0.3558206,0.12062234,0.9267373,-0.91961515,0.13140664,-0.37018973
1356268983246,-0.16978219,-0.98106456,0.093200445,-0.37374344,0.15160957,0.91505754,-0.9118606,0.120527476,-0.392407
1356268983286,-0.17702237,-0.9779401,0.11088771,-0.3663704,0.17004696,0.9147987,-0.9134745,0.12131387,-0.38839048
1356268983358,-0.1853354,-0.97533035,0.11992279,-0.337412,0.1777789,0.9244175,-0.92293227,0.13086388,-0.36203688
1356268983368,-0.19249097,-0.97381675,0.120946735,-0.29817888,0.17546853,0.9382431,-0.9348992,0.14453954,-0.3241477
1356268983405,-0.198284,-0.9734724,0.11417082,-0.2527663,0.16333029,0.9536417,-0.94699144,0.16023332,-0.27844685
1356268983446,-0.20135888,-0.97456646,0.098359615,-0.20697471,0.14048174,0.9682077,-0.9574007,0.17459929,-0.22999787
1356268983485,-0.20101652,-0.97687244,0.072888196,-0.1649332,0.107096046,0.98047316,-0.9656032,0.18506959,-0.18264681
1356268983526,-0.19779196,-0.97956204,0.036557466,-0.12921774,0.063024014,0.9896114,-0.9716898,0.19101334,-0.1390425
1356268983566,-0.19283038,-0.9811572,-0.012130082,-0.102111936,0.0077703595,0.99474263,-0.9759045,0.19305518,-0.10168624
1356268983606,-0.18599677,-0.9798172,-0.07323605,-0.085912764,-0.05803317,0.994611,-0.9787871,0.1912863,-0.07338482
1356268983646,-0.17581064,-0.9738443,-0.14393678,-0.080890626,-0.13142854,0.9880198,-0.98109496,0.18534756,-0.055668354
1356268983686,-0.16229004,-0.96162766,-0.22121078,-0.0844031,-0.20983267,0.9740875,-0.9831267,0.17675555,-0.047110647
1356268983727,-0.14760703,-0.9419705,-0.30150238,-0.09284145,-0.29029924,0.95242155,-0.984679,0.168576,-0.044603705
1356268983766,-0.13450193,-0.91528285,-0.37969264,-0.10323414,-0.3681463,0.924019,-0.9855212,0.16347957,-0.044972092
1356268983806,-0.1253649,-0.885948,-0.44651958,-0.11389524,-0.43424273,0.8935665,-0.98555136,0.16287827,-0.04646647
1356268983846,-0.12190455,-0.8607399,-0.49423286,-0.12335271,-0.4809478,0.8680284,-0.98484683,0.16678163,-0.047544867
1356268983886,-0.12478745,-0.8463646,-0.51777893,-0.12994567,-0.50342155,0.8542136,-0.9836373,0.17387822,-0.047160715
1356268983926,-0.1340723,-0.8454224,-0.51699656,-0.13278493,-0.50167567,0.8548038,-0.982035,0.18325493,-0.044998497
1356268983966,-0.14922094,-0.85559666,-0.49566865,-0.1333755,-0.47928363,0.8674665,-0.9797673,0.19555432,-0.04259643
1356268984006,-0.16716343,-0.87336004,-0.4574916,-0.1361095,-0.4391353,0.8880508,-0.9764888,0.2107186,-0.04546514
1356268984047,-0.18030381,-0.89722216,-0.40309176,-0.14836994,-0.3803103,0.91288024,-0.9723563,0.22440249,-0.06454933
1356268984086,-0.18015558,-0.9256555,-0.33272487,-0.17816687,-0.30195618,0.936525,-0.9673678,0.22800076,-0.110522
1356268984126,-0.16457087,-0.9531864,-0.25367734,-0.2304078,-0.21291941,0.9495144,-0.959077,0.21471164,-0.18458128
1356268984166,-0.14324152,-0.97312933,-0.18028092,-0.29562253,-0.13177234,0.9461731,-0.94450474,0.18882635,-0.26880366
1356268984225,-0.12844807,-0.9837992,-0.12506095,-0.35349774,-0.07240236,0.9326292,-0.9265746,0.16400316,-0.33847088
1356268984246,-0.12543795,-0.9879486,-0.09068006,-0.38783282,-0.035297662,0.92105365,-0.9131544,0.15070382,-0.3787312
1356268984286,-0.13176244,-0.9886204,-0.07258326,-0.3935475,-0.0150334835,0.91918135,-0.9098126,0.14967859,-0.38708824
1356268984334,-0.1423442,-0.98766744,-0.06520048,-0.37524733,-0.007107526,0.92689747,-0.9159299,0.1564048,-0.36960787
1356268984353,-0.15207553,-0.9862753,-0.06429747,-0.34927428,-0.0072294474,0.93699276,-0.9245975,0.16495112,-0.34338117
1356268984394,-0.16329998,-0.98412156,-0.06955397,-0.30973455,-0.015795529,0.9506918,-0.936695,0.17679122,-0.30223703
1356268984436,-0.17318472,-0.9813798,-0.08307138,-0.26430613,-0.034941524,0.9638057,-0.94876206,0.18887267,-0.25333333
1356268984476,-0.18016559,-0.9781104,-0.10411814,-0.21861821,-0.06338507,0.9737497,-0.9590342,0.19819826,-0.20241296
1356268984516,-0.18332326,-0.9740806,-0.13251254,-0.17704159,-0.09987897,0.9791223,-0.96697927,0.20295605,-0.15414268
1356268984556,-0.18228018,-0.96878624,-0.16800907,-0.14258954,-0.1430201,0.97939444,-0.9728526,0.20248055,-0.11206907
1356268984596,-0.17634755,-0.9617363,-0.20967764,-0.11729458,-0.19096655,0.97456324,-0.9773144,0.19645593,-0.079129934
1356268984636,-0.16523838,-0.95256484,-0.25557107,-0.101632625,-0.24130762,0.96511215,-0.9810031,0.18544787,-0.05693841
1356268984676,-0.15091944,-0.9405433,-0.30430532,-0.094527155,-0.2926901,0.95152366,-0.9840163,0.17236853,-0.04473433
1356268984716,-0.13694608,-0.92491645,-0.35464823,-0.09428102,-0.34422576,0.93414116,-0.9860816,0.16136357,-0.040061712
1356268984756,-0.1260395,-0.9060688,-0.40392244,-0.09927857,-0.39360476,0.9139032,-0.98704493,0.15528876,-0.040343493
1356268984796,-0.1196239,-0.8858229,-0.44833916,-0.10776308,-0.43732888,0.8928217,-0.98695356,0.15511721,-0.043144047
1356268984836,-0.11821419,-0.8670764,-0.4839462,-0.1176509,-0.47170043,0.87387466,-0.98599374,0.1602411,-0.04625064
1356268984876,-0.12164158,-0.85288167,-0.5077362,-0.12674549,-0.49400043,0.86017394,-0.98444855,0.1689862,-0.048007905
1356268984916,-0.12985408,-0.84496176,-0.5188233,-0.13373622,-0.5035469,0.8535545,-0.9824727,0.18022299,-0.047614425
1356268984956,-0.14287561,-0.843141,-0.51836264,-0.13963354,-0.5013261,0.8539173,-0.97984135,0.19438475,-0.046103537
1356268984996,-0.1581887,-0.84752846,-0.5066279,-0.14810601,-0.4869175,0.86079955,-0.97623813,0.21120343,-0.048499227
1356268985046,-0.16424131,-0.8635144,-0.47683078,-0.17061725,-0.45124072,0.8759403,-0.97155255,0.22522119,-0.07321802
1356268985086,-0.15515149,-0.8939984,-0.4203509,-0.20503771,-0.38709646,0.8989526,-0.96637857,0.22566164,-0.12324473
1356268985126,-0.12796164,-0.92823184,-0.3493014,-0.2544854,-0.30967438,0.9161544,-0.9585734,0.20612478,-0.19659495
1356268985166,-0.09540683,-0.95572114,-0.27837884,-0.30983746,-0.2372517,0.92071307,-0.9459907,0.17409447,-0.2734828
1356268985206,-0.071989,-0.9722033,-0.22279659,-0.35491735,-0.18378615,0.91665506,-0.932122,0.14506343,-0.33182126
1356268985246,-0.06296423,-0.98030615,-0.18717763,-0.37844908,-0.15009001,0.9133725,-0.9234781,0.12834695,-0.36154568
1356268985287,-0.066089064,-0.98359483,-0.16784957,-0.37841052,-0.13094482,0.9163291,-0.9232756,0.12407535,-0.36354858
1356268985357,-0.080464005,-0.9834593,-0.16227564,-0.35239214,-0.1242221,0.9275714,-0.9323869,0.1318208,-0.33656794
1356268985369,-0.095811635,-0.982268,-0.16115159,-0.32275036,-0.122493476,0.9385241,-0.9416222,0.14193329,-0.305291
1356268985407,-0.113907486,-0.97953624,-0.16593373,-0.2861709,-0.12759224,0.9496455,-0.95138395,0.15565708,-0.26578104
1356268985447,-0.13139385,-0.9754003,-0.17700258,-0.24711978,-0.14068633,0.95871747,-0.9600352,0.1697104,-0.2225554
1356268985487,-0.14605558,-0.9699903,-0.1943878,-0.20865995,-0.16186863,0.96449965,-0.96702063,0.18143147,-0.1787563
1356268985527,-0.15653801,-0.96311986,-0.21885124,-0.17329812,-0.19136178,0.9660995,-0.9723495,0.18915781,-0.13695145
1356268985567,-0.16169357,-0.9545765,-0.2502776,-0.1429641,-0.22828066,0.9630416,-0.9764304,0.19149834,-0.09955859
1356268985606,-0.15997833,-0.9441899,-0.287945,-0.11986196,-0.27096283,0.95509803,-0.9798163,0.18730867,-0.06982428
1356268985646,-0.15132403,-0.9318169,-0.3298762,-0.10484034,-0.3167073,0.9427115,-0.9829087,0.17723927,-0.04976648
1356268985686,-0.13896501,-0.916417,-0.37532458,-0.097555876,-0.36448997,0.926083,-0.9854803,0.1653083,-0.03875044
1356268985726,-0.12756711,-0.8969724,-0.42328134,-0.097435415,-0.41337037,0.9053349,-0.9870324,0.15673357,-0.034664452
1356268985766,-0.120033205,-0.87446344,-0.47000605,-0.10361335,-0.45980877,0.8819525,-0.98734814,0.1545625,-0.035413742
1356268985806,-0.11739075,-0.85226035,-0.50977606,-0.11403376,-0.49836165,0.859437,-0.9865169,0.15902165,-0.038683355
1356268985846,-0.119790316,-0.8350657,-0.5369502,-0.1255413,-0.52376205,0.84256315,-0.9848297,0.16834036,-0.042093545
1356268985886,-0.12719893,-0.8267494,-0.54800165,-0.13521737,-0.5328779,0.8353187,-0.98261726,0.18035102,-0.044009328
1356268985926,-0.13983542,-0.82850313,-0.5422441,-0.14198554,-0.52518755,0.8390579,-0.97994196,0.19432083,-0.044195652
1356268985966,-0.15697366,-0.83913606,-0.5207782,-0.14777619,-0.50142163,0.8524896,-0.9764842,0.21077704,-0.045294285
1356268986006,-0.17393994,-0.85780644,-0.48364565,-0.15762594,-0.4605472,0.8735275,-0.97205913,0.22817644,-0.05510497
1356268986046,-0.18168795,-0.8847529,-0.4291872,-0.17893332,-0.39941984,0.8991366,-0.9669397,0.24015826,-0.08574197
1356268986086,-0.17291671,-0.9174492,-0.35831103,-0.21911806,-0.31884146,0.9221319,-0.9602536,0.23796448,-0.14589661
1356268986126,-0.15180576,-0.9478725,-0.28016546,-0.27624214,-0.23146868,0.93279827,-0.94902337,0.21899763,-0.22670412
1356268986166,-0.13031587,-0.9691862,-0.20903549,-0.33608714,-0.15516958,0.92896056,-0.9327717,0.19131252,-0.30550992
1356268986206,-0.11911827,-0.98078096,-0.15453005,-0.38027787,-0.098703325,0.91959035,-0.91716933,0.16830435,-0.3612119
1356268986246,-0.120233804,-0.9857838,-0.11736378,-0.39840415,-0.060370415,0.9152211,-0.9092953,0.15679872,-0.38548177
1356268986286,-0.12975371,-0.98715967,-0.09316492,-0.38939232,-0.035680294,0.92038065,-0.9118868,0.1557005,-0.37976277
1356268986357,-0.14666131,-0.9859653,-0.07976782,-0.34769112,-0.024111837,0.937299,-0.9260677,0.16520008,-0.33927506
1356268986377,-0.16393644,-0.9837823,-0.07278311,-0.29833034,-0.02088362,0.95423424,-0.94027865,0.1781471,-0.2900685
1356268986417,-0.18072951,-0.98086655,-0.07237187,-0.24667823,-0.02602601,0.96874785,-0.952096,0.19293389,-0.23725474
1356268986457,-0.19482797,-0.97765386,-0.0789617,-0.1977441,-0.03970003,0.9794494,-0.9606973,0.20643839,-0.18559057
1356268986497,-0.20417249,-0.97452354,-0.09283039,-0.15487158,-0.061478317,0.98601985,-0.9666066,0.2156949,-0.13837379
1356268986537,-0.20761621,-0.9714625,-0.11470032,-0.12042168,-0.090981305,0.9885449,-0.9707699,0.21905035,-0.09809595
1356268986577,-0.2043522,-0.96812975,-0.1447933,-0.09624484,-0.1273272,0.98718023,-0.9741546,0.215668,-0.067157924
1356268986617,-0.19381249,-0.9636781,-0.18374217,-0.083661914,-0.17037565,0.9818212,-0.9774648,0.20566142,-0.047602236
1356268986657,-0.1767515,-0.9569547,-0.23021,-0.08096933,-0.21896273,0.9723679,-0.9809194,0.19050738,-0.03878203
1356268986697,-0.15666544,-0.9461255,-0.283377,-0.08427858,-0.27306694,0.95829624,-0.9840494,0.17401451,-0.03695804
1356268986736,-0.13815826,-0.92990875,-0.34085467,-0.09036815,-0.3308835,0.93933463,-0.9862788,0.1605793,-0.038319856
1356268986776,-0.124740064,-0.9090189,-0.39764875,-0.09802163,-0.38752794,0.9166318,-0.9873356,0.15331891,-0.04076323
1356268986816,-0.11798054,-0.88652325,-0.44738913,-0.106413454,-0.43665415,0.89331365,-0.98729765,0.1530019,-0.042821288
1356268986856,-0.117957234,-0.8673055,-0.48359817,-0.11408904,-0.47193658,0.8742194,-0.986443,0.15829375,-0.043281674
1356268986896,-0.124694645,-0.85542035,-0.5027,-0.11989659,-0.48995066,0.8634658,-0.98492444,0.16794157,-0.041467726
1356268986936,-0.13855964,-0.8523371,-0.5043041,-0.124592364,-0.4901678,0.86267734,-0.9824856,0.18236473,-0.03827715
1356268986976,-0.1579023,-0.85783577,-0.489065,-0.13142917,-0.47261387,0.87141407,-0.9786691,0.20187569,-0.038117766
1356268987016,-0.17609423,-0.8721403,-0.45646712,-0.1453816,-0.4355862,0.88832927,-0.97357845,0.22279155,-0.050088942
1356268987056,-0.18328321,-0.8953892,-0.4058146,-0.17156005,-0.3773393,0.91004515,-0.96797436,0.23641753,-0.08445305
1356268987096,-0.17446363,-0.92410666,-0.33998436,-0.21232277,-0.3018511,0.9294111,-0.96149963,0.23433489,-0.14354688
1356268987136,-0.15550655,-0.9507811,-0.2680167,-0.26323056,-0.22162336,0.9389317,-0.9521173,0.21656024,-0.21581078
1356268987176,-0.13906628,-0.9696002,-0.20133597,-0.31182137,-0.15009457,0.9382106,-0.93990856,0.19325423,-0.281469
1356268987216,-0.13417098,-0.98002976,-0.14676407,-0.3443578,-0.092763156,0.9342444,-0.9292017,0.17588791,-0.32503474
1356268987256,-0.14123598,-0.9844328,-0.104616165,-0.3531069,-0.048630506,0.9343183,-0.9248611,0.16890001,-0.34074163
1356268987294,-0.15542501,-0.9852053,-0.07220572,-0.33873716,-0.01550895,0.9407532,-0.92795485,0.17067531,-0.33131516
1356268987339,-0.17204905,-0.9839214,-0.047935903,-0.30682278,0.007283151,0.95173883,-0.9360871,0.17845356,-0.3031426
1356268987364,-0.18592915,-0.9820638,-0.031321347,-0.2721244,0.020837337,0.9620364,-0.9441285,0.1873939,-0.2711178
1356268987406,-0.19853559,-0.97985774,-0.021505088,-0.2301448,0.025280386,0.972828,-0.9526894,0.19809026,-0.23052818
1356268987446,-0.206357,-0.97819996,-0.023275554,-0.18815294,0.01632595,0.98200405,-0.9602163,0.20702276,-0.18742013
1356268987486,-0.20832002,-0.9773257,-0.03791067,-0.15119645,-0.006115496,0.98848486,-0.96630347,0.21165314,-0.14649421
1356268987526,-0.20485657,-0.9764998,-0.066946656,-0.12213299,-0.042360604,0.99160933,-0.9711423,0.21131411,-0.110584974
1356268987566,-0.19698298,-0.973979,-0.11208308,-0.10277796,-0.09317833,0.99033046,-0.9750048,0.2065979,-0.08174902
1356268987606,-0.18492913,-0.9672364,-0.17393926,-0.09417689,-0.15873551,0.9828192,-0.9782289,0.19813296,-0.061736465
1356268987646,-0.16863263,-0.9530549,-0.2514943,-0.095291406,-0.23818994,0.96653247,-0.98106194,0.18695417,-0.050651312
1356268987686,-0.14973402,-0.92809135,-0.34091955,-0.102618515,-0.32835698,0.9389628,-0.9833866,0.17557934,-0.0460732
1356268987726,-0.13133103,-0.8909652,-0.4346645,-0.112660795,-0.4222076,0.8994711,-0.9849161,0.1670981,-0.044927895
1356268987766,-0.116175115,-0.84548694,-0.5212055,-0.12366837,-0.50836176,0.85221744,-0.98549956,0.16346312,-0.045501024
1356268987806,-0.1063298,-0.80091965,-0.5892551,-0.13468966,-0.5755511,0.80659753,-0.9851663,0.16513193,-0.04667732
1356268987846,-0.10352743,-0.76909995,-0.630688,-0.14455557,-0.61572796,0.77458555,-0.98406595,0.17136031,-0.04743296
1356268987886,-0.10877687,-0.7584946,-0.6425368,-0.15172562,-0.6261306,0.76481366,-0.98241895,0.18068328,-0.04697457
1356268987926,-0.122508585,-0.7707168,-0.6252898,-0.15523866,-0.60739964,0.7790806,-0.9802513,0.19251317,-0.04523334
1356268987966,-0.14389163,-0.8009436,-0.58119226,-0.15601495,-0.5615986,0.8125677,-0.9772178,0.20759639,-0.044149846
1356268988006,-0.16860938,-0.84143716,-0.5133754,-0.15758127,-0.49112236,0.85671866,-0.9730052,0.22534916,-0.049786896
1356268988046,-0.18759274,-0.88490844,-0.42631677,-0.16670284,-0.39904326,0.90165114,-0.96799755,0.2402114,-0.072659224
1356268988086,-0.19148475,-0.9255556,-0.32661963,-0.19146249,-0.29116005,0.9373195,-0.9626399,0.24201784,-0.121456504
1356268988126,-0.18023622,-0.9575865,-0.22481778,-0.23330763,-0.18041939,0.95551896,-0.95555353,0.2246708,-0.19089407
1356268988166,-0.1626473,-0.9777062,-0.13280234,-0.28328407,-0.08265561,0.95546746,-0.94514334,0.19302496,-0.2635249
1356268988204,-0.15236935,-0.9866588,-0.0573394,-0.3248287,-0.004799396,0.9457606,-0.9334184,0.16273043,-0.31976384
1356268988246,-0.15595165,-0.98776424,9.7596645E-4,-0.3464282,0.05562052,0.9364261,-0.9250225,0.14569908,-0.35086346
1356268988286,-0.17080861,-0.98422074,0.046196043,-0.3442731,0.10354614,0.9331422,-0.92320126,0.14348462,-0.35652727
1356268988358,-0.1930708,-0.97776634,0.081833065,-0.31082624,0.14005598,0.94009113,-0.93065065,0.1560683,-0.33095622
1356268988377,-0.21212822,-0.9710287,0.11002195,-0.2663128,0.16576356,0.9495262,-0.9402548,0.17212105,-0.29376054
1356268988417,-0.22661945,-0.96542096,0.12886444,-0.21559313,0.17874625,0.95998406,-0.9498228,0.18976879,-0.24864554
1356268988457,-0.23604861,-0.9621943,0.13587931,-0.16429737,0.17733547,0.97033936,-0.9577513,0.20672268,-0.19994581
1356268988497,-0.2399188,-0.9622052,0.12884218,-0.11774075,0.16057941,0.9799752,-0.96362656,0.21994445,-0.15181679
1356268988537,-0.23783118,-0.96557677,0.10534656,-0.08011666,0.12759048,0.9885858,-0.9679967,0.22667655,-0.107703805
1356268988577,-0.23018819,-0.97111934,0.06277475,-0.05454725,0.077281356,0.99551606,-0.97161615,0.22573185,-0.070761144
1356268988617,-0.21775025,-0.97600317,-0.0016722679,-0.043621063,0.008020282,0.999016,-0.9750293,0.21760887,-0.044320762
1356268988657,-0.20070642,-0.97548276,-0.09027973,-0.047819793,-0.082289755,0.99546057,-0.9784837,0.20411247,-0.03013134
1356268988697,-0.17968673,-0.96276784,-0.20196733,-0.063367754,-0.19355446,0.979041,-0.98168075,0.18871891,-0.026229262
1356268988736,-0.15704668,-0.93159854,-0.32781172,-0.08388248,-0.31814837,0.94432265,-0.9840224,0.17580038,-0.0281806
1356268988776,-0.13618082,-0.88331294,-0.44856775,-0.10394004,-0.43754774,0.8931677,-0.9852164,0.16825646,-0.032225996
1356268988816,-0.12104058,-0.832392,-0.5408076,-0.12027094,-0.5285017,0.84036946,-0.9853345,0.16676223,-0.03614241
1356268988856,-0.11546612,-0.8003698,-0.5882821,-0.13108778,-0.5747851,0.8077364,-0.98462355,0.17038274,-0.038550466
1356268988896,-0.12150252,-0.8013055,-0.5857873,-0.13489878,-0.57135344,0.80954164,-0.9833816,0.17738336,-0.038674265
1356268988936,-0.1388225,-0.8334867,-0.53481597,-0.13033965,-0.5199697,0.8441819,-0.9817025,0.18689921,-0.03645286
1356268988976,-0.16496271,-0.8818642,-0.44170454,-0.11765972,-0.42704666,0.8965419,-0.97925663,0.19986683,-0.033313096
1356268989016,-0.19468653,-0.9273056,-0.31968957,-0.100904495,-0.30526245,0.9469071,-0.97566146,0.21660823,-0.0341388
1356268989056,-0.22002912,-0.9571327,-0.18837243,-0.09074387,-0.17218488,0.9808761,-0.97126347,0.23291492,-0.048968256
1356268989096,-0.23424423,-0.970101,-0.06351182,-0.10022247,-0.040884554,0.99412477,-0.966998,0.23923329,-0.08764893
1356268989136,-0.2371633,-0.9705124,0.0431197,-0.13529015,0.07694912,0.9878135,-0.96200323,0.22843942,-0.14955032
1356268989176,-0.23560342,-0.9633654,0.12813345,-0.18581587,0.17406633,0.96704364,-0.9539201,0.20402956,-0.22001922
1356268989216,-0.23893315,-0.95155835,0.19351402,-0.2299082,0.24905622,0.9408046,-0.9434264,0.18029892,-0.2782789
1356268989256,-0.24972698,-0.93750054,0.24234095,-0.25221604,0.30460766,0.91847765,-0.9348923,0.16824639,-0.31252146
1356268989296,-0.263097,-0.92372596,0.2784066,-0.24891874,0.3437963,0.90545213,-0.9321048,0.16892111,-0.3203845
1356268989358,-0.27263242,-0.912583,0.30473542,-0.22476661,0.36838174,0.90209466,-0.93549526,0.17744595,-0.305551
1356268989377,-0.27573836,-0.90529215,0.32313234,-0.1867427,0.380211,0.90585136,-0.9429186,0.18943545,-0.27389538
1356268989417,-0.2731219,-0.9020181,0.33431688,-0.14173755,0.38147062,0.9134499,-0.9514804,0.2020979,-0.23203778
1356268989457,-0.26634505,-0.9025401,0.3383514,-0.09695065,0.37433645,0.9222108,-0.9589895,0.21282291,-0.18720448
1356268989497,-0.25622332,-0.906577,0.33536223,-0.057660848,0.3606611,0.9309129,-0.9648963,0.21918434,-0.14468378
1356268989536,-0.2431565,-0.91380644,0.32531944,-0.026792407,0.34158468,0.939469,-0.969617,0.21972188,-0.10754162
1356268989576,-0.22830787,-0.9235946,0.30797514,-0.005687386,0.3175895,0.94821125,-0.9735724,0.21473247,-0.077761054
1356268989616,-0.2135084,-0.9351795,0.2825839,0.004238516,0.28836426,0.9575114,-0.9769321,0.20563444,-0.057604432
1356268989656,-0.19972196,-0.9480306,0.24768764,0.0022082627,0.2523444,0.967635,-0.9798501,0.19380492,-0.048305213
1356268989696,-0.18728694,-0.9615444,0.20088813,-0.009586573,0.20628622,0.9784447,-0.98225844,0.1813241,-0.047852635
1356268989735,-0.17728075,-0.9743962,0.13828811,-0.026853323,0.14525071,0.9890304,-0.98379385,0.17162257,-0.051915884
1356268989776,-0.17048419,-0.98379254,0.05556479,-0.046953917,0.06443715,0.9968165,-0.9842411,0.16733241,-0.057178378
1356268989816,-0.16553098,-0.98494345,-0.049858123,-0.0690977,-0.0388484,0.99685323,-0.983781,0.16845515,-0.061626732
1356268989856,-0.1606723,-0.97233534,-0.16955361,-0.09183335,-0.15631324,0.9834291,-0.98272634,0.1735805,-0.06417757
1356268989896,-0.15546077,-0.9462961,-0.2834707,-0.11188552,-0.26824564,0.95683116,-0.9814854,0.180466,-0.06417516
1356268989936,-0.1525284,-0.91685724,-0.3689279,-0.12564898,-0.35227638,0.9274231,-0.98027927,0.18781379,-0.061469972
1356268989976,-0.15569752,-0.89603996,-0.41577718,-0.13272145,-0.39811754,0.9076824,-0.97884786,0.1965065,-0.056937784
1356268990016,-0.16623074,-0.8892496,-0.4261483,-0.13700598,-0.40714157,0.903031,-0.9765227,0.20849636,-0.054152995
1356268990056,-0.17979491,-0.8973204,-0.40310013,-0.1450499,-0.38111538,0.913078,-0.9729513,0.2226364,-0.061633617
1356268990096,-0.18772942,-0.9193127,-0.345864,-0.16312686,-0.31805313,0.93393356,-0.96858007,0.2317465,-0.09025663
1356268990136,-0.18343163,-0.94812536,-0.25963643,-0.19655824,-0.22340935,0.9547005,-0.963181,0.22615594,-0.14538151
1356268990177,-0.17093056,-0.9714612,-0.16445637,-0.24198484,-0.12040901,0.9627799,-0.9551053,0.20436445,-0.21449739
1356268990223,-0.15681356,-0.9843196,-0.0807738,-0.29108185,-0.032090306,0.95615983,-0.94375885,0.17345062,-0.28148538
1356268990254,-0.15268663,-0.98788726,-0.02766636,-0.32742903,0.024153918,0.94456697,-0.93245745,0.15328157,-0.32715094
1356268990296,-0.16108817,-0.9869193,-0.0063907504,-0.34221613,0.04978174,0.93830156,-0.9257098,0.15333632,-0.34575891
1356268990358,-0.17562437,-0.9844123,-0.009414583,-0.33768,0.051255345,0.93986446,-0.9247315,0.16824216,-0.34141803
1356268990377,-0.1915169,-0.98106503,-0.028853804,-0.3188611,0.03438881,0.9471773,-0.92825043,0.19060084,-0.31940955
1356268990417,-0.20548171,-0.97672117,-0.06158778,-0.29139248,9.836555E-4,0.95660305,-0.93427384,0.21451065,-0.28481138
1356268990457,-0.21470422,-0.9707084,-0.10783112,-0.26096824,-0.049373567,0.96408397,-0.9411683,0.23513335,-0.24272335
1356268990497,-0.21667862,-0.9613528,-0.16985592,-0.23200533,-0.11829615,0.9654944,-0.94827414,0.24860951,-0.19740665
1356268990537,-0.2092666,-0.94468087,-0.2525579,-0.20787448,-0.20939636,0.9554796,-0.9555081,0.25245032,-0.1525554
1356268990577,-0.19154775,-0.9121225,-0.36241123,-0.19058263,-0.32765442,0.925376,-0.96280193,0.24632305,-0.111073196
1356268990616,-0.16353828,-0.8484819,-0.50332266,-0.18126908,-0.4756611,0.8607485,-0.96974057,0.23200223,-0.07601476
1356268990657,-0.12607044,-0.7371649,-0.66384804,-0.17780346,-0.6415599,0.7461816,-0.97595704,0.2121059,-0.05018878
1356268990696,-0.08360022,-0.5760241,-0.81314653,-0.17451562,-0.7949291,0.5810611,-0.98109907,0.1904836,-0.034068942
1356268990736,-0.04494381,-0.39544368,-0.91739,-0.16748796,-0.9023367,0.3971603,-0.9848492,0.17150164,-0.025677659
1356268990776,-0.01612103,-0.23893265,-0.9709023,-0.15977918,-0.95793456,0.2383944,-0.9870211,0.15897314,-0.022733513
1356268990816,0.00276047,-0.13423848,-0.9909453,-0.15637255,-0.97881633,0.13215983,-0.9876943,0.1545918,-0.023693204
1356268990856,0.013834536,-0.08234514,-0.9965078,-0.15957202,-0.9840124,0.07909726,-0.98708934,0.15792051,-0.026753336
1356268990896,0.018188119,-0.07164185,-0.99726456,-0.16882421,-0.9833279,0.067561656,-0.98547834,0.16713358,-0.029979765
1356268990936,0.01568383,-0.09124124,-0.9957053,-0.18219918,-0.97941595,0.08687867,-0.9831366,0.18005411,-0.031985074
1356268990976,0.0062639117,-0.13463002,-0.99087614,-0.19835842,-0.97137254,0.13072613,-0.9801095,0.19572976,-0.032789588
1356268991016,-0.008399427,-0.19939046,-0.97988415,-0.2171347,-0.95617414,0.19642709,-0.9761056,0.21441673,-0.035263333
1356268991056,-0.023828268,-0.2914542,-0.956288,-0.23731357,-0.92756885,0.28861454,-0.97114086,0.23381731,-0.04706367
1356268991096,-0.032615244,-0.41903633,-0.90738344,-0.25699806,-0.87382376,0.41277584,-0.9658613,0.2466586,-0.0791915
1356268991136,-0.029016435,-0.57392424,-0.8183942,-0.27884054,-0.78159016,0.5580007,-0.95989895,0.24439266,-0.13735439
1356268991176,-0.016165257,-0.7195221,-0.6942814,-0.30923617,-0.6567308,0.6878064,-0.9508479,0.22581547,-0.21188605
1356268991216,-0.0048568845,-0.82209146,-0.56933475,-0.3456069,-0.53287745,0.7723973,-0.9383669,0.20051745,-0.28153235
1356268991256,-0.0033624172,-0.88026804,-0.4744649,-0.37518972,-0.4386959,0.81656516,-0.926942,0.18075994,-0.32879245
1356268991296,-0.012899518,-0.90950936,-0.4154832,-0.3875944,-0.37848306,0.8405481,-0.9217397,0.17188162,-0.34763846
1356268991360,-0.030514121,-0.9229111,-0.38380188,-0.38067895,-0.34431106,0.85821515,-0.9242036,0.172293,-0.34082645
1356268991377,-0.05251956,-0.9274577,-0.3702213,-0.3580993,-0.32858562,0.8739544,-0.9322052,0.17847574,-0.31486475
1356268991417,-0.0754838,-0.9261771,-0.3694566,-0.32578176,-0.32727468,0.88699347,-0.94242686,0.18731588,-0.2770276
1356268991457,-0.09640956,-0.919811,-0.38033253,-0.28906295,-0.33976942,0.8949857,-0.95244306,0.1962252,-0.23312622
1356268991497,-0.11237258,-0.9077071,-0.40427732,-0.25283536,-0.36734396,0.8950601,-0.96096134,0.2027958,-0.18822107
1356268991537,-0.12174702,-0.8877986,-0.44383693,-0.22017819,-0.41186613,0.8842442,-0.9678322,0.20537734,-0.14533037
1356268991577,-0.124081075,-0.85613585,-0.50163263,-0.1931951,-0.47502077,0.858505,-0.9732829,0.20343718,-0.106460154
1356268991617,-0.11924946,-0.8076957,-0.5774143,-0.17400402,-0.555562,0.8130642,-0.97749794,0.19742987,-0.074291825
1356268991656,-0.1064561,-0.739427,-0.6647668,-0.16330689,-0.64648485,0.7452438,-0.98081493,0.1878967,-0.05193132
1356268991696,-0.08592063,-0.6526036,-0.7528122,-0.15845522,-0.73703784,0.6570139,-0.9836207,0.17573804,-0.04008174
1356268991736,-0.061291575,-0.55291384,-0.8309811,-0.15576911,-0.8170466,0.55513144,-0.9858901,0.16346607,-0.03604883
1356268991776,-0.03763783,-0.451599,-0.8914268,-0.15418881,-0.87875134,0.45168775,-0.98732424,0.15444861,-0.03655716
1356268991816,-0.018623948,-0.36292565,-0.931632,-0.15511739,-0.9194625,0.3612858,-0.98772055,0.15124089,-0.03917212
1356268991856,-0.006295502,-0.30075046,-0.9536821,-0.16006494,-0.94110096,0.29783952,-0.9870865,0.1545261,-0.042214956
1356268991895,-0.001844585,-0.27220106,-0.96223867,-0.16892835,-0.94832647,0.26858935,-0.9856267,0.16304481,-0.044233263
1356268991936,-0.0062565207,-0.277639,-0.9606651,-0.18074444,-0.944547,0.27415785,-0.98351026,0.17535014,-0.044272184
1356268991976,-0.020523489,-0.3161279,-0.9484946,-0.19460507,-0.92928606,0.31393668,-0.98066694,0.19102493,-0.042447895
1356268992016,-0.04398465,-0.38332707,-0.92256474,-0.21043153,-0.8991856,0.3836456,-0.97661865,0.21101123,-0.041113794
1356268992056,-0.072622836,-0.47829086,-0.87519354,-0.22706938,-0.8465365,0.48147196,-0.971167,0.23369555,-0.047127277
1356268992096,-0.09787017,-0.5998804,-0.7940812,-0.2425732,-0.75946736,0.6036287,-0.96518373,0.25170004,-0.07118575
1356268992136,-0.110014975,-0.7343923,-0.6697496,-0.2598309,-0.62915754,0.732563,-0.9593667,0.25461456,-0.121601015
1356268992176,-0.10992074,-0.84988654,-0.5153738,-0.2852591,-0.46972758,0.83545387,-0.9521264,0.2388488,-0.19080499
1356268992216,-0.107480824,-0.9236809,-0.36777908,-0.31759807,-0.31864047,0.8930844,-0.9421143,0.21279535,-0.25911158
1356268992256,-0.11225897,-0.9608574,-0.25328055,-0.3447162,-0.20140535,0.9168461,-0.93197036,0.19023412,-0.30861354
1356268992296,-0.12587887,-0.9767428,-0.17357421,-0.35493952,-0.119041026,0.9272795,-0.926376,0.17833328,-0.33169985
1356268992359,-0.14421758,-0.9824187,-0.11855239,-0.34457105,-0.0624505,0.9366807,-0.9276163,0.1759355,-0.32950664
1356268992377,-0.16273907,-0.9834256,-0.0799377,-0.3168782,-0.024632424,0.94814634,-0.93440044,0.179631,-0.3076175
1356268992417,-0.1785993,-0.98237526,-0.055146515,-0.27848935,-0.0032844543,0.9604337,-0.94368744,0.18689051,-0.27299446
1356268992457,-0.18973532,-0.980767,-0.045787662,-0.23723981,5.427301E-4,0.9714509,-0.9527422,0.19518122,-0.23277998
1356268992497,-0.19458634,-0.9793179,-0.055430472,-0.19954076,-0.015807688,0.97976196,-0.96037465,0.20170894,-0.19233787
1356268992537,-0.19220012,-0.97728926,-0.08924633,-0.16962582,-0.05648923,0.98388827,-0.96658486,0.2042419,-0.15491623
1356268992577,-0.18271327,-0.9711077,-0.1535109,-0.14905402,-0.12697375,0.9806429,-0.97180176,0.20205787,-0.1215477
1356268992615,-0.16691977,-0.9524917,-0.25474966,-0.13843387,-0.2331748,0.96253085,-0.9762038,0.19593143,-0.09293562
1356268992656,-0.1445924,-0.90806806,-0.3930719,-0.13771859,-0.3749115,0.9167743,-0.97986054,0.18669188,-0.070848554
1356268992697,-0.11432862,-0.8217014,-0.55833304,-0.14472896,-0.5422456,0.8276613,-0.9828441,0.17543232,-0.056929827
1356268992736,-0.07833803,-0.6900804,-0.7194805,-0.15287364,-0.70484734,0.6926903,-0.9851359,0.16425359,-0.050278768
1356268992776,-0.04325378,-0.53354776,-0.84466314,-0.15791629,-0.8311748,0.53311425,-0.9865047,0.15644531,-0.04830438
1356268992816,-0.015191495,-0.3889876,-0.9211177,-0.16152479,-0.9081696,0.38618356,-0.98675174,0.15465005,-0.049034745
1356268992856,0.003591299,-0.2848527,-0.9585646,-0.1676307,-0.94517815,0.28024668,-0.98584336,0.15967841,-0.05114448
1356268992896,0.012830615,-0.22989291,-0.97313136,-0.17789638,-0.95821023,0.22402239,-0.9839656,0.17024219,-0.053191543
1356268992936,0.012285531,-0.22021502,-0.975374,-0.19114551,-0.9579765,0.2138795,-0.9814848,0.18381074,-0.053862363
1356268992976,0.001614809,-0.24825254,-0.968694,-0.2058185,-0.9480381,0.24261583,-0.9785888,0.19898336,-0.052625865
1356268993016,-0.018607259,-0.30663192,-0.9516463,-0.22173011,-0.92684484,0.302976,-0.9749305,0.2166462,-0.050743483
1356268993056,-0.045082867,-0.38952678,-0.9199111,-0.23934402,-0.88981575,0.38851297,-0.96988755,0.23769051,-0.053115465
1356268993096,-0.07043177,-0.49561858,-0.86567986,-0.25766486,-0.8293442,0.49577934,-0.96366394,0.25797385,-0.06929137
1356268993136,-0.083782434,-0.6164586,-0.78291726,-0.2776965,-0.74011105,0.6124707,-0.9570085,0.26872766,-0.10918012
1356268993176,-0.07875383,-0.73312604,-0.6755177,-0.30469835,-0.6274924,0.7165278,-0.9491874,0.2622584,-0.17396483
1356268993213,-0.061890006,-0.8230635,-0.56456715,-0.33961535,-0.5145319,0.78734887,-0.938526,0.24046472,-0.2476806
1356268993254,-0.04453355,-0.87933046,-0.47412515,-0.37299782,-0.42563915,0.82444155,-0.9267628,0.21356297,-0.30903307
1356268993296,-0.035009503,-0.90927577,-0.4147191,-0.3925229,-0.36911535,0.84242487,-0.9190757,0.19227958,-0.343989
1356268993359,-0.03463745,-0.9229239,-0.38342103,-0.39241755,-0.3402791,0.85452825,-0.91913474,0.18005985,-0.35038507
1356268993377,-0.041609466,-0.92690575,-0.37298036,-0.3739376,-0.33172596,0.8660996,-0.92652,0.17550936,-0.332802
1356268993417,-0.053922355,-0.9243659,-0.37767753,-0.34260443,-0.33814192,0.8765172,-0.93793106,0.1766578,-0.2984584
1356268993458,-0.0690251,-0.916402,-0.39426252,-0.30559114,-0.35678422,0.88279057,-0.94965756,0.18141785,-0.2554173
1356268993498,-0.08395809,-0.90288067,-0.42161307,-0.26840797,-0.3869779,0.88215935,-0.95963955,0.18722877,-0.2098504
1356268993537,-0.09552175,-0.88230646,-0.4608806,-0.23484352,-0.42995346,0.8717732,-0.9673283,0.19150811,-0.16613406
1356268993577,-0.101729095,-0.85154533,-0.5143168,-0.20692232,-0.48757893,0.84820396,-0.9730542,0.1927107,-0.1266028
1356268993617,-0.10197288,-0.8056712,-0.58351994,-0.18591833,-0.5608074,0.80680203,-0.9772594,0.19075897,-0.092601895
1356268993657,-0.0956915,-0.7397966,-0.6659912,-0.17285359,-0.6465469,0.7430335,-0.98028815,0.18622088,-0.066007495
1356268993697,-0.08117086,-0.6501549,-0.7554534,-0.16758294,-0.7382612,0.65336525,-0.9825106,0.17963533,-0.049029514
1356268993736,-0.05912745,-0.5412482,-0.8387815,-0.16632403,-0.823165,0.54289573,-0.9842968,0.17160954,-0.04135099
1356268993776,-0.034314692,-0.42427894,-0.9048811,-0.16532907,-0.8905299,0.42381948,-0.98564136,0.16414636,-0.039587446
1356268993816,-0.012330592,-0.31550357,-0.9488443,-0.16464707,-0.9353236,0.31314737,-0.98627555,0.16008571,-0.040413704
1356268993856,0.0038593411,-0.22857282,-0.9735192,-0.16694906,-0.9600106,0.22473928,-0.985958,0.16166076,-0.04186502
1356268993896,0.013365924,-0.17248029,-0.9849223,-0.17420253,-0.9703483,0.16756406,-0.98461914,0.16933632,-0.043016106
1356268993937,0.015825331,-0.14975548,-0.98859644,-0.18581146,-0.9719382,0.14425759,-0.982458,0.18140961,-0.043207526
1356268993976,0.010604441,-0.15894073,-0.98723114,-0.2001222,-0.9676499,0.15363859,-0.97971356,0.19593765,-0.04206896
