1356268580568,-0.36278045,0.06550875,0.92956924,0.9147748,-0.16518497,0.36864758,0.17770052,0.9840846,1.1920929E-7
1356268580609,-0.14281249,0.025779456,-0.98941386,-0.9736662,0.17582369,0.14512062,0.17770347,0.984084,-9.179115E-6
1356268580647,-0.14281651,0.025652409,-0.9894167,-0.9736609,0.17586896,0.14510196,0.17772987,0.9840793,-1.4024973E-4
1356268580686,-0.14302084,0.02524501,-0.98939764,-0.9736178,0.17600146,0.1452305,0.17780182,0.9840661,-5.92947E-4
1356268580736,-0.14359266,0.023770034,-0.9893514,-0.9734961,0.17642671,0.14553025,0.17800725,0.9840268,-0.0021935701
1356268580775,-0.1456384,0.021315932,-0.9891082,-0.9731329,0.17712408,0.14710331,0.17833051,0.98395765,-0.005052805
1356268580838,-0.14911285,0.018400133,-0.98864895,-0.9725392,0.17795762,0.14999512,0.17869753,0.9838661,-0.008640885
1356268580861,-0.15317318,0.014468133,-0.9880934,-0.9718319,0.17902467,0.15327373,0.17911062,0.9837382,-0.013361156
1356268580903,-0.1585941,0.011413574,-0.98727787,-0.97090375,0.17991146,0.15804374,0.1794264,0.9836166,-0.017451346
1356268580943,-0.16328794,0.00932771,-0.98653436,-0.9700936,0.18051499,0.16227356,0.17959788,0.983528,-0.020427108
1356268580983,-0.16668355,0.008402079,-0.98597467,-0.9695221,0.18070924,0.16544205,0.17956474,0.98350066,-0.021975279
1356268581026,-0.16851151,0.008606374,-0.9856621,-0.9692592,0.18042481,0.16728261,0.17927763,0.98355114,-0.022061825
1356268581066,-0.16888797,0.00973013,-0.98558724,-0.9692997,0.17965996,0.1678707,0.17870393,0.98368067,-0.020910978
1356268581103,-0.16796517,0.010929406,-0.9857324,-0.9695843,0.17875117,0.1671955,0.17802817,0.9838336,-0.019427001
1356268581147,-0.16656646,0.011998296,-0.98595726,-0.9699644,0.17777476,0.166028,0.17727032,0.98399806,-0.017973363
1356268581183,-0.1649242,0.012668133,-0.9862249,-0.97038215,0.17686969,0.16454673,0.17651781,0.9841528,-0.016877174
1356268581225,-0.16352266,0.0130909085,-0.9864527,-0.9707794,0.17588037,0.16325864,0.17563486,0.98432446,-0.016052008
1356268581264,-0.16251823,0.013694495,-0.9866105,-0.9711689,0.17452243,0.16239709,0.17440957,0.9845579,-0.015063405
1356268581304,-0.1619317,0.014921367,-0.98668915,-0.97155285,0.17269027,0.1620591,0.17280978,0.98486316,-0.013467133
1356268581344,-0.16170543,0.01733175,-0.9866869,-0.9719813,0.17004919,0.16228238,0.17059797,0.98528314,-0.010651767
1356268581385,-0.16167763,0.02080208,-0.98662436,-0.9724699,0.16665807,0.16287202,0.167817,0.9857953,-0.0067154765
1356268581425,-0.16178674,0.0253838,-0.9864992,-0.97307634,0.1621893,0.1637587,0.16415644,0.9864331,-0.0015397072
1356268581490,-0.16184384,0.030091941,-0.98635745,-0.97378343,0.15704113,0.16457167,0.15985098,0.9871335,0.003886938
1356268581507,-0.16185385,0.03396848,-0.98622996,-0.97460115,0.15125036,0.16515481,0.1547777,0.9879117,0.008625209
1356268581546,-0.16192764,0.0355435,-0.98616225,-0.97548145,0.1451776,0.16540644,0.14904779,0.9887669,0.011163771
1356268581586,-0.16254854,0.03383559,-0.9861202,-0.97623616,0.13965213,0.16571102,0.14332071,0.98962235,0.010331273
1356268581627,-0.16379076,0.026467472,-0.98613995,-0.9768448,0.13513029,0.16587374,0.13764757,0.9904742,0.0037215352
1356268581666,-0.16662455,0.01372093,-0.98592496,-0.9770835,0.13202149,0.16696763,0.13245419,0.9911519,-0.008591473
1356268581707,-0.17020923,-0.006310463,-0.9853877,-0.97705644,0.13099533,0.16793126,0.12802145,0.99136287,-0.02846229
1356268581745,-0.17530277,-0.03168249,-0.9840046,-0.97646964,0.13310751,0.16967466,0.12560269,0.9905951,-0.054271102
1356268581786,-0.18237749,-0.058939964,-0.98146045,-0.9750656,0.13920143,0.17282969,0.12643412,0.9885085,-0.08285755
1356268581827,-0.19215813,-0.0849739,-0.9776782,-0.97265935,0.14888659,0.17823142,0.13041818,0.98519653,-0.111260474
1356268581866,-0.20582011,-0.107129246,-0.9727083,-0.9691944,0.15972307,0.18748546,0.13527876,0.9813317,-0.13670331
1356268581904,-0.22304612,-0.12564582,-0.9666766,-0.96494657,0.16915512,0.20066068,0.13830617,0.97754776,-0.15897089
1356268581946,-0.2442939,-0.14196268,-0.9592534,-0.9600066,0.17493692,0.21859631,0.13677627,0.9742913,-0.17902112
1356268581986,-0.26827413,-0.15935764,-0.95007056,-0.95480263,0.17501253,0.24025506,0.1279878,0.97158414,-0.19910645
1356268582026,-0.29438818,-0.17958,-0.9386621,-0.9491677,0.16945851,0.26526302,0.11142832,0.96903807,-0.2203381
1356268582066,-0.31970492,-0.20526928,-0.92501533,-0.9436316,0.15729788,0.29123324,0.08572173,0.9659824,-0.2439875
1356268582106,-0.3429634,-0.23760214,-0.90880215,-0.9379816,0.13880438,0.31768534,0.050662994,0.9613941,-0.27047122
1356268582146,-0.3635772,-0.27334577,-0.89055806,-0.9315012,0.11777657,0.34414253,0.010816932,0.9546783,-0.2974428
1356268582187,-0.3794937,-0.31118655,-0.8712907,-0.924628,0.09461856,0.36893135,-0.032366246,0.9456269,-0.32363892
1356268582227,-0.3928394,-0.3436633,-0.85297877,-0.9168339,0.07438311,0.3922791,-0.0713647,0.9361425,-0.3443027
1356268582266,-0.40555897,-0.36426672,-0.83835053,-0.9086026,0.060500056,0.41325647,-0.09981537,0.9293274,-0.35551006
1356268582307,-0.4201336,-0.36845824,-0.82929265,-0.9003147,0.05477166,0.43177938,-0.113670975,0.9280294,-0.3547398
1356268582346,-0.43719035,-0.35605147,-0.8258886,-0.8921715,0.055749536,0.44824335,-0.113554776,0.93280184,-0.34203213
1356268582406,-0.4560688,-0.32847834,-0.8271053,-0.88408935,0.06079185,0.46334702,-0.10191819,0.9425531,-0.31812948
1356268582424,-0.47461557,-0.2896462,-0.8311709,-0.876322,0.06702751,0.47704,-0.082461506,0.954784,-0.28563565
1356268582483,-0.49066913,-0.24319685,-0.8367192,-0.86940134,0.07252395,0.4887551,-0.058181465,0.9672619,-0.24702096
1356268582501,-0.50116926,-0.19580665,-0.8429052,-0.8647063,0.07577163,0.49652982,-0.033355534,0.97771084,-0.2072897
1356268582542,-0.5054629,-0.15034288,-0.8496495,-0.8627922,0.076835334,0.49968582,-0.0098410845,0.98564357,-0.1685521
1356268582583,-0.5015017,-0.11072168,-0.85804236,-0.8650943,0.076079905,0.49580604,0.010383278,0.99093515,-0.13393885
1356268582625,-0.48945844,-0.07856169,-0.86848056,-0.8716296,0.074124455,0.48452803,0.026310325,0.9941497,-0.10475755
1356268582665,-0.468997,-0.054440796,-0.8815203,-0.88241976,0.07082152,0.46510178,0.03711009,0.99600226,-0.08125472
1356268582705,-0.4392351,-0.038229704,-0.89755833,-0.89734507,0.06643069,0.43630123,0.042945772,0.9970584,-0.06348395
1356268582745,-0.40384012,-0.030251235,-0.9143293,-0.9138081,0.060557425,0.4016063,0.04322034,0.9977062,-0.052099347
1356268582783,-0.36131388,-0.029747218,-0.93196964,-0.93161464,0.053668797,0.3594632,0.03932464,0.99811566,-0.04710424
1356268582824,-0.31593335,-0.03548017,-0.94811773,-0.9482373,0.045644104,0.31426513,0.0321258,0.9983275,-0.048064172
1356268582863,-0.26964152,-0.042465538,-0.96202403,-0.9626442,0.03750056,0.26815996,0.0246889,0.9983939,-0.050991
1356268582904,-0.22810096,-0.046960264,-0.9725044,-0.9734471,0.030756235,0.22683686,0.01925823,0.99842316,-0.05272883
1356268582943,-0.19472325,-0.047698468,-0.9796978,-0.9806967,0.02759707,0.1935781,0.01780346,0.99848044,-0.05215156
1356268582985,-0.17275739,-0.045295388,-0.98392236,-0.9847381,0.029355824,0.17154917,0.021113515,0.9985422,-0.049675524
1356268583023,-0.16452944,-0.04062429,-0.98553526,-0.9859779,0.03502345,0.16315964,0.027888626,0.99856055,-0.045817018
1356268583065,-0.17145759,-0.03435293,-0.9845924,-0.9845488,0.0420686,0.16998217,0.035581052,0.99852395,-0.041035116
1356268583103,-0.19293666,-0.026904136,-0.98084223,-0.98026276,0.049227,0.19147238,0.043132514,0.9984251,-0.03587079
1356268583143,-0.22766185,-0.020187497,-0.973531,-0.972436,0.05644238,0.22623536,0.050381303,0.9982017,-0.032480836
1356268583185,-0.27082705,-0.021773309,-0.9623817,-0.9610636,0.06308973,0.26902878,0.054858774,0.9977703,-0.03801191
1356268583225,-0.317627,-0.041216552,-0.9473195,-0.94682395,0.06789601,0.3145068,0.051356345,0.9968407,-0.060590446
1356268583265,-0.35463983,-0.09367272,-0.9302989,-0.93444777,0.0697906,0.34919417,0.03221616,0.9931539,-0.11228281
1356268583305,-0.381388,-0.16747859,-0.9091172,-0.9244125,0.07140207,0.3746509,0.0021668375,0.9832867,-0.18205124
1356268583345,-0.39703757,-0.24324691,-0.88498145,-0.9173621,0.075313926,0.39086393,-0.028424978,0.9670361,-0.253048
1356268583383,-0.41011006,-0.29590064,-0.8627007,-0.91083425,0.08433819,0.40406433,-0.04680428,0.95148826,-0.3041044
1356268583426,-0.42645645,-0.3168615,-0.84719163,-0.90317607,0.0983603,0.4178496,-0.049070418,0.9433579,-0.3281281
1356268583492,-0.44769597,-0.30904323,-0.8390832,-0.893333,0.11360878,0.4347978,-0.039044112,0.94423795,-0.32694072
1356268583506,-0.4715944,-0.28029674,-0.8360816,-0.88153344,0.1258725,0.45503286,-0.022304565,0.9516249,-0.30645174
1356268583546,-0.49434316,-0.23885283,-0.83580744,-0.869261,0.13232535,0.47631425,-0.00317052,0.96199757,-0.27303964
1356268583586,-0.5112644,-0.19338652,-0.83738303,-0.85929525,0.13185585,0.49419194,0.014843762,0.97222203,-0.23358935
1356268583625,-0.51956654,-0.14961916,-0.8412281,-0.8539358,0.12441242,0.5052874,0.029058576,0.98088515,-0.1924057
1356268583665,-0.5162782,-0.1122832,-0.84902835,-0.85561335,0.11066586,0.50564694,0.037182838,0.9874946,-0.1532054
1356268583704,-0.5003571,-0.08343205,-0.86178994,-0.8649775,0.09204614,0.49329662,0.038167685,0.9922533,-0.11822277
1356268583745,-0.47121322,-0.06380668,-0.8797084,-0.8814285,0.07056761,0.46701616,0.032280177,0.99546415,-0.089493394
1356268583786,-0.4290583,-0.053897053,-0.90166736,-0.9030422,0.048342228,0.42682287,0.020584136,0.9973756,-0.06941295
1356268583825,-0.37550408,-0.053265333,-0.92528886,-0.92680895,0.026606917,0.37458938,0.0046664476,0.99822587,-0.059357822
1356268583866,-0.31479383,-0.057528377,-0.94741505,-0.9490807,0.0061716437,0.3149725,-0.012272775,0.99832475,-0.05654186
1356268583905,-0.2549128,-0.061119974,-0.9650305,-0.96657926,-0.012046099,0.2560848,-0.027276754,0.9980577,-0.05600661
1356268583946,-0.20241636,-0.060303688,-0.97744113,-0.9785799,-0.025801957,0.20424408,-0.03753656,0.99784654,-0.053789258
1356268583986,-0.1629327,-0.05441606,-0.98513544,-0.9857893,-0.032407284,0.16483092,-0.040894985,0.9979923,-0.048362553
1356268584026,-0.13990885,-0.045583904,-0.98911464,-0.9894329,-0.031956077,0.14142656,-0.038054973,0.9984493,-0.040631235
1356268584067,-0.13447523,-0.03420502,-0.99032646,-0.9904669,-0.025479019,0.13537434,-0.02986306,0.9990901,-0.030452669
1356268584105,-0.14903307,-0.02191633,-0.9885893,-0.988651,-0.015836358,0.14939347,-0.01892984,0.9996344,-0.019307494
1356268584146,-0.17981493,-0.009343803,-0.9836561,-0.9836885,-0.0032327771,0.17985153,-0.0048604608,0.9999511,-0.00861007
1356268584186,-0.22451228,-8.700788E-4,-0.97447085,-0.97440493,0.0118716955,0.22448647,0.011373311,0.9999292,-0.0035131574
1356268584224,-0.27490443,-0.0063189864,-0.9614508,-0.9611782,0.026505709,0.27465233,0.023748368,0.99962866,-0.013360202
1356268584266,-0.31958264,-0.037702322,-0.94680804,-0.9472949,0.03627509,0.3183025,0.022344828,0.9986304,-0.047308087
1356268584306,-0.35283923,-0.093312114,-0.9310194,-0.935676,0.0392794,0.3506672,0.003848344,0.9948617,-0.10116917
1356268584347,-0.3731559,-0.15901914,-0.91403925,-0.92744935,0.03808713,0.37200433,-0.024342656,0.9865406,-0.1616947
1356268584386,-0.3880992,-0.21133435,-0.89706004,-0.9204489,0.03987825,0.38882327,-0.04639849,0.97659993,-0.2099992
1356268584426,-0.4036489,-0.23881713,-0.8831953,-0.91324985,0.046975255,0.40468267,-0.055156797,0.96992767,-0.2370612
1356268584490,-0.42300546,-0.24035344,-0.87366843,-0.90465057,0.057000756,0.42232475,-0.051707476,0.96901035,-0.24154747
1356268584506,-0.4449225,-0.22210419,-0.8675908,-0.8946494,0.066336215,0.44181672,-0.040576667,0.9727638,-0.22821987
1356268584545,-0.46646506,-0.19106644,-0.86365724,-0.88416916,0.07246184,0.4615129,-0.025597423,0.97889876,-0.20273596
1356268584586,-0.48234653,-0.1557847,-0.8620168,-0.87591696,0.07392496,0.47676465,-0.010548055,0.9850209,-0.17211193
1356268584625,-0.4901337,-0.121032864,-0.8632033,-0.87164485,0.070378065,0.4850589,0.0020424724,0.99015045,-0.1399923
1356268584666,-0.4860927,-0.09089303,-0.86916757,-0.87385046,0.06189251,0.48223922,0.009962767,0.99393547,-0.10951245
1356268584706,-0.4685846,-0.06749523,-0.8808365,-0.88334,0.049105942,0.46615356,0.011791199,0.99651045,-0.08263159
1356268584745,-0.43582588,-0.052209586,-0.89851546,-0.89999735,0.033909976,0.4345743,0.0077796876,0.9980603,-0.06176734
1356268584784,-0.3901419,-0.045746505,-0.91961765,-0.9207528,0.01733607,0.38976112,-0.0018876493,0.99880266,-0.04888475
1356268584825,-0.33401442,-0.04601708,-0.94144404,-0.9424442,1.1897087E-4,0.33436346,-0.0152744055,0.9989407,-0.043408275
1356268584866,-0.275248,-0.04788047,-0.9601803,-0.9609471,-0.01603502,0.27626744,-0.028624326,0.99872446,-0.04159701
1356268584905,-0.22315878,-0.047789574,-0.9736099,-0.9740163,-0.02865231,0.22465828,-0.038632482,0.99844646,-0.0401538
1356268584946,-0.18450594,-0.045292765,-0.9817872,-0.9818584,-0.03594601,0.18617758,-0.04372382,0.9983268,-0.037838817
1356268584986,-0.16442692,-0.040981352,-0.9855376,-0.98540646,-0.0377661,0.16597548,-0.044021785,0.998446,-0.03417349
1356268585025,-0.16717672,-0.03559524,-0.98528415,-0.9850661,-0.035720944,0.16843021,-0.041190565,0.9987277,-0.029091954
1356268585067,-0.19250304,-0.02838105,-0.98088586,-0.98066026,-0.030421317,0.19333899,-0.035326958,0.9991342,-0.021975994
1356268585105,-0.24352056,-0.01979956,-0.96969366,-0.96953905,-0.022142649,0.24393386,-0.026301354,0.99955875,-0.013804257
1356268585146,-0.3108306,-0.009897947,-0.9504137,-0.9503862,-0.009657741,0.3109222,-0.012256354,0.99990433,-0.0064048767
1356268585185,-0.38860625,-0.004539281,-0.9213928,-0.9213952,0.0062844753,0.38857627,0.0040266216,0.99996996,-0.006624639
1356268585226,-0.462009,-0.0159671,-0.88673145,-0.88676786,0.023868203,0.46159825,0.013794303,0.99958754,-0.02518648
1356268585265,-0.52017075,-0.053478688,-0.85238636,-0.8540224,0.042220056,0.5185203,0.008258015,0.9976761,-0.06763363
1356268585306,-0.5628819,-0.10833937,-0.8194063,-0.82646847,0.060973644,0.5596714,-0.010672301,0.99224234,-0.12386006
1356268585344,-0.5959875,-0.15940273,-0.7870131,-0.8023618,0.079340875,0.59154093,-0.031850934,0.98402023,-0.17518485
1356268585385,-0.6265322,-0.18793333,-0.75639844,-0.77810776,0.09505665,0.62089664,-0.044786423,0.9775712,-0.2057885
1356268585445,-0.65620196,-0.18925059,-0.7304678,-0.75310385,0.103622615,0.6496899,-0.047261268,0.9764459,-0.21052271
1356268585508,-0.6816506,-0.17029816,-0.7115834,-0.7304389,0.10181439,0.6753464,-0.042560846,0.9801185,-0.19379419
1356268585509,-0.69877094,-0.14111793,-0.7012881,-0.7145237,0.09070933,0.6937058,-0.034280956,0.9858284,-0.16421717
1356268585540,-0.7051446,-0.10967845,-0.7005297,-0.70861864,0.074008346,0.7016996,-0.025116265,0.9912081,-0.12990683
1356268585585,-0.6998757,-0.08103225,-0.7096533,-0.71404755,0.05487752,0.69794315,-0.01761192,0.9951996,-0.096268296
1356268585625,-0.6819275,-0.05838853,-0.72908545,-0.73128134,0.035033524,0.6811756,-0.0142304,0.997679,-0.06658876
1356268585663,-0.65014565,-0.042534947,-0.75861806,-0.7596538,0.016173124,0.6501265,-0.015383899,0.998964,-0.042826653
1356268585704,-0.60786545,-0.0338102,-0.79331994,-0.79373753,-0.0017037988,0.608258,-0.021916956,0.99942684,-0.025800765
1356268585753,-0.5516985,-0.03531444,-0.8332957,-0.8332943,-0.019004881,0.552503,-0.035348028,0.9991956,-0.018942356
1356268585795,-0.47644645,-0.041343868,-0.8782308,-0.87781674,-0.033711195,0.47780883,-0.049360693,0.99857605,-0.02023071
1356268585834,-0.3991316,-0.049662024,-0.9155477,-0.9148636,-0.044838548,0.40126553,-0.060979486,0.9977591,-0.027537525
1356268585880,-0.32447678,-0.0580301,-0.9441119,-0.9435909,-0.04974574,0.32735536,-0.06596202,0.9970746,-0.038615346
1356268585923,-0.2545318,-0.06218496,-0.9650629,-0.9649389,-0.049796462,0.25770777,-0.064082325,0.9968216,-0.047329843
1356268585963,-0.20114362,-0.06260258,-0.9775593,-0.97794515,-0.044477165,0.20407131,-0.056254476,0.99704707,-0.052275598
1356268586003,-0.1661349,-0.059844404,-0.9842855,-0.9850805,-0.03537327,0.16841975,-0.044896364,0.99758077,-0.053074837
1356268586043,-0.14941049,-0.054463953,-0.9872741,-0.98825276,-0.024228752,0.15089515,-0.032138765,0.99822176,-0.0502041
1356268586083,-0.14954638,-0.04711303,-0.9876316,-0.9885843,-0.01142019,0.15023541,-0.018356979,0.99882424,-0.044867337
1356268586123,-0.16358507,-0.039886326,-0.98572254,-0.9865247,0.0035845637,0.16357318,-0.0029909313,0.99919784,-0.03993517
1356268586163,-0.18756801,-0.039874077,-0.981442,-0.9821856,0.01919669,0.18693021,0.011386782,0.99902034,-0.042764425
1356268586204,-0.21553141,-0.058850557,-0.9747219,-0.97633314,0.03126812,0.21399987,0.017883718,0.997777,-0.064197004
1356268586243,-0.2416566,-0.1036849,-0.96480644,-0.97030354,0.036716223,0.23908767,0.0106342435,0.99393225,-0.10947853
1356268586283,-0.26189166,-0.16527852,-0.9508395,-0.965065,0.036790848,0.2594147,-0.007893503,0.98556054,-0.16913968
1356268586324,-0.27514243,-0.22336012,-0.9350973,-0.9609992,0.03569275,0.27423814,-0.027877688,0.97408235,-0.22446948
1356268586363,-0.28280416,-0.26085186,-0.9230267,-0.9583354,0.036521405,0.28330117,-0.040189415,0.96468776,-0.26031196
1356268586405,-0.28758258,-0.27108565,-0.9185907,-0.9568237,0.039012313,0.28803918,-0.042246938,0.96176434,-0.27060038
1356268586443,-0.2877011,-0.26227146,-0.921109,-0.95693797,0.039856404,0.28754348,-0.03870231,0.96417075,-0.2624442
1356268586493,-0.28510368,-0.23777536,-0.9285358,-0.9579613,0.03831166,0.28432795,-0.03203243,0.97056425,-0.23870236
1356268586526,-0.2768358,-0.20582032,-0.9386159,-0.9605912,0.03383428,0.27589798,-0.02502802,0.9780047,-0.20707577
1356268586567,-0.26306295,-0.17015293,-0.94965565,-0.96457505,0.026159406,0.2625087,-0.019824237,0.9850704,-0.1710068
1356268586605,-0.24107462,-0.13683379,-0.9608119,-0.9703336,0.015292406,0.24128583,-0.018322885,0.990476,-0.13646108
1356268586645,-0.21345198,-0.10761857,-0.97100794,-0.9767076,0.0012072325,0.21457112,-0.021919608,0.9941915,-0.10536957
1356268586687,-0.17953861,-0.08397704,-0.98016006,-0.9832557,-0.016294718,0.18150169,-0.031213343,0.9963345,-0.079645395
1356268586725,-0.13939488,-0.06699246,-0.98796815,-0.98925215,-0.03506267,0.14195359,-0.04415065,0.9971372,-0.061384916
1356268586766,-0.09761262,-0.057272762,-0.9935752,-0.99345267,-0.05393803,0.100709766,-0.05935943,0.99690044,-0.051632762
1356268586805,-0.05550611,-0.052540183,-0.99707496,-0.99579704,-0.06994879,0.059120893,-0.072850436,0.996166,-0.04843676
1356268586845,-0.016512215,-0.04938394,-0.9986434,-0.9966149,-0.07963681,0.020416796,-0.08053699,0.9955999,-0.04790178
1356268586885,0.016192377,-0.045713186,-0.99882334,-0.99663615,-0.08100188,-0.012449712,-0.080337465,0.9956651,-0.046871006
1356268586926,0.04000646,-0.040944338,-0.99836016,-0.99652386,-0.07470566,-0.03686908,-0.073073596,0.9963647,-0.043790698
1356268586965,0.05278626,-0.03490168,-0.99799573,-0.9967305,-0.06306055,-0.050513983,-0.061171174,0.9973992,-0.038116276
1356268587006,0.052835643,-0.027690977,-0.9982192,-0.997445,-0.049593985,-0.0514189,-0.048081815,0.99838555,-0.030240536
1356268587046,0.03937182,-0.01939246,-0.99903643,-0.9985908,-0.03636828,-0.038648337,-0.035583735,0.9991503,-0.020797014
1356268587085,0.011639714,-0.011443049,-0.9998667,-0.9996598,-0.023475885,-0.011368662,-0.023342699,0.99965894,-0.011712402
1356268587124,-0.026177943,-0.0076910257,-0.9996277,-0.9996029,-0.010229766,0.026255965,-0.010427922,0.9999181,-0.007420182
1356268587165,-0.07106459,-0.017884612,-0.99731135,-0.9974717,9.608269E-4,0.07105881,-3.1262636E-4,0.9998396,-0.01790762
1356268587206,-0.11557031,-0.05447969,-0.9918042,-0.99329865,0.00519526,0.115459085,-0.001137495,0.9985014,-0.054715037
1356268587245,-0.15310574,-0.114552796,-0.98154783,-0.9880957,0.002652645,0.1538175,-0.015016526,0.99341357,-0.11359525
1356268587287,-0.17810354,-0.18602166,-0.96626866,-0.9833362,-0.00273332,0.18177563,-0.036455303,0.98254186,-0.18243504
1356268587325,-0.19434774,-0.24656099,-0.94944024,-0.9794759,-0.0039533377,0.20152265,-0.053441077,0.96911925,-0.2407322
1356268587366,-0.20803753,-0.28151372,-0.93673396,-0.97626376,7.7441335E-4,0.21658385,-0.06024587,0.95955694,-0.27499276
1356268587405,-0.2242654,-0.28751025,-0.93115145,-0.9727709,0.008691132,0.23160577,-0.058496237,0.95773816,-0.28163075
1356268587445,-0.24357444,-0.27045855,-0.93140954,-0.9684658,0.01594168,0.24863598,-0.05239743,0.96259964,-0.26581287
1356268587493,-0.26449895,-0.23674709,-0.9348749,-0.9633694,0.020365715,0.26740336,-0.044267535,0.9713578,-0.23346162
1356268587516,-0.27895677,-0.20167595,-0.9388876,-0.95960647,0.02129215,0.28053898,-0.03658703,0.9792208,-0.19946915
1356268587555,-0.29247338,-0.16041136,-0.94272345,-0.95583534,0.019193828,0.2932753,-0.028950214,0.9868637,-0.15894055
1356268587595,-0.2947697,-0.12022039,-0.94797564,-0.95527864,0.012649536,0.29543638,-0.023526043,0.9926666,-0.11857265
1356268587635,-0.28480726,-0.08537087,-0.9547757,-0.95831406,0.0016870499,0.2857119,-0.022780746,0.9963479,-0.08229262
1356268587676,-0.26019728,-0.059602827,-0.96371406,-0.96514404,-0.013077021,0.26139215,-0.028182209,0.9981365,-0.054122686
1356268587715,-0.22151178,-0.04508373,-0.9741149,-0.97436273,-0.030092537,0.22296089,-0.0393655,0.99852985,-0.037262082
1356268587755,-0.17148942,-0.04021889,-0.9843646,-0.9837604,-0.046739757,0.17329383,-0.052978635,0.99809706,-0.031550407
1356268587796,-0.11640388,-0.040666997,-0.99236906,-0.9911112,-0.060040295,0.11871678,-0.06441,0.9973672,-0.033316612
1356268587835,-0.062303543,-0.042342484,-0.9971587,-0.99565405,-0.06665498,0.0650399,-0.06921953,0.9968773,-0.03800565
1356268587876,-0.014400363,-0.043352604,-0.9989561,-0.9977267,-0.06515616,0.017210215,-0.065834194,0.99693286,-0.04231578
1356268587915,0.022500336,-0.043599725,-0.9987957,-0.9982444,-0.055731297,-0.020055115,-0.054789722,0.99749345,-0.044777215
1356268587956,0.045247614,-0.043000787,-0.9980499,-0.9981946,-0.04144931,-0.043468356,-0.039499342,0.99821484,-0.044798642
1356268587997,0.05184537,-0.04111415,-0.99780846,-0.9983975,-0.024829626,-0.050852895,-0.022684425,0.99884593,-0.0423356
1356268588035,0.04042229,-0.038225144,-0.99845123,-0.9991642,-0.0076124966,-0.040159702,-0.006065607,0.99924016,-0.038500935
1356268588077,0.014242202,-0.035992295,-0.99925053,-0.9998363,0.010639876,-0.014633745,0.011158586,0.99929535,-0.03583485
1356268588116,-0.02683264,-0.04000649,-0.9988391,-0.9993,0.027128339,0.025758445,0.026066363,0.9988311,-0.040706456
1356268588156,-0.07038015,-0.062755376,-0.9955442,-0.99702394,0.035903692,0.06822157,0.0314624,0.9973829,-0.065095484
1356268588195,-0.10985187,-0.112431884,-0.98756856,-0.99375105,0.032200545,0.10687366,0.019784272,0.9931376,-0.11526656
1356268588236,-0.13925955,-0.1814681,-0.97348654,-0.99022365,0.017589778,0.13837498,-0.007987261,0.9832395,-0.18214351
1356268588275,-0.15905792,-0.24883279,-0.95539665,-0.98643684,3.2562017E-4,0.16414079,-0.0405325,0.9685464,-0.24550962
1356268588315,-0.17453066,-0.29496524,-0.9394331,-0.9825096,-0.0107295215,0.18590242,-0.064914435,0.95544773,-0.28793353
1356268588357,-0.1913031,-0.3107273,-0.93104875,-0.9785628,-0.013336271,0.2055167,-0.07627633,0.9504056,-0.30151486
1356268588415,-0.20845166,-0.30225992,-0.9301542,-0.97488296,-0.01205036,0.22239143,-0.078428745,0.9531494,-0.29215616
1356268588433,-0.22717544,-0.27322808,-0.9347394,-0.9710206,-0.009611577,0.23880261,-0.07423192,0.96190125,-0.2631265
1356268588490,-0.2474013,-0.2226628,-0.94298136,-0.966786,-0.0077233315,0.25547042,-0.064166695,0.97486496,-0.21335655
1356268588510,-0.25071967,-0.17654186,-0.951826,-0.96651953,-0.00979203,0.2564063,-0.05458677,0.98424447,-0.16817611
1356268588554,-0.24979001,-0.1329023,-0.959136,-0.96723175,-0.012269616,0.2535985,-0.045472026,0.99105316,-0.1254825
1356268588595,-0.23540449,-0.09490955,-0.96725225,-0.97112083,-0.01680839,0.2379953,-0.038846016,0.99534404,-0.088211894
1356268588635,-0.20940882,-0.064222544,-0.9757168,-0.9771371,-0.023764312,0.21127778,-0.03675601,0.9976526,-0.057777762
1356268588673,-0.17043597,-0.042553842,-0.9844495,-0.9845868,-0.032440424,0.17186198,-0.03924933,0.99856734,-0.036368906
1356268588714,-0.124488354,-0.03259784,-0.9916854,-0.9911117,-0.043163,0.12583521,-0.046906084,0.9985361,-0.026934803
1356268588754,-0.073244035,-0.0316194,-0.9968127,-0.9956893,-0.05471015,0.07489699,-0.056903988,0.9980015,-0.027475893
1356268588794,-0.024571776,-0.036111742,-0.9990456,-0.9974779,-0.065680504,0.026907295,-0.066589475,0.997187,-0.03440675
1356268588833,0.016709149,-0.041045845,-0.99901754,-0.99721724,-0.07328671,-0.013667971,-0.07265371,0.9964659,-0.04215622
1356268588875,0.0459854,-0.04471749,-0.9979407,-0.9962514,-0.075326085,-0.042532176,-0.07326907,0.99615574,-0.048013747
1356268588915,0.060719907,-0.046771884,-0.9970584,-0.99581456,-0.07120073,-0.057304144,-0.068311065,0.99636483,-0.050899446
1356268588954,0.058208466,-0.047589153,-0.9971695,-0.99643147,-0.06392729,-0.055114508,-0.06112349,0.99681926,-0.051140428
1356268588995,0.04050541,-0.046664745,-0.9980891,-0.9977932,-0.054487944,-0.037945837,-0.05261305,0.9974234,-0.04876879
1356268589033,0.0047360957,-0.044733196,-0.9989878,-0.99908483,-0.042679638,-0.002825439,-0.042510062,0.99808687,-0.044894427
1356268589074,-0.043356597,-0.04331827,-0.99812007,-0.9986329,-0.027317643,0.044564486,-0.029196829,0.99868774,-0.04207462
1356268589113,-0.10134095,-0.048608065,-0.99366355,-0.9947263,-0.010910094,0.10198304,-0.015798181,0.9987583,-0.0472461
1356268589154,-0.15668982,-0.07182565,-0.9850327,-0.98759925,0.0015019178,0.15698859,-0.009796411,0.997416,-0.07117027
1356268589193,-0.20199889,-0.11765507,-0.972293,-0.9792259,0.006323278,0.202674,-0.017697543,0.99303436,-0.11648822
1356268589235,-0.23342746,-0.17612362,-0.95629084,-0.9716722,0.004884541,0.23628241,-0.036943913,0.984356,-0.17227459
1356268589273,-0.25417733,-0.22862023,-0.9397482,-0.9654946,0.0030229688,0.26040563,-0.056693196,0.973511,-0.22149998
1356268589314,-0.27041763,-0.2612687,-0.9266137,-0.9603715,0.005690098,0.27866492,-0.06753394,0.9652493,-0.25245374
1356268589354,-0.28751564,-0.26902494,-0.9192172,-0.95542014,0.013287365,0.2949505,-0.067135006,0.96304154,-0.26085216
1356268589393,-0.30448627,-0.25802517,-0.916903,-0.950608,0.021407366,0.30965486,-0.06027028,0.965901,-0.2517991
1356268589434,-0.32141382,-0.23334315,-0.91773856,-0.9455999,0.027570069,0.3241616,-0.050338775,0.9720035,-0.22951066
1356268589497,-0.339464,-0.19409582,-0.92037547,-0.9398173,0.029598057,0.34039286,-0.03882754,0.980536,-0.19246209
1356268589516,-0.3413875,-0.15980142,-0.92623866,-0.93943685,0.026331544,0.3417091,-0.030216306,0.9867979,-0.15911257
1356268589555,-0.33950472,-0.12903684,-0.9317113,-0.9402165,0.018113494,0.34009534,-0.027008295,0.99147433,-0.12747216
1356268589596,-0.32518905,-0.103352875,-0.9399842,-0.94517195,0.0039532185,0.32654914,-0.030033827,0.9946369,-0.098971784
1356268589635,-0.29950172,-0.08290514,-0.950487,-0.9532914,-0.01489538,0.3016846,-0.039169014,0.99644613,-0.07457161
1356268589677,-0.2623757,-0.06854254,-0.9625284,-0.96354204,-0.035556257,0.26518396,-0.05240029,0.9970144,-0.056714475
1356268589716,-0.21504337,-0.06154996,-0.974663,-0.974276,-0.05535555,0.2184537,-0.06739882,0.9965678,-0.04806286
1356268589755,-0.16131306,-0.059486985,-0.98510885,-0.9835831,-0.07211965,0.16541824,-0.08088589,0.9956205,-0.04687661
1356268589796,-0.1093083,-0.0595147,-0.9922247,-0.98988885,-0.08426231,0.114105046,-0.09039807,0.9946647,-0.049702406
1356268589835,-0.06433934,-0.05837971,-0.99621904,-0.9935009,-0.09018302,0.06944859,-0.09389642,0.99421275,-0.052197993
1356268589877,-0.03188902,-0.05574879,-0.9979355,-0.995409,-0.08837783,0.03674537,-0.090243876,0.99452573,-0.05267456
1356268589914,-0.015126526,-0.052307606,-0.99851644,-0.99659455,-0.0801689,0.019297063,-0.08105931,0.9954079,-0.05091682
1356268589955,-0.016035855,-0.04845825,-0.99869645,-0.9974636,-0.06850165,0.01933986,-0.0693495,0.9964735,-0.04723683
1356268589995,-0.035707593,-0.04422182,-0.9983834,-0.99772924,-0.055511475,0.03814298,-0.05710849,0.9974783,-0.04213929
1356268590033,-0.07284373,-0.03989005,-0.9965453,-0.9963844,-0.040896416,0.074469,-0.0437257,0.99836683,-0.036766827
1356268590075,-0.12319529,-0.03855586,-0.99163324,-0.9919683,-0.024082422,0.124173254,-0.028668582,0.9989662,-0.035279393
1356268590113,-0.17779028,-0.04873854,-0.9828607,-0.983947,-0.0068839192,0.17832816,-0.015457362,0.9987879,-0.046732247
1356268590154,-0.22475779,-0.081611484,-0.970991,-0.9743483,0.007194996,0.2249302,-0.011370599,0.9966383,-0.081135154
1356268590194,-0.25562972,-0.1402289,-0.9565507,-0.9665518,0.015816748,0.25598365,-0.020766765,0.9899928,-0.13958168
1356268590234,-0.2730375,-0.2068724,-0.9394968,-0.961289,0.021042526,0.2747373,-0.03706616,0.9781416,-0.20460963
1356268590275,-0.2833447,-0.26132494,-0.922727,-0.9576358,0.025457263,0.28685454,-0.051472157,0.96491516,-0.25746733
1356268590314,-0.2946184,-0.28994176,-0.9105678,-0.9537964,0.030462712,0.2989053,-0.05892676,0.95655936,-0.28552032
1356268590354,-0.31277287,-0.28868407,-0.90489477,-0.9479894,0.03563118,0.31630114,-0.05906868,0.9567611,-0.28481388
1356268590393,-0.33304745,-0.26777,-0.9040899,-0.94130594,0.038514018,0.33535016,-0.054976612,0.96271276,-0.26488048
1356268590435,-0.3550154,-0.23235008,-0.90552604,-0.9336101,0.03803718,0.35626584,-0.048334748,0.9718881,-0.23042822
1356268590497,-0.37098384,-0.19416577,-0.9081137,-0.92768806,0.03323877,0.37187353,-0.04202053,0.98040545,-0.19245636
1356268590516,-0.3806767,-0.15717912,-0.9112519,-0.923931,0.02425766,0.3817893,-0.03790447,0.98727214,-0.15445703
1356268590554,-0.38054574,-0.124899685,-0.91628873,-0.9239996,0.011126518,0.38223144,-0.037545472,0.9921069,-0.11964142
1356268590595,-0.36972284,-0.09861553,-0.9238939,-0.9282069,-0.005400121,0.3720252,-0.04167658,0.9951109,-0.08953911
1356268590636,-0.34742063,-0.07915959,-0.9343622,-0.9363816,-0.02372098,0.35018113,-0.04988417,0.99657977,-0.065882385
1356268590675,-0.3135739,-0.06704697,-0.94719386,-0.94765615,-0.04110056,0.31663623,-0.060159713,0.99690294,-0.050649405
1356268590716,-0.2716009,-0.062256902,-0.96039426,-0.9597955,-0.0559839,0.27506068,-0.07089105,0.9964888,-0.04454857
1356268590753,-0.22579312,-0.060252607,-0.97231025,-0.9709647,-0.067046106,0.22963539,-0.079025805,0.995929,-0.043364584
1356268590797,-0.185175,-0.05827886,-0.980976,-0.9792542,-0.072646976,0.18916586,-0.08228934,0.9956536,-0.043617427
1356268590833,-0.15539497,-0.054945976,-0.9863232,-0.9846624,-0.0715605,0.15911981,-0.07932478,0.99592173,-0.042983115
1356268590875,-0.14174998,-0.050275147,-0.98862493,-0.98739535,-0.06385368,0.1448209,-0.070408195,0.99669206,-0.040590227
1356268590913,-0.1481896,-0.044560015,-0.98795456,-0.9872777,-0.051561058,0.1504136,-0.0576424,0.9976752,-0.036352277
1356268590954,-0.17745697,-0.038105935,-0.9833905,-0.9831598,-0.037460268,0.1788669,-0.043654025,0.9985713,-0.030816615
1356268590995,-0.2286827,-0.030284733,-0.97302985,-0.9730966,-0.021694124,0.2293736,-0.028055578,0.99930584,-0.024508953
1356268591034,-0.30175298,-0.022544235,-0.95311964,-0.9533231,-0.0043625236,0.3019206,-0.010964543,0.99973637,-0.020175576
1356268591074,-0.3802901,-0.021640271,-0.9246141,-0.92485094,0.014832199,0.38004035,0.005489886,0.9996558,-0.025654554
1356268591113,-0.4554345,-0.03848964,-0.88943696,-0.8901672,0.034823895,0.45430142,0.013487726,0.99865204,-0.0501222
1356268591153,-0.5098511,-0.08455831,-0.85609674,-0.86025065,0.055362403,0.50685674,0.0045366585,0.9948793,-0.10096794
1356268591193,-0.54714274,-0.14905137,-0.82366157,-0.83682954,0.07537949,0.5422492,-0.018735826,0.98595214,-0.1659739
1356268591234,-0.57644814,-0.20850897,-0.7900833,-0.8159083,0.09393883,0.57049906,-0.044734687,0.9734986,-0.22427505
1356268591274,-0.60766846,-0.24440077,-0.7556503,-0.7916981,0.11108786,0.6007276,-0.062874764,0.96329004,-0.26099622
1356268591313,-0.64352304,-0.25374082,-0.7221452,-0.76215994,0.1253466,0.6351381,-0.070641994,0.95911616,-0.27405453
1356268591374,-0.6827143,-0.23923813,-0.69041026,-0.727372,0.13263601,0.67330354,-0.069506586,0.96185905,-0.2645676
1356268591399,-0.718879,-0.21272641,-0.6617859,-0.6922038,0.1317243,0.7095792,-0.06377292,0.96819234,-0.2419439
1356268591434,-0.7501218,-0.17938612,-0.6365045,-0.6589827,0.122265995,0.7421542,-0.055309296,0.9761514,-0.20992672
1356268591474,-0.77317846,-0.14700133,-0.61691636,-0.63244885,0.106722176,0.7672151,-0.04694295,0.98336214,-0.17548615
1356268591517,-0.7883361,-0.11803649,-0.6038158,-0.61389226,0.0858714,0.7847053,-0.040773362,0.9892894,-0.14015722
1356268591553,-0.7935035,-0.09625572,-0.6009052,-0.6073695,0.06338078,0.79188716,-0.038137853,0.9933367,-0.10875565
1356268591595,-0.79073316,-0.08240497,-0.60658914,-0.6108212,0.04068923,0.7907223,-0.040477812,0.9957679,-0.08250898
1356268591633,-0.77815396,-0.077276856,-0.6233014,-0.6262528,0.019954622,0.7793646,-0.047789127,0.99680996,-0.06392264
1356268591673,-0.75538987,-0.080457,-0.6503175,-0.6526209,0.003130138,0.75767815,-0.058924913,0.9967532,-0.054872394
1356268591714,-0.72361904,-0.089258015,-0.6844038,-0.6864756,-0.009794354,0.7270869,-0.07160163,0.99596035,-0.054186046
1356268591753,-0.68649566,-0.09798014,-0.72050226,-0.7224781,-0.020038843,0.69110334,-0.082152456,0.99498653,-0.05703187
1356268591795,-0.65032804,-0.10215336,-0.7527537,-0.75458294,-0.027431726,0.65563107,-0.08762425,0.99439037,-0.05924356
1356268591833,-0.62121624,-0.100093484,-0.77722055,-0.77883184,-0.030831397,0.6264746,-0.08666879,0.9945003,-0.05880308
1356268591875,-0.60390794,-0.092752814,-0.79163885,-0.7930092,-0.030012727,0.60846984,-0.08019656,0.99523675,-0.055428863
1356268591914,-0.60074985,-0.08201727,-0.7952187,-0.7963294,-0.026229799,0.6042942,-0.07042098,0.9962857,-0.049555242
1356268591954,-0.61192673,-0.06949231,-0.7878556,-0.78871405,-0.02063638,0.61441374,-0.05895552,0.99736905,-0.04218161
1356268591995,-0.63478005,-0.054955125,-0.7707362,-0.77141756,-0.012214124,0.6362121,-0.04437697,0.99841416,-0.034640133
1356268592034,-0.6655008,-0.041500658,-0.74524254,-0.745901,5.7679415E-4,0.66605663,-0.027211905,0.99913836,-0.031339288
1356268592075,-0.6943211,-0.03821385,-0.7186501,-0.7195783,0.021327555,0.69408375,-0.011196524,0.999042,-0.042306066
1356268592114,-0.7177849,-0.055016786,-0.6940879,-0.69624734,0.049619257,0.71608496,-0.004956603,0.99725175,-0.07392126
1356268592155,-0.73124266,-0.09966239,-0.6747974,-0.68192935,0.08358246,0.7266267,-0.016016126,0.9915046,-0.12908179
1356268592193,-0.7388989,-0.15344924,-0.6561112,-0.6728238,0.11518937,0.7307801,-0.036560595,0.9814198,-0.18835765
1356268592233,-0.7436982,-0.19763586,-0.6386337,-0.66613424,0.1385203,0.7328555,-0.05637479,0.97043914,-0.23466933
1356268592273,-0.74820966,-0.22008613,-0.62589496,-0.6599612,0.15010011,0.736153,-0.06807011,0.96386313,-0.2575547
1356268592314,-0.7519817,-0.22133392,-0.6209145,-0.6553118,0.14906174,0.74050456,-0.0713442,0.9637385,-0.25713444
1356268592354,-0.75368065,-0.20651017,-0.6239543,-0.6536504,0.13642257,0.7443991,-0.06860456,0.9688872,-0.23780453
1356268592393,-0.7509464,-0.18338563,-0.6343889,-0.6573759,0.11632371,0.7445306,-0.06274173,0.9761345,-0.20790613
1356268592435,-0.7436433,-0.1555695,-0.65022516,-0.6662803,0.09190595,0.7400161,-0.0553644,0.9835403,-0.17199814
1356268592497,-0.7308199,-0.12515163,-0.6709988,-0.68084276,0.06376016,0.7296491,-0.048533767,0.99008673,-0.13180584
1356268592526,-0.7076516,-0.100245446,-0.699414,-0.7051108,0.03679329,0.708142,-0.04525423,0.9942822,-0.09672099
1356268592565,-0.67929447,-0.08246696,-0.7292175,-0.7323509,0.012363613,0.6808152,-0.047129065,0.99651706,-0.06879324
1356268592606,-0.6447388,-0.072999954,-0.7609092,-0.7624795,-0.009154856,0.6469476,-0.05419317,0.9972899,-0.049758494
1356268592646,-0.6036257,-0.07269421,-0.79394674,-0.79454947,-0.02731347,0.6065848,-0.06578067,0.9969802,-0.041271985
1356268592685,-0.5562253,-0.07830122,-0.8273345,-0.8272854,-0.04224986,0.560191,-0.07881841,0.9960341,-0.04127699
1356268592726,-0.5067738,-0.08655453,-0.8577229,-0.85730225,-0.053994596,0.51197404,-0.09062603,0.99478287,-0.04684037
1356268592765,-0.45836854,-0.092133135,-0.8839739,-0.88336015,-0.062268436,0.46454027,-0.09784323,0.9937979,-0.052844822
1356268592804,-0.4169929,-0.0931803,-0.9041208,-0.9035208,-0.06566429,0.42348364,-0.09882879,0.99348164,-0.05680883
1356268592846,-0.38605684,-0.08968133,-0.91810536,-0.9176635,-0.06418282,0.3921405,-0.094094306,0.9939003,-0.05751908
1356268592886,-0.36790204,-0.08380759,-0.9260801,-0.92578495,-0.060175896,0.37323052,-0.087007284,0.9946633,-0.05544901
1356268592927,-0.36262906,-0.07623178,-0.9288105,-0.9285781,-0.054942966,0.36704776,-0.079012305,0.9955752,-0.050863266
1356268592965,-0.37050474,-0.06795025,-0.9263417,-0.9261823,-0.048229814,0.37397885,-0.07008922,0.9965223,-0.045064926
1356268593007,-0.38730538,-0.059984148,-0.91999805,-0.9201096,-0.03789532,0.38982317,-0.05824682,0.9974797,-0.040514946
1356268593045,-0.4098643,-0.05844912,-0.9102719,-0.9110329,-0.02306503,0.41168797,-0.04505828,0.99802387,-0.043795526
1356268593086,-0.430062,-0.07481384,-0.8996941,-0.90208864,-0.0039231777,0.43153286,-0.035814315,0.99718976,-0.06580156
1356268593125,-0.44358426,-0.11565742,-0.8887387,-0.8954499,0.015755236,0.44488356,-0.037451744,0.9931642,-0.11055422
1356268593167,-0.44808775,-0.17291203,-0.8771082,-0.8925508,0.03088522,0.44988814,-0.05070135,0.98445296,-0.16817206
1356268593205,-0.4452554,-0.22727832,-0.8660787,-0.89286816,0.039959192,0.4485418,-0.06733602,0.9730097,-0.2207216
1356268593246,-0.43890023,-0.26293343,-0.85920465,-0.89514655,0.044972777,0.44349757,-0.07796949,0.96376526,-0.25510252
1356268593285,-0.43224055,-0.27436763,-0.8590056,-0.89823157,0.046832085,0.4370203,-0.07967523,0.9604838,-0.2666884
1356268593326,-0.42593873,-0.2647743,-0.86514205,-0.9016317,0.044873595,0.43017042,-0.07507604,0.9632658,-0.2578423
1356268593366,-0.41980875,-0.23954377,-0.875431,-0.9051119,0.038943052,0.42338616,-0.06732756,0.9701043,-0.23316252
1356268593405,-0.40996695,-0.20934114,-0.8877518,-0.9101387,0.030092716,0.41320917,-0.059786856,0.97737944,-0.20286644
1356268593446,-0.3975106,-0.17764634,-0.9002373,-0.9160114,0.019162416,0.40069437,-0.053931117,0.9839078,-0.17034334
1356268593500,-0.37971032,-0.14777982,-0.91322565,-0.92370176,0.006205559,0.383062,-0.050941795,0.9890008,-0.1388607
1356268593526,-0.35564542,-0.12116057,-0.9267343,-0.93321127,-0.008404374,0.3592298,-0.051313132,0.99259734,-0.11007941
1356268593565,-0.32473838,-0.0983789,-0.9406735,-0.9442147,-0.02390933,0.32846138,-0.054804564,0.9948617,-0.08512652
1356268593606,-0.2858742,-0.08075747,-0.95485824,-0.95635974,-0.038795292,0.28960484,-0.06043178,0.99597853,-0.06614268
1356268593645,-0.239726,-0.069995254,-0.96831405,-0.96847486,-0.05234462,0.24354959,-0.06773332,0.996173,-0.055240273
1356268593686,-0.18747932,-0.064980805,-0.98011684,-0.97934645,-0.06454283,0.19161105,-0.075710535,0.99579704,-0.05153835
1356268593726,-0.13414836,-0.062397897,-0.9889948,-0.98750705,-0.07483947,0.13866839,-0.08266848,0.9952414,-0.05157876
1356268593765,-0.08463925,-0.05897218,-0.99466497,-0.99265224,-0.08164209,0.08930844,-0.086473286,0.9949154,-0.05162871
1356268593807,-0.044823587,-0.05374986,-0.99754786,-0.99534374,-0.08289224,0.04919094,-0.08533296,0.99510795,-0.049784064
1356268593845,-0.01792425,-0.0474903,-0.9987109,-0.9966139,-0.079319656,0.02165845,-0.08024597,0.9957174,-0.045907736
1356268593885,-0.0060837865,-0.040338665,-0.99916744,-0.9973755,-0.071843505,0.00897336,-0.0721457,0.9965998,-0.039795667
1356268593926,-0.01188755,-0.03308183,-0.99938196,-0.99799556,-0.06173545,0.013914585,-0.06215757,0.99754417,-0.032281697
1356268593966,-0.034834802,-0.026331156,-0.9990462,-0.9981983,-0.04795021,0.036069036,-0.04885426,0.9985026,-0.02461338
1356268594005,-0.07408047,-0.023278534,-0.99698055,-0.99672765,-0.030695677,0.07477841,-0.032343745,0.9992577,-0.020928383
1356268594046,-0.11870986,-0.03322333,-0.992373,-0.99279994,-0.012140691,0.11916742,-0.016007215,0.99937415,-0.031542897
1356268594085,-0.1615982,-0.06452066,-0.9847452,-0.986823,0.0023311973,0.1617865,-0.008142948,0.99791366,-0.06404716
