1356446904137,0.10323697,-0.3172495,0.9427061,-0.024780601,0.94665575,0.3212924,-0.99434805,-0.056530073,0.08986825
1356446904302,0.104147375,-0.18244478,0.9776846,-0.042786784,0.98129845,0.18767698,-0.99364114,-0.061378047,0.09439343
1356446904343,0.10743773,-0.17037636,0.9795044,-0.046989113,0.9832359,0.17617944,-0.9931007,-0.06495436,0.0976308
1356446904387,0.11007199,-0.16147617,0.9807189,-0.050932754,0.98450184,0.1678155,-0.9926178,-0.06842251,0.100141644
1356446904424,0.111094266,-0.15076683,0.98230714,-0.0557017,0.9859273,0.15762205,-0.99224764,-0.072227076,0.10113293
1356446904464,0.10895294,-0.13449882,0.9849058,-0.06176124,0.9879739,0.14175002,-0.9921264,-0.07627308,0.09933585
1356446904506,0.10217264,-0.110896856,0.9885659,-0.06917031,0.99056923,0.11827064,-0.9923589,-0.08046343,0.093538284
1356446904546,0.0907065,-0.080041036,0.9926559,-0.07714297,0.9932052,0.087134466,-0.99288535,-0.08448008,0.08391553
1356446904583,0.07638174,-0.04535139,0.99604666,-0.08417751,0.9951053,0.051763672,-0.99351895,-0.087798536,0.072190285
1356446904629,0.060817182,-0.010778312,0.99809074,-0.089109704,0.9958903,0.016184319,-0.9941634,-0.08992386,0.05960679
1356446904667,0.0465537,0.019111421,0.998733,-0.09158397,0.99568766,-0.014784161,-0.9947086,-0.09077968,0.048103273
1356446904704,0.03455615,0.04169578,0.99853253,-0.0920816,0.9950122,-0.038362123,-0.99515164,-0.09062084,0.038223207
1356446904746,0.02574274,0.05494757,0.9981574,-0.09201074,0.9943801,-0.052366655,-0.9954252,-0.09049313,0.030653834
1356446904786,0.020846218,0.0582058,0.9980869,-0.0932416,0.9940661,-0.05602385,-0.9954252,-0.09189534,0.02614975
1356446904826,0.020164102,0.051885642,0.9984495,-0.097307496,0.9940132,-0.049689937,-0.99505013,-0.09615466,0.025092244
1356446904864,0.023370802,0.038010474,0.99900395,-0.10528059,0.99381405,-0.035350062,-0.99416786,-0.104349576,0.027227998
1356446904908,0.029237032,0.019431874,0.9993837,-0.11725053,0.9929755,-0.015877098,-0.99267197,-0.11671406,0.03131008
1356446904944,0.035883218,-2.0542741E-4,0.999356,-0.13278936,0.9911318,0.004971713,-0.99049455,-0.13288224,0.03553772
1356446904984,0.04098332,-0.017172128,0.99901223,-0.15121934,0.98822814,0.02319035,-0.9876503,-0.15202038,0.037904084
1356446905024,0.042381734,-0.028233066,0.99870247,-0.17166361,0.98452955,0.035117246,-0.9842436,-0.1729292,0.03687948
1356446905066,0.038159907,-0.030681096,0.9988005,-0.19377032,0.98032933,0.037516825,-0.9803045,-0.19496953,0.03146422
1356446905104,0.028906792,-0.024416588,0.99928385,-0.21496937,0.9761578,0.030070066,-0.9761929,-0.21568465,0.02296877
1356446905181,0.011616826,-0.006613061,0.9999106,-0.23549068,0.9718334,0.00916326,-0.9718071,-0.2355761,0.009732306
1356446905188,-0.010012837,0.021499082,0.9997188,-0.25152844,0.96756876,-0.023326911,-0.9677981,-0.25169128,-0.004280448
1356446905232,-0.03243521,0.053475395,0.9980422,-0.26209146,0.96316826,-0.060124516,-0.9644978,-0.26352853,-0.017225146
1356446905275,-0.052362468,0.0853191,0.99497676,-0.26755807,0.95871836,-0.096290655,-0.9621179,-0.2712561,-0.027373016
1356446905318,-0.06764299,0.113821924,0.99119574,-0.26908243,0.9545762,-0.12798002,-0.96073884,-0.2753703,-0.033942938
1356446905354,-0.07911864,0.13958217,0.98704463,-0.26867968,0.9505207,-0.15595376,-0.9599747,-0.2775377,-0.03770101
1356446905397,-0.08615056,0.16027193,0.9833062,-0.26793596,0.9468863,-0.17781045,-0.95957726,-0.27878153,-0.038632214
1356446905435,-0.08930856,0.17730628,0.980095,-0.26753062,0.9435946,-0.19508108,-0.9594015,-0.2796279,-0.036836207
1356446905475,-0.08620769,0.18805225,0.97836834,-0.26745224,0.94160897,-0.20455296,-0.95970696,-0.27930087,-0.030878901
1356446905515,-0.07609531,0.19233291,0.9783749,-0.26637143,0.94163734,-0.20582853,-0.960862,-0.27627373,-0.02042222
1356446905554,-0.05894783,0.18950196,0.98010933,-0.26254308,0.94430935,-0.19837055,-0.9631181,-0.2690144,-0.005912602
1356446905595,-0.036527034,0.17971894,0.98303956,-0.25444293,0.9496039,-0.18306065,-0.9663977,-0.25681412,0.011041999
1356446905635,-0.011897951,0.16360828,0.9864536,-0.2417874,0.9567776,-0.16160265,-0.97025627,-0.2404348,0.028174698
1356446905675,0.012747612,0.14133447,0.9898798,-0.22439918,0.96511376,-0.1349086,-0.97441393,-0.22040845,0.04401821
1356446905715,0.03447354,0.11311726,0.9929834,-0.20351283,0.97355026,-0.10383813,-0.97846514,-0.19850521,0.05658251
1356446905759,0.049031377,0.08227156,0.9954031,-0.17827289,0.98131937,-0.07232618,-0.9827587,-0.17390713,0.06278223
1356446905795,0.05339107,0.04816087,0.99741167,-0.15103903,0.987734,-0.039608512,-0.9870849,-0.14853334,0.060010374
1356446905837,0.03629008,0.023316074,0.9990692,-0.1217311,0.9923862,-0.018738363,-0.9918994,-0.12093778,0.038852096
1356446905875,-8.819401E-4,0.002612263,0.99999624,-0.094082735,0.99556077,-0.002683647,-0.99556404,-0.09408475,-6.3222647E-4
1356446905914,-0.06694999,-6.694123E-4,0.997756,-0.06995168,0.9975422,-0.0040245317,-0.9953011,-0.07006416,-0.066832304
1356446905956,-0.15633675,0.0099772755,0.98765343,-0.04964409,0.9986057,-0.017946135,-0.9864554,-0.0518368,-0.1556235
1356446905994,-0.25121903,0.027219871,0.9675474,-0.033175103,0.99877506,-0.036712147,-0.96736157,-0.041321278,-0.25000829
1356446906035,-0.32845712,0.0392903,0.94370127,-0.022958966,0.9985071,-0.049563013,-0.94423974,-0.037945732,-0.3270647
1356446906074,-0.3725471,0.03628397,0.92730373,-0.022035608,0.99860775,-0.04792686,-0.9277517,-0.038288716,-0.37122887
1356446906116,-0.3802843,0.015648376,0.92473733,-0.030303072,0.9991092,-0.029368576,-0.92437315,-0.039190788,-0.37947136
1356446906192,-0.3587392,-0.016087882,0.9332992,-0.043369193,0.99905896,5.512871E-4,-0.9324298,-0.040278662,-0.35909933
1356446906195,-0.31004757,-0.055926308,0.9490747,-0.059569813,0.9974496,0.039316393,-0.94885296,-0.04434625,-0.31258833
1356446906230,-0.25081462,-0.08652913,0.96416,-0.073110245,0.9948456,0.070264265,-0.96527034,-0.052866675,-0.255848
1356446906276,-0.18457064,-0.109209344,0.9767328,-0.08775541,0.9916689,0.09429645,-0.9788936,-0.06830924,-0.1926167
1356446906315,-0.12270701,-0.11269371,0.98602384,-0.10205042,0.9896983,0.100413874,-0.9871822,-0.08830267,-0.13294339
1356446906358,-0.06784621,-0.10124417,0.9925454,-0.1213862,0.9882848,0.09251212,-0.9902839,-0.11420473,-0.079341054
1356446906414,-0.026874065,-0.066694304,0.99741143,-0.14317413,0.98774165,0.062190056,-0.9893325,-0.14113222,-0.036093533
1356446906431,-5.798335E-4,-0.019252777,0.9998145,-0.16899478,0.98543614,0.018877909,-0.9856168,-0.16895248,-0.0038250089
1356446906472,0.008624584,0.045137264,0.99894357,-0.19616327,0.9796467,-0.042571716,-0.98053336,-0.19558886,0.017303288
1356446906526,-0.0034598429,0.1268861,0.9919113,-0.22509277,0.9663628,-0.124403074,-0.97433126,-0.22370248,0.025217652
1356446906573,-0.031978842,0.2326521,0.97203416,-0.24625623,0.94071704,-0.23325804,-0.9686771,-0.24682876,0.027208984
1356446906612,-0.06194204,0.32472795,0.94377697,-0.25797164,0.9082524,-0.32943612,-0.96416485,-0.26387364,0.027511597
1356446906654,-0.08525258,0.39622918,0.9141851,-0.2613335,0.87651014,-0.40427068,-0.9614764,-0.27337232,0.028823197
1356446906695,-0.09829086,0.44748574,0.8888731,-0.25795704,0.85121244,-0.45705092,-0.9611436,-0.27421498,0.0317657
1356446906735,-0.10098301,0.47957882,0.8716688,-0.2495375,0.83593106,-0.48882538,-0.9630854,-0.2668771,0.035258055
1356446906776,-0.094447434,0.49285984,0.8649676,-0.23723741,0.832678,-0.5003656,-0.96684957,-0.25246093,0.038280487
1356446906814,-0.080902606,0.48651534,0.86991817,-0.22214352,0.84202504,-0.49157512,-0.97165173,-0.23301639,0.039954185
1356446906856,-0.06360465,0.4604894,0.8853835,-0.2024384,0.86278206,-0.46327722,-0.9772272,-0.2087022,0.038343787
1356446906895,-0.047979802,0.41367885,0.9091577,-0.17708883,0.89226365,-0.4153375,-0.98302466,-0.18092948,0.030447304
1356446906937,-0.046348125,0.3578767,0.9326178,-0.14061746,0.9219873,-0.3607856,-0.9889785,-0.1478641,0.007591367
1356446906975,-0.066250354,0.2968779,0.9526146,-0.097470425,0.9482205,-0.30228716,-0.99303097,-0.112878375,-0.033883095
1356446907017,-0.12523091,0.25930497,0.957642,-0.047995336,0.9625272,-0.26690412,-0.990966,-0.07938701,-0.108092725
1356446907055,-0.20473629,0.23216009,0.9508863,-0.0059998184,0.9711488,-0.23839903,-0.9787988,-0.054514058,-0.19743645
1356446907095,-0.28807938,0.21881908,0.93227065,0.021382488,0.9747696,-0.22218694,-0.9573678,-0.04407321,-0.28548992
1356446907135,-0.3482013,0.1982135,0.91622454,0.027858764,0.9791461,-0.20123836,-0.9370058,-0.044546567,-0.3464619
1356446907194,-0.3732292,0.16145197,0.91358256,0.015148252,0.9856701,-0.168003,-0.9276154,-0.048864458,-0.37032658
1356446907214,-0.36465484,0.10962373,0.9246673,-0.009333435,0.9925654,-0.12135414,-0.931096,-0.052882694,-0.3609206
1356446907254,-0.3295491,0.05051652,0.9427861,-0.037130427,0.99710166,-0.06640573,-0.94340813,-0.056889992,-0.3267182
1356446907296,-0.27730834,-0.0052498113,0.9607666,-0.0622534,0.9979819,-0.012515184,-0.958762,-0.06328155,-0.27707553
1356446907335,-0.22040683,-0.045868687,0.97432894,-0.08210496,0.99622107,0.028326025,-0.9719463,-0.07375399,-0.22333997
1356446907376,-0.16263866,-0.0717697,0.984072,-0.10177232,0.9932517,0.05561915,-0.98142296,-0.091105476,-0.1688453
1356446907414,-0.111124516,-0.07723509,0.99080074,-0.12106018,0.9906029,0.06364202,-0.9864055,-0.11287432,-0.11943036
1356446907456,-0.06602466,-0.06994161,0.9953637,-0.14401294,0.987764,0.059854902,-0.9873707,-0.13939336,-0.07528925
1356446907495,-0.031152427,-0.0464108,0.99843657,-0.16740642,0.98505306,0.040565424,-0.98539567,-0.16588098,-0.03845626
1356446907534,-0.007700652,-0.012627773,0.9998907,-0.19087309,0.9815539,0.010926187,-0.98158455,-0.19076808,-0.009968936
1356446907575,0.0024241507,0.031674154,0.9994953,-0.21325925,0.97652173,-0.030428886,-0.97699267,-0.21307786,0.009122074
1356446907615,5.338192E-4,0.08278984,0.99656695,-0.23325837,0.9690868,-0.080381975,-0.9724147,-0.23241465,0.019828737
1356446907656,-0.00830185,0.13442677,0.9908887,-0.24866438,0.959518,-0.1322543,-0.96855414,-0.2474967,0.025461376
1356446907694,-0.017736107,0.18021265,0.98346776,-0.25704873,0.94973886,-0.17866775,-0.9662357,-0.255968,0.029478788
1356446907734,-0.02370203,0.21486545,0.97635597,-0.25710037,0.9424718,-0.21364996,-0.96609396,-0.25608543,0.032903492
1356446907774,-0.025106099,0.23508917,0.9716495,-0.24973516,0.93966407,-0.23380312,-0.9679887,-0.24852493,0.03511876
1356446907819,-0.02172112,0.23854512,0.97088844,-0.235293,0.94262016,-0.23686373,-0.97168165,-0.23358822,0.035653234
1356446907854,-0.01398119,0.22084652,0.97520834,-0.21852122,0.9510532,-0.21850918,-0.975732,-0.21615876,0.034962773
1356446907897,-0.005926136,0.18856712,0.98204243,-0.19815274,0.96236444,-0.18598439,-0.9801532,-0.19569655,0.031661987
1356446907937,-3.8504787E-4,0.1366568,0.99061835,-0.17625137,0.97510123,-0.13458471,-0.9843451,-0.17464967,0.02371049
1356446907973,-0.007933348,0.08103808,0.9966795,-0.15180033,0.98506176,-0.08130176,-0.9883794,-0.15194127,0.0044867396
1356446908015,-0.03888002,0.027237184,0.99887264,-0.12609869,0.99150324,-0.031944495,-0.9912555,-0.12719852,-0.035115123
1356446908054,-0.10031754,-0.017707787,0.99479795,-0.10399712,0.9945514,0.007216111,-0.9895055,-0.10273221,-0.10161251
1356446908095,-0.19062749,-0.04857757,0.98045975,-0.090956934,0.9953523,0.03163098,-0.97743946,-0.08314988,-0.19415998
1356446908134,-0.2889049,-0.07052636,0.95475656,-0.08929342,0.99492055,0.046473432,-0.95318455,-0.07182707,-0.29373497
1356446908192,-0.3653224,-0.094066106,0.9261161,-0.09693577,0.99331665,0.06265372,-0.9258201,-0.066884965,-0.3719992
1356446908214,-0.40309626,-0.12641388,0.9063845,-0.11020719,0.98991126,0.08905096,-0.9084975,-0.06399399,-0.41296124
1356446908254,-0.40073442,-0.16822407,0.9006179,-0.12579349,0.9837918,0.12778747,-0.9075175,-0.062083017,-0.41540074
1356446908296,-0.36778212,-0.21313232,0.9051579,-0.13971582,0.9749959,0.17280757,-0.9193561,-0.06290934,-0.38836402
1356446908337,-0.3089937,-0.25714785,0.91564065,-0.14883973,0.96396583,0.22049174,-0.9393453,-0.068153135,-0.33613318
1356446908375,-0.24409047,-0.28768483,0.9260979,-0.14980468,0.95470643,0.257088,-0.95811194,-0.07598109,-0.27613127
1356446908414,-0.17583212,-0.30724746,0.9352444,-0.14668193,0.9476175,0.2837351,-0.9734308,-0.08729372,-0.21168923
1356446908453,-0.113918364,-0.31020397,0.94381994,-0.14322464,0.9452084,0.2933732,-0.98311204,-0.101757705,-0.15210545
1356446908494,-0.060680956,-0.30041257,0.9518771,-0.14485553,0.9461893,0.28938314,-0.9875903,-0.120324604,-0.10093212
1356446908532,-0.018267304,-0.2781113,0.9603752,-0.15246731,0.95007646,0.27222887,-0.98813975,-0.14145291,-0.059758186
1356446908572,0.01204747,-0.24512705,0.96941614,-0.16436759,0.9558132,0.24373011,-0.9863256,-0.16227691,-0.028775811
1356446908612,0.02921176,-0.20269981,0.9788052,-0.17823532,0.9624738,0.2046371,-0.98355424,-0.18043546,-0.008012712
1356446908652,0.033762366,-0.15318911,0.98761994,-0.19286539,0.9686104,0.15683375,-0.98064417,-0.19577278,0.0031576753
1356446908692,0.028453976,-0.09958004,0.9946227,-0.2068435,0.97290295,0.10332284,-0.9779602,-0.20867118,0.007085502
1356446908733,0.018089771,-0.045758955,0.9987887,-0.21714032,0.97492987,0.048598655,-0.9759728,-0.21775645,0.0077001452
1356446908772,0.0075122425,0.0035564527,0.9999654,-0.22051996,0.9753808,-0.0018123612,-0.9753535,-0.22049871,0.0081115365
1356446908812,-3.4311414E-4,0.044336498,0.9990166,-0.21691725,0.97522676,-0.04335521,-0.9761899,-0.21671881,0.009282708
1356446908852,-0.0035911202,0.07255346,0.9973581,-0.20620626,0.9758757,-0.07173317,-0.97850204,-0.20591906,0.01145649
1356446908891,-0.0020689368,0.08505653,0.99637395,-0.19181259,0.97784114,-0.08387275,-0.9814294,-0.1912906,0.014291823
1356446908933,0.0024656653,0.08271652,0.9965701,-0.17445433,0.9813264,-0.08101964,-0.9846622,-0.1736562,0.016849875
1356446908971,0.005883784,0.06553753,0.9978328,-0.15470533,0.9858958,-0.06384128,-0.9879432,-0.15399441,0.015939772
1356446909010,8.13514E-4,0.03729992,0.9993039,-0.13220945,0.9905361,-0.036865015,-0.9912216,-0.13208741,0.005737245
1356446909051,-0.023177952,0.0035659634,0.999725,-0.10698001,0.9942429,-0.0060266666,-0.993991,-0.10709028,-0.022663057
1356446909090,-0.074436635,-0.031047031,0.99674237,-0.08234055,0.9962935,0.024883866,-0.99382055,-0.08022004,-0.0767172
1356446909130,-0.15595028,-0.061405525,0.98585445,-0.06455524,0.99656564,0.05186083,-0.9856532,-0.05555436,-0.15937877
1356446909194,-0.2538212,-0.088237174,0.963218,-0.060123645,0.9953439,0.07533672,-0.96538067,-0.03879012,-0.25794452
1356446909205,-0.33613738,-0.11782742,0.9344133,-0.06730311,0.9926119,0.100955114,-0.9394051,-0.028954145,-0.3415841
1356446909238,-0.39072677,-0.14769305,0.908581,-0.083333865,0.9886667,0.12487432,-0.9167268,-0.026923832,-0.39860642
1356446909272,-0.41838336,-0.18096235,0.8900608,-0.101186454,0.9831374,0.15232235,-0.9026166,-0.02633296,-0.42963928
1356446909310,-0.41170055,-0.21906665,0.88459736,-0.117091596,0.975348,0.18704505,-0.9037656,-0.026572376,-0.42720217
1356446909352,-0.37947655,-0.25757986,0.88862264,-0.1294325,0.96579874,0.22467774,-0.916103,-0.029756702,-0.39983714
1356446909391,-0.3299618,-0.29132044,0.89791846,-0.13821803,0.95584875,0.25932378,-0.9338206,-0.03854157,-0.35565937
1356446909431,-0.27107927,-0.3157725,0.90928745,-0.14448509,0.9473041,0.2859004,-0.9516512,-0.05387678,-0.3024189
1356446909469,-0.20904893,-0.32840958,0.92111117,-0.15009215,0.9415374,0.30162844,-0.9663183,-0.07519647,-0.24611908
1356446909511,-0.1491104,-0.32822454,0.9327565,-0.15688837,0.93920624,0.30541393,-0.97629505,-0.10079824,-0.19154
1356446909551,-0.09499085,-0.31609666,0.94395953,-0.16678181,0.9398977,0.29795322,-0.98140746,-0.12913245,-0.14200085
1356446909591,-0.050933212,-0.29286575,0.9547961,-0.1798393,0.9430984,0.27968428,-0.9823766,-0.15746462,-0.100703776
1356446909632,-0.020270914,-0.26083976,0.9651693,-0.19537222,0.9477899,0.25203967,-0.98051965,-0.1834582,-0.07017338
1356446909670,-0.0044885576,-0.22078791,0.9753115,-0.21109155,0.9535525,0.2148907,-0.977456,-0.20491548,-0.05088651
1356446909711,-0.0010774732,-0.17728919,0.9841583,-0.22553986,0.95884395,0.17248207,-0.9742334,-0.22178105,-0.041018903
1356446909751,-0.0043022037,-0.1325242,0.9911704,-0.2360392,0.9633064,0.1277741,-0.9717339,-0.23340537,-0.035425246
1356446909790,-0.008253247,-0.09040977,0.9958705,-0.2397715,0.96703017,0.08580441,-0.9707943,-0.2380732,-0.029658794
1356446909830,-0.009703725,-0.05366309,0.99851197,-0.23529871,0.9706424,0.04987862,-0.97187465,-0.23446456,-0.022045732
1356446909871,-0.0079185655,-0.024464801,0.9996694,-0.22338678,0.97447985,0.022078864,-0.97469777,-0.2231381,-0.013181567
1356446909911,-0.0031288862,-0.004529454,0.9999848,-0.20612317,0.9785187,0.0037872791,-0.97852105,-0.2061082,-0.0039952993
1356446909951,0.0039352477,0.005114749,0.9999792,-0.18546574,0.98264134,-0.004296206,-0.9826428,-0.18544498,0.0048155785
1356446909992,0.010789633,0.004599072,0.9999312,-0.1623792,0.9867245,-0.0027862042,-0.9866694,-0.16233797,0.011393189
1356446910031,0.012429267,-0.0051665306,0.9999094,-0.13846286,0.99034405,0.006838247,-0.99028957,-0.1385353,0.011593878
1356446910073,-0.0020115376,-0.019427348,0.99980915,-0.113498256,0.9933551,0.01907358,-0.9935361,-0.113438234,-0.0042031407
1356446910112,-0.037729293,-0.038068686,0.99856263,-0.09043093,0.995304,0.034527656,-0.9951878,-0.08899824,-0.040994704
1356446910151,-0.10641804,-0.05370219,0.99287015,-0.07321513,0.996253,0.046037797,-0.99162227,-0.06779386,-0.10995114
1356446910192,-0.19980109,-0.06752057,0.9775073,-0.06628803,0.99626875,0.05526732,-0.9775917,-0.05375456,-0.20353138
1356446910234,-0.29744834,-0.07985952,0.9513921,-0.06987371,0.99564415,0.061728325,-0.9521776,-0.048116308,-0.30173278
1356446910271,-0.36679453,-0.09710021,0.9252207,-0.07732619,0.99427867,0.07369252,-0.9270828,-0.044513777,-0.37220436
1356446910313,-0.39700544,-0.11935586,0.9100224,-0.08373748,0.9920834,0.093587495,-0.91398823,-0.039048232,-0.40385705
1356446910351,-0.39104715,-0.14657705,0.9086239,-0.088289276,0.9886582,0.12149069,-0.9161262,-0.03271316,-0.39955318
1356446910391,-0.35690558,-0.17550828,0.91750485,-0.09125252,0.9840445,0.15273969,-0.92967266,-0.029210966,-0.36722654
1356446910430,-0.3035894,-0.20185049,0.93117666,-0.09291847,0.9789161,0.18190496,-0.9482614,-0.031299084,-0.3159442
1356446910471,-0.2407211,-0.22124079,0.9450427,-0.09408778,0.9744078,0.2041493,-0.9660232,-0.039773926,-0.25537658
1356446910510,-0.17694074,-0.23049173,0.95685196,-0.09683209,0.9715518,0.21612658,-0.97944665,-0.05441238,-0.19422609
1356446910552,-0.11796194,-0.22817445,0.9664478,-0.10437024,0.97070116,0.2164395,-0.987518,-0.07533674,-0.13832045
1356446910591,-0.068635195,-0.21296297,0.9746466,-0.11751945,0.9718744,0.20408145,-0.9906959,-0.10053277,-0.091732085
1356446910632,-0.030922443,-0.18710636,0.9818529,-0.13697629,0.973848,0.18126698,-0.99009156,-0.12888534,-0.05574286
1356446910671,-0.0072045624,-0.14974433,0.9886985,-0.1604107,0.9760929,0.14666626,-0.98702407,-0.15754116,-0.031052947
1356446910711,0.0015957059,-0.10213499,0.9947692,-0.18538548,0.97749686,0.10065895,-0.9826646,-0.18457639,-0.017374516
1356446910751,-0.002858013,-0.046442837,0.99891686,-0.20949456,0.9767823,0.04481434,-0.9778056,-0.20913956,-0.012521148
1356446910790,-0.015517146,0.013967283,0.9997821,-0.22910354,0.9732509,-0.017152444,-0.9732784,-0.22931977,-0.011902094
1356446910832,-0.03008735,0.07351204,0.99684036,-0.24107796,0.96731675,-0.07861121,-0.97003925,-0.24268146,-0.011381865
1356446910870,-0.041958835,0.12887089,0.99077326,-0.24443026,0.960189,-0.13524428,-0.96875864,-0.24784967,-0.008788466
1356446910912,-0.04706124,0.17434236,0.9835599,-0.23902947,0.95407826,-0.1805536,-0.9698712,-0.24359687,-0.0032271147
1356446910951,-0.045841336,0.20764133,0.9771303,-0.22829333,0.95009506,-0.21260652,-0.9725126,-0.23281851,0.0038495064
1356446910992,-0.03888339,0.22680993,0.9731626,-0.21317343,0.9495962,-0.22983494,-0.97624034,-0.21638918,0.01142633
1356446911031,-0.02923381,0.22982873,0.97279197,-0.19534005,0.9531298,-0.23105367,-0.9802998,-0.19677977,0.017031133
1356446911070,-0.022246033,0.21878186,0.97552013,-0.17333266,0.96014047,-0.21928537,-0.984612,-0.17396775,0.01656276
1356446911110,-0.026090384,0.19648634,0.98015946,-0.14541538,0.9693181,-0.19818377,-0.9890267,-0.14770094,0.003282249
1356446911150,-0.051560134,0.17084461,0.983948,-0.11112249,0.9781588,-0.17566237,-0.99246836,-0.118395925,-0.031449318
1356446911195,-0.111421585,0.15430507,0.9817205,-0.07194126,0.98402745,-0.16283272,-0.9911658,-0.0887693,-0.09854096
1356446911233,-0.19282347,0.14539738,0.9704012,-0.036507543,0.9872129,-0.15517053,-0.98055404,-0.06534749,-0.18504971
1356446911274,-0.2825874,0.14887902,0.9476177,-0.008778058,0.9874396,-0.15775308,-0.9592014,-0.052897286,-0.27773112
1356446911312,-0.34934273,0.14556745,0.9256187,0.0068144724,0.98822725,-0.15284172,-0.9369703,-0.04708653,-0.34622192
1356446911353,-0.38132212,0.12835348,0.91548824,0.008803733,0.99077356,-0.13524167,-0.9244002,-0.043510932,-0.37893385
1356446911392,-0.3799457,0.09447521,0.9201716,-0.0018890612,0.9946893,-0.102906056,-0.92500687,-0.040836968,-0.37774944
1356446911433,-0.3517765,0.04758193,0.934874,-0.02156872,0.9980302,-0.05891229,-0.93583554,-0.040887985,-0.35005724
1356446911472,-0.30411315,-0.005856639,0.95261794,-0.045228772,0.9989422,-0.008297363,-0.9515616,-0.04560908,-0.30405635
1356446911514,-0.24555227,-0.056932993,0.9677101,-0.067933045,0.9968302,0.041408494,-0.9670002,-0.05557154,-0.24864155
1356446911553,-0.1841219,-0.0976152,0.9780442,-0.087767676,0.9927141,0.08255662,-0.978977,-0.07064018,-0.19134784
1356446911593,-0.12731579,-0.120579615,0.9845056,-0.1052217,0.98862386,0.107476786,-0.98626524,-0.08990787,-0.13855505
1356446911634,-0.07969433,-0.1228054,0.9892258,-0.12361051,0.9859401,0.112439156,-0.98912555,-0.11331794,-0.093753874
1356446911673,-0.046326905,-0.09818383,0.99408937,-0.14339796,0.98550445,0.090653226,-0.9885802,-0.13835071,-0.059734702
1356446911712,-0.03080216,-0.047484513,0.998397,-0.16632277,0.98518825,0.041724976,-0.9855902,-0.16477093,-0.03824365
1356446911752,-0.034944624,0.032147653,0.9988721,-0.18943223,0.98115027,-0.03820441,-0.9812718,-0.1905536,-0.028196096
1356446911792,-0.054139197,0.13179618,0.98979735,-0.20681778,0.96827596,-0.14024289,-0.97688043,-0.21230032,-0.025163889
1356446911832,-0.077869475,0.23487318,0.96890193,-0.21292558,0.94551116,-0.24631554,-0.97396046,-0.22548443,-0.023615956
1356446911872,-0.09559655,0.324615,0.94100285,-0.20700163,0.9181831,-0.33777225,-0.9736589,-0.22707897,-0.020579338
1356446911911,-0.102027774,0.39129102,0.91459376,-0.19249742,0.8942481,-0.4040607,-0.97597903,-0.21728233,-0.015915632
1356446911950,-0.097432934,0.43269444,0.89626026,-0.17441581,0.87918454,-0.44341153,-0.9798398,-0.19952482,-0.010192752
1356446911990,-0.08435918,0.4495111,0.8892824,-0.15617716,0.8754686,-0.45734385,-0.98411995,-0.17746678,-0.0036504269
1356446912032,-0.06666952,0.44327343,0.8939037,-0.13876659,0.8830711,-0.44825125,-0.9880784,-0.15392868,0.0026376247
1356446912071,-0.049410753,0.41688448,0.9076156,-0.12040824,0.8996115,-0.4197631,-0.9914941,-0.13002515,0.005745828
1356446912112,-0.039738867,0.37634543,0.9256268,-0.09810737,0.9204129,-0.3784375,-0.9943821,-0.105849475,3.4606457E-4
1356446912152,-0.048416406,0.33443815,0.94117314,-0.06838292,0.93895745,-0.33716863,-0.9964836,-0.08068468,-0.022591114
1356446912198,-0.081802756,0.30109513,0.950079,-0.03221494,0.95197684,-0.30447036,-0.9961278,-0.05551327,-0.0681746
1356446912233,-0.14771882,0.29614705,0.9436504,0.012134954,0.95458853,-0.29768014,-0.98895496,-0.03252183,-0.14460444
1356446912273,-0.23185879,0.30979478,0.9221001,0.059088618,0.9506667,-0.30453458,-0.97095317,-0.016123414,-0.23872578
1356446912332,-0.31510547,0.3319745,0.88910156,0.101978496,0.9432461,-0.3160491,-0.94356185,-0.008919537,-0.33107632
1356446912351,-0.3735655,0.3382856,0.86371964,0.12768045,0.9410191,-0.31333804,-0.9187744,-0.0067721754,-0.39472473
1356446912392,-0.3984546,0.31920165,0.85985124,0.12858942,0.9476687,-0.2922137,-0.9081292,-0.0058661103,-0.4186489
1356446912428,-0.39552355,0.27997538,0.8747428,0.110054165,0.959991,-0.25749838,-0.91183835,-0.005577579,-0.4105115
1356446912471,-0.36702174,0.22355631,0.90294933,0.076387085,0.9746565,-0.21026084,-0.9270706,-0.008196637,-0.374797
1356446912510,-0.32025295,0.1624093,0.9333067,0.03752205,0.98659635,-0.15880726,-0.94658875,-0.015838906,-0.32205433
1356446912551,-0.2627458,0.10718574,0.95889294,-5.5237487E-4,0.9937936,-0.11123831,-0.96486485,-0.029757075,-0.2610559
1356446912592,-0.20187584,0.0673096,0.97709554,-0.036112383,0.9964458,-0.076103695,-0.97874516,-0.050648738,-0.19872761
1356446912631,-0.14574826,0.052096505,0.9879491,-0.068344295,0.99569666,-0.06258762,-0.9869582,-0.07664272,-0.14156055
1356446912671,-0.098756194,0.06117727,0.9932293,-0.10030837,0.9924127,-0.07110056,-0.9900431,-0.106650844,-0.09187031
1356446912711,-0.06617004,0.10046319,0.99273795,-0.13091187,0.9854443,-0.108450904,-0.98918325,-0.1371374,-0.05205506
1356446912751,-0.053129047,0.17220947,0.9836266,-0.15763676,0.97122073,-0.17855202,-0.98606694,-0.164542,-0.02445352
1356446912791,-0.061627354,0.27341142,0.959921,-0.1763796,0.9436298,-0.2800949,-0.9823911,-0.18657199,-0.00992918
1356446912833,-0.085262716,0.38937366,0.9171251,-0.18322432,0.89865184,-0.39856458,-0.97936666,-0.20202233,-0.005278766
1356446912881,-0.11212446,0.49695492,0.8605021,-0.17623615,0.8422896,-0.50940067,-0.97794116,-0.20876785,-0.006859839
1356446912921,-0.13109495,0.588033,0.7981425,-0.16275388,0.7814012,-0.6024312,-0.9779189,-0.20887642,-0.0067331195
1356446912962,-0.13447897,0.6443346,0.7528269,-0.15044989,0.7376437,-0.6582147,-0.9794285,-0.20177872,-0.002257526
1356446913001,-0.1253768,0.6724906,0.72940874,-0.14201167,0.71547425,-0.68405354,-0.9818927,-0.18934898,0.0057976246
1356446913041,-0.10577409,0.6759439,0.72932273,-0.13685447,0.7165625,-0.6839657,-0.9849277,-0.17215696,0.016712248
1356446913081,-0.07783425,0.65383184,0.7526259,-0.1323824,0.7414531,-0.65781623,-0.988138,-0.15083504,0.02884537
1356446913125,-0.04684843,0.60348624,0.79599595,-0.12455176,0.78712296,-0.6040897,-0.9911065,-0.12744333,0.038289785
1356446913165,-0.021511935,0.5297069,0.847908,-0.10715918,0.84199685,-0.5287328,-0.99400926,-0.10223514,0.038649976
1356446913204,-0.014944412,0.44345286,0.8961732,-0.07760885,0.8930549,-0.44320405,-0.9968719,-0.07617436,0.021069705
1356446913244,-0.045836806,0.3785547,0.92444324,-0.03600748,0.92418844,-0.3802357,-0.9982997,-0.050715655,-0.028731048
1356446913286,-0.10620445,0.33565938,0.9359772,0.0063530654,0.9415108,-0.33692294,-0.99432397,-0.029836372,-0.10212511
1356446913325,-0.1875827,0.33207184,0.9244139,0.049304947,0.9431168,-0.32878536,-0.98101056,-0.016096294,-0.19328517
1356446913365,-0.25801587,0.3232644,0.9104548,0.081263535,0.94628453,-0.31295657,-0.962717,-0.0067609847,-0.27042603
1356446913403,-0.30128694,0.2889877,0.9086871,0.09202573,0.9573322,-0.27394587,-0.9490824,0.0010862797,-0.315026
1356446913443,-0.31490767,0.22114298,0.9229999,0.07824808,0.9752159,-0.20695692,-0.9458913,0.007050641,-0.32440698
1356446913483,-0.3022917,0.1261515,0.944831,0.046477504,0.99197567,-0.11757602,-0.9520818,0.008371141,-0.3057292
1356446913524,-0.2689119,0.01845191,0.9629881,0.0075099836,0.99982625,-0.01706063,-0.96313554,0.0026442194,-0.26900375
1356446913563,-0.2219342,-0.0850097,0.9713488,-0.029858036,0.99631757,0.080372915,-0.9746044,-0.011165071,-0.22365516
1356446913603,-0.16810387,-0.17177942,0.97068685,-0.06278494,0.9845663,0.1633625,-0.9837678,-0.03348265,-0.17629457
1356446913645,-0.11456299,-0.23136106,0.966099,-0.09056138,0.9708849,0.22176814,-0.9892795,-0.062084846,-0.13217986
1356446913684,-0.06478742,-0.2644003,0.96223444,-0.11649279,0.95967126,0.2558525,-0.9910762,-0.09551733,-0.09297538
1356446913723,-0.02480939,-0.26251352,0.96460944,-0.14060062,0.9562317,0.2566174,-0.9897556,-0.12925816,-0.060633063
1356446913764,-0.0021794736,-0.2172424,0.9761152,-0.16374938,0.9630194,0.21396218,-0.98649955,-0.15937196,-0.037672162
1356446913804,-0.004252225,-0.11499247,0.99335724,-0.18502048,0.9763056,0.11222653,-0.98272544,-0.18331422,-0.02542746
1356446913846,-0.03143096,0.0406124,0.99868053,-0.19916749,0.9788817,-0.046075545,-0.9794614,-0.20035288,-0.022678494
1356446913886,-0.069969684,0.21986686,0.97301733,-0.19918881,0.95268536,-0.22959621,-0.97746,-0.20987894,-0.022864103
1356446913924,-0.10014728,0.36726868,0.92470765,-0.18653311,0.90597105,-0.38002884,-0.97733104,-0.21054746,-0.022222757
1356446913965,-0.1138609,0.46339726,0.8788052,-0.16908689,0.862614,-0.47676697,-0.9790022,-0.20287958,-0.019863605
1356446914005,-0.11105336,0.5068848,0.8548304,-0.15283346,0.8412083,-0.51866233,-0.98199236,-0.18824588,-0.015950024
1356446914044,-0.09492934,0.50056,0.8604814,-0.1401581,0.8490541,-0.509375,-0.9855679,-0.16895804,-0.010442615
1356446914085,-0.06924966,0.44419217,0.89325124,-0.12945928,0.8838279,-0.44954255,-0.9891637,-0.14677033,-0.003700018
1356446914125,-0.03996554,0.33664355,0.94078356,-0.11657879,0.9335346,-0.33900204,-0.992377,-0.12322385,0.0019362569
1356446914165,-0.017602712,0.1903305,0.9815622,-0.098106,0.9766482,-0.19113705,-0.9950202,-0.09966168,0.0014808774
1356446914205,-0.018404096,0.05116096,0.9985208,-0.07526763,0.9957852,-0.05240808,-0.9969935,-0.07612081,-0.014475763
1356446914241,-0.050014824,-0.052510917,0.99736714,-0.05729837,0.99712306,0.049624734,-0.9971036,-0.054665536,-0.05287969
1356446914285,-0.118887484,-0.085707694,0.9892017,-0.04901958,0.9955593,0.0803671,-0.991697,-0.03893561,-0.12256086
1356446914324,-0.20592138,-0.08278369,0.97506064,-0.04713688,0.9960978,0.07461502,-0.97743267,-0.030596491,-0.20901996
1356446914364,-0.28777462,-0.07315099,0.95490044,-0.04724146,0.9969491,0.0621352,-0.9565324,-0.027229961,-0.2903524
1356446914404,-0.33912155,-0.10285465,0.93510294,-0.05694563,0.9944268,0.088728115,-0.9390174,-0.023160413,-0.34308863
1356446914444,-0.3504668,-0.18467295,0.91818786,-0.08160901,0.9826601,0.16649044,-0.93301284,-0.016583033,-0.3594607
1356446914485,-0.32544535,-0.30095097,0.89638937,-0.112843044,0.9535841,0.27918428,-0.93880343,-0.010292098,-0.34429973
1356446914524,-0.27610266,-0.4201377,0.8644371,-0.13551758,0.90743077,0.39774913,-0.9515263,-0.0073268116,-0.3074801
1356446914564,-0.213646,-0.5229926,0.82512677,-0.14207287,0.85228235,0.50341845,-0.9665251,-0.009674773,-0.25638974
1356446914605,-0.1526621,-0.59506357,0.78904605,-0.13453956,0.80348533,0.5799228,-0.9790778,-0.01762566,-0.20272136
1356446914648,-0.094053715,-0.6441944,0.759057,-0.12296116,0.7641157,0.6332517,-0.98794454,-0.033774912,-0.15107882
1356446914684,-0.044712573,-0.6667578,0.743932,-0.11349383,0.74324584,0.65932155,-0.99253213,-0.054951757,-0.108905315
1356446914726,-0.0022641718,-0.67437196,0.7383884,-0.114388764,0.73371816,0.6697558,-0.9934335,-0.08294693,-0.07880187
1356446914765,0.030106671,-0.66263235,0.7483395,-0.123488724,0.74047744,0.6606388,-0.9918892,-0.11230108,-0.05953431
1356446914803,0.05165714,-0.636353,0.7696664,-0.14009175,0.7584573,0.6364879,-0.9887901,-0.14070304,-0.049968064
1356446914845,0.0607394,-0.5921308,0.8035495,-0.16101113,0.7886808,0.5933448,-0.9850818,-0.16541983,-0.04743564
1356446914884,0.05800658,-0.529369,0.84640634,-0.1816095,0.82809156,0.5303606,-0.98165846,-0.18447986,-0.04810369
1356446914926,0.04647383,-0.4515633,0.891028,-0.196532,0.8704243,0.4513722,-0.97939545,-0.19609249,-0.048294663
1356446914963,0.030170202,-0.3661222,0.9300776,-0.2015385,0.90916204,0.36442643,-0.9790159,-0.19844127,-0.04635811
1356446915007,0.013382882,-0.28468904,0.9585265,-0.19491732,0.9394797,0.28175342,-0.9807284,-0.19060408,-0.042917907
1356446915044,7.31498E-4,-0.22155857,0.97514683,-0.17942965,0.9592922,0.2180909,-0.98377055,-0.17512979,-0.039052427
1356446915088,-0.004725307,-0.18734992,0.9822818,-0.15682897,0.97027624,0.18430567,-0.9876144,-0.15317935,-0.03396678
1356446915123,-0.0023640394,-0.18895829,0.98198223,-0.1331445,0.9733015,0.18696734,-0.99109375,-0.13030356,-0.027459681
1356446915165,0.0035648344,-0.214755,0.97666144,-0.107979745,0.9708744,0.21387663,-0.9941467,-0.106222086,-0.019728184
1356446915205,0.0063786507,-0.26047614,0.9654592,-0.08456113,0.96188015,0.26006922,-0.99639785,-0.0832992,-0.015890658
1356446915241,-0.0056153536,-0.30071366,0.9536979,-0.0656065,0.951769,0.29971915,-0.9978298,-0.060885757,-0.02507329
1356446915305,-0.041806698,-0.3274566,0.9439408,-0.055588424,0.9440658,0.32503796,-0.9975781,-0.038883418,-0.05767107
1356446915322,-0.10873371,-0.33177304,0.9370718,-0.05769728,0.9431781,0.32724008,-0.99239504,-0.018484473,-0.121697664
1356446915361,-0.1972568,-0.31929553,0.92689806,-0.06843558,0.9476533,0.31188115,-0.9779603,-0.001912117,-0.2087822
1356446915398,-0.28248787,-0.30707848,0.9087923,-0.08055735,0.9516257,0.2965114,-0.9558824,0.010550991,-0.29356015
1356446915441,-0.33954248,-0.3139545,0.8866473,-0.09132824,0.9491997,0.30112958,-0.9361463,0.02127035,-0.35096657
1356446915483,-0.35939175,-0.345649,0.8668128,-0.10121553,0.9378322,0.33200336,-0.92768157,0.031584352,-0.3720342
1356446915522,-0.35140324,-0.38872164,0.85171074,-0.10835461,0.92050236,0.37541267,-0.9299328,0.039634436,-0.3655873
1356446915562,-0.31841496,-0.4379114,0.840741,-0.11090408,0.8980214,0.42574382,-0.9414415,0.042321607,-0.3345096
1356446915601,-0.2736699,-0.47747436,0.83493894,-0.10775295,0.8778343,0.46668643,-0.9557689,0.037750855,-0.29168612
1356446915642,-0.21947831,-0.50748473,0.83323985,-0.10323121,0.8613496,0.49741352,-0.9701405,0.023155078,-0.24143583
1356446915681,-0.16354081,-0.520122,0.8382884,-0.09944993,0.854092,0.5105258,-0.9815111,1.2403727E-4,-0.191405
1356446915721,-0.10745865,-0.51869905,0.84817684,-0.10139668,0.8543861,0.50965,-0.9890255,-0.031236008,-0.14440554
1356446915761,-0.05583951,-0.49992055,0.8642693,-0.11034149,0.8634074,0.492293,-0.99232394,-0.06787534,-0.10337424
1356446915801,-0.014764283,-0.46173412,0.8868954,-0.12664878,0.88071173,0.4564064,-0.9918376,-0.105585694,-0.07148117
1356446915841,0.008928718,-0.40087658,0.9160885,-0.14967044,0.9052692,0.39760083,-0.98869556,-0.14066146,-0.05191648
1356446915882,0.011007339,-0.31423572,0.9492811,-0.1755305,0.93399024,0.31120938,-0.98441243,-0.17005336,-0.04487723
1356446915922,-0.0068238676,-0.20644368,0.9784346,-0.1977667,0.9594097,0.20105027,-0.98022527,-0.19212987,-0.047374606
1356446915960,-0.03328708,-0.0894387,0.9954359,-0.20913383,0.97456217,0.08056985,-0.97732025,-0.2054974,-0.051145017
1356446916000,-0.05509925,0.012947179,0.998397,-0.20804918,0.97781986,-0.024162084,-0.97656524,-0.20904697,-0.05118352
1356446916041,-0.064493835,0.08661913,0.9941518,-0.19780636,0.9753488,-0.0978132,-0.97811717,-0.2029579,-0.04577017
1356446916082,-0.060213983,0.124087855,0.9904426,-0.1834688,0.97396255,-0.13317715,-0.98117965,-0.18973444,-0.03587991
1356446916122,-0.04326263,0.12311146,0.9914494,-0.16633716,0.9776399,-0.12865493,-0.9851194,-0.17048082,-0.021817267
1356446916161,-0.01941675,0.08377606,0.99629545,-0.14756307,0.98533016,-0.08572986,-0.98886204,-0.14868098,-0.006769657
1356446916221,0.0037156646,0.018405132,0.9998237,-0.12417438,0.9921007,-0.017801497,-0.9922534,-0.12408635,0.0059717298
1356446916245,0.016048163,-0.06445616,0.99779147,-0.09639908,0.9931715,0.06570816,-0.9952133,-0.09724067,0.009725034
1356446916286,0.0041458607,-0.14229879,0.989815,-0.06784088,0.9875031,0.14225055,-0.99768746,-0.067739666,-0.0055596232
1356446916321,-0.043036193,-0.19954038,0.97894406,-0.046478264,0.97919095,0.1975474,-0.9979918,-0.036997914,-0.051414907
1356446916360,-0.12301296,-0.23410508,0.9643975,-0.0397344,0.97216076,0.23092127,-0.9916093,-0.009913437,-0.1288904
1356446916401,-0.21798125,-0.25362334,0.9424221,-0.047880083,0.9672593,0.24923286,-0.97477776,0.009204827,-0.22298789
1356446916441,-0.29769444,-0.27931768,0.91288537,-0.065975755,0.9599733,0.27221042,-0.9523787,0.020807222,-0.3042069
1356446916481,-0.34124246,-0.32607508,0.8816057,-0.09001057,0.9449285,0.31465566,-0.9356558,0.028020054,-0.35179996
1356446916520,-0.3469026,-0.3918805,0.8521081,-0.11548036,0.9194602,0.3758421,-0.9307647,0.03197883,-0.36421764
1356446916561,-0.32164887,-0.4655537,0.82450086,-0.13620865,0.8844681,0.4462773,-0.9370107,0.031240433,-0.34790063
1356446916601,-0.27632064,-0.53430426,0.79885274,-0.14803056,0.8449583,0.5139381,-0.9495966,0.0237571,-0.31257278
1356446916641,-0.22050253,-0.58962774,0.77699286,-0.15137234,0.80763507,0.5699229,-0.963569,0.008054167,-0.26733887
1356446916681,-0.16100448,-0.628035,0.7613473,-0.15018131,0.77801806,0.61002743,-0.9754605,-0.016122997,-0.21958351
1356446916721,-0.10231754,-0.6492041,0.75370085,-0.14901292,0.75913095,0.63365227,-0.9835274,-0.047477424,-0.17441225
1356446916763,-0.04680252,-0.6547105,0.75442946,-0.15167797,0.75115734,0.64246124,-0.9873214,-0.08436155,-0.13446122
1356446916814,0.0039520785,-0.6452453,0.76396525,-0.16163291,0.7535134,0.63725376,-0.986843,-0.12600037,-0.1013149
1356446916856,0.039743815,-0.6133188,0.7888349,-0.17665556,0.77270997,0.6096821,-0.9834701,-0.16358317,-0.077635705
1356446916896,0.059825867,-0.5670988,0.8214742,-0.19527465,0.80039895,0.566771,-0.97892225,-0.19432066,-0.06285542
1356446916933,0.06601545,-0.5115642,0.85670537,-0.21445195,0.83124053,0.51288354,-0.9745011,-0.21758038,-0.054831207
1356446916975,0.061920077,-0.44763118,0.8920719,-0.22771704,0.8638772,0.44928962,-0.97175664,-0.23096001,-0.048441887
1356446917013,0.052981794,-0.38077632,0.92314804,-0.2295331,0.8950504,0.3823602,-0.9718578,-0.23215118,-0.0399794
1356446917054,0.04372242,-0.31779745,0.94714993,-0.21892521,0.92196596,0.31945345,-0.97476155,-0.22132225,-0.029263318
1356446917094,0.03725344,-0.26552325,0.9633845,-0.198396,0.94289804,0.26754874,-0.97941375,-0.20109874,-0.017552555
1356446917135,0.035137445,-0.22942032,0.972693,-0.17179309,0.95741946,0.23202373,-0.9845062,-0.17525466,-0.0057715774
1356446917214,0.036536455,-0.21209273,0.97656626,-0.14203829,0.96619546,0.21515447,-0.9891866,-0.14657077,0.0051760674
1356446917216,0.036820322,-0.21182899,0.97661287,-0.10997017,0.97048134,0.21464515,-0.9932526,-0.11530158,0.012438595
1356446917251,0.030389458,-0.22718349,0.97337776,-0.079862036,0.9701623,0.22892635,-0.9963426,-0.08469288,0.011339366
1356446917296,0.0034247339,-0.24151474,0.9703911,-0.055061676,0.9688791,0.24133274,-0.99847704,-0.054257862,-0.009980023
1356446917335,-0.047544807,-0.2551899,0.96572125,-0.039647684,0.96653485,0.2534529,-0.9980819,-0.026238218,-0.0560714
1356446917374,-0.12927777,-0.25505623,0.95824504,-0.0380992,0.96691835,0.2522248,-0.9908762,-0.003901288,-0.13471848
1356446917415,-0.22837466,-0.24531838,0.9421592,-0.048666388,0.96939987,0.2406148,-0.9723562,0.009098835,-0.23332512
1356446917453,-0.3155622,-0.23858514,0.9184213,-0.0641911,0.97102517,0.2301949,-0.94673127,0.013686322,-0.32173383
1356446917493,-0.36844563,-0.24727896,0.89615905,-0.08036137,0.9688387,0.23429394,-0.9261695,0.014307998,-0.37683606
1356446917533,-0.38220066,-0.2754273,0.88207847,-0.096013315,0.9612182,0.25853637,-0.9190778,0.014121495,-0.3938229
1356446917574,-0.35919434,-0.32041094,0.8765366,-0.11013154,0.94720733,0.3011135,-0.92674196,0.011623919,-0.37551886
1356446917615,-0.31427228,-0.36760768,0.87527,-0.1198389,0.92997086,0.34755263,-0.9417386,0.004334748,-0.33631778
1356446917655,-0.25191402,-0.41294545,0.87522316,-0.12586282,0.9106888,0.39345193,-0.9595301,-0.011042014,-0.28138977
1356446917694,-0.18861374,-0.4414938,0.87721604,-0.12741195,0.89670014,0.4239046,-0.973751,-0.031813577,-0.22538155
1356446917736,-0.12692562,-0.45672697,0.8805058,-0.13095486,0.8876308,0.44154555,-0.98322976,-0.059263065,-0.17247367
1356446917774,-0.07451832,-0.45136145,0.8892243,-0.13774845,0.88781446,0.4391023,-0.98766005,-0.0897681,-0.1283328
1356446917816,-0.032622457,-0.43053737,0.9019829,-0.15216473,0.8940825,0.42126286,-0.9878166,-0.123507336,-0.09467977
1356446917856,-0.0052467873,-0.3886435,0.92137325,-0.17181014,0.90803504,0.38203895,-0.9851161,-0.1562968,-0.07153714
