1356447876062,0.008867323,-0.2544452,0.9670465,0.066165015,-0.9648158,-0.254465,0.99776924,0.06624106,0.008280157
1356447876221,0.0068436563,-0.1092075,-0.9939954,-0.06518667,0.99185574,-0.10942122,0.9978496,0.0655441,-3.30925E-4
1356447876262,0.0016950965,-0.13068295,-0.99142283,-0.06535037,0.9892904,-0.13051361,0.99786097,0.065011084,-0.0068632364
1356447876300,-0.0035201013,-0.14844951,-0.9889137,-0.06572457,0.9868159,-0.14790064,0.99783164,0.064475305,-0.013230443
1356447876341,-0.009045094,-0.16656469,-0.98598903,-0.06627318,0.9839613,-0.16561417,0.9977605,0.06384663,-0.019938767
1356447876381,-0.014092058,-0.18604118,-0.9824408,-0.06693076,0.98051035,-0.18471554,0.997658,0.06315249,-0.026269257
1356447876421,-0.01755476,-0.20575471,-0.9784462,-0.06762637,0.9766003,-0.20415324,0.99755627,0.06258491,-0.03105843
1356447876461,-0.018478662,-0.22391874,-0.97443265,-0.06836746,0.9726009,-0.22220132,0.99748904,0.0625135,-0.033281088
1356447876501,-0.016386747,-0.23898014,-0.9708862,-0.069288395,0.96895367,-0.237335,0.9974621,0.06338199,-0.03243655
1356447876542,-0.011287748,-0.24999937,-0.9681802,-0.07066386,0.9660206,-0.24861787,0.9974363,0.06560899,-0.028570116
1356447876580,-0.0043770364,-0.2575565,-0.9662533,-0.072599374,0.9637946,-0.25657225,0.9973515,0.06902635,-0.022917032
1356447876623,0.003590555,-0.26164925,-0.96515644,-0.07520879,0.9623584,-0.2611705,0.9971614,0.073525995,-0.016222894
1356447876661,0.011655449,-0.2630297,-0.9647174,-0.07818971,0.96158904,-0.26312143,0.9968704,0.07849778,-0.009358466
1356447876700,0.01928541,-0.2620835,-0.9648526,-0.08105571,0.9614456,-0.26277822,0.996523,0.08327459,-0.0027014613
1356447876741,0.026483566,-0.25885838,-0.96555215,-0.08340581,0.9619509,-0.2601806,0.99616367,0.087423176,0.0038856268
1356447876781,0.033367395,-0.2533991,-0.96678615,-0.085019074,0.9630989,-0.25536698,0.9958204,0.09071619,0.010592341
1356447876820,0.039854556,-0.24606515,-0.96843356,-0.08579244,0.96478176,-0.24866796,0.9955155,0.09299483,0.017340422
1356447876861,0.045645833,-0.23748642,-0.9703178,-0.08568875,0.96681935,-0.24066114,0.9952758,0.09413049,0.02378136
1356447876901,0.05035284,-0.22839457,-0.9722657,-0.08479676,0.96900773,-0.2320208,0.9951252,0.09412787,0.029425204
1356447876940,0.053439856,-0.21960036,-0.97412515,-0.08321373,0.9711467,-0.22349396,0.99509776,0.09300407,0.033624172
1356447876981,0.054236174,-0.21195427,-0.97577345,-0.08072912,0.973082,-0.2158568,0.9952594,0.09048058,0.035665333
1356447877021,0.05205229,-0.20622796,-0.9771185,-0.07665446,0.9747331,-0.20980799,0.9956981,0.08582148,0.0349288
1356447877061,0.046313643,-0.20296866,-0.9780893,-0.06995827,0.97607684,-0.20586364,0.9964742,0.07795973,0.031006336
1356447877101,0.03615451,-0.2030231,-0.9785062,-0.058820993,0.9770165,-0.20488736,0.99761355,0.0649643,0.023381531
1356447877141,0.023253381,-0.204256,-0.97864133,-0.043898918,0.97775316,-0.20511371,0.9987654,0.047730885,0.013769448
1356447877181,0.008476287,-0.20640081,-0.97843075,-0.024462342,0.97813034,-0.20654935,0.9996648,0.025685474,0.003241837
1356447877221,-0.006133436,-0.20646524,-0.9784347,-0.0013262853,0.97845393,-0.20646098,0.99998033,3.1366944E-5,-0.0062751174
1356447877261,-0.018240273,-0.2012954,-0.9793607,0.023476943,0.9791674,-0.20169291,0.999558,-0.026671328,-0.0131344795
1356447877301,-0.026233226,-0.18904778,-0.98161745,0.04785756,0.98059195,-0.19012925,0.99850965,-0.051965512,-0.016676724
1356447877341,-0.029110938,-0.16852902,-0.98526675,0.06904788,0.982991,-0.17017984,0.9971885,-0.072984666,-0.016979218
1356447877381,-0.02651462,-0.13995153,-0.9898033,0.084490865,0.9862946,-0.14171875,0.99607146,-0.087386936,-0.014326632
1356447877422,-0.019044101,-0.10509058,-0.99428034,0.092614286,0.98999953,-0.10641202,0.99552,-0.094111085,-0.009120762
1356447877461,-0.008562595,-0.066879675,-0.99772435,0.09309982,0.99337375,-0.067387044,0.99561995,-0.093464956,-0.0022794008
1356447877519,0.0029434261,-0.028348435,-0.99959373,0.087171406,0.9958002,-0.027984157,0.996189,-0.08705363,0.005402267
1356447877541,0.014698118,0.008983411,-0.9998515,0.077907085,0.9969094,0.010102227,0.9968522,-0.078044005,0.013952792
1356447877582,0.026738644,0.044886943,-0.99863416,0.06946591,0.9964929,0.046650663,0.99722594,-0.070618406,0.023526728
1356447877618,0.03894952,0.07943153,-0.9960791,0.06473515,0.9945409,0.081840195,0.9971421,-0.06766897,0.033594906
1356447877661,0.050653845,0.11239248,-0.9923719,0.06375312,0.9912571,0.115520366,0.9966793,-0.06911836,0.04304564
1356447877701,0.060241222,0.14287418,-0.987906,0.064647816,0.987067,0.14669502,0.99608827,-0.07270306,0.050225616
1356447877740,0.06621882,0.16952322,-0.983299,0.06565893,0.9825858,0.17382197,0.99564254,-0.07607265,0.05393493
1356447877781,0.06803796,0.19126198,-0.979178,0.06503716,0.97851455,0.19565146,0.9955606,-0.07699467,0.05413699
1356447877820,0.06578943,0.20655167,-0.9762214,0.0610194,0.97567713,0.21054873,0.995966,-0.07342032,0.051585615
1356447877861,0.060358375,0.21384099,-0.975002,0.052653186,0.97474086,0.21704328,0.99678713,-0.06443734,0.04757434
1356447877901,0.053712785,0.2122415,-0.9757399,0.040104665,0.97590363,0.21448478,0.9977507,-0.050652295,0.04390663
1356447877940,0.04840076,0.20156986,-0.97827756,0.023957722,0.9789094,0.20288536,0.99854064,-0.03325712,0.042550802
1356447877981,0.04738328,0.18255247,-0.9820537,0.004603505,0.98310757,0.1829705,0.99886614,-0.013190627,0.045742452
1356447878021,0.054845393,0.1580871,-0.9859009,-0.018120773,0.987382,0.15731654,0.9983305,0.009237193,0.05701804
1356447878061,0.0763894,0.13362084,-0.9880841,-0.044218402,0.9904587,0.13052341,0.9960971,0.033720896,0.081569076
1356447878101,0.12088406,0.120095424,-0.98537517,-0.07328854,0.99102527,0.111793146,0.9899576,0.05870268,0.12860078
1356447878140,0.1853503,0.11598066,-0.9758042,-0.098583944,0.99019545,0.09896551,0.977715,0.07785532,0.19496685
1356447878181,0.2678457,0.13172823,-0.9544142,-0.11724548,0.9877034,0.10341917,0.9563014,0.08420037,0.27999663
1356447878220,0.3529356,0.15589385,-0.922569,-0.12848707,0.98475575,0.11724836,0.9267834,0.077157065,0.36758572
1356447878261,0.4212308,0.17244297,-0.8904089,-0.13278323,0.982905,0.12753992,0.8971807,0.06450763,0.43692738
1356447878300,0.4611311,0.16835742,-0.871214,-0.1274922,0.984219,0.12271375,0.87812513,0.05448588,0.47531825
1356447878340,0.47082967,0.13973616,-0.8710874,-0.109763294,0.98898304,0.09932055,0.87536925,0.048850365,0.48098046
1356447878381,0.45312402,0.09085483,-0.8868055,-0.081356175,0.994856,0.060354877,0.8877273,0.044798862,0.45818472
1356447878420,0.41284436,0.031447243,-0.9102586,-0.049153734,0.9987166,0.012209759,0.9094743,0.03970187,0.41386026
1356447878460,0.35694647,-0.02664703,-0.93374467,-0.021018134,0.9991109,-0.036547124,0.9338883,0.032670937,0.35606903
1356447878501,0.29431507,-0.07252389,-0.95295274,-9.3902275E-4,0.9970941,-0.07617326,0.955708,0.023313781,0.2933917
1356447878540,0.23345447,-0.09916118,-0.96729827,0.0128351785,0.99501413,-0.098904684,0.972283,0.010674283,0.23356324
1356447878581,0.18006521,-0.104339436,-0.9781052,0.025016274,0.99452245,-0.10148536,0.98333645,-0.006194573,0.18168908
1356447878621,0.13678479,-0.08904897,-0.98659015,0.039181247,0.99565834,-0.0844352,0.9898256,-0.027106388,0.13967997
1356447878661,0.10476756,-0.05511348,-0.99296844,0.05511348,0.99725056,-0.04953616,0.99296844,-0.04953616,0.107517004
1356447878700,0.084408164,-0.0045009255,-0.99642116,0.0718784,0.99741215,0.0015835166,0.9938354,-0.07175482,0.08451325
1356447878740,0.07532829,0.059632603,-0.9953741,0.085213766,0.9941737,0.06600953,0.9935111,-0.08979196,0.06980789
1356447878781,0.07641992,0.13412738,-0.9880131,0.09311745,0.98562,0.14100486,0.99271804,-0.10277683,0.0628314
1356447878820,0.08596045,0.21454677,-0.9729237,0.09576622,0.97023714,0.22241555,0.9916852,-0.112292156,0.06285566
1356447878860,0.10052124,0.29434198,-0.95039904,0.094815955,0.94805586,0.30364475,0.99040675,-0.12063575,0.067391455
1356447878901,0.11465195,0.36562717,-0.92367285,0.09189603,0.9219138,0.37633753,0.98914605,-0.12802969,0.07209951
1356447878940,0.12357712,0.4219051,-0.89817864,0.08785872,0.89691,0.43339735,0.98843795,-0.13247083,0.07376951
1356447878980,0.12498242,0.45964172,-0.87926614,0.08246401,0.8783361,0.47087735,0.988726,-0.13135923,0.07187265
1356447879020,0.11837268,0.47694004,-0.8709283,0.075125396,0.8702795,0.48679543,0.9901233,-0.12305212,0.06718701
1356447879060,0.104653746,0.47256595,-0.8750594,0.06564726,0.87468946,0.4802173,0.9923397,-0.10770181,0.060516834
1356447879101,0.08589804,0.44564578,-0.8910789,0.05329874,0.8910483,0.45076844,0.9948774,-0.08621356,0.052786946
1356447879140,0.067834824,0.3967194,-0.91543007,0.038614377,0.91581213,0.39974636,0.9969491,-0.062465504,0.046804905
1356447879181,0.057136,0.33547115,-0.9403162,0.019317642,0.941307,0.33699843,0.99817944,-0.03741941,0.047302008
1356447879220,0.062447846,0.26998007,-0.9608386,-0.004743442,0.9627871,0.27021927,0.9980369,-0.012316927,0.061404586
1356447879260,0.092669696,0.21526629,-0.9721486,-0.031467117,0.9764954,0.21322924,0.9951996,0.010830812,0.09726536
1356447879300,0.15189683,0.18405056,-0.971109,-0.05663371,0.9825162,0.17735413,0.9867725,0.028057985,0.15966457
1356447879341,0.23215312,0.17681807,-0.9564728,-0.07677861,0.98360133,0.16319764,0.96964425,0.03554982,0.24192196
1356447879380,0.31213352,0.17733014,-0.9333416,-0.08983666,0.9835324,0.15682244,0.9457811,0.034898758,0.3229242
1356447879420,0.3707163,0.16422422,-0.9141115,-0.092587724,0.9858744,0.13956794,0.9241196,0.032895382,0.38068485
1356447879460,0.3988058,0.1254367,-0.908416,-0.08164179,0.99152374,0.1010707,0.91339403,0.033857122,0.4056663
1356447879500,0.3965858,0.060768083,-0.91598415,-0.057340533,0.99749804,0.04134963,0.91620505,0.036124345,0.399078
1356447879540,0.3678235,-0.021902567,-0.9296376,-0.02525573,0.9991185,-0.033532325,0.9295526,0.035812657,0.3669461
1356447879580,0.31997597,-0.108187765,-0.9412284,0.0056022853,0.99365747,-0.11230961,0.94740915,0.030663349,0.3185526
1356447879620,0.26298404,-0.18284658,-0.94731545,0.02875907,0.98292667,-0.18173632,0.96437144,0.020549841,0.26375252
1356447879660,0.20641059,-0.23490457,-0.9498498,0.04386346,0.972,-0.23085058,0.9774819,0.0059863105,0.21093482
1356447879700,0.15627474,-0.26004982,-0.9528653,0.05482448,0.9655147,-0.25451052,0.98619086,-0.012466788,0.16514266
1356447879741,0.11549324,-0.25800884,-0.9592147,0.065547004,0.9655515,-0.25182116,0.9911432,-0.033790007,0.12842637
1356447879781,0.08629027,-0.22856951,-0.9696958,0.077744424,0.9719031,-0.22217155,0.993232,-0.056217194,0.101635754
1356447879820,0.07112214,-0.16996516,-0.98288023,0.09053181,0.9824085,-0.16333263,0.99335074,-0.07736534,0.085258245
1356447879861,0.072020054,-0.08250576,-0.9939848,0.10254343,0.99190444,-0.074903205,0.9921179,-0.09653209,0.07989746
1356447879900,0.08825421,0.031498503,-0.9955998,0.11124948,0.99293494,0.04127582,0.98986596,-0.114402734,0.08412647
1356447879941,0.1147607,0.15914032,-0.98056334,0.11390003,0.9784671,0.1721305,0.98684186,-0.13144001,0.09416348
1356447879980,0.14134592,0.2803158,-0.9494443,0.10927331,0.94879466,0.2963918,0.9839109,-0.1456427,0.10347724
1356447880020,0.15860015,0.37556553,-0.9131246,0.10055226,0.91387784,0.39334023,0.9822094,-0.15420057,0.1071772
1356447880061,0.16232547,0.43669194,-0.8848449,0.09181087,0.8861637,0.45418558,0.9824567,-0.15496424,0.103753865
1356447880104,0.15335298,0.4635061,-0.8727228,0.085185826,0.8736808,0.4789836,0.98449296,-0.1477972,0.09449738
1356447880141,0.13468614,0.45831618,-0.87852484,0.08041963,0.87862265,0.47069627,0.98761946,-0.13404691,0.08148068
1356447880180,0.111133516,0.42422268,-0.89871264,0.07547438,0.8981,0.43326655,0.9909353,-0.11598018,0.067791045
1356447880220,0.08914176,0.36661786,-0.9260913,0.0672362,0.925457,0.37283862,0.993747,-0.09550235,0.057846904
1356447880261,0.07708055,0.29598618,-0.95207703,0.0530736,0.9523461,0.30036664,0.9956112,-0.073682554,0.05769831
1356447880300,0.084626615,0.2288853,-0.969768,0.032616317,0.9721014,0.23228228,0.99587876,-0.051287524,0.07480025
1356447880341,0.12015727,0.18399882,-0.9755545,0.007905088,0.9824656,0.18627599,0.9927234,-0.030094258,0.116595864
1356447880380,0.18570298,0.17337468,-0.96718955,-0.018831484,0.9847579,0.17290822,0.98242545,-0.013895951,0.18613738
1356447880421,0.27048725,0.1927607,-0.9432284,-0.047042362,0.9812261,0.18703577,0.96157354,-0.0062190965,0.27447706
1356447880461,0.3510422,0.21841457,-0.91052973,-0.073569,0.97584206,0.20571795,0.933465,-0.0052288994,0.3586303
1356447880519,0.40764862,0.22476506,-0.8850442,-0.08955789,0.9744012,0.20620799,0.90873647,-0.0047977045,0.41734278
1356447880541,0.4351151,0.20140912,-0.87755865,-0.08754335,0.97950494,0.18140075,0.8961088,-0.00210578,0.44382942
1356447880581,0.43642217,0.15147343,-0.8868999,-0.06714445,0.98846126,0.1357789,0.89723307,2.9350072E-4,0.441557
1356447880619,0.41617873,0.08459954,-0.90533864,-0.03428206,0.99641436,0.07735087,0.90863633,-0.0011549108,0.41758668
1356447880661,0.3798071,0.01308237,-0.9249732,0.0023370902,0.99988323,0.015101503,0.9250627,-0.007897404,0.3797322
1356447880700,0.3342955,-0.05011855,-0.94113475,0.035163663,0.99855304,-0.040685967,0.9418121,-0.019492611,0.33557415
1356447880741,0.2862283,-0.09591115,-0.95334905,0.06146439,0.9947661,-0.08162416,0.956188,-0.035233878,0.29062533
1356447880781,0.24039292,-0.1192878,-0.9633181,0.081813164,0.9913788,-0.102346346,0.96722174,-0.054208755,0.24807978
1356447880821,0.20023006,-0.117676415,-0.97265625,0.09724911,0.9902452,-0.0997848,0.9749105,-0.07461005,0.20972079
1356447880861,0.16883576,-0.089893825,-0.9815363,0.109009854,0.99142617,-0.07204862,0.9795975,-0.09483275,0.1771875
1356447880900,0.15029079,-0.031123877,-0.9881517,0.1171488,0.99302316,-0.013459828,0.9816765,-0.11373791,0.15288836
1356447880940,0.14671752,0.057451453,-0.9875086,0.12183064,0.9896617,0.0756775,0.9816472,-0.13141203,0.13820136
1356447880980,0.15613937,0.16791622,-0.9733574,0.12165077,0.97467214,0.18765742,0.980215,-0.14771038,0.13175756
1356447881020,0.17104352,0.2799615,-0.94465107,0.11581462,0.94642025,0.30145583,0.97843295,-0.16096646,0.12945539
1356447881061,0.18188736,0.3708798,-0.9106949,0.10638896,0.91328454,0.39318284,0.9775471,-0.16840288,0.12665737
1356447881102,0.18253541,0.42737868,-0.8854537,0.09709707,0.888346,0.44879115,0.9783931,-0.16789524,0.120657384
1356447881140,0.17267567,0.44734934,-0.8775316,0.09054729,0.8799324,0.4663906,0.98080796,-0.15999241,0.111436665
1356447881181,0.15290165,0.43154284,-0.88903975,0.08649489,0.89032185,0.44704098,0.9844489,-0.1452507,0.09880543
1356447881220,0.12588957,0.38059208,-0.91613406,0.08313468,0.91618526,0.39203724,0.9885548,-0.12551591,0.083697736
1356447881260,0.09674108,0.2996676,-0.9491261,0.076968804,0.9484909,0.3073122,0.992329,-0.10278279,0.06869298
1356447881300,0.07356718,0.20092121,-0.9768411,0.06510646,0.9764382,0.20574158,0.99516284,-0.07873451,0.058752537
1356447881340,0.06679541,0.10411388,-0.9923199,0.047761995,0.9930672,0.10740726,0.99662286,-0.054569483,0.061359644
1356447881380,0.08637205,0.028606683,-0.99585223,0.02990365,0.9990628,0.031292513,0.9958141,-0.032482415,0.08543563
1356447881420,0.1377387,-0.014438755,-0.9903633,0.018364847,0.9997591,-0.012021574,0.99029833,-0.016532037,0.13797069
1356447881460,0.21606117,-0.028281037,-0.97597027,0.016318806,0.9995454,-0.025351513,0.9762435,-0.01044919,0.21642447
1356447881500,0.30188894,-0.031367525,-0.952827,0.02130342,0.99943095,-0.026152086,0.9531051,-0.012403448,0.3023854
1356447881540,0.3699901,-0.04701738,-0.9278451,0.031398483,0.99878085,-0.03809141,0.92850494,-0.015039488,0.3710153
1356447881580,0.4064561,-0.086175784,-0.9095973,0.047133848,0.9961942,-0.07331813,0.9124538,-0.013072213,0.408971
1356447881620,0.41059238,-0.14498961,-0.9002177,0.06748475,0.98940116,-0.12857352,0.90931827,-0.007959653,0.41602516
1356447881661,0.387788,-0.21266556,-0.8968801,0.088351764,0.977116,-0.19348982,0.9175045,-0.004207909,0.39770323
1356447881700,0.34613335,-0.27700827,-0.8963582,0.104351066,0.960856,-0.25664482,0.9323639,-0.0047026277,0.36149043
1356447881740,0.2949464,-0.32777262,-0.8975365,0.11254854,0.9447019,-0.3080116,0.9488622,-0.010169491,0.31552672
1356447881781,0.2424128,-0.35884535,-0.901369,0.11468053,0.9331655,-0.3406619,0.9633714,-0.02078867,0.26736385
1356447881820,0.19473457,-0.36739615,-0.9094496,0.11508468,0.9293539,-0.35079467,0.97408104,-0.03635186,0.22325903
1356447881860,0.15502909,-0.35438943,-0.9221573,0.11833878,0.9333832,-0.33880904,0.9807966,-0.056601733,0.18663955
1356447881901,0.1262835,-0.3196079,-0.939097,0.12658101,0.94412893,-0.3042987,0.983885,-0.080443986,0.15968418
1356447881940,0.11170167,-0.2625675,-0.95842636,0.13910507,0.9590976,-0.24653912,0.98395765,-0.10578311,0.14365727
1356447881980,0.11322403,-0.18509375,-0.97617656,0.15357457,0.97394717,-0.16685835,0.98162884,-0.13102353,0.13869989
1356447882020,0.12948948,-0.09025364,-0.98746485,0.16508815,0.98391247,-0.068280414,0.97774154,-0.15417716,0.14230615
1356447882061,0.15410584,0.0131864175,-0.9879664,0.16858673,0.9848974,0.0394421,0.9735656,-0.17263627,0.14955539
1356447882100,0.1774199,0.11301333,-0.97762465,0.16203439,0.976473,0.14228627,0.9707043,-0.18365324,0.15493369
1356447882141,0.1920009,0.19866025,-0.9610774,0.14817804,0.9622023,0.22849527,0.97014374,-0.18628186,0.15530664
1356447882180,0.19448417,0.2628658,-0.94502777,0.13125694,0.9477853,0.29064518,0.9720841,-0.18056732,0.14982629
1356447882220,0.18510896,0.30402136,-0.9345082,0.11415828,0.93785197,0.3277218,0.9760648,-0.16734606,0.13889825
1356447882260,0.16621459,0.32237315,-0.93190575,0.09800866,0.93497145,0.3409145,0.9812069,-0.1479998,0.12381053
1356447882300,0.14188501,0.31954616,-0.93688786,0.08214484,0.9393977,0.33284244,0.9864689,-0.12418586,0.107037365
1356447882341,0.1182951,0.2989217,-0.9469172,0.06454996,0.949281,0.30773193,0.9908782,-0.09752667,0.092999876
1356447882380,0.104257315,0.26665202,-0.95813733,0.04305187,0.96127445,0.27220964,0.9936181,-0.06962944,0.08874005
1356447882420,0.11041948,0.23224883,-0.9663685,0.017306373,0.97171736,0.23551181,0.9937344,-0.04272943,0.10327715
1356447882460,0.14577779,0.20650914,-0.96752405,-0.009818055,0.97822523,0.20731393,0.98926866,-0.02072256,0.14463103
1356447882500,0.21081707,0.19628558,-0.95761585,-0.034213863,0.980514,0.19344696,0.97692657,-0.008018181,0.2134248
1356447882540,0.29043925,0.19775096,-0.9362369,-0.053816795,0.98024005,0.1903502,0.95537883,-0.0048998967,0.2953425
1356447882580,0.35906082,0.19654268,-0.91238505,-0.06659291,0.9804789,0.18500417,0.93093544,-0.0056693926,0.3651399
1356447882621,0.39819643,0.17815089,-0.8998344,-0.067524314,0.9839909,0.16493139,0.9148115,-0.0049143955,0.4038512
1356447882660,0.40547818,0.13784716,-0.90365136,-0.0539093,0.9904497,0.12689811,0.91251373,-0.0027392134,0.409037
1356447882700,0.38456306,0.077464774,-0.91984254,-0.028318223,0.99699366,0.07212294,0.9226642,-0.0016875044,0.38560057
1356447882740,0.34289986,0.0049252235,-0.93935907,0.0015302175,0.999982,0.005801665,0.93937075,-0.003426814,0.34288615
1356447882780,0.2897611,-0.06843379,-0.9546493,0.027851615,0.99762106,-0.063060515,0.95669365,-0.008316042,0.29097778
1356447882820,0.23447356,-0.13181794,-0.96314394,0.04737481,0.9911362,-0.12411581,0.97096753,-0.016526878,0.23864007
1356447882860,0.18420058,-0.178061,-0.96662533,0.061767768,0.9836067,-0.16941863,0.98094594,-0.028499268,0.19217938
1356447882900,0.14342844,-0.2034957,-0.9685132,0.074728176,0.9780646,-0.19443595,0.9868353,-0.044487573,0.15548915
1356447882940,0.1150431,-0.20634064,-0.9716937,0.08897009,0.97639734,-0.19680592,0.98936814,-0.063810505,0.13068593
1356447882980,0.10151589,-0.18475333,-0.97752786,0.1044189,0.9791553,-0.17421706,0.98933876,-0.0843866,0.11869156
1356447883020,0.10429913,-0.13747148,-0.9849991,0.118718885,0.98504025,-0.12490636,0.9874348,-0.10391037,0.119059324
1356447883061,0.12212646,-0.06622149,-0.9903029,0.12874013,0.9903993,-0.05035139,0.98412967,-0.12134249,0.12947935
1356447883100,0.14896286,0.020765021,-0.98862475,0.13136497,0.9905024,0.040598113,0.9800783,-0.13591827,0.14482027
1356447883141,0.17414135,0.107234776,-0.9788643,0.12553287,0.9835249,0.13007781,0.97668636,-0.14553156,0.15781087
1356447883180,0.18897736,0.17601739,-0.96607745,0.114075735,0.9732081,0.19963132,0.975333,-0.1479318,0.16383499
1356447883220,0.19054571,0.21779849,-0.9572127,0.10121204,0.9655229,0.2398369,0.97644687,-0.14258134,0.16193241
1356447883260,0.18047568,0.22913878,-0.95651656,0.09023492,0.964527,0.24808326,0.97943157,-0.13108417,0.15339738
1356447883300,0.16180396,0.20930937,-0.9643698,0.08219915,0.9709922,0.22453828,0.98339355,-0.115601555,0.13990533
1356447883340,0.13808951,0.15977731,-0.9774469,0.07559075,0.98232293,0.17125349,0.98753095,-0.097534254,0.1235708
1356447883381,0.11440244,0.08631091,-0.989678,0.06733441,0.993254,0.09440634,0.9911499,-0.077439696,0.10781896
1356447883421,0.098212,0.0010445938,-0.99516493,0.054999363,0.99846536,0.006475901,0.99364454,-0.05536945,0.098003805
1356447883461,0.09884995,-0.079691894,-0.99190617,0.03928519,0.9963236,-0.07613177,0.9943266,-0.0314416,0.10161728
1356447883519,0.12486023,-0.14111853,-0.9820874,0.024797935,0.98996806,-0.13909817,0.99186444,-0.0069858953,0.12710708
1356447883541,0.17916036,-0.1770817,-0.96775186,0.01873187,0.9841034,-0.17660591,0.9836415,0.0135129765,0.17962939
1356447883582,0.25538474,-0.19096155,-0.9477934,0.026751012,0.981321,-0.19050857,0.96646935,0.023298554,0.25572282
1356447883618,0.33615077,-0.1958009,-0.92122996,0.048194006,0.98044497,-0.19080096,0.9405743,0.019740127,0.33901376
1356447883661,0.40068963,-0.20788771,-0.8923175,0.0771426,0.97811496,-0.19323596,0.91296047,0.00859195,0.40795755
1356447883700,0.43465513,-0.23968957,-0.8681151,0.10786675,0.9708494,-0.21404725,0.89411396,-6.040111E-4,0.4478392
1356447883740,0.43536794,-0.29152498,-0.8517441,0.13655421,0.9565542,-0.25759864,0.8898358,-0.004159078,0.456262
1356447883780,0.4079365,-0.35467607,-0.8413041,0.15904748,0.93497854,-0.31704736,0.8990504,-0.0044721216,0.43782222
1356447883820,0.36127526,-0.41726917,-0.83388644,0.17057274,0.90877104,-0.38084137,0.9167252,-0.0046497732,0.39949125
1356447883861,0.30628148,-0.46890265,-0.82844555,0.16851717,0.88323224,-0.43761027,0.93690646,-0.005575374,0.34953582
1356447883900,0.25222066,-0.50418055,-0.8259459,0.15524155,0.86356807,-0.4797398,0.955136,-0.0072208494,0.29607946
1356447883940,0.20403281,-0.522643,-0.82777715,0.13723372,0.8524847,-0.50441724,0.9692975,-0.010681227,0.24565911
1356447883980,0.16287485,-0.5262622,-0.8345776,0.12180418,0.8501273,-0.51229626,0.97909933,-0.018214896,0.20256531
1356447884021,0.12865925,-0.5170294,-0.84624314,0.11404577,0.85538775,-0.5052775,0.9851093,-0.031501815,0.16901857
1356447884061,0.10194006,-0.4959656,-0.8623377,0.11536233,0.86689883,-0.4849515,0.98807883,-0.050045326,0.1455875
1356447884100,0.084435314,-0.4628362,-0.8824133,0.12370406,0.8835938,-0.45161852,0.98872036,-0.07102558,0.13186127
1356447884139,0.077524774,-0.41714007,-0.9055297,0.13488273,0.904301,-0.40502638,0.98782414,-0.090740755,0.12637073
1356447884181,0.08115262,-0.36138213,-0.92887956,0.14705145,0.92609566,-0.34745172,0.9857941,-0.10839647,0.12829685
1356447884221,0.09298143,-0.29713517,-0.9502975,0.15770084,0.94677943,-0.280605,0.9830997,-0.12377163,0.13489139
1356447884261,0.10801551,-0.22951055,-0.967294,0.16308823,0.96389586,-0.21049255,0.9806808,-0.13501778,0.14154619
1356447884301,0.12058759,-0.1649225,-0.9789072,0.15973249,0.9764773,-0.14483634,0.97976744,-0.1388978,0.14409453
1356447884340,0.1274353,-0.10834263,-0.9859118,0.14707668,0.985091,-0.08924187,0.9808815,-0.1336321,0.14147002
1356447884380,0.12802604,-0.06278513,-0.98978144,0.12692843,0.99082446,-0.04643339,0.983615,-0.11968672,0.13482052
1356447884420,0.12340772,-0.029139128,-0.99192816,0.102252334,0.9946217,-0.016496837,0.98707396,-0.09939113,0.12572354
1356447884460,0.11528179,-0.007167585,-0.9933069,0.075606205,0.9971365,0.0015795268,0.9904512,-0.07528226,0.115493596
1356447884500,0.106491,0.0047172736,-0.99430245,0.048757747,0.998761,0.009960439,0.9931175,-0.049540643,0.10612905
1356447884540,0.10156354,0.009576756,-0.994783,0.022695854,0.9996711,0.011940975,0.9945702,-0.023790218,0.10131276
1356447884580,0.1066795,0.011852568,-0.9942228,-0.0024286709,0.9999291,0.011659999,0.99429053,0.0011707563,0.10670072
1356447884621,0.12868157,0.016849156,-0.9915428,-0.027012788,0.9995442,0.013479428,0.991318,0.025049781,0.12907803
1356447884660,0.1709859,0.028732512,-0.98485446,-0.050894495,0.99849784,0.02029448,0.9839581,0.0466536,0.17219138
1356447884701,0.23053774,0.049108192,-0.97182333,-0.07298736,0.9967849,0.03305535,0.97032213,0.063310325,0.23338085
1356447884740,0.29231042,0.072609365,-0.95356303,-0.09074204,0.9947205,0.047926754,0.95200866,0.07251876,0.2973559
1356447884780,0.33824915,0.09094451,-0.9366519,-0.101435855,0.99304384,0.059788805,0.9355739,0.07478656,0.34512126
1356447884821,0.3576553,0.09826967,-0.9286688,-0.10416967,0.9924398,0.064899236,0.92802554,0.07352756,0.36518806
1356447884860,0.35040408,0.09455252,-0.93181366,-0.10035801,0.9929537,0.06301734,0.9312063,0.07143344,0.35742414
1356447884900,0.3225053,0.083944775,-0.9428381,-0.0925178,0.99408615,0.056861147,0.94203544,0.06889129,0.32836443
1356447884940,0.2818603,0.07193619,-0.9567549,-0.08254805,0.99530596,0.050516076,0.9558978,0.06473978,0.28647542
1356447884980,0.23669237,0.063998856,-0.96947455,-0.071107216,0.9962933,0.04840879,0.9689791,0.057478644,0.2403658
1356447885020,0.19361156,0.06411887,-0.9789808,-0.057381626,0.9968939,0.05394382,0.9793987,0.045731366,0.19668943
1356447885061,0.15633303,0.07387186,-0.9849381,-0.040591255,0.99683726,0.068321526,0.98687,0.029298961,0.15883714
1356447885100,0.12651923,0.093526974,-0.9875452,-0.021915529,0.9955659,0.09147887,0.99172205,0.010068741,0.12800795
1356447885141,0.105094284,0.12270964,-0.9868624,-0.0041661933,0.9924035,0.12295495,0.99445343,-0.008810397,0.1048072
1356447885181,0.09301928,0.16062906,-0.98262185,0.010327436,0.9866921,0.16227204,0.9956108,-0.025242396,0.09012252
1356447885220,0.09240845,0.20654751,-0.9740631,0.021149725,0.97762096,0.20930842,0.9954966,-0.039943032,0.08597201
1356447885260,0.104046196,0.26080412,-0.9597685,0.02870734,0.9638165,0.26501623,0.9941581,-0.05512634,0.09279442
1356447885301,0.12493566,0.3196224,-0.9392724,0.03324741,0.94480944,0.32592896,0.99160767,-0.07194853,0.10741377
1356447885340,0.1476562,0.3762805,-0.91466415,0.034441784,0.92228407,0.3849752,0.98843884,-0.08834663,0.12322122
1356447885380,0.16516936,0.42435142,-0.8903061,0.032596618,0.89986265,0.43495372,0.9857265,-0.100862,0.13479733
1356447885420,0.17333597,0.46018922,-0.87073565,0.028398544,0.88141567,0.47148693,0.9844532,-0.106453285,0.13971233
1356447885460,0.17133164,0.4817997,-0.85936874,0.022589535,0.8701161,0.49232882,0.9849544,-0.103764236,0.1381948
1356447885500,0.16049072,0.48793912,-0.8579965,0.015670538,0.86789536,0.49649978,0.9869129,-0.093128875,0.13164288
1356447885540,0.14351875,0.47772273,-0.86670846,0.0076758564,0.87521106,0.48368043,0.9896179,-0.076069966,0.12194228
1356447885580,0.124301136,0.45107093,-0.8837898,-0.0021683276,0.89081883,0.4543535,0.9922422,-0.05456032,0.111707866
1356447885620,0.10802454,0.4099491,-0.90568894,-0.015625924,0.9116076,0.41076437,0.9940254,-0.03022042,0.10488182
1356447885660,0.10182196,0.36004817,-0.9273605,-0.034610882,0.9329234,0.35840774,0.9942003,-0.004396975,0.107453704
1356447885700,0.11440903,0.31132263,-0.9433923,-0.059017107,0.95008045,0.3063725,0.9916792,0.020624489,0.12707114
1356447885740,0.15252888,0.27504838,-0.9492541,-0.08526714,0.96057373,0.2646273,0.98461384,0.040576875,0.16996783
1356447885780,0.21392947,0.25612706,-0.9426733,-0.107266515,0.965338,0.23794213,0.9709418,0.050214462,0.2339881
1356447885820,0.28347403,0.24833676,-0.92626745,-0.11946762,0.96750885,0.22283202,0.9515093,0.04749188,0.30393183
1356447885860,0.34003288,0.23790792,-0.90982276,-0.1188294,0.97058594,0.20938602,0.9328758,0.036915556,0.35830158
1356447885901,0.36986905,0.21397135,-0.90410906,-0.105730236,0.97649086,0.18784761,0.9230482,0.026112646,0.383797
1356447885940,0.37207526,0.17523433,-0.9115113,-0.08464201,0.98433167,0.1546832,0.92433524,0.019598357,0.38107765
1356447885980,0.3516239,0.12618944,-0.92759734,-0.060800895,0.9918595,0.11188383,0.9341648,0.017057724,0.35643393
1356447886020,0.3163818,0.074520245,-0.9457004,-0.038488373,0.99709725,0.06569407,0.9478508,0.015614061,0.3183316
1356447886061,0.27362508,0.026957817,-0.9614585,-0.0190041,0.9995635,0.022617774,0.96164864,0.012082865,0.27401793
1356447886100,0.22874573,-0.012260437,-0.97340894,-0.0012146127,0.9999163,-0.012879733,0.97348535,0.0041284985,0.22871172
1356447886139,0.18710905,-0.039366398,-0.98155004,0.015130717,0.99919367,-0.037189707,0.9822226,-0.007893024,0.18755382
1356447886181,0.1512776,-0.054762844,-0.9869733,0.031406645,0.9982264,-0.0505734,0.9879923,-0.023346892,0.15272921
1356447886220,0.12380639,-0.056979306,-0.9906692,0.046927482,0.9975692,-0.051511522,0.9911962,-0.04011215,0.12617934
1356447886260,0.10740417,-0.04519033,-0.9931879,0.0606825,0.99740195,-0.038819816,0.9923618,-0.056099717,0.109867394
1356447886301,0.104866445,-0.01853666,-0.9943136,0.072284654,0.99732375,-0.010969188,0.99185586,-0.07072331,0.10592574
1356447886340,0.11597577,0.02132402,-0.9930231,0.082746446,0.9960867,0.031053813,0.9897993,-0.08577062,0.11375743
1356447886380,0.13599956,0.06850407,-0.9883376,0.09349794,0.9922664,0.081642106,0.98628706,-0.10351083,0.12854278
1356447886420,0.15650645,0.11464361,-0.9810008,0.103929214,0.9858148,0.13178681,0.9821937,-0.122580126,0.14237154
1356447886460,0.17025396,0.15222523,-0.9735713,0.111952245,0.97861075,0.17259093,0.9790201,-0.1383778,0.1495704
1356447886519,0.17441809,0.177062,-0.9686214,0.11590555,0.9731694,0.1987643,0.97782624,-0.14693668,0.14921588
1356447886541,0.16976959,0.18746984,-0.96748817,0.115431845,0.9711985,0.20844415,0.97870004,-0.14706644,0.14323997
1356447886581,0.15841717,0.18265793,-0.9703299,0.11121234,0.97318506,0.20135206,0.9810891,-0.1398103,0.1338554
1356447886618,0.14279127,0.1624709,-0.9763267,0.10395807,0.9785165,0.17803955,0.9842781,-0.12691954,0.12283343
1356447886661,0.12584424,0.12816551,-0.98373616,0.093356624,0.98568904,0.14036256,0.98764753,-0.1095021,0.11207819
1356447886700,0.11211932,0.08298175,-0.9902238,0.078566834,0.9926472,0.09208065,0.99058384,-0.08812277,0.10477531
1356447886740,0.10874438,0.03324302,-0.9935137,0.059055742,0.9974594,0.039838947,0.992314,-0.063004956,0.10650492
1356447886780,0.124853045,-0.01352602,-0.99208313,0.03665957,0.99928725,-0.009010657,0.9914978,-0.035244327,0.12525994
1356447886821,0.16726604,-0.051060222,-0.9845887,0.016887002,0.99865985,-0.048921112,0.9857672,-0.008443914,0.16790414
1356447886860,0.23339066,-0.077827916,-0.9692634,0.007791713,0.9969095,-0.078171596,0.97235173,0.010692295,0.23327577
1356447886901,0.30916828,-0.09719838,-0.94602716,0.015135493,0.9951402,-0.09729805,0.95088685,0.01576288,0.30913693
1356447886940,0.37179276,-0.11810458,-0.9207722,0.03671822,0.9929687,-0.11253877,0.9275893,0.008031983,0.3735152
1356447886980,0.40529013,-0.14676312,-0.90233064,0.06431198,0.9891613,-0.13199973,0.91192317,-0.0045324787,0.41033596
1356447887020,0.40652058,-0.18376787,-0.89496946,0.088684425,0.98287416,-0.16153473,0.90932727,-0.013702661,0.41585594
1356447887061,0.3808778,-0.22466365,-0.896916,0.10386351,0.974288,-0.19993821,0.91877335,-0.017004818,0.394419
1356447887101,0.33597803,-0.26396173,-0.9041255,0.10821191,0.96438766,-0.24134327,0.9356329,-0.016751125,0.35257685
1356447887139,0.28465554,-0.29376662,-0.9125089,0.10450475,0.95572495,-0.27507922,0.95291656,-0.01705867,0.30275238
1356447887181,0.23110321,-0.31497887,-0.92053217,0.098071516,0.9488678,-0.3000532,0.96797377,-0.02093473,0.25017685
1356447887220,0.17978123,-0.32604387,-0.92810243,0.09283304,0.9448875,-0.31395796,0.97931653,-0.029714823,0.20014066
1356447887260,0.13373178,-0.32743713,-0.93536127,0.091564365,0.9438845,-0.31732953,0.9867785,-0.043208733,0.15620893
1356447887301,0.09547952,-0.31956023,-0.94274324,0.09489014,0.9456791,-0.3109451,0.9908983,-0.059768155,0.12061608
1356447887340,0.067004114,-0.30265337,-0.95074254,0.101721786,0.949991,-0.29524523,0.9925539,-0.07692857,0.094439745
1356447887380,0.04932204,-0.2771296,-0.9595657,0.110729426,0.9563298,-0.2705035,0.9926259,-0.0929104,0.077854514
1356447887420,0.042234544,-0.24391754,-0.96887594,0.121357515,0.96381325,-0.23735288,0.99171,-0.10755587,0.07030743
1356447887460,0.04453811,-0.20460191,-0.97783154,0.13293815,0.9713117,-0.19718266,0.9901232,-0.12120896,0.07045978
1356447887500,0.053838134,-0.16182777,-0.98534924,0.14286515,0.97787696,-0.1527946,0.9882768,-0.13254592,0.07576662
1356447887540,0.06590569,-0.11989718,-0.99059635,0.14703445,0.98308444,-0.109205574,0.9869333,-0.13845451,0.08241987
1356447887580,0.07598993,-0.0839545,-0.99356794,0.14299941,0.9870661,-0.07246825,0.98680127,-0.13657276,0.08701253
1356447887620,0.081463665,-0.05809362,-0.99498177,0.13158114,0.99018866,-0.047040623,0.9879525,-0.12708874,0.088308394
1356447887660,0.082175255,-0.04479067,-0.99561083,0.115507364,0.9926854,-0.035125364,0.98990166,-0.11211395,0.086747825
1356447887700,0.079300284,-0.04529608,-0.9958212,0.097158365,0.99456215,-0.037501793,0.9921047,-0.09377845,0.083269954
1356447887741,0.07502419,-0.0594644,-0.99540704,0.07753654,0.9955461,-0.05362875,0.9941626,-0.073156975,0.0793007
1356447887780,0.07257721,-0.08568652,-0.9936752,0.05739543,0.9950104,-0.08160955,0.99570996,-0.05110942,0.07713306
1356447887820,0.07587141,-0.11987989,-0.989885,0.037336465,0.9923918,-0.11732176,0.99641836,-0.028057441,0.07977003
1356447887861,0.08911601,-0.15813233,-0.98338825,0.018768325,0.9874079,-0.15707788,0.9958444,-0.0044583976,0.090961754
1356447887901,0.11599496,-0.1963592,-0.9736469,0.0040270984,0.9803487,-0.19723102,0.99324167,0.018956833,0.114506245
1356447887940,0.15893859,-0.2300556,-0.96011084,-0.0036729127,0.972328,-0.23359099,0.9872816,0.040653013,0.15369546
1356447887980,0.2166551,-0.25690186,-0.9418397,-5.402267E-4,0.9647227,-0.26326782,0.976248,0.0575471,0.20887333
1356447888020,0.2807256,-0.27835828,-0.9185368,0.015268549,0.9581945,-0.28570995,0.9596666,0.066181354,0.27323985
1356447888061,0.33724254,-0.29870588,-0.8927722,0.041217998,0.95210296,-0.30298686,0.94051504,0.06538177,0.33340168
1356447888100,0.37184918,-0.32371128,-0.8700226,0.07092579,0.94439596,-0.32106978,0.9255797,0.05768253,0.37413234
1356447888139,0.37913698,-0.35504356,-0.854517,0.09650016,0.9335974,-0.34508497,0.920295,0.048373446,0.38822305
1356447888181,0.36011165,-0.39073917,-0.8471378,0.11291143,0.9196399,-0.37618273,0.926051,0.039816245,0.37529194
1356447888220,0.32234645,-0.4253127,-0.8456961,0.118583634,0.90448856,-0.40968078,0.9391649,0.031773433,0.3419938
1356447888260,0.2745012,-0.45392144,-0.8477054,0.11553562,0.890752,-0.43955928,0.95462066,0.022719398,0.2969566
1356447888300,0.22412395,-0.47372237,-0.85167813,0.10797647,0.8805998,-0.46139467,0.9685606,0.011448428,0.24851435
1356447888340,0.17642227,-0.4839571,-0.85712355,0.10036336,0.8750882,-0.47344264,0.97918457,-0.0024979413,0.20295662
1356447888380,0.13438216,-0.48511183,-0.8640647,0.0957485,0.87425053,-0.47593927,0.98629284,-0.01877518,0.16393238
1356447888420,0.099627756,-0.47804204,-0.8726684,0.095464915,0.8775782,-0.4698329,0.99043465,-0.036500826,0.13306743
1356447888460,0.07317955,-0.46347064,-0.88308537,0.09977782,0.88441926,-0.45590234,0.99231505,-0.054749608,0.11096549
1356447888500,0.055692665,-0.44202015,-0.8952746,0.108472556,0.8940375,-0.43466157,0.99253815,-0.07290524,0.097738385
1356447888541,0.047396503,-0.41422957,-0.9089376,0.12104398,0.905636,-0.4064132,0.99151504,-0.090758845,0.09306395
1356447888580,0.047807775,-0.38063663,-0.92348796,0.13692677,0.9183144,-0.3714157,0.9894268,-0.10869369,0.09602189
1356447888621,0.05565974,-0.34198478,-0.9380556,0.15499756,0.931082,-0.33024558,0.9863456,-0.12701496,0.10483062
1356447888660,0.068112195,-0.2990361,-0.9518078,0.17100234,0.94340444,-0.2841589,0.98291343,-0.14340669,0.11539322
1356447888700,0.08159405,-0.25384012,-0.9637985,0.17965989,0.954928,-0.23629405,0.98033905,-0.15387575,0.12352133
1356447888741,0.093132794,-0.20734805,-0.97382396,0.17732006,0.9658931,-0.18870117,0.9797366,-0.15510423,0.12672329
1356447888780,0.10117659,-0.16073832,-0.98179764,0.1645729,0.97596973,-0.14282455,0.98116213,-0.14712675,0.12519848
1356447888821,0.10501176,-0.11577414,-0.98770887,0.14375047,0.9845364,-0.10011895,0.9840266,-0.13146996,0.12003046
1356447888861,0.10528651,-0.07352498,-0.9917202,0.11781211,0.99116206,-0.060976014,0.9874387,-0.110416695,0.113018155
1356447888901,0.103808224,-0.03553556,-0.9939623,0.08854378,0.99572366,-0.026351126,0.99064815,-0.08527372,0.10651076
1356447888940,0.10362467,-0.0028290749,-0.9946124,0.05734263,0.9983496,0.0031345896,0.99296206,-0.057358515,0.10361588
1356447888980,0.109344184,0.024181308,-0.9937098,0.025330925,0.9993116,0.027104948,0.9936812,-0.028135356,0.10865641
1356447889020,0.1273382,0.04653732,-0.990767,-0.0065013133,0.9989164,0.046084527,0.9918381,5.7296455E-4,0.1275028
1356447889061,0.16427845,0.06610897,-0.9841962,-0.03594391,0.9974902,0.061002314,0.9857589,0.025354499,0.16624236
1356447889100,0.22157568,0.08576557,-0.97136426,-0.05980404,0.99544483,0.074249975,0.9733076,0.041639514,0.22569549
1356447889141,0.28652397,0.106901795,-0.9520904,-0.075600535,0.99317956,0.08876395,0.95508564,0.046545535,0.2926516
1356447889180,0.34031206,0.12876698,-0.93145406,-0.083347045,0.990811,0.10652133,0.9366114,0.041383453,0.34791726
1356447889220,0.36814827,0.14950816,-0.9176678,-0.08556822,0.9882462,0.12667882,0.92582124,0.031886604,0.37661427
1356447889260,0.3679862,0.1682697,-0.9144788,-0.08469879,0.9854663,0.14724904,0.92596555,0.023269631,0.37689024
1356447889300,0.3464802,0.18552208,-0.91952866,-0.081319876,0.982498,0.16758513,0.9345258,0.016711034,0.35550272
1356447889340,0.31242537,0.20250489,-0.92810684,-0.074506745,0.9792278,0.1885781,0.94701594,0.010233626,0.32102358
1356447889380,0.27303612,0.22043492,-0.93640786,-0.06275432,0.9754011,0.21131632,0.9599548,0.0010666549,0.28015298
1356447889420,0.23309284,0.2401815,-0.94232726,-0.045349717,0.97064984,0.23618275,0.97139657,-0.012318246,0.2371437
1356447889460,0.19574004,0.26242372,-0.9448913,-0.02349969,0.96450853,0.2630039,0.98037416,-0.029275738,0.19495982
1356447889519,0.16344818,0.28816518,-0.94352823,-1.4385581E-4,0.9563968,0.29207048,0.98655194,-0.04760266,0.15636277
1356447889541,0.13792324,0.31845725,-0.9378498,0.021806672,0.94569343,0.3243276,0.99020284,-0.065183714,0.123488605
1356447889581,0.12025067,0.35422483,-0.92739666,0.040559053,0.93164253,0.36110562,0.99191475,-0.08103752,0.09766364
1356447889618,0.111784846,0.39646962,-0.91121674,0.054936826,0.913096,0.40402675,0.99221265,-0.09522341,0.08028954
1356447889661,0.114515066,0.44604525,-0.88765424,0.06322351,0.8884486,0.4546008,0.9914077,-0.10817927,0.07354021
1356447889700,0.12878081,0.50286806,-0.85471594,0.06285043,0.8560212,0.51310575,0.98967946,-0.11979745,0.078633666
1356447889740,0.15168303,0.5634451,-0.8121095,0.051915556,0.8159408,0.57579976,0.98706484,-0.12950014,0.09451282
1356447889780,0.17607781,0.62193537,-0.76301575,0.03176871,0.7711321,0.6358821,0.9838635,-0.13620476,0.11602116
1356447889820,0.19440097,0.67233455,-0.7142651,0.0073881447,0.7271325,0.6864574,0.9808943,-0.1387251,0.13638794
1356447889861,0.2027105,0.71145445,-0.6728603,-0.015472174,0.6893672,0.72424686,0.9791165,-0.13640183,0.15074968
1356447889901,0.2014152,0.73856735,-0.6433897,-0.0329403,0.661587,0.74914455,0.97895193,-0.12969565,0.15758228
1356447889940,0.19301493,0.7532639,-0.62875986,-0.04346496,0.64674455,0.7614672,0.9802327,-0.119645566,0.15757191
1356447889981,0.17986237,0.75406396,-0.6316937,-0.04695168,0.6480153,0.7601787,0.98257065,-0.10706845,0.15195817
1356447890021,0.16469921,0.7378227,-0.6545929,-0.044736624,0.6685608,0.74231064,0.9853288,-0.09297368,0.14311916
