1356447751632,-0.14875907,-0.5075825,0.84866416,-0.11705162,-0.8431413,-0.52479684,0.98192143,-0.17740579,0.06601151
1356447751791,0.076979816,0.71460927,0.69527525,-0.17041537,-0.67765224,0.71536434,0.9823608,-0.17355421,0.069614835
1356447751833,0.071679235,0.7097957,0.70075107,-0.17092803,-0.68342394,0.70972896,0.9826727,-0.17065081,0.072336726
1356447751870,0.06718612,0.7073138,0.7036996,-0.17117313,-0.6866649,0.7065345,0.98294747,-0.16792375,0.07493883
1356447751911,0.06266391,0.70426005,0.707171,-0.17149234,-0.69042677,0.702781,0.9831905,-0.16531342,0.07751042
1356447751952,0.057911515,0.6984728,0.7132896,-0.17204195,-0.69681686,0.69631016,0.9833859,-0.16304013,0.07981285
1356447751990,0.052993596,0.68851906,0.7232794,-0.17286694,-0.70703685,0.6857228,0.98351854,-0.16136998,0.08155378
1356447752031,0.048049986,0.6736714,0.7374672,-0.17404163,-0.7213789,0.67031467,0.9835653,-0.16055861,0.0825847
1356447752070,0.043153584,0.6540091,0.7552548,-0.17569995,-0.73920894,0.65015346,0.98349744,-0.16075468,0.08300993
1356447752112,0.038231373,0.630823,0.77498436,-0.1778966,-0.7588657,0.6264788,0.9833063,-0.16181824,0.0832088
1356447752150,0.03303951,0.607101,0.7939375,-0.18040453,-0.7777006,0.60219264,0.9830374,-0.16312608,0.083828926
1356447752191,0.027368963,0.5872131,0.8089695,-0.18279219,-0.7926874,0.5815785,0.98277056,-0.1637905,0.08564299
1356447752232,0.021278441,0.5747462,0.81805503,-0.18486772,-0.80186826,0.56818235,0.982533,-0.16332202,0.08918953
1356447752270,0.015212595,0.57050294,0.8211546,-0.18693231,-0.8051472,0.56284475,0.982255,-0.16206264,0.09439713
1356447752311,0.009741664,0.5726832,0.8197189,-0.18945567,-0.803853,0.5638502,0.981841,-0.16079323,0.10066715
1356447752351,0.0052395463,0.57857925,0.81560934,-0.19271772,-0.79974645,0.5685645,0.9812403,-0.16016139,0.10731217
1356447752391,0.0018149614,0.58583,0.81043196,-0.19671993,-0.79438794,0.574673,0.980458,-0.16047114,0.11380267
1356447752431,-6.2310696E-4,0.5927403,0.80539346,-0.20153672,-0.7889421,0.5804768,0.97948074,-0.16195466,0.11995053
1356447752470,-0.00207299,0.5978972,0.8015701,-0.20718548,-0.7844358,0.5845807,0.97829944,-0.16486187,0.12550175
1356447752511,-0.0024368167,0.6000205,0.7999809,-0.21374203,-0.7818082,0.5857391,0.9768871,-0.1695622,0.13015473
1356447752551,-0.0014263988,0.5975753,0.8018115,-0.22131105,-0.7821186,0.5825048,0.97520226,-0.17661886,0.13336563
1356447752591,0.0014768839,0.5884162,0.8085568,-0.22981125,-0.78671706,0.5729424,0.97323406,-0.18666163,0.1340628
1356447752631,0.006785214,0.57049274,0.82127464,-0.23886022,-0.7965945,0.55532235,0.97103024,-0.1999378,0.13086301
1356447752675,0.014808476,0.54230654,0.8400502,-0.2483106,-0.8118291,0.5284652,0.96856725,-0.21641916,0.122638434
1356447752712,0.025355041,0.5054652,0.8624743,-0.25847176,-0.8301005,0.49409062,0.96568596,-0.23545295,0.10960126
1356447752752,0.03783542,0.46549028,0.88424385,-0.26944172,-0.84735173,0.4575982,0.9622731,-0.25556564,0.0933626
1356447752792,0.051755965,0.43086576,0.9009307,-0.28007978,-0.85967165,0.42722365,0.95858055,-0.27444384,0.07618365
1356447752832,0.0671401,0.409955,0.9096313,-0.28849605,-0.8647684,0.41103002,0.9551242,-0.29002163,0.06020975
1356447752872,0.08431727,0.40806943,0.9090489,-0.29345065,-0.8616696,0.4140195,0.9522486,-0.30166999,0.047094613
1356447752912,0.10344666,0.42736098,0.89814335,-0.29460856,-0.84930253,0.43805376,0.9500025,-0.30991593,0.038046658
1356447752953,0.124001384,0.46606785,0.8760162,-0.2921676,-0.82654494,0.48110437,0.9482941,-0.31560117,0.03367728
1356447752992,0.14488626,0.51894134,0.84244156,-0.28652856,-0.79293877,0.5377261,0.94705296,-0.31929266,0.03380567
1356447753032,0.16482693,0.57841694,0.7989155,-0.27795312,-0.74992615,0.600294,0.94634783,-0.32100564,0.037164778
1356447753091,0.18273091,0.63689387,0.7489831,-0.26682958,-0.7010903,0.66126734,0.9462618,-0.32068485,0.041831195
1356447753111,0.19812149,0.6886651,0.6974871,-0.25488305,-0.6509159,0.7150826,0.94645786,-0.3194509,0.046568632
1356447753152,0.21155334,0.72950053,0.6504415,-0.24577385,-0.60441214,0.7578134,0.94596004,-0.3201794,0.051426798
1356447753188,0.22441572,0.7565309,0.61424637,-0.2431452,-0.56691825,0.7870731,0.94367266,-0.32598263,0.05672151
1356447753231,0.23778898,0.7697402,0.5924157,-0.24804771,-0.54156435,0.80323124,0.93911064,-0.3379469,0.062154233
1356447753271,0.25111157,0.7725609,0.58317465,-0.25781125,-0.52733505,0.80959934,0.93299323,-0.35364872,0.066754974
1356447753311,0.26276875,0.7693112,0.58233404,-0.26841438,-0.52143437,0.8099753,0.926772,-0.36914307,0.06947749
1356447753351,0.27080595,0.7641944,0.58538103,-0.2760741,-0.5209045,0.80773854,0.922197,-0.38034892,0.06991025
1356447753390,0.2737072,0.76029086,0.58910286,-0.278608,-0.52355975,0.8051476,0.92057693,-0.38450342,0.06852112
1356447753431,0.27076858,0.7588507,0.5923091,-0.27575573,-0.52836573,0.8029873,0.9223032,-0.38075632,0.06619254
1356447753471,0.26205897,0.75974286,0.5950763,-0.26861903,-0.53483254,0.8011229,0.9269136,-0.36979023,0.063923776
1356447753511,0.24796635,0.7624841,0.5976041,-0.2588625,-0.5422899,0.79931957,0.93354315,-0.35290164,0.06290892
1356447753551,0.22886097,0.7673708,0.5989697,-0.24809575,-0.5490027,0.79815066,0.9413135,-0.33126736,0.06473616
1356447753591,0.20480818,0.77702355,0.59522104,-0.23823383,-0.5502518,0.80029225,0.9493673,-0.30570817,0.07241723
1356447753631,0.17597717,0.79640114,0.57859945,-0.23354831,-0.5372128,0.81046754,0.9562882,-0.27775472,0.09146094
1356447753675,0.14361948,0.83277,0.53466594,-0.24344936,-0.49393415,0.83472234,0.9592215,-0.25004643,0.13179877
1356447753712,0.1143384,0.87689304,0.4668889,-0.2752199,-0.4236163,0.8630198,0.9545579,-0.22717342,0.1929028
1356447753752,0.094658375,0.91768926,0.3858578,-0.33629268,-0.33533615,0.8800323,0.93698823,-0.21306357,0.27686983
1356447753792,0.08525157,0.9432553,0.32093826,-0.41418144,-0.2594114,0.8724444,0.906193,-0.20730385,0.3685637
1356447753832,0.0817256,0.95622975,0.2809726,-0.48276836,-0.20865339,0.85052836,0.8719264,-0.20515466,0.44458517
1356447753872,0.08021426,0.96293736,0.25752124,-0.5233232,-0.1791991,0.83307886,0.8483504,-0.20159158,0.48955312
1356447753912,0.07887405,0.9664342,0.24450716,-0.5327702,-0.16644007,0.829731,0.84257615,-0.19571033,0.50175965
1356447753952,0.075990796,0.9660883,0.24677706,-0.51658785,-0.17354262,0.8384628,0.85285544,-0.19119748,0.4858818
1356447753992,0.069081426,0.9582335,0.27751836,-0.48345625,-0.21117806,0.849514,0.87263846,-0.19285369,0.4486754
1356447754032,0.056061327,0.93520427,0.3496429,-0.44299543,-0.29053718,0.8481411,0.89476943,-0.20243812,0.39800322
1356447754072,0.037094474,0.8842267,0.4655828,-0.4038335,-0.41290247,0.8163518,0.9140802,-0.2183001,0.34176385
1356447754112,0.01664418,0.79549605,0.60573024,-0.3724088,-0.55729246,0.74211645,0.92791957,-0.23793122,0.286974
1356447754152,0.0032930374,0.6831763,0.73024607,-0.35303414,-0.68243474,0.6400387,0.9356046,-0.25990942,0.23893732
1356447754192,0.0038996935,0.58615994,0.810186,-0.34757236,-0.75888395,0.5507165,0.9376451,-0.28374588,0.20077357
1356447754233,0.019088626,0.53406763,0.8452262,-0.3534306,-0.7871951,0.50538176,0.93526596,-0.30837587,0.17372939
1356447754272,0.044839263,0.5294702,0.84714264,-0.3648842,-0.7807263,0.50727284,0.92997247,-0.3318547,0.15818822
1356447754312,0.07597411,0.56031597,0.82478726,-0.3766173,-0.7497788,0.5440508,0.9232483,-0.35196292,0.15406087
1356447754352,0.10680419,0.60806376,0.78667104,-0.3861385,-0.7037272,0.5963766,0.91623676,-0.36745954,0.15963581
1356447754392,0.13311398,0.6540402,0.7446556,-0.39235163,-0.6551857,0.6455941,0.9101323,-0.37810445,0.16939947
1356447754432,0.1531626,0.686607,0.7107124,-0.39406645,-0.6171044,0.6810975,0.90623003,-0.38438654,0.17605147
1356447754472,0.16690212,0.7046147,0.68968236,-0.3903014,-0.59513927,0.70247704,0.9054327,-0.3864289,0.17568213
1356447754512,0.17438203,0.71175444,0.68043846,-0.38088262,-0.58847994,0.71317583,0.90803045,-0.38353223,0.16847456
1356447754552,0.17504197,0.71039176,0.68169194,-0.3668144,-0.5954794,0.7147387,0.913678,-0.3751637,0.15634802
1356447754590,0.16791368,0.6988175,0.69531226,-0.35011044,-0.6170709,0.7047313,0.9215355,-0.3617701,0.14104867
1356447754632,0.15079612,0.67033815,0.72657233,-0.33406174,-0.65718603,0.67565477,0.9304103,-0.34460613,0.12483317
1356447754671,0.11931008,0.61516106,0.77932143,-0.32136977,-0.7187448,0.6165447,0.9394076,-0.32401034,0.11194065
1356447754710,0.06249708,0.5057566,0.86040944,-0.31512418,-0.8079949,0.49783635,0.94699043,-0.30224913,0.10887882
1356447754751,-0.01928556,0.35215557,0.9357428,-0.30771226,-0.89257896,0.32956943,0.951284,-0.28158358,0.12557647
1356447754790,-0.10889268,0.22750185,0.96767,-0.2973432,-0.9363433,0.1866766,0.9485406,-0.2674024,0.16960707
1356447754831,-0.16013587,0.2931109,0.9425723,-0.31979895,-0.9187977,0.23138632,0.933855,-0.26438037,0.24086896
1356447754870,-0.16499197,0.48253933,0.8601939,-0.38938317,-0.83317035,0.39269328,0.90617794,-0.27015382,0.32535905
1356447754911,-0.17027104,0.5970158,0.7839515,-0.45416743,-0.7535769,0.47524083,0.87449396,-0.2751255,0.39945745
1356447754950,-0.20313168,0.6133906,0.76321006,-0.48089272,-0.74147415,0.46792984,0.8529242,-0.27197075,0.44559193
1356447754990,-0.27770793,0.51901877,0.8083921,-0.45022547,-0.8136723,0.3677423,0.84863144,-0.2618338,0.4596387
1356447755031,-0.39781213,0.22018631,0.89065343,-0.32124603,-0.9427494,0.08958022,0.85938734,-0.25048274,0.4457711
1356447755070,-0.46677637,-0.25867343,0.84569967,-0.0986962,-0.9350575,-0.34047973,0.87885094,-0.24239522,0.4109327
1356447755111,-0.4327553,-0.572358,0.69651204,0.04128495,-0.7843765,-0.6189095,0.90056556,-0.23908092,0.36307293
1356447755151,-0.38597465,-0.6943978,0.60731804,0.06903872,-0.67822945,-0.7315999,0.91992235,-0.24045058,0.3097197
1356447755190,-0.35373175,-0.72761095,0.58775514,0.042306572,-0.640185,-0.7670549,0.93438965,-0.24646577,0.2572365
1356447755231,-0.332161,-0.7133546,0.61708546,-0.009238124,-0.6517392,-0.7583871,0.9431776,-0.25760725,0.20989215
1356447755270,-0.31371212,-0.66208243,0.68061125,-0.074216574,-0.6975059,-0.71272546,0.9466133,-0.27410322,0.1696785
1356447755311,-0.2903822,-0.57387215,0.7657342,-0.146592,-0.76409143,-0.6282317,0.94561565,-0.29467785,0.13775347
1356447755350,-0.25508475,-0.44445157,0.8587168,-0.22076178,-0.837869,-0.49923924,0.94137985,-0.31692013,0.115609616
1356447755390,-0.20304465,-0.26990283,0.941236,-0.29093486,-0.90121853,-0.3211885,0.93494904,-0.339054,0.10446346
1356447755431,-0.13530946,-0.065255105,0.98865217,-0.34917527,-0.93067086,-0.10921712,0.92723674,-0.359991,0.103143096
1356447755471,-0.06288737,0.12659034,0.9899597,-0.38718507,-0.9173295,0.09270683,0.9198549,-0.3774675,0.10670221
1356447755510,9.2977285E-4,0.2740118,0.96172595,-0.40364778,-0.8797945,0.25105837,0.914914,-0.38843194,0.10978618
1356447755551,0.05069405,0.37818703,0.92434007,-0.40247276,-0.83931273,0.36547172,0.91402715,-0.39054894,0.10966194
1356447755591,0.085592866,0.45031792,0.8887563,-0.38887703,-0.8061779,0.44592816,0.9173051,-0.3837852,0.10611516
1356447755631,0.105997205,0.49657133,0.86149955,-0.36773196,-0.785383,0.4979425,0.92387104,-0.36958146,0.09935677
1356447755672,0.11291534,0.5186559,0.847494,-0.34329885,-0.78005594,0.5231238,0.93241405,-0.35001245,0.08997372
1356447755712,0.10753006,0.5176269,0.84882253,-0.3186397,-0.7907926,0.5226049,0.9417569,-0.3266643,0.07990247
1356447755752,0.09063548,0.49827287,0.8622699,-0.2956998,-0.81332123,0.50106907,0.9509715,-0.3003877,0.07362339
1356447755792,0.062758744,0.4728559,0.878902,-0.27718,-0.8377356,0.47050032,0.9587663,-0.27314207,0.07849085
1356447755832,0.028449595,0.4799519,0.8768334,-0.2681019,-0.8413848,0.46924722,0.96297044,-0.24843061,0.10473895
1356447755872,-0.004911065,0.55236125,0.8335904,-0.28118545,-0.80072945,0.52893007,0.95964086,-0.23179585,0.15924841
1356447755912,-0.028408825,0.66800135,0.7436176,-0.3281142,-0.70893055,0.62430644,0.9442108,-0.22625571,0.23932064
1356447755952,-0.042701185,0.75898147,0.64971054,-0.39528307,-0.61007583,0.6867015,0.9175663,-0.22749662,0.32606342
1356447755992,-0.05444944,0.8056488,0.5898858,-0.45174086,-0.54672253,0.7049998,0.89048606,-0.22808865,0.39371324
1356447756032,-0.06947863,0.8158395,0.5740892,-0.47810853,-0.5323133,0.69860905,0.8755483,-0.2259386,0.42704436
1356447756072,-0.09347147,0.78848284,0.60791266,-0.4712569,-0.57289433,0.6706034,0.87702906,-0.22380075,0.42512733
1356447756111,-0.13162619,0.7056303,0.69624734,-0.43473652,-0.6723034,0.5991763,0.8908864,-0.22381687,0.39525604
1356447756151,-0.18366057,0.53154284,0.82688016,-0.37120014,-0.8164096,0.44236374,0.9102083,-0.22569327,0.34725112
1356447756188,-0.23112231,0.26091203,0.9372873,-0.29007223,-0.9380366,0.18959276,0.9286768,-0.22806187,0.29248452
1356447756231,-0.24996775,-0.014881842,0.9681399,-0.21977857,-0.9729114,-0.07170066,0.94298124,-0.23069924,0.23992562
1356447756270,-0.24202722,-0.18892619,0.9516983,-0.1867907,-0.9534395,-0.23677479,0.9521197,-0.23507436,0.19546872
1356447756311,-0.22225302,-0.24913442,0.9426217,-0.18954399,-0.93731624,-0.29242322,0.9563873,-0.24366024,0.16109943
1356447756351,-0.1960507,-0.21859924,0.9559176,-0.21639009,-0.94115937,-0.25960416,0.95642006,-0.2577467,0.1372123
1356447756391,-0.16390097,-0.12511641,0.9785103,-0.25663784,-0.95236087,-0.16475983,0.9525091,-0.27812707,0.123983264
1356447756431,-0.12663013,1.7231703E-4,0.99195,-0.30105424,-0.9528389,-0.03826642,0.945162,-0.30347642,0.120710045
1356447756471,-0.08867395,0.121191114,0.9886605,-0.34136638,-0.936157,0.084137656,0.93573815,-0.33003464,0.1243833
1356447756511,-0.055353105,0.2154683,0.9749407,-0.37162805,-0.91072977,0.18017775,0.9267301,-0.3523419,0.13048571
1356447756551,-0.029554605,0.2801824,0.9594917,-0.3883185,-0.8877319,0.24726662,0.92105114,-0.36528054,0.13503659
1356447756591,-0.012732327,0.32044253,0.9471824,-0.39121988,-0.8733437,0.29020315,0.92020917,-0.36686164,0.13648313
1356447756630,-0.0054842234,0.3396988,0.94051826,-0.38251114,-0.86971617,0.31189588,0.9239346,-0.35804823,0.13470829
1356447756674,-0.007884741,0.3366792,0.9415864,-0.36492535,-0.8776434,0.3107595,0.93100333,-0.34115848,0.12978283
1356447756713,-0.02050072,0.3054947,0.9519731,-0.34420666,-0.8961209,0.2801589,0.93867004,-0.321932,0.12352449
1356447756752,-0.04014063,0.25196904,0.9669024,-0.3210976,-0.9196076,0.22631404,0.946195,-0.30138567,0.11782035
1356447756792,-0.0679965,0.17961295,0.9813846,-0.2961886,-0.9429481,0.1520565,0.95270604,-0.2803356,0.117316484
1356447756832,-0.10283357,0.11623972,0.9878833,-0.27145153,-0.9587308,0.084552765,0.9569427,-0.2594676,0.13014323
1356447756872,-0.1453684,0.098008364,0.98451126,-0.254155,-0.965388,0.05857727,0.9561764,-0.24170318,0.16524622
1356447756912,-0.19537532,0.15474674,0.9684431,-0.25918663,-0.96051174,0.10119068,0.94585985,-0.23123732,0.22776851
1356447756952,-0.24659956,0.2689082,0.93106234,-0.29669458,-0.9355498,0.19162223,0.92258394,-0.22898719,0.31048968
1356447756992,-0.2886101,0.37789157,0.8797171,-0.34983185,-0.89690804,0.27050626,0.8912474,-0.2296822,0.39105523
1356447757032,-0.31833535,0.4384734,0.8404783,-0.38638443,-0.8696276,0.30733544,0.8656615,-0.22691198,0.4462524
1356447757072,-0.33769768,0.4454411,0.8291818,-0.38944378,-0.8681152,0.30774903,0.8569094,-0.21899353,0.4666348
1356447757112,-0.34674424,0.40464854,0.8461845,-0.36043286,-0.89036995,0.27808225,0.8659427,-0.20856926,0.45457911
1356447757152,-0.34283674,0.3213835,0.88270926,-0.31026223,-0.9256654,0.2165201,0.8866794,-0.19964027,0.41706526
1356447757192,-0.32354087,0.20669442,0.9233627,-0.25546637,-0.95869166,0.12508889,0.9110753,-0.19541676,0.3629794
1356447757232,-0.2909876,0.082669295,0.9531484,-0.21292448,-0.9768695,0.01972276,0.93273216,-0.19720955,0.30185932
1356447757272,-0.25260735,-0.025108121,0.96724313,-0.19186497,-0.97851235,-0.075508535,0.94835514,-0.20465407,0.24236196
1356447757311,-0.21631086,-0.10037395,0.97115123,-0.19149825,-0.9710178,-0.1430138,0.9573599,-0.2169092,0.19082019
1356447757350,-0.18661463,-0.13792421,0.9727034,-0.20625328,-0.96253073,-0.1760518,0.9605387,-0.23347712,0.15117499
1356447757390,-0.16459191,-0.13887265,0.97653663,-0.23074019,-0.95714784,-0.17500582,0.95899343,-0.2541308,0.12549528
1356447757430,-0.14878356,-0.107449606,0.9830148,-0.26072037,-0.9546432,-0.14380962,0.95388067,-0.2776885,0.11402097
1356447757471,-0.13675797,-0.051055305,0.9892879,-0.29339057,-0.9517772,-0.0896774,0.94616026,-0.30251187,0.11518398
1356447757510,-0.12554002,0.018412635,0.9919176,-0.32602823,-0.94506234,-0.02372022,0.9369873,-0.326371,0.12464625
1356447757550,-0.11317253,0.08622432,0.9898269,-0.3544451,-0.934184,0.040851504,0.92820287,-0.34621602,0.13628581
1356447757591,-0.09912819,0.14125882,0.9849972,-0.37295628,-0.9229899,0.09483272,0.92253846,-0.3579603,0.14417768
1356447757630,-0.08520591,0.1797866,0.9800085,-0.37808368,-0.9158539,0.13514505,0.921842,-0.35901004,0.14601061
1356447757673,-0.07385349,0.20137891,0.9767252,-0.36899027,-0.9154112,0.16083674,0.92649436,-0.34852374,0.14191324
1356447757712,-0.06729275,0.20558009,0.97632396,-0.35061088,-0.9210056,0.16976623,0.9341005,-0.33088577,0.13405567
1356447757752,-0.06531882,0.19099402,0.9794155,-0.3248008,-0.93213123,0.16011167,0.9435242,-0.30765662,0.12292078
1356447757792,-0.06891191,0.15417287,0.9856378,-0.2943294,-0.9471509,0.12757441,0.9532163,-0.28131077,0.11064765
1356447757832,-0.078504086,0.09852858,0.9920329,-0.26041675,-0.96257925,0.074995294,0.96229947,-0.25245458,0.1012249
1356447757872,-0.09658694,0.034910634,0.9947121,-0.22505935,-0.9742668,0.012339719,0.96954584,-0.22267741,0.10195848
1356447757912,-0.1268012,-0.009565532,0.9918821,-0.19294383,-0.9806164,-0.034122624,0.97298217,-0.19570431,0.12249759
1356447757952,-0.17332709,6.8962574E-4,0.98486406,-0.17495295,-0.98411655,-0.030101024,0.9692003,-0.17752221,0.17069471
1356447757992,-0.23316646,0.083368674,0.96885663,-0.18685444,-0.98159343,0.03949599,0.95431596,-0.17182602,0.24445239
1356447758032,-0.29048896,0.20676534,0.934272,-0.23152287,-0.96255153,0.14103757,0.9284467,-0.17533548,0.32748157
1356447758072,-0.33019525,0.30350706,0.8937866,-0.2795638,-0.935857,0.21451269,0.90156263,-0.17903934,0.39386514
1356447758112,-0.3528294,0.34012315,0.8716809,-0.30072168,-0.92338926,0.23857653,0.88604623,-0.17795655,0.42808127
1356447758151,-0.36307204,0.31330597,0.8775066,-0.28685158,-0.9336166,0.21465348,0.88650703,-0.17377953,0.42884248
1356447758190,-0.3611828,0.22961225,0.90378386,-0.24670447,-0.95820475,0.14484674,0.89926857,-0.17065135,0.40273345
1356447758230,-0.34464437,0.10446506,0.9329026,-0.19711185,-0.97968686,0.036884412,0.91780555,-0.17117417,0.35823494
1356447758270,-0.31488973,-0.029615112,0.9486661,-0.15736148,-0.98405087,-0.08295257,0.93599236,-0.17540443,0.3052073
1356447758310,-0.27902532,-0.14124267,0.94983965,-0.1374573,-0.97306347,-0.18507561,0.9503948,-0.18220317,0.2520945
1356447758350,-0.24409032,-0.21564567,0.9454718,-0.13655052,-0.9576052,-0.253666,0.9600906,-0.19102208,0.20429555
1356447758390,-0.2132281,-0.25202376,0.9439374,-0.1491826,-0.9464283,-0.28638798,0.96554565,-0.201885,0.16420755
1356447758430,-0.18669349,-0.25335214,0.9491882,-0.17006165,-0.94325495,-0.2852175,0.96758693,-0.21466877,0.13301414
1356447758470,-0.16388595,-0.22113363,0.96137464,-0.19537832,-0.94797,-0.25135657,0.9669378,-0.22902559,0.112154305
1356447758510,-0.1438675,-0.15710549,0.97704655,-0.22306745,-0.9567591,-0.18668942,0.9641281,-0.24480583,0.10260141
1356447758550,-0.1247111,-0.06996119,0.98972356,-0.25117165,-0.96279365,-0.09970671,0.959875,-0.261025,0.10249865
1356447758590,-0.10444534,0.022067592,0.99428576,-0.2754302,-0.961291,-0.0075974613,0.95563036,-0.27464986,0.10648051
1356447758630,-0.08301848,0.10172688,0.99134237,-0.29026327,-0.9541124,0.07359886,0.95333904,-0.2816402,0.108736485
1356447758674,-0.062582016,0.1616554,0.98486084,-0.2916956,-0.9466706,0.13685133,0.95446163,-0.2787152,0.10639879
1356447758712,-0.0462569,0.20229933,0.97823066,-0.28202406,-0.9420851,0.18148848,0.9582916,-0.26748946,0.10063127
1356447758752,-0.035355687,0.22223702,0.9743514,-0.26303703,-0.942654,0.20546259,0.9641377,-0.24902622,0.091784745
1356447758792,-0.030567527,0.21723787,0.9756399,-0.2392713,-0.94930655,0.20387788,0.97047144,-0.2272106,0.08099681
1356447758832,-0.031438768,0.18536906,0.98216593,-0.21347632,-0.96122247,0.174583,0.9764422,-0.2041805,0.069791555
1356447758872,-0.03899753,0.1280952,0.9909948,-0.18752463,-0.9750666,0.11865689,0.98148537,-0.18120863,0.06204626
1356447758911,-0.055628,0.060808845,0.9965981,-0.16267508,-0.9853585,0.051042862,0.9851103,-0.15928227,0.06470567
1356447758950,-0.08585405,0.0132912025,0.9962191,-0.14153475,-0.98993284,0.001009889,0.9862034,-0.14091289,0.08687085
1356447758990,-0.13503385,0.024852023,0.99052924,-0.13236406,-0.9911776,0.006823767,0.98196,-0.13018905,0.13713211
1356447759030,-0.20148087,0.110206395,0.97327286,-0.14995167,-0.9854076,0.08053839,0.96794623,-0.12971695,0.2150664
1356447759089,-0.26882178,0.23186415,0.93486583,-0.19824201,-0.9631322,0.18187003,0.9425684,-0.13643904,0.30487597
1356447759111,-0.31953835,0.3258044,0.88980156,-0.25076795,-0.93462765,0.25216392,0.9137892,-0.14255765,0.38035068
1356447759151,-0.35087508,0.36196196,0.8636378,-0.27640593,-0.92121416,0.27379596,0.8946991,-0.14264642,0.42327952
1356447759189,-0.36628407,0.34235564,0.86523324,-0.26643452,-0.92951006,0.25499746,0.89154285,-0.13712649,0.43168008
1356447759231,-0.36620754,0.27406383,0.8892588,-0.22759515,-0.9529994,0.19998184,0.90227085,-0.12915617,0.41137102
1356447759270,-0.34928823,0.17096417,0.9212866,-0.17598118,-0.9776871,0.11471057,0.9203414,-0.12206206,0.37158108
1356447759310,-0.31626183,0.051857676,0.94725347,-0.12821846,-0.99167943,0.011481173,0.9399673,-0.11782432,0.32027954
1356447759350,-0.27356344,-0.05667016,0.960183,-0.09779476,-0.9914509,-0.08637807,0.9568695,-0.11753075,0.26568276
1356447759391,-0.23035169,-0.13490626,0.9637107,-0.08882505,-0.9832942,-0.15887916,0.969045,-0.122199744,0.21452048
1356447759431,-0.19318533,-0.17577413,0.96528906,-0.097923696,-0.9754558,-0.19722311,0.97626346,-0.13262527,0.17123124
1356447759471,-0.16431892,-0.18143882,0.9695768,-0.11907862,-0.9721003,-0.2020919,0.9791933,-0.1486634,0.13812906
1356447759511,-0.14321613,-0.15735951,0.97710145,-0.14615124,-0.9730918,-0.17813551,0.9788407,-0.16831645,0.11636409
1356447759551,-0.12895381,-0.10974571,0.9855591,-0.1755501,-0.9756336,-0.13161004,0.97598827,-0.18998662,0.106545806
1356447759591,-0.11983657,-0.04579293,0.991737,-0.20628047,-0.97598654,-0.06999156,0.97112703,-0.21296352,0.10751262
1356447759631,-0.1129719,0.02189862,0.99335694,-0.23686084,-0.971528,-0.0055201575,0.96495306,-0.23591098,0.11494222
1356447759674,-0.10633761,0.080444835,0.9910706,-0.26334524,-0.963408,0.049943686,0.9588231,-0.25568286,0.12363121
1356447759712,-0.0993067,0.12169176,0.9875877,-0.2794952,-0.955949,0.08968862,0.9549978,-0.26711932,0.12894434
1356447759752,-0.09355599,0.14417918,0.98511904,-0.28184485,-0.95281965,0.11268532,0.9548878,-0.26710832,0.12977827
1356447759792,-0.0912143,0.14772955,0.9848126,-0.27201372,-0.95502293,0.11806668,0.9579606,-0.25711316,0.12729621
1356447759832,-0.09256661,0.1310388,0.9870463,-0.25270408,-0.96193737,0.10400643,0.9631055,-0.23980308,0.122157246
1356447759872,-0.097126365,0.090438984,0.9911545,-0.22679359,-0.97167414,0.06643725,0.9690878,-0.21833467,0.114886224
1356447759912,-0.1037969,0.02616617,0.99425423,-0.19595753,-0.9805977,0.0053494275,0.9751035,-0.19427635,0.10691059
1356447759952,-0.11280781,-0.054603215,0.99211526,-0.16159701,-0.984187,-0.072541155,0.98038805,-0.16850609,0.10220033
1356447759992,-0.12728894,-0.13326994,0.98287165,-0.12603763,-0.98072594,-0.1493018,0.9838252,-0.14288327,0.108038604
1356447760032,-0.15454769,-0.1821146,0.97105587,-0.093903005,-0.9757076,-0.19793206,0.98351276,-0.121775,0.13369218
1356447760072,-0.20361018,-0.1750694,0.9632723,-0.07458094,-0.9782503,-0.19355601,0.9762072,-0.11125174,0.18612495
1356447760112,-0.27479637,-0.10609565,0.955631,-0.08159519,-0.987735,-0.13312298,0.95803404,-0.11455661,0.26276916
1356447760150,-0.34953827,-0.0072784685,0.93689376,-0.1164373,-0.9918802,-0.05114632,0.9296587,-0.12696698,0.34585267
1356447760190,-0.40558726,0.072786994,0.9111537,-0.15667206,-0.98760825,0.009154163,0.90052915,-0.13903952,0.411965
1356447760230,-0.43462074,0.10670103,0.89427054,-0.17679273,-0.9837454,0.031454545,0.88309073,-0.14442973,0.44642004
1356447760270,-0.43842542,0.094119415,0.8938259,-0.17020111,-0.9852011,0.020256799,0.8825048,-0.14324905,0.44795644
1356447760310,-0.42038476,0.046378285,0.9061599,-0.14497618,-0.98929554,-0.016623937,0.8956889,-0.13836005,0.42260844
1356447760350,-0.3849793,-0.02115893,0.9226825,-0.11382632,-0.991016,-0.070218764,0.915879,-0.13205835,0.37911236
1356447760390,-0.33901006,-0.09297703,0.9361771,-0.08764155,-0.9876558,-0.12982659,0.9366916,-0.12606053,0.3266766
1356447760431,-0.29089683,-0.15605623,0.9439414,-0.07346416,-0.98005176,-0.18466578,0.9539297,-0.12306456,0.2736295
1356447760470,-0.24780226,-0.20329869,0.94724,-0.073641084,-0.97095364,-0.22765301,0.9660077,-0.12616871,0.22563344
1356447760510,-0.21417177,-0.23182407,0.94888777,-0.08762757,-0.96295214,-0.2550384,0.97285753,-0.13777076,0.18592298
1356447760550,-0.19195396,-0.24109596,0.95132875,-0.1127293,-0.9575222,-0.2654115,0.9749081,-0.15818942,0.1566216
1356447760591,-0.18098223,-0.23203245,0.955723,-0.14535898,-0.9547869,-0.25933135,0.97268504,-0.1858573,0.13907146
1356447760630,-0.17871422,-0.20798409,0.96166736,-0.18164173,-0.95362777,-0.24000125,0.966989,-0.21757053,0.13264811
1356447760674,-0.18193853,-0.17376025,0.9678356,-0.21940081,-0.9522761,-0.21221083,0.9585206,-0.25095323,0.13513258
1356447760712,-0.18406337,-0.13986069,0.972913,-0.25197497,-0.9500334,-0.18424226,0.9500681,-0.27906197,0.1396249
1356447760752,-0.18271965,-0.11411556,0.97651994,-0.27433428,-0.9478737,-0.1620995,0.94411564,-0.29751164,0.14188927
1356447760792,-0.17793798,-0.09882804,0.97906643,-0.28297263,-0.9477808,-0.14709821,0.9424779,-0.3032234,0.14068064
1356447760832,-0.1713447,-0.09426029,0.98069155,-0.27735728,-0.9505381,-0.13982147,0.94536436,-0.29595962,0.13672602
1356447760871,-0.1643148,-0.10038504,0.98128664,-0.26045412,-0.955088,-0.14131752,0.95140123,-0.2788007,0.13078934
1356447760910,-0.15730786,-0.11700967,0.98059314,-0.2359604,-0.95974195,-0.15237463,0.9589457,-0.25535086,0.12336531
1356447760950,-0.15103155,-0.14202298,0.9782734,-0.20658322,-0.9632397,-0.17173395,0.966702,-0.22803211,0.11614004
1356447760990,-0.14836574,-0.16915204,0.9743589,-0.1745071,-0.9653242,-0.1941558,0.97341406,-0.1988386,0.113702744
1356447761030,-0.1553114,-0.1866851,0.9700654,-0.14199875,-0.9675645,-0.20893838,0.9776066,-0.1701986,0.12376475
1356447761070,-0.18039757,-0.17957637,0.967062,-0.1134803,-0.9728271,-0.20181572,0.9770255,-0.14614955,0.15511733
1356447761110,-0.22998351,-0.13533552,0.9637385,-0.09771684,-0.9820676,-0.16122828,0.9682763,-0.13125335,0.21263486
1356447761150,-0.29786348,-0.057449177,0.95287824,-0.10375735,-0.99032545,-0.092140734,0.94895303,-0.12631348,0.28902102
1356447761190,-0.36251122,0.027198546,0.9315824,-0.12746486,-0.99162805,-0.020649392,0.92322165,-0.12622967,0.36294323
1356447761230,-0.40404314,0.08751058,0.91054446,-0.14979121,-0.9883064,0.028516077,0.9023923,-0.12486983,0.41242665
1356447761270,-0.41734934,0.11129519,0.9019051,-0.15669882,-0.9864195,0.049213156,0.89513403,-0.12078838,0.42912143
1356447761310,-0.40638697,0.10262436,0.9079195,-0.14839318,-0.987893,0.045242805,0.9015703,-0.11634298,0.4166956
1356447761351,-0.37746084,0.07127398,0.9232786,-0.1324357,-0.9909395,0.022353943,0.91650647,-0.1138373,0.38348007
1356447761390,-0.33901381,0.030416876,0.9402896,-0.11752285,-0.9930173,-0.010249384,0.9334121,-0.11398019,0.34022126
1356447761430,-0.29776716,-0.011235464,0.95457244,-0.108842954,-0.99301064,-0.04564012,0.9484134,-0.117488615,0.29446307
1356447761470,-0.25915432,-0.04654245,0.96471393,-0.10969356,-0.9909571,-0.07727589,0.9595866,-0.12584928,0.25170532
1356447761510,-0.22639883,-0.071486995,0.97140783,-0.12103784,-0.9875084,-0.100881256,0.9664851,-0.14041652,0.2149181
1356447761550,-0.20102888,-0.08378082,0.975996,-0.14211985,-0.9832999,-0.11368065,0.969221,-0.16156149,0.18576476
1356447761590,-0.18347102,-0.08193034,0.9796049,-0.17088112,-0.9786909,-0.11385836,0.9680589,-0.1882857,0.16556108
1356447761631,-0.1728909,-0.06611547,0.9827195,-0.20476842,-0.9735313,-0.10152242,0.96342033,-0.21878222,0.15477628
1356447761675,-0.16706246,-0.039078742,0.98517156,-0.2409445,-0.9672996,-0.079228476,0.9560522,-0.2506078,0.15218371
1356447761712,-0.16185868,-0.0082369745,0.98677963,-0.2735407,-0.96040547,-0.05288493,0.94814414,-0.27848426,0.15319681
1356447761752,-0.15519679,0.018182501,0.9877162,-0.2977081,-0.9542099,-0.029212266,0.9419575,-0.2985848,0.15350339
1356447761792,-0.14648682,0.03577529,0.98856544,-0.30982816,-0.95072293,-0.011504918,0.93944025,-0.30797073,0.15035263
1356447761832,-0.13722193,0.04227777,0.9896377,-0.3090285,-0.95105016,-0.0022202134,0.94110125,-0.3061309,0.14356998
1356447761872,-0.12934005,0.03661917,0.9909239,-0.29708135,-0.9548458,-0.0034905523,0.9460517,-0.29483652,0.13437867
1356447761913,-0.12374306,0.017258272,0.99216425,-0.27545577,-0.96115196,-0.01763612,0.9533162,-0.2754797,0.12368977
1356447761952,-0.121595144,-0.016568728,0.9924415,-0.24756324,-0.9677558,-0.04648836,0.96121126,-0.2513448,0.1135726
1356447761992,-0.1233595,-0.060236767,0.99053216,-0.21428217,-0.9729911,-0.085856475,0.96895075,-0.2228446,0.1071201
1356447762032,-0.13268757,-0.10694341,0.98537165,-0.17762245,-0.9755023,-0.12979046,0.9751125,-0.19224569,0.11044142
1356447762091,-0.15542877,-0.13922925,0.9779863,-0.1411732,-0.97672534,-0.16148601,0.97770756,-0.16316502,0.13215578
1356447762111,-0.1990633,-0.13557886,0.9705629,-0.112631485,-0.9806557,-0.16008955,0.9734927,-0.14118388,0.17994204
1356447762151,-0.2672987,-0.07792068,0.96045804,-0.10662406,-0.988213,-0.109846234,0.95769656,-0.1317697,0.2558399
1356447762188,-0.3456028,0.018688377,0.9381949,-0.13192047,-0.99084026,-0.028858494,0.9290618,-0.13374068,0.3449024
1356447762231,-0.40929472,0.10934807,0.9058261,-0.17216907,-0.9842132,0.04101662,0.896011,-0.13916734,0.42165953
1356447762270,-0.44600803,0.15544458,0.8814271,-0.19630282,-0.9778137,0.07311235,0.8732365,-0.14041792,0.46662706
1356447762310,-0.45726788,0.14735165,0.8770368,-0.1900881,-0.9795815,0.06547247,0.86877644,-0.1367758,0.47594094
1356447762351,-0.44635296,0.09220636,0.8900938,-0.15966266,-0.9869226,0.02217142,0.88049805,-0.13221847,0.45523775
1356447762390,-0.41715956,0.009007834,0.90878856,-0.12237436,-0.99140126,-0.04634661,0.9005567,-0.13054636,0.4146749
1356447762430,-0.375386,-0.08150369,0.92327815,-0.09357004,-0.9877049,-0.12523472,0.9221334,-0.13340253,0.36314428
1356447762470,-0.32960963,-0.15962313,0.93052566,-0.08214584,-0.97701734,-0.19669592,0.94053686,-0.14127168,0.30892187
1356447762510,-0.28767067,-0.21422511,0.933463,-0.08910311,-0.9644487,-0.2487956,0.9535755,-0.15474567,0.25835556
1356447762550,-0.25419164,-0.24197587,0.93639433,-0.11091408,-0.9545147,-0.2767669,0.960773,-0.17421114,0.21579105
1356447762591,-0.23042303,-0.24375805,0.94206536,-0.1420773,-0.9493146,-0.28038496,0.9626626,-0.19845328,0.18411154
1356447762630,-0.21536362,-0.22235765,0.9508815,-0.17709832,-0.9486913,-0.26195621,0.960341,-0.22481535,0.16493437
1356447762675,-0.2070269,-0.18116386,0.96141535,-0.21257816,-0.95089674,-0.22495744,0.9549609,-0.25094816,0.15834978
1356447762712,-0.20217371,-0.12645397,0.9711515,-0.24651778,-0.9531287,-0.17542712,0.9478158,-0.27487284,0.16152442
1356447762752,-0.19732136,-0.0684484,0.9779464,-0.27632776,-0.9532279,-0.12247326,0.94058883,-0.2944003,0.16917795
1356447762792,-0.18976891,-0.018306077,0.98165804,-0.29801288,-0.95158273,-0.07535549,0.93550843,-0.3068469,0.17512545
1356447762832,-0.17970812,0.01673834,0.9835775,-0.30811977,-0.95050114,-0.040120706,0.9342201,-0.3102697,0.17597026
1356447762872,-0.16903758,0.034371674,0.9850101,-0.30577967,-0.9519076,-0.019258246,0.9369766,-0.3044514,0.17141825
1356447762913,-0.1595136,0.033099324,0.9866407,-0.29179966,-0.95636034,-0.01509276,0.9430845,-0.29030892,0.16221085
1356447762952,-0.1522063,0.011369616,0.98828334,-0.26821575,-0.9628844,-0.030230716,0.95125896,-0.26967448,0.14960659
1356447762992,-0.14748728,-0.031293273,0.98856884,-0.23689932,-0.96928805,-0.066026576,0.96027404,-0.24392936,0.13554424
1356447763032,-0.14633983,-0.09146525,0.98499686,-0.19991465,-0.9724372,-0.12000008,0.9688234,-0.2144761,0.12402105
1356447763072,-0.1515907,-0.15694705,0.97590363,-0.1608172,-0.9702426,-0.18101697,0.9752734,-0.1843826,0.12183997
1356447763112,-0.16875458,-0.20453608,0.96420276,-0.12503394,-0.96588755,-0.2267769,0.97769547,-0.15882772,0.13742399
1356447763152,-0.20483017,-0.20667717,0.95672834,-0.10177428,-0.96765727,-0.2308274,0.9734919,-0.14465077,0.17717105
1356447763191,-0.26080984,-0.14767416,0.9540286,-0.10341732,-0.97827053,-0.17969854,0.95983493,-0.14553024,0.23987058
1356447763230,-0.32237828,-0.04694974,0.94544595,-0.13405879,-0.98643845,-0.09469677,0.9370702,-0.15727353,0.31171224
1356447763270,-0.36984813,0.048617415,0.9278194,-0.17641065,-0.9841381,-0.018752463,0.91219056,-0.17061278,0.37255818
1356447763310,-0.39501703,0.101809934,0.9130149,-0.20504455,-0.9785399,0.020403817,0.8954989,-0.17914887,0.40741557
1356447763351,-0.3998385,0.10281099,0.91080123,-0.20922136,-0.9776929,0.018514253,0.89238745,-0.18315637,0.4124297
1356447763390,-0.3881845,0.061176494,0.91954887,-0.19440196,-0.98077774,-0.016816169,0.90084434,-0.18528989,0.39261562
1356447763430,-0.3630851,-0.009426706,0.93170834,-0.17045411,-0.98240215,-0.07636526,0.9160321,-0.1865406,0.3550886
1356447763470,-0.32869917,-0.0907557,0.940064,-0.14771633,-0.9781815,-0.14608556,0.9328112,-0.186881,0.30812126
1356447763511,-0.2903037,-0.16700302,0.9422493,-0.13335185,-0.9679862,-0.21264984,0.9475975,-0.18738373,0.25873983
1356447763550,-0.2537161,-0.22414736,0.94094956,-0.13143261,-0.9557693,-0.2631169,0.9583076,-0.19042845,0.2130338
1356447763590,-0.22283584,-0.25564256,0.9407397,-0.1421103,-0.94617677,-0.29078215,0.9644423,-0.19848546,0.1745126
1356447763631,-0.19906771,-0.25758687,0.9455269,-0.16337337,-0.94261247,-0.29118893,0.9662718,-0.21244022,0.1455608
1356447763674,-0.18176043,-0.22928733,0.9562377,-0.19226894,-0.94537956,-0.26323,0.96436286,-0.2316996,0.12774783
1356447763712,-0.16763473,-0.17604855,0.97000283,-0.22405425,-0.9513751,-0.21138853,0.96005124,-0.25276932,0.120039076
1356447763752,-0.15611184,-0.10437525,0.9822092,-0.25768864,-0.95566064,-0.14251092,0.9535333,-0.2753518,0.12229356
1356447763792,-0.14456236,-0.022638202,0.9892368,-0.2920605,-0.9542213,-0.06451722,0.94541126,-0.29824373,0.1313327
1356447763832,-0.13182968,0.053865492,0.9898078,-0.32340318,-0.94622374,0.008420497,0.93703324,-0.3189969,0.14216071
1356447763871,-0.1183933,0.11354836,0.9864532,-0.34628648,-0.9357933,0.066155985,0.9306282,-0.33376294,0.15011191
1356447763910,-0.106166005,0.15325695,0.9824669,-0.35658437,-0.9282008,0.10625916,0.9282114,-0.33905122,0.15319234
1356447763950,-0.097486496,0.1739549,0.97991645,-0.35337615,-0.92650014,0.12931699,0.930388,-0.33367243,0.1517927
1356447763990,-0.093845606,0.17525354,0.98004043,-0.33847007,-0.9313671,0.13413882,0.93628573,-0.319126,0.14672285
1356447764030,-0.09563959,0.15466812,0.98332644,-0.31450045,-0.9419483,0.11757101,0.94442713,-0.29801214,0.13873073
1356447764070,-0.1028865,0.11015323,0.98857504,-0.2837052,-0.955817,0.076976344,0.953376,-0.2725441,0.12959164
1356447764110,-0.1159718,0.044674486,0.99224734,-0.24775961,-0.9687107,0.014657162,0.9618554,-0.24413899,0.123411596
1356447764151,-0.13642758,-0.026955925,0.99028325,-0.20884636,-0.9763809,-0.055349477,0.9683856,-0.21436825,0.12757564
1356447764190,-0.16727692,-0.07593585,0.9829813,-0.1723372,-0.9794271,-0.10498842,0.9707309,-0.18696636,0.15074891
1356447764230,-0.2125994,-0.05847686,0.9753881,-0.15192439,-0.98409057,-0.09211263,0.96525675,-0.16776833,0.200333
1356447764270,-0.27005976,0.05195904,0.9614407,-0.17024432,-0.985387,0.0054331347,0.9476733,-0.16221252,0.27495897
1356447764310,-0.32119942,0.21829118,0.92150956,-0.23516364,-0.9609774,0.14567235,0.9173489,-0.16991565,0.3599996
1356447764351,-0.3508277,0.35622418,0.8660394,-0.3124655,-0.91634893,0.25033978,0.8827714,-0.18278131,0.43278834
1356447764390,-0.36438698,0.42931765,0.8263827,-0.363137,-0.8826508,0.29842734,0.85752755,-0.19134706,0.47752774
1356447764430,-0.37087506,0.44407523,0.8156279,-0.37526035,-0.87502974,0.30578202,0.8494889,-0.19266589,0.49117053
1356447764470,-0.37373334,0.4069762,0.83348304,-0.35276613,-0.89343864,0.2780714,0.8578343,-0.19010001,0.47747505
1356447764511,-0.37172192,0.31693432,0.87256825,-0.30473492,-0.92949414,0.20779115,0.8769033,-0.18866149,0.4420944
1356447764550,-0.36066532,0.18367422,0.91443115,-0.2467742,-0.96427095,0.0963537,0.89945704,-0.19090655,0.39310515
1356447764591,-0.33865887,0.030695453,0.9404084,-0.1953695,-0.9799788,-0.038369216,0.9204026,-0.1967212,0.33787555
1356447764630,-0.30980086,-0.10657063,0.94481015,-0.16336024,-0.9729559,-0.16331077,0.9366627,-0.2049382,0.2840131
1356447764674,-0.28092694,-0.20733893,0.93706495,-0.15295085,-0.9542334,-0.25699154,0.947463,-0.21552071,0.23635721
1356447764712,-0.2566551,-0.26382628,0.9297978,-0.16049697,-0.9370317,-0.31018135,0.95308393,-0.22883931,0.19815058
1356447764752,-0.23828608,-0.27774155,0.93063384,-0.18106751,-0.9287301,-0.32353514,0.9541668,-0.24560146,0.17101347
1356447764782,-0.22285217,-0.26131174,0.9391768,-0.20700894,-0.9287479,-0.30753008,0.9526197,-0.26295176,0.15287954
1356447764821,-0.2121386,-0.21273208,0.95380414,-0.24006617,-0.93476593,-0.26187974,0.94729376,-0.28453088,0.14723009
1356447764860,-0.20026785,-0.13583902,0.97027856,-0.2785336,-0.94158375,-0.18931177,0.93931454,-0.30816826,0.15073329
1356447764900,-0.18565792,-0.051949173,0.9812403,-0.31605405,-0.94237876,-0.10969151,0.93039834,-0.33049005,0.15854126
1356447764940,-0.16920793,0.018888459,0.98539937,-0.34461683,-0.9378389,-0.041199088,0.92336774,-0.3465564,0.16519907
1356447764980,-0.15414947,0.06641713,0.9858127,-0.35889053,-0.9333553,0.00676398,0.9205627,-0.3527562,0.16771257
1356447765020,-0.14400804,0.08828159,0.9856308,-0.35806638,-0.93317246,0.03126678,0.9225238,-0.3484186,0.165995
1356447765079,-0.1413787,0.08179355,0.9865708,-0.34373322,-0.93863297,0.028561115,0.92836386,-0.33507922,0.1608178
1356447765101,-0.14761078,0.0405799,0.9882127,-0.3173508,-0.94827044,-0.008463427,0.93674946,-0.3148594,0.15285301
1356447765141,-0.16263509,-0.043630965,0.9857211,-0.27892393,-0.9562407,-0.088346034,0.9464413,-0.28930938,0.14334863
1356447765178,-0.18438679,-0.1751715,0.96711755,-0.22755602,-0.9496445,-0.21539156,0.9561484,-0.25978878,0.13524058
1356447765221,-0.20759326,-0.34036326,0.91709214,-0.16285448,-0.91240734,-0.37548834,0.9645639,-0.22730136,0.1339798
1356447765260,-0.22790205,-0.5040862,0.8330413,-0.088363886,-0.8413181,-0.53326905,0.96966624,-0.19514385,0.14719504
1356447765300,-0.24928778,-0.6158385,0.74739444,-0.013916522,-0.7694015,-0.6386137,0.9683294,-0.16959977,0.18323219
1356447765340,-0.28850204,-0.64335454,0.70912737,0.045259684,-0.7489545,-0.66107404,0.95640904,-0.15862629,0.24519278
1356447765380,-0.3593831,-0.5704347,0.7385446,0.063390225,-0.80451375,-0.5905415,0.93103456,-0.16541412,0.3252887
1356447765421,-0.44247544,-0.42587513,0.7892058,0.027371153,-0.8860467,-0.4627871,0.8963628,-0.18317045,0.4037107
1356447765461,-0.5016061,-0.31272796,0.80659324,-0.01728949,-0.92856383,-0.3707698,0.8649234,-0.19992596,0.4603664
1356447765501,-0.5289764,-0.30543774,0.791765,-0.016047582,-0.9292177,-0.36918402,0.84848475,-0.20799555,0.48663276
1356447765540,-0.5250901,-0.39623743,0.7531775,0.03548856,-0.8944262,-0.44580522,0.8503064,-0.20735869,0.48371625
1356447765581,-0.488531,-0.53237695,0.69131196,0.10283227,-0.8218998,-0.5602734,0.8664658,-0.20262176,0.45626903
