1356447347071,-0.165766,0.7773327,-0.60685706,-0.06503075,0.6054149,0.7932489,0.9840187,0.17095804,-0.049806654
1356447347113,0.033688307,0.09566679,0.9948432,0.17486757,-0.9806175,0.08837729,0.9840154,0.17098853,-0.049764365
1356447347150,0.03321421,0.096414864,0.9947869,0.17505097,-0.98051155,0.08918665,0.98399895,0.17117615,-0.049444437
1356447347190,0.031445086,0.099364,0.99455416,0.17560662,-0.98011744,0.09236945,0.9839581,0.17174573,-0.048268855
1356447347231,0.027232528,0.10661394,0.9939275,0.17666772,-0.9791581,0.100189194,0.98389375,0.17286648,-0.04550019
1356447347270,0.020095944,0.119126305,0.9926757,0.17811318,-0.9774202,0.113689795,0.98380476,0.1745239,-0.040860146
1356447347310,0.0103728175,0.13629293,0.99061424,0.17959636,-0.97481185,0.13223821,0.9836857,0.17653903,-0.03458926
1356447347354,-0.0011866093,0.15673365,0.9876402,0.18075396,-0.9713391,0.15436393,0.9835276,0.17870307,-0.02717757
1356447347394,-0.01235795,0.17698857,0.9841353,0.18141842,-0.96747917,0.17627119,0.9833284,0.18071862,-0.020152982
1356447347432,-0.022283852,0.19505301,0.9805395,0.18183717,-0.9636331,0.19582237,0.98307616,0.1826622,-0.013994429
1356447347471,-0.030346334,0.20969997,0.97729474,0.18272428,-0.9601048,0.21168533,0.98269576,0.18499935,-0.009181675
1356447347514,-0.03647071,0.22044942,0.97471637,0.18488172,-0.9570397,0.22336918,0.98208386,0.18835366,-0.005853206
1356447347551,-0.040439367,0.22672635,0.9731186,0.18798786,-0.95479655,0.23026961,0.98133844,0.19224647,-0.004010435
1356447347592,-0.041355312,0.22781222,0.97282654,0.19221096,-0.95365894,0.2314946,0.9804819,0.19656143,-0.004349198
1356447347631,-0.037712336,0.22190574,0.9743386,0.19751179,-0.9541417,0.22495069,0.97957486,0.20092677,-0.007846147
1356447347672,-0.02804923,0.20763616,0.9778038,0.2038834,-0.9564373,0.20894758,0.97859323,0.2052188,-0.015506178
1356447347712,-0.010827124,0.18334775,0.9829885,0.21127348,-0.9604337,0.18146788,0.97736704,0.20964415,-0.028337777
1356447347750,0.012904823,0.1506859,0.98849744,0.21833992,-0.96514875,0.14427623,0.97578746,0.21396661,-0.045355823
1356447347792,0.04555905,0.10657388,0.9932605,0.22405845,-0.9700506,0.09380637,0.97351027,0.21827467,-0.06807336
1356447347831,0.08393723,0.055601835,0.9949186,0.22622013,-0.9734358,0.035315983,0.970453,0.22210628,-0.09428576
1356447347871,0.1272229,-7.6009333E-4,0.99187386,0.22298585,-0.9743798,-0.029348016,0.9664842,0.22490758,-0.12379393
1356447347911,0.16970962,-0.053306706,0.98405135,0.2141104,-0.97268987,-0.08961676,0.961954,0.22590445,-0.15366131
1356447347955,0.205513,-0.0920573,0.97431505,0.20239483,-0.9700452,-0.13434514,0.9574971,0.22480601,-0.18072498
1356447347992,0.23164022,-0.11039249,0.9665176,0.19219315,-0.9687639,-0.15671097,0.95362705,0.22205861,-0.203188
1356447348032,0.2491352,-0.107527226,0.9624809,0.18636227,-0.96992075,-0.15659769,0.95036876,0.21838413,-0.22160238
1356447348072,0.2613892,-0.086329274,0.96136516,0.18554777,-0.97292274,-0.1378164,0.9472316,0.21440288,-0.23829329
1356447348112,0.27259547,-0.05185058,0.96073055,0.18905985,-0.9761919,-0.10632843,0.9433706,0.21062022,-0.25630262
1356447348152,0.28672075,-0.010175377,0.9579601,0.19598313,-0.97817326,-0.0690485,0.93775356,0.20754167,-0.27846837
1356447348191,0.30659556,0.033235863,0.95125943,0.20581524,-0.9780622,-0.032162927,0.92932194,0.2056447,-0.30670998
1356447348232,0.33360767,0.07395623,0.9398066,0.2180081,-0.9759468,-5.8718026E-4,0.91715777,0.20508133,-0.3417064
1356447348271,0.3677774,0.10883169,0.92352337,0.23135547,-0.97260946,0.02248282,0.9006744,0.20539352,-0.3828826
1356447348311,0.40770245,0.13629666,0.9028853,0.24398866,-0.96910524,0.03611868,0.8799138,0.20556813,-0.42836142
1356447348351,0.4495142,0.15793957,0.8791997,0.2549035,-0.96600074,0.043206327,0.8561315,0.2046892,-0.4744904
1356447348390,0.4847644,0.18185692,0.85552996,0.2668484,-0.9622612,0.0533415,0.83294386,0.20243874,-0.51499814
1356447348431,0.50148773,0.2216726,0.8362843,0.28641027,-0.9546516,0.08129875,0.8163818,0.19875006,-0.5422354
1356447348470,0.48952138,0.28765753,0.823178,0.31776628,-0.9379549,0.13879918,0.8120305,0.19363303,-0.5505568
1356447348511,0.44540113,0.37755522,0.8118312,0.35584554,-0.90669584,0.22644332,0.8215788,0.1880284,-0.5381947
1356447348552,0.3740429,0.4767046,0.79551536,0.38783032,-0.8595768,0.33273908,0.8424248,0.18406627,-0.5063991
1356447348591,0.28849912,0.56624055,0.772101,0.4020594,-0.8034924,0.4390309,0.8689744,0.18377042,-0.4594692
1356447348632,0.20258063,0.6345544,0.7458564,0.39611974,-0.7496541,0.530196,0.89557254,0.18804102,-0.40322495
1356447348672,0.12380737,0.68011904,0.72257173,0.37567055,-0.70609933,0.6002461,0.9184462,0.19713405,-0.34292102
1356447348712,0.058601856,0.7037506,0.7080261,0.34949258,-0.6788232,0.64579725,0.93510467,0.20960495,-0.2857359
1356447348753,0.00262779,0.71293664,0.7012235,0.3254726,-0.6636547,0.67352057,0.9455478,0.2264592,-0.23378521
1356447348793,-0.040911198,0.70693004,0.7060993,0.3079629,-0.66336393,0.6819877,0.95051837,0.2453533,-0.19056919
1356447348833,-0.076306105,0.69239295,0.71747434,0.29936656,-0.67046416,0.6788649,0.951082,0.26658934,-0.15611878
1356447348871,-0.10003853,0.6660776,0.7391433,0.29826212,-0.68863225,0.6609276,0.94922704,0.28657675,-0.12977597
1356447348913,-0.11104578,0.62918055,0.7692858,0.30317587,-0.7157282,0.62914026,0.94644237,0.30309227,-0.111273766
1356447348954,-0.10635334,0.5768675,0.8098844,0.31293392,-0.7536962,0.57793975,0.9438015,0.31490615,-0.1003633
1356447348992,-0.086764336,0.5097321,0.85594684,0.32506818,-0.79767513,0.50798124,0.94170195,0.32231578,-0.096487895
1356447349050,-0.055190325,0.42713052,0.902504,0.33493364,-0.8435909,0.41973054,0.94062394,0.32544404,-0.09650226
1356447349071,-0.019628227,0.33629188,0.9415532,0.33675614,-0.88448405,0.3229289,0.94138724,0.32341236,-0.09588745
1356447349112,0.010192692,0.24928021,0.96837777,0.32902265,-0.9153383,0.23216361,0.944267,0.3162518,-0.09134859
1356447349148,0.028196335,0.1788275,0.98347634,0.31406555,-0.9356293,0.1611231,0.94898254,0.30433294,-0.08254486
1356447349191,0.0333578,0.13221243,0.99065995,0.29557374,-0.9481787,0.11659029,0.9547373,0.2889239,-0.07070768
1356447349231,0.028208733,0.1112704,0.9933897,0.27604145,-0.9560082,0.099244654,0.96073174,0.27141717,-0.05768302
1356447349271,0.017086029,0.11330796,0.99341303,0.25627998,-0.9608622,0.1051874,0.9664516,0.25279462,-0.045455877
1356447349311,0.0061915517,0.13290863,0.991109,0.237024,-0.96307856,0.127669,0.97148407,0.23412612,-0.037465483
1356447349351,0.0041856766,0.1615191,0.9868607,0.21962665,-0.962922,0.15666953,0.97557503,0.21608514,-0.03950438
1356447349390,0.020544767,0.1907022,0.9814329,0.20702535,-0.9611758,0.18243228,0.97811985,0.19943346,-0.05922732
1356447349431,0.06326532,0.2133822,0.9749182,0.20373224,-0.95906496,0.19669156,0.9769804,0.18617852,-0.10414839
1356447349471,0.13409746,0.22683732,0.96465683,0.21335624,-0.95722806,0.1954317,0.9677278,0.17960866,-0.176759
1356447349512,0.21998423,0.2356834,0.94660455,0.2335905,-0.95487124,0.18345682,0.9471232,0.18076022,-0.26511002
1356447349551,0.2991981,0.24694799,0.9216817,0.25783676,-0.95092106,0.17108269,0.91869515,0.18645583,-0.34818605
1356447349591,0.34974712,0.2700173,0.8970884,0.28104696,-0.9437006,0.1744757,0.8936943,0.19110158,-0.4059441
1356447349632,0.36256862,0.30768776,0.87970006,0.30179322,-0.9318283,0.20153621,0.8817396,0.19241679,-0.43070978
1356447349671,0.34055895,0.35581005,0.87029815,0.31884974,-0.9144843,0.24910495,0.884508,0.19265941,-0.42488575
1356447349712,0.29333198,0.4060174,0.86550915,0.32990745,-0.8927103,0.3069679,0.8972833,0.19549443,-0.39580867
1356447349752,0.22949159,0.4517185,0.86213917,0.33326697,-0.8687057,0.36644718,0.9144762,0.203226,-0.34990352
1356447349791,0.16540593,0.48388505,0.85935795,0.32924116,-0.8484633,0.41437942,0.92964566,0.21439523,-0.29965574
1356447349832,0.10465968,0.5037722,0.857473,0.32226717,-0.8328639,0.44997954,0.9408455,0.2292407,-0.24951652
1356447349872,0.054157972,0.5087023,0.85923743,0.315965,-0.82501495,0.4685259,0.9472239,0.24611449,-0.20541322
1356447349912,0.014141858,0.5020896,0.86469996,0.31376904,-0.8233335,0.47293857,0.949394,0.26462784,-0.16918366
1356447349953,-0.012845278,0.48311746,0.87546134,0.31612593,-0.82866406,0.4619311,0.94863033,0.28268963,-0.14208153
1356447349992,-0.025458455,0.4532107,0.89103985,0.32315636,-0.8397421,0.43635213,0.9460031,0.29905403,-0.12507944
1356447350032,-0.022533536,0.41250896,0.9106748,0.3344742,-0.8553043,0.3957039,0.94213545,0.31351382,-0.11870058
1356447350072,-0.0056500435,0.36213654,0.9321079,0.34766024,-0.87326425,0.34138235,0.9376036,0.3259857,-0.12096651
1356447350111,0.019428909,0.30626342,0.95174855,0.3579131,-0.8909735,0.2794002,0.9335528,0.33521482,-0.12692633
1356447350151,0.043856323,0.25179186,0.96678716,0.36027554,-0.9065884,0.2197704,0.9318144,0.33867148,-0.13047409
1356447350191,0.0600276,0.20664564,0.9765727,0.35330912,-0.9194031,0.17283127,0.9335788,0.3346574,-0.12819934
1356447350230,0.064596295,0.17700885,0.9820872,0.33898938,-0.9295121,0.14523599,0.93856996,0.3235354,-0.12004716
1356447350271,0.057885945,0.16617438,0.9843959,0.32044443,-0.93696535,0.13932446,0.945497,0.30737928,-0.107486784
1356447350311,0.04220134,0.1746992,0.983717,0.29957566,-0.94150424,0.15435083,0.95313877,0.28818387,-0.092068374
1356447350350,0.021696031,0.20052053,0.9794492,0.27705514,-0.94251674,0.1868223,0.960609,0.26730815,-0.07600412
1356447350391,0.0030856133,0.23860839,0.97111094,0.25367007,-0.93953764,0.2300446,0.9672859,0.24563196,-0.06342685
1356447350431,-0.004300952,0.2819091,0.9594314,0.23216468,-0.93294305,0.2751668,0.972667,0.22392958,-0.061436743
1356447350471,0.009677947,0.32345024,0.94619566,0.21847668,-0.92406267,0.3136496,0.97579414,0.20368622,-0.079609364
1356447350511,0.05124259,0.35905004,0.9319105,0.22050565,-0.91417444,0.34009176,0.9740387,0.18806441,-0.12601724
1356447350550,0.11737901,0.3880351,0.9141394,0.24259266,-0.90381926,0.35250455,0.963001,0.18038689,-0.2002239
1356447350591,0.19123155,0.41457832,0.889694,0.27915734,-0.8919621,0.3556329,0.94101095,0.18035638,-0.28630388
1356447350631,0.24807197,0.44616306,0.859883,0.31784064,-0.8759791,0.3628193,0.91511613,0.1833005,-0.35911462
1356447350673,0.27010888,0.4883883,0.8297699,0.34912074,-0.85283357,0.38831645,0.89730483,0.18480217,-0.4008644
1356447350712,0.2545398,0.53973275,0.8024326,0.36822495,-0.82135075,0.4356528,0.8942147,0.18458475,-0.4078095
1356447350752,0.20903695,0.59332836,0.7773448,0.3718317,-0.7834263,0.4979804,0.9044583,0.18494514,-0.38438332
1356447350793,0.14804,0.6404761,0.75357443,0.3597802,-0.74463856,0.56220245,0.92121786,0.18789274,-0.34066695
1356447350832,0.07976627,0.6772988,0.73137105,0.33406818,-0.7094422,0.62055635,0.9391676,0.19482833,-0.28285354
1356447350872,0.017773211,0.7002256,0.71370035,0.30310643,-0.68399554,0.6635334,0.9527909,0.20453405,-0.22439969
1356447350912,-0.03754288,0.7123012,0.7008691,0.27374893,-0.66720283,0.6927495,0.96106815,0.21787003,-0.16994295
1356447350952,-0.08197141,0.71311384,0.6962394,0.2520582,-0.6610455,0.7067429,0.96423405,0.23342557,-0.12555939
1356447350992,-0.11547637,0.7054332,0.6993063,0.24198818,-0.66282594,0.7085927,0.96338314,0.25104952,-0.0941658
1356447351031,-0.1355657,0.6883344,0.7126132,0.24396603,-0.6739148,0.69736594,0.9602617,0.26839232,-0.07657042
1356447351073,-0.14015478,0.6620345,0.7362519,0.25732914,-0.6936841,0.6727437,0.95610577,0.28374735,-0.07313761
1356447351111,-0.12801993,0.62358236,0.77120423,0.27892283,-0.7235796,0.6313752,0.95174205,0.29593503,-0.08129875
1356447351150,-0.102317214,0.57132614,0.81432045,0.30291003,-0.76184595,0.57256997,0.94751084,0.30524957,-0.09511052
1356447351190,-0.07037526,0.5065679,0.85932314,0.3223168,-0.8037016,0.50017565,0.9440123,0.31217426,-0.10671462
1356447351230,-0.039993346,0.4341918,0.8999322,0.33209595,-0.8436763,0.42180845,0.9423973,0.3157334,-0.11045185
1356447351270,-0.016241968,0.36147785,0.9322392,0.3308432,-0.87789965,0.3461717,0.94354594,0.31404755,-0.105333626
1356447351311,-0.0017121434,0.29627863,0.9551,0.32009807,-0.9046857,0.28121355,0.94738287,0.30620715,-0.093289256
1356447351350,0.003049016,0.2454179,0.9694126,0.3032514,-0.9239943,0.23296595,0.9529057,0.2932654,-0.07724059
1356447351390,-0.0010781288,0.21361417,0.9769175,0.2827525,-0.93698776,0.2051951,0.9591923,0.2764471,-0.059389804
1356447351431,-0.010064185,0.20121348,0.97949564,0.26020303,-0.9452733,0.19685689,0.9655014,0.25684896,-0.042842895
1356447351470,-0.015553176,0.20257762,0.97914267,0.23764312,-0.95045197,0.20041656,0.971228,0.23580363,-0.033358634
1356447351511,-0.0045680404,0.20423628,0.978911,0.2182724,-0.9551132,0.20028977,0.9758772,0.21458419,-0.04021615
1356447351551,0.036344588,0.19001752,0.9811077,0.20572016,-0.96215194,0.17872545,0.9779357,0.19533795,-0.07405946
1356447351591,0.11228144,0.1472976,0.9826985,0.19783334,-0.9724678,0.12316003,0.9737838,0.18058194,-0.13833046
1356447351632,0.21271801,0.07521134,0.97421473,0.18386152,-0.982304,0.03569001,0.9596593,0.1715287,-0.22278222
1356447351673,0.3081391,-0.004352823,0.9513314,0.15717258,-0.9860149,-0.055420183,0.9382682,0.16660032,-0.3031456
1356447351711,0.36952758,-0.05985704,0.9272899,0.12934023,-0.9848954,-0.11511794,0.9201742,0.16247514,-0.3562041
1356447351752,0.38914454,-0.0762008,0.9180196,0.11766796,-0.98429704,-0.13158114,0.91363055,0.15922557,-0.37406743
1356447351791,0.37807703,-0.06511342,0.92348146,0.12364694,-0.9850347,-0.12007502,0.91747975,0.15958327,-0.36436793
1356447351832,0.3410585,-0.0312897,0.93952125,0.14607397,-0.98554164,-0.08584912,0.9286235,0.16651915,-0.33155674
1356447351871,0.2915073,0.004063174,0.95655996,0.17239322,-0.9838405,-0.048357002,0.940906,0.17900088,-0.28749716
1356447351911,0.2375769,0.0324386,0.9708269,0.19752347,-0.98017424,-0.015586235,0.95107394,0.19546404,-0.23927414
1356447351959,0.1889841,0.04183124,0.98108876,0.2179652,-0.97595644,-3.7354976E-4,0.95748425,0.2139138,-0.19355801
1356447351994,0.1530397,0.02573555,0.98788494,0.23469597,-0.9720062,-0.011036396,0.9599462,0.23354161,-0.15479556
1356447352051,0.13610417,-0.020983174,0.9904723,0.24902077,-0.966952,-0.054703675,0.9588871,0.25409356,-0.12638095
1356447352073,0.14437938,-0.10324583,0.9841214,0.25917238,-0.9558772,-0.1383056,0.95497864,0.27502555,-0.11125049
1356447352110,0.17927599,-0.21875346,0.95917,0.25931376,-0.92998,-0.2605639,0.9490081,0.29543883,-0.1099973
1356447352149,0.2301588,-0.34867263,0.90854514,0.24360593,-0.8832421,-0.40067393,0.9421693,0.31354558,-0.11834723
1356447352191,0.2790634,-0.46480015,0.8402883,0.2143757,-0.82281286,-0.5263288,0.9360378,0.32701653,-0.12997508
1356447352232,0.3113203,-0.55046135,0.7746432,0.18229203,-0.76542205,-0.6171699,0.9326571,0.3333488,-0.1379467
1356447352284,0.3189553,-0.60047716,0.73327667,0.15934508,-0.7286985,-0.6660389,0.93427867,0.32928064,-0.13673916
1356447352327,0.31118554,-0.6253855,0.71558124,0.14808036,-0.71186197,-0.68653095,0.9387416,0.31960204,-0.12891382
1356447352364,0.29165584,-0.625726,0.72346663,0.14894927,-0.7174138,-0.68053776,0.9448551,0.30624264,-0.116036505
1356447352404,0.26171446,-0.6002059,0.7558164,0.15948452,-0.74545145,-0.6471992,0.9518772,0.28992242,-0.09937188
1356447352447,0.22239012,-0.5436075,0.8093415,0.17481668,-0.7944423,-0.58163613,0.9591568,0.27083653,-0.081644475
1356447352484,0.17997634,-0.45289847,0.87320757,0.18787661,-0.8555345,-0.48245528,0.96556246,0.2508858,-0.068886936
1356447352525,0.15114886,-0.3512379,0.92400545,0.1874611,-0.9075977,-0.37566578,0.97057325,0.2299965,-0.07133892
1356447352565,0.14707023,-0.24812034,0.95750016,0.17849782,-0.9454761,-0.27242142,0.97288686,0.21097678,-0.094762444
1356447352607,0.18997043,-0.1878907,0.96364325,0.16151635,-0.9621628,-0.219443,0.96841294,0.19733182,-0.15243506
1356447352646,0.2520361,-0.14093667,0.95739996,0.14932251,-0.9718252,-0.1823694,0.9561279,0.18892504,-0.22389
1356447352684,0.31394088,-0.10500917,0.94361764,0.1427964,-0.97733766,-0.15626991,0.9386428,0.18380472,-0.2918313
1356447352724,0.3504349,-0.05221218,0.93513066,0.14984761,-0.98245746,-0.11100917,0.9245221,0.17902857,-0.3364635
1356447352763,0.3514852,0.026622377,0.9358148,0.17352566,-0.98412734,-0.03717818,0.91997117,0.17545548,-0.35052586
1356447352804,0.3191042,0.12457621,0.9394963,0.20762578,-0.9764303,0.058952585,0.9246967,0.17625163,-0.33744824
1356447352844,0.26388842,0.22438751,0.93809015,0.24049254,-0.9571556,0.1612964,0.93409115,0.18303943,-0.3065458
1356447352888,0.19409114,0.31481537,0.92909634,0.26556572,-0.92860395,0.259171,0.94435346,0.19643334,-0.26383796
1356447352924,0.12911636,0.37693462,0.9171964,0.27830884,-0.90153784,0.33132118,0.95177364,0.2124849,-0.22130752
1356447352965,0.07122713,0.41668367,0.90625685,0.28552985,-0.87906116,0.3817383,0.9557193,0.23157327,-0.18158865
1356447353001,0.02808553,0.4274291,0.9036125,0.29127058,-0.86824137,0.40164465,0.9562284,0.25191534,-0.14888254
1356447353045,0.0015103221,0.41289774,0.91077614,0.30094448,-0.8687426,0.3933429,0.95364046,0.273499,-0.12557133
1356447353085,-0.0020680428,0.36457446,0.93117195,0.31432143,-0.8837418,0.34670255,0.9493144,0.29340425,-0.112766
1356447353123,0.021012306,0.28131506,0.95938545,0.3293521,-0.90798193,0.25902888,0.94397336,0.31053278,-0.11173049
1356447353164,0.07267594,0.15616912,0.985053,0.33820263,-0.9330051,0.12296534,0.9382629,0.3242109,-0.12062383
1356447353204,0.14274132,6.1532855E-4,0.98975986,0.33055174,-0.9426126,-0.04708554,0.9329311,0.33388788,-0.13475317
1356447353246,0.20927179,-0.1532427,0.9657753,0.30401206,-0.92850447,-0.21320452,0.9293987,0.33822507,-0.14772215
1356447353284,0.25272346,-0.27291924,0.9282489,0.26972836,-0.9014843,-0.33848584,0.9291811,0.3359183,-0.15421218
1356447353328,0.2663151,-0.34461135,0.9001773,0.24085295,-0.8804869,-0.40832904,0.93330914,0.32555458,-0.1514863
1356447353365,0.25996822,-0.377488,0.8887741,0.22251979,-0.8722286,-0.43554816,0.9396284,0.31099847,-0.14275318
1356447353405,0.2356041,-0.37394994,0.89702404,0.21412456,-0.8803516,-0.42323956,0.94796693,0.2917919,-0.12734258
1356447353445,0.20084006,-0.33655566,0.9199965,0.21315564,-0.9016174,-0.37636515,0.9561527,0.27169165,-0.10934216
1356447353484,0.1601854,-0.2722599,0.9487967,0.2133143,-0.92894757,-0.30257797,0.9637622,0.25086045,-0.09072691
1356447353525,0.12163353,-0.18585384,0.9750198,0.2096982,-0.9553294,-0.20826036,0.9701711,0.22979134,-0.07722688
1356447353564,0.09942907,-0.09685427,0.99031967,0.19963202,-0.97307426,-0.1152109,0.9748133,0.20915484,-0.07741666
1356447353606,0.110363066,-0.033244744,0.9933352,0.18645243,-0.98100364,-0.053547554,0.9762456,0.19111943,-0.10206801
1356447353645,0.15819597,-0.008051977,0.98737496,0.1756754,-0.9837835,-0.036169186,0.97165436,0.17917931,-0.15421605
1356447353684,0.23739004,-0.027626038,0.97102153,0.16370143,-0.9841621,-0.06802073,0.9575217,0.17510505,-0.22910786
1356447353723,0.3186429,-0.063446626,0.945749,0.1461822,-0.9825312,-0.11516608,0.9365348,0.17494853,-0.30380183
1356447353768,0.37574655,-0.084472835,0.92286444,0.1303494,-0.98111933,-0.14287718,0.91750944,0.17398043,-0.35764122
1356447353803,0.4000919,-0.07445712,0.91344553,0.12799552,-0.9823865,-0.1361391,0.90749305,0.17138508,-0.3835147
1356447353847,0.3872413,-0.020704553,0.9217459,0.14879292,-0.9852393,-0.08464122,0.9098928,0.16992584,-0.37844467
1356447353885,0.35255468,0.04855334,0.9345308,0.17871296,-0.9837661,-0.01630868,0.91856784,0.17276248,-0.35550845
1356447353923,0.29848868,0.13098249,0.94538254,0.21346125,-0.9746075,0.06763479,0.9302359,0.18161431,-0.318869
1356447353964,0.23617166,0.20569587,0.9496906,0.24196205,-0.9590026,0.147541,0.9411043,0.19494407,-0.27625984
1356447354001,0.17749065,0.25728336,0.949896,0.26098308,-0.94296724,0.2066413,0.94888616,0.21122988,-0.23451447
1356447354044,0.13245767,0.27481377,0.95233,0.2733642,-0.9336615,0.23140493,0.9527471,0.22968155,-0.19879487
1356447354084,0.10779232,0.2500538,0.96221304,0.28375158,-0.93533176,0.21128067,0.95281994,0.25025505,-0.17177474
1356447354125,0.10946405,0.17242001,0.97892237,0.29211926,-0.9469309,0.13412021,0.95009685,0.2712807,-0.1540221
1356447354165,0.14310098,0.025924236,0.9893685,0.29170296,-0.9563555,-0.017132342,0.94574386,0.29105338,-0.14441758
1356447354206,0.2081495,-0.18875732,0.95971066,0.2701457,-0.93194,-0.24188666,0.94005066,0.3096103,-0.14299086
1356447354244,0.2853068,-0.43158272,0.8557666,0.21541032,-0.84115994,-0.49603263,0.9339157,0.32586244,-0.1470213
1356447354286,0.34386492,-0.618138,0.706868,0.14401501,-0.7091506,-0.6901921,0.9279098,0.33913243,-0.15483087
1356447354325,0.37228805,-0.72644734,0.5776469,0.08360645,-0.59360605,-0.8004011,0.9243439,0.34627473,-0.16025677
1356447354364,0.37640733,-0.77423656,0.5087979,0.05168754,-0.5307833,-0.84593,0.9250113,0.34471273,-0.15977235
1356447354405,0.3656785,-0.7886082,0.49434444,0.045005947,-0.5155264,-0.85569096,0.92965245,0.3351562,-0.15302485
1356447354444,0.3451869,-0.77884996,0.52367806,0.057534993,-0.5393645,-0.8401046,0.9367688,0.32012287,-0.14137043
1356447354486,0.3167537,-0.74138045,0.59162664,0.08478242,-0.59911764,-0.7961595,0.9447111,0.302346,-0.1269167
1356447354524,0.27819467,-0.6604277,0.69745463,0.12363082,-0.69545877,-0.7078506,0.9525351,0.2831472,-0.11182367
1356447354564,0.22595769,-0.51062715,0.82958,0.16758844,-0.8185311,-0.5494733,0.959613,0.26318574,-0.0993782
1356447354605,0.1658836,-0.29131013,0.9421364,0.20071925,-0.92539984,-0.32147616,0.96550214,0.24243253,-0.0950371
1356447354646,0.12615108,-0.06729201,0.98972607,0.21190846,-0.9728397,-0.09315387,0.96911335,0.22148278,-0.108465046
1356447354684,0.12283522,0.10736364,0.98660254,0.21629202,-0.97312987,0.078968465,0.9685707,0.20369413,-0.14275652
1356447354725,0.17193198,0.18201903,0.9681469,0.22557259,-0.963944,0.14116973,0.958935,0.19411582,-0.20679131
1356447354773,0.24971366,0.20776302,0.94576824,0.24427012,-0.9586388,0.14609511,0.93700325,0.19454099,-0.2901355
1356447354815,0.2971753,0.2725281,0.915104,0.27571368,-0.9420683,0.19102179,0.9141492,0.19553973,-0.35509914
1356447354854,0.30000287,0.3697916,0.8793478,0.31367108,-0.90878934,0.27515894,0.90089333,0.1932775,-0.38863233
1356447354894,0.25881356,0.48665452,0.83437574,0.34810156,-0.8527568,0.3893984,0.9010221,0.18966591,-0.39011022
1356447354936,0.18924409,0.5958648,0.780469,0.3649214,-0.78058267,0.50746727,0.91160244,0.18877462,-0.36516446
1356447354974,0.11715591,0.6747364,0.7287012,0.3605776,-0.71258193,0.60183954,0.92534226,0.19224426,-0.326778
1356447355013,0.050234854,0.7266424,0.68517685,0.3418741,-0.657109,0.6718109,0.9384022,0.20049585,-0.28143004
1356447355073,-0.003653407,0.7541722,0.6566665,0.31869864,-0.62155086,0.7156155,0.94784904,0.21189317,-0.23808283
1356447355102,-0.054096103,0.76905334,0.6368914,0.29832914,-0.5962457,0.7453126,0.95292884,0.23032176,-0.19717652
1356447355140,-0.08918369,0.76343215,0.63970125,0.28638625,-0.5954835,0.75058806,0.9539546,0.25014183,-0.1655291
1356447355178,-0.1138162,0.7481679,0.65367484,0.2835567,-0.6061202,0.743111,0.9521773,0.2699319,-0.14316174
1356447355221,-0.12836158,0.72508425,0.6765916,0.2907595,-0.6247399,0.7246785,0.94814676,0.28974628,-0.13063252
1356447355265,-0.12880385,0.6904008,0.71186817,0.3088987,-0.654201,0.6903641,0.94233274,0.30881673,-0.12900025
1356447355304,-0.111900985,0.64042115,0.75982827,0.33455858,-0.695713,0.6356525,0.9357076,0.32533717,-0.1364074
1356447355347,-0.07454234,0.5731188,0.8160749,0.36363325,-0.7463827,0.55739003,0.92855495,0.33830115,-0.15276785
1356447355385,-0.022534251,0.48749682,0.8728339,0.38447765,-0.8016862,0.45768553,0.92285925,0.34589875,-0.16936618
1356447355424,0.031190574,0.39644596,0.91752803,0.3895575,-0.8502047,0.3541142,0.9204738,0.3463849,-0.1809569
1356447355464,0.07275742,0.31594858,0.9459825,0.3796244,-0.8858724,0.26667473,0.92227525,0.33971545,-0.18439558
1356447355503,0.09438574,0.2602364,0.9609206,0.36135074,-0.90835685,0.2105077,0.92764056,0.32736045,-0.17977256
1356447355544,0.09615362,0.23507135,0.9672104,0.34062237,-0.9208158,0.18993318,0.93527055,0.31119072,-0.16861033
1356447355584,0.082719624,0.2387779,0.9675446,0.31974193,-0.9259037,0.2011653,0.94388694,0.29272425,-0.15293771
1356447355625,0.06098777,0.26481715,0.9623681,0.29801807,-0.9250152,0.23565248,0.95260996,0.27243116,-0.13533491
1356447355664,0.040567517,0.30428207,0.95171773,0.27643043,-0.91874206,0.2819561,0.9601773,0.25164548,-0.121383905
1356447355706,0.035174847,0.34152266,0.9392151,0.25737074,-0.9111932,0.3216943,0.9656723,0.23041093,-0.11994902
1356447355746,0.04886073,0.37567377,0.9254631,0.24719608,-0.9022925,0.35321718,0.9677328,0.21151239,-0.13695174
1356447355786,0.09516823,0.39154953,0.9152223,0.2544853,-0.8984139,0.35789618,0.96238256,0.1988503,-0.18514407
1356447355825,0.1562534,0.40364337,0.9014749,0.27554536,-0.8942648,0.35265452,0.9485039,0.19329377,-0.25095397
1356447355864,0.2212528,0.41127917,0.88424927,0.30360922,-0.8907096,0.33831626,0.9267517,0.1936128,-0.32194012
1356447355906,0.26561266,0.429795,0.8629752,0.32881787,-0.88184166,0.33798534,0.9062719,0.19398849,-0.3755526
1356447355977,0.27573282,0.46568242,0.8408991,0.34721377,-0.86399835,0.36462235,0.8963337,0.19143343,-0.39992404
1356447355982,0.25075847,0.5156112,0.8193078,0.3562431,-0.83610743,0.41715133,0.9001173,0.18726854,-0.39334393
1356447356022,0.20271689,0.56802976,0.79765165,0.3537909,-0.80202705,0.48123243,0.9130925,0.18464795,-0.36354816
1356447356065,0.14087981,0.61495245,0.7758778,0.33868363,-0.76634556,0.54590094,0.9302936,0.18587069,-0.31623697
1356447356104,0.08238268,0.6471411,0.757906,0.31643006,-0.7381248,0.59585553,0.9450318,0.19073606,-0.26558357
1356447356146,0.026637197,0.66810465,0.74359035,0.2937262,-0.7162497,0.63301754,0.95551836,0.2015502,-0.2153187
1356447356185,-0.01934576,0.67507356,0.73749673,0.27729225,-0.7050751,0.65267,0.96059084,0.21712852,-0.17355245
1356447356227,-0.057251453,0.6724721,0.73790485,0.27337414,-0.70030856,0.65941983,0.9602025,0.23947681,-0.1437428
1356447356265,-0.08267146,0.6572441,0.7491299,0.279497,-0.7062436,0.6504624,0.95658076,0.26315427,-0.1253115
1356447356304,-0.094959855,0.6329693,0.768331,0.29466277,-0.7193595,0.6290435,0.9508714,0.28613245,-0.118202224
1356447356344,-0.09104335,0.59623927,0.7976277,0.3155831,-0.74239814,0.5909758,0.94452024,0.3055222,-0.120572686
1356447356384,-0.06995696,0.5459132,0.8349161,0.3384137,-0.7743453,0.5346641,0.9383935,0.31995046,-0.13057369
1356447356424,-0.034413815,0.4819117,0.8755438,0.35725,-0.81224746,0.46111444,0.9333746,0.3286567,-0.14421041
1356447356463,0.008092105,0.408702,0.912632,0.3654184,-0.8507496,0.37774926,0.9308082,0.33043575,-0.15623158
1356447356505,0.04748565,0.33457693,0.9411712,0.35907468,-0.88496614,0.29647988,0.9321,0.3238722,-0.16216129
1356447356545,0.07612008,0.26835352,0.9603084,0.34201115,-0.9117012,0.22766054,0.9366078,0.31110662,-0.16117865
1356447356586,0.08970225,0.21839319,0.9717293,0.31786746,-0.93091583,0.17987752,0.9438822,0.29274574,-0.15292534
1356447356625,0.09145111,0.18568936,0.9783436,0.29310256,-0.9439588,0.15176524,0.95169723,0.2728759,-0.1407521
1356447356667,0.08422685,0.16906701,0.9819991,0.26818898,-0.9529818,0.14106843,0.9596773,0.25147957,-0.12560856
1356447356705,0.074487925,0.1653587,0.9834165,0.24534993,-0.9588819,0.1426495,0.96656865,0.23065552,-0.111995876
1356447356743,0.0705418,0.16672051,0.9834776,0.22428453,-0.96333945,0.14721943,0.9719672,0.21019368,-0.10534853
1356447356782,0.081846416,0.16863172,0.9822751,0.20689662,-0.966986,0.14876765,0.97493327,0.1910533,-0.11403367
1356447356825,0.11698818,0.16624781,0.9791197,0.19636822,-0.9702976,0.14128721,0.9735262,0.17573908,-0.14615914
1356447356864,0.17622751,0.15882246,0.9714522,0.19449528,-0.97305936,0.123802565,0.96494323,0.16712545,-0.20237005
1356447356904,0.24539304,0.15105791,0.9575823,0.19768794,-0.9748262,0.10311802,0.9490531,0.16399802,-0.2690779
1356447356976,0.3035609,0.1491144,0.94107157,0.20042908,-0.97557217,0.08992878,0.93149287,0.16131926,-0.32603243
1356447356982,0.33429366,0.15716778,0.92927176,0.20148079,-0.9751205,0.09244203,0.9206808,0.15632764,-0.3576429
1356447357023,0.3327682,0.17420094,0.926779,0.20271067,-0.9730284,0.1101091,0.92096347,0.1512272,-0.35910532
1356447357065,0.30694097,0.19332376,0.93188685,0.20429003,-0.96971184,0.13388252,0.9295444,0.14928117,-0.3371384
1356447357109,0.2593071,0.21147256,0.9423583,0.2058918,-0.96540755,0.15999009,0.9435933,0.15253727,-0.29387748
1356447357145,0.21172756,0.21516462,0.95334965,0.20452873,-0.96362007,0.1720592,0.95568794,0.15855773,-0.24803227
1356447357183,0.16477293,0.21025707,0.9636606,0.20530246,-0.962927,0.17499305,0.96472836,0.1690078,-0.2018306
1356447357226,0.12479365,0.19080555,0.9736631,0.21101993,-0.963987,0.1618631,0.9694829,0.18526284,-0.16056323
1356447357265,0.09807795,0.15370093,0.98323786,0.22204138,-0.9664751,0.12893194,0.97009194,0.20567411,-0.12891787
1356447357304,0.08679968,0.103701614,0.99081373,0.23939416,-0.96759623,0.0802996,0.9670348,0.23022504,-0.1088126
1356447357344,0.093379855,0.038476177,0.9948868,0.25839022,-0.96595174,0.013104685,0.9615169,0.2558453,-0.1001423
1356447357385,0.11774969,-0.039712034,0.99224895,0.2728179,-0.9594588,-0.07077489,0.9548326,0.27903703,-0.10214183
1356447357425,0.15571392,-0.12722749,0.97957456,0.27681023,-0.9463177,-0.16691002,0.9482243,0.29714647,-0.11213696
1356447357465,0.20125258,-0.21656545,0.9552993,0.26781273,-0.9259298,-0.26632744,0.9422174,0.30944043,-0.12834677
1356447357505,0.2426042,-0.30312723,0.92155147,0.2478658,-0.89903355,-0.3609726,0.9379263,0.31599453,-0.14297444
1356447357547,0.26934505,-0.37609857,0.8865681,0.2223749,-0.8714225,-0.43723243,0.937018,0.3149169,-0.15107846
1356447357585,0.28195548,-0.43896344,0.8531191,0.1961827,-0.84402996,-0.499125,0.93915564,0.30809826,-0.15186185
1356447357624,0.27937728,-0.48652115,0.8277955,0.17389408,-0.8222305,-0.5419389,0.9443035,0.2953542,-0.14510939
1356447357665,0.2658766,-0.51956415,0.8120116,0.15744653,-0.80761486,-0.5683035,0.9510627,0.278947,-0.13292232
1356447357704,0.24534589,-0.5361006,0.8077138,0.14771779,-0.8027764,-0.57769334,0.9581153,0.26104835,-0.11776629
1356447357744,0.22035033,-0.53314686,0.81682324,0.1435776,-0.81055635,-0.5677886,0.96479595,0.24238993,-0.10205841
1356447357784,0.19462305,-0.5073331,0.83948493,0.14167921,-0.8323355,-0.5358588,0.970592,0.22322804,-0.0901131
1356447357825,0.1755104,-0.46039855,0.8701892,0.13563085,-0.864173,-0.48457122,0.9750899,0.20307179,-0.08922711
1356447357863,0.17289591,-0.39804128,0.90092736,0.12280545,-0.89885306,-0.42069227,0.9772542,0.18337476,-0.106526375
1356447357906,0.2032156,-0.3469729,0.91559446,0.10014251,-0.92283744,-0.37194428,0.9739994,0.1672748,-0.15278822
1356447357980,0.2579685,-0.30801016,0.9157412,0.07734135,-0.93819666,-0.3373505,0.96305275,0.15785046,-0.21820325
1356447357984,0.32804352,-0.29347914,0.8979184,0.053909265,-0.9431526,-0.32795876,0.94312316,0.15599084,-0.29357386
1356447358021,0.3857026,-0.2703792,0.88211596,0.0413578,-0.95006776,-0.30929077,0.9216957,0.15577663,-0.35526133
1356447358084,0.4162832,-0.21863645,0.8825568,0.049668163,-0.9637411,-0.26217574,0.90787745,0.15297434,-0.39032996
1356447358101,0.4144675,-0.12193099,0.9018589,0.08538978,-0.9814018,-0.17192775,0.90604925,0.14826798,-0.3963475
1356447358141,0.37931442,0.018669926,0.9250794,0.14156568,-0.98919606,-0.03808288,0.91437393,0.14540489,-0.37785935
1356447358179,0.31344008,0.18585533,0.9312428,0.20094892,-0.9714334,0.12624058,0.92810285,0.14756337,-0.3418336
1356447358221,0.23017061,0.3467639,0.90927243,0.244403,-0.9250109,0.29089856,0.9419601,0.1552726,-0.29766047
1356447358265,0.14200002,0.48136774,0.8649399,0.2669179,-0.860048,0.4348244,0.95320034,0.16912287,-0.2506125
1356447358304,0.06709051,0.5728547,0.81690663,0.27197003,-0.79824674,0.53743327,0.9599642,0.18611741,-0.20935407
1356447358346,0.0045280457,0.63409764,0.7732398,0.2728693,-0.7446867,0.60908467,0.9620405,0.20823543,-0.1763978
1356447358383,-0.04158938,0.6649497,0.74572927,0.27539158,-0.7098342,0.64830154,0.9604321,0.23233002,-0.15359998
1356447358426,-0.07217723,0.67405015,0.7351509,0.28615838,-0.69209087,0.66266406,0.95546,0.2581988,-0.14293197
1356447358473,-0.08061385,0.6539026,0.75227165,0.30841637,-0.7013252,0.64266807,0.9478295,0.28382087,-0.14513776
1356447358515,-0.060851157,0.5927723,0.80306804,0.33560336,-0.74556804,0.57575935,0.94003594,0.30454797,-0.15356776
1356447358555,-0.011202335,0.4841456,0.87491566,0.35833642,-0.81491476,0.45553148,0.93352526,0.31861717,-0.16435806
1356447358594,0.06064838,0.32663697,0.943202,0.3621788,-0.8877439,0.28414318,0.93013346,0.32437494,-0.17214122
1356447358638,0.12197703,0.17259164,0.97741175,0.3426504,-0.931543,0.12173073,0.9315108,0.32006216,-0.17276543
1356447358674,0.1441009,0.09511106,0.9849816,0.3202594,-0.94628316,0.04452096,0.93630594,0.3090341,-0.16682047
1356447358716,0.119889975,0.12954773,0.98429865,0.30657345,-0.9478254,0.08740594,0.9442665,0.29128072,-0.15335065
1356447358755,0.061411083,0.26806605,0.9614412,0.2976787,-0.9243408,0.23870787,0.9526889,0.27154127,-0.13656232
1356447358793,-0.004514158,0.43957058,0.89819676,0.27624074,-0.8627065,0.42359024,0.96107787,0.2500307,-0.11753297
1356447358835,-0.05649066,0.5933987,0.8029239,0.2418255,-0.7721291,0.5876538,0.96867394,0.22736442,-0.09988086
1356447358874,-0.08110982,0.6991395,0.7103697,0.20784181,-0.6851856,0.69808483,0.9747938,0.20426607,-0.089735135
1356447358914,-0.07893258,0.7628069,0.6417907,0.18996021,-0.6204935,0.7608567,0.9786137,0.18197107,-0.09592581
1356447358976,-0.0552696,0.799994,0.5974571,0.19939628,-0.5774752,0.79168403,0.97835904,0.16288677,-0.127599
1356447358995,-0.017283857,0.8231752,0.56752425,0.23965621,-0.5476519,0.8016497,0.9707039,0.14986634,-0.18781349
1356447359034,0.018950522,0.8454716,0.533684,0.2961481,-0.51457334,0.80468035,0.954954,0.14280039,-0.26013616
1356447359078,0.03896439,0.8721206,0.487737,0.35078087,-0.46898156,0.81056094,0.9356466,0.13950583,-0.32419676
1356447359113,0.03179568,0.90564257,0.42284817,0.38587242,-0.40138483,0.83065796,0.92200404,0.13675416,-0.3622248
1356447359155,0.0019756556,0.9370864,0.34909204,0.39111596,-0.3220085,0.86217105,0.92033935,0.13483205,-0.36714566
1356447359195,-0.03551659,0.9600184,0.27767467,0.37421072,-0.24486044,0.8944326,0.9266633,0.13567609,-0.3505525
1356447359233,-0.074412644,0.9739778,0.21407959,0.3387101,-0.1772275,0.92404866,0.9379436,0.14127183,-0.31670815
1356447359275,-0.11023432,0.9807879,0.1609456,0.29304528,-0.122661114,0.94819754,0.94972247,0.15168828,-0.27389377
1356447359314,-0.14188623,0.98275316,0.11859402,0.24516794,-0.08118504,0.9660754,0.9590417,0.16614819,-0.2294206
1356447359354,-0.17061234,0.9816263,0.0854471,0.20081067,-0.050258994,0.9783399,0.96465874,0.18407556,-0.18854618
1356447359393,-0.19783652,0.97843146,0.05943626,0.16381052,-0.026781738,0.9861282,0.96645063,0.20482847,-0.15497893
1356447359434,-0.22386193,0.97384846,0.03879288,0.13645613,-0.008093059,0.99061304,0.965021,0.22705406,-0.13107592
1356447359474,-0.24768203,0.9685787,0.02255854,0.11978808,0.007509887,0.992771,0.96140754,0.24859378,-0.11788428
1356447359518,-0.26892328,0.9631187,0.009096712,0.11484888,0.02268815,0.9931239,0.95628965,0.2681189,-0.11671448
1356447359555,-0.2867009,0.9580195,-0.0011320412,0.11920348,0.036845744,0.9921859,0.9505751,0.28432566,-0.12476301
1356447359596,-0.3016745,0.9533552,-0.010310322,0.13228801,0.052565157,0.98981655,0.9441887,0.2972385,-0.14197499
1356447359635,-0.31085038,0.95040625,-0.010000199,0.14845258,0.058941483,0.98716146,0.9387939,0.30537492,-0.15941226
1356447359673,-0.30827588,0.9511074,0.018988848,0.16899642,0.035110295,0.9849911,0.93616563,0.30685806,-0.17155743
1356447359715,-0.28320777,0.9513308,0.12150371,0.20344302,-0.06421524,0.9769787,0.93723226,0.30140704,-0.17535537
1356447359754,-0.21389228,0.9067143,0.36348215,0.26131785,-0.30542308,0.9156581,0.94125617,0.29083657,-0.17161298
1356447359794,-0.07920158,0.69072425,0.71876776,0.31177247,-0.6676977,0.67600125,0.94685006,0.27763236,-0.16246611
1356447359833,0.04936123,0.35312495,0.93427306,0.2991713,-0.89769125,0.3234918,0.9529218,0.26353973,-0.14995599
1356447359874,0.108278215,0.122943416,0.98648906,0.2623099,-0.96068937,0.09093663,0.9588896,0.2489194,-0.136271
1356447359915,0.12816936,0.0020090193,0.99175024,0.23194516,-0.9723256,-0.028005883,0.96424794,0.23362117,-0.12508833
1356447359974,0.14095086,-0.07272157,0.9873421,0.20485061,-0.9735733,-0.10095149,0.96859133,0.21648684,-0.12232894
1356447359994,0.16427583,-0.13942596,0.97651106,0.17446953,-0.97024536,-0.16788189,0.97086245,0.19795035,-0.13506228
1356447360060,0.223234,-0.24279025,0.94404423,0.12508768,-0.9533414,-0.27476025,0.96670556,0.17942412,-0.18244815
1356447360078,0.2894966,-0.33437133,0.8968765,0.06713097,-0.9275998,-0.36749423,0.954822,0.16659653,-0.24609032
1356447360121,0.35439408,-0.41409716,0.8384083,0.00503695,-0.8957427,-0.44454426,0.9350826,0.16176687,-0.31536013
1356447360162,0.40123343,-0.46753058,0.7876718,-0.04626897,-0.8691736,-0.49233776,0.9148065,0.1610976,-0.37037367
1356447360208,0.42380524,-0.49387434,0.759261,-0.07459429,-0.8544483,-0.5141535,0.90267646,0.16126439,-0.39895988
1356447360245,0.4271387,-0.50735253,0.748429,-0.08409236,-0.8464407,-0.525801,0.9002672,0.16165279,-0.40421203
1356447360286,0.4108209,-0.5062027,0.7582777,-0.06922445,-0.8466217,-0.52767384,0.90908426,0.1642881,-0.38285148
1356447360325,0.38350964,-0.50709355,0.7718656,-0.045567036,-0.84514314,-0.5325943,0.92241204,0.16908342,-0.34722728
1356447360364,0.3483492,-0.5081751,0.7876617,-0.014610574,-0.8431351,-0.53750324,0.937251,0.17573066,-0.30113018
1356447360405,0.31078196,-0.5160929,0.79816204,0.017397538,-0.8365158,-0.54766655,0.950322,0.18409091,-0.25099528
1356447360444,0.2779314,-0.53592175,0.79720896,0.04652603,-0.8214223,-0.5684195,0.95947355,0.19507259,-0.20336473
1356447360484,0.25591105,-0.5699683,0.7807981,0.07075508,-0.794484,-0.6031491,0.9641075,0.20959799,-0.16298908
1356447360525,0.2480064,-0.61769307,0.7462895,0.08773929,-0.7528689,-0.6522961,0.964777,0.22725253,-0.13252038
1356447360564,0.25398868,-0.6739714,0.69372356,0.09534541,-0.69630367,-0.7113863,0.9624963,0.24682744,-0.112593174
1356447360604,0.2705992,-0.7316011,0.62572813,0.09164515,-0.62744904,-0.7732456,0.95832,0.2665846,-0.10273949
1356447360645,0.2948854,-0.7834424,0.54704726,0.07568911,-0.5515546,-0.8306977,0.95253015,0.28636616,-0.103347346
1356447360685,0.3210129,-0.82497513,0.46515232,0.049531937,-0.47584963,-0.8781308,0.94577867,0.3049312,-0.111891225
1356447360726,0.34368524,-0.8537761,0.39108413,0.017972916,-0.41039595,-0.91173035,0.9389129,0.32037717,-0.12570222
1356447360766,0.35671955,-0.87281597,0.3330817,-0.010538638,-0.36027467,-0.9327867,0.934152,0.32923302,-0.13771528
1356447360803,0.35860988,-0.8852509,0.29619217,-0.030156165,-0.32811692,-0.94415563,0.9330003,0.32965153,-0.14436175
1356447360845,0.35103685,-0.89419854,0.27781686,-0.039743334,-0.3106596,-0.94969004,0.9355178,0.32233483,-0.14459145
1356447360883,0.33664605,-0.90037143,0.27568227,-0.040251017,-0.30626306,-0.9510955,0.94077057,0.30908602,-0.1393431
1356447360924,0.31758866,-0.9030448,0.28921875,-0.033197552,-0.31541148,-0.94837403,0.9476472,0.2915915,-0.13014995
1356447360973,0.29545644,-0.90029156,0.31965712,-0.020439655,-0.340475,-0.9400314,0.9551376,0.27120468,-0.11899717
1356447361005,0.2716617,-0.888664,0.3694268,-0.0049144626,-0.38513875,-0.9228456,0.96238023,0.24888626,-0.10899477
1356447361043,0.24883938,-0.86312246,0.43942973,0.008311242,-0.4517814,-0.89208996,0.9685091,0.22563934,-0.10524738
1356447361105,0.23337603,-0.82115185,0.52081215,0.008968145,-0.53376156,-0.84558743,0.97234523,0.20201057,-0.11720292
1356447361132,0.24213547,-0.77358985,0.58560157,-0.019176096,-0.6072598,-0.7942719,0.97005296,0.18109185,-0.16187356
1356447361168,0.27542776,-0.72843266,0.627316,-0.060437143,-0.66438574,-0.7449422,0.9594201,0.16726461,-0.22701465
1356447361198,0.31963104,-0.7006184,0.6379419,-0.105840296,-0.69544524,-0.7107417,0.9416124,0.15965515,-0.29643953
