1356446779586,0.33245206,0.12820974,0.9343649,-0.94127023,-0.016916037,0.33723012,0.059042007,-0.9916028,0.115056306
1356446779789,-0.6067589,-0.19311658,-0.77107054,0.78832936,-0.021859705,-0.61486506,0.10188532,-0.98093235,0.1655029
1356446779833,-0.73780245,-0.2241447,-0.63671553,0.6629405,-0.06298572,-0.74601793,0.12711194,-0.9725183,0.19506562
1356446779872,-0.78837174,-0.24312533,-0.56511945,0.5980931,-0.08778697,-0.7966041,0.14406453,-0.9660142,0.21462035
1356446779920,-0.8144223,-0.25619343,-0.52065474,0.55872786,-0.10399592,-0.82280505,0.15665127,-0.961015,0.22783893
1356446779966,-0.8316392,-0.2651072,-0.48794922,0.5297146,-0.114995,-0.84034437,0.16666964,-0.9573371,0.2360655
1356446780001,-0.84399873,-0.27110833,-0.46278143,0.5069656,-0.12159425,-0.8533469,0.1750779,-0.95483786,0.24006784
1356446780042,-0.85252035,-0.27513722,-0.44441944,0.48973414,-0.12330651,-0.86310834,0.18267341,-0.9534648,0.23986542
1356446780080,-0.85758555,-0.27775505,-0.4328962,0.4780484,-0.11988485,-0.8701134,0.1897807,-0.95314205,0.23559189
1356446780125,-0.85943735,-0.2792704,-0.42822367,0.4719869,-0.11155212,-0.8745196,0.19645816,-0.9537108,0.22768402
1356446780171,-0.8588016,-0.27938157,-0.42942497,0.4702558,-0.09731054,-0.8771489,0.20327166,-0.9552365,0.21495128
1356446780214,-0.8534833,-0.27928424,-0.43996194,0.47723705,-0.07978749,-0.87514496,0.20931074,-0.95688784,0.20138204
1356446780250,-0.847257,-0.27785093,-0.45271885,0.48596805,-0.061366558,-0.87181944,0.21445404,-0.9586621,0.18701994
1356446780309,-0.84182584,-0.27383077,-0.46513012,0.49372602,-0.04246646,-0.86858004,0.21809152,-0.9608399,0.17094666
1356446780348,-0.8350467,-0.26906332,-0.4798977,0.5043147,-0.025675535,-0.86313814,0.21991715,-0.9627802,0.15713292
1356446780392,-0.82961184,-0.26402947,-0.49196815,0.5130882,-0.013024032,-0.8582371,0.22019248,-0.9644267,0.14627528
1356446780424,-0.82472414,-0.25999725,-0.5022265,0.5209659,-0.0037231445,-0.8535693,0.22005579,-0.9656021,0.1385203
1356446780468,-0.8198464,-0.2577706,-0.511279,0.52836865,0.0034866333,-0.84900796,0.2206319,-0.9661999,0.1333394
1356446780508,-0.81455153,-0.257707,-0.5197047,0.53561974,0.009892881,-0.84440136,0.2227495,-0.96617246,0.12997472
1356446780541,-0.8091154,-0.25933087,-0.52733254,0.54229945,0.016165197,-0.8400297,0.22637004,-0.9656532,0.12755555
1356446780658,-0.8034934,-0.26211256,-0.5345048,0.5485677,0.022763252,-0.83579624,0.23123978,-0.96476877,0.12549639
1356446780688,-0.7981074,-0.2650795,-0.5410707,0.5542155,0.029312015,-0.831857,0.23636809,-0.96378094,0.12351704
1356446780702,-0.79381347,-0.26657292,-0.54662526,0.55903053,0.03407669,-0.82844657,0.23946862,-0.9632122,0.12197173
1356446780706,-0.7921108,-0.2649634,-0.5498682,0.56214744,0.034295976,-0.82632565,0.23780432,-0.96364844,0.12178224
1356446780742,-0.7913534,-0.2600987,-0.55327076,0.56626076,0.029295564,-0.82370543,0.23045312,-0.9651376,0.12410051
1356446780787,-0.792454,-0.25125372,-0.55577713,0.570593,0.016560912,-0.82106596,0.21550004,-0.9677796,0.13023984
1356446780830,-0.7942129,-0.23852424,-0.5588666,0.57593167,-0.0022721887,-0.81749463,0.1937224,-0.9711338,0.1391784
1356446780869,-0.79643106,-0.2222232,-0.5624183,0.58113754,-0.02401334,-0.81345093,0.16726214,-0.9747,0.14826733
1356446780909,-0.7989976,-0.20273204,-0.5661294,0.5850388,-0.044387758,-0.8097897,0.13904111,-0.9782277,0.15407181
1356446780950,-0.80064243,-0.18139131,-0.57102436,0.58843625,-0.058697045,-0.8064102,0.11275838,-0.9816576,0.15373254
1356446781002,-0.80305964,-0.15802021,-0.57456505,0.58900523,-0.064254284,-0.8055708,0.09037824,-0.98534316,0.14467472
1356446781027,-0.8041947,-0.13451673,-0.5789441,0.5898159,-0.060316086,-0.80528206,0.07340428,-0.98907393,0.127846
1356446781071,-0.80728847,-0.11023882,-0.5797696,0.58683014,-0.04578066,-0.8084149,0.0625765,-0.99285024,0.10164958
1356446781112,-0.81094635,-0.086471304,-0.57869565,0.5823073,-0.022402048,-0.81266004,0.05730784,-0.9960024,0.06851971
1356446781158,-0.81868964,-0.06256887,-0.57081735,0.5713968,0.009967864,-0.8206134,0.05703467,-0.99799085,0.02759111
1356446781188,-0.82986933,-0.039807618,-0.55653596,0.5547698,0.047605455,-0.83064085,0.059559986,-0.9980727,-0.0174222
1356446781236,-0.84641784,-0.018668711,-0.532192,0.52869266,0.09013361,-0.84401417,0.063725054,-0.9957547,-0.066420674
1356446781276,-0.8665627,-6.388277E-4,-0.49906787,0.49431074,0.1366499,-0.85847753,0.068746,-0.99061924,-0.11809999
1356446781307,-0.88740915,0.013030276,-0.4607985,0.4549595,0.18581629,-0.8709099,0.07427567,-0.98249805,-0.1708234
1356446781350,-0.90636724,0.021982267,-0.42191848,0.41489196,0.2348606,-0.8790364,0.07976881,-0.9717804,-0.22199023
1356446781410,-0.92238975,0.02680935,-0.38532883,0.37698156,0.27982706,-0.8829392,0.0841544,-0.959676,-0.2682162
1356446781433,-0.93596864,0.028565139,-0.3509227,0.34146366,0.31659532,-0.8849689,0.08582121,-0.9481305,-0.30607724
1356446781472,-0.947005,0.02757974,-0.32003272,0.3098917,0.3406865,-0.88763726,0.08455002,-0.93977237,-0.33117855
1356446781511,-0.9555657,0.024895266,-0.29372522,0.28351605,0.35041434,-0.89265245,0.08070273,-0.93626386,-0.3419022
1356446781551,-0.96175855,0.020678774,-0.27311686,0.26339805,0.34327942,-0.9015435,0.07511258,-0.9390056,-0.3355987
1356446781625,-0.9660764,0.014622554,-0.25784236,0.24852844,0.32408267,-0.91280013,0.070214786,-0.94591576,-0.3167228
1356446781629,-0.96645314,0.0066967383,-0.2567557,0.24768046,0.28892666,-0.9247571,0.06799071,-0.95732784,-0.28089273
1356446781662,-0.96373534,-0.0039547384,-0.26683056,0.2576929,0.24603093,-0.9343785,0.069343805,-0.9692539,-0.23608959
1356446781709,-0.9534725,-0.018175676,-0.30093175,0.29183376,0.19483733,-0.9364142,0.0756527,-0.9806672,-0.18046772
1356446781758,-0.9245388,-0.040532842,-0.37892628,0.37060517,0.13598353,-0.91878194,0.08876857,-0.9898816,-0.11070037
1356446781798,-0.8822621,-0.0704308,-0.46546,0.4592014,0.08898592,-0.883864,0.10367064,-0.99353963,-0.046167016
1356446781840,-0.82325596,-0.10529746,-0.557819,0.5546316,0.060200155,-0.8299155,0.12096879,-0.9926169,0.008841157
1356446781875,-0.7689053,-0.1399417,-0.62385976,0.62407756,0.047810316,-0.77989835,0.13896723,-0.9890048,0.050572872
1356446781920,-0.7322245,-0.17018296,-0.65945816,0.6623497,0.04748243,-0.74768865,0.15855655,-0.98426783,0.07795286
1356446781956,-0.72417265,-0.19409172,-0.6617421,0.6664747,0.049534023,-0.74388033,0.17715982,-0.9797321,0.09348595
1356446781997,-0.7351716,-0.21114221,-0.64415956,0.649582,0.052268386,-0.7584927,0.19381899,-0.9760568,0.098728
1356446782037,-0.75681627,-0.22229165,-0.6146671,0.6199199,0.05398196,-0.7828061,0.20719217,-0.9734847,0.096948564
1356446782083,-0.7803378,-0.2289932,-0.5819236,0.586607,0.05443847,-0.8080401,0.2167147,-0.9719046,0.09184861
1356446782121,-0.8009544,-0.23245788,-0.5517566,0.55565786,0.054590523,-0.8296169,0.22297168,-0.97107327,0.08544254
1356446782155,-0.81600076,-0.23425108,-0.5284592,0.53127205,0.05635512,-0.8453249,0.22779961,-0.97054136,0.07846528
1356446782197,-0.8240244,-0.23593871,-0.51508904,0.5162132,0.06198293,-0.8542143,0.23346895,-0.96978915,0.07071924
1356446782241,-0.82551026,-0.23799713,-0.51175225,0.51063293,0.07125217,-0.85684144,0.24038926,-0.9686488,0.06270975
1356446782277,-0.8229121,-0.23959668,-0.51517874,0.5116301,0.08182883,-0.8553003,0.24708362,-0.96741796,0.05524695
1356446782315,-0.8180419,-0.23916602,-0.5230746,0.51776296,0.089806795,-0.8507974,0.25045747,-0.96681666,0.050365567
1356446782354,-0.8132296,-0.23567727,-0.53208447,0.52644026,0.09175891,-0.8452461,0.24802877,-0.96748984,0.049448967
1356446782393,-0.8064947,-0.22894089,-0.5451166,0.54015094,0.08961129,-0.8367835,0.24042255,-0.9693068,0.05139172
1356446782435,-0.7984213,-0.21863654,-0.5610004,0.557235,0.08460158,-0.8260338,0.22806269,-0.972132,0.054284215
1356446782473,-0.78400195,-0.20535688,-0.5858067,0.582691,0.081930876,-0.80855334,0.21403766,-0.9752517,0.055425644
1356446782514,-0.76447445,-0.18860726,-0.61644626,0.61308867,0.082846224,-0.7856581,0.19925109,-0.97855186,0.052299142
1356446782553,-0.7371033,-0.16678235,-0.65487576,0.6501931,0.08910525,-0.7545258,0.18419445,-0.9819592,0.042761028
1356446782612,-0.7064026,-0.13716722,-0.6943922,0.68754613,0.100090325,-0.7192095,0.16815391,-0.9854781,0.02360475
1356446782636,-0.6855063,-0.09687629,-0.7215928,0.7123414,0.11563307,-0.6922418,0.15050182,-0.9885565,-0.010258198
1356446782675,-0.6959618,-0.04653421,-0.71656954,0.7058127,0.13932627,-0.6945622,0.13215792,-0.98915255,-0.064121366
1356446782713,-0.7531311,0.0063756406,-0.65783966,0.64765704,0.18270278,-0.7397027,0.11547306,-0.9831475,-0.14172846
1356446782756,-0.8253867,0.048223943,-0.5625044,0.5550518,0.2514748,-0.7928921,0.1032193,-0.9666617,-0.23433077
1356446782795,-0.87576145,0.07377702,-0.4770733,0.4729976,0.3287214,-0.8174445,0.096515596,-0.9415409,-0.32277793
1356446782836,-0.8972457,0.090261176,-0.43220717,0.43173057,0.38445514,-0.81596744,0.09251408,-0.91872036,-0.38391924
1356446782875,-0.8976092,0.10478251,-0.42815697,0.4318182,0.40403205,-0.8064063,0.08849187,-0.90872365,-0.40790987
1356446782915,-0.87834334,0.12182765,-0.4622456,0.4706303,0.38986933,-0.7915232,0.08378598,-0.912776,-0.3997749
1356446782953,-0.8197162,0.14609283,-0.5538251,0.56712574,0.3424275,-0.749074,0.08021061,-0.92811656,-0.36354637
1356446782996,-0.6614242,0.17883858,-0.7283782,0.7456509,0.2613744,-0.612934,0.08076316,-0.9485253,-0.30623055
1356446783034,-0.32441017,0.19753423,-0.9250613,0.94187605,0.15775123,-0.29662126,0.08733672,-0.96751994,-0.23722887
1356446783072,0.060640395,0.17151666,-0.9833131,0.99308264,0.088866115,0.07674351,0.10054597,-0.98116505,-0.16494137
1356446783102,0.2665715,0.12833047,-0.95523345,0.9567791,0.08430323,0.27832848,0.1162473,-0.98814183,-0.10031104
1356446783142,0.36838645,0.08989051,-0.9253168,0.91934276,0.11273883,0.37696022,0.13820434,-0.9895503,-0.041108787
1356446783172,0.3889507,0.05526042,-0.91959965,0.90732455,0.14997633,0.39277118,0.15962288,-0.98714405,0.008194268
1356446783212,0.37980515,0.02545181,-0.9247163,0.9070885,0.18586971,0.37768084,0.18148941,-0.9822447,0.047507226
1356446783242,0.34582603,-0.002836734,-0.9382944,0.9166645,0.21452022,0.33720538,0.20032659,-0.97671545,0.076786995
1356446783272,0.30157208,-0.027160674,-0.95305645,0.92858994,0.23511082,0.28712994,0.21627524,-0.971589,0.09612399
1356446783312,0.23386058,-0.046435356,-0.97116065,0.94453895,0.24771014,0.21560585,0.23055461,-0.96772075,0.10178965
1356446783342,0.15644005,-0.062214047,-0.98572606,0.9574101,0.25476697,0.1358665,0.24267763,-0.96499896,0.0994201
1356446783372,0.07372114,-0.07348797,-0.99456763,0.9646144,0.2584038,0.052407682,0.25314876,-0.9632378,0.08993739
1356446783412,-0.017840922,-0.07954168,-0.9966719,0.9650097,0.25944918,-0.03798011,0.2616067,-0.96247566,0.07212973
1356446783454,-0.089185625,-0.08137071,-0.9926856,0.960232,0.25772223,-0.10739544,0.26457602,-0.9627867,0.055149555
1356446783493,-0.1276784,-0.079684675,-0.98860943,0.9572832,0.25083053,-0.14385027,0.25943613,-0.9647458,0.044255137
1356446783534,-0.13083622,-0.07426107,-0.98861885,0.96040416,0.23792115,-0.1449739,0.24597928,-0.9684415,0.04019189
1356446783609,-0.09574285,-0.06421164,-0.99333286,0.9689052,0.2227219,-0.1077857,0.22815809,-0.9727651,0.040890932
1356446783610,-0.022678614,-0.0505926,-0.99846184,0.9779094,0.20646012,-0.03267321,0.20779559,-0.97714615,0.04479277
1356446783652,0.09008384,-0.033271283,-0.99537826,0.97860646,0.1885795,0.082262546,0.18497095,-0.9814942,0.049547493
1356446783712,0.23485446,-0.011942476,-0.97195715,0.9585711,0.16866922,0.22954753,0.16119784,-0.98560035,0.051060468
1356446783732,0.36522853,0.010104626,-0.930863,0.92115307,0.14052951,0.36294425,0.13448116,-0.9900249,0.04201749
1356446783770,0.45422584,0.035927415,-0.8901619,0.88460195,0.10028516,0.45543638,0.10563263,-0.9943099,0.01377067
1356446783809,0.4535362,0.07528961,-0.88805205,0.8879308,0.047587976,0.45750886,0.07670629,-0.9960256,-0.0452691
1356446783850,0.31748343,0.143444,-0.93735164,0.9468618,0.0057780743,0.32158875,0.051546037,-0.98964155,-0.13398719
1356446783894,-0.012943745,0.24206999,-0.97017246,0.99940765,0.03407556,-0.004831463,0.031889617,-0.9696603,-0.24236768
1356446783931,-0.33993807,0.30941442,-0.8880906,0.94032705,0.12696472,-0.31569776,0.0150747,-0.9424132,-0.3341108
1356446783971,-0.51298904,0.33578587,-0.7899937,0.858394,0.19920275,-0.47273457,-0.0013686419,-0.92063355,-0.39042544
1356446784011,-0.56114507,0.34416038,-0.75277483,0.8275849,0.21700695,-0.51769793,-0.014813751,-0.91348875,-0.40659428
1356446784052,-0.5198009,0.34169358,-0.78297675,0.85405356,0.18640313,-0.4856403,-0.019990861,-0.9211403,-0.38871706
1356446784101,-0.3341695,0.31344765,-0.88886523,0.9424712,0.102247596,-0.3182663,-0.008875519,-0.94408476,-0.3295834
1356446784141,-0.17134833,0.25713933,-0.9510621,0.9851661,0.053881466,-0.16292477,0.00935024,-0.96487105,-0.26255745
1356446784182,-0.027078599,0.19056326,-0.98130137,0.999067,0.038196415,-0.020151377,0.033642113,-0.9809315,-0.19141978
1356446784221,0.060272485,0.12802842,-0.98993737,0.9963143,0.052924067,0.06750536,0.061034143,-0.9903574,-0.12436664
1356446784261,0.105211675,0.07351571,-0.9917288,0.99021083,0.084237516,0.111295074,0.09172264,-0.99373007,-0.06393325
1356446784301,0.11173719,0.026685476,-0.9933795,0.9860318,0.12127209,0.114168465,0.123515874,-0.9922605,-0.012762129
1356446784341,0.08906117,-0.013725549,-0.99593157,0.9841491,0.15516809,0.085869044,0.15335816,-0.98779273,0.027327418
1356446784381,0.04252869,-0.0481655,-0.99793357,0.98290044,0.18112999,0.033145726,0.17915922,-0.982279,0.055045128
1356446784421,-0.024105668,-0.076750934,-0.9967588,0.97950035,0.19764912,-0.03890741,0.19999468,-0.97726357,0.07041311
1356446784463,-0.10535866,-0.09826267,-0.98956764,0.97064734,0.20618653,-0.12381825,0.21620226,-0.9735664,0.07365483
1356446784501,-0.18701977,-0.11457303,-0.975652,0.9556713,0.20869654,-0.20769739,0.22741166,-0.971246,0.07046378
1356446784542,-0.25716388,-0.12555644,-0.9581766,0.93821406,0.20515138,-0.27868858,0.2315624,-0.9706434,0.065041244
1356446784608,-0.3091262,-0.13233677,-0.9417685,0.92334807,0.19538403,-0.33053514,0.22774842,-0.9717572,0.06179458
1356446784623,-0.34322292,-0.13456503,-0.9295646,0.91421556,0.17912966,-0.36348665,0.21542516,-0.97457933,0.061540008
1356446784665,-0.3589453,-0.13163054,-0.9240301,0.9123874,0.15919876,-0.37710088,0.19674248,-0.978432,0.062954366
1356446784705,-0.35183454,-0.12384406,-0.92783356,0.9193753,0.1406064,-0.3673948,0.17595899,-0.98228943,0.06438899
1356446784745,-0.3242646,-0.1117748,-0.9393396,0.93352985,0.12267661,-0.33685672,0.15288705,-0.98613226,0.06456548
1356446784783,-0.26430607,-0.0946708,-0.95978105,0.9557284,0.10773772,-0.2738171,0.12932706,-0.9896616,0.06200391
1356446784823,-0.18936855,-0.071854085,-0.97927344,0.97635853,0.092084706,-0.19556159,0.10422799,-0.9931553,0.052717447
1356446784862,-0.11104375,-0.039613485,-0.99302566,0.9907483,0.07403004,-0.11374229,0.0780195,-0.99646884,0.031026423
1356446784903,-0.06527072,0.0063376725,-0.99784744,0.9965036,0.052681267,-0.064848244,0.052156925,-0.99859124,-0.009754062
1356446784942,-0.09507349,0.071406126,-0.992906,0.99504197,0.03607133,-0.09268388,0.029197246,-0.9967948,-0.07448155
1356446784983,-0.21218342,0.15330297,-0.96513027,0.9771542,0.045575142,-0.20758766,0.012162149,-0.9871277,-0.15947098
1356446785025,-0.36988258,0.23314792,-0.8993492,0.92907506,0.09548622,-0.3573542,0.0025590658,-0.96774197,-0.25193053
1356446785073,-0.48132822,0.28844425,-0.8277216,0.8765389,0.15661368,-0.45513925,-0.0016497672,-0.94460154,-0.32821518
1356446785115,-0.5164071,0.31826532,-0.7950038,0.85633373,0.18753535,-0.4811685,-0.00404796,-0.9292673,-0.36938584
1356446785151,-0.49674815,0.33004835,-0.8026889,0.8678839,0.18427432,-0.46132478,-0.0043444633,-0.92580295,-0.3779816
1356446785193,-0.42209715,0.32303506,-0.8470434,0.9065506,0.15009278,-0.3945101,-3.05444E-4,-0.9344092,-0.3562014
1356446785231,-0.30438158,0.29401454,-0.90603936,0.9525045,0.103259176,-0.28648332,0.009326607,-0.9502069,-0.31148034
1356446785273,-0.16461891,0.24412155,-0.9556701,0.9860467,0.06504142,-0.15323687,0.024749726,-0.967561,-0.25142235
1356446785311,-0.031934947,0.18200985,-0.98277795,0.9984499,0.05065474,-0.023063004,0.04558465,-0.9819911,-0.18334538
1356446785352,0.06868428,0.11986449,-0.9904115,0.99515176,0.061818957,0.076494634,0.07039523,-0.99086374,-0.11503738
1356446785392,0.1327205,0.0644826,-0.9890537,0.98627985,0.0902448,0.13823193,0.09817052,-0.9938299,-0.051620603
1356446785432,0.15857357,0.01880163,-0.9871682,0.97933877,0.1240893,0.15967932,0.12549928,-0.99209297,0.0012640953
1356446785473,0.15728617,-0.01788044,-0.98739123,0.9758809,0.15608269,0.15262625,0.15138566,-0.9875822,0.041998804
1356446785512,0.13148743,-0.047815233,-0.990164,0.9761547,0.18027776,0.1209214,0.17272264,-0.98245287,0.07037938
1356446785568,0.08522904,-0.0687848,-0.9939842,0.97809505,0.19592547,0.07030836,0.18991065,-0.9782034,0.08397663
1356446785726,0.0100848675,-0.08634427,-0.9962142,0.97952783,0.20116824,-0.0075198114,0.20105594,-0.9757438,0.08660537
1356446785727,-0.066752225,-0.09975639,-0.9927702,0.97613704,0.19953623,-0.08568385,0.20664117,-0.9747994,0.08405644
1356446785728,-0.13233286,-0.10758191,-0.9853497,0.96980363,0.19140702,-0.15114313,0.20486313,-0.97559696,0.07900393
1356446785761,-0.18327063,-0.1110647,-0.9767684,0.9637917,0.1754703,-0.20078787,0.19369426,-0.9781997,0.07488465
1356446785798,-0.2147848,-0.111172974,-0.97031343,0.9602247,0.15746576,-0.23059309,0.17842689,-0.9812467,0.07292974
1356446785841,-0.23070306,-0.108603746,-0.96694434,0.96017826,0.13553488,-0.24431151,0.15758789,-0.9848023,0.07301062
1356446785879,-0.22696185,-0.10284433,-0.9684582,0.9643371,0.11530447,-0.23824075,0.1361692,-0.9879918,0.07300699
1356446785921,-0.21104151,-0.09377274,-0.9729687,0.9707329,0.09661943,-0.21986854,0.114625335,-0.9908942,0.070637584
1356446785958,-0.17869216,-0.08090791,-0.9805728,0.97931194,0.08155948,-0.18519193,0.094958544,-0.99337906,0.06466007
1356446785999,-0.14705807,-0.06088224,-0.98725235,0.9862095,0.06759,-0.1510709,0.07592592,-0.99585384,0.05010301
1356446786038,-0.11988211,-0.029293358,-0.9923558,0.99116164,0.053661704,-0.12132189,0.056805402,-0.99812937,0.022601366
1356446786080,-0.1232301,0.022866577,-0.99211466,0.9916849,0.040198386,-0.12225017,0.03708601,-0.99893,-0.027630031
1356446786119,-0.16448909,0.0963313,-0.9816637,0.9861861,0.035736382,-0.16174006,0.019500494,-0.9947076,-0.100878835
1356446786160,-0.2523012,0.1877634,-0.949257,0.9676183,0.05673316,-0.24595958,0.0076721013,-0.9805744,-0.19599712
1356446786204,-0.35691565,0.27456486,-0.8928747,0.934132,0.10790163,-0.3402273,0.0029281378,-0.9554953,-0.2949916
1356446786252,-0.43555143,0.33167547,-0.8368311,0.9001613,0.16266927,-0.40403992,0.002116561,-0.9292632,-0.3694123
1356446786299,-0.46954614,0.35273257,-0.80938625,0.8829067,0.18914312,-0.4297682,0.001496613,-0.91640854,-0.40024137
1356446786340,-0.46710172,0.34705937,-0.813244,0.8842006,0.1857548,-0.4285843,0.002319783,-0.91926324,-0.39363652
1356446786378,-0.4385703,0.32310817,-0.83860433,0.8986721,0.1645948,-0.40656722,0.006664723,-0.93193865,-0.36255473
1356446786422,-0.37612757,0.27881426,-0.8836236,0.9264094,0.13079861,-0.35306847,0.017136216,-0.951396,-0.3074931
1356446786462,-0.2947694,0.21967337,-0.92997557,0.9549998,0.10129082,-0.27877492,0.032958567,-0.97030085,-0.23964548
1356446786503,-0.20118573,0.15015048,-0.9679768,0.9780063,0.08630094,-0.18988347,0.055026203,-0.98488927,-0.16421068
1356446786541,-0.12313864,0.083978,-0.98882985,0.9891313,0.09106162,-0.11544263,0.08034977,-0.992298,-0.094278455
1356446786625,-0.06407246,0.025939405,-0.99760807,0.9917049,0.113274306,-0.06074804,0.111427575,-0.99322504,-0.032981932
1356446786629,-0.038358957,-0.019738257,-0.9990691,0.9893965,0.13940832,-0.04074177,0.14008272,-0.9900383,0.0141813755
1356446786661,-0.033547223,-0.052993715,-0.99803126,0.9855549,0.16410649,-0.041841596,0.16600075,-0.98501813,0.04672283
1356446786703,-0.0486269,-0.07679278,-0.9958605,0.9811638,0.18295193,-0.062017083,0.18695706,-0.98011804,0.06644988
1356446786745,-0.07788202,-0.09265143,-0.99264807,0.9762723,0.19470748,-0.0947707,0.2020567,-0.9764757,0.07528871
1356446786788,-0.116491824,-0.102402836,-0.98789835,0.9703778,0.20023212,-0.13518137,0.21165189,-0.9743822,0.07604408
1356446786845,-0.15879941,-0.10768038,-0.98142123,0.96322256,0.20134002,-0.17794552,0.2167606,-0.9735848,0.07174748
1356446786861,-0.19895703,-0.11039972,-0.9737699,0.95549715,0.198986,-0.21778339,0.2178098,-0.973764,0.06589699
1356446786901,-0.23154616,-0.11197066,-0.96635854,0.9489366,0.19278139,-0.2497091,0.21425602,-0.9748322,0.06161529
1356446786938,-0.25267112,-0.1127989,-0.96095455,0.94545746,0.18225181,-0.26998952,0.20559016,-0.97676027,0.060596824
1356446786980,-0.2598002,-0.11239895,-0.9590987,0.94623137,0.16860926,-0.27607438,0.19274342,-0.9792534,0.062550664
1356446787024,-0.25156313,-0.11017212,-0.96154976,0.95165145,0.15279853,-0.26648086,0.17628214,-0.9820971,0.066407025
1356446787060,-0.22386825,-0.104849696,-0.968963,0.961408,0.13938504,-0.23720542,0.15992984,-0.9846717,0.06959945
1356446787103,-0.18566269,-0.09580135,-0.9779322,0.97210526,0.12725312,-0.19702262,0.14331996,-0.98723286,0.06950283
1356446787151,-0.13588011,-0.07799581,-0.98765033,0.9826852,0.116136074,-0.14436841,0.12596196,-0.9901662,0.060864806
1356446787191,-0.07389259,-0.049914002,-0.9960164,0.991356,0.10489684,-0.07880354,0.108412415,-0.99322975,0.041731417
1356446787231,-0.037697732,-0.0068199635,-0.9992659,0.99527,0.08934063,-0.038156718,0.08953524,-0.99597776,0.003419757
1356446787275,-0.045875907,0.057218403,-0.9973072,0.99644196,0.073281825,-0.04163167,0.07070243,-0.99566853,-0.060376704
1356446787312,-0.116722256,0.14526308,-0.98248386,0.9916233,0.07213619,-0.10714254,0.05530873,-0.9867598,-0.15246612
1356446787352,-0.21820393,0.2363357,-0.946854,0.97484785,0.09789559,-0.20022032,0.04537362,-0.9667274,-0.2517525
1356446787393,-0.31002128,0.3078547,-0.8995067,0.94987506,0.14040303,-0.27932844,0.040300906,-0.9410167,-0.33595145
1356446787432,-0.3590267,0.34863222,-0.8657687,0.93259466,0.17075184,-0.31797963,0.036973685,-0.9215744,-0.386437
1356446787472,-0.35763985,0.36146104,-0.86106884,0.93320584,0.17282641,-0.31505215,0.03493637,-0.9162297,-0.3991272
1356446787511,-0.31894505,0.3523039,-0.87986135,0.9471133,0.15311396,-0.28201538,0.035364002,-0.92327577,-0.3825066
1356446787553,-0.24472106,0.3217173,-0.9146637,0.96877325,0.11992723,-0.21701589,0.03987533,-0.93921006,-0.3410198
1356446787622,-0.14369532,0.26970243,-0.9521619,0.988335,0.08816293,-0.124181956,0.050453216,-0.95889926,-0.279225
1356446787669,-0.061610967,0.21181852,-0.97536504,0.99595505,0.07708308,-0.046171516,0.06540415,-0.9742644,-0.21571088
1356446787691,0.008000493,0.15245342,-0.98827827,0.9960233,0.08648348,0.021404237,0.08873287,-0.98451936,-0.15115523
1356446787728,0.036019385,0.10153937,-0.99417925,0.99298465,0.108477175,0.047055304,0.11262372,-0.98889965,-0.096919775
1356446787769,0.045989424,0.05951062,-0.9971677,0.9894382,0.1346539,0.053669006,0.13746634,-0.98910403,-0.052689373
1356446787808,0.037432343,0.024956107,-0.99898756,0.9862809,0.15991542,0.040951133,0.16077545,-0.9868152,-0.018627703
1356446787851,0.01499632,-0.0026593804,-0.999884,0.98326796,0.18160573,0.014264107,0.18154669,-0.98336786,0.005338311
1356446787893,-0.020067424,-0.024344385,-0.9995022,0.97983164,0.19831678,-0.024502814,0.19881454,-0.97983557,0.019873679
1356446787932,-0.06180373,-0.041225404,-0.9972365,0.97527516,0.20990631,-0.06912014,0.2121757,-0.97685194,0.027233124
1356446787972,-0.10391909,-0.054050148,-0.993116,0.9697272,0.21634346,-0.11324617,0.22097516,-0.97482,0.029931664
1356446788023,-0.14213455,-0.06422335,-0.9877616,0.9647854,0.21414024,-0.15275162,0.22132969,-0.9746893,0.031525075
1356446788077,-0.17185342,-0.07317054,-0.9824014,0.96253943,0.19983137,-0.18326274,0.20972398,-0.9770944,0.03608787
1356446788121,-0.18641585,-0.07817137,-0.97935617,0.96356833,0.18005079,-0.19778222,0.19179478,-0.9805463,0.041759133
1356446788164,-0.18439627,-0.07836333,-0.9797231,0.967947,0.15846306,-0.19485447,0.17051935,-0.9842503,0.046631515
1356446788202,-0.16421217,-0.073866874,-0.98365545,0.97504663,0.13886988,-0.17320329,0.14939412,-0.987552,0.04921955
1356446788242,-0.13283485,-0.06439206,-0.9890442,0.9827703,0.12083751,-0.13985947,0.1285195,-0.99058163,0.047231197
1356446788281,-0.09227431,-0.047152042,-0.9946166,0.9898207,0.1043517,-0.096776396,0.10835317,-0.99342215,0.037043035
1356446788324,-0.067408204,-0.014160931,-0.997625,0.9938553,0.08703178,-0.06838888,0.0877935,-0.9961049,0.008207262
1356446788361,-0.06880695,0.03776276,-0.9969151,0.9953445,0.07020074,-0.066039324,0.06749037,-0.9968178,-0.042417288
1356446788402,-0.13471937,0.116963655,-0.98395646,0.9897115,0.06417322,-0.12787902,0.04818645,-0.99106073,-0.12440562
1356446788451,-0.28136054,0.22377703,-0.9331453,0.9590689,0.09798929,-0.26567826,0.03198558,-0.969702,-0.24218786
1356446788488,-0.40495735,0.3033332,-0.8625535,0.9141011,0.15567398,-0.3744126,0.020705372,-0.94008225,-0.3403185
1356446788533,-0.47143054,0.3437069,-0.8121692,0.8817763,0.19932902,-0.4274793,0.014961332,-0.91767836,-0.3970424
1356446788572,-0.49426216,0.35573712,-0.7931936,0.86920667,0.21650249,-0.44452953,0.01359275,-0.90916324,-0.41621804
1356446788616,-0.47127357,0.3451551,-0.8116459,0.8818121,0.2027174,-0.42580858,0.017564714,-0.9163916,-0.39989734
1356446788652,-0.4110869,0.31408566,-0.8557791,0.9111888,0.16963962,-0.3754431,0.027252793,-0.934116,-0.35592794
1356446788691,-0.33129367,0.26760983,-0.90478146,0.94262123,0.13589713,-0.30495432,0.041348398,-0.9538957,-0.29727656
1356446788737,-0.2422773,0.21052152,-0.9470916,0.96837014,0.112513274,-0.22271085,0.05967495,-0.97109294,-0.23112214
1356446788772,-0.15984476,0.15033507,-0.9756275,0.98374665,0.106164336,-0.14481607,0.081805885,-0.9829184,-0.16486144
1356446788814,-0.09607151,0.09455389,-0.9908733,0.98965245,0.1156601,-0.084916264,0.10657531,-0.98877823,-0.104687154
1356446788853,-0.05192262,0.046267003,-0.99757874,0.9896531,0.13617665,-0.045194328,0.13375592,-0.9896036,-0.05285895
1356446788893,-0.028575987,0.0070322156,-0.9995669,0.9867301,0.16009471,-0.027082682,0.15983489,-0.98707664,-0.01151377
1356446788934,-0.021071523,-0.023174286,-0.9995093,0.9827527,0.18323144,-0.024966687,0.18372005,-0.98279655,0.018913686
1356446788987,-0.029117078,-0.044761986,-0.9985732,0.9785452,0.20256963,-0.03761354,0.20396423,-0.9782443,0.037903428
1356446789018,-0.048565596,-0.059310734,-0.99705744,0.9744342,0.21641925,-0.060337514,0.21936107,-0.9744972,0.047283888
1356446789059,-0.07224077,-0.068344265,-0.9950429,0.9706117,0.22479546,-0.08590707,0.22955242,-0.9720062,0.050096333
1356446789101,-0.094442695,-0.07434219,-0.9927505,0.96769863,0.22729006,-0.109080106,0.2337515,-0.9709853,0.050475
1356446789142,-0.11060697,-0.07910824,-0.99071085,0.96648633,0.22379762,-0.12577268,0.23166835,-0.9714198,0.051703453
1356446789183,-0.11818501,-0.08281237,-0.9895324,0.9676865,0.21393034,-0.13347936,0.22274476,-0.9733324,0.054853022
1356446789231,-0.11486164,-0.084297836,-0.9897983,0.9716595,0.19769517,-0.12959373,0.20660281,-0.97663224,0.05920118
1356446789271,-0.096738786,-0.08176732,-0.9919454,0.9774196,0.18030569,-0.110185,0.18786296,-0.980206,0.062478364
1356446789311,-0.099118054,-0.08016625,-0.9918412,0.9808265,0.16020596,-0.11096606,0.16779459,-0.9838228,0.06274992
1356446789351,-0.037695825,-0.06196904,-0.9973659,0.98857284,0.14346415,-0.046277344,0.14595395,-0.9877134,0.05585301
1356446789391,0.0010442734,-0.034817666,-0.9993931,0.99258363,0.12152135,-0.0031965077,0.121558875,-0.99197793,0.034686327
1356446789432,0.00917539,0.011131436,-0.99989593,0.9955416,0.09377292,0.010179371,0.09387648,-0.9955313,-0.010221422
1356446789471,-0.019287556,0.07971838,-0.9966308,0.99772346,0.06596193,-0.014032602,0.06462106,-0.9946326,-0.080809176
1356446789511,-0.08466202,0.16663513,-0.9823773,0.99572957,0.050571144,-0.077234626,0.03680995,-0.98472095,-0.170205
1356446789554,-0.16536176,0.2531676,-0.95318496,0.98612726,0.056593,-0.15604547,0.014437944,-0.9657657,-0.25901383
1356446789626,-0.21857867,0.3097471,-0.92535406,0.97581685,0.07154009,-0.20655167,0.002221167,-0.9481238,-0.31789356
1356446789640,-0.2314134,0.32899052,-0.91553974,0.97285527,0.0788807,-0.21755555,6.4471364E-4,-0.941033,-0.33831424
1356446789680,-0.21192032,0.31824806,-0.92401725,0.97725356,0.07682371,-0.19767046,0.008078158,-0.94488955,-0.32728952
1356446789722,-0.17041036,0.2840308,-0.9435501,0.98510814,0.07131544,-0.1564483,0.022853553,-0.9561593,-0.29195392
1356446789762,-0.119665086,0.23378444,-0.96489644,0.9918754,0.0704087,-0.10595167,0.043167263,-0.96973574,-0.24031049
1356446789815,-0.07412067,0.17825735,-0.9811883,0.99502146,0.07894775,-0.060822815,0.0666205,-0.9808116,-0.18322158
1356446789861,-0.02360025,0.11323115,-0.9932883,0.99464023,0.102706045,-0.011924326,0.10066649,-0.988246,-0.11504817
1356446789906,-0.0019013286,0.059179634,-0.9982455,0.99116623,0.13249081,0.005966693,0.13261148,-0.989416,-0.05890882
1356446789952,0.007634163,0.018071294,-0.99980754,0.987015,0.16028875,0.010433704,0.16044647,-0.98690474,-0.016612947
1356446789983,0.00842616,-0.011052579,-0.99990344,0.98302805,0.18334869,0.0062573254,0.18326184,-0.98298585,0.012409866
1356446790018,0.00207299,-0.030039698,-0.9995466,0.9797003,0.20042801,-0.0039916933,0.20045704,-0.9792478,0.029845417
1356446790048,-0.008126527,-0.04249075,-0.9990638,0.9769951,0.21258405,-0.016988337,0.21310681,-0.97621846,0.039785683
1356446790092,-0.024216771,-0.047272712,-0.9985885,0.97485495,0.22022146,-0.03406635,0.22152108,-0.97430384,0.04075092
1356446790139,-0.045470208,-0.04699871,-0.9978594,0.9733014,0.22288069,-0.05484879,0.22498137,-0.9737121,0.035609543
1356446790183,-0.06619081,-0.046557695,-0.9967202,0.9727075,0.2196289,-0.07485521,0.22239363,-0.9744719,0.030749619
1356446790223,-0.08145073,-0.047436476,-0.9955478,0.9733869,0.21088925,-0.089686215,0.21420464,-0.97635823,0.028997004
1356446790271,-0.088896096,-0.050001264,-0.9947851,0.9760318,0.19480932,-0.09701204,0.19864413,-0.97956586,0.03148502
1356446790311,-0.08800489,-0.051849395,-0.99476963,0.9793496,0.17797244,-0.095917016,0.18201476,-0.9826685,0.035116255
1356446790352,-0.08135167,-0.0520007,-0.99532807,0.9829815,0.16084632,-0.08874589,0.16470972,-0.98560864,0.038030624
1356446790394,-0.0689798,-0.048300534,-0.99644816,0.98660123,0.14472747,-0.07531345,0.14785111,-0.988292,0.037670076
1356446790433,-0.05800751,-0.036266476,-0.9976572,0.98977065,0.12838694,-0.062216014,0.13034248,-0.99106073,0.028448105
1356446790471,-0.05037102,-0.012406975,-0.9986535,0.9923712,0.11203858,-0.05144608,0.112526,-0.99362636,0.0066688657
1356446790513,-0.0676544,0.035861522,-0.9970641,0.99333835,0.09585884,-0.06395388,0.09328392,-0.9947487,-0.04210788
1356446790565,-0.13053522,0.12461135,-0.9835815,0.9886893,0.09025857,-0.1197781,0.07385093,-0.98809177,-0.13498384
1356446790647,-0.21603376,0.22728318,-0.949564,0.9746162,0.108724415,-0.19570953,0.058759302,-0.96774036,-0.24500203
1356446790649,-0.3063046,0.31958464,-0.8966845,0.9506037,0.1524621,-0.2703847,0.050299644,-0.9352118,-0.3504982
1356446790678,-0.37193072,0.37837112,-0.8476454,0.9271606,0.19586247,-0.3193916,0.045173347,-0.90469503,-0.42365807
1356446790722,-0.403316,0.40264067,-0.8217157,0.9141222,0.21794346,-0.34187886,0.041433275,-0.8890338,-0.4559629
1356446790764,-0.40692407,0.40037343,-0.8210444,0.912606,0.21709031,-0.34644192,0.03953463,-0.89026564,-0.45372248
1356446790812,-0.36674747,0.36447337,-0.855953,0.9293158,0.18627557,-0.318863,0.043226033,-0.91239274,-0.40702695
1356446790862,-0.30238253,0.30471796,-0.9031676,0.95163375,0.15057433,-0.2678071,0.054388195,-0.940465,-0.3355109
1356446790901,-0.23863503,0.2408196,-0.9407759,0.9685997,0.12862763,-0.2127667,0.06977138,-0.9620088,-0.2639528
1356446790942,-0.17451787,0.1772125,-0.9685759,0.9804374,0.12221122,-0.15429506,0.091027796,-0.9765552,-0.19507384
1356446790982,-0.11958256,0.11956257,-0.98559874,0.986041,0.13014933,-0.10384783,0.11585873,-0.9842591,-0.13345718
1356446791031,-0.070556045,0.06618628,-0.9953096,0.9865414,0.15217811,-0.05981499,0.1475054,-0.98613447,-0.07603258
1356446791094,-0.040112227,0.021003455,-0.9989744,0.98301816,0.18000469,-0.03568697,0.17907053,-0.9834415,-0.027867138
1356446791143,-0.031383753,-0.012517184,-0.999429,0.97779346,0.20690918,-0.03329578,0.2072078,-0.97828007,0.0057456493
1356446791179,-0.044514775,-0.035570204,-0.9983753,0.9730622,0.22474158,-0.05139324,0.22620451,-0.97376895,0.024607658
1356446791223,-0.064510345,-0.04785785,-0.9967687,0.9695258,0.2335577,-0.07396108,0.23634255,-0.9711644,0.031332612
1356446791262,-0.08556926,-0.053007662,-0.9949211,0.96761423,0.2336033,-0.09566674,0.23748788,-0.970886,0.031301796
1356446791312,-0.10208553,-0.05372414,-0.99332386,0.96860456,0.22216946,-0.11156118,0.22667974,-0.97352684,0.029357195
1356446791353,-0.10377169,-0.052257746,-0.9932274,0.9716389,0.2080155,-0.11246067,0.2124837,-0.9767286,0.029189527
1356446791403,-0.09201455,-0.0511567,-0.9944427,0.9772486,0.18701941,-0.10004437,0.19109806,-0.9810233,0.032784283
1356446791451,-0.05497554,-0.047061265,-0.997378,0.9841818,0.16592935,-0.062077522,0.16841576,-0.9850141,0.03719479
1356446791491,-0.0035686195,-0.039099842,-0.9992289,0.98913383,0.14672521,-0.009273976,0.14697462,-0.98840415,0.038151383
1356446791532,0.041568667,-0.022420824,-0.9988841,0.99122936,0.12644711,0.038411915,0.1254448,-0.9917199,0.027480364
1356446791613,0.059710085,0.016124219,-0.99808556,0.99294853,0.10162085,0.061044484,0.102410614,-0.99469256,-0.00994277
1356446791618,0.023000866,0.091166854,-0.9955699,0.9966948,0.07551703,0.029942125,0.07791215,-0.9929681,-0.089128554
1356446791658,-0.057668447,0.18823579,-0.9804293,0.9968313,0.064751565,-0.046201378,0.054787517,-0.979987,-0.19137341
1356446791702,-0.15699813,0.28207347,-0.9464598,0.98697305,0.078924805,-0.1401965,0.03515348,-0.95614094,-0.29078996
1356446791741,-0.22583121,0.34427547,-0.9113038,0.9739597,0.099066615,-0.20393226,0.02007091,-0.93362737,-0.35768276
1356446791781,-0.24427247,0.36955523,-0.8965266,0.9696537,0.102742076,-0.22184604,0.0101266205,-0.9235112,-0.38343763
1356446791833,-0.19218925,0.35202232,-0.9160478,0.9813204,0.07710019,-0.17625529,0.008581668,-0.9328107,-0.36026448
1356446791881,-0.11803362,0.31105945,-0.9430324,0.99287105,0.052830964,-0.10684532,0.016586065,-0.9489209,-0.31507778
1356446791923,-0.049616873,0.26285407,-0.963559,0.998219,0.0450415,-0.039114535,0.033118725,-0.9637837,-0.26462078
1356446791961,0.0017452538,0.21680903,-0.97621244,0.9984703,0.053569883,0.013682425,0.05526203,-0.97474307,-0.21638387
1356446792008,0.04967907,0.168895,-0.98438126,0.99475276,0.0798907,0.06390977,0.08943695,-0.982391,-0.16403991
1356446792050,0.071149915,0.12476218,-0.98963237,0.9897181,0.11458829,0.085602224,0.1240803,-0.9855476,-0.115326464
1356446792092,0.07912922,0.08490357,-0.99324214,0.9846333,0.14894384,0.09117532,0.15567839,-0.98519397,-0.07181305
1356446792134,0.073825,0.049144864,-0.9960596,0.9803606,0.17957526,0.08152154,0.18287402,-0.98251593,-0.03492254
1356446792181,0.050795197,0.017630637,-0.9985534,0.9774271,0.204431,0.053330004,0.20507547,-0.97872216,-0.006848514
1356446792222,0.010460317,-0.010302991,-0.99989223,0.9752321,0.22104216,0.007924765,0.22093675,-0.97520983,0.012359917
1356446792262,-0.03335172,-0.034359604,-0.99885297,0.9726857,0.22859406,-0.040341347,0.229718,-0.9729153,0.02579707
1356446792301,-0.073370874,-0.05458942,-0.99580956,0.9703343,0.22673416,-0.08392319,0.2303653,-0.9724256,0.036334336
1356446792342,-0.10671964,-0.07059255,-0.99178004,0.9690219,0.21605715,-0.1196492,0.22272754,-0.97382545,0.045348167
1356446792381,-0.13043389,-0.08135995,-0.9881131,0.9690534,0.20020804,-0.14440283,0.20957679,-0.9763694,0.052728236
1356446792422,-0.14252979,-0.086484045,-0.98600495,0.9711329,0.18028963,-0.15619352,0.19127467,-0.97980416,0.0582909
1356446792460,-0.13862514,-0.0856635,-0.98663306,0.9754545,0.1602993,-0.15097234,0.17108938,-0.9833442,0.06133938
1356446792504,-0.12555414,-0.07764161,-0.98904383,0.98101175,0.13882989,-0.1354329,0.14782402,-0.9872679,0.058736682
1356446792541,-0.09979832,-0.06044376,-0.9931702,0.9872782,0.11815852,-0.10639724,0.123782575,-0.9911535,0.047882736
1356446792621,-0.10539812,-0.01924944,-0.99424374,0.98991466,0.09313941,-0.1067425,0.09465802,-0.99546695,0.00923866
1356446792628,-0.13936627,0.04976052,-0.98898983,0.9882383,0.070474625,-0.13571447,0.062945455,-0.99627167,-0.058997035
1356446792660,-0.2087146,0.1334953,-0.9688226,0.97745,0.060977638,-0.20217109,0.032087684,-0.98917174,-0.1432119
1356446792703,-0.33277977,0.22997403,-0.9145324,0.9429923,0.086096525,-0.32148537,0.00480476,-0.96938086,-0.24551487
1356446792742,-0.44127473,0.30534485,-0.84382534,0.89724493,0.13429663,-0.42061397,-0.01510942,-0.9427242,-0.3332308
1356446792781,-0.49579304,0.3467971,-0.7961916,0.86806285,0.17085773,-0.46612722,-0.02561602,-0.922247,-0.38575172
1356446792822,-0.493554,0.36067823,-0.791401,0.8693006,0.17649257,-0.4616999,-0.026848704,-0.91583925,-0.40064645
1356446792862,-0.43637857,0.35110143,-0.8284332,0.89956653,0.15099344,-0.40985498,-0.018812656,-0.92408264,-0.38172942
1356446792902,-0.3489142,0.3239258,-0.8793924,0.9371421,0.11572987,-0.32919803,-0.004863769,-0.9389775,-0.3439443
1356446792943,-0.23517758,0.27840036,-0.93122756,0.97182447,0.082900405,-0.2206462,0.01577121,-0.95688075,-0.2900526
1356446792980,-0.13590819,0.22612289,-0.96457106,0.9899286,0.06993705,-0.123085886,0.039626658,-0.9715849,-0.23335052
1356446793023,-0.052996844,0.17195705,-0.98367786,0.996225,0.07692698,-0.040225208,0.068754345,-0.98209625,-0.17538476
1356446793089,8.072257E-4,0.119818896,-0.99279547,0.99470186,0.10196215,0.013114452,0.10279891,-0.9875461,-0.11910176
1356446793111,0.01433897,0.074059516,-0.9971508,0.9909067,0.13237858,0.024081111,0.1337848,-0.9884286,-0.0714879
1356446793151,0.006099522,0.03516698,-0.99936277,0.98722184,0.15892744,0.011617959,0.1592347,-0.9866637,-0.03374821
1356446793198,-0.02288279,0.0031561852,-0.99973315,0.9836503,0.1787462,-0.021950364,0.17862922,-0.9838902,-0.007194817
1356446793239,-0.07628983,-0.02349174,-0.9968089,0.9783516,0.19111961,-0.07938135,0.19237456,-0.9812856,0.008402705
1356446793281,-0.13487831,-0.044130772,-0.989879,0.9701568,0.19727823,-0.14098608,0.20150343,-0.9793538,0.016205192
1356446793321,-0.18919384,-0.05979222,-0.98011756,0.9601771,0.19771338,-0.19740626,0.20558569,-0.97843456,0.020004988
1356446793361,-0.23359114,-0.07159412,-0.96969557,0.9506428,0.19266367,-0.24322617,0.20423865,-0.9786496,0.023055851
1356446793401,-0.26492834,-0.07921749,-0.96100855,0.9438128,0.18288612,-0.27526352,0.19756079,-0.9799373,0.026314855
1356446793441,-0.28092933,-0.08216664,-0.95620465,0.94137466,0.17032701,-0.2912085,0.18679512,-0.9819559,0.02949971
1356446793481,-0.27901715,-0.0804086,-0.9569137,0.9444879,0.15703136,-0.28858927,0.1734705,-0.9843148,0.03213048
1356446793521,-0.25880784,-0.07382527,-0.96310353,0.95290864,0.14364552,-0.26707911,0.1580627,-0.9868717,0.03317207
1356446793561,-0.22182852,-0.061024874,-0.9731743,0.9648844,0.13025141,-0.22810656,0.14067751,-0.9896012,0.029988468
1356446793617,-0.17854977,-0.038428664,-0.98318017,0.9765127,0.115549386,-0.18185532,0.12059435,-0.9925581,0.016894758
1356446793634,-0.13024795,-0.0074964166,-0.9914532,0.98646724,0.09946185,-0.13034496,0.0995889,-0.9950131,-0.0055597425
1356446793672,-0.13776258,0.045678675,-0.98941135,0.9876304,0.08185908,-0.13373539,0.07488346,-0.9955965,-0.056390762
1356446793721,-0.24437451,0.14051417,-0.9594461,0.9685321,0.083520055,-0.23445693,0.04718849,-0.9865496,-0.1565026
1356446793770,-0.3930912,0.24552816,-0.88611245,0.9191764,0.13047272,-0.37160686,0.024373561,-0.960569,-0.2769714
1356446793808,-0.49990892,0.31650773,-0.8061724,0.86603045,0.19243503,-0.46147597,0.009075075,-0.9288658,-0.3703053
