1356447806921,0.044719934,0.019435555,-0.9988105,-0.98377883,0.17472011,-0.04064709,0.1737223,0.9844263,0.02693373
1356447806941,-0.37582052,0.041005015,0.92578495,0.910263,-0.17094958,0.37709108,0.17372513,0.98442626,0.026920915
1356447806982,-0.3756492,0.041052997,0.9258522,0.9103286,-0.17095298,0.37693092,0.17375132,0.9844235,0.026846588
1356447807018,-0.37504786,0.041121393,0.9260929,0.9105582,-0.17100984,0.37635002,0.17384702,0.98441076,0.026693463
1356447807061,-0.37374336,0.041126937,0.9266199,0.91104937,-0.17122239,0.3750626,0.17408323,0.9843737,0.026524544
1356447807100,-0.3714851,0.04094428,0.92753565,0.9119023,-0.17162323,0.37279978,0.17445067,0.98431146,0.026418328
1356447807141,-0.3684727,0.04044935,0.92875826,0.91305315,-0.17212683,0.36973837,0.17481986,0.9842441,0.026491582
1356447807180,-0.3656078,0.039246738,0.92994106,0.9141825,-0.17263472,0.3666981,0.17493185,0.98420364,0.027237952
1356447807221,-0.36459756,0.036722094,0.9304408,0.91467357,-0.1731013,0.36525095,0.17447329,0.9842192,0.029523611
1356447807260,-0.3670764,0.03239283,0.9296265,0.91391706,-0.17356354,0.3669212,0.17323488,0.98428977,0.03410679
1356447807300,-0.3737334,0.026235282,0.92716515,0.91156703,-0.1742996,0.37237787,0.17137387,0.9843432,0.041226268
1356447807340,-0.38386178,0.018808097,0.923199,0.907725,-0.17569578,0.3810072,0.16936821,0.98426485,0.050370336
1356447807380,-0.39575052,0.011000335,0.9182921,0.90295756,-0.17769319,0.39127055,0.16747838,0.9840244,0.06038934
1356447807420,-0.40779895,0.0034961104,0.9130651,0.89794827,-0.17971492,0.40173554,0.16549599,0.98371255,0.07014829
1356447807460,-0.41899937,-0.0034194589,0.9079801,0.89319485,-0.18131709,0.41149375,0.1632253,0.9834187,0.07902604
1356447807501,-0.42866784,-0.009634078,0.9034108,0.889013,-0.18261802,0.41988868,0.16093388,0.9831367,0.086847365
1356447807540,-0.43603128,-0.014903694,0.89980805,0.88571143,-0.18415016,0.42615017,0.15934858,0.9827851,0.09349561
1356447807580,-0.44017863,-0.018748254,0.8977145,0.88362956,-0.18664503,0.42937437,0.15950394,0.98224854,0.09872365
1356447807621,-0.43949533,-0.02029711,0.8980156,0.88336426,-0.19098872,0.42800808,0.16282347,0.98138237,0.10186833
1356447807660,-0.43145066,-0.018341005,0.9019501,0.88577664,-0.19815326,0.41968456,0.17102692,0.97999954,0.10173935
1356447807700,-0.41353947,-0.011890441,0.9104087,0.8913741,-0.20908791,0.4021624,0.18557352,0.97782457,0.09706485
1356447807742,-0.38538623,-0.0010537207,0.9227547,0.89934266,-0.224262,0.37535217,0.20654327,0.9745283,0.087375164
1356447807780,-0.34949654,0.012899816,0.9368488,0.9077051,-0.24315876,0.34197247,0.23221439,0.9699007,0.0732739
1356447807839,-0.3104394,0.028229654,0.950174,0.9144974,-0.2639612,0.30662546,0.2594649,0.96412015,0.056127965
1356447807863,-0.2735961,0.043492734,0.96086085,0.91870993,-0.2839895,0.2744486,0.28481093,0.95784044,0.037741214
1356447807902,-0.2441234,0.057942092,0.9680116,0.9203636,-0.30063242,0.25010195,0.3055071,0.95197845,0.020063639
1356447807942,-0.22719252,0.071243316,0.97124046,0.9199065,-0.3116212,0.2380428,0.31961805,0.9475318,0.0052607954
1356447807982,-0.22757828,0.083268255,0.97019297,0.9174752,-0.31549126,0.24228981,0.32626253,0.94526803,-0.0045975745
1356447808022,-0.24764526,0.09418586,0.96426183,0.91228914,-0.3124144,0.264813,0.3261909,0.94526523,-0.008556753
1356447808062,-0.28562415,0.10446817,0.95263076,0.9027824,-0.30421102,0.3040389,0.32156315,0.9468591,-0.0074219704
1356447808102,-0.33636296,0.114432335,0.934754,0.88754094,-0.2933336,0.3552836,0.3148507,0.94913673,-0.0028968453
1356447808143,-0.39391017,0.1239599,0.9107517,0.8659641,-0.28211558,0.41293705,0.30812487,0.9513384,0.0037833452
1356447808182,-0.4528674,0.13231206,0.8817055,0.8385805,-0.27266133,0.47163385,0.30280986,0.95296866,0.012525082
1356447808212,-0.50673604,0.13934234,0.8507658,0.8084736,-0.26581734,0.5250826,0.29931453,0.95389986,0.022044599
1356447808252,-0.55316937,0.1431576,0.8206762,0.7778418,-0.263956,0.57034135,0.29827115,0.9538517,0.03465849
1356447808282,-0.59033227,0.14526612,0.7939809,0.75024045,-0.2640955,0.6061294,0.29773682,0.9534943,0.046919525
1356447808322,-0.6189652,0.14503679,0.7719109,0.7274656,-0.26464885,0.63305193,0.29610118,0.95337576,0.058299184
1356447808352,-0.63553655,0.14281261,0.7587475,0.71418077,-0.26461983,0.64801407,0.29332417,0.9537195,0.06618154
1356447808392,-0.6432584,0.1394516,0.75284255,0.7096667,-0.26048005,0.6546169,0.28738788,0.9553551,0.06859189
1356447808422,-0.6378227,0.13252428,0.75869596,0.71739733,-0.25618178,0.6478518,0.28022015,0.95750105,0.068326
1356447808462,-0.6258516,0.12353158,0.77009714,0.7317171,-0.24881256,0.63457257,0.2699996,0.96064156,0.06532961
1356447808492,-0.5965284,0.109431654,0.7950966,0.7592782,-0.24409914,0.60325146,0.2600972,0.96355605,0.06252301
1356447808532,-0.56044847,0.09216067,0.8230457,0.7895578,-0.2405222,0.5645775,0.24999255,0.9662586,0.06203401
1356447808560,-0.50127614,0.06729597,0.8626666,0.8311076,-0.2399953,0.50165975,0.24079561,0.96843874,0.06437367
1356447808601,-0.44001043,0.036154598,0.8972645,0.86773276,-0.24008077,0.4352022,0.23115054,0.9700793,0.07426554
1356447808641,-0.36427087,-0.0073783696,0.9312638,0.90474117,-0.23988014,0.35199577,0.22079453,0.9707745,0.094056845
1356447808680,-0.28435767,-0.06275764,0.95666206,0.93538177,-0.23698556,0.26248598,0.21024206,0.9694841,0.12609097
1356447808721,-0.22551101,-0.12812763,0.96577847,0.9533959,-0.23298854,0.19170964,0.20045206,0.9640019,0.17469785
1356447808760,-0.20775038,-0.20092574,0.9573237,0.95896554,-0.23487037,0.15881142,0.19293764,0.9510335,0.24147525
1356447808839,-0.2483406,-0.2766719,0.9283208,0.9499793,-0.25692642,0.17756158,0.1893838,0.92598134,0.32663783
1356447808842,-0.2995401,-0.34303337,0.890283,0.9353681,-0.28950292,0.20316139,0.18804836,0.89359736,0.40758017
1356447808868,-0.3428666,-0.393412,0.85303533,0.9205396,-0.32168645,0.22164029,0.18721402,0.86124593,0.47244704
1356447808900,-0.36433768,-0.43007302,0.82601166,0.91245854,-0.34222096,0.22428617,0.18621898,0.8354173,0.5171077
1356447808941,-0.3433305,-0.45684016,0.82062244,0.9212272,-0.3339789,0.19949543,0.18293306,0.82447267,0.53551877
1356447808980,-0.27879322,-0.47488862,0.8347186,0.9441423,-0.29455292,0.1477631,0.17569777,0.8292885,0.5304818
1356447809021,-0.17178357,-0.48082322,0.8598252,0.97107166,-0.22959584,0.065616995,0.16586214,0.84622383,0.50635463
1356447809061,-0.028697789,-0.46855596,0.8829676,0.9871197,-0.15236789,-0.048772663,0.1573886,0.87019503,0.46689343
1356447809100,0.12708718,-0.43586746,0.89099294,0.97983456,-0.08446628,-0.18107945,0.15418547,0.8960385,0.41634336
1356447809141,0.26499093,-0.39000595,0.88185894,0.95120454,-0.044204652,-0.3053784,0.15808165,0.9197507,0.35926157
1356447809181,0.36598262,-0.34308475,0.865072,0.91519004,-0.03589341,-0.401421,0.16877186,0.93861836,0.3008514
1356447809220,0.42770877,-0.30369443,0.85137236,0.88479406,-0.05205056,-0.4630661,0.18494499,0.95134664,0.24644457
1356447809261,0.4561011,-0.27463332,0.8464918,0.8659389,-0.08240512,-0.49331474,0.20523584,0.9580115,0.20023055
1356447809300,0.45882452,-0.2545994,0.8512692,0.8587869,-0.1187287,-0.4983861,0.22795886,0.9597305,0.16417094
1356447809341,0.4436771,-0.24010363,0.86342394,0.86045456,-0.15520927,-0.48531234,0.2505367,0.958259,0.13773549
1356447809380,0.41704473,-0.22777247,0.87988263,0.8678094,-0.18795547,-0.45997772,0.27014905,0.95540166,0.11927727
1356447809421,0.38135663,-0.2160348,0.8988304,0.8793999,-0.21497783,-0.42478272,0.28499642,0.952425,0.10799776
1356447809461,0.33470553,-0.2051388,0.9197229,0.89482975,-0.23675478,-0.3784532,0.2953843,0.94966584,0.1043212
1356447809500,0.27526122,-0.19520697,0.94134235,0.9123448,-0.25565046,-0.3197964,0.30308113,0.9468564,0.10772541
1356447809541,0.20798641,-0.18509051,0.9604599,0.92808425,-0.27272815,-0.253533,0.30887097,0.9441191,0.115055785
1356447809581,0.14499962,-0.17326301,0.9741432,0.9391399,-0.2857964,-0.19062176,0.31143433,0.9424969,0.121277824
1356447809620,0.09824753,-0.15990224,0.9822315,0.94594955,-0.29153585,-0.142079,0.3090744,0.94310033,0.12261674
1356447809661,0.07397956,-0.1469436,0.9863745,0.9507444,-0.28815895,-0.11423534,0.3010187,0.9462411,0.11838782
1356447809700,0.07340616,-0.13655427,0.9879092,0.95483947,-0.27634865,-0.10914734,0.2879119,0.9513067,0.11010167
1356447809741,0.096336365,-0.12994361,0.98683023,0.95761263,-0.25830692,-0.12749732,0.27147257,0.95728374,0.09955126
1356447809780,0.14129806,-0.12711361,0.9817723,0.9569404,-0.23648602,-0.16834289,0.25357413,0.9632842,0.088225186
1356447809838,0.20330983,-0.12750947,0.9707762,0.95041394,-0.21259838,-0.22696975,0.2353262,0.96878445,0.07796347
1356447809880,0.27235126,-0.13124058,0.95320547,0.93736005,-0.18744653,-0.2936322,0.21721157,0.9734679,0.07196839
1356447809901,0.33257726,-0.14010546,0.9326107,0.92177606,-0.16069373,-0.3528544,0.19930154,0.97700965,0.0757028
1356447809941,0.36591503,-0.15900642,0.91696405,0.912702,-0.13124934,-0.3869736,0.18188223,0.97851443,0.09709941
1356447809979,0.35442242,-0.19524434,0.91447496,0.9202378,-0.1007556,-0.37816772,0.16597357,0.97556543,0.14396119
1356447810021,0.28433448,-0.2540667,0.92444795,0.9463998,-0.079737484,-0.3130006,0.15323621,0.96389425,0.21777655
1356447810060,0.1613723,-0.3278468,0.9308466,0.9762608,-0.08505207,-0.19920093,0.14447781,0.94089454,0.30633897
1356447810100,0.024543941,-0.39393649,0.9188099,0.9900651,-0.117708385,-0.07691437,0.13845098,0.9115694,0.38713372
1356447810141,-0.076786816,-0.43359324,0.8978312,0.9880909,-0.15352201,0.010365188,0.13334253,0.8879347,0.4402179
1356447810181,-0.12255484,-0.44494706,0.8871315,0.9839296,-0.17142916,0.04994577,0.129857,0.8789961,0.4588061
1356447810220,-0.119915485,-0.43339822,0.89318883,0.9841472,-0.17030871,0.04948896,0.13066939,0.8849638,0.44695032
1356447810260,-0.08210021,-0.4037078,0.9111967,0.98712,-0.15890414,0.018538237,0.13730893,0.9009825,0.41155407
1356447810300,-0.02764219,-0.36184663,0.93182766,0.988514,-0.1484515,-0.028322756,0.14857969,0.92034185,0.36179397
1356447810340,0.026924074,-0.31506905,0.9486867,0.98635066,-0.14584523,-0.076429814,0.16244206,0.93779564,0.30684185
1356447810381,0.07027185,-0.26985976,0.9603319,0.9815339,-0.15299737,-0.114816606,0.17791268,0.95066684,0.25412515
1356447810421,0.09663671,-0.23020604,0.9683318,0.97614014,-0.16814935,-0.13739088,0.19445255,0.95850456,0.20846397
1356447810460,0.10676247,-0.196796,0.97461426,0.97153157,-0.18785024,-0.14435586,0.21149024,0.9622804,0.17113826
1356447810501,0.10249269,-0.16869092,0.9803257,0.9682901,-0.20880622,-0.13716501,0.22783658,0.96329814,0.14194065
1356447810540,0.08525866,-0.14509064,0.98573816,0.9663903,-0.22877944,-0.117259175,0.24252987,0.9626051,0.12070876
1356447810580,0.054718614,-0.12601638,0.990518,0.9652014,-0.2473793,-0.084792316,0.25571886,0.960689,0.10809493
1356447810621,0.010682344,-0.11171198,0.9936832,0.9631678,-0.26587254,-0.04024422,0.26868892,0.9575136,0.10475725
1356447810660,-0.041822016,-0.10073227,0.9940341,0.9585313,-0.28475606,0.011472017,0.28190166,0.9532927,0.10846418
1356447810700,-0.092404544,-0.09092647,0.9915613,0.9513094,-0.3021525,0.060945958,0.29406115,0.9489132,0.1144194
1356447810740,-0.13151246,-0.08097097,0.9880022,0.9439746,-0.31454277,0.09987378,0.30268204,0.9457836,0.1178008
1356447810780,-0.15413713,-0.07160634,0.98545134,0.9396592,-0.31892675,0.12380034,0.30542183,0.94507056,0.1164439
1356447810833,-0.15521765,-0.06316897,0.98585856,0.94214237,-0.3096068,0.1284967,0.29711148,0.94876415,0.10757062
1356447810872,-0.13040519,-0.06159234,0.9895458,0.9499669,-0.29348004,0.1069223,0.28382635,0.953979,0.09678197
1356447810902,-0.08945745,-0.06398997,0.99393296,0.9590956,-0.2746346,0.0686408,0.26857603,0.9594171,0.08594054
1356447810942,-0.03549397,-0.06770533,0.99707377,0.96825284,-0.24935699,0.017535686,0.2474401,0.9660419,0.074406534
1356447810982,0.04245287,-0.07780436,0.99606436,0.97411644,-0.21832675,-0.05857131,0.22202462,0.97276914,0.06652191
1356447811022,0.1288665,-0.095709324,0.98703253,0.97246623,-0.18269402,-0.14467996,0.19417217,0.9785002,0.069530964
1356447811062,0.19873375,-0.12565681,0.97196466,0.965646,-0.1443212,-0.21609986,0.1674295,0.9815202,0.09265846
1356447811102,0.22327071,-0.17412004,0.95907897,0.96360946,-0.10894829,-0.24410483,0.14699346,0.97867894,0.1434587
1356447811141,0.18620658,-0.24381351,0.9517784,0.97296965,-0.08891529,-0.21312961,0.13659152,0.9657376,0.2206665
1356447811180,0.104982615,-0.32255098,0.9407122,0.9853624,-0.094017625,-0.14220226,0.13431108,0.9418713,0.30795944
1356447811220,0.02804321,-0.38795918,0.92124987,0.990545,-0.11302823,-0.07775134,0.13429156,0.9147198,0.3811213
1356447811260,-2.3418665E-4,-0.42598587,0.90472984,0.9911528,-0.12017995,-0.05632943,0.13272583,0.8967123,0.42224514
1356447811300,0.03148544,-0.43513602,0.899814,0.9908758,-0.104447305,-0.08518082,0.13104844,0.8942859,0.42787725
1356447811340,0.10857159,-0.4186177,0.90164936,0.98518276,-0.0758273,-0.15383539,0.13276777,0.9049915,0.40418208
1356447811381,0.20500302,-0.38312557,0.90066004,0.96874,-0.051919043,-0.24258447,0.13970175,0.92223597,0.36050552
1356447811420,0.29444015,-0.3399441,0.89316463,0.9436679,-0.044232845,-0.32792434,0.15098312,0.93940485,0.30777037
1356447811460,0.36409557,-0.29859763,0.88219833,0.9165425,-0.05342561,-0.3963528,0.16548207,0.9528825,0.25422543
1356447811500,0.40969107,-0.264892,0.8729178,0.89384496,-0.07454911,-0.44213533,0.1821934,0.96139205,0.20623031
1356447811540,0.43299177,-0.23993784,0.8688774,0.8789341,-0.10147098,-0.46602434,0.19998261,0.96547073,0.1669534
1356447811581,0.4372005,-0.22219676,0.8714839,0.8726712,-0.12951791,-0.47081846,0.21748719,0.966361,0.13727947
1356447811620,0.42412305,-0.20968989,0.8809936,0.87505174,-0.15566874,-0.45831406,0.23324701,0.9652965,0.11746681
1356447811660,0.39404392,-0.20141333,0.8967508,0.8854572,-0.17834324,-0.42913786,0.24636349,0.9631337,0.108067796
1356447811700,0.3455274,-0.19653398,0.91759753,0.9027429,-0.19740206,-0.382214,0.25625375,0.9604201,0.10921188
1356447811741,0.2788849,-0.1939862,0.9405278,0.92364,-0.21392739,-0.31800035,0.26289237,0.9573946,0.11951232
1356447811780,0.20096725,-0.19088283,0.9608204,0.9426187,-0.22926605,-0.24270761,0.26661223,0.9544636,0.1338548
1356447811836,0.12501818,-0.1845248,0.9748441,0.9556676,-0.24161291,-0.168293,0.26658916,0.95266664,0.1461384
1356447811872,0.062278032,-0.17220679,0.9830901,0.9625845,-0.24991435,-0.104756206,0.26372808,0.95283127,0.15019947
1356447811912,0.026141524,-0.15742084,0.9871855,0.9659636,-0.25025147,-0.065485716,0.2573535,0.95529723,0.1455209
1356447811952,0.017902017,-0.1428557,0.9895816,0.9687143,-0.24255359,-0.052539468,0.2475321,0.9595624,0.13404414
1356447811992,0.0358662,-0.13037834,0.9908154,0.97122014,-0.22905791,-0.0652979,0.23546758,0.96464187,0.11841065
1356447812032,0.075975716,-0.12065384,0.9897829,0.9720297,-0.21227372,-0.10048896,0.22222933,0.9697332,0.101151526
1356447812072,0.13043743,-0.11442131,0.98483187,0.9694175,-0.19355541,-0.15088382,0.2078839,0.9743942,0.08567515
1356447812111,0.18585974,-0.11364403,0.9759822,0.963709,-0.17263347,-0.20362404,0.19162783,0.97840834,0.07743415
1356447812150,0.22462493,-0.12258586,0.9667039,0.95892787,-0.1485303,-0.24165297,0.173208,0.98128057,0.08418736
1356447812190,0.22720522,-0.14849648,0.9624586,0.9615427,-0.12239921,-0.24587381,0.15431559,0.98130894,0.11497599
1356447812230,0.1793769,-0.19769058,0.9637128,0.9739934,-0.10214692,-0.20224428,0.13842213,0.9749279,0.17422652
1356447812270,0.083456576,-0.2658662,0.9603907,0.98837304,-0.10083574,-0.11380267,0.12709796,0.95872176,0.25435948
1356447812310,-0.03078121,-0.33228028,0.94267833,0.9925786,-0.121168256,-0.010299504,0.117644995,0.93536526,0.33354396
1356447812350,-0.12650597,-0.37584507,0.9180069,0.9862139,-0.14716971,0.075651884,0.106669396,0.91492164,0.38928148
1356447812391,-0.18754965,-0.3898044,0.90159726,0.97765434,-0.16281521,0.13297808,0.094958335,0.9063904,0.41162997
1356447812430,-0.21869248,-0.37811434,0.8995571,0.97192097,-0.16645807,0.16631702,0.086851686,0.91067076,0.40390038
1356447812470,-0.22788918,-0.34696576,0.90976995,0.969916,-0.16304642,0.18077293,0.085612714,0.9235966,0.3736841
1356447812510,-0.22502464,-0.30343333,0.9259007,0.97004056,-0.1590752,0.18362042,0.0915713,0.9394803,0.33013847
1356447812550,-0.21754682,-0.25450763,0.94228405,0.9705521,-0.1587286,0.1812011,0.10345036,0.95395553,0.28154382
1356447812590,-0.2115596,-0.20624152,0.95535696,0.9699943,-0.16412717,0.17936933,0.11980662,0.9646381,0.23477578
1356447812630,-0.2113949,-0.1626322,0.9637754,0.9674485,-0.1751737,0.18264082,0.13912484,0.97101235,0.19436905
1356447812670,-0.2192325,-0.12528694,0.9675951,0.96252275,-0.19004524,0.1934756,0.15964684,0.97374845,0.16225559
1356447812710,-0.23565441,-0.09429127,0.96725184,0.95512277,-0.20626467,0.21259198,0.17946428,0.9739425,0.13866696
1356447812750,-0.25998712,-0.06914526,0.9631332,0.9453762,-0.2213555,0.23930225,0.19664821,0.97273874,0.12291786
1356447812791,-0.29113483,-0.049542576,0.9553983,0.93340695,-0.23365515,0.27231726,0.20974246,0.97105646,0.11426857
1356447812836,-0.32768077,-0.035476238,0.9441222,0.9191482,-0.24319553,0.30987468,0.21861318,0.9693283,0.11229846
1356447812872,-0.36619073,-0.026441276,0.9301641,0.9031805,-0.25070703,0.34844092,0.2239854,0.9677019,0.11568779
1356447812911,-0.40167147,-0.020170122,0.9155617,0.88741267,-0.25549567,0.3836935,0.22618294,0.9665998,0.120524585
1356447812951,-0.42966276,-0.014368415,0.90287507,0.87454695,-0.25559604,0.41211435,0.22484991,0.96667683,0.12238604
1356447812988,-0.44808745,-0.008610785,0.8939482,0.8665912,-0.2498458,0.43196833,0.21962965,0.9682473,0.119414866
1356447813031,-0.45616263,-0.00336048,0.8898902,0.86455965,-0.23859543,0.44227698,0.2108374,0.9711133,0.11174357
1356447813070,-0.45310843,0.0010039508,0.89145494,0.8687527,-0.22374731,0.44182128,0.1999042,0.97464675,0.100509584
1356447813111,-0.4388324,0.0042817593,0.8985588,0.8787331,-0.20690906,0.43013597,0.1877616,0.9783509,0.087035775
1356447813151,-0.41422743,0.0050181746,0.9101596,0.89327085,-0.1895799,0.4075864,0.17459333,0.9818525,0.07404661
1356447813191,-0.38366276,4.5996904E-4,0.9234731,0.90957695,-0.17263877,0.37797555,0.15960112,0.984985,0.0658167
1356447813230,-0.3547545,-0.014370412,0.9348491,0.9240749,-0.15751648,0.34824455,0.14224964,0.98741186,0.06915897
1356447813270,-0.3396442,-0.04615286,0.9394209,0.9324105,-0.14767033,0.32985473,0.12350088,0.98795915,0.09318882
1356447813311,-0.3495285,-0.09918836,0.93166065,0.9308063,-0.1502263,0.33321428,0.10690895,0.98366344,0.14483356
1356447813351,-0.38541853,-0.1681495,0.9072917,0.9176949,-0.17254806,0.35785922,0.09637755,0.97054255,0.22081316
1356447813391,-0.43336165,-0.23633221,0.8696809,0.89654124,-0.21125889,0.38933742,0.09171486,0.94842863,0.30343303
1356447813431,-0.4752903,-0.28707615,0.83167684,0.87540233,-0.24900377,0.4143282,0.088146895,0.924978,0.3696562
1356447813470,-0.5018848,-0.31445426,0.8057482,0.8610528,-0.2698033,0.43103853,0.08185163,0.91012347,0.40617195
1356447813510,-0.51110053,-0.32006648,0.79770523,0.8563497,-0.26927024,0.4406345,0.07376599,0.90832317,0.41171303
1356447813550,-0.5037497,-0.3072647,0.8073566,0.86114645,-0.2524988,0.44121557,0.06828657,0.9175145,0.39179602
1356447813591,-0.48092413,-0.2792021,0.83111864,0.8739767,-0.22816497,0.42907512,0.06983346,0.9327309,0.35374612
1356447813630,-0.44659644,-0.24099883,0.8616677,0.89116216,-0.20579475,0.4043247,0.07988489,0.94845563,0.30667627
1356447813670,-0.40513504,-0.19775927,0.89261234,0.90905046,-0.19118011,0.3702397,0.09743139,0.96142673,0.25722694
1356447813710,-0.36278737,-0.15521589,0.9188545,0.9241674,-0.18646067,0.3333875,0.11958316,0.970124,0.21109095
1356447813751,-0.3249851,-0.11757773,0.9383817,0.93466157,-0.19122094,0.29973704,0.1441958,0.9744794,0.17203936
1356447813791,-0.29577672,-0.08725682,0.95126355,0.9400538,-0.2035448,0.2736207,0.16974953,0.97516954,0.14222997
1356447813836,-0.2776261,-0.065211385,0.9584734,0.94088507,-0.21999091,0.25756413,0.19405931,0.9733198,0.122431606
1356447813872,-0.27177674,-0.051637024,0.9609741,0.9382278,-0.23643649,0.25263903,0.21416381,0.97027385,0.1127052
1356447813912,-0.27842885,-0.046332836,0.95933867,0.9328926,-0.250623,0.25864923,0.22844842,0.96697533,0.11300427
1356447813952,-0.2960068,-0.048400313,0.9539588,0.92506266,-0.26336145,0.27367857,0.23798984,0.9634824,0.122730106
1356447813992,-0.31944656,-0.054865956,0.9460146,0.915468,-0.275653,0.29314467,0.2446881,0.9596901,0.13828444
1356447814032,-0.34152943,-0.061630815,0.9378482,0.9062445,-0.28611904,0.31121817,0.24915561,0.95621,0.15357065
1356447814072,-0.3562655,-0.065656394,0.93207514,0.90003383,-0.2921031,0.32344228,0.251026,0.9541305,0.16315925
1356447814111,-0.36071426,-0.06650382,0.9303024,0.89862704,-0.29183406,0.32757035,0.24970928,0.95415413,0.16503087
1356447814150,-0.35403866,-0.06534675,0.932945,0.9026238,-0.2849887,0.3225706,0.24479988,0.95630085,0.15988055
1356447814191,-0.3360815,-0.06316927,0.93971205,0.9117365,-0.27203304,0.30778968,0.23618987,0.96021223,0.14901906
1356447814231,-0.30713612,-0.060892463,0.94971555,0.9248843,-0.25418186,0.28280848,0.22417957,0.9652377,0.13438687
1356447814270,-0.26954824,-0.06005472,0.96111244,0.9399927,-0.23320854,0.24905321,0.2091828,0.97057056,0.11931196
1356447814310,-0.22950184,-0.063599646,0.97122806,0.9543949,-0.21046555,0.21174204,0.1909433,0.97553027,0.1090014
1356447814350,-0.19678271,-0.077169776,0.9774054,0.96564996,-0.18779802,0.17958862,0.16969597,0.97917145,0.111474425
1356447814391,-0.18444449,-0.10773265,0.9769206,0.9716997,-0.16924018,0.16479534,0.14758036,0.97966903,0.13589916
1356447814430,-0.20309138,-0.1592452,0.96612364,0.970584,-0.1630429,0.17715481,0.12930852,0.97368276,0.18767342
1356447814471,-0.25223637,-0.22568563,0.9409797,0.9602748,-0.17833573,0.2146363,0.119369954,0.95773816,0.26170292
1356447814510,-0.3160922,-0.28934705,0.9035286,0.94147253,-0.21322507,0.26108316,0.117111325,0.9331738,0.33981112
1356447814550,-0.3746323,-0.3329065,0.8653462,0.9197978,-0.25093424,0.30166924,0.11671734,0.90895844,0.4002146
1356447814591,-0.41688442,-0.34992215,0.8389051,0.9018246,-0.27464002,0.33359438,0.113664895,0.89561564,0.4300616
1356447814630,-0.4421594,-0.34301054,0.8287574,0.890316,-0.27990222,0.35915485,0.108777106,0.89665973,0.42914912
1356447814670,-0.45258224,-0.3172004,0.8333986,0.8855432,-0.26971084,0.378245,0.104797214,0.90919745,0.40296105
1356447814710,-0.45323712,-0.27873734,0.8466885,0.88538885,-0.25080496,0.39138642,0.10325974,0.9270395,0.36046517
1356447814750,-0.44866103,-0.23391885,0.86254585,0.88755196,-0.22965652,0.39938635,0.10466525,0.94474334,0.31065306
1356447814791,-0.4424464,-0.18799907,0.876868,0.8900328,-0.21190065,0.40365794,0.109921545,0.9590384,0.26108
1356447814836,-0.43792778,-0.14524877,0.88719904,0.89094853,-0.20198399,0.40671048,0.12012574,0.96855843,0.21786344
1356447814872,-0.43659818,-0.10804433,0.8931452,0.8893325,-0.20179957,0.41032258,0.13590333,0.97344923,0.18419272
1356447814912,-0.4392752,-0.07717118,0.8950317,0.8845972,-0.21083689,0.41597533,0.15660441,0.97447026,0.16088086
1356447814951,-0.44596338,-0.05239466,0.89351636,0.8767456,-0.22643775,0.4243149,0.18009394,0.9726155,0.14691967
1356447814990,-0.4560415,-0.033246636,0.88933736,0.8662693,-0.24561346,0.43503055,0.2039699,0.96879756,0.14081043
1356447815030,-0.46916085,-0.019417971,0.8828993,0.85350406,-0.2666785,0.44767547,0.22675732,0.9635899,0.14168847
1356447815070,-0.48476362,-0.01031065,0.8745843,0.83875096,-0.2889967,0.46149498,0.24799371,0.9572745,0.14874327
1356447815110,-0.5010337,-0.0045126975,0.86541593,0.8234067,-0.31030107,0.47509432,0.26639557,0.95062757,0.15918714
1356447815150,-0.5151435,-5.3673983E-5,0.8571039,0.8103734,-0.3257146,0.48703676,0.27914506,0.9454681,0.16783321
1356447815190,-0.5247508,0.0044326186,0.85124433,0.80252254,-0.33091617,0.49643937,0.283891,0.94364977,0.17009127
1356447815231,-0.5288095,0.008924693,0.8486936,0.8011522,-0.32487667,0.5026034,0.2802063,0.94571424,0.16464776
1356447815270,-0.5268023,0.012572348,0.8498949,0.8061575,-0.30954927,0.50427103,0.2694242,0.9508003,0.15293592
1356447815310,-0.51797754,0.014722943,0.85526747,0.8171498,-0.28710854,0.49983478,0.25291365,0.9577849,0.13668495
1356447815350,-0.5013718,0.014539212,0.8651098,0.8335149,-0.26011968,0.48743272,0.232119,0.96546686,0.11829811
1356447815390,-0.4770314,0.0106704235,0.8788215,0.8538748,-0.23122394,0.46629763,0.20818007,0.9728421,0.10118979
1356447815430,-0.44764537,4.5719743E-4,0.89421105,0.8755021,-0.2032631,0.43838355,0.18196055,0.97912407,0.09058952
1356447815470,-0.4214418,-0.020781904,0.9066174,0.89367735,-0.1793325,0.41131586,0.15403798,0.9835691,0.094150424
1356447815510,-0.41303182,-0.05871275,0.9088222,0.90197456,-0.16430998,0.39930475,0.1258842,0.9846599,0.12082255
1356447815550,-0.4376803,-0.11534998,0.8917008,0.8933966,-0.16761643,0.41682988,0.101382375,0.97908074,0.17641568
1356447815590,-0.4932428,-0.18102205,0.85084826,0.86575186,-0.1974662,0.4598706,0.084766984,0.96345127,0.2541188
1356447815630,-0.55365276,-0.23672992,0.7983906,0.8293409,-0.2433796,0.50295126,0.07524833,0.94059837,0.3310776
1356447815671,-0.5937273,-0.271483,0.757486,0.80178064,-0.27925003,0.5283628,0.068086416,0.92104095,0.3834681
1356447815710,-0.60413647,-0.2866137,0.74355346,0.79445875,-0.28932464,0.5339725,0.062084496,0.9133148,0.40249428
1356447815750,-0.5822834,-0.28639635,0.7608701,0.8106967,-0.27473134,0.51700443,0.06096667,0.917878,0.392152
1356447815791,-0.52737576,-0.27330548,0.80447435,0.8468564,-0.24556398,0.4717336,0.06862253,0.93005514,0.36095494
1356447815836,-0.4473318,-0.24971205,0.8588004,0.8902989,-0.21582341,0.400984,0.0852187,0.9439619,0.31886306
1356447815890,-0.35832363,-0.21943635,0.90744245,0.9272923,-0.19642705,0.31866205,0.10832021,0.95564854,0.27386606
1356447815911,-0.27963865,-0.18759596,0.94159967,0.95060515,-0.19172132,0.24411622,0.13472956,0.9633539,0.23194245
1356447815951,-0.22305381,-0.15790114,0.96193266,0.9612279,-0.19975692,0.19010025,0.16213563,0.96703905,0.1963355
1356447815988,-0.19098353,-0.13164571,0.9727254,0.9632058,-0.2160421,0.15987599,0.18910268,0.9674684,0.16806251
1356447816031,-0.1813907,-0.10885942,0.9773674,0.9598069,-0.23604006,0.1518414,0.21416852,0.9656266,0.14729953
1356447816070,-0.19183147,-0.08908391,0.97737646,0.95292425,-0.25517333,0.16377413,0.23481071,0.96278274,0.13384053
1356447816110,-0.21962231,-0.072205156,0.9729092,0.9433954,-0.26977754,0.19293821,0.24853799,0.96021163,0.12736723
1356447816150,-0.26311076,-0.0582864,0.96300334,0.9306083,-0.27858633,0.2373982,0.2544425,0.9586409,0.12754089
1356447816190,-0.31880116,-0.04750645,0.94663024,0.91312015,-0.28316694,0.29330516,0.2541206,0.95789325,0.13365313
1356447816230,-0.3790828,-0.039254725,0.92452973,0.89089924,-0.2856077,0.3531667,0.25018936,0.9575423,0.14324096
1356447816270,-0.43380582,-0.03226179,0.90042853,0.8673523,-0.28553385,0.40763998,0.24395165,0.9578254,0.15184861
1356447816310,-0.47558135,-0.025746554,0.8792948,0.84764886,-0.28065777,0.45024723,0.23518866,0.95946246,0.15529972
1356447816350,-0.5018192,-0.020178825,0.8647371,0.83559084,-0.26966226,0.4786126,0.22352916,0.96274346,0.152183
1356447816391,-0.511791,-0.016541332,0.85895085,0.83316433,-0.25341552,0.4915464,0.20954064,0.96721613,0.14347738
1356447816431,-0.5035363,-0.015256107,0.8638394,0.8417737,-0.23386323,0.48654395,0.19459751,0.9721498,0.13060087
1356447816471,-0.47383428,-0.016551435,0.8804585,0.8619637,-0.2133978,0.45986944,0.18027642,0.9768252,0.115382016
1356447816511,-0.42143965,-0.020637184,0.9066217,0.8913833,-0.19331902,0.40995568,0.16680685,0.98091894,0.09986788
1356447816551,-0.34874249,-0.02982387,0.936744,0.92458165,-0.17452669,0.338658,0.15338674,0.9842007,0.088439465
1356447816591,-0.27074432,-0.04852143,0.9614277,0.9525955,-0.15748322,0.26030928,0.13877812,0.9863289,0.08885896
1356447816630,-0.21317458,-0.08235261,0.9735372,0.9692167,-0.14346373,0.20009279,0.12318909,0.9862232,0.11040029
1356447816670,-0.2086345,-0.13619357,0.9684642,0.9719208,-0.1390571,0.18982375,0.10881907,0.9808743,0.16138154
1356447816710,-0.26438922,-0.20608568,0.9421396,0.9593992,-0.15571755,0.23517072,0.0982424,0.9660646,0.2388885
1356447816751,-0.34997427,-0.27499822,0.89548534,0.9323751,-0.19463766,0.30461946,0.09052539,0.94153714,0.32451963
1356447816791,-0.42132533,-0.32621175,0.84620976,0.9032864,-0.23426539,0.35943487,0.080985755,0.9158088,0.39336452
1356447816836,-0.45702428,-0.35599205,0.8151065,0.8869431,-0.25121564,0.38758585,0.066789955,0.90008914,0.43055618
1356447816872,-0.45377415,-0.36715657,0.8119638,0.88969105,-0.23818624,0.38950896,0.05038783,0.89914596,0.43473858
1356447816912,-0.41157794,-0.36114624,0.83676577,0.9106066,-0.20064008,0.36130208,0.03740588,0.91066843,0.41144118
1356447816952,-0.33844656,-0.33891124,0.87783426,0.9404351,-0.15373039,0.30323046,0.03218162,0.9281735,0.3707536
1356447816992,-0.24645323,-0.30273846,0.9206575,0.9684768,-0.11245805,0.22227463,0.036244273,0.94641566,0.32091084
1356447817032,-0.15923882,-0.25979382,0.9524443,0.98604697,-0.08926928,0.14050728,0.04852107,0.9615291,0.27038407
1356447817072,-0.09453076,-0.21827072,0.97129905,0.99321836,-0.087013185,0.07711035,0.06768489,0.9720014,0.22501591
1356447817111,-0.06027639,-0.1832355,0.9812193,0.99388766,-0.10209817,0.04198861,0.09248695,0.9777528,0.18826967
1356447817150,-0.054641724,-0.15562662,0.98630345,0.9910954,-0.12857342,0.034619868,0.121424645,0.9794126,0.16126636
1356447817190,-0.07098526,-0.1340073,0.9884347,0.9857416,-0.16098338,0.048966527,0.15255964,0.9778172,0.14352405
1356447817230,-0.10227406,-0.116166264,0.9879501,0.97786164,-0.19400299,0.078418225,0.1825558,0.97409856,0.13343608
1356447817270,-0.14280415,-0.10065776,0.9846192,0.9675283,-0.22382134,0.11744404,0.20855707,0.9694184,0.1293518
1356447817310,-0.1896367,-0.087118566,0.97798175,0.95456225,-0.24957228,0.16286361,0.22988874,0.9644294,0.13048819
1356447817350,-0.24036986,-0.07554418,0.9677373,0.93874174,-0.27173287,0.21195567,0.246954,0.95940316,0.13623285
1356447817390,-0.29013693,-0.06556964,0.9547362,0.9212838,-0.2890944,0.2601165,0.25895315,0.9550524,0.14428526
1356447817431,-0.33260697,-0.05657491,0.94136703,0.905455,-0.2982459,0.3019943,0.26367357,0.9528109,0.15042478
1356447817470,-0.36372274,-0.048764884,0.93023,0.8946817,-0.29630166,0.33429042,0.25932708,0.9538487,0.15140069
1356447817510,-0.3825209,-0.043379843,0.92292786,0.89071,-0.2828231,0.35587445,0.24558762,0.95819056,0.14682472
1356447817550,-0.38801378,-0.04157135,0.9207155,0.89380336,-0.26069587,0.3649016,0.22485727,0.9645255,0.1383102
1356447817591,-0.37752253,-0.04349169,0.9249785,0.9039719,-0.23389202,0.35795146,0.20077717,0.97128934,0.12761474
1356447817630,-0.34768027,-0.048790902,0.93634284,0.92082,-0.20592815,0.3311859,0.17666054,0.97735,0.116524816
1356447817670,-0.34597307,-0.048113674,0.93701005,0.9255643,-0.18113708,0.33244583,0.15373206,0.98228025,0.1072008
1356447817710,-0.2324881,-0.071092874,0.9699974,0.96359336,-0.15224278,0.21979502,0.13204932,0.98578286,0.10389933
1356447817750,-0.1408382,-0.09766498,0.9852036,0.9837618,-0.12563187,0.12817791,0.111254424,0.98725796,0.11377275
1356447817790,-0.092353165,-0.1367194,0.98629546,0.99145406,-0.1042856,0.0783802,0.09214029,0.9851053,0.14518207
1356447817837,-0.10412395,-0.19406527,0.97544694,0.9915312,-0.09679431,0.086583614,0.07761487,0.97620153,0.2025004
1356447817872,-0.16433054,-0.2619574,0.95098567,0.98389983,-0.11220187,0.13911113,0.07026121,0.95853484,0.27617803
1356447817912,-0.23201615,-0.32071617,0.9183189,0.9702995,-0.14275903,0.19529161,0.06846511,0.9363551,0.34431314
1356447817952,-0.27003682,-0.35640514,0.8944582,0.9605019,-0.16455007,0.22440892,0.06720266,0.9197275,0.38676238
1356447817992,-0.2667117,-0.36748883,0.8909639,0.9616318,-0.16310644,0.2205911,0.064257234,0.91561353,0.39689147
1356447818032,-0.22743422,-0.35677004,0.9060844,0.9718158,-0.14242673,0.18785289,0.062030286,0.9232713,0.37910742
1356447818072,-0.1616888,-0.32753873,0.93090016,0.98473966,-0.11508989,0.1305457,0.06437838,0.9378021,0.34114906
1356447818111,-0.08547449,-0.28566998,0.9545087,0.9935989,-0.09545952,0.060405314,0.07386094,0.95356184,0.2920007
1356447818150,-0.016952753,-0.24000263,0.9706242,0.9957546,-0.09189314,-0.0053304434,0.090473026,0.96641314,0.24054155
1356447818190,0.03346342,-0.19795308,0.9796401,0.99310017,-0.103642285,-0.054865837,0.11239302,0.9747168,0.19311902
1356447818230,0.062317193,-0.16354275,0.98456603,0.9886501,-0.12500185,-0.083339274,0.13670212,0.9785848,0.15389684
1356447818271,0.07091457,-0.1378429,0.9879122,0.9843221,-0.15068084,-0.09168127,0.16149697,0.97892535,0.124996275
1356447818310,0.06212741,-0.120213896,0.99080217,0.98064125,-0.1773488,-0.08300799,0.18569627,0.97677845,0.106868476
1356447818350,0.03957987,-0.109461695,0.99320275,0.9771924,-0.20330185,-0.0613479,0.20863515,0.9729782,0.09891838
1356447818390,0.0068366528,-0.104100704,0.9945432,0.9734067,-0.22705,-0.03045711,0.2289817,0.9683033,0.09978014
1356447818431,-0.032966554,-0.10316864,0.99411744,0.9688059,-0.24773794,0.006417185,0.24561852,0.96331835,0.10811743
1356447818470,-0.07580781,-0.10567546,0.9915068,0.9631516,-0.2651022,0.045385122,0.2580546,0.95841193,0.121878326
1356447818510,-0.116065145,-0.11028832,0.9870994,0.9569456,-0.27862322,0.0813891,0.26605257,0.95404696,0.13787842
1356447818550,-0.14594823,-0.11472088,0.9826181,0.9520239,-0.2863428,0.10797346,0.26897874,0.95123446,0.15100825
1356447818591,-0.15967369,-0.117150575,0.98019385,0.95083594,-0.28515965,0.120809704,0.26535884,0.9512937,0.15692347
1356447818630,-0.15657896,-0.11737877,0.9806657,0.9544452,-0.27333504,0.11967611,0.2540029,0.9547304,0.15483013
1356447818670,-0.1392262,-0.11568883,0.9834796,0.962041,-0.25120646,0.10664129,0.23471928,0.96099496,0.146272
1356447818710,-0.1109193,-0.11237517,0.9874557,0.9714285,-0.22202617,0.083851784,0.20981815,0.9685433,0.13379145
1356447818750,-0.07597822,-0.10734066,0.991315,0.9802835,-0.18991178,0.054568917,0.1824049,0.9759158,0.11965343
1356447818791,-0.04052484,-0.10118383,0.9940421,0.9871231,-0.15812987,0.024146676,0.15474445,0.9822204,0.10628906
1356447818836,-0.013441443,-0.0969823,0.9951954,0.9916797,-0.12872708,8.494556E-4,0.12802616,0.98692644,0.097905606
1356447818872,-0.005544424,-0.10148543,0.99482155,0.9947091,-0.10261387,-0.0049242377,0.10258219,0.98953074,0.10151738
1356447818929,-0.027124405,-0.124754995,0.99181664,0.99644995,-0.08247739,0.016876817,0.07969698,0.98875356,0.1265493
1356447818951,-0.08108622,-0.173231,0.9815376,0.99474907,-0.075761676,0.06880653,0.062443614,0.9819629,0.17846471
1356447818991,-0.15834767,-0.24255788,0.95712674,0.98595786,-0.090913236,0.14007807,0.053038448,0.96586776,0.25354776
1356447819028,-0.23780066,-0.31251505,0.9196658,0.97009814,-0.12377566,0.20878041,0.048585206,0.9418142,0.33260417
1356447819071,-0.3023793,-0.36270863,0.88148123,0.9522206,-0.15659136,0.2622118,0.042925835,0.91865206,0.3927286
1356447819110,-0.3487937,-0.38441616,0.8547322,0.9365881,-0.17591113,0.30308086,0.03384775,0.9062447,0.42139626
1356447819150,-0.38066858,-0.37822184,0.84382445,0.92438006,-0.18007529,0.33629513,0.024757743,0.90803146,0.41816968
1356447819190,-0.40330857,-0.3491803,0.8458222,0.91484094,-0.17426783,0.36427554,0.020201772,0.9207083,0.3897282
1356447819231,-0.41989052,-0.30450124,0.8549684,0.90730554,-0.16378021,0.38726306,0.02210483,0.93832564,0.34504548
1356447819271,-0.4318359,-0.2521793,0.8659812,0.90145624,-0.15250915,0.4051144,0.029908538,0.955587,0.29318747
1356447819311,-0.44000387,-0.20008513,0.8754213,0.89700556,-0.1436997,0.41800877,0.04216048,0.9691833,0.242706
1356447819351,-0.44473225,-0.15337521,0.8824338,0.89375085,-0.14034843,0.42604202,0.058503866,0.97815055,0.19949669
1356447819390,-0.44678926,-0.11481252,0.8872415,0.8911463,-0.14466465,0.43003544,0.078979015,0.98279715,0.16694939
1356447819431,-0.44682467,-0.08498463,0.8905758,0.88865924,-0.15690207,0.4308904,0.10311413,0.98395085,0.14563012
1356447819471,-0.44535762,-0.06314072,0.8931236,0.8859724,-0.17509168,0.4294133,0.12926507,0.98252535,0.13391936
1356447819510,-0.44296306,-0.048107594,0.89524823,0.88315976,-0.19528753,0.42648762,0.1543135,0.97956544,0.12899184
1356447819550,-0.4406678,-0.039082855,0.896819,0.88027644,-0.21453035,0.4231903,0.1758554,0.97593504,0.1289404
1356447819590,-0.43935692,-0.035214335,0.89762205,0.87722313,-0.23206472,0.4202683,0.1935069,0.9720627,0.13285005
1356447819631,-0.4393018,-0.03500998,0.8976571,0.87388587,-0.24821287,0.41798782,0.20817631,0.96807265,0.13963509
1356447819670,-0.43976527,-0.036185384,0.89738345,0.87088495,-0.26134783,0.4162412,0.21946737,0.96456623,0.14644504
1356447819710,-0.43962252,-0.03680411,0.8974283,0.8694936,-0.26795137,0.4149494,0.22519529,0.9627292,0.1497984
1356447819750,-0.43807483,-0.036271542,0.8982065,0.8709347,-0.26458007,0.41408953,0.22262791,0.96368134,0.14749604
1356447819791,-0.43500668,-0.03550172,0.89972705,0.8755293,-0.2500289,0.41344163,0.21027988,0.96758723,0.13984704
1356447819835,-0.4304585,-0.035690486,0.90190446,0.88241744,-0.22681552,0.4121821,0.18985498,0.9732835,0.12912858
1356447819872,-0.42424285,-0.037070334,0.9047893,0.8905056,-0.19844145,0.409415,0.16437057,0.97941136,0.117198765
1356447819912,-0.41574925,-0.03924218,0.90863234,0.89911246,-0.16815138,0.4041312,0.13692874,0.98497987,0.10519189
1356447819952,-0.40466857,-0.042356104,0.91348195,0.9078586,-0.13844997,0.39575788,0.109708816,0.9894632,0.09447974
1356447819992,-0.392577,-0.048938543,0.9184162,0.91594625,-0.11116117,0.38559788,0.083221614,0.9925967,0.08846438
1356447820032,-0.38369536,-0.06503773,0.9211667,0.9216503,-0.0893864,0.37758574,0.05778247,0.99387133,0.094239175
1356447820072,-0.3848071,-0.09878564,0.91769546,0.922336,-0.07877964,0.37827262,0.034927785,0.99198544,0.12142843
1356447820112,-0.40158862,-0.15491578,0.90262264,0.9156563,-0.086556256,0.392532,0.01731819,0.9841286,0.17660964
1356447820150,-0.4321847,-0.22603086,0.8729985,0.90176356,-0.11501819,0.41664535,0.0062360466,0.96730596,0.25353557
1356447820191,-0.46694827,-0.29397008,0.83399093,0.8842844,-0.1545769,0.44062126,-6.13749E-4,0.94323254,0.33213258
1356447820230,-0.4952699,-0.34116557,0.7989454,0.8687054,-0.18638206,0.4589256,-0.007660538,0.9213402,0.38868174
1356447820270,-0.5122595,-0.36208105,0.7787731,0.85867596,-0.19871157,0.47242922,-0.01630646,0.91072005,0.41270217
1356447820310,-0.5167179,-0.35830897,0.7775714,0.8558385,-0.19145072,0.48050708,-0.02330339,0.91376215,0.40558067
1356447820350,-0.5084432,-0.33392698,0.7937118,0.8607566,-0.17123032,0.47935203,-0.0241611,0.9269159,0.37449068
1356447820390,-0.48814106,-0.29430115,0.82164776,0.8726039,-0.14650488,0.46593845,-0.016750783,0.94441676,0.32832348
1356447820430,-0.45840693,-0.2463964,0.8539039,0.8887398,-0.124786735,0.4411006,-0.0021297038,0.961102,0.2761854
1356447820470,-0.42381847,-0.19788563,0.8838661,0.9055816,-0.11123574,0.40932703,0.017317563,0.97389317,0.2263453
1356447820510,-0.38932836,-0.15484148,0.9079909,0.9202295,-0.10820836,0.3761231,0.040012777,0.98199546,0.1846183
1356447820550,-0.35846943,-0.12029177,0.92575896,0.9312635,-0.11531341,0.34561718,0.06517753,0.98601866,0.15335959
1356447820590,-0.3329383,-0.09472337,0.9381788,0.93847764,-0.1300596,0.31991285,0.0917159,0.9869711,0.13219762
1356447820630,-0.31312,-0.077344984,0.9465588,0.942402,-0.14873904,0.29959127,0.11761838,0.985847,0.119463265
1356447820670,-0.2987585,-0.0669041,0.9519807,0.94386554,-0.16802603,0.2844031,0.14092985,0.98350954,0.11334771
1356447820710,-0.28955007,-0.062280953,0.95513445,0.94348687,-0.18665421,0.27384797,0.1612243,0.98044956,0.112807035
1356447820751,-0.28530467,-0.062677056,0.95638525,0.94159234,-0.20458788,0.26748392,0.17889977,0.9768394,0.11738616
1356447820790,-0.28496903,-0.06652391,0.9562255,0.9389852,-0.21983308,0.26453754,0.19261193,0.9732666,0.1251106
1356447820835,-0.2861398,-0.071036935,0.955551,0.9372753,-0.22796196,0.26372012,0.1990954,0.9710752,0.13181019
1356447820872,-0.28584594,-0.073413074,0.95545936,0.9377039,-0.22691453,0.263099,0.19749275,0.9711438,0.13370237
