1356448014704,-0.08548081,0.23234518,0.9688698,0.24670796,-0.93721044,0.24651931,0.9653125,0.26010057,0.0227921
1356448014741,0.00638628,-0.110973425,0.9938029,0.26102063,-0.9591841,-0.10878506,0.9653121,0.26009777,0.022840679
1356448014781,0.005959332,-0.11035511,0.9938743,0.2610279,-0.9592621,-0.10807706,0.96531284,0.260073,0.0230892
1356448014821,0.004825175,-0.1086295,0.9940706,0.2609549,-0.9595006,-0.10611844,0.9653389,0.2599196,0.023717642
1356448014862,0.0027282834,-0.10527581,0.99443936,0.26064894,-0.9599937,-0.10234434,0.9654299,0.25947878,0.024820834
1356448014900,-6.0385466E-4,-0.0997863,0.9950087,0.26003265,-0.9607961,-0.09619742,0.96559966,0.25867668,0.026527822
1356448014941,-0.0054020286,-0.091777146,0.9957649,0.25920475,-0.96187353,-0.08724728,0.96580726,0.25763568,0.028985202
1356448014982,-0.011440158,-0.08154274,0.99660414,0.25834405,-0.96307194,-0.07583356,0.96598524,0.25659922,0.03208378
1356448015020,-0.01784885,-0.070274994,0.997368,0.25752223,-0.96419483,-0.06332899,0.9661075,0.2557141,0.0353072
1356448015061,-0.023447216,-0.059575856,0.99794835,0.25665605,-0.9651251,-0.051586106,0.9662183,0.25491995,0.037920058
1356448015101,-0.027413607,-0.05053626,0.9983459,0.25563073,-0.9658673,-0.04187282,0.9663858,0.25406,0.039396524
1356448015142,-0.029603004,-0.043318138,0.99862266,0.25435543,-0.9664994,-0.03438463,0.96665764,0.2529872,0.03962943
1356448015180,-0.030554712,-0.037164927,0.9988419,0.25283745,-0.9670962,-0.028249398,0.9670261,0.2516815,0.038946092
1356448015221,-0.02987194,-0.033156484,0.99900365,0.2510047,-0.9676729,-0.024611145,0.96752477,0.25001943,0.037228763
1356448015262,-0.026795626,-0.032672495,0.9991068,0.24883753,-0.9682228,-0.024988785,0.9681745,0.24794568,0.034074336
1356448015307,-0.021384716,-0.036143452,0.9991178,0.2465787,-0.9686656,-0.029764168,0.9688868,0.24572465,0.029626846
1356448015340,-0.014272213,-0.043082684,0.99896955,0.2444753,-0.9688991,-0.03829301,0.9695505,0.24367687,0.024361044
1356448015381,-0.0076741576,-0.050547585,0.9986922,0.24286495,-0.9689125,-0.04717409,0.9700298,0.2421853,0.019711763
1356448015421,-0.00419122,-0.054738007,0.998492,0.2420178,-0.96887213,-0.05209834,0.97026277,0.24143448,0.017308325
1356448015460,-0.005675316,-0.05270765,0.99859387,0.2420601,-0.968984,-0.049769074,0.9702447,0.24143726,0.018257707
1356448015501,-0.012668073,-0.043219797,0.99898523,0.24286184,-0.9692824,-0.038855024,0.96997815,0.24212319,0.022775441
1356448015541,-0.025050879,-0.025970072,0.9993488,0.24402484,-0.9695813,-0.019079491,0.9694454,0.24338798,0.030626148
1356448015581,-0.041767776,-0.0020566508,0.99912524,0.24487057,-0.9695208,0.008240931,0.9686557,0.24500057,0.04099828
1356448015631,-0.06344271,0.029326111,0.9975545,0.24464348,-0.9686127,0.044034153,0.9675353,0.24683884,0.054276973
1356448015662,-0.09030765,0.06829928,0.99356914,0.24199666,-0.96624017,0.08841627,0.9660653,0.2484251,0.070730746
1356448015702,-0.122466445,0.114530176,0.98584217,0.23498014,-0.96173066,0.14091949,0.9642542,0.24891125,0.09086749
1356448015742,-0.15799606,0.16502865,0.9735516,0.22259869,-0.95460397,0.19794197,0.96202236,0.24798538,0.114088565
1356448015782,-0.19230688,0.21337622,0.95785624,0.20721424,-0.9452375,0.25216717,0.9592082,0.24697493,0.13756108
1356448015822,-0.22209543,0.25495136,0.94110215,0.1930601,-0.9345991,0.29875088,0.9557203,0.2480405,0.1583494
1356448015862,-0.24592185,0.2876987,0.92560893,0.1833791,-0.92388034,0.33588272,0.9517849,0.25233823,0.17444444
1356448015902,-0.26473475,0.31249985,0.9122825,0.1789403,-0.9136866,0.36490735,0.9475737,0.25984773,0.18596569
1356448015942,-0.2812779,0.33265126,0.9001255,0.1780029,-0.9036315,0.38957056,0.9429728,0.26980254,0.1949586
1356448015982,-0.29958332,0.35363472,0.8861108,0.176979,-0.8920514,0.41583997,0.9375118,0.2814017,0.20465773
1356448016022,-0.32412153,0.38243607,0.8652676,0.17065254,-0.876003,0.4511059,0.93049616,0.29387325,0.21866769
1356448016062,-0.35808295,0.42549556,0.8311018,0.15237278,-0.8515626,0.5016211,0.92117274,0.3062592,0.24009603
1356448016102,-0.40037608,0.48421657,0.77796745,0.116134524,-0.8153254,0.56723654,0.9089619,0.31745684,0.27020252
1356448016142,-0.44376916,0.550558,0.7070749,0.061471567,-0.7684616,0.63693655,0.89403033,0.32611775,0.30717582
1356448016182,-0.47848594,0.6095302,0.6320791,-0.001969248,-0.72057295,0.6933763,0.878093,0.3305261,0.34598434
1356448016222,-0.4997186,0.6498853,0.57265216,-0.058098078,-0.6847768,0.7264334,0.86423725,0.32974222,0.37995273
1356448016262,-0.50936174,0.67001736,0.54002535,-0.09413347,-0.6671488,0.7389529,0.8553885,0.32555985,0.40289116
1356448016302,-0.5113036,0.6737324,0.53352916,-0.105074316,-0.6651666,0.7392651,0.8529526,0.32192865,0.41089398
1356448016342,-0.5072024,0.66343486,0.5500908,-0.08994132,-0.67554635,0.73181117,0.8571209,0.32170045,0.402309
1356448016382,-0.4943714,0.6356984,0.59286124,-0.047722638,-0.7008574,0.7117032,0.8679398,0.32355285,0.37682104
1356448016422,-0.464836,0.58032525,0.66869277,0.02162686,-0.7475791,0.66382056,0.8851326,0.32302946,0.33495104
1356448016462,-0.4077744,0.4860646,0.77295613,0.10869832,-0.8146733,0.56964195,0.9065896,0.31630448,0.27936858
1356448016502,-0.32037318,0.35631603,0.8777243,0.18897693,-0.8838978,0.42779958,0.92825043,0.30292517,0.21584162
1356448016542,-0.21730423,0.21691677,0.9516964,0.2382868,-0.9337076,0.26722553,0.9465718,0.28484592,0.15121022
1356448016582,-0.12244111,0.10056604,0.9873676,0.25177756,-0.95916057,0.1289154,0.96000844,0.26438153,0.09212035
1356448016633,-0.05028236,0.023215272,0.9984651,0.24163896,-0.969745,0.034716368,0.9690625,0.24301371,0.04315141
1356448016663,-0.0037824512,-0.014147073,0.9998928,0.22224487,-0.97490484,-0.012952812,0.9749835,0.22217205,0.006831646
1356448016702,0.020539343,-0.017674074,0.99963284,0.20352156,-0.9788346,-0.021488085,0.978855,0.2038882,-0.016507566
1356448016742,0.02688551,0.006014824,0.99962044,0.18981025,-0.98182046,8.0263615E-4,0.9814526,0.18971662,-0.027538419
1356448016781,0.019440293,0.051701456,0.9984733,0.18167336,-0.9822196,0.047322653,0.9831667,0.18047604,-0.028487414
1356448016810,0.0061807036,0.10776758,0.9941569,0.17657667,-0.9786713,0.10499114,0.98426753,0.174896,-0.025078118
1356448016851,-0.014219582,0.17109278,0.98515236,0.17378965,-0.96983325,0.17094074,0.9846802,0.17363997,-0.015943587
1356448016890,-0.039141357,0.24231726,0.9694072,0.16930893,-0.9545146,0.24543078,0.98478544,0.17373578,-0.0036654174
1356448016930,-0.06470132,0.3130296,0.9475369,0.15988576,-0.93400776,0.31947768,0.9850128,0.17216828,0.010382563
1356448016971,-0.08786172,0.3761764,0.9223729,0.1456609,-0.9111491,0.38547406,0.9854254,0.1682221,0.025260925
1356448017011,-0.10590005,0.42594314,0.8985308,0.13044743,-0.889852,0.43720347,0.9857833,0.16351093,0.03867224
1356448017051,-0.11661756,0.45835197,0.88108677,0.11980003,-0.8741705,0.47061032,0.98592514,0.16043562,0.04703299
1356448017090,-0.1199286,0.47263658,0.87305886,0.11844908,-0.86631244,0.48525518,0.98569113,0.16160898,0.04791221
1356448017131,-0.11763537,0.4699483,0.87482023,0.12888904,-0.86626,0.48268127,0.98465705,0.16953517,0.041331686
1356448017171,-0.11141658,0.45074698,0.88567126,0.15094855,-0.8732031,0.4633907,0.9822428,0.1853202,0.029249638
1356448017210,-0.10152304,0.41311902,0.9050004,0.18175925,-0.8866861,0.42514855,0.9780882,0.20765454,0.014930874
1356448017251,-0.086661756,0.35276425,0.93169045,0.21700484,-0.90606844,0.36324784,0.97231615,0.23366103,0.001969874
1356448017290,-0.06523192,0.2645775,0.96215564,0.25232124,-0.92850184,0.27243006,0.96544224,0.26054347,-0.006190516
1356448017331,-0.038663566,0.1487807,0.98811406,0.28372025,-0.94652194,0.15361974,0.9581273,0.2862875,-0.0056161843
1356448017370,-0.016792953,0.022818089,0.99959856,0.30933183,-0.95057374,0.026895687,0.95080584,0.3096593,0.008904576
1356448017430,-0.019314647,-0.07433911,0.9970459,0.33137715,-0.941341,-0.063766375,0.9433006,0.32916665,0.042816013
1356448017461,-0.10417569,-0.042527497,0.9936492,0.3431745,-0.9392621,-0.004220858,0.9334766,0.34055537,0.1124427
1356448017501,-0.2195949,0.044624776,0.97457,0.32375216,-0.9390106,0.11594599,0.92030567,0.3409803,0.19175464
1356448017538,-0.3311236,0.15830167,0.9302138,0.2643413,-0.93078965,0.25249594,0.9058039,0.32950127,0.26636082
1356448017581,-0.39490563,0.21639007,0.89287454,0.20911852,-0.92518336,0.31671026,0.8946056,0.31178722,0.3201088
1356448017631,-0.40955365,0.19616373,0.89094645,0.19696431,-0.9345622,0.2963081,0.8907698,0.2968387,0.34411612
1356448017662,-0.38053238,0.10381865,0.9189215,0.2292428,-0.9520732,0.20249525,0.89590335,0.28771216,0.33849502
1356448017702,-0.30897856,-0.04734859,0.94988966,0.2834364,-0.95796055,0.044444844,0.9078524,0.28296578,0.30940965
1356448017742,-0.20636678,-0.22246268,0.95285004,0.3241234,-0.9343739,-0.14795092,0.9232318,0.27830884,0.26492903
1356448017782,-0.10154015,-0.3742705,0.9217435,0.3294192,-0.88691145,-0.32383797,0.93870795,0.27075747,0.21334901
1356448017822,-0.016973853,-0.48148,0.87629265,0.30464184,-0.8372382,-0.45412058,0.9523156,0.25924724,0.16089013
1356448017862,0.04240167,-0.54909444,0.83468395,0.2647204,-0.79940224,-0.53933215,0.96339256,0.24382648,0.11146054
1356448017902,0.08043164,-0.5886761,0.8043576,0.22081842,-0.7763971,-0.59029365,0.9719928,0.22509524,0.067543685
1356448017942,0.1023733,-0.6094355,0.7861985,0.17976676,-0.76600367,-0.61718905,0.9783678,0.20451602,0.031137913
1356448017982,0.11214352,-0.6167381,0.77913916,0.14597455,-0.7653541,-0.62683684,0.9829116,0.18403016,0.004198611
1356448018022,0.11136031,-0.61181206,0.78312504,0.12198621,-0.77365166,-0.6217575,0.9862648,0.16476956,-0.011521392
1356448018062,0.10020387,-0.59282005,0.7990767,0.107712895,-0.7919354,-0.6010292,0.9891193,0.14629632,-0.015500579
1356448018102,0.07963693,-0.5578467,0.82611436,0.10071589,-0.8200027,-0.56342864,0.9917229,0.12807256,-0.009118434
1356448018142,0.05340135,-0.5091794,0.8590021,0.09808667,-0.85339475,-0.51195335,0.993744,0.111595616,0.0043713786
1356448018182,0.02820748,-0.45670813,0.88916934,0.09822394,-0.883952,-0.45714432,0.99476457,0.100232616,0.01992556
1356448018222,0.011008143,-0.41583392,0.909374,0.10178867,-0.904239,-0.414718,0.99474514,0.097129256,0.03237313
1356448018262,0.005878389,-0.4006483,0.9162131,0.11067778,-0.9103391,-0.39878976,0.99383897,0.10374868,0.03899148
1356448018302,0.014286101,-0.4201855,0.90732574,0.12515824,-0.8995302,-0.41854602,0.99203396,0.119538665,0.039738953
1356448018343,0.03680128,-0.47739306,0.8779189,0.14220765,-0.8670715,-0.47745568,0.9891525,0.14241773,0.03597966
1356448018382,0.072978616,-0.5659175,0.82122564,0.15637192,-0.80674446,-0.56983435,0.98499846,0.17000234,0.029618505
1356448018423,0.11868292,-0.6662166,0.73625386,0.16279206,-0.7184055,-0.6763079,0.97949636,0.20012249,0.02319225
1356448018462,0.16646445,-0.7535945,0.6359126,0.1627039,-0.6150783,-0.77149606,0.97253126,0.23189211,0.020224124
1356448018502,0.20885885,-0.8138695,0.54221255,0.16486645,-0.51720184,-0.8398341,0.96394867,0.26479945,0.026157558
1356448018542,0.23985034,-0.8463396,0.4755851,0.18215993,-0.44194913,-0.87834996,0.9535668,0.29730505,0.048167527
1356448018582,0.24893284,-0.8542792,0.45633262,0.22838801,-0.4061001,-0.88482857,0.94120735,0.32448375,0.09401551
1356448018629,0.21446139,-0.8345015,0.50755644,0.3077724,-0.43543804,-0.8459728,0.9269749,0.3376404,0.16345185
1356448018662,0.11235654,-0.768903,0.62941575,0.39508104,-0.54663855,-0.738307,0.91174936,0.33162382,0.24236065
1356448018702,-0.029035151,-0.6576508,0.75276315,0.43686822,-0.68569684,-0.5822078,0.8990568,0.31195375,0.3072161
1356448018742,-0.12475133,-0.5679094,0.8135822,0.43085086,-0.7696488,-0.47117746,0.89375865,0.29175258,0.340699
1356448018782,-0.14966202,-0.5355614,0.8311289,0.4147557,-0.7970692,-0.43892866,0.8975405,0.27902454,0.34141815
1356448018822,-0.12979102,-0.5367726,0.83368427,0.39910954,-0.79795814,-0.45163524,0.90767056,0.27411318,0.31779885
1356448018862,-0.0919441,-0.5440315,0.834012,0.38067204,-0.7931439,-0.47540653,0.9201277,0.2737742,0.28002256
1356448018902,-0.05202067,-0.54367507,0.83768207,0.35830328,-0.7931293,-0.49250847,0.93215483,0.27452362,0.2360597
1356448018941,-0.016262174,-0.5327157,0.84613806,0.33308297,-0.80080014,-0.49776998,0.9427573,0.27373937,0.19046122
1356448018980,0.012293935,-0.51080614,0.85960805,0.30664676,-0.8163246,-0.48947132,0.9517441,0.26961356,0.14660108
1356448019021,0.03173262,-0.47808453,0.87774044,0.28036407,-0.8386682,-0.46693873,0.9593691,0.26090407,0.10742453
1356448019060,0.040456235,-0.43333396,0.9003249,0.25557652,-0.86659944,-0.42858595,0.96594197,0.24744086,0.07569069
1356448019100,0.0382542,-0.3764094,0.9256633,0.23211676,-0.8976562,-0.3746132,0.97193533,0.22919247,0.05303186
1356448019140,0.025308967,-0.3061785,0.9516377,0.20893364,-0.92929935,-0.30454803,0.9776023,0.20653689,0.040451378
1356448019180,0.0026618242,-0.22262526,0.9749004,0.18434292,-0.9580866,-0.21928902,0.98285836,0.18029971,0.038489133
1356448019220,-0.026177287,-0.12963687,0.99121594,0.15791135,-0.9796426,-0.12395292,0.9871062,0.15327948,0.046115518
1356448019261,-0.05488181,-0.036875837,0.99781173,0.13284135,-0.99070394,-0.02930659,0.9896167,0.13094226,0.059270263
1356448019300,-0.077112794,0.04389383,0.99605566,0.115231305,-0.99194324,0.0526336,0.990341,0.11883552,0.071433574
1356448019340,-0.09078181,0.10545385,0.9902718,0.10944587,-0.9872981,0.11517048,0.9898386,0.11883654,0.07808715
1356448019380,-0.09673715,0.14549242,0.9846186,0.11506678,-0.9809903,0.1562614,0.9886362,0.12841319,0.07815686
1356448019420,-0.096017,0.16312653,0.9819218,0.12906373,-0.9761116,0.17478175,0.98697686,0.1435125,0.072669655
1356448019461,-0.08918685,0.15823388,0.98336554,0.14894989,-0.9740787,0.17024861,0.9848145,0.16165613,0.06330609
1356448019500,-0.07806051,0.13377377,0.9879328,0.17268732,-0.97416276,0.14555395,0.98187864,0.1819655,0.052942663
1356448019540,-0.06722754,0.09837291,0.9928762,0.19907156,-0.9737961,0.109961584,0.9776763,0.20504586,0.04588273
1356448019581,-0.065716445,0.06663156,0.9956112,0.22673914,-0.97067034,0.079928555,0.97173595,0.23099664,0.04868096
1356448019630,-0.08672148,0.058788806,0.99449646,0.2526698,-0.9643189,0.07903806,0.96365833,0.25813356,0.06877306
1356448019663,-0.14498705,0.09729977,0.98463774,0.2671976,-0.9543287,0.13364932,0.9526721,0.28247026,0.112367034
1356448019702,-0.24004292,0.18710679,0.9525599,0.25026864,-0.93615204,0.24695103,0.9379472,0.29767475,0.1778898
1356448019742,-0.33793294,0.2937535,0.8941533,0.19456649,-0.9077173,0.3717434,0.92083937,0.29959664,0.24959305
1356448019782,-0.4019785,0.3741722,0.83570826,0.12925506,-0.8803676,0.4563397,0.9064802,0.29145828,0.30552527
1356448019822,-0.42679858,0.41896924,0.8014411,0.08654651,-0.8632196,0.4973546,0.90019596,0.28163216,0.3321606
1356448019862,-0.42318463,0.4393219,0.79240847,0.073997825,-0.8549009,0.513487,0.9030167,0.2759363,0.32927197
1356448019902,-0.40088087,0.4461785,0.80013716,0.08391856,-0.851832,0.51704943,0.91227865,0.27442157,0.30404034
1356448019942,-0.36603272,0.44556493,0.8170019,0.105252385,-0.8524737,0.5120651,0.9246308,0.27342397,0.26513642
1356448019982,-0.32380593,0.4416297,0.8367275,0.12758052,-0.85591584,0.5011299,0.93748224,0.26901898,0.22080734
1356448020021,-0.27946436,0.43778312,0.85454416,0.14396219,-0.8608394,0.4880886,0.9493022,0.2594254,0.17754966
1356448020061,-0.23692274,0.435588,0.86840695,0.15202294,-0.8662234,0.47596836,0.9595606,0.24478553,0.13900873
1356448020101,-0.19844341,0.43538272,0.87810147,0.15230083,-0.8713384,0.46644813,0.968207,0.2262991,0.10660216
1356448020141,-0.16558623,0.4371596,0.8840095,0.14683096,-0.87546456,0.4604373,0.9752035,0.20604204,0.08077631
1356448020180,-0.14004254,0.44131795,0.88635576,0.13716856,-0.87789863,0.4587795,0.9805982,0.1858288,0.062408276
1356448020220,-0.124257505,0.44965178,0.88451856,0.12351726,-0.877484,0.4634275,0.98453206,0.16683772,0.053494334
1356448020261,-0.1197443,0.46323144,0.87811047,0.10483123,-0.8736304,0.47516346,0.9872547,0.14895152,0.056051135
1356448020300,-0.124837816,0.48026878,0.8681921,0.08148891,-0.867118,0.49139196,0.9888251,0.13209231,0.06911248
1356448020340,-0.13509738,0.49653363,0.8574399,0.057711706,-0.8599608,0.5070865,0.98915017,0.11799036,0.087522656
1356448020380,-0.14517295,0.5070101,0.8496267,0.04117371,-0.8548841,0.5171826,0.9885492,0.110063225,0.103230625
1356448020439,-0.15210319,0.50859433,0.84746474,0.037363008,-0.85386974,0.51914406,0.9876582,0.110627264,0.11087363
1356448020461,-0.15570486,0.5002576,0.8517618,0.046500474,-0.8576105,0.51219314,0.9867085,0.1193583,0.11027197
1356448020501,-0.15693069,0.4818226,0.862102,0.06542717,-0.8659281,0.4958709,0.9854401,0.13422225,0.10436633
1356448020538,-0.15673745,0.45329288,0.87747306,0.090583354,-0.8781115,0.46980304,0.98347753,0.1531202,0.09657215
1356448020581,-0.15626073,0.41559702,0.89602554,0.11978541,-0.89249974,0.43485147,0.9804255,0.175281,0.08968013
1356448020630,-0.15756536,0.37070957,0.9152855,0.15115657,-0.9068869,0.39332938,0.9758714,0.2003265,0.0868587
1356448020662,-0.16547203,0.32528898,0.9310243,0.18171892,-0.91781765,0.35297185,0.9693283,0.22759165,0.092761934
1356448020702,-0.18921733,0.29293072,0.9372238,0.20551972,-0.9215115,0.3295124,0.9601867,0.25496742,0.11416283
1356448020742,-0.23769486,0.2899587,0.92705184,0.21168591,-0.9160017,0.34077844,0.94799274,0.27724507,0.15634874
1356448020782,-0.30886835,0.32421693,0.8941385,0.18603858,-0.9013507,0.39109665,0.9327325,0.28714162,0.21808183
1356448020822,-0.37947452,0.37726474,0.8447901,0.12923074,-0.88252264,0.45216495,0.91613233,0.28075796,0.2861407
1356448020862,-0.4249745,0.41940743,0.8021809,0.069165185,-0.868551,0.49074987,0.90255916,0.26403913,0.34010357
1356448020903,-0.44167006,0.43867034,0.78262115,0.033774287,-0.8635669,0.50310194,0.8965416,0.24863754,0.36659583
1356448020942,-0.43605602,0.4368321,0.78678644,0.030634314,-0.8665732,0.4981088,0.89939797,0.24130599,0.36449242
1356448020982,-0.41305822,0.4169838,0.809634,0.052984536,-0.87651014,0.47845846,0.9091619,0.24052931,0.3399561
1356448021022,-0.3754335,0.38178158,0.8445665,0.087975204,-0.8924302,0.4425255,0.9226647,0.24043977,0.3014608
1356448021062,-0.32660222,0.3364628,0.88324624,0.122004375,-0.9116659,0.3924031,0.9372545,0.23591962,0.25670218
1356448021102,-0.27198803,0.2894644,0.9177324,0.14555854,-0.930337,0.33657923,0.9512282,0.22512934,0.2109066
1356448021142,-0.21845269,0.25068387,0.9430992,0.1552127,-0.94521236,0.28719795,0.96342486,0.20912014,0.16757485
1356448021182,-0.17185104,0.2275737,0.9584766,0.15302816,-0.9549739,0.2541794,0.97316474,0.19035491,0.12928814
1356448021221,-0.13497078,0.22245255,0.9655557,0.14351454,-0.95980793,0.2411896,0.9804012,0.17112482,0.097620785
1356448021260,-0.10829055,0.23403929,0.9661774,0.13019721,-0.9601827,0.24717987,0.98555666,0.15256083,0.0735074
1356448021300,-0.09211415,0.26108432,0.96091104,0.11391612,-0.9559149,0.27064702,0.98921084,0.13439366,0.058311578
1356448021340,-0.08697653,0.30336425,0.9488968,0.09319681,-0.9458514,0.3109331,0.9918414,0.11547804,0.053994358
1356448021380,-0.09123099,0.35687244,0.9296876,0.06702104,-0.9292637,0.36328655,0.9935719,0.09545164,0.06085968
1356448021420,-0.09958917,0.4118744,0.90578216,0.038632885,-0.9080207,0.41713995,0.99427825,0.07653566,0.07451725
1356448021461,-0.10655439,0.45869672,0.8821811,0.014767632,-0.88640434,0.46267632,0.9941972,0.06232789,0.08767635
1356448021500,-0.11015749,0.49319756,0.86291456,8.505583E-4,-0.8681512,0.49629915,0.99391377,0.055405036,0.09521386
1356448021541,-0.11164683,0.51560897,0.84951895,-0.0011371374,-0.8549293,0.51874334,0.9937473,0.056950048,0.0960364
1356448021580,-0.113029,0.52704644,0.84228635,0.007328868,-0.8472535,0.53113806,0.9935646,0.06620702,0.09190163
1356448021630,-0.11579454,0.52877057,0.840829,0.024083793,-0.84477985,0.5345718,0.9929812,0.08215088,0.085086085
1356448021662,-0.121160984,0.52150446,0.8446023,0.04589908,-0.8470173,0.52958,0.9915711,0.10293092,0.07868887
1356448021702,-0.13157779,0.50928813,0.8504781,0.06886925,-0.8511679,0.52035594,0.98891073,0.12703906,0.07692045
1356448021742,-0.15171629,0.50121534,0.8519186,0.08688733,-0.85179645,0.51661706,0.9845977,0.15240018,0.08568227
1356448021782,-0.18830776,0.51433986,0.83665687,0.089302,-0.8394009,0.53612614,0.9780416,0.17567185,0.11213412
1356448021822,-0.24345565,0.5634985,0.7894294,0.060307503,-0.8035491,0.59217566,0.96803534,0.191777,0.16164532
1356448021862,-0.30286127,0.63676727,0.70908576,-0.0077303946,-0.7456463,0.66629726,0.95300335,0.19631405,0.23074973
1356448021902,-0.34515607,0.69933724,0.6259351,-0.09173229,-0.68886435,0.7190626,0.93405163,0.19077033,0.30191755
1356448021942,-0.36617982,0.7350422,0.5706359,-0.15532511,-0.6529058,0.7413421,0.9174893,0.18283045,0.35325146
1356448021982,-0.37263846,0.7460134,0.5519099,-0.18016389,-0.64158946,0.7455897,0.91031945,0.17840111,0.37348554
1356448022022,-0.36890674,0.73239684,0.57227856,-0.1648533,-0.6575024,0.73519653,0.91473013,0.17687696,0.3632951
1356448022061,-0.3542989,0.6872151,0.63419855,-0.11568117,-0.7051912,0.6995165,0.9279494,0.17447305,0.3293463
1356448022101,-0.32431805,0.60224485,0.72946477,-0.046061665,-0.7802862,0.6237241,0.944826,0.16868462,0.2808013
1356448022141,-0.27680498,0.48368007,0.8303208,0.022421941,-0.8605975,0.5087918,0.96066445,0.15945351,0.2273727
1356448022180,-0.21809322,0.3575255,0.90808094,0.070907384,-0.92221516,0.38012016,0.9733486,0.14729129,0.17577767
1356448022220,-0.1611855,0.2571538,0.95283324,0.092705995,-0.95724344,0.27402663,0.98256034,0.13250248,0.13045406
1356448022261,-0.11588508,0.20026457,0.9728642,0.09371552,-0.9728893,0.21143287,0.9888317,0.11567437,0.093975395
1356448022300,-0.08508515,0.18640377,0.978782,0.08350824,-0.9775539,0.1934292,0.992868,0.0981943,0.06760901
1356448022340,-0.0674808,0.20609115,0.97620326,0.06892489,-0.97513306,0.2106297,0.99533695,0.08149815,0.051597953
1356448022380,-0.06087941,0.2492136,0.9665332,0.05322638,-0.966141,0.25246507,0.99672496,0.066814974,0.045553297
1356448022420,-0.063902736,0.3074668,0.94941056,0.0368928,-0.94997686,0.31013337,0.9972739,0.054844797,0.049362868
1356448022461,-0.07507098,0.37311578,0.9247427,0.018301457,-0.9266878,0.3753863,0.99701023,0.045104727,0.06273875
1356448022500,-0.089974284,0.43509898,0.8958758,-0.0031460524,-0.89964384,0.43661305,0.99593914,0.036465526,0.08231372
1356448022547,-0.10408378,0.48459965,0.8685215,-0.025196716,-0.8742692,0.48478705,0.9942493,0.0285746,0.10320762
1356448022581,-0.11239982,0.51481706,0.8498998,-0.040613055,-0.8569854,0.513738,0.9928327,0.023226991,0.11723325
1356448022631,-0.11453092,0.52708167,0.8420615,-0.04514788,-0.84952515,0.5256128,0.99239326,0.02218157,0.12109346
1356448022662,-0.11241186,0.5221448,0.84541607,-0.03797373,-0.85244465,0.5214366,0.9929358,0.026512027,0.11565268
1356448022702,-0.10725105,0.5012602,0.85862416,-0.019742236,-0.86450887,0.5022297,0.994036,0.0369135,0.102615476
1356448022742,-0.09944707,0.46312255,0.8806973,0.0070195645,-0.88473624,0.46603912,0.99501806,0.052528337,0.08473351
1356448022782,-0.0890128,0.40681142,0.909165,0.038829476,-0.91067713,0.4112897,0.99527323,0.07191248,0.065265775
1356448022822,-0.07767463,0.3341689,0.9393071,0.07176325,-0.93783563,0.33957976,0.99439263,0.093784444,0.04886493
1356448022861,-0.07164943,0.25618592,0.96396846,0.102419674,-0.95945406,0.26259878,0.9921575,0.117544405,0.042505857
1356448022900,-0.08190054,0.19395892,0.97758484,0.12742542,-0.970792,0.2032867,0.9884609,0.14121848,0.05479321
1356448022940,-0.12350631,0.18079743,0.9757349,0.13941538,-0.97034955,0.19744647,0.9825017,0.16041833,0.09463835
1356448022980,-0.20126927,0.23634586,0.95059526,0.12157511,-0.95692366,0.2636603,0.9719621,0.16863543,0.16386548
1356448023020,-0.29113203,0.33496958,0.89612365,0.062130585,-0.9281012,0.36710766,0.9546633,0.16255346,0.24938807
1356448023060,-0.35752422,0.42088532,0.8336858,-0.013720036,-0.8949599,0.44593567,0.93380314,0.14799458,0.32574433
1356448023100,-0.3920129,0.47036943,0.79061913,-0.068713516,-0.8719764,0.48470172,0.91739,0.13568309,0.37414664
1356448023140,-0.4031145,0.48906913,0.77350503,-0.08974519,-0.8622749,0.49842525,0.9107384,0.1315041,0.39148718
1356448023180,-0.39751035,0.48420924,0.77944005,-0.08056559,-0.86457235,0.49600768,0.9140539,0.13437216,0.3826872
1356448023220,-0.3774178,0.45788956,0.80491793,-0.04972036,-0.87796736,0.47613144,0.9247073,0.13967967,0.35412696
1356448023260,-0.3436343,0.4115934,0.84410083,-0.0084401965,-0.9001541,0.43548962,0.9390656,0.14252481,0.31279784
1356448023301,-0.2985049,0.35060084,0.887679,0.030941531,-0.92603934,0.37615666,0.9539064,0.13975075,0.26557907
1356448023340,-0.24854696,0.2878812,0.9248507,0.057995304,-0.94867694,0.3108835,0.9668821,0.13090613,0.21909502
1356448023381,-0.20052421,0.2348733,0.9511175,0.069392286,-0.9649929,0.25292975,0.97722805,0.116718754,0.17720604
1356448023439,-0.16008979,0.2013061,0.96635765,0.06701431,-0.974509,0.21410593,0.9848251,0.09903595,0.14251849
1356448023461,-0.13024366,0.19170564,0.9727721,0.05606503,-0.97813547,0.20026913,0.9898956,0.080622286,0.11664796
1356448023501,-0.11174929,0.2066464,0.9720131,0.04186231,-0.97629255,0.21236897,0.99285436,0.06442279,0.100449234
1356448023538,-0.103913665,0.24367341,0.96427447,0.026828773,-0.9684836,0.24762824,0.99422437,0.05160225,0.09410116
1356448023581,-0.1046496,0.29651088,0.94927853,0.010405377,-0.95414084,0.2991768,0.9944547,0.041186377,0.09676528
1356448023630,-0.10962182,0.35479426,0.9284955,-0.0065357983,-0.93436223,0.3562644,0.9939518,0.03298591,0.10474548
1356448023662,-0.11487138,0.40812668,0.90566945,-0.019337326,-0.91245055,0.4087298,0.9931921,0.029438123,0.11270654
1356448023702,-0.11897761,0.45087236,0.8846233,-0.022481322,-0.8919466,0.4515813,0.9926424,0.033840597,0.116257995
1356448023742,-0.12243509,0.48052543,0.86839217,-0.013842598,-0.8757167,0.4826268,0.99237996,0.04706967,0.11387017
1356448023782,-0.12556124,0.49495175,0.85980064,0.005459279,-0.86630166,0.4994914,0.99207085,0.06741066,0.10607182
1356448023822,-0.12772357,0.49145824,0.86148447,0.032960296,-0.8660155,0.49892974,0.991262,0.09211987,0.09441191
1356448023862,-0.12809265,0.46777236,0.87451774,0.06623645,-0.8757779,0.47814822,0.9895479,0.11917226,0.08119718
1356448023902,-0.12707502,0.42373747,0.8968269,0.10234523,-0.8937295,0.4367757,0.9865989,0.14728925,0.07020318
1356448023942,-0.12880212,0.36599523,0.9216603,0.13699801,-0.9139232,0.38206825,0.98216176,0.17547682,0.06757451
1356448023982,-0.1433425,0.31352797,0.9386976,0.16447797,-0.9277549,0.33498946,0.9759098,0.20241329,0.081418246
1356448024022,-0.18646616,0.29928344,0.93576694,0.17458077,-0.9272199,0.33133784,0.9668257,0.2251502,0.120646
1356448024062,-0.2617892,0.34067288,0.90299964,0.15194523,-0.90941346,0.38714314,0.95308924,0.23855639,0.186311
1356448024102,-0.3486827,0.41962314,0.8380553,0.087864324,-0.8755996,0.47497898,0.93311316,0.23925214,0.2684366
1356448024141,-0.4143262,0.48908567,0.7675474,0.009855524,-0.84087926,0.54113317,0.9100751,0.23177022,0.343578
1356448024180,-0.4491595,0.52733403,0.72123116,-0.043474853,-0.8191851,0.5718791,0.8923932,0.22550952,0.3908706
1356448024220,-0.45871472,0.53487366,0.70957094,-0.056545302,-0.814494,0.57740986,0.8867826,0.22474352,0.40386498
1356448024260,-0.4466384,0.5129678,0.73306084,-0.031920046,-0.8279377,0.55991083,0.894145,0.22667837,0.38616282
1356448024301,-0.41239202,0.45961362,0.78656733,0.01919268,-0.85882986,0.5119013,0.9108043,0.22620036,0.34535336
1356448024340,-0.3573953,0.3796017,0.85332954,0.077371806,-0.8985001,0.43210092,0.93074286,0.22045448,0.29174924
1356448024380,-0.287951,0.28469586,0.9143481,0.1247354,-0.93550396,0.3305653,0.94948685,0.2092382,0.23386765
1356448024420,-0.21633941,0.19421908,0.9568052,0.15042609,-0.9616807,0.22922099,0.96466017,0.19351801,0.17883381
1356448024460,-0.15437382,0.12444065,0.9801445,0.15406807,-0.9768689,0.14829066,0.97592604,0.17390117,0.13163066
1356448024500,-0.1088531,0.08380024,0.9905193,0.14179875,-0.9849415,0.0989113,0.9838923,0.1512212,0.09533116
1356448024541,-0.0810523,0.07312101,0.99402416,0.121404365,-0.98915523,0.08266211,0.98928845,0.12737882,0.071296036
1356448024581,-0.06875712,0.08867263,0.9936849,0.099544175,-0.9904616,0.095272854,0.9926548,0.10546623,0.059274375
1356448024630,-0.06890434,0.12478276,0.9897886,0.079420276,-0.9883116,0.13012542,0.99445695,0.087575495,0.058188677
1356448024662,-0.07810277,0.17460229,0.9815365,0.06092752,-0.9818677,0.17950931,0.9950818,0.07382277,0.06604856
1356448024702,-0.09198356,0.228686,0.9691449,0.042858668,-0.9714599,0.23330007,0.9948378,0.062996045,0.07955709
1356448024742,-0.10448396,0.27481502,0.9558033,0.02718614,-0.95991516,0.27896917,0.99415493,0.05513241,0.09282458
1356448024781,-0.11164355,0.30388805,0.9461436,0.019029647,-0.9512674,0.30777922,0.99356604,0.052366346,0.10042006
1356448024820,-0.11318761,0.3125672,0.94312793,0.022390276,-0.9481846,0.31693017,0.99332136,0.05698946,0.10032421
1356448024860,-0.10992837,0.29950848,0.94773966,0.03814894,-0.9515444,0.3051358,0.99320716,0.069698334,0.0931758
1356448024901,-0.10150093,0.26144063,0.9598679,0.064158216,-0.96112216,0.26856664,0.99276453,0.08884316,0.08078116
1356448024940,-0.08622998,0.19437553,0.97712976,0.09683399,-0.97450393,0.20239863,0.99155813,0.11207221,0.0652093
1356448024980,-0.06289196,0.096568674,0.9933374,0.13200097,-0.98575884,0.104189396,0.98925245,0.13767417,0.049249083
1356448025021,-0.033955097,-0.025315575,0.99910265,0.16547018,-0.98602474,-0.01936061,0.9856301,0.16466433,0.03766954
1356448025060,-0.008912623,-0.15063336,0.98854953,0.19552842,-0.9697681,-0.14600863,0.9806575,0.19198819,0.03809628
1356448025100,-0.0044289827,-0.24852763,0.9686147,0.22516821,-0.94399714,-0.24118167,0.9743098,0.21703306,0.060141474
1356448025140,-0.03874451,-0.2923816,0.9555165,0.2565811,-0.9270844,-0.27327767,0.96574587,0.23457947,0.110939026
1356448025181,-0.12169719,-0.26950064,0.95527965,0.27899954,-0.9329176,-0.22764897,0.9525487,0.23881835,0.18872401
1356448025221,-0.2344284,-0.19707882,0.9519471,0.27241385,-0.9533196,-0.13027778,0.93318486,0.22878274,0.27717227
1356448025260,-0.33090425,-0.12656677,0.93513805,0.24321401,-0.9689246,-0.045076884,0.9117835,0.21252254,0.35140416
1356448025300,-0.38487357,-0.09627689,0.9179342,0.22192591,-0.97502005,-0.009214684,0.8958913,0.20016688,0.3966257
1356448025340,-0.39553523,-0.11388172,0.9113632,0.22552322,-0.9739464,-0.023824006,0.89033204,0.19611032,0.41091317
1356448025380,-0.3677621,-0.17335305,0.91361904,0.24950242,-0.9648416,-0.08263916,0.89582336,0.19755861,0.39808416
1356448025420,-0.30819595,-0.2615107,0.9146734,0.27702555,-0.94447756,-0.17668913,0.91009456,0.19893302,0.3635293
1356448025460,-0.23098409,-0.35693955,0.90511906,0.28965652,-0.91332203,-0.28625485,0.9288409,0.1960533,0.3143528
1356448025501,-0.15433377,-0.43987253,0.88469946,0.27978328,-0.87823325,-0.38785,0.9475771,0.1876658,0.25861004
1356448025540,-0.09208441,-0.5003777,0.8608964,0.25302714,-0.8479498,-0.4657881,0.9630669,0.17493835,0.20469204
1356448025581,-0.048096597,-0.5391819,0.8408148,0.21837209,-0.82710147,-0.51789665,0.9746796,0.15870145,0.15752298
1356448025630,-0.02131319,-0.55925727,0.8287201,0.1830342,-0.8170815,-0.5466957,0.98287547,0.14003229,0.11977786
1356448025662,-0.008249819,-0.5640314,0.8257121,0.15128167,-0.81693983,-0.55652773,0.98845625,0.12032384,0.09206727
1356448025702,-0.005331576,-0.55571216,0.8313576,0.12591408,-0.8251256,-0.55073893,0.9920268,0.10174328,0.07437125
1356448025742,-0.010263979,-0.534949,0.84482205,0.10832839,-0.84048903,-0.53088915,0.9940622,0.08606917,0.06657687
1356448025782,-0.022158265,-0.5013731,0.8649474,0.0976267,-0.8621101,-0.49722743,0.99497634,0.07342422,0.068050325
1356448025822,-0.039011896,-0.4564834,0.88887626,0.090889364,-0.88748705,-0.45178092,0.9950966,0.06316461,0.07611197
1356448025862,-0.05555457,-0.40756968,0.91148263,0.08570632,-0.9114696,-0.40234005,0.99477035,0.05576797,0.08556765
1356448025902,-0.06515825,-0.36660773,0.92809117,0.08265245,-0.92885447,-0.36110651,0.99444604,0.053179964,0.09082356
1356448025942,-0.064266086,-0.3435672,0.9369266,0.084070146,-0.9373937,-0.33797193,0.99438524,0.05704741,0.08912644
1356448025982,-0.05284679,-0.3431368,0.9377976,0.09116103,-0.9368464,-0.3376516,0.994433,0.06764679,0.08079001
1356448026022,-0.033056855,-0.365022,0.9304118,0.1024088,-0.9272579,-0.36014614,0.99419296,0.08337706,0.068033695
1356448026061,-0.0068755746,-0.40591136,0.91388655,0.115290254,-0.90813553,-0.40248963,0.99330807,0.10259488,0.053041637
1356448026102,0.023490787,-0.45973992,0.88774276,0.12772398,-0.8793308,-0.45876333,0.9915315,0.12416276,0.038063705
1356448026141,0.05516106,-0.51813924,0.8535156,0.13958809,-0.8424207,-0.5204252,0.988672,0.14784783,0.025857296
1356448026180,0.08349347,-0.57182723,0.8161142,0.15325232,-0.8018627,-0.5775203,0.9846535,0.17329055,0.020683646
1356448026221,0.10111016,-0.61108637,0.7850797,0.174757,-0.76594466,-0.6186991,0.97940624,0.1997549,0.02934694
1356448026260,0.09728438,-0.6278792,0.77220684,0.2097251,-0.7455319,-0.6326116,0.97290856,0.22349435,0.059153493
1356448026300,0.05622536,-0.6121703,0.78872436,0.25840795,-0.7541342,-0.60374403,0.9643982,0.23775837,0.11578828
1356448026340,-0.0333063,-0.5538396,0.83195704,0.3047945,-0.7983944,-0.5192947,0.9518357,0.23628013,0.19539869
1356448026380,-0.15780997,-0.4546175,0.8765951,0.3207113,-0.86319125,-0.38992962,0.9339381,0.21959916,0.28202116
1356448026439,-0.2712909,-0.34742147,0.8976077,0.30038142,-0.9165641,-0.26397198,0.91442454,0.1980115,0.35301447
1356448026461,-0.33974427,-0.26948225,0.90108436,0.2712443,-0.94543874,-0.18047728,0.90055555,0.18309788,0.394303
1356448026501,-0.3616922,-0.22989789,0.9035075,0.25435424,-0.95668787,-0.14160654,0.8969296,0.17859298,0.40450194
1356448026538,-0.34849793,-0.21939766,0.9112705,0.24995846,-0.9587652,-0.13524069,0.90336597,0.18064864,0.388968
1356448026581,-0.31013125,-0.22793782,0.9229642,0.2502064,-0.956176,-0.15206641,0.9171779,0.18377101,0.35357156
1356448026630,-0.25817442,-0.24366464,0.93486553,0.24625356,-0.95230544,-0.1802043,0.9341869,0.18368983,0.30586419
1356448026662,-0.20376664,-0.2573539,0.9445889,0.23395851,-0.94967717,-0.20827071,0.9506538,0.17855598,0.25372267
1356448026702,-0.15469301,-0.26402366,0.95203024,0.21365917,-0.94976616,-0.22867882,0.96458274,0.16803497,0.20333326
1356448026742,-0.116107464,-0.26011527,0.9585714,0.1880747,-0.95339644,-0.23593037,0.9752676,0.15288974,0.15961754
1356448026782,-0.08964884,-0.24490951,0.96539235,0.15987866,-0.9602639,-0.22876173,0.9830574,0.1338374,0.12524241
1356448026822,-0.07534397,-0.21783955,0.9730721,0.13093652,-0.9695577,-0.20691451,0.98852366,0.11182091,0.10157341
1356448026862,-0.07174051,-0.17894737,0.98123956,0.103012994,-0.97984296,-0.17116119,0.9920895,0.08880125,0.08872828
1356448026902,-0.07662523,-0.12912945,0.9886628,0.07747491,-0.9893511,-0.12321475,0.9940453,0.0671552,0.08581361
1356448026942,-0.087697804,-0.06946007,0.9937225,0.054572154,-0.9964028,-0.06483133,0.99465114,0.048544005,0.09117305
1356448026982,-0.10264516,-0.0023683058,0.99471515,0.033135556,-0.99945027,0.001039695,0.99416596,0.03306716,0.10266727
1356448027022,-0.11771977,0.06608843,0.9908453,0.012892084,-0.9975972,0.06807045,0.9929632,0.020787297,0.1165849
1356448027062,-0.12845826,0.12716785,0.98352784,-0.00306011,-0.9917906,0.12783653,0.99171025,0.013411947,0.12779278
1356448027100,-0.13227922,0.17436257,0.975756,-0.0095974505,-0.98458564,0.1746393,0.99116594,0.013736382,0.13191372
1356448027141,-0.12979156,0.20503338,0.97011095,-0.002957508,-0.9784625,0.20640281,0.9915368,0.023920238,0.1276027
1356448027181,-0.12279862,0.21911582,0.9679404,0.016728915,-0.97472644,0.22277433,0.99229056,0.04354898,0.11602956
1356448027221,-0.112114966,0.21620461,0.9698896,0.046378344,-0.9738411,0.22244662,0.9926123,0.069921486,0.09915501
1356448027261,-0.09791356,0.19611128,0.9756809,0.081403926,-0.9755282,0.20424981,0.99186,0.099423096,0.079553336
1356448027300,-0.081713796,0.16127025,0.98352164,0.117098615,-0.9784334,0.1701648,0.98975295,0.12907383,0.061066985
1356448027341,-0.06875372,0.11959918,0.9904387,0.14995681,-0.9802695,0.12878083,0.98629904,0.1573772,0.049462527
1356448027380,-0.06853068,0.0847964,0.9940388,0.1778236,-0.9793875,0.09580602,0.98167324,0.18332921,0.052039295
1356448027420,-0.09501618,0.077386096,0.9924632,0.19715716,-0.9757621,0.09495923,0.9757566,0.20469391,0.07745603
1356448027460,-0.15806168,0.11285583,0.9809587,0.19810206,-0.9696243,0.14347199,0.9673531,0.21700737,0.13090354
1356448027501,-0.2501095,0.18871088,0.9496491,0.16654433,-0.95781773,0.23419698,0.95378625,0.21673356,0.20813057
1356448027540,-0.33955932,0.27444768,0.8996544,0.10679658,-0.9390491,0.32677397,0.934502,0.20703915,0.2895528
1356448027580,-0.40060276,0.34059203,0.8505966,0.046601996,-0.9195682,0.39015728,0.91506594,0.19593757,0.3525092
1356448027630,-0.4274454,0.37664086,0.8218468,0.0111566335,-0.9068142,0.42138284,0.9039723,0.1892872,0.38341153
1356448027662,-0.42461073,0.3839443,0.8199344,0.0068555474,-0.9042392,0.42697126,0.90535,0.18691766,0.38131753
1356448027702,-0.39705724,0.3656954,0.8417912,0.027736545,-0.91198975,0.40927422,0.9173747,0.18585366,0.351969
1356448027742,-0.35043633,0.32747954,0.8774688,0.061361343,-0.926839,0.37041092,0.93457437,0.18364811,0.30470347
1356448027782,-0.29182225,0.27718425,0.91542804,0.09479544,-0.94399375,0.31605285,0.9517633,0.17900969,0.24920273
1356448027822,-0.22968602,0.22504316,0.94688946,0.11849345,-0.95919687,0.25671104,0.9660246,0.17116317,0.19364804
1356448027862,-0.171669,0.18070509,0.96843964,0.12868567,-0.9704971,0.20390026,0.9767137,0.15962766,0.14335018
1356448027902,-0.123082876,0.1512837,0.9807976,0.12664776,-0.9778368,0.16672036,0.98428196,0.14473623,0.10119516
1356448027942,-0.08660823,0.14069328,0.9862578,0.116571836,-0.98174596,0.15028639,0.98939884,0.12798591,0.068626344
1356448027982,-0.0627296,0.14955385,0.9867616,0.102916345,-0.98246866,0.15544572,0.99270993,0.11130497,0.046238393
1356448028021,-0.050956845,0.17666526,0.98295105,0.08856137,-0.979553,0.1806456,0.9947665,0.0962566,0.034269214
1356448028061,-0.050379872,0.21925038,0.974367,0.07418246,-0.97208947,0.2225735,0.9959713,0.08349417,0.03270927
1356448028100,-0.05904329,0.27224272,0.96041536,0.058441475,-0.95950097,0.27557632,0.99654317,0.07239903,0.04074189
1356448028140,-0.073731005,0.32836208,0.94166976,0.039770007,-0.9425206,0.33177269,0.9964848,0.06191215,0.05643409
1356448028180,-0.08980203,0.37919533,0.9209487,0.019905493,-0.92381674,0.38231725,0.99576074,0.0526648,0.07541248
1356448028220,-0.10333377,0.418162,0.9024759,0.0042185485,-0.9071407,0.42080644,0.9946378,0.047290653,0.09197423
1356448028260,-0.11271703,0.44243306,0.88968974,-0.0021561086,-0.89550275,0.44505066,0.99362475,0.048246533,0.10189241
1356448028300,-0.11802095,0.45151722,0.8844226,0.002706647,-0.89049774,0.45497984,0.9930075,0.056090936,0.10387516
1356448028341,-0.11962509,0.44510713,0.8874511,0.017758876,-0.8927676,0.45016748,0.99266034,0.069611445,0.09889275
1356448028381,-0.11792129,0.422579,0.8986221,0.04033552,-0.9021507,0.42953134,0.9922034,0.0868973,0.089337826
1356448028420,-0.11374819,0.38408858,0.9162627,0.06810364,-0.91706467,0.39287943,0.9911726,0.107090145,0.07815662
1356448028460,-0.10951728,0.33101898,0.9372472,0.09863311,-0.93464607,0.3416256,0.98907906,0.12985754,0.06971058
1356448028501,-0.1107862,0.27091852,0.95620584,0.12923807,-0.9500318,0.2841428,0.98540545,0.15505728,0.07023737
1356448028540,-0.12667441,0.22042488,0.96714354,0.15631045,-0.95838064,0.23890091,0.9795513,0.18143727,0.08694753
1356448028581,-0.17179,0.21243903,0.96195525,0.1708394,-0.95525235,0.241468,0.9702073,0.20582165,0.12780991
1356448028628,-0.25218654,0.27402443,0.9280693,0.15305553,-0.9356999,0.31786758,0.9554978,0.22220804,0.1940299
1356448028662,-0.34738845,0.39501646,0.85046065,0.08237165,-0.89058334,0.44729882,0.93409646,0.22544026,0.2768402
1356448028702,-0.41652912,0.51137924,0.7516614,-0.01951389,-0.8316375,0.554976,0.908913,0.21649578,0.35638016
