1356447208446,-0.484325,0.1991359,0.8519238,0.8338345,-0.18972063,0.51838803,0.26485717,0.96143174,-0.07415992
1356447208484,0.58793795,-0.100081146,0.8026909,0.7643148,-0.2561844,-0.59177065,0.264862,0.96143293,-0.074127026
1356447208529,0.58748287,-0.100152165,0.80301523,0.7646564,-0.25610924,-0.59136164,0.26488578,0.96144557,-0.07387778
1356447208585,0.58639085,-0.10027146,0.8037981,0.765486,-0.2559255,-0.5903672,0.26490936,0.96148217,-0.07331601
1356447208605,0.58483815,-0.10028568,0.8049268,0.76668537,-0.25569308,-0.5889097,0.26487345,0.9615424,-0.07265151
1356447208642,0.58351094,-0.099812865,0.8059481,0.76772046,-0.25579917,-0.5875133,0.26480228,0.96156335,-0.07263321
1356447208680,0.58327174,-0.09849474,0.8062834,0.7678833,-0.25680092,-0.5868633,0.26485723,0.96143234,-0.07415225
1356447208721,0.58467543,-0.09599829,0.8055675,0.7667237,-0.25911644,-0.58736145,0.2651215,0.9610635,-0.07789486
1356447208762,0.58950263,-0.09186572,0.80252564,0.76290137,-0.2631811,-0.5905229,0.26545838,0.9603627,-0.08506147
1356447208807,0.59821784,-0.08529943,0.7967807,0.7560471,-0.26944917,-0.5964813,0.2655714,0.95922947,-0.09669893
1356447208843,0.6074703,-0.07587764,0.79071015,0.7486129,-0.27818534,-0.60182375,0.26562887,0.9575258,-0.11218637
1356447208887,0.6166303,-0.06363931,0.78467643,0.7407044,-0.2907531,-0.6056562,0.26669064,0.9546793,-0.13214925
1356447208924,0.6165847,-0.04764101,0.78584576,0.7394903,-0.30745608,-0.5988528,0.27014303,0.9503688,-0.15434262
1356447208968,0.60350025,-0.027039528,0.7969042,0.7475475,-0.32853127,-0.57726943,0.27741703,0.944106,-0.1780554
1356447209005,0.5696453,0.0017808974,0.82188874,0.77023077,-0.350096,-0.5330829,0.28679055,0.9367122,-0.20080222
1356447209047,0.5250328,0.037555516,0.850253,0.7970456,-0.37200016,-0.47574598,0.29842734,0.92747265,-0.22524573
1356447209085,0.46273464,0.08558607,0.88235575,0.8305628,-0.3898083,-0.39776248,0.30990666,0.91691035,-0.2514624
1356447209124,0.4034949,0.14038357,0.90414834,0.8570492,-0.4040165,-0.31974584,0.32040378,0.90391546,-0.2833342
1356447209165,0.35180804,0.20222023,0.9139683,0.87653065,-0.41383532,-0.24583414,0.3285197,0.8876077,-0.32284287
1356447209204,0.31755453,0.26717448,0.90982246,0.8879608,-0.42042452,-0.18646416,0.33269322,0.86709917,-0.37074816
1356447209244,0.306098,0.33102098,0.89259684,0.89233494,-0.4264725,-0.14785013,0.33172652,0.84175193,-0.42592397
1356447209285,0.3150575,0.39000046,0.865239,0.89129984,-0.4348065,-0.12856096,0.32607272,0.8116914,-0.48459637
1356447209347,0.33563426,0.44136053,0.83219624,0.8867343,-0.44616124,-0.121005625,0.31788662,0.7785506,-0.5411165
1356447209364,0.35174766,0.48490834,0.8007106,0.8834667,-0.45473215,-0.1127173,0.30945128,0.7470492,-0.58835137
1356447209406,0.3447472,0.52299374,0.7795043,0.8886873,-0.4492696,-0.09160602,0.3022982,0.7243165,-0.61966234
1356447209445,0.30082482,0.5586779,0.7729058,0.9058534,-0.42081827,-0.048390567,0.29821813,0.7146964,-0.6326729
1356447209486,0.20356274,0.5908029,0.7807138,0.93216,-0.36080265,0.029985666,0.29939923,0.72164625,-0.6241689
1356447209525,0.06685212,0.612924,0.78730875,0.95035577,-0.2794524,0.13685837,0.3038991,0.7390741,-0.6011778
1356447209568,-0.11246762,0.61413836,0.7811434,0.9443233,-0.17856285,0.2763489,0.3091997,0.76873225,-0.5598626
1356447209605,-0.28839555,0.59122455,0.75318086,0.9056741,-0.08687338,0.4149788,0.31077707,0.8018145,-0.51040286
1356447209645,-0.44897962,0.5455617,0.70765793,0.8396611,-0.0132549405,0.54294896,0.3055921,0.83796585,-0.45213574
1356447209684,-0.57504356,0.4873025,0.6571614,0.76355445,0.031224668,0.644988,0.29378462,0.87267476,-0.3900376
1356447209725,-0.664469,0.42697734,0.61332804,0.6940704,0.04835415,0.7182814,0.2770329,0.9029685,-0.32848215
1356447209765,-0.72176874,0.37167448,0.5838733,0.6423064,0.045399785,0.7651022,0.25786126,0.92725235,-0.271497
1356447209804,-0.75385255,0.3244441,0.57135135,0.61209357,0.030674398,0.7901902,0.23884667,0.9454074,-0.22171414
1356447209848,-0.76700705,0.2853794,0.5746814,0.60202396,0.010245979,0.7984122,0.22196223,0.95835984,-0.1796639
1356447209884,-0.7608884,0.25483948,0.59674585,0.614296,-0.013340175,0.78896284,0.20901957,0.9668913,-0.14639652
1356447209926,-0.7390717,0.23247454,0.63224095,0.64307845,-0.035942435,0.76495636,0.20055717,0.97193813,-0.122935295
1356447209965,-0.69714063,0.21641964,0.68348914,0.68981254,-0.057257473,0.7217203,0.1953293,0.9746199,-0.1093725
1356447210007,-0.6361953,0.20622534,0.7434559,0.74721736,-0.07529646,0.6603004,0.19215026,0.9756031,-0.10619193
1356447210045,-0.5563295,0.1963951,0.8074196,0.8090319,-0.09373975,0.5802415,0.18964392,0.97603375,-0.10673976
1356447210084,-0.47329003,0.18468064,0.86133015,0.86065084,-0.11153197,0.4968307,0.18782082,0.9764495,-0.106158555
1356447210126,-0.39702654,0.16999826,0.90192604,0.8984045,-0.12900978,0.41979262,0.18772128,0.97696316,-0.10150689
1356447210167,-0.3377983,0.15449435,0.9284524,0.92184454,-0.14480811,0.35949022,0.18998668,0.97732395,-0.09350383
1356447210204,-0.3023103,0.14101094,0.94272184,0.9331481,-0.15805662,0.32288203,0.19453335,0.9773096,-0.083801925
1356447210245,-0.29386932,0.13173965,0.9467235,0.93452764,-0.16841573,0.3135192,0.200746,0.9768729,-0.07362211
1356447210288,-0.3101532,0.12758413,0.94208664,0.9274367,-0.17721003,0.32932922,0.2089644,0.9758682,-0.06336391
1356447210347,-0.34698874,0.13064611,0.9287251,0.9120376,-0.18380499,0.36661026,0.21860051,0.97424185,-0.055375874
1356447210366,-0.38337147,0.14328253,0.91241246,0.8941122,-0.19003457,0.4055246,0.23149449,0.9712657,-0.055256903
1356447210405,-0.4191587,0.1699351,0.8918677,0.8738682,-0.19096726,0.4470859,0.24629313,0.9667748,-0.06845528
1356447210447,-0.42992347,0.21877748,0.87595797,0.864031,-0.18178618,0.4694723,0.26194704,0.95869195,-0.11087638
1356447210485,-0.43206638,0.28548223,0.85546386,0.8594361,-0.15711159,0.4865033,0.27329135,0.9454183,-0.17747116
1356447210524,-0.4201228,0.3639451,0.8312886,0.8645245,-0.11794239,0.48855597,0.2758517,0.92392296,-0.26508915
1356447210565,-0.41581511,0.43555623,0.7983662,0.86779326,-0.07261562,0.49159116,0.27208948,0.8972278,-0.34777808
1356447210605,-0.43293184,0.48358184,0.76073563,0.860197,-0.030681074,0.50903815,0.2695018,0.8747613,-0.4026928
1356447210645,-0.47242957,0.50276196,0.7239065,0.8381225,0.002145946,0.5454778,0.27269205,0.86442214,-0.42238998
1356447210684,-0.52415997,0.49760702,0.6911177,0.80438316,0.022761285,0.5936749,0.27968597,0.86710393,-0.41219723
1356447210728,-0.5801516,0.47229403,0.6635982,0.76252407,0.028532684,0.6463305,0.2863237,0.8809792,-0.37668884
1356447210765,-0.6262939,0.43928623,0.64403695,0.7240671,0.0215922,0.6893915,0.28893405,0.8980876,-0.33159572
1356447210806,-0.6651344,0.39923012,0.6310401,0.6902263,0.00624609,0.72356665,0.28492808,0.91682947,-0.27971357
1356447210845,-0.6895284,0.35966146,0.62864465,0.66980886,-0.013513088,0.74241054,0.27551144,0.93298495,-0.23158675
1356447210884,-0.7045662,0.3205766,0.6331012,0.6601607,-0.031195402,0.7504763,0.26033497,0.94670874,-0.18965286
1356447210926,-0.70939624,0.28294474,0.6455225,0.6623773,-0.045350015,0.74779654,0.24085955,0.9580635,-0.155245
1356447210964,-0.7035001,0.24864304,0.66578096,0.6758464,-0.055694044,0.7349353,0.21981655,0.96699274,-0.12886381
1356447211004,-0.68656206,0.21959499,0.69311655,0.69919074,-0.062049568,0.7122375,0.19941136,0.9736159,-0.11093789
1356447211044,-0.65670514,0.19714051,0.72792447,0.7321578,-0.064723134,0.678053,0.1807853,0.97823644,-0.10183394
1356447211085,-0.6124974,0.1812016,0.7694238,0.7732066,-0.06499404,0.6308149,0.16431266,0.98129594,-0.10029757
1356447211125,-0.5543499,0.1698552,0.8147671,0.81836593,-0.067038715,0.5707741,0.15156987,0.9831861,-0.101840794
1356447211166,-0.4867764,0.16045225,0.858664,0.86135733,-0.07534051,0.5023816,0.14530045,0.98416406,-0.10153276
1356447211205,-0.41551107,0.15076384,0.89700663,0.89770544,-0.09091216,0.43111473,0.14654532,0.98438066,-0.097566485
1356447211247,-0.35171527,0.13973394,0.9256191,0.9228697,-0.11394018,0.36787125,0.15686929,0.9836117,-0.08888173
1356447211285,-0.30144238,0.12739757,0.9449351,0.93789923,-0.13883352,0.31791565,0.17169034,0.98208714,-0.077635765
1356447211347,-0.26975024,0.11380792,0.95618117,0.94393146,-0.1650263,0.28593644,0.19033691,0.9797009,-0.062910914
1356447211365,-0.25600582,0.10114479,0.9613693,0.9437388,-0.18920451,0.27121702,0.20932761,0.9767146,-0.04701686
1356447211404,-0.2539726,0.09224051,0.962803,0.9400459,-0.21072483,0.26815793,0.22762156,0.97318375,-0.03319198
1356447211447,-0.25599986,0.09320906,0.9621726,0.9351883,-0.22809446,0.27091664,0.2447181,0.9691672,-0.02877587
1356447211485,-0.25295806,0.11295229,0.9608611,0.93188316,-0.23846835,0.27336192,0.26001176,0.9645593,-0.044935882
1356447211524,-0.23899412,0.15857708,0.9579849,0.93228257,-0.23841095,0.27204672,0.27153447,0.95813024,-0.09085977
1356447211564,-0.21386558,0.22879902,0.9496908,0.9367236,-0.22778678,0.26582366,0.27714717,0.94644827,-0.16560572
1356447211613,-0.18626273,0.30796626,0.93298614,0.94225204,-0.21301818,0.25842705,0.27832976,0.92724335,-0.2505045
1356447211642,-0.17057854,0.3705035,0.9130335,0.94464594,-0.20206684,0.2584821,0.28026235,0.90658486,-0.31552637
1356447211678,-0.17048806,0.40392593,0.8987646,0.94316757,-0.1971544,0.26751676,0.28525236,0.893294,-0.34735733
1356447211720,-0.18267131,0.407533,0.89473355,0.9386969,-0.19832885,0.2819818,0.29236844,0.89139354,-0.34632087
1356447211763,-0.19993383,0.38633558,0.90042835,0.9330276,-0.20550174,0.29534438,0.2991417,0.899174,-0.31937504
1356447211814,-0.21696502,0.34372675,0.9136619,0.9281982,-0.21718502,0.30212367,0.30228168,0.9136096,-0.27192503
1356447211853,-0.21705037,0.29620016,0.9301369,0.9289025,-0.23021281,0.29007304,0.30004907,0.9269669,-0.2251733
1356447211895,-0.2070911,0.24923769,0.9460411,0.9341037,-0.23706001,0.26693222,0.29079816,0.93897974,-0.18372077
1356447211935,-0.18429035,0.20552155,0.9611441,0.9433789,-0.23742932,0.23165357,0.2758136,0.9494146,-0.15012884
1356447211977,-0.15114868,0.16705674,0.97429264,0.9550192,-0.22970682,0.18754518,0.25513232,0.95881534,-0.12482256
1356447212015,-0.10394597,0.1350655,0.9853692,0.96680266,-0.21880168,0.13197881,0.23342621,0.96637625,-0.107838124
1356447212057,-0.04826629,0.11396,0.9923122,0.9763553,-0.20419991,0.07094106,0.21071449,0.97227335,-0.101409465
1356447212096,0.018629074,0.10110924,0.9947009,0.9816867,-0.19049996,9.785295E-4,0.18958938,0.9764665,-0.10280651
1356447212134,0.08770314,0.09496468,0.9916097,0.98132986,-0.17928794,-0.06962383,0.17117187,0.9792025,-0.108915776
1356447212176,0.15493938,0.08866298,0.9839374,0.97507226,-0.17385009,-0.13787764,0.15883294,0.9807727,-0.113389045
1356447212214,0.2142224,0.07786113,0.97367674,0.96438974,-0.17515728,-0.19817248,0.15511662,0.9814569,-0.112611115
1356447212254,0.2612158,0.06201759,0.96328604,0.9518944,-0.18216693,-0.2463986,0.16019782,0.9813099,-0.10661909
1356447212294,0.29284066,0.042936713,0.95519674,0.94058025,-0.1925469,-0.27970448,0.17191052,0.980348,-0.096771
1356447212346,0.3057515,0.02302605,0.9518329,0.9334534,-0.20419121,-0.29490787,0.18756536,0.97866017,-0.083925456
1356447212364,0.29835925,0.00766322,0.9544229,0.9326911,-0.21465942,-0.2898422,0.20265478,0.9766589,-0.07119304
1356447212404,0.27687502,-0.005228132,0.9608917,0.9354998,-0.22696066,-0.27079338,0.2195004,0.9738899,-0.057948798
1356447212445,0.23059043,-0.006310761,0.9730305,0.94352007,-0.24303702,-0.22517332,0.23790342,0.9699966,-0.05008769
1356447212485,0.16958416,0.013585538,0.98542213,0.951043,-0.26440495,-0.16002253,0.25837648,0.9643161,-0.057759374
1356447212524,0.10593897,0.061187804,0.99248827,0.9542262,-0.28700036,-0.08416101,0.2796949,0.9559742,-0.08879158
1356447212565,0.06432778,0.1404098,0.9880015,0.95197225,-0.30562186,-0.018548489,0.29935044,0.94174325,-0.15332621
1356447212605,0.033485293,0.23281014,0.9719456,0.9489137,-0.3127001,0.042209208,0.31375414,0.92087907,-0.23138759
1356447212647,0.012250096,0.31786105,0.9480581,0.94621074,-0.3102561,0.091795176,0.32331893,0.8959384,-0.30456424
1356447212685,-0.026719809,0.38010377,0.9245578,0.94328445,-0.29657537,0.14918897,0.33090842,0.87610734,-0.35062152
1356447212724,-0.089859664,0.4132302,0.90618205,0.9368726,-0.27364463,0.21768838,0.33792734,0.86853856,-0.36255443
1356447212765,-0.17858052,0.42142245,0.8891075,0.92246926,-0.24264377,0.30029055,0.34228557,0.8738004,-0.3454178
1356447212803,-0.28037828,0.41078448,0.8675506,0.8969879,-0.20966685,0.38916895,0.3417612,0.8872969,-0.30968267
1356447212845,-0.38267767,0.38590744,0.83942425,0.8609997,-0.18050516,0.47549695,0.33501825,0.9047062,-0.26319087
1356447212883,-0.47238362,0.35354146,0.8073798,0.82021785,-0.15898806,0.54951376,0.32263964,0.92180866,-0.21487767
1356447212924,-0.5447824,0.3180672,0.77591574,0.78106725,-0.14429057,0.60754764,0.30519828,0.93702376,-0.16982496
1356447212964,-0.5970977,0.28385335,0.75026774,0.7498446,-0.134758,0.64774483,0.28496912,0.94935113,-0.13238221
1356447213005,-0.630765,0.25381166,0.73329055,0.729789,-0.12711531,0.67175114,0.26371074,0.95886457,-0.105049014
1356447213046,-0.6458372,0.23018545,0.7279485,0.723462,-0.12010729,0.67983603,0.24392027,0.96570647,-0.08896065
1356447213087,-0.6433557,0.21509495,0.7347295,0.73141813,-0.11074412,0.6728769,0.22609937,0.9702937,-0.0860765
1356447213125,-0.6243015,0.20654657,0.75338316,0.752074,-0.10190058,0.65115356,0.21126369,0.97311604,-0.091721594
1356447213163,-0.5939813,0.20342669,0.778334,0.77929306,-0.09469688,0.6194633,0.19972119,0.97449994,-0.102280796
1356447213205,-0.5597347,0.2014974,0.80380094,0.8058131,-0.09390724,0.58467656,0.19329351,0.9749771,-0.10980618
1356447213244,-0.5329927,0.19821587,0.82257485,0.82371795,-0.10066885,0.55799156,0.19341043,0.97497505,-0.10961825
1356447213284,-0.5237229,0.19413456,0.8294734,0.8280369,-0.112784505,0.54921263,0.2001729,0.97446984,-0.10168278
1356447213346,-0.53919315,0.19154498,0.8201105,0.8152119,-0.12575793,0.5653446,0.21142429,0.9733938,-0.08834195
1356447213363,-0.5807368,0.19223964,0.7910681,0.782472,-0.13637775,0.6075678,0.22468272,0.9718256,-0.07122254
1356447213404,-0.64138275,0.19726613,0.7414272,0.7291882,-0.14375585,0.66904324,0.23856407,0.9697527,-0.051641583
1356447213448,-0.70665884,0.20812282,0.6762531,0.66058767,-0.14835161,0.7359455,0.25349027,0.9667868,-0.032649457
1356447213485,-0.7657127,0.22735876,0.60165787,0.5842054,-0.14545214,0.7984659,0.2690506,0.9628872,-0.021449745
1356447213526,-0.80310416,0.25784993,0.53715646,0.52261764,-0.12814742,0.84288144,0.28617215,0.957649,-0.03184122
1356447213565,-0.83012766,0.2971764,0.47177777,0.4688196,-0.08600396,0.87909704,0.30182162,0.9509414,-0.06792784
1356447213603,-0.845653,0.3405137,0.41100052,0.43245214,-0.014187634,0.9015453,0.31281963,0.9401325,-0.13525808
1356447213645,-0.85927624,0.3776537,0.34499574,0.4001461,0.076147735,0.91328233,0.3186338,0.9228105,-0.21654856
1356447213684,-0.8758285,0.39866698,0.27200943,0.35864562,0.16048193,0.9195754,0.32295173,0.90294534,-0.28353477
1356447213724,-0.8935544,0.4028119,0.1982501,0.30551913,0.22201413,0.9259415,0.32896596,0.88794833,-0.32144845
1356447213763,-0.9098201,0.394742,0.12808654,0.24318439,0.25701165,0.93531084,0.33628675,0.8821132,-0.32982945
1356447213805,-0.92282224,0.3798201,0.06431021,0.1763035,0.26798224,0.94715494,0.34251451,0.8853938,-0.31426358
1356447213844,-0.93211126,0.362091,0.007656753,0.110214934,0.26345503,0.9583549,0.3449945,0.8941373,-0.28547728
1356447213887,-0.9389486,0.34147412,-0.042083412,0.046228573,0.24641854,0.9680604,0.34093767,0.9070134,-0.2471602
1356447213925,-0.9434325,0.32039657,-0.085329555,-0.011409223,0.22583157,0.9740995,0.33136827,0.91997075,-0.20940137
1356447213966,-0.9470411,0.29624414,-0.12390591,-0.0639347,0.20418227,0.9768429,0.31468338,0.93303216,-0.17442876
1356447214005,-0.94942456,0.2713193,-0.15804672,-0.10975159,0.18484086,0.9766209,0.2941896,0.94457376,-0.14571476
1356447214046,-0.9508205,0.24414621,-0.19061212,-0.15163971,0.16968769,0.9737615,0.2700847,0.9547768,-0.12432027
1356447214085,-0.95052224,0.21639852,-0.22288807,-0.19074653,0.15975195,0.96855307,0.24520026,0.9631463,-0.11057055
1356447214124,-0.94770473,0.18754508,-0.2582296,-0.23082985,0.15595627,0.96041405,0.22039343,0.96979606,-0.10450941
1356447214164,-0.9406687,0.1578271,-0.3003879,-0.27629858,0.15763527,0.948056,0.19698066,0.97480345,-0.104675114
1356447214205,-0.9264442,0.12933527,-0.35351586,-0.33184743,0.16272455,0.92919207,0.17770301,0.978158,-0.10783559
1356447214245,-0.9004688,0.10554263,-0.42192018,-0.4018847,0.1689452,0.8999702,0.1662666,0.9799583,-0.10971391
1356447214284,-0.85302156,0.086978525,-0.51457655,-0.4951609,0.17653859,0.85067606,0.16483317,0.98044324,-0.107522905
1356447214347,-0.7488869,0.06520909,-0.65948176,-0.6394348,0.19025296,0.7449342,0.17404482,0.97956705,-0.100780964
1356447214363,-0.15152866,-0.06282085,-0.9864546,-0.9699841,0.2014674,0.13616845,0.1901842,0.9774786,-0.09146327
1356447214404,0.97059447,-0.19861847,0.136004,0.116593026,-0.106407076,-0.98746324,0.21060023,0.97428346,-0.08012059
1356447214444,0.8664141,-0.17394657,0.46804816,0.44241637,-0.16716522,-0.88109225,0.23150437,0.970463,-0.0678775
1356447214483,0.7752991,-0.16726658,0.6090428,0.57898915,-0.19706272,-0.7911624,0.25235468,0.96601665,-0.055937022
1356447214525,0.6869459,-0.15971005,0.70894146,0.6732978,-0.22721156,-0.7035943,0.2734508,0.96066,-0.048549645
1356447214564,0.60612243,-0.14357582,0.7823053,0.73878896,-0.26271462,-0.6206222,0.2946294,0.95413154,-0.05316501
1356447214604,0.55096793,-0.11343375,0.82678115,0.77310264,-0.30367506,-0.55686057,0.31423965,0.945999,-0.07961926
1356447214664,0.5333029,-0.06617311,0.8433322,0.779755,-0.3480738,-0.52041024,0.32797906,0.93512875,-0.13402994
1356447214684,0.5483926,-0.0073689222,0.83618855,0.7674832,-0.3925935,-0.5067937,0.33201674,0.91968256,-0.20963983
1356447214722,0.57086265,0.0472306,0.819686,0.7520858,-0.4305722,-0.4989735,0.32936722,0.9013195,-0.28131908
1356447214759,0.58499515,0.08595556,0.806469,0.74283,-0.45592704,-0.49023882,0.32555228,0.88585675,-0.33056545
1356447214800,0.5841515,0.10530451,0.8047844,0.7443789,-0.4647406,-0.47949582,0.32352293,0.8791627,-0.34986538
1356447214842,0.57073766,0.106672645,0.8141741,0.7551839,-0.45751685,-0.46944183,0.32242173,0.8827793,-0.34167957
1356447214896,0.5416866,0.08876747,0.8358804,0.77760136,-0.43057466,-0.4581938,0.3192362,0.8981792,-0.30226225
1356447214933,0.52562475,0.05913496,0.8486588,0.7908825,-0.4014788,-0.4618653,0.31340614,0.91395724,-0.257796
1356447214974,0.51835227,0.026404321,0.85475945,0.7993065,-0.37028357,-0.47328556,0.3040066,0.92854345,-0.21304248
1356447215014,0.52746356,-0.007504195,0.8495445,0.79808736,-0.33845213,-0.49850458,0.291271,0.9409537,-0.17253216
1356447215054,0.55455863,-0.039599746,0.83120185,0.78521633,-0.30579484,-0.5384466,0.27549964,0.9512735,-0.13848676
1356447215093,0.5980098,-0.067724615,0.79862225,0.75884867,-0.27283204,-0.5913639,0.25793967,0.95967495,-0.11176348
1356447215139,0.6517614,-0.089245975,0.7531549,0.719731,-0.24035685,-0.6513186,0.23915347,0.9665732,-0.09242221
1356447215174,0.71092325,-0.105353564,0.6953335,0.66724527,-0.21133922,-0.71422637,0.22219758,0.9717182,-0.0799493
1356447215217,0.76527655,-0.11287992,0.633727,0.60952175,-0.18946935,-0.7697951,0.20696624,0.97537655,-0.07619369
1356447215256,0.8136541,-0.115800306,0.5696993,0.5478634,-0.17504738,-0.81804895,0.19445468,0.97772634,-0.078985274
1356447215294,0.85059816,-0.11599918,0.51286155,0.4919861,-0.16862875,-0.85411596,0.18555993,0.9788302,-0.08636534
1356447215350,0.8761209,-0.11873585,0.4672407,0.44630718,-0.1666672,-0.87922233,0.18226892,0.978838,-0.09302795
1356447215374,0.8909498,-0.12692684,0.43600234,0.41425526,-0.16612363,-0.8948717,0.18601355,0.97790205,-0.09542769
1356447215414,0.8968317,-0.14054535,0.41945192,0.3962735,-0.16620424,-0.90296376,0.19662204,0.97602415,-0.09336284
1356447215454,0.89535826,-0.15714473,0.41670012,0.39170122,-0.16733459,-0.9047482,0.21190475,0.9732958,-0.088270634
1356447215495,0.8867798,-0.17411055,0.42814383,0.40112168,-0.17028221,-0.90005857,0.22961494,0.9698915,-0.08116332
1356447215534,0.8700121,-0.18809953,0.4557384,0.42646334,-0.1767348,-0.8870703,0.2474024,0.9661176,-0.07354385
1356447215576,0.8419905,-0.19790417,0.50188243,0.46917486,-0.1906248,-0.862286,0.26632124,0.9615072,-0.06765261
1356447215623,0.795804,-0.1972085,0.57254237,0.5324727,-0.22239009,-0.8167101,0.28838986,0.9548044,-0.07197079
1356447215665,0.72624165,-0.17333399,0.6652281,0.61308813,-0.27441734,-0.7408225,0.31095985,0.9458596,-0.09302428
1356447215704,0.66092473,-0.12256682,0.7403755,0.6736944,-0.33775085,-0.65731287,0.33062723,0.9332211,-0.14065528
1356447215744,0.6267953,-0.051615536,0.7774725,0.7004489,-0.39976,-0.59123874,0.34131953,0.9151654,-0.21441364
1356447215785,0.6274746,0.022030473,0.7783253,0.700204,-0.4531864,-0.5516669,0.34057295,0.8911435,-0.29978877
1356447215825,0.62951154,0.08599731,0.7722174,0.7006091,-0.49254096,-0.51628506,0.33594954,0.86603,-0.37031072
1356447215867,0.6021071,0.13965023,0.7861074,0.7237028,-0.5113173,-0.4634748,0.337226,0.8479696,-0.40893304
1356447215905,0.53508556,0.18866488,0.82346153,0.77135503,-0.5066248,-0.38515288,0.34452125,0.841271,-0.41661525
1356447215946,0.41369018,0.23421621,0.8797746,0.8386599,-0.47407427,-0.26814765,0.35427395,0.8487616,-0.3925476
1356447215985,0.25760543,0.27071282,0.9275527,0.89679575,-0.42435765,-0.12521166,0.35971764,0.86408055,-0.35209098
1356447216024,0.07590714,0.29257604,0.95322466,0.9308996,-0.3633555,0.03739643,0.35730076,0.8845179,-0.29994023
1356447216065,-0.09892756,0.29523948,0.9502878,0.93259203,-0.3056069,0.19203264,0.34711012,0.9052282,-0.24510503
1356447216104,-0.24120253,0.2817088,0.9286881,0.912343,-0.26039922,0.31594697,0.3308347,0.92348933,-0.19420618
1356447216144,-0.34150618,0.25795034,0.9037894,0.8873004,-0.2286346,0.40053016,0.3099544,0.9387161,-0.15079933
1356447216184,-0.39600438,0.228556,0.8893496,0.87245417,-0.20839244,0.44203657,0.2863638,0.9509652,-0.1168803
1356447216224,-0.40088272,0.19635132,0.89484036,0.8779361,-0.19675213,0.4364823,0.26176563,0.96059084,-0.093509376
1356447216264,-0.3396018,0.1612401,0.92664564,0.9100853,-0.19245791,0.36702123,0.2375189,0.96796775,-0.08138317
1356447216307,-0.16776145,0.11869237,0.97865635,0.96221244,-0.19626999,0.18874651,0.21448368,0.97333974,-0.08128071
1356447216345,0.15661362,0.05854091,0.9859235,0.9682255,-0.20615497,-0.14156151,0.19496584,0.9767667,-0.08896753
1356447216383,0.51975584,-0.0063442886,0.8542913,0.83516586,-0.20675948,-0.50965536,0.17986622,0.97837126,-0.10216591
1356447216425,0.75002056,-0.054145068,0.6591946,0.6389872,-0.19801497,-0.7432936,0.1707761,0.97870237,-0.11391729
1356447216463,0.84905815,-0.08309245,0.5217239,0.5004896,-0.1896731,-0.8447096,0.169146,0.97832495,-0.11945659
1356447216505,0.8861681,-0.10438432,0.45145327,0.4290741,-0.1829656,-0.8845446,0.17493297,0.97756207,-0.117349684
1356447216543,0.8949564,-0.12283161,0.42891192,0.40539953,-0.1775265,-0.89673615,0.18629076,0.9764204,-0.10908261
1356447216583,0.884898,-0.13902506,0.4445531,0.4199868,-0.1745519,-0.89058554,0.20141134,0.9747839,-0.09607193
1356447216625,0.85270023,-0.15080152,0.5001612,0.4743619,-0.17753148,-0.8622432,0.21882196,0.97249234,-0.07984662
1356447216665,0.7799773,-0.151959,0.60707814,0.5788148,-0.19363916,-0.7921347,0.23792607,0.96923286,-0.063078046
1356447216703,0.6264188,-0.12726122,0.76902795,0.73540115,-0.23059973,-0.63718826,0.25842705,0.96469074,-0.05086396
1356447216746,0.37530938,-0.059489638,0.9249886,0.8831563,-0.28000024,-0.3763441,0.28138557,0.95815504,-0.052548096
1356447216783,0.099110246,0.04579112,0.99402225,0.94742846,-0.30975473,-0.08019522,0.3042309,0.94971323,-0.074083686
1356447216825,0.0014269948,0.13703084,0.9905658,0.9461075,-0.32097995,0.043040097,0.32384956,0.9371203,-0.130104
1356447216873,0.072173476,0.20922595,0.9752003,0.93940467,-0.34278673,0.004019439,0.33512667,0.91581756,-0.221288
1356447216915,0.12617043,0.2776403,0.95236385,0.9318093,-0.36251333,-0.017764747,0.34031233,0.8896629,-0.30444628
1356447216957,0.12510869,0.33696193,0.9331691,0.9303239,-0.36665872,0.007671118,0.34473947,0.86718976,-0.35935596
1356447217006,0.0070121586,0.39624736,0.91811705,0.93636465,-0.32483885,0.13304469,0.3509587,0.8587594,-0.37330985
1356447217048,-0.16643369,0.4365719,0.88414073,0.92039436,-0.25293875,0.29815456,0.35379937,0.863381,-0.35972083
1356447217085,-0.32784843,0.44857478,0.8314421,0.8768476,-0.18309903,0.4445369,0.35164428,0.87478876,-0.33330297
1356447217123,-0.4826635,0.4366961,0.75916564,0.80582434,-0.11809367,0.58025944,0.34304968,0.89182425,-0.29490083
1356447217165,-0.60183245,0.40677616,0.68726337,0.7274202,-0.07598621,0.6819721,0.32963252,0.9103622,-0.25016618
1356447217203,-0.6835291,0.36925086,0.62963617,0.6592753,-0.05791247,0.749668,0.31327936,0.9275235,-0.20385307
1356447217246,-0.7324401,0.33118653,0.5948504,0.61326975,-0.058522403,0.78770256,0.29568854,0.94174874,-0.1602425
1356447217284,-0.751472,0.29607826,0.58959943,0.59801716,-0.071807206,0.79826015,0.27868497,0.9524607,-0.12309879
1356447217356,-0.7403071,0.26405483,0.61823976,0.6185016,-0.09285182,0.7802783,0.26344097,0.96002793,-0.09457952
1356447217357,-0.6868786,0.23106663,0.68906164,0.6821449,-0.12214446,0.72094315,0.25075096,0.9652403,-0.07372254
1356447217388,-0.57461035,0.19463915,0.7949456,0.782255,-0.15495819,0.60337806,0.24062431,0.9685575,-0.063216865
1356447217421,-0.3185029,0.13411802,0.938386,0.91885537,-0.19958282,0.3403991,0.23293942,0.9706591,-0.05966735
1356447217464,0.103263974,0.0432989,0.99371105,0.96821755,-0.23317951,-0.0904544,0.2277965,0.9714692,-0.06600174
1356447217505,0.51543844,-0.05033663,0.85544693,0.8268087,-0.23312137,-0.5119003,0.22519025,0.9711441,-0.078540966
1356447217545,0.7239485,-0.10427013,0.68192834,0.65181065,-0.22034296,-0.72566646,0.22592343,0.9698333,-0.091552585
1356447217584,0.80374765,-0.13188031,0.5801701,0.5484748,-0.21366625,-0.8084072,0.23057574,0.96796405,-0.09940073
1356447217627,0.8244926,-0.14849569,0.54604125,0.5124505,-0.21334663,-0.83179194,0.24001354,0.96562535,-0.09980604
1356447217684,0.8159874,-0.1577727,0.5561226,0.52055115,-0.21780026,-0.8255844,0.2513783,0.9631567,-0.09559351
1356447217702,0.78173774,-0.16018872,0.6026821,0.5649422,-0.22730976,-0.7932027,0.2640577,0.96055704,-0.08719924
1356447217741,0.70632946,-0.14871877,0.6920848,0.65165323,-0.245265,-0.7177695,0.27649003,0.9579811,-0.07632482
1356447217778,0.56300515,-0.1152401,0.8183794,0.77420646,-0.27295363,-0.57105225,0.28918776,0.9551,-0.064454645
1356447217821,0.32057774,-0.047225624,0.9460442,0.8971989,-0.30513632,-0.3192581,0.30374968,0.95113695,-0.055449113
1356447217864,0.034267306,0.04896003,0.9982127,0.94606364,-0.3235548,-0.016607404,0.32216343,0.9449419,-0.057406634
1356447217917,-0.14725262,0.14756429,0.9780294,0.926937,-0.32442582,0.18850917,0.34511518,0.93433005,-0.08901027
1356447217954,-0.2611351,0.24708551,0.9331437,0.8939565,-0.302832,0.3303551,0.36421174,0.9204572,-0.14180362
1356447217996,-0.25999713,0.33102697,0.90709573,0.89059,-0.280829,0.35774928,0.3731634,0.9008642,-0.22179455
1356447218035,-0.24346751,0.40579224,0.8809406,0.8950782,-0.25583148,0.36521968,0.37357563,0.8774297,-0.30092913
1356447218077,-0.24459863,0.46473548,0.85099494,0.8952676,-0.22881532,0.38228178,0.3723806,0.85537386,-0.3600948
1356447218115,-0.2882678,0.505717,0.81311256,0.88078684,-0.19309217,0.43235397,0.3756544,0.84081256,-0.38976657
1356447218154,-0.36718494,0.5252242,0.76766837,0.84711945,-0.15201735,0.50919473,0.38414037,0.8372755,-0.3891092
1356447218197,-0.46628875,0.52260953,0.7137605,0.79264456,-0.11143422,0.5994138,0.39279675,0.8452583,-0.36228305
1356447218234,-0.55704796,0.504254,0.65986776,0.72981477,-0.08194482,0.678716,0.39631796,0.85965866,-0.3223648
1356447218274,-0.63622034,0.47404295,0.6086929,0.6645718,-0.064011276,0.74447757,0.39187756,0.87817186,-0.2743103
1356447218315,-0.6980329,0.4376687,0.5667417,0.6073752,-0.057319105,0.7923445,0.37926954,0.89730746,-0.22581851
1356447218355,-0.74358153,0.3988059,0.536694,0.56407505,-0.056853175,0.82376397,0.35903466,0.9152713,-0.18268156
1356447218390,-0.7721857,0.36125553,0.52270806,0.54012454,-0.060080707,0.8394378,0.33465624,0.9305293,-0.1487295
1356447218436,-0.7887321,0.32577035,0.5213208,0.5323848,-0.06202042,0.84422743,0.30735677,0.94341254,-0.12451774
1356447218476,-0.79088306,0.293884,0.5367832,0.54357517,-0.06557989,0.8367946,0.28112277,0.9535887,-0.10788202
1356447218518,-0.7806322,0.26634392,0.56539744,0.5695381,-0.06937879,0.81903166,0.2573707,0.9613779,-0.0975337
1356447218555,-0.75135964,0.2430765,0.613492,0.6153673,-0.07761747,0.7844097,0.23828927,0.9668967,-0.0912627
1356447218593,-0.7073523,0.22455792,0.6702436,0.67055744,-0.08679384,0.7367629,0.22361895,0.97058773,-0.08918518
1356447218634,-0.6443661,0.20956597,0.7354417,0.73424494,-0.09922993,0.6715934,0.21372095,0.9727464,-0.08993238
1356447218674,-0.5663271,0.19653004,0.80040586,0.79691607,-0.11714834,0.5926222,0.21023428,0.9734743,-0.09027368
1356447218714,-0.48586088,0.18394005,0.85446197,0.84718776,-0.14133495,0.5121498,0.21497017,0.97272325,-0.087162614
1356447218754,-0.41939867,0.17240667,0.8912804,0.87874126,-0.16932905,0.4462528,0.2278566,0.97036266,-0.08048451
1356447218796,-0.37839943,0.1645166,0.9109051,0.8918272,-0.1987611,0.4063721,0.24790749,0.966141,-0.0715093
1356447218835,-0.36962217,0.16334495,0.91471195,0.88892937,-0.2244469,0.39928448,0.27052537,0.9606987,-0.062241614
1356447218875,-0.38742852,0.17000166,0.90608966,0.87352216,-0.24650806,0.4197533,0.29471716,0.95411384,-0.05299598
1356447218925,-0.42973065,0.18780285,0.883211,0.8444573,-0.26275462,0.46674603,0.319724,0.94640905,-0.04567772
1356447218963,-0.49123436,0.21911615,0.8430166,0.80098957,-0.26660264,0.5360399,0.34220544,0.93856865,-0.044545352
1356447219004,-0.5392405,0.25902784,0.80132663,0.76045775,-0.25905603,0.59547794,0.36183384,0.93048084,-0.057286203
1356447219043,-0.5698531,0.3094655,0.761248,0.7302166,-0.234186,0.6418259,0.37689662,0.9216225,-0.092525244
1356447219085,-0.58372617,0.368808,0.7233563,0.7155533,-0.18736917,0.6729608,0.38372797,0.9104249,-0.15452951
1356447219124,-0.59026283,0.4287732,0.6839177,0.7117486,-0.123230696,0.6915405,0.38079363,0.89496803,-0.23244017
1356447219166,-0.59739494,0.47988296,0.6425198,0.7106328,-0.054524124,0.7014472,0.3716454,0.87563664,-0.30844814
1356447219204,-0.6150799,0.5134409,0.5983771,0.6991603,0.004340589,0.7149518,0.36448824,0.85811394,-0.3616473
1356447219246,-0.64343375,0.5265673,0.55562574,0.6738443,0.04521042,0.73748887,0.36321747,0.8489305,-0.38391423
1356447219285,-0.67661965,0.5236169,0.5176978,0.6397011,0.06983191,0.7654449,0.36464813,0.849087,-0.38220793
1356447219361,-0.7130208,0.506366,0.48496887,0.59828544,0.07874477,0.7974044,0.3655897,0.8587158,-0.35909808
1356447219362,-0.74789226,0.4792766,0.45929417,0.5557825,0.073750496,0.82804996,0.36299178,0.8745598,-0.32153094
1356447219402,-0.7773923,0.4474733,0.4420733,0.51892227,0.059030592,0.85278076,0.35550076,0.8923469,-0.2780938
1356447219443,-0.80081165,0.413748,0.4330282,0.49099436,0.039502203,0.87026674,0.3429655,0.90953404,-0.2347818
1356447219483,-0.817601,0.38011777,0.4324801,0.47438353,0.019007504,0.88011307,0.32632625,0.92474276,-0.19586217
1356447219524,-0.82803273,0.34752738,0.43998456,0.469342,3.3670664E-4,0.88301635,0.30672425,0.93766975,-0.16338795
1356447219565,-0.8320505,0.31689894,0.45526597,0.4755019,-0.015156746,0.87958413,0.2856396,0.9483382,-0.13807493
1356447219605,-0.82961315,0.2890758,0.47767895,0.49183,-0.026595712,0.8702849,0.26428252,0.9569367,-0.120112
1356447219644,-0.8186952,0.26585174,0.5089805,0.5193626,-0.035285354,0.8538252,0.24495044,0.96336794,-0.10918558
1356447219687,-0.79965246,0.24822597,0.546754,0.5557457,-0.03885579,0.83044386,0.22738227,0.96792257,-0.10687947
1356447219725,-0.76971376,0.23561253,0.59331894,0.60219187,-0.04053551,0.7973216,0.21190947,0.9710013,-0.11068314
1356447219764,-0.73108137,0.2273758,0.6432886,0.6528649,-0.040773034,0.7563762,0.19821051,0.97295314,-0.118637204
1356447219805,-0.6840184,0.22168636,0.69496334,0.70467526,-0.045443237,0.7080732,0.18855157,0.97405857,-0.12513286
1356447219843,-0.63254994,0.21675831,0.7435701,0.7519392,-0.0582608,0.65665305,0.18565598,0.9744853,-0.12613624
1356447219884,-0.58343405,0.2119157,0.7840257,0.789446,-0.07873553,0.60874915,0.19073421,0.9741111,-0.12135899
1356447219924,-0.5444201,0.20754504,0.812731,0.8140985,-0.10272604,0.571569,0.20211491,0.97281677,-0.11303598
1356447219965,-0.52265406,0.20470387,0.8276045,0.8245562,-0.12532043,0.55172634,0.21665627,0.97076833,-0.10329056
1356447220005,-0.5215643,0.20489883,0.8282434,0.82106924,-0.14340156,0.5525226,0.23198262,0.96822125,-0.093443036
1356447220046,-0.5382921,0.2102237,0.8161174,0.8054292,-0.1566909,0.5716045,0.24804297,0.96501493,-0.084974885
1356447220085,-0.56827205,0.22319278,0.7919924,0.77913177,-0.16357589,0.6051418,0.2646141,0.9609516,-0.08094102
1356447220129,-0.5904892,0.247192,0.76825684,0.7555393,-0.16530806,0.6339034,0.28369492,0.9547614,-0.08915067
1356447220165,-0.6060058,0.28350738,0.7432232,0.7356137,-0.1558147,0.65923774,0.30270386,0.94622695,-0.11412734
1356447220204,-0.6003135,0.33270508,0.7272765,0.73407406,-0.13170469,0.666175,0.31742555,0.93378866,-0.16516608
1356447220245,-0.5778905,0.3902127,0.7167821,0.7495778,-0.093568265,0.65526944,0.3227625,0.915958,-0.23842257
1356447220284,-0.54762715,0.4459418,0.7079834,0.7733997,-0.053124607,0.6316888,0.3193078,0.89348406,-0.31579876
1356447220359,-0.52235025,0.48938495,0.69832134,0.792689,-0.023183584,0.6091852,0.31431568,0.87175965,-0.3758201
1356447220360,-0.51260424,0.5142871,0.6875651,0.7988715,-0.007839024,0.6014506,0.3147081,0.8575823,-0.40683097
1356447220404,-0.52330303,0.518881,0.67595595,0.7891672,-0.0041903257,0.6141641,0.32151055,0.8548362,-0.40729105
1356447220444,-0.54334784,0.50891066,0.66766995,0.77224386,-0.008939326,0.63526344,0.32926083,0.86077297,-0.38814598
1356447220484,-0.57902205,0.48387837,0.65619755,0.74376035,-0.016223192,0.6682495,0.33399707,0.87498486,-0.35049593
1356447220524,-0.6129907,0.4512819,0.6485269,0.7163546,-0.028799176,0.6971418,0.33328453,0.8919167,-0.3056242
1356447220564,-0.647592,0.41301602,0.6403454,0.68886465,-0.04188943,0.7236785,0.3257146,0.9097598,-0.25738484
1356447220605,-0.6722795,0.37409377,0.63882244,0.6708193,-0.057144523,0.73941594,0.31311613,0.9256286,-0.21253216
1356447220645,-0.68861216,0.33596617,0.6426041,0.6617857,-0.07105839,0.74631786,0.29639998,0.9391898,-0.17340595
1356447220703,-0.6909797,0.30003986,0.65766495,0.667405,-0.08471304,0.739861,0.2777006,0.95015776,-0.14171308
1356447220721,-0.67716295,0.26672602,0.6857898,0.68911517,-0.09691894,0.71814144,0.25801295,0.95888686,-0.11817509
1356447220763,-0.63764924,0.23574317,0.733368,0.7326042,-0.108683646,0.6719218,0.23810607,0.9657189,-0.1034044
1356447220798,-0.5526622,0.20570222,0.80762064,0.80409896,-0.12311059,0.5816087,0.21906483,0.97084004,-0.09736633
1356447220842,-0.3882118,0.1732527,0.9051382,0.89935553,-0.14312702,0.41312754,0.2011252,0.974422,-0.10025215
1356447220884,-0.101413846,0.12873721,0.9864796,0.9772996,-0.17251265,0.12298331,0.1860128,0.9765582,-0.10831964
1356447220925,0.24104822,0.071902305,0.9678459,0.95434713,-0.1988219,-0.22291556,0.17640087,0.97739446,-0.11654541
1356447220965,0.4920841,0.019424587,0.8703309,0.85291326,-0.2109654,-0.4775277,0.1743339,0.9773005,-0.12038022
1356447221007,0.6068171,-0.017693669,0.7946445,0.7735504,-0.21670006,-0.595534,0.18273672,0.97607785,-0.11781035
1356447221045,0.6440766,-0.04221186,0.7637955,0.73922896,-0.22244947,-0.63565457,0.19673803,0.97403,-0.11207026
1356447221084,0.630854,-0.056599855,0.77383447,0.7455447,-0.23202482,-0.624762,0.21491024,0.97106177,-0.10417607
1356447221126,0.5720496,-0.058218777,0.8181503,0.7858978,-0.24661991,-0.5670479,0.23478496,0.967362,-0.09532483
1356447221163,0.46397555,-0.043063104,0.88480073,0.84832966,-0.26600492,-0.45779714,0.2550755,0.96300936,-0.08688809
1356447221204,0.31130823,-0.00926429,0.95026386,0.9091536,-0.28818282,-0.30064994,0.27663505,0.95753056,-0.081291035
1356447221244,0.13877541,0.043459058,0.98936987,0.9437615,-0.30853647,-0.11882526,0.30009267,0.9502192,-0.083832294
1356447221285,0.0033294559,0.10807505,0.9941371,0.94571805,-0.3234098,0.031991363,0.32497114,0.94006693,-0.10328528
1356447221363,-0.06661677,0.17865282,0.9816544,0.9353251,-0.33142602,0.12378946,0.3474611,0.92641246,-0.14502001
1356447221365,-0.060942113,0.24903685,0.9665747,0.9298683,-0.337825,0.14566797,0.36280984,0.9076645,-0.21098372
1356447221401,-0.022439003,0.31459177,0.94896173,0.92851055,-0.3453306,0.13643649,0.37062737,0.8841826,-0.28435287
1356447221445,0.014308751,0.3684053,0.9295552,0.9262295,-0.3551079,0.12648031,0.3766884,0.8591716,-0.346309
1356447221485,0.012358427,0.40920454,0.91235894,0.92201406,-0.35776293,0.14797202,0.38695902,0.8393791,-0.38171375
1356447221524,-0.037977785,0.4366793,0.8988153,0.9146156,-0.3471391,0.20729902,0.4025371,0.8299432,-0.38621008
1356447221565,-0.12417793,0.4497491,0.8844805,0.8993536,-0.32558197,0.29182106,0.41921714,0.83169836,-0.36405343
1356447221604,-0.22646165,0.4475366,0.8651163,0.8726649,-0.30128455,0.3842963,0.43263274,0.841985,-0.3223201
1356447221644,-0.32192057,0.43225616,0.8423311,0.83812577,-0.28369796,0.46589765,0.44035476,0.85596144,-0.2709568
1356447221683,-0.40039456,0.4082932,0.82035416,0.8027225,-0.275495,0.5289038,0.44195122,0.8702869,-0.21743947
1356447221724,-0.45752192,0.37948376,0.8041554,0.7738829,-0.27545774,0.57028794,0.43792576,0.8832413,-0.16764808
1356447221765,-0.4915399,0.3485694,0.79805255,0.7574346,-0.28110123,0.5893004,0.42974558,0.89413726,-0.12584609
1356447221807,-0.5060434,0.31706294,0.80211675,0.75445354,-0.28797525,0.58980507,0.41799513,0.90362674,-0.0934813
1356447221845,-0.49445832,0.28378,0.8215716,0.76883936,-0.29811913,0.5656953,0.40545917,0.9113693,-0.07077378
1356447221887,-0.45727056,0.25046116,0.8533305,0.7980862,-0.30778235,0.5180043,0.39238,0.91789937,-0.059149742
1356447221925,-0.38100713,0.21168637,0.9000125,0.84284484,-0.3206244,0.43221813,0.38006067,0.92324907,-0.05625856
1356447221963,-0.26612216,0.16912076,0.9489874,0.8908944,-0.33277893,0.30913636,0.36808437,0.92771566,-0.062108904
1356447222005,-0.11204308,0.1199106,0.98644197,0.92710316,-0.3446898,0.14720324,0.35766768,0.9310266,-0.07254937
1356447222043,0.049122572,0.06861189,0.9964334,0.93513286,-0.35362923,-0.02175054,0.35087562,0.932866,-0.08153239
1356447222084,0.1741997,0.024881124,0.9843959,0.92073876,-0.35855746,-0.1538721,0.34913403,0.9331759,-0.08536959
1356447222124,0.24419278,-0.00523445,0.9697126,0.9034245,-0.3621803,-0.22945517,0.35241184,0.93209344,-0.08371295
1356447222178,0.2594589,-0.019850612,0.9655501,0.89620984,-0.36757845,-0.24838305,0.35984594,0.9297807,-0.07758124
1356447222203,0.22675163,-0.018077046,0.9737848,0.9012263,-0.37520617,-0.21682116,0.3692896,0.9267651,-0.06878708
1356447222244,0.15703517,-8.353591E-4,0.9875927,0.9120319,-0.38350058,-0.14534473,0.37886384,0.92354023,-0.059461176
1356447222287,0.067261815,0.028119475,0.997339,0.9188638,-0.39127308,-0.050937563,0.38879964,0.91984487,-0.052155674
1356447222363,-0.03714305,0.072159916,0.99670124,0.91637945,-0.39535826,0.06277323,0.39858377,0.91568816,-0.051441073
1356447222364,-0.11457437,0.12279442,0.9857963,0.90571535,-0.3947512,0.15443861,0.4081084,0.91054547,-0.06598848
1356447222402,-0.15963131,0.1841777,0.9698435,0.8959244,-0.38551491,0.22067562,0.41453266,0.9041332,-0.103469014
1356447222444,-0.17043918,0.25530696,0.95171887,0.89456344,-0.36489218,0.258089,0.4131667,0.89536136,-0.16619632
1356447222484,-0.15940982,0.33076048,0.9301538,0.9016309,-0.33494717,0.27362794,0.4020576,0.8822743,-0.24483001
1356447222525,-0.1514206,0.39998943,0.90392494,0.9095991,-0.3015629,0.28581354,0.38691255,0.86548734,-0.3181672
1356447222565,-0.16878754,0.4522338,0.8757828,0.91060627,-0.26851898,0.31415588,0.3772362,0.85051876,-0.36648428
