1356447090943,0.15565294,0.6342129,0.7573283,-0.22707784,-0.7231673,0.65227646,0.96135724,-0.27350122,0.031452622
1356447090962,0.075264215,0.15106899,-0.9856538,0.2648025,0.9499394,0.16581535,0.961361,-0.27348354,0.031493008
1356447091002,0.07566419,0.15137133,-0.9855768,0.26457974,0.9499327,0.16620904,0.9613909,-0.27333972,0.03182608
1356447091038,0.07690516,0.15225376,-0.9853448,0.26389703,0.94991755,0.1673765,0.9614801,-0.27290168,0.032874227
1356447091081,0.07972479,0.15423177,-0.9848129,0.26232505,0.94988745,0.16999839,0.9616806,-0.27189416,0.03527075
1356447091120,0.08420381,0.15732843,-0.98394996,0.25966334,0.94987565,0.17410141,0.9620212,-0.27015573,0.039130747
1356447091160,0.08983728,0.16124794,-0.9828166,0.25576195,0.94997853,0.179239,0.9625566,-0.26746944,0.04410243
1356447091201,0.09525943,0.16507077,-0.9816707,0.2506055,0.9504166,0.18413357,0.9633911,-0.26355252,0.049168527
1356447091240,0.09856969,0.1674592,-0.9809391,0.24429528,0.9515028,0.18698207,0.9646781,-0.25806955,0.05287987
1356447091281,0.09784576,0.16698717,-0.981092,0.23714666,0.95351255,0.18594399,0.9665338,-0.25085652,0.053696692
1356447091320,0.09161815,0.16248477,-0.9824484,0.22985938,0.95650303,0.17962924,0.9689018,-0.24228227,0.050284386
1356447091361,0.078950524,0.15317972,-0.98503953,0.22352026,0.96024466,0.16723904,0.9714965,-0.2333799,0.041573048
1356447091403,0.05817774,0.13780482,-0.9887494,0.21916936,0.96450055,0.14732109,0.97395086,-0.22527437,0.025909841
1356447091441,0.031116158,0.11819917,-0.9925022,0.21667722,0.96857226,0.12214238,0.9757472,-0.21885324,0.0045271516
1356447091482,-0.00510174,0.092372455,-0.9957115,0.21589985,0.9723419,0.08909826,0.9764022,-0.2145194,-0.024903834
1356447091521,-0.04538235,0.06584932,-0.996797,0.21616541,0.97483134,0.054556616,0.97530144,-0.21299714,-0.05847448
1356447091562,-0.08747503,0.041150838,-0.9953165,0.21854562,0.97559804,0.021128356,0.9718982,-0.21567382,-0.09433377
1356447091601,-0.12539592,0.025380045,-0.9917821,0.22311798,0.97478604,-0.0032647923,0.9666925,-0.22169381,-0.1278969
1356447091643,-0.15831685,0.019378655,-0.9871982,0.22957152,0.9731306,-0.017713845,0.9603295,-0.229437,-0.15851176
1356447091686,-0.18713883,0.023640394,-0.982049,0.2366052,0.9713634,-0.021704242,0.95341337,-0.2364196,-0.18737322
1356447091724,-0.2136491,0.036406882,-0.97623193,0.24290821,0.9699005,-0.016989864,0.94622934,-0.24076459,-0.21606189
1356447091766,-0.24233249,0.051375322,-0.9688321,0.2467322,0.9690287,-0.010329001,0.9382954,-0.24154511,-0.24750304
1356447091804,-0.27640474,0.064688005,-0.9588618,0.2473892,0.96889794,-0.0059481785,0.92865443,-0.23885614,-0.2838111
1356447091865,-0.31774718,0.072172195,-0.9454248,0.24424857,0.9696791,-0.008065596,0.91617656,-0.23348145,-0.32574075
1356447091884,-0.3652553,0.07211234,-0.9281102,0.23678534,0.97140056,-0.017710328,0.9002896,-0.22623166,-0.37188435
1356447091926,-0.41553134,0.0652599,-0.90723467,0.2243259,0.9739659,-0.03268563,0.8814826,-0.21709815,-0.41935283
1356447091964,-0.46796137,0.017905124,-0.88356745,0.19079226,0.9782642,-0.081224665,0.8629081,-0.20658784,-0.46120602
1356447092007,-0.49491984,0.041203097,-0.86796117,0.18938941,0.979976,-0.061471097,0.8480483,-0.19480592,-0.492813
1356447092045,-0.5063205,0.06598542,-0.8598171,0.1931968,0.9804033,-0.038528167,0.8404252,-0.1856215,-0.5091464
1356447092084,-0.49598277,0.10083161,-0.8624581,0.20852049,0.9780021,-0.0055759847,0.84292364,-0.18260579,-0.5060977
1356447092126,-0.4626736,0.14682695,-0.8742854,0.23519772,0.9711795,0.03863217,0.8547602,-0.18775584,-0.48387247
1356447092165,-0.40843454,0.2006655,-0.89045745,0.26719177,0.95908916,0.09357635,0.87280566,-0.1997031,-0.4453413
1356447092204,-0.33528307,0.25883743,-0.90586334,0.2965577,0.9416361,0.15929542,0.8942252,-0.21523167,-0.3924749
1356447092244,-0.25087154,0.31400746,-0.9156761,0.31400746,0.9211744,0.22986303,0.9156761,-0.22986303,-0.32969713
1356447092285,-0.16487432,0.3595074,-0.91846114,0.3153338,0.9015447,0.29627988,0.93454856,-0.24077287,-0.2620064
1356447092324,-0.09035352,0.38887262,-0.9168502,0.3022372,0.88790476,0.34681088,0.9489409,-0.24577065,-0.19775707
1356447092366,-0.03118676,0.40349692,-0.91444933,0.27909,0.8820203,0.37966958,0.9597584,-0.243373,-0.14011931
1356447092405,0.00934279,0.4016102,-0.91576296,0.25284863,0.88509333,0.3907395,0.9674607,-0.23519997,-0.093277335
1356447092447,0.0334723,0.3878656,-0.9211079,0.22618902,0.89477205,0.38499546,0.9735081,-0.22123116,-0.05778086
1356447092485,0.04579532,0.36285254,-0.93072057,0.20363888,0.9087429,0.36430416,0.9779744,-0.20621434,-0.032274723
1356447092524,0.049645662,0.33148423,-0.94215363,0.18632212,0.92368317,0.33480364,0.98123354,-0.19216561,-0.015905976
1356447092565,0.046086818,0.2930793,-0.95497674,0.17472759,0.9388896,0.29657453,0.9835376,-0.18052895,-0.007938623
1356447092605,0.035846144,0.24854377,-0.96795714,0.16753447,0.9533777,0.25100443,0.98521435,-0.17116372,-0.007464707
1356447092643,0.020632803,0.20066239,-0.9794431,0.1630177,0.9658662,0.20131493,0.9864073,-0.16382024,-0.012782991
1356447092683,0.0052298903,0.15441975,-0.9879915,0.16085145,0.97500956,0.15324219,0.98696476,-0.1597213,-0.019739449
1356447092722,-0.006233424,0.11563891,-0.99327177,0.1626586,0.98017955,0.113093905,0.9866627,-0.16085924,-0.02491951
1356447092763,-0.012509197,0.08770575,-0.9960679,0.16973348,0.98187566,0.08432449,0.9854106,-0.16801125,-0.027169108
1356447092807,-0.014484584,0.072064966,-0.9972947,0.18200663,0.98092663,0.068238765,0.9831906,-0.18052584,-0.027324617
1356447092867,-0.014071792,0.06941915,-0.9974883,0.1955823,0.9785083,0.06533913,0.98058635,-0.19417162,-0.027346492
1356447092885,-0.013598591,0.07619874,-0.997,0.20964362,0.9751477,0.07166918,0.9776833,-0.20804006,-0.029235244
1356447092925,-0.013820678,0.093816884,-0.99549353,0.2228424,0.9708382,0.08839955,0.9747565,-0.2206164,-0.03432405
1356447092964,-0.020400077,0.11254254,-0.99343747,0.2365008,0.96598715,0.104576305,0.9714171,-0.2328154,-0.046322644
1356447093006,-0.039181203,0.12722844,-0.9910992,0.25185907,0.9610946,0.11341995,0.9669704,-0.24517342,-0.06970048
1356447093043,-0.077399135,0.12910387,-0.9886058,0.26694185,0.9580611,0.104215756,0.9605995,-0.25583404,-0.10861635
1356447093084,-0.14266723,0.108704,-0.9837833,0.2737958,0.95949894,0.0663151,0.95114774,-0.25989473,-0.16665173
1356447093124,-0.22974211,0.06580477,-0.97102433,0.26070836,0.96541035,0.0037413165,0.93768317,-0.25229463,-0.23895127
1356447093164,-0.31566104,0.013726138,-0.9487727,0.22605035,0.97219485,-0.06114298,0.9215527,-0.23377088,-0.30998683
1356447093205,-0.3764996,-0.030096479,-0.92592776,0.18588808,0.97669107,-0.10733207,0.9075757,-0.21252942,-0.3621292
1356447093247,-0.40320128,-0.057329204,-0.9133138,0.15979552,0.9782913,-0.13195291,0.9010517,-0.19914705,-0.38528734
1356447093285,-0.40457642,-0.074836865,-0.911437,0.15109488,0.9774787,-0.14732875,0.9019359,-0.1973192,-0.38415736
1356447093327,-0.37806284,-0.078166224,-0.9224742,0.16397414,0.97502106,-0.14982127,0.91114277,-0.20790376,-0.355802
1356447093365,-0.3372586,-0.08169639,-0.93786055,0.1826781,0.9716121,-0.15032826,0.923518,-0.22202606,-0.3127604
1356447093405,-0.28341666,-0.08206103,-0.9554794,0.20365924,0.96845555,-0.14358538,0.9371221,-0.23528668,-0.25776392
1356447093443,-0.22569326,-0.086379394,-0.97036135,0.21922319,0.96601117,-0.13698058,0.9492122,-0.2436413,-0.19908583
1356447093484,-0.15924048,-0.044041105,-0.9862571,0.23478729,0.96865237,-0.081163585,0.95891476,-0.24448511,-0.14390838
1356447093524,-0.12560844,-0.1041129,-0.9866018,0.22398844,0.96582365,-0.13043718,0.96646357,-0.2373714,-0.09799552
1356447093564,-0.09873873,-0.14826675,-0.98400587,0.21110488,0.96321005,-0.16631635,0.97246355,-0.22415031,-0.063806295
1356447093604,-0.0796572,-0.1812163,-0.9802119,0.19655052,0.9611763,-0.19366983,0.97725254,-0.20808837,-0.040946484
1356447093644,-0.06818169,-0.20589204,-0.9761965,0.18196894,0.9594939,-0.21507873,0.9809376,-0.19230191,-0.027953923
1356447093688,-0.06504661,-0.22515471,-0.97214943,0.16745262,0.957935,-0.23306687,0.98373204,-0.17794915,-0.024607718
1356447093724,-0.06860763,-0.23994264,-0.9683597,0.15320465,0.95659935,-0.24788305,0.98581004,-0.16536388,-0.028869689
1356447093767,-0.07916069,-0.25245103,-0.9643662,0.1384535,0.9552415,-0.26142746,0.98720026,-0.15421464,-0.04066485
1356447093805,-0.09040555,-0.25980592,-0.9614196,0.12695172,0.95449084,-0.26987123,0.98778033,-0.14645176,-0.053308487
1356447093864,-0.1005016,-0.26262775,-0.95964897,0.1214541,0.9540805,-0.2738234,0.987496,-0.14407298,-0.0639894
1356447093885,-0.10733211,-0.25879064,-0.95995164,0.12259698,0.95471567,-0.27108663,0.98663557,-0.14678349,-0.07074469
1356447093924,-0.11070791,-0.24900296,-0.9621545,0.1299848,0.956162,-0.2624085,0.98531604,-0.15411618,-0.073488116
1356447093981,-0.11079648,-0.23260093,-0.96624064,0.14238816,0.95848155,-0.24706039,0.98359025,-0.16495466,-0.073076725
1356447094001,-0.10884264,-0.20991091,-0.9716433,0.1581134,0.9613508,-0.22539908,0.9814038,-0.17816284,-0.07144624
1356447094043,-0.10783726,-0.18275976,-0.9772257,0.17570063,0.9639816,-0.1996715,0.9785195,-0.1932312,-0.071842134
1356447094078,-0.1121853,-0.1541124,-0.98166376,0.1936563,0.96556705,-0.17371657,0.9746341,-0.20959383,-0.07847762
1356447094120,-0.13049492,-0.13117468,-0.982733,0.2102488,0.9650037,-0.15672664,0.9688996,-0.2270705,-0.09834874
1356447094163,-0.1694937,-0.119541,-0.97825456,0.22109038,0.9627043,-0.15594721,0.9604119,-0.2427147,-0.13674295
1356447094206,-0.2323736,-0.12490121,-0.9645736,0.21789885,0.95982754,-0.17678024,0.94790435,-0.25125852,-0.19582272
1356447094245,-0.3009264,-0.14153537,-0.9430859,0.19953415,0.9576915,-0.20739608,0.9325392,-0.2505888,-0.2599535
1356447094287,-0.35786676,-0.161513,-0.91969836,0.17151245,0.956801,-0.23476656,0.91788614,-0.24175484,-0.3147058
1356447094325,-0.3906461,-0.17833526,-0.90310144,0.14979137,0.9556651,-0.25350884,0.90827215,-0.23430905,-0.34661376
1356447094364,-0.39605212,-0.18647422,-0.89909405,0.14483674,0.9542177,-0.26170778,0.9067332,-0.23387179,-0.35091162
1356447094405,-0.37727487,-0.1877857,-0.90686285,0.15634532,0.95225644,-0.26222852,0.9128088,-0.240716,-0.329903
1356447094444,-0.3409589,-0.18556905,-0.92158085,0.17641824,0.95027596,-0.25661686,0.92337626,-0.25007948,-0.29126728
1356447094484,-0.29196975,-0.18117972,-0.9391099,0.19749577,0.9493108,-0.24454926,0.9358146,-0.25687122,-0.24138784
1356447094523,-0.2386846,-0.17873524,-0.9545069,0.21153857,0.9497422,-0.2307405,0.9477769,-0.2569892,-0.18887943
1356447094565,-0.18710536,-0.17938034,-0.96582305,0.21444838,0.9520141,-0.21835993,0.95864666,-0.24797551,-0.1396591
1356447094605,-0.14327541,-0.18443671,-0.97234523,0.20743439,0.9550622,-0.21172398,0.9676999,-0.23203269,-0.09857845
1356447094649,-0.10764822,-0.19075322,-0.97571766,0.19273841,0.9587973,-0.20870955,0.9753275,-0.2105255,-0.06644738
1356447094685,-0.080848634,-0.19715342,-0.97703326,0.17699191,0.96182406,-0.20873031,0.980886,-0.18980256,-0.0428676
1356447094728,-0.06349769,-0.20269206,-0.9771816,0.16133007,0.96419406,-0.21048142,0.9848556,-0.17101388,-0.028523743
1356447094765,-0.05401132,-0.20536691,-0.9771935,0.14784154,0.96619165,-0.21122622,0.9875351,-0.1558784,-0.021823525
1356447094804,-0.053477168,-0.20762299,-0.9767461,0.13614546,0.96749586,-0.21311072,0.98924446,-0.1443761,-0.023472011
1356447094860,-0.058695287,-0.20721233,-0.97653365,0.12800348,0.96858287,-0.21321899,0.9900354,-0.13751465,-0.03032738
1356447094883,-0.06565654,-0.20264025,-0.97704965,0.12564008,0.9696909,-0.20955688,0.9899009,-0.13651538,-0.038206816
1356447094924,-0.07157484,-0.19286717,-0.97861093,0.13025288,0.9709183,-0.2008777,0.9888939,-0.14184469,-0.044371843
1356447094963,-0.07498288,-0.1771016,-0.98133206,0.14107652,0.9723202,-0.18625478,0.98715496,-0.15240882,-0.047922492
1356447095005,-0.07528436,-0.1553891,-0.98498046,0.15700954,0.9736148,-0.16559666,0.98472345,-0.16711816,-0.048900366
1356447095045,-0.07264,-0.12737295,-0.9891914,0.17512912,0.97477263,-0.13837668,0.9818622,-0.18328789,-0.048500776
1356447095086,-0.06952703,-0.09613201,-0.99293745,0.19437575,0.97496337,-0.108002335,0.9784601,-0.20051202,-0.049100578
1356447095131,-0.06934947,-0.06242621,-0.9956374,0.21269327,0.9741671,-0.07589481,0.97465503,-0.21702862,-0.05428034
1356447095167,-0.08376783,-0.03590808,-0.9958381,0.2295433,0.9717798,-0.05434932,0.9696869,-0.23314069,-0.07316142
1356447095214,-0.12689441,-0.023235388,-0.9916441,0.24132293,0.9689644,-0.053584523,0.96211284,-0.24610603,-0.11734891
1356447095253,-0.19317067,-0.025986776,-0.980821,0.24198566,0.9675077,-0.07329261,0.95085657,-0.2515026,-0.18060565
1356447095294,-0.27404806,-0.04554221,-0.9606371,0.22573105,0.9679272,-0.1102838,0.93484926,-0.24706867,-0.25497824
1356447095334,-0.34797746,-0.07306986,-0.934651,0.19814181,0.9687048,-0.14950183,0.916325,-0.23721671,-0.32260925
1356447095376,-0.39647081,-0.09807667,-0.91279346,0.17405722,0.96821284,-0.17963289,0.9013961,-0.23009749,-0.3667972
1356447095413,-0.41652933,-0.117158055,-0.90154165,0.1617935,0.96627825,-0.20032245,0.8946095,-0.22930375,-0.38352787
1356447095455,-0.40489733,-0.12416298,-0.9058927,0.16673356,0.96410054,-0.20666416,0.89903176,-0.23472048,-0.3696596
1356447095495,-0.3748815,-0.12766485,-0.9182404,0.17842276,0.96202075,-0.2065947,0.9097413,-0.24128354,-0.33786547
1356447095534,-0.32865244,-0.12527406,-0.9361058,0.1942541,0.9610061,-0.196806,0.92425805,-0.24652316,-0.291502
1356447095574,-0.2742699,-0.122365564,-0.9538358,0.20783496,0.9608871,-0.18303189,0.9389253,-0.24844053,-0.23811054
1356447095614,-0.22014835,-0.12273702,-0.967714,0.21504459,0.9615392,-0.17087504,0.9514676,-0.24571952,-0.1852873
1356447095654,-0.17239204,-0.12835342,-0.9766302,0.21437451,0.9628204,-0.16437927,0.96141803,-0.23770228,-0.13846684
1356447095694,-0.13560581,-0.14107288,-0.9806679,0.20646997,0.96405554,-0.1672336,0.9690104,-0.22515632,-0.10160422
1356447095734,-0.11190888,-0.161205,-0.9805556,0.19371039,0.9642854,-0.18063793,0.9746551,-0.2101588,-0.07668501
1356447095774,-0.10065144,-0.18741827,-0.9771099,0.17908384,0.9626438,-0.20309086,0.9786718,-0.19542597,-0.06332791
1356447095816,-0.10064268,-0.21734719,-0.9708921,0.16331719,0.9590006,-0.2316146,0.98142684,-0.18187366,-0.061019897
1356447095855,-0.10611606,-0.24737144,-0.9630922,0.14822435,0.9538043,-0.26131755,0.98324406,-0.17048372,-0.06454748
1356447095893,-0.11368346,-0.27322957,-0.9552076,0.1348792,0.94829506,-0.28730485,0.98431885,-0.16149947,-0.070952475
1356447095935,-0.11965039,-0.29209542,-0.9488751,0.12592672,0.943557,-0.3063373,0.98479754,-0.15614213,-0.07611436
1356447095974,-0.1226165,-0.30234763,-0.94527835,0.12355354,0.94040537,-0.31681573,0.9847334,-0.15563932,-0.0779531
1356447096015,-0.12220359,-0.30244267,-0.9453014,0.12837599,0.93962234,-0.31722146,0.9841676,-0.1601196,-0.07599884
1356447096054,-0.11881572,-0.29170468,-0.94910014,0.13934886,0.9415121,-0.30681726,0.9830893,-0.16871077,-0.071217716
1356447096094,-0.113493174,-0.27001527,-0.95614386,0.15462953,0.94583464,-0.2854583,0.9814321,-0.18024564,-0.06559348
1356447096135,-0.10861936,-0.2380889,-0.96515054,0.17198151,0.951754,-0.25413918,0.9790936,-0.19359247,-0.06243205
1356447096174,-0.10946503,-0.19971661,-0.97372,0.18925168,0.9574996,-0.21766527,0.97580796,-0.20810486,-0.067016065
1356447096215,-0.124528974,-0.16243757,-0.9788292,0.204071,0.9612246,-0.1854785,0.97100335,-0.2228481,-0.08655149
1356447096254,-0.16235945,-0.13694508,-0.9771824,0.21265636,0.9621937,-0.17017752,0.9635438,-0.23543397,-0.12709904
1356447096293,-0.22336188,-0.13106728,-0.96588343,0.20989141,0.96120507,-0.17897013,0.9518692,-0.24270576,-0.18718672
1356447096336,-0.29653642,-0.14438215,-0.9440445,0.19304138,0.95903945,-0.20731226,0.9353081,-0.24371529,-0.25651836
1356447096375,-0.35645306,-0.16009691,-0.9204945,0.1738368,0.95664245,-0.23370065,0.91799885,-0.24331914,-0.3131674
1356447096413,-0.39155167,-0.16714272,-0.90484846,0.16480678,0.9547237,-0.24767186,0.9052768,-0.24610148,-0.34627742
1356447096455,-0.39786905,-0.1577741,-0.903774,0.17225243,0.95473665,-0.24250159,0.9011266,-0.25216118,-0.3526832
1356447096494,-0.37648243,-0.12959784,-0.91731423,0.1931661,0.9574226,-0.21454322,0.9060617,-0.25796577,-0.33541888
1356447096534,-0.33129287,-0.085385025,-0.9396566,0.21871832,0.9618202,-0.16451208,0.9178276,-0.26002178,-0.2999689
1356447096573,-0.27072796,-0.034154065,-0.9620499,0.23818672,0.96592003,-0.10131896,0.9327237,-0.25657737,-0.25336653
1356447096614,-0.20625317,0.012498178,-0.9784189,0.24457365,0.9688388,-0.039180934,0.94744045,-0.24737665,-0.20288277
1356447096655,-0.14808953,0.04549703,-0.9879269,0.23703942,0.9714564,0.009206481,0.96014684,-0.23281422,-0.15464711
1356447096696,-0.10310766,0.0594953,-0.9928893,0.21860662,0.9751587,0.035731405,0.9703504,-0.21336798,-0.11355239
1356447096735,-0.07491124,0.05172938,-0.9958475,0.19575632,0.97998494,0.036179893,0.9777871,-0.19223318,-0.083538234
1356447096776,-0.06352037,0.026120782,-0.99763864,0.17114845,0.98513263,0.014896192,0.9831955,-0.1697981,-0.06704652
1356447096815,-0.0642187,-0.014657319,-0.9978281,0.14860308,0.98860353,-0.024085693,0.9868095,-0.1498271,-0.06130874
1356447096865,-0.0728195,-0.062063698,-0.99541223,0.12935142,0.9890444,-0.07112938,0.9889214,-0.13393758,-0.06399369
1356447096892,-0.08397791,-0.110329874,-0.9903409,0.11501407,0.98613596,-0.11961427,0.9898078,-0.1239481,-0.07012415
1356447096933,-0.09319186,-0.15262559,-0.98388046,0.10762275,0.98084664,-0.16234885,0.98981446,-0.1210175,-0.074980974
1356447096993,-0.09872708,-0.18431073,-0.977897,0.10856357,0.9748374,-0.19469452,0.9891749,-0.12538561,-0.07623339
1356447097014,-0.10068691,-0.20246938,-0.9740988,0.11725434,0.96983624,-0.2137033,0.98798466,-0.13573441,-0.0739094
1356447097052,-0.09922451,-0.20449929,-0.97382474,0.13194601,0.96730834,-0.21657507,0.9862783,-0.14998184,-0.06899786
1356447097088,-0.094515175,-0.1882449,-0.9775637,0.15022089,0.9680188,-0.20093091,0.98412424,-0.1658415,-0.06321418
1356447097133,-0.08823052,-0.15541407,-0.9839014,0.1709708,0.9707322,-0.16866556,0.98131776,-0.18309984,-0.059076905
1356447097173,-0.08290559,-0.10511823,-0.9909979,0.19186585,0.9741333,-0.11938061,0.97791314,-0.20003597,-0.060592532
1356447097217,-0.09207481,-0.058702834,-0.9940202,0.21075389,0.9744962,-0.07707168,0.97319317,-0.21658997,-0.07735467
1356447097255,-0.11974126,-0.01977124,-0.99260825,0.22624433,0.97295177,-0.046672232,0.96668273,-0.2301606,-0.11202937
1356447097297,-0.18629813,-0.023082808,-0.9822221,0.22821753,0.9713628,-0.06611364,0.95562005,-0.23647714,-0.17569518
1356447097335,-0.26808125,-0.048361205,-0.9621817,0.21405345,0.97078496,-0.108432785,0.93931544,-0.23502712,-0.24989736
1356447097374,-0.34609306,-0.08455677,-0.934382,0.18598945,0.9699809,-0.15666838,0.91958004,-0.22800703,-0.319977
1356447097413,-0.39826596,-0.1056916,-0.9111605,0.16362603,0.96922135,-0.18394698,0.9025579,-0.22234939,-0.36871397
1356447097454,-0.417754,-0.09962657,-0.9030815,0.16214374,0.96983844,-0.18199673,0.89397484,-0.22245887,-0.38900006
1356447097494,-0.4052642,-0.06469804,-0.9119073,0.18265729,0.97164947,-0.15011203,0.89576626,-0.22740155,-0.38195717
1356447097534,-0.36587334,-0.008357368,-0.9306271,0.21419379,0.9723594,-0.09294181,0.9056808,-0.23333949,-0.3539703
1356447097576,-0.30350116,0.06222845,-0.9507968,0.2448279,0.96945506,-0.01470121,0.92083997,-0.23724341,-0.309466
1356447097614,-0.23803961,0.12180138,-0.9635879,0.26096016,0.963645,0.057342388,0.93554103,-0.23780829,-0.26117098
1356447097656,-0.17519581,0.1687918,-0.9699565,0.26224446,0.9576019,0.11927463,0.94896483,-0.23346932,-0.21203256
1356447097695,-0.12713006,0.19000359,-0.9735177,0.25150347,0.95558083,0.15365942,0.9594707,-0.22530834,-0.16926962
1356447097733,-0.09371337,0.19135901,-0.9770361,0.23426875,0.9580384,0.16516808,0.9676446,-0.21341056,-0.13461047
1356447097775,-0.07428798,0.17299157,-0.98211765,0.21474037,0.96450984,0.15364699,0.9738418,-0.19948618,-0.108799756
1356447097814,-0.06653565,0.13850173,-0.9881246,0.19582418,0.9728721,0.12317795,0.97837925,-0.18530297,-0.091852665
1356447097869,-0.06818536,0.091652334,-0.9934539,0.17868295,0.9807925,0.078220405,0.9815412,-0.17217979,-0.08325243
1356447097894,-0.076159656,0.037895493,-0.9963753,0.16384053,0.9861704,0.02498395,0.9835427,-0.1613439,-0.08131522
1356447097934,-0.08609995,-0.015188977,-0.9961708,0.15296963,0.98782605,-0.028283052,0.98447305,-0.15481904,-0.08272833
1356447097974,-0.09407973,-0.060100775,-0.9937489,0.14895803,0.98609024,-0.07373966,0.98435795,-0.15496428,-0.083818614
1356447098014,-0.09804672,-0.09147997,-0.9909683,0.1542092,0.9823421,-0.10594116,0.9831614,-0.16320361,-0.082208335
1356447098055,-0.097736895,-0.10570192,-0.98958313,0.16653174,0.97858685,-0.120974995,0.9811803,-0.1766207,-0.078041315
1356447098096,-0.09223747,-0.10154273,-0.990546,0.18590939,0.97553813,-0.11731574,0.978228,-0.19497272,-0.07110345
1356447098135,-0.08145496,-0.074812144,-0.99386525,0.20804536,0.9739362,-0.090362936,0.97472155,-0.21412957,-0.06376761
1356447098177,-0.0682458,-0.033241726,-0.99711454,0.23151809,0.9716339,-0.048238136,0.97043383,-0.23414212,-0.058613896
1356447098215,-0.05510211,0.024668671,-0.9981759,0.253515,0.9672807,0.009910405,0.96576077,-0.2525065,-0.059553087
1356447098254,-0.05595079,0.07569691,-0.9955599,0.2728939,0.96031344,0.057680212,0.9604158,-0.26845497,-0.07438749
1356447098294,-0.081162095,0.11057561,-0.9905482,0.289269,0.9536639,0.082756504,0.95380086,-0.27981824,-0.10938746
1356447098333,-0.13680822,0.11931832,-0.9833853,0.29877526,0.9514595,0.07387914,0.9444665,-0.28370392,-0.16581684
1356447098374,-0.21267286,0.1054316,-0.9714188,0.2960837,0.95437527,0.038760178,0.9311846,-0.27937803,-0.23418629
1356447098414,-0.28300062,0.08661062,-0.9552012,0.2847326,0.9586036,0.0025604665,0.9158811,-0.2712523,-0.29594624
1356447098455,-0.32508805,0.081459016,-0.9421689,0.27780572,0.96055186,-0.012806311,0.903959,-0.26590306,-0.33489376
1356447098494,-0.3328001,0.09602547,-0.9380955,0.28243232,0.95928514,-0.0020016134,0.8997089,-0.26561463,-0.34637088
1356447098537,-0.30164194,0.13529207,-0.94377345,0.29812145,0.9536288,0.041421473,0.9056135,-0.26886466,-0.3279879
1356447098574,-0.25156486,0.17918862,-0.95110804,0.3108828,0.94559544,0.09592258,0.91655165,-0.27155238,-0.29358524
1356447098617,-0.18446273,0.228085,-0.9560077,0.3152825,0.93502593,0.16224506,0.9308977,-0.27148435,-0.24438864
1356447098655,-0.12352839,0.26179755,-0.95718485,0.30765045,0.92714983,0.21387926,0.9434468,-0.26805815,-0.19507146
1356447098693,-0.07365459,0.28183436,-0.95663184,0.29043537,0.9237202,0.24977656,0.9540557,-0.2594425,-0.1498909
1356447098733,-0.040249765,0.28488564,-0.95771617,0.26684928,0.92674357,0.2644576,0.9628975,-0.24492148,-0.113322735
1356447098773,-0.022992492,0.27284834,-0.9617823,0.24034289,0.93533087,0.25959864,0.9704158,-0.22518869,-0.08708274
1356447098815,-0.01798889,0.24967416,-0.9681628,0.21402843,0.9468353,0.24019739,0.9766618,-0.2028935,-0.070469916
1356447098865,-0.020408511,0.21996962,-0.9752932,0.19090672,0.9584051,0.21216582,0.981396,-0.18186004,-0.0615533
1356447098895,-0.02714169,0.18724623,-0.98193794,0.17324156,0.9683169,0.17986026,0.98450524,-0.16523075,-0.05872059
1356447098935,-0.035936058,0.15433134,-0.98736537,0.16177131,0.97587126,0.14664692,0.98617375,-0.15445748,-0.060035348
1356447098975,-0.04539609,0.12432452,-0.99120253,0.15673299,0.9808235,0.115844466,0.9865971,-0.15009524,-0.064011335
1356447099013,-0.052590728,0.10089885,-0.9935058,0.15656014,0.98341286,0.091586396,0.98626727,-0.1507268,-0.067515135
1356447099055,-0.05557257,0.08678046,-0.99467623,0.16172168,0.9838434,0.07679994,0.9852704,-0.15659273,-0.068709016
1356447099093,-0.054145515,0.08409722,-0.99498534,0.1702369,0.9826365,0.07378946,0.9839144,-0.16538785,-0.06752181
1356447099134,-0.048532695,0.09176296,-0.9945975,0.18186492,0.9799372,0.08153605,0.9821251,-0.17692521,-0.06424749
1356447099172,-0.039928377,0.109468386,-0.993188,0.19563352,0.9755995,0.0996649,0.9798639,-0.19032142,-0.06036979
1356447099213,-0.030900002,0.13399294,-0.9905004,0.2106686,0.9695853,0.1245915,0.9770691,-0.20481744,-0.05818832
1356447099253,-0.026006639,0.16019307,-0.98674303,0.22729419,0.96217114,0.15021338,0.97347885,-0.22037442,-0.061433792
1356447099293,-0.0312981,0.1826205,-0.98268515,0.24617442,0.9542887,0.16950278,0.96872,-0.23660682,-0.074823916
1356447099332,-0.057088703,0.1931894,-0.9794993,0.26784647,0.9480958,0.1713846,0.9617688,-0.2525713,-0.105870664
1356447099373,-0.11022049,0.18781461,-0.97600055,0.28814912,0.945848,0.14947136,0.9512211,-0.26475888,-0.15837044
1356447099414,-0.18896809,0.16639629,-0.9677827,0.2982247,0.9487153,0.10488694,0.9356031,-0.26879638,-0.22890043
1356447099453,-0.26848286,0.13943112,-0.95313996,0.2948077,0.9538849,0.05649791,0.9170634,-0.26582432,-0.29720712
1356447099492,-0.3278722,0.11634986,-0.9375299,0.28534997,0.9582325,0.01912675,0.9005971,-0.26125303,-0.3473782
1356447099532,-0.35687432,0.10022076,-0.92876077,0.27948007,0.96014404,-0.0037823468,0.89136505,-0.26091993,-0.37066042
1356447099572,-0.35635632,0.08971484,-0.930033,0.2796347,0.95999634,-0.01454106,0.8915238,-0.26525134,-0.36718816
1356447099613,-0.33251464,0.08101487,-0.9396119,0.28198114,0.9592679,-0.017079279,0.89995587,-0.27063197,-0.3418153
1356447099652,-0.29361045,0.07037562,-0.9533311,0.2820402,0.95926833,-0.016049877,0.91337085,-0.2735901,-0.30149996
1356447099692,-0.2482267,0.055398136,-0.96711653,0.27773416,0.96052027,-0.01626487,0.928034,-0.27263868,-0.25381273
1356447099732,-0.20408422,0.035279967,-0.9783174,0.26886553,0.9629408,-0.021361865,0.94130814,-0.26739544,-0.20600659
1356447099773,-0.16650686,0.010801025,-0.98598105,0.25569347,0.9662082,-0.032595634,0.952311,-0.25753632,-0.16364205
1356447099812,-0.13791525,-0.016268782,-0.9903104,0.23808786,0.9700021,-0.049092397,0.9614019,-0.24255149,-0.12990469
1356447099863,-0.11915013,-0.04432883,-0.9918862,0.21673942,0.97374856,-0.06955401,0.968931,-0.22326821,-0.10641444
1356447099893,-0.1102342,-0.071553014,-0.9913267,0.1930561,0.9768672,-0.09197694,0.9749758,-0.20152068,-0.09387046
1356447099933,-0.10950276,-0.09644785,-0.98929614,0.17037413,0.9787306,-0.114276096,0.9792761,-0.18106402,-0.090741515
1356447099992,-0.11608577,-0.117718995,-0.98623854,0.15041086,0.97941667,-0.13460892,0.9817845,-0.16396716,-0.09599012
1356447100011,-0.124825805,-0.13398845,-0.98308986,0.13565095,0.9792305,-0.15068646,0.9828618,-0.15216662,-0.10405755
1356447100051,-0.13209313,-0.14463402,-0.98062855,0.12782462,0.97855186,-0.161546,0.982961,-0.14668758,-0.11077219
1356447100088,-0.1355122,-0.14946467,-0.97943693,0.1273135,0.97773343,-0.16681944,0.98256177,-0.1473016,-0.113465905
1356447100137,-0.13486868,-0.14885974,-0.9796179,0.1337175,0.97687256,-0.1668521,0.9817994,-0.15349518,-0.11184436
1356447100186,-0.12946063,-0.14261784,-0.98127466,0.14853753,0.97564733,-0.16139667,0.9803961,-0.16665064,-0.10512382
1356447100224,-0.121929854,-0.12818974,-0.98422587,0.16509691,0.97519064,-0.14746584,0.9787115,-0.18047313,-0.09774113
1356447100265,-0.11454806,-0.11161472,-0.9871275,0.18324284,0.9742435,-0.13142174,0.9763711,-0.19593817,-0.0911451
1356447100305,-0.11084047,-0.09233758,-0.9895394,0.20166293,0.97287154,-0.113370955,0.9731631,-0.21211949,-0.08921248
1356447100344,-0.11920825,-0.07549131,-0.9899951,0.21911657,0.97052026,-0.10039075,0.96838903,-0.22889175,-0.099152625
1356447100385,-0.14797056,-0.06511473,-0.9868459,0.23182762,0.9677453,-0.09861532,0.9614368,-0.2433703,-0.12810242
1356447100425,-0.20035303,-0.0659351,-0.9775026,0.23371872,0.96571046,-0.113043636,0.95143807,-0.25110927,-0.17807275
1356447100464,-0.26801327,-0.07906876,-0.96016514,0.22081599,0.96505374,-0.14110823,0.9377682,-0.24983867,-0.24118757
1356447100505,-0.33184344,-0.100073844,-0.93801135,0.19838464,0.96471643,-0.17310613,0.9222384,-0.24353117,-0.3002817
1356447100544,-0.3755636,-0.12221353,-0.9187033,0.17878963,0.9630939,-0.20120749,0.9093878,-0.23982084,-0.3398525
1356447100585,-0.39435983,-0.14089134,-0.90809137,0.17009467,0.9599107,-0.2227987,0.90307707,-0.24232435,-0.35458535
1356447100628,-0.38613406,-0.15192746,-0.9098453,0.175148,0.956325,-0.23402071,0.905662,-0.24972096,-0.34265983
1356447100663,-0.36175406,-0.15796567,-0.91879314,0.18517052,0.9537296,-0.23687893,0.913699,-0.2558253,-0.31576502
1356447100705,-0.32005557,-0.15578565,-0.93450266,0.19704196,0.95387244,-0.2264991,0.9266817,-0.25662854,-0.27459592
1356447100753,-0.26527715,-0.14677599,-0.9529348,0.20436916,0.9573278,-0.20434469,0.9422639,-0.24895847,-0.2239607
1356447100794,-0.21398327,-0.13691607,-0.9671945,0.20415515,0.96199465,-0.18134752,0.95526534,-0.23626307,-0.17789865
1356447100868,-0.1662978,-0.12565842,-0.9780362,0.1920762,0.9687207,-0.15712073,0.96718746,-0.21398634,-0.13696015
1356447100880,-0.13084644,-0.11649701,-0.98453414,0.17736197,0.9743004,-0.13885781,0.97540855,-0.19278798,-0.1068216
1356447100924,-0.108673334,-0.111006655,-0.9878601,0.16133004,0.97860193,-0.12771404,0.98089886,-0.17325062,-0.088439226
1356447100965,-0.097932816,-0.10871697,-0.9892369,0.14686957,0.9815521,-0.12241225,0.9842959,-0.15727697,-0.08015895
1356447101003,-0.096779734,-0.10927,-0.9892896,0.13534763,0.98327744,-0.12184666,0.9860602,-0.14569028,-0.08037186
1356447101045,-0.1006951,-0.1108169,-0.9887265,0.12821624,0.9840454,-0.1233502,0.986621,-0.13919157,-0.084879994
1356447101083,-0.104037434,-0.110895365,-0.98837155,0.1268332,0.98417133,-0.12377474,0.986453,-0.13823554,-0.08832544
1356447101123,-0.10277057,-0.107539184,-0.98887485,0.13191953,0.98388374,-0.12070637,0.9859186,-0.14285697,-0.08692777
1356447101167,-0.09540799,-0.09967015,-0.99043584,0.14328536,0.9832381,-0.11274839,0.9850719,-0.15267205,-0.0795275
1356447101204,-0.08271548,-0.08688417,-0.9927786,0.15929659,0.9822308,-0.09923321,0.9837596,-0.16635436,-0.06740534
1356447101244,-0.06634927,-0.069537476,-0.99537045,0.17805903,0.98073107,-0.08038378,0.98178035,-0.1825681,-0.052689016
1356447101287,-0.048932582,-0.04834325,-0.99763143,0.1981945,0.97849596,-0.057137176,0.9789405,-0.20052095,-0.038298965
1356447101324,-0.035152733,-0.024466999,-0.9990823,0.21722877,0.97561115,-0.03153541,0.9754875,-0.21813801,-0.028980494
1356447101366,-0.034636527,-0.004183948,-0.99939126,0.23539078,0.97182393,-0.012226611,0.9712835,-0.23567097,-0.032675743
1356447101405,-0.05259338,0.00992012,-0.99856675,0.2510358,0.967971,-0.0036056116,0.96654797,-0.25086564,-0.053399205
1356447101443,-0.10078031,0.009326667,-0.99486494,0.2595441,0.96557736,-0.017239854,0.9604583,-0.2599488,-0.09973186
1356447101485,-0.17643175,-0.008296065,-0.98427796,0.2534026,0.9658768,-0.053563364,0.95113564,-0.25886887,-0.16830909
1356447101524,-0.26138368,-0.038766876,-0.9644562,0.22992976,0.967929,-0.101221256,0.9374492,-0.24821475,-0.24408716
1356447101563,-0.33164206,-0.07283266,-0.9405896,0.19931902,0.9690999,-0.14531812,0.9221092,-0.23567101,-0.30687732
1356447101605,-0.37425998,-0.102988124,-0.9215872,0.1759947,0.96786284,-0.17963155,0.9104699,-0.22942336,-0.3441069
1356447101644,-0.3882639,-0.12620766,-0.91286516,0.16657214,0.9646503,-0.20421441,0.9063691,-0.23134698,-0.35351622
1356447101684,-0.37806886,-0.14208177,-0.9148096,0.16914484,0.9609187,-0.21914661,0.9101944,-0.23758784,-0.33926105
1356447101726,-0.34824598,-0.15072908,-0.92520565,0.1790122,0.9581307,-0.22347295,0.92015177,-0.24344665,-0.30668283
1356447101764,-0.31082356,-0.1567788,-0.93744826,0.18866305,0.9564997,-0.22251874,0.93155515,-0.24602589,-0.26772428
1356447101805,-0.2680406,-0.15860762,-0.95026195,0.19513379,0.95697284,-0.21476914,0.9434389,-0.24299507,-0.22555786
1356447101868,-0.22869056,-0.16150732,-0.9600083,0.19486423,0.95858926,-0.20768861,0.9537969,-0.23456772,-0.18774831
1356447101885,-0.1940456,-0.16483016,-0.9670456,0.18621807,0.96167,-0.20128009,0.9631558,-0.21913889,-0.15591347
1356447101925,-0.16571784,-0.17101584,-0.97123176,0.17238934,0.96466166,-0.19927315,0.9709889,-0.20045315,-0.13038033
1356447101964,-0.14276963,-0.17885646,-0.9734615,0.15602857,0.96717167,-0.20058426,0.97738016,-0.18052515,-0.11017603
1356447102003,-0.12540907,-0.18905778,-0.9739249,0.13992597,0.9684917,-0.20602089,0.982188,-0.16211426,-0.095003545
1356447102044,-0.11434573,-0.2018432,-0.9727201,0.1254271,0.9683738,-0.21568559,0.98549134,-0.14666818,-0.0854128
1356447102084,-0.10960826,-0.21641518,-0.97012913,0.11371769,0.9668709,-0.22853653,0.98744845,-0.13537033,-0.08136678
1356447102124,-0.109337926,-0.2305334,-0.966902,0.10713641,0.96433413,-0.24203622,0.988214,-0.13005415,-0.08073974
1356447102165,-0.110419005,-0.24076271,-0.9642826,0.10792705,0.96157336,-0.25244486,0.9880077,-0.13194688,-0.080191135
1356447102205,-0.10999581,-0.2431457,-0.9637329,0.11539508,0.9599354,-0.25535828,0.9872107,-0.13929836,-0.0775311
1356447102246,-0.10643095,-0.23536696,-0.9660616,0.13016061,0.95992166,-0.24821086,0.985764,-0.15216048,-0.071529865
1356447102285,-0.0995481,-0.21301045,-0.97196543,0.14935265,0.96255255,-0.22624418,0.9837601,-0.1676878,-0.06400657
1356447102326,-0.09013313,-0.17907731,-0.97969764,0.17358084,0.9658206,-0.19251038,0.98068637,-0.18740828,-0.055968046
1356447102365,-0.08905971,-0.1784451,-0.979911,0.19484472,0.96169114,-0.19283575,0.9767824,-0.2081044,-0.050878882
1356447102403,-0.072951466,-0.07427654,-0.9945658,0.22480696,0.9703343,-0.08895646,0.97166866,-0.23007481,-0.054089427
1356447102445,-0.074269444,0.0073321536,-0.99721134,0.25178966,0.96771204,-0.011637308,0.96492803,-0.25195178,-0.073717594
1356447102485,-0.10129872,0.06288808,-0.99286646,0.27539545,0.96077275,0.032757625,0.95597905,-0.27011257,-0.11464411
1356447102524,-0.16250393,0.08345123,-0.9831726,0.290388,0.9563337,0.033176318,0.9430097,-0.28011024,-0.17964125
1356447102563,-0.24355793,0.077268474,-0.9668035,0.29090762,0.95674586,0.003178969,0.9252309,-0.28047627,-0.25550103
1356447102605,-0.31652546,0.06398592,-0.94642353,0.28098363,0.9592707,-0.029118732,0.90601313,-0.2751463,-0.3216126
1356447102645,-0.35851896,0.064792015,-0.93127126,0.2757926,0.9604112,-0.039354697,0.8918535,-0.2709471,-0.36219478
1356447102686,-0.36035222,0.09133366,-0.9283343,0.28504598,0.95837426,-0.016357362,0.8881977,-0.27051237,-0.3713866
1356447102724,-0.33437788,0.13390206,-0.9328781,0.3007338,0.953266,0.029034369,0.89316875,-0.27083954,-0.35902
1356447102767,-0.28022578,0.19269118,-0.9403955,0.31508896,0.9438317,0.09950281,0.9067483,-0.268425,-0.3252008
1356447102805,-0.22123682,0.24571794,-0.9437568,0.31775945,0.93308806,0.1684506,0.9219996,-0.26262018,-0.28451264
1356447102868,-0.16258281,0.29126075,-0.94272685,0.3075457,0.92280084,0.2320651,0.93754065,-0.25220177,-0.23960757
1356447102886,-0.11183292,0.32418928,-0.93935865,0.28582194,0.9158369,0.2820437,0.95173484,-0.23694754,-0.19508111
1356447102923,-0.073773324,0.34271473,-0.93653834,0.25767893,0.91375864,0.31408077,0.96341014,-0.21815538,-0.15572137
1356447102965,-0.048510075,0.34894076,-0.9358884,0.22714254,0.9162954,0.32986206,0.97265255,-0.19657843,-0.123708844
1356447103024,-0.0344339,0.34435388,-0.9382082,0.19851997,0.9224149,0.33127117,0.9794917,-0.17484613,-0.100123465
1356447103049,-0.029308856,0.33086696,-0.9432221,0.17520007,0.9307201,0.32103744,0.98409647,-0.15584335,-0.085246265
1356447103082,-0.030632883,0.30984226,-0.9502944,0.15881664,0.94017124,0.30142215,0.98683274,-0.14168915,-0.078008294
1356447103119,-0.03778985,0.2833365,-0.95827574,0.14881918,0.94986254,0.2749802,0.9881421,-0.13221838,-0.078061044
1356447103160,-0.047831565,0.25421432,-0.9659645,0.1431206,0.9588369,0.24525169,0.9885488,-0.12651867,-0.082245946
1356447103204,-0.055969447,0.22914664,-0.97178143,0.14101814,0.96536446,0.21951161,0.98842365,-0.124752864,-0.08634472
1356447103254,-0.055790544,0.21728134,-0.9745133,0.14469334,0.9674895,0.20743163,0.9879024,-0.12943287,-0.08541596
1356447103295,-0.04798445,0.22485232,-0.9732107,0.15237266,0.9645772,0.21534485,0.9871576,-0.13795748,-0.08054602
1356447103335,-0.032539546,0.24905981,-0.96794134,0.1640787,0.9566461,0.24063757,0.9859105,-0.15098834,-0.071994245
1356447103375,-0.010926604,0.29030037,-0.95687324,0.1782093,0.94217587,0.28380644,0.98393196,-0.16742267,-0.062029004
1356447103416,0.013136715,0.34271985,-0.9393458,0.19359945,0.92077863,0.33865315,0.98099273,-0.18630564,-0.054254353
1356447103454,0.033477783,0.39893794,-0.91636664,0.20893162,0.89382875,0.39675906,0.9773571,-0.20474055,-0.05342734
1356447103496,0.03708151,0.44258505,-0.8959595,0.22924834,0.86889756,0.43870506,0.9726614,-0.22166505,-0.06924188
1356447103535,0.020132422,0.4730803,-0.8807893,0.25577977,0.8492133,0.461967,0.96652544,-0.23458862,-0.103907645
1356447103574,-0.026449054,0.4831254,-0.8751515,0.28918338,0.8417238,0.4559319,0.9569082,-0.24102032,-0.16197467
1356447103615,-0.093382925,0.47800082,-0.8733813,0.32181174,0.8446188,0.42785066,0.94218725,-0.24111038,-0.23269928
1356447103653,-0.15719998,0.46796024,-0.86965585,0.34636354,0.8507928,0.39520103,0.9248353,-0.23909152,-0.295829
1356447103694,-0.19736427,0.46167964,-0.8648118,0.3625211,0.8540015,0.37317535,0.910838,-0.23986104,-0.335918
1356447103733,-0.20635611,0.46099174,-0.863078,0.3713755,0.85296077,0.36679447,0.9052609,-0.2448358,-0.3472147
1356447103774,-0.188111,0.46216872,-0.86661077,0.3712074,0.85036916,0.37293077,0.90929604,-0.25153995,-0.33152425
1356447103815,-0.15483326,0.45869637,-0.8749996,0.36053896,0.85083085,0.3822283,0.91980344,-0.25628978,-0.29711485
1356447103870,-0.11386722,0.4490948,-0.8861987,0.339736,0.8558269,0.39005092,0.9336025,-0.2566596,-0.25002432
1356447103894,-0.075333476,0.43074027,-0.89932626,0.3125678,0.866636,0.3889003,0.9469035,-0.25180325,-0.19992226
1356447103936,-0.042692304,0.4062569,-0.91276103,0.28054833,0.8817103,0.37931466,0.95889,-0.23987973,-0.15161693
1356447103975,-0.020602256,0.3750084,-0.9267924,0.24870884,0.8997714,0.35854614,0.9683591,-0.22311461,-0.1118052
1356447104012,-0.00951919,0.34111375,-0.9399739,0.21819896,0.9180726,0.33095613,0.9758579,-0.20195088,-0.08316994
1356447104052,-0.008992314,0.3039934,-0.9526317,0.19168104,0.9355277,0.296726,0.9814161,-0.17993318,-0.06668234
1356447104092,-0.017205477,0.264766,-0.96415913,0.17046429,0.9509608,0.25809968,0.98521364,-0.15991399,-0.061494887
1356447104132,-0.031546712,0.22441757,-0.97398233,0.15437144,0.96386856,0.21708722,0.98750913,-0.14350663,-0.06505054
1356447104172,-0.047832966,0.18490195,-0.9815923,0.14301702,0.9738595,0.17647614,0.9885638,-0.13194303,-0.07302672
1356447104211,-0.060903907,0.14919986,-0.9869297,0.13727938,0.980621,0.13977456,0.98865825,-0.12697226,-0.08020568
1356447104250,-0.06727412,0.120125875,-0.9904766,0.13850234,0.9842385,0.10996209,0.98807454,-0.12978573,-0.08285153
1356447104293,-0.06570697,0.09966262,-0.9928494,0.14759712,0.98502517,0.08910921,0.9868626,-0.14068662,-0.079432964
1356447104332,-0.05894676,0.08804102,-0.9943712,0.16085848,0.98392373,0.07758025,0.98521566,-0.15537995,-0.07216126
1356447104372,-0.047497034,0.08524124,-0.9952276,0.17758413,0.9812002,0.07556463,0.9829588,-0.17314753,-0.06174159
1356447104411,-0.034604788,0.0909341,-0.99525553,0.19502035,0.97732204,0.08251476,0.98018855,-0.19123968,-0.051554024
1356447104452,-0.02470085,0.101667166,-0.9945117,0.21267268,0.9725777,0.09414269,0.9768112,-0.20918007,-0.045645356
1356447104490,-0.02387926,0.11469939,-0.9931132,0.22990632,0.96740085,0.1062017,0.97291976,-0.22578698,-0.0494709
1356447104531,-0.04324031,0.122116335,-0.9915734,0.24666649,0.9630804,0.10785072,0.9681353,-0.23992443,-0.0717659
1356447104571,-0.090464294,0.1182255,-0.9888574,0.25969,0.96137756,0.091182664,0.96144545,-0.2485476,-0.117672324
1356447104610,-0.16263214,0.10021946,-0.9815839,0.26181823,0.9635488,0.054999165,0.95131594,-0.24805191,-0.18294328
1356447104650,-0.24064839,0.07334189,-0.9678374,0.24939226,0.9683358,0.011369392,0.9380254,-0.23863514,-0.25131935
1356447104690,-0.29937315,0.048697785,-0.95289254,0.23109095,0.97266275,-0.022894397,0.9257282,-0.22705881,-0.30244273
