1356446841983,0.12727082,-0.018141866,-0.99170196,0.62796813,0.7754007,0.0664058,0.7677617,-0.6312088,0.110078394
1356446842008,-0.24214533,-0.44490668,-0.8622202,0.5932128,0.6353272,-0.49442703,0.7677658,-0.63120323,0.110082746
1356446842043,-0.24208233,-0.44488347,-0.86224985,0.59315836,0.63541484,-0.49437955,0.76782763,-0.6311313,0.11006361
1356446842078,-0.24183428,-0.444675,-0.862427,0.5928894,0.6358721,-0.49411413,0.7681135,-0.63081753,0.10986745
1356446842122,-0.24116156,-0.4440357,-0.86294454,0.5918738,0.63738644,-0.49338,0.7691075,-0.6297386,0.109099984
1356446842163,-0.23940548,-0.4425906,-0.864175,0.5893239,0.64110744,-0.49160814,0.7716102,-0.6269727,0.10734463
1356446842211,-0.23546207,-0.44012254,-0.8665159,0.5842199,0.64841866,-0.48809877,0.77668834,-0.62116456,0.104450345
1356446842251,-0.22909349,-0.4362989,-0.8701491,0.5782532,0.65809584,-0.48221684,0.78303224,-0.61363924,0.101525724
1356446842297,-0.22084996,-0.43214276,-0.8743444,0.57117796,0.66935456,-0.47510034,0.79055756,-0.60433203,0.099003494
1356446842342,-0.21074283,-0.427823,-0.8789511,0.56285274,0.68203646,-0.46692938,0.79923975,-0.59312207,0.09706706
1356446842383,-0.2001707,-0.4237495,-0.8833845,0.55408233,0.6946424,-0.4587644,0.8080376,-0.5812988,0.09574503
1356446842431,-0.18933296,-0.42089888,-0.88712853,0.54471207,0.7066827,-0.45153987,0.816971,-0.56872106,0.09547043
1356446842472,-0.18034187,-0.41981867,-0.88951063,0.5367874,0.7157903,-0.4466583,0.8242185,-0.55802923,0.09626639
1356446842511,-0.17372456,-0.42034432,-0.89057875,0.53149146,0.72129834,-0.44412333,0.8290577,-0.5504901,0.09810215
1356446842552,-0.17019698,-0.42251003,-0.89023495,0.52916867,0.72291577,-0.44426706,0.83127224,-0.5466973,0.100540996
1356446842594,-0.16994795,-0.42585468,-0.8886875,0.52992755,0.7208233,-0.44675556,0.83083963,-0.5468652,0.10316968
1356446842632,-0.17310745,-0.43005708,-0.88605005,0.5319537,0.71630126,-0.45159474,0.82889026,-0.549512,0.1047734
1356446842674,-0.1803872,-0.43387532,-0.8827302,0.5335837,0.71075416,-0.45838514,0.82628614,-0.5536973,0.10329789
1356446842712,-0.1900137,-0.4367827,-0.8792699,0.53271025,0.70641893,-0.46603867,0.8246905,-0.55694985,0.09844935
1356446842751,-0.20053747,-0.43798146,-0.8763315,0.5281426,0.70505965,-0.47324032,0.8251365,-0.5577304,0.089925766
1356446842790,-0.20834899,-0.43706873,-0.87496376,0.5215366,0.7071491,-0.47743043,0.82739973,-0.55579776,0.08061355
1356446842861,-0.21035463,-0.4339314,-0.8760448,0.5159711,0.71184784,-0.4764939,0.8303763,-0.5522465,0.07415557
1356446842875,-0.20567167,-0.42805985,-0.8800364,0.51443326,0.7176997,-0.46932465,0.8325009,-0.5492467,0.07259768
1356446842914,-0.19533098,-0.41935083,-0.8865611,0.5181855,0.7233612,-0.4563248,0.8326641,-0.5485375,0.07600671
1356446842952,-0.18059024,-0.40674847,-0.8955126,0.5264423,0.72910964,-0.43733007,0.8308102,-0.55041325,0.08245951
1356446842993,-0.16251576,-0.3897276,-0.90647733,0.536815,0.7359087,-0.41263556,0.82789993,-0.55367035,0.08961481
1356446843033,-0.14230245,-0.36786228,-0.91892743,0.5469215,0.7445634,-0.3827561,0.82500124,-0.5570482,0.09523857
1356446843073,-0.12301433,-0.34075084,-0.932071,0.55503476,0.7549559,-0.34925354,0.82268095,-0.560295,0.09625816
1356446843113,-0.112289295,-0.30899078,-0.944413,0.55969435,0.7656508,-0.3170506,0.8210563,-0.56418395,0.08696598
1356446843153,-0.12254956,-0.27473402,-0.95367855,0.55933124,0.7746619,-0.29503834,0.8198355,-0.569579,0.058732867
1356446843195,-0.17224485,-0.24324669,-0.9545484,0.54931206,0.7806534,-0.29805458,0.8176723,-0.5756833,-8.4519386E-4
1356446843232,-0.26070955,-0.21986295,-0.94004834,0.523376,0.78602946,-0.32899144,0.81123865,-0.5777699,-0.08985436
1356446843273,-0.37368453,-0.20838265,-0.90384537,0.47497326,0.7939985,-0.37942955,0.7967184,-0.5710894,-0.19772875
1356446843312,-0.47395492,-0.20518807,-0.8563088,0.41771802,0.8036922,-0.42378122,0.77516353,-0.55854875,-0.2952031
1356446843353,-0.53802156,-0.20430627,-0.8177969,0.37656108,0.8097379,-0.45002925,0.75414497,-0.5500759,-0.3587227
1356446843394,-0.5616005,-0.20091158,-0.8026452,0.3671841,0.8088006,-0.45936632,0.7414719,-0.55269897,-0.38045126
1356446843433,-0.5516195,-0.19315258,-0.8114234,0.3857719,0.8034378,-0.453506,0.7395241,-0.5631871,-0.36867917
1356446843474,-0.50729585,-0.18006067,-0.84275085,0.4272824,0.7967037,-0.42742592,0.74838537,-0.576924,-0.3272277
1356446843513,-0.4414702,-0.16460937,-0.88204753,0.4734522,0.79230726,-0.38482755,0.7621989,-0.58749723,-0.2718454
1356446843555,-0.35798383,-0.14873298,-0.9218059,0.5145295,0.79239595,-0.32767057,0.7791707,-0.5915971,-0.20713747
1356446843592,-0.2771237,-0.13781615,-0.9508991,0.5396853,0.7964706,-0.2727167,0.794948,-0.5887625,-0.14634353
1356446843635,-0.20601107,-0.13287883,-0.9694858,0.5492071,0.80428225,-0.22693968,0.8098957,-0.57920057,-0.09271306
1356446843673,-0.15110484,-0.13534383,-0.9792086,0.5471296,0.81356514,-0.19687833,0.8232962,-0.56550324,-0.04888296
1356446843713,-0.11482324,-0.14468667,-0.9827927,0.5389626,0.8219914,-0.18398245,0.8344669,-0.5508139,-0.01640302
1356446843753,-0.09799096,-0.15957758,-0.9823099,0.5287297,0.8278818,-0.1872343,0.8431148,-0.5377237,0.0032485127
1356446843792,-0.09926051,-0.17800172,-0.9790112,0.5181815,0.8306903,-0.20357202,0.84949124,-0.5275121,0.0097824335
1356446843856,-0.11293131,-0.19739588,-0.97379744,0.5079334,0.8308589,-0.22732623,0.85396147,-0.52029645,0.006433964
1356446843873,-0.1295166,-0.21541452,-0.9678957,0.49988312,0.82881784,-0.25135207,0.85635406,-0.51638895,3.3640862E-4
1356446843913,-0.14137244,-0.23042989,-0.96276474,0.49735022,0.8243558,-0.27033377,0.8559537,-0.51704895,-0.0019368529
1356446843953,-0.14594394,-0.24127673,-0.95941955,0.5025156,0.817293,-0.28197554,0.852161,-0.5232759,0.0019663572
1356446843994,-0.14311512,-0.24676958,-0.9584481,0.5154364,0.8081345,-0.2850334,0.84489256,-0.5348116,0.01153779
1356446844033,-0.13327253,-0.24526365,-0.96025217,0.5327247,0.7992941,-0.27808875,0.835729,-0.5486116,0.02413404
1356446844074,-0.11577612,-0.23661627,-0.9646807,0.55284184,0.7915232,-0.26049358,0.82520413,-0.5634747,0.039171875
1356446844113,-0.09081972,-0.21860644,-0.9715776,0.57302463,0.7864507,-0.23051696,0.8144904,-0.5776734,0.05384165
1356446844154,-0.06427044,-0.19285473,-0.9791202,0.5917678,0.7826625,-0.19300319,0.8035422,-0.59181625,0.06382316
1356446844192,-0.047366723,-0.15961361,-0.98604256,0.60835373,0.7783404,-0.15521587,0.7922513,-0.60721475,0.06023413
1356446844233,-0.060011297,-0.12376478,-0.99049526,0.62224746,0.7712543,-0.13407032,0.7805169,-0.6243789,0.03072834
1356446844273,-0.12295292,-0.09374845,-0.9879745,0.62921697,0.7624881,-0.15065789,0.7674428,-0.6401742,-0.034762025
1356446844323,-0.25676325,-0.08143431,-0.96303743,0.61128813,0.7581279,-0.2270877,0.7485983,-0.64700115,-0.14487952
1356446844375,-0.38831872,-0.08415569,-0.9176744,0.57001054,0.760526,-0.31094727,0.7240833,-0.6438308,-0.24735689
1356446844419,-0.4637761,-0.0929707,-0.88106084,0.5368451,0.76161814,-0.36295348,0.7047759,-0.6413223,-0.30330944
1356446844454,-0.48999697,-0.10124718,-0.86582446,0.5245527,0.7590396,-0.3856207,0.69623804,-0.6431235,-0.31881762
1356446844493,-0.4630401,-0.09835078,-0.8808638,0.5424169,0.754549,-0.3693775,0.7009834,-0.64883196,-0.29603934
1356446844543,-0.37969393,-0.080611765,-0.9215933,0.58256054,0.7530338,-0.3058812,0.71864855,-0.65302515,-0.2389611
1356446844585,-0.28944713,-0.06810847,-0.9547679,0.60831285,0.7570414,-0.23841958,0.7390372,-0.6498074,-0.17769217
1356446844624,-0.21260233,-0.06447035,-0.9750097,0.61490566,0.7666483,-0.18477403,0.7594019,-0.6388223,-0.12334806
1356446844665,-0.15517367,-0.07064131,-0.9853583,0.6048795,0.7818105,-0.15130484,0.7810518,-0.61950153,-0.078586936
1356446844704,-0.12380189,-0.09129119,-0.98809874,0.585441,0.79727423,-0.14701243,0.8012066,-0.5966739,-0.045258462
1356446844743,-0.11317609,-0.12097813,-0.9861823,0.56192225,0.8107801,-0.16394821,0.8194111,-0.5727128,-0.023780644
1356446844786,-0.119308084,-0.15780441,-0.98023635,0.53722054,0.820017,-0.1973984,0.8349609,-0.5501543,-0.013058901
1356446844863,-0.13328168,-0.19684096,-0.97133386,0.515044,0.82358336,-0.23757112,0.8467382,-0.53194356,-0.00838685
1356446844865,-0.1473322,-0.23157322,-0.96159613,0.49939847,0.821765,-0.2744148,0.8537532,-0.5206498,-0.005425155
1356446844902,-0.15785153,-0.25965962,-0.95271176,0.4941623,0.81453264,-0.30387524,0.854919,-0.5187614,-2.6124716E-4
1356446844942,-0.16313128,-0.27891392,-0.9463589,0.50128233,0.8027389,-0.32299572,0.8497671,-0.5270837,0.008862793
1356446844984,-0.16175814,-0.2875003,-0.9440222,0.517879,0.78957427,-0.32920197,0.84002125,-0.54214036,0.021170318
1356446845043,-0.15097776,-0.2841847,-0.9468076,0.5422499,0.7770219,-0.3196905,0.8265414,-0.56167257,0.03678614
1356446845061,-0.12803091,-0.265437,-0.9555895,0.56845284,0.7699024,-0.29002005,0.8126927,-0.5803391,0.052317083
1356446845104,-0.09555709,-0.23477142,-0.9673423,0.5938884,0.766439,-0.24467887,0.7988525,-0.5978742,0.06618935
1356446845141,-0.0557815,-0.18916765,-0.98035914,0.61635184,0.7659445,-0.18286459,0.7854927,-0.6144466,0.073868275
1356446845179,-0.02020736,-0.13384405,-0.9907963,0.6339307,0.7646079,-0.11621791,0.77312577,-0.6304447,0.06939715
1356446845222,-0.014394149,-0.08301157,-0.9964446,0.6464733,0.7594736,-0.07260871,0.7628008,-0.64522,0.042732775
1356446845261,-0.058267996,-0.047356278,-0.9971771,0.6524255,0.75423706,-0.073942095,0.75560963,-0.6548922,-0.01305145
1356446845301,-0.15668184,-0.03487259,-0.9870333,0.6419344,0.7558971,-0.12860715,0.7505805,-0.653761,-0.09604943
1356446845347,-0.27950364,-0.04118535,-0.95926094,0.6057446,0.76759523,-0.20945446,0.74495053,-0.63961035,-0.18959785
1356446845394,-0.362741,-0.044925243,-0.9308064,0.56884277,0.7804836,-0.25935143,0.73813057,-0.62355995,-0.257558
1356446845432,-0.3969899,-0.041333795,-0.9168917,0.55228883,0.78712523,-0.2746104,0.7330593,-0.61540663,-0.2896526
1356446845472,-0.37649632,-0.022293508,-0.9261499,0.5668268,0.78520316,-0.24932586,0.7327742,-0.6188368,-0.28298956
1356446845521,-0.29019672,0.017018735,-0.9568157,0.609395,0.7741949,-0.17105554,0.73785067,-0.63271844,-0.23503995
1356446845561,-0.1958968,0.04453987,-0.9796125,0.6400375,0.7626561,-0.093315125,0.7429512,-0.64526886,-0.17790908
1356446845602,-0.10019065,0.06540796,-0.99281603,0.65582776,0.75473106,-0.016460657,0.7482324,-0.6527655,-0.118513346
1356446845645,-0.024564393,0.071002275,-0.9971736,0.6557064,0.75408214,0.037540644,0.7546163,-0.652931,-0.065080225
1356446845693,0.028640889,0.063768566,-0.9975536,0.6402516,0.76521164,0.06729844,0.7676312,-0.6406127,-0.01891154
1356446845731,0.04441353,0.03163874,-0.9985121,0.62248933,0.78087,0.05243066,0.781367,-0.6238917,0.014986396
1356446845773,0.039085694,-0.007283449,-0.9992093,0.60321736,0.79737854,0.017783552,0.79661846,-0.6034355,0.035559595
1356446845818,0.012643762,-0.05418387,-0.9984509,0.5819583,0.8123893,-0.036717176,0.81312025,-0.5805925,0.041804433
1356446845858,-0.026088297,-0.10459128,-0.9941731,0.5591558,0.82285786,-0.10124107,0.8286521,-0.55853885,0.037015855
1356446845900,-0.06388095,-0.14919256,-0.9867426,0.53693163,0.8283144,-0.15999919,0.8412038,-0.5400342,0.027192712
1356446845942,-0.091794476,-0.18227059,-0.9789542,0.5201399,0.8295504,-0.20322563,0.84913385,-0.52784806,0.018658042
1356446845984,-0.10726254,-0.20220432,-0.9734516,0.5135987,0.82707536,-0.22839157,0.85129964,-0.5244614,0.015137732
1356446846022,-0.11056827,-0.20773989,-0.971915,0.51599586,0.82378787,-0.23478019,0.8494251,-0.5274634,0.016108096
1356446846061,-0.103183255,-0.20146532,-0.9740457,0.5267427,0.8196166,-0.22532347,0.843739,-0.53632104,0.021549642
1356446846101,-0.08401419,-0.18056437,-0.9799684,0.54240906,0.8166949,-0.19698192,0.83590317,-0.548093,0.029325783
1356446846142,-0.055281848,-0.14696944,-0.9875951,0.5604965,0.813993,-0.15250921,0.8263097,-0.5619745,0.03737676
1356446846181,-0.020673245,-0.101092294,-0.9946622,0.5782438,0.81038654,-0.09438178,0.8156021,-0.5771084,0.041702688
1356446846221,0.005886227,-0.051673084,-0.9986467,0.5952567,0.80263543,-0.03802234,0.80351394,-0.5942274,0.03548324
1356446846261,0.0049147233,-0.0068362653,-0.9999645,0.6134504,0.7897296,-0.0023839772,0.7897178,-0.613417,0.008075058
1356446846301,-0.0364995,0.026809514,-0.9989741,0.631927,0.77502453,-0.0022892952,0.774168,-0.6313622,-0.045229673
1356446846342,-0.12728336,0.041576385,-0.9909947,0.64208376,0.7649777,-0.050375164,0.7559943,-0.6427135,-0.124064445
1356446846380,-0.22985293,0.04581222,-0.9721465,0.6363522,0.76285225,-0.11450893,0.7363583,-0.6449478,-0.20449656
1356446846430,-0.30610865,0.049191803,-0.95072484,0.62313604,0.76535606,-0.16103296,0.71972156,-0.6417244,-0.2649353
1356446846473,-0.32670528,0.062037528,-0.94308805,0.62329984,0.76423615,-0.16565159,0.71046543,-0.64194584,-0.28834796
1356446846512,-0.30489293,0.080531925,-0.9489758,0.63650954,0.75843024,-0.14013988,0.70844626,-0.64675975,-0.28249937
1356446846550,-0.24136144,0.10527563,-0.9647081,0.6576344,0.74877053,-0.082823336,0.7136258,-0.65441555,-0.2499572
1356446846591,-0.15547514,0.12730482,-0.97960246,0.67226815,0.7402333,-0.010499895,0.7237977,-0.66018796,-0.20067084
1356446846632,-0.065223776,0.14106193,-0.9878499,0.6721934,0.73785996,0.0609819,0.73749703,-0.6600487,-0.1429469
1356446846671,0.00942716,0.14194974,-0.98982894,0.6584095,0.7441312,0.11298531,0.7526009,-0.6527779,-0.08644605
1356446846713,0.066007584,0.13333726,-0.9888702,0.6354354,0.7584771,0.14468716,0.7693276,-0.6379135,-0.03466195
1356446846764,0.10061866,0.11522491,-0.9882303,0.6073476,0.77961504,0.1527393,0.78803855,-0.61556774,0.00846225
1356446846812,0.1064938,0.08556503,-0.99062485,0.5839756,0.8009734,0.13196222,0.8047555,-0.5925539,0.035330832
1356446846872,0.09453046,0.052853227,-0.994118,0.56731665,0.81771696,0.09742069,0.8180561,-0.5731889,0.047314644
1356446846889,0.06890011,0.021384984,-0.9973943,0.55550325,0.8296156,0.05616191,0.8286549,-0.55792534,0.04528117
1356446846929,0.039276898,-0.006426275,-0.9992077,0.5472041,0.83684385,0.016127467,0.83607715,-0.54740393,0.03638512
1356446846973,0.014017612,-0.028348595,-0.9994998,0.54320467,0.83944416,-0.016190737,0.83948326,-0.542706,0.027166128
1356446847021,7.357821E-4,-0.042358845,-0.99910223,0.5457928,0.837185,-0.035092086,0.83791983,-0.545277,0.023735166
1356446847061,-2.9743463E-4,-0.046883345,-0.9989003,0.55258036,0.8325354,-0.039239615,0.8334595,-0.5519844,0.025659204
1356446847101,0.008895248,-0.043036908,-0.9990338,0.56279194,0.826033,-0.030573308,0.8265506,-0.5619763,0.031568646
1356446847141,0.025869794,-0.030252099,-0.99920756,0.5743134,0.8185755,-0.0099141,0.81822675,-0.5736017,0.038550556
1356446847182,0.04602748,-0.010055691,-0.99888957,0.5860647,0.81004494,0.018850476,0.8089559,-0.58628154,0.043177605
1356446847220,0.0638692,0.016751617,-0.99781764,0.5971241,0.8004836,0.05165994,0.79960203,-0.59912044,0.04112345
1356446847263,0.06284264,0.044557154,-0.9970283,0.6099584,0.78899825,0.07370594,0.7899377,-0.6127777,0.02240473
1356446847309,0.028027363,0.072577566,-0.9969689,0.6252067,0.77693015,0.07413533,0.7799558,-0.62538946,-0.023600698
1356446847352,-0.058839887,0.09765658,-0.99347925,0.63706064,0.7698791,0.03794661,0.7685647,-0.63067377,-0.10751277
1356446847388,-0.15571094,0.11763033,-0.9807738,0.63771546,0.770221,-0.008868426,0.7543694,-0.62683547,-0.19494653
1356446847432,-0.24034396,0.13124038,-0.96177477,0.62893164,0.77576566,-0.051309466,0.7393779,-0.6172225,-0.26899183
1356446847472,-0.29145962,0.13433877,-0.94710314,0.62116563,0.77952486,-0.08058709,0.72746444,-0.6117958,-0.31064665
1356446847520,-0.2965725,0.12521547,-0.946766,0.62333566,0.776456,-0.09256759,0.72353125,-0.61760604,-0.30832678
1356446847565,-0.28104186,0.09886107,-0.95458996,0.6264353,0.77244604,-0.10443199,0.72704494,-0.6273385,-0.2790197
1356446847611,-0.24459681,0.06166807,-0.9676619,0.628554,0.76997507,-0.1098105,0.7383037,-0.635087,-0.22709513
1356446847652,-0.21247636,0.014993519,-0.97705114,0.62408745,0.77147174,-0.12387964,0.75191,-0.63608694,-0.17327678
1356446847692,-0.18361838,-0.031780154,-0.9824837,0.6136404,0.77710706,-0.13982144,0.76793855,-0.62856555,-0.12318957
1356446847731,-0.16156487,-0.07608375,-0.98392487,0.5978631,0.78568584,-0.15892637,0.78514755,-0.6139292,-0.081451535
1356446847772,-0.14597617,-0.11521895,-0.9825557,0.5775384,0.7964528,-0.1791993,0.8032064,-0.5936224,-0.04971975
1356446847810,-0.13761756,-0.14842096,-0.9793021,0.5563947,0.80638933,-0.20040268,0.8194427,-0.5724574,-0.028392732
1356446847877,-0.14026536,-0.17355278,-0.9747846,0.5340117,0.81578773,-0.2220855,0.83376086,-0.55169725,-0.02174753
1356446847903,-0.15034284,-0.1921776,-0.9697757,0.515225,0.8219558,-0.24275906,0.8437656,-0.53614974,-0.024560452
1356446847945,-0.16572145,-0.20395276,-0.96485215,0.5012715,0.82514083,-0.2605178,0.8492722,-0.52682626,-0.03450787
1356446847982,-0.17945321,-0.21180484,-0.96069515,0.4932299,0.8255711,-0.27414694,0.8511878,-0.5230402,-0.043682933
1356446848023,-0.18790306,-0.21800525,-0.95768803,0.49239135,0.8227699,-0.28390247,0.84984905,-0.52490336,-0.047257066
1356446848067,-0.18982728,-0.22379394,-0.95597166,0.4989202,0.816603,-0.29023814,0.8456028,-0.5320487,-0.043358207
1356446848104,-0.18684097,-0.22852683,-0.95544016,0.5098123,0.8087987,-0.29314867,0.839751,-0.5418673,-0.034610927
1356446848154,-0.17691569,-0.23239864,-0.95639515,0.52737737,0.79806757,-0.29148114,0.83100784,-0.55594873,-0.018628895
1356446848188,-0.1636604,-0.23107243,-0.95907295,0.54475224,0.7893521,-0.28313994,0.8224721,-0.5687959,-0.003308475
1356446848229,-0.15192452,-0.22629406,-0.9621382,0.5603215,0.78218484,-0.27244568,0.8142227,-0.5804979,0.007964432
1356446848271,-0.14837582,-0.21687064,-0.96485835,0.5730065,0.7763361,-0.2626135,0.80600744,-0.5918356,0.009078801
1356446848311,-0.16486558,-0.20331183,-0.96513397,0.5807675,0.77089167,-0.26160097,0.7972004,-0.6036475,-0.009016633
1356446848352,-0.21223852,-0.18736619,-0.9590875,0.57907844,0.76645374,-0.27787906,0.78716135,-0.6143635,-0.054171324
1356446848402,-0.3028816,-0.17073292,-0.9376102,0.55682254,0.76672983,-0.3194902,0.77344126,-0.61885023,-0.13716042
1356446848442,-0.39292985,-0.16432725,-0.9047667,0.5225698,0.76968986,-0.36674017,0.7566551,-0.6169069,-0.21656168
1356446848482,-0.45755595,-0.16761623,-0.8732395,0.49176425,0.7705072,-0.40556934,0.7408173,-0.6149987,-0.27012247
1356446848531,-0.4793694,-0.17850274,-0.85926807,0.48368174,0.7632387,-0.42839068,0.7322955,-0.6209697,-0.27953476
1356446848574,-0.47552323,-0.19360931,-0.85813355,0.4878893,0.75366724,-0.44039726,0.73201215,-0.62809324,-0.2639264
1356446848625,-0.42826748,-0.20844273,-0.8792831,0.5101833,0.74734735,-0.42565823,0.7458552,-0.6308911,-0.21372056
1356446848671,-0.36767375,-0.21952718,-0.9036724,0.53012884,0.74890614,-0.39762163,0.7640546,-0.62525785,-0.15897548
1356446848713,-0.30824953,-0.22523238,-0.9242578,0.5412508,0.7574631,-0.3650989,0.7823233,-0.61279684,-0.11158043
1356446848750,-0.2560196,-0.22666602,-0.9397214,0.54196274,0.7713118,-0.3336981,0.8004562,-0.59472734,-0.074626386
1356446848803,-0.21451218,-0.22502667,-0.95044595,0.53385323,0.78786874,-0.30702376,0.81791514,-0.573259,-0.048876226
1356446848869,-0.18721531,-0.22164817,-0.9569861,0.5163744,0.8065454,-0.28782287,0.8356481,-0.548048,-0.036544204
1356446848878,-0.16990244,-0.21599159,-0.9614993,0.5014641,0.82096666,-0.2730339,0.84833187,-0.52854645,-0.031172216
1356446848919,-0.16523397,-0.21116184,-0.9633838,0.49051142,0.82983845,-0.26602003,0.8556262,-0.5165063,-0.03354019
1356446848962,-0.16969575,-0.20653433,-0.96361136,0.48410696,0.8342159,-0.26405367,0.85839605,-0.5112998,-0.041578174
1356446849001,-0.17608236,-0.20175657,-0.96347773,0.48243693,0.83547693,-0.26312143,0.85804987,-0.5111483,-0.049777925
1356446849041,-0.17950755,-0.19682758,-0.9638651,0.48703206,0.83350205,-0.2609101,0.8547378,-0.51626855,-0.05375856
1356446849081,-0.17743814,-0.19137901,-0.9653444,0.49850565,0.8282758,-0.25583458,0.8485328,-0.52662444,-0.051564217
1356446849121,-0.1699722,-0.18480484,-0.9679652,0.5156923,0.8203449,-0.24717528,0.8397445,-0.54118514,-0.044133425
1356446849167,-0.15699051,-0.17630972,-0.9717349,0.53837055,0.8096058,-0.23387083,0.82795596,-0.55986893,-0.032180488
1356446849210,-0.13951279,-0.16327323,-0.97666687,0.5620403,0.79898494,-0.21385455,0.8152588,-0.5787616,-0.019702494
1356446849262,-0.122699276,-0.14588161,-0.9816636,0.5851592,0.7882774,-0.19028285,0.801582,-0.597777,-0.011357069
1356446849309,-0.11512987,-0.120516,-0.9860127,0.6040762,0.779487,-0.16580704,0.78856647,-0.6147162,-0.016941369
1356446849350,-0.13096781,-0.09262404,-0.9870503,0.6163968,0.77218044,-0.15424804,0.77646804,-0.6286161,-0.04403764
1356446849403,-0.20973381,-0.06706393,-0.9754558,0.61089385,0.769966,-0.18428516,0.7634267,-0.6345508,-0.12051892
1356446849444,-0.3115101,-0.050969213,-0.94887483,0.586771,0.77512425,-0.23426965,0.7474364,-0.62974966,-0.21155173
1356446849490,-0.4110248,-0.04853283,-0.9103314,0.54678607,0.7858955,-0.28877878,0.7294406,-0.61645174,-0.29648548
1356446849532,-0.47822082,-0.05947709,-0.8762233,0.51147246,0.79218626,-0.33292162,0.71393335,-0.6073742,-0.34841907
1356446849583,-0.49266657,-0.07499798,-0.8669804,0.50564116,0.78616786,-0.35534078,0.708242,-0.61344546,-0.3493966
1356446849631,-0.4733776,-0.09659569,-0.8755471,0.5166774,0.7745721,-0.36480483,0.71341294,-0.6250659,-0.3167562
1356446849672,-0.4351412,-0.116702735,-0.89276683,0.53396744,0.7649175,-0.36024994,0.7249352,-0.63346803,-0.27053165
1356446849723,-0.36460975,-0.12853092,-0.92224705,0.55771744,0.76297784,-0.3268273,0.7456615,-0.6335176,-0.20650524
1356446849760,-0.29535162,-0.13700807,-0.9455137,0.57227594,0.7671033,-0.28991857,0.7650279,-0.6267227,-0.14815879
1356446849813,-0.22318296,-0.13950871,-0.9647417,0.57423776,0.7809271,-0.24577172,0.78768027,-0.60884327,-0.09417844
1356446849873,-0.16903166,-0.1427899,-0.97521245,0.5669952,0.79524446,-0.2147153,0.80619144,-0.5892345,-0.0534603
1356446849893,-0.1357676,-0.1477237,-0.9796657,0.55398023,0.8084744,-0.19868346,0.82138485,-0.56969017,-0.02792859
1356446849934,-0.12322648,-0.15675862,-0.97991943,0.5385351,0.81883675,-0.19871172,0.8335438,-0.55220747,-0.016482353
1356446849971,-0.124654666,-0.16939434,-0.9776332,0.52403283,0.82544285,-0.20984201,0.8425264,-0.53846973,-0.014127076
1356446850013,-0.1317572,-0.1832301,-0.9742006,0.5142242,0.8275626,-0.22519706,0.8474748,-0.5306288,-0.014815986
1356446850060,-0.13735108,-0.19551991,-0.97103375,0.51255417,0.82484293,-0.238584,0.84759825,-0.5304772,-0.013078511
1356446850105,-0.13501261,-0.20261265,-0.96990705,0.52539355,0.81528795,-0.24344853,0.8400793,-0.5424515,-0.0036227703
1356446850152,-0.12296602,-0.19791518,-0.97247565,0.5439965,0.80613256,-0.23284796,0.8300284,-0.5576558,0.008538306
1356446850190,-0.10010478,-0.18072258,-0.97842646,0.56570935,0.7986164,-0.20538923,0.8185059,-0.57406545,0.022291183
1356446850225,-0.06423393,-0.1466493,-0.98710084,0.5862704,0.7949052,-0.15624614,0.807565,-0.5887443,0.03491628
1356446850262,-0.021039858,-0.10268715,-0.99449116,0.60385287,0.79147434,-0.09449977,0.7968181,-0.60251456,0.04535544
1356446850304,0.02897948,-0.04140258,-0.9987222,0.616477,0.7872348,-0.014747202,0.7868395,-0.6152619,0.0483374
1356446850343,0.064568095,0.027932793,-0.9975223,0.6246426,0.7784273,0.062229812,0.7782368,-0.627113,0.03281355
1356446850388,0.0548805,0.09271163,-0.99417937,0.6340592,0.7659257,0.10642719,0.7713345,-0.63620937,-0.016750276
1356446850432,-0.015559457,0.14155361,-0.9898083,0.6451907,0.75768256,0.098214865,0.7638631,-0.6370869,-0.10311818
1356446850471,-0.11465046,0.17427333,-0.978,0.64916015,0.7583575,0.05903372,0.75196165,-0.6281104,-0.2000773
1356446850512,-0.20703244,0.19540104,-0.9586219,0.6445755,0.76436055,0.016595513,0.73597556,-0.61446834,-0.28419816
1356446850551,-0.24996305,0.2226912,-0.9422988,0.64579844,0.76345354,0.009114563,0.7214311,-0.60625684,-0.3346488
1356446850592,-0.2300559,0.2638984,-0.93671334,0.66119015,0.7486472,0.04852721,0.71407413,-0.6081817,-0.34671772
1356446850643,-0.12890306,0.32350552,-0.937405,0.68262124,0.7146284,0.15275595,0.7193136,-0.6202018,-0.31294954
1356446850685,-0.025246143,0.3696683,-0.9288208,0.6846805,0.68338406,0.25337493,0.728406,-0.6295487,-0.2703575
1356446850723,0.070028156,0.4016148,-0.91312736,0.66694903,0.6618509,0.34224615,0.74180526,-0.6329763,-0.22150838
1356446850771,0.14451924,0.41984415,-0.89601624,0.63381255,0.6560981,0.4096546,0.75986564,-0.6271093,-0.17128372
1356446850817,0.18990916,0.42652732,-0.88431275,0.59867305,0.66357094,0.4486248,0.77815497,-0.61461216,-0.12933218
1356446850870,0.20994365,0.42611805,-0.8799699,0.5638111,0.6825425,0.46502978,0.7987744,-0.59376687,-0.096954644
1356446850903,0.21382165,0.41865823,-0.88261294,0.5368678,0.7044674,0.4642183,0.81612086,-0.5731064,-0.074133754
1356446850943,0.20803323,0.40752068,-0.8891845,0.5182989,0.72502553,0.45354626,0.8295109,-0.5552161,-0.060388148
1356446850985,0.19541705,0.3921565,-0.89890236,0.5079386,0.7435906,0.43482336,0.8389341,-0.5415591,-0.05388117
1356446851026,0.18005392,0.37387264,-0.90983504,0.50429326,0.7590642,0.41171566,0.84455246,-0.53295475,-0.051868975
1356446851064,0.16763371,0.35310084,-0.92044485,0.5047281,0.7712732,0.38779795,0.8468462,-0.5295823,-0.0489285
1356446851105,0.16715598,0.3347684,-0.92735595,0.5086895,0.7764436,0.37198156,0.84456724,-0.53391516,-0.040506005
1356446851145,0.17530629,0.31889135,-0.9314376,0.5154091,0.7763557,0.36280215,0.8388213,-0.5436729,-0.028259456
1356446851186,0.19339108,0.30745414,-0.93170375,0.5243641,0.7702366,0.36301216,0.82924193,-0.5587553,-0.012261033
1356446851223,0.21822858,0.30019832,-0.9285781,0.53381157,0.75982463,0.37109533,0.8169587,-0.5766693,0.00556612
1356446851265,0.24545947,0.29607177,-0.92308784,0.5423513,0.74730766,0.38390926,0.8034953,-0.59487206,0.022858799
1356446851320,0.2688892,0.2935367,-0.9173521,0.5504848,0.7347074,0.3964486,0.7903576,-0.6115891,0.03596741
1356446851342,0.2791952,0.2911644,-0.9150264,0.5615237,0.72349626,0.40155244,0.7789359,-0.62592053,0.038500965
1356446851384,0.25992644,0.28815678,-0.9216311,0.58217883,0.71470004,0.38764894,0.7703935,-0.6373143,0.018010676
1356446851418,0.20659089,0.28456572,-0.9361317,0.61111057,0.70966977,0.3505891,0.76410997,-0.6445085,-0.027289808
1356446851462,0.106868684,0.28050902,-0.9538835,0.6432282,0.7120652,0.28146166,0.7581798,-0.64364415,-0.10433382
1356446851502,-0.012014419,0.27324486,-0.9618695,0.6627736,0.7224543,0.19695407,0.7487235,-0.6351354,-0.18977934
1356446851541,-0.11110729,0.2621891,-0.95859903,0.6676013,0.7342149,0.12343824,0.7361819,-0.62624705,-0.2566144
1356446851583,-0.16797584,0.24636221,-0.9545102,0.66768533,0.74078655,0.073699325,0.725245,-0.62493277,-0.28892666
1356446851622,-0.18192637,0.22611465,-0.9569614,0.66987115,0.740942,0.047724634,0.7198441,-0.63235843,-0.28626454
1356446851661,-0.16507983,0.2009582,-0.96559024,0.67291707,0.73870516,0.038695306,0.72106266,-0.6433743,-0.25717354
1356446851702,-0.13226742,0.1718731,-0.9761992,0.6728808,0.73872775,0.038892835,0.7278301,-0.6517215,-0.21335971
1356446851747,-0.09106297,0.14086959,-0.98583126,0.6661669,0.7444534,0.044843078,0.74022245,-0.6526446,-0.1616348
1356446851782,-0.060434848,0.10858217,-0.9922488,0.65491223,0.75449896,0.04267639,0.7532846,-0.64725673,-0.11670983
1356446851822,-0.03918037,0.07971582,-0.9960473,0.6380837,0.7691035,0.036453426,0.7689695,-0.63413334,-0.080999136
1356446851881,-0.031306565,0.052312434,-0.99814,0.61558616,0.78776306,0.021978825,0.7874476,-0.6137531,-0.056864977
1356446851916,-0.035978436,0.025037974,-0.9990388,0.59243095,0.80562043,-0.001144737,0.80481744,-0.59190273,-0.043818235
1356446851959,-0.048034757,-7.5101852E-6,-0.9988456,0.5711513,0.82038486,-0.027473003,0.8194381,-0.5718117,-0.039402723
1356446851995,-0.063367784,-0.022411406,-0.9977386,0.5528909,0.8315155,-0.053792536,0.8308407,-0.5550493,-0.04030025
1356446852033,-0.078032136,-0.042552456,-0.9960424,0.5395981,0.83829373,-0.07808648,0.8382988,-0.5435558,-0.042452633
1356446852073,-0.088059984,-0.06107065,-0.9942413,0.5344484,0.8393954,-0.098895475,0.84060115,-0.54007936,-0.041278064
1356446852112,-0.09139934,-0.07781112,-0.99276966,0.539145,0.8343208,-0.11502865,0.83723885,-0.5457604,-0.034304857
1356446852157,-0.08791373,-0.09165999,-0.99190193,0.55296254,0.8237562,-0.12513183,0.82855505,-0.5594855,-0.021734953
1356446852200,-0.07836668,-0.10068384,-0.99182725,0.5727191,0.80978256,-0.12745579,0.81599724,-0.5780267,-0.0057964325
1356446852243,-0.06260458,-0.102363035,-0.9927751,0.5949628,0.79482436,-0.11947127,0.80131125,-0.59814376,0.011142552
1356446852285,-0.041006044,-0.09418869,-0.9947095,0.6161924,0.7813002,-0.09938303,0.7865275,-0.61700773,0.02600032
1356446852333,-0.019172862,-0.07655379,-0.9968811,0.63585854,0.7685103,-0.07124576,0.7715676,-0.63524127,0.03394282
1356446852375,-0.0028091222,-0.047781706,-0.9988539,0.6531143,0.7563045,-0.038015783,0.7572541,-0.65247256,0.029082358
1356446852416,-0.014294177,-0.01644653,-0.99976254,0.6686501,0.7432579,-0.021787047,0.7434397,-0.66880274,3.7270784E-4
1356446852466,-0.098611444,0.012761265,-0.9950442,0.6776509,0.73311234,-0.057754934,0.72874206,-0.6799879,-0.0809409
1356446852503,-0.20126563,0.039381146,-0.97874475,0.6726757,0.7318831,-0.108878314,0.712039,-0.6802913,-0.17379367
1356446852544,-0.3072477,0.05397129,-0.95009786,0.64971817,0.7413799,-0.1679945,0.6953166,-0.66891176,-0.26285338
1356446852582,-0.38230377,0.06053394,-0.9220517,0.6239006,0.7529691,-0.20925006,0.6816097,-0.6552657,-0.32563007
1356446852629,-0.41454455,0.063987166,-0.9077767,0.61109626,0.7587321,-0.2255814,0.674325,-0.6482525,-0.35363054
1356446852663,-0.4076591,0.06730193,-0.9106505,0.6142896,0.7580917,-0.21896411,0.67561984,-0.6486659,-0.35038584
1356446852705,-0.36416042,0.07226688,-0.92852825,0.62897956,0.75435555,-0.187969,0.68685657,-0.6524762,-0.32016087
1356446852743,-0.30322325,0.07653153,-0.9498413,0.6426678,0.752387,-0.14454043,0.7035864,-0.65426046,-0.27732557
1356446852785,-0.22552454,0.08147928,-0.97082436,0.65001786,0.7548474,-0.087647736,0.72568274,-0.6508199,-0.2231996
1356446852823,-0.15042418,0.08362612,-0.9850782,0.64676535,0.76192725,-0.034080714,0.74770784,-0.642241,-0.16869873
1356446852879,-0.08393703,0.083275944,-0.9929852,0.6339786,0.7732686,0.011259377,0.76878196,-0.6285863,-0.11770105
1356446852908,-0.03451985,0.07846242,-0.99631923,0.6151726,0.78734165,0.04069084,0.78763634,-0.6115037,-0.075446844
1356446852943,-0.0059416667,0.06836864,-0.9976424,0.5950844,0.8020166,0.051418215,0.8036412,-0.59337604,-0.04545039
1356446852983,0.0021740496,0.05275774,-0.99860495,0.5771734,0.8154172,0.04433623,0.81661874,-0.57646465,-0.028677642
1356446853027,-0.0061003864,0.03193277,-0.99947137,0.56276447,0.82629824,0.022965044,0.82659477,-0.5623269,-0.023011386
1356446853063,-0.024153523,0.0074566603,-0.99968046,0.5520213,0.8337996,-0.0071181655,0.83348006,-0.55201685,-0.024255455
1356446853105,-0.0438945,-0.018339843,-0.9988678,0.54597044,0.8368795,-0.0393579,0.83665377,-0.54707986,-0.026721418
1356446853143,-0.05853036,-0.04227695,-0.99739003,0.5467298,0.8345871,-0.067460135,0.83526087,-0.5492514,-0.025734663
1356446853183,-0.06560692,-0.061553106,-0.9959453,0.5542417,0.82772624,-0.08766669,0.8297661,-0.557746,-0.020189226
1356446853225,-0.06300053,-0.07312752,-0.99533075,0.5687981,0.8168534,-0.096017376,0.8200608,-0.5721914,-0.00986737
1356446853266,-0.05048602,-0.073792696,-0.99599487,0.586219,0.80520797,-0.08937229,0.8085781,-0.5883832,0.0026069283
1356446853305,-0.026973508,-0.062851906,-0.9976583,0.6045761,0.7937789,-0.06635347,0.79609054,-0.6049502,0.016587734
1356446853353,0.007986754,-0.037585765,-0.99926144,0.62161505,0.78294015,-0.02448082,0.7832821,-0.6209605,0.029617012
1356446853389,0.053101987,0.005296439,-0.9985751,0.63340604,0.77289665,0.03778252,0.7719954,-0.6345098,0.0376876
1356446853425,0.08050167,0.046399742,-0.99567395,0.64201224,0.7616961,0.087403685,0.7624565,-0.646271,0.031528592
1356446853471,0.07932636,0.08852312,-0.9929104,0.65120816,0.7495347,0.11885175,0.7547419,-0.65601945,0.0018109083
1356446853514,0.03480524,0.12565097,-0.9914638,0.66272175,0.73966867,0.11700508,0.74805653,-0.661137,-0.057527304
1356446853543,-0.050887533,0.15365744,-0.986813,0.6716048,0.7365715,0.08005914,0.73916,-0.65867436,-0.14067936
1356446853584,-0.14000368,0.17500177,-0.97456324,0.67407084,0.73780584,0.035651803,0.72527754,-0.65193325,-0.22125912
1356446853623,-0.19947323,0.19286196,-0.9607365,0.6769226,0.7360189,0.0072050095,0.7085098,-0.6489071,-0.27736872
1356446853666,-0.21501058,0.2092323,-0.9539351,0.68617356,0.7274214,0.00489071,0.6949361,-0.65351355,-0.29997295
1356446853704,-0.18939286,0.2231024,-0.95621943,0.6992751,0.71429795,0.028156579,0.68930733,-0.66332775,-0.2912929
1356446853743,-0.14334267,0.22971082,-0.9626452,0.707655,0.7037825,0.06256649,0.6918651,-0.6722523,-0.2634381
1356446853783,-0.086646914,0.22910583,-0.96953744,0.70669204,0.70008975,0.10227758,0.7021956,-0.6763024,-0.22256786
1356446853822,-0.034397572,0.21976556,-0.974946,0.6953271,0.7059759,0.13460395,0.71786976,-0.6732764,-0.17709279
1356446853878,0.005213022,0.20327726,-0.9791074,0.6760739,0.72072446,0.15323272,0.73681533,-0.66274774,-0.13367331
1356446853908,0.02999089,0.18186578,-0.9828659,0.6517439,0.7419735,0.1571791,0.757846,-0.64529073,-0.096277475
1356446853943,0.041184068,0.15706919,-0.98672855,0.6258156,0.7657967,0.14802119,0.7788831,-0.6236062,-0.06675774
1356446853982,0.04245686,0.13074033,-0.9905071,0.60054946,0.78896856,0.12988037,0.79845953,-0.60036284,-0.04501891
1356446854025,0.036220934,0.10313174,-0.99400795,0.578678,0.8087688,0.10499914,0.8147514,-0.5790137,-0.030385673
1356446854064,0.023333937,0.074518576,-0.9969466,0.5619957,0.82375777,0.07472697,0.82681096,-0.5620233,-0.022657573
1356446854104,0.0036570951,0.04488188,-0.9989856,0.55069184,0.8337747,0.03947535,0.83470064,-0.5502776,-0.021666884
1356446854145,-0.02053935,0.0147256255,-0.9996806,0.5443529,0.8388555,0.0011724234,0.83860487,-0.54415494,-0.025245488
1356446854192,-0.04267756,-0.01497671,-0.9989766,0.54406214,0.8382803,-0.03581056,0.8379588,-0.5450337,-0.027627528
1356446854233,-0.05820158,-0.042528003,-0.9973987,0.54923415,0.8329326,-0.067565024,0.8336393,-0.5517378,-0.025120199
1356446854273,-0.064881496,-0.0647037,-0.9957931,0.56030124,0.8233839,-0.09000784,0.8257439,-0.56378394,-0.01716882
1356446854314,-0.064303935,-0.080763444,-0.9946569,0.5753659,0.8113747,-0.10307844,0.8153645,-0.57892,-0.005706072
1356446854351,-0.05762753,-0.09016693,-0.9942579,0.5926853,0.7983285,-0.106750816,0.8033699,-0.59543383,0.0074349046
1356446854398,-0.04612738,-0.092395484,-0.9946534,0.6125611,0.7839145,-0.101227224,0.78907615,-0.6139553,0.020437956
1356446854439,-0.034568906,-0.084860384,-0.9957929,0.631299,0.77057815,-0.08758336,0.77476865,-0.63167083,0.026934266
1356446854481,-0.035668314,-0.072496295,-0.9967306,0.6483365,0.75731856,-0.07828379,0.7605179,-0.64900917,0.019989729
1356446854524,-0.07121298,-0.058584005,-0.99573916,0.6621901,0.74377537,-0.09111813,0.7459443,-0.66585743,-0.014172733
1356446854572,-0.16659759,-0.04683444,-0.9849121,0.6621498,0.73482305,-0.14694464,0.7306182,-0.67664,-0.09140831
1356446854613,-0.28437886,-0.03996718,-0.95787853,0.64030045,0.7357079,-0.22079217,0.71354324,-0.6761187,-0.1836288
1356446854652,-0.397555,-0.041205168,-0.9166527,0.5988106,0.7452885,-0.29320797,0.6952524,-0.6654676,-0.27161908
1356446854690,-0.47523868,-0.04842758,-0.8785232,0.5601589,0.75333285,-0.34454554,0.67850584,-0.6558539,-0.33088577
1356446854733,-0.50831056,-0.05740215,-0.8592586,0.5435011,0.7525795,-0.3717938,0.6680022,-0.6559947,-0.35134596
1356446854781,-0.49630302,-0.06665778,-0.8655866,0.55412656,0.7432048,-0.37495387,0.66830164,-0.66573524,-0.33191788
1356446854821,-0.46487492,-0.079358995,-0.88181263,0.571495,0.73380464,-0.36732036,0.67622834,-0.6747095,-0.2957741
1356446854874,-0.41661006,-0.090709,-0.9045485,0.59076214,0.7292623,-0.34521982,0.6909677,-0.678195,-0.25023055
1356446854914,-0.35981047,-0.10159075,-0.92747813,0.6042042,0.7321008,-0.31458816,0.71096677,-0.67357826,-0.20203596
1356446854944,-0.30346316,-0.11308536,-0.9461088,0.6071018,0.7423471,-0.28345752,0.7343961,-0.66040325,-0.15662068
1356446854985,-0.25540733,-0.12638111,-0.958538,0.5990761,0.75747514,-0.2594983,0.75886434,-0.6405149,-0.11775279
1356446855024,-0.21964104,-0.1421584,-0.96516776,0.5825435,0.77447534,-0.24663965,0.78256047,-0.6164244,-0.08729309
1356446855063,-0.199157,-0.16183126,-0.9665128,0.5624839,0.78874743,-0.24797042,0.8024639,-0.593033,-0.066057086
1356446855107,-0.19373865,-0.18452887,-0.9635427,0.5421476,0.7984212,-0.2619154,0.8176439,-0.5731255,-0.054643154
1356446855141,-0.20083761,-0.21109498,-0.95661026,0.52412224,0.8018348,-0.28697866,0.8276232,-0.5590168,-0.050399065
1356446855186,-0.21578364,-0.23797974,-0.94699687,0.510741,0.79908437,-0.31718737,0.83221453,-0.552114,-0.050883293
1356446855225,-0.23224255,-0.26441085,-0.93602896,0.50306195,0.790979,-0.348254,0.83246136,-0.55175996,-0.050683916
1356446855262,-0.24461512,-0.28666893,-0.92627454,0.5037623,0.77867174,-0.37402394,0.8284849,-0.55811405,-0.046061933
1356446855305,-0.2511015,-0.30315349,-0.9192637,0.51305395,0.7636315,-0.39197257,0.8208066,-0.57005686,-0.036214888
1356446855344,-0.2506331,-0.31194812,-0.916445,0.5306068,0.74753237,-0.39956453,0.80971575,-0.58641607,-0.021834552
1356446855395,-0.2404891,-0.3107584,-0.919562,0.558351,0.7306458,-0.39293888,0.7939831,-0.6079359,-0.002200067
1356446855435,-0.21755072,-0.292844,-0.9310821,0.5897789,0.7206447,-0.36446118,0.7777097,-0.6284215,0.015936434
1356446855481,-0.19073355,-0.26350874,-0.9456129,0.62021065,0.71432596,-0.32415605,0.7608938,-0.64830667,0.027185023
1356446855525,-0.16329743,-0.21782792,-0.96222913,0.64670926,0.7129166,-0.2711403,0.745051,-0.666559,0.024453878
1356446855565,-0.162943,-0.17017962,-0.97184795,0.66304255,0.7105433,-0.2355905,0.7306327,-0.68276435,-0.0029417276
1356446855603,-0.21073073,-0.13039139,-0.9688089,0.66393435,0.7083165,-0.23974769,0.71748435,-0.69374764,-0.06269276
1356446855644,-0.30468628,-0.10555333,-0.94658583,0.64187837,0.71149635,-0.28594595,0.70367485,-0.6947168,-0.14903075
1356446855683,-0.40498352,-0.091653675,-0.90971863,0.6026927,0.72144854,-0.340989,0.68756807,-0.68637574,-0.23693573
1356446855724,-0.46997094,-0.077645496,-0.8792602,0.57220817,0.7316668,-0.37046123,0.6720902,-0.6772258,-0.29943275
1356446855768,-0.48516738,-0.054231852,-0.8727379,0.57069397,0.7365596,-0.3630266,0.6625111,-0.67419493,-0.32640493
1356446855806,-0.44012523,-0.012618631,-0.89784765,0.60514915,0.734551,-0.3069679,0.6633884,-0.6784361,-0.31565827
1356446855879,-0.35662544,0.039081633,-0.9334296,0.64906335,0.72899145,-0.21745865,0.6719636,-0.68340623,-0.28534335
1356446855882,-0.24113685,0.097346544,-0.9655965,0.6846774,0.722204,-0.09817442,0.6878007,-0.6847956,-0.24080098
1356446855920,-0.12213674,0.14825514,-0.98137814,0.6951933,0.7184855,0.022020608,0.7083706,-0.6795579,-0.19081944
1356446855952,-0.03004548,0.1804606,-0.9831232,0.68358994,0.72129786,0.111508995,0.7292477,-0.6687027,-0.14503276
1356446855989,0.033686936,0.19712356,-0.97979975,0.6593697,0.73234457,0.17000873,0.7510637,-0.6517774,-0.105306864
1356446856031,0.0688937,0.19799004,-0.97778,0.6299168,0.75138557,0.19653113,0.77360106,-0.6294598,-0.072951555
1356446856071,0.079196334,0.1832519,-0.97987074,0.6026944,0.7741578,0.19349194,0.7940324,-0.60588646,-0.049134433
1356446856111,0.070949584,0.15577114,-0.9852418,0.582152,0.79559577,0.16770934,0.8099785,-0.5854594,-0.0342353
1356446856153,0.04734358,0.11847021,-0.99182826,0.569281,0.81270015,0.124247834,0.82077867,-0.5705113,-0.028966725
1356446856201,0.0097929835,0.07242291,-0.9973259,0.5630527,0.82383287,0.065353125,0.82636297,-0.5621871,-0.032710135
1356446856242,-0.028231062,0.02531305,-0.9992808,0.55962694,0.8287284,0.0051825047,0.82826364,-0.5590782,-0.037561774
1356446856284,-0.052990355,-0.009765774,-0.9985472,0.55984795,0.82773244,-0.0378049,0.8268992,-0.5610379,-0.03839451
