1356447572154,-0.18138248,-0.465569,0.86622506,0.20099834,0.8446903,0.4960826,-0.9626526,0.26409048,-0.059633434
1356447572192,-0.15334505,-0.35054362,0.9239072,0.22309846,0.8985441,0.37794918,-0.96265906,0.26407892,-0.059581578
1356447572230,-0.15313333,-0.35084116,0.9238293,0.22310549,0.8984442,0.3781825,-0.96269107,0.26402375,-0.059307158
1356447572271,-0.15260553,-0.35148022,0.9236738,0.22313169,0.8982345,0.37866485,-0.96276885,0.26388723,-0.058649182
1356447572311,-0.15174791,-0.35222724,0.9235305,0.2231355,0.89802337,0.3791631,-0.96290356,0.26360965,-0.05767876
1356447572350,-0.15068024,-0.35261926,0.92355573,0.22298416,0.89802366,0.37925133,-0.9631063,0.26308396,-0.056685925
1356447572391,-0.14959154,-0.35221466,0.92388695,0.22263125,0.8984076,0.3785486,-0.9633575,0.2623138,-0.055980206
1356447572432,-0.14873889,-0.3505569,0.92465484,0.22232974,0.8992617,0.37669346,-0.96355915,0.2616072,-0.055815935
1356447572470,-0.1484128,-0.34716395,0.92598635,0.22251911,0.9006212,0.37331852,-0.96356565,0.2614549,-0.056413054
1356447572511,-0.14875096,-0.3417761,0.9279344,0.2236229,0.9024395,0.36823335,-0.963258,0.26228246,-0.05780977
1356447572550,-0.1495691,-0.33468646,0.93038374,0.22596002,0.90449727,0.36169982,-0.9625856,0.26432866,-0.059659064
1356447572591,-0.15041247,-0.32679966,0.9330477,0.22972724,0.90639734,0.35449865,-0.961562,0.2676675,-0.061258674
1356447572630,-0.1507568,-0.31939,0.93555456,0.23496817,0.9076731,0.3477347,-0.9602408,0.27224892,-0.06179142
1356447572671,-0.15028825,-0.31365976,0.9375665,0.24156603,0.9079424,0.34247118,-0.95867574,0.27795362,-0.06068349
1356447572712,-0.14900756,-0.31040767,0.93885237,0.2491373,0.90703785,0.3394302,-0.9569364,0.2844808,-0.057821393
1356447572750,-0.1470232,-0.31010935,0.9392637,0.25702348,0.904987,0.3390244,-0.9551561,0.2912573,-0.05334866
1356447572791,-0.14424872,-0.31315818,0.9386822,0.26433858,0.9019362,0.3415205,-0.95358133,0.29739386,-0.047323346
1356447572831,-0.14028162,-0.31994802,0.9369922,0.27001786,0.8981162,0.34709895,-0.95258147,0.30169624,-0.03959751
1356447572871,-0.13424847,-0.33111373,0.9339919,0.2732028,0.89362854,0.35607344,-0.95254266,0.30297154,-0.029507041
1356447572910,-0.12503442,-0.34748873,0.9293105,0.2737194,0.8882285,0.36895496,-0.9536478,0.30050236,-0.015944779
1356447572951,-0.11169696,-0.36965415,0.9224314,0.27237377,0.88130426,0.38615456,-0.9556864,0.29437837,0.0022450686
1356447572991,-0.093683064,-0.39762464,0.91275305,0.2704092,0.8721602,0.40769532,-0.95817655,0.28501096,0.025814712
1356447573031,-0.07154578,-0.42963356,0.90016454,0.2685089,0.860866,0.4322183,-0.9606165,0.27262563,0.05376911
1356447573081,-0.046635285,-0.46263808,0.8853198,0.26623857,0.8484679,0.45740497,-0.96277833,0.25703746,0.08360356
1356447573112,-0.0212522,-0.49245957,0.8700757,0.26311734,0.8368382,0.48007408,-0.96452963,0.2391347,0.11179006
1356447573152,0.0030375123,-0.51686674,0.8560605,0.25953865,0.82713664,0.49848238,-0.9657279,0.22066662,0.13665932
1356447573192,0.025982961,-0.53629595,0.8436299,0.2569363,0.8191465,0.5128184,-0.96607894,0.20343463,0.15907776
1356447573232,0.048226774,-0.5531298,0.83169806,0.25727996,0.8114494,0.5247446,-0.9651327,0.18867253,0.1814428
1356447573272,0.070844725,-0.57090294,0.81795526,0.26259464,0.8017647,0.53685874,-0.96230197,0.17675705,0.20671684
1356447573312,0.09464957,-0.59272856,0.7998213,0.27461386,0.7878008,0.55132306,-0.9568848,0.16745958,0.23733652
1356447573353,0.11971295,-0.6203375,0.7751453,0.29465452,0.7677814,0.568938,-0.9480758,0.16029078,0.27469862
1356447573392,0.1449458,-0.6531758,0.743204,0.32312274,0.7412015,0.58839786,-0.93519115,0.15486027,0.31848997
1356447573432,0.16872318,-0.6889904,0.704858,0.35938388,0.70888394,0.6068994,-0.9178104,0.15091653,0.36721718
1356447573472,0.18929458,-0.7245105,0.66276103,0.40041357,0.67325044,0.621613,-0.8965693,0.14771053,0.4175465
1356447573512,0.20515466,-0.7562158,0.62132865,0.43998024,0.6383275,0.6316292,-0.8742592,0.14379063,0.46367583
1356447573552,0.21510413,-0.7808918,0.5864624,0.47042334,0.6091095,0.638504,-0.85582244,0.13854079,0.49837172
1356447573582,0.21947134,-0.7977934,0.5615673,0.48950624,0.58795226,0.64396876,-0.8439288,0.1335581,0.51956356
1356447573622,0.2178281,-0.8050221,0.55180645,0.4909879,0.57901704,0.6508995,-0.8434938,0.12914613,0.5213823
1356447573652,0.21309686,-0.8070435,0.55070007,0.48341757,0.57691056,0.65839314,-0.8490566,0.12591657,0.51307684
1356447573692,0.20320067,-0.79979146,0.564839,0.4609021,0.58709633,0.66549766,-0.8638743,0.12510589,0.48792395
1356447573722,0.19110659,-0.7871007,0.5864731,0.4345834,0.60358214,0.66845036,-0.8801224,0.12712622,0.45740944
1356447573762,0.17226243,-0.7605386,0.6260245,0.40092087,0.63463676,0.6606804,-0.8997711,0.13717592,0.41423988
1356447573792,0.1508964,-0.724501,0.6725538,0.36937928,0.6723875,0.64144677,-0.9169456,0.15163545,0.36907655
1356447573832,0.12210567,-0.66980076,0.7324323,0.34064892,0.7214103,0.6029307,-0.9322277,0.17588104,0.31625515
1356447573872,0.08871053,-0.59924924,0.79563236,0.31956553,0.77367806,0.5470833,-0.9434025,0.2057246,0.2601328
1356447573912,0.05379443,-0.5214549,0.8515815,0.30823123,0.8198418,0.48254848,-0.94978935,0.23652555,0.2048316
1356447573952,0.019760117,-0.44687182,0.89437973,0.3059289,0.85434973,0.42011195,-0.9518492,0.26531518,0.15359306
1356447573982,-0.011234939,-0.38641384,0.9222571,0.3096297,0.8756399,0.37065375,-0.9507908,0.28972244,0.10980743
1356447574022,-0.03893003,-0.33870003,0.9400886,0.31676057,0.88809717,0.33308566,-0.9477062,0.31075007,0.07271314
1356447574081,-0.064944,-0.31074184,0.94827306,0.32346785,0.89241326,0.31459025,-0.9440079,0.3271666,0.042558074
1356447574093,-0.08758682,-0.29591408,0.95119053,0.32682893,0.89346904,0.30805185,-0.94101614,0.33785787,0.018457174
1356447574132,-0.10934138,-0.2990637,0.947948,0.32534334,0.89036906,0.31842527,-0.939253,0.34322563,-5.5789948E-5
1356447574172,-0.12889913,-0.31512612,0.94025564,0.32023346,0.8841388,0.34021923,-0.9385284,0.34495524,-0.013050795
1356447574212,-0.14574733,-0.34022737,0.9289796,0.3139525,0.87456465,0.36955446,-0.9381853,0.34551704,-0.020650268
1356447574252,-0.15954562,-0.36845112,0.9158542,0.30794406,0.8628704,0.4007807,-0.93793154,0.34597465,-0.02420485
1356447574311,-0.17008042,-0.39353383,0.90343994,0.30160654,0.8520121,0.42791218,-0.93813974,0.34526289,-0.026218235
1356447574331,-0.17682233,-0.41099894,0.89432305,0.29310066,0.8454279,0.44647926,-0.9395881,0.34107417,-0.029026449
1356447574371,-0.1785638,-0.4184018,0.8905362,0.28133562,0.84558415,0.45369327,-0.9428494,0.3315528,-0.03327942
1356447574408,-0.17413406,-0.41403264,0.8934507,0.26706207,0.85345143,0.44754717,-0.94781595,0.31654003,-0.038042545
1356447574451,-0.16295253,-0.3958258,0.90375245,0.25214761,0.86887014,0.42601195,-0.95387006,0.29729876,-0.041778088
1356447574491,-0.14468175,-0.35995746,0.9216821,0.23943566,0.89106375,0.38558525,-0.9600718,0.27647066,-0.042734027
1356447574531,-0.11892924,-0.3060777,0.9445487,0.22990538,0.9169581,0.32608473,-0.9659189,0.2559378,-0.03868425
1356447574571,-0.08369741,-0.23578086,0.96819526,0.22333616,0.9424493,0.24881774,-0.9711414,0.23705843,-0.02622217
1356447574610,-0.036109235,-0.16158183,0.98619854,0.21751253,0.9619127,0.16556688,-0.9753895,0.22048901,4.1216612E-4
1356447574651,0.027062982,-0.107302696,0.993858,0.21081397,0.9724742,0.09925346,-0.9771515,0.20683305,0.04893893
1356447574692,0.10810882,-0.09927449,0.98916984,0.20761293,0.97531676,0.07519364,-0.97221875,0.19723538,0.12605101
1356447574730,0.19855452,-0.12998283,0.9714322,0.21482447,0.9728357,0.086261876,-0.9562565,0.19155973,0.22108442
1356447574771,0.28397542,-0.18001413,0.94178176,0.23398548,0.9655334,0.114000425,-0.9298434,0.18798994,0.31630844
1356447574810,0.35003734,-0.20810208,0.91332763,0.24787274,0.9608335,0.12392784,-0.9033454,0.18300965,0.38791043
1356447574851,0.39174068,-0.19336551,0.8995271,0.24014705,0.9652658,0.10291379,-0.88818276,0.17570326,0.42457002
1356447574891,0.40911466,-0.13466996,0.90249056,0.21000984,0.97639436,0.05049681,-0.8879871,0.16887292,0.42773926
1356447574930,0.40295348,-0.043117702,0.91420424,0.16930297,0.98516166,-0.028159246,-0.8994248,0.16612436,0.40427428
1356447574971,0.37684834,0.06152179,0.9242296,0.13405332,0.98366493,-0.120137475,-0.91652334,0.16916966,0.3624453
1356447575010,0.3384897,0.15895675,0.9274468,0.11542599,0.97117054,-0.2085776,-0.9338638,0.17765284,0.3103835
1356447575086,0.29674077,0.23644805,0.92522275,0.11588541,0.9527859,-0.2806592,-0.94790053,0.19050282,0.25532955
1356447575087,0.26003525,0.28615546,0.9222238,0.12924269,0.93617105,-0.3269251,-0.9569106,0.20420271,0.20645398
1356447575108,0.23015064,0.31700796,0.9200743,0.14946425,0.92272246,-0.3553079,-0.9616086,0.21929255,0.16498381
1356447575139,0.20656705,0.33169025,0.92049533,0.17351681,0.91345507,-0.36809206,-0.9629237,0.23575711,0.13113588
1356447575181,0.18841472,0.3319975,0.92427135,0.20185661,0.907942,-0.36728093,-0.9611211,0.25577143,0.104053736
1356447575220,0.17071739,0.31755415,0.93274593,0.23171732,0.90715444,-0.351252,-0.95768607,0.27609822,0.081284225
1356447575261,0.15089613,0.29335168,0.94402075,0.2604814,0.909408,-0.3242323,-0.9536141,0.29482523,0.060813487
1356447575301,0.12845123,0.25990015,0.95705384,0.28705776,0.9139921,-0.2867337,-0.94926184,0.31156105,0.04279703
1356447575340,0.104237854,0.21636395,0.97073233,0.31113908,0.91996205,-0.23845822,-0.9446306,0.3268891,0.0285756
1356447575381,0.0790692,0.16453078,0.98319775,0.3319709,0.9256446,-0.18159696,-0.93996996,0.34075174,0.018570542
1356447575421,0.053789437,0.11006105,0.9924682,0.3474908,0.92972136,-0.1219358,-0.9361393,0.35143244,0.01176399
1356447575460,0.030112058,0.05975315,0.9977589,0.35524404,0.93240094,-0.066560194,-0.93428844,0.35645217,0.006849587
1356447575501,0.010624705,0.018793434,0.9997669,0.3540765,0.934973,-0.021338254,-0.93515605,0.3542207,0.0032795072
1356447575540,-0.0021704696,-0.009456113,0.999953,0.3450297,0.9385424,0.0096242875,-0.9385893,0.34503436,0.0012255311
1356447575581,-0.0067480765,-0.022727266,0.99971896,0.33097905,0.94334096,0.023679674,-0.94361407,0.33104578,0.0011565089
1356447575620,-0.002670465,-0.020183459,0.9997928,0.31509268,0.9488502,0.019996643,-0.9490572,0.3150808,0.0038257837
1356447575660,0.009844391,-0.0031531453,0.9999466,0.29924938,0.95417494,6.271899E-5,-0.9541242,0.29923278,0.010336876
1356447575701,0.030540138,0.023186669,0.9992645,0.28315496,0.9585763,-0.0308965,-0.95858777,0.2838903,0.022709608
1356447575741,0.06015727,0.047982812,0.9970349,0.26506996,0.96221447,-0.062300347,-0.9623507,0.26803184,0.04516542
1356447575780,0.101118535,0.054933496,0.99335665,0.24446964,0.96648765,-0.078333355,-0.9643701,0.2507665,0.08430022
1356447575822,0.15624425,0.027843125,0.9873259,0.22587511,0.97210664,-0.063158646,-0.96154463,0.23288052,0.14559698
1356447575860,0.2235153,-0.038128674,0.9739543,0.21943551,0.97555107,-0.012167625,-0.9496783,0.21643984,0.22641736
1356447575900,0.29027417,-0.12401165,0.9488741,0.23085935,0.9713554,0.056326635,-0.9286791,0.2027063,0.31058866
1356447575940,0.3399766,-0.19687839,0.9195949,0.24980481,0.9616186,0.11352186,-0.9066496,0.19112445,0.376109
1356447575980,0.36530918,-0.2371447,0.9001731,0.2603312,0.9544482,0.14579524,-0.8937432,0.1810828,0.41040486
1356447576020,0.36753327,-0.2433812,0.8975995,0.25677288,0.95419014,0.15358672,-0.89386076,0.17403096,0.4131903
1356447576079,0.35064924,-0.2221475,0.90977776,0.24405894,0.9595667,0.14023893,-0.9041462,0.17286472,0.39068842
1356447576102,0.32004368,-0.18341282,0.92947936,0.2312412,0.9665319,0.11110203,-0.918749,0.17937638,0.351745
1356447576142,0.28175798,-0.13697742,0.94965756,0.22546233,0.9714955,0.07323391,-0.93261945,0.19347781,0.3046099
1356447576182,0.2421566,-0.09253835,0.965814,0.2300716,0.97252613,0.03549608,-0.94256413,0.2136108,0.2567941
1356447576222,0.2058801,-0.056294248,0.97695667,0.24486415,0.969548,0.0042656064,-0.9474465,0.23834346,0.21339506
1356447576262,0.17529821,-0.031695403,0.98400503,0.26726303,0.963481,-0.016577981,-0.94754475,0.26589423,0.17736751
1356447576302,0.15057322,-0.019305274,0.98841035,0.29337603,0.95564276,-0.026027277,-0.94406474,0.29389495,0.14955789
1356447576342,0.13067377,-0.018063784,0.9912608,0.31943157,0.9472835,-0.024846926,-0.93855625,0.31988686,0.12955523
1356447576382,0.11457816,-0.026805907,0.99305254,0.34295616,0.93924385,-0.014216766,-0.93233734,0.34220243,0.11681008
1356447576422,0.10134384,-0.043747634,0.9938891,0.3628286,0.9318472,0.004020229,-0.92632866,0.36020398,0.1103099
1356447576462,0.08956313,-0.06490266,0.9938642,0.37776133,0.9255266,0.026397645,-0.921561,0.37307924,0.10741079
1356447576501,0.077697664,-0.084432095,0.9933953,0.3854938,0.9214524,0.048166335,-0.91943324,0.37920532,0.104142785
1356447576540,0.06537804,-0.097298354,0.9931056,0.38444763,0.9208618,0.06491144,-0.92082876,0.37755328,0.097610235
1356447576580,0.053984016,-0.10087183,0.9934337,0.37469584,0.9242312,0.07348384,-0.9255748,0.36826855,0.087689996
1356447576621,0.045799524,-0.09380677,0.99453646,0.35791478,0.9310255,0.071333915,-0.93263036,0.35269222,0.07621533
1356447576660,0.04271767,-0.07419856,0.9963282,0.33732307,0.93975025,0.055522323,-0.94041926,0.33371267,0.06517285
1356447576700,0.0452348,-0.041051015,0.99813265,0.31527328,0.9486787,0.024729043,-0.9479223,0.31356594,0.055855572
1356447576740,0.054265976,0.005380988,0.99851197,0.2934869,0.9557302,-0.021100506,-0.9544216,0.29419523,0.050284386
1356447576781,0.071044356,0.05897201,0.99572843,0.27203226,0.95926464,-0.07622172,-0.959662,0.27628535,0.05210805
1356447576820,0.09762773,0.108905636,0.9892465,0.2494744,0.95958054,-0.13026014,-0.9634477,0.25950867,0.066512525
1356447576860,0.13703254,0.13791682,0.98091847,0.22438635,0.9601971,-0.16634977,-0.96481746,0.24290004,0.100631595
1356447576900,0.19179642,0.13286626,0.9723995,0.19866765,0.96502596,-0.17104405,-0.9611167,0.22598994,0.1586923
1356447576940,0.25910592,0.0915349,0.96150166,0.17948018,0.97359693,-0.14105275,-0.9490263,0.2091181,0.23583603
1356447576981,0.32675508,0.031968184,0.9445682,0.17234048,0.98065567,-0.09280738,-0.92926306,0.19311264,0.31492478
1356447577020,0.37892652,-0.0151531845,0.92530274,0.17134205,0.98372746,-0.054057382,-0.90942657,0.17902702,0.3753568
1356447577081,0.4070041,-0.029114954,0.9129622,0.16579506,0.9852444,-0.042492382,-0.8982537,0.16865918,0.40582561
1356447577102,0.4108699,-0.008818835,0.9116514,0.15390208,0.9862736,-0.05982107,-0.8986101,0.16488372,0.40658736
1356447577142,0.39451164,0.035271898,0.9182138,0.14272702,0.9847832,-0.09915191,-0.90773875,0.17017049,0.38347417
1356447577182,0.36541757,0.087058686,0.92676353,0.14033626,0.9790844,-0.1473074,-0.92020416,0.18388724,0.34555715
1356447577222,0.33112442,0.13508938,0.9338669,0.14938591,0.96971184,-0.19324283,-0.9316868,0.203494,0.30091482
1356447577262,0.2976732,0.17286675,0.93888646,0.16878982,0.95844555,-0.22998263,-0.93962795,0.22693415,0.2561254
1356447577302,0.26875788,0.19760309,0.9427207,0.19628434,0.94695723,-0.25444934,-0.9429962,0.25342658,0.21571583
1356447577359,0.24524063,0.2093532,0.9465878,0.22849877,0.9364141,-0.2663023,-0.9421494,0.28160226,0.18180984
1356447577381,0.2257545,0.20977017,0.9513314,0.26186016,0.92753434,-0.26666325,-0.93833053,0.30931622,0.1544646
1356447577421,0.20816275,0.20016973,0.95739245,0.29338074,0.92098546,-0.2563466,-0.9330573,0.3342423,0.13298893
1356447577458,0.19081086,0.18102989,0.96478987,0.32142904,0.91714114,-0.23565973,-0.9275099,0.35507792,0.11681223
1356447577501,0.17275754,0.15284431,0.9730331,0.3454346,0.9157392,-0.20517486,-0.9224043,0.3715648,0.105403125
1356447577540,0.15279508,0.11730861,0.9812708,0.3645726,0.91620505,-0.16629829,-0.9185535,0.38315403,0.09722412
1356447577580,0.12985653,0.07949254,0.9883411,0.37673792,0.9180718,-0.12333973,-0.9171727,0.38836205,0.08926976
1356447577620,0.1037004,0.044608623,0.99360764,0.3797113,0.9215518,-0.08100316,-0.91927445,0.38568413,0.07862687
1356447577661,0.0762333,0.016028777,0.9969611,0.37267727,0.9269456,-0.04340008,-0.92482436,0.37485328,0.06469059
1356447577700,0.050624903,-0.0052360743,0.9987039,0.3573286,0.9338852,-0.013216928,-0.93260556,0.3575346,0.049148858
1356447577740,0.029193461,-0.018112406,0.9994097,0.3363608,0.94170535,0.007241279,-0.9412806,0.33595088,0.03358394
1356447577781,0.013154656,-0.022030294,0.9996708,0.31302786,0.9495952,0.016807616,-0.94965285,0.3127037,0.019387722
1356447577821,0.0034698844,-0.018494368,0.9998229,0.290235,0.9568098,0.016691476,-0.95694906,0.2901257,0.008687735
1356447577861,0.0020638723,-0.013450071,0.9999074,0.2692728,0.96298414,0.012397602,-0.9630617,0.26922226,0.0056092143
1356447577900,0.013246149,-0.01749777,0.99975914,0.25043243,0.9680382,0.013624541,-0.9680434,0.25019166,0.017204762
1356447577940,0.04317388,-0.044249266,0.9980872,0.23530024,0.97136617,0.03288632,-0.9709634,0.23343033,0.052349508
1356447577981,0.095532805,-0.10221116,0.9901648,0.22989418,0.9700882,0.077958144,-0.96851546,0.22018558,0.11617297
1356447578020,0.16369313,-0.1839683,0.96920604,0.24134326,0.9600723,0.14147314,-0.95653445,0.21075314,0.20155674
1356447578080,0.22911814,-0.26593024,0.9363686,0.26593024,0.94246376,0.20259133,-0.9363686,0.20259133,0.2866544
1356447578102,0.27398676,-0.3260393,0.9047815,0.28896165,0.92522097,0.24590108,-0.91729623,0.19407353,0.34771115
1356447578142,0.29192388,-0.35914397,0.88645136,0.29860657,0.91471785,0.27225974,-0.90863335,0.18522108,0.37427074
1356447578182,0.2852865,-0.37032488,0.88400847,0.29509678,0.9114716,0.2865962,-0.91188234,0.17910607,0.36931223
1356447578223,0.25960696,-0.3665593,0.89344203,0.28423622,0.91318434,0.29206878,-0.92293775,0.17812549,0.34125847
1356447578262,0.22165659,-0.35468683,0.9083313,0.27272305,0.91687834,0.29147273,-0.93621075,0.18311602,0.2999634
1356447578302,0.17797655,-0.33988383,0.92347354,0.26517937,0.9203043,0.28761068,-0.94763094,0.19369814,0.25392276
1356447578342,0.13429034,-0.32641262,0.93563926,0.2642048,0.9218075,0.28366643,-0.9550717,0.20910674,0.2100296
1356447578382,0.09485191,-0.31747815,0.9435098,0.2705854,0.9203218,0.2824735,-0.95801187,0.22850682,0.17319924
1356447578422,0.061989248,-0.31496972,0.94707525,0.28290993,0.9155265,0.28596014,-0.9571413,0.25021052,0.14586085
1356447578462,0.03592527,-0.31886604,0.94711876,0.29847887,0.9078958,0.2943392,-0.9537399,0.27212068,0.12779117
1356447578502,0.015148312,-0.32780534,0.9446239,0.31398004,0.898505,0.30676597,-0.9493088,0.29194605,0.11653513
1356447578540,-0.0019346103,-0.33984646,0.940479,0.3272998,0.88846415,0.32172394,-0.9449186,0.30844098,0.109512806
1356447578580,-0.016210616,-0.35371166,0.935214,0.3383258,0.87822384,0.33802155,-0.9408894,0.32188657,0.105433226
1356447578621,-0.028341085,-0.36845052,0.92921525,0.34774816,0.8678888,0.35473981,-0.9371595,0.3331866,0.10353112
1356447578660,-0.039088458,-0.38270274,0.9230442,0.3544655,0.8583646,0.37089667,-0.93425167,0.34168515,0.10210276
1356447578700,-0.048859894,-0.3947578,0.91748506,0.3557093,0.8514778,0.38530043,-0.93331856,0.34518376,0.09881592
1356447578740,-0.0575459,-0.40385926,0.9130094,0.34938085,0.8485476,0.3973664,-0.935212,0.3418548,0.092270255
1356447578781,-0.06430341,-0.40967324,0.90996313,0.33569607,0.8498294,0.4063228,-0.93977296,0.33159897,0.08287877
1356447578820,-0.06820285,-0.41205537,0.9086026,0.31668997,0.85468084,0.41137344,-0.9460739,0.31580222,0.072202146
1356447578860,-0.0685941,-0.41081378,0.90913516,0.29533866,0.86207324,0.41183102,-0.95292693,0.29675198,0.062196076
1356447578901,-0.06477341,-0.4061315,0.91151613,0.27444035,0.87096155,0.40756422,-0.95942014,0.27655613,0.055043757
1356447578940,-0.055397123,-0.39909527,0.91523445,0.25627187,0.8802514,0.39935222,-0.965016,0.25667182,0.053513467
1356447578980,-0.03719435,-0.393964,0.918373,0.24228626,0.8880331,0.39076144,-0.9694916,0.23704326,0.062422216
1356447579020,-0.0049990118,-0.39743838,0.9176152,0.23467532,0.891534,0.3874205,-0.9720609,0.21727839,0.08881223
1356447579081,0.045426548,-0.4171184,0.90771616,0.2381343,0.88698095,0.39567265,-0.9701693,0.19818434,0.13962269
1356447579102,0.11088086,-0.45405206,0.88404876,0.25840124,0.8721118,0.4155115,-0.9596532,0.18236703,0.21402812
1356447579142,0.17834751,-0.49928126,0.8478857,0.29496363,0.84920084,0.43801188,-0.9387164,0.17197718,0.29872268
1356447579182,0.23057872,-0.53825635,0.8106254,0.33388978,0.8262603,0.4536645,-0.9139754,0.16605416,0.37023634
1356447579222,0.25904354,-0.562631,0.78507507,0.35924193,0.8106307,0.46241015,-0.89657223,0.16224748,0.41210932
1356447579262,0.26432478,-0.571158,0.777117,0.36501908,0.8050802,0.4675542,-0.8926889,0.16007642,0.42128623
1356447579302,0.2504449,-0.56520796,0.7860136,0.35448554,0.80904204,0.4688187,-0.9008981,0.16121718,0.40297848
1356447579342,0.22217724,-0.5469217,0.80716425,0.33490655,0.8202939,0.46363294,-0.91568285,0.16731586,0.36541826
1356447579382,0.18469454,-0.5193757,0.8343481,0.31392372,0.8356568,0.45069897,-0.9313108,0.17868008,0.3173856
1356447579422,0.14327876,-0.48668876,0.86174536,0.2974843,0.8516413,0.4315208,-0.9439143,0.19452801,0.2668044
1356447579461,0.102757126,-0.45355535,0.8852845,0.28903425,0.8652096,0.4097215,-0.9517879,0.21377571,0.21999949
1356447579501,0.06676087,-0.42419243,0.9031078,0.28943592,0.8744414,0.38933164,-0.95486635,0.23539974,0.18115503
1356447579542,0.03689304,-0.4008973,0.91537976,0.29758254,0.8788544,0.37290704,-0.95398295,0.2586434,0.15172368
1356447579582,0.012847982,-0.3838027,0.92332566,0.31045341,0.8792987,0.3611819,-0.9505017,0.28200918,0.13045007
1356447579620,-0.006871335,-0.3713417,0.92847085,0.32350308,0.8777371,0.35344493,-0.94620216,0.30279183,0.114098966
1356447579661,-0.023421079,-0.36197925,0.9318919,0.33217162,0.87637174,0.34876165,-0.9429282,0.3177164,0.09971368
1356447579700,-0.03653752,-0.3554531,0.9339797,0.33475664,0.8762537,0.34657958,-0.941596,0.32531908,0.086974144
1356447579740,-0.045074284,-0.35212496,0.9348671,0.33338812,0.87686515,0.34635228,-0.9417116,0.3272851,0.07787019
1356447579780,-0.04864929,-0.35121506,0.93503004,0.33120286,0.87750083,0.34683838,-0.94230455,0.32655808,0.07363361
1356447579820,-0.048360713,-0.3502688,0.93539995,0.3291438,0.8785995,0.3460163,-0.94304067,0.32461464,0.07279909
1356447579860,-0.045525573,-0.3467739,0.93684334,0.32630232,0.88121295,0.34203878,-0.9441686,0.3212656,0.07303536
1356447579901,-0.040419072,-0.33951548,0.93973166,0.32159045,0.8860353,0.33394757,-0.9460158,0.31570658,0.073372245
1356447579940,-0.03263122,-0.3282389,0.94403094,0.3145492,0.89316535,0.32142562,-0.9486801,0.3074327,0.07410222
1356447579980,-0.021882653,-0.31351882,0.94932985,0.30510926,0.9021633,0.3049749,-0.95206594,0.29632294,0.075915754
1356447580020,-0.008027665,-0.29568338,0.9552523,0.29406065,0.91234607,0.28487363,-0.9557531,0.28318897,0.07962483
1356447580080,0.009285212,-0.27626857,0.9610356,0.28220835,0.92273283,0.26253104,-0.95930815,0.26877463,0.08653307
1356447580102,0.03155577,-0.2583269,0.9655421,0.2702412,0.9322486,0.24058734,-0.9622754,0.2533373,0.09922838
1356447580144,0.06271443,-0.24831116,0.96664804,0.25903338,0.9394132,0.22450949,-0.9638302,0.23631413,0.12323564
1356447580182,0.10757056,-0.2539582,0.96121484,0.25074086,0.9425013,0.22095332,-0.9620591,0.21724772,0.16506308
1356447580222,0.16810134,-0.2811954,0.9448127,0.24996199,0.93928576,0.23507716,-0.9535517,0.19665049,0.22818339
1356447580262,0.2372796,-0.32658416,0.9148995,0.26148295,0.9285084,0.2636263,-0.93558806,0.1766775,0.30571228
1356447580302,0.29930305,-0.37647253,0.8767474,0.282467,0.91264296,0.29545766,-0.91138905,0.15922084,0.3794979
1356447580342,0.34017056,-0.41650423,0.84309447,0.30114767,0.8975948,0.32192177,-0.890839,0.14438763,0.43076462
1356447580381,0.3552807,-0.4399587,0.82474965,0.30783337,0.88816375,0.34118003,-0.8826179,0.13267076,0.45098138
1356447580439,0.34670204,-0.4463675,0.8249569,0.30185264,0.885817,0.35243905,-0.8880782,0.12682402,0.44185174
1356447580461,0.31821883,-0.43691504,0.84133345,0.28800404,0.89007634,0.35329562,-0.9032112,0.12988213,0.40907234
1356447580501,0.27535325,-0.4149947,0.86715627,0.2728503,0.8986683,0.3434356,-0.9218098,0.14203775,0.36068267
1356447580538,0.22466362,-0.38503855,0.8951378,0.2611695,0.90880466,0.3253684,-0.9387847,0.16068423,0.30473566
1356447580581,0.17160952,-0.35092852,0.920543,0.25544026,0.9182986,0.30245322,-0.9514728,0.18323988,0.24723005
1356447580621,0.12069773,-0.31716007,0.9406602,0.2569762,0.9252694,0.27899775,-0.95885104,0.20805286,0.1931805
1356447580660,0.074971385,-0.287934,0.95471114,0.2658252,0.92853165,0.2591638,-0.9611016,0.23435643,0.14615339
1356447580701,0.036315463,-0.26744142,0.96288955,0.28017923,0.9276064,0.24707459,-0.9592606,0.26080903,0.10861796
1356447580741,0.0055211484,-0.25902727,0.96585417,0.29637143,0.9228976,0.2458128,-0.9550568,0.28489444,0.0818637
1356447580781,-0.017416567,-0.26380986,0.9644175,0.31136513,0.9151697,0.25596145,-0.95013076,0.30474392,0.066202104
1356447580821,-0.033114374,-0.28163904,0.9589489,0.32373434,0.90472454,0.27689275,-0.9455684,0.31961378,0.06121683
1356447580861,-0.042895287,-0.3095799,0.94990534,0.33357602,0.89178145,0.30570045,-0.9417468,0.3299788,0.0650152
1356447580901,-0.04851394,-0.34208304,0.93841654,0.34093213,0.8774256,0.33747527,-0.9388353,0.33630863,0.074059725
1356447580940,-0.05214688,-0.37283745,0.9264303,0.34416404,0.86415017,0.3671454,-0.93746036,0.33798942,0.083254516
1356447580980,-0.054366842,-0.39742684,0.91602194,0.3408934,0.85487396,0.39112946,-0.93852866,0.33353028,0.089003384
1356447581020,-0.054194808,-0.41382867,0.9087401,0.3303613,0.85139495,0.40741625,-0.9422973,0.32229248,0.09057182
1356447581080,-0.050658643,-0.42075267,0.90575993,0.31395617,0.8542377,0.41437846,-0.94808507,0.30536073,0.08882338
1356447581102,-0.04364215,-0.41664702,0.9080201,0.2943551,0.8631777,0.4102186,-0.9546991,0.2851832,0.08497125
1356447581142,-0.03345731,-0.40057614,0.9156524,0.27365038,0.877483,0.39387694,-0.9612471,0.2637467,0.08025962
1356447581182,-0.01974348,-0.37259096,0.9277856,0.253475,0.89578354,0.36513323,-0.9671404,0.2423795,0.076756656
1356447581222,-6.31392E-4,-0.33727404,0.9414063,0.23500076,0.9149925,0.32796848,-0.97199494,0.22143827,0.078681946
1356447581262,0.028583914,-0.30523458,0.9518481,0.21975847,0.93085873,0.29190448,-0.9751355,0.2008329,0.09368545
1356447581302,0.07372385,-0.29238546,0.95345455,0.21006869,0.93915844,0.27175832,-0.97490305,0.18025586,0.1306594
1356447581342,0.13559476,-0.3102791,0.9409256,0.2098592,0.9371424,0.2787892,-0.96828365,0.15965953,0.19218653
1356447581382,0.20334452,-0.35249498,0.913454,0.2218704,0.9252661,0.3076625,-0.95363754,0.14010692,0.266356
1356447581422,0.25923607,-0.39675978,0.8805557,0.24010602,0.90957546,0.33914816,-0.9354922,0.12350727,0.33105916
1356447581461,0.29267472,-0.42469555,0.85672355,0.25238407,0.89849347,0.3591821,-0.92230356,0.11109985,0.3701527
1356447581500,0.3034655,-0.43086115,0.8498632,0.25183532,0.8964758,0.3645684,-0.9189601,0.1033916,0.3805555
1356447581541,0.29457313,-0.4145801,0.86101687,0.23919809,0.9043013,0.35358655,-0.92520857,0.10179649,0.36554962
1356447581580,0.2704056,-0.380019,0.88457125,0.22232682,0.91861343,0.32668048,-0.9367239,0.108327694,0.33288664
1356447581620,0.23497486,-0.33054268,0.91407233,0.20952238,0.9355189,0.28443748,-0.94915074,0.12468297,0.2890795
1356447581660,0.19389024,-0.27531445,0.9415989,0.20725347,0.94964504,0.23499022,-0.9588809,0.14958732,0.2411868
1356447581701,0.15269932,-0.22436965,0.96246624,0.21691528,0.9577482,0.18885525,-0.96417356,0.17993556,0.19491673
1356447581740,0.11528793,-0.18609047,0.97574544,0.23588955,0.9593247,0.15508756,-0.96491706,0.21228841,0.15449536
1356447581780,0.0831227,-0.16433856,0.98289543,0.26023012,0.95566595,0.13777839,-0.96196204,0.24432649,0.12220341
1356447581821,0.056134015,-0.1606278,0.98541754,0.2853904,0.9483757,0.13833262,-0.95676607,0.27346355,0.09907776
1356447581860,0.033620354,-0.17418937,0.9841381,0.30723447,0.9388149,0.15567148,-0.95103973,0.2971274,0.085080266
1356447581900,0.01527708,-0.20257086,0.97914845,0.3237357,0.92751646,0.18683794,-0.94602424,0.314131,0.07974917
1356447581940,7.731244E-4,-0.24261913,0.9701213,0.33484492,0.9141824,0.22836244,-0.94227296,0.32466364,0.08194655
1356447581981,-0.010418773,-0.2890673,0.9572521,0.34155765,0.8986973,0.2751027,-0.93980306,0.329823,0.08936983
1356447582020,-0.019482553,-0.33492365,0.94204384,0.3446717,0.88221383,0.32078058,-0.9385211,0.3309455,0.098250926
1356447582080,-0.02750501,-0.37372816,0.9271304,0.34396368,0.8673065,0.3598173,-0.9385801,0.32879594,0.10469365
1356447582102,-0.03455639,-0.40191436,0.91502494,0.3388272,0.85663617,0.38906375,-0.94021374,0.32347998,0.10657728
1356447582142,-0.039532885,-0.41862917,0.9072964,0.32927018,0.85183245,0.407385,-0.9434078,0.31485075,0.10416669
1356447582182,-0.040907487,-0.42378932,0.90483654,0.31668836,0.8534036,0.41401768,-0.9476471,0.30348766,0.09929854
1356447582222,-0.0376745,-0.41708654,0.9080857,0.30282468,0.86123514,0.40813145,-0.9523014,0.29036686,0.09385747
1356447582262,-0.02920591,-0.39810312,0.9168756,0.2891186,0.8746948,0.38899794,-0.95684767,0.27644685,0.08955276
1356447582302,-0.014948599,-0.3677124,0.9298194,0.2763224,0.89218926,0.35727337,-0.96094877,0.26227066,0.08827019
1356447582342,0.006056227,-0.33004186,0.94394684,0.26446745,0.9108814,0.31678405,-0.9643756,0.24772474,0.09280187
1356447582382,0.03578741,-0.2949672,0.954837,0.25349054,0.9268806,0.2768301,-0.9666757,0.23213509,0.107942045
1356447582422,0.07720539,-0.27894637,0.95719814,0.2450752,0.9359169,0.25297743,-0.96642506,0.2150543,0.14062065
1356447582462,0.13197786,-0.29859418,0.94521075,0.24542,0.9337068,0.26069254,-0.960391,0.19756798,0.1965096
1356447582501,0.19551647,-0.35682762,0.913481,0.26407748,0.9162087,0.30137146,-0.94447684,0.18230662,0.273364
1356447582541,0.2547414,-0.43254176,0.8648783,0.3021821,0.8852014,0.35370097,-0.91858196,0.17124847,0.3562038
1356447582580,0.29725847,-0.49605662,0.8158218,0.34371477,0.8527566,0.39327636,-0.8907848,0.16350529,0.42399114
1356447582621,0.32053757,-0.5333752,0.7827941,0.3699559,0.8312553,0.41490632,-0.8720025,0.15660621,0.46377385
1356447582660,0.32769728,-0.54476637,0.7719094,0.37411237,0.8250606,0.423456,-0.86755663,0.15001543,0.4741739
1356447582700,0.32172683,-0.5324296,0.78295,0.35865995,0.83382297,0.41964555,-0.87627333,0.14580154,0.4592244
1356447582740,0.30445176,-0.49885872,0.8114488,0.33086738,0.8542305,0.40102,-0.8932166,0.14639069,0.42512804
1356447582780,0.27749747,-0.44766122,0.8500556,0.2995975,0.8810051,0.36615753,-0.91281784,0.15306677,0.37859488
1356447582820,0.24319643,-0.3850189,0.8902898,0.27331644,0.9078561,0.31795505,-0.9306737,0.16600531,0.32601935
1356447582860,0.20490378,-0.31987068,0.92503905,0.25802532,0.92931396,0.26419416,-0.9441596,0.1845491,0.2729547
1356447582900,0.16627747,-0.2620406,0.9506242,0.2557694,0.94251174,0.21506673,-0.9523307,0.20737988,0.22374046
1356447582941,0.13001284,-0.21902567,0.96701837,0.26495457,0.94750416,0.17898339,-0.9554558,0.23294577,0.18121958
1356447582980,0.0974735,-0.19518779,0.97591025,0.2816587,0.9459017,0.16105396,-0.9545509,0.2591751,0.14717668
1356447583020,0.06898439,-0.19062345,0.9792364,0.30147645,0.9396653,0.16168216,-0.9509749,0.28406313,0.12229073
1356447583081,0.04424441,-0.2039805,0.9779746,0.32034415,0.93013746,0.17951027,-0.9462674,0.30534613,0.10649735
1356447583102,0.023180664,-0.23207149,0.9724225,0.3355728,0.918057,0.2110976,-0.94172907,0.32142514,0.09915805
1356447583142,0.005918443,-0.2696515,0.9629398,0.34594497,0.9040487,0.251034,-0.9382362,0.33163843,0.09863514
1356447583182,-0.0077338517,-0.30931786,0.9509273,0.3508571,0.8896594,0.2922421,-0.93639714,0.3358997,0.10164589
1356447583222,-0.017962724,-0.34354708,0.93896365,0.34997466,0.8775445,0.32777026,-0.936587,0.33450112,0.10446966
1356447583262,-0.023998767,-0.36800143,0.9295155,0.34326932,0.8702198,0.35338864,-0.9389304,0.32755503,0.105439365
1356447583302,-0.024615154,-0.38116148,0.92418075,0.33135983,0.8690895,0.36726573,-0.9431833,0.31527665,0.104908824
1356447583342,-0.019085765,-0.38218734,0.9238877,0.31553617,0.8745292,0.36828744,-0.9487215,0.29854906,0.10390288
1356447583382,-0.007396817,-0.37049583,0.92880464,0.29744557,0.88597256,0.3557791,-0.9547101,0.27890044,0.10364896
1356447583422,0.010304622,-0.34675312,0.9378998,0.2785812,0.9018102,0.33034956,-0.9603574,0.2578771,0.105891705
1356447583462,0.03458482,-0.31468934,0.9485644,0.2599908,0.91928583,0.29549676,-0.96499145,0.23639834,0.11360967
1356447583519,0.067673236,-0.28331843,0.9566352,0.2427176,0.9347024,0.25965273,-0.9677337,0.21462068,0.13202071
1356447583541,0.113304704,-0.2671057,0.95698315,0.22926447,0.944221,0.23639922,-0.9667471,0.19261707,0.16822255
1356447583581,0.17459351,-0.28058347,0.9438167,0.22620371,0.94433177,0.2388919,-0.9583053,0.17178586,0.22834319
1356447583618,0.24639428,-0.32167393,0.9142295,0.24082245,0.9340473,0.26374272,-0.9387728,0.15518233,0.3076102
1356447583661,0.31418103,-0.3694901,0.8745098,0.2697718,0.91792786,0.29091504,-0.9102272,0.1445181,0.3880735
1356447583700,0.36352313,-0.3977968,0.8423827,0.29364955,0.9070786,0.3016261,-0.8840932,0.13771725,0.44655693
1356447583740,0.38975418,-0.39579275,0.8315286,0.29639784,0.9088017,0.29364574,-0.8719174,0.13201362,0.47152138
1356447583780,0.39347827,-0.36387515,0.84425694,0.27638084,0.9226739,0.26886153,-0.87680584,0.12754525,0.46362025
1356447583820,0.3766414,-0.30762106,0.87379086,0.2429977,0.94303095,0.22725481,-0.8939202,0.1267356,0.4299357
1356447583860,0.34304687,-0.23629129,0.90911233,0.20911136,0.96276605,0.17133,-0.91574633,0.1313315,0.37968504
1356447583900,0.2990173,-0.16126493,0.9405223,0.1850524,0.9767056,0.10863591,-0.93613255,0.1415619,0.32189435
1356447583941,0.2522298,-0.09342182,0.96314716,0.17600888,0.98315483,0.04926913,-0.95152557,0.15709531,0.26442403
1356447583981,0.20966643,-0.041010857,0.9769125,0.18193471,0.9833081,0.0022322387,-0.96069753,0.17726628,0.213628
1356447584021,0.1751276,-0.0071588084,0.9845197,0.19954988,0.97947675,-0.028374061,-0.9641111,0.20142987,0.17296195
1356447584081,0.14917648,0.008639,0.98877287,0.22401029,0.9736682,-0.04230354,-0.9631022,0.227806,0.14331317
1356447584102,0.12993705,0.00986889,0.9914731,0.25017917,0.96727,-0.042415097,-0.9594408,0.2535572,0.1232152
1356447584142,0.11487934,9.201765E-4,0.99337906,0.27379423,0.9612372,-0.032553352,-0.9549028,0.27572116,0.11017436
1356447584182,0.10236338,-0.015132159,0.9946319,0.2923228,0.95619345,-0.015537277,-0.95082545,0.2923441,0.10230267
1356447584222,0.09209812,-0.036826864,0.9950687,0.3057884,0.9520743,0.006933555,-0.94763464,0.30364186,0.0989455
1356447584262,0.08416882,-0.062199786,0.99450827,0.31593055,0.9482232,0.032566637,-0.94504154,0.31145447,0.099461615
1356447584302,0.07762918,-0.08749433,0.9931357,0.32384908,0.94433653,0.05788128,-0.94291866,0.31713277,0.101643026
1356447584342,0.07126084,-0.1082119,0.99157053,0.3284909,0.94118863,0.07910609,-0.9418151,0.32008475,0.10261655
1356447584382,0.06509349,-0.12162061,0.9904399,0.32776392,0.9400821,0.09389571,-0.94251454,0.31851846,0.10105604
1356447584422,0.060470015,-0.12729605,0.99001974,0.32036763,0.94183636,0.10153273,-0.9453613,0.31103063,0.09773439
1356447584462,0.058627337,-0.1257937,0.9903226,0.30652493,0.9463748,0.10206496,-0.9500555,0.29757476,0.09404236
1356447584503,0.059607837,-0.11787687,0.9912376,0.28766882,0.95290446,0.096019454,-0.9558732,0.27942464,0.090710044
1356447584542,0.062609255,-0.10507909,0.992491,0.26568094,0.9603143,0.084912494,-0.96202576,0.25836962,0.08804208
1356447584582,0.06719807,-0.090537824,0.9936234,0.24214938,0.9675795,0.07178833,-0.9679092,0.23578122,0.08694315
1356447584623,0.07510337,-0.07966958,0.99398804,0.2173263,0.9741496,0.06165885,-0.97320545,0.21138895,0.090476215
1356447584662,0.09075537,-0.07910478,0.99272645,0.19176307,0.97957313,0.060525622,-0.97723603,0.18487525,0.1040709
1356447584702,0.12165627,-0.096070826,0.98791206,0.16757423,0.98300564,0.0749578,-0.9783244,0.1564295,0.13568777
1356447584742,0.17367625,-0.13472377,0.9755439,0.15171458,0.98243296,0.10866538,-0.97304636,0.12913164,0.19106483
1356447584781,0.24434936,-0.19184619,0.9505201,0.15417278,0.97545105,0.15724503,-0.9573527,0.10812159,0.2679283
1356447584820,0.3176164,-0.25514898,0.9132463,0.17774035,0.9620659,0.2069725,-0.93141186,0.096582875,0.35091817
1356447584861,0.37351185,-0.31109393,0.87390476,0.21130903,0.9458539,0.2463918,-0.90323716,0.0926337,0.4190246
1356447584900,0.40072146,-0.35410845,0.84500265,0.23902972,0.9307562,0.27669057,-0.88447,0.09110489,0.45761645
1356447584940,0.39895856,-0.3847954,0.8323248,0.25335744,0.91861403,0.3032462,-0.881273,0.08989301,0.46397972
1356447584980,0.37298343,-0.40643424,0.834083,0.2555877,0.9091801,0.3287346,-0.89194065,0.09056881,0.4429887
1356447585020,0.32933939,-0.42121285,0.84505343,0.24977708,0.9019653,0.35223567,-0.91057503,0.09506993,0.40226203
1356447585081,0.27534515,-0.43053868,0.8595473,0.2401447,0.89656675,0.37215403,-0.9308682,0.1039449,0.35025686
1356447585102,0.2179355,-0.43530872,0.87350464,0.2305462,0.8926501,0.38732958,-0.94834197,0.1169703,0.29489893
1356447585142,0.1622833,-0.43614075,0.8851245,0.22444782,0.8898172,0.3973016,-0.96087843,0.13418882,0.2422933
1356447585181,0.11208043,-0.4340469,0.89389104,0.22449067,0.88736296,0.40272933,-0.9680092,0.15553214,0.19689548
1356447585220,0.06961984,-0.43027312,0.90001005,0.23099525,0.8846319,0.40505263,-0.97046083,0.17969838,0.16097897
1356447585260,0.03546238,-0.42580438,0.90411997,0.24236631,0.88134545,0.40557212,-0.9695364,0.20474571,0.13445526
1356447585300,0.009569854,-0.42157772,0.90674174,0.25552097,0.8777095,0.40538272,-0.9667561,0.22781208,0.11612153
1356447585340,-0.00794661,-0.4186224,0.9081257,0.26787314,0.8740718,0.40526846,-0.9634215,0.24648294,0.10519177
1356447585380,-0.017297506,-0.41764343,0.90844643,0.27875763,0.87054205,0.4055253,-0.9602058,0.2602509,0.10136306
1356447585420,-0.020100653,-0.41828856,0.9080918,0.2885048,0.86721134,0.40584412,-0.9572674,0.27014658,0.10324675
1356447585460,-0.019165814,-0.4191725,0.90770435,0.29611388,0.86476034,0.40559357,-0.95496035,0.27655733,0.10754895
1356447585500,-0.016967952,-0.41868645,0.90797234,0.2990784,0.86440027,0.4041835,-0.9540777,0.27841306,0.11055297
1356447585541,-0.014428154,-0.41568765,0.90939295,0.29557046,0.8670709,0.40103146,-0.955212,0.27457586,0.11035478
1356447585580,-0.011203937,-0.4095199,0.91223234,0.28594375,0.87288123,0.3953663,-0.95818084,0.2652768,0.10731995
1356447585621,-0.0069793984,-0.39973962,0.9166022,0.27188683,0.88133425,0.38642916,-0.96230394,0.2519091,0.102532744
1356447585660,-0.002064325,-0.38574642,0.92260253,0.2559734,0.89166284,0.37338307,-0.9666816,0.23693249,0.096900105
1356447585700,0.0030289292,-0.36781126,0.9298956,0.23979789,0.90303487,0.35640568,-0.9708181,0.22190744,0.09093559
1356447585741,0.009313703,-0.3469491,0.9378377,0.2240591,0.91475534,0.33618474,-0.97453105,0.20699994,0.08625686
1356447585780,0.020638794,-0.32639292,0.9450089,0.20914283,0.92570746,0.31515884,-0.97766733,0.19113731,0.08736825
1356447585820,0.04436135,-0.31281045,0.94877905,0.19633195,0.9339232,0.29873276,-0.9795335,0.17302343,0.102844775
1356447585861,0.08884978,-0.3142559,0.94517136,0.19003646,0.9368416,0.2936222,-0.9777484,0.15352876,0.14295828
1356447585900,0.15581399,-0.3357346,0.9289803,0.19760774,0.9320501,0.30370015,-0.9678188,0.13625294,0.2115702
1356447585940,0.23498353,-0.37392715,0.89719635,0.22388712,0.9190444,0.32439482,-0.9458633,0.124643244,0.2996778
1356447585980,0.30482018,-0.41591024,0.8567983,0.26090252,0.9016628,0.34486812,-0.91597736,0.11841809,0.38335705
1356447586020,0.34940612,-0.44966418,0.8220204,0.29211426,0.8858685,0.3604251,-0.89027226,0.11418912,0.4408812
1356447586079,0.36568373,-0.47028744,0.80318433,0.30677086,0.8756336,0.3730381,-0.87873036,0.10997957,0.46447545
1356447586102,0.35757768,-0.4775064,0.8025745,0.30439132,0.87205637,0.3832279,-0.882884,0.10726294,0.4571767
1356447586142,0.33028603,-0.4723981,0.8171605,0.28977662,0.87468547,0.38852906,-0.89829874,0.108468264,0.42578632
