1356447021653,0.15200815,-0.60067505,0.78490955,0.038065434,0.79710674,0.6026374,-0.9876459,-0.06172788,0.14403164
1356447021691,-0.14250433,-0.02858191,-0.98938143,0.06520144,-0.9976829,0.019430518,-0.9876443,-0.06174016,0.14403772
1356447021732,-0.14256579,-0.028664308,-0.9893702,0.06531298,-0.99767447,0.019493464,-0.9876281,-0.061839614,0.14410633
1356447021772,-0.14284414,-0.028897803,-0.9893232,0.065789446,-0.99764013,0.019641683,-0.98755616,-0.062281325,0.14440829
1356447021811,-0.14351255,-0.029219605,-0.989217,0.0669367,-0.9975615,0.019755116,-0.9873821,-0.06337982,0.1451186
1356447021852,-0.14480239,-0.030186584,-0.989,0.069156386,-0.9973989,0.020317549,-0.9870408,-0.06545364,0.14651334
1356447021891,-0.14678514,-0.031986643,-0.98865104,0.072205886,-0.99715704,0.021541428,-0.98652947,-0.068224475,0.14867753
1356447021930,-0.1491394,-0.034061722,-0.98822933,0.07502899,-0.99691516,0.02303804,-0.98596555,-0.07070997,0.15123501
1356447021970,-0.15119678,-0.035058033,-0.9878817,0.07613687,-0.9968151,0.023722198,-0.98556715,-0.07162751,0.1533845
1356447022012,-0.15196455,-0.032616902,-0.98784757,0.074138716,-0.99701583,0.021514565,-0.9856014,-0.069968306,0.15392923
1356447022051,-0.15038729,-0.02413543,-0.9883325,0.068222836,-0.9975722,0.013980096,-0.9862704,-0.06532441,0.15166876
1356447022091,-0.14636075,-0.009647207,-0.9891843,0.059327953,-0.99823815,9.5728226E-4,-0.98745066,-0.058546163,0.14667517
1356447022132,-0.1403668,0.009027734,-0.9900584,0.0489533,-0.9986721,-0.016046697,-0.9888886,-0.050719053,0.13973847
1356447022170,-0.13366926,0.02799095,-0.9906306,0.039884843,-0.9986392,-0.03359904,-0.99022305,-0.04400231,0.13237095
1356447022211,-0.12717396,0.044393726,-0.9908865,0.03518585,-0.9981673,-0.04923579,-0.9912562,-0.04112669,0.12537879
1356447022250,-0.12084144,0.05796746,-0.9909778,0.03728778,-0.9973239,-0.06288561,-0.9919712,-0.044550557,0.118356645
1356447022291,-0.11391938,0.070411205,-0.9909918,0.04707345,-0.9959826,-0.07617713,-0.99237424,-0.055327453,0.11014715
1356447022330,-0.10573578,0.083330534,-0.9908966,0.0636585,-0.9938714,-0.09037352,-0.99235463,-0.072634704,0.099783
1356447022371,-0.09607297,0.09776065,-0.9905619,0.08486265,-0.9907374,-0.10600866,-0.9917502,-0.094246276,0.08688685
1356447022410,-0.08511186,0.11444597,-0.9897768,0.108132854,-0.986453,-0.12336009,-0.9904863,-0.11752679,0.07158354
1356447022450,-0.073393464,0.13431524,-0.9882169,0.13122453,-0.98097354,-0.14307661,-0.9886321,-0.1401792,0.054371655
1356447022490,-0.062133968,0.1571243,-0.9856222,0.15225331,-0.9744801,-0.16494617,-0.98638636,-0.16031304,0.036625743
1356447022531,-0.0531134,0.18093349,-0.9820601,0.16932224,-0.9675757,-0.18742245,-0.9841285,-0.17623925,0.020755176
1356447022591,-0.04792118,0.20322546,-0.97795856,0.18078983,-0.9611476,-0.20859098,-0.98235357,-0.1868009,0.009318292
1356447022612,-0.047106266,0.22256969,-0.9737781,0.18644525,-0.95576894,-0.22747272,-0.9813354,-0.19227168,0.0035256445
1356447022652,-0.050023913,0.23843789,-0.96986854,0.18851587,-0.95137465,-0.24361451,-0.98079526,-0.19502215,0.0026421584
1356447022692,-0.055282295,0.25063205,-0.96650267,0.19094558,-0.9474638,-0.25661665,-0.9800427,-0.19873577,0.004520893
1356447022732,-0.061193824,0.25865987,-0.9640281,0.19744784,-0.9436149,-0.26571622,-0.97840154,-0.20660548,0.0066716336
1356447022772,-0.06625426,0.26152918,-0.96291894,0.20914672,-0.9399616,-0.26968446,-0.97563726,-0.2192591,0.007578552
1356447022812,-0.069571495,0.25766036,-0.9637276,0.22328448,-0.93753624,-0.26677677,-0.9722674,-0.23374549,0.0076942407
1356447022852,-0.070764065,0.24554248,-0.96679956,0.23484333,-0.9378836,-0.25538772,-0.969454,-0.24511868,0.00870445
1356447022892,-0.069259524,0.22481412,-0.97193706,0.23946345,-0.94204515,-0.23496397,-0.96843183,-0.2490169,0.011410892
1356447022932,-0.06421751,0.19543093,-0.9786127,0.2355082,-0.94997007,-0.2051652,-0.96974844,-0.2436465,0.014979124
1356447022972,-0.055398405,0.1556649,-0.9862552,0.22352801,-0.96076745,-0.16419774,-0.9731218,-0.22955197,0.018429637
1356447023012,-0.043462634,0.100591786,-0.99397796,0.20540482,-0.97276324,-0.10742636,-0.9777115,-0.2088369,0.021616878
1356447023052,-0.029665112,0.025040254,-0.99924624,0.18288255,-0.9826753,-0.03005433,-0.9826871,-0.18363625,0.024571747
1356447023092,-0.014713049,-0.07162739,-0.9973229,0.15696786,-0.98522925,0.06844315,-0.9874941,-0.15554065,0.025738925
1356447023132,0.002625525,-0.17903608,-0.98383904,0.1273484,-0.9757721,0.17790791,-0.99185455,-0.12575743,0.020238042
1356447023172,0.026558101,-0.274065,-0.9613444,0.09224626,-0.95690846,0.27534875,-0.995382,-0.09599316,-1.322627E-4
1356447023212,0.064722896,-0.32682124,-0.9428674,0.050825447,-0.9425425,0.33019754,-0.99660814,-0.06929299,-0.04439324
1356447023252,0.12520391,-0.31311327,-0.94142663,0.01051335,-0.9484214,0.31683794,-0.9920753,-0.049566895,-0.1154542
1356447023292,0.20440274,-0.2331866,-0.95070684,-0.010101572,-0.97166294,0.23615481,-0.97883475,-0.038667068,-0.20096612
1356447023322,0.27633142,-0.13702364,-0.9512441,-0.0068926215,-0.9900411,0.14060995,-0.96103764,-0.032298386,-0.2745239
1356447023353,0.3270349,-0.062114608,-0.94296867,0.006708782,-0.99765974,0.06804389,-0.9449884,-0.028578896,-0.32585284
1356447023393,0.34554017,-0.052454047,-0.93693686,0.007022254,-0.9982641,0.058477223,-0.93837774,-0.026785636,-0.34457198
1356447023433,0.33550853,-0.09765586,-0.93696177,-0.0064925775,-0.9948284,0.1013622,-0.9420148,-0.027924582,-0.33440745
1356447023473,0.3049779,-0.17165682,-0.9367616,-0.020366557,-0.9845726,0.17378727,-0.95214164,-0.033922665,-0.30376893
1356447023514,0.26291203,-0.24870962,-0.9322129,-0.021814167,-0.9674894,0.25196898,-0.9645732,-0.045910224,-0.25979
1356447023553,0.22135174,-0.30191135,-0.9272826,-0.0067647845,-0.9513223,0.3081236,-0.9751706,-0.061930813,-0.21261922
1356447023594,0.18352962,-0.33297172,-0.92490363,0.020568848,-0.93937856,0.3422643,-0.98279893,-0.08183986,-0.16555494
1356447023631,0.15112925,-0.33862194,-0.92870617,0.05464199,-0.9351991,0.34988132,-0.9870026,-0.103623666,-0.122832954
1356447023673,0.12289989,-0.32592314,-0.9373739,0.09133243,-0.9368114,0.33770227,-0.98820746,-0.12711619,-0.08536667
1356447023711,0.097800374,-0.29233736,-0.95130116,0.12558292,-0.9446175,0.30319422,-0.98725075,-0.14911969,-0.055671364
1356447023751,0.07638359,-0.24466273,-0.9665949,0.15512583,-0.95470655,0.25391215,-0.98493725,-0.16933855,-0.034970403
1356447023791,0.057974458,-0.18238424,-0.98151666,0.17984171,-0.9651778,0.1899707,-0.98198575,-0.18753108,-0.023155361
1356447023849,0.041624963,-0.11329383,-0.9926892,0.19943929,-0.9726129,0.119365335,-0.97902566,-0.20294979,-0.017889738
1356447023874,0.02645135,-0.048527926,-0.9984715,0.21294904,-0.9756216,0.05305879,-0.9767052,-0.21402703,-0.015472531
1356447023911,0.012931645,0.0026529506,-0.99991286,0.2193141,-0.9756543,2.477467E-4,-0.97556865,-0.2192982,-0.013198644
1356447023948,0.0024766326,0.035351187,-0.9993719,0.2187173,-0.97519743,-0.03395403,-0.97578514,-0.21849585,-0.010147182
1356447023995,-0.0040786862,0.04652959,-0.9989086,0.21154779,-0.9762685,-0.046338804,-0.9773591,-0.21150592,-0.0058612823
1356447024030,-0.0056447983,0.032628424,-0.9994516,0.20116493,-0.9789981,-0.03309685,-0.9795411,-0.20124143,-0.0010374477
1356447024072,-0.0036188364,5.367547E-4,-0.9999933,0.18714525,-0.98233145,-0.0012045279,-0.98232555,-0.18714836,0.0034545055
1356447024111,0.004555106,-0.048483003,-0.9988136,0.16953844,-0.9843269,0.048552994,-0.9855131,-0.16955847,0.0037359598
1356447024152,0.022000253,-0.10207888,-0.994533,0.14768529,-0.9835283,0.10421634,-0.98878974,-0.1491707,-0.0065623224
1356447024192,0.055624127,-0.13495089,-0.98928976,0.11998232,-0.98274034,0.14080365,-0.99121654,-0.12652935,-0.038472354
1356447024233,0.10884023,-0.1340927,-0.9849736,0.09132138,-0.98532116,0.1442311,-0.9898557,-0.105647296,-0.09499705
1356447024273,0.18834001,-0.06929062,-0.97965646,0.076909095,-0.9934041,0.08504884,-0.9790878,-0.091362596,-0.18176866
1356447024312,0.27551663,0.0329854,-0.9607302,0.09069632,-0.99584496,-0.008181274,-0.95700824,-0.08488062,-0.2773635
1356447024351,0.3459518,0.13080828,-0.92908907,0.12462266,-0.9878662,-0.09267966,-0.92993903,-0.08372287,-0.35805577
1356447024391,0.3855105,0.18560353,-0.90384346,0.15045685,-0.9790944,-0.13688286,-0.91035396,-0.083219655,-0.4053765
1356447024432,0.39479095,0.18685749,-0.899569,0.15134439,-0.97895145,-0.13692671,-0.90622014,-0.082087286,-0.414761
1356447024471,0.38159984,0.15240227,-0.91167706,0.13505758,-0.9849216,-0.1081154,-0.91440743,-0.08187208,-0.396429
1356447024510,0.34834826,0.08787163,-0.9332374,0.10972368,-0.9925746,-0.05250228,-0.93092114,-0.08410917,-0.3554032
1356447024553,0.29908276,0.0073048845,-0.9541992,0.08737528,-0.9959794,0.019762047,-0.95021844,-0.08928391,-0.29851854
1356447024601,0.24527079,-0.064521074,-0.9673051,0.07791476,-0.99324316,0.086007334,-0.96631855,-0.096462436,-0.2385864
1356447024634,0.19264227,-0.123531185,-0.97346234,0.081471406,-0.9866056,0.14132173,-0.9778811,-0.106533885,-0.17999768
1356447024673,0.14609402,-0.16191462,-0.97593045,0.09641549,-0.97948813,0.17693798,-0.9845611,-0.11994438,-0.12748629
1356447024713,0.107682586,-0.178991,-0.97794,0.11854331,-0.9743305,0.19138336,-0.9870927,-0.1365369,-0.08370024
1356447024752,0.07747543,-0.17571142,-0.98138833,0.14328545,-0.97216594,0.18537183,-0.98664427,-0.15498044,-0.05014208
1356447024793,0.055027187,-0.15372768,-0.98657984,0.16737863,-0.972675,0.16089669,-0.98435587,-0.17398608,-0.027792841
1356447024834,0.040210485,-0.11456455,-0.99260163,0.19000156,-0.9744028,0.12016106,-0.98096,-0.19342759,-0.017413765
1356447024873,0.030330956,-0.06476181,-0.9974397,0.21012542,-0.9751863,0.069706604,-0.9772038,-0.2117017,-0.01597023
1356447024914,0.02326566,-0.015104152,-0.9996152,0.2264907,-0.9738083,0.019985676,-0.97373545,-0.22686854,-0.019235343
1356447024953,0.015757978,0.024358585,-0.9995791,0.23627137,-0.97148234,-0.019949183,-0.9715593,-0.23585756,-0.021063834
1356447024994,0.007767439,0.047037587,-0.9988629,0.23783581,-0.97031534,-0.04384377,-0.9712743,-0.23722482,-0.018724086
1356447025032,7.852912E-4,0.049972296,-0.99875027,0.23226693,-0.9714459,-0.048423514,-0.9726518,-0.23193865,-0.012369722
1356447025073,-0.0036984086,0.03157852,-0.99949443,0.22226441,-0.97447383,-0.03161046,-0.9749794,-0.22226894,-0.0034147203
1356447025114,-0.004450381,-0.008218363,-0.99995637,0.20964545,-0.97775173,0.0071028247,-0.97776735,-0.20960468,0.0060742507
1356447025151,0.0010271072,-0.067925565,-0.99768984,0.19566411,-0.97839236,0.06681316,-0.98067045,-0.19528073,0.01228568
1356447025192,0.014572859,-0.13276407,-0.9910406,0.17713788,-0.9751258,0.1332368,-0.98407817,-0.17749247,0.009307057
1356447025231,0.03936851,-0.19527583,-0.97995794,0.15157555,-0.9682019,0.19902255,-0.98766136,-0.15637289,-0.008517623
1356447025273,0.08236295,-0.22393534,-0.97111756,0.11698816,-0.9655189,0.23256636,-0.9897122,-0.1327641,-0.053325206
1356447025313,0.14557159,-0.20669764,-0.9675148,0.08399996,-0.9718186,0.22025567,-0.9857753,-0.11333418,-0.124106586
1356447025353,0.23018116,-0.11811923,-0.9659526,0.076456256,-0.987343,0.13895401,-0.9701397,-0.10583771,-0.2182368
1356447025390,0.31391668,0.013308208,-0.94935733,0.1097876,-0.99370325,0.022372771,-0.9430817,-0.11125085,-0.3134011
1356447025432,0.36968994,0.12377083,-0.9208747,0.15989321,-0.9847777,-0.0681698,-0.9152943,-0.12203993,-0.3838525
1356447025471,0.39323306,0.17555496,-0.9025232,0.19021109,-0.9759001,-0.10695216,-0.8995485,-0.1296128,-0.41714868
1356447025512,0.3933338,0.17293622,-0.9029848,0.1900378,-0.97623307,-0.10418533,-0.8995411,-0.13062164,-0.41684988
1356447025552,0.37307262,0.1152516,-0.92061603,0.16042387,-0.9853225,-0.05834161,-0.91382766,-0.12592313,-0.38608596
1356447025596,0.33826852,0.031588327,-0.9405193,0.124158084,-0.99219775,0.011330873,-0.93282324,-0.12060596,-0.3395512
1356447025633,0.2912386,-0.072427034,-0.9539048,0.09244968,-0.99033207,0.10341884,-0.9521728,-0.118307754,-0.28172708
1356447025672,0.23889071,-0.17262253,-0.95557976,0.077741176,-0.97751343,0.19601974,-0.9679295,-0.1211152,-0.220099
1356447025713,0.18985575,-0.24956545,-0.9495641,0.08253863,-0.95967394,0.26872534,-0.97833645,-0.12939477,-0.16160083
1356447025756,0.14955527,-0.29500577,-0.9437186,0.10277929,-0.9446441,0.31158298,-0.98339695,-0.14359361,-0.11095601
1356447025795,0.11924499,-0.30722356,-0.9441368,0.1301821,-0.93787426,0.3216278,-0.9842933,-0.16126221,-0.071841806
1356447025836,0.09840357,-0.29192683,-0.95136505,0.15958971,-0.93900234,0.30464035,-0.9822667,-0.18180576,-0.045812666
1356447025875,0.08301455,-0.2543907,-0.96353203,0.18588284,-0.94594795,0.2657632,-0.9790588,-0.20116627,-0.031240582
1356447025913,0.07241315,-0.20189004,-0.9767276,0.20758657,-0.9548016,0.21274808,-0.97553277,-0.21816128,-0.027230531
1356447025954,0.06385362,-0.14110664,-0.987933,0.2244438,-0.9625613,0.15198937,-0.97239274,-0.23144048,-0.029792517
1356447025993,0.055411637,-0.08293238,-0.9950135,0.23584121,-0.96725863,0.09375292,-0.97021055,-0.23986018,-0.034038514
1356447026036,0.046580136,-0.036027938,-0.9982646,0.24136508,-0.9693318,0.04624611,-0.9693158,-0.24310037,-0.03645572
1356447026074,0.03814131,-0.0059005693,-0.99925494,0.24142009,-0.9703056,0.014944568,-0.9696709,-0.24181022,-0.03558421
1356447026115,0.030787826,0.00288672,-0.9995218,0.23575938,-0.9718013,0.0044553354,-0.97132367,-0.23578379,-0.03060022
1356447026155,0.026034176,-0.01235345,-0.99958473,0.22543073,-0.97409457,0.017909765,-0.97391135,-0.22580338,-0.022574902
1356447026197,0.023664236,-0.05031348,-0.9984531,0.2096467,-0.9762758,0.05416476,-0.97749084,-0.21060416,-0.012554765
1356447026234,0.026789308,-0.10893172,-0.9936882,0.19085136,-0.9752028,0.11205052,-0.9812534,-0.19264849,-0.0053352416
1356447026277,0.037801623,-0.16436227,-0.9856754,0.16644354,-0.97156596,0.16839278,-0.9853261,-0.17042485,-0.009369731
1356447026315,0.060929656,-0.2089409,-0.9760283,0.13711035,-0.9668235,0.21552967,-0.9886801,-0.14695574,-0.030260265
1356447026353,0.103622615,-0.20515366,-0.9732288,0.104361996,-0.9708523,0.21576446,-0.9891263,-0.12392619,-0.07919201
1356447026395,0.16959095,-0.14033541,-0.9754716,0.079824306,-0.9846012,0.15552671,-0.98227644,-0.10424228,-0.15577728
1356447026433,0.24596494,-0.03272122,-0.9687263,0.07943795,-0.99538743,0.053791508,-0.9660181,-0.09018445,-0.2422311
1356447026472,0.30709445,0.0633618,-0.94956744,0.09695526,-0.9946726,-0.03501576,-0.9467274,-0.08131241,-0.3116017
1356447026514,0.34020662,0.110057086,-0.933888,0.10869248,-0.99107313,-0.07720061,-0.9340479,-0.07524246,-0.34913203
1356447026554,0.34732008,0.10544807,-0.93179905,0.10378489,-0.99187565,-0.073561765,-0.93198574,-0.07115718,-0.35544226
1356447026594,0.3335302,0.06268354,-0.94065315,0.08795802,-0.9955038,-0.03515115,-0.9386272,-0.07101403,-0.33754408
1356447026632,0.30409127,-0.002063159,-0.95264065,0.0729496,-0.99701095,0.02544541,-0.9498457,-0.07723249,-0.30303183
1356447026674,0.26712888,-0.067860894,-0.9612684,0.069146655,-0.9935964,0.0893584,-0.96117675,-0.090338714,-0.26072595
1356447026716,0.2280618,-0.12575689,-0.96549106,0.08026896,-0.98581964,0.14736532,-0.97033226,-0.111107364,-0.21473342
1356447026754,0.1925382,-0.16468264,-0.96737206,0.10363291,-0.9768918,0.18692955,-0.9758018,-0.13624266,-0.17102244
1356447026794,0.16197282,-0.18683676,-0.9689462,0.13532747,-0.96842927,0.20935895,-0.9774718,-0.1650355,-0.13157508
1356447026851,0.13656586,-0.19034824,-0.9721714,0.16998559,-0.9623074,0.21229564,-0.97593784,-0.19424747,-0.09906188
1356447026871,0.11567134,-0.17714101,-0.9773644,0.2025666,-0.9590836,0.19780153,-0.97241294,-0.22086135,-0.07505563
1356447026912,0.09803736,-0.1494893,-0.983891,0.23017286,-0.95844084,0.16855747,-0.9681989,-0.24298993,-0.059554636
1356447026948,0.08203596,-0.11215594,-0.9902985,0.25210735,-0.95899576,0.12949523,-0.96421576,-0.2602848,-0.0503968
1356447026992,0.066394925,-0.07322443,-0.99510294,0.26807415,-0.95932674,0.08847821,-0.9611077,-0.27263588,-0.04406485
1356447027033,0.05027008,-0.03974113,-0.9979447,0.27737716,-0.9593433,0.052176394,-0.9594451,-0.27942997,-0.037202984
1356447027079,0.03451085,-0.020540372,-0.99919325,0.27821547,-0.9600703,0.029345319,-0.95989853,-0.27900374,-0.027418198
1356447027114,0.022236347,-0.01756069,-0.99959844,0.2727027,-0.96182424,0.02296342,-0.9618413,-0.27310383,-0.016598614
1356447027157,0.012952089,-0.033002198,-0.9993713,0.25957432,-0.96508014,0.03523396,-0.96563625,-0.2598675,-0.0039332807
1356447027195,0.009401619,-0.070905454,-0.9974388,0.2429936,-0.96742153,0.07106202,-0.9699824,-0.24303931,0.008134186
1356447027234,0.009536803,-0.12189148,-0.9924976,0.22247224,-0.96740776,0.12094784,-0.97489244,-0.22195661,0.017891496
1356447027275,0.015696585,-0.18081023,-0.9833928,0.19768088,-0.9635397,0.18031529,-0.98014075,-0.19722828,0.02061838
1356447027314,0.03090787,-0.23189944,-0.9722487,0.16758361,-0.9577416,0.23376675,-0.98537326,-0.17015819,0.009260684
1356447027354,0.061080933,-0.2541599,-0.9652315,0.13135208,-0.9565802,0.26019397,-0.9894522,-0.14267805,-0.025044382
1356447027394,0.113815844,-0.22890496,-0.9667722,0.09368735,-0.9662863,0.23981953,-0.9890746,-0.117869586,-0.08853319
1356447027435,0.18790603,-0.15301433,-0.9701948,0.0691375,-0.9832794,0.16846843,-0.97975063,-0.09873308,-0.1741851
1356447027474,0.2612034,-0.059354626,-0.9634572,0.067112215,-0.9945758,0.079466544,-0.96294796,-0.08541668,-0.25580317
1356447027515,0.30928552,0.0073197335,-0.950941,0.0749106,-0.9970506,0.016689382,-0.9480142,-0.07639735,-0.30892164
1356447027555,0.3257814,0.03252885,-0.9448854,0.0772769,-0.99698013,-0.0076784343,-0.9422817,-0.070516326,-0.3273113
1356447027595,0.3095926,0.008179162,-0.9508341,0.068269685,-0.99757355,0.013647467,-0.94841534,-0.0691383,-0.30939978
1356447027631,0.27258903,-0.03790458,-0.96138364,0.05994345,-0.9966134,0.056289848,-0.9602614,-0.07297265,-0.26939374
1356447027676,0.2225107,-0.09379343,-0.970408,0.060161747,-0.9921436,0.109689094,-0.97307223,-0.082788445,-0.21511978
1356447027715,0.17437166,-0.13493681,-0.97539043,0.07138515,-0.9862273,0.14919761,-0.9820889,-0.095644236,-0.1623376
1356447027754,0.1325646,-0.16265255,-0.97773755,0.09081928,-0.9803006,0.17539248,-0.98700476,-0.11204827,-0.11518118
1356447027795,0.09922886,-0.17568211,-0.97943324,0.11554618,-0.9755983,0.18670051,-0.9883333,-0.13169585,-0.076508105
1356447027833,0.07438415,-0.17691888,-0.98141056,0.14270271,-0.97212017,0.18605998,-0.98696655,-0.15388986,-0.04706353
1356447027874,0.057216108,-0.16957138,-0.9838556,0.16957138,-0.9695005,0.17695865,-0.9838556,-0.17695865,-0.02671659
1356447027915,0.04731506,-0.15476407,-0.9868178,0.19474708,-0.96753687,0.16107775,-0.9797116,-0.19980128,-0.015639216
1356447027954,0.04494202,-0.13317981,-0.99007237,0.21788299,-0.96590763,0.13981956,-0.9749396,-0.2220037,-0.014392227
1356447027995,0.047249734,-0.10951542,-0.99286145,0.23892358,-0.9638801,0.117688924,-0.96988815,-0.24277878,-0.019377261
1356447028036,0.0515126,-0.08898121,-0.9947004,0.2571114,-0.9612659,0.09930537,-0.96500784,-0.2608643,-0.026639223
1356447028075,0.054619133,-0.07806175,-0.9954512,0.26874384,-0.95900255,0.08994912,-0.9616618,-0.27243432,-0.031401277
1356447028114,0.055685103,-0.07836206,-0.99536854,0.2711798,-0.9582542,0.09061113,-0.9609166,-0.27496952,-0.032110274
1356447028155,0.05539173,-0.09093972,-0.99431473,0.26418334,-0.959018,0.10242874,-0.96288055,-0.2683551,-0.029096901
1356447028194,0.054262817,-0.11510249,-0.9918704,0.24948129,-0.96026725,0.1250836,-0.96685815,-0.2542405,-0.02339089
1356447028234,0.05263114,-0.14884761,-0.9874585,0.22896782,-0.9606871,0.15701602,-0.9720101,-0.23436014,-0.016480744
1356447028274,0.051511467,-0.18828009,-0.98076355,0.20386739,-0.9594045,0.19488724,-0.9776424,-0.20998465,-0.011036158
1356447028314,0.05348301,-0.22643301,-0.9725573,0.17412141,-0.9569156,0.23236659,-0.98327076,-0.18177071,-0.01175189
1356447028355,0.06385666,-0.25285438,-0.9653947,0.13813716,-0.9558173,0.25948304,-0.98835236,-0.1499266,-0.026106715
1356447028398,0.09290743,-0.25285184,-0.96303385,0.09568713,-0.960473,0.26141077,-0.99106616,-0.11643696,-0.06504041
1356447028434,0.14292443,-0.22112724,-0.9647151,0.057191886,-0.97124815,0.23109776,-0.9880798,-0.08820339,-0.1261684
1356447028477,0.21919948,-0.14799447,-0.96439064,0.038470585,-0.9863495,0.16010836,-0.97492135,-0.07219634,-0.21051386
1356447028513,0.29157037,-0.062087987,-0.9545322,0.044881184,-0.9959042,0.07848841,-0.9554959,-0.06572543,-0.28758958
1356447028556,0.33894026,0.0065796264,-0.9407848,0.06365536,-0.9978444,0.015954683,-0.9386519,-0.06529369,-0.33862847
1356447028594,0.35530645,0.04964803,-0.93343043,0.07905528,-0.9966068,-0.022916246,-0.9314009,-0.065650314,-0.35802576
1356447028631,0.3430283,0.062178798,-0.9372648,0.083776094,-0.99585545,-0.035404634,-0.9355817,-0.0663756,-0.3468157
1356447028675,0.30948657,0.05286696,-0.949433,0.082344964,-0.9961926,-0.028628677,-0.9473317,-0.06932084,-0.31266156
1356447028715,0.26291442,0.030421227,-0.96433944,0.08177552,-0.99660885,-0.009144187,-0.9613474,-0.07645523,-0.26451054
1356447028754,0.21121943,0.003092777,-0.97743374,0.087206274,-0.99606663,0.015693184,-0.9735406,-0.088553056,-0.21065834
1356447028794,0.16132778,-0.021706197,-0.98666215,0.09997149,-0.99425596,0.038219467,-0.9818244,-0.10480395,-0.15823111
1356447028833,0.11667848,-0.0407885,-0.9923318,0.11921914,-0.9913564,0.054766208,-0.9859883,-0.12469499,-0.11080718
1356447028875,0.079594195,-0.050790194,-0.9955326,0.14160663,-0.98799664,0.061727364,-0.986718,-0.14588715,-0.07144657
1356447028919,0.050550044,-0.052291263,-0.9973517,0.16513148,-0.9844458,0.05998417,-0.9849753,-0.16772634,-0.041128844
1356447028955,0.028789043,-0.044437945,-0.9985972,0.18604168,-0.98131764,0.049032472,-0.98212,-0.18719232,-0.019983888
1356447028997,0.01556766,-0.027818799,-0.9994918,0.20404866,-0.97848827,0.03041239,-0.978837,-0.2044184,-0.009556383
1356447029033,0.008183181,-0.0036618114,-0.9999598,0.21875007,-0.97576624,0.0053633675,-0.97574663,-0.21878517,-0.0071839094
1356447029073,0.005292058,0.023278974,-0.99971503,0.23031205,-0.9728808,-0.02143494,-0.9731025,-0.230133,-0.010510027
1356447029112,0.0030802488,0.047374845,-0.99887246,0.23686147,-0.9704869,-0.045298137,-0.9715386,-0.23645487,-0.014210673
1356447029155,-2.464652E-4,0.06326159,-0.9979969,0.23623931,-0.96974486,-0.061529063,-0.9716948,-0.23578128,-0.014705868
1356447029194,-0.00450927,0.067399845,-0.99771583,0.22779043,-0.9714261,-0.06665339,-0.9736997,-0.22757068,-0.010972558
1356447029234,-0.00885433,0.056776196,-0.99834764,0.21305773,-0.9753545,-0.05735816,-0.9769995,-0.21321355,-0.0034604967
1356447029275,-0.013004959,0.029005937,-0.9994946,0.19345558,-0.9806199,-0.030975334,-0.9810228,-0.19376066,0.007141621
1356447029314,-0.015284479,-0.016796105,-0.9997421,0.17216724,-0.98496944,0.013915747,-0.9849492,-0.17191015,0.017946482
1356447029357,-0.01380831,-0.07362304,-0.99719054,0.14904746,-0.98629534,0.07075475,-0.9887336,-0.1476517,0.02459246
1356447029395,-0.004475236,-0.13727368,-0.99052304,0.12538935,-0.9827922,0.13563578,-0.99209756,-0.12359405,0.021610826
1356447029437,0.021886945,-0.18021539,-0.9833836,0.09764245,-0.9785315,0.18149939,-0.9949809,-0.099992454,-0.0038203895
1356447029475,0.06776923,-0.19801565,-0.9778533,0.06796183,-0.9769138,0.20253542,-0.9953836,-0.08018237,-0.05274719
1356447029514,0.14051467,-0.16653098,-0.97597283,0.04531723,-0.983638,0.1743634,-0.9890409,-0.06872901,-0.13066885
1356447029555,0.22906929,-0.093075395,-0.9689501,0.04432794,-0.993388,0.10590241,-0.97240025,-0.06721055,-0.22342885
1356447029607,0.30495596,-0.013066657,-0.9522768,0.06345857,-0.9974049,0.034007773,-0.9502499,-0.070801,-0.30333537
1356447029636,0.3472193,0.036148258,-0.937087,0.081276506,-0.9966568,-0.008330751,-0.9342553,-0.07327056,-0.34899646
1356447029674,0.35495335,0.043306578,-0.93388045,0.08394225,-0.99636805,-0.014299167,-0.9311079,-0.073316485,-0.35729942
1356447029714,0.3340965,0.011346096,-0.94247055,0.07254979,-0.9972705,0.013712367,-0.93974257,-0.07295729,-0.33400774
1356447029754,0.2933777,-0.046151172,-0.95488197,0.057143617,-0.9962015,0.06570501,-0.95428723,-0.07384179,-0.28962606
1356447029795,0.24118096,-0.115481004,-0.9635849,0.0473898,-0.9903091,0.13054523,-0.96932244,-0.07714912,-0.23337108
1356447029851,0.19061482,-0.17495036,-0.9659494,0.04950107,-0.9810262,0.18744929,-0.98041606,-0.08354615,-0.1783379
1356447029873,0.14653456,-0.22063874,-0.96428525,0.063785985,-0.9706716,0.23179302,-0.98714685,-0.095473565,-0.12816328
1356447029910,0.11203593,-0.24695101,-0.96252954,0.08636103,-0.9625432,0.25700668,-0.98994434,-0.11191901,-0.086512476
1356447029948,0.08682704,-0.25706518,-0.9624856,0.11335535,-0.9573103,0.26590884,-0.9897533,-0.13219099,-0.053980708
1356447029991,0.070149004,-0.2522412,-0.9651184,0.14210519,-0.95510745,0.2599536,-0.98736274,-0.15538383,-0.03115505
1356447030033,0.060729563,-0.23353131,-0.97045094,0.16958924,-0.95569575,0.24059327,-0.9836419,-0.17918916,-0.018434584
1356447030076,0.057913482,-0.20227727,-0.9776144,0.19462046,-0.95818204,0.20978577,-0.97916746,-0.20241319,-0.016124368
1356447030114,0.058304608,-0.16446826,-0.98465765,0.21567553,-0.9609669,0.17328197,-0.97472286,-0.22246972,-0.020557016
1356447030153,0.059736013,-0.12731037,-0.9900625,0.23118001,-0.9631039,0.1377922,-0.9710754,-0.2371138,-0.028100371
1356447030195,0.05957073,-0.098129,-0.9933892,0.23846531,-0.9649445,0.10961927,-0.96932226,-0.24341896,-0.034082085
1356447030238,0.05747062,-0.0819091,-0.99498147,0.23489222,-0.9675413,0.093217656,-0.970321,-0.23907067,-0.03636539
1356447030275,0.055375576,-0.08052365,-0.99521327,0.22335094,-0.9704856,0.09095058,-0.97316384,-0.22731826,-0.03575617
1356447030317,0.05282563,-0.095168695,-0.9940585,0.20266278,-0.9737113,0.103990495,-0.97782266,-0.20695204,-0.032149762
1356447030355,0.051924825,-0.12938829,-0.9902335,0.17833118,-0.9744321,0.13667476,-0.98259944,-0.18368635,-0.02752325
1356447030394,0.052153468,-0.17594923,-0.9830167,0.15109445,-0.971634,0.1819281,-0.98714256,-0.15801656,-0.024089128
1356447030435,0.057246745,-0.22842026,-0.97187805,0.121319205,-0.96466863,0.23387192,-0.9909613,-0.13129587,-0.027512372
1356447030474,0.07296312,-0.27043563,-0.9599693,0.08923281,-0.9569043,0.27635437,-0.9933348,-0.10582443,-0.04568699
1356447030514,0.10799438,-0.27749538,-0.9546379,0.056450278,-0.956993,0.28456596,-0.9925475,-0.084621094,-0.08768517
1356447030554,0.16890603,-0.22988373,-0.9584489,0.032096,-0.9706219,0.23845965,-0.98510945,-0.07103964,-0.15656555
1356447030594,0.24894243,-0.12711412,-0.96014035,0.032536604,-0.9896926,0.13946259,-0.96797156,-0.06595787,-0.24224064
1356447030631,0.32154113,-0.009724854,-0.94684565,0.058861755,-0.9978081,0.03023725,-0.9450643,-0.06545552,-0.32026392
1356447030675,0.3646835,0.07086861,-0.9284307,0.08640976,-0.9953724,-0.042037003,-0.9271134,-0.06489528,-0.36911964
1356447030715,0.37584215,0.095912166,-0.92170686,0.094896965,-0.99338394,-0.06467493,-0.9218119,-0.063159615,-0.38245735
1356447030756,0.35511798,0.055254206,-0.9331871,0.077139884,-0.99657923,-0.029652612,-0.93163335,-0.06145577,-0.3581655
1356447030795,0.31366348,-0.015903201,-0.949401,0.05329508,-0.9979887,0.03432473,-0.9480374,-0.06136482,-0.31218505
1356447030834,0.25702006,-0.10665777,-0.9605023,0.034034755,-0.99227554,0.119293325,-0.96580654,-0.06335124,-0.25140464
1356447030875,0.19715166,-0.1888724,-0.96200746,0.030371048,-0.9796192,0.1985543,-0.97990245,-0.06836248,-0.1873973
1356447030914,0.14511293,-0.24472016,-0.9586732,0.043270648,-0.96643245,0.2532507,-0.98846847,-0.07823237,-0.12965265
1356447030954,0.10596782,-0.26892215,-0.95731485,0.06826068,-0.95849705,0.2768102,-0.9920238,-0.094679944,-0.08321303
1356447030994,0.079529226,-0.26253206,-0.9616403,0.10002172,-0.9577257,0.26973534,-0.9918018,-0.117636755,-0.04990828
1356447031033,0.06270975,-0.23049283,-0.9710512,0.13445947,-0.9621446,0.237062,-0.98893285,-0.14543313,-0.029343903
1356447031075,0.050492167,-0.1811528,-0.98215795,0.16666721,-0.96809375,0.18712702,-0.9847195,-0.17314196,-0.018688917
1356447031115,0.041497886,-0.12064555,-0.99182785,0.19514275,-0.9725866,0.12646979,-0.97989655,-0.19879627,-0.016817182
1356447031156,0.033411622,-0.05335477,-0.9980165,0.21937999,-0.9738292,0.059406124,-0.97506726,-0.22092971,-0.02083224
1356447031196,0.026313424,0.013380423,-0.9995642,0.23971613,-0.97082,-0.0066851526,-0.9704864,-0.23943575,-0.028753104
1356447031235,0.01837027,0.070588715,-0.9973364,0.2538409,-0.9651504,-0.0636351,-0.96707153,-0.25199574,-0.035648376
1356447031276,0.009906054,0.11033087,-0.9938455,0.25814503,-0.96048623,-0.104054496,-0.96605533,-0.25552553,-0.037995998
1356447031316,0.0028343797,0.13089077,-0.9913928,0.25321335,-0.95918125,-0.12591405,-0.96740633,-0.250677,-0.035861973
1356447031354,-0.0017465949,0.13222614,-0.99121803,0.23912823,-0.962407,-0.12880418,-0.9709864,-0.23725319,-0.029938068
1356447031396,-0.002454102,0.111465394,-0.9937653,0.21848887,-0.96969837,-0.109305486,-0.97583634,-0.2173949,-0.021974208
1356447031434,0.0010870099,0.06669286,-0.99777293,0.19406411,-0.9788188,-0.0652145,-0.98098826,-0.19356103,-0.014006674
1356447031474,0.009221733,-0.001031749,-0.99995697,0.16764408,-0.98584425,0.0025632307,-0.98580444,-0.1676605,-0.008918226
1356447031514,0.023277044,-0.08253969,-0.9963159,0.13919991,-0.9866106,0.0849878,-0.98999065,-0.14066535,-0.011475861
1356447031555,0.04733336,-0.15613885,-0.9866003,0.1067646,-0.98125845,0.1604156,-0.993157,-0.112927005,-0.029776156
1356447031594,0.085653424,-0.19941258,-0.976165,0.07021728,-0.9761212,0.20556484,-0.99384755,-0.08615099,-0.06960592
1356447031633,0.14752138,-0.17011398,-0.9743195,0.037852407,-0.98340493,0.17743148,-0.98833424,-0.06305528,-0.13863403
1356447031673,0.22839671,-0.06707006,-0.9712551,0.03054154,-0.99663955,0.07600502,-0.9730889,-0.04702293,-0.22558078
1356447031716,0.30888915,0.082610264,-0.9475036,0.062990144,-0.9958104,-0.06628702,-0.94900995,-0.039208047,-0.31279865
1356447031754,0.36063206,0.19243252,-0.91264135,0.103856236,-0.9806854,-0.16574076,-0.92690796,-0.035012066,-0.37365192
1356447031793,0.38186955,0.2230718,-0.89689165,0.11723836,-0.9742872,-0.19240478,-0.91675013,-0.031676576,-0.3982032
1356447031835,0.3788877,0.1810157,-0.9075668,0.09786996,-0.98302203,-0.15520698,-0.92025304,-0.030017518,-0.39017096
1356447031876,0.35335654,0.08035257,-0.93203145,0.059190564,-0.9962284,-0.06344651,-0.9336143,-0.032748226,-0.35677993
1356447031914,0.3106907,-0.04134933,-0.9496113,0.026322613,-0.9982959,0.052081373,-0.95014656,-0.041177448,-0.30907282
1356447031955,0.2602325,-0.1538136,-0.95321584,0.013864614,-0.9865328,0.16297482,-0.9654465,-0.05562732,-0.25459534
1356447031993,0.2121498,-0.2355391,-0.948427,0.02498822,-0.96889395,0.24621151,-0.9769177,-0.07593323,-0.19966495
1356447032035,0.17309564,-0.27762902,-0.9449656,0.052747577,-0.9554584,0.2903739,-0.98349154,-0.100107096,-0.15074143
1356447032076,0.1434437,-0.28787848,-0.9468631,0.08959043,-0.9490518,0.30211627,-0.9855949,-0.12816656,-0.11034435
1356447032115,0.12009603,-0.2725109,-0.95462805,0.12733324,-0.9494172,0.28704238,-0.98456246,-0.15602854,-0.07932153
1356447032157,0.10093391,-0.24162638,-0.9651057,0.16132423,-0.9532467,0.25552914,-0.98172647,-0.18148647,-0.057234734
1356447032203,0.08403885,-0.19401594,-0.9773921,0.18843766,-0.9600695,0.2067797,-0.97848284,-0.201555,-0.044123232
1356447032245,0.0684914,-0.13123068,-0.98898304,0.20885935,-0.96745795,0.14283887,-0.97554433,-0.21634158,-0.038853794
1356447032284,0.055981755,-0.06297113,-0.99644405,0.22416134,-0.9717382,0.074003555,-0.9729429,-0.22750708,-0.04028392
1356447032323,0.04511696,0.0025610253,-0.99897844,0.23497021,-0.97196865,0.0081202015,-0.97095495,-0.23509654,-0.04445404
1356447032365,0.034819305,0.05468052,-0.9978966,0.23911542,-0.9699568,-0.044806153,-0.97036666,-0.23705235,-0.046848178
1356447032404,0.02570802,0.08726714,-0.9958532,0.23538077,-0.96870255,-0.07881154,-0.9715632,-0.23237859,-0.04544443
1356447032447,0.01874739,0.09646371,-0.9951599,0.22133878,-0.9710392,-0.0899559,-0.9750168,-0.21858105,-0.03955561
1356447032485,0.016470492,0.07686093,-0.99690574,0.20151225,-0.9768373,-0.07198434,-0.9793475,-0.1997031,-0.03157741
1356447032524,0.017013252,0.028590612,-0.99944645,0.17617089,-0.98403823,-0.02515094,-0.9842126,-0.17564547,-0.021778524
1356447032566,0.02096486,-0.056602024,-0.9981767,0.14713633,-0.98735034,0.05907843,-0.988894,-0.14810662,-0.012371451
1356447032605,0.028840482,-0.17305514,-0.9844897,0.115723856,-0.97769874,0.17525151,-0.9928626,-0.1189833,-0.008170694
1356447032642,0.042797565,-0.29590192,-0.95425904,0.08039721,-0.95101666,0.29850224,-0.99584365,-0.089494936,-0.016911507
1356447032684,0.068446994,-0.39071974,-0.91796136,0.037752658,-0.9184458,0.39374095,-0.99694014,-0.061605856,-0.04811415
1356447032724,0.11521238,-0.42252886,-0.89899695,-0.010937735,-0.90550834,0.42418748,-0.99328065,-0.039038673,-0.10894728
1356447032763,0.18878818,-0.37363106,-0.90816236,-0.049070254,-0.92722607,0.37127346,-0.9807911,-0.025528267,-0.19338349
1356447032804,0.28144258,-0.2458814,-0.9275411,-0.049487874,-0.96904635,0.24186797,-0.9583011,-0.022169903,-0.28489906
1356447032862,0.35555446,-0.13178003,-0.92531884,-0.024390109,-0.9909816,0.13175952,-0.93433726,-0.02427907,-0.35556206
1356447032882,0.39178032,-0.11320302,-0.913068,-0.018430084,-0.9931683,0.11522592,-0.91987413,-0.028315328,-0.39119014
1356447032922,0.39253563,-0.19366655,-0.8991156,-0.04608783,-0.98049307,0.19107395,-0.9185813,-0.033565037,-0.39380413
1356447032959,0.35974586,-0.33843365,-0.86950886,-0.08879873,-0.9400877,0.32916552,-0.92881525,-0.041204676,-0.36824512
1356447033000,0.30992627,-0.47812432,-0.8217924,-0.113885164,-0.8767985,0.4671772,-0.9439152,-0.051200524,-0.32619417
1356447033043,0.2564389,-0.5892781,-0.76615304,-0.11057304,-0.8053406,0.5824089,-0.9602149,-0.06463644,-0.27167892
1356447033095,0.21111798,-0.6635015,-0.7177708,-0.07919434,-0.74351865,0.6640092,-0.9742471,-0.08334088,-0.20951574
1356447033135,0.1820212,-0.7001548,-0.6903996,-0.036627114,-0.7064695,0.7067951,-0.9826122,-0.10336432,-0.15423706
1356447033176,0.16531515,-0.7145417,-0.6797801,0.008101732,-0.6882567,0.7254219,-0.9862075,-0.12543061,-0.10799019
1356447033216,0.15665704,-0.7121432,-0.6843322,0.049099,-0.6864151,0.72555053,-0.9864319,-0.1472626,-0.072566204
1356447033257,0.15436876,-0.6945712,-0.7026671,0.084127724,-0.69936866,0.70979285,-0.98442507,-0.16868362,-0.049527913
1356447033295,0.15448189,-0.66206133,-0.73335534,0.11282739,-0.7255882,0.67881644,-0.98153216,-0.1876074,-0.037391573
1356447033334,0.15639132,-0.6160011,-0.7720649,0.13578068,-0.7608532,0.63455975,-0.9783176,-0.20407113,-0.035349783
1356447033375,0.15634638,-0.56072843,-0.8131048,0.15408136,-0.7993035,0.5808381,-0.97560996,-0.21609622,-0.0385704
1356447033414,0.15155679,-0.50843465,-0.8476584,0.16578873,-0.8323404,0.52888894,-0.9744458,-0.22068895,-0.041854113
1356447033456,0.14243776,-0.47081476,-0.8706578,0.1682214,-0.8553149,0.4900387,-0.975404,-0.2162633,-0.04262802
1356447033494,0.13156873,-0.45501596,-0.88071007,0.1607631,-0.8668786,0.47188628,-0.9781845,-0.20367116,-0.040904343
1356447033535,0.12103987,-0.46503046,-0.8769812,0.14489916,-0.86573637,0.47906655,-0.9820151,-0.18505998,-0.037406087
1356447033604,0.11228019,-0.49998206,-0.85872644,0.1243401,-0.85032934,0.5113507,-0.9858665,-0.16418868,-0.03330731
1356447033614,0.1042614,-0.5532254,-0.8264811,0.100456625,-0.8209021,0.5621637,-0.98946345,-0.14163747,-0.030013178
1356447033650,0.09752244,-0.61523473,-0.7822886,0.0741446,-0.7793597,0.6221744,-0.9924676,-0.11867842,-0.03038866
1356447033697,0.09396291,-0.66778636,-0.73839855,0.041811585,-0.73837864,0.673089,-0.99469733,-0.09411898,-0.041458987
1356447033735,0.09701717,-0.70407736,-0.70346475,0.0023996532,-0.70663136,0.7075777,-0.9952798,-0.07033524,-0.06686577
1356447033774,0.118079424,-0.70502377,-0.69928455,-0.047299147,-0.70740503,0.7052241,-0.9918771,-0.050196886,-0.116877034
1356447033815,0.16983837,-0.65701073,-0.73450106,-0.097589254,-0.7528787,0.65088403,-0.98062795,-0.038865656,-0.1919849
1356447033854,0.25533003,-0.5473145,-0.7970278,-0.12206295,-0.8360034,0.5349756,-0.9591179,-0.03930776,-0.2802636
1356447033897,0.34885603,-0.39750966,-0.84869635,-0.10228443,-0.9163286,0.3871431,-0.9315779,-0.048248798,-0.3603258
1356447033934,0.4112962,-0.27466568,-0.8691341,-0.06441051,-0.95989317,0.27286687,-0.90922314,-0.05624774,-0.41249177
1356447033974,0.43241853,-0.2206446,-0.87425977,-0.04377401,-0.97359115,0.22406262,-0.9006098,-0.058618993,-0.43065736
1356447034014,0.4188717,-0.22671929,-0.8792866,-0.044891976,-0.97231513,0.22932072,-0.90693504,-0.05658306,-0.41745317
1356447034056,0.37711674,-0.27481815,-0.8844535,-0.055267148,-0.9599381,0.2747078,-0.9245153,-0.054715693,-0.37719715
1356447034094,0.32361633,-0.3258229,-0.88831973,-0.05530922,-0.94374895,0.32600433,-0.94457054,-0.056368068,-0.32343358
1356447034136,0.2647257,-0.3754086,-0.88825035,-0.041394472,-0.92468697,0.37847126,-0.96343493,-0.06342243,-0.26032823
1356447034174,0.21250021,-0.40306842,-0.890157,-0.014194071,-0.9121396,0.40963382,-0.97705793,-0.07441233,-0.19955105
1356447034218,0.16953635,-0.4121579,-0.89520013,0.021841511,-0.906555,0.4215222,-0.9852818,-0.09101586,-0.14469188
1356447034255,0.13718373,-0.39690912,-0.9075482,0.059709832,-0.91123074,0.40754533,-0.98874426,-0.11009817,-0.10130665
1356447034294,0.11537272,-0.3632525,-0.9245197,0.096833974,-0.9221888,0.3744208,-0.988591,-0.13272288,-0.07122025
1356447034334,0.101200104,-0.310228,-0.9452604,0.1309718,-0.9377144,0.32177335,-0.98620737,-0.15636595,-0.054265678
1356447034374,0.09200621,-0.24221489,-0.96585035,0.16033062,-0.9537051,0.2544421,-0.98276603,-0.17826563,-0.048912317
1356447034413,0.085642636,-0.16465802,-0.9826256,0.18461181,-0.9665481,0.17805414,-0.9790729,-0.19665332,-0.052379906
1356447034453,0.07982701,-0.085997075,-0.99309224,0.20351079,-0.9738811,0.10069215,-0.975813,-0.21014294,-0.060240686
1356447034493,0.07252163,-0.016572207,-0.99722916,0.21504569,-0.9760842,0.031859614,-0.97390753,-0.21676034,-0.06722343
1356447034533,0.06317294,0.036545,-0.9973332,0.21737802,-0.9758398,-0.021988295,-0.97404104,-0.21540928,-0.06959075
1356447034603,0.052932262,0.07027196,-0.9961225,0.2097944,-0.9760411,-0.05770719,-0.9763117,-0.20592636,-0.06640673
1356447034611,0.04369235,0.08456612,-0.99545944,0.1948807,-0.97799134,-0.074528545,-0.9798533,-0.19073951,-0.059211046
1356447034653,0.03568375,0.078389764,-0.996284,0.17354023,-0.98225904,-0.071070604,-0.9841801,-0.17035928,-0.048654467
1356447034691,0.030692697,0.051303595,-0.9982113,0.15058488,-0.9875205,-0.046124,-0.9881205,-0.14889987,-0.038035214
1356447034731,0.028667033,0.012873441,-0.9995061,0.12613475,-0.99197084,-0.0091586895,-0.99159884,-0.12580991,-0.030060649
1356447034771,0.03367406,-0.030203171,-0.99897635,0.100423776,-0.9943823,0.033449415,-0.99437475,-0.10144736,-0.030451775
1356447034811,0.051540077,-0.05937404,-0.9969044,0.07321941,-0.9953199,0.06306513,-0.99598324,-0.07624313,-0.046951532
1356447034852,0.090675116,-0.049926445,-0.99462825,0.0473798,-0.99739534,0.054384712,-0.9947528,-0.05205662,-0.08807343
1356447034890,0.15147835,0.009032494,-0.98841935,0.033813667,-0.99942034,-0.003950975,-0.9878821,-0.032823592,-0.15169597
1356447034932,0.22624654,0.115417935,-0.9672079,0.046999075,-0.9930922,-0.10751284,-0.97293556,-0.021133475,-0.2301082
1356447034977,0.28792304,0.22436026,-0.93100095,0.080026746,-0.9744054,-0.210071,-0.954304,-0.014020696,-0.29850858
1356447035014,0.32162887,0.30054677,-0.8979011,0.1083861,-0.9537404,-0.2804134,-0.94064194,-0.0071309656,-0.33932555
1356447035058,0.32601786,0.3269221,-0.8870368,0.1123314,-0.9450512,-0.30701774,-0.9386661,4.5119226E-4,-0.34482718
1356447035095,0.31035638,0.32202354,-0.89441586,0.10075193,-0.94671935,-0.30589455,-0.945266,0.0048222095,-0.3262649
1356447035146,0.27043235,0.27009887,-0.92407405,0.0748329,-0.96283203,-0.25952747,-0.95982623,0.0010334849,-0.28059322
