1356446966488,0.19710839,0.12450212,-0.9724441,0.77293056,0.59045064,0.23226377,0.6030976,-0.7974129,0.020151258
1356446966531,0.3907295,0.31733462,0.86407703,-0.6954247,-0.51324385,0.5029563,0.6030877,-0.7974204,0.020142913
1356446966572,0.39067775,0.317218,0.86414325,-0.69550365,-0.51324725,0.50284386,0.6030303,-0.7974647,0.020112008
1356446966619,0.39044464,0.3167938,0.86440426,-0.6958122,-0.5132652,0.5023985,0.60282534,-0.79762185,0.02002734
1356446966654,0.38981694,0.3158422,0.8650355,-0.6964783,-0.5134179,0.50131816,0.60246223,-0.79790074,0.019838307
1356446966696,0.3888573,0.31416494,0.86607754,-0.69746333,-0.5138174,0.49953625,0.60194254,-0.79830563,0.019316878
1356446966736,0.38758314,0.3118891,0.86747015,-0.6985447,-0.51466316,0.49714905,0.6015103,-0.7986533,0.0183937
1356446966799,0.38618237,0.30902213,0.8691194,-0.6992919,-0.51636976,0.49432093,0.60154307,-0.7986662,0.01668379
1356446966821,0.38457495,0.30604023,0.87088543,-0.69964284,-0.518801,0.49126905,0.6021643,-0.7982386,0.014601052
1356446966852,0.38286847,0.3030004,0.8726984,-0.6988984,-0.5227606,0.48812145,0.60411334,-0.7968138,0.011617839
1356446966888,0.38063174,0.2998137,0.874775,-0.69692564,-0.5287579,0.4844685,0.60779446,-0.79405725,0.0076857507
1356446966920,0.37763995,0.29648215,0.8772038,-0.6942924,-0.53614914,0.48010647,0.61265504,-0.7903433,0.0033739246
1356446966959,0.3741877,0.29335827,0.87972975,-0.69003844,-0.5456872,0.47547072,0.6195406,-0.7849627,-0.0017609634
1356446967002,0.3696053,0.28974777,0.8828579,-0.68459916,-0.5575136,0.46957707,0.6282642,-0.77796197,-0.0076988973
1356446967043,0.36360645,0.2850405,0.8868722,-0.67891496,-0.5708007,0.46180177,0.6378596,-0.7700249,-0.014028516
1356446967081,0.35632688,0.2790568,0.8917166,-0.6736068,-0.58465946,0.45213628,0.6475222,-0.76177466,-0.02035531
1356446967125,0.34804082,0.2720346,0.8971426,-0.66863394,-0.598745,0.4409458,0.65711206,-0.7533271,-0.026496172
1356446967165,0.33857167,0.26415318,0.90310144,-0.6643704,-0.6125533,0.4282408,0.666319,-0.74498415,-0.031897575
1356446967206,0.32783282,0.2561596,0.9093448,-0.6611599,-0.6253367,0.41451377,0.6748283,-0.73711354,-0.03564349
1356446967244,0.31524926,0.2478154,0.91608155,-0.65999556,-0.6363842,0.3992755,0.6819265,-0.730481,-0.037062526
1356446967286,0.3020358,0.2415328,0.922191,-0.6603701,-0.64466053,0.3851285,0.68752134,-0.72530997,-0.035209477
1356446967325,0.2868415,0.23465951,0.92879325,-0.6630053,-0.65119493,0.3692819,0.69148093,-0.7217202,-0.03120923
1356446967366,0.2711271,0.22861107,0.9350011,-0.6673761,-0.65533704,0.3537547,0.6936131,-0.71990985,-0.02511004
1356446967405,0.25304216,0.21958855,0.94220513,-0.67373383,-0.65892816,0.33450907,0.6942999,-0.7194404,-0.018792335
1356446967445,0.23449129,0.20886835,0.9494145,-0.6811507,-0.6615034,0.31376284,0.693576,-0.7202689,-0.012845989
1356446967482,0.23501533,0.21400881,0.9481393,-0.68249494,-0.6582121,0.31773812,0.6920755,-0.72177356,-0.008630037
1356446967525,0.19706959,0.17805392,0.9640852,-0.6957972,-0.6673715,0.26548338,0.69067335,-0.72312653,-0.0076291934
1356446967565,0.16648829,0.1442092,0.9754411,-0.7044892,-0.67475605,0.21999815,0.68991065,-0.72381485,-0.010745145
1356446967605,0.14151835,0.11148307,0.98363817,-0.7104013,-0.6805637,0.17934048,0.6894219,-0.72415775,-0.017114498
1356446967642,0.121813655,0.08230251,0.9891348,-0.71521586,-0.6837035,0.14496872,0.6882062,-0.7251041,-0.024420418
1356446967683,0.10804391,0.060904145,0.9922788,-0.72031313,-0.683127,0.12036002,0.6851828,-0.7277556,-0.029937685
1356446967725,0.101423204,0.04982242,0.993595,-0.7268598,-0.6782086,0.1082035,0.6792556,-0.7331786,-0.03257221
1356446967763,0.103732824,0.04896629,0.9933991,-0.7342882,-0.66991585,0.10969719,0.67086536,-0.7408204,-0.033536837
1356446967804,0.11477512,0.054715574,0.9918835,-0.74224216,-0.6588895,0.12223458,0.6602297,-0.75024724,-0.035011902
1356446967843,0.1371172,0.06628406,0.98833454,-0.74786556,-0.6473315,0.1471698,0.6495352,-0.759321,-0.039188668
1356446967884,0.16761732,0.07756212,0.9827963,-0.7501178,-0.6368442,0.17819336,0.6397091,-0.76708126,-0.048565425
1356446967922,0.20718354,0.08666068,0.9744562,-0.7475682,-0.6284801,0.21483603,0.63104415,-0.77298295,-0.06542593
1356446967963,0.2538659,0.08684823,0.96333253,-0.7403929,-0.6234238,0.25131902,0.622391,-0.77704585,-0.09396428
1356446968003,0.3059669,0.067971945,0.9496126,-0.7301792,-0.62330204,0.27988014,0.6109195,-0.7790214,-0.14107811
1356446968044,0.36237675,0.02149406,0.93178385,-0.7191386,-0.62951297,0.29419902,0.59289354,-0.7766926,-0.21266365
1356446968086,0.420796,-0.052407235,0.9056402,-0.7092172,-0.6414889,0.2924087,0.56563383,-0.7653401,-0.3071041
1356446968120,0.4785047,-0.13342866,0.8678883,-0.6990726,-0.6559819,0.28457892,0.53134805,-0.7428893,-0.40716678
1356446968163,0.53423166,-0.1890739,0.82392204,-0.68306595,-0.67075646,0.2889751,0.49801338,-0.71717274,-0.4874893
1356446968202,0.58955216,-0.19601911,0.7835846,-0.65390277,-0.68531895,0.3205451,0.47417238,-0.7013662,-0.5322087
1356446968242,0.6407813,-0.1536539,0.75219005,-0.61133116,-0.6947969,0.3788554,0.46440667,-0.70260066,-0.53914624
1356446968280,0.6834728,-0.0766768,0.72593766,-0.55937207,-0.69395596,0.45335194,0.4690072,-0.71592295,-0.51719093
1356446968322,0.71148807,0.024190903,0.70228165,-0.50472134,-0.67776763,0.53468436,0.48891827,-0.7348781,-0.47001392
1356446968361,0.72264016,0.12508269,0.67981285,-0.45871812,-0.6489285,0.6070168,0.51707727,-0.7504972,-0.4115641
1356446968401,0.718462,0.21909371,0.66015935,-0.4251676,-0.6128174,0.6660986,0.55049515,-0.7592449,-0.34713447
1356446968450,0.70245177,0.2989459,0.64590466,-0.40606427,-0.57698435,0.7086613,0.5845283,-0.76007915,-0.28391242
1356446968485,0.67886674,0.36280727,0.63836575,-0.39915705,-0.5473664,0.7355703,0.6162902,-0.75416243,-0.22677174
1356446968522,0.65128046,0.41106352,0.6378562,-0.40114757,-0.52701575,0.749223,0.6441385,-0.7438288,-0.17833793
1356446968562,0.62263155,0.44434735,0.6441159,-0.40899417,-0.51696086,0.7519809,0.66712344,-0.73164666,-0.14014071
1356446968592,0.5947948,0.46367577,0.6566765,-0.42116794,-0.5160517,0.74586076,0.6847165,-0.7202051,-0.11165953
1356446968632,0.57113016,0.47107968,0.67223084,-0.43298915,-0.52284986,0.73426735,0.6973742,-0.71043086,-0.09464294
1356446968672,0.54865897,0.46568456,0.69434226,-0.44852945,-0.5369161,0.71452254,0.70554566,-0.7034622,-0.085710585
1356446968712,0.52675736,0.45178068,0.7200145,-0.46851283,-0.55246055,0.6894077,0.70924073,-0.70048666,-0.07934761
1356446968752,0.505764,0.43406045,0.745516,-0.4933684,-0.5633756,0.66271824,0.7076654,-0.7029931,-0.07078341
1356446968793,0.48722756,0.41636974,0.7676233,-0.5220366,-0.56579447,0.63824314,0.70006216,-0.71169716,-0.05831039
1356446968834,0.4735101,0.40166062,0.783873,-0.55193233,-0.55825305,0.6194547,0.6864101,-0.72596294,-0.04264894
1356446968873,0.4669997,0.39288902,0.7921802,-0.5775404,-0.542867,0.6097069,0.6695956,-0.742249,-0.02660942
1356446968914,0.4684025,0.38977444,0.7928903,-0.59743226,-0.5214201,0.60925835,0.6509023,-0.7590764,-0.01137066
1356446968954,0.47928917,0.3923692,0.78506577,-0.60750324,-0.4972605,0.61941236,0.6334206,-0.7738076,3.4034252E-5
1356446968993,0.4978815,0.39420852,0.77247244,-0.608238,-0.47620103,0.63504267,0.6181914,-0.786023,0.0026809284
1356446969033,0.52555394,0.3884364,0.75690836,-0.5981208,-0.46399844,0.65341944,0.6050162,-0.79612976,-0.011524319
1356446969072,0.5631289,0.3660052,0.74089545,-0.5760534,-0.4689603,0.6695064,0.59249336,-0.80381376,-0.053246558
1356446969112,0.61040276,0.3223759,0.72352076,-0.5409173,-0.49762207,0.6780714,0.5786338,-0.8052615,-0.1293712
1356446969152,0.66290283,0.26442152,0.70045775,-0.4953127,-0.5466858,0.67512953,0.5614491,-0.79449093,-0.23142824
1356446969192,0.7121787,0.21221313,0.66915405,-0.44679806,-0.5981927,0.6652345,0.54145455,-0.77274257,-0.3312037
1356446969232,0.75109667,0.18523616,0.63367295,-0.40208042,-0.6329339,0.66160864,0.5236269,-0.75171953,-0.4009147
1356446969271,0.7766232,0.18940103,0.6008191,-0.3639409,-0.64358044,0.6733136,0.51420176,-0.7415736,-0.4308887
1356446969310,0.7883268,0.21825916,0.57524234,-0.33456874,-0.63256997,0.698512,0.5163377,-0.7431138,-0.42564917
1356446969351,0.7872962,0.26026082,0.5589536,-0.31731117,-0.60625553,0.72922415,0.52865714,-0.75147754,-0.394719
1356446969390,0.77554214,0.305062,0.55269486,-0.314781,-0.57202315,0.7574315,0.5472178,-0.76139784,-0.34760034
1356446969448,0.7549366,0.34622213,0.5569569,-0.32696834,-0.5374786,0.77730846,0.5684738,-0.7689259,-0.2925586
1356446969472,0.7264435,0.38084224,0.572048,-0.3511332,-0.5098516,0.7853387,0.5907497,-0.7713693,-0.23665202
1356446969512,0.6902331,0.4071082,0.5981983,-0.38361096,-0.4950911,0.77956873,0.6135315,-0.7675596,-0.1855571
1356446969542,0.6465241,0.41922048,0.63738585,-0.42438868,-0.49664423,0.7571253,0.63395643,-0.7599991,-0.14318001
1356446969572,0.5987127,0.42062053,0.6816315,-0.46501377,-0.51036966,0.7233844,0.6521544,-0.7500675,-0.10997045
1356446969603,0.54381657,0.40587693,0.7345253,-0.5082502,-0.5371958,0.6731289,0.66779137,-0.73938125,-0.08584896
1356446969642,0.47627902,0.36607936,0.79946494,-0.55566263,-0.5793457,0.59632003,0.68146706,-0.7282475,-0.07251358
1356446969682,0.37255555,0.2764835,0.8858664,-0.61740315,-0.6388282,0.4590336,0.69283164,-0.71795225,-0.06729722
1356446969741,0.22128367,0.1294229,0.96658325,-0.677776,-0.69223404,0.24785416,0.70117986,-0.709973,-0.065460324
1356446969762,0.037884176,-0.050278336,0.9980165,-0.7080512,-0.7061076,-0.008695215,0.70514417,-0.7063174,-0.06234999
1356446969802,-0.13046998,-0.20551108,0.96991897,-0.6986676,-0.6750465,-0.23701432,0.7034495,-0.7085742,-0.05551064
1356446969838,-0.25035328,-0.30271703,0.91961163,-0.67228335,-0.6291555,-0.39012605,0.69667655,-0.71590894,-0.04600042
1356446969885,-0.31772387,-0.33971322,0.8852381,-0.6566497,-0.594662,-0.463884,0.68400496,-0.72867835,-0.03413436
1356446969931,-0.34062004,-0.33149794,0.87982225,-0.6626191,-0.57924336,-0.47477695,0.66701865,-0.74470556,-0.02235505
1356446969972,-0.3223555,-0.2929363,0.9001529,-0.6883246,-0.5802563,-0.4353297,0.6498432,-0.75992835,-0.0145864785
1356446970012,-0.27930558,-0.24779597,0.9276775,-0.7230483,-0.581436,-0.3730057,0.63181436,-0.7749383,-0.016770095
1356446970051,-0.21081984,-0.20533407,0.95571584,-0.7624019,-0.5773639,-0.29222277,0.6117992,-0.790246,-0.034827262
1356446970090,-0.14208132,-0.2010127,0.96923,-0.7972064,-0.5571745,-0.23241886,0.5867494,-0.80569875,-0.08108452
1356446970135,-0.08590001,-0.2557802,0.962911,-0.82842207,-0.51857483,-0.21165264,0.553478,-0.8158778,-0.1673483
1356446970171,-0.02788192,-0.32293284,0.94601107,-0.8556191,-0.48162055,-0.18962502,0.5168545,-0.8147123,-0.26287904
1356446970210,0.01878786,-0.38692853,0.9219183,-0.8756771,-0.45137972,-0.17159823,0.48253143,-0.8040788,-0.34730488
1356446970250,0.07496998,-0.4120187,0.90808594,-0.88579834,-0.4457471,-0.12911543,0.45797467,-0.7947012,-0.3983831
1356446970290,0.14527136,-0.3905624,0.90904194,-0.88224757,-0.46699148,-0.059649616,0.44781178,-0.7933347,-0.4124132
1356446970330,0.22558701,-0.3276395,0.91747636,-0.86234677,-0.5053328,0.03157276,0.45328647,-0.79830515,-0.3965354
1356446970371,0.30553275,-0.23467276,0.9228101,-0.8267386,-0.54619133,0.13482678,0.47239068,-0.8041167,-0.36089236
1356446970451,0.3741699,-0.124859124,0.9189162,-0.779762,-0.5787143,0.23887452,0.50196433,-0.8059156,-0.31389785
1356446970452,0.42056224,-0.019577771,0.90705246,-0.7322284,-0.59763813,0.3266043,0.5356949,-0.80152696,-0.26567942
1356446970492,0.44449377,0.07140261,0.89293164,-0.6901508,-0.60818064,0.39218387,0.5710667,-0.79058075,-0.22105396
1356446970531,0.44555518,0.13724291,0.88467216,-0.6605362,-0.6166234,0.42833096,0.604295,-0.77520317,-0.18408585
1356446970570,0.42797816,0.17459834,0.8867639,-0.6445754,-0.6287979,0.43489736,0.6335276,-0.7577128,-0.15656996
1356446970610,0.39114428,0.177725,0.9030061,-0.6444827,-0.64754254,0.40660882,0.65699947,-0.7410145,-0.13874188
1356446970650,0.33480078,0.14547688,0.9309914,-0.6584329,-0.67066234,0.3415818,0.6740731,-0.72735715,-0.12875152
1356446970690,0.2609355,0.08453527,0.96164787,-0.68004584,-0.69092983,0.24526238,0.68516445,-0.71796227,-0.12280025
1356446970730,0.17669362,0.010342717,0.9842116,-0.70110655,-0.7004995,0.13322961,0.69081765,-0.713578,-0.11652244
1356446970771,0.09498012,-0.057575494,0.9938128,-0.7164767,-0.69704527,0.028092146,0.691115,-0.7147119,-0.107457
1356446970810,0.028273344,-0.10554138,0.99401295,-0.72670126,-0.68497825,-0.052058965,0.68637156,-0.7208786,-0.09606373
1356446970852,-0.014173865,-0.12621552,0.99190164,-0.73588,-0.67029953,-0.09580833,0.67696357,-0.73127854,-0.08337881
1356446970890,-0.026995003,-0.11900833,0.99252623,-0.74625075,-0.65822864,-0.09922129,0.6651173,-0.74335194,-0.07104117
1356446970931,-0.010105491,-0.08714619,0.99614424,-0.75850856,-0.6484706,-0.06442532,0.6515847,-0.756235,-0.05954796
1356446970971,0.03844464,-0.034244716,0.9986738,-0.77013296,-0.637836,0.007775277,0.63672376,-0.7694105,-0.050894365
1356446971011,0.11238593,0.026046365,0.9933232,-0.77679086,-0.62108284,0.104172856,0.6196493,-0.78331196,-0.0495684
1356446971052,0.19558424,0.067078084,0.9783901,-0.77751815,-0.59740907,0.19638723,0.59767246,-0.7991263,-0.06468937
1356446971090,0.27812088,0.07314432,0.95775706,-0.7730813,-0.57472986,0.26838565,0.5700825,-0.81506777,-0.103297874
1356446971130,0.3419193,0.025764167,0.9393761,-0.7714116,-0.56318074,0.29622895,0.5366707,-0.82593197,-0.17268758
1356446971172,0.38985676,-0.055682033,0.9191906,-0.77276945,-0.5626588,0.2936708,0.50083846,-0.82481194,-0.26238567
1356446971211,0.43186405,-0.13050285,0.8924475,-0.77053857,-0.5676718,0.28986037,0.4687897,-0.81284547,-0.3457145
1356446971250,0.48137927,-0.16157812,0.86149085,-0.7545582,-0.5765061,0.3135006,0.44599986,-0.8009577,-0.3994382
1356446971292,0.5418693,-0.1372453,0.82918113,-0.71871525,-0.5871028,0.37250322,0.43569022,-0.7977932,-0.41677326
1356446971331,0.6005579,-0.0780364,0.7957641,-0.6695993,-0.5930083,0.44718897,0.43699774,-0.8014059,-0.40838894
1356446971371,0.65016013,0.005567491,0.75977683,-0.6115169,-0.5896384,0.52761114,0.4509311,-0.80764806,-0.3799548
1356446971411,0.68246585,0.096513495,0.7245174,-0.5549137,-0.57674044,0.5995342,0.47572166,-0.8112063,-0.340049
1356446971452,0.69576037,0.18267249,0.6946569,-0.5077436,-0.55897987,0.65554404,0.5080491,-0.80880916,-0.29616523
1356446971478,0.691065,0.24834868,0.67878723,-0.48064515,-0.54348904,0.68818593,0.53982353,-0.80183697,-0.25621867
1356446971518,0.6796652,0.31098497,0.6643369,-0.45533705,-0.531187,0.7144988,0.5750855,-0.78811723,-0.21942633
1356446971561,0.6546509,0.35612354,0.6667895,-0.44660738,-0.52946305,0.7212564,0.6098967,-0.7699642,-0.18756607
1356446971601,0.6171504,0.37760243,0.69032,-0.45731142,-0.54180515,0.7052046,0.6403059,-0.7509085,-0.16169336
1356446971640,0.56524813,0.36820814,0.73818517,-0.48968711,-0.5703623,0.65946436,0.66385317,-0.7342408,-0.14208946
1356446971680,0.49185464,0.3193533,0.80999535,-0.54397964,-0.61367106,0.57227093,0.6798273,-0.7220951,-0.12811524
1356446971720,0.3865242,0.22456022,0.89452314,-0.61357343,-0.6615146,0.43119153,0.6885686,-0.7155216,-0.117907226
1356446971760,0.24789667,0.09275502,0.964336,-0.6795131,-0.6928396,0.24131982,0.6905138,-0.71510124,-0.108724385
1356446971802,0.09765524,-0.04259166,0.99430853,-0.7210994,-0.6916057,0.041196942,0.6859148,-0.7210184,-0.09825167
1356446971841,-0.033631086,-0.14802808,0.9884112,-0.7355997,-0.66583145,-0.12474641,0.67658114,-0.7312703,-0.086496815
1356446971881,-0.12653047,-0.20909014,0.9696759,-0.73708403,-0.63437533,-0.23296985,0.6638502,-0.7442105,-0.07384914
1356446971920,-0.18004549,-0.23212034,0.9558786,-0.7384632,-0.61005527,-0.28723642,0.6498121,-0.75759673,-0.061574668
1356446971961,-0.19725323,-0.22659805,0.9538052,-0.7460103,-0.59653383,-0.296,0.6360501,-0.7699355,-0.051376194
1356446972001,-0.18113226,-0.20162451,0.96256876,-0.7609106,-0.59135264,-0.26705274,0.623062,-0.7808006,-0.04630518
1356446972042,-0.13489383,-0.16749147,0.97660136,-0.78062093,-0.58907664,-0.20885319,0.6102742,-0.7905285,-0.051284492
1356446972084,-0.07981777,-0.15558484,0.9845925,-0.7996924,-0.5796742,-0.15642837,0.5950808,-0.7998569,-0.07815167
1356446972125,-0.019214451,-0.17215294,0.98488283,-0.817195,-0.5648381,-0.11467409,0.57604086,-0.80704474,-0.1298294
1356446972164,0.017422497,-0.2363736,0.971506,-0.83379644,-0.5396717,-0.11635268,0.55179703,-0.8080111,-0.20648992
1356446972202,0.04540378,-0.312271,0.9489074,-0.850176,-0.51084435,-0.12743151,0.5245372,-0.80095243,-0.28867957
1356446972242,0.08923209,-0.35696304,0.92984676,-0.861575,-0.4960618,-0.107754946,0.49972606,-0.79151756,-0.35181507
1356446972284,0.17302093,-0.3409156,0.92403483,-0.857869,-0.51306856,-0.028661042,0.4838642,-0.7877419,-0.38123253
1356446972322,0.29649004,-0.25807613,0.91950554,-0.8251477,-0.5539892,0.11057758,0.48085862,-0.79151297,-0.37720317
1356446972363,0.43335077,-0.1239678,0.8926584,-0.7560904,-0.58903265,0.28525048,0.49044305,-0.798544,-0.3489886
1356446972404,0.55126953,0.034695715,0.8336055,-0.659335,-0.5941257,0.4607514,0.5112525,-0.80362356,-0.30464727
1356446972459,0.62370175,0.17205137,0.76249224,-0.5680735,-0.57028514,0.5933527,0.53692514,-0.8032267,-0.25795004
1356446972485,0.6600015,0.28308567,0.6958883,-0.49306068,-0.53565764,0.6855379,0.56682384,-0.79557115,-0.21395642
1356446972523,0.66756856,0.36113262,0.65110326,-0.4454251,-0.5070317,0.73791283,0.59661436,-0.78262514,-0.17762083
1356446972564,0.6599704,0.41762614,0.6245218,-0.41577542,-0.489338,0.7666023,0.6257555,-0.7655957,-0.1493099
1356446972603,0.6393832,0.4491105,0.62409043,-0.40953654,-0.4880397,0.7707769,0.6507449,-0.7484097,-0.12811723
1356446972645,0.610141,0.45669144,0.6474264,-0.4230458,-0.5031288,0.7535872,0.6698957,-0.73368543,-0.113778114
1356446972682,0.56921077,0.4351915,0.6975725,-0.45813292,-0.536633,0.7086178,0.6827249,-0.7229339,-0.106081724
1356446972739,0.5136892,0.3847101,0.7668909,-0.5097859,-0.5820884,0.6334758,0.6901028,-0.71635973,-0.102892786
1356446972761,0.4454348,0.31503418,0.83805805,-0.56691825,-0.62524086,0.5363559,0.69295853,-0.714022,-0.09990543
1356446972801,0.37577116,0.24631518,0.8933783,-0.616794,-0.6530117,0.43947798,0.6916366,-0.7161736,-0.09345722
1356446972838,0.32053548,0.19804345,0.92630225,-0.6525582,-0.6626622,0.36748692,0.68660384,-0.7222587,-0.083171874
1356446972881,0.2912528,0.17957492,0.9396407,-0.6745522,-0.6579309,0.33482277,0.6783444,-0.7313547,-0.07049155
1356446972921,0.2919861,0.19023377,0.9373128,-0.68486625,-0.64249384,0.3437438,0.6676094,-0.7423023,-0.05731454
1356446972972,0.31902015,0.22111349,0.92159367,-0.6875934,-0.6152292,0.3856272,0.65225875,-0.7567046,-0.044234335
1356446973012,0.38144207,0.27349824,0.88300663,-0.67062193,-0.5755626,0.46796796,0.63621396,-0.77066624,-0.03612986
1356446973050,0.4424258,0.30871046,0.841996,-0.6489172,-0.53784734,0.53816974,0.61900395,-0.7844858,-0.03762999
1356446973092,0.49700832,0.31237936,0.80956894,-0.6287741,-0.513314,0.584082,0.5980182,-0.79932964,-0.0587053
1356446973130,0.5501405,0.284526,0.78510535,-0.6086232,-0.5071144,0.6102564,0.571772,-0.81356007,-0.10581505
1356446973170,0.5992724,0.22147693,0.7692988,-0.5915124,-0.52502656,0.6119316,0.539431,-0.82176346,-0.18362755
1356446973210,0.6466284,0.1448011,0.7489355,-0.5725473,-0.55663145,0.60195595,0.50404495,-0.8180428,-0.2770282
1356446973250,0.6923948,0.08719367,0.7162309,-0.5459894,-0.58562726,0.5991129,0.4716832,-0.80587715,-0.35787845
1356446973290,0.73581326,0.07181731,0.6733655,-0.5071,-0.6005825,0.61818314,0.44880775,-0.7963309,-0.405498
1356446973330,0.7726563,0.09900296,0.62705714,-0.45765793,-0.5976688,0.6582865,0.4399448,-0.7956069,-0.4164831
1356446973370,0.79751706,0.15495363,0.5830574,-0.40557405,-0.57777137,0.7083007,0.44662762,-0.8013549,-0.39793736
1356446973411,0.8076818,0.22329035,0.5457028,-0.3601615,-0.54594624,0.7564565,0.46683383,-0.8075173,-0.36053026
1356446973454,0.8037096,0.2947434,0.5168917,-0.32592818,-0.5087092,0.79685986,0.4978168,-0.8089136,-0.3127893
1356446973492,0.788729,0.35614643,0.50106514,-0.30800977,-0.47644496,0.8234866,0.53201175,-0.8038407,-0.26608938
1356446973534,0.76661724,0.4100613,0.4941131,-0.29943955,-0.45241243,0.84003514,0.5680088,-0.7919424,-0.2240386
1356446973572,0.7395619,0.45299828,0.49783614,-0.3000067,-0.44024816,0.84627277,0.60253155,-0.7752252,-0.18968824
1356446973612,0.71055734,0.48216668,0.5124682,-0.30844614,-0.4411663,0.84275347,0.63243127,-0.75689346,-0.16475153
1356446973652,0.6817254,0.4951019,0.53863215,-0.32452312,-0.4551961,0.82914484,0.6556945,-0.7400477,-0.1496467
1356446973691,0.6531566,0.49103728,0.57642764,-0.34896192,-0.480393,0.8046416,0.67202085,-0.7267083,-0.1424185
1356446973730,0.62331915,0.472024,0.6234313,-0.38226,-0.5115752,0.7695246,0.6821661,-0.7179723,-0.13843873
1356446973770,0.5905936,0.4422258,0.67500776,-0.4241233,-0.54152405,0.72585887,0.6865265,-0.7149741,-0.13226235
1356446973813,0.5548129,0.40721795,0.7255041,-0.47284135,-0.5631639,0.6776928,0.6845464,-0.719041,-0.11990109
1356446973852,0.51802814,0.37286162,0.76981884,-0.52160424,-0.57558703,0.62978446,0.6779203,-0.7277869,-0.10368407
1356446973891,0.485586,0.34634992,0.80265063,-0.56526005,-0.5759959,0.59051657,0.66684884,-0.7404529,-0.0839178
1356446973931,0.46210533,0.33130318,0.8226159,-0.5991019,-0.56729823,0.5650218,0.65386206,-0.7539304,-0.06366718
1356446973972,0.4499454,0.32695472,0.83105344,-0.622661,-0.5522303,0.55437803,0.64018935,-0.76690435,-0.044891506
1356446974011,0.44957882,0.32845166,0.83066136,-0.6371573,-0.53382844,0.55592954,0.6260267,-0.77919614,-0.030722588
1356446974052,0.45915794,0.32515037,0.8267111,-0.6457015,-0.51698464,0.5619578,0.61011773,-0.79183596,-0.027427522
1356446974091,0.4776787,0.30749375,0.82296455,-0.649584,-0.5070652,0.56650287,0.5914928,-0.805191,-0.04247117
1356446974131,0.50236225,0.2605644,0.8244625,-0.6515484,-0.51277363,0.55905986,0.5684337,-0.81802773,-0.0878278
1356446974170,0.53265846,0.18322231,0.8262593,-0.650973,-0.5351902,0.5383359,0.54084104,-0.8246217,-0.16580081
1356446974211,0.56519806,0.092004746,0.8198087,-0.6479157,-0.565626,0.51016897,0.5106431,-0.8195135,-0.2600794
1356446974251,0.59660494,0.01766774,0.80234057,-0.64128935,-0.5905844,0.48985517,0.48250443,-0.8067825,-0.3410154
1356446974292,0.62484336,-0.017516822,0.7805537,-0.6291716,-0.60326076,0.490122,0.462292,-0.7973517,-0.38796455
1356446974333,0.6469317,-0.009678185,0.7624866,-0.6118027,-0.60344213,0.5114246,0.45516685,-0.7973481,-0.396307
1356446974370,0.65889096,0.021614254,0.75192785,-0.5950704,-0.59650147,0.53858817,0.46016726,-0.80232096,-0.3801674
1356446974412,0.6587595,0.070690155,0.7490253,-0.58079463,-0.58506453,0.56601864,0.47824007,-0.8079,-0.34436035
1356446974453,0.6447313,0.11909053,0.7550755,-0.57518256,-0.5750224,0.5818199,0.50347453,-0.8094237,-0.30223614
1356446974492,0.61885774,0.16483732,0.76801276,-0.5749907,-0.5710683,0.5858897,0.53516424,-0.80418265,-0.25863013
1356446974531,0.58157957,0.20018433,0.7884742,-0.5806465,-0.5766884,0.57470006,0.56974983,-0.7920585,-0.21915388
1356446974572,0.53639174,0.22359824,0.8138106,-0.588291,-0.59233975,0.55049735,0.6051426,-0.7740397,-0.18618533
1356446974612,0.48539954,0.23267807,0.84276223,-0.5964627,-0.61664593,0.5137899,0.6392336,-0.7520696,-0.16053587
1356446974653,0.4296562,0.22256972,0.8751332,-0.6077236,-0.64554054,0.4625467,0.66788286,-0.7305752,-0.14209962
1356446974692,0.37362373,0.19517769,0.9068137,-0.62011987,-0.6744734,0.4006707,0.6898237,-0.7120332,-0.13096571
1356446974732,0.31620568,0.15100528,0.9365956,-0.6346498,-0.70013887,0.32714707,0.7051479,-0.697856,-0.12555242
1356446974774,0.25759143,0.097310424,0.9613414,-0.6505928,-0.71813023,0.24701807,0.7144058,-0.68907154,-0.12167472
1356446974813,0.1974147,0.042879224,0.97938186,-0.6675906,-0.72570926,0.16633967,0.717879,-0.686664,-0.1146399
1356446974854,0.13962632,-9.894669E-4,0.99020386,-0.6857158,-0.7215149,0.09597021,0.7143518,-0.6923983,-0.101421006
1356446974892,0.08602911,-0.03187251,0.9957827,-0.7050946,-0.7080809,0.03825167,0.7038755,-0.7054117,-0.083388746
1356446974933,0.040582776,-0.048747003,0.9979864,-0.72488683,-0.6888553,-0.0041701496,0.6876715,-0.7232579,-0.063291684
1356446974973,0.0070725083,-0.05233848,0.99860436,-0.7444877,-0.66697586,-0.029684573,0.66759866,-0.7432387,-0.0436825
1356446975013,-0.011003971,-0.045505643,0.9989034,-0.76299983,-0.64529234,-0.03780189,0.64630497,-0.7625792,-0.027620003
1356446975054,-0.011895895,-0.03487143,0.9993209,-0.7810098,-0.6237456,-0.031062812,0.6244053,-0.7808491,-0.019814879
1356446975093,0.0067691207,-0.027831882,0.9995896,-0.79868996,-0.6016357,-0.011342883,0.60170454,-0.79828554,-0.026301563
1356446975142,0.04060316,-0.045381963,0.9981442,-0.81715065,-0.57638115,0.0070346,0.57499236,-0.8159198,-0.060486734
1356446975183,0.08792931,-0.112932,0.9897045,-0.83800757,-0.5455223,0.01220417,0.5385275,-0.83045286,-0.1426053
1356446975222,0.14558738,-0.18868417,0.97118616,-0.8547724,-0.518277,0.027444243,0.4981651,-0.8341387,-0.23673666
1356446975262,0.1946542,-0.25331146,0.9475986,-0.86529857,-0.49929753,0.044276327,0.46191788,-0.8285743,-0.3163804
1356446975303,0.24086887,-0.27995682,0.92930424,-0.8655273,-0.49519044,0.075160086,0.43914095,-0.8224419,-0.36158624
1356446975344,0.28996557,-0.26149443,0.9206197,-0.8526881,-0.5073803,0.124452084,0.43456078,-0.8210882,-0.37009597
1356446975383,0.3427126,-0.21013138,0.91563797,-0.8276621,-0.5286356,0.18846673,0.4444361,-0.82242876,-0.35508788
1356446975461,0.3957466,-0.13150355,0.9088958,-0.7901963,-0.55305564,0.26404426,0.46794719,-0.8227006,-0.32278347
1356446975462,0.4424039,-0.041501045,0.8958551,-0.74503666,-0.5730458,0.3413779,0.4991985,-0.81847185,-0.28443748
1356446975502,0.47760716,0.048883766,0.8772125,-0.69701624,-0.5867404,0.41219434,0.5348456,-0.80829835,-0.24615863
1356446975540,0.49937305,0.13302103,0.8561145,-0.6500735,-0.59570014,0.47174755,0.57273984,-0.79211545,-0.21100312
1356446975581,0.50716275,0.20393488,0.83737475,-0.6095669,-0.601982,0.51579624,0.6092734,-0.7720286,-0.18099087
1356446975623,0.5024892,0.25529468,0.8260322,-0.5803082,-0.608634,0.5411165,0.6408954,-0.7512585,-0.15768248
1356446975661,0.4869326,0.2809637,0.82701635,-0.56611717,-0.619519,0.54379004,0.66513765,-0.7329772,-0.14260566
1356446975700,0.4616933,0.2785999,0.84215283,-0.56768465,-0.6367097,0.5218571,0.68159616,-0.7190152,-0.13580772
1356446975759,0.4278875,0.2531004,0.8676707,-0.58203256,-0.65728885,0.47875828,0.69148415,-0.7098673,-0.13393298
1356446975782,0.38901365,0.21779661,0.89511627,-0.603017,-0.6743626,0.42615217,0.69644743,-0.7055493,-0.1310012
1356446975822,0.35276836,0.18927608,0.9163673,-0.6241788,-0.681999,0.38115358,0.6971048,-0.70643604,-0.12244555
1356446975858,0.3282193,0.1779407,0.92769027,-0.6409738,-0.67943466,0.35710096,0.6938478,-0.71183264,-0.10894823
1356446975902,0.32281387,0.18974155,0.9272483,-0.65151036,-0.66609204,0.36311948,0.6865315,-0.72133183,-0.09140518
1356446975951,0.34356695,0.22957051,0.9106367,-0.65323544,-0.6382375,0.40735298,0.6747187,-0.73481315,-0.069313735
1356446976001,0.39944696,0.2970337,0.86730224,-0.63412845,-0.5936961,0.49538487,0.66205996,-0.74786097,-0.04879263
1356446976038,0.47036427,0.36402884,0.80389076,-0.5980307,-0.53838897,0.59371424,0.648935,-0.76001334,-0.035538495
1356446976078,0.54483,0.4133536,0.7295883,-0.5485065,-0.4824357,0.68293226,0.6342719,-0.7722659,-0.03611833
1356446976118,0.61151844,0.4268561,0.6662125,-0.49727505,-0.4475842,0.7432267,0.6154371,-0.78578764,-0.061441094
1356446976160,0.6745627,0.4046806,0.6174129,-0.44334275,-0.44665655,0.77713907,0.5902647,-0.79795456,-0.12188566
1356446976200,0.7357333,0.36342788,0.5715039,-0.38196766,-0.47416854,0.7932622,0.5592828,-0.80192536,-0.21004388
1356446976241,0.79063714,0.32761803,0.5172614,-0.3129805,-0.5098443,0.8013127,0.52624726,-0.7954403,-0.30056375
1356446976281,0.8344287,0.31825605,0.44993535,-0.23650232,-0.5306298,0.8139403,0.4977905,-0.7855859,-0.36750448
1356446976324,0.86390555,0.34235764,0.3694028,-0.15197791,-0.52205807,0.8392604,0.48017696,-0.7811828,-0.39897805
1356446976361,0.87622267,0.3871963,0.28690216,-0.07171242,-0.4839549,0.87214965,0.47654083,-0.78477174,-0.39628547
1356446976415,0.86956507,0.44944972,0.20457637,-0.004158482,-0.4075951,0.9131533,0.49380082,-0.79489696,-0.35256144
1356446976475,0.85314035,0.50420034,0.13391647,0.044105083,-0.32549354,0.9445151,0.5198138,-0.79989755,-0.29992947
1356446976499,0.83321786,0.54702836,0.08067201,0.07377905,-0.25457674,0.96423405,0.5480006,-0.79746515,-0.2524771
1356446976541,0.810536,0.5843451,0.03965044,0.09355672,-0.19600585,0.97612953,0.5781682,-0.78747857,-0.21353921
1356446976582,0.78605676,0.6180996,0.008225262,0.107446074,-0.14972201,0.9828726,0.6087447,-0.7717099,-0.18410239
1356446976622,0.7604112,0.64920735,-0.017453521,0.11919093,-0.11308838,0.9864099,0.6384108,-0.75215745,-0.16337329
1356446976660,0.7361253,0.6757531,-0.038434386,0.12920725,-0.08455644,0.9880059,0.6643982,-0.73226213,-0.14955631
1356446976701,0.71560544,0.6962931,-0.055540085,0.13779294,-0.062768996,0.9884701,0.68477875,-0.71500754,-0.1408621
1356446976741,0.7005867,0.7102895,-0.06831667,0.14405143,-0.047012858,0.9884528,0.6988759,-0.702338,-0.13525482
1356446976780,0.6921329,0.71787155,-0.07491654,0.14550543,-0.037112534,0.98866117,0.7069514,-0.69518566,-0.130141
1356446976822,0.6919649,0.71857107,-0.06957126,0.13647935,-0.035574913,0.99000394,0.7089132,-0.694543,-0.1226867
1356446976860,0.6992337,0.7135104,-0.04444301,0.1116052,-0.0475443,0.9926147,0.7061278,-0.69902974,-0.11287604
1356446976902,0.7132504,0.7007482,0.015025914,0.059483677,-0.081877515,0.99486566,0.69838065,-0.70869446,-0.10008225
1356446976941,0.7253936,0.6764828,0.12718186,-0.033388168,-0.14997017,0.98812664,0.6875241,-0.72102714,-0.08620089
1356446976982,0.7177231,0.6277804,0.30127293,-0.1764824,-0.2545349,0.9508238,0.67359304,-0.7355975,-0.071893364
1356446977021,0.66481316,0.54142773,0.5146644,-0.35414195,-0.37818614,0.8553121,0.6577287,-0.75088704,-0.05968088
1356446977061,0.5698564,0.42620018,0.7025789,-0.51587343,-0.47996855,0.7095808,0.63963926,-0.7668009,-0.053647786
1356446977100,0.461632,0.2993251,0.8350451,-0.63593495,-0.5446246,0.54678214,0.61845183,-0.78344655,-0.06106487
1356446977141,0.3587671,0.16025826,0.919567,-0.7212286,-0.57779187,0.3820809,0.5925499,-0.80029607,-0.09170986
1356446977181,0.263004,-9.396076E-4,0.96479434,-0.78518444,-0.58130324,0.21347603,0.5606374,-0.8136865,-0.15362291
1356446977220,0.17913282,-0.17123011,0.9688094,-0.8326918,-0.55083567,0.05660841,0.5239617,-0.8168601,-0.24125463
1356446977261,0.11792189,-0.31542125,0.9415964,-0.86514735,-0.49809343,-0.0585064,0.48745716,-0.8077204,-0.33162197
1356446977300,0.084447294,-0.40801904,0.9090594,-0.88493073,-0.45005205,-0.11979395,0.45800233,-0.7943384,-0.39907423
1356446977341,0.072313964,-0.44931412,0.8904424,-0.8946425,-0.42387372,-0.14123014,0.44089177,-0.7864146,-0.43262747
1356446977382,0.07112175,-0.4507894,0.88979244,-0.8953634,-0.4220118,-0.14223388,0.43962047,-0.7865716,-0.4336345
1356446977463,0.07274768,-0.4207517,0.9042543,-0.8859563,-0.4436393,-0.13515079,0.4580276,-0.79129785,-0.40504134
1356446977464,0.057305753,-0.3933159,0.9176158,-0.87415373,-0.4637519,-0.14418557,0.48225653,-0.7938745,-0.37039417
1356446977501,0.039025366,-0.36178058,0.9314462,-0.85711354,-0.4912842,-0.1549074,0.5136472,-0.79230976,-0.32925963
1356446977543,0.011112988,-0.3320814,0.9431853,-0.8347143,-0.52243555,-0.17410675,0.5505711,-0.78535545,-0.28299898
1356446977581,-0.03176135,-0.31510514,0.9485252,-0.8088241,-0.5494261,-0.2096057,0.5871923,-0.7738474,-0.23741415
1356446977623,-0.08361882,-0.3123547,0.9462782,-0.778327,-0.5725109,-0.2577564,0.62226605,-0.7580671,-0.19524133
1356446977660,-0.14730018,-0.3325354,0.9315164,-0.7424543,-0.5850747,-0.3262655,0.6535015,-0.73966736,-0.16071066
1356446977701,-0.219078,-0.37676555,0.9000292,-0.70058423,-0.5812884,-0.41386658,0.6791072,-0.7212153,-0.13660848
1356446977740,-0.2920354,-0.43646833,0.8510057,-0.6540433,-0.55807024,-0.5106709,0.6978127,-0.70572865,-0.12249291
1356446977780,-0.3576452,-0.49495572,0.791902,-0.6077791,-0.5204485,-0.5997816,0.7090096,-0.6958105,-0.11468783
1356446977822,-0.41172165,-0.5379614,0.7355832,-0.56797475,-0.47974682,-0.6687657,0.7126639,-0.69313806,-0.108026326
1356446977860,-0.45470262,-0.5601641,0.6924317,-0.53875434,-0.44609076,-0.7146655,0.7092173,-0.69801086,-0.098952234
1356446977901,-0.48831534,-0.5633472,0.66647434,-0.5216788,-0.42379045,-0.740441,0.6995709,-0.7092542,-0.08694291
1356446977941,-0.5128677,-0.5508275,0.65844953,-0.5175637,-0.41353655,-0.74907637,0.6849048,-0.72496665,-0.07299876
1356446977980,-0.5264128,-0.5273968,0.66688997,-0.525826,-0.41442627,-0.7428041,0.66812927,-0.7416896,-0.059159636
1356446978022,-0.52656054,-0.49386203,0.69197845,-0.5477903,-0.4253558,-0.72041523,0.6501229,-0.7584014,-0.046557188
1356446978060,-0.5069199,-0.45116985,0.7344916,-0.58519256,-0.44551688,-0.67754287,0.6329154,-0.773279,-0.038179874
1356446978102,-0.46804637,-0.40645254,0.784684,-0.6340823,-0.46401757,-0.6185688,0.615526,-0.78707314,-0.040542603
1356446978141,-0.40636337,-0.36691314,0.8368056,-0.69225615,-0.47411692,-0.5440538,0.59636414,-0.80036736,-0.061334103
1356446978182,-0.3394363,-0.3606233,0.86875427,-0.7461763,-0.4591084,-0.48212078,0.57271636,-0.8118931,-0.11325055
1356446978221,-0.27954817,-0.39262378,0.8761846,-0.7908304,-0.42333323,-0.44201398,0.5444633,-0.81647754,-0.19215685
1356446978268,-0.24371117,-0.4618042,0.8528433,-0.8244632,-0.36444503,-0.43294367,0.5107497,-0.8086511,-0.29192126
1356446978308,-0.19272488,-0.49970388,0.8444839,-0.85479283,-0.33712113,-0.39456117,0.48185712,-0.79790056,-0.3621717
1356446978338,-0.13611358,-0.50938356,0.84970665,-0.8762939,-0.3382001,-0.34311736,0.46214926,-0.79129577,-0.4003361
1356446978380,-0.050538003,-0.46727252,0.8826678,-0.8870709,-0.385055,-0.25463304,0.45885864,-0.7958574,-0.39504397
1356446978481,0.07280207,-0.36427787,0.9284404,-0.87773407,-0.46544015,-0.113791525,0.4735852,-0.80663943,-0.3536241
1356446978482,0.20584458,-0.22461697,0.9524574,-0.8415781,-0.5373106,0.055168062,0.4993738,-0.81292343,-0.29963523
1356446978510,0.31228495,-0.088964075,0.9458137,-0.7901231,-0.5770809,0.20659894,0.5274312,-0.811827,-0.25050622
1356446978551,0.38985348,0.031672448,0.9203321,-0.7322403,-0.59538496,0.33066732,0.55842495,-0.8028161,-0.20892107
1356446978592,0.4362121,0.12885013,0.890571,-0.6776233,-0.6041515,0.41931808,0.5920689,-0.7863833,-0.17622635
1356446978631,0.45156676,0.19561212,0.87053055,-0.6359247,-0.6138124,0.4677971,0.6258492,-0.7648335,-0.15278268
1356446978670,0.43454748,0.22241552,0.87275416,-0.6164237,-0.6330587,0.4682504,0.65665084,-0.7414634,-0.13799188
1356446978710,0.369591,0.18456356,0.9106804,-0.6315297,-0.6690244,0.39188853,0.6815958,-0.7199602,-0.13070804
1356446978752,0.21328497,0.03314233,0.9764277,-0.6826639,-0.7099065,0.17321292,0.6989131,-0.70351565,-0.12878734
1356446978809,-0.053704143,-0.23576243,0.97032565,-0.70291495,-0.68126225,-0.20443188,0.7092436,-0.69303524,-0.12913433
1356446978831,-0.3040682,-0.46895924,0.8292284,-0.63082564,-0.55314565,-0.5441405,0.71386385,-0.68855435,-0.1276375
1356446978872,-0.44594568,-0.5800616,0.68166053,-0.5398975,-0.4331047,-0.72175556,0.71389306,-0.68989056,-0.12003267
1356446978908,-0.51592934,-0.61697423,0.59427255,-0.47920898,-0.36715662,-0.79721695,0.7100534,-0.69608825,-0.10623276
1356446978952,-0.54688966,-0.61285454,0.57036924,-0.45647997,-0.35281968,-0.81678903,0.70181036,-0.70705557,-0.08680236
1356446978991,-0.5560457,-0.58650553,0.5889181,-0.46271,-0.37016386,-0.80552983,0.6904439,-0.72040963,-0.06555402
1356446979031,-0.5407461,-0.53658026,0.6478235,-0.5000846,-0.4141963,-0.7604978,0.67639416,-0.7352028,-0.04436046
1356446979071,-0.48694646,-0.4551233,0.7454837,-0.57145226,-0.47947466,-0.6659928,0.66054934,-0.7503112,-0.026602745
1356446979111,-0.3750047,-0.33501863,0.86436903,-0.6676332,-0.5492836,-0.5025468,0.6431464,-0.76553893,-0.017685562
1356446979151,-0.21623307,-0.20469841,0.9546422,-0.75161743,-0.58916295,-0.2965774,0.6231488,-0.7816556,-0.026458323
1356446979192,-0.084380746,-0.14136887,0.98635423,-0.7962462,-0.5855555,-0.15204191,0.5990592,-0.7982102,-0.06315479
1356446979232,-0.063147485,-0.21146041,0.97534454,-0.8198518,-0.54628265,-0.17151758,0.569083,-0.8104689,-0.13886982
1356446979271,-0.10372871,-0.3413071,0.9342107,-0.8382655,-0.47552663,-0.2668058,0.53530484,-0.8107921,-0.23678017
1356446979310,-0.16282552,-0.46506107,0.87017584,-0.84955204,-0.38241452,-0.36334598,0.50174594,-0.79842174,-0.33282673
1356446979350,-0.17319936,-0.52832985,0.83118564,-0.8626491,-0.32583642,-0.38686833,0.47522467,-0.78402686,-0.39932865
1356446979401,-0.08715254,-0.5112111,0.85502493,-0.88076717,-0.36148506,-0.3059049,0.46546075,-0.7797383,-0.41875362
1356446979486,0.15924335,-0.35495427,0.9212215,-0.86149883,-0.50567865,-0.045922548,0.48214248,-0.7863183,-0.38631865
1356446979498,0.39964437,-0.14107588,0.9057494,-0.7647815,-0.5960511,0.24460652,0.50536484,-0.79045606,-0.3461007
1356446979530,0.5545639,0.04796949,0.8307574,-0.6421075,-0.61034274,0.46387476,0.52929854,-0.7906837,-0.30767244
1356446979570,0.6592697,0.22723621,0.71674764,-0.50118333,-0.57779926,0.6441764,0.5605165,-0.78390795,-0.26703852
1356446979612,0.7045836,0.36646938,0.6076694,-0.38386047,-0.5233973,0.7607276,0.5968359,-0.7692564,-0.22810405
1356446979649,0.71521544,0.47404814,0.51356125,-0.29202473,-0.46489665,0.8358185,0.63497114,-0.7477629,-0.19406748
1356446979691,0.7066359,0.5550347,0.4388647,-0.224568,-0.41224915,0.88296086,0.6709955,-0.7224868,-0.16666701
1356446979739,0.6865941,0.60534704,0.4026705,-0.1918017,-0.3834149,0.9034408,0.701285,-0.69753,-0.14714384
1356446979783,0.63778996,0.575124,0.5123049,-0.27029604,-0.45571277,0.84809554,0.72122395,-0.6793808,-0.13519529
1356446979818,0.38776064,0.25434566,0.885974,-0.5609918,-0.6975454,0.4457785,0.731389,-0.66987956,-0.12779483
1356446979859,-0.18366128,-0.3659172,0.91234493,-0.6544775,-0.646986,-0.39123964,0.73343563,-0.66896474,-0.12065837
1356446979899,-0.392412,-0.5441181,0.741585,-0.56079715,-0.49752766,-0.66179514,0.72905374,-0.67557514,-0.10990405
1356446979940,-0.44781673,-0.565829,0.6923133,-0.52975386,-0.45585114,-0.7152346,0.7202923,-0.6870497,-0.09561235
1356446979980,-0.45169884,-0.5357197,0.71342313,-0.5429948,-0.4694125,-0.69628197,0.7079017,-0.7018948,-0.078859925
1356446980022,-0.4172988,-0.46890622,0.7784527,-0.5881116,-0.5136964,-0.62469256,0.6928106,-0.7185005,-0.061404288
1356446980060,-0.33282065,-0.36131412,0.8710239,-0.6564248,-0.5743746,-0.48908114,0.6770059,-0.73453796,-0.046011835
1356446980102,-0.1897505,-0.21246716,0.95856786,-0.7266252,-0.626205,-0.28263563,0.66031086,-0.7501499,-0.035561293
1356446980142,0.010974824,-0.036198974,0.9992843,-0.7660551,-0.642603,-0.014864862,0.6426812,-0.7653437,-0.03478287
1356446980182,0.18458396,0.07851094,0.9796759,-0.76103324,-0.61933124,0.19302183,0.6218982,-0.7811946,-0.054569215
1356446980221,0.31286985,0.11441943,0.9428789,-0.738701,-0.5946859,0.31728455,0.5970203,-0.79577434,-0.10153753
1356446980263,0.37954706,0.05897981,0.92329055,-0.7311207,-0.5924126,0.33839297,0.56692725,-0.8034729,-0.18172711
1356446980306,0.41715062,-0.041137874,0.9079058,-0.7358854,-0.6015316,0.31085747,0.53334606,-0.79778904,-0.28120205
1356446980344,0.4714011,-0.1056672,0.8755658,-0.724681,-0.61221236,0.31628078,0.5026117,-0.783601,-0.36517256
1356446980381,0.55840033,-0.09252378,0.8243958,-0.67567384,-0.6272902,0.38726208,0.4813044,-0.7732699,-0.41279495
1356446980469,0.67042714,0.014766544,0.74182844,-0.5692843,-0.6309779,0.5270505,0.47586012,-0.7756603,-0.41461837
1356446980469,0.7530457,0.140514,0.6427892,-0.44761932,-0.6066147,0.657005,0.48224375,-0.7824797,-0.3939118
1356446980500,0.7953609,0.24661984,0.5536964,-0.3471237,-0.56352824,0.74962723,0.4968965,-0.7884253,-0.36260074
1356446980529,0.81117237,0.32963705,0.48305154,-0.27410334,-0.5153435,0.81196576,0.5165915,-0.79105026,-0.3276778
