1356448069839,-0.31943977,0.0289779,-0.94716334,-0.94757295,-0.018190324,0.3190214,-0.007984668,0.9994145,0.033269465
1356448069882,-0.30169213,-0.03416702,0.952793,0.953372,-0.0024449825,0.30178782,-0.007981628,0.99941313,0.033311486
1356448069922,-0.30216485,-0.034406602,0.95263463,0.9532225,-0.0025578737,0.3022589,-0.007963002,0.9994047,0.03356999
1356448069961,-0.3036248,-0.035031587,0.9521475,0.9527588,-0.0028615594,0.30371442,-0.00791499,0.99938214,0.03424549
1356448070002,-0.3066281,-0.03619477,0.951141,0.95179725,-0.0034419894,0.3067087,-0.007827461,0.99933887,0.035505474
1356448070042,-0.31132954,-0.037873656,0.94954705,0.9502709,-0.0043091774,0.31139493,-0.0077019334,0.9992733,0.03733176
1356448070081,-0.31711465,-0.039830357,0.9475504,0.9483571,-0.0053619146,0.31715927,-0.0075518787,0.999192,0.03947383
1356448070122,-0.32319742,-0.04199478,0.94539934,0.946303,-0.0065836906,0.3232139,-0.0073491335,0.99909616,0.041867554
1356448070161,-0.32857853,-0.044130802,0.9434451,0.9444508,-0.007957697,0.32855648,-0.0069918334,0.99899405,0.04429406
1356448070201,-0.33202815,-0.045865953,0.94215375,0.94324833,-0.009453237,0.33195367,-0.0063189864,0.9989029,0.04640168
1356448070241,-0.33270848,-0.046854287,0.9418651,0.94301593,-0.0111144185,0.33256203,-0.005113721,0.9988399,0.04788214
1356448070282,-0.33029497,-0.04689893,0.9427119,0.94387233,-0.013002038,0.33005467,-0.0032220483,0.99881506,0.048561096
1356448070321,-0.32528627,-0.046046764,0.9444938,0.9456154,-0.015227973,0.32493013,-5.7926774E-4,0.9988232,0.04849595
1356448070361,-0.3190683,-0.044736564,0.9466753,0.9477285,-0.017693877,0.31858703,0.002497822,0.9988421,0.04804361
1356448070402,-0.3134266,-0.043468416,0.948617,0.94959575,-0.020268321,0.31282124,0.005629033,0.99884915,0.04763007
1356448070449,-0.31025428,-0.042871118,0.9496864,0.950617,-0.022748232,0.30953142,0.008333713,0.9988215,0.047811806
1356448070481,-0.31103808,-0.04341054,0.94940555,0.9503419,-0.025011003,0.31020123,0.010279566,0.9987442,0.049034238
1356448070520,-0.31661403,-0.045551687,0.94746,0.9484861,-0.027187645,0.31564987,0.011380851,0.9985919,0.051813185
1356448070560,-0.32743704,-0.04951179,0.94357485,0.9448002,-0.02954936,0.32631174,0.011725724,0.9983363,0.0564543
1356448070601,-0.34368992,-0.05556199,0.93743813,0.93901205,-0.032619894,0.34233359,0.011558384,0.9979223,0.06338447
1356448070640,-0.36584008,-0.064175814,0.92846245,0.9306091,-0.03733623,0.36410522,0.011298537,0.99723995,0.07338166
1356448070681,-0.3945048,-0.07595131,0.91574967,0.9188243,-0.0448727,0.3921076,0.011311054,0.9961014,0.08748835
1356448070720,-0.4301554,-0.091542006,0.8981015,0.9026814,-0.056300223,0.42661044,0.011510551,0.99420834,0.10685116
1356448070789,-0.47170597,-0.11084455,0.8747611,0.8816864,-0.07174766,0.46634892,0.011069864,0.99124455,0.13157398
1356448070803,-0.51495534,-0.13187683,0.84701216,0.85717654,-0.08882356,0.5073054,0.008332759,0.9872786,0.15878183
1356448070842,-0.553224,-0.15075791,0.8192772,0.83303,-0.10252577,0.5436446,0.0020383,0.9832398,0.18230557
1356448070882,-0.5833149,-0.16551232,0.7952039,0.8122035,-0.10884124,0.57313085,-0.0083091855,0.98018324,0.19791847
1356448070922,-0.60471314,-0.17562994,0.7768372,0.79615927,-0.10725564,0.59550536,-0.021268398,0.9785961,0.20468831
1356448070962,-0.61908036,-0.18218991,0.76390207,0.78454816,-0.10015124,0.6119264,-0.034981072,0.9781496,0.20493841
1356448071002,-0.6298384,-0.18760577,0.75372916,0.77523625,-0.09175962,0.6249711,-0.048086286,0.97794896,0.20323253
1356448071042,-0.6416196,-0.19501534,0.74181753,0.7646917,-0.087289155,0.6384568,-0.05975628,0.9769082,0.20513308
1356448071082,-0.6588821,-0.20709386,0.7231781,0.7490481,-0.09206551,0.6560876,-0.06929195,0.97397953,0.2157836
1356448071122,-0.684295,-0.22489634,0.6936584,0.7252066,-0.11040491,0.6796221,-0.07626122,0.96810764,0.23864579
1356448071152,-0.7114664,-0.24388157,0.6590427,0.6980057,-0.13680804,0.7029023,-0.08126256,0.96010697,0.26756507
1356448071192,-0.74705416,-0.2665599,0.60897946,0.6593832,-0.18081951,0.7297384,-0.08440369,0.9467049,0.31084698
1356448071232,-0.78289926,-0.28907907,0.55091023,0.6160332,-0.23634636,0.75142765,-0.087016374,0.9276711,0.3631177
1356448071272,-0.8128911,-0.3078663,0.49439496,0.57554376,-0.29461133,0.7628588,-0.08920418,0.9046671,0.41667747
1356448071312,-0.83229774,-0.3211662,0.45181078,0.54703695,-0.3441028,0.7631147,-0.08961733,0.8822957,0.4620856
1356448071352,-0.83976513,-0.32969964,0.43138444,0.53580433,-0.37475097,0.756621,-0.08779591,0.8665216,0.4913574
1356448071392,-0.8358435,-0.33507022,0.4348486,0.5424139,-0.38204592,0.7482165,-0.0845729,0.86125994,0.50107753
1356448071432,-0.8199097,-0.33776543,0.46223646,0.56691873,-0.36663347,0.7376875,-0.07969397,0.86688775,0.49209198
1356448071489,-0.7888526,-0.3365855,0.5142195,0.6104386,-0.33211666,0.71907103,-0.071247995,0.8811405,0.46745595
1356448071511,-0.7373138,-0.32878977,0.5901403,0.67313284,-0.28372824,0.68292785,-0.057100236,0.90077496,0.43051606
1356448071551,-0.6600793,-0.31100887,0.68378997,0.7503403,-0.22954124,0.61991954,-0.035842508,0.92227125,0.38487792
1356448071588,-0.55821526,-0.28161854,0.7804401,0.82966465,-0.1812638,0.5280152,-0.0072333217,0.9422497,0.33483315
1356448071631,-0.4428259,-0.24292603,0.8630714,0.8961731,-0.14988571,0.41762194,0.027910829,0.9583951,0.284077
1356448071671,-0.3349508,-0.20195216,0.92033863,0.9399435,-0.13970494,0.3114301,0.065681905,0.96938014,0.23661792
1356448071710,-0.24977326,-0.16471243,0.9541924,0.96292543,-0.14597553,0.22686094,0.101921886,0.9754799,0.19506651
1356448071751,-0.19269449,-0.1335743,0.9721248,0.9721113,-0.16094416,0.17057732,0.13367307,0.97788286,0.16086212
1356448071791,-0.16167694,-0.1079025,0.98092693,0.97386336,-0.17813587,0.14091766,0.15953285,0.9780719,0.1338827
1356448071830,-0.15423322,-0.08579919,0.9843021,0.9719522,-0.19218826,0.13554549,0.17754167,0.9776002,0.11303452
1356448071871,-0.16448367,-0.06666955,0.98412424,0.9687388,-0.19876826,0.14844656,0.18571573,0.9777763,0.09727943
1356448071910,-0.19450563,-0.05020386,0.9796158,0.9633538,-0.19783431,0.18113807,0.18470776,0.97894907,0.08684397
1356448071951,-0.24501783,-0.03723198,0.9688034,0.9529147,-0.19339031,0.23356736,0.17866099,0.9804152,0.08286294
1356448071990,-0.3119899,-0.027567476,0.94968545,0.9341736,-0.19107443,0.30134743,0.17315319,0.98118836,0.08536607
1356448072030,-0.38333696,-0.019256711,0.9234078,0.9076096,-0.19313574,0.372751,0.17116514,0.980983,0.09151369
1356448072071,-0.44496816,-0.009749323,0.8954934,0.8788768,-0.19678742,0.434569,0.17198506,0.9803977,0.096132636
1356448072110,-0.48922312,0.0013859272,0.87215745,0.8548422,-0.19751805,0.47982424,0.17293188,0.9802982,0.09544569
1356448072150,-0.51590204,0.012078881,0.85656244,0.8393366,-0.19287121,0.50824684,0.1713453,0.98114973,0.08936441
1356448072190,-0.52679867,0.019870102,0.8497579,0.833597,-0.18331891,0.52106655,0.16613033,0.9828527,0.08000851
1356448072230,-0.5219565,0.023648918,0.8526442,0.8381574,-0.17127532,0.5178387,0.15828323,0.98493934,0.06957674
1356448072271,-0.5000115,0.023367673,0.86570346,0.85299647,-0.15941375,0.49697518,0.14961815,0.98693526,0.059776187
1356448072311,-0.46014667,0.018814236,0.88764346,0.876572,-0.1491707,0.45756915,0.14101923,0.98863244,0.0521484
1356448072351,-0.40517116,0.008434504,0.9142019,0.9046856,-0.14049542,0.40224975,0.13183397,0.99004537,0.049294114
1356448072390,-0.34670043,-0.011463851,0.9379059,0.9302106,-0.13260257,0.34223503,0.1204454,0.991103,0.056637168
1356448072430,-0.30645812,-0.046212316,0.95076174,0.945967,-0.1259821,0.29878914,0.10597116,0.9909556,0.08232349
1356448072470,-0.30913883,-0.099683166,0.9457783,0.94674075,-0.12646031,0.29612476,0.09008473,0.98695046,0.13346785
1356448072510,-0.361565,-0.16770163,0.9171406,0.92920554,-0.14549828,0.33971658,0.07647139,0.97504175,0.20843637
1356448072552,-0.43735516,-0.23444489,0.8681912,0.8967774,-0.18580145,0.40158206,0.067162335,0.9542082,0.2915061
1356448072590,-0.4978137,-0.28403717,0.81945366,0.8652269,-0.22768492,0.4467011,0.05969757,0.93138736,0.35910138
1356448072630,-0.5265246,-0.3132075,0.7903625,0.8486874,-0.24833214,0.4669697,0.05001399,0.9166417,0.39656836
1356448072671,-0.5217167,-0.32448062,0.78900194,0.8522612,-0.23969346,0.46497095,0.038244545,0.9150188,0.40159425
1356448072710,-0.48120975,-0.31875333,0.8165988,0.8760898,-0.20682359,0.4355349,0.030063719,0.9249975,0.37878203
1356448072750,-0.40575045,-0.29567862,0.8648356,0.91342247,-0.1643418,0.37235895,0.032030076,0.94104517,0.33676127
1356448072791,-0.30492353,-0.25700778,0.91704345,0.9512034,-0.12997067,0.27985674,0.047263414,0.95762974,0.28409776
1356448072830,-0.21214372,-0.21404964,0.95350814,0.97468,-0.11690289,0.1906111,0.070667624,0.96980226,0.23343018
1356448072871,-0.14319742,-0.1753698,0.9740328,0.9846981,-0.12400979,0.12243804,0.09931773,0.9766611,0.19044429
1356448072910,-0.10537386,-0.14514014,0.98378384,0.9859065,-0.14451683,0.08428028,0.12994087,0.97879994,0.15832293
1356448072951,-0.09567064,-0.12310088,0.98777187,0.9825016,-0.17098707,0.07385102,0.15980506,0.9775529,0.13730526
1356448072991,-0.10829669,-0.107325554,0.9883082,0.9764925,-0.19786245,0.08551502,0.18637112,0.9743365,0.12623045
1356448073030,-0.13809788,-0.096140444,0.9857413,0.9682912,-0.22231221,0.113970846,0.20818514,0.9702238,0.1237928
1356448073071,-0.17955089,-0.08821756,0.9797853,0.95749766,-0.24421912,0.15347764,0.22574285,0.9656991,0.12831777
1356448073110,-0.22460431,-0.081626326,0.97102535,0.94447005,-0.26351202,0.19631058,0.2398527,0.9611965,0.13627952
1356448073150,-0.2638504,-0.07413897,0.9617101,0.93162704,-0.2779104,0.23417258,0.24990794,0.95774174,0.14239669
1356448073191,-0.29072803,-0.064775586,0.9546106,0.9222932,-0.2845198,0.26157948,0.25466165,0.9564793,0.14245993
1356448073230,-0.3030393,-0.054224342,0.95143414,0.918735,-0.28185093,0.27656108,0.2531663,0.9579248,0.1352297
1356448073271,-0.3012498,-0.044032633,0.952528,0.92148864,-0.27028102,0.27893886,0.24516782,0.961774,0.121997684
1356448073310,-0.28619123,-0.03529021,0.9575224,0.9298197,-0.2515301,0.26864088,0.2313653,0.9672059,0.10479921
1356448073351,-0.25886983,-0.028385818,0.965495,0.942014,-0.22839183,0.24585927,0.2135323,0.9731554,0.08586362
1356448073391,-0.22193617,-0.023398101,0.97478044,0.9557007,-0.20344812,0.21270865,0.19334021,0.9788061,0.06751406
1356448073430,-0.1812337,-0.02145654,0.9832059,0.9682665,-0.17883748,0.17457712,0.17208824,0.9836446,0.053187013
1356448073470,-0.14760005,-0.025706887,0.988713,0.9776522,-0.15510035,0.14191616,0.1497015,0.9875642,0.04802522
1356448073510,-0.13407189,-0.04193476,0.99008393,0.9830086,-0.13203168,0.12752163,0.1253748,0.9903581,0.0589239
1356448073550,-0.15325183,-0.07740682,0.9851507,0.983221,-0.111765325,0.14416984,0.098945946,0.99071527,0.09323624
1356448073591,-0.20930016,-0.13550907,0.9684166,0.975143,-0.10258293,0.19639966,0.07272908,0.9854511,0.1536113
1356448073630,-0.29004377,-0.20752767,0.9342414,0.95567894,-0.11434394,0.27129942,0.050522715,0.97152346,0.23149452
1356448073681,-0.37522173,-0.27665308,0.8846873,0.9262731,-0.14797264,0.34658659,0.0350253,0.9495089,0.31177893
1356448073721,-0.44453079,-0.31322372,0.839216,0.8954233,-0.1812048,0.4066719,0.024690658,0.93223166,0.36101884
1356448073788,-0.48880935,-0.31940532,0.81181633,0.8721968,-0.19854128,0.4470504,0.018388778,0.926586,0.37563315
1356448073802,-0.5177705,-0.30048177,0.8010146,0.8553448,-0.20074105,0.4775859,0.017290652,0.9324236,0.3609533
1356448073842,-0.5374267,-0.26200593,0.8015768,0.84297466,-0.1937257,0.50186056,0.023795545,0.94542223,0.32497776
1356448073882,-0.55071837,-0.21023521,0.8077811,0.83376753,-0.18406737,0.52052927,0.03925258,0.9601668,0.2766567
1356448073922,-0.5584992,-0.1515378,0.8155457,0.82709825,-0.17657274,0.5336014,0.06314239,0.9725524,0.22395247
1356448073962,-0.56128395,-0.0920082,0.822493,0.8223777,-0.1737166,0.5417724,0.093033195,0.9804881,0.17316991
1356448074002,-0.5598504,-0.036852658,0.8277738,0.81901705,-0.1760602,0.54608965,0.12561312,0.9836893,0.12875026
1356448074041,-0.5555226,0.010108262,0.83144,0.81639504,-0.18310565,0.54769653,0.1577776,0.9830412,0.093467
1356448074080,-0.5500936,0.046491593,0.83380795,0.8139949,-0.19321597,0.54779553,0.18657291,0.98005414,0.06844288
1356448074120,-0.545514,0.07113984,0.83507705,0.8114561,-0.2044149,0.54749763,0.20965102,0.97629595,0.05378431
1356448074161,-0.5436703,0.08326924,0.835158,0.8084625,-0.21529043,0.54775757,0.22541288,0.97299343,0.049726963
1356448074200,-0.5457783,0.08295807,0.8338129,0.80469763,-0.22556949,0.5491631,0.23364025,0.9706886,0.05635476
1356448074240,-0.5519325,0.07162416,0.83080715,0.80000883,-0.2356242,0.5517854,0.23527938,0.9692014,0.0727486
1356448074280,-0.5599882,0.054131,0.8267303,0.79526293,-0.244685,0.55469465,0.23231465,0.9680904,0.093972325
1356448074321,-0.5670183,0.03723538,0.8228632,0.7919284,-0.25015318,0.5570214,0.22658277,0.9674901,0.11235368
1356448074360,-0.57117623,0.025997013,0.82041574,0.7910284,-0.2494334,0.5586207,0.21916154,0.96804297,0.12190598
1356448074400,-0.57224834,0.021497756,0.81979865,0.7927754,-0.24130636,0.5597129,0.20985514,0.9702109,0.12104422
1356448074440,-0.5703933,0.022568077,0.8210617,0.7969682,-0.22664994,0.5598854,0.1987291,0.9737148,0.111293495
1356448074480,-0.56529146,0.027804136,0.82442254,0.80351806,-0.20747346,0.5579548,0.18655926,0.97784543,0.094941854
1356448074521,-0.55642384,0.03565386,0.8301334,0.8124268,-0.18614781,0.5525503,0.17422801,0.9818747,0.07461089
1356448074568,-0.54383534,0.04378262,0.83804905,0.82381546,-0.1624394,0.54308516,0.1599099,0.9857467,0.052271485
1356448074598,-0.5272252,0.04670766,0.8484409,0.8371719,-0.14244658,0.5280645,0.14552218,0.9886998,0.03599906
1356448074641,-0.51911163,0.034417123,0.85401314,0.8452066,-0.12788826,0.5189126,0.12707776,0.9911912,0.03729874
1356448074680,-0.52378523,-2.8938055E-5,0.85185045,0.8454528,-0.12234622,0.5198473,0.10420561,0.99248755,0.0641076
1356448074720,-0.5460308,-0.057943672,0.8357588,0.83404946,-0.13145012,0.5358006,0.0788143,0.98962784,0.12010372
1356448074790,-0.58173347,-0.12814915,0.803221,0.8115914,-0.1568945,0.56276417,0.053903252,0.97926605,0.1952756
1356448074803,-0.6198978,-0.19137982,0.76098645,0.7840779,-0.18913579,0.5911425,0.030797094,0.96312064,0.26730162
1356448074841,-0.65150595,-0.2334913,0.72181845,0.7585741,-0.21336615,0.61566234,0.010259777,0.9486605,0.3161298
1356448074881,-0.673075,-0.25187844,0.69536114,0.7395518,-0.22190964,0.6354677,-0.005753249,0.94197303,0.33563906
1356448074921,-0.6842312,-0.24855009,0.68560225,0.7291405,-0.21578056,0.64945585,-0.01348263,0.9442783,0.32887173
1356448074961,-0.6847036,-0.22705269,0.692552,0.72874737,-0.19971484,0.6550125,-0.010409474,0.9531847,0.30220944
1356448075000,-0.6745482,-0.19211653,0.7127944,0.73822296,-0.17998612,0.6501014,0.003397882,0.964726,0.2632342
1356448075040,-0.654732,-0.1493263,0.74096406,0.7554138,-0.16299295,0.63465214,0.026001662,0.97526145,0.21951985
1356448075080,-0.62751174,-0.10413152,0.7716125,0.776681,-0.1533823,0.61093426,0.05473414,0.98266506,0.17712605
1356448075121,-0.5960872,-0.060602486,0.8006294,0.79817635,-0.15295327,0.58268327,0.08714685,0.9863735,0.13954496
1356448075160,-0.5646213,-0.02210337,0.82505393,0.81655836,-0.16047728,0.5545082,0.12014598,0.98679197,0.10865772
1356448075200,-0.5375552,0.0086945,0.84318364,0.8296664,-0.17316586,0.5307233,0.15062502,0.9848543,0.08587271
1356448075240,-0.5188282,0.02938798,0.8543733,0.83662426,-0.18797189,0.51451564,0.17571872,0.98173463,0.07293844
1356448075280,-0.5103091,0.039190292,0.8590976,0.8376615,-0.20351022,0.50685966,0.19469917,0.9782882,0.071024954
1356448075321,-0.5108988,0.039568126,0.8587297,0.83404255,-0.21914458,0.5063089,0.20821965,0.97488976,0.07895923
1356448075360,-0.51658636,0.034375936,0.8555447,0.8284615,-0.23235822,0.5095695,0.21630982,0.97202253,0.091553986
1356448075400,-0.5226771,0.027490437,0.8520874,0.82414395,-0.23947519,0.5132625,0.21816361,0.9705132,0.10251212
1356448075440,-0.52541435,0.021297932,0.85057986,0.82361704,-0.23815101,0.5147222,0.21352902,0.9709946,0.10758668
1356448075480,-0.5225693,0.016224235,0.8524425,0.8279984,-0.22877407,0.51193863,0.20332256,0.9733444,0.10611665
1356448075520,-0.5125738,0.012316257,0.8585549,0.8374455,-0.21363568,0.50303566,0.1896134,0.97683585,0.09918982
1356448075560,-0.49416274,0.010089755,0.8693109,0.8516008,-0.19551355,0.4863646,0.17486936,0.9806491,0.08802307
1356448075601,-0.467193,0.009554982,0.8841038,0.8694598,-0.17658955,0.46136302,0.16053176,0.9842382,0.07419366
1356448075640,-0.43385965,0.0085448325,0.90093994,0.88899934,-0.15847188,0.4296125,0.14644459,0.9873265,0.06115818
1356448075680,-0.4004917,0.0022462308,0.9162976,0.9069179,-0.14176518,0.3967397,0.1307903,0.9898977,0.0547387
1356448075721,-0.37664753,-0.017021835,0.9262003,0.9196323,-0.12712145,0.37164038,0.11141384,0.9917411,0.06353372
1356448075790,-0.37278646,-0.05579269,0.9262383,0.92370737,-0.11728817,0.36470285,0.08828902,0.99152946,0.09525955
1356448075803,-0.39617205,-0.11626524,0.91078544,0.91593844,-0.11925745,0.38318983,0.06406626,0.9860325,0.15373826
1356448075842,-0.4392364,-0.18482965,0.87915266,0.8973394,-0.13715994,0.41948682,0.043050945,0.9731522,0.22610056
1356448075882,-0.48739487,-0.24338016,0.8385776,0.87277365,-0.16514283,0.45934084,0.026690632,0.9557688,0.29290557
1356448075922,-0.5287514,-0.2785401,0.80177134,0.8486557,-0.18944067,0.4938578,0.014328897,0.9415559,0.33655173
1356448075961,-0.55862135,-0.288502,0.7776302,0.8293934,-0.20219904,0.5207899,0.0069871545,0.9358857,0.35223436
1356448076000,-0.57639015,-0.27664316,0.7689233,0.8171402,-0.20375931,0.53922534,0.007502228,0.9391223,0.3435011
1356448076040,-0.5817014,-0.24718753,0.7749334,0.8132144,-0.19721454,0.5475296,0.017485678,0.94868577,0.31573647
1356448076080,-0.57565016,-0.20577186,0.7913817,0.8169221,-0.18682516,0.5456507,0.035570413,0.9606011,0.27564543
1356448076121,-0.5599604,-0.1585105,0.81321514,0.82641965,-0.17669392,0.5346119,0.058948547,0.97141844,0.22993773
1356448076160,-0.537046,-0.11073819,0.8362528,0.83926404,-0.16998309,0.5164704,0.08495584,0.9792052,0.18422735
1356448076200,-0.5102178,-0.06651065,0.8574696,0.85277414,-0.16849285,0.49435455,0.11159766,0.98345643,0.14268655
1356448076240,-0.4840222,-0.028912395,0.874578,0.8641702,-0.17294914,0.4725447,0.13759509,0.98450637,0.10869646
1356448076280,-0.46377063,-1.3464689E-4,0.88595533,0.8709641,-0.18325156,0.45589527,0.16229129,0.9830661,0.08510393
1356448076321,-0.45372635,0.019136101,0.89093554,0.8716229,-0.19856936,0.44815597,0.18548843,0.9799,0.07341671
1356448076360,-0.45521647,0.030192614,0.88986874,0.8660477,-0.21703929,0.45039466,0.2067351,0.97569585,0.072651625
1356448076400,-0.46653616,0.03516066,0.883803,0.8555017,-0.23582941,0.4609787,0.224635,0.9711582,0.07994288
1356448076440,-0.48363328,0.036682934,0.8745017,0.8428228,-0.2500034,0.47660053,0.23611149,0.9675498,0.0899927
1356448076480,-0.50148946,0.036783665,0.8643815,0.8317182,-0.25461125,0.49337408,0.23822933,0.96634364,0.09709114
1356448076520,-0.5161569,0.035980105,0.85573804,0.8249947,-0.24758118,0.508023,0.23014331,0.9681989,0.09810728
1356448076560,-0.5248129,0.033807844,0.85054594,0.8240802,-0.23011214,0.5176293,0.2132209,0.9725767,0.0929054
1356448076601,-0.52438474,0.030210048,0.85094535,0.8299587,-0.20514107,0.5187348,0.19023481,0.978266,0.08249974
1356448076640,-0.5108852,0.025902957,0.85925853,0.84370196,-0.17652583,0.50695723,0.16481301,0.9839551,0.06833011
1356448076680,-0.48089385,0.021596253,0.8765129,0.86558795,-0.14751971,0.47853467,0.1396375,0.9888233,0.052247882
1356448076721,-0.43277705,0.015882194,0.9013611,0.89396536,-0.121447146,0.43136597,0.1163187,0.99247086,0.03836137
1356448076790,-0.37174642,0.004004061,0.92832565,0.9234756,-0.10058063,0.3702381,0.09485409,0.99492085,0.033692896
1356448076803,-0.3158651,-0.022651434,0.94853365,0.9459076,-0.08557391,0.31294706,0.07408106,0.9960743,0.048456013
1356448076842,-0.2822559,-0.06980437,0.95679617,0.9578051,-0.07688385,0.27694443,0.054230243,0.9945935,0.088559926
1356448076882,-0.28532505,-0.13714013,0.94856846,0.95773816,-0.078416705,0.27674612,0.036430627,0.98744285,0.15371859
1356448076922,-0.30859613,-0.20974737,0.9277793,0.95096403,-0.08943927,0.29608783,0.020876259,0.9736563,0.22706285
1356448076962,-0.322586,-0.26767182,0.90790415,0.94651806,-0.09776878,0.30748135,0.006460637,0.9585369,0.2848951
1356448077002,-0.30758572,-0.30005565,0.9029715,0.9515003,-0.09082705,0.2939348,-0.006182492,0.9495878,0.31344014
1356448077042,-0.25629526,-0.3044584,0.91739726,0.966504,-0.06744701,0.2476306,-0.013517469,0.95013463,0.31154668
1356448077082,-0.17265636,-0.28350577,0.94329965,0.98490775,-0.0379287,0.16887271,-0.012098283,0.9582201,0.28577572
1356448077121,-0.06861347,-0.24333793,0.96751165,0.9976432,-0.016270697,0.06665808,-4.7838688E-4,0.96980506,0.24388084
1356448077160,0.033531904,-0.19672707,0.97988474,0.99924505,-0.012651503,-0.036734432,0.019623607,0.9803767,0.19615427
1356448077200,0.11731154,-0.15502277,0.9809209,0.99201477,-0.027769625,-0.12302691,0.046311706,0.9875205,0.15052712
1356448077240,0.17484403,-0.124971956,0.9766328,0.9815675,-0.05561644,-0.18284428,0.07716721,0.9906002,0.112944186
1356448077280,0.20604068,-0.10784668,0.97258234,0.9723856,-0.0887627,-0.21584159,0.10960683,0.9901971,0.08657977
1356448077320,0.21416676,-0.10174066,0.97148407,0.9665753,-0.12143183,-0.2258018,0.1409423,0.9873718,0.072333336
1356448077361,0.20289421,-0.10379398,0.9736842,0.9645928,-0.14993143,-0.2169824,0.16850725,0.9832332,0.06969869
1356448077400,0.17543095,-0.1112057,0.9781908,0.9659618,-0.17242515,-0.19284004,0.19010961,0.97872514,0.07717177
1356448077440,0.13365519,-0.122430235,0.98343635,0.9695405,-0.18936825,-0.15534157,0.20525011,0.9742436,0.09339106
1356448077499,0.081733644,-0.13518035,0.98744416,0.97326446,-0.20255786,-0.10828999,0.21465322,0.96989524,0.11501038
1356448077521,0.029620051,-0.1458739,0.9888597,0.97530603,-0.21239668,-0.06054628,0.2188626,0.9662342,0.13598043
1356448077561,-0.009563029,-0.15137509,0.98843014,0.97598016,-0.21656424,-0.023723572,0.21764979,0.9644613,0.14981005
1356448077598,-0.026031077,-0.15121013,0.9881588,0.977223,-0.21210861,-0.0067142844,0.2106123,0.96547675,0.15328747
1356448077641,-0.015603781,-0.14687821,0.98903155,0.9801246,-0.19789338,-0.013925344,0.19776812,0.96915686,0.1470468
1356448077680,0.021757066,-0.14027631,0.98987335,0.9832275,-0.17633015,-0.04659894,0.18108124,0.9742845,0.13408706
1356448077720,0.08294201,-0.13186577,0.98779154,0.98310447,-0.15147316,-0.102769434,0.16317573,0.9796261,0.11707437
1356448077791,0.16524005,-0.11958182,0.97897696,0.97573495,-0.12476218,-0.1799325,0.14365602,0.9849541,0.09606448
1356448077812,0.25779927,-0.10900557,0.96002996,0.95811534,-0.09941608,-0.26857325,0.12471834,0.9890573,0.07881048
1356448077852,0.32971606,-0.10186726,0.9385683,0.9383146,-0.07434484,-0.33769593,0.10417789,0.9920161,0.07107082
1356448077892,0.37020177,-0.10607621,0.92287517,0.9254246,-0.044372976,-0.37632474,0.08086982,0.99336743,0.08173859
1356448077932,0.3720992,-0.13169652,0.91880256,0.92639583,-0.008875519,-0.37644646,0.05773163,0.9912503,0.118700564
1356448077972,0.335237,-0.18465543,0.92386067,0.94127023,0.023667842,-0.3368238,0.04033056,0.9825183,0.181745
1356448078012,0.27367696,-0.25469163,0.92748755,0.96133816,0.041857928,-0.27217096,0.030496955,0.966116,0.2563003
1356448078052,0.21212238,-0.31752372,0.92422014,0.9769572,0.0460248,-0.20841414,0.023639321,0.94713277,0.31996992
1356448078092,0.16841888,-0.354111,0.9199133,0.98558354,0.045220852,-0.16303462,0.01613304,0.9341095,0.35662198
1356448078132,0.14592993,-0.35943645,0.9216887,0.9892389,0.043099403,-0.13981733,0.010531157,0.9321737,0.36185798
1356448078172,0.13723779,-0.33960038,0.93050385,0.9904681,0.035876274,-0.13298824,0.011779875,0.9398854,0.34128693
1356448078212,0.13554996,-0.303609,0.94310534,0.99052215,0.020217001,-0.13585669,0.022180587,0.9525822,0.30347192
1356448078252,0.13589472,-0.26057553,0.95584154,0.98988295,-0.0040166974,-0.14182952,0.040796578,0.96544516,0.25739336
1356448078292,0.13554597,-0.21778837,0.96653795,0.98862314,-0.03447157,-0.14641058,0.06520465,0.9753871,0.2106381
1356448078332,0.13291556,-0.17996302,0.9746521,0.9867809,-0.06796682,-0.1471192,0.09271997,0.9813225,0.1685502
1356448078371,0.12683588,-0.14931265,0.98062146,0.98451376,-0.10166365,-0.14281896,0.1210182,0.98354983,0.13410568
1356448078410,0.11612046,-0.1263797,0.985162,0.98212755,-0.13331336,-0.13286462,0.14812669,0.9829831,0.10864061
1356448078450,0.09954929,-0.11088738,0.9888346,0.9799812,-0.16127002,-0.11674267,0.17241466,0.980661,0.09261322
1356448078490,0.07585752,-0.10202235,0.99188566,0.9782726,-0.18487382,-0.093831986,0.19294667,0.9774524,0.085781574
1356448078530,0.044260204,-0.09876397,0.99412614,0.9766196,-0.20526701,-0.06387356,0.21036965,0.97371006,0.08736956
1356448078570,0.0052989125,-0.09939787,0.9950336,0.9742775,-0.22366345,-0.027530968,0.22528923,0.96958476,0.09565598
1356448078611,-0.03782612,-0.100747645,0.9941927,0.97097665,-0.23883498,0.012740165,0.23616442,0.96581984,0.10685775
1356448078651,-0.079811096,-0.09895921,0.9918857,0.96736145,-0.24777067,0.05311802,0.24050373,0.96375144,0.115504146
1356448078690,-0.1157701,-0.092446566,0.9889646,0.9645941,-0.24800402,0.089734286,0.23697156,0.96433794,0.117884815
1356448078730,-0.14348936,-0.082200825,0.98623216,0.9634406,-0.23943752,0.12021658,0.226259,0.9674258,0.11355227
1356448078790,-0.16171366,-0.07025626,0.98433363,0.9641565,-0.22387224,0.14242005,0.21035907,0.972083,0.1039412
1356448078812,-0.16970098,-0.058252156,0.9837725,0.9666553,-0.20410037,0.1546629,0.1917789,0.97721535,0.09094581
1356448078852,-0.16744065,-0.047163308,0.98475343,0.97074527,-0.18224877,0.1563302,0.17209703,0.98212063,0.07629937
1356448078892,-0.15652531,-0.038391948,0.98692757,0.9759246,-0.15968287,0.14856851,0.15189153,0.9864216,0.06246203
1356448078932,-0.14158005,-0.034505576,0.98932517,0.9813057,-0.13649982,0.13567156,0.13036129,0.99003893,0.053186208
1356448078971,-0.13032603,-0.040477246,0.9906446,0.9857346,-0.1126169,0.12507859,0.10650048,0.9928137,0.054576725
1356448079010,-0.1329571,-0.06261724,0.9891418,0.9878482,-0.08941907,0.12712258,0.080488056,0.99402386,0.07374519
1356448079050,-0.158431,-0.10527226,0.98174196,0.98585594,-0.071908,0.15138423,0.05465859,0.9918401,0.11517578
1356448079090,-0.20545632,-0.16254282,0.9650738,0.9780891,-0.06796408,0.19678032,0.03360513,0.98435795,0.17294511
1356448079131,-0.25999224,-0.2172096,0.94086343,0.96537983,-0.07977569,0.24834979,0.021114051,0.9728596,0.23043084
1356448079170,-0.30569828,-0.2523479,0.91807914,0.95198315,-0.097854674,0.29009068,0.016634554,0.96267605,0.27014488
1356448079210,-0.3353563,-0.26280162,0.90469414,0.94192934,-0.11134285,0.31681517,0.01747173,0.95840394,0.28488007
1356448079250,-0.3501134,-0.25153258,0.9023037,0.93644464,-0.11679965,0.33080095,0.0221816,0.9607753,0.2764395
1356448079290,-0.35334826,-0.22401801,0.90827364,0.9349698,-0.11700195,0.33487633,0.03125143,0.96753633,0.25079244
1356448079330,-0.3495593,-0.18675846,0.91811204,0.93582636,-0.11680859,0.33254308,0.04513815,0.97543687,0.21560496
1356448079371,-0.34285694,-0.14587095,0.9279928,0.93724215,-0.11984599,0.32743567,0.0634529,0.9820176,0.17780644
1356448079410,-0.33666486,-0.10649255,0.93558323,0.937804,-0.12733364,0.32297027,0.0847373,0.9861264,0.14273793
1356448079450,-0.3315792,-0.07128367,0.94073045,0.93723416,-0.13895595,0.31981754,0.107922316,0.98772967,0.1128844
1356448079490,-0.32816607,-0.042019755,0.94368505,0.93543243,-0.15345144,0.3184634,0.13142803,0.9872624,0.08966416
1356448079530,-0.3270023,-0.020165712,0.94480824,0.9324529,-0.169411,0.3191102,0.15362582,0.9853391,0.074201405
1356448079570,-0.32921845,-0.0068518817,0.9442288,0.9281268,-0.18637091,0.32225192,0.17376882,0.9824555,0.06771624
1356448079610,-0.33584678,-0.0022308528,0.941914,0.92197394,-0.20546514,0.32825026,0.1927982,0.9786619,0.07106155
1356448079650,-0.34679377,-0.0049857497,0.9379282,0.9137139,-0.22761112,0.3366307,0.21180451,0.9737394,0.0834896
1356448079690,-0.36032486,-0.01258418,0.932742,0.9042182,-0.2504474,0.34592703,0.2292496,0.96804845,0.10162127
1356448079730,-0.3727572,-0.021678716,0.9276757,0.89601696,-0.26833528,0.3537654,0.24125895,0.9630817,0.119448364
1356448079790,-0.38007265,-0.029662311,0.9244809,0.8919516,-0.276367,0.3578319,0.24488187,0.96059436,0.13149688
1356448079812,-0.379507,-0.03587717,0.92449296,0.8936293,-0.2729782,0.35624376,0.23958537,0.96135104,0.13565797
1356448079852,-0.36940736,-0.04086721,0.9283685,0.9012686,-0.25914413,0.3472164,0.2263915,0.9649737,0.13256207
1356448079893,-0.34779143,-0.04513827,0.9364847,0.91422045,-0.2378633,0.32805797,0.20794737,0.9702492,0.12399316
1356448079932,-0.31305683,-0.048546195,0.9484928,0.9311665,-0.21220326,0.2964771,0.18688041,0.976019,0.11163628
1356448079972,-0.2647546,-0.051129192,0.9629594,0.95013237,-0.18447131,0.25143334,0.16478279,0.98150706,0.09741914
1356448080025,-0.20592827,-0.05414936,0.9770677,0.96879876,-0.15200824,0.19576114,0.13792202,0.9868948,0.083762646
1356448080062,-0.13269722,-0.062384814,0.9891914,0.98491347,-0.120140195,0.12454653,0.111071825,0.9907949,0.07738587
1356448080101,-0.080305755,-0.08015311,0.9935424,0.9932866,-0.08969712,0.07304883,0.08326274,0.9927386,0.08681816
1356448080142,-0.060600102,-0.114753634,0.9915439,0.99652886,-0.0637601,0.053525627,0.05707872,0.9913457,0.11821914
1356448080180,-0.07354349,-0.16359547,0.9837825,0.9965782,-0.049372017,0.06628993,0.03772658,0.98529136,0.1666666
1356448080220,-0.10959256,-0.21758196,0.96986985,0.9935596,-0.052239835,0.10054988,0.02878803,0.97464305,0.22190577
1356448080260,-0.14726853,-0.26074448,0.9541092,0.988716,-0.065567434,0.13469145,0.027438372,0.96317875,0.26745814
1356448080300,-0.17294037,-0.2841827,0.9430439,0.9845371,-0.076997936,0.1573466,0.027897298,0.95567334,0.29310447
1356448080341,-0.18317628,-0.28676158,0.94032663,0.98267144,-0.08098531,0.16672787,0.028341472,0.9545727,0.296627
1356448080380,-0.18089986,-0.27153456,0.94527465,0.98298335,-0.081113875,0.1648159,0.031921685,0.9590044,0.28158742
1356448080420,-0.16983002,-0.24289998,0.9550693,0.98456216,-0.08348858,0.15384096,0.042369395,0.96645194,0.25332898
1356448080460,-0.15654463,-0.20690346,0.96575606,0.9858254,-0.092479885,0.1399849,0.060349673,0.9739807,0.21844792
1356448080519,-0.1456424,-0.16886204,0.97481996,0.9857585,-0.108502805,0.12848136,0.08407503,0.9796493,0.18225974
1356448080540,-0.13881177,-0.13215807,0.98146087,0.9840647,-0.1296112,0.12172738,0.11112112,0.9827182,0.14804375
1356448080581,-0.13612789,-0.098778516,0.9857546,0.9808886,-0.15306675,0.120117724,0.13902116,0.9832668,0.11772731
1356448080618,-0.13751811,-0.07013103,0.9880134,0.976606,-0.17608327,0.12343165,0.16531622,0.98187387,0.09270501
1356448080661,-0.14320064,-0.04734072,0.9885608,0.97163653,-0.1966582,0.13133141,0.1881913,0.9793285,0.07415956
1356448080700,-0.15436202,-0.03137344,0.98751616,0.96619874,-0.21366888,0.1442416,0.20647612,0.9764023,0.063295335
1356448080741,-0.17258132,-0.022961825,0.9847276,0.96010506,-0.22724408,0.16296718,0.22003153,0.973567,0.06126386
1356448080791,-0.19749606,-0.021495908,0.98006797,0.9530642,-0.23825109,0.18682888,0.2294862,0.97096574,0.067540616
1356448080822,-0.22568029,-0.025062948,0.9738789,0.94542897,-0.24679387,0.21273625,0.23501557,0.9687438,0.07939181
1356448080862,-0.25039136,-0.030538768,0.967663,0.9389347,-0.25132537,0.23502603,0.23602086,0.9674208,0.09160361
1356448080902,-0.26457745,-0.035277158,0.96371895,0.9360026,-0.24997073,0.247818,0.2321592,0.9676105,0.09915614
1356448080942,-0.2647758,-0.038603485,0.9635371,0.93814546,-0.24149144,0.24812308,0.22310749,0.9696349,0.100156695
1356448080982,-0.25000244,-0.04149738,0.9673556,0.94526935,-0.22681564,0.2345646,0.20967758,0.9730533,0.095930666
1356448081022,-0.22063065,-0.04467711,0.97433376,0.9559591,-0.20814466,0.20692554,0.1935575,0.97707725,0.088632464
1356448081062,-0.1770742,-0.04818034,0.98301744,0.968215,-0.18779683,0.16520339,0.17664799,0.9810255,0.07990286
1356448081102,-0.12146151,-0.051739156,0.9912468,0.97963315,-0.16711599,0.11131567,0.15989378,0.9845788,0.0709835
1356448081142,-0.05990559,-0.05576709,0.9966451,0.9879683,-0.1459291,0.05121857,0.14258316,0.987722,0.063838094
1356448081183,-0.0023946166,-0.06295091,0.99801373,0.9923437,-0.12338859,-0.0054018795,0.12348354,0.9903598,0.062764406
1356448081222,0.03608823,-0.07874048,0.9962417,0.99412584,-0.098956704,-0.04383287,0.10203624,0.9919715,0.07470679
1356448081262,0.041852057,-0.110081375,0.99304104,0.9959033,-0.07514161,-0.050302327,0.08015609,0.9910781,0.106485605
1356448081302,0.011073828,-0.15907198,0.98720485,0.99800676,-0.059581995,-0.020795614,0.06212765,0.98546743,0.15809512
1356448081342,-0.042423546,-0.21554276,0.97557247,0.99778116,-0.05929041,0.03028965,0.05131337,0.9746928,0.21757978
1356448081381,-0.09549934,-0.26193523,0.9603488,0.9943404,-0.0702185,0.07972747,0.04655081,0.9625276,0.26715863
1356448081420,-0.13451171,-0.28729743,0.94834954,0.9899475,-0.08117807,0.115819454,0.04371053,0.9543953,0.2953287
1356448081460,-0.15826464,-0.28997785,0.9438565,0.98656684,-0.08562291,0.13912061,0.04047385,0.95319545,0.29963362
1356448081500,-0.17226899,-0.2732686,0.9463867,0.9843222,-0.08468008,0.15472293,0.03785917,0.9582033,0.2835721
1356448081540,-0.18271536,-0.2425395,0.95278,0.982411,-0.08300704,0.16726741,0.03851852,0.96658385,0.25344017
1356448081580,-0.19454491,-0.20371929,0.95950544,0.97986305,-0.08519161,0.18058485,0.044953227,0.97531575,0.2161906
1356448081620,-0.20963186,-0.16167149,0.964322,0.97603846,-0.09344208,0.19651309,0.05833772,0.9824108,0.17738608
1356448081661,-0.2271136,-0.1196529,0.9664898,0.97074735,-0.10720211,0.21484232,0.07790327,0.9870111,0.14049989
1356448081700,-0.24573368,-0.08026579,0.96600854,0.96409976,-0.123696685,0.23497012,0.10063195,0.9890686,0.107780635
1356448081741,-0.2635424,-0.04531324,0.9635829,0.95668244,-0.14037877,0.2550537,0.12370932,0.98906034,0.08034617
1356448081790,-0.28129756,-0.016881913,0.95947206,0.9486942,-0.15534371,0.27540445,0.14439866,0.9877162,0.05971366
1356448081822,-0.3008157,0.0029440224,0.9536778,0.9399717,-0.16804028,0.29701123,0.1611307,0.9857757,0.047781825
1356448081862,-0.3246922,0.012685239,0.9457347,0.92972535,-0.17939585,0.32160208,0.17374045,0.98369515,0.046454668
1356448081902,-0.35391694,0.012637347,0.9351914,0.91714144,-0.19126397,0.34967062,0.18328735,0.98145723,0.056101322
1356448081942,-0.38588268,0.0057305396,0.92253006,0.9026209,-0.20437115,0.37882447,0.19070938,0.9788767,0.07369077
1356448081981,-0.4147256,-0.0029441118,0.90994173,0.8886757,-0.21626359,0.40433344,0.19559687,0.9763305,0.092306376
1356448082020,-0.43531227,-0.009414911,0.9002303,0.8785568,-0.22277796,0.422502,0.1965737,0.9748237,0.105249524
1356448082060,-0.44575655,-0.012874216,0.8950616,0.8741684,-0.22150081,0.43216544,0.19269311,0.9750752,0.1099897
1356448082100,-0.44583458,-0.014309436,0.8950011,0.875893,-0.21307534,0.43290937,0.1845079,0.9769311,0.10752976
1356448082141,-0.43556035,-0.014698595,0.90003943,0.8833463,-0.1993258,0.42422676,0.17316553,0.979823,0.099802375
1356448082180,-0.4152878,-0.014972061,0.9095669,0.89559793,-0.18204033,0.4059134,0.15950045,0.9831771,0.08900803
1356448082220,-0.38701528,-0.016172647,0.9219314,0.9108617,-0.16214967,0.37952393,0.14335299,0.9866336,0.0774855
1356448082260,-0.35473555,-0.02060464,0.9347396,0.92665577,-0.14075339,0.3485651,0.124385715,0.98983026,0.06902367
1356448082300,-0.32656246,-0.032565176,0.94461447,0.9396029,-0.119551,0.32070848,0.10248572,0.99229383,0.069639206
1356448082340,-0.3144074,-0.05808872,0.94750917,0.94603425,-0.10174453,0.3076804,0.078531146,0.99311316,0.08694321
1356448082380,-0.32904285,-0.10117778,0.9388791,0.9427012,-0.09329569,0.32032838,0.05518323,0.99048424,0.12607867
1356448082421,-0.3702833,-0.15681288,0.9155873,0.92821455,-0.10083687,0.35811964,0.036167145,0.9824672,0.18289417
1356448082460,-0.42299145,-0.20943302,0.8815986,0.9058253,-0.12311107,0.40536907,0.023636848,0.970042,0.24178469
1356448082500,-0.46987003,-0.24452528,0.84819186,0.88258946,-0.14761347,0.44636974,0.016055912,0.958341,0.28517473
1356448082541,-0.5040998,-0.2580701,0.82418644,0.86358786,-0.16164553,0.47758436,0.009975761,0.9525075,0.30435163
1356448082580,-0.5263771,-0.25257534,0.81187,0.8502402,-0.16122693,0.50109625,0.004330784,0.95405006,0.29961592
1356448082621,-0.537974,-0.23105296,0.8106779,0.8429594,-0.14956588,0.51676834,0.0018488467,0.9613764,0.27523082
1356448082660,-0.5431682,-0.19832513,0.8158648,0.8396033,-0.13509089,0.52613366,0.005870402,0.9707819,0.23989159
1356448082700,-0.5434094,-0.1585091,0.82436705,0.8392761,-0.12357056,0.5294771,0.01794058,0.97959435,0.20018238
1356448082741,-0.54257286,-0.11605948,0.8319525,0.8392058,-0.118187726,0.5308157,0.036720335,0.98618555,0.16152316
1356448082790,-0.5433691,-0.07508227,0.83612955,0.8373834,-0.11905593,0.53349304,0.059490293,0.9900446,0.12756395
1356448082822,-0.546699,-0.038467705,0.83644515,0.8330774,-0.12553036,0.53872466,0.08427572,0.99134374,0.100673854
1356448082862,-0.55321205,-0.008056462,0.8330015,0.825777,-0.13706398,0.5470885,0.1097669,0.9905294,0.082478285
1356448082902,-0.56272125,0.015530467,0.8265008,0.8156353,-0.1522165,0.5581838,0.13447595,0.9882251,0.07298833
1356448082942,-0.5743319,0.032614052,0.8179726,0.8033687,-0.16953772,0.5708377,0.15729457,0.98498386,0.07116991
1356448082981,-0.5873297,0.04414007,0.8081432,0.78969646,-0.18744361,0.5841613,0.17726624,0.98128307,0.075233996
1356448083020,-0.60116506,0.050907046,0.7975018,0.7753495,-0.2044639,0.59751797,0.1934782,0.97754955,0.08344573
1356448083060,-0.61522055,0.053689122,0.7865246,0.7615167,-0.21763134,0.6105152,0.20395046,0.97455317,0.09300625
1356448083101,-0.6280904,0.053558826,0.77629495,0.7502488,-0.22302496,0.62240386,0.20646837,0.9733403,0.099897385
1356448083141,-0.6379608,0.05145344,0.768348,0.74343956,-0.21896607,0.6319427,0.20075771,0.97437495,0.10143918
1356448083180,-0.64339536,0.0476636,0.7640487,0.74201727,-0.20665187,0.63773453,0.1882889,0.97725284,0.09759176
1356448083220,-0.6428265,0.04223901,0.76484644,0.74663395,-0.1886152,0.6379359,0.17120743,0.9811423,0.0897097
1356448083260,-0.63399965,0.035250396,0.7725296,0.7582526,-0.16798413,0.6299479,0.15197858,0.9851593,0.07977313
1356448083300,-0.6149318,0.02652523,0.7881341,0.77741194,-0.14721781,0.6115207,0.13224807,0.9887484,0.069907844
1356448083340,-0.5848063,0.015031308,0.81103367,0.80334175,-0.12786317,0.5816297,0.11244398,0.99167794,0.062699914
1356448083380,-0.5463433,-0.0017049909,0.8375596,0.8325152,-0.1107105,0.5428275,0.09180111,0.9938512,0.061905384
1356448083420,-0.5088602,-0.02780363,0.8604,0.85808384,-0.09643006,0.5043742,0.06894505,0.9949513,0.072927296
1356448083462,-0.48836952,-0.06764522,0.8700111,0.87155235,-0.08750141,0.48243132,0.043493003,0.993865,0.1016894
1356448083519,-0.49927622,-0.121730536,0.857849,0.8662579,-0.090586424,0.4913159,0.01790139,0.9884208,0.15067774
1356448083541,-0.5377954,-0.18129969,0.82335085,0.843071,-0.11247355,0.5259098,-0.0027421117,0.97697496,0.21333617
1356448083581,-0.5793968,-0.23111522,0.78159136,0.8149196,-0.14741099,0.56051403,-0.014328122,0.9616942,0.2737499
1356448083618,-0.6029109,-0.26235643,0.7534371,0.797614,-0.17736393,0.5765015,-0.017616272,0.94853103,0.31619388
1356448083661,-0.60339355,-0.27565798,0.748284,0.79727805,-0.18941975,0.57312113,-0.016245663,0.942408,0.33407068
1356448083700,-0.583721,-0.27417052,0.76426446,0.8118597,-0.18272007,0.5545241,-0.012387723,0.944163,0.32924563
1356448083741,-0.5433054,-0.25911266,0.7985486,0.83952075,-0.16211438,0.51857865,-0.004914075,0.95214474,0.30560803
1356448083789,-0.4863494,-0.23222762,0.8423387,0.8737318,-0.13758075,0.466545,0.0075449646,0.96288204,0.26981705
1356448083822,-0.41993076,-0.19679633,0.88596237,0.90720916,-0.11801618,0.40378672,0.025094151,0.97331566,0.2280941
1356448083862,-0.3553459,-0.15761411,0.9213506,0.93356323,-0.10917854,0.34137905,0.046785623,0.98144674,0.1859389
