1356447516841,0.28104702,-0.08750746,0.9556961,-0.9579638,-0.08535001,0.27389887,0.0576005,-0.9925008,-0.10781634
1356447517001,0.7249525,-0.028148979,0.6882235,-0.6862222,-0.11585827,0.7181058,0.05952242,-0.9928669,-0.1033082
1356447517041,0.7262718,-0.024452955,0.6869726,-0.68469524,-0.11442585,0.7197911,0.061006367,-0.99313086,-0.09984709
1356447517081,0.7284535,-0.020449251,0.68479,-0.6822258,-0.11304003,0.7223503,0.06263712,-0.99338,-0.09629542
1356447517121,0.73169553,-0.015338898,0.68145895,-0.6785269,-0.11170232,0.7260329,0.064983994,-0.9936233,-0.09213996
1356447517161,0.73614204,-0.00868538,0.6767714,-0.6733445,-0.11070357,0.7309938,0.068572015,-0.9938155,-0.08734181
1356447517201,0.7423394,5.9962273E-5,0.6700241,-0.665936,-0.11023207,0.7378199,0.07390237,-0.9939059,-0.08178967
1356447517242,0.7504106,0.010930598,0.6608815,-0.656009,-0.10998072,0.74669695,0.0808461,-0.9938736,-0.07536012
1356447517280,0.7601935,0.023520947,0.64927083,-0.6436041,-0.10927586,0.75751746,0.08876711,-0.99373317,-0.067932636
1356447517321,0.7709545,0.03687933,0.6358215,-0.62948155,-0.10770562,0.76951444,0.09686071,-0.99349856,-0.059821278
1356447517361,0.78174245,0.04989037,0.62160254,-0.6147797,-0.10541411,0.7816226,0.104521096,-0.99317616,-0.051735103
1356447517400,0.7914883,0.061366826,0.6080957,-0.6010195,-0.10255441,0.79262733,0.11100395,-0.99283266,-0.04428795
1356447517441,0.79888624,0.069918096,0.5974046,-0.5904,-0.09862681,0.80106217,0.11492884,-0.99266523,-0.037511945
1356447517480,0.80222267,0.07378733,0.59244764,-0.5860043,-0.0924692,0.8050146,0.11418298,-0.99297786,-0.03094121
1356447517522,0.80004776,0.071520925,0.59565794,-0.5903689,-0.08275251,0.8028801,0.106714934,-0.9940004,-0.023982227
1356447517561,0.79151785,0.06276205,0.6079148,-0.6042758,-0.06835903,0.79383737,0.091379344,-0.9956847,-0.016181804
1356447517600,0.7772954,0.049158305,0.6272123,-0.6253153,-0.049333796,0.7788112,0.069227815,-0.9975718,-0.00760749
1356447517641,0.75980526,0.03331256,0.64929676,-0.6487426,-0.026846424,0.76053417,0.04276666,-0.99908435,0.0012132525
1356447517680,0.74198204,0.01758641,0.670189,-0.6702477,-0.0031882972,0.7421306,0.015188187,-0.9998402,0.009421587
1356447517720,0.72627056,0.0033988655,0.6874006,-0.687327,0.019030437,0.7260987,-0.01061365,-0.99981314,0.016157374
1356447517761,0.71441686,-0.008603185,0.69966745,-0.6989727,0.0374379,0.7141678,-0.032338172,-0.9992619,0.020732895
1356447517800,0.7074197,-0.018301815,0.7065567,-0.70511544,0.0505742,0.7072868,-0.04867819,-0.9985526,0.022872299
1356447517840,0.70546776,-0.025886089,0.7082691,-0.70624185,0.058190584,0.70557517,-0.059479177,-0.9979698,0.022769734
1356447517882,0.7085573,-0.031469762,0.70495117,-0.7026417,0.060732827,0.7089472,-0.065124124,-0.9976579,0.020920709
1356447517921,0.71673137,-0.03525132,0.69645786,-0.6940901,0.06038457,0.71735114,-0.06734288,-0.9975526,0.018811926
1356447517961,0.7285248,-0.037139535,0.68401194,-0.68168235,0.059135616,0.72925454,-0.0675337,-0.9975589,0.01776439
1356447518001,0.74322444,-0.03769654,0.66797936,-0.6656345,0.058977365,0.7439437,-0.067439765,-0.99754727,0.018741295
1356447518041,0.7592135,-0.037926257,0.6497357,-0.64727145,0.06042295,0.75986105,-0.068077624,-0.9974521,0.021325335
1356447518081,0.77515566,-0.038373053,0.6306039,-0.627999,0.062099077,0.7757325,-0.06892714,-0.9973321,0.02403821
1356447518120,0.79081064,-0.03841901,0.6108539,-0.6082625,0.061685078,0.7913354,-0.0680829,-0.997356,0.025412373
1356447518161,0.80652064,-0.036397785,0.59008443,-0.58780515,0.05753392,0.8069541,-0.0633212,-0.99767977,0.025007494
1356447518200,0.82238036,-0.030553758,0.56811714,-0.56641257,0.050015263,0.82260287,-0.053548187,-0.9982811,0.023825526
1356447518240,0.8376555,-0.020076483,0.5458299,-0.54477954,0.041287802,0.8375623,-0.039351434,-0.9989456,0.023647696
1356447518280,0.85093486,-0.0056107044,0.52524126,-0.5247813,0.03409785,0.8505539,-0.022681803,-0.99940276,0.026070654
1356447518321,0.8610506,0.011506453,0.50838906,-0.508487,0.030748121,0.8605204,-0.00573045,-0.9994609,0.03232658
1356447518361,0.8677177,0.030353978,0.4961297,-0.4969589,0.03311322,0.8671421,0.009892777,-0.99899054,0.04381761
1356447518400,0.8722059,0.05156225,0.4864136,-0.48856032,0.043481886,0.871446,0.023783565,-0.99772274,0.06311643
1356447518441,0.8772154,0.07729004,0.4738348,-0.4786899,0.06529948,0.87555236,0.036730304,-0.994868,0.09427968
1356447518481,0.8864145,0.10978925,0.44968387,-0.46018624,0.10412136,0.88169575,0.049979,-0.9884863,0.14281818
1356447518520,0.9013717,0.14789051,0.40701035,-0.4283327,0.16618353,0.8882084,0.06371918,-0.97494173,0.21313947
1356447518561,0.91865784,0.18476515,0.34918422,-0.38767463,0.25158322,0.8868,0.076000854,-0.95003563,0.30274767
1356447518600,0.93287057,0.21255247,0.290816,-0.35028517,0.347068,0.8699678,0.083980896,-0.91343594,0.39822352
1356447518641,0.94196576,0.22891685,0.24555565,-0.3240809,0.42922497,0.8430525,0.08759029,-0.87370646,0.4785028
1356447518681,0.947402,0.23659885,0.21552365,-0.30696887,0.48123237,0.82108796,0.09055151,-0.84405947,0.52854896
1356447518720,0.9507993,0.23856965,0.19764945,-0.2947385,0.5000081,0.81432253,0.09544632,-0.8325122,0.545723
1356447518761,0.9523891,0.2362375,0.19273491,-0.28802654,0.48984867,0.8228541,0.099978074,-0.83919007,0.5345692
1356447518800,0.9510765,0.23006615,0.20621103,-0.29253623,0.4558997,0.84058195,0.09937794,-0.8597819,0.5008982
1356447518841,0.9448034,0.21986368,0.24291235,-0.31484845,0.40414476,0.8588,0.09064718,-0.88787776,0.4510611
1356447518881,0.9295672,0.2041221,0.30698365,-0.36136642,0.33978605,0.8683086,0.07293221,-0.9180848,0.38961685
1356447518920,0.9049821,0.18151078,0.38478726,-0.42247406,0.2766146,0.8631338,0.050230324,-0.94368327,0.32701486
1356447518961,0.86959136,0.15126657,0.47003117,-0.49321735,0.22098911,0.8413682,0.023399115,-0.96347404,0.26677752
1356447519000,0.8300114,0.11408016,0.54595494,-0.5577191,0.17944652,0.8104001,-0.0055191815,-0.9771309,0.21256733
1356447519041,0.79749453,0.07379651,0.598796,-0.60237366,0.15314266,0.78338575,-0.03389004,-0.9854448,0.16658351
1356447519081,0.7813894,0.035084754,0.6230567,-0.62125194,0.13806969,0.77135134,-0.058962584,-0.98980093,0.12968266
1356447519121,0.7846658,0.0015633106,0.61991704,-0.6148945,0.12902299,0.7779832,-0.07876733,-0.9916403,0.1022012
1356447519161,0.8025018,-0.024859339,0.59613156,-0.5893314,0.12298176,0.79847604,-0.093162864,-0.99209756,0.084042706
1356447519201,0.8273759,-0.04431066,0.5598979,-0.5521188,0.11869257,0.82527375,-0.10302411,-0.9919418,0.073738635
1356447519240,0.8524082,-0.057949618,0.5196558,-0.51141715,0.11453131,0.85166603,-0.108870596,-0.991728,0.06799099
1356447519281,0.8741539,-0.06650071,0.48107433,-0.47294664,0.10850516,0.87438434,-0.11034621,-0.99186903,0.06339893
1356447519320,0.8921498,-0.06952979,0.44635683,-0.43895215,0.100005835,0.8929277,-0.10672335,-0.9925545,0.058699936
1356447519379,0.9067162,-0.06649743,0.41646582,-0.410217,0.09021032,0.90751535,-0.097916946,-0.9937002,0.054516785
1356447519401,0.91782975,-0.057905212,0.3927282,-0.3877896,0.0807921,0.9182003,-0.08489792,-0.9950475,0.051698353
1356447519441,0.92532426,-0.045029297,0.3764935,-0.37280053,0.07328543,0.92501295,-0.069244176,-0.9962939,0.05102584
1356447519478,0.9296832,-0.028538674,0.3672529,-0.3646741,0.06938186,0.92854667,-0.051980183,-0.9971819,0.054095834
1356447519521,0.93242174,-0.0075922012,0.36129224,-0.3598516,0.0721077,0.930219,-0.03311439,-0.99736804,0.064502716
1356447519561,0.93609774,0.019582108,0.3511945,-0.35152584,0.0869171,0.93213457,-0.012271628,-0.996023,0.088246524
1356447519601,0.94421417,0.05408737,0.32486022,-0.32916018,0.123125136,0.9362125,0.010638803,-0.9909162,0.1340599
1356447519642,0.95613873,0.09125482,0.27833664,-0.29100424,0.187597,0.9381493,0.033395514,-0.97799796,0.2059243
1356447519681,0.9669914,0.12210556,0.22364664,-0.24946284,0.27481693,0.9285709,0.051921785,-0.9537117,0.2962064
1356447519721,0.9731203,0.14205252,0.18126781,-0.22129361,0.35883796,0.906788,0.06376575,-0.9225272,0.3806278
1356447519761,0.97553957,0.15381618,0.15704486,-0.20794497,0.41405472,0.8861814,0.07128387,-0.8971618,0.43591207
1356447519801,0.97598636,0.16108492,0.14663692,-0.20340952,0.4330779,0.87810487,0.077944234,-0.88684565,0.4554443
1356447519841,0.9749646,0.16570619,0.14827493,-0.20591807,0.4211865,0.88328916,0.08391507,-0.8917082,0.44476384
1356447519881,0.9714241,0.16822414,0.1674391,-0.2209119,0.3828529,0.897007,0.08679367,-0.90836346,0.40907526
1356447519920,0.9638706,0.16832796,0.20644417,-0.25255576,0.33115375,0.9091495,0.08467049,-0.92844117,0.36170155
1356447519961,0.9473263,0.16467932,0.274688,-0.3112279,0.27099308,0.91087866,0.07556434,-0.9483899,0.3079717
1356447520000,0.91351795,0.15418912,0.37644476,-0.40258688,0.2098538,0.8910023,0.058384538,-0.9654983,0.25377974
1356447520041,0.85386676,0.13341282,0.50310296,-0.5194495,0.15728891,0.8399002,0.03292097,-0.9784995,0.203605
1356447520080,0.77232873,0.102317005,0.6269286,-0.6352227,0.123468116,0.76239604,6.003976E-4,-0.98705965,0.16035208
1356447520121,0.69219464,0.06665495,0.71862626,-0.7208748,0.1117717,0.6839932,-0.034730554,-0.99149597,0.12541765
1356447520161,0.6363707,0.03327617,0.7706653,-0.76837945,0.11542785,0.6294992,-0.06800887,-0.9927583,0.099023655
1356447520205,0.6124372,0.005894333,0.7904973,-0.7848103,0.12449421,0.60710293,-0.09483388,-0.9922028,0.08087082
1356447520241,0.6144606,-0.01470989,0.7888104,-0.78076047,0.13232693,0.6106575,-0.113363534,-0.9910969,0.0698248
1356447520281,0.63056636,-0.02922061,0.77558506,-0.7661772,0.13612652,0.62804615,-0.12392956,-0.99026036,0.06344865
1356447520320,0.6503472,-0.038757265,0.75864774,-0.74890333,0.13458256,0.6488692,-0.12724912,-0.9901441,0.058499947
1356447520361,0.66776633,-0.04378766,0.7430819,-0.734009,0.12725112,0.6671115,-0.12376922,-0.9909035,0.052833483
1356447520400,0.6805203,-0.04387793,0.73141426,-0.7238219,0.1149157,0.68035007,-0.11390334,-0.9924058,0.046442658
1356447520441,0.6866552,-0.03862652,0.7259563,-0.72023,0.09964977,0.6865411,-0.098860085,-0.9942726,0.04060504
1356447520480,0.6826216,-0.028532714,0.7302148,-0.72631097,0.083752364,0.6822448,-0.08062351,-0.996078,0.036447555
1356447520521,0.6629476,-0.014655381,0.7485223,-0.74612904,0.06930238,0.6621847,-0.06157896,-0.997488,0.03500904
1356447520560,0.6233106,0.003129363,0.78196806,-0.7807694,0.0579824,0.6221231,-0.043393552,-0.9983127,0.038584337
1356447520600,0.5651152,0.0279122,0.8245397,-0.8245857,0.051235437,0.5634123,-0.026519656,-0.9982965,0.051969886
1356447520642,0.5082799,0.06639442,0.85862875,-0.8611293,0.051202267,0.50580084,-0.010381371,-0.9964788,0.08319928
1356447520680,0.4870591,0.12403491,0.8645165,-0.87335443,0.063454,0.48293433,0.0050436556,-0.9902469,0.13923228
1356447520720,0.5312231,0.19790837,0.8237927,-0.84703314,0.10299814,0.52146554,0.018353194,-0.97479427,0.22234993
1356447520760,0.60609376,0.26916912,0.748464,-0.7948961,0.17171487,0.58194005,0.028117865,-0.9476613,0.31803676
1356447520800,0.65667087,0.32334417,0.68134564,-0.7533193,0.23813903,0.61302507,0.035963118,-0.91582656,0.39996037
1356447520841,0.6637572,0.36304128,0.6539323,-0.7466005,0.2691359,0.60840255,0.044878542,-0.8920577,0.44968766
1356447520884,0.6261904,0.39300722,0.67337275,-0.7777731,0.25466374,0.5746436,0.054355472,-0.8835676,0.46513844
1356447520922,0.53581566,0.41028118,0.73795044,-0.8421273,0.19652271,0.5021956,0.061017364,-0.8905325,0.45080897
1356447520962,0.39016628,0.40384233,0.8274549,-0.918661,0.11031914,0.37933064,0.061905682,-0.9081526,0.414037
1356447521002,0.21228874,0.36545315,0.90629876,-0.97559345,0.025985658,0.21804175,0.05613333,-0.9304669,0.36205024
1356447521042,0.049768865,0.30407062,0.95134854,-0.9977828,-0.027004898,0.06082937,0.044187486,-0.9522666,0.3020524
1356447521082,-0.06316888,0.238558,0.9690716,-0.99764484,-0.041099787,-0.05491385,0.02672854,-0.9702581,0.24059239
1356447521122,-0.11860925,0.181721,0.9761707,-0.99293077,-0.02617091,-0.11577374,0.0045087337,-0.98300177,0.1835405
1356447521162,-0.12307894,0.13697436,0.9828986,-0.9921652,0.0044177175,-0.12485498,-0.021444082,-0.99056476,0.13535744
1356447521202,-0.08239329,0.103128284,0.9912497,-0.99542856,0.03969252,-0.08687025,-0.04830399,-0.9938758,0.09938645
1356447521242,-0.006653905,0.077105284,0.9970007,-0.9973037,0.07235396,-0.012251556,-0.07308158,-0.9943941,0.076416016
1356447521272,0.08617565,0.054055065,0.99481237,-0.991915,0.09802213,0.080598354,-0.093156815,-0.99371505,0.062065184
1356447521311,0.1791912,0.03574899,0.98316455,-0.9779371,0.11554262,0.1740371,-0.10737574,-0.992659,0.05566454
1356447521350,0.27280957,0.018997967,0.9618805,-0.95541054,0.12276703,0.2685498,-0.11298531,-0.99225366,0.051642865
1356447521390,0.35601383,0.005426973,0.93446493,-0.92822194,0.11759555,0.35295245,-0.10797346,-0.99304676,0.046903074
1356447521430,0.42607296,-0.0022517145,0.90468603,-0.89988446,0.101866126,0.4240651,-0.09311175,-0.99479556,0.041376084
1356447521470,0.48048794,-0.0029138923,0.8769965,-0.8740876,0.07985638,0.47915956,-0.07143,-0.9968021,0.035823017
1356447521510,0.5158877,0.0022162497,0.85665333,-0.8553957,0.05556047,0.5149865,-0.046454668,-0.9984528,0.030558765
1356447521550,0.5305681,0.011531621,0.84756386,-0.8473902,0.031603754,0.5300294,-0.02067411,-0.999434,0.026539728
1356447521590,0.52611315,0.025114447,0.8500436,-0.8504034,0.010431126,0.5260277,0.004344046,-0.9996301,0.02684541
1356447521630,0.51049566,0.046214253,0.8586376,-0.85942674,-0.0050064623,0.5112344,0.027925044,-0.998919,0.037162006
1356447521670,0.5015011,0.08174515,0.8612864,-0.86368686,-0.010706812,0.5039149,0.050414294,-0.9965957,0.06523278
1356447521710,0.5229769,0.13850465,0.8410182,-0.8492712,9.2855096E-4,0.52795607,0.07234341,-0.9903614,0.11811362
1356447521750,0.5825703,0.21233219,0.78455514,-0.80750686,0.041425705,0.5884016,0.0924359,-0.976319,0.19559315
1356447521790,0.6513933,0.2820741,0.7043585,-0.7510364,0.1077553,0.65140843,0.107847154,-0.95332205,0.28203905
1356447521831,0.6973878,0.33080876,0.6357796,-0.70689,0.1712659,0.68627584,0.1181387,-0.9280267,0.35328418
1356447521880,0.71468854,0.35907277,0.60023916,-0.6880535,0.20668934,0.6956018,0.12570864,-0.91013527,0.3947798
1356447521912,0.70799315,0.37244576,0.6000249,-0.6939053,0.20890146,0.6890977,0.13130547,-0.90423685,0.40634292
1356447521952,0.6771064,0.3730505,0.63431877,-0.7238063,0.18208301,0.665545,0.13278323,-0.9097687,0.39330587
1356447521992,0.6194668,0.359975,0.6976237,-0.7745702,0.1357404,0.6177504,0.12767899,-0.9230344,0.36291257
1356447522032,0.5357686,0.33175197,0.7764616,-0.8364999,0.08332348,0.54159504,0.11497772,-0.9396797,0.3221526
1356447522072,0.4366987,0.29009157,0.85155225,-0.89457375,0.04003218,0.44512388,0.09503713,-0.95616126,0.2769903
1356447522112,0.34040943,0.24096042,0.90887815,-0.93778163,0.01662454,0.34682742,0.068461955,-0.9703926,0.23162742
1356447522152,0.26405865,0.19176772,0.9452504,-0.9638305,0.015772223,0.26604924,0.036110938,-0.9813136,0.18899634
1356447522191,0.21772924,0.14795995,0.96472883,-0.9760089,0.03231314,0.21531919,6.852746E-4,-0.9884653,0.15144578
1356447522231,0.20284149,0.11161849,0.9728292,-0.9786364,0.057154745,0.19749463,-0.033557773,-0.9921062,0.12082729
1356447522271,0.21489811,0.08233333,0.9731598,-0.9746001,0.08239305,0.20824537,-0.063036054,-0.99319315,0.097948164
1356447522311,0.24596524,0.058320224,0.9675225,-0.9655009,0.10278493,0.23925564,-0.08549324,-0.9929924,0.08158979
1356447522350,0.28711417,0.037893564,0.9571465,-0.9527688,0.114546746,0.28126603,-0.09897983,-0.9926948,0.06899184
1356447522391,0.3314108,0.021264106,0.94324696,-0.9380162,0.114928395,0.3269821,-0.10145292,-0.9931462,0.05803454
1356447522449,0.37544063,0.010237515,0.9267899,-0.9221964,0.10416487,0.37242913,-0.0927262,-0.9945073,0.04854873
1356447522471,0.41450542,0.006231785,0.91002554,-0.90695024,0.08525151,0.41252083,-0.0750103,-0.99634,0.04098913
1356447522511,0.44189397,0.008402109,0.8970279,-0.89556223,0.062031657,0.44059086,-0.05194217,-0.99803877,0.03493607
1356447522548,0.4513679,0.014302999,0.8922233,-0.89192855,0.037516773,0.45061734,-0.027028143,-0.99919367,0.0296911
1356447522591,0.4411832,0.02229184,0.89714015,-0.89741427,0.013443351,0.44098392,-0.0022301972,-0.9996611,0.025936007
1356447522630,0.41450435,0.033416748,0.9094336,-0.9097902,-0.008537352,0.41498062,0.02163145,-0.999405,0.026863456
1356447522671,0.38505888,0.05347511,0.9213414,-0.9217706,-0.026915252,0.3868004,0.045482337,-0.9982064,0.038927853
1356447522711,0.37275022,0.09197411,0.9233623,-0.9252448,-0.03883046,0.377378,0.070563614,-0.99500394,0.0706245
1356447522751,0.3971006,0.15673831,0.90429217,-0.9127077,-0.035955995,0.40702826,0.09631163,-0.9869855,0.12877809
1356447522790,0.4577965,0.24229175,0.8554047,-0.8810738,-0.0050073266,0.47295249,0.11887574,-0.9701905,0.21118452
1356447522831,0.5278392,0.32546315,0.7845123,-0.83874154,0.054247648,0.5418208,0.13378474,-0.9439973,0.30161348
1356447522880,0.5782428,0.38419294,0.7197437,-0.8035432,0.11544424,0.58394426,0.14125699,-0.91600674,0.37547046
1356447522912,0.6034528,0.41559815,0.6805314,-0.7840873,0.15397498,0.60124767,0.1450927,-0.8964206,0.41878188
1356447522952,0.6080645,0.42467636,0.67075145,-0.78020686,0.1634922,0.6037777,0.1467475,-0.89046067,0.43074924
1356447522992,0.5954392,0.41510785,0.6878501,-0.7904006,0.14928189,0.59412277,0.1439414,-0.897441,0.4169897
1356447523032,0.5668098,0.38856995,0.72645724,-0.8128607,0.12023559,0.569913,0.13410506,-0.91354084,0.38400394
1356447523072,0.52583873,0.34776834,0.7762414,-0.8425263,0.087637395,0.5314782,0.1168035,-0.9334757,0.33908713
1356447523112,0.4792993,0.29763404,0.8256428,-0.8726984,0.061821103,0.48433006,0.09311095,-0.9526763,0.28937554
1356447523153,0.4350224,0.24412856,0.866693,-0.8981266,0.048996985,0.43699864,0.06421849,-0.9685043,0.24057317
1356447523192,0.39960524,0.19257379,0.89623153,-0.9161527,0.05051437,0.39763355,0.03130123,-0.9799814,0.1966128
1356447523232,0.3778453,0.14703658,0.91411877,-0.92586315,0.063434124,0.37249628,-0.0032157302,-0.9870949,0.16010404
1356447523272,0.37152198,0.10970497,0.9219198,-0.92773104,0.08222929,0.3640788,-0.035867542,-0.99055696,0.13232672
1356447523312,0.37975025,0.08115879,0.9215221,-0.92288387,0.10197663,0.37133032,-0.06383699,-0.99147063,0.113625795
1356447523352,0.399407,0.060696185,0.91476226,-0.9127289,0.119953126,0.3905601,-0.08602309,-0.9909224,0.10330927
1356447523392,0.42517328,0.04639989,0.90392184,-0.8993395,0.13426757,0.41612566,-0.102059156,-0.98985815,0.098816276
1356447523432,0.4513808,0.036249697,0.8915949,-0.88542616,0.14225799,0.44247404,-0.11079696,-0.98916566,0.09630895
1356447523472,0.47439098,0.02985549,0.87980783,-0.87333107,0.14159584,0.46609384,-0.110661685,-0.98947424,0.093245536
1356447523510,0.49249196,0.028260976,0.869858,-0.86439216,0.13230754,0.48509875,-0.101379365,-0.99080575,0.089589
1356447523550,0.5041048,0.032014757,0.8630489,-0.85953534,0.11594017,0.4977517,-0.08412662,-0.99274004,0.085963815
1356447523590,0.5062669,0.039810807,0.86145747,-0.86017287,0.09468317,0.50113636,-0.0616149,-0.9947111,0.08217913
1356447523630,0.4963916,0.049649507,0.86667776,-0.8673276,0.07043624,0.49272865,-0.036581755,-0.9962799,0.07802634
1356447523670,0.47421807,0.06114462,0.8782817,-0.8803402,0.04526037,0.47217867,-0.010880262,-0.99710226,0.075291276
1356447523710,0.44455513,0.07753402,0.8923896,-0.89562505,0.021736532,0.44427836,0.015049219,-0.99675274,0.07910448
1356447523750,0.41948152,0.106176406,0.901533,-0.9067986,0.0032240152,0.42155185,0.041852325,-0.9943421,0.097633034
1356447523791,0.41696757,0.15629557,0.89538246,-0.9062754,-0.0036212802,0.42267236,0.06930423,-0.9877037,0.14013684
1356447523830,0.44599718,0.22814718,0.86546826,-0.8901293,0.011967599,0.45555085,0.09357509,-0.9735531,0.20841803
1356447523880,0.4973916,0.30758518,0.81116766,-0.86058706,0.056914717,0.5061132,0.109505534,-0.9498168,0.29301274
1356447523912,0.5437433,0.3708901,0.7528504,-0.83113265,0.11349672,0.54436845,0.11645475,-0.9217153,0.36997196
1356447523952,0.5704235,0.4084807,0.71257323,-0.8126883,0.1550276,0.5616976,0.11897409,-0.8995054,0.42039883
1356447523992,0.57739216,0.4234514,0.6980739,-0.8075466,0.17014617,0.5647288,0.12036061,-0.8897973,0.44019783
1356447524032,0.5666578,0.42010432,0.70880973,-0.8152558,0.16120619,0.55621076,0.11940211,-0.89304245,0.4338413
1356447524072,0.53828704,0.40061474,0.7414546,-0.83517265,0.13577369,0.53296536,0.11284375,-0.90613097,0.4076677
1356447524112,0.49278402,0.36667597,0.78912145,-0.86455965,0.1036731,0.49171993,0.09849125,-0.9245542,0.36810172
1356447524152,0.43442068,0.3217096,0.84129757,-0.8974366,0.075039834,0.43471417,0.07672089,-0.94386005,0.3213129
1356447524192,0.36941934,0.2699689,0.88918287,-0.9279649,0.056617975,0.36834165,0.04909706,-0.961203,0.2714374
1356447524232,0.3085267,0.21744749,0.926028,-0.95103145,0.051357746,0.3047975,0.018718809,-0.9747199,0.22264466
1356447524270,0.26127246,0.16947553,0.9502709,-0.9651953,0.0577102,0.2550836,-0.011609942,-0.9838433,0.17865503
1356447524311,0.23495394,0.12988898,0.9632889,-0.97118914,0.07200253,0.22717217,-0.039852053,-0.9889108,0.14306411
1356447524351,0.23346767,0.10028696,0.9671792,-0.9702716,0.089255124,0.22495934,-0.06376529,-0.9909471,0.11814371
1356447524391,0.25234014,0.07899979,0.96440834,-0.9642172,0.10426718,0.24374905,-0.08129996,-0.9914068,0.10248378
1356447524430,0.28282413,0.06280357,0.9571135,-0.9548771,0.11275777,0.27476445,-0.09066582,-0.9916358,0.091860294
1356447524470,0.3169313,0.049572557,0.947152,-0.9440838,0.11218405,0.310033,-0.090886205,-0.9924501,0.08235532
1356447524511,0.34952497,0.039600283,0.9360899,-0.93332505,0.10224044,0.3441675,-0.082077175,-0.9939712,0.07269549
1356447524550,0.37720093,0.0342263,0.92549884,-0.9237442,0.085609525,0.37331986,-0.06645414,-0.9957408,0.06390834
1356447524591,0.39662704,0.034074157,0.9173472,-0.9168172,0.06498179,0.39398423,-0.04618618,-0.99730456,0.057013303
1356447524630,0.40352297,0.038314015,0.914167,-0.9146513,0.043242753,0.40192434,-0.024131775,-0.99832964,0.052493393
1356447524670,0.39680272,0.0462434,0.9167383,-0.9179026,0.021688819,0.39621258,-0.0015607476,-0.99869466,0.051053107
1356447524710,0.37880492,0.0593217,0.9235734,-0.92523515,0.001481533,0.3793914,0.021137804,-0.99823785,0.055447698
1356447524750,0.35968488,0.08303136,0.92937213,-0.9320038,-0.015716434,0.36210752,0.044672728,-0.996423,0.07173258
1356447524791,0.35662222,0.12653849,0.92563957,-0.931579,-0.026683867,0.3625583,0.070577204,-0.9916027,0.10836452
1356447524830,0.3836473,0.19564337,0.90251786,-0.9181765,-0.023776084,0.3954576,0.098826945,-0.98038685,0.1705135
1356447524880,0.4421477,0.28523925,0.85037875,-0.88801265,0.0057605803,0.45978293,0.12624946,-0.958439,0.2558431
1356447524912,0.5062251,0.37103668,0.77850366,-0.8496258,0.059764147,0.52398884,0.14789248,-0.9266931,0.34549642
1356447524952,0.5491948,0.43079668,0.71610004,-0.81984097,0.11162174,0.56160605,0.16200572,-0.89551926,0.41448689
1356447524992,0.56397575,0.46025264,0.68563753,-0.808205,0.13719797,0.5726966,0.16951704,-0.8771227,0.44935483
1356447525032,0.5543071,0.46358126,0.6912569,-0.8147133,0.13232276,0.56456447,0.17025244,-0.8761183,0.4510332
1356447525072,0.52478546,0.4443045,0.726081,-0.8354155,0.105145454,0.5394677,0.16334382,-0.8896841,0.4263577
1356447525111,0.4806324,0.40568334,0.7774403,-0.86412555,0.06820366,0.49863327,0.149263,-0.9114654,0.38334227
1356447525151,0.4296962,0.35347193,0.8309144,-0.8935867,0.03411883,0.44759214,0.12986144,-0.9348227,0.33051854
1356447525190,0.3797386,0.29478848,0.8768685,-0.918929,0.010954171,0.39427075,0.106621146,-0.95549965,0.27504945
1356447525230,0.3379742,0.2367293,0.91089666,-0.93772066,0.00208807,0.34738412,0.08033395,-0.9715735,0.22269164
1356447525271,0.30880725,0.184365,0.93308496,-0.94973636,0.0067864656,0.3129772,0.051369697,-0.98283446,0.17719388
1356447525310,0.2953282,0.141072,0.9449233,-0.95515704,0.021485806,0.29531902,0.021358818,-0.9897662,0.14109129
1356447525350,0.2975122,0.108136505,0.9485742,-0.9546877,0.041610032,0.2946862,-0.0076039135,-0.9932649,0.11561608
1356447525390,0.31344166,0.084920585,0.9458027,-0.9490276,0.06281212,0.3088707,-0.03317836,-0.99440587,0.10027996
1356447525430,0.33778322,0.068897605,0.9386989,-0.9396905,0.08159268,0.33215138,-0.053706497,-0.99428153,0.09230304
1356447525470,0.36367282,0.056691468,0.92980003,-0.92905873,0.09468356,0.35760984,-0.06776333,-0.99389184,0.087103546
1356447525511,0.38576406,0.046171606,0.9214414,-0.91964775,0.099044025,0.3800502,-0.07371569,-0.9940113,0.080669284
1356447525558,0.40172735,0.037522197,0.9149903,-0.91325927,0.09019509,0.39726862,-0.0676212,-0.99521697,0.07050136
1356447525588,0.409237,0.032691598,0.9118423,-0.91055965,0.078555375,0.40584493,-0.058362365,-0.99637353,0.061915457
1356447525632,0.41303825,0.032310337,0.9101403,-0.9097259,0.061169565,0.41067863,-0.04240367,-0.99760425,0.05465895
1356447525670,0.40462127,0.03561619,0.91379046,-0.9141946,0.04090455,0.40320593,-0.023017496,-0.99852806,0.04911101
1356447525710,0.38393906,0.0417279,0.922415,-0.9233552,0.019976169,0.3834267,-0.002426654,-0.99892926,0.04619935
1356447525750,0.3535199,0.052185267,0.9339702,-0.93524504,2.9057264E-5,0.35400075,0.018446535,-0.9986374,0.048816323
1356447525791,0.32235214,0.072457075,0.94384277,-0.94575644,-0.01792559,0.32438192,0.04042265,-0.9972105,0.06274834
1356447525830,0.30369663,0.11020315,0.9463739,-0.9506047,-0.031861067,0.30876443,0.06417936,-0.9933982,0.095083594
1356447525880,0.31348735,0.17309245,0.9336834,-0.94551337,-0.034139514,0.32378832,0.087920785,-0.9843137,0.15295891
1356447525912,0.35291213,0.25685552,0.89971006,-0.9296073,-0.012911499,0.36832538,0.10622299,-0.96636355,0.23421814
1356447525952,0.40320605,0.3404966,0.8494039,-0.90787774,0.032381058,0.41798276,0.11481708,-0.939688,0.32218546
1356447525992,0.43961692,0.40076464,0.80381876,-0.89073974,0.079535246,0.44750053,0.11541051,-0.9127222,0.39194205
1356447526032,0.45287174,0.43048167,0.7807642,-0.88448524,0.106699765,0.45420378,0.112219036,-0.89627045,0.42907596
1356447526072,0.44520634,0.43275064,0.78391206,-0.8889989,0.10889846,0.4447719,0.1071085,-0.89491224,0.43319714
1356447526112,0.42142448,0.4122687,0.8077351,-0.90131134,0.09200105,0.42328912,0.10019636,-0.90640515,0.4103539
1356447526152,0.38670433,0.37393135,0.84299177,-0.9176195,0.06498879,0.3921107,0.091837466,-0.9251766,0.36825818
1356447526192,0.34620622,0.32328564,0.88069725,-0.9345593,0.036693066,0.35391036,0.08209866,-0.9455898,0.314833
1356447526232,0.30479282,0.26632792,0.9144237,-0.9498667,0.014765263,0.31230617,0.069674164,-0.9637693,0.25747642
1356447526272,0.26711404,0.2091304,0.940699,-0.9622326,0.004679084,0.27218834,0.05252126,-0.97787654,0.20248199
1356447526312,0.2371532,0.1570606,0.95869195,-0.97101235,0.007963687,0.23889625,0.029886514,-0.9875568,0.15439644
1356447526352,0.21689215,0.11348185,0.9695771,-0.9761909,0.022161037,0.21577784,0.0030000508,-0.9932928,0.11558652
1356447526392,0.20711073,0.08025232,0.9750204,-0.97801256,0.04186794,0.20430028,-0.02442652,-0.9958949,0.08715907
1356447526431,0.20685574,0.05801612,0.97664976,-0.97712404,0.06264296,0.20323497,-0.049389333,-0.9963483,0.069646984
1356447526470,0.21356845,0.04555306,0.9758655,-0.97442245,0.081430554,0.2094515,-0.069924116,-0.9956375,0.061778903
1356447526511,0.22329909,0.04045087,0.97391033,-0.97104555,0.096256495,0.21864432,-0.084900945,-0.9945343,0.06077352
1356447526551,0.23195547,0.04000163,0.9719036,-0.9682715,0.105011165,0.22676662,-0.09298974,-0.9936663,0.063090295
1356447526591,0.23733783,0.04309264,0.9704709,-0.96692955,0.10650194,0.23174265,-0.093370676,-0.9933783,0.06694448
1356447526630,0.2378681,0.049262315,0.9700474,-0.96741486,0.10122481,0.23208201,-0.086759984,-0.99364316,0.07173526
1356447526670,0.23200014,0.057413697,0.9710199,-0.9698535,0.090177566,0.22638956,-0.074566424,-0.9942695,0.07660401
1356447526710,0.21805045,0.06574616,0.97372043,-0.9741883,0.07437083,0.21313372,-0.05840364,-0.99506104,0.08026579
1356447526750,0.19633147,0.073361844,0.9777893,-0.9797456,0.054746658,0.1926167,-0.03939995,-0.99580157,0.082624495
1356447526791,0.17001352,0.08171284,0.98204803,-0.9852805,0.032119244,0.16790059,-0.01782298,-0.9961382,0.08597079
1356447526831,0.14529085,0.0952436,0.984794,-0.9893669,0.0073236823,0.14525717,0.0066224933,-0.9954271,0.09529489
1356447526880,0.13173735,0.12158251,0.9838003,-0.9906876,-0.01829207,0.13492027,0.034399748,-0.9924128,0.11804056
1356447526912,0.14030814,0.17030281,0.9753515,-0.9879907,-0.040305793,0.14916399,0.064715326,-0.98456717,0.16260237
1356447526952,0.17773813,0.246167,0.9527912,-0.97959167,-0.04808575,0.19516125,0.093857914,-0.9680339,0.23259643
1356447526992,0.23617762,0.33645326,0.9116026,-0.96472543,-0.031090915,0.26141572,0.11629677,-0.9411868,0.31724206
1356447527032,0.29457885,0.41435528,0.8611231,-0.9467493,0.0039981008,0.32194665,0.1299575,-0.9101064,0.39346838
1356447527072,0.33650476,0.461378,0.82091105,-0.93151,0.035305083,0.36199844,0.13803577,-0.88650095,0.4416585
1356447527112,0.35951,0.47670728,0.8021862,-0.9220467,0.04930818,0.38392514,0.14346558,-0.8776781,0.4572732
1356447527152,0.3672691,0.4662196,0.8048308,-0.9186664,0.046481848,0.39228988,0.14548323,-0.88344705,0.44537166
1356447527192,0.3634163,0.43538046,0.8236337,-0.9207797,0.0333426,0.38865533,0.14175087,-0.8996289,0.41300678
1356447527232,0.35083827,0.38906682,0.851786,-0.92729115,0.017531246,0.37393007,0.13055089,-0.9210427,0.36692885
1356447527271,0.3325185,0.33281508,0.8824203,-0.9364828,0.0059037507,0.35066396,0.11149663,-0.9429737,0.3136387
1356447527310,0.31141496,0.27255017,0.91035,-0.9464024,0.0025649667,0.32297993,0.08569318,-0.9621382,0.25874084
1356447527350,0.28959087,0.21294245,0.9331627,-0.95557857,0.008469671,0.29461452,0.0548324,-0.977028,0.20593601
1356447527391,0.2691505,0.15776739,0.95008814,-0.96286654,0.022449017,0.26904267,0.021117628,-0.98722106,0.15795109
1356447527430,0.25272116,0.11059433,0.9611976,-0.9674619,0.041438073,0.24960035,-0.012225747,-0.9930014,0.11746812
1356447527470,0.24240255,0.07390362,0.9673568,-0.96924466,0.0621202,0.2381298,-0.0424937,-0.9953287,0.08668879
1356447527511,0.23985037,0.04893881,0.9695756,-0.9684519,0.081627995,0.23545226,-0.06762177,-0.9954606,0.06697339
1356447527550,0.24452773,0.034579664,0.9690255,-0.96579456,0.09762779,0.2402285,-0.08629671,-0.994622,0.057269603
1356447527590,0.25365958,0.027873337,0.9668919,-0.9623647,0.10805246,0.24935699,-0.09752464,-0.9937544,0.054232836
1356447527630,0.26328233,0.025197297,0.9643897,-0.9594554,0.11112055,0.2590319,-0.10063657,-0.9934875,0.05343178
1356447527670,0.2700049,0.024347872,0.96255106,-0.95808315,0.10623786,0.2660643,-0.09578127,-0.99404263,0.052011997
1356447527710,0.2718023,0.024996102,0.9620285,-0.95867425,0.0943588,0.26840296,-0.0840669,-0.9952245,0.04961002
1356447527750,0.26712677,0.027277619,0.9632753,-0.96130264,0.07744029,0.2643868,-0.06738448,-0.9966239,0.04690841
1356447527790,0.25434354,0.030775309,0.96662414,-0.96592355,0.057658523,0.25232348,-0.047968775,-0.99786186,0.044391662
1356447527831,0.23260865,0.0353114,0.9719292,-0.9721716,0.03705874,0.23132029,-0.02785027,-0.99868906,0.0429489
1356447527880,0.20345467,0.042329848,0.9781689,-0.97905093,0.017052174,0.20290023,-0.008091211,-0.9989582,0.044912398
1356447527912,0.17349502,0.05633107,0.9832225,-0.98475754,-0.0025828779,0.1739139,0.012336284,-0.99840885,0.055024296
1356447527952,0.1535849,0.08520356,0.9844552,-0.9874991,-0.022516727,0.15600857,0.03545916,-0.9961091,0.08068016
1356447527992,0.15713644,0.13782275,0.97791255,-0.98563933,-0.04011029,0.16403097,0.061831623,-0.98964435,0.12954077
1356447528032,0.19364548,0.21812785,0.95651543,-0.9770688,-0.045103252,0.20809203,0.0885326,-0.9748774,0.2043919
1356447528072,0.2551964,0.31311458,0.91478634,-0.9606193,-0.025465012,0.27669847,0.109933406,-0.94937384,0.29428536
1356447528112,0.31592405,0.39458475,0.8628411,-0.94080865,0.012613356,0.3387031,0.12276381,-0.9187729,0.37521368
1356447528152,0.35478652,0.44342482,0.8231045,-0.9260454,0.045467377,0.37466332,0.1287106,-0.8951576,0.4267627
1356447528192,0.3681535,0.45915937,0.8084773,-0.9206097,0.058293402,0.3861082,0.13015631,-0.8864392,0.44416752
1356447528232,0.35859358,0.4466031,0.81972945,-0.9248352,0.050642014,0.37698174,0.12684849,-0.8932978,0.43119416
1356447528272,0.33222955,0.4123072,0.84830785,-0.93579787,0.031643927,0.35111386,0.11792299,-0.9104951,0.39634928
1356447528310,0.29481816,0.36303592,0.8839045,-0.9499558,0.011374891,0.31217715,0.10327715,-0.9317057,0.3482216
1356447528350,0.25165373,0.30528358,0.91840756,-0.9642625,-0.0021712184,0.26494017,0.08287588,-0.95225906,0.29382703
1356447528391,0.20911753,0.24606559,0.9464257,-0.9762548,-0.0034216046,0.21659803,0.05653563,-0.9692471,0.23950723
1356447528430,0.17353642,0.19195238,0.96593964,-0.9845134,0.0090433955,0.17507622,0.024870902,-0.9813626,0.19054908
1356447528470,0.14823711,0.14650625,0.97803974,-0.98889273,0.032773733,0.14497274,-0.010814577,-0.9886667,0.14973727
1356447528511,0.13467598,0.110652566,0.98469204,-0.9897392,0.062895715,0.12829855,-0.047736347,-0.99186707,0.11798769
1356447528569,0.13226926,0.08347675,0.9876925,-0.9877695,0.09409714,0.124326766,-0.08256066,-0.99205714,0.09490195
1356447528591,0.13899463,0.063329756,0.9882661,-0.9838074,0.122858465,0.1304946,-0.11315265,-0.9904015,0.07938102
1356447528631,0.15241754,0.04817784,0.98714125,-0.97865283,0.14668882,0.14394772,-0.13786748,-0.98800874,0.06950739
1356447528668,0.16909161,0.035850346,0.98494816,-0.97337586,0.16298106,0.16117272,-0.15474978,-0.98597765,0.06245455
1356447528711,0.1855619,0.024928242,0.9823163,-0.9692917,0.1688134,0.1788176,-0.16137058,-0.9853327,0.05548808
1356447528750,0.20031378,0.015758842,0.9796051,-0.96713364,0.16301045,0.1951412,-0.15661073,-0.9864985,0.04789409
1356447528790,0.21294051,0.009891391,0.97701514,-0.9668316,0.14647871,0.20923811,-0.14104226,-0.9891644,0.040754586
1356447528830,0.22260371,0.008404821,0.9748728,-0.9678322,0.122172564,0.21994275,-0.11725417,-0.9924733,0.035330474
1356447528881,0.22741589,0.011230379,0.97373295,-0.9697869,0.09327379,0.22541851,-0.08829221,-0.99557716,0.032103002
1356447528912,0.22568884,0.017973036,0.9740336,-0.97252595,0.06273517,0.22418195,-0.0570769,-0.99786836,0.031637877
1356447528952,0.21884152,0.029817104,0.9753047,-0.97542965,0.032707423,0.21786964,-0.02540347,-0.9990201,0.036242276
1356447528992,0.21332273,0.051159024,0.9756415,-0.976962,0.0048065484,0.2133595,0.006225735,-0.99867904,0.05100578
1356447529032,0.2225689,0.090210944,0.9707343,-0.97415376,-0.018813998,0.22510132,0.038569987,-0.99574494,0.083691895
1356447529072,0.26098478,0.15496734,0.9528233,-0.9627154,-0.030993342,0.26873505,0.07117632,-0.9874333,0.14110065
1356447529111,0.329927,0.24212205,0.91242814,-0.93866146,-0.018567532,0.3443399,0.10031381,-0.97006816,0.2211447
1356447529151,0.4056312,0.32851985,0.85295844,-0.9059181,0.020394593,0.42296156,0.12155554,-0.9442768,0.30588475
1356447529191,0.46033576,0.39029393,0.7973466,-0.87752116,0.06413564,0.4752295,0.13434088,-0.9184537,0.37201518
1356447529231,0.48493037,0.42113692,0.7664765,-0.863126,0.08925226,0.49703884,0.14091164,-0.90259504,0.40677533
1356447529270,0.48247558,0.4248957,0.76595104,-0.8643721,0.08949798,0.49482417,0.14169762,-0.90080726,0.41044855
1356447529311,0.4576236,0.40561312,0.79123867,-0.8787412,0.07057738,0.47205168,0.13562676,-0.911316,0.3887268
1356447529350,0.41841927,0.36908418,0.82988083,-0.89988106,0.04468313,0.4338403,0.12304193,-0.92832124,0.35082817
1356447529390,0.3713297,0.32086408,0.87129813,-0.92258286,0.02172175,0.38518697,0.10466653,-0.9468761,0.30408967
1356447529430,0.3249124,0.26793927,0.9069954,-0.94223183,0.0091329515,0.33483714,0.08143243,-0.96339256,0.25542828
1356447529470,0.28567284,0.21643943,0.93356574,-0.95681924,0.009789884,0.29051873,0.053740174,-0.97624695,0.2098901
1356447529511,0.25761542,0.17051625,0.9510828,-0.9659958,0.022982448,0.25753444,0.022055566,-0.98508686,0.17063859
1356447529550,0.24249104,0.13218796,0.96110594,-0.97008514,0.044816107,0.23859268,-0.011534005,-0.99021107,0.13910097
1356447529590,0.23912829,0.101468354,0.96567166,-0.9699836,0.07018775,0.23282102,-0.044154376,-0.99235976,0.11520648
1356447529630,0.24629572,0.07765943,0.9660784,-0.96646756,0.09440437,0.23880619,-0.07265651,-0.99250036,0.098306656
1356447529670,0.26184312,0.05958706,0.96326923,-0.96039134,0.1146687,0.25396758,-0.09532368,-0.9916151,0.08725208
1356447529710,0.28221312,0.045296073,0.9582819,-0.9528471,0.12935647,0.2744982,-0.11152628,-0.99056304,0.07966629
1356447529750,0.30297542,0.03267467,0.9524381,-0.945388,0.1363563,0.29605493,-0.120197445,-0.9901209,0.07220286
1356447529790,0.32121274,0.021026313,0.9467736,-0.9393965,0.13356695,0.3157436,-0.11981875,-0.9908167,0.06265545
1356447529830,0.33652225,0.011740297,0.94160235,-0.93524456,0.12082836,0.33274353,-0.109865874,-0.992604,0.051641405
1356447529880,0.3490865,0.006880611,0.93706524,-0.9326266,0.100039214,0.34669843,-0.09135774,-0.9949597,0.041339427
1356447529912,0.35740793,0.007363081,0.9339193,-0.931548,0.07445741,0.35591337,-0.066916555,-0.9971969,0.03347075
1356447529952,0.35899842,0.012826681,0.93325,-0.9325082,0.047088265,0.35806587,-0.039352298,-0.9988084,0.028865606
1356447529992,0.35176665,0.02266407,0.9358133,-0.93601835,0.020687938,0.35134265,-0.011397183,-0.999529,0.028491288
1356447530032,0.33815682,0.03814745,0.94031626,-0.9409606,-0.0028480291,0.3385041,0.015591145,-0.99926805,0.034932166
1356447530072,0.32749856,0.064281285,0.9426625,-0.9439258,-0.02189827,0.32943076,0.041818887,-0.9976916,0.053505063
1356447530112,0.33667397,0.10938594,0.9352461,-0.9391477,-0.032936573,0.3419307,0.06820619,-0.99345344,0.09164068
1356447530150,0.38140768,0.17893401,0.9069238,-0.91963756,-0.026085198,0.39190096,0.09378168,-0.9835152,0.15460536
1356447530190,0.461016,0.26587588,0.8466252,-0.8799941,0.014040589,0.47477716,0.114344686,-0.96390504,0.24044211
1356447530230,0.5448198,0.34526056,0.7641771,-0.82904977,0.08496791,0.5526817,0.12588862,-0.9346527,0.33253038
1356447530270,0.60259265,0.3976863,0.69190145,-0.7873662,0.15488333,0.59671223,0.13014033,-0.90435433,0.40645635
1356447530311,0.62915635,0.42361426,0.65170026,-0.7659887,0.195523,0.6123986,0.13199839,-0.88448954,0.44749826
1356447530351,0.6304079,0.42979962,0.6464195,-0.764782,0.20118311,0.6120733,0.13302022,-0.8802259,0.45553043
1356447530390,0.6093229,0.41962296,0.6727869,-0.7820348,0.17790854,0.59730244,0.13094723,-0.89009285,0.4365635
1356447530430,0.5668627,0.39361382,0.7236953,-0.81452,0.13621816,0.5639165,0.12338483,-0.90912753,0.39782327
1356447530470,0.50635964,0.3526619,0.78691137,-0.8553217,0.089359105,0.510333,0.10965729,-0.9314744,0.34688723
1356447530511,0.43632317,0.30063903,0.8480792,-0.8952476,0.050460756,0.44270256,0.09029892,-0.95240223,0.2911635
1356447530550,0.37023857,0.2449775,0.8960521,-0.92656016,0.028434545,0.37507024,0.06640503,-0.9691117,0.23751403
1356447530590,0.3192935,0.19301707,0.927791,-0.9468704,0.025124907,0.32063258,0.03857687,-0.9808737,0.19078434
1356447530630,0.29152638,0.15000504,0.94472796,-0.95652777,0.037258446,0.2892517,0.008190095,-0.987983,0.15434575
1356447530670,0.28830287,0.11767408,0.9502812,-0.957283,0.05837968,0.28319797,-0.022152066,-0.9913348,0.1294784
1356447530710,0.30633706,0.09531635,0.947139,-0.9506504,0.08206618,0.2992139,-0.049208075,-0.9920584,0.11575243
1356447530750,0.33990923,0.08126429,0.93694067,-0.93779933,0.104150325,0.33118737,-0.070668966,-0.991236,0.11161128
1356447530790,0.38090977,0.07288349,0.92173517,-0.9206302,0.12231544,0.37078142,-0.08571863,-0.98981154,0.11368987
1356447530831,0.41993394,0.0669229,0.90508384,-0.9026593,0.13424137,0.40888306,-0.094136,-0.9886862,0.116781145
1356447530879,0.4502462,0.061386645,0.89079183,-0.88778895,0.13741344,0.43925893,-0.095442176,-0.9886098,0.116368234
1356447530912,0.4699595,0.056878686,0.8808535,-0.87819123,0.1307298,0.46009758,-0.08898401,-0.9897851,0.11138812
