1356447146142,-0.04344745,-0.6105199,0.7908084,0.18716165,0.7725677,0.60672045,-0.9813679,0.17436944,0.0806998
1356447146181,0.11757916,0.21281335,0.9699925,0.15198892,0.96140355,-0.2293525,-0.98136353,0.1743952,0.08069575
1356447146222,0.11752197,0.2128995,0.96998054,0.15219375,0.9613492,-0.22944465,-0.9813387,0.17458978,0.08057767
1356447146260,0.11710161,0.21348867,0.9699019,0.15293676,0.9610949,-0.23001501,-0.9812734,0.17526877,0.0798955
1356447146301,0.115774244,0.21529466,0.96966213,0.15464526,0.9604152,-0.23170567,-0.9811632,0.17677921,0.07789707
1356447146341,0.11315805,0.21880949,0.969184,0.15752614,0.95916075,-0.23493868,-0.98101,0.179257,0.07406855
1356447146380,0.109312266,0.22391799,0.96845835,0.16151884,0.957347,-0.23957993,-0.9807969,0.1826133,0.068482816
1356447146421,0.10459024,0.23010576,0.96752894,0.16639185,0.9551028,-0.24513747,-0.9804971,0.18662791,0.061606705
1356447146461,0.09934136,0.23682518,0.9664601,0.1718904,0.9525789,-0.2510921,-0.98009443,0.19106905,0.053922534
1356447146502,0.09374538,0.24378282,0.9652884,0.17779377,0.94987357,-0.25715652,-0.9795923,0.19572948,0.045703173
1356447146541,0.08816135,0.2507922,0.964018,0.18348701,0.94713694,-0.2631808,-0.97906077,0.20008716,0.03748375
1356447146580,0.082327574,0.2580707,0.9626119,0.18870756,0.94438076,-0.26932228,-0.9785763,0.2038248,0.029048681
1356447146631,0.0749746,0.26670343,0.960858,0.19347201,0.9413697,-0.2763905,-0.9782369,0.20662141,0.018979192
1356447146673,0.067750275,0.27621344,0.95870537,0.19702575,0.938286,-0.2842539,-0.9780546,0.20814794,0.009148002
1356447146723,0.058886856,0.286589,0.95624214,0.19913146,0.93528056,-0.29256955,-0.9782019,0.2076464,-0.0019931197
1356447146752,0.0484868,0.29773024,0.95341796,0.19985116,0.93234634,-0.30131367,-0.97862583,0.20515142,-0.01429522
1356447146793,0.033305347,0.31133926,0.94971496,0.19863261,0.9292245,-0.31158778,-0.97950786,0.19902192,-0.030893981
1356447146831,0.013951033,0.32683665,0.9449778,0.19616717,0.9258094,-0.32310295,-0.9804712,0.18988127,-0.0511986
1356447146873,-0.010164797,0.3444628,0.93874484,0.19330508,0.92176163,-0.33613783,-0.98108596,0.17804736,-0.07595593
1356447146911,-0.034439325,0.36073297,0.93203306,0.19195944,0.9176097,-0.3480575,-0.98079836,0.16692571,-0.10084796
1356447146953,-0.057325095,0.37443677,0.9254788,0.19338414,0.9136106,-0.35765666,-0.979447,0.15847021,-0.12478292
1356447146991,-0.0782069,0.38417512,0.91994196,0.1975357,0.9104442,-0.36341575,-0.9771711,0.15329978,-0.14709133
1356447147061,-0.09838185,0.39002308,0.9155342,0.2034218,0.9084531,-0.3651471,-0.9741357,0.15031576,-0.16871452
1356447147074,-0.1205115,0.39291108,0.9116457,0.21009867,0.90763074,-0.3634075,-0.97022444,0.14774074,-0.19193006
1356447147113,-0.14615431,0.39271355,0.907973,0.2167055,0.90824616,-0.35794914,-0.96523446,0.14444692,-0.21784729
1356447147155,-0.1786159,0.39222717,0.9023603,0.22443147,0.9091729,-0.3507637,-0.95798063,0.13986605,-0.25042087
1356447147193,-0.21666479,0.38803825,0.895814,0.23239043,0.91173375,-0.3387274,-0.948183,0.1347883,-0.28771698
1356447147233,-0.26140547,0.38347834,0.885783,0.24190013,0.9144331,-0.32449406,-0.9344258,0.12944652,-0.3318013
1356447147272,-0.31224084,0.37658933,0.87217325,0.25203368,0.91801363,-0.30615354,-0.9159611,0.1242234,-0.38155454
1356447147313,-0.3667311,0.36718115,0.85480183,0.26194522,0.92239976,-0.2838369,-0.8926886,0.11981942,-0.43445402
1356447147353,-0.42121392,0.35509148,0.8345591,0.27058992,0.9274648,-0.25805074,-0.8656558,0.11712866,-0.48674524
1356447147393,-0.47176075,0.34057537,0.8132959,0.2764773,0.9330096,-0.23033309,-0.83725864,0.11619574,-0.5343187
1356447147433,-0.5138053,0.3229321,0.7948075,0.27694944,0.9392832,-0.20259823,-0.8119748,0.11602543,-0.5720446
1356447147474,-0.54221976,0.29949465,0.78504825,0.26926002,0.9469793,-0.17529769,-0.79592514,0.11633222,-0.59411275
1356447147514,-0.5528547,0.2673132,0.7892371,0.25292692,0.95629525,-0.14672206,-0.79396445,0.11850332,-0.59630305
1356447147553,-0.5474072,0.2275586,0.8053337,0.23122914,0.9659855,-0.11578033,-0.8042875,0.122837625,-0.58140564
1356447147593,-0.5239711,0.17923822,0.8326631,0.20527215,0.9753652,-0.0807842,-0.8266303,0.12859397,-0.5478558
1356447147632,-0.4885687,0.13057053,0.8627004,0.18022871,0.98251855,-0.046637103,-0.85370857,0.13269795,-0.5035603
1356447147673,-0.44178373,0.08241301,0.89332825,0.15550455,0.9877328,-0.014219467,-0.8835415,0.13263468,-0.4491799
1356447147713,-0.38699925,0.040727712,0.9211802,0.1323233,0.9911367,0.011769991,-0.9125362,0.12644856,-0.3889584
1356447147755,-0.32939243,0.010703456,0.94413245,0.11090544,0.9934523,0.027430512,-0.937657,0.11374482,-0.32842278
1356447147797,-0.27293396,-0.0055158846,0.96201694,0.08926663,0.99552417,0.031033855,-0.9578823,0.094346195,-0.27121997
1356447147835,-0.2236883,-0.0011401474,0.97466004,0.07066812,0.99734837,0.0173853,-0.9720954,0.07276629,-0.2230146
1356447147876,-0.1851027,0.018788144,0.98253965,0.052137814,0.99859685,-0.009272838,-0.98133516,0.049511038,-0.18582255
1356447147915,-0.15711841,0.05814379,0.98586667,0.036793757,0.99791694,-0.052990627,-0.98689413,0.027947936,-0.15893042
1356447147954,-0.13805407,0.10874384,0.9844368,0.025122069,0.9940189,-0.10627927,-0.99010605,0.010058802,-0.13996023
1356447147995,-0.123422235,0.16699341,0.9782025,0.018380046,0.98595476,-0.16599777,-0.992184,-0.0025084093,-0.124758124
1356447148071,-0.10933462,0.22745645,0.96763086,0.014712319,0.97373044,-0.22722788,-0.9938961,-0.010607779,-0.10980886
1356447148073,-0.09379956,0.28654167,0.95346504,0.010739982,0.9579229,-0.28682482,-0.99553317,-0.016663834,-0.0929302
1356447148112,-0.07718986,0.34428138,0.935688,0.005818844,0.93862766,-0.34488297,-0.9969994,-0.021176845,-0.07445586
1356447148158,-0.058203727,0.3960359,0.9163885,0.0018735975,0.9179864,-0.39660746,-0.99830294,-0.021367058,-0.054172277
1356447148194,-0.038547333,0.44299138,0.8956967,0.0018635839,0.8963933,-0.44325566,-0.999255,-0.015417144,-0.03537911
1356447148237,-0.017933842,0.47936475,0.8774325,0.008567229,0.8776151,-0.4792894,-0.99980253,-0.0010783225,-0.019845843
1356447148291,-4.1911006E-4,0.5062256,0.862401,0.019602448,0.8622396,-0.5061213,-0.9998077,0.016693026,-0.010284603
1356447148315,0.012337625,0.52151054,0.8531557,0.03597255,0.8524368,-0.5215913,-0.9992767,0.037125394,-0.008243024
1356447148352,0.01897442,0.5206756,0.85354376,0.055457294,0.8518351,-0.5208661,-0.99828076,0.057218358,-0.012712181
1356447148388,0.01720956,0.5064566,0.8620937,0.07867199,0.8588623,-0.5061287,-0.996752,0.076532885,-0.025063336
1356447148431,0.0027129985,0.4807176,0.87687135,0.10633357,0.8717644,-0.47824687,-0.99432683,0.094538376,-0.048751295
1356447148472,-0.029411497,0.4505648,0.8922591,0.13796796,0.88593113,-0.4428215,-0.9899999,0.110079125,-0.08822006
1356447148517,-0.085989505,0.43583423,0.8959098,0.17502575,0.8918638,-0.417067,-0.9808016,0.12094389,-0.15297312
1356447148555,-0.1617266,0.43753365,0.88453877,0.21488938,0.89044344,-0.4011646,-0.9631548,0.125199,-0.23802972
1356447148598,-0.24967211,0.46936834,0.8469695,0.26208472,0.87477875,-0.4075215,-0.93218863,0.12023103,-0.34142214
1356447148636,-0.32963687,0.50476193,0.79784393,0.30875885,0.8562441,-0.41414258,-0.8921926,0.10982475,-0.43809932
1356447148676,-0.38812876,0.5264549,0.75643986,0.3436045,0.8442675,-0.41127655,-0.8551561,0.100287944,-0.50857675
1356447148715,-0.42326993,0.5220473,0.740479,0.35695043,0.8472864,-0.3933092,-0.83272386,0.09783834,-0.5449759
1356447148755,-0.43749398,0.48746943,0.7556273,0.34656173,0.86680204,-0.35853767,-0.8297554,0.105013445,-0.5481589
1356447148795,-0.43561086,0.43013588,0.79071254,0.31925187,0.8951596,-0.31107476,-0.84161836,0.11692891,-0.5272629
1356447148834,-0.4183714,0.3522895,0.8371722,0.27917826,0.92697287,-0.25056082,-0.8643059,0.1288928,-0.48617053
1356447148875,-0.38691097,0.26217362,0.88406163,0.23443134,0.9551965,-0.18066984,-0.8918194,0.13734862,-0.43103772
1356447148914,-0.34428272,0.17141548,0.9230851,0.19322401,0.9750807,-0.10900429,-0.9187676,0.14083391,-0.36882508
1356447148954,-0.29564288,0.09334372,0.9507272,0.16046499,0.98592657,-0.046900652,-0.94172513,0.13869259,-0.30646062
1356447148994,-0.24619865,0.037670363,0.968487,0.13553944,0.99076355,-0.004081413,-0.95969534,0.13026336,-0.24903047
1356447149069,-0.19990724,0.010702513,0.97975636,0.115417965,0.9932358,0.012699857,-0.97299314,0.115620285,-0.1997903
1356447149073,-0.15933445,0.015927583,0.9870962,0.097406514,0.9952446,-3.359653E-4,-0.98240757,0.09609607,-0.16012818
1356447149114,-0.12602681,0.055216514,0.99048907,0.08057658,0.9957205,-0.045255836,-0.9887491,0.07410675,-0.12993664
1356447149154,-0.100357294,0.12844035,0.9866263,0.06641833,0.9902855,-0.1221608,-0.9927321,0.053270347,-0.10791314
1356447149196,-0.08306086,0.22535916,0.9707287,0.05377762,0.97368896,-0.22144488,-0.99509245,0.03381007,-0.09299469
1356447149235,-0.07241827,0.34088668,0.93731105,0.043079168,0.93997055,-0.33852553,-0.9964436,0.015863135,-0.08275616
1356447149274,-0.06668541,0.4520728,0.88948476,0.033309326,0.8919809,-0.45084417,-0.9972179,-4.3661892E-4,-0.07454038
1356447149316,-0.06156767,0.5478463,0.8343104,0.026477367,0.8364985,-0.5473292,-0.9977517,-0.011607438,-0.06600678
1356447149354,-0.053577125,0.61927766,0.78334206,0.024126053,0.7850425,-0.6189719,-0.99827224,-0.014263749,-0.057001054
1356447149394,-0.04175449,0.66616887,0.74463123,0.027363181,0.7457641,-0.665648,-0.99875313,-0.0074183345,-0.049367487
1356447149434,-0.027093813,0.69126934,0.72208905,0.036209106,0.72255886,-0.6903605,-0.99897695,0.0074416995,-0.044607103
1356447149476,-0.011342496,0.6966008,0.71736926,0.050123096,0.71690965,-0.695362,-0.9986786,0.028069645,-0.04304737
1356447149515,0.0020116344,0.6832861,0.730148,0.06744844,0.72839403,-0.6818305,-0.9977208,0.050618947,-0.04462135
1356447149556,0.009389199,0.65486926,0.7556839,0.09074557,0.7520409,-0.6528398,-0.9958298,0.07470465,-0.052365422
1356447149595,0.0052894354,0.6109044,0.7916867,0.11962582,0.78562593,-0.6070268,-0.99280494,0.09791702,-0.06892443
1356447149637,-0.01869655,0.57472634,0.8181321,0.15883937,0.8095904,-0.56509596,-0.98712736,0.11938624,-0.1064257
1356447149675,-0.0631457,0.54540735,0.8357892,0.20184787,0.82713264,-0.52450836,-0.9773792,0.13558179,-0.16231918
1356447149714,-0.12562153,0.54797727,0.82700676,0.24931256,0.82429576,-0.5083107,-0.9602409,0.14232841,-0.2401669
1356447149757,-0.1928103,0.5657387,0.80172557,0.29551286,0.81260204,-0.5023445,-0.9356796,0.14006302,-0.32386112
1356447149793,-0.24853164,0.57539403,0.7792006,0.3299911,0.8066153,-0.49038512,-0.9106799,0.13525306,-0.39034438
1356447149834,-0.28578317,0.5619844,0.77620965,0.34477118,0.8160497,-0.46389192,-0.89412576,0.13504218,-0.4269693
1356447149875,-0.3053319,0.52156234,0.79670894,0.33903885,0.84137946,-0.42087203,-0.8898456,0.14160962,-0.4337299
1356447149914,-0.30952668,0.45655712,0.8341156,0.31657192,0.87663114,-0.3623535,-0.89664686,0.1518995,-0.4158739
1356447149953,-0.30085477,0.3753505,0.8766974,0.28378746,0.91287947,-0.29345468,-0.9104675,0.16050848,-0.38116395
1356447149995,-0.28090996,0.2870389,0.91580474,0.2456058,0.94395256,-0.22052516,-0.9277755,0.16297923,-0.3356641
1356447150062,-0.25279987,0.20619877,0.9452906,0.20804258,0.9657563,-0.15502599,-0.9448865,0.15747014,-0.2870412
1356447150074,-0.21824917,0.13874574,0.96597975,0.16962661,0.98016787,-0.1024589,-0.96103805,0.1414943,-0.23745579
1356447150110,-0.18176281,0.10485116,0.9777364,0.13853931,0.9871122,-0.08010191,-0.9735343,0.120895386,-0.1939463
1356447150150,-0.14863646,0.09741804,0.98408175,0.10910231,0.9906762,-0.081591964,-0.98285496,0.095238045,-0.15787917
1356447150192,-0.12126127,0.12992622,0.98408085,0.0835084,0.9892173,-0.12031423,-0.9891017,0.06758956,-0.13080364
1356447150234,-0.10261467,0.2034043,0.97370267,0.06275789,0.97824365,-0.1977391,-0.99273944,0.04081659,-0.11314738
1356447150276,-0.09329432,0.31054026,0.9459709,0.04769817,0.9504178,-0.30729598,-0.9944954,0.016452089,-0.103480816
1356447150313,-0.08990291,0.43226838,0.89725226,0.038597777,0.9017358,-0.430561,-0.99520236,-0.004076764,-0.09775329
1356447150357,-0.08718935,0.54116356,0.83638513,0.033861548,0.8407073,-0.5404301,-0.9956161,-0.01879841,-0.09162533
1356447150395,-0.0807372,0.6246215,0.7767428,0.03236729,0.7805189,-0.6242937,-0.99620974,-0.025262684,-0.08323419
1356447150436,-0.06773688,0.67474014,0.7349404,0.033175588,0.73774827,-0.67426026,-0.9971515,-0.021290183,-0.072357655
1356447150475,-0.051486835,0.6995447,0.7127315,0.03591025,0.7145134,-0.69869953,-0.9980278,-0.010379493,-0.06190884
1356447150517,-0.031778872,0.6987258,0.7146834,0.04193318,0.715347,-0.69751006,-0.9986149,0.007802844,-0.05203271
1356447150555,-0.013699114,0.67224306,0.74020386,0.05008799,0.7398052,-0.6709541,-0.9986509,0.027883887,-0.043806016
1356447150594,7.792711E-4,0.62401795,0.78140956,0.063115805,0.77982116,-0.62281245,-0.9980059,0.049804628,-0.03877771
1356447150636,0.005171422,0.55205977,0.83378845,0.08337177,0.8306587,-0.55050457,-0.9965051,0.07236132,-0.041730523
1356447150673,-0.008511428,0.46848026,0.883433,0.11077288,0.8784692,-0.4647808,-0.99380934,0.09390451,-0.05937195
1356447150714,-0.0475021,0.40301478,0.9139599,0.14328551,0.9082791,-0.3930627,-0.9885408,0.11228591,-0.10089135
1356447150754,-0.11270338,0.3765821,0.91950196,0.17839831,0.9180295,-0.35411274,-0.9774825,0.12412788,-0.17064667
1356447150793,-0.19285655,0.3869851,0.9016923,0.21500543,0.91327786,-0.3459714,-0.95738137,0.12714589,-0.25933552
1356447150833,-0.26817343,0.4039055,0.87461036,0.24661571,0.90639627,-0.34296718,-0.93126994,0.12371797,-0.3426808
1356447150875,-0.324556,0.39441174,0.8597109,0.2602777,0.9110651,-0.31971222,-0.9093508,0.11999905,-0.3983482
1356447150914,-0.35966575,0.34504375,0.86694026,0.24901947,0.93091166,-0.2671943,-0.89923847,0.11978436,-0.42073965
1356447150956,-0.37289238,0.25072953,0.8933565,0.2119596,0.9603593,-0.18106131,-0.90334064,0.1218391,-0.41125518
1356447150994,-0.3678075,0.13306439,0.92033225,0.16288695,0.98362625,-0.07711843,-0.91552466,0.121545374,-0.38345957
1356447151071,-0.34408218,-9.2461705E-5,0.9389395,0.108203,0.9933338,0.039749708,-0.932684,0.11527324,-0.34177846
1356447151074,-0.30501994,-0.12884393,0.94359,0.05860164,0.98638904,0.15363127,-0.9505412,0.10215653,-0.29331785
1356447151112,-0.2578599,-0.23431703,0.9373387,0.021194212,0.96854156,0.24794766,-0.9659499,0.0838019,-0.24478185
1356447151153,-0.20972663,-0.30777842,0.9280556,-0.00380902,0.9494149,0.3140012,-0.9777526,0.062319443,-0.20028996
1356447151194,-0.16573685,-0.34598595,0.9234853,-0.019447625,0.93740076,0.34770918,-0.98597825,0.03966865,-0.16209042
1356447151233,-0.1293137,-0.3465579,0.9290724,-0.029126912,0.93786246,0.34578264,-0.9911758,0.017653435,-0.13137263
1356447151292,-0.10259396,-0.30659455,0.9462951,-0.035351083,0.95183766,0.30455768,-0.994095,-0.0022067875,-0.10849124
1356447151326,-0.086111516,-0.22546309,0.9704388,-0.041247584,0.97402847,0.22263701,-0.99543136,-0.020856664,-0.093174875
1356447151358,-0.07946658,-0.07554764,0.99397063,-0.04093314,0.9965303,0.072469644,-0.9959967,-0.034927428,-0.08228326
1356447151389,-0.07663685,0.07799303,0.99400395,-0.03809195,0.995979,-0.081084855,-0.99633116,-0.044077642,-0.07335782
1356447151431,-0.07223317,0.20322433,0.97646415,-0.032036223,0.97804374,-0.20592292,-0.99687314,-0.04615669,-0.064136624
1356447151472,-0.06434584,0.28999186,0.9548636,-0.023206204,0.95615286,-0.29194725,-0.99765784,-0.040944323,-0.054794848
1356447151516,-0.053058747,0.32998556,0.9424937,-0.0121077895,0.94354117,-0.33103395,-0.998518,-0.028975755,-0.046067715
1356447151554,-0.040638715,0.32162338,0.9459952,1.3495982E-4,0.946779,-0.3218841,-0.9991739,-0.012953281,-0.038519323
1356447151594,-0.029690653,0.2711618,0.9620758,0.014598206,0.9625151,-0.27083513,-0.9994526,0.00600332,-0.03253615
1356447151634,-0.02481699,0.18510765,0.9824048,0.031170778,0.982373,-0.18431422,-0.99920595,0.026048206,-0.03014946
1356447151675,-0.03219834,0.086007744,0.99577403,0.04912521,0.9952226,-0.084371656,-0.9982735,0.046200976,-0.036269665
1356447151714,-0.056628138,-0.0072142556,0.9983692,0.06433979,0.9978689,0.0108600315,-0.99632,0.064849846,-0.056043327
1356447151756,-0.10552776,-0.05831175,0.9927051,0.07345193,0.99509513,0.06626031,-0.9916998,0.079908416,-0.10072708
1356447151794,-0.17336965,-0.08531362,0.98115474,0.07308522,0.99237955,0.099203765,-0.9821413,0.088906825,-0.16581333
1356447151836,-0.25580952,-0.07790391,0.9635831,0.06752972,0.99287295,0.09819955,-0.9643657,0.09019089,-0.24872547
1356447151874,-0.32926548,-0.08296512,0.9405855,0.056650285,0.9926023,0.10738455,-0.9425365,0.08864246,-0.32212967
1356447151913,-0.37650156,-0.1184882,0.9188075,0.03787843,0.9889889,0.14306022,-0.9256413,0.08866537,-0.3678677
1356447151955,-0.39141443,-0.19087783,0.9002002,0.010059997,0.9773043,0.2116011,-0.9201595,0.09187974,-0.38061082
1356447151994,-0.37720627,-0.2853354,0.8810785,-0.01815772,0.9534514,0.30099958,-0.92595136,0.097540535,-0.36482888
1356447152068,-0.34349513,-0.38031363,0.85870403,-0.03638923,0.91904044,0.39247993,-0.9384492,0.10356739,-0.32952523
1356447152070,-0.2997597,-0.46165168,0.8348784,-0.040951237,0.8805409,0.47219777,-0.95313543,0.10735656,-0.28285587
1356447152113,-0.25252372,-0.5238374,0.813527,-0.035285234,0.8452022,0.5332806,-0.9669471,0.10596052,-0.23191732
1356447152154,-0.20717496,-0.5642652,0.7991766,-0.025683105,0.8197557,0.57213724,-0.97796667,0.0980072,-0.18432492
1356447152195,-0.1637221,-0.5880493,0.7920816,-0.019476593,0.80468595,0.59338117,-0.9863143,0.08172256,-0.14319807
1356447152235,-0.12501678,-0.59238124,0.79589903,-0.01798901,0.803414,0.5951489,-0.9919915,0.06008616,-0.11109662
1356447152274,-0.09215522,-0.5810324,0.8086463,-0.024148732,0.8131673,0.5815289,-0.9954518,0.0340631,-0.08896881
1356447152314,-0.06744235,-0.5498953,0.8325063,-0.035538822,0.8352006,0.54879594,-0.99709,0.007425815,-0.075870514
1356447152354,-0.05230325,-0.50048697,0.86416274,-0.05137056,0.86554986,0.49818116,-0.99730915,-0.018336043,-0.07098138
1356447152395,-0.047272924,-0.43086225,0.9011786,-0.06807245,0.9014795,0.42743522,-0.99655974,-0.041139334,-0.07194543
1356447152434,-0.050313145,-0.34490973,0.93728644,-0.080110475,0.9368448,0.3404469,-0.9955154,-0.057957515,-0.07476652
1356447152474,-0.056735575,-0.2528496,0.96584064,-0.0825004,0.96527773,0.24785599,-0.9949748,-0.065619975,-0.07562578
1356447152514,-0.061957777,-0.16662002,0.9840727,-0.07422886,0.98400563,0.16193517,-0.9953147,-0.06301345,-0.07333481
1356447152555,-0.06352976,-0.09767121,0.993189,-0.056632593,0.99394846,0.09412337,-0.99637175,-0.050267227,-0.06867671
1356447152595,-0.061727732,-0.052742247,0.99669856,-0.03621484,0.9980636,0.05057162,-0.99743587,-0.032973602,-0.063518286
1356447152636,-0.057704926,-0.032590393,0.99780154,-0.01317951,0.9994048,0.031880558,-0.99824667,-0.01131087,-0.058100104
1356447152675,-0.054644078,-0.038569756,0.9977607,0.009088689,0.9991931,0.039122883,-0.9984645,0.011206172,-0.054249406
1356447152717,-0.058543086,-0.056256026,0.9966985,0.033096604,0.99775267,0.058259517,-0.9977361,0.036398023,-0.05654967
1356447152755,-0.0745869,-0.08406815,0.99366456,0.05613557,0.99450624,0.088353015,-0.9956332,0.0623699,-0.06945789
1356447152793,-0.111456305,-0.0995087,0.9887748,0.07726234,0.9910948,0.10845133,-0.9907614,0.08848264,-0.102775455
1356447152836,-0.17329934,-0.09817921,0.9799633,0.092521764,0.98899543,0.115445904,-0.9805136,0.11067464,-0.16230851
1356447152873,-0.25257736,-0.08299975,0.9640103,0.09957288,0.9887946,0.11122243,-0.9624396,0.12408155,-0.24148262
1356447152912,-0.33449295,-0.061044075,0.94041914,0.099493735,0.99003553,0.09965317,-0.9371316,0.1268991,-0.32508636
1356447152954,-0.39843166,-0.050911017,0.91578394,0.09358486,0.99099076,0.095808096,-0.91241115,0.12387649,-0.3900776
1356447152994,-0.43277594,-0.063792706,0.8992416,0.081959575,0.99057806,0.10971666,-0.8977682,0.12118419,-0.4234699
1356447153067,-0.43728447,-0.09921661,0.8938335,0.06601639,0.9876729,0.14192967,-0.89689696,0.1210713,-0.4253441
1356447153074,-0.41478598,-0.15221322,0.8970974,0.048431687,0.98081833,0.18881148,-0.90862924,0.12176428,-0.39945775
1356447153111,-0.37569636,-0.20760474,0.90319014,0.03458307,0.9707661,0.23752292,-0.9260973,0.12047158,-0.3575337
1356447153156,-0.32396024,-0.26177454,0.9091336,0.02508448,0.9582428,0.28485358,-0.94573814,0.115086354,-0.3038661
1356447153194,-0.27043658,-0.3012346,0.91439694,0.021645695,0.94764555,0.3185897,-0.96249443,0.10595108,-0.24975759
1356447153233,-0.2185077,-0.32768542,0.91917175,0.019296393,0.94029826,0.3398042,-0.9756444,0.091986544,-0.19913924
1356447153274,-0.17133719,-0.33776724,0.92550355,0.015300795,0.93836933,0.34529525,-0.98509365,0.07332288,-0.15560949
1356447153314,-0.1307987,-0.33209893,0.93413174,0.007253021,0.94188064,0.33586937,-0.9913825,0.05070655,-0.12078804
1356447153353,-0.098923266,-0.30956405,0.94571894,-0.0044030547,0.95050734,0.3106709,-0.9950853,0.026568517,-0.09539032
1356447153394,-0.07744634,-0.27031684,0.9596514,-0.018575788,0.9627665,0.2696952,-0.9968235,0.003060639,-0.07958412
1356447153434,-0.06705296,-0.2142264,0.97447985,-0.033211358,0.9766159,0.21241075,-0.9971965,-0.018121026,-0.07259977
1356447153474,-0.065549344,-0.14451024,0.9873297,-0.044515856,0.98889613,0.14178406,-0.99685585,-0.03465798,-0.07125449
1356447153519,-0.069064945,-0.070810646,0.99509597,-0.048856042,0.99652094,0.067521185,-0.99641514,-0.043953106,-0.07228422
1356447153565,-0.07225487,-0.0040233303,0.99737805,-0.042725533,0.99908644,9.3497895E-4,-0.99647063,-0.04254596,-0.072360754
1356447153603,-0.07211521,0.043150224,0.9964625,-0.03040362,0.9985043,-0.04543899,-0.9969328,-0.033572905,-0.07069546
1356447153645,-0.06812349,0.06279866,0.9956985,-0.013518086,0.9978673,-0.06386032,-0.99758536,-0.017810328,-0.067129254
1356447153685,-0.062083125,0.052708313,0.99667823,0.005426064,0.99860764,-0.052472357,-0.9980562,0.002150394,-0.06228268
1356447153724,-0.057131946,0.018471584,0.9981957,0.026245907,0.99951106,-0.016993733,-0.99802154,0.025227668,-0.057588816
1356447153764,-0.058273137,-0.032937318,0.99775714,0.047762387,0.9982191,0.03574209,-0.9971574,0.049738064,-0.05659616
1356447153805,-0.0730764,-0.08564451,0.9936422,0.06938596,0.9934553,0.09073132,-0.99490976,0.07557514,-0.066655636
1356447153854,-0.11703056,-0.12179203,0.985632,0.087984696,0.9872779,0.13244241,-0.9892232,0.10222036,-0.104825854
1356447153895,-0.18596977,-0.15258367,0.97063565,0.094753794,0.9804792,0.17228551,-0.97797596,0.12401129,-0.16788161
1356447153935,-0.27447003,-0.16200714,0.94785017,0.088149056,0.9773162,0.19256891,-0.9575469,0.1364065,-0.25396323
1356447153974,-0.36310792,-0.16703135,0.9166532,0.07008815,0.9761167,0.20563027,-0.92910725,0.1389125,-0.3427288
1356447154014,-0.4281831,-0.18777895,0.8839674,0.04480374,0.9725592,0.22830069,-0.90258074,0.13735953,-0.40802026
1356447154066,-0.4588016,-0.2317461,0.85778487,0.016773358,0.96295726,0.26913187,-0.8883804,0.13786608,-0.43791914
1356447154094,-0.45634648,-0.29372734,0.8399238,-0.008675337,0.9453684,0.32588857,-0.88975984,0.14143151,-0.43396372
1356447154134,-0.4283368,-0.36195427,0.8279593,-0.026548535,0.9209156,0.38885683,-0.903229,0.1445806,-0.4040714
1356447154175,-0.38213465,-0.4264537,0.8198234,-0.033976287,0.8930361,0.4487004,-0.9234818,0.14360943,-0.35574937
1356447154215,-0.32957745,-0.47610614,0.81529236,-0.031012684,0.8685329,0.49466032,-0.943619,0.13774444,-0.30101418
1356447154256,-0.2752578,-0.5099206,0.81499326,-0.02233325,0.850904,0.5248462,-0.96111095,0.1262666,-0.24560618
1356447154311,-0.2263887,-0.5228329,0.82182354,-0.012064904,0.8451697,0.53436184,-0.97396225,0.11105831,-0.19764477
1356447154331,-0.18353933,-0.5206362,0.8338172,-0.006698996,0.8488694,0.52856016,-0.9829895,0.091425866,-0.15928864
1356447154378,-0.14613551,-0.50293434,0.8518812,-0.010381252,0.8618579,0.5070436,-0.9892102,0.06525344,-0.13116914
1356447154408,-0.1170136,-0.45986927,0.8802433,-0.014003471,0.88700795,0.46154183,-0.9930316,0.041680202,-0.11023176
1356447154451,-0.097031325,-0.4102689,0.906788,-0.021830976,0.9117452,0.41017574,-0.99504197,0.02000378,-0.09742445
1356447154492,-0.08550748,-0.34566098,0.93445534,-0.030252844,0.9383588,0.34433657,-0.99587804,0.0011734217,-0.09069389
1356447154534,-0.07980168,-0.26984298,0.95959175,-0.036593467,0.96280617,0.26770368,-0.9961388,-0.013751596,-0.08670801
1356447154574,-0.07624391,-0.18703343,0.9793903,-0.03731616,0.98209655,0.18464524,-0.99639064,-0.022469021,-0.08185828
1356447154618,-0.071314454,-0.10826377,0.99156094,-0.029728867,0.9938811,0.10637896,-0.9970107,-0.021891627,-0.07409668
1356447154655,-0.0649918,-0.037942268,0.99716413,-0.015756859,0.9991913,0.036992423,-0.99776137,-0.013307971,-0.065537095
1356447154696,-0.05658993,0.014760119,0.99828833,0.005793364,0.9998787,-0.014455225,-0.9983806,0.0049654283,-0.05666858
1356447154735,-0.04761678,0.0448872,0.99785656,0.029641919,0.9986133,-0.043506753,-0.9984258,0.027506735,-0.048881292
1356447154774,-0.04010117,0.054018438,0.9977344,0.056454033,0.997065,-0.051713187,-0.9975996,0.054252375,-0.043033063
1356447154815,-0.038855016,0.043446228,0.99829996,0.08569233,0.99551874,-0.03998995,-0.99556375,0.08399284,-0.042403936
1356447154853,-0.05069813,0.021510053,0.99848235,0.11574668,0.9931575,-0.015518274,-0.991984,0.114784256,-0.052840948
1356447154893,-0.08355087,0.002656594,0.9964999,0.14388503,0.9895495,0.009425893,-0.986061,0.14416897,-0.08305997
1356447154934,-0.1414299,-0.0038330257,0.9899409,0.1650616,0.9859026,0.02739925,-0.9760903,0.1672763,-0.13880342
1356447154974,-0.22261035,0.008892797,0.9748669,0.17500281,0.98408026,0.030984968,-0.9590717,0.17750202,-0.22062272
1356447155015,-0.30705798,0.025470085,0.9513499,0.17400664,0.98429316,0.029810384,-0.9356479,0.17469472,-0.30666703
1356447155072,-0.37592024,0.03452085,0.9260088,0.1644533,0.98592836,0.03000646,-0.9119425,0.16356525,-0.3763075
1356447155094,-0.4166193,0.021281414,0.9088319,0.14900273,0.9878044,0.04517397,-0.89678675,0.15423878,-0.41470933
1356447155142,-0.42461985,-0.018771961,0.9051771,0.12922376,0.9882923,0.08111469,-0.8961022,0.15141329,-0.41722274
1356447155175,-0.41148028,-0.068838865,0.9088153,0.111041054,0.985929,0.124955475,-0.9046292,0.15233251,-0.39804637
1356447155213,-0.379169,-0.12655325,0.91663253,0.09627017,0.9798324,0.17510141,-0.92030597,0.15463738,-0.35933876
1356447155255,-0.33527872,-0.17964917,0.92483205,0.08857318,0.9712924,0.2207845,-0.93794614,0.15593965,-0.30974162
1356447155293,-0.28666443,-0.22110537,0.9321674,0.08752022,0.9628906,0.25530738,-0.95402515,0.154771,-0.2566753
1356447155335,-0.23781115,-0.2475369,0.9392397,0.08997816,0.9572089,0.27505472,-0.9671348,0.14992216,-0.20536202
1356447155373,-0.19139448,-0.25753975,0.9471227,0.092075326,0.9559953,0.27855894,-0.9771849,0.14052126,-0.1592592
1356447155414,-0.14894885,-0.25148228,0.956332,0.09007853,0.95964855,0.26638415,-0.9847335,0.1258226,-0.12028539
1356447155453,-0.11211544,-0.22791633,0.9672044,0.08216261,0.967882,0.23760004,-0.9902926,0.106106654,-0.08978832
1356447155495,-0.08288908,-0.18552783,0.97913677,0.067340374,0.9792294,0.19124609,-0.994281,0.08178764,-0.06867391
1356447155534,-0.06267527,-0.12161289,0.99059683,0.048586085,0.9909996,0.12473638,-0.99685067,0.055947106,-0.05620247
1356447155577,-0.052435547,-0.04227905,0.99772894,0.027173206,0.998673,0.043747142,-0.99825454,0.0294054,-0.05121708
1356447155613,-0.04876873,0.049122304,0.99760145,0.010206733,0.99876225,-0.0486805,-0.998758,0.0078081656,-0.049209714
1356447155654,-0.047684014,0.13527705,0.98965967,0.0013345927,0.99079454,-0.13536786,-0.99886155,-0.0051341057,-0.047425568
1356447155695,-0.045294642,0.20673107,0.97734886,0.0026023686,0.978374,-0.20682731,-0.9989703,-0.0068247393,-0.04485309
1356447155733,-0.039912105,0.2552563,0.96604925,0.0126787275,0.9668712,-0.25494966,-0.9991227,0.002072692,-0.04182619
1356447155773,-0.031647623,0.27692223,0.96037096,0.029454067,0.9606934,-0.2760446,-0.999065,0.019550696,-0.038560152
1356447155814,-0.022735149,0.27131844,0.96222115,0.050601996,0.9615485,-0.26993316,-0.9984602,0.042553335,-0.03559017
1356447155854,-0.017510355,0.24243733,0.97000897,0.07592722,0.96767884,-0.24048433,-0.99695957,0.06943911,-0.03535199
1356447155894,-0.0226942,0.19674116,0.9801927,0.10453498,0.9755378,-0.19338657,-0.99426216,0.09807567,-0.042705417
1356447155935,-0.048208654,0.15385646,0.98691654,0.13753796,0.97967577,-0.14600924,-0.98932266,0.12869957,-0.06838995
1356447155984,-0.10901028,0.1326764,0.9851465,0.17332497,0.9784079,-0.11258977,-0.9788132,0.15847704,-0.12965262
1356447156024,-0.19455552,0.12197527,0.973278,0.20069945,0.97619635,-0.082221754,-0.96013945,0.17933968,-0.21440476
1356447156065,-0.2892148,0.13331419,0.9479357,0.21805707,0.973396,-0.07036572,-0.93209755,0.18635327,-0.31059062
1356447156089,-0.36847684,0.13956265,0.91910124,0.22533189,0.97259283,-0.057347402,-0.90191483,0.18597163,-0.38982582
1356447156129,-0.42182368,0.13061672,0.89722025,0.22123188,0.9744863,-0.037853986,-0.8792732,0.182526,-0.43995798
1356447156172,-0.44643807,0.093852274,0.889879,0.2046934,0.978826,-5.4175407E-4,-0.87108755,0.18191051,-0.45619613
1356447156213,-0.44599292,0.033220798,0.8944197,0.17997994,0.9822272,0.05326291,-0.876754,0.1847325,-0.44404548
1356447156254,-0.42457688,-0.042197287,0.90440804,0.15271099,0.9812641,0.117473796,-0.89242023,0.1879897,-0.41017807
1356447156296,-0.38680315,-0.12114144,0.91417074,0.12802565,0.97467923,0.18332984,-0.9132321,0.18794985,-0.3614998
1356447156333,-0.33939648,-0.19065894,0.9211185,0.109592244,0.9645593,0.2400311,-0.9342375,0.18241313,-0.30647326
1356447156375,-0.2857008,-0.24735929,0.9258447,0.09517111,0.9540138,0.28425354,-0.9535814,0.16932511,-0.24902105
1356447156424,-0.22846484,-0.2852413,0.9308283,0.08128575,0.947188,0.31020555,-0.9701528,0.14653414,-0.1932131
1356447156465,-0.17606598,-0.28836268,0.9411948,0.070815325,0.9499435,0.30429026,-0.98182786,0.120226204,-0.14683223
1356447156505,-0.13216421,-0.2680586,0.9542941,0.058754615,0.9589281,0.27749744,-0.989485,0.0927444,-0.11098629
1356447156543,-0.09852484,-0.21936044,0.97065645,0.04658804,0.97331595,0.22469029,-0.9940435,0.06735852,-0.08567619
1356447156583,-0.07626912,-0.13952601,0.9872768,0.035355836,0.9891597,0.14252342,-0.9964602,0.04577614,-0.070509315
1356447156625,-0.064493805,-0.030549247,0.9974504,0.02585217,0.9991447,0.032272708,-0.9975832,0.027867647,-0.06364888
1356447156665,-0.059301317,0.095874906,0.9936253,0.01995381,0.99529207,-0.09484485,-0.99804056,0.014202181,-0.0609352
1356447156703,-0.054832816,0.2193422,0.97410595,0.019816346,0.9756205,-0.21856779,-0.9982989,0.007318534,-0.057842612
1356447156748,-0.046138376,0.3170483,0.9472864,0.02716218,0.94834393,-0.31607926,-0.99856573,0.011146948,-0.052366734
1356447156784,-0.03385132,0.3844303,0.9225332,0.039430663,0.9228572,-0.38311848,-0.9986488,0.023407042,-0.046398282
1356447156826,-0.017806802,0.4165979,0.9089164,0.058032736,0.9079586,-0.41502196,-0.9981558,0.045356676,-0.04034418
1356447156873,-0.0012125075,0.41195422,0.9112037,0.08207269,0.9081713,-0.41047406,-0.9966256,0.07428725,-0.034911394
1356447156914,0.008499563,0.37274846,0.9278935,0.10778272,0.92217946,-0.37144035,-0.9941381,0.10316798,-0.032337725
1356447156955,0.0062668025,0.31834546,0.94795406,0.13665137,0.9388069,-0.31617704,-0.9905994,0.13152066,-0.037619054
1356447156994,-0.014247626,0.25872055,0.96584713,0.16745935,0.9529196,-0.25278744,-0.98577607,0.15813853,-0.05690205
1356447157073,-0.060911566,0.22473219,0.9725149,0.19936264,0.9574309,-0.20875983,-0.97803086,0.18116726,-0.10312182
1356447157074,-0.13018358,0.214922,0.9679158,0.22790907,0.95656925,-0.18174905,-0.9649403,0.19693604,-0.17351228
1356447157112,-0.21409777,0.24378733,0.94590163,0.2558034,0.94855446,-0.18657187,-0.94272304,0.20202026,-0.26544505
1356447157155,-0.29223552,0.27589935,0.9156844,0.28072065,0.9400507,-0.19365059,-0.9142179,0.20045997,-0.3521669
1356447157194,-0.34921092,0.28401554,0.89296526,0.29476345,0.93787813,-0.18302768,-0.8894753,0.19929823,-0.41123468
1356447157235,-0.38168305,0.25344682,0.888866,0.28964245,0.9460307,-0.14537273,-0.8777388,0.20196702,-0.43449283
1356447157274,-0.39193857,0.18710098,0.9007648,0.26557466,0.9604294,-0.08393788,-0.8808259,0.20632184,-0.42611855
1356447157333,-0.38291818,0.097148605,0.9186598,0.23003855,0.97315615,-0.007026352,-0.89468205,0.20863664,-0.3949871
1356447157353,-0.35785937,-0.0011074841,0.9337749,0.19299273,0.9783202,0.07512273,-0.913614,0.20709513,-0.3498873
1356447157392,-0.3211134,-0.092881925,0.94247496,0.16225281,0.9750689,0.15137573,-0.9330381,0.201528,-0.29803735
1356447157428,-0.27912235,-0.1634129,0.9462488,0.14156288,0.9676441,0.20886567,-0.9497635,0.19225278,-0.2469579
1356447157472,-0.23462826,-0.21384564,0.94827193,0.12540588,0.9606926,0.24767543,-0.96396214,0.17703052,-0.19858813
1356447157513,-0.19099426,-0.2366268,0.95264316,0.112157464,0.9588922,0.2606653,-0.9751625,0.1566316,-0.15660346
1356447157555,-0.15108544,-0.2369438,0.95970356,0.09641759,0.9626868,0.2528593,-0.9838073,0.13073567,-0.1226024
1356447157594,-0.11775777,-0.2080032,0.97101384,0.07982185,0.97267044,0.21803829,-0.9898291,0.103183806,-0.09793633
1356447157634,-0.09392133,-0.1527342,0.9837943,0.061879396,0.9853562,0.15888423,-0.9936548,0.0757992,-0.083094835
1356447157675,-0.07965523,-0.07216041,0.9942071,0.044899724,0.99610436,0.07589545,-0.9958107,0.0506851,-0.07610494
1356447157715,-0.0725978,0.021490121,0.9971297,0.031516783,0.99931794,-0.019242644,-0.9968631,0.030029349,-0.07322562
1356447157754,-0.06839457,0.11088309,0.99147725,0.02449615,0.9936914,-0.10944091,-0.9973576,0.016802207,-0.07067931
1356447157794,-0.06320268,0.1799008,0.9816522,0.025104485,0.9835941,-0.17864034,-0.9976849,0.013353318,-0.0666821
1356447157835,-0.055530608,0.21969742,0.9739864,0.03283135,0.9753658,-0.21813673,-0.99791706,0.019864015,-0.061375618
1356447157874,-0.04667744,0.22884536,0.97234315,0.044839226,0.9729029,-0.22682461,-0.99790317,0.033011526,-0.055673838
1356447157915,-0.038059115,0.21037932,0.9768787,0.060598418,0.9762737,-0.20788811,-0.99743634,0.051285252,-0.049904764
1356447157964,-0.03348279,0.1664716,0.98547757,0.08065767,0.9832643,-0.16335729,-0.99617934,0.07401666,-0.046349645
1356447158005,-0.03894368,0.10214548,0.9940069,0.10180877,0.9899905,-0.097744025,-0.99404144,0.097392105,-0.048953176
1356447158073,-0.05911553,0.046657115,0.9971601,0.12436789,0.9914687,-0.039017797,-0.9904735,0.121708155,-0.064413846
1356447158081,-0.10035294,0.009617768,0.9949055,0.14630437,0.989226,0.0051943883,-0.98413634,0.14608029,-0.10067886
1356447158122,-0.16596934,-0.0039532185,0.986123,0.16355675,0.98603153,0.03148026,-0.97247285,0.16651183,-0.1630044
1356447158164,-0.25159386,0.0031194538,0.9678279,0.17238441,0.9841492,0.04164052,-0.9523572,0.17731494,-0.24814367
1356447158205,-0.3419881,0.017529905,0.9395407,0.17165445,0.9841688,0.04411879,-0.9238933,0.17636445,-0.3395831
1356447158244,-0.41327584,0.016115524,0.91046333,0.16218776,0.9851592,0.056182284,-0.8960459,0.17088477,-0.40975624
1356447158284,-0.453024,-0.0091836825,0.891451,0.14621085,0.9856417,0.08445653,-0.87942684,0.16860065,-0.44517654
1356447158324,-0.463372,-0.052438177,0.88461107,0.12856767,0.9837075,0.12565802,-0.87678784,0.17195876,-0.44908065
1356447158364,-0.4485929,-0.10518125,0.8875253,0.11447638,0.97810864,0.17377755,-0.88637435,0.17955607,-0.42673182
1356447158405,-0.4183725,-0.15327197,0.89524984,0.108028956,0.9702651,0.21659963,-0.9018283,0.18733223,-0.38937443
1356447158444,-0.37738335,-0.19278817,0.90576744,0.108096644,0.96223325,0.24984457,-0.9197266,0.19219758,-0.34229106
1356447158485,-0.33039385,-0.2185121,0.9182006,0.1120971,0.95686173,0.26804826,-0.93716276,0.19148913,-0.29164666
1356447158525,-0.28246486,-0.22678898,0.93208385,0.11644809,0.95635974,0.26798484,-0.9521835,0.18423569,-0.24372888
1356447158564,-0.23666939,-0.21849754,0.9467029,0.11678505,0.96092296,0.25097498,-0.9645459,0.16995884,-0.20190376
1356447158605,-0.19590831,-0.19169688,0.9617027,0.11189308,0.96993166,0.21613088,-0.97421753,0.14994973,-0.16856807
1356447158644,-0.162902,-0.14672466,0.97567147,0.10169697,0.98111665,0.16452324,-0.9813871,0.12602401,-0.14490438
1356447158684,-0.13963598,-0.083472595,0.98667836,0.088534,0.99139726,0.09640127,-0.98623705,0.10081566,-0.13104457
1356447158726,-0.12685096,-0.003872037,0.9919142,0.07519577,0.9970773,0.013508603,-0.9890675,0.07630133,-0.12618905
1356447158766,-0.121064216,0.087370396,0.9887921,0.06548877,0.99465173,-0.07986993,-0.99048203,0.055085383,-0.12613851
1356447158803,-0.117483854,0.17712408,0.9771513,0.060763475,0.9834039,-0.17095183,-0.99121404,0.039291024,-0.12629676
1356447158845,-0.110253036,0.2576946,0.95991546,0.062334374,0.96569496,-0.2520866,-0.9919469,0.032042414,-0.12253404
1356447158883,-0.09688303,0.32279912,0.94149584,0.06984708,0.9458187,-0.31709373,-0.9928419,0.035039753,-0.11418033
1356447158926,-0.07719681,0.36886662,0.9262711,0.08267856,0.928212,-0.36274898,-0.9935819,0.048579663,-0.10215235
1356447158965,-0.05485037,0.39611116,0.91656286,0.09731719,0.9156952,-0.38991243,-0.99374086,0.06781049,-0.08877462
1356447159004,-0.030559955,0.40308368,0.9146527,0.113593355,0.91055214,-0.39748123,-0.99305713,0.091751456,-0.07361406
1356447159079,-0.00807485,0.3888511,0.9212651,0.13122874,0.91373956,-0.3845244,-0.9913192,0.11779146,-0.05840677
1356447159083,0.0074367234,0.35625124,0.93436056,0.1526739,0.9230272,-0.35314518,-0.98824865,0.1452787,-0.047525942
1356447159120,0.008110344,0.31120032,0.95030975,0.18082789,0.9342169,-0.3074736,-0.9834813,0.17433622,-0.048696876
1356447159166,-0.017228395,0.27003646,0.962696,0.21772867,0.94074607,-0.25998303,-0.9758573,0.20512745,-0.07500219
1356447159204,-0.07098615,0.23813054,0.9686357,0.25510767,0.94312334,-0.2131631,-0.9643035,0.23197474,-0.12769759
1356447159246,-0.15389231,0.23697855,0.95924884,0.2867243,0.9397514,-0.18616258,-0.94557196,0.24639095,-0.21256804
1356447159285,-0.24191839,0.23907618,0.94038177,0.30431095,0.93896586,-0.16043052,-0.92134154,0.2473574,-0.2999066
1356447159324,-0.31378388,0.23131007,0.92088836,0.30609316,0.94273585,-0.13249943,-0.89880294,0.24030143,-0.36661774
1356447159365,-0.35965234,0.19623275,0.9122186,0.29279464,0.95199144,-0.08935094,-0.88595784,0.23495746,-0.39984185
1356447159403,-0.37992048,0.13324936,0.9153716,0.26844746,0.96286535,-0.028745167,-0.88520986,0.23480827,-0.40158272
1356447159444,-0.37844408,0.050075173,0.92426866,0.2381143,0.9701972,0.04493297,-0.8944729,0.2370862,-0.379089
1356447159485,-0.35983184,-0.041207284,0.93210673,0.2070185,0.97059613,0.12282658,-0.9097606,0.23716027,-0.34072077
1356447159524,-0.32860535,-0.12914398,0.9355962,0.17894268,0.964152,0.19593489,-0.9273608,0.23180336,-0.29371613
1356447159563,-0.29006457,-0.2038285,0.935049,0.15596132,0.9539255,0.2563246,-0.94421333,0.22018215,-0.2449106
1356447159605,-0.24788707,-0.26179388,0.9327464,0.13668513,0.9437145,0.3011978,-0.9590981,0.20215562,-0.19815129
1356447159643,-0.20595941,-0.29915354,0.9317124,0.120882064,0.937055,0.32759047,-0.9710655,0.18009764,-0.156833
1356447159685,-0.16615829,-0.31866753,0.93318933,0.105895944,0.93510544,0.33817708,-0.98039657,0.15501192,-0.12162995
1356447159725,-0.13098416,-0.31535023,0.93989223,0.09393326,0.93984735,0.32842577,-0.98692435,0.13130571,-0.09348321
1356447159764,-0.10258606,-0.2951119,0.94993955,0.08288588,0.9491208,0.3038086,-0.9912649,0.109903075,-0.07290596
1356447159805,-0.08134413,-0.25485328,0.96355224,0.07258343,0.96267426,0.26074865,-0.99403965,0.091148295,-0.059809804
1356447159844,-0.066123396,-0.19897383,0.9777715,0.06343812,0.97709537,0.20312634,-0.99579287,0.07545938,-0.051986337
1356447159884,-0.05392894,-0.13635682,0.98919076,0.058165878,0.98852134,0.13943563,-0.9968491,0.06505677,-0.045378566
1356447159923,-0.04198292,-0.07811125,0.99606025,0.05956943,0.99497,0.080536544,-0.9973409,0.0627159,-0.037118673
1356447159965,-0.029340208,-0.034144074,0.9989861,0.06925766,0.9969451,0.03610841,-0.9971672,0.070246875,-0.026885867
