1356447682382,0.13517931,0.37612844,0.91665363,0.41040635,0.82079536,-0.39731795,-0.9018277,0.42990965,-0.043410957
1356447682541,0.42052448,0.8556599,-0.3016708,-0.1014086,-0.28608775,-0.9528222,-0.90159607,0.43127707,-0.033535615
1356447682581,0.42197138,0.8630786,-0.27755287,-0.097475916,-0.2611786,-0.96035635,-0.90135384,0.43229762,-0.026080564
1356447682621,0.42289022,0.86786926,-0.26070425,-0.09658334,-0.24288955,-0.9652338,-0.9010191,0.4333676,-0.018893883
1356447682658,0.42410082,0.8719251,-0.24471429,-0.096117765,-0.22535497,-0.9695238,-0.9004998,0.43469724,-0.011765718
1356447682701,0.42595905,0.8754905,-0.22820005,-0.09501845,-0.20754266,-0.97360027,-0.899739,0.436397,-0.0052169114
1356447682741,0.42845255,0.8784249,-0.21165559,-0.09275094,-0.1902507,-0.9773443,-0.8987912,0.43837687,-3.863871E-5
1356447682780,0.4314093,0.8804773,-0.19658521,-0.08936182,-0.17512846,-0.98048174,-0.8977196,0.44055608,0.0031290501
1356447682820,0.4346961,0.881565,-0.18407187,-0.08508006,-0.16327903,-0.98290443,-0.8965492,0.44292554,0.004026875
1356447682861,0.43822214,0.8817337,-0.17466289,-0.08038211,-0.1550946,-0.984624,-0.8952654,0.44552383,0.0029096901
1356447682900,0.44181857,0.881179,-0.16828534,-0.07588872,-0.15020362,-0.9857382,-0.89388883,0.44828838,5.0878525E-4
1356447682940,0.44522864,0.8801998,-0.16437736,-0.072270006,-0.14765334,-0.98639536,-0.89249575,0.45105103,-0.0021274835
1356447682981,0.448129,0.8791305,-0.16220337,-0.07025689,-0.14624679,-0.9867501,-0.8912038,0.4535872,-0.0037724227
1356447683021,0.4502175,0.87826097,-0.16112724,-0.07042056,-0.14496416,-0.98692775,-0.8901378,0.45567882,-0.00341779
1356447683060,0.4512696,0.8777861,-0.16077065,-0.07301861,-0.14323327,-0.9869915,-0.88939524,0.4571385,-5.4207444E-4
1356447683101,0.45103937,0.87785673,-0.1610314,-0.07819721,-0.14086318,-0.98693603,-0.8890718,0.45773917,0.005111128
1356447683140,0.4488997,0.878747,-0.16215041,-0.08624694,-0.13800621,-0.98666894,-0.88941026,0.45690033,0.013838321
1356447683181,0.44358528,0.8809577,-0.16475943,-0.0976643,-0.13522637,-0.98598963,-0.890895,0.4534616,0.026053637
1356447683221,0.43350676,0.88503754,-0.16964772,-0.11321625,-0.13327524,-0.9845911,-0.89401007,0.4460338,0.042424947
1356447683260,0.4176577,0.89117885,-0.17709422,-0.13318157,-0.1327574,-0.98216,-0.8987907,0.43379244,0.06324142
1356447683301,0.3964751,0.8989495,-0.1862722,-0.15606478,-0.13395002,-0.9786221,-0.90468293,0.4170698,0.0871865
1356447683341,0.37185442,0.9074936,-0.19539627,-0.1789526,-0.13646334,-0.97434783,-0.9108788,0.3972822,0.11165385
1356447683380,0.34673846,0.9159188,-0.20215118,-0.1992726,-0.13866735,-0.9700835,-0.91654944,0.37664846,0.13443623
1356447683421,0.32313025,0.92382705,-0.20525688,-0.21710324,-0.13874286,-0.9662383,-0.9211151,0.35678273,0.15573387
1356447683460,0.30350924,0.9309617,-0.20295939,-0.23294166,-0.13404655,-0.9632081,-0.92391574,0.33962023,0.17617536
1356447683501,0.28714633,0.93735504,-0.19726238,-0.2508181,-0.12517357,-0.9599072,-0.9244659,0.3251108,0.19916248
1356447683540,0.2730322,0.9433398,-0.18858248,-0.27440724,-0.111516476,-0.9551255,-0.922038,0.31252843,0.22841169
1356447683581,0.25956076,0.9492118,-0.17783493,-0.306915,-0.09351957,-0.94713104,-0.915659,0.30041823,0.2670533
1356447683621,0.24509585,0.9552547,-0.16557926,-0.3494792,-0.072253585,-0.9341539,-0.90431863,0.28682372,0.31613266
1356447683660,0.22976804,0.9614295,-0.15119562,-0.39847067,-0.048803866,-0.91588175,-0.88793457,0.27068734,0.37188786
1356447683701,0.21631002,0.9671724,-0.1333692,-0.44611272,-0.023596823,-0.8946656,-0.868443,0.25302282,0.42636377
1356447683742,0.20917803,0.97162044,-0.110446215,-0.48189044,0.0041430593,-0.8762218,-0.8508973,0.23650932,0.46908116
1356447683780,0.21141249,0.9739697,-0.0817785,-0.497918,0.035324216,-0.8665043,-0.8410603,0.22390878,0.49242514
1356447683821,0.22369099,0.9734772,-0.048006207,-0.49203783,0.07027167,-0.8677331,-0.84134483,0.21772501,0.4947067
1356447683860,0.2449972,0.9694643,-0.010736734,-0.46645352,0.10815656,-0.8779084,-0.8499397,0.22009331,0.4787081
1356447683901,0.27260387,0.9617362,0.02739811,-0.42572406,0.14611071,-0.89297855,-0.86281294,0.23176539,0.4492646
1356447683940,0.30309623,0.95087004,0.063078195,-0.3748248,0.17981118,-0.9094912,-0.87615013,0.2520201,0.41090977
1356447683981,0.33340055,0.93816817,0.09319115,-0.31933138,0.20537716,-0.9251204,-0.88705784,0.2786768,0.36805937
1356447684020,0.36172912,0.9250936,0.11555937,-0.2644313,0.2206715,-0.9388185,-0.89399564,0.3090405,0.324447
1356447684060,0.3871428,0.9129144,0.12925851,-0.2144016,0.22548279,-0.9503628,-0.89674544,0.34021285,0.28302437
1356447684101,0.4092795,0.90239704,0.13479584,-0.17171904,0.22127888,-0.9599731,-0.8961043,0.3697503,0.24552363
1356447684140,0.428305,0.89361477,0.13419217,-0.13644436,0.21075496,-0.96796966,-0.89327365,0.39627647,0.21219608
1356447684181,0.44420254,0.8863499,0.13064402,-0.107044876,0.1972813,-0.97448516,-0.88950855,0.418884,0.1825121
1356447684221,0.45677513,0.8802421,0.1285702,-0.08071342,0.18494153,-0.9794294,-0.885913,0.43700165,0.15552405
1356447684261,0.4656192,0.874892,0.13327676,-0.05384189,0.17832363,-0.9824977,-0.8833458,0.45029393,0.13013676
1356447684301,0.4700451,0.8695873,0.15124622,-0.022419512,0.18306375,-0.9828453,-0.8823576,0.45859072,0.10554397
1356447684340,0.46845704,0.8627876,0.19011992,0.01797685,0.20583959,-0.9784206,-0.88330334,0.46176586,0.08091679
1356447684381,0.45800227,0.8485676,0.26489043,0.07438323,0.26035333,-0.962644,-0.8858336,0.46059656,0.056123197
1356447684421,0.42801473,0.8049407,0.41094267,0.16285768,0.3785611,-0.91113603,-0.8889774,0.45690477,0.030938953
1356447684460,0.308823,0.5937145,0.7430555,0.33219573,0.66471213,-0.66918147,-0.89122075,0.4534985,0.008048952
1356447684501,-0.14574692,-0.26318747,0.95367193,0.4271316,0.8527541,0.30061424,-0.8923656,0.45115703,-0.011870623
1356447684540,-0.39892527,-0.7606976,0.51205254,0.20809555,0.4687402,0.85847473,-0.89305925,0.44902313,-0.02869457
1356447684581,-0.44049513,-0.8596958,0.2586256,0.07834491,0.25017005,0.965027,-0.8943299,0.44535172,-0.042845905
1356447684621,-0.4415688,-0.8904883,0.10976103,-1.1152029E-4,0.122388065,0.9924823,-0.8972274,0.43823698,-0.054142
1356447684661,-0.42765856,-0.90393937,-0.0013649762,-0.05658692,0.025264442,0.998078,-0.90216744,0.42691374,-0.06195575
1356447684701,-0.4047438,-0.90938807,-0.09589425,-0.09929964,-0.060538113,0.9932143,-0.90902257,0.4115196,-0.065799415
1356447684740,-0.37612534,-0.90799624,-0.18458778,-0.13174278,-0.14478564,0.98065335,-0.9171552,0.3931666,-0.06516445
1356447684781,-0.34474307,-0.8985807,-0.27148676,-0.15461233,-0.23091066,0.96061194,-0.9258765,0.3731395,-0.059326828
1356447684821,-0.31391448,-0.87951803,-0.35763922,-0.16744673,-0.31949103,0.93267745,-0.9345691,0.35266644,-0.046979606
1356447684860,-0.2886653,-0.8498194,-0.44099808,-0.16812181,-0.40845764,0.8971607,-0.94255364,0.33312052,-0.024965614
1356447684901,-0.27722818,-0.8107723,-0.51555103,-0.15297797,-0.49249053,0.8567677,-0.94854754,0.31638807,0.012501895
1356447684940,-0.2893889,-0.76693404,-0.57277066,-0.11957511,-0.56472254,0.81657225,-0.9497135,0.30479604,0.071718216
1356447684981,-0.32944977,-0.7240545,-0.60597676,-0.070197225,-0.621247,0.78046423,-0.94156,0.2996617,0.1538431
1356447685020,-0.3891033,-0.68576765,-0.61507845,-0.013445765,-0.66339785,0.7481461,-0.92109597,0.2993763,0.24890955
1356447685061,-0.44920903,-0.652988,-0.6097688,0.036631167,-0.6953931,0.7176954,-0.89267546,0.30005866,0.3362965
1356447685100,-0.4922034,-0.6255642,-0.6053141,0.06737211,-0.72067016,0.6899967,-0.8678691,0.29883742,0.3968619
1356447685146,-0.5084322,-0.60235626,-0.61535656,0.07175845,-0.74176764,0.666807,-0.858107,0.29486907,0.42036265
1356447685181,-0.50778216,-0.5824137,-0.6347846,0.06092933,-0.75928307,0.6479018,-0.85932815,0.29031605,0.42103654
1356447685221,-0.48937517,-0.5648067,-0.6644587,0.035060108,-0.77405614,0.63214546,-0.87136835,0.28606027,0.39860606
1356447685260,-0.45932853,-0.5495868,-0.69783354,-6.2537193E-4,-0.78541255,0.6189723,-0.8882662,0.28474808,0.36041868
1356447685301,-0.4235695,-0.53784645,-0.7289103,-0.04267083,-0.7919182,0.60913455,-0.9048581,0.289114,0.31248188
1356447685340,-0.3872075,-0.531364,-0.75347376,-0.08819133,-0.79213053,0.6039467,-0.917765,0.30030254,0.25985712
1356447685381,-0.3542601,-0.5318443,-0.76918226,-0.13396686,-0.7851784,0.60460544,-0.9255013,0.3172325,0.20690785
1356447685421,-0.32742578,-0.5402334,-0.7752034,-0.17803784,-0.77045804,0.612125,-0.927952,0.338441,0.15608583
1356447685460,-0.30955964,-0.5579613,-0.76996875,-0.2148294,-0.74776834,0.6282441,-0.9262942,0.359891,0.11161254
1356447685501,-0.30096877,-0.58122796,-0.75603694,-0.24506973,-0.7190294,0.65033644,-0.9216066,0.38101274,0.07396403
1356447685540,-0.30170262,-0.6097732,-0.7329066,-0.2669806,-0.683937,0.67893404,-0.9152578,0.400508,0.043548048
1356447685599,-0.3097787,-0.6408288,-0.70240694,-0.27962494,-0.6446753,0.7114798,-0.9087612,0.4168118,0.020515025
1356447685621,-0.32261658,-0.6717336,-0.6668526,-0.28223714,-0.60420454,0.7451705,-0.90347147,0.42861497,0.005338192
1356447685661,-0.33851177,-0.7005678,-0.62818354,-0.27481365,-0.56488377,0.7780641,-0.89993733,0.43601722,-0.0013057888
1356447685698,-0.35639215,-0.726186,-0.5879103,-0.25929934,-0.5276385,0.80892605,-0.89763486,0.4407397,-2.5328994E-4
1356447685741,-0.37381846,-0.74790406,-0.5485429,-0.23995632,-0.49329984,0.83610785,-0.8959245,0.44417885,0.004940182
1356447685780,-0.3861863,-0.76623845,-0.513555,-0.22200185,-0.46317464,0.8580119,-0.89530736,0.44536263,0.00876534
1356447685820,-0.38889557,-0.7822495,-0.4866681,-0.20884818,-0.4396432,0.8735538,-0.8972974,0.441361,0.0076038837
1356447685861,-0.38025004,-0.79677415,-0.46963918,-0.20060587,-0.4246421,0.88285697,-0.9028661,0.42991877,0.0016325414
1356447685900,-0.3626719,-0.8091588,-0.46231058,-0.19558835,-0.41894662,0.8866955,-0.91116095,0.4120021,-0.0063218474
1356447685940,-0.33959502,-0.81770504,-0.4647942,-0.19248399,-0.4232846,0.8853135,-0.9206656,0.39011347,-0.0136497915
1356447685980,-0.31466794,-0.82028913,-0.47760838,-0.19039115,-0.43839842,0.87838376,-0.92991143,0.36733162,-0.018225849
1356447686021,-0.2906536,-0.8147063,-0.5017711,-0.18788406,-0.46560556,0.8648186,-0.9382005,0.3456374,-0.017740458
1356447686060,-0.2706452,-0.7986158,-0.53755367,-0.18220797,-0.5058048,0.84318554,-0.9452785,0.3261507,-0.00862056
1356447686101,-0.2608328,-0.7715932,-0.58018124,-0.16738284,-0.55573654,0.81433415,-0.9507625,0.30951738,0.015802741
1356447686141,-0.27111906,-0.73737335,-0.6186881,-0.13633808,-0.6068632,0.78302556,-0.9528413,0.2966439,0.06400013
1356447686181,-0.3091569,-0.7057419,-0.6374562,-0.08507359,-0.64708245,0.7576587,-0.94719815,0.2884661,0.14001
1356447686221,-0.37156075,-0.68761396,-0.6238026,-0.0140431225,-0.66766584,0.7443287,-0.92830247,0.28532344,0.2384221
1356447686261,-0.43594885,-0.67971456,-0.5898617,0.059514552,-0.6757615,0.7347139,-0.8980015,0.28519228,0.33505028
1356447686300,-0.4822572,-0.6707531,-0.56348765,0.11033103,-0.68461233,0.72050893,-0.8690542,0.28530037,0.40416396
1356447686341,-0.5051503,-0.6488404,-0.56905985,0.12039125,-0.7059048,0.6980002,-0.8545929,0.2840852,0.4347028
1356447686381,-0.50684196,-0.6040416,-0.6150161,0.086021334,-0.7453223,0.66113144,-0.85773623,0.28218472,0.42972124
1356447686424,-0.4877261,-0.5273336,-0.69573164,0.014738977,-0.8018068,0.5974015,-0.87287223,0.28111386,0.3988345
1356447686462,-0.44255668,-0.40947115,-0.7977952,-0.0815822,-0.86758715,0.49054778,-0.89302194,0.28218102,0.35055077
1356447686502,-0.3688441,-0.25504333,-0.89381593,-0.18095075,-0.92351747,0.3381899,-0.9117077,0.28647602,0.2944836
1356447686542,-0.27493465,-0.08859858,-0.95737207,-0.2611053,-0.95144325,0.16303319,-0.9253297,0.29479837,0.2384511
1356447686582,-0.18058014,0.05402656,-0.98207533,-0.31186008,-0.95011455,0.005075276,-0.9328098,0.30718657,0.18842047
1356447686622,-0.10546255,0.14611983,-0.98362935,-0.33924097,-0.9350944,-0.1025372,-0.93476903,0.32287353,0.14818734
1356447686662,-0.06222427,0.17400533,-0.98277676,-0.35494483,-0.9241695,-0.14115538,-0.9328141,0.34004825,0.11926812
1356447686702,-0.05848229,0.12835518,-0.9900024,-0.36601073,-0.9253982,-0.09835784,-0.92877126,0.35659933,0.101098835
1356447686742,-0.10221559,-0.007147789,-0.99473655,-0.36839235,-0.9286034,0.044527277,-0.9240341,0.37100476,0.09228462
1356447686781,-0.19268942,-0.23667906,-0.9522887,-0.34302124,-0.8930008,0.2913519,-0.9193515,0.3827957,0.09088593
1356447686821,-0.29429132,-0.4905562,-0.8202117,-0.275457,-0.7782605,0.5642996,-0.91515905,0.3920015,0.093908176
1356447686861,-0.3611315,-0.6708862,-0.6476848,-0.19249527,-0.62596595,0.7557196,-0.9124305,0.39759046,0.096913636
1356447686900,-0.38748902,-0.7663615,-0.5123888,-0.12999144,-0.5048368,0.8533709,-0.91266334,0.39727807,0.09599835
1356447686940,-0.3873676,-0.8112881,-0.4379018,-0.097115755,-0.43643504,0.8944792,-0.916796,0.38901943,0.09027189
1356447686980,-0.3721782,-0.8316877,-0.41204235,-0.08583805,-0.41118926,0.90749943,-0.9241835,0.37312046,0.08164531
1356447687020,-0.34854573,-0.83758056,-0.4206837,-0.08727649,-0.41787654,0.90430194,-0.93321955,0.35190636,0.072548
1356447687061,-0.32065505,-0.8301564,-0.45609283,-0.09601289,-0.4505517,0.8875723,-0.94231725,0.32839534,0.06476596
1356447687100,-0.2912354,-0.80535316,-0.5163218,-0.1095213,-0.50810057,0.8543061,-0.9503615,0.30535245,0.059773564
1356447687140,-0.26201558,-0.7555734,-0.6003804,-0.1254622,-0.5901664,0.79747283,-0.95687366,0.28427532,0.059836835
1356447687180,-0.236628,-0.6734055,-0.70038,-0.1397171,-0.6897759,0.7104142,-0.96150213,0.26595896,0.06913401
1356447687220,-0.22478539,-0.5680882,-0.7916737,-0.14511386,-0.78388894,0.6037052,-0.96354216,0.250587,0.09376937
1356447687260,-0.24158859,-0.48060352,-0.8430037,-0.13309437,-0.8441154,0.51937956,-0.96120805,0.23767523,0.13996302
1356447687300,-0.2935118,-0.4562913,-0.84002924,-0.094050735,-0.8606862,0.5003737,-0.95131767,0.22587092,0.20970696
1356447687340,-0.363451,-0.494269,-0.7896845,-0.023256019,-0.84257483,0.538077,-0.931323,0.21392953,0.29473993
1356447687381,-0.42220134,-0.5468433,-0.72298586,0.058894426,-0.8124177,0.5800941,-0.90458703,0.20233661,0.3752097
1356447687420,-0.45755458,-0.5695393,-0.6828388,0.11414623,-0.7992094,0.5901144,-0.8818245,0.19206606,0.4306926
1356447687462,-0.47460938,-0.5476314,-0.68909055,0.122897804,-0.81644344,0.5641952,-0.87157446,0.1830846,0.4547944
1356447687500,-0.47635126,-0.4720733,-0.74177915,0.08167586,-0.86375475,0.49724925,-0.8754533,0.17627983,0.45000765
1356447687540,-0.4573964,-0.33683747,-0.8230001,-0.0017383993,-0.92514515,0.37960956,-0.88926125,0.17506275,0.4225725
1356447687580,-0.40645313,-0.14102668,-0.9027222,-0.111336194,-0.9730083,0.20213647,-0.9068628,0.18266465,0.3797809
1356447687620,-0.3141926,0.10162561,-0.9439043,-0.22151084,-0.9746586,-0.031203598,-0.9231554,0.19928108,0.3287416
1356447687660,-0.18815053,0.34777957,-0.9185035,-0.2999608,-0.9108695,-0.28344366,-0.93521273,0.22218499,0.2757008
1356447687701,-0.05700314,0.54350305,-0.83746946,-0.33045828,-0.8018215,-0.49787518,-0.94209766,0.24836823,0.2253114
1356447687740,0.05005932,0.66300356,-0.7469406,-0.32565784,-0.6961688,-0.63976246,-0.94416153,0.27527314,0.18106258
1356447687780,0.124718666,0.7182687,-0.6844964,-0.31010133,-0.62710434,-0.7145469,-0.94248736,0.3013806,0.14452443
1356447687820,0.15824705,0.70512104,-0.69120353,-0.30635333,-0.63041663,-0.71324795,-0.93867224,0.32462186,0.11625451
1356447687860,0.11638576,0.548717,-0.8278671,-0.3366029,-0.7624119,-0.55265415,-0.9344265,0.34298354,0.09596586
1356447687900,-0.09932214,-0.027417406,-0.99467754,-0.35139006,-0.93425035,0.060839325,-0.9309459,0.35556248,0.08315748
1356447687941,-0.30272484,-0.6193227,-0.72442883,-0.21537054,-0.6959806,0.68500113,-0.92842513,0.36338747,0.07730669
1356447687981,-0.357543,-0.7976935,-0.48564208,-0.11732468,-0.47753018,0.8707468,-0.9264977,0.36830717,0.07714838
1356447688020,-0.37271535,-0.8503829,-0.3713922,-0.06989983,-0.37336445,0.9250475,-0.92530924,0.37073967,0.07971704
1356447688060,-0.37470788,-0.86802053,-0.32578254,-0.049078792,-0.33232015,0.9418888,-0.925843,0.3689222,0.08192158
1356447688100,-0.3670526,-0.8717293,-0.32459256,-0.04550016,-0.33170587,0.94228494,-0.9290867,0.36063716,0.08208969
1356447688140,-0.35044456,-0.86583364,-0.35710037,-0.05384463,-0.36202395,0.9306123,-0.9350344,0.34535596,0.08024883
1356447688180,-0.3265381,-0.8480421,-0.41736984,-0.07022923,-0.41858572,0.90545785,-0.9425714,0.324978,0.0771268
1356447688220,-0.29753774,-0.8114205,-0.5030587,-0.09231126,-0.5000029,0.8610898,-0.9502368,0.30264473,0.07386649
1356447688260,-0.26530176,-0.7445209,-0.61262023,-0.11823031,-0.6054726,0.7870352,-0.95688903,0.28123212,0.072608024
1356447688300,-0.23263007,-0.63437223,-0.7371941,-0.14446469,-0.72704154,0.67122316,-0.9617761,0.2626452,0.077487335
1356447688340,-0.20804006,-0.48257118,-0.8507904,-0.16431713,-0.84021735,0.5167539,-0.96421945,0.24730499,0.09550421
1356447688381,-0.20955044,-0.32722673,-0.92141813,-0.17150527,-0.915431,0.3641045,-0.9626394,0.2343263,0.1357078
1356447688420,-0.25209427,-0.2200589,-0.9423495,-0.16514121,-0.9497332,0.26596117,-0.9535077,0.22266802,0.20308143
1356447688459,-0.32069594,-0.15880471,-0.9337747,-0.15244532,-0.96433884,0.21635857,-0.934834,0.21173489,0.2850505
1356447688501,-0.38617855,-0.10964371,-0.91588455,-0.14453073,-0.97345424,0.17747629,-0.9110308,0.20091099,0.36008018
1356447688540,-0.4168731,-0.013356917,-0.9088666,-0.16731253,-0.98167956,0.091168836,-0.8934335,0.19007061,0.40700102
1356447688599,-0.39458835,0.15500633,-0.9056893,-0.22916783,-0.9711222,-0.06636177,-0.88982147,0.18136927,0.4187159
1356447688621,-0.31506962,0.36919463,-0.87431484,-0.3028373,-0.9121858,-0.2760553,-0.8994557,0.1777985,0.399208
1356447688661,-0.20255697,0.5628966,-0.8013227,-0.34642094,-0.8065622,-0.4790094,-0.91594934,0.18056828,0.35837397
1356447688699,-0.093167245,0.6956825,-0.7122821,-0.34799048,-0.693028,-0.6313596,-0.9328572,0.18904534,0.30665833
1356447688741,-0.0040777326,0.77286804,-0.63455373,-0.3238207,-0.601388,-0.7303922,-0.9461097,0.2025033,0.25272292
1356447688780,0.06392038,0.8125844,-0.5793279,-0.29337195,-0.5395637,-0.7891792,-0.95385903,0.22040316,0.2039004
1356447688821,0.11716229,0.83004874,-0.545245,-0.26867038,-0.5020614,-0.82204056,-0.95608014,0.24280336,0.16418684
1356447688861,0.15882409,0.83222926,-0.5311961,-0.2551305,-0.48515612,-0.83638036,-0.95377326,0.26836172,0.13527256
1356447688900,0.18938226,0.8222584,-0.5366801,-0.25446028,-0.48679984,-0.8356291,-0.9483588,0.2948171,0.11704081
1356447688941,0.20689303,0.8001659,-0.5629652,-0.2667575,-0.5074773,-0.8193335,-0.9412947,0.31968957,0.10845668
1356447688981,0.20829988,0.763371,-0.6114539,-0.2910179,-0.5484781,-0.7838879,-0.93376637,0.34122783,0.10790672
1356447689021,0.19122756,0.70758,-0.68026656,-0.3235067,-0.6088968,-0.7242845,-0.92670137,0.3585739,0.11246902
1356447689060,0.15588558,0.62995434,-0.7608267,-0.3562618,-0.68254375,-0.63813144,-0.9212911,0.370529,0.11802983
1356447689101,0.10822189,0.53454596,-0.8381818,-0.37878287,-0.7573611,-0.5319096,-0.91913635,0.37505317,0.12051374
1356447689141,0.06224507,0.43984225,-0.8959154,-0.3844476,-0.81782234,-0.42821324,-0.9210459,0.37108666,0.118190944
1356447689180,0.031957865,0.37063065,-0.92823035,-0.37562928,-0.8561697,-0.3547902,-0.9262188,0.36000884,0.11185837
1356447689220,0.022211134,0.3412097,-0.9397247,-0.3578859,-0.8749534,-0.32615048,-0.9335011,0.34355843,0.102680504
1356447689260,0.029587865,0.35232946,-0.9354082,-0.3349338,-0.8782231,-0.3413845,-0.94177693,0.32340065,0.09202236
1356447689301,0.045596063,0.39406395,-0.9179513,-0.30833483,-0.8684886,-0.38814577,-0.9501845,0.30073425,0.081903964
1356447689340,0.059679925,0.45173782,-0.8901524,-0.28043896,-0.8482397,-0.44926977,-0.9580148,0.2764458,0.076061994
1356447689381,0.060791016,0.51071566,-0.85759777,-0.25668848,-0.8222915,-0.5078855,-0.9645805,0.25101036,0.0811069
1356447689420,0.03963107,0.56117916,-0.82674503,-0.24563065,-0.79653466,-0.55244756,-0.96855307,0.22496799,0.10627523
1356447689461,-0.005123198,0.60109484,-0.7991613,-0.25452518,-0.7736351,-0.5802635,-0.9670526,0.20043388,0.15695727
1356447689500,-0.06889069,0.6296756,-0.7737975,-0.28640145,-0.7554731,-0.58926606,-0.9556297,0.18102178,0.23238513
1356447689540,-0.1332146,0.6551692,-0.7436445,-0.33374715,-0.73616374,-0.58879185,-0.9332024,0.16975358,0.3167286
1356447689580,-0.17382962,0.6881837,-0.70440495,-0.38186723,-0.70643204,-0.5959288,-0.90772283,0.1653991,0.38559365
1356447689620,-0.17888474,0.73164004,-0.65780175,-0.41779333,-0.6617998,-0.62247074,-0.89075756,0.16347466,0.4240602
1356447689660,-0.15430951,0.77835554,-0.608565,-0.43370193,-0.60679,-0.6661146,-0.88774514,0.16114795,0.4312077
1356447689701,-0.112214506,0.81994224,-0.56134015,-0.427478,-0.54979646,-0.7176256,-0.89703435,0.15943256,0.4122023
1356447689740,-0.06350565,0.8517321,-0.5201149,-0.40371734,-0.49854457,-0.7671152,-0.91267705,0.16126323,0.37551937
1356447689781,-0.011968255,0.8738785,-0.48599705,-0.36868727,-0.45564413,-0.810221,-0.9294764,0.16948402,0.32764113
1356447689820,0.03843224,0.88680446,-0.46054414,-0.33044794,-0.42367566,-0.84338784,-0.94304144,0.18459916,0.2767599
1356447689860,0.086141706,0.89210397,-0.44354278,-0.29546887,-0.4022928,-0.8665211,-0.9514609,0.20569673,0.2289347
1356447689901,0.12925029,0.8908759,-0.4354704,-0.2683919,-0.39133304,-0.880241,-0.95459944,0.2306481,0.18852404
1356447689941,0.16586012,0.88408875,-0.43689543,-0.25139835,-0.39048725,-0.8856177,-0.9535666,0.25672346,0.15749215
1356447689980,0.19502264,0.87277967,-0.44746137,-0.24436802,-0.39859527,-0.8839717,-0.94986856,0.2817397,0.13554442
1356447690020,0.21496671,0.85702986,-0.46828312,-0.24584466,-0.41656512,-0.87523365,-0.9451718,0.30327097,0.12114858
1356447690060,0.22426796,0.83637774,-0.5001762,-0.2541206,-0.44530255,-0.8585619,-0.94081175,0.319653,0.11267367
1356447690100,0.22286355,0.80976367,-0.5427842,-0.26763356,-0.4845705,-0.8328048,-0.93739223,0.33086917,0.10872675
1356447690141,0.21169591,0.7757852,-0.5944259,-0.2841159,-0.5330941,-0.7969247,-0.93512726,0.33759156,0.107559025
1356447690180,0.19219565,0.7333237,-0.6521482,-0.2998272,-0.58888334,-0.7505466,-0.9344328,0.33978355,0.10668951
1356447690221,0.16681695,0.683182,-0.71093905,-0.3102365,-0.64805156,-0.6955446,-0.9359088,0.33658788,0.10384208
1356447690260,0.13955736,0.6290536,-0.76473224,-0.31275538,-0.70475477,-0.6367926,-0.93952537,0.32804328,0.09838614
1356447690300,0.114883065,0.5784503,-0.80758727,-0.30654356,-0.75265044,-0.5827079,-0.94489837,0.31450394,0.09085336
1356447690340,0.09625065,0.540084,-0.83608925,-0.2929051,-0.78742754,-0.54236954,-0.95128465,0.29709822,0.082402825
1356447690381,0.084487915,0.5201777,-0.8498687,-0.27403328,-0.80789936,-0.5217321,-0.9580018,0.27697238,0.07428828
1356447690420,0.07733369,0.5201447,-0.8505699,-0.25263858,-0.8150573,-0.5213977,-0.9644653,0.25520837,0.06837714
1356447690459,0.070433795,0.5368555,-0.84072894,-0.232449,-0.81078595,-0.53720903,-0.9700549,0.2332643,0.0676848
1356447690501,0.055467844,0.5602715,-0.82644975,-0.21862084,-0.80082375,-0.5575719,-0.9742322,0.21160647,0.078067005
1356447690540,0.024959981,0.5834401,-0.8117725,-0.2174934,-0.7894056,-0.57405186,-0.97574264,0.1908835,0.10719079
1356447690580,-0.025653422,0.5999578,-0.79962015,-0.23413552,-0.78124094,-0.57865626,-0.9718654,0.17237496,0.16051298
1356447690621,-0.09161413,0.60845923,-0.78827924,-0.2665827,-0.77770054,-0.56931144,-0.95944804,0.15798463,0.23345307
1356447690660,-0.15387052,0.616333,-0.7723065,-0.30285227,-0.7734132,-0.55687743,-0.94053406,0.14820774,0.3056634
1356447690701,-0.1940937,0.63114846,-0.75098556,-0.3317802,-0.76266515,-0.55521506,-0.9231736,0.14139836,0.35743105
1356447690740,-0.20411754,0.6562215,-0.7264361,-0.3479712,-0.74223363,-0.5727174,-0.9150148,0.13587718,0.37984908
1356447690781,-0.1859647,0.6884216,-0.7010654,-0.35058427,-0.7130369,-0.6071812,-0.9178822,0.13286823,0.37394953
1356447690820,-0.14826643,0.72056174,-0.6773537,-0.34163824,-0.6800757,-0.6486759,-0.92806274,0.13523307,0.34700376
1356447690860,-0.09850514,0.7480514,-0.6562894,-0.3243928,-0.6476111,-0.6894702,-0.9407795,0.14497915,0.30645552
1356447690901,-0.04416758,0.7671101,-0.6399933,-0.30303147,-0.62072384,-0.7231002,-0.9519565,0.1620005,0.25987428
1356447690940,0.007816255,0.77522683,-0.63163453,-0.2824397,-0.6042229,-0.74507874,-0.95925313,0.1842224,0.21423218
1356447690980,0.05369085,0.7721119,-0.6332144,-0.2672591,-0.59988314,-0.7541305,-0.96212775,0.20972222,0.1741457
1356447691020,0.09021795,0.7560874,-0.64822257,-0.26118085,-0.61013407,-0.7480114,-0.9610647,0.23678738,0.14243048
1356447691061,0.11436123,0.72402024,-0.6802325,-0.26648998,-0.63727146,-0.72309625,-0.9570291,0.2639693,0.120064974
1356447691100,0.120028794,0.6666101,-0.7356794,-0.28306553,-0.6872964,-0.6689527,-0.9515604,0.28853905,0.10619894
1356447691141,0.09954232,0.568821,-0.8164153,-0.3079313,-0.7626022,-0.5688727,-0.9461869,0.30802673,0.09924665
1356447691181,0.0440557,0.40545386,-0.91305333,-0.33284116,-0.85576916,-0.39607593,-0.94195324,0.32135114,0.097250104
1356447691220,-0.045340776,0.1665154,-0.98499584,-0.34108937,-0.92933446,-0.14140488,-0.9389367,0.32956022,0.09893343
1356447691260,-0.14746904,-0.11116852,-0.98279923,-0.3170352,-0.93591976,0.1534369,-0.9368786,0.33420914,0.10277486
1356447691300,-0.22900486,-0.3499067,-0.9083623,-0.26727447,-0.8746944,0.40431947,-0.9360134,0.33537316,0.10678807
1356447691340,-0.27565217,-0.5090524,-0.8154026,-0.21511897,-0.79408455,0.568466,-0.9368776,0.33210748,0.10938428
1356447691381,-0.2940207,-0.5995753,-0.7443529,-0.17525145,-0.73175436,0.6586519,-0.9395949,0.32410628,0.110074624
1356447691420,-0.2945329,-0.64337194,-0.70662785,-0.15045139,-0.6989889,0.69912714,-0.9437238,0.3122291,0.10907903
1356447691461,-0.28464377,-0.65374637,-0.7011374,-0.13923565,-0.6954429,0.70496285,-0.94846797,0.29828665,0.10692869
1356447691500,-0.26795602,-0.63503027,-0.72452474,-0.13898234,-0.71868074,0.6813089,-0.95335376,0.28325695,0.104316846
1356447691540,-0.24651551,-0.58451897,-0.773025,-0.14686964,-0.7658963,0.62596494,-0.9579454,0.26784396,0.10295725
1356447691580,-0.22395372,-0.50026536,-0.8364085,-0.15775435,-0.82828236,0.53764474,-0.9617475,0.25235462,0.10657789
1356447691621,-0.20983708,-0.3943164,-0.8946971,-0.16388181,-0.8879397,0.4297741,-0.9639041,0.23680711,0.12170139
1356447691661,-0.22013807,-0.3010972,-0.927836,-0.1588822,-0.92740023,0.33865213,-0.9624426,0.22196686,0.15631711
1356447691698,-0.26502532,-0.25611728,-0.929605,-0.14067192,-0.94349456,0.30004883,-0.953925,0.21028988,0.2140215
1356447691741,-0.33691335,-0.2674386,-0.90275466,-0.107195,-0.94168115,0.31897625,-0.9354136,0.20423815,0.28859687
1356447691780,-0.40855557,-0.299691,-0.86212975,-0.06639009,-0.9322985,0.35554454,-0.9103157,0.20249656,0.36099923
1356447691821,-0.45742202,-0.30916202,-0.83377695,-0.039984018,-0.92951953,0.3665989,-0.88835037,0.20102817,0.41282114
1356447691860,-0.4754094,-0.26542965,-0.83876884,-0.05051493,-0.9435926,0.32723287,-0.8783133,0.1979399,0.43518454
1356447691901,-0.45965648,-0.1590521,-0.8737382,-0.10245681,-0.967766,0.23006907,-0.88216704,0.19527316,0.42854384
1356447691940,-0.4064821,-3.3210963E-4,-0.9136586,-0.1787026,-0.98065674,0.07986033,-0.89601207,0.19573498,0.39856008
1356447691981,-0.3202623,0.17770597,-0.9305121,-0.24909833,-0.9634799,-0.098267764,-0.9139924,0.20031753,0.35283256
1356447692021,-0.21950483,0.33376232,-0.9167444,-0.29137555,-0.9192025,-0.26489043,-0.9310842,0.20897216,0.29901963
1356447692061,-0.12619013,0.4430999,-0.88754636,-0.30493358,-0.86870646,-0.3903392,-0.94397646,0.22138578,0.24473816
1356447692101,-0.050786674,0.50626826,-0.86087924,-0.3034099,-0.8290711,-0.46966314,-0.9515057,0.23734666,0.1957126
1356447692141,0.0051694512,0.53209746,-0.8466673,-0.29955146,-0.8069742,-0.5089808,-0.95406604,0.25625157,0.15521902
1356447692181,0.041803777,0.52618796,-0.84934014,-0.3001954,-0.80419034,-0.51299185,-0.95296127,0.27641302,0.12434101
1356447692221,0.058401465,0.48983416,-0.8698574,-0.30727765,-0.8202206,-0.48251304,-0.9498262,0.29546723,0.10261288
1356447692261,0.05293095,0.41983423,-0.9060561,-0.3191044,-0.85264444,-0.41372696,-0.94624037,0.31102547,0.08883956
1356447692301,0.02423364,0.31347704,-0.9492865,-0.33131635,-0.8933829,-0.30347425,-0.9432085,0.32186842,0.082210094
1356447692340,-0.025705814,0.17178974,-0.9847982,-0.33697918,-0.92895573,-0.15325247,-0.94116116,0.32791704,0.08176908
1356447692381,-0.085915744,0.012900218,-0.9962189,-0.32914263,-0.9441419,0.016159981,-0.9403635,0.32928652,0.08536267
1356447692422,-0.13882184,-0.13077644,-0.9816446,-0.3079512,-0.9363983,0.16829836,-0.94121975,0.3256621,0.08971971
1356447692460,-0.17243552,-0.23402871,-0.95681584,-0.28207698,-0.91895336,0.2756033,-0.94376826,0.31741953,0.09244615
1356447692501,-0.18566132,-0.29039714,-0.93872225,-0.25938997,-0.9069601,0.3318738,-0.9477588,0.30511126,0.0930613
1356447692540,-0.1829536,-0.30359697,-0.93507046,-0.24341989,-0.9075197,0.34227878,-0.9525097,0.29023588,0.09213245
1356447692581,-0.1690681,-0.27787986,-0.9456208,-0.2339993,-0.9206832,0.3123886,-0.9574237,0.27408957,0.09063453
1356447692621,-0.14822298,-0.21658768,-0.96494544,-0.22888584,-0.9417181,0.24653274,-0.96210253,0.25740415,0.090010345
1356447692660,-0.12501037,-0.124522775,-0.98431015,-0.22573328,-0.9625042,0.15043297,-0.966135,0.24099725,0.09221414
1356447692700,-0.10773718,-0.01800391,-0.99401635,-0.22216946,-0.9741149,0.04172343,-0.96903735,0.22533524,0.10094848
1356447692740,-0.1358782,-0.053683132,-0.98927003,-0.20268443,-0.9759052,0.080797,-0.9697712,0.2114882,0.1217235
1356447692781,-0.13134968,0.15403205,-0.97929645,-0.22171211,-0.9673968,-0.12242289,-0.96622515,0.20104165,0.16121796
1356447692820,-0.16451383,0.2664777,-0.9496972,-0.24409348,-0.9438677,-0.22255823,-0.95569533,0.19520098,0.22032475
1356447692860,-0.21800566,0.3225589,-0.9211021,-0.2714117,-0.9266097,-0.2602501,-0.9374482,0.19326189,0.28955248
1356447692901,-0.26670784,0.35899085,-0.894423,-0.2980621,-0.91326654,-0.2776749,-0.9165293,0.19253553,0.35057682
1356447692940,-0.29005075,0.40034482,-0.86924946,-0.32095292,-0.8963859,-0.30574748,-0.90158737,0.19030589,0.38848925
1356447692981,-0.28159487,0.4533803,-0.8456657,-0.33747202,-0.8718186,-0.35502794,-0.89822984,0.18541446,0.3985029
1356447693021,-0.24653012,0.51162744,-0.82307976,-0.3432684,-0.8403316,-0.41953492,-0.9063055,0.17910926,0.3827926
1356447693061,-0.19472224,0.5652845,-0.8015838,-0.3358463,-0.8062535,-0.4869932,-0.9215695,0.17438054,0.34684432
1356447693100,-0.13594192,0.6075109,-0.7825921,-0.31717157,-0.77503777,-0.5465517,-0.9385745,0.17391667,0.29804525
1356447693140,-0.07698423,0.636034,-0.76781124,-0.29269832,-0.75058174,-0.5924143,-0.95310074,0.1791305,0.24394909
1356447693180,-0.022403777,0.65076745,-0.7589465,-0.2692537,-0.73501486,-0.6222987,-0.96280867,0.19040728,0.19168863
1356447693221,0.025789678,0.65327656,-0.75668,-0.25290626,-0.7280441,-0.6371736,-0.967147,0.20780157,0.1464417
1356447693260,0.06568253,0.64444566,-0.76182383,-0.24689282,-0.72923756,-0.63816655,-0.9668142,0.23000522,0.11121082
1356447693300,0.09589255,0.62528014,-0.77448654,-0.25149217,-0.737609,-0.6266455,-0.9630972,0.2548679,0.086521864
1356447693340,0.11406684,0.5948082,-0.7957335,-0.26476818,-0.753792,-0.6014111,-0.9575419,0.27928597,0.0715037
1356447693381,0.11733043,0.55099523,-0.82621896,-0.28448057,-0.77845174,-0.55953866,-0.9514748,0.3006941,0.06541142
1356447693421,0.102340996,0.490232,-0.8655628,-0.30857533,-0.8115626,-0.49613252,-0.94567835,0.317866,0.06821737
1356447693459,0.06889576,0.40962884,-0.909647,-0.33248487,-0.85025626,-0.40806627,-0.9405887,0.33055788,0.077616334
1356447693501,0.020717442,0.3127786,-0.9496,-0.35025066,-0.88734215,-0.29991356,-0.93642676,0.3388115,0.09116757
1356447693540,-0.032721758,0.20686945,-0.9778212,-0.35624,-0.91650313,-0.18197575,-0.9338214,0.3423845,0.10368472
1356447693580,-0.07901394,0.10646336,-0.9911722,-0.34956348,-0.9341059,-0.07246739,-0.9335749,0.34075168,0.1110231
1356447693620,-0.11041689,0.024167717,-0.9935914,-0.3340115,-0.9424621,0.014194295,-0.93607926,0.33343828,0.112136036
1356447693661,-0.12506694,-0.032813787,-0.9916055,-0.31439227,-0.94663596,0.07097859,-0.94101846,0.3206302,0.10807639
1356447693700,-0.12456328,-0.061601378,-0.99029756,-0.29414666,-0.95091164,0.09615023,-0.9476085,0.3032695,0.10032877
1356447693741,-0.11242294,-0.062182315,-0.9917129,-0.27434996,-0.9573026,0.09112568,-0.9550357,0.28232098,0.09056306
1356447693780,-0.094322085,-0.03727848,-0.99484354,-0.25457296,-0.9651716,0.060302943,-0.9624427,0.25894815,0.0815469
1356447693821,-0.07893407,0.00520397,-0.99686635,-0.23334786,-0.97230107,0.01340127,-0.9691844,0.23367442,0.07796195
1356447693860,-0.077044666,0.054620676,-0.9955304,-0.2111629,-0.97674096,-0.037247755,-0.97440976,0.20734933,0.08678648
1356447693900,-0.09998721,0.09513122,-0.9904305,-0.19020262,-0.9788895,-0.07482113,-0.97663987,0.18090133,0.11597064
1356447693941,-0.15042943,0.11752148,-0.9816108,-0.17342977,-0.98064893,-0.09082863,-0.97328985,0.15657723,0.16790017
1356447693980,-0.21543735,0.12439714,-0.96856177,-0.16178496,-0.98269254,-0.090226166,-0.9630225,0.13726065,0.23183441
1356447694020,-0.27435273,0.12582795,-0.95336133,-0.15502001,-0.98422265,-0.08529039,-0.9490518,0.12439044,0.2895301
1356447694061,-0.30965096,0.13385135,-0.9413821,-0.15389073,-0.9840446,-0.089297734,-0.9383145,0.11721883,0.32530868
1356447694100,-0.31656337,0.15147626,-0.9363987,-0.15789801,-0.98180956,-0.1054424,-0.93533725,0.114476286,0.33472282
1356447694140,-0.29777056,0.17582084,-0.93830687,-0.16540791,-0.9775293,-0.13067837,-0.94019836,0.116291195,0.32016152
1356447694180,-0.26023138,0.1992486,-0.9447643,-0.1737291,-0.9721697,-0.15717539,-0.9497883,0.12323109,0.28760442
1356447694220,-0.21251816,0.21364391,-0.9535158,-0.18142939,-0.9674659,-0.17633283,-0.9601664,0.13552186,0.24436527
1356447694261,-0.16314745,0.212037,-0.96354717,-0.18938825,-0.9652004,-0.18033364,-0.96825355,0.15306354,0.1976273
1356447694300,-0.12045342,0.18791994,-0.97477025,-0.19936624,-0.9664936,-0.16168845,-0.9724937,0.17486036,0.15388241
1356447694340,-0.09024012,0.13868049,-0.9862172,-0.21319729,-0.9699914,-0.11689103,-0.97283274,0.19971058,0.11709851
1356447694381,-0.07769519,0.06042844,-0.9951441,-0.22978818,-0.9723721,-0.041105084,-0.9701344,0.22547868,0.089434505
1356447694420,-0.08599025,-0.047591284,-0.9951587,-0.24503438,-0.96716696,0.06742571,-0.9656935,0.24964602,0.07150543
1356447694459,-0.11410993,-0.17953083,-0.9771119,-0.25203523,-0.94612837,0.20327145,-0.96096677,0.26946193,0.06271461
1356447694501,-0.15626448,-0.3179004,-0.93515813,-0.2451696,-0.9046745,0.3485054,-0.9568037,0.28373137,0.063428976
1356447694540,-0.20343101,-0.44707745,-0.87105536,-0.2221899,-0.845367,0.4857841,-0.9535446,0.2923633,0.072637826
1356447694599,-0.24448562,-0.55216396,-0.79708326,-0.18784514,-0.77948654,0.597591,-0.9512838,0.2958306,0.08685194
1356447694621,-0.27234584,-0.62876046,-0.72834605,-0.15098473,-0.7196563,0.6777156,-0.95027965,0.2945422,0.10106216
1356447694661,-0.28624344,-0.68108046,-0.6739392,-0.118763536,-0.6727264,0.73029745,-0.9507681,0.28908226,0.11167598
1356447694698,-0.289194,-0.71502733,-0.6364769,-0.09405407,-0.6404464,0.7622218,-0.95263875,0.2802932,0.11796203
1356447694741,-0.28453344,-0.7346419,-0.61590725,-0.07722381,-0.6228108,0.7785518,-0.9555506,0.2690868,0.12047875
1356447694780,-0.27453506,-0.7412168,-0.6125587,-0.067911536,-0.620499,0.7812612,-0.95917594,0.2560834,0.12001154
1356447694821,-0.26015067,-0.7336253,-0.6277862,-0.06503388,-0.63538355,0.76945317,-0.9633754,0.24100113,0.11758503
1356447694861,-0.24261838,-0.7083882,-0.66281414,-0.066403806,-0.6694988,0.7398392,-0.9678465,0.2235119,0.115393
1356447694901,-0.22504663,-0.662326,-0.71461767,-0.06726083,-0.72112167,0.68953574,-0.97202367,0.2032435,0.1177374
1356447694940,-0.21549249,-0.59765023,-0.77225465,-0.061091304,-0.78103477,0.62149227,-0.9745926,0.18110496,0.13179581
1356447694981,-0.22619456,-0.53184617,-0.81607324,-0.042514086,-0.83159834,0.55374783,-0.9731539,0.15994935,0.16549209
1356447695021,-0.26268208,-0.48914218,-0.83170784,-0.01187551,-0.86027414,0.50969326,-0.9648093,0.14376423,0.22016987
1356447695060,-0.3136524,-0.47518837,-0.82208157,0.023820475,-0.86943537,0.49347204,-0.949239,0.13519634,0.28401977
1356447695100,-0.3588835,-0.47007883,-0.8063675,0.050725207,-0.8724658,0.48603553,-0.932003,0.13352694,0.33695835
1356447695141,-0.38532573,-0.44920033,-0.80606633,0.055146977,-0.8831673,0.46580476,-0.9211312,0.13503446,0.36507928
1356447695180,-0.38957572,-0.3988986,-0.8301269,0.032805935,-0.9067758,0.42033482,-0.9204099,0.13651915,0.36634415
1356447695220,-0.37114793,-0.31628168,-0.8730492,-0.011329979,-0.938592,0.3448426,-0.9285045,0.13787928,0.34477317
1356447695260,-0.33132464,-0.20977986,-0.91990024,-0.065501265,-0.96750337,0.24422745,-0.9412405,0.1411732,0.3068167
1356447695300,-0.27520537,-0.09635106,-0.95654505,-0.117058784,-0.9842038,0.1328158,-0.9542323,0.14852361,0.25957945
1356447695340,-0.21183872,0.0051704794,-0.977291,-0.15844212,-0.9869388,0.029122576,-0.96437573,0.16101335,0.20989099
1356447695381,-0.1510157,0.0811708,-0.98519313,-0.18922466,-0.98056734,-0.0517843,-0.9702517,0.1786026,0.16344064
1356447695420,-0.10107881,0.123463795,-0.9871878,-0.21297063,-0.97195315,-0.099752255,-0.9718161,0.20015919,0.124538094
1356447695461,-0.06825179,0.12740177,-0.9895001,-0.23293191,-0.96643656,-0.10836555,-0.9700951,0.22309001,0.095636964
1356447695500,-0.056658924,0.09181657,-0.9941627,-0.2509754,-0.96509695,-0.0748287,-0.96633387,0.24527068,0.07772499
1356447695540,-0.07063061,0.011954039,-0.99743086,-0.26473856,-0.96429336,0.0071899295,-0.96173006,0.26456624,0.07127339
1356447695580,-0.110236764,-0.10920355,-0.98788786,-0.26787,-0.95390207,0.13533787,-0.9571277,0.27954477,0.07590279
1356447695620,-0.16528565,-0.24987842,-0.9540657,-0.25395527,-0.92396724,0.28599152,-0.9529886,0.28956035,0.08926063
1356447695660,-0.21692216,-0.37449336,-0.90149856,-0.22556053,-0.8792688,0.41953415,-0.94977224,0.29434872,0.10626191
1356447695701,-0.2509787,-0.45918694,-0.85214853,-0.1948668,-0.83833563,0.50913686,-0.94817543,0.29383796,0.1209241
1356447695740,-0.2653414,-0.50186616,-0.82324004,-0.17261995,-0.8153222,0.55267704,-0.94857585,0.28875577,0.1297067
1356447695780,-0.2640338,-0.5084738,-0.81959784,-0.16217174,-0.8142512,0.5574005,-0.95078206,0.2800882,0.13252975
1356447695821,-0.25109977,-0.48124105,-0.83985466,-0.16309796,-0.8342128,0.5267713,-0.95412153,0.26925075,0.13098127
1356447695861,-0.22848105,-0.41671234,-0.87985635,-0.17338961,-0.87189543,0.45796773,-0.9579835,0.2571949,0.12695798
1356447695900,-0.19706911,-0.30888283,-0.9304596,-0.18913569,-0.91926455,0.34522495,-0.9619727,0.24401632,0.122737944
1356447695940,-0.16018707,-0.1587799,-0.9742325,-0.20416133,-0.96030617,0.1900792,-0.9657423,0.22934885,0.12141198
1356447695980,-0.127832,0.012697712,-0.9917145,-0.21269163,-0.9770056,0.01490657,-0.9687214,0.21283492,0.12759334
1356447696020,-0.11501044,0.16875163,-0.9789256,-0.21550274,-0.966234,-0.14124516,-0.96970665,0.19471648,0.14749357
1356447696061,-0.13156754,0.28303987,-0.9500413,-0.22101629,-0.9426243,-0.25022244,-0.96635497,0.17705344,0.18657517
1356447696101,-0.17168641,0.35831693,-0.9176779,-0.2375271,-0.91908437,-0.31442764,-0.9560882,0.16399041,0.24290434
1356447696141,-0.21727735,0.4126469,-0.8845978,-0.26634485,-0.8969219,-0.3529755,-0.9390693,0.15891445,0.3047871
1356447696180,-0.24650419,0.46701103,-0.8491975,-0.30330575,-0.8693947,-0.3900751,-0.9204571,0.16141136,0.3559565
1356447696220,-0.24550545,0.532074,-0.8103236,-0.33970997,-0.83012056,-0.44215035,-0.907923,0.16672467,0.38454998
1356447696260,-0.21661317,0.6006244,-0.7696291,-0.36430112,-0.7811317,-0.5070679,-0.90573907,0.17053911,0.3880116
1356447696300,-0.17029458,0.66108227,-0.7307324,-0.36978447,-0.73024184,-0.5744616,-0.9133778,0.17238578,0.36881435
