1356447270662,0.42941305,-0.22818899,-0.87380445,0.7551965,-0.4398711,0.48599553,-0.49526015,-0.8685869,-0.016558856
1356447270707,-0.44313645,0.26889932,-0.8551744,0.7472311,-0.41622192,-0.5180781,-0.4952532,-0.86859226,-0.016486824
1356447270744,-0.44294876,0.2683539,-0.855443,0.7473744,-0.41650027,-0.5176476,-0.49520496,-0.86862755,-0.01607263
1356447270786,-0.442424,0.26665804,-0.8562444,0.7478241,-0.41729182,-0.51635903,-0.49499506,-0.8687698,-0.014793396
1356447270825,-0.44141132,0.26325643,-0.85781825,0.74884653,-0.41860932,-0.51380455,-0.49435306,-0.8691734,-0.012359738
1356447270864,-0.4398648,0.25830668,-0.86011434,0.7506811,-0.41995102,-0.5100187,-0.4929471,-0.87001085,-0.009184241
1356447270906,-0.4377162,0.25200242,-0.8630755,0.7536891,-0.42057842,-0.5050412,-0.4902625,-0.87155527,-0.0058374405
1356447270946,-0.43571258,0.24579653,-0.8658745,0.7573364,-0.419751,-0.5002507,-0.48641157,-0.87372375,-0.0032598376
1356447270986,-0.4347213,0.24104214,-0.8677074,0.7609458,-0.41699177,-0.4970708,-0.4816418,-0.87636554,-0.0021448135
1356447271025,-0.43566483,0.23905498,-0.8677839,0.7635922,-0.41229153,-0.4969332,-0.4765743,-0.8791293,-0.0029196143
1356447271067,-0.43927163,0.24144417,-0.86530066,0.764744,-0.40491694,-0.5012075,-0.4713885,-0.8818997,-0.0067744255
1356447271105,-0.446191,0.2499654,-0.85932004,0.76398194,-0.3936962,-0.51120913,-0.4660957,-0.88460195,-0.01530534
1356447271144,-0.45619208,0.26610097,-0.8491638,0.76155436,-0.37690455,-0.52723604,-0.4603517,-0.8872053,-0.030709505
1356447271187,-0.46854568,0.29103458,-0.8341247,0.75775695,-0.35299915,-0.54881334,-0.45416895,-0.88920784,-0.055137217
1356447271227,-0.4813481,0.32329327,-0.8147302,0.75296026,-0.32333195,-0.5731554,-0.44872564,-0.88934684,-0.08779174
1356447271264,-0.49164772,0.35758403,-0.7939875,0.74830306,-0.29281467,-0.5952327,-0.44533697,-0.88678813,-0.1236195
1356447271303,-0.49873614,0.39183128,-0.7731303,0.7442771,-0.2635268,-0.6136817,-0.44420025,-0.88148844,-0.16020072
1356447271346,-0.50207406,0.4246279,-0.75340086,0.7421175,-0.23576617,-0.62743604,-0.44405323,-0.8741313,-0.19675177
1356447271385,-0.5012586,0.45393324,-0.7366712,0.7433096,-0.20995146,-0.6351466,-0.44297934,-0.8659475,-0.2321729
1356447271427,-0.49943262,0.4835196,-0.71887124,0.7469023,-0.1801365,-0.6400686,-0.4389807,-0.8565977,-0.27117586
1356447271465,-0.49648649,0.51235574,-0.70070875,0.75310796,-0.14717072,-0.6412247,-0.431659,-0.8460687,-0.31279087
1356447271504,-0.4967937,0.54368263,-0.6764653,0.7601245,-0.103567004,-0.6414707,-0.41881597,-0.83287644,-0.36181504
1356447271546,-0.5013914,0.57667434,-0.64502203,0.76779366,-0.047130823,-0.6389615,-0.3988731,-0.81561357,-0.41913593
1356447271608,-0.51020247,0.607868,-0.6084324,0.77520317,0.018628418,-0.63143736,-0.3724964,-0.7938196,-0.4807254
1356447271626,-0.5215603,0.6336034,-0.5714208,0.7812813,0.08550954,-0.61829424,-0.34289134,-0.76891804,-0.53962076
1356447271664,-0.53223807,0.6507729,-0.5414953,0.7849529,0.13974255,-0.60358995,-0.3171301,-0.74630195,-0.58520246
1356447271705,-0.53954524,0.6593697,-0.52356726,0.78597486,0.17148077,-0.5940016,-0.30188492,-0.73200136,-0.6107697
1356447271745,-0.5418444,0.66098547,-0.5191366,0.78493345,0.17714828,-0.59371537,-0.30047303,-0.7291891,-0.6148164
1356447271787,-0.5366868,0.6556235,-0.5311545,0.783554,0.15368438,-0.6020168,-0.31306624,-0.7392827,-0.5961968
1356447271826,-0.5224487,0.64383805,-0.55903476,0.78547776,0.10830331,-0.60933983,-0.33177084,-0.7574582,-0.56230336
1356447271867,-0.49226472,0.618821,-0.61215687,0.79513025,0.033526212,-0.6055112,-0.35417974,-0.78481627,-0.50854707
1356447271903,-0.44289488,0.57785547,-0.6855123,0.8147689,-0.05967343,-0.5767068,-0.37416005,-0.81395465,-0.44438952
1356447271945,-0.369573,0.5126741,-0.7749716,0.84348214,-0.16478544,-0.5112568,-0.38981223,-0.84262145,-0.3715312
1356447271985,-0.27619743,0.42223817,-0.86338276,0.87380844,-0.26375663,-0.40852308,-0.400217,-0.8672643,-0.29610634
1356447272024,-0.17878866,0.31691164,-0.9314513,0.896393,-0.33780825,-0.2869933,-0.4056035,-0.88625765,-0.22368109
1356447272085,-0.09870607,0.2155846,-0.97148365,0.90823185,-0.37943316,-0.17648047,-0.40665954,-0.8997521,-0.1583485
1356447272102,-0.051829815,0.13551134,-0.9894192,0.9130792,-0.39484304,-0.10190871,-0.4044751,-0.9087,-0.10326797
1356447272142,-0.040579975,0.082926154,-0.9957291,0.91550446,-0.39611793,-0.07029995,-0.40025592,-0.9144472,-0.059844762
1356447272178,-0.062115908,0.0571568,-0.99643093,0.91645396,-0.39213789,-0.07962391,-0.39528936,-0.9181291,-0.02802357
1356447272221,-0.10687554,0.05259335,-0.99288034,0.91472894,-0.38617253,-0.118918896,-0.3896775,-0.920926,-0.0068362653
1356447272263,-0.16697419,0.063046694,-0.98394346,0.90851706,-0.37785625,-0.17838573,-0.38303578,-0.92371523,0.005813211
1356447272306,-0.22850668,0.07978901,-0.9702672,0.89835167,-0.36678326,-0.241732,-0.37516534,-0.92687845,0.012133837
1356447272345,-0.2836572,0.09635824,-0.95407224,0.8852034,-0.35625416,-0.29916218,-0.3687189,-0.9294075,0.015757382
1356447272385,-0.32679182,0.11024165,-0.93864465,0.8710522,-0.3502307,-0.34439304,-0.3667086,-0.93015337,0.01842627
1356447272426,-0.35712928,0.123143464,-0.925902,0.85725915,-0.35040587,-0.3772565,-0.37089816,-0.9284673,0.019574374
1356447272464,-0.37309664,0.13525963,-0.91788006,0.84617263,-0.356139,-0.39643025,-0.3805139,-0.9245918,0.018421263
1356447272504,-0.37309968,0.14482886,-0.9164176,0.83982575,-0.36708146,-0.39992988,-0.39432132,-0.9188448,0.015327007
1356447272544,-0.35404944,0.14866188,-0.92333555,0.84019065,-0.38307077,-0.38384432,-0.4107659,-0.9116778,0.010721743
1356447272611,-0.31527555,0.14695919,-0.9375523,0.8468594,-0.4022923,-0.34783623,-0.4282878,-0.9036392,0.0023792088
1356447272621,-0.26248682,0.14941528,-0.9532973,0.856269,-0.41940188,-0.3015055,-0.4448642,-0.89542013,-0.017852217
1356447272665,-0.20588619,0.17192504,-0.9633549,0.8656559,-0.42708415,-0.2612257,-0.4563449,-0.88771665,-0.0608972
1356447272709,-0.16662866,0.2303592,-0.9587333,0.87302864,-0.417486,-0.25204435,-0.4583185,-0.8789995,-0.13154507
1356447272745,-0.17756462,0.3455329,-0.9214542,0.87901795,-0.36532182,-0.3063779,-0.44249094,-0.86437666,-0.23886138
1356447272785,-0.20843405,0.4647209,-0.86057514,0.88684386,-0.28120393,-0.36665,-0.41238707,-0.8396182,-0.35352242
1356447272824,-0.23178235,0.54794383,-0.8037627,0.89446306,-0.20474014,-0.39751393,-0.38237774,-0.81107277,-0.4426604
1356447272865,-0.2285245,0.5863116,-0.7771842,0.90111756,-0.17475069,-0.3967989,-0.3684613,-0.7910126,-0.48840076
1356447272905,-0.19359294,0.58632404,-0.78660405,0.9072382,-0.19818035,-0.37100336,-0.37341762,-0.7854608,-0.49356925
1356447272945,-0.11863229,0.5451709,-0.82988864,0.9126799,-0.26931384,-0.30738503,-0.39107782,-0.7938884,-0.46561724
1356447272984,-0.004094571,0.45824295,-0.88881755,0.9114209,-0.36400434,-0.19186649,-0.41145492,-0.81087244,-0.41616178
1356447273024,0.13396493,0.32982576,-0.9344883,0.89385056,-0.44737622,-0.029761314,-0.42788386,-0.8313059,-0.35474768
1356447273064,0.25893423,0.189531,-0.9471172,0.8611965,-0.48931304,0.137526,-0.43737134,-0.85126424,-0.28992334
1356447273106,0.346093,0.06906611,-0.93565464,0.829071,-0.4893313,0.27054796,-0.43915942,-0.8693588,-0.22661485
1356447273145,0.38663,-0.012109637,-0.92215544,0.81359,-0.46636713,0.34723628,-0.43426794,-0.8845084,-0.17045923
1356447273186,0.39100584,-0.057113856,-0.9186144,0.8177016,-0.43656865,0.37519574,-0.4224671,-0.89785624,-0.123998776
1356447273223,0.3596069,-0.06852725,-0.93058413,0.83957887,-0.4114236,0.3547364,-0.40717345,-0.90886444,-0.0904167
1356447273266,0.30167568,-0.054195255,-0.951869,0.8703443,-0.39192587,0.29815257,-0.38922057,-0.9183991,-0.07106595
1356447273305,0.22522843,-0.026971936,-0.9739325,0.9002455,-0.3765176,0.21861497,-0.3725992,-0.9260167,-0.06052108
1356447273344,0.15171164,-0.0017433167,-0.9884232,0.9206488,-0.36367,0.14195043,-0.35970733,-0.93152624,-0.053567976
1356447273386,0.0933004,0.0140948,-0.99553823,0.93053734,-0.35686213,0.08215615,-0.35411194,-0.9340507,-0.046411127
1356447273425,0.057877123,0.019537032,-0.99813247,0.93212813,-0.35906273,0.047021717,-0.3574735,-0.9331089,-0.038992524
1356447273464,0.051076174,0.014185756,-0.998594,0.92795634,-0.3702917,0.04220289,-0.3691724,-0.9288072,-0.032076836
1356447273505,0.08131671,-0.006317079,-0.9966682,0.9185774,-0.38758796,0.077401966,-0.3867856,-0.921811,-0.025714606
1356447273544,0.15634006,-0.047743022,-0.9865488,0.899554,-0.40558547,0.16218174,-0.40787295,-0.9128094,-0.020461798
1356447273609,0.27403182,-0.109231055,-0.95549726,0.8606087,-0.4155997,0.29432896,-0.42925426,-0.90296483,-0.019882366
1356447273625,0.4005399,-0.16708276,-0.9009169,0.7992078,-0.4171867,0.4326918,-0.4481458,-0.8933301,-0.033566117
1356447273665,0.51207733,-0.20183834,-0.834888,0.725214,-0.41924825,0.5461643,-0.46026227,-0.8851509,-0.06831151
1356447273707,0.56272805,-0.16672492,-0.80965424,0.6875428,-0.44937328,0.5703933,-0.45893574,-0.87764823,-0.13824445
1356447273745,0.575667,-0.08191997,-0.81357026,0.6859369,-0.49320066,0.5350174,-0.44508204,-0.86604977,-0.22772741
1356447273784,0.5599611,0.02923578,-0.8280029,0.71160203,-0.52882123,0.4625696,-0.42434204,-0.8482295,-0.31692356
1356447273825,0.564097,0.09577653,-0.820135,0.71682596,-0.5497824,0.42883557,-0.4098234,-0.8297989,-0.37878567
1356447273864,0.61101675,0.08260113,-0.78729635,0.6781595,-0.5676582,0.46675888,-0.40836042,-0.81911004,-0.4028654
1356447273904,0.6778662,0.0062802136,-0.73515844,0.6048771,-0.57314014,0.5528418,-0.41787684,-0.81943333,-0.3923111
1356447273944,0.7289595,-0.088618115,-0.67879665,0.5306016,-0.5533758,0.64205706,-0.4325275,-0.82820415,-0.35636762
1356447273988,0.7538696,-0.17289233,-0.6338682,0.48079878,-0.5123498,0.71156895,-0.44778705,-0.8411932,-0.3031185
1356447274024,0.7527157,-0.22581136,-0.61840785,0.47134572,-0.47094917,0.745681,-0.45962188,-0.8527697,-0.2480556
1356447274066,0.73848075,-0.25983304,-0.62220013,0.48666042,-0.4333015,0.7585588,-0.46669888,-0.86298126,-0.19353437
1356447274106,0.7074444,-0.2714126,-0.65257764,0.52923465,-0.40853706,0.7436452,-0.46843684,-0.87145436,-0.1453763
1356447274148,0.66128063,-0.26465082,-0.701903,0.5900214,-0.39431503,0.7045497,-0.4632306,-0.8800429,-0.10460323
1356447274186,0.5867175,-0.23505792,-0.77492607,0.67097807,-0.39465144,0.62772506,-0.4533774,-0.88825566,-0.07383022
1356447274224,0.48493758,-0.1865302,-0.85442495,0.756358,-0.40101662,0.51682496,-0.43904212,-0.8968791,-0.053384364
1356447274265,0.3550653,-0.1241802,-0.92655706,0.83387893,-0.40595746,0.37395793,-0.42258087,-0.90541583,-0.040590197
1356447274304,0.21442544,-0.06287491,-0.9747145,0.8872234,-0.40480244,0.22129059,-0.4084805,-0.9122399,-0.031015858
1356447274344,0.086731136,-0.014065117,-0.9961325,0.9118762,-0.4015543,0.08506495,-0.4011977,-0.9157272,-0.022001624
1356447274383,-0.013297558,0.020551264,-0.9997003,0.9151236,-0.40265447,-0.020450145,-0.40295407,-0.9151213,-0.0134525895
1356447274424,-0.07924545,0.042532563,-0.99594736,0.907246,-0.41091633,-0.089736104,-0.4130677,-0.9106804,-0.0060242712
1356447274463,-0.10696232,0.050919473,-0.9929583,0.897185,-0.42547053,-0.11846393,-0.4285067,-0.9035385,-1.7482042E-4
1356447274506,-0.09715968,0.045764357,-0.9942161,0.8890673,-0.44500738,-0.10736802,-0.44734713,-0.89435685,0.0025491714
1356447274543,-0.048319936,0.027028143,-0.99846613,0.88333595,-0.4654613,-0.055348188,-0.46624336,-0.8846555,-0.001383841
1356447274605,0.012131274,0.01775366,-0.99976873,0.87524086,-0.48368305,0.0020311177,-0.48353514,-0.8750632,-0.021406412
1356447274624,0.070632935,0.033931434,-0.9969251,0.86567926,-0.49862957,0.044362694,-0.495591,-0.86615086,-0.06459345
1356447274663,0.085232854,0.110898405,-0.9901701,0.86387813,-0.50337976,0.017983556,-0.4964372,-0.85691917,-0.13870725
1356447274704,0.054573476,0.23906475,-0.96946883,0.87462825,-0.47984552,-0.069092125,-0.48171282,-0.84415424,-0.23527962
1356447274744,0.016658843,0.36017647,-0.93273544,0.8890419,-0.43220192,-0.15101665,-0.45752275,-0.82672507,-0.3274119
1356447274784,0.011888981,0.42798936,-0.90370554,0.89834476,-0.4014722,-0.17831632,-0.43913013,-0.8097192,-0.38925514
1356447274825,0.05286759,0.43501902,-0.89886796,0.8984673,-0.41358715,-0.14731696,-0.43584588,-0.79981506,-0.4127157
1356447274864,0.13863939,0.38127518,-0.9140068,0.88443995,-0.46291584,-0.05894935,-0.44558418,-0.80021137,-0.40139332
1356447274904,0.24740556,0.27850467,-0.92802244,0.85282046,-0.5171969,0.072143495,-0.45987803,-0.8092852,-0.36547184
1356447274947,0.35314882,0.14602757,-0.9241006,0.80772203,-0.54600954,0.22239316,-0.4720922,-0.8249543,-0.3107723
1356447274984,0.41213188,0.04054776,-0.9102215,0.7758589,-0.5393882,0.3272667,-0.47769278,-0.8410804,-0.25375837
1356447275027,0.43673617,-0.034898728,-0.89891243,0.764838,-0.5116462,0.39145994,-0.4735866,-0.8584871,-0.19676253
1356447275085,0.42303053,-0.07120082,-0.90331364,0.7792666,-0.4801151,0.4027816,-0.4623729,-0.8743111,-0.14761892
1356447275112,0.38681814,-0.08007723,-0.9186727,0.8102786,-0.4460959,0.38006204,-0.4402504,-0.8913956,-0.10767314
1356447275148,0.3168912,-0.0625073,-0.9463999,0.85173094,-0.42025822,0.31294936,-0.41729403,-0.90524906,-0.0799367
1356447275178,0.2425291,-0.040710717,-0.96928954,0.8849143,-0.40021843,0.23822671,-0.3976259,-0.9155151,-0.06103912
1356447275221,0.17258042,-0.017529279,-0.98483944,0.90736425,-0.386231,0.1658785,-0.38328326,-0.9222355,-0.05075048
1356447275263,0.10394144,0.004238814,-0.9945744,0.92000246,-0.38034225,0.094527125,-0.37787795,-0.92483616,-0.04343307
1356447275305,0.04595077,0.019384742,-0.9987556,0.9224954,-0.38441956,0.034981012,-0.38326314,-0.92295486,-0.03554666
1356447275344,0.0031615496,0.027887493,-0.99960613,0.9177525,-0.39706874,-0.008174986,-0.3971403,-0.9173651,-0.02684918
1356447275385,-0.02085507,0.02858591,-0.9993737,0.9079539,-0.41792905,-0.0309017,-0.4185507,-0.9080298,-0.017238736
1356447275425,-0.023131132,0.020207971,-0.99952817,0.89614236,-0.44277233,-0.029690325,-0.4431634,-0.89640635,-0.007867396
1356447275466,-0.0055380464,0.0041832626,-0.9999759,0.8834163,-0.46853882,-0.006852597,-0.4685562,-0.883433,-0.0011007786
1356447275505,0.02991891,-0.015310168,-0.99943507,0.8706146,-0.4908182,0.033581287,-0.49105504,-0.8711275,-0.0013554841
1356447275544,0.067910194,-0.020014793,-0.99749064,0.8583417,-0.5084663,0.06863922,-0.50856423,-0.86084914,-0.017350465
1356447275610,0.099832356,0.007603526,-0.99497527,0.84960365,-0.5211237,0.0812639,-0.5178873,-0.8534474,-0.058485046
1356447275616,0.12229329,0.064344645,-0.99040604,0.84645784,-0.5278041,0.07022855,-0.5182215,-0.8469255,-0.11901198
1356447275648,0.117645085,0.1683208,-0.97868675,0.85580957,-0.51710325,0.013939619,-0.5037357,-0.8392094,-0.20488515
1356447275690,0.10345274,0.27786133,-0.9550343,0.87126124,-0.48849165,-0.047745526,-0.479793,-0.82714504,-0.29262558
1356447275732,0.10039872,0.34531984,-0.9330993,0.8816644,-0.46548557,-0.07740167,-0.46107262,-0.81490946,-0.3511904
1356447275775,0.11735979,0.35567945,-0.9272103,0.8820303,-0.4663678,-0.06725821,-0.45634335,-0.80993414,-0.3684529
1356447275815,0.1495941,0.31976995,-0.93561137,0.8739778,-0.48526362,-0.026112169,-0.4623681,-0.8137975,-0.3520644
1356447275854,0.18743545,0.25553754,-0.94845587,0.8614558,-0.50671184,0.033721596,-0.4719767,-0.82337344,-0.31511003
1356447275896,0.22424424,0.17580092,-0.95854497,0.84825206,-0.51944554,0.10317364,-0.47977385,-0.83622384,-0.2656062
1356447275935,0.24727297,0.105290204,-0.96320826,0.8404132,-0.51806056,0.1591191,-0.48224646,-0.8488388,-0.21658969
1356447275977,0.2585743,0.047473043,-0.9648242,0.84018517,-0.50392294,0.20037594,-0.47668457,-0.8624431,-0.17018767
1356447276015,0.2524755,0.010867298,-0.96754223,0.8489163,-0.48232812,0.21610317,-0.4643244,-0.87592316,-0.13100141
1356447276057,0.23314685,-0.006037742,-0.97242284,0.865769,-0.45406824,0.21039498,-0.4428166,-0.8909465,-0.10063733
1356447276095,0.1977731,-0.005137801,-0.9802344,0.8868559,-0.42504984,0.18116078,-0.4175792,-0.9051553,-0.07950693
1356447276133,0.15542382,0.005483538,-0.9878326,0.90739584,-0.39607197,0.14056942,-0.390482,-0.918203,-0.06653473
1356447276173,0.10982782,0.01826343,-0.9937828,0.92355347,-0.37145436,0.09523997,-0.3674056,-0.92827153,-0.057663262
1356447276213,0.06751639,0.026879132,-0.997356,0.93251693,-0.3571409,0.053501964,-0.35475856,-0.93366367,-0.049178064
1356447276254,0.03331101,0.030235559,-0.9989877,0.93393624,-0.35686052,0.020341069,-0.35588422,-0.93366826,-0.04012549
1356447276293,0.009896815,0.030051976,-0.9994993,0.9293611,-0.36916715,-0.0018974543,-0.3690393,-0.928877,-0.031582743
1356447276334,6.098747E-4,0.026145697,-0.999658,0.9208047,-0.38990515,-0.0096360445,-0.39002368,-0.9204838,-0.024312943
1356447276373,0.009215057,0.016390622,-0.9998232,0.91015613,-0.4142623,0.0015974045,-0.41416287,-0.9100099,-0.018735468
1356447276414,0.035865128,9.678006E-4,-0.99935615,0.89749503,-0.4398777,0.03178352,-0.43956375,-0.8980571,-0.016644835
1356447276455,0.07897359,-0.015610307,-0.9967545,0.88247323,-0.46398652,0.07718554,-0.46368554,-0.88570476,-0.022867024
1356447276495,0.1243279,-0.01441285,-0.99213654,0.8662976,-0.48596388,0.11561823,-0.48380893,-0.87386006,-0.047933057
1356447276535,0.16284734,0.017423123,-0.9864974,0.85302067,-0.5049349,0.13189551,-0.49581897,-0.86298156,-0.09708959
1356447276611,0.17312413,0.10159016,-0.9796466,0.85181415,-0.51475614,0.0971528,-0.49440938,-0.8512963,-0.17565261
1356447276613,0.16085798,0.21767381,-0.96267486,0.86262405,-0.5049574,0.029962271,-0.47958782,-0.8352461,-0.26899707
1356447276652,0.1517959,0.31278265,-0.93761665,0.8737923,-0.485862,-0.020617306,-0.46200103,-0.81615263,-0.3470589
1356447276694,0.16645402,0.35434532,-0.9201807,0.8755226,-0.4824003,-0.027388126,-0.4536003,-0.8010801,-0.39053482
1356447276734,0.20997182,0.33759844,-0.9175724,0.8639109,-0.5034908,0.012445033,-0.45778787,-0.7953139,-0.39737386
1356447276779,0.27971748,0.26186323,-0.92368054,0.83625233,-0.5390723,0.10041475,-0.4716357,-0.80051774,-0.36977166
1356447276814,0.34580678,0.16309673,-0.92402226,0.8028892,-0.5610614,0.20144242,-0.4855786,-0.8115477,-0.32496744
1356447276855,0.4012795,0.053598672,-0.91438615,0.77090573,-0.55887526,0.3055533,-0.4946505,-0.82751775,-0.2655847
1356447276895,0.42717513,-0.03074783,-0.9036459,0.7557844,-0.53643894,0.37553048,-0.49629757,-0.8433788,-0.20591465
1356447276937,0.4321149,-0.09048146,-0.89726794,0.7583345,-0.50201076,0.4158293,-0.48806298,-0.8601153,-0.14831114
1356447276975,0.41207728,-0.119467765,-0.90328276,0.7782825,-0.46934125,0.41712707,-0.4737811,-0.8748978,-0.10042518
1356447277014,0.3765809,-0.12497258,-0.9179154,0.8073223,-0.4416799,0.3913433,-0.45433193,-0.888426,-0.06543506
1356447277054,0.32354724,-0.10873464,-0.9399437,0.8411733,-0.4218393,0.3383478,-0.43329525,-0.90012693,-0.045020297
1356447277094,0.2575103,-0.07739115,-0.96317136,0.8732137,-0.40817308,0.26625636,-0.4137465,-0.90961826,-0.03752972
1356447277133,0.18649215,-0.041589886,-0.9815757,0.89801705,-0.3980155,0.18748072,-0.3984797,-0.9164355,-0.036878303
1356447277173,0.12139332,-0.012362331,-0.9925275,0.91282654,-0.39137048,0.11652002,-0.38988635,-0.92015016,-0.03622514
1356447277214,0.06978142,0.004876882,-0.99755037,0.91830003,-0.390948,0.062326312,-0.38968638,-0.9203998,-0.031759292
1356447277253,0.03506589,0.011057228,-0.99932384,0.91700053,-0.39791793,0.027774334,-0.3973417,-0.91735446,-0.024092883
1356447277294,0.019189,0.0071765184,-0.9997901,0.9112328,-0.41163498,0.014534593,-0.4114443,-0.9113205,-0.014438301
1356447277334,0.024463058,-0.0074805617,-0.9996728,0.90300846,-0.42887694,0.02530691,-0.42892584,-0.903332,-0.0037367046
1356447277374,0.050467253,-0.033768713,-0.99815464,0.8922098,-0.44758368,0.060252905,-0.44879243,-0.8936042,0.0075404793
1356447277415,0.09562993,-0.06866145,-0.99304616,0.877882,-0.46445173,0.116652936,-0.46923152,-0.8829328,0.015861094
1356447277454,0.14745116,-0.098650664,-0.9841373,0.85936546,-0.47980624,0.17685303,-0.48964188,-0.8718108,0.0140289515
1356447277497,0.19343072,-0.10264483,-0.9757298,0.83981645,-0.4968452,0.21875411,-0.50724053,-0.8617477,-0.009902373
1356447277533,0.22530001,-0.06847927,-0.9718799,0.8258536,-0.5158254,0.22779378,-0.51691943,-0.8539524,-0.059661657
1356447277610,0.22982359,0.018360227,-0.97305906,0.8270899,-0.5306346,0.18533531,-0.512936,-0.84740186,-0.13713793
1356447277613,0.21688086,0.12937742,-0.96758676,0.8397528,-0.5301378,0.117341876,-0.49777293,-0.8379829,-0.22362177
1356447277652,0.20696682,0.21592355,-0.95422316,0.8504325,-0.52188176,0.06636262,-0.4836624,-0.8252372,-0.29164064
1356447277693,0.21200112,0.2553529,-0.94331884,0.85165125,-0.52170146,0.050177157,-0.4793179,-0.8140163,-0.3280729
1356447277737,0.23754135,0.23973009,-0.9413308,0.8410505,-0.53561544,0.07583004,-0.4860125,-0.8097195,-0.3288559
1356447277773,0.26866323,0.19456866,-0.9433785,0.8263047,-0.5498707,0.12191293,-0.4950158,-0.8122716,-0.3085031
1356447277817,0.30463627,0.122249305,-0.9445908,0.809686,-0.5555172,0.18923336,-0.50160277,-0.8224693,-0.26821423
1356447277855,0.32767442,0.055427432,-0.9431634,0.79966867,-0.54790485,0.24562237,-0.5031496,-0.8347024,-0.22385797
1356447277893,0.33969867,-9.7581744E-4,-0.94053376,0.7975565,-0.5297252,0.28860825,-0.49850607,-0.8481688,-0.17916869
1356447277935,0.33810747,-0.040312916,-0.9402437,0.8047627,-0.5055646,0.31106514,-0.48789382,-0.8618465,-0.13849284
1356447277974,0.3239028,-0.061562896,-0.9440852,0.8199189,-0.47961223,0.31257805,-0.4720381,-0.87531817,-0.104871094
1356447278016,0.29860353,-0.065767735,-0.9521085,0.8405316,-0.45440352,0.29499876,-0.45204282,-0.8883649,-0.080406666
1356447278073,0.26423943,-0.056072325,-0.9628258,0.8634069,-0.43110603,0.26206115,-0.42977443,-0.9005573,-0.06550197
1356447278131,0.22451311,-0.037843764,-0.9737359,0.88540566,-0.4094273,0.2200591,-0.40700197,-0.9115575,-0.058414668
1356447278138,0.18420506,-0.020756543,-0.98266864,0.90240765,-0.3926459,0.1774536,-0.38952407,-0.9194555,-0.05359654
1356447278168,0.15125102,-0.01152873,-0.9884282,0.91186726,-0.3843913,0.14401901,-0.38160354,-0.9230983,-0.047626913
1356447278210,0.12842584,-0.010860145,-0.99165964,0.9133588,-0.3882786,0.12253767,-0.386371,-0.9214781,-0.03994584
1356447278253,0.11730605,-0.015873015,-0.9929689,0.9083117,-0.4025334,0.11373964,-0.40150854,-0.9152677,-0.032802016
1356447278303,0.120004475,-0.026707083,-0.992414,0.89650905,-0.42649615,0.119885,-0.42646253,-0.90409493,-0.02723828
1356447278344,0.14349937,-0.046587497,-0.9885533,0.8809885,-0.4490481,0.1490475,-0.45085168,-0.89229226,-0.023395106
1356447278385,0.1774441,-0.07025042,-0.9816203,0.8626977,-0.4688726,0.18950209,-0.4735675,-0.88046765,-0.022593796
1356447278424,0.21870875,-0.09111562,-0.97152686,0.84174395,-0.48601198,0.23507336,-0.4935925,-0.8691895,-0.029599056
1356447278466,0.2578305,-0.09113273,-0.96188265,0.8209026,-0.5043685,0.26782703,-0.5095511,-0.85866594,-0.05523047
1356447278505,0.29137975,-0.06122887,-0.95464593,0.80348384,-0.52591634,0.2789728,-0.5191451,-0.8483296,-0.104044974
1356447278546,0.3110801,0.012005508,-0.95030785,0.79602426,-0.5495594,0.25363317,-0.5192057,-0.8353684,-0.18051367
1356447278610,0.3234659,0.096410245,-0.94131553,0.7947873,-0.567533,0.21498704,-0.5135007,-0.81768656,-0.26020324
1356447278627,0.33432385,0.1571509,-0.9292638,0.7920469,-0.5812211,0.18666473,-0.5107731,-0.798427,-0.31878692
1356447278674,0.34923026,0.16597453,-0.9222206,0.7812289,-0.59502494,0.18875071,-0.51741636,-0.7863828,-0.33746475
1356447278714,0.36139685,0.1393126,-0.9219459,0.76829755,-0.60473794,0.20978746,-0.5283096,-0.78414536,-0.32558393
1356447278755,0.36851788,0.08908272,-0.92534256,0.75756806,-0.60568196,0.24339268,-0.5387813,-0.7907045,-0.29069084
1356447278795,0.36628154,0.034807086,-0.9298528,0.7543468,-0.59617865,0.27483064,-0.54479235,-0.8020969,-0.24462587
1356447278836,0.35563767,-0.01579246,-0.9344905,0.7601552,-0.57683575,0.29903945,-0.54377013,-0.8167075,-0.19313979
1356447278875,0.33599645,-0.052152038,-0.9404183,0.7742085,-0.5533257,0.3072977,-0.5363838,-0.8313308,-0.14553894
1356447278917,0.31204164,-0.07600656,-0.9470232,0.79455376,-0.5256188,0.30398864,-0.5208784,-0.847318,-0.10362363
1356447278955,0.28244317,-0.0850676,-0.9555048,0.8182442,-0.4985333,0.2862534,-0.5007018,-0.8626866,-0.071201295
1356447278994,0.2511065,-0.080556065,-0.96460164,0.8428502,-0.47182447,0.2588151,-0.4759717,-0.87800485,-0.050581545
1356447279035,0.21739453,-0.06381118,-0.97399575,0.86688006,-0.44600528,0.2227064,-0.44861847,-0.89275265,-0.041642427
1356447279073,0.18283015,-0.041659117,-0.98226154,0.88791126,-0.42197657,0.1831652,-0.42212176,-0.9056492,-0.040160507
1356447279112,0.15025729,-0.021869361,-0.988405,0.9037514,-0.4022845,0.14628911,-0.4008193,-0.9152534,-0.040681675
1356447279154,0.12201285,-0.009484112,-0.99248326,0.91271347,-0.3918031,0.11595023,-0.3899577,-0.9200002,-0.039148748
1356447279197,0.100141466,-0.0051800013,-0.9949598,0.9140486,-0.39454967,0.09405196,-0.39304823,-0.9188601,-0.034776002
1356447279235,0.08602005,-0.0064439774,-0.99627256,0.9093543,-0.40803033,0.081154585,-0.40703234,-0.9129457,-0.02923894
1356447279278,0.080257,-0.013203412,-0.9966867,0.89893484,-0.43106502,0.07809612,-0.43066797,-0.9022242,-0.022726983
1356447279314,0.0844928,-0.025312334,-0.9961026,0.88555515,-0.45636934,0.08671278,-0.45678556,-0.88943034,-0.01614447
1356447279354,0.09641719,-0.040795445,-0.99450463,0.86944693,-0.48293322,0.10410315,-0.48452634,-0.8747063,-0.011093557
1356447279395,0.11670685,-0.055134833,-0.9916349,0.8519619,-0.5075935,0.12849075,-0.5104317,-0.85983086,-0.012266889
1356447279434,0.13906795,-0.053617686,-0.9888302,0.8346882,-0.53096783,0.14618042,-0.53287494,-0.84569395,-0.029086515
1356447279475,0.15925264,-0.01986295,-0.987038,0.8208088,-0.55286884,0.14355841,-0.54855406,-0.83303154,-0.07174218
1356447279513,0.1710965,0.0550884,-0.98371303,0.8151942,-0.5686575,0.109941065,-0.55333936,-0.82072765,-0.14220303
1356447279555,0.17019808,0.16145074,-0.9720938,0.8204193,-0.56965625,0.04903069,-0.54584324,-0.80586946,-0.22941172
1356447279611,0.16241801,0.25784418,-0.9524373,0.82953167,-0.55837536,-0.00970453,-0.53431976,-0.7885007,-0.30458012
1356447279635,0.15763563,0.31244197,-0.93676627,0.83369386,-0.55052465,-0.043326855,-0.52925,-0.7741464,-0.34726322
1356447279675,0.16092175,0.32116523,-0.93325084,0.83109844,-0.55410343,-0.047379494,-0.53233415,-0.7679989,-0.3560872
1356447279716,0.175987,0.28316754,-0.9427856,0.8231464,-0.5675801,-0.016819507,-0.53986907,-0.7730906,-0.33297506
1356447279754,0.19417495,0.22429174,-0.9549813,0.8158547,-0.5774646,0.030260295,-0.54468083,-0.7850019,-0.29511863
1356447279793,0.21444899,0.15136448,-0.9649354,0.8118502,-0.57689816,0.089931965,-0.54305696,-0.8026688,-0.2466005
1356447279835,0.23018736,0.08223379,-0.9696656,0.812993,-0.5638855,0.14517403,-0.5348422,-0.82174855,-0.19665481
1356447279873,0.24010777,0.023509234,-0.9704615,0.81962156,-0.5405899,0.18969184,-0.5201622,-0.8409577,-0.14906858
1356447279915,0.24291009,-0.020957023,-0.9698224,0.8312856,-0.5107781,0.21924847,-0.49995887,-0.8594571,-0.10665189
1356447279955,0.23835576,-0.050245076,-0.9698773,0.84635425,-0.47904205,0.23281598,-0.47630984,-0.8763528,-0.0716573
1356447279994,0.22691548,-0.06514275,-0.97173333,0.8626157,-0.44973654,0.23158404,-0.45211002,-0.8907825,-0.045859024
1356447280034,0.20936757,-0.067732036,-0.9754884,0.87793946,-0.42624718,0.21802682,-0.43056655,-0.9020675,-0.02977775
1356447280074,0.18758643,-0.062309295,-0.9802698,0.89064646,-0.41004485,0.19649982,-0.41419837,-0.9099345,-0.021423295
1356447280113,0.16482908,-0.05491945,-0.984792,0.8993914,-0.40148735,0.17292514,-0.4048785,-0.9142165,-0.016782701
1356447280152,0.14485341,-0.05101368,-0.9881371,0.9030564,-0.40131003,0.15309927,-0.40435943,-0.9145205,-0.012062922
1356447280196,0.13090956,-0.052509695,-0.99000275,0.9016508,-0.4088636,0.14091277,-0.41217533,-0.9110836,-0.0061787814
1356447280235,0.12579209,-0.05915603,-0.9902913,0.8961865,-0.4213391,0.13900751,-0.4254716,-0.9049718,1.37239695E-5
1356447280274,0.13121724,-0.07196361,-0.9887382,0.8866751,-0.43755162,0.1495187,-0.4433839,-0.896309,0.0063940138
1356447280313,0.1499052,-0.09252617,-0.9843613,0.8728324,-0.45528823,0.17571613,-0.4644265,-0.8855232,0.012509778
1356447280355,0.18151915,-0.119662255,-0.97607976,0.8544153,-0.47220683,0.21678361,-0.48685235,-0.87332785,0.016526714
1356447280394,0.22127104,-0.14688927,-0.9640865,0.8312467,-0.48855668,0.26521954,-0.5099687,-0.86007905,0.013997734
1356447280433,0.26440638,-0.16361135,-0.9504319,0.8045222,-0.50603306,0.3109256,-0.53182083,-0.8468542,-0.00216946
1356447280475,0.3009109,-0.14874265,-0.941981,0.7799548,-0.52998877,0.33283988,-0.5487469,-0.8348578,-0.043466844
1356447280515,0.3254851,-0.09300223,-0.9409623,0.765309,-0.558523,0.3199284,-0.5553032,-0.8242588,-0.11061544
1356447280555,0.32949084,0.00918752,-0.9441141,0.77008194,-0.581165,0.26309898,-0.5462688,-0.81373394,-0.19856372
1356447280612,0.3226132,0.11346957,-0.93970495,0.78511536,-0.5866083,0.19870746,-0.5286915,-0.8018824,-0.27833426
1356447280637,0.31716138,0.18338689,-0.9304719,0.79732287,-0.58279914,0.15691212,-0.5135026,-0.7916529,-0.33105993
1356447280675,0.3191296,0.2104927,-0.92403954,0.80056405,-0.5816936,0.14397806,-0.5072015,-0.78570056,-0.35414857
1356447280714,0.33058733,0.19753087,-0.9228725,0.7945989,-0.5858809,0.15923628,-0.50923926,-0.78595495,-0.35064262
1356447280754,0.34425604,0.1610887,-0.9249531,0.7859863,-0.58829945,0.1900768,-0.51353014,-0.7924355,-0.32913917
1356447280793,0.35392392,0.11669299,-0.9279658,0.7812059,-0.5824288,0.2247088,-0.5142521,-0.8044622,-0.29729676
1356447280834,0.35530704,0.07615438,-0.9316423,0.7844107,-0.56635773,0.25286102,-0.5083864,-0.82063353,-0.2609672
1356447280873,0.34748438,0.043943852,-0.9366556,0.7959049,-0.54196036,0.26984164,-0.4957723,-0.8392544,-0.22329791
1356447280915,0.33108637,0.020064145,-0.94338715,0.81387675,-0.51197624,0.2747453,-0.47747925,-0.8587653,-0.18583806
1356447280955,0.30581445,0.0053972304,-0.95207584,0.8358991,-0.48024607,0.26577505,-0.45579624,-0.87711716,-0.15137772
1356447280997,0.27346176,-0.0010263622,-0.96188235,0.8598243,-0.4480111,0.24492481,-0.4311854,-0.89402735,-0.12163137
1356447281035,0.2321412,8.954108E-4,-0.97268164,0.88305724,-0.41947156,0.21036518,-0.407824,-0.907768,-0.098167285
1356447281095,0.18910056,0.0050074756,-0.98194504,0.9019898,-0.3961559,0.1716828,-0.38814357,-0.9181696,-0.07943
1356447281112,0.14441025,0.008701265,-0.98947966,0.91506875,-0.38170516,0.13019368,-0.3765566,-0.9242432,-0.063084394
1356447281151,0.10451007,0.008059323,-0.9944912,0.9206302,-0.3790313,0.09367645,-0.3761883,-0.92534876,-0.047032237
1356447281188,0.07176632,0.0040867925,-0.99741316,0.91946,-0.38784564,0.06456828,-0.38657847,-0.92171526,-0.031591922
1356447281231,0.049570262,-0.0026086867,-0.9987672,0.9127377,-0.4059068,0.04636064,-0.4055274,-0.9139106,-0.017739803
1356447281273,0.042039573,-0.013196766,-0.9990288,0.9020164,-0.42949134,0.04363063,-0.42964995,-0.9029746,-0.0061519444
1356447281317,0.052670002,-0.029857665,-0.99816555,0.8884115,-0.45504493,0.06049022,-0.45601624,-0.8899678,0.0025586635
1356447281355,0.08051014,-0.05126989,-0.9954343,0.8714684,-0.48111075,0.09526345,-0.48379835,-0.87515926,0.0059458464
1356447281394,0.12352067,-0.07282776,-0.989666,0.8510587,-0.5051118,0.14339128,-0.51033485,-0.8599757,-4.1098893E-4
1356447281436,0.16223323,-0.07005337,-0.9842627,0.8298979,-0.5299219,0.1745061,-0.53380704,-0.8451482,-0.027833834
1356447281474,0.19060832,-0.03335309,-0.98109937,0.8129832,-0.55479497,0.17680725,-0.55020607,-0.83131826,-0.078633055
1356447281515,0.18001723,0.069959104,-0.98117256,0.8135682,-0.5712503,0.10853562,-0.552902,-0.8177891,-0.15975142
1356447281553,0.1416145,0.20919815,-0.9675647,0.82944727,-0.55858475,6.272197E-4,-0.54033566,-0.8026327,-0.2526225
1356447281612,0.10066748,0.32986635,-0.93864495,0.8486994,-0.5208111,-0.09200665,-0.5192066,-0.7873653,-0.33238614
1356447281634,0.08496004,0.3933655,-0.9154482,0.8607726,-0.49173343,-0.13141069,-0.50184894,-0.77682805,-0.38037592
1356447281674,0.100517124,0.39931387,-0.9112874,0.86365396,-0.48975465,-0.11934087,-0.49396172,-0.7750411,-0.39409775
1356447281716,0.14171708,0.3581431,-0.9228487,0.85825765,-0.50899196,-0.06573361,-0.49326465,-0.7827264,-0.37951192
1356447281754,0.19714868,0.28331754,-0.9385433,0.84643304,-0.53221923,0.017139465,-0.4946549,-0.79779315,-0.34473568
1356447281795,0.25384614,0.19085747,-0.9482276,0.8316539,-0.5436299,0.11321783,-0.4938764,-0.8173371,-0.29672575
1356447281834,0.29673168,0.10342887,-0.9493433,0.82026815,-0.53664446,0.19792107,-0.4889891,-0.8374456,-0.24407884
1356447281876,0.3254222,0.026859999,-0.9451873,0.8152849,-0.51430607,0.26608226,-0.47896856,-0.85718596,-0.18926513
1356447281914,0.3327605,-0.027501285,-0.94261026,0.8198764,-0.48542,0.30359542,-0.46591115,-0.87384844,-0.13898094
1356447281956,0.32501715,-0.06341776,-0.9435794,0.8316394,-0.45587742,0.31709877,-0.45026618,-0.8877804,-0.095427305
1356447281993,0.29667002,-0.07728362,-0.9518478,0.85050905,-0.4319058,0.30015284,-0.43430546,-0.8986015,-0.062403083
1356447282034,0.25215644,-0.07187703,-0.9650134,0.872638,-0.4141165,0.2588635,-0.41823435,-0.9073815,-0.04169947
1356447282072,0.19153583,-0.050098926,-0.98020613,0.8950379,-0.4009139,0.19538456,-0.40276682,-0.9147448,-0.031948894
1356447282113,0.12280059,-0.020503253,-0.99221957,0.91265595,-0.3904013,0.121020794,-0.3898451,-0.9204165,-0.029229105
1356447282155,0.056361914,0.007720977,-0.99838054,0.92204285,-0.3839634,0.049083054,-0.38296258,-0.92331606,-0.028760016
1356447282194,7.148385E-4,0.02965337,-0.99956,0.92314863,-0.38429332,-0.010740399,-0.38444266,-0.92273474,-0.027649224
1356447282234,-0.03890866,0.044317275,-0.99825954,0.9181273,-0.39269567,-0.05321896,-0.3943707,-0.9186,-0.02540955
1356447282274,-0.05857712,0.050694942,-0.9969949,0.90996,-0.40800232,-0.07420951,-0.41053826,-0.9115724,-0.022230774
1356447282316,-0.054189682,0.045769513,-0.9974811,0.9004098,-0.42959547,-0.06862816,-0.43165445,-0.9018607,-0.01793167
1356447282364,-0.020564198,0.026537895,-0.99943626,0.88904166,-0.4568144,-0.030422509,-0.4573642,-0.8891661,-0.014199287
1356447282405,0.046680093,-0.007312745,-0.99888307,0.8743863,-0.48319465,0.0443995,-0.4829797,-0.8754823,-0.016161352
1356447282444,0.11723155,-0.03132406,-0.99261045,0.8538996,-0.5071497,0.116853446,-0.50706244,-0.86128855,-0.032706335
1356447282484,0.16873115,-0.0176256,-0.9855045,0.83360124,-0.5309783,0.1522198,-0.5259645,-0.84720206,-0.07489985
1356447282524,0.17632067,0.06275982,-0.98233,0.8272203,-0.550332,0.113319665,-0.5334957,-0.8325839,-0.14895113
1356447282563,0.12985176,0.21043596,-0.96894544,0.841347,-0.54047555,-0.004628837,-0.5246654,-0.81461823,-0.24723136
1356447282616,0.06444311,0.36143178,-0.9301689,0.8608883,-0.4915458,-0.13135454,-0.5046963,-0.79230666,-0.3428291
1356447282644,0.030265212,0.45288366,-0.8910558,0.87210923,-0.44753247,-0.19783896,-0.48837438,-0.77111036,-0.40850872
1356447282684,0.050103575,0.47154468,-0.8804177,0.8724924,-0.4496713,-0.19118783,-0.4860522,-0.75857854,-0.4339493
1356447282735,0.14255404,0.40179586,-0.9045654,0.85512114,-0.5102229,-0.091872275,-0.4984439,-0.76041615,-0.41631845
1356447282774,0.25743848,0.28606206,-0.922981,0.8200484,-0.56991845,0.052092075,-0.51112235,-0.7702996,-0.38130367
1356447282813,0.37133572,0.14536673,-0.9170487,0.7699285,-0.60023975,0.21661562,-0.51896036,-0.7864991,-0.33481246
1356447282855,0.4581648,0.016330779,-0.88871723,0.7214515,-0.5908739,0.3610758,-0.51922315,-0.80659866,-0.2824995
1356447282895,0.51158637,-0.07898393,-0.8555939,0.69097257,-0.5540584,0.46430188,-0.5107213,-0.8287224,-0.22887298
1356447282934,0.5368893,-0.1371305,-0.8324332,0.68349195,-0.50771487,0.52446574,-0.49455905,-0.8505414,-0.17885908
1356447282976,0.5420542,-0.16551045,-0.82388324,0.6961845,-0.46064344,0.5505768,-0.47064263,-0.87201715,-0.13446793
1356447283014,0.5300585,-0.17240602,-0.8302495,0.7222509,-0.4212111,0.54857546,-0.44428796,-0.8904255,-0.09874614
1356447283056,0.50536615,-0.16504508,-0.84697413,0.75526655,-0.3901204,0.52666736,-0.41734576,-0.9058511,-0.07250062
1356447283093,0.4682677,-0.15056881,-0.8706632,0.79062426,-0.36855683,0.4889571,-0.39451057,-0.9173303,-0.053539895
1356447283133,0.42801255,-0.13766366,-0.89322674,0.82081413,-0.35442352,0.44793776,-0.37824523,-0.9248961,-0.03870149
1356447283174,0.38999757,-0.13135776,-0.9113984,0.84253216,-0.3484579,0.4107514,-0.37153932,-0.92807454,-0.025224641
1356447283213,0.3609097,-0.13341036,-0.92300916,0.85379016,-0.35092872,0.38456678,-0.37521553,-0.92684996,-0.012749165
1356447283254,0.34707248,-0.14404884,-0.9267096,0.85380745,-0.36028826,0.37577274,-0.38801223,-0.92165196,-0.0020561367
1356447283294,0.35419238,-0.163836,-0.92070925,0.84223735,-0.37199533,0.39019948,-0.40642834,-0.9136614,0.0062309504
1356447283335,0.38711965,-0.1955626,-0.9010514,0.8165318,-0.38120353,0.4335431,-0.4282688,-0.9035702,0.012111694
1356447283374,0.44560727,-0.23985901,-0.8624975,0.7729988,-0.38287577,0.505845,-0.4515608,-0.8921177,0.014798433
1356447283416,0.5152365,-0.28828198,-0.807109,0.7123181,-0.37963524,0.5903221,-0.4765862,-0.8790738,0.009746522
1356447283455,0.58311236,-0.33037817,-0.74217945,0.63977367,-0.37627736,0.670153,-0.5006692,-0.8656013,-0.008044722
1356447283497,0.6248559,-0.33786052,-0.7038504,0.5813288,-0.4004475,0.7083069,-0.52116406,-0.85175824,-0.053813934
1356447283535,0.64638424,-0.30584118,-0.69903404,0.54697555,-0.45301834,0.703983,-0.53198224,-0.8373981,-0.12553626
1356447283574,0.6357246,-0.20515424,-0.7441545,0.5657319,-0.53204733,0.62997866,-0.52516824,-0.8214849,-0.2221733
1356447283614,0.5958888,-0.051304072,-0.80142653,0.626927,-0.5939532,0.50416476,-0.5018755,-0.8028621,-0.32176614
1356447283651,0.55953145,0.07754019,-0.825174,0.6779177,-0.61559486,0.40183395,-0.47681463,-0.78423876,-0.39701056
1356447283695,0.56074834,0.12382129,-0.81867546,0.6853503,-0.62422585,0.3750162,-0.46460336,-0.7713692,-0.43489456
1356447283735,0.5957957,0.090721995,-0.7979956,0.6528468,-0.6334214,0.41541344,-0.4677804,-0.76847047,-0.4366173
1356447283774,0.6381508,0.012277454,-0.76981354,0.6021744,-0.63098955,0.48911983,-0.4797391,-0.7756942,-0.41005963
1356447283815,0.6672033,-0.074054524,-0.7411853,0.5583681,-0.6088742,0.56346893,-0.493016,-0.78980255,-0.3648932
1356447283854,0.6782073,-0.14646854,-0.72012633,0.5358951,-0.57195747,0.6210323,-0.5028433,-0.8071007,-0.30941394
1356447283894,0.67220515,-0.19301046,-0.71476376,0.5398172,-0.5329446,0.6515884,-0.5066929,-0.8238428,-0.25405777
1356447283935,0.6547673,-0.21736619,-0.7239004,0.5645158,-0.4962269,0.6596066,-0.502595,-0.84054196,-0.20220649
1356447283975,0.6247374,-0.22011794,-0.7491671,0.6073448,-0.4660204,0.6433951,-0.49074996,-0.8569557,-0.15745288
1356447284014,0.582391,-0.20531829,-0.78655267,0.6623177,-0.44116688,0.6055634,-0.47133422,-0.8736224,-0.12094569
1356447284052,0.5244665,-0.17719993,-0.8327875,0.7234497,-0.42299682,0.5456136,-0.4489492,-0.88863593,-0.09365242
1356447284114,0.45287612,-0.13993338,-0.88052356,0.7829814,-0.4099405,0.46785563,-0.42643094,-0.9013142,-0.07608703
1356447284131,0.36854818,-0.097093046,-0.9245243,0.8361771,-0.3999196,0.3753292,-0.4061773,-0.911393,-0.066202626
1356447284171,0.27956814,-0.056705862,-0.9584498,0.8772497,-0.39063394,0.27899456,-0.39022368,-0.91879785,-0.059463546
1356447284208,0.19723189,-0.025455683,-0.9800263,0.9034393,-0.38343,0.19177806,-0.38065332,-0.9232191,-0.052626953
1356447284252,0.12899923,-0.004350543,-0.9916352,0.9162225,-0.38200527,0.12086496,-0.37933567,-0.9241499,-0.045292318
1356447284293,0.0787859,0.00880608,-0.9968527,0.919328,-0.38735294,0.069236904,-0.3855241,-0.9218894,-0.038613588
1356447284345,0.0509367,0.012756139,-0.9986205,0.9150406,-0.40121633,0.04154852,-0.4001328,-0.9158946,-0.03210908
1356447284383,0.052833557,0.0048944354,-0.9985913,0.90748554,-0.41756076,0.045966685,-0.41674757,-0.9086358,-0.026502788
