1356525178096,-0.75644314,-0.59309167,-0.27574614,-0.2071722,-0.18261617,0.9611092,-0.6203816,0.7841515,0.0152667165
1356525178130,0.24640036,0.17638472,0.9529823,0.74458385,0.59498185,-0.30264086,-0.6203884,0.784146,0.015270531
1356525178172,0.24641371,0.17635977,0.9529835,0.74452573,0.59505785,-0.30263442,-0.6204529,0.78409404,0.015326023
1356525178214,0.24651557,0.17620245,0.95298624,0.7441865,0.59549546,-0.302608,-0.6208192,0.783797,0.015671432
1356525178257,0.24697047,0.17593074,0.95291865,0.7432334,0.59660137,-0.30277222,-0.62177956,0.78301674,0.01658529
1356525178307,0.24806586,0.1749844,0.9528084,0.7404362,0.5999744,-0.30296028,-0.62467396,0.7806479,0.019268394
1356525178356,0.25111404,0.1746107,0.9520782,0.735036,0.6055888,-0.30493313,-0.6298125,0.7763848,0.023726702
1356525178399,0.2564138,0.17616126,0.9503784,0.7278707,0.6117545,-0.30977508,-0.6359687,0.77118325,0.028639615
1356525178441,0.2627203,0.17905986,0.94811165,0.718851,0.6191291,-0.31612092,-0.6436081,0.76460236,0.033940434
1356525178478,0.27043554,0.18427208,0.94493836,0.70826304,0.62673044,-0.32491904,-0.65209514,0.7571346,0.038977087
1356525178521,0.27889115,0.19195718,0.94094217,0.6959242,0.6347829,-0.33576792,-0.6617471,0.74846715,0.043447673
1356525178557,0.2885558,0.20234978,0.93583655,0.6831651,0.64130104,-0.34931138,-0.670836,0.7401267,0.046812832
1356525178600,0.297938,0.21404998,0.93027717,0.67094386,0.6462537,-0.3635801,-0.6790194,0.73248804,0.048928022
1356525178640,0.3071619,0.22696199,0.9241969,0.6597619,0.64909,-0.3786774,-0.6858323,0.72606516,0.049634874
1356525178677,0.31610608,0.24113052,0.9175691,0.6497632,0.64970165,-0.3945828,-0.6912921,0.72093266,0.048696935
1356525178717,0.32456335,0.25688398,0.9103127,0.6403465,0.6486483,-0.41135353,-0.69614285,0.71642584,0.046032727
1356525178758,0.3325043,0.2746274,0.9022309,0.6305908,0.6466263,-0.42921984,-0.7012817,0.711656,0.041828513
1356525178801,0.34009057,0.2940439,0.8932394,0.6203465,0.64372367,-0.44809604,-0.7067592,0.70651114,0.036515236
1356525178840,0.3476176,0.31253922,0.88401425,0.61105645,0.6395892,-0.4664072,-0.7111765,0.702314,0.031353354
1356525178878,0.35479686,0.32666856,0.8760176,0.6046901,0.634442,-0.48149076,-0.71307015,0.70055056,0.027564764
1356525178918,0.36114982,0.33425528,0.87054247,0.6021885,0.6291951,-0.4914086,-0.711997,0.70170283,0.025949001
1356525178960,0.36547783,0.33343065,0.8690512,0.6051607,0.62428075,-0.4940183,-0.70725286,0.7064684,0.026381671
1356525178997,0.36541307,0.3253181,0.87214756,0.6135804,0.62039864,-0.48849213,-0.69999456,0.71363413,0.027092934
1356525179038,0.36002612,0.3114646,0.8794151,0.62872094,0.6154216,-0.47535908,-0.6892685,0.7240484,0.025743544
1356525179077,0.34527773,0.2928736,0.89163244,0.65006447,0.6106083,-0.45229828,-0.6769043,0.73578703,0.020442724
1356525179153,0.32266486,0.27707347,0.9050512,0.67566955,0.6021949,-0.42524338,-0.6628409,0.7487266,0.007097006
1356525179154,0.2891551,0.26945448,0.91857696,0.70411634,0.5902263,-0.3947823,-0.6485441,0.7609384,-0.019060373
1356525179192,0.24354097,0.2775774,0.9293215,0.73134434,0.57678795,-0.3639382,-0.6370425,0.7682879,-0.0625332
1356525179234,0.18617356,0.3119293,0.93168646,0.7520004,0.5650424,-0.33944458,-0.632325,0.76382416,-0.12937498
1356525179288,0.114973456,0.38862383,0.914195,0.7605096,0.5576221,-0.33269012,-0.63906664,0.73350465,-0.23144042
1356525179330,0.0295631,0.4562565,0.8893571,0.76325333,0.5642092,-0.31482103,-0.6454226,0.6881119,-0.33155954
1356525179377,-0.048486173,0.4952479,0.8673976,0.75978297,0.582004,-0.2898294,-0.6483663,0.64498127,-0.40450013
1356525179418,-0.11290833,0.4914508,0.8635554,0.75241137,0.60992545,-0.24873318,-0.64894444,0.6216648,-0.4386388
1356525179458,-0.15877521,0.45041335,0.8785888,0.74284947,0.64067256,-0.19419934,-0.6503577,0.62182516,-0.4363122
1356525179496,-0.18578792,0.38789722,0.90278375,0.73428774,0.6653283,-0.13475779,-0.65291977,0.63786674,-0.40843815
1356525179538,-0.19465113,0.3111133,0.9302255,0.728931,0.68046093,-0.07504979,-0.65633106,0.6634617,-0.35923266
1356525179581,-0.18386424,0.23943625,0.95334363,0.7283324,0.68450195,-0.0314475,-0.6600952,0.68856907,-0.30024463
1356525179619,-0.15653768,0.17393965,0.97223496,0.7299769,0.68345535,-0.004742801,-0.6653042,0.7089667,-0.23395848
1356525179658,-0.108278155,0.134345,0.98500115,0.7339334,0.6791164,-0.011946142,-0.6705354,0.7216317,-0.17213374
1356525179700,-0.04715705,0.11520597,0.99222165,0.73420715,0.6775131,-0.04377103,-0.67728585,0.7264321,-0.11653459
1356525179738,0.035856664,0.13116845,0.9907115,0.72767377,0.67606974,-0.11584708,-0.6849856,0.7250687,-0.07120627
1356525179775,0.1299774,0.17492309,0.9759651,0.7071668,0.6735945,-0.2149083,-0.69499713,0.71810335,-0.036147773
1356525179817,0.23720244,0.25131947,0.9383888,0.6676727,0.6594815,-0.34539425,-0.7056544,0.708465,-0.011368513
1356525179855,0.34982654,0.35071266,0.8686899,0.6078093,0.62064934,-0.49534068,-0.71287405,0.7012811,0.0039532185
1356525179898,0.45069024,0.44619265,0.77316904,0.53633153,0.55702484,-0.6340913,-0.71360123,0.7004537,0.011738479
1356525179936,0.5307803,0.51692724,0.67160887,0.46698493,0.4829144,-0.74075556,-0.70724636,0.70680964,0.014924198
1356525179979,0.5890352,0.5558731,0.58655155,0.4132616,0.41653562,-0.8097611,-0.69444394,0.719377,0.015633136
1356525180049,0.6294107,0.56769127,0.5306306,0.38236326,0.36821613,-0.84747577,-0.6764914,0.7363039,0.0146948695
1356525180069,0.65405566,0.5554445,0.5135101,0.38353527,0.3416161,-0.8580204,-0.65200603,0.75814235,0.010403395
1356525180122,0.65613735,0.52717906,0.53996855,0.41907284,0.34051463,-0.84168154,-0.62758404,0.77854484,0.0024979115
1356525180143,0.6400418,0.49293256,0.5893759,0.47394508,0.3504664,-0.80780524,-0.60475,0.7963609,-0.009309828
1356525180187,0.6118489,0.46895832,0.63696086,0.53306943,0.35045773,-0.7700756,-0.5843612,0.8107142,-0.03556016
1356525180226,0.56126326,0.46293637,0.68605644,0.5988943,0.34495586,-0.7227248,-0.57123476,0.81651413,-0.08363888
1356525180267,0.4980386,0.49283993,0.7134888,0.6538323,0.32705092,-0.6823056,-0.56961465,0.8063166,-0.15935066
1356525180308,0.4299482,0.55243075,0.71411824,0.69501877,0.30233938,-0.65233403,-0.57627547,0.77679545,-0.25395948
1356525180349,0.36349887,0.61825216,0.6968736,0.7248403,0.28221297,-0.62846035,-0.5852137,0.7335667,-0.34555
1356525180387,0.2998315,0.65877616,0.6900109,0.74822867,0.28631228,-0.59848076,-0.59182346,0.6957293,-0.40706974
1356525180429,0.24463147,0.6628776,0.707636,0.76179796,0.3200974,-0.56320643,-0.59984934,0.67685366,-0.42667294
1356525180467,0.19820762,0.6366046,0.745284,0.76764244,0.3719715,-0.5218834,-0.6094578,0.6755529,-0.41495717
1356525180512,0.15958929,0.5738959,0.8032277,0.7669385,0.44022393,-0.4669135,-0.6215598,0.6905406,-0.36988783
1356525180557,0.13412625,0.4880532,0.86244667,0.7607329,0.5070248,-0.40523005,-0.63505566,0.7104435,-0.30327272
1356525180597,0.12838718,0.40633345,0.9046601,0.75060534,0.5563757,-0.35642356,-0.6481577,0.7248029,-0.23356456
1356525180638,0.13927668,0.33888125,0.930463,0.7370585,0.59203196,-0.3259491,-0.66132194,0.73120284,-0.16731912
1356525180676,0.16906017,0.29762244,0.93959534,0.7188051,0.61501974,-0.32414484,-0.6743425,0.730186,-0.10995722
1356525180719,0.21934178,0.29197377,0.93093526,0.6923848,0.6256667,-0.35936671,-0.6873808,0.72338957,-0.064923346
1356525180759,0.2881897,0.32361293,0.9012332,0.6530508,0.62191385,-0.4321432,-0.7003366,0.7130903,-0.03210652
1356525180800,0.36490753,0.38362125,0.8483379,0.59805024,0.60175574,-0.5293637,-0.7135674,0.7005175,-0.009839594
1356525180838,0.4456541,0.46041965,0.7677279,0.5284253,0.5569534,-0.64075714,-0.72260576,0.6912429,0.0049111843
1356525180875,0.51186216,0.5235408,0.68110365,0.4620799,0.5005889,-0.732047,-0.7242095,0.6894315,0.014314771
1356525180917,0.56256986,0.5614668,0.60685277,0.41110164,0.44686562,-0.79454803,-0.717294,0.6964669,0.020573199
1356525180958,0.59925413,0.5747047,0.5573231,0.3811779,0.40735698,-0.8299179,-0.7039871,0.7097709,0.025045604
1356525180997,0.6234905,0.5665208,0.5388077,0.3761269,0.38682258,-0.8419601,-0.6854109,0.72761416,0.028096497
1356525181039,0.6345041,0.5413473,0.5516771,0.39661688,0.38457996,-0.83354264,-0.66340005,0.74769074,0.029310077
1356525181078,0.6294508,0.5011199,0.5938606,0.44337124,0.396013,-0.80411166,-0.6381329,0.7694494,0.027088523
1356525181144,0.6016784,0.4494468,0.66028833,0.51353186,0.4154923,-0.750767,-0.61177456,0.7907994,0.01918748
1356525181157,0.5524002,0.40234196,0.7300514,0.5924338,0.42661986,-0.6833869,-0.5864097,0.8100102,-0.002696097
1356525181189,0.47844005,0.37035972,0.79619634,0.66996056,0.43219346,-0.6036236,-0.5676688,0.82221794,-0.041347772
1356525181231,0.40267506,0.3862555,0.829855,0.7219063,0.42338106,-0.54735696,-0.5627646,0.8194846,-0.10835534
1356525181275,0.32314372,0.4356504,0.8401112,0.756288,0.41474974,-0.50597537,-0.5688643,0.7988688,-0.1954534
1356525181318,0.24607146,0.49874377,0.8310858,0.77637637,0.41189516,-0.47705567,-0.5802487,0.7626251,-0.2858572
1356525181367,0.16712493,0.53185856,0.83017814,0.78974473,0.43186104,-0.43565953,-0.5902308,0.7284384,-0.34785777
1356525181407,0.09344447,0.5259236,0.84538305,0.79580235,0.47079688,-0.38085285,-0.5983032,0.7083465,-0.3745379
1356525181449,0.03224701,0.482397,0.87535894,0.79357386,0.5200807,-0.31584275,-0.6076189,0.704847,-0.3660466
1356525181488,-0.011011068,0.41922727,0.90781456,0.78611314,0.5647127,-0.25124848,-0.6179846,0.7108784,-0.33577812
1356525181528,-0.038074143,0.3379364,0.9403986,0.7754222,0.60357976,-0.18550438,-0.6302942,0.722143,-0.28502417
1356525181566,-0.042106457,0.2639018,0.9636301,0.76520574,0.6286605,-0.13873014,-0.6424073,0.7315339,-0.22840989
1356525181610,-0.030823939,0.19512519,0.9802938,0.75502586,0.64721924,-0.10508677,-0.6549701,0.73690796,-0.16727442
1356525181657,0.00328511,0.14899245,0.98883283,0.7450249,0.6592222,-0.10180351,-0.66702855,0.73703957,-0.108837485
1356525181700,0.06492016,0.14312789,0.98757267,0.73257947,0.66515446,-0.14455783,-0.6775787,0.73286015,-0.06167066
1356525181738,0.1435579,0.17239118,0.9745114,0.7111087,0.6668718,-0.22272503,-0.68827,0.7249574,-0.026854157
1356525181778,0.24180037,0.23960216,0.9402784,0.67398465,0.6556499,-0.34039378,-0.6980525,0.7160405,-0.0029518008
1356525181821,0.34965822,0.33226937,0.87597734,0.61832374,0.6206007,-0.48221412,-0.7038571,0.71024776,0.011548102
1356525181857,0.45774004,0.43175763,0.7772126,0.5433641,0.5560686,-0.6289223,-0.70372546,0.7101924,0.019933283
1356525181894,0.5416795,0.5018299,0.67435163,0.47248262,0.4817456,-0.7380253,-0.6952291,0.7183926,0.023845792
1356525181943,0.60362184,0.53925854,0.5872315,0.41712227,0.4140965,-0.8090322,-0.679448,0.7332969,0.025020957
1356525181989,0.6459396,0.5503534,0.52903044,0.3842928,0.36436468,-0.84826726,-0.6596068,0.75123197,0.023860723
1356525182029,0.6684358,0.5428944,0.5083888,0.37962055,0.33876467,-0.86088717,-0.639595,0.76844263,0.020348549
1356525182071,0.67350364,0.52256256,0.52280134,0.40374908,0.33237574,-0.8523574,-0.61917645,0.78514636,0.01287213
1356525182138,0.65923214,0.49476957,0.56622976,0.45498133,0.33707052,-0.82424235,-0.59866935,0.80099094,-0.0029031932
1356525182149,0.6222391,0.47024244,0.6258519,0.5239164,0.34387717,-0.7792689,-0.5816615,0.8127857,-0.032393903
1356525182196,0.5731071,0.4779366,0.66567624,0.5836539,0.33214718,-0.7409631,-0.57523584,0.8131758,-0.08859366
1356525182248,0.52023757,0.53752744,0.6636393,0.62191296,0.29411793,-0.725754,-0.5853009,0.79029036,-0.18128407
1356525182289,0.45507026,0.6002879,0.6576971,0.6604172,0.26791185,-0.7014786,-0.597294,0.7535765,-0.27452177
1356525182328,0.39564556,0.64987504,0.648943,0.6888876,0.25729793,-0.6776664,-0.6073702,0.71516454,-0.34589207
1356525182366,0.3361036,0.6682367,0.66369736,0.71303934,0.27984807,-0.64285296,-0.61531234,0.6893075,-0.38242108
1356525182408,0.27337593,0.64800507,0.71088326,0.7322269,0.33906585,-0.5906591,-0.62378633,0.68199986,-0.38179433
1356525182447,0.20937216,0.5971751,0.77430296,0.74596655,0.41442424,-0.5213314,-0.6322161,0.6867564,-0.3587038
1356525182488,0.14322731,0.51171553,0.8471324,0.7543725,0.49761823,-0.4281335,-0.640631,0.70037377,-0.31475157
1356525182526,0.08807707,0.4154023,0.9053637,0.756781,0.5630904,-0.33198157,-0.64770746,0.71440196,-0.2647732
1356525182568,0.04443962,0.3151219,0.94801015,0.75513005,0.6106935,-0.23839465,-0.654067,0.7264651,-0.210819
1356525182607,0.020507336,0.2281717,0.97340494,0.7512975,0.63885486,-0.16557932,-0.659645,0.73471224,-0.15832365
1356525182645,0.018978775,0.16606054,0.9859328,0.7468517,0.6532506,-0.12440342,-0.6647197,0.7387067,-0.11162466
1356525182688,0.041618526,0.13604864,0.98982763,0.7405554,0.66083413,-0.12196714,-0.6707053,0.73809826,-0.073248625
1356525182725,0.09172193,0.1439533,0.9853246,0.7287681,0.6646001,-0.16493595,-0.67858994,0.7332014,-0.0439502
1356525182769,0.16431072,0.18630037,0.96865577,0.706095,0.66349936,-0.24738313,-0.68879,0.72461075,-0.022525728
1356525182805,0.25854322,0.26073664,0.9301461,0.6686516,0.64662826,-0.3671198,-0.6971804,0.71686006,-0.007160604
1356525182850,0.35048068,0.33889937,0.873104,0.6223497,0.61237663,-0.48752,-0.6998887,0.71424234,0.0037122369
1356525182886,0.42468503,0.39924023,0.8125577,0.578298,0.5709251,-0.5827659,-0.69657314,0.7173924,0.011583507
1356525182928,0.46650672,0.42050624,0.7781684,0.5590492,0.5415891,-0.62780994,-0.6854455,0.727912,0.01757127
1356525182966,0.47413912,0.4060104,0.78124744,0.5703797,0.5343109,-0.6238421,-0.6707154,0.7413956,0.021757603
1356525183009,0.45252043,0.36434042,0.8139296,0.60831773,0.54127055,-0.5804962,-0.65205437,0.75781417,0.023301244
1356525183060,0.39770782,0.3014051,0.866593,0.66939616,0.5506261,-0.49871802,-0.6274849,0.7784381,0.017228901
1356525183095,0.29978997,0.22420356,0.92728573,0.7381669,0.56122714,-0.3743444,-0.6043473,0.7967164,0.0027506351
1356525183136,0.21481141,0.19234818,0.95752716,0.7806515,0.5553324,-0.2866864,-0.5868895,0.80907845,-0.030865133
1356525183171,0.13731799,0.20444345,0.96919906,0.80342364,0.54931486,-0.22970349,-0.5793568,0.8102198,-0.088823855
1356525183219,0.07075006,0.26572204,0.9614501,0.8085666,0.5491653,-0.21127611,-0.5841358,0.79234415,-0.17600048
1356525183267,-2.6322156E-4,0.34320754,0.9392595,0.80350643,0.5592101,-0.20411146,-0.595296,0.7546474,-0.27591664
1356525183305,-0.08774134,0.37634066,0.92231727,0.792776,0.5870064,-0.16410309,-0.6031648,0.71679235,-0.34985852
1356525183347,-0.1729728,0.3565836,0.91811144,0.77367663,0.62605095,-0.09738967,-0.6095121,0.6934756,-0.38417017
1356525183388,-0.24476418,0.29247403,0.92441845,0.74844563,0.6630943,-0.011623681,-0.6163763,0.6890319,-0.38120258
1356525183428,-0.2949301,0.20264253,0.9337839,0.72381675,0.68535244,0.07988337,-0.62378323,0.69944847,-0.3488071
1356525183468,-0.3201475,0.1121954,0.9407006,0.7068224,0.689446,0.15832326,-0.6307991,0.7155951,-0.30002666
1356525183509,-0.32406473,0.02500856,0.9457042,0.69876415,0.6802096,0.22145799,-0.6377387,0.7325909,-0.23790699
1356525183546,-0.307033,-0.0403395,0.95084363,0.7010989,0.66604483,0.25464585,-0.6435768,0.7448201,-0.17621583
1356525183588,-0.27669448,-0.08985841,0.9567474,0.7079738,0.6541541,0.26618695,-0.64977944,0.7510046,-0.11738348
1356525183626,-0.22987562,-0.11300945,0.9666365,0.7184197,0.6503268,0.24687698,-0.656529,0.7512016,-0.06830609
1356525183670,-0.17368785,-0.11657971,0.9778761,0.7252158,0.6566386,0.20709363,-0.6662542,0.7451408,-0.029504716
1356525183708,-0.10520582,-0.0964151,0.9897656,0.72730994,0.6713094,0.1427021,-0.67819756,0.73487943,-5.019903E-4
1356525183747,-0.025240108,-0.05087343,0.998386,0.7253195,0.68634516,0.053309947,-0.68794954,0.7254944,0.019576073
1356525183788,0.062701225,0.015385151,0.9979138,0.7203821,0.69131935,-0.055921525,-0.6907374,0.7223855,0.0322634
1356525183827,0.14999107,0.0872291,0.9848318,0.7131238,0.68039405,-0.16887385,-0.6848043,0.72763664,0.03984791
1356525183868,0.2256312,0.14753592,0.9629765,0.7047002,0.6577973,-0.26589552,-0.67267245,0.73860407,0.044451
1356525183909,0.28073075,0.18549469,0.94169104,0.7012973,0.6302041,-0.333204,-0.6552651,0.75394595,0.046830773
1356525183947,0.31067702,0.19974825,0.9292903,0.706203,0.60587347,-0.366326,-0.6362053,0.77007663,0.047168136
1356525183988,0.31878704,0.19705302,0.92711645,0.7219683,0.5832789,-0.37221968,-0.61411446,0.7880075,0.04367572
1356525184026,0.30195796,0.18089369,0.93600154,0.7478566,0.56394565,-0.35025102,-0.5912123,0.80575603,0.03500533
1356525184068,0.27060726,0.16971561,0.94761187,0.7766088,0.5432106,-0.31906238,-0.5689028,0.82226443,0.015194058
1356525184146,0.22655624,0.1843893,0.9563853,0.8015141,0.5226011,-0.2906256,-0.5533963,0.83239937,-0.029392064
1356525184147,0.16431117,0.21751577,0.9621272,0.8203779,0.5114506,-0.25573114,-0.5477061,0.83132744,-0.094408095
1356525184183,0.099297315,0.28732693,0.95267165,0.82428753,0.5125513,-0.24050188,-0.5573958,0.80915654,-0.18594503
1356525184229,0.025195986,0.35730517,0.93364775,0.81905365,0.5280943,-0.22420415,-0.5731634,0.77035666,-0.27934623
1356525184279,-0.050247557,0.39484665,0.9173719,0.80551636,0.55904543,-0.19649822,-0.59043926,0.72908455,-0.3461461
1356525184316,-0.123095155,0.38241962,0.9157526,0.7887745,0.5976819,-0.14356601,-0.6022312,0.70465,-0.37521458
1356525184361,-0.17579824,0.327502,0.92835206,0.7709484,0.6322208,-0.07704213,-0.6121549,0.70216763,-0.3636304
1356525184397,-0.20327443,0.2619148,0.9434406,0.7571606,0.65297693,-0.018138856,-0.6207958,0.7106489,-0.33104503
1356525184435,-0.20756191,0.18744445,0.96009517,0.74928254,0.6614352,0.03285104,-0.628883,0.7262011,-0.27773762
1356525184478,-0.18721262,0.117373765,0.9752819,0.7487992,0.65966594,0.064347714,-0.63580745,0.742337,-0.21138716
1356525184517,-0.1455325,0.06321156,0.98733205,0.75375134,0.65349936,0.069264024,-0.6408426,0.7542831,-0.14275122
1356525184557,-0.08767258,0.03083989,0.9956718,0.75932086,0.64903426,0.046757877,-0.6447831,0.7601338,-0.08031988
1356525184598,-0.016260922,0.027006209,0.99950296,0.760066,0.64982516,-0.0051924884,-0.6496424,0.75960374,-0.03109324
1356525184636,0.063490406,0.0514625,0.99665475,0.75032663,0.6560028,-0.08167133,-0.6580113,0.7530019,0.003036201
1356525184678,0.14947021,0.102137476,0.98347676,0.72818303,0.6614955,-0.17936888,-0.6688857,0.7429614,0.024499118
1356525184718,0.23500621,0.1699591,0.95701927,0.6962911,0.65755177,-0.2877576,-0.6781967,0.73398876,0.036187768
1356525184757,0.3178148,0.24313149,0.91645014,0.660133,0.637077,-0.3979414,-0.68060136,0.7314506,0.041973412
1356525184798,0.3909311,0.3045349,0.86858,0.6277847,0.6018833,-0.4935815,-0.67309666,0.7382377,0.044112504
1356525184836,0.45363614,0.35001418,0.81957567,0.5991398,0.56101876,-0.5712175,-0.6597316,0.7501653,0.044790983
1356525184875,0.50396013,0.37675264,0.777227,0.5786145,0.52083194,-0.6276461,-0.6412719,0.7660233,0.04448399
1356525184917,0.5422003,0.38802418,0.7452892,0.5674761,0.485034,-0.6653667,-0.61966896,0.7836959,0.042791158
1356525184955,0.5678095,0.3875162,0.7262392,0.56767154,0.4545612,-0.6863841,-0.5961051,0.80200076,0.038122296
1356525184997,0.57943034,0.38088185,0.7205481,0.5804403,0.42778063,-0.6928873,-0.5721447,0.819715,0.026789904
1356525185034,0.57461184,0.37965837,0.7250384,0.604268,0.40067643,-0.68870795,-0.55197954,0.8338573,8.1801414E-4
1356525185076,0.5507329,0.3981056,0.73362464,0.6343791,0.37156987,-0.6778636,-0.54245406,0.83871794,-0.047914058
1356525185145,0.51071966,0.44352156,0.7365148,0.6641297,0.3405042,-0.6655739,-0.54598284,0.829063,-0.12065369
1356525185156,0.45961565,0.51949775,0.7203301,0.6873088,0.3056062,-0.6589472,-0.562459,0.7979517,-0.21659398
1356525185190,0.40510276,0.594321,0.6947476,0.70659924,0.27869317,-0.6504211,-0.58018035,0.75439554,-0.30704743
1356525185235,0.35946852,0.64784044,0.6716288,0.7183159,0.26732147,-0.64230955,-0.5956549,0.7133317,-0.36926037
1356525185277,0.32764316,0.6722227,0.6639025,0.72163445,0.2755043,-0.6350914,-0.60983086,0.68717825,-0.39483196
1356525185318,0.30959022,0.669054,0.6756632,0.71730727,0.30212831,-0.6278446,-0.62419885,0.6790327,-0.38638127
1356525185357,0.30239898,0.64347005,0.70320785,0.7086555,0.3416164,-0.61733764,-0.6374656,0.6850143,-0.3526941
1356525185396,0.30306467,0.60027546,0.7401494,0.6988738,0.3880134,-0.60085016,-0.6478635,0.69936746,-0.3019237
1356525185436,0.3099351,0.54425234,0.77957016,0.68946785,0.43592352,-0.5784503,-0.6546559,0.71677065,-0.24013644
1356525185478,0.32425418,0.48769042,0.810566,0.6794539,0.47611168,-0.55826527,-0.65818053,0.7317621,-0.17698193
1356525185518,0.3461324,0.43852532,0.8293901,0.6667099,0.506998,-0.54630667,-0.66006845,0.742057,-0.116880715
1356525185558,0.3827722,0.41379583,0.82598937,0.64436376,0.521119,-0.5596699,-0.66202784,0.7464637,-0.06716514
1356525185600,0.43053386,0.41770118,0.80010396,0.6077041,0.52127457,-0.59913987,-0.66733533,0.74417645,-0.02941233
1356525185636,0.49395987,0.45531356,0.7407382,0.54744864,0.49899986,-0.671788,-0.6755025,0.7373525,-0.0027748942
1356525185675,0.5584068,0.51289725,0.65201086,0.46727377,0.454951,-0.7580731,-0.68544656,0.72798073,0.0143842995
1356525185716,0.61563665,0.5729862,0.54099756,0.37592447,0.3898255,-0.84066457,-0.69258386,0.7209181,0.024591357
1356525185757,0.6582148,0.6150858,0.43407682,0.29370463,0.3210959,-0.9003527,-0.6931745,0.7201159,0.030696541
1356525185797,0.68803006,0.63251054,0.3557318,0.2361956,0.2683226,-0.9339244,-0.6861679,0.72659034,0.03521779
1356525185836,0.70938146,0.629418,0.31719205,0.20952299,0.24136895,-0.9475447,-0.67296207,0.7386297,0.0393451
1356525185879,0.72357726,0.6079876,0.32678288,0.22077124,0.24470863,-0.94412804,-0.6539847,0.75529385,0.042839423
1356525185916,0.7235693,0.56937546,0.390204,0.27658212,0.27878034,-0.9196651,-0.63241595,0.7733648,0.044237822
1356525185976,0.6977274,0.5090116,0.5040671,0.37910423,0.33467513,-0.8627123,-0.6078294,0.793032,0.040543556
1356525186003,0.6239002,0.42705703,0.65450037,0.52304757,0.39407876,-0.7557268,-0.5806632,0.813833,0.022494674
1356525186039,0.48539287,0.33844578,0.8061316,0.673035,0.443874,-0.59160775,-0.558048,0.829717,-0.012332618
1356525186069,0.34069788,0.28655744,0.8954384,0.7681112,0.4643771,-0.44086188,-0.5421533,0.8379969,-0.06189567
1356525186115,0.2534683,0.32879698,0.9097507,0.8005495,0.4566355,-0.38807803,-0.54302335,0.82666594,-0.1474756
1356525186154,0.16391307,0.38258827,0.9092627,0.8199425,0.4596393,-0.3412127,-0.5484769,0.80147237,-0.23835951
1356525186199,0.07897847,0.42221466,0.9030489,0.8286058,0.47583765,-0.2949427,-0.5542338,0.77156556,-0.3122685
1356525186236,-0.01659336,0.41541165,0.9094822,0.8289681,0.5143015,-0.21978602,-0.55904967,0.7502848,-0.352897
1356525186276,-0.11873531,0.35680163,0.92660373,0.816679,0.5658714,-0.113247156,-0.56474537,0.7432914,-0.35858136
1356525186319,-0.22039855,0.2501999,0.9427749,0.78979635,0.61297596,0.02196008,-0.5724039,0.74944013,-0.33270597
1356525186355,-0.30337352,0.12938207,0.94404703,0.75532013,0.63664734,0.15547252,-0.58090967,0.7602239,-0.2908668
1356525186399,-0.36688632,5.970299E-4,0.93026555,0.71814716,0.63582766,0.28282115,-0.5913197,0.7718308,-0.23370522
1356525186438,-0.40442032,-0.10930416,0.9080181,0.68854785,0.6170717,0.38095194,-0.60195196,0.7792786,-0.17429519
1356525186479,-0.42547026,-0.2050048,0.8814466,0.6647923,0.59006,0.45812702,-0.61402464,0.78089833,-0.11476737
1356525186516,-0.42902952,-0.2747691,0.8604857,0.6513636,0.56589115,0.5054629,-0.62582684,0.77734756,-0.063809454
1356525186557,-0.4245871,-0.32748783,0.8440837,0.64137614,0.54922676,0.5357112,-0.6390323,0.7688313,-0.023151696
1356525186597,-0.41297248,-0.36487967,0.8344558,0.63364094,0.5430138,0.551031,-0.65418106,0.75630605,0.0069529414
1356525186635,-0.3952838,-0.387129,0.8329958,0.6293215,0.54644275,0.5525892,-0.6691078,0.7426517,0.0276286
1356525186678,-0.3702101,-0.39022782,0.8430104,0.63289183,0.5583335,0.5363875,-0.67999434,0.73211056,0.04027134
1356525186715,-0.3318463,-0.36757457,0.8687731,0.6503055,0.5780136,0.49295333,-0.68335974,0.72855276,0.047224164
1356525186758,-0.27621433,-0.31851265,0.9067829,0.6810709,0.60082936,0.41850513,-0.6781209,0.7331806,0.050972044
1356525186795,-0.20916769,-0.254732,0.944119,0.7165722,0.6170443,0.32523942,-0.66541207,0.74455893,0.053468168
1356525186840,-0.14787558,-0.19595653,0.9693988,0.7486459,0.61831856,0.23918948,-0.64626795,0.7611066,0.05526781
1356525186878,-0.111407876,-0.15926224,0.98093003,0.7730442,0.6063937,0.18625066,-0.62449247,0.77905214,0.055559754
1356525186919,-0.090759635,-0.13097242,0.9872228,0.7956176,0.586684,0.15097848,-0.59896183,0.79915464,0.050956726
1356525186956,-0.08719972,-0.10769498,0.9903525,0.81418383,0.565135,0.1331433,-0.5740217,0.81793904,0.03840387
1356525186996,-0.07742551,-0.062283307,0.99505085,0.8290293,0.55037975,0.09895724,-0.55381924,0.83258814,0.009021282
1356525187036,-0.059112564,0.015652,0.99812865,0.8370228,0.54562867,0.04101512,-0.5439657,0.83788085,-0.045354605
1356525187079,-0.032531247,0.13177201,0.9907461,0.8367672,0.54569787,-0.045103997,-0.54659146,0.8275566,-0.12801474
1356525187144,-0.012249358,0.26227567,0.96491516,0.83142686,0.53876156,-0.13588709,-0.5554991,0.80059195,-0.22466248
1356525187154,-0.01018244,0.37095279,0.9285959,0.8254408,0.5272691,-0.20158061,-0.56439686,0.7644484,-0.31156844
1356525187192,-0.03099709,0.4266857,0.9038686,0.82077634,0.5269359,-0.22060099,-0.57040805,0.735036,-0.366547
1356525187235,-0.061914563,0.43140358,0.90003204,0.8148069,0.5426374,-0.20404527,-0.57641685,0.72071886,-0.3851077
1356525187280,-0.09091884,0.3911658,0.9158183,0.8060377,0.568976,-0.16300172,-0.5848393,0.7233641,-0.36702502
1356525187326,-0.100926936,0.3256122,0.9401014,0.79665506,0.5924674,-0.11967933,-0.59594846,0.7368576,-0.31919652
1356525187368,-0.074711084,0.2741186,0.9587895,0.7910468,0.6017134,-0.11039013,-0.6071765,0.7502,-0.26179528
1356525187407,-0.023800611,0.23707914,0.97119874,0.7855921,0.605255,-0.12849662,-0.6182868,0.7599077,-0.20065296
1356525187445,0.055148296,0.22690415,0.9723544,0.7758397,0.60326594,-0.18477806,-0.62851524,0.7645813,-0.1427722
1356525187487,0.15878579,0.24850312,0.95552784,0.7530948,0.5953641,-0.2799821,-0.63846344,0.76406014,-0.092611015
1356525187526,0.28418532,0.30683315,0.9083458,0.7048391,0.5753925,-0.41487992,-0.6499542,0.75814044,-0.05274993
1356525187567,0.42008445,0.3980023,0.81555086,0.6192988,0.5311661,-0.57821417,-0.66332346,0.74796844,-0.023347735
1356525187608,0.5382222,0.4977072,0.6801503,0.5019719,0.45895156,-0.7330673,-0.67700887,0.7359694,-0.0028171241
1356525187649,0.62303996,0.5798809,0.52493745,0.37585926,0.366604,-0.8510765,-0.68596715,0.7275573,0.01045534
1356525187688,0.67695934,0.6299648,0.38061833,0.2649391,0.2738986,-0.92454684,-0.6866828,0.7267213,0.018515885
1356525187728,0.71180576,0.6458108,0.27615395,0.18843557,0.20317137,-0.9608399,-0.6766274,0.73596865,0.02292484
1356525187766,0.7384124,0.6439643,0.20014273,0.13366225,0.15113994,-0.9794341,-0.66097015,0.74997777,0.025529891
1356525187808,0.7610351,0.6303612,0.15320075,0.10073766,0.11845955,-0.98783565,-0.6408413,0.7672106,0.026650771
1356525187847,0.7814343,0.61003554,0.13121378,0.08763698,0.10090249,-0.991029,-0.61780274,0.78592324,0.025387004
1356525187889,0.7989253,0.586317,0.13398033,0.09594494,0.095668405,-0.99077845,-0.593728,0.8044127,0.020177752
1356525187927,0.8118951,0.56115544,0.16103104,0.12850156,0.09729177,-0.98692536,-0.56948555,0.8219726,0.0068813413
1356525187963,0.8149426,0.5400498,0.21027318,0.18697187,0.09842482,-0.9774222,-0.54855275,0.83585817,-0.020763546
1356525188020,0.7983818,0.5447394,0.25660366,0.26409996,0.06619117,-0.9622213,-0.5411448,0.83598906,-0.091019824
1356525188068,0.75547844,0.57769036,0.30907315,0.360693,0.027091116,-0.93229115,-0.54694873,0.8158064,-0.18790214
1356525188146,0.70253706,0.6248419,0.34060892,0.44223097,-0.008328885,-0.8968626,-0.5575604,0.780707,-0.28217575
1356525188147,0.65287495,0.6662445,0.36037832,0.5012847,-0.02335608,-0.8649671,-0.5678625,0.7453675,-0.3492268
1356525188183,0.61097157,0.69072694,0.38679457,0.5414675,-0.008179904,-0.8406819,-0.57751775,0.7230694,-0.3790039
1356525188228,0.5764754,0.6951657,0.42944247,0.56766444,0.03730771,-0.8224143,-0.5877357,0.7178807,-0.37311387
1356525188277,0.5470499,0.67695093,0.4924163,0.58499646,0.11159778,-0.80332124,-0.5987616,0.7275187,-0.33496436
1356525188318,0.52219254,0.64120036,0.56229615,0.5971975,0.19576293,-0.777838,-0.60882676,0.74198306,-0.28069732
1356525188367,0.5032235,0.590973,0.63048947,0.60381186,0.28148454,-0.74577314,-0.61820483,0.7559876,-0.21518692
1356525188409,0.49838558,0.54284126,0.6759697,0.59975404,0.3471389,-0.7209643,-0.6260246,0.7647338,-0.15256226
1356525188448,0.5086485,0.5077451,0.69532126,0.5827481,0.39146012,-0.7121542,-0.6337834,0.76743335,-0.096771896
1356525188485,0.54209757,0.50105613,0.674591,0.5414751,0.40561366,-0.7363982,-0.6426001,0.7644739,-0.051427245
1356525188529,0.59626675,0.53001726,0.6029491,0.46492022,0.3843109,-0.79759276,-0.65445787,0.7559012,-0.017263949
1356525188565,0.6611568,0.5871812,0.46700108,0.34391266,0.3160111,-0.88422906,-0.66678023,0.7452216,0.00699383
1356525188610,0.7073004,0.6409242,0.29823187,0.2050354,0.21774644,-0.9542258,-0.67652535,0.7360724,0.022599995
1356525188646,0.72957206,0.67030954,0.13568199,0.07774019,0.11582467,-0.99022263,-0.6794711,0.73298675,0.032392472
1356525188691,0.73970264,0.6723419,0.028219938,-0.004797399,0.047203436,-0.9988737,-0.67291677,0.7387341,0.038142025
1356525188737,0.75584644,0.6545646,-0.015532464,-0.03863111,0.020902097,-0.9990349,-0.6536083,0.75571704,0.041085355
1356525188776,0.77341485,0.6331908,-0.029982388,-0.050059557,0.0138582885,-0.99865,-0.6319205,0.7738716,0.042415477
1356525188819,0.79351956,0.60851336,-0.0061793923,-0.03023547,0.02928216,-0.99911374,-0.60779315,0.79300314,0.04163468
1356525188856,0.8117725,0.5804459,0.06409317,0.030179143,0.06790873,-0.997235,-0.5831934,0.8114622,0.03760907
1356525188899,0.8180358,0.5456587,0.18186267,0.13705064,0.12216258,-0.98300225,-0.55860054,0.82905537,0.025150478
1356525188938,0.7924558,0.50694454,0.3391476,0.2859823,0.1823059,-0.9407331,-0.5387281,0.8424796,-5.078167E-4
1356525188978,0.7380583,0.49283153,0.4608546,0.415931,0.20550084,-0.8858729,-0.5312921,0.8455096,-0.0533123
1356525189016,0.67128444,0.5153583,0.53271294,0.5115495,0.19797051,-0.8361368,-0.53637147,0.8337946,-0.13073674
1356525189058,0.6173001,0.5742314,0.53777224,0.5618324,0.15672547,-0.81226933,-0.5507131,0.8035518,-0.22587514
1356525189097,0.5677251,0.6354416,0.5233567,0.5982782,0.118207335,-0.7925215,-0.5654657,0.7630472,-0.31306157
1356525189136,0.513808,0.6750481,0.5294444,0.6349355,0.11580503,-0.76383644,-0.5769387,0.72862834,-0.36911044
1356525189173,0.45090568,0.6844912,0.5728489,0.67242485,0.1615507,-0.72231996,-0.5869658,0.710896,-0.38742477
1356525189221,0.37376678,0.65697646,0.65473694,0.7097509,0.25185776,-0.6578917,-0.59711987,0.7105982,-0.37215352
1356525189268,0.26229724,0.5623907,0.78416634,0.74888504,0.39385566,-0.5329625,-0.6085814,0.727045,-0.3178587
1356525189306,0.15667552,0.4371552,0.8856343,0.77059466,0.50677687,-0.3864726,-0.61776745,0.7430159,-0.2574699
1356525189351,0.052220315,0.2840424,0.95738864,0.77830863,0.58910644,-0.21723121,-0.6257067,0.75648767,-0.19030929
1356525189387,-0.011792675,0.15640545,0.98762256,0.77553385,0.6249006,-0.08970258,-0.63119584,0.76487684,-0.128667
1356525189432,-0.047534212,0.05451411,0.9973809,0.7699866,0.6380574,0.0018223226,-0.6362869,0.76805663,-0.072304666
1356525189490,-0.0074715167,0.02967769,0.9995316,0.7649224,0.64398307,-0.013403118,-0.6440792,0.7644639,-0.02751267
1356525189537,0.15092948,0.12614462,0.980463,0.7408967,0.64217746,-0.19667271,-0.6544405,0.75610554,0.0034633875
1356525189579,0.4220308,0.34853637,0.8369064,0.61714846,0.56577444,-0.54683363,-0.66409165,0.7472762,0.023675561
1356525189617,0.6525566,0.5647919,0.5051533,0.35426027,0.36191404,-0.86227477,-0.66982794,0.7416389,0.036086053
1356525189656,0.73191434,0.64800346,0.21069627,0.12806231,0.17288691,-0.97658086,-0.66925436,0.7417557,0.04355359
1356525189697,0.7492807,0.65902233,0.065330505,0.017221063,0.079226434,-0.9967079,-0.6620286,0.7479391,0.04801376
1356525189738,0.76022494,0.6491815,0.02492866,-0.013710201,0.054395087,-0.99842536,-0.6495153,0.75868607,0.050252914
1356525189778,0.7745622,0.6291736,0.06476146,0.0187037,0.079560935,-0.9966545,-0.63222116,0.77318215,0.04985702
1356525189817,0.78175634,0.5969109,0.18042828,0.114702046,0.14675844,-0.98249954,-0.61294407,0.78877074,0.046262458
1356525189859,0.7589525,0.5406741,0.36285353,0.27398878,0.24034888,-0.93121564,-0.5906956,0.8061663,0.034274742
1356525189896,0.66673523,0.45432946,0.5908036,0.4801202,0.3444803,-0.8067329,-0.5700427,0.82153404,0.011544406
1356525189935,0.5472409,0.3960575,0.737337,0.6255038,0.3918174,-0.674703,-0.55612266,0.8304322,-0.03331697
1356525189978,0.44284424,0.39888245,0.80298305,0.7059757,0.39695832,-0.58653414,-0.552709,0.82662976,-0.10581064
1356525190015,0.36556655,0.45405996,0.81252116,0.7454299,0.37994146,-0.5477032,-0.5574005,0.80589956,-0.19957596
1356525190057,0.2937593,0.51642334,0.80437076,0.77225137,0.36769742,-0.51809883,-0.5633234,0.7733729,-0.29079413
1356525190096,0.21109363,0.54788804,0.80948013,0.7954761,0.38496116,-0.46799856,-0.5680292,0.74271363,-0.35456902
1356525190153,0.11282575,0.52933276,0.8408788,0.8111118,0.4397415,-0.38564873,-0.57390577,0.7255578,-0.37973392
1356525190170,0.0073850453,0.46232143,0.8866816,0.8135034,0.5128677,-0.27418798,-0.58151335,0.7233434,-0.3723125
1356525190209,-0.09439242,0.3521541,0.93117,0.8017421,0.58137834,-0.13859594,-0.5901692,0.7334758,-0.33721447
1356525190251,-0.17732012,0.22031483,0.9591761,0.7813052,0.6241482,0.001075983,-0.59843093,0.7496002,-0.28280717
1356525190301,-0.23469168,0.084956706,0.96835023,0.760355,0.6366851,0.12842289,-0.6056238,0.76642966,-0.21402192
1356525190347,-0.26091254,-0.030045986,0.9648948,0.7473257,0.6264212,0.22158688,-0.6110883,0.77890545,-0.14098704
1356525190398,-0.2572349,-0.11064714,0.95999336,0.74469906,0.61039174,0.26989838,-0.61583555,0.78433347,-0.07461524
1356525190439,-0.22299904,-0.14581355,0.9638516,0.7511941,0.6044461,0.26524,-0.62127197,0.7831879,-0.025256634
1356525190475,-0.17367843,-0.15075734,0.9731947,0.7575811,0.6109375,0.22983974,-0.6292112,0.7771922,0.008104205
1356525190520,-0.11109465,-0.12828973,0.9854946,0.7597332,0.6283076,0.16743642,-0.6406741,0.7673143,0.027664363
1356525190557,-0.028407097,-0.07531452,0.9967551,0.7595044,0.64666975,0.070507765,-0.6498816,0.7590428,0.03883171
1356525190599,0.063033596,-0.0038529932,0.99800384,0.7551452,0.65399957,-0.04516974,-0.65252006,0.7564851,0.044133544
1356525190637,0.15311825,0.069351554,0.98577136,0.7455446,0.64664245,-0.1612972,-0.6486278,0.7596341,0.047308087
1356525190675,0.22155336,0.12079221,0.9676381,0.737793,0.628083,-0.24733227,-0.6376328,0.7687139,0.050034225
1356525190718,0.257604,0.14060658,0.95596546,0.7400112,0.6074558,-0.28875738,-0.6213079,0.7818102,0.052432597
1356525190756,0.25879472,0.13140133,0.9569529,0.7555568,0.58969206,-0.28530183,-0.6017966,0.796867,0.053328037
1356525190798,0.22988498,0.103752434,0.96767163,0.78181356,0.5724548,-0.24710944,-0.5795865,0.81334555,0.050483704
1356525190838,0.1763255,0.07020137,0.98182535,0.8118396,0.5536684,-0.18538561,-0.55662,0.82977295,0.04063362
1356525190879,0.11427988,0.054184645,0.9919698,0.8360448,0.53411704,-0.12549174,-0.53662777,0.84367234,0.01573807
1356525190918,0.045751616,0.06265539,0.99698603,0.8494751,0.52271616,-0.07183236,-0.5256413,0.85020125,-0.029309094
1356525190959,-0.0151126385,0.113293886,0.9934466,0.84792745,0.52799654,-0.047314435,-0.52989686,0.8416556,-0.10404444
1356525190996,-0.08537543,0.17252341,0.9812985,0.83626056,0.54782605,-0.023557276,-0.5416451,0.81860995,-0.1910454
1356525191038,-0.15922792,0.21986943,0.9624468,0.81613666,0.5778511,0.0030131042,-0.55548847,0.78596795,-0.2714535
1356525191076,-0.24195635,0.22293082,0.9443299,0.78797114,0.6130524,0.05716896,-0.566179,0.7579371,-0.32399493
1356525191154,-0.32034516,0.18018928,0.9300058,0.75230646,0.6450076,0.13416502,-0.57568574,0.74262846,-0.34218264
1356525191156,-0.38533396,0.106511414,0.9166095,0.7138889,0.6638103,0.22297642,-0.58470535,0.74027777,-0.33182597
1356525191193,-0.43029425,0.022048473,0.9024194,0.68042594,0.66485655,0.30819845,-0.5931842,0.74664557,-0.3010863
1356525191239,-0.4547037,-0.06298262,0.8884131,0.65681404,0.6499863,0.3822474,-0.6015314,0.75733143,-0.25418335
1356525191278,-0.4593833,-0.13437662,0.8780148,0.64632595,0.6274843,0.43419605,-0.6092863,0.76694614,-0.20140475
1356525191318,-0.44967622,-0.19191131,0.8723309,0.646281,0.6042276,0.46607918,-0.6165323,0.77335566,-0.14767814
1356525191358,-0.42721504,-0.23156989,0.8739924,0.6550497,0.58701974,0.4757286,-0.62321526,0.7757468,-0.099093914
1356525191400,-0.39505967,-0.25632566,0.8821707,0.66750896,0.57966316,0.46735677,-0.6311574,0.77349055,-0.05790186
1356525191437,-0.35053414,-0.2621824,0.899103,0.6833991,0.5848238,0.43697464,-0.6403839,0.7676207,-0.0258255
1356525191478,-0.29965225,-0.25519672,0.91928416,0.69680214,0.59962773,0.39359036,-0.65167123,0.7584994,-0.0018581748
1356525191516,-0.23683757,-0.22738552,0.9445653,0.7125766,0.62021565,0.3279742,-0.66041076,0.75075185,0.015139282
1356525191559,-0.16636723,-0.18137279,0.9692398,0.73023736,0.63786536,0.24470624,-0.6626275,0.7484863,0.026325345
1356525191598,-0.088364586,-0.12071559,0.9887464,0.74878156,0.6465691,0.14585817,-0.6569003,0.75324374,0.033255756
1356525191637,-0.012341723,-0.058953106,0.9981845,0.7649121,0.64238846,0.047397196,-0.64401644,0.76410836,0.03716576
1356525191679,0.049745932,-0.0094667375,0.998717,0.7781173,0.6272613,-0.03281212,-0.6261459,0.7787513,0.038569927
1356525191728,0.088412,0.02162832,0.99584913,0.79320115,0.60320485,-0.083521485,-0.6025075,0.797293,0.036174953
1356525191768,0.089761555,0.027715266,0.9955777,0.81099993,0.57820374,-0.08921629,-0.5781194,0.8154216,0.029423356
1356525191806,0.06545113,0.024125606,0.9975641,0.82939327,0.5545324,-0.06782836,-0.55481803,0.8318124,0.016285181
1356525191852,0.03452365,0.039228708,0.9986337,0.843873,0.5341934,-0.050157815,-0.5354311,0.84445167,-0.014661729
1356525191897,-0.0031820238,0.08659026,0.99623895,0.8493657,0.5260495,-0.043009847,-0.5277953,0.8460343,-0.075220704
1356525191936,-0.04585342,0.15814295,0.986351,0.8454964,0.53199697,-0.045990378,-0.53200877,0.8318473,-0.15810317
1356525191978,-0.08156161,0.24542585,0.96597815,0.83473575,0.54639333,-0.06834176,-0.5445769,0.8007624,-0.24943042
1356525192017,-0.12008334,0.30982968,0.9431785,0.8216262,0.5642774,-0.080754906,-0.5572346,0.7652428,-0.3223245
1356525192059,-0.16522703,0.32625556,0.9307294,0.80589044,0.5886725,-0.06328672,-0.5685425,0.7396093,-0.36019087
1356525192098,-0.21013206,0.3014302,0.9300453,0.7884655,0.61471736,-0.021087617,-0.5780714,0.72887754,-0.3668391
1356525192137,-0.25496012,0.23407212,0.93819267,0.76855075,0.637854,0.049718976,-0.58679205,0.7337251,-0.34252363
1356525192172,-0.2856301,0.15217134,0.9461814,0.7518755,0.647769,0.122795045,-0.5942211,0.7464846,-0.2994362
1356525192223,-0.3078351,0.051213205,0.95006037,0.7376676,0.6435033,0.20432821,-0.6009027,0.76372814,-0.2358712
1356525192269,-0.30739456,-0.038107693,0.9508187,0.7331134,0.627547,0.262163,-0.6066739,0.77764547,-0.16496724
1356525192307,-0.28126,-0.09411675,0.9550051,0.7397158,0.6127026,0.27823734,-0.6113209,0.7846894,-0.102709055
1356525192348,-0.24085307,-0.12444946,0.9625498,0.7493119,0.60648495,0.26590917,-0.6168642,0.785295,-0.05282229
1356525192388,-0.17507532,-0.11890063,0.97734904,0.7610109,0.6134819,0.21095595,-0.6246687,0.7807065,-0.016920805
1356525192428,-0.0689698,-0.064266264,0.9955466,0.7689301,0.63237107,0.09409213,-0.63560176,0.77199525,0.0058017373
1356525192462,0.106339544,0.06432697,0.9922469,0.7557832,0.643224,-0.12269762,-0.6461298,0.76297116,0.0197829
1356525192507,0.334424,0.255978,0.90699273,0.6791434,0.60178995,-0.42025346,-0.65339476,0.75652105,0.027407229
1356525192554,0.54696023,0.44156384,0.71123546,0.524514,0.4813998,-0.7022388,-0.65247184,0.7571497,0.031700134
