1356525712162,-0.8455164,0.37412518,0.3809627,0.3339669,-0.18614906,0.92402095,0.41661534,0.9085037,0.032446504
1356525712207,-0.859649,0.3821004,0.33912063,0.2957067,-0.1691488,0.9401841,0.4166066,0.90850866,0.032419026
1356525712241,-0.8595533,0.38208115,0.33938482,0.29600632,-0.16912723,0.9400937,0.41659132,0.90852076,0.032275498
1356525712281,-0.8588482,0.38193086,0.3413334,0.2978743,-0.16971397,0.93939763,0.416714,0.9084745,0.031991124
1356525712318,-0.85618544,0.38152257,0.34840634,0.30425474,-0.17270315,0.9368045,0.4175829,0.90808266,0.031785846
1356525712360,-0.84950674,0.3807956,0.3651479,0.31894863,-0.18063354,0.9303995,0.42025,0.9068441,0.031995177
1356525712402,-0.8369443,0.3796115,0.3942325,0.34403992,-0.19527936,0.9184239,0.42562973,0.9043014,0.032836497
1356525712440,-0.8179632,0.37761876,0.43398187,0.37761876,-0.2166642,0.9002559,0.43398187,0.9002559,0.034627497
1356525712478,-0.7944777,0.3739359,0.47851554,0.4140331,-0.24292171,0.8772489,0.44427666,0.8950759,0.038174033
1356525712520,-0.7710786,0.36963665,0.5184655,0.44429004,-0.2709434,0.85392976,0.45611855,0.8887961,0.044692755
1356525712561,-0.75364035,0.36644647,0.5456584,0.46079192,-0.29744434,0.8361804,0.46871838,0.88161427,0.055310547
1356525712605,-0.74670666,0.36700633,0.554739,0.45853272,-0.3201425,0.8290093,0.48184726,0.8733928,0.07076818
1356525712641,-0.75150305,0.37386364,0.5435706,0.4354102,-0.3379346,0.8343968,0.49564198,0.863728,0.0911749
1356525712682,-0.7653348,0.38865674,0.51303846,0.39207822,-0.3506102,0.8504981,0.51042837,0.8520671,0.115950465
1356525712730,-0.7827571,0.41147387,0.46688393,0.33204305,-0.35837644,0.87253296,0.5263447,0.838007,0.14389467
1356525712763,-0.7977759,0.4408788,0.411314,0.26113176,-0.36223668,0.8947595,0.5434736,0.82122487,0.17385638
1356525712797,-0.80608976,0.47437838,0.35381427,0.18626562,-0.36410505,0.9125419,0.56171566,0.80149406,0.20514089
1356525712842,-0.8059513,0.50919664,0.30192903,0.11412659,-0.36681437,0.9232672,0.58087647,0.77856654,0.23752171
1356525712877,-0.7980896,0.5428889,0.26138997,0.049569458,-0.37318677,0.92643106,0.60049635,0.752332,0.2709257
1356525712920,-0.7850814,0.5735426,0.23387207,-0.0054960847,-0.38401866,0.92330897,0.61936826,0.7235873,0.30463815
1356525712958,-0.77067167,0.599575,0.21581192,-0.05181068,-0.3965066,0.9165686,0.63512254,0.69519216,0.33664095
1356525713001,-0.75906116,0.6199281,0.19878407,-0.09160808,-0.4040149,0.9101537,0.6445416,0.6726522,0.36346257
1356525713038,-0.7533685,0.6340729,0.17431997,-0.1260677,-0.39942956,0.9080545,0.6454013,0.66212356,0.38085377
1356525713100,-0.75451076,0.6415906,0.13811238,-0.1548742,-0.37856722,0.9125244,0.63775194,0.66711944,0.38499892
1356525713150,-0.76141447,0.6418984,0.090634495,-0.17790195,-0.34134406,0.9229492,0.6233772,0.68662274,0.37409914
1356525713165,-0.7722621,0.63438314,0.034193873,-0.19675684,-0.2900033,0.93658143,0.6040678,0.7165585,0.34877777
1356525713195,-0.7853321,0.6184857,-0.02700004,-0.21272132,-0.22863448,0.94998735,0.58138037,0.75179905,0.31111908
1356525713229,-0.79954857,0.5950887,-0.08118878,-0.22195953,-0.16716135,0.96062016,0.5580826,0.7860831,0.26573914
1356525713270,-0.81507504,0.5674082,-0.11704996,-0.21787116,-0.11298984,0.96941507,0.53682864,0.8156477,0.21571702
1356525713326,-0.8326972,0.5401182,-0.122014746,-0.19132835,-0.073868155,0.97874254,0.51962364,0.83834106,0.16484982
1356525713358,-0.85067725,0.5173787,-0.093099385,-0.13973954,-0.051826,0.9888311,0.50677514,0.85418576,0.11638546
1356525713401,-0.8647777,0.50088227,-0.035726905,-0.067809775,-0.045985997,0.9966379,0.49755532,0.8642929,0.073732436
1356525713439,-0.8704695,0.49074,0.038170144,0.013921067,-0.052971005,0.998499,0.49202532,0.8696943,0.03927809
1356525713478,-0.86560243,0.48643333,0.11880697,0.09647417,-0.07081115,0.99281347,0.4913504,0.8708435,0.014365971
1356525713521,-0.85109013,0.4867268,0.19683148,0.17149141,-0.0966171,0.98043656,0.49622202,0.8681948,-0.0012395978
1356525713561,-0.83139145,0.48901522,0.2639174,0.23233657,-0.12552965,0.96450096,0.5047851,0.8631955,-0.009251833
1356525713598,-0.8128573,0.48998317,0.31492785,0.27622655,-0.15173227,0.94903964,0.5127982,0.8584252,-0.01200968
1356525713638,-0.80043983,0.48710427,0.34932163,0.30478415,-0.1710707,0.93693197,0.5161422,0.8564253,-0.0115299225
1356525713678,-0.7960586,0.479607,0.36914486,0.32110137,-0.18231958,0.9293296,0.5130153,0.85833365,-0.008865476
1356525713716,-0.79927826,0.468297,0.37663254,0.32746547,-0.18611693,0.9263513,0.50390524,0.86374664,-0.0045918226
1356525713755,-0.8091605,0.45477712,0.37207106,0.3238985,-0.18310475,0.92820376,0.4902539,0.8715791,8.596182E-4
1356525713795,-0.82519704,0.44067657,0.35334688,0.3079732,-0.17338014,0.9354634,0.47350013,0.88076305,0.0073561072
1356525713842,-0.8470866,0.42728043,0.31603086,0.27484238,-0.15675735,0.9486247,0.45486897,0.890426,0.015352309
1356525713884,-0.8733078,0.41561726,0.2541567,0.21763232,-0.1339181,0.9667999,0.4358549,0.8996267,0.026500046
1356525713922,-0.89817476,0.40813565,0.16342422,0.12998305,-0.10858089,0.98555297,0.41998407,0.90644115,0.044473827
1356525713960,-0.91034245,0.4106174,0.051672697,0.015789509,-0.0903061,0.9957889,0.4135546,0.90732473,0.07572597
1356525713995,-0.90028155,0.43157217,-0.056909725,-0.10533503,-0.08912951,0.9904345,0.42237163,0.8976644,0.12570125
1356525714036,-0.8704588,0.4721462,-0.1392104,-0.21183778,-0.10403144,0.9717521,0.44432682,0.8753602,0.1905734
1356525714097,-0.8309381,0.5207942,-0.1957428,-0.2982602,-0.11997867,0.9469139,0.4696623,0.8452092,0.25502706
1356525714114,-0.788769,0.56174725,-0.24956657,-0.37290794,-0.11454356,0.9207711,0.48865443,0.81934106,0.2998284
1356525714154,-0.7455209,0.585104,-0.31914252,-0.442458,-0.07639408,0.8935294,0.4984271,0.80735195,0.31583732
1356525714194,-0.69824284,0.58550125,-0.4118798,-0.5120525,-0.006423652,0.85893,0.50025886,0.81064594,0.3042928
1356525714234,-0.64295274,0.55988884,-0.5226245,-0.5828928,0.084943235,0.808097,0.49683788,0.8242022,0.27174067
1356525714274,-0.5789878,0.50846225,-0.6373689,-0.6508855,0.18255502,0.7369,0.4910407,0.8415104,0.2252537
1356525714315,-0.51240134,0.43805155,-0.7386174,-0.7085222,0.27033937,0.6518534,0.4852228,0.8573374,0.17184699
1356525714353,-0.45498282,0.3620586,-0.8135749,-0.7496574,0.33737648,0.56937754,0.4806291,0.86895955,0.117919505
1356525714394,-0.4206434,0.2968834,-0.8572744,-0.77126473,0.38054878,0.5102287,0.4777131,0.87580985,0.06890035
1356525714421,-0.42178488,0.2573192,-0.869416,-0.77169216,0.401533,0.49321634,0.47601327,0.8789528,0.029210687
1356525714461,-0.45072132,0.2449545,-0.8583982,-0.7538558,0.41054738,0.51298374,0.47807083,0.87832123,-3.8212538E-4
1356525714502,-0.5293604,0.27462375,-0.80272007,-0.69636786,0.39980942,0.596007,0.48461273,0.87449086,-0.02040416
1356525714541,-0.6392655,0.33810067,-0.6906718,-0.5890125,0.36213046,0.7224443,0.49437222,0.86864805,-0.03235197
1356525714581,-0.7408504,0.40845543,-0.5332025,-0.4447773,0.29651695,0.84513366,0.50330305,0.863274,-0.038002968
1356525714622,-0.8038251,0.45583564,-0.38220292,-0.31133187,0.22511154,0.9232536,0.50689024,0.86112636,-0.03903413
1356525714661,-0.8339598,0.47318882,-0.2839073,-0.22768833,0.17358625,0.9581367,0.50266194,0.8636899,-0.03702438
1356525714701,-0.8479584,0.46845996,-0.24801578,-0.200215,0.15017015,0.96817505,0.4907958,0.8706286,-0.033545375
1356525714741,-0.8528016,0.4490152,-0.26667348,-0.22141296,0.15160209,0.96332395,0.47297534,0.8805692,-0.029868722
1356525714782,-0.84582883,0.41803896,-0.33138654,-0.2845636,0.1718666,0.94312537,0.45121744,0.8920232,-0.026411057
1356525714821,-0.8188331,0.3764561,-0.4333511,-0.3832346,0.20353287,0.9009471,0.42736828,0.90380037,-0.022388518
1356525714861,-0.7641494,0.32810754,-0.5553567,-0.5029655,0.23596704,0.8314717,0.403858,0.91469383,-0.01528728
1356525714902,-0.685989,0.28663367,-0.668775,-0.61716086,0.25762874,0.74346477,0.38539773,0.92275053,1.6862154E-4
1356525714941,-0.6042863,0.2734797,-0.7483628,-0.7008507,0.26433837,0.6625205,0.37900686,0.9248427,0.031932473
1356525714981,-0.5361523,0.30162,-0.7883946,-0.7489103,0.26094455,0.6091316,0.3894535,0.91702414,0.085980296
1356525715022,-0.48062623,0.36252478,-0.7984825,-0.77345634,0.2538306,0.5808058,0.41323584,0.89674175,0.1583994
1356525715101,-0.42835563,0.43422753,-0.79243803,-0.787965,0.24975151,0.56279254,0.44229257,0.86548877,0.23517358
1356525715101,-0.35928047,0.47438347,-0.8036653,-0.8105972,0.2680974,0.5206305,0.46243903,0.8385011,0.2882117
1356525715128,-0.29289234,0.4850924,-0.8239536,-0.83019435,0.29847968,0.47083682,0.4743328,0.8219461,0.31529844
1356525715162,-0.23204362,0.46695402,-0.8532934,-0.84634495,0.33545476,0.41372746,0.47943306,0.81818336,0.31736404
1356525715201,-0.17456865,0.41012794,-0.8951653,-0.8611955,0.3771475,0.34073752,0.47735536,0.83039445,0.28736216
1356525715241,-0.13533986,0.3354498,-0.93228567,-0.87138426,0.4075365,0.27313632,0.47156402,0.84934527,0.23714972
1356525715281,-0.11904529,0.25972238,-0.9583176,-0.8771759,0.4246858,0.22406358,0.4651782,0.86728674,0.17726529
1356525715322,-0.12845746,0.19645298,-0.97206223,-0.87843835,0.43237367,0.20346746,0.4602659,0.8800336,0.1170302
1356525715361,-0.16474855,0.15504852,-0.9740728,-0.8735728,0.43559593,0.21708685,0.4579612,0.8866883,0.06368238
1356525715401,-0.22882038,0.14200363,-0.9630556,-0.85825014,0.43744397,0.26842034,0.45939955,0.8879627,0.021778524
1356525715442,-0.3205206,0.16129333,-0.93340814,-0.82462573,0.43737265,0.3587443,0.46611023,0.88469744,-0.0071802735
1356525715481,-0.43545926,0.21346417,-0.8745331,-0.7623538,0.42919534,0.48436344,0.4787398,0.8776243,-0.024161875
1356525715521,-0.5594676,0.2904892,-0.7762809,-0.66493964,0.4018324,0.62959194,0.49482453,0.8684162,-0.031654477
1356525715562,-0.668974,0.37106362,-0.64403856,-0.5418637,0.349639,0.7642881,0.5087805,0.86026996,-0.032833457
1356525715601,-0.74738646,0.4316487,-0.5050672,-0.41942182,0.28303367,0.86254114,0.5152658,0.8564878,-0.030492723
1356525715641,-0.79667354,0.46343586,-0.38799295,-0.32081726,0.21980345,0.9212832,0.51223785,0.85843676,-0.026433349
1356525715681,-0.82751024,0.47109938,-0.30543756,-0.25400013,0.17104006,0.9519607,0.5007102,0.86533844,-0.021878123
1356525715722,-0.84811556,0.4625249,-0.25840026,-0.21802741,0.13981938,0.965875,0.48287064,0.875512,-0.017739892
1356525715761,-0.8620611,0.44356388,-0.2451567,-0.2112089,0.12529081,0.9693777,0.46069676,0.88744205,-0.014323711
1356525715801,-0.86922514,0.41771942,-0.26449618,-0.23352641,0.124661505,0.9643262,0.43579027,0.89998335,-0.010810435
1356525715842,-0.86643606,0.38879105,-0.31325722,-0.28399023,0.13227719,0.94965905,0.41065574,0.9117808,-0.0041968822
1356525715881,-0.8493872,0.3652451,-0.3809689,-0.35496533,0.13883239,0.92451346,0.39056483,0.92050076,0.011726856
1356525715921,-0.8173268,0.36067152,-0.44932485,-0.4308293,0.1352424,0.89224184,0.38257402,0.9228356,0.044850647
1356525715962,-0.774839,0.3841614,-0.5020405,-0.49768203,0.118985176,0.8591596,0.38979134,0.9155668,0.098995864
1356525716001,-0.726878,0.4276919,-0.5373341,-0.5536885,0.09792602,0.8269458,0.40629703,0.8986045,0.1656279
1356525716059,-0.6771442,0.47175062,-0.56473625,-0.60231316,0.085547745,0.79366267,0.4227228,0.8775722,0.22621346
1356525716127,-0.6285118,0.4995715,-0.5961556,-0.64555055,0.092493415,0.758096,0.4338636,0.86132073,0.26436532
1356525716128,-0.5837307,0.5048202,-0.63593626,-0.68258524,0.11903888,0.7210458,0.43969968,0.8549773,0.27509624
1356525716149,-0.5474942,0.49735582,-0.6729691,-0.70989513,0.14974546,0.6882043,0.4430565,0.8545253,0.27108574
1356525716178,-0.519002,0.47894508,-0.70798904,-0.72960716,0.18329346,0.65884507,0.4453203,0.85849583,0.2543121
1356525716222,-0.49640965,0.44427902,-0.7457839,-0.7434483,0.22596133,0.6294649,0.44817638,0.8669242,0.21812916
1356525716261,-0.4899987,0.4054195,-0.77171004,-0.74528086,0.26436388,0.61210155,0.45217013,0.8750696,0.17261338
1356525716301,-0.5005179,0.37028936,-0.7825392,-0.73538876,0.2951184,0.610007,0.4568208,0.88078994,0.12459457
1356525716341,-0.5298522,0.3462988,-0.77416646,-0.7116462,0.3149928,0.6279644,0.46132016,0.8836609,0.0795427
1356525716381,-0.5773989,0.3389974,-0.7427591,-0.67033947,0.3225196,0.66830087,0.46610662,0.883777,0.04102093
1356525716421,-0.63916713,0.35142893,-0.6840783,-0.60650474,0.31659347,0.7293288,0.47288197,0.8810597,0.010787129
1356525716461,-0.7057979,0.38133517,-0.59701985,-0.5188057,0.29561836,0.80215365,0.4823794,0.8758957,-0.010807931
1356525716501,-0.76448274,0.4186901,-0.49016804,-0.41629434,0.25992203,0.8712861,0.4922043,0.8701374,-0.024407625
1356525716541,-0.8065612,0.44965267,-0.38375968,-0.3184718,0.2164008,0.9229011,0.49803084,0.8665928,-0.03133881
1356525716581,-0.8332251,0.46581912,-0.29790694,-0.24296361,0.17553216,0.9540216,0.49669373,0.86729527,-0.033080697
1356525716621,-0.85039175,0.46719694,-0.24199376,-0.19657214,0.14451623,0.9697806,0.48805055,0.87226266,-0.031057477
1356525716661,-0.86227417,0.45772886,-0.21671978,-0.1784823,0.12581426,0.9758662,0.47394857,0.88014495,-0.026789844
1356525716701,-0.8698825,0.4412533,-0.22045371,-0.18656437,0.11940628,0.9751594,0.4566159,0.889403,-0.021547318
1356525716741,-0.871802,0.4197998,-0.2524471,-0.22032529,0.12424451,0.96748126,0.43751362,0.8990725,-0.01582414
1356525716781,-0.8643856,0.39419925,-0.31216115,-0.28008682,0.13811785,0.9499868,0.41759908,0.9085871,-0.008977115
1356525716821,-0.842384,0.36735904,-0.39425454,-0.36226642,0.1555757,0.9189991,0.39893904,0.91697526,0.0020273328
1356525716861,-0.8022552,0.34909487,-0.48427212,-0.4547401,0.16821736,0.87459385,0.38677925,0.92186534,0.023794055
1356525716901,-0.7470084,0.3546272,-0.5623328,-0.53983796,0.1701076,0.82440186,0.3880124,0.9194037,0.06436938
1356525716941,-0.6829929,0.38997924,-0.6176059,-0.6084503,0.16404492,0.77645195,0.4041153,0.9060936,0.1252414
1356525716981,-0.61360383,0.4402378,-0.6555006,-0.66431403,0.1609168,0.72992647,0.42682225,0.88334394,0.193717
1356525717021,-0.54124296,0.48040476,-0.6901212,-0.7131114,0.17265064,0.6794585,0.445565,0.85988545,0.24913627
1356525717062,-0.47011304,0.49404746,-0.731376,-0.7556918,0.20280248,0.6227367,0.45598632,0.8454515,0.27800757
1356525717102,-0.40484494,0.47537744,-0.7810998,-0.7911869,0.2461226,0.5598634,0.45839274,0.8446538,0.27647096
1356525717140,-0.3514611,0.4365167,-0.8282079,-0.81746215,0.28810465,0.4987499,0.4563232,0.8523198,0.25557822
1356525717181,-0.31317365,0.3832689,-0.86892307,-0.83533233,0.32412213,0.44403237,0.45182097,0.86489874,0.2186504
1356525717221,-0.29415274,0.32676902,-0.89816266,-0.84453166,0.35111624,0.4043312,0.4474824,0.8774619,0.17268497
1356525717261,-0.2957462,0.2765415,-0.9143626,-0.8452474,0.37021053,0.3853583,0.44507426,0.8868308,0.124257565
1356525717301,-0.3178466,0.24016616,-0.9172207,-0.836882,0.38362998,0.3904568,0.44564787,0.8917109,0.07905531
1356525717341,-0.35873753,0.22266233,-0.9064926,-0.8175912,0.39362574,0.420242,0.4503909,0.891897,0.04083842
1356525717381,-0.41514856,0.22659582,-0.8810823,-0.78451496,0.40120816,0.47283018,0.46063873,0.887517,0.011206806
1356525717421,-0.48221457,0.25155902,-0.83915854,-0.7356544,0.4038483,0.54380065,0.47569072,0.87955934,-0.009680986
1356525717461,-0.551769,0.291564,-0.7813715,-0.6735239,0.3967557,0.62365896,0.49185005,0.8703881,-0.022542119
1356525717501,-0.6156622,0.33523077,-0.71314824,-0.6062472,0.37665105,0.7004273,0.50341284,0.8635707,-0.028657079
1356525717541,-0.6681656,0.3705617,-0.6451656,-0.5450844,0.3463952,0.76347446,0.5063967,0.8617971,-0.02946198
1356525717581,-0.70773214,0.39122152,-0.5882695,-0.49864763,0.3132404,0.80822706,0.50046563,0.8653474,-0.026608646
1356525717621,-0.73512346,0.3969556,-0.5495632,-0.4709429,0.28409904,0.83516496,0.48765382,0.87276226,-0.021904469
1356525717661,-0.7510992,0.39033931,-0.5324332,-0.46328324,0.26292753,0.8463083,0.47033876,0.8823289,-0.016646981
1356525717701,-0.75540125,0.37406954,-0.5379971,-0.47620764,0.25058258,0.8428728,0.45010576,0.89290553,-0.011155605
1356525717741,-0.7465985,0.35112053,-0.56507087,-0.50905836,0.24532461,0.82503057,0.42831093,0.9036206,-0.0044181347
1356525717781,-0.72286737,0.32780302,-0.6082827,-0.5577094,0.24294025,0.7936877,0.40794957,0.912976,0.0072053075
1356525717821,-0.68366224,0.31607434,-0.65780145,-0.613688,0.23881477,0.75256526,0.39495927,0.91818535,0.030702472
1356525717861,-0.63095284,0.3287378,-0.70273036,-0.6675159,0.23157871,0.70766795,0.3953746,0.91558874,0.073322415
1356525717901,-0.5674087,0.3665598,-0.7373475,-0.71484834,0.22517061,0.66203475,0.40870428,0.90273595,0.1342709
1356525717941,-0.49641508,0.41207826,-0.76404417,-0.75619423,0.2269631,0.6137247,0.42631242,0.88242805,0.19894338
1356525717981,-0.42407358,0.44278264,-0.79000324,-0.79162335,0.24246597,0.560841,0.4398796,0.8632229,0.24769366
1356525718021,-0.3574887,0.44701123,-0.81998944,-0.81978905,0.2703989,0.5048073,0.44737875,0.85268134,0.2697904
1356525718061,-0.30209512,0.4257695,-0.85291207,-0.84009784,0.3039419,0.4492827,0.45052662,0.85225564,0.26586866
1356525718103,-0.26141357,0.38613838,-0.8846243,-0.85314316,0.33622497,0.3988728,0.4514529,0.8589819,0.24153751
1356525718128,-0.23773414,0.346058,-0.90759367,-0.8598037,0.35974395,0.36238357,0.4519071,0.86650336,0.21201855
1356525718160,-0.22626716,0.3059387,-0.92477274,-0.862561,0.3781458,0.33614606,0.452539,0.8737318,0.17832881
1356525718201,-0.227348,0.26309106,-0.9376012,-0.8614538,0.39463964,0.31961986,0.45410374,0.880365,0.13692027
1356525718241,-0.24812117,0.2285721,-0.941377,-0.8544413,0.40626433,0.32385078,0.45647115,0.88470566,0.094498694
1356525718281,-0.28483945,0.20727843,-0.93589646,-0.8407474,0.41495794,0.34778398,0.46044582,0.8859151,0.056072354
1356525718322,-0.3341266,0.20248291,-0.9205216,-0.8184495,0.42203206,0.38990933,0.46743962,0.88367957,0.02470988
1356525718361,-0.39174053,0.21464661,-0.8946878,-0.7864691,0.42653915,0.4466887,0.47749957,0.87863034,0.0017202497
1356525718401,-0.45262778,0.23991007,-0.85881966,-0.7466237,0.42461175,0.51211125,0.48752552,0.87301093,-0.013068497
1356525718441,-0.5112355,0.26980937,-0.8159909,-0.70421386,0.41275352,0.57768273,0.49266732,0.869964,-0.021010697
1356525718481,-0.562818,0.29544133,-0.7719782,-0.66571105,0.3915884,0.6352065,0.48996395,0.8714201,-0.023714423
1356525718521,-0.60453916,0.31185132,-0.7329947,-0.63578564,0.36547482,0.6798565,0.47990525,0.87702733,-0.02267325
1356525718561,-0.63514113,0.31807393,-0.70386416,-0.6169147,0.3394348,0.7100706,0.46477097,0.8852192,-0.019364536
1356525718601,-0.654136,0.31519926,-0.6875722,-0.6103297,0.3169818,0.7259616,0.44677037,0.8945233,-0.0149737
1356525718641,-0.66120535,0.3049775,-0.6854168,-0.6166477,0.2993992,0.7280836,0.42726234,0.9040735,-0.009900689
1356525718681,-0.6558889,0.2900871,-0.6968926,-0.6354907,0.28604466,0.71716815,0.40738365,0.91325134,-0.0032659173
1356525718721,-0.637748,0.27632752,-0.71897185,-0.6643903,0.27490783,0.69499,0.38969588,0.9209065,0.008267403
1356525718761,-0.60679024,0.2747156,-0.74587995,-0.6982382,0.2641843,0.6653346,0.37982756,0.9245204,0.0315125
1356525718801,-0.56321764,0.29771036,-0.77081424,-0.73130125,0.25469357,0.6327162,0.3846876,0.9200542,0.07426804
1356525718841,-0.5071854,0.3475122,-0.78866863,-0.7605637,0.24992132,0.5992346,0.40534642,0.9037558,0.13754874
1356525718881,-0.44127685,0.4077079,-0.7994054,-0.7861519,0.2539187,0.56346285,0.43271226,0.87709725,0.2084719
1356525718921,-0.3735025,0.4536373,-0.8091409,-0.8082747,0.26886147,0.5238373,0.45517898,0.84966266,0.26624316
1356525718962,-0.31368285,0.47059995,-0.82470524,-0.82627743,0.2926463,0.48127308,0.467834,0.83240247,0.29704803
1356525719008,-0.27001745,0.44843322,-0.8520553,-0.8404762,0.32198256,0.43580613,0.46977687,0.83380747,0.28995657
1356525719039,-0.24124265,0.41818613,-0.875741,-0.8496948,0.34494585,0.39878702,0.46885046,0.840317,0.27211493
1356525719087,-0.22702658,0.37234753,-0.89989793,-0.85560995,0.36510342,0.36692113,0.465178,0.8532625,0.23569602
1356525719111,-0.23017585,0.33002746,-0.9154785,-0.85691893,0.37710637,0.35139817,0.46120387,0.86537427,0.196006
1356525719151,-0.24399525,0.28319556,-0.9275055,-0.855068,0.38839126,0.343527,0.45752037,0.87689936,0.1473859
1356525719191,-0.27512354,0.24358258,-0.93004006,-0.8471978,0.3958863,0.35430202,0.4544919,0.8854047,0.09744495
1356525719231,-0.3191953,0.21644992,-0.9226395,-0.8325215,0.4011146,0.38211912,0.4527938,0.8900879,0.05216533
1356525719271,-0.3724274,0.20528942,-0.9050713,-0.8095034,0.40508395,0.42498383,0.45387453,0.8909339,0.015318155
1356525719311,-0.43119276,0.21171218,-0.87706935,-0.77660394,0.4077587,0.4802282,0.45930287,0.8882065,-0.011406064
1356525719351,-0.49175477,0.23435603,-0.83860266,-0.7337489,0.4070158,0.5440135,0.46881735,0.88284504,-0.028193474
1356525719391,-0.5501116,0.26715314,-0.79120564,-0.68403226,0.39933783,0.6104336,0.4790376,0.8770168,-0.036939025
1356525719431,-0.6028908,0.3009174,-0.73889875,-0.6333443,0.38269788,0.6726197,0.485178,0.87349355,-0.040140748
1356525719471,-0.6480634,0.3279993,-0.6873356,-0.58771765,0.3585915,0.7252587,0.48435703,0.8739729,-0.03961903
1356525719511,-0.6847745,0.344976,-0.641931,-0.5512686,0.33091605,0.76589656,0.47664124,0.87834287,-0.03642845
1356525719552,-0.71276087,0.35171807,-0.60684955,-0.5263451,0.303657,0.79419976,0.4636085,0.8854868,-0.031309724
1356525719591,-0.73176646,0.3495107,-0.58511543,-0.51461923,0.2795291,0.8105742,0.44686115,0.8942627,-0.024685144
1356525719631,-0.7411382,0.34001833,-0.5788798,-0.5176242,0.25968826,0.81524676,0.42752713,0.90385264,-0.01646316
1356525719671,-0.7395574,0.32606465,-0.5888435,-0.5360882,0.24367052,0.80822897,0.40701872,0.91340375,-0.0054089427
1356525719711,-0.72532785,0.31450966,-0.6123586,-0.56793964,0.22930127,0.7904843,0.38902956,0.92114305,0.012303889
1356525719751,-0.6976091,0.31771517,-0.64218265,-0.607019,0.21405917,0.7653147,0.3806172,0.9237076,0.04352951
1356525719791,-0.65770054,0.34708396,-0.66855276,-0.6456126,0.19752294,0.7376782,0.38809076,0.9167974,0.09417075
1356525719831,-0.60877275,0.39976615,-0.68526113,-0.67961377,0.18283778,0.71041924,0.40929317,0.89819676,0.16037983
1356525719871,-0.5559175,0.45566642,-0.6952151,-0.7091466,0.17635828,0.68264854,0.43366694,0.87250555,0.22509354
1356525719911,-0.50559163,0.49322265,-0.70789003,-0.73473245,0.18395972,0.6529371,0.45226657,0.85022944,0.2693783
1356525719951,-0.4627939,0.50341725,-0.7296525,-0.7558948,0.20587587,0.62148064,0.46308193,0.839158,0.2852524
1356525719991,-0.42985904,0.4883291,-0.75944453,-0.7721723,0.23709935,0.58952004,0.4679436,0.8398325,0.2751549
1356525720053,-0.40490502,0.4310516,-0.8063786,-0.78535163,0.28769726,0.548136,0.46826783,0.8552338,0.22203696
1356525720110,-0.4060356,0.38107282,-0.8306135,-0.7844632,0.32089865,0.530699,0.46877778,0.8670684,0.16864127
1356525720128,-0.41831017,0.338965,-0.8426858,-0.77677685,0.34736145,0.52531683,0.4707806,0.8743242,0.11799526
1356525720162,-0.44718695,0.31242067,-0.83810323,-0.7592179,0.36279982,0.5403374,0.47287625,0.8779349,0.074956
1356525720201,-0.4850911,0.29919544,-0.8216865,-0.7335553,0.372261,0.5686109,0.47600767,0.8785806,0.038895905
1356525720241,-0.5459649,0.30946645,-0.77855814,-0.6858928,0.36854565,0.62747514,0.48111674,0.8765869,0.0110477805
1356525720281,-0.6254079,0.34406906,-0.7003439,-0.60784125,0.34796906,0.7137552,0.48927912,0.872086,-0.008483231
1356525720321,-0.70989525,0.3953119,-0.5829042,-0.49688447,0.3054502,0.8122844,0.49915388,0.86627287,-0.02041328
1356525720361,-0.7807616,0.44548422,-0.4381267,-0.36596835,0.2422921,0.898533,0.50643694,0.86188066,-0.0261392
1356525720401,-0.82730293,0.4776683,-0.29563954,-0.24159062,0.1725877,0.954907,0.50715256,0.86142117,-0.027382076
1356525720441,-0.8538952,0.48814148,-0.18050154,-0.14367998,0.11223894,0.98323876,0.5002189,0.8655173,-0.025704086
1356525720481,-0.8699191,0.48257983,-0.10177125,-0.07804789,0.06904936,0.9945555,0.48697966,0.8731259,-0.022402942
1356525720521,-0.88184553,0.4677592,-0.05958073,-0.0439675,0.04423678,0.9980531,0.46948415,0.88274825,-0.018443882
1356525720569,-0.8924462,0.44792742,-0.05385837,-0.041789934,0.03679073,0.9984488,0.44921407,0.89331263,-0.014114916
1356525720611,-0.9022849,0.42099777,-0.09296669,-0.081180125,0.0458768,0.9956431,0.42342854,0.9059008,-0.007217288
1356525720651,-0.9000333,0.3920474,-0.19036484,-0.17608188,0.07244718,0.9817059,0.39866668,0.9170879,0.0038276315
1356525720691,-0.87726885,0.36843994,-0.30765474,-0.2939103,0.094424546,0.95115757,0.3794946,0.9248438,0.025452614
1356525720731,-0.8324605,0.3650926,-0.4167936,-0.40956137,0.10118973,0.9066533,0.37318763,0.9254556,0.065291405
1356525720771,-0.7770147,0.3934438,-0.4913759,-0.49924657,0.090275824,0.8617443,0.38340726,0.91490567,0.12627983
1356525720811,-0.7213263,0.4451095,-0.5306277,-0.56236553,0.07079178,0.82385284,0.40426877,0.89267355,0.19925034
1356525720851,-0.668276,0.49748513,-0.55309653,-0.6103778,0.05833912,0.7899592,0.42526013,0.86550856,0.2646672
1356525720891,-0.61851466,0.53148,-0.5787646,-0.65086585,0.0661419,0.75630605,0.4402421,0.84448457,0.30501252
1356525720931,-0.5734106,0.53924364,-0.61677915,-0.68545574,0.09656346,0.72168267,0.4487211,0.8365953,0.3142572
1356525720971,-0.53475136,0.5210402,-0.6652504,-0.71398413,0.14247262,0.6855132,0.45195994,0.8415573,0.29582697
1356525721011,-0.50529945,0.48222584,-0.7156331,-0.7354533,0.1931656,0.6494579,0.45142108,0.85448545,0.25704807
1356525721051,-0.48934752,0.43219548,-0.75746024,-0.74761254,0.23929822,0.6195255,0.4490149,0.86945003,0.20601481
1356525721111,-0.49187,0.38245124,-0.7821733,-0.74732643,0.27548552,0.6046578,0.4467295,0.88195175,0.15031284
1356525721133,-0.5178615,0.3449502,-0.7828338,-0.72998536,0.29893118,0.614623,0.44602776,0.88974684,0.09700376
1356525721173,-0.5694492,0.3290894,-0.75327814,-0.6891818,0.30834913,0.6557053,0.44805837,0.89253634,0.051213145
1356525721212,-0.6438011,0.34005788,-0.68547857,-0.61601424,0.3010847,0.72792476,0.4539237,0.8909033,0.015641749
1356525721253,-0.7276237,0.37575164,-0.57391155,-0.5045996,0.2735747,0.81886274,0.46469668,0.8854194,-0.009455323
1356525721291,-0.8005751,0.4249463,-0.42249283,-0.36001134,0.22254437,0.90601647,0.47903177,0.8774364,-0.025177956
1356525721331,-0.8446183,0.46865028,-0.2588182,-0.20948349,0.15559065,0.96535397,0.4926831,0.8695737,-0.0332402
1356525721371,-0.86164486,0.4937799,-0.117258385,-0.08389707,0.0892818,0.9924667,0.5005291,0.8649914,-0.035502553
1356525721411,-0.8661255,0.4996149,-0.014540166,0.0042099804,0.036381662,0.9993291,0.4998087,0.8654833,-0.033614397
1356525721451,-0.86925703,0.4917184,0.05104029,0.05883552,3.8915873E-4,0.9982676,0.4908467,0.8707542,-0.029268742
1356525721491,-0.8752367,0.47594088,0.08626141,0.08734901,-0.019883811,0.9959793,0.47574246,0.87925243,-0.024169922
1356525721531,-0.8847467,0.4563443,0.09472674,0.0930724,-0.026159048,0.9953157,0.4566846,0.8894187,-0.019328952
1356525721571,-0.8973041,0.43500614,0.07493392,0.07384497,-0.019433618,0.99708045,0.43519232,0.9002178,-0.014685214
1356525721611,-0.91050196,0.41293192,0.021760494,0.023322955,-0.0012568235,0.9997272,0.41284662,0.91076106,-0.008486509
1356525721651,-0.9171224,0.3929466,-0.06692925,-0.06319147,0.022456646,0.99774873,0.393565,0.9192871,0.0042353272
1356525721691,-0.9060077,0.38369897,-0.17867658,-0.17700347,0.039988577,0.9833976,0.38447365,0.92259204,0.03168595
1356525721731,-0.8725152,0.39732075,-0.28434741,-0.292732,0.04084885,0.95532155,0.39118433,0.9167702,0.08066726
1356525721771,-0.824003,0.43591687,-0.3619331,-0.39025655,0.026436448,0.92032653,0.41075408,0.89959854,0.1483357
1356525721830,-0.76888525,0.48444825,-0.41728315,-0.4707421,0.012739718,0.88217884,0.43268606,0.8747271,0.21825486
1356525721851,-0.7098116,0.52321434,-0.47160816,-0.5430201,0.02000004,0.83948153,0.4486609,0.85196644,0.26991963
1356525721892,-0.6458983,0.5395217,-0.5401218,-0.6113682,0.058172464,0.7892052,0.45721355,0.8399596,0.29227298
1356525721929,-0.5756856,0.5277598,-0.6245445,-0.6759387,0.12262803,0.72668374,0.46010113,0.8404951,0.286138
1356525721972,-0.49933863,0.48641068,-0.71698374,-0.73480994,0.20068854,0.64790314,0.45903748,0.85036975,0.2572078
1356525722011,-0.42363948,0.42223695,-0.8014023,-0.78273785,0.2746417,0.5584742,0.45590693,0.86387956,0.21415174
1356525722051,-0.35823858,0.34690842,-0.866787,-0.8166342,0.3335567,0.47100788,0.45251924,0.87658113,0.16380447
1356525722105,-0.30597365,0.26447058,-0.9145685,-0.8382206,0.38064712,0.39050484,0.45140487,0.88609433,0.10521668
1356525722143,-0.31950262,0.22170636,-0.9212841,-0.83236647,0.39898238,0.38468066,0.45286223,0.8897525,0.05706501
1356525722183,-0.3766938,0.21685502,-0.9005974,-0.8043145,0.40573353,0.4341181,0.45954317,0.88789314,0.021582365
1356525722223,-0.49414915,0.26301765,-0.8286364,-0.72999454,0.39210904,0.5597844,0.47214898,0.88151705,-0.0017588735
1356525722263,-0.65740895,0.35593075,-0.6641738,-0.57425046,0.33405823,0.7474233,0.48790365,0.8727648,-0.01521951
1356525722302,-0.7952009,0.44969925,-0.40672624,-0.34226945,0.22078633,0.91329354,0.50050706,0.86546177,-0.021651208
1356525722341,-0.8540447,0.49482352,-0.16049118,-0.12681459,0.10116738,0.9867539,0.5045055,0.8630845,-0.023650587
1356525722381,-0.86678374,0.4986837,7.159263E-4,0.012137637,0.019661725,0.99973303,0.49853647,0.866561,-0.02309531
1356525722421,-0.87085843,0.48431292,0.083943665,0.083648235,-0.022264123,0.9962466,0.48436403,0.8746115,-0.021123052
1356525722461,-0.8791332,0.4635976,0.11046305,0.106336474,-0.035125792,0.9937096,0.4645615,0.88534933,-0.01841706
1356525722501,-0.89335567,0.4406229,0.08813149,0.08573589,-0.025386393,0.99599445,0.4410953,0.89733326,-0.015098095
1356525722541,-0.90947676,0.41559643,0.011477917,0.014749691,0.00466305,0.99988043,0.4154932,0.9095372,-0.01037091
1356525722581,-0.91304415,0.38677123,-0.12945393,-0.11857566,0.0519678,0.9915842,0.39024368,0.9207102,-0.0015871525
1356525722621,-0.8770232,0.355915,-0.32273036,-0.30569923,0.104821384,0.94634056,0.37064588,0.92862105,0.016872108
1356525722661,-0.7915909,0.3385654,-0.50868195,-0.4908424,0.14351189,0.8593475,0.36394724,0.9299343,0.052579522
1356525722701,-0.690845,0.3552835,-0.62968796,-0.6189584,0.15948898,0.7690604,0.37366277,0.9210521,0.10972351
1356525722741,-0.601489,0.40186918,-0.6904434,-0.6948395,0.16331547,0.7003757,0.39421952,0.90101564,0.18100214
1356525722781,-0.51391083,0.44977385,-0.73047864,-0.75065035,0.17639995,0.6367159,0.41523454,0.8755493,0.24696904
1356525722821,-0.41003847,0.47068492,-0.7812325,-0.8039026,0.2180888,0.55333346,0.4308237,0.85492283,0.28896004
1356525722861,-0.28286994,0.44840547,-0.8478898,-0.85181916,0.28890204,0.43696636,0.4408952,0.8458535,0.30023873
1356525722901,-0.14034134,0.38016436,-0.9142097,-0.88349354,0.3687098,0.2889501,0.4469266,0.84825003,0.28412753
1356525722941,-0.002945274,0.27888596,-0.96031964,-0.89287984,0.43168822,0.1281048,0.4502853,0.8578274,0.24774027
1356525722981,0.10857949,0.16765034,-0.97984886,-0.88522243,0.46479723,-0.01856774,0.45231816,0.8694003,0.19887531
1356525723021,0.18446052,0.066646904,-0.98057765,-0.87160695,0.4721346,-0.131872,0.45417577,0.87900347,0.1451801
1356525723061,0.22458744,-0.012811661,-0.97436976,-0.8607343,0.4661612,-0.20452443,0.45683372,0.8846071,0.093666494
1356525723104,0.23232938,-0.066841125,-0.97033775,-0.85604644,0.45955962,-0.23662096,0.46174407,0.88562816,0.049550116
1356525723143,0.20523453,-0.090855,-0.97448665,-0.8586223,0.46116012,-0.22382832,0.46973032,0.88265324,0.016635835
1356525723183,0.14460133,-0.08447406,-0.98587763,-0.8640001,0.4748444,-0.16741183,0.4822804,0.87600625,-0.0043224692
1356525723222,0.03607361,-0.037785113,-0.9986346,-0.8664349,0.49677074,-0.050094396,0.49798524,0.8670589,-0.014818013
1356525723261,-0.1327289,0.058885753,-0.9894016,-0.8484208,0.5093219,0.1441293,0.5124111,0.858559,-0.017641902
1356525723301,-0.3424808,0.19129765,-0.9198435,-0.7824908,0.4838145,0.39195874,0.52001446,0.8540075,-0.016008556
1356525723342,-0.5204531,0.30377185,-0.79802954,-0.67887443,0.4196779,0.6024947,0.51793635,0.85533214,-0.0121997
1356525723381,-0.622395,0.35955277,-0.69523114,-0.596625,0.3569929,0.7187453,0.5066194,0.8621357,-0.007672429
1356525723421,-0.6611645,0.3676374,-0.65399104,-0.56928235,0.32192308,0.756494,0.4886503,0.87247247,-0.0035546422
1356525723461,-0.65416104,0.34445056,-0.67337006,-0.5956222,0.31410426,0.73930556,0.46616262,0.88469905,-3.1232834E-4
1356525723501,-0.6065763,0.3002175,-0.73616207,-0.66149,0.32306725,0.6768002,0.44101712,0.89749485,0.0026260018
1356525723541,-0.52449024,0.24670696,-0.81489,-0.74319726,0.33431667,0.5795604,0.4154129,0.90959775,0.008006036
1356525723581,-0.42671108,0.2041077,-0.8810549,-0.8140927,0.3376369,0.47249803,0.3939172,0.91888046,0.022089183
1356525723621,-0.33758205,0.1936808,-0.92115474,-0.8597944,0.33487284,0.38550478,0.38313457,0.92214316,0.05347854
1356525723661,-0.2666204,0.22205034,-0.93787384,-0.88279974,0.33421987,0.3300935,0.38675347,0.91596437,0.10691613
1356525723701,-0.20512414,0.2742318,-0.9395324,-0.89281833,0.34087092,0.29441905,0.40099832,0.89922416,0.17491823
1356525723741,-0.14033115,0.32128158,-0.9365283,-0.8975953,0.35794353,0.25729197,0.41788745,0.8767294,0.23815024
1356525723781,-0.06870383,0.33940414,-0.93812823,-0.89914036,0.3863483,0.20562497,0.43223426,0.8576362,0.27862835
1356525723821,0.0035407543,0.3216039,-0.9468677,-0.8966265,0.42027432,0.13939336,0.4427736,0.8484931,0.2898466
1356525723861,0.06667265,0.27519923,-0.9590726,-0.8907735,0.44947425,0.06704885,0.44953024,0.84984607,0.2751078
1356525723901,0.112694025,0.21387842,-0.9703381,-0.8843509,0.4668228,1.8781424E-4,0.45301613,0.8580982,0.24175173
1356525723941,0.13751563,0.15058792,-0.9789854,-0.8800684,0.4720998,-0.051002413,0.4544985,0.86858785,0.19744879
1356525723981,0.14018369,0.094647706,-0.9855914,-0.8790992,0.4698922,-0.0799126,0.45555818,0.877635,0.14907593
1356525724021,0.12100282,0.05233869,-0.9912714,-0.8808819,0.46601614,-0.08292231,0.45760843,0.8832269,0.102493465
1356525724061,0.080189615,0.027938992,-0.996388,-0.88323486,0.46532574,-0.058035135,0.46202356,0.88469845,0.061990976
1356525724106,0.017073065,0.024749994,-0.99954784,-0.88243365,0.47042444,-0.0034243762,0.47012696,0.8820932,0.029871821
1356525724143,-0.07019448,0.04641241,-0.99645305,-0.8731313,0.4802155,0.083874404,0.48240504,0.8759218,0.0068156123
1356525724183,-0.18257037,0.095813125,-0.9785131,-0.8481208,0.48809913,0.20603505,0.49735224,0.8675132,-0.007851303
1356525724222,-0.31399232,0.16973767,-0.9341295,-0.79981935,0.48284382,0.3565822,0.511564,0.8590989,-0.01584971
1356525724263,-0.4490112,0.2539475,-0.85667944,-0.72653675,0.45433944,0.51548046,0.52012825,0.85386556,-0.019501388
1356525724302,-0.56535816,0.32555473,-0.75788134,-0.6406593,0.4054206,0.6520659,0.5195438,0.8541945,-0.020638168
1356525724341,-0.65076435,0.37001467,-0.66301954,-0.5625608,0.351488,0.74831915,0.5099325,0.8599682,-0.020580053
1356525724381,-0.70601803,0.38671932,-0.5932847,-0.5080854,0.3069957,0.80473775,0.49334347,0.8695987,-0.020258069
1356525724421,-0.7366538,0.38235322,-0.5578058,-0.483789,0.278387,0.8297282,0.47253513,0.8810827,-0.0200966
1356525724461,-0.74551624,0.36279118,-0.5590957,-0.49216604,0.26598972,0.8288679,0.44941968,0.8931024,-0.019746184
1356525724501,-0.7315328,0.3326203,-0.5951668,-0.5327034,0.26599467,0.8034139,0.42554298,0.90477103,-0.017395854
1356525724541,-0.69270676,0.30013427,-0.6558023,-0.5973457,0.27078313,0.7548871,0.40414768,0.91465616,-0.008289337
1356525724582,-0.6326828,0.2813457,-0.7214963,-0.66826487,0.27244043,0.6922415,0.39132386,0.92011994,0.015645146
1356525724621,-0.56184393,0.29267782,-0.7737384,-0.72806305,0.2691189,0.63047534,0.39275375,0.9175591,0.061885178
1356525724661,-0.4878683,0.3351053,-0.8060329,-0.7719126,0.26554203,0.5776144,0.4075973,0.9039867,0.12912238
1356525724719,-0.40945083,0.3879817,-0.8257241,-0.80587953,0.27046585,0.52669394,0.42767778,0.8810893,0.20192403
1356525724741,-0.3227285,0.4233262,-0.8465466,-0.83532625,0.29317552,0.46505713,0.44505757,0.8572298,0.2589994
1356525724782,-0.22773463,0.42338628,-0.87685865,-0.85960335,0.3356018,0.38529658,0.45740467,0.841496,0.28751606
1356525724819,-0.12993824,0.3855648,-0.9134856,-0.8754276,0.38797075,0.28827977,0.4655562,0.837149,0.28712183
1356525724862,-0.038247466,0.31780627,-0.9473839,-0.88168776,0.4354561,0.18167189,0.47028053,0.84224534,0.26355082
1356525724901,0.037263513,0.23630136,-0.970965,-0.88069946,0.46690017,0.07982901,0.47220743,0.85215366,0.22550887
1356525724941,0.090859056,0.15517336,-0.98370004,-0.8768373,0.48075962,-0.0051514804,0.47212386,0.863013,0.17974317
1356525724981,0.120646685,0.085101485,-0.98904103,-0.8738146,0.48187807,-0.06512806,0.47105473,0.87209594,0.13249987
1356525725021,0.12776114,0.031881183,-0.9912924,-0.87308264,0.4777937,-0.097159415,0.4705357,0.8778933,0.08887839
1356525725061,0.114363864,-0.0025773346,-0.9934355,-0.8735374,0.4759935,-0.10179612,0.47313115,0.87944496,0.05218512
1356525725106,0.08194102,-0.017870396,-0.99647695,-0.87268686,0.48161566,-0.08039874,0.48135573,0.87620026,0.0238688
1356525725143,0.031131253,-0.013172895,-0.9994285,-0.868845,0.49394453,-0.033574134,0.4941045,0.8693937,0.00393188
1356525725183,-0.03740734,0.011947215,-0.9992286,-0.86238486,0.5048008,0.038320094,0.5048692,0.8631531,-0.008580148
1356525725223,-0.11901268,0.052643538,-0.99149615,-0.8539988,0.5039606,0.1292662,0.50648004,0.86212087,-0.015020192
1356525725263,-0.20358121,0.09766626,-0.97417456,-0.8436554,0.48738557,0.22516859,0.49679,0.8677077,-0.016825855
1356525725303,-0.27818674,0.1347642,-0.9510262,-0.8331159,0.45891786,0.30872703,0.47804824,0.87819874,-0.015390694
1356525725343,-0.33375588,0.15750206,-0.9294085,-0.82592946,0.4263684,0.36885044,0.45436507,0.8907318,-0.012217343
1356525725383,-0.3661801,0.16551536,-0.9157057,-0.8256651,0.39606062,0.40176255,0.42917287,0.90318364,-0.008369267
1356525725421,-0.37518328,0.16175997,-0.91272736,-0.83416766,0.37047535,0.40854898,0.40422988,0.9146484,-0.004061222
1356525725463,-0.36354905,0.15165728,-0.9191475,-0.8503712,0.34886318,0.3939077,0.38039574,0.9248214,0.0021361113
1356525725501,-0.33583236,0.14475536,-0.93073225,-0.8699913,0.33105212,0.3654034,0.36101505,0.93244326,0.014757812
1356525725541,-0.2995726,0.15519136,-0.94136703,-0.8864334,0.31961918,0.3347826,0.3528343,0.9347509,0.041817665
1356525725582,-0.26069075,0.19433033,-0.94566166,-0.8950372,0.31850827,0.31218743,0.3618685,0.9277867,0.09090072
1356525725621,-0.21928579,0.25867054,-0.9407462,-0.8961432,0.3278737,0.2990421,0.38579932,0.9086189,0.15990776
1356525725661,-0.17256391,0.32536748,-0.9297085,-0.8941096,0.34426844,0.28643906,0.41326728,0.8806902,0.23150587
1356525725701,-0.12138808,0.36785287,-0.9219269,-0.89257985,0.3658743,0.26350948,0.43424207,0.8548802,0.2839253
1356525725741,-0.07113907,0.37448105,-0.92450154,-0.89193594,0.3910356,0.22702712,0.44653034,0.8407467,0.30619526
1356525725781,-0.02816385,0.34910405,-0.93666065,-0.891469,0.41512728,0.18152767,0.45220542,0.84011644,0.2995239
1356525725821,0.0024816096,0.302485,-0.953151,-0.89110935,0.4331943,0.13515526,0.45378208,0.84902626,0.27062213
1356525725862,0.017494261,0.24616897,-0.9690691,-0.8910687,0.44347626,0.096568376,0.4535313,0.8618177,0.2271117
1356525725901,0.015112102,0.1901134,-0.9816458,-0.8912734,0.44755888,0.07295701,0.4532144,0.8738123,0.17620653
1356525725941,-0.005362481,0.14230943,-0.9898076,-0.8911711,0.4483448,0.06928879,0.45363554,0.8824596,0.12441784
1356525725981,-0.044193357,0.109090745,-0.9930489,-0.88934016,0.44853047,0.088851035,0.4551055,0.8870849,0.07719672
1356525726021,-0.10166031,0.09525898,-0.99024785,-0.88277614,0.45029444,0.13394418,0.45866248,0.8877841,0.038315296
1356525726061,-0.17782539,0.10403642,-0.9785471,-0.86659944,0.45458418,0.205812,0.46624395,0.8846071,0.009321332
1356525726106,-0.2718568,0.13731363,-0.95249087,-0.8348597,0.45863822,0.30440146,0.47864717,0.8779499,-0.010046303
1356525726143,-0.3791226,0.19292217,-0.9050122,-0.783073,0.45419145,0.4248609,0.49301392,0.869765,-0.021122098
1356525726183,-0.48782074,0.25936285,-0.83352375,-0.71319044,0.4321919,0.5518782,0.50337887,0.8636788,-0.025857031
