1356525829561,0.8395859,-0.5340887,0.09922092,0.118123576,0.0012145638,-0.9929982,0.53022856,0.8454276,0.06410819
1356525829601,0.33380818,-0.27763683,0.90082735,0.7793787,-0.45625156,-0.42942214,0.53022724,0.84543025,0.064083666
1356525829643,0.33385593,-0.2775302,0.9008425,0.7793306,-0.45634276,-0.42941248,0.5302679,0.84541607,0.063935034
1356525829682,0.3337934,-0.2772251,0.9009596,0.77913916,-0.45684075,-0.42923045,0.5305885,0.84524727,0.063506484
1356525829721,0.33320987,-0.27666143,0.90134877,0.7786361,-0.45835102,-0.42853248,0.53169256,0.8446139,0.06269155
1356525829763,0.33154625,-0.27596605,0.902175,0.7776724,-0.46145648,-0.4269467,0.5341373,0.84314924,0.061617017
1356525829801,0.3280729,-0.27566198,0.90353674,0.77639055,-0.46618348,-0.4241352,0.5381319,0.8406446,0.061079197
1356525829841,0.3218733,-0.2766837,0.90545225,0.77535164,-0.47180557,-0.41979676,0.5433483,0.8371653,0.06266555
1356525829883,0.31214625,-0.27992576,0.907858,0.7752206,-0.47735035,-0.4137264,0.5491791,0.83293337,0.06800112
1356525829921,0.29840934,-0.2858193,0.91063666,0.7763655,-0.48228317,-0.40578258,0.5551653,0.82807624,0.077982455
1356525829961,0.2803908,-0.29425925,0.9136698,0.7787562,-0.4867447,-0.3957504,0.56117713,0.8224908,0.092677474
1356525830001,0.25780386,-0.30482507,0.91685265,0.7820965,-0.49135274,-0.3832721,0.567329,0.8158763,0.11172997
1356525830042,0.23028272,-0.31690842,0.92007554,0.78592783,-0.49697065,-0.36788264,0.5738356,0.80783,0.13462338
1356525830081,0.19689584,-0.3303691,0.9230862,0.78962934,-0.50463706,-0.34903693,0.5811346,0.79761994,0.16150826
1356525830124,0.15581226,-0.34567666,0.92532706,0.7922512,-0.5157622,-0.32607865,0.58996654,0.7838986,0.19350067
1356525830161,0.10503459,-0.36322054,0.9257637,0.7923119,-0.53203285,-0.29863495,0.6010071,0.7648607,0.23190212
1356525830201,0.044901192,-0.3817764,0.9231634,0.7883492,-0.55404425,-0.2674704,0.61358726,0.73978496,0.27609593
1356525830241,-0.019315243,-0.39794263,0.91720694,0.7806568,-0.5791603,-0.23483683,0.6246614,0.71148795,0.3218432
1356525830281,-0.0778119,-0.4076442,0.9098195,0.7726427,-0.6013848,-0.20337027,0.63005435,0.6871407,0.36175832
1356525830321,-0.120815754,-0.40870342,0.90463537,0.7691095,-0.6146929,-0.17499487,0.62759393,0.67462146,0.38860226
1356525830361,-0.14227527,-0.40126503,0.90484476,0.77316236,-0.61583924,-0.1515319,0.6180434,0.67803264,0.39786178
1356525830401,-0.14062089,-0.38666058,0.9114379,0.78463686,-0.60494846,-0.13558066,0.6037968,0.6960824,0.3884567
1356525830464,-0.11671466,-0.36615524,0.92320526,0.8011663,-0.58406997,-0.13036361,0.5869498,0.7244257,0.36152083
1356525830483,-0.07454914,-0.34148955,0.9369244,0.81850004,-0.55765456,-0.13812718,0.56964916,0.75657535,0.32108188
1356525830523,-0.018910468,-0.31411874,0.9491954,0.83234644,-0.5309248,-0.15911731,0.553933,0.78705037,0.27149564
1356525830553,0.038120747,-0.28878206,0.9566357,0.84016854,-0.50901526,-0.18713742,0.54098403,0.810869,0.22322148
1356525830583,0.09281325,-0.264705,0.9598525,0.84193915,-0.49375892,-0.21757883,0.53152996,0.82833165,0.1770382
1356525830613,0.14324117,-0.24262726,0.9594863,0.838665,-0.48498905,-0.24784401,0.525474,0.8401891,0.13401258
1356525830661,0.18753535,-0.22314066,0.9565766,0.83188194,-0.4817567,-0.27546853,0.52230537,0.84741884,0.09528032
1356525830682,0.2249282,-0.20633152,0.9522787,0.82205784,-0.48449236,-0.29914567,0.52309495,0.85011435,0.060640447
1356525830722,0.25236118,-0.19428998,0.94792676,0.81143695,-0.49119312,-0.31670073,0.52714694,0.84910583,0.033696026
1356525830759,0.26811713,-0.18730122,0.9450034,0.8016343,-0.5006666,-0.3266733,0.534318,0.8451339,0.015909754
1356525830802,0.27346146,-0.18440253,0.94404155,0.79335225,-0.51171005,-0.32976505,0.54388505,0.8391355,0.0063631833
1356525830841,0.2719338,-0.18336684,0.9446844,0.7874039,-0.521948,-0.3279716,0.55321527,0.83303475,0.0024484694
1356525830881,0.26732743,-0.18201792,0.94625866,0.784976,-0.5284134,-0.32340664,0.55888164,0.82924587,0.001620315
1356525830921,0.2622403,-0.17897823,0.94825995,0.7870004,-0.5289913,-0.31748804,0.5584446,0.82953906,0.0021330789
1356525830961,0.25791425,-0.17404258,0.9503628,0.7933228,-0.5232954,-0.3111285,0.55147004,0.83418894,0.0031065568
1356525831001,0.25475287,-0.16775706,0.9523437,0.80283415,-0.51228255,-0.3049984,0.5390347,0.84227324,0.0041756034
1356525831041,0.2527818,-0.16103262,0.95402825,0.8143276,-0.49706185,-0.29966655,0.52246714,0.8526418,0.0054851174
1356525831081,0.25144207,-0.15512252,0.9553606,0.8267934,-0.47873652,-0.29533717,0.5031795,0.864146,0.007879764
1356525831121,0.24896884,-0.15193471,0.9565199,0.8394675,-0.4586966,-0.29136163,0.48302037,0.8755074,0.013343111
1356525831161,0.240619,-0.1548234,0.95819217,0.85166883,-0.43985152,-0.28493974,0.46557766,0.88462436,0.02602166
1356525831201,0.21637541,-0.16873786,0.96161795,0.86284435,-0.42780912,-0.269219,0.4568164,0.88797903,0.053027183
1356525831241,0.16235775,-0.19669655,0.96692836,0.8717394,-0.43050867,-0.23395032,0.46228826,0.8808932,0.101571694
1356525831281,0.07105023,-0.23309523,0.96985483,0.87400776,-0.45401597,-0.1731469,0.48068938,0.85996276,0.17146915
1356525831321,-0.04435414,-0.2629761,0.96378225,0.86333305,-0.49552035,-0.095475525,0.50268155,0.8278303,0.24901442
1356525831361,-0.1516766,-0.27358136,0.94981444,0.841079,-0.54049,-0.021368355,0.5192112,0.79562795,0.31208324
1356525831401,-0.22480029,-0.26517296,0.937629,0.81886816,-0.57295656,0.03428781,0.5281285,0.77550244,0.34594256
1356525831464,-0.2561683,-0.24573433,0.93487555,0.8077991,-0.585589,0.06742415,0.53088444,0.7724637,0.34851336
1356525831483,-0.24930352,-0.22261772,0.9424908,0.8110956,-0.5797415,0.077611655,0.5291233,0.78379905,0.32509595
1356525831523,-0.20996904,-0.19982535,0.9570699,0.82511026,-0.5613563,0.063813955,0.5245056,0.8030871,0.28274536
1356525831553,-0.1586414,-0.18012592,0.9707665,0.8396715,-0.5418548,0.036676764,0.51940805,0.8209434,0.23720716
1356525831583,-0.09757215,-0.1629402,0.9817995,0.8517712,-0.5239091,-0.002298534,0.5147481,0.8360442,0.18990663
1356525831613,-0.03221351,-0.14747605,0.98854095,0.8589814,-0.50974673,-0.04805529,0.51099247,0.8475902,0.14309987
1356525831643,0.03105241,-0.13304678,0.9906232,0.86062837,-0.50044674,-0.09419063,0.50828594,0.8554833,0.09896375
1356525831683,0.09018421,-0.11869013,0.98882735,0.85665125,-0.49715096,-0.13780296,0.5079522,0.8595078,0.056840822
1356525831712,0.13217765,-0.1042169,0.9857321,0.8502766,-0.499209,-0.16679344,0.50946903,0.86019135,0.022628933
1356525831743,0.15728515,-0.09099153,0.9833523,0.8431519,-0.5060483,-0.18168604,0.51415575,0.857692,-0.0028741807
1356525831773,0.16655207,-0.07918763,0.98284775,0.83622503,-0.5168286,-0.18334621,0.5224826,0.8524186,-0.019860119
1356525831803,0.16337758,-0.06874803,0.9841654,0.82997763,-0.52970535,-0.17478353,0.5333337,0.845391,-0.029482618
1356525831831,0.15234852,-0.059426725,0.98653865,0.8250661,-0.54189336,-0.16005513,0.5441102,0.83834374,-0.03352572
1356525831873,0.13508946,-0.05165741,0.98948586,0.82321703,-0.54991347,-0.14109859,0.55142045,0.8336226,-0.031762227
1356525831912,0.114993215,-0.044267505,0.9923795,0.8262335,-0.550335,-0.12028989,0.55146605,0.8337697,-0.026709527
1356525831953,0.096594274,-0.038633496,0.9945737,0.8333975,-0.5431725,-0.102039784,0.5441673,0.83873177,-0.020270273
1356525831991,0.083262146,-0.03588161,0.9958815,0.8433403,-0.52985764,-0.08959946,0.5308904,0.8473271,-0.01385662
1356525832031,0.07771796,-0.036742657,0.99629813,0.854427,-0.51247996,-0.085550904,0.5137262,0.8579128,-0.008435026
1356525832073,0.081220746,-0.04156488,0.9958291,0.8660027,-0.49166083,-0.09115338,0.49339893,0.8697942,-0.003937736
1356525832111,0.09358525,-0.051346272,0.99428636,0.8772464,-0.46802312,-0.10673842,0.47082967,0.88222325,0.0012433082
1356525832151,0.10881311,-0.06776419,0.9917498,0.8869574,-0.44386226,-0.12764364,0.44884998,0.8935291,0.011805922
1356525832191,0.109532535,-0.092446476,0.98967487,0.8944658,-0.4250794,-0.13870233,0.433513,0.90042275,0.036130205
1356525832231,0.06747699,-0.12289867,0.99012256,0.8998004,-0.42125058,-0.113609105,0.43105218,0.89857876,0.08215962
1356525832271,-0.035961032,-0.14759889,0.9883934,0.89677036,-0.44124436,-0.033264548,0.4410328,0.8851656,0.14822985
1356525832311,-0.17627847,-0.15205577,0.972525,0.87276435,-0.48103637,0.08298522,0.45520148,0.86341363,0.21750516
1356525832351,-0.29675758,-0.13634178,0.94516975,0.83373964,-0.51959264,0.18681976,0.4656319,0.8434657,0.26786664
1356525832391,-0.3623308,-0.11500472,0.9249271,0.8047355,-0.53925824,0.24819595,0.4702309,0.83425075,0.28793827
1356525832463,-0.3620118,-0.10317913,0.9264456,0.8050277,-0.53567916,0.25490826,0.46997643,0.8380942,0.27698424
1356525832471,-0.31261468,-0.1030319,0.94427556,0.826784,-0.5189392,0.21709502,0.46765393,0.84857905,0.24741322
1356525832512,-0.2053994,-0.118774,0.97144425,0.8607894,-0.49422777,0.12157583,0.4656746,0.8611805,0.20375335
1356525832551,-0.066083014,-0.13890007,0.98809904,0.88207126,-0.47106057,-0.0072264075,0.46645826,0.87109625,0.15364887
1356525832591,0.060448706,-0.14836302,0.9870838,0.8800082,-0.4587955,-0.12285042,0.47109607,0.87606794,0.1028271
1356525832631,0.13521731,-0.13727382,0.98126054,0.86740124,-0.46226275,-0.18419594,0.47888556,0.87605304,0.056565627
1356525832671,0.15374738,-0.106984824,0.9823014,0.85869217,-0.47739387,-0.18639445,0.48888606,0.8721521,0.018469006
1356525832711,0.1289149,-0.06342441,0.98962533,0.85592306,-0.49683934,-0.14334008,0.50077605,0.8655218,-0.009763584
1356525832751,0.07886374,-0.0147354305,0.99677646,0.85355484,-0.51555425,-0.07515371,0.51499975,0.8567303,-0.028081104
1356525832791,0.018191516,0.032883793,0.99929357,0.8475642,-0.5306889,0.0020340085,0.53038085,0.84692854,-0.037525132
1356525832831,-0.041790307,0.0748111,0.9963217,0.8384313,-0.53972524,0.0756942,0.5434027,0.8385106,-0.040168673
1356525832871,-0.09584522,0.10874176,0.98943865,0.8294505,-0.5408071,0.13978347,0.5502958,0.83408797,-0.038362116
1356525832911,-0.14300084,0.13401884,0.98060673,0.8232164,-0.53390896,0.19301781,0.5494228,0.8348533,-0.03397703
1356525832951,-0.18285984,0.15076879,0.97150964,0.82055604,-0.5208924,0.23528442,0.54152554,0.8402022,-0.0284639
1356525832991,-0.21472234,0.15980038,0.9635134,0.8215141,-0.50398856,0.26666465,0.5282129,0.84879875,-0.02306065
1356525833031,-0.23842919,0.16226196,0.95750856,0.8259511,-0.48473465,0.28781444,0.51083887,0.85947853,-0.018445611
1356525833071,-0.25527447,0.1591155,0.9536861,0.83338636,-0.46388108,0.30046883,0.49020615,0.8714911,-0.014187694
1356525833111,-0.26913106,0.15078759,0.95122635,0.84189755,-0.44283223,0.308396,0.467736,0.8838341,-0.0077677667
1356525833152,-0.290286,0.13762814,0.9469913,0.84588945,-0.4258114,0.3211787,0.4474429,0.89428365,0.0071888864
1356525833191,-0.33553022,0.12222931,0.934066,0.83506155,-0.42032075,0.35496843,0.43599492,0.8991053,0.03896138
1356525833231,-0.4240719,0.11321673,0.8985238,0.7925936,-0.4335928,0.42871052,0.43813062,0.8939683,0.094139665
1356525833271,-0.5438826,0.12178317,0.83027744,0.7082652,-0.46402222,0.5320187,0.450058,0.87741226,0.16611877
1356525833311,-0.65472746,0.15055092,0.74072015,0.597745,-0.4966724,0.62929916,0.46263683,0.85478127,0.23519397
1356525833351,-0.7317483,0.19108456,0.6542411,0.4932633,-0.51395744,0.7018114,0.47035733,0.8362623,0.28183234
1356525833391,-0.77691424,0.23360714,0.5846639,0.41481128,-0.50866145,0.7544501,0.47364098,0.82866824,0.29828355
1356525833461,-0.7917088,0.2677029,0.54911965,0.38509533,-0.4790861,0.7887827,0.474235,0.83594966,0.27620548
1356525833492,-0.79550856,0.29628026,0.52856815,0.37677193,-0.44131434,0.8144229,0.47456214,0.84703,0.23943919
1356525833511,-0.78922915,0.31412828,0.5276748,0.38909966,-0.40897697,0.8254328,0.4750986,0.85677373,0.20054942
1356525833552,-0.7489915,0.3092097,0.5860043,0.45955068,-0.3946954,0.795631,0.47731003,0.86521953,0.15352595
1356525833589,-0.6495657,0.27334046,0.7094712,0.588809,-0.40949857,0.69686073,0.4810077,0.8703999,0.10505092
1356525833632,-0.50462306,0.2235695,0.8338898,0.7133252,-0.43613338,0.54859346,0.48633593,0.87166756,0.06060517
1356525833671,-0.3929252,0.19794014,0.89801425,0.7757727,-0.452994,0.43928736,0.49374765,0.8692619,0.024436176
1356525833711,-0.34509194,0.20307699,0.91633576,0.7916906,-0.46141046,0.40040773,0.5041205,0.8636319,-0.0015450418
1356525833751,-0.3388213,0.22337463,0.9139496,0.78599286,-0.46671528,0.40545285,0.51712215,0.8557339,-0.017437726
1356525833791,-0.35083145,0.24601704,0.90354466,0.772055,-0.4700539,0.42776233,0.52995145,0.8476586,-0.025029033
1356525833831,-0.370472,0.26501638,0.89023405,0.75703925,-0.46917707,0.45471346,0.538184,0.8424008,-0.026810765
1356525833871,-0.39357036,0.2776191,0.87637323,0.74493575,-0.46229738,0.4809905,0.53867716,0.8421453,-0.024861813
1356525833911,-0.4166932,0.2825629,0.8640168,0.73770505,-0.4502774,0.5030323,0.5311855,0.84699965,-0.020820558
1356525833951,-0.43617314,0.280056,0.8551734,0.7361833,-0.43545318,0.5180875,0.5174815,0.8555403,-0.016239464
1356525833991,-0.4497766,0.2714001,0.85090727,0.7403525,-0.41960722,0.5251743,0.49957913,0.8661824,-0.012202263
1356525834031,-0.45713556,0.25797823,0.85116065,0.7495636,-0.4033726,0.5248287,0.47872925,0.8779168,-0.008975089
1356525834071,-0.45970327,0.24056235,0.85486996,0.76217914,-0.3871879,0.5188146,0.45580256,0.8900648,-0.0053600073
1356525834111,-0.46217018,0.2192392,0.85926294,0.77377236,-0.3736555,0.511525,0.43321466,0.9012856,0.0030511618
1356525834151,-0.47569662,0.1946665,0.85779816,0.7747666,-0.36900562,0.5133922,0.4164726,0.9088123,0.024713635
1356525834191,-0.5187907,0.17185041,0.8374506,0.749311,-0.3801905,0.5422068,0.41156924,0.9088028,0.06846988
1356525834231,-0.5987745,0.16197217,0.78436875,0.6827507,-0.40876347,0.6056105,0.4187133,0.89815235,0.13417041
1356525834271,-0.6883599,0.1720455,0.7046708,0.58343506,-0.44590932,0.6787992,0.43100366,0.87838787,0.20656872
1356525834311,-0.75230825,0.19391046,0.6296277,0.4885947,-0.4768741,0.7306616,0.44193605,0.8573155,0.2640127
1356525834351,-0.7796716,0.21143126,0.58941424,0.43489313,-0.49439925,0.75262046,0.4505334,0.8431289,0.2935189
1356525834391,-0.7677386,0.2068489,0.6064577,0.44767296,-0.5039993,0.7386295,0.458439,0.8385691,0.2943391
1356525834466,-0.64909196,0.12628582,0.7501543,0.59968233,-0.52178264,0.60673213,0.4680392,0.8436793,0.26295355
1356525834471,-0.32242835,-0.0700787,0.9439963,0.81761205,-0.5231706,0.24042276,0.47702256,0.84934187,0.22598219
1356525834498,0.16133624,-0.29747102,0.9410002,0.8591769,-0.4268037,-0.28222957,0.48557755,0.85401964,0.18672138
1356525834541,0.489005,-0.4083398,0.7708001,0.7181824,-0.31304577,-0.6214632,0.4950638,0.8574736,0.14018148
1356525834581,0.59769595,-0.42472315,0.6799778,0.62355185,-0.28683728,-0.7272603,0.50392723,0.858682,0.09339541
1356525834621,0.6178919,-0.4096584,0.6711107,0.5968447,-0.31126824,-0.7395191,0.51184565,0.85749173,0.052172273
1356525834661,0.59311277,-0.37769964,0.71102756,0.614624,-0.35803503,-0.70288557,0.5200525,0.853905,0.019788146
1356525834701,0.53664345,-0.33250082,0.7755366,0.6568018,-0.41240382,-0.6312958,0.52974063,0.84815466,-0.0029266477
1356525834741,0.4613522,-0.27884418,0.8422589,0.704302,-0.46221498,-0.53880966,0.5395487,0.84178567,-0.016853329
1356525834781,0.38427246,-0.22478843,0.8954355,0.7449487,-0.4974106,-0.44456065,0.5453312,0.837886,-0.023685373
1356525834821,0.31763583,-0.17749396,0.93145233,0.77734756,-0.51378036,-0.36298835,0.54299015,0.83936024,-0.025220573
1356525834861,0.26714778,-0.14164266,0.953189,0.8038615,-0.51274806,-0.30148983,0.5314497,0.84677434,-0.023118429
1356525834901,0.23759115,-0.120333225,0.9638829,0.82504356,-0.4987412,-0.265632,0.51269245,0.8583572,-0.019216359
1356525834941,0.2362895,-0.11591783,0.9647436,0.83922696,-0.47608805,-0.2627513,0.4897605,0.87172425,-0.015213236
1356525834981,0.27230173,-0.13017008,0.9533664,0.8423419,-0.44666684,-0.3015775,0.4650935,0.88518053,-0.011980459
1356525835021,0.35305905,-0.16400751,0.92111397,0.82554877,-0.40865523,-0.3891918,0.4402484,0.8978321,-0.008883275
1356525835061,0.47292683,-0.21501124,0.854465,0.775978,-0.35773453,-0.5195038,0.4173708,0.9087333,-0.0023382604
1356525835101,0.5969069,-0.27421844,0.7539936,0.69478375,-0.29329285,-0.65669996,0.40122014,0.9158513,0.015453961
1356525835141,0.67500013,-0.33235505,0.65872216,0.6212164,-0.22568697,-0.7504369,0.39807653,0.9157541,0.054125696
1356525835181,0.6838728,-0.38959286,0.6168755,0.6036759,-0.17268807,-0.7783022,0.409748,0.9046526,0.11709112
1356525835221,0.63498765,-0.44664752,0.6303147,0.6422889,-0.14812464,-0.7520132,0.42925003,0.8823632,0.19281948
1356525835261,0.5737065,-0.49626502,0.6515995,0.68643236,-0.14269763,-0.71305543,0.44684616,0.8563635,0.25878578
1356525835301,0.5593975,-0.53280014,0.634979,0.6902309,-0.12475568,-0.7127532,0.4589723,0.8369945,0.2979672
1356525835341,0.6005289,-0.5525153,0.57800686,0.6486879,-0.08600819,-0.75617903,0.46751377,0.82905346,0.30675954
1356525835381,0.6561883,-0.55370194,0.5126705,0.5865659,-0.053133905,-0.8081566,0.4747181,0.831018,0.28991687
1356525835421,0.69556785,-0.5425961,0.47092974,0.53349113,-0.048964173,-0.8443872,0.4812199,0.83856547,0.25541228
1356525835464,0.7184925,-0.5244778,0.45682773,0.49686295,-0.07258102,-0.86478853,0.4867194,0.8483249,0.20844465
1356525835503,0.72274137,-0.5015673,0.47547355,0.48688084,-0.118759006,-0.8653574,0.49050173,0.8569286,0.15837145
1356525835543,0.71476674,-0.4736671,0.5145368,0.49615133,-0.17508051,-0.8504004,0.49289194,0.863126,0.109868795
1356525835583,0.68960035,-0.43946967,0.5756022,0.5281096,-0.23868963,-0.8149403,0.4955317,0.8659641,0.06748766
1356525835623,0.6425448,-0.39762342,0.65500516,0.5797667,-0.30663455,-0.7548813,0.5010057,0.86479527,0.0335024
1356525835662,0.5706143,-0.34637874,0.74459463,0.64320856,-0.37520593,-0.6674603,0.51057035,0.859792,0.00869593
1356525835703,0.47970897,-0.28647214,0.8293449,0.7054964,-0.4360481,-0.5586922,0.521684,0.8531095,-0.0070711374
1356525835743,0.38254762,-0.22339693,0.8965217,0.7570342,-0.48048526,-0.44275627,0.52967584,0.8480729,-0.014689364
1356525835783,0.2891478,-0.16336271,0.9432424,0.7965708,-0.50540817,-0.33171913,0.53091294,0.84727514,-0.016007714
1356525835823,0.206563,-0.112288326,0.97196865,0.8258076,-0.51277566,-0.23474011,0.5247605,0.85114765,-0.013191909
1356525835863,0.14015561,-0.07408267,0.98735404,0.8472549,-0.5070465,-0.15831289,0.5123627,0.858729,-0.008298501
1356525835903,0.09427595,-0.050525367,0.9942632,0.86363804,-0.49264228,-0.10692465,0.49521852,0.8687639,-0.0028086752
1356525835943,0.07221931,-0.04198113,0.9965048,0.87720406,-0.47280228,-0.08349165,0.47465488,0.88016784,0.0026805997
1356525835983,0.076931894,-0.048511744,0.99585545,0.88879335,-0.44927454,-0.090546906,0.4518051,0.89207566,0.00855343
1356525836023,0.10936481,-0.070625514,0.9914894,0.8968868,-0.42300963,-0.12906152,0.42852458,0.90336865,0.01708071
1356525836061,0.16098142,-0.10863441,0.9809605,0.8980759,-0.39608794,-0.19124353,0.40932223,0.91176367,0.03379911
1356525836101,0.20311338,-0.15954268,0.96606994,0.89320004,-0.37404674,-0.24956506,0.4011716,0.9135837,0.06652965
1356525836141,0.19296092,-0.21391499,0.9576045,0.8922336,-0.36782914,-0.2619561,0.40827116,0.9049542,0.119885445
1356525836181,0.118371665,-0.25917044,0.95855045,0.8969413,-0.38624734,-0.2151961,0.42601004,0.8852365,0.18673992
1356525836221,0.030755341,-0.29159203,0.95604813,0.89532185,-0.41719174,-0.1560441,0.44435665,0.86077,0.2482379
1356525836261,0.004354477,-0.324696,0.9458085,0.88937265,-0.4311388,-0.15210459,0.45716244,0.8418385,0.2868983
1356525836320,0.07600093,-0.37147757,0.92532605,0.8823658,-0.40714878,-0.23592475,0.46438605,0.8344066,0.2968354
1356525836341,0.22972047,-0.42275488,0.87664527,0.85326123,-0.34579355,-0.3903489,0.4681601,0.83767855,0.2812844
1356525836382,0.40137452,-0.45429564,0.7953075,0.7858391,-0.27522713,-0.5538113,0.4704843,0.8472694,0.24653411
1356525836419,0.52905416,-0.45791608,0.714433,0.70463854,-0.23206654,-0.67054415,0.47284907,0.8581712,0.19988963
1356525836462,0.60302305,-0.4441246,0.66265863,0.6401013,-0.22634125,-0.73419327,0.47606033,0.8669041,0.1477958
1356525836503,0.63650113,-0.42217207,0.64547426,0.6036662,-0.24820805,-0.7576146,0.4800556,0.8718736,0.09686631
1356525836543,0.64318466,-0.39611188,0.655293,0.5928401,-0.28402346,-0.7535723,0.4846176,0.8731701,0.05215147
1356525836583,0.6292691,-0.36718175,0.6849802,0.6032335,-0.32495645,-0.72836304,0.49003032,0.87153935,0.017011285
1356525836623,0.5979619,-0.33627927,0.72756976,0.62862223,-0.36640307,-0.68599045,0.49726814,0.86756265,-0.00770247
1356525836663,0.55206144,-0.30437207,0.7762641,0.6619088,-0.4061786,-0.62999666,0.50705516,0.8616128,-0.022769
1356525836703,0.4971765,-0.27209902,0.8238796,0.6962462,-0.44149986,-0.5659673,0.5177419,0.8550087,-0.0300554
1356525836743,0.4423548,-0.24110502,0.8638233,0.7266764,-0.46813262,-0.50278556,0.52560794,0.8501296,-0.0318754
1356525836783,0.3950613,-0.21329305,0.8935506,0.75232565,-0.4830752,-0.44793358,0.52719325,0.8492023,-0.03037849
1356525836823,0.35899556,-0.19047308,0.91369706,0.77397305,-0.48636085,-0.40548617,0.5216206,0.8527445,-0.027180403
1356525836863,0.33588302,-0.17429471,0.925637,0.7916993,-0.48016518,-0.37769514,0.51028895,0.8596876,-0.023290336
1356525836903,0.32708025,-0.16561252,0.93037146,0.804939,-0.46694922,-0.36610353,0.49506754,0.86863744,-0.019421943
1356525836943,0.33344185,-0.1643162,0.92834085,0.8130957,-0.4482677,-0.37139136,0.47717088,0.8786673,-0.015866406
1356525836983,0.35428685,-0.16955325,0.9196372,0.81579506,-0.42468607,-0.39258134,0.45712054,0.8893219,-0.012139976
1356525837023,0.38621247,-0.18046156,0.90458477,0.8129641,-0.39674354,-0.42624402,0.43580878,0.9000157,-0.006518513
1356525837063,0.42051938,-0.19715688,0.88560295,0.8062961,-0.3663378,-0.46441704,0.41599286,0.9093546,0.004914671
1356525837103,0.44056705,-0.22181031,0.86988556,0.80194795,-0.33825007,-0.49240875,0.40346014,0.9145421,0.028858483
1356525837143,0.4231543,-0.25744066,0.86871445,0.8103343,-0.32139647,-0.48996192,0.4053378,0.91127867,0.07261268
1356525837182,0.35028607,-0.30181366,0.8866838,0.8353625,-0.32750213,-0.44148827,0.423638,0.8953496,0.13740438
1356525837223,0.23118407,-0.3423168,0.91069925,0.8623586,-0.36127377,-0.35470948,0.4504348,0.8673525,0.21167916
1356525837263,0.11062652,-0.36564776,0.9241555,0.87369215,-0.407449,-0.26579544,0.47373375,0.83683145,0.27438897
1356525837303,0.032308936,-0.37185124,0.92772996,0.8722013,-0.44278902,-0.20785311,0.48807898,0.8158828,0.310023
1356525837343,0.010830998,-0.36852226,0.9295559,0.86911273,-0.45624578,-0.19100526,0.4944955,0.8099576,0.31534564
1356525837383,0.03853476,-0.36071137,0.93188107,0.86773753,-0.45037913,-0.2102145,0.49552658,0.8167287,0.29564762
1356525837423,0.10068399,-0.34978083,0.9314054,0.86398554,-0.4334734,-0.2561829,0.4933474,0.8305143,0.25856182
1356525837467,0.18202883,-0.33560136,0.92424953,0.8526089,-0.41436034,-0.31837648,0.48981988,0.8459771,0.21071121
1356525837503,0.26678258,-0.31829163,0.90967983,0.8320073,-0.40031576,-0.38407165,0.48640603,0.8593239,0.15802377
1356525837543,0.3404333,-0.2990529,0.891444,0.80615956,-0.39513987,-0.4404217,0.4839545,0.86858034,0.10656559
1356525837582,0.39483517,-0.27960014,0.8751736,0.78149223,-0.39866263,-0.47993535,0.48308903,0.87343675,0.06109932
1356525837623,0.4276033,-0.26123103,0.865398,0.76295567,-0.40915203,-0.50049293,0.48482364,0.8742728,0.024352968
1356525837663,0.43976417,-0.24438411,0.8642244,0.7525206,-0.42497697,-0.5030976,0.49022454,0.87159103,-0.002985537
1356525837703,0.43511823,-0.228816,0.870813,0.74924123,-0.44433388,-0.4911263,0.49930927,0.86614704,-0.02189944
1356525837743,0.41965288,-0.21359277,0.8821959,0.75142986,-0.46344113,-0.4696546,0.5091607,0.86000025,-0.033984393
1356525837781,0.39996916,-0.19816849,0.8948486,0.7581587,-0.47706944,-0.44452244,0.5149952,0.85623246,-0.0405699
1356525837821,0.38078642,-0.1826064,0.90645283,0.7692102,-0.481467,-0.4201253,0.5131447,0.8572307,-0.042873412
1356525837861,0.3649853,-0.16819745,0.91569394,0.7831698,-0.47635686,-0.3996614,0.5034191,0.86301434,-0.04213611
1356525837901,0.35502028,-0.15684515,0.9216074,0.7973319,-0.4638887,-0.38609466,0.48808035,0.8718984,-0.03963226
1356525837941,0.35376185,-0.1504013,0.9231641,0.8088572,-0.44642794,-0.38269052,0.4696834,0.88208926,-0.036275953
1356525837981,0.364078,-0.15030125,0.9191609,0.8155339,-0.42520595,-0.39256123,0.44983512,0.89252985,-0.03223235
1356525838021,0.38778108,-0.15753436,0.90818983,0.8156798,-0.40023553,-0.41770566,0.42929286,0.9027704,-0.026706167
1356525838061,0.42255408,-0.17311332,0.88965154,0.8085965,-0.37140173,-0.45632508,0.40941405,0.91219115,-0.016958505
1356525838101,0.45692945,-0.19909129,0.866936,0.797263,-0.34052837,-0.49840954,0.39444536,0.9189141,0.0031306967
1356525838141,0.4678648,-0.23838142,0.85104454,0.7923293,-0.3134848,-0.5233944,0.39155695,0.91918534,0.042208023
1356525838182,0.4286944,-0.29116452,0.85524523,0.80730975,-0.30148342,-0.5073053,0.40555158,0.90792674,0.105815716
1356525838221,0.3315227,-0.3478973,0.8769608,0.8390267,-0.3163405,-0.44267708,0.43142432,0.882551,0.18702099
1356525838261,0.20815504,-0.39200282,0.8961055,0.86479414,-0.35425925,-0.35585302,0.45694908,0.84901947,0.26526093
1356525838301,0.115936935,-0.41743886,0.90127873,0.87289774,-0.39014024,-0.29298458,0.47392833,0.82069194,0.31914985
1356525838341,0.08960992,-0.43180326,0.8975054,0.87123215,-0.40267867,-0.28072143,0.4826227,0.807091,0.34011686
1356525838381,0.12943095,-0.44129616,0.88797826,0.8642729,-0.3887822,-0.31918776,0.48608643,0.8087683,0.33107984
1356525838421,0.21508843,-0.4447753,0.869432,0.8468188,-0.35851038,-0.39289737,0.4864514,0.82075906,0.2995326
1356525838467,0.31859183,-0.43878937,0.84021616,0.8142537,-0.32710785,-0.47957426,0.4852734,0.8369375,0.25307196
1356525838503,0.414316,-0.42304254,0.8058395,0.7707679,-0.30776376,-0.55785143,0.48400313,0.852242,0.19855621
1356525838542,0.4863675,-0.40096807,0.7763191,0.7277795,-0.3057573,-0.6138807,0.48351175,0.86356074,0.14310592
1356525838573,0.52969927,-0.3770467,0.75977266,0.6969944,-0.3169555,-0.64322466,0.48333982,0.87027293,0.09490836
1356525838613,0.55433226,-0.35472602,0.75291777,0.6760984,-0.3356585,-0.65591484,0.48539338,0.87264127,0.05376342
1356525838653,0.55589503,-0.33234173,0.761925,0.67101604,-0.36159515,-0.64729154,0.4906304,0.87109005,0.02199772
1356525838692,0.5366813,-0.3101759,0.78470635,0.6796226,-0.39227197,-0.6198676,0.5000863,0.86597556,2.7751923E-4
1356525838721,0.5049461,-0.28689045,0.81407815,0.6956989,-0.42299196,-0.58058655,0.5109133,0.8595183,-0.013998747
1356525838761,0.4646108,-0.26576042,0.84469414,0.71405154,-0.4517109,-0.5348717,0.52370524,0.8516623,-0.020103127
1356525838801,0.42088836,-0.24282591,0.8740072,0.7345009,-0.4741807,-0.4854494,0.53231704,0.846279,-0.02122131
1356525838841,0.38285553,-0.21980226,0.8972784,0.7552028,-0.48493713,-0.44102678,0.5320624,0.8464767,-0.01966554
1356525838881,0.35463458,-0.19935101,0.91350615,0.7755147,-0.4830628,-0.40648156,0.52231336,0.8525899,-0.016711116
1356525838921,0.3383029,-0.18394187,0.9228849,0.7937964,-0.47093618,-0.3848459,0.5054092,0.8627772,-0.013306685
1356525838961,0.33572805,-0.17517129,0.9255278,0.80798423,-0.45151317,-0.37854627,0.48419848,0.87490046,-0.010049947
1356525839001,0.3484047,-0.17366529,0.92111593,0.8163712,-0.4266613,-0.3892277,0.46059984,0.8875813,-0.0068754926
1356525839041,0.37571007,-0.17946032,0.90919524,0.8177923,-0.3973136,-0.41636255,0.43595618,0.89996445,-0.0025134683
1356525839081,0.41060466,-0.19298679,0.8911565,0.8129212,-0.36519444,-0.45364302,0.41299254,0.910708,0.006932549
1356525839139,0.43501407,-0.21617404,0.87408894,0.8079132,-0.3348837,-0.48490113,0.39754122,0.91712683,0.028970778
1356525839161,0.42223915,-0.25164098,0.8708564,0.815191,-0.3147572,-0.48620105,0.39645648,0.9152074,0.072232656
1356525839202,0.35239947,-0.29739302,0.88733983,0.8408775,-0.3155645,-0.4397092,0.41077936,0.9010974,0.1388663
1356525839239,0.23831981,-0.34156725,0.90914,0.8700254,-0.34090477,-0.3561456,0.43157783,0.8758514,0.21592784
1356525839282,0.12696987,-0.37181827,0.91958135,0.8847928,-0.3765974,-0.27443776,0.44835287,0.8484843,0.28116557
1356525839321,0.06310505,-0.3872839,0.91979825,0.8869096,-0.40083146,-0.22961995,0.45761228,0.83026814,0.31819138
1356525839361,0.060572386,-0.39326727,0.9174267,0.8851446,-0.40365678,-0.23147386,0.46135664,0.8260762,0.32364804
1356525839408,0.11304265,-0.39197704,0.91300344,0.8796145,-0.38784295,-0.27542007,0.4620603,0.8342253,0.30094588
1356525839468,0.19204849,-0.38273054,0.9036784,0.8659571,-0.36718833,-0.33954555,0.46177456,0.84775597,0.2609102
1356525839483,0.28311527,-0.36588028,0.88655365,0.84053946,-0.35051417,-0.41307795,0.46188664,0.86213195,0.20830083
1356525839523,0.36531729,-0.34314954,0.8653275,0.8074455,-0.34576344,-0.4779952,0.46322238,0.87332475,0.15076119
1356525839563,0.42801708,-0.3180611,0.8459542,0.77434397,-0.35361385,-0.52473676,0.4660395,0.87965584,0.09493595
1356525839603,0.46736544,-0.29365456,0.83386844,0.7486173,-0.3702669,-0.54997694,0.4702571,0.8812885,0.04678491
1356525839643,0.48454282,-0.2719025,0.8314369,0.73361474,-0.39139894,-0.55553246,0.47647417,0.8791336,0.009822156
1356525839683,0.48161268,-0.25387025,0.8388081,0.7291898,-0.41484547,-0.54422927,0.48613936,0.8737581,-0.014675263
1356525839723,0.4627074,-0.23941864,0.8535693,0.73258185,-0.4389444,-0.5202419,0.49922508,0.8660292,-0.027709067
1356525839763,0.43578294,-0.22765493,0.870785,0.7398367,-0.4603745,-0.49060878,0.5125767,0.8580376,-0.032195866
1356525839801,0.40959316,-0.21754763,0.8859495,0.74882543,-0.47450614,-0.46271425,0.5210508,0.8529461,-0.03144928
1356525839841,0.3901384,-0.20887083,0.8967524,0.7591658,-0.4781366,-0.44164756,0.5210175,0.85308754,-0.027971797
1356525839881,0.38028795,-0.20249093,0.9024292,0.76995,-0.4712739,-0.43020707,0.5124043,0.85842794,-0.023311935
1356525839921,0.3818434,-0.19957393,0.90242225,0.7788867,-0.45612717,-0.4304458,0.49752504,0.8672476,-0.018723667
1356525839961,0.3964274,-0.2008901,0.8958172,0.7833419,-0.43484426,-0.44416884,0.47877008,0.8778119,-0.015018575
1356525840017,0.42481896,-0.20655826,0.881398,0.78111196,-0.40850374,-0.47221687,0.4575947,0.8890773,-0.012195021
1356525840059,0.4645842,-0.21644095,0.8586704,0.77449346,-0.37080505,-0.5125072,0.42932683,0.9031373,-0.0046381056
1356525840100,0.5185868,-0.24204078,0.8200512,0.7516087,-0.3281855,-0.57217,0.40761745,0.9130775,0.011727333
1356525840141,0.540154,-0.2765276,0.79483724,0.7406641,-0.2922146,-0.605002,0.39956272,0.91550165,0.04697317
1356525840181,0.51473284,-0.32599133,0.79295623,0.7539069,-0.26831654,-0.599692,0.4082577,0.9064964,0.10765582
1356525840221,0.4417047,-0.3858377,0.80995446,0.7887658,-0.26316273,-0.5555122,0.42748743,0.8842367,0.18809539
1356525840261,0.34518057,-0.43999338,0.8290092,0.8259001,-0.2771623,-0.49098885,0.44580197,0.8541585,0.26771957
1356525840301,0.26582098,-0.4748843,0.8389423,0.8488796,-0.29713744,-0.43716463,0.4568838,0.8283684,0.32413417
1356525840341,0.23135489,-0.48892796,0.8410853,0.85632503,-0.30796307,-0.41456765,0.4617169,0.81615466,0.34743237
1356525840381,0.2436732,-0.48632455,0.83911365,0.8520709,-0.30590713,-0.4247303,0.46324772,0.8184798,0.33984172
1356525840421,0.2893452,-0.47091952,0.83337516,0.8375323,-0.29700202,-0.45861694,0.46348578,0.83067715,0.30847418
1356525840470,0.35143268,-0.44615334,0.82306886,0.81323725,-0.29008275,-0.5044773,0.46383226,0.84664005,0.26088387
1356525840502,0.41497707,-0.41639197,0.80895716,0.7818904,-0.29143482,-0.5511017,0.46523267,0.86121047,0.20463413
1356525840532,0.46571174,-0.38839093,0.79515094,0.7517266,-0.3004746,-0.5870452,0.46692568,0.87113,0.15202928
1356525840562,0.50537026,-0.36373672,0.7824938,0.7240974,-0.3144693,-0.61383396,0.46934414,0.87681514,0.10445732
1356525840602,0.5361452,-0.34273773,0.7714138,0.698409,-0.33315858,-0.6334274,0.47410253,0.87837136,0.06074971
1356525840643,0.5563221,-0.32702702,0.7639104,0.6776951,-0.35343125,-0.6448378,0.48086917,0.8764358,0.02500296
1356525840684,0.5654876,-0.31685358,0.7614641,0.6634936,-0.37363756,-0.64820623,0.48989797,0.8717792,-0.001057148
1356525840723,0.56477314,-0.31117976,0.7643288,0.6556942,-0.3931771,-0.644575,0.50109524,0.8652046,-0.018017082
1356525840763,0.557438,-0.30749854,0.77117276,0.653599,-0.4102227,-0.6360232,0.5119288,0.85858136,-0.027692972
1356525840803,0.54792714,-0.30287117,0.7797724,0.6568932,-0.42137364,-0.62524855,0.5179452,0.85481775,-0.031928066
1356525840843,0.53960574,-0.2953538,0.7884109,0.6654891,-0.42397454,-0.6143043,0.5157033,0.856161,-0.032224357
1356525840883,0.53395885,-0.28490436,0.79606366,0.67811096,-0.41807306,-0.6044669,0.5050281,0.86258006,-0.03003699
1356525840923,0.53159153,-0.27269122,0.8019039,0.6921809,-0.40578616,-0.5968443,0.48815578,0.87233996,-0.026960824
1356525840963,0.53331065,-0.2602444,0.8048929,0.70492184,-0.3892565,-0.59292877,0.4676162,0.8836018,-0.024142683
1356525841003,0.54022956,-0.24892654,0.803858,0.7142429,-0.36948702,-0.59442115,0.44498223,0.8952737,-0.021813814
1356525841041,0.55225027,-0.24036399,0.7982761,0.7193235,-0.34664395,-0.6020063,0.42141825,0.9066769,-0.018534746
1356525841081,0.5649636,-0.23823151,0.7899759,0.7217448,-0.32130715,-0.613063,0.39987585,0.91651917,-0.009584483
1356525841121,0.56761754,-0.24930687,0.7846378,0.7269247,-0.29566297,-0.61980957,0.3865111,0.9221874,0.013403837
1356525841161,0.54563844,-0.28044194,0.7897032,0.7429225,-0.27413657,-0.610668,0.3877434,0.91989213,0.058767173
1356525841201,0.48849213,-0.3309818,0.8073577,0.773591,-0.2637508,-0.57618797,0.4036489,0.9060279,0.1272043
1356525841241,0.40326965,-0.3866936,0.8293622,0.8100724,-0.2706949,-0.52010286,0.42562455,0.8815851,0.20408675
1356525841281,0.31777418,-0.42861813,0.84575766,0.8373925,-0.29152417,-0.46237153,0.44473964,0.8551609,0.2662828
1356525841321,0.2622347,-0.4478252,0.85480154,0.849334,-0.31340313,-0.42474732,0.45810997,0.8373954,0.29816794
1356525841361,0.24911255,-0.4468466,0.85922706,0.84873486,-0.3265919,-0.41591683,0.46646762,0.8328661,0.29789615
1356525841401,0.27281624,-0.4317742,0.8597338,0.83906335,-0.3304186,-0.4321993,0.4706845,0.8392822,0.27214235
1356525841470,0.33158863,-0.41236737,0.8485294,0.8169308,-0.32436645,-0.47687572,0.47188252,0.8513163,0.22931942
1356525841483,0.37658775,-0.37976253,0.8449627,0.7971494,-0.33183485,-0.50441885,0.47194752,0.86351955,0.17776257
1356525841523,0.42436928,-0.349509,0.8353168,0.7722781,-0.3419339,-0.5354137,0.47275504,0.87231,0.12481189
1356525841563,0.46494722,-0.3241222,0.82387435,0.7468351,-0.35616505,-0.56159043,0.47545913,0.8764082,0.07646787
1356525841603,0.4929633,-0.30502135,0.8148308,0.72530895,-0.37318242,-0.5784996,0.48053527,0.8761831,0.037269473
1356525841641,0.5067638,-0.29234394,0.81100273,0.710276,-0.39155895,-0.58496976,0.4885677,0.8724773,0.009216968
1356525841681,0.5067061,-0.28530467,0.81354165,0.7022749,-0.41075587,-0.5814546,0.50005877,0.8659566,-0.0077701807
1356525841721,0.49606258,-0.28184444,0.82127076,0.70014554,-0.42956984,-0.57032084,0.51353496,0.85792387,-0.015761346
1356525841761,0.48104334,-0.27921686,0.8310447,0.7021446,-0.44491708,-0.5559152,0.52496684,0.8509329,-0.01797378
1356525841801,0.46832746,-0.27526307,0.83958304,0.7072354,-0.4527911,-0.5429533,0.52961075,0.8480628,-0.017378747
1356525841841,0.46203467,-0.26966888,0.8448685,0.7146416,-0.4509261,-0.5347459,0.52517754,0.8508492,-0.015626911
1356525841881,0.46382636,-0.2634994,0.8458328,0.7226404,-0.4397819,-0.5332755,0.5124997,0.85858023,-0.013567146
1356525841921,0.4744223,-0.25814378,0.84159684,0.7285849,-0.42141393,-0.53997624,0.49405217,0.8693515,-0.011848476
1356525841980,0.49416977,-0.25465864,0.8312311,0.7299231,-0.39783442,-0.5558237,0.47223768,0.88140607,-0.010716498
1356525842001,0.5226088,-0.25361615,0.8139772,0.72497755,-0.37021446,-0.58081734,0.44865078,0.8936554,-0.009611309
1356525842042,0.55635715,-0.2560258,0.79051733,0.7140443,-0.33925453,-0.612411,0.42497957,0.90518355,-0.005932953
1356525842079,0.58602417,-0.26522654,0.76565695,0.7017896,-0.30621323,-0.6432142,0.40505183,0.9142692,0.006684933
1356525842122,0.5957614,-0.28740883,0.74997634,0.6994233,-0.27336377,-0.66036296,0.3948105,0.9179697,0.038160857
1356525842161,0.57283413,-0.32610053,0.75201035,0.7170207,-0.2451905,-0.6525052,0.39716804,0.9129842,0.09336731
1356525842201,0.51474905,-0.37595397,0.7705142,0.75395423,-0.22934833,-0.61559105,0.40815002,0.89780736,0.16539526
1356525842241,0.44057173,-0.4219179,0.79239,0.7936529,-0.2294451,-0.5634448,0.41953743,0.87712044,0.23376933
1356525842280,0.38070583,-0.45137107,0.8070485,0.8200084,-0.2385816,-0.52025473,0.4273749,0.8598505,0.2792987
1356525842321,0.34998113,-0.46061912,0.8156858,0.8308302,-0.2495867,-0.49742106,0.43270594,0.85178435,0.2953456
1356525842361,0.35238808,-0.4544587,0.8181014,0.827376,-0.25723553,-0.49927846,0.4373461,0.8528173,0.28536147
1356525842401,0.38107508,-0.4390472,0.8136457,0.81182635,-0.2622097,-0.5217126,0.44240224,0.85935074,0.25650847
1356525842469,0.42069358,-0.4177686,0.8052865,0.78863215,-0.27034515,-0.5522435,0.4484153,0.86740005,0.21573329
1356525842483,0.4598857,-0.39380592,0.7958781,0.76250607,-0.28419206,-0.5812223,0.45507103,0.8741578,0.16958353
1356525842523,0.49233788,-0.36972672,0.7879756,0.73790807,-0.30283046,-0.6031463,0.4616223,0.87840533,0.12372941
1356525842563,0.5149816,-0.34724754,0.78371745,0.71811336,-0.32448822,-0.6156466,0.4680888,0.87984467,0.0822576
1356525842603,0.52601016,-0.3273183,0.78496885,0.70502603,-0.3483848,-0.6177106,0.47565916,0.8783455,0.047513932
1356525842643,0.5251938,-0.31021944,0.7924237,0.698652,-0.37446424,-0.6096407,0.48585677,0.8738079,0.020069182
1356525842683,0.51368666,-0.29520118,0.8055944,0.6987109,-0.40098053,-0.5924673,0.49792475,0.86722016,2.819635E-4
1356525842723,0.49520195,-0.28100044,0.822079,0.7044946,-0.42384362,-0.5692486,0.50839204,0.86104316,-0.011924893
1356525842763,0.474558,-0.2665518,0.838895,0.7150934,-0.43897617,-0.54400504,0.5132604,0.8580502,-0.017710239
1356525842803,0.45561394,-0.25188464,0.85379744,0.7293064,-0.44433507,-0.52026784,0.5104196,0.8597212,-0.018744197
1356525842843,0.44065255,-0.23812112,0.8655193,0.745329,-0.4403205,-0.5006021,0.5003098,0.8656882,-0.016549736
1356525842883,0.43131888,-0.22681904,0.87322223,0.76083624,-0.42871636,-0.48716587,0.48486313,0.87450296,-0.0123413205
1356525842923,0.42925712,-0.2193467,0.87614226,0.773559,-0.41143635,-0.48200262,0.4662025,0.8846508,-0.0069343746
1356525842963,0.43609026,-0.21657586,0.873453,0.781776,-0.38954684,-0.48690808,0.44570342,0.89518046,-5.637482E-4
1356525843003,0.4519957,-0.2191832,0.86467254,0.78457594,-0.36353502,-0.5022777,0.42442954,0.9054286,0.0076496005
1356525843043,0.47227174,-0.22877699,0.8512464,0.7829893,-0.33465308,-0.5243425,0.40482968,0.914149,0.021082751
1356525843081,0.4834572,-0.24889293,0.83923864,0.7826097,-0.30661154,-0.5417669,0.39216223,0.9187174,0.046552442
1356525843121,0.4648365,-0.28337914,0.83882254,0.7936421,-0.28663197,-0.53663236,0.3925038,0.9151712,0.09166461
1356525843161,0.39901757,-0.33027935,0.85539496,0.82198524,-0.28457648,-0.49331158,0.40635598,0.899962,0.15793377
1356525843201,0.2920046,-0.37685096,0.879043,0.8565897,-0.3057798,-0.41563553,0.42542621,0.8743467,0.23351753
1356525843242,0.18188095,-0.4083954,0.8945013,0.8791909,-0.33986598,-0.33393782,0.4403892,0.84717435,0.29724234
1356525843281,0.11258805,-0.4226402,0.89927703,0.88636744,-0.36631745,-0.28313276,0.44908422,0.8289672,0.33337158
1356525843321,0.10340625,-0.42639643,0.89860624,0.8849141,-0.37305552,-0.2788487,0.4541301,0.824024,0.33874798
1356525843361,0.14870858,-0.42447376,0.89314485,0.87650406,-0.36159497,-0.31778854,0.45784962,0.830103,0.31828076
1356525843401,0.22898465,-0.41735584,0.8794204,0.8571672,-0.341707,-0.38535792,0.46133545,0.8420513,0.27949807
1356525843469,0.32041907,-0.4046719,0.8564884,0.82516396,-0.3248152,-0.4621684,0.46522695,0.8548309,0.22984365
1356525843483,0.40267527,-0.3876542,0.82920253,0.78556824,-0.3186164,-0.5304396,0.46982464,0.8649901,0.17622983
