1356525558579,-0.414828,-0.19951549,-0.88775635,-0.8204136,-0.33992207,0.45975482,-0.3934962,0.9190465,-0.02267605
1356525558609,-0.123509884,-0.077267736,-0.98933053,-0.9109932,-0.3864966,0.14391586,-0.39349294,0.9190484,-0.022654235
1356525558662,-0.12373769,-0.077156544,-0.9893108,-0.9109743,-0.38647944,0.14408132,-0.3934651,0.919065,-0.022465616
1356525558691,-0.124091506,-0.076949716,-0.9892826,-0.91094774,-0.3864513,0.14432496,-0.3934153,0.91909426,-0.022141874
1356525558734,-0.124749064,-0.07653803,-0.9892318,-0.91089505,-0.38641,0.1447672,-0.39332926,0.91914594,-0.02151382
1356525558773,-0.12545753,-0.07588419,-0.9891926,-0.9108311,-0.38641274,0.14516208,-0.3932521,0.919199,-0.02063933
1356525558817,-0.12636924,-0.07489157,-0.9891522,-0.9107147,-0.38651723,0.14561284,-0.3932296,0.9192364,-0.01936093
1356525558853,-0.12766027,-0.07351425,-0.9890897,-0.910509,-0.38675606,0.14626369,-0.39328888,0.91924715,-0.017562032
1356525558898,-0.12963074,-0.071858436,-0.98895514,-0.9101716,-0.3871066,0.1474315,-0.39342526,0.9192306,-0.015222579
1356525558935,-0.13244468,-0.07001963,-0.9887141,-0.9096916,-0.38751757,0.14930269,-0.3935982,0.9191992,-0.0123716
1356525558978,-0.13610327,-0.06795618,-0.98836124,-0.9090897,-0.38793623,0.15186018,-0.39374092,0.9191776,-0.0089788735
1356525559015,-0.14048648,-0.065638036,-0.9879044,-0.90839994,-0.38831747,0.15498087,-0.3937932,0.91918504,-0.005072236
1356525559056,-0.14550906,-0.063150436,-0.98733944,-0.90763223,-0.3886431,0.15861994,-0.39373964,0.9192217,-7.662475E-4
1356525559098,-0.1515662,-0.060392797,-0.9866004,-0.906708,-0.38894552,0.16310132,-0.39358398,0.9192791,0.0041923523
1356525559132,-0.15773553,-0.057772756,-0.9857899,-0.9057203,-0.3892749,0.16773728,-0.3934339,0.91930807,0.009076506
1356525559179,-0.16368419,-0.055006295,-0.98497814,-0.9046768,-0.3897934,0.17210776,-0.3934049,0.9192582,0.014040023
1356525559209,-0.1682151,-0.052097797,-0.9843726,-0.9037615,-0.3905781,0.17511109,-0.39359733,0.91909444,0.018617183
1356525559249,-0.17105848,-0.049149305,-0.9840342,-0.90298843,-0.39172328,0.17653528,-0.39414573,0.91876936,0.02262637
1356525559290,-0.17222917,-0.046441406,-0.9839616,-0.9023349,-0.3932413,0.17650193,-0.39513126,0.9182617,0.025821894
1356525559337,-0.17264241,-0.044499755,-0.98397887,-0.9016453,-0.3950168,0.17606103,-0.3965228,0.9175955,0.028073609
1356525559373,-0.17337453,-0.043706,-0.98388565,-0.900692,-0.39705634,0.17635259,-0.3983657,0.91675293,0.029473782
1356525559417,-0.17538887,-0.04406303,-0.9835127,-0.8993688,-0.39919442,0.17826816,-0.4004678,0.9158069,0.030385375
1356525559454,-0.178339,-0.045098126,-0.982935,-0.89777577,-0.40140635,0.18130508,-0.4027329,0.9147891,0.031098425
1356525559500,-0.18135506,-0.046233654,-0.9823303,-0.8961253,-0.40366066,0.1844385,-0.4050553,0.9137399,0.0317747
1356525559536,-0.18320984,-0.046778828,-0.9819603,-0.8946215,-0.40615106,0.18626285,-0.40753734,0.9126079,0.03256148
1356525559579,-0.18285352,-0.046201795,-0.982054,-0.89350176,-0.40890855,0.18560305,-0.41014543,0.9114051,0.03348899
1356525559632,-0.18065363,-0.04464814,-0.98253286,-0.8925315,-0.41225898,0.18283927,-0.41322136,0.9099721,0.034626156
1356525559649,-0.17649841,-0.042186856,-0.9833965,-0.8917191,-0.41616058,0.17789721,-0.41675574,0.90831196,0.035832852
1356525559691,-0.17160141,-0.03931859,-0.98438156,-0.8907472,-0.42066318,0.17208105,-0.4208591,0.9063645,0.037163526
1356525559735,-0.16692352,-0.036218315,-0.9853044,-0.8894334,-0.42572558,0.16633075,-0.42549354,0.9041272,0.03884983
1356525559775,-0.16328406,-0.033046603,-0.9860255,-0.8877064,-0.43117315,0.16145337,-0.43048316,0.9016639,0.041067988
1356525559815,-0.16141492,-0.03005591,-0.986429,-0.885481,-0.4369138,0.15820867,-0.43573943,0.8990012,0.043910384
1356525559857,-0.16207576,-0.027560294,-0.98639333,-0.8826822,-0.44282597,0.15740758,-0.44113886,0.8961838,0.047444433
1356525559895,-0.16597104,-0.025879622,-0.98579097,-0.8792505,-0.44875127,0.15981448,-0.44651094,0.8932818,0.05172512
1356525559937,-0.17335397,-0.025369823,-0.9845327,-0.87520915,-0.45443845,0.16581476,-0.45161626,0.89041674,0.05657488
1356525559977,-0.18396586,-0.026141614,-0.98258495,-0.8705747,-0.45977747,0.1752269,-0.45635113,0.8876493,0.061825126
1356525560015,-0.19696563,-0.02859807,-0.9799932,-0.86558104,-0.46433347,0.18752044,-0.4604064,0.88519865,0.0667038
1356525560056,-0.21034545,-0.032120705,-0.9770993,-0.8605985,-0.46809012,0.2006535,-0.4638156,0.88309675,0.07081756
1356525560093,-0.2236129,-0.03708729,-0.9739722,-0.85581946,-0.47074485,0.21441165,-0.46644428,0.88148963,0.073524565
1356525560137,-0.2344827,-0.042841673,-0.9711758,-0.85191077,-0.4721638,0.22651571,-0.46825835,0.88046914,0.07421693
1356525560176,-0.2422148,-0.049455523,-0.9689614,-0.8491054,-0.47238952,0.23636457,-0.46941668,0.8800013,0.07242674
1356525560215,-0.24600899,-0.05671671,-0.96760666,-0.84742475,-0.47197926,0.24311873,-0.47047925,0.8797833,0.06804812
1356525560254,-0.24516308,-0.06447676,-0.96733534,-0.84656,-0.47202957,0.24601632,-0.4724733,0.8792216,0.061140895
1356525560296,-0.2402758,-0.07230684,-0.9680079,-0.845703,-0.4739254,0.2453183,-0.47650173,0.87759125,0.052722692
1356525560334,-0.23277915,-0.0795562,-0.96927017,-0.8442409,-0.47821712,0.2420035,-0.48277444,0.87463087,0.044154406
1356525560380,-0.2244029,-0.085538596,-0.970735,-0.8425971,-0.4834063,0.237378,-0.48956448,0.8712069,0.03640321
1356525560416,-0.21600974,-0.0901553,-0.97222006,-0.84187746,-0.4871493,0.23222393,-0.4945525,0.86865276,0.02932924
1356525560455,-0.20837313,-0.093320936,-0.97358716,-0.84270144,-0.48811722,0.22714749,-0.4964222,0.8677747,0.023068756
1356525560497,-0.20198673,-0.095579684,-0.9747132,-0.8453565,-0.48552692,0.22279102,-0.49454382,0.86898106,0.017271131
1356525560535,-0.1968168,-0.09769288,-0.975561,-0.8488318,-0.48097992,0.21941495,-0.49066055,0.8712717,0.011740088
1356525560575,-0.19205552,-0.100955516,-0.9761776,-0.8530524,-0.47460485,0.21691477,-0.4851973,0.87439024,0.0050300956
1356525560649,-0.1870966,-0.10707891,-0.9764881,-0.85784954,-0.4665234,0.21552292,-0.47863248,0.8780035,-0.0045726597
1356525560655,-0.1816752,-0.11735383,-0.976331,-0.8629551,-0.457016,0.21551105,-0.47148988,0.88168275,-0.018242627
1356525560692,-0.17341077,-0.1329475,-0.97583485,-0.8687138,-0.4461432,0.21515721,-0.4639667,0.88503176,-0.038127363
1356525560755,-0.14457804,-0.16172025,-0.9761884,-0.8780657,-0.43385363,0.20191991,-0.45617738,0.88635075,-0.07927531
1356525560795,-0.11450988,-0.1988706,-0.97331285,-0.88485736,-0.4249398,0.19092825,-0.4515694,0.88310623,-0.1273123
1356525560842,-0.057421625,-0.23903748,-0.969311,-0.8893262,-0.42893887,0.15846214,-0.45365357,0.87113285,-0.18795186
1356525560880,0.029308736,-0.27800402,-0.96013266,-0.88587236,-0.45215,0.10387704,-0.46300226,0.8475106,-0.25952798
1356525560914,0.13726121,-0.3086442,-0.94122154,-0.86799157,-0.49528432,0.035831183,-0.47723144,0.81205416,-0.3358839
1356525560955,0.23770443,-0.32493597,-0.91537607,-0.83910257,-0.54339826,-0.025004745,-0.48928884,0.7740381,-0.40182275
1356525561030,0.30492318,-0.32910043,-0.89370847,-0.8136162,-0.5777759,-0.06483561,-0.49502575,0.74690557,-0.44393867
1356525561038,0.33080354,-0.32787633,-0.8849102,-0.8027483,-0.5907637,-0.081199855,-0.4961493,0.7372215,-0.4586289
1356525561070,0.31327873,-0.3258534,-0.89200675,-0.8101154,-0.5818361,-0.07197103,-0.49554968,0.74517536,-0.44625574
1356525561099,0.27319583,-0.32494083,-0.90541565,-0.82483935,-0.56343734,-0.046673447,-0.4949789,0.75957346,-0.42195275
1356525561140,0.19085589,-0.3213999,-0.9275107,-0.84756005,-0.530615,0.009463757,-0.4951927,0.7843149,-0.37367675
1356525561182,0.082273245,-0.31394386,-0.94587016,-0.86440885,-0.49484003,0.08905476,-0.49601257,0.8102917,-0.31208792
1356525561223,-0.03690785,-0.2997452,-0.9533051,-0.8666564,-0.46535194,0.1798726,-0.49753833,0.83282673,-0.24260098
1356525561263,-0.14673883,-0.28010783,-0.9486871,-0.85405326,-0.44799393,0.26437527,-0.49905968,0.8490235,-0.17348894
1356525561306,-0.23727381,-0.25761914,-0.9366608,-0.8327899,-0.4424886,0.33266333,-0.5001622,0.858974,-0.10955173
1356525561346,-0.30139858,-0.23627073,-0.92376137,-0.81145555,-0.44518143,0.3786204,-0.5006983,0.86370695,-0.05754614
1356525561386,-0.3396619,-0.2187095,-0.91476554,-0.7952113,-0.4525954,0.4034803,-0.5022637,0.8644787,-0.020190805
1356525561425,-0.35474336,-0.20586035,-0.912019,-0.7857572,-0.4630016,0.41014034,-0.5066979,0.8621201,0.0024904907
1356525561466,-0.35148573,-0.19722208,-0.9151837,-0.7817919,-0.47595626,0.4028238,-0.5150332,0.8570701,0.013105124
1356525561515,-0.33596325,-0.19071439,-0.9223647,-0.7814714,-0.4902082,0.3860029,-0.5257671,0.8504845,0.015654147
1356525561547,-0.31485164,-0.18360081,-0.9312138,-0.7842195,-0.5023545,0.36419722,-0.53466636,0.8449441,0.0141837895
1356525561586,-0.29339278,-0.17453942,-0.93992364,-0.79038405,-0.5088003,0.34119657,-0.53778577,0.8430054,0.01132521
1356525561625,-0.27428937,-0.16298157,-0.94773537,-0.7998479,-0.508457,0.3189276,-0.53386205,0.8455226,0.009103924
1356525561663,-0.25964308,-0.15026414,-0.9539424,-0.8118032,-0.5010463,0.29988018,-0.5230305,0.8522754,0.008108288
1356525561706,-0.24934971,-0.13868153,-0.9584321,-0.82460916,-0.48853594,0.28522313,-0.5077838,0.8614522,0.0074582994
1356525561745,-0.24377453,-0.13051578,-0.9610096,-0.8380312,-0.4703948,0.2764641,-0.4881369,0.872751,0.005294025
1356525561783,-0.24265462,-0.12839463,-0.9615787,-0.8500416,-0.44951403,0.2745295,-0.46749115,0.8839978,-6.4224005E-5
1356525561828,-0.23939228,-0.1343,-0.9615897,-0.86177397,-0.42683035,0.2741558,-0.44725487,0.89430374,-0.013556302
1356525561866,-0.22426689,-0.15237114,-0.96254206,-0.873387,-0.4067368,0.267881,-0.43231866,0.9007486,-0.041861326
1356525561906,-0.17785233,-0.18462595,-0.96658254,-0.8858074,-0.39779133,0.2389713,-0.42861843,0.89870757,-0.092794895
1356525561945,-0.081492245,-0.22651145,-0.97059333,-0.8949975,-0.41188192,0.17126778,-0.43856403,0.8826357,-0.16916195
1356525561988,0.04983473,-0.26138416,-0.96394753,-0.8888458,-0.45176703,0.07654917,-0.45548844,0.85298586,-0.2548439
1356525562025,0.17376894,-0.27630597,-0.94522977,-0.86388665,-0.50355226,-0.011618495,-0.47276232,0.81859034,-0.32619882
1356525562065,0.25151977,-0.27366665,-0.9283557,-0.83651674,-0.5439155,-0.06629887,-0.4868033,0.7932606,-0.36573228
1356525562107,0.2667714,-0.2643757,-0.9267894,-0.82500196,-0.55974925,-0.077798545,-0.4982016,0.7853575,-0.36743551
1356525562158,0.24005407,-0.25480554,-0.93672204,-0.82800233,-0.557445,-0.060557216,-0.5067407,0.79014504,-0.34479654
1356525562183,0.16677374,-0.24847507,-0.95417327,-0.84218585,-0.5391444,-0.006802261,-0.512747,0.8047257,-0.29917735
1356525562220,0.06689197,-0.24334747,-0.96762985,-0.8535022,-0.51625305,0.07082921,-0.51677793,0.8211363,-0.2422308
1356525562262,-0.04565215,-0.23755082,-0.97030175,-0.8531432,-0.49602365,0.1615772,-0.5196754,0.83518267,-0.1800203
1356525562303,-0.14952666,-0.22916856,-0.9618334,-0.83984494,-0.48395097,0.24586958,-0.52182585,0.84455496,-0.120102435
1356525562361,-0.23499948,-0.21779603,-0.9472804,-0.8183642,-0.4815141,0.31372648,-0.5244572,0.8489459,-0.06508091
1356525562395,-0.28332305,-0.20267424,-0.9373639,-0.8008243,-0.48776323,0.3475161,-0.5276442,0.84912324,-0.024111927
1356525562437,-0.3018872,-0.1873109,-0.93476135,-0.7904172,-0.49902523,0.35526684,-0.53301483,0.846102,0.002595514
1356525562485,-0.29596835,-0.17233062,-0.93952376,-0.7871339,-0.5132145,0.34209812,-0.5411312,0.8407812,0.016247988
1356525562511,-0.27705842,-0.15636733,-0.9480442,-0.78932214,-0.5255957,0.31736326,-0.5479133,0.83624053,0.02219665
1356525562560,-0.25281453,-0.14158008,-0.9570997,-0.7964959,-0.5311279,0.2889593,-0.5492532,0.8353791,0.021508902
1356525562591,-0.22836334,-0.12601039,-0.9653867,-0.8058355,-0.5319758,0.26005927,-0.54633254,0.83733094,0.019940138
1356525562641,-0.21134597,-0.11304265,-0.9708523,-0.8169358,-0.5248958,0.23895675,-0.53660864,0.84362656,0.01858607
1356525562669,-0.20284688,-0.10377839,-0.9736957,-0.82859814,-0.5116888,0.2271559,-0.52180296,0.85288024,0.017803788
1356525562710,-0.20443666,-0.100142896,-0.97374386,-0.83962685,-0.4934429,0.2270261,-0.50322205,0.8639939,0.016795188
1356525562753,-0.21736103,-0.104381114,-0.97049403,-0.8485855,-0.4711184,0.24072823,-0.48234507,0.87587214,0.013826489
1356525562794,-0.2375012,-0.11828077,-0.96415913,-0.8555061,-0.44467026,0.26528782,-0.46011135,0.8878502,0.004419774
1356525562846,-0.24541354,-0.14614514,-0.95833904,-0.8633926,-0.4165818,0.28462747,-0.4408236,0.89727426,-0.023945719
1356525562886,-0.22652143,-0.18962997,-0.9553682,-0.87354785,-0.39429623,0.2853849,-0.43081564,0.8992057,-0.07633424
1356525562934,-0.14427519,-0.23555014,-0.96109354,-0.8904706,-0.39268452,0.2299149,-0.43156305,0.8889966,-0.1530959
1356525562966,0.004728675,-0.2681489,-0.9633658,-0.89807236,-0.42485803,0.11384931,-0.4398223,0.8646339,-0.24282616
1356525562999,0.15122783,-0.27996337,-0.94802463,-0.88084614,-0.47340226,-7.1009994E-4,-0.44859815,0.8351712,-0.3181963
1356525563029,0.2536652,-0.27898374,-0.92618686,-0.8530451,-0.51594126,-0.07822248,-0.4560352,0.8099215,-0.36886206
1356525563070,0.2690281,-0.28643396,-0.91955394,-0.8434638,-0.53098786,-0.08136827,-0.4649654,0.7975008,-0.38444728
1356525563113,0.20967892,-0.30685827,-0.928371,-0.8549037,-0.5183301,-0.021760046,-0.4745254,0.79823047,-0.37101716
1356525563153,0.09907299,-0.33306232,-0.9376855,-0.8696759,-0.4869213,0.0810653,-0.4835788,0.807451,-0.337897
1356525563194,-0.0462448,-0.3560811,-0.93331003,-0.86927044,-0.4459858,0.21322644,-0.4921689,0.8211595,-0.28890628
1356525563233,-0.17739362,-0.36346987,-0.9145606,-0.84788716,-0.41533196,0.32952487,-0.4996187,0.83389986,-0.23450416
1356525563275,-0.28749222,-0.357839,-0.88842535,-0.8132446,-0.39879316,0.42378938,-0.5059463,0.8443432,-0.17636073
1356525563321,-0.35303217,-0.33909017,-0.87200123,-0.7841986,-0.40109015,0.47345465,-0.51029485,0.8509669,-0.124316394
1356525563365,-0.39054298,-0.31493604,-0.8650384,-0.7631221,-0.4148155,0.495553,-0.5148988,0.85366464,-0.07833129
1356525563409,-0.38601106,-0.2809533,-0.87866986,-0.76101065,-0.44137293,0.47545013,-0.52140033,0.8522061,-0.043433666
1356525563445,-0.36149114,-0.24648729,-0.8992042,-0.76615,-0.47109073,0.43713576,-0.5313552,0.84694594,-0.018551081
1356525563493,-0.32595652,-0.21290398,-0.9210994,-0.77396214,-0.4994104,0.38932225,-0.54289484,0.8397982,-0.0019935071
1356525563526,-0.28846663,-0.18128547,-0.94017154,-0.78289795,-0.52063566,0.34060124,-0.5512329,0.83431053,0.008258015
1356525563565,-0.25590086,-0.15355858,-0.95442885,-0.7929901,-0.5313216,0.29810065,-0.55288464,0.83313686,0.014195263
1356525563637,-0.23149282,-0.13098982,-0.9639775,-0.8044455,-0.531443,0.26539725,-0.5470635,0.83690494,0.01765114
1356525563645,-0.21746731,-0.114944965,-0.96927583,-0.81674576,-0.5223124,0.24518579,-0.53444767,0.84497184,0.019705057
1356525563681,-0.21525997,-0.10691735,-0.97068626,-0.82799983,-0.50702375,0.23946443,-0.5177639,0.85527515,0.020614386
1356525563734,-0.2251457,-0.10719991,-0.9684098,-0.8384945,-0.48488802,0.24861729,-0.4962221,0.86798143,0.01928395
1356525563765,-0.25047213,-0.11869088,-0.96082056,-0.8445281,-0.45843357,0.276787,-0.4733245,0.88076735,0.014587045
1356525563805,-0.2778203,-0.13850477,-0.9505958,-0.84881604,-0.42795503,0.31042856,-0.44980806,0.8931243,0.0013295114
1356525563845,-0.29328233,-0.16945758,-0.9408877,-0.8535917,-0.3968001,0.3375367,-0.43054247,0.9021274,-0.028273135
1356525563890,-0.26365793,-0.21029717,-0.9414136,-0.86723024,-0.3756534,0.32679683,-0.42236966,0.90258497,-0.08333206
1356525563924,-0.16623706,-0.2541838,-0.95276225,-0.8887696,-0.3799128,0.2564272,-0.4271462,0.88941383,-0.16275528
1356525563966,-0.015338898,-0.28744707,-0.95767367,-0.8978863,-0.4174776,0.13968778,-0.43996012,0.8620248,-0.25169113
1356525564004,0.12014437,-0.3049914,-0.9447464,-0.8830334,-0.4677124,0.03869477,-0.4536711,0.82959354,-0.32551062
1356525564046,0.1864273,-0.3170734,-0.9298975,-0.8653199,-0.5012134,-0.0025785863,-0.4652595,0.80513954,-0.36780977
1356525564086,0.1693041,-0.33451873,-0.9270563,-0.8631967,-0.5042815,0.024323106,-0.4756339,0.7961139,-0.3741324
1356525564135,0.067230046,-0.3584134,-0.9311391,-0.8716684,-0.4751851,0.11997175,-0.48546293,0.8035788,-0.34436437
1356525564175,-0.052206874,-0.37135005,-0.9270241,-0.86819315,-0.44183356,0.22588465,-0.4934726,0.8166286,-0.29933685
1356525564219,-0.17585403,-0.37384075,-0.9106692,-0.8480199,-0.41227716,0.33300102,-0.49993753,0.8308252,-0.24452376
1356525564255,-0.28512454,-0.3657227,-0.8859745,-0.81469,-0.39449948,0.4250298,-0.5049596,0.84298104,-0.18546909
1356525564294,-0.36888337,-0.3499692,-0.86107296,-0.77789384,-0.39080858,0.49208727,-0.5087301,0.85134614,-0.12807608
1356525564335,-0.42302614,-0.33023077,-0.84379876,-0.747222,-0.3996173,0.53100395,-0.5125505,0.85513365,-0.07770711
1356525564374,-0.44847023,-0.30922484,-0.8386026,-0.72788095,-0.418155,0.543448,-0.51871353,0.8541231,-0.03754872
1356525564412,-0.44939768,-0.28811842,-0.84559417,-0.72049814,-0.44270366,0.53375643,-0.5281327,0.84911793,-0.008638799
1356525564456,-0.4328115,-0.26704717,-0.86102265,-0.7229827,-0.46770024,0.50848055,-0.5384888,0.8425807,0.009355575
1356525564502,-0.40786946,-0.24548829,-0.8794192,-0.73265284,-0.486772,0.4756816,-0.5448508,0.83832496,0.018681675
1356525564535,-0.38253754,-0.2246863,-0.89620376,-0.7466017,-0.4962405,0.44309297,-0.54428947,0.83860695,0.022079408
1356525564571,-0.36105716,-0.20589644,-0.90952975,-0.76208407,-0.49697042,0.41502804,-0.5374622,0.842987,0.022524357
1356525564637,-0.34725076,-0.19098717,-0.9181181,-0.7772344,-0.48918992,0.3957271,-0.5247129,0.8510094,0.021429807
1356525564654,-0.3435539,-0.1817385,-0.9213804,-0.79027265,-0.47411168,0.3881845,-0.50738525,0.861504,0.01925996
1356525564692,-0.35124034,-0.17985344,-0.9188487,-0.7993863,-0.45332474,0.39430726,-0.48745435,0.8730117,0.015453547
1356525564734,-0.36862493,-0.18577752,-0.91082513,-0.804567,-0.42700988,0.41271615,-0.46560466,0.8849572,0.007935971
1356525564775,-0.39136112,-0.20070663,-0.8980831,-0.8062302,-0.39572006,0.43977094,-0.44365445,0.896171,-0.0069462657
1356525564816,-0.4049356,-0.22572505,-0.8860448,-0.8094243,-0.36222357,0.46219742,-0.42527586,0.90434635,-0.036030114
1356525564859,-0.38968986,-0.2622419,-0.88281983,-0.8218762,-0.3334865,0.46185076,-0.41552514,0.90554726,-0.08557403
1356525564896,-0.3175568,-0.3101025,-0.8960994,-0.8509629,-0.32373405,0.41359225,-0.41835386,0.8938863,-0.16108173
1356525564967,-0.20975798,-0.35851827,-0.90965176,-0.8795264,-0.33722967,0.3357226,-0.42712423,0.87048316,-0.24458969
1356525564991,-0.1009351,-0.3960773,-0.91265273,-0.8933009,-0.36775708,0.2583958,-0.43797922,0.8413546,-0.31669652
1356525565019,-0.048618734,-0.41875207,-0.90679824,-0.8938161,-0.3869592,0.2266173,-0.44579032,0.8215287,-0.35547394
1356525565059,-0.06175387,-0.4297842,-0.9008174,-0.889426,-0.3858351,0.24505672,-0.4528885,0.81634355,-0.35843438
1356525565100,-0.11827618,-0.42919123,-0.8954359,-0.87973094,-0.3729307,0.2949511,-0.460526,0.8226285,-0.33346403
1356525565143,-0.19735396,-0.41633642,-0.8875333,-0.8609251,-0.35941732,0.36003774,-0.4688917,0.8351546,-0.28750205
1356525565183,-0.2764873,-0.3935108,-0.8767576,-0.83416164,-0.3547594,0.4222795,-0.47720957,0.8481126,-0.23016512
1356525565223,-0.3471207,-0.36480087,-0.8639605,-0.80277544,-0.36067635,0.47483075,-0.48482874,0.85838974,-0.16765499
1356525565265,-0.40081847,-0.33570582,-0.8524354,-0.7735501,-0.3745283,0.51122284,-0.49088162,0.8643091,-0.109567404
1356525565305,-0.43726242,-0.31015092,-0.84416115,-0.7498024,-0.39257175,0.5326197,-0.49658632,0.86584866,-0.060895026
1356525565345,-0.456644,-0.29051194,-0.8408799,-0.7330066,-0.41276938,0.5406687,-0.50416017,0.8632637,-0.024458528
1356525565387,-0.46088314,-0.27736145,-0.84300494,-0.72228426,-0.43469858,0.5379058,-0.5156474,0.8568009,1.1444092E-5
1356525565433,-0.45365185,-0.2689042,-0.84964144,-0.71705216,-0.45598686,0.5271739,-0.5291846,0.8483906,0.014040887
1356525565466,-0.44021595,-0.26145497,-0.85898256,-0.717806,-0.47224396,0.5116054,-0.5394112,0.84179974,0.020215482
1356525565504,-0.42454892,-0.25228214,-0.869547,-0.72510433,-0.480393,0.4934027,-0.5422009,0.83998585,0.021019429
1356525565545,-0.40810055,-0.23953336,-0.8809527,-0.7387706,-0.48026872,0.47282118,-0.5363505,0.8437806,0.019037783
1356525565584,-0.39094478,-0.2231285,-0.89295906,-0.75738114,-0.47329378,0.44985208,-0.52300674,0.8521776,0.016038358
1356525565641,-0.37215686,-0.20450509,-0.9053601,-0.77861154,-0.46217322,0.42445248,-0.5052359,0.8628867,0.012770921
1356525565666,-0.35257918,-0.18580684,-0.9171498,-0.80119073,-0.4464643,0.39845097,-0.4835095,0.8752974,0.008547246
1356525565717,-0.330108,-0.16981563,-0.9285426,-0.825881,-0.42439598,0.37122583,-0.45710972,0.88941026,-1.5100837E-4
1356525565760,-0.3011557,-0.15997991,-0.94005936,-0.84993076,-0.40193528,0.34068397,-0.4323457,0.9015844,-0.014926732
1356525565795,-0.26082838,-0.16512305,-0.95115876,-0.87270945,-0.38089907,0.30544075,-0.41273084,0.90975285,-0.0447551
1356525565839,-0.19741791,-0.1903157,-0.9616684,-0.89368653,-0.36825764,0.2563409,-0.4029274,0.91003644,-0.09738189
1356525565881,-0.100742996,-0.23503295,-0.96675247,-0.9086212,-0.37409568,0.18563393,-0.40528804,0.8971131,-0.17586836
1356525565915,0.013637662,-0.27848828,-0.9603428,-0.91067576,-0.40005547,0.10307902,-0.4128967,0.8731552,-0.2590684
1356525565956,0.11947921,-0.30467886,-0.9449315,-0.89840597,-0.4382901,0.027723521,-0.42260084,0.8456197,-0.3260919
1356525565995,0.19859108,-0.30533782,-0.93130577,-0.8798065,-0.47424534,-0.032123357,-0.43185893,0.8257482,-0.36281908
1356525566037,0.23674104,-0.28361592,-0.9292554,-0.86507213,-0.49691728,-0.06872648,-0.44227117,0.8201434,-0.36298895
1356525566085,0.23668638,-0.24368206,-0.9405311,-0.8589845,-0.5048348,-0.08536747,-0.4540103,0.8281069,-0.32880658
1356525566127,0.21589673,-0.19845629,-0.9560354,-0.85860765,-0.5048306,-0.08910105,-0.46495327,0.8400959,-0.27938735
1356525566169,0.17755431,-0.15593699,-0.971678,-0.8620175,-0.50097775,-0.07711816,-0.47476342,0.85129607,-0.22337118
1356525566206,0.12314713,-0.11791706,-0.985358,-0.8663511,-0.4970463,-0.04879287,-0.484015,0.8596747,-0.16336742
1356525566244,0.06323266,-0.08994603,-0.99393725,-0.8681999,-0.49610686,-0.010338455,-0.49216923,0.86359,-0.10946128
1356525566287,0.0064890385,-0.070815176,-0.9974683,-0.86507237,-0.50075376,0.02992326,-0.5016051,0.8626881,-0.06450963
1356525566334,-0.04214841,-0.062221587,-0.99717194,-0.85608345,-0.5123243,0.068152964,-0.51511604,0.85653496,-0.031673193
1356525566375,-0.08016312,-0.06194499,-0.9948551,-0.84429014,-0.5263202,0.10080245,-0.5298566,0.848027,-0.0101080835
1356525566414,-0.10592157,-0.06514135,-0.99223846,-0.83321595,-0.5387914,0.12431809,-0.54270786,0.8399168,0.002792865
1356525566455,-0.12365538,-0.06916016,-0.9899123,-0.826404,-0.5450576,0.14131102,-0.54933226,0.83554125,0.010244966
1356525566506,-0.13748437,-0.07231328,-0.98786074,-0.8281461,-0.5387431,0.15469328,-0.5433895,0.83936095,0.014182776
1356525566552,-0.15111953,-0.07556927,-0.9856227,-0.833619,-0.5261218,0.16815233,-0.5312647,0.84704494,0.016511321
1356525566584,-0.16497087,-0.078867435,-0.9831402,-0.8418498,-0.5080917,0.1820215,-0.5138809,0.8576846,0.017425746
1356525566640,-0.1801784,-0.083411336,-0.980091,-0.8519901,-0.48472244,0.19788125,-0.49157766,0.87068176,0.016270936
1356525566664,-0.19666725,-0.09060964,-0.9762745,-0.8628204,-0.45693493,0.21622112,-0.46568558,0.88487315,0.011684209
1356525566710,-0.21091366,-0.10228294,-0.9721387,-0.87385243,-0.4259528,0.23440602,-0.43806094,0.8989452,4.5904517E-4
1356525566748,-0.21264285,-0.12347552,-0.96929705,-0.88569856,-0.3946169,0.24457201,-0.41269967,0.9105115,-0.025449604
1356525566789,-0.19075036,-0.15757892,-0.9689082,-0.89827216,-0.3700353,0.23702505,-0.39588043,0.91555595,-0.07096434
1356525566852,-0.11964744,-0.21154645,-0.97001684,-0.910671,-0.36575735,0.19209364,-0.3954275,0.90634966,-0.1488873
1356525566890,-0.0078193545,-0.26977998,-0.96289027,-0.91365176,-0.38943672,0.116530836,-0.40642253,0.88065755,-0.24343973
1356525566909,0.09870726,-0.30650285,-0.94673795,-0.90366805,-0.4259981,0.04369855,-0.41670233,0.8512235,-0.3190259
1356525566939,0.17685032,-0.32102823,-0.9304111,-0.8884487,-0.45885468,-0.010551423,-0.42353618,0.8284886,-0.36636567
1356525566979,0.202362,-0.31608617,-0.9268976,-0.880399,-0.47323048,-0.030831546,-0.42889076,0.82227886,-0.3740458
1356525567023,0.18611246,-0.2991377,-0.93588394,-0.8814963,-0.471551,-0.02457434,-0.43396586,0.8295519,-0.35145035
1356525567062,0.13944954,-0.27608022,-0.95096457,-0.88739085,-0.46100295,0.0037094355,-0.43942156,0.84335995,-0.3092777
1356525567115,0.051535428,-0.24433127,-0.96832144,-0.89249337,-0.44633496,0.0651215,-0.44810688,0.8608643,-0.24106616
1356525567162,-0.043168306,-0.21426162,-0.975822,-0.88789,-0.43955868,0.13579243,-0.45802608,0.8722845,-0.17126578
1356525567206,-0.12645864,-0.18998984,-0.9736078,-0.8745284,-0.44189548,0.19982103,-0.46819687,0.87671673,-0.11026999
1356525567254,-0.19180495,-0.1728153,-0.96609825,-0.85586274,-0.45230985,0.25082827,-0.48032266,0.87495756,-0.061150968
1356525567296,-0.23791361,-0.16356388,-0.9574152,-0.83634186,-0.46673268,0.2875636,-0.49389195,0.8691418,-0.02575323
1356525567344,-0.2608158,-0.16190118,-0.9517159,-0.8172192,-0.48779273,0.30693814,-0.5139337,0.8578148,-0.0050846934
1356525567392,-0.2715482,-0.16299051,-0.9485229,-0.80234444,-0.50594735,0.31663957,-0.5315119,0.84702504,0.0066146255
1356525567427,-0.27411294,-0.16440538,-0.9475405,-0.7937771,-0.5175715,0.31943342,-0.54293644,0.83969676,0.011371762
1356525567465,-0.2729414,-0.16352683,-0.9480306,-0.79233116,-0.5207023,0.3179315,-0.545632,0.8379308,0.012553811
1356525567505,-0.27169502,-0.16024664,-0.9489483,-0.7977257,-0.5140786,0.31520942,-0.5383453,0.84264123,0.011839747
1356525567543,-0.27180088,-0.15509132,-0.94977415,-0.80774343,-0.49973285,0.31275812,-0.5231395,0.8521818,0.010553867
1356525567585,-0.27448255,-0.14973548,-0.94986254,-0.81966996,-0.4800642,0.31253752,-0.5027929,0.86435974,0.009035468
1356525567653,-0.2807393,-0.14603192,-0.9486096,-0.8318189,-0.4560489,0.31638086,-0.478814,0.8778919,0.0065587163
1356525567663,-0.290197,-0.14627016,-0.94572234,-0.84334004,-0.42798245,0.32497472,-0.45228663,0.8918722,8.4376335E-4
1356525567706,-0.29777122,-0.15435764,-0.9420754,-0.8543817,-0.39714414,0.33512446,-0.42586872,0.9046824,-0.013622314
1356525567744,-0.2926395,-0.1749934,-0.9400742,-0.8660463,-0.36826652,0.33814728,-0.40537143,0.913103,-0.04378301
1356525567783,-0.25197077,-0.21267176,-0.944077,-0.88232553,-0.35023266,0.31438622,-0.39750776,0.9121994,-0.09939736
1356525567824,-0.16859722,-0.2615127,-0.950361,-0.9002275,-0.3518361,0.25651878,-0.4014542,0.89878947,-0.17610228
1356525567868,-0.04802656,-0.30767915,-0.9502773,-0.9097892,-0.37921393,0.16876149,-0.4122828,0.87265706,-0.2617108
1356525567914,0.056604445,-0.33485782,-0.9405669,-0.90481246,-0.4154297,0.09344739,-0.42203104,0.8457472,-0.3264987
1356525567957,0.10974255,-0.34469137,-0.93227917,-0.896335,-0.43969092,0.057055444,-0.42958122,0.8293731,-0.3572117
1356525567995,0.09802407,-0.3469204,-0.932758,-0.8940288,-0.44241285,0.07059255,-0.43715417,0.82699275,-0.3535239
1356525568035,0.027849853,-0.34829453,-0.9369713,-0.89498043,-0.42618442,0.13182119,-0.44523525,0.8348998,-0.3235859
1356525568076,-0.09629655,-0.34896025,-0.9321769,-0.8857336,-0.39721692,0.24019691,-0.45409566,0.8487905,-0.27083525
1356525568125,-0.2554413,-0.34521207,-0.90309376,-0.8481772,-0.36832297,0.38070142,-0.46405298,0.86323047,-0.19871604
1356525568165,-0.38787454,-0.3380794,-0.8574705,-0.79127806,-0.35495406,0.49788213,-0.47268632,0.8716134,-0.12983716
1356525568204,-0.47967643,-0.32992458,-0.8130561,-0.73406863,-0.35672802,0.5778307,-0.48068047,0.8740108,-0.07107329
1356525568246,-0.5331007,-0.32297492,-0.7819788,-0.6902251,-0.3684855,0.62274206,-0.4892779,0.8717257,-0.026485503
1356525568292,-0.5547641,-0.31799453,-0.76884097,-0.6646756,-0.3864348,0.639433,-0.50044304,0.86576426,0.003016889
1356525568325,-0.5544711,-0.31342697,-0.770925,-0.6549736,-0.40712804,0.6365974,-0.51339203,0.8579104,0.020454288
1356525568374,-0.5401831,-0.30879378,-0.7828465,-0.65647465,-0.42741442,0.621577,-0.5265389,0.84968436,0.028166711
1356525568405,-0.5223017,-0.30180615,-0.7975676,-0.6643897,-0.44230127,0.6024581,-0.5345907,0.8445606,0.03049779
1356525568445,-0.50963914,-0.2937159,-0.808702,-0.67493427,-0.44645327,0.58748883,-0.5336025,0.845228,0.029291213
1356525568485,-0.5059553,-0.28616023,-0.8137086,-0.68478847,-0.4403484,0.5806532,-0.52447516,0.8510028,0.02683729
1356525568525,-0.5145063,-0.28112105,-0.8100952,-0.6905304,-0.4242711,0.58580005,-0.5083808,0.86079323,0.024167597
1356525568569,-0.53693134,-0.28046525,-0.7956405,-0.6883865,-0.39953494,0.60538894,-0.4876768,0.8727606,0.021454394
1356525568605,-0.57277364,-0.2848382,-0.7686335,-0.67557514,-0.3670318,0.6394417,-0.46425045,0.8855251,0.017796576
1356525568645,-0.618471,-0.2934991,-0.7289388,-0.65224695,-0.32561445,0.68450654,-0.43825504,0.8987956,0.009949207
1356525568680,-0.66724986,-0.30734307,-0.6784674,-0.61947894,-0.27676094,0.7346083,-0.41355,0.91046345,-0.0057238936
1356525568727,-0.69860107,-0.32743043,-0.6361965,-0.59716237,-0.22298694,0.7705024,-0.39414942,0.91818637,-0.039750278
1356525568766,-0.70298123,-0.3598994,-0.6134247,-0.5985035,-0.16657412,0.78361136,-0.3842019,0.9180009,-0.0983026
1356525568804,-0.67042494,-0.4086334,-0.6193135,-0.63462895,-0.11663836,0.7639644,-0.3844171,0.905215,-0.18113333
1356525568845,-0.6135545,-0.46542537,-0.6379107,-0.6871098,-0.08343142,0.7217474,-0.38914132,0.8811461,-0.26860863
1356525568886,-0.56212616,-0.51407766,-0.6478722,-0.7267865,-0.06680721,0.68360674,-0.39470947,0.85513794,-0.3360706
1356525568935,-0.55418026,-0.53839684,-0.63483304,-0.7287332,-0.05477327,0.68260366,-0.40228364,0.8409094,-0.36199337
1356525568974,-0.5751509,-0.5412712,-0.6133734,-0.70694816,-0.048402548,0.7056073,-0.4116137,0.8394538,-0.35481197
1356525569014,-0.61125225,-0.52745223,-0.5900549,-0.66897726,-0.05403948,0.74131584,-0.4228949,0.8478643,-0.31982177
1356525569056,-0.6474169,-0.5040456,-0.571655,-0.6257125,-0.07670647,0.7762732,-0.43512672,0.860264,-0.26572657
1356525569094,-0.6764742,-0.47740597,-0.56077284,-0.5849766,-0.11427611,0.8029591,-0.4474204,0.8712201,-0.20196646
1356525569141,-0.69616485,-0.45207462,-0.5576586,-0.5518698,-0.15979391,0.81847763,-0.45912343,0.87755024,-0.1382435
1356525569175,-0.7067781,-0.43063286,-0.5612665,-0.5284151,-0.2061485,0.8235777,-0.47036391,0.87866837,-0.08185166
1356525569214,-0.70852745,-0.4145773,-0.5710644,-0.51585186,-0.24793178,0.82001626,-0.48154518,0.87558866,-0.038194
1356525569265,-0.7006628,-0.40555552,-0.5870233,-0.5138543,-0.28397018,0.8095151,-0.49500042,0.8688415,-0.009429097
1356525569314,-0.6841621,-0.40130192,-0.6089984,-0.52132356,-0.31486398,0.79314715,-0.51004314,0.86012644,0.0062098503
1356525569333,-0.66455454,-0.39720312,-0.6329275,-0.5336133,-0.34067982,0.7740764,-0.52309114,0.85215443,0.014447331
1356525569417,-0.6453801,-0.39218348,-0.6554973,-0.548461,-0.35937548,0.75500983,-0.531672,0.846783,0.016836345
1356525569418,-0.6281708,-0.3835643,-0.67696387,-0.5654556,-0.37260562,0.735816,-0.53447324,0.845011,0.017171264
1356525569440,-0.6176393,-0.3705295,-0.6937071,-0.58284634,-0.37655783,0.7200655,-0.52802634,0.8490654,0.016615152
1356525569480,-0.61223406,-0.35281962,-0.7075928,-0.60105056,-0.37377423,0.7064212,-0.51371926,0.8577942,0.016775012
1356525569520,-0.61046994,-0.3323632,-0.7189305,-0.61894804,-0.3661722,0.69485337,-0.49419606,0.86916775,0.01782155
1356525569565,-0.6108257,-0.31123865,-0.7280265,-0.63629955,-0.35423386,0.68530387,-0.47118464,0.8818441,0.01833409
1356525569604,-0.61093235,-0.29146108,-0.73607886,-0.65421224,-0.3377329,0.6767148,-0.44583404,0.89497876,0.015654564
1356525569650,-0.60655916,-0.2759539,-0.74561083,-0.6753329,-0.3160531,0.66636026,-0.4195373,0.90772235,0.005344093
1356525569681,-0.5877096,-0.27137518,-0.7622026,-0.70543015,-0.28944093,0.64698696,-0.39618886,0.9179212,-0.021329045
1356525569724,-0.5415716,-0.28451276,-0.79104525,-0.7488344,-0.26435518,0.6077527,-0.3820303,0.92150354,-0.06988561
1356525569763,-0.44968504,-0.32244742,-0.8329532,-0.80711055,-0.25273514,0.5335706,-0.382565,0.912224,-0.14659947
1356525569807,-0.3140959,-0.37290454,-0.8730899,-0.8639996,-0.26889795,0.42567432,-0.39350796,0.88805187,-0.23772967
1356525569847,-0.16436368,-0.41525304,-0.8947343,-0.8978046,-0.3127352,0.31007043,-0.4085726,0.8542609,-0.32141382
1356525569886,-0.04693508,-0.43352157,-0.8999201,-0.90582293,-0.36127484,0.22128108,-0.42104864,0.82555413,-0.3757373
1356525569925,0.012811065,-0.43044043,-0.90252805,-0.90167964,-0.39512306,0.17564607,-0.43221486,0.81154096,-0.39318126
1356525569965,0.018289924,-0.41244662,-0.9107982,-0.8960613,-0.41088462,0.16807136,-0.44355345,0.81305695,-0.3770925
1356525570005,-0.015801907,-0.38569295,-0.92249185,-0.8903079,-0.41448933,0.1885482,-0.45508474,0.8242812,-0.3368358
1356525570044,-0.07807499,-0.35367113,-0.93210566,-0.8810167,-0.4131096,0.23054287,-0.46659815,0.83920026,-0.27933666
1356525570089,-0.15388888,-0.32026473,-0.93474525,-0.86514235,-0.4133346,0.28404778,-0.47733313,0.8523995,-0.21346691
1356525570125,-0.2294743,-0.28932542,-0.92931825,-0.84305936,-0.41806954,0.3383325,-0.48640782,0.861109,-0.1479823
1356525570166,-0.2939933,-0.26388276,-0.91865873,-0.8184469,-0.42692143,0.3845553,-0.4936726,0.86493003,-0.090462
1356525570205,-0.3410176,-0.24544784,-0.9074483,-0.79570866,-0.438635,0.4176686,-0.50055444,0.8644968,-0.045722723
1356525570246,-0.36912692,-0.2335527,-0.8995545,-0.77765536,-0.4523986,0.43656325,-0.5089178,0.8606907,-0.014630944
1356525570286,-0.38053447,-0.22638685,-0.8966284,-0.76533973,-0.4671378,0.44276094,-0.51908433,0.8547112,0.0044992566
1356525570325,-0.38139284,-0.22045323,-0.8977415,-0.759482,-0.47891402,0.44025943,-0.5269976,0.8497304,0.015224099
1356525570366,-0.37784064,-0.21403825,-0.9007908,-0.7601529,-0.4837299,0.4337892,-0.52858686,0.84864193,0.02007097
1356525570404,-0.37414533,-0.2059491,-0.90421253,-0.76637113,-0.4803695,0.42652124,-0.5221978,0.8525433,0.021894574
1356525570446,-0.37384307,-0.19693136,-0.90634394,-0.77573115,-0.46927,0.4219322,-0.50841177,0.86081564,0.022667557
1356525570484,-0.3788845,-0.18884805,-0.9059707,-0.7851447,-0.4526257,0.4227031,-0.48989224,0.8714737,0.023219794
1356525570525,-0.39065284,-0.18348378,-0.9020665,-0.7925534,-0.43141305,0.4309777,-0.46824068,0.88329864,0.023112088
1356525570565,-0.40949172,-0.18248376,-0.893877,-0.796777,-0.40569973,0.44783252,-0.4443679,0.89560443,0.020731866
1356525570605,-0.43334162,-0.18778491,-0.8814487,-0.79754126,-0.3755638,0.47210133,-0.41969377,0.90757287,0.012981236
1356525570648,-0.4530254,-0.20279509,-0.8681256,-0.79818124,-0.34146768,0.49629268,-0.39708263,0.91775477,-0.0071736574
1356525570682,-0.45601952,-0.23191223,-0.8592223,-0.8039104,-0.3068455,0.50948405,-0.38180408,0.92307234,-0.046509087
1356525570723,-0.4184686,-0.27924824,-0.86423635,-0.82554626,-0.27973813,0.49012235,-0.37862566,0.9185679,-0.11347073
1356525570766,-0.3389395,-0.3380645,-0.8779706,-0.8588261,-0.26982415,0.43544525,-0.38410628,0.90161365,-0.19888455
1356525570806,-0.23278475,-0.39341518,-0.8894019,-0.8898612,-0.2828098,0.3580022,-0.3923751,0.8747817,-0.28425103
1356525570852,-0.14488882,-0.43104622,-0.89062136,-0.9044522,-0.30729514,0.29586464,-0.4012149,0.84839195,-0.34533715
1356525570896,-0.114649415,-0.4488601,-0.88621676,-0.90495855,-0.3207847,0.2795483,-0.40976283,0.83403945,-0.36942208
1356525570935,-0.13513708,-0.45332935,-0.8810394,-0.89782035,-0.3200997,0.30241492,-0.419114,0.8318826,-0.36375093
1356525570977,-0.20674092,-0.44572544,-0.87096906,-0.87850356,-0.3072939,0.36578947,-0.43068516,0.84077305,-0.32804114
1356525571018,-0.2894414,-0.43014258,-0.85510296,-0.8485963,-0.2979877,0.43713582,-0.44284087,0.85216236,-0.2787674
1356525571056,-0.3715937,-0.40935475,-0.8332748,-0.8087215,-0.29806954,0.50707406,-0.45594698,0.86231273,-0.22029322
1356525571117,-0.43911302,-0.38717926,-0.8107231,-0.7661873,-0.30986565,0.56297445,-0.46918732,0.8683752,-0.16058582
1356525571153,-0.48871398,-0.36619163,-0.7918726,-0.72641385,-0.33190334,0.60179985,-0.48319924,0.8693353,-0.10380089
1356525571179,-0.5130706,-0.34858456,-0.78437704,-0.7008556,-0.357435,0.61728567,-0.49554008,0.8664462,-0.060917974
1356525571219,-0.5182764,-0.3352187,-0.78677696,-0.6884426,-0.38227117,0.6163729,-0.50738186,0.8611023,-0.03265673
1356525571265,-0.5070952,-0.32499534,-0.79826844,-0.6872676,-0.40644002,0.6020546,-0.5201131,0.8539231,-0.017254949
1356525571302,-0.48804706,-0.31343496,-0.8145972,-0.6930678,-0.42812878,0.5799679,-0.5305347,0.8476227,-0.008284688
1356525571346,-0.47051454,-0.30091113,-0.829499,-0.7012686,-0.44305468,0.5585023,-0.535573,0.84448504,-0.0025558472
1356525571385,-0.45792568,-0.28645694,-0.84157383,-0.711081,-0.45012915,0.54013664,-0.53354275,0.8457696,0.002431631
1356525571431,-0.4551481,-0.272002,-0.84785324,-0.72016525,-0.4475243,0.5301736,-0.5236432,0.85190195,0.00780344
1356525571465,-0.46337843,-0.25967515,-0.8472599,-0.7265076,-0.43613827,0.5310086,-0.5074122,0.8615986,0.013441086
1356525571505,-0.48221582,-0.25162637,-0.8391377,-0.7279682,-0.4177903,0.5436115,-0.4873706,0.8730036,0.018289149
1356525571552,-0.5105084,-0.24853766,-0.8231708,-0.723568,-0.39305627,0.5674118,-0.46457562,0.8852886,0.02082467
1356525571585,-0.5449312,-0.25118533,-0.79997236,-0.71324027,-0.3627494,0.59975094,-0.44083816,0.89739555,0.01851803
1356525571654,-0.5752102,-0.26063293,-0.7753732,-0.7026833,-0.32782513,0.63147986,-0.41877124,0.9080756,0.0054258704
1356525571665,-0.5856032,-0.2815876,-0.7601167,-0.70288396,-0.29068643,0.649196,-0.40376115,0.91444504,-0.02769649
1356525571701,-0.55741864,-0.31963265,-0.76623726,-0.7271235,-0.25750625,0.6363819,-0.4007193,0.9118802,-0.088873565
1356525571746,-0.48508167,-0.37212226,-0.7913412,-0.77359676,-0.23932642,0.5867461,-0.4077301,0.89679873,-0.17177969
1356525571786,-0.38284045,-0.4260341,-0.8197122,-0.82339203,-0.24496543,0.51187646,-0.41887802,0.8709115,-0.2570104
1356525571834,-0.29354048,-0.46424502,-0.8356497,-0.8537982,-0.265849,0.44760793,-0.42995644,0.8448673,-0.3183341
1356525571877,-0.24707592,-0.48065454,-0.8413826,-0.8639452,-0.28393805,0.4159061,-0.43880773,0.8296689,-0.34510493
1356525571914,-0.24902874,-0.47902164,-0.84173805,-0.85925984,-0.29170263,0.42021662,-0.4468301,0.82791775,-0.33896166
1356525571962,-0.28279382,-0.4630441,-0.8400106,-0.8445924,-0.2948832,0.44688657,-0.45463318,0.8358433,-0.3076924
1356525571996,-0.33455306,-0.43552428,-0.83569896,-0.82100505,-0.30064237,0.4853503,-0.46262836,0.8484885,-0.2569868
1356525572035,-0.38353312,-0.40228853,-0.8313039,-0.7948667,-0.31450182,0.51891756,-0.4702012,0.85979795,-0.19914395
1356525572076,-0.4266203,-0.36705315,-0.82659966,-0.7680502,-0.33558446,0.545419,-0.4775918,0.8675569,-0.13874805
1356525572124,-0.45661193,-0.33283252,-0.8250625,-0.74572486,-0.36256522,0.55896413,-0.48518038,0.8704994,-0.082649946
1356525572170,-0.46573287,-0.30247188,-0.8316271,-0.7350905,-0.39098048,0.5538738,-0.4926812,0.86927843,-0.040251672
1356525572204,-0.45820493,-0.27829322,-0.84415704,-0.73348737,-0.41803777,0.5359484,-0.5020403,0.86475277,-0.012577593
1356525572249,-0.43695647,-0.25846893,-0.86154675,-0.7388344,-0.44316334,0.5076711,-0.51302314,0.85837054,0.0026773512
1356525572284,-0.40814483,-0.24068779,-0.88061756,-0.748772,-0.46358216,0.47374254,-0.52226263,0.85273737,0.00898838
1356525572328,-0.37867284,-0.22242838,-0.8984056,-0.76215994,-0.4757709,0.43903804,-0.5250897,0.8509805,0.010635406
1356525572382,-0.3538791,-0.20317295,-0.91295695,-0.7784401,-0.4771117,0.40791607,-0.5184599,0.8550353,0.010681748
1356525572419,-0.33407044,-0.18377125,-0.9244593,-0.795691,-0.47076827,0.38112068,-0.50524515,0.86290514,0.011044711
1356525572440,-0.32141012,-0.16576988,-0.93231744,-0.812617,-0.45718616,0.36143374,-0.48615748,0.8737855,0.012236863
