1356525343691,-0.9028676,0.05853395,-0.42591524,-0.42443007,0.03643912,0.90472716,0.06847724,0.99762017,-0.008056164
1356525343715,0.9899443,-0.066946045,0.124613605,0.12377867,-0.016494453,-0.9921727,0.068477474,0.9976202,-0.008042097
1356525343739,0.9899415,-0.06696264,0.12462695,0.123797975,-0.01640603,-0.99217176,0.06848307,0.9976206,-0.00795117
1356525343772,0.9899357,-0.06700793,0.124648765,0.123831734,-0.016227603,-0.9921706,0.06850605,0.99762046,-0.0077665746
1356525343816,0.98991257,-0.06714864,0.124756426,0.123962864,-0.015874088,-0.99215996,0.06860258,0.99761677,-0.0073900223
1356525343862,0.9898681,-0.06740642,0.124970034,0.124203525,-0.015461385,-0.99213636,0.06880857,0.9976058,-0.0069326162
1356525343911,0.9898203,-0.06769942,0.12518986,0.12444465,-0.015131712,-0.9921112,0.06905969,0.997591,-0.0065528452
1356525343947,0.9898505,-0.06765883,0.12497291,0.12424296,-0.014907657,-0.9921398,0.06899007,0.9975971,-0.0063502192
1356525343987,0.9900497,-0.06677144,0.12386714,0.12317573,-0.0143901715,-0.99228054,0.06803848,0.9976645,-0.006022364
1356525344027,0.99047685,-0.06473976,0.12150877,0.12093482,-0.012726277,-0.9925789,0.065805666,0.99782103,-0.0047757924
1356525344068,0.9911732,-0.061367765,0.117514305,0.11718154,-0.009006203,-0.99306965,0.06200082,0.99807453,-0.0017355382
1356525344109,0.99217105,-0.056551047,0.11134895,0.11137929,-0.002624929,-0.99377453,0.056491263,0.9983963,0.0036942363
1356525344149,0.9934442,-0.050551582,0.10253365,0.10295881,0.0058724587,-0.9946683,0.049679935,0.99870425,0.011038691
1356525344189,0.994968,-0.04297792,0.09050736,0.09127686,0.016289264,-0.99569225,0.041318495,0.9989432,0.020130187
1356525344226,0.9966586,-0.03328649,0.07458994,0.075537555,0.028180718,-0.99674463,0.031076137,0.9990485,0.030600935
1356525344267,0.9982476,-0.021631192,0.055080242,0.055913147,0.039999604,-0.99763405,0.01937683,0.9989655,0.041138977
1356525344307,0.9994072,-0.008539432,0.033352394,0.03373815,0.049929112,-0.9981827,0.006858661,0.9987162,0.050187618
1356525344349,0.99992687,0.0052104127,0.01091403,0.0106035415,0.056298703,-0.99835765,-0.0058163013,0.99840033,0.056239337
1356525344390,0.9997876,0.01781063,-0.010370083,-0.011381784,0.057674438,-0.99827063,-0.01718174,0.9981766,0.057864904
1356525344433,0.9992045,0.027637925,-0.028750626,-0.030131415,0.050914735,-0.99824834,-0.026125683,0.99832046,0.051707
1356525344478,0.99841166,0.03428487,-0.04470831,-0.04604299,0.039181262,-0.9981708,-0.032470427,0.9986438,0.040697604
1356525344518,0.99754727,0.039147865,-0.05802594,-0.058946494,0.022784323,-0.9980011,-0.037747532,0.9989736,0.025036067
1356525344559,0.9965175,0.044039868,-0.0708058,-0.071105175,0.005266875,-0.9974549,-0.043554857,0.9990158,0.008379996
1356525344598,0.995331,0.048841327,-0.083250746,-0.08285621,-0.01005131,-0.9965108,-0.049507692,0.998756,-0.0059575737
1356525344637,0.9941336,0.05232225,-0.09466205,-0.09365149,-0.021445125,-0.99537414,-0.05411025,0.99840003,-0.016419262
1356525344688,0.993084,0.05341944,-0.104548775,-0.10317007,-0.027953327,-0.99427086,-0.056035884,0.9981808,-0.022248715
1356525344722,0.9921741,0.052492663,-0.11329208,-0.11182572,-0.03008622,-0.99327224,-0.055548042,0.99816793,-0.023980737
1356525344751,0.9915903,0.049850393,-0.1194302,-0.11812997,-0.028271854,-0.99259555,-0.052857798,0.99835646,-0.022145271
1356525344796,0.99164224,0.04553223,-0.12071657,-0.11970703,-0.024292678,-0.992512,-0.048123807,0.9986675,-0.018639117
1356525344837,0.99284416,0.038515598,-0.11303571,-0.11232638,-0.020114958,-0.99346775,-0.040537726,0.99905556,-0.0156447
1356525344877,0.9955053,0.028132416,-0.09043096,-0.0899334,-0.018478185,-0.99577636,-0.029684594,0.99943346,-0.015865088
1356525344918,0.9987906,0.015368707,-0.04670285,-0.04632998,-0.023783892,-0.99864304,-0.016458627,0.999599,-0.023043096
1356525344959,0.9997347,0.0051193684,0.02245712,0.022654248,-0.04240507,-0.9988436,-0.004161153,0.9990874,-0.042509794
1356525344996,0.993709,0.0066978782,0.11179225,0.11196443,-0.08184785,-0.9903357,0.0025168099,0.9966223,-0.08208287
1356525345038,0.97821563,0.03117638,0.20523696,0.20759079,-0.14456546,-0.9674745,-4.9218535E-4,0.98900396,-0.14788812
1356525345078,0.95367855,0.078796566,0.29032433,0.3006267,-0.21438697,-0.92933404,-0.010986567,0.9735652,-0.22814462
1356525345119,0.924134,0.13855994,0.3560582,0.38126725,-0.27411973,-0.8828894,-0.024730533,0.95166147,-0.30615175
1356525345158,0.8849487,0.19648126,0.42220965,0.46434072,-0.30336297,-0.83208096,-0.035405546,0.9323981,-0.3596949
1356525345197,0.8356868,0.24096428,0.49352184,0.54760885,-0.29710317,-0.78221107,-0.041858047,0.9239404,-0.38023937
1356525345236,0.77108186,0.2686888,0.57726866,0.63509905,-0.25957566,-0.72750926,-0.045628726,0.9275919,-0.3707981
1356525345279,0.6889001,0.27707642,0.6698098,0.7232227,-0.20073539,-0.6607982,-0.048637062,0.93964565,-0.3386746
1356525345318,0.5914962,0.26511326,0.761477,0.8046092,-0.1328038,-0.57876366,-0.052310914,0.9550279,-0.2918655
1356525345356,0.48849535,0.23523387,0.84026027,0.87068594,-0.06822075,-0.48708498,-0.057255685,0.96954155,-0.23814034
1356525345417,0.3954878,0.19423383,0.8976985,0.9162974,-0.016232625,-0.40016943,-0.06315446,0.98082095,-0.18439579
1356525345433,0.33162212,0.15217745,0.93105793,0.94084966,0.019345522,-0.33827168,-0.06948912,0.9881639,-0.13676071
1356525345471,0.31584957,0.11934334,0.94127375,0.94571036,0.04051712,-0.3224754,-0.07662302,0.992026,-0.10006693
1356525345509,0.3577866,0.102350235,0.9281773,0.9297775,0.053151667,-0.3642645,-0.086616695,0.9933274,-0.07614598
1356525345550,0.46134204,0.1033586,0.88118136,0.88146555,0.059562206,-0.46847728,-0.10090628,0.99285924,-0.063628495
1356525345596,0.6058228,0.11869165,0.78669626,0.78684974,0.05685991,-0.6145196,-0.11766982,0.9913018,-0.058945477
1356525345632,0.7422707,0.13650694,0.65604883,0.6571307,0.04340381,-0.75252604,-0.13120008,0.9896878,-0.05748552
1356525345675,0.83102286,0.14559624,0.5368452,0.5391077,0.026855737,-0.84180856,-0.13698152,0.98897946,-0.056174323
1356525345747,0.8731236,0.14286433,0.4660955,0.46886134,0.015746891,-0.88313144,-0.13350756,0.98961705,-0.053234585
1356525345753,0.8807342,0.13074392,0.45520687,0.4576208,0.0127144735,-0.88905656,-0.12202646,0.9913347,-0.04863307
1356525345793,0.85726583,0.11282101,0.5023612,0.5040351,0.015255034,-0.86354846,-0.10508998,0.99349827,-0.043788143
1356525345837,0.7945158,0.091604054,0.60029435,0.6013855,0.01828251,-0.7987498,-0.08414361,0.99562764,-0.040563613
1356525345876,0.682041,0.071428984,0.7278173,0.7288151,0.015813395,-0.684528,-0.06040439,0.9973203,-0.041273102
1356525345921,0.53540015,0.06211424,0.8423114,0.84388775,0.0015648305,-0.5365176,-0.0346435,0.99806786,-0.051579654
1356525345958,0.3823915,0.07437572,0.92100215,0.9239236,-0.01792258,-0.3821571,-0.011916488,0.99706924,-0.07557094
1356525346000,0.29179454,0.12157303,0.9487233,0.9564795,-0.03886181,-0.28920016,0.0017101467,0.9918214,-0.12762183
1356525346037,0.2288113,0.19273725,0.95420015,0.9734551,-0.050886363,-0.22315007,0.005546421,0.9799301,-0.1992644
1356525346077,0.18952781,0.27315763,0.94311404,0.9818752,-0.053330183,-0.18187103,6.169975E-4,0.96048987,-0.2783143
1356525346120,0.13675842,0.33624285,0.93179286,0.9905816,-0.04002151,-0.13094479,-0.0067375004,0.9409246,-0.3385492
1356525346156,0.062893,0.3650713,0.9288527,0.99794555,-0.011615604,-0.063005954,-0.012212485,0.93090713,-0.3650518
1356525346197,-0.02189523,0.35688093,0.9338932,0.9996431,0.022116125,0.014985234,-0.015306145,0.9338881,-0.35723782
1356525346240,-0.10048786,0.3198169,0.9421356,0.9947764,0.04937485,0.08934179,-0.017944783,0.946192,-0.3231079
1356525346276,-0.1614551,0.26394707,0.9509281,0.98661155,0.065648735,0.14929166,-0.023022145,0.96230054,-0.27101254
1356525346318,-0.19530213,0.20166081,0.9597864,0.9802099,0.07240456,0.18424505,-0.032337934,0.9767756,-0.21181065
1356525346359,-0.20244926,0.13948247,0.9693085,0.97815704,0.076456904,0.19329527,-0.047149032,0.98726845,-0.15191442
1356525346397,-0.17324346,0.08849442,0.9808953,0.982759,0.08084607,0.16627884,-0.06458676,0.99279034,-0.10097474
1356525346438,-0.115163654,0.052116424,0.9919784,0.9896319,0.09230158,0.110041946,-0.08582613,0.9943663,-0.06220585
1356525346476,-0.0148227215,0.035224915,0.9992695,0.9939736,0.10907626,0.010899186,-0.10861269,0.99340904,-0.03662944
1356525346517,0.117918074,0.039536923,0.9922359,0.9840479,0.12938738,-0.12210056,-0.13321021,0.9908055,-0.023649037
1356525346556,0.2805289,0.063331604,0.957754,0.94725275,0.1428352,-0.28689808,-0.15497074,0.9877183,-0.01992163
1356525346597,0.44737998,0.09512055,0.8892712,0.87858313,0.13910535,-0.4568823,-0.16716129,0.98569864,-0.021338373
1356525346637,0.58636755,0.11835384,0.80135226,0.7928654,0.11880386,-0.597704,-0.16594425,0.9858387,-0.024175912
1356525346677,0.682933,0.12391749,0.7198938,0.7144412,0.09207958,-0.69361025,-0.15223798,0.98801106,-0.02564758
1356525346744,0.741418,0.113874674,0.6613107,0.65826416,0.06799111,-0.74971026,-0.13033623,0.9911658,-0.024549767
1356525346752,0.76939857,0.09305224,0.631955,0.63043725,0.048650473,-0.7747142,-0.10283381,0.99447197,-0.021231994
1356525346792,0.77201575,0.067816645,0.63197505,0.6313863,0.03252133,-0.77478623,-0.07309607,0.9971676,-0.017711505
1356525346835,0.75244975,0.042450428,0.65728027,0.657326,0.0148358345,-0.7534603,-0.041736007,0.9989884,-0.01674056
1356525346877,0.71276736,0.02465269,0.7009672,0.70131695,-0.009614319,-0.71278477,-0.010832727,0.99964976,-0.024142116
1356525346927,0.6642853,0.032197148,0.7467853,0.74738204,-0.044709474,-0.6628885,0.012045234,0.99848104,-0.053763434
1356525346967,0.6098784,0.07130343,0.7892808,0.79224384,-0.07992712,-0.60494745,0.019950092,0.9942472,-0.10523553
1356525347007,0.5733978,0.13884348,0.80742645,0.8192172,-0.10908426,-0.5630132,0.009906769,0.9842882,-0.17629166
1356525347047,0.54609954,0.2152107,0.80960464,0.83764374,-0.12721445,-0.5311963,-0.011325747,0.9682463,-0.24974167
1356525347086,0.51670295,0.27771613,0.80987144,0.85548604,-0.12981534,-0.50128984,-0.034082502,0.9518517,-0.3046582
1356525347127,0.48051816,0.31382594,0.8189112,0.8754227,-0.11593735,-0.46924794,-0.052319795,0.94237566,-0.33044034
1356525347169,0.43819702,0.31985852,0.8400439,0.89647365,-0.08719085,-0.43443367,-0.06571314,0.94344485,-0.32495153
1356525347206,0.40103084,0.3056501,0.8635695,0.9129267,-0.055388793,-0.40434748,-0.07575676,0.9505314,-0.3012487
1356525347250,0.36640733,0.2718327,0.889861,0.9266026,-0.019670129,-0.3755272,-0.084576935,0.9621435,-0.25908822
1356525347287,0.3512316,0.23131046,0.90726614,0.9316666,0.009820551,-0.3631816,-0.09291753,0.9728304,-0.21205491
1356525347328,0.35070178,0.18887606,0.91724277,0.9309449,0.036089033,-0.36337215,-0.10173479,0.9813376,-0.16317677
1356525347368,0.37223923,0.15065232,0.9158285,0.9214307,0.058418915,-0.38412613,-0.11137122,0.98685926,-0.11706987
1356525347405,0.42032042,0.12324113,0.8989674,0.89912874,0.07670191,-0.430911,-0.12205842,0.9894081,-0.07857025
1356525347448,0.4915679,0.11094475,0.8637432,0.86027145,0.092184976,-0.5014329,-0.13525546,0.9895419,-0.050127417
1356525347485,0.58217895,0.115641534,0.8047948,0.798781,0.10334803,-0.5926788,-0.15171224,0.9878999,-0.032205224
1356525347526,0.6791562,0.13430592,0.72160155,0.7140677,0.10662043,-0.6919099,-0.16986507,0.9851873,-0.023491606
1356525347566,0.7657951,0.15689698,0.6236514,0.61602664,0.09937194,-0.7814323,-0.1845778,0.98260295,-0.02055417
1356525347607,0.8293486,0.17246518,0.53144765,0.52505934,0.08463916,-0.84684646,-0.1910328,0.9813725,-0.020359084
1356525347646,0.8712728,0.17656665,0.4579386,0.45317185,0.0688723,-0.8887585,-0.18846439,0.9818761,-0.020008475
1356525347687,0.89471006,0.16772321,0.41395992,0.4104201,0.056913584,-0.9101187,-0.17620796,0.98418987,-0.017915815
1356525347744,0.9041858,0.15114945,0.39950213,0.39656842,0.050413936,-0.9166199,-0.15868708,0.9872246,-0.01435753
1356525347767,0.90076435,0.12814209,0.41497374,0.4123421,0.047694296,-0.9097798,-0.13637297,0.99060833,-0.009877056
1356525347806,0.88054013,0.101159394,0.4630506,0.46084666,0.045586884,-0.8863082,-0.11076744,0.9938252,-0.0064778924
1356525347848,0.8393193,0.074535295,0.53850496,0.5372399,0.03781372,-0.8425814,-0.083164915,0.9965012,-0.008305542
1356525347889,0.77610564,0.058593214,0.62787485,0.6280557,0.017580919,-0.7779697,-0.056622356,0.9981271,-0.023155153
1356525347926,0.700244,0.06823063,0.71063554,0.71299434,-0.016617343,-0.7009729,-0.036018938,0.9975312,-0.060284242
1356525347966,0.62522817,0.11057755,0.7725687,0.78004634,-0.05702226,-0.6231181,-0.024849266,0.99223036,-0.12190755
1356525348005,0.55674905,0.17718571,0.81156373,0.8303737,-0.092151105,-0.5495341,-0.022583157,0.97985375,-0.19843543
1356525348048,0.48359364,0.24276012,0.84095466,0.8749736,-0.10813613,-0.4719405,-0.023630798,0.9640405,-0.26470268
1356525348091,0.40462404,0.2864314,0.86846787,0.91413236,-0.10038565,-0.39279097,-0.025325954,0.9528273,-0.30245465
1356525348127,0.3218454,0.3041331,0.896615,0.9463985,-0.07603276,-0.3139251,-0.027302831,0.9495905,-0.31230184
1356525348169,0.23943657,0.2894427,0.92676485,0.970405,-0.040497124,-0.23806345,-0.031374454,0.9563383,-0.29057312
1356525348207,0.17315021,0.257036,0.9507637,0.9841583,-0.0078108013,-0.17712036,-0.038100094,0.96637034,-0.25431657
1356525348245,0.12414825,0.21203518,0.96934426,0.9910196,0.02240771,-0.13182575,-0.049672484,0.97700506,-0.20734912
1356525348287,0.1002115,0.16325375,0.9814815,0.9927536,0.04934293,-0.10956988,-0.0663169,0.9853494,-0.15712601
1356525348329,0.10439047,0.11898252,0.98739344,0.99072206,0.07442835,-0.11371118,-0.08701974,0.9901028,-0.11010903
1356525348367,0.13996172,0.08716506,0.98631287,0.98410445,0.09772456,-0.1482847,-0.10931221,0.99138904,-0.07210183
1356525348408,0.20213425,0.07170266,0.9767295,0.9702522,0.12101978,-0.20967796,-0.13323808,0.9900571,-0.045107424
1356525348445,0.28793675,0.07425824,0.954766,0.9443234,0.14372677,-0.29596603,-0.15920335,0.9868274,-0.028739542
1356525348486,0.38994262,0.091606826,0.91627127,0.90241766,0.16001919,-0.4000453,-0.18326789,0.9828541,-0.020269334
1356525348529,0.49083292,0.11560711,0.8635497,0.84805584,0.1638007,-0.50395507,-0.19971085,0.9796961,-0.017642498
1356525348566,0.579774,0.13544291,0.8034409,0.78870755,0.15415013,-0.59512866,-0.20445648,0.97872007,-0.017452598
1356525348608,0.64359903,0.14153674,0.752162,0.7402251,0.13469055,-0.6587301,-0.19454363,0.98072714,-0.01808232
1356525348646,0.68418884,0.13512257,0.71667814,0.70791113,0.113225676,-0.6971669,-0.17534932,0.9843383,-0.018187016
1356525348686,0.70328826,0.11803147,0.7010379,0.69516563,0.09217175,-0.71291584,-0.1487624,0.98872286,-0.017228112
1356525348746,0.7016473,0.09470895,0.70620203,0.7026068,0.07282537,-0.7078419,-0.118468374,0.99283767,-0.015445426
1356525348768,0.6796051,0.06884518,0.7303404,0.72853947,0.053145915,-0.68293905,-0.08583164,0.9962107,-0.014038175
1356525348808,0.63705695,0.04657927,0.76940805,0.76898146,0.030435115,-0.63854617,-0.05316001,0.9984508,-0.016429678
1356525348846,0.5819879,0.03831941,0.8122941,0.8128634,0.0012161881,-0.58245313,-0.023307204,0.99926484,-0.030440658
1356525348885,0.5233545,0.059033275,0.85006773,0.8521124,-0.033780232,-0.52226734,-0.0021155775,0.99768424,-0.06798199
1356525348925,0.46418446,0.11126152,0.8787227,0.8857093,-0.06637357,-0.459471,0.0072025657,0.99157214,-0.12935492
1356525348967,0.4979971,0.17766532,0.8487838,0.86716795,-0.10688515,-0.48641056,0.0043040514,0.97826916,-0.2072942
1356525349006,0.3639993,0.2568258,0.8952905,0.93139267,-0.09676093,-0.35092026,-0.0034962595,0.9616017,-0.2744266
1356525349047,0.25535715,0.30726722,0.9167222,0.96675897,-0.06836237,-0.24638137,-0.013035625,0.9491646,-0.31451014
1356525349089,0.16821206,0.32067716,0.9321324,0.98547184,-0.03221172,-0.166756,-0.023449242,0.9466406,-0.3214367
1356525349127,0.10430211,0.3090812,0.9452988,0.9939718,-1.13368034E-4,-0.10963547,-0.033779025,0.9510356,-0.30722982
1356525349165,0.058279365,0.27736348,0.9589958,0.9972748,0.027354628,-0.06851721,-0.045237094,0.96037555,-0.2750134
1356525349207,0.032230914,0.23355928,0.9718082,0.9977716,0.04931408,-0.04494387,-0.058420897,0.9710912,-0.23144937
1356525349246,0.026795655,0.18559057,0.9822617,0.9969719,0.0667949,-0.039817274,-0.072999775,0.98035425,-0.18323874
1356525349286,0.0423252,0.1406556,0.98915344,0.9952278,0.08118743,-0.05412981,-0.08792049,0.98672414,-0.13654816
1356525349327,0.07888579,0.10493237,0.9913456,0.99157125,0.09426731,-0.08888176,-0.10277802,0.99000144,-0.09661156
1356525349366,0.13527983,0.08258653,0.9873595,0.9836165,0.10864848,-0.14385468,-0.119155556,0.9906437,-0.06653547
1356525349413,0.20936924,0.075894535,0.9748869,0.96775097,0.12674117,-0.2177034,-0.14008078,0.98902816,-0.0469113
1356525349447,0.2990418,0.08226189,0.95068765,0.9405061,0.14301205,-0.30821386,-0.16131404,0.9862964,-0.03460124
1356525349486,0.3869021,0.09504813,0.9172092,0.90474725,0.15304373,-0.39750484,-0.17815524,0.9836379,-0.026781589
1356525349529,0.46473417,0.105754405,0.8791121,0.8660656,0.1523197,-0.4761608,-0.18426219,0.98265696,-0.02080205
1356525349566,0.5288737,0.1099889,0.8415432,0.8293023,0.14381354,-0.53997713,-0.1804168,0.9834735,-0.015154868
1356525349607,0.5725086,0.103782356,0.8133038,0.8028489,0.13028088,-0.58177364,-0.16633576,0.98603046,-0.008734614
1356525349646,0.59562004,0.08941668,0.79827404,0.78988117,0.1154671,-0.60229146,-0.14602932,0.98927855,-0.0018540323
1356525349685,0.59898955,0.07013595,0.7976794,0.7913347,0.10051912,-0.60306334,-0.122478485,0.99246,0.004708886
1356525349746,0.58316976,0.049400806,0.8108468,0.8065032,0.08433515,-0.58518386,-0.09729141,0.9952121,0.009339809
1356525349768,0.550123,0.0328573,0.834437,0.83202726,0.06384651,-0.55104834,-0.07138187,0.9974187,0.0077852607
1356525349809,0.5032959,0.030790359,0.8635654,0.8627603,0.0380148,-0.5041821,-0.04835224,0.99880266,-0.0074320138
1356525349847,0.45098203,0.054001838,0.89089787,0.89191806,0.00977923,-0.4520913,-0.033126086,0.99849296,-0.043754965
1356525349889,0.4017706,0.1142475,0.9085857,0.9152096,-0.016317904,-0.40264782,-0.031175315,0.9933183,-0.11111644
1356525349926,0.3434648,0.1903868,0.91966563,0.9384495,-0.031340018,-0.343992,-0.036669195,0.9812088,-0.18943256
1356525349968,0.2817855,0.26175225,0.9230833,0.9584471,-0.032216728,-0.28344542,-0.04445377,0.9645973,-0.2599539
1356525350018,0.21268728,0.30215785,0.92922795,0.9758223,-0.01668331,-0.21792713,-0.05034575,0.9531119,-0.29840076
1356525350056,0.14496002,0.31059194,0.939425,0.98789084,0.0076346695,-0.15496284,-0.05530244,0.9505127,-0.3057242
1356525350098,0.08940074,0.2905478,0.952675,0.99411255,0.032761544,-0.10328102,-0.061219215,0.95629954,-0.28590834
1356525350135,0.051188022,0.25100252,0.96663207,0.99630237,0.05404064,-0.0667918,-0.06900233,0.9664768,-0.2473082
1356525350179,0.03236541,0.1989482,0.9794754,0.9963121,0.071493894,-0.04744333,-0.07946524,0.9773987,-0.1959005
1356525350216,0.036919296,0.14799425,0.9882989,0.9951707,0.0845654,-0.049839407,-0.0909518,0.9853662,-0.14415747
1356525350260,0.057878762,0.1010105,0.9932003,0.9929047,0.09769192,-0.067797005,-0.103875846,0.9900773,-0.09463954
1356525350317,0.10175678,0.066937,0.9925548,0.98794913,0.11017159,-0.10871449,-0.11662838,0.99165606,-0.05491966
1356525350332,0.15682653,0.04766479,0.9864753,0.9788418,0.12542167,-0.1616731,-0.13143152,0.99095786,-0.026986837
1356525350379,0.22494143,0.0461047,0.9732809,0.9623796,0.14572448,-0.22932497,-0.15240383,0.9882504,-0.011590749
1356525350409,0.31005913,0.0557113,0.94908357,0.9352828,0.16127586,-0.31501743,-0.17061427,0.9853356,-0.002100736
1356525350438,0.38617337,0.06971297,0.9197881,0.9037329,0.1711332,-0.39240313,-0.18476188,0.98277843,0.003085196
1356525350482,0.45235842,0.08478394,0.8877971,0.87097895,0.1720321,-0.46021813,-0.19174877,0.9814361,0.0039750934
1356525350524,0.5107378,0.096303344,0.85432583,0.83835787,0.16443615,-0.51972765,-0.19053358,0.9816753,0.0032470822
1356525350574,0.5565552,0.09779504,0.82503486,0.8116654,0.1479541,-0.5650741,-0.17732874,0.9841472,0.0029677749
1356525350617,0.5887647,0.09141663,0.80311835,0.79249287,0.13027745,-0.59580433,-0.1590946,0.98725414,0.004255742
1356525350666,0.60453266,0.07653421,0.7928952,0.78517,0.11062002,-0.60932034,-0.13434395,0.99091154,0.0067810416
1356525350709,0.6004521,0.059056044,0.797477,0.7923979,0.0901614,-0.6033046,-0.107530445,0.9941747,0.0073417276
1356525350750,0.5831436,0.050009012,0.8108283,0.8086004,0.060297444,-0.58526015,-0.078159094,0.9969269,-0.005275205
1356525350782,0.5423027,0.052991748,0.8385104,0.83845484,0.0298478,-0.5441531,-0.053863317,0.9981488,-0.028244644
1356525350824,0.50781333,0.092692435,0.8564658,0.8603332,-0.0035746545,-0.5097195,-0.04418552,0.9956883,-0.081561625
1356525350868,0.4691335,0.16520628,0.86753714,0.8817959,-0.03370805,-0.47042504,-0.048474193,0.98568285,-0.16149181
1356525350908,0.4227916,0.24596494,0.87220895,0.90434414,-0.052504882,-0.42356223,-0.058386236,0.96785563,-0.24463558
1356525350948,0.36991167,0.3073403,0.8767595,0.92671573,-0.0549625,-0.37172198,-0.06605628,0.95001113,-0.30514836
1356525350989,0.31522852,0.33287284,0.88872194,0.9464985,-0.04211235,-0.3199486,-0.06907606,0.94203097,-0.32833868
1356525351027,0.26485312,0.329191,0.9063587,0.96178746,-0.022524774,-0.27286932,-0.06941062,0.94399464,-0.32257754
1356525351070,0.21884815,0.29381764,0.93047124,0.97333145,0.0014870018,-0.22939852,-0.06878495,0.9558604,-0.2856565
1356525351117,0.18500063,0.23649141,0.95385873,0.9802059,0.02523145,-0.19636637,-0.070506185,0.9713059,-0.22714245
1356525351158,0.17335606,0.17704475,0.9688152,0.9819318,0.044719696,-0.18387538,-0.075879335,0.9831863,-0.16609347
1356525351198,0.1799131,0.12300038,0.9759622,0.97990346,0.064474046,-0.18876538,-0.08614248,0.9903101,-0.1089288
1356525351237,0.2115269,0.08267856,0.97386885,0.97216725,0.08489713,-0.21836478,-0.10073277,0.9929535,-0.062419355
1356525351276,0.26889378,0.06118688,0.96122444,0.9555725,0.108153105,-0.27419728,-0.12073675,0.99224955,-0.029386848
1356525351315,0.35669786,0.060895085,0.9322331,0.9229827,0.13133556,-0.36173752,-0.14446345,0.98946595,-0.009358048
1356525351357,0.46893024,0.08081597,0.8795301,0.86695945,0.14817174,-0.4758429,-0.1687772,0.98565406,-5.8194995E-4
1356525351395,0.5942484,0.111460984,0.79652077,0.7824092,0.14927617,-0.6046094,-0.18629193,0.9824933,0.001499027
1356525351438,0.70596194,0.1383734,0.69460094,0.6816691,0.13340846,-0.71939516,-0.19221076,0.98135364,-1.4355779E-4
1356525351476,0.7929311,0.15210591,0.5900205,0.5799629,0.10849854,-0.8073853,-0.18682449,0.9823909,-0.002183944
1356525351517,0.85153615,0.1505081,0.50222856,0.49510437,0.084335476,-0.8647307,-0.17250468,0.985005,-0.0027025118
1356525351556,0.8864886,0.13734278,0.44189918,0.43688568,0.06638616,-0.897064,-0.15254124,0.9882964,-0.001152508
1356525351596,0.90188324,0.11644782,0.4159886,0.41231787,0.05516818,-0.90936816,-0.12884328,0.99166346,0.0017417371
1356525351636,0.89847934,0.09072964,0.42953813,0.42690843,0.04763055,-0.9030396,-0.1023916,0.99473584,0.004061818
1356525351677,0.87365484,0.064263985,0.4822835,0.48081917,0.037604395,-0.8760131,-0.074432105,0.9972243,0.0019538999
1356525351751,0.82584137,0.04733336,0.5619124,0.5617782,0.017353944,-0.8271059,-0.04890111,0.9987284,-0.0122592375
1356525351754,0.76571774,0.05751455,0.6406001,0.6423287,-0.017251283,-0.76623523,-0.0330185,0.99819565,-0.050152868
1356525351793,0.7082214,0.101686716,0.6986289,0.7053258,-0.05898285,-0.7064252,-0.030626923,0.99306643,-0.11349517
1356525351835,0.6665395,0.1709649,0.7256005,0.74440426,-0.10062332,-0.660104,-0.039842278,0.9801255,-0.19433641
1356525351877,0.630072,0.24291566,0.73756444,0.7747152,-0.13161743,-0.6184604,-0.05315739,0.961077,-0.27111888
1356525351928,0.58119416,0.29410022,0.75876117,0.81125885,-0.1362803,-0.5685832,-0.06381628,0.94600886,-0.3177967
1356525351978,0.51519847,0.31372318,0.797589,0.8541237,-0.11082846,-0.5081236,-0.07101452,0.9430242,-0.32505706
1356525352018,0.4503441,0.306584,0.8385681,0.88951993,-0.0729571,-0.45103377,-0.07710025,0.94904345,-0.3055684
1356525352056,0.39981675,0.2817476,0.8722184,0.91276586,-0.03549224,-0.40693852,-0.08369699,0.9588319,-0.27136
1356525352099,0.36100137,0.24085328,0.900926,0.92791975,0.0035363585,-0.37276325,-0.09296724,0.97055507,-0.22221586
1356525352137,0.3572803,0.19724888,0.91293144,0.92824954,0.033282265,-0.37046617,-0.10345855,0.97978836,-0.1712051
1356525352178,0.3806342,0.15739751,0.911232,0.91752446,0.05845523,-0.39335972,-0.115180165,0.9858038,-0.12216604
1356525352217,0.44320777,0.12977928,0.88697475,0.88717145,0.07825443,-0.45475593,-0.12842757,0.98845005,-0.080453455
1356525352254,0.54560184,0.12107295,0.82925266,0.8255246,0.092755586,-0.55669165,-0.1443181,0.98830044,-0.049341083
1356525352295,0.67029744,0.13271135,0.7301295,0.72382486,0.100039124,-0.682693,-0.16364264,0.9860933,-0.029003814
1356525352336,0.7904411,0.15791366,0.5918329,0.5845251,0.09439081,-0.80586654,-0.18312089,0.9829312,-0.017694116
1356525352376,0.87851995,0.18139821,0.44192475,0.43554676,0.07582888,-0.89696664,-0.19621879,0.9804819,-0.012390219
1356525352417,0.92879915,0.19174588,0.31712088,0.31280088,0.053221226,-0.94832647,-0.19871524,0.9800005,-0.010546446
1356525352457,0.9550302,0.1866793,0.23036525,0.22796747,0.034512013,-0.9730569,-0.18959996,0.9818145,-0.009596795
1356525352496,0.9691025,0.17250094,0.17630555,0.17495704,0.0231134,-0.9843047,-0.17386852,0.9847382,-0.007780999
1356525352538,0.9763547,0.15166672,0.15404113,0.15290882,0.019172043,-0.9880543,-0.15280823,0.9882457,-0.0044724643
1356525352576,0.9783907,0.12727614,0.16294917,0.16167246,0.020368457,-0.9866342,-0.128894,0.99165815,-6.4873695E-4
1356525352617,0.9736556,0.10060534,0.20462984,0.20340788,0.022368133,-0.9788385,-0.10305357,0.99467486,0.0013149381
1356525352656,0.9569632,0.07579156,0.2801377,0.2795883,0.017981768,-0.9599516,-0.077793606,0.99696153,-0.0039825477
1356525352697,0.9235237,0.06370287,0.37821406,0.37907505,-0.0015526414,-0.9253647,-0.058361173,0.9979678,-0.025582071
1356525352753,0.8766335,0.07843126,0.47472328,0.47851288,-0.038784925,-0.87722355,-0.050389633,0.99616474,-0.07153053
1356525352778,0.8274535,0.12398775,0.5476749,0.5588398,-0.08639598,-0.8247629,-0.05494359,0.98851544,-0.14077795
1356525352815,0.7795938,0.18644355,0.5978899,0.62274337,-0.12938106,-0.7716549,-0.06651446,0.9739093,-0.21697117
1356525352857,0.72712094,0.2449387,0.6413269,0.6820539,-0.15148604,-0.7154399,-0.07808685,0.9576309,-0.27721006
1356525352901,0.66344666,0.28434518,0.69208837,0.7431427,-0.14280343,-0.6537172,-0.08704874,0.94802696,-0.3060515
1356525352947,0.580075,0.29480803,0.7593427,0.8091146,-0.10089633,-0.5789246,-0.094056785,0.9502149,-0.29706094
1356525352985,0.48977166,0.2817584,0.8250673,0.86614895,-0.04919304,-0.4973591,-0.099547595,0.9582235,-0.2681381
1356525353028,0.39744997,0.24650624,0.8838937,0.91171265,0.0030771494,-0.4108171,-0.103988856,0.9691363,-0.2235198
1356525353065,0.3204835,0.19968584,0.9259675,0.94107544,0.044348583,-0.3352762,-0.10801524,0.9788558,-0.17370647
1356525353109,0.2629682,0.14856124,0.9532981,0.95813644,0.075754136,-0.27610826,-0.113235265,0.9859973,-0.122421
1356525353146,0.24731383,0.10636589,0.96307945,0.9614074,0.09672144,-0.25756666,-0.1205467,0.9896116,-0.07834035
1356525353187,0.27483118,0.0803068,0.95813286,0.95225596,0.11506051,-0.2827893,-0.13295317,0.990107,-0.04485041
1356525353223,0.36559016,0.07705256,0.9275811,0.9186238,0.13064106,-0.37291184,-0.149914,0.988431,-0.023021251
1356525353267,0.51259136,0.10057828,0.8527216,0.8411329,0.14066191,-0.5222161,-0.17246902,0.98493564,-0.012497604
1356525353306,0.6938912,0.14358956,0.70561814,0.6934679,0.13068417,-0.70853645,-0.19395158,0.9809708,-0.008894175
1356525353347,0.83818066,0.18384343,0.51347333,0.5038443,0.09940997,-0.8580551,-0.2087922,0.97791576,-0.0093049705
1356525353386,0.91885185,0.20384768,0.33787188,0.33231655,0.06196639,-0.94113016,-0.2127839,0.9770396,-0.010804027
1356525353428,0.95442224,0.20325263,0.21855539,0.21616627,0.034161538,-0.97575873,-0.20579171,0.9785302,-0.011331826
1356525353466,0.96914774,0.18900432,0.1582088,0.15719087,0.020461231,-0.9873563,-0.18985175,0.9817631,-0.0098798
1356525353507,0.9744366,0.16718319,0.15007706,0.14907408,0.018605947,-0.988651,-0.16807814,0.98575026,-0.0067923646
1356525353546,0.97043294,0.14013867,0.19652243,0.1950116,0.024570048,-0.9804931,-0.14223357,0.989827,-0.0034850836
1356525353586,0.9456307,0.10996468,0.3060887,0.30440575,0.032196343,-0.95199823,-0.114541136,0.9934139,-0.0030280352
1356525353629,0.87934285,0.0831435,0.46887448,0.4681082,0.029697835,-0.8831719,-0.08735457,0.99609494,-0.012805581
1356525353663,0.75907034,0.076089144,0.6465468,0.6476126,0.013054587,-0.7618579,-0.06640947,0.99701554,-0.039366916
1356525353707,0.65068287,0.11023271,0.75130594,0.7571218,-0.01844652,-0.65301335,-0.058124512,0.9937347,-0.09546246
1356525353746,0.56200683,0.17306966,0.80882335,0.824974,-0.046687603,-0.5632389,-0.059717536,0.9838024,-0.16901672
1356525353782,0.49690568,0.24368685,0.8328874,0.865233,-0.06529026,-0.49710065,-0.0667575,0.9676538,-0.24328905
1356525353826,0.41874027,0.29924494,0.85738504,0.905085,-0.06057854,-0.42089346,-0.07401112,0.95225143,-0.2962088
1356525353877,0.29973382,0.3206883,0.89850914,0.95060736,-0.02076967,-0.3097003,-0.080655515,0.94695705,-0.31107405
1356525353917,0.15346763,0.30988902,0.93830514,0.9843084,0.0357472,-0.17279795,-0.087090015,0.95010054,-0.29954034
1356525353956,0.010417074,0.2733573,0.9618561,0.9954978,0.08779159,-0.035731584,-0.09421039,0.9578979,-0.27121204
1356525353999,-0.12650698,0.21343392,0.9687321,0.98653775,0.12909377,0.10038993,-0.10363063,0.9683908,-0.22689182
1356525354048,-0.2390261,0.14177781,0.96060693,0.9640811,0.15264973,0.21736068,-0.115819484,0.9780578,-0.1731726
1356525354089,-0.30129176,0.08103353,0.95008254,0.94486266,0.15942466,0.2860389,-0.12828782,0.98387873,-0.12459892
1356525354126,-0.3282225,0.034510314,0.9439698,0.9339059,0.16180634,0.31880784,-0.14173812,0.9862189,-0.08533788
1356525354167,-0.3167547,0.0049079955,0.94849485,0.935267,0.16811877,0.31146723,-0.15793115,0.98575455,-0.057842672
1356525354206,-0.26186162,-0.0065458417,0.96508324,0.94868076,0.18195444,0.2586452,-0.17729425,0.9832852,-0.04143703
1356525354246,-0.15559265,0.0025667846,0.987818,0.9677414,0.20099935,0.15190801,-0.19816086,0.97958803,-0.033757985
1356525354287,0.017895639,0.036148667,0.99918616,0.97635496,0.2146936,-0.025253952,-0.21543178,0.9760123,-0.03145182
1356525354326,0.24244422,0.085962474,0.9663495,0.9440059,0.20884287,-0.25541636,-0.22377145,0.9741638,-0.030516326
1356525354368,0.42993206,0.1227434,0.8944789,0.8758316,0.18390276,-0.44620502,-0.21926591,0.9752507,-0.02843687
1356525354416,0.53093266,0.13293687,0.83692193,0.82194984,0.15950264,-0.54677004,-0.2061772,0.97820586,-0.024582297
1356525354447,0.5469862,0.11993092,0.82850623,0.81608474,0.14418581,-0.5596572,-0.18657899,0.98225605,-0.019006133
1356525354484,0.48940498,0.091554016,0.8672373,0.8568661,0.1343231,-0.49773264,-0.1620594,0.9866991,-0.012711108
1356525354526,0.37213504,0.058068365,0.92636037,0.9184238,0.12127848,-0.37654907,-0.13421318,0.9909186,-0.008199394
1356525354565,0.23144636,0.034841776,0.97222364,0.9670876,0.10034862,-0.23381993,-0.10570803,0.9943421,-0.010469735
1356525354607,0.11669731,0.038643062,0.9924154,0.989808,0.07759392,-0.119412065,-0.08161986,0.99623585,-0.029194236
1356525354647,0.04077795,0.07444203,0.9963913,0.99683297,0.06510934,-0.045660526,-0.068273455,0.99509764,-0.07155126
1356525354686,0.0056836307,0.14112875,0.9899749,0.9975953,0.06758341,-0.015361875,-0.069073856,0.9876816,-0.14040518
1356525354761,-0.016903639,0.2219604,0.9749091,0.9966923,0.081258535,-0.0012190044,-0.079490244,0.97166383,-0.22259974
1356525354762,-0.055883408,0.2887583,0.9557697,0.9943415,0.10271454,0.027106434,-0.09034425,0.9518763,-0.29286444
1356525354802,-0.116277546,0.32331806,0.9391192,0.98836833,0.13097867,0.07728234,-0.09801781,0.93718195,-0.3347872
1356525354844,-0.18836659,0.32310343,0.92742765,0.9765667,0.16171288,0.14200845,-0.10409352,0.9324447,-0.34599334
1356525354892,-0.26621383,0.2863138,0.92041004,0.95752966,0.18826818,0.21838516,-0.11075726,0.939457,-0.32427353
1356525354936,-0.33201513,0.22634545,0.91571486,0.9358686,0.2004501,0.28977534,-0.11796582,0.95319855,-0.27838206
1356525354978,-0.36990684,0.16500738,0.91429836,0.92066467,0.19717032,0.33689836,-0.12468177,0.9663832,-0.22485113
1356525355018,-0.38910735,0.10341218,0.9153695,0.9117843,0.18488824,0.3666959,-0.13132021,0.9773036,-0.16623092
1356525355056,-0.38251883,0.051983297,0.92248416,0.91367394,0.16975826,0.36929944,-0.13740191,0.9841138,-0.112431526
1356525355097,-0.35733813,0.011949271,0.93389857,0.92285573,0.15835202,0.35108668,-0.14368948,0.98731035,-0.06761271
1356525355136,-0.30453855,-0.011698216,0.95242816,0.9404502,0.15485543,0.3026106,-0.1510287,0.98786783,-0.036157846
1356525355177,-0.22834957,-0.018336028,0.97340655,0.9598832,0.16287565,0.22824523,-0.16272935,0.9864762,-0.019592166
1356525355216,-0.121088564,-0.008703619,0.9926036,0.9765518,0.17826891,0.120693564,-0.17800087,0.98394334,-0.013086855
1356525355279,0.009208709,0.014898121,0.99984664,0.98094016,0.19394383,-0.011924446,-0.19409174,0.9808995,-0.012828171
1356525355292,0.1557559,0.047329426,0.9866611,0.96647274,0.19911662,-0.1621204,-0.20413375,0.9788322,-0.014729023
1356525355332,0.29688,0.077483386,0.9517661,0.93294823,0.18901776,-0.30639818,-0.20364147,0.978912,-0.016172439
1356525355370,0.41057974,0.09551221,0.9068085,0.8911854,0.16836278,-0.4212393,-0.19290635,0.98108685,-0.01599276
1356525355410,0.4866333,0.09878701,0.868003,0.8559633,0.14475901,-0.4963584,-0.17468503,0.9845232,-0.014113486
1356525355455,0.5246236,0.09069884,0.8464892,0.8375659,0.12311278,-0.5322844,-0.15249124,0.9882394,-0.011378378
1356525355506,0.5253714,0.07402167,0.8476472,0.84172773,0.10045372,-0.5304747,-0.124415934,0.99218434,-0.009530604
1356525355547,0.4828817,0.057863176,0.87377167,0.8703114,0.07866511,-0.48617873,-0.096867114,0.9952203,-0.012373
1356525355586,0.4261505,0.055792183,0.90293026,0.9017265,0.054011464,-0.42891982,-0.07269901,0.99698055,-0.027292311
1356525355625,0.3688766,0.0805594,0.9259807,0.9277549,0.028728813,-0.37208283,-0.056577116,0.99633574,-0.06414202
1356525355667,0.32124472,0.13784939,0.93690944,0.94560355,0.0069414973,-0.32524702,-0.051338613,0.9904288,-0.12812093
1356525355706,0.27863213,0.21526149,0.9359629,0.95887065,-0.0074135363,-0.2837466,-0.054140896,0.9765283,-0.20847356
1356525355746,0.22925483,0.2875654,0.9299185,0.9715436,-0.009161547,-0.2366837,-0.059542567,0.9577172,-0.28148264
1356525355783,0.1652292,0.33341086,0.9281899,0.9841001,0.006446719,-0.17749757,-0.065163404,0.9427596,-0.3270445
1356525355827,0.08431497,0.34251025,0.9357231,0.99383354,0.0389615,-0.103812486,-0.072014034,0.9387059,-0.33711308
1356525355866,-0.003983915,0.320292,0.94731045,0.99674404,0.07756263,-0.022032619,-0.08053276,0.9441383,-0.31955814
1356525355907,-0.08865595,0.27490714,0.9573747,0.9919485,0.11163348,0.059802383,-0.09043503,0.9549681,-0.2825907
1356525355947,-0.16067159,0.21603194,0.9630757,0.981779,0.13528693,0.13344505,-0.10146314,0.9669683,-0.23383236
1356525355985,-0.21253556,0.15400618,0.9649408,0.9704971,0.14833474,0.19008487,-0.11385998,0.976872,-0.18098897
1356525356027,-0.24080172,0.096690476,0.96574616,0.96203357,0.15549007,0.22430834,-0.12847546,0.983094,-0.13046175
1356525356065,-0.24274853,0.050813258,0.9687575,0.9590978,0.16247275,0.23180601,-0.14561784,0.9854038,-0.08817488
1356525356107,-0.21983895,0.019284755,0.9753455,0.9613036,0.17444333,0.21322489,-0.16603053,0.98447835,-0.056887925
1356525356145,-0.1715999,0.003581643,0.98516023,0.9667386,0.19312426,0.16768897,-0.18965778,0.9811678,-0.036602616
1356525356185,-0.09898326,0.0038136542,0.9950818,0.9717653,0.21560898,0.09583765,-0.21418309,0.9764723,-0.02504766
1356525356228,-0.0058472157,0.018027306,0.9998204,0.9722091,0.2341097,0.0014646053,-0.23404127,0.97204304,-0.018895209
1356525356267,0.09673619,0.03979668,0.9945141,0.9651972,0.24017292,-0.10349539,-0.24297413,0.9699141,-0.015178263
1356525356306,0.19310224,0.05968204,0.97936183,0.9513657,0.23279327,-0.20176855,-0.24003083,0.97069323,-0.011826575
1356525356344,0.26447517,0.068455756,0.96195984,0.9379342,0.21378714,-0.2730834,-0.22434878,0.9744788,-0.007665664
1356525356396,0.3012738,0.062340707,0.9514977,0.93323994,0.18551633,-0.3076476,-0.1956974,0.98066175,-0.002287656
1356525356437,0.30142313,0.04811573,0.95227563,0.9392096,0.1572231,-0.30523133,-0.16440615,0.98639023,0.0021999478
1356525356475,0.27744246,0.03300476,0.96017516,0.9517757,0.12678134,-0.27937338,-0.13095292,0.9913814,0.0037614107
1356525356518,0.2357364,0.025408417,0.9714848,0.966997,0.09330675,-0.23708776,-0.09667003,0.99531317,-0.0025740266
1356525356556,0.1856668,0.036066085,0.98195064,0.980361,0.060816884,-0.18759993,-0.06648517,0.9974972,-0.02406612
1356525356596,0.14166921,0.07623863,0.9869739,0.9888201,0.03596294,-0.14471215,-0.046527147,0.9964408,-0.07029146
1356525356637,0.10594389,0.14916432,0.98312056,0.9935082,0.025325686,-0.110905886,-0.04144147,0.9884881,-0.14551288
1356525356676,0.06337932,0.23200217,0.9706483,0.9969052,0.030608147,-0.07240963,-0.046508938,0.97223353,-0.22934419
1356525356718,0.012703568,0.30136782,0.9534233,0.99825984,0.051087946,-0.029449373,-0.05758351,0.9521383,-0.30019444
1356525356757,-0.049008638,0.3385083,0.9396862,0.9963717,0.08211115,0.022385716,-0.06958091,0.9373739,-0.34130424
1356525356793,-0.11372423,0.3385647,0.9340454,0.99011356,0.11632043,0.078387946,-0.08210915,0.9337256,-0.34844595
1356525356838,-0.17177942,0.30907133,0.93539655,0.98058355,0.1448166,0.13222775,-0.09459317,0.93994844,-0.32794678
1356525356889,-0.22152397,0.24820209,0.9430392,0.9691436,0.16324946,0.18468973,-0.10811028,0.95485353,-0.2767071
1356525356929,-0.23998833,0.18647113,0.95269835,0.9632548,0.16766399,0.20983073,-0.120605856,0.9680481,-0.21985668
1356525356968,-0.23557976,0.13222232,0.96281844,0.9628179,0.16654345,0.2127085,-0.13222629,0.97712874,-0.16654027
1356525357009,-0.21335065,0.08626789,0.9731595,0.9661538,0.16647965,0.1970568,-0.1450116,0.9822639,-0.11886662
1356525357046,-0.1630854,0.055318803,0.98505986,0.973662,0.17025965,0.15163699,-0.1593276,0.98384523,-0.08162868
1356525357088,-0.09362972,0.03959331,0.9948195,0.97933865,0.18355745,0.08486721,-0.17924634,0.98221123,-0.05596167
1356525357137,0.0070812106,0.0432446,0.9990394,0.9790461,0.20303035,-0.015727878,-0.20351553,0.978217,-0.040900767
1356525357175,0.13789377,0.06419951,0.9883642,0.9650919,0.21563807,-0.14865369,-0.22267249,0.97436064,-0.032223284
1356525357216,0.27077124,0.09105894,0.9583273,0.9344257,0.21440735,-0.28439063,-0.23136869,0.9724905,-0.027032435
1356525357256,0.38870448,0.112749934,0.9144377,0.8926631,0.1996973,-0.4040712,-0.22816974,0.9733491,-0.02302447
1356525357297,0.47749823,0.12146917,0.87019575,0.85220766,0.17703967,-0.4923404,-0.21386328,0.97667915,-0.01898083
1356525357336,0.5342467,0.118541986,0.8369757,0.82280695,0.15410505,-0.5470288,-0.19382808,0.9809177,-0.015207052
1356525357378,0.559361,0.10588601,0.8221334,0.8116865,0.13124599,-0.5691568,-0.16816744,0.98567873,-0.012532353
1356525357417,0.55235547,0.08853969,0.82889336,0.82171404,0.109545514,-0.55927265,-0.1403194,0.99003065,-0.012246281
1356525357459,0.52128506,0.07296389,0.85025764,0.8463782,0.08318773,-0.52604526,-0.109113246,0.9938591,-0.018390507
1356525357497,0.4638297,0.067350745,0.8833605,0.8822722,0.05532874,-0.4674767,-0.080360144,0.996194,-0.03375858
1356525357537,0.41132492,0.08808762,0.9072224,0.9095224,0.025678381,-0.414861,-0.059840143,0.9957818,-0.06955549
1356525357576,0.36785388,0.14238405,0.91891795,0.92832935,8.7983906E-4,-0.37175772,-0.05374086,0.98981106,-0.13185564
1356525357618,0.3370477,0.22552496,0.9140773,0.93935925,-0.0153089315,-0.34259272,-0.063269615,0.97411704,-0.21700877
1356525357658,0.30513245,0.3119228,0.8997769,0.9489939,-0.020816505,-0.31460655,-0.079402745,0.9498794,-0.30236462
