1356525946854,0.19213295,-0.10452619,0.9757864,0.8657615,-0.4501468,-0.2186887,0.4621058,0.88681567,0.0040067434
1356525946891,-0.43192667,0.22903898,-0.872342,-0.7745285,0.40137565,0.48887956,0.46210933,0.88681376,0.004032314
1356525946932,-0.43210685,0.22930339,-0.87218326,-0.7744198,0.40124214,0.48916125,0.46212298,0.8868059,0.0041975975
1356525946971,-0.4327709,0.23012093,-0.87163854,-0.7740406,0.40079522,0.49012697,0.46213698,0.88679624,0.004670441
1356525947012,-0.43426597,0.23169574,-0.870477,-0.773209,0.3998853,0.4921785,0.46212667,0.886797,0.005492568
1356525947051,-0.4367162,0.23390317,-0.86865896,-0.7718483,0.39857298,0.49536833,0.46209222,0.8868083,0.0064744353
1356525947091,-0.44000834,0.23652062,-0.86628556,-0.7699901,0.3970152,0.49949387,0.46206915,0.8868128,0.0074284673
1356525947133,-0.44406897,0.2394957,-0.86339134,-0.76761466,0.395324,0.5044668,0.46213692,0.8867699,0.008289278
1356525947171,-0.44882405,0.2429614,-0.8599574,-0.7646332,0.39363146,0.5102846,0.46248573,0.88657993,0.009105086
1356525947211,-0.45428032,0.24726811,-0.855855,-0.76082194,0.39209437,0.51711893,0.46344292,0.88607025,0.010006249
1356525947253,-0.46049368,0.25291893,-0.8508687,-0.7559118,0.39076996,0.5252582,0.4653417,0.88505983,0.011237264
1356525947291,-0.46742725,0.26033527,-0.84482974,-0.74978286,0.3895318,0.53487444,0.46833473,0.8834537,0.013117135
1356525947331,-0.47476864,0.26952183,-0.83782613,-0.7426224,0.38822097,0.54570735,0.47234175,0.88127315,0.015837848
1356525947371,-0.48177308,0.2796948,-0.8304611,-0.73503673,0.3869797,0.55674744,0.477091,0.8786453,0.019149482
1356525947412,-0.48752058,0.28951108,-0.8237153,-0.7277862,0.38643485,0.5665645,0.482339,0.87570053,0.022307217
1356525947451,-0.49095398,0.29703104,-0.8189852,-0.721954,0.38743556,0.57330287,0.4875928,0.8727349,0.024229705
1356525947491,-0.49187845,0.30113703,-0.8169284,-0.7178257,0.39073372,0.5762408,0.49272883,0.86985266,0.023970425
1356525947531,-0.4902168,0.30108947,-0.81794405,-0.7157132,0.3965258,0.5749103,0.49743533,0.8672441,0.021110177
1356525947571,-0.48624718,0.29674086,-0.8218933,-0.7156544,0.40446705,0.56942534,0.50140053,0.86507297,0.01569289
1356525947611,-0.48037213,0.28840572,-0.82829034,-0.7173603,0.41415226,0.5602429,0.50461555,0.8633076,0.007943571
1356525947651,-0.47320998,0.27699727,-0.83626837,-0.72012156,0.4251737,0.5483176,0.5074418,0.86168426,-0.0017247796
1356525947691,-0.46564645,0.264005,-0.84467435,-0.7230482,0.4368443,0.53513396,0.51026917,0.8599235,-0.012526631
1356525947731,-0.45870793,0.25120854,-0.85233873,-0.7253332,0.44824177,0.5224663,0.5133018,0.85788906,-0.023402154
1356525947783,-0.45335704,0.24027376,-0.85833323,-0.726265,0.45868695,0.5120014,0.51672673,0.8554969,-0.03344649
1356525947813,-0.45038915,0.23241186,-0.86205244,-0.72525585,0.46788555,0.5050615,0.5207242,0.8526828,-0.04217249
1356525947853,-0.450376,0.22807726,-0.86321616,-0.7220384,0.47566548,0.50239706,0.5251875,0.84954286,-0.04954779
1356525947883,-0.45379764,0.22710036,-0.8616804,-0.7169164,0.48126245,0.504398,0.52924335,0.8466474,-0.055583775
1356525947913,-0.45955005,0.22860119,-0.85822797,-0.7106364,0.48497584,0.50970024,0.532738,0.8441208,-0.060418427
1356525947942,-0.46850377,0.23334941,-0.852087,-0.70256484,0.4863538,0.519483,0.5356368,0.8420261,-0.06391549
1356525947973,-0.48131028,0.24232404,-0.8423891,-0.6919354,0.48493877,0.5348455,0.538113,0.84030557,-0.06573337
1356525948002,-0.4982096,0.25632542,-0.8283021,-0.67797625,0.48033994,0.55643666,0.54049546,0.83879125,-0.06552738
1356525948033,-0.518808,0.27559388,-0.8092505,-0.66010135,0.47237787,0.58405936,0.5432352,0.83720195,-0.063153565
1356525948073,-0.54377246,0.30341405,-0.7824649,-0.63547885,0.46012104,0.6200445,0.5481588,0.8344031,-0.057387948
1356525948103,-0.5731044,0.33656245,-0.7471794,-0.603408,0.4436128,0.66265106,0.55448186,0.8306222,-0.05115199
1356525948133,-0.60009897,0.37031823,-0.7090455,-0.568722,0.42581564,0.7037303,0.5625268,0.82555765,-0.044923365
1356525948163,-0.624269,0.4034285,-0.6689795,-0.5325815,0.40671206,0.74225485,0.5715288,0.8196528,-0.039039135
1356525948193,-0.6449525,0.43387657,-0.6291165,-0.4972729,0.38684028,0.7765786,0.5803068,0.8136988,-0.033738494
1356525948223,-0.6618963,0.45982096,-0.591995,-0.46520188,0.367284,0.80541277,0.58777595,0.80849683,-0.029194355
1356525948263,-0.6751657,0.4800347,-0.5601053,-0.43868446,0.34915107,0.8280396,0.59304905,0.8047734,-0.025151014
1356525948293,-0.685454,0.49456376,-0.5343777,-0.4182279,0.33333695,0.8449686,0.5960187,0.80267876,-0.021646738
1356525948323,-0.69209236,0.5027026,-0.5179753,-0.40642142,0.3216439,0.8551999,0.59651476,0.8023935,-0.01829815
1356525948353,-0.69508725,0.5046796,-0.512008,-0.40421426,0.31460863,0.85885525,0.59452885,0.8039403,-0.014681697
1356525948383,-0.6941775,0.5009241,-0.5169067,-0.41206357,0.31225508,0.8559792,0.5901874,0.80719995,-0.010347784
1356525948413,-0.68879324,0.49192116,-0.5325199,-0.4300641,0.31407815,0.84640396,0.5836169,0.81201506,-0.0047773123
1356525948453,-0.677866,0.47733653,-0.5591491,-0.46040237,0.31733114,0.8290541,0.5731732,0.81942105,0.004658878
1356525948483,-0.65500987,0.45743632,-0.60142684,-0.5046839,0.32752842,0.7987611,0.5623667,0.8267268,0.016326368
1356525948513,-0.62673724,0.44036114,-0.64287055,-0.5495321,0.33513832,0.76530826,0.5524626,0.8329252,0.031948924
1356525948543,-0.593435,0.43084008,-0.6798617,-0.591839,0.33888322,0.7313582,0.5454921,0.83638215,0.053882718
1356525948573,-0.55682397,0.4348532,-0.70770735,-0.6277517,0.3376364,0.7013768,0.5439437,0.834808,0.08497578
1356525948603,-0.5189221,0.4565253,-0.7227064,-0.6548971,0.33104616,0.6793513,0.54939026,0.82582873,0.12718993
1356525948643,-0.4827255,0.5083723,-0.7131156,-0.668995,0.31143117,0.6748751,0.5651742,0.80285007,0.18976271
1356525948673,-0.44016933,0.557049,-0.7042353,-0.6861277,0.29725438,0.66397935,0.579206,0.77545875,0.25136453
1356525948713,-0.40105635,0.5955373,-0.69605243,-0.7033622,0.2866097,0.65048933,0.58688605,0.7504599,0.30393183
1356525948742,-0.36548287,0.6150397,-0.6986761,-0.7210355,0.28763032,0.6303782,0.5886681,0.73416275,0.33834153
1356525948786,-0.33674294,0.61579394,-0.7123215,-0.73685586,0.29864025,0.6065124,0.58621454,0.72911716,0.35318643
1356525948809,-0.31379563,0.5887508,-0.7449194,-0.75230056,0.32449013,0.5733673,0.57928944,0.74032336,0.3410939
1356525948842,-0.30143535,0.5550393,-0.77528584,-0.7627871,0.34749043,0.5453496,0.5720949,0.7557657,0.31863093
1356525948881,-0.29406077,0.5062219,-0.8107203,-0.77073574,0.3760351,0.51435775,0.5652385,0.7761037,0.27958614
1356525948922,-0.29902923,0.45394486,-0.8393543,-0.77255875,0.4011392,0.49217921,0.5601201,0.79562646,0.23074669
1356525948961,-0.31725883,0.4063312,-0.8568791,-0.76764226,0.42051327,0.48362586,0.5568414,0.8112111,0.17850542
1356525949001,-0.34940523,0.36996573,-0.8608376,-0.7552853,0.4324928,0.4924369,0.5544908,0.8222381,0.1283145
1356525949041,-0.39551806,0.35006922,-0.84912705,-0.73375386,0.43562984,0.52137494,0.5524224,0.82926357,0.08456528
1356525949082,-0.4547714,0.35047168,-0.8187507,-0.6994248,0.42857903,0.57194847,0.55135113,0.8327603,0.050223053
1356525949123,-0.52386117,0.3718052,-0.7663748,-0.6476984,0.41046596,0.6418758,0.5532235,0.83263355,0.025790453
1356525949162,-0.5962467,0.41024396,-0.69006515,-0.5760577,0.380055,0.7236821,0.5591489,0.8290103,0.009717643
1356525949201,-0.66246665,0.4565839,-0.5938594,-0.48907992,0.33685285,0.80456877,0.56739634,0.8234447,1.5228987E-4
1356525949241,-0.7150659,0.49842173,-0.4901597,-0.3991632,0.28450918,0.87162113,0.5738898,0.81892025,-0.0044911504
1356525949281,-0.7524365,0.52658737,-0.3956577,-0.32061124,0.23191726,0.9183805,0.57536745,0.8178754,-0.00567317
1356525949321,-0.77811784,0.53944,-0.321772,-0.26172966,0.18722993,0.9468065,0.5709907,0.82094425,-0.0044995546
1356525949359,-0.7961776,0.5401728,-0.2726071,-0.22463223,0.1544593,0.9621241,0.5618199,0.827258,-0.0016368032
1356525949407,-0.8095544,0.53055716,-0.25125855,-0.2118706,0.13509607,0.9679152,0.5474784,0.8368143,0.0030418038
1356525949442,-0.8166816,0.5162883,-0.25783277,-0.22233477,0.1307993,0.9661568,0.5325398,0.84636754,0.007967353
1356525949481,-0.81903845,0.49766946,-0.28548414,-0.25167036,0.13552237,0.9582775,0.51559496,0.85671395,0.0142505765
1356525949521,-0.81099355,0.4754164,-0.34098178,-0.306757,0.1507476,0.93977404,0.49818617,0.8667493,0.023582041
1356525949561,-0.7877287,0.45483732,-0.41545936,-0.38143295,0.16945702,0.9087317,0.48372754,0.87430394,0.040003777
1356525949601,-0.746683,0.4471256,-0.4924868,-0.46259445,0.18297428,0.867483,0.4779863,0.87555647,0.07021397
1356525949641,-0.6914453,0.4654877,-0.55247134,-0.53439873,0.18503654,0.82473,0.486129,0.8654956,0.12081343
1356525949681,-0.6285916,0.51115096,-0.58617175,-0.5903195,0.17712551,0.78749573,0.50635517,0.8410418,0.19040275
1356525949721,-0.56299204,0.5663151,-0.6019363,-0.63500017,0.16975838,0.75362915,0.5289753,0.8065168,0.2640375
1356525949782,-0.49811822,0.60713255,-0.6190865,-0.6741632,0.17785048,0.7168494,0.5453274,0.7744412,0.32071596
1356525949793,-0.4380352,0.62667656,-0.6445167,-0.7071631,0.20244133,0.6774496,0.55501854,0.7525251,0.35448605
1356525949822,-0.38681275,0.62484705,-0.6781903,-0.73256004,0.23849142,0.63755596,0.56011754,0.7434299,0.36548644
1356525949853,-0.34371865,0.6032666,-0.71967125,-0.75216687,0.28196824,0.59559953,0.56222963,0.74603164,0.35683954
1356525949892,-0.30581683,0.55131316,-0.776228,-0.7688744,0.3378325,0.542864,0.56152314,0.7628388,0.3205757
1356525949923,-0.28151894,0.49420896,-0.822499,-0.77921975,0.38247263,0.4965192,0.5599676,0.780687,0.2774241
1356525949952,-0.266999,0.4351142,-0.8598763,-0.78539354,0.41881293,0.455799,0.5584519,0.79703915,0.2299133
1356525949993,-0.26169282,0.36993054,-0.89144164,-0.7874384,0.45223963,0.41883188,0.55808395,0.8115607,0.17294961
1356525950032,-0.27745667,0.31602597,-0.9072736,-0.78189254,0.4744672,0.40438217,0.5582668,0.82158905,0.11545426
1356525950061,-0.3131488,0.28424063,-0.9061706,-0.7684449,0.48484284,0.41763616,0.55805945,0.82712436,0.066595316
1356525950101,-0.3556812,0.2694708,-0.89491695,-0.748883,0.49070773,0.44539887,0.5591647,0.8286081,0.027266622
1356525950141,-0.4155884,0.28241897,-0.86459583,-0.71472,0.48651955,0.502468,0.5625493,0.82676375,-3.414154E-4
1356525950181,-0.4848086,0.31943196,-0.81420135,-0.6643294,0.47101054,0.58035815,0.56888235,0.8222605,-0.016141891
1356525950221,-0.55357087,0.3713879,-0.74540615,-0.60010725,0.4427126,0.66624075,0.5774344,0.8161351,-0.022200167
1356525950262,-0.6127126,0.42438757,-0.66669214,-0.5309381,0.40382135,0.7450054,0.5853956,0.81044644,-0.022102952
1356525950301,-0.6580263,0.46532115,-0.5920115,-0.46934137,0.3613475,0.80569637,0.58882946,0.8080249,-0.019381642
1356525950341,-0.6907644,0.4882132,-0.53337836,-0.4245046,0.3233381,0.84572357,0.5853549,0.81061727,-0.016101778
1356525950381,-0.7138179,0.4942919,-0.49612448,-0.3993727,0.29463118,0.8681554,0.5752959,0.8178435,-0.012906313
1356525950421,-0.7287057,0.48756713,-0.48090154,-0.3933884,0.2767846,0.8767188,0.5605654,0.82805115,-0.009891272
1356525950461,-0.73520374,0.4711483,-0.48733437,-0.40602517,0.26960373,0.87318814,0.54278827,0.8398411,-0.0069155693
1356525950502,-0.73150694,0.4464876,-0.5153121,-0.4377241,0.2719491,0.8569956,0.5227765,0.85246265,-0.0034943223
1356525950541,-0.7144087,0.41481313,-0.5635162,-0.48821947,0.28141493,0.8261038,0.5012606,0.8652952,0.0014744997
1356525950581,-0.68097603,0.38039643,-0.6257556,-0.553166,0.29274565,0.7799406,0.47987387,0.8772676,0.011069596
1356525950621,-0.6298155,0.35419324,-0.6912884,-0.6234931,0.3002392,0.7218815,0.46323746,0.88566566,0.03174168
1356525950661,-0.5643448,0.35276714,-0.7463715,-0.68664265,0.30133164,0.661605,0.45829788,0.8858638,0.07216996
1356525950701,-0.4901594,0.38593554,-0.7815354,-0.73475134,0.29942107,0.6086769,0.4689182,0.8725828,0.13680255
1356525950741,-0.41153157,0.4419016,-0.79709774,-0.7688265,0.3013481,0.56399935,0.4894361,0.84493333,0.21573138
1356525950783,-0.33408755,0.49345762,-0.80304736,-0.79315156,0.31311113,0.52237153,0.50921124,0.8114561,0.28678012
1356525950823,-0.26493156,0.5196551,-0.81226224,-0.81012857,0.33690727,0.47977632,0.52297527,0.7851446,0.33173
1356525950862,-0.20947695,0.51578975,-0.83071077,-0.8206496,0.36918074,0.43616486,0.53165174,0.77308893,0.3459478
1356525950903,-0.1704014,0.48688817,-0.8566816,-0.8261634,0.40324152,0.39351022,0.537045,0.77481365,0.33353633
1356525950941,-0.148821,0.44155037,-0.8848083,-0.82831013,0.43308508,0.35544288,0.54014325,0.78579295,0.3012885
1356525950981,-0.14490926,0.38841558,-0.91001904,-0.82784367,0.45613974,0.32651404,0.541919,0.8006685,0.25544852
1356525951021,-0.15808576,0.3354944,-0.92868316,-0.82453597,0.47261208,0.3110922,0.54327655,0.8149119,0.20191395
1356525951061,-0.18691105,0.28993604,-0.9386167,-0.8177012,0.48361498,0.31221986,0.54445285,0.8258654,0.1466881
1356525951101,-0.22920054,0.2577874,-0.9386228,-0.80626994,0.4899698,0.33144894,0.5453401,0.83275163,0.095544934
1356525951141,-0.282256,0.24345851,-0.927933,-0.78842866,0.4921906,0.36895624,0.5465454,0.83574903,0.05302584
1356525951181,-0.34285942,0.24898472,-0.9057892,-0.76175773,0.4905512,0.4231841,0.54970235,0.8350845,0.021475911
1356525951221,-0.40725625,0.27361032,-0.8713666,-0.72451293,0.4841094,0.49063128,0.55607855,0.831129,0.001077652
1356525951261,-0.47068435,0.31233,-0.8251704,-0.67802465,0.47040606,0.5648015,0.5645696,0.8253291,-0.009645283
1356525951301,-0.528282,0.35554975,-0.77103984,-0.62794286,0.44762105,0.63664997,0.57149446,0.82049966,-0.013205171
1356525951341,-0.5768216,0.3925797,-0.71635056,-0.58215547,0.41761887,0.69763136,0.5730374,0.8194362,-0.012349188
1356525951381,-0.6151399,0.4167393,-0.6692767,-0.54718274,0.38549346,0.74295753,0.56762135,0.8232395,-0.009099841
1356525951421,-0.64329153,0.426901,-0.63555604,-0.5259659,0.3568141,0.7720385,0.55635935,0.8309267,-0.0050001144
1356525951461,-0.661269,0.42454386,-0.6184544,-0.5197211,0.3352266,0.78582,0.5409375,0.8410622,-0.0010305643
1356525951502,-0.66827583,0.4118353,-0.6195152,-0.5290188,0.32240337,0.784981,0.5230167,0.852319,0.0024142861
1356525951541,-0.6629,0.39062333,-0.6387307,-0.55408674,0.3178019,0.76940864,0.5035388,0.8639533,0.0057683587
1356525951581,-0.6431579,0.3638788,-0.67375076,-0.5936941,0.31873083,0.7388762,0.48360646,0.8752159,0.011038482
1356525951621,-0.60741425,0.33924007,-0.7183065,-0.6431638,0.32070452,0.69533366,0.46624917,0.8843443,0.023386419
1356525951661,-0.55541736,0.32983106,-0.7633629,-0.694632,0.32064366,0.64395183,0.45716274,0.8879184,0.051020205
1356525951701,-0.48909867,0.34770387,-0.7999278,-0.7402776,0.31952804,0.59151584,0.4612717,0.88147825,0.10111672
1356525951741,-0.4114222,0.39198917,-0.82284635,-0.7767258,0.32157946,0.54155666,0.4768948,0.8619345,0.17216331
1356525951784,-0.32761508,0.44450587,-0.83371633,-0.80446845,0.3315187,0.4928751,0.49547845,0.8321718,0.2489804
1356525951823,-0.24610776,0.4799001,-0.8420967,-0.8245969,0.35293585,0.44212696,0.50938284,0.8032012,0.30886388
1356525951862,-0.17636824,0.4867909,-0.8555284,-0.83669364,0.383689,0.39080232,0.51849586,0.78474027,0.33962435
1356525951901,-0.12272191,0.4659003,-0.8762854,-0.84218824,0.41822308,0.34030604,0.5250315,0.77976036,0.34105068
1356525951941,-0.08702856,0.4239505,-0.90149426,-0.84355277,0.4500299,0.29307297,0.5299479,0.7859638,0.31845915
1356525951981,-0.069662035,0.37035027,-0.9262764,-0.84294665,0.4746951,0.25319096,0.5334682,0.79843926,0.2791173
1356525952040,-0.07000613,0.31414098,-0.94679177,-0.84123725,0.4914974,0.22527787,0.5361147,0.8122473,0.22985923
1356525952061,-0.086624086,0.26290402,-0.96092546,-0.8382001,0.50207835,0.21292678,0.53843915,0.8238925,0.17687416
1356525952102,-0.11742425,0.22288987,-0.96774566,-0.832947,0.50851995,0.21818963,0.54075027,0.83170164,0.12594289
1356525952139,-0.15988445,0.1990819,-0.9668523,-0.82391584,0.5125455,0.24178448,0.5436908,0.83526254,0.082078636
1356525952182,-0.21083641,0.19377503,-0.95812273,-0.8088927,0.51574814,0.28230533,0.54885375,0.8345388,0.048004746
1356525952221,-0.26760313,0.2071017,-0.9410088,-0.78602445,0.5179267,0.3375166,0.55727386,0.8299764,0.02418816
1356525952261,-0.3261581,0.23555925,-0.91549593,-0.7559576,0.5164818,0.40221232,0.56758183,0.82326084,0.009618044
1356525952301,-0.38312516,0.27221167,-0.8826754,-0.72250926,0.5070523,0.46997687,0.5754957,0.8178011,0.0024109483
1356525952341,-0.43513864,0.30760914,-0.84618616,-0.6913088,0.4879787,0.53288734,0.57684183,0.8168558,3.145337E-4
1356525952381,-0.4795817,0.3340809,-0.8114132,-0.6671308,0.46187627,0.58447134,0.57003325,0.8216206,0.0013682842
1356525952421,-0.5148202,0.3481862,-0.783407,-0.65261763,0.4333977,0.6214954,0.555923,0.83122367,0.0041106343
1356525952461,-0.53975075,0.34995645,-0.7656367,-0.6487478,0.40667254,0.6432292,0.53646564,0.8438886,0.007531643
1356525952501,-0.553403,0.34109694,-0.759867,-0.6557165,0.384131,0.649984,0.513596,0.85796046,0.0110836625
1356525952541,-0.5547715,0.32384834,-0.76638824,-0.6733941,0.36621547,0.6422046,0.48864013,0.872358,0.014911592
1356525952581,-0.5426988,0.30194956,-0.7837758,-0.70077914,0.3516311,0.6206965,0.463019,0.886105,0.020770192
1356525952621,-0.5161858,0.28328905,-0.8082695,-0.7347994,0.3383661,0.587859,0.440025,0.8973604,0.03350091
1356525952661,-0.4747637,0.2805342,-0.8342063,-0.77020305,0.3262372,0.548048,0.4258954,0.9027015,0.061182678
1356525952701,-0.41847628,0.30527446,-0.855386,-0.80159557,0.31864,0.50587857,0.42699197,0.89737177,0.11136335
1356525952741,-0.34862655,0.35675052,-0.86671144,-0.82573664,0.3205787,0.46409947,0.443417,0.8774727,0.18281966
1356525952784,-0.27087295,0.41739458,-0.86741555,-0.8414944,0.3349117,0.42393562,0.467456,0.8447579,0.26051664
1356525952823,-0.1963157,0.46053123,-0.86566234,-0.8498435,0.3604601,0.38449264,0.4891076,0.8111594,0.3206154
1356525952863,-0.13648051,0.4741732,-0.86978906,-0.85148513,0.39258832,0.34763137,0.50630647,0.7880573,0.35017073
1356525952901,-0.0964576,0.45969146,-0.8828249,-0.8486704,0.42544287,0.3142562,0.52005243,0.7795397,0.34908932
1356525952941,-0.07734454,0.42449018,-0.902123,-0.8438517,0.4540134,0.28598267,0.5309727,0.78337723,0.32309133
1356525952981,-0.078158796,0.3779956,-0.9225023,-0.8385222,0.47557533,0.2659108,0.5392324,0.79432195,0.27978736
1356525953021,-0.09679818,0.32890874,-0.9393876,-0.8328368,0.49003172,0.25739405,0.54498893,0.80727184,0.22649312
1356525953061,-0.13055602,0.28500655,-0.94959277,-0.82623243,0.49811593,0.263098,0.54799193,0.81893337,0.17044967
1356525953101,-0.1763742,0.2525657,-0.951369,-0.81763566,0.500551,0.28446564,0.548055,0.8280455,0.118222356
1356525953142,-0.23134938,0.2359764,-0.9438181,-0.80493265,0.4984434,0.32192805,0.5464072,0.83418787,0.07463056
1356525953181,-0.29281518,0.23748127,-0.9262083,-0.784966,0.49340555,0.3746723,0.54597396,0.8367518,0.041938126
1356525953221,-0.35756254,0.25685284,-0.8978728,-0.75507915,0.48624516,0.43979666,0.54954934,0.83521986,0.020081162
1356525953261,-0.42268747,0.29127216,-0.8581933,-0.7149483,0.4747653,0.5132708,0.55694187,0.830517,0.007567227
1356525953301,-0.48503345,0.3333125,-0.8084834,-0.6684027,0.45484936,0.58851504,0.56389755,0.8258419,0.002169788
1356525953341,-0.541839,0.37261465,-0.7533717,-0.62224257,0.4247188,0.6575927,0.5649998,0.8250893,0.0017274022
1356525953381,-0.59151554,0.401002,-0.6995047,-0.58250475,0.38731778,0.714614,0.5574922,0.8301701,0.004481077
1356525953421,-0.63326764,0.4158439,-0.6527219,-0.55190825,0.34859687,0.757547,0.5425581,0.8399726,0.008752644
1356525953461,-0.66632855,0.41838172,-0.617222,-0.5316363,0.31385142,0.78667665,0.5228471,0.8523227,0.01329869
1356525953501,-0.68969715,0.41145137,-0.5958403,-0.52290785,0.2861967,0.8029065,0.5008845,0.8653319,0.017762065
1356525953541,-0.7018476,0.39811602,-0.59068894,-0.5277183,0.26638675,0.8065677,0.4784592,0.87780505,0.023130238
1356525953581,-0.7007014,0.382829,-0.602046,-0.54739064,0.25273848,0.79780114,0.4575816,0.88857484,0.032462895
1356525953621,-0.6842438,0.37406972,-0.62600493,-0.5799583,0.24128538,0.77809364,0.44210708,0.8954626,0.051846802
1356525953661,-0.6523262,0.38387734,-0.65353537,-0.619149,0.22745883,0.75160956,0.43717822,0.8949305,0.08930004
1356525953701,-0.6079531,0.4200989,-0.67372835,-0.6576134,0.20905727,0.7237677,0.44490182,0.8830696,0.14916569
1356525953741,-0.5562107,0.4760933,-0.68114966,-0.69168246,0.18912202,0.69699943,0.46065718,0.8588178,0.2241137
1356525953784,-0.50278634,0.5320083,-0.6813025,-0.72097075,0.17671734,0.67005384,0.47687215,0.82809305,0.29471135
1356525953823,-0.4522429,0.56815803,-0.6875119,-0.7456709,0.18206525,0.64095795,0.48933744,0.80252635,0.3413213
1356525953863,-0.40837306,0.57752746,-0.7068901,-0.7643129,0.20704615,0.61070263,0.49905643,0.78967977,0.3568595
1356525953901,-0.3714615,0.5612315,-0.73961854,-0.7778003,0.24689746,0.5779865,0.5069941,0.7899753,0.3448131
1356525953941,-0.34205383,0.52478456,-0.77948713,-0.7870914,0.29312754,0.54273695,0.5133091,0.79917294,0.31278807
1356525953981,-0.32167166,0.47535312,-0.8188814,-0.792331,0.3383667,0.5076609,0.5184003,0.81212527,0.267794
1356525954022,-0.31399292,0.42282742,-0.8500738,-0.7924865,0.37635332,0.4799202,0.5228516,0.8243635,0.21691263
1356525954061,-0.32303,0.3771599,-0.8679873,-0.7862074,0.40359247,0.46796483,0.52681065,0.8335847,0.16615343
1356525954101,-0.35286635,0.34730735,-0.86882854,-0.77101517,0.41815436,0.4802943,0.5301142,0.8393596,0.12022656
1356525954141,-0.4065621,0.34017128,-0.8479332,-0.7418429,0.41880482,0.5237094,0.5332694,0.84195364,0.08208352
1356525954181,-0.48364753,0.35900277,-0.79824936,-0.69048816,0.4039625,0.6000337,0.5378765,0.8413865,0.05251175
1356525954221,-0.57727474,0.40181372,-0.71084434,-0.6079465,0.36966795,0.7026711,0.5451192,0.8377896,0.030881286
1356525954261,-0.6703911,0.45706686,-0.58452183,-0.49414912,0.31264514,0.811215,0.5535274,0.8326722,0.016264617
1356525954301,-0.74297,0.5050735,-0.43919975,-0.36801994,0.23982674,0.89835656,0.5590679,0.8290862,0.0076929927
1356525954341,-0.7886142,0.5318497,-0.3085831,-0.25807738,0.16921622,0.95118976,0.5581072,0.8297601,0.0038120747
1356525954381,-0.81567967,0.53746355,-0.21400851,-0.18044198,0.11510813,0.97682697,0.549643,0.83539397,0.0030896664
1356525954421,-0.83377326,0.5291611,-0.15751359,-0.13526252,0.080821574,0.9875079,0.5352813,0.84466344,0.0041888356
1356525954461,-0.84764546,0.51313126,-0.1348835,-0.11870387,0.06436813,0.99084115,0.5171138,0.85589314,0.0063492656
1356525954501,-0.8581786,0.4929942,-0.14313042,-0.12883818,0.06305176,0.9896592,0.49692082,0.8677449,0.009406745
1356525954541,-0.8636356,0.47005618,-0.18215555,-0.16665542,0.07480168,0.9831737,0.47577244,0.87946105,0.013736069
1356525954581,-0.85952544,0.44462985,-0.2520323,-0.23359609,0.096842885,0.96749896,0.45458648,0.89046377,0.020624876
1356525954621,-0.839109,0.41930792,-0.34652117,-0.3258203,0.12268603,0.93743765,0.43558833,0.899516,0.033672154
1356525954661,-0.7987449,0.4038562,-0.44598967,-0.42723033,0.14123833,0.8930431,0.4236518,0.90385395,0.05972624
1356525954701,-0.7447693,0.41323224,-0.52398264,-0.5149523,0.14351982,0.845119,0.42443234,0.8992448,0.10590577
1356525954741,-0.68880236,0.4534055,-0.56566316,-0.57723105,0.1290406,0.80632055,0.43858367,0.8819138,0.1728363
1356525954785,-0.63650125,0.5118085,-0.5769907,-0.6195766,0.10623586,0.7777139,0.45933768,0.8525058,0.2494852
1356525954823,-0.5854594,0.5606418,-0.58559215,-0.65629274,0.09629518,0.74833626,0.4759383,0.8224403,0.31156814
1356525954887,-0.53891563,0.5868332,-0.60431516,-0.68774575,0.10771465,0.717916,0.48639047,0.80251133,0.3455429
1356525954901,-0.49729472,0.5869622,-0.6388844,-0.7140925,0.14129215,0.6856445,0.49271676,0.79718995,0.34888148
1356525954942,-0.4620412,0.5635747,-0.684764,-0.7347871,0.18908066,0.6514112,0.49659446,0.8041345,0.3267442
1356525954979,-0.43550712,0.52250004,-0.7330261,-0.7495723,0.24042737,0.61671394,0.49847263,0.81803936,0.28694373
1356525955022,-0.4202119,0.47070974,-0.7757926,-0.75798863,0.28793746,0.58527356,0.4988737,0.833981,0.23579794
1356525955061,-0.42053378,0.4185537,-0.80496216,-0.75780594,0.32581347,0.5653103,0.49888024,0.84773725,0.1801669
1356525955101,-0.4389199,0.37526858,-0.8164085,-0.74676406,0.35294724,0.5637124,0.49969268,0.8570891,0.12532151
1356525955141,-0.4786182,0.35046405,-0.8050464,-0.7202558,0.36766344,0.58826464,0.50215167,0.8613934,0.07645333
1356525955181,-0.53975123,0.3510042,-0.7651566,-0.67206657,0.36768585,0.6427547,0.5069468,0.86116385,0.037439346
1356525955221,-0.6177326,0.37908068,-0.68898785,-0.59457624,0.34826505,0.7247003,0.51467025,0.8573268,0.010257781
1356525955261,-0.6993258,0.4283986,-0.57220465,-0.4845118,0.30445868,0.82009345,0.5255396,0.8507524,-0.0053517222
1356525955301,-0.76576215,0.48339707,-0.42418832,-0.35178047,0.23732412,0.9054987,0.5383855,0.8426177,-0.011684239
1356525955341,-0.80554515,0.5262053,-0.27240574,-0.2210701,0.15963507,0.96210426,0.5497499,0.83523923,-0.012265027
1356525955381,-0.82365006,0.54797786,-0.146017,-0.11571337,0.08966899,0.98922694,0.5551676,0.8316729,-0.010447562
1356525955421,-0.8325827,0.5509683,-0.05692011,-0.042876333,0.03834659,0.9983442,0.5522387,0.8336446,-0.008303225
1356525955461,-0.8408288,0.5412914,-0.0032620132,7.2962046E-4,0.0071596503,0.99997413,0.5413008,0.8408046,-0.00641495
1356525955501,-0.8510493,0.5246591,0.021164984,0.020452678,-0.0071546435,0.9997652,0.5246873,0.8512823,-0.0046417117
1356525955541,-0.86302143,0.50480413,0.019154489,0.017865986,-0.00739336,0.999813,0.50485134,0.8632023,-0.0026382804
1356525955581,-0.8753195,0.48341244,-0.011317238,-0.009964958,0.0053660274,0.9999359,0.4834422,0.8753763,1.2022257E-4
1356525955621,-0.88437486,0.46055532,-0.07596052,-0.069665805,0.030679107,0.99709857,0.4615494,0.8871007,0.004953146
1356525955661,-0.8817536,0.4365273,-0.17875846,-0.16708966,0.06534755,0.98377377,0.4411255,0.8973147,0.015318692
1356525955701,-0.85469496,0.41676474,-0.3095213,-0.2953949,0.099856734,0.95014226,0.42689362,0.90351295,0.037763238
1356525955741,-0.7995094,0.41603956,-0.43323883,-0.42393073,0.120129526,0.89769244,0.42552033,0.9013767,0.08032721
1356525955786,-0.7319375,0.44818938,-0.51321894,-0.52018946,0.118920565,0.84573096,0.44007993,0.8859933,0.146101
1356525955823,-0.66766655,0.5049675,-0.5470185,-0.5820747,0.10399741,0.8064574,0.46412337,0.85685027,0.2244932
1356525955863,-0.60757154,0.55975133,-0.5635027,-0.6280914,0.095662475,0.772237,0.48616678,0.8231204,0.29345316
1356525955902,-0.5477359,0.5928069,-0.59039426,-0.67008907,0.11169922,0.73382825,0.500965,0.7975609,0.3360517
1356525955943,-0.48429513,0.59639263,-0.640136,-0.7110934,0.15794289,0.6851279,0.5097102,0.7870006,0.34759986
1356525955981,-0.4159441,0.5691161,-0.70929354,-0.7496432,0.22695893,0.6217111,0.51480633,0.79031414,0.33223182
1356525956021,-0.3451047,0.51351905,-0.7856214,-0.78282464,0.3042817,0.542769,0.51777244,0.8023159,0.29698634
1356525956061,-0.2786348,0.4375601,-0.85492915,-0.8076018,0.37500298,0.45513982,0.51975197,0.8172601,0.2488854
1356525956101,-0.22629568,0.35464042,-0.9072048,-0.8227779,0.4289237,0.3729089,0.52137023,0.83081573,0.19472665
1356525956141,-0.1982091,0.28072056,-0.93910015,-0.829303,0.46268052,0.31334183,0.5224649,0.8409058,0.14109492
1356525956181,-0.20480216,0.2318137,-0.95095664,-0.8273654,0.47811878,0.29473546,0.522994,0.84715104,0.09387481
1356525956221,-0.25630072,0.2209624,-0.94100237,-0.8120035,0.4789032,0.33361945,0.5243664,0.8496041,0.05667907
1356525956261,-0.3608844,0.2566961,-0.8965877,-0.76824105,0.46322492,0.44184658,0.5287421,0.848251,0.030033827
1356525956301,-0.5140779,0.3382229,-0.7882444,-0.6696634,0.415981,0.6152323,0.5359804,0.8441357,0.012648761
1356525956341,-0.6731323,0.43657148,-0.5969072,-0.50271374,0.3218465,0.8023053,0.5423761,0.8401311,0.0028252602
1356525956381,-0.7782168,0.5031367,-0.37580854,-0.31475383,0.20533901,0.9266962,0.54342306,0.83945775,-0.0014340878
1356525956421,-0.8261999,0.5252206,-0.20380676,-0.17079885,0.11121911,0.97900873,0.53686273,0.84366685,-0.0021821856
1356525956461,-0.84783876,0.52044916,-0.101499215,-0.085950285,0.053997576,0.994835,0.52324176,0.8521836,-0.0010485053
1356525956501,-0.8619369,0.50377846,-0.05720164,-0.049806625,0.02814287,0.9983623,0.5045633,0.86337435,8.340478E-4
1356525956542,-0.8738625,0.48224333,-0.061689526,-0.055392712,0.027301967,0.9980913,0.4830071,0.8756117,0.0028546453
1356525956581,-0.8814728,0.4573558,-0.117605954,-0.10679974,0.04951763,0.99304664,0.45999923,0.88790405,0.0051971674
1356525956621,-0.8731994,0.4263581,-0.23609704,-0.21635713,0.0949648,0.9716848,0.43670654,0.8995558,0.009322286
1356525956661,-0.8229227,0.38492164,-0.41789183,-0.38736364,0.15795141,0.9082955,0.41562924,0.9093331,0.01912278
1356525956701,-0.71075165,0.34081888,-0.61536545,-0.57709366,0.21770883,0.78712505,0.4022376,0.91457385,0.041947484
1356525956741,-0.5744445,0.32601178,-0.7508193,-0.71214914,0.25317246,0.65478784,0.4035553,0.9108347,0.086735606
1356525956787,-0.47168374,0.36364555,-0.8032909,-0.7742486,0.2651478,0.5746614,0.42196387,0.8930054,0.15648615
1356525956823,-0.40370268,0.43434003,-0.8052161,-0.7967199,0.26574337,0.54278713,0.44973505,0.8606562,0.23876601
1356525956863,-0.3350891,0.49406987,-0.8022532,-0.8137339,0.2774418,0.5107477,0.47492355,0.8239666,0.30907375
1356525956903,-0.24266279,0.51198274,-0.8240075,-0.8356275,0.32115585,0.44562942,0.4927894,0.796701,0.34989434
1356525956941,-0.12338644,0.47702235,-0.870187,-0.85462314,0.39460748,0.33749697,0.5043759,0.78532445,0.3589852
1356525956981,0.008912206,0.39225173,-0.9198147,-0.8592564,0.4734968,0.19359559,0.5114676,0.7886313,0.34126472
1356525957021,0.1306104,0.2774088,-0.95183253,-0.8470435,0.53014344,0.038277507,0.51522624,0.8012442,0.3042196
1356525957061,0.22359529,0.1584396,-0.96171826,-0.8265054,0.55380833,-0.100920945,0.5166177,0.81743085,0.2547801
1356525957101,0.28259605,0.054112554,-0.9577116,-0.8083139,0.55101967,-0.20737901,0.51649606,0.832736,0.19945592
1356525957141,0.3105728,-0.027136147,-0.9501622,-0.7985473,0.5347773,-0.27628848,0.5156225,0.84455717,0.14441782
1356525957181,0.31197882,-0.082870305,-0.946468,-0.7984309,0.5170718,-0.30845568,0.51495373,0.85192096,0.09514922
1356525957221,0.2893042,-0.112647444,-0.95058596,-0.8062345,0.5066643,-0.30541316,0.516032,0.85475254,0.055759847
1356525957261,0.24200597,-0.1158762,-0.9633306,-0.81864053,0.50855625,-0.26683006,0.5208272,0.8531959,0.028212667
1356525957301,0.16561328,-0.08953816,-0.9821177,-0.83144706,0.5228753,-0.18787563,0.53034717,0.84769356,0.012148857
1356525957341,0.05243568,-0.027680784,-0.99824065,-0.8383949,0.5418537,-0.059064686,0.54253536,0.8400169,0.005205035
1356525957381,-0.09922624,0.070418894,-0.99257,-0.82786226,0.5475902,0.121609926,0.5520852,0.8337782,0.003961861
1356525957421,-0.26474553,0.1820218,-0.9469835,-0.7894572,0.523032,0.32123947,0.55377525,0.8326497,0.0052280426
1356525957461,-0.39836413,0.26697737,-0.87751305,-0.7370735,0.47623712,0.4795007,0.54592013,0.8378075,0.0070661306
1356525957501,-0.47715908,0.30676162,-0.823539,-0.7006595,0.4328547,0.5671975,0.53046715,0.84766394,0.008394957
1356525957541,-0.5044715,0.30788466,-0.8066694,-0.6962489,0.4074685,0.59093726,0.51063293,0.8597537,0.008808136
1356525957581,-0.48747844,0.28122467,-0.8266059,-0.7235605,0.39976454,0.5627153,0.48869714,0.872411,0.0086064935
1356525957621,-0.4311201,0.23588267,-0.8709161,-0.7727593,0.40177125,0.4913481,0.46580958,0.8848385,0.009068847
1356525957661,-0.3460259,0.1853627,-0.91973186,-0.8267766,0.40315774,0.3923063,0.44351593,0.89616096,0.013750553
1356525957720,-0.25242737,0.1503239,-0.9558677,-0.8687599,0.3997753,0.29229423,0.4260711,0.9042026,0.029681146
1356525957741,-0.16970536,0.14906377,-0.9741561,-0.89160794,0.39785787,0.21620443,0.41980392,0.9052564,0.065387785
1356525957797,-0.10262203,0.18494102,-0.9773769,-0.8980167,0.40537238,0.1709947,0.4278255,0.8952486,0.12448001
1356525957809,-0.035990655,0.22823754,-0.97293997,-0.8970305,0.42175865,0.13212112,0.44050083,0.877512,0.18955666
1356525957838,0.021435916,0.2725944,-0.9618903,-0.89047354,0.44261456,0.105590135,0.45452994,0.8542744,0.25222594
1356525957882,0.0750218,0.30268142,-0.9501345,-0.87992823,0.46836907,0.079728484,0.46914598,0.8300689,0.30147576
1356525957921,0.12989238,0.30071676,-0.9448266,-0.8665291,0.49758163,0.03924066,0.48192868,0.8136227,0.32521188
1356525957961,0.17917049,0.267588,-0.94672835,-0.85139143,0.5243718,-0.012916744,0.49298128,0.80835074,0.32177407
1356525958001,0.21537903,0.2143529,-0.95271444,-0.83755475,0.5421854,-0.06735784,0.5021095,0.8124579,0.29630762
1356525958041,0.23413232,0.15327564,-0.9600462,-0.82809126,0.5488106,-0.11433163,0.50935924,0.8217746,0.25542057
1356525958081,0.2340153,0.09428367,-0.9676504,-0.824458,0.54673535,-0.14611426,0.5152725,0.8319802,0.20567739
1356525958121,0.21525821,0.04494691,-0.9755223,-0.8264496,0.54054415,-0.15745848,0.52023554,0.8401142,0.15350294
1356525958161,0.17852418,0.011016309,-0.9838738,-0.83260447,0.5345262,-0.14509127,0.5243079,0.84508,0.104598105
1356525958201,0.12377019,-0.0028676987,-0.9923067,-0.84029555,0.5315956,-0.10634607,0.5278108,0.84699345,0.06338602
1356525958241,0.050253168,0.006676793,-0.99871427,-0.84529364,0.53287894,-0.038970888,0.5319336,0.8461652,0.03242272
1356525958281,-0.042880714,0.041976124,-0.9981979,-0.8415942,0.5369075,0.058731347,0.5384052,0.8425962,0.012303948
1356525958321,-0.15479618,0.10352197,-0.9825077,-0.82217336,0.5379179,0.18621293,0.54778564,0.83661675,0.0018453598
1356525958361,-0.2786712,0.18557423,-0.94228685,-0.7818701,0.5259142,0.33480337,0.5576929,0.83004606,-0.0014621615
1356525958401,-0.39980668,0.27171275,-0.87540084,-0.72314155,0.4933493,0.483397,0.56322354,0.8263042,-7.5751543E-4
1356525958441,-0.5014908,0.34080085,-0.79521173,-0.6590961,0.4449227,0.60633,0.5604455,0.8281899,0.0014958978
1356525958481,-0.5760478,0.38177016,-0.72278666,-0.60566306,0.39447272,0.6910597,0.54894567,0.83584857,0.0039889812
1356525958521,-0.62447983,0.39625955,-0.6730553,-0.5727281,0.3535868,0.73956674,0.5310439,0.84732217,0.006141126
1356525958561,-0.6494522,0.39060652,-0.65240955,-0.5643709,0.3273911,0.7578262,0.50960493,0.8603729,0.007822096
1356525958601,-0.6512253,0.36993018,-0.6626139,-0.58231217,0.31632012,0.7489019,0.48663956,0.873552,0.009419262
1356525958641,-0.6273504,0.33776888,-0.7016721,-0.6259248,0.3173542,0.7123934,0.46330294,0.88611424,0.012325585
1356525958681,-0.5755919,0.3004639,-0.7605362,-0.68834853,0.3240431,0.6489779,0.44144094,0.8970605,0.020307362
1356525958721,-0.50019026,0.27224404,-0.82200533,-0.7543053,0.3291995,0.568024,0.42524487,0.90416306,0.040692747
1356525958788,-0.41370898,0.27178112,-0.86889577,-0.8076035,0.3310145,0.4880635,0.42026353,0.9036395,0.082547724
1356525958803,-0.327056,0.3057864,-0.89416385,-0.84254336,0.33415264,0.4224485,0.4279662,0.8915361,0.14835167
1356525958843,-0.24264598,0.35800433,-0.90164065,-0.8634412,0.34400612,0.36895663,0.442258,0.86803955,0.22564405
1356525958883,-0.15800244,0.3987095,-0.9033637,-0.8762126,0.36520857,0.3144425,0.45528737,0.84122133,0.29165053
1356525958922,-0.07241112,0.40594018,-0.9110265,-0.8825488,0.39942598,0.24812603,0.464612,0.8219924,0.3293391
1356525958963,0.010148108,0.37571636,-0.9266791,-0.88159955,0.44069654,0.16902328,0.47188908,0.8152446,0.3357036
1356525959002,0.08333373,0.3167605,-0.9448377,-0.8740915,0.47855794,0.08334443,0.47855976,0.8189292,0.31675768
1356525959043,0.14113715,0.24241379,-0.95985204,-0.8628814,0.5054059,7.633865E-4,0.4853,0.8281307,0.2805059
1356525959083,0.17998278,0.16520691,-0.96969736,-0.85147107,0.5197777,-0.06948486,0.49254766,0.8381753,0.23421997
1356525959123,0.19900475,0.09473032,-0.97540927,-0.8427178,0.52458465,-0.120985895,0.50022364,0.8460716,0.1842258
1356525959161,0.19918263,0.037484914,-0.9792452,-0.83816373,0.5242672,-0.15041739,0.50774777,0.85072833,0.1358434
1356525959201,0.18177365,-0.0016004145,-0.9833391,-0.83792305,0.52309525,-0.15574434,0.51462924,0.85227275,0.09374392
1356525959241,0.14912479,-0.02112174,-0.9885928,-0.8400181,0.52473474,-0.13792416,0.5216622,0.85100377,0.06050831
1356525959281,0.10230945,-0.021082997,-0.9945291,-0.84155434,0.53123885,-0.09783429,0.53039515,0.8469597,0.03660828
1356525959321,0.04308833,-0.0030064285,-0.99906677,-0.84013367,0.54105633,-0.037861943,0.5406652,0.840981,0.020787418
1356525959361,-0.025912449,0.030324578,-0.99920404,-0.83569664,0.54785424,0.038298935,0.5485796,0.8360239,0.011145949
1356525959406,-0.09952891,0.07273209,-0.99237293,-0.83066434,0.54299295,0.123107076,0.54780537,0.8365815,0.006372452
1356525959441,-0.17203519,0.11524892,-0.97832596,-0.8241604,0.52716196,0.20702651,0.53959584,0.84191334,0.0042931437
1356525959481,-0.23130682,0.14668825,-0.9617586,-0.82077277,0.50132966,0.27386242,0.5223305,0.8527315,0.004436791
1356525959521,-0.27294293,0.16382632,-0.9479784,-0.8220689,0.4721224,0.3182815,0.49970472,0.86617625,0.0058140755
1356525959561,-0.29504004,0.1676602,-0.9406601,-0.8291694,0.4442775,0.33925736,0.47479406,0.88006115,0.0079391
1356525959601,-0.2973392,0.16104606,-0.9410918,-0.8424603,0.4195636,0.33797503,0.44927743,0.89332557,0.010922134
1356525959641,-0.2810179,0.14836475,-0.948165,-0.860796,0.39786935,0.3173803,0.42433387,0.9053662,0.015903354
1356525959681,-0.2496967,0.13779712,-0.9584694,-0.8805245,0.37953368,0.2839556,0.40289965,0.9148586,0.026565433
1356525959721,-0.20896229,0.14138377,-0.96764934,-0.8962836,0.36810473,0.24733496,0.39116547,0.918972,0.04979992
1356525959791,-0.16441593,0.17095986,-0.9714629,-0.9033979,0.3693188,0.21788964,0.3960299,0.913442,0.09372288
1356525959803,-0.116333365,0.22328195,-0.967787,-0.9019165,0.38432336,0.1970841,0.4159485,0.8957906,0.156672
1356525959843,-0.066797554,0.28461504,-0.9563119,-0.8940197,0.4084913,0.18402061,0.44302016,0.8672538,0.22716522
1356525959883,-0.016871393,0.33053085,-0.9436444,-0.8838438,0.4363283,0.16863516,0.46747792,0.8368794,0.28477615
1356525959922,0.028410465,0.34619838,-0.93773115,-0.8736388,0.4644659,0.14500621,0.48574507,0.81511855,0.31564796
1356525959963,0.06349626,0.33158767,-0.9412853,-0.8646828,0.48921004,0.114005625,0.49828917,0.8066742,0.3177811
1356525960021,0.08466244,0.2949079,-0.95176756,-0.85855067,0.5063653,0.08052823,0.50569046,0.810323,0.29606354
1356525960054,0.0921202,0.22995517,-0.9688315,-0.85688996,0.51390576,0.04050079,0.5072015,0.82645106,0.24438739
1356525960093,0.07330257,0.17765635,-0.9813587,-0.8596081,0.5101779,0.028149664,0.50566846,0.8415205,0.19011223
1356525960128,0.04393795,0.13388294,-0.99002266,-0.86334705,0.5037297,0.029804438,0.50269413,0.8534236,0.13772029
1356525960170,0.004995078,0.09993854,-0.99498105,-0.86633575,0.49737534,0.04560846,0.4994371,0.86175984,0.08906472
1356525960211,-0.04758361,0.08266136,-0.99544096,-0.866294,0.49270406,0.082324356,0.49726284,0.86626196,0.048164427
1356525960251,-0.11350119,0.08512744,-0.98988414,-0.85976803,0.4908921,0.1407974,0.49791202,0.8670515,0.017473042
1356525960292,-0.19306785,0.10944328,-0.9750625,-0.84246945,0.49091625,0.22191525,0.50296116,0.86430514,-0.0025774837
1356525960331,-0.28495622,0.15495232,-0.94593334,-0.8101219,0.48854846,0.3240725,0.5123501,0.85866773,-0.01368469
1356525960371,-0.38327938,0.21552452,-0.8981347,-0.7613108,0.476866,0.43932283,0.5229747,0.85214317,-0.018691719
1356525960411,-0.4778731,0.2782327,-0.833201,-0.7010018,0.45081717,0.5525941,0.5293711,0.8481453,-0.020391762
1356525960451,-0.55819654,0.32831818,-0.76198673,-0.6403866,0.41346198,0.6472667,0.527562,0.84926814,-0.020542443
1356525960491,-0.6191473,0.3582539,-0.6987924,-0.5907424,0.3737998,0.71505046,0.51737803,0.8555279,-0.019801378
1356525960531,-0.66063386,0.36904988,-0.6537316,-0.55871475,0.33991188,0.7565036,0.5013987,0.86502135,-0.018363714
1356525960589,-0.68370974,0.36484826,-0.6320022,-0.5475327,0.3160721,0.7747944,0.48244065,0.87577635,-0.016335249
1356525960611,-0.6882619,0.34910274,-0.63594234,-0.559109,0.30332202,0.771617,0.46226895,0.8866357,-0.013578534
1356525960652,-0.6725633,0.3244967,-0.6651018,-0.5936973,0.29994386,0.7466974,0.4417941,0.8970705,-0.009078443
