1356524970176,-0.9218267,0.013591886,-0.38736394,-0.38694656,0.025838852,0.9217401,0.022537231,0.99957377,-0.018559694
1356524970202,0.5936426,-0.028313816,-0.8042306,-0.80441314,0.007109314,-0.59402776,0.022536725,0.9995738,-0.018555611
1356524970251,0.59371793,-0.028320909,-0.80417466,-0.8043574,0.0071074516,-0.5941032,0.022541165,0.9995736,-0.018560335
1356524970277,0.5942433,-0.028416991,-0.8037832,-0.8039685,0.007062733,-0.59463,0.022574514,0.9995712,-0.018649384
1356524970303,0.59606415,-0.028648734,-0.8024255,-0.8026174,0.0069267005,-0.59645396,0.022645801,0.99956554,-0.018865213
1356524970350,0.5998927,-0.02938214,-0.7995408,-0.79975545,0.0064632446,-0.60029125,0.022805452,0.99954736,-0.019621268
1356524970376,0.6084963,-0.030411541,-0.79297376,-0.7932249,0.005584657,-0.60890317,0.02294615,0.99952185,-0.020724937
1356524970420,0.6198922,-0.032170713,-0.7840273,-0.7843505,0.0038552284,-0.620306,0.022978306,0.999475,-0.022843316
1356524970449,0.6372429,-0.03412512,-0.76990706,-0.77032363,0.001439482,-0.6376515,0.022868216,0.99941653,-0.025370106
1356524970493,0.65771013,-0.03569624,-0.75242484,-0.75293016,-0.0011071414,-0.65809935,0.022658587,0.99936205,-0.027604938
1356524970533,0.67958987,-0.03656,-0.7326807,-0.7332495,-0.00332354,-0.6799516,0.022423953,0.99932593,-0.029066235
1356524970577,0.6992452,-0.03658983,-0.7139449,-0.71454,-0.0048900098,-0.6995775,0.02210623,0.9993184,-0.029564217
1356524970622,0.716917,-0.035779715,-0.6962398,-0.6968252,-0.0058968663,-0.71721673,0.021556228,0.9993423,-0.029159784
1356524970668,0.733336,-0.034692198,-0.67898065,-0.6795474,-0.006817974,-0.73359984,0.020820916,0.9993748,-0.028574854
1356524970718,0.7464579,-0.03343934,-0.6645919,-0.6651436,-0.008060239,-0.7466719,0.019611418,0.99940825,-0.028258592
1356524970758,0.75798225,-0.032413363,-0.65146935,-0.65201604,-0.009500146,-0.75814563,0.018385023,0.9994294,-0.028334975
1356524970797,0.76681364,-0.0316191,-0.64109063,-0.64164174,-0.011136495,-0.76692355,0.0171099,0.9994379,-0.028827757
1356524970837,0.7733527,-0.030907303,-0.6332222,-0.63377714,-0.012669146,-0.773412,0.015881658,0.999442,-0.029386051
1356524970876,0.7777723,-0.030041665,-0.62782776,-0.628379,-0.014131635,-0.777779,0.014493555,0.9994488,-0.029868752
1356524970915,0.78021455,-0.028749257,-0.624851,-0.62538385,-0.015629888,-0.7801608,0.012662739,0.9994645,-0.03017401
1356524970956,0.7808695,-0.026728064,-0.6241222,-0.6246122,-0.017214142,-0.7807453,0.010124087,0.9994945,-0.030136675
1356524970994,0.77998954,-0.023729116,-0.6253425,-0.6257558,-0.018748455,-0.7797936,0.0067795813,0.9995426,-0.029472224
1356524971036,0.7757186,-0.019791514,-0.6307686,-0.631073,-0.01995387,-0.77546686,0.0027614236,0.999605,-0.027968489
1356524971074,0.77450794,-0.0146069825,-0.6323955,-0.6325611,-0.020989828,-0.77422595,-0.0019647777,0.999673,-0.025496602
1356524971117,0.77171004,-0.008218318,-0.6359214,-0.63592947,-0.021871954,-0.7714371,-0.0075689554,0.99972695,-0.022105068
1356524971155,0.76740676,-2.6732683E-4,-0.6411605,-0.64099497,-0.0230456,-0.76719904,-0.014570832,0.9997344,-0.01785671
1356524971223,0.7621739,0.008690476,-0.647314,-0.64697176,-0.024946243,-0.76210576,-0.02277112,0.999651,-0.013390876
1356524971236,0.7555359,0.018491,-0.6548462,-0.654305,-0.028156951,-0.7557064,-0.03241226,0.99943244,-0.009174824
1356524971271,0.74818194,0.02789867,-0.66290677,-0.66213137,-0.032595664,-0.7486785,-0.042495042,0.99907917,-0.0059148967
1356524971315,0.73979706,0.03644848,-0.6718421,-0.67074347,-0.03862755,-0.74068284,-0.052948385,0.9985887,-0.0041289553
1356524971352,0.7302446,0.04318139,-0.6818198,-0.6803217,-0.04532574,-0.73151076,-0.062491626,0.99803853,-0.0037216619
1356524971395,0.7199486,0.047893614,-0.69237286,-0.6904062,-0.05235298,-0.721525,-0.07080424,0.9974795,-0.00462541
1356524971432,0.70811933,0.050490648,-0.70428526,-0.7018416,-0.058957636,-0.709889,-0.077365756,0.99698275,-0.0063126087
1356524971476,0.69472736,0.05118674,-0.7174494,-0.7145924,-0.06449078,-0.69656193,-0.08192366,0.99660456,-0.008225828
1356524971514,0.6800167,0.050510645,-0.7314546,-0.7282749,-0.0688657,-0.6818161,-0.08481115,0.99634635,-0.010044187
1356524971556,0.66374147,0.049527347,-0.7463206,-0.74284744,-0.07283957,-0.66548634,-0.08732143,0.9961132,-0.0115554035
1356524971594,0.64570946,0.049519777,-0.76197577,-0.7581281,-0.07749134,-0.64748496,-0.09110987,0.9957624,-0.012494549
1356524971641,0.62689775,0.050820768,-0.7774423,-0.7730986,-0.083056465,-0.6288245,-0.09652889,0.9952482,-0.012778461
1356524971676,0.60963845,0.052446514,-0.7909427,-0.7860793,-0.08849725,-0.61175793,-0.10208076,0.99469477,-0.012724236
1356524971718,0.5959745,0.052898824,-0.80125904,-0.79605794,-0.09203352,-0.59818196,-0.10538581,0.99434984,-0.012739107
1356524971756,0.58625853,0.05147764,-0.8084868,-0.8032886,-0.09242889,-0.58837426,-0.105015635,0.99438775,-0.012835845
1356524971795,0.5788259,0.048356682,-0.8140161,-0.80914116,-0.08988398,-0.58069897,-0.10124773,0.99477756,-0.012899771
1356524971835,0.5737594,0.04314059,-0.81788695,-0.8136445,-0.08424239,-0.5752267,-0.09371635,0.995511,-0.013233781
1356524971874,0.5707749,0.035312176,-0.82034695,-0.8169147,-0.07640275,-0.57167566,-0.0828639,0.9964515,-0.014761731
1356524971915,0.5709294,0.024011314,-0.82064795,-0.8180707,-0.06771304,-0.5711175,-0.06928185,0.9974159,-0.019016415
1356524971959,0.57597077,0.007871807,-0.8174324,-0.8157082,-0.060085267,-0.57533455,-0.053644627,0.99816215,-0.028186232
1356524971995,0.58700144,-0.013881773,-0.80946684,-0.8087201,-0.056281656,-0.58549476,-0.037430435,0.99831843,-0.044263884
1356524972034,0.6073326,-0.042303056,-0.79332066,-0.79411876,-0.061058566,-0.60468775,-0.022858828,0.9972374,-0.07067652
1356524972075,0.6386674,-0.07642469,-0.76567835,-0.7693516,-0.0818093,-0.6335657,-0.0142195225,0.99371356,-0.11104639
1356524972116,0.6823996,-0.11318591,-0.7221632,-0.730759,-0.12988578,-0.6701649,-0.017945528,0.9850475,-0.17134562
1356524972155,0.7282768,-0.14354545,-0.6700803,-0.684404,-0.20186755,-0.70060027,-0.03469947,0.96883655,-0.24525854
1356524972234,0.76897126,-0.1628103,-0.6182039,-0.63608944,-0.2914046,-0.7144744,-0.06382361,0.9426432,-0.3276437
1356524972237,0.79755384,-0.17099014,-0.57850695,-0.5965179,-0.36639047,-0.71408993,-0.08985706,0.91461486,-0.3942148
1356524972272,0.8148007,-0.17274122,-0.5534079,-0.57011145,-0.4120102,-0.71078867,-0.1052272,0.8946553,-0.43418795
1356524972316,0.820127,-0.1720862,-0.54569036,-0.5616883,-0.42394185,-0.71047837,-0.10907745,0.8891904,-0.44434497
1356524972355,0.81138796,-0.1718742,-0.55866706,-0.5749037,-0.40722114,-0.7096877,-0.10552403,0.89701176,-0.42922544
1356524972403,0.7810103,-0.17321205,-0.6000171,-0.6167333,-0.36514163,-0.6973604,-0.09830001,0.9146962,-0.39200503
1356524972436,0.7222376,-0.1758295,-0.6689222,-0.6855397,-0.31020716,-0.6586401,-0.09169608,0.93426734,-0.34458137
1356524972476,0.6129741,-0.17615923,-0.7702146,-0.78518486,-0.24441403,-0.56898713,-0.088018954,0.9535353,-0.28813705
1356524972515,0.44514692,-0.16836363,-0.8794873,-0.89112204,-0.17982298,-0.41661158,-0.088009804,0.9691839,-0.23008019
1356524972557,0.23609182,-0.14777848,-0.9604281,-0.9673908,-0.12905142,-0.21794662,-0.09173682,0.9805647,-0.17342749
1356524972595,0.057242244,-0.11953816,-0.99117804,-0.9936199,-0.10345438,-0.044906408,-0.09717369,0.98742485,-0.12469745
1356524972656,-0.05434692,-0.0929566,-0.9941859,-0.99303406,-0.099214375,0.063560516,-0.10454586,0.9907148,-0.0869171
1356524972680,-0.091893315,-0.07226035,-0.99314344,-0.9892423,-0.107378185,0.09934512,-0.11382064,0.99158883,-0.061615646
1356524972714,-0.07887775,-0.058459163,-0.9951687,-0.98882544,-0.122089624,0.08554688,-0.12650082,0.99079597,-0.048175752
1356524972754,-0.042410374,-0.04862991,-0.9979161,-0.98919547,-0.13825047,0.048776895,-0.1403344,0.98920274,-0.042241216
1356524972780,-0.008441806,-0.04070595,-0.9991355,-0.9885385,-0.15027362,0.014474541,-0.1507329,0.9878061,-0.03897077
1356524972819,0.014221668,-0.034614414,-0.9992995,-0.98798454,-0.15430653,-0.00871563,-0.15389678,0.9874165,-0.036393046
1356524972863,0.018833816,-0.03028515,-0.99936384,-0.9887675,-0.14879298,-0.014125019,-0.14827055,0.9884045,-0.03274733
1356524972902,4.5108795E-4,-0.027823836,-0.9996127,-0.9907844,-0.13540775,0.0033219159,-0.13544783,0.9903991,-0.027628452
1356524972943,-0.044040263,-0.027285486,-0.9986571,-0.99211395,-0.116223216,0.046927243,-0.11734763,0.9928483,-0.021951765
1356524972983,-0.118169844,-0.028632015,-0.99258053,-0.98846614,-0.09195,0.12033236,-0.09471312,0.9953519,-0.017436028
1356524973025,-0.22621489,-0.03199455,-0.97355187,-0.97160244,-0.06379074,0.2278583,-0.069393754,0.99745035,-0.016655624
1356524973065,-0.3529474,-0.038919896,-0.9348333,-0.93465626,-0.031211376,0.35418004,-0.042962044,0.9987548,-0.025360763
1356524973118,-0.4512987,-0.06220457,-0.8902022,-0.8920829,0.0060170293,0.45183167,-0.022749603,0.9980452,-0.058207095
1356524973155,-0.51589024,-0.104433864,-0.85026515,-0.8565079,0.044507325,0.51421136,-0.015858084,0.99353546,-0.11240929
1356524973220,-0.45917875,-0.18049291,-0.8698144,-0.88794446,0.06389493,0.45549098,-0.026636153,0.9814987,-0.1896069
1356524973239,-0.2931493,-0.2770813,-0.9150352,-0.9548345,0.03627473,0.29491544,-0.04852295,0.96016145,-0.27520072
1356524973277,-0.14458904,-0.34980896,-0.9255959,-0.9871125,-0.013838023,0.15942845,-0.068577945,0.9367188,-0.34329998
1356524973315,-0.10855049,-0.38742086,-0.9154899,-0.99073637,-0.033430457,0.13161978,-0.08159748,0.9212966,-0.38020307
1356524973361,-0.19520822,-0.39394158,-0.8981669,-0.9767844,-0.004300624,0.21418133,-0.08823761,0.91912544,-0.38395643
1356524973396,-0.32613736,-0.37406456,-0.86816484,-0.94090307,0.03975016,0.33633527,-0.09130138,0.9265504,-0.36492252
1356524973437,-0.46919662,-0.3288488,-0.81958103,-0.8782346,0.07653439,0.47206616,-0.09251225,0.9412763,-0.32471603
1356524973476,-0.55324405,-0.28066114,-0.7843152,-0.82774734,0.07946044,0.55544615,-0.09357014,0.9565121,-0.27627754
1356524973517,-0.6069178,-0.23181146,-0.76020664,-0.78903764,0.061124384,0.61129653,-0.09523839,0.9708384,-0.2200054
1356524973555,-0.61459804,-0.19034967,-0.7655301,-0.782868,0.02798915,0.621558,-0.096886784,0.98131734,-0.16622078
1356524973595,-0.5953675,-0.15400538,-0.7885556,-0.79737985,-0.0071948767,0.603435,-0.09860578,0.98804384,-0.11851722
1356524973635,-0.5399577,-0.123138815,-0.8326359,-0.83550036,-0.041355133,0.5479314,-0.101905376,0.9915274,-0.08055252
1356524973675,-0.44495678,-0.096692145,-0.8903169,-0.8888964,-0.0732947,0.45220697,-0.10898036,0.992612,-0.053336322
1356524973721,-0.3185007,-0.07289562,-0.94511557,-0.94021976,-0.10255319,0.32476068,-0.12059829,0.9920529,-0.035874605
1356524973754,-0.17888999,-0.048591644,-0.9826684,-0.9751146,-0.12418592,0.18365574,-0.13095772,0.9910685,-0.02516675
1356524973796,-0.0558604,-0.027160019,-0.9980691,-0.9892334,-0.13392186,0.059010267,-0.135266,0.99061966,-0.01938665
1356524973836,0.04408866,-0.010543138,-0.99897194,-0.9904146,-0.13148248,-0.04232326,-0.13090107,0.99126244,-0.016238987
1356524973875,0.11550856,4.9623847E-4,-0.9933064,-0.98595357,-0.121393085,-0.114714146,-0.12063745,0.9926044,-0.013532639
1356524973915,0.15841162,0.0067431033,-0.9873501,-0.9817885,-0.10513008,-0.15823728,-0.10486722,0.9944356,-0.010033488
1356524973954,0.17454726,0.008901805,-0.98460853,-0.98088837,-0.08573687,-0.17466286,-0.08597207,0.99627805,-0.006233424
1356524973996,0.17172185,0.007304728,-0.9851184,-0.9831329,-0.062615365,-0.17184004,-0.06293878,0.998011,-0.0035709143
1356524974037,0.15195137,4.62085E-4,-0.98838794,-0.9876547,-0.038442135,-0.15185666,-0.03806591,0.9992608,-0.0053849816
1356524974079,0.13093755,-0.015612096,-0.9912677,-0.99127996,-0.016997606,-0.13067144,-0.014809132,0.9997336,-0.017701626
1356524974122,0.14489454,-0.05291629,-0.988031,-0.9894469,-0.007113874,-0.14472112,6.2933564E-4,0.99857354,-0.053388596
1356524974156,0.20042875,-0.10999584,-0.9735139,-0.9796921,-0.016791493,-0.1998035,0.005630791,0.99379027,-0.111127585
1356524974217,0.31290716,-0.17823303,-0.93291056,-0.94978356,-0.05820918,-0.3074456,4.9299E-4,0.98226506,-0.18749687
1356524974235,0.4231745,-0.23257235,-0.8756903,-0.90601397,-0.11702466,-0.40674806,-0.007879019,0.965513,-0.26023564
1356524974275,0.485375,-0.2631978,-0.8337494,-0.87418354,-0.1620633,-0.45775402,-0.014640331,0.9510323,-0.30874467
1356524974319,0.49087948,-0.27644053,-0.82620704,-0.87101257,-0.17678411,-0.45834985,-0.019353777,0.9446312,-0.32756284
1356524974357,0.4281096,-0.27625617,-0.86046773,-0.9034126,-0.1559275,-0.39941493,-0.023829758,0.9483508,-0.31632733
1356524974405,0.31063363,-0.2632566,-0.91334695,-0.9500578,-0.116262645,-0.28960836,-0.029946804,0.95769453,-0.2862241
1356524974437,0.15158668,-0.23525715,-0.9600394,-0.9876566,-0.07481113,-0.1376149,-0.03944671,0.96904975,-0.24369365
1356524974484,-0.041595638,-0.18817303,-0.9812547,-0.9975339,-0.047747314,0.051442087,-0.056532264,0.9809746,-0.18572295
1356524974525,-0.16012621,-0.1427539,-0.9767195,-0.984235,-0.05219817,0.16898748,-0.07510665,0.9883808,-0.13214505
1356524974564,-0.21749038,-0.10637352,-0.97024876,-0.97152936,-0.07209879,0.22568202,-0.093960345,0.9917089,-0.08766425
1356524974605,-0.22524548,-0.07907826,-0.9710876,-0.96784085,-0.09643507,0.23234534,-0.11202037,0.992193,-0.054813623
1356524974645,-0.19904733,-0.058931977,-0.9782163,-0.97144985,-0.11962658,0.20487726,-0.12909445,0.99106836,-0.033438146
1356524974687,-0.15510392,-0.042998523,-0.98696196,-0.97741354,-0.13848758,0.15963677,-0.1435461,0.9894303,-0.02054739
1356524974726,-0.10918403,-0.030525386,-0.9935527,-0.98228246,-0.14984608,0.112549305,-0.15231559,0.988238,-0.013623714
1356524974764,-0.06967032,-0.020913184,-0.9973508,-0.985784,-0.15178746,0.07204506,-0.152892,0.98819184,-0.01004082
1356524974806,-0.042862713,-0.014640361,-0.9989737,-0.9886929,-0.14319342,0.04452017,-0.14369825,0.9895865,-0.00833717
1356524974844,-0.032175243,-0.011300951,-0.9994183,-0.9913777,-0.12672049,0.033349276,-0.12702364,0.9918741,-0.007126212
1356524974885,-0.038505375,-0.009910345,-0.99920917,-0.99366724,-0.10525221,0.039335787,-0.10555884,0.99439615,-0.0057947636
1356524974924,-0.060584366,-0.009569526,-0.9981172,-0.9948833,-0.08041638,0.061159045,-0.08085024,0.9967154,-0.0046485662
1356524974965,-0.095404506,-0.010119379,-0.99538714,-0.9939831,-0.05308628,0.09580964,-0.053810894,0.9985387,-0.0049937963
1356524975005,-0.13630694,-0.013474435,-0.99057496,-0.99033237,-0.024116635,0.13660166,-0.025730014,0.9996183,-0.010056913
1356524975045,-0.17135173,-0.025828898,-0.98487127,-0.98520976,0.0039863586,0.17130607,-4.9859285E-4,0.9996584,-0.02613002
1356524975086,-0.17706746,-0.060452342,-0.98234046,-0.9840801,0.026375055,0.17575794,0.01528427,0.9978226,-0.06416005
1356524975124,-0.14483094,-0.11955503,-0.982207,-0.9892775,0.03637421,0.14144602,0.018816411,0.99216104,-0.123541236
1356524975165,-0.06583649,-0.19949874,-0.9776839,-0.99778664,0.02233982,0.0626317,0.009346366,0.97964334,-0.20052797
1356524975223,0.019827038,-0.27026027,-0.9625831,-0.9997919,-0.009972125,-0.017793655,-0.0047901273,0.96273565,-0.27040178
1356524975245,0.07684386,-0.31312346,-0.94659853,-0.9968748,-0.04157573,-0.0671725,-0.0183222,0.948802,-0.31533974
1356524975288,0.08821812,-0.32505292,-0.9415721,-0.99567336,-0.056474596,-0.07379058,-0.02918911,0.944008,-0.3286286
1356524975325,0.062710404,-0.3145282,-0.94717443,-0.9973198,-0.055588484,-0.047571123,-0.037689537,0.9476191,-0.31717122
1356524975364,0.005757779,-0.28598437,-0.958217,-0.99894977,-0.045202047,0.007488191,-0.04545489,0.95716757,-0.28594434
1356524975406,-0.06844774,-0.24580976,-0.9668983,-0.99617827,-0.035866648,0.07963872,-0.054255366,0.9686543,-0.24241543
1356524975444,-0.14476365,-0.20106483,-0.96882224,-0.98731923,-0.035114527,0.15481502,-0.06514755,0.9789484,-0.19343191
1356524975486,-0.2088936,-0.15901831,-0.96492314,-0.97481847,-0.044894636,0.2184344,-0.078054994,0.9862544,-0.14563572
1356524975526,-0.25347018,-0.1239869,-0.9593644,-0.9628393,-0.06325436,0.26256317,-0.093238354,0.99026567,-0.10334635
1356524975565,-0.27376455,-0.09834415,-0.9567557,-0.95559245,-0.08499521,0.2821683,-0.10906929,0.99151623,-0.070708275
1356524975606,-0.2735144,-0.08183718,-0.9583802,-0.95358336,-0.10741949,0.2813181,-0.12597099,0.99083996,-0.048657775
1356524975649,-0.25698024,-0.0709469,-0.96380895,-0.9559926,-0.1274221,0.26427588,-0.14156014,0.9893079,-0.035079777
1356524975686,-0.23305285,-0.06270832,-0.97044015,-0.96041113,-0.14178616,0.23980641,-0.15263286,0.9879091,-0.027182043
1356524975726,-0.20723289,-0.054536253,-0.9767703,-0.9658073,-0.1475954,0.21314767,-0.15579101,0.9875431,-0.022084892
1356524975765,-0.18534315,-0.0457007,-0.9816106,-0.9713608,-0.14261872,0.19004768,-0.14868134,0.988722,-0.017958462
1356524975804,-0.16949898,-0.036296546,-0.98486173,-0.9764934,-0.1288349,0.17280689,-0.13315678,0.9910016,-0.013605952
1356524975845,-0.16264778,-0.027062416,-0.986313,-0.98030317,-0.10907,0.16464943,-0.11203298,0.99366564,-0.00878942
1356524975884,-0.16737318,-0.018840343,-0.98571354,-0.9820368,-0.08516449,0.16837671,-0.087120116,0.99618876,-0.004247606
1356524975924,-0.1849035,-0.012855351,-0.9826726,-0.98095566,-0.058093786,0.1853404,-0.05946979,0.9982283,-0.001868844
1356524975983,-0.21177042,-0.012340575,-0.9772415,-0.97684,-0.028641522,0.21204513,-0.030606419,0.99951357,-0.0059893727
1356524976002,-0.23784071,-0.024205089,-0.9710026,-0.9712887,2.7537346E-4,0.23790386,-0.0054911077,0.999707,-0.023575604
1356524976043,-0.23706645,-0.061192513,-0.9695643,-0.9714525,0.024096012,0.23600733,0.008920759,0.99783504,-0.06515795
1356524976079,-0.19548059,-0.12590691,-0.9725918,-0.98065495,0.035368323,0.19252256,0.010159016,0.99141145,-0.13038504
1356524976126,-0.10041875,-0.21272069,-0.9719393,-0.99494475,0.020483375,0.09831259,-0.0010045171,0.9768983,-0.21370226
1356524976172,-0.008021891,-0.28577855,-0.9582621,-0.999843,-0.012849987,0.012202144,-0.015800774,0.9582095,-0.28563058
1356524976227,0.030455649,-0.32433683,-0.9454512,-0.9991521,-0.036093473,-0.019803584,-0.027701616,0.9452528,-0.32516104
1356524976256,-0.0023290217,-0.32846,-0.94451493,-0.9993247,-0.03387174,0.014243305,-0.036670744,0.9439103,-0.32815927
1356524976295,-0.08502549,-0.3080495,-0.9475633,-0.9954209,-0.015428543,0.094335556,-0.043679565,0.9512452,-0.30532712
1356524976335,-0.20318967,-0.26619244,-0.94226086,-0.97784734,0.0057460666,0.20924029,-0.05028394,0.9639027,-0.26146305
1356524976375,-0.31431037,-0.21657896,-0.9242848,-0.9475548,0.012223482,0.3193593,-0.05786851,0.97618854,-0.2090624
1356524976415,-0.40338194,-0.16793674,-0.8994888,-0.91250414,8.149147E-4,0.40906665,-0.067964286,0.9857974,-0.15357172
1356524976455,-0.45639008,-0.12936318,-0.8803257,-0.8862041,-0.022521913,0.46274725,-0.079689056,0.9913415,-0.10436344
1356524976495,-0.47818947,-0.10265088,-0.8722372,-0.873293,-0.049865663,0.48463684,-0.09324309,0.9934668,-0.06579906
1356524976535,-0.47115582,-0.087298274,-0.8777193,-0.87528944,-0.07669318,0.4774794,-0.10899821,0.99322563,-0.040276825
1356524976574,-0.44057274,-0.08058056,-0.89409316,-0.88871443,-0.10154545,0.44707412,-0.12681654,0.99156207,-0.02687502
1356524976634,-0.39347464,-0.07953346,-0.9158888,-0.9076591,-0.12466937,0.40076503,-0.14605749,0.98900557,-0.023135066
1356524976652,-0.3417343,-0.077955514,-0.93655777,-0.9258647,-0.14303112,0.3497379,-0.16122088,0.9866433,-0.023297668
1356524976691,-0.2968855,-0.073643535,-0.95206916,-0.9401895,-0.15186381,0.3049279,-0.16704085,0.98565406,-0.024152756
1356524976734,-0.26146805,-0.0661788,-0.9629407,-0.95151114,-0.14982486,0.2686614,-0.16205215,0.98649526,-0.023795485
1356524976784,-0.24159384,-0.05459237,-0.9688406,-0.96005607,-0.13178653,0.24682921,-0.14115512,0.9897737,-0.02057296
1356524976822,-0.23040944,-0.043842733,-0.9721055,-0.96588486,-0.1110695,0.23394433,-0.11822805,0.99284506,-0.01675558
1356524976863,-0.22990417,-0.03450176,-0.97260153,-0.9687357,-0.08764124,0.23209932,-0.09324786,0.99555445,-0.013273954
1356524976902,-0.24046004,-0.027948856,-0.97025657,-0.968367,-0.061745644,0.24177033,-0.066666335,0.9977005,-0.012217402
1356524976945,-0.25761628,-0.027118951,-0.9658667,-0.96543086,-0.03385818,0.25845072,-0.039711386,0.9990586,-0.017459035
1356524976983,-0.2676481,-0.039723605,-0.9626975,-0.96337533,-0.006081462,0.26808757,-0.01650405,0.9991922,-0.036641
1356524977025,-0.25246572,-0.07486728,-0.9647051,-0.96759915,0.015809119,0.25199613,-0.0036151707,0.99706817,-0.076432765
1356524977072,-0.1787948,-0.14491612,-0.97315556,-0.98385495,0.018424511,0.17801687,-0.007867575,0.98927236,-0.14587063
1356524977105,-0.07067758,-0.22830719,-0.97102034,-0.99726206,-0.005051732,0.07377544,-0.021748811,0.97357607,-0.22732502
1356524977145,0.04091391,-0.3010528,-0.95272934,-0.9984909,-0.04727742,-0.027939916,-0.036631227,0.9524348,-0.30253285
1356524977184,0.110232115,-0.3438895,-0.9325175,-0.99290264,-0.0802474,-0.08777693,-0.04464656,0.9355749,-0.3502946
1356524977227,0.11284554,-0.35301396,-0.9287879,-0.99261606,-0.08190441,-0.08947027,-0.044487596,0.93202615,-0.3596499
1356524977259,0.07926637,-0.34171537,-0.93645465,-0.9959713,-0.06665951,-0.059979856,-0.041927606,0.9374364,-0.34562254
1356524977300,0.0034207702,-0.30914253,-0.9510095,-0.99920756,-0.038769066,0.009008437,-0.039654702,0.9502251,-0.30903018
1356524977342,-0.089865595,-0.2618196,-0.9609239,-0.9951345,-0.015526384,0.09729537,-0.0403935,0.9649919,-0.25915045
1356524977396,-0.19548553,-0.2013104,-0.9598227,-0.97952247,-0.00800091,0.20117587,-0.048178256,0.97949487,-0.195624
1356524977437,-0.26651603,-0.14872149,-0.9522873,-0.96192837,-0.021000028,0.27249387,-0.06052375,0.98865616,-0.13746256
1356524977488,-0.30639684,-0.10993987,-0.9455339,-0.94871086,-0.04602182,0.31277743,-0.07790187,0.99287224,-0.090200186
1356524977527,-0.31764752,-0.08541268,-0.9443542,-0.9432681,-0.07307303,0.32389134,-0.09667125,0.9936624,-0.057355583
1356524977570,-0.30831218,-0.07319838,-0.9484649,-0.94405943,-0.099111915,0.31452915,-0.11702716,0.9923804,-0.038546205
1356524977606,-0.28591388,-0.06853825,-0.95580107,-0.9484425,-0.12213725,0.29247093,-0.13678437,0.9901439,-0.030083776
1356524977643,-0.25827187,-0.06703916,-0.96374345,-0.95408356,-0.13897443,0.26535034,-0.15172458,0.98802423,-0.028067768
1356524977684,-0.23146915,-0.06509593,-0.97066194,-0.96013474,-0.14545536,0.2387135,-0.15672725,0.987221,-0.028832436
1356524977724,-0.20973796,-0.061103135,-0.9758465,-0.96621406,-0.13995743,0.21643111,-0.14980158,0.9882704,-0.029684365
1356524977764,-0.19597763,-0.054886162,-0.97907114,-0.97151154,-0.12481421,0.20146146,-0.13325942,0.9906609,-0.028861761
1356524977805,-0.19303375,-0.04665667,-0.98008215,-0.97504157,-0.10254431,0.19692263,-0.10968959,0.9936336,-0.025697649
1356524977844,-0.20212638,-0.038005173,-0.97862184,-0.9758119,-0.077159524,0.20454249,-0.08328366,0.99629414,-0.021489978
1356524977886,-0.22260475,-0.029946893,-0.9744487,-0.97343934,-0.0480296,0.22385025,-0.053505987,0.9983969,-0.018459857
1356524977924,-0.25325012,-0.026112437,-0.96704835,-0.96710426,-0.017917812,0.2537486,-0.023953378,0.9994984,-0.020715773
1356524977964,-0.278444,-0.034363657,-0.95983756,-0.9604502,0.012144387,0.27818692,0.0020971298,0.99933565,-0.036386132
1356524978008,-0.28224945,-0.06675109,-0.957016,-0.95916116,0.0389542,0.28016508,0.0185785,0.99700904,-0.075019896
1356524978046,-0.25493336,-0.12653062,-0.9586444,-0.96669424,0.056530356,0.24961269,0.022608846,0.9903506,-0.13672793
1356524978084,-0.19691187,-0.20504719,-0.9587395,-0.9802944,0.056907296,0.18916804,0.015770912,0.9770964,-0.21221238
1356524978126,-0.13812292,-0.27578208,-0.9512446,-0.9904051,0.042775273,0.1314078,0.004449874,0.96026796,-0.27904427
1356524978164,-0.10876262,-0.31852406,-0.94165444,-0.99404234,0.028074026,0.105317205,-0.0071100593,0.9474989,-0.31967974
1356524978244,-0.1197243,-0.32934466,-0.9365886,-0.992646,0.022709638,0.11890447,-0.01789099,0.9439366,-0.32964152
1356524978246,-0.16584757,-0.31257218,-0.93530387,-0.9857443,0.025293916,0.1663385,-0.028335273,0.94955724,-0.31231117
1356524978281,-0.22742963,-0.27972862,-0.9327527,-0.9730232,0.027163804,0.22910237,-0.038749427,0.95969474,-0.2783603
1356524978326,-0.29699278,-0.23545563,-0.925395,-0.95352817,0.021584392,0.3005298,-0.05078739,0.97164536,-0.23092401
1356524978366,-0.35573125,-0.19314969,-0.91441154,-0.9324219,0.0067690015,0.361308,-0.063596815,0.981146,-0.18250495
1356524978404,-0.40199214,-0.15622362,-0.90221757,-0.91234744,-0.015185773,0.4091351,-0.07761741,0.987605,-0.13642561
1356524978450,-0.43362212,-0.12770247,-0.89199996,-0.89633703,-0.040462136,0.44152322,-0.09247583,0.9909868,-0.09691918
1356524978484,-0.45089668,-0.10834727,-0.8859758,-0.8860692,-0.06530368,0.45893025,-0.10758132,0.9919659,-0.066557944
1356524978526,-0.45604253,-0.09741497,-0.8846104,-0.88127273,-0.089098215,0.46413353,-0.12403074,0.99124765,-0.04521656
1356524978564,-0.45229876,-0.092239946,-0.88708377,-0.88070095,-0.11070126,0.4605552,-0.14068285,0.98956406,-0.031165779
1356524978611,-0.4444191,-0.089268655,-0.8913601,-0.88255167,-0.12698406,0.4527446,-0.15360445,0.98787963,-0.022350073
1356524978644,-0.43667966,-0.08495155,-0.8955971,-0.88560987,-0.13439906,0.44455838,-0.1581333,0.9872792,-0.01654452
1356524978685,-0.43300533,-0.0774259,-0.8980599,-0.88867265,-0.13010782,0.43969637,-0.1508885,0.98847216,-0.012468874
1356524978724,-0.43329024,-0.06745377,-0.89872664,-0.8910539,-0.11754447,0.43841335,-0.13521296,0.99077404,-0.009174049
1356524978766,-0.4382797,-0.055006266,-0.897154,-0.8918321,-0.09777105,0.44167435,-0.11201051,0.9936876,-0.0062052608
1356524978804,-0.44638115,-0.04216492,-0.893849,-0.89070296,-0.07503879,0.4483497,-0.08597791,0.9962888,-0.0040605664
1356524978845,-0.45631522,-0.029633671,-0.88932467,-0.8879849,-0.048959374,0.45725918,-0.057091027,0.9983611,-0.003973305
1356524978884,-0.4654652,-0.020346314,-0.88483226,-0.8846576,-0.01967889,0.46582583,-0.026890367,0.99959934,-0.008839667
1356524978924,-0.46768117,-0.02124992,-0.8836417,-0.8838967,0.012312591,0.46752003,9.4512105E-4,0.9996984,-0.02454108
1356524978967,-0.45050716,-0.04623142,-0.891575,-0.8925642,0.044912696,0.4486781,0.019300044,0.9979205,-0.061498046
1356524979004,-0.4045837,-0.101692796,-0.9088292,-0.91420984,0.07005018,0.39914078,0.023073941,0.99234647,-0.1213097
1356524979046,-0.32108474,-0.18784976,-0.92823327,-0.9469954,0.074254334,0.31254765,0.010213345,0.9793869,-0.20173484
1356524979101,-0.22010866,-0.27497473,-0.9359172,-0.97542346,0.052141517,0.21408042,-0.010066569,0.9600365,-0.2796936
1356524979132,-0.1363987,-0.33323085,-0.9329269,-0.9901391,0.01549843,0.13922757,-0.03193599,0.94271785,-0.33205885
1356524979168,-0.08746368,-0.35358396,-0.9313047,-0.9949961,-0.014321089,0.0988825,-0.048300564,0.93529314,-0.35056204
1356524979219,-0.098427355,-0.32939875,-0.9390466,-0.9933114,-0.024724364,0.11278802,-0.06036958,0.94386715,-0.32476205
1356524979263,-0.1364319,-0.28729847,-0.9480749,-0.98818934,-0.027935952,0.15067002,-0.06977266,0.9574336,-0.2800939
1356524979309,-0.18991211,-0.23823312,-0.9524591,-0.97865725,-0.03163883,0.20304942,-0.07850778,0.9706925,-0.22714001
1356524979347,-0.25363046,-0.18556273,-0.9493356,-0.963205,-0.041775286,0.26550153,-0.08892593,0.98174405,-0.16813946
1356524979385,-0.31282568,-0.1402748,-0.93939507,-0.9444895,-0.058603168,0.323273,-0.10039854,0.9883768,-0.11415553
1356524979424,-0.36015445,-0.105882615,-0.9268644,-0.9259305,-0.08058363,0.36899725,-0.11376047,0.99110806,-0.06901741
1356524979475,-0.39030725,-0.08536345,-0.9167187,-0.91149503,-0.104501605,0.39781424,-0.12975737,0.9908544,-0.037020624
1356524979515,-0.40329456,-0.075826585,-0.91192317,-0.90340275,-0.12563944,0.40997344,-0.14566043,0.98917395,-0.01783228
1356524979555,-0.4024688,-0.07325515,-0.912498,-0.9014181,-0.14204448,0.40898514,-0.15957558,0.9871459,-0.008865058
1356524979594,-0.3925845,-0.073047966,-0.91681045,-0.9043695,-0.15068191,0.399263,-0.16731209,0.9858798,-0.0069069862
1356524979635,-0.37897193,-0.0711827,-0.9226663,-0.9105234,-0.14942366,0.3855123,-0.16531,0.98620766,-0.0081861615
1356524979675,-0.36678296,-0.06619042,-0.92794895,-0.9177198,-0.13778192,0.3725677,-0.15251496,0.9882485,-0.010208249
1356524979714,-0.35874915,-0.058925927,-0.9315722,-0.9238933,-0.1199103,0.3633768,-0.13311744,0.99103445,-0.011423528
1356524979755,-0.3586356,-0.050028235,-0.93213606,-0.9271352,-0.09711605,0.36192378,-0.10863182,0.99401486,-0.011553645
1356524979794,-0.3686092,-0.04137546,-0.92866325,-0.9258789,-0.072770774,0.37074623,-0.08291936,0.9964901,-0.011484683
1356524979835,-0.38831633,-0.03342718,-0.9209197,-0.91984314,-0.046310365,0.38954332,-0.055669487,0.99836767,-0.012764692
1356524979874,-0.4165793,-0.028427392,-0.9086548,-0.90866923,-0.017725348,0.41714042,-0.027964443,0.9994387,-0.018447101
1356524979915,-0.44469112,-0.032171577,-0.89510596,-0.89567816,0.012372732,0.44453073,-0.0032263398,0.99940574,-0.034317434
1356524979960,-0.4559623,-0.056521326,-0.8882025,-0.8899249,0.041836143,0.45418423,0.011487842,0.99752444,-0.069375396
1356524979995,-0.43435597,-0.1107167,-0.8939109,-0.90068555,0.06442332,0.42966866,0.010017186,0.9917618,-0.12770355
1356524980035,-0.3678804,-0.19435355,-0.90933526,-0.92983675,0.068247736,0.3615878,-0.008215785,0.9785545,-0.20582414
1356524980074,-0.27540457,-0.28185263,-0.9190818,-0.96075845,0.047780275,0.2732404,-0.033099502,0.9582673,-0.28395116
1356524980115,-0.19589624,-0.34378237,-0.91838896,-0.97914,0.017058164,0.20246929,-0.053939372,0.93889433,-0.3399527
1356524980154,-0.15537626,-0.37048963,-0.9157487,-0.98559725,-0.0045040846,0.1690498,-0.0667558,0.9288257,-0.36445373
1356524980236,-0.17026934,-0.36085567,-0.9169469,-0.98273337,-0.0061956346,0.18492356,-0.072411805,0.9326011,-0.35356998
1356524980237,-0.21871889,-0.32811,-0.91897,-0.97290516,9.886622E-4,0.23120269,-0.07495138,0.94463897,-0.31943613
1356524980272,-0.28276682,-0.28329116,-0.9164001,-0.9560378,0.0058640838,0.2931847,-0.07768279,0.959016,-0.2724952
1356524980315,-0.35440242,-0.23145661,-0.90599495,-0.93138623,0.0011911988,0.36403057,-0.0831781,0.9728445,-0.21599764
1356524980355,-0.41676384,-0.1821644,-0.89057505,-0.9043666,-0.01585728,0.4264615,-0.0918082,0.98314023,-0.1581347
1356524980398,-0.46191102,-0.1413419,-0.8755916,-0.8809395,-0.04139644,0.47141472,-0.10287702,0.989095,-0.10539222
1356524980439,-0.48555917,-0.112048864,-0.8669933,-0.86657983,-0.06900096,0.49424517,-0.11520299,0.99130416,-0.063595235
1356524980475,-0.48795682,-0.09451753,-0.8677353,-0.86320424,-0.095264316,0.49578542,-0.12952465,0.9909547,-0.035103023
1356524980516,-0.471914,-0.086030096,-0.8774371,-0.8695419,-0.11891997,0.4793275,-0.14558136,0.9891698,-0.018686712
1356524980556,-0.4434628,-0.08311522,-0.8924307,-0.881669,-0.13867694,0.45103055,-0.16124707,0.98684376,-0.01178205
1356524980595,-0.4106956,-0.0803723,-0.9082232,-0.8956084,-0.1511721,0.41836902,-0.1709233,0.9852346,-0.009896398
1356524980637,-0.38131064,-0.0756506,-0.92134637,-0.90879583,-0.15194178,0.38859215,-0.16938823,0.9854901,-0.010813892
1356524980684,-0.35798275,-0.06736764,-0.9312948,-0.92074764,-0.14026219,0.3640747,-0.15515223,0.9878199,-0.011817157
1356524980724,-0.34126467,-0.057552725,-0.9382037,-0.93016636,-0.12308335,0.34589154,-0.13538423,0.99072605,-0.011529624
1356524980764,-0.33480966,-0.047094792,-0.9411081,-0.9356737,-0.101493895,0.3379552,-0.11143264,0.99372077,-0.010084212
1356524980804,-0.33924556,-0.03737086,-0.9399553,-0.9368444,-0.07692838,0.3411813,-0.085059464,0.9963361,-0.008913159
1356524980844,-0.35336202,-0.029957086,-0.9350069,-0.9337895,-0.04888296,0.35446808,-0.05632472,0.99835515,-0.010700285
1356524980884,-0.3724314,-0.029129386,-0.9276024,-0.92765236,-0.017926037,0.3730144,-0.027493924,0.99941486,-0.020345747
1356524980926,-0.378905,-0.045668304,-0.92430806,-0.92542905,0.014943242,0.3786262,-0.0034790635,0.99884486,-0.047924817
1356524980967,-0.35850245,-0.08707395,-0.92945904,-0.933473,0.044324756,0.3558982,0.010208607,0.99521524,-0.097171724
1356524981006,-0.28029275,-0.16235963,-0.9460842,-0.95986545,0.05738038,0.27452844,0.009714305,0.9850618,-0.17192668
1356524981044,-0.17091843,-0.2453514,-0.9542482,-0.9852824,0.044847876,0.16494599,0.0023262799,0.9683963,-0.24940574
1356524981084,-0.06948295,-0.30942908,-0.9483806,-0.99756217,0.015386969,0.06806591,-0.006468892,0.95079803,-0.30974382
1356524981124,-0.020311803,-0.3402558,-0.9401135,-0.99970037,-0.0059348643,0.023747265,-0.013659596,0.9403142,-0.34003323
1356524981165,-0.035686016,-0.34087202,-0.93943214,-0.9991758,-0.006026566,0.040142268,-0.019344926,0.9400904,-0.34037596
1356524981228,-0.10551536,-0.3177596,-0.9422819,-0.9941087,0.010088503,0.10791683,-0.0247854,0.9481176,-0.31695205
1356524981245,-0.2040433,-0.27860972,-0.938479,-0.97844803,0.026985794,0.20472202,-0.031711936,0.9600252,-0.2781114
1356524981289,-0.30521357,-0.23172891,-0.9236592,-0.9513581,0.031437993,0.30647913,-0.041982055,0.9722723,-0.23005247
1356524981326,-0.3834622,-0.18810242,-0.9041981,-0.9218901,0.019171476,0.3869769,-0.05545646,0.98196226,-0.18076134
1356524981366,-0.4349361,-0.15202588,-0.8875352,-0.8975629,-0.0058251023,0.44084796,-0.072190255,0.98835933,-0.13391924
1356524981404,-0.45636398,-0.12569588,-0.8808703,-0.88528734,-0.035360336,0.46369812,-0.089432836,0.9914384,-0.0951398
1356524981446,-0.45470333,-0.108207345,-0.88404524,-0.88404477,-0.065763354,0.46275258,-0.10821101,0.99195075,-0.065757275
1356524981484,-0.43227392,-0.096521616,-0.89656174,-0.8926878,-0.09473848,0.44060543,-0.12746683,0.99081194,-0.04521066
1356524981526,-0.39756262,-0.088429034,-0.9133041,-0.9058572,-0.12073815,0.40601116,-0.1461738,0.9887379,-0.03210318
1356524981569,-0.3567205,-0.08062032,-0.930726,-0.9205471,-0.13943797,0.3648975,-0.15919667,0.9869435,-0.024474382
1356524981605,-0.3170166,-0.07145932,-0.94572407,-0.93445015,-0.14698339,0.32434362,-0.1621831,0.9865543,-0.020179033
1356524981644,-0.28530425,-0.06139314,-0.95646864,-0.9460641,-0.14179456,0.2913021,-0.15350598,0.9879905,-0.017627299
1356524981684,-0.2644692,-0.051613152,-0.963012,-0.95463246,-0.12770742,0.26901245,-0.13686833,0.990468,-0.015496969
1356524981732,-0.25806302,-0.04276964,-0.96518093,-0.9592699,-0.107480705,0.26124534,-0.114911735,0.9932867,-0.013290882
1356524981762,-0.26855546,-0.03538972,-0.96261394,-0.95905125,-0.08353835,0.27063274,-0.08999279,0.99587595,-0.011505842
1356524981801,-0.29632825,-0.029700309,-0.95462424,-0.9530009,-0.056816936,0.29759207,-0.06307739,0.9979428,-0.011467993
1356524981844,-0.33873743,-0.02670458,-0.9405019,-0.94021666,-0.027946949,0.33942822,-0.035348445,0.9992527,-0.015641391
1356524981884,-0.3824411,-0.031716824,-0.92343533,-0.92393374,0.003141284,0.3825396,-0.009232193,0.99949193,-0.030505598
1356524981922,-0.41269863,-0.052160025,-0.909373,-0.91082317,0.033500254,0.41143522,0.009003758,0.9980767,-0.061334074
1356524981971,-0.3872038,-0.10372305,-0.9161412,-0.92191756,0.05636567,0.3832636,0.011885703,0.9930078,-0.117449105
1356524982003,-0.29189533,-0.18508264,-0.9383717,-0.9564502,0.056712568,0.28633308,2.2220612E-4,0.9810852,-0.19357646
1356524982045,-0.15220657,-0.26980236,-0.95081013,-0.9882052,0.025149733,0.15105629,-0.016842723,0.96258724,-0.27044803
1356524982082,-0.033385128,-0.3268656,-0.944481,-0.99898344,-0.017728895,0.041447222,-0.030292243,0.94490457,-0.32594144
1356524982123,0.020368129,-0.3497354,-0.9366271,-0.99906087,-0.042954534,-0.0056866407,-0.03824359,0.93586326,-0.35028183
1356524982164,-0.0025996566,-0.34460258,-0.938745,-0.99906766,-0.039559066,0.017288387,-0.043093532,0.9379148,-0.34417844
1356524982237,-0.08466408,-0.3181259,-0.9442605,-0.9952784,-0.01814267,0.0953508,-0.047464967,0.94787484,-0.3150878
1356524982247,-0.20227668,-0.2746823,-0.940018,-0.9778776,0.0044214427,0.20913142,-0.05328846,0.9615249,-0.26950008
1356524982297,-0.31189603,-0.2260704,-0.92282885,-0.9481393,0.011433423,0.31764945,-0.061260045,0.97404385,-0.21791232
1356524982321,-0.40069515,-0.17959973,-0.89843607,-0.9133713,0.0011518598,0.40712586,-0.072084785,0.98373914,-0.16450286
1356524982360,-0.45632517,-0.14159802,-0.8784745,-0.8857993,-0.021378398,0.46357596,-0.08442181,0.9896934,-0.11567199
1356524982400,-0.48175663,-0.113116115,-0.86897373,-0.87087524,-0.048418045,0.48911345,-0.097400606,0.99240136,-0.075184286
1356524982444,-0.4775778,-0.09377441,-0.87357074,-0.8715197,-0.07531804,0.48454162,-0.111233234,0.9927404,-0.045756042
1356524982486,-0.44737327,-0.080731034,-0.89069617,-0.8855026,-0.09973353,0.45380434,-0.12546837,0.9917337,-0.026869476
1356524982531,-0.39897525,-0.07351589,-0.9140099,-0.9059732,-0.12224835,0.40529984,-0.14153218,0.9897731,-0.017829359
1356524982569,-0.34205675,-0.067050666,-0.9372841,-0.92679226,-0.14055353,0.34828264,-0.1550912,0.98780006,-0.014064729
1356524982606,-0.29062808,-0.060606748,-0.9549147,-0.9430833,-0.15045428,0.2965763,-0.1616455,0.9867575,-0.013430953
1356524982645,-0.25042892,-0.053768367,-0.9666407,-0.95488214,-0.15092283,0.25577757,-0.15964094,0.9870821,-0.013547003
1356524982685,-0.22850865,-0.047069848,-0.9724033,-0.96220165,-0.1410904,0.23294088,-0.14816126,0.98887706,-0.013050377
1356524982724,-0.22960722,-0.04150918,-0.9723978,-0.96440697,-0.124922216,0.23305303,-0.13114795,0.9912979,-0.011348665
1356524982765,-0.25664878,-0.036480457,-0.965816,-0.9603305,-0.103146315,0.2590871,-0.10907197,0.993997,-0.008560896
1356524982804,-0.31497294,-0.032649994,-0.94853884,-0.9453391,-0.07809776,0.3165987,-0.084415734,0.9964109,-0.006266594
1356524982845,-0.39795506,-0.029545784,-0.916929,-0.91563445,-0.0492723,0.39898092,-0.056967407,0.9983483,-0.0074449778
1356524982884,-0.49755448,-0.030629605,-0.86689174,-0.86692023,-0.016790569,0.49816406,-0.029814154,0.99938977,-0.018199205
1356524982925,-0.58679193,-0.043601274,-0.808563,-0.8096867,0.02038598,0.5865081,-0.009089142,0.998841,-0.04726571
1356524982964,-0.63748115,-0.07833335,-0.76647353,-0.7704655,0.063807786,0.6342802,-7.7828765E-4,0.9948832,-0.101029396
1356524983005,-0.64984506,-0.13295522,-0.74834764,-0.76005685,0.108659565,0.64070797,-0.0038703382,0.9851477,-0.17166543
1356524983044,-0.6466878,-0.19115329,-0.73841405,-0.76266176,0.14692682,0.62988853,-0.011912435,0.9705014,-0.2408011
1356524983084,-0.6706548,-0.2268562,-0.70622826,-0.7415241,0.1805473,0.64617693,-0.019081652,0.957047,-0.2893042
1356524983125,-0.73759013,-0.22530444,-0.6365521,-0.6748068,0.21184683,0.7069347,-0.024423987,0.9509778,-0.30829304
1356524983165,-0.81131536,-0.19961107,-0.5494751,-0.5838623,0.22918129,0.7788329,-0.02953425,0.9526969,-0.30248374
1356524983237,-0.86605227,-0.16806173,-0.47085953,-0.49859077,0.22084606,0.8382328,-0.036887407,0.96071965,-0.27505827
1356524983245,-0.8937239,-0.14705935,-0.42382926,-0.44610628,0.19150579,0.87425095,-0.047401026,0.97041184,-0.23675746
1356524983282,-0.9046182,-0.1362733,-0.4038509,-0.4217333,0.14901727,0.8943908,-0.06170082,0.97939956,-0.19227469
1356524983322,-0.9044193,-0.13253444,-0.4055371,-0.41942793,0.10210967,0.9020276,-0.07814047,0.9859048,-0.14793861
1356524983366,-0.8958621,-0.13293178,-0.42398155,-0.43400663,0.057274878,0.8990873,-0.09523378,0.98946893,-0.10900372
1356524983403,-0.8778501,-0.13696042,-0.45893466,-0.46535864,0.017378747,0.8849516,-0.11322762,0.99042404,-0.07899165
1356524983445,-0.8477753,-0.14391893,-0.5104551,-0.5135282,-0.01776743,0.8578887,-0.13253589,0.98942995,-0.058843672
1356524983485,-0.8049848,-0.15188672,-0.573524,-0.5733349,-0.04948771,0.8178252,-0.1525992,0.9871582,-0.047245026
1356524983526,-0.75383013,-0.15587074,-0.63831365,-0.63509005,-0.07631606,0.7686589,-0.16852501,0.9848249,-0.04146254
1356524983574,-0.70631415,-0.150018,-0.69182,-0.68693125,-0.090844214,0.7210221,-0.17101416,0.9845009,-0.0388875
1356524983616,-0.6641505,-0.13575128,-0.7351705,-0.7301358,-0.09352362,0.67687154,-0.16064197,0.9863188,-0.03700304
1356524983664,-0.6449087,-0.112261504,-0.7559697,-0.7526926,-0.07814658,0.6537179,-0.13246375,0.99060106,-0.03410107
