1356526078422,0.88968015,-0.4435292,0.10840255,0.069877684,-0.102356434,-0.9922904,0.45120543,0.890396,-0.060071707
1356526078462,-0.20830673,0.17052156,0.963084,0.8677766,-0.42202175,0.2624148,0.4511898,0.89040446,-0.060064614
1356526078501,-0.20856816,0.17049569,0.9630319,0.86775976,-0.42192113,0.2626318,0.45110115,0.89045703,-0.059949964
1356526078542,-0.20958352,0.17031312,0.9628438,0.86762905,-0.42168158,0.26344737,0.45088205,0.89060545,-0.05939108
1356526078581,-0.21188122,0.16972864,0.962444,0.8672168,-0.4214098,0.26523334,0.45060104,0.8908456,-0.057902664
1356526078621,-0.21547037,0.16850293,0.9618624,0.86637807,-0.4214416,0.26791045,0.4505126,0.8910632,-0.055179
1356526078663,-0.2199567,0.16655943,0.9611852,0.86500335,-0.42221802,0.27111083,0.4509858,0.8910611,-0.0512048
1356526078701,-0.22543776,0.16405442,0.96034575,0.86283946,-0.4241256,0.2750012,0.45242235,0.8906199,-0.04593876
1356526078741,-0.23245054,0.16126329,0.95914596,0.8595237,-0.42745787,0.28017637,0.45517665,0.8895358,-0.039246768
1356526078781,-0.24155354,0.15847874,0.9573591,0.8546747,-0.4324668,0.2872344,0.45954657,0.88761306,-0.030983955
1356526078821,-0.2525434,0.15584496,0.9549525,0.84805954,-0.43951958,0.2960029,0.46585083,0.88461006,-0.021168023
1356526078861,-0.26405454,0.15324661,0.95225555,0.83977544,-0.449077,0.3051345,0.47439688,0.88025296,-0.010111898
1356526078901,-0.2743861,0.15035957,0.9497918,0.8301528,-0.4614693,0.31287777,0.48534384,0.8743216,0.0017992854
1356526078943,-0.28275537,0.14684522,0.9478849,0.81942075,-0.47670186,0.31828442,0.49859703,0.8667133,0.014461994
1356526078981,-0.28976923,0.1425435,0.9464223,0.80755824,-0.4943238,0.3217044,0.5136959,0.85751116,0.02812764
1356526079021,-0.29719985,0.13759893,0.9448486,0.79441,-0.5133447,0.32463843,0.52970284,0.8470796,0.043255955
1356526079061,-0.30733842,0.13247955,0.94233346,0.7799173,-0.5323106,0.3292028,0.5452267,0.8361188,0.06027636
1356526079101,-0.32247734,0.12789285,0.9378975,0.7639194,-0.5499285,0.33764738,0.5589593,0.8253618,0.07963973
1356526079141,-0.34439063,0.12466383,0.9305128,0.7457979,-0.5656962,0.35181433,0.5702461,0.815136,0.10184649
1356526079181,-0.37398314,0.12367809,0.9191519,0.72434515,-0.57997733,0.37276036,0.57918966,0.8051893,0.1273162
1356526079221,-0.41119945,0.12583914,0.90281755,0.69796455,-0.5935813,0.4006329,0.5863109,0.79487467,0.15624905
1356526079261,-0.45534384,0.13203463,0.8804708,0.66474533,-0.60745335,0.43487248,0.59226316,0.7833053,0.18883076
1356526079301,-0.5049962,0.14305246,0.85118437,0.6226838,-0.6225257,0.47405332,0.5976987,0.7694139,0.22529665
1356526079342,-0.55974543,0.15988119,0.8130947,0.5680143,-0.6404051,0.5169535,0.6033612,0.7512118,0.2676491
1356526079380,-0.61276406,0.18201117,0.7690203,0.50382745,-0.65972793,0.55759937,0.60883343,0.7291303,0.31255525
1356526079421,-0.66138244,0.20856467,0.720468,0.43029377,-0.6812645,0.59222126,0.6143457,0.7016976,0.36083233
1356526079461,-0.7013865,0.23733,0.6721096,0.35257545,-0.70398486,0.6165191,0.61947346,0.6693876,0.41008884
1356526079501,-0.7306796,0.26553634,0.6289657,0.27912256,-0.72456384,0.63015705,0.6230554,0.6360014,0.4553067
1356526079541,-0.7507224,0.29123425,0.59295744,0.2183547,-0.73774016,0.63879627,0.6234879,0.60903364,0.49024573
1356526079581,-0.76463634,0.31379458,0.5629069,0.17557475,-0.73898286,0.6504443,0.62008446,0.5961856,0.50995874
1356526079621,-0.77471596,0.33280212,0.5376411,0.1528701,-0.7264774,0.66997117,0.6135519,0.6012266,0.51193804
1356526079662,-0.78171027,0.34766716,0.517742,0.15009207,-0.70090836,0.6972804,0.6053111,0.6227802,0.49572507
1356526079701,-0.78533363,0.35783094,0.50518125,0.16583115,-0.6646124,0.72855365,0.5964487,0.6559324,0.46260294
1356526079741,-0.78441846,0.36288923,0.5029902,0.19860232,-0.621312,0.7579766,0.5875754,0.6944658,0.41529799
1356526079781,-0.7765008,0.36234075,0.51551485,0.2477833,-0.576631,0.7785243,0.579353,0.7322607,0.35797253
1356526079821,-0.75719255,0.35551545,0.5479674,0.31403092,-0.5374635,0.78263503,0.57275134,0.76468414,0.2953205
1356526079861,-0.7209383,0.3421673,0.6026355,0.39590475,-0.5103673,0.7634033,0.5687771,0.78895295,0.2324777
1356526079901,-0.66448075,0.32369006,0.67356515,0.48560458,-0.4980718,0.7184098,0.56802595,0.8044559,0.17377383
1356526079941,-0.5938071,0.30440566,0.74480224,0.56778395,-0.49734932,0.65594596,0.57010055,0.81239206,0.12249288
1356526079981,-0.5249144,0.2901914,0.8001587,0.628632,-0.5016148,0.59431,0.5738351,0.8149672,0.08088124
1356526080028,-0.47223723,0.2842312,0.83438885,0.66463774,-0.50696266,0.5488584,0.5790067,0.81375766,0.050495893
1356526080071,-0.44462746,0.28691414,0.8485202,0.6787001,-0.5102811,0.52818495,0.58452755,0.81073636,0.032156378
1356526080111,-0.43635988,0.29408053,0.85035676,0.67912734,-0.51230913,0.5256665,0.59023386,0.80688035,0.023833096
1356526080151,-0.43933427,0.3021204,0.8459956,0.67201716,-0.51442134,0.5326947,0.59613615,0.8025546,0.022972852
1356526080191,-0.44766802,0.3093613,0.8389809,0.66223323,-0.5157648,0.54353833,0.60086656,0.79892576,0.026022047
1356526080231,-0.45839667,0.315039,0.8310372,0.65362656,-0.5140811,0.5554214,0.6022,0.7977914,0.029735178
1356526080271,-0.47024697,0.31872404,0.8229718,0.64841825,-0.50780773,0.5671728,0.5986831,0.8003413,0.032128632
1356526080346,-0.48264778,0.32016915,0.81519496,0.6469712,-0.4970351,0.57825977,0.5903214,0.8065035,0.032752603
1356526080347,-0.49344778,0.31956995,0.8089403,0.64778274,-0.48561883,0.58698535,0.58041954,0.8136642,0.03261569
1356526080368,-0.50417626,0.31762025,0.8030715,0.64963245,-0.47322476,0.5950093,0.5690203,0.8216908,0.032252282
1356526080402,-0.5157983,0.31438398,0.79694086,0.6516659,-0.45988226,0.6031913,0.55613273,0.8304643,0.032333195
1356526080441,-0.53256756,0.30950755,0.7877671,0.65176314,-0.44382644,0.6149984,0.53997844,0.8409657,0.03464192
1356526080481,-0.5552476,0.3027626,0.7746191,0.646736,-0.42841208,0.63102734,0.52290773,0.85135055,0.04206735
1356526080522,-0.58816344,0.2956795,0.7527532,0.62859786,-0.41849202,0.65553737,0.50885016,0.8587421,0.060278177
1356526080561,-0.63714993,0.29146564,0.7135039,0.58439547,-0.42088127,0.69378734,0.5025156,0.859015,0.097833276
1356526080602,-0.7009679,0.29539543,0.6491422,0.5032873,-0.44001484,0.7436994,0.5053176,0.8480144,0.15976751
1356526080642,-0.76473266,0.31130815,0.5641552,0.39033622,-0.47278845,0.7900055,0.5126612,0.8243533,0.24004203
1356526080681,-0.81116056,0.33713454,0.47786906,0.2722832,-0.50544083,0.8187744,0.5175716,0.7942732,0.31819758
1356526080721,-0.8369459,0.36664948,0.40631235,0.17611983,-0.5224831,0.8342621,0.5181731,0.7697919,0.37271586
1356526080762,-0.8479903,0.39395657,0.354557,0.113845915,-0.51795626,0.8477974,0.51764035,0.7592888,0.3943715
1356526080801,-0.850268,0.41491628,0.3238653,0.08731176,-0.4955961,0.8641534,0.5190577,0.76303923,0.38516253
1356526080841,-0.8464722,0.42635816,0.31890976,0.09750961,-0.46469855,0.8800835,0.5234277,0.776063,0.35178047
1356526080881,-0.83410615,0.4248237,0.35184062,0.15060376,-0.438223,0.8861598,0.5306463,0.79213977,0.30154437
1356526080922,-0.8025543,0.40619105,0.43693894,0.2539736,-0.43009824,0.8663216,0.5398187,0.806241,0.24201524
1356526080980,-0.7350967,0.3690025,0.5687443,0.39748064,-0.44502437,0.8024727,0.5492195,0.8159598,0.18046463
1356526081002,-0.63409925,0.3243186,0.7019513,0.53623444,-0.4696076,0.7013711,0.5571093,0.82114935,0.123867035
1356526081042,-0.53817916,0.29373673,0.7899885,0.62697244,-0.4868778,0.60815746,0.56326604,0.82259876,0.07786265
1356526081079,-0.47823822,0.28570366,0.83045864,0.6686944,-0.49454647,0.5552221,0.5693294,0.8208515,0.045462668
1356526081122,-0.45119703,0.2918107,0.8433669,0.68043214,-0.49898553,0.5366801,0.57743686,0.8160025,0.026583433
1356526081161,-0.4418713,0.30187118,0.8447625,0.67794186,-0.50433093,0.53483194,0.58749014,0.80902666,0.018198192
1356526081201,-0.44054943,0.31030852,0.8423923,0.67086095,-0.50974417,0.53861535,0.5965415,0.8024148,0.016393691
1356526081241,-0.44306648,0.31461948,0.8394681,0.66570485,-0.5117051,0.54313433,0.60044074,0.7994826,0.01727572
1356526081281,-0.44707704,0.3136024,0.8377205,0.6660174,-0.5084655,0.5457871,0.5971122,0.8019453,0.018458635
1356526081343,-0.44968653,0.30660862,0.83891195,0.6731052,-0.5010603,0.54393756,0.5871214,0.8092773,0.01894015
1356526081363,-0.44778657,0.2934804,0.84460425,0.687032,-0.4916156,0.535071,0.57225347,0.81986785,0.018508494
1356526081403,-0.43853474,0.27412868,0.855886,0.70748395,-0.4819864,0.5168709,0.5542146,0.8321914,0.017426163
1356526081432,-0.41705793,0.24806449,0.87437224,0.73378325,-0.47577083,0.4849787,0.53630674,0.84386384,0.01639837
1356526081463,-0.38867217,0.21859956,0.8950688,0.7619338,-0.469962,0.4456372,0.51806444,0.8551899,0.01610285
1356526081492,-0.35117894,0.18323702,0.91820335,0.79188985,-0.46512425,0.39568907,0.49958357,0.86607367,0.018238366
1356526081523,-0.3051017,0.13978204,0.9420053,0.8212563,-0.46216792,0.33457288,0.48213184,0.87570643,0.026211351
1356526081553,-0.25726545,0.08767101,0.9623555,0.8452363,-0.46229154,0.26807106,0.4683909,0.8823832,0.04482898
1356526081593,-0.25865752,0.037744135,0.9652314,0.84692323,-0.47169948,0.24539915,0.46456146,0.8809513,0.090042144
1356526081622,-0.27771002,-0.014766693,0.96055144,0.8398822,-0.48911148,0.23530355,0.46634215,0.8720963,0.14823344
1356526081663,-0.3734579,-0.035503685,0.9269674,0.7967786,-0.52400416,0.30093747,0.47505045,0.85097533,0.22398216
1356526081692,-0.4605288,-0.044154525,0.8865458,0.74509627,-0.562058,0.35905743,0.48243615,0.8259183,0.29174334
1356526081723,-0.5173431,-0.049218714,0.8543615,0.703056,-0.5936512,0.39152333,0.4879225,0.80321586,0.34172493
1356526081763,-0.5001002,-0.08283374,0.86199665,0.71129334,-0.60705,0.35433286,0.4939244,0.7903345,0.36250508
1356526081793,-0.42679524,-0.14306512,0.89296037,0.7534143,-0.6024037,0.2635846,0.50021285,0.7852657,0.36489028
1356526081822,-0.28502208,-0.23147303,0.93015194,0.81332177,-0.57190907,0.10689995,0.5072179,0.7869817,0.35126883
1356526081863,-0.025636554,-0.35302624,0.9352621,0.85587704,-0.49117243,-0.16193858,0.5165435,0.7963178,0.31473902
1356526081902,0.23728663,-0.43978512,0.86618936,0.8157588,-0.39394802,-0.42348844,0.5274775,0.80708987,0.26528004
1356526081933,0.39507306,-0.47124025,0.7885746,0.74479043,-0.33820444,-0.57524323,0.5377772,0.8145859,0.21735984
1356526081962,0.48526663,-0.4787938,0.7316234,0.68141204,-0.31723994,-0.6595729,0.5478996,0.8186057,0.17230988
1356526081993,0.53344434,-0.47524184,0.6997015,0.63608617,-0.31986314,-0.7021979,0.5575226,0.819654,0.13166562
1356526082034,0.55633956,-0.4658863,0.68806696,0.6069161,-0.3377635,-0.71942246,0.56757295,0.8178421,0.0948427
1356526082072,0.55123293,-0.44783422,0.7039792,0.60235214,-0.37023124,-0.7071779,0.5773336,0.81386316,0.06567031
1356526082113,0.5214989,-0.42122748,0.74202853,0.618712,-0.41217417,-0.66881084,0.58756644,0.8078861,0.045670092
1356526082153,0.46901798,-0.38471895,0.79499274,0.6494753,-0.4597472,-0.6056521,0.5985015,0.8003899,0.034235716
1356526082193,0.40127015,-0.33895385,0.8509363,0.68500984,-0.5056787,-0.52445257,0.6080656,0.7933469,0.029272974
1356526082233,0.3308661,-0.28834018,0.8985475,0.7178829,-0.54112214,-0.4379851,0.61251265,0.78996634,0.027955562
1356526082273,0.26869053,-0.23945007,0.9329893,0.74607575,-0.56091046,-0.35881823,0.6092425,0.79249173,0.02793654
1356526082340,0.22096014,-0.19841194,0.9548871,0.7703033,-0.5650008,-0.29564667,0.5981718,0.80087876,0.02799473
1356526082353,0.19192791,-0.16987696,0.96659476,0.79085445,-0.5564296,-0.25482407,0.5811307,0.81334364,0.027553588
1356526082393,0.18644261,-0.15713176,0.96981895,0.80710495,-0.53835857,-0.24238747,0.5601971,0.82793695,0.026448853
1356526082433,0.20906252,-0.16186512,0.96441305,0.8173448,-0.512516,-0.2632011,0.53688025,0.8432834,0.02515176
1356526082473,0.2607218,-0.18361026,0.9477929,0.81829137,-0.47891015,-0.31787452,0.5122727,0.85844755,0.025384389
1356526082513,0.33005303,-0.21825865,0.9183835,0.80782807,-0.438007,-0.39441574,0.488343,0.872074,0.031749904
1356526082553,0.3836401,-0.25774133,0.88678616,0.7953435,-0.39578247,-0.45911312,0.4693069,0.88143384,0.053154886
1356526082593,0.3750595,-0.29403353,0.87913287,0.8048637,-0.36722636,-0.46619648,0.45991814,0.8824336,0.09892523
1356526082631,0.26728606,-0.31858328,0.90942985,0.8464706,-0.37337303,-0.37957865,0.4604841,0.8712618,0.16987407
1356526082671,0.0769043,-0.32015136,0.9442398,0.8817164,-0.4202919,-0.21431509,0.46546966,0.8490335,0.24996045
1356526082711,-0.10837895,-0.30060127,0.9475721,0.8757417,-0.47996086,-0.052096188,0.47045767,0.8241823,0.31526673
1356526082751,-0.21377128,-0.28050703,0.9357444,0.85322136,-0.5200878,0.03901276,0.47572586,0.80673695,0.3505144
1356526082791,-0.23411906,-0.27200168,0.9333828,0.84387654,-0.53358895,0.05617252,0.4827637,0.8008108,0.3544591
1356526082831,-0.19159728,-0.2729289,0.94276214,0.84942037,-0.5273393,0.019963086,0.49170694,0.80462617,0.33286798
1356526082871,-0.11162424,-0.27525952,0.95486766,0.8576263,-0.5120878,-0.047362745,0.50201315,0.8136328,0.29323122
1356526082911,-0.017521262,-0.2721416,0.9620977,0.858112,-0.49795806,-0.12522629,0.5131636,0.82339334,0.24225286
1356526082951,0.06695604,-0.2589023,0.9635801,0.84890306,-0.49268883,-0.19136709,0.5242905,0.8307993,0.18679446
1356526082991,0.12501425,-0.23453763,0.96403503,0.8358511,-0.4985922,-0.22969285,0.53453195,0.8345046,0.1337074
1356526083031,0.14924353,-0.20039523,0.96828103,0.8256134,-0.5136292,-0.2335544,0.5441406,0.8342823,0.08879309
1356526083071,0.14015305,-0.15901211,0.977278,0.8200444,-0.53448874,-0.20457017,0.5548732,0.83008254,0.05548674
1356526083111,0.105504036,-0.11416221,0.98784405,0.8160756,-0.55770487,-0.15161106,0.56823367,0.82215106,0.03432484
1356526083151,0.05815655,-0.07043487,0.9958196,0.8105786,-0.5789367,-0.08828682,0.582735,0.8123245,0.023424074
1356526083191,0.010369182,-0.03186336,0.99943835,0.80453956,-0.5932728,-0.027261347,0.59380835,0.8043705,0.019483685
1356526083231,-0.030801713,-0.0010436475,0.9995249,0.80155206,-0.59744,0.024077117,0.5971311,0.8019129,0.019238755
1356526083271,-0.06224209,0.020408958,0.9978524,0.8039694,-0.5914042,0.062244326,0.5914044,0.80611706,0.020402014
1356526083342,-0.08115417,0.031262726,0.9962111,0.81194067,-0.57762533,0.08426979,0.5780713,0.81570315,0.021493211
1356526083353,-0.08371496,0.030570537,0.9960206,0.8244821,-0.5592436,0.08646196,0.55966145,0.8284394,0.021612227
1356526083392,-0.066213846,0.017856508,0.9976456,0.84031,-0.53814626,0.06540358,0.5380472,0.8426623,0.020627767
1356526083433,-0.026375532,-0.0070776343,0.99962705,0.85732585,-0.514424,0.018978655,0.51409787,0.8575067,0.01963608
1356526083473,0.032219768,-0.043798596,0.99852073,0.8716974,-0.48753697,-0.049512565,0.48898432,0.87200314,0.022470757
1356526083513,0.090640366,-0.089716256,0.9918344,0.88020146,-0.4586711,-0.12192768,0.46586457,0.88406557,0.03739421
1356526083553,0.1115641,-0.13951868,0.9839146,0.88631064,-0.43382615,-0.16201335,0.44945177,0.8901289,0.075257435
1356526083593,0.06358558,-0.18593895,0.98050165,0.8950317,-0.4239713,-0.13844332,0.44144663,0.88638306,0.13946287
1356526083632,-0.044918537,-0.22057751,0.97433466,0.89776087,-0.43671697,-0.057479084,0.43818706,0.87213755,0.21764249
1356526083690,-0.15685737,-0.24081743,0.9578115,0.88626635,-0.4622727,0.028913915,0.4358071,0.8534114,0.28593916
1356526083711,-0.21883523,-0.25368494,0.9422076,0.87325317,-0.48175073,0.07311088,0.43536207,0.838785,0.3269552
1356526083752,-0.21562344,-0.26640055,0.9394345,0.8719213,-0.48565245,0.062408477,0.439613,0.8325697,0.3369984
1356526083789,-0.16078585,-0.27857605,0.9468597,0.87878764,-0.477131,0.008849621,0.44931078,0.8335115,0.32152504
1356526083832,-0.0756709,-0.2856983,0.9553274,0.88263834,-0.46494132,-0.069131196,0.4639219,0.83797735,0.28735077
1356526083871,0.014694035,-0.2836479,0.95881593,0.87605333,-0.45858765,-0.14909032,0.48199034,0.84216464,0.2417522
1356526083911,0.09354925,-0.27221945,0.9576769,0.86003506,-0.46250302,-0.21547762,0.5015857,0.8437935,0.19085151
1356526083951,0.15094995,-0.25335962,0.9555224,0.84058803,-0.47577196,-0.25894544,0.52021706,0.8422885,0.1411533
1356526083991,0.18419981,-0.23000553,0.95559824,0.82344735,-0.49473143,-0.27780482,0.536661,0.8380563,0.09826791
1356526084031,0.19453198,-0.20478076,0.9592821,0.8108981,-0.5166842,-0.2747394,0.55190724,0.83132565,0.065544695
1356526084071,0.18609792,-0.1795285,0.9659902,0.80219686,-0.5399193,-0.2548867,0.5673163,0.8223482,0.043539405
1356526084111,0.16607773,-0.15552118,0.9737717,0.7962748,-0.56135076,-0.22545886,0.58169115,0.81283355,0.030609794
1356526084151,0.14214188,-0.1334708,0.98080635,0.79417455,-0.5760638,-0.19348681,0.590832,0.80643404,0.024116397
1356526084191,0.11974746,-0.11417112,0.98621774,0.7978189,-0.5801531,-0.16403425,0.5908854,0.80646586,0.021616071
1356526084231,0.10186201,-0.09869531,0.9898906,0.8072698,-0.57328147,-0.14022794,0.58132577,0.81339264,0.021278128
1356526084271,0.090739846,-0.08810526,0.9919696,0.8203784,-0.55807805,-0.1246112,0.56457543,0.8250977,0.021639809
1356526084343,0.08975446,-0.08281809,0.99251467,0.8373752,-0.5332446,-0.12022036,0.53920954,0.8418975,0.021488756
1356526084358,0.10372943,-0.08609605,0.99087214,0.85153425,-0.5070957,-0.13320392,0.5139353,0.85757875,0.020713016
1356526084392,0.12716234,-0.09442571,0.98737705,0.8620188,-0.48191446,-0.15710458,0.49066603,0.87111545,0.02011542
1356526084431,0.15167516,-0.1059334,0.9827374,0.87097454,-0.4557538,-0.18355343,0.4673307,0.88377976,0.023138717
1356526084471,0.1722017,-0.12735778,0.97679406,0.8781368,-0.42946178,-0.21080384,0.44634324,0.89405954,0.03788352
1356526084511,0.165959,-0.16066903,0.9729558,0.88653404,-0.4077866,-0.21855772,0.4318738,0.89883006,0.07476272
1356526084552,0.11278546,-0.2034038,0.9725771,0.8977741,-0.39856923,-0.18746722,0.42577097,0.8942982,0.13765799
1356526084591,0.016086161,-0.24479827,0.9694406,0.9050565,-0.4085412,-0.1181806,0.42498687,0.87929964,0.21498448
1356526084631,-0.088237524,-0.27188686,0.9582753,0.900532,-0.4329533,-0.039919198,0.42574203,0.8594352,0.2830456
1356526084671,-0.15876031,-0.28179824,0.9462478,0.88968456,-0.4563802,0.01335752,0.42808464,0.8439827,0.32316667
1356526084711,-0.17757195,-0.2807765,0.9432035,0.8834449,-0.46775198,0.027079284,0.433582,0.83807683,0.33111015
1356526084751,-0.14823133,-0.27496272,0.9499594,0.88446623,-0.46659482,0.0029574335,0.442433,0.84064543,0.31235927
1356526084791,-0.08347249,-0.26696163,0.96008533,0.887037,-0.4589296,-0.05048865,0.45409006,0.84741676,0.2751128
1356526084831,1.4650822E-4,-0.25716612,0.9663671,0.8836236,-0.4524176,-0.12052968,0.4681977,0.8539226,0.22717188
1356526084871,0.08443266,-0.24560302,0.9656864,0.8708258,-0.4528389,-0.19130921,0.4842865,0.8570974,0.17564313
1356526084911,0.15383995,-0.2327556,0.9602906,0.85132164,-0.46211815,-0.24839133,0.5015822,0.8557287,0.12705767
1356526084951,0.19953018,-0.21929944,0.9550369,0.83077574,-0.47896785,-0.28355157,0.5196147,0.8499986,0.08662009
1356526084990,0.219356,-0.2055802,0.9537399,0.81349206,-0.50113374,-0.29511982,0.538622,0.84059614,0.057311155
1356526085041,0.21182805,-0.19179162,0.9583031,0.7998276,-0.5294546,-0.28276116,0.56160915,0.826374,0.04124683
1356526085081,0.18855095,-0.1750035,0.96634483,0.79147506,-0.55545527,-0.25502276,0.5813912,0.8129226,0.033779293
1356526085121,0.16253555,-0.15894336,0.9738168,0.78765804,-0.5735298,-0.22507432,0.594287,0.80361724,0.031974018
1356526085161,0.13954026,-0.14416823,0.9796653,0.7896514,-0.5807502,-0.19793895,0.5974773,0.8012146,0.03280457
1356526085201,0.123155415,-0.13205016,0.98356265,0.7972114,-0.57707816,-0.17729846,0.5910048,0.80594265,0.034201607
1356526085241,0.115810394,-0.124295235,0.9854637,0.8084729,-0.56457305,-0.16621953,0.57702655,0.8159706,0.035105914
1356526085281,0.11989421,-0.122416645,0.98521036,0.82102513,-0.5456994,-0.16771936,0.55816036,0.8289911,0.03508094
1356526085344,0.13766366,-0.12726045,0.9822695,0.8328321,-0.52192855,-0.18434,0.53613377,0.84344256,0.034135997
1356526085363,0.17047209,-0.1390728,0.97549886,0.8420266,-0.49363458,-0.21752271,0.5117915,0.8584775,0.032952115
1356526085403,0.21582896,-0.15752488,0.9636409,0.84713453,-0.46057105,-0.26502362,0.48557284,0.87353325,0.034040168
1356526085443,0.26304913,-0.18276092,0.9473139,0.8482506,-0.4239887,-0.31733954,0.45964766,0.8870355,0.04349722
1356526085483,0.28883094,-0.21541867,0.93282986,0.85113835,-0.38833332,-0.3532149,0.43833795,0.8959867,0.071188405
1356526085523,0.26715255,-0.25568023,0.92911637,0.8646692,-0.36203563,-0.3482491,0.42541364,0.8964139,0.12436008
1356526085562,0.18817699,-0.29813543,0.935791,0.8878038,-0.3558175,-0.29188788,0.41999283,0.88572526,0.19772904
1356526085601,0.02684033,-0.30896044,0.9506961,0.90802526,-0.39019418,-0.15244225,0.4180547,0.8673477,0.2700709
1356526085641,-0.028803587,-0.33957687,0.94013715,0.90786767,-0.40244132,-0.11754659,0.4182662,0.8501344,0.3198827
1356526085681,-0.038865924,-0.35626987,0.93357444,0.9057764,-0.40709734,-0.1176475,0.42196992,0.84103715,0.33852303
1356526085721,-0.0056667924,-0.36162707,0.9323056,0.9029658,-0.4024517,-0.1506164,0.42967498,0.8409866,0.32881752
1356526085761,0.05477768,-0.356431,0.93271446,0.89593935,-0.3948192,-0.20349556,0.44078574,0.84680265,0.29771328
1356526085801,0.12437397,-0.34143767,0.93163913,0.88197684,-0.39212137,-0.26145318,0.4545855,0.85420215,0.25237036
1356526085842,0.18846065,-0.31891844,0.928856,0.86235774,-0.39881915,-0.31190118,0.46991658,0.85978734,0.1998601
1356526085881,0.23860288,-0.2921598,0.9261271,0.84139705,-0.41398603,-0.34737113,0.48489153,0.8621243,0.14704409
1356526085921,0.27112377,-0.26416788,0.9255848,0.82376456,-0.43373114,-0.3650881,0.4978994,0.86144805,0.10001726
1356526085961,0.2843957,-0.23709592,0.9289266,0.81230056,-0.45504314,-0.36483362,0.50920224,0.85832477,0.06318077
1356526086001,0.2784832,-0.21228018,0.93668795,0.8068018,-0.47741318,-0.3480627,0.52107394,0.85265106,0.03831643
1356526086041,0.2565781,-0.1902991,0.9476043,0.80479616,-0.50086355,-0.31849465,0.5352297,0.844347,0.024641365
1356526086081,0.22575909,-0.1711719,0.9590272,0.8041133,-0.5229894,-0.2826375,0.5499406,0.8349745,0.01957196
1356526086121,0.19476843,-0.15463242,0.9685835,0.8051013,-0.5388396,-0.24791908,0.5602475,0.8280946,0.019545794
1356526086161,0.1697681,-0.14072546,0.97538465,0.80964243,-0.54435056,-0.21945754,0.5618344,0.82696974,0.021523908
1356526086201,0.15331924,-0.12986022,0.9796068,0.81846315,-0.5388026,-0.1995241,0.55372494,0.83236295,0.023676991
1356526086241,0.14639378,-0.12258327,0.9816019,0.83027935,-0.52421874,-0.18929082,0.53777796,0.8427147,0.025035948
1356526086281,0.14967597,-0.11928955,0.98151267,0.8429346,-0.50345147,-0.18973118,0.5167769,0.8557492,0.025198698
1356526086345,0.16343588,-0.12012544,0.9792133,0.85474324,-0.4784059,-0.2013498,0.49264866,0.8698837,0.024487719
1356526086363,0.18638492,-0.12525868,0.9744593,0.86470306,-0.44995254,-0.2232295,0.4664218,0.88422453,0.024447143
1356526086403,0.21236396,-0.13539076,0.9677659,0.872823,-0.41904956,-0.2501551,0.43941054,0.89781225,0.029181078
1356526086443,0.22590512,-0.1527637,0.9620967,0.8813499,-0.38864696,-0.2686555,0.41495678,0.90863454,0.04684095
1356526086483,0.2031346,-0.18024686,0.9624175,0.8946285,-0.36532712,-0.2572471,0.39796516,0.9132619,0.08704336
1356526086523,0.12527698,-0.21623328,0.96827114,0.9120116,-0.3591026,-0.19819242,0.39056447,0.9079034,0.15221994
1356526086561,0.004569769,-0.24996,0.9682454,0.9209997,-0.37612283,-0.101445794,0.3895366,0.8922173,0.22849427
1356526086602,-0.11211276,-0.26930147,0.9565079,0.9134447,-0.40689385,-0.007494241,0.3912154,0.8728769,0.29161
1356526086639,-0.18364799,-0.27299827,0.9443227,0.89982516,-0.43341064,0.049697757,0.39571205,0.8588522,0.32524574
1356526086682,-0.19844222,-0.26696846,0.94305265,0.89280975,-0.44620824,0.06155294,0.40436527,0.8541814,0.3268987
1356526086721,-0.166857,-0.25589204,0.9521964,0.89369166,-0.44720066,0.036424875,0.41650206,0.85704774,0.30330718
1356526086761,-0.10101265,-0.24184203,0.9650434,0.89664745,-0.44241816,-0.017017424,0.43106827,0.86358476,0.26153684
1356526086801,-0.01689279,-0.22560477,0.97407246,0.89428914,-0.43910998,-0.086193025,0.44717053,0.8696464,0.20917374
1356526086841,0.068813145,-0.20824978,0.975652,0.88311994,-0.44221258,-0.1566757,0.46407318,0.8723991,0.15347941
1356526086881,0.14209545,-0.19135052,0.97118163,0.8651021,-0.45280552,-0.21579036,0.481048,0.8708341,0.101196155
1356526086921,0.1947093,-0.17652631,0.9648455,0.84516263,-0.46901596,-0.25636715,0.49778348,0.8653684,0.057871684
1356526086961,0.22423309,-0.1649284,0.9604781,0.827505,-0.4883455,-0.27704543,0.5147378,0.85692316,0.026975825
1356526087001,0.23251468,-0.15699095,0.9598389,0.8140437,-0.50863975,-0.2803897,0.5322309,0.8465456,0.009531289
1356526087041,0.2250337,-0.15236995,0.96236336,0.804839,-0.52762926,-0.27173805,0.54917586,0.83569777,0.0038989186
1356526087081,0.21021217,-0.14999959,0.9660801,0.7999375,-0.5417086,-0.2581697,0.56205934,0.8270742,0.006116599
1356526087121,0.19628543,-0.14880133,0.96919054,0.80024165,-0.5468832,-0.24603283,0.566644,0.82387924,0.011731774
1356526087161,0.18865901,-0.14835677,0.9707719,0.80602205,-0.54132354,-0.23936862,0.5610136,0.8276226,0.017453223
1356526087201,0.19008708,-0.14894792,0.97040266,0.81556964,-0.5262955,-0.2405392,0.5465464,0.8371544,0.02143547
1356526087241,0.20201063,-0.15108964,0.9676589,0.82601416,-0.5045667,-0.2512233,0.52620566,0.8500496,0.022874296
1356526087281,0.22490019,-0.15518433,0.96194476,0.8347307,-0.47858357,-0.2723647,0.5026377,0.86421967,0.021903574
1356526087346,0.25774574,-0.16137758,0.9526407,0.8401376,-0.44953507,-0.3034583,0.47721678,0.87856436,0.01971367
1356526087363,0.29606235,-0.17026466,0.93987083,0.8420531,-0.41795814,-0.34096572,0.45088103,0.8923682,0.019630179
1356526087403,0.32828516,-0.18437046,0.92641056,0.8431638,-0.38491273,-0.37538943,0.42579785,0.9043505,0.029093295
1356526087443,0.33657533,-0.20882314,0.9182102,0.84947246,-0.35344118,-0.3917602,0.40634185,0.91185105,0.058429852
1356526087483,0.30212432,-0.24830535,0.9203615,0.86703706,-0.3296888,-0.37356675,0.39619148,0.9108511,0.115682915
1356526087523,0.22281289,-0.29910204,0.9278429,0.8916962,-0.32213205,-0.317976,0.39399523,0.89820313,0.194933
1356526087563,0.12451303,-0.34682596,0.929628,0.91013396,-0.33321565,-0.24621817,0.39516154,0.8767433,0.27416843
1356526087602,0.04764241,-0.37795419,0.9245977,0.91626686,-0.35203594,-0.19111735,0.39772516,0.8562835,0.329535
1356526087641,0.015252173,-0.38946503,0.9209149,0.91508347,-0.36575586,-0.16983777,0.4029759,0.8453044,0.35081446
1356526087681,0.025597632,-0.38457584,0.92273843,0.9108976,-0.3712948,-0.18001616,0.41183782,0.8451282,0.34080493
1356526087721,0.06548262,-0.36738384,0.9277613,0.90340424,-0.3730144,-0.21147326,0.42376027,0.8519914,0.30747026
1356526087761,0.12069237,-0.3420352,0.9319041,0.89095616,-0.3766538,-0.25363177,0.43775618,0.8608971,0.25927913
1356526087801,0.17958558,-0.31303954,0.93260664,0.8733231,-0.38565487,-0.297619,0.45283085,0.86791503,0.20412666
1356526087841,0.23375791,-0.28486747,0.9296278,0.8522894,-0.40011156,-0.33691785,0.46793166,0.8710691,0.14926022
1356526087881,0.27743298,-0.2613348,0.9245189,0.8308897,-0.41785377,-0.36745158,0.4823416,0.87011635,0.10121393
1356526087921,0.3071462,-0.24498987,0.9195875,0.81197894,-0.43650597,-0.38749534,0.49633792,0.8657034,0.064855546
1356526087961,0.32177782,-0.23667744,0.9167567,0.7971252,-0.45478076,-0.3971976,0.51093096,0.8585793,0.042323172
1356526088001,0.323137,-0.23516303,0.9166683,0.78643256,-0.47207415,-0.39833367,0.5264088,0.84961414,0.032395303
1356526088041,0.31642675,-0.23705104,0.918521,0.7796017,-0.48667365,-0.39416987,0.5404584,0.8408064,0.030808873
1356526088081,0.30827373,-0.23813412,0.92101,0.77740073,-0.4949413,-0.38817668,0.54828405,0.83565855,0.03254822
1356526088121,0.30326027,-0.23557809,0.9233288,0.7810308,-0.49366248,-0.38247666,0.5459159,0.8371382,0.034285516
1356526088161,0.30265433,-0.22895291,0.92519236,0.7898847,-0.48297536,-0.37791127,0.53336906,0.84517175,0.034671843
1356526088201,0.3061406,-0.21946284,0.92634445,0.80145645,-0.46571606,-0.3752014,0.5137562,0.85728914,0.0333153
1356526088241,0.31350833,-0.20884368,0.9263351,0.8131639,-0.4447304,-0.3754719,0.49038434,0.8709759,0.030397505
1356526088281,0.32491106,-0.19876742,0.9246212,0.82338643,-0.42151213,-0.3799505,0.46526077,0.88477063,0.026708424
1356526088347,0.3396809,-0.19098753,0.9209455,0.8316528,-0.39633363,-0.38893864,0.4392841,0.89802194,0.024208337
1356526088363,0.35331,-0.18868905,0.91627973,0.8389453,-0.36947268,-0.3995758,0.41393584,0.90988266,0.02776137
1356526088403,0.35428286,-0.197665,0.91400886,0.8485298,-0.34285438,-0.40304843,0.39304054,0.9183569,0.046257243
1356526088443,0.32474774,-0.22461233,0.9187428,0.86521745,-0.3218028,-0.38450187,0.38201788,0.9197784,0.08983375
1356526088483,0.25178188,-0.26912653,0.9296111,0.88904464,-0.3151924,-0.33204418,0.3823683,0.91006845,0.15990579
1356526088523,0.14374125,-0.31773746,0.93722,0.91002905,-0.32966393,-0.25133407,0.38882586,0.8890245,0.24176402
1356526088563,0.03385979,-0.35213417,0.93533677,0.9178626,-0.35934824,-0.16851404,0.39545125,0.86421657,0.31104338
1356526088602,-0.04469794,-0.36482874,0.93000114,0.91471505,-0.38920087,-0.10871574,0.40161982,0.8458266,0.35111082
1356526088641,-0.07908422,-0.3597304,0.9296987,0.9089503,-0.4089746,-0.08092621,0.4093348,0.83865,0.35932055
1356526088681,-0.072842956,-0.34355995,0.9363015,0.90492535,-0.41744334,-0.08277184,0.4192899,0.84125364,0.34130388
1356526088721,-0.035047293,-0.32148352,0.9462663,0.90169394,-0.41846895,-0.10877374,0.43095204,0.84943044,0.304546
1356526088761,0.024043322,-0.2970398,0.9545624,0.89587814,-0.41733354,-0.15243068,0.44364884,0.85883653,0.25607735
1356526088801,0.09361017,-0.27290222,0.9574767,0.8847178,-0.41827708,-0.20571503,0.45663065,0.86635363,0.20228644
1356526088841,0.16236496,-0.25134447,0.95418215,0.86819077,-0.42315632,-0.25919762,0.46891618,0.87049675,0.14950925
1356526088881,0.22050756,-0.23406622,0.9468841,0.8491185,-0.4316411,-0.30444026,0.47997326,0.8711481,0.103569776
1356526088921,0.26163286,-0.22186437,0.93932116,0.8312218,-0.44282627,-0.33611754,0.49052867,0.86872375,0.06856069
1356526088961,0.28350377,-0.2144781,0.934679,0.8169521,-0.45641404,-0.35252726,0.50220996,0.86353076,0.045823254
1356526089001,0.28830832,-0.21056738,0.93409836,0.80707765,-0.47151005,-0.3553928,0.5152708,0.85635257,0.03400392
1356526089041,0.28235763,-0.20799816,0.9364886,0.80173683,-0.4848916,-0.34942555,0.52677524,0.8494804,0.029846907
1356526089081,0.27361095,-0.20477203,0.9397901,0.80134153,-0.49186206,-0.34047535,0.5319669,0.84625065,0.029513478
1356526089121,0.26822555,-0.20008793,0.9423481,0.805882,-0.4893604,-0.33328792,0.52783465,0.8488176,0.02998823
1356526089161,0.26941717,-0.19460669,0.94315565,0.8137865,-0.47767633,-0.33102387,0.51494265,0.85671085,0.029674113
1356526089201,0.27872396,-0.18972084,0.9414452,0.8223206,-0.45923024,-0.33600044,0.49608642,0.8678211,0.028012924
1356526089241,0.29702526,-0.18679595,0.93642044,0.8288349,-0.43651944,-0.3499763,0.47413993,0.88008976,0.025165707
1356526089281,0.3246072,-0.18672335,0.9272349,0.83149076,-0.41093284,-0.37384117,0.45083618,0.89233875,0.021867014
1356526089348,0.35994357,-0.19009012,0.9134037,0.8296034,-0.38270414,-0.4065657,0.42684752,0.9041035,0.019947566
1356526089381,0.3963244,-0.19852513,0.89638984,0.82477134,-0.3519312,-0.44260234,0.40333518,0.9147307,0.02425886
1356526089407,0.4122017,-0.21863994,0.88446957,0.8264421,-0.31891084,-0.46399277,0.38351423,0.9222215,0.04923764
1356526089442,0.4034483,-0.2510719,0.879882,0.8368008,-0.28774002,-0.46580034,0.3701266,0.9242124,0.09400895
1356526089479,0.33729672,-0.29885224,0.89270276,0.8671851,-0.27040148,-0.41817817,0.36636168,0.91518867,0.16795471
1356526089522,0.22481364,-0.3502177,0.90928894,0.902164,-0.27779436,-0.33004615,0.3681833,0.8945266,0.25350183
1356526089561,0.107939124,-0.3874041,0.9155693,0.92201495,-0.30541497,-0.23792896,0.37180325,0.8698504,0.32422608
1356526089601,0.027641535,-0.40461725,0.91406834,0.9255685,-0.3350287,-0.17629156,0.3775697,0.8509058,0.36524028
1356526089642,-8.714795E-4,-0.40626627,0.9137543,0.9223071,-0.35345334,-0.15627,0.3864568,0.84262586,0.37501037
1356526089681,0.015687525,-0.39766926,0.91739476,0.9171074,-0.3597945,-0.17164516,0.39833152,0.8440422,0.35906106
1356526089721,0.063373804,-0.38172004,0.9221028,0.90857375,-0.36019355,-0.2115522,0.41288915,0.8512053,0.32399398
1356526089761,0.12636751,-0.36029023,0.9242414,0.89421076,-0.36197358,-0.26336706,0.42943957,0.85974765,0.2764337
1356526089801,0.19013685,-0.3355381,0.92263865,0.8744466,-0.3693459,-0.31452626,0.44630837,0.8666013,0.2231839
1356526089841,0.24384183,-0.30981264,0.91899794,0.8529564,-0.38244438,-0.3552484,0.4615261,0.87048966,0.17100081
1356526089881,0.2811525,-0.28496802,0.9163769,0.8342676,-0.39935482,-0.38014904,0.47428983,0.8713834,0.12546
1356526089921,0.29922122,-0.26197147,0.91751707,0.821502,-0.4184184,-0.38737643,0.48538756,0.86965334,0.090010434
1356526089961,0.29860562,-0.24087977,0.923478,0.8153546,-0.4385128,-0.37802562,0.4960157,0.8658426,0.06546005
1356526090001,0.28336108,-0.22092101,0.9332204,0.8148582,-0.4576466,-0.35576037,0.5056802,0.861251,0.05034017
1356526090041,0.26031673,-0.20109993,0.94434845,0.8188525,-0.47224623,-0.3262881,0.51158154,0.85822034,0.04173764
1356526090081,0.23632586,-0.1811659,0.95463556,0.82666564,-0.47884488,-0.2955189,0.51066035,0.8590032,0.03660024
1356526090121,0.21605885,-0.16212839,0.9628255,0.8375656,-0.47602737,-0.2681078,0.50179917,0.86435664,0.03294325
1356526090161,0.20207167,-0.14580286,0.96845675,0.8500689,-0.46496296,-0.24737066,0.4863639,0.8732416,0.02998665
1356526090201,0.19645643,-0.13405117,0.97130585,0.8623049,-0.4479139,-0.23622707,0.46672794,0.88397026,0.027597442
1356526090241,0.20121843,-0.12819278,0.9711219,0.8726394,-0.42691028,-0.23716688,0.4449849,0.8951616,0.025963828
1356526090281,0.21774054,-0.12892121,0.96745455,0.8799513,-0.40288407,-0.25173414,0.42222595,0.90612566,0.025720268
1356526090349,0.2450139,-0.13685116,0.9598125,0.88355637,-0.37602746,-0.2791622,0.39911953,0.91644704,0.028783724
1356526090363,0.2756194,-0.15349555,0.9489326,0.8840245,-0.34723592,-0.31293422,0.37753755,0.9251304,0.03998889
1356526090403,0.2904753,-0.1818358,0.93944657,0.88581276,-0.3202001,-0.3358686,0.36188376,0.9297353,0.068062246
1356526090442,0.26129067,-0.22423676,0.9388531,0.8965523,-0.30401707,-0.32212988,0.3576607,0.92590046,0.12160313
1356526090483,0.16710567,-0.27535385,0.94670796,0.9154485,-0.31321412,-0.25268754,0.3661008,0.90888786,0.19973236
1356526090523,0.027592957,-0.31817457,0.9476304,0.9242468,-0.35300922,-0.14543772,0.3807969,0.87985754,0.28433138
1356526090563,-0.09937501,-0.33995077,0.93517804,0.9135215,-0.40374357,-0.0496929,0.3944653,0.84936714,0.35067445
1356526090603,-0.16920024,-0.34541455,0.923071,0.89815605,-0.43967694,1.0553002E-4,0.40581658,0.8290796,0.3846296
1356526090643,-0.17593384,-0.34448048,0.9221608,0.89182806,-0.45237303,0.0011592805,0.41676134,0.8226129,0.38680506
1356526090681,-0.1314007,-0.3416349,0.9306016,0.89406645,-0.4463519,-0.037619114,0.42822775,0.82707655,0.3640952
1356526090721,-0.051673353,-0.33623704,0.94035864,0.89651525,-0.4304732,-0.104656935,0.43998882,0.83763796,0.3236857
1356526090761,0.04367125,-0.32606307,0.9443388,0.89118314,-0.41450417,-0.1843338,0.4515368,0.8496288,0.27248
1356526090801,0.13544917,-0.31024697,0.94095707,0.87641144,-0.40544605,-0.25983927,0.46212173,0.85986054,0.21698669
1356526090841,0.20852292,-0.28963614,0.93414617,0.85722077,-0.40570188,-0.31714106,0.47084033,0.8669007,0.16368401
1356526090882,0.255058,-0.2658083,0.9296727,0.8405832,-0.41422683,-0.34905016,0.47787583,0.8704953,0.117782116
1356526090921,0.27368468,-0.23999158,0.9313972,0.83068144,-0.42915863,-0.3546706,0.48483506,0.8707622,0.081902385
1356526090961,0.2680663,-0.2128546,0.9395922,0.8280227,-0.44763392,-0.33764216,0.49246198,0.8685142,0.056252874
1356526091001,0.24553776,-0.18488583,0.95159256,0.83145773,-0.46452105,-0.30479178,0.4983865,0.8660469,0.039667353
1356526091041,0.21450222,-0.15683407,0.96404976,0.8399358,-0.47413236,-0.26401982,0.49849445,0.8663727,0.03002806
1356526091081,0.18175435,-0.13031515,0.9746709,0.8523141,-0.47346556,-0.22224072,0.4904344,0.871119,0.025015011
1356526091121,0.15155864,-0.107421935,0.9825938,0.8667166,-0.46348184,-0.18435544,0.47521818,0.879571,0.022859648
1356526091161,0.12778777,-0.09026897,0.9876851,0.88092226,-0.44721174,-0.15484735,0.45568225,0.88986135,0.02237171
1356526091201,0.114727855,-0.08032066,0.9901445,0.89337504,-0.42753106,-0.13819662,0.4344175,0.90042543,0.022706702
1356526091241,0.11611968,-0.07833141,0.99014163,0.9034499,-0.40585417,-0.13806048,0.41266754,0.9105749,0.023640856
1356526091281,0.13366199,-0.08474627,0.98739684,0.910789,-0.38222647,-0.15609741,0.39063784,0.9201745,0.026096806
1356526091350,0.16442478,-0.10036069,0.9812707,0.91487604,-0.3563673,-0.1897474,0.368736,0.92894024,0.03322202
1356526091363,0.19541907,-0.12692377,0.97247195,0.9164653,-0.32938153,-0.22715425,0.34914562,0.9356271,0.051953852
1356526091403,0.19819665,-0.1668117,0.9658633,0.92075515,-0.30616105,-0.2418167,0.3360476,0.9372509,0.092912674
1356526091443,0.14067638,-0.21892768,0.96554697,0.93258816,-0.29812557,-0.20347127,0.33239973,0.9290812,0.16223007
1356526091483,0.008319259,-0.27208793,0.9622364,0.94149816,-0.32208347,-0.099214286,0.33691546,0.90676916,0.2534908
1356526091523,-0.15146643,-0.30876973,0.93899906,0.92647004,-0.375471,0.025979817,0.3445451,0.8738895,0.34293705
1356526091561,-0.26279134,-0.32720476,0.90767705,0.89815754,-0.42664623,0.106235325,0.35249636,0.8431548,0.40600044
1356526091601,-0.28773552,-0.34241754,0.89440393,0.886625,-0.44832134,0.113595724,0.3620832,0.82568645,0.432594
1356526091641,-0.22369093,-0.3648151,0.9038099,0.89964044,-0.43404442,0.047460705,0.37497926,0.82372046,0.42529416
1356526091681,-0.084005475,-0.3915,0.9163355,0.916693,-0.39088458,-0.082965344,0.39066237,0.8330288,0.39172179
1356526091721,0.09870219,-0.41110337,0.90622944,0.9079704,-0.33548224,-0.25108045,0.4072439,0.8476117,0.34015688
1356526091761,0.27656645,-0.41574973,0.86640817,0.86300653,-0.2891757,-0.41424283,0.42276555,0.86228156,0.2788185
1356526091801,0.414011,-0.40787962,0.8137746,0.79914963,-0.26517677,-0.53948224,0.43583798,0.8736793,0.21617079
1356526091841,0.50229895,-0.39440513,0.7695066,0.74065423,-0.2630101,-0.61826944,0.4462366,0.88049436,0.16000807
1356526091881,0.54751253,-0.37993413,0.7455736,0.70211285,-0.27616927,-0.6563292,0.45526642,0.8828253,0.11555052
1356526091921,0.55728364,-0.36559558,0.74550307,0.687942,-0.29945382,-0.66110766,0.4649417,0.88128734,0.08462781
1356526091961,0.53969544,-0.3502378,0.76554704,0.69445926,-0.3288074,-0.64000934,0.475873,0.8770514,0.06577003
1356526092001,0.5059552,-0.33198655,0.796112,0.7130958,-0.3582807,-0.6026023,0.48528737,0.8725938,0.055464175
1356526092041,0.4694322,-0.31065422,0.8265152,0.7355115,-0.3803229,-0.5606935,0.48852456,0.871119,0.049953997
1356526092081,0.44059142,-0.28867358,0.85002744,0.75671977,-0.38999364,-0.5246714,0.48296416,0.8743983,0.04661721
1356526092121,0.42589897,-0.26978162,0.86361337,0.7734233,-0.3867494,-0.5022364,0.46949604,0.88184065,0.04393918
1356526092162,0.43065777,-0.2574269,0.8650233,0.7819109,-0.37223634,-0.5000555,0.45072085,0.89172393,0.040978424
1356526092220,0.45951518,-0.25366086,0.85117686,0.77769727,-0.34797367,-0.5235469,0.42899048,0.9025356,0.03737215
1356526092241,0.51418775,-0.25830877,0.8178554,0.75572085,-0.31447774,-0.5744472,0.40558213,0.9134441,0.033508778
1356526092282,0.58959174,-0.26873326,0.761685,0.7121704,-0.27192292,-0.6472026,0.3810445,0.92403483,0.031060394
1356526092328,0.66975546,-0.28155392,0.68713534,0.6512145,-0.2219845,-0.7257014,0.3568575,0.933515,0.034676675
1356526092349,0.7391328,-0.29394108,0.6060374,0.58382213,-0.16912912,-0.79407,0.33590835,0.9407413,0.0466004
1356526092392,0.7665769,-0.31316397,0.5606141,0.5548289,-0.116533145,-0.8237626,0.32330292,0.9425222,0.0844208
