1356525398904,0.4867845,0.17855516,0.85507834,0.7638016,0.38796893,-0.51583654,-0.4238491,0.90421134,0.052476525
1356525398941,0.65610385,0.26657832,0.70601964,0.6244042,0.33367085,-0.7062458,-0.42384803,0.90421224,0.052470088
1356525398982,0.65613794,0.26660955,0.7059761,0.6243702,0.33363926,-0.7062907,-0.42384517,0.9042146,0.0524503
1356525399029,0.65632194,0.2666999,0.70577097,0.62417936,0.33356318,-0.7064954,-0.42384148,0.9042162,0.05245626
1356525399067,0.65710264,0.2669906,0.7049341,0.62336785,0.33333397,-0.7073196,-0.4238262,0.90421486,0.052601308
1356525399121,0.6585115,0.26694834,0.70363426,0.6219651,0.33334777,-0.70854694,-0.42370033,0.9042223,0.053480804
1356525399161,0.66240686,0.26754513,0.69974047,0.6179782,0.33283585,-0.7122662,-0.4234621,0.9042344,0.055135697
1356525399197,0.66755134,0.2681849,0.6945877,0.61259025,0.33242387,-0.7170966,-0.42321202,0.90419644,0.057622522
1356525399242,0.6737136,0.26910084,0.68825483,0.60580844,0.33224928,-0.7229153,-0.4232093,0.9039885,0.0608173
1356525399322,0.6882013,0.27464542,0.67152727,0.5877081,0.33168957,-0.7379575,-0.42541525,0.9025253,0.066857845
1356525399368,0.69547516,0.27853772,0.66236776,0.57714915,0.3325743,-0.7458507,-0.42803404,0.9010056,0.070539385
1356525399418,0.7025914,0.28582373,0.65166724,0.56551945,0.33158,-0.755144,-0.4319179,0.89908814,0.071326375
1356525399470,0.7085471,0.2948779,0.64109915,0.5541482,0.32997513,-0.7642227,-0.43689916,0.8967517,0.07039687
1356525399522,0.71306515,0.30585673,0.63086426,0.54259884,0.3290836,-0.77284575,-0.44398713,0.89339554,0.06870055
1356525399561,0.7158268,0.3166058,0.6223766,0.5322844,0.32948327,-0.7798167,-0.45195717,0.8894951,0.06732863
1356525399600,0.71784496,0.32810366,0.6140412,0.52151966,0.33086643,-0.78647614,-0.46121132,0.88480246,0.06639826
1356525399643,0.71937096,0.33955047,0.60597926,0.5109534,0.33231986,-0.79277366,-0.47056562,0.87992555,0.06556678
1356525399679,0.7209545,0.35168675,0.5971106,0.49996373,0.33267915,-0.7996005,-0.47985515,0.8750092,0.064015895
1356525399716,0.7227643,0.36388052,0.5875395,0.4892378,0.3310607,-0.8068736,-0.48811683,0.87062603,0.06125477
1356525399758,0.7248663,0.3766444,0.5768084,0.4787034,0.32672063,-0.8149213,-0.4953907,0.8668291,0.056527793
1356525399796,0.7271996,0.3890555,0.5655232,0.46862453,0.32061028,-0.8231647,-0.50156933,0.86362314,0.05082673
1356525399837,0.7295346,0.4016873,0.553558,0.45880845,0.31280842,-0.83165234,-0.5072218,0.86069626,0.043907046
1356525399877,0.7318947,0.4153645,0.5401875,0.44846374,0.30324036,-0.84078866,-0.5130404,0.8576233,0.03566408
1356525399954,0.73421806,0.4306441,0.5248518,0.43668312,0.29237932,-0.8507774,-0.5198381,0.8538501,0.026615173
1356525399957,0.73637575,0.44738355,0.5075417,0.42292765,0.28115588,-0.8614426,-0.52809364,0.84899896,0.017825514
1356525399992,0.7382409,0.4612962,0.49214458,0.4105261,0.27166066,-0.87044173,-0.5352278,0.8446339,0.011176884
1356525400038,0.7395317,0.469507,0.4823443,0.40271392,0.2655771,-0.8759511,-0.53936476,0.84204036,0.007325679
1356525400087,0.73965454,0.4696427,0.48202372,0.40318882,0.26423988,-0.876137,-0.53884125,0.8423853,0.006091535
1356525400127,0.7363964,0.4629372,0.49336565,0.4143199,0.26791558,-0.8698048,-0.53484535,0.84493226,0.0054879487
1356525400175,0.7275393,0.44994485,0.5179152,0.43875206,0.27521026,-0.8554273,-0.5274307,0.84959334,0.002812028
1356525400216,0.7068628,0.43093336,0.56092924,0.48095334,0.28867915,-0.8278577,-0.51868004,0.8549625,-0.0032022893
1356525400257,0.6742698,0.40905127,0.61484736,0.5353238,0.30279532,-0.7885071,-0.5087127,0.86080897,-0.014809102
1356525400298,0.62506723,0.38553792,0.67871314,0.60073507,0.31759077,-0.73365766,-0.49840587,0.8663121,-0.03309056
1356525400340,0.56139874,0.36841017,0.7410164,0.6679191,0.3269523,-0.6685702,-0.48858503,0.87027353,-0.06251755
1356525400377,0.480927,0.35925627,0.7997776,0.73277795,0.33615613,-0.5916381,-0.4813998,0.870594,-0.10158852
1356525400418,0.4036137,0.37820017,0.83310306,0.77809536,0.33713073,-0.5300099,-0.48131454,0.8621529,-0.15820521
1356525400457,0.32635972,0.4177479,0.84792453,0.8088097,0.3408371,-0.47922522,-0.48919946,0.8422094,-0.22664309
1356525400497,0.26022226,0.47590134,0.8401204,0.8231249,0.345491,-0.45066756,-0.5047273,0.8087978,-0.30182183
1356525400538,0.19840333,0.52735394,0.82615614,0.8306162,0.35699603,-0.42735296,-0.52030075,0.7710069,-0.36719954
1356525400576,0.13792312,0.5507816,0.8231748,0.83657575,0.38013232,-0.39451274,-0.53020567,0.74306047,-0.40834153
1356525400617,0.079490244,0.5402696,0.8377291,0.84160006,0.4140038,-0.3468575,-0.5342196,0.7326047,-0.42178166
1356525400658,0.026244164,0.4986096,0.8664293,0.8448873,0.4521889,-0.28581572,-0.5343002,0.73953617,-0.4094016
1356525400697,-0.017275035,0.43456465,0.90047497,0.84617764,0.48610914,-0.21836045,-0.53262085,0.75818956,-0.37611645
1356525400739,-0.046817444,0.35910583,0.9321219,0.8457465,0.51078653,-0.1543046,-0.5315269,0.7811147,-0.32762623
1356525400780,-0.061526775,0.27740145,0.95878196,0.84381104,0.5275271,-0.09847891,-0.5331017,0.8029717,-0.26653147
1356525400816,-0.0546519,0.20849413,0.97649544,0.8423663,0.53472114,-0.06702468,-0.53612703,0.8189038,-0.20485193
1356525400860,-0.035210952,0.14795932,0.9883665,0.8406625,0.5391747,-0.05076599,-0.5404135,0.8290951,-0.14336872
1356525400897,0.007448688,0.11260176,0.9936123,0.8392641,0.53952616,-0.067433774,-0.54367304,0.8344054,-0.090483844
1356525400955,0.065049246,0.10008782,0.9928499,0.83489156,0.5394963,-0.10908601,-0.546557,0.83601797,-0.04846865
1356525400976,0.14638732,0.118533075,0.9821002,0.8220531,0.5376805,-0.187426,-0.5502723,0.8347752,-0.018730879
1356525401018,0.24694017,0.16514155,0.9548553,0.7938423,0.5306253,-0.29707095,-0.55572915,0.8313633,-6.365776E-5
1356525401057,0.36061764,0.23433045,0.90279794,0.74440217,0.51088697,-0.42995328,-0.56197894,0.82709354,0.009798706
1356525401096,0.47488225,0.312774,0.82259303,0.67366374,0.47225022,-0.56846887,-0.5662721,0.8241069,0.013558745
1356525401142,0.57344806,0.38172925,0.72487247,0.592093,0.41840118,-0.68874264,-0.56620073,0.8241501,0.013912141
1356525401177,0.64764977,0.42924568,0.6295219,0.5153756,0.3617408,-0.77687293,-0.56119305,0.8275818,0.013058633
1356525401218,0.6979299,0.45349005,0.5542928,0.45708236,0.31377283,-0.8322393,-0.55133426,0.8342022,0.011709124
1356525401258,0.72868776,0.4601508,0.50722325,0.42292747,0.28017673,-0.86176175,-0.53865254,0.8424739,0.009550899
1356525401297,0.74282354,0.4524974,0.4934159,0.41834453,0.26167327,-0.8697787,-0.5226863,0.8525099,0.005077243
1356525401336,0.73750514,0.4331955,0.51810014,0.44834265,0.25966144,-0.8553156,-0.50504947,0.86308604,-0.0027183592
1356525401381,0.711987,0.4076283,0.5717636,0.50744456,0.2641338,-0.82020324,-0.48536012,0.8741124,-0.018788904
1356525401418,0.65606916,0.38071743,0.6516345,0.5922917,0.27536926,-0.757207,-0.467722,0.8827378,-0.044834495
1356525401455,0.58874,0.37574697,0.7156811,0.66684115,0.27462995,-0.6927491,-0.45684588,0.8850947,-0.08887789
1356525401494,0.52228713,0.40607342,0.7498803,0.7200203,0.26118425,-0.64292574,-0.45693195,0.875721,-0.15596792
1356525401538,0.46278304,0.46450716,0.75502646,0.75404996,0.2415474,-0.61078924,-0.46609068,0.8519905,-0.23847759
1356525401577,0.40727198,0.5254494,0.7470157,0.77821016,0.2284571,-0.5849754,-0.47803596,0.8195793,-0.31586587
1356525401618,0.34886667,0.56281346,0.7493551,0.79995364,0.23771998,-0.5509659,-0.48822773,0.79166293,-0.36729205
1356525401657,0.2844421,0.5633552,0.77570856,0.8200276,0.2761877,-0.5012735,-0.49663618,0.7786857,-0.38340735
1356525401698,0.21651697,0.5294845,0.82022345,0.8365581,0.33248395,-0.4354595,-0.50328016,0.7804489,-0.37095612
1356525401739,0.1434296,0.4571917,0.87772644,0.8490025,0.39890042,-0.3465158,-0.5085496,0.79489255,-0.3309428
1356525401776,0.08041173,0.36882433,0.92601436,0.8545257,0.45276564,-0.25453696,-0.51314694,0.8117708,-0.27876222
1356525401820,0.023212567,0.26430672,0.96415925,0.85447425,0.495399,-0.15637642,-0.5189749,0.8274792,-0.21434379
1356525401856,-0.010095775,0.172396,0.98497605,0.85116833,0.51844555,-0.082016915,-0.5247958,0.8375523,-0.15197206
1356525401895,-0.027058288,0.095089436,0.9951009,0.8470583,0.53077835,-0.027687103,-0.5308108,0.8421593,-0.09490824
1356525401956,-0.020040706,0.043673813,0.9988448,0.8434337,0.5371932,-0.0065658092,-0.53685933,0.8423278,-0.04760164
1356525401977,0.014231533,0.024214745,0.99960554,0.8389875,0.5435709,-0.02511242,-0.5439645,0.83901393,-0.0125799775
1356525402017,0.080397174,0.041587293,0.9958949,0.82917255,0.5517038,-0.08997634,-0.55318093,0.8330027,0.009872377
1356525402056,0.17977068,0.09782529,0.9788323,0.8056516,0.5563159,-0.20356324,-0.56445366,0.8251926,0.021196187
1356525402096,0.30523542,0.18621641,0.9338923,0.7592177,0.5443875,-0.35669428,-0.57482165,0.8179032,0.024787545
1356525402135,0.42903906,0.2811499,0.8584173,0.6918305,0.5087389,-0.51240134,-0.5807718,0.8137195,0.023760736
1356525402198,0.52120197,0.3510046,0.77791023,0.6262492,0.46194723,-0.62802607,-0.5797936,0.8144941,0.02095145
1356525402223,0.56784695,0.3783568,0.73102397,0.593983,0.42647895,-0.6821289,-0.56985444,0.8215606,0.01743728
1356525402259,0.568342,0.3684123,0.7357036,0.6062886,0.41696426,-0.6771669,-0.55623865,0.8309111,0.013614148
1356525402290,0.53484076,0.3363983,0.775101,0.64819854,0.42509624,-0.6317688,-0.5420185,0.8403151,0.009305894
1356525402330,0.4799309,0.2937076,0.8266814,0.7035667,0.43404934,-0.5626678,-0.5240803,0.8516671,0.0016708076
1356525402371,0.3842237,0.23639736,0.892462,0.77371025,0.4449756,-0.4509647,-0.50373065,0.86377835,-0.01193285
1356525402414,0.26934952,0.1881085,0.94449246,0.83264345,0.44730026,-0.32653844,-0.48389637,0.87437844,-0.036147237
1356525402470,0.17975873,0.20075122,0.96300876,0.863361,0.43700588,-0.25225753,-0.47148144,0.8767696,-0.09476513
1356525402517,0.07415372,0.24331751,0.96710795,0.87910855,0.44189984,-0.17858517,-0.47081774,0.8634356,-0.18113399
1356525402559,-0.025370404,0.29755923,0.9543662,0.8785509,0.46213806,-0.12073383,-0.4769745,0.8353963,-0.27314562
1356525402608,-0.1171778,0.33445728,0.9350977,0.86461437,0.49758828,-0.069627404,-0.48858106,0.8003401,-0.34748286
1356525402645,-0.211681,0.3212325,0.92303884,0.8405059,0.5417861,0.0042033494,-0.49873936,0.77670944,-0.3846836
1356525402688,-0.2926194,0.26465487,0.9188752,0.8096254,0.57987934,0.09081125,-0.5088031,0.7705178,-0.38395524
1356525402728,-0.35007942,0.18785366,0.9176903,0.7800925,0.60080767,0.17460182,-0.51855576,0.7770078,-0.35687363
1356525402768,-0.3843916,0.09767383,0.91798854,0.7569938,0.60250866,0.25287104,-0.5283972,0.79211307,-0.30553776
1356525402806,-0.39216238,0.018550277,0.91970897,0.74677587,0.5902303,0.30651924,-0.5371541,0.80702174,-0.24531901
1356525402849,-0.3816402,-0.053635478,0.92275345,0.7463165,0.5710881,0.34186268,-0.5453094,0.8191347,-0.17792106
1356525402887,-0.35008234,-0.10274154,0.93106747,0.75712496,0.554219,0.34583676,-0.55154705,0.8260057,-0.11623412
1356525402951,-0.30662835,-0.13356087,0.94241214,0.771731,0.5446648,0.32828575,-0.5571449,0.8279503,-0.06393665
1356525402963,-0.24910906,-0.14213517,0.9579886,0.7871903,0.5464995,0.285779,-0.56415963,0.8253095,-0.024250567
1356525403002,-0.17688614,-0.12645721,0.9760736,0.7998522,0.5594293,0.21742895,-0.5735396,0.8191749,0.0021918416
1356525403045,-0.09164503,-0.08632299,0.992043,0.8066591,0.57769287,0.12478745,-0.58386827,0.8116768,0.016690552
1356525403089,0.005496815,-0.024166733,0.9996928,0.80694425,0.59054565,0.0098389685,-0.59060204,0.8066423,0.022747338
1356525403129,0.10501696,0.047740668,0.99332386,0.8004693,0.58864105,-0.112918824,-0.590102,0.8069836,0.023602366
1356525403168,0.19430786,0.11276147,0.9744379,0.7895011,0.5715793,-0.22357336,-0.582179,0.8127619,0.02203703
1356525403209,0.26177767,0.15784892,0.9521324,0.781314,0.54449385,-0.30508187,-0.56658703,0.82377803,0.019206762
1356525403246,0.30009148,0.17858061,0.9370454,0.78096735,0.51807356,-0.34884065,-0.5477546,0.83648604,0.016003847
1356525403288,0.31140217,0.17962003,0.9331481,0.7923372,0.49304458,-0.35931724,-0.52462417,0.8512601,0.011215568
1356525403326,0.29113817,0.16463229,0.942409,0.81527483,0.47272962,-0.33444515,-0.5005651,0.86569214,0.0034090877
1356525403368,0.25375336,0.15341857,0.9550246,0.8416246,0.4516093,-0.29617074,-0.47673607,0.8789265,-0.014523506
1356525403407,0.19759963,0.15562141,0.9678514,0.8663591,0.4342363,-0.24669975,-0.45866796,0.88725466,-0.0490191
1356525403447,0.13413052,0.18621564,0.97331023,0.88214743,0.42503333,-0.20288572,-0.45146978,0.8858162,-0.10725969
1356525403487,0.06452976,0.24216157,0.9680877,0.88776535,0.42912066,-0.16651776,-0.4557506,0.87018,-0.18729162
1356525403529,-0.012064636,0.2956174,0.9552303,0.8851438,0.4475581,-0.12732744,-0.46516126,0.84397995,-0.2670635
1356525403568,-0.08780871,0.32225758,0.9425708,0.8750444,0.47711444,-0.081603676,-0.4760115,0.81762576,-0.3238845
1356525403608,-0.15536171,0.31241727,0.9371543,0.86008465,0.50942355,-0.027240396,-0.48591888,0.8017999,-0.3478502
1356525403649,-0.2067699,0.26711336,0.9412209,0.84402466,0.5352562,0.033514827,-0.49484205,0.80134344,-0.33612514
1356525403686,-0.2366183,0.20836735,0.9489967,0.8315288,0.54864776,0.0868651,-0.5025651,0.809672,-0.30308354
1356525403728,-0.2448013,0.13858706,0.9596176,0.8242522,0.55093074,0.13070431,-0.51056886,0.8229635,-0.24909925
1356525403766,-0.22862664,0.07952887,0.97026026,0.8239598,0.54661226,0.14934936,-0.5184785,0.83360076,-0.19049871
1356525403805,-0.19486174,0.03162676,0.9803207,0.8271763,0.54239583,0.14692214,-0.5270752,0.8395275,-0.1318531
1356525403847,-0.14282441,0.0026248991,0.9897445,0.83194053,0.54203814,0.11861512,-0.5361679,0.8403498,-0.079600036
1356525403887,-0.0755796,-0.0043563843,0.9971302,0.83420366,0.5475381,0.06562239,-0.54625267,0.8367694,-0.037748575
1356525403953,0.0033124238,0.011482775,0.9999285,0.8297339,0.55808395,-0.00915736,-0.5581492,0.829705,-0.0076789856
1356525403966,0.08972493,0.04869759,0.9947753,0.81587666,0.5692557,-0.10145593,-0.5712222,0.8207171,0.011345208
1356525404002,0.17984249,0.10202035,0.97839075,0.7934526,0.5728601,-0.20558235,-0.5814547,0.81327915,0.02207625
1356525404046,0.26615116,0.15972677,0.9506056,0.7662202,0.563308,-0.3091774,-0.58486766,0.8106611,0.027539194
1356525404091,0.34374875,0.2102746,0.9152166,0.7399883,0.5393768,-0.4018582,-0.57814723,0.81538785,0.029809356
1356525404128,0.4115357,0.24897698,0.8767262,0.7155087,0.50758374,-0.48000622,-0.56452245,0.82484496,0.030743659
1356525404168,0.46627975,0.27093655,0.84212613,0.69808143,0.4720357,-0.53839076,-0.54338336,0.8389133,0.030964911
1356525404207,0.5068378,0.279894,0.8153373,0.6870351,0.44011882,-0.57816803,-0.520671,0.8532027,0.030771822
1356525404248,0.53341913,0.2778269,0.79892194,0.68541664,0.4114916,-0.6007318,-0.49564913,0.8680362,0.029070318
1356525404287,0.5435172,0.26861876,0.7952567,0.69602007,0.38534984,-0.6058561,-0.46919638,0.8828078,0.02248019
1356525404328,0.53549683,0.26226625,0.8027823,0.7181176,0.35886115,-0.59625983,-0.4444662,0.89578736,0.0038309991
1356525404367,0.507879,0.27358168,0.81683046,0.7478227,0.33063248,-0.5757112,-0.4275747,0.903236,-0.036669314
1356525404410,0.45922327,0.32619512,0.8262631,0.7789999,0.2991569,-0.55105746,-0.42693454,0.8967173,-0.11672616
1356525404456,0.39044642,0.40063712,0.82887965,0.81079054,0.27683532,-0.51573324,-0.43608505,0.87341404,-0.21674347
1356525404507,0.3214356,0.4653672,0.8246893,0.8354132,0.27067104,-0.4783534,-0.44582945,0.8427162,-0.30177057
1356525404549,0.2670768,0.49796703,0.82504475,0.8509363,0.27996933,-0.4444375,-0.45230246,0.8207594,-0.34896487
1356525404587,0.23337168,0.4979673,0.8352043,0.85761565,0.29941064,-0.41814908,-0.45829362,0.8138684,-0.3571906
1356525404630,0.2185759,0.4729699,0.8535363,0.85763705,0.32413828,-0.3992408,-0.46549267,0.8192887,-0.33478767
1356525404667,0.22004777,0.4303037,0.8754529,0.8524263,0.35152328,-0.38704112,-0.47428727,0.8314266,-0.28945023
1356525404708,0.23645431,0.38142407,0.8936471,0.8427298,0.3772813,-0.3840121,-0.4836278,0.8439044,-0.23222762
1356525404749,0.2646612,0.3307991,0.9058291,0.8288425,0.40210617,-0.38901252,-0.49292442,0.85374624,-0.16775846
1356525404787,0.30845612,0.29383057,0.9047201,0.8089382,0.41937268,-0.41200197,-0.5004737,0.85894716,-0.10833269
1356525404828,0.3606739,0.2725375,0.8919853,0.78208315,0.43271422,-0.44844675,-0.50819325,0.8593496,-0.057078242
1356525404863,0.42847592,0.27696782,0.8600566,0.74040896,0.43794447,-0.5099012,-0.51788324,0.8552739,-0.017420769
1356525404907,0.50321555,0.30603242,0.8081573,0.68108106,0.43515298,-0.5888722,-0.5318861,0.84675026,0.01054284
1356525404946,0.5837603,0.35583678,0.7297973,0.60099924,0.41498217,-0.68307376,-0.54591566,0.83735895,0.028392494
1356525404983,0.6558751,0.4091689,0.634357,0.51156324,0.3770325,-0.77210724,-0.55509543,0.8309196,0.037970424
1356525405024,0.7136554,0.45069763,0.53625333,0.42628148,0.32804686,-0.8430121,-0.5558598,0.830215,0.041988373
1356525405068,0.75529003,0.47166204,0.4550515,0.36027688,0.2812035,-0.8894522,-0.5474829,0.8357389,0.04246129
1356525405108,0.7830616,0.47301805,0.40381712,0.32228178,0.24670306,-0.9139322,-0.5319294,0.84580815,0.040738612
1356525405148,0.7977023,0.4589799,0.3911629,0.31841367,0.23028558,-0.9195549,-0.5121364,0.8580827,0.03755386
1356525405189,0.79635274,0.42990005,0.4254507,0.3573268,0.23313662,-0.9044141,-0.48799583,0.87225753,0.032044157
1356525405228,0.76417506,0.38587275,0.5168546,0.44907108,0.25691393,-0.8557631,-0.4630028,0.88605726,0.023042932
1356525405268,0.6937253,0.33707392,0.6364954,0.57087785,0.2814835,-0.7712753,-0.43913975,0.89841425,0.0028441846
1356525405307,0.57403165,0.29595152,0.7634791,0.7014842,0.30322516,-0.6449608,-0.4223832,0.90579647,-0.03354448
1356525405348,0.4531372,0.302741,0.8384597,0.7860722,0.30789444,-0.5359958,-0.420425,0.9019695,-0.09845787
1356525405387,0.3304975,0.3372211,0.88150626,0.8406877,0.3193242,-0.4373514,-0.4289704,0.88561505,-0.17796177
1356525405425,0.22044832,0.37916043,0.8986879,0.86874425,0.34259683,-0.35764632,-0.44349295,0.8595724,-0.25386858
1356525405467,0.107859015,0.3935682,0.9129461,0.88164234,0.38650304,-0.27078095,-0.45942724,0.8340981,-0.3052985
1356525405505,-0.009884112,0.36381444,0.931419,0.8795514,0.44628352,-0.16498572,-0.47570118,0.8176002,-0.32440466
1356525405548,-0.12738292,0.28866974,0.948917,0.8611212,0.5069311,-0.03861624,-0.4921829,0.8122134,-0.31315398
1356525405579,-0.23148315,0.18670759,0.95475435,0.8302753,0.5493924,0.09386608,-0.50700927,0.8144374,-0.28219378
1356525405627,-0.3164453,0.0695087,0.9460607,0.79364073,0.56568795,0.22390068,-0.51961213,0.8216846,-0.23417425
1356525405677,-0.37744775,-0.04594919,0.9248903,0.75974655,0.5556724,0.3376587,-0.52945113,0.83013064,-0.17482764
1356525405716,-0.40974754,-0.13321498,0.9024194,0.7379489,0.53312886,0.41376936,-0.5362261,0.83548033,-0.1201424
1356525405767,-0.42637318,-0.2028104,0.881518,0.72328883,0.5087838,0.4668965,-0.5431936,0.8366642,-0.07024127
1356525405805,-0.4196532,-0.24300088,0.87455237,0.7213123,0.49560043,0.4838273,-0.5509989,0.833865,-0.032700777
1356525405846,-0.40614557,-0.2685529,0.8734559,0.7203233,0.49407655,0.48684978,-0.562299,0.8269025,-0.007222116
1356525405886,-0.38330373,-0.2787459,0.88055605,0.7230691,0.50262237,0.47385854,-0.57467324,0.81833464,0.008895516
1356525405962,-0.3492629,-0.2708919,0.8970133,0.73369503,0.51639414,0.44162047,-0.5828438,0.8123759,0.018394768
1356525405963,-0.29938522,-0.24162278,0.9230314,0.75632274,0.5296669,0.38396463,-0.5816738,0.8130629,0.02417034
1356525406004,-0.23626941,-0.19697365,0.95151365,0.7869142,0.5356797,0.30628943,-0.5700375,0.82112646,0.028436601
1356525406046,-0.1757456,-0.15386403,0.972337,0.8157699,0.53009963,0.23133057,-0.55102897,0.83385867,0.03235495
1356525406086,-0.13734087,-0.1270546,0.9823414,0.8387761,0.51259875,0.18356782,-0.52687013,0.8491759,0.03616959
1356525406127,-0.13473767,-0.122341454,0.9832998,0.8549068,0.48736823,0.17778245,-0.50097924,0.8645836,0.03892368
1356525406166,-0.15867537,-0.1283699,0.97895,0.8659909,0.45813024,0.20044082,-0.47421715,0.87956685,0.03847319
1356525406208,-0.19428822,-0.13045129,0.97223175,0.8727046,0.42958602,0.23203966,-0.44792703,0.89355373,0.030381978
1356525406247,-0.2281304,-0.116140425,0.9666788,0.8755332,0.40984935,0.25586146,-0.4259085,0.9047292,0.008185744
1356525406285,-0.2474823,-0.071343064,0.9662622,0.8759237,0.40979952,0.25460163,-0.41413784,0.9093814,-0.03892702
1356525406327,-0.25953192,3.552437E-5,0.9657345,0.8722612,0.4292071,0.23439613,-0.41449177,0.9032061,-0.11142391
1356525406369,-0.26428127,0.094421804,0.95981246,0.8654269,0.4624555,0.19279835,-0.42566615,0.8816005,-0.20393348
1356525406406,-0.28208625,0.17099342,0.94402784,0.8538953,0.49333,0.16579592,-0.43736726,0.85286975,-0.2851721
1356525406448,-0.31216305,0.20661977,0.9272877,0.8378713,0.5199494,0.1662058,-0.44780123,0.8288311,-0.3354298
1356525406487,-0.34106272,0.20666277,0.9170424,0.82140625,0.5399087,0.18382138,-0.45713007,0.815959,-0.35389686
1356525406525,-0.3622945,0.17663091,0.9151744,0.8069139,0.55088276,0.21311516,-0.46651107,0.81567746,-0.34210777
1356525406567,-0.36353028,0.13433197,0.9218463,0.800779,0.55070376,0.23553845,-0.47602388,0.8238205,-0.30776775
1356525406605,-0.34040904,0.0922077,0.9357455,0.8050884,0.5426968,0.23940113,-0.48575142,0.8348521,-0.25897425
1356525406647,-0.2923886,0.057060987,0.9545957,0.8178798,0.5322056,0.21870047,-0.49556193,0.84469,-0.20227987
1356525406688,-0.21602139,0.03923124,0.9756001,0.8359221,0.5237632,0.16403154,-0.5045483,0.85096014,-0.14593828
1356525406727,-0.111655146,0.044083387,0.99276876,0.85104454,0.5200472,0.07262319,-0.51308525,0.85299915,-0.0955829
1356525406768,0.024671912,0.079508185,0.99652886,0.8519228,0.51991546,-0.062573284,-0.52308595,0.8505094,-0.05490756
1356525406807,0.19015343,0.14905739,0.9703729,0.82202077,0.5162355,-0.24038056,-0.5367714,0.8433759,-0.024364293
1356525406846,0.37542126,0.25067443,0.8923123,0.7453656,0.49056956,-0.45141074,-0.55089843,0.834568,-0.0026738644
1356525406887,0.54017365,0.35489637,0.7630603,0.6276575,0.43410236,-0.6462207,-0.5605877,0.8280119,0.011737287
1356525406961,0.6633959,0.43462053,0.60910666,0.4949244,0.35566142,-0.79281455,-0.5612092,0.8274117,0.020840049
1356525406963,0.74293935,0.47711068,0.4694747,0.37854075,0.278969,-0.88254356,-0.55203986,0.83339167,0.026651204
1356525407003,0.79314035,0.4910036,0.36033845,0.28898183,0.21740806,-0.9323214,-0.5361137,0.843593,0.030543998
1356525407048,0.82553303,0.48758522,0.2841757,0.2271044,0.17395404,-0.95820844,-0.5166418,0.8555703,0.032872066
1356525407085,0.8471425,0.47436136,0.2394387,0.19215739,0.1466271,-0.9703485,-0.495404,0.8680334,0.03306201
1356525407129,0.8612861,0.4556628,0.22485027,0.18447678,0.13190573,-0.97394514,-0.47344962,0.8803251,0.029549368
1356525407168,0.868186,0.43492776,0.23893707,0.20515321,0.123845726,-0.9708627,-0.45184648,0.8919081,0.018294305
1356525407209,0.8643862,0.41839182,0.27889916,0.25349182,0.11643028,-0.96030504,-0.4342561,0.9007731,-0.0054181665
1356525407266,0.8470863,0.420532,0.32495806,0.3161757,0.092702776,-0.9441606,-0.42717424,0.90252924,-0.054434747
1356525407299,0.81276417,0.45816675,0.35985783,0.38490304,0.04139048,-0.9220285,-0.4373375,0.8879021,-0.14270909
1356525407329,0.76453775,0.5114806,0.39226216,0.45962897,-0.005941868,-0.8880912,-0.45191061,0.85927427,-0.23963408
1356525407359,0.7178487,0.56206787,0.41081983,0.5201447,-0.040765345,-0.8531047,-0.4627555,0.8260859,-0.32161996
1356525407403,0.6793745,0.5963186,0.42761478,0.5629215,-0.049715787,-0.8250138,-0.47071186,0.8012069,-0.3694562
1356525407446,0.64638174,0.61184716,0.4558877,0.5950155,-0.030174255,-0.80314755,-0.4776475,0.79040015,-0.38356268
1356525407484,0.62038267,0.6079247,0.4955329,0.6157789,0.013754606,-0.78779894,-0.4857383,0.7938755,-0.36581406
1356525407540,0.59855974,0.5755019,0.5572467,0.6283611,0.0941695,-0.77220106,-0.49687886,0.81236064,-0.30525696
1356525407587,0.5865623,0.53046566,0.61200553,0.6317963,0.17309245,-0.75556093,-0.50673264,0.82984644,-0.23361677
1356525407628,0.5868203,0.4864648,0.6472975,0.62545973,0.23536846,-0.7439098,-0.5142393,0.84139985,-0.16614515
1356525407677,0.5987332,0.44842944,0.6636487,0.6079133,0.28506264,-0.7410673,-0.52149785,0.84714246,-0.101929784
1356525407717,0.6418716,0.4389609,0.6287402,0.5555525,0.29895946,-0.7758767,-0.5285474,0.8473113,-0.05197227
1356525407756,0.69864845,0.45709023,0.55041707,0.4715657,0.28437525,-0.8347195,-0.5380671,0.8427332,-0.016869724
1356525407796,0.7580215,0.49637833,0.42309815,0.3507416,0.23668674,-0.90606827,-0.5498944,0.8352173,0.0053130835
1356525407837,0.8006901,0.53553975,0.2685007,0.21322748,0.1640791,-0.96312624,-0.5598477,0.82841736,0.017184705
1356525407875,0.82161134,0.5558986,0.12621985,0.09165645,0.089713246,-0.9917412,-0.56263113,0.8263947,0.022757739
1356525407956,0.8321607,0.5536811,0.030753732,0.011950791,0.037539423,-0.9992237,-0.55440575,0.83188224,0.024621904
1356525407957,0.8408277,0.5405364,-0.028794646,-0.037973046,0.005837582,-0.9992616,-0.53996927,0.84130025,0.025434233
1356525407992,0.8523543,0.52047455,-0.050974518,-0.0570603,-0.004333295,-0.9983613,-0.5198425,0.85386616,0.026004944
1356525408037,0.866937,0.49699694,-0.037607476,-0.04566157,0.004059851,-0.9989487,-0.49632174,0.8677428,0.026213285
1356525408076,0.8820869,0.4708109,0.01612392,0.0026880354,0.029196177,-0.9995702,-0.47107923,0.881751,0.024488002
1356525408118,0.8896377,0.44118392,0.117904544,0.09811358,0.067500055,-0.9928834,-0.44600278,0.8948745,0.016764455
1356525408160,0.87261117,0.41089636,0.26403397,0.24072361,0.10855237,-0.96450436,-0.42497283,0.9051964,-0.004188448
1356525408196,0.8181275,0.39385626,0.41898057,0.3999293,0.13382182,-0.9067239,-0.41318765,0.90937835,-0.04803136
1356525408237,0.7348692,0.4036684,0.5449946,0.53910905,0.13987899,-0.83053917,-0.41149572,0.9041491,-0.11482853
1356525408277,0.6509691,0.44420826,0.61556333,0.63371754,0.12841046,-0.76283216,-0.41790107,0.88667345,-0.19791132
1356525408317,0.565246,0.48899096,0.664368,0.70625156,0.1293051,-0.6960524,-0.4262695,0.86265177,-0.27226147
1356525408360,0.47772053,0.5164315,0.71069086,0.7622755,0.15847412,-0.6275523,-0.43671384,0.8415369,-0.31795678
1356525408396,0.38281065,0.51515585,0.76685756,0.8079955,0.21573472,-0.5482717,-0.4478832,0.8295017,-0.33365804
1356525408435,0.27560472,0.47268155,0.837027,0.843549,0.2986105,-0.446382,-0.4609416,0.8290983,-0.31643158
1356525408477,0.16077656,0.3889519,0.90712035,0.8654785,0.3862403,-0.3190068,-0.47444475,0.83638203,-0.27453113
1356525408515,0.048753977,0.2738628,0.9605323,0.87208545,0.45714384,-0.17460358,-0.48691884,0.8461789,-0.21654421
1356525408555,-0.043151766,0.15085196,0.9876141,0.8665277,0.49766847,-0.03815463,-0.49726015,0.8541485,-0.15219271
1356525408596,-0.099536285,0.047036767,0.9939215,0.8571469,0.5113706,0.061638623,-0.505363,0.85807204,-0.09121734
1356525408639,-0.11199665,-0.019972473,0.99350786,0.8508438,0.5145621,0.10625851,-0.5133437,0.85722053,-0.040635765
1356525408675,-0.06419641,-0.034190208,0.9973514,0.8496641,0.52230334,0.0725953,-0.5234021,0.8520741,-0.0044798255
1356525408717,0.05593221,0.015452623,0.9983149,0.8406845,0.53867996,-0.055438757,-0.5386289,0.8423687,0.01713878
1356525408756,0.30756786,0.17367613,0.93554187,0.77317697,0.5274629,-0.35210836,-0.55461645,0.83163667,0.02794826
1356525408797,0.6243669,0.4044894,0.6682472,0.53838074,0.396997,-0.74333,-0.56596124,0.8238821,0.030102491
1356525408839,0.7865253,0.5322961,0.31311145,0.24268238,0.19981754,-0.9493041,-0.5678761,0.8226384,0.027982667
1356525408875,0.82506156,0.5530411,0.11584015,0.08251475,0.08488664,-0.992968,-0.5589855,0.82881826,0.02440264
1356525408916,0.84011126,0.5406908,0.04320459,0.024672776,0.041477233,-0.9988348,-0.5418528,0.8401982,0.021505147
1356525408956,0.8538998,0.51828265,0.047310263,0.030039236,0.041670922,-0.9986797,-0.5195699,0.8541935,0.02001398
1356525408993,0.8642216,0.48880607,0.11912058,0.09411335,0.07552147,-0.99269295,-0.49423045,0.8691175,0.019264102
1356525409040,0.85311085,0.44529265,0.27187556,0.23291384,0.14124095,-0.96218616,-0.4668544,0.884175,0.016779363
1356525409088,0.78025246,0.37848142,0.49795383,0.44698057,0.2194781,-0.86720115,-0.43750948,0.89921147,0.0020744652
1356525409126,0.5928358,0.2931482,0.7500733,0.6903442,0.29462287,-0.660774,-0.41469347,0.9095392,-0.02771017
1356525409168,0.44188997,0.28039408,0.8521223,0.7996174,0.30745634,-0.5158319,-0.4066266,0.9093128,-0.08834612
1356525409207,0.33226144,0.31892967,0.8876295,0.8499154,0.30680984,-0.4283824,-0.40895727,0.89674497,-0.16912216
1356525409249,0.26638162,0.3877452,0.8824367,0.8686159,0.30026025,-0.3941448,-0.41778845,0.87149155,-0.25681788
1356525409287,0.19791883,0.43891674,0.8764589,0.8817982,0.31077415,-0.35475528,-0.42808875,0.84307265,-0.3255279
1356525409326,0.1114319,0.4471672,0.88748205,0.89111984,0.35032618,-0.28840414,-0.4398731,0.8229903,-0.35944206
1356525409366,0.011399686,0.40825224,0.91279805,0.891068,0.41006714,-0.19453233,-0.45372677,0.8155827,-0.35910583
1356525409415,-0.09430039,0.32267484,0.94180053,0.8777896,0.47325647,-0.07425356,-0.46967298,0.81970066,-0.32786894
1356525409449,-0.18135665,0.21657065,0.9592741,0.85533047,0.5161086,0.045186162,-0.48530358,0.8286912,-0.27883917
1356525409485,-0.2410078,0.11106771,0.96414685,0.8323332,0.5345708,0.14647692,-0.49913585,0.8377935,-0.22128105
1356525409530,-0.27746555,0.011635095,0.96066517,0.8137349,0.5344136,0.22855562,-0.5107333,0.845143,-0.1577493
1356525409566,-0.27793014,-0.05573082,0.95898324,0.8084041,0.5256832,0.2648395,-0.51888114,0.8488529,-0.1010502
1356525409608,-0.2571296,-0.09754279,0.96144146,0.8110255,0.5191973,0.26957715,-0.52547306,0.84906983,-0.054391265
1356525409647,-0.20411807,-0.10425037,0.9733795,0.82139546,0.5227052,0.2282295,-0.5325836,0.84611523,-0.021062791
1356525409688,-0.12534603,-0.07983348,0.98889583,0.83061624,0.53664947,0.14860722,-0.5425542,0.8400203,-9.558797E-4
1356525409726,-0.011929199,-0.018730551,0.99975336,0.83259594,0.55350846,0.02030474,-0.5537523,0.8326329,0.008992076
1356525409769,0.13013738,0.07326046,0.9887857,0.81700826,0.5570948,-0.14880508,-0.5617489,0.82721114,0.01264447
1356525409807,0.27332678,0.1706604,0.9466612,0.7805135,0.53585637,-0.32195744,-0.5622198,0.8268814,0.013261139
1356525409846,0.38196903,0.24018048,0.89241976,0.73956263,0.49963462,-0.4510126,-0.5542082,0.8322731,0.013216436
1356525409888,0.43927726,0.26674992,0.85783446,0.7192259,0.4677386,-0.5137457,-0.53828394,0.8426536,0.013613462
1356525409926,0.44654837,0.25635457,0.8572496,0.7292767,0.45081988,-0.5147008,-0.51841104,0.855011,0.014359444
1356525409967,0.4114035,0.21952125,0.8846229,0.7653942,0.4437805,-0.46608013,-0.4948929,0.8688322,0.014552593
1356525410001,0.33385777,0.16466993,0.92812866,0.8172606,0.44006842,-0.37205493,-0.46970636,0.88273644,0.012342036
1356525410046,0.23591629,0.11351246,0.9651209,0.86487496,0.42831996,-0.2617887,-0.44309685,0.8964691,0.00287354
1356525410094,0.13832252,0.09467432,0.98585176,0.89730096,0.40933758,-0.16520816,-0.41918716,0.90745777,-0.028330803
1356525410137,0.033259735,0.10548183,0.99386495,0.91363764,0.39991808,-0.073019445,-0.4051668,0.910461,-0.08307099
1356525410176,-0.0492758,0.15648684,0.98645014,0.91288257,0.40777582,-0.019087166,-0.40523738,0.8995726,-0.16294754
1356525410217,-0.12574302,0.2168585,0.9680708,0.9012393,0.4328555,0.020097852,-0.41467637,0.8749906,-0.24986994
1356525410260,-0.2047882,0.253006,0.9455421,0.8802552,0.47004473,0.06487465,-0.42803338,0.8456039,-0.3189695
1356525410297,-0.28703624,0.24703503,0.92551804,0.85035765,0.5105356,0.12745652,-0.44102368,0.82360613,-0.35661036
1356525410338,-0.36361372,0.19706407,0.9104674,0.81259966,0.54498696,0.20656976,-0.45548534,0.814957,-0.3582989
1356525410376,-0.4235375,0.12790519,0.8968033,0.7747019,0.5642572,0.2853958,-0.4695241,0.8156311,-0.33807248
1356525410421,-0.46641666,0.041983098,0.8835683,0.7404437,0.5650082,0.36401764,-0.48394075,0.82401645,-0.2946154
1356525410467,-0.48772168,-0.043598443,0.87190986,0.71716213,0.5494986,0.42863697,-0.49780118,0.83435625,-0.23673528
1356525410506,-0.4882401,-0.11192569,0.8655023,0.7087647,0.52778614,0.46807516,-0.5091898,0.84197056,-0.17835736
1356525410549,-0.4756554,-0.16497192,0.86402327,0.7109909,0.5062423,0.48806834,-0.5179227,0.846465,-0.12350333
1356525410587,-0.45051607,-0.19984978,0.8701122,0.7224784,0.49093422,0.48683524,-0.52446175,0.8479644,-0.07678658
1356525410627,-0.41586837,-0.21983194,0.88245535,0.73809487,0.48529217,0.46872967,-0.5312904,0.8462656,-0.039560854
1356525410666,-0.36956087,-0.22434801,0.9017166,0.75610226,0.4914734,0.43216115,-0.5401243,0.84149975,-0.011999369
1356525410708,-0.31457195,-0.21527487,0.9245005,0.7725703,0.50781834,0.3811242,-0.5515248,0.8341326,0.006569624
1356525410746,-0.24637038,-0.1874654,0.9508724,0.7906287,0.5285719,0.30905983,-0.56054246,0.8279302,0.017991066
1356525410788,-0.16935578,-0.14333838,0.9750757,0.8090551,0.5447612,0.22060171,-0.5628041,0.8262502,0.023710191
1356525410827,-0.08793944,-0.09027931,0.9920264,0.82599735,0.5500283,0.12327689,-0.55677193,0.8302521,0.026201308
1356525410865,-0.015324384,-0.04214838,0.9989939,0.8394654,0.54223573,0.03575456,-0.5431973,0.8391686,0.027072608
1356525410908,0.035566553,-0.009630173,0.99932086,0.85118973,0.5242507,-0.025242418,-0.5236516,0.8515096,0.026842892
1356525410972,0.05603592,0.0033985674,0.9984229,0.8639462,0.5010763,-0.050194114,-0.50045663,0.8653964,0.025142074
1356525410990,0.04588391,0.0016092658,0.9989455,0.87916136,0.47474438,-0.041146755,-0.47431004,0.88012224,0.020368278
1356525411025,0.0071757436,-0.007937282,0.9999427,0.8940989,0.44786048,-0.002861172,-0.44781214,0.89406824,0.010310471
1356525411071,-0.040006608,-0.0031577647,0.9991944,0.90493524,0.42388734,0.037572175,-0.42366454,0.9057094,-0.01410073
1356525411106,-0.096887976,0.019015968,0.9951136,0.9081768,0.41075876,0.080574155,-0.4072194,0.91154575,-0.057067454
1356525411148,-0.14000183,0.08080289,0.98684865,0.9034518,0.41827434,0.09392238,-0.4051842,0.90471953,-0.13156068
1356525411186,-0.19040626,0.14804643,0.970478,0.89200646,0.43891782,0.10805336,-0.4099632,0.8862468,-0.21563113
1356525411228,-0.24140875,0.2032826,0.94889295,0.8758937,0.4665954,0.1228776,-0.41777024,0.8607932,-0.29069418
1356525411267,-0.30014902,0.22128287,0.9278709,0.8534843,0.49670678,0.15762946,-0.4259991,0.83923554,-0.3379475
1356525411305,-0.36249858,0.19700411,0.9109249,0.8242607,0.52392477,0.2147027,-0.43495882,0.82866895,-0.3523047
1356525411347,-0.41966575,0.14120322,0.8966284,0.7913287,0.54078716,0.2852159,-0.4446117,0.8292231,-0.33868802
1356525411390,-0.46416834,0.068736464,0.8830759,0.7601901,0.54260314,0.3573413,-0.4545974,0.83717203,-0.30411202
1356525411426,-0.49187118,-0.0064994693,0.8706437,0.736348,0.5304946,0.41996086,-0.46460122,0.8476634,-0.2561491
1356525411466,-0.5026047,-0.07548493,0.86121464,0.72280395,0.50982285,0.46651387,-0.47428167,0.85696137,-0.20167857
1356525411509,-0.49849612,-0.13533252,0.8562632,0.7194217,0.48650914,0.495723,-0.4836673,0.86313033,-0.14516175
1356525411546,-0.47705728,-0.17643112,0.8609811,0.72809,0.46934348,0.4996015,-0.49224114,0.8652103,-0.09544599
1356525411587,-0.44417638,-0.20284632,0.8726745,0.7416159,0.4632814,0.48515588,-0.502706,0.8626841,-0.05534464
1356525411626,-0.3901418,-0.2068085,0.89722884,0.762999,0.4728251,0.44075942,-0.51538515,0.8565434,-0.026674151
1356525411668,-0.3158478,-0.18836126,0.9299248,0.7856262,0.49763048,0.36763477,-0.53200704,0.84668994,-0.009193957
1356525411706,-0.19605896,-0.1291438,0.9720508,0.81399035,0.53132236,0.23476875,-0.5467912,0.8372685,9.5134974E-4
1356525411749,-0.01251857,-0.016236752,0.99978983,0.8318696,0.5546312,0.019423306,-0.55482996,0.83193785,0.0065636635
1356525411787,0.23612481,0.14492258,0.9608551,0.7991245,0.5336163,-0.276864,-0.5528518,0.8332173,0.010188878
1356525411829,0.46793026,0.28850284,0.83534867,0.69838095,0.45852184,-0.5495651,-0.5415767,0.8405497,0.013071358
1356525411866,0.6062555,0.3597879,0.70922977,0.59861636,0.3806607,-0.704809,-0.5235577,0.8518509,0.015402675
1356525411907,0.65749073,0.3684824,0.65721124,0.56225646,0.3407013,-0.7535186,-0.5015711,0.8649528,0.016826361
1356525411974,0.6381655,0.33260462,0.6943479,0.6052519,0.3406581,-0.71945965,-0.47583085,0.87938964,0.016086668
1356525411982,0.53996783,0.26164067,0.7999868,0.71149564,0.36590058,-0.59990895,-0.44967622,0.8931186,0.011418343
1356525412022,0.40683112,0.19510972,0.89242405,0.80883133,0.3771362,-0.4511764,-0.42459434,0.9053731,-0.004380107
1356525412066,0.27096748,0.15976134,0.94923806,0.87289226,0.37489486,-0.31227055,-0.40575325,0.91319776,-0.03787017
1356525412106,0.19601417,0.19309455,0.9614016,0.8956323,0.36394888,-0.25570288,-0.3992759,0.9111837,-0.101602614
1356525412159,0.15230589,0.27051258,0.9505924,0.90215445,0.35475117,-0.2454975,-0.40363386,0.89497185,-0.19001341
1356525412208,0.08429897,0.32550028,0.94177663,0.9086648,0.36276335,-0.20671466,-0.4089277,0.87318516,-0.26519006
1356525412248,-0.0072318763,0.33101714,0.9435971,0.9109491,0.39139283,-0.13032028,-0.41245535,0.85862637,-0.30437022
1356525412286,-0.09883197,0.2966539,0.94985723,0.9037801,0.42620993,-0.039073795,-0.41643,0.8546003,-0.31023306
1356525412350,-0.19134295,0.21878332,0.9568291,0.8856409,0.4587208,0.07221836,-0.42311725,0.86122537,-0.28153646
1356525412372,-0.2710661,0.11313909,0.9558885,0.85964984,0.47522154,0.18752792,-0.43304205,0.8725618,-0.22607642
1356525412409,-0.31596875,0.01900354,0.9485793,0.83862925,0.47315282,0.2698657,-0.4436946,0.8807754,-0.16543847
1356525412439,-0.33207077,-0.052040517,0.9418178,0.8271602,0.46383566,0.31727368,-0.45335978,0.8843915,-0.11098039
1356525412482,-0.33733144,-0.11423203,0.9344295,0.81819236,0.45534202,0.35103408,-0.4655844,0.88295794,-0.06013739
1356525412522,-0.31155255,-0.14931935,0.9384235,0.82054263,0.45577154,0.3449377,-0.47921264,0.8774828,-0.01947391
1356525412566,-0.26440355,-0.16128317,0.9508305,0.8266194,0.46995857,0.30957934,-0.49678093,0.8678287,0.009060979
1356525412606,-0.1843378,-0.1413784,0.9726416,0.835716,0.49829906,0.23081756,-0.51729906,0.85540056,0.026296854
1356525412645,-0.06562573,-0.08221945,0.9944513,0.8403003,0.5329096,0.099512964,-0.5381346,0.84216833,0.034116387
1356525412696,0.10237521,0.027047485,0.9943781,0.8269907,0.55321646,-0.100189745,-0.5528163,0.8325984,0.034267604
1356525412737,0.29876143,0.16350338,0.9402171,0.7756202,0.532411,-0.33904546,-0.556017,0.8305451,0.032247365
1356525412777,0.4417349,0.25797054,0.8592564,0.7110151,0.48341084,-0.51065785,-0.54710853,0.83651966,0.030118465
1356525412818,0.5131275,0.29186752,0.80716383,0.67661774,0.44105956,-0.5896227,-0.52809906,0.84869295,0.028837055
1356525412857,0.52740026,0.28168443,0.8015627,0.6840173,0.41883078,-0.59724456,-0.50395364,0.86326975,0.028214455
1356525412898,0.49857897,0.24457417,0.8316264,0.7242367,0.40965712,-0.554673,-0.47634032,0.87884265,0.027116835
1356525412974,0.4325113,0.19363737,0.88058996,0.78362274,0.4023308,-0.4733554,-0.4459478,0.8947818,0.022273988
1356525412977,0.3394287,0.14758876,0.928981,0.8433087,0.38974014,-0.37004465,-0.41667563,0.90902156,0.00782609
1356525413013,0.24535406,0.12887645,0.9608289,0.8859055,0.37266695,-0.27620783,-0.39366588,0.9189724,-0.022737026
1356525413053,0.17052104,0.1534333,0.9733349,0.9081831,0.35874116,-0.21565765,-0.38226438,0.9207404,-0.078172565
1356525413099,0.11121315,0.21932271,0.9692932,0.9163796,0.35477966,-0.18541831,-0.38455194,0.90886134,-0.16152668
1356525413146,0.04556097,0.28995994,0.9559536,0.91836977,0.36440152,-0.15429997,-0.39309177,0.88494897,-0.24968797
1356525413186,-0.03630738,0.3230193,0.9456957,0.91605496,0.38897276,-0.09769121,-0.39940602,0.86276233,-0.310026
1356525413229,-0.11827882,0.3096013,0.94348145,0.906878,0.42068875,-0.024358034,-0.40445328,0.8527415,-0.33052915
1356525413267,-0.18927999,0.26471302,0.9455687,0.8923582,0.4481864,0.053158224,-0.40971935,0.85384774,-0.32105154
1356525413307,-0.24640393,0.18962434,0.9504355,0.8748611,0.46548688,0.13394025,-0.41701698,0.86450243,-0.2805928
