1356525025398,-0.2317183,-0.04366842,-0.9718023,-0.92791975,-0.2899583,0.23428434,-0.292013,0.95604247,0.026667893
1356525025420,-0.5984203,-0.16089785,-0.78485996,-0.7460712,-0.24513948,0.61909974,-0.29201192,0.95604324,0.026655138
1356525025440,-0.5983555,-0.16090089,-0.78490865,-0.74612546,-0.24512666,0.61903936,-0.29200602,0.9560459,0.026620626
1356525025481,-0.5982219,-0.1608774,-0.7850153,-0.7462548,-0.24506652,0.6189072,-0.2919491,0.9560653,0.026548624
1356525025526,-0.59784,-0.1606426,-0.78535414,-0.74663186,-0.24500173,0.6184778,-0.29176703,0.9561213,0.0265311
1356525025565,-0.59706986,-0.15996301,-0.78607863,-0.74741143,-0.2449671,0.61754954,-0.2913484,0.95624423,0.026704192
1356525025615,-0.59528184,-0.15853599,-0.7877219,-0.7491305,-0.24503833,0.6154345,-0.2905906,0.9564636,0.027102768
1356525025656,-0.5908224,-0.15627462,-0.7915221,-0.75300676,-0.24542797,0.6105293,-0.28967184,0.95673585,0.027328432
1356525025703,-0.583759,-0.15380672,-0.7972257,-0.7588626,-0.24578995,0.6030877,-0.288709,0.95704275,0.026763916
1356525025747,-0.57347345,-0.15123719,-0.8051432,-0.7669112,-0.24646658,0.5925382,-0.28805465,0.9572782,0.025356472
1356525025787,-0.56052214,-0.14955038,-0.8145242,-0.7764163,-0.24724978,0.5796941,-0.2880844,0.95734125,0.0224756
1356525025830,-0.54473,-0.14880335,-0.82530415,-0.7872291,-0.24845183,0.5643953,-0.28903225,0.9571464,0.018196762
1356525025869,-0.52433187,-0.14966816,-0.83825755,-0.7999974,-0.2506318,0.5451495,-0.2916855,0.956443,0.011680067
1356525025907,-0.50032777,-0.1517232,-0.852439,-0.8136566,-0.25422275,0.5228133,-0.29603225,0.95517063,0.0037440658
1356525025945,-0.47162282,-0.15524533,-0.8680269,-0.8280592,-0.2604258,0.49648398,-0.30313343,0.95293087,-0.005729556
1356525025985,-0.44075292,-0.15958825,-0.8833281,-0.8412602,-0.2697875,0.46850404,-0.31307864,0.9496032,-0.015345573
1356525026025,-0.40872574,-0.16470942,-0.89767146,-0.8519757,-0.28380173,0.43999308,-0.32723168,0.9446308,-0.02433139
1356525026067,-0.3776937,-0.17057669,-0.910083,-0.8588809,-0.30267268,0.4131742,-0.34593517,0.9377062,-0.03218746
1356525026105,-0.35095042,-0.17728871,-0.91945773,-0.8615828,-0.32344568,0.39122635,-0.3667546,0.92949003,-0.039235532
1356525026145,-0.32779342,-0.18544802,-0.92636955,-0.8612442,-0.34439993,0.37369373,-0.3883424,0.9203248,-0.046824038
1356525026186,-0.3088339,-0.19573188,-0.9307581,-0.85896504,-0.36281455,0.3613097,-0.40841237,0.9110734,-0.05607742
1356525026224,-0.29152983,-0.20832488,-0.93360114,-0.856421,-0.37790388,0.3517552,-0.42609084,0.90210277,-0.06824353
1356525026265,-0.2731539,-0.22329482,-0.93569565,-0.854717,-0.38999486,0.34258264,-0.4414134,0.8933328,-0.08432531
1356525026305,-0.2489466,-0.24046168,-0.9381919,-0.8548089,-0.40086138,0.3295633,-0.4553322,0.8840184,-0.105755776
1356525026345,-0.21802926,-0.2589749,-0.9409544,-0.85608494,-0.4121828,0.31180745,-0.46859556,0.8735201,-0.13183653
1356525026387,-0.16945708,-0.277666,-0.94561404,-0.85888886,-0.42893475,0.27986616,-0.483316,0.85960263,-0.16579828
1356525026454,-0.10773897,-0.29457897,-0.94953436,-0.85956305,-0.4523034,0.23785079,-0.4995435,0.84181046,-0.20447847
1356525026465,-0.020577729,-0.3061319,-0.95176667,-0.85390013,-0.48977536,0.17599607,-0.52002984,0.8163353,-0.2513276
1356525026502,0.074819624,-0.310108,-0.9477527,-0.8375763,-0.5353282,0.109039456,-0.54117274,0.7856569,-0.29979217
1356525026545,0.16733462,-0.3060428,-0.9371964,-0.8120935,-0.5817906,0.044986814,-0.5590199,0.75356317,-0.3458891
1356525026589,0.23834693,-0.29841685,-0.92419595,-0.78783727,-0.61586833,-0.0043206215,-0.5678937,0.7291458,-0.38189423
1356525026626,0.27804533,-0.2928154,-0.9148497,-0.776257,-0.62947476,-0.034447968,-0.56578785,0.7197365,-0.40232253
1356525026665,0.28065318,-0.29394326,-0.913691,-0.78381,-0.61961776,-0.041421354,-0.5539636,0.72778517,-0.40429333
1356525026705,0.24430928,-0.30349863,-0.92097855,-0.8080723,-0.58873165,-0.02034825,-0.53603363,0.7491886,-0.38908145
1356525026746,0.15859854,-0.32200238,-0.9333601,-0.8430327,-0.53623956,0.041748762,-0.51394784,0.7802318,-0.35650533
1356525026786,0.030547261,-0.34272027,-0.93894076,-0.8702605,-0.47117484,0.14366943,-0.4916437,0.8127343,-0.31264898
1356525026825,-0.13398641,-0.35835895,-0.92391914,-0.8717121,-0.4008245,0.28188252,-0.47134453,0.8431599,-0.25868082
1356525026864,-0.29103708,-0.359492,-0.8866019,-0.84150165,-0.34470212,0.41599935,-0.45516193,0.8671482,-0.20219207
1356525026906,-0.4172222,-0.3476525,-0.8396805,-0.79276174,-0.3125345,0.5233077,-0.4443584,0.8840022,-0.1452092
1356525026945,-0.49514604,-0.32732183,-0.8047924,-0.75042135,-0.3056882,0.5860226,-0.43783355,0.8941002,-0.09426898
1356525026985,-0.53673184,-0.30459654,-0.78685445,-0.7228571,-0.31500667,0.61501896,-0.43519706,0.8988836,-0.051105678
1356525027024,-0.548998,-0.28074542,-0.78726315,-0.7132555,-0.3336776,0.6163813,-0.43573833,0.8999119,-0.017054856
1356525027066,-0.5392497,-0.25653344,-0.80212235,-0.7183989,-0.3568892,0.59710395,-0.43944594,0.898232,0.008159041
1356525027112,-0.5141048,-0.23226672,-0.8256807,-0.73264956,-0.38164246,0.5635368,-0.44600564,0.8946515,0.026034057
1356525027146,-0.4813764,-0.20831853,-0.851399,-0.75035554,-0.4041131,0.5231246,-0.45303804,0.89067173,0.038217485
1356525027186,-0.44895393,-0.18542007,-0.8741051,-0.76813805,-0.41968912,0.48355442,-0.45651314,0.8885271,0.04599285
1356525027225,-0.4220637,-0.16460001,-0.89149827,-0.78456515,-0.4263916,0.45016417,-0.4542244,0.88943636,0.05082497
1356525027265,-0.40538627,-0.14743122,-0.90217847,-0.7985771,-0.42319924,0.4279918,-0.44490057,0.89396113,0.053823948
1356525027304,-0.3996091,-0.13528758,-0.90664756,-0.80903494,-0.41299117,0.4182113,-0.4310162,0.9006306,0.055582643
1356525027348,-0.40639138,-0.12876529,-0.90458035,-0.815767,-0.39478946,0.4226886,-0.41154635,0.90970373,0.055396438
1356525027385,-0.42822194,-0.1305984,-0.89418685,-0.8150846,-0.3714506,0.44459152,-0.39020917,0.91922176,0.05261451
1356525027447,-0.45971423,-0.13962105,-0.8770227,-0.80855143,-0.34264427,0.4783718,-0.3672976,0.92903227,0.044627666
1356525027464,-0.49789095,-0.15884721,-0.85256803,-0.79508007,-0.30899656,0.5218897,-0.34634128,0.93770397,0.02755034
1356525027505,-0.52701956,-0.190245,-0.82828575,-0.78150105,-0.27446258,0.56029147,-0.33392602,0.94259065,-0.004029572
1356525027554,-0.5117807,-0.23540255,-0.8262362,-0.7897055,-0.24980336,0.5603245,-0.33829838,0.9392465,-0.05805421
1356525027586,-0.4361711,-0.28948784,-0.8520279,-0.82558954,-0.24794322,0.50687873,-0.3579898,0.9245112,-0.13085246
1356525027626,-0.28930163,-0.33735865,-0.89582014,-0.8757691,-0.28451657,0.38997287,-0.38643637,0.8973513,-0.21313715
1356525027667,-0.15254557,-0.36811718,-0.9171802,-0.89940894,-0.3329422,0.28321874,-0.40962568,0.8681239,-0.280299
1356525027707,-0.10166389,-0.391363,-0.91460335,-0.9007708,-0.35399014,0.25160035,-0.4222277,0.84942675,-0.31654036
1356525027745,-0.14682806,-0.4174451,-0.8967614,-0.8925611,-0.33484757,0.3020129,-0.42635223,0.8447583,-0.32343018
1356525027788,-0.2947715,-0.44279718,-0.84678245,-0.85637903,-0.27073038,0.43968177,-0.4239396,0.8547723,-0.2993986
1356525027825,-0.44260448,-0.44795948,-0.7768099,-0.79226655,-0.21041161,0.5727483,-0.4200179,0.8689414,-0.26177418
1356525027864,-0.56736743,-0.4348864,-0.6992625,-0.7102874,-0.17118812,0.6827784,-0.4166365,0.88406354,-0.2117678
1356525027904,-0.64414096,-0.41088593,-0.64517844,-0.64259267,-0.16685218,0.74782014,-0.4149182,0.8962885,-0.15655595
1356525027945,-0.68164325,-0.38379595,-0.6229471,-0.6024635,-0.18873739,0.77551013,-0.41521105,0.90392417,-0.10257149
1356525027984,-0.6908124,-0.35646686,-0.62905455,-0.5897734,-0.22548509,0.7754507,-0.41826487,0.9066906,-0.054466784
1356525028025,-0.67826754,-0.32934391,-0.6568757,-0.59919524,-0.26955748,0.7538593,-0.42534474,0.9049151,-0.014509261
1356525028070,-0.64999014,-0.30209616,-0.6973169,-0.62210035,-0.31549263,0.7165582,-0.43646777,0.89955676,0.017132938
1356525028105,-0.6148523,-0.27409452,-0.7394788,-0.6496756,-0.35551697,0.6719594,-0.44707763,0.8935771,0.040517867
1356525028146,-0.5830141,-0.24688987,-0.77404135,-0.6754815,-0.38210052,0.63065356,-0.45146352,0.8905305,0.05600047
1356525028185,-0.55855644,-0.22162263,-0.79931104,-0.69863397,-0.39376032,0.5973804,-0.44713,0.8920965,0.065104246
1356525028226,-0.54645985,-0.2001344,-0.8132207,-0.7170126,-0.38995445,0.577779,-0.43275243,0.8988225,0.069595516
1356525028264,-0.54572,-0.18420362,-0.8174709,-0.72868556,-0.37738562,0.57148707,-0.41377175,0.90755117,0.07172036
1356525028309,-0.5587363,-0.17358735,-0.8109755,-0.7321801,-0.356023,0.58065474,-0.38952023,0.918213,0.07182568
1356525028342,-0.58680236,-0.17028436,-0.79162264,-0.72341335,-0.3289665,0.60700446,-0.36378062,0.9288619,0.06985223
1356525028382,-0.6250002,-0.17245284,-0.76133746,-0.70439744,-0.2957626,0.6452509,-0.33645052,0.93956614,0.06337631
1356525028462,-0.6663148,-0.18290238,-0.7228909,-0.6774031,-0.25675327,0.6893495,-0.31168824,0.94901234,0.04717982
1356525028463,-0.6913737,-0.20641354,-0.69238424,-0.65800047,-0.21589833,0.7214037,-0.29839206,0.9543487,0.013446152
1356525028502,-0.6792052,-0.24764612,-0.6909065,-0.6680895,-0.18113011,0.7216982,-0.30386972,0.9517686,-0.042425334
1356525028547,-0.61558115,-0.3057256,-0.7263551,-0.7169372,-0.16542321,0.67722684,-0.3272016,0.93763906,-0.11735469
1356525028586,-0.5087024,-0.36907685,-0.77782017,-0.7825936,-0.17833287,0.5964434,-0.35884434,0.9121293,-0.19811887
1356525028625,-0.4204601,-0.41873187,-0.80490804,-0.8222237,-0.19923764,0.5331534,-0.38361633,0.8859842,-0.2605198
1356525028666,-0.39356238,-0.449639,-0.80183125,-0.82874703,-0.2039442,0.5211383,-0.397853,0.8696157,-0.29237217
1356525028707,-0.4247036,-0.46445948,-0.7771127,-0.80993325,-0.18861115,0.5553683,-0.40451825,0.86527634,-0.29607737
1356525028751,-0.49041682,-0.4644642,-0.73740387,-0.7704524,-0.16438794,0.6159381,-0.40730146,0.87020093,-0.2772289
1356525028786,-0.5655294,-0.45176685,-0.6899878,-0.71622217,-0.1457752,0.6824774,-0.4089038,0.8801456,-0.24112529
1356525028826,-0.6304801,-0.43152463,-0.6451987,-0.6587051,-0.1422652,0.7388289,-0.41061223,0.89081264,-0.19455212
1356525028885,-0.6789862,-0.40876198,-0.609829,-0.6074804,-0.15361696,0.7793391,-0.41224426,0.8996196,-0.14401108
1356525028905,-0.7113875,-0.3865542,-0.5869443,-0.56842124,-0.17468101,0.80397993,-0.41330987,0.90557295,-0.09545976
1356525028942,-0.7296787,-0.36638963,-0.57734543,-0.54373556,-0.20108414,0.81481093,-0.4146332,0.90847343,-0.05249232
1356525028979,-0.73506397,-0.3489037,-0.5813322,-0.5338038,-0.23081505,0.8134973,-0.41801244,0.9082899,-0.01658231
1356525029024,-0.7303191,-0.33360875,-0.5961034,-0.53568566,-0.26179385,0.8028106,-0.42388082,0.90563196,0.012483537
1356525029074,-0.72028714,-0.31792957,-0.6165283,-0.54596,-0.2884506,0.78659004,-0.4279182,0.9031705,0.034190476
1356525029117,-0.7076906,-0.299147,-0.64006644,-0.564477,-0.30542898,0.7668629,-0.42489964,0.9040045,0.047287583
1356525029155,-0.6990867,-0.27917427,-0.6582853,-0.58381975,-0.30867863,0.75091416,-0.41283447,0.90927404,0.052805603
1356525029195,-0.69348454,-0.25918877,-0.6722354,-0.60274684,-0.30242187,0.73840195,-0.39468414,0.9172581,0.05349964
1356525029236,-0.69084966,-0.23947868,-0.6821852,-0.62002456,-0.28908658,0.7293822,-0.37188208,0.92686504,0.051232696
1356525029274,-0.688648,-0.22103003,-0.69058645,-0.63600636,-0.27326143,0.7216814,-0.34822392,0.9362019,0.04760444
1356525029315,-0.6867617,-0.20401914,-0.69766355,-0.65126395,-0.2535597,0.7152361,-0.32282126,0.9455599,0.041264832
1356525029354,-0.6808442,-0.19111411,-0.7070548,-0.66872096,-0.23158354,0.7065276,-0.29876965,0.95385766,0.029870331
1356525029401,-0.6632942,-0.1896506,-0.7239292,-0.69328636,-0.2085042,0.68984056,-0.281771,0.9594575,0.00681746
1356525029437,-0.6211057,-0.20990473,-0.7550946,-0.7317046,-0.18986332,0.6546452,-0.28077787,0.95911,-0.035663128
1356525029472,-0.5420499,-0.25672644,-0.8001709,-0.7849497,-0.18531555,0.5911954,-0.3000596,0.94855136,-0.101067126
1356525029512,-0.42582798,-0.31975436,-0.8464205,-0.8413422,-0.20423955,0.5004293,-0.33288696,0.9252261,-0.18205196
1356525029556,-0.2961616,-0.37504765,-0.8784233,-0.8826071,-0.24407959,0.40178332,-0.36509305,0.89429545,-0.25873274
1356525029594,-0.18685824,-0.40537038,-0.89485127,-0.90255284,-0.2888512,0.31931698,-0.38792056,0.86731756,-0.31189394
1356525029637,-0.11583644,-0.4087416,-0.90526915,-0.9088571,-0.32405782,0.26261216,-0.40070012,0.85318035,-0.33394998
1356525029676,-0.09092218,-0.38897192,-0.91675186,-0.9097582,-0.34199154,0.23533338,-0.40505946,0.8554196,-0.32277578
1356525029714,-0.09543514,-0.3560063,-0.9295976,-0.9096359,-0.3480971,0.2266959,-0.40429536,0.86723006,-0.29061544
1356525029756,-0.12983882,-0.31198138,-0.9411745,-0.9074425,-0.3451656,0.23960122,-0.3996122,0.8851713,-0.23828924
1356525029799,-0.17823744,-0.2644244,-0.94779277,-0.9017736,-0.3415388,0.2648691,-0.39374587,0.9019041,-0.17757595
1356525029834,-0.23197508,-0.21828634,-0.9479128,-0.8915159,-0.34208304,0.29694876,-0.38908473,0.91396403,-0.115251005
1356525029876,-0.28305066,-0.17821747,-0.94240165,-0.8769497,-0.34980077,0.32954296,-0.38838315,0.91971624,-0.057276428
1356525029914,-0.32555372,-0.14785135,-0.93389225,-0.8596319,-0.3650424,0.3574592,-0.39376104,0.91917574,-0.008256793
1356525029955,-0.35733408,-0.12792736,-0.925174,-0.84163713,-0.38535136,0.3783533,-0.40491882,0.9138593,0.030030757
1356525029994,-0.37946457,-0.11667538,-0.91782,-0.82566303,-0.40491897,0.39283732,-0.41747716,0.9068779,0.057317883
1356525030035,-0.3947065,-0.1110166,-0.9120757,-0.81468284,-0.41672027,0.4032817,-0.42485136,0.90223026,0.07403889
1356525030074,-0.40611994,-0.10816166,-0.9073961,-0.81011355,-0.41683626,0.41226643,-0.422827,0.90252346,0.08166233
1356525030115,-0.41662955,-0.106517166,-0.9028145,-0.8104855,-0.40628362,0.4219563,-0.41174424,0.90751743,0.08293903
1356525030154,-0.428998,-0.10558772,-0.8971132,-0.8131467,-0.387371,0.43443787,-0.39338687,0.91585755,0.08032301
1356525030194,-0.445526,-0.10616809,-0.88895166,-0.8144999,-0.36408925,0.45169562,-0.3716134,0.92529315,0.07573736
1356525030235,-0.4663388,-0.10850233,-0.8779267,-0.81388557,-0.33620644,0.47387287,-0.34658095,0.9355172,0.06847769
1356525030275,-0.49155867,-0.11463821,-0.863266,-0.8092806,-0.30596364,0.5014491,-0.32161328,0.94511604,0.05762458
1356525030315,-0.5136596,-0.12742823,-0.84847856,-0.8037244,-0.2746594,0.5278155,-0.3003012,0.95306045,0.03866422
1356525030354,-0.5222055,-0.15393513,-0.8388119,-0.8019991,-0.24581909,0.5443992,-0.28999814,0.9570146,0.004912257
1356525030395,-0.49991542,-0.2017285,-0.84225297,-0.8130518,-0.22573239,0.5366485,-0.2983811,0.9530742,-0.05116856
1356525030453,-0.43391305,-0.26978135,-0.85961473,-0.84007347,-0.22362977,0.494233,-0.32557032,0.93659365,-0.12960029
1356525030475,-0.3332569,-0.34082684,-0.87907726,-0.87121964,-0.24512106,0.4253139,-0.36043876,0.9076082,-0.2152468
1356525030522,-0.23288196,-0.39305192,-0.8895371,-0.890876,-0.28059834,0.35721794,-0.39000773,0.87565684,-0.28481424
1356525030555,-0.16631138,-0.4187251,-0.892754,-0.89726305,-0.31123716,0.3131298,-0.40897363,0.85311234,-0.32394427
1356525030595,-0.15083128,-0.42131847,-0.89428216,-0.89534503,-0.32525563,0.3042466,-0.41905504,0.84658104,-0.32816666
1356525030634,-0.17394698,-0.40934226,-0.8956458,-0.88878524,-0.32637298,0.32177866,-0.42403215,0.8520092,-0.30704582
1356525030675,-0.2297867,-0.3852891,-0.8937284,-0.87519336,-0.31988084,0.36292273,-0.42571676,0.8655799,-0.26369816
1356525030714,-0.29672563,-0.3550936,-0.88648885,-0.85508,-0.31452924,0.41220087,-0.4251966,0.88032943,-0.21030456
1356525030756,-0.3644302,-0.3220247,-0.87377954,-0.82977355,-0.31360918,0.46165472,-0.42268956,0.8932801,-0.15291888
1356525030794,-0.42182082,-0.2905371,-0.8588687,-0.8037983,-0.3184427,0.5024962,-0.41949427,0.90232056,-0.09920746
1356525030834,-0.46279246,-0.2641598,-0.8461931,-0.78131306,-0.32939792,0.53013855,-0.41877556,0.90648586,-0.05394858
1356525030874,-0.4863264,-0.24427614,-0.8389373,-0.76429594,-0.34640992,0.54392266,-0.4234835,0.90572035,-0.018230975
1356525030919,-0.49605405,-0.22948202,-0.83741766,-0.753204,-0.3660996,0.5464933,-0.43198866,0.9018365,0.008758426
1356525030956,-0.49802643,-0.21688491,-0.83960146,-0.74834764,-0.38167816,0.54249203,-0.4381159,0.8984891,0.027780533
1356525030995,-0.49683815,-0.20391637,-0.84354615,-0.75011593,-0.38791466,0.53558224,-0.43643788,0.89885503,0.03976983
1356525031035,-0.4965729,-0.1899518,-0.84695554,-0.75709677,-0.38244402,0.5296614,-0.4245232,0.90424275,0.046099365
1356525031074,-0.49715042,-0.17591023,-0.8496453,-0.7665196,-0.36979216,0.5250729,-0.40655786,0.91230994,0.04900366
1356525031115,-0.50062704,-0.1628463,-0.85020804,-0.77592885,-0.35103655,0.5241258,-0.38380602,0.92209244,0.049381256
1356525031154,-0.50803226,-0.15255496,-0.8477207,-0.7827703,-0.32889813,0.5282961,-0.35940784,0.931962,0.047675252
1356525031195,-0.5200687,-0.14607748,-0.8415402,-0.78628266,-0.30293876,0.53850496,-0.3335986,0.941748,0.042690754
1356525031234,-0.53491604,-0.14667648,-0.83207625,-0.78625005,-0.2741201,0.5537771,-0.3093149,0.9504442,0.031306863
1356525031274,-0.54337007,-0.1601468,-0.8240764,-0.78659785,-0.24581182,0.5664277,-0.29327932,0.95599663,0.007595718
1356525031317,-0.52593946,-0.19481295,-0.8279104,-0.7977047,-0.22469676,0.5596236,-0.29505074,0.95475614,-0.03722632
1356525031355,-0.47222763,-0.24851829,-0.8457184,-0.82339126,-0.21815354,0.5238662,-0.31468678,0.9437413,-0.10160971
1356525031394,-0.38005686,-0.30874553,-0.8719133,-0.8584558,-0.23324436,0.456783,-0.3443986,0.92210263,-0.17639822
1356525031451,-0.28149527,-0.35616812,-0.8910133,-0.8851383,-0.2621761,0.38443977,-0.37052757,0.89688796,-0.24145675
1356525031476,-0.2202335,-0.3821763,-0.8974622,-0.8959689,-0.28450644,0.34102163,-0.38566417,0.8792026,-0.27976018
1356525031515,-0.21644598,-0.39233667,-0.89399266,-0.8944549,-0.2873062,0.34264478,-0.3912818,0.8738003,-0.28874117
1356525031562,-0.28708512,-0.39023852,-0.874812,-0.8751155,-0.2645527,0.40519708,-0.38955736,0.8818876,-0.2655546
1356525031594,-0.3902769,-0.38215888,-0.83763874,-0.8360541,-0.23394209,0.4962708,-0.3856132,0.89399433,-0.22820336
1356525031634,-0.50962496,-0.3664509,-0.7784575,-0.77142334,-0.20607686,0.6020285,-0.38103604,0.9073291,-0.1776669
1356525031674,-0.61340874,-0.3466631,-0.7096157,-0.6937605,-0.19283843,0.693909,-0.3773938,0.9179532,-0.12221247
1356525031714,-0.6857482,-0.3279752,-0.64975506,-0.6231624,-0.19667727,0.7569587,-0.37605578,0.9239861,-0.06951076
1356525031754,-0.7262715,-0.31377283,-0.6116178,-0.5736755,-0.21352732,0.79076064,-0.37871632,0.9251771,-0.024924994
1356525031794,-0.7404608,-0.30455598,-0.5991357,-0.5497204,-0.23844182,0.8005954,-0.38668513,0.9221666,0.00913614
1356525031834,-0.7350065,-0.29866028,-0.6087426,-0.5477732,-0.26759446,0.79267764,-0.39963743,0.91607606,0.033085525
1356525031876,-0.7179207,-0.2930712,-0.6314262,-0.5597166,-0.2962861,0.7739068,-0.41389263,0.9090235,0.048673213
1356525031915,-0.69846076,-0.28564447,-0.6561705,-0.576711,-0.31823778,0.7524155,-0.42374158,0.9039535,0.057542384
1356525031954,-0.6846363,-0.27635995,-0.67446154,-0.59185946,-0.32928598,0.73571265,-0.4254122,0.902882,0.061874807
1356525031995,-0.68329716,-0.2670526,-0.6795497,-0.59906447,-0.3270129,0.7308791,-0.41740465,0.9065018,0.06346524
1356525032034,-0.6965755,-0.2608136,-0.6684003,-0.5933897,-0.31426448,0.7410307,-0.40332532,0.9128057,0.06414479
1356525032076,-0.7252455,-0.2581756,-0.63825107,-0.57118565,-0.2919644,0.76714003,-0.38440347,0.92092466,0.064279675
1356525032115,-0.76831037,-0.2595345,-0.5850993,-0.52779317,-0.26027584,0.80851156,-0.36212385,0.9299992,0.06299204
1356525032155,-0.81807584,-0.2637142,-0.51108384,-0.46482885,-0.22010112,0.8576069,-0.33865327,0.939154,0.057477534
1356525032194,-0.86128473,-0.27116987,-0.4297157,-0.3957028,-0.17257929,0.9020176,-0.31876004,0.9469336,0.04133725
1356525032235,-0.88655156,-0.28665775,-0.36311668,-0.3437994,-0.1169709,0.93172944,-0.30956155,0.9508655,0.0051478744
1356525032277,-0.8920974,-0.31432965,-0.32459047,-0.32478556,-0.05333495,0.9442826,-0.31412807,0.9478144,-0.0545097
1356525032319,-0.88125056,-0.35339186,-0.31386566,-0.33960226,0.011558354,0.9404981,-0.3287366,0.93540394,-0.13019848
1356525032356,-0.8627496,-0.39514717,-0.31547087,-0.36906752,0.06566179,0.92708015,-0.34561872,0.9162681,-0.20248568
1356525032394,-0.85000116,-0.42538148,-0.31072295,-0.38639587,0.102552414,0.91661406,-0.35804522,0.89918506,-0.25153536
1356525032459,-0.84954286,-0.43737972,-0.29491672,-0.38052344,0.12090504,0.9168336,-0.36534753,0.89111215,-0.26914728
1356525032472,-0.85660166,-0.43491843,-0.27763215,-0.36069015,0.119965374,0.9249384,-0.3689665,0.8924429,-0.2596333
1356525032530,-0.8663048,-0.42357832,-0.26475918,-0.33502883,0.099570036,0.93693197,-0.370502,0.9003706,-0.22816902
1356525032550,-0.8729879,-0.41089845,-0.2627824,-0.31607383,0.06626135,0.94641787,-0.37146932,0.90927,-0.18771958
1356525032591,-0.8779479,-0.39760455,-0.26667964,-0.30038938,0.023746133,0.95352095,-0.3727917,0.9172495,-0.14028406
1356525032630,-0.8800232,-0.3852935,-0.27768347,-0.29155293,-0.023274302,0.9562715,-0.37490812,0.9225005,-0.09185153
1356525032674,-0.87873983,-0.3750629,-0.29520172,-0.29069218,-0.0699994,0.95425266,-0.3785687,0.9243527,-0.047516525
1356525032723,-0.87240314,-0.36916256,-0.320362,-0.29775417,-0.11839843,0.947272,-0.3876277,0.9217922,-0.0066285133
1356525032780,-0.8593085,-0.36595026,-0.35730845,-0.31706706,-0.16701257,0.93358195,-0.40131956,0.9155257,0.027484536
1356525032816,-0.8438243,-0.3592733,-0.39860132,-0.34398514,-0.2079696,0.91565424,-0.4118671,0.90976435,0.051905274
1356525032854,-0.830707,-0.34958,-0.433266,-0.3692718,-0.23640174,0.8987505,-0.4166101,0.90659136,0.06729066
1356525032895,-0.82049614,-0.3363481,-0.46222925,-0.3938832,-0.2533747,0.8835481,-0.41429693,0.90701216,0.07541114
1356525032934,-0.813506,-0.32057726,-0.48521978,-0.41663814,-0.26083004,0.8708504,-0.40573472,0.9106031,0.0786221
1356525032975,-0.8095948,-0.30345762,-0.50246364,-0.43656594,-0.26092964,0.86100286,-0.39238554,0.91642195,0.078768015
1356525033015,-0.8091005,-0.28550538,-0.51365656,-0.452876,-0.25410092,0.85459703,-0.37451267,0.9240776,0.07629466
1356525033055,-0.8106214,-0.26840976,-0.52043164,-0.46630952,-0.24168205,0.8509672,-0.35418686,0.93249446,0.070750594
1356525033102,-0.8110726,-0.25554714,-0.5261719,-0.48074695,-0.22122383,0.8484942,-0.33323202,0.9411459,0.05657506
1356525033135,-0.80418324,-0.25307354,-0.5378132,-0.5016549,-0.19632006,0.84249675,-0.31879717,0.94731843,0.030921698
1356525033175,-0.77826476,-0.27113017,-0.5663854,-0.5412115,-0.1677621,0.82398176,-0.3184243,0.9478103,-0.016175449
1356525033216,-0.723188,-0.3126205,-0.6158471,-0.6051657,-0.14287764,0.7831733,-0.33282682,0.93907106,-0.085859776
1356525033255,-0.64314663,-0.36357227,-0.67392707,-0.67995465,-0.13360924,0.72097874,-0.3521707,0.92193484,-0.16128236
1356525033294,-0.55706966,-0.40571523,-0.7246161,-0.74452245,-0.14256692,0.65219706,-0.3679126,0.9028122,-0.22264433
1356525033339,-0.49112886,-0.42636007,-0.7596114,-0.7855286,-0.1601106,0.59775364,-0.37648016,0.8902706,-0.2562831
1356525033374,-0.4597242,-0.42503166,-0.77974474,-0.8030876,-0.1758275,0.56932867,-0.37908328,0.8879374,-0.26050556
1356525033416,-0.46210366,-0.40701672,-0.7879071,-0.8019632,-0.1874749,0.5671932,-0.37856996,0.8939746,-0.23977959
1356525033465,-0.4855011,-0.38028955,-0.7871904,-0.78826785,-0.19895548,0.5822805,-0.37805098,0.9032147,-0.20317698
1356525033490,-0.5186855,-0.35127997,-0.7794663,-0.7662101,-0.21350473,0.606084,-0.3793249,0.9116019,-0.15841246
1356525033533,-0.5534432,-0.32432052,-0.76714855,-0.7396084,-0.23216695,0.63172615,-0.38298827,0.917014,-0.11137897
1356525033572,-0.5828404,-0.302845,-0.7540437,-0.7135173,-0.25329953,0.6532476,-0.3888317,0.9187623,-0.06845188
1356525033614,-0.60328275,-0.28810185,-0.7436714,-0.69081897,-0.27717894,0.6677881,-0.39852107,0.91660744,-0.031808972
1356525033652,-0.614407,-0.27933443,-0.7378863,-0.6732519,-0.30201715,0.6749203,-0.4113828,0.9114592,-0.002501011
1356525033699,-0.61824787,-0.27442902,-0.73651767,-0.6604272,-0.32668638,0.6761005,-0.42615187,0.90441406,0.02073276
1356525033735,-0.619852,-0.26970342,-0.73691493,-0.6519891,-0.34558022,0.67489594,-0.4366849,0.89879614,0.038364828
1356525033775,-0.62375444,-0.26263806,-0.7361736,-0.6475766,-0.35377318,0.6748993,-0.43769276,0.89770025,0.050589323
1356525033814,-0.6324508,-0.25267023,-0.732232,-0.6457678,-0.35005403,0.67856175,-0.42777312,0.90200883,0.05822563
1356525033855,-0.646361,-0.24074721,-0.7240568,-0.64406735,-0.33667278,0.68689793,-0.40913898,0.91032535,0.06255472
1356525033894,-0.6655588,-0.2282557,-0.71058476,-0.6396381,-0.31613594,0.7006576,-0.38457048,0.920846,0.0644061
1356525033934,-0.68976563,-0.21676688,-0.69082236,-0.6299846,-0.29057562,0.72019804,-0.35685122,0.93197536,0.06386918
1356525033976,-0.71879303,-0.20692036,-0.6637172,-0.613791,-0.25946224,0.7456138,-0.32649225,0.94332564,0.05949378
1356525034027,-0.7492382,-0.20219193,-0.63068247,-0.5925341,-0.22078061,0.77469933,-0.29588047,0.9541353,0.04561168
1356525034065,-0.77451897,-0.208732,-0.5971192,-0.57016075,-0.17842686,0.80192304,-0.2739291,0.9615586,0.019184232
1356525034107,-0.7730834,-0.23663025,-0.5885135,-0.5734977,-0.13564551,0.8078989,-0.27100253,0.9620844,-0.030841649
1356525034145,-0.74075955,-0.28593284,-0.60787964,-0.6080213,-0.09937632,0.78767663,-0.28563148,0.95308274,-0.10023934
1356525034186,-0.66569924,-0.35330224,-0.65728384,-0.6768303,-0.08504623,0.7312099,-0.3142376,0.9316355,-0.18251044
1356525034226,-0.57377017,-0.41416556,-0.7065796,-0.7441235,-0.09679258,0.66099274,-0.34215206,0.9050404,-0.2526536
1356525034265,-0.5065646,-0.45088214,-0.7349133,-0.78244966,-0.11763501,0.6115019,-0.36216682,0.8847979,-0.29320288
1356525034308,-0.48586237,-0.4632869,-0.7411497,-0.79009664,-0.12979442,0.5990832,-0.37374455,0.8766519,-0.30297917
1356525034346,-0.51449335,-0.45533597,-0.7266125,-0.76931417,-0.12917238,0.6256758,-0.37875098,0.8808993,-0.2838381
1356525034384,-0.5655192,-0.43543288,-0.7004186,-0.7318008,-0.12671751,0.6696344,-0.38033614,0.89125806,-0.24698895
1356525034463,-0.62339264,-0.40829197,-0.66684276,-0.68312025,-0.13055056,0.71854246,-0.38043183,0.9034679,-0.19752824
1356525034468,-0.67433816,-0.37927446,-0.63357633,-0.6331134,-0.14463341,0.7604266,-0.38004667,0.9139103,-0.1425919
1356525034500,-0.7121355,-0.35256213,-0.60709393,-0.59055626,-0.166758,0.7895791,-0.3796134,0.9208104,-0.08945346
1356525034542,-0.735972,-0.33024228,-0.59100354,-0.5600256,-0.19355208,0.80554885,-0.38041624,0.92383856,-0.04249525
1356525034585,-0.7453217,-0.313307,-0.5885017,-0.5446209,-0.2230286,0.80848396,-0.3845564,0.92309093,-0.0044053793
1356525034623,-0.74154365,-0.30143082,-0.5993768,-0.5434108,-0.2540933,0.80008835,-0.3934689,0.9190082,0.024620533
1356525034674,-0.72822714,-0.2917366,-0.6201411,-0.55378467,-0.28258348,0.78324264,-0.40374213,0.91380316,0.044225693
1356525034716,-0.7128137,-0.27894467,-0.6434957,-0.57165986,-0.30047655,0.76349133,-0.40632716,0.9120876,0.05472225
1356525034754,-0.7019282,-0.26442394,-0.6613449,-0.58939934,-0.3056658,0.74778134,-0.39988172,0.91468495,0.05870402
1356525034795,-0.6988119,-0.24936569,-0.67043173,-0.60318327,-0.29836726,0.7396939,-0.38448918,0.92130005,0.058089375
1356525034834,-0.70371115,-0.23543361,-0.6703444,-0.6104857,-0.2822852,0.74001515,-0.36345273,0.92999256,0.05491841
1356525034876,-0.7168216,-0.22371373,-0.66039306,-0.6092025,-0.25977695,0.7492585,-0.33917427,0.9393978,0.0499267
1356525034917,-0.7380816,-0.2142369,-0.63979536,-0.59822154,-0.23075068,0.76738846,-0.31203616,0.9491347,0.04215169
1356525034955,-0.76431143,-0.2084199,-0.6102369,-0.5781945,-0.19750232,0.79163367,-0.28551546,0.95789033,0.030446112
1356525034994,-0.78489876,-0.20947635,-0.5831412,-0.5605057,-0.16115016,0.8123202,-0.26413512,0.964443,0.009073794
1356525035034,-0.7872945,-0.22639406,-0.5735096,-0.5605705,-0.12452853,0.81869006,-0.25676486,0.96604264,-0.028869271
1356525035081,-0.7503639,-0.27192083,-0.6025057,-0.60198605,-0.09542614,0.79278415,-0.2730693,0.9575766,-0.09208822
1356525035117,-0.68081385,-0.33343363,-0.6521615,-0.667621,-0.08375615,0.73977506,-0.30128837,0.9390458,-0.16558492
1356525035162,-0.58761305,-0.39573765,-0.7057638,-0.73790455,-0.09577298,0.6680752,-0.33197558,0.91335607,-0.23573917
1356525035195,-0.5059633,-0.43839163,-0.74284184,-0.7862498,-0.11974186,0.60619557,-0.35470036,0.890772,-0.28410035
1356525035235,-0.46300346,-0.45476824,-0.7607981,-0.8069822,-0.13874686,0.5740462,-0.36661628,0.8797359,-0.30274957
1356525035275,-0.45982128,-0.44864947,-0.76634073,-0.8074288,-0.14797515,0.57110614,-0.3696258,0.8813723,-0.29421043
1356525035315,-0.48249966,-0.42603716,-0.7653016,-0.7952399,-0.1531511,0.58663297,-0.3671342,0.89164853,-0.2649064
1356525035354,-0.51668197,-0.3922766,-0.76102483,-0.7755113,-0.16222239,0.61013615,-0.36279735,0.9054297,-0.22039753
1356525035394,-0.547163,-0.3540639,-0.75845325,-0.755759,-0.180502,0.6294819,-0.35977912,0.9176371,-0.16882294
1356525035456,-0.5699321,-0.31584504,-0.7585639,-0.738637,-0.20752043,0.6413662,-0.35998988,0.92583853,-0.11502224
1356525035474,-0.5803575,-0.28113586,-0.7642957,-0.7283923,-0.24050623,0.64156175,-0.3641839,0.9290422,-0.06519759
1356525035515,-0.5785356,-0.2519444,-0.77577096,-0.7250426,-0.27684015,0.630613,-0.37364393,0.9272991,-0.022508502
1356525035554,-0.56576717,-0.22803058,-0.7924074,-0.7280015,-0.31312573,0.6098903,-0.38719678,0.92192966,0.011149645
1356525035602,-0.5460664,-0.20888323,-0.8112826,-0.73421425,-0.34700686,0.5835373,-0.4034118,0.91430527,0.036123693
1356525035635,-0.52446324,-0.19091338,-0.82975316,-0.74363995,-0.37189645,0.5556012,-0.4146539,0.90843004,0.053075194
1356525035675,-0.5069607,-0.1743722,-0.8441476,-0.7547631,-0.3832023,0.53243655,-0.41632146,0.9070559,0.06265873
1356525035714,-0.4940806,-0.15843499,-0.8548584,-0.7677434,-0.38190174,0.5145106,-0.40798834,0.91052157,0.06705278
1356525035754,-0.4872517,-0.1435053,-0.8613896,-0.78034973,-0.37120253,0.5032524,-0.39196938,0.9173957,0.06888473
1356525035794,-0.48802924,-0.13002148,-0.8630885,-0.79028344,-0.35393602,0.5001814,-0.3705125,0.9261877,0.06997734
1356525035834,-0.49722672,-0.11907798,-0.8594103,-0.7955366,-0.3327272,0.5063735,-0.3462471,0.93547475,0.070709944
1356525035874,-0.51480216,-0.111492366,-0.8500284,-0.7954755,-0.30760425,0.5221096,-0.31968358,0.9449599,0.06966591
1356525035915,-0.53731936,-0.11031452,-0.83613306,-0.79069614,-0.27901387,0.54493195,-0.29340667,0.9539297,0.06269437
1356525035955,-0.551584,-0.12203485,-0.82514405,-0.78794426,-0.24834079,0.56344545,-0.27367687,0.9609549,0.040824115
1356525035999,-0.5403678,-0.15300718,-0.8274004,-0.7976562,-0.2198785,0.5616032,-0.2678569,0.9634533,-0.003231883
1356525036036,-0.4745233,-0.20688412,-0.8555856,-0.8341925,-0.20457405,0.51212525,-0.2809812,0.9567385,-0.07550603
1356525036075,-0.35868078,-0.26778534,-0.89422536,-0.8824189,-0.21516538,0.4183787,-0.30444205,0.9391458,-0.15912312
1356525036116,-0.22355592,-0.31459054,-0.92252666,-0.91743255,-0.25170815,0.3081564,-0.32915062,0.91524625,-0.23234475
1356525036158,-0.12358183,-0.33690616,-0.93339264,-0.92895925,-0.29147613,0.22820255,-0.34894451,0.89528537,-0.27695101
1356525036219,-0.085780084,-0.34080753,-0.9362115,-0.92814183,-0.31428194,0.19944826,-0.36220783,0.8860458,-0.28935856
1356525036233,-0.107255995,-0.3347259,-0.9361917,-0.92299044,-0.31649625,0.2189036,-0.36957386,0.8875746,-0.27500266
1356525036272,-0.17624712,-0.3220531,-0.9301714,-0.9112767,-0.3038985,0.2778858,-0.37217167,0.89662004,-0.23991829
1356525036310,-0.27138728,-0.30328834,-0.9134358,-0.8878157,-0.2875955,0.35926586,-0.37166128,0.90846294,-0.19121438
1356525036352,-0.3644908,-0.2798817,-0.8881513,-0.8545786,-0.27834618,0.4384276,-0.36992133,0.91879797,-0.13772625
1356525036394,-0.43925166,-0.25423595,-0.86163914,-0.8191997,-0.28032506,0.50032955,-0.3687408,0.92562515,-0.08513677
1356525036459,-0.48656267,-0.22811168,-0.84333974,-0.7907252,-0.29549122,0.5361331,-0.3714977,0.92771226,-0.036598742
1356525036485,-0.49662638,-0.20186734,-0.8441633,-0.78095156,-0.320513,0.5360839,-0.37878323,0.9254841,0.0015267134
1356525036525,-0.4847901,-0.17836422,-0.85625046,-0.7822727,-0.3494379,0.5156963,-0.39118809,0.9198258,0.029874504
1356525036566,-0.45981944,-0.15659305,-0.87409645,-0.7903303,-0.37665123,0.48323065,-0.40490013,0.91302377,0.049431384
1356525036604,-0.43115693,-0.1363844,-0.8919097,-0.80187476,-0.39525616,0.44807297,-0.413643,0.9083896,0.06105429
1356525036645,-0.40582466,-0.11872485,-0.90620685,-0.8151467,-0.4013955,0.4176334,-0.4133308,0.9081774,0.06611794
1356525036686,-0.3889374,-0.10496789,-0.9152647,-0.8284194,-0.39479822,0.39731064,-0.40304974,0.91275203,0.06659433
1356525036725,-0.3846491,-0.09686279,-0.9179666,-0.83775383,-0.3809269,0.39123303,-0.38757408,0.91951746,0.06537601
1356525036765,-0.39574003,-0.09424093,-0.9135143,-0.8418989,-0.36014843,0.4018698,-0.36687332,0.92812276,0.063183784
1356525036804,-0.4271418,-0.09924775,-0.8987211,-0.83631665,-0.33444995,0.4344164,-0.34369215,0.9371729,0.059855044
1356525036846,-0.47546512,-0.1113365,-0.8726609,-0.8199477,-0.30335814,0.48544782,-0.31877682,0.9463498,0.05294609
1356525036884,-0.5351371,-0.13348696,-0.834152,-0.79111826,-0.2670852,0.5502704,-0.29624352,0.95438296,0.037323177
1356525036926,-0.5856624,-0.16906413,-0.7927275,-0.75941324,-0.2274459,0.60955715,-0.28335688,0.9590025,0.004817009
1356525036964,-0.6022184,-0.22110882,-0.76710093,-0.7452346,-0.18887478,0.6394933,-0.28628364,0.9567848,-0.051034033
1356525037007,-0.5724419,-0.2868023,-0.7681502,-0.76194346,-0.16002095,0.6275631,-0.30290663,0.9445305,-0.12692446
1356525037053,-0.51593983,-0.3542929,-0.7799248,-0.7935215,-0.14530307,0.59094054,-0.3226915,0.9237768,-0.20617145
1356525037085,-0.49518418,-0.41021198,-0.76584506,-0.80107564,-0.12559706,0.58523774,-0.3362594,0.9033003,-0.2664171
1356525037125,-0.5540707,-0.44708663,-0.70222443,-0.7585159,-0.076443195,0.6471553,-0.34301478,0.8912182,-0.29676735
1356525037164,-0.6745052,-0.45846176,-0.57866704,-0.65198684,0.0021974444,0.7582271,-0.3463465,0.88871145,-0.30039322
1356525037212,-0.79619485,-0.43859732,-0.41678077,-0.4946183,0.07510054,0.8658595,-0.34846318,0.89554024,-0.27673298
1356525037246,-0.86472476,-0.41188675,-0.28740272,-0.35964608,0.108373284,0.9267739,-0.3505791,0.90476763,-0.24184656
1356525037285,-0.8983679,-0.39062965,-0.20085749,-0.2608812,0.10662693,0.95946425,-0.3533784,0.91435176,-0.19769818
1356525037324,-0.91313684,-0.3783393,-0.15179095,-0.19685853,0.08319199,0.976896,-0.35697034,0.9219211,-0.15044498
1356525037369,-0.9180693,-0.37410444,-0.13112846,-0.16076618,0.049000442,0.9857755,-0.36235762,0.9260912,-0.10512912
1356525037404,-0.91622293,-0.37724087,-0.13499987,-0.14926258,0.00868243,0.9887595,-0.37182838,0.9260745,-0.064263046
1356525037462,-0.90880513,-0.3854923,-0.15958983,-0.15806678,-0.035870075,0.98677665,-0.3861193,0.9220136,-0.028334618
1356525037484,-0.89836085,-0.39337784,-0.19545287,-0.17830245,-0.08008319,0.98071146,-0.40144265,0.91588247,0.0018033385
1356525037525,-0.8895504,-0.39491633,-0.2296549,-0.19973382,-0.1159085,0.9729706,-0.4108609,0.9113761,0.024228275
1356525037565,-0.8864541,-0.38791674,-0.25242782,-0.21516049,-0.1374799,0.9668533,-0.40976232,0.91138357,0.0384053
1356525037604,-0.88881665,-0.37518626,-0.2631353,-0.2234559,-0.14648074,0.9636446,-0.40009046,0.9153025,0.046356916
1356525037645,-0.8971693,-0.3588441,-0.25752282,-0.2195185,-0.14367455,0.96497107,-0.38327366,0.9222735,0.050127625
1356525037684,-0.9095957,-0.34172225,-0.23635012,-0.20236695,-0.13245004,0.9703116,-0.36288166,0.9304208,0.05132276
1356525037726,-0.9256434,-0.32321638,-0.19676222,-0.16877253,-0.1127522,0.97918475,-0.33867395,0.939584,0.049818337
1356525037765,-0.9413175,-0.30459538,-0.1454064,-0.12418141,-0.08804351,0.98834574,-0.31384766,0.94840395,0.045051813
1356525037805,-0.95312256,-0.28683102,-0.096360855,-0.08283481,-0.05895382,0.99481803,-0.2910255,0.9561655,0.03243065
1356525037844,-0.958576,-0.27616876,-0.069733486,-0.06582498,-0.023409009,0.99755657,-0.27712637,0.960824,0.0042605996
1356525037889,-0.9555728,-0.2824124,-0.08440383,-0.094346,0.021766782,0.9953015,-0.2792483,0.9590461,-0.047444284
1356525037925,-0.93778586,-0.3144434,-0.14725149,-0.17812257,0.07164633,0.98139656,-0.29804367,0.9465686,-0.12319839
1356525037969,-0.89875233,-0.367206,-0.23959127,-0.29682484,0.10737753,0.9488757,-0.32270613,0.9239209,-0.20550168
1356525038006,-0.8451903,-0.42179328,-0.32824346,-0.41004378,0.11781502,0.9044245,-0.34280822,0.899005,-0.27252984
1356525038044,-0.7950482,-0.45871803,-0.39683276,-0.49234137,0.10594571,0.8639303,-0.35425764,0.88224334,-0.31007785
1356525038091,-0.76688695,-0.46733746,-0.43986383,-0.53245544,0.080673456,0.84260494,-0.35829547,0.8803906,-0.31070375
1356525038127,-0.74212015,-0.45939025,-0.488076,-0.56578004,0.038919628,0.8236371,-0.35937515,0.88738143,-0.28879684
1356525038166,-0.7221968,-0.43616495,-0.53683496,-0.5908493,-0.01451087,0.8066514,-0.35962304,0.8997497,-0.24722803
1356525038204,-0.69570524,-0.40367922,-0.5941694,-0.62134504,-0.07687867,0.77975637,-0.3604504,0.9116648,-0.19733924
1356525038245,-0.6655843,-0.36339355,-0.6518762,-0.65216863,-0.14148355,0.74475396,-0.36286855,0.9208298,-0.14282465
1356525038284,-0.62965304,-0.31875765,-0.70847064,-0.6845863,-0.20345181,0.69996357,-0.36725837,0.92574346,-0.090113044
1356525038325,-0.5898149,-0.27462724,-0.7594065,-0.71546674,-0.25836122,0.64912003,-0.3744672,0.9261908,-0.044101357
1356525038366,-0.5487994,-0.23599899,-0.80195,-0.74113953,-0.306401,0.59735304,-0.386693,0.9221838,-0.006755471
1356525038405,-0.5104174,-0.2047633,-0.8351923,-0.7598579,-0.3473218,0.5495304,-0.40260413,0.91511726,0.021688104
1356525038474,-0.4784041,-0.18162337,-0.8591522,-0.77125883,-0.38089132,0.509982,-0.41986823,0.9066062,0.04214126
1356525038481,-0.45519388,-0.16416228,-0.87512815,-0.7791775,-0.4022137,0.48073548,-0.43090713,0.900708,0.055173635
1356525038522,-0.4406702,-0.14992985,-0.88505983,-0.7876158,-0.40844095,0.46134314,-0.43066373,0.90038717,0.061900556
1356525038564,-0.43293262,-0.13709557,-0.89093995,-0.7980355,-0.40131307,0.44954085,-0.41917598,0.9056227,0.06433451
1356525038604,-0.43039227,-0.12418392,-0.8940586,-0.8103086,-0.38324618,0.44330835,-0.3976964,0.91525984,0.064319015
1356525038642,-0.43078858,-0.112026036,-0.8954727,-0.8219914,-0.360856,0.4405827,-0.37249345,0.9258688,0.0633682
1356525038685,-0.43385708,-0.10083425,-0.8953214,-0.8328824,-0.33410287,0.44122803,-0.34362036,0.93712735,0.06096983
1356525038722,-0.43769914,-0.09325698,-0.89427215,-0.84279394,-0.3039487,0.44419986,-0.3132376,0.948113,0.05444169
1356525038762,-0.4364524,-0.0953387,-0.8946619,-0.85286933,-0.27287668,0.445143,-0.2865717,0.9573134,0.037786186
1356525038813,-0.40595537,-0.12717468,-0.9050009,-0.8711332,-0.2455144,0.42526415,-0.27627358,0.96101475,-0.011118233
1356525038864,-0.32857895,-0.19060674,-0.9250432,-0.8998251,-0.23441046,0.36792207,-0.28696823,0.9532685,-0.09449035
1356525038906,-0.21268207,-0.25918305,-0.9421202,-0.92839324,-0.24708009,0.2775564,-0.30471703,0.93368924,-0.18807429
1356525038949,-0.086408794,-0.31130975,-0.94637185,-0.9435007,-0.27945644,0.17807406,-0.31990594,0.90828973,-0.26957345
1356525038993,0.011089861,-0.3353807,-0.94201744,-0.94422424,-0.3135839,0.100527495,-0.32911646,0.88836086,-0.32015216
1356525039024,0.057827115,-0.33564675,-0.94021124,-0.9406518,-0.33378989,0.06130576,-0.33441013,0.8808663,-0.3350288
1356525039066,0.051811457,-0.32137525,-0.9455335,-0.9396465,-0.33632958,0.06282538,-0.3382013,0.8852121,-0.31940484
1356525039112,-0.0049575567,-0.29759437,-0.95467955,-0.93961114,-0.32532084,0.10628894,-0.3422081,0.8975545,-0.27801016
1356525039144,-0.0824523,-0.27152315,-0.95889354,-0.9342756,-0.31384546,0.16920483,-0.34688735,0.9098221,-0.22780019
1356525039185,-0.18705994,-0.24767968,-0.95061207,-0.9165182,-0.30427986,0.25963047,-0.35355735,0.91981983,-0.17008436
