1356526133593,0.87089944,0.07598728,0.48555136,0.47545528,0.119818926,-0.87154216,-0.124404326,0.9898835,0.06822169
1356526133633,0.11476016,-0.05396533,0.9919263,0.9855722,0.13123614,-0.106885254,-0.12440848,0.9898812,0.06824741
1356526133672,0.11465362,-0.054165334,0.99192774,0.98558104,0.13127896,-0.10675141,-0.124436975,0.9898646,0.06843597
1356526133711,0.11435729,-0.054757506,0.9919294,0.985605,0.13140517,-0.106374234,-0.124519825,0.98981524,0.06899646
1356526133751,0.11390597,-0.055844396,0.9919208,0.9856365,0.13165456,-0.10577226,-0.124684095,0.9897214,0.07003856
1356526133792,0.11360404,-0.05719796,0.9918783,0.98564136,0.13201484,-0.10527688,-0.12492108,0.98959607,0.07137406
1356526133831,0.11385608,-0.058425486,0.9917778,0.98558575,0.13237345,-0.1053471,-0.12513015,0.9894765,0.07265481
1356526133871,0.11475137,-0.059393823,0.9916171,0.9854891,0.13248608,-0.10610685,-0.12507334,0.9894037,0.07373497
1356526133913,0.1162141,-0.06018287,0.9913991,0.9854054,0.13198489,-0.10749927,-0.12438005,0.98942304,0.074643016
1356526133952,0.11795065,-0.060984522,0.99114513,0.98541737,0.13045648,-0.10924211,-0.1226393,0.9895767,0.07548255
1356526133991,0.11972779,-0.061883032,0.9908762,0.98555714,0.127801,-0.111103535,-0.11975953,0.9898673,0.07629061
1356526134031,0.121362776,-0.06290975,0.9906127,0.98582757,0.12409106,-0.112896025,-0.115823925,0.9902746,0.07707816
1356526134073,0.1228205,-0.0641318,0.9903546,0.98618656,0.119636655,-0.11455637,-0.11113602,0.9907443,0.07793972
1356526134111,0.12414819,-0.06556067,0.99009544,0.9865366,0.115205705,-0.11607346,-0.10645479,0.9911758,0.078980595
1356526134151,0.12516746,-0.06730738,0.9898499,0.98686934,0.1111072,-0.11723554,-0.10208869,0.9915266,0.08033058
1356526134193,0.1257728,-0.069337755,0.989633,0.9871799,0.10756251,-0.11792484,-0.09827083,0.99177754,0.08197725
1356526134231,0.12559354,-0.071932614,0.9894706,0.9875377,0.104415596,-0.11775744,-0.09484562,0.99192905,0.08415002
1356526134271,0.12397075,-0.07601184,0.9893703,0.9881019,0.10092163,-0.11605817,-0.09102708,0.99198645,0.0876188
1356526134311,0.12030026,-0.08264038,0.9892919,0.989043,0.095872015,-0.112261355,-0.08556816,0.99195725,0.093268245
1356526134351,0.114501745,-0.09213677,0.9891411,0.9903821,0.088434905,-0.10640779,-0.077670485,0.9918115,0.10137659
1356526134391,0.10699323,-0.10401845,0.9888036,0.99193203,0.07917896,-0.09900236,-0.067994386,0.9914186,0.111650825
1356526134432,0.0980199,-0.118134886,0.9881479,0.9934921,0.06949842,-0.09024143,-0.058014095,0.99056256,0.12417826
1356526134471,0.08763933,-0.1344822,0.9870329,0.9949449,0.060587406,-0.08008686,-0.049031496,0.9890621,0.13911223
1356526134534,0.07559508,-0.15334037,0.98527765,0.9962789,0.052637637,-0.06824708,-0.04139766,0.9867705,0.15674892
1356526134553,0.061261237,-0.1750856,0.9826454,0.99751395,0.045091152,-0.05415389,-0.034826964,0.98352003,0.17741272
1356526134593,0.043376625,-0.20040953,0.97875154,0.9986446,0.03690684,-0.036701232,-0.028767377,0.9790169,0.20173874
1356526134622,0.022740245,-0.22594213,0.9738753,0.9994737,0.02768302,-0.01691541,-0.023137897,0.9737474,0.22645268
1356526134653,-0.0012803674,-0.25270766,0.9675419,0.99984807,0.016498566,0.0056322813,-0.017386436,0.96740204,0.25264806
1356526134693,-0.033641875,-0.2863192,0.9575435,0.99938506,-1.5503168E-4,0.03506556,-0.00989148,0.9581343,0.28614828
1356526134723,-0.073090255,-0.32019752,0.9445271,0.9973237,-0.021734297,0.06980786,-0.0018236637,0.9471015,0.32092914
1356526134753,-0.11696094,-0.35447347,0.9277223,0.9931115,-0.048370063,0.10672301,0.0070435405,0.9338141,0.35768917
1356526134783,-0.164146,-0.38818938,0.9068435,0.9862973,-0.08000654,0.14427972,0.016545534,0.91810024,0.39600286
1356526134813,-0.21200693,-0.41958442,0.8826109,0.97692347,-0.114978194,0.1800017,0.02595511,0.9004048,0.434278
1356526134853,-0.259022,-0.44869676,0.8553238,0.9652852,-0.15110505,0.2130535,0.03364736,0.88081694,0.4722599
1356526134893,-0.2977568,-0.4687491,0.83163404,0.9539805,-0.1785242,0.24093652,0.035527974,0.8651031,0.50033426
1356526134923,-0.3240726,-0.47932178,0.8156148,0.94547945,-0.19356835,0.26191577,0.03233525,0.85602677,0.5159191
1356526134953,-0.33682108,-0.4806534,0.80964434,0.9412657,-0.1936971,0.27658683,0.023883373,0.85525066,0.51766384
1356526134983,-0.33639193,-0.47331873,0.8141314,0.94165134,-0.17966205,0.28463033,0.011547595,0.86237526,0.50613797
1356526135013,-0.32363117,-0.4576056,0.8281666,0.94617903,-0.15389884,0.2847109,-0.0028314292,0.8757353,0.48278332
1356526135043,-0.299982,-0.4341375,0.84943247,0.9537889,-0.12039387,0.27530387,-0.01725325,0.8927654,0.45019144
1356526135073,-0.26693612,-0.40346342,0.87519276,0.96324843,-0.083467424,0.25531486,-0.029960126,0.91118085,0.410916
1356526135103,-0.22634673,-0.36679178,0.90234756,0.97324723,-0.047634184,0.2247687,-0.03946075,0.9290828,0.36776087
1356526135133,-0.18029976,-0.32576528,0.92809963,0.9825932,-0.016722977,0.18501633,-0.044751287,0.9453028,0.32310992
1356526135173,-0.1261167,-0.27679992,0.9526155,0.99107456,0.006656587,0.13314247,-0.04319498,0.9609045,0.27348983
1356526135203,-0.07031888,-0.23049313,0.97052985,0.9967888,0.021125078,0.07723847,-0.03830546,0.9728446,0.22826749
1356526135243,-0.017724812,-0.1866174,0.98227274,0.9994383,0.024641514,0.022716045,-0.028443903,0.9821236,0.18607578
1356526135273,0.030141056,-0.1499407,0.9882355,0.9993813,0.022448063,-0.027075082,-0.018124342,0.98844016,0.15052456
1356526135313,0.06937975,-0.12059024,0.9902749,0.99756396,0.015602887,-0.06799033,-0.0072522163,0.9925797,0.12137899
1356526135361,0.10132778,-0.09802395,0.99001217,0.9948508,0.007825077,-0.10104829,0.0021582246,0.99515337,0.09831208
1356526135382,0.1246078,-0.08205828,0.9888071,0.9921526,-4.4703484E-5,-0.12503314,0.010304183,0.99662757,0.08140874
1356526135418,0.13941342,-0.07167399,0.9876369,0.99007714,-0.007680893,-0.14031532,0.017642826,0.9973986,0.0698919
1356526135449,0.14709175,-0.06498915,0.98698556,0.9888261,-0.014781594,-0.14833936,0.024229646,0.9977765,0.0620887
1356526135492,0.14951035,-0.061833233,0.98682487,0.98831296,-0.020667464,-0.15103078,0.029733926,0.9978725,0.05802059
1356526135533,0.14697939,-0.060382158,0.9872948,0.98865783,-0.02217871,-0.14853871,0.030866027,0.99792886,0.056437492
1356526135570,0.14197299,-0.059313864,0.9880918,0.9895259,-0.017833501,-0.14324957,0.026117772,0.9980801,0.05616069
1356526135611,0.13698035,-0.05841443,0.98884994,0.9904587,-0.0071347356,-0.13762471,0.015094459,0.99826694,0.05687976
1356526135651,0.1335176,-0.057818115,0.9893585,0.9910465,0.007667452,-0.13329732,1.2105703E-4,0.9982977,0.05832413
1356526135691,0.1330733,-0.057360947,0.98944485,0.9909703,0.02422902,-0.13187373,-0.016408801,0.9980594,0.060067296
1356526135731,0.13659814,-0.056733876,0.98900056,0.9900706,0.041261226,-0.13437894,-0.033183485,0.9975363,0.061806798
1356526135771,0.14380625,-0.056301743,0.9880029,0.98835075,0.058437377,-0.14052674,-0.049824327,0.9967021,0.0640496
1356526135811,0.1526067,-0.058100283,0.98657775,0.98609036,0.075473934,-0.14808664,-0.06585708,0.9954537,0.0688099
1356526135851,0.15848148,-0.067064315,0.9850817,0.98416173,0.09099132,-0.15213877,-0.07943079,0.9935909,0.08042261
1356526135892,0.1534124,-0.09204912,0.9838657,0.98435235,0.10158199,-0.14398444,-0.08668941,0.99055946,0.10619274
1356526135931,0.12639782,-0.143345,0.981568,0.98848414,0.10119566,-0.112510115,-0.08320269,0.9844855,0.1544851
1356526135971,0.070123434,-0.22155416,0.9726235,0.99516344,0.08277762,-0.052892625,-0.06879288,0.97162837,0.22628728
1356526136011,-0.0091792345,-0.30877703,0.9510902,0.99869114,0.04502803,0.024257243,-0.050315768,0.950068,0.30795962
1356526136051,-0.09144056,-0.37810364,0.9212363,0.99512064,-2.6506186E-4,0.09866539,-0.037061572,0.92576325,0.376283
1356526136091,-0.15759903,-0.4143224,0.89638126,0.9869522,-0.035767913,0.15699044,-0.032982886,0.90942705,0.41455346
1356526136131,-0.19873416,-0.4170883,0.88687205,0.97939396,-0.05132854,0.19532743,-0.035946965,0.9074154,0.41869453
1356526136171,-0.21365839,-0.3922242,0.8947123,0.9760214,-0.046686172,0.21260884,-0.0416196,0.9186841,0.3927942
1356526136211,-0.2048024,-0.34662977,0.9153708,0.9777218,-0.028496921,0.20796156,-0.04600039,0.937569,0.3447438
1356526136251,-0.1758126,-0.2867647,0.94173026,0.98334026,-0.0062913895,0.1816651,-0.046170324,0.9579804,0.28309345
1356526136291,-0.13260931,-0.21997261,0.9664507,0.990329,0.01071471,0.13832447,-0.04078284,0.9754472,0.21642435
1356526136331,-0.083989024,-0.15503064,0.9843329,0.99600136,0.017124116,0.08768171,-0.030449152,0.9877612,0.15297252
1356526136371,-0.039871156,-0.100323915,0.9941555,0.99906063,0.012897313,0.04136941,-0.016972274,0.99487114,0.09971547
1356526136411,-0.008099854,-0.061174303,0.9980942,0.9999658,0.001194179,0.008188248,-0.0016928017,0.9981264,0.0611625
1356526136451,0.0076417327,-0.03869763,0.9992217,0.9998529,-0.015048921,-0.008229315,0.015355676,0.9991376,0.03857696
1356526136529,0.0034167767,-0.034787327,0.9993888,0.9992434,-0.038600504,-0.004759848,0.038742512,0.99864894,0.034629166
1356526136538,-0.008799136,-0.03501013,0.99934816,0.9982799,-0.05823791,0.0067495108,0.0579637,0.99768865,0.03546235
1356526136568,-0.021190703,-0.036291897,0.99911654,0.997215,-0.072243154,0.018526226,0.07150698,0.99672663,0.037721723
1356526136612,-0.032856047,-0.038129836,0.99873245,0.9965589,-0.077332556,0.029832095,0.0760971,0.9962759,0.040539533
1356526136651,-0.042596877,-0.0394049,0.998315,0.99646604,-0.07408017,0.039593905,0.072395176,0.99647343,0.042421192
1356526136691,-0.047403872,-0.03978598,0.9980832,0.9969183,-0.06440991,0.044781,0.06250483,0.99713016,0.042716622
1356526136731,-0.04404086,-0.03896904,0.9982694,0.99783254,-0.05061978,0.042045563,0.04889375,0.99795735,0.041113883
1356526136771,-0.029903471,-0.03677872,0.998876,0.99901843,-0.03377396,0.028664112,0.032681704,0.9987526,0.03775251
1356526136811,-0.0038599968,-0.03393677,0.9994165,0.9998965,-0.013982356,0.0033870637,0.013859272,0.9993261,0.033987224
1356526136851,0.032043695,-0.033406347,0.99892807,0.99946034,0.008297622,-0.031783342,-0.007226974,0.9994074,0.033654183
1356526136891,0.0694758,-0.04226926,0.99668777,0.99718,0.03136441,-0.068180025,-0.028378606,0.9986139,0.044329107
1356526136931,0.09151912,-0.0716621,0.9932214,0.9947531,0.052374125,-0.08788139,-0.045721322,0.9960529,0.07607937
1356526136971,0.07893196,-0.1290437,0.9884925,0.995275,0.06644562,-0.07079935,-0.05654475,0.9894103,0.13367867
1356526137011,0.027233243,-0.20560136,0.9782568,0.9977242,0.06597829,-0.013908446,-0.0616841,0.9764092,0.20693028
1356526137051,-0.040077925,-0.27587295,0.96035814,0.99718237,0.049952507,0.055964142,-0.063411325,0.95989525,0.27309367
1356526137091,-0.08755422,-0.31881517,0.9437643,0.99421614,0.031186461,0.10276982,-0.062197298,0.94730365,0.3142407
1356526137132,-0.09412974,-0.33063045,0.93905425,0.99389994,0.023237467,0.107809156,-0.05746621,0.94347405,0.32642633
1356526137171,-0.06029463,-0.3179147,0.94620025,0.99696827,0.02752459,0.07277775,-0.049180895,0.9477197,0.3152913
1356526137211,5.837679E-4,-0.28896248,0.95734024,0.9993,0.03597939,0.010250598,-0.037406594,0.9566641,0.28878114
1356526137251,0.070159614,-0.25204882,0.9651679,0.9972956,0.038954556,-0.06232223,-0.021889418,0.96693015,0.25410017
1356526137291,0.13221335,-0.21473804,0.96768135,0.99121714,0.03147489,-0.12844443,-0.0028757453,0.97616434,0.21701342
1356526137331,0.17815882,-0.18183342,0.9670553,0.9838344,0.01478821,-0.17846936,0.018150657,0.98321813,0.18152857
1356526137371,0.20558351,-0.1552769,0.96624255,0.9778862,-0.006140709,-0.2090477,0.038393646,0.987852,0.15058067
1356526137411,0.21569094,-0.13496178,0.9670899,0.9748917,-0.026376814,-0.22111201,0.055350333,0.99049973,0.12588385
1356526137451,0.21027493,-0.12016189,0.9702297,0.975253,-0.04355973,-0.21675843,0.06830901,0.9917982,0.10802868
1356526137491,0.19101274,-0.11026621,0.97537446,0.9784273,-0.058282197,-0.19819936,0.078701735,0.9921917,0.09675488
1356526137533,0.16081452,-0.1041663,0.9814724,0.9830085,-0.07226622,-0.16873604,0.08850396,0.9919309,0.09077492
1356526137573,0.12528557,-0.09950623,0.987118,0.98732936,-0.085160136,-0.13389695,0.09738669,0.99138606,0.08757609
1356526137613,0.09095472,-0.09390986,0.9914173,0.99061275,-0.093483865,-0.099736035,0.10204768,0.991182,0.084525466
1356526137653,0.062122405,-0.08656025,0.9943079,0.9931468,-0.093452334,-0.07018536,0.098995715,0.9918538,0.08016163
1356526137693,0.041075885,-0.07809591,0.9960993,0.9953308,-0.083954275,-0.047626317,0.087346256,0.99340457,0.074282736
1356526137733,0.029435873,-0.06962672,0.99713886,0.9971489,-0.06729919,-0.03413546,0.06948331,0.99530053,0.067447096
1356526137773,0.029195964,-0.061715096,0.9976667,0.99843,-0.04593098,-0.03205967,0.04780233,0.99703646,0.060277194
1356526137813,0.042287946,-0.05479157,0.997602,0.9988141,-0.021796048,-0.043536484,0.024129182,0.99825996,0.053804815
1356526137853,0.06913552,-0.04967031,0.99637,0.9976071,0.0040214956,-0.06902087,-5.786419E-4,0.9987576,0.049829453
1356526137893,0.10614064,-0.049348146,0.9931258,0.99404633,0.029993743,-0.10474855,-0.024618387,0.9983311,0.052237898
1356526137933,0.14004812,-0.06133297,0.9882433,0.98913753,0.053672403,-0.13684383,-0.04464835,0.9966732,0.06818345
1356526137973,0.14692277,-0.09740421,0.9843404,0.9875525,0.070942044,-0.14038217,-0.05615726,0.9927132,0.1066148
1356526138013,0.106586486,-0.16280657,0.98088384,0.9926693,0.073958665,-0.095591486,-0.05698189,0.9838821,0.16949609
1356526138053,0.023895562,-0.24342296,0.96962583,0.9984361,0.054844618,-0.010836959,-0.050540805,0.9683684,0.24435276
1356526138093,-0.061823726,-0.310325,0.94861805,0.99713814,0.022231162,0.07225847,-0.043512523,0.95037055,0.3080625
1356526138133,-0.110388696,-0.34639984,0.9315694,0.99312073,-0.0016089678,0.117084086,-0.039059103,0.9380856,0.34419444
1356526138191,-0.10456145,-0.35117275,0.930454,0.9938634,-0.0029456615,0.11057547,-0.036090285,0.9363061,0.34932575
1356526138211,-0.04781872,-0.32983714,0.94282603,0.99832743,0.014922202,0.055854052,-0.032491833,0.9439199,0.3285719
1356526138252,0.043190062,-0.28846276,0.9565165,0.9987117,0.0379923,-0.033637732,-0.026637048,0.95673704,0.28973198
1356526138289,0.14384925,-0.2359207,0.9610665,0.9894438,0.051524997,-0.13544843,-0.01756388,0.97040534,0.2408421
1356526138332,0.23391563,-0.18179366,0.95510966,0.9722433,0.048919857,-0.22880048,-0.0051293373,0.982119,0.18819082
1356526138372,0.30002588,-0.13464212,0.94438124,0.9538852,0.032640994,-0.29839152,0.009350508,0.9903565,0.13822627
1356526138411,0.33902445,-0.09869251,0.93558645,0.9404607,0.009748429,-0.3397623,0.02441153,0.9950701,0.0961214
1356526138451,0.35202897,-0.075087994,0.9329723,0.93514764,-0.0140404105,-0.35397974,0.03967896,0.99707806,0.06527573
1356526138491,0.3414192,-0.06312376,0.937789,0.93826145,-0.03619775,-0.34402767,0.055662215,0.997349,0.046868026
1356526138534,0.31102926,-0.06079355,0.948454,0.947605,-0.056646943,-0.31438178,0.07283941,0.9965417,0.03998941
1356526138573,0.26894253,-0.063170195,0.96108246,0.95903563,-0.07463962,-0.27327573,0.08899769,0.9952078,0.040508717
1356526138613,0.22487494,-0.06599867,0.97214997,0.96921074,-0.0875586,-0.23013937,0.100308925,0.99397075,0.044276863
1356526138653,0.18540081,-0.06650293,0.9804101,0.9772769,-0.09183851,-0.19103792,0.102743894,0.9935508,0.04796481
1356526138693,0.15408948,-0.06443429,0.9859537,0.9834542,-0.08620325,-0.15933242,0.09525883,0.99419177,0.050085127
1356526138731,0.13307801,-0.060733706,0.9892429,0.9878292,-0.07296267,-0.13736725,0.08052066,0.99548364,0.050284833
1356526138771,0.12465426,-0.05587384,0.99062574,0.99030185,-0.05472526,-0.12770009,0.061347365,0.9969369,0.048510224
1356526138811,0.13062671,-0.050061136,0.9901668,0.99062955,-0.033572584,-0.13238508,0.039869875,0.99818164,0.045206636
1356526138851,0.15135145,-0.043638766,0.9875163,0.98833257,-0.010571539,-0.15194374,0.017070174,0.99899143,0.041529596
1356526138891,0.18421829,-0.038400143,0.98213494,0.9828657,0.0135112405,-0.1838271,-0.0062108934,0.9991711,0.040231198
1356526138931,0.22022808,-0.040250123,0.97461766,0.9750529,0.03753352,-0.2187764,-0.027775109,0.99848443,0.047511935
1356526138971,0.24232033,-0.060418338,0.9683131,0.96921325,0.059990555,-0.23880246,-0.043661565,0.99636877,0.07309523
1356526139011,0.23253658,-0.10919419,0.9664385,0.97126985,0.07778236,-0.22491074,-0.050612867,0.9909725,0.124144286
1356526139051,0.18851036,-0.18211427,0.96503794,0.9808115,0.08466834,-0.17561361,-0.049726397,0.9796252,0.19458058
1356526139091,0.13351387,-0.2553976,0.95757306,0.9899862,0.07906377,-0.11694583,-0.045841694,0.9635979,0.26339617
1356526139131,0.09955591,-0.30474672,0.9472159,0.994136,0.07085079,-0.081692636,-0.042215437,0.9497945,0.31001332
1356526139171,0.10296011,-0.3214378,0.9413166,0.99393976,0.06988293,-0.08485255,-0.038507134,0.94434845,0.326685
1356526139211,0.13956815,-0.30942684,0.94062525,0.98966104,0.07528818,-0.122077316,-0.03304404,0.9479382,0.31673545
1356526139251,0.1945697,-0.27771232,0.9407542,0.9805852,0.07892424,-0.1795091,-0.02439645,0.9574167,0.28767687
1356526139291,0.2527442,-0.23620155,0.93825865,0.96746254,0.073414445,-0.24212939,-0.011690408,0.96892685,0.24707118
1356526139331,0.3034896,-0.19369191,0.93294024,0.95282346,0.05692765,-0.2981387,0.0046369433,0.97940934,0.20183116
1356526139371,0.34210107,-0.15617609,0.92659366,0.93939114,0.033118337,-0.34124386,0.02260691,0.9871738,0.15804029
1356526139411,0.3675143,-0.12698829,0.9213073,0.92916095,0.0076203346,-0.36959678,0.039913803,0.9918749,0.12079319
1356526139451,0.37979242,-0.10788062,0.9187597,0.92339075,-0.015636355,-0.38354278,0.05574289,0.99404085,0.0936774
1356526139491,0.37984642,-0.09905094,0.91973126,0.9223049,-0.035981685,-0.38478443,0.07120672,0.9944316,0.07768762
1356526139534,0.37021863,-0.098548174,0.9237026,0.9248884,-0.053718984,-0.3764251,0.086716294,0.9936814,0.07125825
1356526139572,0.35678032,-0.100767136,0.92873776,0.9289869,-0.06649324,-0.36409047,0.09844318,0.99268556,0.06988791
1356526139613,0.3447052,-0.10157031,0.93319976,0.9331948,-0.07053617,-0.3523806,0.1016157,0.9923246,0.07047069
1356526139653,0.3364339,-0.09869653,0.9365208,0.9369822,-0.06441325,-0.34338793,0.09421551,0.99303067,0.070806086
1356526139693,0.3326042,-0.0918892,0.9385791,0.9398435,-0.049913734,-0.33793893,0.077900976,0.99451745,0.069759995
1356526139733,0.3323831,-0.081885904,0.93958294,0.9414444,-0.030981064,-0.33574164,0.056601852,0.99616003,0.06679353
1356526139773,0.33428997,-0.06939241,0.9399122,0.9418919,-0.01033324,-0.33575696,0.033011317,0.9975359,0.06190586
1356526139813,0.33583876,-0.055647284,0.94027424,0.94188046,0.010758668,-0.33577576,0.008568913,0.9983926,0.05602628
1356526139853,0.33367467,-0.043195784,0.94169813,0.9425513,0.032318175,-0.33249456,-0.016071618,0.9985438,0.051497996
1356526139892,0.32289195,-0.03831148,0.9456601,0.9456225,0.054473996,-0.3206722,-0.03922847,0.9977799,0.05381742
1356526139933,0.29660568,-0.05279714,0.9535395,0.9533176,0.07561085,-0.29235014,-0.05666271,0.9957386,0.07275906
1356526139971,0.24789354,-0.09905967,0.9637096,0.9667294,0.09009698,-0.2394093,-0.06311157,0.99099433,0.11809829
1356526140031,0.1569409,-0.20888227,0.96526563,0.9864052,0.08137652,-0.1427682,-0.048728198,0.97454923,0.21881387
1356526140068,0.049991786,-0.300326,0.9525257,0.9980743,0.050090015,-0.036589265,-0.036723375,0.95252055,0.3022517
1356526140112,-0.030461192,-0.348992,0.9366305,0.99894965,0.021462083,0.040484846,-0.034230918,0.93687993,0.34797165
1356526140151,-0.08557671,-0.3571357,0.93012404,0.995544,0.0064606667,0.094076395,-0.039607227,0.9340302,0.3549915
1356526140191,-0.12012869,-0.335077,0.93450123,0.99160105,0.0049397945,0.12924,-0.047921658,0.9421778,0.33166927
1356526140231,-0.13942653,-0.2940724,0.9455589,0.9887538,0.010819495,0.14916065,-0.054094464,0.955722,0.28925672
1356526140271,-0.1462056,-0.24281254,0.9589921,0.9877554,0.017511427,0.15502462,-0.054435223,0.96991515,0.23727918
1356526140311,-0.14233947,-0.18815714,0.9717697,0.98868054,0.020023286,0.14869347,-0.04743567,0.9819348,0.18317729
1356526140351,-0.13025022,-0.13620132,0.98208153,0.9909031,0.015938103,0.13363054,-0.033853173,0.990553,0.13288635
1356526140391,-0.11315888,-0.09224939,0.98928523,0.993454,0.0051590204,0.11411673,-0.01563096,0.9957226,0.09106177
1356526140431,-0.094326794,-0.05988875,0.9937383,0.9955245,-0.011472642,0.093804896,0.005782962,0.9981391,0.06070292
1356526140471,-0.07607025,-0.0401586,0.9962934,0.9966451,-0.033323407,0.07475391,0.030197859,0.99863756,0.04255873
1356526140536,-0.059264004,-0.031439304,0.9977472,0.9966402,-0.058469772,0.05735585,0.056534797,0.99779403,0.0347988
1356526140553,-0.04379207,-0.030232847,0.9985831,0.99581784,-0.08154237,0.04120207,0.08018124,0.9962112,0.03367731
1356526140593,-0.02932167,-0.03278324,0.99903226,0.9950881,-0.09549785,0.026072145,0.09455073,0.9948896,0.035422355
1356526140633,-0.015591085,-0.036201477,0.9992229,0.9952601,-0.09650177,0.012033045,0.095991135,0.99467427,0.037534446
1356526140673,-0.0025091767,-0.038556546,0.9992533,0.9963635,-0.08520073,-7.855594E-4,0.08516741,0.9956175,0.038630098
1356526140713,0.010371029,-0.03862393,0.99920005,0.9977387,-0.06596184,-0.012905598,0.0664075,0.99707437,0.037852436
1356526140751,0.023301125,-0.036219865,0.9990722,0.9987942,-0.042351544,-0.024830073,0.04321161,0.998446,0.03518936
1356526140791,0.03648013,-0.032461643,0.9988071,0.99917257,-0.016801298,-0.03703946,0.017983586,0.9993318,0.031821817
1356526140831,0.04933533,-0.030195981,0.9983257,0.9987534,0.009097308,-0.049081326,-0.0076000392,0.99950266,0.030607104
1356526140871,0.059256494,-0.0358752,0.99759793,0.9977571,0.03330022,-0.058068424,-0.03113699,0.99880135,0.037768036
1356526140912,0.059920996,-0.060452342,0.9963709,0.9970106,0.052400738,-0.05678013,-0.048778087,0.9967947,0.063411534
1356526140951,0.04182452,-0.11414915,0.99258286,0.9974962,0.061474383,-0.03496185,-0.05702752,0.99155986,0.116434455
1356526140991,-8.299947E-4,-0.19355616,0.9810889,0.9984323,0.054748237,0.011645764,-0.055966973,0.9795605,0.1932073
1356526141050,-0.060664356,-0.27609453,0.9592141,0.9969367,0.030768275,0.07190627,-0.049366266,0.96063787,0.27338225
1356526141071,-0.1188212,-0.33532405,0.9345798,0.9920697,-0.0012463927,0.12568316,-0.040979743,0.9421021,0.3328129
1356526141112,-0.15877366,-0.35994825,0.9193629,0.98680556,-0.027947009,0.15947923,-0.031710833,0.9325535,0.35963625
1356526141149,-0.17434245,-0.3538752,0.9188999,0.98446226,-0.042788565,0.17030337,-0.020947695,0.9343134,0.35583666
1356526141192,-0.16602802,-0.32538164,0.9308929,0.98608863,-0.047125638,0.15940017,-0.007996976,0.94440776,0.3286793
1356526141231,-0.13900399,-0.28418428,0.94863975,0.9902652,-0.046919405,0.1310477,0.0072678626,0.957621,0.2879397
1356526141271,-0.09888905,-0.23759264,0.96631813,0.9947892,-0.047813237,0.090046525,0.024808377,0.9701874,0.24108282
1356526141311,-0.05199474,-0.19227567,0.9799626,0.997705,-0.052622974,0.042611152,0.043375492,0.9799291,0.19457051
1356526141351,-0.0044777393,-0.1535581,0.98812944,0.9981257,-0.06099558,-0.004955858,0.061032593,0.9862553,0.15354347
1356526141391,0.038826525,-0.12478435,0.9914239,0.9962981,-0.071321666,-0.047994226,0.07669896,0.9896171,0.12155321
1356526141431,0.07504755,-0.10709205,0.99141264,0.99301386,-0.08275986,-0.08410838,0.091056556,0.9907987,0.100133
1356526141471,0.10350168,-0.099423796,0.9896476,0.9890481,-0.094970524,-0.11298007,0.10522023,0.99050266,0.0885053
1356526141536,0.12531877,-0.098656476,0.98719907,0.98509306,-0.105816305,-0.13562623,0.1178422,0.98947954,0.0839251
1356526141553,0.1428653,-0.10023889,0.98465306,0.9819169,-0.11049932,-0.15371719,0.12421197,0.9888084,0.082639754
1356526141591,0.15802729,-0.10026762,0.98233074,0.9801003,-0.105100036,-0.16839609,0.12012774,0.98939383,0.08166373
1356526141631,0.17152351,-0.09694821,0.9803983,0.9795149,-0.089785814,-0.1802476,0.10550049,0.9912314,0.07956177
1356526141671,0.18332928,-0.09035233,0.9788906,0.97947896,-0.06802797,-0.18971846,0.0837335,0.9935837,0.07602671
1356526141711,0.19342524,-0.08139509,0.97773284,0.97935694,-0.04361409,-0.19737732,0.05870849,0.9957272,0.07127878
1356526141751,0.20208362,-0.07113978,0.97678113,0.97881234,-0.018928498,-0.20388249,0.032993197,0.9972868,0.06580737
1356526141791,0.20970538,-0.06067875,0.97588,0.97773635,0.0054140985,-0.2097677,0.0074448586,0.9981427,0.06046313
1356526141831,0.21562788,-0.052697867,0.9750526,0.9763197,0.02948156,-0.21431479,-0.01745221,0.99817526,0.05780694
1356526141871,0.21587607,-0.054411262,0.9749036,0.9756259,0.052300483,-0.21311703,-0.039391994,0.99714804,0.06437543
1356526141911,0.20137501,-0.07822651,0.9763856,0.9780807,0.06996882,-0.19611883,-0.05297485,0.9944773,0.09060177
1356526141951,0.16052246,-0.13440984,0.9778377,0.98564106,0.074407816,-0.15157565,-0.05238548,0.9881282,0.14442399
1356526141991,0.08872414,-0.21760213,0.97199655,0.9953376,0.056429744,-0.07822171,-0.037828296,0.97440493,0.22159433
1356526142031,-0.0016821027,-0.30304042,0.9529762,0.99983346,0.016807377,0.007109493,-0.018171519,0.9528295,0.30296168
1356526142071,-0.08729458,-0.36471066,0.9270197,0.99617684,-0.02884698,0.0824579,-0.0033314526,0.93067384,0.3658346
1356526142111,-0.14977294,-0.39226168,0.90757865,0.98871166,-0.06329936,0.13580349,0.004178643,0.91767323,0.39731416
1356526142152,-0.18099982,-0.3877848,0.9038041,0.98345363,-0.07847899,0.1632787,0.0076126456,0.9184029,0.39557305
1356526142191,-0.17967188,-0.35764557,0.9164102,0.98366994,-0.07531792,0.1634647,0.010559678,0.9308152,0.36533767
1356526142231,-0.14823443,-0.308767,0.9395156,0.9888363,-0.060828447,0.13602513,0.015149146,0.9491907,0.3143368
1356526142271,-0.09292084,-0.24871966,0.96410805,0.99542046,-0.0450356,0.084320456,0.02244699,0.967528,0.25176534
1356526142311,-0.025007725,-0.18668768,0.98210096,0.9991634,-0.036466897,0.018510193,0.032358497,0.98174226,0.18744344
1356526142351,0.040994942,-0.13221109,0.9903735,0.99820185,-0.037964225,-0.046387106,0.04373166,0.9904944,0.13041705
1356526142391,0.092648506,-0.091995925,0.9914399,0.9941447,-0.047066152,-0.09726855,0.05561155,0.99464643,0.08709663
1356526142431,0.12354034,-0.06814128,0.98999727,0.98998445,-0.060229063,-0.12768432,0.06832716,0.99585605,0.060018092
1356526142471,0.13378698,-0.058674008,0.98927164,0.9875418,-0.075550735,-0.13803393,0.08283922,0.9954142,0.04783532
1356526142537,0.12896347,-0.05877766,0.9899059,0.98680055,-0.09098846,-0.13396156,0.09794396,0.9941158,0.04626769
1356526142553,0.118074834,-0.062352896,0.9910451,0.98703337,-0.101915896,-0.12400901,0.10873556,0.99283695,0.049510688
1356526142593,0.10913646,-0.06512642,0.991891,0.98792183,-0.10331541,-0.11548337,0.109998584,0.99251425,0.053064287
1356526142633,0.107252955,-0.06574753,0.9920554,0.98910606,-0.09413409,-0.11317268,0.10082707,0.99338615,0.054935098
1356526142673,0.115912855,-0.06436494,0.9911717,0.9897244,-0.07663137,-0.12071997,0.083724976,0.9949798,0.054821014
1356526142713,0.13886327,-0.061149895,0.9884218,0.98834044,-0.054383874,-0.1422163,0.062450796,0.9966458,0.052885026
1356526142753,0.17938891,-0.05588633,0.98218966,0.98298234,-0.029970974,-0.1812391,0.03956592,0.9979873,0.04955876
1356526142793,0.23871237,-0.048618644,0.96987253,0.9709567,-0.004621148,-0.2392109,0.01611197,0.9988068,0.046103418
1356526142831,0.31281385,-0.04143557,0.94891024,0.94978774,0.02113232,-0.3121804,-0.007117301,0.9989177,0.045965463
1356526142871,0.388969,-0.041048855,0.9203358,0.9208293,0.047539413,-0.3870572,-0.02786392,0.99802554,0.056290388
1356526142911,0.44794717,-0.05851859,0.8921429,0.8930529,0.07663593,-0.44337732,-0.04242435,0.9953404,0.08658907
1356526142951,0.4743518,-0.10237518,0.87436247,0.87899554,0.10985568,-0.4640028,-0.04855132,0.9886612,0.14209758
1356526142991,0.46771663,-0.16845623,0.8676772,0.8825743,0.14231765,-0.44811648,-0.047997802,0.9753811,0.21523948
1356526143031,0.44654703,-0.23694217,0.8628175,0.89364874,0.16615182,-0.41687587,-0.04458317,0.95721054,0.28593773
1356526143071,0.4388091,-0.28444076,0.8523732,0.8976898,0.18098521,-0.40174296,-0.039994895,0.94145525,0.3347575
1356526143111,0.46076715,-0.29977027,0.83536303,0.88689566,0.19084853,-0.42070526,-0.033312887,0.934727,0.35380167
1356526143151,0.5071104,-0.2865502,0.8128518,0.86155665,0.19441456,-0.46895972,-0.023649693,0.93813217,0.34546885
1356526143191,0.5613797,-0.25614166,0.7869208,0.8274807,0.18677062,-0.529521,-0.011341363,0.9484241,0.3168015
1356526143231,0.6106146,-0.21963048,0.7608628,0.79192257,0.16581549,-0.5876767,0.0029088557,0.9613884,0.27517968
1356526143271,0.6491318,-0.18458387,0.7379409,0.76045275,0.13396643,-0.6354248,0.018429816,0.9736436,0.22732913
1356526143311,0.67619073,-0.15498048,0.72024095,0.7359263,0.096536234,-0.6701441,0.03432992,0.9831896,0.17933112
1356526143351,0.6928179,-0.13262689,0.7088113,0.71941334,0.05968459,-0.692013,0.049474448,0.98936737,0.13676411
1356526143392,0.7000196,-0.11841294,0.7042378,0.7113061,0.02810134,-0.70232046,0.063373774,0.9925667,0.10389933
1356526143431,0.69820845,-0.11285412,0.70694333,0.7117455,0.0032662302,-0.7024299,0.07696307,0.9936062,0.08260393
1356526143471,0.6881986,-0.11496881,0.7163552,0.7197646,-0.015956819,-0.69403493,0.09122309,0.99324095,0.071769
1356526143538,0.67292327,-0.12089804,0.72976565,0.73228645,-0.030561075,-0.68031067,0.10455066,0.99219435,0.06796675
1356526143553,0.65754044,-0.12477806,0.7430148,0.744977,-0.039540708,-0.66591716,0.11247119,0.9913964,0.066957176
1356526143593,0.6468823,-0.12229973,0.75271904,0.7544598,-0.041109085,-0.65505743,0.11105701,0.9916414,0.06567752
1356526143633,0.6428225,-0.11296609,0.75763965,0.75944054,-0.035322025,-0.649617,0.100146085,0.99297076,0.06308524
1356526143673,0.6451168,-0.09821117,0.75774586,0.7596739,-0.023953855,-0.6498629,0.081974715,0.9948772,0.05915542
1356526143713,0.6519092,-0.08037335,0.7540256,0.7559091,-0.009972647,-0.6546006,0.060132086,0.99671495,0.054253697
1356526143753,0.66134226,-0.06086412,0.74761087,0.74918664,0.00485003,-0.66234136,0.036686838,0.9981344,0.048806086
1356526143793,0.671129,-0.041041106,0.74020374,0.7412305,0.019932419,-0.67095464,0.012782663,0.99895865,0.04379812
1356526143833,0.6779561,-0.023685306,0.7347207,0.73502517,0.036323994,-0.6770661,-0.010651469,0.9990593,0.042035386
1356526143890,0.67655456,-0.015823305,0.7362225,0.7357242,0.057109103,-0.67486924,-0.03136635,0.99824256,0.050279006
1356526143911,0.659812,-0.029280901,0.7508601,0.7500554,0.08609401,-0.65574753,-0.045443684,0.99585664,0.078768134
1356526143952,0.6207973,-0.07417068,0.78045464,0.7823714,0.12217748,-0.6107108,-0.050057203,0.98973304,0.13387643
1356526143989,0.55826837,-0.14590994,0.8167293,0.82830596,0.15424895,-0.53862464,-0.04738888,0.97719884,0.2069704
1356526144032,0.48219174,-0.2224397,0.8473557,0.87502486,0.16942126,-0.45346215,-0.042692095,0.96011305,0.2763338
1356526144071,0.40957662,-0.27888158,0.86860347,0.9114641,0.16524944,-0.37673047,-0.03847304,0.94600093,0.32187286
1356526144111,0.3527108,-0.30439696,0.8848376,0.9351462,0.14813086,-0.3218055,-0.03311518,0.94095683,0.33690298
1356526144151,0.312309,-0.30248228,0.9005374,0.94965696,0.12414917,-0.2876432,-0.024793953,0.9450351,0.32602727
1356526144191,0.28616056,-0.2805169,0.9162,0.9580964,0.0965291,-0.26969153,-0.012786925,0.95498294,0.29638508
1356526144231,0.27130485,-0.24614093,0.9304882,0.9624891,0.06647658,-0.2630505,0.002891779,0.96695167,0.25494337
1356526144271,0.2652998,-0.20625761,0.941846,0.96393085,0.035164595,-0.26381993,0.02129516,0.9778657,0.20814717
1356526144311,0.2656102,-0.16689366,0.949525,0.96323043,0.0045882165,-0.2686375,0.040477246,0.9859642,0.16197571
1356526144351,0.2690267,-0.1330981,0.95389175,0.9613526,-0.02307874,-0.27435112,0.05853021,0.9908341,0.12174538
1356526144391,0.27200314,-0.108425975,0.95616853,0.9593663,-0.046926945,-0.2782342,0.07503784,0.99299634,0.09125593
1356526144431,0.27168906,-0.09419888,0.9577639,0.9580502,-0.067878544,-0.2784464,0.09124091,0.99323666,0.07180533
1356526144471,0.2672035,-0.08879012,0.95954084,0.957612,-0.08673704,-0.2746925,0.107617736,0.99226654,0.06185001
1356526144540,0.2599508,-0.088180155,0.9615872,0.9579613,-0.101637214,-0.2682911,0.12139091,0.99090576,0.05805242
1356526144553,0.25258154,-0.087857336,0.9635786,0.9591391,-0.10848737,-0.26130947,0.1274941,0.9902078,0.056865513
1356526144593,0.2473132,-0.08524686,0.9651784,0.9611289,-0.10461062,-0.25551504,0.122749716,0.990853,0.056061596
1356526144634,0.2455605,-0.07980105,0.96609116,0.96337616,-0.090669364,-0.25236,0.1077334,0.99267876,0.05461353
1356526144673,0.24837068,-0.07193467,0.96599036,0.96483266,-0.07024863,-0.25330424,0.08608085,0.9949324,0.05195719
1356526144713,0.25658894,-0.062052757,0.96452665,0.96457887,-0.04678589,-0.25961277,0.061235905,0.99697566,0.047850043
1356526144753,0.27059355,-0.050457746,0.9613704,0.9620582,-0.022105664,-0.27194738,0.03497362,0.9984815,0.04256168
1356526144793,0.2897026,-0.038336396,0.95634866,0.95708114,0.002986133,-0.28980473,0.00825426,0.9992604,0.03755614
1356526144833,0.31049567,-0.029737204,0.9501096,0.95041,0.028326392,-0.30970728,-0.017703384,0.99915636,0.037057698
1356526144873,0.32503948,-0.033946097,0.945091,0.9448556,0.053890854,-0.3230228,-0.039966404,0.9979696,0.049590766
1356526144912,0.3206632,-0.06406012,0.9450246,0.9456589,0.07841867,-0.31556273,-0.053892672,0.9948603,0.08572498
1356526144953,0.28418955,-0.12851474,0.950116,0.9571357,0.09583208,-0.27332678,-0.05592507,0.9870665,0.15024051
1356526144993,0.21334913,-0.21769151,0.9524141,0.9758104,0.095087975,-0.19685602,-0.047709286,0.97137463,0.23271257
1356526145031,0.12682718,-0.30304712,0.94449854,0.99127525,0.073177576,-0.109628975,-0.03589335,0.9501619,0.30968398
1356526145071,0.054059386,-0.3585793,0.93193257,0.99819744,0.043770194,-0.04106182,-0.026066989,0.9324725,0.36029914
1356526145111,0.01445806,-0.37669188,0.92622584,0.9997212,0.022742331,-0.0063560903,-0.01867032,0.9260595,0.3769156
1356526145151,0.011137962,-0.3628328,0.93178767,0.99986994,0.014912367,-0.0061450005,-0.011665523,0.9317349,0.36295176
1356526145191,0.038876414,-0.32540032,0.94477683,0.99923813,0.015895426,-0.035642743,-0.0034194589,0.94544274,0.32577044
1356526145231,0.088772655,-0.27288342,0.9579426,0.99602723,0.01754564,-0.08730388,0.0070159733,0.9618871,0.27335685
1356526145271,0.14985508,-0.21421564,0.96522284,0.9885086,0.012854338,-0.15061748,0.019857258,0.97670186,0.21368021
1356526145311,0.21043116,-0.15844303,0.96468365,0.97700447,-6.047487E-4,-0.21321812,0.03436628,0.987368,0.15467224
1356526145351,0.26045394,-0.11304778,0.95884514,0.96421343,-0.020522952,-0.26433182,0.049560457,0.99337757,0.10365692
1356526145391,0.2937118,-0.08219755,0.95235336,0.95365036,-0.043023914,-0.2978252,0.06545448,0.9956869,0.065751106
1356526145431,0.3084249,-0.0662781,0.94893694,0.9476142,-0.06571311,-0.31258467,0.08307505,0.99563503,0.042538494
1356526145471,0.30708516,-0.062190056,0.94964784,0.94619954,-0.08700359,-0.3116677,0.10200542,0.99426496,0.032126665
1356526145540,0.2955753,-0.064566016,0.953135,0.9479598,-0.103782326,-0.30100068,0.11835298,0.9925021,0.030530512
1356526145553,0.28096285,-0.067949176,0.9573102,0.9513701,-0.11156425,-0.28713828,0.12631235,0.99143153,0.033299327
1356526145593,0.2687701,-0.06920087,0.9607153,0.95539343,-0.10761207,-0.2750326,0.12241712,0.9917816,0.037191212
1356526145632,0.26239613,-0.06773469,0.96258,0.9588605,-0.09368172,-0.26797444,0.10832721,0.9932955,0.04036635
1356526145673,0.26472804,-0.06362346,0.962222,0.960366,-0.07290843,-0.2690383,0.08727121,0.9953072,0.041800857
1356526145713,0.2784692,-0.057066977,0.9587483,0.9583549,-0.04931277,-0.28129014,0.06333095,0.99715173,0.040958345
1356526145753,0.30509183,-0.047898352,0.95111763,0.9515528,-0.024825066,-0.30648163,0.038291454,0.99854374,0.038003862
1356526145791,0.34414428,-0.03700772,0.9381872,0.93882847,-1.4489889E-4,-0.3443852,0.012880862,0.99931496,0.034694046
1356526145831,0.38999197,-0.028403372,0.9203801,0.9207432,0.02478531,-0.389381,-0.011752158,0.9992892,0.03581828
1356526145871,0.43049508,-0.03127578,0.902051,0.90200126,0.05108863,-0.4287001,-0.032676667,0.99820435,0.050204158
1356526145911,0.4499993,-0.05786082,0.8911525,0.8918259,0.080895156,-0.44508696,-0.0463368,0.9950417,0.08800456
1356526145951,0.43801653,-0.114103734,0.8916961,0.89747053,0.11271292,-0.42643002,-0.05184841,0.98705435,0.15177482
1356526145991,0.39750314,-0.19032767,0.897645,0.9161321,0.13764483,-0.3765048,-0.0518969,0.97202325,0.22907951
1356526146031,0.3494623,-0.26177037,0.89964014,0.93563557,0.14834806,-0.32027942,-0.04962021,0.9536609,0.29676372
1356526146071,0.31982753,-0.30616128,0.89664686,0.9463774,0.14878121,-0.2867645,-0.045608014,0.9402815,0.3373285
1356526146111,0.31971067,-0.3173257,0.89279866,0.9467176,0.14563495,-0.28725624,-0.038868874,0.93706715,0.3469789
1356526146151,0.34319422,-0.3013292,0.889617,0.93882865,0.13890001,-0.315131,-0.028609693,0.94334906,0.33056617
1356526146191,0.37702706,-0.26884475,0.88632566,0.9260869,0.12453005,-0.35616776,-0.014620364,0.95509934,0.29592472
1356526146231,0.4103652,-0.22969851,0.88251865,0.9119171,0.10042116,-0.39789808,0.0027730167,0.9680673,0.25067532
1356526146271,0.4372386,-0.19096112,0.87883794,0.89906776,0.068529814,-0.43241253,0.02234745,0.9792024,0.20165095
1356526146311,0.4551505,-0.15708673,0.8764484,0.88941324,0.033540756,-0.4558717,0.04221472,0.987015,0.15498112
1356526146351,0.4632774,-0.13064906,0.87653,0.88411653,1.3971329E-4,-0.46726638,0.060925424,0.9914287,0.11557372
1356526146391,0.46126905,-0.11301154,0.8800337,0.88380677,-0.028903514,-0.46695846,0.07820773,0.9931732,0.086548045
1356526146431,0.4491902,-0.104400456,0.8873155,0.8883838,-0.05327779,-0.45599964,0.09488079,0.9931073,0.06881581
1356526146471,0.42855102,-0.10315728,0.8976094,0.8966046,-0.07410419,-0.4365877,0.11155385,0.9919008,0.060733855
1356526146541,0.40239665,-0.106183946,0.9092865,0.9066469,-0.09130737,-0.41189113,0.12676081,0.99014544,0.059529573
1356526146553,0.375886,-0.105996996,0.9205837,0.91673565,-0.102511436,-0.38611805,0.13529769,0.98906827,0.058638617
1356526146593,0.3579007,-0.09979129,0.92841196,0.92444646,-0.10220948,-0.36735812,0.13155162,0.9897449,0.055670872
1356526146633,0.3461811,-0.08816019,0.93401635,0.9308646,-0.09170407,-0.35366875,0.116832644,0.99187607,0.050318956
1356526146673,0.3400063,-0.07304585,0.937582,0.93560755,-0.07449043,-0.34509367,0.09504858,0.9945428,0.043015063
1356526146730,0.33871543,-0.056392223,0.9391974,0.93826866,-0.054199457,-0.3416348,0.07016954,0.9969365,0.034552902
1356526146751,0.34198946,-0.039582312,0.93886983,0.9386649,-0.032578707,-0.3432884,0.044175267,0.9986851,0.026012957
1356526146792,0.34876713,-0.024536222,0.9368882,0.9370384,-0.009966522,-0.3490841,0.017902672,0.9996493,0.019515395
1356526146829,0.35514492,-0.01594019,0.93467534,0.9347819,0.013975978,-0.35494703,-0.0074050426,0.99977523,0.019864142
1356526146872,0.35155854,-0.023952454,0.9358594,0.9357251,0.039662153,-0.35049292,-0.028723001,0.9989259,0.03635651
1356526146911,0.3241155,-0.060602605,0.9440744,0.9450862,0.065013945,-0.32028943,-0.04196766,0.99604243,0.07834667
1356526146951,0.25952145,-0.13105431,0.9568038,0.9646721,0.081703216,-0.25046468,-0.045349568,0.9880028,0.1476281
1356526146991,0.16168922,-0.21852401,0.9623429,0.98594844,0.07725531,-0.14811262,-0.04197997,0.97276866,0.22794476
1356526147031,0.057717144,-0.29163134,0.95478785,0.9976729,0.051621675,-0.044542134,-0.036297888,0.95513684,0.2939321
1356526147071,-0.022234738,-0.33000278,0.943718,0.9993105,0.02073735,0.030796021,-0.029732943,0.94375217,0.32931423
1356526147111,-0.06550133,-0.33318278,0.9405842,0.9976243,-0.0017107725,0.068867564,-0.021336347,0.9428606,0.33250335
1356526147152,-0.074591815,-0.30987152,0.94784796,0.9971614,-0.01340276,0.07409093,-0.01025489,0.95068395,0.3099917
1356526147191,-0.058362365,-0.26983508,0.9611362,0.99828863,-0.019321442,0.05519399,0.0036772788,0.96271265,0.270501
1356526147231,-0.026726604,-0.2216169,0.97476745,0.99943733,-0.025693953,0.021561414,0.020267218,0.9747952,0.22217888
