1356525884564,0.56703365,0.2607239,-0.7813423,-0.7246801,-0.2930088,-0.6236861,-0.39155012,0.9198743,0.022795651
1356525884721,0.41057613,0.14331123,0.90049374,0.82434034,0.36376718,-0.43374693,-0.3897309,0.92039955,0.03121689
1356525884762,0.4183658,0.1396819,0.8974737,0.82108486,0.36428127,-0.43945283,-0.3883165,0.92075413,0.037712097
1356525884801,0.42307323,0.13461918,0.8960395,0.8193423,0.36541373,-0.44175902,-0.38689438,0.9210595,0.044297576
1356525884843,0.4270751,0.12818044,0.8950846,0.81803185,0.3670045,-0.44286734,-0.385267,0.9213454,0.051882803
1356525884882,0.43162668,0.12068644,0.8939425,0.81655943,0.3688395,-0.44405848,-0.38331318,0.9216247,0.0606533
1356525884921,0.4375367,0.11312768,0.89205587,0.8144901,0.37049207,-0.4464767,-0.38100848,0.92192066,0.0699625
1356525884961,0.44361702,0.10475534,0.8900732,0.8126095,0.37184563,-0.44877234,-0.3779811,0.92236495,0.07983187
1356525885003,0.4494985,0.09525889,0.8881873,0.8113723,0.37238273,-0.45056194,-0.37366566,0.92317754,0.09009507
1356525885042,0.4540884,0.083376646,0.8870468,0.81185246,0.37140375,-0.45050514,-0.36701414,0.9247203,0.10096058
1356525885081,0.45725518,0.06913939,0.88664395,0.8142637,0.36835617,-0.44865167,-0.3576203,0.9271103,0.11213505
1356525885123,0.458188,0.051556617,0.8873588,0.81931067,0.36261272,-0.44411957,-0.3446649,0.9305128,0.12390393
1356525885162,0.45735347,0.030883968,0.88874865,0.8263711,0.3544606,-0.43757123,-0.32854035,0.93456084,0.13659212
1356525885201,0.45591033,0.008609861,0.8899841,0.83374166,0.3458209,-0.43044472,-0.31148118,0.93826103,0.15048492
1356525885241,0.45351171,-0.016066968,0.8911054,0.8410406,0.33856714,-0.42192763,-0.29491994,0.940805,0.16705716
1356525885282,0.45092744,-0.042768836,0.8915353,0.8473676,0.33432132,-0.4125498,-0.28041503,0.9414882,0.1869956
1356525885321,0.4482735,-0.07140443,0.89103997,0.85254896,0.33380905,-0.40215892,-0.26872125,0.9399324,0.21051353
1356525885361,0.44528818,-0.10203633,0.8895544,0.8568497,0.33688992,-0.39027405,-0.25985977,0.9359988,0.23744291
1356525885402,0.4412649,-0.13495639,0.8871708,0.8608918,0.34269795,-0.37606302,-0.25327954,0.92970157,0.26740342
1356525885441,0.43502113,-0.17083281,0.88406605,0.86561793,0.34967718,-0.35837334,-0.2479158,0.9211634,0.2999929
1356525885500,0.42506233,-0.21051064,0.880345,0.87209415,0.35573307,-0.33601457,-0.24243319,0.9105708,0.3347938
1356525885523,0.40949628,-0.25504792,0.87593573,0.88134646,0.358618,-0.30760628,-0.23567194,0.89796644,0.3716383
1356525885562,0.38671452,-0.30487737,0.8703457,0.8938477,0.3561344,-0.27240506,-0.22690997,0.8832996,0.4102363
1356525885609,0.35144597,-0.36434585,0.8624023,0.91128665,0.3442589,-0.22592553,-0.2145747,0.86529636,0.45301193
1356525885642,0.32047305,-0.4136902,0.8521487,0.9252027,0.32969102,-0.18789282,-0.20321637,0.84862494,0.4884044
1356525885682,0.29736015,-0.44887516,0.8426673,0.9347118,0.31680587,-0.16108349,-0.1946556,0.8355509,0.51377434
1356525885721,0.2914553,-0.46221596,0.83750236,0.9370175,0.31412426,-0.15272251,-0.19248903,0.8292662,0.5246576
1356525885761,0.30784616,-0.44913548,0.8387539,0.93052775,0.32592675,-0.16700262,-0.19836551,0.8318949,0.51826835
1356525885801,0.34570667,-0.40787888,0.84505725,0.91438353,0.34864554,-0.20578882,-0.21068856,0.84384894,0.49348676
1356525885841,0.3978416,-0.3410833,0.85169494,0.88925076,0.3717663,-0.26650116,-0.22573236,0.8633956,0.4512127
1356525885881,0.452877,-0.25771978,0.85351217,0.85872567,0.3835421,-0.33983198,-0.2397764,0.88683486,0.39500803
1356525885922,0.5011712,-0.17011395,0.8484626,0.82841265,0.37771678,-0.41359705,-0.25011992,0.91016,0.3302253
1356525885961,0.53755325,-0.0900352,0.8384093,0.8037787,0.3552788,-0.4771968,-0.2549045,0.9304142,0.26334965
1356525886001,0.5614274,-0.025018781,0.8271476,0.787783,0.32219797,-0.52496314,-0.25337133,0.94634163,0.20060018
1356525886041,0.57489365,0.022770852,0.81791127,0.7802752,0.28565335,-0.5563927,-0.24630868,0.95806247,0.14645275
1356525886081,0.58071566,0.05513218,0.8122375,0.77913535,0.25164133,-0.5741296,-0.23604548,0.966249,0.10317665
1356525886121,0.58121824,0.07558313,0.81023,0.78186643,0.22409913,-0.581777,-0.22554436,0.97163105,0.071154594
1356525886161,0.5777781,0.08746672,0.8114937,0.78672785,0.20505568,-0.5822469,-0.21732861,0.9748342,0.04966417
1356525886201,0.5708288,0.0931769,0.8157651,0.79306906,0.19468014,-0.57718384,-0.2125935,0.97643113,0.037233293
1356525886241,0.55997616,0.09393531,0.8231664,0.8012847,0.19119833,-0.56690913,-0.21064079,0.9770462,0.031797588
1356525886281,0.5444988,0.09028721,0.833888,0.81219125,0.19149913,-0.5510657,-0.20944303,0.97733116,0.030940562
1356525886321,0.5246834,0.08369169,0.84717345,0.82552886,0.19297524,-0.530342,-0.20786867,0.9776279,0.032161027
1356525886361,0.5028168,0.07711142,0.86094666,0.83918464,0.1952376,-0.5075938,-0.20723045,0.97771984,0.033457994
1356525886401,0.48232472,0.07327044,0.87292284,0.8504681,0.19963074,-0.486674,-0.20992106,0.97712797,0.03397265
1356525886441,0.46626627,0.07294631,0.8816318,0.8576068,0.20723331,-0.47070673,-0.21703976,0.9755682,0.034066647
1356525886481,0.45688143,0.07541242,0.88632524,0.8598362,0.21784684,-0.46176237,-0.22790578,0.9730652,0.034687817
1356525886521,0.45575696,0.0798378,0.88651645,0.8567615,0.23069675,-0.46123597,-0.24134052,0.9697447,0.036739707
1356525886561,0.4637037,0.08587375,0.88181895,0.8479959,0.24532332,-0.4698081,-0.25667495,0.96563053,0.04093674
1356525886617,0.48001176,0.0930506,0.8723132,0.83347493,0.2618531,-0.4865722,-0.27369374,0.9606115,0.048137248
1356525886642,0.50175405,0.09932044,0.85928947,0.8143809,0.28062952,-0.5079675,-0.2915935,0.95466363,0.059922308
1356525886683,0.52293384,0.09878868,0.8466292,0.79467714,0.30271515,-0.52616704,-0.30826682,0.9479474,0.079794884
1356525886722,0.5350947,0.080244094,0.8409724,0.7819197,0.32980496,-0.52899003,-0.31980523,0.9406326,0.11373243
1356525886753,0.5361067,0.043759257,0.8430153,0.7791337,0.35868037,-0.5141002,-0.32486966,0.9324342,0.15819666
1356525886792,0.50925255,-0.036124557,0.8598587,0.800207,0.38760093,-0.4576398,-0.31675,0.9211192,0.22629386
1356525886833,0.45720583,-0.14238313,0.87788945,0.8371041,0.4022717,-0.37072116,-0.30036563,0.90438074,0.30311048
1356525886873,0.39891732,-0.2365509,0.8859507,0.87137544,0.39870614,-0.28589907,-0.28560433,0.8860458,0.36517543
1356525886902,0.34688202,-0.30068645,0.88840336,0.89614666,0.38575897,-0.21934262,-0.27675623,0.87222576,0.40327197
1356525886943,0.32512525,-0.3128685,0.89241636,0.9040327,0.3797687,-0.19621581,-0.2775221,0.8705682,0.40631574
1356525886972,0.3026029,-0.30742842,0.9021747,0.91054946,0.37296355,-0.17831948,-0.28165781,0.87543476,0.39278868
1356525887003,0.28676397,-0.28592408,0.9143379,0.91399515,0.36760145,-0.17170322,-0.2870178,0.8849387,0.36674812
1356525887033,0.27342108,-0.2545029,0.9276148,0.9166728,0.36115482,-0.17110845,-0.29146495,0.8971039,0.3320433
1356525887063,0.2599788,-0.21813577,0.94065285,0.9200395,0.351702,-0.17272258,-0.29315254,0.910342,0.29212856
1356525887093,0.24509859,-0.18079588,0.9524913,0.92479324,0.33849466,-0.1737203,-0.29100528,0.9234361,0.2501634
1356525887133,0.23281425,-0.13828424,0.9626396,0.9307711,0.31859398,-0.17934045,-0.2818912,0.9377501,0.20288423
1356525887163,0.21089083,-0.10431528,0.97192764,0.9394343,0.29642957,-0.17202508,-0.2701633,0.9493407,0.16051164
1356525887203,0.18838811,-0.07621598,0.9791328,0.9487761,0.2716105,-0.16140515,-0.2536411,0.9593846,0.12348008
1356525887233,0.15923575,-0.057911694,0.9855405,0.95842344,0.24850324,-0.140252,-0.23678777,0.9668983,0.095074534
1356525887273,0.12724647,-0.051131815,0.9905523,0.9678005,0.22507718,-0.11270538,-0.21718788,0.9729984,0.078125656
1356525887303,0.09127742,-0.0512788,0.99450433,0.97590804,0.20334405,-0.07908577,-0.19817114,0.9777636,0.06860411
1356525887333,0.057256877,-0.055221736,0.9968312,0.9819905,0.18318027,-0.04625681,-0.18004552,0.9815272,0.064715505
1356525887362,0.025877476,-0.060718626,0.9978194,0.98601604,0.16593045,-0.01547429,-0.16462907,0.9842664,0.06416339
1356525887393,-0.0020383596,-0.06612632,0.9978092,0.9880235,0.1538192,0.012212217,-0.15428975,0.98588383,0.0650208
1356525887423,-0.025916278,-0.07084513,0.9971506,0.9882823,0.1482774,0.03622055,-0.15042096,0.986405,0.06617218
1356525887463,-0.04540801,-0.07525724,0.99612975,0.98666185,0.15265977,0.056509793,-0.15632176,0.9854092,0.06732142
1356525887493,-0.059084624,-0.07893306,0.9951273,0.9844243,0.1607463,0.07119954,-0.16558298,0.9838344,0.06820601
1356525887533,-0.067100495,-0.082295805,0.9943465,0.9812782,0.1748775,0.08069205,-0.18052945,0.9811449,0.06902069
1356525887563,-0.065856606,-0.084429264,0.9942508,0.9783722,0.19034675,0.08096865,-0.19608846,0.9780797,0.0700677
1356525887615,-0.060017705,-0.08642247,0.9944492,0.97531927,0.20699328,0.076851845,-0.21248609,0.9745178,0.071866214
1356525887633,-0.050733894,-0.090497315,0.99460363,0.97121674,0.22760251,0.07025015,-0.23273173,0.96953976,0.076345325
1356525887673,-0.035566002,-0.09791732,0.9945588,0.9663521,0.25031742,0.059201777,-0.25475228,0.96319956,0.085719824
1356525887703,-0.019291699,-0.10970917,0.9937765,0.96128035,0.27125186,0.048606068,-0.27489632,0.9562355,0.10022831
1356525887743,-0.015452236,-0.14277032,0.9896352,0.9569701,0.28472832,0.05601871,-0.28977492,0.94791687,0.1322273
1356525887773,-0.023573041,-0.19160885,0.9811882,0.95430666,0.28814352,0.07919657,-0.2978978,0.93822134,0.17606115
1356525887813,-0.053899527,-0.2687876,0.9616902,0.95474195,0.26825237,0.12848529,-0.29251096,0.92509127,0.24216413
1356525887843,-0.095332205,-0.3449378,0.9337718,0.9546559,0.23409158,0.18393838,-0.2820354,0.90896595,0.30698037
1356525887883,-0.13509786,-0.40424037,0.9046206,0.95310485,0.19651902,0.23015544,-0.2708133,0.8932917,0.3587341
1356525887913,-0.16945541,-0.439356,0.88218546,0.9495933,0.16675544,0.26545298,-0.26373756,0.88269985,0.38895187
1356525887953,-0.18443221,-0.43965197,0.8790283,0.94693327,0.1600684,0.27873895,-0.26325274,0.88378966,0.38679937
1356525887983,-0.19414735,-0.42515847,0.88405156,0.94460535,0.16208255,0.28539443,-0.26462722,0.8904884,0.37013903
1356525888013,-0.19503123,-0.39813372,0.89635503,0.9440695,0.17154819,0.28160954,-0.2658863,0.90114415,0.34240866
1356525888043,-0.18857098,-0.36167118,0.91303605,0.9455365,0.18432683,0.26829877,-0.265333,0.9139024,0.30721468
1356525888091,-0.176036,-0.3187366,0.93135285,0.9489754,0.19652563,0.24662378,-0.2616427,0.92724574,0.26787764
1356525888111,-0.15364039,-0.26384246,0.9522509,0.95568967,0.20521498,0.21105462,-0.25110132,0.9424829,0.22062218
1356525888152,-0.12568545,-0.20641959,0.97035766,0.96386373,0.20617032,0.16870198,-0.23488235,0.956496,0.17304778
1356525888189,-0.096868634,-0.15480945,0.98318386,0.971601,0.19956046,0.12714967,-0.21588862,0.96757925,0.13108188
1356525888232,-0.07100734,-0.11429617,0.9909059,0.97786665,0.18803373,0.09176168,-0.1968118,0.9754895,0.09841454
1356525888271,-0.05043122,-0.086883575,0.99494123,0.9825678,0.17416635,0.06501308,-0.17893389,0.98087585,0.07658553
1356525888311,-0.035989672,-0.071602255,0.99678385,0.986146,0.15907308,0.047032267,-0.16192916,0.98466694,0.06488526
1356525888351,-0.026607037,-0.0649955,0.9975308,0.9888325,0.14466715,0.035801053,-0.14663684,0.98734343,0.060420513
1356525888391,-0.020270765,-0.06285423,0.9978168,0.99042636,0.13504118,0.028627098,-0.13654563,0.98884434,0.05951512
1356525888431,-0.014867038,-0.061970115,0.99796724,0.99067545,0.13427117,0.023096144,-0.1354295,0.989005,0.05939603
1356525888471,-0.008560181,-0.060720325,0.99811816,0.989552,0.14314717,0.017195046,-0.14392188,0.987837,0.0588606
1356525888511,3.7774444E-4,-0.0582608,0.9983014,0.98718894,0.1593062,0.008923501,-0.15955555,0.9855087,0.05757457
1356525888551,0.013466865,-0.05401489,0.9984493,0.983698,0.17979369,-0.0035412908,-0.17932364,0.9822203,0.055555522
1356525888613,0.03165844,-0.04796359,0.9983473,0.97902024,0.20264551,-0.021309882,-0.20128849,0.9780768,0.0533728
1356525888633,0.055051535,-0.04087171,0.9976466,0.972939,0.226756,-0.044398338,-0.22440767,0.9730936,0.052249014
1356525888673,0.082267165,-0.03506422,0.99599326,0.96532965,0.2512234,-0.07088995,-0.24773109,0.96729374,0.054516017
1356525888713,0.109561086,-0.036672473,0.99330336,0.9568357,0.27452445,-0.09540337,-0.2691874,0.9608806,0.06516671
1356525888753,0.12994072,-0.057066023,0.98987824,0.94976646,0.2938309,-0.10773602,-0.2847088,0.95415246,0.09237999
1356525888793,0.13405037,-0.10863757,0.9850017,0.9477459,0.30442667,-0.09540433,-0.2894962,0.94632035,0.14376938
1356525888832,0.115499854,-0.19215044,0.974545,0.95237195,0.3001755,-0.05368659,-0.28221866,0.9343302,0.21766892
1356525888873,0.077994674,-0.2874918,0.954602,0.96017814,0.27933058,0.0056741536,-0.2682807,0.91614556,0.29782975
1356525888913,0.035595,-0.36441803,0.93055487,0.9658613,0.25163013,0.061596334,-0.2566024,0.8965945,0.36093414
1356525888953,0.0016058683,-0.40572983,0.91399163,0.9678357,0.23057127,0.10065234,-0.2515779,0.88443214,0.39305007
1356525888993,-0.01827997,-0.41019094,0.91181654,0.9676591,0.22223026,0.11937222,-0.25159866,0.88450956,0.39286256
1356525889033,-0.025675595,-0.3855729,0.92232,0.9671432,0.22385758,0.12050632,-0.25293228,0.89510965,0.36715662
1356525889073,-0.023464859,-0.34038493,0.93999326,0.9672601,0.22993696,0.10740897,-0.25269958,0.9117384,0.32384545
1356525889113,-0.014978409,-0.2831578,0.95895636,0.96839464,0.23469949,0.08442721,-0.24897277,0.9299128,0.27069306
1356525889153,-0.0024102628,-0.22096303,0.9752792,0.9706329,0.23409131,0.05543539,-0.24055359,0.9467716,0.21390975
1356525889193,0.0113092065,-0.16146395,0.9868138,0.9737202,0.22627401,0.025864184,-0.22746646,0.96058804,0.15977973
1356525889231,0.02304706,-0.11171135,0.9934734,0.97727096,0.21199068,0.0011661649,-0.21073738,0.97086585,0.11405802
1356525889271,0.029874384,-0.07677728,0.99660057,0.9810448,0.19323617,-0.014521331,-0.19146436,0.9781437,0.08109474
1356525889311,0.030045599,-0.058268607,0.99784875,0.98493475,0.17180923,-0.019624114,-0.17029619,0.9834055,0.06255287
1356525889351,0.02381587,-0.05370897,0.99827254,0.9886778,0.1492449,-0.015557259,-0.14815152,0.98734045,0.056655288
1356525889391,0.01354146,-0.057335287,0.9982632,0.99167037,0.12865943,-0.0060625076,-0.12808841,0.99003005,0.05859989
1356525889431,0.0024612546,-0.06299505,0.99801075,0.9933181,0.11530739,0.0048286617,-0.115382165,0.99133027,0.062857985
1356525889471,-0.006783098,-0.06705603,0.9977262,0.99345136,0.11334869,0.014372051,-0.11405477,0.9912899,0.06584805
1356525889511,-0.012370169,-0.06880486,0.99755347,0.99224067,0.12258667,0.020759523,-0.12371507,0.9900699,0.06675458
1356525889551,-0.012640893,-0.06857985,0.9975655,0.9899556,0.1396333,0.02214393,-0.14081195,0.9878255,0.06612593
1356525889616,-0.0058932602,-0.066589534,0.99776304,0.986811,0.16102579,0.016575247,-0.1617693,0.9847013,0.064762294
1356525889633,0.009314626,-0.06280118,0.99798256,0.98279876,0.18466344,0.002447635,-0.1844446,0.98079324,0.06344098
1356525889673,0.033502787,-0.057495892,0.9977834,0.97757035,0.20958462,-0.020747066,-0.20792714,0.9760986,0.06322795
1356525889713,0.06520894,-0.052999824,0.9964631,0.9706857,0.23487237,-0.051029623,-0.23133713,0.97058016,0.06676197
1356525889753,0.09902236,-0.056223214,0.9934956,0.9625762,0.258526,-0.08131027,-0.25227293,0.9643668,0.07971901
1356525889791,0.122782975,-0.08014834,0.9891919,0.9560393,0.2770013,-0.09622422,-0.26629528,0.9575211,0.110635996
1356525889831,0.11953893,-0.1383929,0.9831368,0.9557632,0.28409,-0.076220214,-0.26875103,0.94875723,0.16623062
1356525889871,0.07903549,-0.22920063,0.97016513,0.96251976,0.27082756,-0.014429897,-0.25944015,0.93494356,0.24201506
1356525889911,0.014763176,-0.3233362,0.946169,0.96933913,0.2367577,0.065782994,-0.2452828,0.9161875,0.31691778
1356525889951,-0.042998433,-0.3872429,0.9209746,0.97126365,0.19978803,0.12935129,-0.23409009,0.900071,0.36752433
1356525889991,-0.07314974,-0.40951034,0.90936816,0.9709332,0.17911738,0.15876296,-0.22789872,0.89454925,0.3845048
1356525890031,-0.07227367,-0.39596573,0.9154166,0.9718149,0.1785348,0.15395203,-0.22439346,0.9007422,0.371902
1356525890071,-0.047127545,-0.35699725,0.93291587,0.9742707,0.18964338,0.1217871,-0.22039896,0.9146521,0.33887452
1356525890111,-0.0072615743,-0.3025689,0.95309985,0.9770105,0.20093858,0.07123324,-0.2130675,0.93170583,0.29415387
1356525890151,0.03704059,-0.24259785,0.9694196,0.9789579,0.20361245,0.01354906,-0.20067286,0.948519,0.24503493
1356525890191,0.07737553,-0.18557492,0.979579,0.9799669,0.19500703,-0.040463418,-0.18351579,0.9630858,0.196946
1356525890231,0.108336836,-0.13720271,0.98460066,0.98049796,0.17811158,-0.08306581,-0.1639719,0.9743981,0.15382302
1356525890271,0.12708542,-0.10035291,0.9868022,0.9812294,0.1582,-0.11027959,-0.14504519,0.9822943,0.11857414
1356525890311,0.13270217,-0.075537354,0.9882734,0.98282695,0.13902038,-0.12134507,-0.12822405,0.98740447,0.09268844
1356525890351,0.12614042,-0.06113544,0.9901268,0.9855267,0.1216687,-0.11804193,-0.11325091,0.99068624,0.07559794
1356525890391,0.11027473,-0.053853214,0.99244106,0.9887783,0.1071952,-0.104050994,-0.10078144,0.9927784,0.065069824
1356525890431,0.08899668,-0.050172657,0.9947674,0.9915805,0.09877971,-0.083729416,-0.09406188,0.9938437,0.058541298
1356525890471,0.06584191,-0.047875464,0.9966809,0.99316424,0.09962553,-0.060824096,-0.096382916,0.9938726,0.054107726
1356525890511,0.043813497,-0.046316832,0.99796546,0.9931958,0.10990682,-0.03850317,-0.107899815,0.9928621,0.050817132
1356525890551,0.026043028,-0.04540181,0.9986292,0.99169385,0.12704238,-0.020086259,-0.12595621,0.9908576,0.048333287
1356525890617,0.016043961,-0.04471919,0.99887085,0.98895013,0.14795905,-0.009260535,-0.14737788,0.987982,0.04659891
1356525890633,0.01706168,-0.0436171,0.99890256,0.9852898,0.1706337,-0.009378374,-0.17003736,0.9843686,0.045886815
1356525890673,0.031261683,-0.041572988,0.99864626,0.9806929,0.19424212,-0.022613496,-0.19303906,0.98007226,0.046842694
1356525890713,0.059010565,-0.038808495,0.99750274,0.9746027,0.2184797,-0.049155742,-0.21602648,0.9750695,0.050715446
1356525890753,0.09754372,-0.037872583,0.9945104,0.9663396,0.24263275,-0.0855408,-0.23806119,0.9693787,0.060265064
1356525890793,0.13682252,-0.04676044,0.98949134,0.9567157,0.2652427,-0.119755894,-0.25685552,0.96304715,0.08102757
1356525890834,0.15683424,-0.08081934,0.9843126,0.95047414,0.28313386,-0.12819526,-0.2683316,0.95566905,0.12122178
1356525890873,0.1397841,-0.14955574,0.9788226,0.95281786,0.28930736,-0.09186682,-0.2694414,0.94548106,0.18293989
1356525890930,0.07920402,-0.24659121,0.96587753,0.96210635,0.272515,-0.009320915,-0.26091766,0.9300152,0.2588313
1356525890951,0.00422734,-0.33718374,0.9414293,0.9684417,0.23599279,0.08017495,-0.24920422,0.9113805,0.32754046
1356525890992,-0.04653871,-0.3910219,0.919204,0.96961945,0.20354337,0.13567683,-0.24015054,0.8975923,0.36966977
1356525891029,-0.05581665,-0.40228555,0.9138111,0.97048104,0.19321734,0.14433792,-0.23462915,0.89489293,0.3796259
1356525891071,-0.025749445,-0.3772332,0.92576015,0.97273415,0.20406395,0.11020899,-0.23048875,0.90335643,0.3616932
1356525891111,0.028432608,-0.32724324,0.94451225,0.9739312,0.22180831,0.047531277,-0.22505495,0.91853845,0.32501897
1356525891151,0.09226817,-0.2632585,0.9603028,0.9720472,0.2329194,-0.029543787,-0.21589553,0.9361856,0.2773907
1356525891191,0.15136907,-0.19746792,0.9685525,0.96765494,0.22965911,-0.10440612,-0.2018201,0.95302844,0.22584409
1356525891231,0.19650748,-0.13945353,0.9705346,0.9631634,0.2127802,-0.16444117,-0.18357867,0.96709734,0.1761294
1356525891271,0.22360805,-0.09437999,0.9700989,0.9609071,0.18807045,-0.20319214,-0.1632697,0.97761035,0.1327444
1356525891311,0.2318956,-0.06363323,0.9706571,0.962224,0.16134074,-0.21930385,-0.14265153,0.98484516,0.09864363
1356525891351,0.2227082,-0.045996845,0.97379947,0.9671932,0.13565657,-0.21478969,-0.12222266,0.9896876,0.07469964
1356525891391,0.19951522,-0.03834319,0.97914433,0.97449386,0.11253178,-0.19416094,-0.10274017,0.9929081,0.059816957
1356525891431,0.16782856,-0.036411405,0.98514354,0.9819478,0.09461653,-0.163787,-0.08724713,0.99484766,0.051633477
1356525891471,0.13381052,-0.036210686,0.9903452,0.98776674,0.08561909,-0.1303316,-0.08007306,0.9956697,0.047224402
1356525891511,0.10233271,-0.035706908,0.99410915,0.99123716,0.08757448,-0.098891556,-0.083527476,0.9955178,0.04435578
1356525891551,0.076735646,-0.03475383,0.99644554,0.99236715,0.09942463,-0.07295388,-0.09653577,0.994438,0.042117983
1356525891619,0.06049928,-0.033365756,0.99761045,0.9914211,0.118018955,-0.056176662,-0.11586261,0.9924506,0.040219545
1356525891633,0.057671607,-0.030840963,0.9978591,0.9887315,0.14007306,-0.05281478,-0.13814428,0.9896607,0.038571656
1356525891673,0.07144213,-0.026341498,0.9970969,0.9842959,0.16364294,-0.066201866,-0.16142401,0.98616797,0.037618816
1356525891713,0.10307923,-0.01971203,0.99447775,0.97734326,0.18782482,-0.097580194,-0.18486413,0.98200464,0.038626254
1356525891753,0.14955431,-0.0132186115,0.9886651,0.9666941,0.21199042,-0.14339644,-0.20769203,0.9771823,0.04448247
1356525891793,0.20029476,-0.014676839,0.9796257,0.952862,0.23550007,-0.19129434,-0.2278943,0.9717635,0.061154425
1356525891833,0.23620027,-0.038663685,0.97093487,0.9411311,0.25777727,-0.21868491,-0.24182984,0.9654305,0.09727463
1356525891873,0.23747844,-0.0989269,0.9663424,0.9397187,0.27535915,-0.20274645,-0.2460342,0.95623785,0.15835527
1356525891913,0.20010778,-0.19065672,0.96104467,0.94964033,0.27913764,-0.14235649,-0.24112251,0.9411334,0.2369129
1356525891953,0.14797604,-0.28201106,0.9479309,0.9611237,0.26693404,-0.070622146,-0.23311883,0.9215292,0.31054732
1356525891992,0.11658704,-0.3389351,0.933558,0.9666219,0.2546432,-0.028266132,-0.22814381,0.90569305,0.35731018
1356525892022,0.10706109,-0.36355367,0.92540073,0.96820164,0.2497856,-0.013881743,-0.22610497,0.8974607,0.37873566
1356525892052,0.1260773,-0.3565101,0.92574567,0.96590513,0.25683045,-0.032639712,-0.22612327,0.89829767,0.37673545
1356525892093,0.18978187,-0.30348882,0.9337437,0.95527077,0.27676663,-0.104201585,-0.22680506,0.9117538,0.34243932
1356525892133,0.26143026,-0.22851634,0.9377817,0.93870413,0.286368,-0.19190595,-0.22469702,0.9304695,0.28937447
1356525892173,0.32464355,-0.14952812,0.9339421,0.9205698,0.27665913,-0.27570093,-0.21715853,0.94926345,0.22746664
1356525892213,0.37031192,-0.08076817,0.9253894,0.9063861,0.24945468,-0.34093496,-0.20330608,0.9650123,0.16558316
1356525892253,0.39717296,-0.029227614,0.9172783,0.89906275,0.2130293,-0.38249797,-0.18422762,0.9766086,0.1108869
1356525892293,0.40769804,0.0039744973,0.9131081,0.8985856,0.17594393,-0.4019796,-0.16225347,0.98439217,0.06816059
1356525892333,0.40483207,0.020630896,0.9141582,0.90365404,0.14373027,-0.40342396,-0.13971516,0.98940176,0.03954345
1356525892362,0.3946081,0.027691215,0.91843224,0.9110397,0.11825368,-0.3949973,-0.11954597,0.9925973,0.021436065
1356525892403,0.37512133,0.022549033,0.9267014,0.9215266,0.09916553,-0.37543958,-0.10036266,0.9948154,0.01641953
1356525892443,0.34921482,0.01052022,0.9369836,0.9332768,0.08565381,-0.34879497,-0.083925575,0.99626946,0.020093322
1356525892481,0.32295612,-0.0024440587,0.9464109,0.9435705,0.07829127,-0.32178473,-0.0733093,0.9969276,0.027590781
1356525892521,0.30209064,-0.011795729,0.9532062,0.9505961,0.0786978,-0.30028957,-0.07147309,0.99682873,0.034986854
1356525892561,0.2903136,-0.015737027,0.9568022,0.9536762,0.0871619,-0.2879315,-0.07886559,0.99606985,0.04031229
1356525892619,0.28940052,-0.014367521,0.9571003,0.952617,0.102136314,-0.28651163,-0.09363821,0.9946666,0.043245077
1356525892642,0.29995477,-0.008446902,0.953916,0.94725084,0.12096661,-0.29678774,-0.11288506,0.9926206,0.044285834
1356525892683,0.3212509,0.001206696,0.94699335,0.9373903,0.14165065,-0.31817377,-0.13452622,0.98991597,0.044374257
1356525892723,0.35113078,0.013533592,0.93622863,0.9229971,0.1631127,-0.3485262,-0.15742758,0.98651457,0.0447824
1356525892763,0.3852105,0.026295602,0.922454,0.90494025,0.18509828,-0.38317332,-0.18082044,0.9823681,0.047505856
1356525892801,0.41624552,0.033755243,0.9086255,0.8862724,0.2081847,-0.41373944,-0.20312777,0.9775069,0.05673963
1356525892844,0.43420732,0.02436313,0.9004835,0.87330925,0.23374347,-0.42742813,-0.22089565,0.97199297,0.08021656
1356525892883,0.42897972,-0.016290635,0.9031671,0.873806,0.26094952,-0.41032714,-0.22899652,0.9652149,0.12617692
1356525892923,0.39486262,-0.09506559,0.9138086,0.8910435,0.28200653,-0.3556879,-0.22388628,0.95469105,0.1960614
1356525892961,0.33890074,-0.19471323,0.9204526,0.91724753,0.286022,-0.27721533,-0.20929226,0.93823135,0.2755333
1356525893001,0.28092414,-0.2800563,0.91795975,0.939684,0.2747318,-0.20375574,-0.1951297,0.919832,0.34034324
1356525893041,0.23704657,-0.32767448,0.91457,0.9531331,0.26062265,-0.15366516,-0.18800545,0.9081328,0.37409717
1356525893081,0.20894831,-0.33611766,0.9183494,0.9598352,0.25028533,-0.1267825,-0.1872356,0.90795493,0.37491417
1356525893122,0.19013602,-0.3152598,0.92976314,0.9633982,0.24220777,-0.114887655,-0.18897635,0.9175765,0.34977323
1356525893161,0.17440355,-0.2763728,0.9450933,0.9662405,0.23288202,-0.11020449,-0.18963766,0.9324076,0.3076581
1356525893201,0.15841118,-0.22936821,0.9603625,0.9696038,0.21983406,-0.10743147,-0.18647903,0.94818944,0.25722045
1356525893241,0.14214921,-0.18130001,0.9731002,0.97371006,0.20239079,-0.10453057,-0.17799512,0.96237636,0.20530334
1356525893281,0.12680039,-0.13722622,0.9823903,0.9781842,0.1815947,-0.10089129,-0.16455197,0.9737517,0.15725875
1356525893321,0.11363426,-0.10045117,0.9884316,0.982451,0.15947214,-0.09674004,-0.14790967,0.98207855,0.116809815
1356525893361,0.103251904,-0.07300472,0.99197245,0.9861405,0.13772818,-0.0925087,-0.12986898,0.9877759,0.08621362
1356525893401,0.095585674,-0.055698663,0.9938617,0.9891796,0.11694881,-0.088581204,-0.11129704,0.99157476,0.06627464
1356525893441,0.09016588,-0.0479576,0.9947715,0.9916381,0.09691879,-0.08520946,-0.0923256,0.9941362,0.056295335
1356525893481,0.08657649,-0.04718259,0.99512726,0.99349403,0.07827112,-0.08272326,-0.07398659,0.9958149,0.053652108
1356525893521,0.08446634,-0.049159765,0.9952129,0.99462914,0.06412041,-0.081249535,-0.05981922,0.9967306,0.054311752
1356525893561,0.083236486,-0.050249845,0.99526215,0.9950266,0.05902812,-0.080236524,-0.054716617,0.9969908,0.054913223
1356525893620,0.08206397,-0.048926204,0.99542534,0.99474573,0.0653612,-0.07879537,-0.061207026,0.9966615,0.05403295
1356525893643,0.0803124,-0.04523605,0.9957427,0.99375015,0.081332356,-0.076456785,-0.07752749,0.99565995,0.0514853
1356525893683,0.07773602,-0.039727896,0.9961821,0.9919652,0.10311562,-0.07329464,-0.099810034,0.9938756,0.047424525
1356525893740,0.0742189,-0.033272833,0.99668676,0.98938906,0.12763557,-0.069414526,-0.12490302,0.9912629,0.04239279
1356525893761,0.06942555,-0.027266443,0.99721444,0.98603386,0.15356967,-0.06444815,-0.15138459,0.9877616,0.03754735
1356525893802,0.062444776,-0.024490356,0.9977479,0.9819325,0.18043444,-0.057026148,-0.17863151,0.9832821,0.035315037
1356525893839,0.051326334,-0.030709893,0.99820966,0.97744274,0.20658743,-0.043902934,-0.20486933,0.9779461,0.040620506
1356525893882,0.032483518,-0.056947976,0.9978485,0.97327936,0.22886819,-0.01862204,-0.22731528,0.97179025,0.06286073
1356525893921,8.0525875E-5,-0.11295423,0.9936002,0.9701086,0.2411266,0.02733311,-0.24267083,0.96389794,0.109597325
1356525893961,-0.049224466,-0.19776425,0.97901297,0.9671922,0.23515508,0.09613225,-0.24923146,0.9516257,0.17970055
1356525894001,-0.110615075,-0.2890584,0.95089936,0.9622497,0.20824695,0.17523912,-0.24867627,0.93438673,0.25511104
1356525894041,-0.1712392,-0.35832193,0.91775954,0.9544517,0.17068094,0.24472451,-0.24433422,0.9178635,0.3127737
1356525894081,-0.21990687,-0.39196542,0.89331067,0.9460331,0.13776004,0.2933317,-0.23803839,0.9096072,0.34051794
1356525894121,-0.25171274,-0.3918239,0.88493776,0.9401058,0.118192494,0.31973687,-0.22987363,0.91241693,0.33860528
1356525894161,-0.26593965,-0.36597836,0.89181614,0.9386778,0.11229497,0.3259968,-0.2194542,0.9238235,0.31367207
1356525894201,-0.26324534,-0.32250243,0.90922713,0.9424247,0.11552054,0.31383207,-0.20624602,0.93949306,0.2735241
1356525894241,-0.24514973,-0.26860312,0.9315331,0.95069826,0.12163746,0.28526694,-0.18993291,0.95554,0.22554111
1356525894281,-0.21467423,-0.2115829,0.9534923,0.96156764,0.12531835,0.24430087,-0.17117998,0.9692925,0.17654866
1356525894321,-0.17656755,-0.15882817,0.97138953,0.9725356,0.12390286,0.19703475,-0.1516526,0.9795008,0.1325888
1356525894361,-0.13632119,-0.11635581,0.9838079,0.98172927,0.11721325,0.14989606,-0.13275662,0.986267,0.09825122
1356525894408,-0.09864551,-0.087310344,0.991285,0.988567,0.10555589,0.107672244,-0.11403686,0.99057305,0.07589954
1356525894452,-0.066471875,-0.0728226,0.9951272,0.9935037,0.08749497,0.072766274,-0.09236765,0.9934995,0.066533625
1356525894491,-0.036435843,-0.06608489,0.9971485,0.99671054,0.0698781,0.04105094,-0.07239166,0.9953642,0.06332147
1356525894531,-0.0118537545,-0.06331837,0.99792296,0.9982703,0.056722403,0.015456945,-0.057583272,0.9963801,0.06253654
1356525894571,0.009215474,-0.061353862,0.9980735,0.9985929,0.052692473,-0.0059811175,-0.05222398,0.99672425,0.061753094
1356525894621,0.028243393,-0.058741957,0.99787366,0.9979223,0.059490293,-0.024742812,-0.057910353,0.99649906,0.060300082
1356525894653,0.046524793,-0.05502662,0.9974004,0.9962654,0.075261086,-0.042319715,-0.07273674,0.9956445,0.05832258
1356525894693,0.06490007,-0.0502159,0.99662745,0.9934817,0.09704313,-0.05980563,-0.09371266,0.9940126,0.056186736
1356525894733,0.08366984,-0.04474923,0.9954883,0.98944664,0.12232679,-0.07766321,-0.11829957,0.9914806,0.054511994
1356525894773,0.1022661,-0.03960702,0.99396825,0.9841107,0.14982477,-0.09528175,-0.1451472,0.987919,0.054299682
1356525894813,0.11895776,-0.03745559,0.99219257,0.97769356,0.17863494,-0.11047587,-0.17310232,0.9832022,0.05787009
1356525894854,0.12987679,-0.045252353,0.99049693,0.97117627,0.20717466,-0.11787829,-0.1998716,0.9772568,0.0708552
1356525894893,0.12869528,-0.073477566,0.9889583,0.9666763,0.23183891,-0.10857049,-0.2213015,0.9699751,0.10086566
1356525894933,0.10733473,-0.13208497,0.98541,0.9664097,0.24665552,-0.07220325,-0.23351982,0.96005964,0.15412289
1356525894973,0.062595874,-0.21511397,0.9745808,0.9696617,0.24430785,-0.0083552,-0.23630041,0.94553673,0.22388047
1356525895013,0.003137052,-0.29741338,0.9547436,0.97236097,0.22380555,0.066522986,-0.23346171,0.9281467,0.28989524
1356525895052,-0.054913342,-0.35307854,0.9339807,0.97185487,0.19571364,0.13112706,-0.2290909,0.9148944,0.3323938
1356525895093,-0.09877586,-0.37260294,0.92271906,0.9695369,0.17282748,0.17357704,-0.22414654,0.9117553,0.34418106
1356525895133,-0.12545437,-0.36122665,0.92400026,0.96788263,0.1599611,0.19394732,-0.217863,0.9186554,0.32955724
1356525895171,-0.13590628,-0.3281341,0.9348035,0.9683776,0.15526515,0.19528857,-0.20922318,0.9317837,0.29665622
1356525895211,-0.13195461,-0.2809789,0.9505992,0.97144914,0.15409124,0.18039522,-0.1971663,0.94726276,0.25262362
1356525895251,-0.116518974,-0.2269609,0.96690845,0.9765066,0.15150237,0.15323761,-0.18126777,0.9620477,0.20397604
1356525895291,-0.093205035,-0.17263845,0.98056555,0.9823339,0.14457011,0.11882615,-0.16227439,0.9743179,0.15611392
1356525895331,-0.066488504,-0.123946846,0.9900588,0.98763245,0.13302827,0.08297959,-0.14199087,0.98333144,0.11356902
1356525895371,-0.040982306,-0.08536422,0.9955066,0.99165714,0.11839545,0.050976187,-0.12221497,0.98929036,0.07979995
1356525895411,-0.020410031,-0.05910957,0.9980428,0.9944036,0.102297336,0.026394248,-0.103657275,0.9929961,0.05669093
1356525895451,-0.0068704486,-0.045004845,0.9989631,0.9962554,0.08579171,0.010716945,-0.08618501,0.9952961,0.04424697
1356525895491,-5.6913495E-4,-0.040776253,0.99916816,0.9975257,0.07021913,0.0034338236,-0.07030073,0.9966978,0.040635347
1356525895531,2.6273727E-4,-0.042580098,0.999093,0.9982779,0.05861807,0.0022357106,-0.05866009,0.9973719,0.042522192
1356525895571,-0.0015666485,-0.04657927,0.9989134,0.9984864,0.05484563,0.0041234195,-0.054978132,0.9974078,0.04642278
1356525895622,-0.0031843483,-0.05037591,0.99872524,0.99811876,0.060988992,0.006258726,-0.061226547,0.99686635,0.050086975
1356525895653,-0.0017787516,-0.052898705,0.99859834,0.99710315,0.075840145,0.0057935715,-0.07604039,0.99571586,0.052610576
1356525895693,0.005462587,-0.053519666,0.99855185,0.9953316,0.096514165,-2.720952E-4,-0.09635985,0.99389166,0.053797007
1356525895733,0.021252483,-0.05173269,0.9984348,0.9926566,0.12004444,-0.014909476,-0.11908519,0.9914197,0.053904057
1356525895771,0.047382146,-0.04735002,0.997754,0.98864865,0.14480147,-0.040077955,-0.14257851,0.98832715,0.053673565
1356525895811,0.08428365,-0.041242063,0.995588,0.98249835,0.17000252,-0.07613322,-0.1661126,0.9845803,0.05484867
1356525895851,0.12885338,-0.037641972,0.99094903,0.97357297,0.19480342,-0.11919421,-0.18855357,0.98011976,0.061748266
1356525895891,0.17186451,-0.04657677,0.98401886,0.9630767,0.21807265,-0.15788469,-0.20723385,0.9748204,0.08233595
1356525895931,0.19926926,-0.08054301,0.97662926,0.9551654,0.23866627,-0.17520699,-0.21897677,0.9677558,0.12449074
1356525895971,0.20099184,-0.14268646,0.9691454,0.9537749,0.25414434,-0.16038665,-0.22341779,0.956583,0.18717176
1356525896011,0.18365562,-0.21582368,0.9590051,0.95708,0.26178074,-0.12437332,-0.22420636,0.94068646,0.25463808
1356525896051,0.17000058,-0.27188644,0.9471946,0.9594635,0.26492134,-0.096158504,-0.22478786,0.9251456,0.30590189
1356525896091,0.18282357,-0.2919286,0.93880415,0.9570531,0.27138057,-0.10198942,-0.22499958,0.91713154,0.32900596
1356525896131,0.22934559,-0.2737301,0.9340623,0.94744056,0.2827036,-0.1497832,-0.22306257,0.91932064,0.32417986
1356525896171,0.30017674,-0.2265543,0.9265889,0.9286418,0.29139417,-0.22959486,-0.21798685,0.9293883,0.29785758
1356525896211,0.3772753,-0.1658442,0.91113067,0.90213025,0.2882061,-0.32108912,-0.20934263,0.9430975,0.25834614
1356525896251,0.44575316,-0.10623667,0.8888295,0.8733028,0.26966995,-0.4057344,-0.19658679,0.95707464,0.21298301
1356525896291,0.4984681,-0.057438582,0.8650031,0.84807074,0.23918562,-0.47282803,-0.17973778,0.96927345,0.16793835
1356525896331,0.53474617,-0.023182184,0.8446946,0.829759,0.20348239,-0.5197065,-0.15983257,0.9788041,0.12804702
1356525896371,0.55651504,-0.0033316314,0.8308308,0.81922257,0.16882467,-0.5480625,-0.13843879,0.98564047,0.09668285
1356525896411,0.56553155,0.00361076,0.8247187,0.81643736,0.1389717,-0.5604613,-0.116636276,0.9902898,0.075644925
1356525896451,0.5628241,-4.5976043E-4,0.8265766,0.82114196,0.11479552,-0.5590598,-0.09463027,0.99338907,0.0649872
1356525896491,0.5504324,-0.011882126,0.8347952,0.8316495,0.095676556,-0.5469965,-0.073370874,0.99534154,0.062545225
1356525896531,0.5331386,-0.024517417,0.8456726,0.8441487,0.08200246,-0.52980036,-0.05635783,0.99633044,0.06441508
1356525896572,0.517482,-0.032139093,0.8550903,0.8543147,0.07612379,-0.5141514,-0.048568368,0.9965803,0.06684959
1356525896618,0.5113423,-0.0290623,0.8588856,0.8574742,0.083728,-0.50766885,-0.05715877,0.9960648,0.067733824
1356525896648,0.5126121,-0.022577018,0.85832345,0.85580766,0.094282076,-0.5086297,-0.06944117,0.99528944,0.06765172
1356525896692,0.52394557,-0.009448975,0.85169935,0.84706604,0.110522866,-0.5198691,-0.08922002,0.99382865,0.06591189
1356525896731,0.5490432,0.008999556,0.8357456,0.8282354,0.12831852,-0.54549104,-0.11215076,0.9916921,0.06299865
1356525896771,0.58439267,0.031792253,0.810848,0.79992795,0.1453701,-0.5822222,-0.1363832,0.98886645,0.059521705
1356525896811,0.62486047,0.057223648,0.7786366,0.7639017,0.16117732,-0.62488097,-0.16125661,0.9852652,0.057000056
1356525896851,0.6625184,0.08047405,0.7447102,0.72559094,0.17789781,-0.66473305,-0.18597603,0.9807528,0.059469342
1356525896892,0.68874806,0.09172052,0.7191756,0.69448876,0.20128018,-0.69077617,-0.20811412,0.97523004,0.074932456
1356525896931,0.69716895,0.07808462,0.7126417,0.6810905,0.23812896,-0.6923946,-0.22376598,0.96808946,0.112833455
1356525896971,0.68485665,0.030844808,0.7280247,0.6913583,0.28813535,-0.662572,-0.23020656,0.95709276,0.17600662
1356525897011,0.6538493,-0.04323253,0.7553887,0.7212174,0.33744746,-0.6049585,-0.22875011,0.94035107,0.25181985
1356525897051,0.61411256,-0.11858943,0.7802578,0.75676966,0.36905664,-0.539534,-0.22397634,0.92181003,0.31638718
1356525897091,0.57899225,-0.16804397,0.7978278,0.78514665,0.37871182,-0.49002248,-0.21980149,0.91013104,0.35121036
1356525897131,0.55398524,-0.18241435,0.8122964,0.8037399,0.37154132,-0.46471417,-0.21703115,0.9103198,0.3524421
1356525897171,0.5361912,-0.16791567,0.8272263,0.81650126,0.3517133,-0.4578465,-0.21406686,0.92092454,0.32568896
1356525897211,0.5207011,-0.136186,0.842807,0.827957,0.3213268,-0.45960447,-0.20822471,0.9371245,0.2800714
1356525897251,0.50521165,-0.097661704,0.8574517,0.84019506,0.28254223,-0.46286312,-0.19706225,0.9542705,0.2247985
1356525897291,0.489706,-0.060237527,0.8698043,0.85314304,0.23885438,-0.46378404,-0.1798194,0.9691853,0.16835964
1356525897331,0.47514573,-0.029073298,0.8794267,0.86560845,0.19489124,-0.46123692,-0.15798295,0.9803939,0.11776781
1356525897371,0.462152,-0.007216543,0.8867714,0.8765714,0.1551624,-0.4555734,-0.1343059,0.9878626,0.07803443
1356525897411,0.45033503,0.0035982132,0.8928524,0.8859617,0.122261465,-0.4473522,-0.11077115,0.9924915,0.051870733
1356525897451,0.43862236,0.0032811165,0.8986654,0.89436096,0.096232,-0.43687272,-0.08791378,0.99535346,0.03927499
1356525897491,0.42621928,-0.0055205226,0.9046031,0.9021446,0.076518595,-0.42459404,-0.06687501,0.9970529,0.03759396
1356525897531,0.413329,-0.017499834,0.9104136,0.9091332,0.064303696,-0.4115117,-0.051341563,0.997777,0.042488277
1356525897571,0.40076396,-0.027242154,0.91577625,0.91504276,0.06171909,-0.398607,-0.045661956,0.9977217,0.04966256
1356525897623,0.38909522,-0.03188452,0.9206456,0.9197593,0.06927052,-0.3863216,-0.051455855,0.99708825,0.056278944
1356525897652,0.37849614,-0.031347305,0.92507195,0.92320645,0.08465764,-0.37486422,-0.06656349,0.99591696,0.060982585
1356525897693,0.36934808,-0.026643336,0.9289091,0.9251731,0.10454169,-0.36486408,-0.087388575,0.9941635,0.063261986
1356525897733,0.36217663,-0.01897496,0.93191636,0.92550594,0.12611899,-0.3571174,-0.11075607,0.9918337,0.06323874
1356525897773,0.3575198,-0.009435326,0.9338579,0.9240675,0.1483339,-0.35227296,-0.13519898,0.9888923,0.061751187
1356525897813,0.3552478,2.1743774E-4,0.9347721,0.920933,0.17135477,-0.3500283,-0.1602537,0.98520935,0.060673207
1356525897853,0.35362187,0.0055496395,0.935372,0.9169148,0.19570062,-0.3478052,-0.1849831,0.980648,0.064115465
1356525897893,0.3482009,-0.0028374493,0.9374156,0.9143367,0.22157654,-0.33895752,-0.20674744,0.9751388,0.07974756
1356525897933,0.33160704,-0.037946105,0.94265413,0.9170248,0.24765515,-0.3126219,-0.22159037,0.9681049,0.11692169
1356525897973,0.29618976,-0.10688555,0.9491297,0.92771554,0.26856408,-0.25926304,-0.2271907,0.9573134,0.1787053
1356525898012,0.24131027,-0.19730058,0.9501798,0.94379544,0.27560517,-0.18246067,-0.22587487,0.9408051,0.2527178
1356525898051,0.17863193,-0.27976146,0.9433049,0.95835817,0.2665688,-0.10242465,-0.22280118,0.92232025,0.31572938
1356525898091,0.12437725,-0.33048904,0.9355786,0.9673362,0.2502916,-0.040184706,-0.22088686,0.910017,0.35082456
1356525898132,0.08838749,-0.3438651,0.93485,0.97159344,0.23660702,-0.0048305094,-0.21953106,0.9087211,0.35501018
1356525898171,0.07208079,-0.32628408,0.9425194,0.9735452,0.22844756,0.004631132,-0.21682724,0.91725147,0.33411905
1356525898211,0.07328981,-0.28701326,0.9551188,0.9747975,0.22295499,-0.007801831,-0.2107093,0.9316193,0.2961201
1356525898251,0.08837435,-0.23535883,0.9678824,0.9759165,0.21501443,-0.036823124,-0.19944206,0.9478265,0.24869224
1356525898291,0.11305654,-0.1797939,0.977186,0.9766422,0.20097715,-0.07601556,-0.18272501,0.962955,0.19831601
1356525898331,0.14236924,-0.12777478,0.98153174,0.97639436,0.1808627,-0.11807957,-0.1624349,0.975173,0.15050787
1356525898371,0.17115909,-0.085039675,0.98156655,0.97502834,0.15771115,-0.15635544,-0.14150763,0.9838168,0.10990971
