1356526243962,-0.20729417,-0.014106065,-0.978177,-0.8386953,-0.5121722,0.18512124,-0.5036064,0.858767,0.09433955
1356526244003,-0.117647946,0.03999281,-0.9922497,-0.8558881,-0.5107954,0.080892265,-0.50360155,0.85877156,0.0943234
1356526244041,-0.117488384,0.039959848,-0.99226993,-0.855917,-0.5107657,0.080774575,-0.5035897,0.85879076,0.09421134
1356526244081,-0.1169492,0.039862275,-0.99233764,-0.8559728,-0.51073724,0.08036193,-0.5036203,0.85881233,0.09385127
1356526244123,-0.115887284,0.03964609,-0.9924708,-0.85602015,-0.5107849,0.07955021,-0.5037853,0.85879385,0.09313133
1356526244161,-0.114522636,0.03925273,-0.9926449,-0.85606,-0.5108709,0.078562975,-0.5040295,0.85876083,0.092108995
1356526244201,-0.113382995,0.03865069,-0.9927993,-0.8562512,-0.51065063,0.07790834,-0.5039624,0.858919,0.09099385
1356526244241,-0.113147736,0.037851006,-0.992857,-0.8568677,-0.5095674,0.078223765,-0.50296664,0.8595978,0.09008968
1356526244283,-0.11458665,0.036911875,-0.99272716,-0.858148,-0.5070999,0.08019757,-0.5004517,0.86109644,0.089782745
1356526244321,-0.118349016,0.035845995,-0.9923248,-0.8598889,-0.5034611,0.08436751,-0.49657276,0.8632739,0.09040776
1356526244361,-0.12519288,0.03505063,-0.99151313,-0.8621358,-0.49839497,0.0912385,-0.49096712,0.86624134,0.092613816
1356526244411,-0.13865012,0.035515875,-0.9897044,-0.8656033,-0.48987788,0.10368505,-0.48115182,0.8710673,0.09866431
1356526244451,-0.15704215,0.036937118,-0.9869009,-0.8691816,-0.47962195,0.120358795,-0.46889362,0.87669754,0.10742587
1356526244492,-0.18100363,0.040780336,-0.9826366,-0.8727467,-0.4672554,0.14137015,-0.45337713,0.88318133,0.120165855
1356526244532,-0.20870852,0.047691524,-0.9768144,-0.8753974,-0.45442593,0.16485286,-0.43602768,0.88950694,0.13659158
1356526244571,-0.23820078,0.05823466,-0.9694684,-0.8765172,-0.4428159,0.18876317,-0.41830355,0.89471936,0.15652287
1356526244611,-0.26508564,0.07298574,-0.9614587,-0.87651837,-0.43375492,0.20873958,-0.40180242,0.89807004,0.1789555
1356526244651,-0.28551698,0.09254432,-0.9538949,-0.87657344,-0.4275819,0.22089046,-0.38742608,0.89922696,0.20320383
1356526244691,-0.2974803,0.11775434,-0.9474383,-0.8779018,-0.42375523,0.22297966,-0.37522513,0.8980899,0.22943556
1356526244731,-0.30135113,0.1494669,-0.9417256,-0.8811245,-0.42112112,0.2151202,-0.36442718,0.8946042,0.25860423
1356526244771,-0.2996052,0.18822372,-0.935312,-0.886086,-0.4183179,0.19965383,-0.35367817,0.88858414,0.29211265
1356526244811,-0.2952988,0.23406744,-0.92628884,-0.8923228,-0.4140219,0.17984968,-0.3414069,0.87965804,0.3311239
1356526244853,-0.29339874,0.28677863,-0.9119623,-0.8988158,-0.40770257,0.16096178,-0.325649,0.8669121,0.3773806
1356526244890,-0.28878987,0.34370652,-0.8935694,-0.9068477,-0.39745516,0.14020228,-0.3069653,0.85082036,0.42647046
1356526244931,-0.28620857,0.39956614,-0.8708797,-0.9142387,-0.38593054,0.12339038,-0.2867965,0.8315073,0.4757555
1356526244972,-0.27736986,0.44979015,-0.8489728,-0.92186606,-0.3734833,0.1033116,-0.27060866,0.8112947,0.51823926
1356526245011,-0.25494844,0.48910928,-0.8341304,-0.9300213,-0.3601694,0.07306442,-0.26469174,0.7943866,0.5467066
1356526245070,-0.21592057,0.51413786,-0.83008474,-0.93774974,-0.3460489,0.029590487,-0.27203625,0.78480095,0.5568517
1356526245091,-0.1616053,0.523591,-0.83650243,-0.94296914,-0.3318966,-0.025569856,-0.29102042,0.78466374,0.5473664
1356526245132,-0.09718156,0.5177098,-0.850019,-0.9433935,-0.32004339,-0.087067634,-0.31711876,0.79344106,0.5195065
1356526245169,-0.030538559,0.4982804,-0.86647797,-0.9381987,-0.31328446,-0.14709231,-0.3447473,0.8084364,0.47705323
1356526245212,0.03300166,0.4670323,-0.8836242,-0.9287629,-0.31226134,-0.19973066,-0.36920238,0.82726884,0.42345715
1356526245251,0.0867694,0.42670882,-0.90021706,-0.91819966,-0.31631678,-0.238439,-0.38649774,0.8472682,0.36435723
1356526245291,0.12883222,0.37953869,-0.9161619,-0.9097365,-0.32247084,-0.2615188,-0.39469197,0.86715794,0.30373555
1356526245331,0.15671325,0.32780138,-0.93165827,-0.90559316,-0.32875144,-0.26799914,-0.3941345,0.8857024,0.24533497
1356526245371,0.16914994,0.27435187,-0.94663584,-0.90641546,-0.33387434,-0.25872585,-0.38703933,0.90180874,0.19220191
1356526245411,0.16485393,0.2223989,-0.96091723,-0.9117602,-0.33722085,-0.23446843,-0.37618685,0.91477907,0.14718227
1356526245451,0.1427899,0.17491278,-0.97417486,-0.9205749,-0.3380404,-0.19562861,-0.36352834,0.9247347,0.1127515
1356526245491,0.10382867,0.13388085,-0.9855434,-0.9311348,-0.33519858,-0.14363164,-0.34958223,0.9325867,0.08985785
1356526245531,0.050818264,0.099613994,-0.9937277,-0.940874,-0.32890904,-0.08108619,-0.3349233,0.93909323,0.07700962
1356526245571,-0.010465443,0.07145733,-0.9973887,-0.94675714,-0.32168138,-0.013112485,-0.32177842,0.9441477,0.07101935
1356526245611,-0.072633505,0.047912806,-0.9962071,-0.94663393,-0.31779957,0.05373448,-0.3140197,0.94694644,0.06843889
1356526245652,-0.12811142,0.028003484,-0.9913643,-0.9406351,-0.32022965,0.112510145,-0.3143136,0.94692594,0.06736618
1356526245691,-0.17205161,0.011652321,-0.98501897,-0.9308436,-0.3291595,0.15869513,-0.32237923,0.9442024,0.067478955
1356526245731,-0.20210397,-2.657473E-4,-0.97936404,-0.9199436,-0.34297013,0.18993488,-0.3359431,0.9393463,0.06907117
1356526245772,-0.21729022,-0.0065864027,-0.97608477,-0.9099742,-0.3604436,0.20500532,-0.3531738,0.93275774,0.072327465
1356526245811,-0.217192,-0.005918652,-0.97611094,-0.90206945,-0.38085544,0.20302656,-0.3729588,0.9246156,0.07737976
1356526245855,-0.20324016,0.003661573,-0.97912204,-0.8960017,-0.40391767,0.18447605,-0.39480925,0.914788,0.085373074
1356526245892,-0.17646646,0.025133073,-0.9839858,-0.8921582,-0.42640465,0.14910692,-0.4158286,0.9041833,0.09766874
1356526245923,-0.14338535,0.057259947,-0.9880091,-0.88956714,-0.44496882,0.10331079,-0.4337176,0.8937137,0.114738494
1356526245953,-0.116629064,0.09822965,-0.98830587,-0.88714695,-0.45767385,0.059202313,-0.44650632,0.8836773,0.14052224
1356526245993,-0.109645724,0.15595007,-0.98166054,-0.8873762,-0.46031314,0.025987685,-0.44781846,0.8739516,0.18885773
1356526246032,-0.10829371,0.23311594,-0.96640027,-0.8933171,-0.44935048,-0.008288622,-0.43618467,0.8624042,0.25690836
1356526246063,-0.097560346,0.3126628,-0.9448408,-0.9023713,-0.42821842,-0.048529178,-0.41977146,0.8478626,0.323915
1356526246102,-0.07902944,0.38016695,-0.9215354,-0.91123945,-0.40239763,-0.08785722,-0.40422404,0.8327961,0.37822437
1356526246133,-0.042460382,0.43018353,-0.90174234,-0.91777,-0.37347728,-0.13495532,-0.39483583,0.82186186,0.41066754
1356526246173,0.017216325,0.453103,-0.891292,-0.9179966,-0.34608442,-0.19366995,-0.39621463,0.82153726,0.4099886
1356526246203,0.0779205,0.4595135,-0.8847462,-0.912599,-0.32439697,-0.24885666,-0.40136194,0.8268095,0.39407438
1356526246232,0.13711232,0.45260656,-0.88110584,-0.9026438,-0.3092569,-0.29932305,-0.4079637,0.8363656,0.3661396
1356526246263,0.19042253,0.4350013,-0.8800643,-0.8902771,-0.30125952,-0.34153995,-0.41369802,0.8485379,0.32990503
1356526246292,0.23568952,0.40884468,-0.8816442,-0.8779589,-0.29941255,-0.3735509,-0.4166996,0.8620894,0.28838044
1356526246323,0.2710626,0.37609553,-0.8860458,-0.8680949,-0.30217123,-0.39383215,-0.4158561,0.875925,0.24457932
1356526246362,0.3021636,0.3336923,-0.8929426,-0.86134446,-0.30573457,-0.40572396,-0.40839046,0.89172626,0.19504222
1356526246393,0.30778491,0.28633592,-0.9073479,-0.8641379,-0.31495237,-0.3925185,-0.39816347,0.90488493,0.15049613
1356526246422,0.29986906,0.24008998,-0.9232743,-0.8724055,-0.32256997,-0.36722916,-0.3859886,0.9155902,0.112727046
1356526246463,0.2764253,0.19493899,-0.9410567,-0.8869144,-0.32535028,-0.32791758,-0.37009704,0.9252815,0.08295922
1356526246492,0.22014874,0.14668012,-0.96437514,-0.90904415,-0.32772315,-0.2573639,-0.35379827,0.9333179,0.06119089
1356526246523,0.14384037,0.100648254,-0.9844693,-0.93035126,-0.3253014,-0.1691908,-0.33727798,0.94023883,0.046846703
1356526246563,0.04262942,0.057378918,-0.9974419,-0.94627357,-0.31798816,-0.058735162,-0.32054493,0.9463568,0.04074055
1356526246601,-0.09721792,0.010048747,-0.9952124,-0.9459575,-0.31176496,0.08925855,-0.30937535,0.95010614,0.0398148
1356526246643,-0.25540227,-0.040237755,-0.9659972,-0.91648555,-0.30814636,0.2551473,-0.3079351,0.9504876,0.041823924
1356526246681,-0.4035493,-0.09087649,-0.91043353,-0.85854554,-0.30638176,0.41113204,-0.3163025,0.94756085,0.045618594
1356526246721,-0.5205922,-0.13819039,-0.842548,-0.78681475,-0.3055191,0.5362655,-0.33152127,0.9421048,0.050320625
1356526246761,-0.6002705,-0.1792134,-0.77945995,-0.71890706,-0.30618763,0.62403667,-0.35049674,0.9349501,0.05495763
1356526246801,-0.6456559,-0.21213818,-0.73357064,-0.6672449,-0.31044936,0.6770564,-0.37136608,0.9266167,0.05889535
1356526246852,-0.6619904,-0.23532991,-0.71160984,-0.6380371,-0.32125676,0.6997877,-0.39329043,0.9172862,0.06251967
1356526246873,-0.6551903,-0.24583629,-0.7143461,-0.63216543,-0.33931357,0.6965869,-0.41363364,0.9079818,0.06690562
1356526246912,-0.6410116,-0.24507861,-0.7273518,-0.634076,-0.36489916,0.68175966,-0.43249476,0.89821213,0.07850611
1356526246943,-0.61327296,-0.2242815,-0.75735986,-0.6512107,-0.39907038,0.64549774,-0.44701314,0.88906723,0.09868461
1356526246972,-0.5977306,-0.19064859,-0.7786984,-0.6606393,-0.4331295,0.61315125,-0.45417374,0.880938,0.13294494
1356526247002,-0.5992599,-0.14602461,-0.78712416,-0.66042507,-0.46553564,0.5891649,-0.45246685,0.8728995,0.18253845
1356526247032,-0.61447036,-0.09546593,-0.7831427,-0.65280426,-0.4958967,0.5726544,-0.4430269,0.863118,0.24239329
1356526247073,-0.6386841,-0.043833673,-0.7682196,-0.64006495,-0.5238695,0.56202996,-0.42708266,0.85067,0.30653065
1356526247112,-0.64166933,0.0053368807,-0.7669629,-0.64629525,-0.5422144,0.53694135,-0.41299272,0.84022325,0.35137147
1356526247142,-0.6257571,0.046169877,-0.77865034,-0.6674612,-0.5482595,0.50389177,-0.40363783,0.83503276,0.3738939
1356526247171,-0.5940721,0.075066626,-0.80090153,-0.6984504,-0.5420544,0.46727303,-0.3990556,0.8369839,0.37444973
1356526247211,-0.53258955,0.09062794,-0.84150755,-0.746434,-0.51898324,0.41652453,-0.39897954,0.8499664,0.34405282
1356526247251,-0.4536261,0.09163365,-0.8864686,-0.796991,-0.48681313,0.35751683,-0.39878398,0.8686865,0.29386234
1356526247291,-0.37169588,0.07844645,-0.9250343,-0.84025997,-0.45209187,0.2992928,-0.39472198,0.8885151,0.23395604
1356526247331,-0.30301332,0.05282429,-0.95152116,-0.87161124,-0.4190765,0.2543006,-0.38532695,0.90641296,0.17302805
1356526247371,-0.26316673,0.017991304,-0.96458256,-0.8904046,-0.3894117,0.23566553,-0.37137982,0.92088807,0.118499786
1356526247411,-0.26550025,-0.022182435,-0.9638556,-0.8965051,-0.36209118,0.25528142,-0.35466638,0.9318787,0.076248676
1356526247452,-0.31890512,-0.06396416,-0.9456258,-0.88623,-0.33357722,0.32143825,-0.33599976,0.94055027,0.04969254
1356526247491,-0.42181593,-0.103523105,-0.90075207,-0.85022783,-0.29991394,0.43262482,-0.31493473,0.94833255,0.038490295
1356526247531,-0.55432194,-0.1361992,-0.82108283,-0.77915967,-0.2619434,0.5694697,-0.29263857,0.9554242,0.039080024
1356526247571,-0.68057084,-0.15985996,-0.7150301,-0.67941487,-0.22761035,0.6975592,-0.27426007,0.9605406,0.046293855
1356526247611,-0.7720234,-0.17732835,-0.6103561,-0.5775574,-0.20517284,0.7901466,-0.26534384,0.9625273,0.05598092
1356526247651,-0.8249852,-0.1934877,-0.53100073,-0.49767458,-0.19650435,0.8448112,-0.2678046,0.9612224,0.06581932
1356526247710,-0.84873766,-0.21054953,-0.4850912,-0.4486485,-0.19888133,0.87129843,-0.27992702,0.95713913,0.07433522
1356526247731,-0.85141027,-0.22762007,-0.47253546,-0.43098664,-0.20982999,0.87762296,-0.29891667,0.9508736,0.080550134
1356526247772,-0.8360965,-0.24200787,-0.4923157,-0.44373828,-0.22931242,0.866321,-0.3225506,0.94278735,0.08433914
1356526247809,-0.80146307,-0.24945325,-0.54353476,-0.4854623,-0.25940567,0.8348863,-0.34926108,0.93299615,0.08680391
1356526247852,-0.74485344,-0.24388039,-0.62106025,-0.5500008,-0.30254948,0.7784363,-0.37774676,0.9214045,0.09122056
1356526247891,-0.66950047,-0.2168016,-0.7104691,-0.6227759,-0.35749048,0.6959532,-0.40486968,0.90840393,0.10432118
1356526247931,-0.593387,-0.16337007,-0.7881638,-0.6830218,-0.41588634,0.6004331,-0.42587936,0.8946222,0.13519615
1356526247971,-0.53718615,-0.08708221,-0.8389563,-0.72151315,-0.46772993,0.5105365,-0.4368636,0.87957114,0.18842709
1356526248011,-0.5013343,7.032156E-4,-0.8652533,-0.7459016,-0.5071553,0.4317688,-0.4385142,0.86185443,0.25477886
1356526248051,-0.46580923,0.086185694,-0.880678,-0.7700306,-0.52982897,0.3554349,-0.43597537,0.8437139,0.31316492
1356526248091,-0.41152167,0.15883937,-0.89745194,-0.80147815,-0.5318819,0.27337602,-0.43391556,0.8317883,0.3461872
1356526248131,-0.33337748,0.21295932,-0.9184268,-0.8374361,-0.514377,0.18470818,-0.43308228,0.8307013,0.34982157
1356526248171,-0.23804933,0.24614468,-0.93954533,-0.8701842,-0.48372632,0.093747556,-0.43140727,0.83989394,0.32934177
1356526248211,-0.13784915,0.25844955,-0.95613885,-0.8941188,-0.44776064,0.007875413,-0.42608595,0.8559873,0.29280806
1356526248251,-0.045322597,0.25205064,-0.96665204,-0.9087393,-0.41228795,-0.06489509,-0.41489586,0.8754936,0.24773435
1356526248291,0.029257536,0.23067355,-0.9725912,-0.917225,-0.38053972,-0.11784619,-0.39729363,0.8955329,0.20044594
1356526248331,0.0776571,0.19882905,-0.97695255,-0.9238398,-0.354051,-0.14549151,-0.37481904,0.91384614,0.1561917
1356526248371,0.09259057,0.1608795,-0.98262143,-0.9321047,-0.3330394,-0.14235732,-0.35015404,0.9290869,0.11912024
1356526248411,0.06754553,0.1199002,-0.99048555,-0.9431939,-0.31601226,-0.10257438,-0.32530418,0.9411484,0.091743916
1356526248451,-0.0024401546,0.07711342,-0.99701935,-0.953694,-0.30005366,-0.020873219,-0.3007689,0.9508004,0.07427478
1356526248491,-0.118935764,0.03279087,-0.99236035,-0.9533714,-0.28297776,0.10491243,-0.27737573,0.95856583,0.06491801
1356526248531,-0.2729332,-0.012366027,-0.9619535,-0.92665136,-0.26530546,0.2663275,-0.2585049,0.9640851,0.06095168
1356526248571,-0.43573976,-0.056180775,-0.89831764,-0.865116,-0.2493037,0.43522632,-0.24840528,0.9667944,0.060028672
1356526248611,-0.57309514,-0.096179724,-0.81382513,-0.7808318,-0.23732466,0.5779088,-0.24872386,0.96665734,0.06090939
1356526248651,-0.6690048,-0.1309588,-0.73162997,-0.69709533,-0.2309469,0.67876476,-0.2578579,0.9641127,0.063213825
1356526248692,-0.7264591,-0.16036852,-0.66823584,-0.6306485,-0.23074335,0.7409723,-0.2730196,0.959708,0.06648946
1356526248731,-0.753708,-0.18434425,-0.630826,-0.58877826,-0.23706877,0.7727474,-0.29200065,0.9538425,0.070142746
1356526248771,-0.75658464,-0.20203388,-0.621902,-0.57371837,-0.25121325,0.7795763,-0.31373084,0.946612,0.07415348
1356526248811,-0.737768,-0.2110389,-0.6412185,-0.58457273,-0.2753098,0.7632033,-0.33759928,0.9379057,0.07974714
1356526248853,-0.70034695,-0.20666686,-0.6832298,-0.61503696,-0.31107676,0.7245418,-0.3622757,0.9276422,0.09075391
1356526248893,-0.6539288,-0.18270212,-0.73416406,-0.6519447,-0.35627282,0.66935617,-0.38385552,0.9163458,0.113865435
1356526248933,-0.61953294,-0.1378935,-0.77276415,-0.67721754,-0.40390998,0.6150067,-0.39693254,0.90434635,0.15685159
1356526248973,-0.6111847,-0.07804483,-0.7876308,-0.68415475,-0.44827724,0.5753084,-0.39797685,0.89048105,0.2205855
1356526249013,-0.617163,-0.014100462,-0.78670895,-0.6831714,-0.48644084,0.54465777,-0.39036727,0.8735997,0.29058027
1356526249051,-0.6127176,0.044135988,-0.7890685,-0.69163656,-0.5130342,0.5083648,-0.38238198,0.8572327,0.34487113
1356526249091,-0.5816244,0.09232035,-0.80820173,-0.71952736,-0.5218569,0.4581983,-0.37946457,0.8480226,0.3699517
1356526249131,-0.5208005,0.12918514,-0.8438472,-0.76381785,-0.5119655,0.3930313,-0.38124686,0.8492364,0.36530578
1356526249171,-0.4355284,0.15352798,-0.88698596,-0.814009,-0.48785806,0.3152521,-0.38432318,0.8593159,0.33744916
1356526249211,-0.33651257,0.16390142,-0.9273055,-0.8594235,-0.4559571,0.23128825,-0.38490313,0.87477964,0.29429606
1356526249251,-0.23777378,0.1597054,-0.95810115,-0.8938328,-0.42204082,0.15147436,-0.38016653,0.89239883,0.2431002
1356526249291,-0.15445858,0.1419011,-0.9777559,-0.91651237,-0.39017063,0.08815855,-0.36898184,0.90974224,0.19031933
1356526249331,-0.10164517,0.11263296,-0.98842406,-0.9304719,-0.3623017,0.054400623,-0.35198045,0.9252304,0.14162806
1356526249371,-0.095315814,0.07401064,-0.9926919,-0.9387816,-0.33834177,0.06491426,-0.3310648,0.9381083,0.101729184
1356526249411,-0.15306693,0.02696988,-0.9878478,-0.9389212,-0.31574512,0.13686538,-0.30821684,0.9484607,0.073652685
1356526249451,-0.28954482,-0.028208673,-0.9567486,-0.91384184,-0.28916973,0.28508562,-0.2847047,0.95686203,0.057949394
1356526249491,-0.49297208,-0.08671817,-0.86571276,-0.829695,-0.25264865,0.49776983,-0.26188686,0.9636642,0.052599072
1356526249531,-0.69643867,-0.13549885,-0.704708,-0.67526114,-0.20864087,0.70745414,-0.24289007,0.9685603,0.05380839
1356526249571,-0.8297946,-0.16640492,-0.53268224,-0.5076008,-0.17160255,0.84433055,-0.23191036,0.9710108,0.05792761
1356526249611,-0.89255375,-0.18611875,-0.41074055,-0.38708875,-0.15102255,0.9095903,-0.23132288,0.97085124,0.06275123
1356526249651,-0.91428524,-0.2024786,-0.35083485,-0.32610077,-0.14586884,0.9340132,-0.2402935,0.9683619,0.067337155
1356526249691,-0.9135146,-0.21735154,-0.34387413,-0.31607908,-0.15291488,0.9363285,-0.25609592,0.9640412,0.07098973
1356526249731,-0.8946029,-0.22838809,-0.38408923,-0.3513532,-0.17158711,0.9203851,-0.27610976,0.95833015,0.07325745
1356526249771,-0.85083807,-0.23019066,-0.47232068,-0.4322599,-0.20438421,0.87828153,-0.29870707,0.95144063,0.07439566
1356526249811,-0.7658476,-0.21332733,-0.60660434,-0.55602515,-0.25413066,0.79136187,-0.32297587,0.9433499,0.07600999
1356526249853,-0.627461,-0.16603789,-0.7607391,-0.6967262,-0.3164965,0.643741,-0.3476567,0.93394935,0.082906306
1356526249893,-0.4592173,-0.08490986,-0.88425666,-0.8080789,-0.3735081,0.455522,-0.3689553,0.9237327,0.10290751
1356526249933,-0.32662797,0.013299495,-0.9450594,-0.8644805,-0.40841925,0.29303098,-0.3820833,0.91269755,0.1448983
1356526249972,-0.25026727,0.11619985,-0.9611783,-0.88853323,-0.4218796,0.18034998,-0.38454488,0.8991747,0.20883018
1356526250013,-0.20036256,0.21638206,-0.95552796,-0.9031217,-0.4188515,0.09452349,-0.37977117,0.881897,0.27934146
1356526250053,-0.1387533,0.30482167,-0.942248,-0.9168015,-0.39930063,0.0058304667,-0.37446296,0.86466336,0.33486527
1356526250093,-0.049690425,0.37209165,-0.92686504,-0.92685163,-0.3629427,-0.09601429,-0.37212497,0.8542954,0.36290842
1356526250133,0.060003757,0.4123412,-0.9090513,-0.9263922,-0.31615603,-0.20455518,-0.37174857,0.8544122,0.3630191
1356526250173,0.17365056,0.42520922,-0.88828075,-0.91234916,-0.2701202,-0.30765897,-0.37076202,0.8638473,0.34103274
1356526250211,0.27636594,0.4150526,-0.86680627,-0.88821334,-0.23412782,-0.39529854,-0.36701322,0.87915605,0.30395043
1356526250251,0.35971987,0.3882177,-0.84846246,-0.86116016,-0.21190351,-0.46206063,-0.35917234,0.8968745,0.25809175
1356526250291,0.4203319,0.35095823,-0.8367493,-0.8384688,-0.20225394,-0.5060271,-0.34683025,0.91428757,0.20925373
1356526250331,0.4568943,0.30881688,-0.83419406,-0.8258389,-0.20118526,-0.5267965,-0.33051118,0.9296003,0.16311258
1356526250371,0.46853054,0.2662756,-0.8423636,-0.8268075,-0.20375133,-0.52428496,-0.31123698,0.942116,0.12469494
1356526250411,0.45456105,0.22603533,-0.8615581,-0.84224856,-0.20564353,-0.4983252,-0.28981295,0.95216525,0.096900396
1356526250451,0.41421703,0.18894991,-0.8903495,-0.8700881,-0.20492074,-0.4482791,-0.26715338,0.9603673,0.07952142
1356526250491,0.34587136,0.1548351,-0.9254184,-0.90539813,-0.20374927,-0.37247896,-0.24622607,0.96670187,0.06971635
1356526250549,0.24948752,0.12285519,-0.9605533,-0.94010067,-0.20722735,-0.2706798,-0.23230731,0.97054803,0.06379558
1356526250571,0.13246357,0.09165856,-0.98694074,-0.96420383,-0.21883792,-0.14973569,-0.22970465,0.97144663,0.05938953
1356526250612,0.011841178,0.060652792,-0.99808866,-0.97099036,-0.23770452,-0.025964767,-0.23882502,0.969442,0.056078583
1356526250649,-0.09224808,0.0313901,-0.99524117,-0.9621477,-0.26022118,0.08097318,-0.25644103,0.96503866,0.05420682
1356526250692,-0.16590619,0.007052392,-0.9861163,-0.94584143,-0.28408438,0.15709859,-0.27903235,0.9587733,0.053801835
1356526250731,-0.20404118,-0.009016693,-0.9789208,-0.93072116,-0.3082443,0.19683385,-0.30352154,0.9512645,0.054502487
1356526250771,-0.20862871,-0.014309466,-0.97789025,-0.92115366,-0.33303905,0.20139751,-0.3285575,0.94280446,0.056300253
1356526250811,-0.18578643,-0.0060901344,-0.98257124,-0.91699255,-0.35817176,0.1756067,-0.35299873,0.93363583,0.060958862
1356526250853,-0.14965004,0.01897636,-0.9885569,-0.9149082,-0.38175482,0.13117275,-0.37489718,0.9240688,0.07449123
1356526250893,-0.11623013,0.064691514,-0.9911133,-0.913265,-0.3992231,0.08104277,-0.3904325,0.9145687,0.10548222
1356526250933,-0.10021162,0.13119388,-0.9862788,-0.9129474,-0.4062358,0.038723618,-0.39558145,0.90430117,0.16048265
1356526250973,-0.09704733,0.21245739,-0.9723393,-0.9156288,-0.4020092,0.0035476089,-0.39013562,0.89064616,0.23354597
1356526251013,-0.085635126,0.2929984,-0.95227015,-0.92088366,-0.38811505,-0.036604166,-0.3803154,0.8737955,0.3030538
1356526251053,-0.05114788,0.35684353,-0.93276286,-0.9265637,-0.36545616,-0.089003205,-0.37264416,0.8597119,0.34933054
1356526251093,0.00706321,0.39616716,-0.91815126,-0.92954826,-0.3358764,-0.15207607,-0.36863282,0.85454005,0.36588407
1356526251133,0.07907611,0.41045266,-0.9084468,-0.92722374,-0.30435818,-0.21822512,-0.3660643,0.8595898,0.356514
1356526251173,0.1526798,0.40308368,-0.9023373,-0.91953695,-0.27662432,-0.27916113,-0.36213365,0.87235475,0.32841527
1356526251213,0.21819729,0.37865978,-0.8994479,-0.9091677,-0.256099,-0.32837063,-0.3546885,0.88939863,0.2883852
1356526251253,0.2690795,0.34203348,-0.9003384,-0.90014005,-0.24317896,-0.36140248,-0.34255514,0.9076767,0.24244359
1356526251293,0.3009708,0.29817945,-0.9058177,-0.89624935,-0.2360791,-0.3755047,-0.3258124,0.9248544,0.19619021
1356526251333,0.310673,0.25213468,-0.91646624,-0.9000089,-0.23208576,-0.36894473,-0.30572248,0.93944895,0.15482065
1356526251373,0.29602975,0.20819092,-0.932214,-0.9120827,-0.22823447,-0.34060842,-0.283675,0.95108646,0.12232317
1356526251412,0.25606084,0.1688092,-0.9518068,-0.93085253,-0.22245216,-0.28987697,-0.2606654,0.96021795,0.10017517
1356526251451,0.19254994,0.13509056,-0.971944,-0.951926,-0.21476346,-0.21843421,-0.23824644,0.96727824,0.08724353
1356526251491,0.10843289,0.106684744,-0.98836267,-0.96924454,-0.2096051,-0.12896046,-0.2209239,0.9719486,0.08067548
1356526251531,0.011905372,0.08209291,-0.9965536,-0.9768207,-0.21206671,-0.029138982,-0.21372789,0.9738011,0.0776653
1356526251571,-0.084762156,0.059372395,-0.9946307,-0.97219455,-0.22362268,0.06950149,-0.21829554,0.9728657,0.07667628
1356526251611,-0.16992909,0.03742051,-0.9847455,-0.95764107,-0.24201292,0.15605539,-0.23248148,0.96955115,0.076960474
1356526251651,-0.23615909,0.016396523,-0.9715761,-0.9382748,-0.26389098,0.22361112,-0.25272372,0.96441317,0.0777047
1356526251691,-0.28091258,-0.0026952624,-0.9597296,-0.91906726,-0.2872525,0.2698174,-0.27641195,0.9578511,0.07821569
1356526251731,-0.30521786,-0.018351167,-0.95210576,-0.903159,-0.31139445,0.29552886,-0.30190375,0.9501035,0.07846913
1356526251771,-0.3127448,-0.028149933,-0.9494199,-0.891407,-0.33647233,0.30361128,-0.32800013,0.9412725,0.080136895
1356526251811,-0.31036222,-0.02733612,-0.95022523,-0.88290524,-0.36221564,0.29879445,-0.35235438,0.9316934,0.08828285
1356526251853,-0.30864042,-0.008315831,-0.9511425,-0.87609327,-0.38691908,0.2876702,-0.3704074,0.92207617,0.11213341
1356526251893,-0.3153286,0.03411427,-0.9483692,-0.8707348,-0.40777433,0.2748472,-0.37734443,0.91244525,0.1582874
1356526251933,-0.3325563,0.09662706,-0.9381201,-0.86659443,-0.42373592,0.26355594,-0.37204865,0.90061694,0.22465265
1356526251973,-0.35095674,0.1639596,-0.9219254,-0.86438215,-0.43534726,0.2516271,-0.36010107,0.8852062,0.2945118
1356526252013,-0.35834122,0.21630499,-0.90818703,-0.8655615,-0.44151354,0.23636627,-0.3498497,0.87079155,0.34543777
1356526252053,-0.35109305,0.24312377,-0.90422595,-0.87047553,-0.44054002,0.21953821,-0.3449727,0.86418486,0.3663037
1356526252093,-0.3329935,0.24405509,-0.9107977,-0.87786335,-0.43283057,0.2049723,-0.3441966,0.86781037,0.35837677
1356526252131,-0.3109647,0.22344264,-0.9237826,-0.88585305,-0.4202813,0.19654003,-0.34433314,0.8794527,0.32863
1356526252171,-0.29206932,0.18656406,-0.93802416,-0.89306045,-0.40418482,0.19768062,-0.342255,0.8954488,0.28466296
1356526252211,-0.2828452,0.1387713,-0.9490738,-0.898417,-0.3848713,0.21147338,-0.33592483,0.9124783,0.2335335
1356526252251,-0.28901744,0.08555478,-0.9534932,-0.9004609,-0.36244714,0.240421,-0.32502168,0.9280692,0.18179226
1356526252291,-0.3153326,0.032360166,-0.94842935,-0.8966913,-0.3373323,0.2866211,-0.31066075,0.9408293,0.13538894
1356526252331,-0.36478883,-0.016036838,-0.9309522,-0.8833916,-0.30995613,0.35149184,-0.29419115,0.95061564,0.09890175
1356526252371,-0.43711507,-0.05622512,-0.8976464,-0.8559896,-0.28033537,0.43438917,-0.27606568,0.95825404,0.07441074
1356526252412,-0.52700615,-0.08657053,-0.8454406,-0.81025815,-0.24895692,0.5305676,-0.25640985,0.9646377,0.06105745
1356526252451,-0.6230511,-0.10804194,-0.77468336,-0.7452556,-0.21871626,0.6298868,-0.23749003,0.96978873,0.055752456
1356526252491,-0.71044326,-0.12487295,-0.6925873,-0.66699755,-0.19441742,0.719247,-0.22446553,0.9729382,0.054832518
1356526252531,-0.77865696,-0.14236344,-0.61108595,-0.5869381,-0.1790176,0.78959256,-0.22180425,0.9734914,0.05583471
1356526252571,-0.82553303,-0.16322783,-0.54023325,-0.51542556,-0.17180777,0.83953476,-0.2298517,0.9715136,0.05770123
1356526252611,-0.85381854,-0.18692958,-0.485851,-0.4589272,-0.17025495,0.87200856,-0.24572273,0.96750736,0.05957973
1356526252651,-0.8663571,-0.21141478,-0.45247003,-0.42242834,-0.17309707,0.8897144,-0.26642004,0.96194655,0.06065637
1356526252691,-0.86423826,-0.23410666,-0.44529355,-0.4110046,-0.18187392,0.89330685,-0.29011637,0.9550476,0.06096351
1356526252731,-0.84597635,-0.2514392,-0.47021508,-0.42963696,-0.20086199,0.8803786,-0.31581008,0.9468013,0.06189698
1356526252771,-0.80784684,-0.25692624,-0.5304454,-0.47995734,-0.23559153,0.8450666,-0.34208828,0.9372756,0.06700832
1356526252811,-0.7486269,-0.23990811,-0.6180631,-0.5529639,-0.2883731,0.7817109,-0.36577156,0.9269764,0.08322328
1356526252853,-0.68056077,-0.19015552,-0.7075861,-0.6256195,-0.3518461,0.6962792,-0.38136274,0.91653985,0.12048763
1356526252893,-0.6213092,-0.1093519,-0.7758975,-0.6825751,-0.4107418,0.6044686,-0.3847934,0.9051703,0.18055683
1356526252933,-0.5811484,-0.014620006,-0.8136662,-0.72103757,-0.45432967,0.5231533,-0.37732124,0.8907136,0.25349143
1356526252972,-0.5392823,0.07813126,-0.83849275,-0.7580688,-0.47866786,0.44295457,-0.36675096,0.8745128,0.317366
1356526253013,-0.46814638,0.16078672,-0.8688997,-0.8068515,-0.47873372,0.3461281,-0.3603188,0.8631116,0.35384846
1356526253053,-0.35356128,0.23020667,-0.90664184,-0.86384124,-0.45218307,0.22205594,-0.35884932,0.86170495,0.35873637
1356526253091,-0.19836187,0.282545,-0.93852055,-0.9120946,-0.40374517,0.07122764,-0.35879815,0.8701483,0.33779538
1356526253131,-0.020805597,0.3131429,-0.94947815,-0.9341723,-0.3444541,-0.093132585,-0.3562154,0.8850384,0.2996959
1356526253171,0.15377182,0.32059076,-0.9346528,-0.9245509,-0.28708082,-0.25058,-0.34865454,0.90266615,0.25225747
1356526253211,0.304483,0.3087794,-0.90108013,-0.8914566,-0.24087822,-0.38377455,-0.33555222,0.9201267,0.20192008
1356526253251,0.42053434,0.28491485,-0.8613794,-0.8497791,-0.20891538,-0.4839731,-0.31784645,0.9355095,0.15425858
1356526253291,0.5000397,0.2561958,-0.8272388,-0.81349516,-0.18859997,-0.5501415,-0.29696122,0.94804734,0.114106596
1356526253331,0.5463691,0.22750881,-0.80605245,-0.7915572,-0.17424923,-0.58572555,-0.27371177,0.95805895,0.084881835
1356526253372,0.5644091,0.20096001,-0.80066067,-0.787225,-0.16086614,-0.595314,-0.24843353,0.9663007,0.067406446
1356526253418,0.555037,0.17730746,-0.81270903,-0.8019681,-0.1453538,-0.57941306,-0.2208646,0.97336245,0.06151817
1356526253449,0.5010135,0.1537182,-0.8516785,-0.841854,-0.14161652,-0.5207943,-0.20066729,0.97791386,0.05845648
1356526253492,0.3983617,0.13144511,-0.9077611,-0.89656526,-0.1530836,-0.4156152,-0.19359401,0.9794322,0.056866556
1356526253531,0.23673445,0.1036154,-0.9660334,-0.950811,-0.17975283,-0.25228405,-0.1997878,0.97823954,0.055965006
1356526253571,0.055907547,0.06945029,-0.9960175,-0.97477007,-0.21211404,-0.069505185,-0.21609646,0.9747739,0.0558393
1356526253611,-0.065591514,0.041591883,-0.99697936,-0.9689685,-0.24128443,0.053682804,-0.23832282,0.96956277,0.05612743
1356526253652,-0.08103019,0.03606674,-0.99605894,-0.9613142,-0.26679015,0.068543315,-0.26326656,0.9630796,0.056289494
1356526253691,0.0018541813,0.05959651,-0.9982208,-0.95716715,-0.2889099,-0.019026637,-0.2895298,0.9554995,0.056508094
1356526253731,0.13567716,0.10639289,-0.985024,-0.93897045,-0.30340827,-0.162105,-0.31611118,0.9469024,0.05873421
1356526253771,0.25448358,0.16206813,-0.95340025,-0.90498316,-0.3076566,-0.29385835,-0.34094504,0.9375933,0.06837542
1356526253811,0.32090276,0.21832258,-0.92160547,-0.87593836,-0.30167133,-0.37646553,-0.36021292,0.9280784,0.094429985
1356526253853,0.3315199,0.2760332,-0.90216416,-0.8678194,-0.28591168,-0.4063789,-0.37011343,0.9176383,0.14476162
1356526253893,0.30938053,0.33712482,-0.88917404,-0.8755785,-0.26381844,-0.4046752,-0.37100655,0.90374035,0.21355897
1356526253933,0.28641933,0.39646345,-0.8722274,-0.88472325,-0.23996967,-0.39959884,-0.3677345,0.8861327,0.28202856
1356526253971,0.2933666,0.44469172,-0.8462774,-0.883414,-0.21224701,-0.4177692,-0.36539835,0.87017274,0.33058062
1356526254011,0.3374309,0.47391963,-0.81335145,-0.8677181,-0.17840356,-0.46393698,-0.3649736,0.8623064,0.35102975
1356526254051,0.4053864,0.48100042,-0.77736765,-0.8383812,-0.14334387,-0.52589893,-0.3643884,0.86492264,0.34515202
1356526254091,0.4784026,0.46818417,-0.742923,-0.8005206,-0.11524665,-0.58811986,-0.3609678,0.87608325,0.31965673
1356526254131,0.5436513,0.44040152,-0.71448565,-0.76157737,-0.09895027,-0.6404753,-0.35276487,0.89233136,0.28160545
1356526254171,0.5942437,0.40295744,-0.6960601,-0.72922635,-0.09512609,-0.67762816,-0.33926874,0.91026163,0.23731911
1356526254211,0.6261305,0.36063594,-0.69130474,-0.71030325,-0.101876676,-0.69648427,-0.32160515,0.9271261,0.1923728
1356526254251,0.635512,0.31721038,-0.7039192,-0.7106809,-0.1159918,-0.6938866,-0.3017569,0.9412351,0.15172118
1356526254291,0.6177684,0.274446,-0.73691356,-0.73441386,-0.133589,-0.6654248,-0.28106678,0.9522779,0.11902992
1356526254331,0.564949,0.23163795,-0.79194474,-0.7831917,-0.15154314,-0.6030301,-0.25969854,0.9609258,0.09580285
1356526254371,0.46147966,0.18619043,-0.8673924,-0.85457724,-0.16921169,-0.49098384,-0.23818943,0.9678329,0.081026375
1356526254412,0.28201288,0.13399065,-0.95000803,-0.93393743,-0.18832034,-0.3038033,-0.2196126,0.9729245,0.07203007
1356526254451,0.012176633,0.07004905,-0.99746925,-0.9778358,-0.20768684,-0.02652216,-0.209019,0.97568405,0.0659675
1356526254491,-0.2821219,-1.4477968E-4,-0.9593786,-0.93619967,-0.21844625,0.2753387,-0.20961252,0.975849,0.06149292
1356526254531,-0.5099496,-0.06425923,-0.8578007,-0.83145225,-0.21884489,0.51067996,-0.22054127,0.9736414,0.05817145
1356526254571,-0.64779633,-0.116188645,-0.7529012,-0.7235177,-0.21557319,0.6557823,-0.23849973,0.96955067,0.05558294
1356526254611,-0.72136736,-0.15749925,-0.6744057,-0.64173985,-0.21410757,0.7364291,-0.2603824,0.96402895,0.053376734
1356526254651,-0.7557107,-0.19060074,-0.6265562,-0.5899572,-0.21725512,0.7776572,-0.2843446,0.9573253,0.05173576
1356526254691,-0.7654198,-0.21627659,-0.60609984,-0.56429327,-0.22719926,0.79369617,-0.30936334,0.9495288,0.05185938
1356526254731,-0.75992996,-0.23283137,-0.6068738,-0.55755234,-0.24644095,0.7927182,-0.33412826,0.9407743,0.057462335
1356526254771,-0.74956477,-0.23522146,-0.61872727,-0.5585406,-0.27686518,0.7819066,-0.35522527,0.931674,0.076147735
1356526254811,-0.7466944,-0.2178426,-0.628484,-0.5545219,-0.31795883,0.76903033,-0.36735958,0.9227388,0.11661953
1356526254854,-0.7583927,-0.18047735,-0.6263134,-0.53880584,-0.3671317,0.7582233,-0.36678165,0.9124923,0.18118775
1356526254893,-0.7734017,-0.13537371,-0.61929315,-0.52280843,-0.41627163,0.7439015,-0.3584988,0.89910626,0.25117052
1356526254933,-0.782433,-0.09640382,-0.61522746,-0.5152247,-0.45468855,0.72649956,-0.3497743,0.8854177,0.30609375
1356526254973,-0.7798233,-0.070753664,-0.6219883,-0.5224271,-0.4738471,0.7088996,-0.34488466,0.87776005,0.33255348
1356526255013,-0.7670034,-0.059541702,-0.6388745,-0.5423615,-0.47187245,0.6951119,-0.3428554,0.87965405,0.32963464
1356526255053,-0.7485534,-0.06080523,-0.66028064,-0.5686568,-0.45327044,0.6864221,-0.34102374,0.88929677,0.30471978
1356526255093,-0.7288325,-0.07237229,-0.68085647,-0.59578764,-0.4229843,0.68273085,-0.33740234,0.9032423,0.2651661
1356526255131,-0.71350795,-0.091995895,-0.6945813,-0.61774606,-0.38516444,0.6855933,-0.33059978,0.9182511,0.21798778
1356526255171,-0.7092217,-0.1168468,-0.6952348,-0.6283074,-0.34250605,0.69851226,-0.31974104,0.93222123,0.16949701
1356526255211,-0.72284,-0.14335033,-0.6759829,-0.6202594,-0.29661155,0.7261541,-0.3045988,0.9441781,0.12548834
1356526255251,-0.75908506,-0.16718149,-0.6291584,-0.58512485,-0.24839848,0.7719632,-0.2853399,0.9541219,0.09073347
1356526255291,-0.8159557,-0.18373658,-0.54813987,-0.5151666,-0.19915915,0.83363014,-0.26233536,0.9625885,0.06785005
1356526255331,-0.88055134,-0.18980825,-0.43428338,-0.41051537,-0.15249962,0.8990111,-0.23686779,0.96990544,0.056364596
1356526255371,-0.93385917,-0.18723962,-0.3047106,-0.28737012,-0.11433387,0.95097125,-0.21289822,0.9756378,0.052964628
1356526255411,-0.9650621,-0.18384771,-0.18669517,-0.1729603,-0.08824921,0.9809673,-0.1968243,0.9789852,0.053367674
1356526255451,-0.97725195,-0.18772465,-0.098681435,-0.08640692,-0.07250166,0.9936183,-0.19368123,0.9795422,0.05463177
1356526255491,-0.9785645,-0.20146555,-0.042699754,-0.030527763,-0.06314343,0.9975375,-0.20366563,0.97745824,0.055639565
1356526255531,-0.97474325,-0.22292301,-0.013450757,-6.087646E-4,-0.05757618,0.9983409,-0.22332762,0.9731342,0.055986285
1356526255571,-0.9686283,-0.24843118,-0.0064224303,0.00754454,-0.055227816,0.99844533,-0.24839965,0.96707386,0.055369437
1356526255611,-0.9611287,-0.27524045,-0.021779656,-0.006049812,-0.05786985,0.99830586,-0.27603453,0.9596321,0.053955138
1356526255651,-0.9513905,-0.3012177,-0.064218305,-0.04509577,-0.070020795,0.9965257,-0.3046678,0.9509811,0.05303347
1356526255691,-0.93610287,-0.32247147,-0.14044027,-0.11404258,-0.099443495,0.98848635,-0.3327245,0.9413411,0.056313932
1356526255731,-0.91014624,-0.32966992,-0.25090176,-0.2100639,-0.15476614,0.9653604,-0.35708135,0.9313245,0.07160801
1356526255771,-0.8733439,-0.30889094,-0.37663895,-0.31343204,-0.23552382,0.9199397,-0.37286848,0.9214744,0.108876884
1356526255811,-0.83770573,-0.2557225,-0.48255065,-0.39529732,-0.32573915,0.8588563,-0.3768145,0.9102198,0.17178714
1356526255853,-0.81309617,-0.1827778,-0.5526906,-0.44904,-0.40726888,0.79529566,-0.3704561,0.8948321,0.24907422
1356526255893,-0.7866854,-0.105844215,-0.60821307,-0.5004797,-0.46747196,0.72869074,-0.36145023,0.8776486,0.3147804
1356526255933,-0.7434133,-0.034000605,-0.66796744,-0.566591,-0.498676,0.6559701,-0.35540274,0.8661213,0.35145804
1356526255973,-0.67167366,0.030269623,-0.74022853,-0.6514054,-0.50005424,0.5706284,-0.35288167,0.8654649,0.35559103
1356526256012,-0.56694615,0.08445576,-0.819414,-0.7450905,-0.47679114,0.4663801,-0.35130093,0.87494993,0.3332421
1356526256053,-0.4336511,0.12447539,-0.8924419,-0.8313451,-0.43730748,0.34296873,-0.34758037,0.890656,0.29312086
1356526256091,-0.28686422,0.14649695,-0.9467036,-0.8959052,-0.3909527,0.21097386,-0.33920926,0.90867746,0.24339765
1356526256132,-0.14963746,0.14946371,-0.9773787,-0.9337954,-0.34630167,0.090007335,-0.32501504,0.9261403,0.19138822
1356526256190,-0.04661286,0.13562089,-0.9896637,-0.9510831,-0.30892533,0.0024614632,-0.30539837,0.94136715,0.14338666
1356526256211,-0.004685223,0.10752854,-0.9941909,-0.95951533,-0.28047067,-0.025812984,-0.2816171,0.9538205,0.104489446
1356526256252,-0.06472397,0.063277334,-0.995895,-0.96485233,-0.2586872,0.046269983,-0.25469744,0.9638864,0.07779652
1356526256289,-0.30515116,-0.00871858,-0.95226395,-0.92518437,-0.23422474,0.298618,-0.2256473,0.9721434,0.06340766
1356526256332,-0.73197573,-0.10692373,-0.67288846,-0.6522372,-0.17555106,0.73740655,-0.1969725,0.9786466,0.05875939
1356526256371,-0.9631042,-0.15758306,-0.21816972,-0.20505598,-0.09536207,0.97409356,-0.17430574,0.9828905,0.0595302
1356526256411,-0.9854543,-0.1657884,0.03733535,0.04709966,-0.055359602,0.997355,-0.16328302,0.98460627,0.06236291
1356526256451,-0.9753628,-0.17352268,0.13622528,0.14540163,-0.041256785,0.9885121,-0.16590905,0.98396534,0.065470815
1356526256491,-0.9682214,-0.18877473,0.16404666,0.17379683,-0.036195874,0.98411614,-0.17983846,0.9813531,0.06785405
1356526256531,-0.9651797,-0.20941019,0.15676554,0.16756645,-0.034758747,0.9852478,-0.20087196,0.97720987,0.06863862
1356526256571,-0.9647259,-0.23245783,0.12355988,0.13577883,-0.037255466,0.99003845,-0.2255389,0.97189265,0.06750429
1356526256611,-0.96502304,-0.25569415,0.057888135,0.07255735,-0.048306584,0.9961937,-0.2519245,0.9655501,0.06516945
1356526256651,-0.9595084,-0.2753358,-0.059446327,-0.039229944,-0.07836306,0.99615276,-0.27893487,0.95814896,0.06438863
1356526256691,-0.92733306,-0.27866176,-0.24980237,-0.21722136,-0.14275211,0.96562773,-0.3047433,0.9497208,0.07184732
1356526256731,-0.8392919,-0.24031846,-0.4876846,-0.43505722,-0.24109149,0.8675253,-0.32605892,0.94027764,0.09779376
1356526256771,-0.7217633,-0.15562007,-0.6744183,-0.6028855,-0.33727145,0.72303325,-0.33998054,0.9284559,0.14960915
1356526256811,-0.6345355,-0.0546571,-0.7709586,-0.69081783,-0.40722132,0.5974458,-0.34660548,0.91169256,0.22063833
1356526256853,-0.5702382,0.043686897,-0.82031685,-0.74374104,-0.45148313,0.49296272,-0.34882325,0.8912095,0.2899447
1356526256893,-0.485833,0.13724226,-0.8632096,-0.80108356,-0.46494925,0.3769446,-0.34961596,0.87463516,0.33583027
1356526256933,-0.36138928,0.2203674,-0.906,-0.8644124,-0.44345355,0.23693895,-0.34955528,0.8687849,0.3507477
1356526256973,-0.1949535,0.28475732,-0.9385662,-0.91716224,-0.3920356,0.07156548,-0.34757248,0.87476933,0.3375973
1356526257012,-0.007851005,0.32095456,-0.947062,-0.9395356,-0.32662505,-0.10290298,-0.3423613,0.88899064,0.3041125
1356526257053,0.16870934,0.3266813,-0.9299551,-0.92782784,-0.2658019,-0.26169628,-0.3326751,0.9069888,0.2582607
1356526257093,0.3111899,0.30849013,-0.89888537,-0.89564645,-0.22106624,-0.38593677,-0.31777087,0.92518306,0.20750448
1356526257131,0.41108933,0.27631575,-0.86870897,-0.8615363,-0.19368097,-0.46930045,-0.2979275,0.94134873,0.15843582
1356526257171,0.46707094,0.23829427,-0.85150486,-0.84056973,-0.17917186,-0.51121414,-0.27438515,0.9545225,0.11661703
1356526257211,0.4765737,0.19902283,-0.85631037,-0.84323126,-0.17203492,-0.5092788,-0.24867347,0.9647765,0.085835025
1356526257251,0.42747974,0.15915114,-0.8899056,-0.8763043,-0.1689502,-0.4511613,-0.22215256,0.97269046,0.06724204
1356526257291,0.28512588,0.1147615,-0.95159495,-0.9381337,-0.17011121,-0.3016077,-0.19649002,0.9787195,0.05915861
1356526257331,-0.009537637,0.05700764,-0.9983282,-0.984516,-0.17529327,-6.040931E-4,-0.17503467,0.9828644,0.057796866
1356526257372,-0.40575063,-0.012078404,-0.91390395,-0.89939773,-0.17264831,0.4015921,-0.16263461,0.9849094,0.059188962
1356526257411,-0.6696844,-0.06488338,-0.73980594,-0.7245747,-0.16133529,0.6700465,-0.16283172,0.9847644,0.061030924
1356526257451,-0.76804644,-0.09677473,-0.63303965,-0.61591876,-0.15904677,0.7715881,-0.17535315,0.9825165,0.06255001
1356526257491,-0.7804669,-0.11716503,-0.6141203,-0.5934385,-0.17025793,0.78666574,-0.19672857,0.97840923,0.06335044
1356526257531,-0.74165577,-0.12729746,-0.65859103,-0.63259274,-0.19381726,0.7498409,-0.22309911,0.9727437,0.06321818
1356526257571,-0.6548914,-0.12244135,-0.7457381,-0.71253926,-0.2287516,0.66329515,-0.25180358,0.96575403,0.06256324
