1356526002064,-0.14978129,0.008635193,-0.98868144,-0.8794087,-0.45819348,0.12922502,-0.4518915,0.8888105,0.07622266
1356526002101,0.13382506,0.15204462,-0.97927177,-0.8819827,-0.43231153,-0.18765178,-0.45188197,0.8888134,0.076246634
1356526002141,0.13355953,0.15206933,-0.9793042,-0.8820528,-0.4322691,-0.18742025,-0.4518238,0.8888298,0.07639949
1356526002182,0.13265127,0.15211734,-0.9794202,-0.8822831,-0.43214804,-0.18661371,-0.45164165,0.8888805,0.076885566
1356526002222,0.13065296,0.15220323,-0.9796754,-0.88279724,-0.43186533,-0.1848279,-0.4512193,0.88900304,0.07794015
1356526002261,0.12766117,0.15233177,-0.98004985,-0.8836127,-0.43133813,-0.18214336,-0.450479,0.88923717,0.07953705
1356526002301,0.12386477,0.15258786,-0.980497,-0.8847877,-0.43034923,-0.1787461,-0.44923067,0.88967204,0.08170281
1356526002342,0.11953485,0.15300417,-0.98096955,-0.88637066,-0.42868125,-0.17487013,-0.447279,0.89040565,0.08437599
1356526002380,0.11507481,0.1535886,-0.9814114,-0.88827735,-0.42633903,-0.17087552,-0.44465846,0.89142895,0.087368324
1356526002421,0.110248744,0.15442687,-0.9818338,-0.8906165,-0.42315423,-0.16656151,-0.44118872,0.89280057,0.09088294
1356526002463,0.10460222,0.15563151,-0.98226124,-0.89346206,-0.41908038,-0.1615459,-0.43678802,0.89451134,0.09521413
1356526002502,0.09703469,0.15735528,-0.9827632,-0.8971424,-0.4137209,-0.15482375,-0.43095204,0.8967018,0.10102482
1356526002541,0.08709735,0.1596348,-0.98332644,-0.90175974,-0.4068609,-0.14592308,-0.42337146,0.8994337,0.108515725
1356526002583,0.07340324,0.16270742,-0.9839402,-0.90775275,-0.3977018,-0.13348469,-0.41303378,0.9029726,0.11850551
1356526002622,0.055004895,0.16707975,-0.9844078,-0.9150154,-0.3861792,-0.11667216,-0.39965138,0.9071659,0.13163881
1356526002667,0.033390522,0.17339426,-0.9842863,-0.9223208,-0.3740074,-0.097174555,-0.38497984,0.9110725,0.1474368
1356526002691,0.013909638,0.18183258,-0.9832311,-0.9282826,-0.3631062,-0.08028287,-0.37161535,0.913833,0.16374134
1356526002731,-0.01204437,0.19341236,-0.9810436,-0.93319184,-0.35459328,-0.058451027,-0.35917664,0.9147979,0.18476172
1356526002771,-0.035324395,0.21125793,-0.9767918,-0.9366745,-0.3477531,-0.04133752,-0.3484152,0.91347575,0.21016406
1356526002811,-0.052894533,0.23589942,-0.9703368,-0.9392154,-0.3418423,-0.03190747,-0.3392292,0.9096676,0.23964207
1356526002851,-0.06267071,0.26740384,-0.9615444,-0.94155204,-0.33535445,-0.03189382,-0.33098674,0.9033452,0.2727915
1356526002891,-0.06428915,0.3051807,-0.9501219,-0.9442811,-0.32657635,-0.04100296,-0.3228006,0.89454603,0.30917162
1356526002932,-0.05856788,0.34793448,-0.93568766,-0.9476901,-0.31398207,-0.057434708,-0.31377265,0.88337815,0.34812325
1356526002989,-0.050355613,0.39400643,-0.91772723,-0.9517223,-0.29752642,-0.0755156,-0.30280176,0.8696189,0.38996685
1356526003013,-0.04301846,0.44172224,-0.89611995,-0.9564222,-0.2774877,-0.090868086,-0.28880075,0.85316,0.43441015
1356526003053,-0.039312124,0.48845172,-0.871705,-0.9616878,-0.2553668,-0.099722296,-0.27131397,0.83438766,0.47977698
1356526003083,-0.032678425,0.5292617,-0.84782904,-0.966663,-0.23227978,-0.107743114,-0.25395793,0.8160441,0.5192084
1356526003123,-0.026001513,0.5616969,-0.82693446,-0.9708085,-0.21149784,-0.11313495,-0.23844242,0.7998533,0.55079937
1356526003153,-0.014514267,0.5842579,-0.8114383,-0.9734252,-0.19374567,-0.12209046,-0.22854498,0.7881024,0.57154346
1356526003183,0.0045111775,0.59648484,-0.80261165,-0.97404796,-0.17901087,-0.13851205,-0.2262966,0.78240705,0.5801974
1356526003213,0.0307948,0.5984835,-0.800543,-0.9722764,-0.16780412,-0.16285074,-0.23179787,0.78336406,0.5767239
1356526003243,0.06317693,0.5907248,-0.804396,-0.9677304,-0.16074997,-0.19405517,-0.24393982,0.7906982,0.5615066
1356526003283,0.1127767,0.5679586,-0.815294,-0.95746684,-0.15720594,-0.24195734,-0.2655909,0.80790424,0.52607244
1356526003323,0.16064292,0.53281,-0.8308474,-0.9434074,-0.16455317,-0.2879317,-0.29013145,0.8300818,0.47622257
1356526003353,0.19248897,0.4937334,-0.8480421,-0.9307828,-0.18184197,-0.31713864,-0.31079155,0.85038865,0.42455596
1356526003394,0.22736591,0.44743556,-0.86493134,-0.91761535,-0.19891435,-0.34411502,-0.32601658,0.87191427,0.36534742
1356526003433,0.25006247,0.39480993,-0.884078,-0.90888953,-0.21902436,-0.3548919,-0.3337494,0.8922744,0.30406874
1356526003473,0.25998402,0.3386441,-0.9042834,-0.90605646,-0.2382465,-0.3497145,-0.33387113,0.910252,0.24489042
1356526003513,0.25584668,0.2817145,-0.9247591,-0.909406,-0.25433743,-0.32907927,-0.32790726,0.9251753,0.1911215
1356526003553,0.23634261,0.22689548,-0.9448072,-0.91803145,-0.26645356,-0.29363346,-0.31837142,0.9367608,0.14532292
1356526003593,0.20085204,0.17671025,-0.96355176,-0.9299722,-0.27476728,-0.24424326,-0.3079128,0.9451331,0.10914801
1356526003623,0.1512931,0.13204247,-0.9796301,-0.9422198,-0.280392,-0.18330896,-0.298885,0.95076025,0.08199167
1356526003653,0.097354054,0.09518018,-0.99068815,-0.9515836,-0.2827133,-0.12067291,-0.2915663,0.9544705,0.06304857
1356526003683,0.040001154,0.06499335,-0.99708366,-0.95754457,-0.28262687,-0.0568375,-0.28549668,0.9570256,0.050928563
1356526003713,-0.01898855,0.040308744,-0.99900687,-0.95977926,-0.28067058,0.0069182515,-0.28011298,0.9589574,0.044017047
1356526003753,-0.07932043,0.020718068,-0.9966339,-0.9580215,-0.27790046,0.07047036,-0.27550498,0.9603865,0.041891545
1356526003783,-0.14081895,0.002590388,-0.99003196,-0.9516386,-0.27614743,0.13463542,-0.273046,0.9611118,0.041351885
1356526003813,-0.19458228,-0.01279676,-0.9808027,-0.9419259,-0.27657497,0.19047806,-0.27370304,0.9609071,0.041763037
1356526003843,-0.23945236,-0.025755644,-0.9705664,-0.93036103,-0.27978456,0.2369577,-0.27765247,0.9597173,0.043033004
1356526003873,-0.2748831,-0.036194026,-0.96079624,-0.9184253,-0.28579378,0.27352685,-0.2844896,0.95760745,0.045318305
1356526003903,-0.30047184,-0.043801486,-0.95278436,-0.90750754,-0.29427367,0.2997216,-0.29350764,0.9547169,0.0486708
1356526003933,-0.31581086,-0.04813996,-0.9476001,-0.8987341,-0.30502278,0.3150208,-0.3042047,0.9511275,0.053064495
1356526004007,-0.32042503,-0.048568696,-0.94602805,-0.8929279,-0.3179168,0.3187614,-0.31624,0.94687384,0.05850008
1356526004012,-0.31542265,-0.04371807,-0.9479437,-0.8890004,-0.33581585,0.3112971,-0.33194387,0.9409126,0.06705862
1356526004041,-0.29301953,-0.027890533,-0.95569956,-0.88991976,-0.3574816,0.28328383,-0.34954593,0.9335036,0.079928726
1356526004078,-0.26016563,0.0017943978,-0.96556234,-0.89333045,-0.37995005,0.23999709,-0.36643484,0.92500526,0.10045296
1356526004118,-0.22695154,0.04937637,-0.9726536,-0.89734143,-0.39875555,0.18913609,-0.37851214,0.9157271,0.13480559
1356526004161,-0.20414388,0.118326426,-0.97176343,-0.9018922,-0.40874934,0.13969436,-0.38067812,0.9049436,0.19016135
1356526004201,-0.19494939,0.20662114,-0.9588026,-0.90831983,-0.40687233,0.097004354,-0.37006712,0.8898104,0.26699764
1356526004241,-0.2866091,0.2581118,-0.9226231,-0.8916248,-0.42419815,0.1583066,-0.35051423,0.8680059,0.351718
1356526004281,-0.19020694,0.37704048,-0.90645564,-0.9237509,-0.3813724,0.035204172,-0.33242378,0.8440353,0.4208312
1356526004322,-0.10048264,0.45105973,-0.88681924,-0.94061553,-0.33356166,-0.06308013,-0.32426178,0.82781744,0.4577909
1356526004362,-0.009171605,0.48414218,-0.87494123,-0.9451071,-0.29000485,-0.15056488,-0.326632,0.8255323,0.46022606
1356526004402,0.08298677,0.48461777,-0.8707806,-0.93845993,-0.2559678,-0.23189119,-0.33527038,0.8364366,0.43355238
1356526004441,0.16832209,0.46237358,-0.8705621,-0.92354274,-0.23475355,-0.30324826,-0.34458157,0.8550446,0.3875076
1356526004481,0.24196261,0.42450464,-0.8724965,-0.90489984,-0.225784,-0.3608018,-0.35015777,0.87682235,0.32950282
1356526004521,0.29935706,0.37671334,-0.8766256,-0.8879984,-0.22611904,-0.40041122,-0.3490619,0.89830804,0.26683047
1356526004561,0.33771813,0.32384068,-0.8837837,-0.8774943,-0.23135984,-0.4200909,-0.34051457,0.9173875,0.20603397
1356526004601,0.3550893,0.2704746,-0.8948492,-0.87629145,-0.23711151,-0.41939393,-0.32561448,0.933071,0.15281886
1356526004641,0.35023278,0.22082081,-0.91026103,-0.8852056,-0.23964095,-0.3987271,-0.30618307,0.9454155,0.1115417
1356526004681,0.32328066,0.17786443,-0.9294374,-0.9028783,-0.23614135,-0.35923263,-0.28337324,0.95530176,0.08424997
1356526004723,0.27598596,0.14296502,-0.9504698,-0.92592365,-0.22576034,-0.30281633,-0.2578705,0.9636355,0.07006797
1356526004761,0.21190351,0.116218746,-0.97035563,-0.9493275,-0.21133775,-0.23262322,-0.23210797,0.970479,0.06554642
1356526004801,0.13677126,0.096649766,-0.98587656,-0.9677646,-0.19943464,-0.15381008,-0.21148363,0.97513324,0.06625727
1356526004841,0.058951735,0.08222222,-0.994869,-0.9777043,-0.19645125,-0.07417065,-0.20154169,0.97706014,0.06880787
1356526004881,-0.011769474,0.07061729,-0.997434,-0.97888803,-0.20437592,-0.0029189289,-0.2040577,0.97634196,0.07153189
1356526004921,-0.06701982,0.06043923,-0.99591935,-0.97391593,-0.22083789,0.052137226,-0.21678567,0.973436,0.073663294
1356526005002,-0.10186404,0.05188015,-0.99344456,-0.9663782,-0.24215883,0.08644262,-0.23608673,0.9688486,0.074803114
1356526005003,-0.1146844,0.04644686,-0.99231553,-0.9589122,-0.26610327,0.098368526,-0.25948954,0.9628248,0.075056404
1356526005038,-0.10580301,0.04679662,-0.9932854,-0.952932,-0.2901826,0.087833345,-0.2841238,0.95582646,0.075296134
1356526005082,-0.08201158,0.055022717,-0.99511135,-0.94721067,-0.31482172,0.0606564,-0.30994514,0.9475546,0.077937126
1356526005121,-0.04855603,0.076473504,-0.99588853,-0.9410472,-0.3376863,0.019951522,-0.33477217,0.9381469,0.08836192
1356526005161,-0.018194377,0.116574705,-0.9930153,-0.9345922,-0.354874,-0.02453643,-0.3552556,0.92761785,0.11540645
1356526005201,0.0021137,0.17809746,-0.9840106,-0.929803,-0.36181813,-0.06748325,-0.3680514,0.9150787,0.16483074
1356526005241,0.015799582,0.25406623,-0.9670578,-0.92783344,-0.35674846,-0.10888398,-0.37266007,0.89898884,0.23009461
1356526005281,0.035939395,0.3278057,-0.9440613,-0.927419,-0.34098214,-0.15370482,-0.37229335,0.8810645,0.29175854
1356526005321,0.0742383,0.38270926,-0.9208813,-0.92571926,-0.316958,-0.20635301,-0.37085387,0.86779684,0.33075088
1356526005361,0.13210005,0.41099107,-0.9020177,-0.9197897,-0.28839874,-0.26610738,-0.3695085,0.86481935,0.33992785
1356526005402,0.20202148,0.4131869,-0.88795483,-0.9080367,-0.26068306,-0.3278925,-0.36695576,0.8725369,0.3225254
1356526005441,0.27277392,0.39467472,-0.8773975,-0.8916475,-0.23880619,-0.384625,-0.36132973,0.88724494,0.2867706
1356526005481,0.33561224,0.3612896,-0.8699622,-0.8741636,-0.22466892,-0.4305365,-0.35100186,0.9049827,0.2404246
1356526005521,0.38409603,0.31865415,-0.866562,-0.86030483,-0.2172023,-0.46119273,-0.33518025,0.92264986,0.19071317
1356526005561,0.41394866,0.27189887,-0.86874485,-0.85436785,-0.2133258,-0.47386464,-0.31416896,0.9383832,0.1439957
1356526005602,0.4215309,0.22568673,-0.8782809,-0.8594443,-0.20951056,-0.46632695,-0.2892529,0.9514047,0.10564998
1356526005641,0.4031955,0.18353367,-0.8965203,-0.8768687,-0.20277762,-0.4358697,-0.26179105,0.9618714,0.079175934
1356526005681,0.3551299,0.1470221,-0.9231832,-0.9054414,-0.19152421,-0.3788062,-0.23250487,0.9704137,0.06510399
1356526005721,0.2729654,0.116206884,-0.9549794,-0.94034266,-0.17733124,-0.29036018,-0.20308962,0.9772662,0.060869098
1356526005761,0.1535331,0.09022269,-0.984016,-0.9719455,-0.16577989,-0.16684985,-0.17818373,0.98202693,0.062238872
1356526005801,0.0012133121,0.06657624,-0.9977806,-0.98649216,-0.16336125,-0.0120998025,-0.16380423,0.9843174,0.06547865
1356526005841,-0.16487426,0.041389793,-0.98544574,-0.9727248,-0.17210692,0.15551731,-0.16316518,0.98420835,0.068636864
1356526005881,-0.31653804,0.01216957,-0.9485017,-0.9323156,-0.18836075,0.3087196,-0.17490351,0.98202443,0.070969224
1356526005921,-0.43367207,-0.020038605,-0.9008479,-0.87975067,-0.20677513,0.42811537,-0.19485179,0.97818327,0.07204372
1356526005989,-0.51061183,-0.051748037,-0.8582527,-0.8313906,-0.22480577,0.508185,-0.21923774,0.97302854,0.07176566
1356526006003,-0.550106,-0.079101294,-0.8313401,-0.79808414,-0.24328327,0.5512485,-0.24585566,0.96672446,0.070702136
1356526006043,-0.55737674,-0.09833589,-0.8244156,-0.78380597,-0.26516098,0.5615494,-0.27382332,0.95917654,0.07071835
1356526006083,-0.5408154,-0.10448733,-0.8346262,-0.78513515,-0.29330814,0.54546595,-0.301797,0.9502908,0.07658893
1356526006122,-0.5154657,-0.09128544,-0.852034,-0.792243,-0.32816172,0.5144519,-0.3265669,0.9402004,0.09683591
1356526006152,-0.48817593,-0.0597682,-0.8706962,-0.801392,-0.36438954,0.47433215,-0.34562263,0.9293266,0.12998849
1356526006193,-0.4958825,-0.010521829,-0.8683259,-0.7932829,-0.40129703,0.45788962,-0.3532744,0.91588753,0.19064936
1356526006233,-0.5124596,0.050676912,-0.8572148,-0.7833952,-0.43641806,0.4425285,-0.351678,0.8983158,0.2633466
1356526006271,-0.51934594,0.107501835,-0.84777546,-0.78104424,-0.46227437,0.41984797,-0.34677044,0.88019645,0.324044
1356526006311,-0.5064654,0.14970985,-0.84916407,-0.7912265,-0.47211474,0.38867474,-0.3427145,0.8687315,0.35756433
1356526006351,-0.4733219,0.17441452,-0.86345,-0.8127345,-0.4645182,0.35168955,-0.33974844,0.86821795,0.36161932
1356526006391,-0.4262414,0.18191218,-0.88613,-0.8400111,-0.4431209,0.31309,-0.33570778,0.87781096,0.3416846
1356526006431,-0.3745798,0.1736502,-0.9107884,-0.86720294,-0.41321504,0.2778711,-0.3280991,0.8939233,0.305372
1356526006471,-0.32841516,0.15184608,-0.9322479,-0.8903315,-0.3793059,0.25186676,-0.3153622,0.9127266,0.25976318
1356526006511,-0.29752344,0.119629174,-0.9471899,-0.90716505,-0.3446235,0.24142557,-0.29754236,0.9310873,0.21105695
1356526006551,-0.2909001,0.080996096,-0.95331883,-0.9160687,-0.3110562,0.25310537,-0.27603516,0.94693387,0.16468424
1356526006591,-0.31697595,0.040391862,-0.947573,-0.9141489,-0.27921027,0.29389334,-0.25270122,0.95938003,0.12542719
1356526006631,-0.38088804,0.0022206008,-0.9246185,-0.8959093,-0.2481522,0.3684656,-0.22862792,0.96871847,0.09650767
1356526006671,-0.47901183,-0.029742926,-0.8773043,-0.8537247,-0.2167176,0.47348458,-0.20421013,0.97578114,0.078418076
1356526006711,-0.5938046,-0.05340311,-0.80283505,-0.7838843,-0.18661004,0.59220093,-0.1814425,0.9809815,0.06894809
1356526006751,-0.69848055,-0.070283115,-0.7121694,-0.6963448,-0.16271764,0.6990185,-0.16501173,0.98416626,0.064713836
1356526006810,-0.7743953,-0.085157126,-0.62694526,-0.6123142,-0.14865118,0.7765142,-0.15932183,0.9852164,0.06297171
1356526006832,-0.8198656,-0.1019568,-0.56340516,-0.54820406,-0.14414209,0.82382977,-0.16520545,0.9842906,0.062283933
1356526006872,-0.8415551,-0.121234655,-0.52639073,-0.50925523,-0.14688134,0.84798884,-0.18012261,0.9816965,0.061869383
1356526006909,-0.845353,-0.14096732,-0.51527315,-0.49524504,-0.15481234,0.8548482,-0.2002763,0.977835,0.061057687
1356526006951,-0.83305997,-0.15864849,-0.5299449,-0.5061777,-0.16782993,0.84594154,-0.22314802,0.97296643,0.059508204
1356526006990,-0.80223817,-0.17126283,-0.5719117,-0.54323304,-0.18791515,0.81828225,-0.24761222,0.9671385,0.057717085
1356526007032,-0.74807155,-0.1736177,-0.64050436,-0.6050992,-0.21783829,0.7657685,-0.27247736,0.96041834,0.057902694
1356526007071,-0.67117614,-0.15899825,-0.72404563,-0.67945963,-0.2585938,0.6866322,-0.29640707,0.95281094,0.06552917
1356526007111,-0.58291876,-0.118756026,-0.80380505,-0.7484441,-0.3066033,0.58806944,-0.31628615,0.94439995,0.08984268
1356526007151,-0.5060431,-0.049943894,-0.86106104,-0.7975737,-0.3529268,0.48920244,-0.32832414,0.93431705,0.13876218
1356526007191,-0.45314407,0.0391092,-0.89057904,-0.82769096,-0.38945764,0.4040426,-0.33104104,0.9202137,0.20885071
1356526007231,-0.41052735,0.1312972,-0.902346,-0.85096455,-0.4106996,0.32739156,-0.3276075,0.90226763,0.28033268
1356526007271,-0.3563646,0.2097041,-0.91050994,-0.87668675,-0.4120772,0.24821898,-0.32314786,0.8866885,0.33069456
1356526007311,-0.2791263,0.26477495,-0.92302907,-0.90536594,-0.39289343,0.1610817,-0.3200017,0.8806412,0.34938505
1356526007351,-0.18184471,0.29346028,-0.93851674,-0.9308562,-0.3589813,0.068112254,-0.31692168,0.88600993,0.3384481
1356526007391,-0.075947285,0.29697436,-0.95186037,-0.9472465,-0.319596,-0.024132758,-0.31137758,0.89981365,0.30558044
1356526007431,0.025033414,0.27940515,-0.95984685,-0.953246,-0.28257412,-0.10711676,-0.30115685,0.9176517,0.25926805
1356526007471,0.10925597,0.24673584,-0.9629042,-0.952209,-0.25199682,-0.17261443,-0.28523895,0.9357451,0.2074119
1356526007511,0.16782802,0.20576635,-0.9641027,-0.9497323,-0.2284267,-0.21407914,-0.26427704,0.9515679,0.15708657
1356526007551,0.19423002,0.16298988,-0.9673205,-0.9510963,-0.21015841,-0.22638327,-0.24018866,0.9639854,0.114199996
1356526007591,0.18304783,0.123482466,-0.9753181,-0.9592837,-0.19462967,-0.20468,-0.21510026,0.9730731,0.08282822
1356526007631,0.1297195,0.09000081,-0.9874577,-0.9730759,-0.17979074,-0.14421704,-0.19051534,0.9795791,0.06425524
1356526007671,0.031899452,0.06297964,-0.99750483,-0.98534936,-0.16530877,-0.04194784,-0.16753817,0.98422885,0.056783736
1356526007711,-0.106158435,0.04100758,-0.9935032,-0.98323375,-0.15330708,0.098733306,-0.14826235,0.98732734,0.05659491
1356526007751,-0.2656566,0.021230996,-0.9638339,-0.9543804,-0.14716357,0.25980932,-0.13632527,0.98888427,0.059357464
1356526007791,-0.4149496,5.545914E-4,-0.9098442,-0.8997948,-0.14846891,0.41027588,-0.13485605,0.98891693,0.062106133
1356526007831,-0.5290758,-0.022380501,-0.8482794,-0.8362657,-0.15589654,0.5256958,-0.14400911,0.98751986,0.06376499
1356526007871,-0.60178274,-0.04642147,-0.7973095,-0.7822406,-0.16712785,0.6001399,-0.16111204,0.98484176,0.06426197
1356526007911,-0.63787097,-0.06896576,-0.7670492,-0.74814534,-0.18085659,0.63841164,-0.18275443,0.9810885,0.06376666
1356526007951,-0.64268714,-0.087203234,-0.76114976,-0.7377354,-0.19752443,0.6455468,-0.20663944,0.9764117,0.06261343
1356526007990,-0.61881566,-0.0981383,-0.77938175,-0.75054264,-0.21896577,0.6234898,-0.23184624,0.9707846,0.06184256
1356526008032,-0.5693105,-0.097176164,-0.8163591,-0.7808142,-0.2468909,0.57391113,-0.25732213,0.9641585,0.06468111
1356526008072,-0.5057125,-0.07828009,-0.85914314,-0.8158044,-0.2804845,0.5057584,-0.28056714,0.9566612,0.07798332
1356526008111,-0.4513901,-0.036364138,-0.89158547,-0.8412992,-0.315696,0.4388072,-0.2974268,0.94816333,0.11190885
1356526008151,-0.42504042,0.028167158,-0.90473604,-0.8525175,-0.3483929,0.38966188,-0.30422795,0.9369253,0.1720941
1356526008191,-0.42446983,0.10527295,-0.8993014,-0.853813,-0.3771323,0.35885188,-0.30137822,0.92015696,0.24996468
1356526008231,-0.4254136,0.17897445,-0.8871254,-0.85585696,-0.3981855,0.33008656,-0.29416344,0.8996757,0.32257012
1356526008271,-0.4058832,0.23700973,-0.88265806,-0.8674054,-0.40410197,0.2903607,-0.28786558,0.88347495,0.36960176
1356526008311,-0.35890132,0.27487516,-0.8919829,-0.8891747,-0.39129162,0.23719019,-0.2838277,0.8782565,0.3848471
1356526008351,-0.28923786,0.2924269,-0.91149765,-0.915241,-0.36348784,0.1738115,-0.28049117,0.88451296,0.37277555
1356526008391,-0.20762366,0.2911846,-0.9338651,-0.93860346,-0.32819933,0.10634264,-0.27552855,0.8986082,0.3414488
1356526008431,-0.12661284,0.27379754,-0.95341706,-0.9553659,-0.29228908,0.042933494,-0.26691827,0.91629803,0.29858434
1356526008471,-0.058408737,0.24392074,-0.9680347,-0.96550244,-0.26029086,-0.0073308647,-0.25375873,0.9342116,0.2507093
1356526008511,-0.014779508,0.20586026,-0.9784698,-0.9714893,-0.23453474,-0.034669697,-0.23662227,0.95006055,0.20345733
1356526008551,-0.009396613,0.1638338,-0.98644316,-0.97613055,-0.21556127,-0.026503175,-0.21698108,0.9626483,0.16194874
1356526008591,-0.058947086,0.1206508,-0.99094325,-0.97884583,-0.20181209,0.03365615,-0.19592375,0.9719646,0.12999481
1356526008631,-0.18135685,0.07664481,-0.9804261,-0.9679328,-0.19013244,0.16418225,-0.17382705,0.9787621,0.108668804
1356526008673,-0.38177723,0.03130743,-0.92372394,-0.91167617,-0.17707801,0.3707962,-0.15196252,0.9836987,0.09614664
1356526008711,-0.61458856,-0.013942391,-0.78872454,-0.7771263,-0.16101927,0.60839736,-0.1354824,0.98685277,0.08812559
1356526008751,-0.78297824,-0.050952494,-0.61995876,-0.6085154,-0.14402467,0.78036267,-0.12905078,0.9882614,0.08176279
1356526008791,-0.8706541,-0.08096939,-0.48518604,-0.4732381,-0.131203,0.8711093,-0.13419104,0.98804337,0.07591456
1356526008831,-0.90541273,-0.10726638,-0.4107576,-0.39758086,-0.12500572,0.90901214,-0.14885348,0.98634046,0.07053465
1356526008871,-0.9105264,-0.1308144,-0.39221075,-0.3770934,-0.12623024,0.9175328,-0.16953537,0.9833379,0.06560671
1356526008911,-0.8930657,-0.14986248,-0.42423445,-0.4062755,-0.13653672,0.9034921,-0.19332315,0.97923386,0.061050773
1356526008951,-0.84669745,-0.16021425,-0.5073803,-0.48508495,-0.15938228,0.85981965,-0.21862282,0.9741297,0.05723113
1356526008993,-0.75409424,-0.1536868,-0.63853127,-0.60945195,-0.19858569,0.7675493,-0.24476542,0.9679587,0.056087673
1356526009033,-0.6032134,-0.11800623,-0.78880167,-0.7503762,-0.25121957,0.61141163,-0.27031282,0.96070975,0.06299001
1356526009073,-0.42834902,-0.049027026,-0.9022824,-0.8550456,-0.30096346,0.42227718,-0.292257,0.9523746,0.08699697
1356526009113,-0.29613525,0.04231915,-0.954208,-0.9045255,-0.33333665,0.26593292,-0.3068185,0.9418576,0.13699153
1356526009152,-0.22139663,0.14383009,-0.96451867,-0.923725,-0.34797478,0.16014242,-0.3125949,0.9264051,0.20989996
1356526009191,-0.16901994,0.24389118,-0.95496047,-0.93475324,-0.34688675,0.07685062,-0.31251994,0.90564156,0.28660882
1356526009231,-0.09523511,0.32994726,-0.9391832,-0.9455795,-0.32487893,-0.018250465,-0.3111425,0.8863343,0.34293127
1356526009271,0.013024211,0.39041555,-0.9205466,-0.9506984,-0.28043866,-0.13238841,-0.30984336,0.8768864,0.36751497
1356526009312,0.14577687,0.41930398,-0.8960654,-0.94046617,-0.22236592,-0.25705388,-0.30703813,0.8801918,0.36192542
1356526009351,0.28133053,0.41720665,-0.86417115,-0.91134965,-0.16583312,-0.37675077,-0.30049112,0.89355356,0.3335672
1356526009391,0.40173978,0.39046198,-0.8283384,-0.8691457,-0.122320354,-0.47919044,-0.28842828,0.91245663,0.2902274
1356526009431,0.49816528,0.3474467,-0.7944256,-0.8239713,-0.095608085,-0.5585073,-0.27000508,0.9328128,0.23865747
1356526009471,0.5668191,0.29676867,-0.768534,-0.7861767,-0.08399773,-0.6122668,-0.24625665,0.95124805,0.18570104
1356526009511,0.6072352,0.24586698,-0.75552297,-0.7635269,-0.08243078,-0.64049345,-0.21975449,0.96579224,0.13767117
1356526009551,0.6193924,0.20030987,-0.7590975,-0.76088387,-0.08504316,-0.6432911,-0.19341362,0.97603464,0.099737465
1356526009591,0.60305524,0.16287985,-0.78089345,-0.779616,-0.08691409,-0.6201974,-0.16888824,0.9828104,0.07456973
1356526009632,0.5569302,0.13382435,-0.81970716,-0.8174819,-0.08612403,-0.56947875,-0.1468066,0.9872557,0.061433896
1356526009682,0.47503483,0.11405885,-0.8725437,-0.8704475,-0.08454937,-0.48494598,-0.12908539,0.9898697,0.059118345
1356526009719,0.34172854,0.0982016,-0.934654,-0.9319396,-0.09293857,-0.35050097,-0.12128511,0.9908173,0.059758186
1356526009762,0.1890786,0.08462712,-0.97830856,-0.9738749,-0.111438185,-0.19786155,-0.12576532,0.99016154,0.061345607
1356526009801,0.045243084,0.06996021,-0.99652326,-0.98912525,-0.13660604,-0.05449754,-0.13994381,0.98815197,0.06301895
1356526009841,-0.06514239,0.0543108,-0.9963969,-0.98495984,-0.16363531,0.055475324,-0.16003287,0.9850247,0.06415364
1356526009881,-0.13248193,0.040340215,-0.9903642,-0.97419167,-0.18952632,0.12259859,-0.18275443,0.9810466,0.064407945
1356526009921,-0.1578489,0.031307697,-0.98696685,-0.96561795,-0.21396786,0.14764717,-0.20655668,0.97633886,0.06400588
1356526009993,-0.1486445,0.031022131,-0.988404,-0.96078134,-0.2411465,0.13692173,-0.23410255,0.96999276,0.06565058
1356526010013,-0.10131729,0.049618542,-0.9936161,-0.9604016,-0.26544112,0.084674984,-0.25954512,0.9628495,0.0745475
1356526010051,-0.058980167,0.08729479,-0.99443495,-0.9582089,-0.28428787,0.03187585,-0.27992317,0.95475656,0.10041401
1356526010091,-0.031158626,0.14800331,-0.9884959,-0.95582354,-0.29361534,-0.013833016,-0.2922849,0.9443966,0.15061373
1356526010131,-0.013986707,0.22641799,-0.9739298,-0.95491266,-0.291907,-0.054148555,-0.29655713,0.92926055,0.22029224
1356526010171,0.008520663,0.30627942,-0.9519036,-0.95515656,-0.27927065,-0.098406434,-0.29597858,0.9100554,0.29016525
1356526010211,0.0515365,0.36895898,-0.9280158,-0.9543909,-0.2554403,-0.15455869,-0.2940785,0.8936552,0.33896658
1356526010251,0.117845654,0.403397,-0.90740466,-0.9491643,-0.22283477,-0.22233272,-0.29188967,0.88747704,0.3566299
1356526010291,0.19815212,0.40786505,-0.891281,-0.9368477,-0.18854386,-0.29456338,-0.28818765,0.8933629,0.34474707
1356526010331,0.2787918,0.386913,-0.87896144,-0.9183511,-0.16030097,-0.36184883,-0.28090248,0.9080758,0.3106315
1356526010371,0.3479855,0.34804624,-0.8704998,-0.8983138,-0.1418584,-0.41582257,-0.2682132,0.9266822,0.2632901
1356526010411,0.39830235,0.29938063,-0.86702156,-0.882607,-0.13224736,-0.4511268,-0.24971995,0.94492424,0.21156102
1356526010451,0.42578983,0.2485306,-0.8700205,-0.8758899,-0.12799394,-0.46522516,-0.22698,0.9601303,0.1631869
1356526010491,0.42828354,0.20190442,-0.8807996,-0.88063335,-0.12530956,-0.4569273,-0.2026282,0.9713559,0.12413569
1356526010531,0.4053431,0.1634259,-0.8994381,-0.89659655,-0.12089041,-0.42602804,-0.17835754,0.97912073,0.097525075
1356526010572,0.3579238,0.13410681,-0.92407024,-0.92087895,-0.11305666,-0.37309518,-0.15450692,0.9844966,0.08303052
1356526010611,0.2881874,0.112995744,-0.95088375,-0.94832385,-0.104013056,-0.29977164,-0.1327773,0.9881362,0.07718134
1356526010651,0.20073625,0.098052084,-0.9747261,-0.9725084,-0.09993848,-0.21033284,-0.11803618,0.9901506,0.07529512
1356526010691,0.10391742,0.08602917,-0.9908583,-0.9878814,-0.106553495,-0.11285645,-0.11528841,0.99057823,0.07391393
1356526010731,0.009344399,0.07352775,-0.9972494,-0.9920772,-0.12426698,-0.018458247,-0.12528235,0.9895208,0.07178396
1356526010771,-0.07225394,0.05891624,-0.9956447,-0.9868679,-0.14881724,0.0628109,-0.14446846,0.9871081,0.06889516
1356526010811,-0.13424414,0.043002248,-0.9900148,-0.97652197,-0.1755929,0.12478757,-0.16847345,0.98352325,0.06556502
1356526010851,-0.17425674,0.028009921,-0.98430175,-0.96531427,-0.20222968,0.16514054,-0.19442946,0.9789375,0.06227827
1356526010891,-0.19285285,0.016584367,-0.98108745,-0.95599043,-0.22848457,0.1840572,-0.22111091,0.9734062,0.059918463
1356526010931,-0.19356298,0.012382239,-0.9810097,-0.9493059,-0.25481117,0.18409127,-0.24769282,0.9669115,0.06107655
1356526010994,-0.18409818,0.021871805,-0.98266447,-0.944562,-0.28046036,0.17071748,-0.27186456,0.9596163,0.07229155
1356526011013,-0.17485249,0.053912997,-0.9831175,-0.94128835,-0.30202746,0.15085015,-0.28879565,0.9517735,0.103557914
1356526011053,-0.17353177,0.11393899,-0.978215,-0.9400323,-0.31532735,0.13003013,-0.2936425,0.94211805,0.16182572
1356526011093,-0.17808509,0.19475657,-0.9645494,-0.9413292,-0.31929088,0.10932845,-0.2866794,0.9274283,0.24019098
1356526011133,-0.17781901,0.27462032,-0.94496775,-0.94485617,-0.31600165,0.085963726,-0.27500394,0.9081446,0.31566784
1356526011172,-0.16400802,0.33157945,-0.9290621,-0.9498583,-0.30725008,0.05802253,-0.2662153,0.8919935,0.36534494
1356526011213,-0.13631505,0.35628965,-0.92437863,-0.9553441,-0.29421508,0.027480066,-0.26217532,0.8868456,0.38048524
1356526011251,-0.101655126,0.35142383,-0.9306812,-0.9602492,-0.2791437,-5.194843E-4,-0.25997636,0.8936331,0.36583078
1356526011291,-0.06854731,0.32381973,-0.94363236,-0.964234,-0.26424783,-0.02063623,-0.2560352,0.9084679,0.33035147
1356526011331,-0.044508457,0.2800062,-0.9589659,-0.9677957,-0.2501608,-0.028125614,-0.24777102,0.92683125,0.2821231
1356526011371,-0.037254572,0.22667065,-0.97325873,-0.97142625,-0.2366631,-0.017934084,-0.23439959,0.9447809,0.22901061
1356526011411,-0.052128673,0.17016792,-0.98403525,-0.97485113,-0.22246742,0.013171077,-0.21667454,0.9599745,0.17748538
1356526011451,-0.093375266,0.11662927,-0.9887763,-0.9760804,-0.20656371,0.06781149,-0.19633654,0.9714571,0.13312754
1356526011491,-0.16295016,0.07155177,-0.9840363,-0.9710063,-0.18844396,0.14709026,-0.17491114,0.9794739,0.10018423
1356526011531,-0.2594359,0.038731694,-0.96498334,-0.95359087,-0.16839623,0.24961412,-0.15283155,0.9849582,0.080622196
1356526011571,-0.37570125,0.019047946,-0.9265451,-0.91755056,-0.1480977,0.36900952,-0.13019031,0.9887893,0.07311797
1356526011611,-0.49793738,0.0091533065,-0.86716473,-0.86027336,-0.13146204,0.49259263,-0.109490424,0.99127895,0.07333422
1356526011651,-0.60921186,0.0019434392,-0.7930051,-0.7871523,-0.12277776,0.6044146,-0.096188754,0.99243236,0.07632744
1356526011691,-0.6978967,-0.009622693,-0.7161338,-0.70990807,-0.12293875,0.69348145,-0.09471375,0.9923676,0.07896733
1356526011731,-0.76167846,-0.028389484,-0.64733297,-0.6394143,-0.12874162,0.75800717,-0.10485816,0.99127173,0.07990706
1356526011771,-0.8032488,-0.05297923,-0.59328294,-0.58275926,-0.13614929,0.8011586,-0.12321982,0.98927075,0.078487575
1356526011812,-0.8259329,-0.08011159,-0.5580473,-0.54451454,-0.14312243,0.8264501,-0.14607735,0.98645735,0.07458764
1356526011851,-0.8311328,-0.10649821,-0.54578054,-0.52906656,-0.15071398,0.8350891,-0.17119224,0.9828242,0.068918705
1356526011891,-0.81776595,-0.12866853,-0.56098425,-0.54057646,-0.16288406,0.8253762,-0.19757532,0.97821945,0.06364578
1356526011931,-0.7834526,-0.14053652,-0.6053524,-0.5796951,-0.18577021,0.7933744,-0.22395451,0.972491,0.0640738
1356526011994,-0.7290853,-0.13137099,-0.6716965,-0.63814044,-0.224284,0.736528,-0.24740922,0.96562845,0.079689085
1356526012013,-0.6646115,-0.09039456,-0.741701,-0.6989549,-0.2756601,0.65990424,-0.26410913,0.9569955,0.12002516
1356526012053,-0.6050595,-0.018200785,-0.7959722,-0.74813247,-0.32904524,0.57621795,-0.27239844,0.9441388,0.18547529
1356526012093,-0.5530344,0.06976044,-0.83023274,-0.78653705,-0.37237954,0.49263865,-0.27479497,0.9254549,0.26080787
1356526012133,-0.49405134,0.15436071,-0.85562027,-0.82460296,-0.39511943,0.4048587,-0.2755779,0.905568,0.32249555
1356526012173,-0.4114722,0.2238687,-0.8835007,-0.86851835,-0.39022368,0.3056164,-0.2763449,0.8930893,0.3550002
1356526012212,-0.29738146,0.27409422,-0.914569,-0.91407883,-0.35836875,0.18981981,-0.27572444,0.8924371,0.35711604
1356526012253,-0.15287179,0.30245072,-0.94082606,-0.95006603,-0.30704343,0.055666864,-0.27203798,0.9023568,0.33428648
1356526012291,0.010313511,0.3080032,-0.95132947,-0.96438646,-0.24839568,-0.090875864,-0.26429608,0.91838646,0.29447222
1356526012331,0.17025048,0.29322577,-0.94076216,-0.9526063,-0.19527322,-0.23325855,-0.2521031,0.93588835,0.24608336
1356526012371,0.3087772,0.26385766,-0.91380286,-0.92159194,-0.15459204,-0.35604715,-0.23521242,0.95209265,0.19543459
1356526012411,0.4128721,0.2277486,-0.88185436,-0.8851985,-0.12756333,-0.44738245,-0.21438307,0.965328,0.14893545
1356526012470,0.47833043,0.1918127,-0.856976,-0.8572177,-0.1099596,-0.50307703,-0.19072932,0.97525215,0.11182825
1356526012491,0.50620526,0.1599119,-0.8474575,-0.8464925,-0.0958125,-0.52370816,-0.16494426,0.98247033,0.0868635
1356526012532,0.49763,0.13318598,-0.8571032,-0.8563941,-0.08139598,-0.5098665,-0.1376718,0.987743,0.07355462
1356526012569,0.4481468,0.1117557,-0.88694704,-0.8869475,-0.06844267,-0.45677087,-0.111751765,0.9913759,0.068449095
1356526012612,0.34457675,0.09543508,-0.93389446,-0.9341518,-0.063571066,-0.35116807,-0.092882454,0.9934037,0.06724575
1356526012651,0.17529947,0.08111319,-0.98116803,-0.9807056,-0.073200345,-0.18126836,-0.08652505,0.9940133,0.066716135
1356526012691,-0.027844012,0.06313807,-0.9976163,-0.995179,-0.09563917,0.021723121,-0.09403965,0.99341166,0.06549668
1356526012731,-0.18817633,0.041068524,-0.9812762,-0.9756957,-0.12204224,0.18199849,-0.11228269,0.9916749,0.063035846
1356526012771,-0.25568873,0.022563547,-0.9664959,-0.9570458,-0.14726901,0.24975055,-0.13669959,0.9888391,0.05924934
1356526012811,-0.2258184,0.016661376,-0.974027,-0.9602988,-0.17193198,0.21969458,-0.1638059,0.98496795,0.054825187
1356526012851,-0.114331245,0.029893398,-0.9929928,-0.9747559,-0.19633347,0.10632101,-0.19177943,0.98008144,0.051585823
1356526012891,0.037670493,0.063604265,-0.997264,-0.97491455,-0.21674019,-0.050649643,-0.21936873,0.97415507,0.053844005
1356526012931,0.16944212,0.11345577,-0.9789878,-0.95472765,-0.22755057,-0.19161418,-0.24450895,0.96713424,0.06976268
1356526012997,0.24439418,0.1758003,-0.9536067,-0.93307686,-0.22499901,-0.280612,-0.26389217,0.9583683,0.10904673
1356526013013,0.26823294,0.24910069,-0.9305911,-0.9233694,-0.20893496,-0.32207906,-0.27466318,0.9456717,0.17396876
1356526013053,0.2728216,0.3264102,-0.90499985,-0.92121005,-0.18258482,-0.343562,-0.2773814,0.9274261,0.2508793
1356526013094,0.29696113,0.3930519,-0.8702438,-0.9141263,-0.14641935,-0.37806693,-0.2760204,0.907784,0.3158182
1356526013133,0.36077392,0.43430734,-0.8253602,-0.89156866,-0.09916508,-0.44189543,-0.27376536,0.8952896,0.35143864
1356526013173,0.4543957,0.44341248,-0.77259946,-0.84873503,-0.047869384,-0.5266474,-0.27050588,0.89503855,0.35458803
1356526013212,0.55175036,0.42493844,-0.7176342,-0.7908815,-0.0065324306,-0.6119344,-0.26472238,0.9051987,0.3324717
1356526013253,0.6358908,0.38824654,-0.6670139,-0.72846484,0.016474664,-0.684885,-0.25491542,0.9214083,0.29330003
1356526013292,0.69961417,0.34285468,-0.6268897,-0.672844,0.020861417,-0.7394902,-0.24045989,0.93915683,0.24528265
1356526013331,0.7431189,0.2951327,-0.6005589,-0.63130677,0.011639252,-0.7754459,-0.22186935,0.9553854,0.19496861
1356526013371,0.7669342,0.24992928,-0.5910561,-0.6094121,-0.0049334317,-0.79283834,-0.20106938,0.9682516,0.14852628
1356526013411,0.77157396,0.2101906,-0.6004112,-0.6101873,-0.022298798,-0.79194343,-0.17984745,0.97740614,0.11105043
1356526013451,0.75576824,0.17686641,-0.63050187,-0.6353124,-0.03533469,-0.7714464,-0.1587216,0.9836003,0.08566061
1356526013491,0.715565,0.14937335,-0.68238866,-0.6849253,-0.041938767,-0.7274053,-0.13727346,0.9878911,0.07229965
1356526013531,0.6396254,0.12725282,-0.75808054,-0.75971675,-0.04557018,-0.6486554,-0.11708909,0.9908229,0.06752824
1356526013571,0.50620145,0.109865874,-0.85538864,-0.8562466,-0.054394484,-0.5136956,-0.10296598,0.9924569,0.06653766
1356526013611,0.29364094,0.092582405,-0.95142186,-0.95068985,-0.07564762,-0.30077624,-0.0998193,0.9928273,0.065803856
1356526013651,0.026254356,0.06736779,-0.99738276,-0.99373055,-0.106707335,-0.033365786,-0.10867581,0.99200565,0.06414384
1356526013691,-0.21583968,0.03299308,-0.9758712,-0.96819055,-0.13678366,0.2095165,-0.1265707,0.99005127,0.06146705
1356526013731,-0.3808118,-0.0035047233,-0.924646,-0.91249454,-0.1602059,0.37641445,-0.14945295,0.9870775,0.057810247
1356526013771,-0.47320437,-0.03601423,-0.8802163,-0.86353374,-0.17874807,0.4715493,-0.17431945,0.9832356,0.053484857
1356526013811,-0.513986,-0.061561465,-0.85558665,-0.83422226,-0.19636506,0.5152804,-0.19972873,0.9785964,0.049573004
1356526013851,-0.5223408,-0.0774374,-0.8492135,-0.8226261,-0.21654308,0.5257331,-0.2246027,0.9731971,0.049407244
1356526013891,-0.5175074,-0.0786449,-0.852057,-0.81934834,-0.24152905,0.51993454,-0.24668673,0.9672015,0.060555458
1356526013931,-0.5195592,-0.05853963,-0.85242677,-0.8132572,-0.27209407,0.514371,-0.26205137,0.9604884,0.093761206
1356526013997,-0.5405758,-0.014513016,-0.8411702,-0.7976295,-0.3090933,0.5179273,-0.2675167,0.95092106,0.15551221
1356526014013,-0.5740229,0.044538945,-0.817627,-0.7748703,-0.35234767,0.5248115,-0.26471442,0.93480873,0.23676756
1356526014053,-0.6021104,0.10018632,-0.7921021,-0.7549139,-0.3944332,0.52395356,-0.2599384,0.9134468,0.31312445
1356526014093,-0.6135775,0.1374323,-0.7775828,-0.7462044,-0.4229964,0.51405567,-0.25826687,0.89564866,0.36209366
1356526014133,-0.6089814,0.15164909,-0.77855265,-0.74950457,-0.43125224,0.5022594,-0.25958538,0.88939536,0.37628624
1356526014173,-0.5946643,0.14498302,-0.7907934,-0.76047754,-0.42058015,0.49475864,-0.26086044,0.895596,0.36036044
1356526014212,-0.5780716,0.121884435,-0.8068317,-0.7737322,-0.39593446,0.49454463,-0.25917518,0.91015387,0.32318437
1356526014253,-0.56640315,0.08729991,-0.8194915,-0.7845335,-0.36163014,0.5037172,-0.25237826,0.9282254,0.2733181
1356526014292,-0.5667395,0.046369076,-0.8225912,-0.78839076,-0.3204645,0.525112,-0.23926231,0.946125,0.21817678
1356526014331,-0.58601356,0.004625112,-0.810288,-0.77968454,-0.27550232,0.5623081,-0.22063547,0.9612893,0.1650542
1356526014371,-0.62732476,-0.03232473,-0.7780867,-0.75311244,-0.22911447,0.6167077,-0.19820577,0.9728627,0.119384885
1356526014411,-0.6915075,-0.059901565,-0.7198814,-0.70114946,-0.18411219,0.68883395,-0.17380112,0.98107827,0.08531493
1356526014451,-0.7719581,-0.07452923,-0.63128924,-0.61818385,-0.14333475,0.7728544,-0.1480859,0.98686403,0.06457567
1356526014491,-0.8537072,-0.0756685,-0.51522654,-0.5063528,-0.1104458,0.8552243,-0.12161814,0.9909975,0.05597335
1356526014531,-0.91929615,-0.068798676,-0.38750648,-0.38121647,-0.08906031,0.920186,-0.097819015,0.9936473,0.055645585
1356526014571,-0.9602094,-0.06395002,-0.27186042,-0.26668286,-0.07911122,0.9605319,-0.08293326,0.9948124,0.058909
1356526014611,-0.9805421,-0.06898174,-0.18379004,-0.17851375,-0.076177716,0.98098415,-0.08167069,0.99470526,0.062381208
1356526014651,-0.98844826,-0.0851742,-0.12536055,-0.119047865,-0.075556576,0.9900095,-0.09379509,0.9934971,0.06454402
1356526014691,-0.9897742,-0.109039344,-0.091963485,-0.08409149,-0.0747264,0.9936521,-0.11521928,0.99122465,0.06479305
1356526014731,-0.9874246,-0.13629574,-0.08010061,-0.070540205,-0.07359147,0.9947906,-0.14148045,0.9879311,0.0630517
1356526014771,-0.9822926,-0.1640569,-0.09048043,-0.07917454,-0.07420361,0.9940952,-0.16980214,0.98365605,0.059900463
1356526014811,-0.973332,-0.19051902,-0.12777895,-0.11414002,-0.08096552,0.99015987,-0.19898999,0.97833896,0.05706042
1356526014851,-0.956883,-0.21241736,-0.1981259,-0.1800282,-0.1015954,0.9784009,-0.227958,0.97188336,0.05897373
1356526014891,-0.9274474,-0.22099279,-0.30166766,-0.27448913,-0.14554489,0.95051163,-0.25396243,0.9643541,0.074325144
1356526014931,-0.8841662,-0.2027146,-0.42090002,-0.37921613,-0.21476674,0.900039,-0.27284637,0.95539623,0.1130169
1356526014998,-0.83745193,-0.15176435,-0.52501607,-0.46817476,-0.2963662,0.8324539,-0.28193384,0.94293934,0.17714024
1356526015013,-0.7957176,-0.07961647,-0.600412,-0.5355425,-0.37053245,0.7588807,-0.28289157,0.9254009,0.25220126
1356526015053,-0.75271267,-0.0040194094,-0.65833676,-0.5957935,-0.42128462,0.68377566,-0.28009558,0.9069195,0.3147117
1356526015093,-0.6965854,0.063709825,-0.71463954,-0.66214406,-0.44064528,0.60613275,-0.27628598,0.8954176,0.34913224
1356526015133,-0.6193658,0.11860156,-0.7760925,-0.7367212,-0.42944878,0.52231747,-0.27134433,0.89526945,0.35336226
1356526015173,-0.51924884,0.1576595,-0.8399548,-0.81278336,-0.39485455,0.4283376,-0.2641285,0.9051151,0.3331708
1356526015211,-0.40201795,0.17841613,-0.8980808,-0.8798393,-0.34682894,0.32494992,-0.25350407,0.92080253,0.296409
1356526015251,-0.28244817,0.18006766,-0.94223064,-0.9291711,-0.29551923,0.22205731,-0.23846191,0.9382131,0.25078252
1356526015309,-0.17917514,0.16490164,-0.9698988,-0.9592383,-0.24827087,0.1349949,-0.21853673,0.9545518,0.2026639
1356526015331,-0.111658275,0.13757971,-0.9841769,-0.9745152,-0.20905572,0.08133784,-0.1945574,0.96817744,0.15741634
1356526015372,-0.10160166,0.10332093,-0.9894452,-0.98043156,-0.17897469,0.08198705,-0.16861463,0.97841346,0.1194832
1356526015409,-0.17636931,0.06590304,-0.9821154,-0.97388244,-0.15662682,0.1643807,-0.1429924,0.9854567,0.091805935
1356526015452,-0.36412776,0.027036577,-0.9309564,-0.9237256,-0.13811511,0.3572885,-0.11891931,0.9900471,0.075265944
1356526015491,-0.6407911,-0.010584712,-0.7676423,-0.76146156,-0.118603885,0.6372671,-0.09779066,0.99288523,0.06794047
1356526015532,-0.86344755,-0.03801775,-0.5030041,-0.49765956,-0.09872836,0.8617353,-0.08242199,0.9943879,0.0663268
1356526015571,-0.9603287,-0.05556938,-0.27327794,-0.2681456,-0.0851506,0.9596079,-0.076594606,0.9948173,0.06687188
1356526015611,-0.9881511,-0.0721713,-0.13545759,-0.12981804,-0.07782996,0.9884785,-0.08188245,0.99435097,0.06753862
1356526015651,-0.9936595,-0.09198319,-0.064652584,-0.058004074,-0.07320547,0.9956287,-0.09631402,0.99306595,0.06740594
