1356445636633,-0.34503472,-0.0720579,0.93581986,-0.9055891,-0.23650444,-0.35209948,0.2466971,-0.96895474,0.016347408
1356445636657,0.5769279,0.13329175,-0.8058458,0.77864885,0.2082322,0.5918997,0.24669832,-0.9689544,0.016347528
1356445636697,0.5768313,0.13327992,-0.80591697,0.7787134,0.20826623,0.5918029,0.24672073,-0.9689488,0.016347587
1356445636739,0.57620275,0.13316017,-0.80638623,0.77914286,0.20847866,0.59116244,0.24683356,-0.9689195,0.016375184
1356445636818,0.5740611,0.1326755,-0.807992,0.7806183,0.20918655,0.5889618,0.24716184,-0.9688334,0.016516954
1356445636823,0.5688157,0.13135561,-0.8119079,0.78422344,0.21089146,0.58353955,0.2478756,-0.9686436,0.016946226
1356445636855,0.5572495,0.12822267,-0.8203853,0.7922363,0.21377909,0.5715419,0.24866587,-0.9684304,0.01754561
1356445636898,0.5432503,0.12413743,-0.83034265,0.80163276,0.21724732,0.5569457,0.24952748,-0.9681908,0.018507093
1356445636940,0.5230565,0.118154496,-0.8440684,0.8147254,0.22148973,0.5358777,0.25026885,-0.96797824,0.019588172
1356445636991,0.49769804,0.11087933,-0.8602339,0.83034885,0.22568443,0.5094971,0.25063407,-0.96786994,0.020254225
1356445637039,0.46167427,0.10164693,-0.88120645,0.85096586,0.22970444,0.47232723,0.25042766,-0.96793795,0.019550562
1356445637081,0.42057857,0.092193216,-0.90255976,0.8721247,0.23307356,0.43020388,0.25002477,-0.9680791,0.017621726
1356445637121,0.37906784,0.08421579,-0.9215287,0.89100194,0.235659,0.38804686,0.24984619,-0.96817994,0.014294356
1356445637163,0.3398034,0.07782227,-0.93727124,0.9065946,0.23805569,0.34844774,0.25023976,-0.96812874,0.010338873
1356445637202,0.30456436,0.0731,-0.94968253,0.9187037,0.24066176,0.31315392,0.2514438,-0.9678524,0.006139785
1356445637241,0.2758723,0.0699324,-0.9586469,0.92720884,0.24350186,0.28458846,0.25333425,-0.967376,0.002333492
1356445637282,0.25498867,0.068030566,-0.9645479,0.93254733,0.24639072,0.2639072,0.2556094,-0.96677995,-6.148815E-4
1356445637323,0.24129263,0.06702772,-0.9681349,0.93556046,0.24903557,0.25041565,0.25788483,-0.9661721,-0.0026180148
1356445637362,0.2333211,0.06651902,-0.97012186,0.93703413,0.25123146,0.2425896,0.25986195,-0.96563864,-0.0037130117
1356445637400,0.23044017,0.066167265,-0.97083426,0.9373107,0.25294623,0.23972243,0.26143062,-0.965215,-0.0037303567
1356445637442,0.23217514,0.06582329,-0.9704442,0.93654,0.2542862,0.24131143,0.26265445,-0.9648864,-0.0026072264
1356445637480,0.23784742,0.06554231,-0.9690887,0.934837,0.25536802,0.24671218,0.26364437,-0.96461976,-5.328059E-4
1356445637521,0.24728742,0.06549525,-0.96672606,0.9321475,0.25625315,0.25580326,0.26448056,-0.96438825,0.0023169518
1356445637562,0.26105148,0.06584242,-0.96307683,0.9281707,0.25700575,0.26916054,0.26523852,-0.9641644,0.0059787035
1356445637601,0.27812684,0.066752255,-0.9582221,0.9230051,0.25758845,0.2858492,0.26590794,-0.9639462,0.010029614
1356445637679,0.29671824,0.06807825,-0.9525354,0.917081,0.25784504,0.3041024,0.2663093,-0.9637848,0.014074087
1356445637683,0.31375444,0.06996325,-0.94692314,0.91145957,0.25727856,0.32101294,0.2660822,-0.96380126,0.016953588
1356445637723,0.32538456,0.07265538,-0.94278634,0.9076863,0.25543374,0.33295533,0.26501045,-0.96409273,0.01716587
1356445637763,0.33183473,0.0767422,-0.9402108,0.9057797,0.2525143,0.3402935,0.26353157,-0.964545,0.0142814815
1356445637802,0.32783824,0.08267489,-0.9411094,0.9076582,0.24876876,0.33803937,0.26206592,-0.9650279,0.0065153837
1356445637844,0.31612176,0.09193969,-0.94425327,0.9119551,0.24493498,0.32915756,0.26154333,-0.9651704,-0.0064156055
1356445637882,0.29854912,0.105030656,-0.9485973,0.9174663,0.2422206,0.31557053,0.2629144,-0.96451944,-0.024047345
1356445637924,0.2785458,0.121963054,-0.95264745,0.92263234,0.24152546,0.30069098,0.26676175,-0.96269953,-0.04525113
1356445637962,0.2626205,0.14237404,-0.9543375,0.9255161,0.24251749,0.29086953,0.27285576,-0.95964307,-0.06807941
1356445638005,0.2501605,0.16567302,-0.95392466,0.92643213,0.2453182,0.28555638,0.28132406,-0.9551813,-0.09211588
1356445638043,0.24729942,0.19185284,-0.94975543,0.9240074,0.24833356,0.29075903,0.29163906,-0.9494856,-0.1158607
1356445638086,0.23774727,0.21966827,-0.94616175,0.9217589,0.2561764,0.29109135,0.30632782,-0.94133925,-0.14157593
1356445638123,0.2263492,0.24973354,-0.9414878,0.91812813,0.2680826,0.29184324,0.32527956,-0.9304649,-0.16860712
1356445638167,0.18834822,0.28032047,-0.9412467,0.9164321,0.29440945,0.2710632,0.35309643,-0.913643,-0.2014432
1356445638204,0.14104597,0.31068507,-0.9399898,0.91205966,0.32849854,0.24543026,0.3850368,-0.8919437,-0.23702991
1356445638243,0.072278395,0.33702174,-0.93871826,0.9039618,0.3755747,0.20444229,0.42146033,-0.8633423,-0.27750885
1356445638284,-0.0073236227,0.35782465,-0.93376017,0.88854647,0.4306937,0.1580764,0.45872822,-0.82853156,-0.32109803
1356445638322,-0.07842934,0.37307805,-0.924479,0.8681869,0.4813593,0.12060115,0.49000025,-0.793162,-0.36165422
1356445638363,-0.1249418,0.38539612,-0.9142534,0.8514904,0.5146345,0.10057539,0.50926775,-0.76591194,-0.39246047
1356445638401,-0.13359693,0.3991198,-0.9071137,0.84721535,0.52088845,0.104409784,0.51417696,-0.7545718,-0.4077295
1356445638440,-0.09530032,0.41708893,-0.90385544,0.85683864,0.496552,0.13879356,0.5067005,-0.7612312,-0.40469944
1356445638481,-0.007617034,0.4380317,-0.8989272,0.87082195,0.44478962,0.20935944,0.49153957,-0.7812109,-0.3848356
1356445638522,0.12518448,0.4559244,-0.88117075,0.8722117,0.37271053,0.3167549,0.47283792,-0.80822015,-0.35100496
1356445638561,0.27147156,0.46246225,-0.8440567,0.8480814,0.29969305,0.436969,0.45503962,-0.83445346,-0.31084752
1356445638601,0.4097599,0.455272,-0.79045826,0.7992134,0.23853746,0.55168635,0.4397213,-0.85780376,-0.26611638
1356445638680,0.5183416,0.43723425,-0.7349478,0.7408831,0.19961745,0.6412839,0.4270997,-0.87691456,-0.22046947
1356445638683,0.6016158,0.41238266,-0.6841045,0.68210226,0.18046302,0.70863926,0.41568607,-0.8929578,-0.17271775
1356445638719,0.6568922,0.38364416,-0.64908385,0.6368235,0.17859042,0.75004095,0.40366897,-0.9060479,-0.12699893
1356445638762,0.6998312,0.35278204,-0.6211128,0.5990629,0.18372393,0.77933896,0.38905004,-0.9174913,-0.08276287
1356445638800,0.7297756,0.31946725,-0.604457,0.57379544,0.19451791,0.7955637,0.37173423,-0.92741764,-0.041354418
1356445638842,0.74873203,0.28417924,-0.59886765,0.56147695,0.2083242,0.80084,0.35234076,-0.9358649,-0.0035811067
1356445638880,0.7602477,0.24659114,-0.60101277,0.5594327,0.22179213,0.798651,0.3302402,-0.9433987,0.0306658
1356445638921,0.7682909,0.2064978,-0.60587776,0.56329346,0.23145476,0.79317665,0.3040225,-0.9506773,0.06150572
1356445638962,0.7736954,0.16522981,-0.61163265,0.5711018,0.23607647,0.78620005,0.27429575,-0.9575839,0.08828825
1356445639001,0.7692062,0.12719466,-0.6262135,0.5890931,0.23852706,0.7720584,0.24757057,-0.96277016,0.108547
1356445639042,0.757462,0.09591299,-0.6457956,0.612369,0.23863176,0.75369686,0.22639664,-0.96636194,0.12202035
1356445639082,0.7409208,0.07307458,-0.66760504,0.6372677,0.23723388,0.7332189,0.21195821,-0.9687003,0.12920344
1356445639123,0.7253463,0.059909463,-0.68577224,0.65748966,0.23480123,0.71594393,0.20391196,-0.9701954,0.13092236
1356445639171,0.7083115,0.058975548,-0.7034321,0.67560315,0.23217148,0.6997548,0.2045853,-0.97088534,0.124605656
1356445639200,0.6969895,0.071890146,-0.7134686,0.68452954,0.22966951,0.6918607,0.21359994,-0.9706099,0.11086631
1356445639242,0.6178598,0.09064308,-0.78104615,0.7482611,0.23739421,0.61947507,0.24156699,-0.9671752,0.07885167
1356445639280,0.5673283,0.14828998,-0.8100301,0.77141404,0.24855089,0.5857839,0.28819957,-0.95720035,0.02661699
1356445639323,0.36342415,0.18043903,-0.91398287,0.86389804,0.30195084,0.4031204,0.3487166,-0.93609166,-0.046144694
1356445639361,0.29313028,0.24882022,-0.9231268,0.86829853,0.33484417,0.36597422,0.40016544,-0.9088278,-0.11789733
1356445639408,0.24318218,0.29709876,-0.9233606,0.8704127,0.35326803,0.3429043,0.4280702,-0.88709295,-0.17269003
1356445639439,0.24647272,0.33203378,-0.910497,0.8667548,0.34478116,0.36036402,0.4335752,-0.87799746,-0.20281267
1356445639482,0.3076977,0.35593742,-0.8824005,0.8527592,0.30819917,0.42168126,0.42204726,-0.8822255,-0.20869678
1356445639520,0.3939281,0.3688312,-0.8418933,0.82480764,0.2623456,0.50086653,0.40560225,-0.8917054,-0.20086944
1356445639563,0.48717663,0.36956906,-0.79125077,0.7821621,0.21834722,0.5835641,0.3884347,-0.90318507,-0.18268928
1356445639600,0.5662868,0.36067325,-0.7411034,0.73444694,0.18724123,0.6523254,0.37404147,-0.9137044,-0.15886316
1356445639682,0.6248381,0.34592378,-0.6999386,0.69096994,0.17238572,0.7020283,0.3635077,-0.92229056,-0.13130975
1356445639684,0.66305554,0.32814592,-0.67281324,0.6579313,0.17323774,0.7328814,0.3570487,-0.9286059,-0.101031244
1356445639715,0.68308043,0.30895597,-0.6617758,0.6383768,0.18760273,0.74651206,0.35479033,-0.9323901,-0.06908256
1356445639760,0.6900084,0.28821683,-0.66394234,0.6297776,0.21305001,0.74698716,0.35674715,-0.9335634,-0.0345062
1356445639801,0.6857462,0.26410294,-0.67823434,0.63327587,0.24282506,0.73484534,0.35876706,-0.9334268,-7.336736E-4
1356445639841,0.6816033,0.23665097,-0.6923967,0.6389557,0.26863745,0.7208117,0.3565845,-0.93371844,0.031894684
1356445639882,0.6761527,0.20619638,-0.70731926,0.6493866,0.28668988,0.70434797,0.34801528,-0.9355705,0.059944987
1356445639921,0.6657758,0.17708005,-0.7248347,0.6660182,0.29692551,0.6842916,0.33639622,-0.9383378,0.07974732
1356445639963,0.6515505,0.15373227,-0.7428651,0.6852752,0.3007605,0.6632806,0.32539216,-0.9412277,0.090611726
1356445640001,0.63749427,0.13854322,-0.7578963,0.7017282,0.30171633,0.6454029,0.31808588,-0.94327784,0.095122755
1356445640043,0.62684214,0.13283315,-0.7677398,0.7124485,0.30117437,0.6338069,0.3154141,-0.94427186,0.094152
1356445640081,0.62481505,0.1378932,-0.76849955,0.71344984,0.29900306,0.6337085,0.31716782,-0.9442365,0.08844173
1356445640125,0.6193967,0.15516648,-0.76959157,0.71380234,0.29681504,0.63433987,0.32685462,-0.94224423,0.07308805
1356445640160,0.5992613,0.18895116,-0.7779354,0.72054684,0.2961472,0.6269841,0.34885278,-0.93626606,0.041321367
1356445640201,0.551782,0.2389436,-0.799026,0.74045146,0.300496,0.60119367,0.38375553,-0.92336774,-0.011117876
1356445640240,0.47969687,0.2961533,-0.82594436,0.7688911,0.31162423,0.5582981,0.4227261,-0.90287507,-0.07822448
1356445640281,0.4072959,0.3459053,-0.84525704,0.7939944,0.3232337,0.51487166,0.4513124,-0.8808345,-0.14299512
1356445640320,0.36155605,0.37896526,-0.85185826,0.8101398,0.32452303,0.48821956,0.46146592,-0.866643,-0.18968159
1356445640362,0.35302603,0.39425477,-0.84849036,0.8175374,0.31101948,0.48466423,0.45497823,-0.8647717,-0.21252006
1356445640400,0.37594533,0.39407557,-0.8386713,0.81667155,0.28674936,0.50082177,0.43785012,-0.8732006,-0.21402824
1356445640441,0.4152043,0.3820144,-0.82563335,0.80879474,0.2604798,0.5272583,0.41648108,-0.88668776,-0.2008189
1356445640481,0.46051815,0.36090097,-0.8109707,0.7951952,0.23824856,0.5575861,0.39444596,-0.90165854,-0.17726892
1356445640521,0.4988367,0.3350656,-0.7993078,0.7812711,0.22540915,0.5820705,0.37520313,-0.9148342,-0.14933473
1356445640562,0.52858347,0.30711365,-0.791379,0.76826644,0.22345382,0.5998626,0.36106265,-0.9250673,-0.11783111
1356445640601,0.54202366,0.27959025,-0.79248947,0.7621095,0.23384115,0.60374445,0.3541177,-0.9312076,-0.08633092
1356445640677,0.5425869,0.25393835,-0.80069643,0.7605678,0.25609973,0.5966151,0.3565616,-0.93269944,-0.05418092
1356445640678,0.53352773,0.22758916,-0.8145866,0.762869,0.28638422,0.5796679,0.36521083,-0.93069184,-0.020826787
1356445640718,0.5226956,0.19765949,-0.82928884,0.76713747,0.31526694,0.5586653,0.37187278,-0.92819047,0.013156652
1356445640760,0.5156642,0.16372898,-0.84100133,0.7731514,0.33407658,0.5391009,0.36922532,-0.92821646,0.04568404
1356445640803,0.50801957,0.13013503,-0.85145813,0.7832761,0.34143063,0.51952255,0.35832196,-0.93085444,0.07152179
1356445640841,0.50000566,0.101706326,-0.8600292,0.79526734,0.33922428,0.5024706,0.34284726,-0.9351913,0.088730305
1356445640881,0.49343827,0.08151999,-0.86595213,0.8053795,0.33314416,0.4902845,0.32845485,-0.9393452,0.09873158
1356445640923,0.49384087,0.07039684,-0.8666981,0.8098454,0.32573074,0.4879037,0.31665713,-0.9428382,0.10384858
1356445640971,0.50559354,0.07079497,-0.85986245,0.80553246,0.31822807,0.49984854,0.30901912,-0.94536716,0.10386637
1356445641013,0.5298105,0.086755514,-0.84366715,0.7901072,0.31108302,0.52816474,0.30827174,-0.9464147,0.09626889
1356445641050,0.5376935,0.119072795,-0.83469,0.7795197,0.30705187,0.54595625,0.3213016,-0.94421434,0.0722802
1356445641093,0.5093045,0.1708813,-0.84345037,0.78461933,0.3104159,0.53666985,0.35352725,-0.9351158,0.02401942
1356445641131,0.43686292,0.23599368,-0.8680194,0.80528384,0.32739303,0.49429917,0.40083498,-0.914943,-0.047016025
1356445641173,0.3462645,0.29810256,-0.8895143,0.8250273,0.35459033,0.4399951,0.44657683,-0.88622826,-0.12316072
1356445641211,0.2806859,0.34458637,-0.89581007,0.83394206,0.37447703,0.40534878,0.475138,-0.86082935,-0.18225467
1356445641251,0.26356903,0.3746031,-0.88893414,0.8342958,0.374064,0.40500194,0.48423326,-0.84838,-0.21393812
1356445641291,0.2970397,0.390076,-0.8715551,0.8270154,0.3511492,0.4390214,0.47729757,-0.8511962,-0.2182936
1356445641329,0.35644493,0.39362746,-0.84735143,0.8114137,0.3192027,0.4896094,0.46320057,-0.8620714,-0.20561653
1356445641370,0.42713702,0.3861919,-0.81756335,0.786357,0.28765732,0.5467138,0.4463145,-0.87641835,-0.18081564
1356445641410,0.49116623,0.37008053,-0.7885405,0.757158,0.26617652,0.5965416,0.4306594,-0.8900508,-0.14947253
1356445641450,0.5390485,0.34877485,-0.76667,0.73075503,0.25897327,0.6316091,0.41883636,-0.9007158,-0.11526978
1356445641490,0.566493,0.32530034,-0.7571429,0.713168,0.26681882,0.6482277,0.41288865,-0.9071865,-0.08084282
1356445641532,0.57316285,0.30128726,-0.7620436,0.706977,0.28839186,0.6457659,0.41432822,-0.9088763,-0.047707677
1356445641573,0.56291187,0.2764092,-0.77892756,0.71010554,0.32051486,0.62691337,0.42294252,-0.9060177,-0.015858084
1356445641612,0.5431962,0.24845044,-0.802004,0.7189358,0.3557463,0.59713984,0.43366966,-0.9009534,0.0146200955
1356445641679,0.5236107,0.21670029,-0.8239374,0.72980356,0.384892,0.5650177,0.4395664,-0.8971617,0.04338494
1356445641692,0.5071782,0.18277082,-0.8422382,0.7432463,0.40196687,0.5347967,0.4362971,-0.89722764,0.06802508
1356445641733,0.4923215,0.1511324,-0.8571922,0.7593274,0.40683758,0.50784355,0.4254896,-0.90091187,0.08553591
1356445641771,0.4785167,0.12661526,-0.86890185,0.77478814,0.40475917,0.48566794,0.41318893,-0.9056151,0.095584005
1356445641813,0.4700526,0.1113427,-0.8755874,0.7861024,0.3982895,0.47266108,0.40136462,-0.910477,0.09969026
1356445641863,0.4734559,0.10773289,-0.8742043,0.7890174,0.3892902,0.47529423,0.391524,-0.91479325,0.09930864
1356445641901,0.49536252,0.11885923,-0.86051637,0.7784398,0.37891752,0.50045276,0.38554817,-0.91776574,0.095176786
1356445641940,0.51143706,0.14097056,-0.84767884,0.76712525,0.36962506,0.52430546,0.387235,-0.9184251,0.0808979
1356445641982,0.5074696,0.17878166,-0.8429185,0.7623272,0.36284703,0.5359097,0.40166128,-0.9145376,0.047843724
1356445642021,0.4673992,0.2325319,-0.8529167,0.77217746,0.36237076,0.52194774,0.43044162,-0.90256107,-0.010184079
1356445642061,0.40465444,0.2914226,-0.86679155,0.78944576,0.3670814,0.491962,0.46155185,-0.88335955,-0.08152121
1356445642103,0.34429854,0.34198922,-0.87435794,0.8068616,0.36838573,0.4618076,0.48003423,-0.8644855,-0.14910328
1356445642151,0.32531178,0.3742758,-0.8683835,0.8173038,0.35058516,0.45727965,0.47559106,-0.85849154,-0.1918475
1356445642193,0.34548247,0.38911137,-0.8539521,0.81828916,0.32056004,0.47712058,0.45939595,-0.8636165,-0.20765775
1356445642229,0.39375955,0.38833952,-0.8331542,0.8083204,0.28529394,0.5150005,0.43768895,-0.87624186,-0.20156556
1356445642270,0.45352498,0.3750348,-0.80849487,0.78847325,0.2540619,0.560145,0.41548163,-0.8915163,-0.1804815
1356445642309,0.5085473,0.35410792,-0.7848486,0.7641136,0.23454249,0.60093284,0.39687538,-0.90531623,-0.1513027
1356445642350,0.5508734,0.33025953,-0.766464,0.7404758,0.23025584,0.63140935,0.3850118,-0.9153747,-0.11770734
1356445642390,0.5753635,0.3075635,-0.7578664,0.7228788,0.24225554,0.64711547,0.3826264,-0.9201722,-0.08294618
1356445642431,0.5812078,0.28854513,-0.7608806,0.71343184,0.26907507,0.6470036,0.3914238,-0.9188799,-0.049468756
1356445642472,0.57134455,0.2732457,-0.77388775,0.7102665,0.30782324,0.6330611,0.41120183,-0.91136247,-0.018204123
1356445642511,0.5542888,0.25792354,-0.79135287,0.710451,0.34871137,0.6112771,0.43361652,-0.9010415,0.010044754
1356445642554,0.54103374,0.24020678,-0.80596715,0.70992523,0.3833389,0.5908108,0.45087534,-0.8918251,0.03687045
1356445642598,0.5360616,0.21886934,-0.81531227,0.71090007,0.40380764,0.5758128,0.45525706,-0.8882767,0.06087151
1356445642643,0.53599125,0.19938886,-0.8203398,0.7139992,0.41142565,0.56651026,0.4504646,-0.88936657,0.07815707
1356445642681,0.54243875,0.18503872,-0.81946373,0.71564853,0.4091188,0.5660999,0.4400084,-0.8935225,0.089499235
1356445642719,0.55721074,0.17781305,-0.81110954,0.71140945,0.40156502,0.5767513,0.42826712,-0.898403,0.09725845
1356445642762,0.57962465,0.17747003,-0.7953236,0.700115,0.39096993,0.5974792,0.4169823,-0.9031317,0.10236639
1356445642801,0.60797596,0.18670174,-0.77169144,0.6804321,0.3783152,0.62760633,0.40911782,-0.9066532,0.10296869
1356445642844,0.6244083,0.20718126,-0.75312024,0.6649801,0.36482406,0.65169376,0.40977508,-0.907733,0.09002778
1356445642882,0.6241475,0.24194813,-0.74290043,0.65806764,0.34977093,0.6667888,0.42117327,-0.90505326,0.059090406
1356445642924,0.5875456,0.2932618,-0.7541802,0.6747979,0.336802,0.65666753,0.44658494,-0.89474124,-5.930662E-6
1356445642968,0.5245491,0.35061932,-0.77583146,0.70740104,0.32757372,0.6263221,0.4737426,-0.87736064,-0.07619995
1356445643013,0.471957,0.39251918,-0.78942084,0.73511523,0.3190935,0.59815127,0.4866849,-0.86261696,-0.1379484
1356445643051,0.4505118,0.4119975,-0.7920209,0.75101775,0.30478084,0.5857311,0.4827126,-0.8587006,-0.17211008
1356445643092,0.45848384,0.41103488,-0.7879358,0.7557594,0.28613707,0.5890274,0.46756846,-0.86554945,-0.17945427
1356445643132,0.48450547,0.3944221,-0.7808237,0.7516375,0.26894987,0.6022515,0.44754377,-0.8786906,-0.16615477
1356445643171,0.51016057,0.37013963,-0.7763587,0.745293,0.26027521,0.6138364,0.4292721,-0.8917699,-0.14308032
1356445643211,0.53242195,0.34231925,-0.7741733,0.7372929,0.26175913,0.62280124,0.41584378,-0.90238553,-0.11302322
1356445643251,0.5440905,0.31472847,-0.77776057,0.73211086,0.27472925,0.62332773,0.40985256,-0.9085537,-0.08093858
1356445643295,0.5444903,0.2900698,-0.78701323,0.7279911,0.30260822,0.6151887,0.41660434,-0.90790296,-0.046400994
1356445643357,0.5313589,0.2677473,-0.80372196,0.7256777,0.3456501,0.5949099,0.43709213,-0.89935386,-0.010634005
1356445643381,0.5125221,0.24477637,-0.8230466,0.72347784,0.39316878,0.56744885,0.4624943,-0.886286,0.0244174
1356445643426,0.49990883,0.21889907,-0.83795846,0.71969575,0.43324152,0.54253095,0.48179793,-0.8742911,0.059040517
1356445643465,0.49267426,0.19259655,-0.84863335,0.7207755,0.4561135,0.5219609,0.48760098,-0.86883086,0.08589652
1356445643506,0.49249935,0.17044455,-0.8534595,0.72562104,0.46103692,0.5108024,0.4805398,-0.87085795,0.10338223
1356445643549,0.4979385,0.15591526,-0.8530812,0.7307801,0.4542058,0.50956595,0.46692356,-0.8771473,0.112226784
1356445643588,0.5103287,0.15039223,-0.84672713,0.7312408,0.4423018,0.5192841,0.45260525,-0.8841671,0.11574635
1356445643630,0.530413,0.15369657,-0.8336902,0.72443795,0.4285798,0.53991574,0.44028598,-0.89033514,0.115980685
1356445643686,0.5572641,0.16747144,-0.8132712,0.7087481,0.41433692,0.57096505,0.43258864,-0.89458275,0.11220005
1356445643715,0.5765916,0.19309679,-0.7938864,0.6924629,0.4002109,0.6002719,0.43363258,-0.8958487,0.0970459
1356445643751,0.5782614,0.23423083,-0.78150475,0.6831667,0.38461038,0.62077224,0.44597885,-0.8928666,0.062386632
1356445643793,0.5470984,0.29125607,-0.78476316,0.69282717,0.36856985,0.61979574,0.4697593,-0.88279456,-1.4612079E-4
1356445643841,0.49025536,0.35518578,-0.7959226,0.7177626,0.35351455,0.59987026,0.4944356,-0.8653731,-0.08162665
1356445643883,0.447796,0.40553385,-0.79688203,0.7365504,0.33797514,0.5858893,0.5069243,-0.8493027,-0.14735222
1356445643925,0.43881014,0.43404707,-0.7867965,0.74269617,0.31768802,0.5894716,0.50581425,-0.84301686,-0.18296039
1356445643963,0.4565607,0.44479662,-0.7705247,0.7374124,0.29536024,0.60744166,0.49777037,-0.8455285,-0.19314867
1356445644000,0.49225792,0.44158852,-0.7501211,0.72197545,0.27426067,0.6352421,0.48624432,-0.854272,-0.1838091
1356445644040,0.5319292,0.42934793,-0.72987103,0.70122033,0.25984764,0.66390455,0.47470132,-0.86495066,-0.16284695
1356445644080,0.56569576,0.41262895,-0.71395063,0.68028945,0.25579217,0.68685997,0.4660413,-0.87424695,-0.13600656
1356445644120,0.58841604,0.3945932,-0.70573556,0.66311014,0.26393104,0.7004466,0.46265694,-0.88013446,-0.106357485
1356445644165,0.5978765,0.37676078,-0.7075274,0.6515979,0.28565198,0.70272547,0.466866,-0.8811664,-0.07471192
1356445644201,0.59436584,0.35842946,-0.719901,0.64670205,0.31907755,0.6927957,0.47802263,-0.8773356,-0.042148292
1356445644242,0.5846713,0.33784002,-0.73757946,0.64345664,0.3605968,0.6752284,0.49408793,-0.8693871,-0.0065547824
1356445644281,0.57439804,0.31121677,-0.75710696,0.6436696,0.39969587,0.65263516,0.50572354,-0.8621991,0.029263765
1356445644321,0.5717802,0.279468,-0.7713398,0.64589447,0.42636842,0.63326955,0.50585353,-0.86029506,0.06328219
1356445644362,0.5737798,0.24575259,-0.7812697,0.65334505,0.4378898,0.61757004,0.4938795,-0.86478794,0.09069112
1356445644401,0.574931,0.2157168,-0.7892532,0.6652156,0.43839687,0.6043975,0.47638482,-0.8725104,0.10854977
1356445644440,0.5755104,0.1933005,-0.79462117,0.6771117,0.4322469,0.5955522,0.45859307,-0.8807937,0.11787653
1356445644483,0.57909113,0.18060878,-0.79500556,0.68389857,0.42319092,0.5942997,0.44377482,-0.88785684,0.12154806
1356445644521,0.5882344,0.17882362,-0.7886713,0.6827153,0.41291106,0.60283023,0.43345135,-0.89304346,0.12080288
1356445644561,0.59896004,0.18957055,-0.77801657,0.67553973,0.40208605,0.61803955,0.42999172,-0.89576215,0.112771034
1356445644603,0.5936387,0.21614717,-0.77516025,0.67398906,0.39276582,0.62567854,0.43969506,-0.89387655,0.08748019
1356445644641,0.5638397,0.25839448,-0.78442156,0.6835706,0.38701084,0.6188327,0.4634826,-0.8851299,0.041581184
1356445644682,0.48787597,0.31141734,-0.815473,0.7145473,0.39412287,0.5780046,0.5013972,-0.86468863,-0.030239314
1356445644718,0.39628482,0.3621564,-0.84368306,0.7453246,0.4097097,0.52595556,0.53614324,-0.83724594,-0.1075623
1356445644757,0.32585302,0.40012234,-0.85657567,0.7656464,0.41982707,0.48737133,0.5546219,-0.8146455,-0.16955036
1356445644799,0.3032116,0.42434776,-0.85322434,0.7745974,0.41175827,0.48005623,0.5550329,-0.806464,-0.20384878
1356445644850,0.345202,0.43465647,-0.8318109,0.76851225,0.37783024,0.51636535,0.53872484,-0.8175072,-0.20361108
1356445644889,0.3923118,0.434596,-0.8106897,0.7562582,0.34930438,0.5532268,0.5236076,-0.8301282,-0.19163054
1356445644930,0.43945462,0.42755455,-0.7899853,0.73795694,0.32958668,0.5888906,0.5121515,-0.8417658,-0.1706785
1356445644979,0.48100865,0.41328073,-0.7731945,0.71627724,0.32329714,0.6184058,0.50554675,-0.8512802,-0.14051482
1356445645022,0.5049528,0.39211684,-0.7689389,0.70188326,0.33196834,0.6302039,0.5023769,-0.8579286,-0.1075919
1356445645058,0.52032506,0.36782843,-0.7706906,0.6902595,0.35020477,0.6331654,0.50279576,-0.86142844,-0.07167676
1356445645102,0.5278317,0.34012705,-0.77827203,0.6817233,0.37688944,0.6270628,0.5066036,-0.86154974,-0.03293836
1356445645140,0.5322201,0.3085757,-0.78836715,0.6755944,0.406394,0.6151553,0.5102097,-0.8600145,0.0078190565
1356445645181,0.5396972,0.27301562,-0.79636014,0.6727158,0.4288676,0.60293126,0.50614274,-0.8611243,0.047796696
1356445645232,0.55239487,0.23507859,-0.79974866,0.6753353,0.436208,0.5946804,0.48865342,-0.8685969,0.082202196
1356445645260,0.56170166,0.19887008,-0.80308276,0.68600607,0.430653,0.58645856,0.46247905,-0.8803344,0.105472416
1356445645295,0.56354,0.16949624,-0.80851334,0.70145726,0.41876343,0.57671046,0.4363261,-0.89213693,0.11709559
1356445645338,0.56099695,0.14984438,-0.81414324,0.7165346,0.40461904,0.5682092,0.41456085,-0.90212536,0.119621366
1356445645379,0.5627618,0.14181483,-0.8143635,0.723915,0.39104846,0.5683558,0.3990569,-0.90937877,0.117405206
1356445645421,0.5700691,0.14607415,-0.80850697,0.72272515,0.37886983,0.5780363,0.39075506,-0.913849,0.11041054
1356445645471,0.5664721,0.1677706,-0.8068224,0.72192097,0.37112528,0.58403444,0.397416,-0.9133012,0.08911502
1356445645513,0.5566163,0.20951605,-0.80391634,0.71778864,0.36592463,0.5923502,0.41827965,-0.9067537,0.05329135
1356445645551,0.49254188,0.25946528,-0.83071077,0.7397362,0.37802598,0.5566747,0.458468,-0.8886924,-0.005742222
1356445645591,0.3981244,0.30939323,-0.8635814,0.76665384,0.40472323,0.49843854,0.50372493,-0.8605085,-0.07606733
1356445645633,0.3084109,0.35013154,-0.8844719,0.78453135,0.43219647,0.4446535,0.5379528,-0.8310319,-0.14139503
1356445645690,0.26727498,0.38341928,-0.88405526,0.7890575,0.4395343,0.4291827,0.55312955,-0.81228024,-0.18506336
1356445645714,0.29021862,0.4115771,-0.8639314,0.7833383,0.41639456,0.4615156,0.5496856,-0.81069094,-0.20155865
1356445645748,0.35775048,0.43355328,-0.82707083,0.76406235,0.37329167,0.5261768,0.5368644,-0.82017374,-0.19771647
1356445645793,0.45079547,0.44509792,-0.77373856,0.72596836,0.3215409,0.6079321,0.5193779,-0.83576274,-0.17817783
1356445645831,0.5419496,0.4436006,-0.713799,0.6747288,0.27669087,0.68423915,0.50103056,-0.85244393,-0.14935753
1356445645872,0.61875653,0.43085694,-0.6568886,0.6194153,0.24672431,0.74528635,0.4831822,-0.8680376,-0.1142171
1356445645910,0.67588675,0.41003215,-0.6124139,0.570236,0.23548779,0.78700465,0.46691322,-0.8811465,-0.074652046
1356445645952,0.71127534,0.38453358,-0.5884057,0.5365343,0.24379387,0.8078957,0.45411274,-0.8903361,-0.032910883
1356445645990,0.7274817,0.356542,-0.58621514,0.52098745,0.26891986,0.81009525,0.44647786,-0.89474016,0.009880394
1356445646031,0.7303247,0.32532233,-0.60065895,0.52086645,0.30369282,0.79778993,0.44195467,-0.89550877,0.05234486
1356445646072,0.73086405,0.28991383,-0.61788976,0.52687806,0.33582652,0.78078175,0.4338632,-0.8961978,0.09269428
1356445646122,0.7348137,0.2515307,-0.6299056,0.53538704,0.3550789,0.76634175,0.41642463,-0.9003617,0.12625057
1356445646165,0.74385875,0.21479705,-0.63287944,0.5437114,0.35618287,0.7599418,0.38865405,-0.9093932,0.14816214
1356445646197,0.74801964,0.18697515,-0.6367942,0.55484605,0.35029596,0.75461155,0.36416003,-0.917787,0.15828586
1356445646236,0.75250864,0.17205863,-0.63570946,0.5601358,0.34047082,0.75520027,0.34637922,-0.9243784,0.15983106
1356445646277,0.7626174,0.17190957,-0.62358785,0.5524358,0.32840532,0.7661362,0.33649576,-0.92876107,0.15547861
1356445646315,0.77972066,0.18743153,-0.5974153,0.5287371,0.31395873,0.7885854,0.3353695,-0.93075204,0.14569813
1356445646357,0.7877629,0.21805584,-0.5760914,0.50801533,0.298918,0.80781704,0.34835336,-0.92903155,0.124700785
1356445646398,0.7752102,0.2655895,-0.57315916,0.5048888,0.2848053,0.8148456,0.37965322,-0.92105824,0.08669081
1356445646455,0.67133087,0.33174282,-0.6627682,0.5892053,0.30359244,0.74877816,0.44961318,-0.89318436,0.008346349
1356445646496,0.58828294,0.40734577,-0.69856465,0.62497187,0.319167,0.7124203,0.5131601,-0.8556879,-0.06681913
1356445646537,0.54578304,0.46906263,-0.69433504,0.62741894,0.32046992,0.7096791,0.55539745,-0.8229698,-0.11939174
1356445646576,0.5646228,0.513828,-0.6458962,0.5938116,0.29061753,0.7502861,0.5732267,-0.8071693,-0.14102769
1356445646615,0.6187029,0.5370321,-0.5734138,0.5370321,0.24362534,0.8076158,0.5734138,-0.8076158,-0.1376718
1356445646757,0.68251574,0.53720075,-0.49556807,0.46798247,0.19960749,0.86090034,0.56139535,-0.81949514,-0.11516526
1356445646758,0.73040074,0.5211442,-0.44150135,0.41268322,0.17834666,0.8932441,0.5442493,-0.8346264,-0.084802926
1356445646777,0.76502883,0.49577236,-0.4110239,0.37398148,0.17757916,0.91027653,0.52427924,-0.85010314,-0.04955651
1356445646795,0.78364027,0.46570107,-0.41113317,0.3617027,0.19601497,0.9114545,0.5050536,-0.8629604,-0.014840111
1356445646817,0.79144037,0.4332502,-0.4311802,0.36775434,0.22594956,0.90205526,0.48824057,-0.87249136,0.019495964
1356445646855,0.78496265,0.3969129,-0.47570348,0.3969129,0.2673838,0.8780467,0.47570348,-0.8780467,0.052346453
1356445646896,0.76627225,0.35511237,-0.5354643,0.44160157,0.31427032,0.84037024,0.4667064,-0.8804143,0.08399844
1356445646938,0.74049777,0.30490446,-0.59891266,0.49372637,0.35779917,0.79259956,0.45595762,-0.8826171,0.1144101
1356445646978,0.7120065,0.2470541,-0.6572754,0.54875964,0.3882122,0.7403742,0.43807477,-0.8878375,0.1408363
1356445647043,0.6884732,0.18572196,-0.7010792,0.60173154,0.39336023,0.69511646,0.4048751,-0.9004305,0.15906322
1356445647080,0.64626914,0.12944105,-0.75205135,0.6649238,0.38806105,0.63818884,0.37444964,-0.9124986,0.16472346
1356445647142,0.60015297,0.09175712,-0.79460496,0.7175434,0.37723753,0.5855111,0.35347956,-0.9215598,0.16056052
1356445647182,0.56550866,0.07658714,-0.8211786,0.7494844,0.36781576,0.5504404,0.34419912,-0.9267394,0.15060213
1356445647222,0.5487663,0.08282778,-0.83186245,0.76136315,0.3614123,0.5382446,0.3452269,-0.9287199,0.13526887
1356445647262,0.5240415,0.10768384,-0.8448579,0.7712593,0.36081296,0.52437884,0.3613028,-0.9264007,0.106028765
1356445647303,0.47044045,0.15362588,-0.86895615,0.7881627,0.36969757,0.4920601,0.3968441,-0.91636384,0.052838534
1356445647342,0.37995818,0.2142505,-0.8998492,0.8099833,0.39274248,0.43552306,0.44672003,-0.8943434,-0.024313629
1356445647383,0.2738752,0.27287057,-0.9222441,0.82514215,0.42596468,0.3710723,0.4940981,-0.86260986,-0.10849583
1356445647422,0.19393563,0.31476876,-0.92914456,0.8303888,0.4516284,0.32632217,0.52234405,-0.8348367,-0.17379361
1356445647466,0.16621682,0.3367505,-0.9268069,0.8332459,0.4546512,0.31463245,0.5273266,-0.8245553,-0.20502532
1356445647502,0.17657846,0.34357688,-0.9223746,0.83618176,0.4419942,0.32471702,0.51924944,-0.8286109,-0.2092461
1356445647543,0.2187652,0.33798695,-0.9153724,0.8361616,0.41861027,0.35439986,0.50296676,-0.84292954,-0.19103432
1356445647582,0.26431346,0.32360753,-0.9085244,0.8324646,0.39910352,0.3843425,0.48697138,-0.8579013,-0.16390336
1356445647627,0.30884326,0.30342484,-0.9014151,0.8237474,0.38843793,0.41298452,0.47545362,-0.87008584,-0.12997895
1356445647693,0.33640328,0.2798071,-0.89918905,0.81607556,0.3898805,0.42663097,0.46995062,-0.87732625,-0.097186625
1356445647704,0.35355785,0.25650468,-0.89955664,0.8069768,0.40269843,0.43199834,0.47305962,-0.8786577,-0.064616084
1356445647735,0.35957694,0.23267335,-0.9036413,0.7974326,0.42627418,0.42707324,0.48456746,-0.87415874,-0.03226292
1356445647782,0.36027983,0.20826921,-0.90929776,0.7861248,0.45698032,0.4161452,0.5022014,-0.86475027,9.152293E-4
1356445647820,0.36266345,0.1823299,-0.91390973,0.7745076,0.4864232,0.40438905,0.51827914,-0.8544872,0.035192013
1356445647861,0.37260404,0.15493208,-0.9149658,0.765825,0.5055024,0.3974663,0.52409774,-0.84880114,0.06970137
1356445647900,0.38846287,0.12774327,-0.9125668,0.76344526,0.5099449,0.39636785,0.51599216,-0.85066897,0.100569665
1356445647938,0.40382716,0.10432947,-0.9088668,0.7669033,0.5030513,0.3984956,0.4987815,-0.8579363,0.12313518
1356445647982,0.41639817,0.08758074,-0.9049543,0.77307105,0.48975635,0.40311274,0.47851208,-0.8674493,0.13622746
1356445648023,0.42879963,0.079310834,-0.89991146,0.776902,0.47599018,0.4121366,0.4610359,-0.87586707,0.14248765
1356445648065,0.44310042,0.07957885,-0.892933,0.77669096,0.4633251,0.42670953,0.44767535,-0.8826082,0.14349139
1356445648103,0.46339726,0.090423465,-0.8815251,0.769552,0.4521755,0.45091802,0.4393776,-0.8873336,0.13995138
1356445648142,0.47532117,0.11054078,-0.8728405,0.76258874,0.44300526,0.47138596,0.4387803,-0.8896781,0.12627262
1356445648183,0.46466514,0.14250153,-0.8739448,0.7630225,0.43636993,0.4768417,0.44931394,-0.8884113,0.094034016
1356445648222,0.41647533,0.18462664,-0.890203,0.7773918,0.43537554,0.4539936,0.47139192,-0.88111365,0.03779596
1356445648262,0.33658427,0.22917593,-0.91333973,0.80000997,0.44200522,0.40572828,0.4966841,-0.86724263,-0.03457105
1356445648301,0.2529057,0.26678094,-0.92998207,0.82003796,0.45096603,0.35237396,0.513397,-0.851738,-0.104718626
1356445648344,0.19904101,0.29355517,-0.93499094,0.83320856,0.45156157,0.31914848,0.51589364,-0.8425661,-0.15471339
1356445648383,0.18600419,0.31081605,-0.9320922,0.8404386,0.441093,0.31480142,0.5089847,-0.8419206,-0.17917669
1356445648422,0.21084794,0.32006818,-0.9236339,0.84127,0.42176434,0.3382005,0.49780303,-0.8483344,-0.18033564
1356445648461,0.24977821,0.3216578,-0.9133166,0.83646,0.40348184,0.37086,0.4877967,-0.8565855,-0.16827291
1356445648525,0.29373476,0.3165014,-0.9019683,0.82623076,0.39044175,0.40607643,0.48068982,-0.8645127,-0.14681685
1356445648541,0.33141083,0.30448794,-0.89300275,0.8142512,0.38582867,0.4337409,0.47661495,-0.87087506,-0.120061874
1356445648581,0.36243102,0.28672776,-0.8868094,0.80150557,0.38969883,0.45356756,0.47563905,-0.8751697,-0.088575006
1356445648621,0.3843663,0.2633738,-0.8848145,0.78948134,0.40302244,0.46291685,0.47852027,-0.87647426,-0.053020477
1356445648688,0.39607352,0.23501027,-0.887635,0.77940094,0.42502916,0.46030885,0.48544803,-0.8741397,-0.01482445
1356445648700,0.4029069,0.2022762,-0.8926088,0.77105296,0.4504205,0.45010972,0.49309582,-0.8696009,0.02551186
1356445648738,0.40634495,0.16532457,-0.8986388,0.76884305,0.4695627,0.43404067,0.49372488,-0.8672824,0.06369576
1356445648779,0.41437924,0.12803018,-0.9010539,0.7725907,0.47380638,0.42262405,0.4810338,-0.8712725,0.09742057
1356445648820,0.41857103,0.093113065,-0.90339816,0.78363883,0.46574405,0.4110871,0.4590299,-0.8800071,0.12197992
1356445648860,0.41770738,0.06507054,-0.90624857,0.79823303,0.45014453,0.40024227,0.4339868,-0.89058167,0.13608721
1356445648899,0.4158566,0.04725507,-0.9082017,0.8099936,0.43480897,0.39351183,0.4134897,-0.89928204,0.14254186
1356445648942,0.41943288,0.040755898,-0.906871,0.8150941,0.42286402,0.3959896,0.39962202,-0.90527624,0.14414316
1356445648980,0.4279806,0.04660353,-0.90258557,0.8131503,0.41604453,0.4070547,0.394486,-0.90814924,0.14016333
1356445649020,0.4392623,0.066960216,-0.8958599,0.804628,0.4141687,0.42548567,0.39952773,-0.90773374,0.12805063
1356445649063,0.42089444,0.100948274,-0.9014751,0.8025887,0.42167962,0.42194507,0.4227283,-0.901108,0.09646267
1356445649103,0.376133,0.14720514,-0.9147976,0.80481815,0.43730935,0.4012832,0.45912057,-0.8871816,0.046013057
1356445649152,0.29069045,0.19664982,-0.9363909,0.81365824,0.46413097,0.35006103,0.5034474,-0.8636615,-0.025087297
1356445649179,0.20861822,0.24035925,-0.94800097,0.8172427,0.4896031,0.30397892,0.5372084,-0.8381624,-0.09429169
1356445649221,0.15799761,0.2728379,-0.9489974,0.8195056,0.4999178,0.2801656,0.5508605,-0.8219742,-0.14460641
1356445649264,0.15342045,0.2957954,-0.9428506,0.8233987,0.4892571,0.28747526,0.5463302,-0.8204466,-0.16849554
1356445649301,0.18901628,0.3105078,-0.9315889,0.8265698,0.4618675,0.3216533,0.5301465,-0.83082086,-0.16935587
1356445649340,0.25110394,0.31663093,-0.91470844,0.82389545,0.4261046,0.37367237,0.5080777,-0.8474548,-0.15387428
1356445649381,0.32205582,0.31342876,-0.8933322,0.81301546,0.39190334,0.43060142,0.48506278,-0.8649706,-0.12860769
1356445649420,0.39040738,0.30116355,-0.86999005,0.79496217,0.36634505,0.48355603,0.464346,-0.880393,-0.09638983
1356445649461,0.44368294,0.28103495,-0.8509787,0.77548444,0.35554388,0.5217398,0.44918734,-0.8914078,-0.060189456
1356445649501,0.47696453,0.25551003,-0.84096336,0.7589142,0.3629077,0.5406915,0.44334412,-0.8961097,-0.020816058
1356445649541,0.48590875,0.22545975,-0.84442914,0.7507209,0.38708305,0.5353362,0.447561,-0.8940552,0.018829703
1356445649582,0.48038492,0.19261199,-0.8556465,0.7464798,0.42236683,0.5141734,0.46043265,-0.88572395,0.059117705
1356445649621,0.4666855,0.15554124,-0.8706386,0.74791026,0.45601675,0.4823681,0.47205392,-0.87627375,0.096485496
1356445649689,0.45376837,0.117637396,-0.8833208,0.75370324,0.47817618,0.45086464,0.47542146,-0.8703499,0.12831756
1356445649697,0.43790945,0.0817208,-0.89529717,0.7662486,0.48693416,0.41923535,0.47021103,-0.8696073,0.15061465
1356445649738,0.41734302,0.05221045,-0.90724796,0.782517,0.48696136,0.38798928,0.4620518,-0.8718616,0.16237438
1356445649781,0.39687407,0.032711864,-0.91729,0.79717714,0.48308164,0.3621335,0.45497203,-0.874964,0.16564542
1356445649822,0.3851965,0.025547415,-0.9224809,0.80528533,0.47890443,0.34952262,0.45070964,-0.8774953,0.16389933
1356445649862,0.38604134,0.031564325,-0.9219414,0.8052932,0.47596782,0.35349327,0.4499723,-0.87889606,0.15832469
1356445649902,0.39376926,0.05155635,-0.91776234,0.798724,0.4749738,0.36937758,0.45495683,-0.8784883,0.14585075
1356445649946,0.3858215,0.086149275,-0.9185424,0.7928834,0.4780635,0.3778773,0.4716754,-0.87409014,0.11614087
1356445649981,0.35247427,0.13365906,-0.92622745,0.79098254,0.48637635,0.37119353,0.5001085,-0.8634659,0.06571317
1356445650026,0.26387554,0.18423131,-0.94679904,0.79938185,0.5075383,0.32154837,0.5397761,-0.8417028,-0.013344228
1356445650062,0.16711727,0.23114097,-0.95846,0.8026686,0.53262067,0.26839954,0.5725337,-0.81417996,-0.09651947
1356445650105,0.09612489,0.26828519,-0.9585317,0.8045974,0.5459842,0.23350433,0.58598894,-0.7936777,-0.1633789
1356445650143,0.077542804,0.30067426,-0.9505694,0.80843014,0.5390134,0.2364429,0.5834619,-0.78680336,-0.2012775
1356445650181,0.11416322,0.32864776,-0.9375273,0.8143568,0.50956374,0.27779093,0.5690253,-0.7951952,-0.20946312
1356445650220,0.1907418,0.3510864,-0.91670924,0.81310153,0.4667054,0.3479253,0.549985,-0.8117416,-0.19644862
1356445650261,0.2846605,0.36445707,-0.8866451,0.79800993,0.42240223,0.42983305,0.53117657,-0.829908,-0.17059916
1356445650300,0.37758183,0.3669657,-0.8501577,0.7697448,0.3859524,0.50846213,0.5147086,-0.84639055,-0.13674134
1356445650343,0.45618093,0.35923794,-0.8141542,0.73514414,0.3634203,0.57226634,0.50146,-0.85957766,-0.09830624
1356445650380,0.5164848,0.34359318,-0.7843387,0.7007112,0.35689655,0.6177611,0.4921863,-0.8686591,-0.056427956
1356445650421,0.5576818,0.32209903,-0.76501197,0.6715847,0.36654982,0.6439061,0.4878165,-0.8728651,-0.011898637
1356445650480,0.58380395,0.29613665,-0.7559603,0.6490401,0.38916215,0.6536817,0.48777026,-0.8722705,0.034989834
1356445650500,0.59924895,0.26624072,-0.7549944,0.63542473,0.4154752,0.65085775,0.48696625,-0.86976796,0.07979715
1356445650539,0.6133913,0.23499896,-0.75400704,0.62765,0.4344419,0.6459997,0.4793815,-0.8695031,0.11898577
1356445650575,0.6247848,0.20495264,-0.7534178,0.62778884,0.44186875,0.6408067,0.4642468,-0.8733536,0.1474059
1356445650615,0.6354049,0.18050253,-0.7507858,0.6319452,0.4371832,0.6399345,0.44374073,-0.88107306,0.16372064
1356445650668,0.64727664,0.16545777,-0.7440811,0.63415396,0.42474133,0.6460987,0.422944,-0.89006656,0.16999945
1356445650690,0.6662408,0.16230461,-0.72786015,0.6254529,0.40991712,0.6639101,0.40611798,-0.89756626,0.17158961
1356445650731,0.6888163,0.16807222,-0.70518357,0.60894746,0.39365318,0.68863636,0.39333838,-0.9037637,0.16880757
1356445650771,0.7224164,0.18865895,-0.6652235,0.57352614,0.3739076,0.7288765,0.3862412,-0.90807545,0.16191615
1356445650813,0.74955285,0.22219263,-0.62353903,0.5347986,0.3518283,0.7682494,0.39007804,-0.9093114,0.1448856
1356445650853,0.7595563,0.2706151,-0.5914741,0.5054502,0.32676402,0.7985896,0.40938285,-0.9055345,0.111413226
1356445650892,0.7326794,0.33228174,-0.59394425,0.51207715,0.30568397,0.80270433,0.44828326,-0.8922702,0.05381444
1356445650931,0.67446035,0.40261734,-0.61887205,0.54578584,0.29261172,0.7851728,0.49721336,-0.8673395,-0.022387832
1356445650971,0.6176046,0.46842495,-0.63177735,0.5747357,0.27954835,0.7691109,0.53688306,-0.8381114,-0.09657022
1356445651014,0.60192204,0.51850015,-0.6073282,0.5737526,0.2481763,0.78052324,0.5554259,-0.81827027,-0.148108
