1356445021179,0.48545998,-0.22131702,-0.8457821,0.8099899,-0.25020862,0.5303886,-0.3290059,-0.94255745,0.057798237
1356445021215,0.5334039,-0.13498867,0.83502007,-0.7792551,0.30554798,0.54717636,-0.32900134,-0.9425596,0.057789862
1356445021249,0.533346,-0.13498276,0.83505785,-0.7793025,0.3055246,0.54712176,-0.3289827,-0.94256794,0.057757914
1356445021290,0.5330932,-0.13495526,0.8352238,-0.779511,0.30541965,0.5468834,-0.32889858,-0.9426059,0.057618022
1356445021332,0.5321817,-0.13473704,0.8358401,-0.7802243,0.30522645,0.54597336,-0.3286834,-0.94269973,0.05731076
1356445021370,0.5302316,-0.13403633,0.837191,-0.78172696,0.30501628,0.54393744,-0.32826424,-0.94286764,0.056949466
1356445021409,0.5273424,-0.13252187,0.8392544,-0.7839631,0.30494142,0.5407518,-0.32758483,-0.9431058,0.056916296
1356445021450,0.52390975,-0.13002604,0.8417909,-0.7866597,0.30510968,0.53672594,-0.32662693,-0.9433989,0.057563663
1356445021491,0.5199524,-0.12668341,0.8447489,-0.78976864,0.30548692,0.531924,-0.3254457,-0.9437314,0.05878806
1356445021529,0.5149935,-0.122831374,0.8483479,-0.79350555,0.30603904,0.5260123,-0.32423833,-0.94406176,0.06014076
1356445021572,0.5085216,-0.11879513,0.85281503,-0.7980324,0.30690616,0.51860684,-0.32334217,-0.9442968,0.061266065
1356445021612,0.50035256,-0.114783674,0.8581795,-0.80327773,0.3083341,0.50958323,-0.32309788,-0.9443277,0.062072575
1356445021649,0.49080908,-0.11090663,0.8641795,-0.8088938,0.31052887,0.4992622,-0.32372418,-0.94407177,0.06269872
1356445021690,0.48096183,-0.107293904,0.87015164,-0.8141264,0.3136824,0.48867345,-0.32538298,-0.94344664,0.063518465
1356445021731,0.47245142,-0.10404956,0.8751933,-0.81799173,0.3179486,0.47937268,-0.32814497,-0.9423812,0.06510359
1356445021771,0.46702567,-0.10125363,0.8784274,-0.81960547,0.32327077,0.47301474,-0.33186433,-0.940874,0.06798774
1356445021809,0.4657976,-0.09888086,0.8793493,-0.818509,0.32948452,0.47061986,-0.3362673,-0.93896884,0.07253826
1356445021852,0.46874404,-0.09677324,0.87801707,-0.81492054,0.33617717,0.47211173,-0.34085715,-0.9368137,0.07871851
1356445021891,0.47501367,-0.09471455,0.87486637,-0.80950916,0.34279686,0.4766394,-0.34504613,-0.93462265,0.0861609
1356445021930,0.483429,-0.09255195,0.8704772,-0.80305326,0.34890932,0.48308152,-0.34842777,-0.93257517,0.09434876
1356445021970,0.49289435,-0.09026417,0.8653945,-0.79618335,0.35435253,0.49043489,-0.35092342,-0.93074524,0.10279155
1356445022011,0.5028229,-0.087926865,0.85990584,-0.7892166,0.35906917,0.49820334,-0.35257113,-0.92915994,0.111154824
1356445022050,0.5134924,-0.08560386,0.8538134,-0.7820033,0.36294833,0.5066945,-0.35326514,-0.9278688,0.119428724
1356445022089,0.5257903,-0.083247185,0.8465309,-0.77395505,0.3660646,0.5167111,-0.3528998,-0.92685854,0.12804362
1356445022130,0.5407255,-0.080667734,0.83732224,-0.7641604,0.3690318,0.52903163,-0.3516743,-0.9259094,0.13790184
1356445022170,0.5588519,-0.07764393,0.8256246,-0.7517381,0.37289962,0.5439078,-0.35010624,-0.92461735,0.15002775
1356445022222,0.5804724,-0.07406291,0.81090474,-0.7357887,0.37888026,0.5613064,-0.3488078,-0.9224774,0.16543487
1356445022250,0.60607576,-0.07008523,0.7923133,-0.7150974,0.38816604,0.58134574,-0.3482929,-0.9189207,0.18514025
1356445022288,0.63668823,-0.066293895,0.7682663,-0.68771315,0.40186957,0.60460854,-0.34882465,-0.91329396,0.21027449
1356445022328,0.6727485,-0.06373513,0.7371209,-0.6516454,0.42076916,0.63111925,-0.35038215,-0.90492606,0.24153912
1356445022368,0.7131523,-0.06365156,0.6981133,-0.6058447,0.445027,0.6594719,-0.35265565,-0.8932522,0.27880907
1356445022409,0.755183,-0.067010164,0.65208,-0.551122,0.47368574,0.68693984,-0.35491294,-0.8781409,0.32078862
1356445022448,0.79604757,-0.07398921,0.60069454,-0.48955142,0.5048717,0.71094584,-0.35587603,-0.86001754,0.3656804
1356445022490,0.8337854,-0.084031165,0.5456561,-0.423836,0.5359224,0.7301714,-0.3537865,-0.84007496,0.4112289
1356445022528,0.86695534,-0.096134976,0.48902607,-0.357616,0.5634329,0.7447511,-0.34713,-0.8205495,0.45409176
1356445022568,0.8943971,-0.10924002,0.43372858,-0.2955027,0.5836186,0.7563515,-0.33575588,-0.8046465,0.48970604
1356445022608,0.9154131,-0.12255542,0.38340455,-0.2420104,0.59354764,0.7675494,-0.3216362,-0.79541266,0.51368153
1356445022648,0.9300437,-0.13561264,0.34150833,-0.20038676,0.59184813,0.7807439,-0.3079998,-0.79455966,0.52326965
1356445022688,0.93896466,-0.14831711,0.31039867,-0.1722333,0.5783815,0.7973773,-0.29779354,-0.8021701,0.5175346
1356445022728,0.9432377,-0.16058432,0.29071522,-0.15781443,0.5534875,0.8177691,-0.2922281,-0.8172297,0.4967277
1356445022768,0.9436828,-0.17224473,0.2824793,-0.15700781,0.5183859,0.8406096,-0.29122388,-0.8376203,0.46214807
1356445022808,0.94027233,-0.18318835,0.28693202,-0.17057082,0.47590807,0.86279607,-0.29460743,-0.86020553,0.4162366
1356445022848,0.932056,-0.193514,0.3063069,-0.20003645,0.43003833,0.8803706,-0.30208772,-0.88182724,0.36210996
1356445022890,0.9175984,-0.20359762,0.34141052,-0.245627,0.38487798,0.88968325,-0.3125388,-0.9002316,0.30315435
1356445022930,0.89553267,-0.21416287,0.39007115,-0.30472413,0.3436675,0.8882768,-0.3242907,-0.914345,0.2425049
1356445022969,0.86628276,-0.2259982,0.44550976,-0.37007144,0.30872577,0.87620515,-0.33556113,-0.92391187,0.18380834
1356445023010,0.8335607,-0.23947534,0.49782336,-0.43136308,0.28081256,0.8573624,-0.3451122,-0.92940617,0.1307735
1356445023050,0.8031083,-0.25423828,0.53886926,-0.48016718,0.25932145,0.8379689,-0.35278413,-0.931727,0.08618632
1356445023108,0.7792926,-0.26927292,0.5658579,-0.5136401,0.24282017,0.822929,-0.35899425,-0.93194985,0.050918594
1356445023130,0.76335454,-0.2832222,0.5805816,-0.534125,0.22875899,0.8138673,-0.36331856,-0.93137246,0.023348168
1356445023169,0.75473344,-0.29455698,0.5861857,-0.5456687,0.21414974,0.81017625,-0.3641746,-0.9313303,8.954257E-4
1356445023208,0.75225794,-0.30177376,0.58569676,-0.5514177,0.19818923,0.81034535,-0.36061978,-0.9325523,-0.017313972
1356445023235,0.75184333,-0.30503702,0.5845374,-0.55558014,0.18430844,0.8107781,-0.35505253,-0.93433553,-0.030901447
1356445023276,0.7555885,-0.30371863,0.5803801,-0.5562251,0.17048281,0.81335676,-0.34597644,-0.93738496,-0.040121093
1356445023318,0.75815594,-0.29832298,0.57983005,-0.5592434,0.15980145,0.8134557,-0.33533016,-0.9409925,-0.045680717
1356445023358,0.7584818,-0.29003012,0.5835991,-0.5652719,0.15284356,0.810621,-0.32430393,-0.9447335,-0.04801683
1356445023398,0.7581914,-0.27867705,0.5894785,-0.571789,0.15033293,0.8065093,-0.31337366,-0.94854575,-0.04536335
1356445023438,0.77916193,-0.26745304,0.56689996,-0.5484506,0.14700586,0.82315934,-0.3034941,-0.952291,-0.032143414
1356445023478,0.77999634,-0.24118038,0.57744074,-0.5510172,0.17268777,0.8164307,-0.29662398,-0.95499265,0.0018012971
1356445023519,0.807601,-0.21072014,0.55079734,-0.5109228,0.21642917,0.8319353,-0.29451412,-0.95328665,0.06712669
1356445023558,0.85383797,-0.18505536,0.48653388,-0.42819703,0.2817723,0.85863364,-0.29598653,-0.94146633,0.16134773
1356445023598,0.895861,-0.17281416,0.40935102,-0.32983425,0.3586607,0.8732536,-0.2977287,-0.9173318,0.26431012
1356445023639,0.9219633,-0.17362154,0.3461781,-0.2474286,0.42358327,0.8714105,-0.2979309,-0.8890629,0.3475693
1356445023679,0.934607,-0.1811271,0.30610904,-0.19416168,0.46127567,0.86575174,-0.29801175,-0.86857224,0.39594352
1356445023718,0.9385853,-0.18939516,0.28842184,-0.17086127,0.47110188,0.8653724,-0.29977342,-0.861506,0.409809
1356445023758,0.9364443,-0.1946267,0.29187763,-0.17571737,0.4598862,0.8704183,-0.30363715,-0.8663862,0.3964585
1356445023800,0.9273552,-0.19436936,0.31973878,-0.21018706,0.43635806,0.8748789,-0.30957022,-0.8785285,0.363805
1356445023839,0.90556407,-0.18630221,0.38111046,-0.28109518,0.40932286,0.8680093,-0.3177093,-0.8931664,0.3182994
1356445023880,0.8570949,-0.16786507,0.48704174,-0.3972248,0.3866444,0.8322971,-0.32802555,-0.9068227,0.26471078
1356445023919,0.75778764,-0.13769121,0.63780797,-0.5566237,0.37364805,0.7419954,-0.34048194,-0.91729397,0.20650369
1356445023960,0.59410495,-0.10169336,0.79793346,-0.72167635,0.37074578,0.58457744,-0.35527813,-0.92315006,0.1468722
1356445024000,0.4088915,-0.07690182,0.90933704,-0.8332237,0.37496167,0.40637663,-0.37221766,-0.9238452,0.08924219
1356445024040,0.27097565,-0.0758706,0.9595915,-0.88033855,0.38366866,0.2789306,-0.3893278,-0.9203488,0.037173092
1356445024080,0.19619596,-0.09383875,0.9760642,-0.89408255,0.39162195,0.21736759,-0.40264568,-0.9153287,-0.0070649385
1356445024120,0.1659955,-0.11966726,0.9788388,-0.89788306,0.392079,0.20020011,-0.40773955,-0.9121151,-0.042363882
1356445024164,0.162923,-0.14422262,0.97604096,-0.9010763,0.3812095,0.20673838,-0.40189245,-0.91316986,-0.06784785
1356445024220,0.16488412,-0.15949717,0.97333133,-0.9054036,0.36695787,0.21350941,-0.3912257,-0.91646194,-0.08390373
1356445024240,0.1635431,-0.16441,0.97273993,-0.9117049,0.3515057,0.21269205,-0.37689233,-0.9216361,-0.09240705
1356445024280,0.13533558,-0.1545761,0.97866774,-0.9224286,0.3409081,0.1814034,-0.36167637,-0.9273014,-0.09644836
1356445024319,0.070999846,-0.129751,0.9890014,-0.93519795,0.33619863,0.11124459,-0.34693503,-0.9328104,-0.09747285
1356445024360,-0.025309563,-0.089570045,0.99565893,-0.9424293,0.33434957,0.006121844,-0.33344644,-0.9381832,-0.09287566
1356445024400,-0.12087107,-0.036956906,0.9919801,-0.938936,0.32857454,-0.102166474,-0.3221636,-0.94375473,-0.074415326
1356445024440,-0.15154982,0.019149005,0.9882641,-0.9372903,0.3147024,-0.14983085,-0.31387818,-0.94899726,-0.029744864
1356445024480,-0.041653603,0.06596407,0.9969522,-0.950536,0.3047876,-0.059880823,-0.30780864,-0.9501332,0.050005734
1356445024520,0.22552854,0.08844495,0.97021353,-0.9263345,0.32789826,0.18543741,-0.3017303,-0.9405637,0.15588003
1356445024560,0.4956364,0.08439639,0.86441994,-0.8168318,0.38354653,0.4309036,-0.29517856,-0.9196572,0.2590373
1356445024600,0.63330257,0.07989249,0.76976943,-0.7171303,0.4345239,0.5448973,-0.29095003,-0.89710987,0.33247846
1356445024640,0.6608772,0.09180191,0.7448581,-0.6914295,0.46041206,0.5567279,-0.29183298,-0.88294566,0.3677504
1356445024680,0.61701614,0.11825916,0.77801406,-0.7283627,0.4601431,0.507697,-0.29795802,-0.8799336,0.3700512
1356445024719,0.52190083,0.14852831,0.83997554,-0.79546666,0.44028324,0.41639334,-0.30798095,-0.88548857,0.34793353
1356445024760,0.39701492,0.16890419,0.9021367,-0.85995996,0.4119063,0.30133384,-0.32069924,-0.8954354,0.3087838
1356445024799,0.2702922,0.17002103,0.947647,-0.9025544,0.38740084,0.18792552,-0.33516788,-0.9060978,0.25816473
1356445024840,0.16639212,0.15049997,0.97450674,-0.92169034,0.37495783,0.09946656,-0.3504292,-0.9147439,0.2011044
1356445024880,0.09671858,0.11466193,0.98868495,-0.9255928,0.37559298,0.046987414,-0.3659554,-0.9196643,0.14245713
1356445024920,0.060139745,0.06837675,0.99584526,-0.9224061,0.38511124,0.029262155,-0.38151032,-0.9203336,0.08623165
1356445024960,0.049791455,0.017003536,0.99861497,-0.9170684,0.39682114,0.03896886,-0.39560896,-0.9177385,0.035351634
1356445024999,0.056660652,-0.03434989,0.99780244,-0.9126564,0.40341038,0.06571323,-0.40478116,-0.9143742,-0.008492172
1356445025038,0.0755503,-0.08127302,0.9938243,-0.9110464,0.3995061,0.10192841,-0.40532285,-0.9131208,-0.043860674
1356445025079,0.10300335,-0.11965218,0.9874582,-0.9121524,0.38455978,0.14174595,-0.39669693,-0.91531265,-0.06953007
1356445025115,0.13252984,-0.14637983,0.98031056,-0.91458964,0.36316276,0.17787233,-0.3820492,-0.9201553,-0.0857476
1356445025158,0.15495713,-0.16034281,0.9748223,-0.9181155,0.34095442,0.20202467,-0.36476323,-0.9263046,-0.09437996
1356445025217,0.16013603,-0.16186777,0.9737327,-0.9239038,0.3227017,0.20558551,-0.34750286,-0.932557,-0.097874105
1356445025239,0.14381056,-0.15207726,0.9778502,-0.9325091,0.30995667,0.18534747,-0.3312783,-0.9385092,-0.09723836
1356445025280,0.11087532,-0.13085091,0.9851825,-0.9420297,0.30203432,0.14613461,-0.31668076,-0.94427395,-0.08977723
1356445025320,0.08289975,-0.09716746,0.99180955,-0.9486861,0.2970597,0.10839823,-0.3051594,-0.9499022,-0.06755519
1356445025360,0.105876595,-0.052264124,0.9930049,-0.9484745,0.29460576,0.11663446,-0.29864076,-0.9541886,-0.01837933
1356445025400,0.22105849,-0.001906544,0.9752587,-0.928921,0.3041733,0.2111499,-0.29705024,-0.9526148,0.065469086
1356445025440,0.4041435,0.041560203,0.913751,-0.86522996,0.34143126,0.3671538,-0.2967242,-0.9389875,0.17394632
1356445025480,0.56550664,0.0686295,0.8218833,-0.7705234,0.3993249,0.49682307,-0.2941018,-0.91423714,0.27870148
1356445025520,0.6555944,0.084539205,0.750366,-0.69714606,0.44958586,0.5584441,-0.2901435,-0.88922757,0.35368216
1356445025560,0.6807995,0.09968054,0.72565544,-0.67337596,0.47501838,0.5665002,-0.28823066,-0.8743119,0.39051473
1356445025600,0.6541287,0.11945993,0.74689025,-0.6984739,0.47432962,0.53585976,-0.29025835,-0.8722046,0.39371225
1356445025640,0.580799,0.1429187,0.801403,-0.75818366,0.45337552,0.46862376,-0.2963614,-0.87978685,0.37167865
1356445025680,0.46565497,0.16383874,0.8696679,-0.83029574,0.42093307,0.36527294,-0.3062261,-0.89217275,0.33204418
1356445025720,0.3234451,0.17400014,0.9301114,-0.8907385,0.38769743,0.23722488,-0.31932464,-0.9052152,0.28038746
1356445025760,0.17884228,0.1684936,0.96934277,-0.9252367,0.36385384,0.1074588,-0.334593,-0.91608965,0.22096887
1356445025800,0.05472651,0.14829254,0.98742807,-0.93484163,0.35506162,-0.001511395,-0.35082194,-0.92300624,0.15806133
1356445025840,-0.036792994,0.117990434,0.9923328,-0.92950207,0.36061645,-0.07734147,-0.36697707,-0.9252211,0.096404195
1356445025880,-0.094697624,0.08254871,0.99207765,-0.9194015,0.37490055,-0.118955135,-0.38175005,-0.9233825,0.040393233
1356445025920,-0.12495771,0.045897543,0.99109995,-0.9108574,0.39072648,-0.1329351,-0.3933504,-0.9193619,-0.007018149
1356445025960,-0.13631386,0.011093587,0.99060357,-0.9063653,0.40224683,-0.12922677,-0.39990076,-0.91546404,-0.044776976
1356445026000,-0.13732272,-0.01930675,0.9903381,-0.90607166,0.40642023,-0.11771494,-0.40022072,-0.91348225,-0.073304
1356445026039,-0.13552752,-0.043075055,0.9898368,-0.9087268,0.40347955,-0.10686362,-0.39477578,-0.91397417,-0.093826056
1356445026080,-0.13765797,-0.058728784,0.9887371,-0.9127145,0.39524648,-0.103596926,-0.38471076,-0.9166957,-0.108011425
1356445026120,-0.14986089,-0.0656147,0.9865275,-0.91621345,0.38424298,-0.11362332,-0.37161094,-0.9208974,-0.1177001
1356445026160,-0.17548212,-0.06434679,0.9823774,-0.917765,0.37178275,-0.13958824,-0.35624894,-0.9260869,-0.12429649
1356445026219,-0.21287662,-0.055511594,0.9755009,-0.91625226,0.35810143,-0.17956924,-0.33936006,-0.93203104,-0.12709403
1356445026240,-0.25124782,-0.03870511,0.9671486,-0.9126673,0.34224534,-0.22339794,-0.32235545,-0.9388131,-0.121313274
1356445026280,-0.26870006,-0.011206776,0.9631587,-0.9127542,0.3223902,-0.2508871,-0.30770132,-0.94654053,-0.09685534
1356445026320,-0.23668957,0.031179309,0.97108483,-0.92473954,0.29938096,-0.23500592,-0.29805169,-0.95362407,-0.042027652
1356445026360,-0.1290378,0.08957493,0.98758566,-0.9471562,0.2838061,-0.14949673,-0.29367396,-0.9546886,0.04821974
1356445026400,0.0502581,0.15392295,0.9868039,-0.9552498,0.2957899,0.0025134087,-0.29149982,-0.9427705,0.16190064
1356445026439,0.2351532,0.20193157,0.9507506,-0.92829335,0.3365569,0.15811685,-0.28805283,-0.9197571,0.26659417
1356445026480,0.36256495,0.22432274,0.9045584,-0.8877384,0.37855753,0.26194406,-0.28366736,-0.89798295,0.33639163
1356445026520,0.42281127,0.22743404,0.87721395,-0.8616121,0.40084493,0.31136474,-0.28081176,-0.88746667,0.36544168
1356445026560,0.43189427,0.21885964,0.87496734,-0.8567141,0.4028391,0.32212025,-0.28197184,-0.8887188,0.3614841
1356445026600,0.40575284,0.20229545,0.8913144,-0.8669888,0.3938669,0.30528587,-0.2893013,-0.8966301,0.33520046
1356445026640,0.35537782,0.17929083,0.9173665,-0.8838348,0.3838643,0.26736525,-0.30420813,-0.9058162,0.2948804
1356445026680,0.2896035,0.15102258,0.9451571,-0.8998065,0.37960628,0.21505201,-0.32630986,-0.9127383,0.24582645
1356445026720,0.21730638,0.11903879,0.96881765,-0.9100219,0.38369143,0.1569742,-0.353041,-0.9157568,0.19170654
1356445026760,0.14688066,0.08510676,0.98548615,-0.91309655,0.3947799,0.10199815,-0.3803694,-0.9148255,0.13569623
1356445026800,0.08468756,0.05073163,0.99511516,-0.9109553,0.40859035,0.056695014,-0.4037182,-0.91130686,0.080816805
1356445026840,0.033746004,0.016870677,0.999288,-0.907267,0.41989535,0.023549497,-0.41919905,-0.90741575,0.029475987
1356445026880,-0.005646467,-0.015733033,0.9998603,-0.9052563,0.4248631,0.001573056,-0.42482844,-0.90512085,-0.016641378
1356445026920,-0.03385517,-0.045832247,0.9983753,-0.90658987,0.42185947,-0.01137653,-0.42065266,-0.9055021,-0.05583316
1356445026959,-0.05151671,-0.071457654,0.99611235,-0.91112804,0.411748,-0.017584115,-0.40889072,-0.90849185,-0.08631897
1356445027000,-0.06143725,-0.090574235,0.9939928,-0.91741276,0.39740896,-0.020491421,-0.39316568,-0.9131607,-0.10750961
1356445027039,-0.069220036,-0.10179752,0.992394,-0.9233019,0.38325486,-0.025087416,-0.377786,-0.9180158,-0.120518744
1356445027080,-0.08165118,-0.10497397,0.99111736,-0.9275219,0.37193117,-0.037018955,-0.3647414,-0.92230564,-0.12773424
1356445027119,-0.10505384,-0.1003567,0.9893898,-0.92915606,0.364505,-0.061685383,-0.35444698,-0.92577785,-0.1315397
1356445027160,-0.13826984,-0.08821443,0.9864582,-0.9277866,0.36005265,-0.09784806,-0.3465453,-0.92875206,-0.13162863
1356445027218,-0.17195672,-0.066664666,0.98284614,-0.9242121,0.3562531,-0.13753423,-0.34097326,-0.93200827,-0.12287235
1356445027240,-0.18138865,-0.032886982,0.9828614,-0.92341554,0.3494424,-0.15872529,-0.33823347,-0.9363805,-0.09375328
1356445027280,-0.13481164,0.01568678,0.99074703,-0.93131614,0.33941132,-0.13209885,-0.33834296,-0.94050723,-0.031147182
1356445027319,-0.009679794,0.0752843,0.99711514,-0.9408403,0.33708096,-0.034583807,-0.3387122,-0.9384608,0.06756759
1356445027361,0.21241409,0.11551392,0.9703283,-0.9181204,0.36357218,0.15770349,-0.3345675,-0.9243765,0.18328345
1356445027400,0.35834992,0.16006723,0.91976297,-0.87540257,0.39997596,0.27145845,-0.32443145,-0.9024399,0.2834546
1356445027440,0.45850664,0.1795665,0.87036055,-0.8320328,0.43083805,0.34942812,-0.31223887,-0.8843836,0.3469473
1356445027480,0.50218254,0.18538234,0.84465736,-0.8100456,0.4427654,0.38442793,-0.30271894,-0.877264,0.37251726
1356445027519,0.4967212,0.18551275,0.84785205,-0.8151789,0.43504077,0.38239104,-0.29791182,-0.88109285,0.36732006
1356445027578,0.4516425,0.18120971,0.8736029,-0.8408123,0.41395146,0.34882507,-0.2984187,-0.8920803,0.33932146
1356445027598,0.37953454,0.17047337,0.9093362,-0.8739033,0.3887205,0.29187217,-0.3037212,-0.9054475,0.29651013
1356445027638,0.29116675,0.15152109,0.9445969,-0.90413797,0.36627898,0.21994132,-0.31266022,-0.9180855,0.24364424
1356445027675,0.20078903,0.12455377,0.9716842,-0.92468333,0.35163003,0.14600366,-0.32348803,-0.9278161,0.18577623
1356445027719,0.11723241,0.09164339,0.98886704,-0.9347039,0.34660724,0.07868934,-0.3355371,-0.9335228,0.126293
1356445027758,0.047755837,0.05571437,0.997304,-0.93627405,0.35036087,0.025260538,-0.34800893,-0.9349562,0.0688957
1356445027804,-0.011610657,0.018595725,0.9997596,-0.93301535,0.35940972,-0.017520636,-0.35964912,-0.9329946,0.013177097
1356445027848,-0.0540812,-0.017046869,0.99839103,-0.92928773,0.36671722,-0.044076562,-0.3653758,-0.93017626,-0.035673976
1356445027888,-0.080905676,-0.04692337,0.9956166,-0.9283047,0.3672487,-0.058127403,-0.3629114,-0.9289384,-0.07327169
1356445027928,-0.0972988,-0.06856802,0.99289036,-0.9307023,0.35970682,-0.06636366,-0.352599,-0.9305426,-0.09881544
1356445027970,-0.109140694,-0.08095011,0.99072474,-0.93498135,0.34674865,-0.07466775,-0.3374881,-0.93445843,-0.11353123
1356445028010,-0.12391549,-0.08432889,0.988703,-0.9389919,0.33212882,-0.08935705,-0.32084134,-0.9394568,-0.12033999
1356445028050,-0.14881247,-0.079713106,0.9856474,-0.9407172,0.3186456,-0.11625883,-0.30480486,-0.9445162,-0.122405946
1356445028095,-0.18410072,-0.06769127,0.98057365,-0.9393806,0.30570814,-0.1552631,-0.2892594,-0.949716,-0.119868934
1356445028131,-0.22922146,-0.047083408,0.97223485,-0.9336654,0.29301608,-0.20593786,-0.27518415,-0.9549475,-0.11112571
1356445028170,-0.2531811,-0.016190797,0.9672834,-0.93091047,0.27616417,-0.23903808,-0.26325876,-0.9609741,-0.08499169
1356445028219,-0.23458758,0.03147474,0.9715853,-0.93803275,0.25493005,-0.2347449,-0.25507483,-0.9664471,-0.0302791
1356445028250,-0.14555788,0.098172545,0.9844669,-0.95707524,0.23811424,-0.16525298,-0.25063887,-0.96626276,0.05929911
1356445028290,0.012552351,0.17401809,0.9846624,-0.96878785,0.24593106,-0.031113088,-0.24757335,-0.9535385,0.1716736
1356445028330,0.18416092,0.23576188,0.9542018,-0.95200896,0.2842448,0.11350721,-0.24446627,-0.9293123,0.27679414
1356445028370,0.30551094,0.27079487,0.9128709,-0.9206413,0.32874,0.21059379,-0.2430695,-0.90476525,0.34973857
1356445028410,0.35883778,0.28441638,0.8890122,-0.900485,0.35618603,0.2495161,-0.24568725,-0.89007795,0.38392574
1356445028450,0.3573961,0.28448084,0.8895722,-0.8989682,0.3630359,0.24507394,-0.25322777,-0.8872856,0.3854868
1356445028490,0.3189401,0.27457717,0.9071299,-0.9098247,0.3568272,0.21188039,-0.26551107,-0.89290637,0.36362365
1356445028530,0.2577382,0.25573584,0.9317565,-0.9242753,0.34628728,0.1606246,-0.28157794,-0.9025986,0.3256218
1356445028570,0.18436906,0.22868398,0.95588267,-0.93612874,0.33717063,0.0998947,-0.29945126,-0.9132467,0.27624148
1356445028611,0.106693506,0.19490153,0.9750026,-0.94256884,0.3319807,0.036781907,-0.31651324,-0.9229314,0.21912825
1356445028650,0.030659556,0.15677848,0.9871577,-0.94320905,0.33137923,-0.023334414,-0.3307819,-0.9303807,0.15803486
1356445028690,-0.038894206,0.117403,0.9923224,-0.9390212,0.33524844,-0.076468766,-0.3416522,-0.934786,0.097204685
1356445028730,-0.09846315,0.0799562,0.99192333,-0.9318721,0.34233204,-0.120096594,-0.34916958,-0.9361708,0.040801883
1356445028770,-0.14719224,0.04680544,0.98799986,-0.92406875,0.34972602,-0.15423569,-0.35274833,-0.93568206,-0.008225501
1356445028810,-0.18664765,0.01941657,0.9822351,-0.9175408,0.35388023,-0.1813496,-0.35111478,-0.9350891,-0.048235476
1356445028850,-0.21905643,-9.266734E-4,0.97571176,-0.91308355,0.3526929,-0.20466083,-0.34393698,-0.9357386,-0.07810581
1356445028890,-0.24683747,-0.013115227,0.96896815,-0.9100931,0.3466039,-0.22714812,-0.33286905,-0.9379199,-0.09749091
1356445028930,-0.2732265,-0.017152995,0.9617968,-0.9070604,0.33750546,-0.25165778,-0.32029504,-0.9411673,-0.10777426
1356445028969,-0.30167785,-0.014538646,0.95329905,-0.9023531,0.327172,-0.280566,-0.30781367,-0.94485295,-0.111819506
1356445029010,-0.33289188,-0.0072464645,0.94293714,-0.89546394,0.31580597,-0.31370512,-0.29551187,-0.94879615,-0.11161816
1356445029050,-0.3636595,0.00434348,0.9315219,-0.88748634,0.3022403,-0.34787756,-0.2830545,-0.95322186,-0.10605782
1356445029090,-0.3831287,0.023260802,0.9234021,-0.8832123,0.28348386,-0.3735946,-0.27045968,-0.9586948,-0.08806652
1356445029130,-0.3754002,0.056764483,0.925123,-0.88982147,0.25727993,-0.3768618,-0.25940797,-0.9646683,-0.046072662
1356445029170,-0.3216375,0.11272833,0.9401285,-0.9127523,0.2271874,-0.33951303,-0.25185806,-0.9673046,0.029821038
1356445029219,-0.20952493,0.19124377,0.9589188,-0.94590497,0.20880336,-0.24832445,-0.24771598,-0.9590761,0.13714886
1356445029249,-0.05721265,0.27177745,0.96065795,-0.9678636,0.22092074,-0.12014192,-0.24488115,-0.9366595,0.250404
1356445029290,0.06136948,0.3339663,0.9405851,-0.96807224,0.2493828,-0.025383532,-0.243043,-0.9089965,0.33860803
1356445029330,0.19843972,0.34524432,0.9172939,-0.9492574,0.3006869,0.09218413,-0.24399224,-0.88904095,0.3873939
1356445029370,0.2722716,0.33192858,0.9031564,-0.92937815,0.33385053,0.15747955,-0.24924722,-0.88225114,0.39938527
1356445029410,0.30259454,0.3021637,0.9039544,-0.91721916,0.35016286,0.18998632,-0.2591242,-0.88661313,0.38310778
1356445029450,0.30304313,0.26122352,0.9164754,-0.91299856,0.35520983,0.20064783,-0.27312717,-0.8975457,0.34614062
1356445029490,0.28120288,0.21268997,0.93578196,-0.9148401,0.35390392,0.19447249,-0.28981456,-0.91077715,0.29409617
1356445029529,0.24223897,0.15998411,0.9569354,-0.9204099,0.34984854,0.1745039,-0.30686462,-0.92304444,0.2319979
1356445029570,0.19039813,0.106295764,0.97593534,-0.92726165,0.34593758,0.14322379,-0.32238865,-0.932217,0.16442981
1356445029610,0.13241485,0.05583796,0.9896203,-0.93267345,0.34500155,0.10532883,-0.3355392,-0.9369397,0.09776193
1356445029650,0.074312925,0.0117379725,0.9971659,-0.9351623,0.34809303,0.06559467,-0.3463365,-0.9373865,0.03684473
1356445029690,0.02039504,-0.024180353,0.9994995,-0.9351282,0.3532307,0.027627021,-0.35372192,-0.9352237,-0.015407562
1356445029730,-0.026973873,-0.051025927,0.99833304,-0.9342163,0.3566381,-0.007013321,-0.35568577,-0.93284816,-0.057289183
1356445029770,-0.067447305,-0.068522215,0.99536705,-0.9337143,0.35591388,-0.038768113,-0.3516085,-0.9320032,-0.087985635
1356445029810,-0.102876276,-0.07674435,0.99172914,-0.9334413,0.35191426,-0.069597185,-0.34366247,-0.9328808,-0.10784
1356445029850,-0.13651201,-0.07684812,0.98765314,-0.9324912,0.34651294,-0.10192588,-0.33440182,-0.93489206,-0.11896336
1356445029890,-0.17217577,-0.07054472,0.98253703,-0.92994285,0.3406219,-0.13850316,-0.32490298,-0.93755007,-0.1242494
1356445029930,-0.2119489,-0.0592016,0.975486,-0.9251441,0.33382246,-0.18075138,-0.31493837,-0.9407751,-0.12552333
1356445029969,-0.25262165,-0.042285055,0.9666407,-0.9184202,0.32482922,-0.22581029,-0.30444476,-0.94482696,-0.12089431
1356445030010,-0.28339148,-0.0155623555,0.95887804,-0.9124463,0.31213307,-0.26460293,-0.2951797,-0.949911,-0.10265565
1356445030049,-0.28600955,0.02748844,0.95783246,-0.913288,0.2947042,-0.28116617,-0.29000607,-0.95519304,-0.05918336
1356445030090,-0.23620057,0.09305745,0.96723807,-0.9273754,0.27563334,-0.2529846,-0.29014513,-0.9567479,0.021194458
1356445030128,-0.12562332,0.17534325,0.97645974,-0.94801867,0.26884678,-0.1702412,-0.29236868,-0.94708824,0.13245523
1356445030168,0.023096114,0.25355613,0.96704495,-0.956025,0.28849158,-0.052808672,-0.29237428,-0.92329943,0.24906904
1356445030221,0.1571874,0.3052811,0.93919945,-0.9440827,0.32555264,0.052185774,-0.2898276,-0.8948849,0.33938336
1356445030250,0.23926693,0.32660198,0.9143754,-0.9272078,0.35634476,0.11534351,-0.2881615,-0.87541395,0.38808942
1356445030290,0.2648476,0.32586908,0.90756,-0.9196973,0.3682622,0.13616112,-0.2898494,-0.87074244,0.39723426
1356445030330,0.24704501,0.3108861,0.9177792,-0.9230666,0.3636655,0.12528118,-0.2948164,-0.8781214,0.37681037
1356445030370,0.19891644,0.28570324,0.9374465,-0.93219095,0.35033333,0.091031045,-0.30241093,-0.8919867,0.33601698
1356445030410,0.13183844,0.2526445,0.9585351,-0.9408499,0.33636445,0.04074928,-0.31212208,-0.9072099,0.28204626
1356445030450,0.056558818,0.21430859,0.9751272,-0.94460654,0.32775167,-0.017243028,-0.3232949,-0.9201363,0.2209745
1356445030490,-0.01867637,0.17354855,0.98464817,-0.9418155,0.32752016,-0.07559082,-0.3356108,-0.92876875,0.15733385
1356445030529,-0.0851782,0.13374719,0.9873482,-0.93346274,0.33580756,-0.12601829,-0.3484136,-0.93238676,0.096244514
1356445030570,-0.14005181,0.09712273,0.9853693,-0.9221001,0.3497574,-0.165533,-0.36071727,-0.9317923,0.040572703
1356445030610,-0.1823762,0.0648303,0.9810891,-0.9109818,0.36428356,-0.1934157,-0.36993384,-0.9290288,-0.0073774457
1356445030650,-0.21406737,0.037593216,0.9760953,-0.9026687,0.37427858,-0.21237907,-0.3733156,-0.92655396,-0.046186626
1356445030690,-0.23751765,0.016295046,0.97124654,-0.89810157,0.3773002,-0.22596028,-0.37013358,-0.92594767,-0.074980855
1356445030730,-0.25601324,0.0019277036,0.9666714,-0.8962048,0.37433478,-0.23809731,-0.36231774,-0.92729163,-0.09410709
1356445030770,-0.27416915,-0.005002886,0.9616685,-0.89470744,0.36797613,-0.25316438,-0.3526045,-0.9298217,-0.105363846
1356445030810,-0.29665738,-0.0047136545,0.95497227,-0.8913616,0.3602556,-0.2751189,-0.3427373,-0.9328417,-0.11107403
1356445030850,-0.32573408,0.0022458434,0.94545877,-0.8847823,0.35175157,-0.30566514,-0.33325306,-0.9360907,-0.11259037
1356445030890,-0.35859546,0.015785933,0.93335956,-0.87538296,0.34157512,-0.34209803,-0.32421273,-0.93972194,-0.108668506
1356445030930,-0.38530448,0.037337452,0.92203385,-0.8670138,0.32746294,-0.37557292,-0.31595486,-0.944126,-0.09380084
1356445030969,-0.38763905,0.07018232,0.9191357,-0.8684894,0.30639797,-0.3896749,-0.3089696,-0.9493128,-0.057819188
1356445031010,-0.33734763,0.11914879,0.9338094,-0.89125496,0.2789458,-0.35756642,-0.3030858,-0.9528865,0.012090325
1356445031050,-0.21100688,0.18280011,0.9602397,-0.93140644,0.26045567,-0.2542537,-0.2965775,-0.94802266,0.11530322
1356445031090,-0.010814279,0.24641994,0.96910286,-0.9578123,0.27579746,-0.080817044,-0.28719106,-0.9290926,0.23304147
1356445031130,0.19653243,0.28610468,0.93782675,-0.94100034,0.32377678,0.09842223,-0.2754875,-0.9018385,0.33285722
1356445031170,0.34038866,0.29762146,0.89194,-0.9019489,0.37144494,0.22026503,-0.26575097,-0.8794601,0.39487505
1356445031218,0.40550032,0.29292458,0.8658895,-0.875662,0.39626715,0.2760223,-0.2622698,-0.87015367,0.4171894
1356445031250,0.40625823,0.28054667,0.8696251,-0.8739295,0.39721084,0.28012636,-0.26683605,-0.8737947,0.40654817
1356445031289,0.3609303,0.26221126,0.8949718,-0.8899222,0.38379976,0.2464472,-0.27886873,-0.88540554,0.37187257
1356445031330,0.28352395,0.23706537,0.9292009,-0.91192883,0.3663924,0.18477678,-0.29664794,-0.8997537,0.3200678
1356445031369,0.1904268,0.2050511,0.9600477,-0.9290725,0.35354355,0.1087715,-0.31711495,-0.912667,0.2578315
1356445031410,0.09442216,0.1678429,0.98128146,-0.9365437,0.34923184,0.03038317,-0.33759516,-0.92188174,0.19016737
1356445031450,0.010320276,0.12817979,0.99169725,-0.9345089,0.3541099,-0.036044598,-0.35578996,-0.92637795,0.12343973
1356445031490,-0.05346471,0.08884084,0.99460995,-0.9273257,0.36505902,-0.082455784,-0.3704168,-0.9267359,0.06286663
1356445031529,-0.09500834,0.051399678,0.9941486,-0.9198866,0.3771884,-0.107412785,-0.38050234,-0.9247091,0.01144582
1356445031570,-0.117589295,0.016784579,0.9929204,-0.9155594,0.38540775,-0.1149427,-0.38460842,-0.9225937,-0.029952526
1356445031610,-0.12459034,-0.014103293,0.99210805,-0.91583097,0.38634074,-0.1095193,-0.3817472,-0.9222483,-0.061050594
1356445031650,-0.121206224,-0.03959492,0.9918373,-0.91999006,0.37968016,-0.09726912,-0.3727296,-0.9242701,-0.082446516
1356445031690,-0.113170505,-0.058141768,0.991873,-0.9260997,0.36778444,-0.0841071,-0.35990527,-0.9280917,-0.09546739
1356445031729,-0.107477725,-0.068796635,0.9918244,-0.93225145,0.35363263,-0.076492876,-0.345479,-0.93285096,-0.10214341
1356445031770,-0.11039713,-0.07143128,0.9913174,-0.9373505,0.33908924,-0.07995343,-0.33043388,-0.93803847,-0.10439062
1356445031810,-0.1257582,-0.06600103,0.98986304,-0.9405761,0.32519093,-0.097813696,-0.31543872,-0.9433423,-0.102974474
1356445031850,-0.14892256,-0.052127898,0.98747396,-0.94193,0.31143075,-0.12561378,-0.30098176,-0.948838,-0.095479906
1356445031890,-0.1631538,-0.027718157,0.9862112,-0.9436399,0.29614636,-0.14778763,-0.28796646,-0.95474035,-0.07447338
1356445031930,-0.13680086,0.010672778,0.9905411,-0.95105445,0.27829233,-0.13434604,-0.2770939,-0.9604372,-0.027920246
1356445031970,-0.031374305,0.06453958,0.99742186,-0.9631574,0.26472357,-0.047425807,-0.2671019,-0.9621622,0.053856254
1356445032028,0.16418609,0.12467253,0.9785192,-0.95289814,0.27648684,0.124660105,-0.255006,-0.9528965,0.16419554
1356445032048,0.38736305,0.16914532,0.9062779,-0.89006007,0.32483515,0.3198049,-0.2402974,-0.93052244,0.27637866
1356445032088,0.54950345,0.18794867,0.814077,-0.8040699,0.38366827,0.4541698,-0.22697496,-0.9041427,0.36195084
1356445032125,0.6284195,0.19236794,0.75371313,-0.74625015,0.4225592,0.5143487,-0.21954426,-0.88568527,0.40909904
1356445032260,0.6420059,0.19431129,0.74166805,-0.7345418,0.4331066,0.52236664,-0.21971959,-0.88014865,0.4207868
1356445032275,0.60736746,0.19766259,0.7694377,-0.76138574,0.42123747,0.49279892,-0.22670802,-0.8851489,0.4063434
1356445032276,0.5360756,0.20070454,0.8199638,-0.80968904,0.39702076,0.4321785,-0.23880252,-0.895596,0.3753414
1356445032287,0.41801137,0.20042282,0.88605714,-0.87135977,0.36428416,0.32867795,-0.256902,-0.9094656,0.32691532
1356445032315,0.29795766,0.1909416,0.9352874,-0.9140886,0.3394059,0.22191358,-0.27506953,-0.9210564,0.27566612
1356445032359,0.15302542,0.17474622,0.97264946,-0.94298595,0.32019845,0.09083161,-0.29556838,-0.9310943,0.21378171
1356445032398,0.019208431,0.14825436,0.98876274,-0.9484992,0.31546086,-0.028873712,-0.31619665,-0.937286,0.14667863
1356445032438,-0.0906935,0.11571741,0.989133,-0.9377458,0.3244559,-0.123939544,-0.33527198,-0.9387959,0.079087555
1356445032478,-0.17107534,0.08093062,0.98192847,-0.9210777,0.34068143,-0.18855268,-0.3497844,-0.9366891,0.01626122
1356445032518,-0.22493565,0.04719764,0.97322977,-0.90699995,0.35481912,-0.22683573,-0.35602662,-0.9337429,-0.03700322
1356445032558,-0.25814754,0.01750487,0.9659469,-0.89949685,0.36046547,-0.24692121,-0.3525128,-0.93260837,-0.0773077
1356445032598,-0.278215,-0.005227953,0.96050465,-0.89782643,0.35676724,-0.25811803,-0.3413271,-0.9341787,-0.10395181
1356445032638,-0.29548284,-0.018523544,0.9551684,-0.89792275,0.34679618,-0.27104843,-0.32622796,-0.9377576,-0.11910498
1356445032678,-0.3221572,-0.020761639,0.94645846,-0.89443135,0.33423722,-0.29711628,-0.310173,-0.94226027,-0.12624675
1356445032718,-0.36725646,-0.011277109,0.9300513,-0.8822206,0.32097048,-0.34447736,-0.2946343,-0.947022,-0.1278274
1356445032758,-0.43032157,0.009777963,0.9026227,-0.85805184,0.30607677,-0.41238824,-0.28030416,-0.9519566,-0.123321414
1356445032798,-0.49630165,0.04158184,0.86715376,-0.82571507,0.28585774,-0.48629227,-0.26810357,-0.95736957,-0.10753697
1356445032838,-0.53757906,0.08369526,0.8390494,-0.8022944,0.2554446,-0.5395107,-0.2594852,-0.96319425,-0.07017344
1356445032878,-0.520948,0.13750473,0.84244037,-0.8145982,0.21479183,-0.53878975,-0.25503543,-0.9669317,1.1575222E-4
1356445032918,-0.41155177,0.20413306,0.8882313,-0.8756585,0.18163836,-0.44747034,-0.2526803,-0.96194446,0.10399729
1356445032958,-0.19965452,0.27260074,0.9411838,-0.9477167,0.19030356,-0.25615916,-0.24893978,-0.94311893,0.2203533
1356445032998,0.026277006,0.32054886,0.94686747,-0.9696256,0.23858958,-0.0538626,-0.24317828,-0.91669154,0.31708184
1356445033038,0.14512977,0.34963474,0.9255771,-0.96026444,0.2751697,0.046623975,-0.23838943,-0.8955653,0.37567708
1356445033078,0.13408652,0.37383923,0.91775,-0.9620081,0.2713659,0.03001371,-0.23782578,-0.88690746,0.3960229
1356445033118,0.03325963,0.39009726,0.9201727,-0.96944034,0.23649865,-0.065220654,-0.24306199,-0.8898834,0.38604194
1356445033158,-0.10188472,0.38849127,0.9158025,-0.9617467,0.19685477,-0.19050363,-0.25428906,-0.9001794,0.3535736
1356445033200,-0.22654885,0.36770695,0.9019242,-0.93562895,0.1751942,-0.30644011,-0.27069205,-0.91329,0.30434716
1356445033240,-0.32205003,0.33347392,0.88604677,-0.90100455,0.17936432,-0.39499262,-0.2906449,-0.9255396,0.2426973
1356445033301,-0.38470936,0.2918457,0.8756853,-0.86882746,0.20584029,-0.45029837,-0.31166893,-0.9340535,0.17437488
1356445033320,-0.41917503,0.24666286,0.8737562,-0.8451451,0.24558938,-0.47477955,-0.3316957,-0.93746644,0.10552096
1356445033360,-0.42922544,0.1996502,0.88085496,-0.833081,0.28924084,-0.4715038,-0.3489151,-0.93620485,0.042175174
1356445033400,-0.41952074,0.15127489,0.8950521,-0.8329649,0.32774967,-0.44581354,-0.36079344,-0.932575,-0.01149112
1356445033440,-0.39799458,0.10245448,0.9116487,-0.84209657,0.35346293,-0.40735397,-0.36396927,-0.9298209,-0.05439979
1356445033480,-0.36838883,0.055381805,0.9280208,-0.8586192,0.3624751,-0.36247057,-0.35645872,-0.93034655,-0.08597994
1356445033520,-0.33241662,0.013974458,0.94302917,-0.87952244,0.3563967,-0.3153119,-0.34049883,-0.9342302,-0.10618138
1356445033558,-0.29486534,-0.018314391,0.9553633,-0.90011907,0.34087065,-0.2712801,-0.32068697,-0.9399318,-0.11699605
1356445033599,-0.26399526,-0.040172726,0.963687,-0.9165356,0.3216767,-0.23766893,-0.30044788,-0.94599694,-0.12174088
1356445033636,-0.24726832,-0.051938117,0.9675541,-0.9269827,0.30336797,-0.22061509,-0.28206658,-0.95145696,-0.12315905
1356445033679,-0.24322543,-0.054372936,0.9684446,-0.93274236,0.28706422,-0.21814165,-0.26614484,-0.9563669,-0.12053728
1356445033718,-0.23994508,-0.045912027,0.96970016,-0.9371321,0.27168408,-0.21902305,-0.25339633,-0.96129066,-0.108214915
1356445033758,-0.21098354,-0.022334993,0.97723436,-0.9463687,0.25492474,-0.1984933,-0.24468791,-0.9667029,-0.074922085
1356445033798,-0.122687966,0.021136552,0.9922202,-0.9630474,0.23900041,-0.12417197,-0.23976558,-0.97078943,-0.008966923
1356445033838,0.044517815,0.08183172,0.99565136,-0.97066665,0.23925489,0.023736566,-0.23627207,-0.96750224,0.09008241
1356445033880,0.25442037,0.14084858,0.9567821,-0.9389395,0.2729558,0.20949379,-0.23165229,-0.95166004,0.20169386
1356445033920,0.4275295,0.1767337,0.8865572,-0.8751643,0.3266433,0.3569196,-0.22650817,-0.92847687,0.29432067
1356445033960,0.5268229,0.18783894,0.8289597,-0.81998694,0.36908978,0.43748632,-0.22378364,-0.91021395,0.3484704
1356445034000,0.565055,0.1832594,0.8044431,-0.79376626,0.38670713,0.46945998,-0.22505093,-0.9038105,0.36397594
1356445034040,0.5628356,0.1692476,0.8090558,-0.7939677,0.38288683,0.47224247,-0.22985089,-0.908159,0.34987944
1356445034080,0.53136647,0.14788958,0.83413327,-0.81310785,0.36532784,0.45320106,-0.23770842,-0.9190562,0.3143731
1356445034120,0.47790417,0.11960065,0.87023175,-0.84251577,0.34272376,0.41558105,-0.24854532,-0.93179184,0.2645546
1356445034160,0.40790766,0.0848304,0.9090737,-0.8744322,0.32271254,0.36224976,-0.26263973,-0.94268787,0.20581537
1356445034198,0.32819334,0.04483503,0.94354606,-0.90196854,0.31160352,0.2989248,-0.28061,-0.9491539,0.14270595
1356445034238,0.25134134,0.0029538572,0.9678941,-0.91963863,0.3125525,0.23785657,-0.30181515,-0.9498959,0.081273824
1356445034301,0.18706894,-0.036996007,0.9816499,-0.9274105,0.3228417,0.1888999,-0.32390603,-0.94572973,0.026083171
1356445034320,0.13992852,-0.0720717,0.9875351,-0.9293592,0.33455032,0.15610117,-0.3416307,-0.9396178,-0.02016735
1356445034360,0.10781424,-0.100551605,0.989073,-0.9307232,0.33950943,0.13596916,-0.3494715,-0.9352126,-0.056981802
1356445034400,0.08656448,-0.121011436,0.9888694,-0.9344992,0.33415085,0.12269616,-0.34527922,-0.93471885,-0.08415949
1356445034440,0.07111025,-0.1324687,0.9886331,-0.9408119,0.32037646,0.110598356,-0.33138555,-0.93798244,-0.10184604
1356445034480,0.05539435,-0.13512754,0.98927855,-0.9482957,0.3029976,0.094486594,-0.3125168,-0.9433626,-0.11135656
1356445034520,0.033335775,-0.1305258,0.9908843,-0.95560884,0.2862377,0.06985411,-0.29274622,-0.9492265,-0.11518967
1356445034560,0.0014808774,-0.12040079,0.9927243,-0.96169305,0.27195925,0.034418672,-0.27412462,-0.95474696,-0.11538589
1356445034600,-0.038107425,-0.104934275,0.9937488,-0.9655574,0.2600141,-0.00957036,-0.25738442,-0.95988613,-0.111228526
1356445034640,-0.074156255,-0.08131987,0.9939256,-0.9670846,0.2491332,-0.05177036,-0.24340987,-0.96504915,-0.09711796
1356445034680,-0.08339739,-0.04358372,0.9955628,-0.96858454,0.23842281,-0.07069978,-0.23428354,-0.9701829,-0.062098324
1356445034720,-0.035127163,0.01364392,0.99928963,-0.9720039,0.23197955,-0.037335366,-0.23232412,-0.9726249,0.0051131845
1356445034761,0.08540854,0.084887266,0.9927233,-0.9677329,0.2441341,0.062382728,-0.23706204,-0.96601903,0.10299939
1356445034800,0.24552712,0.14785382,0.95804787,-0.93808043,0.28538582,0.19636685,-0.24437973,-0.9469394,0.20876873
1356445034840,0.38440478,0.18249297,0.90494716,-0.8885149,0.3391831,0.30902442,-0.250548,-0.9228494,0.29253134
1356445034880,0.47253883,0.18965292,0.8606618,-0.84354997,0.38012302,0.3793809,-0.25520664,-0.90528345,0.33960465
1356445034920,0.5144474,0.17979556,0.8384614,-0.8173046,0.39873147,0.41596448,-0.25953245,-0.8992702,0.3520741
1356445034960,0.52207345,0.1608541,0.83759487,-0.81081206,0.39829212,0.4288906,-0.2646186,-0.90304446,0.33836022
1356445034999,0.5038621,0.13671872,0.8528957,-0.8200381,0.3859555,0.4225824,-0.2714048,-0.91233015,0.3065829
1356445035040,0.46160907,0.10861164,0.88040936,-0.8414622,0.3677923,0.395816,-0.28081763,-0.92354345,0.26116884
