1356445526261,-0.037326604,-0.18935673,-0.9811986,0.26665986,0.9443916,-0.19239777,0.9630676,-0.26882783,0.015242875
1356445526285,0.08143687,0.23686697,-0.96812296,0.25664368,0.9336104,0.25001132,0.9630691,-0.2688228,0.015239894
1356445526315,0.08139813,0.23681839,-0.96813816,0.25664377,0.9336257,0.24995406,0.96307236,-0.26881242,0.015217423
1356445526357,0.081195325,0.23652148,-0.96822774,0.25665766,0.933713,0.24961337,0.9630858,-0.2687705,0.015108049
1356445526399,0.08059806,0.23502237,-0.9686426,0.2568378,0.93409073,0.2480098,0.9630879,-0.26877314,0.0149232745
1356445526438,0.079357415,0.23081395,-0.96975625,0.2574345,0.93507934,0.24362688,0.96303153,-0.26898232,0.014786005
1356445526478,0.07736102,0.22309783,-0.9717214,0.25869608,0.93676925,0.23566853,0.96285594,-0.26961207,0.014754891
1356445526520,0.07414311,0.21065915,-0.9747438,0.26083001,0.9393132,0.22284177,0.9625333,-0.27076462,0.014697373
1356445526558,0.06954056,0.19382907,-0.9785675,0.26379398,0.9424515,0.20542155,0.96206903,-0.27242532,0.014407694
1356445526599,0.06375858,0.17375611,-0.9827226,0.26731485,0.9457686,0.18456551,0.9614976,-0.27446398,0.013853252
1356445526640,0.057381332,0.15199834,-0.98671365,0.2709334,0.9488809,0.16192624,0.96088624,-0.27662522,0.013266623
1356445526679,0.05109757,0.12998423,-0.9901986,0.274196,0.9515662,0.13906239,0.96031547,-0.27861422,0.012981594
1356445526718,0.04519576,0.10843058,-0.99307615,0.276788,0.95381343,0.11674051,0.95986766,-0.28014773,0.0130960345
1356445526762,0.039803386,0.0885315,-0.9952778,0.27859628,0.955584,0.09614238,0.9595832,-0.2811075,0.013370931
1356445526801,0.034316927,0.07039805,-0.99692845,0.2797693,0.9569578,0.07720592,0.9594537,-0.28155947,0.013144612
1356445526840,0.028404772,0.054609664,-0.9981037,0.28066796,0.9579027,0.060397595,0.9593845,-0.2818513,0.011881828
1356445526880,0.0219948,0.041797988,-0.99888396,0.28169286,0.95838654,0.046306074,0.9592525,-0.28239697,0.009305298
1356445526920,0.015578091,0.03261897,-0.99934644,0.2830316,0.9584461,0.035695933,0.9589841,-0.2834027,0.0056985617
1356445526960,0.009181557,0.02669625,-0.9996015,0.28445148,0.95827544,0.028205335,0.95864654,-0.2845971,0.0012046695
1356445527000,0.0022976995,0.022776857,-0.999738,0.28530318,0.9581735,0.022485629,0.9584346,-0.2852801,-0.00429672
1356445527040,-0.0064765513,0.018462613,-0.99980855,0.28488988,0.9584291,0.015853062,0.9585384,-0.28473264,-0.011467159
1356445527080,-0.018096628,0.011921763,-0.9997651,0.28280088,0.9591578,0.006318569,0.9590078,-0.28262013,-0.020729005
1356445527120,-0.03273958,0.002202779,-0.99946153,0.27900398,0.96026427,-0.0070230216,0.9597317,-0.27908367,-0.032053232
1356445527160,-0.049422294,-0.010205954,-0.99872583,0.27372664,0.96152353,-0.02337125,0.9605369,-0.27453294,-0.044727027
1356445527200,-0.06643608,-0.023670971,-0.99750984,0.26722997,0.96277523,-0.040644765,0.96133983,-0.26926482,-0.057637393
1356445527240,-0.08198291,-0.03617084,-0.99597716,0.259916,0.9639825,-0.05640363,0.96214473,-0.26349452,-0.069628716
1356445527303,-0.09449527,-0.04590617,-0.9944663,0.25253034,0.96515775,-0.068548955,0.9629637,-0.25761047,-0.07961011
1356445527313,-0.1029419,-0.0517018,-0.9933429,0.24628963,0.9662266,-0.07581385,0.9637139,-0.25245443,-0.08673155
1356445527345,-0.1056166,-0.052448086,-0.99302286,0.2416721,0.9673145,-0.07679419,0.9645931,-0.24809666,-0.08948922
1356445527379,-0.10339695,-0.047888152,-0.99348664,0.23867357,0.96846247,-0.07152183,0.9655796,-0.24451415,-0.088706434
1356445527419,-0.09259358,-0.035420425,-0.99507374,0.23685971,0.96989584,-0.05656445,0.9671214,-0.24093038,-0.08141643
1356445527458,-0.07353979,-0.012885451,-0.99720895,0.23477255,0.97159135,-0.029867887,0.9692645,-0.23631379,-0.06842548
1356445527498,-0.048056215,0.018509015,-0.99867314,0.23033538,0.9730865,0.0069510564,0.971924,-0.22969571,-0.051026106
1356445527538,-0.019995183,0.055130057,-0.9982789,0.2219218,0.9738156,0.04933405,0.9748594,-0.22055343,-0.031706154
1356445527580,0.005898148,0.09130207,-0.9958058,0.20892608,0.9737334,0.09051579,0.9779137,-0.20858368,-0.013332188
1356445527619,0.025631607,0.12156133,-0.99225295,0.1923715,0.9734277,0.124224365,0.9809874,-0.19406527,0.0015655756
1356445527660,0.037399054,0.1423946,-0.98910314,0.17457125,0.97364444,0.14676984,0.983934,-0.17815803,0.011555374
1356445527700,0.04120609,0.15238518,-0.9874618,0.15796459,0.9748781,0.157035,0.98658466,-0.16245478,0.016099453
1356445527739,0.037537813,0.15113504,-0.9878001,0.14410923,0.97734535,0.15501179,0.9888495,-0.14816992,0.014907479
1356445527780,0.026921809,0.13891679,-0.9899381,0.13295308,0.9810015,0.14127846,0.9907567,-0.13541879,0.007940948
1356445527819,0.010297626,0.11692591,-0.99308723,0.12352601,0.9853842,0.11729983,0.99228793,-0.12388002,-0.004296243
1356445527860,-0.010014981,0.08806694,-0.9960642,0.11547304,0.9895519,0.08633014,0.99326015,-0.114153974,-0.020079732
1356445527899,-0.030502647,0.057141848,-0.99789995,0.10968455,0.9925266,0.05348144,0.99349827,-0.10782288,-0.036542296
1356445527940,-0.048036635,0.0294232,-0.99841213,0.107551076,0.99390703,0.024115827,0.9930384,-0.106221855,-0.050908446
1356445527981,-0.06118974,0.009345442,-0.99808234,0.11006308,0.9939213,0.0025588013,0.99203926,-0.10969545,-0.061846375
1356445528020,-0.06955591,5.8318675E-4,-0.9975779,0.1174688,0.9930475,-0.007609945,0.9906378,-0.117713585,-0.06914079
1356445528061,-0.07286477,0.0063917786,-0.99732137,0.12909526,0.99162745,-0.0030764714,0.98895156,-0.12897363,-0.073079824
1356445528102,-0.071296096,0.028781991,-0.99703985,0.14365657,0.98945856,0.018290583,0.9870561,-0.14192729,-0.074679255
1356445528141,-0.06723845,0.06846596,-0.995385,0.15761375,0.98584497,0.057162922,0.98520905,-0.15304282,-0.077077866
1356445528182,-0.06937766,0.11448515,-0.9909994,0.16565843,0.9809228,0.10172367,0.9837398,-0.15711007,-0.08701956
1356445528221,-0.085888565,0.15981817,-0.9834029,0.16500884,0.9757005,0.14415486,0.9825453,-0.14988892,-0.11017293
1356445528262,-0.12515527,0.18742585,-0.9742729,0.15371919,0.9737991,0.1675879,0.98015636,-0.12878993,-0.15068704
1356445528301,-0.17653632,0.20323727,-0.9630833,0.13783532,0.97391415,0.1802572,0.9745955,-0.10092497,-0.1999445
1356445528339,-0.21865046,0.22406495,-0.9497299,0.1290864,0.9713681,0.19945115,0.96722734,-0.078987144,-0.24131382
1356445528380,-0.2337209,0.26687446,-0.93496126,0.13783243,0.9609769,0.2398451,0.96248466,-0.07281118,-0.2613843
1356445528422,-0.21495932,0.33675605,-0.91672677,0.16356403,0.9378257,0.30615324,0.9628288,-0.084133014,-0.25667554
1356445528460,-0.16729438,0.42286137,-0.8906182,0.19359496,0.8998519,0.39088044,0.9667127,-0.10702708,-0.232404
1356445528499,-0.10427627,0.50550413,-0.8564998,0.21343097,0.85250455,0.4771616,0.97137713,-0.13304694,-0.19678622
1356445528540,-0.041184958,0.56898,-0.8213194,0.217371,0.80743027,0.548458,0.9752198,-0.15594278,-0.15693372
1356445528580,0.010397401,0.60662866,-0.79491735,0.2092791,0.77603453,0.5949559,0.9778007,-0.17254558,-0.118885994
1356445528619,0.04415822,0.61837196,-0.78464407,0.1965451,0.7646829,0.613702,0.9795,-0.18131793,-0.08777094
1356445528660,0.057801902,0.606263,-0.79316086,0.183918,0.77442396,0.6053443,0.9812406,-0.18086661,-0.0667395
1356445528700,0.053369373,0.57341033,-0.81752825,0.17147934,0.8012706,0.5732018,0.98374116,-0.17078066,-0.0555647
1356445528739,0.038342383,0.52581733,-0.8497329,0.1576786,0.83652115,0.52475685,0.98674583,-0.15410514,-0.050835967
1356445528780,0.023396375,0.47281015,-0.88085365,0.14417835,0.8702881,0.47096843,0.9892751,-0.13801897,-0.047807395
1356445528820,0.015460251,0.4235612,-0.9057355,0.1355119,0.89659846,0.42160136,0.99065506,-0.129256,-0.043535948
1356445528861,0.014665781,0.3838073,-0.9232968,0.13393712,0.91432023,0.3822033,0.9908813,-0.12926903,-0.03799683
1356445528900,0.01892963,0.35751787,-0.9337145,0.13775802,0.9240422,0.3566072,0.99028504,-0.13537711,-0.031759143
1356445528941,0.027792692,0.34812343,-0.93703663,0.14436111,0.9261741,0.34836963,0.98913467,-0.14495379,-0.024514616
1356445528982,0.041648358,0.3570813,-0.93314433,0.15253389,0.9207343,0.35914034,0.9874203,-0.15729374,-0.016119897
1356445529021,0.05728346,0.38236845,-0.9222326,0.16054177,0.90819985,0.38652217,0.9853654,-0.17019814,-0.009361267
1356445529062,0.06538281,0.41327566,-0.90825564,0.16766538,0.8927128,0.41827303,0.9836734,-0.17963088,-0.010923922
1356445529101,0.055512995,0.4420579,-0.89526707,0.17289557,0.8788483,0.4446715,0.98337454,-0.17947273,-0.02764231
1356445529147,0.01683405,0.45507303,-0.89029497,0.17623928,0.8751292,0.4506535,0.9842034,-0.16449125,-0.06546974
1356445529179,-0.042109728,0.45232928,-0.8908564,0.17740275,0.88086396,0.43887007,0.983237,-0.13955969,-0.117337406
1356445529222,-0.097892106,0.44334197,-0.89099103,0.17848831,0.8885956,0.4225397,0.97906023,-0.11766815,-0.16611785
1356445529260,-0.12942886,0.44136184,-0.88794595,0.18367934,0.8906521,0.41593352,0.9744281,-0.10926351,-0.19634515
1356445529309,-0.13111928,0.45235163,-0.8821484,0.19349964,0.88439363,0.42474192,0.9722991,-0.11500354,-0.20349097
1356445529341,-0.10803568,0.47433034,-0.87369275,0.2036418,0.8707599,0.44755697,0.97306645,-0.12956823,-0.19066662
1356445529380,-0.0767684,0.4954425,-0.8652417,0.20776565,0.8567016,0.47211838,0.9751615,-0.14352375,-0.16870356
1356445529422,-0.04486364,0.5115989,-0.8580524,0.20306708,0.84565526,0.49358982,0.97813654,-0.15209793,-0.14182806
1356445529461,-0.01869315,0.51757395,-0.85543436,0.19074658,0.8417153,0.50510514,0.98146135,-0.15372917,-0.11445975
1356445529501,3.8522482E-4,0.5128,-0.858508,0.17337099,0.8454731,0.5050918,0.9848565,-0.14903496,-0.08857894
1356445529540,0.012911141,0.49734232,-0.8674583,0.15327439,0.8562935,0.49322248,0.9880993,-0.13932718,-0.0651741
1356445529581,0.020988464,0.4722576,-0.8812107,0.13289356,0.87226576,0.4706291,0.990908,-0.12698503,-0.04445249
1356445529620,0.028383762,0.4416961,-0.8967156,0.11492337,0.8896866,0.44187146,0.99296874,-0.115595564,-0.025508583
1356445529661,0.03850144,0.40925068,-0.9116093,0.104404986,0.905645,0.4109826,0.9937893,-0.11099999,-0.00785917
1356445529702,0.052405298,0.37919694,-0.9238308,0.105784625,0.91778904,0.38271776,0.99300724,-0.11778352,0.007983804
1356445529741,0.065874994,0.3527557,-0.93339384,0.11667025,0.9262864,0.35830373,0.9909837,-0.13250257,0.01986301
1356445529782,0.07717061,0.33418855,-0.93934155,0.13345176,0.930211,0.34190372,0.98804617,-0.15174168,0.02718693
1356445529821,0.08716345,0.3289293,-0.94032335,0.15014777,0.9287951,0.33881465,0.9848138,-0.17071971,0.031569004
1356445529862,0.09849584,0.33982098,-0.9353183,0.16526711,0.92125064,0.35211372,0.9813182,-0.1892591,0.034578145
1356445529900,0.1115472,0.36917612,-0.9226409,0.17753133,0.9060968,0.38401985,0.97777295,-0.206634,0.035532236
1356445529939,0.120410174,0.41124102,-0.90353864,0.18609497,0.8846754,0.42745543,0.9751256,-0.21961397,0.02999407
1356445529980,0.11171341,0.45352373,-0.8842151,0.19121674,0.86334646,0.46697864,0.9751699,-0.22124448,0.0097260475
1356445530019,0.070572704,0.48074478,-0.874016,0.19416015,0.8528218,0.48476464,0.97842795,-0.20391017,-0.03315556
1356445530060,-0.003805101,0.48419172,-0.8749536,0.19341886,0.8587936,0.47440767,0.9811089,-0.16742735,-0.096919596
1356445530100,-0.088098645,0.4715992,-0.8774012,0.18714008,0.87297785,0.45043117,0.9783748,-0.124514565,-0.16516328
1356445530140,-0.14952779,0.46499294,-0.8725956,0.18191506,0.8803898,0.43797338,0.9718788,-0.09324907,-0.21623194
1356445530180,-0.17261586,0.47978154,-0.8602404,0.1852552,0.8735779,0.45004696,0.9674112,-0.08167876,-0.2396754
1356445530220,-0.16091979,0.51476145,-0.8420959,0.19488023,0.8529896,0.48418015,0.9675364,-0.08619374,-0.23757976
1356445530260,-0.12834501,0.55633044,-0.82098955,0.20208995,0.8251376,0.5275486,0.97092074,-0.09820551,-0.2183311
1356445530300,-0.08947837,0.59042585,-0.8021165,0.2006152,0.7995249,0.5661391,0.9755753,-0.11025961,-0.18998861
1356445530339,-0.05456108,0.60854346,-0.79164255,0.19024043,0.7846363,0.5900461,0.9802202,-0.11840886,-0.15858018
1356445530380,-0.025158558,0.61118364,-0.7910888,0.17332533,0.7820213,0.59866595,0.9845432,-0.122054145,-0.12560815
1356445530420,-6.796755E-4,0.5987464,-0.8009383,0.1530481,0.79156476,0.59160924,0.9882185,-0.12217997,-0.09217501
1356445530460,0.01984578,0.57330084,-0.8191045,0.13187239,0.8106072,0.57054853,0.99106795,-0.11934024,-0.059515417
1356445530500,0.036496937,0.53625464,-0.84326684,0.11166069,0.8363567,0.536693,0.99307597,-0.1137474,-0.029354095
1356445530540,0.050113827,0.4905075,-0.8699948,0.09518477,0.86477864,0.49304947,0.9941974,-0.10751888,-0.0033515096
1356445530580,0.06233007,0.44076136,-0.8954576,0.087302595,0.89135534,0.44481897,0.9942299,-0.10590136,0.017078638
1356445530619,0.07294601,0.39171457,-0.91719043,0.09179984,0.91309947,0.39726835,0.99310195,-0.11317706,0.030647635
1356445530660,0.07920766,0.34713158,-0.9344655,0.10770273,0.9289434,0.3542094,0.9910228,-0.12870058,0.036192417
1356445530700,0.079711825,0.31145948,-0.9469102,0.12876637,0.93875664,0.31961724,0.9884661,-0.14740744,0.034724474
1356445530741,0.07772523,0.29119623,-0.9535007,0.1494655,0.9421816,0.29992318,0.98570734,-0.16582707,0.029707491
1356445530781,0.07800251,0.29165733,-0.95333713,0.16732226,0.93885666,0.30091766,0.98281175,-0.18298684,0.02443242
1356445530821,0.081463546,0.3131625,-0.9461991,0.18148488,0.9288223,0.3230363,0.98001367,-0.19803649,0.018830895
1356445530862,0.082087874,0.35031176,-0.93302906,0.19024807,0.9134651,0.35970432,0.97829807,-0.20703433,0.008338273
1356445530900,0.06712651,0.3906254,-0.91809905,0.1923494,0.89784664,0.39607215,0.979028,-0.20318277,-0.014867246
1356445530941,0.02523619,0.42036542,-0.9070039,0.18836448,0.8890416,0.4172815,0.9817749,-0.18137789,-0.056745887
1356445530981,-0.04193005,0.4322734,-0.90076727,0.1794957,0.8901508,0.41882318,0.9828648,-0.14412259,-0.11491525
1356445531021,-0.10958192,0.43626347,-0.8931215,0.17057207,0.8934572,0.41549903,0.9792328,-0.10681039,-0.17232114
1356445531060,-0.15377721,0.44607717,-0.8816845,0.16901143,0.8910226,0.42132384,0.9735438,-0.084224716,-0.2124111
1356445531101,-0.1641469,0.4704908,-0.86700296,0.17733772,0.87867993,0.44325268,0.97036445,-0.08099379,-0.22766834
1356445531142,-0.14400846,0.5070083,-0.84982604,0.19002068,0.856964,0.47906667,0.97116107,-0.09249486,-0.21975213
1356445531180,-0.110238284,0.5416526,-0.8333427,0.197883,0.8336281,0.5156613,0.9740071,-0.108058706,-0.19908154
1356445531221,-0.07146019,0.56935436,-0.81898046,0.1965337,0.8130204,0.5480623,0.97788954,-0.12179266,-0.1699959
1356445531259,-0.037187222,0.58403003,-0.8108798,0.18620476,0.8012796,0.5685761,0.981807,-0.1298459,-0.13854653
1356445531303,-0.008927852,0.5877782,-0.8089729,0.16820928,0.79835963,0.5782106,0.9857109,-0.1309146,-0.10599738
1356445531338,0.012575805,0.5807942,-0.8139532,0.14534055,0.80431104,0.5761596,0.98930174,-0.12554608,-0.074298084
1356445531378,0.027385172,0.5644884,-0.8249865,0.12017162,0.8174517,0.5633218,0.9923753,-0.11456664,-0.045449436
1356445531418,0.0363245,0.54048914,-0.84056646,0.09554951,0.8353897,0.54128957,0.99476165,-0.09997776,-0.021298349
1356445531458,0.042230338,0.51207054,-0.85790455,0.07628903,0.85451114,0.5138003,0.996191,-0.08714664,-0.0029790401
1356445531498,0.048316296,0.48383808,-0.8738228,0.06834029,0.87119305,0.48616076,0.99649143,-0.08320682,0.009027183
1356445531538,0.054773178,0.4593908,-0.8865439,0.074494034,0.8835222,0.46242747,0.99571615,-0.09137085,0.014171481
1356445531578,0.059602384,0.44184136,-0.895111,0.09136331,0.89052683,0.44566208,0.9940323,-0.10834281,0.012709439
1356445531618,0.06326258,0.4351793,-0.89811844,0.11213304,0.8911231,0.43968827,0.99167734,-0.12852459,0.0075767636
1356445531660,0.069512695,0.4434507,-0.89359915,0.13192809,0.88381165,0.44885626,0.988819,-0.14909205,0.0029325485
1356445531708,0.08190286,0.46907252,-0.8793537,0.14945261,0.86656076,0.47616845,0.98537093,-0.17042126,8.696914E-4
1356445531750,0.09572351,0.5124496,-0.8533653,0.16151819,0.8379444,0.5213071,0.98221636,-0.18773535,-0.0025589466
1356445531800,0.08885035,0.549625,-0.8306732,0.17244391,0.8128897,0.55630326,0.9810039,-0.19267228,-0.02255398
1356445531840,0.05911112,0.5822618,-0.8108496,0.18441752,0.79191905,0.582112,0.9810688,-0.18394417,-0.060568035
1356445531880,-0.006121725,0.59216696,-0.80579203,0.19962253,0.7903116,0.579274,0.9798537,-0.15730806,-0.12304795
1356445531919,-0.08268583,0.5860127,-0.806072,0.21282138,0.8005663,0.5601791,0.9735862,-0.1252305,-0.19091153
1356445531960,-0.1437853,0.5749431,-0.8054603,0.22205652,0.8119073,0.539905,0.96437377,-0.10122733,-0.24441022
1356445531999,-0.17408764,0.56737244,-0.8048491,0.22851092,0.81829476,0.52742434,0.9578498,-0.09209871,-0.2721058
1356445532041,-0.17014986,0.5683244,-0.80501944,0.23405068,0.81686217,0.5272158,0.95721954,-0.09870964,-0.27200568
1356445532088,-0.13906312,0.5731669,-0.8075526,0.23591141,0.8111728,0.5351117,0.96177304,-0.11609657,-0.24802083
1356445532128,-0.105933875,0.56931025,-0.8152692,0.23134078,0.8114958,0.5366154,0.96708816,-0.13175926,-0.21766955
1356445532168,-0.074923575,0.5612966,-0.82421625,0.22019207,0.8154497,0.5353104,0.97257483,-0.14137849,-0.18468946
1356445532208,-0.048855245,0.54873365,-0.8345684,0.20238554,0.8236718,0.52972144,0.9780865,-0.1430249,-0.15129644
1356445532248,-0.027694527,0.5323278,-0.84608525,0.17831804,0.8354648,0.5198089,0.98358315,-0.13647637,-0.11806142
1356445532305,-0.00997087,0.5129777,-0.8583441,0.14860222,0.84961534,0.50603485,0.9888468,-0.122506216,-0.084701
1356445532330,0.006793741,0.49188098,-0.87063587,0.115810245,0.8644104,0.48926744,0.9932481,-0.10415247,-0.051092267
1356445532370,0.025362194,0.4709014,-0.8818213,0.086274534,0.87778276,0.47122622,0.99594855,-0.088030055,-0.01836431
1356445532411,0.046031624,0.4515541,-0.8910556,0.06893763,0.88843846,0.45378914,0.9965584,-0.08231589,0.009767175
1356445532450,0.06556922,0.4350816,-0.8980004,0.06864728,0.8958381,0.43904635,0.99548393,-0.09043321,0.028872252
1356445532490,0.08031657,0.42317197,-0.90248257,0.08217999,0.89951384,0.4290936,0.99337596,-0.10862936,0.037469566
1356445532530,0.09067845,0.4193741,-0.90327334,0.10207628,0.898319,0.4273212,0.99063504,-0.1309516,0.038650036
1356445532570,0.100158215,0.42796254,-0.89822966,0.12224628,0.89063627,0.43797588,0.98743314,-0.15367214,0.036887705
1356445532610,0.11048955,0.4510336,-0.88564146,0.139322,0.87526983,0.46313292,0.98406374,-0.17456067,0.033869267
1356445532650,0.117400736,0.48591775,-0.8660837,0.15137434,0.85316753,0.4991904,0.98147994,-0.18970816,0.026607037
1356445532690,0.10995245,0.5245318,-0.84426105,0.15856461,0.8292757,0.5358722,0.98120725,-0.19279036,0.0080087185
1356445532730,0.07656556,0.55627775,-0.8274617,0.16380897,0.81160295,0.5607738,0.98351634,-0.17848162,-0.02898246
1356445532770,0.016649097,0.5738854,-0.8187665,0.1689973,0.8054831,0.56801134,0.9854759,-0.1478262,-0.083574474
1356445532809,-0.05214942,0.5794486,-0.8133387,0.17287496,0.8073889,0.56412536,0.9835623,-0.1111871,-0.142277
1356445532850,-0.10473439,0.5836842,-0.80519783,0.17549343,0.80779207,0.5627379,0.97889364,-0.08236891,-0.1870364
1356445532890,-0.1263377,0.5965348,-0.7925812,0.17841338,0.7996186,0.5733923,0.9758111,-0.068966,-0.20745176
1356445532930,-0.11919332,0.6181396,-0.77697897,0.18030246,0.78302205,0.5952878,0.9763626,-0.06913689,-0.20478308
1356445532971,-0.09466338,0.6418886,-0.7609322,0.17850643,0.76292086,0.62135917,0.9793744,-0.07701135,-0.18680191
1356445533011,-0.062051535,0.6626141,-0.7463861,0.17177418,0.74375844,0.64600086,0.9831802,-0.08812454,-0.15997136
1356445533051,-0.03142512,0.67473066,-0.73739475,0.161084,0.7315338,0.662503,0.98644024,-0.09796327,-0.13167685
1356445533092,-0.0064603686,0.6779057,-0.73512053,0.146471,0.7278486,0.66991246,0.9891939,-0.10334596,-0.10399568
1356445533130,0.009463966,0.6690019,-0.7432005,0.12973607,0.7361303,0.66428965,0.9915034,-0.10270673,-0.07982695
1356445533169,0.016930342,0.64973664,-0.7599707,0.11055216,0.7542029,0.64726824,0.9937261,-0.094974875,-0.05906087
1356445533205,0.019930065,0.62038326,-0.7840456,0.08963454,0.7799347,0.61940897,0.99577534,-0.08262244,-0.04006362
1356445533236,0.023757488,0.5848439,-0.81079787,0.07096729,0.8079941,0.584901,0.99719566,-0.07143587,-0.022308826
1356445533280,0.03367558,0.55237985,-0.832912,0.05753483,0.8309312,0.55339235,0.9977754,-0.06655727,-0.0037990212
1356445533317,0.04835784,0.51989406,-0.8528609,0.055245772,0.8511606,0.52199,0.9973011,-0.07235925,0.012438357
1356445533359,0.06315535,0.48946148,-0.86973494,0.06496209,0.86761034,0.49298298,0.9958872,-0.08763431,0.022997797
1356445533402,0.07525125,0.46566886,-0.8817538,0.08136557,0.87844485,0.47086537,0.9938395,-0.107177615,0.028214633
1356445533450,0.08710161,0.4551373,-0.8861509,0.102737546,0.8806846,0.4624281,0.9908877,-0.13131924,0.029949367
1356445533490,0.098603636,0.46679008,-0.878854,0.120262384,0.87109506,0.476162,0.9878331,-0.15264437,0.02975583
1356445533530,0.10461053,0.48953,-0.8656887,0.13431397,0.8555354,0.5000191,0.98540163,-0.16858134,0.023747325
1356445533570,0.09442553,0.51455194,-0.85224414,0.14684738,0.8395057,0.5231311,0.9846419,-0.17454673,0.0037101507
1356445533610,0.0566155,0.5298118,-0.8462235,0.16072984,0.83169067,0.53146636,0.9853734,-0.16610262,-0.038069963
1356445533651,-0.012150589,0.5250306,-0.8509965,0.17451665,0.8391108,0.5152058,0.9845792,-0.14225298,-0.10182226
1356445533691,-0.09191841,0.50593126,-0.8576622,0.1820887,0.85532564,0.48503786,0.97897637,-0.111586675,-0.17074454
1356445533732,-0.1531243,0.49079707,-0.85771275,0.18395826,0.86693436,0.4632324,0.9709337,-0.086851224,-0.22303486
1356445533770,-0.17729995,0.4970821,-0.8493963,0.18711829,0.86435306,0.46677667,0.9662047,-0.07617806,-0.24626291
1356445533812,-0.16605848,0.52512157,-0.83466876,0.1931969,0.84734195,0.494658,0.9670055,-0.07911326,-0.2421602
1356445533851,-0.1306583,0.56383026,-0.81549,0.19735488,0.8208712,0.5359306,0.9715861,-0.09091717,-0.21852827
1356445533891,-0.087206125,0.5978805,-0.7968276,0.19460312,0.79468864,0.57497793,0.9769979,-0.10492355,-0.18565112
1356445533930,-0.04403716,0.6216154,-0.7820837,0.18387043,0.774513,0.60524476,0.98196346,-0.1171488,-0.14840406
1356445533971,-0.007674724,0.6304353,-0.77620393,0.16764778,0.7660513,0.62053174,0.98581713,-0.12536646,-0.11157036
1356445534012,0.018574722,0.62292004,-0.782065,0.14922816,0.7717112,0.61821747,0.9886283,-0.12818933,-0.07862288
1356445534051,0.032769505,0.59662473,-0.801851,0.13156676,0.7927253,0.59521145,0.9907655,-0.12500171,-0.052518785
1356445534091,0.036466148,0.55518186,-0.83092916,0.11439486,0.8236975,0.55537033,0.9927658,-0.1153062,-0.033472836
1356445534131,0.036410872,0.5019198,-0.8641475,0.100689605,0.8584778,0.50286925,0.99425143,-0.1053206,-0.019280195
1356445534168,0.03919256,0.44872674,-0.8928092,0.09491584,0.88778377,0.4503676,0.9947135,-0.10239282,-0.0077967644
1356445534208,0.045431614,0.40026343,-0.91527325,0.100559965,0.90973294,0.40283206,0.9938932,-0.11034116,0.0010801554
1356445534248,0.052304834,0.3609741,-0.9311078,0.11625516,0.92384356,0.3646885,0.99184114,-0.12732103,0.0063563585
1356445534310,0.058350712,0.3353358,-0.9402899,0.13711706,0.9302757,0.34027338,0.9888347,-0.14878497,0.008301973
1356445534332,0.06490481,0.32834592,-0.9423249,0.15844071,0.9289463,0.3345972,0.98523283,-0.17101958,0.008269727
1356445534371,0.07271302,0.3422237,-0.93680084,0.17708129,0.91993344,0.34980664,0.9815066,-0.1913254,0.0062897205
1356445534412,0.07778087,0.37329945,-0.9244445,0.19076398,0.9045482,0.38131565,0.97854954,-0.20600976,-8.5550547E-4
1356445534450,0.069098026,0.41022772,-0.90936166,0.19801046,0.88776463,0.41553074,0.9777613,-0.20877546,-0.019886613
1356445534491,0.034123868,0.43789205,-0.8983797,0.19832495,0.8780598,0.4355207,0.97954214,-0.19303274,-0.056882083
1356445534530,-0.029404402,0.4453898,-0.8948537,0.19081025,0.8812793,0.43236357,0.9811864,-0.15803386,-0.110898435
1356445534571,-0.10149765,0.44055104,-0.89197147,0.1773795,0.8902487,0.4195161,0.9788947,-0.11563754,-0.16850287
1356445534612,-0.15432823,0.4442919,-0.8824893,0.16731381,0.89204204,0.4198417,0.9737499,-0.08285923,-0.21200347
1356445534651,-0.17332238,0.47303206,-0.86382866,0.16888185,0.8783869,0.44711894,0.9702774,-0.0683893,-0.23213065
1356445534691,-0.155653,0.5302469,-0.8334329,0.18076085,0.84475917,0.5036938,0.97113216,-0.07225059,-0.22733718
1356445534731,-0.115866005,0.59820104,-0.7929253,0.19145513,0.7967822,0.5731344,0.9746384,-0.0854028,-0.20684862
1356445534770,-0.06524244,0.66306686,-0.7457117,0.19285269,0.7415931,0.6425321,0.97905636,-0.10189214,-0.17625755
1356445534810,-0.016127713,0.712745,-0.7012378,0.18263686,0.6916298,0.6987789,0.9830482,-0.116802156,-0.14132792
1356445534850,0.022617757,0.7417964,-0.6702437,0.1643435,0.65853626,0.7343849,0.98614377,-0.1267603,-0.107014775
1356445534891,0.04666701,0.74945927,-0.6604036,0.14247712,0.64937043,0.7470062,0.9886973,-0.12895289,-0.076476574
1356445534930,0.054776393,0.7345934,-0.6762929,0.12011877,0.66754293,0.7348182,0.9912473,-0.12148616,-0.051672876
1356445534970,0.050641477,0.69845617,-0.71385884,0.097610086,0.7078925,0.6995431,0.99393547,-0.10510573,-0.032327652
1356445535010,0.043141834,0.6471995,-0.761099,0.07633558,0.75744593,0.6484201,0.99614847,-0.08607295,-0.016726732
1356445535050,0.04144773,0.59242535,-0.80455846,0.062289,0.8021519,0.59386224,0.9971972,-0.07472938,-0.003654182
1356445535090,0.047930863,0.5442239,-0.83756965,0.062053114,0.8352913,0.5462946,0.99692124,-0.0781582,0.0062654614
1356445535130,0.058707003,0.5078443,-0.85944605,0.075785086,0.85617924,0.51109076,0.99539447,-0.095137805,0.011776686
1356445535170,0.07066214,0.48865986,-0.8696082,0.09743136,0.8642376,0.493559,0.99273056,-0.11960305,0.013458073
1356445535210,0.08493844,0.49474087,-0.86487967,0.11985549,0.85664046,0.5017985,0.9891512,-0.14628252,0.013464272
1356445535249,0.10389355,0.53188086,-0.84042186,0.13767532,0.82916903,0.54177874,0.98501354,-0.17199266,0.012918472
1356445535306,0.12533978,0.595304,-0.79366446,0.14794645,0.77981305,0.60827905,0.9810208,-0.19366144,0.009668469
1356445535330,0.13819176,0.6673549,-0.73180634,0.15216362,0.71581674,0.68150765,0.9786467,-0.20553309,-0.002627194
1356445535368,0.12501526,0.7228036,-0.6796515,0.15958485,0.661457,0.7328079,0.97923636,-0.20007423,-0.032656252
1356445535408,0.07825636,0.75120187,-0.6554172,0.17642313,0.63662195,0.75072455,0.98119867,-0.17437974,-0.08270967
1356445535448,0.00726676,0.7562475,-0.6542453,0.19693813,0.6403664,0.7423923,0.98038906,-0.13424066,-0.14428061
1356445535489,-0.058278494,0.75861454,-0.648928,0.21250454,0.64456195,0.73442614,0.97542065,-0.09509888,-0.19877315
1356445535532,-0.09097088,0.7775508,-0.622205,0.22347414,0.62480015,0.7481204,0.9704554,-0.07098958,-0.23060113
1356445535571,-0.08556014,0.81170404,-0.5777681,0.22976467,0.5803389,0.7812906,0.969478,-0.065903366,-0.2361548
1356445535611,-0.055996075,0.84505564,-0.53173804,0.22681779,0.52941585,0.8174794,0.97232616,-0.07483199,-0.22131884
1356445535650,-0.020170465,0.865813,-0.49996096,0.21298787,0.4923051,0.8439621,0.97684664,-0.08946255,-0.19433767
1356445535691,0.009657666,0.8708443,-0.49146408,0.19174093,0.48075414,0.8556348,0.98139805,-0.10249725,-0.16233355
1356445535733,0.030135408,0.8617225,-0.50648415,0.16642195,0.4953158,0.852623,0.98559403,-0.10998425,-0.12848306
1356445535772,0.04170865,0.8376559,-0.5446035,0.14186946,0.5345897,0.8331188,0.98900634,-0.112010926,-0.09654081
1356445535810,0.047843635,0.8017584,-0.5957302,0.11850074,0.5876451,0.80039406,0.99180067,-0.10888824,-0.066893935
1356445535851,0.050129652,0.75114197,-0.6582346,0.097331166,0.6522519,0.7517274,0.99398875,-0.10175055,-0.040412366
1356445535891,0.051962107,0.68814015,-0.7237148,0.07843548,0.7196429,0.68990004,0.9955641,-0.09261361,-0.016580462
1356445535931,0.057488978,0.61649597,-0.7852565,0.06564939,0.7825205,0.6191542,0.9961853,-0.08714613,0.0045137405
1356445535972,0.068396,0.54642075,-0.8347134,0.06456798,0.83249414,0.55025864,0.99556667,-0.09153126,0.021658003
1356445536010,0.07834986,0.47904593,-0.87428623,0.0760033,0.87155944,0.48436302,0.9940246,-0.104398414,0.031877458
1356445536050,0.08406967,0.42138803,-0.9029753,0.096484855,0.8984829,0.42827457,0.99177766,-0.123128355,0.0348776
1356445536090,0.086769134,0.37931138,-0.9211916,0.11864005,0.9141643,0.3875928,0.98913884,-0.14292131,0.0343197
1356445536131,0.09046838,0.35797283,-0.929339,0.13812095,0.9196374,0.36768153,0.9862749,-0.16162476,0.033754528
1356445536169,0.09640136,0.35758916,-0.9288901,0.15348217,0.9167342,0.3688382,0.9834379,-0.1781246,0.033490837
1356445536210,0.09938383,0.37154764,-0.92307913,0.16440141,0.9087916,0.38349712,0.981374,-0.18986893,0.029236257
1356445536250,0.087941766,0.3888673,-0.9170869,0.17084953,0.90112317,0.39848143,0.98136467,-0.19172704,0.012808561
1356445536304,0.049371094,0.3952198,-0.9172588,0.17293264,0.90112555,0.39757645,0.98369545,-0.17825276,-0.023856878
1356445536330,-0.01853031,0.38136417,-0.92423916,0.16829173,0.9123985,0.37310433,0.98556304,-0.14862807,-0.08108747
1356445536371,-0.0982092,0.35081896,-0.93127924,0.15474662,0.9298036,0.33394414,0.9830608,-0.11131595,-0.14560336
1356445536411,-0.1619344,0.3193375,-0.93370277,0.13818738,0.944206,0.29896358,0.977078,-0.08061347,-0.19702786
1356445536451,-0.19439459,0.30026394,-0.9338374,0.12844037,0.9515935,0.27923608,0.97247815,-0.06566045,-0.22355068
1356445536492,-0.19172427,0.30149096,-0.9339941,0.13150343,0.9509585,0.27997285,0.97259897,-0.06914583,-0.22196889
1356445536531,-0.16970095,0.31029293,-0.93537146,0.14000836,0.94710183,0.28878307,0.97549945,-0.08195306,-0.20416772
1356445536572,-0.13378555,0.32581162,-0.9359211,0.14949037,0.9402392,0.30594587,0.9796704,-0.098980054,-0.17449611
1356445536610,-0.09309983,0.33972496,-0.93590564,0.15453288,0.93352777,0.32348955,0.9835914,-0.11451137,-0.13940996
1356445536651,-0.055048734,0.34661883,-0.9363893,0.15320583,0.9296382,0.33511308,0.98665977,-0.12501273,-0.1042794
1356445536691,-0.025542617,0.3421709,-0.9392905,0.14552389,0.93086094,0.33514282,0.989025,-0.12812877,-0.07357067
1356445536731,-0.0081692925,0.3235364,-0.94618046,0.13279669,0.9381822,0.31965488,0.9911096,-0.12303826,-0.05062884
1356445536770,-0.002308637,0.29305786,-0.956092,0.115640074,0.9497584,0.29083732,0.9932885,-0.10989112,-0.03608191
1356445536811,-0.0027168985,0.25546974,-0.9668132,0.09792822,0.9622377,0.25398552,0.9951898,-0.09398826,-0.027631998
1356445536851,-0.0035353298,0.21797903,-0.9759471,0.08667518,0.972347,0.21686098,0.9962304,-0.08382372,-0.02233094
1356445536889,-0.0024549365,0.18485439,-0.9827629,0.086732686,0.9791017,0.18394908,0.99622864,-0.08478608,-0.018436551
1356445536930,-1.7592311E-4,0.15970239,-0.9871653,0.09853769,0.9823637,0.15890805,0.99513334,-0.09724502,-0.015909553
1356445536970,0.0026996434,0.14510414,-0.9894127,0.11665934,0.98261476,0.1444255,0.9931683,-0.11581414,-0.014275074
1356445537010,0.007931471,0.14467964,-0.9894468,0.13657284,0.9800492,0.14440028,0.9905984,-0.13627686,-0.011986077
1356445537050,0.017145514,0.16110416,-0.98678845,0.15586738,0.974437,0.16179584,0.9876291,-0.15658219,-0.008403659
1356445537090,0.028452665,0.1934793,-0.98069173,0.17248145,0.96542287,0.19547111,0.9846018,-0.1747128,-0.0059027076
1356445537130,0.03365177,0.2348444,-0.97145027,0.18363316,0.954,0.23698705,0.9824186,-0.18636551,-0.011021435
1356445537170,0.018822432,0.27143472,-0.9622728,0.18748471,0.94441247,0.27006403,0.9820872,-0.18549469,-0.033113718
1356445537210,-0.026894033,0.2878093,-0.95731,0.18382615,0.9427488,0.27826726,0.98259073,-0.16849491,-0.0782612
1356445537250,-0.09767735,0.27834627,-0.95550114,0.17228016,0.9503266,0.25922734,0.9801932,-0.13929327,-0.14077896
1356445537305,-0.1688906,0.25590262,-0.951835,0.15613633,0.96045995,0.23051712,0.9731893,-0.10968387,-0.20216835
1356445537333,-0.21417475,0.24528787,-0.94549614,0.14637983,0.96508646,0.21721205,0.96576506,-0.09188024,-0.24260235
1356445537371,-0.22790128,0.25800738,-0.9388787,0.14829126,0.9622025,0.22842096,0.96232575,-0.08717008,-0.25754738
1356445537412,-0.21016312,0.29926044,-0.9307388,0.16092949,0.94960374,0.26898783,0.96433043,-0.09325199,-0.2477315
1356445537450,-0.17213291,0.35597166,-0.9185066,0.17383286,0.92876804,0.32737136,0.9696145,-0.10331525,-0.22175115
1356445537491,-0.12668791,0.4111282,-0.90273136,0.17792323,0.9047228,0.3870657,0.9758553,-0.11158033,-0.18776673
1356445537530,-0.08462405,0.45101884,-0.88849354,0.17046937,0.88509876,0.43305933,0.9817225,-0.1148137,-0.15178555
1356445537571,-0.053054333,0.46746224,-0.8824195,0.15427129,0.87689215,0.45525873,0.9866031,-0.111978576,-0.11863893
1356445537610,-0.034629643,0.4583289,-0.8881077,0.13302535,0.8828474,0.4504272,0.9905074,-0.10254273,-0.091542065
1356445537651,-0.02876717,0.42496166,-0.90475416,0.108475834,0.9011104,0.41980118,0.99368274,-0.0860675,-0.07202047
1356445537692,-0.03202209,0.37287176,-0.9273302,0.080957934,0.92572504,0.36943072,0.996203,-0.063244805,-0.059830546
1356445537731,-0.03694409,0.31184322,-0.949415,0.055513695,0.949237,0.30962455,0.9977742,-0.04126674,-0.052380264
1356445537772,-0.038419515,0.2545883,-0.96628594,0.039798155,0.96662253,0.25309458,0.99846876,-0.02873262,-0.047269344
1356445537811,-0.03616619,0.2038239,-0.9783393,0.038235508,0.9785452,0.20245335,0.9986141,-0.03008534,-0.043183565
1356445537850,-0.032248348,0.16430956,-0.98588145,0.050910115,0.98538417,0.16256139,0.9981824,-0.044949006,-0.04014206
1356445537890,-0.027855635,0.13867004,-0.9899468,0.07209845,0.9880305,0.13637286,0.9970084,-0.06757487,-0.03752011
1356445537930,-0.021254838,0.13174544,-0.99105567,0.09600837,0.9869673,0.12914291,0.9951536,-0.09240473,-0.033626497
1356445537970,-0.010557115,0.14617474,-0.98920244,0.11949767,0.9823527,0.14388722,0.99277836,-0.11668834,-0.02783835
1356445538009,0.0023626983,0.17975426,-0.9837087,0.13986242,0.97398305,0.178313,0.99016815,-0.13800518,-0.022839606
1356445538050,0.008364737,0.2220005,-0.97501075,0.15391336,0.96313983,0.22061807,0.98804903,-0.1519126,-0.026112437
1356445538090,-0.0067736506,0.25753814,-0.9662444,0.15985474,0.9541192,0.25318572,0.98711735,-0.15274376,-0.04763156
1356445538130,-0.051559746,0.27165443,-0.9610127,0.1578397,0.9524144,0.26075554,0.9861177,-0.13824147,-0.09198409
1356445538170,-0.114311844,0.26597852,-0.9571773,0.14918625,0.9571631,0.24815787,0.9821794,-0.11443032,-0.14909542
1356445538210,-0.16869903,0.25832242,-0.95121515,0.14002608,0.9615397,0.23629248,0.9756707,-0.09333259,-0.19838268
1356445538276,-0.19525993,0.26694912,-0.94372225,0.13909283,0.96005523,0.24279033,0.9708382,-0.08385776,-0.22459102
1356445538295,-0.1961042,0.29177815,-0.93616706,0.14603932,0.9527476,0.2663542,0.9696472,-0.08448403,-0.22944891
1356445538315,-0.17682606,0.32903394,-0.92761487,0.1564951,0.93987554,0.30355117,0.9717211,-0.09149141,-0.21768665
1356445538346,-0.14969775,0.36630654,-0.9183736,0.1641683,0.9251554,0.34225163,0.9750073,-0.09953352,-0.19862962
1356445538389,-0.110765845,0.4091617,-0.9057139,0.16534953,0.9062073,0.38916293,0.97999513,-0.10665342,-0.16803151
1356445538429,-0.07426396,0.43834466,-0.8957338,0.15688728,0.89216447,0.42359066,0.98482054,-0.10907172,-0.13502634
1356445538470,-0.04500884,0.45145136,-0.89115983,0.13938148,0.88617635,0.44188717,0.9892153,-0.104322344,-0.10280973
1356445538509,-0.026168168,0.44316685,-0.8960571,0.11799036,0.8914677,0.4374513,0.99266994,-0.09427881,-0.07561749
1356445538549,-0.01653433,0.41857964,-0.9080296,0.093702435,0.90480566,0.41538727,0.99546295,-0.07821645,-0.05418229
1356445538590,-0.013067484,0.3785004,-0.92550886,0.06761411,0.92380387,0.37684846,0.99762595,-0.057652995,-0.037663758
1356445538631,-0.011324167,0.33084613,-0.9436168,0.04152532,0.9430188,0.33013815,0.9990733,-0.035445467,-0.0244174
1356445538669,-0.00727004,0.28140014,-0.9595629,0.022785053,0.9593858,0.28117558,0.9997139,-0.019819528,-0.013386488
1356445538712,-2.1785498E-5,0.2395654,-0.9708802,0.017218597,0.9707364,0.2395295,0.99985176,-0.016711965,-0.004146099
1356445538760,0.009003073,0.20773068,-0.9781446,0.029781811,0.97769463,0.20790926,0.99951583,-0.031002738,0.0026156306
1356445538801,0.016038507,0.18897618,-0.9818507,0.04727316,0.98073554,0.18953377,0.99875325,-0.049455024,0.006796062
1356445538839,0.023068398,0.18748306,-0.981997,0.06634687,0.9798058,0.18862331,0.99753,-0.069503665,0.010163665
1356445538880,0.032265067,0.20706604,-0.9777948,0.085329995,0.97416157,0.20911236,0.99583024,-0.09018226,0.013762414
1356445538920,0.04256165,0.24604273,-0.96832407,0.10288575,0.9629702,0.24920458,0.99378216,-0.1102333,0.015671313
1356445538960,0.047014832,0.29436684,-0.95453537,0.118024394,0.9472613,0.29793677,0.9918971,-0.12666592,0.009792864
1356445539000,0.033037692,0.33601007,-0.9412788,0.13043869,0.93228817,0.3373789,0.99090576,-0.13392538,-0.013028085
1356445539040,-0.010519862,0.3544371,-0.9350207,0.1390925,0.9265006,0.34964252,0.9902235,-0.1263762,-0.05904621
1356445539080,-0.07933134,0.3451671,-0.93518245,0.14067271,0.93262744,0.33229083,0.9868727,-0.10519358,-0.1225422
1356445539120,-0.14971349,0.3229025,-0.9345159,0.1357039,0.9429344,0.30407104,0.97937244,-0.08129392,-0.1849891
1356445539161,-0.1960398,0.31189018,-0.9296736,0.13264558,0.9477905,0.28999722,0.97158307,-0.06646611,-0.22717547
1356445539199,-0.20893508,0.32581434,-0.92205805,0.13757908,0.9432835,0.30213952,0.9682035,-0.06372835,-0.24191022
1356445539241,-0.19288832,0.36274263,-0.91170824,0.14775738,0.9292999,0.33848113,0.97003186,-0.06942259,-0.232849
1356445539317,-0.15834832,0.41131422,-0.89763385,0.15596643,0.9081099,0.38860112,0.9749873,-0.078466415,-0.20794892
1356445539318,-0.11508763,0.4601276,-0.88036203,0.15664564,0.88356876,0.4413257,0.9809265,-0.08711377,-0.17376482
1356445539358,-0.0728282,0.49854493,-0.8637993,0.14837922,0.8618766,0.48492518,0.98624533,-0.092853636,-0.13674259
1356445539399,-0.038151506,0.5208856,-0.8527735,0.13343982,0.8484073,0.5122488,0.9903223,-0.09425087,-0.10187489
1356445539440,-0.014724109,0.52486575,-0.8510577,0.11374508,0.846504,0.5200895,0.9934009,-0.089145795,-0.07216489
1356445539478,-0.0031257235,0.5092461,-0.8606153,0.091835424,0.8571288,0.5068495,0.9957693,-0.07745072,-0.049445987
1356445539521,-9.318292E-4,0.47960404,-0.87748456,0.0683842,0.87546134,0.4784256,0.9976586,-0.05956027,-0.033613086
1356445539568,-5.00232E-4,0.4425133,-0.89676183,0.05113563,0.89559996,0.44191146,0.9986916,-0.045635447,-0.023076236
1356445539609,0.004089713,0.40692997,-0.9134502,0.048389748,0.9123072,0.40663743,0.9988201,-0.045864657,-0.015960157
1356445539650,0.013753949,0.3846445,-0.92296225,0.06314267,0.9208732,0.38471484,0.9979097,-0.063569635,-0.011621833
1356445539690,0.025895864,0.37871313,-0.92515177,0.086160064,0.92117274,0.37949604,0.9959447,-0.0895385,-0.008775413
1356445539728,0.042099357,0.39310127,-0.9185309,0.11141883,0.9117643,0.3953121,0.99288136,-0.118984014,-0.005414188
1356445539768,0.06438035,0.433349,-0.89892375,0.13314968,0.889008,0.438105,0.9890027,-0.14789675,-4.6563148E-4
1356445539808,0.09132913,0.4974361,-0.8626798,0.1476139,0.8499671,0.50573313,0.98481935,-0.17353168,0.004198253
1356445539868,0.11407265,0.57337403,-0.8113135,0.15430804,0.7965076,0.5846064,0.9814155,-0.19187981,0.0023835301
1356445539888,0.11678922,0.64265406,-0.7572028,0.15915355,0.7404566,0.6529887,0.9803216,-0.19677356,-0.015803337
1356445539928,0.08550331,0.6906901,-0.71807826,0.17145193,0.6997665,0.69349194,0.9814751,-0.18241176,-0.05858779
1356445539966,0.021911949,0.71544033,-0.6983302,0.19231212,0.68243694,0.705192,0.9810892,-0.14974952,-0.12263435
1356445540006,-0.053932913,0.7255972,-0.68600285,0.21348435,0.67949694,0.70193183,0.9754566,-0.10859364,-0.19155091
1356445540049,-0.10960563,0.7402779,-0.66330624,0.22900623,0.6681812,0.70787716,0.9672345,-0.07431394,-0.24276465
1356445540088,-0.12782815,0.7690612,-0.6262626,0.23850167,0.6367494,0.7332579,0.96269256,-0.055633634,-0.26481688
1356445540130,-0.112366736,0.8059016,-0.5812885,0.23896152,0.58974177,0.7714286,0.9645056,-0.0522227,-0.25884688
1356445540170,-0.075879216,0.84026116,-0.5368459,0.22540623,0.5389158,0.8116414,0.9713055,-0.059421718,-0.23029262
