1356445581437,0.56246567,0.773965,-0.2908791,0.13025013,0.26447,0.9555577,0.81649697,-0.5753554,0.047946274
1356445581458,-0.45558214,-0.5910414,0.6656688,-0.35465652,-0.565361,-0.7447051,0.81649476,-0.57535815,0.0479517
1356445581485,-0.4555949,-0.59104496,0.6656569,-0.35466057,-0.5653441,-0.744716,0.8164859,-0.5753711,0.047947526
1356445581529,-0.45565867,-0.59121966,0.66545814,-0.35463414,-0.565117,-0.74490094,0.81646174,-0.5754148,0.0478338
1356445581573,-0.45588946,-0.5919194,0.6646775,-0.3544462,-0.56428295,-0.7456223,0.8164145,-0.57551384,0.047447145
1356445581609,-0.45641363,-0.5935538,0.66285783,-0.35402617,-0.5623255,-0.7472988,0.8163039,-0.57574636,0.04651943
1356445581653,-0.4573719,-0.59649587,0.659548,-0.3533669,-0.55869293,-0.75032926,0.8160531,-0.57624197,0.044748604
1356445581692,-0.4587474,-0.60080814,0.65466046,-0.3526919,-0.553118,-0.75476414,0.815573,-0.57713956,0.04184124
1356445581729,-0.46046484,-0.60624164,0.64841586,-0.35213333,-0.54578084,-0.76034546,0.8148461,-0.57844126,0.03783503
1356445581773,-0.4623611,-0.612274,0.64136004,-0.35177988,-0.5372944,-0.76652837,0.81392455,-0.58003044,0.033038348
1356445581813,-0.46432054,-0.6184164,0.6340092,-0.3515842,-0.5283313,-0.7728225,0.812893,-0.5817449,0.02788964
1356445581852,-0.46630526,-0.62423575,0.62680876,-0.35139924,-0.5195506,-0.7788362,0.81183624,-0.5834355,0.022913158
1356445581890,-0.46833473,-0.6292223,0.6202757,-0.3510473,-0.51172256,-0.78415924,0.81081957,-0.5849951,0.018770754
1356445581933,-0.4704395,-0.6328826,0.61493593,-0.35029244,-0.5056715,-0.7884107,0.80992705,-0.586307,0.016193897
1356445581973,-0.47257185,-0.6350996,0.6110027,-0.34869415,-0.5019814,-0.7914714,0.80937517,-0.5870802,0.01576677
1356445582011,-0.47441816,-0.6366185,0.60798377,-0.34620866,-0.50006735,-0.7937709,0.8093621,-0.58706856,0.016838163
1356445582053,-0.47563857,-0.63811445,0.60545665,-0.342639,-0.49953532,-0.7956525,0.8101644,-0.58589613,0.01895541
1356445582092,-0.47599798,-0.6400461,0.6031309,-0.3387794,-0.49943167,-0.7973686,0.81157523,-0.58387417,0.02089402
1356445582130,-0.47541946,-0.64281654,0.6006357,-0.33508414,-0.49895674,-0.79922515,0.81344634,-0.5812307,0.021816105
1356445582172,-0.4742735,-0.64653444,0.59754324,-0.33170033,-0.49748832,-0.80154866,0.81549954,-0.5783586,0.021489829
1356445582211,-0.47148204,-0.6485987,0.5975152,-0.3306996,-0.49807227,-0.8015995,0.81752217,-0.5755378,0.02034083
1356445582250,-0.47018838,-0.6527069,0.5940509,-0.32794058,-0.4956947,-0.80420244,0.81937647,-0.5729401,0.019020855
1356445582291,-0.4663502,-0.651979,0.59786355,-0.32934403,-0.4993013,-0.80139303,0.82100546,-0.5706326,0.018123865
1356445582332,-0.46316063,-0.6506252,0.60180485,-0.33013088,-0.5035094,-0.7984309,0.8224937,-0.5684761,0.018414289
1356445582371,-0.46046805,-0.6481456,0.6065281,-0.33006012,-0.50927407,-0.79479563,0.82403237,-0.5661688,0.02057749
1356445582412,-0.45840597,-0.6445288,0.6119203,-0.32803768,-0.5172002,-0.79050314,0.8259874,-0.5631043,0.025657982
1356445582480,-0.45706218,-0.6400596,0.61759037,-0.32316005,-0.5274051,-0.78575534,0.82865053,-0.5587196,0.034215212
1356445582491,-0.45650887,-0.6353374,0.62285316,-0.31463212,-0.53954285,-0.7809611,0.83222973,-0.5524853,0.046408474
1356445582527,-0.45661783,-0.63112664,0.6270401,-0.30269778,-0.55254525,-0.7765744,0.83658487,-0.5444014,0.061261445
1356445582569,-0.45712316,-0.6277618,0.63004255,-0.28865522,-0.56532675,-0.772712,0.841259,-0.5350896,0.07721716
1356445582610,-0.45774966,-0.62495947,0.6323691,-0.27410197,-0.57741624,-0.76906335,0.84577376,-0.52537215,0.09300959
1356445582653,-0.45825946,-0.6222926,0.63462603,-0.26131076,-0.5881287,-0.76538974,0.8495381,-0.5165817,0.10690376
1356445582690,-0.45861828,-0.6194339,0.63715845,-0.25132915,-0.5973188,-0.7616061,0.85235137,-0.509423,0.11825961
1356445582730,-0.45908642,-0.6160934,0.6400536,-0.2448335,-0.6048221,-0.7577907,0.85398835,-0.504598,0.12682536
1356445582770,-0.46037835,-0.61160904,0.64341766,-0.24249367,-0.6105868,-0.7539103,0.8539606,-0.5031086,0.1327895
1356445582808,-0.46326387,-0.6061572,0.6464983,-0.2437047,-0.61424035,-0.7505444,0.85205317,-0.50525475,0.13683194
1356445582851,-0.4684438,-0.59858185,0.64981544,-0.24912614,-0.61616665,-0.7471779,0.8476417,-0.5118969,0.13951707
1356445582890,-0.47619343,-0.590898,0.65121377,-0.25693643,-0.61475277,-0.7456961,0.84096575,-0.5224162,0.14091802
1356445582931,-0.48590332,-0.5867074,0.6478212,-0.26419806,-0.6079315,-0.74874467,0.833125,-0.5349707,0.14038903
1356445582970,-0.49680012,-0.58941144,0.6370117,-0.2676893,-0.59413993,-0.7585119,0.82554966,-0.54734993,0.1373896
1356445583011,-0.5086131,-0.59987766,0.6176241,-0.26500124,-0.5734472,-0.7751984,0.819199,-0.5579472,0.13269448
1356445583052,-0.5212353,-0.6142422,0.5924697,-0.2578188,-0.5484612,-0.7954369,0.8135375,-0.5673596,0.12751406
1356445583091,-0.5353827,-0.62864083,0.56407124,-0.24772908,-0.5215978,-0.8164351,0.80746263,-0.57684195,0.123521686
1356445583133,-0.55085015,-0.6368,0.53949046,-0.24041772,-0.49793136,-0.8332249,0.79922676,-0.58868504,0.1211876
1356445583171,-0.56685793,-0.64108753,0.5173769,-0.23487902,-0.47618908,-0.8473936,0.78962266,-0.60187274,0.11935347
1356445583212,-0.5816648,-0.6408537,0.50097156,-0.23440163,-0.45769686,-0.85765344,0.7789235,-0.6162954,0.11600906
1356445583250,-0.5935459,-0.63860583,0.48978144,-0.23886988,-0.44136268,-0.864951,0.768534,-0.6303822,0.10942525
1356445583292,-0.6006362,-0.63593507,0.48458523,-0.24850678,-0.42758167,-0.8691481,0.7599215,-0.64246446,0.09878677
1356445583330,-0.60089236,-0.63489366,0.48563188,-0.2630791,-0.41661608,-0.8701841,0.75479645,-0.6506466,0.08331424
1356445583374,-0.5916026,-0.63923234,0.49131307,-0.28110057,-0.40761238,-0.86881226,0.7556381,-0.6520999,0.061455846
1356445583413,-0.56877923,-0.6592862,0.491764,-0.2968254,-0.3930695,-0.8702822,0.7670625,-0.64096653,0.027876854
1356445583490,-0.5288858,-0.69862086,0.4818805,-0.30918807,-0.3701632,-0.8760034,0.7903686,-0.6122974,-0.020231187
1356445583492,-0.47093147,-0.757994,0.45129657,-0.31690782,-0.33206373,-0.88842726,0.82328176,-0.5614078,-0.083835006
1356445583529,-0.40273994,-0.8107605,0.4248151,-0.33280742,-0.30264395,-0.89311016,0.85266626,-0.50107276,-0.14794028
1356445583574,-0.33827513,-0.83869386,0.42680496,-0.35720813,-0.30515933,-0.8827684,0.870616,-0.45107684,-0.19636041
1356445583619,-0.28357553,-0.82872707,0.48248976,-0.38794512,-0.3609903,-0.8480475,0.87697405,-0.4276651,-0.21913254
1356445583651,-0.23794776,-0.77951777,0.5794246,-0.41948053,-0.45557672,-0.78516614,0.8760234,-0.42988586,-0.21858907
1356445583689,-0.2000081,-0.6946831,0.6909503,-0.4494884,-0.56155753,-0.6947038,0.87060726,-0.44952047,-0.19993597
1356445583732,-0.1706,-0.59486294,0.7855149,-0.47466147,-0.64899194,-0.59456354,0.8634767,-0.47428623,-0.17164043
1356445583770,-0.15432084,-0.5045843,0.8494585,-0.49236327,-0.7061231,-0.50888956,0.8566,-0.49677444,-0.13946927
1356445583811,-0.15431511,-0.438746,0.88526195,-0.502243,-0.7367616,-0.45269647,0.8508459,-0.5144746,-0.106663615
1356445583850,-0.1708104,-0.3998621,0.9005188,-0.5050106,-0.74924487,-0.42848155,0.84604263,-0.52796066,-0.07395579
1356445583891,-0.20254892,-0.3869522,0.8995788,-0.50019073,-0.74886847,-0.43474728,0.8418926,-0.5380186,-0.04186742
1356445583932,-0.24625313,-0.3969235,0.8842009,-0.4856799,-0.7389473,-0.46698183,0.83873385,-0.54443425,-0.01080969
1356445583971,-0.2983802,-0.42651516,0.8538466,-0.45921355,-0.7200957,-0.5201778,0.83671504,-0.54730874,0.019000888
1356445584013,-0.3539877,-0.4654851,0.81118196,-0.42231894,-0.6943223,-0.5827205,0.8344695,-0.5488534,0.04919845
1356445584051,-0.4104724,-0.51030934,0.7557094,-0.37830454,-0.6587605,-0.6503231,0.8296975,-0.552828,0.077350706
1356445584096,-0.4621824,-0.5451649,0.6994159,-0.33795446,-0.62090486,-0.7072933,0.81986225,-0.56326926,0.10273048
1356445584132,-0.5072875,-0.5788969,0.6383869,-0.29788813,-0.5773232,-0.7602372,0.8086545,-0.57582676,0.12042233
1356445584173,-0.5424247,-0.605905,0.5819405,-0.2642764,-0.53446805,-0.80280876,0.7974544,-0.5892564,0.12978229
1356445584212,-0.56848997,-0.62752265,0.53201,-0.23650308,-0.49471706,-0.8362544,0.787963,-0.6012241,0.1328305
1356445584253,-0.5859637,-0.64397824,0.49187252,-0.21581003,-0.46105796,-0.86072737,0.7810714,-0.610506,0.13118619
1356445584292,-0.5937839,-0.65864164,0.4621815,-0.20299543,-0.43320143,-0.8781397,0.77859706,-0.615246,0.12352687
1356445584332,-0.58780384,-0.67951155,0.4390337,-0.19754907,-0.40569627,-0.89240396,0.7845132,-0.61128926,0.10423291
1356445584372,-0.5624781,-0.7146075,0.41587806,-0.19913176,-0.37109917,-0.9069906,0.80247426,-0.59297687,0.066434145
1356445584431,-0.51788807,-0.7615315,0.3896946,-0.20981923,-0.32855028,-0.9208858,0.8293178,-0.55868113,0.010368288
1356445584501,-0.46201074,-0.80937386,0.36257413,-0.23161146,-0.2845224,-0.93027043,0.8560971,-0.5137713,-0.056007862
1356445584508,-0.41153908,-0.84028697,0.35292107,-0.2632228,-0.2611459,-0.9287176,0.8725533,-0.47510052,-0.11371094
1356445584526,-0.37741268,-0.8481494,0.37175542,-0.2967305,-0.26951617,-0.9161397,0.8772176,-0.4560739,-0.14995295
1356445584565,-0.35800374,-0.83336025,0.42112225,-0.32826453,-0.3098901,-0.89230627,0.8741142,-0.4576885,-0.16262084
1356445584609,-0.3487544,-0.7964435,0.49401212,-0.35761172,-0.37414032,-0.8556476,0.8663049,-0.47507542,-0.15433449
1356445584649,-0.3419776,-0.7508317,0.56506896,-0.38275722,-0.43788618,-0.8134817,0.8582238,-0.4944768,-0.13763899
1356445584689,-0.33929795,-0.7049402,0.62284523,-0.400153,-0.4910664,-0.77377737,0.8513251,-0.5117744,-0.11546612
1356445584729,-0.34537238,-0.6703854,0.65673536,-0.4052971,-0.5246224,-0.74866927,0.846435,-0.5247426,-0.09051517
1356445584770,-0.3635792,-0.6548403,0.6625664,-0.39545244,-0.53548294,-0.74624085,0.84346163,-0.53333116,-0.064267725
1356445584810,-0.39384907,-0.6597932,0.63996553,-0.36840624,-0.5245599,-0.76753753,0.84211624,-0.5380612,-0.036474496
1356445584852,-0.43515468,-0.68498105,0.5843299,-0.32128936,-0.48813254,-0.81148005,0.8410788,-0.54085827,-0.0076640546
1356445584891,-0.4798106,-0.71187305,0.51285326,-0.26232624,-0.44139618,-0.8581109,0.8372375,-0.5462656,0.025043666
1356445584931,-0.5257726,-0.7336985,0.43040657,-0.19719014,-0.38707554,-0.90071565,0.8274535,-0.5584435,0.058835626
1356445584970,-0.57003045,-0.7322835,0.37259394,-0.1487335,-0.35402405,-0.9233338,0.80804926,-0.58174556,0.09288943
1356445585011,-0.6104207,-0.7201295,0.32984856,-0.1141887,-0.33207774,-0.93631476,0.7838032,-0.6092109,0.120476484
1356445585054,-0.64477545,-0.6996967,0.30771592,-0.09900224,-0.32273662,-0.94129676,0.7579335,-0.6373896,0.13882118
1356445585092,-0.67001563,-0.67895794,0.30015838,-0.097120196,-0.32068956,-0.9421921,0.73596644,-0.66043484,0.14892656
1356445585132,-0.68688715,-0.6568693,0.31098035,-0.110791475,-0.32825398,-0.93806964,0.7182697,-0.67880195,0.15269792
1356445585173,-0.6940258,-0.631799,0.34519285,-0.14380391,-0.34815347,-0.926342,0.705442,-0.6925454,0.1507724
1356445585213,-0.6878645,-0.60960317,0.3939879,-0.19060719,-0.37204516,-0.90843344,0.7003652,-0.69997597,0.13972181
1356445585252,-0.66488844,-0.6038434,0.43965486,-0.23773701,-0.38691795,-0.8909408,0.7080991,-0.69689846,0.1137014
1356445585292,-0.62476164,-0.6328292,0.45738417,-0.2673678,-0.3769796,-0.8867925,0.7336126,-0.6763237,0.066324174
1356445585334,-0.56794846,-0.6892797,0.44980898,-0.2858236,-0.34732276,-0.89312476,0.77184165,-0.63581485,2.489686E-4
1356445585371,-0.500724,-0.73423505,0.45844764,-0.31806138,-0.33651203,-0.8863388,0.80505425,-0.58962566,-0.065032125
1356445585417,-0.43316454,-0.7426356,0.51074535,-0.36729816,-0.37203622,-0.8524559,0.8230799,-0.55684954,-0.11161572
1356445585481,-0.36233866,-0.6999457,0.6154566,-0.4289105,-0.4610368,-0.7768404,0.82749414,-0.54545504,-0.13316262
1356445585489,-0.29191434,-0.6058004,0.74012965,-0.48984554,-0.5699476,-0.6597052,0.82148486,-0.5551266,-0.13037273
1356445585527,-0.22780067,-0.48752818,0.84286606,-0.5396111,-0.65733385,-0.5260533,0.81051016,-0.5746552,-0.11333457
1356445585570,-0.18213624,-0.37718338,0.9080524,-0.57548386,-0.707915,-0.40948105,0.79727334,-0.5971508,-0.088125974
1356445585609,-0.16066974,-0.2948462,0.94194,-0.59926176,-0.7291644,-0.3304612,0.7842644,-0.6175638,-0.059535414
1356445585652,-0.16249233,-0.24437346,0.9559696,-0.6122281,-0.7348246,-0.29190677,0.7738042,-0.632704,-0.03020893
1356445585690,-0.18410444,-0.22323124,0.9572216,-0.61311746,-0.73509353,-0.2893515,0.76823986,-0.6401602,-0.001532942
1356445585731,-0.22138852,-0.22841685,0.9480575,-0.59970844,-0.73472583,-0.31706125,0.7689844,-0.63875175,0.025676295
1356445585770,-0.26906723,-0.25561523,0.9285815,-0.5715114,-0.73367023,-0.36756313,0.7752274,-0.6295941,0.05131966
1356445585811,-0.32279885,-0.2997356,0.89775246,-0.53262603,-0.7265511,-0.43408883,0.7823749,-0.6182897,0.074882805
1356445585852,-0.37741745,-0.34983236,0.8574225,-0.4921769,-0.70852226,-0.50572526,0.78442204,-0.6128732,0.0952293
1356445585892,-0.42951518,-0.3973915,0.8109233,-0.45718604,-0.67870504,-0.5747523,0.77877945,-0.61760765,0.109832406
1356445585933,-0.47490978,-0.4324538,0.7664492,-0.4345181,-0.642136,-0.6315501,0.76528084,-0.6329653,0.11704764
1356445585972,-0.5123779,-0.45693654,0.7271024,-0.41969723,-0.6054421,-0.6762352,0.749215,-0.6516509,0.11844015
1356445586013,-0.54052746,-0.47023392,0.6976461,-0.41321933,-0.5739305,-0.7070032,0.7328573,-0.6704355,0.11591545
1356445586052,-0.5585141,-0.47519454,0.6798913,-0.4139625,-0.55060476,-0.72489274,0.71881646,-0.6863123,0.11080775
1356445586091,-0.56444585,-0.47835228,0.6727405,-0.41980752,-0.5353665,-0.7329013,0.7107478,-0.6961047,0.10136953
1356445586132,-0.55484796,-0.49036172,0.67207825,-0.42697844,-0.5254843,-0.73590463,0.7140261,-0.6952781,0.08219004
1356445586171,-0.5254668,-0.52162707,0.6721531,-0.43189013,-0.5171248,-0.7389539,0.73304534,-0.678592,0.046446294
1356445586213,-0.47405064,-0.57210934,0.6693032,-0.43473443,-0.50894815,-0.742952,0.76569045,-0.64316607,-0.007448375
1356445586252,-0.40667766,-0.62152666,0.6695655,-0.44134375,-0.5080513,-0.7396618,0.7998931,-0.5963124,-0.06769377
1356445586292,-0.3377055,-0.6457282,0.6848286,-0.45476767,-0.5250809,-0.71935827,0.8241003,-0.55436915,-0.116333574
1356445586332,-0.27846342,-0.6323271,0.722925,-0.47359228,-0.5644273,-0.6761155,0.8355648,-0.53064513,-0.14229289
1356445586375,-0.23361605,-0.5817711,0.7790802,-0.49544397,-0.6182094,-0.61020684,0.8366354,-0.52854466,-0.14381135
1356445586413,-0.19771081,-0.511242,0.8363863,-0.5173959,-0.67027307,-0.53201073,0.83259344,-0.5379271,-0.13199419
1356445586488,-0.17382234,-0.43358123,0.8841907,-0.53843486,-0.7099247,-0.45397678,0.82454455,-0.55499035,-0.11005455
1356445586491,-0.16049767,-0.36402184,0.91745764,-0.55668485,-0.73418206,-0.38868818,0.815072,-0.5731183,-0.08481088
1356445586532,-0.15849578,-0.3071745,0.93836176,-0.57109106,-0.7467494,-0.34091106,0.8054403,-0.589923,-0.057067975
1356445586573,-0.1680969,-0.2703261,0.9479806,-0.5795655,-0.75079894,-0.31686696,0.7974003,-0.60268116,-0.030464634
1356445586611,-0.18541443,-0.24785483,0.95088875,-0.5815142,-0.75236434,-0.30949813,0.79212546,-0.6103408,-0.004631847
1356445586650,-0.21181428,-0.24001418,0.9473795,-0.57680666,-0.75183445,-0.31943566,0.78894156,-0.61411583,0.020807445
1356445586691,-0.2463901,-0.2420809,0.93845016,-0.5692804,-0.7475014,-0.34228867,0.7843544,-0.6185778,0.046365038
1356445586730,-0.28714073,-0.24753548,0.9253521,-0.56495273,-0.7363631,-0.37228736,0.77354944,-0.62967896,0.07159394
1356445586772,-0.3313328,-0.25379947,0.90873784,-0.56653666,-0.7166691,-0.40672064,0.7544897,-0.64959323,0.093669266
1356445586812,-0.37505102,-0.26154476,0.889343,-0.5719727,-0.6896921,-0.44404054,0.72950935,-0.67521787,0.10907331
1356445586852,-0.41503948,-0.2733489,0.8677687,-0.5754117,-0.65994143,-0.4830928,0.7047295,-0.69982684,0.116613686
1356445586893,-0.4488262,-0.28732324,0.84616804,-0.5762744,-0.6306406,-0.5198078,0.6829808,-0.7209283,0.11747101
1356445586932,-0.47541296,-0.3014509,0.8265046,-0.57471067,-0.6048863,-0.55119896,0.66610074,-0.73704815,0.114323705
1356445586975,-0.49256098,-0.31938136,0.80955493,-0.57111573,-0.58327425,-0.57759666,0.65666616,-0.7468512,0.10489443
1356445587012,-0.49724793,-0.3430997,0.79688585,-0.56647503,-0.56730056,-0.59772575,0.65715337,-0.74863386,0.08773163
1356445587051,-0.4858057,-0.38906276,0.7827023,-0.5545209,-0.555007,-0.6200595,0.6756474,-0.7352532,0.05388218
1356445587092,-0.4526959,-0.45603725,0.7662222,-0.5378175,-0.5457582,-0.6425732,0.71120936,-0.70297796,0.0017976761
1356445587131,-0.4010402,-0.5271262,0.7492027,-0.5228373,-0.53985053,-0.6596988,0.75220203,-0.6562769,-0.059099495
1356445587171,-0.34390128,-0.57734853,0.74054074,-0.5164122,-0.5423826,-0.662676,0.78425145,-0.6103194,-0.111623734
1356445587212,-0.2960676,-0.5910168,0.75036204,-0.52053636,-0.55884117,-0.645553,0.80086577,-0.58171797,-0.14219102
1356445587253,-0.26420432,-0.56833595,0.7792242,-0.5331777,-0.5871821,-0.6090475,0.80369,-0.5763779,-0.14788797
1356445587290,-0.2449339,-0.5234534,0.8160907,-0.550165,-0.618048,-0.56154716,0.79832697,-0.5865264,-0.1366049
1356445587330,-0.23659676,-0.46846524,0.8512122,-0.56837773,-0.6438103,-0.51230365,0.78801566,-0.6050195,-0.11394173
1356445587370,-0.23787248,-0.41688547,0.8772817,-0.58391863,-0.6603912,-0.47214672,0.7761802,-0.62457186,-0.08633831
1356445587410,-0.24911052,-0.37747413,0.8918841,-0.5937405,-0.66802675,-0.44856706,0.7651249,-0.6412905,-0.057709187
1356445587478,-0.27100027,-0.3555561,0.8945048,-0.5953488,-0.6683061,-0.44601214,0.7563853,-0.65341175,-0.030568838
1356445587492,-0.30336964,-0.3541039,0.8846341,-0.5858883,-0.6628371,-0.46624243,0.75146645,-0.65974057,-0.0063807666
1356445587531,-0.34702134,-0.37590018,0.85922945,-0.562382,-0.6497693,-0.5113965,0.750535,-0.66068065,0.014084339
1356445587572,-0.3970418,-0.41365343,0.8192976,-0.5259838,-0.62898636,-0.57246584,0.7521295,-0.6582301,0.03215888
1356445587610,-0.45266253,-0.45840302,0.76482904,-0.48081985,-0.59686923,-0.64230794,0.7509388,-0.6584937,0.04977101
1356445587652,-0.51007915,-0.49514014,0.70331746,-0.43626946,-0.55576676,-0.7076668,0.74127465,-0.66780204,0.06747058
1356445587690,-0.56488585,-0.51457846,0.6450682,-0.40050673,-0.51250935,-0.7595582,0.72145575,-0.68741786,0.08341715
1356445587732,-0.613126,-0.51935655,0.595269,-0.37472856,-0.47214794,-0.79790646,0.695453,-0.7122815,0.09486848
1356445587773,-0.6519197,-0.5146245,0.55692226,-0.3585492,-0.43795496,-0.8244016,0.6681641,-0.73712766,0.100993216
1356445587812,-0.6795098,-0.50600547,0.53124845,-0.3500955,-0.41270626,-0.84089637,0.64474773,-0.757385,0.10328764
1356445587853,-0.6954986,-0.4964315,0.5194589,-0.35085705,-0.39626193,-0.84845495,0.6270416,-0.77235496,0.101423144
1356445587892,-0.6980771,-0.4902073,0.52190536,-0.36161578,-0.3877424,-0.84787375,0.6179988,-0.7806105,0.09340739
1356445587932,-0.6877952,-0.50291747,0.5234611,-0.37123471,-0.37598687,-0.84901035,0.6237967,-0.7782723,0.07190168
1356445587972,-0.6625743,-0.5414724,0.5174969,-0.37715504,-0.35573626,-0.85510576,0.6471085,-0.7617476,0.031482697
1356445588011,-0.62326175,-0.60068476,0.50072205,-0.38130227,-0.32559627,-0.8652142,0.6827543,-0.73018134,-0.026110768
1356445588054,-0.57362723,-0.65444726,0.49259573,-0.39733917,-0.30356497,-0.866008,0.71629137,-0.6924934,-0.08590442
1356445588091,-0.52020514,-0.679656,0.5171599,-0.4317404,-0.31318986,-0.84587955,0.7368764,-0.6633097,-0.130512
1356445588133,-0.46437377,-0.6665638,0.58313763,-0.4810702,-0.362983,-0.7980067,0.74359155,-0.65110356,-0.1521042
1356445588172,-0.4030844,-0.61754346,0.67539847,-0.53628314,-0.43862832,-0.72111416,0.7415682,-0.6528747,-0.15437388
1356445588210,-0.33916086,-0.5418706,0.76899046,-0.5873457,-0.516565,-0.6230455,0.73484355,-0.66297585,-0.14306676
1356445588251,-0.28063238,-0.45761314,0.84370357,-0.62713915,-0.57801527,-0.52210623,0.7265962,-0.67563945,-0.12477735
1356445588293,-0.23672312,-0.38073623,0.8938692,-0.65404654,-0.61788595,-0.4363944,0.7184604,-0.6879367,-0.102751315
1356445588332,-0.21451151,-0.32517755,0.92100185,-0.66875273,-0.63835657,-0.38114405,0.71186703,-0.69768226,-0.08052862
1356445588372,-0.21228373,-0.29091746,0.93290013,-0.6736035,-0.64805144,-0.35536978,0.70795053,-0.70384395,-0.058392227
1356445588412,-0.23276919,-0.28173935,0.9308284,-0.6677812,-0.64951926,-0.3635837,0.7070268,-0.70622075,-0.036952168
1356445588489,-0.2705562,-0.2916494,0.91746384,-0.65193826,-0.6457202,-0.3975196,0.7083613,-0.7056812,-0.015433729
1356445588490,-0.32338727,-0.3159226,0.89197165,-0.62724245,-0.6342148,-0.4520379,0.7085107,-0.7056658,0.006936997
1356445588529,-0.3867414,-0.34793672,0.85403234,-0.59651744,-0.6118694,-0.5194063,0.7032767,-0.71032107,0.029084831
1356445588568,-0.4504738,-0.37560457,0.80993485,-0.5662397,-0.58118904,-0.5844586,0.69025064,-0.7219006,0.049128205
1356445588610,-0.51018894,-0.3978119,0.7625306,-0.5374356,-0.54472625,-0.64376736,0.6714687,-0.7382541,0.06411502
1356445588654,-0.5605337,-0.4123216,0.7181873,-0.51320887,-0.5076741,-0.6920142,0.64993745,-0.75647736,0.07296127
1356445588691,-0.5985442,-0.42048556,0.6818628,-0.49390262,-0.47644806,-0.7273634,0.63071793,-0.77213293,0.07749623
1356445588733,-0.62129825,-0.420553,0.6611534,-0.48607954,-0.4549402,-0.746161,0.61458546,-0.7849616,0.078231275
1356445588771,-0.6264962,-0.41488555,0.6598276,-0.49260315,-0.44528544,-0.74770516,0.6040237,-0.7934676,0.07459569
1356445588812,-0.6220915,-0.4243766,0.65795624,-0.49690634,-0.43541926,-0.7506623,0.60505044,-0.7939234,0.059995294
1356445588862,-0.6105236,-0.47484538,0.63386333,-0.48252502,-0.41163653,-0.7731267,0.628037,-0.7778671,0.02218908
1356445588904,-0.5784652,-0.53590155,0.6149696,-0.47585145,-0.3906358,-0.78801596,0.66252804,-0.748474,-0.029040277
1356445588940,-0.538011,-0.5995761,0.592497,-0.47122023,-0.3688795,-0.80117375,0.69892466,-0.71023685,-0.08407116
1356445588983,-0.48631412,-0.63401043,0.60127324,-0.4874777,-0.37422353,-0.7888741,0.72516495,-0.67674786,-0.12707579
1356445589021,-0.42428464,-0.6231747,0.65698993,-0.52594584,-0.4210167,-0.7390033,0.73713195,-0.65908885,-0.14912516
1356445589062,-0.35248595,-0.5662716,0.7450437,-0.576075,-0.49611676,-0.64961976,0.7374899,-0.6581829,-0.15134078
1356445589108,-0.27644664,-0.47296643,0.8365884,-0.6253754,-0.572451,-0.5302882,0.7297143,-0.6697781,-0.13752943
1356445589143,-0.21246564,-0.37968123,0.9003891,-0.66051674,-0.6232409,-0.4186746,0.7201222,-0.683676,-0.11836848
1356445589181,-0.16758025,-0.29776192,0.9398163,-0.68363404,-0.6517658,-0.32839882,0.7103248,-0.6975236,-0.094337106
1356445589232,-0.15013695,-0.23922086,0.95928735,-0.696099,-0.6634425,-0.27439064,0.70207196,-0.7089551,-0.06691417
1356445589269,-0.16724068,-0.2165093,0.9618494,-0.6983368,-0.6626538,-0.270584,0.6959571,-0.71694744,-0.040373743
1356445589311,-0.20664334,-0.2185528,0.9536946,-0.69195354,-0.6564876,-0.30037373,0.6917361,-0.72198254,-0.0155695975
1356445589350,-0.2630453,-0.23933783,0.93462527,-0.67603266,-0.64542055,-0.3555445,0.6883217,-0.72536165,0.007974744
1356445589391,-0.33350784,-0.27460372,0.9018676,-0.65010697,-0.62580955,-0.43095618,0.6827396,-0.73003775,0.030190676
1356445589431,-0.40699345,-0.31058264,0.85900795,-0.6202036,-0.5964518,-0.50950223,0.67059946,-0.7401239,0.050127625
1356445589486,-0.47522837,-0.33983177,0.8115863,-0.59117454,-0.5598485,-0.5805879,0.65166765,-0.755701,0.06515598
1356445589512,-0.5285126,-0.3541793,0.7715124,-0.57225364,-0.52265346,-0.6319487,0.6270567,-0.7754936,0.073548526
1356445589552,-0.56666917,-0.36027902,0.74100274,-0.5600323,-0.49124008,-0.6671184,0.604359,-0.7930209,0.0766027
1356445589626,-0.5884308,-0.35812667,0.72490984,-0.55763555,-0.4694631,-0.6845778,0.5854841,-0.80706227,0.07654244
1356445589630,-0.59219444,-0.34673327,0.72738,-0.56873405,-0.45961457,-0.682126,0.5708303,-0.817637,0.074982226
1356445589669,-0.5750943,-0.32603437,0.750312,-0.59555274,-0.46194828,-0.65720665,0.5608773,-0.8248062,0.07149321
1356445589711,-0.5489029,-0.3144166,0.77449834,-0.6214536,-0.4661553,-0.62967813,0.5590178,-0.826947,0.060478747
1356445589752,-0.5131246,-0.32335627,0.7950747,-0.6412528,-0.47130436,-0.6055303,0.5705242,-0.82055646,0.034484804
1356445589792,-0.47072893,-0.3626911,0.80428195,-0.64847773,-0.47588974,-0.59414274,0.5982398,-0.8012391,-0.01118207
1356445589832,-0.41690373,-0.41591838,0.80820984,-0.651297,-0.48354626,-0.5848035,0.63403744,-0.7701914,-0.069294095
1356445589872,-0.34983933,-0.45460987,0.81911063,-0.6599977,-0.5009194,-0.55989516,0.66484237,-0.7364845,-0.124800116
1356445589912,-0.27081996,-0.4530787,0.8493387,-0.67895144,-0.53556705,-0.5021879,0.6824085,-0.7126623,-0.16257611
1356445589953,-0.18985581,-0.4075077,0.89324814,-0.7018138,-0.57990444,-0.4137248,0.68659467,-0.70544195,-0.17589626
1356445590000,-0.116105795,-0.32884794,0.9372184,-0.7227506,-0.61926675,-0.30682296,0.68128633,-0.71299917,-0.16577461
1356445590041,-0.0639928,-0.25491297,0.96484417,-0.73593897,-0.6409409,-0.21814814,0.6740169,-0.7240263,-0.14658481
1356445590084,-0.036920488,-0.19640863,0.9798268,-0.7437805,-0.64943165,-0.15820622,0.6674036,-0.7346171,-0.122107625
1356445590121,-0.03557539,-0.1589807,0.9866406,-0.74772525,-0.65079117,-0.13182497,0.6630546,-0.7424258,-0.09572174
1356445590164,-0.05558604,-0.13888568,0.98874724,-0.7477346,-0.65045863,-0.13340414,0.661667,-0.7467359,-0.06769325
1356445590202,-0.09648913,-0.13696384,0.98586553,-0.74269736,-0.6495049,-0.16292372,0.6626391,-0.74792004,-0.03905256
1356445590241,-0.1513083,-0.14663815,0.9775495,-0.7311524,-0.6489226,-0.2105124,0.6652232,-0.74658996,-0.0090274215
1356445590281,-0.2191937,-0.16916424,0.9609045,-0.71257347,-0.64498883,-0.27609473,0.66647816,-0.74523336,0.020835608
1356445590321,-0.2909341,-0.19500089,0.93666005,-0.69112843,-0.6341499,-0.34669212,0.6615881,-0.748217,0.049725145
1356445590361,-0.36372507,-0.22303453,0.90441126,-0.66905606,-0.61299366,-0.42024153,0.64812666,-0.7579542,0.073738486
1356445590402,-0.42930108,-0.2463227,0.86892223,-0.6507009,-0.58283955,-0.48671,0.6263299,-0.77435356,0.08993113
1356445590442,-0.48479724,-0.26549023,0.83335865,-0.63477385,-0.54867995,-0.5440704,0.60169256,-0.79275805,0.09747228
1356445590481,-0.52736235,-0.27956605,0.80232906,-0.6216991,-0.51668006,-0.5886698,0.57911944,-0.8092495,0.098671585
1356445590519,-0.55545115,-0.28734753,0.7803238,-0.6137754,-0.49144477,-0.6178687,0.56102914,-0.82213944,0.09660679
1356445590561,-0.56863075,-0.28964442,0.7699124,-0.6131214,-0.4747404,-0.6314298,0.5483987,-0.8311002,0.09236485
1356445590602,-0.567871,-0.29342964,0.76903933,-0.61800444,-0.46513104,-0.6338167,0.54368466,-0.8351959,0.08279359
1356445590642,-0.5530253,-0.30937955,0.7735938,-0.62484765,-0.46016788,-0.6307226,0.55111563,-0.8321838,0.061169326
1356445590682,-0.5257099,-0.35478222,0.7731486,-0.62537557,-0.45493197,-0.6339892,0.57665807,-0.8168026,0.017290056
1356445590723,-0.48178154,-0.42162198,0.76819366,-0.6240788,-0.4503101,-0.6385503,0.6151522,-0.78705513,-0.04617423
1356445590763,-0.4235425,-0.49114156,0.7611778,-0.6256318,-0.4490888,-0.6378902,0.65513086,-0.7463907,-0.11706555
1356445590802,-0.35441595,-0.5266916,0.7726483,-0.640039,-0.46575773,-0.61108094,0.68171805,-0.71110183,-0.17203122
1356445590845,-0.28592116,-0.5147492,0.8082588,-0.66404194,-0.50168,-0.5544055,0.69086707,-0.695234,-0.19837412
1356445590883,-0.21862811,-0.4667256,0.85695326,-0.6902199,-0.54681766,-0.47390598,0.6897813,-0.69509536,-0.20259348
1356445590922,-0.16216856,-0.39483333,0.90432745,-0.7140366,-0.5855889,-0.38371533,0.68106765,-0.70794946,-0.18696141
1356445590960,-0.11959022,-0.31723267,0.9407771,-0.7335426,-0.6103163,-0.2990472,0.6690392,-0.7258632,-0.15971583
1356445591001,-0.09413284,-0.24832754,0.9640915,-0.7480771,-0.62133193,-0.23308209,0.65690154,-0.7431555,-0.12728041
1356445591040,-0.086711705,-0.19443709,0.97707486,-0.75782454,-0.6237588,-0.19138157,0.6466707,-0.75704634,-0.09326202
1356445591081,-0.096728384,-0.15764755,0.98274666,-0.76290476,-0.62239474,-0.17493173,0.6392339,-0.76666296,-0.06006682
1356445591120,-0.120720744,-0.13434395,0.9835539,-0.76316917,-0.6210558,-0.17850101,0.63482237,-0.7721667,-0.027552873
1356445591161,-0.15629542,-0.12106985,0.9802621,-0.75852823,-0.6209476,-0.19763339,0.63261884,-0.7744457,0.00521636
1356445591202,-0.19922143,-0.11159769,0.9735794,-0.75089836,-0.6209681,-0.22483385,0.6296526,-0.7758509,0.039911598
1356445591241,-0.24612564,-0.10445416,0.963593,-0.7437979,-0.6170733,-0.25687566,0.62143934,-0.77994215,0.074184865
1356445591282,-0.29081565,-0.094875515,0.95206344,-0.7425093,-0.60518223,-0.28711358,0.60341203,-0.79041314,0.10555065
1356445591333,-0.33207172,-0.08743659,0.93919283,-0.7473419,-0.58311397,-0.3185252,0.5755072,-0.8076713,0.12829065
1356445591391,-0.37007368,-0.090405315,0.9245931,-0.7482066,-0.56093097,-0.35432097,0.5506654,-0.8229115,0.13994393
1356445591416,-0.40104687,-0.09919855,0.91067064,-0.746248,-0.54119194,-0.38758898,0.5312959,-0.83502746,0.14301658
1356445591483,-0.42437673,-0.11316106,0.8983869,-0.74262345,-0.52418333,-0.41682404,0.5180877,-0.84405357,0.13841507
1356445591496,-0.4366277,-0.12871084,0.8903874,-0.73943686,-0.5123948,-0.43667445,0.5124346,-0.84904945,0.12855226
1356445591536,-0.44080663,-0.15479112,0.8841545,-0.7334844,-0.50565755,-0.45421475,0.5173878,-0.84873444,0.10936034
1356445591578,-0.43969917,-0.20798737,0.87373096,-0.71867436,-0.50198525,-0.4811631,0.53867596,-0.83949506,0.07124737
1356445591622,-0.4309523,-0.29181585,0.8538874,-0.6954011,-0.4956358,-0.5203485,0.57506305,-0.8180396,0.010666281
1356445591661,-0.41236514,-0.3911783,0.82276034,-0.6709171,-0.4805591,-0.56474173,0.6162996,-0.78488374,-0.06428236
1356445591703,-0.38393342,-0.47244394,0.7933423,-0.6579722,-0.4628147,-0.594033,0.6478177,-0.7500663,-0.133165
1356445591742,-0.35102886,-0.51305616,0.78329575,-0.66098297,-0.45674872,-0.59538406,0.6632347,-0.7267421,-0.17878944
1356445591784,-0.31913728,-0.51120424,0.79801106,-0.67577946,-0.46760124,-0.5697993,0.6644348,-0.7211237,-0.19623232
1356445591821,-0.2932189,-0.48200342,0.8256484,-0.69441366,-0.48621368,-0.5304582,0.6571243,-0.72888196,-0.1921427
1356445591863,-0.27749777,-0.43649763,0.85584164,-0.7127803,-0.50375146,-0.48803562,0.6441579,-0.7454558,-0.17133704
1356445591902,-0.28212255,-0.39672065,0.8735099,-0.7236482,-0.50978214,-0.4652478,0.62987316,-0.7633708,-0.14326516
1356445591943,-0.30634344,-0.3654548,0.8789747,-0.7258831,-0.507677,-0.46406633,0.61583054,-0.7801966,-0.10975391
1356445591983,-0.35940617,-0.35602266,0.8625978,-0.7111681,-0.49400103,-0.5002028,0.60420775,-0.79322803,-0.07564491
1356445592019,-0.4319802,-0.36476213,0.8248284,-0.6757477,-0.4747842,-0.56386626,0.5972924,-0.8009548,-0.041389823
1356445592058,-0.5252825,-0.39821124,0.75200135,-0.6076224,-0.44315392,-0.6590976,0.59571236,-0.80314535,-0.009181082
1356445592098,-0.6176613,-0.444196,0.64898735,-0.51018006,-0.40170002,-0.76049554,0.5985072,-0.80082905,0.021494567
1356445592138,-0.69630486,-0.49040374,0.5240836,-0.39360532,-0.34969342,-0.85017014,0.6001953,-0.79825974,0.05046779
1356445592182,-0.75199866,-0.52025867,0.40475774,-0.284323,-0.29797453,-0.9112472,0.5946918,-0.8003387,0.07615501
1356445592219,-0.7886818,-0.52877426,0.313654,-0.20309079,-0.2574575,-0.9447062,0.5802889,-0.8087728,0.09566277
1356445592266,-0.81371117,-0.5229808,0.25370285,-0.15234722,-0.22932309,-0.96135384,0.56094956,-0.8209153,0.10692817
1356445592304,-0.8304699,-0.51199734,0.21949582,-0.12563421,-0.21172822,-0.9692198,0.54271144,-0.8324841,0.11150962
1356445592342,-0.8407601,-0.4993542,0.2092073,-0.12017587,-0.20464689,-0.97143054,0.5279016,-0.84188175,0.112048686
1356445592383,-0.8449653,-0.48661774,0.22189344,-0.1351638,-0.20712554,-0.9689322,0.51745945,-0.84870607,0.10924083
1356445592422,-0.84077257,-0.47529024,0.2592308,-0.17267942,-0.21838737,-0.96046275,0.51311135,-0.8522946,0.10154134
1356445592493,-0.8256952,-0.4775556,0.30027983,-0.21649662,-0.223279,-0.95040816,0.52091897,-0.84975713,0.0809713
1356445592500,-0.7967462,-0.5020093,0.3364258,-0.26115066,-0.21602023,-0.94081646,0.5449734,-0.8374497,0.04101318
1356445592543,-0.7552844,-0.557518,0.34455642,-0.2921732,-0.1841734,-0.93846416,0.5866687,-0.80947757,-0.023788512
1356445592582,-0.7034777,-0.61262584,0.3602897,-0.335074,-0.16117686,-0.92830354,0.6267731,-0.77376455,-0.09189069
1356445592621,-0.65086776,-0.6511981,0.39027193,-0.38541597,-0.15947086,-0.90885836,0.65408385,-0.7419637,-0.14718771
1356445592664,-0.59594387,-0.6583983,0.45974195,-0.45061806,-0.19969147,-0.87009585,0.6646761,-0.7256963,-0.17768121
1356445592701,-0.5351955,-0.6308765,0.56174797,-0.52378327,-0.27388978,-0.8066199,0.66273445,-0.72593343,-0.18385798
1356445592742,-0.46880984,-0.57254237,0.67261624,-0.5943158,-0.35887873,-0.7197186,0.65345705,-0.7371576,-0.17202508
1356445592782,-0.404521,-0.49627352,0.76816356,-0.65244246,-0.4319818,-0.62266403,0.64084446,-0.75306326,-0.14904416
1356445592825,-0.35332578,-0.41765207,0.8370947,-0.69392973,-0.48309553,-0.53392905,0.6273933,-0.76953584,-0.11913106
1356445592861,-0.32636976,-0.35486192,0.8761026,-0.7175835,-0.51028585,-0.4740067,0.6152697,-0.7833782,-0.08810118
1356445592903,-0.3196131,-0.3057068,0.89687836,-0.7294641,-0.52471936,-0.43880707,0.60475576,-0.7944891,-0.05529487
1356445592942,-0.33989376,-0.27834114,0.8983309,-0.72757673,-0.5274193,-0.43870384,0.5959064,-0.8027174,-0.023248047
1356445592988,-0.3764904,-0.26360646,0.8881253,-0.715678,-0.5259842,-0.4595058,0.58826864,-0.8086113,0.009370685
1356445593021,-0.43588728,-0.26760334,0.85929656,-0.6886022,-0.51561224,-0.5098735,0.5795077,-0.8139609,0.04047662
1356445593062,-0.49830973,-0.27171507,0.8233216,-0.65771234,-0.500253,-0.5631709,0.5648911,-0.82214224,0.0705705
1356445593100,-0.56292117,-0.27575022,0.7791543,-0.62382466,-0.47665244,-0.6193909,0.54218304,-0.834724,0.09629804
1356445593139,-0.6241908,-0.2797197,0.7294811,-0.5885217,-0.44574928,-0.6744996,0.5138365,-0.85033196,0.11361146
1356445593193,-0.67675763,-0.28189614,0.68009835,-0.5572171,-0.4076171,-0.7234345,0.48115307,-0.86855227,0.11878055
1356445593232,-0.7227741,-0.29145515,0.62661916,-0.5175583,-0.37257767,-0.77027225,0.4579641,-0.88104475,0.11844438
1356445593273,-0.75439274,-0.3031721,0.5822183,-0.4826126,-0.34504443,-0.8050027,0.44494557,-0.8882741,0.113984406
1356445593312,-0.7687864,-0.3136369,0.5573144,-0.46334934,-0.3274653,-0.8234524,0.4407662,-0.89129025,0.10642749
1356445593357,-0.77291256,-0.33759612,0.5372475,-0.44712412,-0.3109821,-0.83867157,0.45020667,-0.8884362,0.089414656
1356445593392,-0.7616434,-0.3720821,0.5305225,-0.44412404,-0.2964307,-0.8455073,0.4718613,-0.87959296,0.060523868
1356445593431,-0.74783206,-0.4393031,0.49775493,-0.4233272,-0.26201832,-0.86726034,0.5114111,-0.8592783,0.009976745
1356445593492,-0.7231125,-0.52207744,0.45226473,-0.40346038,-0.21221048,-0.89004856,0.5606496,-0.8260762,-0.05718553
1356445593512,-0.68753374,-0.5927676,0.41943294,-0.4034672,-0.1684053,-0.89936304,0.603748,-0.7875699,-0.12337804
1356445593552,-0.64588743,-0.6325495,0.42744663,-0.43168727,-0.15918726,-0.8878657,0.6296631,-0.7579846,-0.17024648
1356445593592,-0.5990897,-0.63627225,0.48605472,-0.48372716,-0.1961264,-0.852961,0.6380436,-0.746118,-0.19028485
1356445593632,-0.54340804,-0.602999,0.5840377,-0.55070007,-0.26903433,-0.7901583,0.63359076,-0.7510079,-0.18587619
1356445593673,-0.48058796,-0.54154223,0.6897588,-0.61760944,-0.3493793,-0.70462227,0.62257016,-0.7646346,-0.1665541
1356445593713,-0.41880298,-0.46300387,0.7811731,-0.67447126,-0.4173963,-0.6089901,0.6080235,-0.7819257,-0.13747597
1356445593753,-0.37707472,-0.39240524,0.8389474,-0.71070397,-0.4582445,-0.5337713,0.5938977,-0.7975149,-0.10609156
1356445593794,-0.36019385,-0.33782315,0.8695607,-0.7287954,-0.4799679,-0.4883523,0.582338,-0.8096334,-0.073322445
1356445593832,-0.3835215,-0.3149287,0.86817694,-0.7228777,-0.48268843,-0.49442872,0.5747688,-0.8172097,-0.042533576
1356445593872,-0.43439424,-0.3165293,0.8432739,-0.6952988,-0.47731835,-0.53733313,0.5725918,-0.8197417,-0.012738198
1356445593910,-0.5173283,-0.3475665,0.7820288,-0.6339502,-0.4582088,-0.6230185,0.57487273,-0.8180723,0.0167045
1356445593952,-0.6178321,-0.39971244,0.67713624,-0.5335289,-0.41948593,-0.73442394,0.57760745,-0.8150224,0.045913637
1356445593991,-0.7087659,-0.45013326,0.5431675,-0.40986544,-0.36391503,-0.8364067,0.5741613,-0.8154422,0.0734365
1356445594043,-0.7712396,-0.47632065,0.42226553,-0.3016521,-0.31066698,-0.9013834,0.5605315,-0.82255983,0.095915556
1356445594075,-0.80590093,-0.46155572,0.37079644,-0.26068407,-0.2856822,-0.9221874,0.5315708,-0.8398524,0.10991132
1356445594118,-0.8281404,-0.4400916,0.34713534,-0.24666773,-0.26997858,-0.9307345,0.50332755,-0.85640585,0.11502367
1356445594159,-0.8377353,-0.41588628,0.35389015,-0.26043487,-0.2653299,-0.9283177,0.4799722,-0.86984986,0.113964856
1356445594201,-0.8340737,-0.39027137,0.38988382,-0.3005445,-0.27118242,-0.9144032,0.462595,-0.87985706,0.10889214
1356445594241,-0.8136265,-0.3647582,0.4527288,-0.3647582,-0.28611875,-0.88605165,0.4527288,-0.88605165,0.09974527
1356445594281,-0.7755018,-0.3471588,0.5273308,-0.43921173,-0.30335182,-0.8456186,0.45353067,-0.8873886,0.082773685
1356445594320,-0.72720325,-0.3549793,0.5875076,-0.49937698,-0.31363916,-0.8076219,0.47095445,-0.880693,0.050810933
1356445594363,-0.67789996,-0.40034017,0.6165869,-0.53193253,-0.31181675,-0.78728527,0.507444,-0.8616833,-0.0015733838
1356445594403,-0.62671834,-0.47400007,0.61850464,-0.5454675,-0.29998332,-0.7826079,0.55649734,-0.8278489,-0.07054663
1356445594442,-0.5594967,-0.5381394,0.6303725,-0.5702023,-0.30206043,-0.76395607,0.6015254,-0.7868707,-0.13784647
1356445594482,-0.46771783,-0.5597942,0.6840107,-0.61905277,-0.3448965,-0.70556366,0.6308833,-0.75344336,-0.18522787
1356445594520,-0.34527665,-0.5190291,0.7819162,-0.68344015,-0.4319362,-0.58850724,0.6431902,-0.73759073,-0.20558786
1356445594565,-0.20189482,-0.41496962,0.88715196,-0.7400554,-0.5286795,-0.41571152,0.6415267,-0.7404716,-0.20036286
1356445594601,-0.072585106,-0.29089022,0.95399904,-0.77085245,-0.59058803,-0.23873049,0.63286483,-0.75272083,-0.18136555
1356445594644,0.022093654,-0.17547664,0.98423564,-0.78469455,-0.61306435,-0.09168708,0.6194887,-0.77029866,-0.15124041
1356445594681,0.07376945,-0.09247127,0.99297893,-0.79177296,-0.6108124,0.0019396245,0.60634446,-0.7863569,-0.11827555
1356445594723,0.09409469,-0.034788042,0.99495524,-0.7973186,-0.6011032,0.054386586,0.5961788,-0.7984139,-0.08429773
1356445594762,0.087085366,2.3451447E-4,0.9962008,-0.8019892,-0.59319353,0.0702475,0.59095633,-0.8050599,-0.051470414
1356445594802,0.058217168,0.017275035,0.9981545,-0.80435324,-0.59139663,0.057149053,0.5912924,-0.8061958,-0.020534232
1356445594839,0.011334479,0.01975295,0.99974066,-0.8034533,-0.59500206,0.020865232,0.59525985,-0.80348146,0.009126484
1356445594881,-0.049528062,0.010922343,0.998713,-0.8001064,-0.59894276,-0.03312847,0.59781003,-0.8007175,0.03840345
1356445594920,-0.12028837,-0.006742537,0.9927161,-0.7963563,-0.59641176,-0.10054612,0.59274554,-0.8026503,0.06637198
1356445594961,-0.19558859,-0.030593008,0.9802087,-0.7926918,-0.58354765,-0.1763849,0.57739466,-0.81150234,0.08988449
1356445595003,-0.2692821,-0.0576019,0.96133715,-0.78813696,-0.5604872,-0.25435024,0.5534683,-0.8261574,0.10553104
1356445595051,-0.337039,-0.086502194,0.93750846,-0.7803643,-0.5314224,-0.32957825,0.5267222,-0.8426788,0.11160684
1356445595091,-0.39237714,-0.11210123,0.9129477,-0.7682917,-0.5057864,-0.39231092,0.5057351,-0.855344,0.11233261
1356445595132,-0.4306661,-0.13171867,0.8928476,-0.75697684,-0.48597515,-0.43682283,0.4914394,-0.8639898,0.10958502
1356445595172,-0.45091748,-0.14750278,0.88029337,-0.7495257,-0.47294307,-0.46318042,0.48464906,-0.86865866,0.10270116
1356445595210,-0.4578042,-0.17125481,0.872403,-0.7425149,-0.4660343,-0.48112744,0.48896512,-0.8680344,0.086193204
1356445595253,-0.45448762,-0.21659687,0.86401784,-0.73117447,-0.46328634,-0.50074905,0.5087483,-0.859332,0.05218777
1356445595291,-0.44142723,-0.29112566,0.8487566,-0.7130494,-0.46039903,-0.52876574,0.544704,-0.838617,-0.004354328
