1356445464012,0.6806135,-0.12831524,-0.72131854,0.7233211,-0.038866907,0.6894171,-0.11649817,-0.99097157,0.06635979
1356445464036,-0.064453065,0.07421279,0.9951575,-0.9910978,0.111653924,-0.07251659,-0.116494924,-0.9909723,0.066355646
1356445464078,-0.06449753,0.07418844,0.9951563,-0.99110067,0.111602545,-0.07255462,-0.11644471,-0.9909798,0.066330135
1356445464124,-0.064646184,0.07418743,0.9951469,-0.9911114,0.111420035,-0.07269025,-0.116272,-0.9910004,0.06632513
1356445464163,-0.065066576,0.07432711,0.99510896,-0.9911282,0.11100286,-0.07309738,-0.11589301,-0.9910368,0.06644517
1356445464202,-0.06632507,0.074700475,0.99499786,-0.9911108,0.11032504,-0.07434875,-0.115327,-0.9910844,0.066719115
1356445464244,-0.06914157,0.07531026,0.99476016,-0.9909915,0.10945958,-0.07716647,-0.11469743,-0.9911343,0.06706357
1356445464282,-0.07392627,0.07617584,0.9943501,-0.99070776,0.10853201,-0.08196998,-0.11416289,-0.99117005,0.06744468
1356445464322,-0.08006883,0.07739344,0.99378026,-0.9902723,0.10764301,-0.08816925,-0.11379719,-0.9911727,0.068021774
1356445464363,-0.08733481,0.07913524,0.9930308,-0.989683,0.106761575,-0.0955483,-0.11357877,-0.9911305,0.06899482
1356445464403,-0.09472871,0.081450015,0.99216557,-0.9890219,0.10584241,-0.103117466,-0.11341217,-0.99104154,0.0705294
1356445464444,-0.10108769,0.084522635,0.99128056,-0.9884285,0.104733646,-0.109727085,-0.11309481,-0.990902,0.07295734
1356445464481,-0.10722035,0.087816864,0.99034935,-0.9878551,0.103254795,-0.11610621,-0.112454355,-0.99077064,0.07567936
1356445464524,-0.11266917,0.090786815,0.9894763,-0.98740053,0.10112661,-0.12171137,-0.11111212,-0.99072254,0.0782491
1356445464562,-0.11874735,0.09253609,0.9886032,-0.98692715,0.09826684,-0.12774411,-0.10896784,-0.99084854,0.079657435
1356445464602,-0.12645614,0.09212896,0.98768467,-0.9862921,0.094721615,-0.13511333,-0.10600287,-0.99123156,0.078888
1356445464643,-0.13628793,0.08899525,0.9866638,-0.9853828,0.0905751,-0.14428067,-0.10220745,-0.9919052,0.075350165
1356445464683,-0.148229,0.08299947,0.9854641,-0.98413825,0.08582997,-0.1552585,-0.09746876,-0.9928466,0.06896043
1356445464722,-0.16237086,0.07409853,0.9839437,-0.9824651,0.08047068,-0.16818687,-0.09164107,-0.9939989,0.059733093
1356445464761,-0.17600232,0.06403613,0.9823047,-0.98065126,0.07547891,-0.1806266,-0.08570993,-0.99508905,0.049512684
1356445464802,-0.18882573,0.0534696,0.98055387,-0.9787125,0.07152122,-0.19237116,-0.08041641,-0.99600494,0.038826287
1356445464843,-0.19972432,0.042931885,0.9789111,-0.97683907,0.0695613,-0.20235234,-0.07678169,-0.9966534,0.028044522
1356445464888,-0.20903689,0.031922102,0.9773866,-0.97502244,0.069916725,-0.21081477,-0.075065285,-0.9970419,0.016509593
1356445464924,-0.22112948,0.017290622,0.9750911,-0.97234285,0.07316035,-0.2218036,-0.07517305,-0.99717027,6.3455105E-4
1356445464963,-0.23384583,-0.0017574728,0.97227204,-0.9693073,0.07847589,-0.23299095,-0.07589039,-0.9969144,-0.020054758
1356445465004,-0.25122797,-0.028221905,0.9675164,-0.9649038,0.08625573,-0.24803355,-0.076453835,-0.9958732,-0.04890126
1356445465064,-0.2623939,-0.05885628,0.96316427,-0.9619129,0.0952248,-0.25623408,-0.076636136,-0.99371433,-0.08160102
1356445465083,-0.27032107,-0.09399444,0.958171,-0.959701,0.10571098,-0.26038277,-0.07681468,-0.9899446,-0.11878246
1356445465124,-0.26937145,-0.1331625,0.9537855,-0.9599019,0.116966605,-0.25476864,-0.07763547,-0.98416793,-0.15933043
1356445465161,-0.2578956,-0.17580065,0.95004416,-0.9629079,0.12753505,-0.23778784,-0.079360604,-0.97612953,-0.20217055
1356445465204,-0.23899919,-0.22240919,0.94520557,-0.96757704,0.13644415,-0.21255025,-0.08169463,-0.9653585,-0.2478081
1356445465242,-0.21557295,-0.27352592,0.93739635,-0.97288895,0.14250302,-0.1821537,-0.083758056,-0.95124996,-0.29683018
1356445465284,-0.19209301,-0.32914522,0.9245343,-0.9777281,0.14534754,-0.15139982,-0.08454624,-0.93302596,-0.34973472
1356445465323,-0.16901776,-0.38607574,0.9068509,-0.98203695,0.14427301,-0.12160912,-0.08388376,-0.91111517,-0.4035253
1356445465366,-0.15526614,-0.4432592,0.8828442,-0.98443925,0.14387068,-0.10089895,-0.08229104,-0.88477266,-0.4587
1356445465402,-0.14192617,-0.4945813,0.857465,-0.9865564,0.1415689,-0.081636995,-0.081014186,-0.85752404,-0.5080247
1356445465443,-0.13140485,-0.5370475,0.83325434,-0.98801434,0.13962641,-0.065818906,-0.080996454,-0.83191615,-0.5489582
1356445465483,-0.11364122,-0.56694937,0.81587636,-0.9901006,0.13271724,-0.045683682,-0.08238056,-0.81299114,-0.57641906
1356445465524,-0.081283525,-0.5811114,0.80975467,-0.9930386,0.116708025,-0.015927374,-0.085249305,-0.80541223,-0.58655244
1356445465562,-0.035480425,-0.5810765,0.8130751,-0.9955509,0.09161343,0.022029698,-0.08728951,-0.80867606,-0.58174175
1356445465602,0.027632669,-0.56412524,0.82522666,-0.9959441,0.055177942,0.071068734,-0.08562595,-0.8238435,-0.56031245
1356445465644,0.10489474,-0.5290478,0.84208405,-0.99143296,0.010639295,0.13018271,-0.07783204,-0.8485254,-0.52339935
1356445465681,0.18521082,-0.47862527,0.85826266,-0.9806154,-0.03317517,0.19311354,-0.06395599,-0.8773923,-0.4754917
1356445465721,0.26157886,-0.414957,0.87142825,-0.96415883,-0.07077652,0.25571164,-0.04443267,-0.907084,-0.41859806
1356445465761,0.32380867,-0.34353027,0.8815526,-0.9458808,-0.096478835,0.30984086,-0.02138853,-0.9341728,-0.35617936
1356445465800,0.36592245,-0.27020657,0.8905555,-0.9306425,-0.10861653,0.34943813,0.0023085773,-0.95665604,-0.29121095
1356445465841,0.38488013,-0.20035642,0.9009576,-0.9226704,-0.10824865,0.37008306,0.023378968,-0.9737245,-0.22652566
1356445465881,0.38110995,-0.13717479,0.9142966,-0.92370087,-0.098362505,0.37027228,0.039140463,-0.985651,-0.16419539
1356445465921,0.35168788,-0.08484876,0.93226415,-0.93486404,-0.083351105,0.34508258,0.048425376,-0.9929015,-0.108635634
1356445465962,0.3034271,-0.04293987,0.9518866,-0.95153177,-0.06627673,0.30032417,0.050192058,-0.99687684,-0.060968816
1356445466001,0.23399752,-0.010790288,0.97217727,-0.9711579,-0.049697578,0.23320058,0.04579851,-0.9987061,-0.022108197
1356445466059,0.15595037,0.015237927,0.9876474,-0.9871634,-0.03248477,0.15637511,0.034466296,-0.9993561,0.009976298
1356445466081,0.07329357,0.037418514,0.99660814,-0.99716604,-0.014256418,0.073869824,0.016972154,-0.99919796,0.03626758
1356445466123,-0.0064933896,0.056479692,0.9983826,-0.9999691,0.0040558577,-0.006733179,-0.004429519,-0.99839556,0.05645162
1356445466205,-0.0783177,0.071563125,0.9943565,-0.99661624,0.01933825,-0.07988748,-0.024946064,-0.99724853,0.069806516
1356445466206,-0.13731384,0.08159116,0.98716146,-0.9896581,0.030447483,-0.1401777,-0.041493833,-0.9962007,0.07656646
1356445466226,-0.17829299,0.087558866,0.98007405,-0.9825387,0.03800136,-0.18213633,-0.05319181,-0.9954343,0.07925457
1356445466267,-0.20694005,0.08737561,0.9744441,-0.97649574,0.04290557,-0.21122295,-0.060264766,-0.995251,0.076443076
1356445466308,-0.21720022,0.07901591,0.97292376,-0.974065,0.047207654,-0.22128901,-0.06341481,-0.99575496,0.066713095
1356445466365,-0.22167253,0.04925704,0.97387624,-0.97323155,0.05096954,-0.22410375,-0.060676664,-0.99748474,0.03663999
1356445466402,-0.20148838,-7.8713894E-4,0.9794906,-0.9780256,0.054839313,-0.201143,-0.053556263,-0.99849486,-0.011819303
1356445466446,-0.19951057,-0.08602232,0.9761126,-0.9791319,0.056824327,-0.19511989,-0.038682252,-0.99467146,-0.095564246
1356445466482,-0.19715366,-0.19204536,0.9613787,-0.9801885,0.057618946,-0.18950108,-0.019000828,-0.9796932,-0.1996004
1356445466525,-0.19836822,-0.30383098,0.9318459,-0.9801253,0.059454232,-0.18926054,0.002101034,-0.950869,-0.30958623
1356445466563,-0.17812943,-0.3890569,0.9038278,-0.9838475,0.053875864,-0.17070884,0.017720908,-0.919637,-0.39236957
1356445466605,-0.13642323,-0.4343308,0.8903625,-0.9902998,0.035874188,-0.13423592,0.026361734,-0.9000388,-0.4350118
1356445466641,-0.08333263,-0.44887674,0.8896995,-0.9960146,0.009038299,-0.088730484,0.031787694,-0.8935479,-0.447841
1356445466682,-0.025057495,-0.4358091,0.8996902,-0.99900997,-0.022174478,-0.03856498,0.03675717,-0.8997659,-0.43482202
1356445466720,0.02668655,-0.40334085,0.9146606,-0.9987395,-0.049668968,0.0072369277,0.042511314,-0.9137008,-0.40415794
1356445466761,0.06400049,-0.35808694,0.9314922,-0.99675155,-0.06866592,0.042087615,0.04889071,-0.9311599,-0.3613184
1356445466801,0.08291024,-0.30366257,0.94916534,-0.99504924,-0.07759863,0.062092364,0.05479884,-0.94961435,-0.30859292
1356445466841,0.07715309,-0.24547255,0.9663284,-0.9953022,-0.07581967,0.060206234,0.058487743,-0.96643394,-0.2501691
1356445466880,0.04791063,-0.1861411,0.98135424,-0.9971403,-0.06639993,0.036086738,0.05844465,-0.98027676,-0.18879002
1356445466921,-0.0075338483,-0.12936622,0.9915683,-0.99850756,-0.052665472,-0.014457643,0.05409172,-0.99019736,-0.12877637
1356445466962,-0.08664286,-0.07725027,0.9932399,-0.99521255,-0.038545787,-0.089812875,0.045223236,-0.99626637,-0.07354075
1356445467001,-0.18693328,-0.032173067,0.9818456,-0.9818257,-0.02722603,-0.18782166,0.032774597,-0.9991114,-0.026498854
1356445467062,-0.29023725,0.0070925653,0.9569284,-0.9568211,-0.018862545,-0.29006487,0.01599279,-0.9997969,0.012260914
1356445467081,-0.39127713,0.038980007,0.91944706,-0.92027014,-0.014091015,-0.39102998,-0.0022864342,-0.99914074,0.04138559
1356445467120,-0.47929353,0.062187523,0.8754487,-0.8774481,-0.012311161,-0.47951365,-0.019041926,-0.9979886,0.060467005
1356445467162,-0.55091137,0.0757457,0.83111924,-0.83397263,-0.012490451,-0.5516644,-0.03140515,-0.9970489,0.070050955
1356445467201,-0.602311,0.081150174,0.79412603,-0.79732263,-0.0129211545,-0.6034151,-0.038706213,-0.9966182,0.07248539
1356445467242,-0.6331583,0.07955015,0.76992357,-0.77288866,-0.011160672,-0.6344435,-0.04187724,-0.99676836,0.06854981
1356445467286,-0.6430824,0.0705643,0.76253915,-0.764632,-0.0042595267,-0.64445317,-0.042227358,-0.99749815,0.056694925
1356445467322,-0.63145727,0.05252716,0.7736295,-0.77433777,0.0097485185,-0.63269734,-0.040775537,-0.9985719,0.034518003
1356445467363,-0.6125777,0.017121464,0.790225,-0.7895621,0.033053815,-0.6127799,-0.036611646,-0.999307,-0.0067296624
1356445467402,-0.5959424,-0.0437662,0.8018336,-0.802549,0.06691319,-0.5928218,-0.027707696,-0.99679846,-0.07500094
1356445467442,-0.5892016,-0.12876886,0.79765904,-0.8078855,0.10946101,-0.5790848,-0.0127444565,-0.98561496,-0.1685251
1356445467482,-0.5850119,-0.22101375,0.78032935,-0.8110037,0.152502,-0.5648151,0.005830109,-0.9632736,-0.2684585
1356445467526,-0.5686981,-0.30067468,0.76562214,-0.8222215,0.18164402,-0.5394045,0.023114592,-0.9362693,-0.3505218
1356445467562,-0.52595156,-0.35822535,0.7713945,-0.8497726,0.18345529,-0.494197,0.035517484,-0.91543365,-0.4008987
1356445467606,-0.45534965,-0.3899747,0.8003602,-0.8892307,0.15490356,-0.4304342,0.043879807,-0.9077029,-0.41731274
1356445467643,-0.3619651,-0.40200678,0.84105396,-0.9308181,0.10690603,-0.34949803,0.05058685,-0.90937436,-0.4128914
1356445467685,-0.25018787,-0.39161056,0.8854644,-0.96642727,0.045734346,-0.25283724,0.058517635,-0.9189938,-0.38990527
1356445467721,-0.14126578,-0.36547485,0.9200392,-0.98760724,-0.012166768,-0.15647346,0.06838098,-0.9307417,-0.35922694
1356445467761,-0.04318723,-0.32620594,0.9443116,-0.9957458,-0.06295106,-0.06728551,0.081394404,-0.94320023,-0.32209957
1356445467803,0.03228724,-0.2787899,0.9598092,-0.9947963,-0.10181004,0.0038920343,0.096633166,-0.9549402,-0.28062636
1356445467843,0.080575645,-0.22790465,0.9703438,-0.9904034,-0.12797666,0.05218354,0.112288475,-0.96523654,-0.23602933
1356445467882,0.10069877,-0.1771178,0.9790245,-0.9868537,-0.14280766,0.075668335,0.12641001,-0.9737737,-0.18916988
1356445467921,0.090945184,-0.13022539,0.98730457,-0.9864415,-0.14778006,0.07137352,0.13660929,-0.9804093,-0.14189965
1356445467962,0.053090245,-0.089422494,0.9945779,-0.9888878,-0.14320698,0.039910793,0.13886154,-0.9856447,-0.096031725
1356445468002,-0.014549553,-0.057473898,0.99824095,-0.9914954,-0.1282962,-0.02183795,0.12932572,-0.99006903,-0.05511844
1356445468060,-0.096465945,-0.031195074,0.99484736,-0.9898037,-0.10223329,-0.099182546,0.10480052,-0.9942712,-0.021014929
1356445468082,-0.18274707,-0.009272397,0.98311627,-0.9805816,-0.070653856,-0.18294224,0.07115725,-0.99745774,0.0038194656
1356445468122,-0.25666362,0.009392768,0.9664552,-0.9659132,-0.037357867,-0.25615662,0.033698708,-0.99925786,0.018661022
1356445468163,-0.30951703,0.023498923,0.9506035,-0.95089245,-0.009403288,-0.30937865,0.0016687214,-0.9996797,0.025255382
1356445468201,-0.33959818,0.030859321,0.9400643,-0.9402764,0.013863862,-0.3401298,-0.023529112,-0.9994276,0.024308145
1356445468243,-0.34440988,0.029392809,0.9383592,-0.93788433,0.03382671,-0.34529516,-0.04189086,-0.9989954,0.015916765
1356445468281,-0.32963085,0.015442967,0.9439837,-0.9425956,0.051225126,-0.32998416,-0.053451627,-0.9985677,-0.0023289323
1356445468323,-0.3093931,-0.017793864,0.9507677,-0.9492638,0.065014005,-0.30768698,-0.05633825,-0.99772567,-0.03700596
1356445468361,-0.29685682,-0.07759303,0.9517643,-0.95375997,0.07324684,-0.29150778,-0.047094762,-0.99429077,-0.09574896
1356445468400,-0.2943743,-0.16353181,0.94159496,-0.9553859,0.07521701,-0.28562245,-0.024115622,-0.9836664,-0.17837793
1356445468441,-0.2852708,-0.2586594,0.9228845,-0.95841944,0.06968868,-0.27672312,0.0072624087,-0.9634515,-0.26778436
1356445468481,-0.24880585,-0.3372486,0.9079422,-0.96784663,0.050765365,-0.24636525,0.036994338,-0.9400459,-0.33903557
1356445468532,-0.17696708,-0.3815091,0.9072671,-0.9824852,0.013817966,-0.18582818,0.05835852,-0.9242618,-0.37727237
1356445468565,-0.07907596,-0.38625672,0.9189955,-0.9942957,-0.03563097,-0.1005311,0.07157555,-0.92170286,-0.38123584
1356445468603,0.01572889,-0.36687055,0.93013906,-0.99660337,-0.08095938,-0.015079647,0.08083573,-0.92674243,-0.36689782
1356445468645,0.09538975,-0.3286692,0.9396155,-0.99129915,-0.11737129,0.05958122,0.09070134,-0.93712354,-0.3370055
1356445468683,0.14188656,-0.2879217,0.94708467,-0.98452544,-0.1404545,0.10479638,0.102849126,-0.94729805,-0.30339485
1356445468721,0.16273022,-0.2459614,0.95552176,-0.97940624,-0.15756655,0.12623858,0.119508445,-0.9563868,-0.26653692
1356445468760,0.15443814,-0.20584714,0.96632075,-0.9780985,-0.16999179,0.120108515,0.13954261,-0.96370625,-0.22759196
1356445468802,0.11904469,-0.16871908,0.9784489,-0.97985363,-0.17912307,0.08832851,0.16036004,-0.96925175,-0.18664366
1356445468841,0.059093,-0.135205,0.98905385,-0.982116,-0.18529975,0.033347756,0.17876267,-0.97333634,-0.14373693
1356445468881,-0.022618651,-0.10702151,0.99399936,-0.981247,-0.18799478,-0.04256943,0.19142258,-0.9763218,-0.10076228
1356445468924,-0.11746067,-0.08358744,0.98955345,-0.9738436,-0.18546945,-0.13126242,0.19450387,-0.9790884,-0.0596157
1356445468962,-0.21935838,-0.064870834,0.97348535,-0.9578705,-0.17526889,-0.22751936,0.18538105,-0.9823811,-0.023691118
1356445469005,-0.31131423,-0.04426247,0.9492757,-0.93703663,-0.15205598,-0.31439042,0.15825874,-0.98738027,0.00586164
1356445469077,-0.39091992,-0.023571908,0.92012274,-0.912195,-0.1234597,-0.39071456,0.12280795,-0.9920696,0.026760697
1356445469080,-0.44876045,-0.0021898746,0.89364946,-0.8899603,-0.08970827,-0.44712773,0.081146926,-0.9959657,0.03830862
1356445469119,-0.48654664,0.015589803,0.8735155,-0.8725705,-0.058464944,-0.48497683,0.043509394,-0.9981677,0.04204923
1356445469158,-0.5059685,0.027203709,0.86212283,-0.86244404,-0.0317657,-0.50515467,0.01364392,-0.99912506,0.03953415
1356445469202,-0.50675124,0.03145191,0.8615183,-0.86205876,-0.009674728,-0.50671595,-0.007602155,-0.9994584,0.032016158
1356445469241,-0.4910285,0.02572593,0.8707636,-0.87089586,0.009337008,-0.49137893,-0.020771503,-0.99962544,0.017819881
1356445469283,-0.4616987,0.0044463277,0.88702565,-0.8866648,0.026643932,-0.4616445,-0.025686502,-0.9996351,-0.008359075
1356445469322,-0.4250967,-0.041471183,0.90419734,-0.90491337,0.04221034,-0.42349738,-0.020603508,-0.9982477,-0.05547124
1356445469361,-0.38515067,-0.11841497,0.915225,-0.9228449,0.053740323,-0.38140425,-0.0040204823,-0.99150884,-0.12997681
1356445469401,-0.3377354,-0.21731985,0.9158094,-0.9409995,0.055916548,-0.33375627,0.021322995,-0.9744975,-0.22338283
1356445469444,-0.27599326,-0.31458658,0.9082197,-0.95994264,0.04268357,-0.2769264,0.048351288,-0.94826865,-0.3137654
1356445469481,-0.18984959,-0.38250247,0.9042395,-0.97943103,0.0096654,-0.20154786,0.0683527,-0.92390394,-0.37646973
1356445469521,-0.08675018,-0.40895188,0.90842324,-0.9930484,-0.037322015,-0.11163303,0.0795567,-0.9117924,-0.4028713
1356445469560,0.025466979,-0.4002164,0.91606677,-0.9959888,-0.08878714,-0.011100918,0.08577773,-0.9121095,-0.40087223
1356445469602,0.13247311,-0.3641128,0.92188543,-0.9869868,-0.13398707,0.08890784,0.0911482,-0.9216666,-0.3771242
1356445469641,0.21963954,-0.3174908,0.9224739,-0.9706398,-0.1661644,0.17391843,0.09806481,-0.9335893,-0.34466553
1356445469682,0.28190327,-0.26623744,0.92176354,-0.9533408,-0.18590903,0.2378636,0.10803601,-0.9458094,-0.30622336
1356445469720,0.3163583,-0.21477067,0.92400813,-0.94098496,-0.19453433,0.27695438,0.12026963,-0.95709455,-0.26363853
1356445469761,0.32406628,-0.16496903,0.9315397,-0.9367288,-0.19372559,0.29156405,0.1323641,-0.96708614,-0.21731114
1356445469820,0.30727357,-0.11754125,0.94433415,-0.9411133,-0.18459636,0.2832488,0.14102721,-0.97576034,-0.16734123
1356445469838,0.26811287,-0.07345605,0.960583,-0.9527061,-0.16828248,0.2530457,0.14306149,-0.98299813,-0.11510077
1356445469881,0.21146333,-0.032314003,0.97685164,-0.96797866,-0.14525813,0.20473742,0.13527972,-0.988866,-0.061996073
1356445469925,0.14111543,0.007407725,0.98996544,-0.9836069,-0.11234969,0.14104977,0.11226717,-0.99364114,-0.008567959
1356445469955,0.051019013,0.03738138,0.9979979,-0.99477625,-0.08656603,0.054096818,0.08841494,-0.99554455,0.03276959
1356445469997,-0.029660046,0.062030286,0.99763346,-0.9977647,-0.061629415,-0.025832057,0.05988121,-0.9961697,0.06371957
1356445470041,-0.10379475,0.080028504,0.9913738,-0.9940356,-0.04188174,-0.10069254,0.033462137,-0.9959123,0.083898306
1356445470081,-0.16626602,0.09144482,0.98183167,-0.9859991,-0.028241515,-0.16434148,0.01270026,-0.9954096,0.09486014
1356445470121,-0.21311623,0.0962781,0.97227156,-0.9770253,-0.019190907,-0.21225786,-0.0017770231,-0.9951694,0.098156035
1356445470161,-0.24118173,0.09423345,0.9658941,-0.97042114,-0.012459278,-0.24109656,-0.010684997,-0.99547213,0.09445107
1356445470204,-0.25364232,0.08000222,0.963984,-0.9672016,-0.006899357,-0.25391638,-0.013663024,-0.99677086,0.079128265
1356445470241,-0.2488808,0.048784167,0.9673047,-0.96848166,-0.00213629,-0.24907589,-0.01008454,-0.9988071,0.04777825
1356445470282,-0.23893929,-0.011949569,0.970961,-0.971025,-0.0014830828,-0.23897329,0.004295677,-0.9999275,-0.011248946
1356445470322,-0.22191244,-0.10606155,0.9692811,-0.9745573,-0.0079987645,-0.22399569,0.031510353,-0.9943274,-0.10158801
1356445470362,-0.19028753,-0.21481189,0.9579387,-0.9795476,-0.02345705,-0.19984016,0.065398484,-0.9763737,-0.20595485
1356445470400,-0.13912165,-0.30728498,0.94139314,-0.98567426,-0.048563182,-0.16151741,0.095348954,-0.9503776,-0.29612666
1356445470441,-0.06512272,-0.35898954,0.9310669,-0.991332,-0.08341706,-0.1015009,0.11410463,-0.92960644,-0.3504455
1356445470480,0.023882419,-0.36624292,0.93021274,-0.9921377,-0.1230261,-0.02296552,0.1228514,-0.92235065,-0.36630154
1356445470519,0.11502844,-0.34014708,0.9333105,-0.9852411,-0.15896016,0.0634954,0.12676144,-0.92683965,-0.3534118
1356445470560,0.19451189,-0.29505697,0.9354713,-0.97224736,-0.1843881,0.14400089,0.1300013,-0.9375193,-0.32273403
1356445470599,0.2519722,-0.24389946,0.9364951,-0.9583695,-0.19719374,0.20650083,0.13430554,-0.9495408,-0.2834331
1356445470640,0.2841409,-0.19300416,0.9391557,-0.9485743,-0.19914612,0.24606434,0.13953784,-0.96077585,-0.23966429
1356445470680,0.2899987,-0.14560157,0.9458864,-0.94603163,-0.1930036,0.26033399,0.14465442,-0.9703349,-0.1937145
1356445470720,0.2697669,-0.10341129,0.9573568,-0.9513465,-0.18234208,0.24837717,0.14888147,-0.9777819,-0.1475698
1356445470761,0.22576189,-0.0664998,0.9719102,-0.9622717,-0.17075443,0.2118397,0.15187067,-0.98306704,-0.10254073
1356445470802,0.15870816,-0.035262704,0.98669565,-0.9755249,-0.15964973,0.15120581,0.15219375,-0.9865438,-0.059737384
1356445470840,0.07059157,-0.009827822,0.9974569,-0.98674595,-0.14715993,0.068383574,0.14611366,-0.98906386,-0.020085812
1356445470882,-0.03223771,0.011042625,0.9994193,-0.99108684,-0.12967104,-0.030536115,0.12925845,-0.99149567,0.01512444
1356445470920,-0.1401124,0.029115885,0.9897074,-0.98497,-0.10606879,-0.13632137,0.101008,-0.9939324,0.043539822
1356445470961,-0.24196506,0.045149595,0.96923393,-0.96797645,-0.08009875,-0.23791993,0.066892445,-0.9957639,0.06308484
1356445471000,-0.32717258,0.058950484,0.94312406,-0.9443485,-0.056431234,-0.3240701,0.03411755,-0.99666464,0.07413256
1356445471057,-0.38832134,0.069918305,0.91886777,-0.9214926,-0.037694037,-0.3865624,0.007608056,-0.9968403,0.079066634
1356445471082,-0.4217083,0.07684004,0.90346986,-0.9066591,-0.02313888,-0.42122898,-0.011462033,-0.9967749,0.079425514
1356445471121,-0.42527092,0.07759729,0.9017335,-0.90475357,-0.010264218,-0.42581192,-0.023786277,-0.996932,0.07457143
1356445471179,-0.41096848,0.06457269,0.9093598,-0.9111874,0.0026626587,-0.41198355,-0.029024184,-0.9979095,0.05774361
1356445471202,-0.38765717,0.026883364,0.9214115,-0.92143685,0.016893744,-0.3881607,-0.026001185,-0.99949586,0.018222332
1356445471243,-0.37087744,-0.045397162,0.92757154,-0.92858833,0.0322994,-0.36970317,-0.01317656,-0.9984467,-0.05413443
1356445471293,-0.36679715,-0.15159431,0.9178665,-0.930253,0.049751222,-0.36353013,0.009444118,-0.9871899,-0.15926969
1356445471321,-0.3507033,-0.26248914,0.8989475,-0.93583876,0.06253123,-0.34683672,0.034828573,-0.9629067,-0.26757747
1356445471360,-0.31368566,-0.35169515,0.8819932,-0.94780946,0.060133934,-0.31311515,0.057083398,-0.9341812,-0.35220313
1356445471401,-0.24217412,-0.4041279,0.8820615,-0.9674397,0.03164783,-0.25111523,0.0735673,-0.9141549,-0.39863372
1356445471440,-0.1408335,-0.41819394,0.8973738,-0.98634994,-0.01884675,-0.16358036,0.08532092,-0.9081622,-0.4098313
1356445471481,-0.024101138,-0.3987903,0.9167254,-0.99531823,-0.07628256,-0.059351444,0.09359893,-0.91386396,-0.3950848
1356445471522,0.0893625,-0.35434172,0.9308363,-0.99106574,-0.12453812,0.047736675,0.099009514,-0.92678595,-0.362305
1356445471560,0.17633367,-0.30112818,0.9371383,-0.9789902,-0.15268934,0.13514534,0.10239491,-0.9412799,-0.32172585
1356445471600,0.23518431,-0.2455943,0.9404104,-0.96628153,-0.16343087,0.19897333,0.10482535,-0.95549667,-0.27574962
1356445471641,0.2628133,-0.19270721,0.9454063,-0.9588686,-0.16107234,0.23372343,0.10723868,-0.96794605,-0.2271128
1356445471682,0.26586127,-0.14171386,0.9535381,-0.95775604,-0.15132755,0.24454716,0.1096409,-0.97827256,-0.17595941
1356445471721,0.24804133,-0.0920589,0.9643654,-0.96247864,-0.13650167,0.23452547,0.11004728,-0.98635316,-0.12246284
1356445471762,0.21271765,-0.044533998,0.9760983,-0.9715847,-0.1157611,0.20645249,0.10380009,-0.9922782,-0.06789294
1356445471800,0.16014111,-0.002185583,0.98709166,-0.9833608,-0.08724302,0.15934262,0.08576867,-0.9961846,-0.016120374
1356445471841,0.09129661,0.032273322,0.9953006,-0.9943007,-0.052301526,0.09290078,0.05505401,-0.9981097,0.027314484
1356445471882,0.010059595,0.0576967,0.9982835,-0.9997941,-0.017012596,0.011058122,0.017621428,-0.9981892,0.057513714
1356445471921,-0.072610855,0.075167,0.99452376,-0.99723846,0.010114193,-0.07357353,-0.015589029,-0.9971196,0.07422507
1356445471962,-0.14297336,0.08506954,0.9860638,-0.98887384,0.029069662,-0.14588875,-0.04107517,-0.9959509,0.07996684
1356445472000,-0.18897319,0.08819413,0.9780139,-0.9802531,0.042137384,-0.1932056,-0.058250576,-0.9952117,0.07848966
1356445472060,-0.20641434,0.08369526,0.97487855,-0.9760772,0.05194497,-0.2111277,-0.06831038,-0.99513656,0.07097089
1356445472080,-0.2009018,0.06751916,0.9772818,-0.9769951,0.059052765,-0.20492277,-0.07154742,-0.9959688,0.054102063
1356445472121,-0.18583006,0.03275034,0.982036,-0.9803003,0.061890543,-0.18756557,-0.06692159,-0.9975455,0.020604014
1356445472160,-0.18440813,-0.029842705,0.98239654,-0.98145163,0.058885634,-0.18244198,-0.052404463,-0.9978186,-0.04014814
1356445472201,-0.20063329,-0.120789915,0.97219133,-0.9792255,0.054495454,-0.19531417,-0.02938804,-0.99118114,-0.12921417
1356445472241,-0.22015399,-0.22474253,0.9492223,-0.9754561,0.05490601,-0.21323863,-0.0041942,-0.9728701,-0.23131424
1356445472281,-0.20805532,-0.31240287,0.9268859,-0.97800636,0.05218309,-0.20194203,0.014719486,-0.94851536,-0.31638896
1356445472322,-0.15608376,-0.3673628,0.91688734,-0.98743504,0.03482473,-0.1541403,0.024695039,-0.92942554,-0.36818248
1356445472359,-0.069030434,-0.38916016,0.91858006,-0.9971905,7.042289E-5,-0.07490808,0.02908656,-0.9211702,-0.38807166
1356445472400,0.036943883,-0.380138,0.92419165,-0.99884343,-0.042524666,0.022436827,0.030771852,-0.92395175,-0.3812694
1356445472440,0.14149663,-0.34912685,0.92633104,-0.9894297,-0.07988134,0.121028244,0.031742364,-0.9336645,-0.3567394
1356445472480,0.2300162,-0.3046847,0.92426175,-0.97262913,-0.10411903,0.20773014,0.032941043,-0.94674516,-0.3202943
1356445472520,0.2945508,-0.25429752,0.92118007,-0.95501494,-0.11307374,0.274155,0.034444273,-0.9604932,-0.2761639
1356445472559,0.33261308,-0.20335576,0.92087734,-0.94238067,-0.1088191,0.31634966,0.035877496,-0.97303903,-0.22783321
1356445472600,0.3455956,-0.15419653,0.92562795,-0.93764484,-0.095876396,0.33411065,0.037227154,-0.98337746,-0.17771608
1356445472640,0.3330049,-0.10855332,0.9366557,-0.9421333,-0.07900548,0.325796,0.038634717,-0.9909462,-0.12858087
1356445472680,0.2967477,-0.06680989,0.952616,-0.9541669,-0.061284274,0.29293278,0.038809627,-0.9958818,-0.08193371
1356445472721,0.2380198,-0.028933316,0.97082925,-0.97066116,-0.04218945,0.23672128,0.034109563,-0.9986906,-0.03812641
1356445472760,0.16120407,0.00574106,0.9869044,-0.98670393,-0.020040423,0.16128787,0.020703882,-0.9997827,0.0024341047
1356445472800,0.07180515,0.036890566,0.99673617,-0.997418,0.0038101375,0.07171324,-0.001152128,-0.99931204,0.037068933
1356445472841,-0.02214396,0.06290299,0.997774,-0.9994208,0.024401784,-0.023718894,-0.025839478,-0.99772125,0.062326163
1356445472880,-0.10815632,0.08248669,0.9907059,-0.99298006,0.039036036,-0.11165479,-0.047883213,-0.99582744,0.077685714
1356445472921,-0.17357016,0.0954223,0.98018765,-0.9827167,0.0482561,-0.1787158,-0.064353436,-0.9942665,0.0853973
1356445472962,-0.20931286,0.101677835,0.97254807,-0.9749587,0.054709554,-0.21555138,-0.07512444,-0.9933119,0.08768028
1356445473001,-0.21445161,0.099496186,0.9716537,-0.9733905,0.060477138,-0.22102776,-0.08075419,-0.9931984,0.08387929
1356445473058,-0.1997965,0.083146006,0.9763032,-0.976537,0.06481552,-0.20536426,-0.08035478,-0.9944273,0.06824523
1356445473080,-0.18351448,0.04315707,0.9820692,-0.98044705,0.064156294,-0.18603069,-0.07103449,-0.99700624,0.030539632
1356445473121,-0.18409091,-0.029757231,0.98245865,-0.9816699,0.055743277,-0.18225476,-0.049342096,-0.9980016,-0.039473653
1356445473163,-0.20316797,-0.13587403,0.96967053,-0.9790182,0.04405552,-0.1989533,-0.01568675,-0.9897461,-0.14197385
1356445473201,-0.19872296,-0.24408013,0.9491755,-0.9798954,0.031965792,-0.19693461,0.01772666,-0.96922815,-0.2455253
1356445473240,-0.16047394,-0.32807952,0.93092,-0.98616534,0.013594806,-0.16520607,0.041545063,-0.9445523,-0.32572228
1356445473281,-0.079108685,-0.37374634,0.9241513,-0.99542934,-0.020137101,-0.09335399,0.053500414,-0.9273124,-0.37044507
1356445473323,0.030267864,-0.38060674,0.92424154,-0.9979217,-0.06413254,0.006270796,0.05688721,-0.9225105,-0.3817569
1356445473360,0.14019042,-0.36110294,0.92192805,-0.9884857,-0.10459465,0.10934344,0.05694452,-0.9266416,-0.37160826
1356445473400,0.23250753,-0.32547686,0.9165179,-0.970917,-0.13299835,0.19907701,0.057100415,-0.9361497,-0.34693414
1356445473439,0.2974401,-0.28289303,0.9118668,-0.9528903,-0.1473931,0.26509506,0.05940929,-0.94775885,-0.31340665
1356445473479,0.3341405,-0.23751703,0.9121052,-0.94033957,-0.14984629,0.3054631,0.064122885,-0.95975614,-0.27341634
1356445473520,0.34353745,-0.1910142,0.91950834,-0.93652046,-0.14274257,0.32024065,0.070082486,-0.971153,-0.2279261
1356445473559,0.3270528,-0.14405069,0.93396246,-0.9419637,-0.12893423,0.30996838,0.07576847,-0.9811348,-0.17785889
1356445473600,0.28643548,-0.097148,0.9531616,-0.95480186,-0.11141437,0.2755728,0.07942453,-0.98901427,-0.12467012
1356445473639,0.22083208,-0.05314511,0.9738628,-0.9721926,-0.091789454,0.2154443,0.07794052,-0.99435925,-0.07193738
1356445473680,0.13397035,-0.014293522,0.9908823,-0.9887512,-0.069031864,0.1326865,0.06650588,-0.9975121,-0.023380995
1356445473720,0.029803813,0.017810166,0.99939704,-0.9986188,-0.042750835,0.030542493,0.04326901,-0.998927,0.0165115
1356445473762,-0.079021096,0.044047028,0.9958993,-0.9968027,-0.015351951,-0.078413785,0.011835128,-0.99891144,0.045119345
1356445473800,-0.17857349,0.06545952,0.9817467,-0.98369586,0.0097286105,-0.17957675,-0.021306038,-0.99780774,0.06265503
1356445473842,-0.25860214,0.08220056,0.9624802,-0.96466374,0.030099511,-0.26175943,-0.050486952,-0.9961612,0.0715121
1356445473880,-0.3138125,0.093412995,0.9448787,-0.94665015,0.04605955,-0.31895444,-0.07331517,-0.99456143,0.073975384
1356445473921,-0.34313184,0.0973506,0.9342288,-0.93503535,0.059128284,-0.34958944,-0.08927211,-0.9934921,0.07073742
1356445473960,-0.35205585,0.08974865,0.93166614,-0.930869,0.07029784,-0.35852647,-0.09767136,-0.99348044,0.05879551
1356445474001,-0.34757376,0.06334418,0.9355106,-0.9327,0.079054,-0.35188234,-0.09624559,-0.99485576,0.03160405
1356445474061,-0.34128565,0.007733792,0.9399278,-0.93646884,0.08330214,-0.34071514,-0.080933005,-0.9964943,-0.021187365
1356445474080,-0.33328885,-0.078715414,0.9395331,-0.9414178,0.08220464,-0.3270702,-0.05148852,-0.993502,-0.10150194
1356445474123,-0.32296294,-0.18832058,0.92748594,-0.9463522,0.07523841,-0.3142557,-0.010601699,-0.97922134,-0.2025168
1356445474165,-0.28261736,-0.28714517,0.9152459,-0.9588281,0.056854516,-0.27823776,0.027858734,-0.9561983,-0.29139096
1356445474201,-0.21459335,-0.3521158,0.9110237,-0.9750832,0.023529887,-0.2205882,0.056236327,-0.9356606,-0.3483916
1356445474241,-0.11597592,-0.37697437,0.9189341,-0.99057186,-0.02402234,-0.13487175,0.07291818,-0.92591214,-0.37063414
1356445474279,-8.891225E-4,-0.3645945,0.93116593,-0.9967892,-0.074231625,-0.0300169,0.080065936,-0.92820287,-0.36335784
1356445474320,0.11551243,-0.3259489,0.93830395,-0.99006325,-0.11404902,0.082266,0.08019808,-0.938483,-0.3358841
1356445474360,0.21782923,-0.2748122,0.93649805,-0.97312665,-0.13456112,0.18686256,0.074664146,-0.9520354,-0.29673842
1356445474400,0.29790902,-0.22186518,0.92845356,-0.95246613,-0.13399416,0.27359432,0.06370628,-0.9658268,-0.25123718
1356445474439,0.35370794,-0.17414585,0.9190016,-0.93413436,-0.11596617,0.33755723,0.047788918,-0.9778676,-0.20369375
1356445474480,0.38719988,-0.13438109,0.9121502,-0.9215745,-0.08631611,0.37848404,0.027872145,-0.9871633,-0.15726376
1356445474520,0.4006247,-0.10301414,0.9104328,-0.91621745,-0.052352905,0.39724645,0.0067418218,-0.99330115,-0.11535722
1356445474560,0.39697623,-0.078795254,0.91444033,-0.91774076,-0.020275533,0.39666188,-0.012714267,-0.99668455,-0.08036247
1356445474601,0.37848234,-0.060570955,0.9236245,-0.9251253,0.0074840784,0.3795881,-0.029904485,-0.9981358,-0.053203106
1356445474640,0.34629905,-0.04782197,0.93690455,-0.936955,0.032216072,0.3479621,-0.04682365,-0.9983362,-0.033650637
1356445474681,0.30244598,-0.039592147,0.95234394,-0.95097125,0.055238694,0.3043065,-0.06465438,-0.99768794,-0.020944268
1356445474722,0.25177503,-0.034864128,0.9671576,-0.9642457,0.07636231,0.2537697,-0.08270183,-0.9964704,-0.014391452
1356445474761,0.20057869,-0.031465918,0.9791721,-0.97481024,0.09309757,0.20267686,-0.09753594,-0.9951596,-0.0119998455
1356445474802,0.15748572,-0.02927348,0.9870873,-0.981552,0.1050967,0.15971938,-0.10841519,-0.9940311,-0.012182236
1356445474861,0.12879568,-0.028979897,0.99124765,-0.98490274,0.1128481,0.13127053,-0.11566463,-0.9931896,-0.014008045
1356445474881,0.11821675,-0.032648772,0.992451,-0.9856763,0.117205024,0.12126553,-0.12027949,-0.992571,-0.018325567
1356445474925,0.120832056,-0.045241654,0.99164146,-0.98507756,0.11787519,0.12541002,-0.12256366,-0.9919973,-0.030323386
1356445474990,0.13190982,-0.07476169,0.9884385,-0.98371226,0.112959415,0.13982293,-0.12210682,-0.990783,-0.05864352
1356445474997,0.14158401,-0.1289837,0.98148715,-0.982857,0.099962026,0.15491828,-0.11809334,-0.9865955,-0.11261946
1356445475039,0.14566487,-0.20855063,0.9671031,-0.98313946,0.07870507,0.16505262,-0.11053777,-0.97483957,-0.19356984
1356445475085,0.14842996,-0.30202088,0.94167507,-0.9837017,0.05262813,0.17193359,-0.101486176,-0.9518475,-0.28928685
1356445475124,0.16942824,-0.3811861,0.9088406,-0.9809544,0.023652926,0.19279236,-0.0949865,-0.9241957,-0.3699187
1356445475164,0.21479987,-0.42698675,0.8783754,-0.9722213,-0.007853106,0.23393175,-0.092987776,-0.9042238,-0.41681248
1356445475203,0.28001946,-0.43951148,0.8534745,-0.95553607,-0.042023763,0.2918643,-0.09241149,-0.8972534,-0.43173653
1356445475239,0.3537128,-0.42229143,0.8346001,-0.93099356,-0.07289027,0.35768443,-0.09021285,-0.9035248,-0.4189328
1356445475280,0.42269993,-0.38493386,0.82045764,-0.90233266,-0.09446514,0.4205618,-0.084383845,-0.91809714,-0.38726878
1356445475320,0.47685057,-0.33660588,0.81197906,-0.8758074,-0.10347949,0.47143763,-0.07466552,-0.9359426,-0.3441462
1356445475360,0.5115814,-0.28284323,0.8113471,-0.8570038,-0.09996326,0.50552136,-0.061878383,-0.95394295,-0.29353708
1356445475400,0.5239513,-0.22745445,0.8208164,-0.85042214,-0.08594507,0.5190335,-0.0475114,-0.96998864,-0.23846337
1356445475440,0.51133084,-0.17318913,0.84175193,-0.85875106,-0.065387666,0.5082037,-0.032975137,-0.98271555,-0.18216106
1356445475481,0.4710375,-0.12138483,0.8737216,-0.8819004,-0.043049514,0.4694661,-0.019372731,-0.99167156,-0.12732723
1356445475521,0.39792916,-0.07297498,0.9145092,-0.9173706,-0.02172038,0.39744103,-0.009139776,-0.99709725,-0.075588286
1356445475561,0.28203171,-0.030091465,0.9589331,-0.95938355,-0.0021474361,0.28209683,-0.0064294934,-0.99954486,-0.029474914
1356445475603,0.12809563,0.008126855,0.9917285,-0.9916396,0.016746521,0.12794688,-0.015568197,-0.9998268,0.010204047
1356445475645,-0.059251606,0.04239598,0.99734235,-0.9976989,0.030470908,-0.060568094,-0.032957762,-0.9986361,0.04049301
1356445475682,-0.24424231,0.07251248,0.9669993,-0.96816003,0.038200557,-0.24740002,-0.054879516,-0.9966357,0.06087345
1356445475719,-0.4039871,0.09652308,0.90965796,-0.9117856,0.03769988,-0.40893227,-0.07376543,-0.99461645,0.072778106
1356445475761,-0.518545,0.112579405,0.84760654,-0.8504957,0.034270644,-0.5248643,-0.08813694,-0.9930515,0.07797748
1356445475800,-0.5894422,0.1204682,0.79877734,-0.80185944,0.032549083,-0.59662545,-0.0978739,-0.99218345,0.077412724
1356445475841,-0.6256455,0.11857551,0.7710431,-0.7732552,0.036451876,-0.63304627,-0.10316974,-0.9922757,0.06888324
1356445475880,-0.64067996,0.10132614,0.7610928,-0.76084983,0.049365938,-0.6470476,-0.1031349,-0.9936277,0.045466125
1356445475936,-0.6494061,0.060626954,0.75802124,-0.75433004,0.074768186,-0.6522238,-0.0962182,-0.9953563,-0.0028221607
1356445475958,-0.6637744,-0.007903099,0.74789107,-0.7434365,0.116451144,-0.6585903,-0.08188784,-0.993165,-0.08317268
1356445476000,-0.67956215,-0.09516227,0.72741973,-0.7308917,0.17322618,-0.660144,-0.06318736,-0.98027396,-0.18727124
1356445476042,-0.6780656,-0.17877832,0.71292734,-0.7335141,0.22627097,-0.6409045,-0.04673496,-0.95751756,-0.28456295
1356445476065,-0.6567132,-0.24588352,0.7129299,-0.753307,0.25831288,-0.60481644,-0.035444558,-0.93424606,-0.3548633
1356445476105,-0.61352444,-0.28753695,0.735466,-0.78906,0.25999454,-0.5565852,-0.031178325,-0.9218055,-0.38639688
1356445476150,-0.5405743,-0.30764818,0.7830274,-0.8407161,0.23210022,-0.4892094,-0.03123644,-0.92275786,-0.38411218
1356445476188,-0.44851446,-0.3099444,0.83831334,-0.8931848,0.18953067,-0.40779784,-0.032491475,-0.931672,-0.36184484
1356445476228,-0.34867242,-0.29489714,0.88964224,-0.93665177,0.14339545,-0.31956407,-0.03333214,-0.9447081,-0.32621402
1356445476268,-0.25459546,-0.26573357,0.9298208,-0.9664875,0.10263747,-0.23530248,-0.03290668,-0.95856726,-0.28295922
1356445476309,-0.17783275,-0.22690895,0.95754266,-0.9835702,0.07170519,-0.16567454,-0.031067759,-0.9712727,-0.23593247
1356445476348,-0.12688315,-0.18350771,0.97479516,-0.9915272,0.05103773,-0.11945307,-0.02783078,-0.98169243,-0.1884287
1356445476388,-0.106476754,-0.13992861,0.98441994,-0.9940493,0.037875146,-0.102134645,-0.022993445,-0.9894369,-0.1431287
1356445476428,-0.11831421,-0.09897196,0.9880315,-0.9928278,0.028995574,-0.11598405,-0.017169356,-0.99466765,-0.10169268
1356445476468,-0.1598224,-0.061482817,0.98522925,-0.9870566,0.023371994,-0.1586603,-0.013271868,-0.99783444,-0.06442237
1356445476508,-0.22407526,-0.026793003,0.97420347,-0.9744462,0.02221185,-0.22352022,-0.015650094,-0.99939424,-0.031085491
1356445476550,-0.2985853,0.0062949955,0.95436215,-0.95401454,0.025812387,-0.29864675,-0.026514381,-0.99964696,-0.0017017126
1356445476592,-0.3710003,0.03754899,0.9278734,-0.92759895,0.032150745,-0.37219164,-0.043807298,-0.9987775,0.02290237
1356445476631,-0.4338966,0.06375575,0.898704,-0.8988977,0.03686154,-0.43660522,-0.06096369,-0.99728453,0.041315854
1356445476672,-0.47739786,0.083429605,0.87471753,-0.87548983,0.039684117,-0.4816044,-0.07489246,-0.9957232,0.0540967
1356445476711,-0.49575722,0.095754415,0.8631662,-0.86436355,0.042031884,-0.5011077,-0.08426377,-0.9945172,0.061928988
1356445476752,-0.4862308,0.10008043,0.8680804,-0.8692196,0.046523213,-0.4922325,-0.08964878,-0.99389106,0.06437081
1356445476790,-0.45074338,0.09363738,0.8877288,-0.8879173,0.055277884,-0.4566698,-0.091833144,-0.99407065,0.05822611
1356445476831,-0.39974648,0.069942355,0.9139534,-0.9121499,0.068060815,-0.4041662,-0.09047273,-0.9952265,0.036590815
1356445476871,-0.36144912,0.017328411,0.9322307,-0.9286703,0.08255029,-0.36160314,-0.08322188,-0.99643624,-0.013745308
1356445476911,-0.34199882,-0.06542885,0.9374198,-0.9371109,0.097753644,-0.33506328,-0.06971344,-0.99305755,-0.094745755
1356445476951,-0.3466937,-0.16885218,0.9226551,-0.93653524,0.11685932,-0.3305232,-0.05201128,-0.9786894,-0.19865042
1356445476991,-0.34005803,-0.26697117,0.9017133,-0.93970484,0.13344711,-0.3148757,-0.036268294,-0.9544203,-0.2962538
1356445477058,-0.29864585,-0.33916166,0.89206505,-0.95399594,0.13205236,-0.26917294,-0.026506156,-0.93141377,-0.36299568
1356445477070,-0.21718669,-0.37839782,0.89980274,-0.9758787,0.10508925,-0.19135574,-0.022150993,-0.9196583,-0.3920943
1356445477108,-0.112978786,-0.38989037,0.9139043,-0.99339765,0.06276491,-0.09602916,-0.01992026,-0.91871977,-0.39440727
1356445477148,-0.001200676,-0.37655836,0.9263922,-0.99984425,0.016765654,0.0055190623,-0.017609864,-0.92624116,-0.37651986
1356445477188,0.10088679,-0.34523514,0.93307805,-0.9947988,-0.021761984,0.099508375,-0.014048159,-0.9382639,-0.345635
1356445477228,0.18287155,-0.30238873,0.93547803,-0.98309344,-0.04730591,0.17688826,-0.009235442,-0.95201015,-0.30592734
1356445477268,0.23957461,-0.2531881,0.9372832,-0.97086906,-0.05834949,0.23239744,-0.0041502714,-0.9656558,-0.25979155
1356445477308,0.26818585,-0.20165756,0.9420247,-0.9633672,-0.056147754,0.26224244,9.387732E-6,-0.97784543,-0.20932835
1356445477348,0.26670405,-0.1505265,0.951951,-0.96377516,-0.044243187,0.26302087,0.0025256872,-0.98761547,-0.15687352
1356445477388,0.2317405,-0.101644665,0.96745265,-0.97277415,-0.02687344,0.23019168,0.002601087,-0.9944576,-0.10510492
1356445477428,0.15848905,-0.056257397,0.9857567,-0.98735917,-0.007259786,0.15833235,-0.001750946,-0.99838984,-0.056696862
1356445477468,0.04474625,-0.014618784,0.9988915,-0.9989172,0.01209721,0.044924468,-0.012740612,-0.99982,-0.014061719
1356445477510,-0.1014508,0.023638904,0.99455965,-0.99437636,0.028125048,-0.10210058,-0.030385613,-0.9993248,0.020652652
1356445477553,-0.26190722,0.05696854,0.96341014,-0.9638051,0.03611523,-0.26415023,-0.049842,-0.9977225,0.045447767
