1356445691832,0.9823071,-0.12737648,-0.13728835,0.14251284,0.032808214,0.98924905,-0.121502884,-0.9913116,0.050380528
1356445691855,-0.34409374,0.08969149,0.9346416,-0.9310405,0.096220255,-0.3520016,-0.121502906,-0.9913108,0.050397694
1356445691900,-0.34401125,0.08975971,0.9346654,-0.931075,0.09616661,-0.3519251,-0.1214723,-0.99130976,0.050490677
1356445691939,-0.34405774,0.089907736,0.9346341,-0.9310709,0.09600109,-0.35198098,-0.121371746,-0.99131244,0.05068052
1356445691984,-0.34478265,0.09012079,0.93434644,-0.9308294,0.0956614,-0.35271168,-0.12116754,-0.991326,0.05090469
1356445692023,-0.34728354,0.09026024,0.93340623,-0.92993665,0.09515655,-0.35519433,-0.12087956,-0.99136186,0.05089003
1356445692061,-0.35299736,0.09015685,0.93127036,-0.9278148,0.094602704,-0.36084613,-0.12063336,-0.9914242,0.050254405
1356445692100,-0.36204785,0.08933875,0.92786837,-0.924335,0.094291985,-0.36974797,-0.120523304,-0.9915278,0.048440814
1356445692143,-0.3656751,0.087070554,0.9266609,-0.922902,0.09503752,-0.37312165,-0.1205554,-0.99165857,0.045604765
1356445692181,-0.38772804,0.08593294,0.91775954,-0.91383636,0.09454578,-0.39492318,-0.12070724,-0.9918047,0.041870594
1356445692221,-0.40631777,0.08397746,0.90986466,-0.9056969,0.09475011,-0.4132016,-0.12090942,-0.9919528,0.03755939
1356445692263,-0.42183512,0.081516206,0.90300065,-0.8985685,0.095276356,-0.4283655,-0.12095326,-0.9921076,0.033057034
1356445692301,-0.43460846,0.07878631,0.8971667,-0.89252526,0.09557742,-0.4407534,-0.12047422,-0.99229914,0.028780043
1356445692342,-0.44487953,0.07598758,0.89236104,-0.8876163,0.09525746,-0.45062557,-0.119246036,-0.9925482,0.025069654
1356445692384,-0.45296198,0.073231965,0.888517,-0.8837887,0.094165266,-0.45831263,-0.117230564,-0.9928595,0.022068262
1356445692422,-0.45876855,0.07084358,0.8857271,-0.88111776,0.09243655,-0.46377453,-0.11472899,-0.99319506,0.020014584
1356445692460,-0.4621631,0.069248915,0.884087,-0.8797,0.09005666,-0.46692368,-0.11195189,-0.9935262,0.019297361
1356445692501,-0.4630506,0.0688062,0.8836571,-0.87959206,0.08704263,-0.46769804,-0.10909638,-0.9938256,0.020216167
1356445692544,-0.46198773,0.06943911,0.88416374,-0.88048273,0.08367342,-0.4666358,-0.10638374,-0.9940709,0.022483885
1356445692591,-0.45984674,0.07088718,0.8851644,-0.88191473,0.08002365,-0.46456712,-0.103765935,-0.9942692,0.025717854
1356445692621,-0.4581644,0.07245815,0.8859092,-0.8830962,0.076284766,-0.46294895,-0.10112575,-0.99444985,0.029036582
1356445692662,-0.45861357,0.07324967,0.8856116,-0.8832011,0.07247788,-0.46336013,-0.0981282,-0.99467653,0.03145492
1356445692701,-0.4633689,0.07213354,0.88322484,-0.8810741,0.069185555,-0.46789092,-0.09485704,-0.99499255,0.031496465
1356445692742,-0.47504443,0.067122996,0.877398,-0.8752103,0.067436635,-0.47901905,-0.091321975,-0.99546313,0.026711345
1356445692781,-0.494366,0.057481796,0.8673512,-0.8648052,0.06829542,-0.49744105,-0.08782995,-0.9960078,0.01594758
1356445692822,-0.52238286,0.041154474,0.8517174,-0.84855247,0.07343793,-0.52399015,-0.08411288,-0.9964503,-0.0034409761
1356445692877,-0.5563322,0.01839161,0.8307564,-0.8271214,0.08372849,-0.5557515,-0.07977915,-0.9963189,-0.031368732
1356445692918,-0.5912699,-0.00954181,0.80641735,-0.80301684,0.09945047,-0.5875999,-0.074591815,-0.9949968,-0.066464365
1356445692941,-0.62095326,-0.040631413,0.7827938,-0.7808135,0.11984551,-0.6131617,-0.068900704,-0.99196076,-0.10614401
1356445692982,-0.6418045,-0.07421312,0.76326895,-0.76426756,0.14380163,-0.6286623,-0.06310436,-0.9868199,-0.14901125
1356445693024,-0.6520015,-0.11089489,0.75006425,-0.75606287,0.16961622,-0.6321386,-0.05712211,-0.979251,-0.19443357
1356445693062,-0.651793,-0.15212283,0.7429836,-0.75673115,0.19534904,-0.62385637,-0.05023837,-0.968864,-0.24244326
1356445693104,-0.64467084,-0.20040187,0.73772526,-0.76334953,0.22075641,-0.6070949,-0.041194677,-0.95451856,-0.2952919
1356445693141,-0.62883335,-0.2550552,0.7345172,-0.7769531,0.24282008,-0.5808462,-0.030207664,-0.93594086,-0.35085928
1356445693186,-0.6167575,-0.31708062,0.7204652,-0.78698385,0.2673743,-0.55602825,-0.016328096,-0.90992904,-0.41444242
1356445693223,-0.5995624,-0.381992,0.70328295,-0.80032563,0.2883166,-0.52569234,-0.0019579232,-0.8780408,-0.4785818
1356445693262,-0.58597016,-0.44441563,0.6775941,-0.81024355,0.30892757,-0.4980655,0.012020588,-0.84086776,-0.5411072
1356445693302,-0.56819165,-0.49947685,0.6539733,-0.8225426,0.32143375,-0.46915236,0.024121702,-0.8044894,-0.59347695
1356445693342,-0.5382192,-0.5425769,0.64492667,-0.8421483,0.3160217,-0.43694007,0.03326276,-0.7782934,-0.62701917
1356445693385,-0.4884135,-0.57022,0.66053116,-0.87171054,0.28442615,-0.39902693,0.03966078,-0.77068216,-0.6359843
1356445693422,-0.4170519,-0.581845,0.69822925,-0.9077763,0.2287674,-0.35157886,0.04483235,-0.7804626,-0.623593
1356445693465,-0.31926912,-0.5712414,0.7561419,-0.9463165,0.14964157,-0.2865179,0.0505206,-0.8070259,-0.588351
1356445693501,-0.2072185,-0.5371378,0.8176451,-0.97662073,0.06470749,-0.20499972,0.05720535,-0.8410089,-0.5379885
1356445693540,-0.08975929,-0.47886834,0.87328595,-0.9938289,-0.014311016,-0.10999659,0.06517148,-0.87777007,-0.4746287
1356445693581,0.013928622,-0.40346265,0.91489017,-0.9971957,-0.07289073,-0.016962767,0.07353088,-0.9120882,-0.40334648
1356445693622,0.0940797,-0.31940857,0.94293535,-0.9922738,-0.10703066,0.06274694,0.08088109,-0.9415533,-0.32701015
1356445693661,0.13830018,-0.2391907,0.9610728,-0.9866587,-0.117435455,0.11275482,0.08589411,-0.9638448,-0.25224093
1356445693702,0.15314531,-0.16684946,0.9740163,-0.98420787,-0.11429936,0.1351682,0.08877668,-0.97933495,-0.181719
1356445693741,0.12906986,-0.109249294,0.9855991,-0.9874415,-0.10547453,0.11761975,0.09110576,-0.9884026,-0.121490866
1356445693782,0.07797769,-0.06527287,0.99481595,-0.9925836,-0.09842643,0.071344644,0.093259305,-0.99300134,-0.07246387
1356445693820,-0.00185889,-0.034336507,0.9994086,-0.9957225,-0.092258036,-0.005021751,0.092375875,-0.995143,-0.03401819
1356445693880,-0.100116074,-0.012675315,0.994895,-0.9913796,-0.083666325,-0.10082832,0.08451724,-0.99641323,-0.00418967
1356445693900,-0.20208615,0.0042450726,0.97935855,-0.9769559,-0.071011126,-0.20128256,0.068690896,-0.9974665,0.018497586
1356445693941,-0.29352534,0.01939103,0.9557546,-0.9547384,-0.056293428,-0.29207122,0.048139155,-0.9982259,0.03503698
1356445693981,-0.3642189,0.033802032,0.9306998,-0.93092185,-0.042190433,-0.36277342,0.027004123,-0.99853766,0.046833575
1356445694021,-0.40943623,0.047136784,0.9111203,-0.912304,-0.029874146,-0.40842256,0.007967204,-0.9984416,0.05523461
1356445694061,-0.42826128,0.05801627,0.9017906,-0.90361834,-0.018514276,-0.4279381,-0.008131415,-0.9981439,0.060353518
1356445694100,-0.42481893,0.0625411,0.9031155,-0.9050443,-0.0066586733,-0.42526513,-0.020583063,-0.99802023,0.059431136
1356445694147,-0.4092558,0.05211097,0.9109303,-0.9120288,0.0058549643,-0.4100843,-0.026703328,-0.99862415,0.04513055
1356445694180,-0.4000938,0.012020707,0.9163953,-0.91622907,0.017877162,-0.40025577,-0.021193862,-0.9997679,0.0038612485
1356445694227,-0.40712035,-0.06865364,0.9107907,-0.9133744,0.031071305,-0.40593317,-4.3067336E-4,-0.9971566,-0.075356245
1356445694264,-0.40765953,-0.1700167,0.89716667,-0.91270775,0.045849204,-0.4060325,0.027897954,-0.984374,-0.17386639
1356445694301,-0.39659685,-0.27001876,0.877383,-0.91626805,0.05787325,-0.39636302,0.056248426,-0.9611143,-0.27036196
1356445694343,-0.3481547,-0.3420223,0.87281674,-0.9343014,0.05050811,-0.35288793,0.07661122,-0.93833345,-0.3371365
1356445694400,-0.26110375,-0.3758375,0.8891406,-0.9612821,0.017170131,-0.27503097,0.088100284,-0.92652655,-0.36576897
1356445694424,-0.14807671,-0.3729729,0.91595006,-0.9845024,-0.032399476,-0.17235222,0.093959,-0.9272764,-0.36239517
1356445694462,-0.031451106,-0.34303197,0.9387971,-0.9947474,-0.08079451,-0.062847406,0.097408295,-0.93584263,-0.33868915
1356445694502,0.07015255,-0.29564092,0.9527198,-0.99250054,-0.116530985,0.036920756,0.10010609,-0.94816506,-0.3015988
1356445694542,0.14461386,-0.2409696,0.95969814,-0.9841209,-0.13591021,0.114168495,0.102921665,-0.9609693,-0.25679773
1356445694583,0.1897093,-0.18425673,0.9643961,-0.9759858,-0.14249372,0.16476443,0.107061386,-0.97249424,-0.20686436
1356445694622,0.20051256,-0.13289407,0.9706358,-0.9730972,-0.14177278,0.18161023,0.113474846,-0.9809381,-0.15774602
1356445694664,0.18629646,-0.08589986,0.9787312,-0.9746684,-0.14163584,0.17309225,0.1237548,-0.98618484,-0.110110104
1356445694702,0.13938206,-0.047691405,0.9890896,-0.98106045,-0.14232928,0.13138789,0.13451031,-0.9886698,-0.06662631
1356445694742,0.069606125,-0.0174039,0.9974227,-0.9877133,-0.14144081,0.06646058,0.13991964,-0.98979366,-0.027035207
1356445694782,-0.02298206,0.004144907,0.99972725,-0.99066675,-0.13448334,-0.02221623,0.13435459,-0.9909072,0.007196963
1356445694823,-0.1285004,0.01902631,0.99152696,-0.98467255,-0.12134349,-0.12528363,0.117931604,-0.9924283,0.0343273
1356445694880,-0.23336846,0.030373812,0.9719139,-0.967656,-0.1057443,-0.22904146,0.09581751,-0.9939294,0.054068804
1356445694902,-0.3248884,0.040513277,0.94488424,-0.9428763,-0.091732204,-0.32026482,0.07370132,-0.99495924,0.06800175
1356445694944,-0.3945331,0.05033499,0.91750216,-0.9172667,-0.08074844,-0.3900019,0.054456085,-0.9954628,0.0780285
1356445694982,-0.43940663,0.05859962,0.89637494,-0.8974378,-0.07205105,-0.43521735,0.039081126,-0.99567807,0.08424914
1356445695026,-0.46362484,0.05934444,0.884042,-0.885576,-0.063030005,-0.46019822,0.028410941,-0.9962457,0.08177626
1356445695062,-0.46992195,0.0453358,0.8815429,-0.8823948,-0.05072379,-0.46776748,0.023508579,-0.99768317,0.06384027
1356445695104,-0.4789415,-0.0023767352,0.87784356,-0.8773812,-0.03126824,-0.47877392,0.028586566,-0.99950814,0.0128903985
1356445695142,-0.48142552,-0.07867721,0.87294865,-0.87546265,-0.004972577,-0.48326012,0.042362362,-0.9968877,-0.06648505
1356445695187,-0.48423862,-0.1776694,0.85670686,-0.87262917,0.027016997,-0.4876355,0.06349227,-0.98371935,-0.16812217
1356445695225,-0.4602778,-0.26050776,0.8486931,-0.88404614,0.04697019,-0.46503353,0.0812816,-0.9643285,-0.25192016
1356445695263,-0.4185806,-0.31228617,0.8527999,-0.9034114,0.047079325,-0.42618233,0.09294161,-0.94882077,-0.3018294
1356445695303,-0.35791475,-0.33138406,0.87297285,-0.9283831,0.02615869,-0.37070274,0.10000917,-0.94313323,-0.31701392
1356445695343,-0.2877378,-0.32486457,0.90092725,-0.95194966,-0.0059968233,-0.30619577,0.10487491,-0.94574153,-0.30752915
1356445695382,-0.21826985,-0.29908702,0.92892694,-0.96980417,-0.039648443,-0.24064043,0.108802944,-0.9534018,-0.28140175
1356445695424,-0.16004089,-0.2606862,0.952066,-0.98070633,-0.0676969,-0.18339139,0.11225945,-0.9630472,-0.24482232
1356445695463,-0.12274271,-0.21643314,0.9685509,-0.98573005,-0.08669418,-0.14429253,0.11519739,-0.97244066,-0.2027036
1356445695503,-0.11253226,-0.17216909,0.9786185,-0.9866694,-0.09715861,-0.13055119,0.11755809,-0.9802642,-0.1589405
1356445695543,-0.12925571,-0.12981853,0.9830769,-0.9843346,-0.1030857,-0.14303389,0.119909585,-0.98616457,-0.11446047
1356445695583,-0.18514186,-0.09542012,0.9780683,-0.97505987,-0.10612351,-0.19492581,0.12239593,-0.9897641,-0.07339239
1356445695627,-0.26240104,-0.06614518,0.9626893,-0.9571105,-0.10914183,-0.26837945,0.12282169,-0.9918231,-0.03466934
1356445695662,-0.36903918,-0.04408586,0.9283676,-0.9220095,-0.108467996,-0.37166262,0.11708319,-0.99312186,-6.186366E-4
1356445695703,-0.4730016,-0.022186786,0.8807821,-0.87531877,-0.102119446,-0.47264007,0.10043132,-0.9945247,0.028882146
1356445695742,-0.5649403,6.2704086E-4,0.82513165,-0.8217392,-0.09101701,-0.5625484,0.07474828,-0.99584913,0.05193442
1356445695781,-0.6350943,0.02279827,0.7720982,-0.77101386,-0.07930893,-0.63186055,0.046828896,-0.99658936,0.067946374
1356445695822,-0.6784496,0.04304269,0.73338497,-0.7343297,-0.06907147,-0.6752696,0.02159059,-0.99668276,0.07846904
1356445695875,-0.6939532,0.060384363,0.7174835,-0.72001827,-0.06041801,-0.69132,0.0016040206,-0.996345,0.08540517
1356445695903,-0.6815032,0.073519945,0.7281128,-0.7317018,-0.050941527,-0.6797187,-0.012881726,-0.9959919,0.08851141
1356445695942,-0.6414357,0.07828131,0.76317257,-0.76686704,-0.037154913,-0.64072967,-0.02180159,-0.9962387,0.083863795
1356445695984,-0.59505224,0.060308754,0.80142105,-0.80338097,-0.017117202,-0.5952193,-0.022178888,-0.998033,0.058636487
1356445696022,-0.54862845,0.011058211,0.8359932,-0.8359725,0.0077204704,-0.548717,-0.012522101,-0.99990904,0.0050086975
1356445696067,-0.54422015,-0.08486825,0.8346386,-0.8388554,0.040721953,-0.542829,0.012080878,-0.99555963,-0.09335387
1356445696102,-0.5253232,-0.19301674,0.8287219,-0.8499322,0.07252419,-0.5218768,0.040628523,-0.97851145,-0.20214981
1356445696143,-0.489756,-0.2879413,0.8229392,-0.86945474,0.091243684,-0.48551315,0.06471127,-0.95329136,-0.29503912
1356445696181,-0.40900162,-0.35112673,0.84227526,-0.9090658,0.07638672,-0.40959054,0.079479545,-0.93320686,-0.3504396
1356445696221,-0.28626126,-0.37758642,0.8806151,-0.9540903,0.027798891,-0.2982263,0.08812606,-0.92555696,-0.3682093
1356445696260,-0.14125106,-0.3696826,0.9183588,-0.98532575,-0.037288457,-0.16656151,0.095819116,-0.9284096,-0.35899073
1356445696301,-0.0019645095,-0.33517057,0.9421555,-0.99440795,-0.09882647,-0.03723085,0.105588585,-0.93696,-0.3331021
1356445696340,0.1103524,-0.2845339,0.9522935,-0.98686457,-0.1451112,0.07100105,0.11798623,-0.9476198,-0.2968098
1356445696381,0.18547079,-0.22768858,0.9559072,-0.9737834,-0.17297164,0.14773896,0.13170639,-0.9582478,-0.2538005
1356445696427,0.22786835,-0.16609079,0.95942163,-0.9626793,-0.18620655,0.19640678,0.14602923,-0.96837026,-0.20232275
1356445696472,0.23346782,-0.10305202,0.96688837,-0.9591887,-0.18754792,0.21161965,0.1595301,-0.9768348,-0.1426327
1356445696512,0.20114604,-0.046414644,0.978461,-0.9648992,-0.18156645,0.18974522,0.16884875,-0.98228276,-0.081306815
1356445696551,0.14823651,0.0027652085,0.9889481,-0.97446525,-0.17012686,0.14654136,0.16865185,-0.9854183,-0.022524416
1356445696592,0.074949026,0.038978487,0.9964252,-0.9850868,-0.15230018,0.080053896,0.15487617,-0.9875653,0.026982516
1356445696630,-0.013588309,0.06063363,0.99806756,-0.9914423,-0.13042587,-0.0055746436,0.1298359,-0.9896022,0.061887085
1356445696671,-0.10700071,0.07095173,0.99172413,-0.98903966,-0.10966408,-0.0988653,0.10174182,-0.99143314,0.081908196
1356445696711,-0.19249833,0.075028986,0.97842467,-0.97830606,-0.09246439,-0.18538451,0.07656023,-0.9928851,0.09120065
1356445696749,-0.26119548,0.0769217,0.96221626,-0.96364546,-0.07886958,-0.25527844,0.056253105,-0.9939128,0.09472555
1356445696790,-0.30920273,0.077511966,0.947832,-0.9501545,-0.06710285,-0.30447283,0.04000196,-0.9947307,0.09439671
1356445696830,-0.3380977,0.07278848,0.938292,-0.9407027,-0.05550748,-0.3346603,0.027722806,-0.99580157,0.087239206
1356445696870,-0.3565318,0.05052468,0.932916,-0.9340209,-0.04293108,-0.35462907,0.022133589,-0.99779963,0.062497437
1356445696908,-0.36854303,-6.696582E-5,0.92961067,-0.9292425,-0.028114498,-0.36839914,0.02616024,-0.9996047,0.010299265
1356445696953,-0.38183075,-0.08832389,0.9200022,-0.9232777,-0.008778751,-0.38403293,0.041995734,-0.9960531,-0.07819545
1356445696992,-0.38044637,-0.19477409,0.9040595,-0.92265517,0.01335454,-0.38539463,0.06299159,-0.9807572,-0.18479007
1356445697031,-0.3538497,-0.2882003,0.8897927,-0.93191266,0.027718186,-0.36162204,0.07955614,-0.9571689,-0.27838558
1356445697072,-0.2973623,-0.34580183,0.88994205,-0.9507873,0.022258967,-0.30904382,0.08705869,-0.93804353,-0.3354029
1356445697113,-0.21789101,-0.3676228,0.904089,-0.97192246,-0.002576977,-0.23528713,0.088826746,-0.9299714,-0.3567394
1356445697155,-0.12769917,-0.35551703,0.9259053,-0.9879087,-0.03715828,-0.15051806,0.08791679,-0.9339309,-0.34647334
1356445697192,-0.041159958,-0.32562694,0.944602,-0.9953712,-0.068809,-0.06709227,0.086844206,-0.94299114,-0.3212875
1356445697234,0.03354013,-0.28062838,0.9592303,-0.9957147,-0.092143595,0.007858664,0.08618155,-0.9553833,-0.2825163
1356445697268,0.087074965,-0.23094225,0.9690633,-0.99247026,-0.1042268,0.06433937,0.0861437,-0.96736884,-0.2382788
1356445697312,0.12157932,-0.1779401,0.9765018,-0.98866427,-0.10902843,0.103226185,0.08809844,-0.97798264,-0.18917859
1356445697353,0.13167971,-0.12892884,0.98287225,-0.98693675,-0.10989553,0.1178087,0.09282431,-0.98554575,-0.14171565
1356445697391,0.12847978,-0.08182421,0.9883308,-0.9865477,-0.11212021,0.11896554,0.101077616,-0.9903201,-0.095128655
1356445697433,0.11008954,-0.03812757,0.99319005,-0.9880562,-0.11259794,0.10519794,0.10782024,-0.99290884,-0.05006802
1356445697471,0.07929015,1.4767051E-4,0.99685156,-0.9912727,-0.10563767,0.07886204,0.10531673,-0.9944047,-0.008229643
1356445697514,0.038722813,0.031129599,0.998765,-0.9952991,-0.087592006,0.041318476,0.08877006,-0.9956699,0.027591497
1356445697552,-0.009799838,0.053556502,0.9985167,-0.99784666,-0.06528771,-0.006291449,0.06485388,-0.9964282,0.054080993
1356445697593,-0.05766201,0.07051611,0.9958427,-0.99763894,-0.04134482,-0.05483836,0.03730595,-0.9966535,0.07273358
1356445697632,-0.10122049,0.08429626,0.9912863,-0.9947841,-0.021200418,-0.09977481,0.012605041,-0.9962151,0.0860025
1356445697673,-0.13581175,0.0953182,0.9861388,-0.9906992,-0.004634261,-0.13599187,-0.008392483,-0.99543613,0.095061004
1356445697713,-0.15964156,0.10040626,0.98205566,-0.986874,0.008335829,-0.16127709,-0.024379522,-0.9949117,0.09775752
1356445697759,-0.17932105,0.08769339,0.97987443,-0.9832764,0.016221642,-0.18139532,-0.031802356,-0.9960154,0.083317995
1356445697791,-0.19458908,0.046929955,0.9797616,-0.9805037,0.018538415,-0.19562447,-0.027343899,-0.9987261,0.042407632
1356445697832,-0.23952341,-0.03410861,0.97029126,-0.97086585,0.0155463815,-0.23911875,-0.0069285035,-0.9992972,-0.03683859
1356445697872,-0.2137112,-0.14515749,0.9660522,-0.9765943,0.007134974,-0.21497124,0.0243119,-0.9893828,-0.1432848
1356445697909,-0.17755508,-0.248005,0.95234853,-0.98264694,-0.008085191,-0.18530938,0.05365759,-0.96872497,-0.24226576
1356445697951,-0.12237629,-0.3132341,0.94175816,-0.9898168,-0.030997008,-0.1389311,0.07270968,-0.94916993,-0.30625105
1356445698010,-0.052878648,-0.3354184,0.940584,-0.99526745,-0.05919525,-0.07706234,0.08152622,-0.9402076,-0.3307008
1356445698049,0.029040188,-0.3015772,0.9529994,-0.9962764,-0.086161524,0.0030930936,0.08117908,-0.9495406,-0.30295646
1356445698085,0.09602046,-0.26144978,0.9604292,-0.9921074,-0.103309155,0.07106462,0.0806413,-0.9596726,-0.26930606
1356445698115,0.13774234,-0.22379848,0.964853,-0.98714054,-0.110801876,0.11522353,0.08112067,-0.9683167,-0.23618272
1356445698155,0.16288996,-0.18192106,0.96972764,-0.98302656,-0.114013195,0.14373496,0.08441332,-0.976681,-0.19740483
1356445698199,0.15778717,-0.13850346,0.97771156,-0.98329186,-0.11305699,0.14267197,0.09077653,-0.9838877,-0.15402824
1356445698238,0.12589514,-0.09537655,0.9874481,-0.98699707,-0.112312555,0.11498949,0.09993556,-0.98908496,-0.10827598
1356445698290,0.074418575,-0.048808932,0.9960319,-0.99097264,-0.11530796,0.06839004,0.11151239,-0.9921299,-0.056949347
1356445698331,-0.023387194,-0.015432537,0.99960744,-0.99274594,-0.11759454,-0.025042117,0.11793482,-0.9929418,-0.012570441
1356445698372,-0.12786686,0.0092947185,0.99174774,-0.98519385,-0.116336584,-0.12593153,0.114206046,-0.9931663,0.024032712
1356445698434,-0.23819488,0.025197655,0.9708904,-0.9659028,-0.11058164,-0.2341013,0.101463884,-0.99354756,0.05067855
1356445698455,-0.34067816,0.03566283,0.93950343,-0.9365242,-0.10090923,-0.3357674,0.0828301,-0.99425626,0.06777662
1356445698503,-0.42516547,0.0439398,0.90404844,-0.9029343,-0.089892805,-0.42027244,0.062800765,-0.99498165,0.07789409
1356445698542,-0.48164523,0.05170369,0.8748398,-0.87512785,-0.08142793,-0.47699133,0.046574175,-0.99533725,0.084466696
1356445698585,-0.50804573,0.057543367,0.85940576,-0.86062694,-0.07422298,-0.5037979,0.03479746,-0.9955801,0.08723199
1356445698622,-0.50698483,0.05541891,0.86017156,-0.8614787,-0.06574845,-0.50351924,0.028650463,-0.9962961,0.08107567
1356445698666,-0.5006475,0.02625209,0.8652531,-0.864992,-0.05417168,-0.49885285,0.033776283,-0.99818647,0.049828827
1356445698702,-0.4873876,-0.034131825,0.8725184,-0.8717016,-0.0392161,-0.48846543,0.050888956,-0.9986477,-0.01063931
1356445698744,-0.496468,-0.13664809,0.8572321,-0.86418724,-0.0153144,-0.5029373,0.08185342,-0.9905013,-0.11048639
1356445698781,-0.48794812,-0.2428827,0.8384,-0.8656373,0.0112351775,-0.50054544,0.112154245,-0.96999055,-0.21573055
1356445698828,-0.45402884,-0.3237861,0.83007246,-0.8812549,0.025871992,-0.47193253,0.1313296,-0.94577646,-0.2970847
1356445698869,-0.37731963,-0.36727142,0.8501421,-0.9155259,0.0097157955,-0.40214166,0.13943535,-0.930063,-0.33991247
1356445698898,-0.2722907,-0.37478703,0.8862237,-0.9518556,-0.029869854,-0.30508807,0.1408144,-0.92662966,-0.34860986
1356445698939,-0.15002257,-0.35123605,0.9241896,-0.9788123,-0.078991294,-0.18890983,0.13935488,-0.9329489,-0.3319437
1356445698982,-0.031035751,-0.3065401,0.95135164,-0.9900447,-0.12130776,-0.071385294,0.13728884,-0.9440962,-0.29972345
1356445699020,0.069169015,-0.24928239,0.9659575,-0.9884032,-0.14833471,0.032495916,0.1351844,-0.9570032,-0.2566517
1356445699061,0.13967755,-0.18897185,0.97199786,-0.98118734,-0.158532,0.11017695,0.13327241,-0.9691013,-0.20756021
1356445699100,0.17902127,-0.1312496,0.9750513,-0.9748779,-0.15716812,0.15783334,0.1325314,-0.9788114,-0.15608874
1356445699144,0.18690094,-0.07967898,0.9791421,-0.9731401,-0.15138778,0.17343593,0.13441092,-0.98525786,-0.10583335
1356445699181,0.16544649,-0.03526306,0.98558813,-0.97647846,-0.14596519,0.15869483,0.13826543,-0.98866105,-0.05858311
1356445699221,0.11106777,-0.0011460781,0.9938122,-0.9840234,-0.14014041,0.10981217,0.13914737,-0.990131,-0.016692877
1356445699262,0.033343375,0.024121702,0.9991529,-0.9908075,-0.13034314,0.03621164,0.13110617,-0.99117553,0.01955387
1356445699316,-0.06431991,0.042075813,0.99704194,-0.9918217,-0.113065064,-0.05921173,0.11023918,-0.9926963,0.049004048
1356445699352,-0.17842412,0.05150923,0.9826045,-0.97981954,-0.100747466,-0.17263708,0.09010252,-0.9935777,0.06844556
1356445699392,-0.26731086,0.058555663,0.96182966,-0.9608653,-0.09148663,-0.26147318,0.07268381,-0.9940833,0.08071941
1356445699432,-0.3193192,0.06456092,0.9454454,-0.94580245,-0.08393335,-0.31370825,0.059101105,-0.9943777,0.087863505
1356445699475,-0.33726907,0.06573975,0.93911016,-0.9400965,-0.07616371,-0.3322917,0.049681336,-0.99492586,0.08748931
1356445699512,-0.32579064,0.05607769,0.94377744,-0.94437134,-0.066794574,-0.32202688,0.044980615,-0.9961897,0.07471913
1356445699554,-0.3271814,0.015056312,0.9448416,-0.9437051,-0.056750834,-0.32588348,0.048713952,-0.9982748,0.032776594
1356445699591,-0.33184785,-0.058288872,0.94153035,-0.94137925,-0.043739438,-0.33450246,0.060679823,-0.99734104,-0.040357053
1356445699639,-0.36053783,-0.16720584,0.91763544,-0.9292798,-0.020328581,-0.36881703,0.08032259,-0.98571247,-0.14805174
1356445699676,-0.35713977,-0.27108216,0.8938488,-0.9289156,0.0028702617,-0.3702803,0.097810805,-0.96255195,-0.25283754
1356445699712,-0.31612474,-0.34499943,0.883765,-0.9425504,0.008167684,-0.33396402,0.10799909,-0.9385674,-0.3277613
1356445699752,-0.2310392,-0.37936255,0.895938,-0.9664911,-0.016396314,-0.2561757,0.11187357,-0.9251028,-0.36286235
1356445699793,-0.11670393,-0.3785785,0.91818213,-0.98665404,-0.061506808,-0.150767,0.11355159,-0.9235233,-0.3663479
1356445699835,0.0048632026,-0.34927675,0.937007,-0.9932194,-0.110526145,-0.036044538,0.1161533,-0.9304782,-0.34744596
1356445699896,0.104388,-0.3075169,0.94579935,-0.98719,-0.14741677,0.061025262,0.120660394,-0.94005406,-0.3189662
1356445699912,0.17788067,-0.25845012,0.94950616,-0.97575057,-0.17139211,0.13614535,0.12755105,-0.95069885,-0.2826702
1356445699952,0.22027668,-0.20705524,0.95320845,-0.9659276,-0.18242452,0.18358979,0.13587537,-0.9611708,-0.24018425
1356445699992,0.23814836,-0.15303507,0.9590962,-0.9603106,-0.18475732,0.20896968,0.14522037,-0.970796,-0.19096085
1356445700032,0.23047021,-0.099457055,0.9679833,-0.96070206,-0.18141326,0.21009696,0.1547094,-0.9783647,-0.1373589
1356445700076,0.20865735,-0.04362482,0.9770154,-0.9646329,-0.17371759,0.1982562,0.16107586,-0.9838287,-0.078329384
1356445700111,0.15181431,5.514324E-4,0.9884089,-0.97545385,-0.16129282,0.14991447,0.15950587,-0.9869064,-0.02394867
1356445700152,0.08113253,0.03510064,0.99608505,-0.98614067,-0.14228225,0.08533645,0.14472058,-0.9892036,0.023070484
1356445700193,-0.010503411,0.05644259,0.9983506,-0.99263,-0.121130824,-0.0035949647,0.120728135,-0.9910306,0.0572989
1356445700231,-0.10993993,0.0673902,0.99165106,-0.9893472,-0.10320246,-0.10267109,0.09542179,-0.99237484,0.07801843
1356445700273,-0.19761664,0.07287359,0.97756696,-0.97749054,-0.08981794,-0.19090563,0.07389107,-0.9932886,0.0889827
1356445700311,-0.25802284,0.07675108,0.9630854,-0.9644288,-0.07974404,-0.2520277,0.05745694,-0.99385625,0.09459674
1356445700354,-0.28757054,0.07858387,0.9545301,-0.95664954,-0.07153404,-0.28231984,0.04609564,-0.9943376,0.095748365
1356445700394,-0.2941925,0.07223886,0.95301235,-0.9548622,-0.065095544,-0.28982922,0.041099936,-0.99526083,0.088128746
1356445700435,-0.3028887,0.04232779,0.95208544,-0.95185983,-0.062840104,-0.30002317,0.04712987,-0.9971255,0.059323728
1356445700472,-0.31798977,-0.018808395,0.94790757,-0.9458121,-0.06303406,-0.31853756,0.06574169,-0.9978341,0.0022550225
1356445700516,-0.3567024,-0.12169528,0.92625785,-0.9291215,-0.057212055,-0.3653219,0.09745106,-0.9909173,-0.09266198
1356445700563,-0.3761211,-0.23810107,0.89545566,-0.917672,-0.037891686,-0.39552802,0.12810594,-0.970501,-0.20424688
1356445700603,-0.329005,-0.31843427,0.88901937,-0.93330574,-0.03377241,-0.35749117,0.1438618,-0.94734323,-0.2860852
1356445700643,-0.24335179,-0.35579154,0.9023261,-0.958897,-0.051718265,-0.27900136,0.14593303,-0.93313324,-0.32858175
1356445700681,-0.13549942,-0.35483024,0.9250597,-0.98083246,-0.08391613,-0.17585698,0.14002681,-0.9311571,-0.33665848
1356445700722,-0.025580049,-0.3262795,0.9449272,-0.9910145,-0.115860224,-0.066833705,0.13128594,-0.9381461,-0.32038403
1356445700762,0.06749958,-0.28252527,0.95688206,-0.9901608,-0.13679844,0.029456556,0.12257773,-0.94945544,-0.2889793
1356445700802,0.1353882,-0.23069835,0.9635602,-0.98407865,-0.14433467,0.10371411,0.115148455,-0.9622607,-0.2465665
1356445700843,0.1697481,-0.18055835,0.9688055,-0.9793029,-0.14086846,0.14533341,0.11023301,-0.9734242,-0.20073345
1356445700883,0.1792427,-0.13126746,0.97500813,-0.97761035,-0.13480589,0.16157189,0.110227674,-0.98213863,-0.15249139
1356445700919,0.16015354,-0.085612744,0.98337233,-0.98030174,-0.13044706,0.14829668,0.11558196,-0.98775196,-0.1048179
1356445700963,0.12064415,-0.042976975,0.991765,-0.9850371,-0.12904507,0.11423367,0.12307295,-0.990707,-0.057902426
1356445701002,0.061989844,-0.0053539574,0.9980624,-0.99022317,-0.12552994,0.06082958,0.12496099,-0.9920754,-0.0130832195
1356445701042,-0.0136579275,0.024573028,0.9996047,-0.9931645,-0.11623043,-0.010712683,0.11592126,-0.9929182,0.025992572
1356445701080,-0.10020429,0.046102524,0.9938983,-0.99020207,-0.1022647,-0.095088035,0.09725693,-0.99368834,0.05589822
1356445701122,-0.19032168,0.059941858,0.9798901,-0.9788101,-0.08840412,-0.18470407,0.07555482,-0.9942795,0.07549685
1356445701162,-0.27303457,0.06842035,0.9595681,-0.9604071,-0.07684082,-0.26779428,0.0554114,-0.99469304,0.08669156
1356445701202,-0.3399648,0.07351759,0.9375602,-0.9396273,-0.067943394,-0.3353867,0.03904417,-0.9949768,0.09217751
1356445701242,-0.38742328,0.074071825,0.9189214,-0.92150295,-0.060437858,-0.38363993,0.02712071,-0.99541986,0.09167236
1356445701283,-0.41702908,0.06457025,0.9065966,-0.908638,-0.053250074,-0.41417554,0.021532953,-0.99649143,0.08087784
1356445701321,-0.43943685,0.03225261,0.89769435,-0.8978572,-0.046193838,-0.43785685,0.027345896,-0.9984117,0.049257457
1356445701361,-0.45895177,-0.032708883,0.88785887,-0.88710785,-0.03826517,-0.45997328,0.049019277,-0.99873215,-0.011454463
1356445701404,-0.47548342,-0.13207239,0.8697542,-0.8754074,-0.026794553,-0.48264268,0.08704844,-0.99087787,-0.10287678
1356445701442,-0.46092832,-0.22962552,0.8572148,-0.87868994,-0.017199814,-0.47708303,0.12429437,-0.97312707,-0.19384176
1356445701481,-0.41595203,-0.29866573,0.85894275,-0.89732766,-0.018510401,-0.44097668,0.14760399,-0.9541783,-0.2603016
1356445701522,-0.33841068,-0.32717872,0.8822881,-0.92843795,-0.03659159,-0.36968115,0.15323612,-0.9442538,-0.29138207
1356445701561,-0.24027342,-0.31954402,0.9166026,-0.9596631,-0.063825905,-0.27381197,0.14599803,-0.94541943,-0.2913189
1356445701601,-0.13693655,-0.28574267,0.94847214,-0.9817611,-0.08833015,-0.16835359,0.13188455,-0.95422685,-0.26843536
1356445701642,-0.044579208,-0.2393637,0.96990603,-0.9922619,-0.102010965,-0.070782155,0.11588377,-0.96555614,-0.23296386
1356445701682,0.028990328,-0.18644607,0.9820373,-0.99460673,-0.1032576,0.009757251,0.099583626,-0.97702384,-0.188434
1356445701721,0.07738173,-0.13553762,0.98774576,-0.99333894,-0.09532285,0.06473982,0.08538011,-0.986176,-0.14201102
1356445701762,0.10557294,-0.086578965,0.9906354,-0.9914931,-0.085431695,0.09819788,0.076129794,-0.9925752,-0.094861746
1356445701801,0.112122625,-0.042125523,0.9928011,-0.9909074,-0.07951555,0.10853478,0.07437101,-0.99594307,-0.050657958
1356445701843,0.1042757,-0.0011816919,0.9945477,-0.99125636,-0.0814212,0.103833884,0.080854535,-0.99667907,-0.009661615
1356445701881,0.08092058,0.0336425,0.99615264,-0.99278486,-0.086007595,0.083551675,0.088487595,-0.99572635,0.026440024
1356445701920,0.047616124,0.061135948,0.996993,-0.9948012,-0.08704901,0.052849293,0.09001821,-0.99432635,0.05667314
1356445701960,0.0054180026,0.079545915,0.99681646,-0.9965549,-0.08206749,0.011965513,0.08275801,-0.9934472,0.0788272
1356445702001,-0.04156643,0.0895229,0.995117,-0.9966143,-0.07442927,-0.03493318,0.07093853,-0.9931998,0.09231356
1356445702042,-0.08593309,0.09412354,0.99184495,-0.99458057,-0.066583216,-0.07985148,0.05852431,-0.99333155,0.099335134
1356445702081,-0.12128657,0.09659436,0.98790646,-0.9914658,-0.05972016,-0.115884304,0.047804117,-0.99353063,0.10301322
1356445702122,-0.14376664,0.09751725,0.98479515,-0.9888296,-0.053708076,-0.13903728,0.039332926,-0.9937836,0.10414937
1356445702162,-0.15372044,0.09280154,0.9837469,-0.9875119,-0.049188018,-0.14966863,0.03449908,-0.99446887,0.099203885
1356445702207,-0.1625349,0.06808177,0.9843512,-0.98593783,-0.05048251,-0.1593053,0.03884679,-0.99640167,0.0753296
1356445702242,-0.16911769,0.017253906,0.98544484,-0.9840772,-0.05843997,-0.16785973,0.054693162,-0.9981418,0.026862383
1356445702284,-0.19065475,-0.07474759,0.9788071,-0.97788906,-0.07281822,-0.19603676,0.08592829,-0.99454015,-0.05921167
1356445702321,-0.20372456,-0.18181252,0.9619982,-0.9716524,-0.082840145,-0.22142535,0.11994994,-0.9798376,-0.15978205
1356445702369,-0.20046431,-0.27518275,0.9402598,-0.9690479,-0.08545399,-0.23161143,0.14408442,-0.9575866,-0.24953479
1356445702412,-0.16408196,-0.32375845,0.93180335,-0.97462666,-0.09258416,-0.20379144,0.15224943,-0.94159895,-0.30035222
1356445702451,-0.110925704,-0.3335243,0.93619287,-0.9823162,-0.10617235,-0.15421525,0.15083233,-0.93674386,-0.31584907
1356445702490,-0.058585346,-0.31781635,0.94634056,-0.9877194,-0.11908406,-0.10113984,0.14483795,-0.9406443,-0.30693686
1356445702532,-0.020967633,-0.28858703,0.9572241,-0.99030834,-0.12548438,-0.05952379,0.13729447,-0.949195,-0.28315902
1356445702572,-0.0060664713,-0.25243187,0.96759564,-0.9914613,-0.12452552,-0.038702965,0.13026017,-0.95956844,-0.24952108
1356445702611,-0.024071217,-0.21709982,0.9758526,-0.9917705,-0.11759466,-0.050625384,0.1257458,-0.96904033,-0.21248251
1356445702653,-0.06553179,-0.18133074,0.98123634,-0.98984843,-0.11247206,-0.08689162,0.1261178,-0.97696936,-0.17211944
1356445702692,-0.1439383,-0.1508067,0.9780282,-0.9807906,-0.10974115,-0.16126633,0.13164994,-0.9824532,-0.13211387
1356445702731,-0.24548268,-0.12532276,0.96126604,-0.958968,-0.1136955,-0.2597186,0.14184025,-0.9855798,-0.092270255
1356445702772,-0.37092137,-0.10603526,0.9225909,-0.9163474,-0.11947602,-0.38214275,0.15074807,-0.98715854,-0.052848995
1356445702811,-0.5021652,-0.08949721,0.86012816,-0.8515294,-0.12222189,-0.5098623,0.15075767,-0.98845947,-0.014833987
1356445702853,-0.6185292,-0.07110253,0.7825381,-0.7735002,-0.120152116,-0.6223028,0.13827097,-0.9902059,0.019319892
1356445702892,-0.7108313,-0.05141771,0.70148057,-0.6934829,-0.11533767,-0.71118116,0.1174745,-0.9919946,0.046328366
1356445702930,-0.7763035,-0.03218466,0.6295373,-0.62326354,-0.11023831,-0.77420294,0.09431654,-0.993384,0.06551874
1356445702972,-0.81887215,-0.015801698,0.5737585,-0.56915987,-0.10686934,-0.8152521,0.07419956,-0.9941475,0.07851857
1356445703016,-0.84112936,-0.0020587146,0.5408299,-0.53767717,-0.10470092,-0.8366247,0.05834776,-0.99450153,0.08696014
1356445703051,-0.8441239,0.00849551,0.53608096,-0.5340483,-0.101732016,-0.83931106,0.04740621,-0.9947756,0.090411365
1356445703094,-0.83759165,0.0070254505,0.5462518,-0.54448867,-0.0920251,-0.8337047,0.04441172,-0.99573195,0.08090466
1356445703131,-0.8198817,-0.012848765,0.5723888,-0.5701896,-0.07203734,-0.81834865,0.051748157,-0.9973192,0.051735878
1356445703178,-0.81345433,-0.07126337,0.57724655,-0.576491,-0.032836795,-0.81644344,0.07713744,-0.9969169,-0.014371455
1356445703208,-0.7980902,-0.14939106,0.58372456,-0.59212816,0.015154898,-0.8057013,0.11151825,-0.98866206,-0.10055369
1356445703253,-0.77579063,-0.23012656,0.5875293,-0.61413234,0.061583817,-0.7867966,0.1448805,-0.9712102,-0.18910432
1356445703290,-0.72979283,-0.29153392,0.61839336,-0.66332877,0.08295238,-0.7437162,0.16552131,-0.95295686,-0.2539209
1356445703332,-0.6566639,-0.32561922,0.68026805,-0.73439777,0.070825875,-0.6750138,0.17161694,-0.9428445,-0.2856428
1356445703371,-0.5574045,-0.33122605,0.7613078,-0.8132501,0.033263743,-0.5809628,0.16710609,-0.9429649,-0.287911
1356445703411,-0.44352698,-0.31377313,0.8395417,-0.88222647,-0.012275875,-0.47066522,0.15798819,-0.94941866,-0.2713743
1356445703450,-0.33196664,-0.27875593,0.90116227,-0.9316515,-0.052725136,-0.35950756,0.14772871,-0.95891356,-0.24220043
1356445703491,-0.23966676,-0.23472098,0.9420541,-0.9608902,-0.081321,-0.26472065,0.1387443,-0.9686552,-0.20605117
1356445703531,-0.17544097,-0.18818393,0.966337,-0.97550786,-0.099059224,-0.19639674,0.13268334,-0.9771254,-0.16619581
1356445703571,-0.14631087,-0.14565611,0.97845674,-0.9805596,-0.109380126,-0.16290799,0.13075224,-0.9832703,-0.12682098
1356445703612,-0.14601678,-0.10786688,0.9833839,-0.980114,-0.1192441,-0.158611,0.13437155,-0.9869881,-0.08831018
1356445703651,-0.1809656,-0.07798436,0.9803927,-0.97341263,-0.12813067,-0.18986925,0.14042524,-0.98868644,-0.052723706
1356445703692,-0.23561084,-0.05357817,0.9703695,-0.96109843,-0.13524818,-0.24082738,0.14414388,-0.98936206,-0.019627929
1356445703730,-0.30864096,-0.03440866,0.950556,-0.9408412,-0.1358903,-0.3104056,0.13985199,-0.99012613,0.009568274
1356445703769,-0.38963968,-0.019298255,0.92076516,-0.9122198,-0.12938249,-0.3887353,0.12663284,-0.9914069,0.032808363
1356445703810,-0.46651328,-0.0069058836,0.88448715,-0.87790835,-0.11836785,-0.4639676,0.10789895,-0.9929458,0.04915744
1356445703854,-0.5297307,0.0038040578,0.8481573,-0.84352434,-0.10683626,-0.52635795,0.08861169,-0.9942693,0.059803307
1356445703894,-0.5716791,0.014279723,0.82035303,-0.8173729,-0.09680629,-0.5679173,0.07130563,-0.9952008,0.06701398
1356445703928,-0.5896412,0.024300843,0.8072996,-0.8056421,-0.088401556,-0.58576953,0.057131857,-0.99578846,0.07170296
1356445703972,-0.5874471,0.029673785,0.8087183,-0.80787385,-0.080021024,-0.5838976,0.047388047,-0.99635136,0.07098085
1356445704014,-0.57766074,0.019571006,0.8160423,-0.81498915,-0.069963336,-0.5752372,0.045835048,-0.99735755,0.056365192
1356445704051,-0.57847106,-0.020363599,0.8154487,-0.81361604,-0.05705887,-0.5785959,0.058310866,-0.9981631,0.016438663
1356445704097,-0.60543156,-0.100610495,0.7895125,-0.7908563,-0.03542149,-0.61097586,0.08943632,-0.9942951,-0.05812311
1356445704134,-0.63501126,-0.19943422,0.7463155,-0.7615663,-3.721118E-4,-0.648087,0.12952846,-0.9799112,-0.15164614
1356445704172,-0.64783245,-0.28761867,0.70539963,-0.7438556,0.039133906,-0.66719365,0.1642923,-0.9569452,-0.239299
1356445704211,-0.6258602,-0.34425443,0.69984853,-0.7579221,0.056767285,-0.6498705,0.1839923,-0.9371587,-0.29644638
1356445704252,-0.5703945,-0.36603826,0.73529994,-0.7993849,0.041649163,-0.5993739,0.18876913,-0.9296673,-0.31636196
1356445704291,-0.49006653,-0.36131373,0.79327625,-0.8516934,0.0046889186,-0.5240195,0.18561584,-0.93243253,-0.31002647
1356445704332,-0.39325404,-0.33285713,0.85706323,-0.9020395,-0.04076779,-0.42972392,0.17797726,-0.9420956,-0.2842182
1356445704371,-0.30046612,-0.28980687,0.9086981,-0.9387586,-0.07863259,-0.3354837,0.16867879,-0.95384955,-0.24843222
1356445704411,-0.22592914,-0.24016628,0.9440743,-0.9610894,-0.103171885,-0.25624734,0.15894392,-0.9652335,-0.20751172
1356445704450,-0.18149698,-0.19136566,0.9645922,-0.9718438,-0.11497426,-0.20567119,0.15026167,-0.9747616,-0.16510999
1356445704491,-0.17424047,-0.14878106,0.97339845,-0.97395027,-0.11964846,-0.19262716,0.14512482,-0.98160505,-0.12405777
1356445704530,-0.20623964,-0.114910305,0.9717308,-0.9676004,-0.123872936,-0.22001135,0.14565274,-0.98562217,-0.085639715
1356445704571,-0.27728885,-0.090359926,0.95652807,-0.94895923,-0.12997347,-0.28737286,0.15029028,-0.9873915,-0.04970765
1356445704612,-0.377846,-0.07242957,0.9230311,-0.91319895,-0.13520646,-0.38443068,0.15264392,-0.9881666,-0.015055418
1356445704651,-0.495499,-0.05888918,0.86661005,-0.8561696,-0.13512951,-0.49871203,0.14647332,-0.9890764,0.016537368
1356445704691,-0.5947597,-0.04210815,0.8028,-0.7934644,-0.12966222,-0.5946443,0.12913215,-0.99066377,0.043706477
1356445704730,-0.6680943,-0.022962362,0.7437223,-0.736598,-0.12094706,-0.66542864,0.10523084,-0.9923934,0.06388992
1356445704773,-0.71264946,-0.0037561655,0.70151037,-0.6968498,-0.11140913,-0.7085114,0.08081591,-0.99376756,0.076778114
1356445704810,-0.7286227,0.013801932,0.6847762,-0.6822816,-0.102219224,-0.7239081,0.060005963,-0.99466616,0.08389604
1356445704852,-0.7157797,0.028491318,0.6977446,-0.696919,-0.09254062,-0.71115404,0.044308007,-0.9953012,0.086094916
1356445704892,-0.67674595,0.03619519,0.73532623,-0.73540246,-0.080189764,-0.672869,0.034611106,-0.9961222,0.080886245
1356445704927,-0.6223529,0.027700156,0.7822465,-0.78202057,-0.06474537,-0.6198805,0.033476055,-0.9975173,0.061956525
1356445704971,-0.58668035,-0.01387167,0.8096997,-0.8084331,-0.048428297,-0.5865923,0.047349393,-0.9987303,0.017197669
1356445705012,-0.576823,-0.09204087,0.8116672,-0.81307864,-0.030919492,-0.5813322,0.07860264,-0.995275,-0.057001412
1356445705053,-0.58927625,-0.19800815,0.7832919,-0.7983929,-0.0058216453,-0.6021086,0.123782516,-0.980183,-0.15465772
1356445705092,-0.5672715,-0.29336742,0.76950544,-0.806947,0.011435688,-0.59051317,0.16443753,-0.95593137,-0.24321908
1356445705134,-0.49616992,-0.35511804,0.79227936,-0.84741056,-5.39124E-4,-0.53093785,0.18897274,-0.9348213,-0.3006633
1356445705169,-0.36827487,-0.376665,0.8499983,-0.90843,-0.048733294,-0.4151868,0.19780952,-0.9250668,-0.3242265
1356445705212,-0.20632726,-0.35781145,0.9107139,-0.95872176,-0.11218399,-0.26127985,0.19565651,-0.92703056,-0.31989503
1356445705254,-0.046364367,-0.31185198,0.9489988,-0.9809524,-0.16518545,-0.10220733,0.18863428,-0.93566144,-0.29825324
1356445705292,0.08078468,-0.2569148,0.9630517,-0.9801932,-0.19575816,0.029999852,0.18081781,-0.9464003,-0.2676404
1356445705330,0.16892552,-0.20222202,0.96466076,-0.97021663,-0.20652056,0.12660554,0.17361987,-0.9573169,-0.23108578
1356445705370,0.22137663,-0.15081793,0.96345544,-0.9607654,-0.20302007,0.1889781,0.16709948,-0.9674901,-0.18984458
1356445705405,0.24236831,-0.10449383,0.96454066,-0.9566872,-0.19099757,0.21970311,0.16126734,-0.9760128,-0.14625964
1356445705435,0.23826557,-0.06495905,0.96902525,-0.9585477,-0.17625797,0.22387385,0.15625575,-0.98219836,-0.10426256
1356445705476,0.22807425,-0.024156362,0.9733441,-0.961974,-0.15990484,0.22144148,0.15029323,-0.9868368,-0.05970797
