1356445408848,-0.43652654,0.0738734,-0.8966534,0.85672873,-0.2701652,-0.439348,-0.27470067,-0.95997584,0.054644823
1356445408877,0.4798283,-0.18612638,-0.85739243,0.8332491,-0.20929831,0.5117522,-0.27470136,-0.9599746,0.05466236
1356445408918,0.47988877,-0.18621498,-0.8573394,0.833211,-0.20925209,0.5118329,-0.27471104,-0.95996743,0.05473867
1356445408957,0.47933903,-0.18615094,-0.8576608,0.8335117,-0.20938608,0.51128846,-0.27475902,-0.95995075,0.054792017
1356445408999,0.47687173,-0.1853646,-0.8592051,0.834864,-0.21024942,0.50872123,-0.27494624,-0.9599142,0.05449222
1356445409050,0.46847787,-0.18180549,-0.8645665,0.83942246,-0.21356043,0.49976182,-0.27549666,-0.9598639,0.05256331
1356445409091,0.4480521,-0.17396238,-0.8769187,0.85031915,-0.21995747,0.4780963,-0.27605557,-0.9598728,0.049371168
1356445409130,0.41911295,-0.1620414,-0.89335716,0.864867,-0.2281945,0.44713804,-0.27631402,-0.9600364,0.044504955
1356445409170,0.38082102,-0.14670137,-0.91293705,0.88250077,-0.23702976,0.40621355,-0.27598533,-0.9603623,0.03919813
1356445409210,0.3373453,-0.12993231,-0.932371,0.90036654,-0.2446295,0.35985643,-0.27484238,-0.9608715,0.03446205
1356445409252,0.29095864,-0.11323476,-0.9500111,0.9169457,-0.25038236,0.31067565,-0.27304524,-0.9615023,0.030979201
1356445409290,0.24518573,-0.097791076,-0.9645314,0.93080354,-0.25445163,0.2624102,-0.27108797,-0.9621285,0.028636351
1356445409332,0.20478165,-0.08521694,-0.97509104,0.94100744,-0.25703454,0.22008687,-0.2693872,-0.9626377,0.027553797
1356445409371,0.17060679,-0.07597503,-0.9824057,0.9480125,-0.25916535,0.18467668,-0.2686364,-0.9628401,0.027809978
1356445409411,0.14479697,-0.070479155,-0.9869481,0.95215905,-0.26137316,0.15835795,-0.26912266,-0.96266127,0.02926135
1356445409449,0.12508559,-0.06671542,-0.98990035,0.95467335,-0.26352537,0.13839486,-0.2700969,-0.96234274,0.030728221
1356445409492,0.108567595,-0.062493026,-0.9921229,0.95648164,-0.26534796,0.1213814,-0.27084327,-0.9621253,0.030965209
1356445409530,0.09185618,-0.05553624,-0.9942224,0.9582226,-0.26666903,0.10342598,-0.27087227,-0.9621867,0.028720915
1356445409573,0.07357526,-0.045301884,-0.99626017,0.95996654,-0.2675168,0.0830594,-0.27027914,-0.9624876,0.023805708
1356445409611,0.05215746,-0.030647308,-0.99816847,0.9617219,-0.26771605,0.058472812,-0.26901782,-0.96301025,0.015510857
1356445409651,0.024338245,-0.011620939,-0.9996363,0.96339357,-0.2667727,0.026557118,-0.26698425,-0.96368945,0.004702747
1356445409690,-0.008851886,0.010373294,-0.999907,0.96456826,-0.26359242,-0.011273652,-0.26368487,-0.9645784,-0.0076723993
1356445409731,-0.042768657,0.03126067,-0.9985958,0.9650185,-0.25748718,-0.04939115,-0.25866967,-0.96577585,-0.019154698
1356445409771,-0.07006079,0.045912415,-0.9964856,0.9653735,-0.24851894,-0.07932374,-0.2512875,-0.96753824,-0.0269112
1356445409810,-0.08438659,0.050496995,-0.9951528,0.96692854,-0.23708397,-0.094023556,-0.24068266,-0.97017586,-0.028820366
1356445409851,-0.083621144,0.044347525,-0.99551034,0.9704859,-0.22314173,-0.09145951,-0.22619593,-0.9737767,-0.024379313
1356445409892,-0.06876701,0.028890342,-0.9972143,0.9758942,-0.2055831,-0.0732528,-0.20712674,-0.9782131,-0.014056534
1356445409928,-0.047344506,0.009456545,-0.9988339,0.981609,-0.18469757,-0.048276663,-0.1849387,-0.98274994,-5.3820014E-4
1356445409972,-0.021850944,-0.011397481,-0.9996962,0.986977,-0.15964377,-0.01975289,-0.15937024,-0.9871088,0.014737487
1356445410011,0.0019293427,-0.02917552,-0.9995724,0.9910344,-0.13348031,0.00580889,-0.13359281,-0.99062186,0.028656453
1356445410052,0.023527682,-0.042655528,-0.9988128,0.9937778,-0.10780114,0.028012902,-0.10886797,-0.99325705,0.039853692
1356445410091,0.0445022,-0.051737934,-0.9976686,0.99514437,-0.08546412,0.0488216,-0.08779085,-0.994997,0.047683418
1356445410132,0.06616396,-0.057247043,-0.99616516,0.9951675,-0.06880629,0.07005176,-0.07255271,-0.9959861,0.052417904
1356445410170,0.08842391,-0.060183614,-0.9942631,0.9940016,-0.05916077,0.09198174,-0.06435722,-0.99643254,0.054591417
1356445410212,0.10915178,-0.061326534,-0.9921316,0.9920231,-0.056595445,0.112638175,-0.06305778,-0.996512,0.054659754
1356445410251,0.12543571,-0.06151089,-0.990193,0.9898268,-0.059791982,0.1291036,-0.0671469,-0.99631387,0.05338508
1356445410290,0.13522172,-0.06186545,-0.98888206,0.9880072,-0.06666851,0.13927293,-0.074543506,-0.99585533,0.052108526
1356445410331,0.13757548,-0.063436836,-0.98845786,0.9869828,-0.07514176,0.14219263,-0.08329469,-0.99515307,0.052273333
1356445410370,0.13392788,-0.06696907,-0.98872566,0.9866611,-0.084154725,0.1393483,-0.092538,-0.99419975,0.05480513
1356445410411,0.12561852,-0.07196206,-0.98946524,0.98690814,-0.09262937,0.13203064,-0.101154804,-0.9930968,0.05938399
1356445410477,0.1167199,-0.07750887,-0.99013567,0.98730356,-0.09909612,0.12414339,-0.10774085,-0.9920546,0.064958364
1356445410495,0.11261642,-0.08232704,-0.9902221,0.9873916,-0.10229981,0.12079969,-0.11124468,-0.991341,0.06976846
1356445410531,0.11951268,-0.08648205,-0.989059,0.98659825,-0.10112053,0.12805718,-0.11108878,-0.99110824,0.07323784
1356445410566,0.144974,-0.0896557,-0.9853651,0.9835122,-0.095749855,0.15341341,-0.10810298,-0.9913596,0.074296266
1356445410607,0.17883259,-0.08654401,-0.9800658,0.97859514,-0.087456346,0.18628699,-0.10183501,-0.9924019,0.069051534
1356445410648,0.21370801,-0.07050529,-0.97435,0.972556,-0.078573555,0.21900019,-0.091998816,-0.99441195,0.051778495
1356445410692,0.21592769,-0.027916431,-0.9760102,0.9734212,-0.071988255,0.21741402,-0.07633066,-0.99701476,0.0116301775
1356445410733,0.1576904,0.051457852,-0.986147,0.98604953,-0.062099338,0.15443444,-0.053292215,-0.9967426,-0.06053245
1356445410779,0.029188186,0.1612347,-0.9864844,0.999259,-0.029477865,0.024748236,-0.025089145,-0.9864758,-0.16197568
1356445410815,-0.12862569,0.26716346,-0.9550283,0.9916931,0.0351789,-0.12372273,5.426705E-4,-0.96300894,-0.26946908
1356445410853,-0.25506383,0.33886024,-0.90560263,0.9668114,0.103678346,-0.2335088,0.014764488,-0.93510664,-0.35405856
1356445410893,-0.3227362,0.37471294,-0.86915565,0.9464067,0.13986176,-0.2911236,0.012473792,-0.91653085,-0.3997693
1356445410927,-0.33476812,0.3855825,-0.8598002,0.9422948,0.133793,-0.3068876,-0.0032951832,-0.9129214,-0.408122
1356445410968,-0.29366508,0.3768865,-0.8784745,0.95553017,0.08988777,-0.28085998,-0.026888251,-0.92188764,-0.3865233
1356445411009,-0.20138463,0.34829682,-0.91549635,0.97818214,0.022819966,-0.20649207,-0.051028907,-0.9371065,-0.34529334
1356445411048,-0.066777945,0.2981556,-0.95217854,0.9953187,-0.046917915,-0.08449486,-0.069866836,-0.95336354,-0.2936268
1356445411088,0.08418819,0.23119166,-0.9692588,0.99320364,-0.0979214,0.06291139,-0.08036658,-0.96796787,-0.23786426
1356445411128,0.22045633,0.15874079,-0.96239305,0.9718834,-0.119419545,0.20293278,-0.082714885,-0.9800716,-0.18060428
1356445411168,0.32399106,0.09088659,-0.94168437,0.94270325,-0.114792645,0.31326246,-0.07962704,-0.9892231,-0.12287086
1356445411208,0.39236185,0.03167501,-0.9192655,0.91675186,-0.09490779,0.3880188,-0.0749549,-0.99498206,-0.06627634
1356445411248,0.43085587,-0.019219577,-0.9022161,0.89947593,-0.07155639,0.43107164,-0.07284436,-0.9972514,-0.01354295
1356445411288,0.44636226,-0.06345895,-0.8925994,0.891443,-0.055455685,0.4497266,-0.07803887,-0.99644256,0.031816706
1356445411333,0.44574687,-0.102304906,-0.8892938,0.8901031,-0.054782838,0.45245486,-0.09500635,-0.9932435,0.0666426
1356445411371,0.43197775,-0.13374987,-0.8919115,0.8936856,-0.06956339,0.44326854,-0.12133154,-0.9885706,0.08948052
1356445411418,0.41548058,-0.1583558,-0.89571166,0.8964293,-0.095695525,0.43273184,-0.1542412,-0.98273385,0.10219516
1356445411453,0.40554005,-0.1784808,-0.89648306,0.89432496,-0.12530988,0.4295117,-0.18899775,-0.9759314,0.10880162
1356445411493,0.41014326,-0.19747531,-0.89038527,0.88472354,-0.15091985,0.44100723,-0.22146484,-0.968621,0.112812325
1356445411529,0.42915425,-0.21679619,-0.87682724,0.8673794,-0.17187247,0.46702564,-0.25195178,-0.9609679,0.114284694
1356445411570,0.45496014,-0.2316148,-0.8598639,0.84535265,-0.19125482,0.498799,-0.27998236,-0.9538219,0.108782895
1356445411615,0.46711642,-0.22534159,-0.8549991,0.8303765,-0.22041184,0.5117554,-0.30377167,-0.94902045,0.08416033
1356445411654,0.4506663,-0.18145213,-0.87405664,0.8335333,-0.26497275,0.48478007,-0.31956547,-0.94702935,0.03183204
1356445411695,0.36796737,-0.061635375,-0.9277936,0.87331116,-0.31968737,0.36759686,-0.31926093,-0.9455162,-0.06380761
1356445411730,0.24012825,0.09988448,-0.9655887,0.92170024,-0.33561876,0.19449604,-0.30464256,-0.93668735,-0.1726551
1356445411768,0.112472594,0.24423209,-0.9631721,0.9531231,-0.30054116,0.035090715,-0.28090262,-0.92196834,-0.26658586
1356445411808,0.030003786,0.32964918,-0.94362664,0.9660423,-0.25195026,-0.057300508,-0.25663602,-0.909864,-0.32601452
1356445411849,-0.0043111444,0.36115292,-0.93249667,0.9712331,-0.22051144,-0.08989361,-0.2380915,-0.90605915,-0.34981304
1356445411896,-0.0056250393,0.3570702,-0.9340607,0.97389925,-0.20999941,-0.0861429,-0.22691122,-0.9101655,-0.34656912
1356445411930,0.012844831,0.33035457,-0.9437695,0.9749081,-0.21391258,-0.06160879,-0.22223693,-0.91929716,-0.324813
1356445411970,0.043544114,0.28728995,-0.9568534,0.974036,-0.22519231,-0.02328667,-0.22216606,-0.9309957,-0.28963655
1356445412010,0.080709785,0.23176768,-0.9694172,0.9711714,-0.23715541,0.024156868,-0.22430375,-0.9434199,-0.24422687
1356445412049,0.118308485,0.1681486,-0.9786364,0.966936,-0.24373609,0.075015396,-0.22591534,-0.9551537,-0.19142497
1356445412091,0.14919618,0.10281816,-0.98344743,0.9631226,-0.24032685,0.12098685,-0.22390926,-0.9652313,-0.13488233
1356445412132,0.16894108,0.040959805,-0.9847747,0.96176445,-0.22536993,0.15561983,-0.21556446,-0.9734119,-0.07746795
1356445412170,0.17315078,-0.011735231,-0.98482543,0.9638493,-0.20358986,0.17188874,-0.20251769,-0.9789859,-0.023940742
1356445412211,0.16765124,-0.05626461,-0.9842395,0.9675623,-0.18199754,0.17521456,-0.18898743,-0.981688,0.02392736
1356445412256,0.1562643,-0.09361705,-0.98326874,0.9710449,-0.16756499,0.17027551,-0.18070212,-0.98140603,0.06472194
1356445412293,0.14105916,-0.120857805,-0.9825964,0.9737681,-0.1620605,0.15972498,-0.17854401,-0.97935176,0.094827384
1356445412334,0.13189846,-0.14163229,-0.9810928,0.974352,-0.1635164,0.15459782,-0.1823208,-0.97632104,0.11643213
1356445412373,0.13808578,-0.15955803,-0.9774833,0.97235966,-0.16577661,0.16442224,-0.1882788,-0.9731697,0.13225642
1356445412412,0.16220504,-0.17821339,-0.9705305,0.9671254,-0.16650474,0.19221038,-0.19585237,-0.9698022,0.14534673
1356445412453,0.20821059,-0.19841066,-0.95774823,0.9564183,-0.16365999,0.24182585,-0.2047258,-0.96635854,0.15568773
1356445412491,0.26884127,-0.21401018,-0.939108,0.93912774,-0.15830666,0.30492282,-0.21392366,-0.9639183,0.15842359
1356445412533,0.3267675,-0.21073395,-0.9213111,0.9189835,-0.15675491,0.36179695,-0.22066301,-0.9648932,0.14243868
1356445412574,0.357936,-0.1690413,-0.91831744,0.9072894,-0.16948959,0.38483676,-0.2206985,-0.9709265,0.09270294
1356445412616,0.33751816,-0.07144746,-0.93860364,0.9175867,-0.19751602,0.3449957,-0.21003833,-0.9776925,-0.001105994
1356445412652,0.26819408,0.06493628,-0.9611739,0.94423187,-0.21557748,0.24890253,-0.1910446,-0.9743252,-0.119131535
1356445412693,0.17584857,0.20009798,-0.96386623,0.9695218,-0.20488659,0.1343461,-0.17060089,-0.9581139,-0.23002839
1356445412731,0.11381346,0.28725502,-0.9510684,0.9810915,-0.18333405,0.062033147,-0.15654388,-0.94014525,-0.3026893
1356445412772,0.1070548,0.31662408,-0.9424906,0.98273396,-0.17757574,0.051970422,-0.15090835,-0.9317812,-0.33016753
1356445412809,0.139837,0.30637553,-0.94158363,0.9787071,-0.18707123,0.084480464,-0.15026045,-0.933348,-0.32601133
1356445412852,0.19944072,0.2668365,-0.94287944,0.9680629,-0.2028215,0.14736879,-0.1519129,-0.942158,-0.2987654
1356445412896,0.26527032,0.21112594,-0.940775,0.9518199,-0.21303871,0.22057515,-0.1538524,-0.95396036,-0.25746667
1356445412932,0.32356974,0.14921677,-0.93436444,0.93336654,-0.21244904,0.2892963,-0.15533695,-0.9657121,-0.20801598
1356445412970,0.36471602,0.08954272,-0.9268033,0.9179573,-0.2013438,0.34178218,-0.15600199,-0.9754193,-0.15562966
1356445413011,0.38447195,0.037677556,-0.92236745,0.91009486,-0.18282908,0.37188804,-0.15462378,-0.9824225,-0.10458276
1356445413050,0.38240892,-0.003795147,-0.92398536,0.9117954,-0.16039968,0.37802264,-0.1496416,-0.9870448,-0.05787784
1356445413091,0.36251107,-0.03617674,-0.93127704,0.92108965,-0.13840082,0.36392185,-0.142055,-0.98971534,-0.016849816
1356445413130,0.33177364,-0.06292409,-0.9412582,0.93339944,-0.122707665,0.33720678,-0.13671795,-0.99044615,0.01802209
1356445413172,0.29622638,-0.08543268,-0.95128924,0.9450066,-0.1183247,0.30489644,-0.13860911,-0.989293,0.045683563
1356445413213,0.26152644,-0.10315436,-0.9596683,0.95363015,-0.12584719,0.2734082,-0.1489748,-0.98667204,0.065458715
1356445413252,0.23312,-0.115302324,-0.9655881,0.9588289,-0.13834384,0.24800795,-0.16217911,-0.98364943,0.0783045
1356445413293,0.21869153,-0.12514636,-0.9677357,0.9597591,-0.1514641,0.2364761,-0.17617136,-0.98050857,0.08698645
1356445413332,0.22724092,-0.13643807,-0.9642334,0.9553861,-0.16060007,0.24788061,-0.18867636,-0.97754395,0.093856215
1356445413371,0.25639784,-0.14924732,-0.95497924,0.94568884,-0.16552848,0.2797728,-0.19983166,-0.97484636,0.09870045
1356445413414,0.30105105,-0.15790766,-0.94044316,0.930507,-0.1671122,0.32592973,-0.20862636,-0.97321045,0.09662488
1356445413452,0.34182027,-0.14719012,-0.928167,0.9156079,-0.17033824,0.3642076,-0.21171007,-0.97433054,0.076543346
1356445413495,0.35335636,-0.09695941,-0.93045056,0.9129402,-0.1813178,0.3656011,-0.20415568,-0.97863317,0.02444829
1356445413550,0.3195084,-6.532967E-4,-0.9475832,0.92951477,-0.19413611,0.31354982,-0.18416497,-0.9809744,-0.061420858
1356445413572,0.24432614,0.123093665,-0.9618486,0.95700043,-0.19057253,0.21870583,-0.15638065,-0.97392505,-0.16436252
1356445413612,0.16549441,0.22966003,-0.95909745,0.9773128,-0.16853365,0.1282815,-0.13217908,-0.9585681,-0.25234106
1356445413654,0.12109417,0.28906354,-0.9496201,0.9854225,-0.15016896,0.079948336,-0.119493335,-0.9454584,-0.3030343
1356445413691,0.111854285,0.30771104,-0.9448822,0.9869988,-0.1448426,0.06967044,-0.11542088,-0.9403906,-0.31991166
1356445413731,0.13959318,0.28933606,-0.9469944,0.9832592,-0.15361005,0.09800622,-0.11711112,-0.94482195,-0.30593526
1356445413771,0.18124941,0.25141054,-0.95075834,0.97603434,-0.16438493,0.14259934,-0.12043932,-0.9538188,-0.27518
1356445413812,0.22948611,0.20039767,-0.9524584,0.9654061,-0.1713379,0.19655621,-0.12380281,-0.96461606,-0.23278481
1356445413851,0.2743417,0.14382625,-0.9508158,0.9532808,-0.1707027,0.24923137,-0.12646079,-0.974769,-0.1839377
1356445413900,0.3095253,0.08760336,-0.9468473,0.94226384,-0.16208655,0.29303056,-0.12780073,-0.9828803,-0.13271537
1356445413929,0.33133918,0.036150545,-0.94281894,0.93499243,-0.1465612,0.3229691,-0.1265052,-0.9885409,-0.08236194
1356445413967,0.33821887,-0.0075121224,-0.94103754,0.9331187,-0.12701756,0.3363867,-0.1220552,-0.9918721,-0.035950065
1356445414008,0.3341941,-0.04447162,-0.9414545,0.93518126,-0.10863045,0.3370987,-0.11726192,-0.99308693,0.0052853525
1356445414048,0.3232932,-0.0766249,-0.9431914,0.93885934,-0.09876317,0.3298318,-0.118425936,-0.9921564,0.04001054
1356445414098,0.3102609,-0.10477224,-0.94486034,0.9417261,-0.10200292,0.32054248,-0.12996247,-0.9892514,0.067019254
1356445414132,0.29829296,-0.12739697,-0.94593406,0.94267404,-0.116034836,0.3128923,-0.14962289,-0.985041,0.085481465
1356445414173,0.2926475,-0.14459565,-0.94522464,0.94057214,-0.13457087,0.31179306,-0.17228356,-0.9802973,0.09662075
1356445414222,0.30101895,-0.15952581,-0.9401804,0.93366474,-0.15132487,0.32460895,-0.19405618,-0.9755267,0.103391975
1356445414263,0.3331985,-0.17544016,-0.9263905,0.9190239,-0.15908402,0.3606763,-0.21065101,-0.9715519,0.10822715
1356445414303,0.376103,-0.18838128,-0.90722597,0.8997009,-0.159866,0.40617883,-0.22155103,-0.9689971,0.109360695
1356445414345,0.4218898,-0.18934026,-0.8866563,0.87820494,-0.15768948,0.45154217,-0.22531143,-0.9691669,0.099751905
1356445414393,0.45173684,-0.15970662,-0.8777401,0.86506283,-0.16218725,0.47472262,-0.21817464,-0.97375,0.06489031
1356445414413,0.46617162,-0.10638118,-0.878275,0.8609544,-0.17388308,0.4780398,-0.20357162,-0.97900337,0.010530025
1356445414445,0.43977895,-0.004650533,-0.89809406,0.880781,-0.1932359,0.43230176,-0.17555442,-0.9811413,-0.08088499
1356445414478,0.39560485,0.10419735,-0.91249096,0.9067607,-0.20212787,0.37003952,-0.14588276,-0.97380036,-0.17444482
1356445414522,0.3484475,0.19751468,-0.91628176,0.929297,-0.20048976,0.31017914,-0.12244016,-0.959579,-0.25340992
1356445414561,0.31912196,0.2503352,-0.9140533,0.9412041,-0.19656575,0.2747669,-0.110887736,-0.9479948,-0.29834497
1356445414600,0.31329918,0.26166347,-0.91289425,0.9433429,-0.19639671,0.2674557,-0.10930601,-0.94496596,-0.30836928
1356445414641,0.3209378,0.24566132,-0.9146855,0.9404089,-0.19725716,0.27698517,-0.11238375,-0.9490733,-0.29432935
1356445414680,0.3341806,0.21326718,-0.9180634,0.93529713,-0.19530684,0.29508385,-0.11637235,-0.95727336,-0.26473597
1356445414721,0.34619796,0.17348883,-0.9219808,0.93055105,-0.18842423,0.3139603,-0.11925489,-0.9666426,-0.22667229
1356445414761,0.35505736,0.13046828,-0.92569554,0.927032,-0.17688811,0.33063915,-0.12060663,-0.9755453,-0.1837537
1356445414801,0.35726988,0.089732766,-0.9296807,0.9261583,-0.1627571,0.34020692,-0.12078455,-0.98257726,-0.14125493
1356445414841,0.35488608,0.051755965,-0.93347585,0.9272079,-0.1473814,0.34433168,-0.119755745,-0.9877247,-0.10029212
1356445414900,0.34612393,0.018137842,-0.93801355,0.93070173,-0.13269794,0.34086004,-0.11828998,-0.99099064,-0.0628109
1356445414921,0.334583,-0.013687491,-0.9422668,0.9347993,-0.121637255,0.33369833,-0.11918223,-0.9924802,-0.027902722
1356445414961,0.32157582,-0.045464456,-0.9457917,0.9383676,-0.118361115,0.32474127,-0.1267091,-0.9919293,0.0046002567
1356445415016,0.30808645,-0.075841665,-0.9483305,0.9406588,-0.12479502,0.31557447,-0.14228058,-0.9892797,0.03289351
1356445415043,0.29506388,-0.101341784,-0.950088,0.9416104,-0.13795379,0.307146,-0.16219497,-0.9852404,0.05471927
1356445415081,0.28572425,-0.12081525,-0.9506658,0.9410577,-0.15202567,0.30215675,-0.18103069,-0.98096484,0.070256636
1356445415121,0.28550383,-0.13691565,-0.9485471,0.9381565,-0.16231355,0.30580518,-0.1958315,-0.9771942,0.08210714
1356445415161,0.2991859,-0.15333414,-0.9417943,0.93146956,-0.1671932,0.3231268,-0.207008,-0.9739276,0.09280424
1356445415205,0.32850313,-0.17085308,-0.92892134,0.9194371,-0.16722912,0.355907,-0.21615052,-0.9710014,0.102153376
1356445415241,0.37110803,-0.18435869,-0.91010475,0.9013263,-0.1642333,0.40079695,-0.22335994,-0.96904033,0.10521905
1356445415283,0.40799823,-0.17665535,-0.89572895,0.88451856,-0.16658905,0.43574667,-0.22619554,-0.97007275,0.08828683
1356445415323,0.42862988,-0.13469517,-0.89338326,0.87575126,-0.18115789,0.4474835,-0.22211733,-0.9741863,0.04030983
1356445415364,0.4101348,-0.04078728,-0.9111124,0.88792425,-0.21028352,0.40911034,-0.20827845,-0.97678924,-0.050028548
1356445415402,0.35731116,0.078892976,-0.9306474,0.91444755,-0.2322931,0.33139947,-0.19003782,-0.96944106,-0.15514445
1356445415441,0.2891228,0.18830004,-0.93858993,0.9411516,-0.23519644,0.24272671,-0.17504764,-0.9535333,-0.2452195
1356445415482,0.2381821,0.25407976,-0.9373968,0.9564107,-0.22926971,0.1808702,-0.16896123,-0.93961644,-0.29761255
1356445415521,0.21967459,0.27242798,-0.93676364,0.9604692,-0.22870606,0.15872175,-0.17100322,-0.9345997,-0.3118996
1356445415560,0.2302244,0.254824,-0.9391812,0.95681655,-0.235289,0.17070743,-0.17747876,-0.9379252,-0.29798904
1356445415638,0.25531912,0.21800867,-0.9419577,0.9490979,-0.24238217,0.20115703,-0.18445978,-0.9453693,-0.26879632
1356445415644,0.28735518,0.17002231,-0.9426131,0.9388681,-0.24481851,0.24205479,-0.18961444,-0.954545,-0.22997838
1356445415677,0.31431526,0.122256696,-0.9414134,0.92982405,-0.23958474,0.27933222,-0.19139802,-0.9631472,-0.18898237
1356445415722,0.33562297,0.0765509,-0.9388808,0.92304385,-0.22565049,0.31156343,-0.18800846,-0.971196,-0.1463933
1356445415760,0.3455635,0.038381368,-0.93761015,0.9209262,-0.20576581,0.33099145,-0.18022421,-0.97784835,-0.10645157
1356445415800,0.34947947,0.0053203106,-0.93692887,0.9219315,-0.18024436,0.34286183,-0.167052,-0.9836075,-0.067896664
1356445415838,0.3468389,-0.023334354,-0.93763447,0.92532635,-0.15478873,0.34613824,-0.15321207,-0.9876721,-0.032094926
1356445415902,0.34297767,-0.05087602,-0.9379647,0.9282199,-0.13485757,0.3467291,-0.14413187,-0.9895579,9.7101927E-4
1356445415921,0.33883223,-0.077046275,-0.9376869,0.9298022,-0.12484124,0.34624088,-0.14373854,-0.9891808,0.029337525
1356445415977,0.33624732,-0.1004667,-0.9363996,0.9295442,-0.12431079,0.34712306,-0.15127882,-0.9871441,0.051589057
1356445416003,0.33813676,-0.120429754,-0.9333596,0.9268831,-0.12910375,0.35244846,-0.16294551,-0.9842911,0.067969605
1356445416041,0.34873608,-0.13786915,-0.927025,0.92071617,-0.13441458,0.3663532,-0.17511445,-0.9812874,0.080063045
1356445416081,0.3710086,-0.15378207,-0.9158077,0.9097547,-0.13763306,0.39166775,-0.18627691,-0.9784725,0.0888409
1356445416123,0.40417072,-0.16618243,-0.8994606,0.8934623,-0.13886538,0.42713186,-0.19588572,-0.9762683,0.09235239
1356445416162,0.4402354,-0.16716021,-0.8821849,0.8746812,-0.14206865,0.46341062,-0.20279461,-0.9756403,0.0836682
1356445416201,0.4659084,-0.1444669,-0.87295973,0.8608104,-0.15432423,0.48496345,-0.20477998,-0.9774014,0.052457646
1356445416244,0.4604559,-0.080257,-0.884047,0.8651827,-0.18222898,0.46717384,-0.19859296,-0.9799752,-0.0144714415
1356445416279,0.420372,0.02000323,-0.9071313,0.88825727,-0.21309572,0.40692672,-0.18516597,-0.97682655,-0.10734752
1356445416318,0.34970117,0.13772985,-0.9266821,0.9216422,-0.22814018,0.31389156,-0.16818109,-0.9638375,-0.20671853
1356445416358,0.28215358,0.23255798,-0.9307557,0.9468864,-0.22350118,0.23119974,-0.1542576,-0.9465538,-0.2832677
1356445416420,0.24482045,0.283757,-0.92711645,0.9584439,-0.21526328,0.18720862,-0.14645237,-0.93442154,-0.32466602
1356445416439,0.24115661,0.29462934,-0.92468214,0.95975506,-0.21370336,0.18221185,-0.14392269,-0.93140996,-0.33430803
1356445416479,0.26028523,0.277264,-0.9248655,0.9546716,-0.21716717,0.20356935,-0.14440796,-0.935929,-0.32122147
1356445416515,0.288126,0.24386045,-0.92602134,0.9464309,-0.21973628,0.23661053,-0.14578044,-0.9445889,-0.29410884
1356445416545,0.30785495,0.20948458,-0.92808485,0.9400233,-0.21758628,0.26270208,-0.1469065,-0.95329547,-0.26390535
1356445416586,0.3328684,0.16643825,-0.92816854,0.9312594,-0.21268743,0.29583797,-0.14817104,-0.9628408,-0.22579408
1356445416630,0.34737086,0.12223762,-0.9297266,0.9255943,-0.20367473,0.31904843,-0.15036204,-0.97137773,-0.18389314
1356445416669,0.35025358,0.07980347,-0.9332491,0.9239942,-0.19270617,0.3303016,-0.15348363,-0.978006,-0.14123398
1356445416711,0.3391325,0.04228729,-0.93978775,0.92761195,-0.1813342,0.32657933,-0.15660548,-0.982512,-0.10072255
1356445416750,0.31914598,0.007826269,-0.9476732,0.9339907,-0.17210197,0.31311682,-0.16064593,-0.98504806,-0.062235296
1356445416789,0.29013664,-0.022505164,-0.9567206,0.94214046,-0.16868633,0.2896831,-0.16790509,-0.98541284,-0.027739048
1356445416833,0.26046503,-0.048975855,-0.96424025,0.9486121,-0.1729058,0.26502568,-0.1797027,-0.9837199,0.0014232397
1356445416906,0.23418647,-0.07009688,-0.96966136,0.95259655,-0.1826976,0.2432723,-0.19420743,-0.9806671,0.023988724
1356445416911,0.21741939,-0.08570284,-0.9723085,0.9539384,-0.19230396,0.23026204,-0.20671287,-0.9775859,0.03994462
1356445416950,0.2182355,-0.099044114,-0.970857,0.95184827,-0.19788522,0.23415029,-0.21530947,-0.9752085,0.051089376
1356445416991,0.24446821,-0.112938076,-0.9630578,0.9443532,-0.19768482,0.26290274,-0.22007364,-0.9737381,0.058325723
1356445417040,0.29042473,-0.12387583,-0.94884574,0.93100655,-0.19252303,0.31009912,-0.22108856,-0.9734421,0.059415862
1356445417072,0.34636632,-0.12309292,-0.92998844,0.91264164,-0.18516842,0.36441442,-0.21706134,-0.974967,0.048203632
1356445417112,0.38105586,-0.09108803,-0.920054,0.901747,-0.18304422,0.39159554,-0.20408028,-0.9788757,0.012388289
1356445417154,0.36662284,-0.011994839,-0.93029225,0.912884,-0.18831047,0.36219034,-0.1795282,-0.98203623,-0.058088988
1356445417192,0.28966948,0.11000699,-0.95078397,0.9458143,-0.18517652,0.26673022,-0.14672068,-0.97652864,-0.15768614
1356445417232,0.18190429,0.23442334,-0.9549641,0.97637326,-0.15826389,0.14713198,-0.11664516,-0.9591654,-0.25767356
1356445417271,0.10277015,0.3180181,-0.94249815,0.9896982,-0.12764114,0.064848065,-0.099678695,-0.9394531,-0.32785964
1356445417310,0.084124684,0.35144985,-0.9324195,0.99167037,-0.12111908,0.043817878,-0.097534,-0.92833894,-0.35871154
1356445417351,0.11861634,0.3460724,-0.9306793,0.9873986,-0.13999712,0.07378739,-0.10475671,-0.9277039,-0.35831738
1356445417390,0.1840334,0.31434712,-0.93129885,0.97621214,-0.16895759,0.1358794,-0.11463663,-0.93415165,-0.33796334
1356445417429,0.25424784,0.26901412,-0.9289723,0.9594946,-0.19069266,0.2073802,-0.121360004,-0.94406986,-0.30660075
1356445417470,0.31178102,0.2202852,-0.9242656,0.9423796,-0.19587603,0.27120715,-0.12129852,-0.95556635,-0.26866272
1356445417510,0.3494059,0.17380312,-0.92071056,0.93003047,-0.18371895,0.318262,-0.11383703,-0.9674915,-0.22583467
1356445417552,0.3721585,0.12798199,-0.9193034,0.9227092,-0.1582869,0.35150123,-0.10052785,-0.97906387,-0.17699799
1356445417591,0.37938792,0.083488464,-0.92146325,0.92118144,-0.12723756,0.36774364,-0.0865424,-0.9883523,-0.12518042
1356445417632,0.37983888,0.03815314,-0.9242655,0.9218321,-0.09891224,0.37475577,-0.077123046,-0.9943645,-0.07274148
1356445417670,0.3701091,-0.005651146,-0.92897105,0.9257928,-0.080625564,0.36933333,-0.076986074,-0.99672836,-0.024608403
1356445417711,0.35108894,-0.04550606,-0.9352356,0.9322121,-0.07672089,0.35368696,-0.087846994,-0.99601364,0.015485436
1356445417750,0.32516658,-0.07878479,-0.94236916,0.9395274,-0.08636099,0.33140606,-0.1074937,-0.99314386,0.04593879
1356445417795,0.29535007,-0.10245752,-0.94987935,0.94657373,-0.10336888,0.305472,-0.12948579,-0.989352,0.066453576
1356445417832,0.27103332,-0.117134124,-0.9554164,0.9509697,-0.12104735,0.2846123,-0.14898843,-0.98571146,0.07858315
1356445417904,0.26580295,-0.12729338,-0.9555863,0.950035,-0.13368556,0.282067,-0.16365334,-0.9828146,0.08539909
1356445417912,0.29027775,-0.13763502,-0.9469928,0.9410455,-0.13857308,0.3085948,-0.17370123,-0.9807415,0.08929619
1356445417950,0.34966305,-0.14937389,-0.9248909,0.9193889,-0.1351361,0.36940798,-0.1801661,-0.9795027,0.090080604
1356445417993,0.423636,-0.15333503,-0.8927603,0.887229,-0.12847814,0.44307786,-0.18263951,-0.9797866,0.081615314
1356445418031,0.49720076,-0.13944507,-0.8563565,0.84875965,-0.12658754,0.513403,-0.17999557,-0.9821052,0.05541596
1356445418073,0.52739024,-0.087910205,-0.845063,0.8325548,-0.14489445,0.5346572,-0.16944668,-0.98553413,-0.0032258928
1356445418110,0.50587606,0.0049269795,-0.8625921,0.84914446,-0.17881921,0.4969682,-0.15179944,-0.9838696,-0.094644114
1356445418148,0.4476489,0.11864367,-0.88630366,0.8842176,-0.20648608,0.41895434,-0.13330308,-0.9712297,-0.19734004
1356445418192,0.40259066,0.2118218,-0.8905348,0.9072046,-0.22206137,0.35730737,-0.12206787,-0.9517459,-0.28156558
1356445418231,0.4226125,0.25214967,-0.87052816,0.89816165,-0.24503452,0.36505306,-0.12126142,-0.936151,-0.33002582
1356445418270,0.5112915,0.23447037,-0.8268038,0.8498218,-0.2812276,0.44577336,-0.1279994,-0.93055606,-0.34304735
1356445418310,0.62375396,0.17699671,-0.76131666,0.76945204,-0.3102519,0.55828965,-0.13738456,-0.9340321,-0.32971132
1356445418350,0.7143089,0.10946515,-0.6912164,0.6845211,-0.31474715,0.65754473,-0.14558017,-0.94284225,-0.29975793
1356445418390,0.77016395,0.0517551,-0.6357428,0.619786,-0.296219,0.7267184,-0.15070768,-0.95371675,-0.26021427
1356445418432,0.79775065,0.008925527,-0.60292137,0.5834253,-0.26404715,0.7680456,-0.1523445,-0.9644684,-0.21585113
1356445418471,0.803772,-0.019397616,-0.5946212,0.5754313,-0.22848393,0.7852859,-0.15109405,-0.9733544,-0.17248699
1356445418512,0.7953602,-0.037536472,-0.6049737,0.58818364,-0.19332182,0.7852813,-0.14643131,-0.98041713,-0.13168216
1356445418551,0.7714535,-0.047397614,-0.6345179,0.6207909,-0.16266574,0.7669149,-0.13956426,-0.9855421,-0.096065044
1356445418592,0.7385733,-0.05550462,-0.6718844,0.6609247,-0.13699153,0.7378428,-0.13299617,-0.98901594,-0.064493924
1356445418630,0.7005706,-0.06764686,-0.71036947,0.7013436,-0.1183137,0.702936,-0.13159785,-0.9906693,-0.035443395
1356445418672,0.66237056,-0.08554721,-0.74427605,0.736347,-0.108726114,0.66781104,-0.13805166,-0.99038386,-0.009024531
1356445418714,0.6270354,-0.106580555,-0.7716652,0.7641746,-0.1081236,0.6358825,-0.15120792,-0.98840773,0.013648808
1356445418751,0.59457743,-0.12475327,-0.79430115,0.78691006,-0.11253446,0.60671955,-0.16507646,-0.9857853,0.031259134
1356445418792,0.57218623,-0.14076167,-0.8079536,0.8006571,-0.11749503,0.587489,-0.1776264,-0.9830469,0.04547274
1356445418832,0.5653818,-0.15539378,-0.8100594,0.8031707,-0.119861126,0.5835668,-0.18777725,-0.980554,0.057040393
1356445418903,0.5728467,-0.1668995,-0.80249065,0.7960489,-0.12002748,0.59321135,-0.19532752,-0.978641,0.06410278
1356445418909,0.5860238,-0.1685406,-0.7925719,0.7853635,-0.12261951,0.6067691,-0.19944999,-0.9780382,0.060507663
1356445418950,0.5856451,-0.14559644,-0.79738414,0.78612024,-0.13775864,0.60252595,-0.19757223,-0.97970617,0.03377863
1356445418991,0.55531085,-0.08540425,-0.82724595,0.8102516,-0.1685969,0.56130874,-0.18740925,-0.9819782,-0.024424747
1356445419031,0.47960126,0.017349362,-0.87731504,0.86106014,-0.20185328,0.46672353,-0.16899148,-0.9792621,-0.111747965
1356445419071,0.37201563,0.1356253,-0.91826475,0.916135,-0.21280381,0.33972228,-0.14933535,-0.96763647,-0.20341742
1356445419112,0.2741121,0.22624189,-0.93470705,0.95182115,-0.20276016,0.23005372,-0.13747361,-0.9527344,-0.2709208
1356445419158,0.21760595,0.26745325,-0.938678,0.9664075,-0.19379807,0.16881624,-0.13676348,-0.9438809,-0.30064046
1356445419192,0.19036704,0.27277476,-0.94305587,0.971389,-0.19128698,0.14075747,-0.14199927,-0.94286966,-0.30138513
1356445419231,0.18904757,0.24946621,-0.94975126,0.9704914,-0.19490421,0.14198142,-0.14969096,-0.94856673,-0.27895102
1356445419271,0.19204909,0.21287557,-0.9580194,0.9688736,-0.19650805,0.15056014,-0.15620795,-0.9571147,-0.24398866
1356445419310,0.19482082,0.16918194,-0.9661378,0.9677625,-0.19346166,0.16127107,-0.15962642,-0.9664109,-0.20141831
1356445419353,0.19049948,0.12468508,-0.9737369,0.96874094,-0.18443519,0.16590557,-0.15890539,-0.9749037,-0.15592238
1356445419391,0.17717683,0.082775384,-0.9806919,0.97215974,-0.16997504,0.16128856,-0.15334246,-0.9819657,-0.110586524
1356445419431,0.15220064,0.0467979,-0.98724115,0.9777534,-0.15300441,0.14348516,-0.14433745,-0.9871168,-0.06904417
1356445419472,0.12356916,0.014411271,-0.9922313,0.9831995,-0.13714948,0.120452315,-0.13434821,-0.9904455,-0.031116575
1356445419510,0.09094459,-0.013555378,-0.99576366,0.9874394,-0.12849724,0.09193352,-0.12919912,-0.9916172,0.0016990304
1356445419551,0.06150049,-0.03791839,-0.9973866,0.989163,-0.13116091,0.0659799,-0.13332,-0.9906357,0.029441029
1356445419598,0.037062764,-0.0573363,-0.9976667,0.988569,-0.14389825,0.044994682,-0.14614233,-0.98793006,0.051347613
1356445419632,0.022088468,-0.072167575,-0.9971479,0.9865318,-0.16011482,0.033441454,-0.16207156,-0.9844568,0.0676589
1356445419673,0.021985292,-0.08577043,-0.9960723,0.98386806,-0.1750716,0.036791146,-0.17753956,-0.9808126,0.080537796
1356445419711,0.04182619,-0.10104424,-0.99400234,0.98080903,-0.18546855,0.060124606,-0.19043148,-0.9774412,0.091347665
1356445419758,0.078008294,-0.116811395,-0.9900857,0.9764317,-0.19150853,0.09952691,-0.20123574,-0.9745151,0.0991191
1356445419792,0.13109797,-0.12834656,-0.9830262,0.9689959,-0.19288445,0.15441042,-0.20942849,-0.97279125,0.0990805
1356445419832,0.17360705,-0.11649901,-0.9779001,0.96170765,-0.19378573,0.19381845,-0.21208268,-0.97410226,0.07839534
1356445419903,0.1884259,-0.064282745,-0.9799813,0.9603338,-0.19679916,0.19755736,-0.20555905,-0.9783342,0.024650842
1356445419910,0.08693671,0.04845622,-0.99503464,0.97813714,-0.19356269,0.07603425,-0.18891722,-0.9798905,-0.06422454
1356445419948,0.07223624,0.15698326,-0.9849559,0.98305213,-0.17803639,0.04372096,-0.16849458,-0.97142124,-0.1671834
1356445419991,0.02606842,0.25061914,-0.9677347,0.98765635,-0.15602651,-0.013801932,-0.15445128,-0.9554296,-0.251593
1356445420030,-0.009031713,0.30359963,-0.9527569,0.98845184,-0.1414212,-0.05443445,-0.1512663,-0.94224596,-0.29881638
1356445420071,-0.013657272,0.31609157,-0.94863033,0.9877424,-0.14326918,-0.06195885,-0.15549418,-0.9378486,-0.31026036
1356445420111,0.01378417,0.29678223,-0.95484567,0.98665774,-0.15896511,-0.035165638,-0.16222367,-0.9416212,-0.29501367
1356445420151,0.05491048,0.26082912,-0.96382207,0.98429394,-0.17633945,0.008355886,-0.16778046,-0.94914305,-0.26641536
1356445420193,0.10405803,0.21309805,-0.9714737,0.9798275,-0.18952876,0.06337872,-0.17061627,-0.9584718,-0.22852138
1356445420231,0.14123258,0.16506076,-0.976119,0.9752718,-0.19251063,0.1085566,-0.16999489,-0.96731305,-0.18816781
1356445420271,0.16266575,0.12071663,-0.9792688,0.9728232,-0.185379,0.13874301,-0.16478726,-0.97522414,-0.14759079
1356445420311,0.16318408,0.08328545,-0.983074,0.9743664,-0.17000636,0.14733586,-0.15485793,-0.98191714,-0.10889289
1356445420352,0.14680082,0.051461965,-0.9878265,0.97885144,-0.15139961,0.13757971,-0.14247638,-0.9871322,-0.07259926
1356445420390,0.12055305,0.022102624,-0.99246085,0.9836998,-0.13702956,0.11643717,-0.13342288,-0.9903203,-0.03826171
1356445420431,0.09095657,-0.0063919723,-0.9958344,0.9868442,-0.13363689,0.090993196,-0.1336618,-0.99100983,-0.005847305
1356445420474,0.06226492,-0.032916963,-0.99751675,0.98742574,-0.1434769,0.06636968,-0.14530528,-0.9891062,0.023569405
1356445420512,0.035663664,-0.053366393,-0.997938,0.9861392,-0.16003454,0.043800145,-0.16204196,-0.9856678,0.046919197
1356445420556,0.019465089,-0.069782585,-0.99737227,0.98330116,-0.17919797,0.031728327,-0.18094122,-0.981335,0.06512925
1356445420592,0.023381889,-0.0851993,-0.9960895,0.9802204,-0.19390792,0.039595097,-0.19652313,-0.97731304,0.07898012
1356445420631,0.04561591,-0.10105792,-0.99383426,0.9768524,-0.20362598,0.0655421,-0.20899406,-0.97381914,0.08943015
1356445420672,0.08966905,-0.11531302,-0.98927367,0.97182417,-0.207264,0.11224675,-0.21798435,-0.9714651,0.0934788
1356445420711,0.13968194,-0.1153447,-0.9834554,0.96517855,-0.2059865,0.16124514,-0.22117731,-0.9717331,0.08255562
1356445420753,0.16624397,-0.080863684,-0.9827635,0.96239364,-0.20384496,0.17957103,-0.21485212,-0.97565794,0.043934673
1356445420792,0.14170516,0.0015750825,-0.9899077,0.97002554,-0.19964176,0.13854134,-0.19740874,-0.9798677,-0.029818118
1356445420830,0.06517944,0.118085384,-0.990862,0.98260343,-0.18064377,0.043108076,-0.17390266,-0.9764341,-0.1278053
1356445420910,-0.0287171,0.22938326,-0.97291243,0.9874034,-0.14499575,-0.06333047,-0.15559518,-0.9624757,-0.22232997
1356445420915,-0.09642765,0.30324665,-0.9480207,0.98376,-0.11582872,-0.13711336,-0.15138713,-0.9458463,-0.2871529
1356445420946,-0.11961585,0.33481702,-0.9346601,0.98018277,-0.10990316,-0.16481164,-0.15790388,-0.93585193,-0.3150357
1356445420990,-0.0958814,0.32885653,-0.9395,0.9810427,-0.12846917,-0.14508954,-0.16841039,-0.935601,-0.31030452
1356445421029,-0.046963364,0.29919586,-0.95303535,0.9833182,-0.15399614,-0.09680116,-0.17572632,-0.94168305,-0.28697252
1356445421072,0.01449123,0.2531062,-0.96733,0.9841894,-0.17440465,-0.030889928,-0.17652526,-0.9515883,-0.2516318
1356445421111,0.07218909,0.19982314,-0.97716904,0.9827666,-0.18140835,0.03550607,-0.17017174,-0.9628923,-0.20947519
1356445421151,0.1167472,0.14656991,-0.9822868,0.980568,-0.17401803,0.090577215,-0.15765974,-0.9737736,-0.16403785
1356445421190,0.14415288,0.09803298,-0.9846875,0.9795095,-0.15556717,0.12790695,-0.14064592,-0.9829489,-0.11844972
1356445421231,0.1538283,0.05654183,-0.98647845,0.9805366,-0.13200584,0.14533556,-0.12200341,-0.989635,-0.07574752
1356445421269,0.15041682,0.02096793,-0.98840034,0.98284996,-0.11105636,0.14721629,-0.10668123,-0.993593,-0.037313104
1356445421311,0.1392059,-0.010567963,-0.9902071,0.98502725,-0.10121682,0.13955793,-0.101700455,-0.9948082,-0.0036802292
1356445421351,0.12461829,-0.038478255,-0.9914583,0.9858513,-0.10809833,0.1281088,-0.112104386,-0.99339527,0.024462879
1356445421391,0.107759595,-0.05968353,-0.99238384,0.98531973,-0.1265353,0.114602566,-0.13241148,-0.990165,0.045172006
1356445421429,0.09466952,-0.07438326,-0.992726,0.9830718,-0.1501506,0.10499948,-0.15686852,-0.9858611,0.058909297
1356445421475,0.093063295,-0.08580363,-0.9919562,0.9793346,-0.1717866,0.10673863,-0.17956334,-0.9813904,0.06804347
1356445421512,0.110895395,-0.09855193,-0.9889336,0.9739204,-0.18741292,0.1278885,-0.19794255,-0.9773249,0.0751985
1356445421589,0.14938587,-0.11373162,-0.98221636,0.96573186,-0.19644183,0.16962492,-0.21224007,-0.9738972,0.08048859
1356445421591,0.20508862,-0.124762535,-0.970759,0.95334876,-0.19900566,0.22698683,-0.22150594,-0.97202426,0.07812831
1356445421630,0.2610409,-0.11847177,-0.9580303,0.9390074,-0.19900581,0.2804669,-0.22388107,-0.97281086,0.05929725
1356445421673,0.27431563,-0.064991266,-0.959441,0.93749666,-0.20408687,0.28186607,-0.2141282,-0.97679305,0.0049449503
1356445421712,0.2506095,0.023715675,-0.96779776,0.94806427,-0.20828876,0.24039552,-0.19588017,-0.97777987,-0.07468316
1356445421755,0.1820975,0.13689458,-0.97370446,0.96794474,-0.19916874,0.15301892,-0.1729841,-0.97035646,-0.16877449
1356445421791,0.114794314,0.22984535,-0.9664333,0.9812395,-0.17792642,0.07423702,-0.15489101,-0.95682454,-0.24595824
1356445421832,0.080901444,0.2813452,-0.9561903,0.98596627,-0.16314459,0.035417795,-0.14603263,-0.9456367,-0.29059547
1356445421900,0.08587751,0.29461512,-0.95174944,0.98574936,-0.1638175,0.038235456,-0.14464846,-0.94147,-0.3044849
1356445421908,0.11795944,0.28088427,-0.95246506,0.982097,-0.17486238,0.07006195,-0.14687097,-0.94367754,-0.29648226
1356445421948,0.16090745,0.25092763,-0.9545387,0.9755811,-0.18693346,0.11531383,-0.1494998,-0.9497848,-0.27487922
1356445421988,0.20185867,0.21284863,-0.95600647,0.967757,-0.19349924,0.1612584,-0.15066296,-0.95773345,-0.24504521
1356445422027,0.23323545,0.17194712,-0.9570974,0.96089983,-0.19180825,0.19970283,-0.14924082,-0.96625245,-0.20996046
1356445422068,0.2509979,0.13157186,-0.95900416,0.9571413,-0.18162894,0.22559145,-0.14450145,-0.97452545,-0.17152134
1356445422108,0.25584215,0.09236595,-0.9622958,0.95701635,-0.16487378,0.23861313,-0.13661763,-0.9819802,-0.13057742
1356445422155,0.2568008,0.048493505,-0.965247,0.9580066,-0.14461318,0.24760926,-0.12757999,-0.98829925,-0.083593875
1356445422188,0.24089825,0.009047985,-0.9705082,0.96277094,-0.12858182,0.23777899,-0.122638255,-0.9916576,-0.039686263
1356445422232,0.23197925,-0.03277096,-0.97216856,0.9644488,-0.12231344,0.23426026,-0.1265862,-0.99195033,0.003231734
1356445422268,0.2235587,-0.07120347,-0.9720862,0.9648677,-0.12506726,0.23105952,-0.13802838,-0.9895899,0.04074207
1356445422312,0.21872619,-0.10297337,-0.97033775,0.9638132,-0.13250181,0.23131669,-0.15239099,-0.98581934,0.0702655
1356445422350,0.22505808,-0.12941611,-0.9657123,0.96006286,-0.1396271,0.24245307,-0.16621697,-0.98171055,0.092823416
1356445422407,0.25111264,-0.15359303,-0.9556943,0.9514712,-0.14228326,0.27286983,-0.17789021,-0.9778367,0.11041021
1356445422430,0.2972651,-0.1767964,-0.9382838,0.9360682,-0.13971186,0.32288846,-0.18817484,-0.9742811,0.123962
1356445422476,0.359943,-0.19191411,-0.9130225,0.9120884,-0.1335254,0.38764128,-0.19630554,-0.97228587,0.12698111
1356445422505,0.44316792,-0.19855541,-0.87417275,0.8736554,-0.12279111,0.47079584,-0.20081967,-0.9723673,0.11905187
1356445422546,0.48174503,-0.16244814,-0.8611227,0.85457456,-0.13042131,0.5026854,-0.19396901,-0.97805977,0.07599421
