1356445339320,0.028723598,0.009490728,0.99954236,-0.9849129,-0.17044449,0.029921591,0.17065048,-0.9853216,0.0044517517
1356445339345,-0.33739853,-0.06267375,-0.93927324,0.92576444,0.15878934,-0.3431414,0.17065254,-0.98532116,0.004445851
1356445339376,-0.33743274,-0.06265083,-0.9392625,0.92574954,0.15881234,-0.34317124,0.17066643,-0.985319,0.0044104457
1356445339415,-0.33756858,-0.06259769,-0.9392172,0.9256858,0.15891254,-0.3432966,0.1707429,-0.9853062,0.0043019652
1356445339457,-0.33794892,-0.06277591,-0.93906856,0.92551184,0.15904886,-0.3437024,0.17093405,-0.9852729,0.0043494105
1356445339498,-0.33862793,-0.06372777,-0.93875986,0.9251975,0.15907705,-0.34453467,0.17129165,-0.9852073,0.00509274
1356445339539,-0.3397925,-0.06593695,-0.9381862,0.92466855,0.15884095,-0.34606016,0.17184061,-0.9850999,0.0069968104
1356445339578,-0.34195578,-0.06925672,-0.93716043,0.9237429,0.15832096,-0.34875998,0.17252606,-0.9849558,0.009836733
1356445339618,-0.3453732,-0.073091745,-0.9356147,0.9223326,0.15762562,-0.35278425,0.17326245,-0.9847902,0.012975216
1356445339659,-0.3503204,-0.07674232,-0.93348074,0.9203354,0.15689015,-0.35828522,0.1739496,-0.98463,0.015666783
1356445339698,-0.35657758,-0.07976478,-0.93085444,0.9178183,0.15622395,-0.3649707,0.1745336,-0.98449564,0.01750362
1356445339737,-0.36356646,-0.082156986,-0.92793834,0.91497374,0.15568411,-0.37227073,0.17504987,-0.9843844,0.018570006
1356445339780,-0.3703794,-0.084356874,-0.92504215,0.9121212,0.15529114,-0.37936735,0.1756531,-0.98426044,0.019427061
1356445339818,-0.3760147,-0.086990595,-0.9225213,0.90963906,0.15503669,-0.3853834,0.17654938,-0.98407125,0.02083397
1356445339858,-0.37979537,-0.090364695,-0.9206463,0.90781105,0.15494055,-0.38970834,0.1778613,-0.98378235,0.023188353
1356445339900,-0.38162535,-0.09424895,-0.9194995,0.90671164,0.15506119,-0.39221177,0.17954424,-0.9833988,0.026281357
1356445339938,-0.38159418,-0.09840888,-0.9190765,0.9063379,0.15539253,-0.39294365,0.18148679,-0.9829389,0.029894829
1356445339978,-0.3799218,-0.10273248,-0.91929615,0.906648,0.15572226,-0.3920968,0.18343595,-0.98244417,0.033979893
1356445340020,-0.37672472,-0.10756385,-0.920059,0.9076154,0.15575606,-0.38983893,0.18523735,-0.9819217,0.03894943
1356445340059,-0.37246305,-0.11282447,-0.9211633,0.9090868,0.15525681,-0.38659596,0.18663433,-0.98141015,0.044739842
1356445340104,-0.36820304,-0.11770949,-0.9222641,0.91066456,0.15427315,-0.38326213,0.18739417,-0.9809915,0.050390005
1356445340140,-0.36460835,-0.12167081,-0.92317766,0.91211045,0.15285164,-0.38038254,0.18739063,-0.98073065,0.055246234
1356445340180,-0.36168557,-0.12469101,-0.9239241,0.91341174,0.15108049,-0.37795988,0.18671504,-0.98062575,0.059250653
1356445340220,-0.35863793,-0.12756151,-0.92471987,0.91485566,0.14884621,-0.37534502,0.18552059,-0.9805982,0.06331855
1356445340281,-0.35445756,-0.13134935,-0.9258008,0.9168091,0.14590651,-0.3717156,0.18390498,-0.98054,0.068704605
1356445340290,-0.34962684,-0.13569412,-0.9270104,0.9190004,0.14275926,-0.36750257,0.18220732,-0.98041165,0.07479036
1356445340361,-0.3431397,-0.1417942,-0.92851996,0.92188,0.13857639,-0.36184788,0.17997882,-0.98014843,0.08316618
1356445340372,-0.33587956,-0.14871892,-0.9300901,0.9251479,0.13334435,-0.35541624,0.17687935,-0.97984797,0.092799366
1356445340410,-0.32902294,-0.15490341,-0.93153036,0.9285314,0.12657219,-0.3490113,0.1719689,-0.97978795,0.102187514
1356445340450,-0.3236162,-0.15843469,-0.9328296,0.9319026,0.11730069,-0.34321734,0.16379908,-0.98037696,0.1096853
1356445340491,-0.31993794,-0.15774357,-0.9342144,0.935253,0.10505289,-0.338032,0.15146428,-0.98187613,0.113919795
1356445340530,-0.31704742,-0.15240905,-0.93608356,0.93868124,0.090580046,-0.33267513,0.13549319,-0.9841579,0.11434531
1356445340570,-0.3131473,-0.1431494,-0.9388541,0.9424013,0.07552612,-0.32584605,0.11755264,-0.9868151,0.11125338
1356445340610,-0.3065011,-0.1310071,-0.9428119,0.9466772,0.06136918,-0.31628507,0.0992952,-0.9894802,0.105211675
1356445340650,-0.29565632,-0.11699444,-0.9481032,0.951788,0.04888022,-0.30283713,0.08177376,-0.99192894,0.09690213
1356445340690,-0.28035754,-0.10177043,-0.9544854,0.9576901,0.037712097,-0.28531983,0.06503275,-0.9940928,0.08689171
1356445340730,-0.25996506,-0.08614394,-0.9617678,0.96437085,0.027443469,-0.26312676,0.04906094,-0.9959047,0.07594043
1356445340770,-0.23439121,-0.07090548,-0.969553,0.9715271,0.01839149,-0.2362135,0.03458032,-0.99731344,0.06457579
1356445340809,-0.20463157,-0.056301504,-0.97721857,0.9785632,0.011936545,-0.2056008,0.023240268,-0.99834245,0.052652
1356445340850,-0.17247307,-0.04200512,-0.9841181,0.98486906,0.0097978115,-0.17302296,0.016910046,-0.99906933,0.039679646
1356445340890,-0.13973683,-0.027938336,-0.9897945,0.9900526,0.012632489,-0.1401298,0.016418576,-0.99952984,0.025895178
1356445340930,-0.107192814,-0.014963269,-0.9941256,0.9940244,0.019120336,-0.10746971,0.020616084,-0.9997052,0.012824357
1356445340970,-0.075084984,-0.003914714,-0.9971695,0.996827,0.026204824,-0.07516202,0.026424915,-0.9996489,0.0019347072
1356445341010,-0.044157982,0.005584568,-0.99900895,0.99855113,0.031027079,-0.043964297,0.030750811,-0.999503,-0.0069465637
1356445341050,-0.015380055,0.014566094,-0.99977565,0.9993373,0.033217043,-0.01488933,0.03299272,-0.99934196,-0.015067339
1356445341090,0.010261893,0.023735195,-0.9996656,0.99933815,0.03464812,0.011081159,0.034899503,-0.9991177,-0.023363888
1356445341130,0.032005608,0.0329341,-0.9989449,0.998768,0.036870062,0.033215553,0.037925094,-0.9987773,-0.031713486
1356445341170,0.04887709,0.04118672,-0.99795526,0.9979274,0.039857298,0.05052069,0.041856587,-0.9983562,-0.039153278
1356445341210,0.059767425,0.047030956,-0.99710375,0.9971638,0.04295969,0.06179732,0.045741618,-0.9979692,-0.04432994
1356445341250,0.06295627,0.049256623,-0.99680007,0.99679214,0.046351552,0.065246254,0.04941705,-0.9977101,-0.046180546
1356445341290,0.05683595,0.046551585,-0.99729764,0.99692845,0.051264882,0.059207767,0.0538826,-0.9975995,-0.04349488
1356445341361,0.04122907,0.036066234,-0.99849856,0.99730486,0.059216022,0.04331869,0.06068954,-0.99759346,-0.033527672
1356445341369,0.018832326,0.011996448,-0.9997507,0.9972845,0.07097936,0.019637555,0.07119721,-0.99740565,-0.010627151
1356445341409,-0.0048062205,-0.034123838,-0.99940604,0.9962807,0.085820556,-0.007721454,0.086033046,-0.9957261,0.033584416
1356445341448,-0.024338365,-0.10877797,-0.9937681,0.9942107,0.101430595,-0.0354518,0.10465491,-0.9888778,0.10567957
1356445341488,-0.03661889,-0.21129695,-0.9767357,0.99139404,0.11524564,-0.062099457,0.12568593,-0.97060394,0.20525837
1356445341530,-0.050984442,-0.32371098,-0.9447813,0.9879665,0.12197143,-0.095106065,0.14602324,-0.9382612,0.31359696
1356445341570,-0.08126187,-0.41913992,-0.9042778,0.98339695,0.11398244,-0.14120355,0.16225588,-0.9007385,0.40291846
1356445341609,-0.13744527,-0.47930336,-0.8668201,0.9753543,0.08700746,-0.20276502,0.17260578,-0.8733258,0.45553184
1356445341650,-0.21833378,-0.50082755,-0.8375572,0.95971966,0.045321763,-0.27727973,0.17682883,-0.86435974,0.4707588
1356445341690,-0.31222653,-0.48963052,-0.8141109,0.9337575,-3.44038E-4,-0.35790625,0.17496172,-0.87193,0.45730355
1356445341730,-0.40348673,-0.45559883,-0.7934911,0.8996035,-0.039184034,-0.4349461,0.16706872,-0.8893224,0.42566857
1356445341770,-0.48024344,-0.4082924,-0.77631396,0.86359763,-0.06519967,-0.499948,0.15350956,-0.9105197,0.38391215
1356445341809,-0.53725815,-0.35423392,-0.7654228,0.8325011,-0.07718438,-0.5486206,0.13526139,-0.9319662,0.33636802
1356445341850,-0.573587,-0.297284,-0.76329553,0.8111476,-0.0762468,-0.5798499,0.11418125,-0.9517397,0.2848755
1356445341889,-0.589756,-0.24013966,-0.7710519,0.802241,-0.064587116,-0.59349644,0.09272209,-0.9685874,0.23074043
1356445341930,-0.58657795,-0.18495971,-0.7884898,0.80660045,-0.04572022,-0.58932614,0.072951645,-0.98168194,0.17600709
1356445341970,-0.56508744,-0.13324249,-0.8142006,0.8231357,-0.02419734,-0.56732893,0.0558908,-0.990788,0.12335026
1356445342010,-0.526803,-0.085969806,-0.84562874,0.84892607,-0.0035120845,-0.5285001,0.04246518,-0.99629164,0.07483214
1356445342050,-0.4738958,-0.044263422,-0.8794678,0.87989575,0.01559037,-0.474911,0.03473246,-0.99889827,0.03155893
1356445342089,-0.4103189,-0.008935094,-0.91189826,0.91128886,0.033822894,-0.41037616,0.034509778,-0.99938786,-0.0057356954
1356445342130,-0.34132057,0.019978344,-0.9397345,0.93906254,0.050605893,-0.34000066,0.040763438,-0.9985188,-0.03603369
1356445342170,-0.27354515,0.04307565,-0.96089417,0.9605591,0.06415635,-0.2705737,0.049992383,-0.99700975,-0.058926404
1356445342210,-0.2136414,0.060866207,-0.97501415,0.97511995,0.073712885,-0.20906302,0.059146225,-0.99542034,-0.075100005
1356445342250,-0.1668492,0.07322043,-0.98326004,0.9836859,0.080385506,-0.16093537,0.06725612,-0.9940709,-0.08543825
1356445342290,-0.13597786,0.07865977,-0.98758423,0.98784745,0.0865134,-0.12912342,0.075282454,-0.99314046,-0.089467764
1356445342363,-0.120517164,0.0726352,-0.9900503,0.98905396,0.09431532,-0.113476485,0.085134506,-0.99288905,-0.08320671
1356445342369,-0.11598134,0.045506716,-0.99220836,0.9883163,0.10474497,-0.11072233,0.098890275,-0.99345744,-0.057123482
1356445342395,-0.12399325,-9.060204E-4,-0.9922826,0.9855813,0.11591402,-0.12326172,0.11513114,-0.99325883,-0.01347959
1356445342426,-0.12902147,-0.07200849,-0.9890239,0.98254025,0.12553543,-0.13731557,0.13404545,-0.98947245,0.054554462
1356445342468,-0.1232568,-0.18284044,-0.9753856,0.9801022,0.13166976,-0.14853492,0.15558702,-0.9742856,0.16297317
1356445342508,-0.13015938,-0.30192578,-0.94440424,0.97650254,0.12596923,-0.17485562,0.17175925,-0.9449723,0.27843526
1356445342548,-0.15557164,-0.3945534,-0.9056077,0.97181404,0.10325819,-0.21193233,0.1771301,-0.9130529,0.36736834
1356445342588,-0.19933397,-0.4456503,-0.8727324,0.9647323,0.06700498,-0.25456223,0.17192316,-0.892696,0.41657686
1356445342628,-0.25440204,-0.45827723,-0.8516228,0.95385754,0.026316822,-0.29910392,0.15948448,-0.88841957,0.43043622
1356445342668,-0.3101743,-0.44275266,-0.84128594,0.9398132,-0.0093874335,-0.34155986,0.14332905,-0.89659464,0.41901648
1356445342708,-0.3567111,-0.4094906,-0.8396872,0.9257276,-0.034055173,-0.37665457,0.12564081,-0.9116785,0.3912246
1356445342748,-0.3873843,-0.36599308,-0.84615755,0.91564983,-0.045892954,-0.39934865,0.10732618,-0.9294853,0.35289964
1356445342788,-0.39885968,-0.3168015,-0.8605509,0.91269237,-0.046166956,-0.40603107,0.088902265,-0.9473676,0.3075564
1356445342828,-0.38988864,-0.26458704,-0.88203204,0.91814816,-0.038213015,-0.39439029,0.07064545,-0.9636044,0.25782895
1356445342868,-0.3603043,-0.21106216,-0.9086439,0.9313643,-0.026720941,-0.36310676,0.05235833,-0.9771074,0.20620334
1356445342908,-0.31036913,-0.15800834,-0.93739235,0.9499972,-0.015976965,-0.31184945,0.03429818,-0.9873085,0.15506619
1356445342949,-0.24147695,-0.10750222,-0.96443355,0.97022915,-0.0077443123,-0.2420649,0.018553615,-0.99417466,0.106171906
1356445342988,-0.15731108,-0.06112939,-0.98565537,0.9875093,-7.715821E-4,-0.1575591,0.008871019,-0.99812955,0.06048721
1356445343028,-0.06468654,-0.019767046,-0.9977099,0.9978733,0.006762266,-0.06483114,0.008028299,-0.9997817,0.019287586
1356445343068,0.027084947,0.01581949,-0.9995079,0.99952084,0.014557123,0.027315617,0.0149820745,-0.99976885,-0.015417576
1356445343108,0.10790506,0.045137674,-0.9931359,0.9938307,0.020858258,0.10892847,0.025631815,-0.99876297,-0.04260844
1356445343148,0.16869709,0.06846991,-0.98328686,0.98499227,0.025220484,0.17074588,0.036489934,-0.99733436,-0.06318769
1356445343188,0.20293611,0.086406946,-0.9753721,0.9780766,0.029642344,0.20612475,0.04672289,-0.99581873,-0.07849711
1356445343228,0.20783734,0.09830779,-0.97321075,0.9764629,0.037789226,0.21234906,0.057652414,-0.9944383,-0.08813989
1356445343268,0.18648493,0.099743426,-0.9773815,0.9798693,0.053286076,0.1923976,0.07127124,-0.99358535,-0.08779845
1356445343308,0.15082324,0.080750346,-0.98525727,0.98452055,0.07774639,0.15708247,0.08928469,-0.99369764,-0.067774415
1356445343359,0.11990899,0.028422385,-0.99237794,0.98637366,0.11000651,0.12233415,0.11264509,-0.99352443,-0.014844298
1356445343390,0.10688236,-0.06197068,-0.99233854,0.9843677,0.14711455,0.09683666,0.1399864,-0.9871762,0.07672596
1356445343429,0.10651162,-0.17543525,-0.9787122,0.98032576,0.18303946,0.073877126,0.16618225,-0.9673257,0.19147956
1356445343469,0.096756995,-0.2826579,-0.95432836,0.9779986,0.20504206,0.03842643,0.18481594,-0.93704975,0.29627824
1356445343510,0.057773232,-0.3618326,-0.93045115,0.9794923,0.20074177,-0.017245919,0.19302055,-0.91037345,0.36600983
1356445343550,-0.015648067,-0.40752128,-0.9130616,0.9812424,0.1692217,-0.092344254,0.1921421,-0.89737976,0.39722908
1356445343590,-0.11428946,-0.42266965,-0.8990487,0.9761125,0.12054521,-0.18075791,0.18477693,-0.89823127,0.39879596
1356445343630,-0.22142959,-0.41300595,-0.8833996,0.95971847,0.06836146,-0.2725197,0.17294276,-0.9081589,0.38123232
1356445343670,-0.3202548,-0.3847696,-0.8656727,0.9341544,0.023617685,-0.35608694,0.1574566,-0.9227104,0.3518705
1356445343710,-0.39936483,-0.34373733,-0.8499131,0.90627325,-0.007989347,-0.42261672,0.13847885,-0.93903184,0.31471068
1356445343750,-0.45349002,-0.29441127,-0.8412305,0.8836801,-0.025680006,-0.4673863,0.11600104,-0.95533377,0.27181095
1356445343790,-0.4804504,-0.24022967,-0.84347916,0.87236017,-0.031873047,-0.48782355,0.09030542,-0.9701926,0.22488028
1356445343830,-0.47899646,-0.18429092,-0.8582536,0.87556994,-0.03039527,-0.48213413,0.062766105,-0.9824016,0.17591888
1356445343870,-0.4464838,-0.13013819,-0.8852775,0.89403594,-0.024224639,-0.44733986,0.036770493,-0.99119985,0.12716407
1356445343910,-0.38053054,-0.08063784,-0.9212459,0.92460895,-0.01468277,-0.38063455,0.017167091,-0.9966353,0.080145776
1356445343950,-0.28329378,-0.036799878,-0.9583269,0.9589981,-0.002314508,-0.2834033,0.008211136,-0.99932003,0.035946727
1356445343990,-0.166062,0.0016056597,-0.986114,0.98605573,0.011261761,-0.16603383,0.010838777,-0.99993527,-0.0034534335
1356445344030,-0.04910347,0.034724712,-0.9981898,0.9985591,0.023364872,-0.04830882,0.02164504,-0.9991237,-0.035821974
1356445344070,0.04572326,0.062355876,-0.99700606,0.99832606,0.032533526,0.04781851,0.035417885,-0.99752355,-0.060763896
1356445344110,0.10315132,0.08435625,-0.9910821,0.99347,0.040102363,0.10681313,0.04875502,-0.9956283,-0.07966876
1356445344154,0.11680609,0.1002956,-0.98807746,0.99121445,0.0503847,0.12229124,0.06204921,-0.9936811,-0.093529224
1356445344189,0.08080271,0.10753101,-0.99091274,0.9938373,0.066996664,0.08831149,0.075884044,-0.99194187,-0.101454794
1356445344228,0.030723035,0.10002515,-0.9945104,0.99507153,0.090789735,0.039871752,0.0942795,-0.99083406,-0.09674287
1356445344268,-0.022637188,0.06615177,-0.99755275,0.9925531,0.120946944,-0.014503211,0.11969158,-0.9904523,-0.068397045
1356445344308,-0.051017076,-0.0036342442,-0.9986912,0.9869833,0.15253118,-0.05097398,0.15251684,-0.988292,-0.004194796
1356445344363,-0.047763884,-0.10671514,-0.9931418,0.9809492,0.1824255,-0.066779494,0.18830076,-0.97741127,0.09596878
1356445344388,-0.035905957,-0.221849,-0.9744197,0.9753654,0.20458019,-0.08251816,0.21765354,-0.95337814,0.20903826
1356445344428,-0.0487051,-0.32174626,-0.94557244,0.9712671,0.2055431,-0.11996794,0.23295516,-0.92424643,0.30249053
1356445344468,-0.105376065,-0.39063245,-0.9144955,0.9665999,0.17581266,-0.18647945,0.23362476,-0.90360177,0.3590589
1356445344508,-0.20359951,-0.4248453,-0.8820735,0.95309865,0.120069444,-0.27782422,0.2239424,-0.897268,0.38047335
1356445344548,-0.32381493,-0.42699242,-0.8442875,0.9228326,0.05422771,-0.38136515,0.20862377,-0.9026277,0.37648278
1356445344588,-0.44074738,-0.40428072,-0.80143553,0.8771722,-0.004446566,-0.48015547,0.19055396,-0.9146242,0.35658354
1356445344628,-0.5368861,-0.36585772,-0.76019835,0.82621324,-0.045734823,-0.5614981,0.17066088,-0.9295464,0.3268308
1356445344668,-0.6056108,-0.31958246,-0.7287679,0.78163195,-0.06708795,-0.6201215,0.14928842,-0.94518054,0.29042506
1356445344726,-0.6466047,-0.27074605,-0.71316135,0.7521855,-0.070694566,-0.65514827,0.12696216,-0.96005154,0.24936265
1356445344748,-0.66062564,-0.22247916,-0.7169914,0.7434471,-0.061305046,-0.6659789,0.10421124,-0.97300804,0.2059012
1356445344789,-0.6472661,-0.17615938,-0.7416296,0.75791216,-0.044912398,-0.6508088,0.08133772,-0.98333657,0.16258359
1356445344825,-0.60444194,-0.13200766,-0.7856359,0.7944527,-0.026702762,-0.60673857,0.05911547,-0.99088895,0.12101418
1356445344855,-0.5273847,-0.092279226,-0.84460044,0.8486757,-0.010199308,-0.5288151,0.04018429,-0.99568087,0.08369416
1356445344897,-0.4416026,-0.052496254,-0.8956736,0.89683187,0.0031784177,-0.44236,0.026069045,-0.998616,0.045676768
1356445344938,-0.32895213,-0.015528798,-0.944219,0.94415015,0.014987707,-0.3291746,0.019263417,-0.99976707,0.009731233
1356445344978,-0.21161926,0.017184347,-0.9772011,0.977167,0.02318263,-0.21120423,0.0190247,-0.99958354,-0.021697879
1356445345018,-0.115962684,0.04444611,-0.99225867,0.99299455,0.028004289,-0.114794314,0.02268529,-0.99861926,-0.047382176
1356445345058,-0.059627414,0.06511384,-0.9960948,0.997811,0.03247416,-0.057607353,0.028596312,-0.9973493,-0.066907644
1356445345098,-0.046842486,0.07757807,-0.99588525,0.9982089,0.040777057,-0.04377535,0.037213236,-0.99615204,-0.07934916
1356445345138,-0.068991005,0.07775912,-0.9945822,0.996349,0.05562544,-0.06476462,0.05028799,-0.99541914,-0.081312835
1356445345178,-0.10729894,0.05745855,-0.99256504,0.99178755,0.07607511,-0.10281095,0.0696021,-0.99544513,-0.06514943
1356445345218,-0.13841796,0.0063352883,-0.9903536,0.98570395,0.09787631,-0.13714197,0.096063346,-0.99517846,-0.019792557
1356445345258,-0.1483751,-0.08083007,-0.9856222,0.98061,0.11699259,-0.15721506,0.1280182,-0.98983794,0.061904013
1356445345298,-0.14627892,-0.19280466,-0.97027254,0.97631776,0.12989843,-0.17300266,0.1593926,-0.972601,0.1692372
1356445345361,-0.15815663,-0.30221295,-0.9400287,0.9704286,0.12824774,-0.20450202,0.18235976,-0.944574,0.27299273
1356445345380,-0.20669448,-0.38319972,-0.90024173,0.9592576,0.10177386,-0.26356584,0.19261941,-0.9180414,0.34655118
1356445345421,-0.29442036,-0.42373335,-0.85660183,0.93660843,0.050218344,-0.34676057,0.18995115,-0.90439385,0.38208684
1356445345460,-0.40354878,-0.4255811,-0.8099563,0.8976419,-0.012742519,-0.44054145,0.17716521,-0.90483063,0.38716155
1356445345500,-0.50983655,-0.39752612,-0.76291525,0.84584284,-0.06990051,-0.5288325,0.15689659,-0.91492456,0.37188244
1356445345540,-0.5959334,-0.35206252,-0.72174454,0.7921532,-0.11027545,-0.60027707,0.1317443,-0.9294574,0.34460437
1356445345580,-0.65541065,-0.29984492,-0.6932027,0.7480523,-0.13110352,-0.6505611,0.10418612,-0.9449365,0.31022632
1356445345620,-0.6886876,-0.2475187,-0.6815011,0.72098154,-0.13424987,-0.67982537,0.076778054,-0.9595371,0.27091265
1356445345660,-0.6983871,-0.19788492,-0.6878203,0.7138566,-0.12328571,-0.68935424,0.051614344,-0.97244126,0.22736275
1356445345700,-0.6874914,-0.15051973,-0.71042204,0.72558266,-0.102292955,-0.68048954,0.02975595,-0.98330057,0.17953998
1356445345740,-0.6553936,-0.10580149,-0.7478404,0.7551875,-0.07568073,-0.65112543,0.012292951,-0.9915031,0.12950063
1356445345780,-0.6027473,-0.064272344,-0.79533935,0.79793084,-0.04678744,-0.60093033,0.0014112592,-0.996835,0.07948595
1356445345820,-0.52801764,-0.027460933,-0.8487892,0.84923327,-0.017567813,-0.5277255,-4.195869E-4,-0.9994685,0.032596886
1356445345860,-0.43628436,0.0049164593,-0.8997954,0.8997799,0.010412455,-0.43621993,0.007224411,-0.9999337,-0.0089665055
1356445345900,-0.33724946,0.033279,-0.9408269,0.94116527,0.03494996,-0.3361345,0.021695644,-0.9988348,-0.043107867
1356445345940,-0.24353325,0.056783497,-0.9682289,0.9691083,0.05438316,-0.24056506,0.038995206,-0.99690425,-0.068273425
1356445345980,-0.16711259,0.07397887,-0.98315847,0.9843397,0.06927222,-0.16210091,0.05611351,-0.994851,-0.08439654
1356445346020,-0.11624172,0.08347663,-0.98970675,0.99058044,0.08235523,-0.1093981,0.07237539,-0.99310076,-0.09226346
1356445346060,-0.09314656,0.0829401,-0.99219185,0.9916657,0.0968169,-0.085004,0.089010656,-0.9918405,-0.09126699
1356445346100,-0.092485964,0.06691623,-0.9934629,0.9898571,0.11423761,-0.08445558,0.107839346,-0.9911972,-0.07680285
1356445346140,-0.10221577,0.025915265,-0.9944246,0.98621964,0.1333682,-0.097896695,0.13008758,-0.99072766,-0.03919047
1356445346180,-0.10927564,-0.04969436,-0.9927684,0.98176855,0.15087456,-0.115617126,0.15552899,-0.987303,0.032301426
1356445346220,-0.109516084,-0.15894562,-0.98119444,0.9772776,0.16300982,-0.13548526,0.18147916,-0.9737371,0.13748181
1356445346260,-0.11234003,-0.2817038,-0.9529022,0.97278154,0.16441554,-0.1632894,0.20267117,-0.94530964,0.25556588
1356445346300,-0.13523632,-0.38694015,-0.91213393,0.96747077,0.14708024,-0.20583433,0.21380243,-0.91029924,0.3544627
1356445346361,-0.18878126,-0.45377052,-0.8708926,0.95862925,0.1072489,-0.26368073,0.21305281,-0.8846412,0.4147512
1356445346380,-0.27002537,-0.4778706,-0.83589834,0.94140244,0.051199436,-0.3333769,0.20210856,-0.8769369,0.4360434
1356445346420,-0.3649916,-0.46546423,-0.8063028,0.91256225,-0.0073100924,-0.4088725,0.18442139,-0.88503647,0.42743322
1356445346460,-0.45462787,-0.42909706,-0.7805058,0.8754653,-0.053994536,-0.4802553,0.1639331,-0.9016431,0.40020704
1356445346500,-0.5258727,-0.38077778,-0.7605698,0.8384662,-0.08179808,-0.5387798,0.14294222,-0.92104155,0.36228454
1356445346540,-0.57410413,-0.32835597,-0.7500579,0.80963486,-0.09111124,-0.57981896,0.12204832,-0.94014955,0.31815577
1356445346580,-0.59995246,-0.27520838,-0.7512107,0.7936381,-0.08622116,-0.60224956,0.100973874,-0.9575104,0.2701444
1356445346620,-0.6055123,-0.22227228,-0.7641661,0.79185843,-0.072390854,-0.606399,0.07946709,-0.97229344,0.21984172
1356445346661,-0.592305,-0.17036927,-0.7874954,0.8036138,-0.05439651,-0.59265995,0.05813402,-0.98387766,0.1691305
1356445346700,-0.56134415,-0.12109199,-0.81867534,0.82666886,-0.035576403,-0.5615629,0.038875222,-0.99200356,0.12007362
1356445346740,-0.51446325,-0.07590303,-0.8541465,0.8571582,-0.016893387,-0.514776,0.0246436,-0.9969721,0.073751986
1356445346780,-0.4543125,-0.03575605,-0.8901245,0.8906459,0.0027510524,-0.45468915,0.01870668,-0.99935675,0.030596137
1356445346820,-0.38552308,-0.0013000965,-0.9226972,0.9224393,0.023142815,-0.38544792,0.021854907,-0.99973124,-0.0077228546
1356445346860,-0.31567496,0.026920974,-0.94848543,0.9483549,0.04180187,-0.31444502,0.031183302,-0.9987632,-0.03872645
1356445346900,-0.25245857,0.048351496,-0.96639884,0.96669674,0.05593103,-0.24973801,0.041976452,-0.9972632,-0.060861528
1356445346940,-0.20355088,0.06303573,-0.977033,0.97771263,0.06550783,-0.19946608,0.051429838,-0.995859,-0.074965
1356445346980,-0.17481434,0.07100347,-0.9820379,0.9827939,0.07299209,-0.16967142,0.059633702,-0.9948019,-0.08254182
1356445347020,-0.16808635,0.070483804,-0.98324925,0.9833858,0.08135265,-0.162278,0.06855196,-0.99419004,-0.08298707
1356445347060,-0.17910421,0.055711508,-0.9822515,0.98050785,0.0920884,-0.17356315,0.08078456,-0.99419117,-0.07111901
1356445347100,-0.19849944,0.016628563,-0.97995996,0.97510386,0.10418898,-0.19574782,0.09884596,-0.9944185,-0.03689605
1356445347140,-0.21554452,-0.057370216,-0.9748072,0.9685354,0.11463165,-0.22090417,0.12441701,-0.99175006,0.030856907
1356445347180,-0.22706378,-0.166148,-0.9596025,0.9613859,0.11908549,-0.24810448,0.1554968,-0.97888386,0.13269228
1356445347220,-0.24087667,-0.28900683,-0.92652774,0.9527997,0.11135489,-0.2824411,0.18480086,-0.9508287,0.24854273
1356445347260,-0.2719177,-0.39318767,-0.87833035,0.94047225,0.0848065,-0.3291198,0.20389393,-0.9155388,0.3467217
1356445347299,-0.3288499,-0.4572869,-0.82628465,0.92089754,0.038633645,-0.3878854,0.20929721,-0.88847965,0.4084098
1356445347361,-0.4078973,-0.47760606,-0.7781466,0.89040923,-0.019557536,-0.45474046,0.20196816,-0.8783564,0.43324232
1356445347380,-0.4958939,-0.46184033,-0.73538613,0.84835356,-0.076818705,-0.5238273,0.18543315,-0.8836303,0.42989784
1356445347420,-0.5778197,-0.42121762,-0.69907093,0.7996498,-0.12074119,-0.58820224,0.16335449,-0.8988867,0.40659314
1356445347460,-0.641401,-0.36892915,-0.67267835,0.7543671,-0.14353955,-0.64056754,0.1397681,-0.91830707,0.37037438
1356445347499,-0.6826101,-0.3135999,-0.66007465,0.72134316,-0.14443535,-0.6773495,0.11707866,-0.93850595,0.3248062
1356445347540,-0.70139086,-0.25884193,-0.6641172,0.706293,-0.12700212,-0.69643426,0.09592214,-0.95753396,0.27189636
1356445347580,-0.6970176,-0.20588738,-0.68686014,0.71305275,-0.09796506,-0.6942324,0.07564539,-0.9736597,0.21509194
1356445347620,-0.66943485,-0.15381175,-0.72677296,0.7407911,-0.06506419,-0.6685771,0.05554813,-0.9859557,0.15749854
1356445347660,-0.61651284,-0.1024251,-0.7806542,0.7864514,-0.03289002,-0.6167758,0.03749758,-0.99419683,0.10082948
1356445347700,-0.53211874,-0.053893298,-0.8449527,0.8462471,-0.0023269057,-0.5327854,0.026747435,-0.998544,0.046845198
1356445347740,-0.41481674,-0.008728772,-0.9098631,0.9094912,0.026174247,-0.41489828,0.027436554,-0.99961925,-0.0029187799
1356445347780,-0.2713672,0.033787966,-0.9618826,0.9617155,0.04923612,-0.26959056,0.038250417,-0.9982155,-0.045855463
1356445347820,-0.12000933,0.07262388,-0.9901129,0.9912971,0.063123316,-0.11552283,0.054109484,-0.9953598,-0.079567194
1356445347860,0.017312318,0.10492137,-0.9943298,0.9973761,0.06810501,0.02455175,0.07029483,-0.9921458,-0.10346699
1356445347901,0.122930914,0.12857059,-0.9840516,0.9887712,0.06902793,0.13253924,0.0849677,-0.989295,-0.11864126
1356445347940,0.18919945,0.14238507,-0.9715606,0.9769451,0.07236242,0.20085293,0.09890291,-0.98716265,-0.12541151
1356445347980,0.21969911,0.14322183,-0.9649973,0.96885824,0.08377889,0.23301241,0.11421892,-0.9861382,-0.12035555
1356445348020,0.22848058,0.12335098,-0.96570235,0.96440864,0.10692555,0.2418322,0.13308841,-0.9865857,-0.094530255
1356445348060,0.23602876,0.07225463,-0.9690561,0.9590652,0.14325747,0.24427685,0.15647471,-0.98704433,-0.035484076
1356445348100,0.2577798,-0.014764726,-0.9660909,0.94882977,0.19263187,0.25023007,0.18240538,-0.98116004,0.06366578
1356445348140,0.29107064,-0.1259504,-0.94837457,0.9345439,0.24954283,0.25368482,0.20470828,-0.9601379,0.19034082
1356445348180,0.3175381,-0.23544905,-0.91854954,0.9233099,0.29745588,0.24293777,0.21602854,-0.9252479,0.311846
1356445348220,0.31948254,-0.3213842,-0.89142764,0.92317,0.31776264,0.21629667,0.2137481,-0.89204216,0.39821175
1356445348260,0.2900892,-0.3765075,-0.87982404,0.93574286,0.30428654,0.17831141,0.20058307,-0.8750153,0.4405844
1356445348300,0.23159772,-0.4025356,-0.88562274,0.95582247,0.2635541,0.13016424,0.18101373,-0.8766438,0.44579107
1356445348360,0.1526522,-0.40320718,-0.90228677,0.9753543,0.20864326,0.071777105,0.15931502,-0.8910062,0.42511973
1356445348380,0.06521392,-0.3820305,-0.9218459,0.98818004,0.15316284,0.0064329803,0.13873494,-0.9113692,0.38750324
1356445348420,-0.017093658,-0.34353074,-0.9389858,0.992412,0.108537436,-0.05777505,0.121762544,-0.93284845,0.33906877
1356445348460,-0.0803318,-0.29435924,-0.9523127,0.9907274,0.081445694,-0.108747035,0.1095725,-0.9522182,0.28508708
1356445348499,-0.11608487,-0.24093923,-0.96357286,0.98809576,0.07058847,-0.1366897,0.100951076,-0.9679699,0.22987673
1356445348540,-0.12225598,-0.18687439,-0.9747468,0.9881214,0.069218636,-0.13720378,0.09311053,-0.9799422,0.17619222
1356445348580,-0.09610367,-0.13437569,-0.9862592,0.9917972,0.07096499,-0.106312186,0.0842756,-0.98838615,0.12645346
1356445348620,-0.040696263,-0.084738255,-0.99557173,0.9962981,0.07206994,-0.046860218,0.07572162,-0.99379337,0.08149165
1356445348660,0.038873494,-0.03864169,-0.9984968,0.9967264,0.07239026,0.036003083,0.07089022,-0.99662757,0.041329235
1356445348700,0.13173246,0.0037394762,-0.9912783,0.9886678,0.07212722,0.13165763,0.07199049,-0.9973885,0.0058043897
1356445348740,0.2233518,0.041817844,-0.97384053,0.97159487,0.070616096,0.22586912,0.07821423,-0.9966267,-0.02485779
1356445348780,0.30070695,0.07429242,-0.9508186,0.9497191,0.067858785,0.3056614,0.08722979,-0.994925,-0.050151348
1356445348820,0.35490903,0.099895805,-0.9295485,0.9298347,0.06565067,0.36207363,0.09719515,-0.9928297,-0.069586605
1356445348860,0.3818779,0.11737445,-0.91672933,0.91795135,0.06709623,0.39097777,0.10739994,-0.9908186,-0.08212149
1356445348900,0.38349646,0.12386331,-0.91519856,0.9159616,0.07569741,0.39406124,0.11808792,-0.9894079,-0.08442441
1356445348940,0.36600643,0.11334041,-0.9236846,0.9215336,0.09416349,0.37670845,0.12967369,-0.98908406,-0.06998256
1356445348980,0.34466374,0.07653472,-0.9356011,0.92782605,0.12366897,0.35191596,0.1426386,-0.9893677,-0.028386682
1356445349020,0.33512005,0.0051219463,-0.94216156,0.92907935,0.1643531,0.33136034,0.15654445,-0.9863883,0.050319314
1356445349060,0.34072676,-0.09802243,-0.93503845,0.9249325,0.2132369,0.31468996,0.168538,-0.9720707,0.16331965
1356445349100,0.34477788,-0.21229947,-0.9143616,0.9224131,0.2572071,0.28809458,0.174018,-0.9427478,0.28450713
1356445349140,0.32439494,-0.31188712,-0.8930254,0.93036497,0.2757147,0.24166596,0.17084774,-0.90923476,0.3796093
1356445349178,0.2676833,-0.3826499,-0.88426507,0.94999504,0.2579777,0.17594576,0.16079506,-0.88714516,0.43257186
1356445349218,0.17444605,-0.4219766,-0.88966537,0.97355545,0.20926642,0.0916383,0.1475079,-0.8821244,0.44732326
1356445349258,0.056866348,-0.43179503,-0.90017736,0.98936915,0.14524919,-0.0071719885,0.13384685,-0.89019984,0.43546447
1356445349298,-0.06505567,-0.41675472,-0.90668803,0.99051404,0.08323896,-0.109330595,0.121035755,-0.9051998,0.40738627
1356445349360,-0.17281383,-0.38331047,-0.90730834,0.97889435,0.035188377,-0.20131478,0.10909274,-0.92294896,0.36913943
1356445349379,-0.25336897,-0.33878362,-0.906107,0.962412,0.006430626,-0.27151754,0.09781259,-0.9408424,0.3244201
1356445349420,-0.30258018,-0.2881801,-0.9085139,0.9491719,-0.004393816,-0.31472754,0.0867064,-0.95756614,0.27486187
1356445349460,-0.3180765,-0.2343049,-0.9186559,0.945094,-0.0017104149,-0.32679418,0.07499817,-0.97216165,0.22198415
1356445349499,-0.29948545,-0.17846304,-0.93726164,0.9520374,0.00867492,-0.30585864,0.06271511,-0.9839084,0.16730553
1356445349540,-0.24539101,-0.12206143,-0.961709,0.9680007,0.022887766,-0.24990138,0.052514702,-0.99225855,0.11253911
1356445349580,-0.14878702,-0.06798813,-0.98652935,0.9876535,0.03923875,-0.15166071,0.049021333,-0.99691427,0.06131047
1356445349620,-0.017015666,-0.017414987,-0.9997035,0.99837285,0.054128915,-0.017935991,0.05442521,-0.9983821,0.016465664
1356445349660,0.13087183,0.028351337,-0.99099386,0.98917246,0.06322527,0.13244012,0.06641069,-0.9975965,-0.019769937
1356445349700,0.2691934,0.066634685,-0.96077824,0.9596946,0.06508839,0.2734041,0.080753714,-0.9956522,-0.046427578
1356445349740,0.37769258,0.09546307,-0.9209967,0.9210901,0.06284125,0.38424444,0.0945577,-0.9934473,-0.064195424
1356445349780,0.4467858,0.11481443,-0.8872429,0.8881805,0.062043384,0.45528674,0.107321024,-0.99144757,-0.074255854
1356445349819,0.47588265,0.124874085,-0.8705988,0.8712691,0.06824577,0.48603788,0.12010825,-0.98982275,-0.07632196
1356445349874,0.47189432,0.122831225,-0.87305677,0.8713181,0.08621921,0.48308483,0.13461208,-0.98867524,-0.06633869
1356445349900,0.44860452,0.101017475,-0.8880031,0.8806878,0.11916113,0.45846438,0.15212834,-0.98772264,-0.035508603
1356445349940,0.42740434,0.05064079,-0.9026412,0.8874247,0.16715503,0.42957717,0.17263511,-0.9846292,0.026502877
1356445349980,0.42692244,-0.029652566,-0.903802,0.8831867,0.22832541,0.40969348,0.1942125,-0.9731332,0.12366599
1356445350020,0.44038188,-0.12656954,-0.88884413,0.87233496,0.29448682,0.39026803,0.2123568,-0.94723684,0.24009773
1356445350060,0.44325233,-0.21946347,-0.8691163,0.868392,0.34558904,0.35561705,0.22231212,-0.91236174,0.34376347
1356445350100,0.4159467,-0.2954673,-0.8600508,0.8816669,0.36275992,0.301776,0.22282705,-0.88380104,0.41139254
1356445350140,0.35136557,-0.35146642,-0.8677636,0.91104734,0.34191364,0.23040777,0.21571964,-0.87153107,0.44033924
1356445350180,0.2516444,-0.3870288,-0.8870647,0.94623435,0.2908844,0.14151612,0.20326245,-0.87498283,0.43941942
1356445350220,0.12805098,-0.40118068,-0.9070045,0.97396606,0.22336507,0.038707167,0.18706456,-0.888348,0.4193384
1356445350259,-0.0025501847,-0.39352515,-0.91931033,0.9858459,0.15311986,-0.0682801,0.1676346,-0.90647244,0.38756466
1356445350300,-0.122921586,-0.36615768,-0.9223984,0.9817395,0.09110546,-0.16699505,0.14518207,-0.92608225,0.34827265
1356445350361,-0.21911025,-0.32409218,-0.92030156,0.96820116,0.04449594,-0.24618411,0.12073603,-0.9449785,0.30403697
1356445350379,-0.2864105,-0.27284834,-0.918435,0.9533354,0.01439321,-0.30157,0.09550211,-0.9619494,0.25599355
1356445350419,-0.32223493,-0.21732193,-0.92137706,0.9439977,-8.274317E-4,-0.32995093,0.07094315,-0.9760996,0.20541805
1356445350460,-0.32667577,-0.16107437,-0.9313098,0.94386065,-0.004417181,-0.33031428,0.0490914,-0.9869324,0.15347469
1356445350517,-0.29772186,-0.107418,-0.94859004,0.95406085,0.0015021563,-0.299609,0.033608317,-0.9942128,0.10203612
1356445350538,-0.2385273,-0.058312982,-0.9693835,0.9707259,0.014683783,-0.23974085,0.028214246,-0.9981904,0.053103387
1356445350578,-0.15987033,-0.013876349,-0.9870405,0.98657155,0.031625092,-0.16023895,0.0334388,-0.9994035,0.00863409
1356445350615,-0.0749709,0.024860978,-0.9968758,0.9961889,0.046555996,-0.073758155,0.044576824,-0.9986063,-0.028256595
1356445350645,2.3320317E-4,0.055606425,-0.9984528,0.9984972,0.054704994,0.0032798946,0.054802775,-0.996953,-0.055510104
1356445350687,0.055226684,0.07817131,-0.9954091,0.99644154,0.05925995,0.059937745,0.06367332,-0.99517715,-0.074620426
1356445350728,0.07145375,0.09195253,-0.99319637,0.9949262,0.064133644,0.07751587,0.07082507,-0.993696,-0.08690339
1356445350768,0.048032403,0.09662321,-0.99416137,0.99579215,0.073135495,0.055219173,0.07804394,-0.99263036,-0.0927037
1356445350808,-0.006452471,0.08874601,-0.9960333,0.99609977,0.088222474,0.0014076531,0.08799744,-0.9921396,-0.08896911
1356445350849,-0.068639815,0.060361415,-0.9958137,0.99227643,0.10750973,-0.061879277,0.10332453,-0.9923699,-0.06727463
1356445350888,-0.11256197,0.001986295,-0.99364275,0.98570657,0.12637362,-0.11141032,0.12534899,-0.99198073,-0.01618278
1356445350928,-0.125202,-0.090750664,-0.987972,0.9803095,0.14195144,-0.13727,0.15270138,-0.9857049,0.07119113
1356445350968,-0.12373686,-0.20640734,-0.9706107,0.9759319,0.15169162,-0.15667352,0.17957205,-0.9666362,0.1826697
1356445351008,-0.14031744,-0.31849107,-0.9374831,0.96992505,0.14598233,-0.19476774,0.19888774,-0.9366176,0.28842863
1356445351048,-0.19735217,-0.4025071,-0.8938905,0.95815754,0.11364603,-0.2627143,0.20733154,-0.9083351,0.36323687
1356445351088,-0.2943176,-0.4467169,-0.8448794,0.9333992,0.05553353,-0.3545164,0.2052876,-0.8929502,0.4006207
1356445351128,-0.41145045,-0.45110342,-0.7919686,0.89041376,-0.013415396,-0.45495415,0.19460681,-0.8923708,0.40718845
1356445351168,-0.52349854,-0.424426,-0.73879087,0.8332963,-0.074228406,-0.54782075,0.17767009,-0.902415,0.39253104
1356445351208,-0.61340165,-0.37943524,-0.6926524,0.7740305,-0.11460054,-0.62269056,0.15689242,-0.91809344,0.36399066
1356445351248,-0.6759456,-0.32673275,-0.66056275,0.72461975,-0.13138139,-0.67650944,0.13425216,-0.93594044,0.32556373
1356445351288,-0.71253824,-0.27254075,-0.6465374,0.6927465,-0.12707573,-0.70989716,0.11131668,-0.95371544,0.27934808
1356445351361,-0.72974014,-0.21415153,-0.6493215,0.678072,-0.10480988,-0.7274843,0.08773655,-0.9711612,0.22169411
1356445351369,-0.710906,-0.1644338,-0.683794,0.7000983,-0.07297796,-0.7103075,0.06689668,-0.9836848,0.16700023
1356445351395,-0.67883396,-0.119384825,-0.7245217,0.73263836,-0.043941855,-0.67919815,0.049249113,-0.9918752,0.117295146
1356445351426,-0.63389385,-0.07913172,-0.76936126,0.7725996,-0.01897955,-0.6346098,0.035615653,-0.9966835,0.07316816
1356445351468,-0.5743937,-0.043312103,-0.8174326,0.8180529,0.005432725,-0.5751174,0.02935046,-0.99904686,0.032311022
1356445351508,-0.48376185,-0.012982279,-0.87510335,0.8745922,0.030078053,-0.48392546,0.03260386,-0.9994632,-0.0031964183
1356445351548,-0.3736946,0.0138224065,-0.92744875,0.92648983,0.05339384,-0.37251255,0.04437101,-0.9984778,-0.03275925
1356445351588,-0.26226687,0.037940145,-0.96424925,0.96311545,0.07263243,-0.25910068,0.06020549,-0.99663687,-0.055589795
1356445351628,-0.16739857,0.05779311,-0.9841939,0.9829798,0.08642173,-0.16211727,0.075686425,-0.994581,-0.07127631
1356445351668,-0.10000625,0.07118827,-0.9924369,0.9909999,0.09632853,-0.092951775,0.08898294,-0.9928006,-0.08018106
1356445351708,-0.06306487,0.076084405,-0.995105,0.99290144,0.10553414,-0.05485624,0.10084382,-0.9915007,-0.08219981
1356445351748,-0.05264598,0.069220096,-0.9962113,0.99218607,0.11662644,-0.044329703,0.113116115,-0.99076074,-0.07481909
1356445351788,-0.05844271,0.04409513,-0.99731636,0.9901215,0.1301049,-0.052268714,0.12745091,-0.99051917,-0.051263213
1356445351828,-0.06707114,-0.008748144,-0.9977099,0.9872682,0.14397061,-0.06763151,0.14423254,-0.9895433,-0.0010195374
1356445351868,-0.06947526,-0.0956063,-0.99299175,0.984437,0.15449718,-0.08375186,0.1614216,-0.98335654,0.08338463
1356445351908,-0.07071477,-0.20782444,-0.9756066,0.9820826,0.1567697,-0.10457942,0.1746797,-0.9655217,0.19301486
1356445351948,-0.08780646,-0.31921774,-0.9436048,0.9796205,0.14411342,-0.13991085,0.18064818,-0.9366597,0.30005813
1356445351988,-0.13401091,-0.40327245,-0.90521395,0.9746168,0.1116761,-0.19403723,0.1793406,-0.90823996,0.37807035
1356445352028,-0.20797837,-0.44813657,-0.8694358,0.96281636,0.06289399,-0.2627337,0.17242286,-0.89175,0.41839263
1356445352068,-0.29573452,-0.45569116,-0.8395753,0.94150716,0.009610951,-0.33685577,0.1615713,-0.89008605,0.42619425
1356445352108,-0.3791201,-0.4352886,-0.8165732,0.9133987,-0.03468299,-0.405586,0.14822578,-0.8996227,0.41074106
1356445352148,-0.44427735,-0.3977805,-0.8027381,0.8858901,-0.06156254,-0.45979196,0.13347772,-0.91541284,0.37974066
1356445352188,-0.4845124,-0.3512605,-0.8011641,0.8667542,-0.06895661,-0.49394557,0.11825806,-0.933735,0.33786684
1356445352228,-0.49760205,-0.30026388,-0.81377745,0.8612218,-0.05919975,-0.5047697,0.1033887,-0.9520173,0.28805172
1356445352269,-0.4833783,-0.24647713,-0.8399967,0.8708807,-0.037894905,-0.49003124,0.08894989,-0.9684074,0.23296982
1356445352310,-0.44184744,-0.1906124,-0.87660587,0.8939978,-0.01249373,-0.44789708,0.07442269,-0.98158586,0.1759274
1356445352362,-0.37169617,-0.1350877,-0.91847336,0.92638886,0.010374725,-0.37642542,0.060379326,-0.9907794,0.121287465
1356445352390,-0.27612317,-0.082267106,-0.9575949,0.9598425,0.027793288,-0.27915904,0.049580216,-0.9962226,0.07128918
1356445352430,-0.16057783,-0.03340003,-0.98645794,0.98592174,0.04177445,-0.16190496,0.046616346,-0.99856865,0.026221752
1356445352470,-0.035676003,0.011515766,-0.999297,0.99789596,0.0545789,-0.034997046,0.05413747,-0.99844307,-0.013438702
1356445352510,0.08502576,0.051888555,-0.9950267,0.99391425,0.06577739,0.088360816,0.07003513,-0.9964843,-0.045979977
1356445352550,0.1916224,0.085549355,-0.9777332,0.97745323,0.07338646,0.19798872,0.08869022,-0.99362755,-0.069558024
1356445352590,0.2774,0.11074269,-0.9543507,0.95491016,0.077617854,0.2865694,0.105810165,-0.9908136,-0.084218144
1356445352630,0.33856034,0.12717107,-0.9323113,0.93320465,0.081444666,0.34999406,0.12044084,-0.98853135,-0.09110266
1356445352670,0.37385494,0.13446727,-0.9176879,0.91772807,0.08952446,0.38698918,0.13419285,-0.9868657,-0.08993515
1356445352710,0.38604695,0.12911612,-0.9133985,0.9102935,0.10708803,0.3998723,0.14944401,-0.9858302,-0.07619253
1356445352750,0.38327163,0.102656215,-0.91791314,0.9082327,0.13885021,0.39475816,0.1679768,-0.9849784,-0.04001838
1356445352790,0.3775937,0.045337677,-0.92486084,0.9062757,0.1868134,0.37916368,0.1899668,-0.9813487,0.029451132
1356445352830,0.37738407,-0.04335898,-0.9250412,0.9013669,0.24631989,0.35618016,0.21241245,-0.9682182,0.13203955
1356445352870,0.37883082,-0.14625785,-0.9138358,0.89662075,0.30260995,0.32326207,0.22925621,-0.94182575,0.24577579
1356445352910,0.37229627,-0.23981455,-0.896596,0.89769685,0.33833534,0.28225803,0.2356605,-0.909955,0.34124172
