1356445802195,0.7520095,0.24244486,-0.61294544,0.56855,0.23192754,0.7892784,0.33351544,-0.9420351,0.036569685
1356445802197,-0.5206056,-0.15169948,0.8402126,-0.7859623,-0.2992618,-0.54102284,0.3335164,-0.9420349,0.03656727
1356445802227,-0.52065885,-0.15175655,0.8401692,-0.7859205,-0.29924595,-0.54109216,0.3335315,-0.94203067,0.036536455
1356445802267,-0.52098715,-0.15204325,0.83991385,-0.78566957,-0.2991727,-0.5414971,0.33361027,-0.9420078,0.03640932
1356445802314,-0.5221017,-0.15291223,0.8390635,-0.784829,-0.2989521,-0.5428362,0.3338461,-0.9419371,0.036073506
1356445802361,-0.5251815,-0.15536705,0.8366872,-0.78252053,-0.29821968,-0.54655886,0.33443388,-0.9417676,0.03504163
1356445802403,-0.5323074,-0.16008037,0.8312781,-0.77738833,-0.29630786,-0.5548596,0.3351363,-0.94158167,0.03328222
1356445802442,-0.5424978,-0.16702184,0.82328606,-0.76999223,-0.2929706,-0.56681585,0.33586922,-0.9414202,0.03033042
1356445802481,-0.55587316,-0.1756846,0.81249,-0.76012564,-0.28820097,-0.5823652,0.33647302,-0.9413156,0.0266608
1356445802524,-0.57051337,-0.18508554,0.8001611,-0.74903566,-0.28232384,-0.5993654,0.33683845,-0.9412952,0.022433877
1356445802563,-0.58564013,-0.19431865,0.7869344,-0.73724496,-0.27580643,-0.6167662,0.3368908,-0.94136655,0.018262923
1356445802602,-0.5995001,-0.20246941,0.7743421,-0.72616696,-0.2692476,-0.6326035,0.3365726,-0.94154763,0.014387369
1356445802643,-0.6113863,-0.20936713,0.76313305,-0.71645236,-0.26303035,-0.6461509,0.33600995,-0.94179636,0.010811627
1356445802683,-0.62119097,-0.21568784,0.7533927,-0.708235,-0.2570042,-0.6575347,0.3354473,-0.94203377,0.006891012
1356445802723,-0.6292573,-0.22229417,0.74472845,-0.7011406,-0.25105137,-0.66736424,0.3353163,-0.94210315,0.0021165013
1356445802761,-0.635626,-0.22924201,0.73717546,-0.6951433,-0.24538708,-0.6756929,0.33579054,-0.94193053,-0.0033816695
1356445802804,-0.6405341,-0.2364611,0.73061764,-0.6900111,-0.2403571,-0.6827248,0.33704698,-0.9414428,-0.009203911
1356445802842,-0.6435892,-0.242856,0.72581947,-0.6860274,-0.23742539,-0.68774676,0.33935142,-0.94055843,-0.0138014555
1356445802882,-0.64461374,-0.24746065,0.7233509,-0.6832302,-0.23806846,-0.6903042,0.34303012,-0.93919474,-0.0156104565
1356445802923,-0.6439306,-0.25004753,0.7230696,-0.6808231,-0.24389255,-0.6906493,0.3490464,-0.9370127,-0.0131883025
1356445802961,-0.64168394,-0.2507888,0.724808,-0.6789136,-0.25392246,-0.688912,0.3568164,-0.93414575,-0.0073258877
1356445803000,-0.6385393,-0.2501149,0.72781175,-0.6768323,-0.2676013,-0.6857751,0.36628598,-0.9305009,0.0015881658
1356445803041,-0.6350928,-0.24882579,0.73126113,-0.6742865,-0.28324407,-0.68199015,0.3768221,-0.92620647,0.012106419
1356445803082,-0.6325382,-0.2484324,0.7336053,-0.6702438,-0.29910648,-0.67919695,0.38816065,-0.92131245,0.022686005
1356445803121,-0.6323126,-0.2506544,0.73304373,-0.66384745,-0.31246072,-0.6794666,0.3993587,-0.91626453,0.031176567
1356445803162,-0.6358316,-0.25761038,0.72756785,-0.6536942,-0.3214568,-0.6850908,0.41036814,-0.91120934,0.035993934
1356445803203,-0.6436482,-0.26938817,0.7163427,-0.6394881,-0.32489955,-0.69677484,0.42044234,-0.90657055,0.036850512
1356445803240,-0.6548865,-0.2850368,0.69991255,-0.6219037,-0.3229307,-0.71340835,0.42937085,-0.90247977,0.034217477
1356445803265,-0.6676639,-0.30132228,0.6807568,-0.602887,-0.31761807,-0.7318785,0.43675193,-0.89906824,0.030398846
1356445803298,-0.6798077,-0.316663,0.66150284,-0.5847304,-0.31039405,-0.7494972,0.4426645,-0.89631474,0.025845706
1356445803340,-0.6913024,-0.33100182,0.6422918,-0.5676698,-0.30116737,-0.76619136,0.44704804,-0.8942796,0.020298004
1356445803382,-0.70293033,-0.34421298,0.62241966,-0.5506952,-0.290438,-0.7825474,0.45013732,-0.89283985,0.01460129
1356445803423,-0.71441,-0.35644758,0.60213256,-0.5335783,-0.27918375,-0.7983425,0.45267287,-0.8916287,0.009258926
1356445803461,-0.72571784,-0.36784562,0.58139765,-0.5159409,-0.26804978,-0.8136058,0.45512483,-0.8904151,0.004741907
1356445803500,-0.7362638,-0.37686378,0.5620404,-0.4995761,-0.25751686,-0.82710874,0.45644215,-0.88975215,0.0013281703
1356445803541,-0.74508053,-0.3799178,0.54819477,-0.4887725,-0.24823266,-0.8363504,0.45382428,-0.8910909,-7.4005127E-4
1356445803587,-0.7504548,-0.37235072,0.5460517,-0.48994824,-0.24109215,-0.8377501,0.44358563,-0.8962307,-0.0015037656
1356445803622,-0.7519899,-0.35706207,0.554092,-0.5016124,-0.23538762,-0.83245283,0.42766368,-0.9039355,-0.0020977259
1356445803664,-0.7480001,-0.33539546,0.57271796,-0.52457154,-0.22988355,-0.81974286,0.40659642,-0.9135992,-0.0039860606
1356445803709,-0.7367391,-0.31341547,0.59915465,-0.5550648,-0.22571713,-0.8005966,0.38615882,-0.9224005,-0.007671237
1356445803742,-0.7175364,-0.29407305,0.6313973,-0.5910682,-0.22248995,-0.77533,0.36848325,-0.9295264,-0.014172614
1356445803783,-0.6865757,-0.2786824,0.67152804,-0.63454926,-0.22118121,-0.7405579,0.35490984,-0.93456674,-0.024980068
1356445803821,-0.6436039,-0.27198112,0.7154021,-0.68229604,-0.21960998,-0.69731164,0.34676504,-0.9369086,-0.044229746
1356445803864,-0.59423566,-0.28549808,0.751914,-0.72581154,-0.21243805,-0.65426874,0.3465277,-0.93453777,-0.080979526
1356445803903,-0.54545534,-0.329434,0.7706826,-0.75912595,-0.19556516,-0.6208719,0.355255,-0.9237031,-0.14340991
1356445803944,-0.50738984,-0.4095629,0.75816476,-0.77747995,-0.16182113,-0.60773253,0.3715918,-0.8978152,-0.23632056
1356445803983,-0.46618295,-0.49814117,0.7311148,-0.7953832,-0.12583596,-0.5929003,0.3873486,-0.8579165,-0.33755058
1356445804030,-0.41708398,-0.5706281,0.7074068,-0.8174568,-0.104668796,-0.5663999,0.39724714,-0.8145109,-0.4228081
1356445804062,-0.34165448,-0.60599065,0.71836454,-0.8501345,-0.12659997,-0.51112014,0.40067893,-0.785333,-0.47192013
1356445804104,-0.23923898,-0.59258235,0.7691624,-0.88446236,-0.19384217,-0.42444265,0.4006133,-0.7818384,-0.4777422
1356445804149,-0.11692396,-0.5378107,0.8349182,-0.908342,-0.28199854,-0.3088552,0.40155143,-0.7945039,-0.45554364
1356445804184,0.007124126,-0.44858223,0.8937132,-0.9130346,-0.36741042,-0.17713648,0.4078198,-0.8147291,-0.4121886
1356445804253,0.101397336,-0.35723388,0.9284948,-0.90215266,-0.42640972,-0.065538496,0.41933182,-0.83099854,-0.36551625
1356445804263,0.16152376,-0.27442527,0.9479455,-0.8846848,-0.4659195,0.01586324,0.43731305,-0.84119534,-0.31803694
1356445804299,0.18253696,-0.20843768,0.9608507,-0.86957276,-0.49028695,0.058838397,0.45882836,-0.8462697,-0.2707473
1356445804343,0.1683647,-0.15954256,0.97272784,-0.86063135,-0.50491375,0.0661487,0.48059016,-0.84829724,-0.22231698
1356445804382,0.12178558,-0.12763244,0.9843162,-0.85761124,-0.51277024,0.039619982,0.49967116,-0.84898573,-0.17190707
1356445804422,0.048495054,-0.10906345,0.99285114,-0.8569389,-0.5152072,-0.014738381,0.5131315,-0.850098,-0.118445635
1356445804465,-0.04735881,-0.100535154,0.9938057,-0.85562515,-0.5093006,-0.092295736,0.5154248,-0.85469615,-0.061900556
1356445804503,-0.1592564,-0.101149976,0.9820418,-0.8497285,-0.49236596,-0.18851289,0.502592,-0.86449075,-0.007537544
1356445804545,-0.26303595,-0.09486371,0.9601109,-0.84205073,-0.4631666,-0.2764548,0.47091684,-0.8811797,0.04194936
1356445804584,-0.36008883,-0.092235,0.9283473,-0.8261106,-0.43081385,-0.36323625,0.43344802,-0.8977149,0.07893497
1356445804627,-0.4366427,-0.08742726,0.8953768,-0.80844223,-0.39849156,-0.43315777,0.3946699,-0.9129956,0.10331854
1356445804663,-0.49293935,-0.083013624,0.86609447,-0.7907139,-0.3725863,-0.48574805,0.3630186,-0.9242772,0.11802238
1356445804702,-0.52900684,-0.07864466,0.84496546,-0.77822006,-0.3521104,-0.5199921,0.3384157,-0.93264854,0.12506592
1356445804743,-0.54666895,-0.07775864,0.8337305,-0.7732147,-0.33528382,-0.53825986,0.3213907,-0.93890274,0.12316513
1356445804782,-0.5522864,-0.09197372,0.8285654,-0.77175456,-0.31942356,-0.54987586,0.31523746,-0.9431381,0.10543215
1356445804826,-0.5537737,-0.13985753,0.8208377,-0.7659564,-0.30105942,-0.568044,0.32656616,-0.94329375,0.059594035
1356445804864,-0.5520797,-0.23103678,0.801143,-0.7528609,-0.27481663,-0.5980605,0.3583414,-0.93332624,-0.02221787
1356445804902,-0.54099345,-0.35281897,0.7634428,-0.7383239,-0.23546022,-0.6320097,0.40274543,-0.9055812,-0.13311225
1356445804942,-0.510854,-0.46278334,0.72447205,-0.7385129,-0.19511378,-0.64539087,0.44003057,-0.8647325,-0.24209678
1356445804986,-0.46266472,-0.526293,0.71341217,-0.7598745,-0.1790902,-0.6249138,0.45665288,-0.83122945,-0.3170579
1356445805035,-0.40085536,-0.53817815,0.7414036,-0.7950749,-0.19770253,-0.5733844,0.45516026,-0.81931555,-0.3486418
1356445805060,-0.33356786,-0.51591396,0.78902805,-0.8306539,-0.23494983,-0.5047898,0.44581008,-0.8237909,-0.3501742
1356445805095,-0.2700647,-0.47409618,0.8380322,-0.8592899,-0.27398705,-0.4319167,0.43438,-0.836758,-0.3333918
1356445805139,-0.21760058,-0.4206265,0.88075155,-0.8792341,-0.3073302,-0.36399943,0.42378932,-0.8535933,-0.3029539
1356445805178,-0.19056135,-0.37332588,0.9079175,-0.88899094,-0.32666683,-0.3209108,0.41639093,-0.8682836,-0.26963323
1356445805246,-0.18397403,-0.33056203,0.92567945,-0.8918675,-0.33974183,-0.2985765,0.41319004,-0.88051367,-0.23231387
1356445805260,-0.2032007,-0.29426804,0.93387145,-0.8869668,-0.3486628,-0.30286026,0.41472822,-0.8898543,-0.19015747
1356445805300,-0.25019914,-0.2675181,0.9305023,-0.8722699,-0.35479915,-0.3365455,0.42017338,-0.89585257,-0.14457756
1356445805342,-0.31696635,-0.2476475,0.9155344,-0.8465526,-0.3613807,-0.3908359,0.42764595,-0.89892983,-0.09510118
1356445805382,-0.40327936,-0.23735324,0.88375854,-0.8069203,-0.3632322,-0.46577042,0.43156168,-0.90095824,-0.045041084
1356445805426,-0.49535984,-0.22983274,0.83773243,-0.7573689,-0.35804856,-0.54607105,0.42545387,-0.9049741,0.0032946467
1356445805462,-0.592482,-0.23306465,0.7711328,-0.69236875,-0.34201568,-0.63533515,0.41181374,-0.910333,0.041271508
1356445805506,-0.67340386,-0.23655869,0.7004051,-0.6267322,-0.31980705,-0.7105844,0.3920894,-0.91747665,0.067100406
1356445805543,-0.7373371,-0.24305604,0.63028395,-0.5620954,-0.29675043,-0.77200264,0.37467694,-0.92350584,0.082184434
1356445805583,-0.77988744,-0.24853167,0.57446295,-0.51090074,-0.27745682,-0.8136327,0.36160213,-0.9280355,0.08941001
1356445805623,-0.8017662,-0.25171405,0.5420433,-0.48180795,-0.26438135,-0.8354421,0.35359868,-0.93099004,0.09069419
1356445805662,-0.8055218,-0.25578213,0.5345188,-0.47699767,-0.25530386,-0.84100723,0.35157934,-0.9324138,0.083645284
1356445805705,-0.7947663,-0.27073497,0.5431841,-0.48983014,-0.24230272,-0.8374699,0.35834742,-0.93166083,0.059959948
1356445805743,-0.774177,-0.31001884,0.5518498,-0.50839007,-0.21483386,-0.83389807,0.37708014,-0.9261397,0.008709013
1356445805784,-0.74768156,-0.37924334,0.5451117,-0.5248164,-0.16548455,-0.83497465,0.40686613,-0.9103787,-0.075303376
1356445805822,-0.7092217,-0.45556903,0.5380162,-0.5538137,-0.11219382,-0.8250472,0.4362281,-0.8831021,-0.17273009
1356445805863,-0.65695876,-0.5161084,0.54957926,-0.60156476,-0.08055669,-0.7947518,0.45445037,-0.85272664,-0.25755024
1356445805903,-0.5813099,-0.5456439,0.6036154,-0.6715478,-0.09716272,-0.7345631,0.45945883,-0.8323654,-0.30994427
1356445805946,-0.47441274,-0.53792197,0.69683033,-0.75256234,-0.16284847,-0.63806766,0.45670837,-0.8271157,-0.3275624
1356445805983,-0.33849573,-0.4935307,0.8011542,-0.82502204,-0.25377566,-0.50491226,0.45250314,-0.83188057,-0.32127172
1356445806022,-0.19001204,-0.4146867,0.8899047,-0.872934,-0.34346265,-0.34643865,0.4493125,-0.84265554,-0.29673207
1356445806062,-0.05973226,-0.3229944,0.944514,-0.8922923,-0.40689635,-0.1955756,0.44748908,-0.85446477,-0.26390058
1356445806101,0.03705424,-0.23293638,0.9717858,-0.8940184,-0.44222152,-0.071911186,0.44649526,-0.86612976,-0.22463566
1356445806140,0.09384531,-0.15524024,0.98340917,-0.8901997,-0.45538318,0.013064057,0.44579992,-0.87665653,-0.1809304
1356445806181,0.11553967,-0.091713876,0.9890597,-0.88751507,-0.45667893,0.06133035,0.4460579,-0.8848915,-0.13416201
1356445806246,0.1085217,-0.041118443,0.99324334,-0.887508,-0.45411354,0.078169614,0.44783103,-0.8899945,-0.08577412
1356445806261,0.07506943,-0.0058784783,0.99716103,-0.8907132,-0.44998032,0.064403,0.4483242,-0.8930192,-0.03901583
1356445806305,0.021665394,0.01449126,0.99966025,-0.8966075,-0.44207162,0.025840312,0.44229582,-0.89686275,0.0034153163
1356445806342,-0.052388847,0.015531361,0.99850595,-0.9021503,-0.4295023,-0.040652573,0.4282292,-0.90293217,0.036512733
1356445806383,-0.13764971,7.840991E-4,0.99048066,-0.9019612,-0.41332287,-0.12502068,0.4092903,-0.91058415,0.057601005
1356445806422,-0.22265244,-0.022540867,0.97463727,-0.8926066,-0.3972925,-0.21310115,0.39201954,-0.91741514,0.06833804
1356445806463,-0.29358083,-0.046139866,0.95482016,-0.87764204,-0.38288033,-0.28835267,0.37888637,-0.92264503,0.07191199
1356445806502,-0.34120405,-0.06356543,0.9378376,-0.863793,-0.3722934,-0.3394987,0.37073112,-0.9259358,0.07212058
1356445806561,-0.36725974,-0.07884994,0.92677015,-0.8538778,-0.36649853,-0.36955586,0.3687994,-0.92707145,0.06727201
1356445806579,-0.37519115,-0.10289168,0.9212192,-0.8472161,-0.36517626,-0.38583827,0.37610695,-0.9252349,0.049839377
1356445806630,-0.3729782,-0.15421525,0.91493434,-0.8384843,-0.36619925,-0.40353706,0.3972798,-0.9176687,0.0072772205
1356445806656,-0.35814404,-0.23662591,0.9031838,-0.8282616,-0.36597514,-0.42431688,0.43094727,-0.9000391,-0.06491637
1356445806695,-0.3232968,-0.330212,0.88681406,-0.8235496,-0.3634042,-0.43554947,0.46609563,-0.87114716,-0.15445858
1356445806738,-0.26232868,-0.3973071,0.87939227,-0.83261997,-0.36745566,-0.41439164,0.4877784,-0.8409064,-0.23441172
1356445806782,-0.17913795,-0.41440272,0.89228916,-0.8520169,-0.38813293,-0.35131192,0.49191138,-0.82317877,-0.28354883
1356445806824,-0.08871508,-0.3843937,0.9188967,-0.87117577,-0.4173016,-0.25867382,0.48288965,-0.8234688,-0.29785353
1356445806861,-0.004195094,-0.3293422,0.9442013,-0.88291174,-0.44210947,-0.15813279,0.46952015,-0.8343098,-0.28892538
1356445806906,0.063520014,-0.2613652,0.96314776,-0.8883796,-0.4545207,-0.06475225,0.45469454,-0.8515276,-0.26106268
1356445806941,0.10699427,-0.20019203,0.973897,-0.890644,-0.4546801,0.004384905,0.44193375,-0.8678647,-0.226948
1356445806988,0.1288805,-0.14309856,0.98128116,-0.89227974,-0.44850308,0.05178675,0.43269697,-0.8822516,-0.18548733
1356445807031,0.12454343,-0.09478974,0.98767596,-0.8942485,-0.44200867,0.070341766,0.42989367,-0.89198834,-0.13981482
1356445807072,0.0943113,-0.061405957,0.9936472,-0.8959954,-0.44028115,0.057834,0.4339328,-0.8957577,-0.096542895
1356445807110,0.050414205,-0.03857702,0.9979831,-0.8944893,-0.4462158,0.02793765,0.44423804,-0.89409363,-0.057002395
1356445807156,-0.0054035187,-0.027079672,0.99961865,-0.8907361,-0.45419824,-0.017119229,0.45448864,-0.8904889,-0.021666527
1356445807192,-0.07014477,-0.026374519,0.9971881,-0.88734967,-0.45504642,-0.07445389,0.45573056,-0.89007705,0.008515716
1356445807267,-0.13861775,-0.03409937,0.98975873,-0.884701,-0.4448806,-0.13923132,0.44507217,-0.8949405,0.031500578
1356445807271,-0.20373803,-0.04556775,0.9779644,-0.88201594,-0.42498797,-0.20355129,0.42489848,-0.9040513,0.046394706
1356445807309,-0.26095515,-0.057294577,0.96364915,-0.87716997,-0.4027403,-0.26148203,0.40308192,-0.91351926,0.054840207
1356445807352,-0.3047802,-0.0654605,0.95017046,-0.87182647,-0.38246912,-0.30599988,0.38344175,-0.9216465,0.059498787
1356445807392,-0.33246797,-0.06959054,0.9405436,-0.86836207,-0.36652833,-0.33407226,0.36798412,-0.9278008,0.061429113
1356445807432,-0.3442011,-0.074946076,0.9359,-0.86766636,-0.3554566,-0.34757116,0.3587209,-0.9316833,0.057320327
1356445807484,-0.3421511,-0.09478855,0.93485177,-0.86796135,-0.34925133,-0.3530816,0.3599663,-0.9322225,0.037223935
1356445807507,-0.32623905,-0.14007193,0.93485177,-0.86782223,-0.34770447,-0.35494518,0.37477005,-0.9270822,-0.008122683
1356445807550,-0.29799223,-0.22054306,0.9287418,-0.86447597,-0.3502664,-0.36054796,0.40482342,-0.91031545,-0.086277425
1356445807593,-0.2483142,-0.30777526,0.9184848,-0.86378646,-0.35879123,-0.35375383,0.438421,-0.8812169,-0.17675906
1356445807635,-0.18245411,-0.37385252,0.90936506,-0.866369,-0.37617433,-0.32847786,0.46488202,-0.84777784,-0.25525975
1356445807671,-0.10484964,-0.39784825,0.91144025,-0.8711113,-0.40539336,-0.2771666,0.4797621,-0.82302666,-0.3040647
1356445807713,-0.030211866,-0.38266048,0.9233949,-0.87367964,-0.43866605,-0.2103711,0.48556268,-0.813107,-0.32106975
1356445807753,0.034409106,-0.34331673,0.9385892,-0.8728686,-0.4677146,-0.13908067,0.4867406,-0.81447935,-0.31576407
1356445807790,0.08187455,-0.29279485,0.9526635,-0.8702332,-0.48691905,-0.07486105,0.48578888,-0.82291013,-0.2946661
1356445807830,0.10807133,-0.24148422,0.96436816,-0.86842257,-0.4951076,-0.026659012,0.4839037,-0.834598,-0.26321727
1356445807870,0.111546814,-0.19637543,0.97416323,-0.86940736,-0.49409598,-4.9978495E-5,0.48134,-0.8469391,-0.2258451
1356445807910,0.09360027,-0.15932831,0.98277843,-0.87307596,-0.4875669,0.0041077137,0.4785157,-0.8584248,-0.18474215
1356445807951,0.055333972,-0.13127902,0.9898,-0.87725556,-0.47980183,-0.014594734,0.4768238,-0.8674999,-0.14171463
1356445807993,-1.8632412E-4,-0.11020729,0.99390864,-0.8788378,-0.4741963,-0.052744925,0.47712067,-0.87349427,-0.096765995
1356445808031,-0.07339007,-0.100310475,0.9922458,-0.87633264,-0.46846324,-0.11217567,0.476083,-0.87776995,-0.05352485
1356445808075,-0.15356976,-0.09495211,0.9835651,-0.87047,-0.45807618,-0.18013364,0.4676518,-0.88382703,-0.012306303
1356445808112,-0.24202693,-0.09909618,0.9651958,-0.859194,-0.44028074,-0.26064995,0.4507866,-0.89237475,0.021416992
1356445808152,-0.3287844,-0.10860127,0.93814,-0.84213376,-0.4158941,-0.34328255,0.42744774,-0.9029052,0.04528269
1356445808192,-0.41020298,-0.12266871,0.90370667,-0.8172827,-0.39027596,-0.42395,0.4047005,-0.9124894,0.05983746
1356445808260,-0.47840595,-0.13646582,0.86747044,-0.7888777,-0.36715108,-0.49282065,0.38574582,-0.9200964,0.06799239
1356445808268,-0.5287865,-0.14755037,0.8358312,-0.7628046,-0.3492012,-0.54423124,0.3721748,-0.925358,0.0721007
1356445808310,-0.5590686,-0.15801153,0.81392545,-0.74449384,-0.3363989,-0.5766843,0.3649264,-0.9283685,0.07043147
1356445808352,-0.57139313,-0.17851263,0.80102634,-0.73413676,-0.3250817,-0.59612507,0.36681485,-0.92868465,0.0546968
1356445808392,-0.5692265,-0.22434932,0.7909796,-0.72836065,-0.30869228,-0.61171883,0.38140798,-0.9243249,0.012308538
1356445808438,-0.5551364,-0.30317676,0.77453685,-0.7244152,-0.28134453,-0.62933916,0.40871274,-0.9104554,-0.06344122
1356445808473,-0.5257538,-0.39659494,0.752526,-0.7280063,-0.24780178,-0.6392191,0.43998832,-0.8839156,-0.15844089
1356445808515,-0.47813696,-0.47182888,0.74078506,-0.74588865,-0.2271815,-0.6261299,0.46371883,-0.851919,-0.24330795
1356445808557,-0.41055632,-0.5058428,0.75866103,-0.7781508,-0.23934203,-0.58068645,0.47531557,-0.82875717,-0.2953586
1356445808591,-0.32232594,-0.49268943,0.80830884,-0.81780475,-0.2851199,-0.49990198,0.47676134,-0.82217014,-0.31102228
1356445808630,-0.21901459,-0.4414562,0.87014306,-0.85395086,-0.3446921,-0.38981432,0.4720174,-0.8284345,-0.3014893
1356445808670,-0.11491829,-0.36460957,0.924042,-0.87872744,-0.39651108,-0.26573858,0.46328378,-0.8425193,-0.27482602
1356445808710,-0.02638799,-0.28040275,0.9595196,-0.891034,-0.4285298,-0.14973488,0.45316884,-0.8589159,-0.23854038
1356445808750,0.035329998,-0.20382524,0.9783696,-0.89516056,-0.44172788,-0.05970058,0.44434154,-0.8736886,-0.1980626
1356445808790,0.066939235,-0.14190522,0.98761433,-0.8958819,-0.4442814,-0.0031148195,0.43922073,-0.8845773,-0.1568701
1356445808830,0.069188654,-0.09584504,0.9929887,-0.8958433,-0.44393885,0.019570082,0.43895054,-0.89091635,-0.116577685
1356445808870,0.045417786,-0.063011825,0.99697876,-0.8959727,-0.44392574,0.0127590895,0.44178057,-0.8938453,-0.076619
1356445808911,-9.172559E-4,-0.040255547,0.999189,-0.89690155,-0.44183803,-0.018624187,0.4422294,-0.89619124,-0.035700023
1356445808952,-0.06841642,-0.027397394,0.9972806,-0.89830804,-0.43317026,-0.07352668,0.43400672,-0.9008956,0.0050246716
1356445808991,-0.15452194,-0.025935054,0.9876489,-0.89598876,-0.41756308,-0.1511463,0.41632575,-0.90827775,0.041285157
1356445809031,-0.25008094,-0.033454448,0.9676468,-0.88480353,-0.39793342,-0.24242854,0.39316934,-0.9168041,0.069915
1356445809071,-0.34392512,-0.046383828,0.93785083,-0.8624855,-0.3792923,-0.33504632,0.37126032,-0.92411363,0.09044275
1356445809110,-0.41778797,-0.05592546,0.9068217,-0.8372805,-0.36379427,-0.4081851,0.35272446,-0.92979896,0.105163574
1356445809153,-0.46246475,-0.058774024,0.88468754,-0.81951725,-0.35249728,-0.45181546,0.33840492,-0.9339653,0.11485124
1356445809198,-0.47890103,-0.06103298,0.87574464,-0.8133724,-0.34446013,-0.4687991,0.3302713,-0.9368149,0.11531973
1356445809268,-0.47733527,-0.07651171,0.8753841,-0.81383526,-0.33720905,-0.47324678,0.33139625,-0.93831563,0.09869373
1356445809272,-0.4854766,-0.13313627,0.8640528,-0.80235505,-0.32464218,-0.50083315,0.34718704,-0.93641984,0.050783634
1356445809309,-0.5026116,-0.2341493,0.83219934,-0.7781303,-0.29691052,-0.5534956,0.3766893,-0.9257528,-0.032967985
1356445809351,-0.50154376,-0.339576,0.7957023,-0.76371586,-0.25831068,-0.59161955,0.40643817,-0.9044135,-0.12978554
1356445809392,-0.47087288,-0.4145943,0.7787107,-0.7734803,-0.23049015,-0.59042567,0.42427233,-0.88033277,-0.21214896
1356445809431,-0.39959282,-0.43952864,0.80445015,-0.8111797,-0.2392115,-0.53363395,0.4269812,-0.86579,-0.2609495
1356445809473,-0.29270267,-0.41670433,0.8606292,-0.8594054,-0.2799585,-0.42783836,0.41922256,-0.86485887,-0.27617335
1356445809510,-0.16624069,-0.35736632,0.9190502,-0.8985418,-0.32901615,-0.2904668,0.40618542,-0.87409246,-0.26641268
1356445809551,-0.045998514,-0.28109068,0.9585782,-0.918999,-0.3642363,-0.15090677,0.39156744,-0.8878739,-0.24156773
1356445809590,0.049504876,-0.20384246,0.97775126,-0.9249167,-0.37880832,-0.032144547,0.37693277,-0.90274715,-0.20729008
1356445809631,0.11163592,-0.13663548,0.984311,-0.924864,-0.3766414,0.052610874,0.36354372,-0.91622704,-0.16841593
1356445809677,0.14250499,-0.08143395,0.9864385,-0.92464024,-0.36655992,0.103316575,0.3531753,-0.92682385,-0.1275338
1356445809713,0.1405707,-0.041868597,0.989185,-0.9270003,-0.35646057,0.11664614,0.34772158,-0.9333718,-0.088920146
1356445809750,0.11633402,-0.012993187,0.9931252,-0.9302733,-0.3517081,0.10437012,0.34793404,-0.93601954,-0.053002834
1356445809792,0.06725657,0.004214555,0.99772686,-0.9345715,-0.34988403,0.064477265,0.3493604,-0.9367836,-0.019593239
1356445809830,-0.0048324466,0.010154098,0.9999367,-0.9386947,-0.34474778,-0.0010356605,0.34471548,-0.93864036,0.011197627
1356445809878,-0.09438324,0.0073904693,0.9955085,-0.93983483,-0.3304571,-0.08665159,0.32833248,-0.9437921,0.03813544
1356445809923,-0.19713926,-0.0029895008,0.980371,-0.932264,-0.30884713,-0.18840739,0.30334798,-0.951107,0.058098853
1356445809962,-0.29590124,-0.01580599,0.9550878,-0.91301537,-0.28923815,-0.28765324,0.28079447,-0.95712674,0.0711548
1356445810004,-0.36623764,-0.022429496,0.930251,-0.89275265,-0.27345914,-0.35806808,0.262417,-0.961622,0.08012706
1356445810041,-0.40122592,-0.02169919,0.9157221,-0.88162637,-0.26207095,-0.3924969,0.248501,-0.96480465,0.08601898
1356445810083,-0.406937,-0.020970613,0.9132154,-0.8812709,-0.25402898,-0.3985357,0.24034074,-0.96696913,0.08489305
1356445810129,-0.4020424,-0.039619774,0.91476345,-0.88268054,-0.24879587,-0.39871755,0.24338648,-0.9677453,0.06505489
1356445810164,-0.39883155,-0.093423456,0.91225296,-0.8785937,-0.24604088,-0.40931284,0.26269096,-0.9647466,0.016047597
1356445810195,-0.39662558,-0.1777845,0.9006003,-0.86932474,-0.24241775,-0.43070665,0.2948945,-0.95374334,-0.058403373
1356445810240,-0.39924628,-0.28708518,0.8707379,-0.85356176,-0.2303307,-0.4673115,0.33471593,-0.929801,-0.15308625
1356445810279,-0.35317856,-0.3654009,0.86124736,-0.8616748,-0.2315079,-0.45157564,0.36439174,-0.901602,-0.23309308
1356445810323,-0.26019347,-0.39168325,0.8825438,-0.88845444,-0.2607864,-0.37767613,0.37808487,-0.8823688,-0.28013778
1356445810358,-0.13156724,-0.36672577,0.9209789,-0.91565835,-0.3110057,-0.2546469,0.3798153,-0.8768053,-0.2948774
1356445810402,0.0020808578,-0.30702105,0.9517004,-0.92704403,-0.3574307,-0.11328122,0.37494665,-0.8820325,-0.2853658
1356445810440,0.11275554,-0.23527169,0.96536696,-0.92313147,-0.38422275,0.014182627,0.36757922,-0.8927598,-0.26050994
1356445810482,0.18728483,-0.16817439,0.9678026,-0.9138583,-0.3911646,0.10887337,0.3602603,-0.90482473,-0.2269468
1356445810524,0.22675249,-0.11056277,0.96765655,-0.90705395,-0.38583985,0.168466,0.35473436,-0.9159168,-0.18777657
1356445810561,0.23108947,-0.06784946,0.97056377,-0.9070253,-0.375934,0.18968055,0.3519982,-0.92415905,-0.14841554
1356445810602,0.21410567,-0.03219512,0.9762798,-0.91067266,-0.36808902,0.18757889,0.35331875,-0.92923295,-0.10812917
1356445810641,0.17197597,-0.0063413978,0.9850807,-0.9183703,-0.36281377,0.15799403,0.35639894,-0.93184006,-0.068219006
1356445810682,0.11506897,0.014986396,0.9932444,-0.9274443,-0.3565355,0.11282548,0.35581776,-0.93416154,-0.027127117
1356445810741,0.037871182,0.024950951,0.9989711,-0.93727744,-0.3457749,0.04416868,0.3465211,-0.9379858,0.01029101
1356445810762,-0.047962308,0.026519924,0.998497,-0.9436971,-0.3287803,-0.03659764,0.32731557,-0.944034,0.040795833
1356445810802,-0.13740408,0.020688385,0.9902989,-0.94286764,-0.309085,-0.124365896,0.3035137,-0.95080924,0.061976075
1356445810841,-0.22041887,0.011814177,0.9753337,-0.93404216,-0.29065657,-0.20756662,0.28103495,-0.95675445,0.0751012
1356445810882,-0.28714073,0.004364103,0.9578785,-0.9211081,-0.27570033,-0.27486208,0.26288787,-0.96123374,0.0831846
1356445810923,-0.33245677,-7.9986453E-4,0.9431181,-0.90940607,-0.26470625,-0.3207975,0.24990591,-0.9643287,0.08727607
1356445810962,-0.357647,-0.009010762,0.93381333,-0.901476,-0.25770503,-0.34774858,0.2437819,-0.9661816,0.08404446
1356445811002,-0.36979568,-0.032829046,0.928533,-0.8952091,-0.25491863,-0.36553705,0.24870056,-0.96640515,0.06487888
1356445811045,-0.3784039,-0.09071168,0.921185,-0.8850776,-0.25591666,-0.3887726,0.2710128,-0.96243334,0.016552985
1356445811082,-0.37869233,-0.18278882,0.90729296,-0.8722718,-0.25723517,-0.41589913,0.3094093,-0.9489038,-0.062028587
1356445811124,-0.3649878,-0.29388744,0.8834105,-0.8604477,-0.2558859,-0.44062704,0.355547,-0.920952,-0.1594795
1356445811163,-0.31941438,-0.37701482,0.86938727,-0.8630567,-0.26309144,-0.43117967,0.3912895,-0.88805556,-0.24134994
1356445811201,-0.25244582,-0.4131838,0.8749573,-0.87629604,-0.28584033,-0.3878153,0.4103371,-0.86462396,-0.28991216
1356445811261,-0.16869718,-0.40116626,0.9003371,-0.89407986,-0.32223505,-0.31110412,0.41492462,-0.8574557,-0.3043145
1356445811280,-0.081347466,-0.35528636,0.9312112,-0.90837216,-0.35807455,-0.21596906,0.41017383,-0.8634548,-0.29360378
1356445811320,-0.0036603212,-0.29237664,0.9562962,-0.9162915,-0.3820166,-0.120304406,0.40049526,-0.87668645,-0.26650387
1356445811360,0.05540657,-0.22601566,0.9725467,-0.91932976,-0.39158714,-0.03862837,0.3895674,-0.89195085,-0.22947943
1356445811400,0.09168583,-0.1660926,0.9818386,-0.9202008,-0.3909456,0.019795716,0.38055757,-0.90530366,-0.18868268
1356445811441,0.10624933,-0.116333455,0.9875108,-0.9205055,-0.38705736,0.053442836,0.37600613,-0.91468745,-0.14821023
1356445811481,0.10129261,-0.07736206,0.9918442,-0.92017543,-0.38626546,0.063845396,0.37817594,-0.9191377,-0.11031252
1356445811521,0.078682244,-0.04921326,0.9956842,-0.9192363,-0.39007306,0.053361118,0.3857636,-0.91946775,-0.07593039
1356445811562,0.045265853,-0.027117759,0.9986068,-0.9179692,-0.39544845,0.030871987,0.39406034,-0.9180878,-0.042793572
1356445811601,0.0011700392,-0.012095481,0.99992615,-0.9188323,-0.39463103,-0.003698498,0.39464658,-0.91876006,-0.01157549
1356445811654,-0.046741605,-0.0016600788,0.9989056,-0.92264795,-0.38314658,-0.04381004,0.38280004,-0.923686,0.01637727
1356445811682,-0.097589314,0.0020332336,0.9952247,-0.92644656,-0.3654846,-0.09009844,0.36355618,-0.93081516,0.037551105
1356445811757,-0.14587551,0.001972556,0.98930097,-0.92853016,-0.34536093,-0.13622606,0.34139717,-0.93846786,0.052211285
1356445811765,-0.18750131,0.0013391674,0.98226345,-0.92707074,-0.33073026,-0.17651477,0.32462785,-0.9437244,0.06325382
1356445811816,-0.2143392,0.004228413,0.97675,-0.92492646,-0.3223037,-0.20157173,0.3139579,-0.9466268,0.0729934
1356445811850,-0.22241801,0.008710325,0.97491246,-0.92479336,-0.3184896,-0.20813826,0.30868655,-0.94788635,0.078893095
1356445811893,-0.22132194,5.3715706E-4,0.9752006,-0.923648,-0.3209468,-0.20944533,0.3128751,-0.94709694,0.07152879
1356445811934,-0.21733439,-0.045800865,0.975022,-0.9168322,-0.33318478,-0.2200149,0.33493942,-0.9417484,0.03042084
1356445811973,-0.20179456,-0.12685248,0.9711784,-0.9066864,-0.35080332,-0.23421511,0.37040332,-0.9278176,-0.044225246
1356445812011,-0.18052834,-0.2385768,0.9541964,-0.89349365,-0.36579663,-0.2605035,0.41119188,-0.8995966,-0.14713025
1356445812052,-0.13734168,-0.3301484,0.9338839,-0.8874183,-0.3778249,-0.2640776,0.44002938,-0.8650146,-0.24108869
1356445812092,-0.07226139,-0.36678708,0.9274942,-0.8895829,-0.39681417,-0.22623193,0.45102185,-0.8414308,-0.29761314
1356445812133,0.005204022,-0.34966674,0.93685967,-0.89352024,-0.42228043,-0.15264568,0.44899267,-0.8363087,-0.31463185
1356445812171,0.08173567,-0.29887167,0.9507866,-0.89427125,-0.44315052,-0.06242332,0.43999806,-0.8451588,-0.3034936
1356445812212,0.14513212,-0.23602307,0.96084845,-0.8916384,-0.4521318,0.023616433,0.42885613,-0.8601569,-0.27606606
1356445812252,0.18740869,-0.176301,0.9663312,-0.8880811,-0.45079273,0.08998871,0.41974992,-0.8750451,-0.24105209
1356445812290,0.20520025,-0.12644187,0.970518,-0.8859825,-0.44532502,0.12930831,0.41584596,-0.88639605,-0.20340604
1356445812332,0.19641048,-0.08960381,0.976419,-0.88683605,-0.44102162,0.13791892,0.41826382,-0.8930123,-0.16608512
1356445812374,0.16281343,-0.06269956,0.98466265,-0.88918424,-0.44183266,0.118891925,0.4276017,-0.89490366,-0.12768778
1356445812410,0.096577525,-0.050662756,0.99403524,-0.8931753,-0.44511825,0.06409204,0.4392161,-0.89403754,-0.08823916
1356445812450,0.0073215365,-0.046314925,0.9989,-0.8945476,-0.44674832,-0.014157206,0.4469126,-0.89346004,-0.044701785
1356445812491,-0.112149775,-0.05468014,0.9921857,-0.88969576,-0.43917447,-0.12476829,0.44256496,-0.89673626,6.046295E-4
1356445812531,-0.25382632,-0.07377991,0.9644319,-0.86947274,-0.41944814,-0.26092237,0.42377988,-0.90477616,0.0423173
1356445812570,-0.40435618,-0.10181317,0.90891695,-0.8238878,-0.39095384,-0.4103217,0.3971208,-0.9147618,0.07420197
1356445812612,-0.5433237,-0.13415113,0.8287357,-0.7527462,-0.3592344,-0.5516555,0.37171555,-0.9235552,0.09419882
1356445812653,-0.65284896,-0.16421318,0.7394743,-0.6704086,-0.3291824,-0.66497463,0.35261953,-0.92987794,0.10481644
1356445812689,-0.72620046,-0.18669622,0.66164744,-0.5971286,-0.30564785,-0.74163115,0.34069085,-0.9336616,0.11047995
1356445812732,-0.76917297,-0.20491283,0.6052965,-0.54329026,-0.28902817,-0.7882249,0.3364651,-0.9351329,0.11098546
1356445812779,-0.790729,-0.23066051,0.5670478,-0.5068433,-0.27278727,-0.81773883,0.34330356,-0.93401426,0.098792195
1356445812812,-0.79485816,-0.2698391,0.54349554,-0.48711187,-0.25034338,-0.83669007,0.3618322,-0.929793,0.06754565
1356445812853,-0.79675645,-0.3465088,0.49508673,-0.4543944,-0.19656372,-0.86884314,0.3983779,-0.917221,-8.382201E-4
1356445812892,-0.7828223,-0.43259385,0.44727147,-0.4396917,-0.12405503,-0.88954014,0.44029582,-0.8930134,-0.093094885
1356445812934,-0.7574751,-0.5065016,0.41193157,-0.4502545,-0.05161333,-0.89140725,0.47276038,-0.86069286,-0.18895882
1356445812972,-0.719493,-0.5501072,0.4239245,-0.49500722,-0.021944046,-0.8686117,0.48713213,-0.8348057,-0.25651842
1356445813012,-0.67407197,-0.562582,0.47867355,-0.55659187,-0.03919357,-0.82986104,0.48562583,-0.82581186,-0.2867093
1356445813050,-0.6158967,-0.5467895,0.5671794,-0.62817335,-0.09365362,-0.7724165,0.47546762,-0.83201575,-0.28579766
1356445813090,-0.5459396,-0.50548357,0.6681589,-0.6992106,-0.16447186,-0.69573957,0.46157825,-0.84701556,-0.26364774
1356445813130,-0.47204196,-0.44416666,0.7615066,-0.7600694,-0.23256636,-0.6068009,0.4466216,-0.8652334,-0.22781634
1356445813170,-0.40766585,-0.37410682,0.8329782,-0.8041937,-0.28500426,-0.5215795,0.4325288,-0.8825059,-0.18466783
1356445813210,-0.36289978,-0.3053676,0.88037175,-0.8313613,-0.32062924,-0.4539112,0.42088264,-0.89663124,-0.13751459
1356445813270,-0.3452971,-0.24755666,0.9052545,-0.8423798,-0.3434686,-0.4152415,0.41372228,-0.90594983,-0.089938104
1356445813294,-0.35529804,-0.20533586,0.9119213,-0.83849967,-0.36116725,-0.40801534,0.4131363,-0.9096128,-0.04385203
1356445813330,-0.39483798,-0.18356001,0.900227,-0.8187772,-0.37419116,-0.43541336,0.41678149,-0.90900314,-0.0025498867
1356445813372,-0.45185113,-0.17751667,0.87425303,-0.7872983,-0.38150227,-0.4843731,0.41951382,-0.90716255,0.03262365
1356445813413,-0.5220996,-0.18511936,0.83255196,-0.7448032,-0.37664986,-0.5508204,0.4155481,-0.90767044,0.058771253
1356445813451,-0.58959,-0.19710296,0.78328395,-0.6997603,-0.35967392,-0.6172277,0.4033843,-0.9120225,0.07413542
1356445813492,-0.6480932,-0.21044639,0.7319068,-0.65551853,-0.33504283,-0.6767879,0.38764772,-0.9184001,0.07918751
1356445813531,-0.6920216,-0.22199853,0.6868936,-0.61787575,-0.30987686,-0.7226382,0.37327704,-0.9244961,0.077273905
1356445813574,-0.71870255,-0.22936861,0.65639675,-0.5932181,-0.29017794,-0.7509255,0.3627106,-0.9290785,0.07248604
1356445813612,-0.72729284,-0.2318943,0.64596444,-0.5864609,-0.27893627,-0.76043284,0.35652298,-0.93189025,0.066871464
1356445813653,-0.7211217,-0.2355202,0.651547,-0.59416085,-0.2734275,-0.75644577,0.35630912,-0.93261325,0.057237685
1356445813696,-0.7033845,-0.25077772,0.6651021,-0.60975504,-0.26800525,-0.7459035,0.36530685,-0.9302063,0.0355978
1356445813737,-0.6870721,-0.30003214,0.6617497,-0.6130773,-0.24941349,-0.7496193,0.38995922,-0.92074627,-0.012577832
1356445813783,-0.6729999,-0.39041865,0.6282072,-0.601176,-0.20604718,-0.7720958,0.4308809,-0.89728355,-0.09604055
1356445813822,-0.6380874,-0.4720227,0.6083083,-0.6120195,-0.16845393,-0.77269363,0.46720085,-0.8653426,-0.18139875
1356445813860,-0.5886377,-0.52246153,0.61687887,-0.6445341,-0.15727013,-0.74822575,0.48793578,-0.8380334,-0.24416918
1356445813901,-0.52049774,-0.53219,0.6677244,-0.69739,-0.18625045,-0.69206786,0.49267554,-0.8258841,-0.2742011
1356445813941,-0.43230414,-0.50234276,0.74884224,-0.759157,-0.24539661,-0.60287726,0.48661447,-0.8291153,-0.27527106
1356445813981,-0.3337462,-0.44424304,0.83142143,-0.81374776,-0.30944556,-0.4919939,0.47584456,-0.84076846,-0.2582255
1356445814021,-0.24091452,-0.3717047,0.8965466,-0.8524561,-0.3605718,-0.37855852,0.46398142,-0.85546684,-0.2299949
1356445814061,-0.17352813,-0.3040211,0.9367279,-0.8737663,-0.39127374,-0.28885502,0.4543351,-0.8686058,-0.19774637
1356445814102,-0.13722289,-0.24900466,0.9587318,-0.8827258,-0.408387,-0.23241174,0.44940522,-0.87818944,-0.16376275
1356445814164,-0.14192718,-0.21627077,0.9659625,-0.88157785,-0.41619712,-0.22271168,0.45019683,-0.88318,-0.1315898
1356445814181,-0.18339992,-0.20592654,0.9612277,-0.86975193,-0.4217177,-0.2562923,0.45814413,-0.88303363,-0.101762
1356445814219,-0.27004665,-0.2238836,0.93645656,-0.83937883,-0.4217518,-0.3428827,0.47171807,-0.8786362,-0.07403049
1356445814259,-0.4001398,-0.27048463,0.87562907,-0.77727836,-0.40601414,-0.48061514,0.4855168,-0.87292075,-0.04777938
1356445814310,-0.54825383,-0.32884127,0.7689481,-0.67653245,-0.36613852,-0.6389417,0.4916519,-0.87052053,-0.021734953
1356445814335,-0.6934765,-0.38974488,0.6059615,-0.528842,-0.29583168,-0.7954934,0.4893021,-0.8721139,-9.611249E-4
1356445814375,-0.78206605,-0.41758838,0.46259335,-0.40041253,-0.23209262,-0.8864552,0.4775379,-0.87849474,0.014304221
1356445814421,-0.8320594,-0.42343208,0.35830486,-0.3073834,-0.18572003,-0.9332864,0.4617278,-0.8866867,0.024374187
1356445814473,-0.85760224,-0.41606373,0.30233985,-0.2574063,-0.16170597,-0.95267683,0.44526446,-0.89484197,0.031581998
1356445814512,-0.8645026,-0.4027643,0.3006926,-0.25589547,-0.16222048,-0.9529963,0.43261138,-0.90081376,0.037174523
1356445814554,-0.8570544,-0.3881873,0.3387746,-0.29132438,-0.17720866,-0.94006765,0.4249561,-0.90438247,0.038789093
1356445814594,-0.8305373,-0.37773108,0.40930057,-0.3593883,-0.19796085,-0.91194934,0.4254971,-0.9045058,0.028661728
1356445814639,-0.7877524,-0.3867671,0.47943443,-0.4322248,-0.20749193,-0.8775698,0.4388939,-0.8985312,-0.0037180781
1356445814672,-0.7400945,-0.42928743,0.5176606,-0.48432195,-0.19380903,-0.85315317,0.46657524,-0.8821283,-0.06447631
1356445814712,-0.6878137,-0.49326998,0.53253835,-0.5261021,-0.16671282,-0.83392054,0.5001289,-0.8537515,-0.1448431
1356445814751,-0.6129521,-0.542684,0.57426816,-0.59088236,-0.16767704,-0.78914034,0.5245454,-0.8230301,-0.21788442
1356445814792,-0.5057111,-0.5545246,0.6608773,-0.6777536,-0.21859664,-0.7020438,0.5337661,-0.80294335,-0.26528436
1356445814831,-0.35154706,-0.51342577,0.78282094,-0.7702914,-0.3165843,-0.5535572,0.5320393,-0.79760164,-0.28419316
1356445814871,-0.16882807,-0.41903985,0.89213383,-0.83498204,-0.4201489,-0.35535878,0.5237385,-0.80491024,-0.27895784
1356445814911,0.0018618107,-0.29925382,0.9541717,-0.85841835,-0.4899193,-0.15197685,0.5129468,-0.81879556,-0.25779712
1356445814952,0.12861526,-0.18780842,0.97374845,-0.8550247,-0.51842576,0.012944311,0.50238526,-0.8342438,-0.22725827
1356445814990,0.20735621,-0.09981778,0.9731597,-0.8444334,-0.5204997,0.12653974,0.4938984,-0.8480073,-0.19221832
1356445815031,0.24699324,-0.035665214,0.96836066,-0.83655846,-0.5121868,0.19451123,0.4890443,-0.85813326,-0.15634274
1356445815070,0.25665414,0.008530229,0.9664657,-0.8333225,-0.50458926,0.22575039,0.4895939,-0.86331743,-0.122396514
1356445815111,0.24230343,0.036115527,0.9695281,-0.83362013,-0.503494,0.22709292,0.49635324,-0.8632435,-0.09189169
1356445815152,0.20755416,0.049348652,0.97697794,-0.83669055,-0.50849086,0.20343545,0.50682366,-0.85965216,-0.06424987
1356445815191,0.15055406,0.045119435,0.9875716,-0.8447412,-0.5130704,0.15222055,0.51356184,-0.8571599,-0.039130628
1356445815270,0.078713,0.028235525,0.9964974,-0.8561624,-0.51014555,0.08208284,0.51067626,-0.8596245,-0.01598093
1356445815273,-0.005108893,9.4392896E-4,0.9999865,-0.8670008,-0.49829108,-0.0039590895,0.49828064,-0.8670093,0.0033640862
1356445815295,-0.09159863,-0.031007051,0.99531317,-0.86981404,-0.48412162,-0.09513077,0.48480228,-0.87445116,0.017374456
1356445815336,-0.1656385,-0.05728787,0.9845212,-0.8674126,-0.46651697,-0.17308176,0.46921128,-0.88265514,0.027580917
1356445815383,-0.22066754,-0.0737229,0.97255886,-0.8629143,-0.45002592,-0.22990325,0.45462584,-0.8899672,0.035689622
1356445815424,-0.25300413,-0.08028358,0.96412826,-0.860124,-0.43756706,-0.26214814,0.442917,-0.8955945,0.04165256
1356445815462,-0.26526552,-0.08452329,0.9604634,-0.85979486,-0.43006694,-0.27530938,0.43633366,-0.89883155,0.041409314
1356445815510,-0.2679066,-0.10614613,0.95757973,-0.85707545,-0.42771262,-0.28719938,0.4400541,-0.89766073,0.023611903
1356445815540,-0.26205242,-0.15792748,0.9520438,-0.8498955,-0.429574,-0.30519468,0.4571719,-0.8891148,-0.02165091
1356445815580,-0.24727482,-0.23997381,0.9387587,-0.83916104,-0.43133312,-0.33130142,0.4844213,-0.8696921,-0.09471884
1356445815623,-0.21679604,-0.33221942,0.9179486,-0.83094853,-0.43072647,-0.3521352,0.51237094,-0.83910966,-0.18267745
1356445815666,-0.16059041,-0.39715394,0.90359247,-0.83210254,-0.43790668,-0.34035707,0.5308634,-0.8065398,-0.26014915
1356445815711,-0.073186755,-0.4016985,0.9128428,-0.84019053,-0.46830553,-0.2734408,0.5373301,-0.7869741,-0.3032295
1356445815751,0.029820979,-0.35644573,0.93384004,-0.8426804,-0.51143295,-0.16830349,0.53758764,-0.7819097,-0.3156213
1356445815791,0.12277079,-0.28390625,0.9509598,-0.8362658,-0.5455676,-0.054914057,0.5344033,-0.7885133,-0.30440077
1356445815832,0.19311202,-0.20585406,0.9593393,-0.82615507,-0.5615784,0.045799524,0.52931625,-0.80140746,-0.2785149
1356445815873,0.23735791,-0.13335511,0.9622254,-0.8187274,-0.56057334,0.12427038,0.5228258,-0.81729674,-0.242238
