1356445083388,-0.56616867,-0.2698151,-0.7788793,0.74401486,0.23946202,-0.62377876,0.3548169,-0.9326617,0.06517053
1356445083417,-0.17922792,-0.1362564,-0.97432625,0.9175946,0.3340322,-0.21550545,0.35482037,-0.93266106,0.065160275
1356445083460,-0.17930695,-0.13619414,-0.9743204,0.9175612,0.33408806,-0.21556145,0.354867,-0.93265015,0.065062106
1356445083500,-0.17965278,-0.13605675,-0.9742758,0.91742134,0.33428434,-0.2158516,0.35505322,-0.93259984,0.06476629
1356445083541,-0.18073276,-0.13593021,-0.9740937,0.9170424,0.3346778,-0.21685022,0.35548398,-0.9324772,0.064166546
1356445083581,-0.18155104,-0.13515398,-0.97404957,0.91659987,0.33553225,-0.2173998,0.3562075,-0.9322829,0.06296587
1356445083620,-0.19052216,-0.13635689,-0.9721667,0.9144226,0.33560356,-0.22627768,0.35711712,-0.93208206,0.06074792
1356445083659,-0.20189995,-0.1367152,-0.96981716,0.91157866,0.33585417,-0.23712102,0.3581352,-0.93193936,0.05681771
1356445083701,-0.21782908,-0.13652185,-0.9663913,0.907501,0.33604172,-0.2520275,0.35915506,-0.9319,0.050694108
1356445083740,-0.23777395,-0.13631439,-0.96170783,0.902109,0.33605903,-0.27067238,0.3600872,-0.93192416,0.043064356
1356445083782,-0.25919974,-0.13584623,-0.9562224,0.8958068,0.33627915,-0.29059672,0.36103415,-0.93191314,0.034528494
1356445083821,-0.27989817,-0.13587713,-0.9503654,0.889078,0.33680665,-0.31000245,0.3622116,-0.9317181,0.026533842
1356445083859,-0.29730928,-0.13730988,-0.94485617,0.88279533,0.3374347,-0.32681835,0.36370265,-0.93128073,0.020893991
1356445083900,-0.30935743,-0.14062086,-0.9404912,0.8778528,0.33801553,-0.33929324,0.36561236,-0.9305757,0.018876791
1356445083940,-0.3156509,-0.14578402,-0.9376095,0.8746685,0.33837143,-0.34707317,0.367858,-0.9296514,0.020705462
1356445083980,-0.31679857,-0.15223467,-0.9361962,0.87322927,0.3385176,-0.35053748,0.3702829,-0.92856365,0.025693834
1356445084020,-0.3143401,-0.1588107,-0.9359325,0.8731518,0.3385489,-0.35070023,0.37255394,-0.9274502,0.032246232
1356445084061,-0.30964005,-0.16494271,-0.9364384,0.8740591,0.33836347,-0.3486127,0.37435764,-0.92644703,0.03939885
1356445084100,-0.3036555,-0.17028907,-0.93744075,0.875736,0.3377146,-0.34501502,0.37533978,-0.92571616,0.0465793
1356445084140,-0.29703808,-0.17485204,-0.93872,0.87808585,0.33621514,-0.34047723,0.375145,-0.92541134,0.053666353
1356445084178,-0.28999835,-0.17907739,-0.94012356,0.8812102,0.33323032,-0.3353001,0.37332237,-0.9256829,0.06116855
1356445084218,-0.28254312,-0.18335015,-0.94156903,0.8851966,0.3283493,-0.32956594,0.3695895,-0.92659026,0.0695281
1356445084258,-0.2749462,-0.18772617,-0.94295466,0.88996804,0.32142413,-0.32348648,0.3638153,-0.9281409,0.07869589
1356445084298,-0.26779908,-0.1918445,-0.94418186,0.89534307,0.31241357,-0.31742495,0.3558715,-0.9303728,0.08810252
1356445084338,-0.2619292,-0.19501594,-0.9451782,0.9010869,0.30129105,-0.3118751,0.34559435,-0.9333769,0.09680939
1356445084378,-0.25829387,-0.19629547,-0.94591355,0.9068608,0.2882378,-0.30744496,0.33299816,-0.9372231,0.10356259
1356445084432,-0.25769818,-0.19465768,-0.94641435,0.9122877,0.27366614,-0.30469328,0.31831244,-0.94192106,0.10706055
1356445084460,-0.26022547,-0.18939105,-0.9467914,0.91704917,0.25838834,-0.3037374,0.30216506,-0.94729435,0.10644162
1356445084500,-0.26492995,-0.18035594,-0.9472507,0.9210936,0.24332201,-0.30394256,0.2853048,-0.95303,0.101661384
1356445084540,-0.26987076,-0.16810271,-0.94810927,0.9247303,0.2292248,-0.30385837,0.26840958,-0.95874786,0.09358859
1356445084581,-0.2723744,-0.15390587,-0.94980276,0.9285735,0.21660608,-0.30138528,0.25211802,-0.96405125,0.083914936
1356445084620,-0.27008933,-0.13915312,-0.95272666,0.9332373,0.20562261,-0.29459706,0.23689622,-0.96868765,0.074326396
1356445084660,-0.26199573,-0.124551505,-0.95699805,0.93894327,0.19627535,-0.28259778,0.22303313,-0.9726063,0.065523446
1356445084700,-0.24850881,-0.10999623,-0.96236384,0.9454123,0.18868107,-0.26569733,0.21080562,-0.9758587,0.05710286
1356445084740,-0.23087138,-0.09497705,-0.96833766,0.9521146,0.18296885,-0.24494952,0.2004402,-0.9785202,0.04818672
1356445084780,-0.21057731,-0.07898727,-0.9743809,0.9585587,0.17896807,-0.22166583,0.19189185,-0.98067904,0.038027346
1356445084820,-0.18876833,-0.061924815,-0.98006713,0.964463,0.17619085,-0.19689539,0.18487152,-0.98240626,0.026464999
1356445084860,-0.16604644,-0.044278145,-0.9851234,0.9697199,0.17409247,-0.17127502,0.17908633,-0.9837333,0.01402998
1356445084900,-0.142618,-0.026901484,-0.98941225,0.97424555,0.17258263,-0.14512414,0.17465943,-0.98462766,0.0015951991
1356445084940,-0.11863482,-0.010561079,-0.9928818,0.9778458,0.17243713,-0.11867237,0.17246303,-0.9849639,-0.010129988
1356445084980,-0.09474757,0.004543245,-0.99549097,0.9802256,0.1749349,-0.092496306,0.1737259,-0.98456955,-0.021028101
1356445085020,-0.07199025,0.018645257,-0.99723107,0.98120177,0.18081301,-0.0674524,0.17905468,-0.98334074,-0.03131157
1356445085060,-0.051220745,0.031722516,-0.99818337,0.9809201,0.18929204,-0.044319153,0.1875422,-0.98140824,-0.04081291
1356445085100,-0.032992482,0.043131024,-0.99852455,0.9798293,0.19841355,-0.023804337,0.19709411,-0.9791689,-0.048807204
1356445085140,-0.017560244,0.051568627,-0.998515,0.9784771,0.20625114,-0.0065559447,0.20560679,-0.97713923,-0.054080486
1356445085180,-0.0049360096,0.05489558,-0.9984799,0.9772151,0.21214136,0.0068324506,0.2121939,-0.97569597,-0.05469191
1356445085220,0.005637914,0.049562067,-0.9987551,0.976099,0.2167165,0.01626432,0.21725282,-0.97497565,-0.04715568
1356445085260,0.01652509,0.02981311,-0.9994189,0.97505087,0.22081679,0.02270928,0.22136551,-0.9748596,-0.025420308
1356445085300,0.032067865,-0.012284249,-0.99941015,0.97405624,0.22450492,0.028494835,0.22402248,-0.9743955,0.01916492
1356445085339,0.05656135,-0.08339423,-0.9949102,0.9730056,0.2279231,0.0362114,0.22374326,-0.97010136,0.09403461
1356445085380,0.08870229,-0.18048161,-0.9795705,0.97151345,0.23265192,0.045107603,0.21975791,-0.955667,0.19597706
1356445085428,0.117875725,-0.28518996,-0.951195,0.96976495,0.23917994,0.04846543,0.21368489,-0.9281485,0.30476075
1356445085460,0.12888396,-0.37251177,-0.91903424,0.96939874,0.24259269,0.037617028,0.20893824,-0.8957588,0.3923787
1356445085500,0.115032494,-0.42904326,-0.89592934,0.97144973,0.23697895,0.011244237,0.20749211,-0.8716438,0.44405422
1356445085540,0.076876104,-0.45365703,-0.88785434,0.97506356,0.22014493,-0.028057784,0.2081852,-0.86355746,0.45926833
1356445085580,0.021927893,-0.45146322,-0.8920202,0.97775257,0.19585991,-0.07509196,0.2086122,-0.87052846,0.44571415
1356445085619,-0.039207637,-0.42853045,-0.9026762,0.97755885,0.1706754,-0.123485416,0.2069819,-0.8872607,0.41222197
1356445085660,-0.09576589,-0.39059797,-0.91556656,0.9746375,0.15010554,-0.16598237,0.20226395,-0.9082409,0.3663164
1356445085700,-0.13989896,-0.34197795,-0.92923594,0.970953,0.13659441,-0.19644907,0.19410971,-0.92972744,0.31293505
1356445085739,-0.16651571,-0.28639367,-0.9435312,0.96893454,0.1299308,-0.2104373,0.18286175,-0.94926107,0.25586122
1356445085778,-0.1719743,-0.2280727,-0.9583359,0.9704928,0.12769133,-0.20454487,0.16902223,-0.9652345,0.19938332
1356445085820,-0.15383363,-0.17127031,-0.9731401,0.97621614,0.1259216,-0.17648178,0.15276548,-0.97714394,0.14782584
1356445085860,-0.111839235,-0.11858857,-0.98662484,0.98454666,0.12141657,-0.12619755,0.13475811,-0.9854921,0.10317689
1356445085900,-0.049519747,-0.070230275,-0.9963008,0.9917896,0.114298135,-0.057352543,0.1179032,-0.99096096,0.06399369
1356445085940,0.026205838,-0.025571078,-0.99932945,0.99388874,0.10789865,0.023302168,0.107230395,-0.99383295,0.028242469
1356445085980,0.10582161,0.015380353,-0.9942663,0.9887072,0.10507178,0.10685533,0.10611287,-0.9943457,-0.0040878057
1356445086019,0.17890444,0.05228597,-0.9824762,0.9773151,0.105602294,0.18358463,0.11335069,-0.9930329,-0.03220716
1356445086069,0.23573902,0.0848929,-0.9681014,0.9637288,0.107830256,0.2441299,0.12511551,-0.9905381,-0.05639392
1356445086089,0.27118114,0.11119217,-0.95608425,0.9527988,0.10986528,0.2830265,0.13651076,-0.9877074,-0.07615039
1356445086130,0.28384513,0.13405058,-0.9494537,0.9470613,0.11572838,0.29946926,0.15002275,-0.9841938,-0.094105154
1356445086169,0.26641554,0.14930457,-0.9522242,0.9494578,0.12948312,0.28594396,0.1659897,-0.9802766,-0.107262075
1356445086210,0.23005885,0.14920893,-0.9616703,0.95551705,0.15276575,0.25228935,0.18455413,-0.97693366,-0.107426584
1356445086250,0.1951558,0.121846855,-0.973174,0.9591928,0.18328846,0.2153008,0.20460525,-0.97547865,-0.081104815
1356445086290,0.18276358,0.05730939,-0.9814852,0.9574535,0.21640396,0.19092456,0.22333902,-0.97462046,-0.015320301
1356445086330,0.19758165,-0.041733146,-0.9793977,0.9513579,0.24908721,0.18131116,0.23638874,-0.9675815,0.08891824
1356445086370,0.22289729,-0.15584391,-0.96230423,0.94482976,0.27759236,0.17389393,0.24002802,-0.9479742,0.20912057
1356445086428,0.22944802,-0.25846758,-0.93837523,0.94455147,0.29179937,0.15058455,0.23489606,-0.920895,0.3110887
1356445086450,0.19809973,-0.33397248,-0.9215307,0.953954,0.28172517,0.10296953,0.22522941,-0.8994961,0.3744041
1356445086489,0.12704676,-0.379734,-0.9163302,0.9684894,0.24700052,0.031919688,0.21421298,-0.89151156,0.3991491
1356445086530,0.026262403,-0.39822295,-0.91691256,0.9788288,0.19649541,-0.057303816,0.20298883,-0.8959955,0.39495254
1356445086569,-0.086606085,-0.39240718,-0.9157052,0.97769713,0.1430496,-0.15377018,0.19133183,-0.90859973,0.3712663
1356445086610,-0.19337052,-0.36600327,-0.9103018,0.9647554,0.09784877,-0.24427968,0.17847908,-0.92545515,0.3341826
1356445086650,-0.28122234,-0.32349035,-0.9034756,0.9455745,0.06720692,-0.31838983,0.1637159,-0.94384176,0.28698403
1356445086689,-0.34326535,-0.26973715,-0.8996725,0.9277309,0.0521096,-0.36959425,0.14657485,-0.96152294,0.23235613
1356445086730,-0.3766039,-0.209638,-0.9023421,0.9176581,0.04888189,-0.3943528,0.12677953,-0.9765564,0.17396694
1356445086770,-0.37928438,-0.148067,-0.9133562,0.91931903,0.051564932,-0.3901199,0.10486102,-0.98763216,0.11656308
1356445086809,-0.34942436,-0.089316696,-0.93269783,0.9332366,0.055534124,-0.35494423,0.083499014,-0.9944539,0.06394863
1356445086850,-0.28739083,-0.03617701,-0.95712996,0.95540416,0.060003996,-0.2891406,0.067891836,-0.9975424,0.017319083
1356445086889,-0.19794822,0.010154694,-0.9801599,0.9781704,0.066559315,-0.19685686,0.06323978,-0.99773085,-0.023108363
1356445086930,-0.09381175,0.049693048,-0.994349,0.9931105,0.075113595,-0.089941084,0.070219666,-0.995936,-0.05639726
1356445086969,0.0052859187,0.08275506,-0.9965559,0.9963989,0.08389914,0.012252152,0.08462414,-0.99303204,-0.08201355
1356445087009,0.08095676,0.109258115,-0.9907112,0.99155086,0.0922482,0.09119871,0.10135555,-0.9897237,-0.100866854
1356445087050,0.1213316,0.12884003,-0.9842149,0.9855427,0.102490574,0.13491198,0.11825481,-0.9863548,-0.11454201
1356445087089,0.123432964,0.13981423,-0.9824542,0.98302567,0.118192345,0.14032486,0.13573799,-0.9830985,-0.12285215
1356445087129,0.09682286,0.13716897,-0.9858042,0.9831455,0.14114541,0.11620125,0.15508091,-0.9804399,-0.121190965
1356445087169,0.06269556,0.11181638,-0.9917491,0.98227036,0.16899586,0.081150025,0.17667538,-0.97925353,-0.099238575
1356445087210,0.048247695,0.053785086,-0.9973862,0.97867215,0.19707942,0.057970136,0.19968224,-0.97891104,-0.043129325
1356445087250,0.065905124,-0.0393309,-0.9970505,0.9729815,0.22412005,0.05547324,0.22127724,-0.97376764,0.053038836
1356445087290,0.10339001,-0.154221,-0.982612,0.96613425,0.25039217,0.062357217,0.23642156,-0.9557823,0.1748862
1356445087330,0.1267857,-0.26509306,-0.95585096,0.96207535,0.2675014,0.053423256,0.24152932,-0.92637396,0.28895485
1356445087370,0.108064115,-0.35180935,-0.929813,0.9651753,0.2612645,0.013320416,0.23824084,-0.898872,0.36779106
1356445087425,0.040115774,-0.40759924,-0.91227937,0.97231317,0.22628093,-0.0583449,0.23021272,-0.8846806,0.40539154
1356445087450,-0.067315936,-0.43170887,-0.8994976,0.9733587,0.16963696,-0.15425983,0.21918344,-0.885918,0.40878832
1356445087490,-0.19235623,-0.42623988,-0.8839222,0.9595851,0.1068486,-0.26034564,0.20541549,-0.8982777,0.38846052
1356445087530,-0.309236,-0.39721286,-0.8640573,0.9320166,0.05398023,-0.35837293,0.18899229,-0.9161376,0.3535164
1356445087570,-0.40172416,-0.3524034,-0.84523934,0.8998238,0.019544184,-0.4358155,0.17010242,-0.9356441,0.30924964
1356445087610,-0.4634531,-0.2986685,-0.8342711,0.8734772,0.0045006275,-0.48684412,0.14915973,-0.95434624,0.25879437
1356445087650,-0.4942227,-0.24074364,-0.8353361,0.8600936,0.00432837,-0.5101178,0.12642324,-0.9705791,0.20492297
1356445087690,-0.49489182,-0.18205985,-0.8496684,0.8629221,0.012049198,-0.50519335,0.10221329,-0.98321366,0.15114039
1356445087730,-0.46511734,-0.12547952,-0.87631094,0.8818045,0.021569192,-0.4711216,0.07801747,-0.99186176,0.10061616
1356445087788,-0.40414226,-0.073352754,-0.9117502,0.9128766,0.03049624,-0.40709502,0.05766651,-0.9968397,0.054637194
1356445087808,-0.31265283,-0.027538508,-0.94946814,0.94872975,0.03985542,-0.31356564,0.046476573,-0.9988259,0.013665736
1356445087848,-0.1998545,0.011744946,-0.97975516,0.97867835,0.050766468,-0.19902629,0.04740119,-0.99864143,-0.02164042
1356445087885,-0.08358541,0.045394808,-0.9954661,0.9948305,0.061614186,-0.08072233,0.057670444,-0.9970672,-0.050310194
1356445087929,0.014069229,0.07400367,-0.99715865,0.9972805,0.071113616,0.019348502,0.07234335,-0.99471915,-0.07280183
1356445087968,0.07986945,0.09700686,-0.9920739,0.99300843,0.07904178,0.087673575,0.08692026,-0.9921402,-0.09001565
1356445088008,0.109687954,0.11315158,-0.9875046,0.98887575,0.08799556,0.119923085,0.10046545,-0.9896734,-0.1022408
1356445088048,0.108430535,0.11875743,-0.98698497,0.98754257,0.10101512,0.12064624,0.11402795,-0.9877715,-0.10632491
1356445088088,0.091009855,0.10611072,-0.9901806,0.9873879,0.11973125,0.1035839,0.12954688,-0.98711944,-0.093875706
1356445088128,0.07730377,0.06460872,-0.99491197,0.9858042,0.14422435,0.08596191,0.14904445,-0.98743355,-0.052542508
1356445088168,0.07936573,-0.012589753,-0.99676603,0.9817531,0.17432594,0.075968504,0.17280573,-0.98460746,0.026195526
1356445088208,0.089903,-0.11844483,-0.9888823,0.97617686,0.20734996,0.06391224,0.1974746,-0.97106993,0.13426453
1356445088248,0.086057335,-0.2304849,-0.96926296,0.97227603,0.23174259,0.031217813,0.21742424,-0.9450778,0.24403816
1356445088288,0.04881984,-0.32540083,-0.9443151,0.9723352,0.23171008,-0.029576361,0.22843146,-0.91674685,0.32771066
1356445088328,-0.025775194,-0.3906279,-0.92018783,0.97306037,0.20115644,-0.112648815,0.2291055,-0.8983017,0.3749196
1356445088368,-0.12817681,-0.42278516,-0.8971194,0.96692085,0.14787489,-0.20783871,0.22053254,-0.8940837,0.3898458
1356445088427,-0.2404598,-0.4236128,-0.8733449,0.9486941,0.08775842,-0.30377275,0.20532537,-0.9015823,0.38077667
1356445088450,-0.34334695,-0.39896247,-0.8502599,0.92047596,0.03696674,-0.3890469,0.18664646,-0.91622186,0.3545429
1356445088490,-0.4240628,-0.35637614,-0.8325664,0.89006305,0.0057305694,-0.45580134,0.16720778,-0.934325,0.31476712
1356445088530,-0.47547263,-0.30418873,-0.8254665,0.86699903,-0.0029702783,-0.49830094,0.1491257,-0.95260715,0.26514363
1356445088570,-0.4974643,-0.24806154,-0.831261,0.85729814,0.00583452,-0.5147872,0.13254893,-0.96872675,0.20976013
1356445088610,-0.491871,-0.19095299,-0.84947026,0.8628862,0.023240447,-0.50486356,0.11614722,-0.981324,0.1533395
1356445088650,-0.45972735,-0.13551271,-0.87766004,0.8823705,0.041990995,-0.46867818,0.10036567,-0.9898854,0.10026795
1356445088690,-0.4015087,-0.0852721,-0.9118768,0.9114393,0.060452044,-0.4069691,0.089827895,-0.9945221,0.05344838
1356445088729,-0.3194756,-0.042853475,-0.9466251,0.94331515,0.080450654,-0.32200047,0.08995548,-0.995837,0.014722288
1356445088770,-0.22265255,-0.007887185,-0.9748659,0.96956336,0.10267389,-0.22227213,0.10184643,-0.99468374,-0.0152134895
1356445088809,-0.124216735,0.021670908,-0.9920184,0.9849299,0.12394947,-0.12062144,0.12034613,-0.99205184,-0.0367409
1356445088850,-0.039832205,0.046675086,-0.99811566,0.989221,0.14270833,-0.032803744,0.14090827,-0.98866355,-0.0518564
1356445088890,0.020865351,0.06634945,-0.99757826,0.9867256,0.15936372,0.031237751,0.16105041,-0.98498785,-0.062143505
1356445088930,0.05499354,0.07812789,-0.9954254,0.981938,0.17652139,0.068103015,0.18103462,-0.9811912,-0.06700915
1356445088970,0.066651165,0.07680744,-0.9948157,0.977166,0.19657803,0.08064601,0.20175314,-0.97747517,-0.06195146
1356445089010,0.066609174,0.05342719,-0.9963477,0.9724207,0.22022006,0.076818496,0.22351998,-0.973986,-0.03728503
1356445089050,0.0673016,-0.0022312105,-0.9977302,0.9670907,0.24607202,0.06468454,0.24536914,-0.969249,0.018718839
1356445089090,0.07724452,-0.095478356,-0.99242985,0.9613051,0.27114075,0.048736423,0.2644349,-0.9577925,0.11272794
1356445089130,0.08656645,-0.21346581,-0.9731077,0.9573294,0.2881642,0.021949679,0.2757293,-0.9334847,0.2293025
1356445089168,0.07819641,-0.32823193,-0.94135493,0.9578639,0.28650212,-0.020329863,0.2763731,-0.90010023,0.33680496
1356445089208,0.039206147,-0.41563228,-0.90868735,0.9624108,0.26029575,-0.077534795,0.26875344,-0.87149066,0.41021416
1356445089248,-0.03303814,-0.4662502,-0.8840358,0.96568954,0.21307528,-0.14846793,0.25758937,-0.8586092,0.4432133
1356445089288,-0.12825567,-0.48198134,-0.86674356,0.96085864,0.15600902,-0.22893623,0.24556279,-0.8621805,0.4431069
1356445089328,-0.22909921,-0.4702351,-0.85228664,0.94499207,0.10255295,-0.31060085,0.23345989,-0.8765625,0.4208736
1356445089368,-0.31953406,-0.4395411,-0.83946514,0.92134356,0.0628891,-0.3836288,0.22141376,-0.8960182,0.38487318
1356445089428,-0.38994497,-0.39703232,-0.830848,0.8967412,0.041330397,-0.44062123,0.20928013,-0.9168736,0.3399186
1356445089450,-0.4365812,-0.3476937,-0.8297626,0.8779526,0.03674853,-0.47733513,0.19645897,-0.93688774,0.2892149
1356445089490,-0.45995337,-0.29383728,-0.83791554,0.8691933,0.043905616,-0.49251923,0.1815097,-0.9548465,0.2352069
1356445089530,-0.46117264,-0.2367709,-0.8551371,0.8721752,0.056283534,-0.48594508,0.16318777,-0.96993387,0.18054926
1356445089570,-0.44211757,-0.17836985,-0.87904274,0.8855349,0.069102466,-0.4594047,0.14268795,-0.981534,0.12740141
1356445089610,-0.40441698,-0.12164873,-0.90644825,0.90598017,0.08226889,-0.41524896,0.125087,-0.9891579,0.07694042
1356445089650,-0.3478046,-0.07067689,-0.9348992,0.9301872,0.09885228,-0.35352477,0.11740291,-0.992589,0.03136152
1356445089690,-0.27768427,-0.027136862,-0.9602891,0.9528543,0.11948842,-0.27891096,0.12231219,-0.99246466,-0.00732255
1356445089730,-0.20278299,0.009593725,-0.97917664,0.9696986,0.14109957,-0.19943771,0.13624802,-0.98994887,-0.037915587
1356445089770,-0.13354996,0.040299118,-0.99022233,0.97906226,0.16025284,-0.125523,0.15362749,-0.986253,-0.060857117
1356445089809,-0.078789175,0.06481627,-0.9947819,0.98208094,0.176417,-0.06628859,0.17119986,-0.98217916,-0.077554524
1356445089850,-0.04337257,0.08198789,-0.99568915,0.98102653,0.19199526,-0.026924431,0.1889601,-0.9779652,-0.0887596
1356445089890,-0.027470708,0.08866507,-0.9956826,0.9778251,0.20925707,-0.008343726,0.2076138,-0.9738326,-0.09244734
1356445089930,-0.02355194,0.07792014,-0.99668133,0.97357684,0.22830147,-0.005157441,0.22714195,-0.9704673,-0.08123821
1356445089970,-0.018832594,0.038845837,-0.9990678,0.96901613,0.2468454,-0.008668244,0.24627852,-0.968276,-0.042290986
1356445090010,-0.0023538768,-0.037195385,-0.99930525,0.9648263,0.26261225,-0.01204738,0.26287785,-0.9641843,0.035268903
1356445090050,0.024404436,-0.14494169,-0.9891392,0.9615215,0.2742361,-0.01646161,0.27364364,-0.95067686,0.14605713
1356445090090,0.045837373,-0.26087806,-0.9642829,0.9601091,0.27805558,-0.029586524,0.2758427,-0.92446065,0.2632168
1356445090130,0.044501126,-0.35791498,-0.9326931,0.96166235,0.26823628,-0.057050616,0.2706013,-0.89439714,0.3561302
1356445090169,0.013418853,-0.42225593,-0.9063774,0.9651285,0.2424689,-0.09867081,0.2614327,-0.87344646,0.41078484
1356445090210,-0.043225884,-0.45270342,-0.89061284,0.96722025,0.20431542,-0.15079865,0.25023296,-0.8679371,0.4290322
1356445090249,-0.11229378,-0.45529476,-0.8832309,0.9648049,0.1627441,-0.20655763,0.23778522,-0.8753406,0.42099535
1356445090290,-0.1805337,-0.43558326,-0.8818587,0.95769143,0.12646323,-0.25852317,0.22413108,-0.8912206,0.39432344
1356445090329,-0.23418546,-0.39981866,-0.8861728,0.9492992,0.10260254,-0.29715928,0.2097334,-0.9108335,0.3555196
1356445090370,-0.26723176,-0.35154393,-0.89722013,0.9438175,0.092359245,-0.31729826,0.19441083,-0.93160427,0.3071121
1356445090428,-0.27299762,-0.29391515,-0.91601646,0.9454981,0.093710184,-0.311852,0.1774981,-0.9512267,0.2523136
1356445090450,-0.24973756,-0.22930014,-0.9407723,0.9554026,0.09977496,-0.27794006,0.15759718,-0.96822846,0.19415647
1356445090490,-0.19367927,-0.16088676,-0.96778286,0.97182727,0.1035893,-0.21170965,0.1343132,-0.9815216,0.13629109
1356445090530,-0.09870565,-0.09440473,-0.9906286,0.98888516,0.10192722,-0.1082454,0.111190915,-0.9903023,0.08329457
1356445090570,0.033211917,-0.035230756,-0.9988272,0.99493694,0.09601423,0.029695928,0.09485543,-0.9947563,0.038241148
1356445090610,0.18695766,0.015122771,-0.9822516,0.9781868,0.089288175,0.18755871,0.09053987,-0.99589103,0.0019001961
1356445090650,0.33512133,0.058032423,-0.94038606,0.93704855,0.08344841,0.33908167,0.098151445,-0.99482095,-0.026413888
1356445090690,0.45492887,0.094742596,-0.8854736,0.88326913,0.07868983,0.46221584,0.11346927,-0.9923869,-0.04788494
1356445090730,0.53783965,0.12564689,-0.8336314,0.83266264,0.07555391,0.5486023,0.13191429,-0.98919386,-0.063985586
1356445090770,0.5847039,0.15107313,-0.79705596,0.79702544,0.076184005,0.59912133,0.15123406,-0.9855825,-0.07586408
1356445090811,0.5991193,0.17075744,-0.7822391,0.7820183,0.0847949,0.61746037,0.17176586,-0.98165774,-0.082733184
1356445090849,0.5864531,0.18139514,-0.78941023,0.7861674,0.1071215,0.608659,0.19497058,-0.9775586,-0.07978523
1356445090890,0.558849,0.17417681,-0.81077147,0.7988834,0.14915821,0.5826982,0.22242573,-0.9733521,-0.055790067
1356445090930,0.53174704,0.13820139,-0.835551,0.8080083,0.21276812,0.54941094,0.253708,-0.9672798,0.0014709234
1356445090970,0.5196955,0.07003111,-0.85147655,0.805268,0.29279256,0.5155735,0.28541222,-0.95360804,0.09576914
1356445091010,0.5186212,-0.019527078,-0.8547811,0.7967832,0.373644,0.47489643,0.3101105,-0.9273666,0.20933858
1356445091050,0.51234156,-0.111112714,-0.8515633,0.79629755,0.4327836,0.422621,0.32158405,-0.8946241,0.31021184
1356445091090,0.48637894,-0.1895132,-0.85294795,0.81291485,0.45602682,0.3622279,0.32032013,-0.86955404,0.37585998
1356445091130,0.43520862,-0.24850082,-0.86535585,0.84501076,0.44445902,0.29734305,0.3107252,-0.86064136,0.40341833
1356445091170,0.36092788,-0.28698447,-0.88733923,0.88422513,0.407749,0.22778642,0.29644057,-0.8668221,0.40092683
1356445091210,0.27130938,-0.3049631,-0.9129013,0.9210932,0.35744607,0.15433583,0.27924624,-0.8827399,0.37787795
1356445091249,0.17828676,-0.30298594,-0.9361695,0.94898343,0.30442294,0.082202286,0.26008534,-0.90306485,0.34180316
1356445091290,0.09233412,-0.28217798,-0.9549085,0.96652263,0.25596198,0.017819762,0.23939195,-0.92458594,0.29636538
1356445091330,0.025817692,-0.24597046,-0.96893346,0.97559965,0.21760094,-0.029244125,0.21803403,-0.9445361,0.24558657
1356445091369,-0.013387322,-0.19957465,-0.97979116,0.98045427,0.18973875,-0.05204445,0.19629118,-0.96133715,0.19313371
1356445091429,-0.021424353,-0.14782724,-0.98878115,0.9845364,0.16887408,-0.046579808,0.17386526,-0.974489,0.14192331
1356445091450,0.004754573,-0.094920754,-0.9954735,0.9884095,0.15149924,-0.009724975,0.15173662,-0.9838892,0.094540894
1356445091490,0.06189078,-0.044127613,-0.997107,0.98913264,0.13620234,0.055368096,0.13336506,-0.9896978,0.05207771
1356445091530,0.14212245,0.0027802587,-0.98984516,0.9821446,0.124127984,0.14136538,0.1232605,-0.99226224,0.014910758
1356445091569,0.22946098,0.044894308,-0.97228193,0.96555364,0.11542407,0.23320267,0.122694135,-0.9923012,-0.016862512
1356445091610,0.30719757,0.081875265,-0.94811714,0.94279045,0.10941428,0.31492028,0.12952173,-0.99061847,-0.04357937
1356445091650,0.364694,0.11320031,-0.9242208,0.9205321,0.10547958,0.37615776,0.1400676,-0.98795736,-0.0657368
1356445091690,0.39409882,0.13886988,-0.90851593,0.90629435,0.10551663,0.40926373,0.15269789,-0.98467326,-0.08427295
1356445091730,0.39282084,0.15808132,-0.9059261,0.9041878,0.11329283,0.4118364,0.16773859,-0.9809052,-0.09843144
1356445091770,0.36579192,0.16639984,-0.9157005,0.91189015,0.1327125,0.38838616,0.18615228,-0.9770868,-0.103193164
1356445091810,0.3292617,0.1541321,-0.931574,0.9209931,0.16514221,0.35284528,0.20822701,-0.9741516,-0.08757961
1356445091850,0.30736738,0.109704375,-0.9452461,0.92269695,0.20856273,0.3242406,0.2327137,-0.9718367,-0.037118495
1356445091890,0.31418538,0.029023826,-0.94891787,0.9142006,0.26025617,0.31065083,0.255978,-0.96510327,0.055235058
1356445091930,0.33898753,-0.07601085,-0.9377153,0.9004307,0.3150249,0.29997325,0.27260247,-0.9460348,0.17523202
1356445091970,0.35305834,-0.18120417,-0.91788614,0.89291894,0.3582015,0.27274072,0.27936646,-0.9158913,0.28826663
1356445092010,0.33440697,-0.2671593,-0.9037687,0.9004487,0.37360334,0.22273922,0.27814418,-0.8882829,0.36549878
1356445092050,0.27771148,-0.32707337,-0.90327156,0.9211786,0.3574663,0.15377897,0.27259222,-0.8747805,0.4005654
1356445092090,0.19049928,-0.36087865,-0.91294944,0.945319,0.31822142,0.07146424,0.26473013,-0.8766423,0.4017664
1356445092130,0.08867347,-0.37034538,-0.924652,0.9628284,0.26965904,-0.015670389,0.2551442,-0.8888916,0.38049066
1356445092170,-0.009103894,-0.35848716,-0.9334903,0.96972024,0.22467107,-0.09573737,0.24404892,-0.906096,0.3455868
1356445092210,-0.087993324,-0.32926998,-0.9401267,0.96887267,0.19094563,-0.15756068,0.23139304,-0.92472744,0.30221885
1356445092250,-0.13922203,-0.28663048,-0.94787145,0.9662951,0.1699897,-0.19333187,0.2165432,-0.9428396,0.2533033
1356445092290,-0.15677476,-0.23425874,-0.9594501,0.9674189,0.1591224,-0.19692811,0.19880214,-0.95906353,0.20168
1356445092329,-0.13437778,-0.17585567,-0.97520125,0.9747058,0.15389866,-0.1620616,0.17858168,-0.97231174,0.15072691
1356445092369,-0.066580415,-0.114516854,-0.9911877,0.9852481,0.14941001,-0.08344355,0.15764907,-0.98212147,0.10287976
1356445092449,0.050822318,-0.05250302,-0.9973266,0.9889504,0.14189649,0.042925447,0.13926336,-0.9884881,0.059134424
1356445092463,0.20620084,0.007352382,-0.978482,0.97024417,0.12816215,0.20542786,0.12691471,-0.9917259,0.019293576
1356445092478,0.3747329,0.05854696,-0.92528236,0.9192697,0.10624009,0.3790201,0.12049258,-0.99261534,-0.01400876
1356445092518,0.500437,0.10086924,-0.8598769,0.85713565,0.082218975,0.5084865,0.12198886,-0.99149656,-0.04531324
1356445092545,0.59471846,0.1330601,-0.7928462,0.79393524,0.057849556,0.60524404,0.12639967,-0.98941827,-0.07123691
1356445092587,0.64596635,0.16062963,-0.7462745,0.7513445,0.03902725,0.65875524,0.13494071,-0.98624295,-0.095477924
1356445092628,0.65549904,0.18490556,-0.7322097,0.7408861,0.030396633,0.6709426,0.14631775,-0.98228616,-0.117069006
1356445092668,0.6244676,0.20481402,-0.7537183,0.7643464,0.038259596,0.6436697,0.1606695,-0.97805285,-0.13265696
1356445092708,0.5578719,0.21257874,-0.80224013,0.8103913,0.06896829,0.5818155,0.17901075,-0.974707,-0.13379651
1356445092748,0.4777422,0.19330776,-0.8569682,0.8548111,0.12271601,0.5042209,0.20263356,-0.97343355,-0.10661501
1356445092788,0.4224335,0.13581687,-0.89616054,0.87612575,0.19218917,0.44211653,0.23227924,-0.9719142,-0.037805527
1356445092828,0.4074967,0.044416398,-0.9121259,0.8739358,0.27078813,0.40362123,0.2649203,-0.9616138,0.07152817
1356445092868,0.40795738,-0.06273246,-0.91084325,0.8647265,0.34665388,0.36342707,0.2929487,-0.93589306,0.1956664
1356445092908,0.3861174,-0.16660786,-0.907279,0.8686851,0.39655167,0.29687208,0.31032178,-0.90276724,0.29784524
1356445092948,0.31892675,-0.25739846,-0.91215765,0.89328635,0.40326703,0.1985321,0.31674123,-0.8781353,0.35854322
1356445092988,0.20325527,-0.33087486,-0.92152536,0.9272415,0.3673555,0.07261655,0.31450042,-0.86923635,0.38146785
1356445093028,0.05276388,-0.3821628,-0.92258745,0.95067644,0.30201226,-0.070732,0.30566388,-0.87335,0.37924847
1356445093068,-0.10838443,-0.40639943,-0.9072443,0.9503853,0.22532189,-0.21447104,0.2915829,-0.885477,0.3618147
1356445093108,-0.25733727,-0.40264493,-0.8784388,0.9269019,0.15414327,-0.3421882,0.2731858,-0.90228426,0.33354557
1356445093148,-0.38023096,-0.37461588,-0.84562826,0.89002454,0.10047352,-0.4447036,0.25155625,-0.92172015,0.29521424
1356445093188,-0.47039908,-0.32910356,-0.81878906,0.8524082,0.07059699,-0.5180891,0.22830898,-0.94165117,0.24732184
1356445093228,-0.52626157,-0.27362585,-0.80509484,0.8252084,0.06406629,-0.56118315,0.20513368,-0.95970017,0.19208276
1356445093269,-0.54859614,-0.21432203,-0.8081511,0.8156745,0.07508963,-0.5736171,0.18362257,-0.9738724,0.13362318
1356445093308,-0.5395164,-0.155043,-0.82757705,0.8254663,0.09628445,-0.55617875,0.16591442,-0.9832044,0.07603574
1356445093348,-0.49983388,-0.09875047,-0.8604734,0.85199577,0.12263447,-0.5089834,0.15578604,-0.9875268,0.022838116
1356445093388,-0.43069762,-0.047997028,-0.9012191,0.88874614,0.15109134,-0.43278354,0.1569387,-0.98735386,-0.022417486
1356445093429,-0.34068668,-0.0037281513,-0.9401695,0.9245968,0.17996621,-0.33575726,0.17045051,-0.9836657,-0.057865024
1356445093469,-0.24641776,0.034544677,-0.96854794,0.9505398,0.20358962,-0.23457482,0.18908301,-0.9784467,-0.08300418
1356445093508,-0.16968367,0.06533092,-0.9833307,0.96279067,0.2239519,-0.15126029,0.2103368,-0.97240806,-0.10090095
1356445093548,-0.12160006,0.0868471,-0.9887726,0.9649451,0.24376598,-0.097258955,0.23258251,-0.96593785,-0.11344463
1356445093588,-0.10094398,0.0953106,-0.9903163,0.9613277,0.26571637,-0.07241586,0.25624123,-0.9593283,-0.118447185
1356445093628,-0.094014704,0.083842665,-0.9920341,0.9545108,0.29080725,-0.065880805,0.28296706,-0.95310104,-0.10736889
1356445093668,-0.08200121,0.04308641,-0.9957005,0.945782,0.31841177,-0.06411171,0.31428042,-0.94697285,-0.0668605
1356445093708,-0.051656753,-0.03360629,-0.9980993,0.9354465,0.34831437,-0.06014192,0.3496735,-0.9367752,0.013444066
1356445093748,-0.009011179,-0.14124614,-0.98993343,0.92353946,0.3783932,-0.062396914,0.3833974,-0.91480494,0.12703663
1356445093788,0.020823598,-0.259373,-0.9655527,0.91341144,0.39760727,-0.08710873,0.40650442,-0.880133,0.2451939
1356445093830,0.011841744,-0.36413762,-0.9312698,0.90957284,0.39080372,-0.1412431,0.41537565,-0.84538525,0.33583754
1356445093870,-0.04593295,-0.44153497,-0.8960676,0.9094908,0.3525344,-0.2203314,0.4131787,-0.82508564,0.38537902
1356445093910,-0.14251375,-0.48769653,-0.86130244,0.90345633,0.2913463,-0.3144581,0.4042974,-0.8229637,0.39909172
1356445093950,-0.25518298,-0.503386,-0.8255205,0.88435805,0.22364789,-0.40974677,0.39088666,-0.8346162,0.38810235
1356445093990,-0.36097723,-0.49356443,-0.7912581,0.85423523,0.16539425,-0.49287608,0.3741356,-0.8538377,0.36191666
1356445094030,-0.44544268,-0.46527308,-0.7649195,0.8217955,0.1265639,-0.55554813,0.3552928,-0.8760722,0.32598233
1356445094070,-0.5030326,-0.42520905,-0.75243294,0.7964786,0.109914064,-0.5945928,0.3355292,-0.8983964,0.2833796
1356445094109,-0.5331686,-0.37835944,-0.75668705,0.7850195,0.11218685,-0.6092277,0.31539738,-0.9188352,0.23720503
1356445094155,-0.53878933,-0.32662666,-0.77654433,0.7892622,0.12660146,-0.6008638,0.29456982,-0.9366361,0.18958253
1356445094188,-0.5171543,-0.27254647,-0.81133825,0.8107415,0.14782679,-0.5664322,0.2743166,-0.95071846,0.14451557
1356445094228,-0.47541857,-0.2179654,-0.85233104,0.84153676,0.16979855,-0.51282,0.25650156,-0.9610721,0.10270053
1356445094268,-0.41384894,-0.16433921,-0.8953892,0.877061,0.1915536,-0.44053525,0.24391222,-0.9676259,0.06486124
1356445094308,-0.33616173,-0.11333215,-0.93496054,0.91134214,0.2112984,-0.3532825,0.23759395,-0.97082895,0.03225392
1356445094348,-0.24954653,-0.0660032,-0.9661108,0.9392171,0.22643214,-0.25806934,0.23579192,-0.9717881,0.005485952
1356445094388,-0.16394618,-0.022957087,-0.9862021,0.9577921,0.23559663,-0.16470754,0.23612711,-0.9715798,-0.016637087
1356445094428,-0.08932841,0.015311956,-0.9958845,0.96715117,0.24024999,-0.083057255,0.23798949,-0.97059023,-0.03627014
1356445094467,-0.03115791,0.04693204,-0.998412,0.9697792,0.24325657,-0.018829674,0.2419866,-0.96882594,-0.053093135
1356445094509,0.009061843,0.06895429,-0.9975786,0.96816975,0.2489402,0.026001811,0.2501304,-0.96606106,-0.06450361
1356445094548,0.036617517,0.07454094,-0.99654543,0.963884,0.26060015,0.054910123,0.26379296,-0.9625649,-0.062306345
1356445094588,0.06235695,0.05297622,-0.996647,0.9568962,0.2806359,0.07478696,0.28365687,-0.9583512,-0.03319317
1356445094628,0.09458515,-0.004975438,-0.9955043,0.9464568,0.31049904,0.088373154,0.30866343,-0.95056057,0.034077644
1356445094668,0.13101453,-0.096517354,-0.986671,0.9335431,0.3469785,0.09001812,0.33366528,-0.9328935,0.1355623
1356445094708,0.1589593,-0.2017256,-0.96645683,0.92291284,0.37804648,0.07288891,0.35066205,-0.90354174,0.24626917
1356445094748,0.16658276,-0.29505506,-0.9408468,0.9196527,0.39065766,0.040317684,0.35565308,-0.8719685,0.336425
1356445094788,0.15077087,-0.36086413,-0.9203506,0.92421234,0.38187537,0.0016723871,0.35085577,-0.85085154,0.39109072
1356445094828,0.11643925,-0.39633217,-0.9106935,0.9331212,0.35771772,-0.03637129,0.34018627,-0.8455524,0.41147837
1356445094868,0.073123574,-0.40625903,-0.9108274,0.942384,0.32707804,-0.07023054,0.32644343,-0.85321367,0.4067691
1356445094908,0.030700088,-0.3962341,-0.91763616,0.950015,0.29693764,-0.09643397,0.31069115,-0.86880755,0.38554436
1356445094948,-0.002444744,-0.37047717,-0.9288383,0.95600045,0.2716151,-0.11085287,0.29335493,-0.88824093,0.35351232
1356445094988,-0.02035904,-0.33183295,-0.9431184,0.9614267,0.25231314,-0.10952976,0.2743067,-0.90896916,0.3138962
1356445095028,-0.018479288,-0.28313956,-0.9589007,0.96741295,0.23716897,-0.08867347,0.25252846,-0.9292916,0.26953018
1356445095068,0.006260574,-0.22762349,-0.97372913,0.9739003,0.22232598,-0.045710295,0.22689009,-0.9480289,0.2230744
1356445095108,0.05426693,-0.16835836,-0.984231,0.97857296,0.2050327,0.0188829,0.19862047,-0.9641665,0.17587742
1356445095148,0.12284276,-0.1083729,-0.9864913,0.9771782,0.18678555,0.10116336,0.17329895,-0.9764049,0.12884483
1356445095188,0.20411703,-0.05037144,-0.9776497,0.9661218,0.17148784,0.19287467,0.15793967,-0.9838977,0.08366856
1356445095228,0.2882038,0.003504306,-0.9575627,0.9448583,0.16135195,0.2849706,0.15550327,-0.9868907,0.043191165
1356445095268,0.36363396,0.05162552,-0.93011034,0.91713667,0.15507129,0.36716905,0.16318873,-0.98655343,0.009041518
1356445095308,0.42120737,0.09294063,-0.9021898,0.8896999,0.1508234,0.4309135,0.1761207,-0.98418206,-0.019161344
1356445095348,0.45495036,0.12687445,-0.8814324,0.86982733,0.14880618,0.47037983,0.1908418,-0.98069346,-0.04265943
1356445095388,0.46094722,0.15301287,-0.8741366,0.86302817,0.15209945,0.48171377,0.20666414,-0.97644913,-0.061944634
1356445095428,0.43802783,0.16882488,-0.88296646,0.8702353,0.16668054,0.4635817,0.22543746,-0.9714503,-0.07390666
1356445095467,0.38855457,0.16653836,-0.9062506,0.887452,0.1969703,0.41669115,0.2478995,-0.96616125,-0.07126108
1356445095508,0.33895487,0.13567778,-0.9309678,0.8994286,0.2434942,0.36295822,0.2759306,-0.96036565,-0.039498925
1356445095548,0.30929238,0.06844917,-0.94850034,0.89948416,0.3026681,0.31515113,0.30865258,-0.95063496,0.032043993
1356445095588,0.30834436,-0.027971864,-0.9508634,0.88823724,0.36627978,0.2772611,0.34052652,-0.9300842,0.13778597
1356445095628,0.31705934,-0.1332666,-0.93899596,0.87607336,0.42039162,0.23614907,0.3632752,-0.89750254,0.2500404
1356445095668,0.30625847,-0.22923169,-0.9239365,0.87571716,0.44840828,0.1790236,0.37326288,-0.8639345,0.338071
1356445095708,0.25571185,-0.30967674,-0.9158121,0.891974,0.44089496,0.099969685,0.37281865,-0.842444,0.3889657
1356445095748,0.15759647,-0.37463066,-0.9136822,0.91739583,0.3979454,-0.0049296916,0.36544248,-0.83743143,0.4063994
1356445095789,0.015844762,-0.4220905,-0.9064153,0.93531966,0.32670867,-0.13578847,0.3534488,-0.8456365,0.39996615
1356445095828,-0.151766,-0.4463614,-0.8818891,0.9288026,0.2407682,-0.28170246,0.3380719,-0.8618539,0.37804133
1356445095868,-0.31778318,-0.4438155,-0.8378793,0.8924254,0.15851378,-0.42243385,0.32029817,-0.8819871,0.34569913
1356445095908,-0.45693672,-0.41832292,-0.78499347,0.8369725,0.09657228,-0.53865653,0.30114096,-0.9031499,0.30599737
1356445095948,-0.55895585,-0.37850484,-0.73776853,0.7802967,0.06092745,-0.6224346,0.28054488,-0.92359185,0.2612903
1356445095988,-0.62726176,-0.33114916,-0.7048992,0.7350928,0.047233164,-0.6763191,0.2572571,-0.94239545,0.21379787
1356445096028,-0.66941756,-0.279949,-0.68811965,0.7059484,0.0487262,-0.7065851,0.23133726,-0.9587775,0.16501147
1356445096068,-0.6882508,-0.22900903,-0.68837905,0.6952815,0.062667966,-0.71600026,0.20710985,-0.97140497,0.11609447
1356445096108,-0.68117744,-0.18316501,-0.7088355,0.706696,0.088422894,-0.7019701,0.1912536,-0.9790975,0.06921035
1356445096148,-0.6463687,-0.1439617,-0.74932134,0.73978746,0.12227559,-0.6616367,0.18687403,-0.9819999,0.027466
1356445096188,-0.589834,-0.10920808,-0.8001059,0.7844261,0.1577977,-0.599813,0.19175926,-0.9814141,-0.007408738
1356445096228,-0.5252971,-0.077721566,-0.84736204,0.8266058,0.18973655,-0.5298329,0.20195499,-0.978754,-0.03542292
1356445096268,-0.46895945,-0.051851362,-0.88169634,0.85658455,0.21660864,-0.46834135,0.21526718,-0.9748806,-0.057165623
1356445096308,-0.43074614,-0.035770625,-0.9017639,0.87231076,0.23966819,-0.4261842,0.23136902,-0.97019565,-0.07203305
1356445096348,-0.40657693,-0.033462167,-0.91300356,0.8785585,0.25985557,-0.40076178,0.25065944,-0.96506757,-0.07625282
1356445096388,-0.37917304,-0.048877567,-0.924034,0.8841013,0.27560914,-0.37736538,0.27311686,-0.9600264,-0.06129086
1356445096427,-0.32258457,-0.08742952,-0.94249415,0.898333,0.2854405,-0.33394825,0.29822293,-0.9544002,-0.013537884
1356445096468,-0.23336822,-0.15118378,-0.9605637,0.9172284,0.29375356,-0.26907405,0.32284862,-0.9438497,0.070117354
1356445096508,-0.12250474,-0.23276648,-0.9647862,0.93165934,0.30806944,-0.19262397,0.3420575,-0.92244947,0.17911911
1356445096548,-0.032908082,-0.31514362,-0.94847333,0.935593,0.32407784,-0.1401406,0.35154358,-0.8919967,0.28418136
1356445096588,0.002071023,-0.38280827,-0.9238255,0.93622714,0.32536608,-0.13272408,0.35138938,-0.8646356,0.3590693
1356445096628,-0.019135714,-0.42871433,-0.90323746,0.93865794,0.30341178,-0.16389802,0.3443183,-0.8509673,0.3966101
1356445096668,-0.07713491,-0.45061392,-0.8893802,0.93988127,0.2647825,-0.21566963,0.33267602,-0.8525475,0.40309966
1356445096708,-0.14606124,-0.4490865,-0.8814689,0.9368616,0.22338796,-0.26905048,0.3177365,-0.8651122,0.38810357
1356445096748,-0.20397872,-0.42721722,-0.88083935,0.9318241,0.19114417,-0.30849254,0.30016062,-0.88371336,0.359102
1356445096788,-0.23709059,-0.38887504,-0.8902608,0.93013966,0.17363882,-0.32355812,0.28040755,-0.90477943,0.32053995
1356445096828,-0.23864043,-0.33679315,-0.9108353,0.9360657,0.16990995,-0.30807722,0.25851828,-0.9261215,0.27471316
1356445096868,-0.20229888,-0.27347022,-0.9403665,0.9508185,0.17514002,-0.25548032,0.23456207,-0.94580126,0.22458994
1356445096908,-0.12600237,-0.20262253,-0.9711166,0.9698088,0.18087345,-0.16357177,0.20879251,-0.9624079,0.17371464
1356445096948,-0.007101923,-0.12979284,-0.9915156,0.9831481,0.1802254,-0.030634195,0.18267232,-0.97502434,0.12632567
1356445096988,0.14644259,-0.061509877,-0.987305,0.9762782,0.16989803,0.1342223,0.15948516,-0.9835402,0.084931076
1356445097029,0.31046793,-0.0023022294,-0.9505811,0.939639,0.15205428,0.30652592,0.14383423,-0.98836946,0.049371243
1356445097068,0.45788008,0.047274113,-0.88775617,0.8780532,0.13227554,0.4599194,0.1391707,-0.99008507,0.019057125
1356445097108,0.57365286,0.089071274,-0.8142412,0.80608755,0.11508685,0.5804979,0.14541414,-0.98935395,-0.0057793558
1356445097148,0.65685415,0.12483668,-0.74361175,0.7369611,0.10228598,0.66815114,0.15947086,-0.9868908,-0.024812818
1356445097185,0.7121502,0.15534434,-0.68462414,0.67917883,0.094319165,0.7278874,0.1776464,-0.9833473,-0.03833717
