1356445747003,-0.20661762,-0.21100986,-0.9553973,0.74462694,0.59951687,-0.2934454,0.63469666,-0.77204555,0.033252895
1356445747036,-0.0979681,-0.123096496,-0.9875473,0.7665236,0.6235367,-0.15376484,0.6346998,-0.7720423,0.033269644
1356445747079,-0.097673595,-0.12304291,-0.9875831,0.7665435,0.62357646,-0.15350378,0.6347211,-0.7720187,0.033410788
1356445747123,-0.096634865,-0.12296605,-0.98769486,0.7666164,0.6236956,-0.15265363,0.6347921,-0.7719347,0.03399706
1356445747170,-0.095146656,-0.12348905,-0.98777395,0.76669,0.62380433,-0.15183738,0.6349279,-0.7717633,0.03532493
1356445747212,-0.09774095,-0.12719893,-0.9870497,0.7662705,0.6232437,-0.15619472,0.6350403,-0.7716137,0.03655237
1356445747253,-0.1062713,-0.13443345,-0.9852077,0.7651129,0.6217631,-0.16737106,0.63506603,-0.77158177,0.03678119
1356445747292,-0.1228461,-0.1461857,-0.9816,0.76266533,0.6189805,-0.18762898,0.63501996,-0.7716818,0.035451412
1356445747333,-0.1460124,-0.16106397,-0.9760834,0.7585966,0.6150756,-0.21497247,0.6349894,-0.7718421,0.032373905
1356445747372,-0.17285988,-0.17742163,-0.968835,0.75283504,0.6104646,-0.24611473,0.6351056,-0.77191615,0.028044343
1356445747412,-0.19851428,-0.19279233,-0.96094906,0.7461518,0.6059995,-0.275721,0.6354916,-0.7717485,0.023552775
1356445747453,-0.21878871,-0.20504877,-0.9539845,0.73968446,0.60278094,-0.29920205,0.63639474,-0.7711096,0.019789696
1356445747491,-0.23111275,-0.21322578,-0.9492742,0.7344556,0.60166824,-0.31395906,0.6380923,-0.7697597,0.01755166
1356445747534,-0.23423958,-0.21714815,-0.9476172,0.7308643,0.6034212,-0.31893593,0.6410687,-0.7672871,0.017360687
1356445747572,-0.23024711,-0.21763888,-0.94848275,0.72863317,0.6075057,-0.3162762,0.64504266,-0.7639177,0.018702447
1356445747613,-0.22032416,-0.21572989,-0.9512718,0.72673213,0.61419755,-0.30760652,0.6506288,-0.75909287,0.021455228
1356445747653,-0.20835346,-0.21269625,-0.9546461,0.72414196,0.62254214,-0.29674858,0.6574247,-0.7531279,0.02431351
1356445747693,-0.19775754,-0.20979571,-0.9575373,0.7198472,0.6319621,-0.28713048,0.66536605,-0.74606276,0.02604556
1356445747734,-0.19097528,-0.20779917,-0.9593476,0.71389425,0.6413826,-0.28103983,0.6737087,-0.73854446,0.025858462
1356445747772,-0.18930444,-0.20693819,-0.9598648,0.706646,0.6500224,-0.27950358,0.6817736,-0.7311959,0.023179948
1356445747812,-0.19377282,-0.20703465,-0.95895195,0.69868493,0.6570605,-0.28303862,0.6886883,-0.7248504,0.01733154
1356445747853,-0.20642078,-0.20798312,-0.9561033,0.6897174,0.66217005,-0.2929518,0.69403195,-0.7199124,0.006763935
1356445747893,-0.22848836,-0.20937008,-0.9507666,0.6786745,0.6659274,-0.30974424,0.69799274,-0.71603405,-0.010062516
1356445747932,-0.25781277,-0.20999902,-0.9430976,0.66466105,0.66989267,-0.33086175,0.70125484,-0.7121406,-0.03312874
1356445747972,-0.29037303,-0.20855197,-0.93391085,0.6474725,0.6758069,-0.35222787,0.70460117,-0.70695907,-0.061204374
1356445748012,-0.32229885,-0.20400602,-0.92439437,0.6277609,0.68484044,-0.3700133,0.7085476,-0.69955355,-0.092656255
1356445748053,-0.35220575,-0.19618066,-0.9151308,0.6055634,0.6977645,-0.38264564,0.71361345,-0.6889397,-0.12695682
1356445748089,-0.37746942,-0.18428655,-0.9074995,0.5825399,0.71453756,-0.38740593,0.7198362,-0.67488855,-0.1623618
1356445748134,-0.40305963,-0.17120793,-0.89901656,0.55398464,0.7362758,-0.38858587,0.7284531,-0.6546647,-0.20191646
1356445748173,-0.427175,-0.15542366,-0.8907104,0.5217821,0.7621526,-0.3832321,0.73842067,-0.62846386,-0.24447525
1356445748216,-0.45543855,-0.1407332,-0.87907326,0.48065066,0.79227877,-0.37585807,0.74936676,-0.59370744,-0.29319078
1356445748253,-0.48387802,-0.12463252,-0.86621517,0.43760294,0.8227165,-0.362824,0.7578692,-0.55462086,-0.34355485
1356445748292,-0.51645344,-0.11158393,-0.84901404,0.3918302,0.85079485,-0.35016745,0.7614099,-0.5135145,-0.395674
1356445748332,-0.5512883,-0.10065928,-0.8282203,0.34947756,0.873548,-0.338791,0.7575926,-0.47621596,-0.44639862
1356445748374,-0.58682996,-0.09253954,-0.8044048,0.31500965,0.889093,-0.3320882,0.7459219,-0.44827458,-0.49259555
1356445748415,-0.6192446,-0.08543061,-0.7805368,0.29417783,0.89641833,-0.33150208,0.7280079,-0.43489748,-0.5299704
1356445748452,-0.6409174,-0.07289966,-0.76414025,0.29320508,0.89674723,-0.33147424,0.70940506,-0.43649745,-0.5533664
1356445748492,-0.6465928,-0.050813362,-0.7611411,0.31787312,0.88907796,-0.32938898,0.6934511,-0.45492685,-0.55871916
1356445748532,-0.62901235,-0.011500984,-0.77731013,0.37154168,0.87385345,-0.3135872,0.6828617,-0.48605335,-0.54539156
1356445748575,-0.5737378,0.05453688,-0.81722134,0.45879304,0.84794575,-0.26551265,0.67847914,-0.5272701,-0.5115197
1356445748612,-0.47497392,0.14465274,-0.86802965,0.5612977,0.80949336,-0.17223643,0.6777498,-0.5690308,-0.4656815
1356445748652,-0.3186884,0.25545394,-0.91278756,0.660191,0.7508214,-0.020371526,0.68013644,-0.6091063,-0.4079265
1356445748691,-0.13636154,0.35457522,-0.9250308,0.71723956,0.67943627,0.15470554,0.68335426,-0.6423728,-0.34696436
1356445748732,0.037656665,0.42304727,-0.9053248,0.7259784,0.6109748,0.3156979,0.6866858,-0.6691344,-0.2841159
1356445748771,0.17669496,0.45469996,-0.87294143,0.7042564,0.56117797,0.43485868,0.6876058,-0.691612,-0.22106808
1356445748811,0.28119355,0.45780322,-0.8434135,0.6737635,0.5316534,0.51321274,0.68335414,-0.71257335,-0.1589536
1356445748850,0.35935423,0.4406152,-0.8226316,0.64681774,0.5178169,0.559904,0.6726748,-0.73329663,-0.09891808
1356445748891,0.41643167,0.40855664,-0.8121984,0.6290452,0.5155187,0.5818442,0.65641975,-0.7532078,-0.04232222
1356445748931,0.45799175,0.3668261,-0.80974203,0.621719,0.5188829,0.5867078,0.63538104,-0.77213925,0.009581327
1356445748973,0.4867834,0.31971955,-0.8129091,0.6252011,0.52240324,0.5798434,0.61005366,-0.7904899,0.054408222
1356445749014,0.5041787,0.2722593,-0.81956017,0.6379261,0.5222676,0.56593895,0.58211184,-0.80815315,0.089634836
1356445749055,0.5081406,0.22917534,-0.8302239,0.6574222,0.51952994,0.5457881,0.55640733,-0.82314473,0.11332935
1356445749088,0.5028044,0.19609621,-0.84186345,0.6779126,0.5148024,0.5247981,0.5363043,-0.8345806,0.12590879
1356445749129,0.49953842,0.17853892,-0.8476941,0.69069135,0.50854623,0.5141267,0.52288324,-0.842321,0.13072309
1356445749174,0.5009708,0.17698118,-0.8471753,0.69457126,0.5017722,0.51555353,0.5163323,-0.84670085,0.12844718
1356445749223,0.5016529,0.1948111,-0.8428481,0.69094205,0.49602455,0.52588856,0.5205223,-0.8461728,0.11422899
1356445749264,0.49697968,0.23436126,-0.8355154,0.6810833,0.49128214,0.5429249,0.53771436,-0.8388783,0.084537715
1356445749302,0.44060168,0.27804604,-0.85355765,0.6904222,0.5027428,0.5201604,0.5737485,-0.8184987,0.029540181
1356445749342,0.32498127,0.31869823,-0.8904036,0.71020764,0.5394695,0.45230287,0.6244937,-0.7793614,-0.051024377
1356445749385,0.18510526,0.3497333,-0.9183805,0.71611935,0.5919803,0.36977345,0.6729852,-0.7261171,-0.14087212
1356445749423,0.088771164,0.37724322,-0.92184985,0.70728046,0.62778926,0.3250153,0.7013372,-0.6808584,-0.21108717
1356445749464,0.062799275,0.40848225,-0.91060334,0.703973,0.62862223,0.3305391,0.70744485,-0.66179776,-0.24808347
1356445749502,0.094201505,0.44255072,-0.8917819,0.70719403,0.6007344,0.37282005,0.7007159,-0.66578305,-0.25637913
1356445749542,0.17060116,0.47523895,-0.8631588,0.7065848,0.55154437,0.4433246,0.68675554,-0.6855266,-0.2417025
1356445749585,0.26441997,0.49677044,-0.82662034,0.69300467,0.4982105,0.5210863,0.67069113,-0.7106374,-0.2125274
1356445749622,0.35091808,0.5022208,-0.7903359,0.6684062,0.4567602,0.5870292,0.65581226,-0.7342645,-0.17540205
1356445749664,0.42042223,0.492786,-0.7618445,0.63953704,0.43466374,0.6340818,0.64361286,-0.75380987,-0.13241261
1356445749704,0.46701688,0.46967182,-0.749202,0.615574,0.4355651,0.6567737,0.63479435,-0.7679137,-0.085701525
1356445749742,0.49142215,0.43528306,-0.75434273,0.6014242,0.45684996,0.65542126,0.6299153,-0.7757685,-0.0372836
1356445749782,0.4967689,0.39103472,-0.7747984,0.5987306,0.4918726,0.6321258,0.6282853,-0.777916,0.010222554
1356445749825,0.492669,0.33937967,-0.80131066,0.6046155,0.5287708,0.5956858,0.6258733,-0.7779607,0.05531475
1356445749862,0.4801612,0.28176725,-0.83069396,0.62232685,0.55796933,0.5489804,0.6181865,-0.7805622,0.09256387
1356445749904,0.47109485,0.22912553,-0.8518047,0.6448653,0.5694201,0.50981337,0.6018459,-0.78946966,0.12049577
1356445749942,0.45721835,0.18380146,-0.87015426,0.6715468,0.57011086,0.47328475,0.5830748,-0.8007438,0.13723385
1356445749982,0.4425189,0.15172976,-0.8838298,0.6956311,0.56390196,0.4450977,0.5659279,-0.8117837,0.14398932
1356445750063,0.43605867,0.13724864,-0.8893906,0.7098431,0.55501926,0.43367767,0.55315053,-0.8204367,0.14459598
1356445750064,0.44450012,0.14189252,-0.8844694,0.7106714,0.54521275,0.44462264,0.54531264,-0.8262019,0.14150813
1356445750102,0.46593988,0.16573235,-0.86915636,0.69816923,0.53458536,0.47621232,0.54356205,-0.82870454,0.13337538
1356445750140,0.4834839,0.2057097,-0.8508389,0.6797279,0.52422094,0.5129935,0.5515553,-0.826363,0.113625765
1356445750183,0.470829,0.25727615,-0.8438773,0.6696174,0.51856345,0.53169966,0.57439756,-0.81541455,0.071878165
1356445750222,0.413917,0.31472677,-0.8541778,0.6748667,0.523635,0.5199628,0.6109236,-0.7916776,0.004342854
1356445750263,0.3229312,0.36886275,-0.87158227,0.6874001,0.5415939,0.4838978,0.65053546,-0.7553915,-0.07865876
1356445750302,0.24130487,0.41431206,-0.87756336,0.6931768,0.5592839,0.45465094,0.6791744,-0.7180161,-0.15223354
1356445750346,0.20350489,0.4514282,-0.8687914,0.69207716,0.56134284,0.453788,0.6925425,-0.6936187,-0.19818711
1356445750383,0.20796037,0.4811075,-0.85163844,0.6872439,0.5476865,0.47721612,0.6960231,-0.6845254,-0.21674114
1356445750422,0.24757406,0.50206447,-0.82863647,0.676986,0.5221921,0.5186572,0.69310683,-0.68938136,-0.21060938
1356445750461,0.29498446,0.5108921,-0.80744874,0.6629972,0.4990793,0.5579915,0.68805444,-0.6999351,-0.19149941
1356445750502,0.34258443,0.5090238,-0.7896397,0.6456572,0.48299855,0.59147215,0.6824682,-0.71246564,-0.16318703
1356445750541,0.38197297,0.49680832,-0.7792806,0.62878954,0.4782532,0.61310494,0.67728907,-0.724193,-0.12970805
1356445750581,0.41176048,0.47602648,-0.7770792,0.6144133,0.48474213,0.6225121,0.67301524,-0.7337737,-0.092879355
1356445750621,0.431555,0.44767466,-0.78316516,0.60341096,0.50209546,0.61951226,0.6705635,-0.739924,-0.05344999
1356445750661,0.44212365,0.41232598,-0.79656386,0.5964426,0.5281332,0.6044266,0.6699126,-0.7423359,-0.012428582
1356445750701,0.44990325,0.37137443,-0.8121995,0.5929434,0.5558588,0.58261406,0.6678362,-0.74370825,0.029878676
1356445750760,0.4587267,0.32558414,-0.82677984,0.5966202,0.5766705,0.55811775,0.6584939,-0.749297,0.07028407
1356445750782,0.4687894,0.2784457,-0.8382748,0.61049306,0.5837364,0.5353037,0.6383845,-0.76270556,0.103660285
1356445750822,0.47240385,0.23547629,-0.84934413,0.63261545,0.58039844,0.51277214,0.6137037,-0.7795438,0.12521651
1356445750863,0.47160396,0.2028943,-0.8581513,0.65661633,0.56877697,0.49532583,0.5885955,-0.79707384,0.13501376
1356445750902,0.47264895,0.18423162,-0.8617782,0.6737092,0.55484915,0.4881172,0.56808347,-0.811296,0.13813034
1356445750942,0.48039654,0.17957705,-0.85847026,0.6807713,0.5407751,0.49407756,0.5529644,-0.8217751,0.13753557
1356445750982,0.49636182,0.19060773,-0.8469319,0.67623895,0.52686036,0.51489717,0.5443582,-0.82830364,0.132617
1356445751023,0.5078463,0.21707022,-0.8336502,0.6664504,0.51417774,0.53987515,0.5458352,-0.8297601,0.11645672
1356445751061,0.4935827,0.25882003,-0.83029413,0.6633774,0.5053319,0.5518787,0.5624114,-0.8231962,0.077727705
1356445751099,0.43563053,0.31126687,-0.84459394,0.67620814,0.50614405,0.5353137,0.5941116,-0.80432034,0.0100106
1356445751143,0.3345918,0.36318636,-0.8695654,0.6993425,0.52279615,0.48744667,0.6316394,-0.77121973,-0.07906836
1356445751182,0.22763377,0.40329087,-0.8863066,0.7155956,0.54800427,0.43314457,0.66038305,-0.7328354,-0.16384894
1356445751223,0.15767646,0.4307028,-0.8886131,0.72122073,0.5644421,0.4015542,0.6745211,-0.7042018,-0.22163254
1356445751263,0.13960531,0.45119506,-0.88143826,0.7218538,0.56295764,0.4024994,0.6778182,-0.69246054,-0.247105
1356445751301,0.1701194,0.46756017,-0.8674369,0.7189697,0.5430961,0.43373847,0.67390037,-0.69744825,-0.24377042
1356445751341,0.22439885,0.47739798,-0.84955066,0.71113855,0.5158293,0.477705,0.66627854,-0.7113447,-0.22374463
1356445751382,0.28994843,0.47924528,-0.82840437,0.69668204,0.4877762,0.5260309,0.65617377,-0.72965634,-0.19245166
1356445751421,0.35302076,0.47154093,-0.8081,0.6776004,0.4667245,0.56835383,0.6451621,-0.74820954,-0.15475285
1356445751462,0.40557852,0.45476738,-0.79290146,0.65779686,0.45709583,0.5986374,0.6346727,-0.7643625,-0.11375624
1356445751500,0.4444878,0.43015942,-0.78574383,0.6408907,0.46012706,0.6144446,0.62585115,-0.77668905,-0.07116431
1356445751542,0.46897852,0.39868253,-0.7881062,0.6297172,0.47473687,0.6148831,0.6192863,-0.784651,-0.028415859
1356445751580,0.48150864,0.36132473,-0.7984947,0.62561494,0.49635413,0.6018625,0.613804,-0.78935224,0.012948632
1356445751622,0.4864903,0.31930077,-0.8132492,0.6293656,0.5175484,0.57969177,0.6059918,-0.79384553,0.050825387
1356445751664,0.48734206,0.27493167,-0.8288005,0.6415544,0.53114885,0.5534337,0.59237283,-0.8014322,0.082467586
1356445751702,0.4802171,0.2320627,-0.84589505,0.662156,0.5365682,0.5231099,0.5752747,-0.8113208,0.10400754
1356445751743,0.46685627,0.19671667,-0.8621762,0.6866975,0.5336709,0.4936009,0.55721796,-0.8224949,0.11406276
1356445751782,0.4524898,0.1727899,-0.87486947,0.70767605,0.52738005,0.47017542,0.5426303,-0.8318738,0.11635485
1356445751824,0.4434709,0.1619536,-0.8815353,0.7210041,0.5198043,0.45821017,0.5324346,-0.83879346,0.11374891
1356445751862,0.44852155,0.16707441,-0.8780174,0.72201884,0.51129025,0.46612346,0.5267991,-0.8430115,0.10869381
1356445751901,0.45717666,0.185415,-0.8698337,0.71602106,0.5033959,0.48363864,0.5275446,-0.8439276,0.0973798
1356445751942,0.45649907,0.21906406,-0.86233383,0.7089338,0.4960806,0.5013153,0.53760725,-0.8401875,0.07115841
1356445751981,0.42529824,0.26628304,-0.86499405,0.71180695,0.49186543,0.50139725,0.55897427,-0.8289522,0.01964736
1356445752019,0.35379085,0.32094336,-0.87853706,0.7278018,0.495508,0.4741059,0.5874833,-0.80713516,-0.05827695
1356445752071,0.2615017,0.37197545,-0.89064634,0.7461966,0.5073793,0.43099514,0.61221516,-0.77730334,-0.14488626
1356445752095,0.18970418,0.41136616,-0.8915101,0.75731725,0.51658374,0.39951468,0.6248864,-0.75094557,-0.21353656
1356445752130,0.15145934,0.439123,-0.8855682,0.76277125,0.5178891,0.3872608,0.62868124,-0.7341403,-0.25651127
1356445752166,0.17273957,0.4578894,-0.87206554,0.76278555,0.49795538,0.41255128,0.6231526,-0.73646295,-0.26325488
1356445752206,0.22665071,0.46517855,-0.8557093,0.7569007,0.4688034,0.4553292,0.6129688,-0.75088775,-0.24583936
1356445752252,0.29994673,0.46038687,-0.83550936,0.7420379,0.43781608,0.50763845,0.59950954,-0.7722441,-0.21030307
1356445752289,0.3621813,0.44449815,-0.8192961,0.72455454,0.41869926,0.54745924,0.58638334,-0.7919042,-0.17041814
1356445752329,0.41523525,0.42218512,-0.80581594,0.7048375,0.41070738,0.5783801,0.5751381,-0.8081331,-0.12703174
1356445752370,0.45087907,0.39510518,-0.8003749,0.68879324,0.416288,0.59352183,0.5676901,-0.8188994,-0.084450245
1356445752410,0.46909776,0.3663718,-0.8035664,0.67730767,0.43466213,0.59356815,0.56674653,-0.8227032,-0.04424739
1356445752449,0.47073612,0.33643162,-0.81561106,0.6716795,0.4627464,0.5785434,0.57206136,-0.8201705,-0.008142769
1356445752492,0.4648545,0.30671042,-0.8305655,0.667407,0.49502817,0.5563408,0.58178884,-0.81294274,0.02541542
1356445752530,0.4593895,0.27591017,-0.84429556,0.6650653,0.5232173,0.5328526,0.5887695,-0.80629855,0.056862295
1356445752572,0.45954934,0.24508618,-0.8536669,0.6667926,0.53971547,0.5139017,0.58668745,-0.8053819,0.08460423
1356445752612,0.46447003,0.21742538,-0.85848343,0.6733453,0.5429449,0.5018137,0.5752163,-0.8111332,0.10577929
1356445752652,0.47164127,0.19691044,-0.8595236,0.68193,0.53652406,0.49710506,0.55904025,-0.8205902,0.11876774
1356445752694,0.4818774,0.1863777,-0.85618776,0.6877211,0.5250535,0.5013566,0.5429861,-0.83041084,0.12483555
1356445752733,0.49843472,0.18706207,-0.8465049,0.6860185,0.51189,0.5170563,0.5300391,-0.8384369,0.12681568
1356445752773,0.51969385,0.19831458,-0.8310172,0.67661273,0.49836037,0.54206294,0.521645,-0.8439836,0.12481266
1356445752812,0.5414221,0.22159888,-0.81102157,0.6607391,0.48434865,0.57343715,0.5198903,-0.84634525,0.11581802
1356445752856,0.54231733,0.2582718,-0.79949206,0.65050155,0.47316504,0.5941065,0.5317326,-0.84226507,0.088599384
1356445752902,0.49322194,0.31616184,-0.8104158,0.65914893,0.4721173,0.5853442,0.5676748,-0.8228893,0.024460852
1356445752941,0.4104001,0.3824376,-0.82783645,0.675365,0.48252094,0.55772364,0.61274296,-0.7879816,-0.06025833
1356445752981,0.31248078,0.43882,-0.842492,0.6903236,0.5043477,0.5187357,0.65254045,-0.743687,-0.14532888
1356445753021,0.21445799,0.4556922,-0.8639169,0.7047589,0.54020053,0.45988953,0.6762564,-0.7074801,-0.20530277
1356445753061,0.20528048,0.48570982,-0.849674,0.6996569,0.5342296,0.47442484,0.6843538,-0.69187045,-0.23016334
1356445753097,0.23014647,0.4987397,-0.8356383,0.69387734,0.5179664,0.5002449,0.6823245,-0.69496006,-0.22685605
1356445753140,0.27577466,0.4973841,-0.8225311,0.68556,0.4980312,0.53101075,0.67376244,-0.7103337,-0.20364225
1356445753189,0.33506322,0.4825206,-0.80926293,0.67194724,0.4797123,0.5642367,0.66046923,-0.7328369,-0.16349441
1356445753232,0.38186908,0.4595061,-0.8018916,0.6588723,0.47310066,0.5848616,0.64812297,-0.7516847,-0.12209332
1356445753270,0.41821867,0.43457192,-0.7976468,0.64563376,0.47547442,0.5975626,0.63894457,-0.76489955,-0.08172202
1356445753312,0.44357112,0.4098372,-0.7970434,0.6331064,0.48618314,0.6023307,0.6343666,-0.7717898,-0.043813765
1356445753353,0.45868543,0.38642806,-0.8001756,0.6211365,0.5045241,0.599704,0.6354503,-0.7720938,-0.008606732
1356445753391,0.46570155,0.36373776,-0.8067323,0.6116398,0.5265265,0.5904799,0.6395458,-0.76841694,0.022727728
1356445753433,0.47057587,0.34100816,-0.8138009,0.6048944,0.54678965,0.57889885,0.6423871,-0.7646794,0.051032126
1356445753472,0.4755363,0.31670028,-0.82071084,0.6049372,0.5596183,0.56646127,0.63868326,-0.7658513,0.07453501
1356445753513,0.48275265,0.29232347,-0.8255282,0.61284155,0.5606184,0.55689526,0.6255998,-0.7747606,0.09149206
1356445753552,0.48825222,0.2716272,-0.8293542,0.62528706,0.5540577,0.5495782,0.60879046,-0.7869172,0.10067496
1356445753593,0.4926822,0.2575714,-0.8312167,0.6380169,0.54264957,0.5463203,0.5917759,-0.7994926,0.10301891
1356445753633,0.49926123,0.25227293,-0.828913,0.6451515,0.5303656,0.5499927,0.5783751,-0.80936444,0.102036685
1356445753672,0.5081739,0.25589508,-0.8223607,0.64554614,0.51889163,0.5603764,0.5701136,-0.81564045,0.098495126
1356445753713,0.5160878,0.27075264,-0.81261694,0.64004695,0.50856405,0.5759361,0.569204,-0.8173467,0.08916932
1356445753752,0.5116573,0.29937154,-0.80534685,0.6346001,0.5002167,0.589123,0.5792146,-0.81250226,0.06595832
1356445753793,0.4796508,0.34264287,-0.8077939,0.63777137,0.49614197,0.5891442,0.6026465,-0.7977713,0.019447058
1356445753832,0.4151949,0.39399582,-0.8199881,0.6520466,0.49966058,0.5702407,0.63438815,-0.7714315,-0.04944712
1356445753872,0.33364603,0.4400162,-0.8337062,0.6704388,0.51096356,0.5379851,0.6627156,-0.73844564,-0.124522984
1356445753912,0.26550025,0.47075507,-0.84136754,0.6843282,0.52270436,0.5084045,0.6791205,-0.7107531,-0.1833728
1356445753953,0.23291135,0.48592433,-0.84239537,0.6912168,0.52660674,0.4948785,0.6840846,-0.69754064,-0.21322638
1356445753993,0.23220956,0.49030963,-0.84004474,0.6921369,0.52350545,0.49687895,0.6833925,-0.696806,-0.21779835
1356445754070,0.25955617,0.48703012,-0.83392584,0.68616277,0.5146405,0.51412636,0.679567,-0.7056535,-0.20060378
1356445754074,0.29981953,0.47795638,-0.82563066,0.6750376,0.5052559,0.537625,0.674116,-0.71852225,-0.17115295
1356445754108,0.34158772,0.46510375,-0.81669843,0.6612594,0.49856782,0.56050533,0.66787267,-0.7315113,-0.13724953
1356445754154,0.38212305,0.44946837,-0.80744046,0.6454636,0.49547368,0.5812766,0.661331,-0.7432926,-0.10078359
1356445754191,0.41583818,0.43132016,-0.80065066,0.6302689,0.49799287,0.5956209,0.6556216,-0.75230706,-0.06476325
1356445754230,0.44162294,0.41121662,-0.79741466,0.6161959,0.50699353,0.6027108,0.6521287,-0.75753456,-0.029489994
1356445754271,0.45940644,0.38860127,-0.7987082,0.6042012,0.522401,0.60169613,0.6510658,-0.7590035,0.0052010417
1356445754310,0.47310978,0.36313188,-0.8026845,0.59484124,0.54040694,0.5950833,0.64987,-0.75900954,0.039665997
1356445754353,0.48629332,0.33461148,-0.80718887,0.5910271,0.5544405,0.5859033,0.6435882,-0.7619914,0.07185626
1356445754393,0.5003563,0.3048942,-0.81035984,0.59520614,0.5585877,0.5776758,0.62878704,-0.77137494,0.09801796
1356445754432,0.51062614,0.2781126,-0.81358117,0.60617185,0.5546244,0.5700417,0.60976774,-0.7842482,0.11462167
1356445754473,0.51826787,0.25842482,-0.8152392,0.6196226,0.54356825,0.5662167,0.58946264,-0.79859257,0.12158811
1356445754512,0.5272812,0.24903594,-0.8123765,0.62794787,0.5298764,0.57001084,0.5724124,-0.8106862,0.123012304
1356445754555,0.5406506,0.25002486,-0.8032338,0.6285665,0.5145237,0.5832406,0.5591075,-0.8202152,0.12102026
1356445754592,0.56356275,0.26432958,-0.78264093,0.61624146,0.49641976,0.6114032,0.55013037,-0.82685995,0.11687285
1356445754631,0.58171356,0.28782564,-0.7607665,0.6009162,0.47827274,0.6404333,0.548187,-0.8297057,0.10525864
1356445754673,0.5820648,0.32440987,-0.7456264,0.59128726,0.46060532,0.66198343,0.5581934,-0.8261966,0.07628277
1356445754711,0.54727185,0.37344635,-0.74902034,0.600379,0.44835743,0.662209,0.58312833,-0.8121044,0.02116406
1356445754753,0.4675291,0.4285724,-0.7731379,0.6313695,0.4502497,0.6313856,0.61869955,-0.7833268,-0.060082674
1356445754792,0.36579,0.47660127,-0.79940534,0.6653843,0.46664166,0.58267426,0.6507391,-0.74504817,-0.14643013
1356445754832,0.28110573,0.5092877,-0.81339145,0.68672216,0.4853064,0.54119354,0.67036724,-0.71070653,-0.21331674
1356445754872,0.2406277,0.52824104,-0.8142848,0.69392204,0.49295616,0.524849,0.6786535,-0.69134337,-0.24793917
1356445754912,0.24732238,0.53701514,-0.8065025,0.6905344,0.48620743,0.535504,0.67970127,-0.6893599,-0.25057745
1356445754951,0.27904484,0.53635967,-0.7965252,0.6812383,0.47403368,0.55785894,0.6767928,-0.69829106,-0.2331121
1356445754992,0.32982644,0.5269617,-0.78327894,0.6651486,0.45906666,0.5889271,0.66991925,-0.71524066,-0.19909555
1356445755031,0.37905553,0.5086245,-0.77305764,0.64805967,0.4504229,0.6141156,0.6605571,-0.7337713,-0.15888369
1356445755071,0.4267698,0.48417863,-0.7638315,0.6297141,0.44711602,0.6352539,0.6490977,-0.7521026,-0.11407846
1356445755109,0.4659521,0.45400563,-0.75945216,0.6139932,0.4521237,0.64699036,0.6371036,-0.767765,-0.06808841
1356445755152,0.492418,0.42007098,-0.7622762,0.60376483,0.4659587,0.6468003,0.62689126,-0.7787316,-0.02417761
1356445755191,0.50376797,0.38389155,-0.7738509,0.6008358,0.48792502,0.6331868,0.62065625,-0.7839365,0.015145212
1356445755231,0.50065446,0.34559298,-0.7936691,0.6064339,0.5142379,0.60646284,0.61772406,-0.7849362,0.04787615
1356445755270,0.4895775,0.30643183,-0.81634146,0.61861223,0.5377401,0.5728477,0.61451834,-0.7854521,0.07370302
1356445755311,0.4752086,0.26757666,-0.83820015,0.6365802,0.5530828,0.5374617,0.6074063,-0.78898805,0.09249571
1356445755351,0.45980075,0.23245494,-0.85705775,0.658346,0.5584736,0.504666,0.59595627,-0.79628634,0.103750825
1356445755390,0.44409576,0.20497854,-0.8722172,0.6797281,0.5571516,0.47702396,0.5837369,-0.8047148,0.108098984
1356445755432,0.43211615,0.18834949,-0.8819297,0.6963912,0.55166584,0.45902503,0.5729876,-0.81252027,0.1072188
1356445755470,0.4297258,0.18492016,-0.8838214,0.7043929,0.5437498,0.45625296,0.56494814,-0.8186213,0.10340685
1356445755511,0.4392097,0.19547203,-0.87686116,0.7024547,0.53373545,0.47083306,0.5600466,-0.82274973,0.09711152
1356445755550,0.45453787,0.21945384,-0.8632701,0.69305897,0.521664,0.49752986,0.55952173,-0.8244432,0.085021645
1356445755592,0.4601623,0.25569302,-0.8502186,0.6837696,0.50876826,0.5230813,0.5663124,-0.82205594,0.059280902
1356445755632,0.42976987,0.3011134,-0.8512511,0.6883422,0.50087667,0.52469754,0.58436537,-0.8114513,0.007992625
1356445755673,0.35793024,0.3489034,-0.8661133,0.7071234,0.5044841,0.49545142,0.6098051,-0.7897861,-0.066147685
1356445755713,0.24689788,0.38716674,-0.8883374,0.7317592,0.52647954,0.4328369,0.63527155,-0.75691557,-0.15332615
1356445755752,0.14913306,0.41278836,-0.89853495,0.74508774,0.5504948,0.37656307,0.65007967,-0.7256454,-0.22546661
1356445755796,0.10604203,0.43188596,-0.89567274,0.75128067,0.55528533,0.3567009,0.651408,-0.71072686,-0.265584
1356445755834,0.11025855,0.44762027,-0.8874002,0.7553383,0.54257154,0.36753255,0.64599305,-0.71081096,-0.27828157
1356445755872,0.1620763,0.46193555,-0.8719786,0.75440586,0.51160973,0.41125086,0.63608414,-0.7244798,-0.26556706
1356445755910,0.23328018,0.46839064,-0.8521682,0.7445888,0.47760797,0.4663456,0.62543416,-0.7433041,-0.23734188
1356445755951,0.3021855,0.4645186,-0.83241,0.7270692,0.45242277,0.5164145,0.61648536,-0.76127267,-0.20102161
1356445755990,0.35808712,0.45089793,-0.8175969,0.70686233,0.44118845,0.55289996,0.61001575,-0.7759148,-0.16073889
1356445756068,0.40002218,0.42917717,-0.80980814,0.6877847,0.44341788,0.57474595,0.6057513,-0.7868847,-0.11780447
1356445756069,0.42757145,0.40023208,-0.81055355,0.67304647,0.45764288,0.581009,0.6034825,-0.793963,-0.07369977
1356445756107,0.44142476,0.36554205,-0.8194652,0.66448665,0.4805493,0.57230234,0.602994,-0.79715204,-0.030771434
1356445756150,0.4488891,0.32753175,-0.83139735,0.6599168,0.5058166,0.55557126,0.6025018,-0.79804295,0.010911882
1356445756202,0.4605437,0.28518635,-0.8405762,0.6601358,0.52302706,0.5391321,0.59339714,-0.8031883,0.052615106
1356445756243,0.46175873,0.23759715,-0.85459137,0.67438537,0.53180104,0.51224214,0.57617986,-0.81285626,0.08533174
1356445756304,0.47047338,0.19694981,-0.86015445,0.6940402,0.5193902,0.49853987,0.54494315,-0.83153147,0.10766813
1356445756334,0.47294307,0.1675851,-0.8650087,0.71313965,0.50375617,0.4875055,0.5174521,-0.84743434,0.118736416
1356445756373,0.47514528,0.15327904,-0.866454,0.7260345,0.48801535,0.48447388,0.4971025,-0.859271,0.120592326
1356445756412,0.48978975,0.15782651,-0.8574362,0.72472477,0.47299847,0.50104547,0.4846443,-0.8668121,0.11728901
1356445756454,0.5127579,0.17921078,-0.83962065,0.7109225,0.4596492,0.53227043,0.4813196,-0.8698311,0.10828379
1356445756493,0.54622155,0.22077364,-0.80802286,0.68129367,0.44411224,0.5818962,0.48732018,-0.86834514,0.092172
1356445756532,0.557393,0.27395254,-0.7837493,0.65657645,0.432324,0.6180641,0.50815386,-0.859096,0.061103582
1356445756572,0.5289011,0.336343,-0.77919,0.64931107,0.4308388,0.6267161,0.5464968,-0.8374075,0.00947988
1356445756611,0.45856157,0.39882192,-0.79414254,0.6594465,0.44631395,0.60492486,0.59569424,-0.8010898,-0.058339298
1356445756653,0.38055784,0.4536939,-0.80581486,0.66770905,0.4680599,0.5788649,0.6397971,-0.7583415,-0.12481171
1356445756692,0.3449341,0.50304604,-0.79244244,0.6607628,0.46948087,0.58564514,0.666643,-0.72562546,-0.17045414
1356445756733,0.37117094,0.54975647,-0.7483314,0.6365687,0.4360752,0.6360964,0.67602694,-0.71246487,-0.18809932
1356445756772,0.43902206,0.58867645,-0.6787633,0.5934074,0.37726843,0.7110107,0.67463124,-0.71493256,-0.1836958
1356445756810,0.5222683,0.61228275,-0.5935871,0.5314096,0.31072262,0.78807056,0.6669629,-0.7270222,-0.1630924
1356445756850,0.5958795,0.61906457,-0.5115531,0.46236312,0.2563623,0.84882194,0.65661854,-0.7423189,-0.13347161
1356445756890,0.6513146,0.61382425,-0.44610426,0.39891672,0.2231215,0.889428,0.6454879,-0.7572559,-0.09954244
1356445756933,0.6888569,0.60198355,-0.40384638,0.34977874,0.21193373,0.91254526,0.63492596,-0.76987,-0.064569056
1356445756970,0.7103609,0.5872303,-0.38800508,0.32038093,0.22106817,0.92113245,0.6266925,-0.7786459,-0.0310992
1356445757011,0.71681833,0.571182,-0.39990324,0.31307742,0.24880785,0.9165572,0.6230201,-0.7822057,-4.7415495E-4
1356445757073,0.7091669,0.55249643,-0.43798408,0.32675892,0.29291302,0.8985714,0.6247487,-0.78035223,0.027191073
1356445757091,0.69269836,0.5277887,-0.49153644,0.35347396,0.34562692,0.86925155,0.6286693,-0.77587444,0.05285564
1356445757136,0.6767774,0.49479076,-0.5451187,0.38451067,0.39386353,0.8348791,0.62779284,-0.7746313,0.07630563
1356445757190,0.6685481,0.45588803,-0.5875453,0.41560477,0.42613026,0.80354565,0.61669767,-0.7813956,0.09541938
1356445757206,0.66275984,0.41550878,-0.6229782,0.4501442,0.44377685,0.77487564,0.5984309,-0.79398644,0.10707861
1356445757253,0.6560807,0.3792033,-0.65250516,0.4859145,0.44929138,0.74968284,0.5774472,-0.8089141,0.110511035
1356445757302,0.6479835,0.35107774,-0.67591554,0.5185508,0.44664872,0.7291159,0.5578732,-0.8229516,0.10736933
1356445757341,0.645066,0.33647102,-0.68605924,0.5366826,0.43961114,0.720218,0.5439317,-0.8327841,0.103000075
1356445757382,0.6453253,0.334102,-0.6869724,0.5436985,0.43082532,0.72026485,0.536607,-0.838311,0.09637171
1356445757422,0.63813955,0.34396002,-0.68881744,0.5496414,0.4229678,0.7204114,0.5391403,-0.8383256,0.08085784
1356445757464,0.60306674,0.3647968,-0.70938975,0.5714998,0.42282993,0.70328,0.5565055,-0.82954085,0.04651335
1356445757501,0.52238846,0.39208105,-0.75722045,0.6161155,0.44036037,0.65305775,0.58950144,-0.8076851,-0.011528075
1356445757542,0.39697915,0.41690037,-0.81768066,0.6670264,0.48091185,0.5690338,0.6304627,-0.7713092,-0.087171614
1356445757582,0.27019465,0.43352044,-0.859683,0.6968174,0.52811533,0.48532435,0.6644098,-0.7301741,-0.15939063
1356445757622,0.18881088,0.445121,-0.8753386,0.70526654,0.558799,0.4362828,0.68333703,-0.699722,-0.20842165
1356445757661,0.1632027,0.45485675,-0.87548286,0.70571625,0.56628925,0.42577106,0.6894414,-0.6873295,-0.22857988
1356445757702,0.18371886,0.46146736,-0.8679259,0.7033685,0.55508536,0.44401932,0.6866733,-0.6920464,-0.22260189
1356445757742,0.22128281,0.45919546,-0.8603333,0.69940054,0.54007065,0.4681479,0.67961216,-0.70531064,-0.20165318
1356445757780,0.26582617,0.4479091,-0.8536475,0.69325316,0.5265012,0.4921347,0.669878,-0.7226161,-0.1705566
1356445757820,0.3056057,0.4264251,-0.85133237,0.6874479,0.5198216,0.50714976,0.65880233,-0.74023455,-0.13428462
1356445757860,0.33422795,0.3958504,-0.85533273,0.6848675,0.52146345,0.5089521,0.6474936,-0.7558957,-0.096817434
1356445757900,0.3490894,0.35810208,-0.8659674,0.68691707,0.53078103,0.49640352,0.6374022,-0.7681369,-0.060696363
1356445757942,0.34917787,0.31480503,-0.8825943,0.6934694,0.5466491,0.4693346,0.6302182,-0.7759334,-0.027429879
1356445757980,0.33815277,0.2681955,-0.90206647,0.70283204,0.5654718,0.43158868,0.6258433,-0.7799442,0.002719462
1356445758021,0.32153216,0.2201408,-0.9209533,0.7152862,0.5808433,0.38857,0.6204697,-0.783683,0.0292961
1356445758080,0.30491045,0.17357603,-0.93643,0.7328738,0.58516663,0.34709677,0.6082152,-0.7921183,0.0512141
1356445758101,0.28574476,0.13180104,-0.94919884,0.7549648,0.5791015,0.3076841,0.5902356,-0.80453086,0.06597006
1356445758140,0.26763496,0.10014576,-0.95830184,0.77834934,0.5637679,0.27629334,0.56792945,-0.8198393,0.07293564
1356445758182,0.2554016,0.08109093,-0.9634284,0.79718137,0.5461669,0.2573005,0.5470575,-0.83374214,0.0748477
1356445758224,0.25503784,0.0746482,-0.96404535,0.8090044,0.5295959,0.25502968,0.529592,-0.84495914,0.074676275
1356445758262,0.27215987,0.08185598,-0.95876414,0.81182015,0.5153888,0.2744497,0.5166016,-0.8530382,0.07381582
1356445758301,0.29601318,0.10005745,-0.94992876,0.80769706,0.50467056,0.30484918,0.50990355,-0.8574941,0.068573
1356445758345,0.3117912,0.13268587,-0.9408404,0.7989665,0.49929926,0.33519045,0.51423603,-0.8562095,0.04966551
1356445758387,0.29102805,0.18057981,-0.93951774,0.79246485,0.5046854,0.3424794,0.5360056,-0.8442059,0.0037744641
1356445758422,0.2315064,0.23670444,-0.9435972,0.78870666,0.5221572,0.32448965,0.56951416,-0.8193429,-0.06580764
1356445758461,0.13880387,0.2875114,-0.94766587,0.7839597,0.5527928,0.28253725,0.60509557,-0.7821492,-0.14866763
1356445758502,0.05408448,0.32464653,-0.94428784,0.7746133,0.5831178,0.24484242,0.6301183,-0.74470013,-0.21993792
1356445758542,0.008989453,0.34897932,-0.9370873,0.7667644,0.5991271,0.23047559,0.6418656,-0.720597,-0.2621991
1356445758582,0.013731483,0.36574978,-0.93061197,0.7654874,0.5949344,0.24511655,0.64330435,-0.7157375,-0.2718075
1356445758621,0.052708205,0.37697074,-0.9247242,0.76704323,0.57765746,0.2792069,0.6394267,-0.72402,-0.25870556
1356445758662,0.11749843,0.38290083,-0.9162865,0.765612,0.5527197,0.32914925,0.63248116,-0.74019444,-0.2282098
1356445758701,0.18470016,0.3805662,-0.9061209,0.7584567,0.53113544,0.37767506,0.62500334,-0.7570102,-0.19054222
1356445758741,0.24788356,0.37064886,-0.8950828,0.7460431,0.516382,0.42043948,0.61804,-0.7719903,-0.14851737
1356445758780,0.29676926,0.35190022,-0.8877467,0.7327323,0.5122474,0.44800216,0.612398,-0.783434,-0.10582942
1356445758821,0.3271101,0.3250295,-0.8873302,0.7226654,0.51898956,0.4565134,0.6088954,-0.790573,-0.065120876
1356445758860,0.33976102,0.29113135,-0.89431816,0.71763897,0.5343672,0.44659364,0.60791177,-0.7935327,-0.027370095
1356445758901,0.3388215,0.2511374,-0.90671384,0.7183889,0.5532603,0.4216876,0.60755026,-0.79425,0.0070421696
1356445758947,0.33237353,0.20797706,-0.9199312,0.7245847,0.5680696,0.3902229,0.60374236,-0.79626787,0.03811431
1356445758982,0.32287326,0.1642912,-0.93207365,0.7374125,0.57366276,0.3565583,0.59327537,-0.8024459,0.06406999
1356445759023,0.31031382,0.12453151,-0.9424421,0.7558261,0.56896335,0.32404867,0.57656926,-0.8128792,0.082433045
1356445759062,0.29466173,0.09330559,-0.9510355,0.7747286,0.5593068,0.2949094,0.5594373,-0.8236929,0.09251982
1356445759101,0.28196907,0.074254036,-0.95654577,0.7898033,0.54807496,0.27536255,0.54470557,-0.8331267,0.0958941
1356445759144,0.28244746,0.0703623,-0.9566988,0.79685986,0.53803664,0.27482888,0.5340766,-0.8399795,0.09589821
1356445759196,0.29624984,0.080474794,-0.95171416,0.79600555,0.5298761,0.29258597,0.52783644,-0.8442483,0.09291732
1356445759221,0.31947213,0.10616481,-0.94162977,0.7873468,0.5231955,0.32611573,0.5272784,-0.845574,0.083557904
1356445759261,0.3326881,0.14575613,-0.93170476,0.7759783,0.5191182,0.35829312,0.5358883,-0.8421826,0.05960083
1356445759303,0.30768514,0.19440806,-0.9314158,0.7711518,0.5224727,0.36379546,0.5573641,-0.8301974,0.010838926
1356445759343,0.2319549,0.24319685,-0.94183445,0.7744291,0.5397216,0.33009112,0.5886055,-0.8059503,-0.063147664
1356445759381,0.12404692,0.28162342,-0.9514729,0.77534014,0.57089,0.27005982,0.6192416,-0.7712152,-0.14753681
1356445759439,0.03216923,0.30808324,-0.9508154,0.76825434,0.60089827,0.2206957,0.63933593,-0.73756766,-0.21735585
1356445759478,0.0041445494,0.3316054,-0.943409,0.76354754,0.6081564,0.21711946,0.6457382,-0.72123754,-0.25067598
1356445759505,0.022358354,0.3534406,-0.9351897,0.7633344,0.59804076,0.24426998,0.64561653,-0.719324,-0.25642216
1356445759548,0.078606606,0.37274927,-0.92459667,0.76324326,0.5741389,0.29635176,0.64131176,-0.72898734,-0.23936725
1356445759575,0.13604501,0.38236007,-0.9139434,0.75957716,0.5520003,0.34400326,0.6360301,-0.7410105,-0.21533507
1356445759619,0.20949835,0.38640815,-0.89822006,0.74857396,0.5276147,0.40157157,0.6290846,-0.7565127,-0.17872065
1356445759658,0.27646637,0.37757128,-0.88374555,0.73337644,0.51140016,0.44791615,0.6210679,-0.7719519,-0.13551694
1356445759699,0.33107552,0.3573044,-0.8733399,0.71785444,0.50533384,0.4788766,0.61243284,-0.78547525,-0.089188874
1356445759750,0.3767928,0.3266502,-0.8667911,0.7018239,0.5100434,0.4972917,0.60454154,-0.7957107,-0.037070274
1356445759799,0.3913592,0.27911013,-0.8768897,0.6980208,0.53091455,0.48051712,0.59967065,-0.80014205,0.012953639
1356445759841,0.38771075,0.22515629,-0.8938596,0.70316935,0.55476123,0.4447391,0.5960145,-0.80096483,0.056763887
1356445759887,0.37825495,0.17313382,-0.9093667,0.7133179,0.5715946,0.4055332,0.5900006,-0.8020625,0.092709005
1356445759921,0.36497858,0.1268583,-0.92233276,0.72803676,0.57860017,0.3676743,0.5803044,-0.80568534,0.11881918
1356445759963,0.34933552,0.08977902,-0.9326867,0.7453204,0.5766265,0.33466315,0.5678576,-0.8120601,0.13452196
1356445760001,0.3348068,0.06440255,-0.9400833,0.7609328,0.56995684,0.31004924,0.55577487,-0.8191468,0.14181942
1356445760073,0.32843143,0.052577972,-0.94306326,0.7707304,0.5622437,0.29976106,0.54599214,-0.8252984,0.14413506
1356445760079,0.33510932,0.0550943,-0.940567,0.77257127,0.5553398,0.30778438,0.5392915,-0.8297965,0.14353532
1356445760122,0.35111243,0.07223317,-0.9335429,0.76695955,0.54974085,0.3309955,0.5371155,-0.8322063,0.13762093
1356445760162,0.36995053,0.10511413,-0.92308587,0.7552333,0.54462683,0.36469728,0.5410722,-0.83206517,0.12209928
1356445760203,0.3567087,0.14784646,-0.92244256,0.7494143,0.54426557,0.37703195,0.5577966,-0.8257823,0.08334601
1356445760242,0.30454442,0.19823077,-0.9316422,0.75050926,0.55233216,0.3628567,0.5865053,-0.8097121,0.019435644
1356445760284,0.20017123,0.24415275,-0.9488524,0.7565243,0.5768753,0.30803537,0.6225772,-0.77948976,-0.069233656
1356445760322,0.08980426,0.27706012,-0.9566467,0.7549113,0.6076019,0.24683774,0.64964926,-0.7443505,-0.15459055
1356445760362,0.010287076,0.29641986,-0.95500225,0.74993813,0.6294451,0.2034494,0.6614279,-0.71828556,-0.21582144
1356445760403,-0.018478513,0.30943465,-0.9507412,0.7502012,0.6328993,0.19140685,0.66095126,-0.7097103,-0.2438333
1356445760442,-0.0022763014,0.32034522,-0.94729805,0.7563899,0.6201986,0.20791328,0.654117,-0.7160535,-0.24371767
1356445760480,0.045904934,0.32932267,-0.94310087,0.76314056,0.5976454,0.24583802,0.6446,-0.73100376,-0.22388464
1356445760522,0.10999113,0.33377457,-0.93621397,0.7649344,0.57301563,0.2941572,0.63464737,-0.74849695,-0.192289
1356445760562,0.1762794,0.33126146,-0.9269258,0.7599525,0.5526991,0.34204668,0.625618,-0.7647154,-0.1543135
1356445760601,0.23432517,0.3202536,-0.917894,0.7500948,0.5410681,0.38026735,0.61842513,-0.77761364,-0.11343467
1356445760643,0.2782683,0.30036333,-0.9123314,0.73858213,0.5403289,0.40316385,0.61405474,-0.7860194,-0.07148659
1356445760682,0.3027012,0.27126217,-0.91366774,0.7301991,0.55008584,0.4052343,0.6125204,-0.78982425,-0.0315637
1356445760722,0.3156308,0.23706862,-0.91879034,0.7246946,0.5648321,0.39469275,0.61253154,-0.7904196,0.0064760447
1356445760762,0.31867984,0.19783959,-0.92698574,0.7262137,0.5775348,0.37291712,0.60914433,-0.7920309,0.040374875
1356445760804,0.31990176,0.15869507,-0.9340657,0.73585486,0.5793951,0.35045546,0.5968087,-0.7994481,0.068573
1356445760842,0.31298655,0.122234404,-0.9418589,0.75262046,0.5729641,0.32446045,0.5793115,-0.810414,0.08733398
1356445760881,0.3017423,0.09480834,-0.9486637,0.7718726,0.5597669,0.30145258,0.55961084,-0.8232085,0.09572536
1356445760923,0.29318303,0.08026537,-0.952681,0.7871041,0.545364,0.28817555,0.5426884,-0.83434737,0.09671432
1356445760961,0.29756337,0.08069533,-0.9512856,0.7937407,0.53277296,0.29347697,0.5305015,-0.8424021,0.09448254
1356445761003,0.32041097,0.09667578,-0.9423325,0.7896857,0.52217025,0.32207868,0.52319527,-0.84734404,0.09096557
1356445761069,0.35903254,0.12889436,-0.9243819,0.77407026,0.512226,0.37207502,0.5214508,-0.84912354,0.08413249
1356445761082,0.38906804,0.17556661,-0.9043243,0.75322634,0.5045353,0.42201215,0.53035474,-0.84535235,0.06405717
1356445761117,0.3991941,0.23674053,-0.8857753,0.7330602,0.49785087,0.46342987,0.55069673,-0.83432513,0.025194049
1356445761163,0.34706992,0.29894984,-0.8889159,0.73289514,0.5049348,0.4559667,0.5851557,-0.80973446,-0.043851197
1356445761202,0.26322222,0.35677624,-0.89633965,0.7393265,0.5222764,0.42499846,0.61976635,-0.7745567,-0.12629938
1356445761243,0.1840967,0.40336746,-0.8963276,0.74410325,0.53861874,0.39522183,0.64219844,-0.7397193,-0.20098907
1356445761283,0.15560159,0.445034,-0.8818916,0.74428844,0.5341625,0.40088025,0.6494788,-0.7187594,-0.24811715
1356445761322,0.18891263,0.48465514,-0.85406166,0.73941696,0.5021151,0.4484896,0.6462,-0.7162331,-0.26350635
