1356445284176,-0.09345931,-0.0881823,-0.99171025,0.9955524,0.0035865307,-0.09414032,0.0118582845,-0.9960979,0.087454975
1356445284177,0.5243616,0.080656886,0.847667,-0.8514131,0.035796672,0.5232728,0.011861891,-0.99609894,0.087442726
1356445284198,0.5243195,0.08063012,0.8476956,-0.8514387,0.03575051,0.52323425,0.011882871,-0.9961028,0.08739625
1356445284225,0.524181,0.08057192,0.8477868,-0.8515227,0.035586894,0.5231087,0.011977792,-0.9961133,0.087262794
1356445284260,0.52379835,0.08050737,0.8480294,-0.85175395,0.0351578,0.5227612,0.012271255,-0.9961338,0.08698808
1356445284298,0.52287614,0.080470085,0.8486018,-0.8523091,0.034141123,0.52192295,0.013026983,-0.9961722,0.08643696
1356445284338,0.52054596,0.08036065,0.85004365,-0.853713,0.03224641,0.5197445,0.0143561065,-0.9962442,0.08539063
1356445284380,0.5159795,0.079980075,0.8528589,-0.856448,0.029357642,0.51539785,0.016183674,-0.99636406,0.08364673
1356445284420,0.50879884,0.079196125,0.8572349,-0.8606876,0.02544865,0.50849706,0.018455505,-0.99653417,0.08111136
1356445284460,0.4987935,0.07810673,0.8631943,-0.8664683,0.020897597,0.49879444,0.020920515,-0.9967259,0.07810061
1356445284501,0.48701608,0.07669693,0.87001896,-0.87307596,0.015913427,0.4873245,0.023531348,-0.9969275,0.074712336
1356445284541,0.473997,0.07514852,0.87731385,-0.88013613,0.010769963,0.4745994,0.026216716,-0.9971143,0.071245804
1356445284580,0.46067324,0.073896885,0.8844882,-0.8871036,0.0060401857,0.46153075,0.028763264,-0.9972475,0.068336785
1356445284622,0.44869623,0.073444575,0.89066136,-0.8931383,0.0020177066,0.44977766,0.031236619,-0.9972972,0.06650148
1356445284660,0.4389747,0.07441163,0.8954128,-0.89786375,-0.0011502206,0.4402718,0.033791304,-0.9972269,0.066306636
1356445284700,0.4323407,0.077269346,0.8983935,-0.90097046,-0.0033331215,0.4338675,0.03651911,-0.9970047,0.068176374
1356445284740,0.42937225,0.08244413,0.89935666,-0.90226424,-0.0043733716,0.43116128,0.03947997,-0.9965861,0.07250859
1356445284780,0.43018988,0.09002671,0.8982382,-0.90172946,-0.0041750968,0.43228042,0.04266706,-0.99593055,0.079383686
1356445284821,0.4347404,0.100322485,0.8949504,-0.8993699,-0.0026184022,0.4371808,0.04620239,-0.9949516,0.08908871
1356445284860,0.44232592,0.11278567,0.8897343,-0.8954576,1.9350648E-4,0.44514677,0.050033987,-0.9936193,0.10108037
1356445284900,0.45252195,0.1279107,0.882532,-0.89009607,0.004481107,0.4557509,0.05434069,-0.9917755,0.11588058
1356445284940,0.46412224,0.144075,0.8739754,-0.8838246,0.00994885,0.46771267,0.058690637,-0.98951685,0.1319545
1356445284980,0.4762917,0.16073203,0.8644718,-0.877048,0.016721815,0.48011163,0.0627138,-0.98685646,0.14893419
1356445285020,0.48815826,0.17628959,0.8547652,-0.87028706,0.02472213,0.49192405,0.06558946,-0.98402786,0.16549087
1356445285059,0.49869353,0.1887371,0.8459805,-0.8642376,0.03359437,0.50196093,0.06631845,-0.9814529,0.17986697
1356445285100,0.50707746,0.1962122,0.83926946,-0.8595177,0.042761296,0.50931406,0.06404537,-0.97962856,0.19033113
1356445285140,0.5129839,0.19779596,0.8352989,-0.8564105,0.051746756,0.51369566,0.05838296,-0.9788764,0.19593981
1356445285180,0.51659423,0.19377068,0.8340164,-0.8547996,0.060427964,0.51542807,0.04947692,-0.97918403,0.19685186
1356445285219,0.5183256,0.18509358,0.83491254,-0.85435647,0.069154084,0.5150658,0.037597716,-0.9802847,0.19398022
1356445285247,0.51991004,0.17510551,0.83608115,-0.853851,0.077723265,0.51468205,0.025140643,-0.981477,0.1899231
1356445285277,0.5205653,0.16395777,0.83793175,-0.85374326,0.08663377,0.51343656,0.0115887225,-0.9826559,0.18507637
1356445285319,0.51978964,0.15015417,0.84099495,-0.8542759,0.09782225,0.51053256,-0.005609423,-0.9838112,0.17912005
1356445285358,0.51990557,0.13545686,0.84341544,-0.85386676,0.110949904,0.508529,-0.024693131,-0.9845515,0.17334558
1356445285398,0.5217693,0.12184927,0.8443397,-0.8519821,0.1247789,0.5084847,-0.043397278,-0.9846741,0.16891919
1356445285439,0.5260328,0.110878736,0.84320545,-0.8483869,0.1376696,0.51116216,-0.059406698,-0.98425245,0.16648681
1356445285478,0.5327946,0.10318571,0.8399302,-0.84327495,0.14781594,0.5167571,-0.07083312,-0.98361737,0.16576944
1356445285518,0.54130864,0.09823036,0.8350664,-0.8373098,0.15368137,0.524685,-0.07679415,-0.9832257,0.16543828
1356445285558,0.55018204,0.094491094,0.82968134,-0.8313979,0.15474148,0.53369707,-0.0779565,-0.9834259,0.16369568
1356445285598,0.5577572,0.09021941,0.8250863,-0.8264599,0.15213715,0.54205024,-0.076622844,-0.98423314,0.1594183
1356445285638,0.5624547,0.083940566,0.8225562,-0.8233559,0.14793703,0.54790473,-0.0756951,-0.9854281,0.15232085
1356445285678,0.5630606,0.074784845,0.823025,-0.8228359,0.14332658,0.5499078,-0.076836616,-0.98684585,0.14223719
1356445285718,0.5590468,0.062844366,0.826751,-0.8253224,0.13770439,0.5476134,-0.079432815,-0.9884777,0.12885006
1356445285758,0.55067223,0.049142152,0.83327377,-0.83072317,0.12985544,0.5413285,-0.08160311,-0.9903144,0.112331286
1356445285798,0.53878486,0.035158962,0.8417094,-0.83844876,0.119562104,0.5317035,-0.08194235,-0.99220395,0.09389727
1356445285838,0.5246583,0.022610366,0.8510126,-0.84753144,0.107988745,0.51964307,-0.080150455,-0.99389493,0.07582018
1356445285878,0.509875,0.013142079,0.8601481,-0.85684776,0.09657852,0.506443,-0.076416075,-0.99523854,0.06050375
1356445285918,0.49623036,0.008389652,0.86815035,-0.8653022,0.086282805,0.49376857,-0.070763946,-0.9962354,0.05007571
1356445285958,0.48594016,0.010080069,0.87393403,-0.87172747,0.07752651,0.48381913,-0.062876195,-0.9969394,0.04646027
1356445285998,0.48204935,0.02053544,0.87590337,-0.87458503,0.07089214,0.47966173,-0.052244604,-0.9972726,0.05213353
1356445286038,0.48853338,0.042835712,0.8714931,-0.87168413,0.06832147,0.4852823,-0.038754284,-0.9967433,0.0707165
1356445286078,0.5098263,0.08024919,0.85652626,-0.8599663,0.074314296,0.50491124,-0.023133457,-0.99400073,0.10689895
1356445286118,0.5484013,0.1334126,0.8255042,-0.8361877,0.09551126,0.5400627,-0.006793767,-0.9864475,0.16393648
1356445286158,0.6011975,0.19644415,0.77457815,-0.79904604,0.1364676,0.5855783,0.009328663,-0.9709718,0.23901193
1356445286215,0.6630557,0.2626872,0.7009654,-0.7480825,0.19873828,0.63314736,0.027011096,-0.94419193,0.3282863
1356445286250,0.7180228,0.30327034,0.6264745,-0.6946618,0.25605333,0.6722215,0.04345396,-0.9178583,0.39452243
1356445286290,0.7587438,0.3182668,0.5683433,-0.6488286,0.2919765,0.7026885,0.05769956,-0.901918,0.42803597
1356445286330,0.78755146,0.3131847,0.5307335,-0.61245954,0.30242002,0.7303667,0.06823523,-0.90025413,0.42998427
1356445286370,0.80711997,0.29492158,0.5114476,-0.58570045,0.29104424,0.7564709,0.074245736,-0.91011786,0.4076433
1356445286410,0.8191363,0.2693236,0.506439,-0.5685869,0.26478958,0.77884233,0.075660825,-0.92593265,0.37003264
1356445286450,0.8242793,0.24009098,0.5127572,-0.5615615,0.23120229,0.7944772,0.072196186,-0.9428158,0.32540113
1356445286490,0.8221878,0.2086646,0.5295907,-0.5657056,0.19636692,0.8008853,0.0631223,-0.9580705,0.2794932
1356445286530,0.81203884,0.17525555,0.5566672,-0.5816128,0.16430856,0.796699,0.04816073,-0.97071534,0.2353558
1356445286570,0.79361856,0.14015016,0.59205353,-0.6077559,0.13731351,0.78216213,0.028323233,-0.9805625,0.19415167
1356445286610,0.7681185,0.10419071,0.6317739,-0.6402823,0.11618996,0.75930125,0.00570637,-0.987747,0.15595913
1356445286649,0.7389835,0.06925222,0.6701548,-0.6735203,0.10036291,0.73232347,-0.016543657,-0.9925379,0.12080931
1356445286690,0.7113227,0.037819415,0.7018473,-0.7019979,0.08782758,0.70674264,-0.034912884,-0.9954175,0.089022934
1356445286730,0.689106,0.01140812,0.72457075,-0.72312653,0.075850576,0.6865383,-0.04712704,-0.9970539,0.060518593
1356445286770,0.67311615,-0.010219008,0.7394662,-0.73763084,0.062464997,0.6723086,-0.053061098,-0.99799484,0.034508333
1356445286810,0.6620494,-0.02780971,0.7489441,-0.74751985,0.04735981,0.662549,-0.053895175,-0.9984907,0.01056622
1356445286850,0.6543205,-0.041393667,0.75508356,-0.7544733,0.03204061,0.6555481,-0.051328868,-0.998629,-0.010265589
1356445286890,0.64793086,-0.050895274,0.7599969,-0.7602409,0.018500328,0.6493778,-0.047110498,-0.99853265,-0.026705742
1356445286929,0.6407423,-0.056560546,0.7656698,-0.7665881,0.007855505,0.64209104,-0.042331725,-0.99836826,-0.03832528
1356445286970,0.6316588,-0.058122218,0.7730646,-0.77436936,1.1909008E-4,0.63273376,-0.036867946,-0.99830943,-0.044932842
1356445287010,0.6221135,-0.05374804,0.78108,-0.78237796,-0.0053197294,0.6227813,-0.029318154,-0.9985404,-0.045360774
1356445287049,0.61749727,-0.03917852,0.7855967,-0.78637445,-0.008305013,0.6176944,-0.017675996,-0.9991977,-0.035937324
1356445287090,0.6293162,-0.0072677433,0.77711535,-0.7771493,-0.0058487356,0.62928903,-2.8342009E-5,-0.9999565,-0.009328827
1356445287130,0.6729379,0.048823416,0.738086,-0.73927844,0.010749921,0.6733141,0.02493909,-0.9987496,0.04332812
1356445287170,0.75170785,0.12431243,0.6476741,-0.6570487,0.05663587,0.7517177,0.05676624,-0.9906255,0.124252945
1356445287216,0.83939886,0.19352147,0.50789666,-0.5358105,0.137842,0.8330107,0.091195926,-0.9713646,0.21939522
1356445287250,0.9044048,0.2308979,0.35880092,-0.40915728,0.23084366,0.8827806,0.12100523,-0.94519705,0.30324966
1356445287290,0.9421233,0.2360177,0.23811637,-0.30433434,0.3040679,0.9027311,0.14065696,-0.9229509,0.35829774
1356445287330,0.96250516,0.22188352,0.15604989,-0.22712503,0.3446517,0.9108399,0.14831753,-0.91213095,0.38212433
1356445287370,0.97388554,0.19978704,0.10785221,-0.17469533,0.3559966,0.91801304,0.14501208,-0.91288084,0.3816018
1356445287410,0.980427,0.17610101,0.08804136,-0.14545317,0.3464923,0.9267073,0.13268843,-0.92137486,0.36532485
1356445287450,0.98361254,0.15355983,0.09447619,-0.14036417,0.3233375,0.9358156,0.11315599,-0.933741,0.3395931
1356445287490,0.9830159,0.13253151,0.12694547,-0.1610059,0.29084176,0.94312686,0.08807298,-0.9475476,0.30724043
1356445287530,0.9767991,0.11183647,0.18263674,-0.20565832,0.25198054,0.94562703,0.05973469,-0.96124834,0.26913446
1356445287570,0.9630855,0.08941115,0.2539134,-0.26743254,0.21000445,0.9404137,0.030760534,-0.9736035,0.22616369
1356445287610,0.9421872,0.0633889,0.3290367,-0.3350718,0.16886666,0.9269364,0.0031941384,-0.9835985,0.18034384
1356445287650,0.9183846,0.03374383,0.39424753,-0.3951026,0.13242504,0.9090422,-0.021533698,-0.9906185,0.13494939
1356445287690,0.8981353,0.002782464,0.43971038,-0.4376923,0.10155994,0.89337057,-0.042171165,-0.99482554,0.09243244
1356445287729,0.88613373,-0.02587983,0.46270645,-0.45991346,0.07364923,0.8849042,-0.056979135,-0.9969484,0.05336058
1356445287770,0.883477,-0.048530653,0.4659542,-0.46405697,0.045611948,0.8846303,-0.064184815,-0.9977797,0.017776102
1356445287810,0.8882072,-0.06260821,0.45515734,-0.45502636,0.017163936,0.8903126,-0.06355317,-0.99789065,-0.013243258
1356445287850,0.89638084,-0.0682836,0.437994,-0.43957543,-0.009368479,0.8981568,-0.05722606,-0.99762195,-0.038413532
1356445287890,0.9042559,-0.06798783,0.42154333,-0.42427346,-0.031863604,0.9049733,-0.048095286,-0.9971772,-0.05765829
1356445287931,0.9101567,-0.063791946,0.40932298,-0.4125489,-0.049753908,0.90957564,-0.03765817,-0.99672216,-0.07160115
1356445287970,0.9146237,-0.05544494,0.40048644,-0.4035133,-0.063174546,0.9127902,-0.025309026,-0.99646115,-0.0801537
1356445288010,0.920566,-0.039444834,0.38859016,-0.3904905,-0.070830554,0.91787815,-0.008681476,-0.99670815,-0.08060703
1356445288050,0.9328504,-0.009605795,0.36013585,-0.35994688,-0.06678033,0.9305797,0.015111014,-0.9977215,-0.06575364
1356445288090,0.95508915,0.03912677,0.29372403,-0.29233444,-0.03758496,0.95557725,0.04842826,-0.99852717,-0.024458885
1356445288130,0.979159,0.09827418,0.17773563,-0.18173227,0.033262044,0.9827853,0.090670586,-0.99460334,0.05042842
1356445288170,0.9889744,0.14274724,0.0394065,-0.059969034,0.14274573,0.98794085,0.13540074,-0.9794114,0.14973229
1356445288213,0.9843906,0.15777372,-0.077990085,0.03532425,0.2569969,0.96576643,0.17241576,-0.9534464,0.24741212
1356445288249,0.9757663,0.14992787,-0.1593793,0.09972888,0.3436097,0.9338022,0.19476724,-0.92706746,0.32033062
1356445288290,0.9689752,0.13067947,-0.20978552,0.14393939,0.39163095,0.90879405,0.20091924,-0.91079533,0.36067075
1356445288330,0.96515864,0.10825223,-0.2382231,0.17576101,0.40624857,0.89669967,0.19384754,-0.9073278,0.3730678
1356445288370,0.9639886,0.08753353,-0.25112516,0.19740248,0.39724493,0.8962302,0.17820838,-0.91352844,0.36566025
1356445288409,0.96503145,0.07098128,-0.25234106,0.20878713,0.37392986,0.9036505,0.15850013,-0.92473674,0.34603408
1356445288450,0.96856505,0.059451297,-0.24155173,0.20766868,0.34133744,0.9167128,0.1369504,-0.9380588,0.31826136
1356445288490,0.97510064,0.052846856,-0.21537401,0.1899223,0.30239838,0.9340689,0.11449136,-0.95171547,0.28483206
1356445288530,0.9847068,0.04949534,-0.16704117,0.14897323,0.25790656,0.9546158,0.09033005,-0.96490127,0.24658886
1356445288570,0.99514055,0.045642704,-0.08724692,0.07590504,0.20880121,0.97500795,0.06271926,-0.9768924,0.20432204
1356445288610,0.99901843,0.03556025,0.026412945,-0.031721562,0.15813377,0.9869081,0.03091792,-0.9867772,0.15910658
1356445288650,0.98758,0.015377499,0.15636262,-0.15710092,0.11086732,0.98133975,-0.002244942,-0.9937162,0.11190617
1356445288690,0.96264946,-0.011790469,0.27049398,-0.2690745,0.06933838,0.9606201,-0.030081764,-0.9975235,0.06357604
1356445288730,0.9368274,-0.037387922,0.34778804,-0.34679234,0.030655177,0.9374409,-0.04571049,-0.99883056,0.015752759
1356445288770,0.9195165,-0.054177806,0.38929957,-0.39024073,-0.007602332,0.9206815,-0.046920896,-0.9985024,-0.028132852
1356445288809,0.9104729,-0.060518906,0.40911674,-0.4118713,-0.04315338,0.91021967,-0.03743072,-0.99723387,-0.06421599
1356445288850,0.90494287,-0.058929637,0.4214329,-0.42494494,-0.073096246,0.90226305,-0.022364855,-0.99558234,-0.09118977
1356445288890,0.89838177,-0.052704662,0.43604177,-0.4391863,-0.09636271,0.8932131,-0.0050583184,-0.99394995,-0.10971767
1356445288929,0.88907486,-0.042463288,0.45578808,-0.45754433,-0.113123715,0.8819616,0.014109433,-0.99267316,-0.1200043
1356445288970,0.8805652,-0.023239732,0.47335482,-0.4724398,-0.12205529,0.87287056,0.03749019,-0.99225116,-0.11845702
1356445289010,0.88058645,0.013504699,0.47369307,-0.46904796,-0.117625155,0.8753047,0.06753896,-0.9929663,-0.09724477
1356445289050,0.9029731,0.07736407,0.42267525,-0.41637623,-0.08549106,0.9051641,0.106162146,-0.99333084,-0.044983566
1356445289090,0.94339377,0.15890211,0.29113284,-0.29471573,-0.001063589,0.95558435,0.15215403,-0.9872938,0.045827568
1356445289158,0.9682048,0.21906857,0.12078261,-0.15295996,0.13638389,0.9787761,0.19794628,-0.9661306,0.16555625
1356445289178,0.97074693,0.24007852,-0.003562279,-0.06724717,0.2860937,0.955839,0.23049557,-0.92763823,0.2938692
1356445289222,0.9692277,0.24073246,-0.051435478,-0.045747884,0.38145337,0.9232554,0.24187776,-0.89249164,0.38072816
1356445289245,0.96924925,0.23947726,-0.056626238,-0.053691164,0.43036854,0.90105504,0.24015236,-0.87030655,0.4299922
1356445289275,0.96967703,0.2429088,-0.026865631,-0.08592842,0.441786,0.89299566,0.2287854,-0.8636089,0.4492625
1356445289315,0.96459246,0.25659597,0.06099052,-0.16525465,0.40777618,0.89800304,0.2055535,-0.876286,0.4357415
1356445289359,0.93572116,0.28057438,0.2137848,-0.3048159,0.33815444,0.89035887,0.1775196,-0.8982926,0.40194178
1356445289398,0.8542504,0.30240792,0.42285424,-0.49794197,0.24226844,0.83268225,0.14936547,-0.9218761,0.3575395
1356445289438,0.7004535,0.30111223,0.6470675,-0.70314986,0.13585669,0.6979422,0.12225044,-0.9438614,0.30688828
1356445289478,0.5083578,0.265701,0.8191308,-0.85579246,0.049975634,0.51489973,0.09587279,-0.96275926,0.2527904
1356445289518,0.34440082,0.20907182,0.91524696,-0.9362671,0.0046040416,0.35125884,0.06922445,-0.9778894,0.19733265
1356445289558,0.23801824,0.14771956,0.95996153,-0.9703761,-0.0060053766,0.2415246,0.04144284,-0.98901105,0.14191419
1356445289598,0.18260518,0.08858031,0.97918785,-0.98308784,0.0023544133,0.18311948,0.01391536,-0.9960663,0.087512136
1356445289638,0.1610806,0.033091724,0.98638636,-0.98690194,0.014326632,0.16068414,-0.008814275,-0.9993497,0.03496602
1356445289678,0.16184804,-0.017165422,0.98666644,-0.986575,0.01926741,0.1621683,-0.02179423,-0.99966705,-0.013816595
1356445289718,0.18017024,-0.058889925,0.981871,-0.9833444,0.013496816,0.18125013,-0.02392593,-0.99817324,-0.05547738
1356445289758,0.21036026,-0.08939695,0.973528,-0.9774518,-5.454123E-4,0.211158,-0.018345922,-0.9959959,-0.08749592
1356445289798,0.2403574,-0.10925165,0.96451664,-0.9706414,-0.01768297,0.23988074,-0.009151846,-0.99385685,-0.1102944
1356445289838,0.25579333,-0.12178919,0.9590292,-0.9667299,-0.034005463,0.25352877,0.0017352402,-0.9919732,-0.12643558
1356445289878,0.25006464,-0.12918422,0.9595723,-0.96811354,-0.04866752,0.24573854,0.014954507,-0.9904256,-0.13723502
1356445289918,0.23400778,-0.12764812,0.96381867,-0.97167647,-0.06429732,0.22740003,0.032943755,-0.9897332,-0.1390787
1356445289958,0.24586862,-0.10348517,0.9637631,-0.96748906,-0.08700293,0.2374771,0.059274882,-0.9908185,-0.121512026
1356445289998,0.35081646,-0.032612264,0.93587625,-0.93139726,-0.115771085,0.34510323,0.09709278,-0.9927404,-0.07098937
1356445290038,0.58641434,0.10099986,0.8036898,-0.7968266,-0.106360346,0.59477293,0.1455527,-0.98918486,0.018108144
1356445290078,0.8158754,0.23530139,0.5281861,-0.54403365,0.0029098392,0.8390584,0.19589464,-0.9719181,0.13038594
1356445290118,0.912135,0.29721037,0.2822689,-0.3359898,0.14769995,0.9302127,0.23477773,-0.943319,0.23458195
1356445290158,0.93742794,0.3113891,0.15577444,-0.23875974,0.249268,0.938541,0.25342187,-0.91700727,0.30801797
1356445290219,0.9431447,0.3091203,0.12215881,-0.21786131,0.29735518,0.9295786,0.25102705,-0.90334076,0.3477943
1356445290232,0.9438508,0.30334538,0.13087092,-0.22893888,0.3149599,0.92107934,0.2381861,-0.8993229,0.36672273
1356445290270,0.9367717,0.2959711,0.18670808,-0.2775187,0.30331194,0.91158396,0.21317168,-0.90576106,0.36627156
1356445290310,0.91690195,0.2859416,0.2784389,-0.35611206,0.27113062,0.8942441,0.18020824,-0.91908956,0.35042745
1356445290350,0.8791601,0.27009326,0.39259028,-0.4542998,0.22638392,0.86160433,0.14383738,-0.9358418,0.32173103
1356445290390,0.8196971,0.24395348,0.51825035,-0.56278425,0.1745709,0.8079598,0.10663313,-0.9539454,0.2803884
1356445290429,0.7422237,0.20477562,0.63809943,-0.66639405,0.12482844,0.735076,0.070872694,-0.97081655,0.22911188
1356445290470,0.65907156,0.15438774,0.73606324,-0.751117,0.08560328,0.6545956,0.038052082,-0.9842949,0.17238195
1356445290510,0.5860088,0.098689795,0.8042723,-0.810242,0.059022486,0.58311594,0.010077447,-0.99336636,0.11455031
1356445290550,0.5355032,0.04499346,0.8433338,-0.84447944,0.03979391,0.5341076,-0.00952822,-0.9981944,0.059305802
1356445290590,0.50858045,-0.0013220012,0.8610134,-0.8608329,0.019752875,0.5085041,-0.017679691,-0.99980396,0.008907914
1356445290630,0.49876255,-0.037465602,0.8659286,-0.8666111,-0.004415706,0.49896458,-0.014870346,-0.9992882,-0.034670502
1356445290670,0.49505368,-0.06373766,0.8665214,-0.8688444,-0.029885024,0.4941826,-0.005602002,-0.99751914,-0.07017279
1356445290710,0.48524004,-0.08336285,0.87039804,-0.8743646,-0.052343085,0.48243824,0.0053418577,-0.99514365,-0.098288506
1356445290750,0.4601565,-0.10021901,0.8821633,-0.8876926,-0.0699058,0.45509902,0.016058773,-0.9925066,-0.1211313
1356445290790,0.41617554,-0.11599505,0.90185535,-0.9088634,-0.08324003,0.4087033,0.027662903,-0.98975563,-0.14006612
1356445290830,0.35915184,-0.12721267,0.92456853,-0.9322909,-0.094481885,0.34915173,0.04293844,-0.98736525,-0.15253255
1356445290870,0.31232765,-0.12115237,0.94221735,-0.94769394,-0.108418435,0.30020234,0.06578353,-0.9866952,-0.14867747
1356445290910,0.3113032,-0.07818946,0.9470885,-0.9451593,-0.12910217,0.30001068,0.098813504,-0.98854387,-0.1140914
1356445290949,0.39465296,0.022965103,0.9185432,-0.9077667,-0.14492178,0.3936461,0.14215708,-0.9891765,-0.036346823
1356445290990,0.5472628,0.1714127,0.8192198,-0.8153806,-0.11164388,0.56805825,0.18883333,-0.9788531,0.07866806
1356445291030,0.6822182,0.30033875,0.66661453,-0.69545466,-0.014834225,0.71841675,0.22565715,-0.9537172,0.19875184
1356445291070,0.7552134,0.36937279,0.54149467,-0.60844994,0.08777006,0.7887237,0.24380608,-0.92512715,0.29103
1356445291110,0.78505087,0.39266986,0.47906736,-0.5695506,0.15352103,0.80749214,0.24353084,-0.9067755,0.34416714
1356445291150,0.79268545,0.39106017,0.46767694,-0.5645932,0.18153448,0.80515814,0.2299658,-0.9022844,0.36468968
1356445291219,0.7878419,0.37629297,0.48755378,-0.5794204,0.18454045,0.7938619,0.20875132,-0.9079363,0.36342055
1356445291231,0.7723496,0.35211742,0.5286676,-0.60841566,0.17096709,0.7749843,0.18250068,-0.9202085,0.3462801
1356445291270,0.74894375,0.32146585,0.5794333,-0.6444231,0.14975883,0.74986076,0.15427932,-0.93500376,0.31932095
1356445291310,0.7157617,0.2831229,0.63837814,-0.6872814,0.12351714,0.7158127,0.12381232,-0.95109665,0.28299394
1356445291350,0.67361224,0.23705363,0.70003724,-0.73337793,0.09690659,0.67287886,0.091670126,-0.9666513,0.23912734
1356445291390,0.62428063,0.18395713,0.75923216,-0.77898777,0.073496625,0.6227169,0.05875224,-0.98018265,0.18918288
1356445291429,0.57309,0.12742007,0.8095257,-0.8190073,0.055069327,0.5711344,0.028193861,-0.99031895,0.13591762
1356445291470,0.5248054,0.071346045,0.848227,-0.8512081,0.03824398,0.52343315,0.0049052536,-0.9967182,0.08080095
1356445291511,0.4846027,0.020887822,0.87448496,-0.874712,0.018718839,0.48428145,-0.006253779,-0.9996066,0.027341992
1356445291550,0.4541435,-0.020172685,0.8907001,-0.89091563,-0.0049093664,0.45414224,-0.004788488,-0.99978447,-0.020201713
1356445291590,0.4310858,-0.05057469,0.9008925,-0.9022968,-0.029752344,0.4300876,0.0050520897,-0.99827707,-0.058459222
1356445291630,0.40964743,-0.07202798,0.90939593,-0.9120675,-0.05194512,0.40673658,0.01794228,-0.99604905,-0.08697355
1356445291670,0.38348743,-0.08751941,0.9193899,-0.92302096,-0.069886774,0.3783493,0.031140268,-0.9937084,-0.10758299
1356445291710,0.34923023,-0.0982154,0.93187547,-0.93595713,-0.084291816,0.34187585,0.044972032,-0.9915889,-0.12136263
1356445291750,0.3104994,-0.10018283,0.9452796,-0.9485691,-0.097200245,0.30127844,0.061698467,-0.9902098,-0.12521094
1356445291790,0.28262344,-0.08173016,0.9557427,-0.9555074,-0.111692995,0.27300242,0.08443725,-0.9903761,-0.109660745
1356445291830,0.29371718,-0.02420029,0.95558596,-0.9488299,-0.12867633,0.2883818,0.11598241,-0.9913912,-0.060756356
1356445291870,0.37045565,0.0866417,0.92480046,-0.91570807,-0.13282564,0.37925744,0.15569669,-0.9873452,0.030132458
1356445291910,0.4997829,0.23096561,0.83478856,-0.84368813,-0.08825585,0.52952933,0.19597805,-0.96895087,0.15075418
1356445291949,0.61863464,0.3493138,0.70375496,-0.75261706,0.006364405,0.6584277,0.22551893,-0.9369842,0.26683676
1356445291990,0.68959767,0.41166365,0.59580886,-0.68390906,0.09962273,0.72273356,0.23816702,-0.90587443,0.35024005
1356445292030,0.71998644,0.4319312,0.54318964,-0.6528248,0.15597674,0.7412767,0.23545553,-0.8883168,0.39427653
1356445292070,0.7239072,0.42916006,0.5401668,-0.6531864,0.17434883,0.7368516,0.22204973,-0.8862417,0.40653378
1356445292110,0.7094278,0.41351894,0.5707139,-0.6750901,0.16615921,0.7187798,0.20239975,-0.8952056,0.3970405
1356445292150,0.68043643,0.38854632,0.6213196,-0.7105373,0.14238119,0.68910396,0.17928459,-0.91036224,0.372958
1356445292218,0.6400111,0.3548752,0.68150526,-0.7527317,0.111567885,0.6488048,0.15421063,-0.9282328,0.33853048
1356445292231,0.5894388,0.31107485,0.7455162,-0.797765,0.07905117,0.5977641,0.12701547,-0.947092,0.2947605
1356445292270,0.53797513,0.25992924,0.801885,-0.83715683,0.05330783,0.544359,0.09874809,-0.96415514,0.24627985
1356445292310,0.48818743,0.2032347,0.84874535,-0.8699739,0.03597325,0.4917839,0.06941545,-0.978469,0.19437058
1356445292349,0.44629252,0.14481491,0.88309216,-0.89393324,0.026591063,0.4474108,0.041309386,-0.9891014,0.14132223
1356445292390,0.41369888,0.087816924,0.9061686,-0.9102334,0.020082086,0.41360846,0.018124074,-0.99593425,0.088241816
1356445292430,0.3914656,0.03599924,0.9194883,-0.92018497,0.011213839,0.3913232,0.0037763417,-0.9992889,0.03751579
1356445292470,0.3783141,-0.007210523,0.92564917,-0.9256772,-0.0024455488,0.3783065,-4.6405196E-4,-0.99997103,-0.007599801
1356445292510,0.37086868,-0.040011615,0.92782307,-0.9286802,-0.019321263,0.37037808,0.0031072795,-0.9990124,-0.044323623
1356445292550,0.36291698,-0.06353274,0.92965305,-0.9317601,-0.03619644,0.3612658,0.010697901,-0.99732316,-0.072333574
1356445292590,0.34786162,-0.08056229,0.9340782,-0.9373328,-0.05112484,0.34466434,0.019987613,-0.9954376,-0.09329808
1356445292630,0.3219251,-0.09276202,0.94220984,-0.9462558,-0.064163744,0.3169904,0.03105104,-0.9936187,-0.10843253
1356445292670,0.28814837,-0.0976654,0.95259225,-0.9564884,-0.076966435,0.28143588,0.045831084,-0.99223876,-0.11559355
1356445292710,0.2604345,-0.08585626,0.9616666,-0.9631564,-0.09233457,0.2525945,0.0671083,-0.99201965,-0.10674015
1356445292750,0.2647894,-0.04114163,0.96342826,-0.9593667,-0.11223453,0.25888035,0.097479105,-0.9928297,-0.069188476
1356445292790,0.33349642,0.05551344,0.9411155,-0.9325943,-0.12671527,0.33795133,0.13801455,-0.9903846,0.009512454
1356445292830,0.46198514,0.19445562,0.86530733,-0.8679824,-0.10124269,0.48616502,0.1821436,-0.9756725,0.12201147
1356445292870,0.59282243,0.32310575,0.73767483,-0.7753101,-0.018797666,0.6313009,0.2178435,-0.9461762,0.23936346
1356445292910,0.676653,0.39872533,0.61899817,-0.6972006,0.076648325,0.71276665,0.23675296,-0.91386163,0.32985586
1356445292950,0.7165832,0.4272942,0.55129683,-0.6553269,0.14176887,0.74192196,0.23886222,-0.8929284,0.38160658
1356445292990,0.7302129,0.42824322,0.5323502,-0.6439225,0.17092839,0.7457528,0.22836986,-0.8873507,0.4005696
1356445293030,0.7277926,0.41341427,0.5471806,-0.65315926,0.17463844,0.736807,0.20904773,-0.89363873,0.3971259
1356445293070,0.7132379,0.38775033,0.583902,-0.67651194,0.16289008,0.71819127,0.18336697,-0.9072578,0.378497
1356445293110,0.68724704,0.35257643,0.635123,-0.7100771,0.14162001,0.68973494,0.1532382,-0.9250046,0.34768444
1356445293150,0.64998287,0.3080662,0.6947068,-0.75028974,0.114852905,0.6510562,0.120779335,-0.94440675,0.30579132
1356445293218,0.60274243,0.2547902,0.7561637,-0.79307663,0.08686724,0.602896,0.08792612,-0.9630867,0.25442672
1356445293231,0.54690886,0.1931152,0.8146148,-0.8353523,0.061406195,0.54627436,0.05547151,-0.97925264,0.19490285
1356445293270,0.4903049,0.128768,0.86198604,-0.8711623,0.042873204,0.4891198,0.026026845,-0.9907476,0.13319875
1356445293310,0.43794775,0.06647107,0.8965397,-0.89899325,0.028394818,0.437041,0.0035935342,-0.9973842,0.07219252
1356445293349,0.39534065,0.012383044,0.9184511,-0.91850877,0.012817055,0.39519268,-0.006878078,-0.99984115,0.016441077
1356445293390,0.36342987,-0.02989772,0.93114173,-0.93161273,-0.0073045194,0.36337912,-0.0040626824,-0.99952626,-0.030507773
1356445293429,0.33886516,-0.05977869,0.9389339,-0.9408077,-0.029123485,0.33768728,0.007158518,-0.99778676,-0.06610921
1356445293470,0.31547296,-0.08016029,0.9455428,-0.9486923,-0.049157083,0.31235632,0.021441549,-0.9955691,-0.09155521
1356445293510,0.28651884,-0.09509033,0.953344,-0.95742255,-0.065124065,0.28124887,0.03534159,-0.99333614,-0.10970086
1356445293550,0.24968955,-0.10679793,0.96241844,-0.96708226,-0.07786074,0.24225947,0.049061745,-0.9912275,-0.12272346
1356445293589,0.20817393,-0.11319098,0.9715202,-0.9759244,-0.09012705,0.19861701,0.065078616,-0.98947716,-0.1292279
1356445293630,0.17489406,-0.104308814,0.97904634,-0.98070085,-0.10671881,0.16381967,0.08739483,-0.9888027,-0.120960236
1356445293670,0.17010331,-0.06314936,0.9834007,-0.9781854,-0.13157552,0.160752,0.119240046,-0.9892927,-0.084153235
1356445293710,0.21729076,0.029332608,0.97566605,-0.9626591,-0.1589064,0.21917138,0.16146848,-0.9868578,-0.0062915683
1356445293750,0.31869903,0.17120072,0.9322667,-0.9247594,-0.15964034,0.34544882,0.2079685,-0.9722166,0.107442304
1356445293790,0.43506977,0.3165783,0.8429072,-0.86619484,-0.108407944,0.48780555,0.24580649,-0.9423513,0.22705346
1356445293830,0.52004373,0.41345778,0.7474002,-0.8119564,-0.032289237,0.58282435,0.26510626,-0.9099506,0.31891787
1356445293870,0.56521606,0.4548847,0.6881938,-0.78105897,0.026622504,0.62388945,0.2654764,-0.8901522,0.37033927
1356445293910,0.5826943,0.4582167,0.6711966,-0.77264845,0.056301504,0.6323326,0.251956,-0.8870556,0.38684696
1356445293950,0.58344334,0.43905655,0.6832446,-0.7788185,0.06391519,0.62398446,0.23029473,-0.89618313,0.37923622
1356445293990,0.5737235,0.40668225,0.7109506,-0.7930453,0.058840156,0.6063142,0.20474482,-0.9116727,0.3562755
1356445294030,0.5567801,0.36590904,0.7457255,-0.811436,0.047565043,0.5825025,0.17767248,-0.9294343,0.32339507
1356445294070,0.5340818,0.31886637,0.78299487,-0.8320559,0.03414905,0.5536397,0.14979848,-0.9471844,0.283553
1356445294110,0.50680643,0.26724032,0.8195913,-0.85351586,0.022029877,0.52060103,0.12107009,-0.9633781,0.2392587
1356445294155,0.4758562,0.21257594,0.8534473,-0.874781,0.013763815,0.4843229,0.091208786,-0.97704756,0.19250704
1356445294218,0.44375557,0.15878734,0.881968,-0.89398277,0.010067642,0.44798818,0.0622555,-0.98726153,0.14642073
1356445294231,0.40968353,0.105003655,0.9061642,-0.91151077,0.0077465177,0.41120306,0.036158264,-0.9944416,0.09888564
1356445294300,0.37546426,0.05463165,0.9252254,-0.926671,0.0032415986,0.37585947,0.017534614,-0.9985013,0.05184266
1356445294308,0.34176803,0.008576542,0.9397452,-0.93974125,-0.006455779,0.34182554,0.008998483,-0.99994236,0.005853325
1356445294348,0.30924323,-0.030535787,0.95049256,-0.95093834,-0.019603938,0.30875847,0.009205282,-0.99934137,-0.035099983
1356445294388,0.27726838,-0.061841726,0.9588002,-0.9606924,-0.032250196,0.27573547,0.013869524,-0.9975648,-0.06835282
1356445294428,0.24383631,-0.08681521,0.96592283,-0.96961606,-0.04206392,0.24098805,0.01970908,-0.99533606,-0.09443414
1356445294468,0.20736459,-0.106772214,0.9724195,-0.9779128,-0.049250335,0.20312828,0.026203543,-0.99306303,-0.114626676
1356445294508,0.16972214,-0.12025109,0.97812784,-0.98485017,-0.056512415,0.16394097,0.035562247,-0.99113375,-0.12802076
1356445294548,0.13867313,-0.120262325,0.983009,-0.98898107,-0.06876469,0.13110286,0.051829547,-0.9903577,-0.12847298
1356445294588,0.12955344,-0.09257749,0.98724127,-0.98833406,-0.09245777,0.121026695,0.0800738,-0.9914035,-0.10347569
1356445294628,0.162168,-0.01930523,0.9865743,-0.97893304,-0.12885073,0.15839064,0.124063045,-0.99147606,-0.03979397
1356445294668,0.24786386,0.1067678,0.96289366,-0.9517878,-0.15857866,0.26258862,0.1807304,-0.98155665,0.06231439
1356445294708,0.36656624,0.25714603,0.8941505,-0.8997985,-0.14644057,0.4109961,0.23662594,-0.9552126,0.17769948
1356445294745,0.47190368,0.3763255,0.79729927,-0.83712363,-0.09250194,0.5391358,0.27664223,-0.9218582,0.27137893
1356445294787,0.5389539,0.43933803,0.7186868,-0.78889376,-0.03579712,0.6134862,0.2952547,-0.8976083,0.32729805
1356445294828,0.5724425,0.45770526,0.6803055,-0.764766,-0.0011821389,0.6443071,0.29570693,-0.88910323,0.3493607
1356445294868,0.5823895,0.4488799,0.67773837,-0.7617752,0.0103342235,0.64775896,0.2837621,-0.8935323,0.34796414
1356445294908,0.57574385,0.42439565,0.6988615,-0.7736417,0.006186962,0.6335931,0.26457033,-0.9054557,0.3318923
1356445294948,0.55671704,0.39028853,0.7333083,-0.794707,-0.006810814,0.60695505,0.241882,-0.9206675,0.3063733
1356445294988,0.5280146,0.34903085,0.7741951,-0.82081556,-0.024118543,0.57068396,0.21785876,-0.93680084,0.273755
1356445295028,0.49175712,0.3015567,0.8168466,-0.8490995,-0.04173556,0.5265816,0.19288573,-0.9525344,0.2355279
1356445295068,0.44938487,0.24809754,0.8581963,-0.87789345,-0.055217206,0.47566193,0.1653977,-0.96716017,0.19298936
1356445295108,0.40195352,0.18910143,0.8959208,-0.90583146,-0.06085521,0.4192446,0.13380116,-0.98007005,0.14683305
1356445295148,0.35197645,0.1273722,0.92730194,-0.93060464,-0.058685422,0.361291,0.10043746,-0.9901174,0.09787722
1356445295220,0.30366743,0.06818548,0.95033514,-0.95004714,-0.05379623,0.30743515,0.07208708,-0.9962212,0.048443228
1356445295230,0.26050022,0.01663354,0.96533054,-0.9639195,-0.05223146,0.2610195,0.054762304,-0.99849653,0.0024270415
1356445295268,0.22295797,-0.024629265,0.97451687,-0.973593,-0.05593151,0.22133303,0.04905495,-0.9981308,-0.036449254
1356445295308,0.18778142,-0.05638975,0.9805908,-0.98085696,-0.06316677,0.18419996,0.051553726,-0.9964087,-0.06717181
1356445295348,0.1496957,-0.081490904,0.9853682,-0.9869844,-0.07154673,0.14402422,0.058763206,-0.9941027,-0.09114054
1356445295388,0.104221016,-0.10247269,0.98926103,-0.9921446,-0.079910845,0.096247226,0.069189936,-0.9915209,-0.10999611
1356445295428,0.051397473,-0.11876318,0.99159145,-0.9952003,-0.08888379,0.040938914,0.083274394,-0.98893625,-0.12276152
1356445295468,4.7686696E-4,-0.12349048,0.99234563,-0.9947002,-0.10208848,-0.012226194,0.10281688,-0.9870806,-0.12288469
1356445295508,-0.028116763,-0.10187939,0.9943993,-0.9910792,-0.12680632,-0.041014582,0.13027474,-0.9866817,-0.097405165
1356445295548,-0.004565537,-0.0333156,0.9994345,-0.9858777,-0.16716397,-0.010075927,0.1674051,-0.9853661,-0.03208193
1356445295588,0.098407984,0.09747028,0.9903612,-0.97249746,-0.2016936,0.11648345,0.21110317,-0.9745867,0.07494137
1356445295630,0.2684607,0.26725498,0.92547476,-0.93006146,-0.17825192,0.32126606,0.25082764,-0.94699574,0.20070995
1356445295670,0.42717028,0.40282843,0.8094781,-0.86120594,-0.09142703,0.49996537,0.27540845,-0.91069776,0.30786332
1356445295710,0.5203302,0.469032,0.7136285,-0.8060034,-0.0063792765,0.5918766,0.28216147,-0.8831582,0.374722
1356445295750,0.5576891,0.48633277,0.6726539,-0.78322804,0.039996892,0.62044674,0.27483952,-0.87285775,0.4032153
1356445295790,0.56136906,0.47735006,0.676019,-0.7861727,0.05249527,0.6157732,0.25845164,-0.87714374,0.40474886
1356445295830,0.5454661,0.45359036,0.7047854,-0.8040246,0.045740366,0.59283406,0.2366667,-0.8900357,0.38964766
1356445295870,0.51730835,0.41975695,0.7457856,-0.8292945,0.030673534,0.5579694,0.21133563,-0.90711814,0.36396977
1356445295910,0.48078033,0.37756553,0.7913878,-0.85739005,0.013381869,0.51449335,0.18366465,-0.9258863,0.3301546
1356445295950,0.43834496,0.32780474,0.83689773,-0.8853137,-0.0032651424,0.4649829,0.15515614,-0.94473994,0.28877875
1356445295990,0.3919239,0.27124,0.8791043,-0.9111662,-0.017641842,0.41166103,0.127168,-0.96235,0.24023052
1356445296030,0.34410635,0.20962158,0.91523206,-0.93350005,-0.028307945,0.35745826,0.10083929,-0.97737277,0.18594079
1356445296070,0.29837233,0.14605862,0.94320774,-0.9511998,-0.035975277,0.30647144,0.07869491,-0.9886216,0.12819684
1356445296110,0.2611408,0.08624965,0.96143985,-0.9630968,-0.043986112,0.2655368,0.06519249,-0.9953021,0.07158017
1356445296150,0.2356894,0.03527209,0.9711882,-0.96978354,-0.05625862,0.23739177,0.06301096,-0.997793,0.020946681
1356445296220,0.22133619,-0.003716141,0.9751904,-0.9726702,-0.072788775,0.22048679,0.07016358,-0.99734044,-0.019725323
1356445296229,0.2117641,-0.031164646,0.9768238,-0.9738586,-0.09078491,0.2082249,0.08219159,-0.9953828,-0.04957497
1356445296267,0.19709757,-0.0504297,0.97908604,-0.9757831,-0.10672817,0.19093546,0.09486726,-0.9930085,-0.07024431
1356445296308,0.1690965,-0.06509894,0.9834472,-0.97977155,-0.119452745,0.1605573,0.10702336,-0.99070334,-0.08398113
1356445296348,0.124868244,-0.075778425,0.9892752,-0.98489887,-0.12998524,0.11435896,0.11992523,-0.98861593,-0.090865135
1356445296388,0.071792096,-0.07702458,0.9944411,-0.9881134,-0.14136997,0.060385466,0.13593298,-0.98695576,-0.08625826
1356445296428,0.031640053,-0.055484474,0.99795806,-0.98701996,-0.15902066,0.022452086,0.15745017,-0.9857149,-0.059795737
1356445296469,0.040859103,0.008787811,0.9991263,-0.98168916,-0.18585163,0.04178065,0.18605638,-0.9825385,0.0010330975
1356445296508,0.13916045,0.1328839,0.9813135,-0.9654927,-0.20207793,0.16428113,0.22013217,-0.9703125,0.1001772
1356445296548,0.32442784,0.29663417,0.8981952,-0.91154206,-0.1555919,0.3806338,0.25266093,-0.94223094,0.2199162
1356445296589,0.50745773,0.42573902,0.74915475,-0.81658304,-0.039963394,0.57584286,0.27509755,-0.9039631,0.32737157
1356445296630,0.61281073,0.48472038,0.6241067,-0.73770475,0.06777713,0.67171264,0.2832927,-0.8720392,0.3991151
1356445296670,0.64805895,0.49994314,0.5745228,-0.7088591,0.12014282,0.6950427,0.2784571,-0.8576844,0.4322489
1356445296710,0.63711905,0.4945355,0.59119713,-0.7241134,0.12124255,0.6789405,0.26408184,-0.86065966,0.43534568
1356445296750,0.5954671,0.4759083,0.6472482,-0.76543915,0.091423124,0.636981,0.24397106,-0.87473035,0.41871828
1356445296789,0.5349951,0.44550216,0.7178497,-0.8154584,0.0501087,0.57664263,0.22092497,-0.8938775,0.39009637
1356445296830,0.46324345,0.4031542,0.78922254,-0.86428696,0.008569151,0.50292605,0.19599378,-0.91509193,0.3524105
1356445296870,0.39040735,0.35084733,0.8511687,-0.9047359,-0.02490756,0.42524388,0.17039627,-0.9361013,0.30770016
1356445296910,0.32322034,0.291644,0.90026236,-0.9351679,-0.047206014,0.35104504,0.144878,-0.95536137,0.25747818
1356445296950,0.26766235,0.22950548,0.9357799,-0.9560593,-0.057307303,0.28751785,0.119613975,-0.97161883,0.20408186
1356445296990,0.22618532,0.16784418,0.9595148,-0.9694468,-0.05721742,0.2385354,0.09493774,-0.9841517,0.14977422
1356445297030,0.19786996,0.109041184,0.9741446,-0.9775046,-0.052082956,0.20438239,0.073022395,-0.99267185,0.09628257
1356445297070,0.18020943,0.055402726,0.98206675,-0.9819379,-0.0483751,0.18291485,0.057641506,-0.99729156,0.045684338
1356445297110,0.17013958,0.009716511,0.98537207,-0.984092,-0.05022058,0.17041379,0.05114174,-0.9986909,0.0010174215
1356445297150,0.1621443,-0.026264936,0.9864174,-0.9853841,-0.05721736,0.16045094,0.052225918,-0.99801624,-0.035158545
1356445297219,0.14672047,-0.05348012,0.9877312,-0.98751736,-0.065755725,0.14312837,0.05729446,-0.99640155,-0.062460244
1356445297228,0.11273897,-0.07490268,0.9907974,-0.9915744,-0.07250589,0.10734606,0.0637981,-0.9945514,-0.0824458
1356445297267,0.050377965,-0.09307012,0.9943842,-0.9961717,-0.07590413,0.043364197,0.07144195,-0.9927621,-0.09653774
1356445297308,-0.039679468,-0.10708773,0.99345744,-0.9958409,-0.07736838,-0.04811445,0.08201465,-0.9912348,-0.10357243
1356445297348,-0.14243466,-0.11010113,0.9836616,-0.9849498,-0.08253789,-0.15185964,0.09790927,-0.99048734,-0.09668785
1356445297388,-0.22271568,-0.08815655,0.97088933,-0.9672929,-0.104052186,-0.23133859,0.121417135,-0.9906571,-0.06209916
1356445297428,-0.23573244,-0.02284196,0.9715496,-0.9596499,-0.15223557,-0.23642433,0.15330476,-0.98808026,0.013966501
1356445297468,-0.13233554,0.10583812,0.98553824,-0.97290117,-0.20406473,-0.10872394,0.18960646,-0.97321934,0.12997508
1356445297508,0.09299612,0.2819453,0.9549128,-0.97094136,-0.18672419,0.14968875,0.22050944,-0.94108486,0.25638783
1356445297548,0.3042829,0.41753736,0.8561976,-0.9223385,-0.09554613,0.37438306,0.2381253,-0.9036224,0.35603774
1356445297588,0.37651765,0.47741592,0.7939197,-0.8943094,-0.036326468,0.4459722,0.2417545,-0.87792623,0.41327995
1356445297628,0.31913495,0.4900406,0.8111801,-0.918201,-0.05204606,0.39268064,0.23464814,-0.8701445,0.43334603
1356445297668,0.17925942,0.46727848,0.86574644,-0.9588134,-0.11409742,0.26011264,0.22032446,-0.876717,0.42757982
1356445297709,0.019420445,0.41788146,0.90829396,-0.9792849,-0.17518884,0.10153797,0.20155379,-0.8914505,0.40582275
1356445297748,-0.113767266,0.357938,0.9267888,-0.9770768,-0.20926166,-0.039120734,0.17993858,-0.9099945,0.37354007
1356445297788,-0.20746416,0.29871053,0.9315206,-0.9656574,-0.21478826,-0.14619082,0.15641093,-0.9298591,0.33301294
1356445297828,-0.2660063,0.24397546,0.93258595,-0.95500165,-0.1983664,-0.22050512,0.13119593,-0.9492769,0.2857638
1356445297868,-0.29548877,0.19480631,0.9352737,-0.9497024,-0.16615444,-0.26543936,0.103690684,-0.966666,0.23410478
1356445297908,-0.30131078,0.15102199,0.9414904,-0.95066917,-0.123954415,-0.2843651,0.073756546,-0.98072815,0.18092075
1356445297948,-0.29071695,0.11028466,0.950432,-0.9557936,-0.079226255,-0.28316385,0.044070482,-0.9907374,0.12844175
1356445297988,-0.27207237,0.06966466,0.9597517,-0.9620548,-0.041112542,-0.2697411,0.02066642,-0.99672294,0.07820684
