1356444848567,-0.3042928,0.12116492,0.94484115,-0.91414785,0.24174869,-0.32540926,-0.26784226,-0.96274424,0.03720033
1356444848588,0.36954004,-0.13831574,-0.9188628,0.8897764,-0.23235959,0.39281923,-0.26783967,-0.9627449,0.037203923
1356444848615,0.36953488,-0.13832268,-0.91886383,0.88978505,-0.2323331,0.39281505,-0.2678178,-0.96275026,0.037222326
1356444848649,0.36946636,-0.13829282,-0.91889596,0.88984,-0.23225409,0.39273763,-0.26773015,-0.9627737,0.037248373
1356444848688,0.36910343,-0.13791838,-0.919098,0.89008105,-0.23210448,0.3922796,-0.26742932,-0.96286345,0.037087962
1356444848728,0.36763638,-0.13643712,-0.91990674,0.8908698,-0.23214245,0.3904624,-0.26682296,-0.96306527,0.036203697
1356444848770,0.36416534,-0.13310409,-0.9217738,0.8925717,-0.23268726,0.3862285,-0.2658936,-0.9634002,0.0340683
1356444848810,0.35811678,-0.12768319,-0.92490506,0.895381,-0.23383299,0.37896588,-0.26466084,-0.96385646,0.030585572
1356444848848,0.3494507,-0.121252924,-0.9290759,0.8991796,-0.23532116,0.36891752,-0.26336354,-0.96432453,0.026795015
1356444848892,0.33948413,-0.115144014,-0.93353754,0.9033288,-0.23674545,0.35769916,-0.26219767,-0.96472454,0.023641586
1356444848929,0.32900798,-0.11039105,-0.9378527,0.9074439,-0.23789322,0.34634182,-0.26134175,-0.96499777,0.021904841
1356444848969,0.31920537,-0.107477725,-0.94157124,0.911087,-0.23864171,0.33611098,-0.26082262,-0.9651418,0.02174583
1356444849009,0.31098104,-0.10624984,-0.9444585,0.91399896,-0.2390123,0.32784012,-0.26057008,-0.9651861,0.02278392
1356444849048,0.30483687,-0.10625222,-0.9464592,0.916083,-0.23911178,0.32189664,-0.2605118,-0.9651611,0.024445787
1356444849088,0.30082873,-0.10689762,-0.9476681,0.9173837,-0.23909286,0.31818497,-0.26059398,-0.96509445,0.026140183
1356444849127,0.29858792,-0.10764879,-0.94829166,0.91804737,-0.23916048,0.31621414,-0.2608339,-0.9649944,0.0274162
1356444849170,0.29878846,-0.10834369,-0.9481493,0.917866,-0.23935166,0.3165957,-0.26124224,-0.96486914,0.02792947
1356444849208,0.29896313,-0.10813841,-0.9481177,0.9177135,-0.23976725,0.31672287,-0.26157755,-0.9647889,0.027558565
1356444849248,0.29906347,-0.10712257,-0.9482013,0.9177555,-0.23982832,0.31655532,-0.2613158,-0.9648871,0.026588455
1356444849291,0.29902688,-0.1058093,-0.9483603,0.9181092,-0.23900232,0.31615412,-0.26011238,-0.9652369,0.025676385
1356444849330,0.29886103,-0.10481754,-0.9485227,0.91869533,-0.237355,0.31569216,-0.25822672,-0.9657514,0.025359258
1356444849370,0.2983928,-0.1040898,-0.94875026,0.919375,-0.23562917,0.31500545,-0.25634208,-0.9662527,0.02538754
1356444849410,0.2974008,-0.10324389,-0.94915414,0.92001516,-0.23473266,0.31380364,-0.25519577,-0.96656156,0.025176287
1356444849449,0.2958957,-0.10244027,-0.94971144,0.9204515,-0.23522437,0.31215182,-0.25537208,-0.9665277,0.024689332
1356444849489,0.29413372,-0.10226825,-0.9502771,0.9205549,-0.23706812,0.31044713,-0.2570293,-0.9660952,0.024413839
1356444849529,0.292384,-0.10300645,-0.95073724,0.9203471,-0.23973504,0.30901188,-0.25975522,-0.96535844,0.024706975
1356444849570,0.29071775,-0.10418078,-0.95112014,0.92003167,-0.2425153,0.30777916,-0.26272586,-0.9645375,0.02534613
1356444849609,0.28904253,-0.104726255,-0.95157075,0.9198918,-0.2448262,0.30636463,-0.26505387,-0.9638945,0.025571644
1356444849635,0.2875597,-0.10430983,-0.9520656,0.9199654,-0.24641973,0.30486232,-0.26640788,-0.96353346,0.02510105
1356444849667,0.2863312,-0.10261649,-0.9526197,0.9203041,-0.24715325,0.30324146,-0.2665607,-0.9635273,0.023670778
1356444849709,0.28539118,-0.09866458,-0.9533191,0.92110926,-0.24656788,0.30126742,-0.26478222,-0.9640901,0.020512551
1356444849748,0.2865032,-0.093619585,-0.9534943,0.92168295,-0.2447713,0.30097762,-0.26156548,-0.96505046,0.016159818
1356444849788,0.29054606,-0.08843315,-0.9527658,0.9215785,-0.24203426,0.3035005,-0.25744143,-0.9662293,0.011175916
1356444849829,0.2980935,-0.083934546,-0.9508393,0.92043996,-0.23858589,0.30962414,-0.25284496,-0.9674874,0.0061358064
1356444849868,0.30906814,-0.080809325,-0.9476005,0.91809356,-0.23463517,0.31945342,-0.2481552,-0.9687188,0.0016722679
1356444849908,0.32274783,-0.079588234,-0.9431328,0.9145385,-0.23048085,0.3324122,-0.24383014,-0.96981657,-0.0016006827
1356444849948,0.33793128,-0.08044106,-0.9377269,0.90996164,-0.22652316,0.3473573,-0.24035865,-0.97067845,-0.003350988
1356444849988,0.35324967,-0.083037585,-0.9318366,0.90474105,-0.22310662,0.36285946,-0.23802987,-0.9712508,-0.0036848485
1356444850046,0.36747736,-0.08676723,-0.92597616,0.89937866,-0.22036004,0.3775705,-0.2368089,-0.9715518,-0.0029407293
1356444850068,0.37984654,-0.09118244,-0.9205446,0.8943012,-0.2182422,0.3906351,-0.23652077,-0.97162545,-0.001353994
1356444850109,0.390099,-0.09616169,-0.91573787,0.8897352,-0.2166748,0.4017751,-0.23705271,-0.9714962,0.0010338277
1356444850145,0.39838162,-0.10191864,-0.9115398,0.88568896,-0.21558985,0.41118866,-0.23842648,-0.9711507,0.004381165
1356444850189,0.4051709,-0.109042555,-0.90771484,0.88193464,-0.21498737,0.41948965,-0.24088955,-0.97051024,0.009061858
1356444850228,0.41100436,-0.118162364,-0.90394306,0.8781415,-0.21498334,0.42737532,-0.24483237,-0.9694431,0.015404165
1356444850268,0.4165847,-0.13057315,-0.8996709,0.87377334,-0.21567509,0.4358949,-0.25095278,-0.96769565,0.024244398
1356444850308,0.42240298,-0.14754331,-0.8943191,0.86843956,-0.21669996,0.44593042,-0.25959295,-0.9650244,0.03659773
1356444850347,0.4285536,-0.16958648,-0.8874582,0.8621126,-0.21717915,0.45781544,-0.27037677,-0.9612875,0.053129777
1356444850388,0.43455777,-0.19572869,-0.8791188,0.8552669,-0.21624169,0.470912,-0.28227308,-0.9565197,0.07343072
1356444850428,0.43944666,-0.22358423,-0.8699981,0.84876746,-0.21372381,0.48364848,-0.2940755,-0.9509638,0.095850825
1356444850468,0.44209057,-0.25048098,-0.8612869,0.84357,-0.21026164,0.49414527,-0.30486962,-0.9450128,0.118343584
1356444850508,0.44140205,-0.27450815,-0.85428894,0.84054804,-0.2067444,0.5007354,-0.31407535,-0.93909645,0.13947985
1356444850548,0.436441,-0.29502204,-0.849989,0.8403472,-0.20386654,0.5022501,-0.3214591,-0.93348837,0.15894517
1356444850620,0.42651778,-0.3126957,-0.84870726,0.84320104,-0.20203829,0.49818915,-0.32725304,-0.92811733,0.17749244
1356444850630,0.41121343,-0.32922348,-0.8500091,0.8488759,-0.20146194,0.48869494,-0.33213437,-0.92251015,0.19662601
1356444850665,0.390504,-0.3467496,-0.85280204,0.85669416,-0.2022497,0.47452098,-0.33701894,-0.9158929,0.21807903
1356444850705,0.36505705,-0.36770517,-0.85529315,0.86553925,-0.20431823,0.4572702,-0.34289253,-0.90721947,0.24367535
1356444850748,0.33507472,-0.3933559,-0.8561518,0.87459594,-0.20811981,0.43791312,-0.35043788,-0.8955206,0.27429187
1356444850788,0.301037,-0.42361385,-0.85435826,0.8831677,-0.21409935,0.41734436,-0.3597104,-0.88017774,0.3096702
1356444850828,0.26351857,-0.45675874,-0.8496643,0.89091647,-0.22250712,0.39592713,-0.36989957,-0.8613141,0.34829918
1356444850868,0.22309697,-0.48922387,-0.8431417,0.897982,-0.233397,0.37303394,-0.37928382,-0.84034866,0.387244
1356444850908,0.180053,-0.5155481,-0.8377298,0.90494156,-0.24700636,0.34650928,-0.38556674,-0.8204865,0.42206663
1356444850949,0.1344977,-0.5298041,-0.83738756,0.9122325,-0.2638089,0.31342742,-0.3869654,-0.80604744,0.4478228
1356444850988,0.0866828,-0.5277256,-0.8449803,0.9195243,-0.28399807,0.27169856,-0.38335508,-0.8005315,0.4606388
1356444851028,0.037322283,-0.5075922,-0.86078864,0.92573535,-0.30682665,0.22106862,-0.37632567,-0.8051133,0.45844465
1356444851068,-0.012145281,-0.46985954,-0.88265765,0.9297344,-0.33019942,0.16297993,-0.36803064,-0.81865776,0.44085485
1356444851108,-0.05938959,-0.4168061,-0.9070533,0.9310242,-0.35090768,0.10028881,-0.36009294,-0.8385324,0.40889677
1356444851148,-0.10120946,-0.35268804,-0.9302514,0.9298831,-0.3659317,0.03756696,-0.3536579,-0.86122304,0.3649944
1356444851188,-0.13410735,-0.28301287,-0.94969416,0.9271785,-0.3741151,-0.019440055,-0.3497931,-0.883143,0.31257498
1356444851228,-0.15518606,-0.21354675,-0.96452844,0.92407644,-0.37658817,-0.06530091,-0.34928522,-0.9014318,0.25577468
1356444851268,-0.16280454,-0.14925715,-0.9753036,0.9216734,-0.37581497,-0.09633878,-0.35215443,-0.91459584,0.19875073
1356444851308,-0.15669757,-0.09374255,-0.9831877,0.9206819,-0.37417984,-0.11105925,-0.3574781,-0.92260593,0.14494023
1356444851348,-0.13765651,-0.049599558,-0.98923737,0.92135394,-0.37298077,-0.10950929,-0.36353487,-0.9265124,0.097041965
1356444851388,-0.10754317,-0.01816091,-0.9940345,0.9233633,-0.3724702,-0.09309235,-0.36855757,-0.92786646,0.056825727
1356444851428,-0.06830615,2.2289157E-4,-0.99766445,0.9259552,-0.37225974,-0.06347963,-0.37140444,-0.9281286,0.025221199
1356444851468,-0.022406995,0.006922841,-0.9997249,0.9279443,-0.37198526,-0.02337408,-0.37204474,-0.9282128,0.0019110441
1356444851508,0.027574837,0.0048701167,-0.9996079,0.92812514,-0.3715074,0.023792952,-0.37124583,-0.9284173,-0.014764398
1356444851548,0.07918221,-0.0024494827,-0.99685717,0.9258832,-0.37040085,0.074454784,-0.36941913,-0.9288688,-0.027061194
1356444851611,0.1303612,-0.012414128,-0.9913888,0.92152166,-0.3673942,0.12577462,-0.3657919,-0.9299824,-0.03645405
1356444851630,0.1796338,-0.023841947,-0.9834446,0.91570604,-0.36124754,0.17601866,-0.35946357,-0.9321651,-0.043060035
1356444851670,0.22528559,-0.036091596,-0.973624,0.9090203,-0.3518294,0.2233791,-0.35061166,-0.93536806,-0.0464541
1356444851710,0.26563525,-0.048550576,-0.96285033,0.9019617,-0.34016848,0.2659896,-0.34044528,-0.93911034,-0.04656996
1356444851750,0.29865256,-0.060505033,-0.95244205,0.895418,-0.32753167,0.30157864,-0.33020198,-0.9429009,-0.043640867
1356444851790,0.322366,-0.07198876,-0.9438739,0.89062333,-0.3147753,0.32818687,-0.32073393,-0.94643235,-0.037357986
1356444851830,0.335324,-0.08509293,-0.9382521,0.8886918,-0.3019961,0.34500045,-0.3127056,-0.94950384,-0.025645107
1356444851869,0.33683977,-0.10516003,-0.9356711,0.8900509,-0.28862247,0.35285485,-0.30716193,-0.9516504,-0.003621772
1356444851910,0.32724008,-0.1416004,-0.93427145,0.8940499,-0.27369586,0.35463387,-0.30592263,-0.9513357,0.037033662
1356444851950,0.30641192,-0.20364532,-0.9298604,0.8998977,-0.25647742,0.3527087,-0.31031567,-0.9448534,0.10467221
1356444851990,0.2736413,-0.29125828,-0.9166728,0.9076831,-0.23706603,0.34628168,-0.3181695,-0.9268054,0.19949922
1356444852030,0.229047,-0.3859138,-0.89364874,0.9181574,-0.21926367,0.3300157,-0.3233023,-0.8960993,0.30410796
1356444852070,0.17669833,-0.46163583,-0.86929286,0.930235,-0.21026915,0.30074877,-0.32162187,-0.86178845,0.39227554
1356444852110,0.12202889,-0.502879,-0.85569954,0.9412104,-0.21499819,0.26057386,-0.315011,-0.83719087,0.44707894
1356444852150,0.069260955,-0.50885516,-0.85806143,0.9490203,-0.2315275,0.21390548,-0.3075117,-0.82913303,0.466878
1356444852190,0.021292448,-0.4858846,-0.87376356,0.95327073,-0.2535755,0.16423884,-0.30136618,-0.8364303,0.4577803
1356444852230,-0.018970728,-0.44267204,-0.89648294,0.9546219,-0.27456433,0.11537543,-0.29721573,-0.8536135,0.4277931
1356444852269,-0.048286855,-0.38771906,-0.92051196,0.9541148,-0.29057187,0.07233912,-0.29552212,-0.874781,0.3839593
1356444852309,-0.06369829,-0.3281767,-0.94246614,0.95276725,-0.30099976,0.040416777,-0.29694593,-0.8953765,0.33184925
1356444852350,-0.06325865,-0.26914814,-0.96101904,0.95119977,-0.30767542,0.023556978,-0.30202222,-0.9126309,0.27547675
1356444852389,-0.04589373,-0.21471882,-0.975597,0.9492917,-0.3134536,0.02433166,-0.31102893,-0.9250095,0.21821633
1356444852430,-0.011508107,-0.16845444,-0.9856423,0.9458928,-0.3214957,0.043902338,-0.32427529,-0.9318067,0.16303962
1356444852470,0.040300548,-0.13535145,-0.9899777,0.9392227,-0.3329355,0.083753884,-0.340935,-0.9331848,0.11370769
1356444852510,0.10773432,-0.11905685,-0.98702514,0.9270841,-0.34651023,0.14298841,-0.35903808,-0.9304601,0.0730447
1356444852550,0.1881684,-0.12012237,-0.97476315,0.9075417,-0.35813963,0.21932632,-0.3754473,-0.9259085,0.0416255
1356444852609,0.27615446,-0.13466454,-0.9516324,0.8799591,-0.3627833,0.3066927,-0.38653693,-0.9220921,0.018315002
1356444852622,0.36396077,-0.15645128,-0.9181805,0.8451856,-0.35877505,0.39615867,-0.3913998,-0.9202192,0.0016503632
1356444852660,0.43897948,-0.17602345,-0.8810861,0.81069076,-0.34521213,0.4728732,-0.38739845,-0.92187,-0.008840442
1356444852700,0.5021475,-0.19070557,-0.8434923,0.778654,-0.3246354,0.53694487,-0.3762259,-0.92641413,-0.014521174
1356444852739,0.5496696,-0.19799235,-0.8115801,0.7533654,-0.30231136,0.5839934,-0.36097616,-0.93241984,-0.017010748
1356444852780,0.5788992,-0.19810462,-0.79096794,0.73939085,-0.2814281,0.61163664,-0.3437686,-0.9389105,-0.016441762
1356444852820,0.5887735,-0.1952017,-0.7843738,0.7393605,-0.26208386,0.62020826,-0.32663733,-0.9450971,-0.009983629
1356444852860,0.5809456,-0.19844672,-0.7893802,0.75187063,-0.24062493,0.6138324,-0.31175756,-0.950115,0.009416252
1356444852900,0.5593596,-0.22084719,-0.7989639,0.7719809,-0.21228826,0.5991488,-0.30193093,-0.9519245,0.051744312
1356444852940,0.5295409,-0.27352884,-0.8029748,0.7937869,-0.1740329,0.58276504,-0.299147,-0.9459887,0.124966055
1356444852980,0.4932964,-0.35256892,-0.7952067,0.8158328,-0.12963942,0.5635694,-0.3017872,-0.9267626,0.22368664
1356444853020,0.44742054,-0.4347009,-0.78156894,0.84071976,-0.09356922,0.5333246,-0.30496746,-0.8957008,0.32359684
1356444853060,0.38801467,-0.49434522,-0.77786076,0.86963725,-0.08315045,0.48663852,-0.30524692,-0.86527956,0.39763743
1356444853100,0.31366605,-0.5200865,-0.7944329,0.9000391,-0.10374534,0.42328084,-0.30256137,-0.8477894,0.4355568
1356444853139,0.22607273,-0.51184505,-0.82879776,0.927342,-0.14737976,0.34397092,-0.29820782,-0.8463415,0.44133684
1356444853180,0.13082427,-0.47528878,-0.8700492,0.9468038,-0.20036924,0.25182274,-0.29401964,-0.85671043,0.4237921
1356444853220,0.038748264,-0.41969284,-0.90683866,0.95557153,-0.24981433,0.15644675,-0.29220092,-0.87261134,0.39136678
1356444853260,-0.039156318,-0.3539157,-0.9344573,0.95480347,-0.28901023,0.06945065,-0.29464746,-0.8895036,0.34923655
1356444853300,-0.094830275,-0.28549966,-0.9536756,0.94847345,-0.31685603,5.4341555E-4,-0.302333,-0.9044845,0.3008364
1356444853340,-0.12373072,-0.22044125,-0.9675207,0.94088304,-0.33588856,-0.0437949,-0.3153249,-0.91574264,0.24896917
1356444853380,-0.1238094,-0.16368264,-0.97871304,0.93476087,-0.3502298,-0.059675932,-0.3330066,-0.9222511,0.19636583
1356444853421,-0.094602525,-0.11923361,-0.9883489,0.9305016,-0.36348623,-0.04521486,-0.3538602,-0.9239377,0.14533389
1356444853460,-0.034932733,-0.09181112,-0.99516344,0.92674047,-0.37569606,0.0021297932,-0.37407455,-0.9221839,0.09820917
1356444853499,0.052001238,-0.083506614,-0.9951495,0.9199159,-0.38381046,0.08027685,-0.3886524,-0.9196283,0.056860387
1356444853540,0.15919489,-0.09291744,-0.98286486,0.905515,-0.38288832,0.18286377,-0.39331865,-0.9191099,0.02318424
1356444853655,0.2742594,-0.11412665,-0.9548597,0.8800193,-0.37057316,0.29705498,-0.38774723,-0.92176497,-0.0011995584
1356444853656,0.37441987,-0.13251746,-0.9177412,0.8503811,-0.34551257,0.3968287,-0.36967787,-0.92901033,-0.016676411
1356444853665,0.45033327,-0.14381763,-0.88120174,0.82155204,-0.31974414,0.47203386,-0.34964588,-0.9365256,-0.025837734
1356444853705,0.49051842,-0.1434919,-0.8595358,0.80721486,-0.29680213,0.51020855,-0.3283228,-0.94409674,-0.029758148
1356444853749,0.49718377,-0.1366229,-0.8568212,0.81164724,-0.27578846,0.5149462,-0.3066548,-0.9514594,-0.026227966
1356444853788,0.4787064,-0.13466161,-0.8675866,0.82985115,-0.25326583,0.49719557,-0.28668323,-0.95797837,-0.0094908625
1356444853828,0.44899964,-0.15406269,-0.88015,0.85117465,-0.2259363,0.47376633,-0.27184755,-0.96188223,0.02968894
1356444853868,0.41966894,-0.20755154,-0.8836291,0.86798507,-0.19296828,0.45756444,-0.26548055,-0.9590024,0.09916884
1356444853908,0.39325884,-0.2919333,-0.87185,0.87970674,-0.15623596,0.44911727,-0.26732662,-0.9435916,0.19537455
1356444853948,0.3606121,-0.38328242,-0.8503256,0.89183295,-0.12526178,0.43467635,-0.2731171,-0.9150979,0.29665297
1356444853988,0.30981195,-0.45255318,-0.83618903,0.90905833,-0.11672777,0.39998454,-0.27862072,-0.8840646,0.3752336
1356444854028,0.23540616,-0.48403615,-0.8427888,0.92993385,-0.13987935,0.3400838,-0.28250155,-0.86379564,0.41719306
1356444854068,0.13905662,-0.47507644,-0.8688876,0.94836164,-0.18870473,0.25495258,-0.28508514,-0.8594725,0.4243036
1356444854108,0.029889464,-0.43060663,-0.90204465,0.9574647,-0.24678254,0.14953175,-0.28699827,-0.86814535,0.4049145
1356444854156,-0.08199936,-0.3545437,-0.931437,0.95377135,-0.29904574,0.029863685,-0.28913024,-0.8859291,0.3626752
1356444854198,-0.17855322,-0.26162505,-0.94850993,0.9394077,-0.33203077,-0.08525658,-0.29262924,-0.9062604,0.30505776
1356444854238,-0.2396484,-0.17649451,-0.9546823,0.9241737,-0.3427356,-0.16862762,-0.29744178,-0.9227036,0.2452476
1356444854278,-0.27176946,-0.10190809,-0.9569515,0.91289365,-0.3420077,-0.22283605,-0.30457595,-0.934155,0.1859785
1356444854318,-0.27390778,-0.041608423,-0.9608555,0.9087559,-0.33827132,-0.24440762,-0.3148605,-0.9401282,0.13046712
1356444854360,-0.2467382,0.0020635426,-0.96908,0.91168463,-0.3385468,-0.2328456,-0.32855952,-0.94094723,0.08165118
1356444854400,-0.18971151,0.026297063,-0.98148763,0.9194783,-0.34582347,-0.18699136,-0.34433874,-0.93793106,0.041427106
1356444854440,-0.10170585,0.028500795,-0.9944062,0.9278387,-0.35785192,-0.10515392,-0.35884717,-0.9333433,0.009951502
1356444854480,0.015178621,0.008588433,-0.9998479,0.92977434,-0.36796695,0.010954082,-0.3678169,-0.9297992,-0.013570547
1356444854520,0.14872438,-0.028002739,-0.9884821,0.91748106,-0.36902243,0.14849573,-0.36893034,-0.92899853,-0.02919066
1356444854560,0.2786479,-0.07125726,-0.95774615,0.88904715,-0.35804915,0.2852997,-0.3632499,-0.9309797,-0.036418572
1356444854612,0.38429865,-0.109968364,-0.916636,0.8527045,-0.33827356,0.398078,-0.35384968,-0.9346005,-0.03622757
1356444854640,0.45390534,-0.13686585,-0.8804759,0.8222859,-0.3163011,0.47307464,-0.34324324,-0.93873394,-0.031027928
1356444854681,0.4854028,-0.15045509,-0.86124754,0.80846596,-0.29774854,0.5076698,-0.3328167,-0.9427136,-0.022890158
1356444854720,0.48227742,-0.1543692,-0.86231005,0.8141682,-0.284323,0.5062514,-0.32332423,-0.946219,-0.0114400685
1356444854760,0.4528651,-0.15788677,-0.8774879,0.8337469,-0.27369717,0.4795372,-0.31587854,-0.94876844,0.0076897293
1356444854800,0.4098315,-0.17539942,-0.8951387,0.85693073,-0.26225367,0.44372603,-0.31258267,-0.94892466,0.042825326
1356444854840,0.3659538,-0.22011274,-0.904228,0.87566584,-0.2475357,0.414651,-0.31509867,-0.9435446,0.10215856
1356444854880,0.3281185,-0.2953818,-0.89726686,0.88787997,-0.2278471,0.39969352,-0.3225018,-0.9278121,0.18750279
1356444854920,0.2862726,-0.38055494,-0.87933266,0.89946115,-0.20951748,0.38349986,-0.33017835,-0.90071106,0.28231522
1356444854960,0.230798,-0.44860575,-0.86341476,0.91372204,-0.20507222,0.35079527,-0.33443114,-0.869884,0.36257073
1356444855000,0.15704072,-0.4825147,-0.86169475,0.92901945,-0.22383851,0.294651,-0.33505386,-0.8468033,0.41311374
1356444855040,0.06742197,-0.47861636,-0.87543166,0.94025993,-0.26299864,0.2162014,-0.3337148,-0.83771,0.43229184
1356444855080,-0.030394375,-0.44114935,-0.8969188,0.9427984,-0.31068295,0.12086025,-0.33197483,-0.84194016,0.42535797
1356444855120,-0.12502646,-0.3796468,-0.91664433,0.93527734,-0.35341585,0.018806428,-0.33109644,-0.8549652,0.39926136
1356444855160,-0.20631433,-0.30413052,-0.9300209,0.92033815,-0.38308436,-0.07889217,-0.332283,-0.8722104,0.35893875
1356444855200,-0.26690972,-0.2242555,-0.93726665,0.90315396,-0.39754808,-0.16207576,-0.33626217,-0.8897556,0.30864668
1356444855240,-0.3032049,-0.14766496,-0.94141483,0.8890726,-0.39938378,-0.22370178,-0.34295288,-0.9048136,0.25238
1356444855280,-0.31497777,-0.07911399,-0.9457959,0.8813813,-0.39404702,-0.26056454,-0.35207376,-0.91567886,0.19384566
1356444855320,-0.3030302,-0.021927804,-0.9527286,0.88100433,-0.38759446,-0.2712964,-0.36332348,-0.9215691,0.13677138
1356444855360,-0.26856476,0.021257937,-0.963027,0.8869918,-0.38443226,-0.25584638,-0.3756574,-0.9229084,0.08438936
1356444855400,-0.21261728,0.047635496,-0.9759738,0.89739716,-0.38567328,-0.21432325,-0.3866164,-0.92140484,0.039252877
1356444855440,-0.13679707,0.055214107,-0.9890591,0.9092792,-0.38917655,-0.14748847,-0.3930621,-0.9195069,0.0030332208
1356444855480,-0.044776678,0.0447495,-0.9979943,0.9184959,-0.3910429,-0.058743954,-0.39288726,-0.919284,-0.02359268
1356444855519,0.0552994,0.021186233,-0.998245,0.9207168,-0.3878801,0.042772382,-0.3862932,-0.92146623,-0.04095602
1356444855560,0.1518979,-0.0079879165,-0.98836386,0.91456175,-0.37809062,0.14361125,-0.37483832,-0.9257341,-0.050125718
1356444855612,0.2346496,-0.035685867,-0.97142476,0.9025084,-0.36325896,0.23134723,-0.3611346,-0.9310045,-0.053031757
1356444855640,0.2960258,-0.057460606,-0.95345,0.8900399,-0.3457126,0.29717302,-0.34669536,-0.93657947,-0.051197648
1356444855678,0.3335897,-0.07303867,-0.9398848,0.88222563,-0.32720134,0.3385519,-0.33225885,-0.9421278,-0.044714466
1356444855718,0.3490953,-0.087160856,-0.93302494,0.88136256,-0.307687,0.358509,-0.3183276,-0.94748706,-0.030591786
1356444855758,0.34743693,-0.11013377,-0.9312132,0.88638914,-0.28543785,0.3644714,-0.30594414,-0.95204806,-0.0015502423
1356444855798,0.33450672,-0.15514395,-0.92953515,0.89443076,-0.2583944,0.36500123,-0.29681444,-0.9535003,0.05233088
1356444855838,0.31308585,-0.2285665,-0.9218105,0.9037256,-0.22670913,0.36315688,-0.29198837,-0.94676304,0.13558201
1356444855878,0.28108722,-0.31956974,-0.90491164,0.9147395,-0.19595987,0.3533432,-0.2902442,-0.92707866,0.23724125
1356444855919,0.23474067,-0.4022819,-0.88491017,0.92809427,-0.17792737,0.32708228,-0.28902906,-0.8980596,0.3315888
1356444855958,0.17481828,-0.4555955,-0.87285244,0.94179165,-0.18118477,0.2831972,-0.28717092,-0.8715532,0.39740157
1356444855998,0.10563505,-0.47280073,-0.8748146,0.9527484,-0.20383823,0.22521165,-0.28480098,-0.8572686,0.42892778
1356444856038,0.03325939,-0.45755216,-0.88856065,0.95877194,-0.23644394,0.15764105,-0.28222373,-0.85717,0.4308241
1356444856078,-0.0351696,-0.41835567,-0.9076022,0.95936465,-0.268548,0.086610764,-0.27996886,-0.8676754,0.41080034
1356444856118,-0.0927847,-0.36460984,-0.9265262,0.95582247,-0.29328418,0.019695729,-0.27891672,-0.883767,0.37571448
1356444856158,-0.13460821,-0.3041528,-0.94306517,0.9505777,-0.30836636,-0.036227643,-0.27979076,-0.90133315,0.33062935
1356444856198,-0.15789002,-0.24273837,-0.9571566,0.94605684,-0.3149135,-0.076195836,-0.2829259,-0.91755515,0.27936608
1356444856239,-0.16176987,-0.1843575,-0.9694549,0.94361424,-0.31643027,-0.09728357,-0.2888299,-0.930529,0.22515115
1356444856280,-0.14688283,-0.13146621,-0.9803785,0.943024,-0.31775588,-0.098676085,-0.29854846,-0.9390143,0.17064866
1356444856320,-0.113640785,-0.08722338,-0.9896857,0.94321215,-0.32244205,-0.07988688,-0.31214827,-0.942562,0.1189127
1356444856360,-0.06447148,-0.05407968,-0.9964531,0.942557,-0.3312655,-0.043005913,-0.3277648,-0.94198644,0.072330385
1356444856399,-0.0019635558,-0.034348726,-0.999408,0.9399462,-0.3411796,0.009879291,-0.34131697,-0.93937033,0.032955855
1356444856440,0.069180965,-0.028185606,-0.99720585,0.9346864,-0.34754282,0.07466689,-0.34867635,-0.93724036,0.0023014247
1356444856480,0.14385712,-0.033958822,-0.9890156,0.9262701,-0.3471561,0.14665043,-0.34832284,-0.9371923,-0.018485844
1356444856520,0.21394145,-0.046754748,-0.97572696,0.91510546,-0.3398835,0.2169359,-0.34177625,-0.9393047,-0.029929668
1356444856560,0.27226764,-0.061053246,-0.9602826,0.90321803,-0.3278789,0.27693418,-0.33176416,-0.94274485,-0.034126386
1356444856610,0.31389123,-0.07290441,-0.94665587,0.89375496,-0.31380087,0.32051703,-0.3204285,-0.9466858,-0.033340707
1356444856640,0.33684385,-0.08156088,-0.93802136,0.889531,-0.2990188,0.34543067,-0.3086596,-0.9507553,-0.028171718
1356444856680,0.3416663,-0.09060484,-0.93544376,0.89170504,-0.28314558,0.3531158,-0.29686072,-0.9547876,-0.015948534
1356444856720,0.33106002,-0.108938396,-0.93730026,0.89915603,-0.2648689,0.34837186,-0.28621274,-0.95811117,0.010265112
1356444856760,0.30926546,-0.14910454,-0.9392139,0.90919787,-0.24315813,0.33798426,-0.2787725,-0.9584581,0.06036511
1356444856800,0.27875274,-0.21985984,-0.9348575,0.91986895,-0.21856391,0.32568535,-0.27593124,-0.950732,0.14131695
1356444856839,0.23599452,-0.30946937,-0.92115974,0.93171895,-0.19722891,0.30495992,-0.2760551,-0.93023086,0.24179356
1356444856880,0.17984313,-0.39314178,-0.9017184,0.94408476,-0.18852246,0.2704871,-0.27633396,-0.8999438,0.3372547
1356444856920,0.11047912,-0.44668788,-0.88784254,0.95495766,-0.1998322,0.21936938,-0.27540913,-0.8720877,0.4044907
1356444856960,0.03295225,-0.4622305,-0.8861474,0.9611289,-0.22852534,0.1549435,-0.27412677,-0.8568076,0.43673265
1356444857000,-0.0469262,-0.44342563,-0.895082,0.96069264,-0.26548678,0.08115676,-0.27361944,-0.8560903,0.438454
1356444857040,-0.12224132,-0.39907146,-0.9087348,0.9537982,-0.30042595,0.0036290288,-0.2744558,-0.866306,0.41735816
1356444857080,-0.18605477,-0.3391315,-0.92215693,0.9427203,-0.32609725,-0.070278406,-0.27687922,-0.88241166,0.3803782
1356444857120,-0.23306066,-0.2719236,-0.9336703,0.9309558,-0.3398937,-0.13339192,-0.28107628,-0.90029424,0.33236474
1356444857160,-0.2599749,-0.20429826,-0.9437559,0.9219446,-0.343117,-0.17969087,-0.28710824,-0.91680586,0.2775535
1356444857200,-0.26619965,-0.14010638,-0.9536813,0.91752666,-0.34007043,-0.20614776,-0.2954362,-0.92990446,0.21907794
1356444857240,-0.25038618,-0.08444604,-0.9644561,0.91842866,-0.33584982,-0.20903042,-0.30626056,-0.9381225,0.1616498
1356444857298,-0.2136069,-0.04078427,-0.9760679,0.9232732,-0.33496433,-0.18805683,-0.3192782,-0.9413477,0.10920575
1356444857318,-0.15680587,-0.011809945,-0.98755884,0.9298336,-0.33880955,-0.14358842,-0.3328985,-0.9407809,0.06410855
1356444857359,-0.082217276,0.0016869903,-0.996613,0.9352699,-0.3452919,-0.077741176,-0.34425357,-0.93849385,0.026811153
1356444857395,0.0074352026,-6.327033E-5,-0.9999724,0.93676245,-0.34989607,0.0069873333,-0.34988683,-0.93678856,-0.002542287
1356444857439,0.10545373,-0.013846725,-0.9943278,0.9315543,-0.34851575,0.10364959,-0.3479741,-0.93720055,-0.023853272
1356444857478,0.20413095,-0.03486052,-0.9783226,0.9180285,-0.3402074,0.20367292,-0.33993277,-0.93970406,-0.03744386
1356444857518,0.29369292,-0.057142377,-0.9541904,0.89780486,-0.3261992,0.29587257,-0.32816303,-0.9435724,-0.044499665
1356444857558,0.36740795,-0.07681003,-0.92688274,0.8751818,-0.3087118,0.37249684,-0.31475115,-0.9480492,-0.046200454
1356444857614,0.42202565,-0.09362361,-0.9017366,0.8552394,-0.28886858,0.43025634,-0.3007655,-0.9527799,-0.041839346
1356444857640,0.45820278,-0.11244598,-0.88170636,0.8412287,-0.26546502,0.47102278,-0.28702688,-0.9575407,-0.027043998
1356444857680,0.48069036,-0.14422727,-0.8649481,0.83263564,-0.23432583,0.5018059,-0.2750538,-0.9613999,0.00745064
1356444857720,0.49501976,-0.2005521,-0.8454195,0.8268442,-0.19025281,0.5292754,-0.26699075,-0.96103215,0.07164645
1356444857760,0.50406706,-0.28369793,-0.8157401,0.8224895,-0.13047263,0.5536136,-0.2634907,-0.94999605,0.16757157
1356444857800,0.50407565,-0.3771236,-0.77697194,0.822847,-0.06357452,0.56469554,-0.26235566,-0.9239784,0.2782687
1356444857839,0.4908345,-0.45662284,-0.7420088,0.83123267,-0.009723991,0.55583966,-0.26102436,-0.8896072,0.37478697
1356444857880,0.46515375,-0.5091703,-0.7241393,0.84638786,0.01615405,0.53232205,-0.25934476,-0.8605143,0.4384696
1356444857920,0.42947948,-0.53353876,-0.7286176,0.86533564,0.0123263,0.501041,-0.2583437,-0.84568566,0.4669841
1356444857960,0.38781017,-0.5333935,-0.75172776,0.8846431,-0.013654649,0.46606886,-0.25886267,-0.845757,0.46656743
1356444858000,0.3448019,-0.5134287,-0.7858133,0.90154815,-0.051977873,0.42954534,-0.26138586,-0.8565566,0.4449587
1356444858040,0.3062011,-0.47839323,-0.82303154,0.9139854,-0.09403753,0.39469963,-0.26621747,-0.87309617,0.40844998
1356444858080,0.2779258,-0.43296003,-0.85749805,0.9208547,-0.13404387,0.36614066,-0.2734666,-0.891391,0.361439
1356444858120,0.2651583,-0.38207403,-0.8852743,0.921659,-0.16929162,0.3491205,-0.2832594,-0.90849316,0.30725285
1356444858160,0.27201653,-0.33160606,-0.9033518,0.9155524,-0.19982946,0.34904456,-0.29626158,-0.92201173,0.24924576
1356444858200,0.30068272,-0.28762802,-0.90931845,0.9006165,-0.22808963,0.36995265,-0.31381485,-0.93018556,0.19045994
1356444858240,0.35248905,-0.25637084,-0.90001416,0.8736283,-0.25459218,0.41467622,-0.33544743,-0.9324467,0.13423188
1356444858279,0.4231907,-0.24093533,-0.87341845,0.8326596,-0.2766208,0.4797489,-0.35719416,-0.9302855,0.083553724
1356444858320,0.50336456,-0.23908138,-0.8303397,0.77939487,-0.28925315,0.55576617,-0.37305182,-0.9269156,0.04073909
1356444858360,0.58245486,-0.24475725,-0.77513885,0.7193862,-0.28876597,0.63174176,-0.3784571,-0.92558527,0.007881876
1356444858401,0.649145,-0.24966557,-0.7185248,0.6628773,-0.27764866,0.69534516,-0.37310123,-0.9276736,-0.0147365965
1356444858440,0.6986144,-0.24901377,-0.67076826,0.6184268,-0.2613327,0.74111634,-0.35984185,-0.93257564,-0.02857399
1356444858480,0.73014337,-0.24157256,-0.6391661,0.59147793,-0.2449045,0.76822895,-0.3421177,-0.9389699,-0.035930574
1356444858520,0.7443217,-0.22847165,-0.62752366,0.5847778,-0.23082536,0.7776597,-0.3225216,-0.9457908,-0.038203176
1356444858560,0.741659,-0.21324612,-0.635978,0.598524,-0.21766894,0.77096653,-0.30283827,-0.9524423,-0.03380322
1356444858613,0.72354484,-0.20386583,-0.65948594,0.6286481,-0.19999237,0.7515349,-0.2851044,-0.9583537,-0.016543593
1356444858640,0.6948105,-0.21392363,-0.6866404,0.6658258,-0.16957828,0.72658056,-0.27187204,-0.96201867,0.024611086
1356444858680,0.66189444,-0.255723,-0.70462865,0.7013933,-0.1203652,0.7025381,-0.2644679,-0.95922786,0.09969333
1356444858720,0.6264691,-0.32610363,-0.70794976,0.7344659,-0.057106853,0.67623854,-0.26095268,-0.94360757,0.20373636
1356444858760,0.58446217,-0.40470558,-0.70329034,0.7692329,5.123317E-4,0.6389683,-0.25823373,-0.9144469,0.3116123
1356444858800,0.5307319,-0.46893615,-0.7059904,0.80808574,0.02878812,0.5883609,-0.2555796,-0.8827628,0.39421943
1356444858839,0.46337783,-0.5072859,-0.7265961,0.84889,0.018812954,0.5282346,-0.25429657,-0.8615724,0.43934745
1356444858880,0.38321084,-0.5168757,-0.7654991,0.88761836,-0.023180544,0.45999587,-0.2555054,-0.8557465,0.4499054
1356444858920,0.2937727,-0.49897352,-0.81530553,0.9199585,-0.08402467,0.38290524,-0.2595653,-0.8625343,0.4343507
1356444858960,0.20354885,-0.45781904,-0.8654303,0.94206125,-0.14913434,0.30046558,-0.26662427,-0.8764478,0.40093744
1356444859000,0.12268317,-0.39926666,-0.9085896,0.9530346,-0.20803756,0.2201035,-0.27690077,-0.89292026,0.3549922
1356444859040,0.06036067,-0.33078504,-0.9417738,0.9550077,-0.25532877,0.15088958,-0.29037392,-0.90850896,0.30049038
1356444859080,0.023424208,-0.2609147,-0.9650776,0.9514717,-0.29047203,0.10162485,-0.30684346,-0.9206245,0.24144892
1356444859120,0.014931023,-0.19685584,-0.9803188,0.9451043,-0.3172958,0.07811016,-0.3264275,-0.9276697,0.18131177
1356444859158,0.03918314,-0.14700377,-0.9883596,0.9367025,-0.3390019,0.08755672,-0.34792688,-0.9292296,0.12441562
1356444859200,0.09598988,-0.11712763,-0.988467,0.9245697,-0.35736835,0.13213089,-0.36872303,-0.92658997,0.07398896
1356444859240,0.18513322,-0.111860245,-0.97632635,0.90439725,-0.3692624,0.2138012,-0.3844364,-0.9225685,0.032803327
1356444859280,0.29948497,-0.13046405,-0.94513905,0.8700582,-0.3691818,0.32665488,-0.39154494,-0.9201542,0.002946943
1356444859320,0.4200318,-0.1628938,-0.89277035,0.8195058,-0.35452324,0.45024806,-0.38985056,-0.920749,-0.015418567
1356444859360,0.5258367,-0.19546825,-0.82782125,0.7601082,-0.32880875,0.5604645,-0.38174784,-0.9239465,-0.024322718
1356444859400,0.60449487,-0.2186035,-0.7660277,0.70554864,-0.29953206,0.6422474,-0.3698474,-0.92870504,-0.026830163
1356444859440,0.65400386,-0.2295648,-0.7208183,0.66780186,-0.27246878,0.69267696,-0.35541478,-0.93437713,-0.02489179
1356444859480,0.67730916,-0.23094991,-0.69850874,0.6528586,-0.24901801,0.715378,-0.33915773,-0.94055945,-0.017884549
1356444859520,0.68018186,-0.23083158,-0.69575095,0.6586719,-0.22410005,0.71828306,-0.32172024,-0.9468347,-3.8650632E-4
1356444859559,0.66949564,-0.24243523,-0.70214015,0.67706996,-0.18963134,0.7110671,-0.3055355,-0.9514543,0.037188232
1356444859614,0.65617967,-0.28160548,-0.7000904,0.69496185,-0.13598382,0.70607114,-0.29403448,-0.9498457,0.106475234
1356444859640,0.6440435,-0.34958106,-0.6804418,0.70843333,-0.06309271,0.7029519,-0.28866965,-0.9347793,0.20702046
1356444859680,0.62891376,-0.42829818,-0.6488668,0.72251445,0.013752848,0.6912189,-0.28712413,-0.9035327,0.31810105
1356444859720,0.6035573,-0.49417824,-0.62570477,0.74421114,0.06754762,0.66452026,-0.28612655,-0.8667325,0.4085418
1356444859760,0.5660286,-0.5363151,-0.62608135,0.7734245,0.082597345,0.62848413,-0.28535286,-0.83996654,0.46155167
1356444859800,0.5152221,-0.55343556,-0.65441215,0.80804455,0.05916363,0.58614296,-0.285675,-0.83078796,0.477683
1356444859839,0.4520728,-0.5470841,-0.7045063,0.8443569,0.007841647,0.5357237,-0.28756145,-0.8370409,0.46547925
1356444859880,0.37884116,-0.51808906,-0.76685274,0.87836885,-0.059668183,0.47424456,-0.29145765,-0.8532429,0.43246853
1356444859920,0.30307364,-0.47005343,-0.82897294,0.9052274,-0.12987262,0.40459415,-0.2978418,-0.8730308,0.3861443
1356444859960,0.23362297,-0.40803906,-0.8825669,0.922511,-0.19379264,0.33379304,-0.3072356,-0.89215946,0.33114612
1356444860000,0.18012702,-0.33938086,-0.9232415,0.9301863,-0.24643612,0.27207115,-0.3198558,-0.907794,0.27129757
1356444860040,0.15083134,-0.27272186,-0.95019615,0.9297701,-0.28739023,0.2300747,-0.33582345,-0.91816646,0.21022117
1356444860080,0.1519208,-0.21667287,-0.96435106,0.9224112,-0.31942523,0.21708298,-0.35507405,-0.92250764,0.15133415
1356444860120,0.18740237,-0.17883366,-0.9658669,0.90728766,-0.3453148,0.2399728,-0.3764433,-0.9212905,0.09754069
1356444860160,0.25723827,-0.16426176,-0.95228493,0.88117164,-0.36466128,0.30092984,-0.39669263,-0.9165371,0.05093792
1356444860200,0.35313225,-0.17255688,-0.91952264,0.8403866,-0.37342334,0.39281726,-0.41115454,-0.9114709,0.013146624
1356444860240,0.45573875,-0.19495243,-0.868502,0.7866303,-0.3684019,0.49547243,-0.41655135,-0.908996,-0.01453957
1356444860280,0.5416877,-0.2171593,-0.8120445,0.7320218,-0.35298732,0.5827042,-0.41318104,-0.9100779,-0.03224358
1356444860320,0.5977225,-0.22882354,-0.7683538,0.6926329,-0.335234,0.6386533,-0.40371713,-0.9139246,-0.04188621
1356444860360,0.6216066,-0.22667792,-0.7498148,0.67882514,-0.32178983,0.6600361,-0.3908984,-0.919276,-0.046151996
1356444860400,0.61490494,-0.21175522,-0.75963914,0.693063,-0.31446356,0.6486727,-0.3762387,-0.92534983,-0.046605468
1356444860440,0.58077896,-0.18959704,-0.7916747,0.72986794,-0.3094351,0.60954314,-0.3605395,-0.9318277,-0.041332573
1356444860480,0.528064,-0.1739845,-0.83119065,0.77578926,-0.2992669,0.5555093,-0.34539777,-0.9381732,-0.023056827
1356444860520,0.47408623,-0.18660158,-0.8604778,0.8147504,-0.27752942,0.50907683,-0.33380246,-0.94242096,0.020460844
1356444860560,0.43271765,-0.24370697,-0.8679645,0.83962274,-0.24167195,0.4864447,-0.3283126,-0.93925595,0.10004616
1356444860613,0.39886808,-0.33710825,-0.8527968,0.8565428,-0.19514209,0.4777593,-0.3274732,-0.92101985,0.21091169
1356444860640,0.35522413,-0.43576813,-0.82699573,0.8759177,-0.15381151,0.45728558,-0.32647204,-0.88681906,0.32705948
1356444860680,0.28760868,-0.507837,-0.8120239,0.90181273,-0.14191002,0.4081608,-0.32251355,-0.8496841,0.41715935
1356444860720,0.1943497,-0.5393913,-0.81931996,0.9282615,-0.16888356,0.33137447,-0.31711015,-0.82494575,0.46787366
1356444860763,0.083637476,-0.5304631,-0.843572,0.94606256,-0.22363067,0.23442468,-0.31300214,-0.8176786,0.48314735
1356444860798,-0.030415595,-0.4885107,-0.87202764,0.94959736,-0.28644085,0.12734327,-0.3119929,-0.82420194,0.47260088
1356444860838,-0.1329053,-0.4241933,-0.8957658,0.93979716,-0.34102064,0.022053361,-0.31482947,-0.83890706,0.44397902
1356444860878,-0.21205682,-0.3499974,-0.91243285,0.9229933,-0.37852168,-0.069315165,-0.32111555,-0.85686815,0.40331346
1356444860918,-0.26331884,-0.27452904,-0.9248227,0.90651125,-0.39834255,-0.13985914,-0.33000085,-0.8751897,0.35375476
1356444860976,-0.28582954,-0.20358062,-0.936406,0.8956338,-0.40426713,-0.18549398,-0.34079525,-0.8916967,0.29788524
1356444860998,-0.28142768,-0.1400517,-0.9493072,0.8920325,-0.40279442,-0.20502383,-0.35366166,-0.9045122,0.23828804
1356444861038,-0.25244117,-0.08606237,-0.9637773,0.89461637,-0.40028328,-0.19858184,-0.3686936,-0.91234124,0.17804083
1356444861075,-0.20079249,-0.04491663,-0.97860354,0.9012317,-0.40005094,-0.16655535,-0.38401014,-0.9153916,0.1208075
1356444861119,-0.12987947,-0.019065917,-0.9913465,0.90912396,-0.40135545,-0.111388266,-0.39575866,-0.91572386,0.0694612
1356444861158,-0.04189974,-0.011598825,-0.99905455,0.9156038,-0.40066302,-0.03374824,-0.3998927,-0.9161521,0.027407557
1356444861198,0.054383755,-0.019174606,-0.998336,0.9169698,-0.3947866,0.05753386,-0.39523286,-0.9185728,-0.0038874447
1356444861238,0.14825171,-0.034902543,-0.9883336,0.911355,-0.38322395,0.15023816,-0.3839968,-0.9229958,-0.025004998
1356444861278,0.22756928,-0.050418794,-0.97245574,0.9010213,-0.36782604,0.22992319,-0.36928698,-0.9285268,-0.03827752
1356444861318,0.2843927,-0.06070894,-0.9567838,0.8912979,-0.35086977,0.28719082,-0.35314155,-0.9344543,-0.04567507
1356444861358,0.31716734,-0.0671224,-0.9459913,0.8866002,-0.3331198,0.32089135,-0.33666745,-0.9404923,-0.046143994
1356444861398,0.33018568,-0.079080105,-0.94059753,0.8875652,-0.31313625,0.337896,-0.321256,-0.94641006,-0.033204377
1356444861438,0.33093455,-0.11309767,-0.93685174,0.89160264,-0.28769383,0.34968135,-0.3090746,-0.9510211,0.005630359
1356444861478,0.32378495,-0.18350887,-0.92816365,0.8968135,-0.25306475,0.3628825,-0.30147764,-0.9498856,0.08263469
1356444861518,0.3046891,-0.28645852,-0.90835345,0.9050355,-0.21008801,0.3698296,-0.29677495,-0.9347752,0.19524355
1356444861558,0.26494914,-0.39308584,-0.88050294,0.9190825,-0.17328727,0.35391918,-0.2917006,-0.9030255,0.31536606
1356444861613,0.2042349,-0.4750933,-0.85590565,0.935831,-0.16179723,0.3131165,-0.28724268,-0.86493236,0.41156244
1356444861649,0.11633837,-0.5088614,-0.85295105,0.9512737,-0.18982142,0.24299458,-0.28555894,-0.83965945,0.4619829
1356444861690,0.027965724,-0.5001915,-0.8654631,0.95699674,-0.23669887,0.16772279,-0.2887476,-0.8329358,0.47206217
1356444861730,-0.050115645,-0.46055734,-0.886214,0.95380723,-0.28523642,0.094296694,-0.29620957,-0.8405516,0.45357776
1356444861770,-0.10882658,-0.40224016,-0.90904325,0.9454442,-0.32436782,0.030344337,-0.30707008,-0.8561474,0.41559544
1356444861810,-0.14204597,-0.3361316,-0.9310415,0.93644464,-0.3504339,-0.016354054,-0.32077143,-0.8741919,0.36454648
1356444861849,-0.14697814,-0.27068645,-0.9513812,0.9299877,-0.3654406,-0.039698064,-0.33692762,-0.89060766,0.3054469
1356444861890,-0.12399554,-0.21071663,-0.9696512,0.9262948,-0.37498224,-0.036963224,-0.35581324,-0.90276617,0.24168181
1356444861930,-0.0732941,-0.16209298,-0.9840497,0.92336065,-0.3838938,-0.005538732,-0.37687275,-0.9090388,0.17780742
1356444861970,0.0011190772,-0.12902132,-0.99164116,0.91728604,-0.3947668,0.052397788,-0.39822745,-0.9096772,0.11790769
1356444862010,0.09439647,-0.11437935,-0.98894227,0.90438646,-0.40538836,0.13321203,-0.41614237,-0.90696067,0.065175906
1356444862050,0.19941217,-0.11745307,-0.9728513,0.882337,-0.41036105,0.230402,-0.42628172,-0.90432763,0.021802247
1356444862090,0.3070218,-0.13341373,-0.94230485,0.8508584,-0.40508783,0.33457994,-0.4263538,-0.9044913,-0.010854557
1356444862130,0.4075616,-0.15426758,-0.90005285,0.8122506,-0.3891701,0.43450615,-0.41730386,-0.9081564,-0.033306845
1356444862170,0.49489912,-0.17331707,-0.8514905,0.76996773,-0.36673477,0.52216405,-0.40277112,-0.9140387,-0.04804816
1356444862210,0.5650312,-0.18590856,-0.8038519,0.7294838,-0.342626,0.5919973,-0.38547796,-0.92089385,-0.057977073
1356444862250,0.6169417,-0.19081989,-0.76352525,0.69642496,-0.319513,0.642576,-0.3665725,-0.92816985,-0.06422916
1356444862290,0.65086526,-0.19087973,-0.7348057,0.6753228,-0.2966413,0.6752356,-0.34686247,-0.9357184,-0.064168096
