1356420196911,-0.41190195,0.8848934,-0.21748647,-0.17716622,0.15634954,0.9716825,0.89383936,0.43876916,0.09237254
1356420196913,-0.25112247,0.31922144,0.9138025,0.3714602,-0.83998996,0.39551744,0.8938427,0.4387646,0.092362374
1356420196948,-0.25088876,0.3188727,0.91398853,0.3716051,-0.8401194,0.39510635,0.8938481,0.43877056,0.0922818
1356420196991,-0.24981344,0.31714723,0.91488296,0.37226877,-0.8407647,0.3931038,0.89387316,0.438785,0.091970384
1356420197030,-0.24667841,0.31177974,0.91757464,0.37416226,-0.8427753,0.38695276,0.8939532,0.4387747,0.091238245
1356420197069,-0.24016798,0.3000087,0.9232086,0.37786043,-0.8471438,0.37358898,0.8941704,0.43856812,0.09009546
1356420197110,-0.22964782,0.27983034,0.9321786,0.38343012,-0.85430706,0.3509144,0.8945632,0.43801203,0.08889431
1356420197149,-0.2153176,0.2506746,0.94382226,0.39056104,-0.86372393,0.318501,0.89504206,0.43719912,0.0880713
1356420197190,-0.19856262,0.21532509,0.9561423,0.3982022,-0.8736941,0.27945244,0.89554894,0.4362268,0.087740004
1356420197231,-0.17989671,0.17519733,0.96795815,0.40576866,-0.88317734,0.23526505,0.8960965,0.4350905,0.087791055
1356420197269,-0.16055763,0.13332875,0.97797996,0.41248518,-0.8910995,0.18920307,0.89670354,0.4337802,0.08807662
1356420197310,-0.14324546,0.09550156,0.98506856,0.41733956,-0.8966805,0.14762053,0.89738977,0.43225405,0.088588834
1356420197351,-0.1298396,0.0654522,0.9893723,0.42027462,-0.90011805,0.114702046,0.8980594,0.43070096,0.089363195
1356420197390,-0.121757805,0.045896977,0.9914982,0.42164734,-0.90192336,0.0935296,0.89854807,0.4294505,0.09046387
1356420197433,-0.119505644,0.037616596,0.9921206,0.4219582,-0.90261716,0.08504991,0.8987044,0.42879736,0.09199527
1356420197470,-0.12285262,0.040011242,0.99161804,0.421646,-0.9024166,0.0886502,0.8983996,0.42900267,0.09399372
1356420197509,-0.131536,0.05191712,0.989951,0.4210679,-0.90113825,0.10320723,0.8974409,0.43041205,0.09667143
1356420197549,-0.1451096,0.07189119,0.98680025,0.4201883,-0.89847106,0.12724516,0.8957594,0.43310645,0.100169055
1356420197592,-0.1632061,0.09818822,0.9816938,0.41897857,-0.8939544,0.15906754,0.8932081,0.43726948,0.10476006
1356420197636,-0.1844436,0.1279194,0.974483,0.4173307,-0.8874793,0.19548805,0.88984025,0.44273823,0.11030518
1356420197669,-0.20638764,0.15699251,0.9657937,0.4154685,-0.87958604,0.23176375,0.8858838,0.44909003,0.11631018
1356420197709,-0.22694075,0.18235582,0.956684,0.41408664,-0.87103385,0.26425788,0.8814931,0.45612094,0.12216202
1356420197748,-0.24312544,0.20030311,0.94908834,0.4147484,-0.86302817,0.28838527,0.8768544,0.46374667,0.12674871
1356420197790,-0.2516294,0.20729092,0.94536406,0.419678,-0.8568094,0.29957998,0.87209696,0.4721316,0.12860292
1356420197830,-0.24878776,0.19955714,0.9477772,0.43101948,-0.8535002,0.29284775,0.8673678,0.48136735,0.1263273
1356420197869,-0.2307663,0.17314953,0.95747906,0.4498183,-0.8535882,0.26277477,0.8627922,0.49133116,0.11909357
1356420197908,-0.19432348,0.124763906,0.9729709,0.47463298,-0.85608107,0.2045697,0.8584649,0.50155675,0.10713959
1356420197949,-0.13867867,0.054107353,0.9888582,0.5006239,-0.85770285,0.11713901,0.85448456,0.5112908,0.09185765
1356420197975,-0.07624668,-0.02357462,0.9968102,0.5195664,-0.85420656,0.019539982,0.8510213,0.5193989,0.07737905
1356420198007,-0.013322949,-0.10034269,0.99486375,0.5297935,-0.84452456,-0.07808453,0.8480221,0.52603203,0.064412415
1356420198049,0.045883417,-0.17138301,0.9841354,0.53269106,-0.8292152,-0.16924,0.845065,0.5320055,0.05324704
1356420198090,0.09548354,-0.2299097,0.96851665,0.53153324,-0.81086504,-0.24488832,0.8416385,0.5381816,0.044780374
1356420198129,0.13564974,-0.27687883,0.95128185,0.52877235,-0.7917439,-0.3058452,0.8378537,0.5444994,0.039006084
1356420198168,0.16627032,-0.31289437,0.93512106,0.52427876,-0.77512556,-0.3525794,0.8351563,0.54888755,0.035163492
1356420198208,0.1807329,-0.33004546,0.9265018,0.5184895,-0.7685135,-0.37490755,0.83576566,0.5481396,0.032229424
1356420198249,0.16562253,-0.30901942,0.93652344,0.51524764,-0.78260624,-0.3493529,0.8408859,0.54040223,0.029604256
1356420198288,0.11277962,-0.23184945,0.9661918,0.51480085,-0.81807137,-0.25639677,0.8498593,0.52631265,0.027094511
1356420198328,0.03266096,-0.10275121,0.9941707,0.50780207,-0.85504425,-0.10505454,0.86085445,0.5082731,0.02425072
1356420198368,-0.050180078,0.048842475,0.9975451,0.48643374,-0.8711353,0.067122474,0.87227523,0.48860788,0.019955076
1356420198409,-0.11414677,0.188662,0.97538567,0.45450824,-0.86311215,0.2201356,0.8833984,0.4684486,0.0127730295
1356420198449,-0.15138632,0.2988375,0.94222,0.4215667,-0.8426521,0.3349913,0.89407146,0.4479216,0.0015859902
1356420198488,-0.16459644,0.37927136,0.91052806,0.39449146,-0.82076114,0.41319212,0.90403795,0.42720547,-0.014525011
1356420198529,-0.15780282,0.43513003,0.88643116,0.37763503,-0.8028499,0.46132848,0.912409,0.40754637,-0.037628412
1356420198569,-0.13242364,0.4707962,0.87224704,0.37551448,-0.79057086,0.4837216,0.91730744,0.39159757,-0.07210052
1356420198608,-0.0881173,0.48980123,0.8673697,0.3915434,-0.7836363,0.48229462,0.9159308,0.3821113,-0.12272656
1356420198649,-0.027330577,0.49723217,0.86718696,0.4223937,-0.7805145,0.4608478,0.9060003,0.37888956,-0.18869583
1356420198689,0.038139045,0.5027209,0.8636071,0.45693132,-0.7773654,0.4323388,0.888684,0.3781201,-0.25935686
1356420198728,0.08656627,0.5193807,0.850147,0.4851788,-0.7672934,0.4193595,0.87011945,0.37617093,-0.3184142
1356420198768,0.10099578,0.55299586,0.82704014,0.50457555,-0.7449162,0.4364668,0.85743994,0.37322295,-0.3542616
1356420198809,0.07818484,0.5984365,0.7973461,0.5141568,-0.70942676,0.48203355,0.85412514,0.37227327,-0.36315665
1356420198849,0.027050197,0.64441526,0.76419723,0.5108993,-0.6660027,0.5435277,0.8592149,0.3757253,-0.3472468
1356420198888,-0.038624108,0.6812664,0.7310159,0.49272895,-0.6234554,0.60705984,0.8693253,0.3836398,-0.31159928
1356420198950,-0.10738683,0.7048509,0.7011799,0.4615881,-0.5892958,0.6630739,0.8805706,0.3948617,-0.26206824
1356420198969,-0.17189968,0.7150065,0.677655,0.42309558,-0.5676327,0.7062459,0.8896295,0.40811622,-0.2049402
1356420199008,-0.22851485,0.7134127,0.66243744,0.38385147,-0.55929285,0.73474467,0.89467263,0.42217758,-0.14603782
1356420199049,-0.27463943,0.7009798,0.65817964,0.35033467,-0.5645034,0.7473965,0.8954545,0.4358477,-0.090542644
1356420199088,-0.30860466,0.67714953,0.6680057,0.32808194,-0.5834105,0.7429633,0.8928188,0.44844255,-0.042117417
1356420199129,-0.32964665,0.63964593,0.69439626,0.32087523,-0.6158168,0.71958935,0.8879032,0.46002474,-0.0022445917
1356420199169,-0.335963,0.58332443,0.7395008,0.33154833,-0.66164315,0.6725356,0.8815921,0.47112736,0.028887391
1356420199208,-0.32144177,0.49735957,0.80579686,0.36352497,-0.72093874,0.5899973,0.87437105,0.48257712,0.050937265
1356420199249,-0.2708025,0.3600368,0.8927706,0.41947955,-0.7906036,0.4460748,0.86643106,0.49529722,0.06306943
1356420199289,-0.1547817,0.1353383,0.9786349,0.48917466,-0.8501228,0.1949343,0.8583419,0.50889564,0.065379374
1356420199329,0.03919506,-0.17819215,0.9832148,0.52268827,-0.8349599,-0.17215984,0.8516224,0.5206626,0.06041259
1356420199369,0.23343831,-0.459768,0.856808,0.47615552,-0.7142269,-0.51298726,0.84781045,0.52772474,0.052193135
1356420199408,0.35217118,-0.621629,0.69968045,0.39770782,-0.5773293,-0.7131053,0.84723306,0.52940357,0.04390809
1356420199450,0.40820056,-0.69991815,0.58607745,0.33457685,-0.48262477,-0.809402,0.8493707,0.5264863,0.037168708
1356420199489,0.4295361,-0.73799324,0.5204466,0.29418528,-0.43052894,-0.85328764,0.85378784,0.5196256,0.032179058
1356420199529,0.43167293,-0.75627965,0.49162954,0.271702,-0.41069782,-0.8703479,0.8601375,0.5092824,0.0281955
1356420199569,0.42234975,-0.7626704,0.48985153,0.26124826,-0.4150628,-0.8714769,0.86796886,0.4960409,0.023944706
1356420199609,0.40767163,-0.75991356,0.50629556,0.25673178,-0.43670928,-0.8621912,0.87629473,0.4814731,0.017060012
1356420199650,0.39582193,-0.7497405,0.53029644,0.25041214,-0.46745646,-0.847808,0.8835263,0.4683737,0.0027145147
1356420199689,0.39809787,-0.7349148,0.5490159,0.23374486,-0.49746472,-0.83539945,0.8870634,0.46090037,-0.026257098
1356420199729,0.423729,-0.7190191,0.55087674,0.20070016,-0.5185277,-0.8311729,0.8832741,0.46275312,-0.07540796
1356420199769,0.46987975,-0.703791,0.5328144,0.15210995,-0.5300138,-0.8342349,0.869526,0.47303647,-0.14198911
1356420199808,0.5197115,-0.6894738,0.5045056,0.098704755,-0.53810835,-0.8370763,0.84862083,0.48483527,-0.21160674
1356420199850,0.5574001,-0.67804605,0.47912282,0.054225564,-0.5461229,-0.8359481,0.82847136,0.49193823,-0.26764154
1356420199889,0.57657695,-0.6723909,0.4641655,0.02832532,-0.55131274,-0.8338177,0.81655174,0.4939077,-0.29882854
1356420199950,0.57881325,-0.67422324,0.45869184,0.023260176,-0.5486151,-0.8357514,0.8151283,0.49441326,-0.30186313
1356420199971,0.5680447,-0.6837268,0.4580862,0.03600225,-0.5354299,-0.843812,0.8222099,0.49581504,-0.27953243
1356420200010,0.5477911,-0.69995517,0.45824406,0.061514735,-0.5125545,-0.85644835,0.83435047,0.4973436,-0.23771524
1356420200050,0.5216783,-0.72135603,0.45551857,0.09393388,-0.48211822,-0.87105596,0.8479552,0.49719965,-0.18375087
1356420200088,0.49352887,-0.7459807,0.44714886,0.1279695,-0.4462442,-0.88571435,0.8602634,0.49434704,-0.124771625
1356420200130,0.46754465,-0.7720661,0.43048325,0.15841058,-0.40592632,-0.90007216,0.8696598,0.48901707,-0.06748524
1356420200169,0.44742975,-0.79776573,0.40419853,0.18198037,-0.36129078,-0.9145229,0.8756082,0.48274097,-0.016474545
1356420200209,0.43691894,-0.82144344,0.3665141,0.19571221,-0.31088743,-0.9300783,0.8779514,0.47810012,0.024933882
1356420200275,0.43858072,-0.8406962,0.31761134,0.1979275,-0.254378,-0.94663435,0.8766252,0.47803956,0.05483161
1356420200289,0.4530254,-0.85341644,0.25777587,0.18627968,-0.19214976,-0.96352386,0.87181866,0.48451912,0.07192545
1356420200329,0.47628725,-0.858022,0.19222036,0.16101468,-0.12980443,-0.9783787,0.8644216,0.4969396,0.076330006
1356420200366,0.49951926,-0.85646397,0.13019216,0.12752813,-0.075948626,-0.98892283,0.8568647,0.51058924,0.07128544
1356420200395,0.51574135,-0.85304284,0.07955381,0.09579724,-0.03485498,-0.99479043,0.85137165,0.52067566,0.06374298
1356420200436,0.5235157,-0.8508958,0.04367593,0.06804365,-0.009344101,-0.9976386,0.84929466,0.52525127,0.053006276
1356420200479,0.52427006,-0.8513379,0.019096047,0.045829803,0.005816251,-0.9989323,0.85031784,0.5245854,0.04206595
1356420200519,0.51991946,-0.8541962,0.0057127476,0.03097111,0.012166917,-0.9994462,0.85365367,0.5198085,0.03278123
1356420200559,0.5115939,-0.8592106,0.005373448,0.024955332,0.008607149,-0.99965155,0.8588649,0.5115497,0.02584523
1356420200600,0.50026304,-0.8656032,0.021631867,0.029272646,-0.00806123,-0.9995389,0.8653785,0.50066555,0.021305785
1356420200640,0.4866576,-0.8715707,0.059404403,0.044133067,-0.0433847,-0.9980831,0.8724773,0.48834643,0.017351612
1356420200680,0.47174272,-0.87297606,0.12398237,0.066364855,-0.10505924,-0.992249,0.8792352,0.47631428,0.00837402
1356420200719,0.4589564,-0.8621103,0.21476692,0.08769232,-0.19659308,-0.9765558,0.8841205,0.46702993,-0.014627174
1356420200759,0.45645702,-0.8317778,0.3158997,0.096898824,-0.30646092,-0.94693834,0.8844532,0.46284693,-0.059287935
1356420200799,0.47016463,-0.7842162,0.40490752,0.091444194,-0.41302392,-0.9061176,0.87782866,0.4630509,-0.122477226
1356420200839,0.49619973,-0.73044634,0.46929085,0.07805756,-0.50080603,-0.86203265,0.86469233,0.46437204,-0.19148296
1356420200879,0.521235,-0.67695534,0.5196591,0.07358977,-0.5709977,-0.8176467,0.85023445,0.46442765,-0.247807
1356420200948,0.5345162,-0.6253973,0.5684809,0.0893057,-0.6270723,-0.77382475,0.8404266,0.46439046,-0.27932876
1356420200961,0.52937174,-0.5742073,0.62454104,0.129159,-0.6730217,-0.728258,0.83850074,0.46618435,-0.28211462
1356420200999,0.50337595,-0.52306163,0.6877639,0.1863746,-0.71149874,-0.6775206,0.8437282,0.46922928,-0.26066595
1356420201039,0.45231396,-0.46717888,0.7597078,0.25616676,-0.74787724,-0.61242,0.85427785,0.47161803,-0.21859962
1356420201079,0.37989902,-0.41057914,0.8289159,0.3240173,-0.7802624,-0.5349799,0.8664234,0.4718214,-0.1633862
1356420201119,0.29698902,-0.36115623,0.88394785,0.37805688,-0.8055975,-0.45616412,0.87685263,0.46965832,-0.102716
1356420201160,0.22238505,-0.3347925,0.915674,0.41226512,-0.8188029,-0.39949882,0.8835057,0.466343,-0.04406625
1356420201198,0.17670417,-0.35033384,0.91980535,0.42949584,-0.8134006,-0.39231724,0.8856122,0.46437663,0.0067356527
1356420201244,0.17758799,-0.4239873,0.8880863,0.43431368,-0.77602535,-0.45733595,0.88308215,0.46692538,0.04633075
1356420201279,0.24146897,-0.56516224,0.78885,0.41681144,-0.6736954,-0.61024815,0.8763338,0.47615772,0.07288957
1356420201319,0.35907477,-0.73257464,0.578273,0.34772116,-0.46998,-0.81130064,0.86611503,0.49239537,0.08597377
1356420201358,0.4667619,-0.83154494,0.3011087,0.2270189,-0.21640652,-0.94954246,0.85474896,0.51156765,0.08776605
1356420201398,0.52171,-0.84888875,0.08489165,0.11432946,-0.029040456,-0.99301827,0.8454274,0.52777314,0.08190231
1356420201439,0.5399514,-0.84087014,-0.037281364,0.04063967,0.07028647,-0.9966986,0.84071445,0.53665364,0.07212399
1356420201479,0.5410464,-0.8354476,-0.096416324,-8.1944466E-4,0.11412208,-0.9934664,0.84099233,0.5375904,0.061060727
1356420201519,0.5338471,-0.8372079,-0.11870226,-0.021129578,0.12712786,-0.9916613,0.845317,0.5319036,0.050176978
1356420201560,0.5222139,-0.8448777,-0.11607903,-0.02623263,0.12013467,-0.9924109,0.852411,0.5212958,0.040572643
1356420201598,0.50811744,-0.85658157,-0.089915305,-0.017215282,0.09427479,-0.9953973,0.8611157,0.5073267,0.033156365
1356420201639,0.4920063,-0.8699801,-0.032624573,0.008084327,0.042037964,-0.9990833,0.8705541,0.49129152,0.02771613
1356420201679,0.47265387,-0.8782674,0.07242006,0.05279243,-0.053812087,-0.9971545,0.87966543,0.4751321,0.020931408
1356420201719,0.44636935,-0.8619276,0.24048933,0.11561516,-0.21094644,-0.9706362,0.88734853,0.46106642,0.0054918975
1356420201760,0.41440448,-0.7921312,0.44810402,0.18104753,-0.41077736,-0.8935792,0.8919029,0.45143133,-0.02681461
1356420201799,0.39480776,-0.6795499,0.61833555,0.2231353,-0.5819386,-0.7820218,0.89125615,0.44672078,-0.07812232
1356420201839,0.40282565,-0.57540536,0.7117866,0.23509547,-0.6865347,-0.68804085,0.8845686,0.44449833,-0.1412786
1356420201880,0.42407227,-0.4943375,0.7588104,0.23602171,-0.7486,-0.61959,0.8743321,0.44184667,-0.20078611
1356420201951,0.43576252,-0.42202565,0.7949877,0.24809304,-0.79272294,-0.55681247,0.8651941,0.4398689,-0.24073732
1356420201960,0.43604046,-0.36435887,0.8228677,0.26741883,-0.8206078,-0.50506437,0.85927635,0.44027886,-0.26038176
1356420201997,0.4062341,-0.28936952,0.8667406,0.3133402,-0.8469088,-0.42960843,0.8583658,0.44610623,-0.25337213
1356420202039,0.35236824,-0.21363069,0.9111523,0.36692798,-0.8641078,-0.3445019,0.86093,0.45571882,-0.22609705
1356420202085,0.2612232,-0.116937354,0.9581691,0.42830968,-0.8755254,-0.22362027,0.86505103,0.4688079,-0.17862216
1356420202129,0.16866606,-0.049169138,0.9844461,0.46850264,-0.87472266,-0.12395792,0.86721224,0.48212308,-0.124500155
1356420202169,0.09754783,-0.02482377,0.9949212,0.4891348,-0.8694228,-0.06965014,0.8667362,0.49344483,-0.072668135
1356420202209,0.05926466,-0.050253525,0.9969766,0.49938446,-0.86328274,-0.07320015,0.86435115,0.50221276,-0.026066393
1356420202249,0.08491051,-0.1694355,0.98187673,0.5022623,-0.8437983,-0.18904285,0.86053634,0.50921136,0.013453631
1356420202289,0.21964812,-0.4384802,0.87148714,0.46954143,-0.7355173,-0.4884107,0.85515237,0.5164778,0.044329673
1356420202330,0.43045878,-0.7551681,0.4943949,0.30867824,-0.39155042,-0.8668367,0.84818804,0.5257464,0.06455767
1356420202370,0.5296159,-0.8428526,0.09542853,0.1128414,-0.04149449,-0.99274623,0.8406984,0.5365424,0.073132515
1356420202409,0.5500747,-0.83025575,-0.08996245,0.010485232,0.11458233,-0.99335843,0.8350496,0.54547805,0.07173425
1356420202449,0.5518957,-0.8205602,-0.14863378,-0.028908283,0.15930386,-0.9868063,0.83341193,0.54891086,0.06419814
1356420202489,0.54709554,-0.8233715,-0.150817,-0.037806302,0.15568338,-0.98708326,0.836216,0.54573065,0.05404505
1356420202530,0.53784823,-0.83376193,-0.12474117,-0.030785233,0.12844254,-0.9912391,0.84247947,0.53697634,0.04341504
1356420202570,0.5250827,-0.84756136,-0.07699284,-0.012022823,0.08307147,-0.9964711,0.8509662,0.52415544,0.033429295
1356420202609,0.5085765,-0.86101544,-0.0015365779,0.020671815,0.013994336,-0.99968827,0.86076856,0.50838625,0.024915949
1356420202649,0.48509476,-0.86638856,0.11854926,0.07416755,-0.094316214,-0.9927757,0.8713106,0.4903828,0.018505648
1356420202689,0.44434476,-0.8411125,0.30836254,0.1563054,-0.26614034,-0.9511772,0.8821147,0.47084934,0.013212338
1356420202729,0.36913663,-0.7354584,0.5681893,0.2598826,-0.5052933,-0.822885,0.89229995,0.45141953,0.0046105683
1356420202770,0.2674564,-0.5256468,0.8075658,0.34429738,-0.73063684,-0.58960086,0.8999591,0.4357353,-0.014434696
1356420202809,0.19631183,-0.30378038,0.9322978,0.38406938,-0.8510047,-0.3581644,0.9021932,0.42837897,-0.050389558
1356420202849,0.17635727,-0.13812721,0.97458655,0.40557438,-0.8919565,-0.19980726,0.8968877,0.43050483,-0.10128215
1356420202889,0.1851601,-0.022690982,0.9824463,0.4271254,-0.8985054,-0.101251885,0.88503087,0.4383756,-0.15667546
1356420202951,0.19170386,0.06937294,0.97899795,0.4513684,-0.89198244,-0.025178418,0.8715023,0.44671553,-0.20230922
1356420202970,0.17619175,0.15339904,0.9723298,0.47604334,-0.8778691,0.05223471,0.86159104,0.45366782,-0.22769788
1356420203008,0.13293266,0.23232661,0.9635109,0.4968151,-0.85680574,0.13805324,0.8576151,0.46033496,-0.22932082
1356420203049,0.06692487,0.3023894,0.95083207,0.50738454,-0.8308655,0.22852436,0.859117,0.46714357,-0.2090333
1356420203089,-0.008539677,0.3567592,0.9341574,0.5034181,-0.8056377,0.312279,0.8640008,0.47293848,-0.17271915
1356420203130,-0.08255988,0.39349234,0.91561323,0.4863186,-0.78602546,0.38165182,0.8698724,0.47678888,-0.12646842
1356420203170,-0.14660162,0.41230685,0.8991724,0.46188927,-0.77528375,0.43080556,0.87473786,0.47847492,-0.07678226
1356420203208,-0.19585592,0.4142613,0.88883525,0.43754205,-0.77424943,0.45726895,0.87760895,0.47846162,-0.029615477
1356420203249,-0.23032075,0.40184346,0.8862698,0.41920438,-0.78094304,0.4630287,0.87819135,0.47817335,0.011412904
1356420203289,-0.25070506,0.3757042,0.89218473,0.411374,-0.7929197,0.44949973,0.87630963,0.47971338,0.044233933
1356420203329,-0.2582302,0.33706465,0.90537536,0.41586515,-0.8071048,0.41909188,0.8719939,0.48473626,0.068245396
1356420203368,-0.25125068,0.28467053,0.9251139,0.4326272,-0.8219602,0.37042546,0.86585605,0.49329913,0.08336191
1356420203408,-0.22554833,0.21561182,0.95007336,0.45828873,-0.8370837,0.2987679,0.8597089,0.5027945,0.08999042
1356420203449,-0.17828608,0.12830716,0.97557735,0.48432374,-0.85160166,0.20051181,0.8565304,0.5082438,0.08968657
1356420203489,-0.11680031,0.03206694,0.99263763,0.5000798,-0.86163056,0.08667749,0.8580663,0.506522,0.084602684
1356420203529,-0.056741655,-0.05417727,0.99691784,0.5010734,-0.865207,-0.018499821,0.86354256,0.49847934,0.07624006
1356420203569,-0.0110503435,-0.114026204,0.99341625,0.49114174,-0.86599964,-0.0939378,0.8710095,0.4868701,0.06557268
1356420203608,0.015238941,-0.1397599,0.9900682,0.47673577,-0.86937195,-0.13006005,0.8789146,0.4739829,0.05338013
1356420203649,0.02371496,-0.13149303,0.99103343,0.46211344,-0.8776074,-0.12750153,0.8865037,0.46099353,0.03995216
1356420203689,0.018071711,-0.091713965,0.9956213,0.44956625,-0.8886988,-0.090024695,0.89306414,0.44922465,0.025171246
1356420203729,0.008127987,-0.031294003,0.9994772,0.4404018,-0.8972419,-0.031674445,0.897764,0.44042897,0.0064891614
1356420203769,0.0066570044,0.03649254,0.9993118,0.43755025,-0.8986966,0.029903546,0.8991693,0.43705004,-0.02194995
1356420203808,0.023850918,0.100902185,0.99461037,0.4450646,-0.8919346,0.07981311,0.89518076,0.44076228,-0.066181384
1356420203849,0.060718477,0.15815215,0.9855461,0.46364808,-0.87885255,0.11246595,0.8839365,0.4501178,-0.12668952
1356420203889,0.10024673,0.21508792,0.9714359,0.48722103,-0.8618932,0.14055535,0.8675058,0.45921382,-0.19119734
1356420203950,0.12266421,0.2752548,0.9535137,0.50876635,-0.84236157,0.1777181,0.85212106,0.46331602,-0.243368
1356420203970,0.11738658,0.33682626,0.9342208,0.5241917,-0.82001364,0.22978409,0.84347105,0.4627372,-0.27282012
1356420204008,0.084706426,0.3948555,0.91483,0.5312277,-0.7946567,0.29379898,0.8429839,0.4610964,-0.2770707
1356420204049,0.031390727,0.4443637,0.8952963,0.5278343,-0.76801753,0.36268446,0.8487671,0.46118316,-0.25865906
1356420204089,-0.03166896,0.48163158,0.87580144,0.5133822,-0.74398154,0.42770344,0.85757554,0.46316582,-0.22369996
1356420204129,-0.09567231,0.5060417,0.85718644,0.48949873,-0.7259033,0.48317233,0.86673975,0.46581784,-0.17825797
1356420204169,-0.15432101,0.51847523,0.841052,0.4599053,-0.71570927,0.5255924,0.8744554,0.4679142,-0.1280005
1356420204208,-0.20376837,0.52048403,0.8292013,0.4295051,-0.71358716,0.5534606,0.87977487,0.46892393,-0.07814404
1356420204249,-0.24369222,0.5140069,0.82244205,0.40310404,-0.7176091,0.56792986,0.8821118,0.4699298,-0.032322526
1356420204289,-0.2753011,0.5001638,0.8210026,0.3853497,-0.72498125,0.57088315,0.8807467,0.47353792,0.006850213
1356420204331,-0.30115688,0.48081845,0.8234793,0.3788851,-0.73214215,0.5660511,0.87507176,0.48247424,0.03831479
1356420204370,-0.32121032,0.45670965,0.8296025,0.3845428,-0.73764956,0.55497754,0.8654195,0.49728215,0.061316192
1356420204408,-0.33200043,0.42714638,0.84102416,0.4013313,-0.74290836,0.53574294,0.8536445,0.5153962,0.07521862
1356420204449,-0.32682377,0.38861012,0.86149186,0.42610902,-0.7530495,0.5013457,0.8435741,0.5309412,0.080524266
1356420204489,-0.30031228,0.3370674,0.89229935,0.4534053,-0.7725884,0.44444448,0.8391878,0.5380454,0.07918964
1356420204529,-0.25358003,0.27251762,0.9281332,0.4761809,-0.8000167,0.36499998,0.841991,0.5345161,0.07310057
1356420204568,-0.19659805,0.2031103,0.95921594,0.48815346,-0.8281636,0.2754109,0.8503266,0.5223898,0.06366637
1356420204608,-0.14235568,0.14242399,0.97951525,0.48716813,-0.85135293,0.19459036,0.8616275,0.5048897,0.051810496
1356420204649,-0.10059416,0.103030115,0.9895785,0.47558042,-0.86865526,0.13878465,0.8739016,0.4845851,0.03838259
1356420204689,-0.07504183,0.091809645,0.99294484,0.45791435,-0.8813823,0.116101265,0.88582337,0.4633962,0.0240997
1356420204729,-0.062185645,0.10693948,0.992319,0.43873566,-0.8901006,0.12341796,0.89646196,0.44304055,0.008433312
1356420204769,-0.053799093,0.14098762,0.9885485,0.42286003,-0.8936167,0.15046138,0.90459657,0.42611235,-0.011542261
1356420204808,-0.039571583,0.1838212,0.98216283,0.4166776,-0.8903563,0.18342677,0.90819263,0.41650376,-0.04136137
1356420204849,-0.011072218,0.22645158,0.97395945,0.42719805,-0.87958395,0.2093652,0.9040903,0.41839176,-0.08700067
1356420204889,0.028375447,0.26792255,0.96302253,0.45450178,-0.8615219,0.22629216,0.8902938,0.43127427,-0.14621735
1356420204950,0.06641877,0.30925974,0.94865537,0.49026588,-0.838186,0.23892167,0.86903846,0.44922444,-0.20729077
1356420204970,0.08756024,0.35199797,0.93189627,0.52376,-0.8120143,0.2575038,0.8473539,0.4655429,-0.25546265
1356420205008,0.081600904,0.39566812,0.9147611,0.54778695,-0.78456706,0.2904892,0.8326288,0.4773901,-0.2807632
1356420205049,0.04709649,0.4375976,0.8979367,0.558497,-0.7568318,0.33953902,0.8281685,0.48550382,-0.28004104
1356420205088,-0.0076985955,0.47338554,0.8808217,0.5541355,-0.73121184,0.39782304,0.8323909,0.49115723,-0.2566905
1356420205129,-0.07426816,0.5010942,0.8622,0.5344138,-0.7099601,0.4586486,0.84195375,0.49483457,-0.21506423
1356420205179,-0.15543324,0.5231962,0.83791775,0.49587968,-0.692289,0.524251,0.85436743,0.49699247,-0.15183762
1356420205219,-0.22014034,0.5284594,0.81992006,0.4555894,-0.68753237,0.56545335,0.8625407,0.49802592,-0.08940691
1356420205259,-0.27308255,0.5267578,0.80495477,0.41901037,-0.6880837,0.5924282,0.86594236,0.49906623,-0.03281334
1356420205299,-0.3135522,0.5174312,0.79620975,0.39121532,-0.6936335,0.6048331,0.8652373,0.5011362,0.015063286
1356420205339,-0.34154642,0.49914253,0.79636854,0.3756845,-0.70418185,0.6024858,0.8615145,0.5049602,0.052990586
1356420205417,-0.3556025,0.46892807,0.80848825,0.37496844,-0.7207834,0.58298355,0.8561224,0.51046807,0.080479205
1356420205422,-0.35111165,0.4209089,0.8363949,0.39308175,-0.7444785,0.53966516,0.8498279,0.5182542,0.09594342
1356420205459,-0.3178076,0.3388049,0.8855561,0.43198913,-0.77966785,0.453325,0.84402835,0.52662075,0.10142429
1356420205498,-0.24432218,0.21281226,0.94605374,0.4857965,-0.81749773,0.30935282,0.8392309,0.53517133,0.09634939
1356420205539,-0.1143384,0.021821171,0.9932022,0.5357138,-0.84058815,0.080139995,0.8366227,0.5412352,0.084421545
1356420205579,0.055015266,-0.2100975,0.9761314,0.54490733,-0.81288093,-0.2056716,0.83668953,0.54321617,0.06976271
1356420205620,0.20743895,-0.41097328,0.88773316,0.50319505,-0.7333849,-0.45710117,0.83890635,0.54152346,0.054667056
1356420205679,0.30636954,-0.5391751,0.7844922,0.44299784,-0.6486835,-0.6188398,0.8425501,0.53712195,0.04011649
1356420205699,0.35495037,-0.6025839,0.7147746,0.39502695,-0.59628236,-0.6988569,0.8473275,0.53041476,0.02638632
1356420205745,0.3649214,-0.6161006,0.6980347,0.37022102,-0.5918913,-0.71596175,0.85426503,0.5196969,0.012099565
1356420205775,0.33568496,-0.566577,0.7525331,0.3826548,-0.64798295,-0.658554,0.8607502,0.50902706,-7.1471836E-4
1356420205805,0.29623526,-0.49291244,0.81809664,0.40100893,-0.7132035,-0.5749197,0.8668544,0.4983755,-0.013613731
1356420205847,0.25850946,-0.4030275,0.87791896,0.41471913,-0.7744956,-0.47766578,0.8724568,0.48757088,-0.03307122
1356420205889,0.22957337,-0.29337385,0.92802364,0.42545876,-0.8273163,-0.36678693,0.87537473,0.4790403,-0.06511131
1356420205950,0.23399204,-0.20648545,0.95005864,0.4279399,-0.8555613,-0.2913457,0.8729921,0.4747406,-0.11183119
1356420205970,0.26861227,-0.15577272,0.95056945,0.42415872,-0.8668843,-0.26191792,0.8648334,0.4735467,-0.16678339
1356420206011,0.31191128,-0.12989374,0.9411902,0.41636968,-0.8717344,-0.25829342,0.8540185,0.47244766,-0.21781999
1356420206049,0.34052688,-0.11046974,0.9337226,0.41119933,-0.87557167,-0.25355345,0.845551,0.47028792,-0.2527306
1356420206089,0.34246665,-0.0865632,0.9355337,0.41603687,-0.87882775,-0.23361304,0.84239525,0.4692212,-0.26495573
1356420206130,0.31618088,-0.05561298,0.9470675,0.43268916,-0.8799515,-0.19612624,0.8442806,0.47179723,-0.2541607
1356420206170,0.26586306,-0.019944027,0.9638045,0.45616353,-0.8781673,-0.14400353,0.84925354,0.4779377,-0.2243745
1356420206210,0.19882989,0.015895933,0.9799051,0.47863686,-0.8740868,-0.08293958,0.85520375,0.48550957,-0.18140295
1356420206249,0.12559396,0.044941306,0.99106324,0.49390125,-0.8692091,-0.023174718,0.8603997,0.49239802,-0.13136399
1356420206289,0.059009135,0.057744727,0.99658597,0.5002539,-0.8656352,0.020536423,0.86386573,0.49733418,-0.07996741
1356420206329,0.011010826,0.04414828,0.9989643,0.5009184,-0.8648765,0.032701164,0.8654245,0.50003946,-0.03163763
1356420206370,-0.010127902,-0.004528284,0.9999385,0.5012132,-0.865323,0.0011579096,0.86526453,0.5011941,0.011033595
1356420206410,0.0016911626,-0.095734894,0.99540544,0.504053,-0.8596237,-0.083532184,0.86367106,0.5018784,0.046801742
1356420206449,0.05162853,-0.2330507,0.9710931,0.50587225,-0.83230317,-0.22663766,0.861062,0.50295,0.07492334
1356420206489,0.140634,-0.40755478,0.90228665,0.49424192,-0.76076627,-0.4206658,0.85787356,0.5051078,0.094441
1356420206529,0.2522459,-0.58258855,0.77263355,0.45395932,-0.63389224,-0.6261802,0.8545718,0.5086956,0.10457477
1356420206569,0.35096657,-0.709687,0.6108738,0.38824403,-0.48336852,-0.78461546,0.8521086,0.51254195,0.105885535
1356420206610,0.41412777,-0.7779661,0.4725113,0.32115442,-0.3608451,-0.8755859,0.85167956,0.5143535,0.100411266
1356420206649,0.44665158,-0.80979675,0.38043612,0.26829332,-0.28441453,-0.9203952,0.8535345,0.51316446,0.0902288
1356420206689,0.46122792,-0.82443476,0.327988,0.23073614,-0.24549112,-0.94153863,0.85675526,0.5099426,0.076999545
1356420206729,0.46577904,-0.8299725,0.3069129,0.20686325,-0.23509666,-0.94970375,0.8603822,0.5058411,0.0621877
1356420206769,0.46320483,-0.8281458,0.3156197,0.19705898,-0.2509723,-0.9477239,0.8640654,0.50118595,0.04694199
1356420206810,0.45335066,-0.81647605,0.35754713,0.20353788,-0.29570967,-0.9333424,0.8677819,0.49590582,0.032123655
1356420206850,0.4342423,-0.78792244,0.43659115,0.22785157,-0.37283546,-0.89948726,0.8715029,0.4900734,0.017628431
1356420206888,0.40420747,-0.7310673,0.5496881,0.2671581,-0.48040074,-0.8353692,0.8747816,0.4845161,0.0011289418
1356420206951,0.36953616,-0.6406936,0.67301905,0.30953324,-0.59804547,-0.7392772,0.8761462,0.4815114,-0.022683471
1356420206970,0.3449582,-0.5287875,0.7754919,0.34450492,-0.69721407,-0.6286564,0.8731095,0.48402095,-0.058339775
1356420207010,0.34120208,-0.4189266,0.8414759,0.37034708,-0.7628765,-0.5299646,0.8639584,0.49246317,-0.105146825
1356420207049,0.34645998,-0.3168813,0.8829222,0.3948841,-0.80449307,-0.44368616,0.85090065,0.5023715,-0.15359327
1356420207091,0.34182602,-0.22004753,0.91363776,0.42285085,-0.8322105,-0.35864028,0.8392569,0.50892514,-0.1914239
1356420207129,0.3137564,-0.12515722,0.9412187,0.4547403,-0.85038954,-0.26466757,0.8335275,0.51105124,-0.20990112
1356420207169,0.25904292,-0.036174864,0.96518815,0.48489645,-0.859371,-0.16234826,0.8353276,0.51007146,-0.20507291
1356420207210,0.18517154,0.039951026,0.9818937,0.50543815,-0.8607535,-0.060296535,0.84275955,0.5074518,-0.17957982
1356420207249,0.10419726,0.0974105,0.9897748,0.5122087,-0.8583175,0.030550778,0.852517,0.50378793,-0.13932884
1356420207289,0.025218964,0.13530444,0.9904831,0.50689983,-0.85570973,0.1039875,0.861636,0.49945325,-0.09016591
1356420207329,-0.0419994,0.15224087,0.98745066,0.49475133,-0.8554716,0.15293625,0.86801916,0.49496576,-0.039392143
1356420207369,-0.09267193,0.14977546,0.98436743,0.4823193,-0.8581378,0.17597643,0.87107986,0.49108747,0.0072856843
1356420207409,-0.12465227,0.12897758,0.98378175,0.4752426,-0.8626171,0.1733091,0.87097996,0.48913842,0.046231598
1356420207449,-0.13710332,0.0902524,0.9864366,0.4770562,-0.8667275,0.14560512,0.8681129,0.49054864,0.07577574
1356420207489,-0.12888956,0.03347157,0.9910939,0.4886427,-0.86752987,0.092845425,0.8629112,0.4962576,0.09545991
1356420207529,-0.096830845,-0.04324974,0.99436074,0.5074324,-0.8616089,0.01193805,0.8562338,0.5057268,0.10537657
1356420207569,-0.039976835,-0.13775054,0.98965985,0.5259721,-0.84502405,-0.09637229,0.84956175,0.5166808,0.10623437
1356420207611,0.034873664,-0.24048999,0.97002494,0.53379536,-0.81608427,-0.22151542,0.8448943,0.5255199,0.099912554
1356420207649,0.11185962,-0.3346826,0.9356682,0.5259255,-0.77895933,-0.3415035,0.8431428,0.5302923,0.088884026
1356420207689,0.17686278,-0.40682712,0.89622056,0.50711036,-0.7427427,-0.4372326,0.84353936,0.5318129,0.07494271
1356420207730,0.22219485,-0.45088765,0.86448234,0.48654333,-0.7170848,-0.4990641,0.84492904,0.5314976,0.06004381
1356420207769,0.24569464,-0.46611196,0.84992576,0.4710812,-0.70888513,-0.5249422,0.84718156,0.5293595,0.045407325
1356420207809,0.24774688,-0.45304707,0.8563701,0.46363494,-0.7206972,-0.5154009,0.8506844,0.5247321,0.031497985
1356420207849,0.23106676,-0.4125921,0.881122,0.46342278,-0.749626,-0.47254673,0.8554809,0.5175218,0.017990828
1356420207889,0.20328516,-0.34889066,0.9148499,0.46599323,-0.78727823,-0.4037859,0.8611187,0.5083975,0.0025388002
1356420207952,0.17748302,-0.2698306,0.9464097,0.46734133,-0.82321537,-0.32234862,0.8660785,0.49950776,-0.020003766
1356420207970,0.16795993,-0.18682791,0.96792805,0.4680817,-0.8490146,-0.24509938,0.8675765,0.4942363,-0.055149704
1356420208010,0.18088543,-0.10895151,0.9774508,0.47217488,-0.86219734,-0.18348472,0.8627464,0.49471742,-0.10451478
1356420208049,0.20591998,-0.03687918,0.9778737,0.48178422,-0.8659664,-0.13411258,0.8517517,0.49874055,-0.16055197
1356420208091,0.22688985,0.02928783,0.97348,0.49505985,-0.8642491,-0.0893825,0.8387114,0.50221086,-0.21058857
1356420208130,0.23030376,0.08884069,0.969055,0.50967777,-0.8593225,-0.04234837,0.82896847,0.5036588,-0.24318534
1356420208169,0.21093589,0.13966641,0.96747065,0.5233532,-0.8520694,0.00890106,0.82559526,0.5044513,-0.25282687
1356420208209,0.17166525,0.17909098,0.9687401,0.5327447,-0.8440289,0.0616308,0.8286822,0.50551134,-0.24030021
1356420208249,0.1176582,0.20583622,0.9714875,0.53480345,-0.8374321,0.11266214,0.8367448,0.50629926,-0.20861267
1356420208289,0.058459163,0.21818596,0.9741547,0.5289038,-0.83438134,0.1551407,0.846666,0.5061647,-0.16417661
1356420208330,-1.3458729E-4,0.2176225,0.976033,0.5173666,-0.8352386,0.18630145,0.8557638,0.50499195,-0.11247815
1356420208369,-0.051974654,0.20462444,0.97745967,0.50369525,-0.8397912,0.2025876,0.8623165,0.5028712,-0.05942045
1356420208409,-0.09260875,0.17982599,0.97932947,0.49176487,-0.8469672,0.2020244,0.8657892,0.50030905,-0.00999552
1356420208449,-0.11943984,0.14373839,0.98238146,0.48503882,-0.85490346,0.18405825,0.8662976,0.49847704,0.032390825
1356420208489,-0.13049161,0.0963524,0.9867564,0.48591906,-0.8613193,0.1483634,0.86420745,0.4988439,0.06557548
1356420208530,-0.12321305,0.037050843,0.9916884,0.49530536,-0.8636394,0.09380631,0.8599367,0.5027467,0.0880601
1356420208569,-0.09436804,-0.034785703,0.99492943,0.5119348,-0.8588244,0.01852946,0.8538251,0.5110876,0.09885365
1356420208609,-0.042310655,-0.118386865,0.99206567,0.5304318,-0.8441214,-0.07810971,0.8466711,0.52291834,0.09851149
1356420208649,0.028155863,-0.20836043,0.97764677,0.54167944,-0.8188055,-0.19010764,0.84011346,0.5349238,0.08981037
1356420208689,0.10511899,-0.29493535,0.9497174,0.5390881,-0.7856119,-0.30364096,0.8356638,0.5438997,0.07641345
1356420208730,0.17562151,-0.36868864,0.91281205,0.5236092,-0.7502109,-0.4037537,0.8336609,0.5488646,0.0612956
1356420208769,0.23110813,-0.4243551,0.87550664,0.5011943,-0.7193555,-0.48096985,0.8339025,0.54995495,0.046435446
1356420208809,0.2680412,-0.46069774,0.8461155,0.47801045,-0.69892657,-0.53198457,0.8364567,0.5470458,0.032877266
1356420208849,0.28654897,-0.47854903,0.82998824,0.45810786,-0.69242394,-0.5573924,0.8414433,0.53994435,0.020813704
1356420208889,0.28925818,-0.47914237,0.82870513,0.4431545,-0.70032954,-0.5596003,0.84849495,0.52911335,0.009758085
1356420208951,0.28178108,-0.4639903,0.83982885,0.43253532,-0.71988213,-0.54284704,0.85645354,0.5162196,-0.002156973
1356420208970,0.27430964,-0.43651727,0.85685873,0.42353407,-0.74512184,-0.5151818,0.8633499,0.50422823,-0.019514173
1356420209010,0.28053427,-0.40237492,0.8714327,0.4137957,-0.7684905,-0.4880528,0.86606795,0.49751067,-0.0490869
1356420209050,0.30988193,-0.36838678,0.87650687,0.40260807,-0.78431153,-0.47197682,0.8613245,0.49914587,-0.09472847
1356420209089,0.3596354,-0.33976623,0.8690347,0.3892804,-0.7917929,-0.4706642,0.8480113,0.5075657,-0.15249243
1356420209128,0.4134035,-0.31765366,0.85334265,0.37446773,-0.7949426,-0.47732604,0.82998276,0.51687753,-0.20968103
1356420209168,0.453524,-0.3018383,0.83857596,0.36198357,-0.7974192,-0.48279452,0.8144225,0.5225096,-0.25238824
1356420209209,0.46980262,-0.29225266,0.83299094,0.35734624,-0.7998804,-0.48217738,0.80721074,0.52419436,-0.2713505
1356420209249,0.4617313,-0.29003316,0.8382631,0.36244798,-0.8008487,-0.47673133,0.8095898,0.52394855,-0.264655
1356420209289,0.43345636,-0.29610288,0.8511396,0.37501198,-0.79954845,-0.46913564,0.8194398,0.5225374,-0.23552725
1356420209330,0.39198625,-0.3117475,0.86554044,0.39037985,-0.7955632,-0.46333867,0.83303684,0.51951194,-0.1901499
1356420209368,0.34629172,-0.33816016,0.87505984,0.40450954,-0.78778267,-0.46451107,0.84643614,0.51482636,-0.1360136
1356420209409,0.30419034,-0.375186,0.8756162,0.41588816,-0.7746468,-0.47640252,0.8570329,0.50907546,-0.079604656
1356420209449,0.27450186,-0.42412525,0.86299855,0.4226823,-0.7528991,-0.5044627,0.8637062,0.5032501,-0.027401954
1356420209489,0.2615782,-0.48266166,0.8358316,0.42506886,-0.7198717,-0.54872686,0.86654097,0.498821,0.016861737
1356420209530,0.267505,-0.5482924,0.79234874,0.42200392,-0.6725901,-0.6078942,0.86622965,0.496989,0.051460356
1356420209568,0.29116184,-0.6157719,0.7321542,0.4120042,-0.6099939,-0.6768752,0.8634103,0.4987308,0.07609367
1356420209609,0.32973975,-0.67926913,0.65564096,0.392381,-0.53304833,-0.7495976,0.8586669,0.5044332,0.09076512
1356420209649,0.37710094,-0.7328578,0.56631637,0.36085036,-0.44688278,-0.81858575,0.8529841,0.51304495,0.095932156
1356420209689,0.422939,-0.7717651,0.4748696,0.3195891,-0.36333096,-0.8751305,0.8479301,0.52189,0.09298092
1356420209729,0.45797598,-0.79691076,0.39394307,0.27524468,-0.29425484,-0.9152346,0.84528005,0.5275863,0.08458384
1356420209768,0.4795591,-0.81280226,0.33071986,0.23453468,-0.24445209,-0.94087017,0.84558654,0.52876806,0.073401086
1356420209809,0.4902524,-0.8233324,0.28596538,0.2006137,-0.21269432,-0.9563028,0.84817845,0.5261983,0.060897887
1356420209849,0.4933484,-0.83047134,0.25869805,0.17479295,-0.19669238,-0.96475875,0.8520885,0.52118075,0.04812269
1356420209889,0.49067155,-0.83480155,0.24969545,0.15802535,-0.19655606,-0.9676743,0.8568952,0.51426846,0.035475373
1356420209950,0.48320326,-0.8356462,0.26117063,0.15141529,-0.21404931,-0.9650162,0.86231554,0.5058442,0.023100287
1356420209970,0.47183704,-0.8306607,0.29558852,0.15557346,-0.2515561,-0.9552573,0.86785185,0.4967115,0.010535285
1356420210010,0.45822814,-0.8153627,0.3538511,0.16903684,-0.3108997,-0.9352903,0.8726131,0.48839015,-0.0046366453
1356420210050,0.44662648,-0.78405106,0.43103218,0.18656418,-0.3895514,-0.9019111,0.8750535,0.48323256,-0.027708143
1356420210089,0.4463138,-0.735595,0.5096116,0.19837269,-0.47398168,-0.8578984,0.87261236,0.4839849,-0.0656226
1356420210129,0.46544418,-0.67715406,0.5699335,0.19852118,-0.5476563,-0.8128111,0.862526,0.49146205,-0.12047401
1356420210168,0.49950522,-0.6183077,0.60678667,0.19091955,-0.6046367,-0.7732814,0.8450114,0.50210553,-0.18397215
1356420210209,0.5336126,-0.563156,0.6309619,0.1858012,-0.64976764,-0.73707527,0.8250669,0.51054615,-0.24208915
1356420210249,0.5526715,-0.5094748,0.65953743,0.19555886,-0.690007,-0.69688386,0.81013024,0.51412624,-0.28171486
1356420210289,0.5500473,-0.45599046,0.6996575,0.22477576,-0.72603,-0.64988947,0.80431575,0.51473606,-0.2968552
1356420210329,0.5244942,-0.40280068,0.75010496,0.27073956,-0.75637734,-0.5954775,0.8072211,0.5154076,-0.28766143
1356420210368,0.47795945,-0.35180044,0.80485475,0.32527614,-0.7802626,-0.5342151,0.81593513,0.51713324,-0.2585016
1356420210408,0.41325986,-0.30458772,0.8581623,0.3802693,-0.7985713,-0.46656096,0.8274125,0.5191437,-0.21419209
1356420210448,0.3368901,-0.26464745,0.9035855,0.42749253,-0.8120709,-0.39722914,0.8389012,0.5200986,-0.16044384
1356420210488,0.25776255,-0.23566693,0.937027,0.46175277,-0.8218375,-0.3337177,0.8487301,0.5186947,-0.10301906
1356420210529,0.18506628,-0.22092311,0.9575716,0.48215938,-0.82864904,-0.28436425,0.85631347,0.51432836,-0.046834856
1356420210568,0.12796324,-0.22424251,0.96609557,0.49175984,-0.8315815,-0.25815573,0.86127675,0.5081215,0.003861636
1356420210609,0.09115368,-0.24618939,0.9649258,0.49648216,-0.82871413,-0.2583378,0.8632477,0.50261694,0.04668826
1356420210650,0.079868555,-0.28947812,0.9538467,0.5007052,-0.81577206,-0.28950015,0.86192536,0.5007179,0.079788655
1356420210689,0.09737843,-0.35384414,0.9302213,0.50525373,-0.7876865,-0.35251725,0.85745907,0.50432533,0.102077484
1356420210729,0.14367014,-0.4351725,0.88881034,0.5050529,-0.7401194,-0.44400996,0.85104674,0.5126872,0.11345208
1356420210768,0.2075699,-0.5196587,0.82877594,0.49243948,-0.6765401,-0.5475371,0.84523255,0.5217742,0.115471125
1356420210823,0.27300024,-0.59172994,0.75850284,0.46299547,-0.61031634,-0.6427667,0.843271,0.5266589,0.10735184
1356420210850,0.31786627,-0.6386963,0.700734,0.43258485,-0.55996495,-0.70661855,0.8437011,0.52773714,0.098296285
1356420210889,0.3422227,-0.6641481,0.6646736,0.40494204,-0.53407675,-0.7421483,0.84788305,0.52313423,0.08616823
1356420210948,0.34611773,-0.667124,0.65965754,0.38773817,-0.5385444,-0.74808353,0.8543194,0.5146994,0.07226968
