1356420493849,0.21740931,-0.034715205,0.9754629,-0.5314498,0.8340374,0.14813055,-0.818715,-0.55061454,0.1628781
1356420493887,-0.25928086,0.10137531,-0.9604668,0.51233995,-0.8285766,-0.22576226,-0.81870705,-0.55062133,0.16289543
1356420493917,-0.2592858,0.101234585,-0.96048033,0.5123882,-0.82857645,-0.22565332,-0.8186753,-0.5506475,0.1629667
1356420493950,-0.2593279,0.10079205,-0.9605155,0.5125294,-0.8285787,-0.22532412,-0.8185736,-0.5507252,0.16321468
1356420493989,-0.25951827,0.09944746,-0.96060413,0.5129386,-0.82858795,-0.22435662,-0.8182568,-0.55095565,0.16402334
1356420494031,-0.26072085,0.09823361,-0.96040344,0.51332676,-0.82842064,-0.2240868,-0.8176309,-0.5514249,0.16556057
1356420494072,-0.26390308,0.09899734,-0.95945543,0.51325995,-0.8277819,-0.22658598,-0.8166513,-0.5522468,0.16764289
1356420494109,-0.2699784,0.10436924,-0.95719314,0.5119994,-0.8263534,-0.23451348,-0.8154558,-0.5533959,0.16966066
1356420494152,-0.27833313,0.11404301,-0.9536902,0.5096075,-0.82410854,-0.2472758,-0.81414425,-0.5548327,0.17125954
1356420494190,-0.28863275,0.12766285,-0.94889057,0.50588006,-0.8211002,-0.2643482,-0.8128816,-0.55632436,0.17241424
1356420494231,-0.30006772,0.14363746,-0.9430417,0.50086725,-0.8176357,-0.28390813,-0.81184447,-0.5575304,0.17340279
1356420494269,-0.31119883,0.15931278,-0.9368963,0.49527532,-0.8141979,-0.30295905,-0.8110843,-0.55830216,0.17447375
1356420494311,-0.321541,0.17385094,-0.9307993,0.4895181,-0.8109318,-0.3205647,-0.81054515,-0.5587178,0.17564458
1356420494349,-0.33057415,0.18635914,-0.92519784,0.48418656,-0.8079826,-0.3357492,-0.81011367,-0.55895835,0.17686553
1356420494389,-0.3378576,0.19587463,-0.9205897,0.47980696,-0.8056222,-0.34750268,-0.80971444,-0.5591118,0.1782036
1356420494432,-0.3431393,0.20171195,-0.9173701,0.4766299,-0.8041906,-0.35510787,-0.8093698,-0.55909747,0.17980735
1356420494471,-0.34656638,0.2046401,-0.9154312,0.47435063,-0.803701,-0.35924423,-0.8092486,-0.5587373,0.18146445
1356420494510,-0.3486268,0.20697543,-0.9141229,0.47229877,-0.8036353,-0.36208338,-0.8095637,-0.557971,0.18241443
1356420494549,-0.35003996,0.21166721,-0.912507,0.4695705,-0.80325323,-0.3664529,-0.81054026,-0.5567595,0.18177813
1356420494590,-0.35126108,0.22019987,-0.9100153,0.4657498,-0.8020655,-0.37385577,-0.8122148,-0.5551604,0.17917629
1356420494629,-0.35249317,0.23227772,-0.9065294,0.46085468,-0.80001044,-0.3841825,-0.81447005,-0.55320007,0.17495194
1356420494670,-0.35367912,0.24571525,-0.902516,0.45541012,-0.797557,-0.39560634,-0.81701446,-0.55093265,0.1701781
1356420494710,-0.35474437,0.2585796,-0.89849484,0.4499035,-0.7952083,-0.40648574,-0.8195995,-0.5484345,0.1657598
1356420494749,-0.355636,0.26977217,-0.8948441,0.44482803,-0.79318666,-0.41591218,-0.82197994,-0.54596514,0.1620835
1356420494789,-0.35628074,0.2788168,-0.89181006,0.44069234,-0.79147524,-0.4235058,-0.8239261,-0.54390085,0.15911497
1356420494831,-0.35658723,0.28546917,-0.8895802,0.43798214,-0.7899804,-0.42907187,-0.8252377,-0.5426218,0.15666647
1356420494890,-0.35649884,0.28973612,-0.8882351,0.43711135,-0.7885126,-0.43264475,-0.82573736,-0.542495,0.15445688
1356420494910,-0.3559543,0.2914577,-0.88789016,0.43849355,-0.78693783,-0.43411085,-0.82523936,-0.5438577,0.15231156
1356420494949,-0.35474318,0.2895412,-0.88900125,0.4427198,-0.7854671,-0.4324819,-0.82350254,-0.54699844,0.15045346
1356420494989,-0.3523364,0.28165656,-0.8924845,0.45075434,-0.7846667,-0.42558023,-0.82017046,-0.5522387,0.1495088
1356420495030,-0.34782296,0.26505584,-0.89931333,0.4637441,-0.7850121,-0.41072768,-0.8148377,-0.55991185,0.15012723
1356420495069,-0.34006685,0.23824877,-0.9097209,0.48220313,-0.78634346,-0.38619176,-0.8073628,-0.57000124,0.15252511
1356420495109,-0.3281576,0.20215204,-0.922739,0.50527537,-0.78777957,-0.35227862,-0.7981287,-0.58184016,0.15637334
1356420495149,-0.31187695,0.1598649,-0.9365767,0.5308915,-0.78818375,-0.31132072,-0.78796387,-0.5943144,0.16094543
1356420495190,-0.29201472,0.11565827,-0.9493948,0.5566325,-0.7866689,-0.26704344,-0.77774525,-0.6064447,0.16533974
1356420495230,-0.27035356,0.07400143,-0.95991284,0.5804515,-0.78292567,-0.2238378,-0.76810473,-0.6176982,0.16871256
1356420495269,-0.24922633,0.038812816,-0.96766716,0.6008452,-0.7774406,-0.18593289,-0.75952035,-0.6277576,0.17043823
1356420495309,-0.23098606,0.012870669,-0.9728719,0.6168473,-0.7713344,-0.15666065,-0.7524259,-0.63629985,0.1702283
1356420495349,-0.21747863,-0.0025459826,-0.9760618,0.6280973,-0.7658091,-0.13795024,-0.74712574,-0.643063,0.1681462
1356420495389,-0.20971966,-0.0077191293,-0.9777311,0.6347965,-0.7616396,-0.13014835,-0.74367404,-0.6479549,0.16463087
1356420495430,-0.20779014,-0.004373729,-0.97816366,0.6375004,-0.759053,-0.13202944,-0.7419006,-0.6510142,0.16051197
1356420495469,-0.21097219,0.004680693,-0.97748095,0.6369118,-0.7579152,-0.14109558,-0.74150807,-0.65233636,0.15691778
1356420495509,-0.21811557,0.016558051,-0.97578245,0.63384706,-0.7578616,-0.15454325,-0.74206704,-0.6522051,0.15480617
1356420495549,-0.2279777,0.029013991,-0.973234,0.6294305,-0.7582225,-0.17004667,-0.7428617,-0.65134996,0.15459551
1356420495589,-0.23923355,0.039907217,-0.97014153,0.6252598,-0.75808156,-0.18537097,-0.7428441,-0.6509375,0.15640622
1356420495629,-0.25041616,0.046813548,-0.9670058,0.62260824,-0.7571007,-0.1978827,-0.7413843,-0.6516188,0.16044375
1356420495670,-0.26040363,0.04879436,-0.96426606,0.6207408,-0.7564922,-0.20591377,-0.7395072,-0.65217996,0.16670462
1356420495710,-0.26851213,0.047266185,-0.96211594,0.6168208,-0.7587327,-0.20941995,-0.7398873,-0.64968497,0.17457417
1356420495749,-0.2741621,0.045030594,-0.9606287,0.6083162,-0.76554674,-0.20949852,-0.74483997,-0.6418025,0.18249106
1356420495789,-0.276438,0.044296652,-0.96001035,0.5947578,-0.7767697,-0.20710394,-0.75488096,-0.6282251,0.18838282
1356420495829,-0.27382863,0.0459902,-0.96067834,0.5784066,-0.7901651,-0.20269436,-0.7684164,-0.6111661,0.18976876
1356420495891,-0.26442206,0.049672514,-0.96312696,0.56264627,-0.803153,-0.19589393,-0.78326887,-0.59369844,0.18442337
1356420495911,-0.24613774,0.05351776,-0.9677563,0.5501792,-0.81430423,-0.18496351,-0.7979468,-0.5779658,0.17098665
1356420495949,-0.21724164,0.055287078,-0.9745508,0.5420796,-0.8234535,-0.1675527,-0.81176084,-0.56468356,0.14891848
1356420495989,-0.176247,0.052350402,-0.9829529,0.5383588,-0.83087337,-0.14078058,-0.82407933,-0.5539935,0.118255645
1356420496028,-0.12328732,0.04565473,-0.99132025,0.5378453,-0.8364274,-0.10541132,-0.83397996,-0.54617286,0.07856577
1356420496069,-0.061229825,0.0426019,-0.9972141,0.5388038,-0.83960474,-0.06895171,-0.84020317,-0.54152465,0.02845478
1356420496109,0.0035084486,0.056753114,-0.9983821,0.54088247,-0.83984816,-0.045840472,-0.8410909,-0.53984654,-0.033643365
1356420496149,0.061828077,0.10237728,-0.9928224,0.54731977,-0.8353035,-0.05204998,-0.8346367,-0.5401732,-0.107678324
1356420496189,0.105912626,0.18155688,-0.97766024,0.56293046,-0.82141733,-0.09155792,-0.81969005,-0.54065764,-0.18920238
1356420496229,0.1317612,0.28120023,-0.95056057,0.588374,-0.7939228,-0.15330574,-0.79778135,-0.5390854,-0.2700591
1356420496269,0.1426006,0.37650186,-0.915375,0.61687505,-0.7570465,-0.21528082,-0.7740351,-0.5339728,-0.34020987
1356420496309,0.14765358,0.4445297,-0.88351107,0.6384267,-0.7251054,-0.25813478,-0.7553872,-0.5259425,-0.39086404
1356420496349,0.15706247,0.4730873,-0.8669024,0.6461836,-0.7130462,-0.27205122,-0.7468454,-0.5174491,-0.41769403
1356420496389,0.17879999,0.45512027,-0.87229365,0.63779086,-0.7286913,-0.2494632,-0.7491686,-0.51173687,-0.4205615
1356420496428,0.21804768,0.38034785,-0.89877176,0.6124208,-0.77036315,-0.17742997,-0.75986576,-0.51173836,-0.40090883
1356420496469,0.27151203,0.24299072,-0.93125546,0.57056373,-0.819874,-0.047577545,-0.77507305,-0.5184227,-0.36124736
1356420496509,0.32421106,0.06006396,-0.944076,0.5188961,-0.84573877,0.12438981,-0.79097027,-0.5302059,-0.30536482
1356420496549,0.36017895,-0.12862168,-0.9239738,0.47262245,-0.82877326,0.29960465,-0.8043004,-0.54460204,-0.23771718
1356420496589,0.37500715,-0.28744262,-0.8813322,0.44648725,-0.7771739,0.44345227,-0.8124154,-0.55980134,-0.16310632
1356420496629,0.37401944,-0.4032302,-0.83517355,0.44513488,-0.7119718,0.54309386,-0.8136119,-0.5748926,-0.08679947
1356420496669,0.3640005,-0.47915053,-0.79869795,0.46383375,-0.65037423,0.6015577,-0.8076892,-0.5894304,-0.014490366
1356420496709,0.34927493,-0.52382433,-0.7769267,0.49404237,-0.6015864,0.6277069,-0.79619664,-0.60307693,0.04867235
1356420496749,0.3316617,-0.54564035,-0.7695955,0.5279573,-0.5687089,0.6307388,-0.7818322,-0.6155054,0.0994558
1356420496790,0.3114614,-0.55077344,-0.77436453,0.56052345,-0.551548,0.6177445,-0.7673364,-0.6264531,0.13693553
1356420496830,0.2882462,-0.5428518,-0.788813,0.58948016,-0.54858196,0.5929341,-0.754604,-0.6359007,0.16187376
1356420496891,0.2613657,-0.5232939,-0.8110805,0.6147123,-0.55761385,0.5578493,-0.7441887,-0.6443838,0.17593399
1356420496911,0.23035109,-0.49311513,-0.83891344,0.6370265,-0.5752869,0.5130713,-0.7356192,-0.6525966,0.18160945
1356420496949,0.19609463,-0.45560783,-0.86831355,0.6561354,-0.59709734,0.46147707,-0.7287203,-0.6602244,0.18185285
1356420496989,0.16092354,-0.41614556,-0.8949449,0.67016566,-0.61960393,0.4086183,-0.7245561,-0.6655177,0.17917764
1356420497029,0.12766236,-0.3784907,-0.9167591,0.67761755,-0.64167804,0.3592824,-0.7242492,-0.66707885,0.17455375
1356420497069,0.09898317,-0.3436079,-0.9338822,0.6788893,-0.6628391,0.31583786,-0.72753805,-0.66526526,0.16766185
1356420497109,0.07788205,-0.31221694,-0.94681305,0.6755705,-0.6818841,0.28042558,-0.73317045,-0.661479,0.15781805
1356420497149,0.06773907,-0.28622568,-0.95576483,0.6690999,-0.6975692,0.25632504,-0.74007887,-0.65686536,0.14426088
1356420497190,0.071599364,-0.2681616,-0.9607096,0.66014993,-0.70929676,0.24718446,-0.74771357,-0.6519106,0.12624171
1356420497230,0.09096509,-0.2591888,-0.9615334,0.64846337,-0.7173656,0.2547188,-0.7557913,-0.6466898,0.102819264
1356420497269,0.12473971,-0.25661895,-0.9584293,0.63332045,-0.7229968,0.27600878,-0.7637704,-0.6414221,0.07233563
1356420497309,0.16773903,-0.24987793,-0.9536376,0.61516696,-0.7293686,0.29931775,-0.77034616,-0.6368536,0.03137299
1356420497349,0.21130699,-0.22012174,-0.95231074,0.5984309,-0.74121255,0.30411255,-0.77280647,-0.63415325,-0.024895761
1356420497389,0.24519783,-0.14810911,-0.9580928,0.5925317,-0.7592985,0.26902044,-0.7673228,-0.63366354,-0.09841898
1356420497429,0.2613966,-0.034226358,-0.9646245,0.6048521,-0.77301097,0.19133209,-0.75221395,-0.6334687,-0.18136054
1356420497469,0.25998855,0.08854288,-0.9615436,0.62972105,-0.77044564,0.09932235,-0.7320228,-0.6313269,-0.25606436
1356420497509,0.24984938,0.1796858,-0.9514663,0.65269756,-0.7570854,0.028417826,-0.715235,-0.62811995,-0.30643782
1356420497549,0.24033427,0.2206589,-0.9452773,0.6646313,-0.7471518,-0.005429089,-0.70746356,-0.62695605,-0.32622296
1356420497590,0.23506862,0.2123838,-0.94849133,0.6643836,-0.7473869,-0.0026960075,-0.7094625,-0.6295284,-0.31679153
1356420497632,0.23386496,0.1604995,-0.9589302,0.65380216,-0.7559489,0.032924175,-0.7196179,-0.63465047,-0.28172487
1356420497669,0.23128676,0.07931709,-0.96964693,0.6381071,-0.7647102,0.08965239,-0.734388,-0.63947403,-0.22748014
1356420497709,0.22384834,-0.017620683,-0.97446465,0.6230855,-0.76623726,0.15698697,-0.74943733,-0.6423161,-0.16054177
1356420497749,0.20791626,-0.11194354,-0.9717198,0.61509806,-0.75746256,0.21887165,-0.7605427,-0.64321,-0.088632524
1356420497790,0.18177521,-0.18654673,-0.96548337,0.6172397,-0.7426759,0.25970685,-0.7654887,-0.643143,-0.019856006
1356420497830,0.14656544,-0.23391731,-0.9611458,0.6276132,-0.72904015,0.27313393,-0.7646046,-0.64325976,0.039957523
1356420497888,0.10416913,-0.25388917,-0.9616075,0.64194715,-0.7213248,0.25998926,-0.7596398,-0.6443841,0.08784366
1356420497910,0.05672759,-0.25017947,-0.9665362,0.65622073,-0.720259,0.22494742,-0.7524336,-0.6470218,0.12331438
1356420497951,0.005804181,-0.22685306,-0.97391176,0.66775423,-0.7240854,0.17264064,-0.74435925,-0.6513357,0.14727929
1356420497990,-0.0467425,-0.18946424,-0.9807744,0.67454827,-0.7301541,0.10890174,-0.7367494,-0.6564893,0.16193202
1356420498030,-0.097448885,-0.14514679,-0.9845995,0.6750955,-0.7365473,0.041763335,-0.7312659,-0.6606289,0.16976365
1356420498069,-0.14366353,-0.09796184,-0.9847661,0.6684494,-0.7433841,-0.023567587,-0.72975075,-0.6616521,0.17227972
1356420498109,-0.18257701,-0.049515724,-0.9819439,0.6556968,-0.750328,-0.08408031,-0.7326167,-0.65920866,0.16946
1356420498149,-0.21067971,-0.0026970208,-0.9775514,0.64048016,-0.75584584,-0.13594952,-0.7385115,-0.654744,0.16096877
1356420498189,-0.2242307,0.0372715,-0.9738231,0.6272144,-0.7592801,-0.17348145,-0.7458705,-0.6496957,0.14687674
1356420498230,-0.22015727,0.06521252,-0.9732821,0.6189394,-0.76184875,-0.19105057,-0.75395274,-0.64446384,0.12736401
1356420498269,-0.19675446,0.078709036,-0.97728837,0.6160451,-0.7655139,-0.18567957,-0.7627425,-0.638587,0.102129966
1356420498309,-0.15348953,0.07844046,-0.9850321,0.61655486,-0.7713973,-0.15750092,-0.77220535,-0.631501,0.07003844
1356420498349,-0.09275192,0.071389824,-0.9931267,0.6169176,-0.77878624,-0.113598526,-0.7815432,-0.6232138,0.028192282
1356420498389,-0.02173847,0.07289615,-0.9971026,0.61462927,-0.78562915,-0.07083568,-0.7885165,-0.6143882,-0.027725741
1356420498430,0.04796797,0.10030809,-0.9937995,0.61171365,-0.7894874,-0.05016038,-0.7896237,-0.60551465,-0.09922996
1356420498469,0.10603511,0.15580972,-0.9820794,0.6132893,-0.7876705,-0.058749348,-0.78270864,-0.5960692,-0.17907716
1356420498509,0.15216714,0.21296297,-0.9651383,0.6187356,-0.78201073,-0.07500285,-0.7707213,-0.5857525,-0.25076413
1356420498549,0.19518125,0.23563692,-0.95203966,0.61926544,-0.7823454,-0.066678375,-0.7605358,-0.57655084,-0.29862094
1356420498588,0.24320185,0.20248862,-0.9486049,0.60637796,-0.7950489,-0.014248401,-0.7570724,-0.5717479,-0.31614202
1356420498630,0.29544473,0.111216575,-0.9488642,0.5777304,-0.8118177,0.08473267,-0.76088107,-0.5732215,-0.30410045
1356420498668,0.33781266,-0.009767324,-0.9411627,0.54291344,-0.8148031,0.20332454,-0.7688482,-0.57965547,-0.269948
1356420498709,0.36101562,-0.13088563,-0.9233291,0.5150188,-0.7974351,0.31440866,-0.7774466,-0.5890384,-0.22047794
1356420498750,0.36259985,-0.22733602,-0.90379184,0.504897,-0.76721704,0.39554644,-0.78332645,-0.5997469,-0.1634115
1356420498790,0.34825176,-0.29480442,-0.8898376,0.5129823,-0.7345738,0.44412887,-0.7845826,-0.61113966,-0.10458717
1356420498830,0.323808,-0.33678758,-0.88415074,0.5340149,-0.70635635,0.46463838,-0.7810099,-0.6226033,-0.04887426
1356420498890,0.29385126,-0.35929054,-0.8857549,0.5612608,-0.68523586,0.46415314,-0.77371687,-0.63353145,2.9826257E-4
1356420498902,0.2614658,-0.36781242,-0.89238423,0.58834183,-0.6722017,0.44944257,-0.7651728,-0.6425409,0.040641755
1356420498940,0.23167664,-0.36978063,-0.8997712,0.61302626,-0.66267586,0.43018556,-0.7553309,-0.6512474,0.07315868
1356420498978,0.2009458,-0.36304808,-0.90984446,0.6360807,-0.6579979,0.40303883,-0.74499816,-0.6597234,0.09870589
1356420499019,0.16992009,-0.34983176,-0.92127347,0.65701145,-0.65656,0.37049258,-0.73448145,-0.6682414,0.11828083
1356420499059,0.1389454,-0.3324064,-0.9328452,0.6754575,-0.6570452,0.33473694,-0.7241902,-0.6766074,0.13323298
1356420499099,0.10882515,-0.31427813,-0.9430728,0.68990326,-0.65914404,0.29926997,-0.7156749,-0.68319714,0.14509013
1356420499139,0.080565214,-0.29797834,-0.9511668,0.6982422,-0.6641261,0.26719737,-0.71131366,-0.68567157,0.15455553
1356420499178,0.055630505,-0.2837327,-0.9572883,0.6998011,-0.6727867,0.24007587,-0.7121683,-0.68326694,0.16112903
1356420499219,0.03612262,-0.27087444,-0.9619368,0.69546103,-0.68442726,0.21884573,-0.71765536,-0.6768948,0.16365924
1356420499260,0.024608135,-0.2594433,-0.96544474,0.6870488,-0.6971364,0.2048531,-0.72619444,-0.6683487,0.161095
1356420499299,0.02336967,-0.2503654,-0.96786934,0.6759286,-0.70936173,0.19981608,-0.7365965,-0.6588801,0.15265161
1356420499339,0.033845007,-0.24501751,-0.96892774,0.662831,-0.7200898,0.2052456,-0.7480037,-0.6491819,0.13803372
1356420499378,0.055725396,-0.24308422,-0.9684032,0.64770484,-0.7293329,0.22034517,-0.75985074,-0.63951826,0.11680442
1356420499419,0.086675465,-0.23888452,-0.96717197,0.6300149,-0.7389029,0.23896404,-0.77173096,-0.63004506,0.086456
1356420499459,0.123567045,-0.22236347,-0.9671017,0.6107562,-0.7510737,0.25072926,-0.7821177,-0.6216453,0.043001857
1356420499499,0.16097963,-0.1771414,-0.97093076,0.5948787,-0.76756537,0.23866887,-0.78753096,-0.61600685,-0.018184785
1356420499539,0.19287223,-0.09295449,-0.97681105,0.5906533,-0.78393966,0.19122565,-0.7835362,-0.6138388,-0.09629631
1356420499579,0.21320319,0.018441796,-0.97683376,0.6021832,-0.7898089,0.11652127,-0.7693632,-0.6130756,-0.17949513
1356420499619,0.21969873,0.1260528,-0.9673899,0.6232899,-0.78097796,0.03978905,-0.75049466,-0.6117059,-0.25014728
1356420499660,0.21560574,0.20076455,-0.9556191,0.64262444,-0.76601547,-0.015942782,-0.7352197,-0.61066675,-0.29417354
1356420499699,0.20644397,0.23091628,-0.95081997,0.653388,-0.75587344,-0.04170659,-0.72833025,-0.6126443,-0.30692345
1356420499739,0.19497764,0.22087097,-0.95561486,0.6551452,-0.7544062,-0.04069397,-0.72990996,-0.6181321,-0.2917949
1356420499778,0.18237847,0.17900233,-0.9667969,0.65017176,-0.75957435,-0.017985433,-0.7375735,-0.62530386,-0.25491226
1356420499819,0.1688323,0.11288479,-0.9791592,0.64190805,-0.7664568,0.022318602,-0.7479637,-0.63229823,-0.20186432
1356420499889,0.15347391,0.035015523,-0.98753214,0.6351224,-0.7691012,0.071434885,-0.7570108,-0.63816714,-0.1402761
1356420499899,0.1369924,-0.04798773,-0.989409,0.63278246,-0.7642259,0.12468031,-0.7621152,-0.64316094,-0.07432735
1356420499937,0.11822903,-0.118388474,-0.9859036,0.6362211,-0.75327116,0.16674899,-0.76239395,-0.6469673,-0.013737261
1356420499979,0.09945989,-0.17457671,-0.97960746,0.6440881,-0.739119,0.19711357,-0.7584579,-0.65055835,0.038930025
1356420500039,0.08059108,-0.21415052,-0.9734704,0.65478444,-0.7249776,0.2136933,-0.75150675,-0.654635,0.08179569
1356420500059,0.06186217,-0.23775445,-0.9693533,0.66650456,-0.71308744,0.2174348,-0.7429298,-0.65952945,0.11435133
1356420500105,0.043436766,-0.24646655,-0.96817744,0.6790565,-0.7035378,0.20956343,-0.73279977,-0.6665499,0.1368053
1356420500135,0.023092806,-0.24451484,-0.96937054,0.68921006,-0.6984927,0.19260707,-0.7241935,-0.6725477,0.15239191
1356420500165,0.0053794384,-0.23880668,-0.9710522,0.69647086,-0.6959184,0.17500252,-0.7175649,-0.677251,0.16257828
1356420500205,-0.010374844,-0.2280793,-0.9735873,0.6996689,-0.6972535,0.15588757,-0.71439195,-0.6795714,0.16681388
1356420500249,-0.024770975,-0.21130358,-0.9771066,0.69859093,-0.70280915,0.13427535,-0.7150923,-0.6792717,0.1650241
1356420500289,-0.035138786,-0.19032183,-0.98109263,0.6947292,-0.7103524,0.112918615,-0.71841246,-0.67762595,0.15718311
1356420500329,-0.03822398,-0.16890031,-0.9848917,0.68980384,-0.7175653,0.09628466,-0.72298664,-0.6757016,0.14393628
1356420500369,-0.03147304,-0.15058869,-0.98809534,0.68435556,-0.7237571,0.08850449,-0.72846884,-0.67342305,0.12583512
1356420500409,-0.01320678,-0.1384606,-0.99027985,0.677932,-0.72922844,0.09291926,-0.7350059,-0.67011523,0.10349772
1356420500450,0.016500354,-0.13308331,-0.9909675,0.66950536,-0.7346461,0.10980806,-0.7426239,-0.66526985,0.076978065
1356420500491,0.055678964,-0.12985042,-0.9899691,0.6580663,-0.7409056,0.13419348,-0.75089866,-0.658937,0.04419726
1356420500531,0.10145062,-0.12014422,-0.9875592,0.644186,-0.74853164,0.15724103,-0.7581109,-0.65212405,0.0014562383
1356420500569,0.14818919,-0.08932701,-0.98491657,0.63185763,-0.7575835,0.16377744,-0.7607863,-0.64659715,-0.05582369
1356420500609,0.18914694,-0.026310682,-0.98159623,0.6284772,-0.7648299,0.14160383,-0.7544799,-0.6436948,-0.12812954
1356420500649,0.21803558,0.061772704,-0.9739839,0.6383644,-0.7639171,0.09445426,-0.7382083,-0.64235103,-0.2059946
1356420500690,0.23331642,0.14664319,-0.96128,0.6555934,-0.75382376,0.044126123,-0.7181649,-0.6405041,-0.27201775
1356420500730,0.2399019,0.19921346,-0.9501374,0.6692242,-0.7429433,0.013202161,-0.7032682,-0.6390221,-0.31155196
1356420500770,0.24374908,0.20696539,-0.9474976,0.67315537,-0.73940915,0.011661142,-0.69817495,-0.6406555,-0.31955016
1356420500809,0.24760759,0.17221075,-0.95343274,0.6677264,-0.7433772,0.03913918,-0.70202,-0.6463233,-0.2990555
1356420500849,0.25065613,0.10329309,-0.9625498,0.65627337,-0.74907434,0.09051454,-0.7116718,-0.6543838,-0.2555486
1356420500890,0.24969637,0.0122792125,-0.96824634,0.64367574,-0.7491269,0.15649408,-0.72341776,-0.6623127,-0.19495809
1356420500927,0.2394836,-0.075044185,-0.9679959,0.63671863,-0.7405351,0.21493535,-0.7329645,-0.6678145,-0.12956399
1356420500969,0.22354966,-0.15652944,-0.9620416,0.6353031,-0.7251488,0.2656111,-0.7391993,-0.67056525,-0.06266314
1356420501009,0.20105416,-0.22319663,-0.95381355,0.6398241,-0.7073796,0.30039832,-0.7417562,-0.6706693,5.850196E-4
1356420501049,0.17320746,-0.2706133,-0.9469781,0.64904916,-0.69182205,0.31641322,-0.74076605,-0.6694405,0.055812657
1356420501090,0.14155602,-0.2975754,-0.94414556,0.66163534,-0.68099004,0.31383336,-0.7363428,-0.66910505,0.10048813
1356420501129,0.1070202,-0.30446604,-0.946492,0.6761862,-0.6756186,0.29378855,-0.7289162,-0.67144614,0.13357091
1356420501169,0.07049018,-0.29412264,-0.9531648,0.6906695,-0.6750531,0.259382,-0.7197269,-0.6766057,0.15555686
1356420501209,0.033423364,-0.27205926,-0.96169996,0.7022694,-0.678262,0.21628335,-0.7111263,-0.68260133,0.16838902
1356420501249,-0.0021683574,-0.24365045,-0.9698607,0.70811003,-0.68519473,0.17055291,-0.7060988,-0.68639827,0.17401713
1356420501290,-0.034316123,-0.21199279,-0.97666854,0.70691895,-0.69594103,0.12622064,-0.7064616,-0.6860941,0.17374372
1356420501329,-0.06043887,-0.17918417,-0.9819573,0.69977856,-0.70912445,0.08632764,-0.71179855,-0.6819352,0.16824794
1356420501369,-0.07787067,-0.14797622,-0.9859204,0.688947,-0.72279215,0.054068536,-0.72061646,-0.67503667,0.15823215
1356420501409,-0.08426899,-0.12148067,-0.98901016,0.6763811,-0.7358233,0.03275022,-0.73171526,-0.666188,0.14417437
1356420501449,-0.078357756,-0.10108167,-0.9917876,0.66288453,-0.74834025,0.023897588,-0.74461013,-0.65556806,0.12564367
1356420501489,-0.05927497,-0.087670535,-0.9943844,0.64891696,-0.76033074,0.028353304,-0.7585468,-0.64359224,0.1019595
1356420501529,-0.02893436,-0.07602158,-0.99668634,0.634447,-0.7719069,0.04045835,-0.7724247,-0.63117397,0.07056624
1356420501570,0.008623302,-0.05369985,-0.99851996,0.6211558,-0.7822504,0.047433347,-0.7836397,-0.6206454,0.026610315
1356420501609,0.04647404,-0.0036135912,-0.99891305,0.6145201,-0.7882744,0.031441927,-0.78753114,-0.6153133,-0.034413733
1356420501649,0.07572991,0.0851869,-0.9934828,0.6223318,-0.78250664,-0.019658297,-0.7790816,-0.6167872,-0.11227368
1356420501689,0.09143746,0.19463082,-0.97660536,0.6456596,-0.75822484,-0.09065732,-0.7581312,-0.6222651,-0.19499539
1356420501734,0.09520739,0.29094148,-0.9519919,0.67546725,-0.72136253,-0.15290554,-0.73121786,-0.6284816,-0.2652005
1356420501769,0.09403968,0.3494418,-0.9322269,0.70047593,-0.6886152,-0.1874634,-0.70745313,-0.6353735,-0.30953273
1356420501809,0.09391487,0.36417744,-0.92658234,0.71498346,-0.6723243,-0.19177763,-0.69280493,-0.6444803,-0.3235221
1356420501849,0.09812307,0.3365184,-0.9365507,0.7183534,-0.6752461,-0.1673649,-0.6887236,-0.65635204,-0.3079964
1356420501889,0.10585314,0.27086568,-0.95677936,0.7126269,-0.6917205,-0.11698574,-0.69351137,-0.6694434,-0.26624697
1356420501927,0.109322906,0.18925911,-0.9758225,0.70402634,-0.7077688,-0.058397353,-0.701709,-0.68062055,-0.21061872
1356420501969,0.10927725,0.09604746,-0.98936003,0.695477,-0.7185136,0.0070635676,-0.71019024,-0.6888491,-0.14531599
1356420502009,0.10145432,0.0074017644,-0.9948126,0.6907971,-0.72011274,0.06509188,-0.71589553,-0.6938175,-0.078171626
1356420502049,0.0854308,-0.06575817,-0.9941718,0.69142383,-0.7145301,0.10667682,-0.71738046,-0.6965075,-0.015576176
1356420502090,0.062338173,-0.117644906,-0.99109715,0.6965631,-0.706054,0.12762228,-0.7147823,-0.6983175,0.03793305
1356420502130,0.03434837,-0.14763662,-0.9884451,0.7035694,-0.69885105,0.12883109,-0.709796,-0.6998648,0.079868145
1356420502170,0.0043274164,-0.15977815,-0.9871435,0.7095759,-0.6950792,0.11561555,-0.7046157,-0.70095354,0.11036682
1356420502209,-0.025981724,-0.1589905,-0.9869382,0.71207947,-0.6958648,0.093354225,-0.701618,-0.7003529,0.13129368
1356420502249,-0.05463159,-0.14950252,-0.98725086,0.70904535,-0.70196646,0.067064494,-0.7030434,-0.6963419,0.14435369
1356420502289,-0.07987344,-0.13286528,-0.9879104,0.70026684,-0.71280146,0.039248377,-0.70939875,-0.688666,0.14997506
1356420502330,-0.0990392,-0.111299336,-0.98883957,0.6877081,-0.72587407,0.01282233,-0.7192001,-0.67876303,0.14843142
1356420502370,-0.10903317,-0.08959064,-0.9899926,0.67436934,-0.73835665,-0.007453382,-0.73029983,-0.66843325,0.14092252
1356420502409,-0.10725957,-0.07237819,-0.9915931,0.66233134,-0.7490189,-0.01697141,-0.7414936,-0.65858346,0.12827772
1356420502449,-0.09173727,-0.06248355,-0.993821,0.65240777,-0.7577638,-0.012580067,-0.7522955,-0.64953053,0.11027986
1356420502490,-0.06163591,-0.059521377,-0.9963224,0.6443118,-0.76474077,0.0058270693,-0.7622751,-0.6415831,0.085485786
1356420502529,-0.01883161,-0.055441827,-0.99828434,0.63708925,-0.77017623,0.03075537,-0.7705599,-0.6354171,0.049825013
1356420502569,0.032625854,-0.03596154,-0.9988204,0.63084745,-0.7743903,0.048487365,-0.7752205,-0.6316853,-0.0025788546
1356420502609,0.085962236,0.010938495,-0.99623835,0.6277802,-0.7770517,0.04563731,-0.7736294,-0.62934184,-0.073664136
1356420502649,0.13318968,0.08211848,-0.98768264,0.630425,-0.7759795,0.020496279,-0.7647384,-0.6253897,-0.15512201
1356420502689,0.17021435,0.15010756,-0.973907,0.63625807,-0.7714379,-0.007699281,-0.75246453,-0.6183456,-0.22681695
1356420502730,0.19786161,0.1871234,-0.96220356,0.63900024,-0.7689924,-0.01814878,-0.74332327,-0.6112573,-0.27172595
1356420502770,0.21942413,0.18024299,-0.9588354,0.6346041,-0.7728374,-5.325675E-5,-0.7410335,-0.60846925,-0.28396213
1356420502809,0.22493821,0.14670245,-0.9632659,0.62822783,-0.777515,0.028288215,-0.74480367,-0.6115136,-0.2670554
1356420502849,0.23067594,0.07574293,-0.9700782,0.61799705,-0.7814694,0.08593768,-0.7515772,-0.61932915,-0.22707507
1356420502890,0.23248523,-0.016645133,-0.9724575,0.60985255,-0.7763836,0.15908635,-0.757648,-0.6300409,-0.17034665
1356420502927,0.22548431,-0.10345858,-0.9687379,0.60955256,-0.760699,0.22312057,-0.7600016,-0.64080685,-0.108462244
1356420502969,0.21220976,-0.17985499,-0.96053064,0.6170801,-0.737498,0.2744245,-0.7577461,-0.6509599,-0.045519322
1356420503008,0.19407523,-0.23933797,-0.9513423,0.6310614,-0.7120245,0.307868,-0.7510635,-0.66010493,0.012850583
1356420503049,0.17372268,-0.28017753,-0.94409794,0.64961684,-0.6879138,0.32368582,-0.74014753,-0.6695335,0.06250185
1356420503089,0.15313423,-0.30273044,-0.94069344,0.671098,-0.6668886,0.32386273,-0.72538084,-0.68089193,0.10103834
1356420503129,0.13355905,-0.31016377,-0.94125473,0.69325864,-0.6494683,0.31238356,-0.7082051,-0.69425464,0.1282813
1356420503169,0.1152212,-0.3076343,-0.9445026,0.7124856,-0.6369502,0.2943784,-0.69216204,-0.70686316,0.14579487
1356420503208,0.098055005,-0.3002088,-0.9488203,0.72502327,-0.6315486,0.2747503,-0.6817085,-0.7148574,0.15573186
1356420503249,0.082476735,-0.2901916,-0.95340776,0.72901875,-0.6347161,0.25625587,-0.67950666,-0.7161873,0.15920585
1356420503289,0.06971377,-0.27837145,-0.95794016,0.72565603,-0.6447775,0.24017768,-0.68451685,-0.7118787,0.15705204
1356420503329,0.061979175,-0.26661715,-0.9618076,0.71711946,-0.658355,0.22871017,-0.69418895,-0.70390624,0.15039206
1356420503370,0.061736405,-0.25778693,-0.96422744,0.7050767,-0.67250943,0.22493967,-0.70643854,-0.6937412,0.1402413
1356420503408,0.07098484,-0.25435084,-0.9645034,0.69034463,-0.68542224,0.23156138,-0.7199899,-0.68227714,0.1269351
1356420503449,0.09042698,-0.2562739,-0.96236515,0.6727935,-0.69675475,0.24876083,-0.7342833,-0.6699677,0.10941386
1356420503489,0.12005228,-0.26058227,-0.9579584,0.65217537,-0.7068181,0.27399874,-0.7485016,-0.65765107,0.08509025
1356420503529,0.15773028,-0.25658745,-0.95356387,0.62882787,-0.71844715,0.29733688,-0.7613781,-0.6465266,0.048028465
1356420503570,0.20063084,-0.2285108,-0.95264375,0.605724,-0.73533106,0.303952,-0.7699648,-0.63802135,-0.009115666
1356420503608,0.24399525,-0.16523293,-0.9555964,0.5897809,-0.7569232,0.28147072,-0.76982135,-0.63227,-0.08723444
1356420503649,0.2808339,-0.07385364,-0.9569106,0.58774674,-0.77497655,0.23230389,-0.7587398,-0.6276599,-0.17423245
1356420503689,0.30540824,0.01276198,-0.952136,0.5965195,-0.78195554,0.1808593,-0.74221987,-0.6232035,-0.24642843
1356420503730,0.3174997,0.063596666,-0.9461234,0.60569966,-0.7812837,0.150744,-0.72960395,-0.62092775,-0.28657782
1356420503770,0.31967682,0.067686945,-0.9451059,0.6087166,-0.77905977,0.15009998,-0.7261342,-0.6232851,-0.29024953
1356420503808,0.31329685,0.03112191,-0.94914514,0.60636425,-0.775756,0.17471407,-0.73086756,-0.63026506,-0.26191312
1356420503849,0.2986663,-0.035024464,-0.9537147,0.602504,-0.76808107,0.21688797,-0.7401266,-0.63939404,-0.20829755
1356420503889,0.27609217,-0.11744195,-0.953929,0.6015547,-0.7529587,0.26680547,-0.74960333,-0.6475034,-0.13723823
1356420503927,0.24793375,-0.19489616,-0.9489702,0.60687864,-0.73228896,0.3089518,-0.75513387,-0.6525093,-0.06328082
1356420503969,0.21853656,-0.26280865,-0.93977314,0.61774015,-0.708257,0.34171534,-0.75540656,-0.6552128,0.0075672865
1356420504009,0.19051045,-0.31457293,-0.9299191,0.63313115,-0.6845591,0.36128074,-0.75023377,-0.65758854,0.06875029
1356420504049,0.16605902,-0.34739617,-0.9228979,0.65151906,-0.663883,0.36712736,-0.7402347,-0.66225034,0.11609137
1356420504090,0.14620322,-0.36192793,-0.92066973,0.6715732,-0.6470417,0.36100745,-0.7263704,-0.6710776,0.14846155
1356420504129,0.1306262,-0.36144218,-0.923199,0.6916896,-0.6338917,0.3460445,-0.7102832,-0.6837696,0.16720292
1356420504169,0.11800915,-0.35154456,-0.9287035,0.70960885,-0.62437415,0.326515,-0.6946431,-0.69754803,0.17577735
1356420504209,0.10690504,-0.3380582,-0.9350336,0.7226291,-0.61951655,0.3066043,-0.68291897,-0.7084601,0.17806137
1356420504249,0.096714556,-0.32439184,-0.9409656,0.7290406,-0.62053305,0.2888572,-0.6776032,-0.71393883,0.17648026
1356420504290,0.08827013,-0.31137562,-0.94617844,0.729141,-0.62696576,0.27434915,-0.67864704,-0.7141143,0.17169434
1356420504329,0.083269775,-0.29955524,-0.9504382,0.7243219,-0.6368425,0.2641767,-0.6844149,-0.7104212,0.16394475
1356420504369,0.08385664,-0.28994218,-0.9533633,0.7155099,-0.64836925,0.26012102,-0.69355154,-0.70395374,0.15308642
1356420504551,0.09199053,-0.28322506,-0.9546315,0.70296645,-0.66052717,0.26370817,-0.7052488,-0.6953326,0.13833547
1356420504556,0.10895389,-0.2785535,-0.95422065,0.68672484,-0.67295074,0.27485693,-0.7187058,-0.6852338,0.11796898
1356420504558,0.13397944,-0.27751672,-0.95133275,0.66857517,-0.68328345,0.29348084,-0.7314758,-0.6753578,0.093994856
1356420504559,0.16329491,-0.26323384,-0.9508116,0.6482754,-0.6978508,0.30453774,-0.7436893,-0.6661172,0.056692507
1356420504560,0.20184463,-0.22425862,-0.95339745,0.62693346,-0.71829,0.3016851,-0.7524714,-0.6586103,-0.004387703
1356420504587,0.24421787,-0.16943306,-0.95480365,0.608657,-0.73972785,0.28694832,-0.7549134,-0.65122586,-0.07752812
1356420504616,0.28197575,-0.09110296,-0.95508635,0.6000052,-0.7600478,0.24964185,-0.74865437,-0.6434497,-0.1596528
1356420504659,0.31157506,0.011673182,-0.95014983,0.60678816,-0.7719453,0.18949537,-0.73125166,-0.63558173,-0.24760205
1356420504699,0.32739764,0.10137966,-0.9394322,0.62199104,-0.7715593,0.13350405,-0.71129304,-0.6280274,-0.31566393
1356420504739,0.33097076,0.15178119,-0.93135434,0.6349852,-0.76591563,0.10083163,-0.69803447,-0.62476856,-0.3498745
1356420504779,0.32636142,0.15751709,-0.93202823,0.64058,-0.76192504,0.09553829,-0.6950868,-0.62821865,-0.3495652
1356420504819,0.31614333,0.12274656,-0.9407373,0.638723,-0.76073545,0.1153886,-0.7014887,-0.63734984,-0.3189025
1356420504893,0.30078614,0.059710473,-0.9518205,0.6329267,-0.75906515,0.15239368,-0.7133943,-0.64827055,-0.26610863
1356420504899,0.28127718,-0.022929996,-0.9593526,0.6265633,-0.7528188,0.20169857,-0.7268436,-0.65782833,-0.19738367
1356420504939,0.25880355,-0.11238888,-0.9593693,0.62366974,-0.73898923,0.25481546,-0.737602,-0.6642768,-0.121159494
1356420504980,0.23566806,-0.19774644,-0.9515024,0.6263296,-0.717718,0.30428934,-0.7430826,-0.6676654,-0.045288708
1356420505021,0.2140984,-0.27035213,-0.9386542,0.63483965,-0.6918115,0.34405732,-0.74238837,-0.669557,0.02351451
1356420505060,0.19568443,-0.32449442,-0.92542475,0.6482484,-0.6652906,0.3703545,-0.7358543,-0.6723777,0.08016598
1356420505100,0.18097317,-0.35885146,-0.91568244,0.6649126,-0.6413886,0.3827687,-0.7246654,-0.6781196,0.12253076
1356420505139,0.16942245,-0.37546694,-0.91121936,0.68289983,-0.62191755,0.38323158,-0.71059406,-0.68719953,0.15103948
1356420505312,0.15988147,-0.37901625,-0.9114739,0.70006824,-0.60744256,0.37539035,-0.69594705,-0.69811183,0.16821843
1356420505314,0.15139627,-0.3750255,-0.91456825,0.71403885,-0.598317,0.36354533,-0.6835405,-0.7080767,0.17719984
1356420505315,0.1438607,-0.3689795,-0.91823643,0.7236422,-0.593699,0.35194248,-0.6750156,-0.71510535,0.18159917
1356420505317,0.13830799,-0.36008304,-0.9226111,0.727868,-0.5947759,0.34124744,-0.6716242,-0.7187363,0.17983061
1356420505326,0.13662374,-0.34854704,-0.92728037,0.72736615,-0.60017294,0.3327623,-0.672512,-0.7199356,0.17152351
1356420505367,0.14202839,-0.3380279,-0.9303575,0.72342485,-0.6060779,0.33064505,-0.67563635,-0.7200047,0.15845746
1356420505399,0.15631944,-0.33360973,-0.92966056,0.71713793,-0.6088814,0.33908215,-0.6791742,-0.7197,0.14406416
1356420505439,0.17611206,-0.32791275,-0.92814744,0.7081271,-0.6127496,0.35084736,-0.68376935,-0.7190348,0.12429139
1356420505479,0.20895886,-0.32749397,-0.9214574,0.6940957,-0.6140962,0.37565523,-0.68888843,-0.71807617,0.098991364
1356420505521,0.25186765,-0.32738268,-0.9107048,0.6744355,-0.6155047,0.40778756,-0.6940457,-0.71692014,0.06577283
1356420505560,0.30114526,-0.31876636,-0.89872104,0.64919096,-0.62180233,0.4380786,-0.6984716,-0.71536684,0.019687474
1356420505600,0.35259986,-0.2897597,-0.88978237,0.6203357,-0.63952255,0.45408648,-0.7006119,-0.7120746,-0.04574728
1356420505639,0.40174925,-0.236765,-0.8846128,0.59232163,-0.6695292,0.4482027,-0.69839287,-0.7040404,-0.12874183
1356420505679,0.44280136,-0.1720827,-0.8799514,0.5697664,-0.7037752,0.4243426,-0.69231004,-0.6892662,-0.21358567
1356420505719,0.4722465,-0.12180613,-0.87301004,0.55204666,-0.73124754,0.40065122,-0.68718827,-0.6711484,-0.27808642
1356420505760,0.49015656,-0.106459126,-0.8651086,0.5350498,-0.7467662,0.39504662,-0.6880902,-0.65651095,-0.30907145
1356420505800,0.49707794,-0.12659091,-0.858422,0.5189175,-0.7495265,0.4110166,-0.69544095,-0.6497575,-0.30688286
1356420505839,0.49326608,-0.17069452,-0.8529666,0.50755817,-0.7398604,0.44157812,-0.70645124,-0.65074563,-0.27831066
1356420505893,0.4795044,-0.22404213,-0.8484578,0.5052249,-0.72006273,0.4756653,-0.7175119,-0.65674555,-0.23208159
1356420505920,0.45812213,-0.27780282,-0.8443635,0.5128809,-0.6932272,0.50634897,-0.72600085,-0.6650276,-0.17510295
1356420505959,0.4319855,-0.32755595,-0.84029496,0.5287489,-0.6628111,0.53019434,-0.73062515,-0.67334133,-0.113129914
1356420505999,0.40400505,-0.37063205,-0.8363085,0.5493902,-0.6326805,0.5457892,-0.731403,-0.67996126,-0.05198449
1356420506039,0.37669635,-0.40586168,-0.832692,0.5717823,-0.6053572,0.5537216,-0.72881055,-0.6847035,0.0040286477
1356420506079,0.3515786,-0.43148988,-0.83078814,0.5948537,-0.5822862,0.5541586,-0.72287035,-0.6890277,0.05195406
1356420506119,0.3290987,-0.4461708,-0.83224136,0.6185173,-0.5641091,0.5470075,-0.7135337,-0.69477516,0.0903168
1356420506161,0.30857116,-0.4502007,-0.837916,0.642123,-0.5513028,0.53267574,-0.70175636,-0.70241344,0.11896804
1356420506200,0.2887311,-0.4463074,-0.8470207,0.66398597,-0.54402345,0.5129923,-0.6897513,-0.71052676,0.13926536
1356420506239,0.26845986,-0.43854398,-0.8576762,0.6815886,-0.5426971,0.4908329,-0.68071014,-0.7163513,0.15321416
1356420506279,0.24785733,-0.4294544,-0.8684099,0.6928311,-0.5479728,0.46873328,-0.67716455,-0.7178404,0.16172028
1356420506319,0.22803825,-0.41886935,-0.87894654,0.69777155,-0.5592853,0.44756544,-0.6790533,-0.715366,0.16473669
1356420506359,0.2112329,-0.40643114,-0.8889288,0.6974829,-0.5744559,0.42838988,-0.6847614,-0.7105026,0.16213483
1356420506400,0.19984186,-0.39271957,-0.89768285,0.69284886,-0.5911821,0.41287297,-0.6928374,-0.70446783,0.15395245
1356420506439,0.19602495,-0.3793698,-0.90424156,0.6842331,-0.6076257,0.4032569,-0.7024238,-0.69776046,0.1404675
1356420506479,0.20106053,-0.3675108,-0.9080256,0.6715702,-0.6231152,0.40090036,-0.7131398,-0.6904081,0.12152538
1356420506519,0.21549708,-0.3572246,-0.9088187,0.65494573,-0.63743895,0.40585408,-0.72429764,-0.6826873,0.0965966
1356420506560,0.23820943,-0.34375495,-0.908344,0.6350582,-0.65249,0.4134706,-0.7348179,-0.6753439,0.06287509
1356420506600,0.2673779,-0.31703782,-0.90994287,0.6144546,-0.67132396,0.41445094,-0.7422631,-0.6699336,0.015308233
1356420506639,0.29977065,-0.2633795,-0.91693443,0.5994862,-0.69566536,0.39581063,-0.74212795,-0.668342,-0.050647676
1356420506679,0.32944405,-0.17199239,-0.92837775,0.599838,-0.72121537,0.34647173,-0.7291508,-0.6710194,-0.13443252
1356420506718,0.34841567,-0.056385368,-0.93564266,0.61875415,-0.7359673,0.27476454,-0.70409507,-0.67466503,-0.22153386
1356420506759,0.3529209,0.052028447,-0.9342055,0.64748085,-0.73435193,0.20370501,-0.67543715,-0.67677194,-0.29285556
1356420506801,0.34658104,0.12480885,-0.9296797,0.6725568,-0.723943,0.15353775,-0.6538722,-0.6784757,-0.33484596
1356420506839,0.33548862,0.15318686,-0.92950594,0.6872941,-0.71459734,0.13029766,-0.64426255,-0.6825573,-0.3450237
1356420506894,0.32304806,0.14065379,-0.935872,0.69124496,-0.7104945,0.1318253,-0.64639026,-0.6895027,-0.3267501
1356420506920,0.30919003,0.097578555,-0.9459809,0.68756974,-0.7101425,0.15147772,-0.6570003,-0.69726324,-0.28666103
1356420506959,0.29331726,0.034178346,-0.95540404,0.68036866,-0.7095262,0.18349665,-0.6716125,-0.70384973,-0.23137015
1356420506999,0.27492094,-0.038527668,-0.9606946,0.67401224,-0.704841,0.22114828,-0.6856573,-0.70831823,-0.16780743
1356420507039,0.25433952,-0.110189736,-0.9608171,0.67132866,-0.69502145,0.25741592,-0.69615316,-0.7104951,-0.102797866
1356420507088,0.23287052,-0.17799893,-0.9560793,0.67278457,-0.680401,0.2905432,-0.70223373,-0.71089435,-0.038690418
1356420507119,0.20957357,-0.22855046,-0.9507069,0.67849016,-0.6661335,0.30970508,-0.704081,-0.70995134,0.015465226
1356420507159,0.18800235,-0.26524234,-0.9456752,0.6869736,-0.652619,0.31961805,-0.7019419,-0.70974284,0.059520602
1356420507199,0.1668396,-0.2864601,-0.9434537,0.69831973,-0.64118314,0.31817216,-0.6960704,-0.71191615,0.0930661
1356420507239,0.14584434,-0.2939435,-0.9446304,0.71186006,-0.6318952,0.30653495,-0.68701136,-0.7171511,0.11708832
1356420507279,0.12487787,-0.2917018,-0.9483225,0.72594523,-0.62466687,0.2877407,-0.67632014,-0.72436273,0.1337525
1356420507320,0.10402113,-0.28411758,-0.95312995,0.7374556,-0.62098324,0.2655915,-0.667337,-0.7305182,0.14492878
1356420507359,0.084394515,-0.27319074,-0.9582507,0.7440462,-0.62238437,0.24296679,-0.6627765,-0.7334879,0.15074074
1356420507400,0.06788868,-0.25933826,-0.9633975,0.7455634,-0.6284716,0.22171745,-0.6629678,-0.73332596,0.15068704
1356420507439,0.05722493,-0.24409223,-0.96806216,0.74310374,-0.63713783,0.20457825,-0.6667249,-0.73107755,0.14492568
1356420507479,0.055200577,-0.22952941,-0.9717351,0.7374872,-0.64670277,0.19464877,-0.6731014,-0.72738695,0.13357663
1356420507519,0.064468384,-0.21855032,-0.9736938,0.729188,-0.65579987,0.1954771,-0.6812698,-0.722608,0.11708594
1356420507560,0.08577734,-0.21204224,-0.97348875,0.71812606,-0.66412246,0.20793352,-0.6906064,-0.7169236,0.09530643
1356420507600,0.11835909,-0.20787618,-0.9709679,0.7039664,-0.6720649,0.22969568,-0.70030165,-0.71071535,0.066792846
