1356421101571,-0.12809676,0.09226894,-0.9874603,-0.2970623,0.9463792,0.12696624,0.9462269,0.30960116,-0.093818486
1356421101609,0.1802038,-0.26362178,0.94764453,0.26865128,-0.91359574,-0.3052365,0.94623095,0.30959067,-0.093811095
1356421101648,0.18014324,-0.2635868,0.9476658,0.26859024,-0.91363335,-0.30517763,0.94625986,0.30950946,-0.09378803
1356421101688,0.18012357,-0.2636286,0.94765794,0.26836437,-0.9136958,-0.3051893,0.9463277,0.3092894,-0.09382963
1356421101728,0.1805445,-0.26435345,0.9473758,0.26766354,-0.9136466,-0.30595124,0.94644594,0.30881578,-0.09419608
1356421101767,0.18195838,-0.26641488,0.9465275,0.26641488,-0.9132356,-0.30825937,0.9465275,0.30825937,-0.09519398
1356421101808,0.18459785,-0.27076006,0.94478184,0.2641219,-0.91227186,-0.31304914,0.946659,0.30732572,-0.096889764
1356421101849,0.18815112,-0.27658486,0.94239056,0.26161766,-0.9107452,-0.31952995,0.9466548,0.3066659,-0.09899825
1356421101888,0.19194865,-0.28326634,0.939636,0.2591435,-0.9088289,-0.32691687,0.9465729,0.30625182,-0.10104185
1356421101928,0.195328,-0.2898282,0.93693465,0.25707772,-0.9068007,-0.3341011,0.9464449,0.30612436,-0.10261518
1356421101968,0.19801003,-0.29561332,0.93456125,0.25551036,-0.90491015,-0.3403705,0.94631207,0.30618683,-0.10364902
1356421102008,0.20017815,-0.30045775,0.93255234,0.2542508,-0.90328014,-0.3456031,0.9461951,0.30628437,-0.10442531
1356421102047,0.20212889,-0.3045493,0.93080264,0.2530599,-0.9019024,-0.35004675,0.9460997,0.30630338,-0.105231315
1356421102088,0.20410836,-0.3082635,0.9291466,0.2518871,-0.9006333,-0.35413638,0.94598764,0.30632225,-0.10617918
1356421102129,0.20651895,-0.31224442,0.92728275,0.25068033,-0.89919597,-0.35861677,0.945785,0.30651265,-0.10742748
1356421102168,0.20985854,-0.31715664,0.92486274,0.24930915,-0.8973007,-0.36427516,0.9454123,0.307023,-0.10923615
1356421102209,0.2143321,-0.3233138,0.92169946,0.24777403,-0.89476687,-0.3714838,0.944812,0.30799413,-0.1116685
1356421102249,0.21957904,-0.33043668,0.9179306,0.2463192,-0.8916326,-0.37989217,0.94398725,0.3095203,-0.11439094
1356421102279,0.22463197,-0.33756828,0.9141051,0.24507527,-0.8883546,-0.38828367,0.94312173,0.3112455,-0.1168232
1356421102309,0.22909093,-0.34398746,0.9105987,0.24421917,-0.8852451,-0.39585122,0.9422708,0.31307158,-0.11879328
1356421102339,0.23250121,-0.34932405,0.9076981,0.24376051,-0.8825572,-0.40208644,0.941554,0.31474656,-0.1200442
1356421102379,0.23340577,-0.35236713,0.9062887,0.24417344,-0.88092947,-0.40539193,0.9412232,0.31591243,-0.11957532
1356421102409,0.23222142,-0.3536211,0.90610445,0.24509832,-0.8802353,-0.40634042,0.9412757,0.31644565,-0.11773756
1356421102448,0.22660083,-0.3508759,0.9085913,0.24733676,-0.8815475,-0.40211752,0.94205976,0.3158482,-0.11297488
1356421102498,0.21936226,-0.3463585,0.91209424,0.24985458,-0.88374573,-0.39568442,0.9431081,0.31468916,-0.1073212
1356421102512,0.21099323,-0.34033132,0.91632766,0.25238526,-0.8866776,-0.38743317,0.9443429,0.31301337,-0.10118836
1356421102549,0.20085919,-0.33204228,0.9216309,0.25466132,-0.8907608,-0.3764211,0.94594043,0.31031138,-0.09435916
1356421102579,0.19131655,-0.32237545,0.9270772,0.25635996,-0.8953267,-0.36423856,0.9474585,0.30735034,-0.08864665
1356421102609,0.18339068,-0.31277892,0.9319535,0.25693205,-0.8998278,-0.35255632,0.94886976,0.30410424,-0.0846571
1356421102639,0.177499,-0.30321333,0.9362455,0.25635472,-0.904262,-0.34145635,0.9501454,0.30061913,-0.082775444
1356421102670,0.1737411,-0.2935585,0.9400199,0.2548482,-0.9086184,-0.33085498,0.95124465,0.2970455,-0.0830515
1356421102728,0.1732564,-0.284785,0.9428042,0.25178197,-0.9126632,-0.3219498,0.95214915,0.29316095,-0.08642101
1356421102748,0.17376983,-0.27280712,0.9462454,0.24882637,-0.9175229,-0.31022114,0.9528324,0.2893579,-0.09155619
1356421102788,0.17418528,-0.25787917,0.9503462,0.24632862,-0.92300475,-0.2956086,0.9534053,0.28558812,-0.09725082
1356421102825,0.17343462,-0.24008746,0.95513266,0.24434616,-0.9290163,-0.2778915,0.95405203,0.281579,-0.10245913
1356421102868,0.17068642,-0.21965799,0.96052927,0.24282211,-0.9353919,-0.25705907,0.95493644,0.27711424,-0.10632089
1356421102908,0.16550767,-0.19674759,0.96638376,0.24189632,-0.9418658,-0.23318432,0.9560823,0.27235848,-0.1082935
1356421102947,0.15818036,-0.17233437,0.97225493,0.24149254,-0.94799685,-0.20732403,0.95742375,0.26758692,-0.108337015
1356421102988,0.14974779,-0.14767408,0.9776339,0.24153921,-0.9533604,-0.18100497,0.9587671,0.263242,-0.10709453
1356421103028,0.14182562,-0.12449047,0.9820324,0.2420151,-0.9575934,-0.15634435,0.95985115,0.2598403,-0.1056827
1356421103067,0.13603592,-0.10422839,0.9852059,0.24319182,-0.96051025,-0.13519534,0.9603915,0.25798544,-0.1053164
1356421103108,0.13340569,-0.08756042,0.9871859,0.24552014,-0.9621194,-0.11851604,0.96016806,0.25818473,-0.10685435
1356421103147,0.13389784,-0.07394332,0.9882326,0.24909478,-0.96268475,-0.10578214,0.9591783,0.26032758,-0.110482514
1356421103188,0.13644522,-0.061843,0.9887154,0.25308222,-0.9627548,-0.09514518,0.9577745,0.2632084,-0.11571193
1356421103227,0.13968027,-0.049621247,0.9889526,0.25591278,-0.9630028,-0.0844645,0.9565553,0.26488364,-0.121813774
1356421103268,0.14228195,-0.03592115,0.9891742,0.25690392,-0.9637549,-0.071950905,0.955906,0.26436004,-0.12789664
1356421103308,0.14281255,-0.019708678,0.9895535,0.2577067,-0.96457547,-0.056403495,0.9556107,0.26306972,-0.13267443
1356421103347,0.13992059,-5.0002337E-4,0.9901626,0.2610922,-0.9645898,-0.03738223,0.9551194,0.26375425,-0.13483542
1356421103388,0.1335445,0.020253643,0.99083585,0.2681014,-0.96325034,-0.016444847,0.95408994,0.26784056,-0.13406682
1356421103428,0.12503451,0.039069764,0.99138284,0.2774265,-0.96074253,0.0028728545,0.9525759,0.27467668,-0.13096496
1356421103497,0.11608106,0.051645085,0.9918961,0.28667194,-0.95788974,0.01632543,0.95097023,0.28245372,-0.12599805
1356421103510,0.10730165,0.05472914,0.99271905,0.29424688,-0.9555015,0.020872563,0.9496869,0.2898648,-0.11863077
1356421103549,0.099731505,0.044545695,0.9940168,0.29942077,-0.9540365,0.012712598,0.94889456,0.29636142,-0.1084854
1356421103589,0.0923146,0.0218063,0.995491,0.3028428,-0.95301324,-0.007207617,0.94855905,0.30214268,-0.09458092
1356421103619,0.08887309,-0.01821366,0.99587643,0.3042925,-0.95153594,-0.044558093,0.94842374,0.30699772,-0.07902366
1356421103659,0.077837944,-0.056160428,0.9953829,0.30566356,-0.94898474,-0.077445164,0.94895256,0.31028044,-0.056700826
1356421103699,0.058711648,-0.10026578,0.99322695,0.30531788,-0.9454632,-0.113492,0.9504388,0.30991322,-0.02489677
1356421103739,0.023682296,-0.13845024,0.9900862,0.30269033,-0.94288516,-0.13908999,0.9527947,0.30298346,0.01957792
1356421103779,-0.03667772,-0.1535088,0.9874664,0.29509836,-0.94572973,-0.13605963,0.95476264,0.28640938,0.07998741
1356421103809,-0.10772765,-0.15164036,0.9825477,0.28190002,-0.9523959,-0.1160791,0.9533767,0.2644753,0.14534679
1356421103849,-0.19410098,-0.118004054,0.9738582,0.25635234,-0.964344,-0.0657573,0.946894,0.23688728,0.21743074
1356421103880,-0.2680915,-0.080035284,0.9600631,0.22698076,-0.97373664,-0.017792232,0.93627274,0.21314591,0.27921706
1356421103919,-0.32062995,-0.05020745,0.9458729,0.20506473,-0.97859067,0.017568283,0.92474043,0.1995981,0.32406133
1356421103959,-0.34302276,-0.04116922,0.9384245,0.19913709,-0.97951794,0.029818654,0.91797596,0.19710359,0.3441952
1356421103999,-0.33225048,-0.060936652,0.94122076,0.21091121,-0.9774415,0.01116991,0.9193075,0.20222521,0.33760753
1356421104039,-0.29105866,-0.10634791,0.9507759,0.23383352,-0.9715689,-0.037090793,0.9276889,0.2115277,0.3076513
1356421104069,-0.24194479,-0.14792524,0.9589477,0.25196764,-0.963984,-0.08513008,0.9370032,0.22102703,0.27050328
1356421104109,-0.17056674,-0.20778842,0.9631879,0.26831415,-0.9503676,-0.15750813,0.948111,0.23157132,0.2178537
1356421104139,-0.10363692,-0.24879795,0.9629948,0.27240938,-0.9382869,-0.2130979,0.95658374,0.24024397,0.16501611
1356421104169,-0.041189373,-0.2805252,0.9589625,0.26851082,-0.92757756,-0.2598111,0.9623956,0.24679033,0.1135304
1356421104199,0.014646351,-0.30243516,0.9530574,0.2592407,-0.91941804,-0.2957443,0.9657017,0.25140285,0.06493738
1356421104229,0.06322169,-0.3155953,0.9467854,0.24738029,-0.9141208,-0.32122594,0.9668537,0.25452453,0.020279795
1356421104259,0.104418576,-0.3212357,0.94122493,0.23522855,-0.91156834,-0.3372101,0.9663148,0.256614,-0.019620866
1356421104299,0.14085841,-0.3228283,0.935917,0.22309129,-0.9106788,-0.34769872,0.9645668,0.25777122,-0.056256592
1356421104329,0.16764885,-0.3128571,0.93488735,0.21408778,-0.91412455,-0.34430024,0.96232027,0.2578695,-0.086273044
1356421104369,0.1845054,-0.2962404,0.9371229,0.20727724,-0.9203184,-0.331738,0.9607257,0.25545168,-0.10839984
1356421104399,0.1912123,-0.26903465,0.94395876,0.20412537,-0.9297783,-0.30634162,0.96008885,0.25126222,-0.12286824
1356421104439,0.1842196,-0.23235498,0.9550258,0.20279194,-0.94176406,-0.26824594,0.9617373,0.2430877,-0.12637168
1356421104497,0.17056167,-0.18895066,0.9670607,0.20340943,-0.9535501,-0.22218643,0.96412313,0.23460574,-0.124204755
1356421104510,0.14880747,-0.14236665,0.9785643,0.20541456,-0.96354586,-0.17141849,0.9672958,0.2265197,-0.11413863
1356421104549,0.12493795,-0.097145826,0.9873972,0.20837009,-0.970431,-0.121842206,0.97003734,0.22096676,-0.10100138
1356421104589,0.10334033,-0.06112273,0.99276626,0.21123411,-0.9739936,-0.08195499,0.9719573,0.21817535,-0.08774161
1356421104619,0.087830424,-0.040728226,0.99530244,0.213111,-0.97526217,-0.05871415,0.9730722,0.2172668,-0.07697806
1356421104659,0.07709426,-0.032572463,0.9964916,0.21693338,-0.97497326,-0.0486523,0.97313744,0.21992311,-0.06809878
1356421104689,0.07273722,-0.04506877,0.99633235,0.22110173,-0.97339267,-0.060172632,0.9725345,0.2246676,-0.06083709
1356421104719,0.07179779,-0.0674887,0.99513334,0.22703207,-0.97041273,-0.082192294,0.9712371,0.23182839,-0.05435139
1356421104759,0.07167369,-0.0981438,0.99258786,0.23702161,-0.9649654,-0.11252766,0.9688569,0.24333003,-0.045900434
1356421104798,0.0700956,-0.14362758,0.98714626,0.24802396,-0.9559953,-0.15670696,0.96621466,0.25582036,-0.031387985
1356421104839,0.056380093,-0.1890055,0.9803562,0.25825188,-0.94574016,-0.1971838,0.96443105,0.26429605,-0.004509896
1356421104879,0.01926881,-0.21798055,0.9757629,0.26587674,-0.93968654,-0.21517166,0.96381444,0.26357874,0.03984925
1356421104918,-0.042877614,-0.22052056,0.97443944,0.26846427,-0.9420074,-0.20136797,0.96233493,0.25296798,0.099592865
1356421104957,-0.11615336,-0.20010325,0.97286534,0.26496467,-0.95024115,-0.16381489,0.95723665,0.23874731,0.16339406
1356421104998,-0.17968994,-0.17074901,0.9687911,0.25914147,-0.95825183,-0.12082629,0.9489769,0.22934268,0.21643645
1356421105037,-0.21823835,-0.14762026,0.9646659,0.25690758,-0.9623163,-0.08913996,0.94147253,0.22837621,0.24793908
1356421105077,-0.22579241,-0.14047956,0.96399343,0.26130384,-0.9620193,-0.0789877,0.93847644,0.23406036,0.25392452
1356421105118,-0.20431864,-0.1505311,0.96726125,0.2706371,-0.9582787,-0.09196537,0.94074947,0.24298653,0.23653343
1356421105157,-0.16030586,-0.17277282,0.97182894,0.28038317,-0.95197576,-0.122993335,0.94640756,0.25276792,0.20104995
1356421105197,-0.102252424,-0.19971094,0.97450495,0.28586903,-0.9442161,-0.16350812,0.95279765,0.26186168,0.15363955
1356421105237,-0.039298773,-0.22416852,0.9737577,0.28455314,-0.93667144,-0.20414694,0.95785445,0.26906306,0.10059795
1356421105278,0.020514727,-0.24113944,0.9702737,0.2769939,-0.93111753,-0.23726465,0.96065265,0.2736273,0.047692537
1356421105318,0.07159495,-0.24831706,0.9660294,0.26554656,-0.9288155,-0.25843158,0.96143603,0.2750282,-5.5876374E-4
1356421105358,0.1113528,-0.24597849,0.9628578,0.2519064,-0.9302531,-0.26678157,0.9613239,0.2722569,-0.041622728
1356421105397,0.13830298,-0.23457877,0.9622085,0.23666506,-0.9355706,-0.2621017,0.96169746,0.26397055,-0.073875606
1356421105456,0.15175068,-0.21472904,0.9648125,0.21996725,-0.9443019,-0.2447618,0.96363175,0.24936992,-0.096065104
1356421105513,0.15329015,-0.18812472,0.97010887,0.20381513,-0.9545845,-0.21731973,0.9669341,0.23103583,-0.107985735
1356421105532,0.1452024,-0.15723723,0.9768279,0.19137889,-0.964182,-0.18364954,0.9707164,0.21361059,-0.10990965
1356421105555,0.1351474,-0.12762621,0.9825715,0.18587103,-0.97079885,-0.15166263,0.97323537,0.20312838,-0.10747892
1356421105598,0.12473327,-0.10306571,0.9868227,0.18883431,-0.9739451,-0.12558919,0.97405505,0.20201114,-0.10202101
1356421105638,0.11614001,-0.08654296,0.98945534,0.19786674,-0.9742128,-0.1084349,0.9733244,0.20837392,-0.096021116
1356421105678,0.11039281,-0.08085717,0.99059355,0.21077375,-0.97211057,-0.10283735,0.9712815,0.22014362,-0.09027144
1356421105718,0.10777897,-0.08826264,0.99024916,0.22609985,-0.9677743,-0.110868186,0.9681232,0.23584446,-0.08434954
1356421105758,0.10806632,-0.10970421,0.9880722,0.24286248,-0.960866,-0.13324562,0.9640226,0.25436503,-0.077194214
1356421105798,0.10917556,-0.14329019,0.98364055,0.26036745,-0.950884,-0.16741699,0.9593172,0.2743858,-0.06650519
1356421105838,0.10479128,-0.18288003,0.9775345,0.27789098,-0.93840724,-0.20534976,0.9548798,0.29316688,-0.047516197
1356421105878,0.08315116,-0.21691053,0.9726437,0.2945058,-0.9270795,-0.23192646,0.95202535,0.30573416,-0.013206333
1356421105918,0.032755136,-0.23226543,0.97210073,0.30769438,-0.92304075,-0.23091127,0.9509213,0.30667347,0.041232437
1356421105958,-0.0456115,-0.22249913,0.9738654,0.31210428,-0.92925245,-0.19768885,0.9489523,0.29493067,0.11182746
1356421105998,-0.131868,-0.19521126,0.97185564,0.30460724,-0.9409605,-0.14767434,0.9433055,0.27656078,0.18354535
1356421106038,-0.20076227,-0.16677018,0.9653405,0.2903343,-0.95126176,-0.10395701,0.9356284,0.25940078,0.23939657
1356421106078,-0.23610437,-0.15247725,0.9596902,0.27866858,-0.9567546,-0.08345238,0.93091273,0.24773204,0.26838464
1356421106118,-0.23481017,-0.15856366,0.9590213,0.27455473,-0.95725125,-0.091048054,0.9324612,0.24192479,0.26830673
1356421106158,-0.2024262,-0.18190858,0.96225405,0.27616748,-0.95331925,-0.12212306,0.9395505,0.24102238,0.24321395
1356421106198,-0.1477099,-0.21481699,0.9654197,0.2781365,-0.9457558,-0.16788645,0.9491163,0.24371998,0.19944608
1356421106238,-0.08055854,-0.24881302,0.9651955,0.2754776,-0.93618315,-0.21834177,0.9579261,0.24830046,0.14396003
1356421106278,-0.010669112,-0.2773275,0.9607163,0.26646176,-0.92681926,-0.26458335,0.96378654,0.25317127,0.083785444
1356421106318,0.05390352,-0.29684442,0.9534033,0.25264108,-0.919672,-0.30062592,0.96605736,0.25707364,0.02542147
1356421106358,0.10763192,-0.30668974,0.9457044,0.23649193,-0.9160282,-0.32398129,0.9656536,0.2585222,-0.026064217
1356421106397,0.1471932,-0.3076084,0.9400592,0.21995768,-0.91643333,-0.33431816,0.96434057,0.25598258,-0.06723192
1356421106438,0.17109603,-0.30081025,0.9382107,0.20415244,-0.9207614,-0.33244574,0.96387136,0.24841815,-0.09612748
1356421106496,0.1803031,-0.2877679,0.94057447,0.19035605,-0.92795974,-0.32039866,0.9650157,0.23681292,-0.112535655
1356421106519,0.17829376,-0.27082333,0.9459736,0.1800403,-0.93616873,-0.30194965,0.9673659,0.22414912,-0.11815393
1356421106559,0.16984183,-0.25264314,0.9525361,0.17525743,-0.9434277,-0.28147653,0.9697621,0.21474554,-0.11595589
1356421106599,0.15916616,-0.23598066,0.958634,0.17642266,-0.9485841,-0.26279894,0.97136045,0.21095346,-0.109350145
1356421106639,0.14901233,-0.22353637,0.96323764,0.18170097,-0.9513368,-0.24888362,0.971998,0.21210794,-0.101144135
1356421106679,0.14098996,-0.21787119,0.96574014,0.18915546,-0.9515852,-0.24229294,0.9717726,0.21683589,-0.09295243
1356421106719,0.13548934,-0.22081591,0.9658587,0.19815572,-0.9491127,-0.24478446,0.97076106,0.2245561,-0.08483872
1356421106759,0.13217711,-0.23317221,0.96341056,0.2087667,-0.94358826,-0.25701684,0.96899205,0.23509979,-0.076042175
1356421106799,0.12990797,-0.25414,0.9584033,0.22123629,-0.9347962,-0.27786785,0.9665291,0.2481308,-0.06521249
1356421106839,0.12551588,-0.28089878,0.9514944,0.23551527,-0.9232262,-0.30362135,0.96373147,0.26220077,-0.049723595
1356421106878,0.11144394,-0.30745465,0.94501424,0.2515759,-0.91123396,-0.32613233,0.9613999,0.27408823,-0.02420333
1356421106918,0.07794404,-0.32642883,0.94200265,0.26798946,-0.9032399,-0.33517078,0.9602637,0.27857134,0.017077267
1356421106958,0.01845789,-0.32961664,0.94393444,0.28132656,-0.9042399,-0.3212566,0.9594346,0.27148357,0.07603943
1356421106998,-0.060861945,-0.31371072,0.94756603,0.28681394,-0.91478616,-0.2844363,0.956051,0.2544638,0.14565232
1356421107037,-0.14052069,-0.283638,0.94857967,0.283638,-0.92946154,-0.23590384,0.94857967,0.23590384,0.21105915
1356421107083,-0.19984668,-0.25134042,0.94704247,0.2763004,-0.9417716,-0.19163615,0.9400636,0.22337037,0.25765532
1356421107128,-0.22336715,-0.22743842,0.9478285,0.27134898,-0.9484672,-0.16364506,0.9362034,0.22063938,0.2735716
1356421107168,-0.21606863,-0.21353915,0.952741,0.26900488,-0.95104474,-0.15215234,0.9385898,0.22341664,0.26293394
1356421107208,-0.18032575,-0.21491411,0.9598409,0.26932216,-0.9493331,-0.16196369,0.946017,0.22930022,0.22907034
1356421107248,-0.12415588,-0.22718151,0.9659057,0.26864603,-0.94477785,-0.18768091,0.95520395,0.23618506,0.17833114
1356421107287,-0.05746448,-0.24427606,0.96800154,0.26316848,-0.9390162,-0.22133884,0.96303695,0.24202839,0.11824584
1356421107327,0.00950253,-0.26029012,0.9654837,0.25171426,-0.9338134,-0.2542294,0.967755,0.24544187,0.056645095
1356421107367,0.069303334,-0.2716648,0.95989335,0.23607326,-0.9304111,-0.2803651,0.9692608,0.2460354,-3.477931E-4
1356421107407,0.117571,-0.2766976,0.9537377,0.21922344,-0.9294733,-0.29668257,0.96856505,0.2439629,-0.048620492
1356421107448,0.15319479,-0.27548668,0.9490198,0.20336717,-0.9310102,-0.30308717,0.9670435,0.23943084,-0.08660096
1356421107496,0.17664129,-0.2684459,0.94696075,0.18988502,-0.9347221,-0.30039668,0.96578544,0.23287612,-0.114136666
1356421107528,0.18875349,-0.25598955,0.94807255,0.17924295,-0.9402279,-0.28955725,0.9655279,0.22459027,-0.13158697
1356421107569,0.19063848,-0.23834172,0.95228684,0.17163193,-0.94704324,-0.27138835,0.96654,0.21517989,-0.13963583
1356421107609,0.18465966,-0.21677896,0.95859677,0.16798368,-0.9540556,-0.24811164,0.96834,0.2068448,-0.13976026
1356421107648,0.17372859,-0.19372422,0.9655513,0.16967854,-0.95990926,-0.22312194,0.9700658,0.20259598,-0.13389283
1356421107688,0.16070116,-0.17244741,0.9718215,0.17635655,-0.9637566,-0.20017879,0.9711197,0.20355605,-0.12446457
1356421107728,0.1480012,-0.15675925,0.9764846,0.18576537,-0.9653776,-0.1831318,0.971384,0.20850076,-0.1137566
1356421107768,0.13717079,-0.15040118,0.9790627,0.19584173,-0.9647771,-0.17564493,0.9709945,0.21583468,-0.10288441
1356421107808,0.12868887,-0.15613058,0.9793173,0.20603454,-0.9617707,-0.18040746,0.9700458,0.22498962,-0.091600895
1356421107848,0.12252581,-0.1754866,0.9768274,0.21664548,-0.95577806,-0.19887945,0.9685309,0.23599312,-0.079089105
1356421107888,0.11744887,-0.20768085,0.97112024,0.22813323,-0.9460932,-0.22991945,0.9665201,0.24854855,-0.063738674
1356421107928,0.10949701,-0.2487175,0.9623669,0.24064098,-0.93275386,-0.26844403,0.9644181,0.26097873,-0.042282134
1356421107968,0.090299726,-0.28976083,0.95282984,0.25426948,-0.91832304,-0.30336425,0.9629086,0.26966926,-0.009246975
1356421108008,0.050139606,-0.31963116,0.94621456,0.26798618,-0.9083581,-0.32104373,0.9621172,0.2696694,0.04011196
1356421108048,-0.014880717,-0.32897857,0.9442202,0.27808455,-0.90843064,-0.3121265,0.96044135,0.2579284,0.10500184
1356421108088,-0.092068255,-0.31969532,0.94303685,0.28039238,-0.91706043,-0.2835146,0.95546,0.23831764,0.17407215
1356421108128,-0.15818858,-0.30445415,0.93929964,0.2768612,-0.92679363,-0.25377408,0.9477996,0.21991146,0.23089978
1356421108168,-0.19526458,-0.29793334,0.9344023,0.2740698,-0.9313615,-0.23969069,0.9416781,0.20928833,0.26351637
1356421108208,-0.19771242,-0.30794424,0.93063426,0.27546751,-0.92857224,-0.2487391,0.94075894,0.20718071,0.26841897
1356421108248,-0.1695649,-0.3333512,0.92742914,0.2789743,-0.9188014,-0.2792443,0.94520956,0.21137886,0.24879283
1356421108288,-0.120128036,-0.36694336,0.92245424,0.27971005,-0.9040499,-0.32319662,0.95253956,0.21919474,0.21123949
1356421108328,-0.0578714,-0.40235397,0.91365325,0.27338353,-0.8865908,-0.37311992,0.96016276,0.22818479,0.16130507
1356421108368,0.0069823265,-0.4322483,0.9017276,0.2585594,-0.870304,-0.4191873,0.9659701,0.23607706,0.105685115
1356421108408,0.0681203,-0.45418617,0.88829875,0.23729017,-0.85744095,-0.4566055,0.96904755,0.24188869,0.049364716
1356421108445,0.12058425,-0.46638715,0.8763232,0.21383834,-0.8498371,-0.48171568,0.969398,0.24547881,-0.0027454793
1356421108488,0.16259271,-0.469589,0.8677844,0.19156729,-0.84772867,-0.4946292,0.96791816,0.2466622,-0.047876596
1356421108529,0.19293946,-0.46365675,0.8647524,0.17281404,-0.85147786,-0.4950967,0.9658725,0.24496505,-0.08415729
1356421108569,0.21160704,-0.44938117,0.86791646,0.15808426,-0.86059546,-0.48413312,0.9644853,0.23964989,-0.11106798
1356421108608,0.22462672,-0.4586237,0.8597716,0.13981915,-0.85801995,-0.49421895,0.96436167,0.23122732,-0.12860984
1356421108648,0.21953589,-0.40449154,0.88780093,0.14170934,-0.88712895,-0.43922734,0.96525764,0.22223586,-0.13743642
1356421108688,0.21088934,-0.35716158,0.9099238,0.1471764,-0.908646,-0.3907705,0.96636677,0.21632867,-0.139058
1356421108728,0.20054907,-0.31602243,0.9273132,0.15674734,-0.92399895,-0.3487925,0.9670627,0.2153039,-0.13577145
1356421108768,0.19025081,-0.28293213,0.94008195,0.16842249,-0.93396854,-0.31517705,0.9671807,0.21829364,-0.13003615
1356421108808,0.18118304,-0.26093614,0.948201,0.1801321,-0.939042,-0.29283544,0.96681184,0.22385825,-0.12313551
1356421108848,0.17374825,-0.25282732,0.95178246,0.19122085,-0.93942606,-0.28445247,0.9660467,0.23142378,-0.11487779
1356421108888,0.16822606,-0.26058182,0.9506824,0.20186196,-0.93488216,-0.29197103,0.9648584,0.24102376,-0.10466999
1356421108928,0.1643824,-0.28409746,0.94459885,0.21266432,-0.9248973,-0.31518063,0.96319896,0.2526926,-0.09161943
1356421108968,0.15983504,-0.32003176,0.9338268,0.22461437,-0.9093835,-0.35010013,0.9612498,0.2657092,-0.07346761
1356421109008,0.14844805,-0.36050716,0.920868,0.23933722,-0.8904055,-0.38716376,0.95952123,0.27787167,-0.045896173
1356421109047,0.120972574,-0.3938989,0.9111582,0.25798482,-0.87388206,-0.41203633,0.95854545,0.2849101,-0.004095823
1356421109088,0.067946434,-0.40696126,0.9109149,0.2785346,-0.86898434,-0.4090046,0.95801973,0.2815117,0.054308385
1356421109128,-0.007219076,-0.39497137,0.9186651,0.29317284,-0.8791552,-0.37568066,0.9560322,0.2666156,0.12214151
1356421109168,-0.08686894,-0.3641283,0.9272887,0.2953512,-0.8983731,-0.32510504,0.9514312,0.2456343,0.18558651
1356421109208,-0.14861107,-0.33023143,0.9321277,0.28751725,-0.9163037,-0.27878585,0.9461758,0.22657211,0.23112002
1356421109248,-0.17960644,-0.30736536,0.9344881,0.27736896,-0.9272172,-0.25166416,0.94382626,0.21399751,0.25178772
1356421109288,-0.179371,-0.3003427,0.9368139,0.26949218,-0.93083346,-0.24682592,0.9461501,0.20819063,0.24790454
1356421109328,-0.15459156,-0.30571565,0.9394889,0.26345673,-0.9292437,-0.25903037,0.95220375,0.20747077,0.22419608
1356421109368,-0.113364756,-0.31743258,0.94148016,0.2565304,-0.9248104,-0.280923,0.95986485,0.20967156,0.18627208
1356421109408,-0.06271106,-0.33040768,0.9417526,0.24643636,-0.91951764,-0.30619654,0.96712786,0.21288016,0.13908845
1356421109448,-0.009131849,-0.34043843,0.9402225,0.23303962,-0.9150961,-0.32907724,0.9724244,0.21610405,0.08769205
1356421109496,0.04223764,-0.3452118,0.93757385,0.21832234,-0.9125437,-0.34583122,0.9749622,0.2193004,0.03682381
1356421109529,0.08796859,-0.3439293,0.93486583,0.20467,-0.9122398,-0.35486433,0.9748701,0.2225559,-0.009856433
1356421109568,0.12572104,-0.33616585,0.9333738,0.1936047,-0.9144353,-0.35542256,0.972991,0.22538966,-0.049880475
1356421109608,0.15374625,-0.32132292,0.9344055,0.18571238,-0.9194,-0.34671977,0.97050136,0.22683755,-0.081680655
1356421109648,0.17113698,-0.29916272,0.93872994,0.18099828,-0.9270241,-0.32842946,0.9684791,0.22611493,-0.104500175
1356421109688,0.17775673,-0.26942948,0.9464726,0.17937659,-0.9368053,-0.30036622,0.967588,0.22316714,-0.1181941
1356421109728,0.17495543,-0.2331728,0.95656735,0.18099222,-0.9473788,-0.26403636,0.9677977,0.21932584,-0.1235466
1356421109768,0.16543263,-0.19312254,0.9671275,0.18637809,-0.956847,-0.22295068,0.9684499,0.2171347,-0.12229991
1356421109808,0.15221745,-0.15332231,0.9763822,0.19508937,-0.9637963,-0.18176027,0.96890146,0.21814887,-0.11679506
1356421109848,0.1382966,-0.118891984,0.98322874,0.20491737,-0.9678508,-0.14585525,0.96895975,0.22165191,-0.109487444
1356421109888,0.12609166,-0.09502669,0.98745674,0.2139133,-0.96937925,-0.120602325,0.96868056,0.22643708,-0.10190317
1356421109928,0.116680145,-0.08573091,0.98946244,0.22180492,-0.96885514,-0.11010127,0.9680849,0.23231427,-0.09403062
1356421109968,0.110122144,-0.093328446,0.9895266,0.22933349,-0.9663312,-0.116662726,0.96709836,0.23977874,-0.085011125
1356421110008,0.105918646,-0.11843757,0.9872962,0.23723228,-0.96120137,-0.14075786,0.9656615,0.24912742,-0.07371193
1356421110048,0.10209775,-0.159017,0.98198247,0.24582714,-0.9524919,-0.17980036,0.96392167,0.25975516,-0.05815658
1356421110088,0.09364295,-0.20833059,0.97356534,0.25506413,-0.9402075,-0.22572593,0.962379,0.26945922,-0.03490615
1356421110128,0.07152784,-0.25328058,0.9647449,0.26428795,-0.92783886,-0.26318616,0.9617877,0.2737956,5.726516E-4
1356421110168,0.026874244,-0.27848354,0.960065,0.27093127,-0.92243564,-0.27515244,0.96222353,0.26750612,0.050660074
1356421110208,-0.03964573,-0.27520588,0.96056753,0.27022657,-0.9284546,-0.2548523,0.96198016,0.24946707,0.111177206
1356421110248,-0.111955285,-0.25055173,0.96160793,0.2598587,-0.94140023,-0.21503244,0.9591347,0.22580816,0.17050284
1356421110288,-0.16837633,-0.22371674,0.96000016,0.24510714,-0.9528182,-0.17905323,0.9547628,0.20515455,0.21526653
1356421110327,-0.19585109,-0.21209347,0.957423,0.23437893,-0.9581587,-0.16431174,0.9522126,0.19221914,0.23736674
1356421110368,-0.19167715,-0.22375743,0.95561105,0.23209207,-0.9563827,-0.17738493,0.9536211,0.1877891,0.23524904
1356421110408,-0.16178465,-0.25313538,0.95380723,0.23585466,-0.9484475,-0.21170731,0.9582267,0.19070889,0.21314734
1356421110448,-0.11341262,-0.29170862,0.94975984,0.24026355,-0.935608,-0.2586717,0.9640597,0.19885603,0.1761967
1356421110497,-0.055146456,-0.32919177,0.9426514,0.23992935,-0.9207951,-0.30752292,0.9692228,0.20921092,0.12976134
1356421110529,0.005349219,-0.35844773,0.93353444,0.23296458,-0.90741396,-0.3497532,0.97247046,0.21935135,0.078651726
1356421110569,0.060337543,-0.37324548,0.9257685,0.22149593,-0.8993297,-0.37702218,0.9732928,0.22780254,0.028408945
1356421110609,0.10617459,-0.3736446,0.9214753,0.20917875,-0.89758277,-0.3880586,0.9720963,0.23395503,-0.017141968
1356421110649,0.14136493,-0.36106732,0.9217626,0.19872937,-0.90180856,-0.38372895,0.96980536,0.23742715,-0.05572942
1356421110689,0.16554874,-0.33727977,0.92673403,0.191353,-0.9108564,-0.36568385,0.9674594,0.23787183,-0.08625165
1356421110729,0.17880511,-0.30358598,0.9358762,0.18703595,-0.9233718,-0.33526412,0.96594316,0.23498942,-0.108322114
1356421110768,0.18186301,-0.26137656,0.9479494,0.18526681,-0.9376528,-0.29408067,0.96571326,0.22910595,-0.122099966
1356421110808,0.17654186,-0.21305206,0.9609588,0.18643573,-0.95138246,-0.2451798,0.9664754,0.22244155,-0.12823832
1356421110848,0.16541022,-0.16213931,0.9728054,0.19194157,-0.9622389,-0.19301483,0.96736646,0.21864843,-0.12804288
1356421110888,0.15103531,-0.11279276,0.9820724,0.20205337,-0.9689723,-0.14236248,0.96765846,0.21993276,-0.12355888
1356421110928,0.13573307,-0.06962184,0.9882962,0.21491271,-0.97170705,-0.09796941,0.96715516,0.2256951,-0.11693016
1356421110968,0.12132251,-0.03717863,0.99191666,0.22819522,-0.97148824,-0.06432375,0.9660268,0.23415455,-0.10937941
1356421111008,0.108900726,-0.019335821,0.99386454,0.24042533,-0.96961427,-0.04520814,0.9645394,0.2438734,-0.10094288
1356421111048,0.09902763,-0.01903285,0.9949027,0.25090122,-0.967036,-0.043473206,0.9629341,0.25392735,-0.09098792
1356421111088,0.09099954,-0.03699489,0.9951635,0.25947917,-0.96391034,-0.05956029,0.9614518,0.26364413,-0.078116
1356421111128,0.08141714,-0.070187524,0.99420565,0.26608843,-0.9597803,-0.08954763,0.9605041,0.27183732,-0.05946648
1356421111168,0.06222564,-0.10855529,0.992141,0.27068934,-0.9549729,-0.12146578,0.96065354,0.27612028,-0.030039042
1356421111208,0.022409499,-0.13568106,0.9904991,0.2728707,-0.95230037,-0.13662207,0.96178967,0.2733398,0.015682817
1356421111248,-0.041831255,-0.13846803,0.98948306,0.27057585,-0.95491254,-0.122191414,0.9617894,0.26261884,0.077411294
1356421111288,-0.11995244,-0.1162738,0.9859472,0.26124412,-0.96181375,-0.0816442,0.9577907,0.24777946,0.14574781
1356421111325,-0.18840337,-0.08725932,0.9782075,0.24856278,-0.9678519,-0.038462214,0.9501161,0.23589957,0.20403597
1356421111368,-0.2282204,-0.07350011,0.9708312,0.24204291,-0.9701244,-0.0165478,0.9430433,0.23120627,0.23919237
1356421111408,-0.23179996,-0.0899683,0.9685941,0.24772057,-0.9683462,-0.030661799,0.940693,0.23283327,0.24674967
1356421111448,-0.20075119,-0.13917375,0.96970594,0.26253337,-0.9612932,-0.08361595,0.9438089,0.23779416,0.2295185
1356421111496,-0.1439783,-0.20933458,0.9671863,0.2761425,-0.9470442,-0.16386768,0.9502713,0.24348783,0.19415998
1356421111529,-0.07264656,-0.28461862,0.9558843,0.27903944,-0.925942,-0.25449634,0.9575278,0.24824113,0.14668632
1356421111569,-6.378293E-4,-0.34728816,0.93775827,0.268037,-0.90350395,-0.33442014,0.9634084,0.2511406,0.09366235
1356421111609,0.06384671,-0.390678,0.9183105,0.24751608,-0.8852369,-0.39381632,0.9667778,0.25244048,0.04017967
1356421111649,0.117441595,-0.41436082,0.90250355,0.22422719,-0.87425977,-0.4305718,0.9674346,0.25293285,-0.009763508
1356421111689,0.1595918,-0.42067802,0.8930624,0.20312755,-0.8713052,-0.44672853,0.9660588,0.2526998,-0.05360186
1356421111729,0.19028932,-0.41154224,0.8913041,0.18651146,-0.8762031,-0.444389,0.9638483,0.2508009,-0.08997476
1356421111769,0.209266,-0.38767856,0.89772666,0.17519063,-0.888336,-0.42446136,0.96203744,0.24609864,-0.11798087
1356421111809,0.21613419,-0.3486119,0.9120064,0.1698007,-0.90642965,-0.38672084,0.96148515,0.23844291,-0.13671589
1356421111849,0.2121045,-0.29680955,0.9310832,0.1701294,-0.92699736,-0.33426327,0.96232414,0.22930336,-0.14612427
1356421111889,0.20007998,-0.23757303,0.9505404,0.1760008,-0.9456617,-0.2734002,0.96384215,0.22199778,-0.14739493
1356421111929,0.18279839,-0.17754892,0.9669856,0.18701407,-0.9593205,-0.21149457,0.9651997,0.21950078,-0.14215809
1356421111968,0.16368085,-0.12502,0.97855943,0.20079997,-0.9669495,-0.15712397,0.96586126,0.2222129,-0.13316712
1356421112008,0.14627773,-0.08884775,0.9852456,0.21476904,-0.9693511,-0.1193008,0.96564853,0.2290513,-0.12271273
1356421112048,0.13331848,-0.07640507,0.9881237,0.22757381,-0.9680228,-0.105555266,0.9645913,0.23894355,-0.11166754
1356421112089,0.12624055,-0.09293843,0.9876364,0.2390472,-0.96341246,-0.12121412,0.9627667,0.25139385,-0.09940505
1356421112128,0.12797612,-0.1470455,0.9808159,0.2471002,-0.95303404,-0.17512184,0.9605018,0.26477122,-0.085630625
1356421112168,0.13539124,-0.23095849,0.9634975,0.2523864,-0.9323327,-0.2589535,0.9581077,0.2782337,-0.067938894
1356421112208,0.14453316,-0.3406461,0.92901576,0.25452,-0.8944848,-0.36758184,0.95620584,0.28958088,-0.04258147
1356421112248,0.1437667,-0.45249358,0.8801027,0.25780615,-0.8415079,-0.47476375,0.9554408,0.2951511,-0.004325241
1356421112288,0.1208877,-0.53979653,0.8330701,0.26942152,-0.7898812,-0.55090797,0.9554047,0.29104498,0.04994592
1356421112327,0.075182736,-0.59322715,0.8015168,0.2906657,-0.75584847,-0.5866912,0.95386636,0.27708244,0.11560401
1356421112368,0.021485329,-0.6241963,0.780972,0.3141979,-0.7373584,-0.59798175,0.9491143,0.2582276,0.18027884
1356421112408,-0.014481127,-0.6576215,0.75320935,0.33229053,-0.71364015,-0.61668533,0.9430659,0.24135403,0.2288557
1356421112448,-0.017937899,-0.70566547,0.70831805,0.34089622,-0.6703,-0.6591568,0.9399298,0.22963907,0.25258246
1356421112497,0.006685972,-0.7597004,0.6502389,0.33553588,-0.61085045,-0.7171314,0.9420037,0.22297321,0.25082263
1356421112529,0.046173453,-0.8060672,0.5900201,0.31303573,-0.549224,-0.77483016,0.94861835,0.220474,0.22696817
1356421112569,0.08760077,-0.8370855,0.5400128,0.2760068,-0.5004773,-0.8205745,0.9571553,0.22093019,0.18719918
1356421112609,0.12740242,-0.8555749,0.5017572,0.22788423,-0.46709663,-0.8543358,0.9653173,0.22318706,0.13546272
1356421112648,0.16318762,-0.8639716,0.4763643,0.1748394,-0.4498695,-0.8758131,0.9709794,0.22620907,0.07764314
1356421112688,0.1950525,-0.8657502,0.4609025,0.12245661,-0.44475466,-0.8872416,0.9731181,0.22949931,0.019266322
1356421112728,0.22263843,-0.86288446,0.45372072,0.07559562,-0.44872034,-0.8904692,0.9719658,0.23255196,-0.03467208
1356421112768,0.24502552,-0.8562453,0.4547598,0.03782335,-0.4602589,-0.8869786,0.9687785,0.23453295,-0.08038907
1356421112808,0.26130992,-0.8458799,0.4649778,0.011413008,-0.47897375,-0.87775505,0.9651875,0.23467293,-0.11550656
1356421112848,0.27108133,-0.83119935,0.48540977,-0.002308309,-0.50485224,-0.86320275,0.96255374,0.23287767,-0.13877471
1356421112888,0.27433032,-0.8110188,0.516712,-0.0030140579,-0.5380488,-0.84290826,0.96163076,0.22967792,-0.15004753
1356421112928,0.27172214,-0.78419626,0.557856,0.007862061,-0.57783735,-0.81611407,0.96234363,0.22614217,-0.15084581
1356421112968,0.26482844,-0.75087655,0.6050209,0.027343929,-0.6213228,-0.7830774,0.9639077,0.22392482,-0.14401202
1356421113008,0.25516546,-0.7128322,0.6532693,0.051862568,-0.6645717,-0.7454225,0.9655055,0.22408631,-0.13260645
1356421113048,0.2436617,-0.6735271,0.69784683,0.07739821,-0.7037347,-0.70623434,0.966767,0.22609435,-0.1193434
1356421113088,0.23181528,-0.6390352,0.7334137,0.100182414,-0.7342588,-0.6714369,0.96758723,0.22912449,-0.1061923
1356421113128,0.2219165,-0.6169326,0.75508094,0.11822991,-0.75165105,-0.64887774,0.9678712,0.23326986,-0.093863875
1356421113168,0.21594524,-0.6128937,0.7600848,0.13140693,-0.7531274,-0.6446172,0.96752256,0.23908243,-0.0820958
1356421113208,0.21452093,-0.62773466,0.74828476,0.14088437,-0.73822165,-0.65968204,0.9665052,0.24693725,-0.06992599
1356421113248,0.21559417,-0.6561764,0.72315395,0.1493249,-0.7097052,-0.6884915,0.964998,0.2564196,-0.055024803
1356421113288,0.21315813,-0.6879492,0.69375026,0.16150507,-0.67548984,-0.7194647,0.96357656,0.26540393,-0.032878824
1356421113328,0.19769484,-0.7117849,0.6740023,0.183442,-0.6485627,-0.73872554,0.9629464,0.26968253,0.0023537576
1356421113368,0.1605705,-0.7199544,0.675191,0.2176998,-0.64138776,-0.7356824,0.962717,0.26511782,0.053745933
1356421113408,0.10122007,-0.71000946,0.6968795,0.25839514,-0.6576754,-0.707598,0.96072185,0.2516934,0.11689311
1356421113448,0.03186953,-0.6858494,0.7270453,0.29395345,-0.68881226,-0.66266805,0.9552883,0.23483634,0.17965576
1356421113496,-0.027806818,-0.6571747,0.7532252,0.31689954,-0.7204443,-0.616875,0.94805145,0.22154339,0.22829157
1356421113529,-0.062325478,-0.63424957,0.7706121,0.3271482,-0.7424382,-0.58460206,0.94291544,0.21566878,0.25376642
1356421113569,-0.0681448,-0.6199106,0.78170776,0.326919,-0.754144,-0.569553,0.94259226,0.21674305,0.25405163
1356421113609,-0.049866736,-0.6115818,0.7896082,0.317715,-0.759237,-0.5679933,0.9468741,0.2225464,0.23216939
1356421113649,-0.0146814585,-0.6048541,0.79620093,0.30092317,-0.7620422,-0.57335573,0.9535354,0.23117758,0.19320256
1356421113689,0.030361176,-0.59615093,0.80229807,0.27867305,-0.76579267,-0.5795712,0.959906,0.24117534,0.14288089
1356421113728,0.07938546,-0.5838446,0.80797493,0.25373495,-0.7720013,-0.58278,0.9640107,0.25127572,0.0868561
1356421113769,0.12686783,-0.56686836,0.81398076,0.22936909,-0.7816053,-0.58007133,0.96503586,0.26029438,0.030861614
1356421113809,0.16889286,-0.5453993,0.82098407,0.20807911,-0.79444695,-0.57057613,0.9634201,0.26719588,-0.0206902
1356421113848,0.2029618,-0.51980484,0.8298249,0.19104902,-0.8101547,-0.55421084,0.96036804,0.27102083,-0.06512225
1356421113888,0.22821552,-0.4908411,0.8408286,0.17808427,-0.8280046,-0.5316901,0.9571853,0.2710783,-0.10155243
1356421113928,0.24471426,-0.45900458,0.8540666,0.16847928,-0.8473189,-0.5036522,0.9548454,0.2671434,-0.13001826
1356421113968,0.25265104,-0.42418802,0.869616,0.16170686,-0.86762124,-0.47019598,0.9539488,0.2594184,-0.15061128
1356421114008,0.25240058,-0.38630304,0.88716614,0.15732005,-0.88826936,-0.4315413,0.9547483,0.2484903,-0.16342649
1356421114048,0.24519157,-0.34620267,0.9055522,0.1556524,-0.90788954,-0.38924143,0.9568978,0.23639008,-0.16871959
1356421114106,0.23315716,-0.3059994,0.92303956,0.15874223,-0.92449135,-0.3465785,0.95939493,0.22733262,-0.16697675
1356421114128,0.21822721,-0.26822636,0.9383131,0.16896838,-0.93658054,-0.3070287,0.961159,0.22554725,-0.15906557
1356421114168,0.20147449,-0.23505306,0.95087224,0.18693605,-0.94370836,-0.2728909,0.96149,0.23273286,-0.14619327
1356421114205,0.18416923,-0.20891474,0.9604355,0.21007557,-0.94620395,-0.24610232,0.9601823,0.2470885,-0.13037378
1356421114248,0.16730547,-0.19191249,0.96704626,0.23495845,-0.9448487,-0.2281567,0.95749855,0.26538756,-0.11298689
1356421114288,0.15156186,-0.18541576,0.9709016,0.2583759,-0.94066614,-0.2199752,0.9540812,0.28419748,-0.09466213
1356421114328,0.13679528,-0.18921562,0.97236025,0.27863845,-0.93460643,-0.22106883,0.95060384,0.30117813,-0.075127006
1356421114368,0.12190944,-0.20159557,0.97185254,0.2953129,-0.9274444,-0.22942793,0.9475908,0.31497002,-0.053530455
1356421114408,0.10395181,-0.21869697,0.97024006,0.30831078,-0.92038476,-0.24049185,0.945589,0.324135,-0.028249025
1356421114448,0.077320635,-0.2342338,0.9691006,0.31684542,-0.9158474,-0.24664219,0.94532025,0.3261256,0.0034020543
1356421114496,0.03514284,-0.24031545,0.9700585,0.31855017,-0.91733474,-0.23879434,0.94725436,0.3174042,0.044314772
1356421114529,-0.025857091,-0.23005635,0.97283375,0.30938327,-0.9272223,-0.211047,0.95058584,0.29552144,0.0951508
1356421114569,-0.09562588,-0.20473862,0.9741343,0.2883579,-0.94235533,-0.16975282,0.95273566,0.2646666,0.14915162
1356421114609,-0.15757185,-0.17192487,0.97242635,0.26092583,-0.95698005,-0.12691359,0.9524122,0.23373316,0.19565263
1356421114649,-0.19723421,-0.14160626,0.9700755,0.23706613,-0.9670356,-0.092962615,0.9512615,0.21163663,0.22430241
1356421114689,-0.20871729,-0.121360905,0.9704167,0.22313002,-0.97200847,-0.07356915,0.95218176,0.20117393,0.2299543
1356421114729,-0.19266886,-0.114481166,0.9745628,0.21977682,-0.97297436,-0.07084521,0.9563351,0.20053667,0.21262217
1356421114769,-0.15365386,-0.12040514,0.98076147,0.22412372,-0.97092646,-0.084084734,0.9623715,0.20689197,0.17617232
1356421114809,-0.09852409,-0.13550344,0.985866,0.23176128,-0.96656865,-0.109689675,0.9677705,0.21767849,0.12663469
1356421114848,-0.035422683,-0.15421051,0.98740286,0.23831508,-0.96082306,-0.14150986,0.97054166,0.2303003,0.07078561
1356421114888,0.027617157,-0.17075484,0.98492646,0.2411962,-0.9550518,-0.17233863,0.97008336,0.24232003,0.014809549
1356421114928,0.08407855,-0.1806139,0.97995377,0.24016067,-0.9507729,-0.19584104,0.9670851,0.2518124,-0.036563247
1356421114968,0.13012016,-0.18157373,0.9747306,0.23634578,-0.94906974,-0.20834422,0.9629172,0.25748324,-0.08057892
1356421115008,0.1641534,-0.17301142,0.971144,0.23135403,-0.9502863,-0.20840155,0.9589208,0.2588879,-0.11596584
1356421115048,0.18590361,-0.15509766,0.9702497,0.22704023,-0.9539594,-0.19599538,0.95597726,0.25672197,-0.14213109
1356421115088,0.19556588,-0.1282939,0.9722626,0.22484288,-0.9591323,-0.17178735,0.9545678,0.25220206,-0.15872759
1356421115128,0.19406927,-0.09397471,0.9764762,0.22475803,-0.96466345,-0.13750729,0.9548931,0.24615681,-0.16608995
1356421115168,0.18373579,-0.05517663,0.9814258,0.22623597,-0.96924615,-0.096846215,0.9565869,0.23982793,-0.16560227
1356421115208,0.16765255,-0.01598648,0.9857165,0.22999713,-0.97164285,-0.05487658,0.9586417,0.23591216,-0.15922156
1356421115248,0.14849722,0.019619316,0.9887182,0.23733711,-0.9712894,-0.016372576,0.96001023,0.23709081,-0.14889017
1356421115288,0.12855905,0.048043057,0.99053746,0.24805553,-0.968633,0.014786229,0.9601776,0.24380739,-0.13644388
