1356420011841,-0.28719532,0.29231575,0.9121789,0.54293823,-0.73486584,0.40643585,0.78913677,0.6119833,0.0523407
1356420011863,0.42583084,-0.4836943,-0.76466197,-0.4426438,0.6257109,-0.6423023,0.7891353,0.61198497,0.052342713
1356420011890,0.42583996,-0.48366895,-0.7646729,-0.44265482,0.6257177,-0.6422881,0.78912413,0.6119981,0.052357197
1356420011924,0.425904,-0.483614,-0.76467204,-0.44265518,0.62572193,-0.6422838,0.78908944,0.6120373,0.05242324
1356420011967,0.42617223,-0.4834055,-0.76465434,-0.44260338,0.62576234,-0.64228004,0.7889736,0.6121605,0.052725613
1356420012006,0.42723656,-0.4836994,-0.7638742,-0.44195887,0.6253208,-0.64315337,0.78875935,0.6123796,0.05338466
1356420012042,0.42966837,-0.4855491,-0.7613325,-0.44007134,0.62362677,-0.64608586,0.78849375,0.61264324,0.054276466
1356420012084,0.4337323,-0.48986062,-0.7562492,-0.43647066,0.6200359,-0.6519578,0.78827,0.61285573,0.055119812
1356420012124,0.43935168,-0.49698475,-0.7483156,-0.43106404,0.6142099,-0.66100675,0.78813314,0.6129864,0.055621862
1356420012163,0.44610468,-0.5063817,-0.7379487,-0.4242979,0.60632837,-0.67256016,0.7880114,0.6131423,0.055629253
1356420012203,0.4529026,-0.5163479,-0.72681785,-0.41745353,0.59751904,-0.6846193,0.7877892,0.61347854,0.055066705
1356420012247,0.45928514,-0.5257641,-0.71598125,-0.41124147,0.58858997,-0.69601893,0.78736115,0.6141124,0.05411464
1356420012285,0.4647894,-0.5333311,-0.7067734,-0.40646428,0.5806326,-0.7054448,0.78661144,0.6151614,0.053091824
1356420012323,0.4691983,-0.5381607,-0.70016867,-0.40366262,0.5744814,-0.7120588,0.78543586,0.61672866,0.052310348
1356420012367,0.47248736,-0.5397909,-0.6966933,-0.40313652,0.57058287,-0.7154832,0.78373253,0.61891925,0.051983774
1356420012406,0.47480932,-0.53806645,-0.69644856,-0.40492046,0.56904924,-0.7156972,0.78140616,0.621826,0.05231577
1356420012443,0.4763432,-0.5336372,-0.698805,-0.40851128,0.56945914,-0.7133266,0.77859855,0.62525797,0.05326116
1356420012482,0.47743663,-0.52731246,-0.7028484,-0.4136317,0.57084787,-0.70925426,0.77521807,0.62934434,0.054430485
1356420012525,0.47815132,-0.52078086,-0.7072189,-0.4200015,0.5716092,-0.7048842,0.771343,0.63407433,0.054586947
1356420012574,0.47842893,-0.5161502,-0.71041864,-0.42748424,0.56978166,-0.701859,0.7670482,0.6394825,0.05195397
1356420012605,0.4780763,-0.5150849,-0.71142846,-0.43576723,0.5641682,-0.70129955,0.76259416,0.6452919,0.045258343
1356420012644,0.47680128,-0.5190202,-0.70942134,-0.44483098,0.5536236,-0.70400727,0.75814635,0.65124416,0.0330922
1356420012684,0.47422814,-0.5291131,-0.7036668,-0.45462033,0.5372805,-0.71038723,0.75394166,0.6567868,0.014247954
1356420012724,0.47020152,-0.54476625,-0.6943632,-0.4650546,0.51573455,-0.719543,0.7500898,0.661247,-0.010846913
1356420012765,0.46490115,-0.56430924,-0.68221843,-0.47647905,0.48997766,-0.72999287,0.74621356,0.6644373,-0.04109037
1356420012805,0.45877203,-0.58520687,-0.66862637,-0.4893625,0.46167812,-0.73984975,0.7416553,0.66662306,-0.07457328
1356420012844,0.4523435,-0.60553557,-0.65476096,-0.50376946,0.43233714,-0.74786425,0.7359359,0.66814005,-0.10948545
1356420012884,0.4459915,-0.6248092,-0.6408627,-0.51953274,0.40232638,-0.7538032,0.72881913,0.66913897,-0.14517468
1356420012910,0.440189,-0.6413778,-0.6283854,-0.5348371,0.37484872,-0.7572566,0.72123706,0.6694199,-0.17802835
1356420012942,0.43523365,-0.6567835,-0.615798,-0.5496605,0.34787047,-0.75951266,0.71305335,0.6690453,-0.20960301
1356420012984,0.43069434,-0.67329067,-0.6009842,-0.56587654,0.3172865,-0.76099473,0.7030548,0.667839,-0.2443459
1356420013024,0.42622048,-0.6902525,-0.5847116,-0.5837553,0.28390652,-0.76067525,0.69106144,0.66554385,-0.28193176
1356420013064,0.421955,-0.7071566,-0.5673478,-0.6026738,0.2487185,-0.758237,0.6773022,0.6618676,-0.32123673
1356420013105,0.41797006,-0.72342545,-0.5495058,-0.62140566,0.21356648,-0.7538198,0.66268843,0.65654016,-0.36027628
1356420013143,0.41436976,-0.73837125,-0.5320767,-0.63807917,0.18118131,-0.7483503,0.64896274,0.6496008,-0.39606327
1356420013184,0.41128087,-0.75116557,-0.5163316,-0.6502654,0.15516001,-0.7436937,0.6387511,0.64161956,-0.42464262
1356420013223,0.40876645,-0.760915,-0.5039032,-0.65558535,0.13930082,-0.7421612,0.63491565,0.6337221,-0.44190317
1356420013263,0.40667033,-0.76645434,-0.49715889,-0.65297735,0.13673735,-0.7449318,0.6389364,0.62757516,-0.44487035
1356420013304,0.4045289,-0.7660029,-0.4995958,-0.64323366,0.15000704,-0.7508318,0.6500822,0.62508994,-0.43203664
1356420013343,0.40165168,-0.7573331,-0.51490045,-0.6286623,0.18082958,-0.7563626,0.66592765,0.62749285,-0.40347624
1356420013383,0.39752424,-0.73850465,-0.5445965,-0.6121528,0.22868651,-0.7569488,0.6835521,0.6342819,-0.36116928
1356420013425,0.39207602,-0.7079178,-0.5874766,-0.59668636,0.29035455,-0.748104,0.70017266,0.64385295,-0.3085639
1356420013465,0.38577265,-0.66457903,-0.63993293,-0.58519566,0.35997325,-0.72661227,0.71325,0.6547931,-0.2500409
1356420013505,0.37962353,-0.6092797,-0.69617826,-0.57951266,0.4299714,-0.6923076,0.7211457,0.66626036,-0.18985802
1356420013543,0.37536538,-0.54670954,-0.74847144,-0.5792018,0.49208152,-0.6499084,0.7236201,0.67746913,-0.13194478
1356420013584,0.3750463,-0.4851892,-0.7898935,-0.5818379,0.5401409,-0.60803986,0.7216681,0.68763304,-0.0797236
1356420013623,0.38006872,-0.43312553,-0.81728214,-0.58450717,0.5723386,-0.5751347,0.7168676,0.69629794,-0.03563696
1356420013663,0.3906149,-0.39543688,-0.831294,-0.58501977,0.5905946,-0.55583256,0.71075445,0.7034399,-6.4337254E-4
1356420013704,0.40554607,-0.37220675,-0.8348621,-0.5825765,0.5985567,-0.54984957,0.70437,0.7093603,0.025903404
1356420013743,0.42330623,-0.36090884,-0.8309974,-0.57765675,0.5990866,-0.55444384,0.69794303,0.71473074,0.04511565
1356420013783,0.44249395,-0.35830888,-0.822079,-0.57193685,0.59331334,-0.56645167,0.69071513,0.72082865,0.05760753
1356420013823,0.46200895,-0.36187062,-0.80968976,-0.5667686,0.58174324,-0.5833937,0.6821445,0.7284398,0.063673735
1356420013884,0.48114252,-0.37157583,-0.79399824,-0.5605334,0.5659827,-0.6045377,0.6740209,0.7359314,0.06403768
1356420013905,0.49896234,-0.38827497,-0.7747768,-0.5499755,0.54905,-0.62934184,0.6697489,0.74012613,0.06041354
1356420013943,0.5139129,-0.41035077,-0.7533298,-0.5344708,0.5337308,-0.6553415,0.6709952,0.73942125,0.05497068
1356420013984,0.5245197,-0.4337148,-0.7326463,-0.51680917,0.52165735,-0.67880917,0.6765999,0.7346871,0.049471736
1356420014023,0.5298928,-0.45451242,-0.7159832,-0.5008186,0.5136104,-0.6966958,0.68439335,0.72775185,0.044530213
1356420014063,0.52964234,-0.47100255,-0.705433,-0.489067,0.50992894,-0.7076624,0.69303143,0.71981186,0.039728135
1356420014104,0.52352095,-0.48318893,-0.7017509,-0.48248667,0.5107184,-0.7115991,0.7022339,0.7111225,0.03423956
1356420014144,0.5112386,-0.4910843,-0.7053164,-0.48198745,0.51563936,-0.70838135,0.71156394,0.7021056,0.026918262
1356420014183,0.49298152,-0.49690184,-0.71418333,-0.48771873,0.52193093,-0.69979906,0.7204858,0.6933086,0.014953971
1356420014223,0.4692382,-0.5044991,-0.72477317,-0.5010414,0.52373934,-0.68895185,0.72716784,0.6864239,-0.00701648
1356420014264,0.4426048,-0.5207743,-0.7299967,-0.52252704,0.5118002,-0.6819283,0.7287432,0.6832677,-0.04559338
1356420014305,0.41833264,-0.5513181,-0.72183526,-0.5505174,0.47820598,-0.6842878,0.7224462,0.68364275,-0.10346103
1356420014343,0.40152198,-0.59249395,-0.69837743,-0.5807579,0.42490977,-0.69438607,0.7081669,0.6843994,-0.17348492
1356420014384,0.3933862,-0.6328319,-0.66691166,-0.60713345,0.3659094,-0.7053363,0.6903885,0.68237394,-0.24026966
1356420014423,0.39109567,-0.6623758,-0.63898546,-0.62434864,0.31915292,-0.71297276,0.67618996,0.6777903,-0.28873414
1356420014463,0.39017302,-0.6761246,-0.6249964,-0.631883,0.29708886,-0.71586454,0.6696931,0.6742357,-0.3113156
1356420014503,0.3864712,-0.6720656,-0.63163906,-0.63353455,0.30426967,-0.71137476,0.6702791,0.675091,-0.30818528
1356420014544,0.37763637,-0.6498955,-0.65956545,-0.63373286,0.33793914,-0.6958303,0.67511,0.68075913,-0.28424197
1356420014584,0.3632264,-0.609899,-0.7043364,-0.63552934,0.39060873,-0.6659784,0.68129945,0.68952733,-0.24572927
1356420014730,0.343931,-0.552259,-0.7594218,-0.6408116,0.45310923,-0.6197197,0.68634677,0.6997871,-0.19805568
1356420014732,0.3162789,-0.46648878,-0.8260484,-0.6529378,0.52464557,-0.5462777,0.688215,0.7121343,-0.13865381
1356420014733,0.29969287,-0.3903234,-0.87053543,-0.66189003,0.57208836,-0.48437226,0.687085,0.72136164,-0.08690035
1356420014752,0.2832365,-0.3106041,-0.90735996,-0.6741558,0.60843235,-0.4187171,0.68212247,0.730298,-0.037065327
1356420014782,0.28104702,-0.25365418,-0.9255658,-0.68114424,0.62667847,-0.3785718,0.6760585,0.7368403,0.0033510327
1356420014814,0.28425193,-0.21327323,-0.93472743,-0.68625087,0.6355721,-0.35370594,0.66952264,0.7419991,0.034303665
1356420014884,0.29332316,-0.19266628,-0.936398,-0.68942094,0.6359439,-0.34680563,0.6623143,0.74729854,0.05370891
1356420014895,0.30892545,-0.19356368,-0.93118113,-0.6900255,0.62819046,-0.35950184,0.6545456,0.753598,0.060500145
1356420014932,0.32723203,-0.20937796,-0.92145544,-0.68843657,0.6151434,-0.38425732,0.6472823,0.7601049,0.0571512
1356420014974,0.34420547,-0.23332748,-0.9094398,-0.6853117,0.5996593,-0.4132269,0.6417713,0.76548475,0.04650396
1356420015014,0.35648534,-0.25772518,-0.8980512,-0.6818227,0.5854063,-0.43865398,0.63877696,0.76868546,0.0329659
1356420015054,0.3613852,-0.27621108,-0.89056623,-0.6798394,0.57561815,-0.45440304,0.6381372,0.76965654,0.020240724
1356420015094,0.3569029,-0.2852524,-0.88952315,-0.6806942,0.5727229,-0.45677543,0.63974655,0.76851773,0.0102368
1356420015134,0.34072283,-0.28268686,-0.8966583,-0.6852046,0.5783615,-0.44271046,0.64374113,0.76523596,0.0033626556
1356420015175,0.31017435,-0.26639342,-0.91259325,-0.6935709,0.59311587,-0.40886787,0.6501932,0.7597685,-7.933974E-4
1356420015215,0.2613925,-0.23323065,-0.93663085,-0.7053522,0.6162527,-0.3503011,0.6589023,0.7522207,-0.0034259558
1356420015253,0.18976313,-0.18118185,-0.96496785,-0.7186587,0.644016,-0.26224595,0.66896904,0.7432472,-0.007997453
1356420015294,0.09556058,-0.117016315,-0.9885218,-0.72830635,0.6687299,-0.14956644,0.67855585,0.73423934,-0.021319509
1356420015334,-0.01021789,-0.060156584,-0.99813664,-0.7281243,0.68461084,-0.03380692,0.6853689,0.72642213,-0.050796747
1356420015375,-0.11108525,-0.028047085,-0.9934151,-0.7168575,0.69458556,0.060549885,0.6883135,0.71886325,-0.09726399
1356420015415,-0.19934258,-0.015257925,-0.9798111,-0.69698644,0.7050499,0.13082269,0.6888195,0.70899355,-0.15118104
1356420015454,-0.28102863,0.0061474442,-0.9596797,-0.6671987,0.7175343,0.19997603,0.68983245,0.69649607,-0.19754612
1356420015495,-0.36517704,0.06481582,-0.928679,-0.6214823,0.7257514,0.29503334,0.69311285,0.68489695,-0.22474587
1356420015534,-0.4484993,0.16550902,-0.87832516,-0.55824506,0.71557546,0.41989774,0.6980048,0.6786446,-0.22854054
1356420015575,-0.5133132,0.27826494,-0.8118363,-0.49291122,0.6787871,0.54432213,0.70252985,0.6795709,-0.21127051
1356420015616,-0.5492487,0.36882466,-0.74986285,-0.4488623,0.62668514,0.63701516,0.7048748,0.68646485,-0.17865461
1356420015654,-0.5607344,0.42674762,-0.70955163,-0.43606877,0.5762712,0.69119865,0.70386153,0.6969921,-0.13704371
1356420015694,-0.555261,0.4569139,-0.69492084,-0.45017135,0.5374583,0.7130809,0.6993075,0.70877945,-0.09274006
1356420015735,-0.53814745,0.46830916,-0.70077384,-0.48118806,0.5119141,0.7116193,0.69199383,0.72016007,-0.05014056
1356420015774,-0.5113187,0.46600848,-0.7220729,-0.52150595,0.49957478,0.6917055,0.6830701,0.7302473,-0.012415767
1356420015814,-0.47457516,0.45072496,-0.7560592,-0.5669575,0.50050896,0.6542554,0.67330366,0.7391467,0.018012702
1356420015880,-0.42607802,0.41943604,-0.8015804,-0.61600524,0.514398,0.59660065,0.66256714,0.74797606,0.03920108
1356420015895,-0.36197433,0.36683404,-0.8569757,-0.66775084,0.53943086,0.5129553,0.65044856,0.7579229,0.049693644
1356420015935,-0.2807903,0.29187888,-0.9143105,-0.7175037,0.5688771,0.4019545,0.6374523,0.76888597,0.049688995
1356420015974,-0.18774706,0.20325261,-0.9609575,-0.75680476,0.5937003,0.2734346,0.6260971,0.7785938,0.042357028
1356420016014,-0.09461701,0.11500132,-0.988849,-0.77963,0.60911816,0.14543739,0.6190514,0.7846972,0.032025516
1356420016053,-0.01327908,0.03891453,-0.9991543,-0.78664064,0.61644846,0.034463733,0.6172683,0.7864331,0.02242583
1356420016094,0.04786949,-0.017734557,-0.9986961,-0.78259873,0.62063175,-0.048532516,0.6206832,0.7839016,0.015830278
1356420016134,0.08476885,-0.051766872,-0.99505496,-0.77290976,0.62683105,-0.098454565,0.62882805,0.77743363,0.013124645
1356420016175,0.096548155,-0.06254348,-0.99336135,-0.76145923,0.6380769,-0.1141831,0.6409824,0.7674283,0.013980806
1356420016215,0.08426459,-0.050931573,-0.9951409,-0.7496628,0.6546752,-0.09698492,0.6564337,0.75419253,0.016984463
1356420016253,0.050831705,-0.021950513,-0.998466,-0.7371975,0.67364705,-0.05234018,0.67376256,0.7387272,0.018060744
1356420016294,0.007059306,0.0061282218,-0.9999563,-0.72244084,0.69143224,-8.627176E-4,0.69139665,0.7224154,0.009308338
1356420016334,-0.032837853,0.008017093,-0.9994286,-0.70664656,0.70697665,0.02888918,0.70680434,0.7071914,-0.01755035
1356420016374,-0.054880515,-0.035710096,-0.9978542,-0.69428045,0.7195972,0.012432218,0.7176091,0.6934729,-0.06428468
1356420016415,-0.05722425,-0.11534259,-0.991676,-0.68856585,0.72380996,-0.044453442,0.7229123,0.6802905,-0.12084043
1356420016453,-0.049587198,-0.19622391,-0.97930455,-0.6879032,0.71757865,-0.10894969,0.72410655,0.66826427,-0.17056578
1356420016493,-0.04433462,-0.24581248,-0.96830285,-0.6891723,0.70921993,-0.14848748,0.7232398,0.6607444,-0.20085013
1356420016534,-0.047863156,-0.25113875,-0.966767,-0.69146264,0.70680046,-0.1493735,0.7208249,0.6613338,-0.20748276
1356420016574,-0.057112634,-0.22044627,-0.97372556,-0.6956336,0.70837605,-0.11957106,0.71612287,0.6705272,-0.19380707
1356420016615,-0.06576452,-0.16971788,-0.9832959,-0.702634,0.70757353,-0.075134486,0.70850575,0.685956,-0.16578275
1356420016653,-0.06787955,-0.11518827,-0.9910217,-0.71280146,0.70060736,-0.03260988,0.6980733,0.70418817,-0.12966329
1356420016693,-0.06111498,-0.066676974,-0.9959012,-0.72547656,0.6882451,-0.0015590191,0.68552804,0.7224077,-0.09043467
1356420016734,-0.044647977,-0.029828012,-0.9985574,-0.73913085,0.6734377,0.012932032,0.67208046,0.738642,-0.052114427
1356420016775,-0.018172696,-0.008260578,-0.99980074,-0.7520238,0.6590847,0.008223474,0.6588854,0.7520234,-0.01818949
1356420016815,0.017202616,-0.0029319823,-0.9998477,-0.76293755,0.6462977,-0.015021712,0.6462433,0.76307976,0.008881092
1356420016882,0.06069413,-0.0145919025,-0.99804974,-0.77099264,0.63436294,-0.056160808,0.63394535,0.7728976,0.02725184
1356420016896,0.110695675,-0.042935014,-0.9929265,-0.77535796,0.62127453,-0.113304645,0.62174463,0.78241587,0.035482407
1356420016935,0.16388261,-0.083262414,-0.9829597,-0.77467716,0.60605085,-0.180493,0.6107518,0.7910561,0.034819722
1356420016974,0.21396068,-0.12773618,-0.9684546,-0.76856804,0.58991003,-0.24760705,0.6029295,0.7973015,0.028043568
1356420017014,0.25643444,-0.16937599,-0.95160556,-0.75786805,0.5758137,-0.3067158,0.59989774,0.79984397,0.019293845
1356420017053,0.28757644,-0.20274547,-0.93605244,-0.7454848,0.5662005,-0.3516667,0.60129213,0.7989439,0.011682272
1356420017094,0.3049621,-0.22453564,-0.925517,-0.73462564,0.56298524,-0.37864587,0.6060719,0.7953812,0.006739497
1356420017134,0.30604762,-0.23183212,-0.92335737,-0.728181,0.5677726,-0.38390988,0.6132597,0.7898659,0.0049497485
1356420017174,0.28821397,-0.22164184,-0.93156195,-0.72785145,0.5814456,-0.36352885,0.62222576,0.78281283,0.0062583685
1356420017214,0.24746612,-0.18989614,-0.95010525,-0.7340981,0.6032392,-0.31177306,0.63234526,0.77462375,0.009878874
1356420017253,0.18004397,-0.13502347,-0.97434735,-0.74453443,0.6286345,-0.2246933,0.6428473,0.7658898,0.012652218
1356420017295,0.089044645,-0.067058414,-0.9937677,-0.75236714,0.6492858,-0.11122754,0.652698,0.7575824,0.007362902
1356420017335,-0.012590453,-0.008350015,-0.99988586,-0.7511302,0.66014224,0.003945321,0.660034,0.7510942,-0.014583468
1356420017374,-0.1036737,0.016792595,-0.9944696,-0.74138737,0.66521317,0.08852258,0.6630208,0.7464646,-0.056515276
1356420017414,-0.17390084,0.007919133,-0.9847313,-0.7291738,0.6710476,0.13416657,0.66186416,0.741372,-0.11092132
1356420017453,-0.22564375,-0.013505399,-0.97411627,-0.717131,0.6790935,0.15670073,0.6593997,0.73392755,-0.16291833
1356420017494,-0.26532874,-0.023921669,-0.9638611,-0.7042271,0.68761086,0.176792,0.65853226,0.7256851,-0.1992892
1356420017534,-0.29578966,-0.012637377,-0.95516956,-0.6908694,0.69337505,0.20476949,0.659703,0.7204661,-0.21382391
1356420017574,-0.31537467,0.01640892,-0.94882536,-0.6803811,0.6930899,0.23813424,0.6615288,0.7206644,-0.20741868
1356420017615,-0.3206097,0.05151546,-0.9458095,-0.67721444,0.6856681,0.2669079,0.66226125,0.7260891,-0.18494487
1356420017653,-0.31028444,0.08242297,-0.94706386,-0.68358064,0.6729746,0.282529,0.66063684,0.7350589,-0.15247077
1356420017693,-0.28662366,0.10529593,-0.9522393,-0.6980634,0.6578001,0.28285444,0.65616655,0.7457961,-0.11503786
1356420017734,-0.25218338,0.11880249,-0.96035904,-0.7175406,0.6429125,0.2679533,0.64926034,0.75667,-0.07688624
1356420017774,-0.2098172,0.122942835,-0.9699803,-0.7384728,0.6302681,0.23962471,0.6408078,0.7665814,-0.041451156
1356420017815,-0.16305804,0.11898732,-0.9794152,-0.7581966,0.62008923,0.20156196,0.6313081,0.7754556,-0.010894716
1356420017882,-0.114196,0.106627524,-0.98771954,-0.7769011,0.61007214,0.15568134,0.6191801,0.7851386,0.013171256
1356420017896,-0.059478328,0.08258754,-0.9948073,-0.7920518,0.6026358,0.097385824,0.60754937,0.7937313,0.029569864
1356420017935,-0.012295395,0.053574055,-0.9984882,-0.80304706,0.5944489,0.04178402,0.59578884,0.8023467,0.035713494
1356420017973,0.029334754,0.020635694,-0.9993566,-0.80899775,0.587697,-0.01161173,0.5870793,0.80881786,0.033934116
1356420018014,0.06334664,-0.01143527,-0.99792606,-0.80894494,0.58501095,-0.05805409,0.5844615,0.8109448,0.02780801
1356420018054,0.08797194,-0.03874463,-0.9953692,-0.8039791,0.587195,-0.09391317,0.5881144,0.8085177,0.0205068
1356420018095,0.101660624,-0.05787188,-0.9931344,-0.79648906,0.59340006,-0.11610985,0.5960455,0.8028245,0.014231145
1356420018135,0.10354653,-0.06678775,-0.9923797,-0.7881777,0.6030667,-0.12282652,0.6066745,0.79488987,0.009804845
1356420018173,0.093217894,-0.06458861,-0.99354863,-0.77983946,0.615661,-0.113189936,0.61899996,0.7853597,0.0070218444
1356420018214,0.0712848,-0.051602513,-0.99612033,-0.77125835,0.6304306,-0.0878517,0.63251805,0.77452856,0.0051411986
1356420018254,0.038582668,-0.030064553,-0.9988031,-0.7621734,0.6455255,-0.04887262,0.6462222,0.76314676,0.0019916892
1356420018294,-0.0010633022,-0.00941211,-0.9999551,-0.7524608,0.65861493,-0.0053991377,0.65863615,0.75242126,-0.0077825785
1356420018334,-0.042026356,-0.0054299235,-0.99910164,-0.74361324,0.6680381,0.027648807,0.6672878,0.74410725,-0.032112956
1356420018373,-0.077435866,-0.031199992,-0.9965091,-0.7387518,0.6729974,0.0363352,0.6695143,0.7389865,-0.075163186
1356420018414,-0.10125159,-0.08632147,-0.9911088,-0.74012375,0.67225426,0.017060429,0.66480446,0.7352706,-0.13195533
1356420018454,-0.11164312,-0.15075943,-0.9822461,-0.7454096,0.66637546,-0.017554194,0.6571912,0.7302159,-0.18677378
1356420018495,-0.111089885,-0.20185229,-0.9730954,-0.7500489,0.65940106,-0.05115503,0.6519859,0.72418636,-0.22465187
1356420018535,-0.1041089,-0.22651467,-0.9684278,-0.7516428,0.65557003,-0.07253352,0.6513021,0.7203604,-0.23850876
1356420018573,-0.094118804,-0.22392201,-0.9700519,-0.7510594,0.6555568,-0.078454316,0.65349174,0.7211825,-0.22987896
1356420018614,-0.08321572,-0.19853875,-0.9765539,-0.7501371,0.65759146,-0.06977004,0.6560255,0.72674334,-0.20365322
1356420018654,-0.07108319,-0.16013381,-0.9845326,-0.75061095,0.65862095,-0.052930385,0.6569097,0.73523843,-0.16701508
1356420018695,-0.058066607,-0.11651662,-0.9914898,-0.7533002,0.6568447,-0.033073217,0.6551084,0.7449691,-0.12591273
1356420018735,-0.044553265,-0.07308406,-0.99633014,-0.75828505,0.65177494,-0.013901293,0.65039897,0.7548829,-0.08445722
1356420018773,-0.0302127,-0.035336345,-0.99891865,-0.76500356,0.644026,3.5569072E-4,0.643317,0.7641871,-0.046490192
1356420018814,-0.015182152,-0.006134331,-0.9998659,-0.7731384,0.6341888,0.00784865,0.6340556,0.7731539,-0.0143710375
1356420018882,0.0011937022,0.011615455,-0.9999318,-0.7824663,0.6226611,0.00629887,0.62269187,0.7824054,0.009831965
1356420018896,0.019335523,0.015758067,-0.9996888,-0.7929481,0.6092621,-0.005733013,0.60898215,0.7928123,0.02427578
1356420018935,0.039640248,0.0067590177,-0.99919116,-0.80318785,0.5950751,-0.027838945,0.59440565,0.8036417,0.029017687
1356420018974,0.06089811,-0.012096822,-0.99807066,-0.8111554,0.5820904,-0.056548327,0.5816514,0.81303406,0.025635779
1356420019015,0.081669345,-0.03535807,-0.9960321,-0.8145835,0.5734621,-0.087148786,0.5742681,0.8184687,0.018032193
1356420019055,0.099532306,-0.05779776,-0.9933542,-0.8128675,0.5710484,-0.11467397,0.57388127,0.8188792,0.009855807
1356420019094,0.111675814,-0.074685216,-0.9909342,-0.80727404,0.574695,-0.13429171,0.57951456,0.8149526,0.0038880706
1356420019134,0.11526868,-0.08286744,-0.98987174,-0.7993005,0.583923,-0.14196035,0.5897727,0.80756855,0.0010720491
1356420019192,0.10773602,-0.08019307,-0.99094,-0.79004407,0.5981586,-0.13430122,0.6035093,0.7973553,0.0010871291
1356420019214,0.08686717,-0.06469479,-0.994117,-0.78028226,0.6159849,-0.10826883,0.6193656,0.7850969,0.0030286908
1356420019255,0.052223727,-0.03672117,-0.99796003,-0.76971805,0.63520265,-0.063652754,0.63624424,0.77147204,0.0049076676
1356420019300,0.005204767,-0.006560266,-0.99996495,-0.7568699,0.6535138,-0.0082268715,0.6535449,0.7568862,-0.0015639067
1356420019344,-0.0590391,0.02231279,-0.9980062,-0.74289966,0.66681033,0.05885592,0.66679406,0.7448933,-0.022791684
1356420019384,-0.11594814,0.016866714,-0.9931121,-0.73037016,0.676164,0.09675616,0.6731386,0.7365581,-0.06608105
1356420019424,-0.15697752,-0.028680861,-0.98718554,-0.72425604,0.68290985,0.09532705,0.6714247,0.72993934,-0.1279738
1356420019464,-0.1795169,-0.09858456,-0.9788027,-0.726267,0.68440187,0.06426805,0.6635586,0.72240925,-0.19446039
1356420019504,-0.18899985,-0.16189817,-0.9685391,-0.7320473,0.6806329,0.029078424,0.6545118,0.71451235,-0.24715662
1356420019544,-0.19357723,-0.19547129,-0.961415,-0.73645973,0.6763958,0.010761112,0.64819354,0.7101265,-0.27489156
1356420019585,-0.19799411,-0.19336203,-0.96094203,-0.73807466,0.6745211,0.016346067,0.6450149,0.7124833,-0.2762668
1356420019625,-0.20219564,-0.16192701,-0.96586573,-0.7383318,0.67314667,0.041710556,0.64341533,0.72156304,-0.25566322
1356420019665,-0.2036035,-0.11253062,-0.9725649,-0.7394295,0.668768,0.07741749,0.64170843,0.7349056,-0.21937197
1356420019703,-0.19979826,-0.056913763,-0.97818273,-0.7429843,0.65963614,0.11337817,0.63879186,0.74942714,-0.17408013
1356420019744,-0.19064485,-0.0022463799,-0.98165655,-0.7491229,0.646589,0.14400545,0.6344048,0.76283526,-0.12495166
1356420019784,-0.17596465,0.04496315,-0.98336905,-0.7571813,0.6321791,0.16439599,0.6290571,0.7735166,-0.07719588
1356420019825,-0.15682584,0.081249535,-0.98427844,-0.76618725,0.6188475,0.17316142,0.62318754,0.7812978,-0.03479892
1356420019883,-0.1342575,0.10471499,-0.98539823,-0.7759251,0.6074126,0.17026511,0.6163725,0.7874546,-2.9867887E-4
1356420019905,-0.10828686,0.11322707,-0.9876505,-0.78699726,0.59723204,0.15475544,0.6073791,0.79403627,0.02443701
1356420019945,-0.078621894,0.105383396,-0.9913188,-0.7996972,0.5870693,0.12583339,0.59523356,0.8026481,0.038118303
1356420019985,-0.045698196,0.08331731,-0.99547476,-0.812291,0.5769402,0.085576594,0.58145934,0.8125259,0.041312814
1356420020023,-0.011520952,0.052965403,-0.9985298,-0.8214922,0.56883943,0.039651513,0.5701033,0.8207413,0.036957085
1356420020064,0.021221057,0.020775348,-0.999559,-0.8248477,0.56532574,-0.005761832,0.5649567,0.82460606,0.02913332
1356420020104,0.049529538,-0.0076979995,-0.998743,-0.822315,0.56723845,-0.045152307,0.566873,0.8235177,0.021764874
1356420020144,0.070041165,-0.028573036,-0.9971348,-0.8156009,0.57389754,-0.07373488,0.57436,0.81842846,0.016892254
1356420020184,0.07973066,-0.03923917,-0.9960438,-0.8065284,0.5846702,-0.087593496,0.5857942,0.8103215,0.014968634
1356420020225,0.07578808,-0.037097305,-0.99643356,-0.7966207,0.5987703,-0.08288267,0.5997096,0.8000611,0.015827179
1356420020265,0.05635479,-0.020629585,-0.9981977,-0.78659356,0.61482394,-0.05711484,0.61489415,0.7883946,0.018421173
1356420020304,0.021602541,0.007411897,-0.9997391,-0.77609557,0.63049936,-0.012095571,0.63024515,0.7761544,0.019372761
1356420020344,-0.024277166,0.035951346,-0.9990586,-0.76403666,0.64382166,0.04173416,0.644716,0.76433057,0.011837959
1356420020384,-0.074274495,0.04823917,-0.99607044,-0.75078416,0.65470105,0.08769092,0.65635854,0.7543471,-0.012410402
1356420020425,-0.11798577,0.026784599,-0.99265397,-0.73974395,0.66450995,0.105855495,0.6624638,0.74679923,-0.05858898
1356420020465,-0.14824112,-0.031453848,-0.9884509,-0.7353228,0.6718611,0.088899136,0.66130555,0.740009,-0.1227262
1356420020503,-0.16362026,-0.10944158,-0.98043406,-0.737999,0.6730906,0.048027158,0.65466475,0.7314176,-0.19089901
1356420020544,-0.1683687,-0.18049634,-0.9690578,-0.7435877,0.6686222,0.004657179,0.64709294,0.72136354,-0.24678987
1356420020585,-0.16933945,-0.22272012,-0.96006244,-0.74770415,0.6636649,-0.022077441,0.6420768,0.7141041,-0.27891338
1356420020624,-0.17123586,-0.22841442,-0.9583867,-0.74907225,0.6620552,-0.02395165,0.63997585,0.71379954,-0.2844665
1356420020664,-0.17416322,-0.2018022,-0.9638168,-0.74846345,0.6631662,-0.003603965,0.639898,0.720754,-0.2665407
1356420020703,-0.17565966,-0.15275577,-0.9725273,-0.7470771,0.6640309,0.030638486,0.641108,0.7319349,-0.2307638
1356420020745,-0.17416663,-0.08961734,-0.98062986,-0.74595153,0.66209924,0.07197854,0.64282376,0.7440386,-0.1821658
1356420020785,-0.16750717,-0.02389744,-0.98558116,-0.7465737,0.65598094,0.11098036,0.64387035,0.75439906,-0.12772274
1356420020824,-0.15566956,0.03586468,-0.9871578,-0.7497332,0.646388,0.14171308,0.6431695,0.7621655,-0.073733985
1356420020882,-0.13900886,0.08336806,-0.98677576,-0.755812,0.63491106,0.16011322,0.63986313,0.76807404,-0.025247693
1356420020905,-0.11818361,0.11549261,-0.98625255,-0.76455617,0.6231875,0.16459432,0.6336297,0.7734978,0.014650047
1356420020945,-0.09332344,0.1303271,-0.9870692,-0.7751492,0.6126759,0.15418157,0.6248475,0.7795147,0.04384595
1356420020985,-0.064421356,0.12686151,-0.9898263,-0.78667337,0.60382926,0.12858948,0.6139991,0.7869539,0.06089908
1356420021023,-0.032514215,0.10714674,-0.9937114,-0.798159,0.5956348,0.09033996,0.60156876,0.7960771,0.06615353
1356420021064,1.322478E-4,0.07635626,-0.9970806,-0.8080088,0.5874586,0.04488027,0.5891705,0.8056439,0.061774194
1356420021103,0.030382127,0.042362094,-0.9986403,-0.8142,0.5805845,-1.4257431E-4,0.57978904,0.81309724,0.05213064
1356420021144,0.054583207,0.011454195,-0.99844354,-0.81634223,0.576316,-0.03801647,0.57498354,0.81714666,0.040807724
1356420021184,0.069307745,-0.011414647,-0.99753,-0.81562024,0.57512003,-0.0632498,0.5744214,0.81798935,0.030550241
1356420021225,0.07187548,-0.02342701,-0.9971384,-0.813324,0.5773151,-0.07218939,0.5773543,0.81618524,0.02244103
1356420021265,0.060250953,-0.022676677,-0.99792564,-0.81014395,0.5829263,-0.062159687,0.58312666,0.81220853,0.016750515
1356420021304,0.033906683,-0.008277565,-0.9993908,-0.8056791,0.59147465,-0.032233536,0.59138113,0.80628115,0.013385892
1356420021343,-0.006637469,0.0187006,-0.9998031,-0.79873836,0.6014508,0.01655227,0.60164195,0.798691,0.010944724
1356420021384,-0.05775048,0.05104944,-0.99702495,-0.7879853,0.6108702,0.07691997,0.6129795,0.7900833,0.004948199
1356420021425,-0.11303292,0.074046195,-0.9908283,-0.773937,0.61880684,0.13453457,0.6230931,0.7820455,-0.01263845
1356420021465,-0.16431351,0.070120364,-0.9839127,-0.760213,0.62659854,0.17161131,0.6285517,0.77618134,-0.04965222
1356420021503,-0.20544209,0.031055182,-0.9781764,-0.751593,0.63515145,0.17801857,0.6268185,0.7717631,-0.107145965
1356420021544,-0.23395628,-0.032684237,-0.9716976,-0.74940526,0.64278287,0.15881404,0.61939985,0.7653508,-0.17487681
1356420021584,-0.25092858,-0.096648514,-0.9631686,-0.7498443,0.64866406,0.13026273,0.6121832,0.7549132,-0.23523974
1356420021624,-0.25993806,-0.1384365,-0.9556503,-0.74801946,0.6547283,0.108617544,0.6106547,0.7430788,-0.27374202
1356420021665,-0.26441017,-0.14707202,-0.9531302,-0.7422582,0.6620327,0.1037572,0.6157436,0.7349031,-0.28421354
1356420021703,-0.26548743,-0.12426552,-0.95607245,-0.73432076,0.6686429,0.11700335,0.62473154,0.73312676,-0.268767
1356420021744,-0.2630087,-0.07749727,-0.9616759,-0.7267008,0.671557,0.14462757,0.63461196,0.73688895,-0.23294264
1356420021784,-0.25605565,-0.019090176,-0.9664736,-0.72212493,0.668439,0.1781151,0.6426283,0.74352205,-0.18494308
1356420021825,-0.24531019,0.040533423,-0.9685968,-0.72221804,0.6588611,0.21048322,0.6467024,0.7511718,-0.13235134
1356420021882,-0.23213503,0.09308484,-0.9682193,-0.7272037,0.64446306,0.23630926,0.64597833,0.7589483,-0.08191079
1356420021904,-0.21821034,0.13416755,-0.96663505,-0.7360591,0.6277431,0.25328946,0.6407817,0.76677096,-0.038224816
1356420021944,-0.20483968,0.16253516,-0.9652061,-0.7475418,0.61058736,0.26146558,0.63183993,0.7750906,-0.0035706162
1356420021984,-0.19274026,0.1787577,-0.9648299,-0.7605325,0.59409344,0.26199856,0.6200334,0.7842823,0.021445334
1356420022024,-0.18205702,0.1833218,-0.96604776,-0.77419996,0.57896185,0.25576878,0.6061928,0.79447865,0.0365237
1356420022064,-0.17249665,0.17606485,-0.9691471,-0.7879724,0.5657197,0.24302396,0.5910536,0.8055819,0.041149497
1356420022104,-0.16379377,0.15859121,-0.9736634,-0.8009928,0.55474234,0.22510332,0.5758317,0.8167679,0.036167085
1356420022144,-0.15614754,0.13606513,-0.978317,-0.8114815,0.54701644,0.20559868,0.5631304,0.82598984,0.024999022
1356420022184,-0.15040293,0.11500564,-0.98191273,-0.81781316,0.5435858,0.18893427,0.55548227,0.8314374,0.012296259
1356420022225,-0.14794317,0.099861264,-0.9839413,-0.8198971,0.54397726,0.17848665,0.55306566,0.8331365,0.0013982058
1356420022265,-0.15041828,0.09289065,-0.9842488,-0.81836915,0.5468607,0.17667884,0.55465883,0.83205456,-0.0062390566
1356420022303,-0.15927944,0.095065534,-0.98264575,-0.81338835,0.5514549,0.18519431,0.55949044,0.8287702,-0.010510206
1356420022344,-0.17503434,0.10674265,-0.9787588,-0.8044381,0.55766124,0.20467818,0.5676638,0.82317674,-0.011741996
1356420022384,-0.19740868,0.1276063,-0.9719807,-0.7909975,0.5649615,0.234822,0.57909644,0.8151902,-0.010592043
1356420022424,-0.2239649,0.15415117,-0.962329,-0.7730305,0.57322407,0.27173126,0.59351784,0.80476797,-0.009218454
1356420022465,-0.2516842,0.17763785,-0.9513673,-0.7517078,0.58327645,0.30777273,0.60958225,0.7926117,-0.013269722
1356420022503,-0.27773926,0.18489441,-0.9426955,-0.7302245,0.59698856,0.33223018,0.6242058,0.78065276,-0.030792654
1356420022544,-0.300103,0.16386357,-0.93972707,-0.71353364,0.61525804,0.33515263,0.63309395,0.7711072,-0.067718625
1356420022584,-0.3163883,0.114195436,-0.9417312,-0.7058886,0.6348538,0.31413668,0.6337346,0.7641466,-0.12025106
1356420022624,-0.32398415,0.04685861,-0.94490135,-0.7074831,0.65108806,0.27486724,0.62809384,0.75755435,-0.17779058
1356420022664,-0.321285,-0.02032438,-0.9467644,-0.7142762,0.6616194,0.2281869,0.62175995,0.74956435,-0.22708559
1356420022703,-0.3089596,-0.071603686,-0.94837594,-0.72201705,0.6667167,0.18487898,0.61906004,0.7418637,-0.25768757
1356420022744,-0.28922027,-0.09801951,-0.952231,-0.72875047,0.66755354,0.15262705,0.6207047,0.73808163,-0.26450175
1356420022784,-0.26393378,-0.10022071,-0.95931995,-0.7346506,0.6653592,0.13261095,0.6250019,0.7397654,-0.24923795
1356420022825,-0.235483,-0.08249807,-0.96837074,-0.7400913,0.66104025,0.1236555,0.6299307,0.7458015,-0.21671987
1356420022883,-0.2060197,-0.05153501,-0.9771898,-0.74602264,0.6545065,0.12276566,0.63325036,0.7542979,-0.17328751
1356420022905,-0.17774324,-0.013623536,-0.98398256,-0.75337535,0.64518005,0.12715444,0.6331136,0.7639091,-0.12494004
1356420022944,-0.15246956,0.025418252,-0.9879812,-0.7624315,0.6330528,0.13394862,0.628849,0.7736912,-0.07714158
1356420022984,-0.13147022,0.0607118,-0.98945934,-0.7726547,0.6190502,0.1406472,0.6210639,0.7830013,-0.034477413
1356420023026,-0.11517629,0.08922589,-0.98932964,-0.7835524,0.60400236,0.14569393,0.61055714,0.79197216,3.464222E-4
1356420023065,-0.10317084,0.108974606,-0.9886761,-0.79514766,0.58812845,0.14780074,0.59757507,0.8013922,0.0259732
1356420023103,-0.094471574,0.11863157,-0.98843396,-0.80758977,0.57144505,0.14577171,0.58212876,0.8120204,0.041820347
1356420023144,-0.08789286,0.11768186,-0.98915404,-0.8203187,0.5547842,0.13889468,0.5651124,0.82362944,0.04777509
1356420023184,-0.08220723,0.10860127,-0.9906804,-0.83098954,0.54129195,0.12829402,0.55018026,0.83379173,0.045748413
1356420023224,-0.0768027,0.09563908,-0.9924487,-0.837553,0.53384304,0.11626056,0.54093075,0.8401576,0.039102256
1356420023264,-0.072009146,0.08282155,-0.9939594,-0.8398172,0.5325749,0.10521877,0.5380722,0.8423209,0.03120464
1356420023306,-0.06919968,0.07301217,-0.99492747,-0.83858323,0.5359492,0.09765583,0.5403606,0.8410872,0.024139225
1356420023345,-0.070463,0.06798527,-0.9951949,-0.8343483,0.5427865,0.09615421,0.5467154,0.8371146,0.018477023
1356420023385,-0.07768369,0.06861594,-0.99461406,-0.8268901,0.5529013,0.10272694,0.5569722,0.83041674,0.0137863755
1356420023424,-0.09221485,0.07563707,-0.9928622,-0.81588113,0.5658659,0.1188854,0.570819,0.8210206,0.00952965
1356420023464,-0.114133626,0.08811745,-0.98954993,-0.8012097,0.58076715,0.1441268,0.58739823,0.8092866,0.004315436
1356420023522,-0.14224172,0.10054293,-0.98471236,-0.7834772,0.59653914,0.17408222,0.6049222,0.79626137,-0.0060796738
1356420023544,-0.17429036,0.10228774,-0.9793672,-0.7650323,0.6121227,0.20007855,0.61995846,0.78411925,-0.02843368
1356420023584,-0.20653221,0.07921502,-0.97522783,-0.75006294,0.6272098,0.20979366,0.62829125,0.7748115,-0.07012278
1356420023630,-0.2348003,0.012113452,-0.9719682,-0.7444011,0.64077574,0.18781233,0.6250887,0.76763254,-0.14143705
1356420023674,-0.25559384,-0.06308046,-0.9647242,-0.7440151,0.6500273,0.15461582,0.6173438,0.7572882,-0.21307582
1356420023714,-0.26640093,-0.12671417,-0.9554968,-0.74449795,0.6566622,0.12048867,0.61217105,0.74346364,-0.26927388
1356420023754,-0.26970285,-0.16320369,-0.94901264,-0.7421093,0.6632461,0.0968425,0.61362386,0.7303897,-0.29999435
1356420023794,-0.268911,-0.16599739,-0.94875276,-0.73627335,0.67048645,0.09137571,0.62095773,0.7231133,-0.30252063
1356420023834,-0.26570183,-0.13846657,-0.9540595,-0.72920406,0.67620176,0.10494053,0.63060594,0.723587,-0.28063846
1356420023883,-0.26029655,-0.09044075,-0.96128356,-0.7237922,0.6772212,0.1322734,0.6390388,0.73019993,-0.24173868
1356420023916,-0.25282484,-0.031629562,-0.96699494,-0.7223128,0.6711249,0.1668998,0.6436954,0.74066925,-0.19252348
1356420023955,-0.24334477,0.026211262,-0.9695856,-0.7258768,0.65811443,0.19997033,0.6433398,0.75246143,-0.14112258
1356420023995,-0.23306347,0.07687029,-0.96941864,-0.7337078,0.6403636,0.22717267,0.6382432,0.7642156,-0.09284508
1356420024034,-0.22290558,0.1169422,-0.96780044,-0.7440456,0.6210296,0.24641085,0.62984854,0.77501404,-0.05142063
1356420024074,-0.21355903,0.14598373,-0.96596134,-0.7552557,0.6025025,0.2580302,0.6196623,0.7846525,-0.018414795
1356420024115,-0.20516813,0.1649732,-0.96472263,-0.76648515,0.58585787,0.26319396,0.6086103,0.79344463,0.006250143
1356420024155,-0.19733205,0.17482647,-0.964622,-0.7776761,0.5711882,0.26260987,0.5968919,0.8019849,0.023244679
1356420024195,-0.189316,0.17573068,-0.96606326,-0.7892885,0.5580275,0.25618145,0.5841088,0.8110019,0.033058703
1356420024234,-0.18036956,0.1684021,-0.96907556,-0.80102646,0.5466095,0.24407902,0.57080936,0.8202797,0.036302865
1356420024274,-0.17012888,0.1555061,-0.9730745,-0.81088614,0.53899986,0.2279095,0.55992836,0.8278267,0.034398317
1356420024314,-0.15899622,0.14049244,-0.97723186,-0.81675625,0.537355,0.21013993,0.5546435,0.83157164,0.029310644
1356420024355,-0.14818177,0.12655437,-0.9808294,-0.8183605,0.5411643,0.19346157,0.55527335,0.8313395,0.023376346
1356420024395,-0.13995165,0.11628941,-0.98330575,-0.8167398,0.54786986,0.18103784,0.55977637,0.82844156,0.018302917
1356420024434,-0.13701051,0.11154193,-0.9842695,-0.8126632,0.55549645,0.1760743,0.5663979,0.8240037,0.014537156
1356420024474,-0.14175248,0.11355984,-0.9833669,-0.80614483,0.5632742,0.1812531,0.57448834,0.81842923,0.011700094
1356420024514,-0.15541825,0.12289515,-0.98017454,-0.7967582,0.5709665,0.19792372,0.58397067,0.81172293,0.009179056
1356420024554,-0.17756218,0.13797542,-0.9743892,-0.7840924,0.57850105,0.22480148,0.59470224,0.8039275,0.0054656267
1356420024595,-0.2061142,0.15304494,-0.9664855,-0.76830536,0.58635473,0.25670043,0.60599005,0.7954656,-0.0032707453
1356420024634,-0.23757258,0.15731826,-0.95854586,-0.7508131,0.59635985,0.28396234,0.61631066,0.7871505,-0.023562074
1356420024674,-0.2678311,0.13883716,-0.95341,-0.7346846,0.6107545,0.295326,0.62330174,0.7795532,-0.06157756
1356420024714,-0.2925067,0.09270936,-0.9517588,-0.7235729,0.6292628,0.28367323,0.6252056,0.7716432,-0.116981626
1356420024754,-0.30773056,0.027571559,-0.9510739,-0.7189082,0.648051,0.25139767,0.6232759,0.7610976,-0.1796037
1356420024795,-0.31195754,-0.03777623,-0.9493447,-0.7184814,0.6631801,0.20970595,0.6216646,0.7475059,-0.23402554
1356420024834,-0.3067943,-0.08579737,-0.9479009,-0.71903884,0.6734081,0.17176941,0.6235868,0.73427546,-0.2682894
1356420024883,-0.2952807,-0.10804632,-0.94928145,-0.7195492,0.6787996,0.14656052,0.6285366,0.72633123,-0.27818108
1356420024915,-0.28010648,-0.10458991,-0.9542543,-0.72095835,0.6792656,0.13717604,0.6338449,0.7264015,-0.26567167
1356420024953,-0.262717,-0.08174834,-0.9614036,-0.72460735,0.6746582,0.14064279,0.63712156,0.7335894,-0.23647964
1356420024995,-0.24450047,-0.046472788,-0.9685349,-0.7310723,0.6650057,0.15264589,0.63698727,0.745391,-0.19656914
1356420025035,-0.226703,-0.0065418184,-0.973942,-0.740325,0.65093094,0.16795206,0.63287026,0.7591088,-0.1524111
1356420025080,-0.21105672,0.03637615,-0.9767967,-0.75265825,0.63154984,0.18614617,0.62366706,0.77448153,-0.105914
1356420025114,-0.19774595,0.07055202,-0.9777111,-0.7647989,0.612797,0.19890329,0.61317146,0.7870846,-0.06722003
1356420025154,-0.18742612,0.09519982,-0.9776546,-0.7763129,0.595456,0.20680991,0.6018386,0.79772747,-0.037699163
1356420025194,-0.18005842,0.111132294,-0.977358,-0.78645694,0.58052343,0.21089828,0.59081686,0.80662394,-0.017127395
1356420025233,-0.17449796,0.12044549,-0.9772632,-0.79507494,0.5682523,0.21200266,0.5808668,0.81399155,-0.0033956766
1356420025274,-0.16922712,0.12499046,-0.9776193,-0.80249554,0.55836743,0.21030131,0.5721564,0.8201239,0.00581342
1356420025314,-0.16267657,0.12514052,-0.9787116,-0.80974114,0.54985166,0.20489648,0.5637871,0.82583475,0.011883378
1356420025353,-0.15370464,0.12027991,-0.9807689,-0.8176523,0.54182965,0.19459036,0.55481493,0.8318374,0.015065372
1356420025395,-0.14175126,0.110535294,-0.9837117,-0.82542324,0.53535104,0.17909706,0.5464277,0.8373656,0.015351653
1356420025433,-0.12660706,0.0977709,-0.98712283,-0.83101964,0.5329237,0.15936959,0.54164284,0.8404958,0.013777614
1356420025474,-0.109402865,0.08483657,-0.99037063,-0.83322656,0.5354568,0.13791165,0.54200053,0.840291,0.012107551
1356420025514,-0.091703534,0.073816895,-0.9930465,-0.83247936,0.5415336,0.1171301,0.54641426,0.837432,0.011790514
1356420025553,-0.07616991,0.06598994,-0.99490875,-0.82947266,0.54953104,0.099953264,0.55332917,0.8328631,0.012879133
1356420025594,-0.06558418,0.06211841,-0.9959117,-0.824446,0.5588746,0.08915141,0.5621277,0.8269223,0.014559865
1356420025633,-0.06249991,0.06293833,-0.9960586,-0.81752694,0.5692402,0.087266296,0.5724889,0.8197588,0.015876293
1356420025674,-0.068080455,0.068151206,-0.99534935,-0.8084575,0.5808259,0.09506634,0.5846036,0.81116986,0.015554488
1356420025714,-0.082549945,0.074929625,-0.99376607,-0.79714966,0.5934971,0.11096695,0.598112,0.8013406,0.010737002
