1356421218884,-0.16165495,-0.3786552,-0.91131103,-0.5326237,-0.74392825,0.40358728,-0.8307705,0.55062777,-0.08142099
1356421219046,-0.036541224,0.07359134,0.9966188,0.55206925,0.8327772,-0.04125139,-0.83299714,0.5486952,-0.07105821
1356421219068,-0.018338855,0.087094605,0.99603117,0.55051136,0.83247304,-0.06265682,-0.8346262,0.54717743,-0.06321317
1356421219108,-0.004062686,0.09548451,0.9954226,0.5484716,0.8325584,-0.07762346,-0.8361592,0.5456457,-0.055752933
1356421219145,0.0101063885,0.10413279,0.994512,0.5461151,0.8325625,-0.09272516,-0.83764917,0.54405516,-0.048454285
1356421219188,0.025031392,0.11496641,0.9930539,0.5435891,0.8321076,-0.11003551,-0.83897805,0.5425676,-0.041665673
1356421219227,0.04035166,0.12834373,0.9909085,0.54109883,0.83090425,-0.12965435,-0.8399904,0.54141116,-0.035918295
1356421219267,0.05486095,0.14320745,0.988171,0.538836,0.8289402,-0.15004635,-0.8406224,0.54069376,-0.03168887
1356421219307,0.05568588,0.14037918,0.9885307,0.5382842,0.8296416,-0.14813833,-0.8409217,0.5403596,-0.029364586
1356421219348,0.07333493,0.16722769,0.9831871,0.5360552,0.8247134,-0.18025708,-0.8409915,0.5402617,-0.029162943
1356421219387,0.08431983,0.18744837,0.97864866,0.5345754,0.8203326,-0.20318358,-0.8409039,0.54029393,-0.031035006
1356421219427,0.08933723,0.2013451,0.9754379,0.53416485,0.8169101,-0.21754503,-0.84064674,0.5404795,-0.034570992
1356421219468,0.08968663,0.20953652,0.973679,0.5348978,0.8145295,-0.22455746,-0.84014326,0.5409586,-0.039028227
1356421219507,0.08691558,0.2127335,0.9732369,0.5366645,0.8130642,-0.22564957,-0.8393074,0.5419141,-0.043498576
1356421219547,0.08259454,0.21138096,0.97390777,0.5392124,0.8123695,-0.22204922,-0.8381099,0.54348314,-0.046881914
1356421219587,0.07822004,0.20545444,0.9755358,0.5422355,0.81236774,-0.21456745,-0.8365777,0.5457536,-0.047861278
1356421219628,0.075089276,0.1945794,0.97800845,0.5455811,0.81294346,-0.20362747,-0.8346873,0.5488732,-0.04511553
1356421219668,0.07405913,0.17861632,0.98112774,0.54940486,0.81375647,-0.18961719,-0.83226776,0.55307925,-0.037866592
1356421219707,0.07540947,0.1583746,0.9844952,0.5540745,0.81420314,-0.17342035,-0.8290445,0.55856127,-0.026352704
1356421219748,0.07901156,0.13555618,0.98761415,0.55975163,0.813753,-0.15647419,-0.824885,0.5651819,-0.011581898
1356421219787,0.08469811,0.112156525,0.99007434,0.5659385,0.81239724,-0.14044358,-0.82008535,0.57221645,0.0053347945
1356421219827,0.092585504,0.08971022,0.99165523,0.5716234,0.8106738,-0.12670712,-0.8152758,0.57858455,0.023776174
1356421219868,0.103138566,0.06917712,0.99225855,0.57590914,0.8092023,-0.116276875,-0.81098163,0.58344334,0.04362023
1356421219924,0.11826891,0.04608798,0.9919115,0.5789559,0.80836165,-0.106590375,-0.8067357,0.5868793,0.06892115
1356421219959,0.13924167,0.029736876,0.9898118,0.5808503,0.8070847,-0.10595821,-0.8020128,0.5896863,0.09510714
1356421219999,0.16283578,0.012522042,0.98657376,0.583316,0.8052333,-0.10649775,-0.79575557,0.5928259,0.12381649
1356421220029,0.18788823,-0.0021103323,0.98218817,0.5856347,0.8030349,-0.11030392,-0.7884986,0.59592825,0.15211672
1356421220069,0.21334818,-0.02634561,0.976621,0.5906687,0.7997266,-0.107461184,-0.77819866,0.59978604,0.18618172
1356421220099,0.2390837,-0.051048487,0.9696561,0.5960318,0.7960592,-0.10505159,-0.766541,0.60306203,0.22075129
1356421220129,0.26259762,-0.08051351,0.96154046,0.60284936,0.7917713,-0.09834069,-0.75340235,0.60548806,0.25645477
1356421220158,0.28364593,-0.11455582,0.95206195,0.6112278,0.78660816,-0.08745411,-0.7388813,0.6067327,0.2931379
1356421220190,0.30194294,-0.1516769,0.9411826,0.62087345,0.78046626,-0.07340732,-0.72342706,0.60652006,0.32982844
1356421220219,0.31728125,-0.18922165,0.9292619,0.6309823,0.7736331,-0.057906896,-0.7079505,0.6047206,0.3648548
1356421220259,0.32987812,-0.22630201,0.9164975,0.64004385,0.7672477,-0.040923983,-0.6939195,0.6000986,0.39794147
1356421220289,0.33932906,-0.25428063,0.9056473,0.645228,0.763499,-0.027385503,-0.68449724,0.59364176,0.42314643
1356421220329,0.3454396,-0.26508772,0.9002222,0.6405798,0.7676373,-0.019762248,-0.68580544,0.58349085,0.43498218
1356421220362,0.34827638,-0.2638506,0.8994924,0.63074994,0.7758075,-0.01665166,-0.69343936,0.5731541,0.43661916
1356421220398,0.34674448,-0.2399862,0.90673864,0.6116647,0.7907339,-0.02462247,-0.71107984,0.5631577,0.42097366
1356421220437,0.33904845,-0.19649844,0.9200188,0.58850557,0.80726975,-0.044460684,-0.7339668,0.55651045,0.38934398
1356421220477,0.32453147,-0.1375092,0.9358261,0.5662304,0.820758,-0.075759605,-0.75766915,0.5544796,0.34422368
1356421220518,0.30843312,-0.06174256,0.9492402,0.54573584,0.8288193,-0.123414114,-0.7791287,0.55609936,0.28933042
1356421220557,0.27930745,0.004075438,0.96019304,0.5366,0.82860494,-0.15960674,-0.7962712,0.5598189,0.22924864
1356421220598,0.24983343,0.06835976,0.96587276,0.5339625,0.82240033,-0.19632062,-0.8077545,0.56478727,0.16896158
1356421220637,0.22297472,0.12664357,0.9665628,0.5374135,0.8112717,-0.23027156,-0.81330746,0.57078856,0.11283314
1356421220678,0.20085102,0.17595145,0.9636908,0.5453974,0.7970914,-0.2592045,-0.8137571,0.5776559,0.06413317
1356421220718,0.18427953,0.21527568,0.9590086,0.5558984,0.7818376,-0.28232422,-0.8105664,0.58513796,0.024405241
1356421220757,0.17286438,0.24508111,0.95396703,0.56723654,0.7670314,-0.29984254,-0.8052084,0.5929571,-0.006426573
1356421220798,0.16543514,0.2663292,0.9495789,0.57866156,0.7534712,-0.3121409,-0.7986126,0.6011239,-0.029463887
1356421220838,0.1606533,0.27958804,0.9465839,0.5903253,0.74138236,-0.31916806,-0.79101616,0.61006784,-0.045942366
1356421220877,0.15739831,0.28483313,0.9455664,0.60261023,0.7308633,-0.32046813,-0.7823596,0.62024915,-0.05660671
1356421220924,0.15474519,0.2821938,0.9467949,0.6153301,0.72223175,-0.3158326,-0.7729314,0.63146496,-0.06188047
1356421220959,0.15162411,0.2733517,0.9498889,0.6269152,0.7163823,-0.306225,-0.76419073,0.6419309,-0.06274748
1356421220999,0.14700976,0.26162243,0.9539087,0.63477033,0.7146542,-0.29383,-0.75858736,0.6487088,-0.06100899
1356421221029,0.14104095,0.24989049,0.9579469,0.63869643,0.7163514,-0.2809047,-0.75642204,0.65145636,-0.058569312
1356421221059,0.13539013,0.23979796,0.9613358,0.6382812,0.7209976,-0.26974002,-0.7578038,0.65012264,-0.05544257
1356421221089,0.130851,0.23131263,0.9640397,0.6340259,0.7280283,-0.26074138,-0.7621609,0.6453444,-0.05139494
1356421221119,0.12839347,0.22435339,0.9660127,0.6265601,0.73669374,-0.2543713,-0.76872456,0.6379247,-0.04598421
1356421221159,0.1295445,0.21745552,0.9674354,0.6140554,0.7484682,-0.2504622,-0.778559,0.6265049,-0.036569774
1356421221189,0.13630313,0.21496727,0.9670628,0.6000525,0.7588155,-0.25325084,-0.7882629,0.6148073,-0.025562704
1356421221219,0.1465165,0.21392065,0.96580064,0.58521587,0.76840883,-0.25897923,-0.7975308,0.60314655,-0.01260519
1356421221259,0.16179317,0.21099077,0.9640051,0.56823635,0.77874935,-0.26581362,-0.80680263,0.59078956,0.0061036944
1356421221289,0.18383062,0.2130151,0.9595993,0.5504961,0.7864674,-0.2800413,-0.8143466,0.5797359,0.027312815
1356421221319,0.2085124,0.21097519,0.9549932,0.53400844,0.7934947,-0.2918922,-0.81936413,0.5708376,0.05279094
1356421221348,0.23615453,0.20137456,0.95062053,0.52005506,0.8001995,-0.298703,-0.82083726,0.56491506,0.08424491
1356421221389,0.2702043,0.17024562,0.94763184,0.5128647,0.80753136,-0.29131243,-0.8148371,0.56472075,0.13088548
1356421221419,0.30496687,0.1315723,0.94323057,0.51097006,0.8131848,-0.27863973,-0.803682,0.56693846,0.18076491
1356421221449,0.33609965,0.0851544,0.9379689,0.5157621,0.81665957,-0.25895274,-0.78805226,0.5708028,0.23055959
1356421221479,0.36062953,0.036941424,0.93197733,0.52579516,0.81725985,-0.23585124,-0.7703803,0.5750841,0.27530444
1356421221509,0.37670982,-0.006112814,0.92631114,0.5384468,0.8151394,-0.21359496,-0.753767,0.5792326,0.31036246
1356421221549,0.38294825,-0.034374267,0.92313,0.5511701,0.81044567,-0.19846734,-0.7413245,0.5848044,0.3293048
1356421221579,0.37921757,-0.052618235,0.92381024,0.56386817,0.8047328,-0.18562803,-0.73365295,0.5913006,0.33483857
1356421221619,0.3675214,-0.044642895,0.928943,0.5728376,0.79774785,-0.1882961,-0.7326562,0.60133636,0.31876254
1356421221659,0.34758908,-0.017884701,0.9374764,0.5794319,0.7901606,-0.19976225,-0.73718417,0.61263883,0.28501415
1356421221699,0.32193843,0.024226725,0.9464506,0.5834783,0.7821851,-0.2184941,-0.74559295,0.622575,0.23767966
1356421221757,0.29324126,0.074766606,0.9531104,0.58652925,0.7732071,-0.24111019,-0.7549787,0.62973064,0.18288344
1356421221779,0.2639629,0.12801534,0.95599985,0.590357,0.76236814,-0.26509118,-0.76275957,0.6343554,0.12566215
1356421221818,0.23639429,0.17722474,0.95535815,0.596387,0.74976695,-0.28665662,-0.76709867,0.63752717,0.07154608
1356421221855,0.21236995,0.21734668,0.9527116,0.60487664,0.7364819,-0.30285084,-0.76747847,0.6405894,0.024938703
1356421221907,0.19258314,0.24663112,0.94978154,0.6156889,0.72330457,-0.31266218,-0.7640935,0.6449834,-0.0125517845
1356421221928,0.1762318,0.26643065,0.947606,0.6269555,0.71176875,-0.31672078,-0.7588605,0.6499231,-0.041603863
1356421221956,0.16317767,0.27831298,0.9465278,0.6384336,0.7016485,-0.31637314,-0.7521805,0.65592015,-0.063191
1356421221998,0.15302771,0.28073564,0.94750726,0.65132153,0.6924319,-0.31035173,-0.74321103,0.66462433,-0.076887906
1356421222037,0.14327529,0.27457833,0.95083064,0.6639856,0.6857614,-0.29808456,-0.7338905,0.67404604,-0.08406341
1356421222078,0.132983,0.2637657,0.9553759,0.6734349,0.6831974,-0.28235942,-0.7271869,0.68093246,-0.08677536
1356421222118,0.12168908,0.25205463,0.96003133,0.6766473,0.68657,-0.26602644,-0.7261819,0.6819751,-0.087004006
1356421222158,0.1106748,0.24086599,0.96422756,0.6724337,0.69625926,-0.25110948,-0.7318361,0.6761705,-0.08490807
1356421222198,0.10230243,0.22972563,0.9678638,0.6620823,0.71043265,-0.23860508,-0.7424158,0.66521543,-0.0794183
1356421222238,0.09943977,0.21904309,0.9706347,0.64804083,0.725976,-0.23022155,-0.75508595,0.6519041,-0.069758
1356421222278,0.10457593,0.21052489,0.971979,0.63197446,0.7405693,-0.22839753,-0.7679012,0.63815075,-0.055600643
1356421222318,0.119430035,0.2067742,0.971072,0.61460185,0.75274694,-0.23587391,-0.7797442,0.6249931,-0.037183225
1356421222358,0.14458692,0.20962012,0.9670336,0.59601253,0.76167077,-0.2542178,-0.7898505,0.61312073,-0.014808595
1356421222398,0.17965907,0.21745631,0.9593932,0.5763483,0.7670813,-0.2817957,-0.7972109,0.6035719,0.012482524
1356421222438,0.22362742,0.2229532,0.94883215,0.55690986,0.76969755,-0.31211713,-0.79990125,0.598212,0.04796064
1356421222479,0.27463403,0.21467817,0.9372778,0.54114026,0.7712347,-0.33520788,-0.79482293,0.5992582,0.09563631
1356421222518,0.32866478,0.18534051,0.92608225,0.53323424,0.77290046,-0.34392744,-0.7795131,0.60685563,0.15519524
1356421222558,0.37895778,0.1405196,0.9146831,0.53401583,0.77402866,-0.3401568,-0.75578964,0.61736035,0.21828449
1356421222598,0.41884643,0.09646261,0.90291893,0.5392136,0.7736314,-0.33278096,-0.7306274,0.62625027,0.2720188
1356421222638,0.4452808,0.068559825,0.8927623,0.5433847,0.77177763,-0.3302914,-0.7116587,0.63218576,0.3064034
1356421222678,0.45868966,0.06313497,0.8863508,0.54458946,0.76821756,-0.33654726,-0.70215815,0.63706803,0.31799084
1356421222718,0.4608609,0.079120964,0.88393843,0.5440811,0.7616948,-0.3518477,-0.7011298,0.643087,0.30798712
1356421222758,0.4536212,0.11151384,0.88419026,0.5438117,0.75138086,-0.3737588,-0.70604295,0.650378,0.28019977
1356421222798,0.43881786,0.15475728,0.88514924,0.5448838,0.737461,-0.3990652,-0.7145213,0.65742034,0.2392863
1356421222838,0.41840243,0.20362666,0.8851416,0.54786944,0.7206994,-0.42477223,-0.724416,0.66266775,0.18998158
1356421222878,0.39452127,0.25252515,0.8835067,0.553113,0.7025336,-0.4477864,-0.73377043,0.66534024,0.1374895
1356421222921,0.36924466,0.29719698,0.88052964,0.5605269,0.6845195,-0.466093,-0.7412611,0.6656628,0.08616829
1356421222959,0.34436813,0.33182883,0.87823707,0.57020426,0.6692302,-0.47644323,-0.7458404,0.66484636,0.04125136
1356421222999,0.3214696,0.35608232,0.87741816,0.5815684,0.6570067,-0.47970858,-0.74728537,0.66449046,0.004121423
1356421223039,0.30023336,0.3690368,0.8795862,0.5946867,0.64856124,-0.47509587,-0.74579334,0.66571784,-0.02474153
1356421223079,0.2804314,0.37123373,0.88518,0.6093401,0.6436899,-0.462999,-0.74166226,0.6692151,-0.045696735
1356421223119,0.26149186,0.36345148,0.89416164,0.62505275,0.64214176,-0.44380513,-0.7354801,0.67494965,-0.0592615
1356421223159,0.24287978,0.34814042,0.9054323,0.63993967,0.6439655,-0.41926804,-0.72903126,0.6812538,-0.066382706
1356421223199,0.22446254,0.3295101,0.91708213,0.650759,0.6498112,-0.39275694,-0.7253477,0.6849587,-0.068573415
1356421223239,0.20706633,0.31108,0.927552,0.6551671,0.66001296,-0.3676126,-0.7265532,0.6838217,-0.067142904
1356421223279,0.19262049,0.29434466,0.9360869,0.6532028,0.6734222,-0.34616286,-0.73227286,0.6781326,-0.062551856
1356421223319,0.1835095,0.28018624,0.9422419,0.6463561,0.68779063,-0.3304055,-0.7406403,0.6696564,-0.054883957
1356421223359,0.18193462,0.2699166,0.9455394,0.6359153,0.7011418,-0.3225088,-0.7500077,0.6599585,-0.044082105
1356421223398,0.1893748,0.2649661,0.94547886,0.622439,0.7123213,-0.32429633,-0.7594122,0.6499164,-0.030029535
1356421223438,0.20615059,0.26618066,0.9416208,0.6059909,0.7208233,-0.3364354,-0.7682948,0.63997006,-0.012704909
1356421223478,0.2313751,0.27215806,0.9340212,0.5866201,0.7268735,-0.35711586,-0.77610725,0.63054335,0.0085270405
1356421223518,0.26350722,0.27767467,0.92382944,0.56507486,0.7317382,-0.38111636,-0.7818277,0.6224597,0.03591132
1356421223558,0.30066708,0.27362585,0.9136346,0.54397917,0.7376553,-0.3999391,-0.78338104,0.61724675,0.0729419
1356421223598,0.3403982,0.25168782,0.9059703,0.5280443,0.74606025,-0.40566397,-0.7780091,0.61647975,0.121055245
1356421223638,0.3784631,0.21171924,0.9010775,0.52122617,0.7557252,-0.396488,-0.7649112,0.61972123,0.17566049
1356421223678,0.40941525,0.1638903,0.8975072,0.52305895,0.76384556,-0.37808633,-0.7475215,0.6242435,0.22700572
1356421223718,0.42935014,0.12255184,0.8947846,0.52910817,0.7687874,-0.35918027,-0.7319173,0.627652,0.26523578
1356421223758,0.4374153,0.09704,0.8940085,0.5356504,0.77043223,-0.3457064,-0.7223203,0.6300932,0.28501934
1356421223798,0.4347065,0.089319736,0.8961318,0.54189515,0.7688235,-0.3394997,-0.71929127,0.63319224,0.28581065
1356421223838,0.42288935,0.09647499,0.90103114,0.5485604,0.7641784,-0.33928287,-0.7212808,0.63774914,0.27024055
1356421223878,0.40371522,0.114085704,0.9077436,0.5562693,0.7571142,-0.34255296,-0.7263459,0.64324373,0.24219614
1356421223923,0.37889004,0.13718793,0.91521686,0.56554925,0.74847376,-0.3463251,-0.73252743,0.6488193,0.20600271
1356421223959,0.3501976,0.16237213,0.9224949,0.5764223,0.73893005,-0.34888363,-0.7383082,0.6539248,0.16517663
1356421223999,0.31892055,0.18529826,0.92949146,0.5887166,0.72983676,-0.34749252,-0.7427668,0.6580295,0.12367177
1356421224039,0.2865377,0.2043571,0.9360205,0.6014331,0.722129,-0.3417719,-0.74577105,0.6608842,0.084010065
1356421224079,0.25363037,0.21777873,0.94246703,0.6141337,0.7165097,-0.33083767,-0.7473362,0.66271126,0.04798335
1356421224119,0.22067192,0.22456753,0.9491435,0.6268198,0.7129127,-0.3144083,-0.74726236,0.66432303,0.016556442
1356421224159,0.18816334,0.22447959,0.95613986,0.639616,0.71076834,-0.2927451,-0.7453092,0.6666463,-0.00984019
1356421224199,0.15624732,0.21677254,0.9636371,0.6525691,0.7097073,-0.26546013,-0.7414448,0.67031723,-0.030569196
1356421224239,0.12490943,0.20110205,0.9715738,0.6651472,0.7096273,-0.23239687,-0.7361908,0.6752682,-0.04512334
1356421224279,0.0942971,0.17923708,0.97927636,0.6754788,0.7110756,-0.19519195,-0.7313252,0.67988646,-0.054018497
1356421224319,0.065057546,0.1541315,0.9859062,0.6809788,0.71532667,-0.15676662,-0.7294076,0.68158007,-0.058422863
1356421224359,0.038767464,0.12759697,0.9910682,0.6805558,0.7228547,-0.119686514,-0.73166996,0.6791172,-0.05881363
1356421224399,0.017885484,0.100700825,0.99475604,0.67538023,0.73240453,-0.08628577,-0.7372529,0.67338175,-0.05491197
1356421224438,0.005229175,0.0756802,0.9971185,0.6675034,0.74219894,-0.059832692,-0.7445884,0.66589284,-0.046635687
1356421224479,0.003268987,0.0561907,0.9984147,0.65857506,0.7512021,-0.044433832,-0.752508,0.6576762,-0.03455013
1356421224519,0.013410859,0.045678824,0.99886614,0.649246,0.7593369,-0.043441802,-0.7604603,0.64909244,-0.019473433
1356421224559,0.036342196,0.047326088,0.9982181,0.6394104,0.7665505,-0.059621632,-0.76800627,0.6404378,-0.0024026632
1356421224618,0.07044273,0.05810234,0.9958223,0.62859213,0.7725634,-0.089541584,-0.7745384,0.6322737,0.017898798
1356421224638,0.113628626,0.07084936,0.9909939,0.61761135,0.7762737,-0.1263144,-0.7782318,0.626402,0.044449568
1356421224678,0.16038293,0.07162714,0.98445255,0.60992646,0.77697206,-0.15589789,-0.7760586,0.62544703,0.08092576
1356421224715,0.20473242,0.053131938,0.97737485,0.6090012,0.77480537,-0.16968842,-0.7662912,0.6299632,0.12627035
1356421224758,0.24064279,0.018829942,0.970431,0.61507666,0.7704759,-0.16747378,-0.7508473,0.6371909,0.17382759
1356421224798,0.26573205,-0.016007185,0.96391404,0.62372845,0.7652483,-0.15924157,-0.73508453,0.6435362,0.21333516
1356421224838,0.2810717,-0.03742701,0.9589567,0.6306686,0.7603805,-0.1551731,-0.72336423,0.64839864,0.23732549
1356421224877,0.2891031,-0.039315313,0.9564903,0.6343224,0.7561934,-0.16064416,-0.7169758,0.653166,0.24355644
1356421224923,0.29207516,-0.021048725,0.9561637,0.634784,0.75206155,-0.17734899,-0.71536094,0.6587567,0.23301989
1356421224959,0.29064995,0.013032347,0.95674074,0.63341236,0.74682176,-0.20259838,-0.7171552,0.66489655,0.20880884
1356421224999,0.28533688,0.057683975,0.95668983,0.63168883,0.7393829,-0.23298526,-0.72079957,0.67080957,0.17453492
1356421225039,0.2763886,0.10679704,0.95509356,0.63096213,0.72945726,-0.2641569,-0.72491115,0.67563784,0.13422877
1356421225079,0.26414254,0.15471026,0.9519944,0.63204265,0.7178066,-0.29201996,-0.72852635,0.67883605,0.09181976
1356421225119,0.24888834,0.1966859,0.94835085,0.63536036,0.70587444,-0.31314296,-0.7310074,0.68048215,0.050717473
1356421225159,0.23070484,0.22881675,0.9457368,0.64113355,0.6953807,-0.32464355,-0.73193103,0.6812405,0.013725579
1356421225199,0.20964906,0.24873962,0.94560874,0.64928204,0.6876839,-0.32484424,-0.7310815,0.68207,-0.017329872
1356421225239,0.18508717,0.2542802,0.94925463,0.6594637,0.68401754,-0.31181347,-0.7285948,0.68371165,-0.04108566
1356421225279,0.15711588,0.24553508,0.95657045,0.6706431,0.684491,-0.2858495,-0.7249499,0.6864289,-0.057121992
1356421225319,0.12613055,0.22459604,0.9662545,0.6811482,0.6885198,-0.24895346,-0.7211993,0.6895631,-0.06613976
1356421225359,0.09344113,0.19590367,0.9761611,0.68858045,0.6954389,-0.2054792,-0.71911454,0.69136566,-0.06991285
1356421225399,0.06119615,0.16389334,0.98457813,0.69111854,0.7047475,-0.16026887,-0.72014594,0.69026804,-0.07014191
1356421225439,0.032228924,0.13097805,0.9908613,0.6890033,0.71525896,-0.11695796,-0.72404134,0.6864761,-0.067192316
1356421225479,0.009966642,0.099066466,0.99503094,0.6841432,0.72505236,-0.07903975,-0.7292797,0.6815313,-0.06054932
1356421225519,-0.0020203963,0.07120317,0.99745977,0.6784554,0.73287326,-0.050941527,-0.7346388,0.67662907,-0.049788833
1356421225561,-8.80599E-4,0.051060975,0.99869514,0.67299575,0.73871154,-0.03717521,-0.73964584,0.6720848,-0.03501433
1356421225599,0.014891438,0.041918725,0.99901,0.6677735,0.7432268,-0.04113996,-0.74421555,0.667725,-0.0169245
1356421225639,0.045276962,0.045306534,0.99794656,0.66184974,0.7469049,-0.063937485,-0.74826795,0.6633855,0.0038315058
1356421225678,0.088307925,0.058218986,0.9943904,0.653913,0.7496675,-0.10196257,-0.7513984,0.65924895,0.028131425
1356421225718,0.1392945,0.069348246,0.98781973,0.64390206,0.75151944,-0.14355713,-0.7523212,0.65605587,0.06002903
1356421225758,0.19287306,0.06746447,0.97890174,0.634042,0.7528144,-0.17680824,-0.74885964,0.6547664,0.1024223
1356421225798,0.23933613,0.039488614,0.9701335,0.62973547,0.7541988,-0.18605763,-0.73902065,0.65545774,0.15563965
1356421225838,0.2736613,-0.0082196295,0.96179104,0.6326834,0.7547088,-0.1735695,-0.72444546,0.6560085,0.21173501
1356421225878,0.29517338,-0.05651456,0.9537708,0.6387363,0.7540612,-0.15299541,-0.71055514,0.6543682,0.2586767
1356421225923,0.30728415,-0.08667618,0.94766223,0.6419395,0.7540163,-0.13918734,-0.70248854,0.6511119,0.28733814
1356421225959,0.31401256,-0.089461744,0.9451945,0.6392121,0.75603104,-0.14080146,-0.702,0.64839315,0.29458827
1356421225999,0.31778604,-0.06366485,0.9460226,0.6303696,0.7594924,-0.16064064,-0.70826983,0.6473933,0.28148848
1356421226039,0.31767446,-0.01704815,0.9480465,0.61838114,0.76168084,-0.19351228,-0.7188098,0.6477281,0.25250882
1356421226079,0.3132633,0.0425016,0.94871473,0.6064247,0.75984335,-0.23428024,-0.73083186,0.64871544,0.21225703
1356421226119,0.30400407,0.10596582,0.9467591,0.5977969,0.75256985,-0.27618372,-0.74176836,0.64993066,0.16543823
1356421226159,0.28989404,0.16479501,0.94276404,0.5945909,0.74088186,-0.31233904,-0.74994874,0.6511042,0.116791606
1356421226199,0.27163208,0.21302357,0.9385292,0.59721553,0.7274077,-0.33795208,-0.7546851,0.65230286,0.07036626
1356421226238,0.25004956,0.24726337,0.9361282,0.60524434,0.7147449,-0.35045555,-0.7557476,0.6542176,0.02906692
1356421226279,0.22557563,0.2655323,0.93734103,0.6182271,0.7045784,-0.34837404,-0.7529349,0.6580744,-0.0052235723
1356421226319,0.19826722,0.2670511,0.9430662,0.6355121,0.69748527,-0.3311172,-0.7462,0.66497964,-0.031425774
1356421226359,0.16814405,0.25261253,0.9528455,0.6556543,0.6931383,-0.29946074,-0.7361012,0.67508984,-0.04907942
1356421226399,0.13586414,0.22556713,0.96470743,0.6760161,0.6907254,-0.2567113,-0.7242536,0.68703556,-0.05864221
1356421226439,0.10326276,0.19230443,0.97588724,0.69286203,0.6900292,-0.20928912,-0.7136379,0.69776696,-0.06198615
1356421226479,0.07294893,0.1594083,0.98451376,0.7028142,0.6921755,-0.16415012,-0.70762324,0.70390487,-0.06154096
1356421226519,0.04755508,0.13011798,0.99035746,0.7048459,0.6981574,-0.12557271,-0.7077647,0.704021,-0.05851221
1356421226561,0.029918134,0.10564691,0.9939536,0.70030975,0.7073191,-0.0962601,-0.7132119,0.6989553,-0.0528239
1356421226599,0.023639552,0.08867708,0.99577993,0.6914903,0.71790355,-0.08034721,-0.7219989,0.69047153,-0.04434842
1356421226639,0.032285325,0.08327377,0.9960036,0.67994857,0.7285525,-0.082953185,-0.7325487,0.67990935,-0.033100307
1356421226679,0.059352815,0.09490013,0.9937158,0.66583717,0.7379079,-0.110239595,-0.7437325,0.66819596,-0.01939112
1356421226719,0.1070958,0.12859997,0.9858968,0.64734006,0.7436103,-0.16731535,-0.75463986,0.6561293,-0.0036103725
1356421226759,0.17385381,0.18337397,0.96754783,0.6209026,0.7421988,-0.25223172,-0.7643656,0.64460444,0.0151767135
1356421226799,0.25312418,0.24833767,0.93501693,0.5837827,0.731484,-0.35231942,-0.77144414,0.6350272,0.04018104
1356421226839,0.3335774,0.30184832,0.8930923,0.53922534,0.7159866,-0.44339514,-0.77328014,0.62948453,0.07607269
1356421226879,0.40546915,0.32467294,0.854507,0.4974134,0.70591784,-0.5042419,-0.7669255,0.6294978,0.12473124
1356421226923,0.46529797,0.31764197,0.8261969,0.46615815,0.7055309,-0.5337815,-0.7524588,0.63350594,0.18021065
1356421226959,0.51361597,0.30158377,0.803272,0.44275385,0.708765,-0.5492006,-0.73496103,0.63772994,0.23050565
1356421226999,0.55218935,0.3013572,0.77734864,0.41782022,0.7068219,-0.57081443,-0.72146606,0.63998955,0.2643864
1356421227038,0.58116245,0.3267662,0.7453013,0.38737822,0.69434106,-0.60648876,-0.71567327,0.641182,0.27694288
1356421227080,0.5994653,0.37490085,0.7071709,0.35477355,0.6675325,-0.65462667,-0.71747965,0.64331144,0.26715767
1356421227128,0.6055218,0.4363606,0.66553193,0.32876152,0.62442505,-0.70852613,-0.7247477,0.6478293,0.23464444
1356421227168,0.5994987,0.4820107,0.6389578,0.32378027,0.5840316,-0.74436116,-0.73196155,0.6531254,0.1940606
1356421227208,0.58799887,0.5179192,0.6213027,0.33222803,0.5456953,-0.7693121,-0.7374835,0.65876883,0.14880097
1356421227248,0.5729379,0.5442104,0.6128436,0.3511452,0.5126446,-0.78351295,-0.7405668,0.66410136,0.10261667
1356421227288,0.55571824,0.5619965,0.6126477,0.37663344,0.48677173,-0.7881628,-0.74116427,0.66874003,0.058841288
1356421227328,0.5372229,0.5721607,0.61969644,0.40561005,0.46893293,-0.7845906,-0.739508,0.67285514,0.019847393
1356421227368,0.5178164,0.57513165,0.6333165,0.43618596,0.4593481,-0.77378374,-0.7359402,0.67692167,-0.013006389
1356421227408,0.4973498,0.5711034,0.65305746,0.4672604,0.45791006,-0.7562976,-0.73096573,0.6812923,-0.03911251
1356421227448,0.47530547,0.5598545,0.6787103,0.4983035,0.4644675,-0.73209536,-0.7251057,0.6861726,-0.058213532
1356421227506,0.45098832,0.5410856,0.709814,0.52893174,0.4785597,-0.70086503,-0.71891636,0.6915251,-0.07037252
1356421227528,0.42407608,0.5164627,0.74392587,0.55752456,0.4984511,-0.66386205,-0.7136707,0.69628495,-0.076559424
1356421227568,0.3954694,0.4897787,0.7769947,0.58104485,0.5217566,-0.62462544,-0.7113303,0.69848907,-0.07824463
1356421227605,0.36699602,0.46359053,0.80647236,0.5975658,0.5469324,-0.58632755,-0.7129018,0.6971003,-0.0763039
1356421227648,0.3413574,0.43812996,0.8315752,0.6069276,0.5728085,-0.55093503,-0.7177145,0.6927717,-0.07038075
1356421227687,0.3218946,0.41404754,0.85143906,0.6099399,0.597128,-0.52097166,-0.7241251,0.6870246,-0.06033182
1356421227728,0.31218678,0.39397004,0.86448073,0.60678005,0.6174845,-0.5005306,-0.73099756,0.68080866,-0.04628265
1356421227768,0.3158175,0.3831685,0.8680099,0.59695494,0.6308379,-0.49566948,-0.7374985,0.67470396,-0.029504657
1356421227808,0.3333498,0.38455144,0.86081254,0.5801549,0.63603544,-0.5088017,-0.74316776,0.6690135,-0.011077106
1356421227848,0.36248463,0.3962433,0.8435616,0.5566254,0.63391596,-0.5369532,-0.7475112,0.66418505,0.009225726
1356421227927,0.3976334,0.40285844,0.82437414,0.5298557,0.6326918,-0.5647601,-0.7490931,0.6613668,0.038122535
1356421227930,0.4391833,0.409125,0.7998342,0.49843737,0.6297402,-0.5958083,-0.7474478,0.6603363,0.07264817
1356421227968,0.474104,0.38724655,0.79073733,0.47740543,0.6415438,-0.6004212,-0.73980373,0.66216433,0.11928487
1356421228008,0.5025168,0.34197333,0.7940599,0.46852466,0.6641768,-0.5825408,-0.7266096,0.66477317,0.17353705
1356421228048,0.522318,0.2913558,0.8014335,0.467883,0.6878089,-0.5549815,-0.71293014,0.664854,0.22293451
1356421228088,0.53190804,0.25397742,0.8078176,0.4695379,0.7054243,-0.5309526,-0.70470417,0.66171896,0.25596884
1356421228128,0.5307982,0.23688677,0.81371856,0.47171137,0.7150931,-0.5158782,-0.70408916,0.6576675,0.26782796
1356421228168,0.5187257,0.23598123,0.82172775,0.47721612,0.7175622,-0.50731575,-0.70935774,0.6552994,0.2596039
1356421228208,0.49609584,0.24362949,0.8333869,0.48903403,0.71470356,-0.50004464,-0.71745014,0.65562457,0.23541835
1356421228248,0.46430755,0.25387892,0.8485069,0.5077238,0.70868915,-0.4898737,-0.7256962,0.6582592,0.20014936
1356421228288,0.42569092,0.26361793,0.86561704,0.5315278,0.70133567,-0.47498053,-0.7323015,0.66229445,0.15843195
1356421228328,0.38296425,0.271393,0.8829973,0.5576626,0.69411933,-0.45520413,-0.7364447,0.6667415,0.11447716
1356421228368,0.3387251,0.27663225,0.8992997,0.58341146,0.6881213,-0.4314164,-0.7381709,0.6707933,0.07169354
1356421228408,0.29494405,0.27853101,0.91401774,0.6070679,0.6840796,-0.40435588,-0.7378865,0.6741332,0.03267795
1356421228448,0.25267217,0.27509654,0.92761993,0.6283125,0.68242383,-0.37352535,-0.7357855,0.6772146,-4.171133E-4
1356421228488,0.21213126,0.2636807,0.9409957,0.6477089,0.68309295,-0.33742744,-0.7317606,0.68107015,-0.02588296
1356421228528,0.17317623,0.24281375,0.9544902,0.6656919,0.68538326,-0.29513404,-0.72585416,0.6865066,-0.042947054
1356421228568,0.1358729,0.21408059,0.96732,0.68160474,0.68838024,-0.24808791,-0.7189948,0.69303834,-0.052386105
1356421228608,0.10076341,0.18206155,0.9781106,0.6934219,0.6921408,-0.20026751,-0.7134513,0.69842297,-0.056502998
1356421228647,0.06906415,0.15066594,0.9861693,0.699448,0.69754934,-0.15555513,-0.7113386,0.7005174,-0.057207346
1356421228688,0.042344652,0.120800644,0.99177325,0.6998309,0.7048703,-0.115735024,-0.7130524,0.6989744,-0.054692507
1356421228728,0.022588134,0.093417734,0.99537075,0.6963389,0.71293116,-0.08271229,-0.71735764,0.69498366,-0.04894662
1356421228768,0.011956602,0.07105327,0.9974009,0.6903962,0.7209691,-0.05963704,-0.72333264,0.68931484,-0.0404346
1356421228808,0.012089275,0.056876242,0.99830806,0.6828958,0.72881687,-0.04979232,-0.7304157,0.6823423,-0.030029655
1356421228848,0.023595273,0.053090572,0.9983109,0.6744062,0.736302,-0.055096537,-0.73798347,0.6745671,-0.018431365
1356421228923,0.045974255,0.056089222,0.99736667,0.66465783,0.7436262,-0.07245734,-0.74573195,0.6662388,-0.0030924678
1356421228928,0.08207697,0.07181263,0.9940354,0.65432847,0.7484445,-0.10809782,-0.75174314,0.65929794,0.014441013
1356421228955,0.117706716,0.08053926,0.98977697,0.6448175,0.75180155,-0.13785821,-0.75521886,0.6544523,0.036558986
1356421228986,0.15109515,0.073979944,0.985747,0.63852084,0.75394595,-0.15445574,-0.75462663,0.6527576,0.066679835
1356421229027,0.1809774,0.03551975,0.98284566,0.64128256,0.75341964,-0.14531168,-0.7456566,0.65658,0.11357373
1356421229068,0.20454767,-0.024343431,0.9785539,0.6523343,0.74873173,-0.11773166,-0.72980845,0.662426,0.16903138
1356421229108,0.2169609,-0.087656826,0.9722367,0.6664641,0.7410233,-0.08191511,-0.71326965,0.6657332,0.21919322
1356421229148,0.21743469,-0.13648584,0.96648526,0.67718136,0.73420507,-0.048665136,-0.7029563,0.6650673,0.25206733
1356421229188,0.20815684,-0.160876,0.9647744,0.68136,0.7315205,-0.025027245,-0.701726,0.6625682,0.26188546
1356421229228,0.19175236,-0.15974903,0.9683549,0.67984813,0.73322564,-0.013662726,-0.70784,0.6609541,0.24920285
1356421229268,0.17010164,-0.13816366,0.9756927,0.6752291,0.7374884,-0.013286442,-0.7177263,0.6610762,0.2187401
1356421229308,0.14472063,-0.10363239,0.98403066,0.67011285,0.7419785,-0.020412117,-0.7280143,0.66236556,0.17682499
1356421229348,0.11729556,-0.06308809,0.99109113,0.66655123,0.7447944,-0.03147623,-0.7361734,0.664305,0.12941253
1356421229388,0.08937448,-0.022946596,0.99573374,0.66574085,0.74496675,-0.04258749,-0.7408112,0.6667068,0.0818575
1356421229428,0.062261343,0.011871219,0.99798936,0.66776943,0.7426536,-0.050494015,-0.74175984,0.66957057,0.038311362
1356421229468,0.03677822,0.03837782,0.9985863,0.6720895,0.7385608,-0.05313775,-0.73955595,0.6730937,0.0013695955
1356421229508,0.013260156,0.055240244,0.9983851,0.67805505,0.7333369,-0.0495809,-0.73489153,0.67761743,-0.027731776
1356421229548,-0.008266695,0.062381595,0.99801815,0.68513715,0.72732663,-0.039786845,-0.7283671,0.68345046,-0.048752546
1356421229588,-0.027897783,0.06047553,0.9977797,0.692865,0.7206575,-0.024306715,-0.7205274,0.69064856,-0.062006116
1356421229628,-0.04563749,0.050908327,0.99766004,0.7006156,0.7135256,-0.0043602586,-0.712078,0.6987772,-0.06823069
1356421229668,-0.06135656,0.036345392,0.9974539,0.70703995,0.7069512,0.017732292,-0.70450675,0.7063278,-0.06907374
1356421229708,-0.07470578,0.020273179,0.99699956,0.71015596,0.70296794,0.038918138,-0.7000697,0.71093255,-0.06691289
1356421229748,-0.08482467,0.0050432384,0.9963831,0.70894027,0.70297796,0.056795806,-0.70014894,0.7111938,-0.06320518
1356421229788,-0.0901338,-0.008517802,0.9958932,0.70431465,0.70644933,0.06978658,-0.7041425,0.7077123,-0.05767578
1356421229828,-0.088551596,-0.019450217,0.9958817,0.69815993,0.71189845,0.07598269,-0.71044445,0.7020131,-0.04946035
1356421229868,-0.078048736,-0.02594009,0.9966121,0.69192374,0.71828246,0.07288298,-0.7177396,0.6952679,-0.03811246
1356421229923,-0.05678995,-0.02956751,0.9979482,0.68491673,0.72610617,0.060489655,-0.72640485,0.68694663,-0.020984232
1356421229959,-0.017193377,-0.014955938,0.99974036,0.67854846,0.73420626,0.022653192,-0.7343544,0.6787617,-0.0024751425
1356421230004,0.02966196,0.004676789,0.99954903,0.67073,0.74133325,-0.02337274,-0.7411082,0.67112076,0.018852532
1356421230029,0.082284294,0.028284252,0.9962075,0.6609139,0.74662507,-0.07578799,-0.7459371,0.6646435,0.042742074
1356421230069,0.13251367,0.03203109,0.99066347,0.65222156,0.7497853,-0.1114856,-0.74635595,0.6609054,0.07846546
1356421230109,0.18220416,0.013802648,0.98316383,0.6476666,0.7506532,-0.1305668,-0.73981726,0.66055214,0.12783259
1356421230149,0.22372162,-0.029009908,0.9742212,0.6506406,0.7486703,-0.1271205,-0.72568274,0.6623075,0.18636876
1356421230189,0.25159723,-0.084228605,0.96415997,0.6599376,0.7436264,-0.10724768,-0.70794153,0.6632687,0.24267995
1356421230229,0.26561046,-0.13204405,0.954995,0.6699525,0.7375969,-0.08434716,-0.6932638,0.66220474,0.28437668
1356421230269,0.26941216,-0.15803632,0.9499693,0.67605007,0.7335523,-0.069695115,-0.68583775,0.6610035,0.30446833
1356421230309,0.2668001,-0.15781513,0.9507429,0.67737806,0.73243797,-0.06850928,-0.68554837,0.6622907,0.30231506
1356421230366,0.25938773,-0.13507119,0.9562812,0.67562544,0.73292017,-0.07973862,-0.69010735,0.6667712,0.28136802
1356421230388,0.24714218,-0.09735498,0.96407604,0.6730226,0.73303276,-0.0985066,-0.6971092,0.6731901,0.24668545
1356421230428,0.23006266,-0.051091313,0.97183377,0.6712426,0.7313853,-0.12045315,-0.7046308,0.680048,0.20255911
1356421230465,0.20766708,-0.0043518543,0.9781898,0.6717589,0.7275399,-0.13937587,-0.71106553,0.68605155,0.15400946
1356421230508,0.18086028,0.03775844,0.9827838,0.6745126,0.7224702,-0.15188685,-0.715767,0.6903703,0.10519761
1356421230548,0.15034983,0.070681036,0.98610306,0.6788325,0.7177588,-0.15494758,-0.71873605,0.6926951,0.059934318
1356421230588,0.117381275,0.09266016,0.9887547,0.68381166,0.71446323,-0.1481348,-0.72015506,0.6935102,0.020502508
1356421230628,0.082838796,0.10346693,0.99117726,0.6888734,0.712766,-0.13197759,-0.72013277,0.69372857,-0.012230933
1356421230668,0.047220327,0.10360178,0.9934974,0.6935998,0.71233225,-0.107248306,-0.7188113,0.6941538,-0.038221598
1356421230707,0.010885596,0.09348878,0.9955608,0.69762146,0.7125782,-0.074543,-0.7163839,0.69533604,-0.05746293
1356421230748,-0.02545742,0.07359105,0.9969635,0.7006154,0.712694,-0.03471744,-0.7130848,0.6976042,-0.06970239
1356421230788,-0.06103678,0.045520335,0.997097,0.70167994,0.712416,0.010429114,-0.7098732,0.7002795,-0.07542431
1356421230828,-0.093718305,0.013210446,0.9955112,0.6997342,0.7121717,0.05642304,-0.7082294,0.70188105,-0.07598734
1356421230868,-0.12112485,-0.019905716,0.99243766,0.6947497,0.7123943,0.09908149,-0.7089792,0.7014971,-0.07245916
1356421230923,-0.14083216,-0.055378765,0.9884834,0.68730164,0.7131666,0.13787633,-0.7125888,0.69880366,-0.06237489
1356421230959,-0.14689854,-0.08173823,0.98576856,0.6819102,0.71354544,0.16078377,-0.7165327,0.69582456,-0.04908061
1356421230999,-0.14040829,-0.09962401,0.9850688,0.6791662,0.71425366,0.16904137,-0.72042966,0.6927602,-0.032625914
1356421231029,-0.11929685,-0.10223609,0.9875809,0.67948854,0.7168465,0.15628943,-0.7239224,0.68969476,-0.016049266
1356421231069,-0.09088209,-0.10135278,0.99069065,0.6799296,0.7205384,0.13608888,-0.72762364,0.6859679,0.0034286976
1356421231109,-0.044801578,-0.08576733,0.9953073,0.6808886,0.7264267,0.09324619,-0.7310153,0.68187106,0.025852919
1356421231148,0.014962271,-0.062217325,0.99795055,0.6803607,0.7320202,0.035437196,-0.7327248,0.67843604,0.053282857
1356421231187,0.08157979,-0.043123543,0.9957335,0.6783021,0.73439866,-0.023767292,-0.73024035,0.67734706,0.089162886
1356421231228,0.14566578,-0.04381472,0.9883632,0.6781899,0.7317791,-0.067512006,-0.7203055,0.68013203,0.13630986
1356421231268,0.19970067,-0.06794757,0.97749823,0.68322814,0.72473574,-0.08920431,-0.70236665,0.68566847,0.19115394
1356421231308,0.23961285,-0.10529262,0.965142,0.69212955,0.71565783,-0.09375781,-0.6808394,0.6904689,0.24435699
1356421231348,0.26692706,-0.13736334,0.953877,0.69931555,0.7086529,-0.093642354,-0.66310465,0.69205666,0.28521895
1356421231388,0.28564715,-0.14997375,0.9465271,0.7004941,0.7066985,-0.09942448,-0.65399826,0.691437,0.30692214
1356421231428,0.2987007,-0.13789648,0.94433177,0.69525015,0.70929,-0.116339535,-0.65376234,0.69129753,0.30773795
1356421231468,0.3063633,-0.1037136,0.9462478,0.68574643,0.7134899,-0.14381951,-0.6602222,0.6929471,0.28970838
1356421231508,0.30714262,-0.05442244,0.950106,0.6750122,0.7162144,-0.17718741,-0.6708367,0.695755,0.25671577
1356421231547,0.29945993,0.0014872551,0.95410776,0.6662066,0.7155271,-0.21021357,-0.6830027,0.69858336,0.21328086
1356421231588,0.28325808,0.05782914,0.95729864,0.66137373,0.711077,-0.23865116,-0.69451404,0.70073205,0.16317165
1356421231628,0.25829032,0.106318235,0.96019924,0.6619545,0.70444846,-0.25606376,-0.7036351,0.701747,0.11157435
1356421231668,0.22640729,0.14266351,0.96352834,0.66714704,0.69803536,-0.26011807,-0.7096862,0.7017077,0.062862754
1356421231707,0.18934286,0.16434366,0.96806014,0.6755584,0.6936672,-0.2498935,-0.71257997,0.7012967,0.020317197
1356421231748,0.14911678,0.1718319,0.9737751,0.68563545,0.6916339,-0.22703858,-0.7125084,0.70151,-0.014679849
1356421231788,0.10667422,0.16583148,0.98036754,0.69608307,0.69160974,-0.19272849,-0.7099922,0.70297647,-0.04165554
1356421231828,0.06362764,0.14829847,0.9868937,0.7056755,0.69256896,-0.1495677,-0.70567256,0.7059432,-0.06058407
1356421231868,0.021341503,0.12159607,0.9923502,0.71304154,0.6939016,-0.10036084,-0.70079696,0.70972884,-0.07189417
1356421231923,-0.018583812,0.08742383,0.9959978,0.71546257,0.6970118,-0.04783082,-0.69840384,0.7117103,-0.07550162
1356421231959,-0.05687712,0.049372762,0.9971596,0.71126175,0.70290357,0.00576663,-0.7006223,0.7095695,-0.07509607
1356421231989,-0.08602925,0.016356617,0.99615836,0.70329523,0.70920074,0.04909247,-0.7056732,0.7048168,-0.07251555
1356421232029,-0.10586713,-0.015282214,0.9942629,0.69091314,0.7179704,0.084602565,-0.7151442,0.6959059,-0.06545079
1356421232069,-0.113276884,-0.041626215,0.99269104,0.67791486,0.7271862,0.10785034,-0.7263607,0.68517697,-0.054154336
1356421232108,-0.1074045,-0.060224175,0.99238974,0.66685086,0.73597515,0.116835386,-0.7374105,0.67432463,-0.038886487
1356421232148,-0.08768009,-0.06854138,0.99378777,0.6589049,0.7442192,0.10946268,-0.7470987,0.6644094,-0.020090938
1356421232188,-0.054511026,-0.06620726,0.99631584,0.65400255,0.75161904,0.085728824,-0.7545258,0.6562663,0.0023281574
1356421232228,-0.009510741,-0.057465404,0.99830216,0.65135705,0.7571361,0.049788564,-0.75871176,0.65072465,0.030229568
1356421232268,0.043433756,-0.05270168,0.99766535,0.65048623,0.75942636,0.011797488,-0.7582752,0.64845514,0.067266405
1356421232308,0.09772162,-0.063880414,0.9931615,0.6523402,0.7577689,-0.015446752,-0.7516002,0.64938855,0.11572218
1356421232348,0.14584865,-0.09398508,0.98483247,0.6581193,0.7524765,-0.025653332,-0.7386523,0.6518787,0.17160112
1356421232388,0.18302715,-0.13149503,0.97427416,0.6662861,0.745291,-0.02457869,-0.7228857,0.6536439,0.22402179
1356421232428,0.20926762,-0.1589208,0.9648582,0.67299116,0.7392544,-0.024202883,-0.70942926,0.6544059,0.26165432
1356421232468,0.22734465,-0.16517842,0.95970345,0.6759074,0.7362293,-0.033400714,-0.7010448,0.65626407,0.27902305
1356421232508,0.23943901,-0.1491799,0.9593823,0.67570746,0.7351655,-0.054325372,-0.69720054,0.6612693,0.27682924
1356421232548,0.24611467,-0.11603236,0.9622703,0.6745023,0.7334704,-0.08407059,-0.6960419,0.6697445,0.2587819
1356421232588,0.24718738,-0.07216817,0.9662764,0.67425466,0.72900474,-0.118036956,-0.69590163,0.6806936,0.2288605
1356421232628,0.2424801,-0.023705393,0.9698668,0.67608523,0.7210999,-0.15140566,-0.69578177,0.6924255,0.19087923
1356421232668,0.23269871,0.025867432,0.9722048,0.6796844,0.71067107,-0.18159232,-0.6956152,0.7030487,0.14779055
1356421232708,0.21837837,0.07339209,0.9731005,0.68413585,0.6995723,-0.20629272,-0.6958944,0.71078277,0.102561295
1356421232748,0.1999988,0.1157687,0.97293276,0.688761,0.68963206,-0.22364259,-0.69685644,0.7148463,0.058188617
1356421232788,0.17807677,0.15049052,0.97244084,0.693437,0.68196654,-0.2325226,-0.6981646,0.71573335,0.017086744
1356421232828,0.15274233,0.17479205,0.97268575,0.69856495,0.67710674,-0.23137313,-0.6990543,0.7148246,-0.018680751
1356421232868,0.124225445,0.18659425,0.97455156,0.7045226,0.6750294,-0.21905074,-0.6987245,0.7138052,-0.047604024
