1356420859688,-0.022062957,0.19976172,-0.97959614,0.4135926,-0.89023376,-0.19085385,-0.91019475,-0.40936452,-0.062978834
1356420859727,-0.16615817,0.22159651,0.9608779,-0.37938365,0.8850548,-0.26971453,-0.9101975,-0.40935665,-0.062989
1356420859770,-0.16629755,0.22166848,0.96083724,-0.37932885,0.8850417,-0.26983482,-0.9101949,-0.40934616,-0.06309497
1356420859808,-0.1668849,0.2217964,0.96070594,-0.37922192,0.8849796,-0.2701885,-0.910132,-0.40941113,-0.06357968
1356420859848,-0.16867518,0.22240958,0.9602514,-0.37900493,0.8846772,-0.27148035,-0.90989226,-0.40973195,-0.06492877
1356420859888,-0.17233819,0.22368808,0.9593035,-0.3786142,0.8840205,-0.27415156,-0.9093684,-0.41045266,-0.06765902
1356420859929,-0.17834231,0.22577778,0.95771515,-0.37786427,0.8829744,-0.2785225,-0.9085221,-0.4115587,-0.07215834
1356420859968,-0.1859121,0.22818965,0.9557019,-0.3767693,0.8817527,-0.28382576,-0.90745884,-0.4128458,-0.07795364
1356420860010,-0.19490275,0.23090526,0.9532553,-0.37538555,0.88033485,-0.28999335,-0.90614486,-0.4143588,-0.08490121
1356420860049,-0.20465642,0.23341441,0.95059633,-0.37407166,0.87878704,-0.2963169,-0.90453637,-0.41623434,-0.092535675
1356420860087,-0.21401402,0.23501277,0.9481387,-0.37320876,0.877321,-0.30170015,-0.90272546,-0.41842172,-0.10005021
1356420860128,-0.22316062,0.23608173,0.9457615,-0.37287444,0.87576586,-0.3065923,-0.9006465,-0.42106956,-0.10740763
1356420860168,-0.23199698,0.23675267,0.9434646,-0.37332463,0.87397695,-0.31111565,-0.8982238,-0.42439654,-0.1143744
1356420860208,-0.24005201,0.2372588,0.9413199,-0.37502688,0.8717257,-0.31535566,-0.89539367,-0.42872202,-0.1202811
1356420860247,-0.24634497,0.2375598,0.93961674,-0.37831146,0.869015,-0.31889403,-0.89229745,-0.4340257,-0.12420589
1356420860288,-0.25030875,0.23762852,0.93855107,-0.38323534,0.8659121,-0.32144502,-0.8890872,-0.44014648,-0.1256777
1356420860328,-0.2520848,0.23752409,0.93810207,-0.38920015,0.86266375,-0.32300845,-0.8859889,-0.44653502,-0.12501997
1356420860368,-0.25215504,0.23727237,0.9381469,-0.39527428,0.8596519,-0.32366154,-0.8832757,-0.45243827,-0.12297785
1356420860408,-0.25066692,0.2367282,0.938683,-0.40056294,0.85737807,-0.32319054,-0.8813146,-0.45701483,-0.120091796
1356420860447,-0.24740048,0.23574513,0.9397963,-0.40406775,0.85647553,-0.3212148,-0.8806374,-0.4592101,-0.11663544
1356420860488,-0.24240321,0.2345173,0.94140434,-0.40446028,0.8575715,-0.31777826,-0.8818461,-0.45779118,-0.11302513
1356420860527,-0.23619543,0.23355548,0.9432198,-0.40042633,0.8610399,-0.3134789,-0.88536465,-0.45173234,-0.10985196
1356420860576,-0.22933789,0.23328735,0.94497687,-0.39135516,0.8668205,-0.3089714,-0.8912044,-0.44068038,-0.10749662
1356420860609,-0.22238678,0.23382396,0.94650424,-0.3778413,0.8742764,-0.30475688,-0.8987658,-0.42540234,-0.10607916
1356420860649,-0.2160804,0.23485258,0.94770956,-0.36170384,0.88232505,-0.3011191,-0.9069066,-0.40785617,-0.105706096
1356420860679,-0.21092212,0.23542497,0.9487291,-0.34633616,0.8896042,-0.29775095,-0.9140914,-0.39138144,-0.106101036
1356420860719,-0.20700848,0.23493393,0.9497124,-0.33081013,0.89675206,-0.29393947,-0.92071295,-0.3750224,-0.10791677
1356420860749,-0.20294929,0.23050454,0.9516717,-0.31797227,0.9037134,-0.2866979,-0.9261236,-0.3607904,-0.11011392
1356420860779,-0.19908297,0.22370668,0.9541076,-0.30755094,0.9101461,-0.2775724,-0.9304721,-0.34869665,-0.11239338
1356420860809,-0.19477937,0.21383189,0.9572549,-0.29980016,0.9162616,-0.26567724,-0.9339062,-0.33873364,-0.11436206
1356420860839,-0.18960315,0.20076226,0.9611166,-0.2947704,0.9220795,-0.2507585,-0.9365688,-0.3308533,-0.115650415
1356420860869,-0.18328509,0.18472144,0.9655487,-0.29224402,0.9275446,-0.23292594,-0.93861586,-0.32486776,-0.116021335
1356420860899,-0.17579624,0.16628735,0.9702804,-0.2917251,0.9325582,-0.21267746,-0.94020855,-0.32044303,-0.11543
1356420860929,-0.16738027,0.14613093,0.9750024,-0.29257816,0.9370398,-0.19066857,-0.9414786,-0.31717855,-0.114087224
1356420860959,-0.1586042,0.12514034,0.97937965,-0.29420447,0.940885,-0.16786622,-0.94249046,-0.31476218,-0.1124115
1356420860989,-0.15023008,0.10419977,0.9831446,-0.2961913,0.94401014,-0.1453118,-0.94324,-0.31302908,-0.110955656
1356420861029,-0.14354089,0.08439449,0.98603934,-0.29832485,0.9463198,-0.12442304,-0.9436092,-0.31201982,-0.110658586
1356420861059,-0.1378409,0.0637372,0.98840153,-0.30061382,0.94816077,-0.103065394,-0.9437326,-0.31133378,-0.11153507
1356420861099,-0.13615364,0.046767488,0.98958325,-0.30192935,0.9494061,-0.08641024,-0.9435575,-0.31054932,-0.11514461
1356420861129,-0.13619006,0.030917987,0.9902002,-0.3029104,0.9503455,-0.07133524,-0.94323784,-0.30965704,-0.12006223
1356420861159,-0.13883817,0.018321544,0.9901456,-0.3038936,0.95080173,-0.060205474,-0.9425352,-0.30925775,-0.12643981
1356420861189,-0.14378127,0.008504733,0.9895729,-0.30631727,0.9504709,-0.05267544,-0.9410083,-0.31069702,-0.13405478
1356420861229,-0.15264377,0.0020318627,0.9882792,-0.31389388,0.9481178,-0.05043149,-0.93710756,-0.31791285,-0.14408648
1356420861269,-0.16219833,-0.003734976,0.9867512,-0.32755136,0.94349515,-0.05027035,-0.9308071,-0.33136544,-0.1542567
1356420861309,-0.16941738,-0.009422928,0.9854993,-0.34619778,0.9367983,-0.050557643,-0.92273766,-0.34974304,-0.1619721
1356420861349,-0.17100883,-0.015059248,0.98515445,-0.36730403,0.92877954,-0.049561262,-0.91424495,-0.3703266,-0.16436082
1356420861389,-0.16451746,-0.019626305,0.9861789,-0.38791847,0.9205253,-0.046394095,-0.90689206,-0.39018965,-0.15905589
1356420861419,-0.15494362,-0.018413037,0.9877517,-0.40440422,0.9134021,-0.0464098,-0.9013599,-0.40664184,-0.14897215
1356420861449,-0.14022678,-0.0148834735,0.99000746,-0.41726893,0.9076454,-0.04545763,-0.8978992,-0.41947377,-0.13348663
1356420861489,-0.11319369,-0.011349529,0.99350816,-0.42616495,0.9038374,-0.038229227,-0.89753586,-0.42772564,-0.10714543
1356420861519,-0.08960503,0.00629054,0.99595755,-0.4298097,0.9018289,-0.044365436,-0.89846236,-0.43204755,-0.078104675
1356420861576,-0.055874016,0.022638395,0.99818116,-0.4278685,0.9027486,-0.044424325,-0.9021123,-0.42957243,-0.04075396
1356420861599,-0.018203888,0.04707645,0.9987254,-0.41902786,0.9065751,-0.05037047,-0.9077909,-0.4194107,0.0032231212
1356420861639,0.025963668,0.07365216,0.996946,-0.40269572,0.9135572,-0.05700408,-0.9149656,-0.3999858,0.0533787
1356420861679,0.07928753,0.095902905,0.9922278,-0.37709415,0.9242808,-0.059202492,-0.9227748,-0.3694693,0.10944837
1356420861719,0.14131224,0.10864984,0.9839848,-0.34085122,0.93852574,-0.054679915,-0.9294361,-0.32766545,0.1696586
1356420861759,0.20543665,0.110837355,0.9723738,-0.2967711,0.9538389,-0.0460248,-0.93258923,-0.2791173,0.22884679
1356420861789,0.25890225,0.107873015,0.95986104,-0.2560565,0.96585524,-0.039480813,-0.9313457,-0.23555696,0.27768368
1356420861829,0.29739287,0.10410878,0.9490621,-0.22448838,0.97379386,-0.036477312,-0.9279884,-0.20220532,0.31297058
1356420861859,0.32089853,0.09978112,0.94184273,-0.2043074,0.97831494,-0.03403479,-0.9248149,-0.18150376,0.33432585
1356420861900,0.32129246,0.107124284,0.9409014,-0.20372076,0.97813636,-0.041798443,-0.92480755,-0.17825164,0.33609128
1356420861939,0.30040842,0.123268664,0.94581157,-0.21703494,0.9744354,-0.058064654,-0.9287898,-0.18783106,0.3194822
1356420861979,0.2597649,0.14832604,0.95421255,-0.23839605,0.96739906,-0.08547735,-0.9357828,-0.20527649,0.28665668
1356420862019,0.20316708,0.17883566,0.9626737,-0.26148453,0.95738107,-0.12266755,-0.94358295,-0.22680232,0.24127108
1356420862049,0.14609224,0.20186266,0.96845675,-0.27846286,0.94776815,-0.1555441,-0.94927096,-0.24695545,0.19467282
1356420862095,0.073221266,0.23274352,0.96977794,-0.29175347,0.9348484,-0.20233226,-0.95368695,-0.268121,0.1363545
1356420862128,0.008774489,0.24599363,0.9692317,-0.29683152,0.92622125,-0.23239022,-0.95488954,-0.28565943,0.08114582
1356420862187,-0.049516708,0.25202864,0.96645206,-0.29711783,0.9201144,-0.2551678,-0.953556,-0.29978523,0.029321194
1356420862208,-0.09739995,0.24778953,0.9639054,-0.29556462,0.9176141,-0.26575547,-0.9503446,-0.31078088,-0.01613772
1356420862248,-0.13403884,0.23538542,0.9626149,-0.29417974,0.91814065,-0.26547316,-0.94630444,-0.3187655,-0.053820908
1356420862285,-0.15996319,0.21713203,0.96294624,-0.29322517,0.9210232,-0.25638902,-0.9425661,-0.3233729,-0.0836612
1356420862328,-0.17653707,0.19532908,0.9647182,-0.29203376,0.925586,-0.24084614,-0.93997395,-0.32424858,-0.106357574
1356420862367,-0.18513107,0.17111507,0.9677015,-0.2905333,0.9311743,-0.22023804,-0.9387848,-0.32192242,-0.1226747
1356420862407,-0.18734777,0.1458183,0.9714103,-0.2891126,0.9369314,-0.1964014,-0.93878365,-0.31764227,-0.1333741
1356420862448,-0.1851806,0.12055133,0.9752823,-0.28957152,0.94168836,-0.17138094,-0.93907213,-0.3141504,-0.13947415
1356420862487,-0.17999399,0.09677376,0.9788958,-0.2943892,0.9442379,-0.14747816,-0.93858254,-0.31472155,-0.14146799
1356420862527,-0.17120865,0.07580961,0.9823139,-0.30453837,0.94413716,-0.1259417,-0.9369867,-0.32071456,-0.13855755
1356420862577,-0.15766874,0.059628934,0.98569006,-0.31825194,0.9418476,-0.107883565,-0.9348027,-0.33070764,-0.12952286
1356420862609,-0.13986814,0.051344156,0.9888381,-0.3324585,0.93824553,-0.095742434,-0.9326887,-0.34213892,-0.114160895
1356420862649,-0.119704366,0.0541199,0.99133337,-0.3448937,0.934059,-0.09263931,-0.9309776,-0.35299397,-0.09314537
1356420862679,-0.10384858,0.07158697,0.99201345,-0.35379452,0.92951053,-0.1041134,-0.92954016,-0.36178097,-0.071201265
1356420862709,-0.08873898,0.09483056,0.9915304,-0.36064506,0.92485636,-0.120730475,-0.92847216,-0.36830407,-0.047870636
1356420862749,-0.06788868,0.12158702,0.9902564,-0.36508232,0.9206795,-0.13807294,-0.9284967,-0.3708987,-0.018114448
1356420862779,-0.049557388,0.16153882,0.98562133,-0.3664983,0.91505206,-0.16840053,-0.929098,-0.369574,0.013856113
1356420862819,-0.014995366,0.19412185,0.98086274,-0.36206377,0.9133476,-0.18629518,-0.9320327,-0.35792843,0.05658847
1356420862849,0.026571363,0.2252453,0.9739398,-0.35302395,0.91362226,-0.20166424,-0.93523693,-0.33846554,0.103793144
1356420862889,0.09035259,0.23761046,0.9671493,-0.33119267,0.92301834,-0.19582778,-0.9392273,-0.3026192,0.16209191
1356420862929,0.15922594,0.23630966,0.95854306,-0.30089438,0.9363512,-0.18085639,-0.940271,-0.2596232,0.22019565
1356420862969,0.21330637,0.2281915,0.9499627,-0.27375883,0.9473485,-0.16609325,-0.9378467,-0.22463192,0.2645449
1356420863009,0.24107438,0.2211162,0.9449819,-0.25945255,0.95294344,-0.15679017,-0.9351831,-0.20737988,0.28709942
1356420863039,0.25075912,0.21275537,0.9443807,-0.25360882,0.9559155,-0.14801385,-0.93423885,-0.20238747,0.29366118
1356420863080,0.2296912,0.2191818,0.9482622,-0.26310182,0.9520195,-0.15632087,-0.93702686,-0.213584,0.27633762
1356420863109,0.19969779,0.22094992,0.9546214,-0.27468684,0.9478039,-0.1619101,-0.9405679,-0.22988884,0.24996638
1356420863139,0.15964955,0.22613738,0.96092343,-0.2889617,0.9414779,-0.17355257,-0.9439349,-0.24996251,0.21565157
1356420863169,0.11144009,0.23322651,0.96601576,-0.3038076,0.93352735,-0.19033541,-0.9461934,-0.27227196,0.17488837
1356420863199,0.057429455,0.2405688,0.9689316,-0.31716108,0.92465234,-0.21077661,-0.94663125,-0.29520264,0.12940133
1356420863239,-0.010062188,0.2526223,0.9675126,-0.32805097,0.91317725,-0.2418468,-0.9446064,-0.31982696,0.073684394
1356420863269,-0.07050937,0.25255734,0.96500945,-0.33396894,0.90560913,-0.26141313,-0.9399432,-0.34071526,0.020492375
1356420863299,-0.12394946,0.24821202,0.9607431,-0.33589727,0.9005545,-0.27599755,-0.9337074,-0.35692075,-0.028249502
1356420863339,-0.1706509,0.24056277,0.95551443,-0.3329622,0.8986155,-0.28570342,-0.9273696,-0.36690575,-0.07325119
1356420863379,-0.20506567,0.22469199,0.95260775,-0.3276711,0.90136665,-0.28314275,-0.92226875,-0.37020493,-0.11121428
1356420863419,-0.22698224,0.20353208,0.95239365,-0.32171708,0.9073502,-0.2705803,-0.9192264,-0.36781824,-0.14047265
1356420863459,-0.23780546,0.17975855,0.95453405,-0.31640103,0.9147892,-0.25109956,-0.91833484,-0.36172846,-0.16066611
1356420863499,-0.23996383,0.15593126,0.95817685,-0.31253812,0.9220563,-0.22832449,-0.919096,-0.3542564,-0.1725257
1356420863539,-0.23588091,0.13443825,0.9624378,-0.3109919,0.92785716,-0.20582792,-0.92067593,-0.34786126,-0.17705458
1356420863581,-0.2263535,0.11728401,0.9669584,-0.31206697,0.9316641,-0.18605429,-0.9227016,-0.3438698,-0.17428493
1356420863619,-0.21050414,0.10626156,0.9718007,-0.31460446,0.933829,-0.1702568,-0.9255874,-0.34157258,-0.16314453
1356420863659,-0.18916965,0.104379624,0.9763809,-0.316417,0.9348164,-0.16124062,-0.92956716,-0.33944535,-0.1438114
1356420863699,-0.1649268,0.114631586,0.9796218,-0.3162885,0.9346218,-0.16261542,-0.9342167,-0.3366627,-0.1178875
1356420863739,-0.1405912,0.13920796,0.98023224,-0.31417748,0.9326218,-0.17750792,-0.93889654,-0.33292294,-0.087382436
1356420863779,-0.118428946,0.17911863,0.97667354,-0.31041223,0.9276202,-0.20776218,-0.9431961,-0.32777643,-0.05425644
1356420863819,-0.097710975,0.2319238,0.96781397,-0.3054189,0.9185538,-0.2509545,-0.9471916,-0.32010972,-0.018918872
1356420863859,-0.07379795,0.29201373,0.95356274,-0.29981992,0.90543896,-0.30048016,-0.9511372,-0.30807188,0.020731986
1356420863899,-0.038749583,0.3505794,0.9357312,-0.29482052,0.8907372,-0.3459309,-0.95476675,-0.28927734,0.06884229
1356420863939,0.01240807,0.39863688,0.91702485,-0.29159606,0.87867624,-0.37802094,-0.9564611,-0.26271033,0.12714362
1356420863979,0.07555354,0.43068826,0.8993327,-0.2906884,0.8722487,-0.3932969,-0.9538302,-0.23171061,0.19109756
1356420864019,0.1338706,0.4497282,0.88307595,-0.2930498,0.86920977,-0.39824137,-0.94667864,-0.20547244,0.2481544
1356420864059,0.17141926,0.46262968,0.8698214,-0.29971087,0.86553186,-0.40128297,-0.9385035,-0.19190729,0.28702396
1356420864099,0.18053265,0.47529247,0.8611069,-0.3093361,0.8585034,-0.40900257,-0.9336591,-0.1925331,0.30201304
1356420864139,0.16116643,0.4901209,0.85662526,-0.3186651,0.84732455,-0.42484546,-0.9340653,-0.20450574,0.2927447
1356420864179,0.11835007,0.5055293,0.85465395,-0.3239634,0.8332644,-0.4480158,-0.93863785,-0.2238539,0.2623899
1356420864219,0.05954933,0.51831543,0.8531137,-0.3225581,0.8187742,-0.4749369,-0.9446747,-0.24689656,0.21594429
1356420864260,-0.0072806925,0.5258256,0.8505613,-0.3135544,0.80648625,-0.50126195,-0.94954234,-0.27034673,0.15900314
1356420864299,-0.07443757,0.52670085,0.8467852,-0.2984101,0.79846674,-0.5228788,-0.9515306,-0.2916111,0.097736955
1356420864339,-0.13570242,0.52112544,0.8426228,-0.2804159,0.795511,-0.53714913,-0.9502378,-0.30917722,0.0381791
1356420864379,-0.18711703,0.51026976,0.83941174,-0.2627977,0.7973565,-0.54328626,-0.94653296,-0.32225358,-0.015101254
1356420864419,-0.22706461,0.4955994,0.83834535,-0.24742836,0.80322677,-0.54185414,-0.94192404,-0.33046627,-0.05975908
1356420864459,-0.25613147,0.4785913,0.8398494,-0.23485151,0.8119895,-0.53433865,-0.93767875,-0.33410087,-0.09557819
1356420864499,-0.27603212,0.4603144,0.8437517,-0.22506563,0.8224952,-0.5223477,-0.9344259,-0.33408424,-0.123434186
1356420864539,-0.28851092,0.4414374,0.8496437,-0.21777698,0.8338656,-0.50718963,-0.93238115,-0.3313626,-0.1444444
1356420864581,-0.29541618,0.42244807,0.8568938,-0.21299455,0.8452272,-0.49012685,-0.93132305,-0.32730508,-0.1597147
1356420864618,-0.29926342,0.40383446,0.86449933,-0.21218663,0.85516965,-0.47292885,-0.93027854,-0.3249655,-0.17023271
1356420864658,-0.30120814,0.38680506,0.87158227,-0.21702242,0.86223596,-0.45765755,-0.9285338,-0.32700303,-0.17576712
1356420864698,-0.29959393,0.3719715,0.87856746,-0.22773117,0.86636674,-0.44446287,-0.9264891,-0.33323553,-0.17484868
1356420864738,-0.29227042,0.36082003,0.8856562,-0.24219777,0.867975,-0.43354303,-0.92515844,-0.3412158,-0.16629362
1356420864778,-0.27876478,0.35554338,0.89212054,-0.2577091,0.8671786,-0.42613053,-0.9251358,-0.34869778,-0.15011215
1356420864817,-0.26023042,0.35833257,0.8965923,-0.27223206,0.8636835,-0.42419386,-0.9263745,-0.35446936,-0.1272071
1356420864858,-0.23842901,0.3705564,0.89768565,-0.28456897,0.85711354,-0.4293913,-0.92853224,-0.35783282,-0.09891188
1356420864898,-0.21387,0.3916262,0.89492375,-0.2943686,0.84769905,-0.44130886,-0.9314541,-0.35782015,-0.066014946
1356420864956,-0.18289973,0.41802052,0.8898351,-0.3023527,0.8373203,-0.45549703,-0.9354842,-0.3523543,-0.026756048
1356420864978,-0.13866034,0.44474334,0.8848596,-0.309182,0.829391,-0.46531385,-0.94083995,-0.33810323,0.022502959
1356420865018,-0.0738568,0.4656527,0.8818802,-0.31410712,0.82842505,-0.4637334,-0.9465104,-0.3112547,0.08508003
1356420865055,0.009005204,0.47595477,0.8794237,-0.31469685,0.83612114,-0.44929647,-0.94914955,-0.27270585,0.1573109
1356420865098,0.09517045,0.474313,0.87519705,-0.31061897,0.8494399,-0.42657667,-0.9457582,-0.23125528,0.22817218
1356420865138,0.16380815,0.4648919,0.87008184,-0.30627888,0.8623767,-0.4031126,-0.93774205,-0.2004546,0.28365093
1356420865178,0.20268303,0.45356104,0.8678722,-0.30600336,0.87121975,-0.38384643,-0.93020517,-0.1877726,0.31537265
1356420865218,0.21022284,0.44378555,0.8711262,-0.30978304,0.8753606,-0.37118495,-0.927276,-0.19182855,0.32149804
1356420865258,0.19019192,0.4363368,0.87945276,-0.3151156,0.8755373,-0.3662467,-0.92980057,-0.20747216,0.30401665
1356420865298,0.14806527,0.4303934,0.89041466,-0.31974763,0.8728168,-0.36871707,-0.93586224,-0.23011379,0.26685113
1356420865338,0.08939208,0.42475477,0.9008842,-0.32214025,0.86821866,-0.37738836,-0.942462,-0.25647557,0.21444249
1356420865378,0.02062951,0.41791192,0.9082534,-0.32099333,0.8631205,-0.38985425,-0.9468568,-0.28350073,0.15195268
1356420865418,-0.050536856,0.40848565,0.9113647,-0.315924,0.85913354,-0.40259355,-0.94743764,-0.30826777,0.0856325
1356420865458,-0.11662212,0.39587423,0.9108693,-0.3080075,0.8574935,-0.41211194,-0.94420904,-0.32861596,0.021929502
1356420865499,-0.17260022,0.38052648,0.9085201,-0.29861897,0.8587384,-0.41640735,-0.9386351,-0.34317333,-0.034586012
1356420865538,-0.21524613,0.36292177,0.90661836,-0.28862554,0.8632634,-0.41409114,-0.9329332,-0.35080472,-0.081065655
1356420865581,-0.24382704,0.34393227,0.90678495,-0.27761096,0.8711272,-0.40505502,-0.9292365,-0.3504968,-0.116925
1356420865619,-0.25989383,0.32384226,0.909715,-0.266422,0.8814736,-0.3899021,-0.92815655,-0.34370124,-0.14281082
1356420865659,-0.26545376,0.30360007,0.91507447,-0.254961,0.8932312,-0.3703146,-0.9298006,-0.33160973,-0.1597054
1356420865700,-0.26431587,0.28323972,0.921907,-0.24611437,0.9044442,-0.34843695,-0.9325047,-0.31899196,-0.16934961
1356420865739,-0.2602346,0.26389208,0.92878354,-0.24362858,0.91285527,-0.32762837,-0.9343035,-0.31153846,-0.17326486
1356420865779,-0.25407076,0.24686627,0.9351498,-0.24980868,0.91732055,-0.31003007,-0.93436813,-0.31237808,-0.171395
1356420865819,-0.24431902,0.2336691,0.94112,-0.26355025,0.91799766,-0.29634693,-0.9331931,-0.3204356,-0.16270077
1356420865859,-0.22978872,0.22649,0.9465196,-0.28141174,0.9155387,-0.28739566,-0.93166757,-0.332402,-0.14664352
1356420865899,-0.21133518,0.22798723,0.9504521,-0.29962122,0.9104885,-0.28502253,-0.9303572,-0.3450109,-0.12410843
1356420865939,-0.1904557,0.2400068,0.95190513,-0.31600606,0.90305483,-0.29091603,-0.9294443,-0.3562144,-0.09614837
1356420865979,-0.1693433,0.2640577,0.9495242,-0.32902807,0.8930157,-0.3070236,-0.929012,-0.36441258,-0.06434381
1356420866019,-0.14679849,0.2981584,0.9431605,-0.33854598,0.88076234,-0.33112577,-0.92942816,-0.36791196,-0.028354287
1356420866059,-0.117668435,0.33780882,0.9338305,-0.34522364,0.8677963,-0.3574216,-0.9311148,-0.3644376,0.014507353
1356420866099,-0.07411344,0.37573835,0.92375743,-0.3497676,0.8576684,-0.3769186,-0.93390024,-0.35103518,0.06785637
1356420866139,-0.011501864,0.40399584,0.9146885,-0.3511879,0.8548441,-0.38198,-0.9362344,-0.325621,0.13204616
1356420866179,0.064247206,0.41771138,0.90630543,-0.34723097,0.8607895,-0.3721184,-0.9355763,-0.29078972,0.20034564
1356420866219,0.13614625,0.41883686,0.89779735,-0.3385736,0.87134105,-0.3551517,-0.93103826,-0.25561786,0.2604369
1356420866259,0.18716997,0.41466102,0.8905188,-0.329852,0.88043416,-0.34063664,-0.9252919,-0.22998245,0.3015676
1356420866299,0.20937794,0.41199443,0.8868041,-0.32462975,0.8847566,-0.33439684,-0.92237544,-0.21786767,0.31899416
1356420866339,0.20316708,0.41376504,0.8874242,-0.32275763,0.8839715,-0.33826303,-0.9244191,-0.217699,0.31313974
1356420866379,0.17097741,0.42060214,0.8909886,-0.322649,0.87834376,-0.35271788,-0.93094814,-0.22716975,0.28588378
1356420866419,0.11951548,0.42893124,0.89539605,-0.32187682,0.8698891,-0.37374896,-0.93920785,-0.24353842,0.24202824
1356420866459,0.054876,0.43612194,0.89821273,-0.31847614,0.8602282,-0.39822152,-0.9463411,-0.26420656,0.1861003
1356420866499,-0.01619856,0.4394851,0.89810383,-0.31133994,0.8513497,-0.42222154,-0.9501605,-0.28645498,0.12303859
1356420866539,-0.08621293,0.43683273,0.89540184,-0.30113155,0.8452848,-0.4413767,-0.94967735,-0.30768615,0.058669627
1356420866581,-0.14955565,0.42777196,0.8914282,-0.28956476,0.8430904,-0.4531565,-0.9454022,-0.32589832,-0.0022212863
1356420866619,-0.20038718,0.41159466,0.889064,-0.2792516,0.84583074,-0.45452052,-0.9390759,-0.3393526,-0.054555178
1356420866659,-0.23798749,0.39097425,0.8891012,-0.27085552,0.8523725,-0.4473236,-0.9327374,-0.3472754,-0.09695643
1356420866699,-0.26176777,0.3656916,0.893167,-0.26487535,0.86268127,-0.4308389,-0.9280726,-0.3493577,-0.12895942
1356420866740,-0.27314174,0.33708978,0.9009796,-0.2606703,0.8756177,-0.406626,-0.92598313,-0.3459251,-0.15129846
1356420866779,-0.27505025,0.3067313,0.9111878,-0.25837854,0.8892939,-0.37735513,-0.9260604,-0.339223,-0.1653477
1356420866819,-0.27115062,0.27678186,0.92188346,-0.25974822,0.90119034,-0.34696797,-0.92682695,-0.3335382,-0.17246473
1356420866859,-0.26336378,0.24935162,0.9319137,-0.2666421,0.90956855,-0.31872723,-0.92711455,-0.33242866,-0.17305976
1356420866899,-0.25143078,0.22641464,0.9410202,-0.27871582,0.9141319,-0.29441515,-0.9268765,-0.33630225,-0.16673559
1356420866939,-0.23510718,0.21040148,0.94892347,-0.29355276,0.91532797,-0.27568367,-0.9265804,-0.34337434,-0.15343624
1356420866979,-0.21539614,0.20413128,0.95495284,-0.3084,0.9136398,-0.2648619,-0.92654943,-0.3515577,-0.13384038
1356420867019,-0.19417045,0.21004109,0.9582174,-0.32123107,0.90933645,-0.26441973,-0.92688096,-0.35915172,-0.1090945
1356420867059,-0.17322296,0.22932677,0.95781165,-0.33095425,0.9024078,-0.27591556,-0.92761153,-0.36478674,-0.08042109
1356420867099,-0.15261525,0.26104182,0.95318717,-0.33727932,0.89282304,-0.29851234,-0.9289517,-0.36704785,-0.048214436
1356420867139,-0.12756559,0.3003356,0.9452648,-0.34093118,0.88169897,-0.32614845,-0.931393,-0.36387557,-0.010080695
1356420867179,-0.091274306,0.34085712,0.9356737,-0.34286126,0.8713926,-0.35088602,-0.9349412,-0.35283318,0.037330925
1356420867219,-0.037061498,0.37324652,0.92699164,-0.343295,0.86641926,-0.36258256,-0.9384962,-0.33166945,0.096022844
1356420867258,0.034484476,0.3904087,0.91999555,-0.34069568,0.8699949,-0.35642004,-0.939541,-0.30114758,0.16301185
1356420867298,0.10758287,0.39423746,0.9126898,-0.33487505,0.8787434,-0.34010103,-0.9361007,-0.269048,0.22655803
1356420867338,0.16406375,0.39191318,0.9052552,-0.32920486,0.8868318,-0.32427377,-0.92989624,-0.2448129,0.2745167
1356420867378,0.19330871,0.3909865,0.8998673,-0.32698667,0.8904063,-0.31663275,-0.9250467,-0.2330368,0.2999707
1356420867418,0.19372144,0.39493394,0.898053,-0.32830536,0.8887131,-0.32000697,-0.92449313,-0.2328434,0.3018217
1356420867458,0.16901839,0.40299892,0.89945793,-0.3311811,0.88274795,-0.33327937,-0.92830586,-0.24155314,0.28266627
1356420867498,0.1252194,0.41202095,0.90252906,-0.33319685,0.874318,-0.35291344,-0.93450516,-0.25652826,0.24676567
1356420867538,0.068360135,0.4189991,0.90540975,-0.33214006,0.865321,-0.37536994,-0.9407497,-0.27506247,0.1983198
1356420867581,0.0033551008,0.42219624,0.9064982,-0.3264449,0.8573035,-0.39807588,-0.9452102,-0.29458618,0.14070016
1356420867619,-0.059015915,0.41653204,0.9072035,-0.31712735,0.8538872,-0.41268244,-0.94654495,-0.3120539,0.08170074
1356420867659,-0.11670765,0.40550846,0.9066103,-0.3060062,0.8537564,-0.4212601,-0.94484895,-0.32659265,0.024448156
1356420867699,-0.16504638,0.38738704,0.90702313,-0.2955966,0.85793203,-0.42020857,-0.9409476,-0.33746684,-0.027088284
1356420867739,-0.20252848,0.363561,0.9092885,-0.28732345,0.86560416,-0.41009107,-0.936177,-0.34431502,-0.070849895
1356420867779,-0.22931272,0.33555,0.913686,-0.28149247,0.8757262,-0.39225703,-0.9317606,-0.3471452,-0.106360376
1356420867838,-0.24615529,0.3044219,0.92018193,-0.27793813,0.88735104,-0.36791098,-0.92852455,-0.34631687,-0.1338157
1356420867858,-0.2537915,0.27105385,0.92850405,-0.27611113,0.89969015,-0.33811283,-0.92701274,-0.34218043,-0.15349275
1356420867898,-0.2529937,0.23634166,0.93815607,-0.2752692,0.91203856,-0.3039943,-0.927481,-0.33515412,-0.16568244
1356420867935,-0.24582571,0.20167065,0.9481027,-0.27594483,0.923085,-0.2678966,-0.92920625,-0.3274799,-0.17126805
1356420867979,-0.23480433,0.16920176,0.95720303,-0.28012195,0.93117946,-0.23331627,-0.9308053,-0.32291725,-0.17124784
1356420868018,-0.2211102,0.14075343,0.96503824,-0.28941482,0.9354838,-0.20275378,-0.93131596,-0.32412732,-0.16610885
1356420868058,-0.20426834,0.11802853,0.97177345,-0.303014,0.9363256,-0.17741719,-0.9308366,-0.33070168,-0.15549737
1356420868098,-0.18395019,0.103213534,0.97750163,-0.31814486,0.93468803,-0.15856269,-0.93002486,-0.34015474,-0.13909918
1356420868138,-0.16080078,0.09883762,0.9820256,-0.33200336,0.9315757,-0.14812353,-0.9294714,-0.34985414,-0.11698365
1356420868178,-0.13654205,0.10735591,0.9848,-0.34278542,0.9275789,-0.14864513,-0.92943776,-0.35787138,-0.089853525
1356420868217,-0.112835616,0.12975559,0.98510486,-0.34995702,0.9227178,-0.1616228,-0.9299453,-0.36298114,-0.058706522
1356420868258,-0.088209204,0.16354728,0.9825841,-0.35375375,0.91698426,-0.18438588,-0.93117,-0.36385733,-0.023030996
1356420868298,-0.05931195,0.20475248,0.9770151,-0.35428026,0.91070694,-0.21236372,-0.93325645,-0.35873288,0.018523932
1356420868352,-0.012125872,0.23954666,0.9708091,-0.34983516,0.9085062,-0.22854301,-0.93673277,-0.34239444,0.07278544
1356420868385,0.055107445,0.26294944,0.96323454,-0.3372589,0.912905,-0.2299153,-0.93979764,-0.31218937,0.13898993
1356420868429,0.13284963,0.26862648,0.9540392,-0.3160394,0.923806,-0.2161054,-0.93939877,-0.27280447,0.20762384
1356420868466,0.1985727,0.26444376,0.94373643,-0.2942536,0.9345747,-0.1999623,-0.93487096,-0.23799075,0.26339453
1356420868508,0.23986202,0.26096857,0.93507314,-0.2810822,0.9406045,-0.19040996,-0.92922497,-0.21716028,0.2989689
1356420868582,0.24335933,0.27307627,0.9307017,-0.28670403,0.93692416,-0.19993481,-0.9265943,-0.21817991,0.3063013
1356420868595,0.2267707,0.28366128,0.93172485,-0.29735187,0.9311361,-0.21111014,-0.9274464,-0.22917655,0.2955016
1356420868638,0.18852556,0.3036007,0.9339618,-0.31163564,0.9203577,-0.23627298,-0.93131155,-0.24651231,0.26812375
1356420868677,0.13522643,0.3266584,0.93541867,-0.3242899,0.9066832,-0.26974353,-0.9362424,-0.26687035,0.22853953
1356420868718,0.070753954,0.3505505,0.9338674,-0.33210978,0.8910782,-0.30932635,-0.9405834,-0.2882604,0.17946857
1356420868758,0.0030277893,0.3689422,0.9294474,-0.3328156,0.8768367,-0.3469743,-0.9429871,-0.30828398,0.12544459
1356420868798,-0.061878324,0.37938643,0.9231668,-0.32693374,0.86620575,-0.37789142,-0.9430192,-0.3251977,0.07043487
1356420868838,-0.11850524,0.37993357,0.9173915,-0.31709388,0.86104494,-0.39755893,-0.9409613,-0.33801198,0.018436253
1356420868878,-0.163952,0.37099186,0.91404855,-0.30634746,0.8616255,-0.40466377,-0.93769443,-0.3463619,-0.027612746
1356420868918,-0.19737291,0.35408205,0.91414976,-0.2967978,0.86714756,-0.3999577,-0.93432057,-0.35025844,-0.06606066
1356420868958,-0.21925437,0.3310331,0.91779333,-0.2893784,0.8762908,-0.38519427,-0.93176585,-0.3500451,-0.09633672
1356420868998,-0.23095462,0.30367023,0.9243615,-0.28404558,0.88761604,-0.36256835,-0.93057936,-0.3462977,-0.11874282
1356420869038,-0.23439473,0.27377307,0.9327955,-0.28022617,0.89976984,-0.3344959,-0.9308772,-0.3397978,-0.13418293
1356420869078,-0.23202407,0.24314858,0.9418299,-0.2781752,0.91122854,-0.30377805,-0.9320855,-0.33247757,-0.14378905
1356420869118,-0.22621965,0.21366431,0.9503537,-0.27974224,0.92029583,-0.27349558,-0.9330428,-0.3277242,-0.14841807
1356420869158,-0.21781623,0.18651266,0.9580026,-0.2868729,0.9259765,-0.24550238,-0.93287724,-0.32829943,-0.14818728
1356420869198,-0.20593926,0.16249901,0.9649783,-0.29914102,0.9284563,-0.22018956,-0.9317208,-0.33401024,-0.14259553
1356420869237,-0.18991244,0.1433687,0.9712768,-0.3137868,0.92853105,-0.19841337,-0.930307,-0.34245503,-0.13135242
1356420869278,-0.16959772,0.13153225,0.9766964,-0.3282831,0.9269128,-0.18183234,-0.92922914,-0.35147128,-0.114022434
1356420869318,-0.14671063,0.1308234,0.9804903,-0.34040102,0.9239992,-0.17422013,-0.92876434,-0.3593198,-0.091028094
1356420869358,-0.122376174,0.14285251,0.9821493,-0.34919292,0.9201168,-0.17733955,-0.9290255,-0.3646617,-0.06271732
1356420869398,-0.097204246,0.16786447,0.981006,-0.35413703,0.9153314,-0.19171673,-0.9301281,-0.36604625,-0.029527068
1356420869438,-0.06842989,0.20172992,0.9770478,-0.35523328,0.9102305,-0.21281384,-0.9322697,-0.36164272,0.009374201
1356420869478,-0.0302485,0.23678923,0.97109014,-0.35230172,0.90666145,-0.23205286,-0.93539757,-0.34913594,0.05599612
1356420869517,0.02269756,0.26364127,0.9643537,-0.34406444,0.90773803,-0.24006525,-0.9386716,-0.32635096,0.111313045
1356420869583,0.09030187,0.2746589,0.9572921,-0.32808468,0.91576785,-0.23179668,-0.9403223,-0.2931412,0.17280692
1356420869599,0.15914434,0.27257395,0.9488818,-0.30633932,0.9273241,-0.2150028,-0.93852514,-0.2564633,0.2310785
1356420869639,0.21220255,0.26667506,0.9401353,-0.2873888,0.93653244,-0.20078513,-0.93401164,-0.22757724,0.275374
1356420869679,0.23933452,0.26608458,0.93376553,-0.27955315,0.9398756,-0.1961731,-0.9298221,-0.21408609,0.29932946
1356420869719,0.23869282,0.2753574,0.931238,-0.2842302,0.93677104,-0.2041402,-0.9285683,-0.21595912,0.3018654
1356420869759,0.21252537,0.29471993,0.9316508,-0.29726547,0.92774206,-0.22567213,-0.93084174,-0.22898653,0.28477877
1356420869799,0.1657362,0.3206001,0.93260235,-0.31250834,0.9140166,-0.25867388,-0.9353449,-0.2485744,0.25167584
1356420869839,0.104213595,0.34817702,0.9316181,-0.32451767,0.89735466,-0.2990701,-0.9401212,-0.27115938,0.2065062
1356420869879,0.03509336,0.37185887,0.92762566,-0.3294718,0.88061094,-0.34054765,-0.9435129,-0.29367557,0.15342063
1356420869919,-0.034094438,0.38694662,0.9214716,-0.32662922,0.86706316,-0.37618458,-0.9445374,-0.31380534,0.09682608
1356420869959,-0.09712665,0.39090496,0.915292,-0.3184895,0.8590751,-0.40069237,-0.94293725,-0.33042887,0.04106009
1356420869999,-0.15015933,0.38355052,0.91123056,-0.3088721,0.8573475,-0.41176856,-0.93917525,-0.3432846,-0.010270655
1356420870039,-0.19145617,0.3662017,0.91062665,-0.30069202,0.86129355,-0.4095823,-0.9343066,-0.35223523,-0.054786086
1356420870079,-0.22053659,0.3404379,0.9140382,-0.29526812,0.86983913,-0.3952172,-0.9296131,-0.35704616,-0.09131092
1356420870119,-0.23788506,0.3078667,0.9212105,-0.2926364,0.8816496,-0.3702133,-0.9261613,-0.35764793,-0.119638264
1356420870159,-0.24454588,0.26994675,0.93130344,-0.2921632,0.89531463,-0.3362326,-0.92457455,-0.3543169,-0.140077
1356420870198,-0.242419,0.22858156,0.9428592,-0.29342592,0.90905774,-0.2958298,-0.9247347,-0.3483741,-0.15330112
1356420870237,-0.23422939,0.18659805,0.9541057,-0.29732078,0.92063534,-0.25304326,-0.9256008,-0.34294567,-0.16016036
1356420870278,-0.22118771,0.14650045,0.9641647,-0.3056209,0.928438,-0.21118402,-0.9261057,-0.34138024,-0.16058546
1356420870318,-0.20302746,0.110499576,0.97291815,-0.31827438,0.93221045,-0.17229334,-0.92600286,-0.34463522,-0.15409517
1356420870358,-0.17991573,0.082020655,0.98025656,-0.33305514,0.9325817,-0.1391603,-0.92558336,-0.35151663,-0.14046872
1356420870398,-0.15379125,0.06587532,0.985905,-0.34732872,0.93049705,-0.11635291,-0.9250465,-0.36032718,-0.12022191
1356420870438,-0.12779778,0.06721927,0.9895198,-0.35932875,0.9267805,-0.10936509,-0.9244191,-0.3695395,-0.09428668
1356420870478,-0.10477099,0.089714095,0.9904415,-0.36830425,0.9216077,-0.1224391,-0.923783,-0.37761188,-0.06351566
1356420870518,-0.085853904,0.13460225,0.98717344,-0.37378347,0.9141065,-0.15714723,-0.92353404,-0.3824808,-0.028167486
1356420870583,-0.06836245,0.19844928,0.9777241,-0.37551656,0.9028264,-0.20950337,-0.924291,-0.38147378,0.012801528
1356420870599,-0.043353975,0.2692755,0.96208686,-0.37414616,0.888537,-0.26554978,-0.9263558,-0.37147373,0.062226772
1356420870639,-5.9986115E-4,0.33119842,0.94356096,-0.3704867,0.8763416,-0.30783933,-0.92883766,-0.34976143,0.12217891
1356420870679,0.061441466,0.37335375,0.92565215,-0.3640547,0.8718964,-0.32750714,-0.9293487,-0.3168655,0.18949181
1356420870738,0.1260283,0.40194857,0.90694773,-0.35616642,0.87161523,-0.3367972,-0.9258846,-0.28057835,0.25300878
1356420870758,0.17076412,0.4331446,0.8850002,-0.35319945,0.8654113,-0.35540605,-0.9198314,-0.25189096,0.3007676
1356420870798,0.1807688,0.48144856,0.8576304,-0.3607929,0.8436661,-0.39756256,-0.91495955,-0.23756008,0.32621175
1356420870835,0.15328436,0.548795,0.82178336,-0.37523574,0.8016487,-0.46535742,-0.91416734,-0.2370305,0.3288077
1356420870878,0.093959525,0.6256958,0.77438766,-0.3851988,0.7400969,-0.55125165,-0.91803783,-0.24649788,0.31055647
1356420870918,0.018063664,0.69460595,0.7191637,-0.37992856,0.6700966,-0.6376715,-0.92483956,-0.26171204,0.27600497
1356420870958,-0.05965355,0.7450023,0.66438925,-0.35689992,0.6056614,-0.71119386,-0.93223596,-0.27954566,0.22976142
1356420870998,-0.1293065,0.7750257,0.61855876,-0.32050833,0.5576462,-0.76570565,-0.9383786,-0.29726392,0.17629492
1356420871038,-0.18687621,0.7881763,0.58639187,-0.27797207,0.5300888,-0.8010852,-0.9422361,-0.31270427,0.120029986
1356420871078,-0.23253486,0.7892876,0.56828916,-0.23597723,0.52106035,-0.82025045,-0.9435265,-0.32484013,0.065089226
1356420871118,-0.26825124,0.78238267,0.56206644,-0.19893861,0.52588457,-0.82696366,-0.94258404,-0.3336507,0.014576912
1356420871158,-0.2959622,0.7700908,0.5651251,-0.16898805,0.54008526,-0.8244701,-0.9401326,-0.33951145,-0.029708683
1356420871198,-0.3170476,0.75391996,0.57540035,-0.14675263,0.56039494,-0.81512034,-0.9369869,-0.34287345,-0.06703216
1356420871237,-0.33227605,0.73448575,0.59171224,-0.13232517,0.58485013,-0.80027515,-0.9338536,-0.34421068,-0.09714079
1356420871278,-0.34157473,0.7117331,0.61381,-0.1255039,0.61270005,-0.7802868,-0.9314373,-0.34356177,-0.119957566
1356420871318,-0.3443492,0.6846967,0.6423504,-0.12613434,0.6442515,-0.7543408,-0.93032986,-0.34077913,-0.13548374
1356420871358,-0.3413892,0.6537255,0.67534906,-0.13322702,0.6776062,-0.72325677,-0.93043214,-0.33688682,-0.14423352
1356420871398,-0.33499172,0.6209108,0.70869625,-0.14593248,0.7088878,-0.6900592,-0.93085146,-0.3345859,-0.14686054
1356420871438,-0.3263219,0.5889412,0.7393661,-0.16391338,0.7350783,-0.65786946,-0.9309384,-0.33586922,-0.14333677
1356420871478,-0.31445283,0.5602441,0.76631975,-0.18616715,0.7551975,-0.62850493,-0.93083894,-0.3402987,-0.13317496
1356420871518,-0.29882348,0.5383815,0.7879404,-0.2101355,0.76827914,-0.6046406,-0.93088543,-0.346255,-0.11644679
1356420871582,-0.28075016,0.52860624,0.8010961,-0.23265094,0.77229166,-0.5911338,-0.93115675,-0.35233662,-0.09384024
1356420871599,-0.26231176,0.53553665,0.80274093,-0.25168133,0.7651105,-0.59267396,-0.9315841,-0.35750026,-0.0659129
1356420871639,-0.24546216,0.5616653,0.79011416,-0.26625502,0.74464303,-0.61205804,-0.93212473,-0.36060897,-0.03323549
1356420871679,-0.23048621,0.6050126,0.76212597,-0.27663583,0.7101564,-0.6474184,-0.93292487,-0.36005235,0.003686905
1356420871721,-0.211617,0.65496755,0.7254212,-0.2866924,0.6679805,-0.6867384,-0.9343585,-0.35329822,0.04641813
1356420871759,-0.18222225,0.70125383,0.6892301,-0.30032617,0.6277729,-0.7181263,-0.9362688,-0.33785248,0.09621072
1356420871799,-0.13534406,0.7338706,0.66566944,-0.3199675,0.6034796,-0.73036504,-0.9377115,-0.31184316,0.15313739
1356420871839,-0.07781634,0.7539886,0.65226203,-0.34101427,0.59465253,-0.72807807,-0.9368318,-0.279087,0.2108472
1356420871879,-0.028233737,0.7687699,0.63890195,-0.35828954,0.58890545,-0.7244439,-0.93318355,-0.24936561,0.25881523
1356420871919,-0.0033915937,0.7851504,0.61929595,-0.37035045,0.5742756,-0.73010147,-0.92888606,-0.23183264,0.28883302
1356420871959,-0.0071742237,0.8035355,0.5952136,-0.37594348,0.54939485,-0.74621165,-0.9266148,-0.22912017,0.2981425
1356420871999,-0.0329687,0.8193309,0.57237226,-0.37211674,0.5214477,-0.76786804,-0.9276002,-0.23830494,0.2876953
1356420872039,-0.07085255,0.8278483,0.55645937,-0.35735872,0.49976507,-0.7890054,-0.9312758,-0.2547587,0.2604292
1356420872084,-0.114423245,0.8274362,0.5497788,-0.33252084,0.48959145,-0.8060584,-0.93612885,-0.2750447,0.21911913
1356420872118,-0.1552481,0.8160684,0.5567138,-0.3036281,0.4968505,-0.81298804,-0.9400574,-0.29524887,0.17064625
1356420872158,-0.19416499,0.79724294,0.57158,-0.2730294,0.5157258,-0.8120849,-0.9422075,-0.31373656,0.117534816
1356420872198,-0.2287299,0.7707249,0.59469813,-0.24505457,0.54563594,-0.8013924,-0.9421417,-0.32903582,0.06406635
1356420872237,-0.25773913,0.7376352,0.6240712,-0.22285491,0.5830946,-0.7812403,-0.94016284,-0.34043354,0.0140993
1356420872278,-0.2807463,0.69940263,0.6572803,-0.20746893,0.6244085,-0.75304097,-0.9370903,-0.34777874,-0.030196011
1356420872318,-0.29724795,0.6566423,0.69315547,-0.1992701,0.66731817,-0.7176196,-0.93377465,-0.35143608,-0.06750977
1356420872358,-0.3075988,0.61075914,0.7296275,-0.19747813,0.70913196,-0.67685616,-0.9307983,-0.35228562,-0.09751654
1356420872398,-0.3119465,0.56251836,0.7656778,-0.20143023,0.7484158,-0.6319016,-0.9285016,-0.35135013,-0.12015748
1356420872438,-0.31012726,0.5123843,0.80080175,-0.210081,0.7845746,-0.58335984,-0.92719316,-0.34914902,-0.13567579
1356420872478,-0.30271417,0.4610983,0.83411777,-0.22201073,0.8169902,-0.5322013,-0.9268632,-0.34628794,-0.14494574
1356420872518,-0.29125795,0.41033986,0.8641701,-0.23642007,0.8444394,-0.48065346,-0.9269705,-0.34430134,-0.14893705
1356420872584,-0.27621418,0.36214048,0.8902584,-0.25306767,0.866202,-0.43087226,-0.9271799,-0.3443086,-0.1476112
1356420872599,-0.25641763,0.3185688,0.912559,-0.27073047,0.8826621,-0.38420385,-0.92787665,-0.34557414,-0.14008385
1356420872639,-0.23143429,0.28248206,0.9309362,-0.28711614,0.89445966,-0.34279186,-0.9295174,-0.34662056,-0.12590349
1356420872679,-0.20362803,0.2580504,0.9444287,-0.30015203,0.9017346,-0.3111006,-0.9319036,-0.346821,-0.10616404
1356420872719,-0.17576909,0.24830955,0.9526005,-0.30948246,0.90466523,-0.2929187,-0.93451905,-0.3462992,-0.082164764
1356420872759,-0.14989111,0.25450817,0.9553838,-0.31567416,0.9034051,-0.29018784,-0.9369538,-0.34508657,-0.055070758
1356420872797,-0.12587243,0.2749287,0.9531896,-0.31952018,0.89839536,-0.30131826,-0.93918216,-0.34249094,-0.025237918
1356420872838,-0.09920601,0.30382177,0.9475497,-0.3216944,0.8913192,-0.31947264,-0.94163203,-0.3365151,0.009313583
1356420872878,-0.06334588,0.33389312,0.94048005,-0.32191426,0.8851651,-0.33593744,-0.9446474,-0.32403415,0.051413357
1356420872918,-0.0124076605,0.35571462,0.93451226,-0.31909132,0.88431156,-0.34084275,-0.9476427,-0.30242386,0.10253322
1356420872958,0.04984402,0.36440492,0.9299058,-0.31259167,0.8899778,-0.33200297,-0.94857895,-0.2741324,0.15827
1356420872998,0.10905201,0.3621687,0.9257114,-0.30497774,0.89854205,-0.31561175,-0.94609535,-0.24790326,0.2084412
1356420873038,0.15030685,0.3555508,0.92249197,-0.30082217,0.9052961,-0.2999084,-0.9417611,-0.23242776,0.24302977
1356420873078,0.16651398,0.34992084,0.92186147,-0.30225578,0.90801996,-0.290071,-0.93857056,-0.23033707,0.2569636
1356420873118,0.15780732,0.34711543,0.92445,-0.3077909,0.90683204,-0.28795904,-0.9382759,-0.23909521,0.24994367
1356420873158,0.12886572,0.3454751,0.9295379,-0.31426683,0.9032658,-0.2921426,-0.9405478,-0.25447574,0.22497135
1356420873198,0.08614099,0.34200802,0.9357405,-0.31900474,0.8992511,-0.2993049,-0.9438304,-0.2727232,0.18656456
