1356420563130,0.031432375,-0.77387273,0.6325607,0.17918849,0.626983,0.758145,-0.98331255,0.089517266,0.15837663
1356420563157,0.15535724,-0.03974332,0.9870586,0.09465514,0.9951918,0.025172632,-0.983313,0.08951941,0.15837216
1356420563185,0.15534467,-0.03966155,0.9870638,0.09464691,0.9951946,0.025092673,-0.98331577,0.08952454,0.15835202
1356420563227,0.15533772,-0.0393973,0.98707557,0.094646156,0.99520135,0.024827,-0.983317,0.089566335,0.15832108
1356420563271,0.15547627,-0.03827615,0.9870978,0.09452061,0.9952406,0.0237041,-0.9833072,0.08961567,0.15835416
1356420563309,0.1559608,-0.034838077,0.9871487,0.09390585,0.99537426,0.020292073,-0.9832893,0.089534275,0.15851086
1356420563349,0.15704086,-0.027076535,0.9872208,0.092347816,0.9956469,0.012617528,-0.983265,0.08918622,0.1588577
1356420563389,0.15889823,-0.014420502,0.98718965,0.08966761,0.99597174,1.15875155E-4,-0.9832146,0.08850053,0.1595512
1356420563429,0.16157588,0.0035602637,0.98685384,0.08578919,0.99615717,-0.017639942,-0.98312426,0.087511584,0.16064954
1356420563469,0.16478306,0.027341135,0.9859509,0.0807794,0.9958836,-0.041117333,-0.98301643,0.08641996,0.16189617
1356420563508,0.16807872,0.054106757,0.9842876,0.075222805,0.9948772,-0.06753406,-0.9828994,0.08539191,0.16314763
1356420563552,0.17133313,0.082966104,0.9817136,0.06940994,0.99295545,-0.09602991,-0.98276514,0.08459379,0.1643675
1356420563590,0.17441505,0.11136833,0.978354,0.06379604,0.9902178,-0.12409198,-0.98260343,0.08405863,0.16560405
1356420563630,0.17714295,0.13793391,0.9744715,0.058662474,0.9868901,-0.1503556,-0.9824353,0.08379934,0.1667291
1356420563672,0.17917201,0.16204907,0.97038007,0.05428782,0.98320997,-0.17421536,-0.98231876,0.08389433,0.16736639
1356420563712,0.18009287,0.18404517,0.9662784,0.05101324,0.9792706,-0.1960275,-0.98232585,0.08459614,0.16697091
1356420563750,0.17980772,0.20368633,0.962383,0.049096942,0.9752505,-0.21558276,-0.9824757,0.08601349,0.16535717
1356420563790,0.1782265,0.22146326,0.9587436,0.04874847,0.9711597,-0.23339343,-0.9827812,0.08833418,0.1622904
1356420563832,0.17556727,0.23672846,0.9555814,0.049888797,0.9672716,-0.2487905,-0.9832026,0.09135229,0.15801114
1356420563879,0.17201382,0.24944925,0.9529881,0.052083336,0.9637517,-0.26166767,-0.98371667,0.09464525,0.15278643
1356420563911,0.16763514,0.2601699,0.95089966,0.054730862,0.96060526,-0.27247396,-0.9843287,0.09771978,0.14679188
1356420563950,0.16247895,0.26987475,0.94908816,0.05729699,0.9576658,-0.2821228,-0.98504704,0.100218914,0.14013755
1356420563990,0.15681443,0.27902958,0.9473921,0.05928289,0.9548708,-0.29104492,-0.98584723,0.1018042,0.13319582
1356420564030,0.15138036,0.28665274,0.945999,0.060062364,0.95259243,-0.2982619,-0.98664916,0.101969935,0.12698674
1356420564070,0.14699903,0.291634,0.94516706,0.058786146,0.95128274,-0.3026638,-0.98738813,0.10005401,0.1226936
1356420564110,0.14409235,0.29391876,0.944907,0.05457458,0.95105815,-0.30415443,-0.98805827,0.09539423,0.120999694
1356420564171,0.14263731,0.29432812,0.94500035,0.046818733,0.9516876,-0.3034777,-0.9886672,0.087530985,0.121966064
1356420564191,0.14228213,0.29382008,0.9452118,0.035934806,0.9527644,-0.30157703,-0.9891736,0.076875016,0.12500298
1356420564230,0.14249012,0.29260755,0.9455567,0.022580922,0.95409477,-0.29865253,-0.9895386,0.06390658,0.12934172
1356420564270,0.14249364,0.290482,0.9462113,0.0077651143,0.9556087,-0.29453635,-0.9897652,0.049316995,0.13391256
1356420564312,0.14155227,0.28649133,0.94756824,-0.0074007064,0.95748615,-0.28838438,-0.98990303,0.033808768,0.1376546
1356420564350,0.13931587,0.27895576,0.9501446,-0.021534398,0.9601282,-0.27872938,-0.9900138,0.018370643,0.13976824
1356420564390,0.13595074,0.26627368,0.95426184,-0.033234224,0.9638883,-0.264225,-0.990158,0.0042074174,0.13989073
1356420564430,0.13205647,0.24748233,0.95985085,-0.041501574,0.9688626,-0.24409609,-0.9903731,-0.007600829,0.13821548
1356420564470,0.12844151,0.22285974,0.966352,-0.046068035,0.974712,-0.21866463,-0.9906465,-0.01643233,0.1354602
1356420564510,0.12606329,0.19299789,0.97306716,-0.04697731,0.9809536,-0.18847603,-0.9909092,-0.02195219,0.13272876
1356420564550,0.12577292,0.15881966,0.9792638,-0.044321466,0.9870162,-0.1543845,-0.9910685,-0.023985006,0.13117903
1356420564590,0.12798774,0.12191638,0.9842538,-0.038592637,0.99227625,-0.11789169,-0.9910247,-0.022896253,0.13170427
1356420564630,0.13272747,0.08424559,0.98756576,-0.03123136,0.9962419,-0.08078826,-0.9906604,-0.020120194,0.1348598
1356420564670,0.13994148,0.047039684,0.9890418,-0.023891572,0.9987405,-0.044120498,-0.9898715,-0.017455472,0.14088911
1356420564711,0.14909852,0.012168744,0.9887475,-0.016761567,0.9998117,-0.009777347,-0.98868024,-0.01511517,0.14927441
1356420564750,0.15854064,-0.015206947,0.9872353,-0.008244953,0.99982613,0.016724952,-0.98731804,-0.010791293,0.15838772
1356420564790,0.16624308,-0.029233817,0.9856514,0.0031788796,0.99957114,0.02911051,-0.9860797,-0.001706156,0.16626471
1356420564830,0.17100146,-0.028474214,0.9848593,0.017747285,0.9995092,0.025816303,-0.98511094,0.013063951,0.1714229
1356420564870,0.17234683,-0.01736853,0.9848832,0.03444618,0.9993393,0.011595656,-0.9844339,0.03192699,0.17283124
1356420564911,0.16960466,-0.002802845,0.98550814,0.05188809,0.99863434,-0.006089693,-0.9841452,0.05216898,0.16951847
1356420564950,0.16153944,0.008944556,0.98682564,0.06910808,0.99740154,-0.02035313,-0.9844435,0.07148546,0.16050154
1356420564990,0.14681914,0.012698166,0.98908186,0.08575251,0.9959897,-0.025515944,-0.9854393,0.08856248,0.14514148
1356420565030,0.12451589,0.0050711073,0.99220467,0.101444796,0.99468166,-0.017814495,-0.9870181,0.102872185,0.123339236
1356420565070,0.09412223,-0.01279648,0.99547833,0.11478944,0.993388,0.0019163042,-0.98892075,0.11409004,0.094968796
1356420565111,0.055363744,-0.03454696,0.9978684,0.1233425,0.99198306,0.027499918,-0.9908186,0.12155709,0.059181035
1356420565170,0.007896304,-0.050496902,0.99869305,0.12469001,0.9909791,0.049120992,-0.9921643,0.124139175,0.014121532
1356420565191,-0.04878953,-0.052126125,0.99744797,0.11780645,0.9913663,0.05757073,-0.99183726,0.12031466,-0.042227507
1356420565230,-0.11478311,-0.03440086,0.9927948,0.10406557,0.99348485,0.04645643,-0.98792475,0.108648166,-0.110455334
1356420565270,-0.18686485,-0.0029347315,0.9823812,0.088038236,0.99592185,0.01972149,-0.9784328,0.090172365,-0.18584442
1356420565311,-0.25567186,0.024023138,0.9664651,0.07426668,0.99722517,-0.005140979,-0.9639069,0.07046175,-0.25674653
1356420565350,-0.30922267,0.02580216,0.9506396,0.061960615,0.99805456,-0.0069346316,-0.9489691,0.056757864,-0.31021976
1356420565390,-0.33953944,-0.0068813004,0.9405667,0.046943266,0.9986031,0.024252161,-0.9394197,0.052387834,-0.33874208
1356420565430,-0.3439652,-0.070703715,0.93631667,0.02778316,0.9959581,0.08541381,-0.9385713,0.055393215,-0.34061056
1356420565470,-0.32386327,-0.15501711,0.93331796,0.008499049,0.9859691,0.16671127,-0.94606584,0.06192395,-0.3180017
1356420565511,-0.2849515,-0.24474874,0.9267689,-0.0038050488,0.967134,0.25423878,-0.95853436,0.068919346,-0.27651757
1356420565551,-0.23459268,-0.32780302,0.9151566,-0.0050098747,0.9418235,0.33607066,-0.97208095,0.074254885,-0.22258711
1356420565590,-0.17876121,-0.398201,0.89971125,0.0041427016,0.9141279,0.40540475,-0.98388374,0.07619791,-0.16176099
1356420565630,-0.121651284,-0.4540134,0.882651,0.02065079,0.8879054,0.45956233,-0.9923581,0.07413378,-0.09863907
1356420565670,-0.067094535,-0.49352354,0.8671406,0.04132265,0.8669789,0.4966288,-0.9968905,0.06915364,-0.037775815
1356420565710,-0.018105358,-0.51515204,0.85690755,0.06290959,0.8547629,0.5151919,-0.997855,0.06323543,0.01693225
1356420565750,0.02415958,-0.5182204,0.8549058,0.08228189,0.8532847,0.5149125,-0.99631625,0.0579032,0.06325513
1356420565790,0.060141347,-0.5025246,0.8624686,0.096973926,0.8628869,0.4960062,-0.99346817,0.053806484,0.100626945
1356420565830,0.09087238,-0.46785322,0.8791221,0.10548064,0.88233054,0.45865744,-0.99026066,0.051051006,0.12952894
1356420565870,0.11721289,-0.4135537,0.9029034,0.10680956,0.9091465,0.40254742,-0.98734635,0.04925494,0.1507352
1356420565910,0.13956434,-0.3394727,0.93020433,0.09989188,0.93943274,0.32785314,-0.9851616,0.047163233,0.16502184
1356420565950,0.15801015,-0.24694201,0.9560608,0.08358202,0.96809417,0.23623633,-0.9838937,0.04258176,0.1736086
1356420565990,0.17205223,-0.13901213,0.97523004,0.057792243,0.98971224,0.13088062,-0.9833911,0.033842437,0.178316
1356420566030,0.18023124,-0.017628208,0.98346627,0.025353547,0.9995904,0.013270903,-0.98329747,0.022542529,0.18060434
1356420566070,0.18081534,0.11447024,0.97683275,-0.00787219,0.9933404,-0.11494751,-0.98348546,0.013094444,0.18051231
1356420566110,0.17401084,0.2488755,0.95277554,-0.0356723,0.96849453,-0.24646646,-0.9840974,0.008900143,0.17740649
1356420566171,0.16255966,0.37229463,0.91376746,-0.05435112,0.92805827,-0.368448,-0.98520064,0.010230482,0.17109948
1356420566190,0.1495443,0.4742328,0.8676058,-0.06303801,0.88026065,-0.4702844,-0.98674357,0.01563622,0.16153264
1356420566230,0.13663203,0.55086213,0.82333624,-0.06212665,0.83425957,-0.5478606,-0.9886718,0.023704141,0.14820981
1356420566270,0.1243793,0.60292244,0.7880446,-0.05248347,0.7970976,-0.60156524,-0.9908457,0.03346297,0.13078588
1356420566310,0.11236089,0.63356125,0.7654901,-0.035339385,0.7724291,-0.634117,-0.99303883,0.044197947,0.10918051
1356420566350,0.09859863,0.6477628,0.7554349,-0.012098759,0.759858,-0.64997643,-0.99505377,0.05494696,0.08275807
1356420566390,0.07950637,0.6520736,0.7539754,0.016174614,0.7554263,-0.65503407,-0.99670315,0.06427467,0.049514174
1356420566464,0.04395277,0.6612323,0.7488926,0.05361986,0.7469751,-0.6626862,-0.9975937,0.06928244,-0.002623558
1356420566480,-0.0028833747,0.6640061,0.74772155,0.09398627,0.7445948,-0.660867,-0.99556935,0.068370044,-0.06455439
1356420566521,-0.059243254,0.6743448,0.73603624,0.13415253,0.7360211,-0.66353303,-0.98918825,0.059431255,-0.13406932
1356420566560,-0.117693126,0.6870972,0.7169699,0.17100957,0.725225,-0.66693664,-0.9782148,0.044114888,-0.20285422
1356420566600,-0.16827226,0.69640267,0.6976445,0.20137045,0.7170968,-0.6672497,-0.96495306,0.028205395,-0.2609024
1356420566640,-0.20348582,0.69964147,0.6849053,0.2233999,0.7142663,-0.6632618,-0.95325017,0.018043369,-0.30164284
1356420566680,-0.2204831,0.6978027,0.681512,0.23633723,0.71610534,-0.65676314,-0.94632554,0.016261578,-0.32280594
1356420566720,-0.21940523,0.69328916,0.6864484,0.23881005,0.7203519,-0.6512011,-0.9459551,0.02105385,-0.3236134
1356420566760,-0.20162374,0.6884575,0.69668794,0.22960359,0.7246979,-0.6496885,-0.9521712,0.028969407,-0.3041886
1356420566801,-0.16936398,0.6852403,0.7083513,0.20977844,0.72732884,-0.6534415,-0.96296877,0.03792739,-0.26693195
1356420566840,-0.12607047,0.6853652,0.7172034,0.18236181,0.72666246,-0.66234875,-0.97511554,0.04728791,-0.21659511
1356420566880,-0.07628378,0.68999434,0.7197837,0.14978856,0.7216253,-0.67588484,-0.9857709,0.056256324,-0.15840155
1356420566922,-0.025184758,0.6998643,0.71383166,0.11348015,0.7114441,-0.6935197,-0.99322104,0.063539624,-0.09733826
1356420566960,0.022303022,0.7152188,0.6985446,0.074959785,0.6955553,-0.71455145,-0.99693716,0.06829944,-0.038099706
1356420567000,0.062236458,0.735975,0.674142,0.036693454,0.67330754,-0.7384515,-0.9973867,0.07069519,0.014898837
1356420567040,0.09267978,0.76078737,0.6423496,8.7049603E-4,0.6450641,-0.76412797,-0.9956956,0.07137838,0.059122145
1356420567084,0.11361118,0.78817457,0.6048746,-0.031665027,0.61137974,-0.79070354,-0.99302053,0.07067934,0.094417155
1356420567119,0.1259247,0.8183012,0.56082624,-0.06038466,0.5706006,-0.81900465,-0.99020034,0.06926763,0.12126553
1356420567168,0.1313163,0.8457513,0.5171661,-0.08481768,0.5293559,-0.8441495,-0.9877054,0.06698573,0.14124775
1356420567201,0.13072073,0.8721787,0.4713984,-0.10556546,0.48502028,-0.86810786,-0.9857829,0.06371629,0.15547419
1356420567240,0.124263495,0.89730084,0.4235678,-0.122936845,0.4375101,-0.8907701,-0.984604,0.0586181,0.16467786
1356420567280,0.111365974,0.92082083,0.37374654,-0.13796338,0.38676977,-0.91179776,-0.98415637,0.049979925,0.17011255
1356420567321,0.092146516,0.9421356,0.32231888,-0.15163371,0.3331976,-0.93058395,-0.9841322,0.036875695,0.17356253
1356420567360,0.070661426,0.95981157,0.2716039,-0.16285017,0.27973163,-0.9461659,-0.98411715,0.022626638,0.17607176
1356420567400,0.05327338,0.9726411,0.22612202,-0.16934359,0.23196334,-0.95787036,-0.9841162,0.012736708,0.177068
1356420567440,0.044123113,0.9810083,0.1888806,-0.17019355,0.19368225,-0.9661891,-0.9844223,0.010485053,0.17550722
1356420567480,0.043195575,0.9860362,0.16083181,-0.16601801,0.1658282,-0.97207975,-0.9851762,0.015288532,0.17086276
1356420567521,0.048254162,0.98866135,0.1421977,-0.15728587,0.14810863,-0.9763836,-0.9863734,0.024748862,0.1626494
1356420567560,0.056996226,0.9893983,0.13357556,-0.1435191,0.14052314,-0.9796201,-0.9880049,0.03666401,0.15000683
1356420567600,0.067727625,0.98836017,0.13622478,-0.12378994,0.14380783,-0.9818326,-0.9899945,0.04963395,0.13208881
1356420567640,0.07875711,0.98528695,0.1516805,-0.09709704,0.15901124,-0.9824905,-0.992154,0.06265038,0.10819167
1356420567680,0.0871754,0.97967136,0.18067795,-0.062413663,0.18638322,-0.98049265,-0.99423593,0.07419807,0.077392876
1356420567721,0.08800757,0.9712821,0.22105595,-0.019056529,0.22351807,-0.9745134,-0.99593747,0.081552,0.03818053
1356420567760,0.07494426,0.9611058,0.26581746,0.03221932,0.2640941,-0.9639586,-0.9966671,0.0808076,-0.011173844
1356420567800,0.044397354,0.9512112,0.30532953,0.08786702,0.30072838,-0.9496535,-0.99514234,0.06899047,-0.07022852
1356420567840,-0.0013973713,0.9435061,0.33135188,0.1433855,0.32811737,-0.9336914,-0.98966587,0.046206325,-0.13574362
1356420567880,-0.052929103,0.9363969,0.34692842,0.19302708,0.350457,-0.9164717,-0.97976476,0.018458545,-0.19929934
1356420567921,-0.10000084,0.92775476,0.35954267,0.23242232,0.373138,-0.89819145,-0.96746045,-0.0062541664,-0.252945
1356420567960,-0.13530536,0.9149982,0.38009325,0.25814298,0.40292722,-0.8780728,-0.95658493,-0.020689547,-0.29071856
1356420568000,-0.15577652,0.8969519,0.4137764,0.2678152,0.4415511,-0.85633385,-0.95079374,-0.02258107,-0.3090006
1356420568041,-0.16093373,0.8728426,0.4607017,0.25986725,0.48778933,-0.833385,-0.9521394,-0.014398485,-0.30532497
1356420568080,-0.15090835,0.8419055,0.51809454,0.23573568,0.5396251,-0.8082286,-0.9600289,1.6498566E-4,-0.2799011
1356420568120,-0.12632374,0.80374527,0.58140844,0.20053557,0.5946937,-0.77854013,-0.97150797,0.018244952,-0.23630345
1356420568172,-0.0893956,0.75977266,0.6440139,0.16069758,0.64913374,-0.7435063,-0.9829469,0.037025273,-0.18012333
1356420568200,-0.043671526,0.7130884,0.69971263,0.12065309,0.699019,-0.70485115,-0.9917337,0.053640574,-0.11656356
1356420568240,0.0052028894,0.67062324,0.7417799,0.08405805,0.7388713,-0.6685832,-0.9964473,0.065831125,-0.05252701
1356420568280,0.05201266,0.638329,0.7680044,0.051448703,0.76631135,-0.64040613,-0.9973203,0.072822064,0.0070167184
1356420568320,0.091992475,0.6238938,0.77607596,0.022401512,0.77788687,-0.6280049,-0.9955077,0.07515696,0.05758357
1356420568360,0.12222904,0.630397,0.7665896,-0.0051476955,0.77277327,-0.6346613,-0.99248856,0.07362786,0.09770042
1356420568400,0.14124396,0.6588564,0.73889,-0.033001244,0.74909127,-0.6616443,-0.98942465,0.06906897,0.12754768
1356420568440,0.1483772,0.7055135,0.6929898,-0.061822116,0.7059933,-0.7055151,-0.98699653,0.061840236,0.14836967
1356420568480,0.1430613,0.7644135,0.62865376,-0.09134436,0.6426742,-0.7606747,-0.9854896,0.05139914,0.16176665
1356420568520,0.12604249,0.82733405,0.5473862,-0.11995152,0.5604486,-0.8194566,-0.98474616,0.037626535,0.16988033
1356420568560,0.1012021,0.88343346,0.457497,-0.14406884,0.46802446,-0.8718929,-0.9843792,0.02232638,0.1746403
1356420568600,0.07616222,0.92456806,0.37332726,-0.15972173,0.38089257,-0.9107194,-0.9842197,0.009733915,0.17668325
1356420568640,0.058030903,0.94964385,0.30791074,-0.16564915,0.3133145,-0.93509066,-0.9844759,0.003259033,0.17548954
1356420568680,0.049234986,0.9626744,0.2661465,-0.1632407,0.27064252,-0.9487387,-0.9853569,0.0032651126,0.17047274
1356420568720,0.04806739,0.9678972,0.24670735,-0.15454245,0.2512253,-0.95551157,-0.98681617,0.0078021586,0.16165698
1356420568760,0.0520432,0.96736693,0.24797708,-0.14006159,0.2529298,-0.9572927,-0.9887741,0.015088499,0.14865422
1356420568800,0.05902487,0.9609488,0.27035803,-0.119363815,0.27568108,-0.9538093,-0.9910945,0.024027526,0.13097453
1356420568840,0.06669438,0.9466309,0.3153441,-0.09211439,0.32053965,-0.9427457,-0.9935124,0.03382817,0.10857648
1356420568880,0.07139614,0.9213066,0.382226,-0.057703435,0.38637725,-0.920534,-0.9957775,0.04366681,0.08074844
1356420568920,0.06743333,0.8821807,0.46605778,-0.0160608,0.46802035,-0.88357174,-0.9975945,0.052096874,0.045728743
1356420568960,0.048189938,0.8315271,0.55339,0.030338317,0.5525595,-0.83292115,-0.99837744,0.056927383,0.0014006495
1356420569000,0.008859828,0.7838849,0.62084293,0.077754706,0.6184474,-0.7819699,-0.9969331,0.05520156,-0.05547136
1356420569040,-0.047129348,0.75131166,0.65826255,0.12264398,0.6583612,-0.74264324,-0.99133104,0.045731664,-0.123171985
1356420569080,-0.109413184,0.736598,0.66742206,0.16443303,0.67561483,-0.7186838,-0.98030126,0.03111279,-0.1950422
1356420569120,-0.16514081,0.72608644,0.6674781,0.20009774,0.687361,-0.6982089,-0.96575844,0.018258065,-0.2587996
1356420569170,-0.20648646,0.70855254,0.67477155,0.22448313,0.7055441,-0.6721717,-0.95235014,0.012680471,-0.3047434
1356420569200,-0.23079962,0.6774738,0.69839865,0.23213063,0.7353902,-0.63664484,-0.9449057,0.015182346,-0.3269902
1356420569240,-0.23781145,0.6307936,0.7386103,0.22103074,0.7756199,-0.5912353,-0.94582826,0.022653073,-0.32387608
1356420569281,-0.22670943,0.5637334,0.79423386,0.1924395,0.82531756,-0.5308653,-0.9547617,0.03248979,-0.29559183
1356420569320,-0.19764584,0.4774139,0.8561613,0.15515572,0.8776162,-0.45355976,-0.9679168,0.04319413,-0.2475307
1356420569360,-0.15250105,0.3743418,0.91466475,0.11857194,0.9257352,-0.35910314,-0.9811647,0.053689957,-0.18556201
1356420569400,-0.095967084,0.2636109,0.9598435,0.09052106,0.96260977,-0.25532013,-0.99125993,0.06238371,-0.11624122
1356420569440,-0.035467327,0.1600213,0.9864762,0.074700855,0.9847603,-0.1570572,-0.9965751,0.06812022,-0.046880543
1356420569480,0.022338748,0.07590619,0.9968647,0.069245085,0.9946014,-0.07728556,-0.9973495,0.07075444,0.016961992
1356420569520,0.072600186,0.026119893,0.997019,0.06880197,0.99714446,-0.031133143,-0.99498516,0.070857145,0.0705958
1356420569560,0.113952845,0.015719622,0.99336183,0.06646505,0.9975141,-0.023409827,-0.9912604,0.068691455,0.112624764
1356420569600,0.14675224,0.05190163,0.98781073,0.05587788,0.99659294,-0.06066446,-0.98759377,0.064099416,0.14335209
1356420569640,0.1705277,0.14060688,0.97526926,0.032087058,0.9884491,-0.14811754,-0.9848303,0.056551665,0.16404629
1356420569680,0.18160209,0.29025313,0.9395605,-0.008790076,0.95588845,-0.2935983,-0.9833328,0.04505925,0.1761427
1356420569720,0.17225775,0.49792936,0.8499374,-0.06527415,0.86670864,-0.49452543,-0.98288685,0.029706895,0.18179917
1356420569760,0.13687098,0.71600354,0.6845476,-0.12246409,0.69798046,-0.7055678,-0.98298985,0.012739301,0.18321794
1356420569800,0.08818504,0.8709443,0.4834038,-0.15866417,0.49138018,-0.8563709,-0.9833865,-0.0011798143,0.1815201
1356420569840,0.050048083,0.94524693,0.32249573,-0.16958165,0.3262544,-0.9299463,-0.9842446,-0.0081472695,0.17662495
1356420569880,0.03198901,0.9727546,0.22961971,-0.16528055,0.23172274,-0.9586381,-0.98572767,-0.0072858334,0.16819
1356420569920,0.03043887,0.9807105,0.1930815,-0.15321323,0.19546601,-0.9686686,-0.9877243,-9.7453594E-5,0.15620756
1356420569960,0.03890884,0.9794663,0.1978178,-0.1358422,0.20131463,-0.97006154,-0.98996615,0.010871977,0.14088577
1356420570000,0.05229324,0.97015685,0.23677254,-0.11260527,0.24131322,-0.9638921,-0.99226284,0.023743242,0.12186378
1356420570040,0.06618214,0.94840205,0.31008634,-0.08241689,0.3149016,-0.94553924,-0.994398,0.037021488,0.09900522
1356420570080,0.07510191,0.90586007,0.41686603,-0.044183403,0.420659,-0.90614223,-0.9961965,0.049634427,0.07161629
1356420570120,0.07156953,0.8336404,0.5476509,7.8707933E-4,0.54901147,-0.8358144,-0.9974353,0.060249865,0.038636386
1356420570170,0.048269108,0.7376617,0.6734428,0.046332747,0.6718493,-0.7392372,-0.99775916,0.06688473,-0.0017483234
1356420570200,0.0037615001,0.64593387,0.76338404,0.08399853,0.76048744,-0.6438968,-0.9964587,0.06654516,-0.051396966
1356420570240,-0.055213623,0.58179283,0.81146073,0.109557316,0.81132346,-0.57423985,-0.9924458,0.057195604,-0.10853577
1356420570280,-0.11937168,0.5540308,0.82389337,0.12588727,0.8315755,-0.54095715,-0.9848364,0.039142728,-0.16901195
1356420570320,-0.17905748,0.5433159,0.82021105,0.13653658,0.8393402,-0.5261804,-0.97431827,0.017772287,-0.22447264
1356420570360,-0.2266444,0.52880365,0.81792355,0.14171453,0.84874403,-0.5094609,-0.96361256,4.451573E-4,-0.26730227
1356420570400,-0.25786242,0.49590802,0.82920575,0.1389799,0.8683424,-0.47609448,-0.9561336,-0.007523939,-0.29283416
1356420570440,-0.2708609,0.43950832,0.8564268,0.12631696,0.89821947,-0.42100573,-0.95429474,-0.005852774,-0.2988099
1356420570480,-0.2641788,0.35751116,0.8957652,0.103863224,0.93390507,-0.342102,-0.9588649,0.0026609749,-0.2838502
1356420570521,-0.23851275,0.2570664,0.936498,0.078095414,0.9662832,-0.24535257,-0.96799415,0.014616467,-0.25054657
1356420570560,-0.19711486,0.14744362,0.9692297,0.057079032,0.98867506,-0.13879344,-0.97871745,0.027964447,-0.20329845
1356420570600,-0.14542663,0.039391175,0.98858464,0.046230316,0.9983862,-0.032980982,-0.9882884,0.04090627,-0.14701301
1356420570640,-0.090021074,-0.056600753,0.99433017,0.046298455,0.9970666,0.060948122,-0.99486315,0.05152257,-0.08713645
1356420570680,-0.03597051,-0.13546616,0.9901288,0.054211445,0.98904663,0.13728757,-0.99788135,0.058614615,-0.028232694
1356420570720,0.012442261,-0.1902923,0.9816487,0.0655387,0.9797689,0.1890972,-0.99777246,0.06198316,0.024662077
1356420570760,0.05330783,-0.21940912,0.97417545,0.075447306,0.9736591,0.21516427,-0.99572384,0.06202898,0.068457484
1356420570800,0.08681396,-0.22343563,0.9708449,0.080365315,0.97291875,0.21672657,-0.9929777,0.059207372,0.10241938
1356420570840,0.114281446,-0.20520404,0.97202414,0.07871356,0.97722876,0.1970484,-0.99032515,0.05399251,0.12783146
1356420570880,0.13685656,-0.16779126,0.9762768,0.070448995,0.98470306,0.15936378,-0.9880826,0.046967737,0.1465838
1356420570920,0.15482628,-0.11105647,0.9816798,0.055776916,0.9930594,0.10354693,-0.9863659,0.038723286,0.15994608
1356420570961,0.16765183,-0.033401083,0.9852803,0.03417221,0.9990222,0.02805231,-0.9852538,0.028966187,0.16862929
1356420571000,0.17412359,0.065874755,0.9825179,0.004782293,0.9976916,-0.067739636,-0.9847122,0.016493756,0.1734066
1356420571040,0.17215258,0.18734226,0.9670917,-0.03148847,0.9822938,-0.18468189,-0.9845669,0.0013412237,0.17500353
1356420571099,0.15972179,0.32589307,0.93181694,-0.06868553,0.9453162,-0.318841,-0.9847697,-0.013076454,0.17337173
1356420571119,0.1387555,0.46115863,0.87640154,-0.09706141,0.8870341,-0.45138627,-0.98555875,-0.022432417,0.16784155
1356420571174,0.116392314,0.56631017,0.8159324,-0.10972771,0.823819,-0.55613136,-0.9871235,-0.024800926,0.1580261
1356420571185,0.100072324,0.626202,0.7732119,-0.11029273,0.77930516,-0.6168622,-0.9888484,-0.023548812,0.1470524
1356420571228,0.08789037,0.65737796,0.74841803,-0.0995799,0.7533603,-0.6500248,-0.9911403,-0.01739648,0.13167477
1356420571255,0.08179559,0.6449002,0.7598771,-0.08245233,0.76419693,-0.639691,-0.9932326,-0.010329753,0.11568147
1356420571296,0.07435089,0.6177347,0.78286386,-0.060043067,0.78638554,-0.61481106,-0.99542284,-0.0012938678,0.09555918
1356420571339,0.06487197,0.5500622,0.8326003,-0.03207338,0.83507603,-0.5491988,-0.99737805,0.008923292,0.07181537
1356420571379,0.04834717,0.44955134,0.8919452,-0.002648756,0.893044,-0.4499616,-0.99882716,0.01939185,0.044366896
1356420571419,0.020811647,0.33450377,0.9421646,0.023052707,0.9419576,-0.33493948,-0.9995176,0.028690085,0.011892498
1356420571459,-0.0191437,0.2276026,0.9735659,0.04011678,0.97313505,-0.22671305,-0.9990116,0.034716174,-0.027760088
1356420571499,-0.069895476,0.14349201,0.98718023,0.045589834,0.9890259,-0.14053239,-0.99651206,0.0351828,-0.07567024
1356420571541,-0.12691107,0.0837313,0.98837364,0.03953869,0.99606586,-0.07930602,-0.9911257,0.029014178,-0.12972242
1356420571581,-0.18464318,0.043077596,0.98186105,0.024715476,0.9989266,-0.03917846,-0.9824948,0.01703313,-0.18550962
1356420571619,-0.2377823,0.013655907,0.97122246,0.0054231924,0.9999042,-0.0127314385,-0.9713033,0.002239815,-0.23783362
1356420571660,-0.2814696,-0.01240822,0.95948994,-0.0136148175,0.9998673,0.008936434,-0.9594736,-0.010547946,-0.28160125
1356420571701,-0.31129158,-0.042978086,0.9493421,-0.028434357,0.9989508,0.035900246,-0.9498889,-0.015818484,-0.31218702
1356420571742,-0.32481837,-0.08197229,0.94221735,-0.037578523,0.9965688,0.07374608,-0.9450295,-0.011453057,-0.32678425
1356420571781,-0.32068378,-0.13099118,0.93808484,-0.04166175,0.99138325,0.12419155,-0.94626963,7.439628E-4,-0.32337785
1356420571820,-0.29866993,-0.18915671,0.93542284,-0.04168833,0.98181117,0.1852265,-0.9534455,0.016325377,-0.30112314
1356420571860,-0.26131785,-0.2517221,0.9318526,-0.036333844,0.9672783,0.25110266,-0.96456885,0.0317598,-0.26191312
1356420571900,-0.21427125,-0.3109187,0.9259683,-0.023705602,0.94936216,0.31328827,-0.97648644,0.04517804,-0.21079153
1356420571941,-0.16290441,-0.361252,0.9181281,-0.0046645254,0.93083024,0.36542225,-0.98663086,0.05524625,-0.15332139
1356420571980,-0.11083174,-0.40056157,0.909542,0.017627046,0.91424406,0.40478027,-0.9936828,0.06089507,-0.094266534
1356420572020,-0.06007227,-0.42908505,0.90126425,0.03986931,0.901143,0.43168473,-0.9973975,0.061865076,-0.037026405
1356420572060,-0.013338737,-0.44497418,0.89544404,0.05948226,0.89358467,0.44493628,-0.9981402,0.059197947,0.0145487785
1356420572099,0.02778694,-0.4483156,0.89344335,0.07465854,0.8922229,0.44538122,-0.996822,0.05432737,0.058262706
1356420572170,0.06294333,-0.43971956,0.8959269,0.08457607,0.89682776,0.43421984,-0.994427,0.048442706,0.093639076
1356420572179,0.092757285,-0.4209923,0.902309,0.08911407,0.90608925,0.41359514,-0.99169284,0.042044476,0.12156272
1356420572219,0.11807299,-0.39360493,0.91166544,0.0883345,0.9186111,0.38516316,-0.98906815,0.035054147,0.14323205
1356420572260,0.13962418,-0.35985798,0.9225005,0.08214432,0.93262446,0.35137433,-0.9867914,0.026717871,0.15977722
1356420572300,0.15792474,-0.3214992,0.93364775,0.070610315,0.9467691,0.31407392,-0.98492336,0.016325101,0.17221946
1356420572341,0.17263258,-0.27881277,0.9447018,0.055159494,0.9603329,0.2733463,-0.98344064,0.0049207956,0.1811639
1356420572380,0.18225637,-0.22993901,0.95598674,0.03900546,0.97319674,0.22664216,-0.98247707,-0.004018277,0.18634021
1356420572420,0.1855996,-0.1740344,0.9670909,0.02572313,0.98471403,0.17226914,-0.98228866,-0.007096477,0.18723923
1356420572460,0.18328515,-0.11529388,0.97627556,0.017672174,0.99332476,0.11398957,-0.982901,-0.0036396831,0.1840992
1356420572500,0.17687479,-0.061625045,0.98230225,0.015630152,0.9980879,0.05980098,-0.9841092,0.0047762506,0.17749977
1356420572541,0.16714182,-0.020382144,0.9857222,0.01904558,0.99966645,0.017441053,-0.9857489,0.01585852,0.16747427
1356420572580,0.15370715,0.0038700104,0.98810893,0.026686102,0.9996113,-0.0080662705,-0.9877561,0.027608618,0.15354413
1356420572620,0.1356597,0.00922538,0.9907125,0.037060063,0.9992096,-0.014379192,-0.9900621,0.038666546,0.13521057
1356420572660,0.11178374,-0.0033174474,0.9937271,0.04843398,0.9988242,-0.002113847,-0.99255157,0.04836645,0.11181301
1356420572700,0.08035225,-0.02918582,0.99633914,0.058257405,0.998,0.024536164,-0.99506265,0.0560726,0.081891835
1356420572741,0.038853824,-0.060149033,0.997433,0.062608644,0.996372,0.057646208,-0.9972816,0.06020815,0.04247874
1356420572780,-0.015643448,-0.0867229,0.99610966,0.05685971,0.99454224,0.087479405,-0.9982596,0.058006983,-0.010627031
1356420572820,-0.08379769,-0.10341794,0.99110174,0.03887167,0.9935037,0.106955186,-0.9957243,0.04748838,-0.07923329
1356420572860,-0.15969312,-0.11283234,0.98069715,0.012985598,0.9931203,0.11637619,-0.9870813,0.031319413,-0.15712929
1356420572901,-0.2293289,-0.12613249,0.96514183,-0.012732178,0.991872,0.12660049,-0.9732657,0.016744807,-0.2290709
1356420572940,-0.2779866,-0.1537267,0.94820446,-0.034008946,0.9880676,0.15021902,-0.9599828,0.009511434,-0.27989763
1356420572981,-0.29817164,-0.19815738,0.9337169,-0.050721467,0.9801209,0.19180813,-0.9531636,0.009832256,-0.3022951
1356420573020,-0.28973335,-0.25532663,0.9224223,-0.061749607,0.96673924,0.24819797,-0.9551134,0.014952026,-0.2958629
1356420573060,-0.26034138,-0.3145895,0.91282845,-0.06408976,0.94897556,0.30876833,-0.96338713,0.021882206,-0.26721954
1356420573100,-0.21771848,-0.36870852,0.90368843,-0.056026906,0.9290938,0.3655759,-0.9744022,0.028961778,-0.22293848
1356420573171,-0.1679968,-0.4135098,0.8948669,-0.038722172,0.90983605,0.4131574,-0.9850268,0.034757897,-0.16886151
1356420573179,-0.11512107,-0.4480763,0.8865522,-0.015353739,0.8931819,0.44943333,-0.99323285,0.038127303,-0.10970372
1356420573205,-0.0678278,-0.46696937,0.88166827,0.008891538,0.8833854,0.46856284,-0.99765736,0.03962095,-0.055765986
1356420573237,-0.025378592,-0.47955555,0.87714446,0.031125441,0.8766226,0.4801708,-0.9991932,0.039487585,-0.0073210597
1356420573279,0.014726549,-0.48771128,0.87288076,0.05112651,0.87220085,0.48646876,-0.9985836,0.037463337,0.03777951
1356420573319,0.051370174,-0.48462546,0.873212,0.06739099,0.8740556,0.4811291,-0.9964032,0.03413099,0.07755977
1356420573359,0.084027804,-0.47243553,0.87735057,0.07864167,0.8808623,0.4667946,-0.9933553,0.029772565,0.11117005
1356420573399,0.11263615,-0.45375073,0.8839816,0.08427127,0.8908,0.44651285,-0.9900563,0.024200737,0.13857442
1356420573439,0.13717121,-0.4294101,0.89263153,0.083603844,0.9029532,0.42152804,-0.98701286,0.016805917,0.15975952
1356420573480,0.15787035,-0.4010036,0.9023708,0.076361015,0.9160516,0.3937238,-0.9845029,0.0067486316,0.17523843
1356420573520,0.17462412,-0.36902905,0.9128659,0.0636539,0.92940235,0.3635375,-0.98257554,-0.005374983,0.18578619
1356420573560,0.18612653,-0.33137593,0.92495775,0.04901749,0.94336766,0.32810783,-0.98130226,-0.015730456,0.19182897
1356420573600,0.19071344,-0.28606248,0.9390403,0.036342144,0.9579996,0.28445727,-0.98097277,-0.02012308,0.1930995
1356420573640,0.18845296,-0.23454967,0.95366234,0.028115332,0.97195214,0.2334921,-0.9816796,-0.017189741,0.1897617
1356420573681,0.18074244,-0.1831716,0.9663231,0.025297925,0.9830452,0.1816096,-0.983205,-0.008378588,0.18231183
1356420573720,0.16875082,-0.13961662,0.9757204,0.027703717,0.99019784,0.13689685,-0.9852693,0.00392963,0.1709646
1356420573760,0.15283814,-0.110367104,0.98206913,0.03458866,0.9937328,0.10629492,-0.98764586,0.017722525,0.1556977
1356420573801,0.13246888,-0.098402664,0.9862906,0.045023292,0.99463004,0.093187615,-0.99016416,0.032061577,0.13618791
1356420573839,0.107096076,-0.105813235,0.98860204,0.05748568,0.9933163,0.100090355,-0.9925854,0.04611118,0.112463
1356420573880,0.07539454,-0.1278797,0.98891985,0.06869404,0.9900526,0.12278898,-0.99478483,0.058675274,0.08342916
1356420573920,0.034864694,-0.15510112,0.9872831,0.07366219,0.98559546,0.1522347,-0.9966736,0.06741783,0.045787573
1356420573960,-0.015839905,-0.18047237,0.98345244,0.06682524,0.9811857,0.1811327,-0.99763894,0.06858859,-0.0034817457
1356420574000,-0.076868236,-0.19571546,0.97764343,0.04327271,0.9789658,0.19938254,-0.9961018,0.05763147,-0.066782236
1356420574040,-0.14341277,-0.2028993,0.9686406,0.00499472,0.9785972,0.20572439,-0.9896503,0.034341596,-0.13932991
1356420574080,-0.20698678,-0.20673451,0.95625174,-0.03890369,0.9783851,0.20309865,-0.97756994,0.004837014,-0.21055555
1356420574120,-0.25760183,-0.21519278,0.9419837,-0.076879516,0.9763589,0.20202163,-0.9631878,-0.020378113,-0.2680558
1356420574174,-0.28771952,-0.23428589,0.9286159,-0.10228667,0.9715877,0.21343532,-0.9522368,-0.033575512,-0.30350912
1356420574201,-0.29271442,-0.2677413,0.9179504,-0.11442345,0.9629081,0.24436711,-0.949329,-0.033505276,-0.31249297
1356420574240,-0.2729954,-0.31340116,0.9095346,-0.1141732,0.94932,0.29284126,-0.95521617,-0.023900166,-0.29494202
1356420574280,-0.2338163,-0.36467683,0.9012995,-0.10064651,0.9310932,0.35062188,-0.96705747,-0.008731514,-0.25440824
1356420574320,-0.18220767,-0.4145543,0.891597,-0.07353337,0.9099821,0.40807524,-0.9805066,0.008792311,-0.1962893
1356420574360,-0.12643713,-0.45579177,0.8810604,-0.036911204,0.8897351,0.4549824,-0.99128765,0.025005683,-0.12931937
1356420574400,-0.07105082,-0.48764223,0.87014765,0.0029742867,0.87224483,0.48906043,-0.9974683,0.0373362,-0.06052333
1356420574440,-0.020282,-0.50790495,0.8611743,0.040106133,0.86024487,0.5083013,-0.9989895,0.04484777,0.0029226542
1356420574480,0.023833849,-0.51676625,0.8557946,0.070449844,0.8547779,0.5141902,-0.99723047,0.048035502,0.05677873
1356420574520,0.060882963,-0.5142685,0.8554654,0.092306,0.8562836,0.508191,-0.99386764,0.048024416,0.099603176
1356420574560,0.09157458,-0.5006119,0.86081463,0.10567585,0.86445093,0.4914847,-0.99017507,0.045959786,0.13206428
1356420574600,0.11713553,-0.47574097,0.87175095,0.111000195,0.8785653,0.46454486,-0.9868932,0.042349845,0.15571856
1356420574640,0.13905042,-0.43899882,0.88766265,0.10816507,0.8977405,0.42703906,-0.98436034,0.036634147,0.17231554
1356420574680,0.15852726,-0.3904723,0.906863,0.09676169,0.9202002,0.37930024,-0.98260176,0.027620181,0.18365955
1356420574720,0.17558408,-0.3269994,0.9285697,0.07743006,0.9448883,0.31810477,-0.9814147,0.016045064,0.1912269
1356420574760,0.18834502,-0.23907572,0.9525592,0.052148134,0.9709841,0.23338905,-0.9807175,0.005716525,0.19534737
1356420574800,0.19396701,-0.11470234,0.9742793,0.023013748,0.99339974,0.11237164,-0.98073804,6.2543526E-4,0.1953265
1356420574840,0.19086778,0.04489862,0.98058844,-0.006917635,0.9989901,-0.0443947,-0.98159146,0.0016901679,0.19098562
1356420574880,0.18002924,0.21194601,0.9605563,-0.03156644,0.9772531,-0.2097139,-0.9831547,0.0074332952,0.18262452
1356420574920,0.16488627,0.3493039,0.92238784,-0.04424499,0.9368662,-0.34687757,-0.98531973,0.016384318,0.16993129
1356420574960,0.14977637,0.42972767,0.89045,-0.041634485,0.90255135,-0.42856467,-0.9878429,0.02711542,0.15307236
1356420575000,0.13524443,0.45021775,0.88261706,-0.025142401,0.8920741,-0.45118916,-0.99049324,0.0388297,0.1319676
1356420575040,0.11804378,0.41417047,0.9025124,0.0011824965,0.90880746,-0.41721404,-0.9930077,0.05031675,0.10678929
1356420575080,0.09211546,0.34224486,0.93508464,0.029847637,0.93770623,-0.34614468,-0.99530095,0.05979535,0.07616204
1356420575120,0.0529086,0.26503748,0.9627855,0.052074805,0.96209174,-0.26770824,-0.99724066,0.06430094,0.03710115
1356420575175,-8.004005E-4,0.21506879,0.97659856,0.061207615,0.97477835,-0.21461779,-0.9981248,0.05960349,-0.013944089
1356420575200,-0.06823781,0.21276861,0.97471696,0.057619043,0.976204,-0.20905942,-0.9960038,0.041896492,-0.078873515
1356420575240,-0.14383185,0.2490603,0.95774806,0.0507626,0.968394,-0.24420536,-0.98829925,0.01349327,-0.15192884
1356420575280,-0.21616316,0.2984019,0.9296395,0.05052673,0.95429415,-0.29456702,-0.97504896,-0.01670292,-0.2213605
1356420575320,-0.27209333,0.32820153,0.9045712,0.05562745,0.9438307,-0.32571328,-0.96066165,-0.0383054,-0.2750671
1356420575360,-0.30382025,0.31933558,0.89761794,0.055997163,0.9465108,-0.31777608,-0.9510822,-0.046282753,-0.30545104
1356420575400,-0.30839136,0.26722455,0.9129544,0.04412373,0.9627176,-0.26688564,-0.95023566,-0.042022273,-0.3086847
1356420575441,-0.28616506,0.17971838,0.9411752,0.023348749,0.983269,-0.18065701,-0.95789576,-0.029722467,-0.28557342
1356420575480,-0.24046832,0.069447964,0.96816945,0.0046492293,0.99750817,-0.07039772,-0.9706459,-0.012427179,-0.240192
1356420575520,-0.17909324,-0.045960605,0.982758,-0.0011050869,0.998917,0.04651493,-0.98383147,0.007244475,-0.17895007
1356420575560,-0.112044126,-0.15067613,0.98221326,0.0092078075,0.9882374,0.15265062,-0.99366057,0.026147634,-0.10933876
1356420575600,-0.04806432,-0.23407084,0.9710307,0.03105992,0.97133386,0.23568134,-0.99836123,0.041488007,-0.039416313
1356420575640,0.008219838,-0.29274172,0.9561562,0.056805693,0.9547811,0.2918324,-0.9983514,0.051916316,0.024477541
1356420575680,0.055127744,-0.3240845,0.9444205,0.07920597,0.9442976,0.3194189,-0.9953328,0.057194903,0.077726424
1356420575720,0.09383333,-0.3301102,0.93926704,0.092796855,0.9422224,0.32187843,-0.99125373,0.056958094,0.11904508
1356420575761,0.12633824,-0.312332,0.9415346,0.094006956,0.9486379,0.3020742,-0.9875228,0.0503473,0.14921063
1356420575800,0.15362072,-0.26897535,0.95081705,0.08103312,0.9624271,0.2591674,-0.9848017,0.03723418,0.16964465
1356420575840,0.17479885,-0.19531012,0.96503854,0.053496324,0.98056453,0.18876249,-0.98314977,0.018630542,0.1818499
1356420575880,0.18706343,-0.08289366,0.97884417,0.013827682,0.9965569,0.08175111,-0.98225045,-0.0017574914,0.18756557
1356420575920,0.18648851,0.069427244,0.980001,-0.030614609,0.9974262,-0.064835936,-0.9819801,-0.017911185,0.18813401
1356420575961,0.1731315,0.2363982,0.95610744,-0.067568585,0.9713309,-0.22792695,-0.9825782,-0.025141492,0.18414104
1356420576000,0.15526521,0.37246174,0.9149672,-0.08663148,0.9277648,-0.3629704,-0.98406696,-0.02290827,0.1763165
1356420576040,0.14166212,0.45168298,0.88086003,-0.08689399,0.892073,-0.4434582,-0.98609394,-0.0137201995,0.16562146
1356420576080,0.13385427,0.47591043,0.86924815,-0.07305592,0.8794936,-0.47026998,-0.9883046,-5.5606663E-4,0.15249205
1356420576120,0.12844568,0.45441344,0.8814817,-0.049565703,0.8906752,-0.45193022,-0.990477,0.014357224,0.13692671
1356420576174,0.120363206,0.39738452,0.9097242,-0.019887924,0.9171678,-0.39800468,-0.99253064,0.029812574,0.118296385
1356420576201,0.10435879,0.31590903,0.94303274,0.011848822,0.947748,-0.31879982,-0.99446917,0.0444434,0.09516269
1356420576240,0.07593706,0.22802274,0.97069013,0.039492086,0.97204936,-0.23143151,-0.99633026,0.05590883,0.0648095
1356420576300,0.032286644,0.15493259,0.9873973,0.055948503,0.9860832,-0.15655583,-0.99791145,0.060298063,0.0231691
1356420576310,-0.020222217,0.09468431,0.99530196,0.05933731,0.9938644,-0.09334196,-0.99803317,0.05717097,-0.025716424
1356420576350,-0.086945534,0.07904781,0.993072,0.045057416,0.9961389,-0.07534706,-0.99519366,0.038194172,-0.090171516
1356420576390,-0.15844434,0.07319424,0.9846512,0.0203807,0.9972785,-0.07085335,-0.9871576,0.008841567,-0.15950489
1356420576430,-0.21968704,0.061078362,0.97365654,-0.0054458883,0.99794585,-0.063830815,-0.9755552,-0.019325227,-0.21890318
1356420576470,-0.25910717,0.03418911,0.9652432,-0.026310068,0.9987526,-0.04243862,-0.9654901,-0.036391765,-0.25788444
1356420576510,-0.27075627,-0.009309488,0.9626029,-0.040117163,0.9991936,-0.0016205981,-0.9618116,-0.039055686,-0.27091146
1356420576550,-0.25452963,-0.06516674,0.96486676,-0.04571217,0.99742246,0.055306777,-0.965984,-0.03002894,-0.25685245
1356420576590,-0.21469894,-0.12660137,0.9684402,-0.040103603,0.9918696,0.120773435,-0.97585654,-0.012908012,-0.21803057
1356420576630,-0.15898055,-0.18558744,0.9696816,-0.021104783,0.98258764,0.18459736,-0.98705614,0.008882463,-0.16012907
1356420576670,-0.09643674,-0.23514685,0.9671639,0.008351363,0.97146744,0.23702592,-0.9953041,0.030935138,-0.091721356
1356420576710,-0.033530533,-0.27279347,0.9614881,0.041527435,0.960818,0.27405158,-0.9985746,0.049117215,-0.020888329
1356420576750,0.02392447,-0.29512167,0.9551601,0.07086516,0.9535308,0.29284322,-0.9971989,0.060681455,0.043726563
1356420576790,0.073354065,-0.30215117,0.95043355,0.09104779,0.9510501,0.29532015,-0.99314123,0.06487193,0.09727359
1356420576831,0.11445111,-0.2945789,0.9487488,0.09962899,0.9536131,0.2840706,-0.9884205,0.062010676,0.13849068
1356420576869,0.14763236,-0.27307355,0.95059747,0.096381925,0.9605268,0.26095736,-0.9843349,0.053094663,0.1681242
1356420576910,0.17303044,-0.23820597,0.95567685,0.08175626,0.9704377,0.22708274,-0.9815174,0.03884034,0.18739009
