1356421288249,-0.0150386095,0.34864077,-0.93713576,0.31964132,-0.886385,-0.3348895,-0.9474192,-0.30458358,-0.09811
1356421288288,0.14133579,-0.12320934,-0.9822646,0.28711218,-0.94447684,0.15978137,-0.94741267,-0.30460295,-0.09811348
1356421288329,0.1413328,-0.123162605,-0.98227084,0.2872567,-0.94443816,0.15975049,-0.94736934,-0.30474183,-0.09810081
1356421288367,0.1412403,-0.12314011,-0.9822869,0.28760588,-0.9443342,0.15973638,-0.9472771,-0.30507272,-0.09796223
1356421288409,0.14088303,-0.12344526,-0.9822999,0.2881996,-0.9441119,0.15998024,-0.9471499,-0.30563697,-0.097432464
1356421288448,0.14002419,-0.12433635,-0.98231035,0.28897047,-0.9437627,0.16064867,-0.9470424,-0.3063534,-0.096220076
1356421288488,0.13854921,-0.12572245,-0.9823431,0.28980768,-0.94334257,0.16160542,-0.9470035,-0.30708086,-0.09426403
1356421288529,0.13652164,-0.12729064,-0.98242503,0.29060453,-0.94293374,0.16255738,-0.94705373,-0.3076898,-0.091739625
1356421288567,0.13411087,-0.12834807,-0.9826195,0.29130512,-0.9426607,0.16288692,-0.947183,-0.308087,-0.08903259
1356421288607,0.1314708,-0.12869558,-0.9829308,0.29188466,-0.9425568,0.1624501,-0.9473747,-0.30825984,-0.086354434
1356421288647,0.1287207,-0.12860434,-0.98330665,0.29235297,-0.94256693,0.16154683,-0.9476079,-0.308267,-0.08373001
1356421288689,0.12612998,-0.1278187,-0.9837447,0.29277286,-0.9426965,0.16002291,-0.94782656,-0.30819744,-0.08148044
1356421288729,0.124136806,-0.12538944,-0.9843107,0.29317755,-0.9430608,0.15710892,-0.9479646,-0.3080808,-0.080307186
1356421288768,0.12302172,-0.12102922,-0.98499626,0.29345942,-0.943712,0.1526083,-0.9480228,-0.30783057,-0.08057991
1356421288809,0.12287682,-0.11517962,-0.9857154,0.29336894,-0.9446376,0.14695036,-0.9480696,-0.3072351,-0.082283944
1356421288857,0.12347233,-0.10954472,-0.98628324,0.29268456,-0.9456556,0.1416733,-0.94820374,-0.3061626,-0.08470026
1356421288888,0.12430507,-0.10696474,-0.9864617,0.29151008,-0.9463633,0.13935024,-0.9484567,-0.30488548,-0.08645645
1356421288927,0.12486988,-0.10927533,-0.9861371,0.29011717,-0.9464552,0.14161429,-0.94880956,-0.30377868,-0.086481094
1356421288967,0.12506598,-0.117109425,-0.98521256,0.28889906,-0.9456803,0.14908409,-0.94915533,-0.30327234,-0.084439635
1356421289008,0.12503111,-0.1295127,-0.9836634,0.2881149,-0.94397986,0.1609094,-0.9493982,-0.30352676,-0.08071232
1356421289047,0.124931335,-0.14491744,-0.9815249,0.28762752,-0.94150335,0.17561851,-0.94955915,-0.30425382,-0.075941026
1356421289089,0.124964476,-0.1614072,-0.9789441,0.28698125,-0.93862164,0.19139269,-0.94975024,-0.3048559,-0.070973516
1356421289127,0.12537289,-0.17690279,-0.97621053,0.2856228,-0.9358791,0.20627616,-0.95010585,-0.3046894,-0.066806406
1356421289168,0.12634945,-0.18990311,-0.97363883,0.2829431,-0.9338334,0.2188569,-0.95077807,-0.30313686,-0.06425756
1356421289209,0.12809843,-0.19962965,-0.9714622,0.27795693,-0.93304825,0.22838761,-0.952014,-0.29928073,-0.06403357
1356421289247,0.13082886,-0.20753631,-0.96943927,0.2710005,-0.9331161,0.23633263,-0.953647,-0.29363766,-0.06583607
1356421289288,0.13474739,-0.21361259,-0.9675809,0.26192546,-0.9340748,0.24269176,-0.95563495,-0.28613615,-0.069913566
1356421289327,0.14032018,-0.2209617,-0.96513534,0.2512593,-0.93492293,0.25057513,-0.95769465,-0.27765995,-0.075669885
1356421289368,0.14743847,-0.2331206,-0.96120584,0.23930995,-0.93454343,0.26336172,-0.95968366,-0.26885578,-0.08199957
1356421289407,0.1554715,-0.25418428,-0.9545779,0.22591029,-0.9315707,0.28485182,-0.9616617,-0.2599353,-0.087409854
1356421289448,0.1634224,-0.28702837,-0.9438791,0.2109159,-0.9244563,0.3176398,-0.96374667,-0.25098857,-0.090538025
1356421289487,0.17033643,-0.33181864,-0.92783725,0.19470781,-0.911699,0.3617925,-0.96595776,-0.24228358,-0.09068787
1356421289527,0.17561883,-0.38538527,-0.90588975,0.17828463,-0.89252514,0.4142626,-0.96818006,-0.23425853,-0.08803594
1356421289568,0.17938834,-0.44205457,-0.8788672,0.16292988,-0.867672,0.46967974,-0.9701926,-0.22744879,-0.08362636
1356421289608,0.18249446,-0.49528503,-0.849346,0.1497975,-0.8397617,0.52188224,-0.9717286,-0.2224705,-0.07905939
1356421289647,0.18628597,-0.53991896,-0.82084405,0.13952911,-0.81246233,0.56607115,-0.9725374,-0.21998276,-0.07601592
1356421289687,0.1919499,-0.5737721,-0.79620403,0.13200903,-0.7888223,0.6002775,-0.97248596,-0.22032936,-0.075671256
1356421289727,0.19975007,-0.598448,-0.7758608,0.12612498,-0.7695278,0.62603474,-0.97169566,-0.22290592,-0.07823399
1356421289786,0.20887315,-0.6182964,-0.7576818,0.11991769,-0.7527309,0.6473144,-0.97056264,-0.22606604,-0.08308062
1356421289808,0.21854383,-0.63724506,-0.7390246,0.111800045,-0.7359937,0.6676931,-0.96940154,-0.22854318,-0.08960283
1356421289848,0.229307,-0.65596855,-0.719113,0.102207154,-0.71848756,0.68798935,-0.9679731,-0.23125926,-0.09770954
1356421289885,0.24251497,-0.6727334,-0.69901085,0.093352646,-0.70099455,0.70703036,-0.9656458,-0.23671997,-0.107200205
1356421289928,0.2587033,-0.68593633,-0.6801206,0.08748165,-0.68455917,0.72368896,-0.9619874,-0.2467188,-0.11709085
1356421289967,0.2761948,-0.6968899,-0.6618617,0.085145354,-0.6681993,0.739094,-0.95732266,-0.2604884,-0.12521625
1356421290007,0.29189646,-0.7073232,-0.64380914,0.086253494,-0.6509141,0.75423545,-0.95255274,-0.27568942,-0.12899041
1356421290047,0.30233347,-0.719148,-0.6256362,0.09052938,-0.6317219,0.7698908,-0.94889355,-0.28940222,-0.12588665
1356421290088,0.3048389,-0.7327256,-0.60842955,0.09865424,-0.6111058,0.785377,-0.94728065,-0.29943764,-0.11400232
1356421290127,0.2979421,-0.7469151,-0.59443104,0.112047285,-0.59104383,0.79881954,-0.9479852,-0.30460635,-0.09240705
1356421290168,0.2804315,-0.7609827,-0.58503294,0.13174194,-0.5732076,0.8087504,-0.9507904,-0.30387247,-0.06049218
1356421290208,0.2493673,-0.7779877,-0.5766724,0.15821221,-0.55475444,0.81683314,-0.9553978,-0.29492807,-0.015250444
1356421290247,0.20528156,-0.7941829,-0.5719554,0.19170749,-0.5404511,0.819244,-0.95974356,-0.2778238,0.041306168
1356421290288,0.14870417,-0.8178072,-0.55594826,0.23146585,-0.5177958,0.8235965,-0.96141076,-0.2511553,0.11229599
1356421290327,0.08430964,-0.8429006,-0.53142303,0.27907866,-0.49200255,0.8246505,-0.95655996,-0.21783483,0.19375506
1356421290367,0.021888375,-0.860368,-0.509203,0.32997012,-0.47456735,0.81603026,-0.94373757,-0.18588328,0.27350825
1356421290407,-0.030016601,-0.86145985,-0.5069377,0.37330344,-0.48013008,0.7938007,-0.9272235,-0.16541436,0.33599788
1356421290448,-0.06881243,-0.84258986,-0.5341416,0.39947677,-0.51388454,0.75917125,-0.9141571,-0.16113678,0.37195668
1356421290487,-0.09545773,-0.8039682,-0.5869607,0.4057926,-0.56986284,0.71455485,-0.90896654,-0.1699745,0.38064224
1356421290527,-0.11061025,-0.74712557,-0.65541494,0.39484638,-0.6382192,0.66088784,-0.91206455,-0.18568729,0.36559334
1356421290568,-0.11402953,-0.6744367,-0.7294742,0.3720324,-0.7098246,0.59811455,-0.92118907,-0.20318532,0.3318532
1356421290607,-0.10562092,-0.5898351,-0.8005865,0.34396154,-0.777064,0.5271262,-0.93302447,-0.21969542,0.2849548
1356421290647,-0.08619076,-0.4977995,-0.8629988,0.31620666,-0.83510363,0.45012814,-0.94476694,-0.23408908,0.22938567
1356421290688,-0.057653546,-0.4056845,-0.91219306,0.29323044,-0.880292,0.37296382,-0.95430183,-0.24598011,0.16971093
1356421290727,-0.0229612,-0.3220052,-0.94645935,0.27744335,-0.9115754,0.30340615,-0.9604675,-0.2556223,0.11026919
1356421290767,0.01494354,-0.25545466,-0.96670556,0.26856774,-0.93026006,0.24997538,-0.9631449,-0.26336145,0.05470544
1356421290807,0.05393195,-0.21352647,-0.97544754,0.2635296,-0.939192,0.22016051,-0.9631425,-0.268933,0.005618036
1356421290847,0.092832565,-0.201029,-0.97517663,0.25764802,-0.9411976,0.21855132,-0.96176904,-0.271541,-0.035579056
1356421290888,0.13095641,-0.22085327,-0.9664751,0.24636155,-0.93704075,0.24750882,-0.9602897,-0.2705152,-0.06830174
1356421290927,0.16729689,-0.2753441,-0.9466771,0.22626868,-0.9238567,0.30869293,-0.9595907,-0.26584673,-0.092256606
1356421290967,0.19920474,-0.36172378,-0.9107543,0.19580807,-0.89594686,0.39867082,-0.96019614,-0.25775018,-0.10764843
1356421291007,0.22348791,-0.4684044,-0.8547809,0.15712284,-0.8481803,0.5058682,-0.96195924,-0.24736102,-0.115961015
1356421291047,0.23822248,-0.57233876,-0.7846518,0.118122205,-0.7848391,0.6083377,-0.96400064,-0.23760451,-0.11936039
1356421291087,0.24505371,-0.6531873,-0.7164462,0.088635,-0.7207894,0.68746376,-0.9654494,-0.23196778,-0.11873683
1356421291127,0.2471267,-0.7050007,-0.6647574,0.074379146,-0.6702104,0.7384347,-0.9661243,-0.231931,-0.11318952
1356421291167,0.2458964,-0.73149574,-0.6359631,0.076011926,-0.6395353,0.7649947,-0.9663111,-0.23645025,-0.10165707
1356421291207,0.24032372,-0.7379294,-0.63063824,0.091935515,-0.6294546,0.77157927,-0.96632934,-0.24340686,-0.083430916
1356421291247,0.22805041,-0.72299886,-0.6521239,0.1189774,-0.6440603,0.7556658,-0.9663526,-0.2499179,-0.060857683
1356421291288,0.206523,-0.69022423,-0.6934974,0.15283597,-0.6773201,0.71963775,-0.96643126,-0.25461304,-0.034391075
1356421291327,0.171938,-0.6331673,-0.7546763,0.19095092,-0.7301339,0.65608084,-0.9664238,-0.2569114,-0.004633818
1356421291367,0.12129921,-0.5524106,-0.82469934,0.22780356,-0.79316616,0.56479466,-0.9661222,-0.25637862,0.02963063
1356421291408,0.054294527,-0.46072218,-0.88588214,0.25600037,-0.851115,0.4583307,-0.9651507,-0.25167096,0.07173422
1356421291447,-0.02534318,-0.3785535,-0.9252324,0.2695549,-0.8938365,0.35832462,-0.9626515,-0.24031982,0.1246936
1356421291487,-0.11061776,-0.31356275,-0.9431023,0.26760578,-0.9232772,0.27558348,-0.9571577,-0.22189522,0.18604213
1356421291527,-0.19167769,-0.25431666,-0.947936,0.25379732,-0.9458368,0.2024343,-0.94807523,-0.20178148,0.2458407
1356421291567,-0.25788724,-0.18407908,-0.94847727,0.23260891,-0.96463704,0.12396988,-0.93775654,-0.188654,0.291586
1356421291608,-0.30194378,-0.09830888,-0.9482433,0.20771435,-0.9775558,0.03520654,-0.93042177,-0.18633334,0.31558698
1356421291647,-0.32172304,-0.0035899356,-0.94682705,0.18352818,-0.9812639,-0.058640666,-0.92887664,-0.1926355,0.31635398
1356421291688,-0.31940168,0.09012485,-0.9433239,0.16520584,-0.9749265,-0.1490815,-0.93310744,-0.2034595,0.29650408
1356421291728,-0.29943895,0.17489642,-0.9379486,0.15718639,-0.9605805,-0.22929808,-0.94107854,-0.21609351,0.26014382
1356421291767,-0.26803172,0.24347393,-0.932137,0.1612164,-0.94256115,-0.29255372,-0.9498254,-0.22868943,0.2133843
1356421291807,-0.22962266,0.2955478,-0.9273214,0.17496775,-0.9247226,-0.33804494,-0.9574235,-0.23987412,0.16062593
1356421291847,-0.18776298,0.33045197,-0.92495763,0.19446401,-0.91055864,-0.36478326,-0.9627714,-0.24836376,0.10670811
1356421291888,-0.14512318,0.3485416,-0.9259903,0.21508595,-0.90240306,-0.37337214,-0.9657522,-0.25335246,0.055993207
1356421291928,-0.10335958,0.35058394,-0.9308102,0.23309793,-0.90122336,-0.36532408,-0.9669447,-0.2547297,0.011429727
1356421291968,-0.06320673,0.33849326,-0.9388436,0.24617268,-0.9063688,-0.343358,-0.96716285,-0.25282016,-0.026039243
1356421292007,-0.025127172,0.31368485,-0.94919467,0.2533696,-0.91649383,-0.30958524,-0.96704316,-0.24827604,-0.056449354
1356421292048,0.01023978,0.27743572,-0.9606896,0.25430882,-0.929873,-0.26582563,-0.96706885,-0.24158984,-0.08007604
1356421292088,0.0424636,0.23009525,-0.9722413,0.2496695,-0.9446886,-0.21266995,-0.9673996,-0.23370825,-0.09756264
1356421292128,0.07108557,0.17414959,-0.9821501,0.24208088,-0.95821494,-0.15238431,-0.9676485,-0.22692743,-0.11027354
1356421292168,0.095481396,0.11223166,-0.98908406,0.23550607,-0.96796197,-0.08710031,-0.96717125,-0.22461887,-0.1188536
1356421292208,0.11427009,0.04650601,-0.9923606,0.23243764,-0.97242945,-0.018806808,-0.96587527,-0.22851291,-0.12192935
1356421292235,0.12752688,-0.015716173,-0.9917106,0.23112026,-0.9718783,0.045122296,-0.9645311,-0.23495871,-0.12030828
1356421292278,0.13162965,-0.07887672,-0.98815596,0.23376139,-0.9662474,0.10826667,-0.9633428,-0.2452438,-0.108748466
1356421292318,0.12606156,-0.13375288,-0.9829642,0.23971024,-0.957399,0.16101617,-0.9626253,-0.25592452,-0.088629276
1356421292358,0.11088556,-0.17605479,-0.9781151,0.248035,-0.9481382,0.198778,-0.962384,-0.26464838,-0.06146708
1356421292398,0.0859099,-0.20316286,-0.9753688,0.25748873,-0.9412007,0.21872534,-0.9624546,-0.26993716,-0.028546304
1356421292438,0.050165594,-0.21637054,-0.97502166,0.26578933,-0.9381537,0.22186412,-0.962725,-0.27028033,0.010445952
1356421292478,0.001634717,-0.22138345,-0.97518545,0.27010855,-0.93884104,0.21358544,-0.96282846,-0.26375508,0.058262885
1356421292517,-0.0612669,-0.22506775,-0.97241503,0.26837733,-0.9420814,0.20113786,-0.9613636,-0.24865104,0.118121415
1356421292558,-0.13752621,-0.23245783,-0.96283436,0.26055422,-0.9463259,0.19125599,-0.955614,-0.22456783,0.19071242
1356421292598,-0.21816361,-0.23531918,-0.9471164,0.249353,-0.95172095,0.179026,-0.94351876,-0.19710939,0.26630843
1356421292656,-0.28855002,-0.2222428,-0.9313147,0.23695272,-0.95900637,0.1554357,-0.9276812,-0.1758266,0.32938227
1356421292678,-0.3372488,-0.18631572,-0.9227946,0.2221885,-0.9682812,0.11429758,-0.91481996,-0.16648762,0.3679488
1356421292718,-0.35961378,-0.12957805,-0.92406034,0.20431975,-0.977213,0.057516985,-0.91045666,-0.16811988,0.3778946
1356421292755,-0.356578,-0.060176358,-0.9323256,0.1863703,-0.98244816,-0.007867843,-0.915488,-0.1765633,0.3615344
1356421292798,-0.33165294,0.012629621,-0.943317,0.17386293,-0.98196495,-0.07427408,-0.9272422,-0.18864109,0.32347566
1356421292838,-0.29077637,0.079461165,-0.9534857,0.171069,-0.9761698,-0.13352105,-0.9413737,-0.2019366,0.27025378
1356421292878,-0.24049997,0.13385105,-0.96137595,0.17831439,-0.9674976,-0.17931089,-0.9541298,-0.21455142,0.20881557
1356421292918,-0.18671966,0.17229415,-0.96718687,0.1926444,-0.95896584,-0.20802054,-0.96334,-0.22516468,0.14586633
1356421292958,-0.13390577,0.19349654,-0.97191995,0.20973901,-0.9530015,-0.21862681,-0.96854466,-0.23312493,0.08702862
1356421292998,-0.084471405,0.19847547,-0.97645897,0.22577839,-0.95066077,-0.21276332,-0.97050947,-0.23843573,0.03549218
1356421293038,-0.039219856,0.18968949,-0.98106045,0.23831993,-0.9517065,-0.19354118,-0.97039443,-0.24139692,-0.00788093
1356421293078,0.001619339,0.16993594,-0.9854537,0.24593905,-0.95525473,-0.16432416,-0.96928394,-0.24209547,-0.04334077
1356421293119,0.037778616,0.14181882,-0.98917145,0.24747795,-0.9603696,-0.12823774,-0.96815675,-0.23995347,-0.07137847
1356421293158,0.06901121,0.10752174,-0.99180466,0.24319062,-0.96599644,-0.08780231,-0.9675204,-0.23513824,-0.092812866
1356421293207,0.09496802,0.06877337,-0.9931019,0.23637468,-0.97063726,-0.04461372,-0.96700996,-0.23050725,-0.10843578
1356421293239,0.11465651,0.02635368,-0.9930555,0.23135126,-0.9728699,8.934215E-4,-0.96609026,-0.2298471,-0.11764282
1356421293279,0.12686038,-0.019553319,-0.9917279,0.22977445,-0.97203183,0.048557386,-0.9649405,-0.23403372,-0.118819475
1356421293319,0.13031542,-0.06776512,-0.98915404,0.23121724,-0.9680763,0.09678268,-0.9641351,-0.24132174,-0.110486805
1356421293359,0.12513,-0.11535171,-0.98541176,0.23450375,-0.96163684,0.14234649,-0.96402824,-0.24889459,-0.09327921
1356421293399,0.1117,-0.15910113,-0.980923,0.23919252,-0.95377487,0.18193524,-0.96452576,-0.2549516,-0.06848085
1356421293439,0.09074098,-0.19623758,-0.9763488,0.2451884,-0.94581264,0.21288767,-0.96521956,-0.25870702,-0.03770879
1356421293479,0.061792076,-0.22648928,-0.9720516,0.25211382,-0.9387885,0.23476548,-0.9657227,-0.2595743,-9.086132E-4
1356421293519,0.02333039,-0.25085074,-0.9677446,0.25915748,-0.9334003,0.24819602,-0.9655533,-0.25658873,0.043233305
1356421293549,-0.02187407,-0.2677605,-0.96323717,0.2655528,-0.93041486,0.25260612,-0.9638481,-0.2502648,0.09145656
1356421293589,-0.08191526,-0.29049093,-0.9533651,0.26959175,-0.9273768,0.25940835,-0.95948434,-0.23576985,0.15428022
1356421293629,-0.15310949,-0.3107305,-0.9380853,0.27106568,-0.92607343,0.2625097,-0.9503057,-0.21408999,0.22601905
1356421293669,-0.22186154,-0.32291993,-0.9200545,0.2715985,-0.92669344,0.25975692,-0.93648905,-0.19225533,0.29330212
1356421293709,-0.2727633,-0.32258728,-0.9063871,0.27328226,-0.92928284,0.24849588,-0.9224516,-0.17991894,0.34163165
1356421293749,-0.297593,-0.31029394,-0.90286,0.2762368,-0.93324083,0.22968437,-0.9138554,-0.1810507,0.36344045
1356421293789,-0.29588884,-0.2899416,-0.91015595,0.27926624,-0.9374487,0.20784748,-0.913488,-0.1926761,0.35835135
1356421293829,-0.27095342,-0.26593786,-0.9251277,0.2817747,-0.9408934,0.1879431,-0.92042774,-0.20975375,0.32987285
1356421293869,-0.2270661,-0.24183458,-0.9433753,0.28412622,-0.9429862,0.17334694,-0.9315112,-0.22867641,0.28283188
1356421293909,-0.16919738,-0.22066997,-0.96056086,0.2864497,-0.9435513,0.16630585,-0.9430371,-0.24701382,0.22285718
1356421293949,-0.10308123,-0.20513073,-0.9732911,0.2876795,-0.9428333,0.16824332,-0.95216316,-0.26265317,0.15620032
1356421293989,-0.03497088,-0.19780168,-0.979618,0.28595772,-0.9412152,0.17983925,-0.9576039,-0.27384022,0.089477986
1356421294028,0.029478729,-0.2009418,-0.97915953,0.27939153,-0.9388844,0.20108798,-0.9597246,-0.2794967,0.028464377
1356421294068,0.08629131,-0.21609291,-0.9725522,0.26673147,-0.9355454,0.23153652,-0.95990014,-0.27938986,-0.02309066
1356421294108,0.13334066,-0.24388997,-0.96059245,0.2480271,-0.9301924,0.2706004,-0.95953256,-0.274335,-0.063541144
1356421294148,0.16990495,-0.28355014,-0.94378585,0.22458428,-0.92136705,0.31724542,-0.95952815,-0.26586103,-0.09286392
1356421294207,0.19659507,-0.33293205,-0.92222923,0.19846554,-0.90760213,0.3699592,-0.96018845,-0.25576285,-0.11235458
1356421294229,0.21530968,-0.38769284,-0.8962902,0.17307225,-0.8881381,0.4257426,-0.96108675,-0.24678943,-0.12412587
1356421294259,0.22942233,-0.44249803,-0.86692613,0.15125322,-0.8636551,0.4808559,-0.96150297,-0.24144444,-0.1312125
1356421294299,0.23875767,-0.49085397,-0.83788854,0.13884437,-0.83672196,0.5297345,-0.96110195,-0.24281427,-0.13162148
1356421294340,0.24359566,-0.5374344,-0.8073571,0.133744,-0.80586594,0.5767951,-0.9606111,-0.24848397,-0.12442681
1356421294379,0.2424404,-0.5804551,-0.7773638,0.13485457,-0.7733274,0.6194989,-0.9607481,-0.25502264,-0.10920879
1356421294419,0.23502815,-0.6181844,-0.7500732,0.14147063,-0.74171567,0.6556248,-0.9616381,-0.2602036,-0.08686912
1356421294459,0.22197706,-0.6488688,-0.72780186,0.15341271,-0.71388507,0.6832517,-0.9629075,-0.26332027,-0.058921423
1356421294499,0.20363289,-0.6712922,-0.71267134,0.17051467,-0.692481,0.70099556,-0.9640842,-0.2642667,-0.026546717
1356421294539,0.17869234,-0.6855482,-0.7057568,0.19266401,-0.679035,0.7083727,-0.9648572,-0.26255476,0.010742158
1356421294579,0.14379615,-0.6936729,-0.70579076,0.22013843,-0.67291105,0.7062081,-0.9648118,-0.2569217,0.055942
1356421294619,0.09547353,-0.69903827,-0.70868206,0.25280005,-0.67156625,0.6964847,-0.96279645,-0.2456507,0.11260009
1356421294658,0.0345757,-0.7040479,-0.7093102,0.28860193,-0.67246395,0.6815431,-0.95682466,-0.22827312,0.17993873
1356421294698,-0.02984941,-0.7061903,-0.70739263,0.3231297,-0.67652535,0.6617406,-0.9458838,-0.20882702,0.24838495
1356421294738,-0.0848524,-0.699221,-0.7098521,0.35058594,-0.6878167,0.6356082,-0.9326787,-0.1949313,0.30349994
1356421294778,-0.12256825,-0.6782022,-0.72458184,0.3659039,-0.7095356,0.6022238,-0.92254615,-0.1913138,0.33512342
1356421294818,-0.14196533,-0.64192754,-0.75350845,0.3672195,-0.741053,0.5621302,-0.91923654,-0.19689998,0.34093207
1356421294858,-0.14494658,-0.5916723,-0.7930413,0.35643396,-0.7789169,0.5159878,-0.92300886,-0.2078762,0.32379335
1356421294898,-0.1339643,-0.5306782,-0.8369195,0.33809707,-0.8183359,0.46477598,-0.9315278,-0.22069663,0.28904855
1356421294938,-0.1116209,-0.4637764,-0.8788926,0.31714797,-0.8547953,0.41078234,-0.94178444,-0.2328871,0.24249882
1356421294978,-0.080730736,-0.3964389,-0.9145045,0.29728246,-0.885317,0.35754254,-0.95137036,-0.2430015,0.18932676
1356421295018,-0.044356108,-0.33410972,-0.94148993,0.2808367,-0.90858424,0.3092014,-0.9587301,-0.25068995,0.13413152
1356421295058,-0.005586505,-0.28156427,-0.9595261,0.26899943,-0.9245947,0.26974782,-0.9631241,-0.25660506,0.080905944
1356421295098,0.033073545,-0.24129714,-0.9698875,0.26151386,-0.9345206,0.24141599,-0.96463287,-0.26162353,0.032194644
1356421295138,0.06973904,-0.21516417,-0.9740846,0.25643283,-0.93978214,0.2259463,-0.9640429,-0.26554453,-0.010364354
1356421295207,0.102867365,-0.20481111,-0.9733811,0.25013804,-0.9417991,0.22460057,-0.9627301,-0.26658368,-0.04564935
1356421295220,0.13135147,-0.21147297,-0.9685174,0.23862164,-0.94151205,0.23793857,-0.96218836,-0.26236278,-0.07320696
1356421295259,0.15511566,-0.23504461,-0.95952755,0.22093542,-0.9384286,0.26559234,-0.9628741,-0.25319117,-0.09363529
1356421295299,0.17439574,-0.2689138,-0.9472441,0.20038879,-0.93216234,0.3015255,-0.96406966,-0.24240187,-0.108677834
1356421295339,0.19001204,-0.30430797,-0.9334303,0.18373366,-0.9229322,0.3382869,-0.9644363,-0.23578116,-0.11945662
1356421295379,0.201401,-0.3335277,-0.92097604,0.17611656,-0.9125892,0.36900395,-0.9635458,-0.2365169,-0.12505662
1356421295418,0.20647317,-0.3520647,-0.91291803,0.17850408,-0.9038108,0.38892454,-0.9620318,-0.24326207,-0.123767704
1356421295458,0.2026242,-0.35550115,-0.9124486,0.18985918,-0.89983475,0.39274797,-0.9606753,-0.25281695,-0.11483315
1356421295523,0.18721944,-0.33753905,-0.92250544,0.20900229,-0.90392095,0.37315542,-0.9598265,-0.26266772,-0.098685145
1356421295538,0.15764993,-0.2910297,-0.94363564,0.23385674,-0.9173996,0.32200778,-0.95940477,-0.2714401,-0.07656872
1356421295579,0.11188918,-0.21459557,-0.9702729,0.25941807,-0.93623775,0.23698336,-0.95926166,-0.2782222,-0.0490849
1356421295615,0.049732924,-0.115253724,-0.99209034,0.27761003,-0.952582,0.12458037,-0.9594058,-0.28160995,-0.015379101
1356421295658,-0.024415255,-0.019586802,-0.99951,0.2795584,-0.96005386,0.0119847655,-0.9598182,-0.2791288,0.028915673
1356421295698,-0.10552776,0.048559323,-0.99323004,0.26161212,-0.9622671,-0.07484102,-0.95938677,-0.26773882,0.088842124
1356421295738,-0.18869948,0.08329894,-0.9784956,0.22793634,-0.9654698,-0.1261468,-0.95521593,-0.24683857,0.16319686
1356421295778,-0.26742744,0.09967853,-0.9584084,0.18846957,-0.9700127,-0.15347466,-0.9449665,-0.22167417,0.24062172
1356421295818,-0.33223152,0.12672694,-0.9346457,0.1501941,-0.9711804,-0.18506898,-0.9311628,-0.20186399,0.30362302
1356421295858,-0.37491322,0.18089241,-0.90924025,0.11372411,-0.9643968,-0.23875837,-0.920058,-0.19291623,0.34099334
1356421295898,-0.3927467,0.25984645,-0.8821734,0.08004179,-0.945954,-0.31426808,-0.9161569,-0.19403848,0.35072166
1356421295938,-0.38837576,0.3510607,-0.8520099,0.053969726,-0.9143365,-0.40134293,-0.9199194,-0.20185459,0.3361594
1356421295978,-0.36789572,0.44178206,-0.81821835,0.04051584,-0.871479,-0.4887563,-0.9289839,-0.2129622,0.3027143
1356421296018,-0.33798766,0.52460825,-0.78137743,0.041004077,-0.8212399,-0.56910795,-0.94025695,-0.2243911,0.2560578
1356421296058,-0.3042279,0.5967808,-0.74249446,0.053349793,-0.7675432,-0.63877314,-0.95110416,-0.23394454,0.20166999
1356421296098,-0.27100486,0.6572655,-0.7032485,0.07404113,-0.7141903,-0.6960245,-0.9597261,-0.24069534,0.14488436
1356421296138,-0.24132407,0.7057977,-0.6660422,0.09925133,-0.6647774,-0.7404188,-0.96535575,-0.2447865,0.09037554
1356421296207,-0.21642989,0.7431065,-0.6332069,0.12518749,-0.6221019,-0.77286315,-0.9682388,-0.24654022,0.041613758
1356421296220,-0.19568324,0.7716082,-0.6052511,0.14864469,-0.5867142,-0.7960346,-0.9693363,-0.245738,1.1476874E-4
1356421296259,-0.17803627,0.7931266,-0.5824547,0.16763738,-0.5588124,-0.81217396,-0.96963954,-0.2422376,-0.033468783
1356421296299,-0.16264582,0.8103463,-0.56292546,0.18166745,-0.5361743,-0.8243264,-0.9698161,-0.2363385,-0.060006976
1356421296339,-0.14970022,0.82293344,-0.5480606,0.19299415,-0.51932395,-0.83249974,-0.9697129,-0.23039791,-0.08107838
1356421296379,-0.14026743,0.8273439,-0.5439,0.20510739,-0.51313454,-0.833441,-0.96863616,-0.22846255,-0.09771836
1356421296418,-0.1345405,0.8181038,-0.559111,0.2197372,-0.52556115,-0.8218888,-0.9662373,-0.23343483,-0.10905862
1356421296458,-0.13059962,0.7916765,-0.5968182,0.23525009,-0.56003684,-0.79436517,-0.96312046,-0.24414536,-0.11310133
1356421296498,-0.12625808,0.74674034,-0.65302205,0.24915758,-0.61331606,-0.74950916,-0.96019757,-0.2573369,-0.10861996
1356421296537,-0.120773375,0.6839539,-0.7194588,0.2597015,-0.67775214,-0.68790066,-0.958107,-0.2699246,-0.095769495
1356421296578,-0.1156078,0.60516024,-0.7876649,0.26588807,-0.7451898,-0.6115519,-0.95704675,-0.28013086,-0.07475513
1356421296618,-0.11403227,0.51744336,-0.8480855,0.2671321,-0.8062457,-0.5278337,-0.9568893,-0.2867409,-0.04628776
1356421296658,-0.119791985,0.4270189,-0.8962727,0.2625316,-0.8570129,-0.44340286,-0.9574587,-0.288416,-0.009442747
1356421296698,-0.13608384,0.33137438,-0.93363386,0.25184235,-0.8998716,-0.35609898,-0.9581527,-0.28358784,0.03900388
1356421296738,-0.16565996,0.22114062,-0.961069,0.23811352,-0.9367317,-0.2565844,-0.957005,-0.2713493,0.10252243
1356421296778,-0.20871073,0.099543,-0.9728983,0.22915223,-0.96213484,-0.14760053,-0.95075184,-0.2537476,0.17799729
1356421296818,-0.2582643,-0.006054297,-0.9660553,0.23029912,-0.97153705,-0.055479303,-0.93822265,-0.23681001,0.2523077
1356421296858,-0.30231583,-0.06753842,-0.95081204,0.23664549,-0.97157604,-0.0062293783,-0.92336553,-0.22688863,0.30970556
1356421296898,-0.33132106,-0.08339058,-0.93982565,0.24029686,-0.9706984,0.0014169589,-0.9124055,-0.2253677,0.34165132
1356421296938,-0.34074128,-0.06986742,-0.9375574,0.23948951,-0.9707877,-0.014695145,-0.90914255,-0.2295424,0.34752002
1356421296978,-0.33006912,-0.04557754,-0.9428557,0.23788609,-0.9706123,-0.036358424,-0.9134903,-0.23629308,0.33121148
1356421297018,-0.3013208,-0.024573721,-0.9532061,0.23950845,-0.9695688,-0.05071614,-0.9229526,-0.24358276,0.29803678
1356421297058,-0.2574616,-0.015793182,-0.9661595,0.24543631,-0.9681441,-0.049578108,-0.9345986,-0.24989507,0.25313616
1356421297098,-0.20169628,-0.024918891,-0.9791311,0.2537684,-0.96686924,-0.027668238,-0.94600224,-0.25405312,0.20133755
1356421297138,-0.13752049,-0.056262337,-0.98889977,0.26116326,-0.96511567,0.018590726,-0.95544857,-0.25570768,0.14741677
1356421297207,-0.06877202,-0.11247759,-0.99127156,0.26395187,-0.96026695,0.09064722,-0.962081,-0.25541398,0.0957281
1356421297220,7.176399E-4,-0.1908631,-0.98161644,0.25847203,-0.9482247,0.18455946,-0.9660185,-0.25385284,0.04865223
1356421297259,0.067079306,-0.28886333,-0.9550175,0.24241374,-0.9237743,0.2964401,-0.9678512,-0.25139436,0.00805825
1356421297299,0.12495005,-0.3933135,-0.91087425,0.21561715,-0.88536316,0.41187537,-0.96845067,-0.24786395,-0.02582103
1356421297339,0.1712318,-0.49739993,-0.8504546,0.18023024,-0.83282334,0.5233759,-0.9686056,-0.24289626,-0.052959323
1356421297379,0.2042917,-0.593562,-0.77842724,0.14004587,-0.76929665,0.6233537,-0.9688406,-0.23636153,-0.07403502
1356421297419,0.22613549,-0.67635214,-0.7010067,0.10026315,-0.6996649,0.7074011,-0.9689221,-0.23025368,-0.09040586
1356421297459,0.24132353,-0.7410737,-0.6265563,0.066854894,-0.6314088,0.772563,-0.9681392,-0.228326,-0.10282942
1356421297498,0.2538569,-0.78846765,-0.56024575,0.04354638,-0.5693161,0.8209646,-0.966261,-0.23280421,-0.110189855
1356421297537,0.2646081,-0.82253695,-0.50340384,0.031059772,-0.51447034,0.8569454,-0.9638557,-0.24239028,-0.11058515
1356421297578,0.2726702,-0.847135,-0.45608467,0.029002607,-0.4665947,0.8839956,-0.96167034,-0.25426692,-0.10265736
1356421297618,0.27694464,-0.86497927,-0.4184645,0.03640607,-0.42574036,0.9041126,-0.9601959,-0.26562378,-0.08641599
1356421297658,0.27663535,-0.8776196,-0.39148018,0.052732617,-0.392901,0.91806763,-0.959527,-0.2746138,-0.062411174
1356421297698,0.2708106,-0.88629156,-0.3756978,0.07757759,-0.36891854,0.9262185,-0.95950156,-0.27997553,-0.031150669
1356421297738,0.2579952,-0.89225197,-0.37057382,0.11061588,-0.35375738,0.9287733,-0.95979303,-0.2806104,0.0074295253
1356421297778,0.23546302,-0.8979126,-0.37190068,0.15245488,-0.34379768,0.92658556,-0.9598514,-0.27487472,0.05593954
1356421297818,0.20128179,-0.9053093,-0.37403286,0.20309207,-0.33497983,0.9200772,-0.958248,-0.26115787,0.116435826
1356421297858,0.15823328,-0.9144268,-0.37253976,0.25917304,-0.32560068,0.90929294,-0.95278096,-0.24043265,0.18547386
1356421297898,0.115403295,-0.92183536,-0.3700022,0.31273586,-0.3198291,0.89437443,-0.94280344,-0.21892673,0.25138164
1356421297938,0.08221853,-0.92393064,-0.37362054,0.3541232,-0.32334167,0.87752324,-0.9315777,-0.20445639,0.30060056
1356421297978,0.06253308,-0.9197717,-0.38743997,0.37713137,-0.33764166,0.86242104,-0.9240463,-0.20004559,0.32576096
1356421298018,0.0559994,-0.9101013,-0.4105846,0.38058236,-0.36072487,0.85148966,-0.9230499,-0.2039442,0.32616812
1356421298058,0.0613268,-0.89597356,-0.43985286,0.3669994,-0.38956994,0.8447171,-0.9281975,-0.2132296,0.30493057
1356421298098,0.0770179,-0.8787713,-0.47098738,0.3408061,-0.42073226,0.8407351,-0.9369735,-0.22526702,0.26708674
1356421298138,0.101242304,-0.86028117,-0.49966615,0.3059892,-0.450974,0.8384468,-0.9466365,-0.23777872,0.21757913
1356421298207,0.13135147,-0.8433062,-0.52113473,0.26632035,-0.47634614,0.8379545,-0.95489275,-0.24885535,0.16202083
1356421298220,0.16461337,-0.8301147,-0.5327401,0.22420314,-0.49447995,0.83977526,-0.9605391,-0.25768024,0.10471636
1356421298259,0.19765532,-0.82443637,-0.53031784,0.18229836,-0.5006397,0.84624296,-0.96317166,-0.2639405,0.0513393
1356421298299,0.2267909,-0.8274305,-0.513736,0.14117792,-0.49398005,0.85793495,-0.9636569,-0.26709998,0.0047848076
1356421298339,0.24874157,-0.84077644,-0.48085612,0.09966019,-0.47160769,0.87615865,-0.96342903,-0.2658593,-0.03351648
1356421298398,0.2609713,-0.8639777,-0.43062356,0.05696678,-0.43152124,0.9003023,-0.9636643,-0.2594843,-0.06339665
1356421298418,0.26326257,-0.89205575,-0.3673274,0.014745057,-0.37699383,0.92609847,-0.9646116,-0.24922335,-0.086094975
1356421298458,0.2595874,-0.9177145,-0.3006901,-0.023058861,-0.31716514,0.94808996,-0.96544427,-0.23917866,-0.10349354
1356421298495,0.25696453,-0.9353906,-0.24292734,-0.05185634,-0.26435146,0.9630313,-0.96502864,-0.23486757,-0.11643487
1356421298538,0.26053694,-0.94403195,-0.20229712,-0.06847441,-0.227074,0.97146726,-0.9630326,-0.23925093,-0.12380323
1356421298578,0.27037442,-0.94590545,-0.17933372,-0.0721868,-0.20566475,0.97595656,-0.9600452,-0.2509282,-0.12388837
1356421298618,0.2836023,-0.94338715,-0.17201865,-0.06346777,-0.19745624,0.978255,-0.9568393,-0.2665177,-0.115873724
1356421298658,0.29669076,-0.9380649,-0.17891005,-0.04324335,-0.20035034,0.97876954,-0.95399404,-0.28265524,-0.10000715
1356421298698,0.3063902,-0.93068224,-0.19988924,-0.012305021,-0.2138432,0.97679055,-0.9518265,-0.29681936,-0.07697153
1356421298738,0.30934608,-0.92139876,-0.2352215,0.028750092,-0.23817939,0.97079545,-0.9505148,-0.30707437,-0.04718952
1356421298778,0.3012741,-0.9106535,-0.28274405,0.07971129,-0.27143076,0.9591514,-0.95019996,-0.31150532,-0.009185642
1356421298818,0.27723366,-0.900303,-0.33555335,0.1399039,-0.30769396,0.94114363,-0.9505622,-0.3078619,0.040652797
1356421298858,0.23452002,-0.8942276,-0.3812576,0.20659581,-0.3373884,0.9184156,-0.9499045,-0.29415303,0.105619356
1356421298898,0.1776352,-0.89348924,-0.4124592,0.2747717,-0.35742456,0.89260745,-0.94495827,-0.27189064,0.18201444
1356421298938,0.11761403,-0.89154196,-0.43740147,0.337194,-0.3784365,0.8620244,-0.93405956,-0.24887529,0.25611308
1356421298978,0.06366378,-0.8787016,-0.47310713,0.3849247,-0.41576505,0.82399774,-0.92074966,-0.2345694,0.31176487
1356421299018,0.019104958,-0.8496971,-0.52692485,0.41181836,-0.4735508,0.7785598,-0.9110657,-0.23187163,0.3408737
1356421299058,-0.0149719715,-0.80381036,-0.5946972,0.41739318,-0.5454889,0.7267908,-0.90860265,-0.23734108,0.34367198
1356421299098,-0.036882997,-0.74275076,-0.6685514,0.40583768,-0.62248623,0.66918355,-0.9132007,-0.24664186,0.32439542
1356421299138,-0.044897974,-0.6701267,-0.7408875,0.3836888,-0.69632053,0.6065645,-0.9223703,-0.25703675,0.28838354
1356421299207,-0.038479805,-0.5925929,-0.8045825,0.35742033,-0.7600723,0.5427162,-0.93315053,-0.26669055,0.24105212
1356421299220,-0.018832326,-0.51582754,-0.8564855,0.3306901,-0.81163836,0.48154673,-0.94355154,-0.27416256,0.18586409
1356421299259,0.012335539,-0.4554668,-0.8901673,0.30668503,-0.8456055,0.43691605,-0.95173115,-0.2783906,0.12925386
1356421299299,0.050833285,-0.41877672,-0.90666544,0.28439268,-0.86418355,0.4150997,-0.9573593,-0.2789499,0.075167686
1356421299339,0.09491867,-0.4177857,-0.9035737,0.26017165,-0.8657134,0.42761075,-0.9608856,-0.2756725,0.02652362
1356421299379,0.14321864,-0.46485272,-0.8737278,0.228075,-0.84356445,0.48619008,-0.9630525,-0.26890695,-0.014792859
1356421299419,0.19144142,-0.562362,-0.80442476,0.18146646,-0.78517425,0.59209067,-0.9645829,-0.25932682,-0.04826501
1356421299459,0.23101956,-0.6958469,-0.68001986,0.117290646,-0.6739112,0.7294427,-0.96585345,-0.24827553,-0.07407037
1356421299499,0.2519951,-0.8220912,-0.51055306,0.04524085,-0.5169943,0.8547925,-0.96667045,-0.2385014,-0.09308796
1356421299539,0.25635082,-0.9023216,-0.3465544,-0.014706403,-0.3621348,0.9320097,-0.9664719,-0.23382485,-0.106103465
1356421299579,0.25648594,-0.9391196,-0.22862497,-0.051671773,-0.24952209,0.9669896,-0.96516585,-0.23620576,-0.1125249
1356421299619,0.25939283,-0.9528699,-0.15733513,-0.06744072,-0.18038526,0.9812813,-0.9634143,-0.24392661,-0.11105287
1356421299658,0.26493868,-0.95687664,-0.11914146,-0.06669858,-0.14144632,0.9876965,-0.9619558,-0.25373247,-0.10129699
1356421299698,0.2712755,-0.9566711,-0.10578242,-0.052555352,-0.12446234,0.99083143,-0.96106577,-0.26322883,-0.084041744
1356421299738,0.27665782,-0.953941,-0.11600408,-0.026702493,-0.12830043,0.9913758,-0.9605974,-0.2711743,-0.060967892
1356421299778,0.27858782,-0.94839346,-0.15145534,0.010464877,-0.15469164,0.9879074,-0.9603538,-0.27680394,-0.03317043
1356421299818,0.2725325,-0.9380419,-0.21401736,0.059578,-0.20555755,0.9768299,-0.9603002,-0.2789686,-1.3446808E-4
1356421299858,0.25156122,-0.9206681,-0.29847482,0.12015319,-0.27629858,0.9535315,-0.9603542,-0.27573428,0.041115165
1356421299898,0.2097854,-0.89828765,-0.386095,0.18677732,-0.35079205,0.91763777,-0.9597418,-0.26462072,0.094188735
1356421299938,0.14963722,-0.87798256,-0.4547037,0.25029176,-0.41126662,0.8764782,-0.9565369,-0.24496236,0.15821092
1356421299978,0.08187914,-0.85940194,-0.50470215,0.3040246,-0.460728,0.8338458,-0.94913906,-0.22171646,0.22355527
1356421300018,0.016316473,-0.8307442,-0.5564153,0.34287447,-0.51809764,0.78358924,-0.9392396,-0.20356601,0.27638736
1356421300057,-0.041833222,-0.7809174,-0.6232319,0.36210155,-0.5932206,0.7190075,-0.93119943,-0.19559485,0.30758777
1356421300097,-0.088707685,-0.70495826,-0.7036795,0.36082608,-0.6812244,0.63697565,-0.92840487,-0.19740134,0.3147971
1356421300138,-0.12038821,-0.6038767,-0.78793377,0.34355626,-0.77000505,0.5376442,-0.9313838,-0.20597352,0.30016518
1356421300207,-0.13403141,-0.4868473,-0.8631427,0.31897613,-0.8458422,0.4275575,-0.93823767,-0.21801576,0.268662
1356421300220,-0.13022488,-0.360519,-0.9236166,0.29411203,-0.90366644,0.31126362,-0.94685775,-0.23111248,0.22371283
1356421300259,-0.110684454,-0.24647373,-0.9628083,0.27597356,-0.9382852,0.20847003,-0.954771,-0.24263524,0.17187369
1356421300299,-0.08071005,-0.15288863,-0.98494214,0.26544115,-0.95577765,0.12661023,-0.9607429,-0.2512254,0.11772379
1356421300339,-0.04322225,-0.09262041,-0.9947629,0.2611305,-0.9621278,0.078235745,-0.9643353,-0.25638142,0.0657714
1356421300378,4.208088E-4,-0.07815693,-0.99694103,0.25903606,-0.9629047,0.075597964,-0.9658676,-0.25827548,0.019840151
1356421300418,0.049464226,-0.11549523,-0.9920756,0.2532785,-0.9593724,0.12431629,-0.96612793,-0.25742066,-0.018202156
1356421300458,0.103221,-0.20831862,-0.9725989,0.23760545,-0.94434863,0.2274846,-0.9658618,-0.25457603,-0.047978967
1356421300498,0.15779144,-0.34913158,-0.9236931,0.20698464,-0.90293735,0.37664497,-0.9655357,-0.25062168,-0.070210904
1356421300538,0.20500875,-0.5093635,-0.8357753,0.1620598,-0.82446027,0.5422194,-0.9652503,-0.2466053,-0.08647421
1356421300578,0.23815256,-0.6485151,-0.72298795,0.112739414,-0.7209149,0.68379205,-0.96466225,-0.2443561,-0.09857452
1356421300618,0.25838172,-0.74398285,-0.616221,0.071929455,-0.6212947,0.78026855,-0.9633613,-0.24593154,-0.107016854
1356421300658,0.270759,-0.8009639,-0.5339911,0.04591298,-0.5433351,0.83825946,-0.96155167,-0.2514834,-0.11033821
1356421300698,0.2778154,-0.8338584,-0.4769684,0.034431696,-0.4875514,0.8724151,-0.9600172,-0.25879318,-0.10673812
1356421300738,0.27983677,-0.85191107,-0.44264987,0.035965353,-0.45144457,0.891574,-0.9593737,-0.26541522,-0.09569149
1356421300778,0.2765323,-0.8586857,-0.43149608,0.049743295,-0.43561357,0.8987583,-0.9597164,-0.2699997,-0.07774742
1356421300818,0.2669047,-0.8542941,-0.4460308,0.07525957,-0.44293058,0.8933916,-0.96077985,-0.27201846,-0.053926468
1356421300858,0.24837935,-0.83707225,-0.48746043,0.111462206,-0.47518963,0.87279487,-0.9622286,-0.27111766,-0.024725363
1356421300898,0.21643722,-0.80521905,-0.5520662,0.15605646,-0.52966493,0.83372736,-0.9637433,-0.2666031,0.011020482
1356421300938,0.16629702,-0.7615304,-0.62643176,0.20410997,-0.5949354,0.7774259,-0.96471983,-0.2571446,0.05649993
1356421300978,0.09733945,-0.71733296,-0.6898974,0.2486522,-0.65367824,0.7147565,-0.9636893,-0.24111854,0.11473776
1356421301018,0.016000032,-0.68030995,-0.7327499,0.28515625,-0.69930404,0.6554843,-0.9583475,-0.21943592,0.1828058
1356421301057,-0.067456186,-0.6397851,-0.7655877,0.31116635,-0.7425533,0.5931188,-0.94795835,-0.1982156,0.24916956
1356421301098,-0.14416736,-0.5768098,-0.804056,0.322191,-0.79563016,0.51299644,-0.93563265,-0.18510227,0.300547
1356421301138,-0.20769864,-0.48016486,-0.8522341,0.3141586,-0.8578223,0.40674955,-0.9263723,-0.18325531,0.3290165
1356421301207,-0.25191045,-0.35412055,-0.90063304,0.29021883,-0.9154554,0.27877328,-0.92320865,-0.19115478,0.33338517
1356421301220,-0.2727285,-0.20907651,-0.93909854,0.25957575,-0.9558939,0.13743097,-0.92641217,-0.20628586,0.31497076
1356421301278,-0.27147985,-0.06889345,-0.95997524,0.2349164,-0.9720099,0.0033230558,-0.93333435,-0.22461179,0.2800653
1356421301298,-0.25337064,0.05649043,-0.9657185,0.22188625,-0.9682844,-0.114855684,-0.9415784,-0.2433807,0.23280033
1356421301338,-0.22424895,0.16103926,-0.9611341,0.22134271,-0.9520599,-0.2111619,-0.9490626,-0.26009288,0.17785355
1356421301375,-0.18980485,0.24126564,-0.9517169,0.23067035,-0.93124753,-0.28208008,-0.9543402,-0.27307305,0.121102475
1356421301418,-0.1540612,0.29857558,-0.9418694,0.24524124,-0.91186535,-0.32917824,-0.9571426,-0.2816988,0.06726003
1356421301458,-0.119032025,0.33394298,-0.9350474,0.26066807,-0.8981984,-0.3539659,-0.9580624,-0.28587022,0.01986605
1356421301498,-0.0852204,0.35072723,-0.932592,0.27284178,-0.89200467,-0.36039558,-0.9582769,-0.28516313,-0.019675992
1356421301538,-0.052315354,0.35147905,-0.93473285,0.27905893,-0.893581,-0.3516235,-0.9588478,-0.27924088,-0.051335372
1356421301578,-0.020082772,0.33747616,-0.9411198,0.27852145,-0.90215826,-0.32944837,-0.96022,-0.2687383,-0.07587651
1356421301618,0.011346996,0.3093543,-0.95087916,0.27293342,-0.91578937,-0.29468143,-0.961966,-0.2561829,-0.09482459
1356421301658,0.041252673,0.2681129,-0.9625039,0.2664519,-0.93138963,-0.24802572,-0.962965,-0.24622926,-0.10986149
1356421301698,0.06809771,0.21558873,-0.9741069,0.26308122,-0.9456965,-0.19090952,-0.9623674,-0.24326874,-0.121117115
1356421301738,0.08963311,0.15559003,-0.9837467,0.26359642,-0.95620745,-0.12721707,-0.96045965,-0.24790926,-0.12672082
1356421301778,0.10314429,0.094660684,-0.9901518,0.26696378,-0.9615712,-0.06411866,-0.95817095,-0.2577212,-0.12445155
1356421301818,0.106013,0.040872194,-0.99352443,0.27225944,-0.96216625,-0.010531008,-0.95636606,-0.26937997,-0.11312997
1356421301858,0.09619439,0.0010317266,-0.995362,0.27906114,-0.95992196,0.025974229,-0.9554431,-0.28026545,-0.09262702
1356421301898,0.07256162,-0.020853043,-0.9971459,0.2863781,-0.9572451,0.04085812,-0.95536506,-0.28852546,-0.06348741
1356421301938,0.034886837,-0.025244907,-0.9990723,0.29170787,-0.95589083,0.034339994,-0.955871,-0.29263526,-0.025983868
