1356420984199,-0.30250278,-0.22209457,-0.9269122,0.695156,0.6139263,-0.37396887,0.65211225,-0.75747514,-0.03132409
1356420984238,-0.14073563,-0.16149297,0.9767873,-0.7449361,-0.6325835,-0.21191594,0.6521225,-0.7574682,-0.031274915
1356420984278,-0.14057577,-0.16097155,0.97689646,-0.7449018,-0.63277656,-0.2114596,0.6521961,-0.75741804,-0.030955017
1356420984318,-0.1401115,-0.15947571,0.9772084,-0.74478996,-0.6333454,-0.2101464,0.65242374,-0.7572589,-0.030036926
1356420984360,-0.1392194,-0.156589,0.9778026,-0.74454737,-0.63446486,-0.20761415,0.65289146,-0.75692415,-0.028258085
1356420984398,-0.13795918,-0.15239143,0.978644,-0.7441323,-0.6361358,-0.20395723,0.6536318,-0.7563784,-0.02563867
1356420984438,-0.13665181,-0.14769095,0.9795477,-0.7435238,-0.6381201,-0.19993761,0.65459806,-0.75563884,-0.022611469
1356420984479,-0.13560337,-0.14326495,0.9803504,-0.7426424,-0.64027506,-0.19629079,0.6558155,-0.75466746,-0.019571155
1356420984517,-0.13515311,-0.14000347,0.98088366,-0.74146485,-0.64237934,-0.19385237,0.6572394,-0.7534905,-0.016988158
1356420984558,-0.13539582,-0.13828713,0.98109365,-0.7400322,-0.6443021,-0.19294381,0.6588023,-0.7521646,-0.015101165
1356420984598,-0.13621914,-0.13785437,0.98104054,-0.73849773,-0.64595085,-0.1933097,0.6603525,-0.7508286,-0.0138142705
1356420984640,-0.13729072,-0.13779739,0.9808992,-0.7370912,-0.6473184,-0.19410202,0.66170084,-0.7496605,-0.012698472
1356420984678,-0.13819343,-0.13706991,0.9808743,-0.7360053,-0.6484887,-0.19431582,0.6627208,-0.7487818,-0.011267304
1356420984718,-0.13872778,-0.13540524,0.98103005,-0.73526865,-0.64953,-0.193625,0.66342634,-0.7481818,-0.009451315
1356420984760,-0.1389327,-0.13357246,0.9812523,-0.7346094,-0.6505882,-0.19257218,0.6641135,-0.74759173,-0.00773564
1356420984806,-0.13898015,-0.1329489,0.9813303,-0.733484,-0.65196466,-0.19220617,0.66534626,-0.7465029,-0.00690569
1356420984838,-0.13883018,-0.13417524,0.98118454,-0.7314542,-0.65402734,-0.19293234,0.6676083,-0.74447644,-0.007344231
1356420984877,-0.13824034,-0.13694462,0.9808852,-0.7283374,-0.657069,-0.1943833,0.67112905,-0.741287,-0.008908451
1356420984917,-0.13655221,-0.13968328,0.9807355,-0.72452235,-0.6610817,-0.19503444,0.67558926,-0.73719716,-0.010931507
1356420984958,-0.13307226,-0.1402902,0.98112714,-0.7207677,-0.6657786,-0.19295812,0.68028355,-0.7328421,-0.01252
1356420984997,-0.1274271,-0.13724837,0.98230606,-0.7179258,-0.6705811,-0.186825,0.68435735,-0.7290294,-0.01308392
1356420985039,-0.12007928,-0.13112217,0.984067,-0.71665794,-0.6745056,-0.1773237,0.68700975,-0.72653234,-0.012975603
1356420985077,-0.11238974,-0.12465289,0.98581445,-0.7172923,-0.6763884,-0.16730335,0.6876483,-0.7259203,-0.013393447
1356420985133,-0.10597855,-0.12110293,0.9869664,-0.7198629,-0.675384,-0.16016856,0.6859782,-0.7274549,-0.015601292
1356420985159,-0.10191709,-0.12257394,0.9872125,-0.7241775,-0.671245,-0.15810496,0.682041,-0.73103064,-0.020353958
1356420985199,-0.10029477,-0.12948251,0.98649645,-0.72996736,-0.66415495,-0.16138762,0.6760833,-0.73629653,-0.02790679
1356420985229,-0.0993821,-0.13811287,0.9854177,-0.7360271,-0.6562315,-0.16620559,0.6696173,-0.74181205,-0.036437213
1356420985259,-0.09884822,-0.14830744,0.98398876,-0.742346,-0.64751875,-0.1721681,0.66268504,-0.7474786,-0.046089306
1356420985289,-0.09780401,-0.15900934,0.98242074,-0.7488064,-0.6384712,-0.17788628,0.6555329,-0.7530409,-0.056622177
1356420985319,-0.095558226,-0.16903383,0.980967,-0.75516146,-0.62974566,-0.18207565,0.6485366,-0.7581873,-0.06747043
1356420985360,-0.09205079,-0.17860687,0.97960514,-0.7614197,-0.6213497,-0.18483636,0.64169043,-0.762905,-0.07879901
1356420985399,-0.083955824,-0.18222335,0.97966635,-0.7670517,-0.61574006,-0.18026614,0.63606846,-0.7665891,-0.08807984
1356420985439,-0.071869135,-0.17858636,0.98129594,-0.77151006,-0.6135883,-0.1681717,0.6321448,-0.76916605,-0.09368318
1356420985478,-0.056178868,-0.16724488,0.9843135,-0.7746508,-0.61466974,-0.14865118,0.6298889,-0.77085036,-0.09502494
1356420985528,-0.038393915,-0.15131089,0.9877403,-0.7767137,-0.6173728,-0.1247659,0.6286825,-0.7719817,-0.09382188
1356420985548,-0.019685507,-0.1298356,0.9913401,-0.7772517,-0.62169003,-0.09685686,0.62888175,-0.77242744,-0.088676676
1356420985585,0.0010374784,-0.103675514,0.99461055,-0.77639055,-0.62693864,-0.064540565,0.63025117,-0.7721394,-0.08114308
1356420985615,0.021737635,-0.07765326,0.9967434,-0.774631,-0.63158745,-0.03231141,0.6320397,-0.77140605,-0.07388185
1356420985658,0.040450156,-0.053772062,0.9977336,-0.77156913,-0.6361384,-0.0030031502,0.63485813,-0.769699,-0.06722079
1356420985698,0.057800114,-0.033447146,0.9977677,-0.7673594,-0.6408056,0.02297163,0.6386068,-0.7669742,-0.06270461
1356420985737,0.07295287,-0.018486977,0.9971641,-0.7621856,-0.645876,0.04378751,0.6432348,-0.7632185,-0.061209023
1356420985777,0.0858683,-0.0092868805,0.99626327,-0.75651896,-0.6512929,0.0591335,0.64830995,-0.75876975,-0.06295118
1356420985817,0.097108364,-0.0053192675,0.9952596,-0.75131845,-0.65623826,0.06979948,0.65275615,-0.754535,-0.06772271
1356420985858,0.107296646,-0.0058549643,0.99420977,-0.7472476,-0.660098,0.076756775,0.65582657,-0.7511566,-0.07520138
1356420985898,0.11731297,-0.008981645,0.99305433,-0.7435427,-0.6636621,0.08183479,0.6583175,-0.74797857,-0.08453438
1356420985937,0.12796348,-0.011800647,0.99170864,-0.73826,-0.6688428,0.08730137,0.66226697,-0.7433102,-0.094299376
1356420985977,0.13937974,-0.011897743,0.9901675,-0.7299361,-0.6769352,0.094614595,0.6691536,-0.7359464,-0.103035584
1356420986018,0.15058976,-0.008364201,0.988561,-0.71879655,-0.6874461,0.10367948,0.67871517,-0.7261873,-0.10953456
1356420986057,0.15968049,-0.0013894737,0.9871678,-0.7065637,-0.69851905,0.113307804,0.6893981,-0.71559,-0.112521574
1356420986133,0.1649484,0.011825532,0.9862312,-0.6941489,-0.7089658,0.124598175,0.70067775,-0.7051436,-0.10873405
1356420986139,0.15782297,0.017223299,0.9873172,-0.68640935,-0.7168699,0.122228205,0.7098831,-0.6969942,-0.10131627
1356420986165,0.14508837,0.02150634,0.989185,-0.68154466,-0.722576,0.11567521,0.71724904,-0.6909569,-0.09017986
1356420986197,0.12681746,0.025948912,0.9915866,-0.67909,-0.7263818,0.105859905,0.7230174,-0.68680143,-0.07449627
1356420986238,0.10360402,0.038941205,0.9938561,-0.67868817,-0.72768784,0.09926176,0.72708225,-0.68480223,-0.048962504
1356420986278,0.06659287,0.050547272,0.99649906,-0.6815133,-0.7271488,0.08242792,0.72876954,-0.68461645,-0.013974346
1356420986317,0.021925926,0.06874582,0.99739325,-0.6865907,-0.7241323,0.06500468,0.7267134,-0.68622625,0.031322964
1356420986358,-0.022864997,0.103355795,0.9943816,-0.6949158,-0.7167064,0.05851525,0.7187275,-0.6896735,0.08821109
1356420986397,-0.059479237,0.16230577,0.98494625,-0.70941013,-0.70103824,0.072681546,0.7022816,-0.6944078,0.15683857
1356420986437,-0.0817433,0.24369977,0.9663997,-0.7318034,-0.6729366,0.10779643,0.67659575,-0.698403,0.23334837
1356420986478,-0.08948499,0.3310679,0.9393543,-0.75830066,-0.6341159,0.15125167,0.6457341,-0.6987783,0.3077929
1356420986517,-0.08892959,0.40282756,0.9109454,-0.7805826,-0.5962752,0.1874747,0.61869407,-0.69439614,0.36746663
1356420986558,-0.08779436,0.44616175,0.8906356,-0.7922772,-0.5732287,0.20905884,0.603812,-0.6872761,0.40381008
1356420986597,-0.09158212,0.45722967,0.8846207,-0.7923452,-0.5715401,0.2133801,0.60315996,-0.68138313,0.41462654
1356420986637,-0.10310376,0.43503857,0.8944893,-0.78320515,-0.5898611,0.19660482,0.6131551,-0.68029785,0.4015414
1356420986678,-0.12133241,0.38210946,0.91611725,-0.76836854,-0.62044656,0.15702191,0.62840134,-0.6848638,0.3688811
1356420986717,-0.1419943,0.30568185,0.94148624,-0.751405,-0.6524465,0.09851003,0.6443821,-0.69344956,0.32233447
1356420986758,-0.15973914,0.21712327,0.9629854,-0.73608166,-0.67621136,0.030364066,0.65777445,-0.7039856,0.26783788
1356420986797,-0.17139149,0.12700808,0.97698206,-0.7254116,-0.68727046,-0.037913144,0.6666356,-0.7152121,0.20992537
1356420986838,-0.17541355,0.04483944,0.9834732,-0.7208736,-0.686204,-0.09728986,0.6705009,-0.7260258,0.15269303
1356420986878,-0.17230135,-0.024163991,0.9847479,-0.7218926,-0.677085,-0.14292398,0.67021155,-0.7355081,0.099218726
1356420986917,-0.16278803,-0.077208936,0.9836355,-0.7266551,-0.6650044,-0.17245719,0.66743714,-0.7428378,0.052150503
1356420986958,-0.14840764,-0.115146965,0.9821998,-0.7332547,-0.6536145,-0.1874184,0.6635606,-0.7480169,0.012569264
1356420986998,-0.12963009,-0.1383676,0.98186076,-0.7408953,-0.6445806,-0.18865341,0.6589918,-0.7519111,-0.018958926
1356420987037,-0.106404364,-0.14651793,0.98346865,-0.7497112,-0.6378913,-0.17614704,0.65315485,-0.7560603,-0.041971743
1356420987083,-0.078684986,-0.13917843,0.9871363,-0.76058364,-0.63174623,-0.14969757,0.6444543,-0.7625786,-0.056147933
1356420987122,-0.046286523,-0.12139505,0.9915245,-0.77097684,-0.6268063,-0.1127325,0.635179,-0.76966035,-0.06458011
1356420987145,-0.01588142,-0.10189527,0.99466836,-0.77901876,-0.6223539,-0.076193094,0.62679946,-0.77607536,-0.06949447
1356420987177,0.011009753,-0.082520306,0.99652857,-0.78448474,-0.6186856,-0.04256493,0.6200504,-0.7812928,-0.07154746
1356420987218,0.03435141,-0.062015742,0.99748385,-0.7874018,-0.6163384,-0.011202455,0.6154822,-0.7850358,-0.070003435
1356420987257,0.052060783,-0.042957723,0.9977195,-0.7881336,-0.6153302,0.014631003,0.61329854,-0.78709805,-0.06589098
1356420987298,0.060141325,-0.028995275,0.9977686,-0.7872837,-0.615882,0.029556543,0.61365074,-0.78730464,-0.059867427
1356420987337,0.055305064,-0.022467762,0.99821675,-0.7853451,-0.6183505,0.029593378,0.6165829,-0.78558123,-0.051842883
1356420987378,0.035581052,-0.024388015,0.99906915,-0.78239834,-0.62264943,0.012665153,0.621761,-0.7821207,-0.04123561
1356420987418,0.001253128,-0.03310609,0.99945104,-0.77771646,-0.6283021,-0.019836962,0.62861395,-0.77726465,-0.026534453
1356420987457,-0.044558942,-0.04236555,0.998108,-0.77025634,-0.6347785,-0.061330616,0.6361759,-0.7715319,-0.0043472797
1356420987498,-0.09493935,-0.039473295,0.99470013,-0.76015353,-0.6423039,-0.09804198,0.6427699,-0.76543283,0.030974194
1356420987538,-0.13945448,-0.007060915,0.9902034,-0.7505832,-0.6514962,-0.11035341,0.64589286,-0.7586192,0.08555414
1356420987577,-0.16781461,0.06509349,0.9836672,-0.7471007,-0.6594048,-0.08382043,0.64317864,-0.7489648,0.15928908
1356420987618,-0.17532635,0.1652922,0.9705355,-0.7523097,-0.6583805,-0.02377507,0.63505185,-0.7343116,0.23978236
1356420987658,-0.16717076,0.26195014,0.95049256,-0.7617481,-0.64636666,0.044160098,0.6259344,-0.7166536,0.30759355
1356420987698,-0.1546976,0.32643545,0.9324745,-0.76850426,-0.6328928,0.09406462,0.62086236,-0.70205903,0.34877384
1356420987738,-0.14661074,0.34826875,0.9258586,-0.76931,-0.62851346,0.11459899,0.6218258,-0.69547087,0.36007345
1356420987778,-0.14419371,0.33235967,0.932065,-0.76488185,-0.63503337,0.10811302,0.6278248,-0.6973305,0.34578365
1356420987818,-0.14522529,0.28683668,0.9469077,-0.75711936,-0.64832586,0.080272585,0.6369299,-0.70526457,0.311323
1356420987857,-0.14479452,0.22420236,0.963726,-0.74919176,-0.6610686,0.041229814,0.6463329,-0.71604574,0.26368976
1356420987898,-0.14191556,0.1509828,0.9782965,-0.743412,-0.6688177,-0.0046221316,0.65360427,-0.7279334,0.20715812
1356420987938,-0.13531542,0.07653487,0.98784214,-0.7416287,-0.6689625,-0.049759805,0.657021,-0.7393454,0.14728141
1356420987978,-0.12587506,0.007537037,0.9920175,-0.7439246,-0.6622616,-0.08936337,0.6563015,-0.7492349,0.088969156
1356420988018,-0.1147455,-0.051368445,0.9920659,-0.74938583,-0.651097,-0.12038967,0.65211535,-0.75725424,0.03621562
1356420988058,-0.102938294,-0.09784606,0.9898635,-0.75709355,-0.6377383,-0.14177117,0.64514565,-0.76401305,-0.008430883
1356420988127,-0.091097,-0.13155457,0.98711437,-0.7680913,-0.6216137,-0.15372777,0.6338274,-0.7721981,-0.04441884
1356420988149,-0.07807249,-0.15030286,0.98555243,-0.7802279,-0.60617685,-0.15425304,0.6206038,-0.78099847,-0.06994468
1356420988189,-0.06598419,-0.1578851,0.9852504,-0.79250705,-0.59166,-0.14788848,0.60628265,-0.7905762,-0.08608487
1356420988231,-0.055473268,-0.15831894,0.98582846,-0.80269426,-0.5801256,-0.13833338,0.59380513,-0.7989927,-0.09490019
1356420988269,-0.047297776,-0.15466532,0.98683405,-0.8084984,-0.57424164,-0.12875059,0.58659446,-0.8039434,-0.097886264
1356420988309,-0.042513072,-0.14892402,0.9879344,-0.8093097,-0.57468796,-0.121456474,0.5858417,-0.80470836,-0.09609395
1356420988349,-0.042770028,-0.14329398,0.9887556,-0.8061643,-0.5796276,-0.11887354,0.5901439,-0.8021837,-0.09072778
1356420988406,-0.05020523,-0.1402052,0.9888488,-0.8004044,-0.5865375,-0.123800635,0.5973544,-0.7976944,-0.082773596
1356420988428,-0.0665611,-0.14108655,0.9877571,-0.79267955,-0.59376156,-0.13822567,0.605994,-0.79217535,-0.07231501
1356420988468,-0.09259069,-0.1459156,0.9849546,-0.7827735,-0.6006956,-0.16257438,0.61538005,-0.78604925,-0.05860004
1356420988505,-0.12799513,-0.15330794,0.979854,-0.7701049,-0.6071904,-0.19559729,0.62494457,-0.7796259,-0.040345818
1356420988548,-0.16954738,-0.15690345,0.9729517,-0.7546337,-0.6143013,-0.23056859,0.63386256,-0.7733144,-0.0142515
1356420988588,-0.21291292,-0.14644507,0.9660341,-0.7379956,-0.6238565,-0.25722647,0.6403362,-0.7676958,0.024751335
1356420988628,-0.2520699,-0.10854849,0.96160173,-0.7247484,-0.6372887,-0.2619213,0.6412492,-0.76294184,0.08197102
1356420988668,-0.28132278,-0.03677672,0.95890826,-0.7210043,-0.65131974,-0.23650676,0.63325375,-0.7579117,0.15671486
1356420988709,-0.29707158,0.05757591,0.9531177,-0.7292222,-0.6580774,-0.1875338,0.6164279,-0.7507456,0.2374818
1356420988748,-0.3016852,0.14132613,0.94287485,-0.7422721,-0.65547,-0.13925228,0.5983462,-0.74188006,0.30264807
1356420988787,-0.3012507,0.1912663,0.93416554,-0.7518189,-0.6502455,-0.109312415,0.5865291,-0.73525375,0.33968446
1356420988828,-0.299433,0.20136297,0.93262684,-0.75486165,-0.6478274,-0.10248691,0.58354414,-0.7346922,0.34598207
1356420988868,-0.29646498,0.17714724,0.93847084,-0.75293875,-0.6478646,-0.115563035,0.58753026,-0.7408714,0.32545012
1356420988908,-0.29029465,0.12998366,0.94806814,-0.74925303,-0.6471681,-0.1406891,0.5952722,-0.7511842,0.28526002
1356420988948,-0.2797048,0.06998536,0.95753187,-0.7462714,-0.6433092,-0.1709745,0.6040234,-0.76240104,0.23216477
1356420988988,-0.2647388,0.004204124,0.96431094,-0.74533916,-0.63539344,-0.20185286,0.6118683,-0.77217704,0.17134686
1356420989028,-0.24568558,-0.059423625,0.96752644,-0.74709857,-0.6243658,-0.22805932,0.6176425,-0.77886856,0.10900235
1356420989068,-0.22394085,-0.11542818,0.9677433,-0.75113475,-0.61226183,-0.24684441,0.62100494,-0.7821841,0.050408274
1356420989130,-0.20078123,-0.1597879,0.96651685,-0.75715363,-0.6007274,-0.25660303,0.6216152,-0.7833228,-3.6925077E-4
1356420989149,-0.17719895,-0.19020736,0.96561986,-0.76519567,-0.5904002,-0.25671622,0.6189315,-0.78437793,-0.04092759
1356420989189,-0.15402848,-0.20675635,0.966192,-0.7752893,-0.58092046,-0.2479069,0.612537,-0.78726304,-0.07081762
1356420989229,-0.13155478,-0.21157208,0.9684682,-0.786561,-0.5723249,-0.23187524,0.6033367,-0.79226357,-0.0911223
1356420989269,-0.11041951,-0.20839217,0.9717923,-0.7971796,-0.5653657,-0.21181688,0.59355897,-0.79808164,-0.10369861
1356420989309,-0.09139836,-0.20038402,0.9754448,-0.8052925,-0.56134677,-0.19077173,0.5857904,-0.80295455,-0.11006153
1356420989349,-0.0757308,-0.18984643,0.97888875,-0.8101007,-0.560674,-0.17141023,0.5813792,-0.8059795,-0.11133438
1356420989389,-0.06513637,-0.17901269,0.9816882,-0.81166434,-0.56277484,-0.1564781,0.580481,-0.8069937,-0.10864112
1356420989429,-0.0615173,-0.16987622,0.9835434,-0.81006956,-0.5671828,-0.14863011,0.5830977,-0.80588186,-0.10271993
1356420989469,-0.06644434,-0.16337776,0.98432356,-0.80523074,-0.5737821,-0.14959133,0.58922714,-0.8025471,-0.09343225
1356420989509,-0.08074188,-0.15904146,0.98396474,-0.7972124,-0.58224016,-0.1595268,0.5982751,-0.7973094,-0.0797787
1356420989549,-0.10394293,-0.15356275,0.98265684,-0.78641295,-0.5921782,-0.1757262,0.6088929,-0.79103947,-0.059211046
1356420989588,-0.1342451,-0.13945308,0.98108673,-0.7739146,-0.6035818,-0.19169107,0.6188979,-0.7850108,-0.026896924
1356420989628,-0.16810137,-0.10474035,0.98018944,-0.762391,-0.61652005,-0.19662887,0.6249014,-0.7803412,0.023784816
1356420989668,-0.1996491,-0.037118584,0.9791641,-0.75692916,-0.6287397,-0.17817047,0.6222528,-0.77672946,0.09743117
1356420989708,-0.22125965,0.062867254,0.9731865,-0.76253355,-0.6332432,-0.1324594,0.6079364,-0.77139527,0.18804961
1356420989748,-0.2276563,0.17268515,0.958307,-0.7780394,-0.62403166,-0.07238239,0.58551455,-0.76207894,0.27642053
1356420989787,-0.2210331,0.26030928,0.9398849,-0.7950627,-0.60622734,-0.019075304,0.5648184,-0.7514837,0.34095842
1356420989828,-0.2088952,0.30664513,0.9286182,-0.80607486,-0.59164697,0.014042914,0.55372024,-0.74560225,0.3707711
1356420989868,-0.1971395,0.30967283,0.93018204,-0.8093505,-0.5868419,0.0238384,0.5532519,-0.7481438,0.36632368
1356420989908,-0.18887097,0.27428195,0.94291955,-0.8064407,-0.5912227,0.010444641,0.5603402,-0.758436,0.3328569
1356420989948,-0.18402177,0.20933706,0.96037185,-0.8002581,-0.59922504,-0.022725463,0.5707215,-0.7727273,0.27779406
1356420989988,-0.18105775,0.12619051,0.97534305,-0.7939626,-0.60401106,-0.069239855,0.5803805,-0.7869223,0.20955138
1356420990028,-0.17813051,0.037804514,0.98328036,-0.7900057,-0.6012409,-0.1200009,0.58665186,-0.79817295,0.13696526
1356420990067,-0.1738128,-0.043751806,0.9838064,-0.7892685,-0.5912584,-0.16573748,0.588935,-0.80529463,0.06823629
1356420990129,-0.1676606,-0.11152333,0.97951645,-0.7912795,-0.5774102,-0.20118204,0.5880193,-0.80880165,0.008562803
1356420990149,-0.15935856,-0.16232774,0.9737836,-0.79542994,-0.5631135,-0.22404107,0.5847188,-0.8102795,-0.03938338
1356420990189,-0.14880514,-0.1958403,0.9692799,-0.8015304,-0.5501754,-0.23421341,0.57914245,-0.81175953,-0.075103015
1356420990229,-0.1357165,-0.21306157,0.96756697,-0.80951273,-0.53919864,-0.23228025,0.5712007,-0.814782,-0.09929794
1356420990269,-0.12031466,-0.21705437,0.9687165,-0.8184334,-0.5305944,-0.22053647,0.561864,-0.8193637,-0.11380625
1356420990310,-0.10320628,-0.2120265,0.971799,-0.8258252,-0.5263019,-0.20253193,0.55440176,-0.82343864,-0.120779246
1356420990349,-0.08539045,-0.20112664,0.9758363,-0.82911545,-0.5287832,-0.18153754,0.5525179,-0.8245826,-0.121604174
1356420990389,-0.06858295,-0.18661019,0.9800372,-0.82762754,-0.5378889,-0.16033751,0.5570718,-0.82210225,-0.11755368
1356420990429,-0.055561304,-0.17143455,0.98362756,-0.8226148,-0.5504769,-0.14240786,0.5658779,-0.8170589,-0.11043939
1356420990469,-0.04977709,-0.15902978,0.9860181,-0.81584084,-0.5630115,-0.13199124,0.5761301,-0.81100404,-0.10171789
1356420990509,-0.054498374,-0.15236998,0.9868198,-0.80837196,-0.5734088,-0.13318059,0.5861439,-0.8049756,-0.09192178
1356420990547,-0.07186115,-0.15303805,0.9856041,-0.80009496,-0.58118224,-0.14857763,0.5955536,-0.7992538,-0.08068061
1356420990588,-0.101410925,-0.15851843,0.9821343,-0.7899084,-0.5873185,-0.17635691,0.60478145,-0.7936806,-0.065654546
1356420990628,-0.14120513,-0.16251108,0.9765507,-0.77685165,-0.5932596,-0.21105587,0.613647,-0.7884372,-0.04247567
1356420990668,-0.18491805,-0.15166846,0.9709799,-0.76211154,-0.60167,-0.23912191,0.6204767,-0.78421295,-0.0043286383
1356420990708,-0.2245031,-0.11005798,0.96823835,-0.75043106,-0.61432874,-0.24383035,0.6216521,-0.7813369,0.055327833
1356420990748,-0.25205117,-0.031318426,0.96720695,-0.7481824,-0.6275913,-0.21529564,0.61375344,-0.77791274,0.13475323
1356420990788,-0.26378572,0.06809652,0.96217453,-0.756797,-0.6330839,-0.16267467,0.59805965,-0.7710821,0.21853378
1356420990828,-0.2636968,0.15629077,0.95185983,-0.76988965,-0.62861305,-0.11006981,0.58114874,-0.76185215,0.28609
1356420990867,-0.26020968,0.20990023,0.942461,-0.7800498,-0.6209524,-0.07707316,0.5690458,-0.7552217,0.32531053
1356420990908,-0.2602129,0.22181675,0.9397268,-0.7841718,-0.61639416,-0.07164323,0.56335044,-0.75554985,0.33433616
1356420990948,-0.26462215,0.19881979,0.94363445,-0.7834817,-0.61483866,-0.09016681,0.5622559,-0.7631804,0.31847143
1356420990988,-0.27223182,0.15008885,0.9504541,-0.7800723,-0.61273265,-0.12667218,0.56336224,-0.77590716,0.2838855
1356420991028,-0.28081238,0.08498469,0.9559927,-0.77606046,-0.6061588,-0.17407367,0.56468976,-0.7907902,0.23617011
1356420991068,-0.2882707,0.012662619,0.95746523,-0.77309823,-0.59306896,-0.22491866,0.5649949,-0.8050521,0.18075386
1356420991129,-0.29303902,-0.058425426,0.95431376,-0.77203214,-0.57433283,-0.27222827,0.5639987,-0.8165344,0.12319559
1356420991149,-0.294379,-0.12233436,0.9478266,-0.77286386,-0.55291075,-0.31140175,0.5621587,-0.8242111,0.068217576
1356420991189,-0.29198664,-0.17564079,0.9401564,-0.7754084,-0.5319793,-0.3402053,0.5598977,-0.82834065,0.019137561
1356420991229,-0.2855243,-0.21618259,0.93367076,-0.7799203,-0.5137565,-0.35746157,0.5569563,-0.83025265,-0.021915287
1356420991288,-0.27489442,-0.24315557,0.93021953,-0.78684974,-0.49910468,-0.36299026,0.55254006,-0.831727,-0.054125756
1356420991308,-0.26003796,-0.25700122,0.9307688,-0.7962863,-0.4881568,-0.35725474,0.54617614,-0.8340583,-0.0777072
1356420991348,-0.24140763,-0.26012063,0.93491155,-0.8069316,-0.48135245,-0.3422882,0.53905815,-0.8370407,-0.09369746
1356420991385,-0.2198013,-0.25587073,0.94139135,-0.8160622,-0.48052824,-0.32114664,0.5345371,-0.83882236,-0.10318577
1356420991428,-0.1967352,-0.24664235,0.94892716,-0.8212917,-0.48716772,-0.29689655,0.535514,-0.83775604,-0.106722295
1356420991468,-0.17425519,-0.23390284,0.9565169,-0.8221997,-0.4999776,-0.27204823,0.5418698,-0.8338537,-0.1051912
1356420991508,-0.15548342,-0.21939316,0.9631674,-0.81961775,-0.515605,-0.24975637,0.55140877,-0.8282621,-0.09965044
1356420991548,-0.14396006,-0.20522875,0.96806854,-0.8146135,-0.5308476,-0.23367864,0.5618544,-0.8222421,-0.090761304
1356420991588,-0.1429637,-0.19387075,0.9705542,-0.80776155,-0.543797,-0.22760907,0.5719113,-0.8165163,-0.07885805
1356420991628,-0.15438145,-0.18675584,0.9702003,-0.7989385,-0.5541108,-0.23379162,0.58126044,-0.8112235,-0.06366205
1356420991668,-0.17774057,-0.18197611,0.9671055,-0.7877294,-0.5627192,-0.25065815,0.58982265,-0.80636954,-0.043329954
1356420991708,-0.20940858,-0.17237592,0.96251476,-0.7746136,-0.5714895,-0.27087557,0.59675944,-0.8023007,-0.013849974
1356420991748,-0.24242401,-0.14517507,0.959247,-0.7627394,-0.5825053,-0.28091997,0.59954906,-0.7997573,0.03048259
1356420991788,-0.2675876,-0.0871433,0.95958483,-0.7583775,-0.5952755,-0.26553842,0.59435725,-0.7987822,0.09320077
1356420991828,-0.2753582,0.006468296,0.9613199,-0.7676382,-0.60345113,-0.2158201,0.57871366,-0.7973738,0.17113054
1356420991867,-0.26435393,0.11442539,0.9576137,-0.78740335,-0.59894824,-0.14579812,0.556878,-0.7925705,0.24843319
1356420991908,-0.24211699,0.20636913,0.948046,-0.8076856,-0.5842857,-0.079084605,0.53760904,-0.78487086,0.30814672
1356420991948,-0.21979141,0.2620743,0.93968546,-0.82050186,-0.57070506,-0.0327473,0.527701,-0.77821124,0.34046853
1356420991988,-0.20526636,0.27704382,0.9386759,-0.82406735,-0.5663414,-0.013052344,0.527995,-0.7762114,0.3445536
1356420992028,-0.20029771,0.2562506,0.9456302,-0.8203994,-0.5714781,-0.018910706,0.5355611,-0.7795822,0.32469356
1356420992068,-0.20237863,0.20859858,0.9568331,-0.81253695,-0.5811576,-0.04516092,0.5466503,-0.7866019,0.28710788
1356420992129,-0.2076199,0.14381826,0.96757966,-0.8035697,-0.5891303,-0.08486059,0.557826,-0.79513633,0.23788318
1356420992149,-0.21279633,0.070923954,0.97451913,-0.7961929,-0.5907209,-0.13086522,0.5663873,-0.80375284,0.1821724
1356420992189,-0.21513093,-0.0010422468,0.97658473,-0.7924116,-0.58428997,-0.17518318,0.5707912,-0.81154436,0.12487289
1356420992229,-0.21249759,-0.06362009,0.97508836,-0.7930233,-0.57180434,-0.2101284,0.5709281,-0.8179195,0.07105479
1356420992269,-0.2053029,-0.113372386,0.97210985,-0.79736054,-0.556582,-0.23330846,0.5675095,-0.82302094,0.023869187
1356420992309,-0.19452494,-0.14998773,0.9693625,-0.80446327,-0.54105455,-0.2451505,0.5612476,-0.82750446,-0.015411019
1356420992349,-0.1808253,-0.17420638,0.967964,-0.8135981,-0.52647686,-0.24673927,0.55259424,-0.83215034,-0.046533644
1356420992388,-0.16404837,-0.18640193,0.96868074,-0.82426214,-0.5135658,-0.23841554,0.54192245,-0.83755857,-0.06939438
1356420992428,-0.1439398,-0.18753746,0.97165376,-0.8358209,-0.5026309,-0.2208297,0.529797,-0.8439146,-0.084399134
1356420992468,-0.12131971,-0.18080783,0.97600716,-0.84693944,-0.4939348,-0.19677898,0.51766306,-0.8504921,-0.09320924
1356420992508,-0.09787899,-0.17023003,0.9805312,-0.8555027,-0.48899448,-0.17029265,0.50846326,-0.85551524,-0.097770065
1356420992548,-0.07521963,-0.15776679,0.9846074,-0.85970414,-0.49001712,-0.1441946,0.5052236,-0.8573173,-0.09877393
1356420992588,-0.055117488,-0.14372048,0.98808223,-0.85916364,-0.497366,-0.120269954,0.5087238,-0.8555533,-0.09606582
1356420992628,-0.0402959,-0.12897336,0.990829,-0.8549307,-0.50881475,-0.10100004,0.5171747,-0.85116005,-0.089760065
1356420992668,-0.033992648,-0.11509392,0.9927729,-0.8485925,-0.52142066,-0.089505106,0.5279538,-0.84550214,-0.07994336
1356420992717,-0.03702283,-0.098528385,0.9944453,-0.8405913,-0.53506845,-0.08430886,0.5404031,-0.83904344,-0.06301233
1356420992758,-0.063260615,-0.09242481,0.99370813,-0.8320594,-0.544916,-0.10365248,0.5510675,-0.83338124,-0.042431235
1356420992798,-0.09898573,-0.086072415,0.99135935,-0.8226869,-0.5533867,-0.13019049,0.5598109,-0.82846534,-0.016033351
1356420992838,-0.1407023,-0.07309264,0.9873502,-0.8122046,-0.5617573,-0.15732956,0.5661508,-0.82406694,0.019674331
1356420992877,-0.18074375,-0.04298979,0.9825903,-0.802992,-0.5704306,-0.17266446,0.56792223,-0.8202201,0.06858122
1356420992918,-0.20756692,0.016719162,0.978078,-0.8013911,-0.576283,-0.16021964,0.5609709,-0.8170793,0.1330158
1356420992958,-0.21470875,0.10343507,0.97118556,-0.81178856,-0.5717867,-0.11857194,0.5430465,-0.81385577,0.20673499
1356420992998,-0.20492315,0.19554728,0.9590452,-0.8302857,-0.5535891,-0.06453496,0.5182973,-0.8095063,0.2758033
1356420993038,-0.1899383,0.2658018,0.9451312,-0.84744775,-0.5304584,-0.021125108,0.49573758,-0.8049617,0.32600743
1356420993078,-0.18033624,0.30040175,0.93660975,-0.85764235,-0.51424664,-1.9583106E-4,0.48158956,-0.80331147,0.35037452
1356420993129,-0.18040681,0.2988962,0.9370776,-0.8604559,-0.5095153,-0.0031372905,0.47651762,-0.80687994,0.34910703
1356420993159,-0.18938768,0.26642758,0.9450654,-0.8572833,-0.5141441,-0.026851833,0.47874582,-0.8152742,0.32577655
1356420993199,-0.20081997,0.21388981,0.9559928,-0.8507618,-0.52188736,-0.06194982,0.48567018,-0.825763,0.2867748
1356420993239,-0.21274954,0.14688027,0.9660041,-0.84235984,-0.5285575,-0.10515174,0.49514395,-0.836094,0.23617639
1356420993279,-0.21994466,0.075304866,0.9726014,-0.8346843,-0.53055984,-0.14767677,0.5049025,-0.84429586,0.17954955
1356420993319,-0.22064292,0.0065226257,0.9753328,-0.8291136,-0.5279223,-0.18403423,0.5136996,-0.8492676,0.12189034
1356420993359,-0.21343124,-0.053089947,0.9755146,-0.8264165,-0.52273005,-0.20925859,0.52104026,-0.85084367,0.06769246
1356420993399,-0.19791561,-0.09961164,0.97514457,-0.826668,-0.5176204,-0.22065598,0.52673465,-0.84979206,0.020099431
1356420993439,-0.17439377,-0.13156283,0.97584736,-0.82957184,-0.5142637,-0.21758541,0.53046906,-0.847481,-0.019456446
1356420993479,-0.14352173,-0.1490672,0.978356,-0.8346827,-0.51290065,-0.20059341,0.5317013,-0.84540635,-0.05081141
1356420993519,-0.106322885,-0.15317234,0.98246306,-0.8413447,-0.51273906,-0.17099032,0.52993816,-0.8447703,-0.07435489
1356420993559,-0.06471032,-0.14629361,0.9871224,-0.84838486,-0.51275975,-0.13160753,0.52541006,-0.8459761,-0.09093246
1356420993598,-0.021712124,-0.13219512,0.99098593,-0.8538743,-0.5131298,-0.08715829,0.52002627,-0.8480698,-0.1017369
1356420993638,0.019821048,-0.11363438,0.99332494,-0.85575426,-0.5156818,-0.041917056,0.51700276,-0.8492112,-0.10746452
1356420993678,0.0574286,-0.09153962,0.994144,-0.8532098,-0.52156633,0.0012620091,0.51839656,-0.8482859,-0.10805529
1356420993718,0.08810562,-0.06697133,0.99385726,-0.84723604,-0.52975273,0.039410114,0.52385926,-0.845504,-0.10341473
1356420993758,0.108308375,-0.04177445,0.9932393,-0.83986413,-0.53840095,0.06893903,0.5318811,-0.8416527,-0.09339818
1356420993798,0.114746034,-0.017904252,0.99323344,-0.8331615,-0.54623795,0.08640668,0.54099476,-0.8374387,-0.07759577
1356420993838,0.10515851,0.003057003,0.9944507,-0.82846504,-0.5528743,0.08930585,0.55007935,-0.833259,-0.055606782
1356420993877,0.078978956,0.020630062,0.99666286,-0.82593006,-0.5584882,0.07700974,0.5582131,-0.82925594,-0.027069822
1356420993918,0.039878666,0.03940493,0.9984273,-0.8245035,-0.56316215,0.055158228,0.5644499,-0.82540643,0.010031328
1356420993958,-0.0070031285,0.06548843,0.9978287,-0.8235152,-0.5664248,0.031395257,0.56725097,-0.8215073,0.057897463
1356420993998,-0.049174607,0.1103746,0.9926728,-0.8243015,-0.5657207,0.022068173,0.56401134,-0.81717646,0.11880109
1356420994038,-0.075291395,0.17950457,0.9808717,-0.83045095,-0.5557962,0.037968427,0.5519804,-0.81170714,0.19091651
1356420994078,-0.083250105,0.26112756,0.9617078,-0.8425509,-0.5337828,0.07200003,0.5321441,-0.80429375,0.26445067
1356420994129,-0.08378577,0.32999244,0.94025785,-0.8551829,-0.5081629,0.1021398,0.5115096,-0.7955346,0.3247808
1356420994178,-0.0916,0.36654973,0.92587835,-0.86234605,-0.49415493,0.11031842,0.49796456,-0.7883223,0.36135736
1356420994198,-0.11620605,0.3640374,0.9241065,-0.86178684,-0.49950778,0.08840391,0.49378082,-0.7861098,0.3717686
1356420994238,-0.16425472,0.3184327,0.9336064,-0.85222995,-0.52240443,0.028242975,0.49671364,-0.79100835,0.3571853
1356420994275,-0.22844201,0.23776951,0.9440762,-0.8337667,-0.54843885,-0.06362331,0.50264037,-0.80167353,0.3235308
1356420994318,-0.30076927,0.13073575,0.9446937,-0.80660874,-0.56338155,-0.17883995,0.50884223,-0.8157877,0.27490038
1356420994358,-0.3671292,0.015392423,0.9300426,-0.7755569,-0.55708694,-0.29692698,0.5135442,-0.83031154,0.21646056
1356420994398,-0.4192074,-0.09261781,0.9031539,-0.7469331,-0.5303081,-0.40107876,0.51609695,-0.8427308,0.15312988
1356420994438,-0.45435297,-0.18353647,0.87170964,-0.7255782,-0.49146426,-0.481663,0.5168168,-0.8513385,0.09012815
1356420994478,-0.47409296,-0.25435954,0.8429337,-0.71304035,-0.45072746,-0.53704596,0.51653606,-0.85565543,0.032317996
1356420994518,-0.48090655,-0.30557102,0.8218,-0.70896953,-0.4159251,-0.56953365,0.5158402,-0.8565236,-0.016619444
1356420994558,-0.4764074,-0.33837026,0.81150573,-0.71293885,-0.39147872,-0.5817754,0.51454276,-0.8557161,-0.054733932
1356420994598,-0.46100092,-0.3537255,0.81385285,-0.7247862,-0.37908173,-0.57531035,0.5120186,-0.8550879,-0.08161831
1356420994638,-0.43476647,-0.3531143,0.8284252,-0.7435439,-0.3782292,-0.55143917,0.5080556,-0.8557178,-0.09811461
1356420994678,-0.39932537,-0.34024096,0.8513374,-0.76603234,-0.38636762,-0.5137261,0.50371987,-0.8572959,-0.10634917
1356420994718,-0.35852683,-0.3204879,0.87678164,-0.78735256,-0.40078187,-0.4684549,0.50153226,-0.8582899,-0.108645916
1356420994758,-0.31680834,-0.29765698,0.9005737,-0.8036666,-0.42002457,-0.42154408,0.5037386,-0.8573096,-0.10614973
1356420994798,-0.27862144,-0.2734246,0.9206569,-0.8134804,-0.44237268,-0.37756598,0.51050925,-0.8541343,-0.09917107
1356420994838,-0.24959117,-0.25004712,0.935511,-0.81660306,-0.46487892,-0.34212163,0.5204458,-0.8493316,-0.08815959
1356420994878,-0.2360956,-0.23101604,0.9438699,-0.8130286,-0.48502505,-0.32207945,0.5322061,-0.8434348,-0.073310316
1356420994918,-0.2438041,-0.22028118,0.9444765,-0.8023229,-0.50128466,-0.3240242,0.54482794,-0.8367735,-0.05452138
1356420994958,-0.27524942,-0.22031367,0.9357882,-0.7831453,-0.51318765,-0.35117197,0.55760294,-0.8295181,-0.03128296
1356420994998,-0.32856947,-0.23020345,0.91599596,-0.7534098,-0.5209869,-0.40118128,0.5695752,-0.8219362,-0.002257198
1356420995038,-0.3951366,-0.24240899,0.8860615,-0.71314675,-0.5270471,-0.46221545,0.5790413,-0.81453013,0.03538236
1356420995078,-0.4609331,-0.24223061,0.8537359,-0.66907734,-0.53713393,-0.5136367,0.5829891,-0.80796754,0.0855118
1356420995130,-0.51249915,-0.2131834,0.8318038,-0.63558036,-0.5571835,-0.5344008,0.5773927,-0.80255806,0.15006083
1356420995159,-0.5422288,-0.14737308,0.82720554,-0.6266411,-0.58491814,-0.5149676,0.55973995,-0.79759127,0.22480944
1356420995199,-0.55749285,-0.06777337,0.82741076,-0.63529336,-0.6067612,-0.47774798,0.53441936,-0.7919896,0.29520908
1356420995239,-0.57415175,-0.012781799,0.8186491,-0.6398155,-0.616881,-0.45836002,0.5108678,-0.78695256,0.34600535
1356420995279,-0.6030986,-0.0053788126,0.79764867,-0.62459636,-0.6187865,-0.47642714,0.49613678,-0.7855409,0.36982954
1356420995319,-0.6401683,-0.041386485,0.7671191,-0.59082264,-0.61171913,-0.52604985,0.49103278,-0.78999174,0.3671511
1356420995359,-0.6735681,-0.1013993,0.73213667,-0.5509423,-0.59143794,-0.5887816,0.49271542,-0.79994965,0.34250855
1356420995399,-0.69508505,-0.16558798,0.6995981,-0.5187129,-0.5582774,-0.64750546,0.4977889,-0.8129619,0.3021576
1356420995439,-0.7041797,-0.22454177,0.6735814,-0.5005627,-0.51581365,-0.6952505,0.50355524,-0.826751,0.25082827
1356420995478,-0.702332,-0.27323252,0.6573232,-0.49883664,-0.46984017,-0.728294,0.50783044,-0.8394011,0.19368541
1356420995518,-0.6925831,-0.31197006,0.65038717,-0.51050615,-0.42501503,-0.747493,0.5096197,-0.84972763,0.13509554
1356420995558,-0.67700756,-0.3417536,0.65181684,-0.5315616,-0.38548398,-0.7542177,0.5090215,-0.85709196,0.079312444
1356420995598,-0.6568358,-0.3631803,0.6608077,-0.5585911,-0.35430795,-0.7499613,0.5065006,-0.86172277,0.029852808
1356420995638,-0.6325234,-0.37613612,0.67707884,-0.5897005,-0.33288974,-0.7358246,0.5021628,-0.86469996,-0.011247098
1356420995678,-0.60383236,-0.38022426,0.70058256,-0.6239913,-0.32142544,-0.7122643,0.49600524,-0.8672457,-0.0431695
1356420995718,-0.5703351,-0.37547678,0.7305718,-0.66027695,-0.3195073,-0.6796686,0.48862284,-0.87001854,-0.065692425
1356420995758,-0.5316986,-0.36261624,0.7653797,-0.69695073,-0.3261261,-0.63867164,0.48120302,-0.8730128,-0.07932484
1356420995798,-0.48856562,-0.3438943,0.801898,-0.73171514,-0.33914417,-0.5912481,0.4752859,-0.87562436,-0.08593845
1356420995838,-0.44283956,-0.32245106,0.83661133,-0.7618211,-0.35670203,-0.5407331,0.47278088,-0.87680614,-0.08768833
1356420995878,-0.39650857,-0.2993883,0.86784077,-0.7857754,-0.37813222,-0.48946196,0.4746977,-0.8760038,-0.08531928
1356420995918,-0.35133332,-0.2734282,0.89543396,-0.80403256,-0.40189415,-0.4381927,0.47968382,-0.8739097,-0.07864642
1356420995958,-0.31036782,-0.24413815,0.9187319,-0.8175272,-0.4246341,-0.38901827,0.48509917,-0.871827,-0.06779671
1356420995998,-0.27838892,-0.2134563,0.9364486,-0.82656026,-0.4433337,-0.34677568,0.48918068,-0.8705697,-0.05301532
1356420996038,-0.26026773,-0.18450126,0.9477447,-0.8310437,-0.4569139,-0.31716877,0.49155572,-0.8701661,-0.03440872
1356420996078,-0.25869167,-0.15943977,0.9527106,-0.83088505,-0.46629173,-0.30364782,0.49265468,-0.8701442,-0.011850268
1356420996129,-0.27270335,-0.13777915,0.9521816,-0.8261577,-0.47365445,-0.30514738,0.49304795,-0.86986685,0.015339822
1356420996159,-0.2962219,-0.113775015,0.9483184,-0.8182842,-0.4818532,-0.3134143,0.49260896,-0.86883414,0.049635142
1356420996199,-0.32055277,-0.078764915,0.94395024,-0.8110442,-0.49198848,-0.3164721,0.48933953,-0.8670314,0.09382644
1356420996239,-0.3324352,-0.020105213,0.94291174,-0.81238973,-0.5017417,-0.29711646,0.47907174,-0.8647838,0.15046331
1356420996279,-0.3248452,0.061178416,0.94378644,-0.82632244,-0.50379497,-0.25175768,0.4600727,-0.8616542,0.21420842
1356420996319,-0.30023956,0.14659742,0.94253135,-0.8477901,-0.49387062,-0.1932455,0.43715927,-0.8570887,0.27256334
1356420996359,-0.26967227,0.21222952,0.93927395,-0.867092,-0.47777843,-0.14099395,0.41884175,-0.852459,0.3128661
1356420996399,-0.24285376,0.24606761,0.9383352,-0.87900376,-0.46498287,-0.105561554,0.4103345,-0.85043615,0.3292172
1356420996439,-0.22411817,0.24732426,0.94265676,-0.883111,-0.46062458,-0.089107305,0.4121724,-0.8524411,0.32164901
1356420996479,-0.21158284,0.22220105,0.9517665,-0.88152117,-0.46393645,-0.087655485,0.42208204,-0.8575487,0.29403585
1356420996519,-0.20282209,0.17708322,0.96307045,-0.8763006,-0.47173125,-0.09780952,0.43699008,-0.86377716,0.25085574
1356420996560,-0.19485569,0.11892295,0.97359574,-0.86966485,-0.47995752,-0.115428984,0.4535574,-0.869194,0.19694552
1356420996599,-0.1848427,0.055550992,0.98119676,-0.8637023,-0.48552406,-0.13522038,0.46888313,-0.87245643,0.13772523
1356420996639,-0.17031014,-0.004774213,0.98537904,-0.8600456,-0.4873582,-0.15100908,0.4809534,-0.8731892,0.07889593
1356420996679,-0.14990419,-0.055522144,0.9871403,-0.859573,-0.4860162,-0.15786839,0.48853144,-0.8721843,0.02513054
1356420996719,-0.12319183,-0.09283078,0.98803145,-0.8624379,-0.48252678,-0.15286827,0.49094254,-0.87094796,-0.020617366
1356420996759,-0.090524495,-0.11538154,0.9891877,-0.867844,-0.47809154,-0.13518578,0.48852026,-0.8706983,-0.05685413
1356420996799,-0.052724004,-0.12335956,0.9909604,-0.87413234,-0.4740857,-0.10552463,0.4828176,-0.8717942,-0.082836896
1356420996839,-0.0113143325,-0.11849257,0.9928905,-0.87938035,-0.47148293,-0.066288054,0.47598553,-0.87387836,-0.09886551
1356420996879,0.030978262,-0.104578495,0.994034,-0.8818944,-0.47093046,-0.022061288,0.47042805,-0.8759496,-0.106815755
1356420996918,0.071368456,-0.08510068,0.9938131,-0.8803983,-0.4736933,0.022661299,0.4688341,-0.8765687,-0.10872927
1356420996958,0.10771972,-0.0613572,0.9922862,-0.87462944,-0.48038185,0.065243244,0.4726731,-0.87491065,-0.10541147
1356420996998,0.13746506,-0.03456095,0.98990345,-0.8659433,-0.48938638,0.10316491,0.4808798,-0.8713819,-0.09720133
1356420997056,0.15733004,-0.0073717237,0.9875186,-0.8567814,-0.4982918,0.13278148,0.49109358,-0.86697805,-0.08471222
1356420997079,0.16462165,0.018127173,0.9861902,-0.8492991,-0.5058353,0.1510686,0.5015882,-0.86243963,-0.067876056
1356420997133,0.15668392,0.038977265,0.9868794,-0.84507596,-0.5118705,0.15438679,0.511172,-0.858178,-0.04726316
1356420997146,0.13403994,0.051740646,0.9896242,-0.8440711,-0.5172606,0.14136943,0.51920825,-0.85426235,-0.025660738
1356420997175,0.10700208,0.06446013,0.99216706,-0.8438766,-0.52179474,0.12490991,0.5257593,-0.8506322,-0.0014367253
1356420997218,0.079235494,0.08882666,0.9928905,-0.8442685,-0.52360755,0.114218384,0.5300306,-0.84731627,0.03350523
1356420997258,0.044883788,0.123432875,0.99133736,-0.8466692,-0.52199113,0.10332769,0.5302233,-0.84397256,0.08107786
1356420997298,0.016648054,0.17729121,0.9840176,-0.8514847,-0.51336753,0.10689962,0.5241151,-0.83965564,0.1424142
1356420997338,0.003260076,0.24964812,0.9683311,-0.8596971,-0.49392307,0.13023394,0.5107938,-0.832896,0.21301156
1356420997378,0.0055738688,0.32581228,0.94541806,-0.869953,-0.4646232,0.16524854,0.4931032,-0.82339036,0.2808516
1356420997418,0.016801834,0.3862465,0.9222425,-0.87857515,-0.4346152,0.19802845,0.47730848,-0.8135866,0.3320443
1356420997458,0.028532863,0.4198271,0.9071555,-0.88308215,-0.41462553,0.21966234,0.46835005,-0.8073604,0.3589114
1356420997498,0.035218775,0.42464334,0.9046754,-0.88366145,-0.40959477,0.22665936,0.4667998,-0.80740947,0.36081558
1356420997538,0.034644842,0.4033981,0.91436845,-0.8818204,-0.41821563,0.21791863,0.4703111,-0.8138585,0.34123564
1356420997578,0.027712464,0.361331,0.9320257,-0.87895644,-0.4352668,0.1948803,0.47609612,-0.82461065,0.30553192
1356420997618,0.016673923,0.30434537,0.9524158,-0.8760761,-0.45463496,0.16061646,0.48188448,-0.8370668,0.25904924
1356420997658,0.0037758946,0.23790911,0.9712801,-0.87393725,-0.4712872,0.11883637,0.48602414,-0.84928656,0.20613813
1356420997698,-0.008400261,0.16819942,0.9857172,-0.87294483,-0.48204762,0.07481575,0.4877466,-0.85984826,0.15087819
1356420997738,-0.017038524,0.102371246,0.99460036,-0.87306666,-0.486336,0.03510061,0.4873032,-0.86775434,0.09766333
1356420997778,-0.020900548,0.045004785,0.9987682,-0.8740737,-0.48578024,0.0035982728,0.48534372,-0.8729217,0.049490497
1356420997818,-0.019313633,-0.001145035,0.9998127,-0.8758142,-0.482332,-0.017470717,0.48226175,-0.87598765,0.008312792
1356420997858,-0.012525022,-0.035340577,0.9992969,-0.87817824,-0.47751957,-0.027894646,0.4781696,-0.87791014,-0.025054365
