1356420431639,0.6262604,0.014062732,0.77948713,-0.7636925,0.21209888,0.60974413,-0.15675372,-0.97714704,0.14356872
1356420431659,0.6832406,-0.002319336,0.7301897,-0.7131726,0.2125336,0.66799283,-0.15673918,-0.97715104,0.14355747
1356420431687,0.683231,-0.002295971,0.7301987,-0.7131944,0.21247405,0.6679884,-0.15668195,-0.97716403,0.14353137
1356420431720,0.6832468,-0.0021877587,0.7301843,-0.7132175,0.21233839,0.66800696,-0.15650764,-0.9771938,0.14351916
1356420431760,0.6836299,-0.001745373,0.7298268,-0.7129748,0.21206838,0.66835165,-0.15593967,-0.9772532,0.14373188
1356420431799,0.68388236,-4.6154857E-4,0.72959214,-0.7129725,0.2118038,0.668438,-0.15483892,-0.97731215,0.14451982
1356420431842,0.6834966,0.0021247566,0.72995067,-0.7137103,0.21173021,0.6676735,-0.15313396,-0.97732586,0.14623334
1356420431881,0.68136317,0.0063147545,0.73191833,-0.71622664,0.21187489,0.66492736,-0.15087625,-0.9772763,0.14888655
1356420431920,0.67622066,0.012072802,0.7366002,-0.72164226,0.21197233,0.6590146,-0.14818269,-0.9772011,0.15205231
1356420431962,0.6669154,0.019136995,0.7448877,-0.73084104,0.21165602,0.6489015,-0.14524195,-0.97715694,0.15514274
1356420431999,0.6530726,0.027118117,0.7568096,-0.7438015,0.21078381,0.6342946,-0.14232233,-0.9771565,0.15782763
1356420432038,0.63515073,0.035530865,0.7715706,-0.7596356,0.2095099,0.61567795,-0.13977611,-0.9771608,0.16006085
1356420432090,0.6140613,0.043760747,0.7880442,-0.7771008,0.20809682,0.59397817,-0.13799652,-0.97712874,0.16179074
1356420432128,0.58873683,0.05166447,0.806672,-0.79660654,0.20639463,0.5681719,-0.13713846,-0.9771039,0.16266836
1356420432168,0.56330866,0.05797723,0.8242099,-0.8148165,0.20433067,0.5425155,-0.13695785,-0.9771836,0.16234201
1356420432210,0.5594555,0.05736193,0.8268731,-0.8174683,0.2030153,0.53900874,-0.13694936,-0.977494,0.16046958
1356420432248,0.5268024,0.062443227,0.847691,-0.83895504,0.19836076,0.5067616,-0.13650477,-0.9781379,0.15688401
1356420432289,0.49855435,0.06513563,0.8644078,-0.85627747,0.19233017,0.47937244,-0.13502744,-0.9791662,0.15166122
1356420432332,0.47546142,0.06603065,0.87725496,-0.8697593,0.18503739,0.45747113,-0.13211784,-0.9805106,0.14540896
1356420432370,0.45858452,0.06584412,0.8862082,-0.8794623,0.17666557,0.4419678,-0.12746155,-0.9820662,0.13892347
1356420432409,0.44931248,0.06522289,0.8909906,-0.88515735,0.16746047,0.43411225,-0.12089166,-0.98371893,0.1329746
1356420432449,0.44767198,0.0645228,0.8918669,-0.88709223,0.1575335,0.43387848,-0.112503886,-0.9854035,0.127761
1356420432489,0.45147806,0.0637345,0.8900031,-0.8863894,0.1464808,0.43915513,-0.102379024,-0.9871582,0.12262645
1356420432530,0.45711485,0.062508434,0.8872084,-0.8847461,0.13395539,0.44640833,-0.090942025,-0.98901397,0.116537094
1356420432569,0.4604249,0.060462594,0.88563716,-0.88418883,0.11986691,0.45148864,-0.07886043,-0.9909471,0.10865006
1356420432609,0.45712328,0.05728504,0.8875567,-0.88687503,0.10455042,0.45002428,-0.06701478,-0.9928684,0.09859708
1356420432680,0.44285393,0.05272937,0.8950419,-0.8948348,0.08849311,0.43753815,-0.056133926,-0.99468017,0.0863736
1356420432690,0.4147893,0.04682553,0.90871185,-0.90872097,0.07251611,0.41105676,-0.046648324,-0.99626744,0.07263023
1356420432727,0.37478456,0.040378243,0.9262323,-0.9262973,0.058181792,0.37227455,-0.038858116,-0.9974892,0.059207827
1356420432768,0.33100736,0.034882843,0.94298315,-0.9430463,0.047317505,0.32927915,-0.033133417,-0.99827063,0.048558593
1356420432809,0.29684544,0.032202214,0.9543824,-0.9544587,0.041252613,0.29547718,-0.029855698,-0.9986297,0.042981356
1356420432850,0.28646743,0.03373012,0.95749605,-0.95765316,0.04025799,0.28509623,-0.028930575,-0.99861985,0.04383436
1356420432888,0.3072092,0.039628148,0.9508166,-0.9511635,0.044468462,0.30546793,-0.030176282,-0.9982245,0.05135393
1356420432930,0.35256845,0.048411727,0.934533,-0.93513507,0.055471063,0.34992203,-0.034899205,-0.99728596,0.06482881
1356420432970,0.40111476,0.057281554,0.914235,-0.9148779,0.07504314,0.39669496,-0.045883745,-0.99553365,0.08250657
1356420433008,0.43061137,0.064245075,0.90024793,-0.90020597,0.10222268,0.4232962,-0.06483102,-0.9926847,0.10185206
1356420433050,0.43389407,0.069487095,0.89828026,-0.8964216,0.13328502,0.42268595,-0.09035605,-0.98863876,0.12012133
1356420433107,0.4164422,0.07379556,0.9061623,-0.901346,0.16392449,0.4008792,-0.11895913,-0.9837088,0.13478038
1356420433130,0.38653243,0.07681909,0.9190711,-0.9105483,0.19019926,0.3670506,-0.14661017,-0.9787355,0.14346564
1356420433169,0.35120913,0.07671851,0.9331487,-0.9206405,0.2097933,0.3292534,-0.17050856,-0.9747312,0.14431146
1356420433205,0.3169965,0.07106948,0.94576025,-0.9293337,0.22235727,0.29478168,-0.1893467,-0.9723716,0.13653368
1356420433235,0.2963541,0.059581965,0.95321786,-0.9331238,0.23082718,0.27567872,-0.20360306,-0.97116876,0.12400392
1356420433275,0.26837254,0.040223032,0.96247506,-0.9395876,0.23131782,0.25232363,-0.21248841,-0.9720464,0.09987244
1356420433319,0.24354613,0.008115143,0.9698553,-0.94551456,0.22475976,0.23555312,-0.21607289,-0.9743804,0.06241235
1356420433359,0.21594337,-0.038000524,0.97566617,-0.9527428,0.21045414,0.21906656,-0.21365765,-0.9768649,0.009241432
1356420433400,0.17649603,-0.0994502,0.9792644,-0.9630209,0.18830895,0.19269231,-0.2035675,-0.9770616,-0.062536836
1356420433440,0.123146206,-0.174858,0.9768622,-0.97489285,0.16270587,0.15202227,-0.18552354,-0.97105694,-0.15043122
1356420433480,0.06676698,-0.25430146,0.9648175,-0.9842372,0.14192563,0.10551879,-0.1637659,-0.9566544,-0.24081701
1356420433519,0.025861919,-0.32104874,0.9467096,-0.9890089,0.12969393,0.070999354,-0.14557678,-0.9381403,-0.31416595
1356420433559,0.01016286,-0.36238426,0.93197346,-0.9907462,0.12250379,0.058437616,-0.13534716,-0.9239429,-0.35778582
1356420433600,0.014555946,-0.3749896,0.9269147,-0.9911665,0.11680229,0.06281802,-0.13182184,-0.91964126,-0.36997694
1356420433640,0.027755499,-0.361235,0.9320617,-0.99094224,0.112614095,0.07315421,-0.13138914,-0.9256497,-0.35483736
1356420433682,0.04290074,-0.32288498,0.94546545,-0.9903775,0.11088514,0.082806975,-0.13157523,-0.9399202,-0.31502098
1356420433720,0.038356125,-0.27079862,0.96187156,-0.9906494,0.11581814,0.072110265,-0.13092953,-0.9556433,-0.26382416
1356420433760,0.023894727,-0.20829484,0.97777414,-0.9914688,0.12042135,0.04988271,-0.1281352,-0.9706245,-0.20364034
1356420433801,-0.0077575743,-0.13976517,0.99015427,-0.9924551,0.12224123,0.009479314,-0.122362524,-0.9826101,-0.13965893
1356420433839,-0.058780998,-0.07081726,0.9957558,-0.99174845,0.11798164,-0.050153732,-0.11392912,-0.99048734,-0.07716793
1356420433880,-0.12976325,-0.007106662,0.9915195,-0.986077,0.10579729,-0.12829271,-0.10398835,-0.99436235,-0.020736337
1356420433919,-0.21694595,0.047108293,0.97504634,-0.97170544,0.08514309,-0.2203162,-0.0933972,-0.9952545,0.027303874
1356420433959,-0.31654173,0.08887261,0.94440615,-0.9449627,0.057304263,-0.3221208,-0.08274624,-0.9943932,0.06584209
1356420434001,-0.42129773,0.11647138,0.8994125,-0.90402937,0.025217354,-0.4267259,-0.07238224,-0.9928739,0.09466946
1356420434041,-0.52408093,0.12991625,0.84170115,-0.8493781,-0.0072996616,-0.5277343,-0.06241709,-0.9914981,0.11417371
1356420434080,-0.6186159,0.13184476,0.7745522,-0.7838814,-0.036655247,-0.6198275,-0.053329557,-0.99059236,0.12602627
1356420434120,-0.6987773,0.12727073,0.7039264,-0.7138113,-0.059775293,-0.69778246,-0.046729863,-0.99006516,0.13261694
1356420434158,-0.76237357,0.12135151,0.6356574,-0.6455915,-0.07477033,-0.7600138,-0.044700503,-0.9897895,0.13534641
1356420434199,-0.81040543,0.116818845,0.5741048,-0.58392525,-0.081288576,-0.80772734,-0.047689587,-0.98982096,0.13409024
1356420434240,-0.8455197,0.11391631,0.5216505,-0.53118515,-0.08027142,-0.8434446,-0.054208443,-0.9902421,0.12838185
1356420434280,-0.8702296,0.11187656,0.479775,-0.48869854,-0.07299602,-0.8693937,-0.06224309,-0.9910375,0.1181972
1356420434319,-0.8861398,0.11012432,0.45014325,-0.45802364,-0.060348153,-0.8868892,-0.07050279,-0.992084,0.10391635
1356420434359,-0.89391965,0.108446956,0.43491,-0.44127405,-0.042686164,-0.8963565,-0.07864249,-0.99318534,0.08601296
1356420434400,-0.89362633,0.10595234,0.43612614,-0.4403544,-0.01923114,-0.89761806,-0.086717516,-0.9941852,0.06384212
1356420434439,-0.8851828,0.099796146,0.45441407,-0.45552692,0.012664378,-0.89013195,-0.09458661,-0.9949273,0.034249544
1356420434479,-0.86931646,0.08476865,0.4869324,-0.4836563,0.05703914,-0.87339747,-0.10181093,-0.9947667,-0.008586168
1356420434519,-0.8492248,0.054768056,0.52518344,-0.51693845,0.11656773,-0.8480487,-0.107665405,-0.99167156,-0.0706805
1356420434559,-0.82896966,0.008894503,0.5592229,-0.54803604,0.18668479,-0.81535596,-0.11165057,-0.9823796,-0.14988148
1356420434599,-0.8093349,-0.043768883,0.5857144,-0.5760775,0.25356746,-0.7770703,-0.11450662,-0.96632695,-0.23043525
1356420434640,-0.7871897,-0.090360016,0.6100552,-0.60546887,0.30125248,-0.7366508,-0.11721687,-0.94925344,-0.29185307
1356420434680,-0.75902545,-0.12239832,0.639452,-0.6400939,0.3198051,-0.6985731,-0.118995816,-0.9395442,-0.3210866
1356420434719,-0.72617614,-0.13915679,0.6732782,-0.67723954,0.31341678,-0.66567004,-0.11838418,-0.9393643,-0.3218382
1356420434759,-0.6878745,-0.13947445,0.712303,-0.71670556,0.2856341,-0.63619673,-0.114724815,-0.948135,-0.2964425
1356420434800,-0.6462506,-0.124240816,0.75294375,-0.7553432,0.2446863,-0.6079352,-0.10870463,-0.9616095,-0.2519731
1356420434840,-0.6028344,-0.09506777,0.79218227,-0.79146135,0.19680601,-0.57866764,-0.10089362,-0.97582245,-0.1938839
1356420434879,-0.56737477,-0.057277918,0.8214652,-0.81824046,0.1513533,-0.55459416,-0.09256548,-0.9868188,-0.1327411
1356420434920,-0.5406662,-0.015470058,0.841095,-0.8369837,0.110309064,-0.5359945,-0.08448854,-0.9937769,-0.07258862
1356420434960,-0.5313623,0.025886297,0.84674907,-0.84360003,0.07517183,-0.5316843,-0.07741499,-0.9968345,-0.018105745
1356420435000,-0.54496264,0.061885804,0.83617336,-0.8354529,0.04431206,-0.54777265,-0.07095194,-0.99709916,0.027554214
1356420435038,-0.5849605,0.088055044,0.8062676,-0.80856013,0.014703929,-0.5882297,-0.06365189,-0.996007,0.06259656
1356420435079,-0.6491064,0.10141772,0.7539066,-0.7587336,-0.015145898,-0.65122485,-0.05462712,-0.99472857,0.08678043
1356420435118,-0.72469985,0.10305393,0.6813148,-0.68756527,-0.04295653,-0.72485083,-0.045431763,-0.9937478,0.101986945
1356420435159,-0.79291826,0.09928414,0.6011849,-0.6080152,-0.064187706,-0.7913264,-0.03997749,-0.9929867,0.111261845
1356420435199,-0.84223425,0.097394526,0.5302413,-0.5375188,-0.076152265,-0.8398062,-0.041413486,-0.99232817,0.11648935
1356420435240,-0.872783,0.100149974,0.47772342,-0.48561925,-0.07945168,-0.8705523,-0.049229875,-0.99179506,0.11797887
1356420435281,-0.88885987,0.1063326,0.44566977,-0.45415056,-0.07576394,-0.88769764,-0.06062548,-0.99144,0.11563456
1356420435319,-0.89311033,0.11400655,0.43515116,-0.44381592,-0.06556606,-0.89371616,-0.07335836,-0.9913141,0.109155595
1356420435359,-0.8852243,0.12151508,0.4490123,-0.45706642,-0.047890723,-0.88814235,-0.086419135,-0.9914336,0.097934484
1356420435399,-0.8621027,0.12644753,0.49070352,-0.4969159,-0.02126205,-0.86753815,-0.099264696,-0.9917454,0.08116394
1356420435439,-0.8182432,0.12410331,0.5613167,-0.56400114,0.015688896,-0.82562494,-0.11126922,-0.9921453,0.05715698
1356420435480,-0.74939364,0.106450796,0.6535117,-0.65093,0.062283576,-0.7565785,-0.12124145,-0.9923654,0.022616982
1356420435518,-0.6675814,0.064065814,0.7417753,-0.7337621,0.11226958,-0.6700662,-0.12620714,-0.99161035,-0.027940035
1356420435559,-0.6064153,-0.0059390366,0.79512596,-0.78591657,0.15640956,-0.5982233,-0.120812446,-0.9876745,-0.09951669
1356420435599,-0.5779123,-0.09156996,0.8109454,-0.8095057,0.1903764,-0.5553894,-0.10352793,-0.9774313,-0.1841473
1356420435639,-0.55879307,-0.17264748,0.81113696,-0.8252838,0.211995,-0.52341646,-0.081590444,-0.9618997,-0.2609445
1356420435680,-0.5144268,-0.23468947,0.8247944,-0.85505784,0.21342501,-0.4725737,-0.06512371,-0.94835156,-0.31046462
1356420435719,-0.43102032,-0.27184138,0.8604207,-0.9005228,0.19010997,-0.39104575,-0.057272166,-0.9433772,-0.32674068
1356420435759,-0.3119944,-0.2807383,0.90765935,-0.94847673,0.14757976,-0.2803785,-0.05523914,-0.94837034,-0.3123178
1356420435799,-0.17791483,-0.26128292,0.94872415,-0.9824971,0.10123554,-0.15636757,-0.055188417,-0.9599389,-0.27472103
1356420435840,-0.04930216,-0.21867037,0.9745525,-0.9972733,0.06442088,-0.035996854,-0.054910064,-0.97366995,-0.22125018
1356420435880,0.055911273,-0.1621876,0.9851747,-0.9969989,0.043848544,0.06380105,-0.05354625,-0.98578525,-0.15924925
1356420435919,0.12573093,-0.10179895,0.9868276,-0.9907493,0.038316965,0.13018325,-0.05106473,-0.99406683,-0.09603959
1356420435962,0.15592626,-0.044249147,0.98677707,-0.98660994,0.0413976,0.15775618,-0.04783079,-0.9981624,-0.037201673
1356420436000,0.13996196,0.006811321,0.99013346,-0.9891702,0.045592844,0.13951218,-0.04419273,-0.9989369,0.013118833
1356420436039,0.07000932,0.04986325,0.9962993,-0.9967438,0.043551296,0.06786087,-0.04000634,-0.9978061,0.052749902
1356420436079,-0.060318768,0.08371711,0.99466234,-0.99756646,0.02985382,-0.06300756,-0.03496927,-0.99604225,0.08171266
1356420436118,-0.24757808,0.1061762,0.96303254,-0.9683961,0.0038972497,-0.24938667,-0.030232131,-0.9943397,0.101855755
1356420436159,-0.45369333,0.116411775,0.8835217,-0.89067507,-0.026605964,-0.45386112,-0.02932784,-0.9928446,0.115756094
1356420436198,-0.6213237,0.119963944,0.77431613,-0.78274745,-0.050203025,-0.62031126,-0.03554195,-0.9915081,0.12509388
1356420436239,-0.7244966,0.124908715,0.6778661,-0.6875187,-0.060729504,-0.72362274,-0.049220324,-0.99030787,0.12987542
1356420436280,-0.77899206,0.13289878,0.612788,-0.6234726,-0.060160577,-0.7795272,-0.066732526,-0.98930204,0.12972337
1356420436319,-0.8021478,0.14144303,0.58013165,-0.59114814,-0.050982893,-0.8049501,-0.084277764,-0.9886327,0.12450957
1356420436359,-0.80251855,0.14750384,0.578106,-0.5882341,-0.03366059,-0.8079898,-0.09972221,-0.9884885,0.11378002
1356420436399,-0.7794094,0.14811741,0.60875463,-0.6163983,-0.0073809624,-0.78739995,-0.11213444,-0.9889422,0.0970521
1356420436440,-0.72888243,0.1386618,0.6704501,-0.67378527,0.028396845,-0.7383813,-0.12142399,-0.9899326,0.0727303
1356420436480,-0.65012366,0.11168662,0.75157523,-0.7490467,0.071834385,-0.6586113,-0.12754703,-0.9911437,0.036957264
1356420436519,-0.5595833,0.060047984,0.82659584,-0.8185161,0.116393924,-0.56256896,-0.12999183,-0.99138623,-0.015981793
1356420436559,-0.4990394,-0.015499026,0.86644065,-0.8570955,0.15634453,-0.4908602,-0.12785536,-0.9875809,-0.09130621
1356420436600,-0.47387064,-0.10249081,0.8746098,-0.8720534,0.19261378,-0.44991422,-0.12234983,-0.97590756,-0.18065149
1356420436639,-0.44984254,-0.18429995,0.87388515,-0.8853507,0.22070524,-0.40919846,-0.11745578,-0.9577697,-0.26245266
1356420436683,-0.39083076,-0.25043747,0.8857383,-0.91311896,0.2267977,-0.33878672,-0.1160385,-0.94119275,-0.31731868
1356420436719,-0.29028398,-0.29512405,0.910295,-0.949792,0.20491141,-0.23644546,-0.11674905,-0.9332273,-0.3397889
1356420436759,-0.1590766,-0.31361648,0.9361299,-0.9804008,0.16180965,-0.112391144,-0.11622715,-0.93566144,-0.33321
1356420436799,-0.018473089,-0.30442348,0.9523577,-0.99350727,0.11253685,0.01670143,-0.112259686,-0.94586563,-0.30452585
1356420436839,0.11447239,-0.2712232,0.95568514,-0.9879072,0.070186615,0.13825089,-0.10457316,-0.9599541,-0.2599089
1356420436880,0.23154312,-0.2203038,0.9475516,-0.9682715,0.04193735,0.24635655,-0.09401107,-0.9745293,-0.20360357
1356420436919,0.32073626,-0.1607031,0.93343604,-0.9435756,0.031545907,0.3296514,-0.08242205,-0.9864986,-0.14151758
1356420436959,0.38227922,-0.09943056,0.91868174,-0.9212954,0.035652637,0.38722557,-0.071255505,-0.99440557,-0.07797569
1356420436999,0.41144875,-0.041735947,0.9104768,-0.9093706,0.048364133,0.41316584,-0.061278254,-0.99795747,-0.018054098
1356420437040,0.40870118,0.010057926,0.9126128,-0.91116464,0.06187135,0.40737075,-0.05236727,-0.99803346,0.034451336
1356420437086,0.3720982,0.05550921,0.92653203,-0.9271553,0.06942409,0.36818922,-0.043885738,-0.99604166,0.077298224
1356420437118,0.27772522,0.09378609,0.95607156,-0.95995915,0.06511587,0.27246702,-0.0367018,-0.99346066,0.10811517
1356420437159,0.14234325,0.120886385,0.9824077,-0.9893053,0.04929498,0.13727686,-0.031832904,-0.9914416,0.12661034
1356420437199,-0.038841605,0.13562864,0.9899981,-0.99874574,0.026057601,-0.04275474,-0.031595737,-0.990417,0.13444635
1356420437239,-0.22444236,0.13816425,0.9646431,-0.9738052,0.005234897,-0.22732389,-0.036457866,-0.99039555,0.1333701
1356420437279,-0.36795777,0.13286784,0.9203006,-0.92877567,-0.0051200986,-0.37060705,-0.044529676,-0.9911206,0.12528837
1356420437318,-0.44930166,0.12460548,0.88464767,-0.89177483,-0.0032188296,-0.4524681,-0.05353248,-0.99220115,0.11256623
1356420437359,-0.46947294,0.11496177,0.87543076,-0.8807305,0.009235382,-0.47352788,-0.06252259,-0.993327,0.09691447
1356420437399,-0.42686427,0.1027776,0.89845634,-0.9015081,0.029865861,-0.43173057,-0.07120547,-0.99425596,0.079906106
1356420437439,-0.3245914,0.08390826,0.9421251,-0.94249386,0.05519551,-0.3296343,-0.07966003,-0.9949436,0.06116706
1356420437480,-0.1781404,0.05232215,0.982613,-0.9800811,0.07965678,-0.181923,-0.08779031,-0.99544823,0.037089884
1356420437518,-0.028155625,0.0032254755,0.9995983,-0.99512947,0.09441614,-0.028334439,-0.09446961,-0.99552757,5.5140257E-4
1356420437559,0.08191088,-0.06505394,0.9945143,-0.9918945,0.09193733,0.08770898,-0.09713882,-0.99363756,-0.056995988
1356420437599,0.152345,-0.1468207,0.9773611,-0.9838002,0.07201731,0.16416723,-0.09449005,-0.986538,-0.13347071
1356420437639,0.20573437,-0.22673082,0.9519803,-0.9745611,0.040907502,0.22035721,-0.08890492,-0.97309804,-0.21254694
1356420437683,0.26760525,-0.28609553,0.92007434,-0.95988035,0.0038606375,0.28038335,-0.08376852,-0.9581933,-0.27358437
1356420437719,0.34503508,-0.31396928,0.8845191,-0.93520176,-0.035001323,0.3523814,-0.07967761,-0.94878775,-0.30570132
1356420437760,0.42984957,-0.31067252,0.84776884,-0.89971626,-0.06859493,0.43105158,-0.075763285,-0.9480387,-0.3090026
1356420437802,0.5098413,-0.28384063,0.81209385,-0.85727966,-0.089013055,0.50709796,-0.07164806,-0.954731,-0.2887133
1356420437839,0.5775179,-0.24256337,0.77951014,-0.81360364,-0.092357025,0.5740378,-0.06724727,-0.96572936,-0.25068825
1356420437879,0.6305912,-0.19422743,0.75141895,-0.7735909,-0.0792737,0.6287072,-0.062544435,-0.97774816,-0.20024188
1356420437919,0.66939396,-0.14424852,0.72876894,-0.7406465,-0.053100266,0.6697935,-0.057918936,-0.9881158,-0.14238216
1356420437959,0.69494516,-0.09648731,0.7125598,-0.7170329,-0.018580735,0.69679165,-0.053991705,-0.9951608,-0.08209717
1356420437999,0.7086723,-0.05302298,0.7035426,-0.70369625,0.018880993,0.71025,-0.050943196,-0.99841475,-0.023931667
1356420438039,0.71206677,-0.014405698,0.70196396,-0.7004523,0.054123178,0.7116441,-0.048244298,-0.99843043,0.028448805
1356420438079,0.7062129,0.019453138,0.70773226,-0.70654774,0.08334836,0.70273995,-0.04531783,-0.9963306,0.072606236
1356420438119,0.691087,0.048232853,0.7211604,-0.7214988,0.105224445,0.6843736,-0.042874396,-0.993278,0.107519194
1356420438159,0.6649205,0.070892185,0.7435422,-0.7456461,0.12098415,0.6552669,-0.043503523,-0.9901198,0.13330531
1356420438199,0.6263917,0.08663112,0.7746796,-0.77791727,0.13293916,0.61414325,-0.049781322,-0.9873309,0.15066384
1356420438278,0.5724287,0.093527555,0.814603,-0.81741303,0.1432507,0.5579562,-0.06450817,-0.98525727,0.15845145
1356420438279,0.5175008,0.09831837,0.8500155,-0.85217047,0.14913005,0.50156343,-0.07745001,-0.9839176,0.1609589
1356420438305,0.46815452,0.09949303,0.87802756,-0.8792477,0.15147188,0.45164117,-0.0880613,-0.9834416,0.1583913
1356420438349,0.42238224,0.09349632,0.9015829,-0.90128136,0.1490627,0.40678275,-0.09635967,-0.98439765,0.14722791
1356420438389,0.3967211,0.07928538,0.9145087,-0.9122363,0.14493391,0.3831699,-0.10216355,-0.9862596,0.12982532
1356420438428,0.39230072,0.05742535,0.9180428,-0.91373956,0.13905561,0.38176367,-0.10573605,-0.98861814,0.10702345
1356420438469,0.4039732,0.026797116,0.9143783,-0.9084614,0.12894955,0.39758003,-0.107254654,-0.991289,0.07643631
1356420438509,0.42331538,-0.015588492,0.90584826,-0.8996556,0.11072382,0.42232686,-0.10688245,-0.99372894,0.03284681
1356420438549,0.43838793,-0.073385626,0.8957849,-0.89263797,0.08082442,0.44346923,-0.1049456,-0.99402314,-0.030074358
1356420438589,0.4460991,-0.14579344,0.88302875,-0.88905716,0.041166738,0.45594144,-0.10282463,-0.98845816,-0.111254215
1356420438629,0.45598972,-0.22113815,0.86207384,-0.8839786,-1.9012392E-4,0.46752733,-0.10322422,-0.97524244,-0.19556808
1356420438685,0.4815258,-0.2810539,0.83014554,-0.8697969,-0.03691724,0.4920269,-0.10763937,-0.95898163,-0.26223642
1356420438710,0.52744955,-0.31253707,0.7900111,-0.8419069,-0.067535274,0.53537995,-0.113972425,-0.9475017,-0.29874858
1356420438749,0.5866481,-0.31372386,0.7466066,-0.8011164,-0.08984417,0.5917269,-0.11856061,-0.9452542,-0.30403623
1356420438789,0.64681333,-0.29152244,0.70473206,-0.7532504,-0.09957787,0.6501523,-0.11935833,-0.9513669,-0.28399768
1356420438828,0.69836986,-0.25580114,0.6684649,-0.70622176,-0.0944921,0.7016566,-0.116319925,-0.96210027,-0.2466428
1356420438869,0.73825747,-0.2134929,0.6398412,-0.665499,-0.07592946,0.74252677,-0.10994139,-0.9739895,-0.1981348
1356420438909,0.76531553,-0.17022936,0.6207367,-0.6356352,-0.0481171,0.7704885,-0.10129166,-0.98422897,-0.14502853
1356420438949,0.780774,-0.1290655,0.611338,-0.6180475,-0.015932888,0.7859793,-0.09170243,-0.991508,-0.092208594
1356420438989,0.7857709,-0.09150553,0.6117114,-0.6130043,0.016542286,0.78990626,-0.082399875,-0.9956671,-0.04309483
1356420439028,0.78142595,-0.05771327,0.6213232,-0.6196135,0.046061963,0.7835544,-0.07384083,-0.99727005,2.3409724E-4
1356420439069,0.76900023,-0.027054012,0.6386757,-0.6358667,0.070259534,0.7685942,-0.065666586,-0.9971618,0.03682688
1356420439109,0.74857026,7.119477E-4,0.66305506,-0.66055906,0.08749465,0.7456584,-0.057482928,-0.9961647,0.06596616
1356420439149,0.7206143,0.02538529,0.6928712,-0.6915637,0.097726375,0.715674,-0.049544185,-0.99488956,0.08797859
1356420439189,0.6844211,0.04612282,0.72762656,-0.7277602,0.10339655,0.6779928,-0.043963194,-0.9935703,0.10433312
1356420439228,0.63885707,0.061739683,0.76684403,-0.76807976,0.10788621,0.6312005,-0.04376176,-0.9922443,0.11634487
1356420439269,0.58439046,0.07163614,0.8083044,-0.80992717,0.112937644,0.57555455,-0.05005753,-0.9910163,0.12401974
1356420439309,0.525841,0.076312065,0.8471527,-0.8484202,0.118034765,0.51599514,-0.06061685,-0.99007285,0.12681219
1356420439350,0.47191915,0.07593647,0.8783655,-0.8786421,0.122623235,0.4614667,-0.07266581,-0.9895439,0.124589264
1356420439390,0.43129256,0.06981659,0.8995067,-0.8982369,0.12671676,0.4208484,-0.08460036,-0.98947895,0.11736384
1356420439428,0.41202748,0.05726108,0.9093704,-0.90615964,0.13028431,0.402369,-0.09543657,-0.9898218,0.10556841
1356420439469,0.41366652,0.037056983,0.909674,-0.9043769,0.13173714,0.40589118,-0.10479671,-0.99059176,0.08800876
1356420439509,0.43084288,0.0070242286,0.90239966,-0.89542747,0.12763149,0.42652065,-0.11217868,-0.9917968,0.06127876
1356420439549,0.44900656,-0.03605908,0.89280057,-0.8859278,0.11208291,0.45007703,-0.11629704,-0.9930444,0.018380225
1356420439589,0.45586467,-0.09485197,0.8849805,-0.88259494,0.08024037,0.46323603,-0.11495,-0.9922523,-0.04713711
1356420439628,0.4485907,-0.1663152,0.8781262,-0.88723636,0.03542097,0.45995325,-0.107601285,-0.98543626,-0.13167134
1356420439685,0.43621856,-0.23852634,0.86765116,-0.89446306,-0.009680793,0.44703704,-0.09823054,-0.97108775,-0.21757591
1356420439710,0.43653375,-0.29348186,0.85047436,-0.8949033,-0.04428087,0.44405785,-0.09266314,-0.95493853,-0.28196794
1356420439750,0.45929152,-0.31883645,0.8290926,-0.88349974,-0.06721045,0.46358478,-0.09208402,-0.9454237,-0.3125611
1356420439790,0.50039136,-0.31326285,0.80713993,-0.86076033,-0.07956433,0.5027535,-0.093274474,-0.94632757,-0.30945754
1356420439828,0.54826605,-0.28351176,0.78678167,-0.831076,-0.079674244,0.55042225,-0.093364924,-0.95565325,-0.27930248
1356420439869,0.5938715,-0.23797035,0.76856154,-0.79934096,-0.06588525,0.5972549,-0.09149212,-0.96903527,-0.22934681
1356420439909,0.62865746,-0.18627203,0.75504476,-0.77267927,-0.03965643,0.6335568,-0.088071585,-0.9816976,-0.16885889
1356420439949,0.6505038,-0.13477618,0.7474491,-0.75486344,-0.00611759,0.6558534,-0.08382082,-0.9908571,-0.10571712
1356420439990,0.65832686,-0.08729431,0.74765325,-0.7485359,0.028811768,0.66246796,-0.079370886,-0.9957658,-0.04637535
1356420440031,0.65213424,-0.044847637,0.75677586,-0.754423,0.059853956,0.65365386,-0.07461086,-0.9971992,0.005198717
1356420440069,0.630641,-0.006952673,0.77604353,-0.7730154,0.08307424,0.62892437,-0.068841934,-0.9965191,0.047015518
1356420440110,0.591377,0.02717951,0.80593705,-0.8040401,0.09620258,0.58674073,-0.061585933,-0.9949906,0.078745395
1356420440150,0.52552855,0.058045,0.84879357,-0.84910786,0.09822902,0.51900584,-0.05325055,-0.99346966,0.10090859
1356420440190,0.42040747,0.08573377,0.90327585,-0.9062036,0.08938271,0.41328648,-0.045304596,-0.9923006,0.11526942
1356420440229,0.26229227,0.1092484,0.95878446,-0.9641253,0.07168394,0.25558534,-0.040807158,-0.99142635,0.12413126
1356420440269,0.05529231,0.12612021,0.9904728,-0.99754727,0.04961878,0.049369156,-0.042919606,-0.99077326,0.1285545
1356420440334,-0.15752041,0.13527831,0.978206,-0.9861523,0.030484498,-0.16301578,-0.05187255,-0.9903385,0.12860316
1356420440359,-0.32413077,0.13807487,0.93588173,-0.9435208,0.024568677,-0.33040112,-0.06861344,-0.990117,0.12231302
1356420440395,-0.40673226,0.1379421,0.9030731,-0.90959215,0.030739188,-0.4143637,-0.08491793,-0.9899632,0.112968385
1356420440429,-0.42095178,0.13481927,0.89700806,-0.90168977,0.04548323,-0.42998484,-0.09876907,-0.98982584,0.10241884
1356420440466,-0.4078874,0.12498006,0.9044379,-0.9062408,0.06517899,-0.41770726,-0.11115539,-0.99001604,0.0866763
1356420440509,-0.33126372,0.10126275,0.93808854,-0.93566936,0.092879534,-0.3404354,-0.121602625,-0.99051464,0.06398088
1356420440549,-0.22564918,0.05812338,0.97247326,-0.9656292,0.118842125,-0.23116413,-0.12900686,-0.9912106,0.029308975
1356420440589,-0.13798633,-0.0057626665,0.99041736,-0.9816638,0.13357773,-0.13598952,-0.13151407,-0.9910215,-0.02408892
1356420440629,-0.10700682,-0.08692643,0.9904511,-0.9860569,0.13696423,-0.09451151,-0.12744084,-0.98675454,-0.10037047
1356420440685,-0.118422806,-0.17590833,0.97725755,-0.98587,0.13825673,-0.094579995,-0.11847502,-0.97464937,-0.1897955
1356420440711,-0.12629947,-0.256148,0.95835096,-0.98588645,0.13943419,-0.0926604,-0.10989207,-0.9565282,-0.27014333
1356420440750,-0.09130135,-0.31327292,0.94526404,-0.9902208,0.12910876,-0.052855313,-0.10548371,-0.9408459,-0.32199717
1356420440791,-0.009921789,-0.34084982,0.9400654,-0.9945145,0.10125929,0.026218295,-0.1041269,-0.9346486,-0.33998483
1356420440830,0.101688236,-0.33783177,0.9356972,-0.9894824,0.06292251,0.1302515,-0.102879524,-0.93910086,-0.32788008
1356420440869,0.2222748,-0.30772135,0.92514944,-0.96980476,0.02789469,0.24228185,-0.10036206,-0.9510675,-0.29222935
1356420440909,0.33278775,-0.25865406,0.9068353,-0.93803984,0.0077213794,0.34644148,-0.09661052,-0.96593916,-0.24005821
1356420440949,0.42314285,-0.19982144,0.88375425,-0.9014077,0.005906716,0.43293092,-0.091728985,-0.9798145,-0.17762122
1356420440990,0.48776728,-0.1398744,0.86169493,-0.8687349,0.019379199,0.49489802,-0.08592248,-0.98997957,-0.11206123
1356420441030,0.5284768,-0.08369616,0.8448119,-0.84521055,0.04139942,0.53282756,-0.07957032,-0.9956309,-0.04886222
1356420441069,0.54626465,-0.033670604,0.83693564,-0.8344382,0.06503309,0.5472509,-0.07285479,-0.9973149,0.007429242
1356420441109,0.54274726,0.00987944,0.83983797,-0.83734655,0.08421774,0.54014647,-0.06539291,-0.99639845,0.053981453
1356420441149,0.51803464,0.04724449,0.854054,-0.853467,0.09493555,0.512427,-0.05687073,-0.99436176,0.08950153
1356420441190,0.4698348,0.07845724,0.8792609,-0.88146377,0.095537364,0.462487,-0.047716826,-0.9923291,0.11404401
1356420441230,0.39563322,0.10333589,0.9125767,-0.9175502,0.08742654,0.38788968,-0.039700538,-0.99079686,0.12940463
1356420441269,0.29603565,0.12128025,0.94744605,-0.954488,0.075226545,0.28860638,-0.036270857,-0.9897636,0.13803029
1356420441309,0.17842218,0.1322743,0.97502255,-0.9831308,0.06449303,0.17115664,-0.040242523,-0.98911285,0.14154992
1356420441349,0.061653137,0.13686055,0.9886699,-0.99677044,0.059509158,0.053920507,-0.05145535,-0.98880124,0.14008749
1356420441390,-0.033774197,0.13642782,0.99007416,-0.99722475,0.061165333,-0.042446375,-0.06634912,-0.98876,0.13398331
1356420441431,-0.09502834,0.13145053,0.9867575,-0.99214506,0.06849748,-0.104672045,-0.08134964,-0.98895335,0.12390876
1356420441469,-0.119375825,0.121086,0.98543775,-0.98833287,0.08006877,-0.12956497,-0.09459129,-0.9894074,0.11011499
1356420441509,-0.1057747,0.104142755,0.9889216,-0.9888046,0.09424412,-0.11568704,-0.105247915,-0.99008703,0.09300822
1356420441550,-0.06233877,0.07865259,0.994951,-0.99161994,0.10814053,-0.07067874,-0.11315355,-0.99101937,0.07125211
1356420441589,-0.003106624,0.04109451,0.9991504,-0.99296284,0.118159086,-0.007947177,-0.118385285,-0.992144,0.040438235
1356420441629,0.05259466,-0.012724966,0.9985348,-0.99122834,0.120737016,0.05374837,-0.12124404,-0.99260294,-0.0062631965
1356420441684,0.0719952,-0.0934754,0.9930151,-0.9898923,0.115270376,0.08261952,-0.12218815,-0.9889262,-0.084231675
1356420441720,0.11171359,-0.17945722,0.9774022,-0.9860084,0.102439106,0.13150561,-0.123723835,-0.97841775,-0.16550243
1356420441760,0.15689555,-0.24892455,0.95573026,-0.97933584,0.085828274,0.18312508,-0.12761301,-0.96471244,-0.23031467
1356420441799,0.21717954,-0.2895023,0.9322132,-0.9670869,0.06589115,0.24576682,-0.13257465,-0.95490664,-0.26566362
1356420441839,0.28838813,-0.29909846,0.90960014,-0.9478997,0.045098588,0.3153605,-0.13534549,-0.95315593,-0.27050942
1356420441878,0.35919195,-0.28347427,0.88917005,-0.923641,0.028485954,0.38219848,-0.13367233,-0.95855665,-0.25159657
1356420441919,0.42141086,-0.24982816,0.8717791,-0.89795274,0.019525781,0.4396586,-0.12686127,-0.9680933,-0.21610549
1356420441959,0.46865714,-0.20604494,0.8590145,-0.87577593,0.018945351,0.48234603,-0.11565927,-0.9783591,-0.1715703
1356420442000,0.4999653,-0.15760681,0.8515837,-0.86008906,0.024766013,0.5095424,-0.10139769,-0.9871914,-0.12317374
1356420442040,0.5153114,-0.108709395,0.85008013,-0.8526663,0.034625724,0.5213071,-0.086105615,-0.9934703,-0.074849814
1356420442085,0.51558566,-0.06206736,0.8545871,-0.8538146,0.04649684,0.5184965,-0.071917295,-0.9969883,-0.029020905
1356420442119,0.50019205,-0.020038962,0.8656826,-0.863792,0.058407903,0.5004517,-0.06059122,-0.9980917,0.01190567
1356420442159,0.47266543,0.016855896,0.88108075,-0.8796721,0.068677306,0.47059596,-0.052578002,-0.9974966,0.047289014
1356420442199,0.43298325,0.04848981,0.9000968,-0.9001735,0.07537493,0.42895955,-0.047044545,-0.99597555,0.07628533
1356420442239,0.38239175,0.07480523,0.9209672,-0.9230232,0.07674956,0.3770114,-0.042481333,-0.99424016,0.09839541
1356420442278,0.32243404,0.0957351,0.94173837,-0.9457972,0.07334182,0.31636798,-0.038781285,-0.9927013,0.11419392
1356420442319,0.2554719,0.1110487,0.9604178,-0.9660568,0.068693936,0.24902913,-0.03832054,-0.99143803,0.124828696
1356420442359,0.18509346,0.12075114,0.9752741,-0.9817617,0.06655908,0.17808384,-0.043409467,-0.9904489,0.1308685
1356420442399,0.11786622,0.12545583,0.98507285,-0.9915968,0.06813651,0.10996914,-0.05332318,-0.9897567,0.13243255
1356420442440,0.061306894,0.125671,0.99017584,-0.9959675,0.07280129,0.052425683,-0.06549767,-0.9893971,0.1296275
1356420442478,0.0206092,0.121059656,0.9924312,-0.9967538,0.079758465,0.010969818,-0.0778268,-0.98943573,0.12231043
1356420442519,-5.452633E-4,0.11100131,0.9938201,-0.9960336,0.088365674,-0.01041615,-0.08897579,-0.9898839,0.11051288
1356420442559,-2.5326014E-4,0.09494415,0.99548256,-0.9951602,0.09779751,-0.009580672,-0.09826532,-0.99066705,0.09445983
1356420442599,0.018517792,0.071416825,0.99727464,-0.9942446,0.106585145,0.010828793,-0.10552129,-0.9917355,0.07297951
1356420442640,0.04861021,0.037205666,0.9981247,-0.99268305,0.11238623,0.044155955,-0.11053264,-0.99296784,0.042396545
1356420442687,0.07830408,-0.012709796,0.99684846,-0.99060935,0.11142227,0.07923466,-0.11207819,-0.99369186,-0.0038656592
1356420442720,0.09790325,-0.08171469,0.9918355,-0.9893264,0.10008997,0.10590163,-0.10792649,-0.9916172,-0.07104331
1356420442760,0.10729295,-0.16453579,0.9805183,-0.9893992,0.07940543,0.12158936,-0.09786421,-0.98316973,-0.1542719
1356420442799,0.1178132,-0.24437577,0.96249706,-0.9892556,0.05560848,0.13520744,-0.08656448,-0.9680848,-0.23519874
1356420442839,0.14099666,-0.30302054,0.9424958,-0.98678786,0.03373006,0.15846717,-0.07980919,-0.95238686,-0.29426116
1356420442879,0.17927028,-0.33166403,0.92620796,-0.9806581,0.01493682,0.19515803,-0.078561485,-0.9432794,-0.32257128
1356420442919,0.22630447,-0.3312153,0.9160146,-0.97078085,3.6805868E-4,0.23996776,-0.07981819,-0.9435552,-0.32145417
1356420442960,0.27360722,-0.30708322,0.9115037,-0.95843875,-0.0074013174,0.28520232,-0.08083454,-0.9516539,-0.29634553
1356420442999,0.31404424,-0.26584777,0.9114281,-0.9459791,-0.0060999393,0.32417,-0.0806202,-0.9639957,-0.2534021
1356420443039,0.34305415,-0.21354702,0.91471934,-0.9359863,0.004203826,0.3520114,-0.07901627,-0.9769237,-0.19843489
1356420443079,0.35799003,-0.15528768,0.92072195,-0.9306167,0.021059051,0.36538905,-0.07612991,-0.98764485,-0.13697436
1356420443119,0.3558795,-0.09632832,0.929554,-0.931719,0.040544033,0.36090982,-0.07245371,-0.9945235,-0.07532212
1356420443160,0.33636945,-0.040053606,0.9408779,-0.9392497,0.05819708,0.33826482,-0.068305105,-0.99750125,-0.018044591
1356420443199,0.2981246,0.011243254,0.95446074,-0.95241034,0.070056796,0.2966589,-0.06353104,-0.9974797,0.03159386
1356420443239,0.24093047,0.05598569,0.9689263,-0.9688122,0.07345769,0.23665768,-0.05792561,-0.9957257,0.07193786
1356420443279,0.1654922,0.09274411,0.9818405,-0.98486686,0.06750283,0.15962598,-0.051472574,-0.993399,0.10251185
1356420443319,0.07155439,0.12036821,0.9901471,-0.9964396,0.053000122,0.06556606,-0.044585794,-0.99131346,0.12373215
1356420443360,-0.036424994,0.13868386,0.9896667,-0.9985834,0.03338802,-0.041431874,-0.038788944,-0.98977375,0.1372712
1356420443399,-0.15060562,0.14911047,0.97728395,-0.9878963,0.014431119,-0.15444288,-0.037132353,-0.9887152,0.14513224
1356420443438,-0.2608639,0.15402794,0.95300853,-0.9644755,0.0010343194,-0.2641699,-0.04167527,-0.98806584,0.1482864
1356420443479,-0.35801,0.1554721,0.920683,-0.9322781,-0.004786253,-0.36171055,-0.05182925,-0.9878286,0.14665681
1356420443519,-0.43719894,0.15447539,0.88599914,-0.8970446,-0.004182279,-0.44192016,-0.064560294,-0.98798776,0.14039981
1356420443560,-0.49609494,0.1508978,0.85505533,-0.8648372,0.0015844107,-0.5020499,-0.07711297,-0.98854816,0.12971604
1356420443599,-0.5349018,0.14373401,0.8325988,-0.8403274,0.012040019,-0.5419455,-0.08792052,-0.98954314,0.114343345
1356420443639,-0.55372185,0.1318275,0.8222005,-0.8271378,0.026875854,-0.56135607,-0.096099555,-0.99090827,0.094157755
1356420443686,-0.55497247,0.112781405,0.82418805,-0.82566684,0.046076596,-0.56227326,-0.101389766,-0.99255097,0.06754863
1356420443721,-0.5440049,0.082137346,0.83505225,-0.8326045,0.07057953,-0.54935265,-0.104059994,-0.9941187,0.029992223
1356420443760,-0.5284125,0.035092115,0.8482622,-0.842494,0.101667345,-0.5290252,-0.10480514,-0.9941994,-0.024157405
1356420443799,-0.5184211,-0.029449642,0.8546182,-0.8487751,0.1392932,-0.5100767,-0.10402095,-0.98981315,-0.09720868
1356420443839,-0.51613164,-0.103168994,0.850273,-0.85035586,0.18050492,-0.49428016,-0.10248405,-0.9781483,-0.18089461
1356420443879,-0.51024014,-0.16889939,0.843284,-0.85393023,0.21608567,-0.47340253,-0.102264196,-0.9616548,-0.25448388
1356420443920,-0.49189708,-0.21417046,0.8439007,-0.86437225,0.23634568,-0.4438483,-0.104393035,-0.94777197,-0.30138075
1356420443960,-0.45927316,-0.23595008,0.85638535,-0.88182664,0.23723781,-0.40755367,-0.1070047,-0.94236183,-0.31702405
1356420443999,-0.41627365,-0.23636356,0.87797976,-0.9028654,0.22159147,-0.36841732,-0.10747239,-0.94606,-0.3056472
1356420444039,-0.36724722,-0.21800566,0.904214,-0.92423296,0.19476622,-0.32841977,-0.10451302,-0.95631564,-0.27301544
1356420444079,-0.31934187,-0.18465182,0.9294754,-0.9425341,0.16356596,-0.2913341,-0.09823516,-0.96909744,-0.22627407
1356420444120,-0.27729672,-0.140217,0.9504976,-0.956639,0.13209319,-0.25960204,-0.08915365,-0.98126984,-0.17076606
1356420444161,-0.24556273,-0.0890328,0.9652835,-0.96619856,0.103098035,-0.23628625,-0.078481674,-0.99067855,-0.11134046
1356420444199,-0.22797316,-0.0359281,0.97300434,-0.97127795,0.07835901,-0.22467524,-0.06817147,-0.99627763,-0.052759945
1356420444238,-0.22649556,0.014861375,0.97389877,-0.9721613,0.058163047,-0.22697905,-0.060018152,-0.9981965,0.0012740493
1356420444279,-0.24342144,0.05981183,0.9680746,-0.96837556,0.041326106,-0.24605045,-0.05472344,-0.9973538,0.047860682
1356420444319,-0.28003126,0.09602401,0.9551765,-0.95861423,0.025297403,-0.28358224,-0.051394224,-0.9950576,0.084965885
1356420444360,-0.33559966,0.12126291,0.93416715,-0.94077134,0.007586658,-0.33895698,-0.048190147,-0.9925915,0.111534536
1356420444398,-0.40679896,0.13466299,0.90353775,-0.91246986,-0.012538731,-0.40895173,-0.043741435,-0.99081206,0.12797672
1356420444439,-0.48458123,0.13824397,0.86375326,-0.87387806,-0.032523274,-0.48505607,-0.038963974,-0.9898641,0.13656855
1356420444479,-0.5564085,0.13752091,0.81944954,-0.83006394,-0.047533214,-0.55563873,-0.037460834,-0.98935765,0.14059907
1356420444519,-0.6124856,0.13738298,0.7784518,-0.7893734,-0.054168463,-0.61151886,-0.041844696,-0.9890357,0.14162391
1356420444559,-0.6504026,0.13931113,0.7467054,-0.75782657,-0.052067995,-0.65037525,-0.05172506,-0.98887885,0.13943881
1356420444598,-0.67091113,0.14215648,0.7277841,-0.73872125,-0.04267025,-0.6726589,-0.0645681,-0.988924,0.13364202
1356420444639,-0.6747347,0.14390534,0.7238953,-0.7338446,-0.026124299,-0.6788149,-0.078773856,-0.9892466,0.12323111
1356420444686,-0.6603889,0.14203295,0.73736906,-0.7451712,-0.0026391149,-0.6668681,-0.09277126,-0.9898584,0.107581735
1356420444720,-0.62707573,0.13313374,0.7674968,-0.77180564,0.027023971,-0.63528395,-0.10531852,-0.9907296,0.08580732
1356420444760,-0.574118,0.112562895,0.8109982,-0.8106022,0.06143993,-0.5823652,-0.115380436,-0.99174327,0.055969894
1356420444798,-0.50492114,0.07486537,0.8599127,-0.854493,0.09751278,-0.5102284,-0.12205088,-0.9924145,0.014735699
1356420444839,-0.4367411,0.014718622,0.8994668,-0.891067,0.13020921,-0.4347932,-0.12351841,-0.99137723,-0.043752432
1356420444879,-0.38169378,-0.0659917,0.9219301,-0.916754,0.15413135,-0.3685181,-0.117779166,-0.98584414,-0.119329095
1356420444919,-0.33855417,-0.15393093,0.9282706,-0.9349607,0.16613546,-0.3134446,-0.105969876,-0.9740145,-0.20016521
1356420444959,-0.28576732,-0.2295163,0.9304082,-0.9536452,0.16367847,-0.25252762,-0.09432858,-0.95944345,-0.26565105
1356420444998,-0.20658809,-0.2786184,0.9379196,-0.97443575,0.145096,-0.17152897,-0.08829728,-0.94937825,-0.30147088
1356420445039,-0.09985873,-0.29548118,0.9501153,-0.9911196,0.1138058,-0.068775296,-0.08780691,-0.9485458,-0.30422175
1356420445079,0.021558434,-0.28156024,0.95930135,-0.99576765,0.07969883,0.04576996,-0.08934221,-0.956228,-0.2786504
1356420445120,0.1423364,-0.24249816,0.9596536,-0.9856993,0.053631574,0.15975192,-0.09020734,-0.96866834,-0.23139656
1356420445161,0.24927625,-0.18726403,0.95015454,-0.9643201,0.042323142,0.26133406,-0.08915201,-0.9813975,-0.17003235
1356420445198,0.33349863,-0.126113,0.9342773,-0.9388432,0.045706064,0.34129804,-0.08574423,-0.9909623,-0.10315737
1356420445239,0.39373294,-0.06624749,0.9168346,-0.9157406,0.05849102,0.3974895,-0.07995933,-0.9960874,-0.037635714
1356420445279,0.42893982,-0.012972593,0.90323997,-0.90042454,0.07403386,0.42866614,-0.07243124,-0.9971714,0.020075232
1356420445319,0.44193703,0.031661183,0.8964871,-0.894778,0.086580455,0.43803677,-0.06374946,-0.9957416,0.06659284
