1356420252066,-0.1867243,-0.35839668,0.9147053,-0.12696221,-0.9144693,-0.3842218,0.9741738,-0.18787658,0.12525088
1356420252098,-0.045389667,-0.7063298,-0.70642614,0.22116056,0.6825024,-0.6966194,0.9741806,-0.18785292,0.12523377
1356420252099,-0.04536119,-0.7063149,-0.70644283,0.22103378,0.68254685,-0.69661593,0.9742106,-0.18774709,0.12515837
1356420252125,-0.045274094,-0.70629054,-0.7064729,0.22060634,0.68266976,-0.6966311,0.9743116,-0.18739176,0.12490493
1356420252155,-0.045111164,-0.7063493,-0.70642453,0.21951275,0.6828524,-0.6967975,0.97456616,-0.18650252,0.124248385
1356420252198,-0.044717267,-0.7065688,-0.70623004,0.21626067,0.6833275,-0.6973485,0.97531104,-0.18391332,0.122246504
1356420252238,-0.04437822,-0.70819426,-0.70462155,0.21014549,0.6829178,-0.6996157,0.9766624,-0.17912075,0.11851716
1356420252279,-0.0440256,-0.7117311,-0.70107114,0.20102781,0.6810862,-0.70406634,0.97859573,-0.17193168,0.11309248
1356420252318,-0.04343553,-0.71722615,-0.6954855,0.18959978,0.67757356,-0.7105955,0.9809003,-0.162729,0.106555164
1356420252361,-0.042413875,-0.72421503,-0.68826866,0.17699,0.6725467,-0.7185788,0.9832983,-0.15229437,0.09965348
1356420252400,-0.041285113,-0.73238856,-0.6796341,0.16463196,0.6659302,-0.7276217,0.9854907,-0.14192948,0.09308159
1356420252438,-0.04040253,-0.74104416,-0.6702397,0.15329742,0.6582484,-0.73702705,0.9873538,-0.13252378,0.08700526
1356420252480,-0.040314034,-0.75012636,-0.6600646,0.14347571,0.6494099,-0.74678075,0.98883235,-0.12480894,0.08144456
1356420252518,-0.041401356,-0.75947714,-0.6492151,0.13537654,0.63951635,-0.7567642,0.98992884,-0.11921957,0.07633859
1356420252577,-0.04388386,-0.7689818,-0.6377626,0.12901822,0.6286696,-0.7668956,0.99067074,-0.11593735,0.07162422
1356420252601,-0.047725216,-0.7784139,-0.62593454,0.124213785,0.61715937,-0.7769719,0.99110705,-0.11483085,0.06723571
1356420252638,-0.052641958,-0.7874093,-0.6141786,0.12051001,0.6055275,-0.78664714,0.9913153,-0.11542535,0.06301457
1356420252675,-0.057674527,-0.795195,-0.60360456,0.11726105,0.5950301,-0.79510313,0.9914249,-0.116636515,0.058927357
1356420252716,-0.062203616,-0.801301,-0.59501874,0.113758296,0.586596,-0.8018505,0.99155927,-0.11756629,0.05466622
1356420252759,-0.06529555,-0.80518025,-0.58942455,0.10955191,0.5813302,-0.80625904,0.9918341,-0.11721769,0.05025077
1356420252799,-0.066247165,-0.80665654,-0.587296,0.10460287,0.5797312,-0.80806553,0.99230516,-0.11496487,0.045973003
1356420252839,-0.06485835,-0.8060541,-0.5882774,0.099345684,0.5813743,-0.80754846,0.992937,-0.11081904,0.042371035
1356420252879,-0.06148711,-0.8041351,-0.59125787,0.09464231,0.58501244,-0.8054831,0.99361056,-0.10548493,0.04013449
1356420252919,-0.056711167,-0.8017909,-0.5949077,0.09131801,0.58920336,-0.80280787,0.99420565,-0.09985399,0.039803565
1356420252959,-0.051246613,-0.79986393,-0.59798944,0.08998415,0.59264255,-0.80042344,0.9946238,-0.094828606,0.04160422
1356420253000,-0.045860216,-0.7990215,-0.5995511,0.09101236,0.5943444,-0.79904413,0.9947933,-0.0912109,0.0454641
1356420253039,-0.041052207,-0.7995385,-0.59921026,0.09434527,0.59393436,-0.7989624,0.9946928,-0.089331806,0.051050365
1356420253105,-0.03693825,-0.80124485,-0.59719527,0.09920344,0.5917111,-0.8000229,0.9943813,-0.088795304,0.057629466
1356420253121,-0.033436358,-0.8036148,-0.59420973,0.10420072,0.588499,-0.80175495,0.99399406,-0.08872488,0.06405997
1356420253159,-0.03036338,-0.8058145,-0.591389,0.10797775,0.585555,-0.803409,0.9936895,-0.08825114,0.069230676
1356420253199,-0.027415425,-0.8067991,-0.5901895,0.10977012,0.584411,-0.80399895,0.99357885,-0.08682716,0.07254058
1356420253239,-0.024171889,-0.8054958,-0.59210837,0.10958141,0.58657765,-0.8024454,0.99368393,-0.08428064,0.07408863
1356420253279,-0.02022916,-0.801113,-0.598171,0.108106405,0.593033,-0.7978877,0.99393344,-0.08080676,0.07460892
1356420253319,-0.015384436,-0.7934992,-0.60837686,0.10656339,0.6036823,-0.7900709,0.9941869,-0.07698551,0.07527065
1356420253359,-0.009739369,-0.7831365,-0.62177366,0.10655287,0.6174501,-0.77935994,0.9942594,-0.07384217,0.07743186
1356420253399,-0.003519699,-0.7710272,-0.63679236,0.10934329,0.63268137,-0.76665395,0.99399775,-0.072327435,0.08207983
1356420253439,0.0033037663,-0.75818896,-0.65202653,0.114821404,0.64800525,-0.7529311,0.99338067,-0.07237908,0.08919716
1356420253479,0.011004865,-0.74536705,-0.66656345,0.12102002,0.66269654,-0.73904496,0.99258906,-0.07253444,0.097497225
1356420253519,0.019009307,-0.7336965,-0.6792114,0.12567896,0.6756992,-0.7263852,0.9918889,-0.07155448,0.105054736
1356420253559,0.024834499,-0.7254371,-0.68784034,0.12843502,0.6846658,-0.71745193,0.9914069,-0.07052523,0.110174894
1356420253599,0.02558218,-0.7226343,-0.6907569,0.13056791,0.6874793,-0.7143698,0.99110925,-0.0719156,0.111940086
1356420253639,0.020384729,-0.7250029,-0.688444,0.13266027,0.68446,-0.7168791,0.9909519,-0.0767158,0.11013162
1356420253679,0.010601565,-0.73007405,-0.6832857,0.13357988,0.67823356,-0.7226034,0.99098134,-0.0836125,0.10471356
1356420253720,-0.00223957,-0.7353815,-0.6776497,0.13151062,0.6715492,-0.7291959,0.9913122,-0.09075117,0.0952065
1356420253759,-0.016806677,-0.73896384,-0.67353547,0.12577987,0.66671664,-0.73462117,0.9919158,-0.09706375,0.08174145
1356420253799,-0.03294614,-0.7405694,-0.67117167,0.116580844,0.6641047,-0.73849434,0.99263453,-0.102576375,0.06445658
1356420253839,-0.050216064,-0.73976886,-0.6709846,0.104271114,0.66427743,-0.7401777,0.9932804,-0.10713315,0.043779135
1356420253879,-0.06845136,-0.73680377,-0.6726325,0.087878495,0.66714025,-0.7397306,0.9937765,-0.10974553,0.019082606
1356420253919,-0.08853148,-0.73323786,-0.6741843,0.06431347,0.6712218,-0.73846126,0.99399495,-0.10873619,-0.012267172
1356420253959,-0.11214945,-0.7324711,-0.67149717,0.028773576,0.6730832,-0.73900676,0.9932746,-0.10220063,-0.0544101
1356420253999,-0.13994746,-0.7394679,-0.65848446,-0.022720456,0.66725224,-0.74448514,0.9898982,-0.089227766,-0.11018133
1356420254039,-0.16895705,-0.75741935,-0.6306896,-0.08841005,0.64895594,-0.75567174,0.98165023,-0.07191679,-0.17660922
1356420254106,-0.19312894,-0.7838148,-0.59019977,-0.15643033,0.6184277,-0.7701148,0.9686232,-0.05640629,-0.24204868
1356420254121,-0.20814641,-0.81256676,-0.5444357,-0.2105802,0.5808026,-0.786336,0.9551602,-0.049025655,-0.29200244
1356420254159,-0.21375328,-0.83735013,-0.5031444,-0.24002495,0.5442776,-0.80383444,0.94694114,-0.051055044,-0.31732607
1356420254199,-0.21238023,-0.85250115,-0.47763628,-0.240634,0.519361,-0.81997526,0.94709545,-0.059211046,-0.31544274
1356420254239,-0.2067247,-0.85343707,-0.4784456,-0.21396819,0.5166065,-0.82905686,0.9547159,-0.06901446,-0.28940368
1356420254280,-0.19758901,-0.8358662,-0.5121388,-0.16561255,0.54339254,-0.8229805,0.9661941,-0.0777953,-0.24579835
1356420254320,-0.18227775,-0.7941235,-0.57977825,-0.10373598,0.6018977,-0.7918068,0.97775954,-0.084184855,-0.19209176
1356420254359,-0.1561346,-0.7254663,-0.67031384,-0.040015697,0.6827255,-0.7295784,0.9869249,-0.08708939,-0.13562709
1356420254400,-0.118742555,-0.64229417,-0.7572043,0.012355387,0.76158476,-0.64794743,0.99284816,-0.0862945,-0.08249676
1356420254441,-0.0773803,-0.5705179,-0.8176317,0.046882063,0.8171013,-0.57458466,0.9958987,-0.08279382,-0.036480486
1356420254480,-0.04021821,-0.52687067,-0.84899336,0.06671636,0.8463686,-0.5284023,0.99696106,-0.07789317,0.0011114478
1356420254520,-0.009875588,-0.50888085,-0.86078036,0.07785468,0.8578179,-0.5080227,0.9969158,-0.072032794,0.031147301
1356420254559,0.015184201,-0.50609446,-0.8623444,0.08369419,0.8600605,-0.5032804,0.9963758,-0.0645313,0.055416465
1356420254599,0.036787726,-0.5108987,-0.8588534,0.08499603,0.8579206,-0.50670314,0.99570197,-0.054358676,0.074985325
1356420254639,0.05481124,-0.52086985,-0.85187453,0.08249302,0.8526027,-0.5160073,0.99508315,-0.041990727,0.08970034
1356420254680,0.0669623,-0.5371447,-0.8408279,0.079558134,0.8429106,-0.5321393,0.99457854,-0.031261444,0.09917748
1356420254720,0.07091542,-0.55968416,-0.8256662,0.080235094,0.8282686,-0.55455697,0.9942502,-0.026920766,0.1036433
1356420254759,0.06637102,-0.5853944,-0.8080274,0.08542821,0.81017333,-0.57993203,0.9941312,-0.030537665,0.10378122
1356420254799,0.05534832,-0.60900486,-0.791233,0.092627555,0.7921622,-0.6032406,0.9941613,-0.039901614,0.10025543
1356420254839,0.040622607,-0.625931,-0.77881974,0.09901416,0.7781483,-0.62022686,0.99425656,-0.051918954,0.093586445
1356420254880,0.024400622,-0.63337135,-0.7734632,0.103453994,0.7711395,-0.62820476,0.9943349,-0.06468928,0.08434111
1356420254920,0.007925153,-0.63004196,-0.77652055,0.10620263,0.7726833,-0.6258446,0.9943128,-0.07750866,0.07303578
1356420254959,-0.008241788,-0.61484325,-0.78860617,0.107384115,0.7835283,-0.61200655,0.9941834,-0.08972782,0.059566736
1356420255000,-0.02481182,-0.5872361,-0.80903524,0.105553076,0.8032218,-0.5862536,0.9941041,-0.09994219,0.04205519
1356420255040,-0.044839256,-0.5494339,-0.83433306,0.09653737,0.8288814,-0.5510319,0.9943187,-0.10525225,0.015874505
1356420255106,-0.07304377,-0.50883275,-0.8577609,0.074294254,0.8548926,-0.5134579,0.9945576,-0.101231635,-0.024641216
1356420255121,-0.11284315,-0.48057967,-0.86966074,0.03406833,0.872865,-0.48677102,0.99302864,-0.08455667,-0.08212429
1356420255159,-0.15976351,-0.47439584,-0.86569285,-0.020501405,0.87836254,-0.47755522,0.9869424,-0.05854799,-0.15005606
1356420255200,-0.20291653,-0.48343402,-0.85153776,-0.07519764,0.8747548,-0.47869563,0.9763045,-0.03310162,-0.21385527
1356420255240,-0.23375142,-0.48819244,-0.8408498,-0.11195554,0.8725703,-0.47548616,0.9658293,-0.017007753,-0.25862038
1356420255280,-0.2499839,-0.46834046,-0.8474464,-0.11977428,0.88347036,-0.45291752,0.96081334,-0.011719778,-0.2769485
1356420255320,-0.2512337,-0.40410936,-0.87953234,-0.095507056,0.91459227,-0.39293686,0.96320295,-0.01471743,-0.2683717
1356420255359,-0.2341983,-0.27984244,-0.931042,-0.044571564,0.95975983,-0.2772624,0.97116655,-0.023436382,-0.23724711
1356420255401,-0.19129723,-0.08843145,-0.9775404,0.018683612,0.9954246,-0.09370556,0.98135424,-0.03618961,-0.18876976
1356420255440,-0.12231019,0.13510978,-0.9832526,0.067374155,0.9895357,0.12759225,0.9902025,-0.050639987,-0.13013321
1356420255480,-0.04279843,0.32984668,-0.9430639,0.083092384,0.94183373,0.3256455,0.99562246,-0.064424306,-0.06771672
1356420255520,0.027143776,0.45408443,-0.89054507,0.07049027,0.88778615,0.45482618,0.9971431,-0.07512045,-0.007910669
1356420255559,0.079774976,0.5103919,-0.8562337,0.046532705,0.8561281,0.51466435,0.9957262,-0.08090024,0.044547677
1356420255599,0.11665219,0.5167619,-0.84814465,0.02369526,0.8522838,0.5225427,0.9928901,-0.081052765,0.087175965
1356420255639,0.14087513,0.48729712,-0.8617979,0.007288918,0.86994475,0.49309522,0.9900005,-0.07574642,0.11900169
1356420255680,0.15413257,0.42966864,-0.8897348,-0.0013553798,0.9005866,0.43467438,0.9880492,-0.06579155,0.13939208
1356420255721,0.15742347,0.350717,-0.9231551,-0.0027288944,0.93496203,0.35473722,0.98752743,-0.05332476,0.14814204
1356420255759,0.15326166,0.26276988,-0.95260835,0.002183929,0.96390504,0.26623732,0.98818314,-0.04288438,0.14715582
1356420255799,0.1440643,0.17899176,-0.9732458,0.012351178,0.9831036,0.18263301,0.9894913,-0.03833162,0.13941938
1356420255839,0.13100076,0.108159244,-0.9854645,0.025450047,0.9933363,0.11240637,0.99105555,-0.039805446,0.12737513
1356420255880,0.11492154,0.0572088,-0.99172586,0.037998483,0.99735653,0.06193689,0.9926476,-0.04480196,0.112443924
1356420255920,0.097445756,0.03383522,-0.99466556,0.047799256,0.99810946,0.038635194,0.9940924,-0.05130911,0.095644236
1356420255959,0.08069661,0.04586041,-0.9956831,0.054950252,0.99721706,0.05038459,0.9952228,-0.058778904,0.07795203
1356420255999,0.066889584,0.10084603,-0.99265087,0.06044223,0.9926424,0.10491805,0.99592793,-0.06701596,0.06030208
1356420256039,0.05670625,0.19979683,-0.978195,0.06530947,0.9769308,0.20332459,0.9962525,-0.075415164,0.042349458
1356420256102,0.047558933,0.33133304,-0.94231445,0.07030228,0.9399322,0.33404356,0.99639136,-0.08213359,0.021408737
1356420256120,0.030315254,0.45531976,-0.8898117,0.07841943,0.8863935,0.45624232,0.9964594,-0.08360964,-0.00883466
1356420256159,-0.007423643,0.52927583,-0.84841734,0.09326613,0.8451088,0.5263958,0.9956135,-0.07522082,-0.0556373
1356420256199,-0.0681504,0.5435009,-0.83663744,0.111640275,0.83747476,0.5349509,0.991409,-0.05694528,-0.11775082
1356420256239,-0.13759479,0.51937526,-0.84339607,0.12538815,0.8537781,0.5053124,0.98251987,-0.03622347,-0.18259895
1356420256279,-0.19212985,0.4944195,-0.84772366,0.13444915,0.8689332,0.47631767,0.97211593,-0.022460878,-0.23342228
1356420256320,-0.21628296,0.4951504,-0.84145564,0.14442249,0.86859936,0.47400135,0.9655898,-0.01900667,-0.25937408
1356420256358,-0.20762214,0.5241393,-0.82593656,0.15435919,0.85131156,0.5014398,0.9659536,-0.02338089,-0.2576568
1356420256399,-0.17022192,0.57082117,-0.80323565,0.15714788,0.820425,0.5497339,0.9727944,-0.032650024,-0.22935766
1356420256439,-0.11501545,0.61341256,-0.78134286,0.14546996,0.7884837,0.5976052,0.9826546,-0.044928044,-0.17992091
1356420256480,-0.051882446,0.63993776,-0.76667327,0.11973217,0.76615554,0.6314031,0.99144965,-0.059036702,-0.116371155
1356420256520,0.010464191,0.6421143,-0.7665375,0.08688226,0.7630966,0.64041793,0.99616355,-0.073299974,-0.047803164
1356420256558,0.06699362,0.61757773,-0.7836514,0.056137502,0.7818387,0.6209483,0.99617285,-0.08559176,0.017708957
1356420256599,0.11321754,0.56087697,-0.8201213,0.035270244,0.8226395,0.5674683,0.992944,-0.093173236,0.07335496
1356420256639,0.14542308,0.46741676,-0.8719941,0.028051287,0.8790611,0.47588307,0.98897177,-0.093664944,0.11472416
1356420256678,0.16129702,0.33956343,-0.9266498,0.0322475,0.9366297,0.34883362,0.9863789,-0.08614795,0.14012551
1356420256720,0.16090629,0.18922359,-0.9686607,0.041466236,0.9792866,0.19818735,0.9860982,-0.07205629,0.14972699
1356420256758,0.14943182,0.03843501,-0.9880247,0.050777327,0.99762744,0.046488278,0.9874673,-0.057116084,0.14712566
1356420256799,0.13188481,-0.093599975,-0.9868361,0.059421044,0.99448824,-0.086384505,0.9894824,-0.047246024,0.1367197
1356420256839,0.11142805,-0.19921191,-0.97360075,0.06822787,0.9789237,-0.19249243,0.99142766,-0.04497765,0.122671366
1356420256879,0.08956373,-0.27640888,-0.9568576,0.076455355,0.9597919,-0.27010015,0.9930423,-0.0489657,0.10709548
1356420256921,0.068139166,-0.32482836,-0.9433152,0.083045535,0.9440781,-0.3190924,0.9942135,-0.05659543,0.09130424
1356420256958,0.049161285,-0.34467393,-0.9374343,0.08812471,0.93640566,-0.33967423,0.9948956,-0.06591229,0.07640922
1356420256999,0.034569975,-0.3347221,-0.9416826,0.092275,0.9392899,-0.33048415,0.9951333,-0.07546894,0.06335771
1356420257039,0.024514284,-0.29345068,-0.9556598,0.09526837,0.9522822,-0.28996974,0.9951497,-0.08393579,0.051301062
1356420257119,0.012039721,-0.22912145,-0.97332335,0.095128804,0.9692414,-0.22698382,0.9953921,-0.089858264,0.033465445
1356420257120,-0.0070080766,-0.1385212,-0.9903347,0.09243262,0.98602927,-0.13857308,0.99569434,-0.09251035,0.0058937073
1356420257156,-0.046697915,-0.077047825,-0.99593323,0.08706714,0.9929124,-0.08089658,0.99510735,-0.09049075,-0.039658606
1356420257199,-0.10543445,-0.05643846,-0.9928233,0.07931805,0.9947299,-0.064970136,0.99125785,-0.0855989,-0.100402236
1356420257239,-0.16679019,-0.06305179,-0.98397434,0.07078555,0.9946125,-0.0757321,0.98344827,-0.08228254,-0.16142845
1356420257279,-0.2120454,-0.06558686,-0.9750564,0.0675574,0.99437475,-0.08157799,0.9749218,-0.08317052,-0.20642167
1356420257319,-0.23016581,-0.033540078,-0.9725733,0.077083305,0.9956373,-0.052577727,0.9700937,-0.087070756,-0.22657633
1356420257358,-0.21875441,0.0438018,-0.97479635,0.09910737,0.9948232,0.022460971,0.9707338,-0.09169607,-0.22196305
1356420257399,-0.17973876,0.1565113,-0.9711839,0.123914294,0.98300034,0.13548255,0.9758787,-0.09599211,-0.19607729
1356420257439,-0.123431444,0.27017462,-0.9548666,0.13686427,0.957664,0.25327426,0.9828697,-0.09942512,-0.15518308
1356420257479,-0.062181175,0.35888347,-0.9313088,0.13211927,0.9278626,0.34873417,0.9892815,-0.10135913,-0.105111
1356420257518,-0.0054605324,0.41192594,-0.91120094,0.1139538,0.90553504,0.4086817,0.99347097,-0.101603165,-0.051885247
1356420257558,0.04348716,0.43362892,-0.9000415,0.09046839,0.89548326,0.43580395,0.9949494,-0.10037714,-2.8771162E-4
1356420257599,0.08318773,0.42842427,-0.8997402,0.06807974,0.898317,0.43404108,0.9942057,-0.09736101,0.04556191
1356420257640,0.11260873,0.39996985,-0.9095843,0.050273776,0.9119409,0.40723017,0.9923669,-0.091585934,0.0825845
1356420257679,0.13107783,0.3521047,-0.9267367,0.03769934,0.9323556,0.35957175,0.99065506,-0.08206926,0.108937025
1356420257735,0.13859159,0.28881896,-0.94729936,0.029410511,0.954908,0.29544157,0.98991287,-0.068806276,0.1238479
1356420257758,0.13701352,0.2177116,-0.96634823,0.024195477,0.97452193,0.22298361,0.99027365,-0.05393304,0.12825507
1356420257799,0.12987614,0.1488085,-0.9803,0.022197723,0.9879897,0.15291667,0.9912817,-0.041620646,0.12501305
1356420257840,0.12016055,0.090865105,-0.9885874,0.023710806,0.99525577,0.09436002,0.99247134,-0.034778558,0.11743599
1356420257879,0.10918236,0.04944884,-0.99279106,0.027885186,0.99821645,0.052785747,0.9936305,-0.033447437,0.107608736
1356420257919,0.09797597,0.028799104,-0.99477196,0.033596374,0.99891573,0.032228004,0.9946215,-0.0365783,0.09690219
1356420257958,0.088035226,0.032738134,-0.9955793,0.040235862,0.9985272,0.03639298,0.9953045,-0.043261856,0.08658832
1356420257999,0.080951154,0.06316335,-0.9947147,0.04773072,0.9965994,0.06716741,0.99557453,-0.052915726,0.07766104
1356420258039,0.07770312,0.121007115,-0.9896057,0.05506985,0.9905705,0.12544912,0.9954545,-0.064245224,0.0703066
1356420258104,0.075886935,0.19756226,-0.9773486,0.061648116,0.97737026,0.20235336,0.9952089,-0.07560769,0.06199026
1356420258120,0.06770265,0.27482522,-0.95910764,0.06864835,0.95775187,0.27928257,0.99534106,-0.08474933,0.045976043
1356420258162,0.041905403,0.33067596,-0.9428135,0.0789908,0.9395922,0.33305702,0.9959942,-0.08843049,0.013253629
1356420258200,-0.009345442,0.34855992,-0.93723994,0.093254134,0.93349993,0.34623915,0.9955985,-0.08416575,-0.041228592
1356420258240,-0.07957286,0.32941794,-0.94082516,0.10593437,0.9412678,0.32061327,0.9911842,-0.07415359,-0.10979605
1356420258279,-0.15061045,0.28792992,-0.945734,0.111165844,0.95551145,0.27320325,0.98232305,-0.06398606,-0.17591798
1356420258338,-0.20353496,0.24436694,-0.9480814,0.109331004,0.9679675,0.22602129,0.97294414,-0.057651453,-0.22373211
1356420258359,-0.22893634,0.21300235,-0.9498517,0.10507783,0.97547257,0.1934216,0.96775347,-0.05552713,-0.24570292
1356420258399,-0.22703743,0.19781728,-0.9535839,0.102167085,0.9785885,0.17867957,0.9685121,-0.05685793,-0.24238664
1356420258435,-0.20251796,0.19645604,-0.9593704,0.10164523,0.978596,0.17893623,0.9739891,-0.06127763,-0.2181521
1356420258465,-0.17021707,0.19391349,-0.9661385,0.10062143,0.97874206,0.17871536,0.9802557,-0.06679383,-0.1861105
1356420258506,-0.120194465,0.20957874,-0.9703762,0.101185575,0.97495824,0.19803512,0.98758024,-0.074385345,-0.13839096
1356420258549,-0.06079474,0.22606334,-0.9722137,0.09915134,0.97056556,0.21947996,0.9932135,-0.08305307,-0.081419766
1356420258589,-1.4385628E-4,0.23744628,-0.9714006,0.094711125,0.96703726,0.23636568,0.99550474,-0.09196844,-0.02262789
1356420258629,0.05555883,0.24104169,-0.9689232,0.088988595,0.9653647,0.24525914,0.9944819,-0.09984944,0.03218454
1356420258669,0.10175753,0.2350421,-0.966644,0.08286267,0.96630853,0.24368338,0.99135214,-0.10489531,0.07885295
1356420258709,0.13597351,0.21914496,-0.9661711,0.076615915,0.969982,0.23079182,0.98774546,-0.10540564,0.115101874
1356420258750,0.15701535,0.19308211,-0.96853775,0.07033439,0.9760258,0.2059772,0.9850884,-0.10046309,0.13967073
1356420258789,0.16573456,0.15900195,-0.973268,0.064518616,0.98305404,0.17158735,0.9840577,-0.09123185,0.15266746
1356420258829,0.16513667,0.12091935,-0.9788301,0.06130288,0.98927844,0.13255239,0.9843637,-0.08189436,0.1559534
1356420258868,0.15854657,0.08365047,-0.98380154,0.06256145,0.9935513,0.09456167,0.98536736,-0.07654048,0.15229088
1356420258909,0.1477648,0.05121059,-0.9876959,0.067960575,0.99577236,0.061796628,0.98668486,-0.076255746,0.14365983
1356420258949,0.13438514,0.027703984,-0.9905418,0.0751802,0.99644303,0.0380686,0.9880731,-0.07958499,0.13182431
1356420258989,0.11988127,0.016702447,-0.9926477,0.0822971,0.9962501,0.026702018,0.98937136,-0.08489311,0.11805719
1356420259030,0.10583845,0.021183215,-0.9941577,0.088325195,0.9956211,0.030617531,0.9904529,-0.091049686,0.103504
1356420259069,0.09355694,0.04295493,-0.99468684,0.09273013,0.99435014,0.051662274,0.99128616,-0.097070806,0.08904517
1356420259109,0.081775516,0.08014192,-0.99342334,0.09536466,0.9915591,0.087841645,0.9920777,-0.10192078,0.07344258
1356420259147,0.067183316,0.1305537,-0.98916245,0.09609427,0.9859468,0.13665596,0.99310243,-0.104233846,0.05369371
1356420259189,0.039428353,0.17549282,-0.98369086,0.096072525,0.9792297,0.17854773,0.99459314,-0.1015455,0.021749377
1356420259229,-0.010073036,0.20167437,-0.9794009,0.09569481,0.9751495,0.19981475,0.9953598,-0.09171085,-0.029121935
1356420259269,-0.08003262,0.19963315,-0.97659683,0.09365249,0.9769118,0.19202264,0.992383,-0.076092646,-0.09688091
1356420259309,-0.15526122,0.17429456,-0.9723761,0.08789437,0.98284596,0.16213697,0.9839555,-0.060292795,-0.16791737
1356420259349,-0.21524215,0.14353257,-0.9659551,0.08010507,0.9884015,0.12901825,0.97326976,-0.04960773,-0.22424334
1356420259390,-0.24786961,0.12505999,-0.9606875,0.07511667,0.99112874,0.1096417,0.9658768,-0.044986803,-0.2550648
1356420259430,-0.25121015,0.12799796,-0.9594321,0.07603799,0.9907643,0.11226881,0.96494126,-0.044750236,-0.25862277
1356420259468,-0.22912958,0.15190971,-0.96146923,0.08188258,0.9872544,0.1364701,0.96994585,-0.047458258,-0.23864794
1356420259509,-0.18598866,0.19246107,-0.96351796,0.08870175,0.9799128,0.17861374,0.97853976,-0.052245587,-0.19932431
1356420259549,-0.12934786,0.23860376,-0.9624643,0.090686455,0.96939695,0.22813489,0.98744375,-0.057773724,-0.14702755
1356420259589,-0.067252934,0.2806708,-0.957445,0.085088305,0.95773506,0.27477905,0.99410117,-0.06298769,-0.0882923
1356420259629,-0.007163287,0.31132835,-0.9502754,0.07324062,0.9479108,0.31000155,0.9972886,-0.06737814,-0.029592037
1356420259668,0.04571852,0.32728803,-0.9438179,0.058763757,0.9422887,0.3296042,0.9972244,-0.07053128,0.023847401
1356420259709,0.089235604,0.329231,-0.9400233,0.044966966,0.9414945,0.33401495,0.9949949,-0.07207601,0.06921029
1356420259749,0.122461915,0.317986,-0.9401531,0.03433357,0.9453588,0.32421893,0.9918791,-0.07198328,0.104852855
1356420259789,0.14496052,0.29506665,-0.9444163,0.027905166,0.95289934,0.30200025,0.98904383,-0.070132196,0.1298989
1356420259829,0.15651372,0.26151705,-0.9524244,0.025836654,0.96289474,0.26863778,0.9873378,-0.06665296,0.14394951
1356420259868,0.1583874,0.22013542,-0.9625248,0.02821993,0.9734225,0.22727151,0.98697376,-0.06315933,0.14796567
1356420259909,0.15259257,0.17538124,-0.97260314,0.034746945,0.98256767,0.18262951,0.9876781,-0.06166288,0.14383858
1356420259949,0.14163443,0.13314213,-0.9809244,0.04341939,0.98912466,0.14052442,0.9889663,-0.06249423,0.13431317
1356420259989,0.12791422,0.10011388,-0.9867195,0.051835775,0.9928576,0.107456446,0.99042976,-0.064892575,0.12181115
1356420260030,0.11398211,0.08297819,-0.99001145,0.05882633,0.9941937,0.090101525,0.99173963,-0.0685087,0.10843897
1356420260069,0.102054596,0.08686972,-0.9909786,0.06447999,0.99350727,0.09373176,0.99268687,-0.07346405,0.095790625
1356420260109,0.09340745,0.11381472,-0.98910123,0.06962738,0.9902656,0.120524086,0.99319035,-0.08012638,0.08457357
1356420260147,0.08870274,0.16732514,-0.98190325,0.07299947,0.98204607,0.17394407,0.99337953,-0.08710773,0.0748955
1356420260189,0.08382851,0.23270983,-0.9689266,0.07488323,0.9681286,0.2389968,0.99366254,-0.092591085,0.06373072
1356420260229,0.06999004,0.29839563,-0.9518726,0.074973784,0.94994026,0.30330262,0.9947263,-0.09259366,0.04411453
1356420260268,0.03612259,0.34529084,-0.93780035,0.07481636,0.9348449,0.34708446,0.9965429,-0.08270042,0.007935643
1356420260309,-0.023830116,0.3575495,-0.9335901,0.07520555,0.9318503,0.35496354,0.99688333,-0.06175235,-0.04909581
1356420260349,-0.09853113,0.33918655,-0.93554485,0.07511978,0.9399723,0.33288014,0.99229467,-0.03747888,-0.11809611
1356420260390,-0.16642436,0.30780718,-0.9367805,0.07555548,0.95121706,0.29912788,0.9831553,-0.02099675,-0.18156219
1356420260430,-0.20990425,0.28388894,-0.9356,0.079237714,0.9587099,0.273124,0.97450584,-0.016804904,-0.223732
1356420260468,-0.22291169,0.27900904,-0.934058,0.08600492,0.96005917,0.26625082,0.9710373,-0.020983167,-0.23800457
1356420260509,-0.20650458,0.29601905,-0.9325924,0.093247764,0.95475245,0.28240508,0.9739921,-0.028644204,-0.22476387
1356420260548,-0.16830671,0.32533497,-0.93049985,0.09695873,0.9448521,0.31281534,0.9809546,-0.037571162,-0.19056904
1356420260589,-0.11468375,0.3602873,-0.9257649,0.09510663,0.93161505,0.35078222,0.9888389,-0.04781735,-0.14110678
1356420260629,-0.05437383,0.39008567,-0.91917175,0.0869627,0.91888577,0.38482,0.9947266,-0.059009522,-0.083886266
1356420260670,0.0052825212,0.40880448,-0.9126067,0.07470192,0.9099081,0.408028,0.9971919,-0.07032889,-0.025731862
1356420260710,0.059458107,0.4142434,-0.90822196,0.061532155,0.9065805,0.41752303,0.9963325,-0.080709964,0.02841425
1356420260750,0.10501647,0.40546143,-0.9080598,0.049963877,0.90980446,0.41201875,0.99321455,-0.08863893,0.07528603
1356420260789,0.14010796,0.38264674,-0.9132093,0.041323528,0.91924334,0.39151508,0.98927355,-0.092591405,0.11298102
1356420260829,0.16372547,0.34705782,-0.92344177,0.03557676,0.9333871,0.3571033,0.98586416,-0.09131995,0.14047205
1356420260868,0.17522573,0.2995106,-0.93786424,0.032198504,0.9503497,0.3095137,0.9840016,-0.084432594,0.15688193
1356420260909,0.17525786,0.2426397,-0.9541545,0.03104572,0.9673104,0.2516877,0.984033,-0.07373268,0.16199583
1356420260949,0.16704622,0.18223724,-0.9689608,0.03321924,0.98117137,0.19026063,0.9853893,-0.06397046,0.15784717
1356420260991,0.15346089,0.12502351,-0.9802137,0.03912614,0.9904171,0.13245048,0.98737985,-0.058677945,0.1470986
1356420261029,0.13652807,0.07695536,-0.9876426,0.047356322,0.99533135,0.08410081,0.98950356,-0.058253244,0.13224638
1356420261069,0.11833072,0.043781534,-0.99200857,0.056028977,0.9971415,0.05069143,0.99139225,-0.06157958,0.11553943
1356420261109,0.10056648,0.029651407,-0.9944884,0.06487663,0.9972331,0.03629382,0.99281293,-0.068169,0.09836453
1356420261147,0.08668381,0.041795082,-0.9953589,0.07262186,0.9961964,0.04815475,0.9935855,-0.07645904,0.08331889
1356420261189,0.07744759,0.075847834,-0.9941072,0.08019444,0.99339724,0.08204135,0.993766,-0.08607577,0.07085365
1356420261229,0.07148963,0.13142146,-0.98874545,0.08667663,0.9867134,0.13741837,0.9936681,-0.095525116,0.05914861
1356420261269,0.061427355,0.19616619,-0.97864467,0.09156701,0.975254,0.20123398,0.9939024,-0.101972826,0.04194492
1356420261310,0.035886794,0.24953139,-0.9677015,0.09542757,0.9630449,0.2518695,0.9947893,-0.10138421,0.010748446
1356420261350,-0.012809397,0.27267647,-0.9620204,0.09869904,0.95774585,0.27015066,0.9950348,-0.09149003,-0.039181054
1356420261389,-0.07817432,0.26372275,-0.96142554,0.099970095,0.9615896,0.2556391,0.99191463,-0.07612938,-0.101536036
1356420261429,-0.14153194,0.23755556,-0.96100783,0.09866023,0.9693316,0.22508302,0.985005,-0.06295682,-0.16062868
1356420261470,-0.18479171,0.21485338,-0.9590047,0.09741455,0.9750093,0.19966808,0.9779379,-0.05652401,-0.20110345
1356420261510,-0.19900945,0.21019475,-0.9571904,0.0994875,0.9760145,0.19364399,0.9749346,-0.05669149,-0.21514785
1356420261550,-0.18374586,0.2274389,-0.9562996,0.10518685,0.97182715,0.21092099,0.97732955,-0.061834283,-0.20249283
1356420261588,-0.14379403,0.2613909,-0.9544623,0.11093243,0.9626642,0.24692464,0.9833704,-0.07037455,-0.16742206
1356420261629,-0.08520278,0.30467916,-0.9486365,0.11143564,0.9490391,0.29479975,0.9901125,-0.080594145,-0.11481291
1356420261669,-0.019377023,0.34339303,-0.9389919,0.10304365,0.93485284,0.33975297,0.9944881,-0.09017376,-0.053499162
1356420261708,0.04433891,0.37039757,-0.9278145,0.08734231,0.9237343,0.3729427,0.9951911,-0.097573325,0.008606017
1356420261749,0.098896205,0.38163757,-0.9190061,0.069080725,0.91867244,0.38893288,0.992697,-0.10194959,0.064489424
1356420261790,0.14089736,0.3775452,-0.915209,0.05288276,0.9202411,0.38776243,0.9886108,-0.10303348,0.109693885
1356420261830,0.17007172,0.36148077,-0.91673726,0.040915295,0.9268975,0.37307763,0.9845819,-0.100958526,0.14284897
1356420261871,0.18703979,0.33623725,-0.92301714,0.033160493,0.9369023,0.348015,0.98179245,-0.09570037,0.16408819
1356420261910,0.192462,0.3039968,-0.9330297,0.028201297,0.94869936,0.31491947,0.98089916,-0.08692269,0.17401546
1356420261950,0.1882411,0.26801416,-0.9448459,0.025191717,0.96041024,0.2774481,0.9817997,-0.07602942,0.17403692
1356420261989,0.17768252,0.23320833,-0.95605576,0.024869442,0.97014034,0.2412659,0.98377347,-0.06664529,0.16657722
1356420262029,0.16341513,0.2042813,-0.9651759,0.02777066,0.97698706,0.21148302,0.9861664,-0.061363086,0.15398145
1356420262069,0.1468117,0.18504572,-0.97170174,0.03263948,0.9809048,0.19172972,0.98862576,-0.059863992,0.13796848
1356420262117,0.12603804,0.17630196,-0.9762336,0.039089873,0.9824344,0.18246853,0.9912549,-0.061158814,0.11693251
1356420262147,0.1095306,0.19587964,-0.9744918,0.04141973,0.97863936,0.20136881,0.99312,-0.062419236,0.09907764
1356420262189,0.09477085,0.22159466,-0.9705227,0.04322329,0.97307533,0.22639821,0.9945603,-0.06340514,0.082641125
1356420262229,0.0820494,0.26491338,-0.9607751,0.043494225,0.9621552,0.2690083,0.9956787,-0.063860126,0.06742203
1356420262269,0.0686934,0.31925833,-0.9451747,0.044102743,0.9455147,0.3225785,0.9966625,-0.0638438,0.05087042
1356420262309,0.048777223,0.37293428,-0.9265748,0.049138844,0.92565966,0.37515277,0.9976002,-0.063829735,0.026825547
1356420262350,0.015416294,0.41413394,-0.9100853,0.06349343,0.9079511,0.41423827,0.9978632,-0.064170465,-0.012297571
1356420262388,-0.03445122,0.4349037,-0.89981765,0.08913913,0.89810085,0.43066108,0.99542314,-0.06537217,-0.06970763
1356420262429,-0.093598515,0.43616292,-0.8949866,0.122281045,0.8971632,0.42443538,0.98807216,-0.06971337,-0.13730764
1356420262469,-0.14550546,0.42707703,-0.8924312,0.15567538,0.9006777,0.4056415,0.97703296,-0.07990654,-0.19753885
1356420262509,-0.17587736,0.41817462,-0.8911774,0.1836248,0.9033363,0.38764095,0.9671345,-0.09546499,-0.23566365
1356420262549,-0.17989331,0.41459864,-0.8920462,0.20209485,0.9030729,0.37896836,0.9627025,-0.11210407,-0.24624503
1356420262588,-0.16171333,0.4148867,-0.895387,0.2083713,0.901228,0.37995985,0.9645881,-0.12512836,-0.23219109
1356420262629,-0.12728307,0.41663152,-0.9001207,0.20203418,0.8993666,0.38771355,0.97107226,-0.13250577,-0.19864798
1356420262669,-0.08391523,0.41642767,-0.90528786,0.1854024,0.89915353,0.39642006,0.97907305,-0.13457684,-0.15265936
1356420262709,-0.03662622,0.41380197,-0.9096299,0.16194348,0.9006669,0.403204,0.98612016,-0.13254079,-0.10000056
1356420262749,0.010410011,0.40868962,-0.91261405,0.1358427,0.9036246,0.40621343,0.99067575,-0.12820062,-0.04611075
1356420262788,0.053937674,0.40143272,-0.9142989,0.11079499,0.90757203,0.4050154,0.9923786,-0.12314533,0.0044755936
1356420262829,0.091536194,0.39234886,-0.9152505,0.08809075,0.91231537,0.3999008,0.99189776,-0.11723049,0.048947573
1356420262869,0.120738626,0.38095748,-0.9166753,0.06735252,0.91815907,0.39044535,0.99039686,-0.10888222,0.08519882
1356420262909,0.1400604,0.36692336,-0.91964686,0.047588706,0.92523414,0.37640023,0.98899865,-0.09648357,0.112127244
1356420262950,0.14931256,0.349864,-0.92482483,0.028689489,0.9333829,0.35773346,0.98837376,-0.079946846,0.12932837
1356420262988,0.15071204,0.33007288,-0.9318465,0.012923375,0.94187486,0.33571526,0.9884933,-0.06263897,0.1376862
1356420263029,0.14820653,0.30866984,-0.9395519,0.0046096146,0.94981784,0.31276962,0.98894566,-0.050685465,0.13934636
1356420263069,0.14510638,0.28679523,-0.9469385,0.0066948235,0.9567616,0.29079616,0.98939335,-0.048535936,0.13691217
1356420263110,0.14167958,0.26571068,-0.9535852,0.018865712,0.9624027,0.2709706,0.9897328,-0.056381077,0.13133997
1356420263149,0.13731068,0.24713911,-0.95920175,0.03527598,0.9665398,0.25407955,0.9898997,-0.068724625,0.123998165
1356420263188,0.13165066,0.23372357,-0.96334904,0.05336733,0.9687271,0.2423215,0.98985857,-0.08331315,0.11506033
1356420263229,0.12582326,0.22860813,-0.96535325,0.07046143,0.96856976,0.2385537,0.98954725,-0.098035775,0.105760574
1356420263270,0.121095985,0.23394884,-0.964678,0.08471294,0.9658488,0.24486679,0.98901945,-0.11137309,0.09714192
1356420263309,0.116200864,0.24901357,-0.9615038,0.09552756,0.96077186,0.26036882,0.9886212,-0.1221052,0.08785486
1356420263348,0.105572134,0.26940647,-0.9572224,0.10379923,0.95435774,0.28004825,0.9889794,-0.12892422,0.07278943
1356420263389,0.07930079,0.28604364,-0.95492953,0.11130246,0.9494158,0.29363498,0.9906176,-0.1295715,0.043452084
1356420263429,0.029874176,0.28905132,-0.9568474,0.11805772,0.9495537,0.290534,0.9925573,-0.12164269,-0.00575763
1356420263489,-0.053756833,0.2627408,-0.9633678,0.11989681,0.9594814,0.25499052,0.9913299,-0.10179726,-0.08308047
1356420263508,-0.13135532,0.22498694,-0.965467,0.11480516,0.97080517,0.21061124,0.98466516,-0.083175704,-0.15335006
1356420263549,-0.19102359,0.18601339,-0.9637993,0.106206074,0.98003256,0.16809653,0.97582287,-0.07025094,-0.20696509
1356420263588,-0.2225182,0.15544751,-0.962456,0.09782833,0.9857843,0.13659754,0.9700078,-0.06376003,-0.23456216
1356420263629,-0.2240237,0.14187154,-0.9642022,0.092579424,0.98797166,0.12385896,0.9701765,-0.06151794,-0.23446345
1356420263669,-0.20120963,0.14476702,-0.96879166,0.090216376,0.987554,0.12883352,0.9753849,-0.061478317,-0.21176577
1356420263708,-0.16125104,0.16041996,-0.9737883,0.08860582,0.9850693,0.147606,0.98292786,-0.062481698,-0.17305756
1356420263750,-0.11041325,0.18436208,-0.9766368,0.08507526,0.98079157,0.17552823,0.9902379,-0.06370697,-0.123977005
1356420263790,-0.056301564,0.21016869,-0.9760426,0.07828232,0.975513,0.20553905,0.9953401,-0.064834714,-0.07137537
1356420263829,-0.004676133,0.23359285,-0.97232324,0.06897719,0.97009337,0.23272541,0.9976073,-0.065979876,-0.020648837
1356420263869,0.04080963,0.25228277,-0.96679264,0.05850769,0.965335,0.2543721,0.99745244,-0.06694564,0.02463448
1356420263908,0.078335345,0.2653379,-0.9609679,0.047990017,0.96180886,0.26948214,0.9957713,-0.06722684,0.06261003
1356420263949,0.10732049,0.27264455,-0.9561105,0.038236856,0.9598213,0.2779947,0.9934889,-0.066393174,0.09258342
1356420263989,0.12712705,0.2736782,-0.95338285,0.029989012,0.9596816,0.2794851,0.9914329,-0.06412111,0.11379415
1356420264029,0.13759488,0.26838443,-0.9534346,0.024337001,0.96138346,0.27413416,0.99018955,-0.060923204,0.12574977
1356420264070,0.14024615,0.25817743,-0.9558637,0.023081414,0.96429026,0.26384,0.98984766,-0.05906523,0.1292789
1356420264154,0.13689083,0.24553414,-0.95967394,0.027253613,0.96749365,0.2514224,0.9902113,-0.060572006,0.12574929
1356420264155,0.12905914,0.23388639,-0.9636601,0.034980543,0.97010875,0.24013628,0.9910197,-0.064701125,0.11701995
1356420264175,0.12021068,0.2288801,-0.9660038,0.041919045,0.97102183,0.23528554,0.991863,-0.068777785,0.10713273
1356420264205,0.11041704,0.22911327,-0.9671169,0.047946647,0.970706,0.23543766,0.99272805,-0.07236633,0.09619725
1356420264235,0.100360066,0.2370154,-0.9663082,0.052810065,0.9685737,0.24305588,0.9935487,-0.0754239,0.08468932
1356420264279,0.08904058,0.2524907,-0.9634937,0.05749771,0.9644199,0.258047,0.994367,-0.07837534,0.071354866
1356420264319,0.079104185,0.28638002,-0.95484495,0.06075406,0.9546811,0.291364,0.99501324,-0.0810588,0.05812055
1356420264359,0.06900203,0.33096975,-0.941115,0.06351516,0.93999225,0.33523175,0.9955925,-0.08290672,0.043839753
1356420264400,0.05295846,0.37717432,-0.92462695,0.06776653,0.92243433,0.3801613,0.99629474,-0.08279152,0.023290873
1356420264439,0.02253726,0.41282997,-0.9105292,0.07652673,0.90737605,0.4132945,0.99681276,-0.07899435,-0.011142731
1356420264479,-0.025785025,0.4299435,-0.90248746,0.090738654,0.90006757,0.42619815,0.9955408,-0.07090095,-0.062220752
1356420264519,-0.08449161,0.42863268,-0.8995194,0.10771255,0.90138644,0.41940492,0.99058527,-0.061453298,-0.1223287
1356420264559,-0.13882369,0.41628587,-0.89857334,0.123944476,0.9075282,0.40128583,0.9825303,-0.05566521,-0.17758274
1356420264600,-0.17499685,0.40303478,-0.8982978,0.13677046,0.9134819,0.38320315,0.9750229,-0.055801243,-0.21497971
1356420264639,-0.18667477,0.39647213,-0.89886725,0.14469448,0.916068,0.37400922,0.9717078,-0.06024304,-0.22837412
1356420264679,-0.17477363,0.39820373,-0.900493,0.1464122,0.91491234,0.37616333,0.9736619,-0.06609973,-0.21820444
1356420264719,-0.14515942,0.40527004,-0.902599,0.1416171,0.91137874,0.3864368,0.97922075,-0.07172853,-0.18968838
1356420264759,-0.102870286,0.41551286,-0.90375155,0.13042994,0.9063616,0.40186656,0.98610634,-0.07653612,-0.14743298
1356420264799,-0.05496025,0.4244215,-0.90379524,0.11402832,0.90190935,0.41660178,0.9919561,-0.080161706,-0.09796524
1356420264839,-0.0069137216,0.42988032,-0.90285945,0.09506643,0.89907414,0.42735004,0.9954469,-0.08287704,-0.04708314
1356420264880,0.037391543,0.4308931,-0.901628,0.076526016,0.89837474,0.432512,0.99636626,-0.085170284,6.170869E-4
1356420264918,0.07555643,0.42734712,-0.9009248,0.060068235,0.899916,0.43190622,0.9953306,-0.086750254,0.042324424
1356420264959,0.10651547,0.41971326,-0.9013851,0.04532212,0.9035508,0.4260773,0.9932775,-0.08623649,0.077219844
1356420264998,0.12920612,0.40761057,-0.9039687,0.031006366,0.9095036,0.41453812,0.99113286,-0.08158964,0.10487491
1356420265039,0.14243937,0.39063382,-0.9094593,0.015643671,0.91782486,0.39667714,0.9896799,-0.07072972,0.12462342
1356420265080,0.14665738,0.36876178,-0.9178814,5.5380166E-4,0.92788386,0.37286878,0.9891872,-0.05519229,0.13587677
1356420265130,0.14486209,0.3439249,-0.9277557,-0.01021418,0.93811595,0.34617066,0.9893992,-0.040670723,0.13941038
1356420265160,0.14079753,0.3186592,-0.9373539,-0.012655839,0.9472873,0.32013512,0.9899575,-0.033211246,0.13740861
1356420265200,0.13621175,0.29495606,-0.9457522,-0.0061795115,0.9548842,0.2969141,0.9906605,-0.034598902,0.1318891
1356420265238,0.1309616,0.27437103,-0.9526644,0.006667152,0.9606751,0.2775947,0.99136496,-0.04270579,0.12398225
1356420265279,0.12446952,0.25870076,-0.95790464,0.02295544,0.964403,0.2634386,0.99195784,-0.05477921,0.11410016
1356420265319,0.11702141,0.25047162,-0.9610255,0.039856263,0.96571004,0.25654572,0.99232936,-0.06832423,0.10302591
1356420265358,0.109345764,0.25160637,-0.96163285,0.055560134,0.96437424,0.25864133,0.99244976,-0.08170978,0.09147096
1356420265400,0.100927144,0.26196936,-0.95978427,0.06939877,0.9605066,0.2694642,0.9924705,-0.093804106,0.07876086
1356420265439,0.08849931,0.2788334,-0.956253,0.08140146,0.9547842,0.28593865,0.9927445,-0.10314575,0.0618003
1356420265479,0.06464955,0.29353106,-0.953761,0.09209454,0.94992656,0.29859352,0.99364936,-0.10714011,0.03437972
1356420265519,0.020561486,0.29407775,-0.9555603,0.10021391,0.9503428,0.29462838,0.9947535,-0.10181843,-0.009930193
1356420265560,-0.04507628,0.27137738,-0.9614169,0.10175633,0.95863676,0.26582175,0.9937876,-0.08584799,-0.07082617
1356420265600,-0.121819496,0.2250891,-0.9666927,0.09332668,0.9722291,0.21461749,0.9881549,-0.06407363,-0.13944328
1356420265639,-0.19135365,0.16669008,-0.9672633,0.07758231,0.98495907,0.15439153,0.97845024,-0.045499135,-0.20140767
1356420265679,-0.2373974,0.11381915,-0.9647216,0.06258452,0.9928409,0.101735994,0.9693945,-0.036224768,-0.24282116
1356420265719,-0.25308174,0.080854304,-0.96406037,0.055812784,0.99606204,0.06888647,0.9658337,-0.03637299,-0.25659782
1356420265759,-0.23928684,0.073503464,-0.9681628,0.060061347,0.9963414,0.060798313,0.9690895,-0.04360092,-0.2428261
1356420265800,-0.20029175,0.09059462,-0.97553873,0.07302712,0.99432623,0.07734586,0.97701085,-0.055749048,-0.20577121
