1356420314276,0.42219257,0.6430381,0.6389488,-0.48522013,-0.4350701,0.7584692,0.765712,-0.63025093,0.1283316
1356420314305,-0.4443817,-0.3741872,0.8139464,-0.46498147,-0.6802677,-0.5665934,0.7657135,-0.6302538,0.12830842
1356420314335,-0.44436693,-0.37427172,0.8139158,-0.46498898,-0.68021125,-0.56665516,0.76571757,-0.63026464,0.12823108
1356420314377,-0.44435054,-0.37457442,0.81378525,-0.46495438,-0.6800381,-0.5668911,0.76574796,-0.63027143,0.12801534
1356420314419,-0.4446562,-0.37555343,0.813167,-0.46450752,-0.6795478,-0.5678448,0.76584184,-0.63021785,0.12771767
1356420314459,-0.44577396,-0.37806827,0.81138766,-0.46302855,-0.67835796,-0.57046914,0.76608753,-0.62999594,0.1273379
1356420314499,-0.44813377,-0.38309726,0.80772066,-0.459949,-0.6759555,-0.5757874,0.7665658,-0.6295401,0.12671328
1356420314538,-0.45199156,-0.39132407,0.80160403,-0.45496532,-0.67183083,-0.5845081,0.7672745,-0.62889475,0.12562308
1356420314579,-0.45675468,-0.40226868,0.79344517,-0.4486589,-0.6660084,-0.59593457,0.76816696,-0.6281821,0.123720974
1356420314618,-0.46195626,-0.41529644,0.78366154,-0.44161284,-0.65856093,-0.60932404,0.7691389,-0.627556,0.120826036
1356420314660,-0.46697348,-0.42905465,0.7732063,-0.43466064,-0.6500977,-0.6232521,0.7700688,-0.6271245,0.11708516
1356420314699,-0.47134733,-0.44222328,0.7630663,-0.42844036,-0.6414438,-0.63638717,0.7708894,-0.62688786,0.112876564
1356420314740,-0.4748323,-0.4539721,0.7539521,-0.42323148,-0.63333327,-0.6478921,0.77162784,-0.6267363,0.108591765
1356420314778,-0.47744256,-0.4636067,0.746403,-0.41915777,-0.6264164,-0.6571981,0.7722405,-0.62663496,0.104753494
1356420314819,-0.47939914,-0.47070563,0.74068373,-0.4160229,-0.6212415,-0.6640661,0.77272326,-0.62649417,0.10199845
1356420314860,-0.4810605,-0.4749878,0.7368632,-0.41353565,-0.61818135,-0.66846097,0.77302593,-0.62628937,0.10095823
1356420314897,-0.48270142,-0.47651577,0.7348007,-0.41153455,-0.61720264,-0.67059696,0.77307093,-0.626094,0.10182187
1356420314939,-0.48441446,-0.47575223,0.7341679,-0.41002077,-0.6178589,-0.6709198,0.7728037,-0.62602735,0.10423148
1356420314980,-0.48630393,-0.47330275,0.73450184,-0.40894923,-0.61956567,-0.66999924,0.7721846,-0.6261972,0.10774034
1356420315018,-0.48850095,-0.46964842,0.73538923,-0.40820462,-0.62187356,-0.66831315,0.77119124,-0.6266608,0.11207309
1356420315059,-0.49109113,-0.4650245,0.7366015,-0.40767136,-0.62458825,-0.6661033,0.769827,-0.6274088,0.11715257
1356420315099,-0.49373257,-0.45998615,0.7379979,-0.40735745,-0.6274433,-0.66360736,0.7683021,-0.6282735,0.12241042
1356420315140,-0.49572998,-0.4554032,0.73949957,-0.407489,-0.6299778,-0.6611207,0.7669449,-0.62907535,0.12672716
1356420315179,-0.49651992,-0.45194158,0.74109167,-0.4082472,-0.63186324,-0.6588499,0.76603013,-0.6296807,0.1292288
1356420315218,-0.4959767,-0.4497593,0.7427811,-0.40942115,-0.6332288,-0.6568071,0.7657555,-0.6298713,0.12992576
1356420315259,-0.4942655,-0.44874814,0.7445313,-0.41045907,-0.634508,-0.6549221,0.76630616,-0.629305,0.1294226
1356420315317,-0.49157012,-0.4489416,0.7461972,-0.41062844,-0.63613707,-0.65323347,0.7679473,-0.6275198,0.12835771
1356420315341,-0.4880349,-0.45041418,0.747629,-0.40921986,-0.63850796,-0.6518027,0.77094823,-0.6240471,0.12729567
1356420315379,-0.48370957,-0.45314613,0.7487882,-0.4057229,-0.64196473,-0.6505923,0.77550894,-0.6184982,0.12667266
1356420315418,-0.47857344,-0.45690602,0.7498028,-0.4000197,-0.64672226,-0.6494109,0.781634,-0.6107268,0.12673274
1356420315458,-0.4727031,-0.46115127,0.7509269,-0.39247927,-0.6527849,-0.64794433,0.78899413,-0.60100853,0.12758121
1356420315500,-0.46646047,-0.4649365,0.752495,-0.38408417,-0.6598697,-0.6457951,0.79680234,-0.5902593,0.12922838
1356420315538,-0.46036005,-0.46743798,0.75469875,-0.37601084,-0.667442,-0.6427573,0.8041669,-0.5796747,0.13150194
1356420315580,-0.45700455,-0.4727893,0.7534037,-0.3662941,-0.6718348,-0.6437908,0.81054026,-0.5701826,0.13385165
1356420315618,-0.44979614,-0.46990383,0.759522,-0.36334413,-0.6805758,-0.63623697,0.8158825,-0.5621448,0.13538373
1356420315659,-0.44342124,-0.46880835,0.7639348,-0.36110884,-0.68663675,-0.6309757,0.8203524,-0.55565166,0.13517842
1356420315699,-0.43753892,-0.46983218,0.76669246,-0.3599763,-0.68981254,-0.62815255,0.8240004,-0.55083233,0.13269144
1356420315738,-0.4322002,-0.47248682,0.76808804,-0.36027256,-0.6903508,-0.627391,0.8266842,-0.5478796,0.1281457
1356420315779,-0.42775917,-0.47556844,0.76867205,-0.3621669,-0.6889802,-0.6278068,0.828165,-0.5469377,0.12248245
1356420315819,-0.42481512,-0.47743064,0.76915014,-0.36543208,-0.68689036,-0.6282045,0.828246,-0.54794294,0.117332995
1356420315859,-0.423828,-0.4769113,0.77001655,-0.36950177,-0.6851479,-0.62772673,0.8269452,-0.55057067,0.11416528
1356420315899,-0.42462373,-0.47451094,0.77106035,-0.37340334,-0.6840594,-0.6266041,0.82478154,-0.5539875,0.11328384
1356420315938,-0.42659616,-0.47225004,0.7713596,-0.37586766,-0.68315345,-0.62611896,0.8226417,-0.55702907,0.11392704
1356420315979,-0.42939806,-0.4724191,0.7696996,-0.37568,-0.68159556,-0.6279268,0.82126844,-0.5587913,0.11519739
1356420316019,-0.4338131,-0.47529194,0.76544344,-0.3730295,-0.6785715,-0.63276345,0.8201555,-0.5600341,0.117075354
1356420316078,-0.44153494,-0.47887653,0.75876486,-0.36997098,-0.67325187,-0.6401979,0.8174156,-0.56339073,0.12009388
1356420316100,-0.45355117,-0.48104763,0.7502563,-0.36889958,-0.664989,-0.6493864,0.811298,-0.5712992,0.12414828
1356420316139,-0.46886194,-0.4816917,0.74036586,-0.37068114,-0.65351665,-0.659933,0.8017256,-0.58385706,0.12785506
1356420316186,-0.48552322,-0.48085335,0.7301008,-0.3776203,-0.6378586,-0.6712222,0.78846055,-0.6015949,0.12811515
1356420316215,-0.4995666,-0.48327285,0.71894395,-0.38239062,-0.6216713,-0.68359494,0.7773098,-0.6164187,0.12576729
1356420316257,-0.5074468,-0.4888643,0.70958394,-0.38883328,-0.60496604,-0.6948558,0.76896447,-0.62851226,0.11690146
1356420316314,-0.50703883,-0.49505514,0.7055721,-0.39937985,-0.5904802,-0.70130515,0.7638111,-0.63738024,0.10168132
1356420316340,-0.4971373,-0.49983943,0.70923555,-0.41529548,-0.5806172,-0.70029515,0.7618295,-0.6426851,0.08106542
1356420316380,-0.47601366,-0.5038473,0.7207975,-0.4365115,-0.57615787,-0.6910137,0.76345843,-0.6435683,0.054323822
1356420316419,-0.44099045,-0.5093317,0.7389917,-0.46201202,-0.5770798,-0.6734418,0.7694624,-0.6384044,0.0191693
1356420316459,-0.3906088,-0.52130353,0.75872743,-0.48862544,-0.58110404,-0.65081733,0.78017294,-0.62494856,-0.027737737
1356420316500,-0.3268221,-0.5451668,0.77199775,-0.5123754,-0.58418125,-0.62944716,0.7941403,-0.6012699,-0.08840671
1356420316540,-0.25585294,-0.57798433,0.77490216,-0.5322468,-0.5849296,-0.61202186,0.80700225,-0.56902677,-0.15797439
1356420316581,-0.18649948,-0.60604995,0.77325374,-0.549727,-0.5879444,-0.5933983,0.81425923,-0.535747,-0.22351071
1356420316620,-0.12534249,-0.6137127,0.7795165,-0.5648692,-0.6017801,-0.56460917,0.81560534,-0.51109445,-0.27123886
1356420316660,-0.07449436,-0.59309155,0.8016813,-0.57509786,-0.6312123,-0.5204165,0.8146858,-0.4998133,-0.29406384
1356420316701,-0.03368616,-0.54354894,0.8387013,-0.57839835,-0.67376477,-0.4598874,0.81505865,-0.5005953,-0.29169124
1356420316740,-0.0024747252,-0.4694274,0.8829676,-0.57593805,-0.7211522,-0.3850129,0.8174896,-0.50948745,-0.26857644
1356420316780,0.019376934,-0.37744665,0.92582864,-0.5710232,-0.76429564,-0.29964095,0.82070524,-0.5228635,-0.23034051
1356420316819,0.03209001,-0.2771229,0.9602984,-0.56667876,-0.79648644,-0.21091354,0.8233137,-0.5374125,-0.18259893
1356420316859,0.036108315,-0.17922895,0.9831445,-0.5644214,-0.815512,-0.12793955,0.82469666,-0.5502882,-0.13060738
1356420316900,0.032072842,-0.092919916,0.99515694,-0.5646113,-0.82326883,-0.05867353,0.82473356,-0.55999506,-0.07886828
1356420316940,0.020331442,-0.024683893,0.99948853,-0.56695443,-0.82370204,-0.008809686,0.8234982,-0.56648535,-0.030741692
1356420316980,5.686879E-4,0.021108866,0.999777,-0.5703753,-0.82119423,0.017662793,0.821384,-0.57025814,0.011572979
1356420317019,-0.027504265,0.042977065,0.99869746,-0.57285786,-0.8194232,0.019485742,0.8191932,-0.57157564,0.047157317
1356420317059,-0.0644027,0.04002744,0.99712086,-0.57199854,-0.8202447,-0.004017532,0.81772244,-0.5706104,0.07572168
1356420317099,-0.11032593,0.011190683,0.99383247,-0.5652176,-0.82320684,-0.053475708,0.8175312,-0.56763136,0.09714618
1356420317139,-0.16525638,-0.044620574,0.98524076,-0.550142,-0.8249473,-0.12963739,0.81855613,-0.5634457,0.11178011
1356420317180,-0.22533727,-0.121216595,0.9667107,-0.52684796,-0.8194832,-0.22556226,0.81954515,-0.56013715,0.12079747
1356420317220,-0.2842505,-0.20500639,0.93657565,-0.49967203,-0.80203676,-0.32720762,0.8182478,-0.5609896,0.12554339
1356420317259,-0.33428162,-0.27901748,0.900225,-0.47566494,-0.7746499,-0.41672575,0.813633,-0.56750923,0.1262324
1356420317321,-0.37013036,-0.3332827,0.8671368,-0.46055603,-0.7448106,-0.48285136,0.8067786,-0.578083,0.122181594
1356420317339,-0.38864005,-0.36497447,0.84602165,-0.45776442,-0.72038186,-0.5210583,0.7996316,-0.5897827,0.11289692
1356420317375,-0.38606507,-0.37141424,0.8443963,-0.47004908,-0.708408,-0.5265091,0.7937301,-0.6001745,0.09890872
1356420317419,-0.35897,-0.35180554,0.8645076,-0.49741605,-0.7116353,-0.4961375,0.789758,-0.6081184,0.08046198
1356420317459,-0.299012,-0.297753,0.9066063,-0.5381799,-0.7319379,-0.41788688,0.78800654,-0.6128704,0.05861348
1356420317499,-0.20646018,-0.21513511,0.954511,-0.5786718,-0.7597883,-0.29641336,0.7889951,-0.6135461,0.03237334
1356420317539,-0.08873904,-0.11761752,0.98908615,-0.6023972,-0.78448117,-0.14733285,0.7932484,-0.6088969,-0.001238361
1356420317579,0.030510187,-0.038309544,0.9988,-0.5980017,-0.80139774,-0.01247102,0.8009139,-0.5969037,-0.04735998
1356420317619,0.13532543,0.0040231943,0.990793,-0.57060343,-0.8171962,0.08125299,0.8099991,-0.5763455,-0.10829178
1356420317659,0.22433215,0.019153625,0.97432446,-0.53288496,-0.83467615,0.13910183,0.81590974,-0.5504079,-0.17703801
1356420317700,0.30094308,0.03343989,0.9530557,-0.4943871,-0.84912956,0.18590432,0.81548434,-0.527125,-0.23900741
1356420317739,0.36605275,0.070363104,0.9279302,-0.45685023,-0.8551214,0.24506183,0.81073624,-0.5136307,-0.28087413
1356420317780,0.41667348,0.13458243,0.8990388,-0.4198834,-0.8486713,0.32164413,0.8062761,-0.51151204,-0.2971099
1356420317820,0.45044225,0.21751732,0.86590296,-0.38613904,-0.82700115,0.40861437,0.80498344,-0.5184161,-0.28852436
1356420317859,0.467871,0.30501658,0.82949483,-0.361297,-0.7905405,0.49447972,0.80657375,-0.5310467,-0.25966942
1356420317900,0.47249544,0.38683382,0.7919013,-0.34926155,-0.742776,0.57122695,0.8091752,-0.5464828,-0.21585208
1356420317939,0.46877998,0.4579023,0.7553614,-0.3498081,-0.68899316,0.63476187,0.8110978,-0.5617952,-0.16280827
1356420317981,0.46063167,0.517462,0.72114605,-0.359607,-0.6340046,0.684632,0.81148094,-0.5746923,-0.105959624
1356420318022,0.4506998,0.56635237,0.69001067,-0.3750677,-0.581288,0.7221001,0.810058,-0.5842511,-0.04956591
1356420318059,0.44047737,0.6040533,0.664153,-0.3935282,-0.535013,0.7475938,0.8069171,-0.5906611,0.0020509353
1356420318099,0.43074095,0.6323613,0.64388,-0.41271245,-0.4964593,0.76367307,0.8025775,-0.5946826,0.047138035
1356420318139,0.42121708,0.6524495,0.62998873,-0.43108615,-0.46711022,0.77199274,0.79796046,-0.5967559,0.08450717
1356420318179,0.41145974,0.66595674,0.6222559,-0.44674683,-0.44772232,0.7745721,0.7944294,-0.5966961,0.11329442
1356420318219,0.40077037,0.67368865,0.62090796,-0.4586211,-0.43917185,0.77252483,0.79312664,-0.59436655,0.1329608
1356420318260,0.3883021,0.67446077,0.62795234,-0.46834067,-0.44242615,0.76479805,0.79364884,-0.59106827,0.14408246
1356420318316,0.37197524,0.6639939,0.6486498,-0.4807951,-0.45992917,0.7465261,0.7940217,-0.5895568,0.14816272
1356420318339,0.3485149,0.63682896,0.6877399,-0.5000499,-0.49427342,0.71108645,0.792772,-0.5917285,0.1461846
1356420318379,0.31515187,0.5892992,0.74391246,-0.5256183,-0.5442749,0.6538274,0.79019284,-0.5970689,0.13821715
1356420318419,0.27294785,0.5226209,0.8076923,-0.5525888,-0.6020815,0.5763189,0.7874929,-0.6036268,0.12445763
1356420318460,0.2286219,0.44449425,0.8661159,-0.57507396,-0.656199,0.48856184,0.78550744,-0.6097766,0.10559568
1356420318500,0.19362193,0.3697034,0.9087519,-0.5891014,-0.69688964,0.40902847,0.784519,-0.61454386,0.082859695
1356420318539,0.17824578,0.3134985,0.9327096,-0.59377146,-0.72158974,0.35601065,0.78464246,-0.6172737,0.05752617
1356420318579,0.18335414,0.27788875,0.94295233,-0.5900929,-0.7360649,0.33166063,0.78623885,-0.61724085,0.029019624
1356420318620,0.20309287,0.2532158,0.9458515,-0.5790551,-0.7479024,0.32455695,0.78958756,-0.6136153,-0.0052677095
1356420318659,0.22801453,0.22118376,0.948202,-0.56285346,-0.76470256,0.31372905,0.79448426,-0.6052336,-0.04986924
1356420318699,0.2533046,0.16936329,0.9524457,-0.5447253,-0.78866136,0.28510988,0.79944426,-0.5910409,-0.1075151
1356420318738,0.2787584,0.10058993,0.9550788,-0.5289691,-0.8139627,0.2401174,0.8015519,-0.5721419,-0.17368996
1356420318779,0.30439675,0.03170146,0.95201766,-0.51916265,-0.8324328,0.19371568,0.7986318,-0.5532184,-0.23693162
1356420318819,0.32813776,-0.014400512,0.9445201,-0.5145154,-0.841275,0.16592252,0.7922118,-0.54041564,-0.28346336
1356420318859,0.34480792,-0.02908054,0.93822265,-0.512136,-0.8434745,0.16207226,0.78665376,-0.5363814,-0.3057299
1356420318899,0.34881496,-0.01838784,0.9370112,-0.5111977,-0.84171045,0.17378254,0.78549665,-0.5396159,-0.30300102
1356420318939,0.33664685,0.0049247444,0.941618,-0.513818,-0.8370291,0.18807772,0.78908795,-0.5471362,-0.2792528
1356420318979,0.30755574,0.031022415,0.95102423,-0.5218495,-0.83025146,0.19584596,0.79566485,-0.5565251,-0.23915955
1356420319019,0.26157755,0.04936236,0.96391934,-0.5358504,-0.82321435,0.18756987,0.80277115,-0.56558067,-0.18888354
1356420319059,0.20105523,0.05567372,0.9779966,-0.55289733,-0.81770194,0.16021267,0.8086293,-0.57294333,-0.1336214
1356420319099,0.12829423,0.04602942,0.9906674,-0.5693494,-0.8144888,0.11157599,0.81202334,-0.5783504,-0.0782874
1356420319141,0.046199203,0.018592477,0.9987592,-0.5812103,-0.8126681,0.04201308,0.81244093,-0.5824301,-0.026738428
1356420319180,-0.042254806,-0.027210414,0.99873626,-0.58448255,-0.8100556,-0.04679832,0.81030536,-0.5857214,0.018324725
1356420319220,-0.1322121,-0.08670889,0.9874217,-0.57604647,-0.803957,-0.1477287,0.8066539,-0.5883323,0.056344435
1356420319260,-0.2196601,-0.15573668,0.9630657,-0.55479914,-0.79206324,-0.2546249,0.80246335,-0.5902389,0.08758205
1356420319318,-0.30028653,-0.22997841,0.9257094,-0.52170396,-0.77287114,-0.36124116,0.7985317,-0.59142214,0.112102136
1356420319339,-0.37039632,-0.3061555,0.8769695,-0.4789356,-0.7459993,-0.4627159,0.79588157,-0.5914001,0.12968649
1356420319380,-0.42795837,-0.38148493,0.8193417,-0.42989367,-0.71151435,-0.5558225,0.79501134,-0.59009874,0.14050058
1356420319420,-0.47272038,-0.45044935,0.7573842,-0.38078117,-0.6706811,-0.63654727,0.7946956,-0.58930653,0.14552203
1356420319459,-0.5062782,-0.5073897,0.69730765,-0.3383736,-0.62686896,-0.70181084,0.79321223,-0.5912621,0.14568287
1356420319499,-0.53122425,-0.551282,0.6433421,-0.30575663,-0.583428,-0.7524126,0.7901353,-0.5964059,0.14137301
1356420319539,-0.5492389,-0.58419335,0.59754056,-0.283144,-0.54265726,-0.79079235,0.7862354,-0.60352397,0.13263762
1356420319579,-0.5610415,-0.60854423,0.5611652,-0.27031946,-0.50605774,-0.8190439,0.78240645,-0.6112114,0.119418055
1356420319619,-0.56666064,-0.62619525,0.535514,-0.267353,-0.47503042,-0.8383725,0.7793703,-0.618244,0.10176584
1356420319660,-0.56547123,-0.6388299,0.52166903,-0.2742666,-0.4508599,-0.8494134,0.77783036,-0.6233952,0.07973868
1356420319701,-0.5561803,-0.64840496,0.5198407,-0.29086554,-0.4340762,-0.8526283,0.7784989,-0.62541884,0.052825987
1356420319741,-0.53701365,-0.6574228,0.5285941,-0.3166206,-0.42372048,-0.84865326,0.7819001,-0.6231021,0.019390106
1356420319780,-0.5058744,-0.6710438,0.54202527,-0.34956354,-0.41497493,-0.8400007,0.7886041,-0.6144071,-0.024647236
1356420319820,-0.46142566,-0.6949215,0.5515165,-0.3868239,-0.401859,-0.8299859,0.7984069,-0.59631664,-0.083384216
1356420319858,-0.40689594,-0.7298164,0.5493666,-0.42504603,-0.38106614,-0.82105076,0.8085613,-0.5675883,-0.15515125
1356420319899,-0.35130692,-0.7670508,0.53685796,-0.46179813,-0.35684246,-0.8120381,0.81444824,-0.5331946,-0.22886139
1356420319939,-0.30582732,-0.7921982,0.528102,-0.4936396,-0.34236205,-0.7994424,0.8141189,-0.50518334,-0.28635675
1356420319980,-0.276713,-0.7987852,0.53420234,-0.51542234,-0.34580654,-0.7840648,0.81103003,-0.4923007,-0.31602257
1356420320020,-0.26416284,-0.7879655,0.55617297,-0.5242284,-0.36673325,-0.76856446,0.80956936,-0.4945878,-0.31619656
1356420320059,-0.26627904,-0.76331437,0.5885972,-0.52076554,-0.3999253,-0.75423014,0.81110954,-0.50735676,-0.2910161
1356420320099,-0.2810728,-0.72857666,0.6246393,-0.5082598,-0.43909085,-0.74085844,0.81404555,-0.52571416,-0.24688977
1356420320139,-0.30643433,-0.68753743,0.65832394,-0.49018264,-0.47887015,-0.7282887,0.8159774,-0.54587156,-0.19027668
1356420320179,-0.33989197,-0.6446345,0.6847772,-0.4689132,-0.5150031,-0.7175599,0.81522626,-0.5649939,-0.12723213
1356420320219,-0.3787217,-0.60486454,0.7005062,-0.44566482,-0.5441702,-0.7108177,0.8111429,-0.581393,-0.063477844
1356420320259,-0.420188,-0.5730504,0.7036017,-0.42049107,-0.5641436,-0.7105838,0.8041327,-0.594437,-0.003916174
1356420320317,-0.46173322,-0.5540902,0.6926663,-0.39187562,-0.5731284,-0.7196926,0.79576135,-0.603745,0.04749793
1356420320340,-0.5008875,-0.5514727,0.6670754,-0.35751957,-0.57007027,-0.73972946,0.7882204,-0.60901374,0.08837879
1356420320378,-0.5355084,-0.5664922,0.62635237,-0.31566197,-0.5536412,-0.77060944,0.7833187,-0.61038345,0.11765948
1356420320419,-0.5637212,-0.59574586,0.572106,-0.26757514,-0.52357996,-0.80886805,0.7814231,-0.6090574,0.13574633
1356420320459,-0.5844847,-0.63079375,0.5103693,-0.21908599,-0.4829452,-0.8478002,0.7812675,-0.607341,0.14407602
1356420320499,-0.5993893,-0.6626051,0.4490958,-0.17715909,-0.43732297,-0.8816821,0.7806069,-0.60803217,0.14474022
1356420320538,-0.61035043,-0.68654,0.39513922,-0.1465568,-0.39234674,-0.90806663,0.77845573,-0.61214924,0.13885194
1356420320580,-0.61828554,-0.70315397,0.35113758,-0.12816101,-0.35058755,-0.92771935,0.77543396,-0.6185975,0.12664622
1356420320620,-0.62331825,-0.7143371,0.31811452,-0.1208106,-0.31395715,-0.94171953,0.77257955,-0.6254226,0.10939574
1356420320658,-0.62547064,-0.7211065,0.29797965,-0.12424344,-0.28498292,-0.95044637,0.7702922,-0.6314982,0.08865571
1356420320699,-0.6243831,-0.7240404,0.29310623,-0.13920975,-0.26608658,-0.95384413,0.76861334,-0.6363674,0.06534648
1356420320739,-0.6184667,-0.72344506,0.3067999,-0.16734129,-0.26021707,-0.95093846,0.76778626,-0.639464,0.03987342
1356420320779,-0.60438126,-0.7209717,0.3390032,-0.2098313,-0.26643765,-0.94073474,0.76856637,-0.6396959,0.009747446
1356420320818,-0.57733303,-0.71993446,0.38520253,-0.26652417,-0.27976376,-0.9223324,0.77178454,-0.6351588,-0.030363083
1356420320858,-0.534371,-0.7262124,0.4325081,-0.33213377,-0.29012847,-0.89750355,0.77726114,-0.6232504,-0.0861634
1356420320899,-0.47827858,-0.7417836,0.4701134,-0.39947212,-0.29296434,-0.8686737,0.78209436,-0.60326517,-0.15620333
1356420320939,-0.41639155,-0.7579149,0.5021783,-0.46325946,-0.2983957,-0.8344763,0.7823099,-0.58010775,-0.22686183
1356420320979,-0.35456872,-0.76235557,0.5413825,-0.51856554,-0.32146835,-0.7923054,0.7780557,-0.56166905,-0.2813487
1356420321019,-0.29480755,-0.7472473,0.5955754,-0.56057566,-0.36950892,-0.7410925,0.7738498,-0.55234474,-0.30995458
1356420321058,-0.23874629,-0.70992845,0.6625722,-0.5869191,-0.43808788,-0.68088543,0.77364475,-0.5514351,-0.31207877
1356420321099,-0.18813956,-0.64808387,0.737964,-0.5993367,-0.51950186,-0.6090266,0.77807397,-0.5568709,-0.29068154
1356420321139,-0.14596915,-0.56311864,0.8133821,-0.60220903,-0.6017284,-0.52465916,0.78488046,-0.56641006,-0.25128132
1356420321179,-0.11374861,-0.45829102,0.88149345,-0.6004247,-0.67518204,-0.4285084,0.79155004,-0.5780126,-0.19836819
1356420321237,-0.083586276,-0.31460628,0.9455348,-0.5986371,-0.74270463,-0.30003905,0.7966473,-0.5911114,-0.12625508
1356420321258,-0.08970952,-0.21793224,0.97183216,-0.5963813,-0.76973885,-0.22766487,0.7976725,-0.6000062,-0.060917765
1356420321317,-0.09618223,-0.12570235,0.9873946,-0.59763896,-0.7859872,-0.15827781,0.7959753,-0.605329,4.7330558E-4
1356420321340,-0.12395412,-0.07372987,0.989545,-0.59688026,-0.79111004,-0.13371213,0.79269755,-0.60721403,0.05405338
1356420321379,-0.17686123,-0.07245064,0.9815656,-0.58842075,-0.7916535,-0.16445623,0.78897476,-0.6066595,0.097381294
1356420321419,-0.2595855,-0.13287367,0.95653546,-0.561592,-0.7850202,-0.26145357,0.7856399,-0.6050522,0.129159
1356420321458,-0.3660373,-0.25307626,0.8955273,-0.5024653,-0.7562357,-0.41908973,0.7832914,-0.6033738,0.14964838
1356420321499,-0.47256327,-0.40493998,0.78275645,-0.40676197,-0.6877056,-0.6013367,0.78181124,-0.60256517,0.16027012
1356420321539,-0.5514398,-0.5418093,0.6343161,-0.29440793,-0.5850513,-0.75567126,0.7805371,-0.6034548,0.16310757
1356420321579,-0.5954459,-0.6366111,0.49007207,-0.19561239,-0.4767608,-0.8569918,0.77921766,-0.6061564,0.15935615
1356420321619,-0.61543816,-0.69486684,0.37201583,-0.12287253,-0.38163662,-0.916109,0.7785487,-0.60951906,0.14949375
1356420321658,-0.62247807,-0.72929835,0.28398073,-0.07591578,-0.30487466,-0.9493621,0.77894676,-0.6125156,0.13441247
1356420321699,-0.62318593,-0.74944437,0.22354499,-0.051505446,-0.24588645,-0.96792924,0.78037584,-0.61471367,0.11463255
1356420321739,-0.62072974,-0.7608264,0.1893087,-0.046884656,-0.20500416,-0.9776375,0.7826215,-0.6157243,0.091581106
1356420321780,-0.6155148,-0.76765525,0.17845711,-0.059474945,-0.18054408,-0.98176706,0.78587806,-0.61490595,0.06547129
1356420321820,-0.60574204,-0.7724067,0.19095701,-0.08957288,-0.17227292,-0.9809683,0.79060316,-0.6113183,0.035166204
1356420321858,-0.58779484,-0.77748907,0.22362453,-0.13727036,-0.17655998,-0.9746709,0.7972792,-0.6036036,-0.0029451847
1356420321899,-0.55811656,-0.7865225,0.26436388,-0.198477,-0.18281001,-0.9629057,0.8056754,-0.58988374,-0.054077327
1356420321939,-0.5167634,-0.7996903,0.30569762,-0.26827317,-0.18783009,-0.94485414,0.8130099,-0.5702765,-0.117471755
1356420321979,-0.46584392,-0.8098948,0.3564543,-0.3438525,-0.20548922,-0.91626394,0.81532496,-0.54940367,-0.18275851
1356420322019,-0.40129006,-0.8030592,0.44052488,-0.42411828,-0.26337296,-0.8664632,0.8118436,-0.5345377,-0.23490316
1356420322059,-0.3157177,-0.76276094,0.56437415,-0.50026757,-0.37159932,-0.78207827,0.8062598,-0.52925396,-0.2642641
1356420322099,-0.20872402,-0.67333114,0.7092669,-0.55850923,-0.5132736,-0.65162694,0.80280864,-0.5321423,-0.26892915
1356420322139,-0.09196317,-0.52982295,0.8431076,-0.58874714,-0.65391755,-0.47515124,0.8030689,-0.5400736,-0.2517954
1356420322179,0.01174891,-0.35419732,0.9350969,-0.59222454,-0.7559646,-0.2789044,0.80568737,-0.5505105,-0.21864611
1356420322219,0.086039186,-0.18097642,0.9797167,-0.58226156,-0.80707926,-0.097951815,0.808436,-0.56202364,-0.17481607
1356420322258,0.12597412,-0.038906157,0.9912703,-0.5735464,-0.81815755,0.04077658,0.8094288,-0.57367635,-0.12538117
1356420322318,0.1372686,0.0644477,0.98843503,-0.5737274,-0.80827785,0.13237734,0.8074616,-0.58526355,-0.07397574
1356420322358,0.122547805,0.12508251,0.9845488,-0.58422583,-0.79284084,0.17344604,0.80228555,-0.59645426,-0.024084415
1356420322389,0.093443274,0.16408041,0.9820112,-0.6006391,-0.77733535,0.18703575,0.7940409,-0.60731155,0.025916398
1356420322429,0.008885503,0.12065105,0.99265516,-0.6179019,-0.7798295,0.10031435,0.78620493,-0.61425495,0.06762145
1356420322468,-0.10687685,0.025681436,0.99394053,-0.6156579,-0.7866771,-0.045874596,0.7807321,-0.6168303,0.09988853
1356420322495,-0.25474155,-0.12874013,0.95840114,-0.57539016,-0.7763764,-0.257227,0.7771955,-0.61698097,0.12369959
1356420322536,-0.4008621,-0.31003112,0.86208487,-0.48797524,-0.72414804,-0.4873293,0.7753643,-0.6160279,0.13899598
1356420322579,-0.51566845,-0.47544202,0.71277004,-0.37028024,-0.6265419,-0.6858119,0.772644,-0.6175761,0.14704096
1356420322619,-0.57809365,-0.5746931,0.5792544,-0.2757365,-0.5305477,-0.80155385,0.7679695,-0.6230947,0.1482423
1356420322659,-0.6067019,-0.62006736,0.49742272,-0.22573349,-0.46559954,-0.85572284,0.7622056,-0.6314536,0.14251012
1356420322699,-0.6174567,-0.6344557,0.46498734,-0.21517614,-0.43234992,-0.87565565,0.75660187,-0.6407336,0.13043761
1356420322739,-0.6150921,-0.62954605,0.47469294,-0.23752473,-0.4261328,-0.872922,0.7518269,-0.64967877,0.11257821
1356420322779,-0.59631884,-0.60726196,0.52501106,-0.29032624,-0.44659728,-0.8463223,0.74840796,-0.65710247,0.090010345
1356420322820,-0.55399966,-0.5678586,0.6087866,-0.36724344,-0.4895736,-0.7908539,0.747139,-0.6617057,0.06268132
1356420322860,-0.48062575,-0.51349384,0.71086067,-0.45596817,-0.54609394,-0.702762,0.7490607,-0.6618954,0.028329939
1356420322899,-0.37992907,-0.46011356,0.80246466,-0.53444207,-0.5988812,-0.59641683,0.7550004,-0.6554669,-0.018371642
1356420322939,-0.26926953,-0.43245,0.86051196,-0.58622223,-0.6353117,-0.5027151,0.7640925,-0.6398171,-0.08244163
1356420322979,-0.16091424,-0.4315361,0.8876279,-0.61481905,-0.6597067,-0.43218604,0.77207786,-0.6152754,-0.15916047
1356420323020,-0.056448698,-0.43126476,0.9004578,-0.6298255,-0.68441737,-0.36727753,0.7746828,-0.58786356,-0.23298705
1356420323060,0.047279596,-0.3992581,0.91561866,-0.63313913,-0.72096354,-0.2816849,0.77259266,-0.5663961,-0.2868728
1356420323099,0.14569396,-0.32413104,0.93472576,-0.6204363,-0.7658605,-0.16886806,0.77060497,-0.5553348,-0.31268394
1356420323139,0.23031515,-0.21044308,0.95008874,-0.591541,-0.805514,-0.03502199,0.7726799,-0.5539503,-0.31000775
1356420323180,0.29266018,-0.07467489,0.95329624,-0.55470055,-0.8253163,0.10564223,0.7788821,-0.5597112,-0.28295943
1356420323219,0.3300146,0.0652193,0.9417201,-0.5218834,-0.81867963,0.23958588,0.7865927,-0.57053494,-0.23613936
1356420323259,0.3447193,0.1922865,0.91880053,-0.50266814,-0.78882,0.35367727,0.7927757,-0.58377117,-0.17526516
1356420323318,0.3425005,0.29652143,0.89149785,-0.4997059,-0.74604696,0.4401227,0.79560506,-0.59622896,-0.107347965
1356420323340,0.32912296,0.3741116,0.86701703,-0.5097713,-0.70248955,0.49663025,0.7948656,-0.6054328,-0.040494084
1356420323380,0.30900443,0.427549,0.84953994,-0.5269016,-0.6666814,0.5271723,0.79176444,-0.6105225,0.019268751
1356420323419,0.28347987,0.45839185,0.8423278,-0.54629856,-0.6447102,0.53470224,0.7881605,-0.6117398,0.06765649
1356420323459,0.25303918,0.46911526,0.84611,-0.56466866,-0.63853467,0.52289855,0.78557014,-0.6100856,0.10332033
1356420323499,0.21669471,0.4602166,0.86095524,-0.58089936,-0.6480036,0.49259216,0.78460133,-0.6068705,0.1269207
1356420323539,0.1729855,0.43089646,0.885666,-0.59530514,-0.67063946,0.4425544,0.7846577,-0.603797,0.14050403
1356420323580,0.1210168,0.38018543,0.91695905,-0.6089449,-0.70107913,0.37104452,0.7839266,-0.6032802,0.14666969
1356420323619,0.062357605,0.30994743,0.9487066,-0.6214831,-0.73171836,0.27990574,0.78094196,-0.60705936,0.14699876
1356420323659,0.0027769804,0.22784036,0.97369444,-0.6304372,-0.7554229,0.17856377,0.7762352,-0.6143491,0.14154133
1356420323699,-0.048721433,0.14580648,0.9881127,-0.63422805,-0.7687674,0.082167536,0.7716093,-0.62268555,0.12992996
1356420323739,-0.08278513,0.07671678,0.99361026,-0.6345443,-0.77285665,0.006803721,0.7684401,-0.62992644,0.11266116
1356420323779,-0.09309298,0.029725075,0.9952135,-0.634776,-0.7718418,-0.036324054,0.7670678,-0.6351192,0.09072194
1356420323819,-0.076004446,0.011135906,0.9970453,-0.6368284,-0.7699699,-0.039945573,0.76725006,-0.63798285,0.06561291
1356420323859,-0.033155262,0.018700719,0.99927527,-0.6386027,-0.7695068,-0.006787628,0.76882213,-0.6383649,0.03745547
1356420323899,0.031481624,0.04510382,0.9984861,-0.6352291,-0.7703751,0.05482787,0.77168185,-0.63599354,0.004398644
1356420323940,0.10797691,0.07257432,0.99150085,-0.62165123,-0.7733676,0.124307066,0.7758161,-0.62979007,-0.038389884
1356420323980,0.18915921,0.089877516,0.9778245,-0.59615874,-0.78076357,0.18709083,0.78026503,-0.6183286,-0.09410736
1356420324019,0.27017957,0.09916045,0.95769006,-0.56099206,-0.79218024,0.24028812,0.7824902,-0.60217744,-0.15840268
1356420324059,0.34715998,0.11830047,0.9303144,-0.51968515,-0.8014994,0.29584795,0.7806455,-0.5861772,-0.21676952
1356420324099,0.41233474,0.15745446,0.89732283,-0.4762217,-0.8024193,0.3596334,0.776655,-0.5756139,-0.2558821
1356420324140,0.4596718,0.21499768,0.8616715,-0.43518564,-0.7912473,0.42958242,0.7741545,-0.57245404,-0.27015015
1356420324180,0.48728836,0.2809164,0.8268228,-0.40275353,-0.7678232,0.498234,0.77481586,-0.57578945,-0.26101124
1356420324219,0.4976768,0.34525344,0.7956871,-0.38356766,-0.73518395,0.55891,0.77794194,-0.5833564,-0.23345596
1356420324260,0.495143,0.40265533,0.76987153,-0.37830815,-0.6977833,0.608261,0.782123,-0.59242487,-0.19317472
1356420324318,0.4837771,0.45140204,0.7497973,-0.38476345,-0.6597924,0.64546967,0.78607684,-0.60075796,-0.14550945
1356420324340,0.46689522,0.4912456,0.73531395,-0.40023324,-0.62408423,0.671068,0.788557,-0.60761553,-0.09476912
1356420324380,0.4469993,0.5217785,0.7265939,-0.42252916,-0.5927804,0.6856242,0.7884546,-0.6134806,-0.044505775
1356420324418,0.42572427,0.5428875,0.72390056,-0.44901413,-0.5678225,0.68990135,0.7855859,-0.6187494,0.002028316
1356420324459,0.40395927,0.5564351,0.7260833,-0.476337,-0.54968095,0.6862609,0.7809738,-0.62308174,0.04300189
1356420324499,0.38184643,0.563715,0.7324061,-0.50130785,-0.5394249,0.6765434,0.7764558,-0.62549657,0.07661736
1356420324539,0.35990262,0.5656395,0.7419717,-0.52181625,-0.5372116,0.6626548,0.77341956,-0.6256642,0.10181603
1356420324580,0.33845633,0.561157,0.7553477,-0.53869236,-0.5426193,0.64449584,0.77152956,-0.62503374,0.11863804
1356420324619,0.31742817,0.5479187,0.7739666,-0.55512,-0.55434656,0.6201141,0.76881796,-0.62648606,0.1281955
1356420324659,0.29634893,0.52407336,0.7984513,-0.57348037,-0.57087827,0.58755285,0.7637392,-0.63201684,0.13136658
1356420324699,0.27515507,0.49103525,0.8265434,-0.59284306,-0.59015316,0.5479564,0.75685316,-0.6407835,0.12872323
1356420324739,0.25544268,0.45258868,0.85434914,-0.6106845,-0.60954237,0.5054922,0.7495421,-0.6508621,0.120685786
1356420324780,0.24043065,0.41359437,0.87814164,-0.62478864,-0.62641263,0.46609688,0.7428541,-0.6607169,0.107800305
1356420324819,0.23409021,0.37919408,0.89521706,-0.6336395,-0.6388622,0.4362982,0.737362,-0.6693781,0.09072095
1356420324859,0.2394473,0.3529629,0.90447897,-0.636024,-0.6468393,0.42079973,0.7335792,-0.6760297,0.06960893
1356420324899,0.258219,0.33663982,0.90553665,-0.6300244,-0.65190536,0.42200565,0.732388,-0.6794801,0.043756902
1356420324939,0.2881543,0.32489687,0.9007825,-0.6134271,-0.6596978,0.434173,0.7353056,-0.6776732,0.009205759
1356420324980,0.32602227,0.30948228,0.8932694,-0.58369935,-0.67737806,0.44772094,0.7436428,-0.66736776,-0.040195733
1356420325018,0.36918288,0.2861237,0.88421553,-0.54076475,-0.70764256,0.45476964,0.7558289,-0.6460458,-0.1065239
1356420325058,0.41490728,0.2587934,0.87228316,-0.4902205,-0.74406445,0.45392945,0.7665089,-0.61594975,-0.18185192
1356420325099,0.459513,0.24183618,0.85461277,-0.4413103,-0.77286416,0.45598933,0.7707743,-0.58668244,-0.24841633
1356420325140,0.49739736,0.24797244,0.8313276,-0.39997268,-0.7847995,0.47340423,0.7698167,-0.5679783,-0.291175
1356420325180,0.52358234,0.27783868,0.8053988,-0.368171,-0.778721,0.5079801,0.76831746,-0.5624939,-0.30543238
1356420325219,0.5362766,0.32293585,0.77982044,-0.34777293,-0.75729764,0.5527696,0.76906526,-0.56763786,-0.29381263
1356420325259,0.53667116,0.37420207,0.7562783,-0.34158581,-0.72321117,0.6002372,0.7715589,-0.58046395,-0.2603045
1356420325319,0.52785885,0.42276162,0.7366394,-0.35073173,-0.68141043,0.6423917,0.7735323,-0.5974549,-0.21141264
1356420325341,0.51289225,0.46601018,0.7209549,-0.37258056,-0.6357689,0.6760041,0.7733855,-0.6153311,-0.15245458
1356420325379,0.49387866,0.5028951,0.7093521,-0.40260544,-0.5908199,0.69917136,0.7707092,-0.63089484,-0.08932504
1356420325421,0.4723397,0.53241175,0.70244783,-0.4359782,-0.55150825,0.71116924,0.7660406,-0.6421654,-0.028379321
1356420325460,0.44916272,0.55411047,0.70086694,-0.4687919,-0.5216293,0.7128373,0.7605833,-0.6487407,0.025466114
1356420325501,0.42446804,0.56848294,0.7047368,-0.49836668,-0.5031394,0.70603216,0.75594807,-0.6509055,0.069746375
1356420325539,0.39758426,0.57550114,0.71465045,-0.52352065,-0.49736547,0.6917759,0.75356025,-0.6491735,0.103542
1356420325579,0.36760968,0.5743804,0.73140293,-0.5441593,-0.50492966,0.6700273,0.7541576,-0.64430827,0.12693745
1356420325620,0.333,0.5626507,0.75666046,-0.56158924,-0.52626795,0.63848215,0.7574487,-0.63754696,0.14073136
1356420325660,0.29064846,0.5346237,0.793537,-0.5794075,-0.561655,0.5906189,0.7614528,-0.6314438,0.1465208
1356420325701,0.23503995,0.4810595,0.84459347,-0.601746,-0.6103766,0.51511395,0.7633204,-0.6293031,0.14601266
1356420325739,0.16019309,0.3936575,0.90519166,-0.6277595,-0.6670564,0.40119067,0.7617456,-0.6325106,0.14026433
1356420325779,0.066553,0.27281734,0.9597611,-0.6492964,-0.7185256,0.24926916,0.7576179,-0.63975906,0.12931934
1356420325819,-0.03342825,0.13398015,0.9904201,-0.6575526,-0.7492385,0.07916057,0.7526667,-0.6486071,0.11314467
1356420325859,-0.117691815,0.00559023,0.9930344,-0.6529747,-0.7538393,-0.07314515,0.7481795,-0.657035,0.09237102
1356420325900,-0.16941267,-0.090411365,0.98138934,-0.6454762,-0.74231267,-0.1798118,0.74475485,-0.6639259,0.06739883
1356420325939,-0.18083894,-0.14461279,0.97282284,-0.644494,-0.72973573,-0.22828284,0.7429163,-0.66826093,0.03876269
1356420325979,-0.15569109,-0.1653063,0.9738758,-0.6503552,-0.72491443,-0.22701806,0.7435041,-0.66870993,0.0053548366
1356420326019,-0.10604066,-0.17346129,0.9791152,-0.6557621,-0.7279964,-0.19999345,0.74748343,-0.6632741,-0.03655219
1356420326059,-0.05118376,-0.19826636,0.97881085,-0.65357864,-0.7344169,-0.18293914,0.75512594,-0.6490934,-0.09199239
1356420326100,-0.005788207,-0.25575906,0.96672326,-0.6448882,-0.73789316,-0.19908035,0.764255,-0.62458074,-0.16066498
1356420326139,0.02853012,-0.33147496,0.9430326,-0.63666517,-0.73333055,-0.23850349,0.7706125,-0.59359145,-0.23196062
1356420326179,0.06359732,-0.384176,0.9210669,-0.63254166,-0.72938627,-0.2605508,0.7719109,-0.56604284,-0.28939432
1356420326219,0.109395325,-0.38278115,0.91733927,-0.6279957,-0.7419767,-0.23471674,0.7704895,-0.55040824,-0.3215537
1356420326260,0.16362697,-0.32402703,0.93179005,-0.61627877,-0.7711175,-0.159932,0.77034193,-0.54807323,-0.32586658
1356420326320,0.21595371,-0.22225007,0.95077276,-0.5963975,-0.80101734,-0.05178094,0.7730938,-0.5558562,-0.30553204
1356420326338,0.25735962,-0.09698123,0.96143675,-0.574056,-0.81569844,0.07138422,0.77731955,-0.57028997,-0.2656005
1356420326379,0.28368545,0.03228429,0.9583737,-0.55715454,-0.8078753,0.19213621,0.78044945,-0.58846855,-0.21119511
1356420326420,0.29432482,0.1472491,0.9442937,-0.55144227,-0.7808259,0.29363644,0.78056663,-0.60714793,-0.14861706
1356420326459,0.29284495,0.24063395,0.9253849,-0.5571304,-0.7436047,0.36967254,0.77707624,-0.6238168,-0.083696395
1356420326499,0.28136754,0.30907297,0.90846366,-0.5718332,-0.70625496,0.41738558,0.77060956,-0.63692844,-0.021979064
1356420326538,0.26008338,0.3517506,0.8992375,-0.5918179,-0.6777881,0.4362967,0.7629602,-0.6456584,0.0318909
1356420326579,0.22806239,0.369914,0.9006393,-0.6131566,-0.6639827,0.42797875,0.7563243,-0.6498388,0.07538578
1356420326619,0.18025827,0.3599393,0.91539645,-0.6337123,-0.66925836,0.3879459,0.7522737,-0.65002847,0.10745859
1356420326659,0.11027163,0.31517756,0.9426045,-0.6508659,-0.69384557,0.30814263,0.7511416,-0.6474885,0.12862685
1356420326699,0.009605348,0.22349554,0.97465754,-0.6595684,-0.73118764,0.17416637,0.7515831,-0.6445263,0.14038742
1356420326739,-0.12263286,0.07893869,0.98930776,-0.6484995,-0.76096094,-0.0196684,0.75127196,-0.6439776,0.14451051
1356420326779,-0.26138037,-0.09304765,0.9607406,-0.6083729,-0.7568678,-0.2388173,0.7493749,-0.64691067,0.1412226
1356420326822,-0.3699808,-0.24423543,0.89636105,-0.5522287,-0.71806276,-0.42359087,0.74709946,-0.6517168,0.13079563
1356420326860,-0.43222564,-0.3462181,0.83265483,-0.50712734,-0.6701895,-0.5419114,0.745656,-0.65649,0.11409634
1356420326900,-0.45161545,-0.39767087,0.7986873,-0.49057025,-0.63703936,-0.59457695,0.7452411,-0.6603323,0.09261125
1356420326938,-0.4333763,-0.4047972,0.8051859,-0.50633556,-0.6297346,-0.5891169,0.7455262,-0.6630035,0.06794879
1356420326979,-0.37944794,-0.37516537,0.84573656,-0.546493,-0.64671904,-0.5320714,0.7465686,-0.66408247,0.04037088
1356420327019,-0.28864855,-0.3148963,0.9041695,-0.5964694,-0.67957056,-0.4270928,0.74893683,-0.6625891,0.008331001
1356420327063,-0.17581326,-0.2511569,0.9518455,-0.6332723,-0.71142834,-0.30469,0.7536949,-0.6563459,-0.03397216
1356420327100,-0.05744517,-0.2049092,0.9770938,-0.6469171,-0.7377956,-0.19275877,0.7603935,-0.6431718,-0.09017648
1356420327138,0.04512781,-0.19628073,0.97950876,-0.64048576,-0.75815076,-0.122415125,0.76664305,-0.6218371,-0.15992871
1356420327178,0.13837951,-0.1943567,0.9711213,-0.6249831,-0.7777915,-0.06660771,0.7682755,-0.5977172,-0.22910006
1356420327219,0.22407496,-0.16808428,0.9599678,-0.6039639,-0.7970104,0.0014253259,0.76486474,-0.58010525,-0.2801069
1356420327259,0.2970395,-0.10775018,0.94876623,-0.5775695,-0.8115124,0.08866288,0.7603822,-0.57431483,-0.30328447
1356420327319,0.34966892,-0.02422452,0.93656015,-0.5500029,-0.81457907,0.18427658,0.7584382,-0.5795465,-0.29815653
1356420327340,0.3788978,0.067237735,0.9229927,-0.52899444,-0.8026176,0.27562624,0.7593427,-0.5926922,-0.26854163
1356420327380,0.38632607,0.15368298,0.90946895,-0.52132213,-0.77703834,0.352753,0.7609044,-0.610404,-0.22007182
1356420327420,0.3761651,0.2258725,0.89859974,-0.5288316,-0.7440121,0.40839085,0.76081336,-0.6288303,-0.16042286
1356420327459,0.3538106,0.28397012,0.8911672,-0.5477185,-0.7094349,0.44351608,0.7581704,-0.6450295,-0.09546992
1356420327530,0.32232237,0.3258527,0.8887791,-0.57326776,-0.6799557,0.45719174,0.75330764,-0.65687156,-0.0323641
1356420327535,0.28464955,0.3493133,0.89272326,-0.60037184,-0.6610394,0.4500895,0.74734753,-0.66408366,0.021553276
1356420327565,0.24757636,0.3661269,0.8970268,-0.6226908,-0.6491821,0.4368281,0.7422682,-0.66671866,0.067261696
1356420327609,0.20412141,0.36833078,0.90700984,-0.6410852,-0.64990985,0.4081996,0.73982716,-0.66479295,0.10347089
1356420327648,0.15484017,0.3559565,0.9215853,-0.6533937,-0.6627852,0.3657766,0.74101365,-0.65879494,0.12995395
1356420327689,0.10085064,0.32854325,0.9390892,-0.6587784,-0.685277,0.31049374,0.7455468,-0.64996517,0.14732662
1356420327729,0.04175967,0.2835282,0.9580542,-0.6594431,-0.7125442,0.23961532,0.75059366,-0.6417885,0.15721515
1356420327769,-0.02070421,0.2220328,0.97481936,-0.6583283,-0.7368412,0.15384671,0.7524461,-0.6385659,0.16142625
1356420327809,-0.08227849,0.15076235,0.9851401,-0.6569226,-0.75155497,0.0601494,0.7494552,-0.6422117,0.160876
1356420327848,-0.13649625,0.08036336,0.98737556,-0.6553323,-0.7547775,-0.02916208,0.7429053,-0.6510397,0.155689
1356420327889,-0.1773938,0.019572437,0.9839453,-0.65456456,-0.7489413,-0.10311252,0.7348991,-0.66234726,0.14566895
1356420327929,-0.20049924,-0.025690466,0.97935694,-0.65638256,-0.73859465,-0.15375292,0.7272977,-0.67366016,0.13122483
1356420327969,-0.20397794,-0.054072976,0.977481,-0.66193897,-0.728017,-0.17840451,0.7212696,-0.68342334,0.11270639
1356420328010,-0.1874038,-0.0667938,0.9800093,-0.6705729,-0.72033817,-0.17732695,0.7177825,-0.6903994,0.09020406
1356420328048,-0.15227652,-0.06903389,0.985924,-0.6793729,-0.7172039,-0.15514779,0.7178191,-0.6934355,0.062313616
1356420328089,-0.102400005,-0.07261345,0.99208945,-0.68347406,-0.7195019,-0.12320793,0.7227568,-0.69068396,0.024047583
1356420328129,-0.040486872,-0.08850196,0.99525285,-0.67884064,-0.7284498,-0.09239194,0.7331686,-0.6793587,-0.030586049
1356420328169,0.02889061,-0.12490749,0.99174774,-0.66395307,-0.7440668,-0.07437122,0.747216,-0.6563253,-0.104429305
