1356420914890,-0.17883751,0.04471928,-0.9828618,0.9709417,0.16948667,-0.16895708,0.15902632,-0.98451734,-0.07373035
1356420914928,-0.075544626,0.062268317,-0.9951963,0.9843822,0.16381326,-0.064474136,0.15901166,-0.98452425,-0.07367104
1356420914970,-0.07527876,0.061968207,-0.9952352,0.9844246,0.16363782,-0.064272135,0.15887532,-0.9845723,-0.07332152
1356420915008,-0.07494122,0.061127782,-0.9953126,0.9845439,0.16297787,-0.06412104,0.15829441,-0.9847343,-0.072396755
1356420915047,-0.07525271,0.05973023,-0.99537396,0.9847527,0.16145629,-0.06476107,0.15684125,-0.9850707,-0.07096958
1356420915089,-0.07683042,0.058072656,-0.9953515,0.98505616,0.15876284,-0.06677291,0.15414709,-0.9856074,-0.069402635
1356420915128,-0.0800488,0.056543797,-0.99518585,0.98539793,0.15500641,-0.07045451,0.1502764,-0.98629403,-0.0681262
1356420915167,-0.08461118,0.055345327,-0.9948758,0.9856808,0.15080535,-0.07543981,0.14585733,-0.987013,-0.0673126
1356420915207,-0.08967185,0.054593325,-0.994474,0.985891,0.14656705,-0.08085191,0.14134318,-0.9876931,-0.066966
1356420915249,-0.09472996,0.054506928,-0.9940096,0.9860356,0.14251709,-0.08615506,0.13696727,-0.9882903,-0.06724638
1356420915289,-0.099811554,0.055560917,-0.9934539,0.98613095,0.13858366,-0.09132522,0.1326024,-0.9887909,-0.06862259
1356420915327,-0.104729176,0.05772057,-0.9928243,0.98618424,0.13486534,-0.09618792,0.12834558,-0.9891813,-0.071047485
1356420915369,-0.10951516,0.060699314,-0.99213004,0.98618937,0.131399,-0.1008203,0.12424517,-0.9894695,-0.074251235
1356420915408,-0.11374369,0.063868284,-0.99145514,0.986163,0.12839684,-0.10486537,0.12060219,-0.98966414,-0.077588916
1356420915447,-0.1169233,0.06674269,-0.9908957,0.9861398,0.12606451,-0.10787091,0.11771721,-0.9897742,-0.080557525
1356420915489,-0.11869705,0.06926313,-0.9905118,0.98616934,0.124439895,-0.10947505,0.11567661,-0.9898068,-0.08307582
1356420915528,-0.11865291,0.071689665,-0.99034446,0.9863313,0.123356074,-0.1092425,0.11433345,-0.98976964,-0.08534628
1356420915567,-0.11736706,0.07444137,-0.9902946,0.9865771,0.122745246,-0.1076996,0.113536686,-0.9896424,-0.087848425
1356420915607,-0.114935994,0.07768282,-0.9903308,0.98690844,0.12247884,-0.104931444,0.113143206,-0.98942626,-0.090743065
1356420915648,-0.111736685,0.08114526,-0.9904193,0.9872838,0.12247059,-0.10134885,0.11307329,-0.98914933,-0.09379792
1356420915687,-0.10826531,0.08448246,-0.9905258,0.9876443,0.12270054,-0.097485185,0.11330229,-0.9888414,-0.09672284
1356420915728,-0.10500762,0.08746451,-0.99061763,0.9879343,0.12320259,-0.09384525,0.11383852,-0.98851967,-0.0993464
1356420915768,-0.102110624,0.089953184,-0.9906976,0.9881427,0.12396395,-0.09059167,0.11466178,-0.988201,-0.10154462
1356420915814,-0.099470496,0.09205791,-0.99077296,0.9882909,0.124919355,-0.08761439,0.11570111,-0.9878869,-0.10340577
1356420915849,-0.09649268,0.09419754,-0.9908663,0.98845446,0.12591055,-0.084288,0.11682078,-0.9875593,-0.10525936
1356420915889,-0.09156129,0.09684688,-0.99107885,0.98880476,0.12659916,-0.07898006,0.11782077,-0.9872149,-0.107354224
1356420915919,-0.08204815,0.10010061,-0.9915886,0.9895531,0.12652597,-0.069106966,0.1185441,-0.98689973,-0.109436095
1356420915959,-0.06959501,0.104044855,-0.9921347,0.990488,0.12554833,-0.056313306,0.118701726,-0.9866166,-0.11179268
1356420915989,-0.046296388,0.109185606,-0.9929427,0.9918909,0.12280193,-0.03274378,0.11836007,-0.9864067,-0.11398548
1356420916029,-0.01873514,0.11469853,-0.99322367,0.99298406,0.11813912,-0.005087763,0.11675501,-0.98635054,-0.116107166
1356420916070,0.021657586,0.12092823,-0.99242496,0.9932814,0.11026847,0.03511268,0.11367932,-0.9865177,-0.11772764
1356420916109,0.07198426,0.12642172,-0.9893613,0.99142075,0.09943417,0.08483991,0.10910189,-0.98698044,-0.11817938
1356420916149,0.12864652,0.1295717,-0.9831893,0.98630965,0.08642194,0.14044407,0.10316664,-0.9877968,-0.11667985
1356420916179,0.18612131,0.13037467,-0.97383845,0.9777255,0.07328996,0.19667608,0.09701416,-0.9887523,-0.11382985
1356420916209,0.23768982,0.12812376,-0.962854,0.9671217,0.061077923,0.24687085,0.0904392,-0.9898757,-0.109393716
1356420916249,0.2854773,0.121290326,-0.9506794,0.9548646,0.048953384,0.29297972,0.08207455,-0.9914092,-0.101840764
1356420916289,0.32992956,0.11121556,-0.9374314,0.94121146,0.037591547,0.33571976,0.07257682,-0.9930851,-0.092274815
1356420916329,0.3689056,0.099256456,-0.92415196,0.92734414,0.027854323,0.37317154,0.062781334,-0.99467194,-0.08176929
1356420916369,0.40135998,0.08688122,-0.91179043,0.9143513,0.020239294,0.40441582,0.05359012,-0.99601305,-0.07131669
1356420916399,0.42661,0.07596925,-0.90123945,0.90326834,0.014823809,0.42881992,0.045936942,-0.997,-0.06229663
1356420916439,0.44591445,0.06693554,-0.8925693,0.8941825,0.011222109,0.44756192,0.039974302,-0.9976942,-0.054848492
1356420916469,0.45993698,0.06037715,-0.88589644,0.8872299,0.008967146,0.46124038,0.03579232,-0.9981353,-0.04944408
1356420916509,0.46867004,0.057908803,-0.8814732,0.8826996,0.008264869,0.46986508,0.03449458,-0.9982877,-0.04724258
1356420916539,0.47499514,0.058246583,-0.8780587,0.8792863,0.008437261,0.47621885,0.035146534,-0.9982666,-0.047207743
1356420916579,0.47751194,0.06330481,-0.87634176,0.87775755,0.0099451095,0.47900188,0.03903848,-0.9979447,-0.05081737
1356420916609,0.4819296,0.06985816,-0.8734207,0.8751271,0.011166096,0.4837643,0.0435476,-0.99749446,-0.0557535
1356420916639,0.48713028,0.077363044,-0.86989594,0.8720211,0.011411846,0.48933527,0.047783583,-0.99693763,-0.06190315
1356420916679,0.49310058,0.08694896,-0.8656163,0.8684529,0.009582818,0.49567896,0.051393747,-0.99616665,-0.07078576
1356420916719,0.50461435,0.09833473,-0.85772645,0.8615512,0.006651148,0.50762707,0.05562225,-0.9951312,-0.081364155
1356420916759,0.5197617,0.11212498,-0.8469214,0.85194844,0.005652651,0.52359515,0.06349546,-0.99367803,-0.09258667
1356420916814,0.53846586,0.12635675,-0.83311975,0.83937657,0.006595865,0.5435102,0.074171335,-0.9919629,-0.10250926
1356420916829,0.55261314,0.14369345,-0.8209573,0.8283263,0.014235467,0.56006503,0.09216437,-0.98951983,-0.11115834
1356420916869,0.56751114,0.16072652,-0.8075259,0.8154396,0.02604188,0.578256,0.11397055,-0.98665535,-0.116283715
1356420916909,0.58288497,0.17341459,-0.79383403,0.8011754,0.04027188,0.59707296,0.13551033,-0.9840251,-0.11546165
1356420916939,0.595984,0.18082443,-0.7823718,0.7882353,0.054215513,0.6129811,0.15325868,-0.98202,-0.11022064
1356420916969,0.6070947,0.1821912,-0.77346134,0.7768345,0.068761624,0.6259393,0.1672251,-0.9808559,-0.09978759
1356420916999,0.6156366,0.17743197,-0.7677952,0.7677082,0.08480075,0.6351637,0.17780799,-0.98047274,-0.08400956
1356420917039,0.6252959,0.16271913,-0.763235,0.75813925,0.105204135,0.6435503,0.18501341,-0.98104775,-0.057580024
1356420917069,0.6234444,0.14255679,-0.76876175,0.75846505,0.12849265,0.63892126,0.18986282,-0.98141086,-0.028016329
1356420917097,0.620261,0.117358744,-0.7755664,0.7604056,0.1526975,0.6312423,0.19250888,-0.98127997,0.005472034
1356420917137,0.62318856,0.08113092,-0.77785194,0.75819415,0.181216,0.6263404,0.19177476,-0.980091,0.05141875
1356420917178,0.6238433,0.03204301,-0.78089225,0.7588297,0.2143288,0.61501265,0.18707454,-0.97623587,0.10939242
1356420917217,0.6301205,-0.027303278,-0.7760172,0.7559833,0.24977058,0.6050653,0.17730603,-0.9679201,0.17802638
1356420917258,0.64550954,-0.09109306,-0.75830036,0.74631625,0.2861718,0.60093063,0.16226351,-0.9538384,0.25271088
1356420917297,0.66582185,-0.15082803,-0.73070663,0.73199725,0.32163805,0.6006073,0.14443469,-0.9347726,0.32455933
1356420917357,0.6813622,-0.1989449,-0.7043909,0.72054636,0.3514976,0.59771425,0.12867948,-0.9148062,0.38284624
1356420917379,0.68341345,-0.23231047,-0.69208235,0.72022516,0.36941892,0.58720136,0.119255304,-0.89975643,0.41978168
1356420917418,0.66840506,-0.2516191,-0.6999446,0.73458177,0.37098938,0.56811666,0.11672309,-0.8938986,0.43280596
1356420917455,0.6371373,-0.25861067,-0.7260693,0.761666,0.35546643,0.54176426,0.117987216,-0.8982005,0.4234559
1356420917498,0.5895153,-0.2534624,-0.76696056,0.7988031,0.32391483,0.50694454,0.11993849,-0.9115021,0.39341933
1356420917537,0.52765304,-0.23603514,-0.8160084,0.8407805,0.28208983,0.46207523,0.121121705,-0.92989933,0.34729928
1356420917577,0.45267633,-0.20617586,-0.86751115,0.8834241,0.23574564,0.40495172,0.121020705,-0.94969237,0.28885716
1356420917617,0.36984885,-0.1653068,-0.9142677,0.92145026,0.19121361,0.33818147,0.11891669,-0.9675282,0.22304216
1356420917657,0.2863809,-0.116791904,-0.9509709,0.95126337,0.15315449,0.26765957,0.11438501,-0.9812764,0.15496042
1356420917698,0.21096891,-0.0652315,-0.9753138,0.97150224,0.124287486,0.20183176,0.108053535,-0.9900997,0.08959332
1356420917738,0.15313044,-0.015605986,-0.9880827,0.98299396,0.1049625,0.15068397,0.10136002,-0.99435365,0.031413555
1356420917813,0.115875095,0.029292881,-0.9928318,0.9886778,0.09254053,0.1181207,0.0953373,-0.995278,-0.018238097
1356420917819,0.1109035,0.06711838,-0.9915621,0.9896823,0.08361125,0.11635283,0.09071514,-0.9942355,-0.057153106
1356420917845,0.1248489,0.09731531,-0.98739177,0.98832405,0.07540655,0.13239866,0.087340176,-0.99239284,-0.08676463
1356420917877,0.15289119,0.11990878,-0.9809415,0.98457587,0.066949874,0.16164148,0.085056126,-0.9905249,-0.10782325
1356420917918,0.20184097,0.13392264,-0.970219,0.9758689,0.056760043,0.21085119,0.083307415,-0.989365,-0.11923441
1356420917958,0.27750632,0.14068356,-0.9503675,0.9573387,0.042475253,0.2858295,0.080578625,-0.989143,-0.122894704
1356420917998,0.36782652,0.14156863,-0.919055,0.9267354,0.025590405,0.3748423,0.076584935,-0.9895977,-0.12178382
1356420918038,0.4584942,0.13898927,-0.87776136,0.885647,0.010303736,0.46424478,0.07356927,-0.9902403,-0.11837125
1356420918077,0.5379221,0.13539985,-0.8320497,0.83971834,8.702725E-4,0.5430215,0.07424918,-0.99079067,-0.11322963
1356420918118,0.5996481,0.13200635,-0.7893012,0.7963562,-0.0010825396,0.6048269,0.078986526,-0.99124825,-0.10577318
1356420918158,0.6412581,0.1286706,-0.75646013,0.76244843,0.004123211,0.64703584,0.08637357,-0.99167883,-0.09546065
1356420918197,0.66172403,0.12440285,-0.7393546,0.74368966,0.016194642,0.66832876,0.09511554,-0.9920995,-0.081800714
1356420918237,0.65958357,0.11748448,-0.74239266,0.7443366,0.035176605,0.6668775,0.10446262,-0.99245155,-0.0642461
1356420918278,0.63279814,0.10508895,-0.7671524,0.76590276,0.06071037,0.64008385,0.113839895,-0.992608,-0.042070523
1356420918318,0.5798607,0.08297172,-0.81047964,0.8054538,0.09119272,0.5856006,0.122498155,-0.9923707,-0.013950825
1356420918357,0.50423133,0.046266913,-0.86232835,0.8538175,0.122927874,0.5058502,0.12940836,-0.9913366,0.022480577
1356420918398,0.41927806,-0.007927597,-0.90782326,0.898,0.15058139,0.41342625,0.13342386,-0.9885658,0.070254445
1356420918439,0.34683415,-0.07794085,-0.9346825,0.9283663,0.17045012,0.33027694,0.1335747,-0.98227894,0.1314756
1356420918478,0.29896003,-0.15691727,-0.94127566,0.9453948,0.18288672,0.2697798,0.12981373,-0.9705305,0.20302457
1356420918518,0.2667673,-0.2345398,-0.9347867,0.95575315,0.18915501,0.22529128,0.12397978,-0.9535258,0.2746226
1356420918558,0.22138005,-0.30049458,-0.92773587,0.9678314,0.1843329,0.17124218,0.11955482,-0.93580145,0.33163574
1356420918598,0.14309359,-0.34755793,-0.9266756,0.98258924,0.1619969,0.090969175,0.1185016,-0.9235586,0.36468738
1356420918638,0.026565611,-0.37116802,-0.9281857,0.99245274,0.12098956,-0.019977003,0.1197156,-0.92064965,0.3715809
1356420918678,-0.11814511,-0.36888552,-0.9219356,0.98559463,0.069586456,-0.15414599,0.12101644,-0.9268664,0.3553503
1356420918718,-0.27202553,-0.34252903,-0.8992642,0.95459723,0.021873772,-0.2970954,0.12143412,-0.9392526,0.321027
1356420918758,-0.41448486,-0.29949206,-0.85936403,0.90200025,-0.009829164,-0.43162343,0.12082091,-0.95404804,0.27421606
1356420918810,-0.5546997,-0.2393086,-0.7968938,0.82366383,-0.022289157,-0.56664026,0.11783981,-0.97068775,0.20947355
1356420918849,-0.64900464,-0.18526417,-0.7378824,0.75233614,-0.012147129,-0.65866756,0.11306441,-0.9826138,0.14726436
1356420918889,-0.7200375,-0.13866898,-0.6799388,0.6857178,0.008161187,-0.7278217,0.10647538,-0.99030507,0.08921152
1356420918929,-0.77073234,-0.100871235,-0.62912387,0.6293875,0.033217967,-0.7763814,0.099212766,-0.99434483,0.03788483
1356420918969,-0.80572045,-0.07148114,-0.58796674,0.58505297,0.058719933,-0.80886644,0.09234403,-0.995712,-0.0054915547
1356420919007,-0.828573,-0.049259663,-0.5577098,0.5531503,0.08196986,-0.82903904,0.08655359,-0.9954167,-0.040670037
1356420919048,-0.8417901,-0.03282836,-0.5388057,0.53350604,0.1014424,-0.83969086,0.082223386,-0.9942996,-0.06787902
1356420919088,-0.8465101,-0.020897746,-0.53196234,0.52643406,0.115974605,-0.842269,0.07929565,-0.9930323,-0.08717239
1356420919128,-0.84445417,-0.011956662,-0.5354944,0.53009236,0.1247049,-0.8387197,0.07680707,-0.9921218,-0.09896952
1356420919168,-0.8378858,-0.004483849,-0.5458271,0.54084253,0.12825817,-0.8312877,0.07373415,-0.99173063,-0.10504067
1356420919208,-0.82715267,0.0017211139,-0.56197464,0.55744195,0.12930161,-0.8200851,0.07125276,-0.9916038,-0.10791159
1356420919248,-0.80850613,0.0055170655,-0.58846194,0.58401185,0.13061714,-0.8011675,0.07244313,-0.9914175,-0.10882676
1356420919287,-0.77817285,0.006159842,-0.62802,0.62308365,0.1330775,-0.77075106,0.07882762,-0.99108654,-0.10739541
1356420919328,-0.73694515,0.003502667,-0.6759436,0.6699984,0.13622093,-0.72975755,0.08952156,-0.99067235,-0.10273421
1356420919368,-0.6934618,-0.0029559731,-0.72048736,0.7132093,0.13901925,-0.68702704,0.10219243,-0.9902852,-0.094296336
1356420919408,-0.65718573,-0.014521301,-0.75358874,0.74487984,0.14024055,-0.6522933,0.115155816,-0.990011,-0.081347406
1356420919448,-0.6356158,-0.032438487,-0.7713237,0.7614261,0.13849676,-0.6332843,0.12736863,-0.9898315,-0.06333125
1356420919488,-0.63009506,-0.056980908,-0.77442455,0.76412445,0.13197136,-0.63142484,0.13818106,-0.9896144,-0.03961402
1356420919528,-0.63471866,-0.08762032,-0.7677597,0.7586354,0.118329465,-0.6406797,0.14698514,-0.98910105,-0.008634031
1356420919568,-0.6399154,-0.124022454,-0.7583711,0.7530674,0.09523451,-0.65101457,0.15296355,-0.9876988,0.032455146
1356420919608,-0.6384119,-0.16648373,-0.75147426,0.7539184,0.061404645,-0.65409213,0.1550397,-0.98413044,0.086313665
1356420919648,-0.62676644,-0.21506444,-0.74894,0.7641878,0.01814872,-0.64473844,0.15225264,-0.97643125,0.15297455
1356420919688,-0.6091546,-0.26693612,-0.74677694,0.77961355,-0.028950453,-0.6255914,0.1453734,-0.96327925,0.22574234
1356420919728,-0.59645414,-0.31456903,-0.7384367,0.79070544,-0.07217306,-0.6079276,0.13794002,-0.9464869,0.29177934
1356420919768,-0.60009867,-0.3485834,-0.71998,0.7886382,-0.107144296,-0.60545015,0.13390815,-0.9311335,0.33920336
1356420919813,-0.6231936,-0.36329705,-0.69256413,0.77050656,-0.13351148,-0.62329316,0.1339753,-0.9220575,0.36312622
1356420919849,-0.66186816,-0.35753936,-0.65885967,0.737238,-0.15138018,-0.65845585,0.13568556,-0.9215474,0.36378533
1356420919889,-0.7072389,-0.33482218,-0.6226613,0.6937306,-0.15899426,-0.7024661,0.13620166,-0.9287706,0.3447234
1356420919929,-0.7505885,-0.30136085,-0.5880464,0.64692616,-0.15393889,-0.74685293,0.13454904,-0.94100183,0.31050307
1356420919969,-0.78625935,-0.26345378,-0.5589173,0.6038288,-0.13568729,-0.7854806,0.1310999,-0.9550817,0.26576626
1356420920009,-0.8128036,-0.22489998,-0.53737336,0.5687039,-0.10650724,-0.8156175,0.12619817,-0.96854323,0.21447104
1356420920049,-0.83059114,-0.18749769,-0.5243692,0.54381293,-0.070284724,-0.83625805,0.119941354,-0.9797473,0.16034144
1356420920089,-0.8399956,-0.15236272,-0.5207618,0.53075093,-0.031303585,-0.8469495,0.11274181,-0.9878288,0.10716158
1356420920129,-0.84083533,-0.12043995,-0.5277215,0.53091836,0.006438434,-0.84739846,0.105458334,-0.9926997,0.05853015
1356420920169,-0.83301413,-0.09185356,-0.54557353,0.54436404,0.039967954,-0.8378964,0.09876923,-0.99497014,0.016707838
1356420920228,-0.8156137,-0.06612638,-0.5748058,0.5710839,0.067570925,-0.81810594,0.09293854,-0.9955207,-0.01734811
1356420920248,-0.78784066,-0.04251489,-0.6144098,0.6095551,0.08876771,-0.78775805,0.0880312,-0.99514455,-0.04401958
1356420920288,-0.7478052,-0.020581812,-0.66359913,0.65855753,0.103764236,-0.74534214,0.084198385,-0.99438894,-0.06404114
1356420920325,-0.69221234,4.389882E-5,-0.72169393,0.7170992,0.112703204,-0.6877985,0.08130705,-0.99362874,-0.07804608
1356420920368,-0.61899006,0.0199489,-0.78514546,0.78147775,0.11541164,-0.6131661,0.07838291,-0.99311745,-0.087028265
1356420920408,-0.5273193,0.03983715,-0.8487327,0.8463769,0.11245084,-0.5205775,0.07470235,-0.99285835,-0.09301472
1356420920448,-0.4181851,0.059328288,-0.90642226,0.9055083,0.10625881,-0.41080856,0.07194275,-0.99256694,-0.09815806
1356420920488,-0.29410172,0.0771462,-0.95265555,0.9529396,0.10037553,-0.28606102,0.07355484,-0.9919542,-0.103036284
1356420920528,-0.16221145,0.0922232,-0.98243695,0.98338854,0.09729257,-0.1532355,0.08145195,-0.9909738,-0.10647327
1356420920568,-0.03394121,0.10404688,-0.9939931,0.99493724,0.097651124,-0.023751765,0.09459323,-0.98976696,-0.10683447
1356420920608,0.08057344,0.111775726,-0.9904615,0.9906014,0.101210296,0.092006624,0.110529006,-0.988566,-0.102570355
1356420920648,0.17614013,0.11389166,-0.97775424,0.97614175,0.107913375,0.18841979,0.12697229,-0.987615,-0.0921666
1356420920688,0.2512107,0.10890889,-0.9617859,0.95739615,0.11825496,0.26345488,0.14242855,-0.9869927,-0.07456204
1356420920728,0.30675802,0.09583902,-0.9469501,0.93891287,0.132619,0.31757656,0.1560198,-0.9865228,-0.049302578
1356420920768,0.34668756,0.073675185,-0.9350827,0.9229883,0.1507323,0.35407963,0.16703403,-0.9858254,-0.015744328
1356420920813,0.37738562,0.041089833,-0.9251442,0.90944165,0.17194451,0.3786171,0.17463079,-0.9842493,0.027520567
1356420920849,0.4065199,-0.0032712817,-0.9136361,0.89618886,0.19595306,0.39805514,0.17772761,-0.9806078,0.08259052
1356420920889,0.4381076,-0.058602452,-0.8970103,0.881672,0.22256534,0.41607586,0.17526034,-0.9731549,0.1491757
1356420920930,0.47199303,-0.12048268,-0.8733307,0.8656344,0.2510224,0.43320304,0.16703212,-0.9604539,0.22277474
1356420920969,0.50170285,-0.18043962,-0.84601176,0.85094476,0.27877748,0.4451698,0.15552273,-0.9432522,0.29340762
1356420921009,0.5185392,-0.22870037,-0.8239013,0.842512,0.30108926,0.44667524,0.1459131,-0.92576534,0.34880936
1356420921049,0.5181651,-0.2588842,-0.81515884,0.8433057,0.3135765,0.43646902,0.1426197,-0.9135911,0.38080293
1356420921089,0.5027218,-0.26942652,-0.8213892,0.8520679,0.3146785,0.4182797,0.14577794,-0.9101576,0.38776535
1356420921129,0.4778789,-0.26140285,-0.8386301,0.86520076,0.30510536,0.39791775,0.15185374,-0.9157398,0.37196928
1356420921169,0.4500872,-0.23695475,-0.8609727,0.87907976,0.287054,0.3805506,0.15697235,-0.9281446,0.33750147
1356420921209,0.42492098,-0.19885504,-0.8831188,0.8911387,0.2633577,0.36947858,0.15910345,-0.9439806,0.28911364
1356420921249,0.4068652,-0.15063539,-0.9009826,0.89978087,0.2363089,0.36681402,0.157655,-0.9599308,0.23168471
1356420921289,0.39948133,-0.09678659,-0.91161776,0.9039508,0.20711914,0.37413174,0.15260252,-0.9735163,0.17023054
1356420921329,0.40412077,-0.041673273,-0.9137559,0.9032829,0.1755614,0.39148223,0.14410594,-0.9835861,0.10859072
1356420921369,0.4235595,0.009994775,-0.90581316,0.8960444,0.1422426,0.42056108,0.1330486,-0.9897814,0.05129242
1356420921409,0.45728528,0.054219514,-0.88766575,0.881143,0.107421204,0.4604864,0.12032151,-0.9927341,0.0013469756
1356420921449,0.5038034,0.0886721,-0.8592552,0.85718143,0.07175115,0.50999194,0.106874615,-0.99347323,-0.039859593
1356420921489,0.55977905,0.11265883,-0.8209479,0.8232727,0.036985353,0.5664398,0.094177455,-0.99294513,-0.07204527
1356420921529,0.6206771,0.12684956,-0.7737371,0.77954626,0.005971983,0.62631613,0.084068626,-0.99190396,-0.09517841
1356420921559,0.6808829,0.13344416,-0.7201327,0.7283499,-0.02020932,0.68490726,0.07684347,-0.99085027,-0.11095421
1356420921599,0.73361045,0.13291842,-0.66644466,0.67575735,-0.03894335,0.7360948,0.07188699,-0.99036163,-0.118389845
1356420921639,0.78440833,0.12686935,-0.6071307,0.61662483,-0.05391091,0.7854091,0.06691337,-0.99045324,-0.12051897
1356420921679,0.829389,0.118595645,-0.5459386,0.55519646,-0.066143274,0.82908493,0.06221567,-0.99073714,-0.120702386
1356420921718,0.86567867,0.112278715,-0.48784623,0.49689907,-0.074444175,0.8646094,0.06075993,-0.99088424,-0.12023593
1356420921758,0.8930136,0.11037007,-0.43628576,0.44536182,-0.077470034,0.8919929,0.06465027,-0.9908668,-0.1183364
1356420921816,0.9131973,0.11204852,-0.391811,0.400972,-0.075421095,0.9129803,0.072747305,-0.9908364,-0.113802664
1356420921839,0.92760396,0.115412824,-0.3552897,0.3642273,-0.068099946,0.92881685,0.083002165,-0.99098045,-0.10520628
1356420921879,0.93736666,0.11861775,-0.32752645,0.33556357,-0.055128634,0.94040304,0.0934924,-0.9914084,-0.09147954
1356420921919,0.9429649,0.120639056,-0.31026345,0.31643614,-0.03542179,0.94795233,0.10336999,-0.9920643,-0.07157606
1356420921959,0.94455004,0.12046801,-0.30547106,0.3086188,-0.007938355,0.9511527,0.11215854,-0.99268544,-0.044676874
1356420921999,0.9423146,0.11601041,-0.31398207,0.31279212,0.028801113,0.94938487,0.11918158,-0.99283034,-0.009147432
1356420922039,0.9367914,0.10383916,-0.33412454,0.32742265,0.076500475,0.94177604,0.12335393,-0.9916477,0.037665695
1356420922085,0.9297725,0.07962896,-0.35941947,0.34693545,0.13699692,0.9278295,0.123121485,-0.9873657,0.09974986
1356420922118,0.92155087,0.04352644,-0.38581008,0.3697773,0.20452872,0.9063293,0.11835854,-0.9778924,0.17238852
1356420922159,0.9139207,4.5239925E-4,-0.4058926,0.3905521,0.27134612,0.8796819,0.11053534,-0.9624817,0.24781215
1356420922198,0.90242183,-0.041478336,-0.4288524,0.41807467,0.32491934,0.8483166,0.10415569,-0.9448318,0.31055534
1356420922238,0.88282704,-0.07646774,-0.46343186,0.45837766,0.3555765,0.81452763,0.10250035,-0.9315138,0.34896365
1356420922278,0.85243654,-0.102511525,-0.51268256,0.5122023,0.36045486,0.7795647,0.104884535,-0.9271266,0.35977152
1356420922318,0.80991024,-0.11861266,-0.5744358,0.5764057,0.34233123,0.74200124,0.10863651,-0.93206245,0.3456266
1356420922358,0.7551813,-0.12359005,-0.6437598,0.64591277,0.30777955,0.69861895,0.11179376,-0.9433966,0.31225777
1356420922397,0.690382,-0.1166271,-0.71398246,0.7144763,0.26483864,0.64759886,0.113562614,-0.9572141,0.26616707
1356420922438,0.6191264,-0.09785724,-0.7791704,0.77704453,0.21975769,0.5898375,0.11350879,-0.97063404,0.21209724
1356420922478,0.54927516,-0.06939781,-0.83275485,0.82816476,0.17821802,0.53139573,0.11153421,-0.98154074,0.15536356
1356420922518,0.48910767,-0.034957767,-0.87152255,0.86550534,0.14322771,0.47998568,0.10804695,-0.9890721,0.10030991
1356420922558,0.44663966,0.0014152229,-0.8947128,0.88867843,0.11525451,0.44380963,0.103747755,-0.993335,0.050219566
1356420922598,0.42795306,0.036272556,-0.90307283,0.8983339,0.09266402,0.42942935,0.0992589,-0.99503654,0.0070709586
1356420922638,0.4354146,0.0672265,-0.89771634,0.8952075,0.0728568,0.4396537,0.09496111,-0.9950741,-0.028458774
1356420922678,0.46834296,0.092623055,-0.87867856,0.87884855,0.053585753,0.47408217,0.09099564,-0.99425834,-0.05630514
1356420922718,0.52378875,0.11095145,-0.84459174,0.8473791,0.033563778,0.52992654,0.08714381,-0.99325895,-0.07643762
1356420922758,0.59578687,0.12101042,-0.79397386,0.79887044,0.012539789,0.60137236,0.082728624,-0.99257207,-0.089200616
1356420922813,0.6756401,0.1223222,-0.7270129,0.7332231,-0.008797854,0.67993116,0.07677451,-0.9924514,-0.095633656
1356420922849,0.75130963,0.12056887,-0.6488428,0.65593594,-0.028154291,0.7542913,0.07267633,-0.99230564,-0.10023804
1356420922889,0.80261564,0.12110084,-0.58407426,0.5919477,-0.04100877,0.8049324,0.073525816,-0.99179274,-0.10459964
1356420922928,0.83292145,0.12646514,-0.5387471,0.547474,-0.0463241,0.83553946,0.080709636,-0.99088883,-0.10782072
1356420922968,0.8483962,0.13536164,-0.51176286,0.5211607,-0.04406598,0.8523203,0.09282014,-0.98981595,-0.10793057
1356420923008,0.8538596,0.14463738,-0.5000038,0.50934637,-0.034356948,0.8598755,0.10719153,-0.9888881,-0.103006534
1356420923048,0.85157096,0.1512316,-0.50195205,0.50995207,-0.01695168,0.8600357,0.121555656,-0.98835295,-0.09155643
1356420923106,0.8415815,0.15273489,-0.5180855,0.523053,0.008831799,0.8522544,0.13474461,-0.9882277,-0.072455764
1356420923128,0.8226356,0.14663918,-0.5493338,0.54943275,0.043528914,0.83440334,0.14626813,-0.98823184,-0.04475993
1356420923168,0.79528224,0.12924163,-0.59230286,0.58589906,0.08710107,0.8056896,0.15571885,-0.98778033,-0.006452605
1356420923205,0.7625072,0.09679842,-0.63969743,0.6263051,0.13751844,0.76735306,0.16224875,-0.98575795,0.044233456
1356420923248,0.73532027,0.04802066,-0.67601633,0.6575101,0.19122866,0.7287743,0.1642699,-0.98037004,0.109040245
1356420923288,0.7222815,-0.012539506,-0.6914855,0.67275816,0.24452698,0.69828576,0.16033068,-0.9695614,0.18505338
1356420923328,0.7200575,-0.07505196,-0.6898438,0.67718047,0.29300752,0.6749616,0.15147218,-0.95315987,0.261806
1356420923368,0.7150726,-0.13076761,-0.6867103,0.68454385,0.3300752,0.64996165,0.14167207,-0.934853,0.32554388
1356420923409,0.6922487,-0.17613614,-0.6998341,0.7088817,0.34764394,0.61370224,0.13519794,-0.92093414,0.36551574
1356420923448,0.64566493,-0.21002051,-0.73417175,0.7520211,0.34182283,0.5635792,0.13259348,-0.91599596,0.37864286
1356420923488,0.57447404,-0.23086438,-0.78529054,0.80790687,0.31394452,0.4987237,0.13140011,-0.92094547,0.36686993
1356420923528,0.48045757,-0.2362605,-0.84459543,0.8674245,0.2700672,0.4178976,0.12936482,-0.9334049,0.33469397
1356420923568,0.369369,-0.2245231,-0.9017515,0.92072785,0.21978822,0.32241783,0.12580407,-0.94935894,0.28790766
1356420923608,0.24923715,-0.19638714,-0.9483211,0.9609041,0.17208973,0.21690628,0.120598674,-0.96530676,0.23160037
1356420923648,0.13326028,-0.15554059,-0.9787996,0.9845308,0.13413408,0.11272538,0.113756984,-0.97868025,0.17100933
1356420923688,0.035553694,-0.10795829,-0.9935195,0.99376,0.10898852,0.02371934,0.10572153,-0.98816323,0.11115956
1356420923728,-0.03178829,-0.059488416,-0.99772274,0.99475265,0.09523922,-0.03737223,0.097245544,-0.99367535,0.056148767
1356420923768,-0.058968514,-0.013993025,-0.9981618,0.9942874,0.08829132,-0.059977353,0.08896828,-0.9959964,0.008706689
1356420923814,-0.03867507,0.026926577,-0.99888897,0.99593645,0.082401335,-0.03633952,0.08133134,-0.9962354,-0.030004084
1356420923849,0.035230905,0.06271133,-0.99740964,0.9965627,0.07267001,0.039770067,0.07497579,-0.9953825,-0.05993557
1356420923889,0.16588238,0.092200845,-0.9818258,0.98358953,0.056167632,0.17145494,0.07095513,-0.99415505,-0.08137059
1356420923929,0.33886933,0.113212705,-0.93399704,0.9382402,0.03299302,0.34440804,0.069806784,-0.9930229,-0.09504041
1356420923969,0.51258737,0.12464017,-0.8495405,0.85569865,0.0076034814,0.5174186,0.0709506,-0.99217284,-0.10275695
1356420924009,0.65071285,0.12930337,-0.74823356,0.7557124,-0.014288992,0.65474766,0.07396957,-0.9915021,-0.10701421
1356420924049,0.74396646,0.1318151,-0.65508676,0.66346097,-0.028956868,0.74765027,0.07958233,-0.9908513,-0.10899712
1356420924089,0.8017709,0.13487445,-0.58221334,0.5910885,-0.035201102,0.8058383,0.08819246,-0.9902373,-0.10794595
1356420924129,0.8374878,0.13799495,-0.5287453,0.5375618,-0.034182847,0.84253126,0.09819105,-0.98984295,-0.102808535
1356420924168,0.8594069,0.13957117,-0.49187368,0.49981767,-0.026666526,0.86572003,0.107713,-0.9898529,-0.09267754
1356420924208,0.87107927,0.13840553,-0.47123754,0.477289,-0.0122729875,0.8786607,0.11582799,-0.9902996,-0.07675018
1356420924248,0.8728164,0.13373846,-0.4693672,0.47243798,0.009767592,0.8813098,0.12244962,-0.9909685,-0.054657817
1356420924288,0.8633255,0.12403004,-0.48916835,0.48822862,0.039965007,0.87180024,0.12767905,-0.9914734,-0.026052207
1356420924328,0.84166604,0.10574332,-0.52954376,0.52381253,0.07842052,0.84821624,0.13122031,-0.99129647,0.010614216
1356420924368,0.80984855,0.07417579,-0.58193064,0.5715258,0.123952895,0.81116825,0.13230103,-0.9895118,0.0579897
1356420924408,0.77667725,0.02697134,-0.6293211,0.6163403,0.17363515,0.76809865,0.12998892,-0.9844406,0.11823496
1356420924448,0.7539016,-0.03201109,-0.65620697,0.6452482,0.22404742,0.7303817,0.12364116,-0.9740523,0.18956482
1356420924488,0.7417076,-0.09395924,-0.66410947,0.6609684,0.27064645,0.69990796,0.113976,-0.9580825,0.26284465
1356420924529,0.72478515,-0.15166488,-0.67207456,0.6810976,0.3048094,0.6657306,0.103886664,-0.94026005,0.32421994
1356420924568,0.6844857,-0.2027609,-0.7002623,0.7225677,0.31626225,0.6147146,0.096826345,-0.9267503,0.3629855
1356420924608,0.61146617,-0.24480751,-0.7524483,0.78574073,0.300085,0.54088867,0.09338483,-0.9219644,0.37584704
1356420924648,0.5037917,-0.2733623,-0.81943095,0.85895157,0.25915274,0.4416358,0.09163123,-0.92634386,0.36536396
1356420924687,0.36520323,-0.28270268,-0.88696444,0.9265791,0.20237216,0.31701216,0.08987674,-0.93761647,0.3358533
1356420924728,0.21051446,-0.26944038,-0.93972635,0.9736568,0.14393863,0.17684507,0.0876137,-0.95219934,0.2926436
1356420924768,0.06315738,-0.23655853,-0.96956235,0.9943887,0.09752816,0.040979207,0.08486563,-0.96671003,0.24139082
1356420924814,-0.060705006,-0.19196868,-0.97952175,0.9947947,0.068828285,-0.075140655,0.081843466,-0.97898453,0.18679121
1356420924849,-0.15494418,-0.1435079,-0.9774445,0.9847471,0.05683756,-0.16444662,0.07915494,-0.9880158,0.13251233
1356420924889,-0.21579105,-0.097093284,-0.9716003,0.97334725,0.05773908,-0.22194898,0.07764903,-0.99359906,0.08204591
1356420924929,-0.24601728,-0.055673808,-0.9676652,0.9661397,0.0660274,-0.24942827,0.077778965,-0.9962634,0.037544787
1356420924969,-0.25002074,-0.01973486,-0.96803933,0.9649843,0.076847136,-0.25079834,0.07934052,-0.9968475,-1.6957521E-4
1356420925009,-0.2309438,0.011252552,-0.97290206,0.9695231,0.08672148,-0.22913864,0.08179307,-0.9961691,-0.030937374
1356420925049,-0.1893909,0.03781393,-0.9811734,0.97826445,0.09319693,-0.1852377,0.08443776,-0.9949294,-0.054642737
1356420925089,-0.12675443,0.060377598,-0.9900948,0.98817265,0.09452829,-0.1207439,0.086301684,-0.99368954,-0.07164538
1356420925129,-0.04782614,0.07962051,-0.9956773,0.995051,0.090718836,-0.04054162,0.08709878,-0.99268854,-0.083565176
1356420925168,0.036670685,0.095725775,-0.994732,0.99537694,0.08492154,0.04486668,0.08876908,-0.9917786,-0.092169106
1356420925208,0.11538151,0.108308464,-0.98739886,0.98885024,0.081683904,0.12451112,0.0941402,-0.9907558,-0.09767604
1356420925248,0.17758313,0.11662364,-0.977171,0.9786329,0.083646685,0.18783191,0.10364276,-0.9896475,-0.0992775
1356420925288,0.2145417,0.11944413,-0.96938384,0.9698483,0.091427654,0.22590977,0.11561206,-0.98862225,-0.096227616
1356420925328,0.22172233,0.11482918,-0.96832514,0.966645,0.10467985,0.23375118,0.12820566,-0.9878545,-0.08778927
1356420925368,0.19775593,0.1003468,-0.9751016,0.9701539,0.12237501,0.20934603,0.14033529,-0.987398,-0.0731515
1356420925408,0.14408314,0.07367277,-0.98681927,0.9779115,0.14199519,0.15338346,0.15142378,-0.98712194,-0.05158639
1356420925448,0.068048924,0.03324622,-0.99712795,0.98460966,0.15902242,0.07249677,0.160976,-0.9867151,-0.02191329
1356420925488,-0.014596671,-0.021081835,-0.9996712,0.98566616,0.1677523,-0.017929852,0.16807517,-0.98560375,0.01833105
1356420925528,-0.08414343,-0.08802956,-0.9925576,0.9817259,0.16330126,-0.097708285,0.17068714,-0.98264104,0.072680175
1356420925568,-0.12849146,-0.16486365,-0.977911,0.9777524,0.14380121,-0.15271372,0.16580173,-0.9757772,0.14271861
1356420925607,-0.15380341,-0.24507633,-0.9572263,0.97632396,0.11143446,-0.18540224,0.15210569,-0.9630784,0.22213489
1356420925648,-0.1799115,-0.31719306,-0.9311393,0.9747087,0.07008678,-0.21220493,0.13257045,-0.94576764,0.29656142
1356420925688,-0.23229933,-0.36725876,-0.9006431,0.9659232,0.021561444,-0.25792894,0.114145786,-0.9298688,0.3497351
1356420925728,-0.315266,-0.38646677,-0.86674726,0.9436059,-0.03038615,-0.32967353,0.10107076,-0.92180264,0.37425202
1356420925768,-0.41536063,-0.37442866,-0.82902277,0.90488577,-0.07685292,-0.41865915,0.093045175,-0.9240654,0.37073678
1356420925814,-0.51312345,-0.3385846,-0.78871083,0.8537609,-0.10680896,-0.5095922,0.08829868,-0.93485415,0.34387648
1356420925849,-0.5960945,-0.28940418,-0.7489437,0.79831207,-0.11389643,-0.59137595,0.085844696,-0.9504067,0.29892784
1356420925889,-0.66057426,-0.23572975,-0.71279246,0.7459353,-0.098608375,-0.6586781,0.08498269,-0.9668029,0.24097735
1356420925929,-0.7072962,-0.18379831,-0.6826056,0.7018213,-0.06683564,-0.70921075,0.08472934,-0.98068917,0.17626613
1356420925988,-0.7395769,-0.1367029,-0.65904355,0.6677678,-0.026340544,-0.74390346,0.084334165,-0.99026185,0.11076665
1356420926008,-0.7600851,-0.09609771,-0.6426786,0.64442575,0.01573956,-0.76450485,0.08358267,-0.9952474,0.049964428
1356420926048,-0.77121913,-0.062271416,-0.63351667,0.63118994,0.054307163,-0.77372473,0.082585394,-0.99658066,-0.0025776029
1356420926085,-0.7743578,-0.03485784,-0.63178706,0.6274921,0.08612335,-0.77384526,0.08138615,-0.99567443,-0.04481721
1356420926128,-0.7710938,-0.0127752125,-0.63659346,0.6317153,0.10977876,-0.76738805,0.07968795,-0.993874,-0.07657939
1356420926168,-0.76226866,0.005284071,-0.6472392,0.6426629,0.12515664,-0.7558573,0.07701227,-0.99212295,-0.09879887
1356420926208,-0.7485427,0.02027291,-0.6627766,0.65900296,0.13350368,-0.7401972,0.07347715,-0.9908409,-0.11329311
1356420926248,-0.72935766,0.032177776,-0.6833754,0.68042827,0.13792682,-0.71971774,0.07109684,-0.98991954,-0.12249261
1356420926288,-0.70287853,0.040006936,-0.71018386,0.7075274,0.14214855,-0.6922418,0.07325712,-0.98903644,-0.12821913
1356420926328,-0.6678289,0.042996377,-0.7430719,0.73979926,0.1481452,-0.6563155,0.081863314,-0.9880305,-0.13074434
1356420926368,-0.62601376,0.04139918,-0.7787124,0.7739148,0.15555978,-0.61388683,0.09572196,-0.9869586,-0.12942207
1356420926408,-0.58195084,0.03542143,-0.8124522,0.80546856,0.16275191,-0.5698528,0.11204314,-0.98603106,-0.123244464
1356420926448,-0.54032904,0.02416107,-0.8411069,0.83161056,0.16777956,-0.529409,0.12832949,-0.9855284,-0.11074883
1356420926488,-0.50495625,0.006055236,-0.8631238,0.8512174,0.16915941,-0.49680385,0.14299726,-0.9855701,-0.09057248
1356420926528,-0.4789347,-0.020166546,-0.87761885,0.86402714,0.1658892,-0.4753293,0.15517324,-0.9859382,-0.062025666
1356420926568,-0.46300447,-0.055419415,-0.88462174,0.8710207,0.15640181,-0.46568397,0.16416433,-0.9861375,-0.024143279
1356420926607,-0.45510298,-0.10027161,-0.88477504,0.8742745,0.13815075,-0.46535844,0.16889462,-0.9853223,0.024792075
1356420926648,-0.4489807,-0.1553371,-0.8799356,0.8777046,0.10791516,-0.46689287,0.16748416,-0.98194945,0.08788824
1356420926688,-0.44399524,-0.2183668,-0.8690133,0.881905,0.06502396,-0.46692115,0.15846673,-0.97369796,0.16370851
1356420926728,-0.4432448,-0.28206342,-0.8508667,0.88498,0.0133398175,-0.4654378,0.14263341,-0.959303,0.24370772
1356420926768,-0.45639688,-0.33446568,-0.8245209,0.881007,-0.040088236,-0.47140187,0.12461418,-0.94155496,0.31296265
1356420926814,-0.4895913,-0.36500412,-0.79187906,0.86501855,-0.089015365,-0.49378067,0.10974258,-0.9267407,0.3593164
1356420926849,-0.53944385,-0.36986458,-0.7564393,0.8360822,-0.12876987,-0.5332774,0.09983382,-0.9201187,0.37870133
1356420926889,-0.5972126,-0.3513312,-0.72104335,0.7965884,-0.15475816,-0.5843773,0.09372261,-0.92337227,0.3722899
1356420926929,-0.6519564,-0.3171209,-0.6887578,0.7529062,-0.16302395,-0.6376171,0.08991769,-0.9342685,0.3450467
1356420926969,-0.69767165,-0.27495578,-0.66155386,0.71103966,-0.1528179,-0.6863448,0.08761716,-0.9492344,0.30212122
1356420927009,-0.7324768,-0.23052928,-0.64057326,0.6753448,-0.12725657,-0.72644,0.08594856,-0.96470827,0.24889922
1356420927049,-0.7574041,-0.18683867,-0.62564385,0.647533,-0.09180403,-0.75648725,0.083904475,-0.9780916,0.19051695
1356420927092,-0.7740199,-0.14566159,-0.6161784,0.6279596,-0.05211711,-0.77649885,0.08099261,-0.98796076,0.1318093
1356420927129,-0.78350997,-0.10838607,-0.6118535,0.6165439,-0.0130003095,-0.7872133,0.07736871,-0.9940239,0.07701057
1356420927169,-0.78699005,-0.07565081,-0.6123101,0.6125887,0.022194088,-0.7900902,0.07336068,-0.9968873,0.028876245
1356420927209,-0.785241,-0.04753533,-0.61736286,0.6153058,0.051601112,-0.7865977,0.06924778,-0.9975358,-0.011270583
1356420927249,-0.77862036,-0.023926735,-0.62703896,0.62407976,0.074592054,-0.77779204,0.06538215,-0.9969271,-0.04314667
1356420927289,-0.766768,-0.0047448575,-0.64190686,0.6389015,0.09128976,-0.7638528,0.06222394,-0.9958131,-0.06696665
1356420927329,-0.74916935,0.010409415,-0.6622968,0.6596529,0.102339566,-0.74457014,0.060028642,-0.99469507,-0.08353633
1356420927369,-0.72553194,0.022351563,-0.68782544,0.6856432,0.10935867,-0.7196764,0.059133768,-0.99375105,-0.09466839
1356420927409,-0.6951664,0.031386763,-0.71816325,0.7162608,0.114941716,-0.6883014,0.060943395,-0.99287623,-0.102384746
1356420927449,-0.6566716,0.037018746,-0.7532676,0.7511779,0.12108445,-0.6488993,0.06718755,-0.9919517,-0.10732037
1356420927489,-0.61047226,0.03904766,-0.7910745,0.78822553,0.12782705,-0.6019641,0.07761544,-0.9910275,-0.108813226
1356420927529,-0.5607579,0.037518293,-0.82712936,0.823071,0.13387746,-0.5519339,0.09002635,-0.9902874,-0.10595304
1356420927569,-0.5135889,0.03146991,-0.85745907,0.85190904,0.1379162,-0.50520295,0.10235879,-0.9899438,-0.09764171
1356420927609,-0.47466266,0.018981993,-0.87996304,0.8727961,0.1392734,-0.46779242,0.11367577,-0.990072,-0.08267522
1356420927649,-0.4493801,-0.0014845133,-0.8933394,0.88474524,0.13764662,-0.44528568,0.12362611,-0.9904803,-0.060542226
1356420927689,-0.4397605,-0.030771136,-0.8975878,0.88837314,0.13189983,-0.43976772,0.1319238,-0.99078536,-0.03066808
1356420927729,-0.4426381,-0.06943688,-0.8940079,0.88600767,0.11964047,-0.4479694,0.13806513,-0.9903861,0.008564174
1356420927768,-0.45004964,-0.11773056,-0.88520885,0.8817928,0.09798974,-0.46134523,0.1410558,-0.9881991,0.05971378
1356420927814,-0.4538982,-0.1746558,-0.8737688,0.880146,0.06508309,-0.47022033,0.13899437,-0.98247623,0.12418145
1356420927849,-0.45078802,-0.2364065,-0.86075664,0.8831366,0.022151887,-0.46859264,0.12984571,-0.9714017,0.19879347
1356420927889,-0.4473076,-0.29446462,-0.8445155,0.88702095,-0.025177598,-0.46104217,0.11449772,-0.9553306,0.27245843
1356420927929,-0.45718718,-0.3369932,-0.8230525,0.8839029,-0.06971097,-0.46244556,0.098465234,-0.9389227,0.3297403
1356420927969,-0.48812574,-0.3557625,-0.7969732,0.8684728,-0.10745257,-0.48395145,0.08653495,-0.9283787,0.3614204
1356420928009,-0.5362351,-0.3499818,-0.76809156,0.8402982,-0.13543332,-0.52493507,0.07969257,-0.9269145,0.36671317
1356420928049,-0.5916323,-0.32433546,-0.7380906,0.80255985,-0.14994097,-0.5774213,0.07660818,-0.93398297,0.34900862
1356420928089,-0.643878,-0.2865549,-0.70944166,0.7613349,-0.14773488,-0.631303,0.0760937,-0.9466048,0.3132875
1356420928129,-0.6869539,-0.24390222,-0.684548,0.7225986,-0.12930948,-0.67906576,0.07710704,-0.96114033,0.26507312
1356420928169,-0.72060674,-0.20046392,-0.66373193,0.68890095,-0.09881091,-0.71808904,0.078366935,-0.9747054,0.20930368
1356420928209,-0.7458329,-0.15877905,-0.64693314,0.6614473,-0.061535478,-0.74746305,0.078872144,-0.98539466,0.1509192
1356420928249,-0.7633607,-0.12069243,-0.6345974,0.6411994,-0.022367537,-0.76704824,0.07838252,-0.99243796,0.094462395
1356420928289,-0.77307904,-0.0874086,-0.6282583,0.62960035,0.014727831,-0.7767796,0.07715011,-0.99606365,0.043646693
1356420928329,-0.7748536,-0.058959424,-0.6293852,0.62763983,0.04684472,-0.7770932,0.075300336,-0.9971607,7.0750713E-4
1356420928368,-0.76797014,-0.034585536,-0.63955116,0.6363526,0.07205379,-0.7680258,0.07264468,-0.99680096,-0.033326566
1356420928409,-0.7504769,-0.0134367645,-0.66076005,0.6572645,0.08950114,-0.7483267,0.06919387,-0.99589604,-0.058337033
1356420928449,-0.71832544,0.005305916,-0.69568706,0.69261575,0.09961885,-0.71439445,0.065513015,-0.99501157,-0.0752337
1356420928489,-0.66521055,0.022789627,-0.74630785,0.7440114,0.10427976,-0.6599793,0.062784106,-0.99428684,-0.08632368
1356420928529,-0.580498,0.040103078,-0.81327355,0.81180763,0.10599059,-0.57422507,0.06317118,-0.99355817,-0.09408337
