1356420804449,0.16648835,0.3412398,-0.9251146,-0.25993222,-0.889835,-0.37500525,-0.9511661,0.3029011,-0.059447944
1356420804488,-0.046893716,-0.3321872,-0.9420471,-0.30507782,-0.89326096,0.3301704,-0.95117223,0.3028806,-0.05945468
1356420804528,-0.04679215,-0.33221045,-0.94204396,-0.3049865,-0.8932932,0.3301675,-0.9512065,0.30275992,-0.059520654
1356420804568,-0.0465132,-0.3324764,-0.9419639,-0.304718,-0.89331645,0.33035243,-0.9513062,0.3023991,-0.0597606
1356420804609,-0.046010196,-0.33333462,-0.9416852,-0.3042333,-0.893225,0.3310455,-0.95148575,0.30172348,-0.060314037
1356420804648,-0.0453611,-0.33519757,-0.9410553,-0.30362558,-0.89283323,0.33265665,-0.95171106,0.30081812,-0.061274715
1356420804688,-0.044740856,-0.33837625,-0.93994665,-0.30307868,-0.89194614,0.33552265,-0.95191467,0.2998894,-0.06264821
1356420804729,-0.044022024,-0.3427191,-0.938406,-0.3028039,-0.8905533,0.3394476,-0.95203567,0.29909614,-0.064572714
1356420804768,-0.043300033,-0.34833488,-0.93636954,-0.3029199,-0.8885507,0.3445537,-0.95203185,0.29856414,-0.06704334
1356420804808,-0.042732418,-0.35500047,-0.933889,-0.30344912,-0.8859731,0.35067123,-0.951889,0.2983728,-0.06986481
1356420804848,-0.042891204,-0.36268276,-0.93092513,-0.30422413,-0.88279194,0.35794708,-0.9516344,0.29856268,-0.07247284
1356420804889,-0.044443905,-0.3712582,-0.92746544,-0.3049448,-0.8790326,0.36648375,-0.95133245,0.29911375,-0.074145615
1356420804928,-0.047787845,-0.38028756,-0.9236329,-0.30529836,-0.8748772,0.37600917,-0.9510569,0.29995227,-0.07429272
1356420804968,-0.05272907,-0.38927716,-0.91961026,-0.30496293,-0.87062144,0.386026,-0.9509034,0.30080178,-0.0728081
1356420805010,-0.058542907,-0.39745536,-0.9157522,-0.3037841,-0.86672795,0.39559835,-0.9509406,0.3013504,-0.0699999
1356420805056,-0.06409675,-0.40418708,-0.91242784,-0.30199438,-0.86358213,0.4037641,-0.9511525,0.30142805,-0.06670949
1356420805088,-0.06837535,-0.40906575,-0.9099396,-0.3000374,-0.8614189,0.40979877,-0.9514738,0.30103603,-0.0638352
1356420805127,-0.07086837,-0.4120861,-0.9083847,-0.2982243,-0.86026746,0.4135241,-0.95186126,0.30020815,-0.06192833
1356420805175,-0.07123506,-0.4134637,-0.9077298,-0.29654473,-0.86011463,0.41504705,-0.95235854,0.29874837,-0.061340168
1356420805218,-0.0703944,-0.41350552,-0.9077763,-0.2950482,-0.8606837,0.41493392,-0.9528857,0.29704678,-0.061416745
1356420805257,-0.0694049,-0.41300818,-0.90807885,-0.29357645,-0.86150855,0.41426545,-0.9534127,0.29534262,-0.061456546
1356420805297,-0.0689944,-0.41232938,-0.9084185,-0.29205513,-0.8623456,0.41359857,-0.9539096,0.29384425,-0.060925826
1356420805338,-0.069363,-0.41150132,-0.908766,-0.29065666,-0.86310077,0.41300833,-0.95431,0.29278636,-0.059738398
1356420805379,-0.0703305,-0.41041264,-0.9091838,-0.2898799,-0.86369854,0.41230407,-0.95447546,0.2925516,-0.058226064
1356420805417,-0.07141405,-0.40907773,-0.90970075,-0.29025176,-0.8640381,0.41132957,-0.9542819,0.29341698,-0.05703108
1356420805457,-0.07276696,-0.40834853,-0.90992117,-0.29240373,-0.86351407,0.41090596,-0.95352244,0.29596472,-0.0565674
1356420805498,-0.074789286,-0.4097809,-0.9091129,-0.29673246,-0.8612236,0.41260597,-0.9520275,0.30062184,-0.057184935
1356420805537,-0.07790059,-0.41544828,-0.90627486,-0.30325404,-0.8560883,0.4185089,-0.9497202,0.3074336,-0.059296533
1356420805577,-0.08238506,-0.42717046,-0.90041,-0.31145942,-0.8471905,0.43041992,-0.94668144,0.31590134,-0.06325042
1356420805618,-0.08849043,-0.44569996,-0.8907979,-0.32047024,-0.83401746,0.4491255,-0.94311625,0.32521752,-0.069031
1356420805658,-0.09649831,-0.47021458,-0.8772607,-0.3294231,-0.8166135,0.4739439,-0.9392382,0.33472472,-0.07609773
1356420805698,-0.1065703,-0.4984719,-0.8603305,-0.33766225,-0.7956934,0.5028481,-0.93521494,0.34408978,-0.083517835
1356420805738,-0.11870462,-0.5277466,-0.8410665,-0.34437454,-0.7725961,0.5333869,-0.9312978,0.3529573,-0.09003182
1356420805777,-0.13235188,-0.5550025,-0.8212522,-0.34899563,-0.7493927,0.56268346,-0.92773116,0.36108562,-0.094509915
1356420805817,-0.14696944,-0.57852685,-0.8023134,-0.35106814,-0.72780514,0.5891103,-0.92474383,0.36824784,-0.096137285
1356420805857,-0.16185212,-0.5974368,-0.7854128,-0.3507452,-0.7091078,0.6116731,-0.9223783,0.37448034,-0.094777524
1356420805898,-0.17617714,-0.61169666,-0.77122545,-0.34889936,-0.6938105,0.6299969,-0.9204514,0.38007113,-0.09118697
1356420805938,-0.18882376,-0.6218803,-0.7600069,-0.34686196,-0.6818066,0.64407027,-0.9187124,0.38523328,-0.08696535
1356420805977,-0.1985082,-0.6289552,-0.75167143,-0.3460132,-0.67257726,0.65415204,-0.9169893,0.3899428,-0.08411476
1356420806018,-0.2043733,-0.6340854,-0.74576616,-0.34743297,-0.66526,0.6608475,-0.9151622,0.3941633,-0.08434078
1356420806057,-0.20660603,-0.63846624,-0.7414006,-0.35158387,-0.65869224,0.6652168,-0.9130732,0.3981023,-0.08838466
1356420806097,-0.20625764,-0.64317566,-0.7374163,-0.358244,-0.6516601,0.66858083,-0.9105597,0.40207487,-0.09600395
1356420806137,-0.20429945,-0.64914167,-0.7327188,-0.36604217,-0.64354867,0.672204,-0.9078958,0.40553692,-0.1061365
1356420806177,-0.20064229,-0.65703034,-0.7266731,-0.37248933,-0.63488346,0.67688596,-0.9060874,0.40648997,-0.11735234
1356420806217,-0.19488996,-0.6671432,-0.7189839,-0.3749683,-0.6266791,0.68313396,-0.90632045,0.4027321,-0.12802407
1356420806257,-0.18781286,-0.67920125,-0.70951533,-0.37202942,-0.61935467,0.6913711,-0.90902174,0.39380896,-0.13636008
1356420806298,-0.18182468,-0.6923429,-0.69828445,-0.3634468,-0.6125195,0.7019447,-0.9136992,0.3814201,-0.14025867
1356420806338,-0.17989075,-0.7053387,-0.6856651,-0.34953523,-0.6057141,0.71479756,-0.91949135,0.3682496,-0.13757837
1356420806380,-0.18428046,-0.7168263,-0.67245877,-0.3298962,-0.5993759,0.72932637,-0.9258559,0.35624218,-0.12602496
1356420806417,-0.19347924,-0.72562826,-0.66032517,-0.30719304,-0.5943948,0.7431872,-0.9317715,0.3466386,-0.10790488
1356420806458,-0.20699197,-0.73050654,-0.65077996,-0.28149164,-0.5925885,0.7547194,-0.93697214,0.33940995,-0.0829705
1356420806497,-0.22324651,-0.72994936,-0.64601463,-0.25465354,-0.59605056,0.7614955,-0.9409105,0.33451107,-0.05281806
1356420806538,-0.24263406,-0.722718,-0.6471534,-0.2281474,-0.60586804,0.7621501,-0.9429091,0.3325699,-0.01788205
1356420806577,-0.26817304,-0.7078959,-0.6534267,-0.20238924,-0.6217359,0.756626,-0.94187135,0.3351533,0.023462415
1356420806618,-0.3046313,-0.68590415,-0.6608594,-0.17643285,-0.6411932,0.74682164,-0.9359867,0.34410262,0.074311614
1356420806657,-0.35388267,-0.65900683,-0.6636845,-0.14917073,-0.660751,0.7356332,-0.92331743,0.35933012,0.1355238
1356420806698,-0.40924692,-0.63034904,-0.65967965,-0.12174103,-0.6788092,0.7241528,-0.9042655,0.37666738,0.20106119
1356420806738,-0.4575113,-0.60246885,-0.65399903,-0.0987857,-0.6964984,0.710726,-0.8836995,0.3897709,0.25914058
1356420806778,-0.48798746,-0.5766071,-0.65528053,-0.08620304,-0.71522903,0.69355357,-0.8685835,0.39493263,0.29931742
1356420806818,-0.49698782,-0.55271745,-0.66895914,-0.08792356,-0.73486394,0.6724911,-0.8632916,0.39303717,0.3166216
1356420806858,-0.48547912,-0.5302324,-0.6950998,-0.10448155,-0.75419545,0.64828455,-0.86798257,0.38735366,0.31074664
1356420806898,-0.4561761,-0.5086956,-0.730159,-0.13316984,-0.7722425,0.6212144,-0.8798688,0.38061833,0.28453565
1356420806938,-0.41261512,-0.48825347,-0.7689975,-0.16935617,-0.7883739,0.59142613,-0.8950235,0.3742659,0.24260639
1356420806978,-0.3596384,-0.470218,-0.80594987,-0.20823842,-0.80151105,0.56055033,-0.9095586,0.36942518,0.19033676
1356420807018,-0.303648,-0.4573195,-0.8358569,-0.24561863,-0.8100551,0.5324304,-0.920581,0.3669735,0.13364546
1356420807058,-0.25084025,-0.45238155,-0.8558213,-0.2788347,-0.8128513,0.511394,-0.9270007,0.3669109,0.07775621
1356420807098,-0.20645565,-0.4579315,-0.86468184,-0.30644426,-0.8089988,0.50161016,-0.92922974,0.36853707,0.026691958
1356420807139,-0.17404199,-0.4750945,-0.8625512,-0.328704,-0.7976522,0.5056725,-0.92825806,0.3715323,-0.017340481
1356420807175,-0.15636766,-0.50439477,-0.8491967,-0.34647506,-0.77712595,0.5253857,-0.9249346,0.3763788,-0.053242788
1356420807218,-0.15545636,-0.54505956,-0.82385886,-0.36052957,-0.74516404,0.56102496,-0.91970205,0.3842404,-0.0806696
1356420807258,-0.17269337,-0.5961952,-0.78404605,-0.36930752,-0.6987435,0.61267394,-0.9131204,0.39535886,-0.09951097
1356420807297,-0.20585757,-0.65270364,-0.7291094,-0.3699776,-0.6378531,0.67547023,-0.9059466,0.40880477,-0.11017883
1356420807338,-0.24656463,-0.706604,-0.66326225,-0.35983145,-0.5687192,0.7396486,-0.89984846,0.42103377,-0.11403236
1356420807378,-0.28347963,-0.7500431,-0.59755725,-0.33962327,-0.5042118,0.793994,-0.89682513,0.42802554,-0.11179826
1356420807417,-0.30969024,-0.78040826,-0.5431896,-0.31513584,-0.45474327,0.8330054,-0.8970961,0.42915213,-0.10510507
1356420807458,-0.32376856,-0.79811424,-0.5081216,-0.29065317,-0.42717904,0.85617685,-0.90038586,0.42489028,-0.09366727
1356420807498,-0.3263325,-0.8033176,-0.49818465,-0.27094644,-0.42542845,0.86348057,-0.905591,0.41676316,-0.07882491
1356420807538,-0.3181815,-0.79399407,-0.5180096,-0.25942716,-0.45262706,0.85312736,-0.91184324,0.40583512,-0.06196606
1356420807578,-0.29964262,-0.7639071,-0.57154214,-0.25833404,-0.51172334,0.8193917,-0.91841054,0.39317343,-0.04400909
1356420807618,-0.2715013,-0.7024251,-0.6579408,-0.2676671,-0.60154,0.7526646,-0.9244682,0.38045853,-0.024697274
1356420807658,-0.23825389,-0.60044754,-0.76334643,-0.28308842,-0.70891464,0.64598835,-0.9290296,0.37000382,-0.0010780692
1356420807698,-0.21127415,-0.46316642,-0.86072063,-0.29879677,-0.8078383,0.5080529,-0.93063617,0.36451903,0.03228271
1356420807738,-0.20749158,-0.32169643,-0.92382824,-0.3121728,-0.8732293,0.3741907,-0.9270897,0.36603546,0.08076286
1356420807778,-0.23048806,-0.20080836,-0.95212984,-0.32697767,-0.90559685,0.27014792,-0.9164938,0.37359107,0.14306942
1356420807818,-0.2622888,-0.09668213,-0.9601339,-0.3469331,-0.9189944,0.18731451,-0.90046763,0.38223273,0.20749971
1356420807858,-0.28002256,0.004116714,-0.9599846,-0.37283275,-0.92196137,0.10479973,-0.8846373,0.38725996,0.25970483
1356420807897,-0.26969296,0.10890524,-0.9567682,-0.40282577,-0.9152287,0.009371176,-0.8746411,0.38793826,0.29070053
1356420807938,-0.22883195,0.21573049,-0.94926095,-0.43146354,-0.8965985,-0.09975234,-0.87262547,0.38674498,0.29825008
1356420807978,-0.16244906,0.31833643,-0.9339552,-0.4511826,-0.86574507,-0.21660998,-0.8775219,0.38619623,0.28426725
1356420808018,-0.0807814,0.4094808,-0.9087354,-0.4555738,-0.82607716,-0.33173668,-0.8865253,0.38719785,0.25328028
1356420808057,0.0067777634,0.48587656,-0.87400115,-0.4422899,-0.78242433,-0.4383969,-0.89684653,0.38953325,0.2095952
1356420808098,0.0921219,0.54671663,-0.8322346,-0.41263852,-0.7396864,-0.5315952,-0.9062246,0.39238364,0.157455
1356420808138,0.16794878,0.5921689,-0.7881175,-0.37118512,-0.70264727,-0.607049,-0.9132441,0.3944906,0.101795524
1356420808178,0.2306804,0.6241908,-0.7464398,-0.32414085,-0.67401737,-0.6638022,-0.9174526,0.39507776,0.04684314
1356420808218,0.280187,0.64520615,-0.7107773,-0.27804482,-0.6541487,-0.70340645,-0.9187962,0.39471328,-0.0038877726
1356420808258,0.31888664,0.6579417,-0.68221986,-0.2382854,-0.6410252,-0.7295936,-0.9173502,0.3952207,-0.04763648
1356420808298,0.34978187,0.66503036,-0.6598388,-0.20817451,-0.631546,-0.7468688,-0.913409,0.39860278,-0.08246097
1356420808338,0.37460142,0.66833234,-0.64265525,-0.18895102,-0.6235517,-0.75860447,-0.9077287,0.40560466,-0.107301295
1356420808382,0.39251482,0.66773796,-0.6325015,-0.18042111,-0.6184304,-0.76484776,-0.901876,0.41433072,-0.122269064
1356420808408,0.40261358,0.66227764,-0.63189447,-0.179599,-0.6197453,-0.76397634,-0.8975781,0.42107487,-0.13057348
1356420808449,0.39926714,0.6447055,-0.6518747,-0.1925204,-0.63619894,-0.747119,-0.8963937,0.42379922,-0.12989438
1356420808489,0.38187873,0.61074996,-0.693652,-0.21934828,-0.66919523,-0.70997465,-0.89780563,0.4232756,-0.121584475
1356420808529,0.35091394,0.5594197,-0.75093883,-0.25657356,-0.71380514,-0.65165347,-0.90057176,0.4213453,-0.10695186
1356420808569,0.30917966,0.49702686,-0.810785,-0.29617983,-0.75983137,-0.5787347,-0.9037065,0.41907114,-0.08771509
1356420808609,0.26398408,0.43966064,-0.85849345,-0.32868806,-0.7957849,-0.50861627,-0.90679467,0.41644314,-0.06556335
1356420808649,0.22507042,0.40590805,-0.8857663,-0.3488983,-0.8152328,-0.4622396,-0.9097325,0.4130788,-0.041864157
1356420808689,0.19646424,0.40146607,-0.89455396,-0.3590275,-0.8195185,-0.4466415,-0.91241497,0.40891856,-0.01686871
1356420808729,0.1722529,0.4151576,-0.89329344,-0.36622927,-0.8148532,-0.4493222,-0.9144425,0.40454724,0.011682034
1356420808769,0.14207965,0.43186203,-0.8906787,-0.3786359,-0.8076642,-0.4520103,-0.9145754,0.40146443,0.04876581
1356420808809,0.09895939,0.4437277,-0.8906811,-0.40159878,-0.8011346,-0.44373634,-0.9104535,0.40160832,0.09892064
1356420808849,0.045081615,0.45187396,-0.890942,-0.43293917,-0.7949068,-0.4250729,-0.90029514,0.40488666,0.1597982
1356420808889,-0.007888377,0.46147522,-0.8871181,-0.4634513,-0.7878002,-0.4056894,-0.8860873,0.40793577,0.22008568
1356420808930,-0.04544252,0.47611764,-0.8782066,-0.48451486,-0.7792952,-0.39742202,-0.8736019,0.4074443,0.26609927
1356420808969,-0.059429526,0.49436787,-0.86721885,-0.4928278,-0.7700273,-0.40518978,-0.86809504,0.40330932,0.28940058
1356420809009,-0.05089307,0.5107878,-0.8581991,-0.48839393,-0.76228017,-0.42473543,-0.87113786,0.39752316,0.28826052
1356420809049,-0.02709198,0.51883215,-0.85444677,-0.4726008,-0.7598487,-0.44640613,-0.8808601,0.39171815,0.2657863
1356420809089,0.005559087,0.5145256,-0.857457,-0.44793147,-0.7653524,-0.46216136,-0.89405066,0.38665116,0.22621748
1356420809129,0.03980285,0.49342024,-0.86887985,-0.41988325,-0.7808083,-0.4626407,-0.90670496,0.3832425,0.17610052
1356420809159,0.06402236,0.4501207,-0.89066964,-0.39678615,-0.80743957,-0.43657988,-0.9156756,0.38135624,0.12690753
1356420809199,0.09329873,0.40201026,-0.9108694,-0.37892115,-0.83167744,-0.40587127,-0.92071396,0.38301498,0.0747357
1356420809239,0.111023724,0.32496232,-0.9391876,-0.37193006,-0.8627689,-0.34248793,-0.9215974,0.38733637,0.025075376
1356420809279,0.113542974,0.2185725,-0.9691925,-0.37750393,-0.89284974,-0.24558109,-0.91902053,0.393758,-0.01886484
1356420809319,0.09665781,0.082719356,-0.9918744,-0.3939593,-0.9119747,-0.11444716,-0.9140313,0.40182036,-0.055561423
1356420809379,0.057798624,-0.07699938,-0.9953544,-0.41526836,-0.9085266,0.04616852,-0.9078609,0.41067076,-0.08448699
1356420809399,-0.0012654662,-0.24611771,-0.96923906,-0.43262637,-0.87370586,0.22242397,-0.9015724,0.4195999,-0.105371326
1356420809439,-0.07375008,-0.40533412,-0.9111889,-0.43828297,-0.8075393,0.3947004,-0.8958064,0.42846775,-0.11809495
1356420809479,-0.14823115,-0.5376122,-0.8300606,-0.42860848,-0.7214863,0.5438312,-0.89124763,0.43638372,-0.12347844
1356420809519,-0.21306652,-0.63504136,-0.7425127,-0.40578318,-0.63380384,0.6585079,-0.88878715,0.44160515,-0.12264666
1356420809559,-0.26401454,-0.70205474,-0.6613739,-0.37475577,-0.55716205,0.741032,-0.8887375,0.44349694,-0.116000116
1356420809599,-0.3029101,-0.7470654,-0.5917253,-0.3395834,-0.49553275,0.79945636,-0.89046544,0.44310343,-0.10358918
1356420809639,-0.3324147,-0.77689654,-0.5347265,-0.30302542,-0.44892824,0.84061825,-0.8931272,0.44146952,-0.08618912
1356420809679,-0.3540212,-0.7960611,-0.4908725,-0.26737374,-0.41680872,0.8687818,-0.8962033,0.43881357,-0.065286756
1356420809719,-0.36865717,-0.8073447,-0.46074557,-0.23488072,-0.39866924,0.88650656,-0.8994014,0.43503726,-0.042657435
1356420809759,-0.37772447,-0.8122002,-0.44458404,-0.2066836,-0.3940792,0.8955353,-0.90255535,0.4301538,-0.019015133
1356420809799,-0.3836918,-0.8107569,-0.44210163,-0.18275109,-0.40261114,0.89694273,-0.9051976,0.42494413,0.0063118935
1356420809839,-0.39159316,-0.80290294,-0.44944596,-0.1597043,-0.4217338,0.89254415,-0.9061729,0.42129263,0.036921054
1356420809879,-0.40832382,-0.7889378,-0.45918253,-0.13286564,-0.4463051,0.8849623,-0.90311587,0.4223608,0.07741439
1356420809928,-0.43237346,-0.770882,-0.46775436,-0.10517791,-0.4720918,0.87525254,-0.8955394,0.42763335,0.12304014
1356420809948,-0.46978438,-0.75340664,-0.46008825,-0.0681434,-0.48867643,0.8697999,-0.8801472,0.4399703,0.17823288
1356420809985,-0.507451,-0.7356986,-0.44859916,-0.032735586,-0.50377405,0.863215,-0.86105865,0.4527244,0.23155707
1356420810026,-0.534112,-0.7207991,-0.44178396,-0.008026928,-0.51821816,0.8552108,-0.8453756,0.46032453,0.2710007
1356420810068,-0.5456469,-0.71094644,-0.4436491,7.902384E-4,-0.5298409,0.84809667,-0.8380148,0.46241075,0.2896679
1356420810108,-0.5429569,-0.7071285,-0.4529537,-0.006678015,-0.5357315,0.84436196,-0.83973396,0.46147698,0.2861569
1356420810147,-0.52837294,-0.7094565,-0.46636206,-0.027645886,-0.5346311,0.8446332,-0.8485622,0.45917436,0.26287103
1356420810188,-0.5032987,-0.7173621,-0.48174894,-0.059710443,-0.52730286,0.84757686,-0.8620471,0.4553497,0.22255677
1356420810228,-0.47053593,-0.7303034,-0.49523,-0.0980815,-0.51447654,0.8518766,-0.8769127,0.4494115,0.17045051
1356420810268,-0.43353057,-0.74693245,-0.5041261,-0.13879573,-0.4974097,0.85634065,-0.89038587,0.4412204,0.11197129
1356420810308,-0.3970431,-0.76624036,-0.50520545,-0.17748758,-0.47595948,0.8613715,-0.90047485,0.43166927,0.052978218
1356420810378,-0.36473566,-0.78723776,-0.49721676,-0.21410987,-0.44878185,0.8676127,-0.90615934,0.42290834,-0.004868567
1356420810391,-0.34738696,-0.81257904,-0.46801454,-0.23718956,-0.40672505,0.8822221,-0.9072284,0.41748065,-0.051444292
1356420810429,-0.34545195,-0.8347484,-0.4287867,-0.25150585,-0.3578475,0.8992719,-0.9041061,0.41849762,-0.08632499
1356420810469,-0.3597682,-0.8540522,-0.375715,-0.2538105,-0.297912,0.920233,-0.89785695,0.42643094,-0.109588206
1356420810509,-0.38312984,-0.8686718,-0.31403965,-0.2441062,-0.23267615,0.9414212,-0.8908556,0.43734556,-0.12290299
1356420810549,-0.4046029,-0.87819135,-0.2551009,-0.22663006,-0.17396313,0.9583192,-0.88596576,0.44555223,-0.12863857
1356420810590,-0.41726667,-0.8848876,-0.20703286,-0.20584738,-0.12986284,0.96992916,-0.8851641,0.44733626,-0.12796438
1356420810629,-0.42099863,-0.8906951,-0.1715298,-0.18335521,-0.10163516,0.9777787,-0.8883362,0.44309434,-0.12052536
1356420810669,-0.41876453,-0.89605033,-0.1474104,-0.1594747,-0.087240756,0.98333955,-0.89398205,0.43529603,-0.10636401
1356420810709,-0.41303825,-0.90073764,-0.13442871,-0.1354684,-0.085199594,0.98711157,-0.90058184,0.4259257,-0.086830735
1356420810749,-0.40534794,-0.9042887,-0.13399655,-0.11356789,-0.09562993,0.98891723,-0.9070807,0.4160733,-0.0639348
1356420810789,-0.3970816,-0.90568936,-0.14850259,-0.09598756,-0.11993629,0.98813033,-0.91275,0.40662274,-0.039310396
1356420810829,-0.39026386,-0.9029194,-0.1800847,-0.08322564,-0.16019803,0.98357004,-0.9169338,0.39883953,-0.012626529
1356420810869,-0.3880571,-0.8928454,-0.22855788,-0.07256618,-0.21762204,0.9733318,-0.91877407,0.3942939,0.0196594
1356420810909,-0.3948902,-0.87231463,-0.28832078,-0.058829427,-0.28917307,0.95546746,-0.9168428,0.39426652,0.0628739
1356420810949,-0.41529447,-0.8412953,-0.34605297,-0.03653282,-0.36467767,0.9304168,-0.9089531,0.39903927,0.1207138
1356420810989,-0.44667852,-0.80306256,-0.39442208,-0.009649694,-0.43649566,0.89965457,-0.8946425,0.40566248,0.18722391
1356420811029,-0.47917342,-0.76162386,-0.43625903,0.011025101,-0.50222015,0.8646695,-0.877651,0.40951687,0.24904752
1356420811069,-0.50239074,-0.71788335,-0.48192024,0.013431877,-0.5637772,0.8258177,-0.8645364,0.40841007,0.292879
1356420811109,-0.51055104,-0.67137516,-0.5372087,-0.0077145994,-0.6211703,0.7836377,-0.859813,0.40423137,0.31195968
1356420811149,-0.50115126,-0.621954,-0.6016815,-0.050584197,-0.6730529,0.7378625,-0.86388004,0.40021628,0.3058402
1356420811189,-0.47288287,-0.5698377,-0.67206156,-0.1091177,-0.7189872,0.68640417,-0.8743427,0.39792258,0.27781737
1356420811229,-0.42587882,-0.5159234,-0.7432701,-0.17473605,-0.7591276,0.62705076,-0.887747,0.39692366,0.2331459
1356420811269,-0.36333072,-0.46298254,-0.8084788,-0.2382911,-0.79273766,0.5610564,-0.90067095,0.39650235,0.17770138
1356420811309,-0.29302025,-0.41741088,-0.8601787,-0.2919478,-0.81763834,0.49621987,-0.9104426,0.39652973,0.11772232
1356420811379,-0.22664481,-0.38922837,-0.8928232,-0.33151022,-0.83111674,0.4464817,-0.9158237,0.3971728,0.059335127
1356420811391,-0.17544657,-0.38817096,-0.904733,-0.35818082,-0.8308391,0.4259259,-0.91701967,0.39878523,0.006732464
1356420811429,-0.14959353,-0.42429525,-0.8930819,-0.3748914,-0.8114623,0.4483138,-0.91491973,0.40187362,-0.037675068
1356420811469,-0.1560365,-0.50215346,-0.8505848,-0.3827716,-0.7631052,0.52072674,-0.91057044,0.4068321,-0.07313782
1356420811509,-0.1958518,-0.61310095,-0.7653426,-0.37799877,-0.67294645,0.6358144,-0.904853,0.41382396,-0.09995362
1356420811549,-0.2611258,-0.731955,-0.62932914,-0.352614,-0.5345677,0.7680499,-0.89859706,0.4224679,-0.1185081
1356420811589,-0.33058053,-0.82298684,-0.46196234,-0.3057586,-0.3696906,0.8774056,-0.8928764,0.43130213,-0.12942278
1356420811629,-0.38236493,-0.87115335,-0.30804044,-0.25139594,-0.22271824,0.9419112,-0.8891553,0.43759394,-0.1338448
1356420811669,-0.41107184,-0.8903503,-0.19569474,-0.20389432,-0.1194334,0.9716804,-0.8885084,0.4393314,-0.1324417
1356420811709,-0.423365,-0.8976714,-0.1222623,-0.16559523,-0.056003273,0.98460233,-0.89069647,0.43709227,-0.124940336
1356420811749,-0.4261738,-0.9013863,-0.07667148,-0.13306314,-0.021371543,0.9908771,-0.8948017,0.43248802,-0.11083335
1356420811789,-0.42372692,-0.9043312,-0.05138576,-0.104620665,-0.0074881315,0.99448395,-0.8997277,0.42676565,-0.09143877
1356420811830,-0.41810602,-0.9073039,-0.044576228,-0.08088249,-0.011693597,0.9966551,-0.9047903,0.4203129,-0.06849581
1356420811869,-0.4108317,-0.90988773,-0.05763319,-0.0635066,-0.034500897,0.99738485,-0.90949667,0.4134174,-0.043609798
1356420811909,-0.4036585,-0.9101119,-0.09357467,-0.053584903,-0.078584254,0.99546635,-0.91333926,0.40684262,-0.017047107
1356420811949,-0.39911985,-0.903792,-0.15447795,-0.049930394,-0.14680505,0.9879044,-0.9155383,0.4020054,0.01346612
1356420811989,-0.4011624,-0.8852873,-0.23523387,-0.047732323,-0.23625153,0.97051877,-0.9147624,0.4005639,0.052518427
1356420812029,-0.41433233,-0.8523718,-0.31904706,-0.04048577,-0.3329442,0.942077,-0.90922475,0.4032498,0.10344067
1356420812069,-0.43862438,-0.8098228,-0.38960972,-0.026990503,-0.42147338,0.90643907,-0.8982651,0.40810204,0.16301095
1356420812099,-0.4644485,-0.7599492,-0.45471412,-0.021724194,-0.5035219,0.86370933,-0.8853337,0.4110268,0.21735066
1356420812129,-0.48626626,-0.7103129,-0.5089212,-0.023151278,-0.5717385,0.82010925,-0.873504,0.4105736,0.26157248
1356420812169,-0.49623877,-0.6538322,-0.57118326,-0.042270392,-0.63892823,0.76810396,-0.8671563,0.40530717,0.28942335
1356420812209,-0.4904641,-0.5879017,-0.6432858,-0.08159056,-0.7039485,0.7055491,-0.8676335,0.3985325,0.29729423
1356420812249,-0.46615,-0.5129241,-0.7208419,-0.13754451,-0.7628575,0.6317673,-0.87394834,0.39364612,0.2850561
1356420812289,-0.42266977,-0.43205667,-0.7966663,-0.20154458,-0.81222385,0.5474231,-0.8835892,0.39194298,0.25622386
1356420812329,-0.36023957,-0.34634745,-0.86618173,-0.26574987,-0.8519472,0.45117944,-0.8942059,0.3927204,0.21486336
1356420812378,-0.28233176,-0.2592921,-0.9236105,-0.3217378,-0.88142395,0.34579843,-0.90375525,0.3947903,0.16542998
1356420812409,-0.19472021,-0.1749827,-0.9651244,-0.3638197,-0.900883,0.23673838,-0.9108893,0.39722902,0.11175797
1356420812449,-0.1100086,-0.10708533,-0.9881451,-0.38814837,-0.9106079,0.14189456,-0.9150076,0.39915657,0.05860976
1356420812491,-0.038904846,-0.06585446,-0.99707055,-0.39845622,-0.9140401,0.075917885,-0.9163619,0.4002425,0.009320408
1356420812529,0.009103119,-0.06372452,-0.997926,-0.40229014,-0.91387737,0.054687753,-0.9154669,0.40095794,-0.033954825
1356420812569,0.029318094,-0.10786785,-0.99373287,-0.40726054,-0.9091899,0.086675435,-0.9128414,0.402167,-0.070586026
1356420812609,0.016087532,-0.2071555,-0.97817576,-0.41636255,-0.890835,0.181811,-0.9090563,0.40435085,-0.100583136
1356420812649,-0.03770387,-0.36613497,-0.9297976,-0.42460516,-0.836416,0.34658128,-0.90459317,0.40786433,-0.123926625
1356420812689,-0.13252324,-0.5652288,-0.8142199,-0.41592744,-0.7139283,0.5633035,-0.89969,0.41330716,-0.14048207
1356420812729,-0.24117112,-0.7394539,-0.6285257,-0.3753302,-0.52617896,0.76306164,-0.8949658,0.41993308,-0.15064025
1356420812769,-0.31928384,-0.835294,-0.4475955,-0.31989574,-0.34959388,0.8805969,-0.89203393,0.4243443,-0.15558732
1356420812808,-0.3540998,-0.8722618,-0.3373022,-0.2789777,-0.24572945,0.92832565,-0.8926281,0.4228197,-0.15632886
1356420812848,-0.3582616,-0.8853658,-0.29627022,-0.25769335,-0.2112326,0.9428547,-0.8973532,0.41413552,-0.15247637
1356420812885,-0.34633482,-0.8896334,-0.29766497,-0.24643409,-0.21988082,0.94388694,-0.90516424,0.40025574,-0.14308357
1356420812928,-0.32784158,-0.88777524,-0.32307124,-0.23712343,-0.25369835,0.93776846,-0.9144902,0.38404727,-0.12733942
1356420812968,-0.30866843,-0.8784473,-0.36476603,-0.22708142,-0.3043458,0.9250988,-0.9236655,0.36838034,-0.105537176
1356420813008,-0.29174107,-0.85848284,-0.42177516,-0.21745157,-0.36988312,0.9032725,-0.9314515,0.3552374,-0.07876825
1356420813049,-0.278485,-0.82328,-0.49462745,-0.21075597,-0.4500656,0.8677689,-0.9370315,0.34590623,-0.04817465
1356420813088,-0.27121806,-0.76889396,-0.57900155,-0.20846835,-0.5403448,0.8152107,-0.93967104,0.34180334,-0.013738811
1356420813128,-0.27499044,-0.69748586,-0.6617354,-0.20983797,-0.62813795,0.7492734,-0.9382688,0.34490022,0.02637294
1356420813167,-0.29632902,-0.6214281,-0.72526973,-0.21246918,-0.6974557,0.6844065,-0.931153,0.356907,0.07464212
1356420813208,-0.3382789,-0.55674386,-0.7586856,-0.21328078,-0.7398773,0.6380384,-0.91655815,0.37764797,0.13154203
1356420813248,-0.39010268,-0.502542,-0.77153844,-0.2144016,-0.7653174,0.6068949,-0.89546186,0.40217036,0.1908064
1356420813288,-0.43532407,-0.4493342,-0.7801229,-0.22123969,-0.78657186,0.57650477,-0.872666,0.42356056,0.2430031
1356420813328,-0.45911956,-0.38532245,-0.80045974,-0.24164326,-0.81289876,0.52990955,-0.8548788,0.43671757,0.28010714
1356420813382,-0.4447654,-0.2950576,-0.84565043,-0.28440416,-0.8487856,0.4457323,-0.84929264,0.43875283,0.29359484
1356420813419,-0.4016533,-0.19567874,-0.8946421,-0.33358493,-0.8785287,0.3419187,-0.852875,0.43577188,0.28758848
1356420813459,-0.3311442,-0.09261757,-0.9390236,-0.38002017,-0.8978026,0.22256497,-0.8636713,0.43054906,0.26210558
1356420813499,-0.23912442,0.0077311546,-0.9709582,-0.41355592,-0.90554684,0.09463884,-0.8785164,0.42417598,0.21973556
1356420813539,-0.13577616,0.09851046,-0.98582983,-0.42677546,-0.90380764,-0.031535417,-0.8941071,0.4164462,0.16475737
1356420813579,-0.033419132,0.17354536,-0.98425865,-0.4188422,-0.89658993,-0.14386632,-0.90744376,0.4074412,0.10265145
1356420813619,0.057601392,0.22917221,-0.9716801,-0.39591813,-0.88824373,-0.23296374,-0.9164775,0.3981248,0.03956926
1356420813659,0.13167429,0.26468593,-0.9553027,-0.36749208,-0.8819914,-0.29502687,-0.92065823,0.3899136,-0.018865615
1356420813700,0.18766868,0.28122717,-0.94111204,-0.34208262,-0.87943745,-0.33101258,-0.9207388,0.38405874,-0.06883994
1356420813739,0.22658765,0.27998394,-0.932881,-0.32512325,-0.88111305,-0.34341615,-0.9181247,0.3811152,-0.10862005
1356420813779,0.2506141,0.2627962,-0.93173534,-0.31873462,-0.8863904,-0.33573845,-0.91411203,0.38111708,-0.1383797
1356420813819,0.2609905,0.22984244,-0.93758005,-0.32325312,-0.8943623,-0.30923054,-0.90961057,0.38378194,-0.15912277
1356420813859,0.25800258,0.18082276,-0.94907206,-0.338051,-0.9033391,-0.26400763,-0.9050725,0.3889494,-0.17193651
1356420813899,0.24051178,0.11451152,-0.96386784,-0.36213347,-0.91073203,-0.19856113,-0.9005628,0.3968051,-0.17757332
1356420813939,0.2062537,0.029392958,-0.97805697,-0.39299592,-0.9128997,-0.11031024,-0.89611024,0.40712428,-0.17673764
1356420813979,0.15435606,-0.07303792,-0.9853119,-0.42403746,-0.90564436,7.0396066E-4,-0.89239365,0.41770053,-0.17076251
1356420814019,0.08973843,-0.18321353,-0.97896874,-0.44540417,-0.88654834,0.12508859,-0.890821,0.42481154,-0.16116154
1356420814059,0.023461342,-0.2848006,-0.95829964,-0.45054054,-0.85871536,0.24417451,-0.8924476,0.42602417,-0.14846082
1356420814099,-0.033813775,-0.36377478,-0.930873,-0.4406984,-0.8305387,0.34057355,-0.89701813,0.4217503,-0.13223132
1356420814139,-0.07765478,-0.4145788,-0.90669405,-0.42148143,-0.8105221,0.40670308,-0.90350604,0.41373715,-0.11179641
1356420814179,-0.1072827,-0.43557554,-0.8937362,-0.39946026,-0.8042939,0.4399351,-0.9104515,0.4042095,-0.087708294
1356420814219,-0.12602752,-0.42932546,-0.8943135,-0.37899107,-0.81228286,0.44335347,-0.9167785,0.39481157,-0.06034051
1356420814259,-0.13732755,-0.39766943,-0.90719354,-0.3627708,-0.8320442,0.4196425,-0.92170405,0.3867318,-0.030000284
1356420814300,-0.14549983,-0.34402087,-0.9276203,-0.35226455,-0.85813904,0.37350646,-0.9245212,0.3811129,0.003672719
1356420814339,-0.15600073,-0.27463132,-0.94881046,-0.34811562,-0.8836524,0.31300765,-0.9243804,0.37912518,0.042247027
1356420814377,-0.17597514,-0.19968532,-0.96392876,-0.35045505,-0.90234524,0.25090703,-0.9198989,0.3819671,0.0888096
1356420814418,-0.2060464,-0.12434989,-0.97060907,-0.36024734,-0.91259044,0.19339217,-0.90981686,0.3895071,0.14323926
1356420814458,-0.24409312,-0.055595905,-0.9681568,-0.37647223,-0.9146204,0.14743836,-0.893693,0.40047288,0.2023223
1356420814499,-0.2764113,0.0115228295,-0.96097034,-0.39802095,-0.91151273,0.10355601,-0.8747434,0.41111037,0.25653875
1356420814538,-0.28941816,0.080724716,-0.9537927,-0.42246288,-0.90490997,0.051604345,-0.8589308,0.41787726,0.29600063
1356420814578,-0.27740985,0.15111674,-0.9487926,-0.44642878,-0.89473885,-0.011979744,-0.85073197,0.42024505,0.3156724
1356420814618,-0.24155313,0.21946496,-0.9452446,-0.4662791,-0.88051754,-0.08528118,-0.85102063,0.42014784,0.31502354
1356420814658,-0.18718058,0.2817642,-0.94104856,-0.47805798,-0.8630124,-0.1633102,-0.8581515,0.41930726,0.29623878
1356420814698,-0.121611476,0.3346308,-0.93446934,-0.47840655,-0.8446469,-0.24020597,-0.8696768,0.41784444,0.26280826
1356420814738,-0.05187583,0.3762337,-0.9250713,-0.46642995,-0.82820326,-0.31068042,-0.8830356,0.41536418,0.21845049
1356420814778,0.016764045,0.40640247,-0.91354036,-0.44430655,-0.8154767,-0.37093064,-0.895718,0.4121103,0.16689652
1356420814818,0.080527544,0.42581993,-0.90121734,-0.41607654,-0.8072513,-0.4185997,-0.90575695,0.40868422,0.112167686
1356420814858,0.13656694,0.43533272,-0.8898511,-0.38622642,-0.8037852,-0.4525024,-0.91223824,0.40548083,0.058366567
1356420814898,0.18327975,0.43590173,-0.88113457,-0.35868427,-0.80487376,-0.47278297,-0.9152891,0.40270066,0.008834064
1356420814938,0.2204284,0.42851603,-0.8762335,-0.33630943,-0.80985475,-0.4806571,-0.9155912,0.40063614,-0.034401
1356420814978,0.24856645,0.41402417,-0.87567043,-0.32066876,-0.8178909,-0.4777301,-0.91399467,0.39954782,-0.0705356
1356420815018,0.26834995,0.3930224,-0.8795008,-0.3121051,-0.8282709,-0.4653576,-0.9113609,0.39937538,-0.09960216
1356420815058,0.280268,0.36584282,-0.8874733,-0.31011528,-0.8404432,-0.4443914,-0.9084483,0.39976773,-0.12209591
1356420815098,0.28482306,0.33283725,-0.89894116,-0.3139365,-0.8536773,-0.41554663,-0.905715,0.40056768,-0.13865721
1356420815138,0.28268123,0.29460633,-0.9128518,-0.32330263,-0.86671877,-0.37983423,-0.9030874,0.40249938,-0.14975813
1356420815178,0.27441382,0.25183827,-0.92804873,-0.3382511,-0.8781407,-0.33831215,-0.90015733,0.40675104,-0.15578938
1356420815218,0.26010126,0.20496994,-0.9435755,-0.35728627,-0.8874202,-0.29125923,-0.8970473,0.41288346,-0.15758616
1356420815258,0.23968881,0.15467834,-0.95844865,-0.37652224,-0.895148,-0.23862329,-0.89486325,0.4180726,-0.15631711
1356420815298,0.21382076,0.102672935,-0.9714623,-0.39201492,-0.9018569,-0.18159968,-0.8947653,0.41965747,-0.1525864
1356420815338,0.18392348,0.052140743,-0.98155665,-0.40212038,-0.9072138,-0.123540685,-0.8969233,0.417426,-0.14589107
1356420815383,0.15170228,0.007289827,-0.98839927,-0.40720123,-0.910712,-0.06921522,-0.9006517,0.41297752,-0.13518867
1356420815419,0.11852968,-0.027656898,-0.9925653,-0.40830195,-0.9125487,-0.023331106,-0.90511894,0.40803176,-0.11945647
1356420815459,0.085543394,-0.048949793,-0.99513125,-0.40648413,-0.9136031,0.009997323,-0.90964437,0.40364987,-0.09805003
1356420815499,0.055290043,-0.052389547,-0.9970949,-0.40280706,-0.914923,0.025735945,-0.9136134,0.40021396,-0.07168901
1356420815540,0.028520286,-0.037308484,-0.9988967,-0.39911696,-0.91661555,0.0228398,-0.91645634,0.3980252,-0.041032583
1356420815579,0.0037502646,-0.0056430846,-0.99997705,-0.3980335,-0.9173634,0.0036841333,-0.9173632,0.39801052,-0.005686436
1356420815619,-0.02370441,0.036918283,-0.9990371,-0.40254584,-0.9150782,-0.02426438,-0.9150929,0.40158308,0.036552634
1356420815678,-0.059114754,0.08334777,-0.9947656,-0.41493666,-0.9083942,-0.051453054,-0.9079278,0.40972307,0.0882836
1356420815698,-0.1031394,0.12899171,-0.98626745,-0.43496156,-0.89757353,-0.071905285,-0.89452267,0.42157215,0.14868155
1356420815738,-0.14896977,0.1728734,-0.9736133,-0.4586197,-0.8843777,-0.08685674,-0.8760571,0.4335792,0.21102867
1356420815775,-0.18501037,0.21627192,-0.95864356,-0.4800691,-0.8710602,-0.10386346,-0.8574991,0.44099933,0.26498076
1356420815818,-0.20204931,0.259675,-0.94432247,-0.49507913,-0.8590233,-0.13029073,-0.8450283,0.44118917,0.30212474
1356420815858,-0.1969248,0.3020508,-0.9327304,-0.50223804,-0.84813017,-0.16861813,-0.84200805,0.43524754,0.31871933
1356420815898,-0.17133212,0.34151793,-0.9241271,-0.50163645,-0.83754456,-0.2165179,-0.84794235,0.4264793,0.31481612
1356420815938,-0.12968785,0.37619236,-0.91742045,-0.49350467,-0.8269858,-0.2693467,-0.86001986,0.41782033,0.2929027
1356420815978,-0.07765919,0.40452763,-0.9112225,-0.47788915,-0.8172438,-0.32207853,-0.8749806,0.410451,0.2567858
1356420816018,-0.021117926,0.42539832,-0.9047598,-0.45578423,-0.80954677,-0.3699928,-0.8898397,0.40456176,0.21098584
1356420816058,0.03524214,0.43846104,-0.898059,-0.42954996,-0.8047301,-0.40975153,-0.9023552,0.40020168,0.1599805
1356420816098,0.08815241,0.44399205,-0.8916839,-0.40200916,-0.80317205,-0.43966264,-0.91138226,0.3972224,0.107687384
1356420816138,0.13539797,0.44248903,-0.8864936,-0.37584537,-0.80492055,-0.45917672,-0.9167375,0.39535612,0.0573228
1356420816178,0.17579919,0.43467817,-0.8832607,-0.35333243,-0.8095879,-0.4687469,-0.9188312,0.39449,0.011260986
1356420816218,0.20882297,0.4212523,-0.8825755,-0.33622247,-0.81653404,-0.46928313,-0.9183395,0.39473882,-0.028876573
1356420816258,0.23468816,0.4030416,-0.8845784,-0.3255043,-0.8248753,-0.4621988,-0.91595227,0.39640665,-0.062396705
1356420816298,0.2541691,0.38093525,-0.8889805,-0.3214684,-0.83363134,-0.449129,-0.9121711,0.39993387,-0.08942467
1356420816338,0.26802802,0.35563913,-0.89536685,-0.3240119,-0.8419587,-0.43141842,-0.90729123,0.40574175,-0.110437214
1356420816381,0.27658582,0.3274478,-0.9034812,-0.33330902,-0.8491092,-0.40977886,-0.9013353,0.41447744,-0.12571025
1356420816419,0.2787165,0.2949593,-0.9139563,-0.34878665,-0.8555986,-0.38249028,-0.8947989,0.42538214,-0.1355916
1356420816459,0.27381998,0.25848618,-0.9263949,-0.36899385,-0.86126524,-0.34937912,-0.8881814,0.437501,-0.14045182
1356420816499,0.25962293,0.21513191,-0.9414426,-0.39022812,-0.86836493,-0.30604646,-0.8833561,0.44683406,-0.14149693
1356420816539,0.23536873,0.16404368,-0.95796204,-0.4073978,-0.8782276,-0.2504863,-0.8823993,0.44922823,-0.13987628
1356420816579,0.20265788,0.10742611,-0.9733393,-0.4169929,-0.88987565,-0.18503594,-0.88602865,0.44337457,-0.13554439
1356420816619,0.16468948,0.050257772,-0.9850642,-0.41837096,-0.9008503,-0.11590718,-0.8932206,0.43121094,-0.12733418
1356420816659,0.12484127,-0.0010072887,-0.9921762,-0.41305304,-0.90927505,-0.05104956,-0.9021096,0.41619447,-0.11393112
1356420816699,0.08601338,-0.03990771,-0.99549437,-0.40335184,-0.9150431,0.0018318743,-0.91099334,0.40137696,-0.0948028
1356420816739,0.050741732,-0.060876206,-0.9968548,-0.391559,-0.91944,0.03621754,-0.9187529,0.3884897,-0.0704906
1356420816780,0.020713568,-0.060432956,-0.9979573,-0.3800105,-0.92373323,0.0480507,-0.92475015,0.37823895,-0.04209897
1356420816819,-0.0041834116,-0.03855537,-0.9992477,-0.37126803,-0.9277742,0.037351936,-0.9285163,0.37114498,-0.010433108
1356420816859,-0.028191268,-0.0016461164,-0.9996012,-0.36803484,-0.9297357,0.011910573,-0.9293845,0.36822385,0.025604606
1356420816899,-0.055180788,0.043506846,-0.997528,-0.37278914,-0.9277039,-0.019839719,-0.9262739,0.3707729,0.06741038
1356420816939,-0.089301884,0.08697851,-0.99219954,-0.38716948,-0.9208665,-0.04587853,-0.9176737,0.38005233,0.11591047
1356420816979,-0.13031441,0.12307143,-0.98380464,-0.41029602,-0.9100098,-0.059492245,-0.9025937,0.39589846,0.16908312
1356420817019,-0.1730808,0.15066758,-0.9733151,-0.4377536,-0.89702237,-0.06101358,-0.8822782,0.4155119,0.22121263
1356420817059,-0.20970517,0.1717404,-0.9625638,-0.46313715,-0.88445795,-0.056905255,-0.86112005,0.43386573,0.2650147
1356420817098,-0.23256916,0.18939696,-0.95396024,-0.48141468,-0.8746833,-0.056291804,-0.8450747,0.44615877,0.294603
1356420817138,-0.23508382,0.20757285,-0.949552,-0.4913899,-0.86826926,-0.0681493,-0.83861285,0.4505795,0.30611533
1356420817178,-0.21478629,0.22797446,-0.9496812,-0.49429065,-0.8640218,-0.095619515,-0.8423441,0.44888085,0.2982657
1356420817218,-0.17256004,0.25136018,-0.95238703,-0.49059469,-0.8603617,-0.13818294,-0.85413104,0.44339114,0.27178007
1356420817258,-0.11368817,0.2758533,-0.95445263,-0.47886005,-0.8569434,-0.19063276,-0.87049866,0.43537658,0.22951958
1356420817298,-0.04501009,0.29914847,-0.95314443,-0.4584315,-0.85390335,-0.24635285,-0.8875892,0.4258631,0.17557329
1356420817338,0.026090741,0.3186052,-0.94752836,-0.4313403,-0.8514864,-0.29818842,-0.90181196,0.41648713,0.11521143
1356420817381,0.095081925,0.3332973,-0.9380151,-0.40125006,-0.84951496,-0.342524,-0.91102016,0.40894645,0.052962065
1356420817419,0.15028769,0.33333638,-0.93075264,-0.37495336,-0.8518918,-0.36563683,-0.9147806,0.40393955,-0.0030432642
1356420817449,0.19007552,0.31968254,-0.9282642,-0.35646123,-0.85850626,-0.3686494,-0.9147714,0.40096143,-0.049226582
1356420817489,0.21907914,0.29881018,-0.92882544,-0.3476019,-0.8655897,-0.3604545,-0.9116892,0.40182954,-0.08576566
1356420817529,0.22927266,0.25096023,-0.94045365,-0.35334748,-0.8788205,-0.3206558,-0.9069618,0.4058245,-0.11281335
1356420817569,0.21901047,0.17245123,-0.9603619,-0.37291744,-0.8947394,-0.24571127,-0.9016468,0.41194904,-0.13164723
1356420817609,0.18430138,0.05757594,-0.981182,-0.40302634,-0.9060695,-0.12887122,-0.89643896,0.41919333,-0.14378524
1356420817649,0.11951488,-0.09814286,-0.98796976,-0.43669057,-0.89887244,0.0364656,-0.89163756,0.4270789,-0.1502867
1356420817689,0.022269726,-0.2888576,-0.957113,-0.4601781,-0.85286623,0.24668859,-0.88754725,0.43494874,-0.15191905
1356420817728,-0.0928781,-0.48256063,-0.8709242,-0.45596504,-0.75698215,0.46805334,-0.8851382,0.44058287,-0.14972372
1356420817768,-0.19322413,-0.6337091,-0.7490509,-0.4221864,-0.6354458,0.6465039,-0.88567656,0.44115928,-0.1447599
1356420817808,-0.25875717,-0.7277927,-0.6351083,-0.376679,-0.5294208,0.76014906,-0.8894704,0.43592602,-0.13715282
1356420817848,-0.29399556,-0.7802396,-0.55208045,-0.33399525,-0.45733148,0.8241936,-0.8955522,0.42670155,-0.12614289
1356420817888,-0.31055027,-0.80721295,-0.5019618,-0.2984515,-0.41856593,0.8577466,-0.90248835,0.41618466,-0.11092818
1356420817928,-0.3166098,-0.81664926,-0.48253727,-0.2704447,-0.40987664,0.8711262,-0.9091853,0.40630674,-0.09108746
1356420817967,-0.31620193,-0.8101923,-0.4935633,-0.2506804,-0.43041074,0.8671251,-0.914973,0.39791328,-0.067002535
1356420818009,-0.3118974,-0.7859012,-0.5339283,-0.23962465,-0.47872853,0.8446295,-0.919402,0.39138016,-0.039007097
1356420818048,-0.30580533,-0.7385322,-0.60087705,-0.2380616,-0.5517519,0.79930997,-0.9218513,0.38747907,-0.0070874393
1356420818088,-0.30433804,-0.66849864,-0.6785926,-0.2423338,-0.63461155,0.7338546,-0.92122346,0.38778585,0.031136602
1356420818128,-0.3167162,-0.58615124,-0.7457329,-0.24770917,-0.70781034,0.6615471,-0.9156041,0.3942476,0.07898003
