1356420376481,-0.14426875,-0.06583983,0.9873458,-0.3804657,-0.91739374,-0.11676796,0.9134728,-0.39249718,0.107301384
1356420376483,-0.23384297,-0.7221792,-0.6509798,0.33299443,0.56956244,-0.75147414,0.9134726,-0.39249957,0.10729349
1356420376505,-0.23390648,-0.7222299,-0.65090066,0.3329546,0.56948936,-0.7515471,0.9134708,-0.3925121,0.10726249
1356420376535,-0.234128,-0.7224188,-0.65061134,0.33281806,0.56922,-0.7518116,0.9134638,-0.3925554,0.10716373
1356420376579,-0.23490578,-0.7230794,-0.6495964,0.33233958,0.5682743,-0.7527381,0.9134384,-0.39270914,0.10681701
1356420376622,-0.23695695,-0.72518134,-0.6465008,0.3310158,0.56537104,-0.7555026,0.9133892,-0.3930236,0.10607791
1356420376660,-0.24101278,-0.72951543,-0.6400937,0.3283118,0.55936766,-0.7611302,0.91330385,-0.39359248,0.10469383
1356420376699,-0.24739978,-0.7366611,-0.6293837,0.32391143,0.5493221,-0.770277,0.9131675,-0.3944309,0.10271078
1356420376741,-0.2557967,-0.74584305,-0.6150498,0.3180308,0.5358801,-0.78210545,0.9129209,-0.3956647,0.10012466
1356420376780,-0.26591572,-0.75653875,-0.59744287,0.31094337,0.51931643,-0.7960054,0.9124708,-0.3974412,0.09714627
1356420376820,-0.27668625,-0.76757073,-0.57816935,0.3034947,0.5010651,-0.8104472,0.91177607,-0.39971098,0.09431589
1356420376850,-0.2866288,-0.7774109,-0.55988955,0.29674155,0.4836292,-0.82343626,0.9109273,-0.402163,0.09206802
1356420376889,-0.29558986,-0.7855145,-0.5436852,0.29149792,0.46781218,-0.8343744,0.9097558,-0.4051157,0.09069532
1356420376929,-0.30345675,-0.7920757,-0.52965087,0.2878651,0.45367923,-0.8433913,0.9083213,-0.4084008,0.090338945
1356420376972,-0.31012848,-0.79709625,-0.5181291,0.28576696,0.44163695,-0.85046697,0.906729,-0.41181827,0.09081966
1356420377011,-0.3161303,-0.80084157,-0.50863945,0.28462887,0.43137679,-0.856096,0.9050126,-0.4154115,0.09157145
1356420377049,-0.32211727,-0.8036851,-0.5003308,0.28345853,0.42237598,-0.8609587,0.9032674,-0.41915262,0.0917567
1356420377093,-0.32885844,-0.806103,-0.49198586,0.28143084,0.4136393,-0.86585176,0.90147036,-0.42320266,0.090833485
1356420377132,-0.33642715,-0.8083485,-0.4831038,0.27849418,0.40465814,-0.8710297,0.89958745,-0.4275797,0.08898246
1356420377169,-0.3439983,-0.8104669,-0.47413978,0.27552566,0.39560223,-0.87611896,0.8976362,-0.43202108,0.08721793
1356420377210,-0.35135466,-0.81254053,-0.46511036,0.27338672,0.38609147,-0.88101816,0.89543813,-0.43670487,0.08648282
1356420377248,-0.35817438,-0.81466484,-0.45610574,0.27217916,0.37618977,-0.8856635,0.8931012,-0.4413644,0.08699322
1356420377289,-0.36455834,-0.81678224,-0.44717336,0.27189863,0.36592293,-0.8900402,0.89059997,-0.44605738,0.0886817
1356420377329,-0.3703603,-0.8188476,-0.4385452,0.27225035,0.3556943,-0.8940701,0.88809514,-0.45052212,0.09119648
1356420377369,-0.37489754,-0.8205993,-0.43135676,0.27352908,0.3466689,-0.8972193,0.8857955,-0.45435393,0.094492435
1356420377409,-0.37723345,-0.82174385,-0.4271205,0.27648997,0.3402322,-0.8987743,0.88388246,-0.4571423,0.098856926
1356420377449,-0.37669814,-0.8220892,-0.4269284,0.28154433,0.33746922,-0.89824677,0.88251424,-0.45856714,0.10433054
1356420377525,-0.37295675,-0.8215879,-0.43115738,0.28859365,0.33891827,-0.8954598,0.88182604,-0.458397,0.11070317
1356420377529,-0.3660046,-0.8202567,-0.4395674,0.2970209,0.3446737,-0.89049345,0.88194054,-0.45648545,0.11748129
1356420377555,-0.35777032,-0.8183341,-0.44981077,0.30521417,0.35276192,-0.8845357,0.88252187,-0.45374918,0.123559415
1356420377587,-0.34812206,-0.81598645,-0.4614945,0.31284636,0.36294258,-0.87772423,0.8837071,-0.44993204,0.12893003
1356420377630,-0.33486032,-0.81265604,-0.47692627,0.32033315,0.37782103,-0.86869895,0.88614625,-0.44366822,0.13380343
1356420377669,-0.318223,-0.8076661,-0.49639678,0.32755345,0.39769572,-0.8570571,0.8896308,-0.43533167,0.1379978
1356420377709,-0.29866856,-0.80059975,-0.5194584,0.3342194,0.42208982,-0.8426966,0.8939209,-0.42530006,0.14151102
1356420377750,-0.27681863,-0.79097986,-0.54563934,0.34015098,0.4504032,-0.82549036,0.8987039,-0.4141109,0.14437258
1356420377790,-0.25326118,-0.77841485,-0.5743947,0.34500265,0.48203442,-0.805367,0.9037876,-0.40213585,0.14647454
1356420377830,-0.22927046,-0.76280475,-0.6046189,0.34840086,0.51569873,-0.78273344,0.90887403,-0.3901074,0.1475274
1356420377869,-0.2067177,-0.7448242,-0.6344325,0.35009584,0.5491946,-0.75882685,0.91361946,-0.37897515,0.14723164
1356420377909,-0.1874417,-0.7258825,-0.66178566,0.35018474,0.5800777,-0.7354458,0.9177343,-0.36960047,0.14546221
1356420377949,-0.17246425,-0.7076454,-0.6851964,0.34916624,0.6065294,-0.7142864,0.9210533,-0.36243623,0.14248127
1356420377989,-0.16160426,-0.6914221,-0.7041446,0.3478861,0.6278043,-0.6963024,0.9235039,-0.35748753,0.13908023
1356420378030,-0.15381011,-0.6778494,-0.7189316,0.34740248,0.64403915,-0.6815607,0.9250156,-0.35458952,0.1364268
1356420378069,-0.14756906,-0.6667744,-0.7305034,0.34865594,0.6561068,-0.6693002,0.92556053,-0.35346243,0.13565385
1356420378109,-0.14130005,-0.6574453,-0.74013495,0.35182,0.66548145,-0.6582987,0.9253415,-0.35341197,0.13726991
1356420378149,-0.13418901,-0.6491734,-0.7487105,0.35600725,0.6735217,-0.64778656,0.9247985,-0.35347217,0.14073116
1356420378189,-0.12717164,-0.6421407,-0.75596464,0.36031502,0.6801794,-0.63838,0.9241214,-0.35356933,0.14487344
1356420378228,-0.12334791,-0.6377502,-0.76030266,0.36465007,0.68342555,-0.6324239,0.9229386,-0.3552525,0.14825654
1356420378270,-0.12615502,-0.6373662,-0.76016396,0.36952317,0.6809457,-0.63227016,0.920618,-0.36066228,0.1496169
1356420378310,-0.13702679,-0.6407119,-0.7554547,0.37477803,0.6724231,-0.63827,0.9169324,-0.37058794,0.14798474
1356420378349,-0.15482691,-0.6456636,-0.7477614,0.37890914,0.66019833,-0.6485107,0.91239053,-0.38374054,0.14243138
1356420378389,-0.17673165,-0.6492712,-0.73973835,0.37990755,0.6483279,-0.6598039,0.90798473,-0.3976404,0.13208294
1356420378429,-0.19986838,-0.6491397,-0.73394156,0.3765778,0.64063287,-0.66916263,0.9045671,-0.41013062,0.11640936
1356420378469,-0.22201505,-0.64380425,-0.7322741,0.36913317,0.6396202,-0.67426014,0.90246886,-0.42000255,0.095644236
1356420378524,-0.2417897,-0.63272554,-0.7356603,0.35867512,0.64617896,-0.6736504,0.90160406,-0.4267448,0.07070351
1356420378549,-0.25807592,-0.61567813,-0.7445382,0.34638506,0.6604452,-0.6662053,0.9018947,-0.42982852,0.0428167
1356420378589,-0.2702122,-0.5926088,-0.758815,0.33239233,0.6822572,-0.6511839,0.9036043,-0.42818207,0.012624443
1356420378629,-0.2787372,-0.56388164,-0.77739507,0.3145442,0.71122503,-0.628666,0.907396,-0.41975766,-0.02087915
1356420378669,-0.2853933,-0.5303569,-0.79829335,0.2896902,0.7462387,-0.5993391,0.913581,-0.4023051,-0.05933231
1356420378709,-0.2938894,-0.4961431,-0.81698906,0.2533068,0.7837475,-0.5670763,0.9216641,-0.37360662,-0.10465866
1356420378748,-0.30662516,-0.46617103,-0.82985884,0.2058111,0.81875896,-0.535981,0.9293131,-0.3351394,-0.15510893
1356420378789,-0.32240993,-0.4435864,-0.8362314,0.1552394,0.84666723,-0.50897485,0.93378407,-0.2939146,-0.20411181
1356420378829,-0.33715168,-0.4270439,-0.8390247,0.1139638,0.866138,-0.48663884,0.9345272,-0.2596895,-0.2433523
1356420378869,-0.34656268,-0.41150126,-0.8429478,0.09191665,0.879417,-0.46709427,0.9335125,-0.2393584,-0.2669493
1356420378909,-0.34695336,-0.38927805,-0.85327953,0.09360163,0.8908795,-0.4444912,0.93319994,-0.23408604,-0.27265656
1356420378948,-0.33446652,-0.350618,-0.8747566,0.11949173,0.9049453,-0.4084063,0.93480146,-0.24112442,-0.26077795
1356420378989,-0.30474496,-0.28634644,-0.90837014,0.1662885,0.9230904,-0.3467741,0.9378053,-0.25672913,-0.23369104
1356420379030,-0.25263268,-0.1901802,-0.9486877,0.2263365,0.94167274,-0.24904667,0.9407171,-0.27763996,-0.19485259
1356420379069,-0.174627,-0.06333195,-0.98259574,0.2860796,0.9516169,-0.11217735,0.9421591,-0.30068982,-0.14806002
1356420379109,-0.07638791,0.07704322,-0.9940972,0.32845438,0.9433061,0.04786797,0.94142586,-0.32285905,-0.0973624
1356420379148,0.024460346,0.20115446,-0.9792541,0.3444376,0.91787505,0.19714978,0.9384905,-0.3421143,-0.046833634
1356420379189,0.110015124,0.2873873,-0.95147526,0.3404286,0.88848954,0.30772522,0.93381214,-0.35776386,-8.755922E-5
1356420379228,0.17396057,0.3343523,-0.9262539,0.3291757,0.8667454,0.3746942,0.9281062,-0.3700823,0.040718853
1356420379269,0.21816394,0.3504325,-0.91082466,0.31935468,0.856285,0.40594172,0.92218065,-0.37943798,0.07489824
1356420379309,0.2457847,0.34340212,-0.90645725,0.31442484,0.8563341,0.40966928,0.91691154,-0.38570315,0.102499664
1356420379348,0.2580915,0.31697595,-0.9126417,0.3151099,0.8653691,0.38966918,0.9132877,-0.38815278,0.12346214
1356420379389,0.25449207,0.27210182,-0.9280056,0.32055533,0.88161564,0.3464074,0.9124024,-0.38563508,0.13714051
1356420379429,0.23554686,0.21106726,-0.94866663,0.32899725,0.9011823,0.28219014,0.91448265,-0.3785777,0.14283007
1356420379469,0.20577443,0.14183915,-0.9682657,0.33825088,0.91814643,0.20638183,0.9182827,-0.36998484,0.14095384
1356420379525,0.17177522,0.07538386,-0.9822477,0.3474362,0.9283652,0.13200814,0.9218359,-0.36394414,0.13327903
1356420379549,0.13841963,0.020877555,-0.9901536,0.3562944,0.93178874,0.06945549,0.9240641,-0.36240017,0.121539295
1356420379589,0.10942215,-0.014311641,-0.9938924,0.3643957,0.93086094,0.026713982,0.9247933,-0.36509317,0.10707188
1356420379628,0.08813575,-0.024041966,-0.9958183,0.37179852,0.9282541,0.010495558,0.9241201,-0.3711688,0.09075117
1356420379669,0.07831067,-0.0018848181,-0.9969272,0.37849206,0.9251815,0.027982146,0.92228585,-0.37952033,0.073165
1356420379709,0.083765835,0.05856453,-0.9947631,0.38349938,0.9194883,0.08642617,0.91973454,-0.38873056,0.05456227
1356420379749,0.10767338,0.16362105,-0.98062974,0.38310087,0.9033629,0.1927934,0.9174095,-0.3964388,0.03458476
1356420379789,0.14262328,0.30315354,-0.9422083,0.37285462,0.86535764,0.33486643,0.9168631,-0.39906648,0.010387957
1356420379829,0.16795772,0.44589934,-0.8791837,0.35495493,0.80467737,0.4759216,0.9196723,-0.3920053,-0.02312237
1356420379868,0.16314691,0.5578409,-0.8137546,0.3416996,0.7418091,0.5770273,0.92554003,-0.37219986,-0.06959015
1356420379909,0.12987885,0.6330307,-0.76315373,0.34101647,0.6942008,0.6338714,0.931042,-0.34257448,-0.12571192
1356420379949,0.09249008,0.68984413,-0.7180255,0.3486726,0.65302026,0.67230344,0.9326698,-0.31253725,-0.18013191
1356420379988,0.07857761,0.74801296,-0.659016,0.35628587,0.5963287,0.71934164,0.9310671,-0.29132223,-0.21964842
1356420380029,0.09742615,0.80889904,-0.57981944,0.35493127,0.51604414,0.77956545,0.9298022,-0.28174615,-0.23682737
1356420380069,0.1381036,0.85934484,-0.49239594,0.33725473,0.42664552,0.83918583,0.9312286,-0.28195748,-0.23089683
1356420380109,0.18379447,0.89019775,-0.41685432,0.30364296,0.35192117,0.8854109,0.9348907,-0.28930855,-0.20562112
1356420380148,0.22677772,0.90376735,-0.3630103,0.25911012,0.30330378,0.91698897,0.93884706,-0.30201232,-0.16539276
1356420380189,0.26498222,0.90486145,-0.333182,0.20998362,0.28309065,0.93582404,0.9411118,-0.3179395,-0.11499208
1356420380229,0.29867247,0.89713144,-0.32549936,0.16218397,0.2883928,0.9436768,0.94047385,-0.3346411,-0.05936539
1356420380269,0.32778114,0.881914,-0.3388025,0.12241039,0.3159464,0.9408472,0.9367899,-0.3498649,-0.0043942034
1356420380310,0.35240954,0.8592783,-0.3707401,0.09526202,0.36115968,0.9276253,0.93098474,-0.36222145,0.045419514
1356420380349,0.3710847,0.82708806,-0.4221629,0.08436847,0.42271358,0.90232766,0.92475843,-0.37045726,0.08708233
1356420380380,0.3826544,0.7821335,-0.49177513,0.09062588,0.49794373,0.862461,0.919436,-0.37459204,0.11965883
1356420380420,0.38253444,0.72358847,-0.57453215,0.11079052,0.5814176,0.8060267,0.9172747,-0.37198567,0.14224553
1356420380458,0.36639988,0.6374884,-0.6777607,0.14758022,0.67937934,0.7187933,0.918679,-0.36338985,0.1548438
1356420380520,0.33365294,0.5233504,-0.7840791,0.19296074,0.7762154,0.60021317,0.92273605,-0.35155937,0.15800047
1356420380540,0.28927708,0.3921588,-0.8732298,0.23823416,0.85403514,0.46245912,0.92712635,-0.34181198,0.15362716
1356420380579,0.23895285,0.2611102,-0.93526626,0.27896345,0.90410626,0.3236837,0.9300972,-0.33825025,0.14319855
1356420380619,0.18579677,0.14326619,-0.9720876,0.31319928,0.92907494,0.1967893,0.93133545,-0.34101996,0.12774825
1356420380659,0.13330406,0.048355773,-0.9898948,0.33925468,0.93624175,0.09142053,0.9312015,-0.34801316,0.10839993
1356420380699,0.08557239,-0.018151,-0.9961666,0.3575862,0.9337796,0.0137030035,0.9299513,-0.35738802,0.08639628
1356420380739,0.047261182,-0.052951798,-0.99747807,0.37001556,0.9284826,-0.03175755,0.92782265,-0.36758155,0.06347418
1356420380779,0.020051178,-0.057350278,-0.99815273,0.37894028,0.92430216,-0.045494825,0.9252039,-0.37732807,0.04026568
1356420380820,0.0018197,-0.035207897,-0.99937826,0.38496897,0.92238164,-0.03179437,0.9229277,-0.3846718,0.015232384
1356420380859,-0.015282452,0.0041920096,-0.9998744,0.38604897,0.92247605,-0.0020330101,0.92235166,-0.38603157,-0.015716016
1356420380899,-0.045326352,0.04183729,-0.9980957,0.3777429,0.92565745,0.021646515,0.92480034,-0.37604243,-0.057760417
1356420380939,-0.094246775,0.062561125,-0.9935812,0.35716918,0.9337074,0.024911612,0.92927265,-0.35252875,-0.110343814
1356420380980,-0.15413532,0.06162761,-0.98612595,0.3264742,0.94517195,0.008039042,0.932554,-0.3207056,-0.1658042
1356420381020,-0.20534128,0.053906925,-0.97720474,0.29681504,0.9548858,-0.009694397,0.93259627,-0.2920397,-0.21207786
1356420381058,-0.23197019,0.06024511,-0.9708554,0.28200513,0.9593808,-0.007847488,0.93094724,-0.2756066,-0.23953718
1356420381099,-0.22455132,0.099604264,-0.9693584,0.28945708,0.9566808,0.031249024,0.9304791,-0.27357063,-0.24365509
1356420381139,-0.18016863,0.17840663,-0.9673212,0.31359726,0.94251496,0.11542237,0.9323068,-0.2825538,-0.22575945
1356420381179,-0.100504726,0.28960726,-0.95185417,0.33926174,0.9093367,0.24084893,0.93530756,-0.29872122,-0.18964529
1356420381219,0.0015261768,0.40734875,-0.91327137,0.34828722,0.8558739,0.38232958,0.9373866,-0.31866425,-0.14056814
1356420381259,0.10345331,0.50074035,-0.85939306,0.3337929,0.79644287,0.50424314,0.9369523,-0.33902493,-0.084748924
1356420381299,0.18952262,0.5573758,-0.8083399,0.30417246,0.74943244,0.58807325,0.9335739,-0.35732797,-0.027503967
1356420381339,0.25243783,0.576684,-0.7769882,0.2741974,0.7274457,0.62899804,0.92794985,-0.37183106,0.025509596
1356420381379,0.29505733,0.5687445,-0.76777,0.2525789,0.7285323,0.63674533,0.9214906,-0.38179886,0.07130593
1356420381419,0.31998047,0.53910184,-0.7790903,0.24286297,0.7481749,0.6174559,0.91576743,-0.386786,0.10847348
1356420381458,0.3290363,0.49122876,-0.8064921,0.24474944,0.7805016,0.5752521,0.9120487,-0.38666728,0.13658541
1356420381524,0.32274565,0.42749834,-0.8444409,0.2555666,0.8196846,0.5126431,0.9113292,-0.3812642,0.15529537
1356420381540,0.3022875,0.35036623,-0.88649064,0.27202553,0.8596175,0.4325041,0.91357774,-0.37188867,0.16454303
1356420381579,0.271824,0.26726487,-0.9244897,0.2904602,0.89307433,0.34358573,0.91746634,-0.36192232,0.16512924
1356420381619,0.23639548,0.18708202,-0.9534765,0.30902442,0.9158629,0.25631827,0.9212063,-0.35524005,0.15869296
1356420381659,0.19894445,0.117316805,-0.9729634,0.32629755,0.9282332,0.17864227,0.9240946,-0.35301548,0.14638668
1356420381699,0.16123277,0.06364213,-0.9848622,0.34076416,0.93295574,0.11607474,0.92622006,-0.35432082,0.12873608
1356420381739,0.1283817,0.03428544,-0.9911321,0.350734,0.93324506,0.07771373,0.92763346,-0.35760072,0.107786536
1356420381779,0.10398519,0.03310807,-0.9940277,0.3571338,0.9315464,0.06838676,0.92824703,-0.3621121,0.08504301
1356420381820,0.091648966,0.064087406,-0.99372697,0.36099368,0.9279058,0.09313601,0.92805386,-0.367265,0.061906457
1356420381859,0.09180212,0.12673418,-0.98767954,0.36234963,0.91961724,0.15168019,0.9275102,-0.3718099,0.038500726
1356420381899,0.09718725,0.21082017,-0.97268164,0.36051866,0.90347946,0.23184308,0.927675,-0.37320206,0.011802077
1356420381957,0.095063865,0.29960686,-0.94931483,0.3560068,0.88033265,0.3134862,0.9296354,-0.36776373,-0.022974253
1356420381979,0.07228568,0.3715676,-0.92558753,0.3520236,0.8587867,0.37224308,0.9331957,-0.3527365,-0.068722546
1356420382019,0.027366102,0.41635874,-0.90878856,0.35045007,0.84743255,0.3988017,0.93618155,-0.32939866,-0.12272203
1356420382060,-0.02422595,0.44096527,-0.8971971,0.35077682,0.84414995,0.40542138,0.93614566,-0.3048942,-0.17513072
1356420382086,-0.06655222,0.45507273,-0.8879638,0.35232714,0.84332675,0.40579003,0.93350756,-0.28584749,-0.21645975
1356420382115,-0.09235716,0.46714646,-0.87934315,0.3553084,0.84044164,0.4091623,0.9301753,-0.27464893,-0.24360186
1356420382157,-0.08724916,0.4912465,-0.8666398,0.36043605,0.82658446,0.43225455,0.92869455,-0.2746544,-0.24918175
1356420382199,-0.061870813,0.51165134,-0.8569626,0.36226562,0.8115663,0.4583926,0.9300192,-0.282087,-0.23556596
1356420382239,-0.021713734,0.52649367,-0.8499018,0.3588,0.7975738,0.48491096,0.933162,-0.29441553,-0.2062242
1356420382279,0.025658846,0.5318916,-0.8464236,0.35028294,0.7882384,0.5059467,0.9362924,-0.30946976,-0.16608727
1356420382319,0.07464704,0.5272514,-0.8464241,0.33828932,0.7850711,0.5188678,0.93807685,-0.3250682,-0.119760334
1356420382360,0.12038404,0.5128922,-0.84997016,0.3252779,0.7885516,0.52190095,0.9379243,-0.33930504,-0.07190347
1356420382400,0.16102454,0.49138218,-0.8559292,0.31323975,0.7969632,0.5164596,0.93592316,-0.35127375,-0.025589824
1356420382440,0.19487464,0.4641239,-0.8640676,0.30372798,0.8090991,0.5030984,0.9326163,-0.3604826,0.016705513
1356420382479,0.2216391,0.43348235,-0.87348104,0.29678243,0.8232776,0.4838741,0.9288683,-0.36647925,0.05382055
1356420382523,0.24071383,0.40050337,-0.8841119,0.29184172,0.83887726,0.4594707,0.9256809,-0.3686217,0.085045755
1356420382561,0.25141183,0.3656989,-0.8961342,0.28804615,0.85565066,0.42999,0.92402464,-0.36623257,0.10978252
1356420382600,0.25321916,0.3291241,-0.90970176,0.28504002,0.87322146,0.39526772,0.9244632,-0.3593908,0.12730289
1356420382640,0.24777472,0.29195532,-0.92378014,0.28388736,0.889779,0.35735324,0.9262913,-0.35079262,0.1375823
1356420382679,0.23839927,0.25689888,-0.9365728,0.28664267,0.9028024,0.32059902,0.92790174,-0.34489232,0.14158922
1356420382719,0.2268419,0.22631922,-0.94727105,0.2947528,0.9110607,0.2882521,0.92825836,-0.34459844,0.1399585
1356420382759,0.21332574,0.20231563,-0.9558036,0.30692285,0.9149148,0.26216274,0.9275184,-0.349284,0.13307959
1356420382800,0.19835615,0.18745926,-0.96203625,0.32068232,0.91510385,0.2444336,0.9261844,-0.35699296,0.12140161
1356420382840,0.18378672,0.18455294,-0.96548563,0.33397225,0.912063,0.23791501,0.9244917,-0.36617103,0.105989516
1356420382879,0.17191923,0.195416,-0.96553415,0.3456985,0.9058276,0.2448856,0.92246205,-0.37588426,0.088174164
1356420382920,0.1642729,0.22015455,-0.96153337,0.35510084,0.896224,0.26586828,0.92028135,-0.38511625,0.069048285
1356420382960,0.1594221,0.2562671,-0.95336866,0.36130026,0.8835746,0.29792288,0.9187201,-0.39194784,0.048271954
1356420382999,0.15084776,0.2979805,-0.94257766,0.36352104,0.8699597,0.3332005,0.9192918,-0.39290935,0.022909284
1356420383039,0.1277641,0.33649135,-0.9329791,0.36154288,0.8601598,0.35973862,0.92356,-0.38327363,-0.011758506
1356420383079,0.08252278,0.3626566,-0.92826194,0.3554929,0.8594526,0.36737737,0.9310289,-0.36030754,-0.057997406
1356420383119,0.01841116,0.3711686,-0.92838293,0.34534538,0.8690317,0.3542886,0.93829507,-0.32713565,-0.112181485
1356420383159,-0.046803534,0.36596987,-0.9294491,0.33343366,0.88282466,0.33082113,0.9416112,-0.294426,-0.163346
1356420383200,-0.09500301,0.35604736,-0.92962605,0.324424,0.8939401,0.3092251,0.9411288,-0.2722157,-0.2004373
1356420383240,-0.116307914,0.35014337,-0.9294472,0.32150614,0.8986864,0.2983229,0.9397373,-0.26412567,-0.21709758
1356420383279,-0.109494,0.35246268,-0.9293983,0.3241696,0.8965601,0.3018182,0.939641,-0.2682354,-0.21242559
1356420383319,-0.07613665,0.36450434,-0.9280839,0.33016527,0.8874929,0.3214767,0.9408475,-0.28194493,-0.18791741
1356420383359,-0.023183823,0.3818252,-0.92394364,0.33560377,0.8735347,0.35257232,0.94171786,-0.30190504,-0.14839387
1356420383399,0.042141438,0.40022388,-0.91544795,0.33672878,0.8569662,0.3901572,0.9406582,-0.3246995,-0.09865314
1356420383440,0.1103448,0.41400546,-0.90356153,0.33165175,0.8416679,0.42614818,0.9369264,-0.346691,-0.044431984
1356420383478,0.17211348,0.4186875,-0.8916713,0.3222249,0.83145416,0.45260927,0.9308857,-0.36521885,0.008192956
1356420383525,0.22198653,0.41313127,-0.8832013,0.31204155,0.8280635,0.46576917,0.9237706,-0.37899,0.05490482
1356420383560,0.2570731,0.39735293,-0.88092226,0.30436242,0.83187777,0.46405056,0.9172115,-0.38741454,0.092914104
1356420383599,0.27732337,0.37326124,-0.88530654,0.3000743,0.84170395,0.4488762,0.91271406,-0.3901416,0.12141806
1356420383639,0.2840086,0.34256613,-0.8955376,0.29837322,0.85604745,0.4220855,0.91121495,-0.38708034,0.1409123
1356420383678,0.27916533,0.30743197,-0.909699,0.2973908,0.8731038,0.3863269,0.9130309,-0.3783852,0.15231287
1356420383719,0.26524308,0.26983774,-0.92565316,0.29607165,0.8908634,0.3445346,0.9175989,-0.36544505,0.15640408
1356420383759,0.2464017,0.23250286,-0.9408658,0.29570895,0.90646935,0.30144563,0.92295307,-0.35249922,0.15460241
1356420383800,0.22688895,0.19865713,-0.9534447,0.29891476,0.9175219,0.2623044,0.92691505,-0.34451267,0.14879405
1356420383840,0.20824966,0.1706966,-0.96306527,0.30671132,0.9235898,0.23002198,0.9287412,-0.34328505,0.1399827
1356420383879,0.19032025,0.15061258,-0.9701,0.3177144,0.92553306,0.20602453,0.92888945,-0.3474254,0.1282959
1356420383919,0.17373464,0.14127955,-0.9746057,0.32940817,0.92431223,0.19270973,0.9280659,-0.35452342,0.114046395
1356420383959,0.16055715,0.14624491,-0.9761321,0.33970064,0.9203581,0.19376379,0.92672807,-0.36270285,0.09809059
1356420384000,0.15286031,0.16771457,-0.9739125,0.3477454,0.91333836,0.21186359,0.9250442,-0.37105912,0.0812912
1356420384040,0.15146503,0.20599796,-0.96675915,0.35309756,0.9022367,0.24757032,0.92324454,-0.3788585,0.06391996
1356420384079,0.15432712,0.25898993,-0.95347124,0.35493386,0.8860803,0.29813358,0.9220657,-0.3844293,0.044821918
1356420384119,0.15336892,0.3188186,-0.93532485,0.35311052,0.8663472,0.3532075,0.9229252,-0.3844441,0.02029252
1356420384159,0.13720903,0.37403604,-0.917208,0.3487495,0.8484346,0.39816126,0.92711776,-0.37450716,-0.014032006
1356420384200,0.0976091,0.41252765,-0.90570056,0.34341535,0.8401895,0.41969928,0.93409765,-0.35199794,-0.05965817
1356420384240,0.040040135,0.43042067,-0.90173995,0.3370494,0.8437522,0.41770792,0.9406352,-0.320656,-0.111289084
1356420384279,-0.018280685,0.43345574,-0.9009894,0.32989392,0.85328996,0.40381464,0.943841,-0.2898489,-0.15859312
1356420384319,-0.059674233,0.4328041,-0.8995107,0.32462353,0.8605498,0.3925221,0.94395894,-0.2685789,-0.19185102
1356420384362,-0.07394165,0.43814832,-0.8958564,0.3237089,0.8602187,0.3940004,0.94326305,-0.26086366,-0.2054385
1356420384399,-0.060188502,0.45282882,-0.88956356,0.32618427,0.85117745,0.4112186,0.9433881,-0.265411,-0.1989367
1356420384439,-0.020420402,0.47683114,-0.87875766,0.32866925,0.8332921,0.44452307,0.9442243,-0.27974328,-0.17373586
1356420384478,0.036002874,0.5019969,-0.86411977,0.3267259,0.81124985,0.4848957,0.9444332,-0.29978794,-0.13480806
1356420384525,0.10061884,0.52285725,-0.8464609,0.31771612,0.7893472,0.52534515,0.94283205,-0.32179388,-0.08669698
1356420384560,0.16249728,0.5326108,-0.8306145,0.30300477,0.77419275,0.5557101,0.93903285,-0.34198153,-0.035579383
1356420384599,0.2151685,0.5298066,-0.8203704,0.28667194,0.7687717,0.57167244,0.9335533,-0.35818306,0.013534784
1356420384639,0.2550277,0.5146199,-0.818613,0.27339143,0.773686,0.571548,0.9274793,-0.36956233,0.05661869
1356420384679,0.28205752,0.48989162,-0.8248938,0.2654883,0.78637284,0.55779356,0.9219325,-0.37632954,0.09174186
1356420384719,0.29747525,0.4583474,-0.83751184,0.26329592,0.8038212,0.5334293,0.9177057,-0.37919545,0.11843592
1356420384759,0.30231056,0.42154613,-0.8549311,0.2663503,0.82381463,0.50038695,0.9152409,-0.3789834,0.13676894
1356420384799,0.29683605,0.38041863,-0.8758824,0.27355614,0.8449069,0.45967314,0.9149072,-0.37605056,0.14673299
1356420384839,0.28181192,0.3358176,-0.8987817,0.28361955,0.8657302,0.41239694,0.91659266,-0.37113044,0.14872867
1356420384879,0.26027426,0.2903734,-0.9208369,0.29511788,0.8841405,0.36221668,0.9193274,-0.36603114,0.14442462
1356420384919,0.23528293,0.24741265,-0.93990904,0.30680814,0.8987042,0.3133681,0.9222314,-0.36210188,0.13554156
1356420384959,0.20911509,0.21052518,-0.95496076,0.3170422,0.9092072,0.26986378,0.92507035,-0.35919547,0.12338358
1356420385000,0.18376872,0.18394321,-0.9656055,0.32452786,0.91590047,0.236237,0.92785275,-0.35677883,0.10861915
1356420385041,0.16222355,0.17262475,-0.971537,0.32893908,0.9188018,0.21817961,0.9303131,-0.35497037,0.09226823
1356420385079,0.14752415,0.18079022,-0.9723947,0.33075604,0.91753006,0.2207693,0.93211424,-0.35419422,0.07556039
1356420385119,0.14119154,0.21013756,-0.9674229,0.3306684,0.9110787,0.24615856,0.93312556,-0.3546517,0.059150755
1356420385159,0.14276984,0.26047873,-0.9548652,0.3283983,0.8976292,0.29396683,0.933687,-0.3555457,0.042613626
1356420385199,0.14553353,0.3237607,-0.9348791,0.32410985,0.87719345,0.35423785,0.9347581,-0.35455704,0.022727013
1356420385240,0.13789046,0.38750264,-0.9114976,0.31886354,0.85392493,0.41126424,0.9377165,-0.34735274,-0.005812347
1356420385279,0.11072144,0.4387423,-0.89176565,0.31540206,0.8353878,0.4501651,0.9424767,-0.33110768,-0.045884907
1356420385319,0.06552774,0.4712214,-0.8795776,0.31524092,0.82655215,0.46629897,0.94674677,-0.30783436,-0.09438616
1356420385359,0.017206848,0.4889778,-0.87212646,0.31862897,0.82409775,0.46833587,0.94772327,-0.28594333,-0.14162236
1356420385398,-0.016898751,0.5006204,-0.86550194,0.3253206,0.8212779,0.4686887,0.94545275,-0.27364537,-0.1767407
1356420385439,-0.025527477,0.5140916,-0.8573554,0.3340782,0.81271374,0.47737634,0.94219965,-0.2742375,-0.19249332
1356420385478,-0.0073212385,0.5307714,-0.8474834,0.34134072,0.7979283,0.49678665,0.9399111,-0.28564352,-0.18701571
1356420385524,0.035482407,0.5500474,-0.8343793,0.34327453,0.777398,0.5270816,0.93856466,-0.3051233,-0.1612333
1356420385560,0.09457618,0.5660584,-0.818922,0.33749998,0.7556624,0.5613093,0.93656236,-0.3294726,-0.11957705
1356420385599,0.15933299,0.57331574,-0.8036928,0.32450533,0.73844093,0.59110177,0.93236756,-0.35498464,-0.06838602
1356420385639,0.22002637,0.5690677,-0.7923069,0.30770057,0.7302594,0.6099521,0.92569363,-0.37799883,-0.014426112
1356420385678,0.26955527,0.55305696,-0.78833246,0.29233465,0.733006,0.6142009,0.91754043,-0.39601797,0.035907924
1356420385719,0.3054408,0.52761996,-0.79266834,0.2819197,0.74502075,0.6045373,0.90952027,-0.40811914,0.078813314
1356420385759,0.3264424,0.49377576,-0.8059906,0.27852252,0.7645949,0.58122265,0.90325,-0.41422227,0.112068534
1356420385799,0.333904,0.45446903,-0.8258122,0.2803979,0.7885446,0.5473339,0.8999361,-0.414313,0.13586605
1356420385840,0.32935923,0.4106995,-0.85020494,0.28538972,0.8150282,0.5042636,0.9000418,-0.4087236,0.15122765
1356420385878,0.31485412,0.36394078,-0.8765923,0.2913847,0.84190226,0.45419776,0.9033061,-0.3984316,0.1590296
1356420385919,0.29280767,0.31630415,-0.9023388,0.29737836,0.86677396,0.40033615,0.9087518,-0.38555753,0.15973604
1356420385959,0.26674268,0.27082235,-0.9249343,0.30405313,0.88704807,0.34741536,0.91454905,-0.37389967,0.15426922
1356420385999,0.23876339,0.23090307,-0.94322634,0.31212854,0.9015277,0.2997058,0.9195477,-0.36596662,0.14318037
1356420386040,0.2100046,0.19982907,-0.95706135,0.3209776,0.91054296,0.2605473,0.9235104,-0.3619114,0.12707758
1356420386078,0.18266842,0.1814457,-0.9662865,0.32928574,0.9147705,0.23402092,0.9263925,-0.36093262,0.1073522
1356420386119,0.15957257,0.17910132,-0.97080344,0.3366414,0.91458607,0.22406423,0.9280135,-0.36256713,0.08564991
1356420386159,0.14365253,0.19544455,-0.97013676,0.34293786,0.9097316,0.23405561,0.92830896,-0.36631933,0.06365991
1356420386199,0.13623539,0.23060033,-0.9634643,0.34766403,0.8995494,0.26446286,0.927669,-0.37099108,0.04237902
1356420386239,0.13433638,0.28018224,-0.9505007,0.35026437,0.88385,0.31003898,0.9269674,-0.3745761,0.020595372
1356420386279,0.12984845,0.33582637,-0.9329309,0.35135618,0.8642582,0.36000922,0.9271937,-0.37453768,-0.005772054
1356420386319,0.111097455,0.38618666,-0.91570586,0.35355908,0.84576946,0.39958724,0.92879134,-0.36814925,-0.04257697
1356420386359,0.073132575,0.42360738,-0.9028889,0.3588492,0.83350265,0.42011973,0.93052614,-0.3547254,-0.091054976
1356420386400,0.021397293,0.44489303,-0.89532804,0.36677882,0.82959896,0.42099747,0.93006206,-0.33739558,-0.14542615
1356420386440,-0.028858036,0.45388415,-0.8905933,0.37556168,0.83061016,0.41114482,0.926348,-0.32260785,-0.1944313
1356420386479,-0.062464148,0.45755306,-0.88698554,0.38422337,0.831249,0.40174308,0.9211246,-0.31570604,-0.22772586
1356420386523,-0.07187793,0.46116877,-0.8843964,0.39153117,0.828563,0.40023333,0.9173532,-0.31750083,-0.24011731
1356420386560,-0.05740118,0.46616924,-0.88283145,0.3951527,0.8226822,0.4087155,0.9168203,-0.32539248,-0.23143095
1356420386599,-0.023802161,0.4709937,-0.8818155,0.39314967,0.8154045,0.4249104,0.9191664,-0.33657166,-0.20457941
1356420386639,0.021070749,0.4722662,-0.88120407,0.38549322,0.80940765,0.44300577,0.92247003,-0.34903267,-0.16500062
1356420386678,0.070670485,0.46837628,-0.88069826,0.3733821,0.8062977,0.45876992,0.9249819,-0.36125845,-0.11790186
1356420386719,0.1203056,0.45894426,-0.8802822,0.35864097,0.8067435,0.4696185,0.9256907,-0.372203,-0.06754047
1356420386759,0.16594127,0.44381458,-0.8806203,0.34424555,0.81075275,0.4734713,0.9240988,-0.38171807,-0.01824385
1356420386800,0.20635816,0.424546,-0.8815764,0.33253115,0.8169155,0.47124526,0.92023873,-0.39039692,0.027402401
1356420386840,0.24070719,0.40243953,-0.8832341,0.32430422,0.82434297,0.4639886,0.9148151,-0.39812195,0.0679124
1356420386879,0.267565,0.37842485,-0.8861171,0.31870148,0.83312696,0.4520275,0.9093065,-0.40335357,0.102311075
1356420386920,0.28512275,0.353067,-0.891094,0.31408647,0.8439365,0.43488035,0.90556866,-0.40387484,0.12973195
1356420386960,0.2920002,0.3268553,-0.89883333,0.30939758,0.85697615,0.41214687,0.9049911,-0.39844382,0.14910895
1356420386999,0.288646,0.30071226,-0.90898603,0.3051584,0.87098765,0.38504383,0.90750307,-0.3885261,0.15964222
1356420387039,0.2780473,0.27626225,-0.9199831,0.3035744,0.8833895,0.3570231,0.9113354,-0.37855265,0.16175789
1356420387085,0.26315787,0.25540334,-0.9303317,0.30711424,0.8919783,0.331746,0.91456485,-0.37301973,0.1562931
1356420387126,0.24698585,0.24049222,-0.93870205,0.31513423,0.89612186,0.31249964,0.9163452,-0.37300014,0.14554209
1356420387145,0.23277709,0.23348212,-0.9440874,0.32383424,0.8967478,0.30162016,0.91703117,-0.3759381,0.13313282
1356420387187,0.21695033,0.231767,-0.94827026,0.33694583,0.89392626,0.29557297,0.9161877,-0.38364038,0.11584467
1356420387229,0.20375684,0.24203834,-0.94863087,0.35033402,0.8867704,0.30150336,0.9141932,-0.39377105,0.0958913
1356420387269,0.19397736,0.2630762,-0.94507337,0.36253726,0.8759489,0.31824547,0.91155887,-0.40435678,0.074539304
1356420387309,0.18705812,0.29335693,-0.93752384,0.37193862,0.8621681,0.34398815,0.9092145,-0.4130471,0.052164793
1356420387349,0.17756289,0.3286947,-0.9275943,0.37787843,0.84754354,0.37266317,0.908669,-0.416689,0.026285648
1356420387388,0.15620872,0.36352313,-0.91839516,0.3804103,0.83594084,0.39558917,0.9115299,-0.41116148,-0.0077067018
1356420387429,0.11489779,0.39167637,-0.91290087,0.37953472,0.83195996,0.40471724,0.9180152,-0.3929787,-0.053064406
1356420387469,0.058423907,0.40996096,-0.9102299,0.3751233,0.83595145,0.40058407,0.9251319,-0.36485216,-0.104946375
1356420387527,0.0020309985,0.41857702,-0.90817904,0.36839718,0.8439937,0.38981804,0.9296663,-0.33536234,-0.15248841
1356420387550,-0.038287163,0.42104596,-0.90623087,0.36182737,0.8511972,0.38018984,0.93145853,-0.31334275,-0.18493587
1356420387588,-0.054743707,0.4206467,-0.9055714,0.3567492,0.85530955,0.37573338,0.93259484,-0.30249286,-0.19688821
1356420387629,-0.046412736,0.41953313,-0.90655273,0.35231948,0.85608476,0.37813997,0.9347282,-0.30184567,-0.18754292
1356420387669,-0.018997729,0.41655582,-0.9089117,0.34673333,0.8554039,0.38478586,0.93777144,-0.3078399,-0.16068453
1356420387709,0.021553606,0.41104102,-0.911362,0.3385656,0.8547121,0.39349788,0.94069594,-0.3170371,-0.1207422
1356420387749,0.068585694,0.40199777,-0.91306835,0.32746598,0.85544395,0.4012252,0.9423705,-0.32651716,-0.07296938
1356420387788,0.11616805,0.3891868,-0.9138045,0.31482834,0.8581627,0.40551192,0.94201285,-0.33479905,-0.02283597
1356420387829,0.16064516,0.3732633,-0.91371095,0.30308735,0.862352,0.40557012,0.93932486,-0.34208706,0.025401294
1356420387869,0.1988354,0.35459742,-0.913633,0.29464337,0.867488,0.40081146,0.9346924,-0.3488914,0.06800753
1356420387908,0.22870225,0.33411363,-0.91436493,0.29008767,0.87319887,0.39162844,0.92927086,-0.35481232,0.10278028
1356420387949,0.24879467,0.3124514,-0.91677445,0.28845492,0.87968236,0.37809086,0.9246053,-0.35851508,0.12873214
1356420387988,0.2585578,0.28981537,-0.921496,0.28843254,0.8872562,0.35997656,0.9219298,-0.35886416,0.14581484
1356420388029,0.25909138,0.26694593,-0.92823035,0.28953704,0.8953829,0.33831617,0.9214336,-0.35641184,0.15469527
1356420388069,0.25385004,0.2444347,-0.9358482,0.2935933,0.9024205,0.31534126,0.921609,-0.35480812,0.15731508
1356420388109,0.24631912,0.22351441,-0.9430632,0.3026586,0.9066425,0.29393393,0.9207197,-0.35782772,0.15567482
1356420388149,0.23765266,0.20544179,-0.9493761,0.31652796,0.90765005,0.2756473,0.9183308,-0.36601236,0.15067738
1356420388188,0.22782469,0.19199446,-0.9545858,0.33252123,0.9060876,0.2616007,0.91516423,-0.37701914,0.14258689
1356420388229,0.21728805,0.18546915,-0.9583252,0.34823656,0.9024476,0.2536131,0.91187567,-0.38883096,0.13150394
1356420388269,0.20775181,0.18869644,-0.9598087,0.3616734,0.89686555,0.2546066,0.9088627,-0.40003228,0.11807895
1356420388309,0.20047194,0.20327473,-0.9583791,0.37162298,0.8893503,0.26636896,0.90648085,-0.40955517,0.102748215
1356420388349,0.19512147,0.22959787,-0.9535264,0.37693185,0.8799929,0.28902403,0.9054557,-0.41580924,0.08516276
1356420388388,0.1873489,0.26548678,-0.94573635,0.37702847,0.86960536,0.31880412,0.9070557,-0.4162971,0.062823534
1356420388430,0.16694927,0.3051129,-0.9375681,0.37218106,0.86106163,0.34648827,0.913022,-0.40679106,0.030196369
1356420388470,0.12499395,0.34145534,-0.93154967,0.36281687,0.85815203,0.363234,0.9234395,-0.38338396,-0.016621947
1356420388525,0.06122604,0.36684263,-0.92826605,0.34933454,0.86331475,0.36421564,0.93499553,-0.34657487,-0.07529348
1356420388550,-0.011089653,0.37861168,-0.9254891,0.3336107,0.87391657,0.35351616,0.9426456,-0.3048327,-0.13600034
1356420388588,-0.07097146,0.38141185,-0.92167675,0.32109737,0.88355833,0.34091225,0.94438314,-0.27175298,-0.1851778
1356420388629,-0.104286164,0.382701,-0.91796744,0.31675252,0.8877171,0.3341048,0.9427577,-0.25592598,-0.21379817
1356420388669,-0.107369095,0.38736212,-0.9156541,0.32045305,0.88531065,0.33694938,0.9411598,-0.25724623,-0.21918643
1356420388709,-0.082835704,0.39683753,-0.9141435,0.32867384,0.8768506,0.35086542,0.9408038,-0.27139086,-0.20306468
1356420388749,-0.037209123,0.40867934,-0.91191924,0.33701858,0.86422074,0.37355173,0.9407624,-0.2934342,-0.16988945
1356420388788,0.021010876,0.41861236,-0.9079219,0.34198892,0.850332,0.3999738,0.9394691,-0.31890303,-0.12529457
1356420388829,0.084417164,0.42335024,-0.9020247,0.3420181,0.83794767,0.425285,0.93589395,-0.3444101,-0.07405627
1356420388869,0.14389908,0.41893205,-0.8965428,0.33827987,0.8305712,0.44240057,0.9299784,-0.36694342,-0.022197843
1356420388909,0.19356608,0.40473405,-0.89371276,0.33331576,0.8296281,0.4479038,0.92273116,-0.38458753,0.025683641
1356420388967,0.22985408,0.38121936,-0.8954546,0.3290194,0.8354771,0.44014123,0.9159221,-0.3957902,0.06660926
1356420388989,0.25170285,0.34993976,-0.90232366,0.32585305,0.84726274,0.41948262,0.9112988,-0.3996099,0.099229515
1356420389029,0.25982985,0.31275815,-0.9136032,0.32389772,0.86306274,0.38757327,0.9097135,-0.39661708,0.12294781
1356420389070,0.25613376,0.27207035,-0.9275631,0.32332426,0.8801905,0.3474567,0.91096485,-0.38889903,0.13747954
1356420389095,0.24659705,0.2313839,-0.9410905,0.32517675,0.89502686,0.3052655,0.91293484,-0.3812983,0.14547032
1356420389137,0.23127085,0.19368899,-0.953414,0.33142465,0.90568084,0.26438594,0.91469747,-0.37712967,0.14526427
1356420389179,0.21228826,0.15858117,-0.96425396,0.3438839,0.9115052,0.2256149,0.9147008,-0.3794868,0.13896835
1356420389219,0.19074059,0.12947428,-0.9730644,0.36042204,0.91279334,0.19210483,0.9130794,-0.3873561,0.12744135
1356420389259,0.16773742,0.110183135,-0.97965497,0.3773257,0.91088855,0.16705495,0.9107631,-0.3976704,0.111215174
1356420389299,0.14609271,0.10480866,-0.9837032,0.391963,0.9068582,0.15483281,0.90830714,-0.40819523,0.09140426
1356420389339,0.12865376,0.11625619,-0.9848516,0.40380383,0.9009055,0.15909679,0.9057542,-0.41815525,0.06896019
1356420389379,0.11799374,0.1468322,-0.9820987,0.41286024,0.892221,0.18299758,0.90311897,-0.42706203,0.044655323
1356420389420,0.11175972,0.19387129,-0.97464025,0.41973135,0.8797935,0.22313437,0.9007416,-0.43402448,0.01695162
1356420389460,0.10231197,0.2506171,-0.9626647,0.42535418,0.8637878,0.2700824,0.89922523,-0.43710613,-0.018225193
1356420389527,0.077311546,0.30543944,-0.94906783,0.43125758,0.84801185,0.30804694,0.8989104,-0.43310827,-0.06616193
1356420389541,0.03102398,0.348976,-0.93661803,0.4374312,0.8378246,0.32665563,0.8987166,-0.4198401,-0.12666035
1356420389580,-0.031008512,0.37599474,-0.92610276,0.44174707,0.8363016,0.32474482,0.8966036,-0.39903337,-0.19202703
1356420389619,-0.09133953,0.39017972,-0.9161969,0.44289634,0.8399554,0.3135566,0.891908,-0.37714016,-0.24953032
1356420389659,-0.13165027,0.400395,-0.90683633,0.4428911,0.84217644,0.30754888,0.8868572,-0.36114085,-0.28820413
1356420389699,-0.14200762,0.4142327,-0.89902455,0.44337907,0.8386425,0.31637618,0.8850135,-0.35368088,-0.3027557
1356420389740,-0.12359291,0.43300483,-0.8928783,0.44215116,0.8295532,0.34109214,0.8883846,-0.3526306,-0.29398048
1356420389780,-0.08183184,0.45504996,-0.88669777,0.4351203,0.81672597,0.37898412,0.8966458,-0.35480723,-0.26483566
1356420389819,-0.025929838,0.47570544,-0.8792224,0.4192747,0.80359674,0.42242283,0.90748906,-0.3576823,-0.2202884
1356420389859,0.035666883,0.4916871,-0.87004125,0.39433917,0.7930283,0.46433046,0.9182726,-0.35965255,-0.16560662
1356420389899,0.0963254,0.50137717,-0.8598502,0.36283702,0.7867378,0.49939257,0.92686075,-0.36008966,-0.10613537
1356420389940,0.1514264,0.504447,-0.8500607,0.3292566,0.78512514,0.5245651,0.93201935,-0.3593211,-0.04720384
1356420389979,0.19822049,0.5013582,-0.8422283,0.2983228,0.78765166,0.53908104,0.93365526,-0.3581128,0.0065621138
1356420390019,0.2355355,0.49294233,-0.8375743,0.27323282,0.7934733,0.5438234,0.9326665,-0.3569425,0.05220312
1356420390060,0.2632333,0.4799121,-0.83689463,0.2551068,0.8019833,0.5401327,0.9303918,-0.35567847,0.08867985
1356420390101,0.28147027,0.46243715,-0.84078914,0.24369109,0.8130393,0.5287549,0.92811054,-0.35372162,0.11615461
1356420390140,0.29030973,0.4401696,-0.84968877,0.23836729,0.82667774,0.50969106,0.92676926,-0.35050625,0.13507056
1356420390180,0.29048467,0.4128325,-0.86324275,0.2390362,0.842234,0.48322207,0.92654216,-0.34671485,0.14597416
1356420390219,0.28448826,0.3812413,-0.8796145,0.24644592,0.85760903,0.4514102,0.92646146,-0.3451983,0.15002435
1356420390259,0.27544147,0.3472448,-0.8964112,0.2613659,0.8703045,0.41744205,0.92510533,-0.34927216,0.14896
1356420390299,0.2647742,0.31310043,-0.9120651,0.28302315,0.87893504,0.3838894,0.9218419,-0.35977957,0.14410466
1356420390340,0.2521711,0.28127605,-0.9259014,0.3086148,0.88348275,0.35244164,0.91715133,-0.3746225,0.13598287
1356420390380,0.23729834,0.25498277,-0.9373757,0.3344429,0.8845055,0.32526597,0.91205126,-0.39068374,0.12461454
1356420390419,0.22079206,0.23793271,-0.9458536,0.35755572,0.88252157,0.30546615,0.9074166,-0.40563986,0.10977954
1356420390459,0.20441958,0.23360479,-0.95060056,0.37609988,0.877826,0.29659832,0.9037486,-0.41815126,0.09158611
