1356421046399,-0.16155162,-0.59749496,-0.78543043,0.11907978,0.77826726,-0.61653876,0.9796536,-0.19313172,-0.054580748
1356421046438,-0.057932854,-0.011581555,-0.9982533,0.19217543,0.9811018,-0.02253531,0.9796491,-0.19314529,-0.05461234
1356421046479,-0.0581567,-0.011637852,-0.9982397,0.1922561,0.98108363,-0.02263853,0.97962004,-0.19323424,-0.054819167
1356421046518,-0.05873409,-0.011744559,-0.99820465,0.19248758,0.9810329,-0.02286844,0.97954017,-0.19348514,-0.055359364
1356421046559,-0.059837162,-0.0118146315,-0.99813825,0.19300038,0.9809248,-0.023181021,0.97937244,-0.19402815,-0.056415558
1356421046598,-0.061496288,-0.0116154775,-0.9980397,0.1939303,0.9807371,-0.023363508,0.9790859,-0.19498691,-0.058059096
1356421046638,-0.06387174,-0.012209468,-0.9978834,0.19524205,0.9804492,-0.024493054,0.97867304,-0.1963932,-0.060239196
1356421046679,-0.06636351,-0.010108344,-0.99774426,0.19717553,0.98009735,-0.023044407,0.97811943,-0.19826007,-0.063049555
1356421046717,-0.06961897,-0.008631162,-0.99753636,0.19936696,0.9796691,-0.022390567,0.97744876,-0.2004346,-0.06648278
1356421046757,-0.07332167,-0.0076565146,-0.9972789,0.20159435,0.9792143,-0.022339396,0.9767208,-0.20268378,-0.07025415
1356421046798,-0.07673219,-0.0068898126,-0.997028,0.20364651,0.9787874,-0.022436567,0.976033,-0.20476288,-0.07370138
1356421046839,-0.07891652,-0.0058788955,-0.99686384,0.20535393,0.9784398,-0.022027053,0.9755008,-0.20644823,-0.07600784
1356421046879,-0.07907361,-0.004152037,-0.99686015,0.20659554,0.9782124,-0.020462066,0.9752259,-0.20756486,-0.076493025
1356421046918,-0.07729715,-0.001496844,-0.9970069,0.20738834,0.9781013,-0.017547108,0.97520006,-0.20812395,-0.07529402
1356421046960,-0.0740245,0.001879245,-0.99725467,0.20782535,0.97807163,-0.013583429,0.97536093,-0.2082603,-0.072791815
1356421046998,-0.07008305,0.005756803,-0.9975245,0.20808637,0.9780693,-0.008974999,0.9755964,-0.20820026,-0.06974399
1356421047038,-0.066025585,0.009817369,-0.99776965,0.20826465,0.9780637,-0.00415805,0.97584146,-0.20807467,-0.06662184
1356421047086,-0.061798543,0.013860643,-0.99799234,0.20825127,0.9780751,6.8849325E-4,0.976121,-0.20779063,-0.063330114
1356421047127,-0.057843,0.01758013,-0.9981709,0.20789191,0.9781381,0.0051801726,0.97644,-0.207212,-0.060233235
1356421047168,-0.05433604,0.02025637,-0.99831724,0.20705351,0.978292,0.008580625,0.9768195,-0.20623885,-0.057350695
1356421047207,-0.051641464,0.02156531,-0.9984328,0.20589268,0.9785184,0.010485873,0.97721106,-0.20502849,-0.05497223
1356421047248,-0.050239235,0.021561876,-0.9985044,0.20483045,0.97873753,0.010829084,0.97750723,-0.20398006,-0.053587556
1356421047288,-0.050133288,0.020938784,-0.99852306,0.2043141,0.9788515,0.010268189,0.9776208,-0.20349756,-0.053351164
1356421047347,-0.050602525,0.020991229,-0.9984983,0.20458117,0.97879636,0.010209151,0.97754085,-0.20375735,-0.053824008
1356421047373,-0.050614923,0.023389235,-0.9984443,0.20559457,0.97855735,0.012500994,0.97732747,-0.204642,-0.054338336
1356421047408,-0.049469948,0.029895037,-0.9983281,0.20720664,0.9781122,0.019022003,0.97704566,-0.20591919,-0.054581642
1356421047447,-0.04698339,0.04228942,-0.99800014,0.20930834,0.9773402,0.03156028,0.97672033,-0.20740694,-0.05477029
1356421047488,-0.043364704,0.061825298,-0.99714446,0.21192595,0.9759387,0.05129406,0.9763231,-0.20909646,-0.055423677
1356421047527,-0.039028108,0.08889955,-0.9952756,0.21533829,0.9733793,0.07849959,0.97575927,-0.21125728,-0.0571326
1356421047568,-0.034426272,0.12282512,-0.99183106,0.22009557,0.96898603,0.1123566,0.9748707,-0.21442959,-0.060391843
1356421047608,-0.029901534,0.16150492,-0.9864188,0.22665349,0.96224976,0.15067717,0.9735163,-0.21906978,-0.06537843
1356421047668,-0.025559217,0.20193145,-0.97906613,0.23488471,0.95318097,0.19046083,0.9716872,-0.22509962,-0.07179314
1356421047688,-0.021389663,0.2410573,-0.97027516,0.2441301,0.94237804,0.22874466,0.9695066,-0.23198059,-0.07900649
1356421047728,-0.017347544,0.27653486,-0.9608473,0.25367367,0.9307654,0.2632973,0.9671343,-0.2391741,-0.08629608
1356421047765,-0.013152242,0.30714345,-0.9515723,0.26290464,0.9192335,0.29307154,0.96473217,-0.24631827,-0.09283942
1356421047808,-0.008287191,0.33261707,-0.9430256,0.27141824,0.9084027,0.31802,0.9624258,-0.25331885,-0.09780645
1356421047848,-0.002249211,0.35348007,-0.93543935,0.27886567,0.8985543,0.3388716,0.9603275,-0.2600997,-0.10059452
1356421047887,0.0051287115,0.37046316,-0.928833,0.2852855,0.8897017,0.35643098,0.95842886,-0.26681063,-0.10112476
1356421047928,0.013472408,0.3843753,-0.92307866,0.29098544,0.8817003,0.37139207,0.9566326,-0.273606,-0.09996903
1356421047968,0.02179131,0.39587346,-0.9180465,0.29622158,0.8744755,0.3841164,0.9548706,-0.28031558,-0.098210275
1356421048007,0.028662711,0.40544608,-0.9136694,0.30096713,0.86812866,0.3946787,0.9532036,-0.28629702,-0.097143054
1356421048048,0.032732308,0.41351175,-0.9099102,0.30502015,0.8628332,0.40308997,0.9517832,-0.29073504,-0.09788692
1356421048087,0.033375442,0.42056957,-0.9066462,0.3084664,0.85852927,0.40960464,0.95064956,-0.29334065,-0.101077795
1356421048127,0.03078103,0.4272577,-0.9036058,0.31201544,0.8547508,0.41478598,0.9495783,-0.29470652,-0.10700089
1356421048167,0.025843978,0.43439016,-0.90035397,0.3162873,0.8508334,0.419577,0.9483114,-0.29561406,-0.115403175
1356421048207,0.019864202,0.442682,-0.8964587,0.32058814,0.84647053,0.42510107,0.94701046,-0.29583833,-0.12510413
1356421048248,0.014246494,0.45255303,-0.8916236,0.3228091,0.8418838,0.4324649,0.9463568,-0.2939853,-0.13409436
1356421048287,0.0099025965,0.4639388,-0.8858118,0.32069507,0.8375885,0.44226712,0.9471307,-0.28845507,-0.14048856
1356421048348,0.0072677443,0.47637987,-0.8792096,0.31297928,0.833974,0.45445722,0.94973224,-0.27847725,-0.14303595
1356421048370,0.0070306947,0.48932144,-0.87207514,0.30003116,0.8308844,0.46862817,0.9539035,-0.2649445,-0.14096999
1356421048409,0.010260343,0.50214535,-0.86472243,0.28333116,0.8278678,0.4841057,0.95896727,-0.2499699,-0.13377923
1356421048439,0.015820473,0.5139065,-0.85770035,0.2668024,0.8245356,0.49895644,0.9636214,-0.23673023,-0.12406695
1356421048469,0.024103759,0.5239297,-0.85142046,0.25049943,0.8213325,0.5125065,0.96781665,-0.22563371,-0.11144692
1356421048499,0.035103112,0.5319592,-0.8460421,0.23442852,0.8185605,0.52440643,0.9714994,-0.21674469,-0.09597236
1356421048529,0.048570275,0.53770673,-0.8417318,0.21851696,0.8165912,0.5342557,0.9746237,-0.20988165,-0.07783598
1356421048569,0.068076044,0.5413989,-0.8380053,0.20058826,0.81537473,0.5430732,0.97730756,-0.20506433,-0.05309075
1356421048599,0.087712914,0.53940797,-0.83746374,0.18365332,0.8175361,0.5458078,0.97906995,-0.20167737,-0.027355552
1356421048638,0.1133396,0.5354349,-0.836937,0.16539346,0.8204439,0.54728127,0.97969335,-0.20045255,0.004431367
1356421048667,0.14211679,0.54001206,-0.82957196,0.14655547,0.81736267,0.5571712,0.97894037,-0.20076168,0.037019253
1356421048707,0.17368725,0.5117636,-0.8413863,0.13334492,0.8342824,0.5349691,0.9757315,-0.2051119,0.07666314
1356421048747,0.21548626,0.48645395,-0.8467161,0.12196706,0.8468891,0.5175935,0.96886,-0.21480575,0.123161614
1356421048788,0.2669114,0.46315694,-0.84512955,0.11349566,0.8557348,0.5048135,0.9570146,-0.23065902,0.17583907
1356421048827,0.32440448,0.44253993,-0.83601445,0.10741405,0.8608613,0.49737316,0.93979996,-0.25114977,0.23173225
1356421048867,0.38091826,0.42523152,-0.8210234,0.10230161,0.86313343,0.49450487,0.9189318,-0.27235794,0.28528142
1356421048908,0.4282681,0.41098958,-0.804782,0.09746699,0.86438423,0.49329507,0.89838,-0.28970224,0.33013028
1356421048947,0.4603534,0.39909965,-0.7929655,0.093631715,0.86643386,0.4904339,0.8827842,-0.30001965,0.3614974
1356421048987,0.4744502,0.3890236,-0.7896567,0.092809275,0.8699435,0.4843395,0.87537616,-0.30308244,0.37663984
1356421049027,0.47018498,0.3807136,-0.7962306,0.09765935,0.8741915,0.47565937,0.8771481,-0.30140728,0.37385148
1356421049067,0.44847327,0.37464547,-0.81148785,0.10945727,0.8780566,0.46587095,0.8870687,-0.2977539,0.35277724
1356421049108,0.41200504,0.3719775,-0.831796,0.12623702,0.8807708,0.45640665,0.9023946,-0.29304528,0.31592464
1356421049147,0.36426848,0.37371156,-0.85302293,0.1449382,0.8820446,0.44831935,0.91994643,-0.28694424,0.26713598
1356421049187,0.31004995,0.38110262,-0.87099355,0.16311872,0.88123137,0.44364798,0.9366223,-0.2796284,0.21106076
1356421049228,0.25457007,0.39486203,-0.88276726,0.18002096,0.8775358,0.44443595,0.9501508,-0.2720567,0.15231091
1356421049268,0.20264077,0.41513366,-0.88690513,0.19571768,0.87025243,0.45205674,0.95949537,-0.26518813,0.09509963
1356421049307,0.15880689,0.44210672,-0.8827922,0.20977195,0.85861504,0.4677349,0.9647674,-0.2594646,0.04361242
1356421049348,0.12534866,0.47455904,-0.8712528,0.22221878,0.84243715,0.49083453,0.9669056,-0.25513417,1.424551E-4
1356421049387,0.10473189,0.5140531,-0.8513406,0.23228869,0.81972486,0.5235391,0.96699184,-0.25258803,-0.033557355
1356421049428,0.09588453,0.55677885,-0.82510823,0.24120475,0.7912257,0.5619451,0.96572596,-0.25290188,-0.058431387
1356421049467,0.098237455,0.6033616,-0.79139376,0.24968131,0.7548606,0.606502,0.96333206,-0.25717747,-0.07649255
1356421049508,0.111579984,0.6529324,-0.7491523,0.25806147,0.70895994,0.6563384,0.9596635,-0.26656157,-0.08939099
1356421049547,0.13586158,0.70384896,-0.6972362,0.26546443,0.6521645,0.7100775,0.9545001,-0.28156367,-0.09824276
1356421049587,0.16829947,0.75285923,-0.6363004,0.26879203,0.5859958,0.7644343,0.94838077,-0.29968637,-0.1037398
1356421049628,0.2016859,0.79562354,-0.571232,0.26424572,0.51739043,0.8139296,0.9431315,-0.3151037,-0.10588974
1356421049667,0.22737533,0.82948625,-0.51014996,0.25112808,0.45620614,0.85370404,0.94086933,-0.3222242,-0.1045773
1356421049708,0.24044365,0.85454786,-0.4603638,0.23261103,0.4097305,0.8820505,0.9423794,-0.31916916,-0.10026014
1356421049748,0.24159841,0.87199926,-0.42573172,0.21264884,0.38048792,0.90000534,0.9467897,-0.30797127,-0.09350437
1356421049787,0.23448123,0.88235927,-0.40799594,0.19347596,0.36894208,0.9090923,0.95267284,-0.2921025,-0.08420533
1356421049828,0.22268325,0.88498557,-0.40891656,0.17601177,0.37605894,0.909725,0.9588702,-0.27455467,-0.072025836
1356421049867,0.20854512,0.8779447,-0.43095472,0.1603044,0.403999,0.9006039,0.9647857,-0.25690046,-0.05648637
1356421049908,0.19443655,0.8578303,-0.47573268,0.14548013,0.45440656,0.8788346,0.970067,-0.24008724,-0.03644401
1356421049948,0.18473126,0.8209818,-0.5402436,0.12972069,0.5245264,0.8414538,0.97419035,-0.22552356,-0.009601891
1356421049987,0.18668413,0.7671684,-0.6136788,0.11138564,0.6041039,0.78908277,0.9760852,-0.21566424,0.027325034
1356421050028,0.20875716,0.7045635,-0.67824084,0.090179354,0.6766979,0.7307172,0.97380084,-0.21370581,0.07772845
1356421050067,0.2546286,0.64720845,-0.71853006,0.06736535,0.7293445,0.68082196,0.9646896,-0.22176076,0.14211255
1356421050107,0.31723252,0.6037001,-0.7313752,0.044706464,0.7608326,0.64740646,0.9472934,-0.23807557,0.21437156
1356421050148,0.38176048,0.5722135,-0.7258311,0.024653077,0.77872574,0.62687993,0.9239325,-0.25721198,0.28317988
1356421050188,0.4336874,0.54450506,-0.71793425,0.012373209,0.7930894,0.60897964,0.90097845,-0.27298993,0.3372156
1356421050228,0.46477693,0.5129175,-0.7217326,0.014113024,0.8107281,0.58525276,0.8853153,-0.28219777,0.36956888
1356421050268,0.472243,0.47253835,-0.7441062,0.034421757,0.8336367,0.5512395,0.8807961,-0.28593248,0.37741354
1356421050308,0.4555058,0.42035633,-0.78473884,0.073351085,0.86077917,0.5036654,0.8872058,-0.28698394,0.3612563
1356421050351,0.41511005,0.3555265,-0.8374274,0.12454432,0.889608,0.43941584,0.90120614,-0.28670278,0.32500643
1356421050389,0.35284254,0.27935317,-0.8930084,0.17820457,0.9168602,0.35722616,0.91855615,-0.28518274,0.27372527
1356421050429,0.27482668,0.1983168,-0.94081926,0.2238438,0.93841404,0.26319778,0.93507457,-0.2829303,0.2135092
1356421050469,0.18909577,0.1197547,-0.9746289,0.2557794,0.952266,0.16663274,0.948061,-0.28079954,0.14943868
1356421050526,0.10519302,0.05214496,-0.9930838,0.27279437,0.9588035,0.07924089,0.95630413,-0.27924326,0.08663458
1356421050548,0.032182306,0.0033718348,-0.9994764,0.27803415,0.9604938,0.012192801,0.9600319,-0.27828097,0.029973447
1356421050588,-0.024995895,-0.02263686,-0.99943125,0.27759025,0.960271,-0.028692462,0.96037436,-0.27814957,-0.01771903
1356421050625,-0.06494504,-0.024168327,-0.9975961,0.27718633,0.9599281,-0.041301027,0.9586187,-0.27920234,-0.05564344
1356421050668,-0.08874807,-0.002402097,-0.99605113,0.28003767,0.95960176,-0.027265534,0.95587784,-0.28135163,-0.08449012
1356421050708,-0.09683341,0.042999066,-0.99437135,0.28688425,0.95787036,0.01348345,0.95305866,-0.2839638,-0.105089605
1356421050748,-0.08956486,0.11111316,-0.9897636,0.29737115,0.951413,0.07989838,0.95055175,-0.28717107,-0.11825502
1356421050788,-0.06778586,0.19932799,-0.9775856,0.31057796,0.93537045,0.16918491,0.9481279,-0.29214817,-0.12531173
1356421050828,-0.032860577,0.30231488,-0.9526415,0.32372886,0.90499115,0.27602652,0.94557905,-0.29932716,-0.12760657
1356421050868,0.0117278695,0.4111127,-0.91150904,0.33112857,0.858542,0.39148366,0.9435127,-0.30641794,-0.12606227
1356421050908,0.057789117,0.510276,-0.8580669,0.32828826,0.80199015,0.4990378,0.94280815,-0.3105322,-0.121171296
1356421050948,0.095778525,0.58566016,-0.804878,0.3167454,0.7486334,0.5824263,0.9436624,-0.3107253,-0.113802135
1356421050988,0.12063858,0.631229,-0.7661568,0.30214024,0.71182877,0.63404346,0.9455991,-0.3079769,-0.10484564
1356421051028,0.13226998,0.6464617,-0.7513933,0.28897393,0.6999745,0.6530925,0.9481555,-0.30351758,-0.09422499
1356421051068,0.13168868,0.6291225,-0.7660698,0.27928904,0.717947,0.6376126,0.9511339,-0.29792124,-0.0811615
1356421051108,0.119641215,0.5727133,-0.81097806,0.2733931,0.76625955,0.58146596,0.95443296,-0.2912831,-0.06489962
1356421051148,0.099683106,0.4723073,-0.87577915,0.26937714,0.8344849,0.4806984,0.9578618,-0.28383237,-0.044044733
1356421051188,0.07948592,0.33178744,-0.9399996,0.26548758,0.9018783,0.34078145,0.9608321,-0.27664554,-0.016398787
1356421051228,0.07363686,0.18157822,-0.9806156,0.26213422,0.945186,0.19470213,0.9622179,-0.2713902,0.022002637
1356421051268,0.09414503,0.056901038,-0.9939311,0.26414436,0.9611559,0.080044426,0.9598773,-0.27007708,0.07545799
1356421051308,0.14207047,-0.028429464,-0.98944825,0.27517205,0.9613215,0.011889428,0.9508398,-0.27395764,0.14439839
1356421051347,0.20630175,-0.08370075,-0.9749019,0.29336938,0.9557904,-0.019979179,0.9334742,-0.28188464,0.22173649
1356421051386,0.263076,-0.13407664,-0.9554132,0.31574064,0.947727,-0.046057828,0.91164625,-0.2895461,0.2916577
1356421051427,0.2981118,-0.1888998,-0.93565285,0.339894,0.93698007,-0.08087286,0.8919649,-0.29391363,0.3435307
1356421051468,0.30120274,-0.256886,-0.91830623,0.36569244,0.92051446,-0.13755731,0.88065076,-0.29438508,0.37120277
1356421051508,0.2691781,-0.3388814,-0.90150017,0.39028224,0.8941286,-0.21957636,0.8804675,-0.29273438,0.37293923
1356421051548,0.20604259,-0.42902696,-0.8794784,0.40556002,0.85537815,-0.3222565,0.8905434,-0.29028273,0.35024053
1356421051588,0.123940706,-0.516207,-0.8474486,0.40178525,0.806999,-0.4328062,0.90730774,-0.28685004,0.30742437
1356421051628,0.03716269,-0.5913617,-0.8055497,0.3752385,0.7553761,-0.53721786,0.92618304,-0.28230882,0.24997348
1356421051668,-0.043614,-0.65093344,-0.7578808,0.3301859,0.70658183,-0.62587476,0.9429077,-0.2775385,0.18411219
1356421051707,-0.1120545,-0.6950072,-0.71021736,0.27570117,0.66491485,-0.69417363,0.95468974,-0.27359313,0.11710769
1356421051748,-0.16658732,-0.72595453,-0.66726214,0.22083059,0.63205993,-0.7427881,0.96098,-0.27109095,0.055019796
1356421051788,-0.20745859,-0.7456849,-0.63317835,0.17318666,0.6090394,-0.7740008,0.9627913,-0.2702312,0.0027922392
1356421051828,-0.23736641,-0.7567387,-0.60910076,0.136491,0.59481966,-0.79218674,0.96178347,-0.2711753,-0.037902236
1356421051868,-0.25919622,-0.76092696,-0.59481716,0.1116457,0.58813024,-0.8010231,0.9593501,-0.27403095,-0.06748694
1356421051908,-0.27550745,-0.759754,-0.58895624,0.09807193,0.5872561,-0.8034377,0.9562832,-0.27911314,-0.087282896
1356421051948,-0.2887892,-0.75504434,-0.58865,0.0942404,0.5894423,-0.8022945,0.95274305,-0.28716862,-0.09906888
1356421051988,-0.30076334,-0.7486932,-0.59076196,0.09755385,0.59204185,-0.799981,0.9486962,-0.29823613,-0.1050266
1356421052028,-0.31044263,-0.7406498,-0.5958719,0.1053994,0.5961587,-0.7959182,0.9447309,-0.3098915,-0.10700905
1356421052068,-0.31465873,-0.7280675,-0.60902184,0.11682296,0.6070304,-0.7860449,0.9419885,-0.31848365,-0.10595238
1356421052108,-0.31159362,-0.7079935,-0.6337622,0.1317158,0.6283462,-0.766702,0.9410421,-0.32237595,-0.10253471
1356421052147,-0.3019661,-0.67979866,-0.66834897,0.14909619,0.65877223,-0.73742086,0.9415874,-0.32232434,-0.09757149
1356421052188,-0.28613657,-0.6433804,-0.71006167,0.1682413,0.69579893,-0.69825405,0.9433031,-0.31925768,-0.09085035
1356421052228,-0.2637574,-0.599234,-0.7558774,0.18847941,0.7365041,-0.64964396,0.94599545,-0.31381577,-0.0813151
1356421052268,-0.23476945,-0.5499194,-0.8015434,0.20827769,0.77698094,-0.5940715,0.94947547,-0.30641344,-0.067875445
1356421052308,-0.20007654,-0.50047773,-0.8423132,0.22580673,0.81299937,-0.5366967,0.9534048,-0.2975804,-0.049650848
1356421052347,-0.1592768,-0.45387077,-0.8767168,0.2415399,0.8431484,-0.4803742,0.95723015,-0.2882745,-0.024666071
1356421052388,-0.1117522,-0.41177595,-0.9044071,0.25731945,0.86707604,-0.42657462,0.95984286,-0.28039214,0.009060323
1356421052428,-0.05171285,-0.36740193,-0.9286235,0.2770082,0.888103,-0.36679626,0.959475,-0.2762044,0.05584705
1356421052468,0.023807906,-0.31763127,-0.9479154,0.3000423,0.9067423,-0.29629895,0.9536287,-0.27736047,0.11689049
1356421052509,0.110700466,-0.2641692,-0.9581023,0.32072726,0.92194533,-0.21714264,0.9406803,-0.28325176,0.18678606
1356421052548,0.19595903,-0.21370694,-0.957042,0.3326508,0.9325804,-0.14013278,0.9224659,-0.29090053,0.25383735
1356421052588,0.26436982,-0.17260711,-0.9488495,0.3347699,0.9391026,-0.077559926,0.9044544,-0.29714176,0.30605406
1356421052628,0.30652422,-0.14225364,-0.9411731,0.3311715,0.9429337,-0.03466277,0.89239466,-0.30106473,0.33614236
1356421052668,0.32045102,-0.11923138,-0.9397314,0.32631811,0.9452204,-0.008652434,0.8892849,-0.30387866,0.3418042
1356421052708,0.31025165,-0.09683141,-0.9457101,0.32130367,0.9469385,0.008450389,0.8947111,-0.30648187,0.32490152
1356421052748,0.28397292,-0.066958435,-0.95649153,0.3142448,0.9489618,0.026864886,0.90587515,-0.30820137,0.2905208
1356421052788,0.24845827,-0.024775162,-0.96832573,0.30443215,0.9510146,0.053780615,0.9195595,-0.3081517,0.24382979
1356421052828,0.20946503,0.032860577,-0.9772638,0.293095,0.95137066,0.09481137,0.9328556,-0.3062908,0.18964761
1356421052868,0.17211312,0.107042424,-0.9792441,0.2824989,0.9469607,0.15316585,0.9437009,-0.30299723,0.13274497
1356421052908,0.14130384,0.19701508,-0.97016406,0.27440265,0.933803,0.22959769,0.9511763,-0.2986586,0.07788849
1356421052948,0.12069431,0.29913524,-0.9465469,0.26948848,0.90783566,0.32126388,0.95541036,-0.2938582,0.028957129
1356421052988,0.11162084,0.40649384,-0.90680957,0.2674681,0.8665497,0.4213698,0.95707977,-0.2895763,-0.01199913
1356421053028,0.11332664,0.51078063,-0.85220903,0.26736426,0.8104176,0.52128655,0.9569083,-0.2869259,-0.044722617
1356421053068,0.12436259,0.60531425,-0.7862115,0.26766205,0.74252313,0.61401665,0.9554533,-0.28679967,-0.06967753
1356421053108,0.1436916,0.68649644,-0.7127941,0.2666551,0.6667704,0.69592553,0.9530204,-0.2900688,-0.087248445
1356421053147,0.17030627,0.75307214,-0.635514,0.26313654,0.58675957,0.7658148,0.94960773,-0.29764998,-0.09823197
1356421053188,0.2018547,0.80465555,-0.55837625,0.2565212,0.5067752,0.8230284,0.94522566,-0.30936748,-0.10411626
1356421053228,0.23287049,0.8422755,-0.48615152,0.24589905,0.43265447,0.8673775,0.94090647,-0.32153082,-0.10636228
1356421053268,0.25736436,0.8681711,-0.4243143,0.23139289,0.37096164,0.89935803,0.93820095,-0.32964602,-0.1054163
1356421053308,0.27263743,0.885949,-0.37518442,0.2145628,0.3241487,0.9213525,0.93788683,-0.3316958,-0.10171664
1356421053349,0.2791689,0.8985079,-0.33874527,0.19724089,0.29159158,0.93598634,0.9397664,-0.32811278,-0.095819235
1356421053406,0.2795434,0.9073447,-0.31397626,0.18057954,0.27149224,0.945348,0.94299865,-0.3209635,-0.087954044
1356421053428,0.27580023,0.91291034,-0.30088037,0.16417482,0.2636822,0.95053583,0.9470907,-0.31155497,-0.077153265
1356421053468,0.26943195,0.9150366,-0.30019078,0.14750594,0.2688272,0.9518266,0.9516556,-0.30073234,-0.06254268
1356421053505,0.2617817,0.912944,-0.31305525,0.13023204,0.28798592,0.948738,0.95630014,-0.28913203,-0.043505073
1356421053548,0.2552815,0.9054915,-0.3389935,0.11035314,0.32103223,0.9406171,0.9605486,-0.27753115,-0.017970204
1356421053588,0.25465629,0.8913315,-0.37507117,0.085032165,0.3657165,0.92683387,0.9632859,-0.2679172,0.017340124
1356421053628,0.2671435,0.87074935,-0.4128318,0.051550478,0.41487485,0.908417,0.96227705,-0.26395938,0.06594354
1356421053668,0.298294,0.84628856,-0.44138002,0.010550141,0.45948106,0.8881248,0.9544157,-0.2695789,0.12813199
1356421053708,0.34546846,0.82132256,-0.45396125,-0.032859713,0.4940359,0.8688203,0.9378549,-0.285233,0.19766223
1356421053748,0.3974179,0.79795575,-0.45312878,-0.071032554,0.5190686,0.8517759,0.9148843,-0.30632412,0.26296794
1356421053788,0.4411047,0.7769952,-0.44911593,-0.09635508,0.53854215,0.8370711,0.8922681,-0.3259614,0.3124209
1356421053828,0.46873057,0.7590366,-0.45183522,-0.10347229,0.5551651,0.8252788,0.87726,-0.34008104,0.3387621
1356421053868,0.4780984,0.7444885,-0.466003,-0.09026003,0.5694075,0.81708515,0.8736561,-0.3485856,0.3394304
1356421053908,0.46951377,0.73340666,-0.49160105,-0.058683544,0.58147717,0.81144357,0.8809728,-0.35213506,0.3160504
1356421053948,0.4441024,0.72544384,-0.5258368,-0.013990849,0.5924304,0.80550015,0.89586675,-0.35036767,0.27324933
1356421053988,0.4044794,0.7201314,-0.5637438,0.03732425,0.60290676,0.79693806,0.9137851,-0.3433863,0.21698505
1356421054028,0.3543377,0.7169248,-0.60038614,0.09021261,0.61284137,0.78503954,0.93075585,-0.3323315,0.15247715
1356421054068,0.3005921,0.7170076,-0.6289233,0.13842052,0.6196412,0.7725831,0.94365466,-0.31928825,0.08701068
1356421054108,0.25017735,0.7215586,-0.64557296,0.17841926,0.620999,0.7632345,0.9516185,-0.30612662,0.02661997
1356421054148,0.20895231,0.7321643,-0.64828575,0.20890915,0.61419654,0.7609991,0.95535123,-0.29444537,-0.02461803
1356421054188,0.18079087,0.7497681,-0.6365237,0.23036706,0.59690326,0.7685295,0.956162,-0.28557724,-0.06480718
1356421054228,0.16716525,0.773831,-0.6109348,0.24395409,0.567921,0.7860993,0.9552707,-0.28044853,-0.093842566
1356421054268,0.16792113,0.8027982,-0.57211673,0.25037724,0.5265949,0.8124094,0.9534745,-0.27966568,-0.11257595
1356421054308,0.18149057,0.83390355,-0.5212158,0.25005603,0.4734629,0.84457374,0.9510695,-0.28361532,-0.12259358
1356421054347,0.20429379,0.86358637,-0.46095833,0.24309796,0.41138196,0.87844646,0.94824433,-0.29151917,-0.1258933
1356421054386,0.22924449,0.88849247,-0.39752734,0.22996351,0.3474046,0.90908015,0.9458138,-0.2998184,-0.12468028
1356421054427,0.25062692,0.90691096,-0.3386719,0.21188098,0.28996795,0.93328726,0.9446124,-0.30566505,-0.11948341
1356421054468,0.26634002,0.9198422,-0.28801635,0.19081849,0.24257742,0.9511806,0.9448023,-0.3082963,-0.11091483
1356421054508,0.2768209,0.92847407,-0.24760053,0.16927823,0.20652144,0.9636876,0.94589376,-0.30868226,-0.10000104
1356421054548,0.28304717,0.9336965,-0.21930605,0.14872682,0.18316206,0.9717674,0.94750446,-0.3076727,-0.087022185
1356421054588,0.28561693,0.93601847,-0.2056512,0.12987933,0.1748039,0.9759995,0.9495022,-0.30547178,-0.07164255
1356421054628,0.28493047,0.93526655,-0.20997879,0.11322993,0.18468513,0.9762533,0.95183694,-0.3019402,-0.05327773
1356421054668,0.28199607,0.92996544,-0.23588693,0.09874517,0.21642677,0.97129244,0.95432055,-0.29719335,-0.030798107
1356421054708,0.2795259,0.91693294,-0.28477913,0.08484638,0.27185205,0.9585914,0.95638186,-0.2921136,-0.0018087327
1356421054748,0.28308773,0.8923812,-0.3514501,0.06819764,0.34678292,0.93546283,0.95666635,-0.28878614,0.037311673
1356421054788,0.30070478,0.8563859,-0.41973782,0.04499966,0.42687672,0.9031895,0.9526551,-0.2904814,0.08982682
1356421054828,0.3369075,0.81597817,-0.4697583,0.014362901,0.49441463,0.8691075,0.9414282,-0.2995559,0.15485221
1356421054868,0.38544518,0.77815205,-0.49589443,-0.018701196,0.5438981,0.83894277,0.92254114,-0.3140926,0.2241953
1356421054908,0.43251806,0.74235976,-0.5116933,-0.04366809,0.58410496,0.8105026,0.9005671,-0.32821232,0.2850534
1356421054948,0.46694148,0.7040466,-0.5350552,-0.049896985,0.62508214,0.7789625,0.8828793,-0.3370322,0.32700658
1356421054988,0.4834783,0.66002977,-0.57498646,-0.032239914,0.66984075,0.74180454,0.8747624,-0.34010893,0.34513277
1356421055028,0.479818,0.6094514,-0.6311448,0.007727593,0.71639794,0.6976491,0.87733406,-0.33962178,0.339031
1356421055068,0.45465112,0.5530634,-0.6981498,0.062875375,0.761963,0.6445611,0.8884475,-0.33694685,0.3116533
1356421055108,0.40844095,0.49316055,-0.7680942,0.12312047,0.80402905,0.5817032,0.90444314,-0.33215952,0.26768023
1356421055147,0.34507886,0.43395954,-0.83222574,0.17868204,0.84010077,0.51215565,0.92140836,-0.3254379,0.2123602
1356421055188,0.27033624,0.37895,-0.885051,0.2238909,0.8693323,0.44060662,0.9363713,-0.3172668,0.1501686
1356421055227,0.19512683,0.33734426,-0.92093664,0.25448874,0.8894103,0.3797167,0.9471858,-0.3084609,0.087697506
1356421055268,0.1280927,0.31402165,-0.9407352,0.27280337,0.900802,0.33783734,0.95350444,-0.29991025,0.029720008
1356421055308,0.07741207,0.3169035,-0.9452934,0.28313962,0.90211266,0.32561433,0.95594954,-0.2928565,-0.019893527
1356421055347,0.04714805,0.34922335,-0.9358526,0.29087391,0.89149225,0.34732398,0.955599,-0.28859076,-0.05954784
1356421055388,0.04090631,0.415604,-0.90862525,0.29819167,0.86286587,0.4080983,0.953629,-0.28763828,-0.088633
1356421055428,0.059275955,0.51121736,-0.85740495,0.3039825,0.80887836,0.5032996,0.9508318,-0.29046968,-0.10745412
1356421055468,0.10069266,0.6269705,-0.7725083,0.30292392,0.72026974,0.62405825,0.9476804,-0.2968493,-0.1173985
1356421055508,0.15474036,0.7389539,-0.65574574,0.28905493,0.60083294,0.7452831,0.9447236,-0.30487192,-0.1206252
1356421055548,0.20502472,0.8235873,-0.5288374,0.2624834,0.47425628,0.8403473,0.9429037,-0.31110302,-0.11894369
1356421055588,0.24035902,0.87556636,-0.4190597,0.23076174,0.36779737,0.9008186,0.94285554,-0.3132228,-0.113643825
1356421055628,0.26001242,0.9040266,-0.33930707,0.20153221,0.29284796,0.934679,0.9443401,-0.3114094,-0.10604638
1356421055668,0.26814938,0.9186691,-0.2900738,0.17811963,0.2486322,0.9520794,0.94676775,-0.30696735,-0.09696245
1356421055708,0.2686156,0.92472774,-0.26967424,0.16070384,0.23301739,0.95910215,0.94974726,-0.30096743,-0.086015165
1356421055748,0.26372266,0.9233624,-0.27902022,0.14884984,0.24683969,0.95755625,0.95304465,-0.29406133,-0.07234508
1356421055788,0.25498766,0.9121555,-0.32086387,0.14189088,0.2929436,0.9455427,0.95647705,-0.28662932,-0.05472952
1356421055828,0.24472883,0.88465476,-0.3968547,0.13842294,0.37323043,0.91735387,0.95965976,-0.2794368,-0.031116307
1356421055868,0.2388541,0.8340641,-0.49727833,0.13444686,0.4787637,0.8675882,0.96170306,-0.2740845,0.0022173524
1356421055908,0.24849156,0.7649214,-0.5942619,0.12422657,0.5832722,0.80272126,0.96063507,-0.27329257,0.049914658
1356421055948,0.2837472,0.6996043,-0.6557754,0.10376626,0.6574652,0.7463056,0.95326805,-0.27980947,0.1139586
1356421055988,0.34054762,0.65521425,-0.67433053,0.07433689,0.6961915,0.7139968,0.93728405,-0.29327756,0.18837976
1356421056027,0.4001581,0.6241356,-0.67106503,0.045698732,0.7177468,0.694803,0.91530603,-0.30869785,0.25869
1356421056068,0.44532195,0.5903009,-0.673226,0.03248653,0.7407492,0.6709958,0.894781,-0.3206799,0.31069502
1356421056108,0.46711922,0.54181165,-0.6987415,0.046364054,0.77416134,0.63128805,0.8829779,-0.32728326,0.33650506
1356421056148,0.4618436,0.47418386,-0.7495666,0.088246584,0.8163361,0.57079583,0.88256043,-0.32976508,0.3351745
1356421056188,0.42752826,0.38774666,-0.8166224,0.1486251,0.8609005,0.48658076,0.89170074,-0.3293976,0.3104304
1356421056228,0.36563066,0.28831032,-0.884981,0.21177386,0.90010786,0.38073292,0.9063476,-0.32662347,0.26805043
1356421056286,0.28346056,0.18670553,-0.94063336,0.2629983,0.9281227,0.263477,0.92221576,-0.32207033,0.21398294
1356421056308,0.1928773,0.09516702,-0.976597,0.2945546,0.94376636,0.15014213,0.935968,-0.31662014,0.15399921
1356421056354,0.10613912,0.02406624,-0.99406,0.30680206,0.9501385,0.05576116,0.9458366,-0.3108981,0.0934633
1356421056375,0.04097399,-0.0059596896,-0.9991424,0.30543873,0.9521871,0.0068461597,0.9513297,-0.3054573,0.0408352
1356421056405,-0.008926421,-0.016221568,-0.99982864,0.30058026,0.9535837,-0.01815483,0.9537148,-0.3006908,-0.0036361814
1356421056448,-0.0459117,-0.00788416,-0.99891436,0.29659325,0.95476925,-0.021167636,0.9538996,-0.2972431,-0.041496694
1356421056488,-0.060486585,0.0478103,-0.9970233,0.29793495,0.9541847,0.027681172,0.9526679,-0.29537377,-0.071959734
1356421056528,-0.052146584,0.14875019,-0.98749894,0.30578324,0.9437258,0.12600905,0.9506721,-0.29538968,-0.094697356
1356421056568,-0.018488228,0.29286554,-0.9559749,0.3170289,0.9085166,0.2721953,0.9482357,-0.29803923,-0.1096437
1356421056608,0.03956127,0.4652112,-0.88431525,0.32359004,0.83135074,0.45182455,0.94536996,-0.3040303,-0.11764842
1356421056648,0.11115691,0.63123286,-0.76758665,0.3155259,0.7099948,0.629564,0.94238394,-0.3121739,-0.12024951
1356421056688,0.1764532,0.7545787,-0.63204044,0.2913295,0.57331014,0.76579535,0.94020814,-0.31925905,-0.118668616
1356421056728,0.22182971,0.8271658,-0.5163219,0.26079017,0.45989567,0.84881353,0.93956375,-0.32294378,-0.113698244
1356421056768,0.24712911,0.86373425,-0.4391928,0.23411334,0.38660064,0.89203745,0.94027555,-0.3232693,-0.10667145
1356421056808,0.25767294,0.87858236,-0.4021165,0.21568134,0.35336915,0.9102812,0.94185245,-0.32128385,-0.09844017
1356421056848,0.2573877,0.8778353,-0.4039267,0.20620647,0.35848498,0.91047645,0.94404995,-0.3176377,-0.08874565
1356421056888,0.24754927,0.8598727,-0.44647327,0.2054458,0.4037508,0.89150286,0.9468429,-0.3124169,-0.07670897
1356421056928,0.22816426,0.8157569,-0.5314902,0.21234,0.49105608,0.84485245,0.95018566,-0.30562174,-0.06117636
1356421056968,0.2012865,0.732346,-0.6505021,0.22309905,0.6123642,0.7584437,0.95378745,-0.29779088,-0.040125072
1356421057008,0.17645407,0.60758084,-0.7744092,0.23084898,0.7392662,0.63260907,0.95685565,-0.290398,-0.0098128915
1356421057048,0.17181498,0.46955183,-0.8660258,0.23136327,0.83527726,0.49878147,0.95757544,-0.2860647,0.03487611
1356421057088,0.2009412,0.35793126,-0.91187054,0.22767907,0.88830155,0.3988516,0.95277745,-0.28775957,0.09700292
1356421057128,0.25764543,0.28347635,-0.9237207,0.22469825,0.9122086,0.3426166,0.9397497,-0.295832,0.17132974
1356421057167,0.32113665,0.23139834,-0.9183279,0.2250931,0.9232509,0.31135327,0.91989374,-0.30669624,0.24440354
1356421057208,0.36973286,0.18226211,-0.9110862,0.23277579,0.9311299,0.2807358,0.89950705,-0.31587607,0.3018431
1356421057248,0.38935056,0.12321532,-0.91281104,0.2524991,0.93877107,0.23442051,0.8858049,-0.32175574,0.33439928
1356421057288,0.37539482,0.051971205,-0.92540675,0.28360447,0.94409865,0.16806619,0.8824099,-0.32554066,0.33967048
1356421057347,0.33049798,-0.026623622,-0.94343114,0.31826365,0.94419765,0.08484725,0.88852656,-0.32830167,0.32052875
1356421057369,0.26124746,-0.10561619,-0.95947635,0.34620255,0.9381166,-0.00900051,0.9010513,-0.32982183,0.28164518
1356421057409,0.17851001,-0.17637956,-0.9680002,0.35943127,0.92750114,-0.1027171,0.9159385,-0.3295935,0.22896457
1356421057449,0.09345347,-0.2332885,-0.9679064,0.35625544,0.9156296,-0.1862913,0.9297034,-0.3274124,0.16867906
1356421057489,0.015317507,-0.27357268,-0.9617294,0.34009397,0.9059198,-0.25228044,0.9402667,-0.32321402,0.106916845
1356421057529,-0.049478054,-0.29596666,-0.953916,0.31715563,0.90099794,-0.2959984,0.947082,-0.31718522,0.049287856
1356421057569,-0.098959565,-0.30156532,-0.94829607,0.29387358,0.9016119,-0.3173866,0.9507078,-0.3100876,-6.0105324E-4
1356421057609,-0.13407442,-0.29226318,-0.946893,0.275494,0.9068606,-0.31891528,0.95190704,-0.30362174,-0.041070044
1356421057649,-0.15656728,-0.26969087,-0.95013344,0.26601124,0.9149344,-0.30353433,0.9511702,-0.30026972,-0.07150799
1356421057689,-0.1672433,-0.23417562,-0.95770115,0.26825428,0.9239266,-0.27276236,0.9487198,-0.3025251,-0.091701925
1356421057728,-0.16592991,-0.18531439,-0.9685689,0.28264233,0.93204045,-0.22674619,0.94476473,-0.31138253,-0.10227573
1356421057768,-0.15224323,-0.1231622,-0.98063904,0.30541942,0.93777895,-0.16519532,0.9399685,-0.3246561,-0.105154395
1356421057808,-0.1269128,-0.05048944,-0.99062806,0.32895064,0.94004345,-0.09005428,0.9357802,-0.3372968,-0.10269499
1356421057848,-0.094332874,0.023989141,-0.9952517,0.34557727,0.93833554,-0.010137588,0.93363684,-0.34489265,-0.09680599
1356421057888,-0.062986165,0.08586241,-0.9943141,0.351507,0.93436086,0.058418542,0.93406403,-0.34582877,-0.08903301
1356421057928,-0.04071951,0.12181224,-0.9917176,0.34744513,0.9323259,0.10025124,0.93681586,-0.34048522,-0.08028692
1356421057968,-0.03014791,0.12563121,-0.9916188,0.3361698,0.93555295,0.10830756,0.9413187,-0.33008704,-0.070438385
1356421058008,-0.028784484,0.09828898,-0.99474156,0.32023028,0.9436109,0.08397045,0.9469024,-0.3161293,-0.058636487
1356421058048,-0.030899972,0.04623823,-0.9984524,0.3017413,0.9527551,0.034783736,0.95288897,-0.3001995,-0.043392062
1356421058088,-0.02861485,-0.019780308,-0.9993947,0.28374234,0.9585177,-0.027095422,0.9584735,-0.28434592,-0.0218153
1356421058127,-0.014081031,-0.08830587,-0.9959939,0.27139276,0.9583628,-0.08880634,0.9623657,-0.27155602,0.010470808
1356421058167,0.018847499,-0.14989573,-0.9885222,0.27129003,0.9523726,-0.13924164,0.96231306,-0.26555187,0.05861509
1356421058208,0.06956464,-0.20303349,-0.9766976,0.2880139,0.941464,-0.1751956,0.9550962,-0.26911506,0.12396908
1356421058247,0.12690905,-0.25213203,-0.9593349,0.31912842,0.9261114,-0.2011832,0.9391758,-0.28061908,0.19799441
1356421058288,0.17596513,-0.3001458,-0.93752265,0.35711867,0.9069662,-0.22333509,0.91733444,-0.29550767,0.2667821
1356421058347,0.20139432,-0.35085756,-0.91451585,0.39310724,0.8841091,-0.25262195,0.89716613,-0.30862617,0.31597918
1356421058369,0.19702555,-0.40290678,-0.8937825,0.42119545,0.8580185,-0.2939364,0.8853109,-0.31854412,0.33875406
1356421058409,0.16497885,-0.4526706,-0.87628275,0.43725362,0.82994497,-0.34641114,0.88407654,-0.32600722,0.3348552
1356421058449,0.11483373,-0.49482396,-0.8613724,0.43853346,0.8032942,-0.40299731,0.8913482,-0.33146298,0.30924213
1356421058489,0.056861386,-0.5261395,-0.8484951,0.42524827,0.7816857,-0.4562142,0.90328884,-0.3348801,0.26818764
1356421058529,-0.002067998,-0.54620606,-0.8376483,0.40048575,0.7670886,-0.5011848,0.91630065,-0.33650264,0.21716142
1356421058569,-0.057520136,-0.55584943,-0.8292905,0.36883742,0.7600652,-0.5350325,0.92771244,-0.33664855,0.16129899
1356421058609,-0.1062327,-0.55615175,-0.8242633,0.33525857,0.760381,-0.55625755,0.9361177,-0.33543402,0.10567731
1356421058648,-0.1461643,-0.54808563,-0.8235522,0.3042251,0.7672458,-0.5646069,0.9413199,-0.33307058,0.054597437
1356421058688,-0.17683795,-0.5324512,-0.8277826,0.2790876,0.77939093,-0.5609455,0.94384235,-0.3302203,0.010774612
1356421058728,-0.19925301,-0.51015955,-0.8366812,0.2618176,0.7950499,-0.5471263,0.94432503,-0.32807443,-0.024847329
1356421058769,-0.21514349,-0.4823956,-0.8491218,0.25342447,0.8121188,-0.5255844,0.9431274,-0.3282643,-0.05247128
1356421058809,-0.2260391,-0.45038912,-0.8637453,0.25427726,0.82867193,-0.49864402,0.94034535,-0.33234385,-0.07278854
1356421058849,-0.23234908,-0.41515428,-0.8795799,0.26350808,0.84363955,-0.46779886,0.9362571,-0.3404691,-0.08662236
1356421058889,-0.23196673,-0.37577012,-0.8972114,0.27789298,0.8583286,-0.4313322,0.9321839,-0.34938344,-0.09467983
1356421058929,-0.22255838,-0.33132723,-0.91689146,0.2929372,0.8742932,-0.387039,0.9298686,-0.35473037,-0.09752321
1356421058969,-0.20504063,-0.2834188,-0.93682027,0.30498096,0.89100146,-0.3363079,0.93002427,-0.35466912,-0.09625417
1356421059009,-0.18391639,-0.23781508,-0.95373935,0.31232536,0.90586764,-0.28610617,0.9320019,-0.3504966,-0.09232819
1356421059049,-0.16375357,-0.20197414,-0.96560407,0.31498083,0.9168777,-0.24519865,0.93486464,-0.34429893,-0.08652401
1356421059089,-0.1468665,-0.18197866,-0.9722726,0.3135323,0.92368275,-0.22024474,0.9381512,-0.3371854,-0.07860184
1356421059129,-0.13353688,-0.18125907,-0.9743269,0.30853695,0.92667013,-0.2146799,0.9417923,-0.32928354,-0.067819476
1356421059169,-0.122124165,-0.1996578,-0.9722254,0.3009408,0.92599463,-0.22796586,0.94579077,-0.3204225,-0.053001165
1356421059208,-0.10902167,-0.23329645,-0.9662748,0.29283965,0.9213927,-0.25550032,0.94992584,-0.31081867,-0.03213334
1356421059248,-0.087475084,-0.2737058,-0.9578273,0.28884837,0.9132363,-0.28734317,0.9533702,-0.30180225,-8.2594156E-4
1356421059285,-0.053417623,-0.3157374,-0.9473418,0.29549566,0.90120924,-0.31702402,0.95384955,-0.29687002,0.045158565
1356421059329,-0.0054820105,-0.3544302,-0.93506634,0.31917644,0.88554966,-0.33753246,0.9476794,-0.30030155,0.10827118
1356421059369,0.045774043,-0.39267787,-0.91853625,0.35613337,0.8654969,-0.35225588,0.9333133,-0.31099725,0.17946297
1356421059409,0.090253994,-0.4291294,-0.8987226,0.39747676,0.842941,-0.36257786,0.9131629,-0.32449722,0.24664772
1356421059449,0.11604929,-0.46605134,-0.8771138,0.4322061,0.8187851,-0.37787417,0.8942765,-0.33524194,0.29644966
1356421059489,0.116781384,-0.5034752,-0.85608107,0.45406157,0.7936839,-0.40483811,0.8832838,-0.34143594,0.32129622
1356421059529,0.09370984,-0.5393736,-0.83683604,0.4606827,0.76862967,-0.44382414,0.88260406,-0.3439252,0.32050824
1356421059569,0.053358912,-0.57091415,-0.81927395,0.45084798,0.74583465,-0.49037415,0.89100444,-0.34320217,0.2971924
1356421059609,0.005581856,-0.59487337,-0.80380005,0.4262596,0.7285425,-0.5362169,0.90458363,-0.33963442,0.25763708
1356421059649,-0.04366818,-0.61074626,-0.7906212,0.39090455,0.7178364,-0.5761115,0.9193947,-0.33421522,0.20739692
1356421059689,-0.090662,-0.6186991,-0.7803792,0.350091,0.71379113,-0.6065793,0.93231785,-0.32819748,0.1518873
1356421059730,-0.13306236,-0.61905354,-0.7739943,0.30901486,0.7160971,-0.6258712,0.94170284,-0.32245564,0.09601116
1356421059769,-0.16911721,-0.61159337,-0.77288604,0.2725208,0.7245915,-0.63300836,0.9471704,-0.31768015,0.04413104
1356421059809,-0.19887134,-0.59665495,-0.7774658,0.24384369,0.73823786,-0.62892383,0.94920516,-0.31465507,-0.0013237596
1356421059849,-0.22231722,-0.57373583,-0.7882908,0.225057,0.75649,-0.6140621,0.9486435,-0.3139269,-0.039057493
1356421059889,-0.2389191,-0.5420399,-0.8056739,0.21709666,0.7788839,-0.58839524,0.94646007,-0.31548798,-0.068415165
1356421059930,-0.24656518,-0.49856663,-0.8310456,0.22066493,0.8061137,-0.54907894,0.9436697,-0.31876642,-0.08874339
1356421059969,-0.2433111,-0.44040713,-0.86419976,0.23518541,0.8375996,-0.49306664,0.94100344,-0.3232158,-0.100219965
1356421060009,-0.22709168,-0.3637057,-0.90340894,0.25804645,0.8720161,-0.4159328,0.9390642,-0.3275763,-0.104174614
1356421060049,-0.19622353,-0.2654866,-0.943935,0.2843876,0.9058654,-0.31389737,0.93841356,-0.33003742,-0.10225105
1356421060089,-0.15214154,-0.14864431,-0.9771171,0.30812627,0.93222183,-0.1897912,0.9391013,-0.32995057,-0.09602845
1356421060129,-0.10098523,-0.025971144,-0.99454886,0.32393825,0.9443261,-0.057551935,0.9406732,-0.32798433,-0.086949944
1356421060169,-0.05129704,0.083417885,-0.9951935,0.32931158,0.9421835,0.062000245,0.94282687,-0.3245483,-0.07580173
1356421060208,-0.009907752,0.1627736,-0.98661375,0.3250832,0.9335909,0.15076125,0.94563353,-0.31923786,-0.062164724
1356421060248,0.018796593,0.20022745,-0.9795691,0.31458655,0.928797,0.19588599,0.9490427,-0.31184128,-0.045530677
1356421060288,0.037011653,0.19608717,-0.9798877,0.30130807,0.93273616,0.19803236,0.95280826,-0.30257756,-0.024560511
