1356594598356,-0.65613294,0.030096203,0.75404495,0.7535175,-0.028480232,0.6568107,0.041242898,0.99914116,-0.0039911866
1356594598398,-0.13721883,0.0016756356,-0.9905394,-0.98968196,0.041401625,0.1371701,0.041239798,0.9991412,-0.0040227175
1356594598438,-0.13673967,0.0014811754,-0.99060595,-0.9897486,0.041417778,0.13668329,0.041231185,0.9991408,-0.0041974783
1356594598477,-0.13532531,0.0010259748,-0.9908007,-0.9899429,0.0414747,0.1352511,0.04123193,0.999139,-0.0045969486
1356594598516,-0.13271141,4.8440695E-4,-0.9911547,-0.9902955,0.041564763,0.13261667,0.041261345,0.99913573,-0.0050364137
1356594598560,-0.1296615,5.8585405E-4,-0.9915582,-0.9906975,0.04158306,0.12957346,0.041307956,0.9991349,-0.0048113465
1356594598596,-0.1256631,0.0017188787,-0.9920715,-0.9912121,0.04143274,0.12562603,0.041320205,0.99913985,-0.0035027862
1356594598656,-0.12407321,0.0048573017,-0.9922612,-0.9914153,0.04096222,0.12416801,0.04124835,0.99914885,-2.6673079E-4
1356594598677,-0.12396747,0.010087907,-0.99223495,-0.9914369,0.04010451,0.124275565,0.04104674,0.99914455,0.0050299764
1356594598716,-0.12543535,0.017282367,-0.99195135,-0.9912702,0.038747966,0.12602428,0.040614158,0.9990996,0.012271106
1356594598753,-0.1278212,0.025803596,-0.9914615,-0.99099755,0.036813498,0.12871948,0.03982058,0.998989,0.020865679
1356594598798,-0.13069552,0.034914583,-0.9908076,-0.99067116,0.03430307,0.13188627,0.038592517,0.99880147,0.030105531
1356594598837,-0.13267392,0.043494314,-0.990205,-0.9904671,0.03152436,0.13409373,0.037047923,0.99855614,0.038897157
1356594598876,-0.13197851,0.05014631,-0.9899834,-0.99062073,0.028981745,0.13353151,0.035387576,0.99832135,0.045850933
1356594598918,-0.1265158,0.053294063,-0.9905319,-0.9914013,0.026853204,0.1280716,0.033424467,0.99821776,0.049438417
1356594598957,-0.11417866,0.051717937,-0.9921132,-0.9929789,0.025142431,0.11558896,0.030922234,0.9983452,0.048484087
1356594598997,-0.09091282,0.042946517,-0.9949324,-0.99550456,0.022728324,0.091946155,0.026561886,0.9988189,0.040687203
1356594599036,-0.05698377,0.0266577,-0.9980192,-0.99819994,0.01720643,0.057453632,0.018703967,0.9994966,0.025629222
1356594599079,-0.014982462,0.003562957,-0.99988145,-0.9998691,0.006066799,0.01500386,0.0061195493,0.99997526,0.003471613
1356594599129,0.03385663,-0.026776314,-0.999068,-0.99935913,-0.012531817,-0.033530653,-0.0116223395,0.9995629,-0.027183473
1356594599169,0.06400493,-0.053452373,-0.99651706,-0.99761283,-0.029363662,-0.06250027,-0.02592066,0.99813855,-0.055204183
1356594599211,0.080361485,-0.076331854,-0.9938388,-0.9961822,-0.040263295,-0.07745856,-0.034102708,0.99626917,-0.079276055
1356594599250,0.08257666,-0.09612301,-0.99193823,-0.99591994,-0.044310063,-0.078614354,-0.036396235,0.99438274,-0.09938979
1356594599305,0.07703546,-0.114818275,-0.99039507,-0.9964654,-0.042243093,-0.07261026,-0.033500344,0.9924879,-0.11766663
1356594599329,0.06689322,-0.13429412,-0.98868114,-0.9973675,-0.036794245,-0.062483042,-0.027986705,0.9902581,-0.13640183
1356594599372,0.06263557,-0.15801948,-0.9854474,-0.99779445,-0.031655997,-0.058344185,-0.021975785,0.9869284,-0.15965378
1356594599410,0.06269014,-0.18530545,-0.9806792,-0.9978683,-0.029485345,-0.058217466,-0.01812768,0.9822385,-0.18675888
1356594599449,0.07849455,-0.21851334,-0.97267187,-0.9967387,-0.035527527,-0.072455406,-0.018724144,0.97518706,-0.22058946
1356594599491,0.1080794,-0.25643292,-0.96050036,-0.9938208,-0.052437156,-0.09782913,-0.025279343,0.96513855,-0.26051575
1356594599529,0.14690173,-0.29550844,-0.9439781,-0.98842245,-0.08047831,-0.12862471,-0.037960082,0.95194435,-0.30390954
1356594599572,0.19120985,-0.33256024,-0.9234947,-0.97996134,-0.11817354,-0.1603457,-0.055808008,0.9356488,-0.34849215
1356594599608,0.23354158,-0.36399147,-0.9016477,-0.96948075,-0.15831205,-0.18720159,-0.07460192,0.9178494,-0.38985518
1356594599648,0.2658404,-0.3869481,-0.8829496,-0.95997405,-0.19005358,-0.20574105,-0.088196635,0.902303,-0.42198408
1356594599694,0.27727783,-0.39881474,-0.8741075,-0.9564294,-0.20115073,-0.21161565,-0.091431946,0.8946984,-0.43721277
1356594599727,0.26399302,-0.39903998,-0.8781086,-0.96059585,-0.19086085,-0.20205873,-0.08696708,0.8968496,-0.43370208
1356594599767,0.2148507,-0.38509497,-0.89751935,-0.97353697,-0.15772566,-0.1653733,-0.07787743,0.9092989,-0.40879166
1356594599808,0.12033802,-0.35192758,-0.92825955,-0.99043435,-0.10615629,-0.088151604,-0.06751764,0.92998815,-0.36133575
1356594599846,-0.0039000511,-0.3005793,-0.9537488,-0.99823534,-0.05534333,0.021523774,-0.059253246,0.95214975,-0.299833
1356594599887,-0.1439544,-0.23409232,-0.96149766,-0.9880384,-0.020286798,0.15286726,-0.05529079,0.9720027,-0.22837186
1356594599926,-0.2710616,-0.16337135,-0.94859654,-0.9609233,-0.0115529895,0.2765737,-0.056143343,0.98649704,-0.1538558
1356594599968,-0.366952,-0.09903911,-0.92495275,-0.92829144,-0.025336742,0.37098944,-0.060177743,0.994761,-0.08263987
1356594600036,-0.44041526,-0.039037973,-0.8969451,-0.89518523,-0.0570153,0.44203258,-0.068395615,0.99760985,-0.009835839
1356594600063,-0.44578725,0.0027645826,-0.8951347,-0.8918816,-0.08660394,0.44389972,-0.07629499,0.99623895,0.041072607
1356594600106,-0.41770548,0.025193363,-0.9082331,-0.90441537,-0.10715628,0.41297728,-0.08691859,0.9939229,0.067545116
1356594600147,-0.35712075,0.031262428,-0.933535,-0.92851317,-0.12062329,0.35116014,-0.101627946,0.992206,0.07210463
1356594600186,-0.27698576,0.026632011,-0.9605049,-0.95359427,-0.1304329,0.2713764,-0.11805418,0.99109936,0.061524212
1356594600228,-0.19362128,0.016573578,-0.9809363,-0.9722283,-0.13722277,0.18958396,-0.13146469,0.99040157,0.04268253
1356594600305,-0.12720555,0.007948816,-0.9918446,-0.9822916,-0.13968933,0.12486082,-0.13755757,0.9901635,0.025577247
1356594600306,-0.08604944,0.0017777085,-0.9962894,-0.98673636,-0.13831246,0.08497748,-0.1376481,0.9903871,0.013655782
1356594600335,-0.07118243,-5.880594E-4,-0.99746305,-0.9889216,-0.1305474,0.07064986,-0.13025779,0.99144185,0.008711189
1356594600379,-0.09345269,1.1512637E-4,-0.9956237,-0.98876655,-0.11717391,0.09279549,-0.11665046,0.9931114,0.011064082
1356594600419,-0.15658206,0.001809746,-0.98766327,-0.98257816,-0.10164571,0.15558967,-0.1001102,0.9948189,0.017694175
1356594600460,-0.2512604,0.0076987743,-0.9678889,-0.96472424,-0.08317703,0.24977729,-0.07858318,0.996505,0.028326333
1356594600499,-0.3761093,0.016704172,-0.92642474,-0.9250717,-0.06370604,0.3744113,-0.052764595,0.99782884,0.039412916
1356594600539,-0.5050887,0.022932142,-0.8627627,-0.8626486,-0.04455179,0.5038377,-0.026883602,0.9987438,0.042285025
1356594600580,-0.60267353,0.011717021,-0.79790187,-0.79792917,-0.020977557,0.6023861,-0.009679854,0.9997113,0.021991909
1356594600621,-0.6506314,-0.029723793,-0.7588117,-0.75934577,0.014242947,0.6505314,-0.00852856,0.99945664,-0.031837523
1356594600663,-0.6343367,-0.115943015,-0.76431286,-0.7725904,0.06073922,0.63199276,-0.026851386,0.99139696,-0.12810558
1356594600698,-0.5884548,-0.21385887,-0.77973425,-0.8071282,0.09860963,0.58208275,-0.04759422,0.97187483,-0.23063886
1356594600741,-0.5404622,-0.29591492,-0.7876135,-0.83922577,0.12283653,0.5297276,-0.06000665,0.94728327,-0.3147279
1356594600781,-0.5192054,-0.33854365,-0.7847382,-0.85225534,0.13641077,0.5050278,-0.06392717,0.93101037,-0.3593508
1356594600824,-0.53965586,-0.33278954,-0.77331924,-0.8394114,0.14232105,0.5245315,-0.06449899,0.9321995,-0.3561517
1356594600858,-0.56463695,-0.30322674,-0.7676188,-0.8227141,0.13266242,0.5527587,-0.06577703,0.9436388,-0.32437503
1356594600899,-0.59080005,-0.25608197,-0.7650995,-0.80398977,0.107528925,0.5848402,-0.06749669,0.9606558,-0.26941538
1356594600940,-0.60528076,-0.2026501,-0.76978445,-0.7930783,0.07057512,0.60501736,-0.06827918,0.97670466,-0.20343518
1356594600979,-0.60610044,-0.14934257,-0.78124195,-0.79248405,0.029530406,0.60917723,-0.067905724,0.98834443,-0.13625002
1356594601019,-0.59440017,-0.099957466,-0.797933,-0.80137527,-0.00901711,0.5980939,-0.06697896,0.99495083,-0.07474375
1356594601059,-0.572273,-0.057442844,-0.81804883,-0.8173204,-0.041565716,0.5746822,-0.06701419,0.9974831,-0.023162305
1356594601104,-0.5403815,-0.026417047,-0.84100527,-0.8383306,-0.068668604,0.54082,-0.07203758,0.99728966,0.014961064
1356594601139,-0.4998864,-0.009455591,-0.86603934,-0.8619269,-0.09250444,0.49852264,-0.08482635,0.99566734,0.03809172
1356594601181,-0.45387197,-0.0117045045,-0.89099,-0.88415927,-0.11834824,0.45194703,-0.11073694,0.9929032,0.043366313
1356594601220,-0.40793216,-0.024817824,-0.9126748,-0.9019485,-0.14419383,0.40705892,-0.14170441,0.98923814,0.036436975
1356594601259,-0.36749715,-0.04319325,-0.9290211,-0.914379,-0.16567689,0.36940795,-0.16987324,0.9852337,0.021390796
1356594601300,-0.3364433,-0.0590522,-0.93985033,-0.9231614,-0.17639458,0.3415523,-0.18595397,0.98254657,0.0048321486
1356594601336,-0.3157531,-0.06786001,-0.94641167,-0.93025047,-0.17433977,0.3228618,-0.18690664,0.9823445,-0.008078456
1356594601380,-0.30416095,-0.068167955,-0.9501785,-0.9362538,-0.16270697,0.31137648,-0.17582658,0.9843168,-0.014333367
1356594601419,-0.29979783,-0.060624957,-0.95207447,-0.9408468,-0.14637673,0.30558312,-0.15788752,0.9873694,-0.013155401
1356594601460,-0.301571,-0.046304226,-0.95231867,-0.9437328,-0.12769556,0.305061,-0.13573244,0.99073195,-0.005189538
1356594601499,-0.3090002,-0.02690956,-0.9506811,-0.9446837,-0.10688919,0.31007645,-0.1099616,0.9939066,0.0076078176
1356594601540,-0.32095033,-0.005878836,-0.94707775,-0.9436537,-0.08319664,0.32030633,-0.080676645,0.99651587,0.021154344
1356594601580,-0.33341837,0.0069927275,-0.942753,-0.9413272,-0.057940483,0.33248436,-0.052298546,0.99829555,0.02590084
1356594601621,-0.33556366,-0.0070304573,-0.9419913,-0.9414911,-0.030921578,0.3356163,-0.031487405,0.9994971,0.003757
1356594601678,-0.31703186,-0.056851506,-0.9467094,-0.94813704,-0.0051618814,0.31781986,-0.022955328,0.99836934,-0.052266598
1356594601704,-0.2603889,-0.15296409,-0.9533098,-0.9650593,0.011276543,0.26178876,-0.029294223,0.9881674,-0.15055573
1356594601736,-0.16858375,-0.26571557,-0.9491969,-0.984853,0.0057959557,0.1732941,-0.040545464,0.9640341,-0.2626679
1356594601773,-0.06793344,-0.3557978,-0.93209064,-0.99655914,-0.020267785,0.0803687,-0.047486454,0.93434316,-0.35319668
1356594601815,0.009092033,-0.39927083,-0.916788,-0.99877304,-0.04826045,0.011112779,-0.048681587,0.91556203,-0.3992197
1356594601858,0.047163516,-0.39794084,-0.916198,-0.9977188,-0.06311777,-0.02394551,-0.04829946,0.9152373,-0.40000993
1356594601900,0.040484846,-0.3588129,-0.9325311,-0.9979881,-0.06009704,-0.020202935,-0.048793286,0.9314729,-0.36052406
1356594601939,0.002958119,-0.29964358,-0.9540466,-0.9987679,-0.048145175,0.012024492,-0.04953578,0.95283556,-0.29941684
1356594601979,-0.058051795,-0.22680059,-0.9722096,-0.9970896,-0.035036534,0.06771088,-0.04941973,0.9733108,-0.22410655
1356594602019,-0.12681395,-0.15267324,-0.98010665,-0.9907495,-0.028625667,0.13265008,-0.048308313,0.98786205,-0.14763081
1356594602061,-0.19188172,-0.08428988,-0.9777917,-0.9802748,-0.031614542,0.19509432,-0.047356904,0.9959396,-0.076561034
1356594602101,-0.2424953,-0.030263752,-0.96968037,-0.96890163,-0.043186367,0.24364838,-0.049250662,0.99860847,-0.018850148
1356594602142,-0.27380162,0.00481081,-0.96177423,-0.9599186,-0.06365442,0.27295494,-0.059908032,0.99796045,0.022046626
1356594602180,-0.28754848,0.021387517,-0.95752716,-0.9544593,-0.089402914,0.2846303,-0.0795182,0.9957658,0.04612118
1356594602219,-0.28582752,0.019309372,-0.9580866,-0.95198464,-0.120144725,0.28158566,-0.10967174,0.9925686,0.05272281
1356594602260,-0.276429,0.005148262,-0.9610205,-0.9502864,-0.15060031,0.27253473,-0.14332694,0.9885813,0.046522677
1356594602299,-0.2682674,-0.012263447,-0.9632664,-0.9479959,-0.17442101,0.2662351,-0.1712788,0.9845948,0.035165727
1356594602337,-0.2680235,-0.025847822,-0.9630656,-0.9450344,-0.18726796,0.2680314,-0.18727934,0.98196876,0.025765121
1356594602379,-0.2786492,-0.032159835,-0.9598543,-0.9413152,-0.18907231,0.27960217,-0.19047385,0.9814364,0.02241236
1356594602420,-0.3002131,-0.030402035,-0.9533875,-0.936049,-0.18292081,0.30058643,-0.18353283,0.98265743,0.026457429
1356594602460,-0.33092415,-0.022332013,-0.9433931,-0.9280883,-0.17314774,0.3296543,-0.17070818,0.9846426,0.036572635
1356594602501,-0.36913353,-0.0064737797,-0.92935383,-0.9169751,-0.16027594,0.3653332,-0.15131807,0.987051,0.05322689
1356594602540,-0.4126863,0.01455161,-0.91075695,-0.90204227,-0.14542133,0.40641397,-0.12652946,0.98926276,0.07313955
1356594602582,-0.45645142,0.040376693,-0.88883173,-0.8847991,-0.1258179,0.44866502,-0.09371537,0.9912313,0.09315503
1356594602633,-0.4935649,0.059835047,-0.86764836,-0.8676871,-0.10186678,0.4865619,-0.059271038,0.99299705,0.10219586
1356594602656,-0.51071787,0.052799433,-0.8581255,-0.8591448,-0.068734944,0.50709534,-0.03220892,0.9962368,0.08046657
1356594602694,-0.4973973,0.0066248775,-0.86749756,-0.8672674,-0.028061807,0.4970511,-0.021050662,0.9995842,0.019703448
1356594602738,-0.43779117,-0.08858672,-0.8947017,-0.8986118,0.011117935,0.43860364,-0.02890724,0.99600637,-0.08447236
1356594602778,-0.3333814,-0.20555416,-0.92011106,-0.94180727,0.028013706,0.33498424,-0.04308164,0.9782447,-0.20293164
1356594602820,-0.21156949,-0.30398187,-0.9288882,-0.976022,0.015945017,0.21708691,-0.05117932,0.95254433,-0.30006647
1356594602860,-0.10977483,-0.35535845,-0.92826176,-0.99262846,-0.0090658665,0.1208573,-0.05136317,0.9346861,-0.3517437
1356594602902,-0.056219876,-0.3542766,-0.93344927,-0.9972541,-0.025214195,0.06963238,-0.048205256,0.93480074,-0.3518862
1356594602940,-0.038856864,-0.32202342,-0.94593394,-0.9981898,-0.030979872,0.05154991,-0.045905203,0.9462247,-0.32023668
1356594602980,-0.062043995,-0.2634243,-0.96268284,-0.9970828,-0.026605278,0.07154119,-0.04445812,0.96431315,-0.2610051
1356594603020,-0.104670525,-0.19573876,-0.975054,-0.9935889,-0.021534026,0.11098313,-0.042720526,0.98041964,-0.19222993
1356594603060,-0.1581657,-0.12590513,-0.9793526,-0.98657966,-0.02057904,0.16197848,-0.040548056,0.9918288,-0.12096053
1356594603100,-0.20959169,-0.062049657,-0.97581816,-0.976995,-0.026919782,0.21155626,-0.03939584,0.99770993,-0.05498004
1356594603139,-0.24809504,-0.0107803345,-0.96867573,-0.9678109,-0.040923715,0.24832895,-0.04231885,0.99910414,-2.8038025E-4
1356594603179,-0.26608586,0.023470491,-0.9636636,-0.9624845,-0.061561644,0.26426095,-0.05312237,0.99782735,0.03897065
1356594603219,-0.26064414,0.039072007,-0.96464396,-0.96256447,-0.08750945,0.25653777,-0.07439205,0.9953971,0.06041813
1356594603259,-0.23525864,0.038575232,-0.97116697,-0.9663119,-0.1165908,0.22945148,-0.104377985,0.9924306,0.06470466
1356594603300,-0.19999021,0.028353184,-0.9793876,-0.9702276,-0.14509922,0.19391918,-0.13661009,0.9890108,0.056527466
1356594603337,-0.16723359,0.01563245,-0.9857933,-0.9725105,-0.16694695,0.16233286,-0.16203755,0.9858419,0.043121904
1356594603379,-0.14718789,0.0053432286,-0.98909414,-0.97364855,-0.17689449,0.1439338,-0.17419621,0.9842154,0.031239122
1356594603421,-0.14517492,-6.057322E-4,-0.9894059,-0.97451794,-0.17273766,0.14309621,-0.17099431,0.9849677,0.02448687
1356594603460,-0.16574591,-0.0030080676,-0.98616385,-0.97327286,-0.16068953,0.16406938,-0.15895972,0.98700035,0.02370599
1356594603499,-0.20780915,-5.6654215E-5,-0.9781694,-0.9681139,-0.14300609,0.2056812,-0.13989586,0.9897218,0.029663146
1356594603540,-0.276115,0.00836423,-0.96108824,-0.95420897,-0.12212658,0.27307573,-0.11509031,0.9924793,0.04170221
1356594603579,-0.37055087,0.023729086,-0.928509,-0.9250285,-0.09956944,0.3666172,-0.08375165,0.99474764,0.05884564
1356594603619,-0.48542285,0.04585281,-0.8730763,-0.8730829,-0.07765722,0.48134792,-0.045729488,0.9959252,0.07772982
1356594603659,-0.6034918,0.06842297,-0.7944281,-0.7973585,-0.05695331,0.6008126,-0.0041359365,0.99602944,0.08892846
1356594603699,-0.7011535,0.076987326,-0.7088418,-0.71227497,-0.030489326,0.70123804,0.032374352,0.9965658,0.07621384
1356594603739,-0.7617549,0.056003094,-0.64544034,-0.64565784,0.016548872,0.7634476,0.053436726,0.99829346,0.023552656
1356594603781,-0.77989584,-0.0049375296,-0.6258899,-0.6236335,0.09132618,0.7763638,0.053326815,0.9958088,-0.074304104
1356594603820,-0.76493466,-0.09111127,-0.63763136,-0.6428168,0.1706357,0.7467732,0.0407632,0.9811128,-0.189093
1356594603862,-0.73043865,-0.17850652,-0.659238,-0.68248534,0.22744149,0.6946108,0.025945514,0.9572908,-0.28796017
1356594603900,-0.71078277,-0.23198931,-0.6640548,-0.70324373,0.25498462,0.66364974,0.0153641105,0.93870324,-0.34438372
1356594603942,-0.736374,-0.22944276,-0.63648194,-0.67653286,0.26015812,0.6889275,0.0075165033,0.9379093,-0.3467992
1356594603980,-0.7776207,-0.1990179,-0.5964042,-0.6287334,0.24712539,0.7373082,6.490946E-4,0.94832534,-0.317299
1356594604019,-0.822432,-0.1522737,-0.54810435,-0.56884027,0.21144038,0.79480416,-0.0051363707,0.9654562,-0.26051474
1356594604060,-0.8575353,-0.10495524,-0.50360477,-0.5143495,0.15813804,0.8428743,-0.008824974,0.9818232,-0.18959266
1356594604099,-0.8813605,-0.063752145,-0.46812338,-0.47232226,0.09635854,0.87614316,-0.010748312,0.993303,-0.115038216
1356594604139,-0.89550555,-0.03135802,-0.44394428,-0.4448709,0.03474039,0.8949207,-0.012640163,0.99890435,-0.045060456
1356594604180,-0.9014621,-0.009526446,-0.43275344,-0.4325168,-0.019878864,0.90140676,-0.017189816,0.99975705,0.013799548
1356594604220,-0.8994335,-6.507337E-4,-0.43705714,-0.4361401,-0.06342745,0.89764065,-0.028305545,0.99798626,0.05676496
1356594604260,-0.8889807,-0.0052199364,-0.4579149,-0.45544884,-0.09417617,0.8852667,-0.04774575,0.9955419,0.08134347
1356594604310,-0.86820066,-0.024336502,-0.49561614,-0.49021226,-0.112799406,0.86427325,-0.076938614,0.9933197,0.08600247
1356594604340,-0.8381238,-0.05156371,-0.54303753,-0.5342194,-0.12364447,0.8362545,-0.11026397,0.990986,0.076083064
1356594604382,-0.8028805,-0.079993844,-0.5907487,-0.57917964,-0.13002443,0.80476373,-0.14118786,0.9882787,0.05806315
1356594604420,-0.77346516,-0.0989615,-0.6260658,-0.61309505,-0.13381809,0.7785931,-0.16082966,0.98605245,0.042830765
1356594604459,-0.7577993,-0.10496181,-0.64399016,-0.63104266,-0.13306248,0.76425105,-0.16590808,0.98553413,0.034599245
1356594604498,-0.75811374,-0.09885427,-0.64458627,-0.63262045,-0.1284368,0.76373774,-0.15828736,0.98677856,0.034832478
1356594604540,-0.77051824,-0.08405131,-0.63185215,-0.6212788,-0.12262058,0.773936,-0.14252838,0.9888881,0.042262018
1356594604579,-0.7906374,-0.061316997,-0.6092067,-0.60039735,-0.11746591,0.79102767,-0.12006447,0.9911821,0.056058466
1356594604619,-0.81403726,-0.030452937,-0.58001363,-0.57368934,-0.11376166,0.8111343,-0.09068476,0.9930412,0.07513577
1356594604679,-0.8359483,0.008430451,-0.54874325,-0.5462078,-0.10999709,0.830396,-0.053359583,0.99389607,0.09655678
1356594604696,-0.8492512,0.047523946,-0.5258459,-0.52783024,-0.10084474,0.84334195,-0.012949824,0.9937664,0.11072701
1356594604739,-0.8496165,0.07272497,-0.5223628,-0.52687526,-0.07282299,0.8468172,0.023544773,0.9946899,0.10018855
1356594604773,-0.8332287,0.068725124,-0.54864085,-0.55096674,-0.019687057,0.834295,0.04653591,0.99744135,0.054269075
1356594604816,-0.7936257,0.016504318,-0.6081823,-0.6064546,0.05854398,0.79295987,0.048692673,0.9981484,-0.03645283
1356594604858,-0.72345036,-0.07558799,-0.686226,-0.68934673,0.13335925,0.71205086,0.0376921,0.98818105,-0.14858508
1356594604901,-0.6292784,-0.17671654,-0.75682235,-0.7767643,0.17485648,0.60503095,0.025416344,0.96860546,-0.24730057
1356594604940,-0.5333892,-0.24995404,-0.8080958,-0.84568805,0.17738926,0.5033335,0.017537266,0.95186967,-0.3060007
1356594604979,-0.46156195,-0.2770973,-0.8427203,-0.8870255,0.1571084,0.43416885,0.012091398,0.9479103,-0.31830764
1356594605039,-0.4286772,-0.248658,-0.86856496,-0.9034311,0.12535995,0.40999645,0.0069344044,0.96044475,-0.2783844
1356594605066,-0.4016959,-0.20450962,-0.8926456,-0.9157623,0.09443343,0.3904634,0.004442066,0.9742988,-0.22521573
1356594605108,-0.3882563,-0.15170538,-0.90897876,-0.9215288,0.070810616,0.38179883,0.0064443946,0.985886,-0.16729349
1356594605149,-0.38058406,-0.09954387,-0.91937304,-0.92466706,0.053984582,0.37693042,0.012110859,0.99356765,-0.11259055
1356594605189,-0.3756709,-0.051816225,-0.92530346,-0.9265489,0.04196298,0.3738266,0.019458264,0.9977746,-0.063774586
1356594605230,-0.36656028,-0.014644921,-0.930279,-0.93010885,0.030532897,0.3660126,0.0230439,0.9994265,-0.024813533
1356594605270,-0.350685,0.008246034,-0.9364572,-0.93635595,0.014052808,0.35077077,0.016052365,0.99986726,0.002793014
1356594605311,-0.32620144,0.01564157,-0.94517076,-0.94528127,-0.011723995,0.32604563,-0.005981356,0.9998089,0.01861012
1356594605335,-0.29938793,0.015033245,-0.954013,-0.95352274,-0.040424168,0.2985971,-0.034076333,0.99906945,0.026437104
1356594605374,-0.27172786,0.006290555,-0.96235365,-0.9599171,-0.07318258,0.27056146,-0.06872553,0.9972987,0.025924146
1356594605419,-0.24854267,-0.004710585,-0.96860945,-0.96348727,-0.101615846,0.24772254,-0.09959301,0.9948126,0.020717323
1356594605459,-0.23608518,-0.012482852,-0.97165215,-0.96461487,-0.117791176,0.23588857,-0.11739659,0.99295986,0.015767574
1356594605499,-0.23633033,-0.014951408,-0.97155774,-0.96418685,-0.12026781,0.23638824,-0.120381445,0.99262893,0.014006972
1356594605540,-0.25126874,-0.011374384,-0.96785045,-0.96145296,-0.112439096,0.25092933,-0.11167845,0.99359345,0.01731652
1356594605579,-0.28132802,-0.0021811724,-0.9596091,-0.9548294,-0.09907353,0.28015202,-0.09568292,0.99507767,0.025789559
1356594605622,-0.32690245,0.014618278,-0.9449451,-0.94230556,-0.081300795,0.32473153,-0.07207775,0.99658245,0.040352225
1356594605659,-0.38803637,0.036979288,-0.9209019,-0.9206314,-0.06237769,0.38541764,-0.043191224,0.9973673,0.058249116
1356594605702,-0.45682365,0.064174324,-0.88723934,-0.8895285,-0.040975213,0.45503855,-0.007153064,0.99709713,0.07580334
1356594605740,-0.52528805,0.08325675,-0.84684163,-0.85046995,-0.018845797,0.5256859,0.027807474,0.99634993,0.080706894
1356594605783,-0.5672076,0.06872308,-0.8207027,-0.8219585,0.015166998,0.56934553,0.051574796,0.9975205,0.047884583
1356594605820,-0.5780354,0.015449107,-0.81586546,-0.81378335,0.06292504,0.57775176,0.06026417,0.9978987,-0.02380073
1356594605858,-0.5377,-0.08614278,-0.83872414,-0.8415018,0.11674136,0.5274905,0.05247435,0.98941946,-0.13526118
1356594605900,-0.45339382,-0.20787597,-0.86673033,-0.8905134,0.14675748,0.43063673,0.03768012,0.9670831,-0.25165522
1356594605939,-0.3635979,-0.3034847,-0.88073474,-0.9312297,0.14343634,0.33501846,0.024656415,0.9419783,-0.33476704
1356594605979,-0.3133481,-0.34644315,-0.884189,-0.94951355,0.12939203,0.2858001,0.015393525,0.9291043,-0.36949724
1356594606020,-0.32008564,-0.33836246,-0.8849045,-0.9473481,0.122953296,0.2956587,0.008762151,0.9329487,-0.35990262
1356594606059,-0.37194887,-0.29335475,-0.8806799,-0.92824316,0.12196824,0.35140917,0.0043274164,0.9481913,-0.31767046
1356594606099,-0.44496948,-0.22791779,-0.8660575,-0.89554274,0.115722895,0.42966422,0.0022945106,0.966779,-0.25560325
1356594606139,-0.5192608,-0.1552985,-0.8403871,-0.8546102,0.09793407,0.50995135,0.0031078756,0.9830011,-0.18357301
1356594606180,-0.5762372,-0.090821564,-0.81222045,-0.8172584,0.07165784,0.57179874,0.0062702894,0.9932857,-0.1155166
1356594606218,-0.61540514,-0.037161857,-0.78733444,-0.78813565,0.04282725,0.61400986,0.0109016,0.99839115,-0.05564469
1356594606260,-0.63324255,0.0019130707,-0.77395105,-0.77383965,0.015577078,0.6331899,0.013267249,0.99987686,-0.008383691
1356594606315,-0.6299259,0.023940712,-0.7762862,-0.7766136,-0.009067833,0.6299119,0.008041322,0.9996723,0.024304748
1356594606339,-0.6032476,0.027469784,-0.7970809,-0.7974999,-0.032424092,0.6024473,-0.009295493,0.99909663,0.04146689
1356594606379,-0.5562891,0.01657021,-0.83082354,-0.8301682,-0.05550307,0.55474335,-0.036921054,0.998321,0.0446319
1356594606419,-0.49746686,-0.0020561814,-0.86748064,-0.8647909,-0.07754588,0.4961082,-0.06828961,0.99698675,0.0367983
1356594606459,-0.43939316,-0.019684613,-0.89807916,-0.8934296,-0.09433627,0.439186,-0.09336665,0.99534583,0.023863912
1356594606500,-0.3945251,-0.0305309,-0.9183778,-0.91289794,-0.100883484,0.39552477,-0.104724824,0.9944297,0.011929452
1356594606539,-0.3705458,-0.033154964,-0.9282223,-0.92324436,-0.09613329,0.37199235,-0.101566434,0.9948162,0.0050116777
1356594606581,-0.37191778,-0.026573956,-0.9278852,-0.9243813,-0.08074707,0.37282586,-0.08483145,0.9963803,0.005466819
1356594606619,-0.3988371,-0.013924718,-0.916916,-0.9148855,-0.062167466,0.398898,-0.06255689,0.99796855,0.012055218
1356594606661,-0.448772,0.008134812,-0.89360917,-0.89299357,-0.042292416,0.4480779,-0.034147948,0.9990721,0.026244044
1356594606700,-0.51873344,0.036505967,-0.8541564,-0.85493195,-0.025286853,0.5181236,-0.0026842356,0.99901354,0.04432714
1356594606739,-0.5946312,0.07053962,-0.8008982,-0.8033228,-0.011290491,0.59543693,0.0329594,0.9974451,0.063379705
1356594606781,-0.66334504,0.10008621,-0.7415903,-0.74515164,0.0026617646,0.6668898,0.0687204,0.9949752,0.07281375
1356594606819,-0.709752,0.10853696,-0.69604003,-0.69791025,0.025998533,0.71571314,0.09577736,0.99375236,0.057296515
1356594606859,-0.7237714,0.07816219,-0.6855986,-0.68204707,0.06975138,0.7279742,0.10472152,0.99449754,0.0028262734
1356594606899,-0.69822544,-3.556311E-4,-0.7158779,-0.7098831,0.12948841,0.6923141,0.09245172,0.9915809,-0.090664625
1356594606940,-0.62661916,-0.118065804,-0.7703304,-0.77650607,0.17859429,0.6042701,0.06623295,0.97681344,-0.20358944
1356594606978,-0.5295103,-0.22963914,-0.81663007,-0.8472439,0.191261,0.4955774,0.04238552,0.9542982,-0.29583502
1356594607021,-0.44746307,-0.29772624,-0.8432888,-0.8938981,0.17725185,0.4117378,0.026889384,0.9380517,-0.34545058
1356594607060,-0.39511117,-0.31816867,-0.8617748,-0.9184787,0.15403405,0.36423948,0.016853094,0.93543696,-0.35309172
1356594607099,-0.38024396,-0.29558226,-0.8763821,-0.9248409,0.1308909,0.3571229,0.00915125,0.9463079,-0.32313704
1356594607140,-0.38208532,-0.24952304,-0.8898029,-0.9241189,0.107227445,0.36675143,0.0038983822,0.9624139,-0.271559
1356594607182,-0.3960268,-0.18732145,-0.898929,-0.91823554,0.083449244,0.38714302,0.0024947822,0.9787476,-0.20505339
1356594607220,-0.40213537,-0.12668625,-0.9067732,-0.9155729,0.059606016,0.3977102,0.0036647618,0.99015033,-0.13996023
1356594607258,-0.4051069,-0.06958011,-0.9116179,-0.9142494,0.03740871,0.403421,0.006032437,0.9968747,-0.078768134
1356594607313,-0.39839256,-0.021091402,-0.9169724,-0.9171871,0.016952515,0.39809594,0.0071485937,0.9996338,-0.02609849
1356594607339,-0.3793515,0.014756441,-0.92513496,-0.9252444,-0.0018303394,0.37936717,0.0039048195,0.99988943,0.014347672
1356594607379,-0.34573382,0.034758687,-0.9376886,-0.9383066,-0.020241022,0.34521145,-0.006980717,0.99919075,0.039612353
1356594607419,-0.29830515,0.03781399,-0.9537212,-0.9540684,-0.040817797,0.2967953,-0.027705729,0.9984508,0.04825324
1356594607463,-0.24143106,0.026214153,-0.97006375,-0.96869826,-0.06599486,0.23930788,-0.057745993,0.9974755,0.04132682
1356594607499,-0.18910336,0.0115253925,-0.9818896,-0.9780828,-0.090949714,0.18730262,-0.08714381,0.9957888,0.028471649
1356594607540,-0.14889467,-0.0014799535,-0.9888519,-0.98280036,-0.11025137,0.1481485,-0.109241575,0.99390256,0.0149614215
1356594607588,-0.12612599,-0.008099705,-0.9919811,-0.9853164,-0.1149807,0.12621748,-0.11508101,0.99333465,0.0065212846
1356594607630,-0.12170708,-0.008793801,-0.9925271,-0.98668265,-0.10764265,0.1219441,-0.10791063,0.99415076,0.0044242144
1356594607688,-0.13182425,-0.0034071505,-0.99126726,-0.9871793,-0.09033716,0.13159108,-0.089996636,0.9959054,0.00854516
1356594607707,-0.1564725,0.007934004,-0.9876504,-0.98559976,-0.06615621,0.15561622,-0.06410459,0.99777764,0.01817143
1356594607747,-0.19603884,0.025477082,-0.98026514,-0.98008764,-0.037281215,0.19503444,-0.031576663,0.99898,0.03227836
1356594607783,-0.24913526,0.04710731,-0.96732235,-0.9684534,-0.006508231,0.2491096,0.0054393113,0.9988686,0.04724264
1356594607825,-0.30784214,0.064652056,-0.94923824,-0.9504843,0.023748219,0.30986372,0.042576015,0.99762523,0.05414015
1356594607868,-0.35555577,0.06193742,-0.93260056,-0.9318392,0.053903818,0.3588454,0.07249671,0.99662334,0.0385499
1356594607920,-0.35535687,0.007838666,-0.93469787,-0.93078244,0.08884519,0.3546134,0.08582309,0.9960146,-0.02427566
1356594607959,-0.3126297,-0.077652395,-0.9466957,-0.94573647,0.118380725,0.30260277,0.08857274,0.9899273,-0.11044806
1356594608000,-0.22238478,-0.17580512,-0.95897734,-0.97109616,0.12741336,0.20183697,0.086702585,0.9761447,-0.19905847
1356594608040,-0.12126747,-0.25289288,-0.95986426,-0.9890139,0.113134295,0.09514296,0.08453259,0.9608568,-0.26383406
1356594608079,-0.059993804,-0.28602436,-0.95634246,-0.9948633,0.09539014,0.03388083,0.08153489,0.95346254,-0.29027796
1356594608119,-0.06599474,-0.27480572,-0.9592322,-0.9949309,0.09122354,0.042316675,0.07587567,0.9571625,-0.27943295
1356594608160,-0.1352754,-0.22930068,-0.9639096,-0.9884694,0.098035425,0.11540082,0.06803581,0.9684061,-0.23991847
1356594608200,-0.22903395,-0.16894174,-0.95864606,-0.97150385,0.101409495,0.2142345,0.06102267,0.9803953,-0.18735379
1356594608241,-0.3255058,-0.10350746,-0.93985754,-0.9438413,0.0951246,0.31640938,0.056652844,0.9900695,-0.12865824
1356594608316,-0.3935846,-0.046824425,-0.91809505,-0.91768456,0.078979254,0.38938057,0.054277956,0.99577594,-0.074055076
1356594608319,-0.4325109,-0.0011216104,-0.901628,-0.9001645,0.057506442,0.4317372,0.051365227,0.99834454,-0.025881827
1356594608357,-0.4318015,0.030083299,-0.9014667,-0.9008788,0.03473091,0.43267894,0.044325203,0.9989438,0.012104571
1356594608400,-0.39480668,0.04608637,-0.91760767,-0.91831136,0.011560142,0.3956901,0.028843611,0.9988706,0.037757635
1356594608439,-0.32160455,0.04759562,-0.94567704,-0.94686925,-0.0129874945,0.32135636,0.0030131042,0.9987822,0.04924375
1356594608479,-0.22439283,0.03880158,-0.9737259,-0.9739895,-0.041227996,0.22281078,-0.031499416,0.99839604,0.04704368
1356594608519,-0.12531489,0.027014405,-0.99174917,-0.9897344,-0.072640896,0.123081684,-0.068716556,0.99699223,0.035840094
1356594608559,-0.045520544,0.018825978,-0.99878603,-0.99400127,-0.10038465,0.04341033,-0.09944552,0.99477065,0.023282558
1356594608600,0.0068241954,0.015392154,-0.99985826,-0.9931475,-0.11655283,-0.008572668,-0.116668224,0.99306524,0.01449126
1356594608640,0.03081423,0.015360087,-0.9994071,-0.99240816,-0.11863762,-0.032421798,-0.119065225,0.99281883,0.011587709
1356594608681,0.026744604,0.018749118,-0.99946654,-0.9940051,-0.10553312,-0.028578162,-0.10601261,0.9942391,0.015814275
1356594608720,-0.00988549,0.024083018,-0.9996611,-0.996338,-0.08514565,0.0078014135,-0.0849289,0.9960774,0.02483651
1356594608763,-0.081908464,0.03573832,-0.99599886,-0.9951935,-0.056753516,0.07980582,-0.05367431,0.9977484,0.040215105
1356594608800,-0.20481598,0.052827537,-0.97737384,-0.9786381,-0.029238403,0.20350063,-0.017826438,0.9981755,0.05768758
1356594608839,-0.3657385,0.07631883,-0.92758334,-0.9304377,-0.0055395365,0.3664082,0.02282545,0.99706805,0.073035955
1356594608881,-0.54508936,0.095980644,-0.8328657,-0.83612716,0.010509431,0.548435,0.06139213,0.9953277,0.07452339
1356594608921,-0.6928246,0.09540826,-0.71476656,-0.715865,0.028288662,0.6976654,0.08678281,0.9950362,0.048700392
1356594608961,-0.7739346,0.0600093,-0.6304158,-0.626945,0.06769085,0.77611715,0.089247614,0.9959,-0.014765739
1356594608999,-0.8036205,-0.0052960813,-0.59511846,-0.5907427,0.12845916,0.7965685,0.07222974,0.99170065,-0.10636103
1356594609039,-0.80286086,-0.084340125,-0.5901705,-0.59423316,0.19287312,0.7808245,0.047973186,0.9775923,-0.20496798
1356594609080,-0.8149649,-0.13879195,-0.5626447,-0.57871115,0.24588865,0.777581,0.030425996,0.95930994,-0.2807111
1356594609119,-0.86729676,-0.1373375,-0.47847134,-0.49725133,0.28378987,0.8198808,0.023185,0.9490004,-0.31442136
1356594609159,-0.9252284,-0.09806813,-0.36651742,-0.37881917,0.2926919,0.87796783,0.02117601,0.9511646,-0.30795693
1356594609199,-0.96165645,-0.05354038,-0.26898032,-0.2734578,0.26201314,0.9255107,0.020924188,0.96357805,-0.2666077
1356594609240,-0.978521,-0.022178099,-0.20495073,-0.20502953,0.20808971,0.9563794,0.021437466,0.9778583,-0.20816731
1356594609317,-0.9863105,-0.0011947602,-0.1648947,-0.16334623,0.14398646,0.97600514,0.022576518,0.989579,-0.14221048
1356594609319,-0.9898641,0.012543872,-0.14146248,-0.1400232,0.080142975,0.98689944,0.023716763,0.9967044,-0.07757425
1356594609355,-0.99122256,0.021025069,-0.1305212,-0.12995952,0.02617675,0.9911737,0.02425611,0.9994362,-0.023214579
1356594609399,-0.99124944,0.025049165,-0.12960333,-0.12998493,-0.014252126,0.9914135,0.022986952,0.99958456,0.017383516
1356594609440,-0.9896987,0.022788715,-0.14134115,-0.14216141,-0.0396536,0.9890489,0.016934488,0.99895364,0.04248464
1356594609480,-0.9853862,0.011280611,-0.16996117,-0.17031834,-0.051248252,0.9840556,0.0023905337,0.99862224,0.052420616
1356594609520,-0.9762486,-0.009364821,-0.21645075,-0.21567175,-0.05298257,0.9750275,-0.020599075,0.99855155,0.049704432
1356594609561,-0.9598166,-0.037099935,-0.27816504,-0.2763121,-0.048238218,0.9598566,-0.0490288,0.99814665,0.03604859
1356594609599,-0.9379971,-0.061356172,-0.3411699,-0.33901012,-0.043032765,0.939798,-0.0723439,0.99718785,0.019564271
1356594609641,-0.917331,-0.07534814,-0.39093006,-0.3891784,-0.03728676,0.9204074,-0.08392753,0.99645984,0.0048805475
1356594609686,-0.9037754,-0.077712774,-0.42089283,-0.4196729,-0.032212794,0.9071036,-0.08405168,0.99645525,-0.0035008192
1356594609719,-0.9011675,-0.068777874,-0.42797974,-0.42709225,-0.027874231,0.90377825,-0.07408956,0.9972425,-0.0042551756
1356594609760,-0.90783423,-0.05219215,-0.4160685,-0.4152987,-0.02533251,0.90933233,-0.058000058,0.99831575,0.0013223886
1356594609800,-0.91952425,-0.030149832,-0.3918751,-0.39122742,-0.025253236,0.91994745,-0.03763236,0.9992263,0.011425495
1356594609839,-0.9319378,-0.002462864,-0.36260957,-0.36240882,-0.027627647,0.93160963,-0.012312487,0.9996152,0.02485472
1356594609880,-0.9412413,0.032205522,-0.33619577,-0.3371623,-0.03166765,0.9409138,0.019656107,0.99897945,0.040665388
1356594609919,-0.9434455,0.07216863,-0.32357705,-0.3265366,-0.033566117,0.9445883,0.05730842,0.99682736,0.05523354
1356594609960,-0.93536925,0.10891632,-0.336484,-0.3407613,-0.022820294,0.9398728,0.09468883,0.9937889,0.058459938
1356594610001,-0.91375417,0.12180482,-0.38757813,-0.38844615,0.01751411,0.92130494,0.11900748,0.9923996,0.031311095
1356594610039,-0.87424827,0.09361088,-0.47636843,-0.46964824,0.08545601,0.878708,0.12296514,0.99193454,-0.030745506
1356594610082,-0.8131695,0.008015782,-0.58197176,-0.5728295,0.1660353,0.80268216,0.103062004,0.9860872,-0.13042319
1356594610120,-0.7277717,-0.10081792,-0.67836875,-0.681389,0.21854538,0.698532,0.07782978,0.9706048,-0.22774732
1356594610161,-0.6366719,-0.19408864,-0.7463099,-0.76889384,0.23350906,0.5952107,0.058746457,0.95278704,-0.29790223
1356594610200,-0.54483294,-0.25106066,-0.80007845,-0.8371219,0.21840116,0.5015254,0.048824728,0.9430108,-0.3291605
1356594610239,-0.46229842,-0.26484564,-0.84624875,-0.8855653,0.1866794,0.4253527,0.045324355,0.9460484,-0.3208397
1356594610315,-0.38405448,-0.2445279,-0.8903417,-0.9222008,0.14885145,0.35691574,0.0452528,0.95814896,-0.28267097
1356594610318,-0.3098362,-0.2007187,-0.92936194,-0.9495949,0.11432004,0.29189134,0.047656655,0.9729558,-0.22602195
1356594610357,-0.24194509,-0.14419892,-0.95951515,-0.96892476,0.0883469,0.23104069,0.051454365,0.985597,-0.161093
1356594610399,-0.18357748,-0.08509526,-0.9793151,-0.9814975,0.071023345,0.17781517,0.054423034,0.9938382,-0.09655911
1356594610440,-0.13717449,-0.029545099,-0.99010617,-0.9890455,0.059097826,0.13526407,0.054516733,0.9978149,-0.037328184
1356594610479,-0.10249585,0.017050475,-0.9945873,-0.9934125,0.049755156,0.103227735,0.051245958,0.99861586,0.011838436
1356594610521,-0.07819718,0.052149057,-0.995573,-0.99594104,0.040560246,0.08035073,0.044570863,0.99781525,0.04876572
1356594610560,-0.062447727,0.076188445,-0.9951359,-0.99741435,0.030765772,0.064946175,0.035564274,0.9966186,0.074070275
1356594610602,-0.052759886,0.08900076,-0.9946333,-0.9983557,0.0176543,0.054537058,0.022413403,0.9958751,0.08792296
1356594610640,-0.04817581,0.092387676,-0.994557,-0.99881804,0.0019841194,0.04856649,0.006460279,0.9957212,0.092182845
1356594610699,-0.04622984,0.0843007,-0.9953674,-0.9988423,-0.017166853,0.044937253,-0.013299137,0.9962925,0.08499673
1356594610716,-0.04644555,0.06618142,-0.9967261,-0.99829376,-0.038425088,0.043967217,-0.035389483,0.99706745,0.06785315
1356594610756,-0.0483132,0.043682605,-0.9978765,-0.99727297,-0.057911098,0.04574886,-0.05578968,0.9973656,0.046361357
1356594610794,-0.051405072,0.023536056,-0.99840045,-0.99622595,-0.07121903,0.04961422,-0.06993744,0.99718297,0.027108252
1356594610837,-0.05577308,0.011289299,-0.99837965,-0.9955993,-0.07604927,0.054757833,-0.075307906,0.99704015,0.015481144
1356594610882,-0.06196016,0.008952349,-0.99803853,-0.9954401,-0.07321602,0.061142117,-0.072525054,0.99727595,0.013448
1356594610920,-0.07129741,0.013708353,-0.99736094,-0.9953189,-0.06638402,0.07023895,-0.0652459,0.9977,0.018377155
1356594610961,-0.08469671,0.026216507,-0.9960618,-0.99501574,-0.05502945,0.08315939,-0.05263257,0.9981405,0.030746609
1356594611010,-0.106439054,0.047297597,-0.99319375,-0.9938195,-0.036726534,0.10475713,-0.031521827,0.9982055,0.050914407
1356594611049,-0.14002639,0.071561545,-0.98755836,-0.9901365,-0.01486212,0.13931501,-0.0047076046,0.9973254,0.07293677
1356594611088,-0.17927676,0.096110106,-0.9790928,-0.9833925,0.011089146,0.18115261,0.02826792,0.995309,0.09252596
1356594611130,-0.21932232,0.109108806,-0.9695324,-0.97368217,0.03864491,0.22461003,0.061974406,0.9932783,0.09776163
1356594611169,-0.24587518,0.08874637,-0.96523035,-0.96557516,0.06480861,0.25192168,0.08491239,0.9939437,0.06975645
1356594611210,-0.23940921,0.019663662,-0.9707196,-0.9668555,0.08654314,0.24020931,0.08873251,0.99605393,-0.0017072558
1356594611249,-0.18149102,-0.09963733,-0.9783319,-0.980678,0.09220648,0.17253554,0.07301757,0.9907423,-0.11444676
1356594611316,-0.083485186,-0.23123914,-0.96930826,-0.99523526,0.068511605,0.069374114,0.05036685,0.97048163,-0.23585707
1356594611329,0.01793775,-0.33213454,-0.9430615,-0.999252,0.026364297,-0.028291732,0.034259796,0.9428636,-0.33141315
1356594611365,0.09012884,-0.38405412,-0.9189012,-0.99552876,-0.0085478425,-0.09407219,0.028274208,0.92327106,-0.3831073
1356594611412,0.10986975,-0.38449934,-0.9165637,-0.99341357,-0.012298733,-0.113922566,0.032530606,0.9230434,-0.38331813
1356594611461,0.07240993,-0.3375845,-0.938506,-0.9964609,0.01578933,-0.08256084,0.04268962,0.94116277,-0.33524644
1356594611500,0.0076363385,-0.27067524,-0.96264046,-0.9986071,0.048196107,-0.021473438,0.052207887,0.9614636,-0.26993012
1356594611539,-0.071028024,-0.19232547,-0.9787573,-0.9957346,0.071599275,0.058190882,0.058886707,0.9787157,-0.19659072
1356594611580,-0.14768696,-0.11397657,-0.9824449,-0.9871273,0.0786401,0.13926753,0.061386347,0.9903661,-0.124123454
1356594611622,-0.21141869,-0.044042468,-0.97640276,-0.97558904,0.070219636,0.2080751,0.059398502,0.99655885,-0.057813108
1356594611659,-0.25436842,0.010177255,-0.96705383,-0.9655365,0.0542987,0.25454074,0.055100262,0.99847287,-0.0039853454
1356594611699,-0.27882057,0.048570275,-0.9591142,-0.95913434,0.03601241,0.28065014,0.04817128,0.9981704,0.036544383
1356594611740,-0.2863862,0.07195783,-0.95540833,-0.9573654,0.017926872,0.28832301,0.03787461,0.9972465,0.06375587
1356594611785,-0.2784962,0.078014195,-0.95726347,-0.9602602,-0.0034813285,0.27908435,0.018439919,0.9969461,0.07588351
1356594611821,-0.2621137,0.07361862,-0.9622249,-0.9650223,-0.025489151,0.26092556,-0.0053173304,0.99696076,0.077724636
1356594611859,-0.2401557,0.05808571,-0.968995,-0.9701611,-0.048663795,0.23752758,-0.033357978,0.9971248,0.06803936
1356594611899,-0.21903539,0.037585884,-0.97499275,-0.9740206,-0.06732124,0.21622175,-0.057510853,0.99702317,0.051355064
1356594611939,-0.2049008,0.01842153,-0.9786094,-0.97624326,-0.075822055,0.20297813,-0.070460975,0.9969512,0.033519864
