1356593784862,0.7933229,-0.33927917,-0.50549823,-0.4696625,0.18724898,-0.86276007,0.38737056,0.9218608,-0.010797814
1356593784901,0.090528846,-0.026394397,0.9955441,0.91747177,-0.38661325,-0.09367952,0.3873631,0.92186415,-0.010783553
1356593784941,0.09033859,-0.026417464,0.99556065,0.91751575,-0.38654882,-0.09351379,0.38730323,0.92189044,-0.010681808
1356593784980,0.089886606,-0.026502639,0.9955994,0.9176438,-0.38633692,-0.093132704,0.38710502,0.9219769,-0.010406584
1356593785020,0.08925825,-0.02672124,0.99564993,0.91790193,-0.38584077,-0.0926435,0.38663802,0.92217827,-0.009911925
1356593785061,0.08893019,-0.027155459,0.99566764,0.9182716,-0.3849907,-0.092517495,0.3858351,0.9225209,-0.009301245
1356593785100,0.089360654,-0.027824163,0.99561054,0.9186455,-0.38393664,-0.093182445,0.38484412,0.92294,-0.008748233
1356593785140,0.09019095,-0.028609335,0.99551344,0.9190072,-0.38280618,-0.0942609,0.3837855,0.9233855,-0.008233458
1356593785179,0.090830326,-0.029399633,0.9954323,0.91931564,-0.3818413,-0.09516242,0.38289493,0.9237602,-0.007655233
1356593785221,0.090738654,-0.030008227,0.9954225,0.9194801,-0.38140738,-0.095314056,0.38252172,0.9239199,-0.0070164204
1356593785260,0.0896489,-0.030263424,0.99551344,0.9194029,-0.38181984,-0.094402105,0.38296375,0.9237411,-0.006405413
1356593785300,0.08742982,-0.03019771,0.9957129,0.9189675,-0.38337463,-0.09231797,0.38451877,0.92309916,-0.005767703
1356593785341,0.08411461,-0.02988422,0.9960079,0.91816753,-0.386038,-0.08912355,0.38716033,0.9219987,-0.0050326586
1356593785380,0.08026874,-0.02944848,0.99633825,0.9172158,-0.38913083,-0.08539575,0.39022067,0.9207117,-0.0042244494
1356593785420,0.07621837,-0.029093832,0.99666655,0.9163101,-0.39208502,-0.08151862,0.3931497,0.91946876,-0.0032251477
1356593785460,0.07207233,-0.028909057,0.9969803,0.91567194,-0.3943584,-0.07762951,0.39541182,0.91850185,-0.0019510686
1356593785500,0.06850606,-0.0288468,0.9972336,0.9153876,-0.39565253,-0.07432854,0.39670208,0.9179472,-6.9862604E-4
1356593785540,0.066916645,-0.028717726,0.9973452,0.91544473,-0.3958009,-0.07281834,0.39684132,0.9178872,-1.9618869E-4
1356593785580,0.06872636,-0.028282493,0.9972346,0.91582525,-0.39464223,-0.074308276,0.39565253,0.9183995,-0.0012205243
1356593785620,0.07464111,-0.02728194,0.99683726,0.9164925,-0.39210212,-0.07935631,0.39302698,0.9195171,-0.004263282
1356593785660,0.08419907,-0.025399148,0.9961252,0.9174002,-0.38824016,-0.08744407,0.38895682,0.92120814,-0.009388268
1356593785701,0.09612614,-0.022254199,0.9951204,0.9185245,-0.38320506,-0.09729692,0.38350037,0.92339516,-0.016395032
1356593785740,0.1087715,-0.017530233,0.9939122,0.91987133,-0.37725157,-0.107322454,0.3768363,0.9259449,-0.024908692
1356593785801,0.12042308,-0.011133969,0.9926602,0.92148256,-0.37071055,-0.11594623,0.36928064,0.9286817,-0.034382284
1356593785827,0.1304515,-0.0030177832,0.99145013,0.9234431,-0.36362016,-0.12261018,0.36088127,0.9315424,-0.04464808
1356593785862,0.13265371,0.007000208,0.99113774,0.92607695,-0.35726452,-0.12142268,0.3532484,0.933977,-0.053875178
1356593785892,0.12921196,0.017536163,0.9914619,0.92900914,-0.35178292,-0.11485082,0.34676537,0.9359173,-0.061745793
1356593785922,0.12097305,0.028305858,0.9922521,0.9320791,-0.34708416,-0.103735656,0.3414587,0.93740666,-0.06837109
1356593785951,0.10703188,0.039777845,0.9934595,0.9352938,-0.34300292,-0.08703151,0.33729762,0.9384917,-0.07391617
1356593785981,0.087278664,0.052179426,0.9948164,0.93844473,-0.3393476,-0.06453374,0.33422124,0.9392127,-0.07858533
1356593786011,0.0621711,0.06555924,0.9959099,0.9411771,-0.33592087,-0.03664112,0.33214483,0.9396058,-0.08258742
1356593786041,0.032868803,0.07972285,0.99627507,0.94307244,-0.33255708,-0.004502088,0.33095932,0.9397075,-0.08611521
1356593786082,0.0013466477,0.094460696,0.9955276,0.94368243,-0.32949072,0.029987246,0.33084977,0.93942165,-0.08958459
1356593786112,-0.037687898,0.111286044,0.99307346,0.94281495,-0.32539296,0.07224485,0.331179,0.9390073,-0.09265876
1356593786142,-0.07454389,0.12676692,0.9891276,0.9403899,-0.32111865,0.11202553,0.33182842,0.9385164,-0.0952729
1356593786182,-0.10917431,0.14065239,0.9840213,0.93663824,-0.3169272,0.14921778,0.33285096,0.9379627,-0.097140044
1356593786212,-0.14433455,0.15368664,0.97752136,0.9315504,-0.31207395,0.1866113,0.33373863,0.9375448,-0.09812382
1356593786252,-0.17738128,0.16413137,0.9703591,0.92573404,-0.306796,0.22111678,0.33399448,0.93751645,-0.0975222
1356593786282,-0.2081582,0.17271778,0.9627246,0.9194784,-0.30106676,0.25282052,0.33351094,0.9378313,-0.0961408
1356593786322,-0.23653275,0.17877051,0.9550358,0.91335094,-0.29437035,0.28131112,0.3314244,0.93882215,-0.09365201
1356593786362,-0.26062918,0.18287265,0.947961,0.90790737,-0.28746367,0.305072,0.32829365,0.9401714,-0.09110999
1356593786392,-0.2782147,0.18560502,0.94241565,0.9037508,-0.2817219,0.32228428,0.32531673,0.94137317,-0.08936149
1356593786431,-0.28820717,0.18796319,0.938939,0.9015121,-0.2773049,0.33223182,0.3228198,0.94221646,-0.08952975
1356593786462,-0.29066157,0.1897499,0.93782234,0.9012744,-0.27481216,0.33493698,0.32127926,0.94258857,-0.091139376
1356593786492,-0.28676742,0.19179928,0.93860406,0.90260124,-0.2742508,0.3318095,0.32105368,0.9423373,-0.09447217
1356593786531,-0.27339965,0.19504803,0.9419177,0.9059095,-0.27700293,0.32030842,0.32338947,0.9408643,-0.10096341
1356593786562,-0.25713986,0.19848752,0.9457705,0.90934145,-0.28154057,0.30632183,0.3270738,0.9387958,-0.10809767
1356593786602,-0.23355281,0.20198044,0.95113456,0.9131707,-0.2904691,0.28591406,0.3340243,0.9353243,-0.11660272
1356593786632,-0.21185553,0.20551312,0.9554484,0.9154074,-0.30065656,0.2676471,0.3422668,0.93132704,-0.124432445
1356593786672,-0.1912021,0.20937029,0.95896083,0.91553116,-0.31421185,0.25114483,0.35389906,0.9259779,-0.13160712
1356593786701,-0.17635846,0.21328542,0.96094066,0.913911,-0.32711887,0.24033284,0.36560136,0.920599,-0.1372337
1356593786732,-0.16624051,0.21668449,0.9619833,0.9112574,-0.33901381,0.23383668,0.37679446,0.9154875,-0.14109749
1356593786761,-0.16067427,0.21938202,0.96231765,0.9081006,-0.34913188,0.23121437,0.3867001,0.9110315,-0.14312443
1356593786805,-0.15933883,0.2211419,0.96213686,0.90489745,-0.35691148,0.23189363,0.3946791,0.9075849,-0.14324087
1356593786827,-0.16446298,0.22123548,0.9612528,0.901438,-0.36192584,0.23752758,0.4004517,0.9055742,-0.13990673
1356593786861,-0.1715213,0.2199165,0.9603214,0.8980793,-0.36582762,0.24417996,0.4050113,0.9043268,-0.1347552
1356593786900,-0.18312353,0.2167674,0.9588939,0.89342356,-0.37028623,0.2543273,0.41019508,0.9032718,-0.12585694
1356593786940,-0.19521135,0.21176553,0.9576262,0.88736415,-0.37771624,0.26441512,0.41770497,0.90137994,-0.11417866
1356593786980,-0.20609236,0.20516863,0.956782,0.8800311,-0.38867414,0.2729059,0.42786816,0.8982417,-0.100452036
1356593787020,-0.21553463,0.19691429,0.9564359,0.87220037,-0.40161288,0.27923745,0.4391028,0.8943891,-0.08518726
1356593787061,-0.2232067,0.18682307,0.95670056,0.8654309,-0.4136603,0.28269163,0.4485623,0.8910569,-0.06935078
1356593787119,-0.22826856,0.17472419,0.9577917,0.86144793,-0.42214328,0.2823162,0.45365283,0.8895316,-0.05415377
1356593787141,-0.2295261,0.16047329,0.9599823,0.8612706,-0.42592847,0.2771241,0.45335484,0.8904118,-0.040449172
1356593787180,-0.22563976,0.14397565,0.96351326,0.8648678,-0.4256435,0.2661415,0.44843104,0.8933636,-0.028477788
1356593787218,-0.21563804,0.12518525,0.9684156,0.8714259,-0.422808,0.24869683,0.44058713,0.89753103,-0.017916113
1356593787261,-0.1996249,0.10403237,0.97433424,0.8799341,-0.41845822,0.22496384,0.43112168,0.90225834,-0.00800696
1356593787300,-0.17739516,0.08016077,0.9808696,0.88962317,-0.41313392,0.19465593,0.42083436,0.90713537,0.0019751787
1356593787340,-0.1502983,0.053465664,0.9871938,0.89958227,-0.40678442,0.15899077,0.41007566,0.9119582,0.013042271
1356593787380,-0.17495191,0.04795769,0.9834083,0.89938676,-0.39862674,0.17944393,0.4006186,0.9158584,0.02660805
1356593787420,-0.10287702,-0.0041184127,0.9946856,0.9119569,-0.3996845,0.09266576,0.3971787,0.9166435,0.04487413
1356593787460,-0.046305478,-0.056443244,0.99733144,0.9121157,-0.4094841,0.019174486,0.40730911,0.91056955,0.07044411
1356593787500,-0.024540305,-0.10476154,0.99419457,0.89910704,-0.43707788,-0.023863137,0.4370404,0.8933017,0.10491787
1356593787540,-0.046514273,-0.14182225,0.9887987,0.87427783,-0.48459578,-0.02837789,0.48319227,0.8631648,0.14653264
1356593787580,-0.09586036,-0.16295621,0.9819655,0.8416364,-0.5399932,-0.007450044,0.5314687,0.82574373,0.18891376
1356593787620,-0.14492899,-0.17071736,0.9746032,0.8112926,-0.5843544,0.018284708,0.56639206,0.7933383,0.22319157
1356593787660,-0.17414641,-0.17204073,0.9695747,0.79429436,-0.6065216,0.0350433,0.5820391,0.77623034,0.24227454
1356593787700,-0.17373264,-0.1735745,0.96937543,0.7952327,-0.6053428,0.03413108,0.5808802,0.77680874,0.24319999
1356593787740,-0.13992745,-0.1790232,0.97384346,0.8114083,-0.58440804,0.009155124,0.56748295,0.79146564,0.22703561
1356593787804,-0.07270002,-0.18838277,0.9794011,0.83481085,-0.5488083,-0.043593258,0.5457157,0.8144455,0.19716235
1356593787822,0.021775484,-0.19782051,0.9799964,0.8542075,-0.50564474,-0.121049136,0.519476,0.83975613,0.15796909
1356593787862,0.12928903,-0.20157686,0.97090226,0.86062276,-0.46354443,-0.21084401,0.4925576,0.8628403,0.113550365
1356593787891,0.21434194,-0.19245693,0.9576105,0.8568598,-0.43357766,-0.2789297,0.46888041,0.88032424,0.071974695
1356593787922,0.28149873,-0.17710811,0.9430753,0.8480161,-0.41399544,-0.33087224,0.44902906,0.89288324,0.03365138
1356593787952,0.3267249,-0.15630722,0.9321045,0.84005123,-0.4038977,-0.36218876,0.43308753,0.90135163,-6.573796E-4
1356593787992,0.35104448,-0.13163432,0.92706,0.8357612,-0.40239215,-0.37360904,0.42222145,0.9059541,-0.031242669
1356593788022,0.3405301,-0.09934801,0.9349702,0.8432284,-0.4076326,-0.3504306,0.4159389,0.9077256,-0.055038124
1356593788062,0.30595905,-0.06837016,0.9495865,0.8550018,-0.4189865,-0.30565065,0.41876125,0.90541476,-0.06973614
1356593788092,0.25369275,-0.036871195,0.9665819,0.86795664,-0.43239796,-0.24430141,0.42695576,0.9009286,-0.0776936
1356593788132,0.19159335,-0.011688262,0.9814048,0.87497437,-0.45097458,-0.17618665,0.4446479,0.8924602,-0.07617681
1356593788161,0.13394487,0.008995235,0.99094796,0.8763378,-0.4679628,-0.1142053,0.4626995,0.8837024,-0.07056409
1356593788192,0.08685702,0.02293408,0.9959567,0.8739266,-0.4816754,-0.06512317,0.47823435,0.8760495,-0.06187956
1356593788232,0.04556209,0.03041491,0.9984984,0.8719518,-0.48895836,-0.02489373,0.487467,0.8717767,-0.048798263
1356593788262,0.017641902,0.031647235,0.9993434,0.8713863,-0.49059755,1.5321374E-4,0.49028027,0.87081146,-0.036232054
1356593788302,-0.0018954873,0.028236061,0.9995996,0.87557435,-0.48284113,0.015299261,0.4830797,0.8752527,-0.023807585
1356593788342,-0.0048751235,0.017898679,0.9998279,0.8830131,-0.46917635,0.012704581,0.46932298,0.8829231,-0.013517499
1356593788382,0.011374712,0.0012437701,0.99993455,0.8920484,-0.45183814,-0.00958547,0.45179665,0.892099,-0.0062490404
1356593788411,0.049937963,-0.022472978,0.9984994,0.89946,-0.4335606,-0.054742694,0.4341403,0.9008441,-0.0014375448
1356593788442,0.10451484,-0.049339235,0.9932987,0.90346324,-0.4127937,-0.1155667,0.41572934,0.90948725,0.0014330596
1356593788472,0.18075824,-0.08179048,0.98012084,0.89998317,-0.388174,-0.1983718,0.39668232,0.91794956,0.0034443885
1356593788512,0.28074354,-0.12239137,0.9519472,0.8823607,-0.357354,-0.30616623,0.37765422,0.92591494,0.00766851
1356593788552,0.41870216,-0.18379986,0.8893291,0.83052063,-0.31860974,-0.45686263,0.36732018,0.92989546,0.019246973
1356593788591,0.55403125,-0.26136878,0.7904023,0.74307775,-0.2728121,-0.61107224,0.37534642,0.9258835,0.0430708
1356593788631,0.63258284,-0.34476912,0.69352233,0.6592134,-0.23035347,-0.71580374,0.4065423,0.90998435,0.081558764
1356593788672,0.6457727,-0.42570263,0.63384134,0.6144517,-0.2030356,-0.76238143,0.4532402,0.88179004,0.13045892
1356593788711,0.63077796,-0.4962139,0.59656596,0.5944872,-0.18506953,-0.7825179,0.49870244,0.84824586,0.17825499
1356593788752,0.6412691,-0.55018735,0.5348531,0.5556048,-0.14781433,-0.8182018,0.5292232,0.8218545,0.21089798
1356593788801,0.70332974,-0.5795733,0.4116092,0.4612762,-0.06847203,-0.88461053,0.5408804,0.8120384,0.21918494
1356593788832,0.782934,-0.5734191,0.24125679,0.31444776,0.030149683,-0.94879586,0.5367839,0.81870717,0.20391557
1356593788871,0.84088916,-0.5363984,0.0719872,0.15140888,0.10545689,-0.9828297,0.51959676,0.83735037,0.16989303
1356593788912,0.8700441,-0.48973098,-0.05645135,0.012349874,0.1361287,-0.9906142,0.4928191,0.8611809,0.12448609
1356593788951,0.88284206,-0.4493676,-0.13659674,-0.08741328,0.12854531,-0.98784363,0.4614638,0.88405025,0.074204504
1356593788991,0.8901528,-0.42095208,-0.17443427,-0.14698543,0.097082645,-0.98436284,0.43130413,0.90187263,0.024544567
1356593789032,0.897511,-0.40323383,-0.17853954,-0.1713472,0.05417916,-0.9837198,0.40634224,0.9134917,-0.020466596
1356593789071,0.9066185,-0.39237648,-0.15518942,-0.16538228,0.007923037,-0.98619777,0.38819036,0.91977066,-0.05770895
1356593789111,0.9164587,-0.3856663,-0.106606826,-0.13120079,-0.037940174,-0.99062955,0.37800777,0.92185795,-0.085370325
1356593789152,0.92358273,-0.3825155,-0.02601479,-0.06303798,-0.08457464,-0.994421,0.37818128,0.92007005,-0.10222468
1356593789192,0.91929686,-0.38123962,0.09772277,0.048135012,-0.1375238,-0.9893282,0.3906103,0.9141901,-0.10807422
1356593789231,0.8866178,-0.37565234,0.2698042,0.2049596,-0.2038221,-0.957313,0.41460893,0.9040696,-0.10371873
1356593789271,0.80916476,-0.35438842,0.46868038,0.38513142,-0.28252828,-0.8785509,0.44376367,0.8913959,-0.0921258
1356593789312,0.6970929,-0.31391248,0.64460886,0.5430168,-0.3559262,-0.7605586,0.468182,0.8802134,-0.077653885
1356593789351,0.58600837,-0.265961,0.76541424,0.65244246,-0.4053051,-0.64034885,0.48053408,0.8746385,-0.06398794
1356593789392,0.50251377,-0.22422928,0.8349857,0.71948797,-0.4270549,-0.547687,0.47939223,0.87598246,-0.05327067
1356593789432,0.45457622,-0.19532147,0.8690282,0.7581078,-0.42733517,-0.4926026,0.4675821,0.8827425,-0.0461817
1356593789471,0.44232273,-0.18039721,0.87852573,0.77678144,-0.4125679,-0.47581324,0.44828692,0.89288545,-0.042358942
1356593789510,0.46527165,-0.17819718,0.8670455,0.77765715,-0.3855964,-0.49655288,0.42281398,0.90529615,-0.04083077
1356593789552,0.52103025,-0.18703261,0.83279425,0.75760186,-0.34807885,-0.5521599,0.3931499,0.91861856,-0.039663367
1356593789592,0.5985409,-0.20430651,0.7746016,0.7138803,-0.30270585,-0.6314618,0.36348823,0.9309285,-0.035331406
1356593789631,0.6763867,-0.2293497,0.6999283,0.652218,-0.25502187,-0.7138456,0.34221733,0.93934155,-0.022907406
1356593789671,0.72470295,-0.26254183,0.6370851,0.60035807,-0.2132071,-0.77078724,0.33819494,0.9410709,0.0031072814
1356593789711,0.72776604,-0.3054548,0.6140473,0.58720493,-0.18504605,-0.7880027,0.35432622,0.9340532,0.044694334
1356593789751,0.68719363,-0.35375738,0.6345239,0.61685145,-0.1772342,-0.76686525,0.38374358,0.91839194,0.09642154
1356593789805,0.62656635,-0.39648056,0.67098266,0.660583,-0.18669134,-0.72717017,0.41357547,0.89886016,0.14493382
1356593789832,0.58782685,-0.4256205,0.6879729,0.68277377,-0.19511619,-0.7040948,0.4339119,0.8836158,0.175908
1356593789872,0.60122,-0.44087052,0.666459,0.6657233,-0.18496296,-0.7229115,0.44198066,0.87830615,0.18229443
1356593789911,0.66246676,-0.44224694,0.6046118,0.6071807,-0.15568933,-0.77916133,0.43871337,0.88327706,0.16538483
1356593789952,0.74261636,-0.42833936,0.51482654,0.5171155,-0.121747196,-0.8472127,0.4255732,0.8953787,0.13108945
1356593789991,0.81184113,-0.402111,0.4233446,0.42035675,-0.10069339,-0.9017543,0.40523338,0.910037,0.087283075
1356593790050,0.86096495,-0.36956534,0.34951514,0.3375853,-0.098842695,-0.93609095,0.38049382,0.9239327,0.03965974
1356593790070,0.89005435,-0.3360003,0.30807,0.28609565,-0.114406794,-0.95134664,0.35489804,0.93488765,-0.005700052
1356593790110,0.9041072,-0.3036533,0.3006406,0.26982272,-0.13986662,-0.95269775,0.3313394,0.94246066,-0.04452187
1356593790148,0.9028808,-0.2734015,0.33174995,0.29394197,-0.17049733,-0.94049394,0.31369492,0.9466691,-0.07357457
1356593790191,0.8800188,-0.2460531,0.40623248,0.3624804,-0.20471078,-0.90923125,0.30687934,0.9473919,-0.09095991
1356593790230,0.8232565,-0.22079782,0.5229694,0.47264582,-0.24364181,-0.8469029,0.31441155,0.9443976,-0.09622052
1356593790270,0.7246257,-0.19655798,0.6605169,0.6014205,-0.28759122,-0.74537545,0.33646834,0.93736666,-0.09018198
1356593790310,0.6001544,-0.17320526,0.7809063,0.7107817,-0.33230963,-0.6199675,0.36688426,0.92713016,-0.07632598
1356593790350,0.485702,-0.15386954,0.8604753,0.77943397,-0.36937484,-0.506009,0.39569724,0.91645324,-0.059475012
1356593790390,0.40586412,-0.14142072,0.90292555,0.81461483,-0.3919198,-0.427553,0.41433924,0.90906495,-0.04386276
1356593790430,0.36508578,-0.1366488,0.9208906,0.8309535,-0.39820725,-0.38851938,0.41979605,0.90706015,-0.03183104
1356593790470,0.35881394,-0.13899091,0.9230027,0.83666694,-0.39050013,-0.38405487,0.41381285,0.91005003,-0.023827791
1356593790510,0.3817962,-0.14731589,0.91243064,0.8335223,-0.37166575,-0.40878496,0.39933977,0.9166038,-0.019109488
1356593790550,0.43045306,-0.15999258,0.8883201,0.8195837,-0.34302807,-0.4589272,0.3781437,0.9255993,-0.016530156
1356593790590,0.5011916,-0.17496794,0.84746283,0.7907946,-0.30503747,-0.5306562,0.35135573,0.93612945,-0.014518522
1356593790630,0.58556116,-0.19087407,0.7878358,0.7438214,-0.25984317,-0.6158012,0.32225424,0.9465984,-0.0101778135
1356593790670,0.66606206,-0.20908603,0.7159919,0.68367386,-0.21268779,-0.69810736,0.29824728,0.9544878,0.0012833811
1356593790710,0.7205085,-0.23586138,0.6521019,0.6298259,-0.17088784,-0.7577048,0.29014963,0.9566434,0.02542549
1356593790750,0.73169374,-0.2795508,0.6216717,0.6086184,-0.14274213,-0.78051805,0.30693313,0.949461,0.06569621
1356593790806,0.6933785,-0.34106642,0.634744,0.63121283,-0.13738912,-0.7633443,0.34755808,0.9299451,0.12002286
1356593790830,0.6173201,-0.405935,0.67389363,0.6792155,-0.15722203,-0.7169014,0.39696628,0.90027666,0.17866096
1356593790870,0.5357495,-0.45459688,0.71155757,0.7230276,-0.18827295,-0.6646686,0.4361233,0.8705717,0.22781894
1356593790910,0.48236522,-0.47877306,0.7335531,0.7479721,-0.21073386,-0.62938786,0.45591837,0.85227203,0.25645813
1356593790950,0.471237,-0.48061764,0.73955554,0.7535124,-0.21643525,-0.6207857,0.45842642,0.8498014,0.26015902
1356593790990,0.49699867,-0.4644591,0.73298705,0.74256575,-0.2094183,-0.63619184,0.44898602,0.86047757,0.24081084
1356593791030,0.54485214,-0.43410134,0.7174205,0.7188897,-0.19861308,-0.666146,0.43166393,0.87869734,0.20385623
1356593791070,0.5984281,-0.39397413,0.6976161,0.6883488,-0.19271338,-0.69931203,0.40995085,0.8986911,0.15586656
1356593791110,0.6450604,-0.34939831,0.67957187,0.6586465,-0.19664624,-0.7263023,0.38740408,0.9161065,0.10328126
1356593791150,0.67805487,-0.30515164,0.6686734,0.6369033,-0.21015954,-0.7417461,0.36687312,0.92882484,0.051852375
1356593791190,0.69522595,-0.26447222,0.66836774,0.6276293,-0.2298592,-0.74380535,0.35034624,0.9365999,0.006186396
1356593791230,0.6958217,-0.2295361,0.68054783,0.63271046,-0.25248855,-0.7320704,0.33986712,0.9399802,-0.030457139
1356593791270,0.67886746,-0.20219795,0.70587176,0.65184873,-0.2765444,-0.70612776,0.33798248,0.93948877,-0.05593449
1356593791310,0.64330924,-0.18401432,0.74316347,0.68242836,-0.30219314,-0.6655606,0.3470516,0.93531716,-0.06882706
1356593791350,0.5904561,-0.17510015,0.7878461,0.7186515,-0.33018056,-0.61198103,0.36728945,0.9275347,-0.06912115
1356593791390,0.52739555,-0.17321312,0.8317759,0.75232816,-0.35969496,-0.55192566,0.39478636,0.9168515,-0.05938843
1356593791430,0.46647942,-0.17445481,0.86715764,0.777591,-0.38639754,-0.49603334,0.42160302,0.9056834,-0.044591963
1356593791470,0.41915005,-0.17591813,0.890711,0.79425883,-0.40422964,-0.4535983,0.4398479,0.89758086,-0.029708356
1356593791510,0.39142936,-0.17693171,0.9030383,0.8050208,-0.40956008,-0.42918772,0.44578534,0.8949613,-0.01788015
1356593791550,0.38466167,-0.17847466,0.9056391,0.8112368,-0.40271527,-0.42392844,0.44037515,0.89775676,-0.010123916
1356593791590,0.3982243,-0.18187463,0.89907676,0.8121581,-0.38571095,-0.4377514,0.42639965,0.90451574,-0.0058885217
1356593791630,0.43153223,-0.18788832,0.88231397,0.8055903,-0.3598859,-0.47064483,0.405961,0.9138819,-0.003941387
1356593791670,0.4840709,-0.19633362,0.85271823,0.7881259,-0.32556754,-0.52236325,0.38017485,0.92491025,-0.002862148
1356593791710,0.5529528,-0.20726657,0.8070215,0.7553902,-0.28402388,-0.5905218,0.35160884,0.93614686,-4.8465282E-4
1356593791750,0.62818795,-0.22264397,0.7455263,0.70611316,-0.2392931,-0.6664405,0.3267783,0.94507587,0.0068908334
1356593791804,0.68204486,-0.2540328,0.6857712,0.6566304,-0.20009649,-0.7271849,0.32194924,0.94627094,0.030330893
1356593791841,0.71532416,-0.30459386,0.62891483,0.61020476,-0.16631123,-0.7745907,0.3405312,0.9378503,0.0668982
1356593791882,0.7015009,-0.3715453,0.60815346,0.6007377,-0.15082234,-0.7850903,0.38341978,0.91608226,0.117399275
1356593791921,0.65448606,-0.44112587,0.61404884,0.61903393,-0.15365824,-0.77018577,0.43410254,0.8841929,0.17250472
1356593791961,0.6038124,-0.49575177,0.6242121,0.64052564,-0.16437334,-0.75013876,0.47448653,0.852767,0.21829107
1356593792002,0.58076715,-0.52708185,0.6203984,0.6450577,-0.16693452,-0.74567646,0.49659848,0.83325714,0.24304813
1356593792042,0.5952331,-0.53698134,0.59778637,0.6266656,-0.1554496,-0.7636267,0.502979,0.82914805,0.24397898
1356593792081,0.63930315,-0.52904046,0.55803907,0.5860008,-0.13469934,-0.7990364,0.4978901,0.8378378,0.22390443
1356593792122,0.69449604,-0.507681,0.5098384,0.5312245,-0.11610159,-0.8392382,0.48525846,0.8536863,0.18906054
1356593792161,0.7453241,-0.4783987,0.46435624,0.47438768,-0.10884452,-0.87356126,0.46845317,0.87137115,0.14582199
1356593792202,0.7846498,-0.44608957,0.43049833,0.42648786,-0.11555612,-0.8970813,0.44992533,0.887497,0.099580705
1356593792241,0.8106361,-0.41402864,0.41406447,0.39583933,-0.13360463,-0.9085488,0.4314862,0.90040547,0.055584103
1356593792280,0.82438284,-0.38369718,0.4161363,0.38526562,-0.15824531,-0.90913635,0.41468468,0.9097994,0.017370611
1356593792320,0.8242474,-0.35656187,0.43986338,0.39834377,-0.1869419,-0.8979838,0.4024157,0.9153776,-0.012052178
1356593792360,0.8065225,-0.33420783,0.48767465,0.43673313,-0.21918091,-0.8724814,0.39847916,0.91665953,-0.030814677
1356593792400,0.76694095,-0.31669915,0.5581248,0.49756354,-0.25577897,-0.8288592,0.4052556,0.9133886,-0.038589418
1356593792440,0.7055479,-0.30153906,0.64130825,0.57005805,-0.29610956,-0.7663895,0.42099386,0.90630746,-0.037024707
1356593792480,0.631943,-0.28520006,0.720631,0.63865095,-0.3351305,-0.69268495,0.43905926,0.89796907,-0.029640049
1356593792520,0.5622057,-0.26641816,0.7829089,0.69316393,-0.3645284,-0.6218063,0.4510529,0.89226717,-0.020268526
1356593792560,0.5089185,-0.24696822,0.8246263,0.7327011,-0.37854248,-0.56555694,0.45183071,0.8920271,-0.011693392
1356593792600,0.47722512,-0.22984248,0.8481914,0.759854,-0.37693214,-0.52966404,0.4414499,0.89727056,-0.005234748
1356593792640,0.46805966,-0.21753305,0.8565043,0.77590215,-0.36273474,-0.51613903,0.42296112,0.90614736,-9.971559E-4
1356593792680,0.48215958,-0.2111055,0.8502686,0.7800946,-0.33824787,-0.5263467,0.3987162,0.917073,0.0015927851
1356593792720,0.5206841,-0.21046236,0.82740176,0.76931787,-0.30455676,-0.5616006,0.37018657,0.92895144,0.0033345595
1356593792760,0.5818329,-0.21483952,0.78441983,0.7389479,-0.26325217,-0.62020504,0.33974475,0.9405011,0.0055864155
1356593792804,0.655664,-0.22467437,0.720851,0.68709075,-0.21830851,-0.692999,0.31306702,0.9496646,0.011234645
1356593792842,0.7222388,-0.24378668,0.64725506,0.62337714,-0.17595342,-0.761867,0.29961973,0.953734,0.024890631
1356593792881,0.76058584,-0.278641,0.5864029,0.5711602,-0.14226584,-0.808416,0.30868292,0.9497998,0.050943255
1356593792921,0.7595411,-0.3328187,0.55886406,0.5527522,-0.12264277,-0.82427156,0.3428737,0.93498147,0.090814054
1356593792962,0.72413146,-0.3986727,0.5627554,0.5671538,-0.1200237,-0.8148195,0.3923903,0.9092054,0.1391958
1356593793002,0.67565507,-0.45899466,0.5769004,0.59151804,-0.1295169,-0.79582137,0.43999618,0.8789478,0.18399489
1356593793041,0.6442447,-0.49947694,0.57919914,0.60130954,-0.13719535,-0.78714955,0.4726264,0.85539484,0.2119528
1356593793100,0.6469102,-0.5163456,0.56115454,0.5863905,-0.13360032,-0.79893494,0.48749706,0.8458948,0.21635279
1356593793120,0.67889136,-0.5119052,0.5263645,0.5491893,-0.121791065,-0.82677567,0.4873373,0.85036457,0.19844997
1356593793160,0.72468305,-0.49054518,0.48394212,0.49853918,-0.11159065,-0.85965466,0.4757029,0.86424124,0.16368815
1356593793198,0.7695602,-0.458179,0.44480222,0.44663298,-0.11163983,-0.88772494,0.45639455,0.8818212,0.11872426
1356593793241,0.8058934,-0.42043138,0.41686118,0.40381157,-0.12458669,-0.9063191,0.43298036,0.89873,0.06937146
1356593793281,0.830001,-0.38198388,0.40643162,0.37918907,-0.14794728,-0.91341513,0.40904033,0.91224986,0.022047728
1356593793320,0.842228,-0.34513432,0.414167,0.3753549,-0.1760503,-0.91000825,0.3869893,0.921894,-0.018726647
1356593793360,0.8415988,-0.31144574,0.44126296,0.3939127,-0.20501645,-0.8959917,0.36951894,0.9278846,-0.049859166
1356593793400,0.82516116,-0.28302807,0.48888052,0.43502927,-0.23369475,-0.86956096,0.36035895,0.9302052,-0.069710344
1356593793440,0.78841233,-0.2617756,0.55666816,0.49644852,-0.2635919,-0.82707804,0.36324212,0.9284356,-0.07786095
1356593793480,0.7290023,-0.24751657,0.6381937,0.5699615,-0.29682893,-0.76618314,0.37907732,0.9222951,-0.075314075
1356593793520,0.65259534,-0.23746477,0.7195345,0.6412482,-0.33277935,-0.6914179,0.4036336,0.9126163,-0.064896375
1356593793560,0.5744672,-0.22814938,0.78608865,0.6976558,-0.3658001,-0.61600864,0.42809325,0.90229607,-0.0509704
1356593793600,0.5113553,-0.21826619,0.8311893,0.7360226,-0.38803783,-0.55470467,0.44360617,0.8954253,-0.03777632
1356593793640,0.47257394,-0.2091569,0.85611165,0.7598995,-0.39529288,-0.51603895,0.44634795,0.89442545,-0.02786687
1356593793680,0.4601514,-0.20313591,0.86428964,0.7722497,-0.38873014,-0.50251305,0.43805385,0.8986795,-0.022003114
1356593793720,0.47316924,-0.201877,0.85752934,0.7731692,-0.37141934,-0.51405925,0.42227978,0.9062523,-0.019659102
1356593793760,0.51039225,-0.20564622,0.8349907,0.7606143,-0.34505558,-0.54991156,0.40120536,0.91577643,-0.019696295
1356593793805,0.5698692,-0.2130158,0.7936456,0.73100716,-0.30973244,-0.6080251,0.37533665,0.9266554,-0.020790964
1356593793841,0.6455847,-0.2220408,0.7306971,0.68070436,-0.26644984,-0.6823827,0.3462109,0.9379245,-0.020871822
1356593793882,0.72332704,-0.23281392,0.6500736,0.6122042,-0.21922372,-0.759702,0.31938076,0.94749075,-0.016040806
1356593793922,0.7841196,-0.25125262,0.56747556,0.54010534,-0.17411336,-0.8233897,0.30568394,0.95213264,-8.228123E-4
1356593793962,0.8138522,-0.28675336,0.5053881,0.4876836,-0.13580011,-0.8623938,0.31592607,0.9483306,0.029323697
1356593794002,0.8092519,-0.34330195,0.4767129,0.4706576,-0.106733814,-0.8758363,0.35155776,0.9331407,0.07520315
1356593794041,0.77986044,-0.40960875,0.47332692,0.48269853,-0.087895796,-0.87136465,0.39852208,0.908017,0.1291711
1356593794081,0.7435256,-0.4670282,0.47859618,0.504343,-0.07831308,-0.85994494,0.43909886,0.8807677,0.17731461
1356593794121,0.72046405,-0.50144684,0.47904345,0.51619256,-0.07353592,-0.8533099,0.46311644,0.86205775,0.20586315
1356593794162,0.72031754,-0.5095246,0.47066692,0.51013875,-0.07063013,-0.8571872,0.4700012,0.85755235,0.20905209
1356593794202,0.7379718,-0.49629843,0.4572586,0.49012423,-0.071582824,-0.86870825,0.46387044,0.86519575,0.19042179
1356593794242,0.7659757,-0.46706083,0.44174132,0.46132967,-0.0792048,-0.8836863,0.4477233,0.88067067,0.15480006
1356593794282,0.794124,-0.42938522,0.43011087,0.43340138,-0.096032426,-0.8960697,0.42606372,0.89800113,0.10983449
1356593794322,0.81757283,-0.3888746,0.42467782,0.4117204,-0.120823726,-0.9032652,0.402568,0.9133336,0.0613254
1356593794362,0.8337612,-0.3495443,0.4273885,0.4003874,-0.1502233,-0.90394855,0.38017374,0.92479825,0.014702767
1356593794402,0.8423943,-0.3135932,0.4382136,0.40036327,-0.1800651,-0.89849085,0.3606676,0.93232816,-0.02613461
1356593794442,0.84315675,-0.28299886,0.45716327,0.41151446,-0.20756239,-0.88745344,0.34603828,0.9363917,-0.058549494
1356593794482,0.8348045,-0.2604349,0.48505166,0.43352005,-0.2321076,-0.8707389,0.33935502,0.9371764,-0.080860704
1356593794523,0.81548786,-0.24865255,0.5226389,0.4654188,-0.25504637,-0.8475475,0.344042,0.93441063,-0.092259645
1356593794562,0.7837636,-0.24912405,0.5689041,0.5045863,-0.27862656,-0.81716585,0.36208746,0.927526,-0.092672765
1356593794602,0.742181,-0.25890496,0.6181711,0.54508317,-0.30346906,-0.78153116,0.3899381,0.91699225,-0.08410424
1356593794642,0.6976822,-0.27261844,0.66250944,0.58048093,-0.32684988,-0.74579555,0.4198588,0.9049024,-0.0697875
1356593794682,0.6602136,-0.28394032,0.6953387,0.6071237,-0.34327805,-0.71663177,0.44217515,0.89528656,-0.054249972
1356593794722,0.6365191,-0.2899045,0.7147019,0.62484896,-0.34937537,-0.69821244,0.45211422,0.8910063,-0.041237563
1356593794762,0.6282284,-0.29036313,0.721816,0.6347357,-0.34524015,-0.6913175,0.449933,0.8924677,-0.03258583
1356593794806,0.6337857,-0.28689194,0.7183375,0.6369324,-0.33337897,-0.6951084,0.43889958,0.89808214,-0.028560102
1356593794842,0.651228,-0.2801769,0.705268,0.6315428,-0.31521332,-0.70837444,0.42078003,0.9067202,-0.028332056
1356593794881,0.678586,-0.27077425,0.6827901,0.6183061,-0.29122493,-0.7299902,0.39650804,0.9175344,-0.030199796
1356593794922,0.71224445,-0.2600576,0.65198,0.5977454,-0.26221943,-0.7575892,0.36797863,0.92930675,-0.0313161
1356593794961,0.74555826,-0.25302553,0.6165396,0.5724633,-0.23051377,-0.7868604,0.3412166,0.9395965,-0.027013628
1356593795002,0.7692081,-0.25844735,0.5844004,0.5493112,-0.19979559,-0.8113808,0.3264599,0.9451384,-0.011716338
1356593795041,0.77488536,-0.28426862,0.56457424,0.5372747,-0.17433093,-0.8251937,0.3329994,0.94276196,0.017643841
1356593795081,0.7566203,-0.33210003,0.5632365,0.5439455,-0.15831229,-0.82405126,0.36283472,0.9298638,0.060862035
1356593795121,0.7166991,-0.39115104,0.5773587,0.5672327,-0.15465543,-0.8089058,0.40569606,0.9072389,0.11103228
1356593795162,0.6688148,-0.44277853,0.5971884,0.5949833,-0.16282776,-0.7870719,0.4457373,0.8817224,0.15454414
1356593795201,0.63356805,-0.47219396,0.6128821,0.613395,-0.17621914,-0.7698659,0.47152752,0.8637012,0.17799458
1356593795242,0.6251352,-0.47562793,0.618857,0.6156779,-0.1868456,-0.7655256,0.47973606,0.8595736,0.17602986
1356593795281,0.64342606,-0.45707387,0.6140736,0.60278803,-0.19194323,-0.7744704,0.4718575,0.8684706,0.15201741
1356593795322,0.6793908,-0.42280084,0.5997229,0.5785598,-0.19404987,-0.7922204,0.45132765,0.8852028,0.112779915
1356593795362,0.7211195,-0.37961298,0.5795522,0.54855084,-0.19810829,-0.81230855,0.42317688,0.90368533,0.065377265
1356593795401,0.75839436,-0.33432448,0.5595223,0.51987624,-0.20751795,-0.8286525,0.39314973,0.91932774,0.016426891
1356593795441,0.78514624,-0.29248333,0.54589283,0.49950635,-0.22200967,-0.83737993,0.36611316,0.93014264,-0.028212786
1356593795481,0.7989362,-0.25765368,0.54342943,0.49217197,-0.23919892,-0.83698905,0.34564108,0.9361615,-0.064294755
1356593795521,0.79870033,-0.2320589,0.5551814,0.50002027,-0.25732145,-0.82690114,0.33474982,0.9380482,-0.089488596
1356593795562,0.7835245,-0.21703465,0.5822244,0.5227708,-0.27622116,-0.8064816,0.33585715,0.9362681,-0.102966666
1356593795602,0.7530329,-0.21266875,0.6226664,0.55736554,-0.29676497,-0.77541876,0.34969288,0.93096864,-0.10493958
1356593795642,0.7088807,-0.21727096,0.67103016,0.59779876,-0.31983846,-0.73507816,0.37433243,0.92222375,-0.096843004
1356593795680,0.65799654,-0.22635016,0.7181964,0.63576937,-0.34411117,-0.6909303,0.40353164,0.91123706,-0.082517475
1356593795722,0.6115264,-0.23492739,0.7555425,0.66499674,-0.36482316,-0.6516774,0.4287363,0.9009513,-0.06687307
1356593795762,0.57953644,-0.24012168,0.7787677,0.68398607,-0.3762121,-0.6250021,0.44305834,0.89487773,-0.053788748
1356593795817,0.5672237,-0.24199389,0.7872079,0.69328207,-0.3756444,-0.61502147,0.44454163,0.89461184,-0.045304414
1356593795840,0.5749481,-0.24206422,0.7815623,0.69298834,-0.36375865,-0.62245226,0.43497348,0.8994913,-0.041394655
1356593795880,0.60115397,-0.24187893,0.7616486,0.68166375,-0.3422154,-0.6467018,0.4170714,0.9079555,-0.04084405
1356593795920,0.64356637,-0.24185115,0.7261751,0.65693843,-0.31230646,-0.686219,0.3927521,0.91867983,-0.0421086
1356593795960,0.6978425,-0.24175689,0.6742177,0.6168581,-0.27553096,-0.7372712,0.36400828,0.93039584,-0.04314753
1356593796000,0.7550848,-0.24323082,0.60883963,0.5631966,-0.23477279,-0.7922697,0.33564338,0.9411273,-0.0402866
1356593796040,0.80255604,-0.25204214,0.5407204,0.50564504,-0.19360246,-0.8407385,0.31658632,0.94815236,-0.027932972
1356593796080,0.8290524,-0.27661765,0.4859577,0.46086872,-0.15412678,-0.87398237,0.316658,0.9485398,-2.9477477E-4
1356593796138,0.8300011,-0.3214183,0.4558381,0.4427349,-0.11741279,-0.88893193,0.33924022,0.93963,0.04485035
1356593796160,0.8087221,-0.38015085,0.44883618,0.45230186,-0.08589709,-0.8877188,0.37602076,0.9209273,0.10247606
1356593796200,0.7776353,-0.43658778,0.45240965,0.4757795,-0.061748758,-0.8773943,0.4109954,0.89754,0.15970153
1356593796238,0.753592,-0.4753623,0.4540152,0.4948579,-0.044369906,-0.86784047,0.43268323,0.87867063,0.20179996
1356593796281,0.74688774,-0.49068636,0.44876,0.49877042,-0.032912135,-0.866109,0.43975756,0.8707144,0.22015819
1356593796320,0.7559787,-0.48540288,0.43918124,0.48805237,-0.029156193,-0.8723272,0.43623504,0.8738042,0.21486059
1356593796360,0.7748307,-0.46465614,0.42863986,0.4675875,-0.03506978,-0.8832508,0.42544022,0.88479644,0.19009426
1356593796400,0.79608244,-0.43429753,0.42147171,0.44492033,-0.05209583,-0.89405364,0.4102422,0.8992618,0.15175521
1356593796440,0.8139859,-0.39996904,0.4212502,0.4270168,-0.07962495,-0.9007311,0.3938066,0.9130633,0.10597992
1356593796480,0.8254958,-0.36567768,0.42992622,0.41858974,-0.11430657,-0.9009533,0.37860185,0.9236958,0.058709323
1356593796520,0.82957363,-0.3335269,0.44784755,0.42181772,-0.15122615,-0.8939802,0.36589265,0.9305324,0.015234321
1356593796560,0.8256692,-0.30484042,0.4747027,0.43704805,-0.1864417,-0.87990254,0.35673425,0.93397635,-0.020709276
1356593796600,0.8120998,-0.2815638,0.51109266,0.4642425,-0.21887662,-0.8582376,0.35351488,0.9342456,-0.047035784
1356593796640,0.7861604,-0.26585203,0.5579198,0.50264525,-0.25019956,-0.827495,0.3595825,0.9309795,-0.063067734
1356593796680,0.74627304,-0.2580183,0.6135986,0.5490075,-0.2826558,-0.7865726,0.37638733,0.92386806,-0.06928441
1356593796720,0.6951482,-0.25500423,0.67211735,0.5969627,-0.31612882,-0.73735887,0.40050527,0.9138027,-0.0675284
1356593796760,0.6412718,-0.25156692,0.72490317,0.63971627,-0.3464012,-0.6861263,0.42371398,0.9037258,-0.06120589
1356593796807,0.5948384,-0.24423082,0.765845,0.6742019,-0.36723754,-0.64077175,0.43774325,0.8974898,-0.053786095
1356593796842,0.5623418,-0.23297085,0.7934079,0.70084727,-0.3749285,-0.6068292,0.43884477,0.8973033,-0.04756099
1356593796882,0.54575753,-0.22009534,0.8085214,0.720068,-0.37028375,-0.58684933,0.42854512,0.9024677,-0.043601535
1356593796922,0.54473585,-0.20843604,0.8122914,0.73086655,-0.35696626,-0.5817295,0.41121402,0.91056544,-0.042113364
1356593796962,0.5592871,-0.19933525,0.80465114,0.7317538,-0.33739382,-0.59220064,0.3895308,0.92001677,-0.042835653
1356593797002,0.58992046,-0.19313589,0.78402317,0.72058153,-0.31221938,-0.6190972,0.3643571,0.9301707,-0.04501444
1356593797041,0.63485914,-0.19015574,0.74886227,0.69535995,-0.28187263,-0.6610766,0.3367913,0.9404194,-0.04672271
1356593797081,0.6869586,-0.19283535,0.70064425,0.65668637,-0.2481699,-0.7121621,0.3112088,0.94932944,-0.043850128
1356593797121,0.73303974,-0.2072547,0.6478413,0.6120403,-0.21454747,-0.76116765,0.29674822,0.9544711,-0.030423611
1356593797162,0.7570562,-0.24130091,0.6071571,0.578151,-0.18542378,-0.7945813,0.3043146,0.95257115,-8.678436E-4
1356593797202,0.7492111,-0.29680002,0.59210855,0.5702254,-0.16573232,-0.8045967,0.33693582,0.9404481,0.045074403
1356593797242,0.70934665,-0.36444786,0.6033282,0.59037584,-0.16042462,-0.79102474,0.38507605,0.91730124,0.10136458
1356593797282,0.6583898,-0.4241796,0.62176734,0.6188294,-0.16517416,-0.7679633,0.42845425,0.89038706,0.15374586
1356593797322,0.6248081,-0.4622897,0.62920827,0.63518333,-0.1676814,-0.7539397,0.45404512,0.8707302,0.18887004
1356593797361,0.6255259,-0.4769134,0.6174714,0.6292582,-0.15949476,-0.7606546,0.4612499,0.8643581,0.20033357
1356593797401,0.6574303,-0.47187895,0.5874654,0.600509,-0.14283326,-0.78675765,0.455164,0.87001663,0.18946466
1356593797442,0.7052412,-0.45197263,0.5462192,0.5554391,-0.12656167,-0.8218695,0.44059297,0.88300776,0.16178676
1356593797481,0.75291073,-0.42247617,0.5046179,0.50545245,-0.11984341,-0.8544912,0.42147738,0.898416,0.12331027
1356593797522,0.79038346,-0.38853538,0.47363928,0.4629714,-0.12748246,-0.8771578,0.4011875,0.9125725,0.079120725
1356593797562,0.8138031,-0.35377884,0.46104783,0.4380046,-0.14801213,-0.88670427,0.38193786,0.92354375,0.034504026
1356593797602,0.8232483,-0.3197986,0.46903205,0.43479413,-0.1760096,-0.8831618,0.36498803,0.9309938,-0.005853057
1356593797640,0.8177353,-0.28773284,0.49851656,0.45485032,-0.20772621,-0.8660029,0.35273242,0.9349116,-0.038989693
1356593797680,0.7932646,-0.25894818,0.5510691,0.4987432,-0.24281868,-0.8320423,0.3492657,0.9348716,-0.06347081
1356593797720,0.74525774,-0.2342622,0.6242693,0.5625422,-0.28172693,-0.7772878,0.3579626,0.93045753,-0.0781768
1356593797760,0.6734431,-0.21274164,0.70796573,0.6351458,-0.32349715,-0.701384,0.37823847,0.92200357,-0.08273497
1356593797809,0.58756846,-0.19243702,0.7859588,0.7009164,-0.36430103,-0.6131891,0.4043259,0.91118205,-0.07916951
1356593797842,0.5051836,-0.17221606,0.84565425,0.7499828,-0.3972019,-0.52892005,0.42698404,0.90142787,-0.07150078
1356593797882,0.44059414,-0.15312034,0.8845513,0.78324765,-0.41588664,-0.46212703,0.43863416,0.8964332,-0.06330604
1356593797921,0.39944863,-0.13729215,0.90641695,0.8058617,-0.41879302,-0.41856825,0.4370672,0.8976432,-0.056647837
1356593797962,0.38219947,-0.12685356,0.9153315,0.8206699,-0.40871465,-0.399316,0.42476404,0.9038034,-0.05210562
1356593798002,0.38870853,-0.12316522,0.9130914,0.82751286,-0.38908994,-0.40476084,0.40512717,0.91292894,-0.049321726
1356593798041,0.42031255,-0.12642816,0.89852834,0.82409334,-0.36123875,-0.4363218,0.37974665,0.92386276,-0.04764454
1356593798082,0.47906375,-0.13609535,0.86716545,0.80534506,-0.32482624,-0.49589026,0.34916648,0.9359305,-0.04600873
1356593798121,0.5630107,-0.1523959,0.8122773,0.7632481,-0.28107873,-0.581762,0.31697205,0.9475073,-0.04193443
1356593798162,0.6566706,-0.1767936,0.73316276,0.69553506,-0.23387083,-0.6793639,0.29157257,0.9560588,-0.030609943
1356593798202,0.73511726,-0.2137906,0.6433477,0.61518776,-0.18838458,-0.7655425,0.28486252,0.95854306,-0.006963402
1356593798242,0.7720341,-0.26764554,0.57648003,0.55745506,-0.15053535,-0.8164454,0.30529857,0.95168537,0.032981932
1356593798282,0.7658788,-0.33503544,0.54879963,0.54151684,-0.12410399,-0.8314792,0.34668323,0.93399644,0.08637872
1356593798321,0.7321944,-0.40291288,0.549138,0.5566733,-0.11053705,-0.8233447,0.39243627,0.9085388,0.1433562
1356593798361,0.70519495,-0.4556472,0.54321796,0.5664811,-0.09865728,-0.81814784,0.42637917,0.8846764,0.18854296
1356593798402,0.7140167,-0.48555496,0.5043973,0.5417052,-0.07327661,-0.83736855,0.44354895,0.8711297,0.21070692
1356593798441,0.75864595,-0.49157107,0.42756778,0.47424597,-0.033307806,-0.8797622,0.44670695,0.8702003,0.20785674
1356593798481,0.8158111,-0.47634596,0.3279432,0.3762356,0.006502524,-0.92650115,0.43920267,0.87923384,0.18452317
1356593798511,0.85686886,-0.45390788,0.2444244,0.28806552,0.028361768,-0.95719063,0.42754406,0.8905971,0.15505752
1356593798551,0.89167583,-0.42274737,0.16186067,0.19428694,0.034447335,-0.9803397,0.40886036,0.9055926,0.11285016
