1356594480868,0.36141968,-0.15255591,0.91983825,0.8751643,-0.2848236,-0.39110473,0.321657,0.9463626,0.030570671
1356594480905,0.30475062,-0.13402072,0.94295573,0.8964726,-0.2939995,-0.33151352,0.32165822,0.94636285,0.030549392
1356594480948,0.30494386,-0.13395017,0.94290334,0.8964067,-0.29401827,-0.33167514,0.32165867,0.94636714,0.030414745
1356594480987,0.30544698,-0.133766,0.94276655,0.8962398,-0.2940529,-0.33209497,0.3216462,0.94638234,0.03006883
1356594481027,0.30625522,-0.1334922,0.9425432,0.89596915,-0.29410726,-0.33277652,0.32163185,0.9464041,0.029532969
1356594481068,0.30705464,-0.13322634,0.9423207,0.89567345,-0.29423988,-0.33345464,0.3216932,0.9464004,0.02897954
1356594481107,0.30721498,-0.13321239,0.9422703,0.8955179,-0.29453516,-0.33361155,0.32197294,0.94631046,0.02880849
1356594481147,0.30593193,-0.13373357,0.9426139,0.89576215,-0.2949654,-0.3325741,0.32251483,0.94610286,0.029554144
1356594481189,0.30216002,-0.13508436,0.94363743,0.8967501,-0.29547518,-0.32944444,0.32332426,0.9457519,0.031856105
1356594481227,0.29461962,-0.13755319,0.945663,0.8988848,-0.2959938,-0.3231003,0.3243538,0.9452337,0.036438867
1356594481266,0.28347683,-0.14079532,0.9485872,0.90207946,-0.29650527,-0.31358764,0.32541278,0.9445958,0.04295619
1356594481306,0.26867074,-0.14472193,0.95229805,0.90624017,-0.2970466,-0.30081904,0.32641205,0.94383204,0.05134511
1356594481349,0.25101137,-0.1489208,0.95646,0.9109645,-0.29777563,-0.28543526,0.3273178,0.94294864,0.060916558
1356594481389,0.2316361,-0.15316507,0.96066916,0.9157635,-0.29884607,-0.26845527,0.32821015,0.9419297,0.07103944
1356594481426,0.21383733,-0.156542,0.96424496,0.91977507,-0.30024487,-0.25271916,0.32907072,0.9409292,0.07977983
1356594481469,0.19974643,-0.15889806,0.9668778,0.92263573,-0.30174392,-0.24019545,0.32991612,0.94005424,0.08633278
1356594481507,0.19050556,-0.15999949,0.96855974,0.92434645,-0.3030212,-0.23186633,0.33059254,0.93945646,0.09016767
1356594481546,0.18626106,-0.15992695,0.9693968,0.92505103,-0.30389655,-0.22787598,0.33103982,0.939186,0.09133649
1356594481587,0.18645948,-0.15889502,0.9695283,0.92489254,-0.3044561,-0.22777215,0.3313707,0.9391799,0.090192124
1356594481628,0.19009262,-0.15729812,0.9690832,0.9240072,-0.30490786,-0.23074225,0.3317764,0.9393022,0.08738387
1356594481667,0.19642091,-0.15546402,0.96811664,0.9224782,-0.3053602,-0.2361973,0.33234444,0.9394606,0.08343302
1356594481707,0.2044689,-0.1538338,0.96670973,0.9205014,-0.3057139,-0.24334401,0.332971,0.9396139,0.07909517
1356594481748,0.21329826,-0.15264732,0.96498847,0.91831046,-0.30581963,-0.25135702,0.3334813,0.939773,0.07494679
1356594481821,0.2218777,-0.15211189,0.96313673,0.9161917,-0.30552894,-0.25931638,0.3337112,0.93995434,0.07157354
1356594481826,0.22894067,-0.15212128,0.9614808,0.91449666,-0.30487037,-0.26598847,0.3335895,0.9401666,0.06931719
1356594481853,0.23394358,-0.1523642,0.96023726,0.9133161,-0.3041914,-0.27077928,0.33335295,0.9403472,0.067993015
1356594481897,0.23556483,-0.15298733,0.9597417,0.91301906,-0.30355853,-0.27248564,0.33302462,0.94045055,0.06817263
1356594481936,0.23298591,-0.1531578,0.96034384,0.9137813,-0.3034156,-0.27007896,0.33274797,0.94046885,0.06926118
1356594481976,0.22646385,-0.15300727,0.96192664,0.91551924,-0.30366552,-0.26384032,0.33247346,0.94041264,0.071311876
1356594482016,0.21541697,-0.15228125,0.9645755,0.9183055,-0.30436462,-0.25313488,0.33213028,0.94030464,0.07427539
1356594482055,0.20037013,-0.15116411,0.96798825,0.92182773,-0.30551493,-0.23852527,0.33179128,0.94011176,0.078131154
1356594482097,0.19312686,-0.15350953,0.9690907,0.9234246,-0.3054096,-0.23240483,0.33164597,0.9397658,0.08277166
1356594482137,0.16346359,-0.14906082,0.9752233,0.9290981,-0.3091498,-0.20298511,0.33174726,0.9392589,0.08795743
1356594482178,0.13663143,-0.14640552,0.9797435,0.93336636,-0.3123392,-0.17683747,0.3319023,0.93862116,0.09397465
1356594482217,0.112573445,-0.14541799,0.98294497,0.93660325,-0.3148135,-0.15383995,0.3318155,0.93794775,0.10075936
1356594482258,0.08899474,-0.1465134,0.9851973,0.93934554,-0.316581,-0.13193318,0.3312247,0.93718207,0.109452724
1356594482296,0.06694144,-0.1493676,0.98651314,0.9415828,-0.3176188,-0.11198312,0.33006176,0.9363801,0.11938009
1356594482338,0.045633614,-0.15382731,0.9870434,0.94363785,-0.3176086,-0.093125105,0.32781872,0.9356612,0.1306637
1356594482377,0.026866913,-0.15945175,0.98684,0.945534,-0.3163212,-0.07685286,0.3244128,0.9351556,0.14226848
1356594482417,0.010225475,-0.1659275,0.98608494,0.9474579,-0.3136934,-0.06260982,0.31971702,0.93491423,0.15400162
1356594482457,-0.0045457482,-0.1732147,0.98487353,0.9496467,-0.30930483,-0.050015837,0.31328964,0.93505454,0.16589886
1356594482496,-0.015155017,-0.18106249,0.9833548,0.9519806,-0.30337524,-0.04118815,0.30578315,0.9355104,0.17696562
1356594482539,-0.021586418,-0.18922025,0.9816973,0.9544919,-0.2960468,-0.03607422,0.29745436,0.93624353,0.18699986
1356594482576,-0.019983947,-0.19733939,0.9801315,0.95691836,-0.28780192,-0.03843528,0.28966853,0.9371378,0.19458911
1356594482618,-0.007365346,-0.20357266,0.9790321,0.95939696,-0.27750468,-0.050484687,0.2819633,0.9389086,0.19735089
1356594482656,0.023255885,-0.20628253,0.97821605,0.96182406,-0.26226652,-0.07817203,0.27267882,0.9426897,0.19230825
1356594482697,0.0760833,-0.20373529,0.9760653,0.9626574,-0.24006116,-0.12514651,0.2598121,0.9491379,0.17786252
1356594482737,0.15435588,-0.19383577,0.96881473,0.9579829,-0.21056533,-0.19475898,0.24175003,0.95817006,0.15318932
1356594482778,0.24995577,-0.17810795,0.951735,0.94265115,-0.1797939,-0.28121674,0.22120306,0.96744597,0.12295313
1356594482819,0.35104075,-0.1579153,0.92294806,0.9144775,-0.15402994,-0.3741733,0.2012493,0.9753654,0.090339184
1356594482855,0.437454,-0.13947806,0.888358,0.8795587,-0.13919157,-0.454975,0.18711099,0.98039365,0.06178923
1356594482917,0.49513113,-0.12714198,0.859465,0.8496301,-0.13589758,-0.5095689,0.18158677,0.98253083,0.04073651
1356594482941,0.5193138,-0.121876776,0.84584826,0.8344162,-0.14144453,-0.53267556,0.18456131,0.98241526,0.028241813
1356594482981,0.5121852,-0.12007755,0.85043967,0.83706367,-0.15194348,-0.5255829,0.19232953,0.981068,0.022689387
1356594483022,0.47567186,-0.12034723,0.8713511,0.85547364,-0.16722956,-0.49010125,0.20469794,0.9785453,0.02340743
1356594483060,0.40866306,-0.11787212,0.9050418,0.8857615,-0.18785885,-0.4244238,0.22004783,0.97509754,0.027635619
1356594483102,0.32155228,-0.113212466,0.9400995,0.91571224,-0.21549922,-0.3391626,0.2409881,0.9699191,0.034375742
1356594483140,0.22218531,-0.10051772,0.9698092,0.93840194,-0.24793398,-0.24068737,0.26464203,0.96354806,0.039238736
1356594483180,0.13940257,-0.07776892,0.98717725,0.94760823,-0.27887267,-0.15578419,0.2874119,0.957174,0.034818888
1356594483222,0.08643675,-0.038387597,0.9955176,0.9498866,-0.29813582,-0.09397113,0.30040672,0.9537513,0.010693967
1356594483259,0.071318805,0.02337107,0.99717975,0.9532578,-0.2958868,-0.06124273,0.29362103,0.9549371,-0.043380976
1356594483299,0.08616972,0.1078752,0.99042296,0.9605346,-0.27289927,-0.053845614,0.2644771,0.9559754,-0.12713349
1356594483339,0.110857755,0.20331359,0.9728176,0.96832395,-0.24246207,-0.059672415,0.2237392,0.94861776,-0.22375217
1356594483380,0.12047523,0.28696474,0.95033514,0.9742596,-0.21791798,-0.057705313,0.19053575,0.9328252,-0.30583188
1356594483419,0.10157874,0.3398625,0.93497336,0.9791107,-0.20055375,-0.033472747,0.17613623,0.91884255,-0.353135
1356594483459,0.055940986,0.35491043,0.93322515,0.98221916,-0.18733025,0.012364835,0.17920971,0.9159399,-0.35907924
1356594483498,-9.563565E-5,0.34013915,0.94037515,0.9816798,-0.17914554,0.064897776,0.19053823,0.92315346,-0.33389062
1356594483540,-0.058544725,0.29996398,0.9521524,0.97669125,-0.18009523,0.116790295,0.20651099,0.9367963,-0.28242856
1356594483578,-0.1032331,0.24819028,0.96319497,0.9693774,-0.19183004,0.15332541,0.22282365,0.9495276,-0.22078681
1356594483618,-0.13426393,0.18983719,0.972592,0.9621235,-0.21001875,0.17381167,0.23725846,0.95909023,-0.15444893
1356594483658,-0.14809716,0.12940052,0.9804706,0.9575695,-0.22908592,0.17487234,0.2472406,0.9647668,-0.08998299
1356594483717,-0.14406842,0.071017265,0.9870161,0.95692575,-0.24406856,0.15723744,0.25206614,0.96715415,-0.032795668
1356594483736,-0.12176597,0.01791063,0.9923972,0.95995545,-0.25203127,0.12233406,0.25230622,0.9675533,0.013495505
1356594483776,-0.07984418,-0.028086424,0.99641156,0.9654123,-0.25107622,0.070282936,0.24820128,0.9675597,0.047161996
1356594483814,-0.018865585,-0.06539065,0.9976814,0.97093874,-0.23931295,0.0026747286,0.2385832,0.96873796,0.068005145
1356594483843,0.059019387,-0.09536493,0.9936913,0.97235715,-0.21978444,-0.07884511,0.22591689,0.9708761,0.079757094
1356594483886,0.15023541,-0.10961959,0.9825542,0.9672222,-0.189497,-0.16903251,0.20472035,0.975743,0.077557325
1356594483926,0.26282063,-0.11186415,0.958338,0.94804734,-0.15459004,-0.27804327,0.17925262,0.9816253,0.06542307
1356594483966,0.38095748,-0.104524285,0.9186654,0.9115356,-0.1239323,-0.39210168,0.15483645,0.9867703,0.048064634
1356594484006,0.48494804,-0.095629394,0.8692988,0.8634549,-0.10542697,-0.49328572,0.13882017,0.9898183,0.03144507
1356594484061,0.5567596,-0.09486219,0.8252393,0.81899893,-0.10328677,-0.56442237,0.1387786,0.99011767,0.020186082
1356594484102,0.59116876,-0.102612376,0.7999939,0.79259056,-0.10981673,-0.5997838,0.14939794,0.988641,0.016409352
1356594484140,0.5921929,-0.113871515,0.7977098,0.7887933,-0.12037316,-0.6027566,0.16465962,0.98617625,0.018536925
1356594484180,0.5628895,-0.12864903,0.8164587,0.8055793,-0.13561738,-0.57675815,0.18492532,0.98237336,0.027299374
1356594484221,0.49754143,-0.14418656,0.8553729,0.84157324,-0.15877771,-0.5162791,0.2102547,0.97672915,0.042345062
1356594484259,0.40025124,-0.15639684,0.90296125,0.88445234,-0.19199637,-0.42530158,0.23988107,0.9688537,0.06147875
1356594484299,0.28866655,-0.15751353,0.944384,0.91847694,-0.23293173,-0.31959823,0.27031803,0.9596522,0.07743293
1356594484340,0.18915075,-0.13503537,0.9726188,0.9371574,-0.27091402,-0.21986717,0.29318592,0.953085,0.07530579
1356594484380,0.12368506,-0.0779334,0.9892565,0.9463967,-0.29050374,-0.14121222,0.29838777,0.95369494,0.03782493
1356594484419,0.08995944,0.013269693,0.995857,0.95509315,-0.2845931,-0.08248493,0.28231952,0.95855653,-0.03827566
1356594484459,0.07476312,0.12480593,0.98936033,0.9653262,-0.25789946,-0.04041341,0.25011167,0.95807683,-0.13975978
1356594484499,0.05259049,0.2250767,0.9729207,0.97448003,-0.22447294,-7.4490905E-4,0.21822673,0.94813097,-0.23113793
1356594484540,0.011844546,0.2888861,0.9572902,0.9799466,-0.19379309,0.046356946,0.19890806,0.9375442,-0.2853884
1356594484578,-0.04495704,0.3128394,0.9487415,0.9802828,-0.16910934,0.10221398,0.19241756,0.93463016,-0.29906845
1356594484620,-0.11305246,0.29703385,0.9481509,0.97385746,-0.15610668,0.16502222,0.19702986,0.94201994,-0.2716204
1356594484658,-0.17556131,0.26009458,0.9494888,0.96249276,-0.15729767,0.22105446,0.20684749,0.95268476,-0.22272378
1356594484696,-0.22834432,0.21014345,0.95063066,0.94846296,-0.17234689,0.26592213,0.21972004,0.9623597,-0.15995878
1356594484736,-0.2660427,0.15550369,0.95133585,0.9354232,-0.19671327,0.29374713,0.23281914,0.9680509,-0.09312767
1356594484778,-0.28764844,0.101505846,0.9523418,0.92610705,-0.2239551,0.30359474,0.24409842,0.9692991,-0.029584944
1356594484823,-0.2935505,0.051316768,0.95456517,0.9221157,-0.24808842,0.2969086,0.25205302,0.9673772,0.025506556
1356594484858,-0.2837773,0.0071290135,0.95886374,0.924528,-0.2632633,0.27557293,0.25439814,0.9646977,0.06811714
1356594484898,-0.25821644,-0.029240519,0.9656445,0.9337059,-0.26416963,0.24167669,0.2480272,0.9640329,0.09551501
1356594484937,-0.21477032,-0.055632204,0.9750788,0.9489287,-0.2481255,0.19485393,0.23110172,0.96712923,0.10608095
1356594484978,-0.15008342,-0.06970528,0.98621297,0.9672116,-0.21706533,0.13184965,0.20488203,0.9736651,0.09999767
1356594485029,-0.05700463,-0.066532046,0.99615467,0.9836949,-0.17421341,0.044656068,0.17057243,0.98245776,0.07537815
1356594485066,0.060372353,-0.06114033,0.99630165,0.9874126,-0.1425243,-0.06858,0.1461902,0.9879011,0.051766217
1356594485116,0.17106134,-0.0592871,0.98347497,0.97517407,-0.13227558,-0.17759147,0.14061868,0.9894383,0.03518802
1356594485159,0.2602966,-0.06756252,0.963162,0.9537472,-0.13736764,-0.26738814,0.15037268,0.9882133,0.028681219
1356594485199,0.31893498,-0.08366826,0.9440763,0.9326589,-0.14949507,-0.32832676,0.16860533,0.9852161,0.030354768
1356594485240,0.3460912,-0.10526121,0.9322773,0.91811895,-0.16649634,-0.35963392,0.19307625,0.9804076,0.03901936
1356594485279,0.34469244,-0.12821683,0.92991805,0.91221344,-0.18797728,-0.3640481,0.22148061,0.97376835,0.052166775
1356594485321,0.3196677,-0.15060622,0.93548405,0.9125572,-0.21682018,-0.34673977,0.25505292,0.96452415,0.06812635
1356594485359,0.2820475,-0.1626946,0.945505,0.9154713,-0.24915981,-0.31596175,0.28698707,0.9546989,0.0786673
1356594485402,0.2597236,-0.15257934,0.9535529,0.9149258,-0.27703768,-0.29353175,0.30895692,0.9486673,0.06764555
1356594485440,0.25872523,-0.11484745,0.9590992,0.91312444,-0.29477662,-0.28162113,0.31506357,0.9486394,0.028603896
1356594485479,0.29796898,-0.04430172,0.953547,0.9064764,-0.29995817,-0.2971962,0.29919052,0.9529231,-0.049219772
1356594485518,0.3597862,0.045167685,0.9319409,0.8933602,-0.30484492,-0.33011702,0.26918676,0.9513304,-0.15003003
1356594485559,0.41466862,0.12452507,0.9014119,0.877489,-0.3170305,-0.3598675,0.24096254,0.9402048,-0.24073195
1356594485600,0.44327337,0.17169866,0.87978876,0.86766434,-0.32864916,-0.37302577,0.22509381,0.9287138,-0.29465824
1356594485639,0.44559506,0.183164,0.8762967,0.8675692,-0.3298125,-0.37221956,0.22083634,0.9261073,-0.30587026
1356594485680,0.42661607,0.16339484,0.8895509,0.8761928,-0.31852412,-0.36170244,0.22424313,0.9337262,-0.27905285
1356594485718,0.39989373,0.12205094,0.90839887,0.8868224,-0.30193827,-0.3498274,0.23158363,0.94548225,-0.22898072
1356594485759,0.37008676,0.065782845,0.92666525,0.8971424,-0.28427687,-0.33811566,0.24118727,0.95648277,-0.1642237
1356594485826,0.35482684,0.003668338,0.93492484,0.9008373,-0.26893118,-0.3408346,0.2501801,0.9631524,-0.0987286
1356594485841,0.35499203,-0.05873725,0.9330223,0.8987347,-0.25335097,-0.35789576,0.2574039,0.96558964,-0.037148386
1356594485887,0.38822278,-0.11850482,0.91391444,0.8838077,-0.2330806,-0.4056566,0.26108798,0.96520984,0.014248297
1356594485929,0.4683217,-0.1709193,0.86686873,0.8446338,-0.20139459,-0.49601805,0.25936174,0.96448267,0.050046742
1356594485968,0.5784362,-0.2049087,0.789572,0.77680504,-0.15705597,-0.6098421,0.24896893,0.96609825,0.06832725
1356594486008,0.70882416,-0.21567187,0.6716055,0.6671326,-0.10430884,-0.7376,0.22913396,0.97087866,0.0699451
1356594486048,0.830384,-0.20147693,0.5194896,0.51957947,-0.056745574,-0.8525357,0.20124502,0.9778482,0.05756265
1356594486088,0.91631436,-0.17373589,0.36080995,0.36189976,-0.026496045,-0.93184036,0.17145416,0.98443574,0.038596272
1356594486129,0.96254534,-0.14817497,0.22704768,0.22762167,-0.0133003555,-0.9736588,0.14729169,0.9888717,0.020925641
1356594486168,0.9823803,-0.13457781,0.12968351,0.12988064,-0.007351367,-0.9915024,0.13438757,0.9908757,0.010257214
1356594486212,0.9883309,-0.13536328,0.06984848,0.07040771,-6.575873E-4,-0.99751806,0.13507326,0.99079585,0.008880705
1356594486250,0.98890465,-0.14365828,0.037813768,0.039341576,0.007808267,-0.99919534,0.14324743,0.9895966,0.013373375
1356594486289,0.98672646,-0.15891835,0.033404253,0.03666859,0.017652392,-0.99917156,0.15819705,0.9871339,0.023245394
1356594486330,0.9812066,-0.18168327,0.06499806,0.07066399,0.024881512,-0.9971898,0.17955546,0.9830423,0.037252367
1356594486370,0.96619076,-0.2130528,0.1452031,0.1532555,0.021688879,-0.98794854,0.2073359,0.97679996,0.053607106
1356594486409,0.9252718,-0.2503695,0.28493366,0.29298633,-0.0053264126,-0.9561018,0.24089639,0.9681357,0.06842646
1356594486449,0.83689564,-0.27551275,0.47296762,0.47331315,-0.069735885,-0.87812954,0.27491874,0.9587646,0.07204217
1356594486490,0.7153745,-0.25883597,0.6490325,0.6315118,-0.15803878,-0.75908923,0.29905194,0.9529048,0.05040109
1356594486529,0.62329423,-0.19175142,0.7581132,0.721065,-0.23422328,-0.6520772,0.3026045,0.9530848,-0.0077247918
1356594486573,0.5953148,-0.08856207,0.798597,0.7527786,-0.28603768,-0.59288025,0.28093544,0.95411706,-0.10361487
1356594486608,0.58232015,0.019928306,0.81271523,0.7731551,-0.3225578,-0.5460655,0.25126547,0.9463399,-0.2032396
1356594486652,0.5611242,0.10995874,0.82039547,0.795421,-0.34585038,-0.49768767,0.22900903,0.9318243,-0.28152847
1356594486688,0.50966084,0.172746,0.842855,0.8318524,-0.349089,-0.43146077,0.21969828,0.9210297,-0.32161617
1356594486729,0.4234403,0.20050663,0.88345647,0.8780766,-0.3307723,-0.34579065,0.22288963,0.9221642,-0.31612253
1356594486784,0.32187498,0.2016136,0.9250667,0.91815597,-0.3049137,-0.253016,0.2310541,0.9307951,-0.28325683
1356594486853,0.19479203,0.16943109,0.9661,0.9500923,-0.27729917,-0.14293274,0.24368146,0.9457263,-0.21499082
1356594486855,0.09419435,0.12327227,0.9878924,0.96269476,-0.2641158,-0.058834553,0.25366533,0.95658076,-0.1435518
1356594486883,0.028093278,0.07654554,0.99667025,0.96525997,-0.26119363,-0.007147908,0.25977674,0.96224666,-0.08122414
1356594486927,-0.020036995,0.03117448,0.9993131,0.9650524,-0.2606122,0.027480066,0.26128983,0.96494013,-0.024863124
1356594486967,-0.031600058,-0.013942003,0.99940336,0.9652325,-0.26000595,0.026892424,0.25947583,0.9655064,0.02167347
1356594487008,-0.010407209,-0.055871516,0.99838376,0.96724594,-0.25380772,-0.0041210055,0.25362778,0.9656397,0.056682914
1356594487046,0.051134944,-0.09440255,0.99422,0.9687015,-0.23744541,-0.072368205,0.24290478,0.9668029,0.079306155
1356594487086,0.15276235,-0.1244694,0.9803933,0.96236086,-0.2069009,-0.17622045,0.22477826,0.970412,0.0881778
1356594487126,0.30097353,-0.14331591,0.94280195,0.9322486,-0.16397226,-0.3225301,0.20081699,0.9759988,0.08425473
1356594487166,0.47860307,-0.14740145,0.8655703,0.8603157,-0.11830354,-0.495844,0.17548814,0.98197615,0.070191324
1356594487207,0.64481604,-0.14102513,0.7512152,0.7482172,-0.084325865,-0.65807307,0.15615165,0.98640823,0.051142722
1356594487246,0.7628517,-0.13587008,0.6321365,0.6293564,-0.068077534,-0.77412915,0.1482153,0.98838496,0.03357765
1356594487288,0.82832056,-0.1401638,0.5424382,0.5387804,-0.066201344,-0.8398411,0.15362544,0.9879128,0.02068156
1356594487339,0.85442793,-0.15611199,0.49556234,0.49055907,-0.0718629,-0.8684397,0.17118642,0.9851217,0.015180498
1356594487379,0.8551165,-0.1746209,0.4881428,0.48183587,-0.079812504,-0.87261915,0.19133742,0.9813957,0.015889617
1356594487419,0.833614,-0.19446546,0.51698244,0.50927275,-0.09176181,-0.8556991,0.21384318,0.97660786,0.022542028
1356594487459,0.7825371,-0.21331808,0.5849197,0.57471883,-0.11381498,-0.8103976,0.23944513,0.9703306,0.03353348
1356594487503,0.6964789,-0.22315182,0.68199736,0.6661505,-0.15224946,-0.7301121,0.26675957,0.96282053,0.042614162
1356594487539,0.58806944,-0.208684,0.7814252,0.7555771,-0.20296985,-0.62282145,0.28857857,0.95668924,0.03831646
1356594487582,0.5205715,-0.15937972,0.8388107,0.80141646,-0.24766198,-0.54442185,0.29451135,0.9556472,-0.0011961982
1356594487618,0.5000924,-0.080795735,0.86219466,0.81820023,-0.28203422,-0.50100386,0.28364742,0.95599616,-0.07493606
1356594487661,0.53680825,0.01564154,0.84355927,0.80363107,-0.31395552,-0.50557804,0.25693202,0.9493089,-0.18110396
1356594487700,0.5652094,0.10406354,0.8183576,0.7919462,-0.34622368,-0.5029417,0.23099685,0.93236256,-0.27810162
1356594487739,0.56079584,0.16792539,0.81074595,0.799204,-0.36559457,-0.47708863,0.21628901,0.9155008,-0.33923054
1356594487780,0.5165623,0.2042365,0.8315352,0.8293617,-0.3607993,-0.4265948,0.2128911,0.9100062,-0.35576123
1356594487835,0.43960527,0.21502405,0.8720734,0.8718985,-0.33536038,-0.35682848,0.21573213,0.9172231,-0.3349053
1356594487859,0.33834013,0.20237923,0.9190041,0.91463816,-0.30036542,-0.27058753,0.22127578,0.93210685,-0.2867294
1356594487902,0.2316556,0.17120066,0.9576148,0.9458748,-0.26963007,-0.18061164,0.22728088,0.9476234,-0.22439575
1356594487939,0.13580525,0.12800676,0.98243123,0.9630446,-0.24986172,-0.10056946,0.23259836,0.95978296,-0.15720877
1356594487980,0.06862813,0.07923469,0.99449086,0.9690759,-0.24213195,-0.047582835,0.23702773,0.96700263,-0.09340152
1356594488020,0.039147258,0.028833658,0.9988173,0.96967256,-0.24243271,-0.031006485,0.24125203,0.9697397,-0.037449718
1356594488060,0.06712657,-0.02299413,0.9974795,0.96736205,-0.24333322,-0.07070917,0.24434572,0.96967024,0.0059094727
1356594488102,0.15451056,-0.07332182,0.98526675,0.95766175,-0.23408091,-0.1676014,0.24292094,0.9694484,0.03404945
1356594488140,0.33277053,-0.1266683,0.9344618,0.9133526,-0.20326084,-0.3528058,0.23462886,0.97089654,0.048053652
1356594488179,0.5825702,-0.16714531,0.7954083,0.78363156,-0.14422578,-0.604252,0.2157163,0.9753263,0.046958745
1356594488220,0.8258548,-0.17849666,0.5348859,0.53112036,-0.07239063,-0.8441983,0.1894073,0.98127395,0.03501907
1356594488259,0.9524942,-0.16375063,0.25678888,0.25642723,-0.023710612,-0.96627265,0.16431639,0.9862167,0.019405901
1356594488302,0.9866729,-0.14878356,0.065879285,0.0660186,-0.004007578,-0.99781024,0.1487218,0.98886156,0.0058683157
1356594488339,0.9885162,-0.1464224,-0.0373655,-0.037297368,0.0032116175,-0.99929905,0.14643978,0.9892169,-0.002286435
1356594488379,0.9846215,-0.1552794,-0.080054745,-0.07972183,0.008380353,-0.9967819,0.15545058,0.987835,-0.0041276813
1356594488420,0.9823145,-0.17103119,-0.07620117,-0.075093836,0.0129440725,-0.9970925,0.17152026,0.9851806,-1.2823846E-4
1356594488461,0.98098576,-0.1933181,-0.017180413,-0.014978282,0.012847215,-0.9998053,0.19350117,0.981052,0.009707361
1356594488500,0.9663563,-0.22115034,0.13133192,0.13331917,-0.0059840083,-0.99105513,0.21995807,0.9752214,0.023700893
1356594488542,0.87594146,-0.24747324,0.4141057,0.41036183,-0.06907647,-0.90930283,0.25363308,0.96642923,0.04104662
1356594488580,0.5933403,-0.22252941,0.77358127,0.75145984,-0.19135797,-0.63141936,0.28854024,0.95596176,0.053681493
1356594488625,0.286672,-0.140569,0.9476601,0.9036442,-0.28886282,-0.3162048,0.3181924,0.94699454,0.044215456
1356594488669,0.13100219,-0.039034903,0.9906132,0.93494606,-0.32746214,-0.13654411,0.32971832,0.9440576,-0.0064026713
1356594488709,0.08122742,0.06873736,0.99432254,0.9437568,-0.3261091,-0.054552794,0.32050776,0.94282985,-0.09136039
1356594488749,0.08194429,0.17584425,0.9810015,0.95183307,-0.30561793,-0.024725854,0.29546383,0.9357758,-0.19241801
1356594488790,0.071175784,0.26810467,0.9607569,0.96080685,-0.2771503,0.006160885,0.26792583,0.92266333,-0.27732316
1356594488831,0.018367022,0.32821104,0.94442594,0.9687457,-0.23954818,0.06440881,0.24737516,0.9137255,-0.32235283
1356594488866,-0.06823319,0.35130665,0.9337708,0.96977735,-0.19641,0.14475834,0.2342565,0.9154271,-0.32728755
1356594488907,-0.1724279,0.33779696,0.9252901,0.9585433,-0.15879762,0.23659712,0.22685564,0.92772657,-0.29641187
1356594488946,-0.26411903,0.3025398,0.9158116,0.9381155,-0.1399523,0.31678483,0.22400993,0.9428059,-0.24685323
1356594488987,-0.3349135,0.25577554,0.9068692,0.91491246,-0.14187336,0.37789828,0.22531772,0.9562692,-0.18649685
1356594489026,-0.37896764,0.20650771,0.90207434,0.8965435,-0.15963846,0.41318935,0.22933254,0.96533424,-0.12464529
1356594489067,-0.3977809,0.15924084,0.90355563,0.88688695,-0.1854583,0.42312747,0.23495105,0.9696637,-0.06745684
1356594489106,-0.39366764,0.11539152,0.91198164,0.8871323,-0.21227443,0.4097998,0.2408778,0.9703733,-0.018801987
1356594489147,-0.36839938,0.07489422,0.9266459,0.8970295,-0.2331543,0.37546924,0.24417195,0.96955144,0.018711567
1356594489187,-0.32247096,0.037872344,0.9458215,0.91560674,-0.24103099,0.32182074,0.24016035,0.9697783,0.043049216
1356594489227,-0.25287753,0.0051394403,0.9674846,0.94055116,-0.23305988,0.24707586,0.22675169,0.97244877,0.054101765
1356594489268,-0.15797997,-0.019090146,0.98725784,0.96633065,-0.20862782,0.1505971,0.20309451,0.97780883,0.051406384
1356594489306,-0.035115063,-0.035963148,0.998736,0.98330677,-0.17977273,0.02809918,0.1785349,0.9830506,0.041675508
1356594489346,0.10104388,-0.045767844,0.99382865,0.98192173,-0.1561271,-0.10702321,0.16006184,0.986676,0.029164732
1356594489386,0.23114794,-0.054298103,0.9714023,0.9607292,-0.1448142,-0.23670289,0.15352538,0.98796785,0.018692255
1356594489439,0.33040467,-0.06770685,0.9414077,0.92957556,-0.14940521,-0.3369973,0.16346833,0.9864552,0.013574511
1356594489481,0.38980994,-0.08418667,0.91703916,0.903162,-0.15953335,-0.39855665,0.17985156,0.98359627,0.013846561
1356594489520,0.41012678,-0.099622875,0.90657115,0.8903096,-0.17190447,-0.42166072,0.19785067,0.9800634,0.018192545
1356594489559,0.39473,-0.113512605,0.91175824,0.89249015,-0.18838933,-0.40984246,0.21828777,0.9755124,0.026945919
1356594489600,0.34245002,-0.12314057,0.9314314,0.9077966,-0.21213579,-0.3618061,0.24214295,0.9694508,0.0391407
1356594489639,0.26386583,-0.12443173,0.9564997,0.92630327,-0.24381822,-0.28725415,0.26895562,0.9618053,0.050926253
1356594489679,0.18237424,-0.10976854,0.97708267,0.9382601,-0.27766782,-0.20632204,0.29395205,0.9543854,0.05235192
1356594489722,0.1258604,-0.06965265,0.9895997,0.9430523,-0.30121642,-0.1411413,0.3079146,0.95100844,0.02777493
1356594489759,0.10633147,0.0014936626,0.9943296,0.9470284,-0.30491543,-0.10081512,0.30303586,0.9523782,-0.033836603
1356594489817,0.11470997,0.09887725,0.9884659,0.9530999,-0.2914905,-0.08144769,0.2800751,0.95144963,-0.12767676
1356594489888,0.12264818,0.2013436,0.9718118,0.9601005,-0.27204216,-0.064807385,0.25132528,0.94098544,-0.22667554
1356594489892,0.10410535,0.28153276,0.9538875,0.96745896,-0.25106102,-0.031487733,0.23061913,0.92612505,-0.29850823
1356594489914,0.05267167,0.32404724,0.9445734,0.9737016,-0.2266171,0.023447812,0.22165474,0.9184977,-0.3274616
1356594489956,-0.021625072,0.32725197,0.94468963,0.97512776,-0.20157877,0.092151195,0.22058609,0.9231858,-0.3147533
1356594489999,-0.10263997,0.29740998,0.9492167,0.9692222,-0.18476719,0.16269466,0.22377107,0.9367008,-0.26929188
1356594490051,-0.1773268,0.24080572,0.95423675,0.95678127,-0.18489826,0.22445956,0.23048785,0.9527986,-0.19761097
1356594490091,-0.22000748,0.18140379,0.9584828,0.9461683,-0.19944263,0.25492766,0.23740727,0.96297204,-0.12775964
1356594490128,-0.2394681,0.12327054,0.9630469,0.93959904,-0.22042459,0.26185215,0.24455789,0.9675832,-0.0630402
1356594490168,-0.23359555,0.06828299,0.9699333,0.9393071,-0.24193174,0.24325156,0.25126758,0.96788764,-0.007624507
1356594490208,-0.20637333,0.017334789,0.97831976,0.9443667,-0.2581535,0.20378524,0.2560892,0.9659484,0.036905587
1356594490248,-0.15753108,-0.028597027,0.9870998,0.9538611,-0.2631327,0.14460337,0.25560302,0.9643357,0.06872922
1356594490289,-0.08802521,-0.06613496,0.9939203,0.9654077,-0.25151414,0.06876442,0.24543735,0.9655913,0.08598682
1356594490328,0.0025660992,-0.09242004,0.9957167,0.974248,-0.22426897,-0.023326904,0.22546431,0.970135,0.089464635
1356594490370,0.109142184,-0.102424026,0.9887352,0.9743966,-0.18567371,-0.12679356,0.19656882,0.97725874,0.079536766
1356594490408,0.22560355,-0.10166049,0.96890056,0.95945036,-0.14933154,-0.23907152,0.16899148,0.98354733,0.063848436
1356594490449,0.33519754,-0.095799744,0.9372647,0.9300392,-0.12533614,-0.34542438,0.1505647,0.98747826,0.04708512
1356594490492,0.42814997,-0.09415093,0.8987899,0.891706,-0.11753628,-0.43708768,0.14679268,0.98859537,0.033631817
1356594490529,0.500228,-0.100384474,0.8600552,0.8520801,-0.1196422,-0.509554,0.15405023,0.9877291,0.025687233
1356594490569,0.55013573,-0.11441451,0.82720006,0.8177803,-0.12674287,-0.5614016,0.16907415,0.98531497,0.02384013
1356594490609,0.5809862,-0.13419127,0.802775,0.7918307,-0.13500303,-0.59563255,0.18830577,0.9817163,0.027821898
1356594490650,0.5940897,-0.15973476,0.78837955,0.77597094,-0.14444906,-0.6140061,0.2119588,0.9765343,0.038133837
1356594490690,0.5906091,-0.18922198,0.784459,0.7705155,-0.1566002,-0.6178853,0.23976386,0.9693665,0.053308956
1356594490731,0.5731875,-0.219697,0.7894235,0.77289134,-0.17507651,-0.6099076,0.27220434,0.9597299,0.06945023
1356594490770,0.54843056,-0.23639947,0.80208427,0.7800068,-0.20105603,-0.5925925,0.30135244,0.95062697,0.07412794
1356594490838,0.5347712,-0.21917298,0.8160778,0.783301,-0.23367682,-0.576051,0.3169533,0.94729006,0.046714783
1356594490846,0.5395858,-0.1550385,0.8275326,0.78224266,-0.2711713,-0.56085885,0.3113578,0.94996274,-0.025042467
1356594490907,0.57771695,-0.01766944,0.81604594,0.7694103,-0.32197016,-0.55167294,0.2724902,0.94658494,-0.17241257
1356594490951,0.58857983,0.100791276,0.80213153,0.77183455,-0.36523664,-0.5204553,0.2405105,0.9254423,-0.29276508
1356594490990,0.58379567,0.17208216,0.79345465,0.7794055,-0.3925007,-0.4883343,0.22739789,0.90351033,-0.363262
1356594491032,0.56337017,0.1907421,0.8038852,0.7918496,-0.40231234,-0.4594767,0.23577142,0.89541173,-0.37768984
1356594491069,0.5356065,0.17656353,0.8258033,0.8057473,-0.3995701,-0.43716705,0.25277853,0.8995383,-0.35627794
1356594491110,0.50138104,0.1382227,0.8541144,0.8209736,-0.38766134,-0.41919088,0.27316543,0.9113798,-0.3078432
1356594491148,0.4648797,0.084257185,0.8813556,0.83560026,-0.37082064,-0.4052953,0.2926758,0.9248745,-0.24279232
1356594491189,0.43172142,0.02268213,0.9017218,0.84795153,-0.35107365,-0.39714667,0.30756265,0.93607306,-0.17079936
1356594491227,0.40751734,-0.040221214,0.9123113,0.8569751,-0.32828096,-0.39727238,0.31547323,0.94372344,-0.099311635
1356594491268,0.39829856,-0.099588335,0.9118335,0.86119616,-0.30159968,-0.4091196,0.31575224,0.9482193,-0.03436163
1356594491307,0.41026992,-0.15127736,0.8993296,0.8584115,-0.26889622,-0.43683454,0.30790955,0.9512149,0.019538209
1356594491351,0.450148,-0.19095924,0.8722967,0.84432995,-0.22693318,-0.485395,0.29064372,0.9550057,0.059079096
1356594491388,0.52329755,-0.21339598,0.824998,0.8105351,-0.17420322,-0.5591834,0.2630448,0.96130913,0.08180481
1356594491428,0.626787,-0.21463403,0.74904627,0.7451751,-0.11581802,-0.6567346,0.2277106,0.96980333,0.0873467
1356594491469,0.7425256,-0.19389507,0.64114,0.6426476,-0.063630715,-0.76351506,0.18883795,0.9789565,0.07735875
1356594491508,0.84135956,-0.16461512,0.5147971,0.5175488,-0.029091261,-0.8551591,0.15574816,0.98592883,0.06072012
1356594491549,0.9062018,-0.1413133,0.39853343,0.40072113,-0.013871916,-0.9160951,0.13498482,0.98986775,0.044056475
1356594491590,0.9414953,-0.13269448,0.30980426,0.31139028,-0.009158347,-0.950238,0.12892862,0.99111474,0.03269723
1356594491629,0.9573241,-0.13740574,0.25426415,0.25575036,-0.0070270896,-0.96671724,0.13461927,0.99048984,0.028414369
1356594491668,0.9605723,-0.1505931,0.23371473,0.23569113,-0.004843056,-0.971816,0.14748067,0.988584,0.03084135
1356594491709,0.95178235,-0.16960885,0.25562316,0.2585657,-0.004887432,-0.9659813,0.16508831,0.9854993,0.039203256
1356594491749,0.9205692,-0.19466737,0.3386104,0.34245244,-0.014623374,-0.9394215,0.18782628,0.9807604,0.05320248
1356594491789,0.83064663,-0.22224844,0.5105211,0.5129823,-0.051059887,-0.8568793,0.21650718,0.9736522,0.07159677
1356594491842,0.61288655,-0.22958201,0.7560835,0.74942434,-0.13441312,-0.6483026,0.2504661,0.9639633,0.08967433
1356594491869,0.28752255,-0.17905846,0.9408872,0.9147824,-0.23967773,-0.32515785,0.28373203,0.9541973,0.094886824
1356594491911,0.044261634,-0.08263588,0.9955964,0.9514574,-0.30034846,-0.067228615,0.3045813,0.9502432,0.065330595
1356594491949,-0.07752186,0.028860897,0.99657285,0.94889665,-0.30457646,0.08263376,0.30591753,0.95205057,-0.0037746131
1356594491990,-0.09317899,0.14916435,0.9844123,0.9550303,-0.26613575,0.13072443,0.28148675,0.9523244,-0.11765823
1356594492028,-0.09450835,0.2614341,0.9605833,0.9640174,-0.2167964,0.15384996,0.2484726,0.94055915,-0.23153788
1356594492070,-0.11555225,0.34487307,0.9315096,0.96848154,-0.16921192,0.18278596,0.22066057,0.9232712,-0.31445038
1356594492108,-0.1824385,0.3884794,0.9032164,0.9619095,-0.11969012,0.24577326,0.2035839,0.91365093,-0.35184592
1356594492148,-0.28841615,0.39235452,0.8734267,0.9374335,-0.07008916,0.34103686,0.19502509,0.9171398,-0.34759146
1356594492189,-0.41019815,0.36467588,0.8359121,0.89142025,-0.033276558,0.45195433,0.19263315,0.9305397,-0.31142944
1356594492228,-0.5205726,0.32124296,0.79107964,0.83124375,-0.020956874,0.5555129,0.19503322,0.9467648,-0.25612158
1356594492268,-0.60810345,0.2745037,0.74488795,0.7680085,-0.034068167,0.639533,0.2009311,0.9609824,-0.19010425
1356594492308,-0.67130864,0.23268297,0.703707,0.7112441,-0.06486362,0.6999461,0.20851049,0.9703873,-0.121950924
1356594492349,-0.71454304,0.19870587,0.6707788,0.6651933,-0.10398108,0.73939556,0.21667051,0.97452754,-0.057878852
1356594492388,-0.74201185,0.17311943,0.64764816,0.6321119,-0.14108562,0.7619248,0.22327782,0.9747433,-0.0047436357
1356594492429,-0.7598529,0.15338679,0.63174045,0.60990024,-0.16820008,0.77442265,0.22504501,0.97374594,0.034256756
1356594492468,-0.77207726,0.13662536,0.62066925,0.59657824,-0.18083632,0.78191614,0.21906911,0.9739773,0.058111846
1356594492508,-0.7828767,0.12149276,0.6101998,0.58805126,-0.17585844,0.78947437,0.20322417,0.9768897,0.06623137
1356594492548,-0.7936278,0.10897322,0.5985648,0.58090097,-0.15673327,0.798742,0.18085648,0.9816107,0.061085165
1356594492588,-0.8044218,0.101352915,0.5853488,0.57231855,-0.13190186,0.80935365,0.15923895,0.9860677,0.048098564
1356594492630,-0.813673,0.10099666,0.5724823,0.5626448,-0.11080617,0.8192392,0.14617497,0.988697,0.033334672
1356594492671,-0.8231709,0.10750602,0.55752313,0.5490774,-0.09930873,0.82985044,0.14458083,0.9892322,0.022718906
1356594492709,-0.8306,0.11941987,0.5439141,0.5351089,-0.09921396,0.83893687,0.15414962,0.9878742,0.0185045
1356594492749,-0.83769953,0.13412286,0.5294056,0.51869124,-0.1080147,0.84811085,0.1709347,0.9850603,0.020915627
1356594492789,-0.84159833,0.14925218,0.5190722,0.5048207,-0.12428987,0.8542295,0.19201103,0.9809566,0.029256642
1356594492841,-0.8359663,0.16305673,0.52399683,0.50396234,-0.14983606,0.85062975,0.21721455,0.9751726,0.04308349
1356594492877,-0.81906855,0.17265722,0.5470979,0.5196227,-0.18090129,0.8350251,0.24314386,0.96822727,0.058453918
1356594492896,-0.791135,0.18030623,0.5844614,0.5468888,-0.21937358,0.80795294,0.2738943,0.9588352,0.07494658
1356594492937,-0.7422643,0.18220107,0.6448617,0.5977217,-0.2550255,0.7600597,0.30293986,0.949613,0.08039081
1356594492973,-0.66738725,0.18171073,0.72220176,0.67267895,-0.2690003,0.6893054,0.3195266,0.9458436,0.05729437
1356594493014,-0.55084705,0.18700656,0.81338555,0.7733108,-0.25222737,0.5816972,0.31393927,0.94942605,-0.0056754947
1356594493063,-0.36358017,0.21334991,0.9068028,0.8881191,-0.21441358,0.40653563,0.28116515,0.9531572,-0.11152363
1356594493109,-0.114200294,0.2582661,0.9593002,0.9640411,-0.20443076,0.16980225,0.23996466,0.9441963,-0.22563303
1356594493149,0.09798959,0.29179353,0.9514487,0.9720263,-0.23312238,-0.028614074,0.21345463,0.927637,-0.3064745
1356594493190,0.21863699,0.29678786,0.92957777,0.95368135,-0.2666967,-0.13915747,0.20661503,0.916946,-0.34135082
1356594493229,0.2744925,0.27130103,0.9225235,0.9376875,-0.28809232,-0.19428065,0.21306333,0.9183674,-0.3334748
1356594493268,0.29979086,0.21986988,0.92832255,0.92690766,-0.29740453,-0.22889474,0.22576025,0.9290898,-0.29295826
1356594493310,0.3197355,0.15060073,0.93546176,0.9165353,-0.29952225,-0.26504627,0.24027541,0.9421284,-0.23379877
1356594493350,0.34470674,0.07180259,0.9359603,0.9036485,-0.29534176,-0.31014928,0.25415862,0.95268965,-0.16669059
1356594493389,0.38238555,-0.00868088,0.9239621,0.8850824,-0.28372025,-0.3689607,0.26534966,0.9588678,-0.10080725
1356594493431,0.43331656,-0.084697485,0.89725304,0.8589686,-0.26252082,-0.43960857,0.27278134,0.9612019,-0.041002154
1356594493470,0.5042638,-0.15122202,0.8502058,0.81828284,-0.23090357,-0.52639973,0.2759188,0.96115315,0.007306084
1356594493514,0.585243,-0.20053622,0.7856691,0.76383984,-0.18880257,-0.61717296,0.2721018,0.9613215,0.04268214
1356594493550,0.680874,-0.23117146,0.6949608,0.68448067,-0.13674203,-0.7160921,0.2605704,0.96325564,0.0651283
1356594493589,0.7761611,-0.2353677,0.5849582,0.5836253,-0.08296265,-0.8077739,0.23865359,0.96835905,0.072974175
1356594493630,0.86296433,-0.21602221,0.456757,0.46017587,-0.037259676,-0.88704556,0.20864022,0.9756772,0.067254454
1356594493670,0.92758083,-0.18462414,0.32481954,0.32910872,-0.007794805,-0.9442599,0.17686507,0.9827783,0.05353111
1356594493711,0.9664408,-0.15500824,0.20485272,0.20829456,0.0061208606,-0.97804695,0.15035148,0.98789424,0.038202822
1356594493751,0.98523974,-0.1370497,0.1025666,0.10522259,0.01225838,-0.99437314,0.13502125,0.99048835,0.026498169
1356594493790,0.9908533,-0.13328385,0.021099664,0.023604013,0.017237335,-0.9995729,0.1328632,0.99092805,0.020225704
1356594493840,0.98922145,-0.13993633,-0.04311312,-0.039995566,0.02501604,-0.99888664,0.14085904,0.9898444,0.019149572
1356594493871,0.9839789,-0.15479305,-0.088456325,-0.08371954,0.036869735,-0.995807,0.15740538,0.9872586,0.02331984
1356594493910,0.9780971,-0.17457974,-0.11334935,-0.10596946,0.051059872,-0.9930576,0.17915532,0.9833183,0.03144139
1356594493952,0.9727777,-0.20292267,-0.11191912,-0.10039126,0.06627163,-0.99273854,0.20886622,0.97694963,0.044095904
1356594493990,0.9686073,-0.23731464,-0.07403846,-0.058415018,0.072213024,-0.99567705,0.24163531,0.96874505,0.05608332
1356594494035,0.96160245,-0.27444366,0.0011859983,0.016532928,0.053613782,-0.9984248,0.27394778,0.9601074,0.0560925
1356594494070,0.9466307,-0.2978021,0.12330534,0.12865694,-0.0016446747,-0.9916878,0.29552948,0.9546262,0.03675741
1356594494109,0.9306197,-0.28211263,0.23315108,0.2175566,-0.08585912,-0.9722641,0.2943061,0.95553166,-0.018526733
1356594494152,0.92377436,-0.22609702,0.30906484,0.2717577,-0.1815573,-0.9450845,0.26979378,0.9570356,-0.10627437
1356594494189,0.9180008,-0.15546206,0.364837,0.3163529,-0.26771462,-0.9100822,0.23915547,0.9508735,-0.19658136
1356594494231,0.90530604,-0.091196895,0.4148543,0.36535022,-0.33098876,-0.8700378,0.21665685,0.93921757,-0.26632732
1356594494269,0.876565,-0.04043539,0.47958195,0.43433547,-0.3628052,-0.8244544,0.20733196,0.93098736,-0.3004598
1356594494309,0.8277434,-0.0046155453,0.5610877,0.52139324,-0.36318034,-0.7721716,0.20734003,0.9317074,-0.29821363
1356594494349,0.75613916,0.015828133,0.6542193,0.61911356,-0.34119132,-0.70730954,0.21201861,0.9398605,-0.26778752
1356594494390,0.65812576,0.019104272,0.75266564,0.7201706,-0.30755043,-0.621906,0.21960154,0.95134,-0.21616521
1356594494439,0.5328394,0.0030575395,0.8462109,0.8145315,-0.2729309,-0.5119055,0.22939187,0.9620288,-0.14791882
1356594494480,0.4247926,-0.026712298,0.90489656,0.87343377,-0.25073946,-0.41742456,0.2380436,0.96768606,-0.083180845
1356594494519,0.3450537,-0.062066674,0.93652844,0.9060994,-0.23820826,-0.34962916,0.24478921,0.96922874,-0.025956035
1356594494559,0.3167989,-0.10043064,0.9431608,0.91562235,-0.22712997,-0.33173448,0.24753633,0.9686721,0.020001993
1356594494600,0.3599636,-0.13939157,0.92249453,0.9008106,-0.20542872,-0.38254327,0.24283019,0.9686945,0.051618546
1356594494640,0.49166662,-0.17477217,0.85306424,0.84016395,-0.16229033,-0.51748085,0.22888535,0.9711418,0.067044556
1356594494678,0.6959782,-0.19317338,0.6915912,0.68790674,-0.09681626,-0.7193129,0.20590931,0.9763764,0.06550325
1356594494718,0.8820479,-0.18310462,0.43412465,0.43595004,-0.03232366,-0.89939016,0.178715,0.9825619,0.05131346
1356594494763,0.97091043,-0.15723006,0.18058728,0.18324487,0.00245139,-0.98306435,0.15412454,0.987559,0.031191677
1356594494800,0.990226,-0.13945657,0.0021088645,0.004104413,0.014023453,-0.9998932,0.1394121,0.9901289,0.0144587755
1356594494839,0.98545384,-0.13704465,-0.10049591,-0.098936416,0.018161356,-0.99492806,0.13817471,0.99039847,0.004338472
1356594494876,0.97635114,-0.1445708,-0.1607412,-0.15886325,0.024518192,-0.9869962,0.14663191,0.9891907,9.713769E-4
1356594494920,0.96886146,-0.15894277,-0.18985432,-0.18669598,0.034712225,-0.9818043,0.16264096,0.98667735,0.003957363
1356594494962,0.9656566,-0.17958783,-0.18776484,-0.18218814,0.04720962,-0.98212963,0.18524282,0.9826085,0.012869511
