1356594715882,0.41429475,-0.06526092,0.9078,0.90289867,-0.09612355,-0.4189681,0.11460322,0.9932277,0.019100532
1356594715929,0.26967326,-0.049735844,0.9616667,0.9561084,-0.10502079,-0.2735462,0.11459997,0.9932256,0.019231498
1356594715972,0.269179,-0.050260544,0.9617779,0.9562491,-0.10486996,-0.27311197,0.11458829,0.9932152,0.01983273
1356594716011,0.26779562,-0.05165419,0.96209013,0.9566394,-0.1044876,-0.27188838,0.11457065,0.99318385,0.021433115
1356594716054,0.26487112,-0.05450815,0.962742,0.9574539,-0.103752315,-0.26929045,0.11456528,0.9931084,0.024708092
1356594716092,0.26048785,-0.058551192,0.9637002,0.9586543,-0.102770984,-0.26536807,0.11457792,0.99298036,0.029359698
1356594716131,0.25469765,-0.06381807,0.96491265,0.960209,-0.10153487,-0.26017147,0.11457601,0.9927829,0.035418034
1356594716170,0.24854392,-0.06911147,0.9661519,0.9618292,-0.100299895,-0.25460663,0.11450118,0.99255407,0.041544467
1356594716209,0.24279815,-0.07394305,0.9672546,0.96332157,-0.09908754,-0.24938571,0.11428326,0.9923276,0.047172695
1356594716250,0.23785111,-0.078222066,0.9681468,0.96460295,-0.09783903,-0.24488544,0.11387789,0.9921235,0.05218205
1356594716292,0.23375124,-0.08223194,0.9688128,0.9656727,-0.09647465,-0.24118224,0.1132988,0.99193275,0.056858093
1356594716329,0.23073867,-0.08592266,0.9692146,0.96647614,-0.09505364,-0.23851335,0.11262113,0.99175704,0.061109662
1356594716371,0.22913957,-0.08876902,0.96933746,0.9669624,-0.09352523,-0.23714289,0.11170852,0.99165165,0.06440598
1356594716415,0.22973797,-0.089705706,0.96910954,0.96698654,-0.09177032,-0.23772937,0.11026117,0.99173135,0.06566107
1356594716450,0.2320467,-0.08880499,0.96864235,0.96663976,-0.08997753,-0.23981604,0.108452916,0.9919766,0.06496343
1356594716494,0.23574147,-0.08579865,0.9680209,0.9660144,-0.08798948,-0.24305162,0.10602915,0.9924195,0.062139988
1356594716537,0.23917815,-0.08176386,0.9675269,0.9654683,-0.08595303,-0.24593288,0.10327038,0.99293834,0.058382392
1356594716569,0.24183363,-0.07718262,0.96724313,0.9651189,-0.08391684,-0.24799874,0.10030919,0.99347913,0.054196477
1356594716610,0.24317062,-0.07260764,0.96726215,0.96508837,-0.081946194,-0.2487754,0.09732649,0.9939884,0.050145894
1356594716651,0.24244317,-0.06897783,0.9677104,0.96555614,-0.07996252,-0.24760315,0.09445965,0.99440837,0.04721561
1356594716689,0.23926464,-0.06720051,0.96862614,0.9666326,-0.07753393,-0.24415126,0.09150854,0.99472237,0.046407104
1356594716750,0.23355532,-0.067840576,0.96997404,0.968349,-0.074101925,-0.23834682,0.08804652,0.9949405,0.048386455
1356594716770,0.22547054,-0.07103586,0.97165674,0.9706361,-0.069443464,-0.23031062,0.08383554,0.99505347,0.053292543
1356594716827,0.21508837,-0.07671112,0.97357714,0.9733872,-0.06389034,-0.22008052,0.079084784,0.9950043,0.06092751
1356594716848,0.20193082,-0.085047305,0.97570014,0.97659796,-0.05781579,-0.20715618,0.07402894,0.99469805,0.071382254
1356594716885,0.1863893,-0.094673395,0.97790396,0.98004866,-0.052007526,-0.19183317,0.069019824,0.9941491,0.08309084
1356594716924,0.16920272,-0.104688644,0.9800055,0.9835155,-0.04641077,-0.17476648,0.06377888,0.9934215,0.09511003
1356594716966,0.15118092,-0.11393082,0.9819186,0.98680234,-0.04090202,-0.1566787,0.058012933,0.99264646,0.10624355
1356594717008,0.1336838,-0.12139234,0.98356116,0.9896908,-0.035110712,-0.1388503,0.05138895,0.9919834,0.115447134
1356594717051,0.11807239,-0.12667915,0.9848915,0.9920486,-0.028470218,-0.12259233,0.043569982,0.99153507,0.12231034
1356594717090,0.10531592,-0.13019997,0.9858785,0.9938324,-0.020837188,-0.108917445,0.034723938,0.99126875,0.12720242
1356594717131,0.095787466,-0.13287386,0.98649347,0.99506855,-0.012859523,-0.098352194,0.025754243,0.9910495,0.13098681
1356594717170,0.089184284,-0.13588443,0.9867023,0.99584484,-0.006155014,-0.09085828,0.018419355,0.99070555,0.13477087
1356594717209,0.08492333,-0.13994929,0.98651016,0.9962851,-0.0022667646,-0.08608636,0.0142838955,0.99015605,0.13923687
1356594717249,0.08388573,-0.14390856,0.98602915,0.9963816,-0.0014636517,-0.08498004,0.01367256,0.9895899,0.14326507
1356594717291,0.08865011,-0.14434257,0.98554873,0.9959537,-0.0018049479,-0.089850366,0.0147480965,0.9895261,0.14359856
1356594717330,0.101857305,-0.13829195,0.98513985,0.9947071,6.9499016E-4,-0.10274887,0.013524681,0.99039125,0.13763079
1356594717372,0.12660131,-0.12112576,0.9845307,0.99194044,0.010335714,-0.12628251,0.0051202774,0.99258333,0.12145811
1356594717411,0.16031063,-0.097111434,0.98227787,0.9870262,0.024773717,-0.15863639,-0.008929253,0.99496514,0.09982303
1356594717449,0.19945249,-0.06772554,0.97756433,0.97953176,0.041404516,-0.19698548,-0.027134657,0.99684453,0.07459754
1356594717491,0.2384899,-0.03925413,0.97035134,0.9701943,0.05383119,-0.23627365,-0.042960435,0.9977782,0.050922334
1356594717530,0.2699306,-0.018171698,0.9627083,0.9615704,0.057211816,-0.26853162,-0.050198615,0.99819666,0.032916605
1356594717569,0.28811038,-0.00762859,0.95756674,0.95646846,0.05082786,-0.28737494,-0.04647875,0.9986782,0.021940589
1356594717610,0.29017994,-0.0066740215,0.9569488,0.9563304,0.038634986,-0.28972304,-0.035038114,0.9992311,0.017593652
1356594717650,0.2752177,-0.013728648,0.9612839,0.9612025,0.023244202,-0.27486244,-0.018570751,0.9996356,0.019593239
1356594717690,0.24198219,-0.027155548,0.9699006,0.9702802,0.0056593716,-0.2419185,0.001080364,0.99961525,0.027717918
1356594717750,0.19107914,-0.04587379,0.98050207,0.98129046,-0.015108585,-0.19193959,0.023618996,0.99883294,0.042128563
1356594717769,0.12654126,-0.06503862,0.9898268,0.99084395,-0.039060593,-0.12923783,0.047068685,0.99711794,0.059500366
1356594717807,0.060535073,-0.07469174,0.99536765,0.99585676,-0.06327349,-0.06531286,0.067858726,0.9951973,0.07055196
1356594717846,0.0028910637,-0.058787912,0.9982663,0.9968232,-0.0792864,-0.007556021,0.07959312,0.9951169,0.05837193
1356594717888,-0.03237444,0.005308628,0.99946165,0.9967327,-0.07386464,0.032678396,0.07399842,0.99725413,-0.0028998852
1356594717927,-0.06269932,0.10181749,0.9928252,0.996395,-0.05057454,0.06811133,0.05714661,0.9935167,-0.098279476
1356594717969,-0.087284714,0.21509498,0.9726846,0.9955426,-0.016180903,0.092914104,0.035724282,0.976459,-0.21272385
1356594718012,-0.12347773,0.30599046,0.9439932,0.99211454,0.017458647,0.12411302,0.021496534,0.95187455,-0.30573332
1356594718049,-0.17588595,0.35068977,0.9198265,0.98423886,0.045198888,0.17097032,0.01838246,0.93540025,-0.35311234
1356594718089,-0.24056578,0.34758985,0.9062612,0.97036636,0.06424761,0.23294064,0.022742689,0.9354429,-0.3527453
1356594718130,-0.30822286,0.3074563,0.9002607,0.9508435,0.06980136,0.30170244,0.029920936,0.94899863,-0.3138572
1356594718170,-0.36893064,0.24459955,0.89669466,0.9287108,0.05836314,0.36618295,0.037234277,0.9678662,-0.24869418
1356594718210,-0.41467083,0.17465287,0.8930535,0.9089543,0.03310865,0.41557905,0.043014288,0.9840733,-0.17248064
1356594718251,-0.4440742,0.10383156,0.8899535,0.8948158,5.5778027E-4,0.44643527,0.04585761,0.99459475,-0.09315783
1356594718290,-0.4545855,0.04091072,0.8897631,0.8895397,-0.030189335,0.45585942,0.04551086,0.9987067,-0.022668123
1356594718332,-0.45090425,-0.0134038925,0.89247173,0.8915897,-0.053670228,0.44965252,0.041872025,0.99846876,0.036150873
1356594718370,-0.43031013,-0.05648336,0.90091217,0.9019551,-0.06692213,0.42661262,0.036194474,0.9961581,0.07974273
1356594718409,-0.3975318,-0.08734465,0.91342175,0.91719925,-0.06681126,0.39278704,0.026719004,0.99393517,0.10667205
1356594718449,-0.34992653,-0.10590306,0.9307717,0.9367126,-0.051220596,0.3463322,0.010997057,0.9930564,0.1171242
1356594718489,-0.28586245,-0.11124259,0.9517919,0.9581961,-0.02078855,0.28535613,-0.011957407,0.9935758,0.11253488
1356594718530,-0.20223033,-0.10252181,0.9739569,0.9785681,0.018272996,0.2051113,-0.038825452,0.99456286,0.09662926
1356594718570,-0.09736496,-0.081835985,0.99187845,0.99328625,0.054564774,0.102005094,-0.062469304,0.9951509,0.07597387
1356594718611,0.025153369,-0.055561304,0.99813837,0.9967903,0.07730326,-0.020816296,-0.07600278,0.99545825,0.05732736
1356594718652,0.15714419,-0.032876104,0.9870283,0.98447037,0.084409714,-0.15392539,-0.07825428,0.9958886,0.045630068
1356594718692,0.28215992,-0.021356523,0.9591297,0.95681226,0.07918215,-0.27971506,-0.06997228,0.9966314,0.042776197
1356594718752,0.39577073,-0.019838274,0.91813505,0.9165493,0.071098745,-0.3935509,-0.057470858,0.997272,0.0463216
1356594718772,0.48087215,-0.03194663,0.87620854,0.87591374,0.062190175,-0.47844288,-0.039206922,0.9975529,0.05788803
1356594718810,0.53238875,-0.05312586,0.8448312,0.8463207,0.053942934,-0.52993524,-0.017419428,0.9971298,0.07368012
1356594718849,0.54292667,-0.08459133,0.8355088,0.8397064,0.04150313,-0.54145235,0.011125922,0.99555105,0.09356502
1356594718891,0.51171374,-0.116925955,0.8511623,0.8580127,0.018455774,-0.5132968,0.04430887,0.9929691,0.10976803
1356594718929,0.46340817,-0.1285238,0.8767751,0.883049,-0.015657723,-0.46901938,0.074008465,0.99158275,0.106236905
1356594718969,0.44050136,-0.097812176,0.8924076,0.89312136,-0.05308661,-0.4466722,0.09106487,0.993788,0.06397341
1356594719009,0.464704,-0.019919455,0.885242,0.8806479,-0.093755215,-0.46440205,0.09224668,0.995396,-0.026026413
1356594719050,0.5101903,0.08097172,0.85624146,0.8559532,-0.1449949,-0.49630696,0.08396381,0.9861136,-0.143283
1356594719090,0.53581345,0.16671261,0.8277142,0.8409246,-0.19340615,-0.50541043,0.075826764,0.966851,-0.2438223
1356594719135,0.52567035,0.2163569,0.8227153,0.8476615,-0.21473128,-0.48513976,0.07169935,0.9524076,-0.29627526
1356594719170,0.48915678,0.23445332,0.8400936,0.8694364,-0.20763151,-0.44829622,0.06932539,0.9496951,-0.3054066
1356594719212,0.42768788,0.21797585,0.87725115,0.9014455,-0.17470519,-0.39607337,0.06692591,0.96018994,-0.27121264
1356594719250,0.36416125,0.18187702,0.9134042,0.9291043,-0.13879788,-0.34278327,0.0644342,0.97347623,-0.21952748
1356594719289,0.30234197,0.13055182,0.94421685,0.9511864,-0.105667025,-0.28996366,0.061917275,0.9857945,-0.15612668
1356594719330,0.25530985,0.071239054,0.9642312,0.96502584,-0.08016303,-0.24959764,0.059514582,0.9942328,-0.08921391
1356594719369,0.23283389,0.0119381845,0.9724432,0.9708351,-0.061627895,-0.23169228,0.057163596,0.9980278,-0.025939077
1356594719410,0.24339235,-0.03994435,0.9691051,0.9684549,-0.045036852,-0.24508539,0.053435236,0.99818647,0.027722687
1356594719449,0.2968257,-0.07707998,0.9518157,0.9538752,-0.02294004,-0.2993257,0.044906676,0.99676096,0.06671542
1356594719490,0.3978053,-0.09138137,0.91290766,0.9170727,0.010331064,-0.39858612,0.026991963,0.99576235,0.087913096
1356594719529,0.5443617,-0.07593754,0.8354064,0.8388499,0.050579444,-0.5420079,-0.0010956228,0.99582887,0.09123373
1356594719573,0.70744026,-0.030101568,0.7061319,0.70586,0.080861926,-0.70372087,-0.03591609,0.9962707,0.07845247
1356594719611,0.83715045,0.02307877,0.54648554,0.5429597,0.085740365,-0.8353702,-0.06613515,0.9960501,0.05924675
1356594719650,0.91163605,0.061052725,0.40643865,0.40226555,0.070230275,-0.91282535,-0.08427477,0.99566066,0.03946504
1356594719701,0.9484242,0.0744713,0.3081324,0.30486497,0.052135438,-0.95096755,-0.08688442,0.9958594,0.026742816
1356594719734,0.96557224,0.07232562,0.24987859,0.24741426,0.041377038,-0.96802586,-0.0803523,0.99652237,0.022058131
1356594719766,0.9716306,0.057289228,0.22946018,0.22735758,0.04094553,-0.9729501,-0.06513492,0.9975176,0.026758788
1356594719810,0.96773434,0.0331764,0.24977906,0.24804348,0.04894823,-0.9675115,-0.0443248,0.9982502,0.039139688
1356594719866,0.94811153,-3.5268068E-4,0.3179378,0.31737784,0.0603846,-0.94637465,-0.018864766,0.99817514,0.05736327
1356594719886,0.894116,-0.047514096,0.4453078,0.4476474,0.066008985,-0.8917705,0.012977347,0.99668705,0.080289245
1356594719927,0.76909715,-0.104326636,0.6305597,0.63709664,0.04647042,-0.76938176,0.050964653,0.99345684,0.10220641
1356594719963,0.56529695,-0.14147496,0.81266487,0.8200786,-0.009836614,-0.5721665,0.08894107,0.989893,0.11045994
1356594720033,0.44707754,-0.08179578,0.8907475,0.8874912,-0.08381006,-0.45313925,0.111718476,0.99311894,0.035123467
1356594720075,0.3282898,0.046600252,0.94342685,0.9377413,-0.13602096,-0.31959268,0.113432765,0.98960936,-0.088353276
1356594720121,0.292559,0.1926763,0.936635,0.9512818,-0.15833333,-0.26456296,0.097325474,0.96840405,-0.2296113
1356594720160,0.26864642,0.30746284,0.91285026,0.9600878,-0.16206318,-0.22796258,0.07784942,0.9376577,-0.33872902
1356594720201,0.22318435,0.3714426,0.901232,0.97281575,-0.14348274,-0.18177518,0.061792225,0.917302,-0.3933683
1356594720240,0.15950981,0.3925756,0.90578204,0.98594534,-0.1095278,-0.12615624,0.04968244,0.91317475,-0.40452886
1356594720279,0.08062953,0.37722152,0.9226066,0.9959515,-0.06739879,-0.059482396,0.039744526,0.9236674,-0.3811286
1356594720320,0.0010767579,0.3358228,0.9419246,0.9994987,-0.030164182,0.009611845,0.03164029,0.9414421,-0.33568692
1356594720359,-0.068056524,0.27801776,0.95816195,0.9973606,-0.0053964853,0.07240659,0.02530104,0.96056074,-0.27691668
1356594720399,-0.118465245,0.21231166,0.9699947,0.992743,0.004985094,0.120152354,0.020674229,0.9771893,-0.21136147
1356594720440,-0.1443342,0.14596981,0.9787034,0.98937625,0.0039142966,0.14532438,0.017382056,0.9892813,-0.14498407
1356594720480,-0.1418798,0.08384934,0.9863262,0.9897872,-0.001907587,0.1425398,0.013833404,0.9964766,-0.082722425
1356594720520,-0.10264689,0.030706257,0.99424386,0.9946877,-0.004619062,0.10283533,0.0077501833,0.9995178,-0.030068994
1356594720559,-0.03086871,-0.010898262,0.99946404,0.9995128,0.0042774677,0.03091687,-0.004612118,0.9999314,0.010760963
1356594720600,0.091413945,-0.03567949,0.9951736,0.9955617,0.025725335,-0.090527296,-0.022371173,0.99903214,0.03787279
1356594720643,0.2631137,-0.036361873,0.9640794,0.9637713,0.05524656,-0.26094595,-0.04377365,0.9978105,0.049580574
1356594720680,0.46762246,-0.018295795,0.883739,0.8818996,0.07735455,-0.46504775,-0.05985281,0.9968358,0.052307785
1356594720757,0.64150125,0.002652645,0.7671174,0.76439774,0.08199108,-0.63951045,-0.064593166,0.99662954,0.050569713
1356594720758,0.7591882,0.010165393,0.6507919,0.64847416,0.07392213,-0.757639,-0.055809617,0.99721223,0.049528807
1356594720797,0.8283614,0.0021601915,0.56019,0.5589202,0.06421599,-0.82673126,-0.037759066,0.9979337,0.051986665
1356594720839,0.8637663,-0.016998187,0.50360584,0.5036793,0.058205336,-0.8619276,-0.014661327,0.9981599,0.058837444
1356594720881,0.87395275,-0.044017777,0.4840136,0.48587966,0.055979885,-0.87223125,0.011298597,0.9974612,0.0703111
1356594720920,0.85695493,-0.07934521,0.50924706,0.51378745,0.053627968,-0.85623974,0.040628657,0.9954036,0.08672333
1356594720960,0.8008205,-0.12089859,0.58657473,0.5944902,0.04177423,-0.803017,0.07257992,0.9917855,0.10532668
1356594721002,0.6947398,-0.15799856,0.70169306,0.71145886,0.007650852,-0.7026862,0.10565475,0.98740983,0.117724776
1356594721040,0.5486428,-0.16507399,0.8195985,0.8254929,-0.04838884,-0.5623344,0.13248616,0.9850935,0.10971919
1356594721082,0.46711537,-0.11442137,0.8767616,0.87256986,-0.10062191,-0.47801372,0.14291638,0.98832333,0.05283861
1356594721120,0.44949746,-0.020937383,0.8930362,0.88255066,-0.14408517,-0.44759783,0.13804477,0.98934376,-0.04628764
1356594721162,0.50546694,0.09746319,0.85732377,0.854571,-0.1938256,-0.48180926,0.1192126,0.9761827,-0.18126167
1356594721198,0.5383882,0.19993731,0.818635,0.8367404,-0.24213381,-0.49115857,0.10001829,0.9494189,-0.29765758
1356594721239,0.5275148,0.2701981,0.80543226,0.8450645,-0.2641418,-0.46486023,0.08714396,0.9258629,-0.36767355
1356594721279,0.46229607,0.30953243,0.8309465,0.88303304,-0.24613525,-0.39958757,0.08083993,0.91848093,-0.3871147
1356594721319,0.34226394,0.31845638,0.8839914,0.936226,-0.19528727,-0.29213616,0.07959968,0.9276035,-0.36498696
1356594721359,0.1781382,0.29596055,0.93844247,0.98054266,-0.13332945,-0.1440812,0.082479626,0.9458492,-0.31395304
1356594721399,0.0050000846,0.24875683,0.968553,0.99614245,-0.08609423,0.016969353,0.08760804,0.96473193,-0.24822778
1356594721441,-0.14945954,0.18691611,0.9709398,0.9844148,-0.06391162,0.16383749,0.09267825,0.98029464,-0.17445076
1356594721480,-0.25709987,0.12590608,0.95814776,0.96169865,-0.06418741,0.26648733,0.095053405,0.9899634,-0.10458112
1356594721520,-0.32480717,0.07078108,0.943128,0.94122756,-0.07353479,0.32967144,0.09268725,0.99477774,-0.04273647
1356594721560,-0.34916115,0.02429068,0.9367478,0.93320227,-0.08163333,0.34995642,0.084970504,0.9963664,0.0058350563
1356594721602,-0.33346117,-0.0126128495,0.94267946,0.940182,-0.07840091,0.33152866,0.069725335,0.99684215,0.038001955
1356594721640,-0.26317436,-0.04032713,0.9639051,0.96347684,-0.062265158,0.2604524,0.049514383,0.9972446,0.05524081
1356594721679,-0.12998086,-0.053853482,0.99005294,0.99126136,-0.02970934,0.12852347,0.022492379,0.99810684,0.05724448
1356594721751,0.10065961,-0.04763758,0.9937798,0.9948895,0.0127571225,-0.10016051,-0.007906407,0.99878323,0.04867822
1356594721758,0.4045482,-0.019242078,0.9143142,0.9138373,0.047033817,-0.40334734,-0.03524244,0.9987079,0.036611587
1356594721797,0.65653616,0.013521373,0.7541734,0.75247115,0.057738498,-0.6560895,-0.052416116,0.9982402,0.027732953
1356594721840,0.7857835,0.028950632,0.6178237,0.61590683,0.054777585,-0.7859124,-0.056595564,0.9980788,0.025212437
1356594721881,0.82358503,0.022174627,0.5667592,0.56519043,0.05180466,-0.8233323,-0.047617882,0.99841106,0.030132644
1356594721919,0.8028629,0.0018821657,0.59616077,0.5953113,0.050927885,-0.80187964,-0.031870484,0.9987006,0.039767623
1356594721961,0.7224929,-0.03186816,0.69064355,0.6913217,0.04609178,-0.72107553,-0.008853644,0.9984288,0.05533214
1356594722000,0.556284,-0.07224485,0.8278458,0.83078814,0.026270509,-0.5559685,0.018417925,0.99704087,0.07463403
1356594722045,0.3241834,-0.11106336,0.93945205,0.94443893,-0.018925488,-0.3281417,0.054224104,0.99363315,0.09875724
1356594722080,0.08896005,-0.12654081,0.98796433,0.99184346,-0.07965028,-0.09951106,0.09128386,0.98875844,0.118422955
1356594722119,-0.055429995,-0.11284569,0.9920652,0.9906086,-0.13059503,0.040493637,0.12498924,0.98499286,0.11902475
1356594722159,-0.124937415,-0.06627032,0.98994887,0.981184,-0.15628594,0.11336899,0.1472021,0.98548615,0.08454937
1356594722199,-0.14054853,0.016132116,0.98994243,0.97825485,-0.15177035,0.14136237,0.15252435,0.9882842,0.005549729
1356594722239,-0.12971401,0.12713197,0.98336756,0.9811909,-0.1265347,0.14578557,0.14296412,0.9837817,-0.10832739
1356594722279,-0.13010758,0.23308054,0.96371436,0.98290336,-0.097394645,0.15625378,0.13028035,0.9675679,-0.21642387
1356594722320,-0.1574232,0.30307293,0.9398748,0.9798337,-0.070663154,0.1869022,0.12305957,0.95034385,-0.28583705
1356594722360,-0.20842198,0.32777357,0.9214797,0.9705169,-0.04731527,0.23634344,0.12106717,0.9435708,-0.30824828
1356594722401,-0.27351916,0.30802512,0.9112123,0.95418847,-0.032568276,0.29742864,0.121292114,0.9508207,-0.285006
1356594722440,-0.33076668,0.26501647,0.90573704,0.9358554,-0.031476974,0.35097566,0.121524185,0.96373,-0.23760557
1356594722480,-0.37624454,0.20707723,0.90308315,0.9185337,-0.044339,0.3928485,0.12139171,0.97731936,-0.17352515
1356594722520,-0.40124166,0.1470648,0.9040891,0.9080386,-0.065763175,0.41369197,0.120295316,0.98693824,-0.107153594
1356594722559,-0.40826106,0.0891051,0.9085061,0.905367,-0.08777398,0.41545922,0.1167627,0.99214727,-0.04483813
1356594722600,-0.39549243,0.03707859,0.9177206,0.91198635,-0.10265452,0.39716876,0.10893458,0.9940258,0.0067839026
1356594722639,-0.3627771,-0.0062165856,0.9318552,0.92703116,-0.10424262,0.36020365,0.094899744,0.99453247,0.043579757
1356594722682,-0.308115,-0.03840372,0.9505737,0.94860256,-0.088271976,0.3039098,0.07223776,0.99535584,0.06362784
1356594722754,-0.22576141,-0.057974577,0.9724561,0.97321486,-0.05790633,0.22248536,0.043412834,0.9966373,0.069494665
1356594722758,-0.11615771,-0.060664743,0.99137634,0.9931915,-0.015964031,0.11539349,0.008826077,0.9980304,0.062106073
1356594722798,0.024291515,-0.046464503,0.9986245,0.999389,0.026239514,-0.02308923,-0.02513057,0.99857527,0.047073513
1356594722840,0.18049833,-0.021355927,0.98334336,0.9822573,0.05565241,-0.17909035,-0.050900787,0.99822176,0.031022161
1356594722880,0.32368654,0.0014656186,0.94616324,0.94407725,0.06588447,-0.32307497,-0.06281096,0.9978262,0.019942254
1356594722938,0.42542168,0.009465218,0.90494573,0.9031182,0.05992976,-0.42518938,-0.05825773,0.99815774,0.01694721
1356594722957,0.48082793,0.003566146,0.8768077,0.8756703,0.049125865,-0.48040396,-0.04478708,0.99878615,0.020498335
1356594722996,0.4936784,-0.015154272,0.86951256,0.869311,0.036292017,-0.49293146,-0.024086386,0.99922633,0.031090349
1356594723044,0.45721203,-0.050736606,0.88790935,0.889324,0.01738435,-0.4569471,0.0077481866,0.9985608,0.05306959
1356594723086,0.3735692,-0.089051366,0.9233179,0.92660403,-0.010343313,-0.37589633,0.043024242,0.99597335,0.07865137
1356594723132,0.2790701,-0.12162495,0.9525373,0.95673525,-0.04982534,-0.28666198,0.08232573,0.9913248,0.10245812
1356594723170,0.19376475,-0.13353726,0.97191715,0.9737663,-0.09430164,-0.20708999,0.11930761,0.986547,0.11176178
1356594723212,0.14784014,-0.10404301,0.9835234,0.9780319,-0.13238764,-0.16101938,0.14695925,0.98572236,0.08218512
1356594723248,0.12614882,-0.034539968,0.99140984,0.9785056,-0.16001755,-0.13008174,0.16313595,0.9865097,0.0136114955
1356594723291,0.12395066,0.07263008,0.9896267,0.97814524,-0.17672682,-0.10954231,0.16693753,0.9815765,-0.09294817
1356594723330,0.11057988,0.1762833,0.9781085,0.97995573,-0.18342504,-0.07773027,0.16570708,0.9670985,-0.19303298
1356594723369,0.08174175,0.24538878,0.96597236,0.98317754,-0.17869776,-0.037802517,0.16334087,0.9528124,-0.25586772
1356594723411,0.044623196,0.2691679,0.962059,0.98615193,-0.16584337,6.594062E-4,0.15972856,0.94870687,-0.27284092
1356594723449,0.011616319,0.25378013,0.9671922,0.9879751,-0.15205094,0.028030485,0.15417609,0.9552362,-0.25249475
1356594723489,-0.006679356,0.21235377,0.97717,0.9890495,-0.1426704,0.037765026,0.1474328,0.9667218,-0.20907539
1356594723529,-0.005670935,0.15558746,0.9878059,0.99016404,-0.13722286,0.027298152,0.1397968,0.9782446,-0.15327889
1356594723569,0.01623094,0.09206608,0.9956206,0.99130476,-0.13152528,-0.0039983094,0.13058123,0.98702836,-0.09340033
1356594723610,0.058844626,0.030561805,0.9977992,0.99113595,-0.12104803,-0.054744065,0.1191085,0.9921761,-0.037413985
1356594723650,0.11995089,-0.021042675,0.9925569,0.98726964,-0.10266107,-0.12148842,0.104453355,0.99449384,0.008460432
1356594723689,0.19878402,-0.05669743,0.9784019,0.9762694,-0.07607052,-0.202759,0.08592346,0.9954891,0.040230393
1356594723752,0.29003838,-0.07153854,0.9543375,0.9550861,-0.041643232,-0.2933875,0.06073025,0.9965681,0.056247354
1356594723769,0.3918315,-0.06513637,0.9177283,0.9195561,-0.0045202076,-0.39293268,0.029742569,0.99786615,0.058125407
1356594723809,0.49451256,-0.039571524,0.8682692,0.86916,0.027413368,-0.49377054,-0.0042628944,0.99884063,0.047950283
1356594723850,0.5902249,-0.0060159266,0.8072164,0.8065443,0.045867264,-0.5893916,-0.033479065,0.9989294,0.031924114
1356594723889,0.67112994,0.021307856,0.74103355,0.73961306,0.048939317,-0.6712507,-0.05056861,0.9985745,0.01708506
1356594723929,0.7352668,0.033291876,0.67695963,0.6757147,0.041865177,-0.7359734,-0.052842915,0.99856836,0.008286297
1356594723969,0.78419673,0.029542625,0.6198086,0.61901194,0.032173574,-0.7847223,-0.04312426,0.9990456,0.0069431663
1356594724010,0.8195449,0.013238192,0.5728619,0.5724639,0.024914645,-0.8195513,-0.025122017,0.9996019,0.012840301
1356594724050,0.8421867,-0.011091828,0.5390719,0.53918064,0.021802276,-0.8419078,-0.0024146736,0.9997007,0.02434209
1356594724092,0.85075474,-0.04572691,0.5235699,0.5248396,0.021669686,-0.85092527,0.027564585,0.9987189,0.04243487
1356594724130,0.8417842,-0.08600709,0.5329185,0.5362108,0.019346155,-0.8438623,0.062268242,0.9961066,0.06240323
1356594724170,0.8149662,-0.12693553,0.56543565,0.5705049,0.004410982,-0.8212824,0.10175577,0.99190116,0.076012135
1356594724220,0.7712776,-0.14218,0.62041575,0.6218821,-0.039362073,-0.782121,0.13562284,0.98905784,0.05806011
1356594724260,0.71376497,-0.113372386,0.69114846,0.68332964,-0.10372363,-0.7227046,0.15362316,0.9881235,0.0034364164
1356594724299,0.67192113,-0.035675794,0.739763,0.72496295,-0.1726311,-0.6668037,0.15149483,0.9843403,-0.090130866
1356594724340,0.6382329,0.062711,0.76728487,0.7572334,-0.23079316,-0.611009,0.13876712,0.9709798,-0.19478667
1356594724379,0.59361976,0.14728102,0.79115355,0.79452145,-0.26347524,-0.5470983,0.12787214,0.95335674,-0.27342203
1356594724419,0.52445924,0.20291457,0.82690275,0.84261847,-0.2630995,-0.4698646,0.12221533,0.9431884,-0.30896455
1356594724461,0.4206826,0.22631043,0.8785269,0.8992639,-0.23189533,-0.37087572,0.119793266,0.9460486,-0.30106714
1356594724500,0.28631687,0.2246418,0.9314283,0.9507594,-0.18700075,-0.24715835,0.11865568,0.9563299,-0.2671218
1356594724541,0.13059291,0.19682136,0.97170305,0.9843664,-0.14257595,-0.10341561,0.1181871,0.9700172,-0.21236378
1356594724580,-0.017594934,0.15552208,0.98767567,0.99291253,-0.1134066,0.035545528,0.11753714,0.981301,-0.1524244
1356594724619,-0.14034766,0.10942423,0.984037,0.9832727,-0.10113013,0.15148428,0.11609191,0.98883724,-0.09340042
1356594724660,-0.22386026,0.068048745,0.9722427,0.9680947,-0.099727094,0.22988522,0.11260232,0.9926852,-0.043552697
1356594724703,-0.2686466,0.035572052,0.96258175,0.957661,-0.097524285,0.27087724,0.10351077,0.9945972,-0.007866383
1356594724741,-0.27727288,0.01259324,0.96070874,0.95712173,-0.08368844,0.27733454,0.0838927,0.9964124,0.011151195
1356594724776,-0.2499227,-7.5390935E-4,0.96826553,0.96682966,-0.05463928,0.24950951,0.05271721,0.9985059,0.014384508
1356594724819,-0.18391412,-0.0033334792,0.9829366,0.9828367,-0.015281916,0.18384355,0.01440838,0.99987763,0.006086886
1356594724860,-0.07760477,0.00409618,0.9969758,0.99678063,0.02052939,0.07750523,-0.020149797,0.9997809,-0.0056761503
1356594724901,0.05314368,0.01652813,0.99845004,0.9977499,0.040047884,-0.05376932,-0.04087448,0.999061,-0.014362633
1356594724940,0.16647649,0.024033546,0.98575246,0.98498714,0.042250812,-0.16737735,-0.045671552,0.9988179,-0.016638935
1356594724981,0.2077046,0.016682714,0.9780493,0.9776174,0.030711949,-0.20813665,-0.03351006,0.99938893,-0.009930253
1356594725027,0.13656965,-0.0024139285,0.9906275,0.99056274,0.012025207,-0.1365313,-0.011582881,0.9999247,0.004033476
1356594725056,-0.036439717,-0.022806555,0.9990756,0.99921143,-0.016607225,0.03606558,0.015769303,0.99960196,0.02339372
1356594725105,-0.26320392,-0.038206518,0.9639833,0.9629801,-0.07073456,0.26012656,0.05824849,0.9967631,0.05540979
1356594725149,-0.4701481,-0.028372943,0.88213134,0.8763948,-0.13319999,0.4628065,0.10436872,0.99068296,0.087489665
1356594725191,-0.5817918,-0.0018687546,0.81333566,0.7995666,-0.18455303,0.57151854,0.14903548,0.98282087,0.10886556
1356594725230,-0.6375135,0.03718683,0.76954126,0.7479563,-0.20966458,0.62976354,0.18476447,0.977066,0.10584986
1356594725270,-0.6583601,0.0908514,0.7472,0.7243608,-0.19336766,0.6617479,0.20460507,0.9769109,0.061496437
1356594725310,-0.664211,0.15541926,0.7312104,0.71682477,-0.14510936,0.6819865,0.21209931,0.9771326,-0.015025139
1356594725349,-0.6649352,0.22094436,0.71347374,0.7158302,-0.084138215,0.69318676,0.21318609,0.97165036,-0.10221219
1356594725390,-0.6786276,0.26627058,0.68451774,0.7031151,-0.033936083,0.71026576,0.21235271,0.9633007,-0.16418892
1356594725429,-0.71140915,0.2768759,0.6459387,0.6713695,-0.003953755,0.74111223,0.20775004,0.96089756,-0.18307328
1356594725470,-0.7539074,0.25713947,0.60456836,0.6265998,0.0048309565,0.7793262,0.19747487,0.96636224,-0.16476566
1356594725508,-0.79285485,0.22109821,0.56788796,0.5813544,-0.005081892,0.8136346,0.18277909,0.97523826,-0.12450725
1356594725550,-0.82119703,0.18059172,0.5413152,0.5459393,-0.027464211,0.8373745,0.16608967,0.9831746,-0.07603866
1356594725589,-0.83646655,0.14301248,0.5290285,0.52714986,-0.05388266,0.84806234,0.14978896,0.98825306,-0.030317962
1356594725629,-0.83948344,0.11007859,0.5321187,0.5265482,-0.07709038,0.84664285,0.13421844,0.99092877,0.0067543387
1356594725669,-0.82911384,0.080840856,0.55320436,0.5466007,-0.09068483,0.83246857,0.11746466,0.9925931,0.031000316
1356594725711,-0.8022029,0.05256632,0.5947329,0.58950925,-0.08809495,0.8029434,0.09460077,0.9947241,0.039681733
1356594725749,-0.7441674,0.024640262,0.66753864,0.6648901,-0.06888926,0.74375767,0.06431258,0.99732,0.03488201
1356594725787,-0.61429983,0.0014802217,0.7890712,0.7886329,-0.032228112,0.61401904,0.026339203,0.9994794,0.018630445
1356594725829,-0.22807693,-0.0015023947,0.973642,0.9735897,0.010122001,0.2280803,-0.010197848,0.99994767,-8.458495E-4
1356594725870,0.5591353,0.03429717,0.82836676,0.82826054,0.021208182,-0.55994177,-0.03677258,0.99918664,-0.016548768
1356594725912,0.9074952,0.05339928,0.4166545,0.4173231,-0.0015187822,-0.9087569,-0.04789415,0.99857205,-0.023663044
1356594725950,0.97355753,0.048364975,0.22326317,0.22401983,-0.010764153,-0.97452515,-0.044729643,0.9987717,-0.021314235
1356594726006,0.988513,0.032761827,0.14754227,0.14780757,-0.0058154464,-0.988999,-0.03154338,0.9994463,-0.010591089
1356594726026,0.99195695,0.011243302,0.12607515,0.12598926,0.008047998,-0.991999,-0.012167998,0.99990445,0.0065667327
1356594726066,0.9900154,-0.016378947,0.14000472,0.14041024,0.026990384,-0.98972553,0.012431882,0.9995015,0.029020667
1356594726103,0.9814644,-0.052003182,0.18445429,0.18687636,0.04632905,-0.98129046,0.04248462,0.9975717,0.055188477
1356594726147,0.9618579,-0.095788695,0.25623012,0.26228464,0.056909084,-0.963311,0.077692494,0.9937735,0.079862356
1356594726191,0.9282314,-0.13837168,0.34531105,0.35394692,0.042826053,-0.93428445,0.114490226,0.9894539,0.088728726
1356594726229,0.88634986,-0.16034423,0.4343658,0.4400499,-6.681681E-5,-0.89797324,0.1440139,0.9870611,0.070500255
1356594726272,0.86338806,-0.1384755,0.48516554,0.47979766,-0.07209322,-0.8744123,0.15606177,0.9877384,0.0041957796
1356594726308,0.8526641,-0.08729832,0.51511455,0.4990033,-0.15602925,-0.8524381,0.1547893,0.9838872,-0.0894784
1356594726349,0.8501471,-0.026087597,0.5258985,0.50562143,-0.23830995,-0.82918954,0.14695847,0.97083867,-0.18940806
1356594726391,0.8403457,0.023245394,0.54155225,0.5230805,-0.29677543,-0.7989438,0.1421476,0.9546644,-0.26155317
1356594726429,0.8197692,0.052099556,0.5703193,0.55481327,-0.31915092,-0.76832604,0.14198847,0.9462707,-0.29053563
1356594726471,0.7889523,0.060015947,0.6115165,0.59750533,-0.30707228,-0.7407388,0.14332362,0.94979197,-0.27812523
1356594726510,0.7511709,0.051526845,0.6580937,0.6442789,-0.27424282,-0.7139297,0.14369091,0.96027905,-0.23920089
1356594726549,0.7096745,0.02944839,0.703914,0.689967,-0.23114337,-0.6859434,0.14250511,0.9724739,-0.18435499
1356594726589,0.67146444,-0.0018741786,0.7410344,0.7278452,-0.18617722,-0.65998435,0.13920066,0.9825144,-0.12364726
1356594726630,0.6446972,-0.03774637,0.7635056,0.7528551,-0.1418581,-0.6427173,0.13256967,0.98916715,-0.06303798
1356594726669,0.6432201,-0.07122257,0.76236165,0.7559012,-0.09956242,-0.6470708,0.121988595,0.992479,-0.010203317
1356594726711,0.67768604,-0.09346381,0.7293875,0.7277508,-0.056998447,-0.68346906,0.10545352,0.9939898,0.029391289
1356594726749,0.7551434,-0.09763053,0.648249,0.6502403,-0.014165759,-0.7595966,0.08334273,0.99512196,0.05278611
1356594726787,0.85498416,-0.07670882,0.5129502,0.5158081,0.022293322,-0.856414,0.05425915,0.9968043,0.058627483
1356594726830,0.9424421,-0.036157653,0.3324086,0.3337235,0.039956037,-0.94182384,0.020772412,0.99854696,0.04972291
1356594726869,0.98844635,0.0062052384,0.15144405,0.15115675,0.033474237,-0.9879429,-0.011199892,0.99942034,0.032149523
1356594726909,0.9994081,0.03341233,0.008186217,0.0077004544,0.014641345,-0.9998632,-0.033527613,0.9993344,0.014375389
1356594726950,0.9950808,0.040847234,-0.09025325,-0.09029839,-7.4228644E-4,-0.9959146,-0.040747344,0.9991652,0.002949804
1356594726990,0.9875821,0.032378394,-0.15373075,-0.15366678,-0.0044699013,-0.9881126,-0.03268066,0.99946564,5.610881E-4
1356594727029,0.9807391,0.016156942,-0.19465286,-0.19471835,0.002568543,-0.9808558,-0.015347652,0.9998661,0.0056651235
1356594727071,0.976664,-0.0052663907,-0.21470839,-0.21457148,0.01936704,-0.9765163,0.009300984,0.9997986,0.017785072
1356594727110,0.9768068,-0.029239833,-0.21211678,-0.21086302,0.04083568,-0.9766623,0.037219375,0.99873793,0.033722967
1356594727151,0.9829773,-0.062002044,-0.17294905,-0.16880688,0.06680098,-0.9833829,0.07252492,0.995838,0.055197477
1356594727198,0.9922764,-0.11316755,-0.050800703,-0.04127706,0.08496514,-0.99552864,0.11697782,0.9899364,0.07963768
1356594727240,0.9545329,-0.17851058,0.23874846,0.2514833,0.05214971,-0.9664557,0.16007188,0.98255503,0.09467104
1356594727279,0.74965537,-0.20081623,0.6306263,0.6334407,-0.058365807,-0.7715869,0.1917542,0.9778887,0.08345094
1356594727320,0.5035554,-0.13413939,0.8534861,0.8396385,-0.15678051,-0.52002597,0.20356601,0.97848165,0.03368096
1356594727359,0.42222652,-0.032444626,0.90590954,0.88561475,-0.1984717,-0.41987568,0.19342014,0.9795695,-0.05506657
1356594727399,0.43648395,0.06917128,0.8970492,0.88328826,-0.22258177,-0.41262496,0.17112496,0.97245705,-0.15825155
1356594727443,0.4427484,0.15113434,0.88381684,0.88387954,-0.23930481,-0.40185824,0.15076706,0.9591098,-0.2395364
1356594727480,0.39751986,0.20443094,0.89453113,0.9070213,-0.23510161,-0.34934157,0.13888955,0.950229,-0.27888075
1356594727522,0.2774641,0.2224896,0.9346187,0.9510933,-0.20109427,-0.23448375,0.13577628,0.95397043,-0.26740485
1356594727558,0.13019007,0.21135938,0.968699,0.98197556,-0.1625067,-0.096517175,0.13702023,0.96380424,-0.22870645
1356594727599,-0.029789895,0.17652583,0.9838451,0.9896097,-0.13330159,0.053882033,0.14065972,0.97522783,-0.17072058
1356594727640,-0.1670872,0.1294527,0.97740674,0.9754708,-0.122392416,0.18296659,0.14331272,0.98400307,-0.10582709
1356594727679,-0.26937306,0.08005461,0.95970273,0.9525449,-0.12454456,0.27775297,0.14176115,0.9889792,-0.04270667
1356594727759,-0.33062565,0.034230858,0.94314104,0.934101,-0.1307553,0.33220235,0.13469225,0.9908236,0.01125598
1356594727761,-0.34838575,-0.0060009956,0.9373319,0.9294043,-0.13214767,0.34459323,0.12179837,0.99121183,0.051615775
1356594727797,-0.3035673,-0.041312248,0.95191395,0.9471266,-0.122041404,0.2967441,0.103913784,0.9916649,0.07617575
1356594727839,-0.14920187,-0.07248643,0.98614633,0.9855027,-0.09236181,0.14231545,0.08076635,0.99308354,0.085216165
1356594727880,0.27024555,-0.09055111,0.9585238,0.9614016,-0.028094113,-0.273711,0.051713645,0.99549556,0.07946366
1356594727919,0.8695744,-0.049615473,0.49130297,0.49335656,0.045048386,-0.8686598,0.02096659,0.9977519,0.063651055
1356594727960,0.999964,0.0058716997,0.0061257044,0.0058716997,0.04234153,-0.9990859,-0.0061257044,0.9990859,0.04230553
1356594728000,0.9809753,0.02656477,-0.19230661,-0.19282874,0.018711805,-0.98105395,-0.022463068,0.9994719,0.02347827
1356594728039,0.9638119,0.026241109,-0.26528844,-0.26548886,0.0044113696,-0.96410376,-0.024128892,0.9996459,0.011218458
1356594728080,0.9572112,0.014196366,-0.28904164,-0.28911337,0.003246693,-0.9572893,-0.012651607,0.99989384,0.007212132
1356594728119,0.9569745,-0.0030544996,-0.29015595,-0.29010093,0.012059927,-0.95692,0.006422177,0.99992263,0.010654926
1356594728159,0.9616638,-0.022602692,-0.27329797,-0.2726602,0.02770868,-0.9617112,0.029309973,0.9993604,0.020483583
1356594728200,0.9726121,-0.045335203,-0.2279703,-0.22585538,0.047366828,-0.97300863,0.054909796,0.9978483,0.03583035
1356594728240,0.9899901,-0.07722222,-0.118136786,-0.113207705,0.06537557,-0.9914182,0.08428278,0.9948682,0.055979013
1356594728279,0.979925,-0.12695867,0.15371558,0.16190436,0.056857795,-0.98516715,0.11633557,0.9902772,0.076271534
1356594728321,0.7400896,-0.16655385,0.65155756,0.65611964,-0.033759654,-0.7539014,0.14756152,0.98545426,0.08429408
1356594728360,0.2996257,-0.11417231,0.94720066,0.9389005,-0.14097625,-0.31399295,0.1693821,0.9834075,0.06495634
1356594728402,0.18686426,-0.024858415,0.98207116,0.9674815,-0.168818,-0.18836138,0.17047366,0.9853337,-0.0074959695
1356594728441,0.230272,0.07862246,0.96994495,0.9606886,-0.17721629,-0.2137095,0.15508771,0.9810264,-0.116339594
1356594728481,0.3386881,0.18587089,0.92235696,0.93188727,-0.20161411,-0.30155888,0.12990919,0.9616672,-0.24149504
1356594728520,0.37448588,0.2721961,0.88638,0.92062896,-0.22303554,-0.32046425,0.11046517,0.93603647,-0.33411527
1356594728559,0.326017,0.32541147,0.8875923,0.9398525,-0.21280083,-0.26719475,0.1019322,0.9213159,-0.37521544
1356594728600,0.20609117,0.34249225,0.91663814,0.9733124,-0.1683805,-0.15591985,0.10094264,0.92430896,-0.36805364
1356594728640,0.045945793,0.32221437,0.9455511,0.9935808,-0.11269227,-0.009877622,0.10337359,0.93993527,-0.32532376
1356594728680,-0.117822856,0.27107087,0.9553211,0.9872017,-0.07214436,0.14222562,0.10747421,0.959852,-0.2591014
1356594728720,-0.24705577,0.20730641,0.9465662,0.96252716,-0.06022978,0.26441243,0.11182585,0.9764203,-0.18465793
1356594728759,-0.33861113,0.1418741,0.930169,0.93388975,-0.069999695,0.35064232,0.11485866,0.9874066,-0.10879207
1356594728795,-0.39006484,0.08243641,0.9170897,0.91362536,-0.08933216,0.39662135,0.11462161,0.99258447,-0.04047066
1356594728841,-0.40910417,0.031210035,0.9119537,0.9059764,-0.10528618,0.41002607,0.10881308,0.99395204,0.014797568
1356594728880,-0.39232928,-0.010682195,0.91976285,0.9147073,-0.10986227,0.38889694,0.09689295,0.99388945,0.052873254
1356594728921,-0.33910298,-0.04146856,0.93983483,0.9376877,-0.09543121,0.3341176,0.075834185,0.99457186,0.07124555
1356594728960,-0.22857618,-0.061058402,0.9716095,0.9722693,-0.065014064,0.2246457,0.04945174,0.9960146,0.07422584
1356594728999,-0.04369414,-0.06220424,0.99710655,0.9988626,-0.021785975,0.042412013,0.019084722,0.9978256,0.06308544
1356594729055,0.22697136,-0.041101098,0.97303367,0.9738594,0.018848807,-0.22636771,-0.009036511,0.99897707,0.044304907
1356594729084,0.5038279,-0.008105427,0.8637661,0.86334705,0.037246406,-0.5032341,-0.028093308,0.99927324,0.025763541
1356594729116,0.68361163,0.012899309,0.7297319,0.7290809,0.033697918,-0.68359745,-0.033408374,0.99934876,0.013631657
1356594729153,0.7634557,0.013572097,0.64571756,0.6453231,0.024734817,-0.7635093,-0.026334167,0.99960196,0.010125533
1356594729198,0.77437675,-0.0034062862,0.6327156,0.6326653,0.017884344,-0.7742189,-0.008678526,0.9998343,0.016004235
1356594729239,0.73016244,-0.028284699,0.6826879,0.6831535,0.011489525,-0.7301843,0.012809336,0.9995338,0.027712032
1356594729281,0.621576,-0.06140074,0.7809438,0.78234565,-0.0019045323,-0.6228416,0.03973025,0.99811137,0.046852797
1356594729328,0.4104519,-0.098665774,0.9065287,0.9087797,-0.037677407,-0.41557193,0.07515833,0.9944072,0.074200645
1356594729370,0.13274002,-0.114470094,0.9845186,0.98470414,-0.097877264,-0.14414525,0.11286229,0.98859334,0.099726886
1356594729409,-0.078458905,-0.100497276,0.99183893,0.9857216,-0.15650737,0.06211707,0.1489875,0.9825506,0.111341685
1356594729450,-0.19922137,-0.056093305,0.9783478,0.9637196,-0.19218922,0.18522352,0.17763805,0.97975343,0.09234643
1356594729489,-0.24973083,0.019946188,0.96810985,0.94857323,-0.19581711,0.24872571,0.19453359,0.9804376,0.029981136
1356594729528,-0.26296443,0.12043604,0.957259,0.9436101,-0.17472243,0.28119746,0.20112091,0.97722423,-0.067698896
1356594729569,-0.27106065,0.22209299,0.93658996,0.9407563,-0.14481157,0.30660558,0.20372406,0.9642117,-0.16968262
1356594729609,-0.3003469,0.29492798,0.9070884,0.931159,-0.115448534,0.34585354,0.20672384,0.94851947,-0.2399503
1356594729652,-0.35852665,0.32083803,0.8766537,0.9099794,-0.08944565,0.4048913,0.2083174,0.9429011,-0.25988734
1356594729701,-0.4303903,0.30650127,0.8490119,0.87902045,-0.07145643,0.471399,0.2051517,0.94918436,-0.23866671
1356594729755,-0.49518412,0.27028635,0.8256743,0.8460283,-0.06609011,0.5290258,0.19755733,0.96050894,-0.19594306
1356594729766,-0.5488403,0.21980312,0.8065115,0.8152218,-0.07266688,0.574572,0.18489942,0.97283405,-0.13930583
1356594729806,-0.58496666,0.16615325,0.79385585,0.7932995,-0.08648425,0.6026578,0.16878957,0.98230016,-0.0812189
