1356594019600,0.5484891,-0.7009138,0.4559381,0.18702137,-0.4286268,-0.8839129,0.81497407,0.57008684,-0.10401127
1356594019750,0.31709832,-0.29851258,0.90018827,0.48252696,-0.7663561,-0.42410618,0.8164658,0.56884843,-0.09896988
1356594019790,0.3155939,-0.30399084,0.8988827,0.48156613,-0.764926,-0.42776427,0.8176152,0.5678713,-0.095014304
1356594019830,0.31320512,-0.30793917,0.8983741,0.4812563,-0.7640475,-0.42967862,0.81871545,0.56692576,-0.09110591
1356594019870,0.3110835,-0.31215397,0.8976563,0.48090354,-0.76297325,-0.43197632,0.8197309,0.56606686,-0.08723244
1356594019910,0.3102808,-0.3173181,0.8961222,0.48015162,-0.7612616,-0.4358155,0.8204756,0.5654997,-0.083844036
1356594019950,0.3112626,-0.32329178,0.8936431,0.4789878,-0.7588043,-0.44134644,0.8207839,0.56541884,-0.08133459
1356594019990,0.31380528,-0.32944182,0.8905023,0.47765443,-0.75578445,-0.44792414,0.8205927,0.5659133,-0.079809785
1356594020032,0.31735486,-0.33523768,0.8870747,0.47632724,-0.7525129,-0.4547931,0.819999,0.56686866,-0.07913077
1356594020070,0.32124257,-0.3402924,0.88374454,0.47508985,-0.74936247,-0.4612435,0.8192026,0.56802905,-0.07905769
1356594020110,0.32509696,-0.3445019,0.8806988,0.4738146,-0.74662554,-0.46695828,0.8184203,0.56909466,-0.07949567
1356594020150,0.32906562,-0.34801298,0.8778398,0.4721406,-0.7444406,-0.47211376,0.81780136,0.5698202,-0.08065876
1356594020190,0.3336056,-0.35105562,0.8749099,0.46975487,-0.7427419,-0.47714233,0.8173357,0.5701705,-0.08287275
1356594020230,0.33908343,-0.3537773,0.8717018,0.4667592,-0.7412371,-0.4823934,0.81679755,0.5704465,-0.08621243
1356594020269,0.34544408,-0.3561467,0.8682326,0.46375614,-0.73953545,-0.4878704,0.8158423,0.57118016,-0.090302914
1356594020310,0.35212928,-0.35798335,0.86478496,0.46157062,-0.73737365,-0.4931863,0.8142221,0.57282466,-0.09441626
1356594020350,0.35852075,-0.3590945,0.8616925,0.46075487,-0.7347209,-0.4978857,0.8118915,0.57553136,-0.09795815
1356594020389,0.3645574,-0.3594627,0.859002,0.4611837,-0.7317027,-0.501917,0.8089546,0.5791353,-0.100969285
1356594020430,0.3716485,-0.3608272,0.8553836,0.46132874,-0.7277894,-0.50744295,0.8056384,0.58320343,-0.10402185
1356594020470,0.37688464,-0.35847318,0.8540813,0.4628889,-0.7257875,-0.50888723,0.802304,0.58713657,-0.10760489
1356594020510,0.38248867,-0.3567729,0.8523002,0.46334797,-0.72400403,-0.5110058,0.7993818,0.59036547,-0.11161336
1356594020550,0.38734323,-0.35543627,0.8506646,0.46306795,-0.7228525,-0.5128863,0.7972034,0.59257853,-0.11540091
1356594020590,0.39074457,-0.35433865,0.8495663,0.462583,-0.7223466,-0.51403546,0.7958239,0.59385145,-0.11834198
1356594020641,0.39278626,-0.3534651,0.8489884,0.46218517,-0.7222492,-0.5145298,0.79504955,0.5944902,-0.12032324
1356594020672,0.39404863,-0.35276815,0.8486933,0.46187338,-0.7223324,-0.51469296,0.79460603,0.5948029,-0.1216999
1356594020712,0.39498734,-0.35198158,0.8485835,0.46159726,-0.7225899,-0.51457924,0.79430026,0.5949561,-0.12294012
1356594020752,0.3955735,-0.35056487,0.8488968,0.4614795,-0.72327036,-0.5137282,0.794077,0.59496576,-0.12432808
1356594020781,0.3951565,-0.34774303,0.8502506,0.4620564,-0.72472864,-0.51114804,0.7939491,0.59484714,-0.12570435
1356594020826,0.39418256,-0.34402555,0.8522128,0.4626456,-0.726948,-0.50745016,0.79409015,0.59430045,-0.12738836
1356594020860,0.39052993,-0.33657125,0.8568584,0.46516714,-0.7310617,-0.4991677,0.7944218,0.59352225,-0.1289396
1356594020900,0.38534462,-0.32762235,0.8626547,0.468354,-0.7360481,-0.48875123,0.79508114,0.59236544,-0.13018894
1356594020941,0.37741923,-0.3161985,0.8703868,0.47290233,-0.74229336,-0.47472513,0.7961897,0.59077835,-0.13062477
1356594020980,0.36595643,-0.30282885,0.8799833,0.47865176,-0.7496711,-0.4570402,0.798103,0.58846235,-0.12939739
1356594021020,0.35000485,-0.28808448,0.89134943,0.48527178,-0.7581418,-0.43558264,0.8012539,0.5850028,-0.12555405
1356594021060,0.32951093,-0.27273238,0.9039025,0.49212366,-0.7674197,-0.41095176,0.80575234,0.5802449,-0.118655115
1356594021100,0.3061664,-0.2578514,0.9163922,0.49829087,-0.7768128,-0.38505584,0.81115246,0.57452106,-0.10934898
1356594021140,0.28272283,-0.24472816,0.9274567,0.50296766,-0.78549206,-0.36059093,0.81675655,0.568428,-0.09898618
1356594021180,0.26171917,-0.23449895,0.9362229,0.5059272,-0.792744,-0.3399922,0.8219129,0.5626431,-0.08883691
1356594021220,0.24503094,-0.22797744,0.9423301,0.50743055,-0.79804665,-0.3250165,0.8261199,0.55780625,-0.0798634
1356594021260,0.23397005,-0.22557592,0.9457132,0.5076447,-0.8012445,-0.3167082,0.82918924,0.5541866,-0.072954774
1356594021300,0.22945517,-0.2272737,0.9464126,0.5063251,-0.80256057,-0.3154859,0.83125514,0.5515824,-0.06907728
1356594021340,0.23172826,-0.232464,0.94459647,0.503298,-0.80231136,-0.32091683,0.83246213,0.54977906,-0.06891954
1356594021379,0.24004966,-0.2399025,0.9406502,0.49888867,-0.800746,-0.33153555,0.8327582,0.5488647,-0.072534174
1356594021420,0.24942517,-0.24283704,0.9374525,0.49525455,-0.79988754,-0.33897316,0.83217186,0.5488261,-0.079245925
1356594021460,0.26566368,-0.25285596,0.9303154,0.48852253,-0.79661477,-0.35602066,0.8311249,0.5490618,-0.08810577
1356594021500,0.28109747,-0.25971994,0.9238668,0.4812831,-0.79471874,-0.36984962,0.83027154,0.54860526,-0.0983946
1356594021540,0.29389346,-0.26229578,0.919145,0.47388113,-0.7951286,-0.37842718,0.8300984,0.54678273,-0.10938606
1356594021580,0.3032393,-0.26063,0.9165794,0.46689522,-0.797865,-0.38134015,0.83069533,0.54358387,-0.12025711
1356594021641,0.30845815,-0.25496668,0.9164309,0.46123153,-0.80249274,-0.37851137,0.8319369,0.53944176,-0.12993675
1356594021662,0.30789852,-0.24512221,0.9193006,0.45774174,-0.8088978,-0.36899444,0.83406895,0.53441507,-0.13685578
1356594021702,0.29819036,-0.23025665,0.9263177,0.45642862,-0.8179262,-0.35024223,0.8383051,0.5272367,-0.13880199
1356594021742,0.27553797,-0.20933372,0.9382208,0.4556135,-0.8309759,-0.31921068,0.8464604,0.51542073,-0.13359013
1356594021772,0.24561596,-0.18485624,0.9515781,0.4533732,-0.84576046,-0.2813219,0.8568112,0.5005172,-0.12392342
1356594021812,0.20208806,-0.1568404,0.9667272,0.4447844,-0.8647262,-0.23327121,0.87254065,0.4771265,-0.10499066
1356594021841,0.15968448,-0.12972991,0.97860664,0.43277794,-0.8817834,-0.18751314,0.88724524,0.45346233,-0.084662884
1356594021872,0.12188411,-0.10675806,0.98678625,0.4191264,-0.89567316,-0.14866969,0.8997096,0.4317086,-0.0644232
1356594021912,0.08856648,-0.088447645,0.9921355,0.40709037,-0.90585095,-0.11709584,0.90908384,0.4142596,-0.04422185
1356594021942,0.06546497,-0.07855736,0.99475783,0.39923114,-0.91156965,-0.09826128,0.9145102,0.40357095,-0.028313339
1356594021971,0.051525295,-0.0754873,0.9958147,0.3971482,-0.9133521,-0.08978544,0.916307,0.4001122,-0.017081141
1356594022002,0.04635632,-0.07975268,0.9957362,0.40034363,-0.9117688,-0.0916653,0.9151918,0.4028859,-0.01033771
1356594022032,0.049366295,-0.09143983,0.9945862,0.40769356,-0.90721774,-0.10364327,0.91178334,0.4106029,-0.0075065494
1356594022062,0.06002575,-0.11066009,0.992044,0.4180472,-0.89969313,-0.1256534,0.90644,0.42226362,-0.007743567
1356594022102,0.08054769,-0.13843209,0.987091,0.43407875,-0.88659596,-0.15975973,0.8972668,0.44134352,-0.011322826
1356594022132,0.11098182,-0.18051457,0.97729087,0.44943917,-0.8679474,-0.21135649,0.8863901,0.46268955,-0.015195997
1356594022172,0.14793634,-0.2286872,0.96219385,0.46821323,-0.8407692,-0.27181524,0.8711436,0.49072325,-0.01730594
1356594022202,0.19252247,-0.2889825,0.9377762,0.48184687,-0.80466974,-0.34688643,0.8548442,0.5186479,-0.01567167
1356594022232,0.23332566,-0.3493001,0.9074958,0.4906813,-0.7634303,-0.42000726,0.83951837,0.5432897,-0.006732851
1356594022261,0.25835985,-0.40302056,0.87796617,0.49697715,-0.7238883,-0.47853872,0.8284104,0.5599643,0.013268411
1356594022310,0.25050306,-0.4398679,0.86241776,0.5068413,-0.6993966,-0.5039407,0.8248394,0.5633477,0.047742248
1356594022331,0.15398723,-0.42475772,0.89211476,0.5275469,-0.728079,-0.43771574,0.8354533,0.538035,0.11196482
1356594022371,-0.018354595,-0.34409207,0.93875647,0.52653605,-0.8014959,-0.2834857,0.8499546,0.4890859,0.19588798
1356594022408,-0.20493883,-0.21220477,0.9554943,0.4748724,-0.8751785,-0.09251472,0.85586,0.434778,0.28012812
1356594022451,-0.34133822,-0.07993953,0.93653506,0.40026325,-0.9138829,0.06787762,0.85045725,0.39802977,0.34394002
1356594022490,-0.41355115,0.016170487,0.9103372,0.34908217,-0.9206189,0.17493537,0.84090245,0.3901272,0.37507826
1356594022530,-0.42845792,0.05746062,0.9017328,0.34810418,-0.9104439,0.22341725,0.83381486,0.40962186,0.3700847
1356594022570,-0.3821019,0.022867143,0.92383724,0.4053708,-0.8942324,0.18979694,0.8304654,0.44701844,0.33241823
1356594022642,-0.22051942,-0.1501469,0.96375674,0.5147588,-0.85719013,-0.015761375,0.82848924,0.4926266,0.26631653
1356594022652,0.058826804,-0.41851735,0.90630156,0.562629,-0.73604405,-0.3764143,0.82461387,0.5320548,0.19217089
1356594022689,0.32583094,-0.62228006,0.71175957,0.47238666,-0.5449756,-0.69271374,0.81895363,0.5619333,0.11638695
1356594022730,0.45283633,-0.67931026,0.5774746,0.36748248,-0.4479109,-0.815066,0.8123398,0.58130324,0.04680425
1356594022770,0.49140477,-0.65911144,0.56929207,0.328826,-0.46486986,-0.822052,0.80647063,0.5911583,-0.011706263
1356594022810,0.47540987,-0.5815573,0.6601337,0.35774145,-0.55772585,-0.74897456,0.80374527,0.5922271,-0.05710119
1356594022850,0.40256476,-0.43374145,0.8061079,0.43239355,-0.68607837,-0.58509165,0.8068317,0.58409315,-0.08864397
1356594022890,0.28111959,-0.23158462,0.9313111,0.5020047,-0.79159737,-0.3483746,0.8179017,0.56545746,-0.10627696
1356594022930,0.15500575,-0.038866773,0.9871487,0.52441674,-0.8435834,-0.11556004,0.8372337,0.53558975,-0.11037791
1356594022970,0.060005844,0.1014249,0.9930319,0.50386655,-0.8618602,0.05758038,0.86169475,0.4969004,-0.10282126
1356594023010,-0.0010921359,0.19109008,0.98157185,0.46527943,-0.86875516,0.1696449,0.8851631,0.45689052,-0.087961435
1356594023050,-0.039281785,0.24567062,0.9685571,0.4293844,-0.8710977,0.23836498,0.9022671,0.42524672,-0.071268864
1356594023090,-0.063779056,0.27681297,0.9588049,0.40774912,-0.8696796,0.27820513,0.9108638,0.4086955,-0.05740291
1356594023130,-0.07902259,0.29083607,0.95350397,0.402903,-0.865574,0.2974068,0.9118248,0.40767145,-0.048778832
1356594023170,-0.08610237,0.29088283,0.95287645,0.41174418,-0.8605385,0.29990038,0.90722275,0.41816345,-0.045674905
1356594023210,-0.08488804,0.27855206,0.95666236,0.4309821,-0.8553991,0.28730974,0.89835876,0.43669346,-0.047437802
1356594023250,-0.07473898,0.25389576,0.9643397,0.4594807,-0.8495031,0.25927207,0.8850376,0.46247318,-0.053169206
1356594023291,-0.05463636,0.21547715,0.9749792,0.49692738,-0.8410611,0.21372737,0.86607045,0.49617118,-0.061123982
1356594023331,-0.02464813,0.16121885,0.98661083,0.5407829,-0.8278973,0.14879417,0.84080094,0.5372098,-0.06677823
1356594023370,0.01041621,0.090580806,0.99583465,0.58144003,-0.8107705,0.067665696,0.81352264,0.5783133,-0.061112463
1356594023410,0.020144582,0.024315506,0.99950135,0.6083417,-0.7936439,0.0070465803,0.7934195,0.60789645,-0.030779757
1356594023450,-0.055820525,0.017053246,0.9982952,0.6120048,-0.7894139,0.0477058,0.78888166,0.61362445,0.03362877
1356594023490,-0.2480849,0.1272267,0.96034753,0.5510244,-0.79681504,0.24790712,0.7967597,0.5906769,0.12757276
1356594023530,-0.4397046,0.2924814,0.8491846,0.4002076,-0.78263044,0.4767844,0.80404836,0.54949445,0.22707301
1356594023570,-0.53740335,0.4106564,0.73658603,0.25274235,-0.7548554,0.60523933,0.8045613,0.5114241,0.30187154
1356594023640,-0.5622228,0.4600763,0.68719393,0.19080225,-0.73637813,0.6491085,0.80467397,0.49606168,0.3262248
1356594023662,-0.5546572,0.4670726,0.6886208,0.1968289,-0.7304536,0.65398467,0.8084638,0.49827778,0.31321797
1356594023702,-0.50902635,0.41374105,0.7547917,0.27589393,-0.752208,0.5983859,0.8153371,0.51283664,0.26874512
1356594023741,-0.39270663,0.26804817,0.8797338,0.41361678,-0.8028986,0.4292725,0.8214028,0.53245085,0.20443447
1356594023782,-0.16575581,0.014343351,0.9860626,0.542557,-0.8336396,0.1033293,0.82350284,0.5521226,0.13039845
1356594023821,0.07304406,-0.205536,0.97591984,0.56647897,-0.7968135,-0.21021378,0.8208326,0.56819296,0.05822933
1356594023861,0.21027339,-0.28777102,0.9343302,0.53906894,-0.7631554,-0.3563685,0.8155917,0.5786032,-0.005342873
1356594023902,0.2515331,-0.26051253,0.93212897,0.5267353,-0.77112514,-0.3576534,0.81196123,0.5809469,-0.05674234
1356594023942,0.23398131,-0.17380325,0.9565799,0.5314643,-0.8010155,-0.27553558,0.81412435,0.5728583,-0.09505242
1356594023981,0.18967491,-0.07008755,0.97934216,0.5334096,-0.8300595,-0.16271256,0.82431644,0.553253,-0.12005609
1356594024021,0.13892525,0.023788989,0.99001706,0.5209555,-0.85195965,-0.05263202,0.84220254,0.52306676,-0.13075173
1356594024061,0.091086626,0.09693782,0.9911136,0.4950294,-0.86798245,0.039399907,0.8640886,0.4870416,-0.12704867
1356594024101,0.049702764,0.1470893,0.9878736,0.46381372,-0.8793744,0.10759851,0.8845374,0.45284143,-0.11192939
1356594024140,0.0161798,0.17565556,0.9843187,0.43747604,-0.8864611,0.15100145,0.8990845,0.42817265,-0.0911878
1356594024180,-0.008172452,0.18478145,0.9827457,0.42328984,-0.889746,0.17081515,0.9059575,0.41738218,-0.07094469
1356594024220,-0.021377742,0.17611519,0.9841374,0.42338,-0.890146,0.16849186,0.90569997,0.4202661,-0.055534393
1356594024260,-0.021073759,0.15039475,0.9884015,0.43588138,-0.8883346,0.14446203,0.89975744,0.43387008,-0.046833776
1356594024300,-0.004779339,0.107078135,0.9942391,0.45764828,-0.88378423,0.09738228,0.88912046,0.45547727,-0.044780172
1356594024340,0.030928731,0.04368657,0.99856645,0.48559278,-0.87387747,0.023191169,0.87363786,0.48417938,-0.048241794
1356594024380,0.09161502,-0.044791415,0.9947866,0.5148208,-0.8529915,-0.08581939,0.8523885,0.51999915,-0.055087235
1356594024420,0.1830281,-0.16452985,0.96924233,0.5337523,-0.8113078,-0.23851214,0.8255962,0.5609898,-0.060673922
1356594024460,0.29955178,-0.31355482,0.9010839,0.5235015,-0.73556507,-0.42998862,0.79763085,0.60052264,-0.05619341
1356594024500,0.40677005,-0.4666745,0.78533626,0.4786049,-0.6233807,-0.61833143,0.778123,0.62738454,-0.030219883
1356594024540,0.4532627,-0.58543694,0.67217296,0.43881163,-0.50983036,-0.7399442,0.7758848,0.6303464,0.025809497
1356594024580,0.4129737,-0.654337,0.6334792,0.45511767,-0.45421636,-0.76586914,0.788873,0.60459137,0.11022085
1356594024643,0.29303223,-0.6711094,0.68098783,0.518231,-0.48706496,-0.70299685,0.803473,0.55890965,0.20506388
1356594024661,0.15586329,-0.6514235,0.7425322,0.566119,-0.5570997,-0.60757643,0.809454,0.5150605,0.2819519
1356594024702,0.1193347,-0.67412925,0.7289094,0.5744028,-0.55194193,-0.6045009,0.80982745,0.4908255,0.321356
1356594024741,0.25060982,-0.7850522,0.56646967,0.52831805,-0.37941772,-0.7595541,0.81121814,0.4896279,0.3196713
1356594024782,0.43302578,-0.8560256,0.28232768,0.38505748,-0.107524574,-0.9166074,0.8149966,0.50562704,0.28305817
1356594024822,0.52967095,-0.84567046,0.06549919,0.22314367,0.06442773,-0.9726541,0.81832486,0.5298023,0.22283149
1356594024860,0.56620944,-0.82279956,-0.04906869,0.09647468,0.12527509,-0.98742026,0.81859607,0.5543528,0.15031126
1356594024900,0.5789566,-0.80876863,-0.10345346,0.0023293495,0.12852103,-0.9917041,0.81535506,0.5739126,0.07629198
1356594024940,0.5823647,-0.80327785,-0.12488404,-0.06678438,0.10582824,-0.9921392,0.8101797,0.58612716,0.007984221
1356594024980,0.5812769,-0.80422586,-0.123846084,-0.11294383,0.07098457,-0.99106246,0.8058293,0.59006935,-0.04957062
1356594025020,0.5769234,-0.8104733,-0.1014511,-0.13535455,0.027624846,-0.99041206,0.80550516,0.5851237,-0.09376383
1356594025060,0.56854177,-0.82100916,-0.052000284,-0.13120145,-0.02809146,-0.99095756,0.81212455,0.5702233,-0.12368873
1356594025100,0.55348814,-0.8321238,0.034941077,-0.0965358,-0.10576838,-0.9896939,0.82724345,0.5444107,-0.13887127
1356594025140,0.5267875,-0.83319056,0.16819122,-0.03060782,-0.21633855,-0.9758384,0.8494457,0.5089116,-0.13946657
1356594025180,0.48309207,-0.80670285,0.34037122,0.05664757,-0.3591314,-0.9315662,0.8737351,0.46931344,-0.12779574
1356594025220,0.42424136,-0.7432162,0.51734793,0.14419496,-0.50857514,-0.8488575,0.89399505,0.43471944,-0.1085906
1356594025260,0.36398345,-0.65897036,0.65823555,0.21446921,-0.6284243,-0.7477205,0.90637684,0.41332915,-0.08740717
1356594025300,0.31878996,-0.58464074,0.7460349,0.264282,-0.7010574,-0.66232437,0.9102351,0.40830594,-0.06898004
1356594025341,0.29833877,-0.54218465,0.78551245,0.29750383,-0.7291665,-0.6162854,0.9069098,0.4175548,-0.056236625
1356594025378,0.305991,-0.5392124,0.7846143,0.31582168,-0.7199845,-0.6179637,0.89812374,0.43688953,-0.05001381
1356594025420,0.34295768,-0.57354844,0.7439235,0.31688222,-0.6748919,-0.66641325,0.88428825,0.4642877,-0.049712032
1356594025460,0.40565133,-0.63349175,0.65888935,0.29498136,-0.59155774,-0.75036347,0.86512023,0.49874604,-0.053097934
1356594025500,0.4806051,-0.69595987,0.5335341,0.24858946,-0.47532627,-0.84395987,0.840965,0.5382424,-0.055435956
1356594025540,0.5444449,-0.7382796,0.3981495,0.1936804,-0.3511916,-0.9160526,0.8161297,0.57585394,-0.048214227
1356594025580,0.57815504,-0.75792456,0.30213755,0.16598567,-0.25330213,-0.95304084,0.79886514,0.6011559,-0.020643286
1356594025644,0.5721129,-0.7693036,0.2843567,0.19980037,-0.20553148,-0.95803785,0.7954663,0.6049204,0.036119945
1356594025662,0.5126151,-0.77794063,0.363365,0.3060516,-0.2298488,-0.92385167,0.80222076,0.58478874,0.12026602
1356594025702,0.37531567,-0.7590563,0.5319508,0.4543155,-0.34958977,-0.8193805,0.8079205,0.5491998,0.21364456
1356594025742,0.18451726,-0.6822454,0.70745647,0.5617478,-0.5174429,-0.645517,0.8064693,0.5165211,0.28777272
1356594025782,0.054899573,-0.603669,0.7953425,0.59425884,-0.6203565,-0.5118732,0.8023979,0.50074095,0.32467836
1356594025822,0.0615806,-0.6051537,0.7937234,0.5948093,-0.6163443,-0.5160635,0.8015047,0.50389355,0.3219962
1356594025860,0.18684947,-0.67843455,0.7105025,0.5635385,-0.5183892,-0.64319277,0.80468106,0.52057576,0.28546324
1356594025900,0.34005314,-0.746523,0.57189804,0.47955492,-0.38546932,-0.78831506,0.8089444,0.5423255,0.22691864
1356594025940,0.45345536,-0.77583086,0.43870792,0.36904383,-0.28460768,-0.88476264,0.81128585,0.56310284,0.15725881
1356594025980,0.51959825,-0.7792711,0.35036296,0.27090368,-0.23864809,-0.9325547,0.8103264,0.57946837,0.08710632
1356594026020,0.5544404,-0.7715957,0.31182694,0.20286986,-0.23807934,-0.9498222,0.8071182,0.58988,0.024532668
1356594026060,0.5682061,-0.7571734,0.3222271,0.1716356,-0.27391824,-0.94631386,0.8047875,0.59300697,-0.02568411
1356594026100,0.56113225,-0.7323247,0.3857863,0.18145636,-0.3459074,-0.92055506,0.80759156,0.5865565,-0.061214797
1356594026140,0.52453566,-0.68509436,0.50547814,0.23137864,-0.4566572,-0.85902745,0.8193451,0.5675474,-0.08101678
1356594026180,0.44931906,-0.60049486,0.6614516,0.30227098,-0.594544,-0.74508363,0.84068096,0.534718,-0.085627764
1356594026220,0.34753054,-0.48428944,0.8029236,0.35711506,-0.72340214,-0.5908961,0.86700135,0.49209058,-0.078457296
1356594026260,0.25312066,-0.37118065,0.8933951,0.37762523,-0.8123034,-0.4444798,0.89069027,0.44987556,-0.065443605
1356594026300,0.18883765,-0.29009226,0.9381827,0.378445,-0.86007917,-0.34211567,0.90615654,0.41965488,-0.05263135
1356594026340,0.15730494,-0.24852252,0.95576763,0.37874007,-0.8786304,-0.2907999,0.9120368,0.40773174,-0.04408747
1356594026380,0.15445787,-0.24431223,0.9573162,0.3855005,-0.8772403,-0.28607488,0.90968794,0.4132324,-0.041314185
1356594026420,0.17720461,-0.27358076,0.9453846,0.39647308,-0.8593491,-0.3229989,0.90078163,0.43205646,-0.0438132
1356594026460,0.22477031,-0.33207098,0.9160825,0.40577886,-0.82284325,-0.39783472,0.8859017,0.46114832,-0.050203353
1356594026500,0.29627717,-0.41274145,0.8613154,0.40568218,-0.7620293,-0.5047111,0.8646628,0.4989547,-0.05833003
1356594026540,0.38470918,-0.5016019,0.7748512,0.3887045,-0.67335606,-0.62888825,0.8372023,0.5431273,-0.06407136
1356594026580,0.4705602,-0.5795356,0.66536576,0.35595924,-0.5653061,-0.744125,0.8073823,0.5869987,-0.059719503
1356594026645,0.5260749,-0.63459665,0.5661558,0.3289593,-0.4620563,-0.82358354,0.7842392,0.6195088,-0.03431976
1356594026661,0.5296774,-0.67172885,0.5179018,0.34042332,-0.39089862,-0.85516685,0.7768873,0.62926835,0.021621974
1356594026701,0.46751362,-0.69851214,0.54176724,0.40675372,-0.3741501,-0.83340454,0.7848455,0.6099938,0.10920215
1356594026741,0.34173322,-0.7074206,0.6186878,0.50070703,-0.4200551,-0.7568661,0.79530555,0.56842756,0.21066362
1356594026782,0.19497997,-0.6896871,0.69736266,0.56961447,-0.49918783,-0.65295553,0.7984499,0.52454114,0.29552406
1356594026820,0.09438062,-0.663226,0.7424443,0.59562206,-0.559953,-0.5759227,0.7977009,0.49657214,0.34218335
1356594026860,0.07271242,-0.65205795,0.7546743,0.59515506,-0.57881916,-0.55745745,0.80031455,0.48968232,0.34598827
1356594026900,0.11554372,-0.6560481,0.745822,0.57812196,-0.56615686,-0.5875725,0.8077281,0.4990664,0.31385994
1356594026940,0.19243294,-0.66271365,0.7237266,0.54443085,-0.5414968,-0.6406062,0.8164341,0.5172928,0.2565999
1356594026980,0.27604622,-0.66259176,0.69625473,0.49772567,-0.52116007,-0.69329745,0.8222333,0.537926,0.18592465
1356594027020,0.34953713,-0.6530582,0.67181754,0.44785926,-0.51336044,-0.73204046,0.8229495,0.556755,0.11303955
1356594027060,0.40565395,-0.6352713,0.6571721,0.4049654,-0.51965094,-0.752307,0.81941915,0.5713083,0.046464473
1356594027100,0.4404592,-0.6105776,0.6581723,0.37615943,-0.54015064,-0.7528222,0.81516856,0.57916516,-0.008239807
1356594027140,0.45092845,-0.57945985,0.6788887,0.36411065,-0.5750188,-0.7326506,0.8149153,0.5775636,-0.048304856
1356594027180,0.4351893,-0.5414109,0.71936405,0.36634758,-0.6233734,-0.6907931,0.82243526,0.564163,-0.072940886
1356594027220,0.39496803,-0.49624115,0.7731398,0.37546945,-0.6808748,-0.62883395,0.8384647,0.53865963,-0.082600385
1356594027260,0.33880746,-0.44673672,0.8280313,0.382606,-0.738607,-0.5550426,0.8595476,0.5048623,-0.079321414
1356594027300,0.2809534,-0.39960247,0.8725727,0.38431454,-0.78626907,-0.4838216,0.8794132,0.4712737,-0.06733194
1356594027340,0.23439103,-0.3626041,0.90198624,0.3847364,-0.8174789,-0.4286096,0.8927703,0.44748914,-0.052102745
1356594027380,0.20542401,-0.3408522,0.91739887,0.38940752,-0.8315245,-0.3961424,0.8978656,0.43861917,-0.038084686
1356594027420,0.19572312,-0.3366394,0.921068,0.3991385,-0.830572,-0.38837945,0.89575714,0.44364858,-0.028196394
1356594027460,0.20525122,-0.35041565,0.91382754,0.41089934,-0.81657845,-0.40541506,0.8882756,0.4587031,-0.023618162
1356594027500,0.23413503,-0.38188592,0.8940603,0.42078033,-0.7892201,-0.44729808,0.87642723,0.4809312,-0.024093986
1356594027540,0.28304863,-0.42994675,0.8573384,0.42473003,-0.7452763,-0.51397246,0.8599348,0.50961655,-0.028338134
1356594027580,0.35025418,-0.49132133,0.7974493,0.41727418,-0.6803792,-0.6024669,0.8385728,0.54377156,-0.03328997
1356594027646,0.4243617,-0.5583326,0.71286875,0.3944233,-0.5946807,-0.70056057,0.8150751,0.5784631,-0.032140344
1356594027662,0.48184985,-0.62110615,0.61810017,0.36454967,-0.49935222,-0.7859712,0.79682136,0.6040483,-0.014188707
1356594027701,0.4993838,-0.6748588,0.54330593,0.35278925,-0.4143573,-0.83895636,0.7912999,0.61063373,0.031159641
1356594027741,0.46994188,-0.7205814,0.5098206,0.37883982,-0.3570231,-0.8538238,0.7972672,0.5943879,0.10520482
1356594027781,0.40605235,-0.7565055,0.51266074,0.43382084,-0.33417743,-0.8367347,0.804314,0.562161,0.1924943
1356594027821,0.34091848,-0.78082496,0.5235332,0.48517698,-0.33086038,-0.8094039,0.8052192,0.52994704,0.26604185
1356594027862,0.31477034,-0.7998493,0.51103896,0.5056093,-0.3143645,-0.8034515,0.8032926,0.5112887,0.30545858
1356594027902,0.34473443,-0.8186937,0.45923716,0.4839942,-0.26416194,-0.834247,0.80430573,0.5098618,0.30517733
1356594027942,0.4106387,-0.8303431,0.37670416,0.42088124,-0.19388103,-0.8861541,0.80884784,0.5224369,0.26986086
1356594027982,0.47759926,-0.82868004,0.2918702,0.33277202,-0.13683337,-0.93302697,0.81311846,0.5427392,0.21041006
1356594028020,0.52937794,-0.817739,0.22596881,0.2408823,-0.11051297,-0.96424186,0.8134707,0.56488025,0.13847578
1356594028060,0.56622857,-0.8031943,0.18510592,0.15958026,-0.113500655,-0.9806385,0.8086528,0.5848048,0.06390664
1356594028100,0.5914781,-0.78816205,0.17015943,0.09807187,-0.13914445,-0.98540384,0.8003347,0.59953266,-0.005004376
1356594028140,0.6061193,-0.7739966,0.18316326,0.06259915,-0.18314946,-0.98109007,0.7929065,0.60612345,-0.06255889
1356594028180,0.6082022,-0.7601521,0.22860214,0.05695632,-0.2454572,-0.9677328,0.7917361,0.60159755,-0.10599211
1356594028220,0.5935706,-0.7425691,0.31026602,0.081234366,-0.3282759,-0.94108224,0.80067146,0.58380306,-0.13453278
1356594028260,0.55689263,-0.71310747,0.42585003,0.12954447,-0.43186447,-0.8925868,0.8204199,0.55224156,-0.14812303
1356594028301,0.49649715,-0.66352725,0.5596625,0.18755473,-0.54751194,-0.8155083,0.8475339,0.50986487,-0.14739046
1356594028338,0.42230815,-0.5954479,0.68344545,0.23765919,-0.6548681,-0.7174022,0.87474227,0.4653919,-0.13504249
1356594028381,0.351124,-0.5231006,0.7765808,0.27362588,-0.7358585,-0.6193878,0.8954557,0.4299745,-0.1152437
1356594028420,0.2965113,-0.46265408,0.83548325,0.30065587,-0.7851227,-0.5414688,0.90646964,0.41174456,-0.093698084
1356594028460,0.26378626,-0.42389113,0.8664486,0.325121,-0.806628,-0.4936068,0.90813714,0.41190732,-0.07496148
1356594028500,0.25411153,-0.41087604,0.87556165,0.3475628,-0.80601096,-0.47910994,0.9025671,0.42606002,-0.06201145
1356594028540,0.26806027,-0.42438066,0.86489576,0.3652339,-0.78597087,-0.49885267,0.89148635,0.44961184,-0.055689335
1356594028580,0.30690742,-0.4631204,0.83146095,0.37415236,-0.74457264,-0.5528305,0.87511015,0.4807609,-0.055237263
1356594028647,0.37061715,-0.5220924,0.76815516,0.36849374,-0.67651945,-0.6376,0.8525581,0.51936585,-0.05834192
1356594028662,0.45106167,-0.58935314,0.6702284,0.34191576,-0.5795591,-0.739733,0.82440096,0.5628269,-0.059907734
1356594028702,0.5261326,-0.6482386,0.5504283,0.29900873,-0.46491206,-0.833337,0.7961019,0.6030286,-0.050776362
1356594028741,0.569275,-0.69155324,0.44461226,0.2654025,-0.35726076,-0.89550346,0.77813077,0.62778896,-0.019839704
1356594028781,0.5642953,-0.72689164,0.3914069,0.27566075,-0.28099573,-0.9192673,0.77819145,0.62663376,0.041810986
1356594028821,0.5111754,-0.7613022,0.39889693,0.33697754,-0.24943107,-0.90787125,0.7906617,0.5985007,0.12903872
1356594028862,0.42771804,-0.7886323,0.4417199,0.4176154,-0.26098692,-0.8703352,0.80165744,0.5567272,0.21771613
1356594028902,0.3567046,-0.803518,0.47657186,0.47338396,-0.28432775,-0.8337058,0.8054002,0.5229882,0.27895153
1356594028942,0.33534628,-0.8120074,0.47768888,0.48710382,-0.28456736,-0.8256823,0.8063948,0.5095736,0.30010337
1356594028981,0.36329693,-0.81666607,0.4484105,0.46334606,-0.2591805,-0.84742904,0.8082857,0.51563764,0.2842395
1356594029022,0.415784,-0.8137658,0.4060896,0.41256672,-0.22916025,-0.88163155,0.8105013,0.5341074,0.24045154
1356594029060,0.46723986,-0.8024542,0.3711527,0.3520072,-0.21624619,-0.91067487,0.8110351,0.55615205,0.18143076
1356594029100,0.5088687,-0.7858089,0.35150683,0.29434243,-0.22488949,-0.9288634,0.80895936,0.5761329,0.11685771
1356594029140,0.5385338,-0.7662612,0.35046405,0.24931121,-0.25240085,-0.9349533,0.8048759,0.59087855,0.05511114
1356594029180,0.5559408,-0.74499923,0.3686542,0.22194362,-0.29436344,-0.929565,0.80104357,0.59860355,0.0016992092
1356594029220,0.5589857,-0.721907,0.4079034,0.21444929,-0.3493332,-0.91212815,0.8009659,0.59734124,-0.04045981
1356594029260,0.54385483,-0.69536525,0.4697755,0.22559969,-0.41804472,-0.8799678,0.80828625,0.584556,-0.07048145
1356594029300,0.5074572,-0.66222334,0.55131435,0.24941243,-0.4995429,-0.82960856,0.8247913,0.5584955,-0.08832991
1356594029340,0.4524694,-0.6202707,0.64073056,0.27529866,-0.58623856,-0.76192844,0.8482229,0.52114165,-0.0944953
1356594029380,0.39073122,-0.57268506,0.720667,0.29424018,-0.66412526,-0.68728477,0.87221086,0.48059282,-0.0909875
1356594029420,0.3374492,-0.5283061,0.7791154,0.3062546,-0.72102225,-0.62155855,0.8901327,0.44835207,-0.08151221
1356594029460,0.3023898,-0.49608672,0.8139154,0.31717962,-0.75286037,-0.5767134,0.8988645,0.43254966,-0.070308685
1356594029500,0.28854162,-0.48136932,0.82766384,0.3298387,-0.76154464,-0.5579034,0.8988605,0.43397388,-0.060963124
1356594029541,0.2954597,-0.48588994,0.8225658,0.34198877,-0.7501569,-0.5659579,0.8920467,0.44852602,-0.055472195
1356594029580,0.3223188,-0.5086894,0.79833937,0.34930497,-0.7199211,-0.5997497,0.8798276,0.47217453,-0.054356366
1356594029648,0.36885023,-0.54604757,0.75218445,0.34741792,-0.6695989,-0.65645874,0.8621196,0.5034573,-0.057274967
1356594029662,0.43303114,-0.5906562,0.6808886,0.3321151,-0.59769076,-0.72970223,0.837964,0.5421171,-0.062652856
1356594029702,0.5055915,-0.6321106,0.5872082,0.30209342,-0.5078206,-0.8067576,0.80815643,0.58528155,-0.065793365
1356594029743,0.5674986,-0.66303086,0.48819596,0.2666162,-0.4130001,-0.870831,0.77901286,0.6243564,-0.0576022
1356594029781,0.59882295,-0.6869569,0.41170543,0.24765576,-0.3300371,-0.91090184,0.7616283,0.6474301,-0.027504954
1356594029821,0.5870948,-0.7146866,0.38018796,0.26813078,-0.2714578,-0.92434657,0.76382303,0.6446191,0.032258008
1356594029862,0.5320476,-0.7495272,0.39387077,0.32896325,-0.2456486,-0.91183317,0.7801977,0.6147077,0.11587021
1356594029900,0.45387945,-0.7807842,0.42938268,0.39997333,-0.25208375,-0.88117826,0.79625046,0.5716903,0.19787723
1356594029940,0.3880825,-0.79887414,0.45955646,0.44745672,-0.2726025,-0.8517456,0.80571365,0.5361792,0.25166926
1356594029980,0.3614747,-0.8040971,0.47197872,0.4596203,-0.28675574,-0.8405476,0.8112245,0.5207676,0.26592442
1356594030020,0.3742875,-0.7995708,0.4696759,0.44175515,-0.29158503,-0.8484283,0.81532896,0.5250378,0.24407786
1356594030060,0.4110213,-0.7865335,0.46089754,0.40394175,-0.29610324,-0.86553675,0.8172469,0.5419298,0.19600898
1356594030100,0.45604095,-0.76615685,0.45280278,0.35768014,-0.30810097,-0.8815547,0.81491816,0.5639837,0.1335324
1356594030140,0.49953133,-0.7403679,0.4498043,0.31403637,-0.32915068,-0.89052856,0.8073721,0.5861018,0.06808132
1356594030180,0.5358937,-0.7114666,0.4545693,0.2809248,-0.3574681,-0.8906727,0.79617786,0.6050056,0.008303728
1356594030220,0.5606735,-0.6819835,0.4696209,0.26209506,-0.3918241,-0.8819183,0.7854625,0.6175536,-0.040940885
1356594030260,0.5692556,-0.65431714,0.4978124,0.258062,-0.43269017,-0.86381894,0.7806101,0.6202002,-0.07745692
1356594030300,0.5571998,-0.62978226,0.5412048,0.26692456,-0.48132288,-0.83491296,0.7863076,0.60967416,-0.100088656
1356594030340,0.52196187,-0.60767895,0.5985667,0.28409135,-0.5378265,-0.7937473,0.80426854,0.58435345,-0.10808858
1356594030380,0.4665931,-0.58561414,0.66283256,0.30208737,-0.5988298,-0.74171835,0.8312847,0.54631394,-0.10250321
1356594030420,0.402731,-0.56200165,0.7224693,0.31425405,-0.6564353,-0.6858112,0.8596814,0.50323635,-0.08775556
1356594030460,0.34641886,-0.53850716,0.7681172,0.3209235,-0.7013796,-0.6364549,0.88147724,0.46698684,-0.07015151
1356594030500,0.3089447,-0.5189592,0.79701596,0.3280058,-0.7284595,-0.601464,0.8927291,0.44724494,-0.05483207
1356594030540,0.29310942,-0.5066581,0.81079257,0.3391728,-0.7377792,-0.5836469,0.89389527,0.44607118,-0.0444054
1356594030580,0.29648834,-0.5034284,0.8115753,0.35303003,-0.731823,-0.5829278,0.8873919,0.4593418,-0.039251655
1356594030650,0.3163466,-0.509902,0.79995304,0.3662008,-0.71225786,-0.59882027,0.8751125,0.48237818,-0.03859383
1356594030662,0.35229176,-0.52572453,0.7742766,0.3756581,-0.67831045,-0.6314871,0.8571881,0.513331,-0.041470528
1356594030702,0.40268123,-0.54956794,0.7319993,0.3774791,-0.62882996,-0.6797664,0.8338809,0.5500436,-0.045767635
1356594030741,0.46058804,-0.5772887,0.67423767,0.37002578,-0.5655754,-0.73702466,0.8068083,0.58895004,-0.04688558
1356594030782,0.5102117,-0.6068493,0.6094407,0.35650682,-0.4956365,-0.79198945,0.7826793,0.6213521,-0.036533594
1356594030824,0.5316043,-0.63928336,0.5556201,0.34981418,-0.43171543,-0.8314156,0.77137995,0.63634783,-0.0058713835
1356594030862,0.51446164,-0.67574275,0.52792126,0.36368513,-0.38558972,-0.8479703,0.77657086,0.6282453,0.047386527
1356594030901,0.4664216,-0.7115438,0.52550566,0.39698672,-0.36251205,-0.8432001,0.79047596,0.6019056,0.11339006
1356594030941,0.41273522,-0.7389723,0.5325125,0.43136787,-0.35633087,-0.8288245,0.802229,0.5717938,0.17169866
1356594030982,0.38321966,-0.75521314,0.53178555,0.44710445,-0.3521204,-0.8222584,0.80823284,0.55286926,0.20271963
1356594031021,0.38787138,-0.7622191,0.5182449,0.4378686,-0.34238797,-0.83128905,0.81106526,0.54935634,0.20094934
1356594031061,0.41941142,-0.76153916,0.4941176,0.40581518,-0.329606,-0.85245174,0.8120395,0.5580484,0.1708036
1356594031101,0.46355116,-0.75382733,0.46568745,0.35908663,-0.32065237,-0.87649244,0.8100477,0.5735212,0.122050494
1356594031141,0.5085342,-0.74055153,0.43929076,0.30752593,-0.3203259,-0.8960017,0.8042517,0.5907408,0.064842135
1356594031181,0.54674757,-0.7239327,0.42070007,0.26057577,-0.330383,-0.9071645,0.7957182,0.60561424,0.008003175
1356594031220,0.5740635,-0.70611954,0.41454345,0.22531459,-0.35050404,-0.90905464,0.7872004,0.61525774,-0.042112533
1356594031260,0.5878092,-0.68853366,0.42473722,0.20569305,-0.38056245,-0.9015889,0.78241336,0.6173277,-0.08207151
1356594031298,0.58516437,-0.67141104,0.45474154,0.20316961,-0.42150247,-0.88377476,0.7850508,0.6095431,-0.1102379
1356594031341,0.56255066,-0.653481,0.5064576,0.21700951,-0.47438943,-0.853148,0.79777414,0.58984506,-0.1250565
1356594031380,0.51926994,-0.63147175,0.5758491,0.24243473,-0.53728986,-0.8078026,0.8195024,0.5590734,-0.12590775
1356594031420,0.4601283,-0.60339016,0.6513081,0.2700944,-0.6036803,-0.75007945,0.84577245,0.5210474,-0.11479813
1356594031460,0.398385,-0.571672,0.71727294,0.29123122,-0.6627031,-0.689934,0.86975497,0.48375165,-0.09752223
1356594031500,0.34923905,-0.5436939,0.76317036,0.30456448,-0.7043679,-0.64117575,0.8861561,0.4563582,-0.08040291
1356594031540,0.3214259,-0.526816,0.786861,0.31451252,-0.72439003,-0.6134664,0.89317816,0.44466162,-0.06714749
1356594031580,0.31625205,-0.52488893,0.79023814,0.32391354,-0.72318804,-0.6099829,0.891664,0.4488772,-0.058691084
1356594031650,0.33161652,-0.53827095,0.77478695,0.33138862,-0.70246315,-0.6298627,0.88329613,0.46562845,-0.05457151
1356594031663,0.36620402,-0.5650123,0.7393617,0.33344075,-0.66211534,-0.6711338,0.8687416,0.49230522,-0.054071188
1356594031702,0.41684484,-0.6013576,0.6816226,0.32471082,-0.6018858,-0.7295864,0.8490013,0.5254546,-0.055625677
1356594031742,0.4773413,-0.6390742,0.6030999,0.303256,-0.52436364,-0.79566234,0.82473093,0.56269616,-0.056497335
1356594031782,0.53326195,-0.6726167,0.5130482,0.27162662,-0.43822014,-0.8568443,0.8011558,0.59628,-0.050985515
1356594031822,0.56402713,-0.7013922,0.4358009,0.24658401,-0.3606186,-0.89952797,0.78807974,0.6148197,-0.030446585
1356594031860,0.5565258,-0.7311225,0.39463767,0.24920146,-0.30622885,-0.91876143,0.79257655,0.6096588,0.011772513
1356594031900,0.5105814,-0.7632385,0.39594662,0.28687543,-0.28289333,-0.9152453,0.81056106,0.5808945,0.07451427
1356594031940,0.44119868,-0.7907664,0.42430198,0.34340984,-0.28805074,-0.8939219,0.82910395,0.5401066,0.14446935
1356594031980,0.37830508,-0.80717033,0.45316815,0.39079374,-0.30452466,-0.86864555,0.8391458,0.5057082,0.20023382
1356594032021,0.34715956,-0.814081,0.46556658,0.41246873,-0.31330252,-0.855401,0.84222895,0.48899227,0.2270171
1356594032060,0.35249752,-0.8150413,0.45984036,0.4067347,-0.3091066,-0.8596628,0.8428003,0.49006203,0.22254628
1356594032100,0.383613,-0.8105875,0.4424804,0.37929916,-0.2985633,-0.87578076,0.84200543,0.5037933,0.19292244
1356594032140,0.4265294,-0.8002422,0.4215273,0.33858302,-0.29089308,-0.8948424,0.83870995,0.52439857,0.14687386
1356594032180,0.47027037,-0.7845747,0.40408942,0.29343826,-0.29281798,-0.9100284,0.83230984,0.5465347,0.0925206
1356594032220,0.50797063,-0.7651069,0.39569837,0.2520171,-0.30726886,-0.9176455,0.8236827,0.56585974,0.03673646
1356594032260,0.53645146,-0.7433353,0.39959037,0.22037137,-0.333676,-0.9165679,0.814651,0.57975245,-0.015191168
1356594032300,0.55433464,-0.71999586,0.41751522,0.20199844,-0.3702605,-0.9066993,0.8074092,0.5869523,-0.05981019
1356594032340,0.5601421,-0.6949469,0.4508766,0.19808191,-0.41612595,-0.8874699,0.8043659,0.5864197,-0.095433265
1356594032380,0.5514058,-0.6670344,0.50101566,0.20797178,-0.47169396,-0.8568854,0.80789816,0.5766887,-0.121370435
1356594032420,0.52549964,-0.6341015,0.5672437,0.2286556,-0.53693277,-0.8120467,0.81949174,0.55643374,-0.1371671
1356594032460,0.4828299,-0.59424424,0.64323336,0.25371704,-0.6080946,-0.75222915,0.8381545,0.526398,-0.14283636
1356594032500,0.43067902,-0.5489594,0.7163513,0.2754453,-0.67591363,-0.683572,0.85944486,0.49171573,-0.13989353
1356594032540,0.38158768,-0.5047773,0.77433246,0.290909,-0.72956693,-0.618954,0.87736124,0.4614455,-0.1315495
1356594032580,0.34616476,-0.4699719,0.8119707,0.30315095,-0.76301795,-0.5708793,0.8878454,0.443768,-0.12165749
1356594032651,0.33166742,-0.45115873,0.82852423,0.3176869,-0.7735295,-0.54838586,0.8882971,0.44509304,-0.11322734
1356594032664,0.33383077,-0.45280722,0.8267543,0.32618186,-0.767396,-0.5520044,0.8843995,0.45394832,-0.1084829
1356594032702,0.35167366,-0.46720728,0.81119853,0.33178166,-0.74809355,-0.5746973,0.8753552,0.47124666,-0.10807398
1356594032741,0.38722706,-0.49772787,0.77609426,0.32987666,-0.71124876,-0.6207307,0.860951,0.49637908,-0.11122596
1356594032781,0.43984526,-0.5414757,0.71647763,0.31639194,-0.6532161,-0.6878989,0.8404952,0.5292568,-0.11599547
1356594032822,0.50308204,-0.59128904,0.63030607,0.28775823,-0.5731009,-0.7673008,0.8149256,0.567391,-0.11816847
1356594032862,0.5606183,-0.6381645,0.5276867,0.24754493,-0.4789492,-0.84221685,0.790208,0.6027883,-0.11053327
1356594032902,0.5924506,-0.67758095,0.43575957,0.21472713,-0.38852328,-0.8960703,0.7764629,0.6244468,-0.08468586
1356594032940,0.58591163,-0.7131386,0.38489082,0.2152834,-0.32091147,-0.92231715,0.78125584,0.6232569,-0.034498878
1356594032980,0.5406796,-0.7474853,0.38591623,0.25887644,-0.28864554,-0.9217738,0.80040526,0.5982889,0.037441544
1356594033020,0.4701144,-0.77486014,0.42259222,0.32645604,-0.29218692,-0.8989178,0.82001156,0.560552,0.1155965
1356594033060,0.40241712,-0.78983897,0.46283346,0.38487667,-0.3127554,-0.8683629,0.83062047,0.5275779,0.17813244
1356594033100,0.3666798,-0.79608256,0.4814545,0.41377348,-0.3239547,-0.85079074,0.8332691,0.5111809,0.21061018
1356594033140,0.3727703,-0.7987605,0.47225422,0.41069216,-0.3143549,-0.8558697,0.8320903,0.5129939,0.21086249
1356594033180,0.40984637,-0.7970377,0.44357282,0.38135877,-0.29202473,-0.87709,0.8286081,0.5286325,0.18427211
1356594033220,0.4589118,-0.7880857,0.41026914,0.33567357,-0.27375242,-0.90132284,0.82263184,0.55134416,0.13891137
1356594033261,0.5046711,-0.7718897,0.38664377,0.2864499,-0.27277008,-0.91844594,0.8144038,0.57426727,0.08344849
1356594033300,0.53969884,-0.7503952,0.38161796,0.24582806,-0.293074,-0.923946,0.8051669,0.59246504,0.026296467
1356594033340,0.561496,-0.72477436,0.39927977,0.22226897,-0.33268866,-0.9164686,0.7970688,0.603341,-0.025708526
1356594033380,0.5680883,-0.69412273,0.44211915,0.21991588,-0.3896499,-0.89432096,0.79304016,0.6052823,-0.06870696
1356594033420,0.5557823,-0.6548897,0.51207966,0.23910317,-0.4640249,-0.8529423,0.7962008,0.5964901,-0.10131064
1356594033460,0.5198756,-0.6016311,0.6064399,0.2749433,-0.5542952,-0.7855972,0.80878645,0.5751494,-0.1227501
1356594033500,0.45959496,-0.5309133,0.7119715,0.31552166,-0.65175205,-0.68968487,0.83019185,0.5416182,-0.1320273
1356594033540,0.385172,-0.44870394,0.80641633,0.34611768,-0.73981,-0.5769607,0.8554794,0.5013441,-0.12964973
1356594033580,0.31454396,-0.3702991,0.87403697,0.3621,-0.80434144,-0.4710822,0.8774654,0.46466488,-0.11891544
1356594033650,0.25813442,-0.30835894,0.91557705,0.37474492,-0.8415374,-0.3890772,0.89046776,0.44354206,-0.10167384
1356594033671,0.22785312,-0.27654597,0.93359804,0.38673308,-0.854244,-0.34742585,0.89359975,0.44021532,-0.08769268
1356594033712,0.2226336,-0.2737295,0.935685,0.4019451,-0.8486302,-0.3438995,0.8881859,0.45265764,-0.07890937
