1356594275771,0.0990473,-0.053776294,-0.9936285,-0.9508282,0.28935874,-0.11044124,0.29345417,0.955709,-0.022471786
1356594275810,0.63072616,-0.17587775,0.7558118,0.71837515,-0.23599803,-0.654402,0.29346487,0.9557049,-0.02250392
1356594275850,0.63099444,-0.1758292,0.75559914,0.7181138,-0.23613456,-0.6546396,0.29352784,0.95568013,-0.022734225
1356594275890,0.6320927,-0.17565349,0.7547216,0.71707547,-0.23656568,-0.6556215,0.29370338,0.95560586,-0.02357465
1356594275930,0.63490045,-0.17519778,0.7524674,0.7144648,-0.2374937,-0.6581313,0.29400945,0.9554593,-0.025612205
1356594275970,0.6398613,-0.17431116,0.74846053,0.7098717,-0.23901427,-0.66253626,0.2943802,0.9552423,-0.029197417
1356594276010,0.6467385,-0.17285907,0.74286544,0.70347494,-0.24114835,-0.6685586,0.29470718,0.95496976,-0.034357913
1356594276050,0.65456545,-0.17079076,0.7364609,0.6961179,-0.24382773,-0.67525405,0.29489672,0.95466155,-0.040710717
1356594276090,0.6618996,-0.16816175,0.7304865,0.6891296,-0.24692607,-0.6812694,0.2949396,0.95433176,-0.04755506
1356594276129,0.66767144,-0.16508943,0.7259204,0.68356156,-0.25029784,-0.6856345,0.29488724,0.95398986,-0.054267973
1356594276171,0.6709938,-0.16178358,0.7235976,0.6803288,-0.25370565,-0.6875946,0.29482228,0.9536559,-0.060168892
1356594276210,0.6716471,-0.15855628,0.72370577,0.6796726,-0.25688604,-0.6870624,0.29484797,0.9533465,-0.06477039
1356594276250,0.6700845,-0.1556862,0.7257745,0.68111813,-0.2597093,-0.68456495,0.29506776,0.95305455,-0.06798646
1356594276292,0.6672014,-0.15335602,0.72892,0.6837387,-0.26217386,-0.6810039,0.29553977,0.9527575,-0.070067346
1356594276330,0.66371864,-0.15167513,0.7324427,0.68681,-0.26426792,-0.67709255,0.29625922,0.9524479,-0.07122752
1356594276370,0.66000235,-0.1506139,0.7360111,0.6899944,-0.26599097,-0.673169,0.29716092,0.95213664,-0.071631916
1356594276410,0.6565679,-0.14986521,0.73922867,0.6928588,-0.26750952,-0.6696158,0.2981028,0.9518294,-0.071802735
1356594276450,0.6541314,-0.14896107,0.7415678,0.6948028,-0.26913908,-0.6669432,0.29893345,0.95151186,-0.07255376
1356594276490,0.65306497,-0.14752623,0.74279344,0.69556236,-0.27105513,-0.66537356,0.29949805,0.9511914,-0.07440289
1356594276530,0.653213,-0.1454682,0.7430691,0.6953635,-0.27310777,-0.66474175,0.29963678,0.9509212,-0.07724425
1356594276570,0.6545147,-0.14287275,0.742427,0.6943283,-0.27501845,-0.665036,0.2991967,0.950764,-0.08080301
1356594276610,0.6574312,-0.13985458,0.7404221,0.6920295,-0.27670896,-0.6667289,0.29812658,0.9507223,-0.08513359
1356594276650,0.6625672,-0.13652551,0.7364547,0.68782115,-0.27831072,-0.6704068,0.29649088,0.95073867,-0.090494424
1356594276701,0.6697299,-0.13302448,0.73059314,0.681746,-0.27992058,-0.6759192,0.29442185,0.9507623,-0.096782275
1356594276732,0.67737734,-0.12947771,0.7241515,0.6751442,-0.2814937,-0.6818663,0.2921306,0.9507874,-0.10326132
1356594276771,0.6830825,-0.1257906,0.7194268,0.6703402,-0.28302115,-0.6859614,0.28990048,0.95082897,-0.10900435
1356594276801,0.68417764,-0.12151247,0.71912146,0.6700058,-0.28476495,-0.6855663,0.28808543,0.9508647,-0.11341577
1356594276832,0.6810811,-0.11685383,0.7228235,0.6737132,-0.2866251,-0.68114364,0.2867736,0.9508897,-0.116488956
1356594276872,0.67233217,-0.11125088,0.731842,0.6827333,-0.28888887,-0.6711323,0.28608507,0.9508767,-0.11827461
1356594276912,0.65369016,-0.10212815,0.7498393,0.70074767,-0.29242724,-0.65072197,0.28573045,0.9508187,-0.11959077
1356594276942,0.62610304,-0.08944985,0.77459264,0.72565365,-0.29669008,-0.62080735,0.28534508,0.9507753,-0.12084895
1356594276975,0.59558755,-0.07567382,0.7997181,0.75114965,-0.30036628,-0.58783877,0.28469235,0.95081735,-0.122052036
1356594277012,0.56157124,-0.06091112,0.8251833,0.77741873,-0.30261344,-0.5514029,0.2832981,0.9511651,-0.12258558
1356594277042,0.51737845,-0.043593794,0.8546456,0.8080611,-0.30387154,-0.5046774,0.28170326,0.9517151,-0.121990144
1356594277082,0.46699923,-0.02711004,0.883842,0.83882433,-0.3026876,-0.45249733,0.27979526,0.9527041,-0.118614286
1356594277110,0.4095618,-0.010250151,0.91222477,0.8688463,-0.30048847,-0.39346263,0.27814603,0.95373034,-0.11416283
1356594277150,0.34913877,0.004586786,0.9370598,0.8952116,-0.29717186,-0.33209202,0.27694458,0.954813,-0.10786037
1356594277190,0.28936082,0.017727137,0.9570559,0.9164529,-0.29381013,-0.2716426,0.2763773,0.95569944,-0.101263225
1356594277230,0.23809725,0.028462052,0.9708242,0.9310567,-0.29123664,-0.21980578,0.27648348,0.9562275,-0.09584242
1356594277270,0.20179841,0.036510676,0.97874635,0.9394046,-0.28996107,-0.18287042,0.2771216,0.95634186,-0.092812
1356594277310,0.1840809,0.042130113,0.9820078,0.9427237,-0.29032803,-0.16426134,0.278184,0.9559994,-0.09316093
1356594277350,0.18473715,0.045995682,0.98171103,0.9419967,-0.29308635,-0.1635319,0.2802043,0.95497894,-0.097471714
1356594277390,0.19928464,0.048963457,0.9787176,0.937703,-0.29959354,-0.1759452,0.28460258,0.9528097,-0.10561758
1356594277430,0.21967542,0.05181575,0.97419596,0.93063563,-0.31071228,-0.19332659,0.29267728,0.9490906,-0.11647743
1356594277470,0.23803815,0.055235922,0.9696839,0.9222844,-0.32587424,-0.20783979,0.3045148,0.9437981,-0.1285137
1356594277510,0.24950495,0.059773177,0.966527,0.91439235,-0.34312704,-0.2148265,0.31880072,0.9373852,-0.14026803
1356594277550,0.25259808,0.06579512,0.9653317,0.908281,-0.35999998,-0.21313277,0.33349624,0.9306294,-0.1506958
1356594277590,0.24806234,0.07346839,0.9659542,0.90461147,-0.3743371,-0.20383793,0.34661686,0.92437774,-0.15931928
1356594277630,0.2366825,0.08279273,0.9680531,0.90365934,-0.38476464,-0.18803164,0.3569049,0.919294,-0.16588348
1356594277702,0.21619761,0.09346184,0.971866,0.9056462,-0.39109617,-0.16385597,0.3647788,0.915592,-0.16919747
1356594277711,0.1827656,0.10581955,0.9774451,0.9100301,-0.39446217,-0.12745517,0.37207782,0.91279894,-0.1683931
1356594277749,0.13508081,0.11743519,0.9838507,0.9143381,-0.39734733,-0.0781084,0.38175777,0.9101231,-0.16104949
1356594277790,0.07219249,0.128324,0.9891012,0.91561663,-0.4017833,-0.0147024095,0.3955177,0.90669894,-0.1465013
1356594277830,4.118681E-4,0.13755643,0.9904939,0.91090095,-0.40875417,0.056387573,0.41262496,0.9022186,-0.12546864
1356594277870,-0.07046878,0.14443779,0.9870014,0.90022314,-0.41701144,0.12529859,0.42968878,0.89735115,-0.10063991
1356594277910,-0.13130409,0.14870322,0.9801258,0.88725555,-0.42338252,0.18309757,0.4421954,0.8936635,-0.07634589
1356594277950,-0.17712694,0.15011802,0.972672,0.8766799,-0.42508137,0.2252517,0.447279,0.8926201,-0.056312174
1356594277990,-0.20620847,0.14834213,0.96719843,0.8714466,-0.42171532,0.25047377,0.44503814,0.8945116,-0.042311043
1356594278030,-0.21796262,0.14292079,0.9654356,0.8724254,-0.41486615,0.2583798,0.43745443,0.8985876,-0.03426245
1356594278070,-0.21246344,0.13322708,0.9680444,0.8793771,-0.4059083,0.24886611,0.4260929,0.9041511,-0.030916214
1356594278110,-0.18975538,0.11836597,0.9746704,0.8915349,-0.39507174,0.22154832,0.41128853,0.91099274,-0.030560434
1356594278150,-0.14912218,0.09707531,0.98404217,0.90722895,-0.38241118,0.1752066,0.39331698,0.91887873,-0.03104356
1356594278191,-0.09085059,0.067899555,0.9935471,0.92314124,-0.36850893,0.10959673,0.3735726,0.9271412,-0.029201597
1356594278230,-0.019910216,0.028843075,0.9993856,0.9342717,-0.35539126,0.028869867,0.35600564,0.93427247,-0.019871354
1356594278271,0.04226464,-0.020638764,0.99889326,0.9368702,-0.34653133,-0.046800256,0.3471137,0.9378113,0.0046898127
1356594278310,0.056892693,-0.076550454,0.9954412,0.9340348,-0.3480729,-0.08015028,0.35262167,0.9343368,0.05169803
1356594278350,-0.010288835,-0.12785071,0.99174,0.9281371,-0.37028277,-0.038106233,0.37209615,0.92007864,0.12247279
1356594278390,-0.1393714,-0.16262764,0.9767947,0.9076846,-0.41528815,0.060368806,0.3958336,0.89503527,0.20549387
1356594278431,-0.25838393,-0.18159881,0.94882005,0.8740804,-0.46218133,0.1495719,0.41136485,0.86799204,0.2781523
1356594278470,-0.31135064,-0.20003125,0.9290039,0.85520494,-0.485232,0.1821382,0.41434914,0.8511976,0.32214504
1356594278510,-0.26172894,-0.23772952,0.93540514,0.8744379,-0.46860313,0.1255765,0.40848053,0.8508207,0.33052665
1356594278552,-0.06963444,-0.3039858,0.9501282,0.91463876,-0.39966822,-0.06083718,0.3982297,0.8647878,0.3058679
1356594278591,0.2534216,-0.36895198,0.8942326,0.887165,-0.27987278,-0.3668916,0.38563675,0.8863101,0.25639552
1356594278627,0.54414433,-0.38194215,0.74701214,0.7521812,-0.17233348,-0.63602257,0.37165904,0.9079765,0.19351539
1356594278657,0.69304645,-0.35871714,0.6253067,0.625557,-0.13184276,-0.7689576,0.35828054,0.92408836,0.1330249
1356594278700,0.7745707,-0.32719922,0.541277,0.5295084,-0.13258848,-0.8378789,0.34592044,0.93560725,0.0705556
1356594278730,0.8001075,-0.29422233,0.52274394,0.4970539,-0.1626587,-0.8523377,0.33580565,0.9417937,0.01609993
1356594278761,0.80387485,-0.2633102,0.5333413,0.49561268,-0.19925253,-0.8453795,0.3288666,0.94391,-0.029674232
1356594278800,0.78681386,-0.23377325,0.57120395,0.52257675,-0.24008666,-0.81809044,0.32838613,0.9421828,-0.06673905
1356594278841,0.7352016,-0.19958627,0.64779925,0.5887373,-0.28563568,-0.756175,0.33595675,0.9373247,-0.09249592
1356594278882,0.64758825,-0.16115639,0.7447537,0.6754259,-0.33105278,-0.6589415,0.3527454,0.92974865,-0.1055367
1356594278920,0.5283849,-0.12071979,0.8403785,0.7600719,-0.37377542,-0.53158504,0.37828574,0.91962963,-0.10574155
1356594278960,0.39747548,-0.082041055,0.9139379,0.8219162,-0.4110244,-0.3943511,0.40800372,0.90792525,-0.09594126
1356594279000,0.28154773,-0.049696743,0.95825946,0.85547054,-0.43934262,-0.2741321,0.43462765,0.8969439,-0.081181854
1356594279040,0.19647723,-0.026248008,0.980157,0.8704226,-0.45553857,-0.18667948,0.45139924,0.88982904,-0.06665613
1356594279082,0.14516234,-0.012579858,0.98932785,0.8781912,-0.45895362,-0.13469124,0.45575005,0.8883711,-0.055575237
1356594279120,0.1254679,-0.0086043775,0.9920603,0.8844532,-0.45203733,-0.11577928,0.4494445,0.8919575,-0.049105987
1356594279162,0.1351577,-0.013358921,0.9907341,0.89008725,-0.4376439,-0.12732846,0.43528965,0.8990492,-0.04726039
1356594279200,0.17300957,-0.025195032,0.9845979,0.89333034,-0.41696173,-0.16764212,0.41476336,0.9085748,-0.04963091
1356594279240,0.23712122,-0.041642576,0.9705872,0.8906487,-0.38967115,-0.23431033,0.38796705,0.9200122,-0.055310458
1356594279281,0.32117358,-0.06028709,0.9450995,0.8776928,-0.35585925,-0.3209667,0.35567248,0.932593,-0.06137909
1356594279320,0.4090664,-0.081012726,0.90890133,0.8537675,-0.31760654,-0.41256157,0.32209575,0.94475555,-0.060756132
1356594279360,0.4742841,-0.1082536,0.87369084,0.8292277,-0.27839565,-0.48464152,0.29569587,0.9543464,-0.042271793
1356594279401,0.48888132,-0.15011781,0.85933685,0.8244244,-0.24251041,-0.51138365,0.2851659,0.95846415,0.0052019656
1356594279440,0.43696615,-0.21043143,0.8745166,0.8509524,-0.21831211,-0.4777236,0.29144564,0.95292103,0.08367212
1356594279480,0.32833123,-0.278535,0.9025613,0.8939282,-0.21702307,-0.39216518,0.3051083,0.935585,0.17773479
1356594279520,0.20787132,-0.33298278,0.9197347,0.9258126,-0.2364878,-0.29486355,0.31569052,0.91279566,0.25912064
1356594279560,0.12738162,-0.36129934,0.9237081,0.9383361,-0.2578811,-0.23026654,0.32140204,0.8960804,0.30617094
1356594279600,0.108207464,-0.3649305,0.9247253,0.9392891,-0.26714432,-0.21533665,0.32561803,0.8918854,0.31386828
1356594279640,0.14085531,-0.34937942,0.92633355,0.933545,-0.2646532,-0.24176943,0.32962635,0.8988285,0.28888357
1356594279699,0.20409006,-0.3194122,0.92537725,0.9209938,-0.2577755,-0.29209957,0.33183977,0.9118813,0.24156724
1356594279722,0.27661002,-0.2796979,0.91937804,0.90218806,-0.2539181,-0.3486864,0.33097363,0.92590207,0.18210383
1356594279762,0.34374243,-0.23473018,0.909254,0.880125,-0.25709563,-0.39910123,0.3274464,0.93744516,0.11821723
1356594279802,0.39605448,-0.18860132,0.8986492,0.85972327,-0.2675837,-0.43505725,0.32251623,0.944896,0.0561672
1356594279842,0.4288596,-0.14469141,0.8917084,0.8455652,-0.28313273,-0.45260933,0.31796053,0.9481034,9.2187524E-4
1356594279882,0.43927178,-0.10600206,0.89207834,0.84059525,-0.30181685,-0.44978446,0.31692237,0.9474545,-0.04347478
1356594279922,0.42542076,-0.07512075,0.9018725,0.8451844,-0.32329577,-0.42560914,0.32354367,0.9433116,-0.07404584
1356594279962,0.38826358,-0.05345121,0.9199969,0.85633993,-0.34792727,-0.381613,0.3404897,0.93599653,-0.0893151
1356594280002,0.33406124,-0.040459633,0.9416826,0.8685611,-0.37480626,-0.3242251,0.36606655,0.92621994,-0.0900666
1356594280042,0.27444118,-0.033795744,0.96100986,0.8773465,-0.40029508,-0.26462615,0.39363077,0.9157629,-0.080206856
1356594280082,0.22173464,-0.030789047,0.9746208,0.8824787,-0.4188484,-0.21400326,0.41480732,0.90753406,-0.06570254
1356594280122,0.18397957,-0.029975772,0.9824729,0.88671005,-0.42624605,-0.17905176,0.4241424,0.90411043,-0.051840737
1356594280161,0.16472477,-0.031175554,0.98584676,0.89183706,-0.422212,-0.16236842,0.4212983,0.9059608,-0.041745216
1356594280201,0.16548574,-0.034707904,0.98560125,0.89735067,-0.40928,-0.16508096,0.40911645,0.91174847,-0.0365849
1356594280242,0.18755978,-0.04105261,0.98139495,0.9011506,-0.39035314,-0.18855265,0.39083117,0.9197495,-0.036219954
1356594280282,0.2321617,-0.04978016,0.9714025,0.9007374,-0.36592937,-0.23402533,0.3671145,0.9293103,-0.040115982
1356594280322,0.3004195,-0.060846806,0.95186436,0.8919593,-0.3355903,-0.30296502,0.33787093,0.9400408,-0.046545014
1356594280362,0.38727638,-0.075630814,0.91885626,0.86985445,-0.30033836,-0.391344,0.30556545,0.95082957,-0.050526172
1356594280402,0.47489756,-0.09782562,0.87458706,0.83551645,-0.26198542,-0.4829864,0.27637747,0.96010095,-0.042681307
1356594280441,0.53720695,-0.13453692,0.8326515,0.8025331,-0.2222144,-0.55367994,0.25951752,0.96567106,-0.011404768
1356594280471,0.57240176,-0.1813604,0.79966533,0.77962613,-0.18177554,-0.5992836,0.25404584,0.96647096,0.037344657
1356594280512,0.5362497,-0.24956077,0.8063224,0.8007472,-0.15166688,-0.57948357,0.2669087,0.9564082,0.11850373
1356594280552,0.45778853,-0.32235456,0.82856333,0.842468,-0.14045501,-0.5201154,0.28403747,0.936141,0.20727473
1356594280592,0.38490415,-0.37757948,0.84218913,0.87434065,-0.1430754,-0.46374345,0.29559654,0.9148569,0.27506274
1356594280632,0.36566138,-0.40534645,0.8378461,0.88045734,-0.14125246,-0.4525956,0.3018058,0.9031844,0.30523962
1356594280702,0.4105156,-0.4073485,0.8158088,0.8589039,-0.12769508,-0.4959616,0.30620408,0.90430135,0.2974525
1356594280712,0.49482998,-0.38789347,0.7776129,0.81205463,-0.11216971,-0.5726999,0.30937123,0.91485333,0.25948578
1356594280749,0.58111346,-0.35447225,0.7325685,0.75250614,-0.10874048,-0.64954597,0.3099059,0.9287222,0.20355201
1356594280790,0.6506452,-0.31442112,0.69123095,0.6945297,-0.121681154,-0.70909953,0.30706567,0.9414526,0.13920355
1356594280830,0.6974123,-0.27314523,0.6625766,0.650254,-0.14752018,-0.7452566,0.30130672,0.95059425,0.07473141
1356594280870,0.7224035,-0.2334802,0.6508611,0.6258143,-0.17956993,-0.75901985,0.29409117,0.95563686,0.016393274
1356594280910,0.7258254,-0.19738543,0.65895104,0.62449306,-0.2125735,-0.7515458,0.28841966,0.9570013,-0.031025443
1356594280950,0.7049351,-0.16682178,0.6893744,0.64786726,-0.24413966,-0.7215705,0.28867728,0.9552834,-0.06402424
1356594280990,0.65472174,-0.14305305,0.7422097,0.69426423,-0.27447066,-0.6653292,0.29889214,0.9508952,-0.080385305
1356594281030,0.5732788,-0.12530339,0.8097225,0.7543195,-0.30515584,-0.5812763,0.3199274,0.9440228,-0.08042061
1356594281070,0.47036713,-0.11103466,0.87545764,0.8109381,-0.3368767,-0.47842824,0.3480434,0.93497884,-0.06841348
1356594281110,0.3681571,-0.09777999,0.92460775,0.8503828,-0.36665446,-0.37737727,0.3759115,0.92520463,-0.051836014
1356594281150,0.28767627,-0.08512381,0.9539373,0.87195027,-0.38873273,-0.29763994,0.3961629,0.9174098,-0.03760542
1356594281190,0.23791993,-0.074486285,0.96842444,0.8828335,-0.39912856,-0.24759111,0.40496805,0.9138644,-0.029201612
1356594281230,0.21884859,-0.06765875,0.97341025,0.8887228,-0.39802903,-0.22747439,0.4028362,0.9148744,-0.02697818
1356594281270,0.22827101,-0.06566805,0.97138053,0.89108914,-0.38786805,-0.2356238,0.39224046,0.9193727,-0.030022964
1356594281310,0.26499188,-0.06834507,0.96182543,0.8884297,-0.3704083,-0.27109104,0.37479585,0.92635125,-0.037435398
1356594281350,0.3280677,-0.07436541,0.9417226,0.8771963,-0.34597394,-0.33290935,0.35056847,0.93529236,-0.048269764
1356594281390,0.4131025,-0.08205336,0.9069805,0.8527655,-0.31465214,-0.4168754,0.3195894,0.9456539,-0.060011327
1356594281448,0.50688744,-0.091475606,0.85714483,0.8137218,-0.27736405,-0.5108091,0.28446773,0.9564002,-0.066156656
1356594281470,0.5858251,-0.10721573,0.8033142,0.77009654,-0.23518822,-0.5929906,0.25250793,0.96601826,-0.055212677
1356594281511,0.62466085,-0.13844565,0.7685256,0.74499655,-0.18931526,-0.6396404,0.23404905,0.97210723,-0.015116304
1356594281548,0.6056067,-0.19284248,0.77204424,0.7604089,-0.14573586,-0.6328818,0.23456103,0.97034675,0.058380507
1356594281591,0.5250955,-0.2657642,0.8084826,0.8141353,-0.11986512,-0.56816894,0.24790782,0.9565572,0.15342739
1356594281630,0.41123244,-0.33396468,0.8481482,0.87347996,-0.121652335,-0.47141623,0.26061568,0.93470216,0.24168414
1356594281705,0.32216603,-0.37391606,0.8697102,0.90829515,-0.13687241,-0.39530483,0.26685014,0.9173074,0.2955305
1356594281717,0.27943957,-0.38244557,0.88070935,0.9209782,-0.1526044,-0.35848445,0.2715009,0.9112888,0.30958027
1356594281761,0.29781216,-0.36626646,0.881565,0.9132303,-0.15967768,-0.37485117,0.27806166,0.9167071,0.28693163
1356594281800,0.35100955,-0.33317855,0.875091,0.89181876,-0.16589034,-0.42087963,0.28539723,0.9281554,0.23890585
1356594281840,0.4162119,-0.28951424,0.86194503,0.86136395,-0.1780886,-0.47574863,0.29123852,0.94046056,0.17525446
1356594281880,0.47545022,-0.24136433,0.84598494,0.8290924,-0.19864899,-0.5226322,0.29419878,0.9498852,0.10566557
1356594281920,0.5197704,-0.19356409,0.8320887,0.8019887,-0.22505471,-0.55332136,0.2943686,0.9549258,0.038259447
1356594281960,0.5451374,-0.14972869,0.8248676,0.7852534,-0.25338975,-0.56495214,0.29360247,0.9557066,-0.020557284
1356594282000,0.5487555,-0.11292052,0.82832134,0.78201556,-0.28089598,-0.55637133,0.29549786,0.9530721,-0.06583759
1356594282040,0.5283522,-0.08547881,0.8447114,0.7927575,-0.3064993,-0.5268715,0.30393985,0.94802505,-0.09417558
1356594282080,0.48428077,-0.068288416,0.87224364,0.8140203,-0.33025503,-0.47781026,0.32069173,0.9414183,-0.10434802
1356594282120,0.42242214,-0.06017083,0.9043999,0.83872116,-0.35237053,-0.41518897,0.3436661,0.93392426,-0.09838258
1356594282160,0.35530567,-0.05810052,0.93294275,0.85971737,-0.37148172,-0.35055286,0.36693847,0.92662054,-0.08203952
1356594282200,0.29732168,-0.058994263,0.95295304,0.8744451,-0.3838989,-0.29659307,0.38333493,0.92148864,-0.06255421
1356594282240,0.25829524,-0.061366588,0.964115,0.8846252,-0.38603026,-0.26157027,0.38822922,0.92044276,-0.04542339
1356594282280,0.2424624,-0.06518456,0.96796846,0.89192414,-0.37755793,-0.24883974,0.3816847,0.92368877,-0.033403844
1356594282320,0.25088096,-0.07070169,0.9654325,0.8957912,-0.36105466,-0.2592249,0.3669016,0.9298606,-0.027247772
1356594282360,0.2835219,-0.077554375,0.9558246,0.89406335,-0.33907145,-0.29271373,0.34679413,0.9375584,-0.02679567
1356594282400,0.3392338,-0.08455557,0.9368942,0.8837426,-0.3126528,-0.34820566,0.32236537,0.9460964,-0.031337008
1356594282440,0.41327077,-0.090599686,0.90608996,0.8618369,-0.28235936,-0.42131984,0.2940144,0.9550209,-0.038608745
1356594282480,0.49383816,-0.09727514,0.86409575,0.8284137,-0.24941078,-0.5015229,0.2643004,0.9634999,-0.042584553
1356594282520,0.5624718,-0.11088064,0.819348,0.79149127,-0.21435708,-0.5723572,0.23909631,0.97044146,-0.03280878
1356594282560,0.6018808,-0.14085394,0.78606594,0.76616323,-0.17577857,-0.618139,0.22524083,0.97430086,0.002119355
1356594282600,0.6034936,-0.19276777,0.77371573,0.7650219,-0.133591,-0.629996,0.22480437,0.97210807,0.06685025
1356594282640,0.5718665,-0.2599981,0.7780551,0.786808,-0.094585896,-0.60990715,0.23216775,0.9609654,0.15047812
1356594282703,0.5271493,-0.3229761,0.7860026,0.81536233,-0.06830534,-0.5749075,0.23936957,0.94393903,0.22733545
1356594282722,0.4959039,-0.36214367,0.78925997,0.8335247,-0.056402326,-0.5495957,0.24354869,0.9304143,0.27388555
1356594282762,0.49116915,-0.3710448,0.78808534,0.83548325,-0.055265844,-0.5467297,0.24641547,0.92696893,0.28285685
1356594282802,0.5091834,-0.35384938,0.78455263,0.82383776,-0.06338957,-0.56327,0.2490452,0.93315184,0.2592376
1356594282842,0.53868634,-0.31864932,0.7799229,0.8044497,-0.080545604,-0.58853495,0.25035554,0.9444444,0.21294844
1356594282882,0.5679604,-0.27502042,0.7757479,0.7843482,-0.104786426,-0.61140627,0.24943712,0.95571095,0.15619731
1356594282922,0.5926135,-0.22874689,0.7723238,0.76676035,-0.13352686,-0.6278926,0.24675447,0.9642849,0.09626424
1356594282962,0.6093651,-0.18440646,0.7711475,0.7545515,-0.16389859,-0.63544434,0.24356997,0.969088,0.039270043
1356594283002,0.61657286,-0.14550808,0.7737346,0.74933934,-0.19301656,-0.6334313,0.24151295,0.97034633,-0.009973846
1356594283042,0.612435,-0.11558786,0.78202486,0.75216746,-0.2191897,-0.62145,0.24324384,0.96881133,-0.047298014
1356594283082,0.5951753,-0.09790003,0.79761016,0.762947,-0.24284029,-0.5991164,0.25234535,0.9651136,-0.069840014
1356594283122,0.563909,-0.09414226,0.82045346,0.77984786,-0.26620227,-0.56654537,0.2717424,0.95930886,-0.07669723
1356594283162,0.5211204,-0.10180792,0.84738934,0.7989943,-0.2908785,-0.52630585,0.30006942,0.951328,-0.070238784
1356594283202,0.47305194,-0.11549258,0.8734319,0.8161746,-0.3158892,-0.4838108,0.33178434,0.94174063,-0.05516985
1356594283243,0.4287932,-0.12766379,0.8943368,0.8295528,-0.33637744,-0.44574913,0.35774076,0.9330338,-0.038332492
1356594283282,0.3958121,-0.13340092,0.9085907,0.84013504,-0.34691066,-0.41692463,0.3708179,0.9283627,-0.025236621
1356594283322,0.3770398,-0.13204572,0.916736,0.84917617,-0.34588873,-0.39907494,0.3697848,0.92893755,-0.018283725
1356594283361,0.37235975,-0.12543294,0.9195731,0.8562294,-0.33585387,-0.3925218,0.35807735,0.9335249,-0.017659113
1356594283391,0.37834924,-0.11830026,0.9180724,0.85958344,-0.3231035,-0.39587942,0.34346503,0.9389405,-0.020557046
1356594283421,0.39269298,-0.109532356,0.9131236,0.8598805,-0.30842435,-0.4067921,0.3261865,0.9449217,-0.026931316
1356594283461,0.41981682,-0.09516412,0.902606,0.85616016,-0.28854904,-0.4286366,0.30123687,0.95272416,-0.03966205
1356594283501,0.46221638,-0.07888767,0.88325125,0.84468544,-0.26402384,-0.46561578,0.26993066,0.96128476,-0.055400908
1356594283540,0.51133627,-0.06511095,0.8569106,0.8264818,-0.23599511,-0.51111054,0.23550567,0.9695704,-0.06685983
1356594283581,0.5530974,-0.06388804,0.8306633,0.8074312,-0.20456219,-0.55336165,0.20527554,0.97676635,-0.06155759
1356594283622,0.5702946,-0.0882307,0.81668806,0.79951215,-0.16856629,-0.5765117,0.18853214,0.9817335,-0.025590926
1356594283662,0.5476865,-0.14600053,0.8238467,0.81489384,-0.13017267,-0.5648037,0.18970397,0.98068297,0.047681108
1356594283704,0.47947365,-0.22979265,0.8469359,0.85370535,-0.10133773,-0.5108012,0.20320493,0.9679494,0.14758644
1356594283742,0.3903361,-0.30794087,0.8676464,0.89501965,-0.093993664,-0.43601054,0.2158187,0.9467512,0.23892394
1356594283782,0.3141902,-0.35843718,0.87909466,0.9228027,-0.10218346,-0.37147534,0.22297949,0.9279448,0.29866165
1356594283822,0.2764129,-0.3741243,0.88522696,0.933949,-0.11258811,-0.33920962,0.2265726,0.9205188,0.31829226
1356594283862,0.28170663,-0.3604968,0.8892038,0.93179536,-0.11830652,-0.34316322,0.22890782,0.9252273,0.3025815
1356594283902,0.31941164,-0.3263864,0.8896338,0.91932374,-0.12096131,-0.37444943,0.22982642,0.9374649,0.26141822
1356594283942,0.37436703,-0.27996337,0.8840078,0.8985418,-0.12597778,-0.42041892,0.22906736,0.951709,0.20439693
1356594283982,0.43247825,-0.22847235,0.8722173,0.8723308,-0.1386348,-0.4688491,0.2280387,0.963629,0.13934688
1356594284023,0.48372677,-0.17771459,0.8569865,0.84478366,-0.16116741,-0.5102604,0.22879899,0.97079486,0.07216938
1356594284062,0.51926816,-0.13353205,0.8441149,0.8224478,-0.19034234,-0.53604996,0.2322506,0.972594,0.010984406
1356594284102,0.5380173,-0.098713905,0.8371338,0.8080379,-0.22239307,-0.54554194,0.24002534,0.9699468,-0.039886713
1356594284142,0.53810877,-0.07495284,0.8395362,0.8036832,-0.25456685,-0.53785586,0.25403193,0.96414614,-0.07674633
1356594284181,0.5195583,-0.06307998,0.8521033,0.80867314,-0.28568998,-0.51422656,0.2758748,0.95624375,-0.09742151
1356594284222,0.48419586,-0.062589824,0.8727181,0.819902,-0.31577888,-0.47753987,0.30547512,0.94676614,-0.10158129
1356594284262,0.43910336,-0.069996804,0.8957057,0.8321259,-0.34421784,-0.43483415,0.33875486,0.93627703,-0.09290108
1356594284302,0.3949082,-0.08072132,0.91516757,0.84121996,-0.36866742,-0.39551663,0.36931908,0.92604995,-0.07768543
1356594284360,0.36253846,-0.09070262,0.9275445,0.8462143,-0.38497502,-0.36839575,0.390496,0.9184591,-0.062814385
1356594284380,0.34852284,-0.09839919,0.9321209,0.84809136,-0.39032787,-0.35830882,0.39909014,0.91540253,-0.05258666
1356594284420,0.3548584,-0.10417381,0.9290981,0.84695005,-0.38502127,-0.36665288,0.39591813,0.9170096,-0.048398063
1356594284458,0.38114762,-0.10883361,0.9180859,0.8411659,-0.37123638,-0.39322174,0.3836227,0.9221381,-0.049948737
1356594284501,0.42644644,-0.11201617,0.8975499,0.82823586,-0.35047734,-0.43725407,0.36355036,0.92984843,-0.056684032
1356594284540,0.48893178,-0.112820655,0.8649955,0.80495405,-0.32375896,-0.49722147,0.3361468,0.939389,-0.06748067
1356594284580,0.56278384,-0.11033136,0.8192078,0.769549,-0.29187942,-0.5679795,0.30177584,0.9500702,-0.07935963
1356594284620,0.63566005,-0.10803214,0.7643726,0.72519815,-0.25584632,-0.6392421,0.26462054,0.9606622,-0.08428663
1356594284660,0.6894783,-0.115501404,0.7150378,0.6854517,-0.2149414,-0.6956696,0.23404203,0.969773,-0.069026805
1356594284705,0.70711595,-0.1459384,0.69187355,0.6716432,-0.16732131,-0.72173333,0.22109382,0.9750413,-0.02029702
1356594284742,0.67689073,-0.2067314,0.7064567,0.6993933,-0.118599,-0.7048286,0.22949521,0.97118306,0.064307965
1356594284782,0.59685093,-0.2888605,0.74855095,0.7623144,-0.08687544,-0.6413497,0.25029135,0.95342135,0.16835088
1356594284822,0.49093387,-0.364636,0.7912171,0.82878,-0.0844588,-0.55316406,0.2685288,0.92731184,0.26073936
1356594284862,0.4033262,-0.4098384,0.81814444,0.8719053,-0.09919858,-0.47952127,0.27768502,0.90674806,0.31733093
1356594284902,0.36264867,-0.420252,0.8317898,0.88862205,-0.11297798,-0.44450757,0.28077906,0.90034676,0.3324738
1356594284942,0.36866993,-0.40318844,0.83756876,0.8859402,-0.12037289,-0.44790646,0.2814113,0.9071655,0.31282303
1356594284982,0.40624222,-0.36692235,0.8368604,0.86964774,-0.12588516,-0.47735286,0.28049973,0.92169464,0.26795328
1356594285022,0.4566888,-0.319263,0.8303653,0.8449384,-0.13644883,-0.5171663,0.2784144,0.9377915,0.20744288
1356594285062,0.5058922,-0.266974,0.82024264,0.81730866,-0.1557079,-0.5547627,0.2758255,0.95104146,0.13942873
1356594285102,0.5452043,-0.21519148,0.81021285,0.7925919,-0.18246862,-0.58181024,0.2730391,0.9593736,0.07107636
1356594285142,0.5696969,-0.16744548,0.80461633,0.77604604,-0.21268994,-0.5937302,0.2705512,0.96266556,0.008776598
1356594285182,0.5760617,-0.12614176,0.80761456,0.7714375,-0.24276507,-0.5881747,0.27025393,0.961849,-0.042537235
1356594285221,0.5620896,-0.09256926,0.8218796,0.7800741,-0.270885,-0.5640086,0.27484474,0.9581504,-0.08005076
1356594285262,0.52687943,-0.06710139,0.8472871,0.8003206,-0.29645836,-0.52115184,0.2861554,0.95268553,-0.10249518
1356594285302,0.4716194,-0.04924959,0.8804258,0.82778883,-0.31934324,-0.46128684,0.3038762,0.9463585,-0.1098402
1356594285342,0.40272018,-0.03747666,0.9145556,0.8557025,-0.33929393,-0.3907081,0.32494563,0.93993354,-0.10457164
1356594285381,0.33228007,-0.02936709,0.94272345,0.8783211,-0.35461298,-0.32062694,0.34371787,0.93455184,-0.09203704
1356594285411,0.27453256,-0.02242881,0.9613161,0.8933043,-0.364034,-0.26360312,0.35586414,0.9311155,-0.079903394
1356594285452,0.23301989,-0.017172962,0.9723203,0.90449405,-0.3634274,-0.22318387,0.35720062,0.9314642,-0.06915292
1356594285492,0.21274358,-0.014718771,0.97699714,0.912226,-0.35528982,-0.20399201,0.35011968,0.9346403,-0.062158763
1356594285532,0.21501023,-0.01524049,0.9764929,0.9163651,-0.3426034,-0.20711812,0.33770636,0.93935645,-0.05969736
1356594285572,0.24162394,-0.018730372,0.97018915,0.91552854,-0.3269559,-0.23432294,0.3215981,0.9448539,-0.061852142
1356594285612,0.29442003,-0.024155289,0.9553708,0.9070091,-0.30788413,-0.28730065,0.30108336,0.9511171,-0.06873816
1356594285652,0.37375617,-0.0309574,0.9270102,0.8856995,-0.28483617,-0.3666124,0.27539548,0.9580761,-0.079040274
1356594285705,0.470236,-0.040838182,0.8815953,0.8474061,-0.25815785,-0.46395835,0.24653798,0.96523917,-0.08678858
1356594285732,0.5598443,-0.060239315,0.82640517,0.7983575,-0.22776937,-0.55744636,0.22180995,0.97185004,-0.07942289
1356594285772,0.6127526,-0.0984914,0.7841133,0.76151884,-0.1916303,-0.61916643,0.21124241,0.97651285,-0.042418934
1356594285812,0.6084155,-0.16138643,0.777036,0.76276743,-0.15142643,-0.6286937,0.21912646,0.9752048,0.030970126
1356594285852,0.54752433,-0.24089995,0.8013641,0.80237365,-0.12068388,-0.5844931,0.23751599,0.9630175,0.12721434
1356594285892,0.46054974,-0.3138409,0.83029985,0.85055995,-0.1114811,-0.5139258,0.25385368,0.94290817,0.21559793
1356594285932,0.39836144,-0.35949054,0.8438452,0.87869966,-0.114270926,-0.4634966,0.26304966,0.92612565,0.2703631
1356594285971,0.39235187,-0.37359092,0.84052944,0.88023233,-0.11268437,-0.46096975,0.26692867,0.9207236,0.28463495
1356594286012,0.43557462,-0.3616352,0.8243147,0.8595178,-0.10494354,-0.500216,0.26740217,0.9263946,0.2651211
1356594286051,0.5021318,-0.33097532,0.79894865,0.82316744,-0.100242704,-0.55888003,0.2650642,0.93829995,0.22211301
1356594286092,0.567142,-0.2895672,0.7710388,0.7811327,-0.10768545,-0.6150085,0.26111594,0.9510808,0.1651175
1356594286132,0.6155937,-0.24468404,0.7491155,0.74487287,-0.12971422,-0.6544759,0.2573107,0.9608871,0.102407224
1356594286172,0.64284986,-0.20067841,0.73923767,0.72246075,-0.16185862,-0.67219967,0.2545479,0.9661936,0.040931433
1356594286211,0.64927506,-0.15908971,0.74372864,0.7172301,-0.19725183,-0.6683357,0.2530272,0.96735835,-0.013966739
1356594286251,0.63482296,-0.120631635,0.7631827,0.7297711,-0.23088697,-0.6435258,0.25383848,0.9654736,-0.05853889
1356594286291,0.59697235,-0.086245716,0.79761255,0.7591337,-0.260859,-0.5963796,0.25949958,0.9615167,-0.09025359
1356594286332,0.53306174,-0.05698055,0.84415543,0.8009454,-0.2875219,-0.52518356,0.27263832,0.9560777,-0.10762866
1356594286372,0.4445132,-0.033681244,0.89513886,0.8461181,-0.31229585,-0.43192086,0.29409572,0.94938767,-0.11032136
1356594286412,0.34341553,-0.015994161,0.9390474,0.8828236,-0.33565393,-0.32857114,0.32045013,0.94184965,-0.101148784
1356594286452,0.24834263,-0.0036182106,0.9686655,0.90486145,-0.35607576,-0.23331475,0.3457625,0.93445003,-0.08515479
1356594286490,0.17535686,0.004349768,0.98449534,0.9150142,-0.36975145,-0.1613473,0.3633167,0.92912054,-0.06881857
1356594286530,0.13099015,0.007983476,0.9913515,0.9198322,-0.3739782,-0.118528366,0.3697976,0.9274031,-0.05633089
1356594286570,0.116235375,0.0070897043,0.99319637,0.9233402,-0.3692271,-0.105424345,0.3659676,0.92931217,-0.04946345
1356594286610,0.1312741,0.0015650094,0.99134487,0.9257709,-0.35785168,-0.12202579,0.35456353,0.93377703,-0.048425496
1356594286650,0.17769372,-0.008300483,0.98405075,0.92450607,-0.3412472,-0.16981986,0.3372142,0.9399369,-0.052963614
1356594286706,0.26429635,-0.019938052,0.9642354,0.9137061,-0.31482488,-0.25695613,0.30868843,0.9489404,-0.06498958
1356594286741,0.40190735,-0.0425677,0.9146904,0.87296736,-0.2837167,-0.39677814,0.27640286,0.9579629,-0.07686764
1356594286782,0.5453719,-0.067988366,0.83543223,0.8020141,-0.24734452,-0.5436856,0.24360389,0.9665393,-0.08036713
1356594286822,0.66415447,-0.10109773,0.74072814,0.7150444,-0.20328237,-0.6688707,0.21819824,0.97388685,-0.06272156
1356594286862,0.7332709,-0.14818494,0.6635926,0.6470865,-0.14760281,-0.74799234,0.20878927,0.9778828,-0.01234439
1356594286902,0.7519763,-0.21105996,0.62448806,0.62279797,-0.08294316,-0.7779738,0.21599607,0.97394776,0.06907642
1356594286942,0.73442304,-0.28220794,0.617237,0.63822055,-0.022185236,-0.7695338,0.23086208,0.9590967,0.16381755
1356594286982,0.7147451,-0.34183145,0.6101563,0.65611404,0.025621355,-0.7542266,0.24218538,0.93941194,0.24259317
1356594287022,0.7287673,-0.37142774,0.57527363,0.63851404,0.065095484,-0.76685226,0.24738249,0.92617714,0.28460127
1356594287061,0.7784441,-0.36777475,0.50869095,0.57586026,0.095890805,-0.811905,0.24981944,0.92495763,0.2864325
1356594287102,0.83547443,-0.34295464,0.429377,0.48870403,0.106385574,-0.8659391,0.25129834,0.9333082,0.25648576
1356594287140,0.8798599,-0.31215045,0.3583415,0.40326628,0.09145424,-0.91050124,0.2514415,0.94562054,0.20634666
1356594287180,0.9086413,-0.28446737,0.30569488,0.33417907,0.05640328,-0.94082046,0.25039047,0.9570252,0.14631337
1356594287220,0.9256139,-0.26258898,0.2725543,0.28506362,0.010005921,-0.9584563,0.24895296,0.9648558,0.08411619
1356594287279,0.9347739,-0.2457535,0.2565208,0.25470653,-0.039706767,-0.9662028,0.24763335,0.9685187,0.025478184
1356594287300,0.9382273,-0.23276253,0.25602955,0.24209143,-0.087100625,-0.9663359,0.24722713,0.9686253,-0.02537036
1356594287341,0.93573856,-0.22353172,0.27281293,0.24897143,-0.12923166,-0.95985013,0.24981305,0.96609145,-0.06527403
1356594287378,0.9249314,-0.21830073,0.31120184,0.27923563,-0.16531107,-0.94588566,0.25793263,0.96177804,-0.09194407
1356594287421,0.9011822,-0.21659938,0.37544018,0.3364894,-0.19638002,-0.9209831,0.27321333,0.95630527,-0.10409078
1356594287460,0.8581495,-0.2159787,0.4657603,0.42038566,-0.22516991,-0.8789621,0.2947123,0.95007986,-0.10243511
1356594287500,0.79238355,-0.21253458,0.5718018,0.5202452,-0.25403264,-0.81536025,0.31854856,0.9435552,-0.09072119
1356594287540,0.7112557,-0.20334035,0.6728804,0.61584646,-0.28124297,-0.735959,0.33889306,0.937846,-0.07480925
1356594287580,0.6341005,-0.18936864,0.749704,0.6892415,-0.30108094,-0.6590116,0.35051778,0.9346067,-0.060394824
1356594287620,0.58017254,-0.17502412,0.7954661,0.7345886,-0.30942142,-0.6038526,0.35182303,0.93467903,-0.050947092
1356594287660,0.55919266,-0.16424966,0.8126042,0.7540326,-0.30664033,-0.5808671,0.34458444,0.9375467,-0.04762143
1356594287706,0.5722302,-0.15826508,0.8046767,0.75025487,-0.29519543,-0.5915886,0.33116478,0.9422376,-0.05018056
1356594287742,0.6149072,-0.15548792,0.7731188,0.72402334,-0.2772261,-0.6316138,0.312537,0.94813985,-0.05789143
1356594287782,0.6785004,-0.1521517,0.71867037,0.6757513,-0.2543975,-0.69183964,0.28809252,0.9550559,-0.06979212
1356594287821,0.7484689,-0.14547679,0.6470169,0.61080456,-0.22876303,-0.7580141,0.25828698,0.96255076,-0.08236414
1356594287862,0.8063636,-0.13761832,0.575186,0.5459605,-0.20071165,-0.8134138,0.22738717,0.9699361,-0.08671242
1356594287902,0.8376064,-0.13819093,0.5285062,0.5065674,-0.16562407,-0.84614307,0.20446266,0.97645885,-0.06872475
1356594287942,0.8338445,-0.1605121,0.5281469,0.51506543,-0.11785643,-0.8490097,0.19852185,0.9799723,-0.015599702
1356594287982,0.7875334,-0.21281676,0.57835984,0.5794608,-0.06377819,-0.8125007,0.20980057,0.97500837,0.07309154
1356594288022,0.6954927,-0.28694636,0.6587501,0.681529,-0.026978374,-0.7312937,0.22761405,0.95756674,0.176799
1356594288062,0.5801507,-0.35560334,0.7327833,0.7780613,-0.024163306,-0.6277236,0.24092707,0.9343246,0.26266283
1356594288102,0.4879652,-0.3933886,0.77918893,0.83695054,-0.0425525,-0.5456217,0.24779779,0.918387,0.30848265
1356594288141,0.44494852,-0.395978,0.8032573,0.85959256,-0.062790066,-0.5071076,0.25124007,0.91611075,0.31244135
1356594288182,0.44711304,-0.37053,0.8141237,0.85812366,-0.07915783,-0.50730443,0.25241584,0.92544127,0.2825681
1356594288222,0.47425637,-0.32670197,0.81752473,0.8438599,-0.096013814,-0.52790314,0.25096065,0.9402378,0.23015559
1356594288261,0.50773287,-0.27345654,0.8169632,0.82522976,-0.11793646,-0.5523466,0.24739257,0.9546269,0.16578427
1356594288302,0.53449607,-0.2181719,0.8165262,0.80946714,-0.14569083,-0.56880313,0.24305728,0.9649741,0.098731816
1356594288342,0.54771674,-0.16555306,0.82012105,0.8017688,-0.17627984,-0.57104474,0.23910904,0.97031826,0.036183886
1356594288381,0.5441278,-0.118159115,0.8306404,0.8048747,-0.2059814,-0.55655056,0.23685795,0.971396,-0.016976953
1356594288422,0.52064,-0.07807878,0.8501986,0.81970596,-0.23279062,-0.52334565,0.23878041,0.9693876,-0.057198495
1356594288462,0.47407663,-0.04725635,0.8792145,0.8449109,-0.2565503,-0.46936917,0.24774349,0.96537495,-0.08169709
1356594288502,0.40581754,-0.026792705,0.91356134,0.8747208,-0.27833638,-0.39672697,0.2649068,0.96010983,-0.08951761
1356594288541,0.3239759,-0.016127229,0.94592786,0.900944,-0.29983994,-0.3136811,0.2886858,0.95385313,-0.08261116
1356594288582,0.2437644,-0.01180014,0.96976274,0.9176507,-0.3207724,-0.23456842,0.31384104,0.9470828,-0.067364484
1356594288622,0.17994761,-0.009720385,0.98362815,0.9254021,-0.3373869,-0.17262965,0.33354127,0.9413158,-0.051716655
1356594288662,0.13911307,-0.007491231,0.9902481,0.9290467,-0.3451804,-0.13312656,0.34281155,0.9385064,-0.041059375
1356594288706,0.120805025,-0.004716128,0.99266505,0.93220234,-0.3431558,-0.1150772,0.34118155,0.9392666,-0.037058532
1356594288741,0.1220448,-0.0016100705,0.9925232,0.9356773,-0.333385,-0.11559558,0.3310785,0.9427893,-0.03918135
1356594288782,0.14058453,0.0018004179,0.99006706,0.938701,-0.31816363,-0.13271224,0.31476432,0.94803417,-0.046418965
1356594288822,0.17529243,0.00599432,0.9844982,0.9399923,-0.29834086,-0.1655516,0.2927236,0.95444065,-0.057931542
1356594288862,0.22484466,0.011441648,0.97432756,0.93789124,-0.27367195,-0.21322253,0.26420644,0.96175516,-0.07226476
1356594288902,0.28424644,0.015585363,0.9586246,0.93053985,-0.24525255,-0.2719316,0.23086694,0.96933395,-0.084214985
1356594288942,0.3394106,0.010955632,0.9405745,0.9195247,-0.21453547,-0.32931584,0.19817865,0.9766548,-0.08288965
1356594288982,0.3679303,-0.015095979,0.9297309,0.91308165,-0.18318254,-0.3643159,0.17581013,0.9829631,-0.053614557
1356594289022,0.34410223,-0.07227549,0.9361463,0.92336226,-0.15477023,-0.35135227,0.17028171,0.9853032,0.013479665
1356594289062,0.25566733,-0.15482503,0.95428693,0.95031303,-0.14108002,-0.27749172,0.17759347,0.9778168,0.11106266
1356594289102,0.12629211,-0.23615977,0.96347225,0.9742429,-0.1533835,-0.16530022,0.186818,0.95953214,0.21070588
1356594289142,0.010922551,-0.28904578,0.9572529,0.9813117,-0.18082565,-0.065798014,0.19211453,0.9400822,0.28166896
1356594289182,-0.047002614,-0.30746374,0.95039827,0.97961676,-0.20021123,-0.016322732,0.19529909,0.93025887,0.31060705
1356594289221,-0.037921727,-0.2995824,0.95331645,0.97927785,-0.20106679,-0.024231404,0.19893953,0.9326428,0.30099916
1356594289261,0.0246979,-0.27398795,0.9614159,0.97885674,-0.188707,-0.07892433,0.20305026,0.94303775,0.2635343
1356594289302,0.11886221,-0.2364262,0.9643518,0.9710306,-0.17509103,-0.16261175,0.20729506,0.95574355,0.20876543
1356594289342,0.21845526,-0.19274938,0.9566216,0.9524559,-0.17123324,-0.2520057,0.2123794,0.9661919,0.14617851
1356594289382,0.30215916,-0.14897159,0.9415451,0.9277986,-0.18078765,-0.3263519,0.2188369,0.9721745,0.083589
1356594289421,0.35987458,-0.109044075,0.92660654,0.9052249,-0.19971886,-0.37507355,0.22596034,0.9737668,0.02683568
1356594289462,0.3903617,-0.074419886,0.91764885,0.890713,-0.22162798,-0.39687702,0.23291224,0.9722873,-0.020228297
1356594289502,0.3943932,-0.04585758,0.91779685,0.88693154,-0.24231607,-0.3932371,0.24042985,0.969113,-0.054895252
1356594289542,0.37301326,-0.024724066,0.92749655,0.8931557,-0.2611457,-0.36616358,0.25126484,0.9649826,-0.075328365
1356594289582,0.32844687,-0.011604935,0.9444511,0.90579855,-0.27950907,-0.31843933,0.26767814,0.9600729,-0.08129212
1356594289622,0.26792356,-0.006192237,0.9634203,0.9188738,-0.29897663,-0.25745696,0.28963432,0.9542404,-0.07441303
1356594289661,0.20370197,-0.0056317747,0.9790168,0.92772675,-0.31835854,-0.19486147,0.31277576,0.94795364,-0.059625536
