1356594778108,-0.56069255,-0.50380135,-0.65712106,-0.4006697,-0.5294288,0.74777603,-0.7246294,0.6825609,0.09498876
1356594778146,0.24445766,0.38338926,-0.89064765,-0.644318,-0.6221884,-0.44467512,-0.7246343,0.6825645,0.09492588
1356594778187,0.24537933,0.38375053,-0.8902384,-0.6439254,-0.6219434,-0.44558525,-0.7246716,0.68258464,0.09449476
1356594778226,0.24817723,0.38505977,-0.8888965,-0.6427538,-0.6210649,-0.4484931,-0.72475904,0.68264735,0.09336442
1356594778266,0.25374794,0.38789153,-0.8860881,-0.64042795,-0.6191458,-0.45443416,-0.724889,0.6827873,0.09130964
1356594778306,0.26178855,0.3924033,-0.8817519,-0.6370037,-0.61609733,-0.4633037,-0.7250469,0.6829668,0.08867517
1356594778346,0.27083498,0.39803177,-0.8764811,-0.6329052,-0.61241746,-0.47368324,-0.72531337,0.6830194,0.08605233
1356594778386,0.27908444,0.40395802,-0.87116575,-0.62868327,-0.6088909,-0.48374498,-0.7258576,0.682693,0.084029675
1356594778427,0.28494775,0.40932754,-0.8667501,-0.6249379,-0.6063036,-0.49178115,-0.7268132,0.6817969,0.0830394
1356594778466,0.28755623,0.41342735,-0.8639383,-0.6221031,-0.6052211,-0.4966843,-0.72821647,0.6802833,0.0831593
1356594778506,0.28681767,0.4157614,-0.86306316,-0.6203467,-0.60590917,-0.49804014,-0.7300038,0.6782451,0.08413082
1356594778546,0.28285146,0.4159411,-0.8642847,-0.61974293,-0.60847825,-0.49565414,-0.7320613,0.67583084,0.08566755
1356594778586,0.27593642,0.41373986,-0.86757046,-0.6202751,-0.6128601,-0.4895523,-0.73424655,0.67321765,0.08752206
1356594778626,0.2666695,0.40920562,-0.8726042,-0.6217982,-0.61871374,-0.48016697,-0.7363792,0.6706297,0.089451194
1356594778666,0.2555318,0.40264836,-0.8789641,-0.62415826,-0.62559474,-0.4680362,-0.73832923,0.66821086,0.09145689
1356594778707,0.24229854,0.39427754,-0.88647425,-0.62740993,-0.6332593,-0.45314395,-0.74003255,0.6659789,0.09393582
1356594778746,0.22678465,0.38440102,-0.8948768,-0.63159853,-0.6413747,-0.43557048,-0.74138516,0.6639836,0.09733325
1356594778786,0.20901221,0.37367392,-0.9037045,-0.6367489,-0.64936864,-0.415778,-0.74220264,0.6623356,0.10221043
1356594778826,0.19032371,0.36291063,-0.91218024,-0.6425191,-0.656473,-0.39523724,-0.7422574,0.6613163,0.108234584
1356594778866,0.17336196,0.35345823,-0.91924584,-0.6482708,-0.66170263,-0.3766889,-0.7414112,0.6612237,0.11442262
1356594778906,0.16035903,0.34648055,-0.92424893,-0.65361387,-0.6643846,-0.36246642,-0.7396444,0.6622267,0.119924515
1356594778947,0.15216744,0.3426055,-0.9270742,-0.6584892,-0.66435015,-0.353597,-0.7370461,0.6642743,0.12450957
1356594778986,0.14894164,0.3421713,-0.9277581,-0.66279936,-0.6617219,-0.35045847,-0.73383474,0.66711533,0.12823302
1356594779044,0.15044218,0.34531584,-0.92635,-0.66631484,-0.6567975,-0.35304636,-0.7303368,0.6703537,0.13127893
1356594779068,0.15482497,0.35136384,-0.92334855,-0.6691269,-0.650316,-0.35966378,-0.72684133,0.6735223,0.13442194
1356594779107,0.15819824,0.35852474,-0.92001814,-0.67179006,-0.6437816,-0.36639237,-0.72365147,0.6760217,0.13900822
1356594779147,0.15594393,0.36428535,-0.91813815,-0.6749337,-0.63937885,-0.36831945,-0.72121155,0.67711955,0.1461612
1356594779177,0.14940268,0.3679507,-0.9177642,-0.6780181,-0.63747287,-0.36595052,-0.7197015,0.67693466,0.15423709
1356594779207,0.13693523,0.36804456,-0.9196696,-0.68105453,-0.63919353,-0.35720664,-0.7193147,0.6752593,0.16313016
1356594779248,0.11430347,0.3626855,-0.9248751,-0.68350786,-0.6468939,-0.33814985,-0.72093815,0.6708111,0.17395613
1356594779289,0.08386105,0.35117823,-0.93254554,-0.68448716,-0.65981793,-0.31002825,-0.72418547,0.66431475,0.18504399
1356594779328,0.050448,0.33548152,-0.94069505,-0.6831944,-0.67544496,-0.2775236,-0.7284918,0.6566781,0.19512433
1356594779368,0.019431412,0.31805372,-0.94787353,-0.6802475,-0.6905872,-0.24566782,-0.73272496,0.64956224,0.20293617
1356594779408,-0.0046061873,0.3019402,-0.95331573,-0.67710865,-0.7024718,-0.21921968,-0.7358687,0.6444886,0.20768201
1356594779449,-0.019451678,0.28910267,-0.9571004,-0.67508096,-0.7099142,-0.20071729,-0.7374871,0.642216,0.20897678
1356594779489,-0.024510622,0.28084126,-0.95944124,-0.67335904,-0.71400416,-0.19179642,-0.7389093,0.64134735,0.20660758
1356594779528,-0.02237022,0.27679157,-0.9606696,-0.66867983,-0.71848285,-0.19144095,-0.74321383,0.6380978,0.20115757
1356594779569,-0.014691353,0.27631128,-0.96095586,-0.65571505,-0.7282114,-0.19936368,-0.7548655,0.6271843,0.1918799
1356594779609,-0.0042387843,0.27793908,-0.96058935,-0.63426673,-0.7433948,-0.21229666,-0.7731027,0.60837,0.17943859
1356594779649,0.008708715,0.28053898,-0.95980316,-0.60510916,-0.7626739,-0.22841088,-0.79609495,0.5827748,0.16311473
1356594779699,0.025087237,0.28323781,-0.9587214,-0.5739207,-0.78115237,-0.24579607,-0.8185264,0.5563965,0.14295924
1356594779729,0.040984154,0.28347018,-0.95810485,-0.55084944,-0.7936074,-0.25836432,-0.8335978,0.53836036,0.123624116
1356594779769,0.058464706,0.28207916,-0.95760804,-0.5396989,-0.79805106,-0.26802918,-0.8398256,0.53249025,0.10557997
1356594779809,0.07472223,0.27720514,-0.9579008,-0.53974986,-0.79646933,-0.27259266,-0.8385027,0.5373956,0.09010741
1356594779851,0.088419735,0.26837087,-0.9592492,-0.54885036,-0.79051423,-0.27175438,-0.8312312,0.55051273,0.07739845
1356594779890,0.09734142,0.2544511,-0.96217424,-0.5640765,-0.782391,-0.26397324,-0.8199648,0.56843543,0.06737086
1356594779934,0.102559745,0.23629062,-0.9662547,-0.58654326,-0.770174,-0.25059706,-0.803398,0.5924514,0.05960587
1356594779970,0.100244164,0.21019286,-0.9725071,-0.61308235,-0.75677574,-0.2267611,-0.78363335,0.6189584,0.053003166
1356594780046,0.09890419,0.1811946,-0.9784613,-0.6405801,-0.7408611,-0.20194575,-0.7614953,0.6467562,0.0427953
1356594780065,0.13129532,0.16200429,-0.97801644,-0.6449697,-0.7352506,-0.20837611,-0.752845,0.6581498,0.007952929
1356594780103,0.18731517,0.15043606,-0.9707121,-0.61727464,-0.7506895,-0.23545155,-0.76412374,0.6432996,-0.047755208
1356594780147,0.28910482,0.18410644,-0.9394271,-0.5243782,-0.7905555,-0.31630623,-0.80090326,0.58406067,-0.13201201
1356594780186,0.3720994,0.22612783,-0.9002268,-0.40265915,-0.8345321,-0.37606096,-0.8363059,0.5024166,-0.21947643
1356594780229,0.41928768,0.25565794,-0.87111247,-0.30074313,-0.86623716,-0.39898214,-0.8565929,0.42926934,-0.2863152
1356594780266,0.43732196,0.26717016,-0.8587023,-0.2491562,-0.8814773,-0.40114707,-0.86410105,0.3893814,-0.31892228
1356594780308,0.42980278,0.2556013,-0.8659893,-0.25491536,-0.8857292,-0.3879457,-0.8661915,0.38749415,-0.31553218
1356594780346,0.3959117,0.21512133,-0.8927356,-0.3083864,-0.8845657,-0.3499163,-0.8649577,0.41384342,-0.28386942
1356594780387,0.32499146,0.13436945,-0.9361226,-0.39578086,-0.8796793,-0.26366997,-0.8589168,0.45618987,-0.23270741
1356594780427,0.19370192,-0.004881352,-0.9810482,-0.4959645,-0.8632802,-0.09362976,-0.8464625,0.5047014,-0.16964
1356594780468,0.0041071773,-0.18128811,-0.98342144,-0.5593843,-0.81558657,0.14801252,-0.8288983,0.5495026,-0.104759425
1356594780508,-0.19810611,-0.33651572,-0.9206037,-0.5548656,-0.7357402,0.3883434,-0.80800873,0.58774453,-0.04096642
1356594780550,-0.31626487,-0.38375494,-0.8675879,-0.52871233,-0.6880322,0.4970665,-0.78768003,0.6159091,0.014704376
1356594780588,-0.35506153,-0.35012296,-0.8668018,-0.5272452,-0.6906765,0.494953,-0.771974,0.63275576,0.06063196
1356594780629,-0.32213104,-0.2505076,-0.9129499,-0.5586914,-0.72821367,0.39694935,-0.76426136,0.637927,0.09462379
1356594780672,-0.24747825,-0.12742768,-0.96047735,-0.58932686,-0.7670555,0.25361317,-0.7690568,0.62879884,0.114732996
1356594780709,-0.16620702,-0.014486909,-0.9859845,-0.6009835,-0.7912427,0.112933114,-0.781789,0.6113307,0.12280363
1356594780749,-0.09615302,0.06920397,-0.99295783,-0.5918981,-0.806012,0.0011416078,-0.80025697,0.58783966,0.118462235
1356594780788,-0.03994888,0.12616822,-0.99120414,-0.57419765,-0.81474304,-0.08056474,-0.8177414,0.56592864,0.10499364
1356594780826,0.0012718439,0.15916766,-0.9872507,-0.55970806,-0.81801164,-0.13260345,-0.82868886,0.5527408,0.08804715
1356594780866,0.028557122,0.17193581,-0.9846941,-0.5550274,-0.81655794,-0.15867415,-0.8313416,0.55106354,0.07211065
1356594780903,0.040386915,0.1656745,-0.9853532,-0.5609318,-0.81233704,-0.15957512,-0.82687634,0.5591607,0.060124185
1356594780945,0.035234034,0.14092918,-0.9893925,-0.57577294,-0.8063274,-0.13535765,-0.81685007,0.57443464,0.052733038
1356594780987,0.009836972,0.09568843,-0.9953627,-0.5978941,-0.7973123,-0.08255786,-0.8015148,0.59593356,0.04936838
1356594781068,-0.044784606,0.022777468,-0.998737,-0.6275723,-0.77848893,0.010386676,-0.7772691,0.62724483,0.04915884
1356594781070,-0.15642017,-0.10583329,-0.98200417,-0.64262474,-0.74411464,0.18255681,-0.7500442,0.6596157,0.048383385
1356594781106,-0.311216,-0.27068734,-0.9109737,-0.61915255,-0.66946536,0.41044647,-0.72096795,0.6917692,0.040751517
1356594781149,-0.48605078,-0.45901722,-0.74367857,-0.5255764,-0.5263458,0.6683783,-0.6982292,0.7157257,0.014582157
1356594781198,-0.5900361,-0.60380197,-0.53598547,-0.41355225,-0.34413832,0.8429373,-0.6934204,0.7190215,-0.046649694
1356594781240,-0.5950871,-0.69167686,-0.409212,-0.3830655,-0.20349646,0.90102714,-0.7064928,0.6929447,-0.14385933
1356594781280,-0.57026833,-0.75324756,-0.32773772,-0.39508444,-0.09829682,0.91337067,-0.72020984,0.6503505,-0.24154079
1356594781320,-0.60550636,-0.78497857,-0.1310369,-0.32291657,0.091845095,0.94196033,-0.7273836,0.612677,-0.30909538
1356594781362,-0.6780734,-0.6863646,0.26290703,-0.070198774,0.4165417,0.90640235,-0.7316342,0.5961516,-0.3306278
1356594781400,-0.67432225,-0.5987462,0.43219507,0.06910503,0.53154755,0.8442048,-0.7351966,0.5991329,-0.31705797
1356594781440,-0.66356146,-0.5850204,0.46630177,0.12902471,0.5244657,0.8415987,-0.73691165,0.6186169,-0.27253318
1356594781480,-0.6547434,-0.5937796,0.4676931,0.17756726,0.4806133,0.8587669,-0.7346978,0.645319,-0.20924258
1356594781520,-0.6474567,-0.60959935,0.45737118,0.22315466,0.42219198,0.8786102,-0.7286987,0.67092663,-0.13731605
1356594781560,-0.64190346,-0.62953836,0.43776867,0.2605464,0.35787278,0.8966842,-0.72116256,0.6896438,-0.06569588
1356594781600,-0.63858896,-0.6526996,0.40766096,0.28459352,0.2918808,0.9131332,-0.71499,0.6991344,-6.377697E-4
1356594781640,-0.63792956,-0.6792203,0.36291292,0.28981927,0.22486156,0.9302914,-0.71347797,0.6986395,0.053405225
1356594781679,-0.64001167,-0.7087367,0.29677832,0.27062386,0.15357304,0.95035684,-0.7191299,0.68855476,0.093512535
1356594781721,-0.64123356,-0.74307257,0.19147527,0.21627468,0.0643999,0.9742063,-0.736237,0.66610503,0.11941236
1356594781760,-0.6361324,-0.7707182,0.036453277,0.12622014,-0.057338,0.99034375,-0.7611859,0.6345909,0.13375479
1356594781805,-0.6097574,-0.77393115,-0.17095718,0.003876537,-0.21860433,0.9758058,-0.79257846,0.5943422,0.13629591
1356594781840,-0.5607889,-0.73234606,-0.38624454,-0.12006968,-0.38963705,0.91310793,-0.81920624,0.55843717,0.13057172
1356594781879,-0.50231826,-0.66049695,-0.5580503,-0.22121726,-0.5257386,0.821378,-0.83590627,0.5360435,0.11797479
1356594781918,-0.45237052,-0.5857825,-0.6724729,-0.2971478,-0.6119505,0.7329527,-0.84087104,0.5313901,0.1027644
1356594781960,-0.42072642,-0.52832836,-0.7374675,-0.3518987,-0.6542213,0.66944885,-0.8361558,0.5411687,0.08933011
1356594781999,-0.41161102,-0.4971455,-0.76382107,-0.38750884,-0.6631036,0.64041424,-0.8248716,0.559589,0.08029252
1356594782066,-0.42841047,-0.495205,-0.75580186,-0.40322727,-0.64376855,0.65036124,-0.8086236,0.5833815,0.0761171
1356594782076,-0.4755224,-0.52219725,-0.7079467,-0.3942188,-0.59293354,0.7021548,-0.78642863,0.61297625,0.0760932
1356594782117,-0.55163455,-0.5708788,-0.6081091,-0.3495195,-0.50375855,0.78997684,-0.75732124,0.6483245,0.07835734
1356594782162,-0.6421574,-0.62130046,-0.44902098,-0.26020935,-0.37430435,0.89004916,-0.72105837,0.68839103,0.078693986
1356594782200,-0.7128256,-0.6510633,-0.260761,-0.14336756,-0.228683,0.9628863,-0.68653154,0.7237546,0.069669664
1356594782241,-0.739261,-0.6611576,-0.12792149,-0.07036531,-0.11307979,0.9910912,-0.6697328,0.7416763,0.037072837
1356594782280,-0.7325671,-0.67597,-0.080062866,-0.071605325,-0.040439665,0.9966129,-0.67691815,0.73581874,-0.018778265
1356594782318,-0.6811755,-0.71136916,-0.17307171,-0.18891469,-0.057605207,0.98030245,-0.70732677,0.70045376,-0.09514886
1356594782357,-0.5523,-0.73307514,-0.39694524,-0.38221547,-0.2004866,0.9020623,-0.74086165,0.6499276,-0.16946393
1356594782398,-0.37746692,-0.6919893,-0.6153613,-0.5253835,-0.38718146,0.75766927,-0.76255554,0.6092958,-0.21741146
1356594782438,-0.29954398,-0.6550816,-0.69364357,-0.5618546,-0.46647203,0.68317145,-0.7710984,0.5943667,-0.22833169
1356594782478,-0.36540908,-0.68114084,-0.6344473,-0.5237389,-0.41301662,0.7450603,-0.7695282,0.60453653,-0.20581985
1356594782518,-0.50781715,-0.7271409,-0.46193922,-0.40709603,-0.27001655,0.8725617,-0.75920653,0.6311554,-0.15889716
1356594782558,-0.6187897,-0.73676676,-0.27253258,-0.2550699,-0.13968992,0.956779,-0.742993,0.6615598,-0.10148835
1356594782598,-0.67817277,-0.72197473,-0.13723782,-0.12461904,-0.07106215,0.9896566,-0.7242595,0.6882606,-0.0417794
1356594782638,-0.7054701,-0.70465237,-0.07600686,-0.044805765,-0.06268585,0.99702704,-0.707322,0.7067783,0.01265049
1356594782679,-0.71737164,-0.6919063,-0.08150905,-0.018416464,-0.09812081,0.9950041,-0.6964473,0.7152888,0.057646573
1356594782718,-0.7181658,-0.6794331,-0.1503613,-0.04521367,-0.17005962,0.984396,-0.6944016,0.7137579,0.09141135
1356594782760,-0.69800144,-0.6567542,-0.28542608,-0.12391198,-0.2818017,0.9514377,-0.7052942,0.69947255,0.11531824
1356594782809,-0.6349641,-0.60112345,-0.48525366,-0.24565424,-0.4384182,0.8645481,-0.7324442,0.66816163,0.13071138
1356594782849,-0.5410507,-0.5082615,-0.6700257,-0.35211384,-0.586609,0.7293186,-0.76372766,0.6305237,0.13841927
1356594782890,-0.44602132,-0.41384068,-0.7936,-0.4127991,-0.69162446,0.5926657,-0.7941423,0.59193885,0.13764614
1356594782929,-0.3704493,-0.33842075,-0.8650079,-0.44235158,-0.75460076,0.4846677,-0.8167572,0.5621824,0.12984039
1356594782970,-0.3174678,-0.2897777,-0.90290815,-0.45917517,-0.786114,0.4137427,-0.82968205,0.545943,0.11650716
1356594783010,-0.28947055,-0.26995543,-0.9183304,-0.46966472,-0.7959145,0.3820145,-0.8340394,0.5418894,0.103605315
1356594783071,-0.28480172,-0.27381092,-0.9186487,-0.4795239,-0.7891159,0.38386574,-0.830027,0.5498396,0.09344269
1356594783089,-0.30538988,-0.30338687,-0.9026037,-0.48330396,-0.76733524,0.42144257,-0.8204598,0.5649363,0.087708384
1356594783129,-0.34997463,-0.35108203,-0.8684809,-0.479509,-0.7293011,0.48804814,-0.8047291,0.58724886,0.08688989
1356594783170,-0.41936207,-0.413696,-0.8080786,-0.46126586,-0.6695661,0.582164,-0.78190094,0.61687666,0.08996686
1356594783209,-0.50545764,-0.48016348,-0.716907,-0.42295656,-0.5863125,0.69090194,-0.75207734,0.65244216,0.09326777
1356594783249,-0.5882956,-0.5364288,-0.60510534,-0.36949992,-0.48728538,0.791216,-0.7192901,0.6890552,0.088457465
1356594783289,-0.6424984,-0.5768957,-0.504368,-0.32542753,-0.3904752,0.8611771,-0.6937526,0.7174401,0.063142
1356594783330,-0.65192676,-0.6086315,-0.4522823,-0.32417193,-0.315503,0.8918354,-0.6854955,0.7280286,0.008383632
1356594783370,-0.611401,-0.63890404,-0.46689433,-0.3803087,-0.2801686,0.8814028,-0.69394094,0.71645457,-0.07168543
1356594783408,-0.5267809,-0.66165394,-0.5335878,-0.4708864,-0.2954557,0.83124727,-0.7076496,0.68914443,-0.15592343
1356594783448,-0.43614095,-0.6662825,-0.6048544,-0.5452282,-0.3390712,0.7666531,-0.7158962,0.66415244,-0.21539319
1356594783489,-0.3955652,-0.6596723,-0.63903105,-0.5729347,-0.3665669,0.7330584,-0.7178259,0.65609545,-0.232948
1356594783528,-0.41185635,-0.6503701,-0.6382735,-0.56295085,-0.36919594,0.7394462,-0.7165617,0.6638623,-0.21407074
1356594783569,-0.47449553,-0.64032006,-0.6040235,-0.5171939,-0.35245943,0.7799249,-0.71229523,0.6824681,-0.16392922
1356594783608,-0.53751147,-0.62324154,-0.56802416,-0.4620254,-0.34583384,0.81665874,-0.70541763,0.70140505,-0.102063835
1356594783649,-0.59027934,-0.6020835,-0.53764826,-0.4063509,-0.35387057,0.8424099,-0.69745904,0.7157311,-0.03577465
1356594783688,-0.62363267,-0.5777745,-0.52655387,-0.36473608,-0.38070828,0.84972286,-0.6914116,0.72196805,0.026686847
1356594783728,-0.63747275,-0.55147594,-0.5380546,-0.34314954,-0.422042,0.8391239,-0.6898383,0.71955186,0.07980156
1356594783768,-0.6333584,-0.52288646,-0.5704796,-0.34130403,-0.4728719,0.8123446,-0.6945277,0.70921224,0.121034086
1356594783808,-0.61240613,-0.4908523,-0.6196956,-0.35499847,-0.5296527,0.77035314,-0.7063531,0.69176,0.15011075
1356594783865,-0.55886567,-0.4533467,-0.69436735,-0.38109234,-0.60327065,0.7005948,-0.7365038,0.6561564,0.16438034
1356594783893,-0.49639517,-0.40759355,-0.76645905,-0.4048003,-0.67236763,0.6197247,-0.76793796,0.61789113,0.1687659
1356594783937,-0.42561042,-0.36494565,-0.82805216,-0.41788572,-0.7323852,0.53757167,-0.8026377,0.5748273,0.15920529
1356594783976,-0.36453313,-0.3302972,-0.87064314,-0.42284653,-0.77430874,0.470794,-0.8296485,0.5397684,0.14259602
1356594784017,-0.31708783,-0.30636758,-0.89754903,-0.42969382,-0.7972686,0.42394108,-0.8454695,0.5200978,0.12115987
1356594784067,-0.2884596,-0.2962632,-0.910505,-0.44137666,-0.80272317,0.4010265,-0.84969276,0.51755553,0.1007895
1356594784101,-0.28112257,-0.30162752,-0.9110384,-0.4554218,-0.79368496,0.4033053,-0.8447255,0.52828497,0.08575499
1356594784140,-0.29700065,-0.32400623,-0.8982264,-0.46673372,-0.7713852,0.43257895,-0.8330368,0.54770875,0.07787728
1356594784179,-0.3375435,-0.36484793,-0.86772716,-0.46883568,-0.73419136,0.4910767,-0.81624603,0.5725812,0.07676771
1356594784223,-0.40649003,-0.42245698,-0.8101209,-0.4557852,-0.6747093,0.5805403,-0.79184943,0.60522497,0.08171302
1356594784259,-0.4988731,-0.4944583,-0.7117841,-0.4139627,-0.5855928,0.6969333,-0.76142013,0.6423333,0.08744916
1356594784300,-0.59655595,-0.56110096,-0.573835,-0.34463274,-0.4666251,0.8145485,-0.72480977,0.68368614,0.0849942
1356594784340,-0.67691433,-0.61264783,-0.4079824,-0.25459057,-0.3251902,0.9107332,-0.6906306,0.7203568,0.064151525
1356594784382,-0.71571034,-0.64453477,-0.26894897,-0.1960714,-0.18417144,0.963139,-0.6703093,0.7420618,0.005438626
1356594784418,-0.73008,-0.6647051,-0.15858862,-0.17031203,-0.047760427,0.98423207,-0.66179836,0.7455777,-0.078338325
1356594784459,-0.7280794,-0.6798214,-0.08799586,-0.17899755,0.06462985,0.9817244,-0.66171,0.7305244,-0.16874194
1356594784498,-0.72295254,-0.6896939,-0.04076773,-0.18959776,0.14130706,0.9716404,-0.66437364,0.7101794,-0.23292267
1356594784539,-0.7199594,-0.69396496,-0.008430839,-0.18252721,0.17761612,0.96702445,-0.6695837,0.69775724,-0.2545439
1356594784578,-0.71872354,-0.6952388,0.008912593,-0.1574693,0.17524707,0.9718497,-0.6772295,0.69708776,-0.23543298
1356594784618,-0.7187033,-0.69522166,0.011505365,-0.12428284,0.14472586,0.9816355,-0.68411934,0.7040748,-0.19041908
1356594784658,-0.7206082,-0.69332945,0.004274547,-0.08695218,0.09648627,0.991529,-0.68786865,0.7141322,-0.12981534
1356594784701,-0.72302467,-0.6906507,-0.015395135,-0.055014223,0.035349905,0.99785966,-0.6886282,0.7223241,-0.063554525
1356594784739,-0.7238301,-0.68801165,-0.052058727,-0.03929159,-0.034225583,0.9986415,-0.6888586,0.72489214,-0.002259612
1356594784778,-0.7212415,-0.6845671,-0.10572955,-0.042677104,-0.10843176,0.9931874,-0.69136786,0.7208401,0.04899007
1356594784820,-0.7110504,-0.679388,-0.18121588,-0.068400145,-0.18966812,0.97946274,-0.69980615,0.70884264,0.08839339
1356594784858,-0.6898617,-0.6671765,-0.28100944,-0.11661404,-0.2806859,0.9526891,-0.7144872,0.68999344,0.11583239
1356594784901,-0.65034807,-0.64455926,-0.40198356,-0.18116587,-0.38230407,0.90610296,-0.737717,0.662108,0.13185859
1356594784939,-0.5887194,-0.6054991,-0.53551865,-0.2523927,-0.4916786,0.8333967,-0.7679241,0.62579787,0.13663727
1356594784980,-0.5135547,-0.55073893,-0.6579881,-0.3138284,-0.59314847,0.7414086,-0.7986071,0.58724916,0.13177669
1356594785030,-0.43961477,-0.49112466,-0.75202084,-0.35769138,-0.67228115,0.6481472,-0.82389057,0.55392647,0.11987367
1356594785073,-0.38054764,-0.4391601,-0.8138316,-0.38963556,-0.72197354,0.5717853,-0.8386702,0.53468925,0.10363293
1356594785105,-0.3490131,-0.4069429,-0.84414893,-0.4106229,-0.7433032,0.52809966,-0.84236497,0.53094053,0.09232247
1356594785146,-0.34473944,-0.39764836,-0.85031205,-0.4230899,-0.74279153,0.51889855,-0.83794373,0.5386432,0.08782855
1356594785189,-0.36920512,-0.41080606,-0.83362216,-0.42715752,-0.7216188,0.54479605,-0.825363,0.55722946,0.090946466
1356594785226,-0.41750097,-0.44623032,-0.79156274,-0.41611376,-0.68052226,0.6031077,-0.80780095,0.5811782,0.09843606
1356594785269,-0.48680097,-0.49268156,-0.7213111,-0.38829714,-0.61763614,0.6839232,-0.78246415,0.6130175,0.109359026
1356594785319,-0.5774554,-0.5447505,-0.6081054,-0.33728135,-0.5191331,0.78532934,-0.7434962,0.6585952,0.11604202
1356594785358,-0.658699,-0.59500456,-0.46052724,-0.25760186,-0.3967408,0.8810438,-0.706935,0.6989753,0.10805839
1356594785405,-0.68875426,-0.62773263,-0.36272472,-0.22293217,-0.29269743,0.9298545,-0.6898686,0.7213043,0.061654866
1356594785438,-0.68466467,-0.6573433,-0.31485564,-0.23548067,-0.20931953,0.94907016,-0.6897704,0.7239372,-0.011477947
1356594785479,-0.6355372,-0.69171256,-0.34296674,-0.31449848,-0.17375427,0.9332203,-0.70511216,0.7009588,-0.10711527
1356594785519,-0.5647201,-0.7189125,-0.40528506,-0.4075732,-0.1840744,0.8944276,-0.7176178,0.67028457,-0.18905896
1356594785559,-0.5146613,-0.7305892,-0.44873503,-0.46219653,-0.20440716,0.8628975,-0.7221483,0.6515037,-0.23247534
1356594785601,-0.51760083,-0.7297853,-0.44665736,-0.46067297,-0.20220947,0.86422896,-0.7210199,0.65308857,-0.23152858
1356594785639,-0.55902165,-0.7192697,-0.41248757,-0.41756696,-0.18557233,0.88949466,-0.71633285,0.66948795,-0.19660425
1356594785679,-0.61184055,-0.7001292,-0.36806267,-0.35258156,-0.1751343,0.9192465,-0.70805174,0.6922044,-0.13969845
1356594785718,-0.6556795,-0.6758241,-0.33666927,-0.28999877,-0.18628049,0.9387227,-0.6971263,0.7131349,-0.07384783
1356594785758,-0.68463624,-0.6501719,-0.32946885,-0.24562839,-0.21977645,0.94412124,-0.68625057,0.7273066,-0.009233773
1356594785798,-0.6986731,-0.62445796,-0.34915328,-0.22610728,-0.27028435,0.9358535,-0.67877185,0.7328018,0.047645986
1356594785839,-0.69696975,-0.59796435,-0.39581782,-0.23224944,-0.33399117,0.9135152,-0.6784492,0.728621,0.09390485
1356594785878,-0.6778044,-0.56800884,-0.46684834,-0.26079792,-0.40793246,0.87497187,-0.6874342,0.71481276,0.12836277
1356594785919,-0.6358478,-0.53325915,-0.5579716,-0.30361366,-0.49183285,0.8160387,-0.7095889,0.6882843,0.15082607
1356594785960,-0.57550186,-0.49189746,-0.65332556,-0.34670085,-0.5767867,0.73967254,-0.7406726,0.6521915,0.16140068
1356594785999,-0.5026983,-0.4482122,-0.7391888,-0.379305,-0.6540132,0.65451837,-0.7768024,0.6094034,0.15876228
1356594786079,-0.4308896,-0.408351,-0.80472594,-0.39900637,-0.713636,0.5757758,-0.8093999,0.5691865,0.14456362
1356594786081,-0.37280607,-0.37937295,-0.8468127,-0.4119771,-0.7500514,0.51739514,-0.8314388,0.54175556,0.12333074
1356594786117,-0.33661038,-0.3661842,-0.86752665,-0.42329922,-0.7641109,0.48677734,-0.8411368,0.53107774,0.10220224
1356594786159,-0.32389957,-0.36929742,-0.8710388,-0.4348807,-0.7595277,0.4837319,-0.840219,0.5354785,0.08541031
1356594786200,-0.33517265,-0.38911042,-0.85805154,-0.44274738,-0.73885536,0.5080035,-0.83164537,0.550169,0.0753665
1356594786240,-0.369133,-0.42413712,-0.82695144,-0.44156313,-0.70290905,0.55762076,-0.81777924,0.57098746,0.07218355
1356594786279,-0.42502832,-0.46912855,-0.77412486,-0.42783868,-0.6495404,0.6285311,-0.7976873,0.5983441,0.07536173
1356594786319,-0.49996388,-0.5183729,-0.69377637,-0.3961612,-0.57546866,0.7154664,-0.7701249,0.63255465,0.08235431
1356594786362,-0.58358455,-0.5612212,-0.586907,-0.34672967,-0.4813397,0.80504084,-0.73430765,0.6733074,0.08631039
1356594786400,-0.65491384,-0.5923445,-0.46927148,-0.28834477,-0.37812328,0.8797045,-0.6985306,0.7114427,0.07683879
1356594786445,-0.68959063,-0.615118,-0.382223,-0.2620648,-0.2800641,0.9235183,-0.67511976,0.7370168,0.031928837
1356594786480,-0.69859064,-0.6369357,-0.3260122,-0.26730722,-0.1903212,0.94462943,-0.66371524,0.7470547,-0.037300944
1356594786518,-0.676938,-0.6650159,-0.3154502,-0.3156454,-0.12488055,0.94062364,-0.66492325,0.7363143,-0.12537283
1356594786559,-0.6406025,-0.69270337,-0.33134627,-0.37549257,-0.09380865,0.92206573,-0.66980124,0.71509576,-0.20001096
1356594786599,-0.61258364,-0.70950544,-0.3483436,-0.41096604,-0.09055072,0.90714246,-0.6751653,0.6988581,-0.23611277
1356594786639,-0.60634696,-0.7118967,-0.35432544,-0.41017193,-0.1017344,0.9063163,-0.6812507,0.69487643,-0.23031366
1356594786679,-0.619839,-0.70220447,-0.3502977,-0.37992442,-0.122053385,0.91692984,-0.68662727,0.70143557,-0.19113117
1356594786723,-0.64455557,-0.6837462,-0.34210998,-0.33210146,-0.15266019,0.93080795,-0.68866295,0.71357274,-0.12867516
1356594786758,-0.66622806,-0.66225696,-0.34286422,-0.29004282,-0.19345528,0.93725675,-0.6870337,0.723872,-0.06319755
1356594786799,-0.68411,-0.6400922,-0.34967905,-0.2540633,-0.24027133,0.9368679,-0.68369967,0.7297613,0.0017481446
1356594786839,-0.69334394,-0.618863,-0.36916506,-0.2334299,-0.29178715,0.92756176,-0.68175125,0.72929347,0.05784768
1356594786886,-0.6883454,-0.60200846,-0.40468085,-0.22674528,-0.35135806,0.908369,-0.6890336,0.71703106,0.10535306
1356594786923,-0.66877973,-0.58492845,-0.45890346,-0.23770797,-0.41661847,0.87745315,-0.70443493,0.6959079,0.13958383
1356594786967,-0.6302465,-0.57163805,-0.52537537,-0.2562464,-0.4856149,0.83577263,-0.73288953,0.66136837,0.1595769
1356594787008,-0.57998407,-0.55775213,-0.5937432,-0.27529174,-0.5517795,0.78724444,-0.76670265,0.62004185,0.16647878
1356594787078,-0.5206833,-0.5443522,-0.6577002,-0.29190946,-0.6104256,0.7363215,-0.8022953,0.5753792,0.15893689
1356594787086,-0.4639479,-0.53136504,-0.7088043,-0.30666387,-0.6543201,0.69124705,-0.83108944,0.5380673,0.14062
1356594787128,-0.42080235,-0.52099866,-0.7426209,-0.32294396,-0.6789615,0.65933186,-0.847722,0.51727337,0.117455244
1356594787170,-0.39686966,-0.515667,-0.75933,-0.34063512,-0.6854478,0.6435286,-0.8523275,0.51405144,0.09637913
1356594787209,-0.3930375,-0.51618075,-0.7609724,-0.3584783,-0.6760786,0.6437476,-0.8467673,0.525809,0.08068466
1356594787251,-0.40751618,-0.5233758,-0.748337,-0.37211007,-0.6531801,0.65946174,-0.8339452,0.5472051,0.07142812
1356594787289,-0.4376983,-0.5366239,-0.72142553,-0.37806392,-0.61814517,0.6891763,-0.8157743,0.5743964,0.0676831
1356594787329,-0.48317105,-0.5531318,-0.67866844,-0.37466803,-0.56996405,0.7312761,-0.7913087,0.6076068,0.06814939
1356594787369,-0.5427406,-0.5697468,-0.61710715,-0.35927922,-0.5066339,0.783735,-0.7591779,0.6470786,0.070272565
1356594787410,-0.60914963,-0.58271736,-0.5379379,-0.33156055,-0.42905664,0.8402249,-0.7204195,0.6901817,0.06815368
1356594787450,-0.66763145,-0.5915035,-0.45209724,-0.2993732,-0.34269828,0.8904682,-0.68164796,0.72985035,0.05171585
1356594787491,-0.7011543,-0.6023071,-0.38158715,-0.28412998,-0.25482494,0.9243021,-0.65395164,0.7564988,0.00753808
1356594787530,-0.7089564,-0.6194731,-0.33709598,-0.29500982,-0.17366284,0.93957984,-0.6405856,0.7655679,-0.05963123
1356594787569,-0.6872872,-0.6464394,-0.331289,-0.3398732,-0.1168887,0.9331791,-0.64196765,0.7539583,-0.13937134
1356594787608,-0.6537105,-0.6725315,-0.3469351,-0.39047122,-0.09294242,0.9159115,-0.64822435,0.7342091,-0.20184678
1356594787649,-0.62998044,-0.68764967,-0.36091885,-0.41610068,-0.093527675,0.90449584,-0.65573215,0.71999335,-0.22721088
1356594787688,-0.63072276,-0.68816936,-0.35862473,-0.40477943,-0.102532804,0.9086477,-0.6620743,0.7182687,-0.21388704
1356594787729,-0.65288377,-0.67702293,-0.33968025,-0.36277914,-0.11417925,0.92485374,-0.6649316,0.72705096,-0.17106402
1356594787767,-0.68285835,-0.65957797,-0.3141039,-0.30522972,-0.13304293,0.94293916,-0.6637313,0.7397678,-0.110473275
1356594787808,-0.7078146,-0.64187837,-0.29494172,-0.24827912,-0.1648354,0.95456105,-0.661329,0.7488801,-0.042692125
1356594787848,-0.7209673,-0.6284152,-0.29206216,-0.20356749,-0.21080667,0.95609665,-0.66239434,0.7487688,0.024059832
1356594787889,-0.72099173,-0.620229,-0.30900943,-0.17618808,-0.26719916,0.9473977,-0.6701706,0.7375097,0.0833714
1356594787929,-0.7085492,-0.6158068,-0.34458685,-0.16546741,-0.32971442,0.9294671,-0.68598735,0.7155911,0.13172287
1356594787968,-0.6868647,-0.61169183,-0.39249194,-0.1674415,-0.392326,0.9044576,-0.70723414,0.68695945,0.16705233
1356594788009,-0.65472907,-0.60675025,-0.4507594,-0.17913851,-0.45480162,0.8723904,-0.7343291,0.6519277,0.18907952
1356594788077,-0.61438406,-0.5987278,-0.513865,-0.19603772,-0.5150206,0.8344597,-0.7642653,0.61341566,0.19904718
1356594788089,-0.5613691,-0.5875372,-0.5828077,-0.21752071,-0.57472503,0.7889081,-0.798467,0.56964135,0.19483131
1356594788126,-0.50838333,-0.5728854,-0.64292204,-0.23597151,-0.62534523,0.74381506,-0.828169,0.5298544,0.18273038
1356594788169,-0.4584877,-0.55815136,-0.69156075,-0.2536115,-0.6636368,0.70375246,-0.8517455,0.49804956,0.16271561
1356594788209,-0.42144072,-0.5476335,-0.7228314,-0.2704031,-0.68492985,0.67657465,-0.86560374,0.48059195,0.14057553
1356594788250,-0.40303147,-0.5452445,-0.7350334,-0.28615957,-0.68780166,0.6671144,-0.8692976,0.4792049,0.12117872
1356594788290,-0.4048434,-0.5531696,-0.72808313,-0.29827306,-0.6728076,0.67702514,-0.86436963,0.49125677,0.10738617
1356594788329,-0.42471343,-0.5717156,-0.70196855,-0.30168116,-0.641685,0.70514464,-0.8535849,0.511255,0.10005635
1356594788371,-0.4624383,-0.598072,-0.65456927,-0.2930507,-0.59366333,0.74945664,-0.83682275,0.53839934,0.099267185
1356594788409,-0.5123939,-0.62946916,-0.5841415,-0.2680577,-0.528995,0.80517673,-0.8158418,0.56915116,0.1023196
1356594788452,-0.5723905,-0.65573967,-0.4923154,-0.22899671,-0.44867635,0.8638576,-0.787356,0.60720253,0.106655896
1356594788490,-0.6309293,-0.67377186,-0.38465542,-0.17825149,-0.35664177,0.9170786,-0.7550859,0.6471771,0.104914844
1356594788529,-0.6758794,-0.6803825,-0.2833141,-0.13647977,-0.26221812,0.95530885,-0.72426546,0.6843402,0.08436936
1356594788570,-0.7001457,-0.6836796,-0.20585954,-0.12315717,-0.16835815,0.97800195,-0.7032981,0.71009696,0.033675253
1356594788609,-0.70158416,-0.69301426,-0.1658639,-0.15256998,-0.08127701,0.9849449,-0.69606185,0.7163276,-0.048710525
1356594788651,-0.6810907,-0.7129602,-0.16674307,-0.22253107,-0.015397787,0.974804,-0.6975639,0.70103544,-0.14816856
1356594788688,-0.64593136,-0.73748344,-0.19720796,-0.30746585,0.014874518,0.9514429,-0.69874,0.6752015,-0.23635894
1356594788728,-0.6125465,-0.7547486,-0.23482183,-0.37223768,0.013366878,0.9280411,-0.6972989,0.65587795,-0.28913367
1356594788768,-0.5962527,-0.7585896,-0.2627253,-0.39875567,-0.0041820407,0.9170477,-0.69676155,0.65155536,-0.29999834
1356594788808,-0.60288775,-0.7496384,-0.27307263,-0.3842315,-0.02715069,0.9228375,-0.6992085,0.6612905,-0.27166587
1356594788848,-0.6225791,-0.73289794,-0.274328,-0.3437969,-0.058753848,0.9372042,-0.70299286,0.6777969,-0.21538913
1356594788889,-0.6447992,-0.7131177,-0.275131,-0.29223058,-0.10260868,0.95082736,-0.70628273,0.69349444,-0.14223284
1356594788927,-0.6610121,-0.69423527,-0.2847811,-0.24710675,-0.15695655,0.95619184,-0.70852035,0.7024258,-0.067799985
1356594788970,-0.6699695,-0.67734355,-0.30388603,-0.21243262,-0.21730626,0.95270693,-0.71134615,0.70283985,0.0016986728
1356594789008,-0.6713172,-0.6613637,-0.33456105,-0.19464692,-0.2782328,0.9405844,-0.71515435,0.6965518,0.058050036
1356594789076,-0.664095,-0.64639735,-0.3756972,-0.19259045,-0.33764672,0.9213597,-0.7224174,0.684226,0.09973949
1356594789087,-0.6457433,-0.6306771,-0.43042082,-0.20618379,-0.3987397,0.8935855,-0.73518974,0.6657726,0.12744802
1356594789126,-0.61521024,-0.6119724,-0.49699694,-0.23031366,-0.46339893,0.85569674,-0.7539707,0.64089864,0.14414221
1356594789170,-0.5683254,-0.5889899,-0.57454073,-0.2596367,-0.53422177,0.80448484,-0.78076565,0.60638106,0.15068841
1356594789220,-0.50775117,-0.558312,-0.65610707,-0.28916168,-0.6069551,0.7402642,-0.81152594,0.565591,0.14673972
1356594789259,-0.45007074,-0.5220515,-0.72449887,-0.3139486,-0.66701937,0.6756637,-0.835986,0.53155184,0.13630855
1356594789299,-0.4042973,-0.48849404,-0.77325106,-0.33588982,-0.70705414,0.62229604,-0.8507184,0.5113198,0.12177998
1356594789339,-0.37559575,-0.46255618,-0.80310005,-0.35878384,-0.72640663,0.5861805,-0.8545186,0.5083062,0.106877565
1356594789379,-0.36565328,-0.44758248,-0.8160684,-0.38153887,-0.7276521,0.5700444,-0.84895575,0.5198004,0.09529826
1356594789419,-0.37422037,-0.44532686,-0.8134145,-0.3999027,-0.7139007,0.5748249,-0.83668214,0.5403979,0.08906874
1356594789461,-0.402533,-0.4567935,-0.7932886,-0.40944594,-0.68523407,0.60233563,-0.8187314,0.5672688,0.08879715
1356594789500,-0.44850194,-0.4825701,-0.75231117,-0.40447283,-0.6410107,0.6523091,-0.7970243,0.5968513,0.092307955
1356594789542,-0.5122626,-0.5168295,-0.6859112,-0.3832185,-0.5771881,0.72110844,-0.76859,0.6322508,0.097613275
1356594789580,-0.5847579,-0.55759627,-0.58918977,-0.338964,-0.49191344,0.80195045,-0.736995,0.668661,0.09864521
1356594789619,-0.6454841,-0.5939434,-0.48018906,-0.28594124,-0.3950615,0.8730201,-0.7082287,0.70082647,0.08517301
1356594789660,-0.6772241,-0.6271517,-0.3847701,-0.24780738,-0.29797834,0.92184615,-0.69279057,0.7196454,0.046385407
1356594789697,-0.6690957,-0.662758,-0.33624792,-0.2566658,-0.21853143,0.94147044,-0.6974479,0.71623725,-0.023888826
1356594789748,-0.6042195,-0.7060103,-0.3694161,-0.3394888,-0.19133675,0.92094386,-0.7208787,0.68186486,-0.12407321
1356594789788,-0.5269489,-0.74003017,-0.41794753,-0.42078793,-0.20009089,0.884817,-0.7384188,0.6421207,-0.20595813
1356594789829,-0.48324013,-0.75982755,-0.43490356,-0.4553774,-0.20612216,0.86610913,-0.7477369,0.61658394,-0.24640179
1356594789868,-0.49496293,-0.77083933,-0.4010218,-0.43465614,-0.1799789,0.8824294,-0.7523867,0.6110764,-0.24596721
1356594789926,-0.54995257,-0.771146,-0.32075858,-0.36041003,-0.12733316,0.9240622,-0.75343,0.623795,-0.20790154
1356594789946,-0.6020552,-0.7598202,-0.24536249,-0.27266717,-0.093173444,0.9575862,-0.75045466,0.64342207,-0.15108246
1356594789987,-0.6409221,-0.74333215,-0.19151014,-0.19007337,-0.08803499,0.9778149,-0.74370086,0.6631042,-0.08486408
1356594790024,-0.66464716,-0.72736764,-0.17082313,-0.13003919,-0.112526536,0.9851029,-0.735754,0.6769595,-0.019795835
1356594790065,-0.67646974,-0.7135565,-0.18227941,-0.09745571,-0.1585967,0.98252195,-0.7299939,0.68241054,0.037745714
1356594790121,-0.67802674,-0.70031357,-0.22325027,-0.09210989,-0.22038043,0.97105527,-0.72924316,0.678965,0.08491796
1356594790153,-0.6644967,-0.68462235,-0.29956013,-0.11539698,-0.30204642,0.946283,-0.73832756,0.66337025,0.12170559
1356594790195,-0.6374192,-0.65540427,-0.40514445,-0.16270967,-0.3994571,0.90219706,-0.75314164,0.64099866,0.14798105
1356594790236,-0.5958859,-0.6135045,-0.518201,-0.21622638,-0.49887598,0.8392669,-0.7734121,0.61215603,0.1646173
1356594790278,-0.539918,-0.5588679,-0.6294087,-0.2682336,-0.594542,0.7580044,-0.79783416,0.57808876,0.17109674
1356594790321,-0.4722026,-0.49492338,-0.7294351,-0.3123261,-0.67988104,0.66348636,-0.824304,0.5411216,0.16646409
1356594790360,-0.40700758,-0.43131495,-0.8051784,-0.34288186,-0.7448877,0.57234114,-0.84662676,0.50902826,0.15528485
1356594790402,-0.35134113,-0.37807685,-0.8565147,-0.3648342,-0.7872343,0.49715006,-0.86223865,0.48715508,0.13865244
1356594790440,-0.31371832,-0.34282154,-0.8854684,-0.381135,-0.80865735,0.44811782,-0.86966497,0.47806576,0.12302926
1356594790479,-0.29610318,-0.3272443,-0.8973483,-0.39750478,-0.8120372,0.42730013,-0.8685118,0.4832252,0.110365674
1356594790519,-0.30002725,-0.33421147,-0.89346874,-0.41191924,-0.7994052,0.43734872,-0.86041045,0.4992535,0.102175206
1356594790560,-0.32634503,-0.3633969,-0.8726062,-0.42095104,-0.7706823,0.4783817,-0.84634465,0.523442,0.09853603
1356594790599,-0.3767172,-0.4141712,-0.82858086,-0.4190257,-0.7215403,0.5511778,-0.82613647,0.5548349,0.09826833
1356594790640,-0.4494745,-0.48282456,-0.75156707,-0.39703465,-0.6456964,0.65225726,-0.80021006,0.59157115,0.09852606
1356594790680,-0.53365386,-0.55808294,-0.6354187,-0.34765592,-0.5401602,0.7663957,-0.77094024,0.6298971,0.094237715
1356594790720,-0.6060278,-0.62611836,-0.4906181,-0.274081,-0.4146505,0.86772376,-0.74673283,0.6603338,0.07968259
1356594790761,-0.6363947,-0.67633796,-0.37090278,-0.21953191,-0.30214852,0.9276379,-0.7394644,0.6717687,0.043807983
1356594790800,-0.6317712,-0.7183143,-0.2913583,-0.2024594,-0.20991421,0.9565282,-0.74824816,0.66329527,-0.012811661
1356594790841,-0.5922675,-0.756817,-0.27649093,-0.24338213,-0.1590845,0.9567953,-0.7681043,0.63397175,-0.08997506
1356594790880,-0.5465734,-0.78938866,-0.27950504,-0.29410842,-0.13155568,0.9466749,-0.7840649,0.5996321,-0.16026103
1356594790918,-0.5180438,-0.81226045,-0.2680739,-0.31882495,-0.10745406,0.9417029,-0.79371357,0.573312,-0.20330292
1356594790958,-0.5222897,-0.8242536,-0.21867695,-0.2973482,-0.06431264,0.95260066,-0.7992482,0.5625567,-0.21150053
1356594790998,-0.5493001,-0.8234985,-0.14184353,-0.23636577,-0.0096924305,0.9716158,-0.801499,0.5672356,-0.18932283
1356594791038,-0.5804867,-0.8117994,-0.06337866,-0.15470853,0.03353876,0.98739076,-0.7994375,0.5829724,-0.14506114
1356594791078,-0.60485554,-0.796324,-0.0042226613,-0.07324472,0.050352037,0.9960421,-0.7929596,0.60277086,-0.08878225
1356594791117,-0.6213039,-0.78298885,0.030163646,-0.002793014,0.040707886,0.9991672,-0.7835647,0.62070227,-0.027478874
1356594791158,-0.6312333,-0.77461797,0.038877785,0.047526896,0.011400223,0.99880487,-0.7741354,0.63232666,0.029619038
1356594791197,-0.6365941,-0.77073205,0.026833355,0.078142256,-0.029848993,0.99649525,-0.7672299,0.6364598,0.0792284
1356594791237,-0.63911486,-0.76910317,-0.0035578907,0.08880702,-0.078390956,0.9929593,-0.76396704,0.6342991,0.1184026
1356594791278,-0.63738894,-0.76871204,-0.053076506,0.079974085,-0.13450706,0.98768014,-0.7663808,0.62529165,0.14721036
1356594791316,-0.63034743,-0.7663616,-0.12390351,0.05215189,-0.20104778,0.9781922,-0.7745595,0.61013913,0.16669708
1356594791357,-0.6135648,-0.75877917,-0.21861476,0.0059466064,-0.28128427,0.9596061,-0.789622,0.5874805,0.17709827
1356594791398,-0.5834202,-0.7398684,-0.33498615,-0.055328548,-0.3752929,0.9252535,-0.8102837,0.5583458,0.17801756
1356594791439,-0.5443511,-0.70718884,-0.45118266,-0.11789563,-0.4680189,0.875819,-0.8305314,0.52994555,0.17139211
1356594791479,-0.50265336,-0.66731954,-0.54956734,-0.1738055,-0.54472387,0.8204069,-0.846836,0.5078981,0.15782347
1356594791519,-0.46880925,-0.63234913,-0.61672723,-0.21784073,-0.5938716,0.7745075,-0.8560159,0.4974446,0.14066112
1356594791560,-0.45208108,-0.61446375,-0.6465733,-0.2473579,-0.61008286,0.75273705,-0.85699284,0.5002332,0.12381446
1356594791600,-0.45687932,-0.6205864,-0.63728637,-0.25780332,-0.5933043,0.7625796,-0.8513512,0.51270133,0.11107916
1356594791641,-0.48585206,-0.6503748,-0.5839182,-0.24325772,-0.5410552,0.80503726,-0.83950794,0.53317153,0.10466403
1356594791689,-0.5386536,-0.6980005,-0.4718554,-0.19108397,-0.4442441,0.8752909,-0.8205725,0.56164265,0.10591701
1356594791730,-0.5946892,-0.7409515,-0.31198677,-0.10284239,-0.31476521,0.94358164,-0.79735076,0.5932233,0.11098617
1356594791769,-0.6388953,-0.75588435,-0.14300963,-0.002177298,-0.18411988,0.9829014,-0.7692907,0.62828237,0.11598748
1356594791809,-0.6667938,-0.7452214,0.005573511,0.08756521,-0.07091844,0.9936311,-0.74007994,0.66303515,0.11254346
1356594791849,-0.68038106,-0.7243911,0.11108187,0.14123514,0.019125223,0.98979133,-0.7191205,0.6891239,0.089297056
1356594791889,-0.6837736,-0.71033335,0.1669738,0.14314303,0.093805134,0.98524654,-0.71551645,0.69758666,0.037537813
1356594791928,-0.67881256,-0.7124106,0.17800206,0.092785954,0.15724874,0.98319054,-0.728426,0.6839181,-0.04064077
1356594791968,-0.66626287,-0.7294463,0.1549255,0.009198785,0.19969863,0.9798142,-0.7456602,0.65423894,-0.12634176
1356594792009,-0.64962894,-0.75181645,0.112935156,-0.0734815,0.20994687,0.9749476,-0.75669205,0.62505543,-0.19163221
1356594792075,-0.6364986,-0.7683642,0.06697905,-0.12734208,0.19034201,0.97342384,-0.7606929,0.6110536,-0.21899754
