1356594343457,0.29279256,-0.26721713,0.9180781,0.50904703,-0.7692167,-0.3862341,0.80940944,0.5804314,-0.089194834
1356594343496,0.4725566,-0.5536038,0.6857208,0.34862864,-0.5971832,-0.7223782,0.80941236,0.5804265,-0.089200705
1356594343537,0.47255027,-0.5536027,0.6857261,0.34860265,-0.5972079,-0.7223704,0.8094272,0.58040226,-0.089223385
1356594343576,0.4725178,-0.55361825,0.68573594,0.34857494,-0.5972359,-0.72236055,0.80945814,0.58035856,-0.08922714
1356594343617,0.4723562,-0.5536982,0.68578273,0.34864235,-0.59722555,-0.72233665,0.8095234,0.58029306,-0.089060575
1356594343657,0.47182208,-0.5539127,0.68597716,0.3489725,-0.59716606,-0.7222263,0.8096927,0.5801495,-0.088455856
1356594343696,0.47074175,-0.55434495,0.68637,0.34958485,-0.5970867,-0.7219957,0.81005716,0.5798181,-0.087283045
1356594343738,0.46895504,-0.55498314,0.6870771,0.35042393,-0.5971589,-0.7215292,0.81073076,0.579133,-0.085561305
1356594343776,0.4668784,-0.5561155,0.6875755,0.3508697,-0.5972069,-0.72127277,0.8117358,0.5779961,-0.08369893
1356594343816,0.4652388,-0.5580799,0.68709517,0.35016942,-0.5968653,-0.7218956,0.8129786,0.57645357,-0.0822624
1356594343856,0.46482736,-0.56112504,0.68489,0.3476699,-0.59573096,-0.7240375,0.8142857,0.57466805,-0.08182576
1356594343897,0.46635836,-0.56539714,0.68032044,0.34288648,-0.5934078,-0.7282142,0.81543773,0.5728815,-0.08287367
1356594343936,0.46988177,-0.5706329,0.67349035,0.33590513,-0.5899782,-0.73422986,0.81632036,0.5712301,-0.08554149
1356594343976,0.47450423,-0.5761627,0.66549397,0.32778424,-0.58600074,-0.7410537,0.81694746,0.5697715,-0.08920279
1356594344017,0.47925413,-0.5810919,0.6577596,0.31985366,-0.5822584,-0.74744153,0.81731826,0.56860125,-0.093185365
1356594344064,0.48356616,-0.5847124,0.6513641,0.31334302,-0.57920164,-0.7525568,0.81730044,0.5680114,-0.09686679
1356594344096,0.48701888,-0.58639526,0.647266,0.30926397,-0.57729506,-0.75570244,0.81680375,0.56821734,-0.09980267
1356594344136,0.48947597,-0.585955,0.6458096,0.30797347,-0.5767068,-0.756678,0.81582206,0.56926787,-0.101825535
1356594344176,0.49072602,-0.5831898,0.6473621,0.3094939,-0.5778543,-0.7551808,0.8144946,0.5709415,-0.10307443
1356594344216,0.49093017,-0.5783006,0.6515796,0.31320938,-0.580747,-0.7514206,0.8129499,0.5729759,-0.103977025
1356594344256,0.4903541,-0.5716084,0.6578881,0.3184983,-0.5851253,-0.7457796,0.81124085,0.5752323,-0.1048623
1356594344297,0.48913923,-0.56341934,0.6658089,0.32500237,-0.5906507,-0.7385833,0.8093926,0.5776595,-0.1057978
1356594344354,0.48758584,-0.5541421,0.6746753,0.33211258,-0.5969439,-0.73031455,0.8074413,0.5801591,-0.107023865
1356594344422,0.48650968,-0.54438084,0.68334305,0.33865675,-0.6034934,-0.7218776,0.8053694,0.5826192,-0.10924712
1356594344423,0.48677313,-0.53467107,0.69078124,0.3435601,-0.6098815,-0.71415055,0.8031304,0.58495414,-0.11318231
1356594344443,0.48730177,-0.5247434,0.69798374,0.34780383,-0.6165405,-0.70633584,0.8009803,0.58696014,-0.11793351
1356594344473,0.48890936,-0.51570696,0.7035722,0.35038128,-0.62252706,-0.69978064,0.79887456,0.5886479,-0.12366524
1356594344516,0.492711,-0.507447,0.7069183,0.3503186,-0.6279637,-0.6949377,0.7965631,0.5900501,-0.1316365
1356594344556,0.49559757,-0.49668327,0.71252286,0.35136285,-0.635584,-0.6874425,0.79430926,0.5910489,-0.14047784
1356594344596,0.49666348,-0.4832922,0.7209397,0.35422912,-0.6454351,-0.67670906,0.792368,0.59147453,-0.14936787
1356594344636,0.4951464,-0.46681395,0.7327447,0.35938784,-0.6577995,-0.6619216,0.79099333,0.5910876,-0.15793979
1356594344676,0.49108666,-0.44742823,0.74742347,0.36634684,-0.67236894,-0.6432029,0.7903314,0.5896846,-0.1662775
1356594344716,0.48490536,-0.42582914,0.7638955,0.374397,-0.6882981,-0.6213474,0.7903757,0.58729494,-0.17433026
1356594344756,0.47649062,-0.40269268,0.78153396,0.38335598,-0.7048135,-0.5968887,0.7911984,0.5840176,-0.18146238
1356594344796,0.4652003,-0.37862152,0.80014646,0.3928511,-0.72171414,-0.5699094,0.793257,0.57946044,-0.18699977
1356594344836,0.45116138,-0.3545847,0.8189769,0.40160787,-0.7388437,-0.5411296,0.79697216,0.5730443,-0.19093373
1356594344876,0.43649,-0.33242068,0.836046,0.40809664,-0.75499886,-0.51325804,0.80183136,0.5652196,-0.1938897
1356594344916,0.42441177,-0.31426546,0.849183,0.4119424,-0.76814544,-0.49015912,0.8063362,0.5578438,-0.1965507
1356594344956,0.4160583,-0.30059835,0.8582169,0.41455773,-0.7772992,-0.47323126,0.8093438,0.5526722,-0.19878644
1356594344996,0.40791893,-0.2887565,0.8661534,0.41823775,-0.78418475,-0.45840093,0.8115906,0.5492485,-0.19911495
1356594345036,0.39289498,-0.2737173,0.87790227,0.4245824,-0.7928288,-0.43720958,0.815698,0.5445193,-0.1952829
1356594345076,0.36424595,-0.2507323,0.8969159,0.43314922,-0.8069612,-0.40149146,0.8244432,0.53474003,-0.18532783
1356594345116,0.3193847,-0.2179385,0.92222357,0.44079775,-0.8273298,-0.34817058,0.8388628,0.5177144,-0.16816968
1356594345156,0.26201248,-0.17795564,0.9485153,0.44289345,-0.85106575,-0.28201503,0.8574351,0.49398267,-0.14417446
1356594345196,0.2014643,-0.13753167,0.96979237,0.43717316,-0.8733804,-0.21467716,0.87652254,0.46721697,-0.115829825
1356594345236,0.1483239,-0.10455549,0.98339623,0.4269526,-0.8901783,-0.15904097,0.8920266,0.44345313,-0.087394476
1356594345275,0.10986203,-0.084950045,0.99030995,0.4185875,-0.8997241,-0.12361635,0.901507,0.42811215,-0.06328648
1356594345316,0.088973045,-0.08183071,0.99266684,0.41619188,-0.90239084,-0.111692175,0.9049133,0.42307746,-0.04623118
1356594345356,0.08620465,-0.096995085,0.99154454,0.41991183,-0.898992,-0.1244484,0.9034615,0.42708933,-0.0367679
1356594345396,0.10196197,-0.13205452,0.98598444,0.42853558,-0.88863933,-0.16333233,0.89775336,0.43918306,-0.034017354
1356594345435,0.13593847,-0.18976319,0.9723737,0.4373243,-0.8691921,-0.23076501,0.88897026,0.4566125,-0.03516859
1356594345476,0.18726033,-0.26623532,0.94554347,0.44375643,-0.83582604,-0.32322615,0.87636405,0.4801184,-0.03837344
1356594345516,0.25460076,-0.36154032,0.89692086,0.44065195,-0.78222775,-0.4403925,0.86081606,0.5073542,-0.039842337
1356594345556,0.32395148,-0.46350193,0.8247553,0.423738,-0.7083509,-0.564522,0.84587324,0.53235793,-0.03306794
1356594345596,0.36883855,-0.5527483,0.74728,0.40311065,-0.6292977,-0.66444427,0.83753204,0.5463092,-0.009290516
1356594345636,0.36455876,-0.61599964,0.6983132,0.40158528,-0.5725932,-0.71474904,0.84013456,0.5410003,0.03863257
1356594345676,0.30327284,-0.65049434,0.6963352,0.4294572,-0.55902606,-0.7092647,0.8506422,0.51414686,0.109822005
1356594345716,0.20657963,-0.6612982,0.7211169,0.46818712,-0.5803492,-0.66633004,0.8591424,0.47526783,0.18972296
1356594345756,0.12481487,-0.66737235,0.7341904,0.49559057,-0.59911877,-0.62884563,0.85954136,0.4423471,0.25596446
1356594345796,0.10257983,-0.6932343,0.7133747,0.5079502,-0.5801014,-0.63676447,0.8552566,0.42767805,0.29262185
1356594345836,0.14976317,-0.7419554,0.6535084,0.5014446,-0.51265264,-0.696951,0.85212934,0.4320758,0.295273
1356594345876,0.24012977,-0.79013944,0.5639303,0.465692,-0.41595072,-0.7810993,0.85174453,0.45018303,0.2680794
1356594345916,0.33536744,-0.8170322,0.46902767,0.40237343,-0.32594085,-0.8554871,0.85183585,0.47562683,0.21944213
1356594345956,0.41261673,-0.8222381,0.3920102,0.3278723,-0.26744694,-0.906075,0.84985125,0.502391,0.15923601
1356594345996,0.46834138,-0.81484646,0.34158698,0.25779587,-0.24376181,-0.9349447,0.8451022,0.5259331,0.09590027
1356594346036,0.50608355,-0.80196565,0.31738082,0.20147532,-0.24787813,-0.9476097,0.8386222,0.5435141,0.036129244
1356594346076,0.529761,-0.7871013,0.3159505,0.16275966,-0.27125096,-0.9486476,0.83238363,0.5539806,-0.015589863
1356594346116,0.5404581,-0.7715677,0.33554175,0.14330038,-0.30856392,-0.94034743,0.82907784,0.5563016,-0.056199916
1356594346156,0.5362392,-0.7554203,0.37654692,0.14318624,-0.3582316,-0.9225876,0.83183247,0.548644,-0.08393204
1356594346196,0.51383346,-0.73725545,0.43866798,0.15955019,-0.4202878,-0.89325356,0.8429228,0.5289731,-0.09832868
1356594346236,0.47184497,-0.7142924,0.5168643,0.18552884,-0.49266154,-0.8502139,0.8619405,0.49706236,-0.099938035
1356594346276,0.41561866,-0.6849595,0.5984076,0.2114377,-0.5671386,-0.79602003,0.8846215,0.4573667,-0.09088713
1356594346316,0.35769695,-0.65274346,0.6678165,0.23081303,-0.6311448,-0.74052787,0.9048637,0.4190253,-0.075096875
1356594346356,0.31202143,-0.62533945,0.7152574,0.24446388,-0.67464954,-0.6964807,0.918085,0.39217156,-0.05763218
1356594346396,0.28695673,-0.60931563,0.7391822,0.25692266,-0.6944105,-0.6721494,0.922847,0.38279048,-0.042718768
1356594346435,0.28184056,-0.6064625,0.74348444,0.2679176,-0.6943285,-0.66792816,0.9212958,0.3874418,-0.033207953
1356594346476,0.294371,-0.61280537,0.733359,0.2778001,-0.679358,-0.6791906,0.9144249,0.4036612,-0.029745936
1356594346516,0.32144684,-0.6236649,0.71254045,0.28599018,-0.6533962,-0.7009159,0.9027079,0.42908674,-0.031670094
1356594346556,0.35992438,-0.6327729,0.68560404,0.29361516,-0.6206911,-0.7270025,0.88557583,0.46296966,-0.037610143
1356594346596,0.40512657,-0.6346177,0.6581283,0.3031904,-0.5858564,-0.7515636,0.8625242,0.5040166,-0.044936
1356594346636,0.4466722,-0.6273497,0.63789994,0.31856614,-0.5547337,-0.76862615,0.8360619,0.5465372,-0.04793176
1356594346676,0.46722835,-0.61548686,0.63472325,0.34513932,-0.5339717,-0.77185047,0.81398803,0.5796983,-0.037058026
1356594346716,0.44803745,-0.606956,0.6564045,0.38675734,-0.5303715,-0.7544036,0.806028,0.5918703,-0.0028816164
1356594346756,0.3772714,-0.6044323,0.7016609,0.4400849,-0.54962915,-0.71009374,0.81485677,0.5766884,0.05864209
1356594346796,0.26347458,-0.59848523,0.756569,0.49040034,-0.5922801,-0.6393058,0.8307158,0.5394625,0.13744658
1356594346836,0.14045238,-0.5774388,0.80426216,0.52141374,-0.647403,-0.5558752,0.8416655,0.4974273,0.21015513
1356594346876,0.044612825,-0.54063326,0.8400746,0.5313203,-0.6992761,-0.47823802,0.8459955,0.46768424,0.2560528
1356594346916,-0.007890224,-0.49501565,0.86884815,0.52957714,-0.73909324,-0.41628015,0.84822506,0.4568376,0.26798064
1356594346956,-0.01911068,-0.44720587,0.89422685,0.52524817,-0.7655181,-0.37161303,0.8507344,0.4625892,0.2495237
1356594346996,0.0016308427,-0.40146095,0.91587466,0.5222586,-0.780705,-0.34314114,0.85278565,0.47888303,0.20839316
1356594347036,0.043488145,-0.36036214,0.9317982,0.5198617,-0.78830075,-0.32912874,0.85314274,0.4987194,0.15305674
1356594347076,0.09645909,-0.3252887,0.9406821,0.5154025,-0.79219186,-0.32679087,0.8515021,0.5163519,0.091240555
1356594347116,0.15144742,-0.2964708,0.9429575,0.5071948,-0.79549724,-0.33156854,0.8484204,0.5284783,0.029892385
1356594347156,0.20099223,-0.2733611,0.9406784,0.49573267,-0.7998516,-0.3383587,0.8448972,0.53433245,-0.025249928
1356594347196,0.23972732,-0.25508597,0.93672943,0.4828438,-0.80574363,-0.34298563,0.8422545,0.534517,-0.069992095
1356594347236,0.26414603,-0.24093074,0.93390536,0.46958673,-0.81365085,-0.3427253,0.84244597,0.52907914,-0.101784766
1356594347276,0.27189565,-0.23072755,0.9342578,0.45517725,-0.8245311,-0.33609855,0.8478717,0.5166366,-0.1191645
1356594347316,0.26215458,-0.22492236,0.93844813,0.43756002,-0.83904636,-0.32333022,0.8601257,0.49538988,-0.12154281
1356594347374,0.23773044,-0.22422369,0.94509673,0.4149407,-0.85629946,-0.30753112,0.87824166,0.4652686,-0.110528916
1356594347438,0.20614368,-0.229139,0.951315,0.38868758,-0.8730327,-0.29450953,0.8980127,0.4304756,-0.09090668
1356594347439,0.17730844,-0.23979548,0.95449454,0.36496708,-0.88468504,-0.2900542,0.91398066,0.39978814,-0.06934467
1356594347466,0.15925825,-0.2559582,0.953479,0.3490256,-0.8888364,-0.29690236,0.9234814,0.3800727,-0.052218556
1356594347503,0.15359461,-0.2742928,0.9493009,0.3441628,-0.88569623,-0.31159946,0.92626166,0.37457404,-0.041636795
1356594347546,0.16305852,-0.29645422,0.9410243,0.34914157,-0.8747331,-0.3360687,0.9227741,0.3833496,-0.039128184
1356594347586,0.18660206,-0.32378134,0.92754805,0.35897657,-0.8563759,-0.3711552,0.91450286,0.40222633,-0.04357159
1356594347626,0.22280699,-0.3538717,0.9083677,0.37156254,-0.83062893,-0.41472504,0.90127593,0.42991903,-0.053584456
1356594347666,0.2706284,-0.38533333,0.8822009,0.38533333,-0.79642504,-0.46607438,0.8822009,0.46607438,-0.06705344
1356594347706,0.32660276,-0.41645125,0.8484686,0.39861915,-0.75326204,-0.5231626,0.8569909,0.5090822,-0.08001202
1356594347746,0.38085115,-0.44653845,0.809664,0.40968984,-0.7035153,-0.5807069,0.82891893,0.552874,-0.08499232
1356594347786,0.415483,-0.47687802,0.7745716,0.4201859,-0.65462404,-0.6284195,0.8067327,0.5865617,-0.07160774
1356594347826,0.41064185,-0.5091108,0.75642544,0.43749613,-0.6178482,-0.6533458,0.79998153,0.5992243,-0.030980349
1356594347866,0.35661423,-0.5399949,0.7623856,0.4672996,-0.60352325,-0.64605784,0.80898535,0.586656,0.03711447
1356594347906,0.26672113,-0.55988467,0.78446734,0.50169337,-0.6143214,-0.60902643,0.8228996,0.55600226,0.11703783
1356594347946,0.17649877,-0.5627609,0.80755705,0.52495354,-0.64019734,-0.5608665,0.8326295,0.52292216,0.18242925
1356594347986,0.120247245,-0.55379236,0.8239263,0.53132963,-0.66517025,-0.5246308,0.83858776,0.5008619,0.21426135
1356594348026,0.1111595,-0.54172194,0.8331752,0.52572525,-0.679404,-0.51188207,0.8433603,0.4949218,0.20927462
1356594348066,0.1427806,-0.53034127,0.83567446,0.51353824,-0.68208647,-0.5206117,0.8461041,0.5034841,0.17496178
1356594348106,0.20047939,-0.5189549,0.8309596,0.49604282,-0.67765355,-0.542888,0.844837,0.5210294,0.1215682
1356594348146,0.2665816,-0.50549567,0.8206147,0.47334117,-0.6730081,-0.5683382,0.8395728,0.5399392,0.05986029
1356594348186,0.32672662,-0.48928514,0.8086097,0.44730476,-0.67362434,-0.58834404,0.8325672,0.5539226,-0.001231432
1356594348225,0.37229443,-0.47113788,0.79964113,0.42160416,-0.6817027,-0.59793925,0.8268293,0.5597415,-0.055160433
1356594348266,0.40042478,-0.4526797,0.7967064,0.3990056,-0.6965617,-0.5963189,0.82489663,0.5566712,-0.09829882
1356594348306,0.411027,-0.43553352,0.8008541,0.37989134,-0.7167489,-0.58476794,0.8286973,0.544593,-0.12914774
1356594348346,0.40479177,-0.4210216,0.8117169,0.362439,-0.74111384,-0.56514436,0.8395127,0.5229637,-0.14740214
1356594348415,0.38277096,-0.40991893,0.8279208,0.34447876,-0.76821053,-0.5396175,0.85721684,0.49175104,-0.15284032
1356594348428,0.34675038,-0.40238494,0.8472606,0.3252371,-0.79567933,-0.51099443,0.8797642,0.45274806,-0.1450316
1356594348467,0.30327737,-0.3980504,0.8657821,0.30650482,-0.8195406,-0.48415697,0.9022625,0.4122002,-0.12654376
1356594348507,0.2605949,-0.3964659,0.88028693,0.2924918,-0.83651876,-0.46334103,0.9200754,0.378221,-0.1020295
1356594348547,0.2270056,-0.39755803,0.8890534,0.2881539,-0.8445937,-0.45125252,0.930288,0.35862106,-0.0771696
1356594348587,0.20752871,-0.40160123,0.8919912,0.29500136,-0.8436991,-0.44849303,0.9326876,0.35621378,-0.0566189
1356594348627,0.2033149,-0.4090712,0.88956386,0.3099056,-0.83494306,-0.45478418,0.9287743,0.3681452,-0.042982936
1356594348667,0.21357888,-0.42062777,0.88173485,0.32833815,-0.8191508,-0.47030428,0.9200969,0.38995424,-0.036845177
1356594348707,0.23788542,-0.43695956,0.86745423,0.34747964,-0.7956993,-0.4961054,0.90701073,0.41943893,-0.0374507
1356594348747,0.27665633,-0.4584903,0.84454006,0.36587483,-0.76239574,-0.5337493,0.88859266,0.45666108,-0.043171555
1356594348787,0.32810634,-0.4850303,0.810612,0.38106316,-0.71724004,-0.5834017,0.8643709,0.5003122,-0.05050382
1356594348827,0.38252473,-0.51558733,0.7667102,0.3898186,-0.6622894,-0.6398549,0.83768505,0.5436382,-0.05235651
1356594348867,0.41999483,-0.54893184,0.7226882,0.39428806,-0.60687166,-0.6901041,0.81739914,0.5747875,-0.03844568
1356594348907,0.41884273,-0.58341026,0.69584715,0.40589416,-0.56520194,-0.7181899,0.8122935,0.5832489,7.209182E-5
1356594348947,0.3706692,-0.6140303,0.6968294,0.43360633,-0.5490815,-0.71448934,0.8213342,0.5669888,0.06271982
1356594348987,0.2897066,-0.6327136,0.7181529,0.46906036,-0.56019056,-0.6827656,0.83429754,0.5346588,0.13449001
1356594349027,0.21253616,-0.63832504,0.7398442,0.49361545,-0.5832994,-0.6450625,0.84331024,0.5022977,0.19111487
1356594349066,0.17487472,-0.64153594,0.7468938,0.49916,-0.59610355,-0.62888765,0.8486802,0.48279607,0.21598572
1356594349106,0.18861955,-0.6524434,0.7339891,0.4882449,-0.5861869,-0.64653045,0.8520795,0.48031476,0.20798597
1356594349146,0.24617654,-0.67150724,0.69891,0.46074235,-0.553336,-0.6939278,0.85270965,0.4928462,0.17317346
1356594349186,0.32527155,-0.69071317,0.6458435,0.4158025,-0.50894225,-0.75371486,0.84929776,0.5137053,0.12165579
1356594349226,0.40199584,-0.7028736,0.5868288,0.35831237,-0.46902812,-0.8072329,0.8426219,0.53477234,0.06330091
1356594349266,0.46078512,-0.7065654,0.5370685,0.29957783,-0.44579688,-0.8435155,0.83542216,0.5495732,0.0062546767
1356594349306,0.49733686,-0.7041143,0.5068324,0.25075048,-0.44260758,-0.86094296,0.8305301,0.5552671,-0.043568075
1356594349346,0.51429737,-0.6977668,0.49861792,0.21747966,-0.45628682,-0.86284703,0.82957876,0.5521992,-0.082917005
1356594349415,0.51471746,-0.6881525,0.5113826,0.20070495,-0.48317516,-0.8522085,0.83353674,0.5412836,-0.11058307
1356594349428,0.49881652,-0.67443347,0.5443542,0.19872046,-0.5223422,-0.829258,0.8436185,0.5218219,-0.12652919
1356594349467,0.4664541,-0.654704,0.5947968,0.20765856,-0.5725875,-0.7931087,0.85982466,0.4934634,-0.13113087
1356594349507,0.4174708,-0.6273237,0.6574064,0.22240473,-0.63092285,-0.74328494,0.8810529,0.45651007,-0.12387213
1356594349547,0.35660368,-0.59282196,0.7220775,0.23664185,-0.69037086,-0.6836583,0.9037889,0.41466886,-0.105902314
1356594349587,0.2965243,-0.5575001,0.7754141,0.24606362,-0.7399191,-0.626077,0.9227817,0.3764482,-0.082223475
1356594349626,0.25116038,-0.5316398,0.80887425,0.25260437,-0.77070236,-0.5849862,0.9344033,0.35125056,-0.05927536
1356594349667,0.22836268,-0.5237899,0.8206672,0.2600307,-0.7795041,-0.56987494,0.93820816,0.34353682,-0.041808218
1356594349707,0.22982728,-0.53806555,0.81096536,0.26806965,-0.7660391,-0.5842284,0.93558437,0.35166684,-0.031817615
1356594349747,0.25482118,-0.5747438,0.77764755,0.2725299,-0.72891045,-0.6280263,0.9277896,0.3719666,-0.029106975
1356594349787,0.30235946,-0.6304334,0.7149353,0.2672361,-0.66389614,-0.698446,0.91496646,0.4022383,-0.032260712
1356594349827,0.37017238,-0.69602174,0.6152448,0.24462534,-0.5658816,-0.7873605,0.8961757,0.4419636,-0.03920922
1356594349867,0.44949853,-0.75494236,0.4775073,0.1984008,-0.4368288,-0.87739265,0.8709697,0.48912454,-0.046572775
1356594349907,0.5223121,-0.7900865,0.32086354,0.13397458,-0.2955656,-0.9458816,0.84216446,0.53703296,-0.04852602
1356594349947,0.57029617,-0.80087656,0.18264464,0.075164974,-0.17053622,-0.9824804,0.81799304,0.57403326,-0.037058294
1356594349987,0.5858842,-0.80507135,0.09273535,0.05034557,-0.07805252,-0.99567735,0.8088294,0.58802044,-0.005198002
1356594350027,0.5710267,-0.8190297,0.055847406,0.071041554,-0.018473208,-0.9973023,0.81785184,0.57345366,0.04763645
1356594350067,0.53343433,-0.843897,0.05732134,0.12527114,0.01180011,-0.99205244,0.83651364,0.53637564,0.112010494
1356594350107,0.48885673,-0.86914766,0.07484412,0.18424848,0.01900953,-0.9826959,0.852685,0.4941874,0.16943203
1356594350146,0.45489594,-0.88575685,0.092219144,0.22255835,0.0128053725,-0.9748353,0.8622862,0.46397272,0.2029577
1356594350186,0.44003356,-0.891791,0.10525915,0.23164907,-5.1885843E-4,-0.9727993,0.86758816,0.45244753,0.20635419
1356594350226,0.44346616,-0.8887816,0.11577982,0.21585661,-0.01946792,-0.976231,0.8699101,0.45791724,0.18321605
1356594350266,0.4601642,-0.8787506,0.126674,0.18499333,-0.04464495,-0.9817252,0.8683469,0.47518864,0.14201893
1356594350306,0.4835073,-0.8639927,0.14048937,0.14897284,-0.076934844,-0.9858439,0.8625705,0.49759185,0.091512874
1356594350352,0.5068766,-0.8471424,0.15945524,0.11581707,-0.11637524,-0.9864296,0.8542029,0.51846564,0.039125666
1356594350403,0.52984667,-0.83585644,0.14354956,0.0646694,-0.12894934,-0.9895402,0.8456242,0.5335878,-0.014269024
1356594350423,0.54010224,-0.81278074,0.21835062,0.07203415,-0.21384972,-0.97420704,0.838511,0.54190016,-0.056952775
1356594350466,0.5400374,-0.791239,0.28688055,0.0849745,-0.28785828,-0.9538957,0.8373404,0.5395169,-0.088219106
1356594350506,0.52675754,-0.7736484,0.3521288,0.10117629,-0.3542502,-0.9296613,0.8439726,0.52533317,-0.10832909
1356594350546,0.49787208,-0.7601111,0.41755766,0.118780285,-0.41717026,-0.9010328,0.85907775,0.49819672,-0.117411196
1356594350586,0.45577908,-0.7484809,0.4817071,0.13569325,-0.47643352,-0.86867625,0.879689,0.46128887,-0.11558461
1356594350626,0.40884125,-0.7367469,0.5385655,0.15120697,-0.5272975,-0.83611834,0.89999187,0.42327455,-0.10417971
1356594350666,0.3681782,-0.72526145,0.5817565,0.1668736,-0.5640017,-0.80873686,0.91465735,0.3948391,-0.08662611
1356594350706,0.34189498,-0.7161453,0.60847664,0.18436381,-0.5837971,-0.7906902,0.9214759,0.3825141,-0.06756606
1356594350746,0.33246166,-0.71103036,0.61960065,0.20276585,-0.5877199,-0.7832441,0.921062,0.38603252,-0.05122166
1356594350786,0.33828992,-0.71000105,0.6176232,0.21913831,-0.5788395,-0.7854447,0.91517127,0.4010529,-0.04022718
1356594350826,0.3569805,-0.711925,0.60475427,0.23097716,-0.5600324,-0.7956214,0.9051047,0.42370573,-0.03548229
1356594350866,0.38678968,-0.714995,0.5823879,0.23733626,-0.53308463,-0.8120912,0.8911034,0.4523303,-0.03649733
1356594350906,0.42680955,-0.71675384,0.5514503,0.23876525,-0.49883205,-0.8331613,0.87225264,0.4872684,-0.041770373
1356594350946,0.47178748,-0.7156981,0.5149687,0.23731007,-0.45943162,-0.85592437,0.84917635,0.5260217,-0.046911716
1356594350986,0.5083661,-0.7138148,0.48169738,0.23913185,-0.42035356,-0.87528217,0.8272726,0.5601529,-0.042997625
1356594351026,0.51819277,-0.717582,0.46535176,0.25555927,-0.38933137,-0.8849353,0.8161897,0.57749206,-0.018363982
1356594351066,0.4877095,-0.7314708,0.47653943,0.29670775,-0.37448272,-0.87847996,0.8210383,0.569836,0.034394324
1356594351106,0.41814786,-0.7494771,0.5132606,0.3588348,-0.38278973,-0.8512988,0.83449984,0.54014456,0.10887572
1356594351146,0.33141983,-0.75872374,0.56080216,0.42097935,-0.41302526,-0.80758065,0.8443561,0.5037344,0.1825223
1356594351186,0.25941086,-0.75355685,0.6040349,0.46301988,-0.45183617,-0.76253307,0.8475368,0.47748947,0.23170057
1356594351226,0.2232948,-0.73849446,0.6362117,0.4800015,-0.4847626,-0.731166,0.8483737,0.46864817,0.2462335
1356594351266,0.2267881,-0.7197663,0.6561277,0.47684863,-0.50535345,-0.71918935,0.8492247,0.47597724,0.22861144
1356594351306,0.26158386,-0.70037997,0.6641098,0.45985928,-0.5145125,-0.72374475,0.84858906,0.49471703,0.18748805
1356594351346,0.3139339,-0.6808355,0.66174656,0.43346465,-0.51732886,-0.73788846,0.84472114,0.518492,0.13271102
1356594351416,0.37741202,-0.6609252,0.6486432,0.39566296,-0.5182038,-0.7582319,0.837264,0.54280996,0.0659273
1356594351428,0.42439377,-0.6392955,0.64124197,0.3641073,-0.5279141,-0.76728916,0.8290451,0.5591136,0.008728683
1356594351467,0.45626485,-0.62054604,0.6377656,0.3371681,-0.5427122,-0.7692731,0.8234926,0.5660265,-0.038392156
1356594351507,0.46998292,-0.60302687,0.6445732,0.31888324,-0.5649321,-0.761029,0.8230611,0.5632142,-0.07321328
1356594351547,0.46428418,-0.5862879,0.66385746,0.3088805,-0.5952988,-0.74176294,0.83008015,0.5494414,-0.09529492
1356594351587,0.43885416,-0.56925285,0.69523966,0.30361506,-0.63428,-0.71099,0.8457097,0.52310616,-0.10552266
1356594351626,0.39609534,-0.550858,0.7346182,0.29834414,-0.67943555,-0.67034173,0.8683889,0.48468828,-0.104775995
1356594351666,0.34381276,-0.5312527,0.77431476,0.290862,-0.7237815,-0.6257312,0.8928561,0.44035313,-0.09432411
1356594351706,0.29376948,-0.5129631,0.80657816,0.28389555,-0.75891346,-0.5860492,0.91274464,0.4011473,-0.077317655
1356594351746,0.256366,-0.5000529,0.82717806,0.28261966,-0.77960014,-0.5588826,0.924339,0.3770553,-0.0585382
1356594351786,0.2367593,-0.49613768,0.8353397,0.2890358,-0.7848891,-0.54809433,0.92757934,0.3712095,-0.042428255
1356594351826,0.23550254,-0.50328606,0.83140945,0.30012196,-0.7759984,-0.55475515,0.9243729,0.38017046,-0.0317024
1356594351866,0.25136995,-0.522023,0.8150492,0.31092858,-0.75390196,-0.5787532,0.9165896,0.39890325,-0.027196407
1356594351906,0.28374344,-0.55135906,0.78453356,0.31760818,-0.7179384,-0.6194268,0.9047733,0.42493254,-0.028594196
1356594351946,0.33252424,-0.5885942,0.7368748,0.31700143,-0.6661183,-0.675127,0.8882216,0.4580865,-0.0349153
1356594351986,0.39483666,-0.6284812,0.6701607,0.30612624,-0.5977497,-0.74093324,0.86625093,0.49770138,-0.043618917
1356594352026,0.45914358,-0.66464186,0.58943903,0.2855913,-0.5178568,-0.80638826,0.8412044,0.5385866,-0.04795468
1356594352066,0.50524735,-0.6944537,0.5123077,0.26708165,-0.43867344,-0.8580403,0.820605,0.5703506,-0.036162794
1356594352106,0.5154836,-0.7218512,0.46174392,0.27141017,-0.37357092,-0.887007,0.8127811,0.5825596,0.003348019
1356594352146,0.48516005,-0.75015986,0.44931042,0.31115708,-0.3320964,-0.8904455,0.8171909,0.57181466,0.07229769
1356594352186,0.42714614,-0.77493,0.46586448,0.37450996,-0.31732655,-0.8712326,0.82297534,0.5466145,0.15467414
1356594352226,0.3707446,-0.78987896,0.48850757,0.43206123,-0.31891847,-0.84357214,0.82211405,0.52381504,0.22303882
1356594352265,0.34456939,-0.7958623,0.49787062,0.46151268,-0.318222,-0.8280947,0.81748277,0.51510966,0.25765097
1356594352306,0.35771775,-0.79679406,0.486988,0.45654476,-0.30570018,-0.83553237,0.8146195,0.5212166,0.25441775
1356594352346,0.39839113,-0.793556,0.45994937,0.42196476,-0.28667545,-0.8600947,0.81438947,0.53673655,0.22064367
1356594352417,0.4575872,-0.78494185,0.41770846,0.3556736,-0.2689713,-0.8950703,0.81492966,0.55814064,0.15610519
1356594352429,0.4995499,-0.77291226,0.39122432,0.29805112,-0.27069208,-0.915364,0.81339747,0.57387483,0.0951432
1356594352467,0.5310737,-0.7612463,0.37210858,0.24341571,-0.28357986,-0.92754054,0.81160927,0.58316946,0.034697473
1356594352507,0.5502875,-0.75002676,0.36693808,0.20042294,-0.30796224,-0.9300483,0.81056416,0.58533674,-0.01914519
1356594352547,0.55743486,-0.73980844,0.37676233,0.17203775,-0.34102786,-0.924177,0.81220037,0.5799858,-0.062825866
1356594352586,0.55099773,-0.7301922,0.40400603,0.15991196,-0.3827674,-0.9098996,0.81904197,0.565958,-0.09413748
1356594352626,0.5284384,-0.71958303,0.45050317,0.16323772,-0.43462324,-0.8856952,0.8331304,0.5415745,-0.11220854
1356594352666,0.48832995,-0.70490277,0.51443744,0.17815253,-0.49656278,-0.84952164,0.8542807,0.50649524,-0.116906255
1356594352706,0.43332273,-0.6832252,0.587737,0.19805272,-0.5640118,-0.8016645,0.8792079,0.46378234,-0.10908455
1356594352746,0.37243992,-0.6552702,0.65719813,0.21646234,-0.62727773,-0.74810874,0.9024592,0.42088425,-0.091781914
1356594352786,0.31891966,-0.6272609,0.7105167,0.23169176,-0.6753212,-0.70018584,0.91902626,0.3879239,-0.070042014
1356594352826,0.28344303,-0.60770035,0.7418627,0.2464515,-0.70144707,-0.66875523,0.9267803,0.37238723,-0.049051616
1356594352866,0.27000475,-0.60241604,0.75112736,0.26182953,-0.7047679,-0.65935385,0.9265758,0.37469602,-0.03256038
1356594352906,0.27783465,-0.6128395,0.7397538,0.27490938,-0.6871418,-0.6725035,0.9204524,0.39021003,-0.022436408
1356594352946,0.30488586,-0.63672847,0.70825243,0.2814861,-0.6501909,-0.70570344,0.9098407,0.41452223,-0.019003805
1356594352986,0.34932363,-0.66879004,0.656272,0.27827913,-0.5947456,-0.7542138,0.8947255,0.44609144,-0.021648373
1356594353026,0.40811217,-0.7011266,0.5846931,0.2633347,-0.5228258,-0.8107453,0.87412775,0.48484498,-0.028740581
1356594353066,0.4730741,-0.7251334,0.5003822,0.23834404,-0.44144168,-0.86505574,0.8481704,0.5284986,-0.03600341
1356594353106,0.52884245,-0.73721063,0.42053068,0.21383485,-0.36376807,-0.90661323,0.82134056,0.5693797,-0.034734704
1356594353146,0.557927,-0.7436545,0.36836874,0.20949432,-0.3032951,-0.92958283,0.80301285,0.59581053,-0.013425171
1356594353186,0.54782224,-0.7548189,0.36074823,0.24300593,-0.26904652,-0.9319668,0.8005242,0.59821606,0.036035806
1356594353226,0.49374807,-0.7724773,0.39936396,0.31513697,-0.26908588,-0.9100997,0.81049454,0.5752143,0.110575564
1356594353266,0.40451163,-0.7852914,0.46870863,0.4021694,-0.30754912,-0.86236495,0.8213587,0.5373369,0.19141299
1356594353306,0.3082524,-0.78088176,0.5433269,0.47066662,-0.37114793,-0.8004513,0.8267124,0.5024669,0.2531277
1356594353346,0.2391625,-0.7600205,0.60429305,0.50494826,-0.43422663,-0.7459723,0.82935435,0.48354533,0.27992028
1356594353396,0.23124754,-0.73361826,0.6390061,0.50206184,-0.47260994,-0.7242745,0.8333418,0.48830724,0.25903192
1356594353423,0.23455232,-0.69770235,0.6769022,0.49559373,-0.5132145,-0.70071226,0.83628464,0.4998222,0.22540128
1356594353465,0.27499998,-0.667923,0.6915591,0.4733336,-0.5320297,-0.7020681,0.83685744,0.52040684,0.16984227
1356594353506,0.32819545,-0.6380677,0.69653237,0.44320035,-0.54716027,-0.71006274,0.834183,0.5417428,0.10321632
1356594353546,0.379012,-0.6080396,0.6975942,0.4099096,-0.5655347,-0.7156427,0.82965297,0.5571877,0.03489694
1356594353586,0.41802818,-0.57824,0.70063615,0.37892196,-0.5899715,-0.7129879,0.8256334,0.56353545,-0.027516872
1356594353626,0.4417205,-0.54925597,0.7093665,0.35446134,-0.61951005,-0.70040303,0.8241603,0.5608254,-0.07896027
1356594353666,0.44930023,-0.52139574,0.7254487,0.33805224,-0.6524234,-0.67828053,0.8269522,0.5499912,-0.11687499
1356594353706,0.4401393,-0.494468,0.749519,0.32851866,-0.6881717,-0.64691204,0.8356751,0.5309624,-0.14044943
1356594353746,0.41370577,-0.4679193,0.7809604,0.32278228,-0.72669935,-0.60639894,0.8512692,0.5029509,-0.14960366
1356594353786,0.371006,-0.44131187,0.8170669,0.3171657,-0.7667352,-0.5581425,0.8727889,0.46621984,-0.14449438
1356594353826,0.31747937,-0.415329,0.85247207,0.3091701,-0.80452126,-0.50710887,0.89644897,0.42455548,-0.1270116
1356594353866,0.26357776,-0.3925626,0.88114774,0.30019787,-0.83470964,-0.46167204,0.9167377,0.38620517,-0.10216445
1356594353906,0.2201491,-0.3765552,0.8998558,0.29558206,-0.85336626,-0.42941505,0.92960507,0.36051655,-0.07656485
1356594353946,0.19385296,-0.37005264,0.90856045,0.2994287,-0.8596174,-0.41400528,0.9342181,0.35230523,-0.05583501
1356594353986,0.18636549,-0.37418434,0.9084349,0.31082645,-0.8546859,-0.41581118,0.93201655,0.35985845,-0.04297757
1356594354026,0.19653857,-0.38885513,0.9000913,0.32580224,-0.8399351,-0.43400684,0.92478406,0.3785508,-0.038389772
1356594354066,0.22282493,-0.41337398,0.8828766,0.3407524,-0.8154924,-0.4678247,0.91336566,0.40508533,-0.040853858
1356594354106,0.26453024,-0.44652793,0.85477287,0.3535169,-0.7797474,-0.51673955,0.8972456,0.4388699,-0.048411608
1356594354146,0.31999457,-0.48617095,0.81316745,0.3620131,-0.73042506,-0.5791595,0.87552845,0.4797051,-0.057731807
1356594354186,0.3819458,-0.5284903,0.75816584,0.36436525,-0.66780216,-0.6490595,0.8493264,0.52415484,-0.062500715
1356594354226,0.4331401,-0.5690918,0.698945,0.3632188,-0.59950083,-0.7132116,0.82490104,0.5627906,-0.05296299
1356594354266,0.45022476,-0.6049403,0.65676856,0.37101406,-0.54229337,-0.75383455,0.8121861,0.58306533,-0.019712538
1356594354306,0.41398346,-0.6327119,0.65444136,0.40255085,-0.5175722,-0.755031,0.8164377,0.5760162,0.040432364
1356594354346,0.31957042,-0.6426706,0.6963111,0.45476717,-0.5406598,-0.7077243,0.8313011,0.5428272,0.11948669
1356594354420,0.17426229,-0.6184157,0.7662863,0.50258744,-0.6133403,-0.60927784,0.8467813,0.49129996,0.20392588
1356594354433,0.058444142,-0.5741077,0.81669116,0.5187475,-0.6815005,-0.51619565,0.85292745,0.45382518,0.25798732
1356594354476,0.016321182,-0.54701763,0.8369619,0.5181301,-0.71128833,-0.47498426,0.855146,0.44140753,0.27181724
1356594354516,0.048804283,-0.5530269,0.83173287,0.5132761,-0.7004727,-0.49586874,0.85683477,0.4511091,0.24966931
1356594354556,0.14079708,-0.5874608,0.7969102,0.49629432,-0.6546089,-0.5702448,0.856661,0.47579086,0.19938648
1356594354596,0.2595868,-0.62884474,0.73291814,0.454157,-0.59028035,-0.66731584,0.85226524,0.50608623,0.13236529
1356594354636,0.3690101,-0.657835,0.6565703,0.38985825,-0.5317194,-0.75185436,0.8437073,0.5334112,0.060252607
1356594354676,0.4482007,-0.6687577,0.59319407,0.32277307,-0.49774402,-0.80502695,0.8336268,0.5522807,-0.007232249
1356594354716,0.4948935,-0.66494334,0.5594021,0.27145562,-0.49324185,-0.82645285,0.82546484,0.56085896,-0.06359959
1356594354756,0.5142636,-0.6497632,0.5597685,0.24448405,-0.5145405,-0.8218733,0.8220466,0.5595139,-0.10575271
1356594354796,0.5100732,-0.6232756,0.59275025,0.24244678,-0.55701256,-0.79432774,0.8252544,0.5488757,-0.13300604
1356594354836,0.48304647,-0.58291954,0.65335363,0.26045358,-0.61674833,-0.7428226,0.83596057,0.52898616,-0.14609462
1356594354876,0.43295926,-0.5259658,0.73205614,0.28888965,-0.6883204,-0.66540045,0.85386705,0.49957472,-0.1460686
1356594354916,0.36366612,-0.45387435,0.8134771,0.31494927,-0.7619359,-0.56591576,0.8766721,0.46200842,-0.13414288
1356594354956,0.28729445,-0.37641954,0.88077813,0.3289526,-0.8248411,-0.45981225,0.89958435,0.4218358,-0.11314806
1356594354996,0.21963292,-0.30832696,0.9255786,0.33230132,-0.8683676,-0.36812156,0.9172443,0.3884226,-0.088264674
1356594355036,0.17087013,-0.2608329,0.95014185,0.33447295,-0.89170545,-0.30494133,0.9267854,0.3699021,-0.06512427
1356594355076,0.14466166,-0.23942184,0.96007824,0.3425393,-0.8981722,-0.27559668,0.9282994,0.3687328,-0.04791969
1356594355116,0.14185774,-0.24646355,0.95871377,0.35664862,-0.89073724,-0.28176045,0.92340577,0.3818938,-0.038457096
1356594355155,0.16350728,-0.28377143,0.9448488,0.37243274,-0.8691142,-0.32547563,0.91354215,0.40511024,-0.036420733
1356594355196,0.21246898,-0.35391125,0.91082585,0.38302365,-0.8273543,-0.41082567,0.89897156,0.43615556,-0.04023075
1356594355236,0.29091918,-0.45724997,0.84040976,0.37644812,-0.7528437,-0.5399197,0.8795754,0.4734437,-0.04688579
1356594355276,0.38953155,-0.58063614,0.71493137,0.33664143,-0.6327736,-0.6973308,0.85728514,0.5123078,-0.051019102
1356594355316,0.47660685,-0.6918334,0.5424136,0.2638262,-0.47599822,-0.8389406,0.83859503,0.54294777,-0.044340223
1356594355356,0.5190854,-0.76739335,0.37637454,0.19502887,-0.32238838,-0.9262988,0.83217436,0.55423206,-0.017683238
1356594355420,0.51373804,-0.8165275,0.26335537,0.17019638,-0.203866,-0.9640911,0.8408961,0.54011244,0.03423634
1356594355437,0.48102784,-0.8545027,0.19605431,0.1887221,-0.1174584,-0.9749807,0.85615194,0.50599265,0.10476285
1356594355477,0.44961724,-0.8827383,0.13644597,0.21797615,-0.03970477,-0.97514606,0.8662163,0.46818444,0.17456393
1356594355517,0.4434426,-0.8946629,0.054192275,0.22312099,0.051627725,-0.9734225,0.8680873,0.44374844,0.22251207
1356594355557,0.46134946,-0.88616073,-0.043310195,0.19235027,0.14755669,-0.9701692,0.86611664,0.43925628,0.23852845
1356594355597,0.48603156,-0.8643862,-0.12887895,0.13563788,0.22029033,-0.96595776,0.8633514,0.45200512,0.22431159
1356594355637,0.50703275,-0.8408816,-0.18930373,0.06777853,0.257846,-0.96380574,0.8592577,0.4758504,0.1877301
1356594355677,0.5221667,-0.82243085,-0.22571942,-3.1772256E-4,0.2644794,-0.96439123,0.8528433,0.5036447,0.1378411
1356594355717,0.5312692,-0.8118062,-0.24232987,-0.060522795,0.24893704,-0.96662676,0.84503853,0.5282054,0.08311981
1356594355757,0.5346804,-0.8092871,-0.24325153,-0.10808188,0.21999818,-0.9694942,0.838114,0.5446607,0.030159473
1356594355797,0.53337157,-0.81336844,-0.23226377,-0.14192393,0.18463895,-0.97250503,0.83388984,0.5516704,-0.016955286
1356594355836,0.5287087,-0.82175255,-0.21257874,-0.16316852,0.14737773,-0.9755285,0.8329724,0.5504565,-0.056164265
1356594355876,0.5214346,-0.8328173,-0.18579936,-0.17254737,0.11033471,-0.97880214,0.83566344,0.5424405,-0.08616808
1356594355916,0.5108354,-0.8463297,-0.15090811,-0.16940579,0.072997496,-0.9828393,0.84282196,0.52763385,-0.10608345
1356594355956,0.49479246,-0.8627304,-0.1042915,-0.15245628,0.03197308,-0.98779297,0.8555335,0.5046524,-0.11570868
1356594355996,0.47118092,-0.88103634,-0.041994125,-0.12157172,-0.017713532,-0.9924246,0.87361825,0.47271684,-0.11545539
1356594356036,0.44054675,-0.8970545,0.03481114,-0.08100343,-0.078339934,-0.9936304,0.8940677,0.43492082,-0.1071769
1356594356076,0.40792453,-0.9056731,0.11555886,-0.039384782,-0.14390558,-0.9888073,0.91216576,0.3988075,-0.09437233
1356594356116,0.38228002,-0.90592015,0.18212822,-0.005425453,-0.19929561,-0.97992444,0.92403066,0.37361744,-0.08110176
1356594356156,0.37130508,-0.9023234,0.21896347,0.016493857,-0.22937515,-0.9731983,0.9283644,0.36496496,-0.070285335
1356594356196,0.37691808,-0.8995967,0.22058693,0.025259227,-0.22807986,-0.97331476,0.9259021,0.37243178,-0.06324428
1356594356236,0.39614832,-0.89822096,0.19043502,0.02073878,-0.19859737,-0.9798616,0.9179522,0.39211997,-0.060045987
1356594356276,0.42475265,-0.8949685,0.13644227,0.0035349429,-0.14907265,-0.9888199,0.9053025,0.42048615,-0.060155347
1356594356323,0.4667583,-0.882554,0.056878656,-0.02967453,-0.0799073,-0.9963605,0.88388693,0.4633717,-0.063486785
1356594356353,0.50515944,-0.86296844,-0.009973675,-0.061992228,-0.024757072,-0.9977696,0.8607967,0.50465095,-0.06600359
1356594356400,0.5422461,-0.8380685,-0.060085535,-0.08528879,0.016241089,-0.9962239,0.83587974,0.54532313,-0.062671185
1356594356426,0.57307875,-0.8159941,-0.075725585,-0.08594614,0.03204979,-0.99578416,0.814981,0.5771711,-0.05176449
1356594356466,0.58414537,-0.81007665,-0.050498962,-0.044569016,0.03010957,-0.9985525,0.8104245,0.5855505,-0.018515974
1356594356506,0.5649817,-0.82460606,0.028643936,0.048768997,-0.0012808144,-0.9988092,0.82366085,0.5657059,0.03949161
1356594356546,0.5057379,-0.8494319,0.15064734,0.17703578,-0.06871915,-0.98180246,0.8443267,0.5232047,0.11562596
1356594356586,0.41375965,-0.86260855,0.2910489,0.30296758,-0.17100698,-0.93753254,0.858495,0.4760915,0.19058666
1356594356626,0.31614327,-0.8486532,0.4240769,0.3940376,-0.28916544,-0.87242067,0.8630109,0.44291222,0.24298352
1356594356666,0.23943192,-0.80769134,0.5388015,0.44379961,-0.4025318,-0.80063105,0.8635475,0.43081653,0.2620741
1356594356706,0.19481689,-0.7469383,0.63571185,0.4640755,-0.5007994,-0.7306393,0.8641066,0.43735915,0.24907166
1356594356746,0.18042272,-0.67377174,0.7165746,0.46967685,-0.5810879,-0.66463554,0.86420554,0.45647392,0.21161357
1356594356786,0.1879648,-0.59519994,0.7812849,0.47029626,-0.6438008,-0.60360736,0.86225903,0.48089233,0.15890846
1356594356826,0.2076928,-0.51798356,0.82979316,0.46955365,-0.6913766,-0.54910624,0.85812765,0.50367785,0.09962714
1356594356866,0.23132241,-0.44760612,0.8637932,0.46783373,-0.72729975,-0.5021621,0.8530074,0.520273,0.041164458
1356594356906,0.2529127,-0.38728938,0.8865901,0.46489003,-0.75500876,-0.46242726,0.8484765,0.5291207,-0.010904312
1356594356946,0.2684021,-0.33803156,0.90205044,0.460412,-0.77751553,-0.42835778,0.84615666,0.53028697,-0.05305302
1356594356986,0.27467495,-0.29943025,0.913726,0.45307767,-0.7978635,-0.3976614,0.8481004,0.5232164,-0.08348796
1356594357026,0.26888657,-0.27038667,0.924441,0.44051787,-0.81899804,-0.3676768,0.8565302,0.5060961,-0.10110742
1356594357066,0.24910796,-0.24961016,0.93575644,0.4209374,-0.8422729,-0.33673155,0.87221384,0.47777736,-0.10474661
1356594357106,0.2169438,-0.23578577,0.9472806,0.39526772,-0.86606574,-0.306094,0.89257985,0.44083464,-0.09468907
1356594357146,0.1790945,-0.22781411,0.9570924,0.36828545,-0.88656557,-0.27994165,0.9122999,0.4026192,-0.074878395
1356594357186,0.14480388,-0.22511598,0.96351165,0.34765622,-0.9001121,-0.26255167,0.92637306,0.3729893,-0.052076757
1356594357226,0.121465445,-0.22779246,0.9661039,0.3393858,-0.9051181,-0.25608295,0.9327719,0.35898715,-0.03263104
1356594357266,0.11216146,-0.23641038,0.9651579,0.3437935,-0.90207094,-0.26090994,0.9323228,0.36107907,-0.019901246
1356594357306,0.116815805,-0.25178745,0.96070653,0.3567914,-0.89211196,-0.27719337,0.9268516,0.3751524,-0.014377177
1356594357346,0.1345483,-0.27448717,0.95213103,0.37446687,-0.8755304,-0.30532116,0.91742647,0.397622,-0.015014797
1356594357417,0.16924882,-0.3044594,0.9373683,0.39939553,-0.8483074,-0.34764606,0.9010205,0.43321943,-0.021975279
1356594357429,0.21637535,-0.34822768,0.912096,0.4189282,-0.81073487,-0.40891093,0.88186216,0.470581,-0.029540658
1356594357467,0.27098036,-0.39001456,0.88003314,0.43947193,-0.763268,-0.47358888,0.85640764,0.51508313,-0.035430193
1356594357507,0.325868,-0.43554354,0.8391137,0.45448452,-0.70610857,-0.5430051,0.82900774,0.5583122,-0.032150388
