1356593902252,0.33597213,-0.21722299,0.91648066,0.52659136,-0.76343447,-0.373991,0.7809124,0.6082614,-0.14210495
1356593902290,-0.5329091,0.53009605,-0.65955,-0.32585385,0.59077644,0.7381073,0.78091437,0.608261,-0.14209634
1356593902330,-0.5328636,0.5301392,-0.65955186,-0.32587335,0.5907525,0.73811793,0.7809372,0.60824656,-0.14203227
1356593902371,-0.5326247,0.53021896,-0.6596809,-0.32602304,0.59075487,0.7380499,0.78103775,0.60817474,-0.14178711
1356593902410,-0.53194565,0.5301773,-0.660262,-0.3265977,0.59094507,0.7376434,0.7812604,0.6080262,-0.14119601
1356593902450,-0.5306349,0.5301148,-0.6613659,-0.3278323,0.591192,0.7368975,0.7816346,0.6078406,-0.13991833
1356593902490,-0.52854604,0.5299766,-0.663147,-0.33004773,0.5914289,0.7357176,0.78211737,0.6077308,-0.13767976
1356593902530,-0.52573955,0.5299159,-0.66542244,-0.33321026,0.5914515,0.7342724,0.78266776,0.6077617,-0.13437605
1356593902570,-0.52237713,0.5304386,-0.6676502,-0.33696043,0.59083796,0.7330539,0.7833133,0.6079024,-0.12990344
1356593902612,-0.5187433,0.531843,-0.66936415,-0.34077293,0.5894309,0.73242396,0.78407854,0.6080412,-0.124525666
1356593902651,-0.5153018,0.5339394,-0.67035264,-0.34404016,0.58752286,0.7324297,0.78492063,0.60805064,-0.11905503
1356593902690,-0.51262915,0.53586954,-0.6708615,-0.3462852,0.58593667,0.73264235,0.78568304,0.6078833,-0.11480451
1356593902732,-0.51101327,0.5370807,-0.67112577,-0.3473357,0.5851662,0.73276085,0.7862718,0.6075564,-0.1124804
1356593902770,-0.51051784,0.53752416,-0.67114776,-0.3473044,0.585124,0.73280936,0.78660744,0.60720485,-0.1120317
1356593902810,-0.5110146,0.5374168,-0.6708555,-0.3465819,0.5853801,0.73294693,0.78660345,0.607053,-0.11287874
1356593902850,-0.5123149,0.53687626,-0.67029655,-0.34562576,0.5856118,0.7332133,0.78617835,0.6073078,-0.114459395
1356593902891,-0.51419216,0.5360173,-0.66954607,-0.34480917,0.5855942,0.73361164,0.7853108,0.60808295,-0.11628431
1356593902930,-0.51639867,0.53484243,-0.668787,-0.34453863,0.5852151,0.73404115,0.7839806,0.6094808,-0.11793041
1356593902970,-0.5187465,0.53343445,-0.66809404,-0.34501177,0.5843822,0.7344823,0.7822205,0.6115105,-0.11910504
1356593903010,-0.5211227,0.53191894,-0.66745293,-0.34607127,0.583168,0.7349488,0.78017044,0.61398476,-0.1198203
1356593903050,-0.52339464,0.5306263,-0.66670376,-0.3473441,0.5816101,0.7355826,0.7780811,0.6165756,-0.12010175
1356593903090,-0.5253255,0.5301298,-0.66557914,-0.34848776,0.5795537,0.73666394,0.7762664,0.6189345,-0.119710624
1356593903130,-0.5267135,0.5306952,-0.66402984,-0.34941047,0.5769583,0.7382625,0.77490985,0.6208717,-0.11846131
1356593903177,-0.5275704,0.5320091,-0.6622958,-0.3501063,0.5741687,0.74010533,0.7740123,0.62233156,-0.116654694
1356593903211,-0.5281325,0.53346235,-0.66067684,-0.35046923,0.5717418,0.7418103,0.77346444,0.62332106,-0.114993274
1356593903240,-0.52870834,0.5347351,-0.65918577,-0.35039222,0.5698494,0.74330145,0.773106,0.6239633,-0.11391711
1356593903280,-0.52948284,0.5356251,-0.6578401,-0.3495707,0.5688008,0.7444904,0.7729477,0.6241566,-0.11393136
1356593903319,-0.53078353,0.5368108,-0.6558224,-0.3475282,0.5679128,0.7461228,0.77297676,0.6239465,-0.11488187
1356593903359,-0.5326024,0.53887194,-0.65264976,-0.34409308,0.566653,0.7486683,0.77326226,0.62331486,-0.116378665
1356593903400,-0.532653,0.5387319,-0.652724,-0.34258097,0.5679843,0.74835294,0.7738986,0.6222233,-0.11797923
1356593903440,-0.5372361,0.54731435,-0.64173543,-0.33302328,0.5613909,0.75758547,0.77490187,0.6207151,-0.119331
1356593903481,-0.54059386,0.55526525,-0.6320118,-0.32445875,0.5555188,0.7655883,0.776199,0.61893404,-0.12014943
1356593903520,-0.54307425,0.563128,-0.6228621,-0.31663877,0.5496792,0.7730412,0.7776954,0.61704105,-0.12020844
1356593903560,-0.54471266,0.5708961,-0.614301,-0.30964613,0.54383373,0.779977,0.77936345,0.61507934,-0.119457364
1356593903600,-0.54545814,0.5783847,-0.606586,-0.30347574,0.53832996,0.7861955,0.7812668,0.6129209,-0.11811072
1356593903640,-0.54530245,0.58540446,-0.5999557,-0.29796284,0.5336198,0.79149735,0.78349435,0.6103699,-0.11655545
1356593903680,-0.54433346,0.5917542,-0.5945823,-0.29303917,0.5300019,0.795755,0.7860211,0.60739195,-0.11509061
1356593903720,-0.5426222,0.5974026,-0.5904839,-0.28885075,0.52739465,0.79901195,0.7887498,0.60412335,-0.11361581
1356593903760,-0.5399914,0.6028949,-0.58730495,-0.28547245,0.5252304,0.8016473,0.7917795,0.60054207,-0.11151004
1356593903800,-0.5361997,0.610528,-0.5828768,-0.2817123,0.52150714,0.80539954,0.7956934,0.5960586,-0.10763866
1356593903859,-0.52853703,0.61987805,-0.57999986,-0.27965036,0.5179552,0.80840474,0.80152625,0.589469,-0.10040939
1356593903882,-0.51709527,0.63635254,-0.5724228,-0.27541256,0.5095053,0.81520075,0.81040746,0.5791889,-0.08820325
1356593903921,-0.5007166,0.6605613,-0.5594118,-0.26910895,0.49544543,0.8259021,0.822717,0.5640856,-0.070314765
1356593903958,-0.48004648,0.6897106,-0.5420836,-0.26275468,0.47652236,0.83897936,0.83696795,0.54518414,-0.047528148
1356593904001,-0.45711216,0.7193817,-0.5230092,-0.25967953,0.45447043,0.85207,0.8506557,0.5253062,-0.020935297
1356593904040,-0.43503904,0.7445876,-0.50629073,-0.2622866,0.43310893,0.86233544,0.86136335,0.5079429,0.006876111
1356593904080,-0.41574275,0.7634117,-0.49432844,-0.27020162,0.4153089,0.86862504,0.86841756,0.4946929,0.033613384
1356593904120,-0.39930552,0.77649546,-0.48745245,-0.2817899,0.40199745,0.87120175,0.87243885,0.48523486,0.058288753
1356593904177,-0.38335043,0.7873622,-0.48280782,-0.29730418,0.38972437,0.87162215,0.8744443,0.4776774,0.08468503
1356593904212,-0.36577117,0.7967347,-0.48106682,-0.3144033,0.38072276,0.86959803,0.87599206,0.46932292,0.1112386
1356593904242,-0.34717923,0.8066062,-0.47838587,-0.33054134,0.37212908,0.8673306,0.8776155,0.4592455,0.13742119
1356593904282,-0.32355803,0.82297134,-0.466935,-0.34542716,0.35668588,0.8680179,0.880903,0.44214627,0.16886812
1356593904321,-0.29355353,0.84461254,-0.44772306,-0.35954255,0.33641696,0.87037504,0.88575137,0.4164772,0.20491773
1356593904362,-0.25855678,0.86954796,-0.42075512,-0.37258318,0.312096,0.87394387,0.89125204,0.3827303,0.2432844
1356593904401,-0.22280443,0.8932259,-0.39051968,-0.38506493,0.2873783,0.8770055,0.89559096,0.34577614,0.27992082
1356593904431,-0.19286823,0.9103376,-0.36617923,-0.39718884,0.26881415,0.87748504,0.89724183,0.3146813,0.30973023
1356593904461,-0.17176974,0.9204055,-0.35121036,-0.40838602,0.25790536,0.87561727,0.896502,0.2938341,0.33158052
1356593904492,-0.16086733,0.92306817,-0.34938043,-0.4178848,0.25699478,0.8713931,0.89414424,0.2861795,0.34439415
1356593904531,-0.16621482,0.9129823,-0.37260696,-0.42337137,0.2751913,0.86314917,0.89057803,0.30121925,0.34078968
1356593904562,-0.17973375,0.89643276,-0.4050977,-0.42451203,0.3008054,0.853994,0.8874037,0.32546034,0.32648152
1356593904601,-0.20699322,0.8646092,-0.45782632,-0.41839892,0.3447764,0.84028065,0.88436204,0.36548638,0.29038513
1356593904632,-0.23955989,0.82790005,-0.5071414,-0.41108608,0.38672155,0.82550263,0.87955624,0.40623617,0.24769527
1356593904661,-0.2747771,0.7863933,-0.5532478,-0.40421832,0.4276011,0.8085573,0.8724134,0.4458059,0.20037955
1356593904692,-0.31149518,0.74344707,-0.5918253,-0.39763203,0.46368343,0.7917616,0.8630524,0.4819587,0.15118319
1356593904731,-0.351284,0.6971585,-0.6249556,-0.38901788,0.49846807,0.7747223,0.85162467,0.5152665,0.09610331
1356593904772,-0.3936139,0.6615371,-0.63830763,-0.37337238,0.5194601,0.7686054,0.84003633,0.54086024,0.04253298
1356593904812,-0.43477663,0.64279556,-0.63070047,-0.34830678,0.5258211,0.77601194,0.8304527,0.5570692,-0.004724622
1356593904842,-0.47286698,0.64218855,-0.6033163,-0.31425014,0.51676714,0.79636586,0.82319105,0.56616735,-0.04255426
1356593904882,-0.5017372,0.6570296,-0.56264716,-0.2720394,0.49759048,0.82364935,0.82112986,0.56631774,-0.07092166
1356593904912,-0.52442014,0.68770105,-0.5020465,-0.21881415,0.46097818,0.86001134,0.82286316,0.5608622,-0.091267526
1356593904952,-0.5306904,0.73325306,-0.42509723,-0.15651727,0.40814131,0.8994014,0.8329886,0.54383874,-0.10182989
1356593904981,-0.5250863,0.783695,-0.331823,-0.09026989,0.33641177,0.93737847,0.84624803,0.5221582,-0.10590118
1356593905012,-0.5064425,0.8288101,-0.23788619,-0.03197685,0.25764048,0.9657116,0.8616806,0.4966842,-0.10397738
1356593905041,-0.48046684,0.8640728,-0.1500994,0.013584256,0.17846012,0.98385334,0.8769077,0.47066996,-0.097481966
1356593905082,-0.4538681,0.8879568,-0.074408114,0.042615056,0.105039,0.9935546,0.89004934,0.44777176,-0.08551425
1356593905111,-0.43637866,0.89965373,-0.014025897,0.06076026,0.0450176,0.9971367,0.89770913,0.43427697,-0.07430786
1356593905142,-0.43089354,0.90203947,0.025604397,0.06988472,0.0050678253,0.99754214,0.89969265,0.4316238,-0.0652225
1356593905183,-0.4426481,0.8956994,0.042251438,0.072226256,-0.011351526,0.99732363,0.8937819,0.4445151,-0.059668303
1356593905222,-0.46351218,0.88517404,0.04029131,0.070085526,-0.008704722,0.99750304,0.8833145,0.46517864,-0.058003128
1356593905262,-0.4911031,0.87091994,0.017780602,0.06065291,0.013825238,0.9980632,0.8689873,0.4912304,-0.059613466
1356593905301,-0.5249024,0.85054934,-0.032298923,0.036836624,0.060611665,0.99748147,0.8503649,0.5223907,-0.06314659
1356593905342,-0.562678,0.8184011,-0.11667538,-0.01074627,0.13388479,0.9909386,0.82660633,0.5588332,-0.06653929
1356593905382,-0.5945879,0.7693158,-0.23370597,-0.08901012,0.22589952,0.9700756,0.7990885,0.59759736,-0.065840304
1356593905422,-0.60363984,0.71002376,-0.3626089,-0.18972832,0.3138199,0.9303334,0.77435267,0.6303835,-0.054722548
1356593905452,-0.5837432,0.65487826,-0.47997728,-0.29037955,0.383667,0.87662953,0.7582371,0.6511021,-0.033799767
1356593905492,-0.5353345,0.64714015,-0.54279524,-0.3556149,0.41021407,0.83979905,0.7661299,0.64259946,0.010530889
1356593905521,-0.4706751,0.66034037,-0.58516276,-0.40375346,0.4285025,0.8083123,0.7845049,0.616714,0.06492931
1356593905561,-0.39529228,0.7029184,-0.59131193,-0.42894474,0.4279822,0.79551095,0.81225026,0.56809944,0.13233507
1356593905602,-0.3199312,0.7365143,-0.595979,-0.45029444,0.43525028,0.7796103,0.8335941,0.5177876,0.19239801
1356593905631,-0.25729638,0.7472148,-0.612755,-0.4683636,0.45821524,0.7554299,0.8452421,0.48136145,0.2320711
1356593905662,-0.21400309,0.7367377,-0.64142054,-0.4799516,0.49260503,0.72593856,0.8507933,0.46320382,0.24817938
1356593905701,-0.19623989,0.69451773,-0.6921958,-0.48537958,0.5445657,0.6839992,0.8519956,0.47020563,0.23023921
1356593905742,-0.1984559,0.6296463,-0.75110644,-0.48910618,0.6004826,0.6326103,0.84934705,0.492916,0.18879461
1356593905771,-0.21114242,0.56534064,-0.7973762,-0.49365723,0.64240783,0.5861865,0.84363586,0.51739943,0.14344496
1356593905802,-0.2311702,0.50485706,-0.8316728,-0.49912584,0.67222214,0.5468005,0.83512497,0.54151344,0.096589506
1356593905830,-0.2567936,0.45262092,-0.85392696,-0.5037546,0.6913539,0.5179392,0.8247959,0.5631732,0.050474644
1356593905870,-0.28863463,0.4063562,-0.86692834,-0.5050176,0.7046455,0.49842942,0.8134171,0.58167803,0.0018318892
1356593905910,-0.32727045,0.3798172,-0.8652358,-0.49692678,0.7096402,0.49947423,0.803715,0.593422,-0.043502927
1356593905950,-0.36839333,0.37526676,-0.85056525,-0.47704932,0.7089677,0.5194119,0.79794127,0.59710944,-0.08215821
1356593905990,-0.4084613,0.3940161,-0.82335335,-0.44332665,0.7028575,0.55628484,0.79788524,0.59223527,-0.112412214
1356593906030,-0.4432854,0.43738273,-0.78242844,-0.39383098,0.68908286,0.60832715,0.80522984,0.5778072,-0.13320547
1356593906070,-0.46739024,0.50554645,-0.7252373,-0.32807785,0.6625862,0.67330855,0.820921,0.55263215,-0.14382774
1356593906110,-0.47530034,0.5932023,-0.64976954,-0.2502764,0.61685324,0.7462264,0.8434757,0.51730365,-0.14472604
1356593906174,-0.46570122,0.6859261,-0.55913126,-0.171419,0.549939,0.8174244,0.8681809,0.47652125,-0.1385265
1356593906192,-0.44556487,0.76515245,-0.46477276,-0.10470539,0.47105247,0.8758689,0.8891056,0.43892062,-0.12976891
1356593906231,-0.42669776,0.81997406,-0.38153836,-0.056776702,0.3967525,0.91616803,0.9026103,0.41258937,-0.122737944
1356593906272,-0.4182509,0.85032105,-0.3194061,-0.026365578,0.34012732,0.9400097,0.9079488,0.4015812,-0.11983937
1356593906311,-0.4227226,0.8613774,-0.2816638,-0.009680748,0.30648866,0.951825,0.90620744,0.4050847,-0.12122089
1356593906351,-0.43967032,0.8568197,-0.26935112,-0.005508721,0.2973143,0.95476377,0.89814234,0.4212651,-0.12600029
1356593906392,-0.46783513,0.8369627,-0.28394324,-0.016419321,0.3129837,0.94961655,0.88366324,0.44892618,-0.13268244
1356593906431,-0.504286,0.7995737,-0.32615554,-0.048134983,0.3510825,0.9351064,0.86219406,0.48726055,-0.1385585
1356593906471,-0.54029375,0.74488986,-0.3914355,-0.1056709,0.40143347,0.90977186,0.83481514,0.5329074,-0.13817877
1356593906510,-0.5605569,0.68397313,-0.4668584,-0.18521105,0.44593048,0.87569565,0.8071387,0.5773446,-0.12329006
1356593906550,-0.5513579,0.6387923,-0.5366086,-0.27186924,0.47052133,0.8394622,0.78872776,0.60873157,-0.08575767
1356593906590,-0.5083537,0.62599903,-0.59135586,-0.35153985,0.47602755,0.8061125,0.7861274,0.6176754,-0.02192682
1356593906648,-0.43776274,0.6406761,-0.63079154,-0.419661,0.47487038,0.77355206,0.7951405,0.6033509,0.06098622
1356593906670,-0.35568088,0.660486,-0.6612484,-0.4748105,0.48171073,0.73655254,0.8050131,0.5759453,0.14227033
1356593906711,-0.2825586,0.66325045,-0.69300747,-0.5132177,0.505826,0.6933596,0.8104123,0.5515785,0.19746643
1356593906748,-0.23187366,0.64087075,-0.7317918,-0.5330146,0.5455967,0.646699,0.8137137,0.5400081,0.2150839
1356593906791,-0.20760503,0.5956229,-0.7759726,-0.53785753,0.59308004,0.5991372,0.8170737,0.5417466,0.19723386
1356593906830,-0.20627686,0.5362109,-0.8184912,-0.53494143,0.6386117,0.55318433,0.8193215,0.551954,0.15511054
1356593906870,-0.22300938,0.4719715,-0.8529417,-0.52911365,0.67626345,0.5125489,0.81872183,0.56560636,0.09891349
1356593906910,-0.25143138,0.4136276,-0.8750397,-0.5220037,0.70337236,0.48247224,0.8150426,0.5780826,0.039065182
1356593906950,-0.2858049,0.36968943,-0.8841071,-0.51235026,0.720706,0.46699044,0.8098228,0.58644056,-0.016570866
1356593906990,-0.32184723,0.3455252,-0.8814911,-0.49745232,0.73045444,0.46795034,0.8055777,0.58910835,-0.063212395
1356593907030,-0.3563308,0.34411627,-0.8686842,-0.47410166,0.7345482,0.48545492,0.80514336,0.5848272,-0.09859604
1356593907070,-0.38638592,0.36673933,-0.8462909,-0.43940723,0.733541,0.5184968,0.81094223,0.5722062,-0.12228203
1356593907110,-0.4088405,0.41332704,-0.81364006,-0.39193016,0.72562885,0.56555593,0.8241603,0.55011225,-0.13467109
1356593907178,-0.42015654,0.48149455,-0.7691759,-0.3333516,0.70646363,0.6243283,0.84400547,0.51872164,-0.13631833
1356593907193,-0.4183565,0.5636676,-0.7122195,-0.27024424,0.6713785,0.6900861,0.86714804,0.4811753,-0.12854767
1356593907232,-0.40844545,0.64412886,-0.6467382,-0.2143327,0.6210445,0.7539,0.887262,0.44654423,-0.11560494
1356593907272,-0.39851096,0.7080327,-0.5829912,-0.1751748,0.5651854,0.8061509,0.90027934,0.4233853,-0.101203084
1356593907312,-0.39663774,0.7493614,-0.5302225,-0.15437207,0.514925,0.84322095,0.90490204,0.41630486,-0.08855814
1356593907350,-0.40495726,0.7694478,-0.49392274,-0.1483556,0.47774586,0.8658808,0.90221965,0.42392093,-0.07931477
1356593907390,-0.42168468,0.7717869,-0.47594842,-0.15386468,0.45638144,0.8763798,0.8935925,0.4427876,-0.07369834
1356593907430,-0.444126,0.7586796,-0.47661024,-0.17036355,0.45073843,0.8762483,0.87961835,0.47036165,-0.07093334
1356593907470,-0.46954742,0.73115695,-0.49490875,-0.19964403,0.4581001,0.8661908,0.8600392,0.5055233,-0.06912857
1356593907510,-0.49256778,0.69246644,-0.5271311,-0.24283864,0.47228557,0.84733444,0.83570707,0.54537743,-0.064475
1356593907550,-0.5036943,0.65242416,-0.56624615,-0.29670227,0.48494518,0.8226761,0.8113321,0.5823838,-0.050688386
1356593907590,-0.49222526,0.62635005,-0.60448307,-0.35336217,0.49086305,0.7963596,0.79551834,0.6055898,-0.020286739
1356593907630,-0.451728,0.625071,-0.6365753,-0.40577704,0.49150026,0.77056634,0.7945356,0.60639405,0.03161502
1356593907670,-0.38496432,0.64433885,-0.6607798,-0.45209718,0.4925249,0.74365807,0.8046183,0.5850185,0.10169923
1356593907710,-0.30708396,0.66590834,-0.6799011,-0.4923097,0.50024754,0.71230865,0.8144511,0.5534605,0.17421514
1356593907750,-0.23927125,0.67256784,-0.7002869,-0.5232568,0.5182239,0.6764956,0.81789464,0.5282958,0.22792959
1356593907790,-0.19600365,0.65858537,-0.72653145,-0.5409965,0.54532087,0.64027184,0.8178664,0.5185465,0.24940747
1356593907830,-0.1804348,0.6276234,-0.757319,-0.5452154,0.57702005,0.6081019,0.81864727,0.5226248,0.2380755
1356593907870,-0.18902335,0.58672476,-0.7874161,-0.5390959,0.6082225,0.5826156,0.8207593,0.53462076,0.20133269
1356593907910,-0.2156699,0.54352564,-0.81121284,-0.52651936,0.6349155,0.56538457,0.8223526,0.54905576,0.1492446
1356593907950,-0.25374216,0.5051449,-0.8248901,-0.50951165,0.6550955,0.55789584,0.8222,0.56185275,0.09115183
1356593907990,-0.29701316,0.4776179,-0.82684,-0.48779592,0.6685091,0.56138283,0.82087654,0.5700672,0.034424067
1356593908030,-0.34026977,0.46533853,-0.8171147,-0.45998138,0.6755322,0.57625806,0.8201424,0.5719408,-0.015816092
1356593908070,-0.37929568,0.47125033,-0.79627746,-0.42453578,0.67601955,0.60230136,0.82213384,0.56649864,-0.05634862
1356593908110,-0.410382,0.496861,-0.76466703,-0.3801653,0.6689732,0.638709,0.8288914,0.55281454,-0.0856452
1356593908178,-0.4297949,0.5420693,-0.7221061,-0.32683355,0.6521106,0.6840553,0.8416984,0.530012,-0.10310733
1356593908192,-0.4343226,0.60404015,-0.6682061,-0.2671959,0.6220423,0.7359821,0.8602152,0.4981956,-0.10877001
1356593908232,-0.42501375,0.6742394,-0.6039575,-0.20791854,0.57666194,0.7900828,0.88098425,0.46137,-0.10490239
1356593908272,-0.40846887,0.7401306,-0.534191,-0.1574952,0.5193132,0.8399459,0.89908206,0.42722428,-0.09555626
1356593908311,-0.3953904,0.79165965,-0.46576965,-0.1209383,0.457806,0.8807881,0.9105165,0.40458456,-0.08527005
1356593908352,-0.39355418,0.8254111,-0.40473664,-0.097179145,0.40044507,0.91115314,0.9141506,0.39792007,-0.077384055
1356593908392,-0.4048227,0.84283555,-0.35460803,-0.08225855,0.35266608,0.93212664,0.9106877,0.40651557,-0.0734368
1356593908432,-0.42687523,0.8468722,-0.31715137,-0.07321319,0.31719464,0.94553024,0.901342,0.4268431,-0.07340032
1356593908471,-0.4571944,0.83910656,-0.29474294,-0.0704827,0.29618,0.952528,0.8865695,0.45626473,-0.07626933
1356593908511,-0.49395472,0.8194339,-0.29075205,-0.0779089,0.29133755,0.9534425,0.86599016,0.4936096,-0.08006632
1356593908552,-0.5329794,0.78805864,-0.30805257,-0.10157955,0.30184603,0.9479296,0.8400086,0.5365188,-0.08082706
1356593908591,-0.5644517,0.7497071,-0.345447,-0.1459125,0.32127982,0.9356756,0.81246775,0.57854867,-0.07195526
1356593908632,-0.5745505,0.71719754,-0.39435953,-0.20761701,0.3383562,0.91782916,0.79169875,0.6092149,-0.045500338
1356593908670,-0.5541316,0.7058717,-0.44122928,-0.2750867,0.34499228,0.89738935,0.7856625,0.6186481,0.0030047894
1356593908710,-0.50602514,0.7203132,-0.47443396,-0.33687544,0.3413129,0.8775081,0.79401106,0.6038663,0.06994289
1356593908750,-0.44413918,0.74798506,-0.4932127,-0.38757664,0.33591884,0.85845375,0.80779004,0.57243073,0.14070678
1356593908790,-0.38633984,0.7690821,-0.5091701,-0.4245792,0.34178084,0.8384023,0.8188248,0.5400913,0.1944927
1356593908830,-0.3438372,0.77211547,-0.53442854,-0.445876,0.36663568,0.8165617,0.8264205,0.5190531,0.21820468
1356593908870,-0.31894863,0.75450265,-0.5735832,-0.45328784,0.41005158,0.79144675,0.83234733,0.51242906,0.21122146
1356593908910,-0.3095919,0.71790206,-0.6235137,-0.45202526,0.46578246,0.7607364,0.83655596,0.5173618,0.18030745
1356593908950,-0.31270343,0.66718185,-0.6760807,-0.44701672,0.52465725,0.72450733,0.83808875,0.5287752,0.1341793
1356593908990,-0.32563534,0.61135143,-0.72125655,-0.44021624,0.57707524,0.6878908,0.83676237,0.5415104,0.08121073
1356593909030,-0.34673473,0.56249386,-0.7505834,-0.43045217,0.6155565,0.6601524,0.83335817,0.55198807,0.028691947
1356593909070,-0.3752225,0.53231835,-0.75884473,-0.41437274,0.6359768,0.65102136,0.8291582,0.5587224,-0.018054664
1356593909110,-0.41025737,0.5298909,-0.7422294,-0.38654828,0.63611054,0.6677902,0.82599586,0.5608734,-0.0561406
1356593909179,-0.44948283,0.56194377,-0.6943951,-0.33899596,0.61189294,0.71461093,0.8264666,0.55660236,-0.08453876
1356593909197,-0.48567942,0.63583285,-0.5998601,-0.2596019,0.55035484,0.7935467,0.8346989,0.5411341,-0.102232575
1356593909231,-0.50897765,0.73718446,-0.44441065,-0.14845937,0.4333724,0.8889028,0.8478806,0.51840854,-0.11113489
1356593909271,-0.4976595,0.83226836,-0.24426281,-0.026643872,0.26681113,0.96338046,0.86696315,0.48594356,-0.11060625
1356593909312,-0.4558363,0.88942766,-0.033640057,0.07729086,0.077207685,0.9940146,0.88670135,0.45050788,-0.1039387
1356593909351,-0.4085024,0.90261304,0.1357041,0.14345893,-0.083335996,0.9861413,0.901413,0.422309,-0.09544498
1356593909392,-0.37770128,0.89229006,0.24730572,0.1795792,-0.19142616,0.964939,0.9083463,0.4088697,-0.08793485
1356593909431,-0.36908376,0.8757001,0.31133035,0.20062038,-0.25201607,0.94669926,0.9074849,0.41187048,-0.082668304
1356593909472,-0.379628,0.8607999,0.33897796,0.21392822,-0.27479702,0.93740135,0.9000652,0.4283808,-0.07982874
1356593909511,-0.40606844,0.8506586,0.33389866,0.21912616,-0.26408207,0.93927866,0.8871821,0.4545774,-0.079166174
1356593909552,-0.44835174,0.8454807,0.29007438,0.20942855,-0.21612436,0.95364034,0.8689767,0.48831615,-0.08016807
1356593909592,-0.5068651,0.8402821,0.19238973,0.16995427,-0.121391356,0.9779467,0.8451055,0.5283845,-0.08128047
1356593909630,-0.571221,0.8203348,0.027518272,0.07989782,0.022205412,0.9965557,0.8168983,0.57145226,-0.0782271
1356593909670,-0.60965914,0.7721602,-0.17912117,-0.06038809,0.18007231,0.981798,0.7903601,0.6093789,-0.063153446
1356593909708,-0.59824514,0.71998763,-0.3517393,-0.2019206,0.28933835,0.9356876,0.77545524,0.630794,-0.027714968
1356593909751,-0.551179,0.7079752,-0.44155735,-0.2993986,0.3261447,0.89665496,0.77882105,0.62641895,0.03220266
1356593909790,-0.49003553,0.7361976,-0.46677434,-0.3583405,0.31800765,0.8777603,0.7946428,0.5973979,0.10797435
1356593909830,-0.42806154,0.776625,-0.46218726,-0.39766032,0.29738504,0.86800253,0.81156003,0.555352,0.18153381
1356593909870,-0.37565523,0.804374,-0.46028864,-0.42545846,0.29155153,0.85672796,0.82332754,0.5176681,0.23270488
1356593909910,-0.3395121,0.8117776,-0.4751299,-0.4393085,0.3098032,0.84322596,0.8317087,0.4950141,0.25143892
1356593909950,-0.32175153,0.7993437,-0.50746983,-0.43889818,0.34899288,0.827993,0.8389544,0.48913556,0.23854148
1356593909990,-0.3218124,0.7693922,-0.55179006,-0.4288116,0.40115428,0.8094417,0.84413105,0.4971024,0.20082796
1356593910030,-0.3375268,0.726278,-0.5988289,-0.4147759,0.4563234,0.78722924,0.84500694,0.5140907,0.14722121
1356593910070,-0.36566582,0.67856205,-0.6370575,-0.39950144,0.50377357,0.76590526,0.8406469,0.5345707,0.08687371
1356593910110,-0.40273583,0.63834584,-0.65598667,-0.3808011,0.5348598,0.75426495,0.83234274,0.5535699,0.027675629
1356593910180,-0.4458101,0.6148154,-0.65058076,-0.3517692,0.5479958,0.75891966,0.82311106,0.5671883,-0.028028965
1356593910192,-0.49490583,0.63067734,-0.59775776,-0.29719704,0.52357113,0.7984656,0.8165428,0.5728171,-0.07168293
1356593910232,-0.5301478,0.6740666,-0.51437104,-0.22236921,0.47487402,0.8514967,0.81822693,0.56579936,-0.101861715
1356593910271,-0.5448671,0.74612415,-0.38264668,-0.12075573,0.38175774,0.91634,0.8297818,0.5454904,-0.11790842
1356593910312,-0.52734244,0.82247686,-0.21317086,-0.010599226,0.2445041,0.96959037,0.8495867,0.5135656,-0.12021983
1356593910352,-0.4840566,0.8739855,-0.04287839,0.07789129,0.091843724,0.9927224,0.8715631,0.47719395,-0.11253345
1356593910392,-0.4379257,0.8942504,0.0923973,0.130303,-0.03855431,0.9907243,0.8895179,0.44590333,-0.099639535
1356593910430,-0.40796208,0.8943136,0.18376607,0.15552506,-0.13026345,0.9792055,0.8996548,0.42805898,-0.085945606
1356593910470,-0.39863056,0.8853228,0.23936802,0.16788551,-0.1861481,0.96807194,0.9016141,0.4260895,-0.07442856
1356593910510,-0.40584153,0.8734336,0.26908427,0.17600998,-0.21421593,0.9607976,0.896835,0.4372931,-0.06679535
1356593910550,-0.42537946,0.86163986,0.27681977,0.1816645,-0.2183531,0.95881176,0.88659483,0.45814717,-0.063646436
1356593910590,-0.45658684,0.85120916,0.2587886,0.1809918,-0.1959266,0.96377116,0.8710743,0.48688382,-0.06460434
1356593910630,-0.5005056,0.8413559,0.20399597,0.16344813,-0.13956273,0.9766304,0.85016406,0.52215177,-0.06766611
1356593910670,-0.5525215,0.82763016,0.09873369,0.111400455,-0.044067323,0.9927981,0.8260205,0.5595412,-0.06785023
1356593910710,-0.59269667,0.8035116,-0.05549541,0.012990296,0.07842958,0.996835,0.805321,0.59009993,-0.056922793
1356593910750,-0.59362745,0.7743887,-0.2189259,-0.11179152,0.19005346,0.9753883,0.7969373,0.6034913,-0.02625084
1356593910791,-0.5520149,0.7626872,-0.33702797,-0.22186771,0.25527155,0.9410692,0.803775,0.5942598,0.028302014
1356593910830,-0.4886356,0.77510875,-0.40055186,-0.30366093,0.27930522,0.9109219,0.8179397,0.5667408,0.098891675
1356593910870,-0.4225477,0.7912622,-0.44199264,-0.3665617,0.29680568,0.8817816,0.8289064,0.5346124,0.1646319
1356593910910,-0.36312658,0.789278,-0.49515587,-0.41536087,0.33857673,0.8442992,0.834035,0.5122559,0.20488906
1356593910950,-0.31274527,0.75748825,-0.5730637,-0.450416,0.41290742,0.7916014,0.8362511,0.50568664,0.21204996
1356593910990,-0.27114168,0.6901799,-0.67092025,-0.4755464,0.5099671,0.7167909,0.83686197,0.51340556,0.1899392
1356593911030,-0.23857313,0.5893177,-0.7718728,-0.496583,0.6090195,0.6184663,0.83455867,0.5308483,0.14734942
1356593911070,-0.21690518,0.47064498,-0.8552458,-0.51641005,0.6881577,0.50966626,0.8284159,0.5522068,0.093780816
1356593911110,-0.20873547,0.3593469,-0.90955997,-0.5332394,0.737814,0.41386735,0.819808,0.571402,0.037609994
1356593911182,-0.21556897,0.27444088,-0.9371298,-0.5428352,0.76406133,0.3486263,0.81170195,0.58386,-0.015731752
1356593911191,-0.24017084,0.23199408,-0.942601,-0.5400386,0.7749555,0.32833254,0.8066451,0.5878968,-0.060835958
1356593911230,-0.2796316,0.2336623,-0.93124,-0.5198465,0.7786095,0.35146385,0.8071962,0.5823823,-0.0962553
1356593911270,-0.3384158,0.29595816,-0.89324325,-0.47047567,0.7688739,0.43299612,0.81494015,0.56678194,-0.12095797
1356593911310,-0.41534424,0.44155243,-0.7953117,-0.37038133,0.71645147,0.5911979,0.83084714,0.54011923,-0.13403124
1356593911350,-0.48437965,0.66964597,-0.5629837,-0.19273913,0.54602146,0.81529886,0.85336274,0.50342315,-0.13541472
1356593911390,-0.4786026,0.8574408,-0.18903652,0.021818936,0.22684366,0.9736868,0.8777605,0.4618844,-0.12727642
1356593911430,-0.40961403,0.90217495,0.13526541,0.16007659,-0.07489306,0.9842594,0.8981046,0.4248193,-0.11373985
1356593911470,-0.35266316,0.879201,0.320366,0.2158466,-0.2566985,0.94208074,0.9105158,0.40138707,-0.099244475
1356593911510,-0.32784736,0.84956634,0.41322297,0.23733473,-0.34930515,0.9064536,0.9144334,0.39525053,-0.0871129
1356593911550,-0.32740897,0.82729447,0.45649433,0.2500019,-0.3900584,0.8862017,0.9112092,0.40427488,-0.07911652
1356593911590,-0.34463662,0.8150117,0.46581286,0.259574,-0.39412838,0.8816372,0.9021347,0.42475733,-0.07572484
1356593911630,-0.38092428,0.8165853,0.43368787,0.25959894,-0.35572827,0.89781165,0.8874149,0.45458317,-0.07647914
1356593911670,-0.44603544,0.83624077,0.31898874,0.2234762,-0.24106008,0.94443023,0.8666665,0.4925357,-0.07935858
1356593911710,-0.53498316,0.8446837,0.017392665,0.076213956,0.027747452,0.9967053,0.84141815,0.53454614,-0.07922107
1356593911750,-0.5282311,0.69843996,-0.48285985,-0.22857657,0.43071157,0.87306374,0.81775594,0.57154983,-0.06786823
1356593911790,-0.38388392,0.4715844,-0.7938773,-0.45239356,0.6534431,0.60692024,0.8049677,0.592132,-0.037504494
1356593911830,-0.26054755,0.3790678,-0.8879315,-0.528532,0.7136414,0.4597497,0.807941,0.589087,0.014411986
1356593911870,-0.17407471,0.38522655,-0.9062552,-0.5430609,0.73015326,0.41468188,0.8214516,0.56433743,0.08210027
1356593911910,-0.09970227,0.4116708,-0.90586233,-0.5423775,0.74077046,0.39634043,0.8341979,0.5308354,0.1494245
1356593911950,-0.0285393,0.40520757,-0.91377914,-0.5411667,0.7623309,0.354951,0.84043086,0.50463694,0.19752848
1356593911990,0.0353944,0.3484706,-0.9366512,-0.5381737,0.7963805,0.2759478,0.8420904,0.49431396,0.21572512
1356593912031,0.084056556,0.25252527,-0.9639324,-0.5331428,0.82864755,0.17059319,0.8418393,0.49957407,0.20428526
1356593912070,0.112253,0.14157984,-0.9835417,-0.5317141,0.84473056,0.060912818,0.8394518,0.51612544,0.17010355
1356593912110,0.12039438,0.038349032,-0.99198514,-0.53910565,0.84159553,-0.032894522,0.8335888,0.53874516,0.121997535
1356593912182,0.111910395,-0.058458045,-0.99199724,-0.55785865,0.82242566,-0.11139904,0.8223561,0.565861,0.059426665
1356593912202,0.08677536,-0.113964066,-0.9896879,-0.57990915,0.8019974,-0.14319736,0.81004655,0.5863551,0.0035048127
1356593912241,0.055643763,-0.1450109,-0.98786414,-0.5967794,0.7883849,-0.14934391,0.8004737,0.59784704,-0.042670786
1356593912282,0.018736392,-0.1539569,-0.9878999,-0.60291976,0.7864679,-0.13400011,0.7975818,0.598135,-0.078088105
1356593912321,-0.024271432,-0.13996738,-0.9898586,-0.5940242,0.7984148,-0.09833145,0.80408096,0.5856133,-0.10252267
1356593912362,-0.07335782,-0.097463936,-0.99253184,-0.5665386,0.8231139,-0.038954794,0.8207634,0.55945,-0.11559892
1356593912401,-0.12986118,-0.012933999,-0.9914478,-0.5196066,0.85250634,0.05693735,0.8444791,0.52255684,-0.117428064
1356593912441,-0.1936683,0.12743337,-0.97275555,-0.45542926,0.8665391,0.20419133,0.86895156,0.4825667,-0.109784305
1356593912482,-0.25832272,0.31419817,-0.9135364,-0.38099483,0.8358519,0.39521444,0.8877568,0.45014554,-0.09621167
1356593912521,-0.31069767,0.49177057,-0.8134056,-0.31270635,0.75523734,0.57604796,0.89759773,0.43333384,-0.08087075
1356593912560,-0.34584707,0.60620916,-0.7161705,-0.26954892,0.6669074,0.69467825,0.89873976,0.43329543,-0.06724495
1356593912600,-0.3691281,0.654178,-0.66014814,-0.25698698,0.6107707,0.7489438,0.89314175,0.44610572,-0.057337403
1356593912640,-0.38431668,0.65259445,-0.65300936,-0.2717308,0.59603715,0.7555806,0.88230556,0.467825,-0.05173707
1356593912678,-0.39079016,0.61275727,-0.68688536,-0.310418,0.6147814,0.72504103,0.86655843,0.49656057,-0.05003959
1356593912721,-0.38605368,0.5434345,-0.74541354,-0.36881343,0.6497377,0.6646936,0.84554076,0.53152597,-0.050407648
1356593912760,-0.36803228,0.4635506,-0.80602294,-0.43604943,0.67958504,0.58993644,0.82122654,0.5685815,-0.047978282
1356593912800,-0.3383655,0.40273702,-0.8504774,-0.49595934,0.6917471,0.5248908,0.7997082,0.5994071,-0.034322143
1356593912840,-0.2985806,0.384691,-0.87342,-0.53605103,0.6895737,0.48696762,0.78961957,0.61359674,3.20673E-4
1356593912880,-0.24794352,0.41225493,-0.87668115,-0.5549652,0.68129814,0.47733265,0.794064,0.6048791,0.059863687
1356593912920,-0.18732947,0.46850014,-0.86337435,-0.56048894,0.6708318,0.4856304,0.8066969,0.57488465,0.13692254
1356593912960,-0.12489739,0.52151185,-0.8440534,-0.5624265,0.66361344,0.49324822,0.8173599,0.5363233,0.21042848
1356593913000,-0.07378957,0.5469756,-0.83389014,-0.5630708,0.66728866,0.48752147,0.8231078,0.50551313,0.25874704
1356593913040,-0.04308352,0.53885686,-0.8412949,-0.5597316,0.68449223,0.46708778,0.8275533,0.4910231,0.27212495
1356593913080,-0.035177678,0.50248516,-0.86386997,-0.5520687,0.7107732,0.43591455,0.8330563,0.49225,0.2524029
1356593913120,-0.048027575,0.44689277,-0.8932974,-0.5436692,0.73855025,0.39870697,0.8379243,0.50480723,0.20749104
1356593913185,-0.0771589,0.38232365,-0.9208013,-0.538757,0.7611172,0.36116692,0.83892035,0.5239554,0.14725262
1356593913201,-0.11674498,0.3211668,-0.9397992,-0.5385688,0.7745833,0.33160877,0.8344544,0.5448602,0.082541764
1356593913242,-0.16166465,0.27168906,-0.9487095,-0.54070574,0.7798211,0.3154621,0.82553124,0.5639717,0.020834327
1356593913282,-0.2089973,0.24128506,-0.94768226,-0.5400467,0.7794316,0.3175468,0.8152728,0.5781591,-0.032593906
1356593913322,-0.25712687,0.23608194,-0.93709713,-0.529969,0.77642626,0.34102064,0.80809563,0.58431804,-0.074523926
1356593913361,-0.30464745,0.26131126,-0.91591835,-0.50320506,0.7723104,0.38771307,0.808687,0.5790105,-0.10378921
1356593913401,-0.35038674,0.3246866,-0.8785259,-0.45277292,0.76238674,0.46234533,0.8198938,0.55977243,-0.12012094
1356593913440,-0.39019644,0.43064982,-0.81381035,-0.37592596,0.73233086,0.56777734,0.84049165,0.5274772,-0.12386042
1356593913480,-0.4163252,0.5670155,-0.7107508,-0.28069657,0.6633779,0.693642,0.8648021,0.48828602,-0.11702156
1356593913520,-0.42401168,0.69673735,-0.57859415,-0.18962938,0.5564048,0.8089835,0.8855817,0.4527369,-0.1038003
1356593913560,-0.42106843,0.7849299,-0.45451796,-0.12559569,0.44582272,0.88626623,0.89829123,0.43026423,-0.08913803
1356593913600,-0.42060116,0.8273694,-0.37222907,-0.09418571,0.36824754,0.92494476,0.9023434,0.4240915,-0.076958954
1356593913640,-0.42804384,0.8361361,-0.34300867,-0.09031576,0.33806068,0.9367807,0.89923394,0.43196225,-0.069188535
1356593913680,-0.44160074,0.81828314,-0.36796942,-0.11177528,0.35675526,0.9274869,0.89022195,0.45070875,-0.06607956
1356593913720,-0.4555451,0.7701006,-0.44656885,-0.16223633,0.42142293,0.8922343,0.8753046,0.4789027,-0.06703889
1356593913760,-0.4592019,0.68291914,-0.56811535,-0.24497484,0.5173801,0.8199421,0.85388577,0.51569295,-0.07028395
1356593913800,-0.43965012,0.563693,-0.69925535,-0.34950548,0.60980076,0.711329,0.82737756,0.5571295,-0.071085215
1356593913840,-0.39440367,0.4500786,-0.801171,-0.4482304,0.666873,0.5952899,0.80220646,0.5938937,-0.061278164
1356593913880,-0.33198977,0.38196522,-0.8624879,-0.51767987,0.69057,0.50509477,0.7885369,0.6141789,-0.031526446
1356593913920,-0.25752205,0.3678416,-0.89351827,-0.55350333,0.7018063,0.44844395,0.79203314,0.61004955,0.022870958
1356593913960,-0.1733636,0.38701943,-0.9056275,-0.5657635,0.7135453,0.41323692,0.80613697,0.58401114,0.09525865
1356593914000,-0.088309914,0.4048776,-0.9100964,-0.5680376,0.7300707,0.37990773,0.8182509,0.55051863,0.16551322
1356593914040,-0.016867638,0.3958067,-0.918179,-0.5671259,0.7525099,0.33480895,0.8234584,0.5263705,0.21177918
1356593914080,0.030237183,0.35487196,-0.9344259,-0.564414,0.77761066,0.27705342,0.824938,0.5190257,0.22380745
1356593914120,0.04994607,0.29145247,-0.95528054,-0.56221956,0.79874015,0.21429738,0.82547843,0.5263741,0.20375419
1356593914184,0.04492879,0.21948096,-0.9745817,-0.5639235,0.81084156,0.1566086,0.8246039,0.5425533,0.1602006
1356593914202,0.021206304,0.152358,-0.98809797,-0.5707317,0.8133025,0.113156796,0.8208628,0.5615391,0.10420269
1356593914241,-0.014708519,0.09888415,-0.9949903,-0.58088446,0.8091061,0.08899751,0.8138532,0.57928336,0.0455395
1356593914282,-0.0575369,0.064065516,-0.9962857,-0.5906975,0.80232835,0.0857068,0.80483913,0.5934348,-0.008320153
1356593914322,-0.10371132,0.050489396,-0.9933252,-0.59514976,0.79703176,0.10265055,0.7968945,0.6018232,-0.052612484
1356593914361,-0.150732,0.058552623,-0.9868391,-0.5884348,0.7968264,0.13715732,0.79437035,0.6013645,-0.08565283
1356593914401,-0.19714557,0.09047918,-0.9761901,-0.56483316,0.8033797,0.18853246,0.8013096,0.5885529,-0.107277095
1356593914440,-0.24077782,0.15007618,-0.9589073,-0.5205506,0.81389046,0.2580881,0.8191784,0.56130165,-0.11784452
1356593914480,-0.2790213,0.24132654,-0.92946684,-0.4563395,0.8183117,0.34945706,0.84492683,0.52165836,-0.11819953
1356593914520,-0.3094712,0.3614436,-0.8795374,-0.3800592,0.80083954,0.46282935,0.87165505,0.47750866,-0.11046678
1356593914561,-0.3319525,0.49273646,-0.8043745,-0.30618954,0.7502708,0.5859537,0.8922195,0.44079986,-0.09818351
1356593914600,-0.3504339,0.60693854,-0.7133174,-0.24861442,0.6740097,0.69563055,0.90298784,0.4211135,-0.085302174
1356593914640,-0.3704965,0.68516177,-0.62712497,-0.21231781,0.5948262,0.7753083,0.904242,0.42039877,-0.07490897
1356593914680,-0.39434388,0.72642326,-0.5628519,-0.19481164,0.5324831,0.82371736,0.89807653,0.43447793,-0.06846571
1356593914720,-0.42079765,0.7370287,-0.5288836,-0.19397327,0.49642646,0.8461295,0.8861736,0.4586386,-0.06593114
1356593914760,-0.44779918,0.7209884,-0.5288209,-0.21167016,0.48914173,0.84613,0.8687184,0.49083197,-0.06642556
1356593914800,-0.47140795,0.6797214,-0.5619195,-0.25161844,0.5070137,0.8243939,0.845259,0.5300152,-0.06797987
1356593914840,-0.4840699,0.6187589,-0.61871946,-0.31358218,0.5374508,0.7828237,0.8169104,0.57296073,-0.06613195
1356593914880,-0.47649315,0.55675024,-0.68042886,-0.38585362,0.5629883,0.73086333,0.78998184,0.6107973,-0.05343598
1356593914920,-0.44526967,0.5218043,-0.7276367,-0.44871178,0.5731995,0.6856385,0.77485,0.6317932,-0.02108854
1356593914960,-0.39291483,0.52968854,-0.7516968,-0.49051398,0.57071006,0.6585485,0.77782655,0.6274712,0.035579145
1356593915000,-0.3261324,0.5705698,-0.753716,-0.5145137,0.56173325,0.6478668,0.79304063,0.59908754,0.11036658
1356593915040,-0.25679135,0.61535645,-0.74524796,-0.5304861,0.5548175,0.64090717,0.807863,0.5599232,0.18396574
1356593915080,-0.19891688,0.63759345,-0.74424905,-0.54225165,0.560977,0.62551415,0.8163304,0.5279956,0.23414826
1356593915120,-0.16086838,0.6276376,-0.76170355,-0.5476953,0.5852562,0.5979173,0.82106715,0.5133674,0.24960494
1356593915185,-0.14389691,0.5879741,-0.7959775,-0.5468085,0.62316096,0.55916977,0.8247994,0.5157101,0.23183829
1356593915202,-0.14528629,0.52723724,-0.8372053,-0.54360205,0.66448116,0.5127979,0.82667327,0.529609,0.19006723
1356593915242,-0.1614218,0.45552006,-0.8754681,-0.5416978,0.7006229,0.46442544,0.8249281,0.54920757,0.13365841
1356593915282,-0.18813506,0.38609987,-0.9030682,-0.5410355,0.72665215,0.42338783,0.8196864,0.56824595,0.07218498
1356593915321,-0.22162189,0.33025515,-0.9175049,-0.53863305,0.7428763,0.39750373,0.81287026,0.582294,0.013248682
1356593915360,-0.25934315,0.2958234,-0.9193637,-0.5307144,0.7516725,0.3915746,0.80689734,0.58947176,-0.037943363
1356593915400,-0.3000387,0.28877667,-0.9091672,-0.51284933,0.7547927,0.40899098,0.80433977,0.5889789,-0.07836807
1356593915440,-0.3420961,0.31338486,-0.8858668,-0.47955194,0.7525094,0.4513973,0.8080842,0.57924044,-0.1071462
1356593915480,-0.38254103,0.37464204,-0.8445743,-0.42505762,0.7402649,0.52089715,0.8203587,0.5582572,-0.12393725
1356593915520,-0.4154105,0.47462153,-0.7759951,-0.3470837,0.7058388,0.6175148,0.8408132,0.5258574,-0.12847942
1356593915567,-0.43261212,0.60097706,-0.67206645,-0.25350618,0.6342731,0.73036444,0.865206,0.4863375,-0.122042894
1356593915607,-0.4279696,0.72756505,-0.536182,-0.1634224,0.5211828,0.8376525,0.88889545,0.446114,-0.10414994
1356593915638,-0.4178274,0.8154151,-0.40064767,-0.09644371,0.3986862,0.91200215,0.90339303,0.41969937,-0.087940395
1356593915681,-0.41605753,0.85498226,-0.30967975,-0.06585917,0.31132877,0.9480174,0.90695024,0.41482502,-0.07322222
1356593915720,-0.4274385,0.86470675,-0.26377738,-0.05875507,0.26458687,0.9625703,0.9021331,0.42693785,-0.0622887
1356593915760,-0.4487986,0.85579956,-0.257268,-0.06794351,0.25437897,0.964715,0.8910462,0.45044246,-0.05601883
1356593915801,-0.47521728,0.83148086,-0.28776404,-0.09327999,0.27760047,0.9561573,0.8749099,0.48122513,-0.054360032
1356593915840,-0.5020534,0.7879886,-0.35639352,-0.14026904,0.33244395,0.9326337,0.8533856,0.51822287,-0.056374192
1356593915880,-0.52045673,0.7200089,-0.45903373,-0.21468168,0.40997744,0.8864707,0.82646024,0.5599158,-0.058802783
1356593915920,-0.51711965,0.6345268,-0.57442397,-0.31043875,0.48637924,0.81673926,0.79763085,0.6006754,-0.054534554
1356593915960,-0.48485392,0.5605441,-0.67134714,-0.40472278,0.53667325,0.7403927,0.77531683,0.63069177,-0.033343196
1356593916000,-0.42922166,0.5288606,-0.7321717,-0.47649154,0.5560653,0.6809899,0.767284,0.64116913,0.013322294
1356593916040,-0.36000893,0.5423765,-0.75909233,-0.5234406,0.5560912,0.6455791,0.7722715,0.62975407,0.083704114
1356593916080,-0.2869752,0.5748388,-0.7662934,-0.5544366,0.552667,0.6222212,0.78118193,0.6034232,0.16010994
1356593916120,-0.22073674,0.59501106,-0.7728112,-0.5747486,0.56081027,0.59594953,0.787997,0.5757202,0.21819037
1356593916184,-0.16931945,0.5864876,-0.79206264,-0.58428043,0.58747506,0.5599013,0.79369223,0.5575889,0.24320227
1356593916201,-0.13595334,0.54804206,-0.8253282,-0.5841291,0.62851703,0.51357526,0.8001937,0.5519205,0.23467833
