1356594081931,0.5857223,0.30361035,-0.7514986,-0.5986216,-0.46304032,-0.6536405,-0.5464262,0.83271515,-0.08946532
1356594081991,0.1647495,0.21152955,0.96338606,0.8211407,0.51169527,-0.25277624,-0.54642975,0.8327203,-0.08939397
1356594082010,0.16451731,0.2109079,0.96356213,0.82117665,0.5118962,-0.2522522,-0.5464457,0.8327545,-0.0889768
1356594082051,0.1639542,0.20929587,0.96400946,0.82127357,0.51239324,-0.250924,-0.5464693,0.8328556,-0.087880194
1356594082088,0.16316622,0.20676354,0.9646894,0.82142997,0.5131225,-0.24891403,-0.54647017,0.83303916,-0.086117506
1356594082131,0.16237381,0.20372608,0.965469,0.8216121,0.5139348,-0.24662647,-0.5464324,0.83328664,-0.08393425
1356594082170,0.16178775,0.20062977,0.9662155,0.8217508,0.5147376,-0.24448058,-0.54639757,0.83354235,-0.08158946
1356594082210,0.1614708,0.19764766,0.9668829,0.8217912,0.51554936,-0.2426275,-0.5464305,0.8337531,-0.07917893
1356594082249,0.16148692,0.19489431,0.96743894,0.8217124,0.51635206,-0.24118304,-0.5465443,0.8339045,-0.076762974
1356594082290,0.16185209,0.1923064,0.96789575,0.8215674,0.5170784,-0.24011874,-0.54665434,0.8340553,-0.074302435
1356594082330,0.1624867,0.18953723,0.9683355,0.8214688,0.5176746,-0.23916948,-0.54661417,0.83431923,-0.07158363
1356594082370,0.1631952,0.18603387,0.9688956,0.8215287,0.5181794,-0.23786712,-0.5463131,0.8347943,-0.06826776
1356594082410,0.16367991,0.18120095,0.96972936,0.8218051,0.5187558,-0.23564517,-0.54575187,0.83549905,-0.06400198
1356594082450,0.16355899,0.1745053,0.97097707,0.8223074,0.5196438,-0.23190698,-0.5450312,0.836372,-0.05850458
1356594082490,0.16255298,0.16588596,0.97265524,0.8229872,0.5209962,-0.22639564,-0.5443055,0.8372842,-0.051832497
1356594082530,0.16063152,0.15609327,0.9745935,0.8237554,0.5227333,-0.21949276,-0.5437138,0.838084,-0.04461521
1356594082570,0.15818034,0.1469182,0.976419,0.8244866,0.52447385,-0.21248284,-0.54332376,0.838655,-0.038170636
1356594082610,0.15595478,0.14089373,0.9776641,0.8250433,0.5256469,-0.2073614,-0.54312205,0.83895427,-0.034266293
1356594082650,0.15470149,0.1402008,0.97796273,0.8253116,0.5257882,-0.20593098,-0.54307294,0.83898187,-0.03436911
1356594082690,0.15468876,0.14549914,0.9771906,0.8252424,0.5247753,-0.20877203,-0.54318166,0.83871377,-0.03889525
1356594082730,0.15550427,0.15560272,0.9755031,0.8249115,0.5228209,-0.2148939,-0.54345155,0.8381206,-0.04705763
1356594082770,0.15646426,0.16862759,0.9731822,0.82450616,0.52018845,-0.2226961,-0.5437908,0.8372388,-0.057643592
1356594082810,0.15713346,0.18327394,0.9704225,0.82420087,0.5169982,-0.2310971,-0.5440607,0.8361361,-0.06981683
1356594082859,0.15754798,0.1992693,0.9671972,0.8239933,0.51327336,-0.23996985,-0.54425514,0.8347708,-0.083331406
1356594082892,0.15759641,0.21623331,0.9635386,0.8238116,0.5092366,-0.24902341,-0.54451627,0.8330194,-0.097881615
1356594082932,0.15689233,0.23348475,0.9596195,0.82366204,0.50520366,-0.25758496,-0.5449455,0.8308153,-0.113049924
1356594082962,0.15373361,0.24783799,0.95652616,0.8239746,0.50213677,-0.26253453,-0.54537296,0.82851374,-0.12701696
1356594083002,0.1502541,0.26228225,0.9532218,0.8243499,0.49902454,-0.2672486,-0.54577565,0.82594335,-0.14123183
1356594083031,0.1418097,0.27200544,0.9517894,0.82577956,0.49771303,-0.26527315,-0.54587376,0.8235865,-0.15403599
1356594083061,0.13164306,0.27922025,0.95116043,0.82769096,0.49707246,-0.26047394,-0.5455252,0.82155645,-0.16567194
1356594083090,0.11933994,0.28387213,0.95140666,0.8300662,0.49723613,-0.25248042,-0.544746,0.81986153,-0.17629254
1356594083132,0.10555321,0.28747702,0.95195353,0.8328829,0.49745667,-0.24257573,-0.5432906,0.81847036,-0.18692654
1356594083172,0.08660736,0.28729296,0.95391923,0.83649504,0.49908355,-0.22625586,-0.5410871,0.8175441,-0.1970948
1356594083212,0.06461703,0.2838352,0.9566934,0.840763,0.50092626,-0.20540345,-0.5375335,0.8176249,-0.20626974
1356594083241,0.041330814,0.27747744,0.9598427,0.84506863,0.5028191,-0.18174687,-0.5330579,0.81864476,-0.2137056
1356594083282,0.019381717,0.26877648,0.9630075,0.850329,0.50219923,-0.15727827,-0.52589434,0.8219216,-0.21881497
1356594083311,-0.0024419278,0.2578142,0.9661914,0.8553647,0.50104856,-0.13153571,-0.51802063,0.8261248,-0.22174865
1356594083342,-0.022275388,0.24577051,0.9690721,0.86025506,0.4985801,-0.10667294,-0.5093771,0.83127296,-0.22253138
1356594083371,-0.04014367,0.23318699,0.971603,0.8651004,0.49468702,-0.08298278,-0.49998993,0.83720285,-0.22158873
1356594083402,-0.05594507,0.22093251,0.9736832,0.8698282,0.48955616,-0.061104387,-0.49017256,0.8435186,-0.21956158
1356594083431,-0.069623485,0.20976016,0.9752709,0.87425625,0.4836777,-0.04161668,-0.48044628,0.8497392,-0.21705943
1356594083472,-0.08151631,0.19951788,0.97649765,0.87853277,0.47707194,-0.02413693,-0.47067535,0.8559176,-0.21417212
1356594083502,-0.092048824,0.19061252,0.9773402,0.8817632,0.47160769,-0.008931458,-0.4626236,0.86096054,-0.21148604
1356594083542,-0.10171676,0.18149948,0.9781164,0.88370705,0.4680131,0.005054295,-0.4568539,0.86488247,-0.20799714
1356594083571,-0.11154309,0.17132011,0.97888076,0.88458836,0.46597537,0.019245237,-0.45283723,0.8680532,-0.20352411
1356594083602,-0.12167424,0.15885389,0.9797759,0.8847146,0.4648546,0.034500778,-0.44997275,0.8710199,-0.19710118
1356594083632,-0.1325212,0.14329934,0.9807668,0.88447034,0.4637171,0.051756173,-0.44738173,0.8743179,-0.18819636
1356594083672,-0.1457535,0.12017515,0.98199487,0.88429666,0.4608872,0.074849844,-0.44359377,0.8792843,-0.17344642
1356594083701,-0.15861765,0.095870644,0.9826746,0.8841727,0.45673147,0.09815884,-0.43940786,0.8844237,-0.15721184
1356594083732,-0.17034745,0.070613414,0.98285073,0.88405,0.45151615,0.120783895,-0.43524402,0.8894644,-0.1393404
1356594083761,-0.18003479,0.045526057,0.9826062,0.8837285,0.44617638,0.14124608,-0.4319853,0.8937863,-0.12055993
1356594083802,-0.18775588,0.018743306,0.9820368,0.88214266,0.44289833,0.16020393,-0.43193972,0.8963759,-0.09969103
1356594083859,-0.18780431,-0.0014077127,0.9822054,0.8806714,0.4425479,0.16902462,-0.43491086,0.8967438,-0.08187264
1356594083872,-0.18320334,-0.017506987,0.9829191,0.8770127,0.44883263,0.17145807,-0.44416785,0.89344436,-0.06687379
1356594083911,-0.16701612,-0.024774551,0.9856428,0.873955,0.45904377,0.15962905,-0.4564079,0.88806814,-0.055015802
1356594083942,-0.13968906,-0.022584915,0.9899379,0.87277967,0.46939918,0.13386607,-0.4676994,0.8826972,-0.045858324
1356594083971,-0.10731453,-0.014334708,0.9941218,0.8719144,0.4791221,0.101031005,-0.477754,0.8776312,-0.038918138
1356594084013,-0.06865361,4.9218535E-4,0.9976404,0.8703495,0.488808,0.059652835,-0.4876252,0.8723912,-0.033986807
1356594084051,-0.013794467,0.026437819,0.9995553,0.8674808,0.4974692,-0.0011860728,-0.49727935,0.86707866,-0.02979666
1356594084082,0.053663284,0.06005612,0.9967515,0.86091614,0.502939,-0.07665315,-0.50590867,0.8622329,-0.024713933
1356594084111,0.12047626,0.090264946,0.98860395,0.8499564,0.5051371,-0.14970177,-0.5128933,0.85830575,-0.015864253
1356594084152,0.17814003,0.09810841,0.97910213,0.83856165,0.5054857,-0.20322075,-0.5148598,0.85723925,0.0077772737
1356594084181,0.23399748,0.089452505,0.96811336,0.8273161,0.5047138,-0.24660113,-0.5106793,0.85863984,0.04409623
1356594084212,0.26813176,0.044925034,0.96233416,0.82546973,0.5042987,-0.25354004,-0.49669418,0.8623599,0.09813428
1356594084251,0.25681317,-0.07198009,0.96377695,0.84886587,0.49353808,-0.18933326,-0.46203235,0.8667405,0.18784851
1356594084282,0.22416028,-0.20455256,0.9528434,0.880165,0.4622588,-0.10782656,-0.418404,0.8628297,0.28366002
1356594084311,0.17283478,-0.3333835,0.9268137,0.9117519,0.4101247,-0.022500366,-0.37260795,0.84891295,0.37484682
1356594084352,0.11551157,-0.44179568,0.889648,0.935423,0.3496578,0.052183658,-0.3341269,0.8261695,0.4536554
1356594084391,0.083099246,-0.50347894,0.86000204,0.94569725,0.31197417,0.09126222,-0.31424704,0.8057177,0.5020635
1356594084422,0.07821208,-0.52726436,0.8460941,0.9481057,0.30169827,0.1003688,-0.308186,0.7943365,0.5234988
1356594084452,0.1060155,-0.51365036,0.8514247,0.943266,0.32290274,0.077350706,-0.3146586,0.7949196,0.5187416
1356594084492,0.18993235,-0.43580538,0.8797723,0.92169327,0.38785887,-0.0068522096,-0.3382413,0.8121817,0.47534585
1356594084522,0.282865,-0.329079,0.9009409,0.88681364,0.44760597,-0.11493629,-0.36544338,0.8314781,0.41844383
1356594084562,0.39044553,-0.17690137,0.9034701,0.829908,0.4924274,-0.2622364,-0.39850348,0.8521861,0.33907795
1356594084591,0.46036267,-0.041315854,0.88676894,0.77867705,0.49848193,-0.38102216,-0.426296,0.865915,0.2616542
1356594084622,0.5001228,0.067733586,0.86330146,0.74115753,0.48210043,-0.46718812,-0.4478423,0.8734938,0.19090813
1356594084670,0.51503146,0.14749578,0.8443859,0.7209728,0.45826003,-0.5198038,-0.46361715,0.8764946,0.12967789
1356594084692,0.51220983,0.20377913,0.83433515,0.715729,0.43568856,-0.54580903,-0.47473484,0.8767266,0.077313334
1356594084728,0.4842048,0.23010609,0.8441546,0.73086405,0.42404565,-0.5348113,-0.48102343,0.87592036,0.037148654
1356594084758,0.4355417,0.23162872,0.8698572,0.75957435,0.4239983,-0.4932263,-0.48306334,0.8755418,0.008729696
1356594084801,0.37348884,0.20673066,0.9043055,0.79573363,0.42964262,-0.42686674,-0.47677463,0.8790163,-0.0040358305
1356594084861,0.28814527,0.15263835,0.94534326,0.8388927,0.43581995,-0.3260676,-0.46176994,0.8869964,-0.0024677515
1356594084882,0.19073987,0.083171755,0.9781108,0.87689793,0.43341148,-0.20785677,-0.44121227,0.89734995,0.0097357035
1356594084922,0.09686303,0.015256852,0.99518085,0.9015229,0.42234904,-0.0942221,-0.42175126,0.90630496,0.027155578
1356594084962,0.017983854,-0.03976184,0.9990473,0.91151404,0.41126883,-3.9726496E-5,-0.4108754,0.91064644,0.04363972
1356594085002,-0.040573984,-0.078719705,0.99607074,0.9102657,0.40817735,0.06933719,-0.41203168,0.9095023,0.05509448
1356594085042,-0.07733166,-0.102114856,0.9917623,0.9027414,0.4150433,0.11312443,-0.42317602,0.9040529,0.060087264
1356594085071,-0.09262946,-0.11219263,0.98935974,0.8949692,0.42611763,0.13211349,-0.43640578,0.8976841,0.06093788
1356594085101,-0.09312293,-0.11169931,0.98936915,0.88782763,0.44044903,0.13329205,-0.4506553,0.8908018,0.058153868
1356594085141,-0.07725948,-0.096863985,0.9922945,0.8800774,0.46105838,0.113529086,-0.46850258,0.8820672,0.04962665
1356594085182,-0.03332621,-0.06085646,0.99759,0.8716612,0.4865687,0.05880177,-0.4889745,0.87152016,0.036830723
1356594085222,0.035782695,-0.0050064623,0.9993471,0.858788,0.5115552,-0.028187066,-0.51108,0.8592359,0.022604346
1356594085262,0.12294765,0.06048295,0.9905684,0.83781755,0.5286707,-0.13626853,-0.5319264,0.84666944,0.014325142
1356594085302,0.21281171,0.109627426,0.9709238,0.81022877,0.5355886,-0.23806334,-0.54611397,0.8373331,0.02515626
1356594085342,0.28671622,0.10902196,0.951792,0.7862921,0.54079545,-0.29880613,-0.5473012,0.83405906,0.069331765
1356594085382,0.33261448,0.042227715,0.94211704,0.7784953,0.5515462,-0.29956937,-0.5322712,0.8330748,0.1505782
1356594085422,0.35409474,-0.062395364,0.9331258,0.78571916,0.56098914,-0.26064643,-0.5072103,0.8254683,0.24766853
1356594085462,0.3680411,-0.15078634,0.9175017,0.79349214,0.5653041,-0.2253921,-0.4846815,0.8109839,0.32770288
1356594085502,0.3941524,-0.18189275,0.9008657,0.78788453,0.5715322,-0.22932279,-0.47316158,0.80016625,0.36858124
1356594085541,0.43498844,-0.15215623,0.88748723,0.766879,0.57913566,-0.2765836,-0.47189158,0.800906,0.3686027
1356594085582,0.4786051,-0.07925543,0.87444603,0.7373055,0.5770699,-0.35124213,-0.47677863,0.81284004,0.334624
1356594085623,0.509141,0.007934004,0.86064655,0.712258,0.55748475,-0.42649657,-0.48318118,0.83014923,0.2781873
1356594085662,0.5202526,0.0881587,0.84945,0.7012608,0.5235836,-0.48383212,-0.4874121,0.8474009,0.21057346
1356594085702,0.51353437,0.15186164,0.84452385,0.70613337,0.4843772,-0.51648283,-0.48750204,0.8615781,0.14150977
1356594085742,0.49370906,0.19796234,0.8467954,0.72286505,0.44790378,-0.5261639,-0.48344356,0.8718906,0.07803407
1356594085782,0.46535578,0.22774726,0.8553216,0.7461347,0.41890767,-0.51749325,-0.47615844,0.87900364,0.025010973
1356594085820,0.43229777,0.24133894,0.8688349,0.7721273,0.39861047,-0.49490315,-0.46576613,0.8847967,-0.014025986
1356594085860,0.39773747,0.23687094,0.8863955,0.7992626,0.38495162,-0.46151012,-0.45053774,0.89202267,-0.036212385
1356594085901,0.36429265,0.21547621,0.9060138,0.8261989,0.3741617,-0.42118698,-0.42975146,0.90198284,-0.04172188
1356594085940,0.3348491,0.18139651,0.9246467,0.85114455,0.36277834,-0.37940082,-0.4042638,0.91404986,-0.032918632
1356594085980,0.3112991,0.14398366,0.93934095,0.87132126,0.3513115,-0.34260684,-0.37933108,0.925121,-0.016093075
1356594086021,0.2947293,0.11374405,0.9487871,0.8840972,0.34433973,-0.3159149,-0.3626386,0.93192947,9.261966E-4
1356594086060,0.2846681,0.09689283,0.95371693,0.8888404,0.34596467,-0.30045187,-0.35906404,0.9332311,0.012362838
1356594086100,0.27912188,0.09380826,0.9556626,0.88704956,0.35594177,-0.29402134,-0.3677419,0.9297879,0.016138554
1356594086140,0.27562696,0.10098767,0.95594525,0.88135886,0.3704177,-0.2932531,-0.38371405,0.9233593,0.01309067
1356594086180,0.2720124,0.11472675,0.95543027,0.87381566,0.38641536,-0.2951768,-0.4030576,0.91516167,0.0048597455
1356594086220,0.26671642,0.13292333,0.9545647,0.8651452,0.4034502,-0.29791218,-0.42471883,0.9052952,-0.0073912144
1356594086260,0.25899193,0.15376389,0.95356166,0.8552023,0.42237142,-0.30038545,-0.44894564,0.8932855,-0.022108495
1356594086300,0.2496953,0.17182925,0.9529569,0.84416926,0.4434893,-0.30115688,-0.47437382,0.8796544,-0.034315825
1356594086340,0.24177313,0.1747885,0.9544605,0.83395433,0.46542424,-0.29648015,-0.4960504,0.8676573,-0.03323859
1356594086380,0.23829427,0.1443775,0.9604015,0.8292494,0.48449418,-0.27858704,-0.50553066,0.86279804,-0.004272759
1356594086420,0.23769404,0.06458768,0.9691903,0.83618844,0.49410868,-0.23800308,-0.4942574,0.86699766,0.06343925
1356594086460,0.23077813,-0.061800063,0.9710418,0.8568002,0.48586652,-0.17270544,-0.46112356,0.8718455,0.16507763
1356594086500,0.20733368,-0.20142752,0.95730865,0.8836271,0.45847076,-0.09490889,-0.41978076,0.86558163,0.27304325
1356594086540,0.16731247,-0.3125791,0.9350406,0.90540296,0.42407033,-0.020244837,-0.3901948,0.8499757,0.35396233
1356594086580,0.11894041,-0.37543172,0.9191867,0.9168877,0.39677697,0.043416232,-0.38101196,0.83762705,0.3914216
1356594086620,0.0703789,-0.39105022,0.9176744,0.9190413,0.38309008,0.092763186,-0.387827,0.8368522,0.38635284
1356594086660,0.026927173,-0.36825886,0.9293333,0.91494966,0.3835644,0.12548131,-0.40266883,0.8469143,0.34726655
1356594086700,-0.008572638,-0.31809843,0.94801897,0.9078754,0.39491773,0.14072034,-0.41915244,0.86188936,0.2854082
1356594086740,-0.035047382,-0.2515552,0.96720815,0.90059114,0.41161057,0.1396867,-0.43325207,0.87595475,0.2121225
1356594086780,-0.053048044,-0.17865226,0.9824812,0.894925,0.42801335,0.12614956,-0.443052,0.885939,0.13717514
1356594086820,-0.06432238,-0.10817641,0.9920486,0.8916057,0.44027457,0.10581893,-0.44822094,0.89132273,0.06813121
1356594086863,-0.07102966,-0.047324657,0.99635094,0.89095557,0.44612008,0.08470586,-0.4485008,0.893721,0.01047641
1356594086901,-0.074926704,-0.002659142,0.99718547,0.8932872,0.44426617,0.06830469,-0.4431974,0.89589083,-0.030911982
1356594086942,-0.077007145,0.021641582,0.99679554,0.8994535,0.4328656,0.060089022,-0.43017802,0.9011986,-0.052799284
1356594086982,-0.07648757,0.025572658,0.9967426,0.90930843,0.4118887,0.05921051,-0.40903285,0.9108753,-0.054757833
1356594087022,-0.07189438,0.013875842,0.99731576,0.92108816,0.38453814,0.061049104,-0.38265887,0.9230048,-0.04042703
1356594087062,-0.061661005,-0.0048205853,0.99808544,0.93167245,0.35842878,0.059289187,-0.35802835,0.93354464,-0.017609894
1356594087102,-0.045052916,-0.02168703,0.99874914,0.9382193,0.3424451,0.049758404,-0.34309587,0.93928754,0.004919052
1356594087142,-0.022306144,-0.030459702,0.9992872,0.93954337,0.3409906,0.03136635,-0.341703,0.93957317,0.021011949
1356594087181,0.006000489,-0.028354526,0.9995799,0.9363298,0.35109487,0.0043385327,-0.3510704,0.93591046,0.028655946
1356594087222,0.03880009,-0.015655935,0.99912435,0.92966306,0.36715874,-0.030349433,-0.36636215,0.93002653,0.028800488
1356594087262,0.07584202,0.0066224635,0.99709785,0.9200407,0.38504958,-0.07253823,-0.38441253,0.92287207,0.023110032
1356594087302,0.11637111,0.03797853,0.9924794,0.906874,0.40342432,-0.12177116,-0.40501505,0.91422445,0.012505174
1356594087341,0.15918474,0.076800734,0.98425704,0.88941,0.42156053,-0.17673907,-0.4284976,0.90354216,-0.0012013316
1356594087382,0.20258571,0.1163283,0.9723306,0.86818886,0.43797868,-0.23328689,-0.45299792,0.89142716,-0.0122666955
1356594087421,0.24443792,0.14241451,0.9591497,0.8460423,0.4519744,-0.28272182,-0.4737748,0.8805892,-0.01000905
1356594087462,0.28174853,0.13601872,0.9497982,0.82798064,0.46573663,-0.31230974,-0.48483577,0.8744074,0.018599749
1356594087502,0.30934522,0.084813684,0.94716,0.81915236,0.48212925,-0.31070986,-0.483006,0.8719851,0.07966906
1356594087542,0.3201033,-0.0064709187,0.9473606,0.82202685,0.49900514,-0.2743459,-0.47096258,0.8665749,0.16505247
1356594087606,0.31039208,-0.110029936,0.94421935,0.8335455,0.5090272,-0.21469346,-0.45701063,0.85368896,0.24971297
1356594087630,0.28611988,-0.18853989,0.93946165,0.84645784,0.50921255,-0.15560138,-0.44904858,0.83973527,0.30528688
1356594087671,0.2503256,-0.2292166,0.9406364,0.8599266,0.49902424,-0.10724333,-0.44481838,0.835724,0.32202798
1356594087708,0.21974316,-0.22592437,0.94903696,0.86987805,0.48575136,-0.08577824,-0.44161662,0.8443956,0.30326718
1356594087751,0.1962434,-0.18868455,0.96222997,0.87748873,0.47174,-0.086456776,-0.4376093,0.8613126,0.2581445
1356594087790,0.17798439,-0.13269016,0.9750461,0.8842237,0.45638612,-0.09929794,-0.43182164,0.8798324,0.19855738
1356594087862,0.16664296,-0.056938082,0.984372,0.8907193,0.43688005,-0.12551859,-0.4229057,0.8977159,0.123518825
1356594087882,0.15061614,0.0065615177,0.9885705,0.8979,0.41748652,-0.1395728,-0.41363066,0.9086594,0.056988597
1356594087922,0.13443972,0.055791706,0.98934996,0.9041414,0.40168905,-0.14551318,-0.40552953,0.914075,0.003559351
1356594087962,0.11644344,0.08681157,0.9893961,0.90999055,0.3898093,-0.14130077,-0.3979424,0.91679466,-0.033607006
1356594088002,0.09574978,0.09672892,0.9906945,0.916672,0.37937814,-0.12563717,-0.3880006,0.9201716,-0.05234337
1356594088041,0.07294142,0.085556835,0.9936597,0.92495,0.36683846,-0.0994834,-0.37302405,0.926342,-0.05237806
1356594088082,0.05040577,0.05841893,0.9970187,0.93404573,0.35066488,-0.06776872,-0.35357842,0.9346771,-0.036890388
1356594088122,0.031635374,0.024944484,0.99918824,0.9417655,0.33409855,-0.03815803,-0.3347792,0.94220805,-0.012922525
1356594088160,0.019891262,-0.0044478774,0.9997922,0.9459266,0.3239147,-0.017378509,-0.32377008,0.94607574,0.010650456
1356594088200,0.01685217,-0.023659766,0.999578,0.94562244,0.32516184,-0.008245975,-0.32482955,0.9453623,0.027852893
1356594088240,0.023576021,-0.030161858,0.99926686,0.94119734,0.3376435,-0.012014508,-0.3370336,0.94079065,0.03634858
1356594088280,0.040786833,-0.02381277,0.9988841,0.93338937,0.35764363,-0.029586524,-0.35653996,0.93355453,0.036813796
1356594088320,0.06949681,-0.0048206747,0.9975706,0.9222342,0.38156247,-0.062404633,-0.38033468,0.92433053,0.030963123
1356594088360,0.11106175,0.027311713,0.9934381,0.90644264,0.40706193,-0.11252701,-0.40746415,0.9129921,0.020452559
1356594088400,0.16642311,0.07199976,0.9834223,0.88379526,0.43138376,-0.18114653,-0.43727493,0.8992909,0.008159161
1356594088440,0.23406424,0.122677624,0.9644501,0.8527471,0.45054096,-0.26426345,-0.4669435,0.8842867,8.4251165E-4
1356594088480,0.30755216,0.16250223,0.9375525,0.8153548,0.46292412,-0.3477036,-0.49051827,0.87137496,0.009876311
1356594088520,0.37566066,0.1678051,0.9114387,0.77975273,0.47428447,-0.40870523,-0.500864,0.8642312,0.047323525
1356594088560,0.42687175,0.123570025,0.89582974,0.75716287,0.49280646,-0.4287729,-0.4944542,0.86132,0.11680251
1356594088600,0.45546684,0.040252954,0.8893423,0.75253546,0.5163287,-0.4087725,-0.47564724,0.85544395,0.20487878
1356594088640,0.47015977,-0.04255584,0.8815548,0.75602365,0.5347916,-0.37739384,-0.45538777,0.84391165,0.28361067
1356594088680,0.49192202,-0.08216995,0.8667531,0.75001293,0.54556876,-0.37394565,-0.44214633,0.83402807,0.33000582
1356594088720,0.5353777,-0.060265183,0.84246,0.7227632,0.5487879,-0.42005375,-0.43701726,0.8337865,0.33736625
1356594088760,0.59373164,0.0111413,0.804586,0.6755397,0.536358,-0.505931,-0.43718284,0.843917,0.31092635
1356594088800,0.6477323,0.101970375,0.75501317,0.62231463,0.50087756,-0.6015365,-0.43950802,0.8594904,0.26097694
1356594088863,0.6852538,0.18652894,0.70401293,0.57909185,0.4466739,-0.68200815,-0.44167846,0.87503684,0.1980676
1356594088882,0.7051204,0.25266826,0.6625436,0.55401134,0.3868789,-0.7371541,-0.44257957,0.88683903,0.13281512
1356594088922,0.7116607,0.30041885,0.63504934,0.5460113,0.33227384,-0.7690681,-0.44205287,0.89405966,0.07243413
1356594088962,0.7081213,0.33068678,0.62386733,0.55269235,0.29027706,-0.7811981,-0.43942624,0.8979897,0.022783339
1356594089002,0.69622546,0.34265962,0.63075703,0.5725585,0.2648955,-0.7758912,-0.43295127,0.9013405,-0.011765689
1356594089042,0.6758441,0.33402663,0.6570092,0.60529244,0.25708115,-0.7533461,-0.42054233,0.9068272,-0.028437018
1356594089082,0.6455924,0.30417618,0.7004908,0.64957726,0.26360518,-0.7131351,-0.4015717,0.91541755,-0.027404428
1356594089122,0.60548836,0.25871485,0.75262904,0.6998322,0.27723533,-0.6583125,-0.37897053,0.9253146,-0.013194203
1356594089162,0.5609851,0.21139678,0.80037934,0.74557495,0.29113176,-0.5994667,-0.35974115,0.93303466,0.0057084262
1356594089200,0.5222631,0.17621061,0.8343807,0.7774347,0.30373445,-0.5507637,-0.35048062,0.93632007,0.021637052
1356594089240,0.49842498,0.1605913,0.851929,0.7916683,0.31618366,-0.5227708,-0.3533185,0.93500715,0.030458778
1356594089280,0.49405608,0.16533285,0.8535653,0.788856,0.3275133,-0.5200397,-0.36553365,0.9302689,0.031386137
1356594089320,0.50900733,0.1880154,0.83997726,0.77072644,0.33495855,-0.542018,-0.3832653,0.92328376,0.025587916
1356594089360,0.53934455,0.22582278,0.8112408,0.7385448,0.33596298,-0.5845345,-0.40454808,0.9144031,0.014419556
1356594089400,0.5778693,0.2748497,0.768456,0.69437236,0.32919914,-0.63990223,-0.42885196,0.90337455,-6.1395764E-4
1356594089440,0.6151504,0.32686144,0.7174619,0.64395314,0.31673437,-0.6964221,-0.4548784,0.89041615,-0.015644193
1356594089480,0.64379454,0.36792764,0.6709381,0.5968514,0.30724782,-0.7411932,-0.4788497,0.8776264,-0.021793693
1356594089520,0.6628919,0.38167208,0.6441279,0.562022,0.3147483,-0.7648953,-0.49467736,0.86905694,-0.0058639944
1356594089560,0.6760725,0.35521004,0.64556324,0.54413563,0.3500732,-0.76247317,-0.4968325,0.866761,0.04339242
1356594089600,0.6846993,0.28776348,0.6696111,0.54426086,0.40917182,-0.732365,-0.48473394,0.8658929,0.123541236
1356594089640,0.6853893,0.19931388,0.7003681,0.55974233,0.47098657,-0.6818065,-0.46575746,0.85932857,0.21124476
1356594089680,0.6756817,0.121480495,0.7271153,0.58379316,0.5141109,-0.6283912,-0.45015517,0.8490774,0.2764559
1356594089720,0.65653664,0.074088246,0.7506468,0.61097157,0.53137314,-0.58681893,-0.44234994,0.843892,0.30360013
1356594089760,0.6289912,0.05843076,0.7752135,0.6404128,0.5263692,-0.55929136,-0.4407283,0.848246,0.29366177
1356594089800,0.5935997,0.066815466,0.801982,0.67234325,0.5064831,-0.53984207,-0.4422601,0.8596572,0.25572526
1356594089864,0.5515381,0.09063843,0.82921064,0.70572984,0.47924808,-0.5217917,-0.44469193,0.8729868,0.20035735
1356594089882,0.5048076,0.12166917,0.8546145,0.738702,0.45135456,-0.5005981,-0.44664156,0.88401115,0.13796994
1356594089922,0.4562607,0.15339914,0.87652427,0.7691816,0.42729166,-0.4751648,-0.44742137,0.8910054,0.07696462
1356594089964,0.40840614,0.17975536,0.89492595,0.7961625,0.409387,-0.44556436,-0.4464636,0.8944776,0.024081677
1356594090002,0.36298883,0.19474858,0.9112146,0.81980914,0.39806402,-0.41165268,-0.44289052,0.8964474,-0.0151638985
1356594090043,0.32118875,0.19326395,0.92708516,0.8410829,0.39168453,-0.37304547,-0.4352212,0.89957345,-0.036746323
1356594090082,0.28278255,0.1734499,0.9433711,0.8610928,0.38736755,-0.32934108,-0.4225555,0.905462,-0.039815724
1356594090122,0.24816854,0.1375443,0.9589025,0.8801398,0.3815021,-0.2825068,-0.4046805,0.9140775,-0.026381373
1356594090161,0.21809262,0.09464604,0.9713279,0.8970912,0.37244958,-0.23771566,-0.3842695,0.92321366,-0.0036776066
1356594090202,0.19445841,0.056875587,0.97926044,0.9097863,0.36275792,-0.20173141,-0.36670804,0.9301461,0.018796742
1356594090242,0.17909399,0.033175975,0.98327243,0.9166182,0.3574423,-0.17901376,-0.3574021,0.9333458,0.033606052
1356594090282,0.17287609,0.026279777,0.9845929,0.9174597,0.35935482,-0.17068031,-0.35830367,0.9328309,0.03801322
1356594090322,0.17580438,0.034282893,0.98382795,0.9131429,0.36769402,-0.1759862,-0.367781,0.92931473,0.033336997
1356594090361,0.18755813,0.05419019,0.9807576,0.9043002,0.3802957,-0.19394922,-0.38348806,0.92327607,0.02232337
1356594090402,0.20771646,0.0840168,0.97457427,0.89075065,0.39548922,-0.22394526,-0.40424877,0.9146198,0.0073115826
1356594090442,0.23560816,0.121197015,0.9642614,0.87200594,0.411681,-0.26481017,-0.42906237,0.90323305,-0.008689165
1356594090482,0.2697484,0.15823552,0.9498407,0.84869313,0.42694622,-0.31214884,-0.45492393,0.89032495,-0.019125342
1356594090521,0.3069797,0.17992595,0.93455344,0.8241124,0.44090375,-0.35558775,-0.47602755,0.8793353,-0.012930691
1356594090577,0.34198582,0.16670969,0.9247992,0.8046721,0.4563294,-0.37982404,-0.48533344,0.87405455,0.021911561
1356594090600,0.36703205,0.108008385,0.9239165,0.79696953,0.47570693,-0.37221298,-0.47971565,0.87294734,0.08852029
1356594090641,0.37427995,0.012627959,0.9272297,0.80317783,0.49535432,-0.33095208,-0.4634865,0.8685992,0.1752587
1356594090678,0.3650542,-0.084564686,0.92713773,0.8162875,0.5079438,-0.2750779,-0.447672,0.85722923,0.25445613
1356594090721,0.3516907,-0.14771253,0.9243888,0.82641745,0.51282746,-0.23246968,-0.4397133,0.84568846,0.30242887
1356594090760,0.34724396,-0.16126505,0.92380476,0.8289068,0.5134756,-0.22193784,-0.43856037,0.8428146,0.31197497
1356594090800,0.35731053,-0.12729332,0.92527056,0.82344794,0.5104362,-0.24776694,-0.4407525,0.8504418,0.28720364
1356594090867,0.37805843,-0.059448123,0.92387104,0.8122652,0.5001002,-0.30020818,-0.44418132,0.8639245,0.2373547
1356594090882,0.40033078,0.022115499,0.9161038,0.799881,0.4793607,-0.36111438,-0.44713038,0.87733924,0.17421308
1356594090922,0.4174103,0.10215035,0.9029584,0.7906866,0.4489029,-0.4162942,-0.44786525,0.8877226,0.106607795
1356594090962,0.42455912,0.16878644,0.8895284,0.7882936,0.4143566,-0.45486468,-0.44535694,0.8943265,0.042865634
1356594091002,0.42009446,0.21557322,0.88150364,0.79408276,0.38286862,-0.47206372,-0.43926436,0.8982982,-0.010341972
1356594091042,0.403451,0.2388413,0.88327926,0.8082979,0.3593705,-0.46637702,-0.4288146,0.90211296,-0.048066497
1356594091082,0.37435424,0.23638248,0.89665055,0.83038306,0.34490323,-0.4376137,-0.41270193,0.908386,-0.06717205
1356594091122,0.33364603,0.20916292,0.9192014,0.8580309,0.33649608,-0.38801193,-0.39046538,0.91816187,-0.06719768
1356594091162,0.28546214,0.16454071,0.9441598,0.88634247,0.32942098,-0.32539022,-0.36456603,0.92973554,-0.051802218
1356594091202,0.23798597,0.11587086,0.9643322,0.90932643,0.32230955,-0.26313883,-0.3413036,0.9395161,-0.028659284
1356594091242,0.20041005,0.07611823,0.9767506,0.92318535,0.31907785,-0.21428528,-0.32797047,0.94466686,-0.0063248277
1356594091282,0.17936474,0.052767307,0.9823665,0.9274696,0.32392585,-0.18674096,-0.32806772,0.94460976,0.009160817
1356594091320,0.17817128,0.048110634,0.98282266,0.9234977,0.33665156,-0.18389615,-0.33971617,0.9403994,0.015551567
1356594091360,0.19794591,0.061965197,0.97825235,0.9122908,0.35338837,-0.20698336,-0.3585288,0.9334222,0.0134215355
1356594091400,0.23843141,0.09404588,0.966595,0.8931137,0.36969042,-0.25627512,-0.3814426,0.9243832,0.004152119
1356594091440,0.29764104,0.1438655,0.9437757,0.8633524,0.38137853,-0.3304136,-0.40747088,0.9131557,-0.010692716
1356594091481,0.36966646,0.20658728,0.9059075,0.820611,0.3847229,-0.4225942,-0.43582594,0.8996166,-0.027308643
1356594091520,0.44375497,0.26783794,0.85518676,0.76683587,0.38032597,-0.51702505,-0.46372873,0.88522035,-0.036616236
1356594091560,0.50860465,0.3057979,0.80486584,0.7106745,0.3786333,-0.5929406,-0.48606896,0.87357,-0.024748147
1356594091600,0.55858785,0.30217138,0.7724455,0.6637913,0.39556092,-0.634754,-0.49735373,0.86730844,0.020376831
1356594091640,0.59257305,0.2514044,0.7652797,0.63540506,0.43803978,-0.63591003,-0.49509352,0.86308575,0.09982696
1356594091680,0.6107173,0.16900752,0.7736025,0.62732464,0.49289888,-0.6029216,-0.48320606,0.85351455,0.19499928
1356594091720,0.61653316,0.08850068,0.7823391,0.6315828,0.5376995,-0.5585538,-0.47009575,0.8384788,0.27561408
1356594091760,0.6173812,0.04019937,0.7856363,0.6369513,0.5605512,-0.5292214,-0.4616638,0.82714343,0.32046872
1356594091800,0.61740285,0.032727897,0.78596604,0.63919353,0.561509,-0.52548957,-0.45852518,0.8268231,0.32575777
1356594091866,0.6147961,0.056813836,0.78663707,0.64124924,0.54465884,-0.54050547,-0.459157,0.83673114,0.29842234
1356594091882,0.60600305,0.09774274,0.78943443,0.64772505,0.5154474,-0.5610404,-0.46174946,0.8513286,0.24905226
1356594091922,0.58926165,0.14354452,0.7950884,0.66137147,0.47954404,-0.5767367,-0.46406734,0.8656976,0.18764067
1356594091962,0.5644258,0.18555374,0.80435896,0.6825914,0.44304922,-0.5811854,-0.4642117,0.87708455,0.12341106
1356594092002,0.5326427,0.21875407,0.81758076,0.7093572,0.41152048,-0.57224405,-0.46163195,0.8847585,0.06401861
1356594092042,0.4952561,0.23954387,0.83506894,0.73936826,0.38846907,-0.5499331,-0.4561315,0.8897811,0.015280545
1356594092082,0.4531714,0.24392092,0.8574021,0.77155197,0.37441805,-0.5143138,-0.44647872,0.89460254,-0.018522143
1356594092122,0.4074551,0.22832826,0.8842209,0.8054787,0.3664006,-0.46578404,-0.4303307,0.9020071,-0.034621716
1356594092161,0.35906786,0.1934726,0.91303813,0.8398323,0.3597631,-0.40651214,-0.40712634,0.91276443,-0.03330517
1356594092202,0.31101573,0.1474908,0.9388907,0.87091714,0.3512659,-0.34367943,-0.38048986,0.9245857,-0.019203067
1356594092242,0.26804572,0.10315108,0.95786816,0.8943739,0.34293854,-0.2872082,-0.35811573,0.9336772,-3.324151E-4
1356594092282,0.23460889,0.07039362,0.96953773,0.90796846,0.3403685,-0.24442297,-0.34720597,0.9376535,0.015938282
1356594092320,0.2130057,0.053034514,0.9756106,0.9122715,0.34673566,-0.21802557,-0.34984186,0.9364624,0.025474787
1356594092360,0.20349427,0.05045882,0.9777751,0.90937114,0.36033475,-0.20785347,-0.36281443,0.9314574,0.02744025
1356594092400,0.20526989,0.060741246,0.9768187,0.9012326,0.3774541,-0.21285722,-0.3816335,0.924034,0.02273798
1356594092440,0.21716899,0.08275083,0.9726201,0.88863707,0.39555913,-0.23207131,-0.40393284,0.91470504,0.012367725
1356594092480,0.23770133,0.115594804,0.9644355,0.87129086,0.4135143,-0.264307,-0.42936033,0.90312994,-0.0024237633
1356594092520,0.26463068,0.15494579,0.9518206,0.8491364,0.43039763,-0.3061458,-0.45709732,0.8892411,-0.01767373
1356594092560,0.2944761,0.18854949,0.93687403,0.8242059,0.44608915,-0.3488397,-0.4837029,0.87490207,-0.024040997
1356594092600,0.32222787,0.19580632,0.9261906,0.802082,0.46320018,-0.376975,-0.50282574,0.86435264,-0.007796705
1356594092640,0.3402546,0.15465677,0.9275279,0.7915199,0.4854195,-0.37130058,-0.5076642,0.86049354,0.042752326
1356594092680,0.3384559,0.05799842,0.9391932,0.7996538,0.508363,-0.31956354,-0.49598533,0.8591876,0.12567979
1356594092721,0.31097254,-0.069853485,0.9478484,0.82344717,0.5177946,-0.23199874,-0.47458488,0.8526483,0.21854058
1356594092760,0.2669418,-0.18223989,0.9463248,0.8494201,0.5083333,-0.14171365,-0.4552226,0.84165657,0.29049364
1356594092800,0.22538483,-0.24559498,0.9428069,0.86710703,0.4917884,-0.0791806,-0.44421512,0.8353606,0.32379878
1356594092868,0.20015901,-0.25301552,0.9465302,0.87493074,0.4809457,-0.05645731,-0.44094512,0.8394488,0.31763664
1356594092882,0.19317642,-0.21586782,0.9571227,0.87555534,0.47818455,-0.0688647,-0.44281563,0.851317,0.2813782
1356594092922,0.20006397,-0.14899093,0.9683884,0.8716188,0.47848514,-0.10645482,-0.44749862,0.86536336,0.22559094
1356594092962,0.21163405,-0.07037315,0.9748121,0.86645293,0.47497225,-0.15382004,-0.4521839,0.87718236,0.16149533
1356594093002,0.21989624,0.0054192245,0.9755082,0.8630327,0.46509755,-0.19712606,-0.45477477,0.8852428,0.09759623
1356594093042,0.2179231,0.066732794,0.9736818,0.86363053,0.4515087,-0.224237,-0.45458972,0.88976777,0.04076171
1356594093082,0.20204882,0.10702002,0.9735106,0.8691003,0.43864208,-0.22859964,-0.4514875,0.89226663,-0.004384041
1356594093122,0.170615,0.12247318,0.9776968,0.87953204,0.42838484,-0.20714709,-0.44420043,0.89525795,-0.03463018
1356594093162,0.12391274,0.11112717,0.9860509,0.8942375,0.41820693,-0.1595065,-0.43009883,0.90152854,-0.047552884
1356594093200,0.066477686,0.077539,0.9947705,0.9102893,0.4035546,-0.09228772,-0.4086001,0.91166407,-0.04375553
1356594093240,0.007451147,0.032111406,0.9994565,0.923817,0.3823541,-0.019171834,-0.38276196,0.92345774,-0.02681613
1356594093280,-0.044027567,-0.0123925805,0.99895346,0.9317675,0.3601886,0.04553479,-0.3603759,0.9327972,-0.004311204
1356594093320,-0.08206454,-0.047664344,0.9954866,0.9335224,0.3461047,0.09352806,-0.34900057,0.9369844,0.016092777
1356594093360,-0.10448012,-0.0707812,0.992005,0.9306214,0.34483078,0.12261936,-0.35075304,0.93599236,0.029842496
1356594093400,-0.1105476,-0.08091512,0.9905715,0.9256177,0.35459578,0.13226402,-0.36195466,0.931512,0.035696805
1356594093440,-0.0994471,-0.077222556,0.9920418,0.9205917,0.37124863,0.121183366,-0.37765226,0.9253168,0.034170866
1356594093480,-0.069484174,-0.057890773,0.99590194,0.91577655,0.3922214,0.08669329,-0.39563277,0.9180474,0.025761843
1356594093538,-0.017549276,-0.019764692,0.99965054,0.9090376,0.41601175,0.02418378,-0.41634434,0.9091444,0.010666192
1356594093560,0.0598367,0.039234072,0.9974369,0.8958465,0.4386555,-0.07099676,-0.44031668,0.8977985,-0.008899987
1356594093601,0.16134094,0.112632036,0.9804505,0.8701607,0.45246965,-0.19517061,-0.46560657,0.8846384,-0.025006115
1356594093638,0.2739085,0.17764843,0.9452064,0.82959414,0.45356834,-0.3256522,-0.48656726,0.87333655,-0.023139834
1356594093681,0.37200162,0.19828862,0.90680563,0.78505075,0.45405635,-0.42134094,-0.49528798,0.8686279,0.013243079
1356594093720,0.43567672,0.1521301,0.887154,0.7576741,0.47009614,-0.4527024,-0.48591733,0.8694055,0.08954489
1356594093760,0.45649415,0.04616368,0.88852805,0.7614147,0.49636495,-0.41697657,-0.46028334,0.86688566,0.19143799
1356594093800,0.45339167,-0.067798495,0.88872904,0.77994436,0.51280403,-0.35877404,-0.43141943,0.85582435,0.28538013
1356594093868,0.4696924,-0.12697661,0.87365097,0.78077424,0.52162445,-0.34394693,-0.41204447,0.84367347,0.34414306
1356594093882,0.5399041,-0.09823233,0.8359748,0.7380332,0.53280014,-0.4140423,-0.40473518,0.8405203,0.3601597
1356594093922,0.6486746,0.005118102,0.7610487,0.64390993,0.5293795,-0.5523923,-0.40571073,0.84836966,0.34009945
1356594093962,0.74557614,0.13274875,0.653065,0.5242579,0.48815763,-0.6977505,-0.4114242,0.8626006,0.2943641
1356594094002,0.80385596,0.23968181,0.54439723,0.4218386,0.4155446,-0.805838,-0.41936603,0.87742543,0.23293094
1356594094042,0.83038026,0.3135595,0.4605964,0.35757276,0.33408797,-0.872082,-0.42732933,0.8888564,0.16529971
1356594094082,0.839008,0.3613614,0.4067967,0.32850352,0.25959212,-0.90812856,-0.4337638,0.8955613,0.099091366
1356594094122,0.83805573,0.39056292,0.38095036,0.32628575,0.20082572,-0.9236918,-0.4372644,0.89840394,0.04086803
1356594094162,0.83123463,0.4046212,0.38122258,0.34514353,0.16196251,-0.92446965,-0.43580374,0.9000277,-0.005023539
1356594094202,0.81844807,0.40324643,0.4093105,0.38426247,0.145482,-0.9116893,-0.42718276,0.903453,-0.03588301
1356594094240,0.7967683,0.38495952,0.46579647,0.4436673,0.15066811,-0.8834356,-0.4102676,0.91055214,-0.05074635
1356594094280,0.76106405,0.35061565,0.54575646,0.5201148,0.17293361,-0.8364057,-0.38763657,0.92041427,-0.05074683
1356594094320,0.7096095,0.3064173,0.63447845,0.60209155,0.2040241,-0.7719197,-0.36597848,0.9297756,-0.0397138
1356594094360,0.6499056,0.263381,0.71291876,0.67295843,0.23650402,-0.7008515,-0.35319912,0.935252,-0.023539186
1356594094400,0.59680057,0.23201908,0.7681121,0.72028977,0.26690868,-0.6402675,-0.35357004,0.93537533,-0.007829696
1356594094440,0.5640865,0.21791822,0.7964409,0.74060804,0.29297233,-0.6047041,-0.36511117,0.93095595,0.0038697422
1356594094480,0.5594398,0.2227082,0.79839104,0.73545384,0.3108671,-0.6020543,-0.38227588,0.9239928,0.010119826
1356594094520,0.58378536,0.24653088,0.7735743,0.706058,0.31624454,-0.6336177,-0.400845,0.91608506,0.010553837
1356594094560,0.6303467,0.28792596,0.720945,0.65282196,0.30595607,-0.692975,-0.42010298,0.90746325,0.004894018
1356594094600,0.68434286,0.3409093,0.64455855,0.58066905,0.2798581,-0.7645279,-0.44101965,0.8974744,-0.0064365864
1356594094640,0.7283504,0.3935878,0.560887,0.50462496,0.2456344,-0.8276577,-0.46352908,0.88586247,-0.019706309
1356594094680,0.75370294,0.43146732,0.49574974,0.44400677,0.22185427,-0.8681236,-0.48455116,0.87442356,-0.024362192
1356594094720,0.76432014,0.44126594,0.47021174,0.40914655,0.23175377,-0.882547,-0.4984113,0.86693394,-0.0034083724
1356594094760,0.76899254,0.41155773,0.48915303,0.3989671,0.28888467,-0.8702706,-0.49947542,0.86438763,0.057952166
1356594094800,0.77176535,0.3392589,0.53784907,0.4096166,0.38173354,-0.8285492,-0.48640776,0.8597575,0.15564264
1356594094869,0.7694351,0.2421586,0.59104043,0.43685246,0.4755535,-0.76355016,-0.46597162,0.8456998,0.26011997
1356594094882,0.7567437,0.15215883,0.63575673,0.47509292,0.54001063,-0.69474834,-0.44902742,0.82778996,0.3363601
1356594094922,0.7302852,0.08628437,0.6776713,0.52259016,0.56833535,-0.6355269,-0.4399806,0.8182603,0.36995554
1356594094962,0.6874598,0.04474625,0.72484255,0.5800537,0.56671745,-0.5851231,-0.43696296,0.82269627,0.36364028
1356594095002,0.6253991,0.022474855,0.77998126,0.6463722,0.54504466,-0.5339749,-0.43712568,0.8381057,0.32634333
1356594095042,0.5437332,0.014420718,0.8391342,0.71577775,0.5140787,-0.47263655,-0.43819675,0.8576218,0.26919964
1356594095082,0.4474804,0.016848236,0.894135,0.7796055,0.48250493,-0.39925462,-0.43815127,0.87573117,0.20277655
1356594095122,0.34629017,0.02623868,0.9377605,0.8307343,0.45583528,-0.3195226,-0.43584815,0.8896773,0.13605389
1356594095162,0.25111562,0.039016694,0.9671705,0.86642385,0.4364314,-0.2425639,-0.43156758,0.89889115,0.07578975
1356594095202,0.17052545,0.05093506,0.98403597,0.88849807,0.42382532,-0.17590731,-0.42601928,0.90431064,0.027017295
1356594095242,0.10912116,0.058125198,0.9923276,0.90157115,0.41465008,-0.12342909,-0.4186431,0.90812266,-0.0071569085
1356594095282,0.06750989,0.057347894,0.99606913,0.9107085,0.40420985,-0.08499652,-0.40749532,0.9128667,-0.02493906
1356594095322,0.04395795,0.047120392,0.99792147,0.91926104,0.3892213,-0.058871448,-0.39118636,0.91993827,-0.026206613
1356594095360,0.034864306,0.029610753,0.9989533,0.9274803,0.3713472,-0.04337716,-0.37224287,0.9280218,-0.014516592
1356594095400,0.03561145,0.009208471,0.99932325,0.93350303,0.35670143,-0.036552817,-0.35679662,0.934173,0.0041065216
1356594095440,0.04136929,-0.008596957,0.999107,0.93523496,0.35222372,-0.035693824,-0.35160235,0.93587637,0.02261138
1356594095480,0.04813215,-0.020148247,0.9986378,0.9321517,0.36010405,-0.037662357,-0.35885468,0.93269455,0.03611374
1356594095520,0.053734034,-0.024482548,0.9982551,0.9254717,0.37663707,-0.04057911,-0.37498635,0.9260373,0.04289615
1356594095560,0.05798766,-0.022179842,0.99807096,0.91698843,0.39642766,-0.04446712,-0.39467672,0.91779804,0.043326557
1356594095600,0.061988294,-0.013474047,0.99798596,0.90761733,0.41671973,-0.050748974,-0.41519666,0.9089352,0.038061023
1356594095640,0.06726956,0.0024905503,0.9977317,0.8969865,0.43774927,-0.06156978,-0.43690965,0.8990936,0.027213216
1356594095680,0.07592283,0.025651306,0.99678373,0.88453496,0.45970088,-0.0792031,-0.46025398,0.8877033,0.012212336
