1356593840022,0.8992436,0.025214478,-0.43672097,-0.43212092,-0.10412985,-0.8957838,-0.068062425,0.9942441,-0.08274239
1356593840060,0.4169917,0.103696585,0.9029756,0.9063587,0.026948616,-0.42164877,-0.06805748,0.99424386,-0.08274895
1356593840102,0.4169317,0.103652984,0.90300834,0.9063884,0.026944801,-0.42158523,-0.06802997,0.9942485,-0.08271575
1356593840140,0.41644475,0.10328266,0.90327543,0.9066168,0.027099043,-0.4210839,-0.06796861,0.99428284,-0.08235258
1356593840180,0.41475612,0.102060646,0.9041908,0.90739477,0.027773067,-0.4193607,-0.06791237,0.9943904,-0.08109021
1356593840221,0.41106316,0.09953594,0.90615654,0.90907097,0.029334038,-0.41560745,-0.06794906,0.9946015,-0.07842705
1356593840260,0.40507323,0.09568024,0.90926397,0.911742,0.031839117,-0.4095275,-0.0681338,0.99490273,-0.074338466
1356593840300,0.39719665,0.09096965,0.91321373,0.9151802,0.03491257,-0.40152976,-0.06840962,0.9952414,-0.06938648
1356593840341,0.38837114,0.086236745,0.917459,0.9189451,0.037887126,-0.39256135,-0.06861305,0.995554,-0.06453252
1356593840380,0.3796834,0.0823406,0.92144483,0.9225744,0.040087372,-0.38373107,-0.06853491,0.9957977,-0.060744762
1356593840420,0.3719373,0.07974246,0.9248264,0.9257661,0.041086107,-0.37585786,-0.06796935,0.99596846,-0.058541417
1356593840460,0.36539915,0.07827675,0.92755383,0.9284513,0.040854603,-0.36920044,-0.066794634,0.9960941,-0.05774793
1356593840502,0.35990018,0.07737988,0.92977643,0.9307191,0.03972459,-0.36357108,-0.06506804,0.99621,-0.057722032
1356593840540,0.35517478,0.07660329,0.93165594,0.93267345,0.03814608,-0.3586991,-0.063016534,0.9963317,-0.0578973
1356593840580,0.35109684,0.07583538,0.93326306,0.9343561,0.03646013,-0.3544707,-0.060908347,0.9964535,-0.058056235
1356593840621,0.34766287,0.07512659,0.934605,0.93576235,0.034907043,-0.35089928,-0.058986157,0.9965628,-0.058164716
1356593840660,0.3449445,0.07461032,0.93565303,0.93685913,0.03371641,-0.34807774,-0.05751705,0.9966426,-0.058269083
1356593840700,0.34304902,0.074569225,0.93635297,0.9375975,0.033113748,-0.3461421,-0.05681774,0.9966659,-0.05855629
1356593840740,0.34193566,0.07525462,0.93670523,0.93798524,0.03326544,-0.34507543,-0.0571284,0.9966093,-0.059213072
1356593840779,0.3412013,0.07650733,0.9368715,0.9381709,0.03426349,-0.3444726,-0.0584552,0.99648017,-0.06008625
1356593840820,0.3401955,0.07776311,0.9371339,0.93840146,0.03612688,-0.34365347,-0.06057933,0.99631715,-0.060682833
1356593840861,0.33839014,0.078504056,0.93772554,0.93888676,0.038672835,-0.34204683,-0.06311655,0.99616337,-0.06061992
1356593840900,0.3356254,0.078535765,0.93871605,0.93970656,0.04151386,-0.33945274,-0.065628916,0.99604654,-0.05986744
1356593840967,0.33198252,0.07784471,0.940068,0.9408525,0.044205695,-0.3359202,-0.06770599,0.99598503,-0.0585649
1356593840982,0.32757133,0.07647443,0.9417264,0.94229424,0.046480715,-0.33154336,-0.069126666,0.99598753,-0.05683565
1356593841022,0.32218635,0.07431528,0.9437548,0.9440892,0.04842782,-0.32611385,-0.069939226,0.9960582,-0.054557472
1356593841062,0.31493875,0.07056931,0.94648486,0.9465029,0.05054018,-0.31871298,-0.070326865,0.9962257,-0.050876975
1356593841092,0.3051524,0.06518802,0.9500698,0.9496926,0.05299458,-0.30866742,-0.070469975,0.99646485,-0.045737147
1356593841122,0.29302543,0.056837052,0.9544138,0.95352495,0.055906713,-0.29608187,-0.070186526,0.9968169,-0.037813455
1356593841152,0.27745795,0.044356346,0.95971334,0.95825744,0.058958054,-0.279762,-0.06899211,0.9972745,-0.026146442
1356593841182,0.25815722,0.027381778,0.9657148,0.9638305,0.061221033,-0.2593894,-0.066224664,0.9977486,-0.010586768
1356593841212,0.23573014,0.0066162646,0.97179604,0.9698733,0.061636597,-0.23568347,-0.061457604,0.9980768,0.008112639
1356593841242,0.2114886,-0.016383529,0.9772432,0.97583485,0.059749067,-0.21018219,-0.054945916,0.99807906,0.02862385
1356593841272,0.18697628,-0.03993523,0.98155224,0.98121226,0.055968314,-0.1846343,-0.04756233,0.99763346,0.049649775
1356593841301,0.16356951,-0.062557876,0.9845463,0.98570365,0.051246583,-0.1605056,-0.040413707,0.9967248,0.07004595
1356593841350,0.14212212,-0.08341828,0.9863279,0.989254,0.046519905,-0.13860938,-0.034321308,0.9954282,0.08913335
1356593841370,0.1217092,-0.104341865,0.9870662,0.9921167,0.042700678,-0.11781815,-0.029855072,0.99362445,0.10871634
1356593841411,0.10128555,-0.1252825,0.98693746,0.99447966,0.040085644,-0.096971095,-0.027413309,0.991311,0.1286509
1356593841448,0.07973182,-0.147446,0.98585117,0.99645257,0.038505316,-0.07483032,-0.026927084,0.98832035,0.14999306
1356593841491,0.055262625,-0.17257562,0.9834448,0.9980837,0.03701049,-0.049590707,-0.02783963,0.98430073,0.17429021
1356593841530,0.026354134,-0.20167834,0.9790971,0.99923664,0.033566535,-0.01998204,-0.028834939,0.9788764,0.20240906
1356593841570,-0.008372903,-0.23595595,0.9717277,0.99957263,0.025244653,0.014742792,-0.028009593,0.97143584,0.23564366
1356593841610,-0.050195098,-0.2759621,0.959857,0.99846697,0.008584321,0.054682165,-0.023329943,0.96113026,0.27510807
1356593841650,-0.099681735,-0.32134265,0.9417019,0.99492866,-0.019408345,0.09869313,-0.01343742,0.9467641,0.32164764
1356593841690,-0.15551513,-0.36903182,0.91631365,0.98783255,-0.059438944,0.143715,0.0014293194,0.9275142,0.37378523
1356593841731,-0.21348333,-0.41288242,0.88541126,0.97676563,-0.107655466,0.18530837,0.018808752,0.9043995,0.42627198
1356593841770,-0.26728386,-0.44558376,0.85440886,0.96303374,-0.15438747,0.22075,0.03354734,0.8818275,0.47037742
1356593841810,-0.31091243,-0.46227285,0.830444,0.9495772,-0.18827367,0.25071117,0.04045376,0.8665199,0.49750045
1356593841851,-0.33962846,-0.46027708,0.82024235,0.9397769,-0.2016353,0.27597564,0.03836459,0.864574,0.5010389
1356593841890,-0.35059124,-0.43945485,0.82702184,0.936014,-0.19368702,0.2938757,0.031038314,0.8771343,0.479241
1356593841970,-0.33314013,-0.39126074,0.85786515,0.9426547,-0.1579749,0.29401678,0.02048397,0.9066195,0.42145163
1356593841971,-0.30750197,-0.33909193,0.88907766,0.9514828,-0.12046325,0.2831414,0.011090279,0.9330087,0.3596829
1356593841997,-0.27384895,-0.28561145,0.9183861,0.96176726,-0.084552884,0.26048923,0.0032534897,0.9546083,0.29784638
1356593842029,-0.23362947,-0.23093995,0.94450206,0.97232294,-0.05315298,0.22751468,-0.0023391843,0.9715151,0.23696631
1356593842070,-0.18379134,-0.17034078,0.9680934,0.9829571,-0.027832687,0.1817159,-0.0040090084,0.9849921,0.17255303
1356593842110,-0.13199157,-0.10956925,0.98517656,0.99124926,-0.012818396,0.13137957,-0.0017668307,0.9938965,0.11030233
1356593842150,-0.086408675,-0.054474443,0.99476933,0.99625444,-0.007962823,0.08610162,0.0032308996,0.9984833,0.054958522
1356593842190,-0.05249989,-0.009334087,0.99857724,0.99857223,-0.010361612,0.052402854,0.009857774,0.9999027,0.0098647475
1356593842230,-0.03226018,0.023673326,0.9991991,0.99931836,-0.017188787,0.032671303,0.017948449,0.9995719,-0.023102641
1356593842270,-0.0243932,0.044431984,0.9987146,0.99929804,-0.02733022,0.025623322,0.02843362,0.9986385,-0.043734133
1356593842310,-0.026004672,0.053889364,0.99820817,0.9987838,-0.040439725,0.028202862,0.041887134,0.99772763,-0.052772164
1356593842350,-0.033424556,0.053693146,0.99799794,0.9978093,-0.055247605,0.036390603,0.057090938,0.99702793,-0.051728845
1356593842390,-0.04242158,0.046722412,0.9980067,0.996601,-0.06862593,0.045574546,0.07061848,0.9965478,-0.043652415
1356593842430,-0.048781037,0.03697312,0.99812496,0.9957497,-0.076360345,0.051493526,0.078121066,0.9963945,-0.03309107
1356593842470,-0.049399734,0.028137296,0.9983827,0.9958154,-0.075561225,0.05140227,0.07688537,0.9967441,-0.024286836
1356593842510,-0.042661488,0.022535384,0.9988353,0.9968024,-0.06664866,0.04407838,0.06756434,0.997522,-0.019619942
1356593842550,-0.027887404,0.02121532,0.99938583,0.99818313,-0.052827597,0.028975308,0.053409904,0.9983782,-0.019703537
1356593842590,-0.0048729777,0.024650902,0.9996842,0.99928904,-0.037253678,0.0057896674,0.03738463,0.99900174,-0.024451822
1356593842630,0.026281267,0.03281015,0.999116,0.9994368,-0.021726876,-0.025576204,0.02086848,0.9992254,-0.033362687
1356593842670,0.06413463,0.044599295,0.9969442,0.99793375,-0.0067462027,-0.06389654,0.0038758516,0.9989822,-0.044939816
1356593842710,0.10508427,0.055382937,0.99292,0.9943762,0.007363826,-0.10564917,-0.013162911,0.99843806,-0.054297715
1356593842750,0.14129236,0.055176973,0.98842907,0.9895669,0.020542234,-0.14260173,-0.02817288,0.99826527,-0.051698893
1356593842792,0.15936095,0.0278413,0.98682773,0.9865197,0.03316295,-0.16024682,-0.037187576,0.99906206,-0.022181094
1356593842830,0.14942977,-0.032201618,0.98824793,0.988031,0.04355809,-0.14797768,-0.038281143,0.9985318,0.03832504
1356593842870,0.10283241,-0.12419459,0.986915,0.994166,0.045298547,-0.097887486,-0.032548755,0.99122334,0.12812814
1356593842910,0.029438674,-0.22284824,0.9744085,0.9992345,0.031686664,-0.022941917,-0.025763154,0.97433805,0.22361046
1356593842966,-0.04542929,-0.29570732,0.95419776,0.99874616,0.0066618323,0.049614727,-0.021028131,0.9552553,0.29503396
1356593843002,-0.103773296,-0.32354605,0.94050467,0.9944792,-0.018955886,0.10320768,-0.0155643225,0.9460225,0.32372692
1356593843032,-0.14076042,-0.32237542,0.93608785,0.99000573,-0.037558615,0.13593352,-0.008663446,0.94586647,0.3244403
1356593843072,-0.13764036,-0.28242975,0.94936216,0.9904811,-0.040728092,0.13148549,0.0015302896,0.958423,0.28534713
1356593843103,-0.12462473,-0.23092493,0.9649572,0.99214566,-0.039547384,0.11867198,0.010757208,0.9721675,0.23403972
1356593843142,-0.09215146,-0.16276205,0.98235255,0.9955729,-0.033397496,0.08785814,0.018508136,0.9860999,0.16511917
1356593843172,-0.062172472,-0.09694788,0.9933457,0.99776185,-0.030580878,0.059464335,0.024612486,0.9948195,0.098632246
1356593843201,-0.034805715,-0.036909163,0.9987123,0.9989628,-0.030638278,0.033682197,0.029355645,0.9988488,0.037937284
1356593843232,-0.012450218,0.015109658,0.9998083,0.99938786,-0.032503426,0.012936205,0.03269267,0.99935734,-0.014695734
1356593843261,0.0032745302,0.057518214,0.9983391,0.9993955,-0.03474328,-0.0012763441,0.03461212,0.9977398,-0.05759722
1356593843292,0.011589766,0.089279205,0.99593925,0.9992969,-0.03655082,-0.008352339,0.03565672,0.99533576,-0.08964008
1356593843321,0.012553662,0.109933436,0.9938597,0.9992358,-0.038173467,-0.008399129,0.037015736,0.99320567,-0.110328674
1356593843352,0.006893605,0.119413376,0.99282074,0.999176,-0.04053524,-0.0020623505,0.039997935,0.9920168,-0.119594455
1356593843381,-0.0040429235,0.118127316,0.99299026,0.9989599,-0.04462266,0.009375602,0.045417428,0.99199533,-0.11782402
1356593843412,-0.018365204,0.10712361,0.99407613,0.9984064,-0.051098526,0.02395168,0.053361565,0.99293184,-0.10601449
1356593843441,-0.033289194,0.0889492,0.9954797,0.99745715,-0.059844375,0.038702607,0.063016415,0.9942367,-0.08673084
1356593843472,-0.04577905,0.06738898,0.99667597,0.9962982,-0.069591284,0.050467014,0.07276091,0.99529684,-0.0639537
1356593843511,-0.05519283,0.04355386,0.99752533,0.99524784,-0.07786763,0.058466643,0.080221415,0.99601185,-0.03904915
1356593843552,-0.055113673,0.023516804,0.99820316,0.9951854,-0.07985437,0.05682835,0.0810473,0.9965291,-0.019002557
1356593843581,-0.046301603,0.0089075565,0.9988878,0.9959514,-0.0767194,0.046849668,0.0770514,0.9970129,-0.0053192377
1356593843612,-0.033144355,-1.9395351E-4,0.99945056,0.9970838,-0.06878543,0.033052534,0.06874123,0.99763143,0.0024732351
1356593843641,-0.015499055,-0.004232347,0.9998709,0.9982231,-0.057606936,0.015229702,0.057535052,0.99833035,0.0051177144
1356593843672,0.006879449,-0.0033479333,0.9999708,0.998995,-0.044268727,-0.0070209205,0.04429093,0.999014,0.0030400455
1356593843711,0.036233813,0.0048568547,0.99933153,0.99898505,-0.026952654,-0.036090285,0.026759326,0.99962497,-0.0058285594
1356593843752,0.07731885,0.019369751,0.99681824,0.99699306,-0.006679654,-0.07720256,0.005163014,0.9997901,-0.019827932
1356593843792,0.1283601,0.037124276,0.9910325,0.99152505,0.015392244,-0.12900046,-0.020043254,0.9991921,-0.034833908
1356593843832,0.18301153,0.04953602,0.98186207,0.9820508,0.03715533,-0.18492123,-0.04564169,0.99808097,-0.04184708
1356593843873,0.22584224,0.04089704,0.97330505,0.9719912,0.057232976,-0.2279422,-0.0650273,0.99752283,-0.026825905
1356593843911,0.23421213,-0.00606665,0.9721666,0.96961856,0.07407829,-0.23313603,-0.07060212,0.997234,0.02323234
1356593843962,0.18752953,-0.09565449,0.9775903,0.9803666,0.0799748,-0.18023676,-0.060942084,0.9921966,0.108774155
1356593843992,0.090296865,-0.20365027,0.9748708,0.99488115,0.06303465,-0.07898235,-0.0453659,0.9770124,0.2082996
1356593844032,-0.020625949,-0.29166797,0.9562973,0.99915576,0.027980804,0.030084342,-0.035532624,0.95611036,0.29084456
1356593844072,-0.102678,-0.33858898,0.93531525,0.9941238,-0.0025265217,0.108219385,-0.03427878,0.94093096,0.3368588
1356593844112,-0.13308722,-0.3456942,0.92886126,0.9904033,-0.0111448765,0.13775715,-0.03726974,0.93828094,0.34386
1356593844151,-0.108905494,-0.32183513,0.94051135,0.99321413,0.00360924,0.11624321,-0.040805668,0.9467888,0.3192582
1356593844208,-0.039012313,-0.27472904,0.96072996,0.9982827,0.031333685,0.049497306,-0.04370156,0.961011,0.2730348
1356593844230,0.05742377,-0.21248442,0.97547567,0.9973313,0.05633515,-0.04643908,-0.045085996,0.9755392,0.21515238
1356593844270,0.15592006,-0.14506292,0.97705966,0.98679876,0.06672189,-0.14756808,-0.04378456,0.9871701,0.15355125
1356593844308,0.23338962,-0.08325428,0.96881276,0.97158533,0.060323715,-0.22887373,-0.039387763,0.9947009,0.094967484
1356593844351,0.27780113,-0.033824205,0.96004295,0.9601028,0.04315141,-0.27629822,-0.032081693,0.9984959,0.044462174
1356593844390,0.28513664,4.9740076E-4,0.9584868,0.9582381,0.02263391,-0.28507444,-0.021836102,0.9997437,0.005977094
1356593844430,0.25814396,0.0197196,0.9659052,0.96607614,0.0026513934,-0.25824383,-0.007653475,0.9998021,-0.018366218
1356593844470,0.2025229,0.025388092,0.97894835,0.97921956,-0.016121179,-0.20216092,0.010649323,0.9995476,-0.028125435
1356593844510,0.12946591,0.020602494,0.99136984,0.9910854,-0.034386903,-0.12871411,0.03143832,0.9991963,-0.024870783
1356593844550,0.05412951,0.010462135,0.9984791,0.99722826,-0.051685482,-0.053520173,0.051046938,0.9986086,-0.01323086
1356593844590,-0.009669125,2.7033687E-4,0.9999532,0.9978417,-0.06494969,0.009666264,0.064949214,0.9978885,3.5822392E-4
1356593844630,-0.054857433,-0.0070800185,0.9984691,0.9960601,-0.07016969,0.05422747,0.06967828,0.99750996,0.010901362
1356593844671,-0.08002555,-0.011104763,0.99673104,0.99469405,-0.06574458,0.07912958,0.06465092,0.9977747,0.016307026
1356593844710,-0.08536911,-0.011862129,0.99627876,0.9949759,-0.053499103,0.084620535,0.05229619,0.9984974,0.0163697
1356593844750,-0.070457995,-0.008866042,0.9974754,0.9968717,-0.03652495,0.07009068,0.035811335,0.99929345,0.011411786
1356593844790,-0.033950925,-0.0011306405,0.9994229,0.99928325,-0.016791105,0.033927202,0.016743094,0.9998584,0.0016999245
1356593844830,0.025617182,0.011866391,0.9996014,0.99966043,0.0044796467,-0.025671959,-0.004782498,0.99991965,-0.011747658
1356593844870,0.10614002,0.027706027,0.99396515,0.9939548,0.025266826,-0.10684317,-0.028074533,0.9992967,-0.024856776
1356593844910,0.19538805,0.037247807,0.9800185,0.97944987,0.043551356,-0.19692999,-0.050016403,0.99835664,-0.027973026
1356593844966,0.2485036,0.009528577,0.9685841,0.9665867,0.0624927,-0.2486059,-0.06289834,0.99799997,0.0063194335
1356593845001,0.26879278,-0.05300185,0.96173865,0.96106565,0.081160456,-0.26413187,-0.06405562,0.99529076,0.07275364
1356593845042,0.21314141,-0.1535688,0.9648768,0.9755389,0.0878326,-0.20151731,-0.05380079,0.9842266,0.16853315
1356593845082,0.10590124,-0.26148665,0.9593798,0.9935105,0.06808424,-0.09111187,-0.0414941,0.96280277,0.26699996
1356593845122,0.0067988634,-0.33894038,0.94078326,0.9993578,0.035401165,0.0055319965,-0.035179853,0.94014156,0.33896342
1356593845161,-0.03293574,-0.37232542,0.9275176,0.9988712,0.019518495,0.043304622,-0.034227133,0.9278969,0.37126234
1356593845191,-0.026839375,-0.37850344,0.9252107,0.9990667,0.021178544,0.037646055,-0.033843786,0.9253576,0.37758175
1356593845221,0.030654967,-0.36090103,0.9321002,0.9989948,0.041576743,-0.016756862,-0.032706082,0.93167686,0.36181277
1356593845260,0.16574407,-0.30575326,0.93757343,0.9857081,0.080421805,-0.14802685,-0.030141741,0.9487083,0.31471285
1356593845301,0.31553262,-0.22843048,0.9210096,0.94853926,0.103229105,-0.29936108,-0.026691794,0.96807194,0.24924743
1356593845341,0.43640575,-0.1487611,0.887367,0.8994706,0.096705765,-0.42614627,-0.022419542,0.98413324,0.17600916
1356593845381,0.5133732,-0.08017549,0.85441196,0.8579838,0.068436265,-0.5090974,-0.017655611,0.9944286,0.103922635
1356593845422,0.54984,-0.026598722,0.83484644,0.8351698,0.03298877,-0.54900193,-0.012937844,0.99910176,0.040352955
1356593845461,0.55166066,0.012138993,0.83398026,0.83403146,0.00141038,-0.551715,-0.007873476,0.99992526,-0.009346232
1356593845501,0.52190614,0.036549866,0.8522195,0.85300255,-0.02142331,-0.5214669,-8.021593E-4,0.9991022,-0.04235807
1356593845542,0.46173507,0.0468356,0.8857806,0.88696134,-0.035657823,-0.4604652,0.0100188255,0.998266,-0.05800584
1356593845582,0.37553835,0.04400319,0.92576164,0.92647016,-0.044743717,-0.37369895,0.024978101,0.9980289,-0.057570636
1356593845622,0.27638036,0.03199926,0.96051544,0.9601222,-0.053058326,-0.27449957,0.042179525,0.9980786,-0.045387506
1356593845661,0.1845094,0.017678529,0.9826717,0.98113143,-0.062083006,-0.18310326,0.057770193,0.9979144,-0.028799862
1356593845702,0.11613247,0.0068454146,0.9932102,0.9909332,-0.06882015,-0.11539191,0.06756294,0.9976056,-0.014775664
1356593845740,0.07653606,0.0013594925,0.9970659,0.9946953,-0.06903291,-0.07625994,0.06872669,0.99761343,-0.006635785
1356593845780,0.064013064,4.3320656E-4,0.997949,0.9960865,-0.061096013,-0.06386706,0.060943037,0.99813175,-0.0043424666
1356593845820,0.0760023,0.0032716095,0.9971022,0.9960321,-0.046681464,-0.07576755,0.046298325,0.99890447,-0.006806493
1356593845860,0.111494064,0.010233253,0.9937124,0.99338865,-0.02866882,-0.11116248,0.027351022,0.9995366,-0.01336199
1356593845901,0.17031029,0.022136748,0.98514175,0.9853746,-0.009494334,-0.1701371,0.0055870414,0.9997098,-0.02342993
1356593845966,0.24967852,0.038271457,0.96757215,0.968155,0.0090614855,-0.2501874,-0.018342674,0.99922633,-0.034790248
1356593845982,0.33921748,0.05296457,0.9392157,0.93973744,0.026260674,-0.3408868,-0.042719364,0.99825096,-0.040864676
1356593846022,0.4178024,0.053346455,0.9069704,0.906305,0.045473576,-0.4201705,-0.06365773,0.99754006,-0.029349148
1356593846061,0.46354288,0.024986327,0.8857221,0.88278955,0.07297085,-0.4640666,-0.07622719,0.99702096,0.011767477
1356593846102,0.45968005,-0.041022122,0.8871367,0.8846497,0.108925015,-0.45335457,-0.078033805,0.99320316,0.08636084
1356593846142,0.40728623,-0.13580051,0.90314794,0.9104259,0.13876808,-0.38970262,-0.07240626,0.9809697,0.18015462
1356593846182,0.33644977,-0.22772461,0.9137522,0.93935937,0.14955017,-0.30860776,-0.06637424,0.9621727,0.26423138
1356593846221,0.2931545,-0.28472313,0.91268456,0.953946,0.1506336,-0.25941566,-0.063619345,0.9467007,0.31576943
1356593846262,0.30604717,-0.2942953,0.9053869,0.94995487,0.1569548,-0.27009448,-0.06261733,0.9427383,0.3276028
1356593846301,0.36395925,-0.26515654,0.89287496,0.9294261,0.16600311,-0.32956058,-0.060834885,0.9498078,0.3068617
1356593846342,0.44081944,-0.21184614,0.87223816,0.8957373,0.16632515,-0.41229916,-0.05773112,0.9630457,0.26307786
1356593846382,0.5098438,-0.1521273,0.84670925,0.85861135,0.15102056,-0.48987693,-0.053346813,0.97675484,0.20761512
1356593846421,0.5589081,-0.09828472,0.8233844,0.8279046,0.12224965,-0.54738384,-0.046859026,0.987621,0.14969666
1356593846461,0.5871383,-0.055351943,0.8075919,0.8086215,0.08621791,-0.5819774,-0.037415296,0.99473745,0.09538062
1356593846501,0.5974394,-0.023960471,0.801556,0.8015113,0.04951805,-0.5959258,-0.025412828,0.9984858,0.048788622
1356593846541,0.59364206,-0.0025999248,0.80472493,0.80463874,0.016906157,-0.59352386,-0.012061685,0.99985373,0.012128204
1356593846582,0.5786684,0.010369241,0.8154969,0.8155614,-0.009257853,-0.5785964,0.0015501678,0.9999034,-0.013813958
1356593846621,0.55446637,0.015720725,0.83205765,0.83206654,-0.028783798,-0.5539285,0.015241623,0.999462,-0.029040337
1356593846661,0.5221039,0.012970239,0.8527832,0.85236526,-0.04272966,-0.5211981,0.02967912,0.9990024,-0.033364683
1356593846700,0.48326084,0.0016213953,0.87547493,0.8743111,-0.052473575,-0.4825212,0.045156926,0.998621,-0.026776046
1356593846740,0.44290665,-0.016096324,0.8964232,0.89456296,-0.058891207,-0.44304493,0.059922874,0.9981346,-0.01168412
1356593846780,0.40919796,-0.034743905,0.91178393,0.9097449,-0.061291844,-0.41061848,0.07015142,0.997515,0.0065276027
1356593846820,0.38950026,-0.048644662,0.9197409,0.91820747,-0.05756104,-0.39189523,0.072004825,0.9971562,0.022245854
1356593846860,0.38664055,-0.054947466,0.9205921,0.9199841,-0.046651006,-0.38916966,0.0643304,0.99739885,0.03251362
1356593846900,0.3988491,-0.053443193,0.91545796,0.91571254,-0.030009896,-0.400712,0.048888087,0.99811995,0.036969185
1356593846968,0.42202747,-0.044979155,0.90546656,0.90612346,-0.010869801,-0.42287356,0.028862804,0.9989287,0.03616935
1356593846982,0.4509727,-0.030070275,0.8920311,0.8925153,0.008113474,-0.45094404,0.006322533,0.9995148,0.030497134
1356593847022,0.4796955,-0.009464204,0.87738395,0.8772507,0.0256688,-0.4793457,-0.017984718,0.9996257,0.020615697
1356593847062,0.5018806,0.014597952,0.8648137,0.8638273,0.04217033,-0.50202,-0.04379791,0.99900377,0.008554369
1356593847102,0.511302,0.035441667,0.85867,0.8565948,0.05966215,-0.5125289,-0.069394946,0.99758923,1.4624E-4
1356593847159,0.5019722,0.03990203,0.8639628,0.8601585,0.08124545,-0.5035142,-0.09028429,0.99589515,0.0064608753
1356593847180,0.46867567,0.011026293,0.8833015,0.8776318,0.10797781,-0.46701524,-0.10052639,0.9940921,0.040929556
1356593847220,0.40695906,-0.06156075,0.91136956,0.9082442,0.13360119,-0.396539,-0.09734878,0.9891213,0.11028242
1356593847258,0.31797788,-0.16599247,0.93345404,0.944198,0.14465341,-0.29591456,-0.08590767,0.9754598,0.20272636
1356593847301,0.21462727,-0.2698292,0.9386838,0.973774,0.13340414,-0.1843029,-0.07549399,0.95362234,0.29138482
1356593847340,0.11549562,-0.341613,0.9327172,0.9908065,0.10621923,-0.083785295,-0.070450336,0.93381906,0.35074022
1356593847380,0.03393978,-0.36985964,0.9284675,0.9971103,0.075706065,-0.0062910914,-0.06796381,0.92599803,0.3713603
1356593847420,-0.027523458,-0.35893235,0.93295765,0.9975469,0.050230384,0.048753828,-0.06436217,0.932011,0.35666937
1356593847460,-0.07041001,-0.3190606,0.9451152,0.9957477,0.03394389,0.085641146,-0.059405655,0.94712627,0.31531385
1356593847500,-0.09720206,-0.26102164,0.9604267,0.99377525,0.027320325,0.108002245,-0.054430097,0.9649463,0.2567412
1356593847540,-0.110553026,-0.19461113,0.9746305,0.9926236,0.027480781,0.1180813,-0.04976356,0.98049545,0.19013754
1356593847580,-0.11299676,-0.12754327,0.9853753,0.9925758,0.030424893,0.1177606,-0.04499951,0.9913662,0.123158455
1356593847620,-0.10727179,-0.06598851,0.9920374,0.9934205,0.033133686,0.10962537,-0.040103823,0.9972701,0.062000096
1356593847660,-0.09609699,-0.014590174,0.995265,0.9947556,0.03377527,0.096542984,-0.035023898,0.999323,0.01126796
1356593847700,-0.08200717,0.023375124,0.99635756,0.9962218,0.030592144,0.081278294,-0.028580874,0.9992585,-0.025795639
1356593847740,-0.06700736,0.045846313,0.9966986,0.9975821,0.021537662,0.0660761,-0.018437177,0.9987163,-0.047178686
1356593847780,-0.052217692,0.05227995,0.99726635,0.9986322,0.0053970516,0.052006245,-0.0026634336,0.9986179,-0.052490294
1356593847820,-0.03750348,0.04461035,0.9983002,0.9991343,-0.016320884,0.038264126,0.018000096,0.9988711,-0.043959677
1356593847860,-0.021626532,0.027934581,0.9993757,0.99899614,-0.03862059,0.022697866,0.039230555,0.9988634,-0.027071297
1356593847900,-0.0032096505,0.009273887,0.99995184,0.9984863,-0.05487603,0.003713876,0.0549078,0.99845016,-0.009083748
1356593847968,0.017872274,-0.0056240857,0.9998244,0.99798214,-0.060835958,-0.018181473,0.0609276,0.9981319,0.0045254827
1356593847982,0.04077536,-0.013685256,0.9990747,0.9975245,-0.056777418,-0.04148987,0.05729261,0.99829316,0.011336207
1356593848022,0.06451082,-0.014125586,0.99781704,0.99680126,-0.046358347,-0.065101355,0.04717672,0.99882495,0.011089772
1356593848062,0.088636994,-0.0072297156,0.9960378,0.99549544,-0.03314203,-0.08882931,0.033652842,0.9994246,0.004259497
1356593848102,0.113553554,0.006483078,0.9935107,0.9933733,-0.018607229,-0.1134164,0.017751217,0.9998058,-0.008553028
1356593848140,0.13987973,0.025707215,0.9898347,0.990168,-0.0025880039,-0.13985959,-0.0010337234,0.9996662,-0.02581647
1356593848180,0.16706607,0.04488641,0.9849235,0.98569757,0.0148097575,-0.16787234,-0.022121757,0.9988824,-0.04177031
1356593848220,0.19115305,0.05204341,0.98017955,0.980646,0.032961905,-0.19299409,-0.042352587,0.99810064,-0.044735402
1356593848260,0.20401424,0.031663388,0.9784558,0.9773265,0.05126506,-0.20543778,-0.05666545,0.998183,-0.020486683
1356593848300,0.19523731,-0.025989234,0.9804115,0.9787943,0.06835821,-0.19310316,-0.062000513,0.9973222,0.038784176
1356593848340,0.15943283,-0.11281711,0.9807413,0.9853031,0.0798831,-0.15098527,-0.061310947,0.9903995,0.12389499
1356593848381,0.10457623,-0.20190167,0.9738067,0.99261737,0.0816797,-0.08966142,-0.061437428,0.97599393,0.20895287
1356593848420,0.049615026,-0.26530656,0.9628867,0.9966514,0.075888395,-0.030445099,-0.06499466,0.96117294,0.26818332
1356593848460,0.011619031,-0.2906057,0.9567723,0.99758184,0.068939745,0.008824825,-0.06852424,0.95435613,0.29070392
1356593848500,-0.0026682615,-0.2806373,0.95981014,0.99760675,0.06556773,0.021944553,-0.06909096,0.9575716,0.2797908
1356593848540,0.004379928,-0.24512547,0.96948147,0.9977152,0.06643313,0.012289584,-0.06741813,0.96721256,0.24485639
1356593848580,0.025900602,-0.19469672,0.9805214,0.99755996,0.0686453,-0.012720138,-0.064831555,0.9784584,0.19599968
1356593848620,0.054278433,-0.13840878,0.9888867,0.9966425,0.06830627,-0.045143664,-0.061298877,0.9880168,0.14165163
1356593848660,0.082681745,-0.08376387,0.9930495,0.99496615,0.063554436,-0.077480495,-0.056622624,0.9944568,0.088597
1356593848700,0.10598099,-0.03670937,0.9936904,0.99307257,0.05490291,-0.10388687,-0.050742894,0.9978167,0.04227376
1356593848740,0.12120724,-0.0015178621,0.9926261,0.99171793,0.04297787,-0.12103069,-0.04247725,0.99907494,0.006714523
1356593848780,0.1274352,0.019051105,0.9916639,0.99140644,0.027345598,-0.12792748,-0.029554784,0.9994444,-0.015402585
1356593848820,0.1256597,0.023971379,0.99178374,0.9920183,0.0075013638,-0.12587067,-0.010457039,0.99968445,-0.0228374
1356593848860,0.11874756,0.014827341,0.9928138,0.9928268,-0.015794188,-0.118513286,0.013923436,0.99976534,-0.016596526
1356593848900,0.11133629,-0.0028537214,0.9937787,0.9930005,-0.039352536,-0.1113621,0.039425492,0.9992213,-0.0015476346
1356593848969,0.107964665,-0.02127099,0.9939271,0.9923651,-0.05765453,-0.109028846,0.05962363,0.99810994,0.014883965
1356593848983,0.11082041,-0.03426081,0.99324965,0.9914716,-0.06515014,-0.11286929,0.06857738,0.99728715,0.026748687
1356593849022,0.11955789,-0.039434165,0.99204373,0.9906893,-0.060798675,-0.12181142,0.06511852,0.9973707,0.031798095
1356593849061,0.13238612,-0.0368028,0.99051476,0.9898474,-0.04724416,-0.13405225,0.05172959,0.99820507,0.030174732
1356593849102,0.14849809,-0.027014494,0.9885437,0.98839235,-0.02837196,-0.14925069,0.032078803,0.99923235,0.02248767
1356593849140,0.1680063,-0.011110455,0.9857233,0.98574376,-0.007358372,-0.1680927,0.009120941,0.9999112,0.009715855
1356593849180,0.19159746,0.01019749,0.98142064,0.98133266,0.014952064,-0.19173563,-0.016629428,0.9998362,-0.0071423054
1356593849220,0.21908629,0.03278327,0.9751545,0.97471654,0.037632525,-0.22025296,-0.043918103,0.99875367,-0.023709625
1356593849260,0.2463828,0.046160072,0.9680728,0.96669924,0.059611112,-0.24887565,-0.069196016,0.9971539,-0.029935777
1356593849302,0.26276985,0.032370865,0.9643153,0.96090674,0.08158311,-0.26457965,-0.087236494,0.9961407,-0.009667814
1356593849340,0.2586411,-0.01563704,0.965847,0.96113706,0.10409573,-0.2556945,-0.09654227,0.9944444,0.04195276
1356593849380,0.22104552,-0.10008958,0.9701139,0.97020435,0.1237562,-0.20829785,-0.09920919,0.987252,0.12446308
1356593849420,0.15768895,-0.19604728,0.9678325,0.9823209,0.13128242,-0.13345662,-0.10089558,0.9717667,0.21328309
1356593849460,0.09399611,-0.2704675,0.9581294,0.9902179,0.12507874,-0.061835974,-0.10311696,0.95456934,0.27957866
1356593849500,0.05775988,-0.3044249,0.9507835,0.9930551,0.1152972,-0.023411602,-0.10249555,0.9455327,0.30897033
1356593849540,0.06276679,-0.29775235,0.9525774,0.9933517,0.110927045,-0.030780345,-0.09650165,0.9481765,0.3027354
1356593849580,0.10614842,-0.26015845,0.9597136,0.9905888,0.11153954,-0.079327315,-0.08640829,0.9591019,0.26954985
1356593849620,0.17426777,-0.20378876,0.9633799,0.9818351,0.11051381,-0.1542286,-0.075036705,0.97275734,0.21934593
1356593849660,0.24933511,-0.14064735,0.95814943,0.9662842,0.1017645,-0.23651394,-0.064240575,0.98481584,0.16127875
1356593849700,0.3159144,-0.08067134,0.9453519,0.94720614,0.084323525,-0.30933824,-0.054760635,0.9931675,0.103051424
1356593849740,0.36498415,-0.030062139,0.9305283,0.92984086,0.061923027,-0.36271405,-0.046717137,0.9976281,0.050553948
1356593849780,0.39286,0.007835537,0.91956484,0.91876686,0.03916669,-0.39285284,-0.039094537,0.99920195,0.008187979
1356593849820,0.3981014,0.030547917,0.9168327,0.9168687,0.018832922,-0.3987445,-0.029447436,0.9993559,-0.020511001
1356593849860,0.38066253,0.036408424,0.92399704,0.92458975,0.0013982356,-0.38096184,-0.01516217,0.99933606,-0.033130616
1356593849900,0.3438267,0.026598424,0.9386563,0.9390218,-0.014621496,-0.34354624,0.004586816,0.99953914,-0.030003697
1356593849971,0.29669297,0.0070340037,0.95494705,0.9545758,-0.031021118,-0.29634914,0.027538955,0.99949396,-0.015918255
1356593849983,0.25251916,-0.01355055,0.96749705,0.96635866,-0.046936303,-0.25287947,0.048837364,0.998806,0.0012423396
1356593850022,0.22454792,-0.027119577,0.97408557,0.9724471,-0.058029234,-0.22578579,0.062648624,0.99794644,0.013342023
1356593850062,0.2182143,-0.03123051,0.97540104,0.97364324,-0.060979992,-0.21977347,0.066343516,0.9976503,0.017100602
1356593850100,0.23556209,-0.026830167,0.97148883,0.9699346,-0.056388855,-0.23674247,0.061133057,0.9980482,0.012740493
1356593850140,0.27609235,-0.015068084,0.961013,0.9598571,-0.047143638,-0.2764995,0.049471915,0.9987745,0.0014472008
1356593850178,0.33901462,0.0032134056,0.94077563,0.94019294,-0.03651151,-0.3386799,0.033260852,0.999328,-0.015399128
1356593850221,0.42144507,0.02837187,0.90641004,0.906769,-0.026868582,-0.420771,0.012415826,0.99923635,-0.037050426
1356593850260,0.51601857,0.058045626,0.8546084,0.8564836,-0.020197764,-0.5157789,-0.0126775205,0.9981096,-0.06013754
1356593850300,0.6071984,0.08445698,0.79004884,0.79354924,-0.014564112,-0.60833174,-0.039871514,0.99632066,-0.07586411
1356593850340,0.6795223,0.09422919,0.7275784,0.73087716,-7.302016E-4,-0.68250865,-0.06378099,0.99555033,-0.06936617
1356593850380,0.7252407,0.076196074,0.68426615,0.68394214,0.034380764,-0.72872573,-0.07905167,0.99649996,-0.02717939
1356593850420,0.7465327,0.030293018,0.6646588,0.65984154,0.09455672,-0.7454316,-0.08542934,0.9950585,0.050601095
1356593850460,0.7518637,-0.02853775,0.65870064,0.65339696,0.16584963,-0.73862463,-0.088166595,0.9857381,0.14334281
1356593850500,0.75305384,-0.07710159,0.6534258,0.65159625,0.22517014,-0.7243762,-0.091281444,0.971264,0.21980433
1356593850540,0.75805515,-0.10070464,0.64436865,0.6455399,0.2565945,-0.71933126,-0.09290144,0.9612584,0.25952166
1356593850580,0.7662386,-0.10048109,0.6346512,0.636255,0.25663087,-0.72754383,-0.08976671,0.9612721,0.26057205
1356593850620,0.77347744,-0.08462325,0.6281494,0.6284487,0.23118797,-0.7427007,-0.08237085,0.96922183,0.23200002
1356593850660,0.7770213,-0.060251474,0.6265842,0.62516606,0.19012633,-0.7569805,-0.07352099,0.9799091,0.18539938
1356593850700,0.77580786,-0.032426625,0.6301354,0.62762403,0.14235938,-0.76539004,-0.06488666,0.9892837,0.13079524
1356593850740,0.7696479,-0.0051155686,0.63844806,0.6359421,0.09501279,-0.7658657,-0.056742907,0.9954629,0.076379605
1356593850780,0.7588793,0.018451273,0.65096986,0.6493973,0.05352538,-0.7585632,-0.048839867,0.998396,0.028637096
1356593850821,0.7437943,0.035016775,0.6674907,0.66720587,0.02098307,-0.74457777,-0.04007873,0.99916637,-0.0077563077
1356593850861,0.7242275,0.04088089,0.68834823,0.68899107,-0.0023173615,-0.72476614,-0.028033972,0.99916136,-0.029844895
1356593850900,0.69981515,0.033968,0.7135158,0.7142422,-0.01816307,-0.6996628,-0.010806441,0.9992578,-0.03697215
1356593850972,0.6706761,0.014272988,0.74161303,0.74165297,-0.029102743,-0.6701522,0.0120179355,0.9994745,-0.0301041
1356593850981,0.63883317,-0.01259014,0.7692423,0.7684742,-0.03712651,-0.6388028,0.03660187,0.9992313,-0.014042467
1356593851020,0.6093239,-0.036768228,0.7920685,0.7909627,-0.041985393,-0.61042225,0.055699438,0.99844146,0.0034995824
1356593851060,0.58715826,-0.050697476,0.807883,0.80698144,-0.041571543,-0.5891118,0.06345138,0.9978485,0.016502842
1356593851100,0.5744376,-0.051706225,0.8169136,0.8164675,-0.03492096,-0.5763341,0.058327556,0.9980515,0.022156581
1356593851140,0.56975347,-0.04155001,0.82076466,0.82065487,-0.024297178,-0.57090724,0.043663472,0.9988409,0.02025485
1356593851180,0.5702169,-0.023294955,0.8211639,0.82114494,-0.0129831135,-0.5705721,0.023952693,0.99964434,0.011725336
1356593851220,0.5736217,0.0013879836,0.81911916,0.819119,-0.0027770847,-0.5736169,0.0014785528,0.9999952,-0.0027299523
1356593851260,0.57866645,0.03185931,0.81494176,0.81522274,0.0063183606,-0.57911307,-0.023599207,0.99947244,-0.022316188
1356593851300,0.58361477,0.064929694,0.8094306,0.8104327,0.015929595,-0.58561504,-0.050917685,0.9977627,-0.04332441
1356593851340,0.584976,0.09060112,0.80597425,0.807323,0.030119479,-0.5893407,-0.077670455,0.99543166,-0.055525184
1356593851380,0.5772541,0.09209627,0.8113544,0.8106037,0.055209577,-0.58298683,-0.09848544,0.99421835,-0.042783618
1356593851420,0.5532803,0.053712994,0.83126163,0.8258723,0.09485096,-0.55582213,-0.10870087,0.9940413,0.0081190765
1356593851460,0.5061617,-0.026102722,0.8620435,0.85555226,0.141257,-0.49807304,-0.10876861,0.98962873,0.09383112
1356593851500,0.43727472,-0.125426,0.89053863,0.89326435,0.17536852,-0.41391373,-0.10425687,0.9764805,0.18872282
1356593851540,0.36263767,-0.20933637,0.9081147,0.9265951,0.18511048,-0.32734627,-0.099576026,0.9601627,0.26109815
1356593851580,0.3028395,-0.25464126,0.91839325,0.9483601,0.1759145,-0.26394552,-0.09434727,0.9509006,0.29476544
1356593851621,0.26869163,-0.25875387,0.9278207,0.9592663,0.15913579,-0.23341778,-0.08725166,0.9527446,0.29097235
1356593851660,0.25932854,-0.23106226,0.9377415,0.9625361,0.14146107,-0.231329,-0.07920256,0.96260023,0.25909063
1356593851700,0.26790047,-0.18374237,0.94576323,0.96076334,0.1241619,-0.24802738,-0.07185459,0.9751013,0.20979601
1356593851740,0.28610554,-0.12786534,0.94962835,0.9559361,0.10614684,-0.27371347,-0.06580159,0.98609495,0.15260029
1356593851780,0.30626988,-0.0725387,0.94917697,0.94999754,0.08703226,-0.29988346,-0.060855925,0.993561,0.09556693
1356593851820,0.32231465,-0.024771333,0.9463084,0.9449509,0.06797919,-0.32007274,-0.056400627,0.99737906,0.045318425
1356593851860,0.3300205,0.010304898,0.9439175,0.94260883,0.05015737,-0.33011046,-0.050746173,0.9986882,0.006839484
1356593851900,0.32708246,0.029332966,0.9445405,0.9441061,0.033218324,-0.32796368,-0.040996224,0.9990176,-0.016828299
1356593851972,0.30887842,0.024689645,0.950781,0.95088875,0.013126612,-0.3092543,-0.020115882,0.999609,-0.019422531
1356593851992,0.28268227,0.0071632564,0.95918685,0.95920146,-0.007157773,-0.28263316,0.0048410296,0.99994874,-0.008894384
1356593852032,0.2552535,-0.018385172,0.9666993,0.9663905,-0.02676922,-0.255681,0.030578554,0.9994725,0.010934353
1356593852072,0.23353761,-0.04365778,0.9713672,0.97101665,-0.041784406,-0.2353313,0.050862014,0.9981724,0.03263417
1356593852111,0.22319332,-0.06143722,0.97283614,0.97290194,-0.047784954,-0.22622615,0.060385674,0.9969664,0.049107134
1356593852151,0.22611213,-0.0686813,0.97167695,0.9723671,-0.04358071,-0.22935313,0.058098644,0.9966863,0.05692929
1356593852192,0.2419486,-0.06543931,0.9680799,0.9691491,-0.032051384,-0.24438241,0.047020465,0.99734175,0.055665642
1356593852231,0.26937515,-0.052941024,0.96157897,0.9625421,-0.017148614,-0.27058905,0.030815095,0.99845034,0.046338618
1356593852272,0.30739224,-0.031631947,0.9510571,0.9515213,-0.001160562,-0.30758095,0.010833085,0.99949896,0.029741704
1356593852311,0.3548862,-0.002179563,0.93490696,0.93482095,0.014591485,-0.3548195,-0.012868315,0.99989116,0.0072158277
1356593852351,0.40845832,0.03295809,0.9121818,0.9118837,0.029467255,-0.40938956,-0.040372252,0.9990223,-0.018017828
1356593852392,0.46088812,0.06400135,0.88514745,0.88476706,0.044478565,-0.46390617,-0.06906074,0.99695814,-0.036126673
1356593852431,0.5010894,0.07412204,0.8622154,0.8604052,0.064171925,-0.505554,-0.09280273,0.99518234,-0.03161913
1356593852471,0.51695764,0.04642707,0.854751,0.8495274,0.09483823,-0.51894975,-0.10515633,0.99440944,0.009586304
1356593852512,0.50086534,-0.022724658,0.86522686,0.8591702,0.13397086,-0.49384058,-0.10469288,0.9907247,0.086625695
1356593852552,0.45717737,-0.11217934,0.8822724,0.88394773,0.16674367,-0.43684432,-0.09810841,0.97959805,0.17539209
1356593852592,0.40566516,-0.18800154,0.89447814,0.90923095,0.18306768,-0.3738787,-0.09346026,0.96495676,0.24520102
1356593852630,0.3707406,-0.225667,0.90090287,0.9240962,0.18648005,-0.33357385,-0.092723876,0.9561902,0.27767366
1356593852670,0.36386657,-0.22197497,0.9046149,0.9267901,0.18331486,-0.32780424,-0.093064964,0.9576652,0.27242646
1356593852711,0.38129804,-0.18706065,0.90532875,0.9197926,0.17496791,-0.35123762,-0.09270072,0.96664083,0.23877198
1356593852750,0.41182745,-0.13509628,0.90119207,0.9066626,0.15997982,-0.39034507,-0.09143832,0.97783196,0.18837085
1356593852790,0.4447112,-0.078401804,0.89223593,0.8913116,0.13693547,-0.43221775,-0.088292,0.9874724,0.13077724
1356593852830,0.47204393,-0.026226938,0.8811848,0.8777388,0.10713048,-0.46700945,-0.08215359,0.9938991,0.073590636
1356593852870,0.49008244,0.01655221,0.87151897,0.8685604,0.07518691,-0.48984677,-0.07363489,0.9970321,0.02247116
1356593852910,0.49774906,0.048069417,0.86598796,0.8649492,0.04627928,-0.49972093,-0.0640986,0.99777126,-0.01854214
1356593852975,0.49451846,0.06694555,0.8665851,0.8675565,0.022649571,-0.49682248,-0.052887797,0.99749947,-0.046878427
1356593853008,0.47995105,0.0718649,0.87434685,0.87649775,0.003206998,-0.48139533,-0.0373995,0.9974092,-0.061450243
1356593853030,0.45445257,0.0625411,0.8885727,0.89062643,-0.013934597,-0.4545222,-0.016044408,0.99794513,-0.062033355
1356593853070,0.420445,0.041224778,0.906381,0.9072704,-0.029342383,-0.419523,0.00930059,0.998719,-0.049738914
1356593853108,0.3837437,0.013668954,0.9233385,0.9228203,-0.04229057,-0.3829023,0.03381461,0.9990119,-0.028842747
1356593853151,0.35233146,-0.012594998,0.93579054,0.9344363,-0.050692797,-0.35250384,0.051877648,0.9986349,-0.0060914457
1356593853190,0.3336557,-0.031051874,0.9421835,0.94081336,-0.052148134,-0.33488914,0.059532076,0.9981564,0.011814475
1356593853230,0.33086058,-0.03926012,0.9428626,0.9419843,-0.046122104,-0.3324728,0.056539774,0.99816394,0.021722436
1356593853271,0.34363943,-0.03784001,0.938339,0.9379785,-0.03502351,-0.3449198,0.045915693,0.99866986,0.023457646
1356593853310,0.3696729,-0.028252572,0.9287324,0.92864585,-0.022078097,-0.37031013,0.030966848,0.99935704,0.01807493
1356593853350,0.40604904,-0.011178523,0.91378284,0.9137578,-0.009335786,-0.40615204,0.01307109,0.9998939,0.006423682
1356593853390,0.44959515,0.013639569,0.8931283,0.8931929,0.002542019,-0.44966647,-0.008403599,0.9999037,-0.011039883
1356593853430,0.49576378,0.04502338,0.86728954,0.8677793,0.013773635,-0.49675876,-0.034311444,0.99889094,-0.03224185
1356593853470,0.5370311,0.0760594,0.8401265,0.8411933,0.026303709,-0.5400944,-0.063177735,0.9967563,-0.049854755
