1356594660664,-0.13410002,0.03235972,-0.99043936,-0.662033,-0.7466297,0.065241605,-0.7373802,0.66445243,0.12154621
1356594660712,0.66915596,0.69401324,0.2656611,0.092164665,0.27722648,-0.95637393,-0.73738444,0.6644479,0.12154427
1356594660753,0.6691276,0.6941258,0.26543882,0.09203455,0.27703086,-0.95644325,-0.73742664,0.6644121,0.12148543
1356594660790,0.6690584,0.6945344,0.26454288,0.091524094,0.27624068,-0.95672065,-0.73755294,0.664314,0.12125449
1356594660830,0.6688769,0.69559443,0.26220596,0.09027377,0.27410772,-0.95745265,-0.7378714,0.66408825,0.120550424
1356594660871,0.6686161,0.6975826,0.25754812,0.087779224,0.26988614,-0.95888287,-0.7384087,0.6637319,0.11921696
1356594660908,0.66839993,0.70024824,0.25078666,0.08402112,0.26392794,-0.960876,-0.7390413,0.6633209,0.11757375
1356594660952,0.6682366,0.7031685,0.24292777,0.07951683,0.25715852,-0.9630922,-0.739687,0.6628903,0.11592901
1356594660991,0.6682203,0.7060015,0.2346138,0.074427515,0.2503356,-0.96529406,-0.7402313,0.6624908,0.11473338
1356594661034,0.66840124,0.7084086,0.22670943,0.069022596,0.24440894,-0.9672127,-0.7405915,0.6621342,0.11446701
1356594661072,0.66873,0.7104808,0.21912831,0.06324527,0.23929712,-0.96888435,-0.7408105,0.66178083,0.11509062
1356594661113,0.6690485,0.7121572,0.21261773,0.057226837,0.23586482,-0.97009945,-0.74101233,0.661211,0.11705051
1356594661151,0.6692503,0.7136434,0.20692295,0.050753772,0.23392701,-0.9709285,-0.7413016,0.66029626,0.12033562
1356594661192,0.6694255,0.71468997,0.20270127,0.04372546,0.23447898,-0.9711374,-0.74159133,0.65896726,0.12571602
1356594661232,0.66989255,0.7148228,0.20067951,0.037192166,0.23764324,-0.9706402,-0.7415259,0.6576884,0.13260962
1356594661271,0.67111206,0.71340036,0.20166412,0.031775802,0.24409041,-0.96923167,-0.7406745,0.65687114,0.14114317
1356594661310,0.67313707,0.71053684,0.20499694,0.027234703,0.25319698,-0.9670313,-0.739016,0.6565277,0.15108503
1356594661349,0.6755495,0.7070754,0.2089912,0.021894634,0.26408628,-0.96425056,-0.7369896,0.65597475,0.16292217
1356594661389,0.67793834,0.7036869,0.2126601,0.014502585,0.27642775,-0.9609253,-0.7349757,0.65453225,0.1771957
1356594661429,0.6803247,0.70006615,0.21694624,0.0065335035,0.29020163,-0.9569432,-0.7328817,0.65244955,0.19285746
1356594661472,0.6830791,0.6950953,0.22415513,0.0013488829,0.30571574,-0.952122,-0.73034316,0.65067697,0.20789044
1356594661510,0.68614167,0.6884811,0.23495418,0.0010415912,0.32204518,-0.9467237,-0.72746724,0.6498313,0.22025149
1356594661552,0.689371,0.6803459,0.24879098,0.0055240095,0.3384932,-0.9409526,-0.72438735,0.65003973,0.22958918
1356594661590,0.6921203,0.6719285,0.26359344,0.012933224,0.35359433,-0.9353094,-0.7216662,0.65075576,0.23603965
1356594661628,0.6940826,0.6645919,0.27670717,0.021417439,0.36513808,-0.930707,-0.71957666,0.6519139,0.23920214
1356594661671,0.695078,0.65909827,0.2871518,0.030086488,0.37239602,-0.9275861,-0.7183045,0.6533841,0.23901431
1356594661709,0.6949754,0.6564474,0.29340422,0.037634462,0.3742852,-0.9265497,-0.718048,0.65497136,0.23541394
1356594661751,0.69337404,0.6581514,0.29337567,0.041621357,0.36987936,-0.928147,-0.71937484,0.6557637,0.22907159
1356594661790,0.68941593,0.6667556,0.28309482,0.03809911,0.3568996,-0.93336546,-0.7233631,0.65426266,0.22064947
1356594661830,0.681295,0.68575764,0.25607336,0.02222994,0.3302788,-0.94362164,-0.7316714,0.6485772,0.20977296
1356594661870,0.66655827,0.7162786,0.20650679,-0.009028614,0.28475872,-0.9585567,-0.7453983,0.6370694,0.19627528
1356594661910,0.6422558,0.7550818,0.13175347,-0.05489841,0.21676609,-0.97467875,-0.76452184,0.61876,0.18067208
1356594661949,0.6079177,0.7930713,0.038392305,-0.10756683,0.13016824,-0.9856398,-0.78668004,0.5950582,0.1644397
1356594661993,0.5676644,0.8211371,-0.05908504,-0.15604028,0.036848724,-0.98706317,-0.808337,0.56954026,0.14904815
1356594662029,0.5333326,0.83453715,-0.13821736,-0.18996081,-0.041064143,-0.9809325,-0.8243004,0.54941916,0.13662854
1356594662072,0.5143236,0.8374386,-0.18484545,-0.20656899,-0.08821985,-0.9744467,-0.8323463,0.5393643,0.12761533
1356594662127,0.5119367,0.83620477,-0.19667825,-0.20764089,-0.101709366,-0.97290313,-0.8335502,0.53890324,0.12156157
1356594662156,0.52917695,0.83256304,-0.1637395,-0.18783143,-0.07324523,-0.97946644,-0.82746065,0.5490664,0.117621824
1356594662187,0.56014895,0.82479453,-0.07711795,-0.13794386,0.0010771155,-0.99043953,-0.816826,0.5654316,0.114378646
1356594662223,0.59504384,0.8006464,0.069915,-0.04737994,0.121787354,-0.99142474,-0.80229545,0.5866286,0.1104034
1356594662266,0.61338675,0.7414594,0.2720194,0.0890826,0.27727214,-0.95665276,-0.7847426,0.61103034,0.10402393
1356594662308,0.5937232,0.6456304,0.48026466,0.24458271,0.42381164,-0.8721026,-0.76659775,0.635252,0.09371677
1356594662352,0.5440905,0.5503084,0.6333452,0.37215412,0.51825047,-0.77001154,-0.75197524,0.65465796,0.07717565
1356594662389,0.48775074,0.48914194,0.72307634,0.4526595,0.56652784,-0.6885823,-0.74645734,0.6631639,0.054909647
1356594662431,0.4411165,0.48443815,0.75547063,0.4803923,0.5835834,-0.65471643,-0.7580497,0.6517286,0.024707913
1356594662470,0.4000786,0.522631,0.75285727,0.4719349,0.58669716,-0.65807587,-0.78563005,0.6185817,-0.011922836
1356594662512,0.35957512,0.5984873,0.7159041,0.4360307,0.5705353,-0.6959646,-0.82497454,0.56240773,-0.055808544
1356594662550,0.3141647,0.6704239,0.67218477,0.404777,0.54586107,-0.7336153,-0.85875267,0.502561,-0.09988189
1356594662606,0.2701726,0.7163191,0.6433457,0.39310625,0.52789485,-0.7528575,-0.87890506,0.45630473,-0.1389668
1356594662629,0.23533404,0.7232542,0.64924663,0.40084222,0.5363236,-0.74275327,-0.8854057,0.4350406,-0.16369563
1356594662669,0.21468216,0.69309866,0.68813205,0.41855824,0.5712935,-0.7059977,-0.8824514,0.43958843,-0.16745561
1356594662711,0.20889968,0.63359857,0.7449254,0.43946448,0.61966497,-0.65029716,-0.8736315,0.46321514,-0.14899623
1356594662749,0.21599728,0.56012845,0.79975086,0.46090022,0.6635947,-0.5892479,-0.8607649,0.49588126,-0.114828646
1356594662789,0.23366731,0.4827637,0.84400165,0.4827637,0.69587517,-0.53169256,-0.84400165,0.53169256,-0.07045752
1356594662830,0.2598383,0.41249648,0.87311554,0.5028795,0.7140883,-0.48702177,-0.82437634,0.5656188,-0.021888494
1356594662871,0.29269832,0.3554411,0.8876877,0.51783156,0.7215093,-0.4596465,-0.8038521,0.59421045,0.027125955
1356594662909,0.33140734,0.3200273,0.8875538,0.5233695,0.72035474,-0.45516303,-0.7850182,0.61536294,0.07123834
1356594662953,0.37334043,0.30468857,0.8762316,0.5180335,0.7150747,-0.46937126,-0.76958317,0.6291526,0.1091274
1356594662990,0.42098516,0.31853926,0.84929633,0.49624753,0.7028791,-0.5096071,-0.75928247,0.63599825,0.13782734
1356594663031,0.46808803,0.36188555,0.8061839,0.4545771,0.6837287,-0.5708544,-0.75779504,0.63368285,0.15554035
1356594663070,0.51407504,0.43945158,0.73662007,0.387515,0.64715755,-0.65652055,-0.76521826,0.62295216,0.16239348
1356594663110,0.54711103,0.5434448,0.63666093,0.2985435,0.5838866,-0.7549491,-0.78201103,0.603112,0.15720892
1356594663150,0.5605909,0.65486175,0.5068471,0.19970697,0.4870867,-0.85021394,-0.80365103,0.5778431,0.14227593
1356594663190,0.55587125,0.74478817,0.36918536,0.11319944,0.37216398,-0.9212382,-0.82352483,0.5538814,0.12256563
1356594663229,0.5454037,0.79964477,0.25120312,0.052678645,0.26640794,-0.96241975,-0.83651644,0.5381403,0.10317567
1356594663269,0.5413871,0.82410717,0.16657564,0.017384738,0.18710715,-0.9821857,-0.8405937,0.5346385,0.08697051
1356594663310,0.5474424,0.8291917,0.11290744,-0.0012869537,0.13575469,-0.99074167,-0.8368424,0.54222864,0.075385034
1356594663350,0.562313,0.8224347,0.08605373,-0.0082473755,0.10963738,-0.9939375,-0.8268834,0.5581943,0.06843345
1356594663393,0.5851935,0.80632216,0.08598298,-0.0027769208,0.10802698,-0.994144,-0.8108889,0.5815279,0.06545581
1356594663429,0.6108663,0.7838725,0.11129376,0.017268836,0.12734467,-0.99170816,-0.7915454,0.607723,0.064253986
1356594663472,0.63801914,0.75260174,0.16285649,0.05683735,0.16489075,-0.9846728,-0.76792,0.63749635,0.062427565
1356594663510,0.656259,0.71651447,0.2364977,0.116248935,0.21367958,-0.9699624,-0.74552685,0.6640392,0.0569351
1356594663549,0.6569972,0.6890832,0.30580866,0.1777739,0.2525936,-0.9511009,-0.732633,0.6792354,0.043452293
1356594663605,0.63582116,0.6885387,0.3487779,0.22112137,0.2704433,-0.93699825,-0.7394842,0.67288554,0.019702941
1356594663629,0.5948661,0.7246719,0.34782904,0.23246773,0.25913066,-0.9374487,-0.7694759,0.6385154,-0.0143148005
1356594663672,0.53998333,0.7834959,0.3074934,0.22227347,0.21962109,-0.9499269,-0.8117959,0.58129233,-0.05555865
1356594663710,0.48515415,0.83383024,0.26334867,0.21701288,0.17693067,-0.96000046,-0.8470719,0.52289826,-0.09511328
1356594663748,0.44578272,0.8593441,0.2506101,0.22653154,0.16255186,-0.9603439,-0.86600304,0.48487586,-0.122205764
1356594663789,0.4264877,0.85953474,0.28161734,0.24507117,0.18989465,-0.95072615,-0.87065977,0.47448933,-0.1296595
1356594663828,0.42476517,0.8349983,0.3497889,0.26786524,0.25315595,-0.92960215,-0.86476743,0.4885589,-0.11613518
1356594663868,0.434243,0.78795874,0.436525,0.29454935,0.3337544,-0.89546007,-0.8512777,0.51742536,-0.0871622
1356594663909,0.45112172,0.7210083,0.5259621,0.325359,0.41591218,-0.84921056,-0.83104193,0.55422384,-0.04695952
1356594663948,0.47164255,0.64843917,0.5975617,0.35453105,0.48103714,-0.8018173,-0.8073791,0.5900253,-0.0030142665
1356594663989,0.49520722,0.57839197,0.64825344,0.37779123,0.52856,-0.7601962,-0.7823322,0.6213591,0.043235302
1356594664029,0.5223994,0.5269756,0.67036974,0.38640848,0.5545168,-0.73702073,-0.76012325,0.6440557,0.086051434
1356594664069,0.55151176,0.49916634,0.66833204,0.3775169,0.5650927,-0.73358786,-0.74385196,0.65688896,0.12321153
1356594664108,0.5821538,0.5024704,0.6392344,0.3455645,0.55874956,-0.75391257,-0.73599064,0.6597898,0.15164223
1356594664146,0.6097202,0.53896177,0.5811726,0.2881892,0.5323051,-0.79598886,-0.73836875,0.65281814,0.16923419
1356594664199,0.6218804,0.6180405,0.48092687,0.19697474,0.4709299,-0.8598988,-0.75793517,0.62948465,0.17112371
1356594664239,0.61617184,0.70877695,0.34346396,0.08981192,0.37000874,-0.9246769,-0.78247434,0.60060704,0.16433236
1356594664281,0.58701104,0.7828809,0.20619315,-7.4985623E-4,0.2552175,-0.9668834,-0.8095786,0.56741655,0.15040252
1356594664320,0.5521225,0.8287207,0.09155765,-0.06332958,0.1511789,-0.9864757,-0.8313544,0.5388571,0.1359518
1356594664360,0.5266288,0.84999895,0.012804121,-0.09879315,0.07615471,-0.99218976,-0.8443353,0.5212507,0.1240793
1356594664408,0.5202731,0.85350776,-0.028989524,-0.115819484,0.03688681,-0.9925852,-0.84610975,0.5197729,0.11804403
1356594664450,0.5277307,0.84847033,-0.03998074,-0.12052891,0.028207868,-0.992309,-0.840817,0.5284908,0.11715132
1356594664488,0.5472512,0.8366837,-0.021830589,-0.11265588,0.047789305,-0.99248415,-0.829352,0.5455975,0.12041007
1356594664530,0.57735956,0.8159318,0.030186504,-0.08567646,0.09730935,-0.9915596,-0.8119825,0.56990016,0.1260886
1356594664605,0.61410576,0.7799907,0.12036854,-0.030383557,0.17576738,-0.9839627,-0.7886386,0.60059994,0.13163868
1356594664607,0.6441852,0.72529656,0.24283794,0.057234824,0.2708892,-0.96090746,-0.7627251,0.6329012,0.13299061
1356594664646,0.65099114,0.6624752,0.3705902,0.16124669,0.35637912,-0.9203225,-0.74176145,0.65887827,0.12517771
1356594664693,0.62406266,0.6245749,0.469523,0.24832949,0.41120586,-0.8770645,-0.74086314,0.66393965,0.101517886
1356594664736,0.5682763,0.62060046,0.5402936,0.30585688,0.45025778,-0.8388799,-0.7638806,0.6419681,0.06605592
1356594664788,0.49170747,0.65655255,0.5719812,0.32353166,0.4721003,-0.82002956,-0.80842495,0.5882687,0.01971972
1356594664828,0.4141031,0.67587936,0.6096767,0.34155157,0.5054816,-0.7923578,-0.84371865,0.5363538,-0.021526158
1356594664869,0.35528278,0.6649958,0.6569282,0.36547193,0.54801583,-0.75240207,-0.8603513,0.5074043,-0.048336744
1356594664908,0.31844643,0.6224992,0.7149032,0.3971491,0.59717226,-0.69689155,-0.8607349,0.5058458,-0.05705762
1356594664950,0.30363342,0.55269337,0.7761036,0.43709433,0.64298785,-0.6289,-0.846614,0.5301855,-0.046346545
1356594664988,0.302002,0.4774536,0.82512593,0.4774536,0.673406,-0.56441325,-0.82512593,0.56441325,-0.024591982
1356594665047,0.314444,0.3964426,0.8625302,0.518054,0.6897177,-0.50587505,-0.7954528,0.60590655,0.011498928
1356594665073,0.33485654,0.3332219,0.881382,0.5468504,0.6930171,-0.46976787,-0.76734984,0.63928896,0.04983878
1356594665103,0.35881785,0.29233187,0.8864491,0.5626934,0.68997884,-0.45530802,-0.74473214,0.66217166,0.08308351
1356594665165,0.3830939,0.26477987,0.88494676,0.56584966,0.6899669,-0.45139766,-0.730105,0.67367446,0.11449653
1356594665187,0.41163823,0.25855917,0.8738999,0.55359036,0.6907829,-0.4651416,-0.72394174,0.6752526,0.14121681
1356594665226,0.44052845,0.27376407,0.8549783,0.5256859,0.69334906,-0.49287054,-0.7277286,0.6665735,0.16152608
1356594665263,0.4676063,0.31355035,0.82645667,0.48152035,0.69371283,-0.53563106,-0.7412709,0.6484201,0.17340362
1356594665309,0.48797712,0.37969583,0.7859449,0.42165065,0.6858567,-0.5931368,-0.76425713,0.6208314,0.17458338
1356594665353,0.49860153,0.46937567,0.72875434,0.34957504,0.6604357,-0.6645464,-0.79321736,0.5860982,0.16521221
1356594665390,0.5008974,0.5646445,0.65595615,0.27670693,0.6136379,-0.7395146,-0.8200824,0.5519285,0.15112859
1356594665431,0.49560106,0.64854103,0.57773185,0.21498811,0.5528692,-0.80505633,-0.8415222,0.5231923,0.13457394
1356594665470,0.49241808,0.7098969,0.50355804,0.16975003,0.4891207,-0.85553837,-0.8536447,0.50676155,0.120346844
1356594665512,0.49789402,0.7428756,0.44747886,0.14566222,0.43701676,-0.88758034,-0.8549175,0.5071017,0.10937914
1356594665550,0.51007265,0.75526357,0.4115858,0.13648212,0.40138412,-0.905684,-0.8492341,0.51813877,0.101655096
1356594665608,0.5288408,0.7496195,0.39799258,0.14224568,0.3840148,-0.91230416,-0.83671594,0.5390763,0.096452534
1356594665628,0.55139816,0.72766554,0.4079985,0.163809,0.38510516,-0.9082183,-0.81800157,0.5676238,0.09314814
1356594665670,0.57440126,0.69036674,0.4398374,0.20200676,0.4011543,-0.89345866,-0.7932568,0.60205394,0.090964794
1356594665709,0.5926688,0.6408724,0.48787934,0.2557311,0.42465878,-0.8684852,-0.7637705,0.63949,0.087790966
1356594665749,0.59776163,0.5907246,0.54196453,0.31774533,0.44609135,-0.83668417,-0.73601556,0.6723444,0.078956306
1356594665790,0.5811953,0.56068325,0.58978504,0.37389037,0.45974606,-0.8055058,-0.72278494,0.6886712,0.057568192
1356594665829,0.53997505,0.56280696,0.62583965,0.4141295,0.4696742,-0.7796813,-0.73275083,0.6801871,0.020537347
1356594665871,0.47320506,0.60100573,0.6441034,0.43375617,0.47742406,-0.7641478,-0.7667676,0.64098245,-0.03477043
1356594665908,0.39571065,0.64227104,0.6564305,0.44753122,0.4893034,-0.74853057,-0.8019532,0.5899747,-0.09381378
1356594665949,0.32678023,0.6663885,0.6701798,0.46178007,0.50612175,-0.7284229,-0.82460517,0.5475099,-0.1423344
1356594665990,0.27980354,0.6613579,0.695928,0.4780059,0.53267676,-0.69840235,-0.83259857,0.52807313,-0.16708809
1356594666029,0.25901014,0.62930083,0.7327306,0.49351922,0.56588817,-0.6604614,-0.83027256,0.5326829,-0.16400129
1356594666070,0.2601134,0.57739896,0.7739195,0.50790614,0.5998471,-0.6182352,-0.82120174,0.5538897,-0.13723624
1356594666109,0.27580696,0.51593584,0.81101215,0.52167875,0.6283159,-0.5771225,-0.80733,0.5822622,-0.09585887
1356594666149,0.30103064,0.45240876,0.83946824,0.534258,0.6491667,-0.54143417,-0.78990436,0.61148095,-0.04628396
1356594666189,0.3312953,0.39409935,0.8572801,0.54317087,0.66326976,-0.5148191,-0.7714978,0.6362067,0.0056748986
1356594666228,0.36299473,0.34748504,0.8645745,0.5454014,0.67307484,-0.49950737,-0.75549465,0.6528587,0.05480379
1356594666269,0.39367235,0.31719333,0.86279225,0.53870255,0.6809225,-0.49612913,-0.7448635,0.6601007,0.09718752
1356594666309,0.4215002,0.3071252,0.853236,0.52097166,0.68812096,-0.5050525,-0.74224395,0.6573915,0.13003957
1356594666348,0.44593698,0.31972957,0.8360103,0.49153697,0.69309735,-0.5272641,-0.74801844,0.64605653,0.15191883
1356594666390,0.46228603,0.3571685,0.81161714,0.44918203,0.6948446,-0.56162846,-0.7645438,0.62419677,0.16078323
1356594666438,0.46749306,0.4244029,0.77545625,0.39265305,0.68623906,-0.6122904,-0.7920062,0.59072673,0.1541689
1356594666480,0.4675291,0.50623083,0.7246702,0.33212918,0.6591238,-0.67471915,-0.819211,0.556135,0.1400255
1356594666518,0.4612682,0.5835803,0.6683305,0.27937222,0.6194082,-0.7336789,-0.8421299,0.5251357,0.12267715
1356594666559,0.45641387,0.64527595,0.6126217,0.23942412,0.5740561,-0.78302985,-0.8569495,0.5040621,0.10751253
1356594666599,0.45976084,0.6851317,0.56499064,0.21431102,0.53181374,-0.8192954,-0.86179507,0.49776366,0.09767586
1356594666636,0.47191712,0.70511127,0.52925634,0.20144159,0.49819174,-0.8433423,-0.8583213,0.50460196,0.09306651
1356594666678,0.49329546,0.70552635,0.5088146,0.20149216,0.47634998,-0.85585725,-0.84620357,0.5247127,0.09282327
1356594666726,0.5226984,0.6861454,0.50595534,0.21668236,0.46706757,-0.8572611,-0.8245212,0.5577206,0.09545985
1356594666769,0.55042005,0.65352154,0.51956457,0.24485862,0.4685895,-0.84880394,-0.7981742,0.5944186,0.09790066
1356594666816,0.5758641,0.6099812,0.54433763,0.28883672,0.4710838,-0.83345866,-0.7648227,0.63718367,0.09509528
1356594666858,0.5837117,0.5692792,0.5789662,0.34192958,0.47439682,-0.81119156,-0.7364542,0.67146766,0.08225757
1356594666906,0.56313825,0.5606944,0.6070396,0.38675046,0.47034803,-0.7932192,-0.7302735,0.6814649,0.04802212
1356594666951,0.5154084,0.57975537,0.63106096,0.42043608,0.47060898,-0.77573234,-0.74671793,0.66513973,-0.0011942983
1356594666997,0.43773532,0.6324029,0.6391044,0.4346173,0.47342825,-0.76614195,-0.78708047,0.61313325,-0.06761694
1356594667039,0.36150295,0.6690511,0.6493737,0.4473167,0.4866327,-0.75039744,-0.8180607,0.5617466,-0.12335855
1356594667078,0.30912834,0.6786024,0.66628706,0.4591504,0.5070448,-0.7294426,-0.8328389,0.53141737,-0.15483862
1356594667118,0.28642386,0.66082454,0.693738,0.47063646,0.5336546,-0.702648,-0.83454347,0.52775353,-0.1581567
1356594667159,0.29081005,0.61986583,0.7288318,0.48312348,0.5623735,-0.6710646,-0.8258458,0.54726815,-0.13592786
1356594667198,0.31093293,0.56767046,0.76228017,0.49706563,0.58648056,-0.63950473,-0.8100905,0.57774633,-0.09981334
1356594667239,0.34231645,0.5083058,0.79021806,0.5114933,0.6046725,-0.61052907,-0.7881586,0.6131854,-0.053005695
1356594667278,0.37716332,0.4537487,0.8073785,0.5216597,0.6162382,-0.5900185,-0.76525754,0.64371014,-0.004279971
1356594667319,0.4124757,0.4075929,0.8146974,0.524589,0.6248742,-0.57822025,-0.7447618,0.66588306,0.043926656
1356594667357,0.4470306,0.3751279,0.8120607,0.51824296,0.6313309,-0.57692766,-0.7291007,0.6787491,0.087816834
1356594667398,0.4796109,0.35974008,0.80035025,0.5017371,0.63585585,-0.58647007,-0.7198842,0.6828429,0.124468446
1356594667438,0.50888026,0.36496136,0.77964354,0.4730864,0.63808525,-0.60748374,-0.71918714,0.6779753,0.15205076
1356594667477,0.53380656,0.39344966,0.74849707,0.43051636,0.6354004,-0.641032,-0.72780913,0.6644273,0.16979444
1356594667518,0.5506883,0.44603878,0.7055435,0.37386084,0.6239316,-0.6862488,-0.7463045,0.6416843,0.17683539
1356594667558,0.5570968,0.5200317,0.6474645,0.3056783,0.5965076,-0.74211824,-0.7721425,0.61134756,0.17335007
1356594667607,0.5524747,0.6040725,0.5743414,0.23407133,0.548884,-0.8024568,-0.799989,0.57777387,0.16184843
1356594667640,0.5404189,0.68273354,0.49175435,0.16968894,0.48400438,-0.8584553,-0.82410747,0.5473708,0.1457128
1356594667678,0.5307876,0.74228925,0.40898794,0.118720055,0.41269776,-0.903098,-0.83914834,0.5279083,0.13093024
1356594667720,0.5307934,0.7766346,0.3392596,0.08523744,0.34935534,-0.93310523,-0.8432039,0.5242038,0.119237185
1356594667758,0.5402117,0.7924092,0.2833005,0.062319726,0.29805475,-0.9525123,-0.8392185,0.5322135,0.1116299
1356594667800,0.5602877,0.79068255,0.24677667,0.050955743,0.26446512,-0.9630481,-0.8267292,0.5521587,0.10788673
1356594667846,0.59086454,0.77165544,0.2354292,0.054915935,0.25267103,-0.9659925,-0.8048996,0.5836995,0.106918186
1356594667890,0.6223697,0.7408945,0.25245062,0.07759452,0.2625389,-0.9617965,-0.77886784,0.6181818,0.105906904
1356594667928,0.64858437,0.7016542,0.2949911,0.121261805,0.28735974,-0.9501158,-0.7514212,0.6520014,0.10129318
1356594667970,0.65845406,0.66413736,0.3540621,0.18124428,0.31666902,-0.9310593,-0.73047173,0.6772315,0.088140875
1356594668010,0.64248437,0.6502317,0.40547806,0.2373312,0.3342756,-0.912104,-0.72862035,0.68224514,0.06044656
1356594668048,0.6038924,0.66763765,0.43540075,0.27568668,0.337584,-0.9000188,-0.7478708,0.6635487,0.01980558
1356594668091,0.5481735,0.7233061,0.4199214,0.28442353,0.31093696,-0.90687454,-0.786517,0.6165602,-0.035277903
1356594668138,0.48858073,0.78223085,0.38652772,0.2891409,0.27281567,-0.9175887,-0.8232171,0.5600772,-0.092882425
1356594668178,0.44306323,0.8110162,0.38203108,0.30714038,0.2630286,-0.9145932,-0.84223497,0.52255976,-0.13255751
1356594668238,0.41749343,0.80541855,0.4207139,0.33366495,0.2947698,-0.89542085,-0.8452023,0.5142098,-0.14567548
1356594668257,0.40580702,0.7646713,0.50059813,0.36762762,0.36489373,-0.8553961,-0.836762,0.53115946,-0.13303787
1356594668297,0.40050414,0.6867012,0.60666126,0.41147828,0.45677975,-0.7886937,-0.8187075,0.56550306,-0.09962046
1356594668333,0.39601216,0.58473986,0.70799273,0.46072313,0.54042196,-0.7040442,-0.7942975,0.6049987,-0.055389524
1356594668377,0.39255753,0.47553903,0.78724915,0.5078714,0.60154533,-0.61661166,-0.7667889,0.6418769,-0.005371511
1356594668417,0.395202,0.38427436,0.8343552,0.54188967,0.6358925,-0.5495419,-0.74173516,0.6693085,0.043071687
1356594668457,0.40764558,0.32363123,0.85386646,0.55716026,0.6526977,-0.5133792,-0.7234622,0.6850172,0.08575487
1356594668496,0.43452007,0.30406588,0.8477831,0.54805446,0.65769786,-0.516788,-0.71472275,0.6891861,0.11913824
1356594668536,0.47543532,0.33016914,0.81544447,0.5084763,0.65327364,-0.5609683,-0.7179228,0.6813383,0.14270616
1356594668604,0.5281293,0.4084074,0.74450177,0.42824596,0.6289897,-0.6488277,-0.73327,0.66149485,0.15728909
1356594668619,0.5786176,0.53675866,0.6140781,0.2996081,0.5603908,-0.7721381,-0.7585755,0.6307554,0.16343468
1356594668661,0.59903735,0.68763876,0.4102525,0.13219145,0.42039472,-0.89766014,-0.78973395,0.59196377,0.16093221
1356594668698,0.57686454,0.79639614,0.18160528,-0.02105236,0.23674823,-0.9713429,-0.81656843,0.5565101,0.15333769
1356594668738,0.53642714,0.84394526,0.0015241802,-0.11890563,0.07736638,-0.98988676,-0.83552814,0.53082085,0.14185129
1356594668782,0.50956285,0.8530804,-0.11224735,-0.16814265,-0.029213428,-0.9853297,-0.8438446,0.520961,0.12855314
1356594668818,0.50219464,0.84629965,-0.17770088,-0.19185165,-0.09133431,-0.9771648,-0.8432044,0.5248191,0.116496354
1356594668858,0.51446235,0.83292687,-0.20386618,-0.19886962,-0.11536908,-0.97321165,-0.8341339,0.5412235,0.1062908
1356594668900,0.5403222,0.81724,-0.2004264,-0.1938299,-0.110902995,-0.9747464,-0.8188296,0.5655258,0.09848215
1356594668938,0.57721233,0.7994587,-0.16640815,-0.17341083,-0.079131335,-0.98166525,-0.797969,0.5954863,0.092959255
1356594668980,0.62056464,0.7780087,-0.09798971,-0.13046697,-0.020780817,-0.9912349,-0.77322567,0.6279098,0.08860858
1356594669020,0.6624422,0.7491002,0.00438267,-0.05877027,0.057802156,-0.99659675,-0.7468041,0.65993017,0.082315385
1356594669058,0.68566746,0.717209,0.12438434,0.03459984,0.1385721,-0.98974776,-0.72709215,0.68294156,0.07019907
1356594669100,0.6769402,0.7066268,0.20598686,0.109814644,0.17976493,-0.9775609,-0.7277999,0.68437064,0.04409212
1356594669148,0.6347506,0.7425828,0.2136878,0.14194629,0.1597799,-0.9768939,-0.7595676,0.65041614,-0.0039865077
1356594669188,0.57889265,0.7908518,0.19858709,0.16618133,0.124005534,-0.97826713,-0.79829013,0.5993131,-0.059638917
1356594669232,0.5258463,0.8316289,0.17854688,0.19079018,0.089240626,-0.97756594,-0.8289057,0.5481145,-0.111739755
1356594669269,0.48837996,0.8512466,0.19200072,0.22238937,0.091346845,-0.9706692,-0.8438175,0.5167543,-0.14469624
1356594669310,0.4701379,0.84658134,0.24954033,0.25436926,0.14077014,-0.95680726,-0.84514296,0.51330674,-0.14916286
1356594669350,0.46499744,0.817418,0.34000748,0.2854676,0.22510126,-0.931578,-0.8380248,0.5302425,-0.12867483
1356594669392,0.46845254,0.75754935,0.454611,0.32136613,0.33320656,-0.8863957,-0.8229678,0.5613309,-0.08735925
1356594669430,0.47389215,0.6783513,0.5614854,0.3612328,0.43175447,-0.82649803,-0.80307984,0.5944979,-0.04043764
1356594669473,0.48022822,0.58248395,0.65581506,0.405591,0.5154773,-0.75483716,-0.7777383,0.62848675,0.011296451
1356594669510,0.49106526,0.5015699,0.7122378,0.43791196,0.5646575,-0.69956774,-0.75305253,0.65543085,0.057640254
1356594669549,0.5067967,0.44374645,0.7390847,0.45437425,0.5910846,-0.6664555,-0.7325989,0.6735785,0.097932756
1356594669608,0.5331549,0.42339712,0.7324484,0.443542,0.59735274,-0.66816175,-0.7204278,0.6811054,0.13068718
1356594669629,0.5704356,0.44842106,0.6881291,0.39632076,0.5835454,-0.7088051,-0.7193977,0.6770475,0.15515652
1356594669669,0.6121773,0.52283126,0.5932002,0.30304268,0.5377903,-0.7867317,-0.73034525,0.6613842,0.17078283
1356594669710,0.63976544,0.6367294,0.43043685,0.1612281,0.43640155,-0.8851888,-0.751469,0.6357118,0.17653596
1356594669751,0.6252534,0.753389,0.20362505,-0.006066501,0.26560074,-0.96406406,-0.78039825,0.6015491,0.17063822
1356594669790,0.56948185,0.8215927,-0.025998741,-0.14320704,0.06801894,-0.98735267,-0.8094332,0.56600267,0.15639341
1356594669832,0.5054164,0.8396412,-0.19888934,-0.2202116,-0.097351044,-0.9705821,-0.8343028,0.53434587,0.13569587
1356594669870,0.4603138,0.8313123,-0.3114982,-0.2566227,-0.21130055,-0.94313145,-0.8498565,0.51407397,0.11606904
1356594669912,0.44306105,0.814952,-0.37356406,-0.27244318,-0.27458835,-0.9221583,-0.8540911,0.5103474,0.10036868
1356594669950,0.44188654,0.7982159,-0.40937468,-0.2844804,-0.3081022,-0.9078238,-0.85076857,0.51761425,0.09093052
1356594669989,0.45565477,0.78443325,-0.42076498,-0.2945317,-0.3132029,-0.9028593,-0.84001774,0.5353207,0.08832815
1356594670029,0.48401108,0.7758053,-0.4047954,-0.29802197,-0.28879288,-0.90982497,-0.82274914,0.5610033,0.0914281
1356594670069,0.53237414,0.77279675,-0.3454895,-0.28128353,-0.22344708,-0.9332475,-0.7984092,0.5940173,0.09841752
1356594670106,0.60586715,0.7684873,-0.20579639,-0.21171516,-0.09360638,-0.9728383,-0.7668778,0.63298106,0.1059874
1356594670148,0.68196154,0.7286391,0.0633516,-0.036325127,0.12025444,-0.9920783,-0.73048544,0.674258,0.10847682
1356594670191,0.6784823,0.6129434,0.40492243,0.22718498,0.34910953,-0.9091257,-0.6986049,0.70881796,0.097613096
1356594670230,0.58948874,0.49333927,0.63962436,0.4302989,0.4783516,-0.7655211,-0.683627,0.7264958,0.069699556
1356594670271,0.50858736,0.47758543,0.71641546,0.5035859,0.5099086,-0.6974199,-0.698384,0.7154757,0.018827826
1356594670309,0.44970345,0.5296086,0.7192229,0.5133387,0.5057082,-0.6933561,-0.73092425,0.6810096,-0.044449806
1356594670351,0.40588084,0.60913527,0.6813332,0.49594232,0.47939196,-0.72403353,-0.76766,0.6317733,-0.107519984
1356594670391,0.3640874,0.6528782,0.66422164,0.491378,0.4711855,-0.7324834,-0.7911941,0.59307194,-0.1492573
1356594670429,0.3250593,0.64024067,0.69600886,0.50530005,0.5045243,-0.7000908,-0.79938,0.57926434,-0.1595133
1356594670468,0.2889684,0.57540244,0.76512057,0.5325925,0.5674957,-0.6279283,-0.79551405,0.5889489,-0.14246666
1356594670508,0.25690535,0.47533688,0.84145975,0.56698835,0.6309645,-0.5295357,-0.782639,0.6131384,-0.10741228
1356594670548,0.23203999,0.36359966,0.9021933,0.60178393,0.67503655,-0.42682764,-0.76420784,0.6419665,-0.06217295
1356594670604,0.21782947,0.2611344,0.9404037,0.63028085,0.69804174,-0.33982897,-0.74518204,0.66674316,-0.012533963
1356594670628,0.21531704,0.17762567,0.960254,0.64840555,0.70927256,-0.27659124,-0.73021156,0.6821888,0.037544966
1356594670668,0.22521633,0.11857957,0.9670659,0.6541261,0.71720636,-0.24027929,-0.722078,0.68669784,0.08396059
1356594670710,0.24835956,0.08846602,0.96461976,0.6458672,0.7270361,-0.23296775,-0.7219231,0.6808761,0.12342906
1356594670748,0.28890365,0.09693143,0.9524385,0.6213033,0.7379151,-0.26355928,-0.7283659,0.66789645,0.15296257
1356594670789,0.3487958,0.1564069,0.9240554,0.57160246,0.7458582,-0.34200323,-0.742706,0.6474816,0.17074966
1356594670830,0.43442804,0.29125857,0.85231495,0.4784187,0.7271341,-0.49233276,-0.7631434,0.6216466,0.17654389
1356594670873,0.5284472,0.51854026,0.672205,0.30918032,0.61986953,-0.72122765,-0.7906649,0.58896327,0.16724586
1356594670910,0.56897336,0.7347025,0.369434,0.09554422,0.3871369,-0.91705847,-0.81678677,0.5570792,0.150074
1356594670949,0.5410162,0.8365315,0.086697966,-0.060208797,0.1413486,-0.9881273,-0.8388542,0.5293729,0.12683843
1356594670989,0.5046646,0.85899174,-0.08629444,-0.13367164,-0.021003008,-0.990803,-0.8529041,0.5115583,0.104223415
1356594671029,0.48821083,0.8565253,-0.16737595,-0.15940931,-0.1010392,-0.9820285,-0.8580437,0.5061183,0.08720964
1356594671070,0.49191132,0.85051763,-0.18612623,-0.16131154,-0.121044785,-0.97945225,-0.85557103,0.51182795,0.07765503
1356594671109,0.51267874,0.845466,-0.14949197,-0.14203134,-0.08820149,-0.9859248,-0.8467512,0.5266952,0.07486363
1356594671151,0.5503645,0.8341749,-0.03537163,-0.08402923,0.0131905675,-0.996376,-0.83068526,0.5513422,0.0773547
1356594671189,0.5860395,0.78862166,0.18610111,0.043972254,0.19838296,-0.9791378,-0.80908847,0.5819967,0.081582755
1356594671250,0.57462895,0.6575747,0.48723415,0.24646628,0.42866024,-0.8691977,-0.7804204,0.61955297,0.08425057
1356594671266,0.48478714,0.4663085,0.739958,0.4459999,0.59596443,-0.6677654,-0.7523733,0.6537453,0.08094233
1356594671306,0.38305143,0.33471444,0.86095166,0.55792844,0.6589899,-0.5044286,-0.73619795,0.67357147,0.065680325
1356594671343,0.30186242,0.2847284,0.9098399,0.5993437,0.6855012,-0.41337043,-0.7413947,0.6700879,0.036276877
1356594671386,0.23965847,0.29636163,0.924518,0.5948224,0.7077882,-0.38108015,-0.7673005,0.6412531,-0.006655097
1356594671427,0.18610772,0.3346157,0.92379445,0.5708887,0.72839487,-0.37884957,-0.7996561,0.5978907,-0.05546838
1356594671469,0.1380319,0.36420202,0.9210343,0.5487899,0.74600464,-0.3772356,-0.82448584,0.55752486,-0.09689796
1356594671508,0.098834276,0.36147684,0.92712796,0.5379351,0.7644145,-0.35538197,-0.8371724,0.5338586,-0.11890072
1356594671547,0.07344347,0.32656497,0.942317,0.5381259,0.7825391,-0.3131342,-0.8396586,0.5300828,-0.11826068
1356594671596,0.06387821,0.2719018,0.9602026,0.548245,0.79440784,-0.2614259,-0.8338747,0.5431257,-0.098323464
1356594671624,0.06926164,0.21340041,0.9745066,0.56585264,0.7961024,-0.21455011,-0.8215921,0.5662873,-0.065613806
1356594671667,0.08687872,0.15669128,0.98381907,0.5873568,0.78959554,-0.1776257,-0.80465156,0.59328467,-0.023434639
1356594671706,0.114473104,0.10997854,0.98731995,0.6060983,0.7797154,-0.1571263,-0.78710914,0.61639965,0.022598624
1356594671746,0.14879453,0.074881315,0.98602897,0.61740065,0.77186644,-0.15178487,-0.7724486,0.6313597,0.0686177
1356594671786,0.1885454,0.057026207,0.9804074,0.61818594,0.7688171,-0.16360427,-0.76308376,0.6369209,0.10970414
1356594671826,0.23236525,0.06092477,0.97071856,0.6065597,0.77110803,-0.19359165,-0.76032346,0.63378274,0.1422242
1356594671866,0.27940214,0.0912115,0.95583206,0.57993627,0.7773562,-0.24370313,-0.7652505,0.62241286,0.16429812
1356594671908,0.32881516,0.15432908,0.93169904,0.5346833,0.7827889,-0.31836358,-0.77845633,0.6028466,0.17487568
1356594671952,0.37801555,0.25617465,0.88965094,0.46773735,0.7764453,-0.42232025,-0.79895306,0.57576656,0.17368597
1356594671990,0.42102504,0.39191288,0.81801116,0.38095516,0.74203914,-0.55158955,-0.8231714,0.5438586,0.1631158
1356594672030,0.44994253,0.5371942,0.7134242,0.28565288,0.6703178,-0.6848916,-0.84614074,0.5119536,0.14815342
1356594672069,0.46419507,0.65511715,0.5961077,0.20210142,0.57691693,-0.79140496,-0.86236763,0.4878405,0.1354019
1356594672111,0.47191066,0.7264397,0.49958542,0.14609227,0.49438554,-0.85687804,-0.8694581,0.47735548,0.12717858
1356594672150,0.48066583,0.75842756,0.4401682,0.11860293,0.44111732,-0.8895779,-0.86884624,0.47979492,0.12207827
1356594672193,0.496214,0.75569695,0.42742693,0.123526394,0.42585316,-0.89632046,-0.8593677,0.4975653,0.11796579
1356594672239,0.51623863,0.7189002,0.4654893,0.16553542,0.44950944,-0.8778037,-0.8402951,0.5302112,0.1130507
1356594672280,0.5281795,0.65595675,0.5392097,0.2361863,0.4964625,-0.8353089,-0.815624,0.568547,0.10729331
1356594672319,0.5273248,0.57707095,0.62363267,0.32339516,0.542416,-0.7753712,-0.7857125,0.6105523,0.099407434
1356594672360,0.51021093,0.49880826,0.7006247,0.41267097,0.5727468,-0.7082822,-0.75457764,0.65050083,0.08637801
1356594672403,0.47875223,0.44819784,0.75492716,0.48375475,0.5828987,-0.6528479,-0.7326511,0.677752,0.062246203
1356594672439,0.43637037,0.43433377,0.7879943,0.5277687,0.5857395,-0.6151175,-0.72872573,0.68429774,0.026371598
1356594672479,0.38678354,0.46930984,0.7938178,0.5369691,0.5852086,-0.60761416,-0.74970835,0.66127086,-0.025655866
1356594672518,0.3313104,0.5241554,0.78453463,0.5304408,0.5841793,-0.6143021,-0.78029865,0.6196739,-0.08448875
1356594672559,0.2783863,0.5727775,0.7709909,0.52158153,0.5838928,-0.6221108,-0.8065072,0.57532173,-0.1362024
1356594672608,0.23757264,0.5909306,0.7709476,0.5186266,0.5939152,-0.6150537,-0.8213316,0.5459538,-0.16537434
1356594672639,0.21444556,0.5716889,0.7919501,0.52093136,0.6189252,-0.5878453,-0.82622254,0.5386125,-0.16508496
1356594672677,0.20705861,0.52107495,0.8280143,0.5279723,0.6530124,-0.5429733,-0.8236334,0.54959595,-0.13990134
1356594672718,0.2109989,0.44847435,0.8685334,0.5409526,0.6864956,-0.48589513,-0.8141558,0.5723588,-0.097753584
1356594672758,0.22194767,0.36492747,0.90419424,0.5597058,0.71164644,-0.42460433,-0.7984164,0.6003227,-0.04630375
1356594672797,0.23642367,0.28572157,0.928691,0.58005834,0.7252808,-0.37080997,-0.77951014,0.6263632,0.0057383776
1356594672837,0.2527961,0.21878898,0.9424572,0.5976693,0.73070383,-0.3299444,-0.7608453,0.64668643,0.053955615
1356594672877,0.2714682,0.17149654,0.9470449,0.6076118,0.7325734,-0.30682924,-0.74640006,0.6587299,0.09466708
1356594672917,0.29331237,0.14865595,0.9443883,0.6050583,0.7359547,-0.30376822,-0.74018395,0.660509,0.1259191
1356594672956,0.3194107,0.15473492,0.9348978,0.5849446,0.7439892,-0.3229857,-0.7455311,0.6500285,0.1471268
1356594673000,0.35016227,0.19601105,0.91595095,0.54258543,0.7546514,-0.36892042,-0.76353616,0.6261636,0.15789771
1356594673042,0.38385993,0.282413,0.8791442,0.47322077,0.7573854,-0.4499216,-0.7929146,0.5887362,0.1570862
1356594673080,0.416696,0.40435547,0.8141628,0.3866099,0.7317609,-0.5613009,-0.82273763,0.5486553,0.14859402
1356594673119,0.4385226,0.5337734,0.72303796,0.2995474,0.6717074,-0.6775548,-0.8473307,0.5137072,0.13466847
1356594673160,0.4503626,0.6345041,0.6281545,0.23383388,0.59516466,-0.76883066,-0.8616817,0.49313638,0.119671345
1356594673199,0.45947525,0.68804,0.56167907,0.20129701,0.5352627,-0.82034945,-0.8650791,0.48999453,0.10743958
1356594673239,0.4701195,0.6994136,0.5383383,0.20015423,0.5095686,-0.83682615,-0.85960793,0.501159,0.09956756
1356594673279,0.48059303,0.6768164,0.55762875,0.22668959,0.518383,-0.8245549,-0.8471376,0.522684,0.09570405
1356594673319,0.4856602,0.62302715,0.613165,0.27967763,0.5538273,-0.7842549,-0.8281996,0.55236995,0.09472513
1356594673359,0.4788816,0.5412267,0.6911918,0.3554232,0.60039544,-0.7163796,-0.8027122,0.5887266,0.09515381
1356594673403,0.45669934,0.44375476,0.77104306,0.4441159,0.63725686,-0.6298133,-0.77083516,0.6300678,0.09395623
1356594673439,0.418111,0.3562168,0.8356392,0.52573174,0.65530014,-0.54239094,-0.7408032,0.6661017,0.08671373
1356594673482,0.37119925,0.3112387,0.87483805,0.5786458,0.65930927,-0.4800837,-0.72620946,0.6844281,0.06463814
1356594673520,0.31565967,0.30215812,0.8994773,0.6034385,0.667629,-0.4360429,-0.732271,0.6804204,0.02840972
1356594673561,0.25298214,0.33545494,0.90745246,0.59437925,0.68618417,-0.41936207,-0.76335657,0.64546204,-0.025795102
1356594673616,0.18696386,0.3741242,0.90833676,0.57381517,0.70891345,-0.41009504,-0.79735863,0.5978903,-0.08213693
1356594673638,0.12942243,0.39622143,0.9089875,0.5551084,0.7306397,-0.3975176,-0.8216473,0.5560343,-0.12538469
1356594673678,0.091139406,0.38635495,0.91783625,0.54595184,0.75143254,-0.37052077,-0.83284456,0.5348634,-0.1424461
1356594673718,0.076057374,0.34750116,0.93458986,0.54613703,0.76968646,-0.33063132,-0.8342359,0.5355611,-0.13124293
1356594673758,0.081992984,0.29081333,0.95326006,0.55471987,0.78131276,-0.28607023,-0.8279873,0.55224806,-0.09725779
1356594673798,0.10280931,0.23204228,0.9672572,0.5696155,0.7834478,-0.24849103,-0.815456,0.57651186,-0.051629126
1356594673838,0.13324764,0.17883283,0.9748148,0.58806044,0.7774647,-0.22301044,-0.7977656,0.60296565,-0.0015691519
1356594673878,0.16950771,0.13779446,0.97584826,0.6051922,0.7669385,-0.2134191,-0.7778236,0.62675196,0.04660982
1356594673919,0.20898464,0.11234909,0.97144383,0.6162564,0.75618505,-0.22002797,-0.75931114,0.6446409,0.088795245
1356594673958,0.25066566,0.107289284,0.96211,0.61662817,0.7484492,-0.2441177,-0.7462817,0.65445614,0.12145293
1356594674000,0.29215512,0.123771936,0.94832796,0.6019225,0.7467638,-0.28290123,-0.74319226,0.65347093,0.14366978
1356594674038,0.3356799,0.16606176,0.9272229,0.5692935,0.7484682,-0.3401472,-0.7504824,0.64204264,0.15670782
1356594674079,0.37644058,0.23616132,0.8958349,0.5162307,0.7494631,-0.4145008,-0.76928425,0.6184924,0.1602146
1356594674121,0.41269997,0.3384925,0.8456368,0.44332057,0.7363657,-0.5111091,-0.79570454,0.58582294,0.15383738
1356594674159,0.44019347,0.46163636,0.77014387,0.3601892,0.6948932,-0.6224044,-0.82249224,0.5513759,0.139611
1356594674199,0.45606503,0.58008176,0.6749147,0.28267664,0.62468016,-0.7279208,-0.84385943,0.5227618,0.12091923
1356594674256,0.46517232,0.6691044,0.5795809,0.22521132,0.5437343,-0.8084757,-0.8560926,0.50660866,0.102240264
1356594674288,0.4779471,0.71494746,0.51031035,0.1991305,0.47764662,-0.85568726,-0.8555195,0.5105916,0.08592197
1356594674323,0.49258158,0.7314166,0.4715858,0.1913651,0.43759015,-0.87857515,-0.8489657,0.52301496,0.07558125
1356594674363,0.50955105,0.72332865,0.4659971,0.20209754,0.42581877,-0.8819495,-0.83636963,0.5435752,0.07079348
1356594674406,0.52605814,0.69070226,0.49617863,0.23544197,0.44234776,-0.8653875,-0.81720865,0.5720654,0.07008031
1356594674448,0.5362262,0.6339824,0.55725014,0.29330248,0.47909945,-0.8273073,-0.7914765,0.6070667,0.070957065
1356594674493,0.53314644,0.5606549,0.6335778,0.37022185,0.5187672,-0.77059484,-0.76071715,0.6454042,0.069012195
1356594674529,0.5105792,0.49325374,0.7042794,0.44783792,0.54666257,-0.70753175,-0.7339959,0.67665404,0.05821681
1356594674569,0.47290167,0.4634143,0.7494073,0.50290525,0.5564191,-0.6614258,-0.7234987,0.6896702,0.030078053
1356594674608,0.42371348,0.479744,0.7683181,0.53010213,0.55646014,-0.6397999,-0.73447853,0.6783789,-0.018533647
1356594674648,0.36703637,0.5285036,0.76548564,0.53780717,0.5508744,-0.6382013,-0.7589781,0.6459268,-0.0820421
1356594674693,0.31050315,0.57690364,0.7554932,0.5415259,0.5458446,-0.6393773,-0.781241,0.60764784,-0.1429218
1356594674727,0.26500124,0.5977597,0.7566093,0.54843414,0.5519453,-0.628153,-0.79309165,0.5814118,-0.1815657
1356594674767,0.2378886,0.5838837,0.7762014,0.5565247,0.5730189,-0.6016058,-0.79604596,0.5750904,-0.18863106
1356594674807,0.23017257,0.53671074,0.8117649,0.56524014,0.60529155,-0.56046927,-0.79216427,0.58784676,-0.16404891
1356594674846,0.2377918,0.4717398,0.8490681,0.5751985,0.63599503,-0.5144483,-0.7826888,0.6107142,-0.12010962
1356594674886,0.25676346,0.39883327,0.8803434,0.58645993,0.65972,-0.46993,-0.7682039,0.636947,-0.06450778
1356594674926,0.28359145,0.33146903,0.8998356,0.5952252,0.6748674,-0.436189,-0.75185287,0.6593043,-0.005912125
1356594674966,0.31521678,0.27916127,0.9070322,0.59699726,0.6846292,-0.41818306,-0.73772126,0.673314,0.049148083
1356594675006,0.34994033,0.24868348,0.90316015,0.5879592,0.6922606,-0.41842458,-0.72927755,0.67744493,0.09603417
1356594675046,0.38698912,0.2443695,0.8891136,0.5650626,0.69912475,-0.43809688,-0.72865885,0.67194355,0.1324696
